01/01/2000,BGR,ME,ANE,EN,Towers with Radar,0,26,7,4,37,0,9,18,0,27,0,35,25,4,64,22,6,28,92
01/02/2000,BGR,ME,ANE,EN,Towers with Radar,3,53,15,4,75,0,0,15,0,15,3,53,30,4,90,34,0,34,124
01/03/2000,BGR,ME,ANE,EN,Towers with Radar,4,65,23,17,109,6,0,5,9,20,10,65,28,26,129,30,54,84,213
01/04/2000,BGR,ME,ANE,EN,Towers with Radar,0,64,17,12,93,0,13,0,0,13,0,77,17,12,106,0,10,10,116
01/05/2000,BGR,ME,ANE,EN,Towers with Radar,4,69,21,15,109,0,4,9,10,23,4,73,30,25,132,9,37,46,178
01/06/2000,BGR,ME,ANE,EN,Towers with Radar,4,74,24,18,120,0,0,36,34,70,4,74,60,52,190,72,122,194,384
01/07/2000,BGR,ME,ANE,EN,Towers with Radar,6,76,18,27,127,0,0,3,2,5,6,76,21,29,132,10,46,56,188
01/08/2000,BGR,ME,ANE,EN,Towers with Radar,2,58,19,14,93,0,0,29,23,52,2,58,48,37,145,40,26,66,211
01/09/2000,BGR,ME,ANE,EN,Towers with Radar,4,50,16,11,81,1,0,47,14,62,5,50,63,25,143,76,70,146,289
01/10/2000,BGR,ME,ANE,EN,Towers with Radar,1,63,20,15,99,0,0,11,2,13,1,63,31,17,112,42,28,70,182
01/11/2000,BGR,ME,ANE,EN,Towers with Radar,0,67,21,16,104,0,10,15,6,31,0,77,36,22,135,17,36,53,188
01/12/2000,BGR,ME,ANE,EN,Towers with Radar,5,73,22,17,117,0,0,33,0,33,5,73,55,17,150,32,2,34,184
01/13/2000,BGR,ME,ANE,EN,Towers with Radar,4,66,22,17,109,0,0,37,15,52,4,66,59,32,161,58,88,146,307
01/14/2000,BGR,ME,ANE,EN,Towers with Radar,4,50,12,9,75,0,16,0,0,16,4,66,12,9,91,7,0,7,98
01/15/2000,BGR,ME,ANE,EN,Towers with Radar,1,40,13,6,60,0,18,22,0,40,1,58,35,6,100,38,0,38,138
01/16/2000,BGR,ME,ANE,EN,Towers with Radar,2,25,6,0,33,0,16,0,0,16,2,41,6,0,49,0,0,0,49
01/17/2000,BGR,ME,ANE,EN,Towers with Radar,2,31,4,2,39,4,7,0,0,11,6,38,4,2,50,0,0,0,50
01/18/2000,BGR,ME,ANE,EN,Towers with Radar,0,74,23,18,115,0,2,27,13,42,0,76,50,31,157,52,76,128,285
01/19/2000,BGR,ME,ANE,EN,Towers with Radar,4,75,23,18,120,0,2,32,14,48,4,77,55,32,168,36,112,148,316
01/20/2000,BGR,ME,ANE,EN,Towers with Radar,6,68,26,21,121,0,0,24,19,43,6,68,50,40,164,26,82,108,272
01/21/2000,BGR,ME,ANE,EN,Towers with Radar,2,46,6,2,56,4,5,0,0,9,6,51,6,2,65,0,0,0,65
01/22/2000,BGR,ME,ANE,EN,Towers with Radar,2,41,13,4,60,0,7,11,0,18,2,48,24,4,78,12,2,14,92
01/23/2000,BGR,ME,ANE,EN,Towers with Radar,2,46,14,3,65,1,7,32,0,40,3,53,46,3,105,52,0,52,157
01/24/2000,BGR,ME,ANE,EN,Towers with Radar,2,65,19,16,102,0,0,0,5,5,2,65,19,21,107,2,34,36,143
01/25/2000,BGR,ME,ANE,EN,Towers with Radar,2,27,11,9,49,0,0,9,10,19,2,27,20,19,68,4,18,22,90
01/26/2000,BGR,ME,ANE,EN,Towers with Radar,4,69,21,6,100,2,0,12,0,14,6,69,33,6,114,0,0,0,114
01/27/2000,BGR,ME,ANE,EN,Towers with Radar,5,77,24,21,127,0,0,16,20,36,5,77,40,41,163,4,94,98,261
01/28/2000,BGR,ME,ANE,EN,Towers with Radar,4,67,22,19,112,7,0,24,22,53,11,67,46,41,165,24,62,86,251
01/29/2000,BGR,ME,ANE,EN,Towers with Radar,2,45,13,2,62,0,9,46,0,55,2,54,59,2,117,52,0,52,169
01/30/2000,BGR,ME,ANE,EN,Towers with Radar,2,43,12,7,64,1,6,59,0,66,3,49,71,7,130,90,0,90,220
01/31/2000,BGR,ME,ANE,EN,Towers with Radar,3,56,16,4,79,3,12,2,0,17,6,68,18,4,96,0,0,0,96
02/01/2000,BGR,ME,ANE,EN,Towers with Radar,1,80,30,24,135,0,0,29,17,46,1,80,59,41,181,16,80,96,277
02/02/2000,BGR,ME,ANE,EN,Towers with Radar,5,76,31,22,134,0,0,31,0,31,5,76,62,22,165,32,66,98,263
02/03/2000,BGR,ME,ANE,EN,Towers with Radar,5,74,33,26,138,0,0,40,12,52,5,74,73,38,190,36,94,130,320
02/04/2000,BGR,ME,ANE,EN,Towers with Radar,8,76,28,23,135,0,0,25,17,42,8,76,53,40,177,72,88,160,337
02/05/2000,BGR,ME,ANE,EN,Towers with Radar,5,53,21,17,96,0,0,36,18,54,5,53,57,35,150,27,53,80,230
02/06/2000,BGR,ME,ANE,EN,Towers with Radar,4,46,17,14,81,1,8,8,7,24,5,54,25,21,105,2,24,26,131
02/07/2000,BGR,ME,ANE,EN,Towers with Radar,1,60,23,18,102,0,9,6,7,22,1,69,29,25,124,4,56,60,184
02/08/2000,BGR,ME,ANE,EN,Towers with Radar,6,71,27,21,125,1,2,36,16,55,7,73,63,37,180,38,48,86,266
02/09/2000,BGR,ME,ANE,EN,Towers with Radar,6,69,26,21,122,2,11,10,10,33,8,80,36,31,155,7,46,53,208
02/10/2000,BGR,ME,ANE,EN,Towers with Radar,7,79,31,25,142,6,0,39,5,50,13,79,70,30,192,55,53,108,300
02/11/2000,BGR,ME,ANE,EN,Towers with Radar,4,50,18,1,73,3,12,0,0,15,7,62,18,1,88,4,0,4,92
02/12/2000,BGR,ME,ANE,EN,Towers with Radar,2,38,15,5,60,0,19,30,0,49,2,57,45,5,109,45,3,48,157
02/13/2000,BGR,ME,ANE,EN,Towers with Radar,2,43,15,7,67,0,12,42,0,54,2,55,57,7,121,28,6,34,155
02/14/2000,BGR,ME,ANE,EN,Towers with Radar,2,28,4,1,35,4,7,0,0,11,6,35,4,1,46,0,0,0,46
02/15/2000,BGR,ME,ANE,EN,Towers with Radar,0,69,24,20,113,0,16,30,3,49,0,85,54,23,162,7,29,36,198
02/16/2000,BGR,ME,ANE,EN,Towers with Radar,6,76,27,12,121,0,4,5,0,9,6,80,32,12,130,19,5,24,154
02/17/2000,BGR,ME,ANE,EN,Towers with Radar,5,72,26,22,125,3,8,14,19,44,8,80,40,41,169,6,30,36,205
02/18/2000,BGR,ME,ANE,EN,Towers with Radar,5,52,25,22,104,18,0,25,2,45,23,52,50,24,149,22,26,48,197
02/19/2000,BGR,ME,ANE,EN,Towers with Radar,2,32,11,1,46,0,7,3,0,10,2,39,14,1,56,0,0,0,56
02/20/2000,BGR,ME,ANE,EN,Towers with Radar,3,45,16,7,71,1,12,13,0,26,4,57,29,7,97,8,4,12,109
02/21/2000,BGR,ME,ANE,EN,Towers with Radar,1,53,19,9,82,0,14,24,0,38,1,67,43,9,120,29,1,30,150
02/22/2000,BGR,ME,ANE,EN,Towers with Radar,0,78,29,25,132,0,0,20,24,44,0,78,49,49,176,71,73,144,320
02/23/2000,BGR,ME,ANE,EN,Towers with Radar,4,76,31,27,138,0,0,14,14,28,4,76,45,41,166,12,71,83,249
02/24/2000,BGR,ME,ANE,EN,Towers with Radar,5,78,30,26,139,0,0,31,24,55,5,78,61,50,194,21,40,61,255
02/25/2000,BGR,ME,ANE,EN,Towers with Radar,5,71,26,23,125,2,0,24,16,42,7,71,50,39,167,25,44,69,236
02/26/2000,BGR,ME,ANE,EN,Towers with Radar,3,50,17,5,75,0,11,29,0,40,3,61,46,5,115,6,3,9,124
02/27/2000,BGR,ME,ANE,EN,Towers with Radar,2,30,10,8,50,0,9,2,0,11,2,39,12,8,61,0,0,0,61
02/28/2000,BGR,ME,ANE,EN,Towers with Radar,4,54,19,0,77,4,4,9,0,17,8,58,28,0,94,14,0,14,108
02/29/2000,BGR,ME,ANE,EN,Towers with Radar,2,73,26,22,123,0,3,12,6,21,2,76,38,28,144,5,30,35,179
03/01/2000,BGR,ME,ANE,EN,Towers with Radar,9,69,24,18,120,5,12,26,0,43,14,81,50,18,163,53,8,61,224
03/02/2000,BGR,ME,ANE,EN,Towers with Radar,8,72,24,8,112,1,2,11,0,14,9,74,35,8,126,0,0,0,126
03/03/2000,BGR,ME,ANE,EN,Towers with Radar,7,65,22,8,102,1,8,1,0,10,8,73,23,8,112,1,42,43,155
03/04/2000,BGR,ME,ANE,EN,Towers with Radar,6,55,19,14,94,1,2,4,18,25,7,57,23,32,119,0,19,19,138
03/05/2000,BGR,ME,ANE,EN,Towers with Radar,7,54,18,14,93,2,0,25,21,48,9,54,43,35,141,9,31,40,181
03/06/2000,BGR,ME,ANE,EN,Towers with Radar,9,69,24,18,120,1,0,23,22,46,10,69,47,40,166,23,44,67,233
03/07/2000,BGR,ME,ANE,EN,Towers with Radar,3,65,23,17,108,0,12,46,21,79,3,77,69,38,187,16,13,29,216
03/08/2000,BGR,ME,ANE,EN,Towers with Radar,10,79,28,21,138,3,0,47,15,65,13,79,75,36,203,38,11,49,252
03/09/2000,BGR,ME,ANE,EN,Towers with Radar,10,78,27,20,135,1,1,14,2,18,11,79,41,22,153,14,14,28,181
03/10/2000,BGR,ME,ANE,EN,Towers with Radar,8,66,23,17,114,3,15,12,1,31,11,81,35,18,145,2,4,6,151
03/11/2000,BGR,ME,ANE,EN,Towers with Radar,6,50,18,10,84,0,13,30,0,43,6,63,48,10,127,14,25,39,166
03/12/2000,BGR,ME,ANE,EN,Towers with Radar,6,43,7,12,68,1,10,0,4,15,7,53,7,16,83,0,0,0,83
03/13/2000,BGR,ME,ANE,EN,Towers with Radar,9,62,22,17,110,0,1,16,11,28,9,63,38,28,138,4,49,53,191
03/14/2000,BGR,ME,ANE,EN,Towers with Radar,0,75,28,21,124,0,0,25,53,78,0,75,53,74,202,20,108,128,330
03/15/2000,BGR,ME,ANE,EN,Towers with Radar,9,74,26,20,129,0,4,27,20,51,9,78,53,40,180,27,30,57,237
03/16/2000,BGR,ME,ANE,EN,Towers with Radar,11,69,31,22,133,0,0,35,19,54,11,69,66,41,187,39,21,60,247
03/17/2000,BGR,ME,ANE,EN,Towers with Radar,8,52,19,4,83,2,10,1,0,13,10,62,20,4,96,0,0,0,96
03/18/2000,BGR,ME,ANE,EN,Towers with Radar,4,40,15,9,68,0,17,34,0,51,4,57,49,9,119,5,1,6,125
03/19/2000,BGR,ME,ANE,EN,Towers with Radar,7,49,18,7,81,0,8,76,0,84,7,57,94,7,165,45,17,62,227
03/20/2000,BGR,ME,ANE,EN,Towers with Radar,7,58,21,14,100,0,10,21,5,36,7,68,42,19,136,21,17,38,174
03/21/2000,BGR,ME,ANE,EN,Towers with Radar,6,69,25,17,117,0,4,64,9,77,6,73,89,26,194,48,75,123,317
03/22/2000,BGR,ME,ANE,EN,Towers with Radar,12,75,30,21,138,0,0,58,16,74,12,75,88,37,212,33,33,66,278
03/23/2000,BGR,ME,ANE,EN,Towers with Radar,10,70,26,18,124,5,0,54,17,76,15,70,80,35,200,3,16,19,219
03/24/2000,BGR,ME,ANE,EN,Towers with Radar,9,61,22,15,107,0,10,50,6,66,9,71,72,21,173,23,54,77,250
03/25/2000,BGR,ME,ANE,EN,Towers with Radar,7,47,17,7,78,1,8,66,0,75,8,55,83,7,153,43,4,47,200
03/26/2000,BGR,ME,ANE,EN,Towers with Radar,5,39,15,3,62,1,5,34,0,40,6,44,49,3,102,24,4,28,130
03/27/2000,BGR,ME,ANE,EN,Towers with Radar,6,56,21,14,97,0,6,22,12,40,6,62,43,26,137,19,45,64,201
03/28/2000,BGR,ME,ANE,EN,Towers with Radar,3,63,22,13,101,0,7,0,0,7,3,70,22,13,108,0,4,4,112
03/29/2000,BGR,ME,ANE,EN,Towers with Radar,12,76,31,22,141,0,0,0,10,10,12,76,31,32,151,6,25,31,182
03/30/2000,BGR,ME,ANE,EN,Towers with Radar,12,72,30,21,135,6,0,30,11,47,18,72,60,32,182,23,61,84,266
03/31/2000,BGR,ME,ANE,EN,Towers with Radar,11,76,27,20,134,3,0,26,16,45,14,76,53,36,179,10,56,66,245
04/01/2000,BGR,ME,ANE,EN,Towers with Radar,3,45,20,13,81,0,9,56,17,82,3,54,76,30,163,15,15,30,193
04/02/2000,BGR,ME,ANE,EN,Towers with Radar,4,50,22,14,90,0,0,29,9,38,4,50,51,23,128,11,8,19,147
04/03/2000,BGR,ME,ANE,EN,Towers with Radar,4,65,30,18,117,0,0,15,10,25,4,65,45,28,142,62,80,142,284
04/04/2000,BGR,ME,ANE,EN,Towers with Radar,2,65,29,8,104,0,5,5,0,10,2,70,34,8,114,0,4,4,118
04/05/2000,BGR,ME,ANE,EN,Towers with Radar,6,77,39,25,147,0,0,18,33,51,6,77,57,58,198,44,118,162,360
04/06/2000,BGR,ME,ANE,EN,Towers with Radar,7,76,34,21,138,2,0,42,19,63,9,76,76,40,201,38,38,76,277
04/07/2000,BGR,ME,ANE,EN,Towers with Radar,7,70,32,18,127,1,4,43,0,48,8,74,75,18,175,14,21,35,210
04/08/2000,BGR,ME,ANE,EN,Towers with Radar,5,49,22,12,88,0,2,1,0,3,5,51,23,12,91,25,17,42,133
04/09/2000,BGR,ME,ANE,EN,Towers with Radar,3,29,8,5,45,4,12,0,0,16,7,41,8,5,61,0,0,0,61
04/10/2000,BGR,ME,ANE,EN,Towers with Radar,4,61,27,17,109,0,20,0,3,23,4,81,27,20,132,4,68,72,204
04/11/2000,BGR,ME,ANE,EN,Towers with Radar,2,73,33,20,128,0,8,33,12,53,2,81,66,32,181,47,56,103,284
04/12/2000,BGR,ME,ANE,EN,Towers with Radar,7,71,32,11,121,0,15,6,0,21,7,86,38,11,142,4,34,38,180
04/13/2000,BGR,ME,ANE,EN,Towers with Radar,5,64,29,18,116,3,8,43,12,66,8,72,72,30,182,77,101,178,360
04/14/2000,BGR,ME,ANE,EN,Towers with Radar,6,68,31,19,124,0,8,38,10,56,6,76,69,29,180,31,40,71,251
04/15/2000,BGR,ME,ANE,EN,Towers with Radar,4,52,23,14,93,2,5,39,5,51,6,57,62,19,144,27,30,57,201
04/16/2000,BGR,ME,ANE,EN,Towers with Radar,4,43,20,13,80,1,0,11,2,14,5,43,31,15,94,57,6,63,157
04/17/2000,BGR,ME,ANE,EN,Towers with Radar,4,53,22,10,89,2,1,38,0,41,6,54,60,10,130,41,16,57,187
04/18/2000,BGR,ME,ANE,EN,Towers with Radar,1,63,27,18,109,0,10,35,22,67,1,73,62,40,176,95,51,146,322
04/19/2000,BGR,ME,ANE,EN,Towers with Radar,5,76,35,21,137,0,0,9,0,9,5,76,44,21,146,20,0,20,166
04/20/2000,BGR,ME,ANE,EN,Towers with Radar,7,76,37,25,145,1,0,21,22,44,8,76,58,47,189,56,91,147,336
04/21/2000,BGR,ME,ANE,EN,Towers with Radar,6,63,32,13,114,4,0,26,0,30,10,63,58,13,144,4,50,54,198
04/22/2000,BGR,ME,ANE,EN,Towers with Radar,3,40,12,7,62,3,7,0,0,10,6,47,12,7,72,0,0,0,72
04/23/2000,BGR,ME,ANE,EN,Towers with Radar,2,28,11,1,42,2,8,4,0,14,4,36,15,1,56,0,0,0,56
04/24/2000,BGR,ME,ANE,EN,Towers with Radar,5,56,25,10,96,1,0,1,0,2,6,56,26,10,98,30,0,30,128
04/25/2000,BGR,ME,ANE,EN,Towers with Radar,0,77,33,22,132,0,1,39,20,60,0,78,72,42,192,72,17,89,281
04/26/2000,BGR,ME,ANE,EN,Towers with Radar,4,70,31,21,126,0,0,36,24,60,4,70,67,45,186,13,71,84,270
04/27/2000,BGR,ME,ANE,EN,Towers with Radar,5,63,27,18,113,0,3,4,0,7,5,66,31,18,120,10,8,18,138
04/28/2000,BGR,ME,ANE,EN,Towers with Radar,7,82,36,24,149,1,0,18,19,38,8,82,54,43,187,32,95,127,314
04/29/2000,BGR,ME,ANE,EN,Towers with Radar,4,50,22,15,91,5,0,70,4,79,9,50,92,19,170,56,19,75,245
04/30/2000,BGR,ME,ANE,EN,Towers with Radar,4,47,20,9,80,5,6,22,0,33,9,53,42,9,113,21,9,30,143
05/01/2000,BGR,ME,ANE,EN,Towers with Radar,5,56,27,23,111,2,11,42,6,61,7,67,69,29,172,40,82,122,294
05/02/2000,BGR,ME,ANE,EN,Towers with Radar,6,61,30,24,121,4,10,23,24,61,10,71,53,48,182,52,101,153,335
05/03/2000,BGR,ME,ANE,EN,Towers with Radar,5,49,24,18,96,0,23,64,0,87,5,72,88,18,183,113,28,141,324
05/04/2000,BGR,ME,ANE,EN,Towers with Radar,7,62,30,25,124,2,16,41,12,71,9,78,71,37,195,44,119,163,358
05/05/2000,BGR,ME,ANE,EN,Towers with Radar,7,71,34,28,140,0,13,42,9,64,7,84,76,37,204,83,57,140,344
05/06/2000,BGR,ME,ANE,EN,Towers with Radar,4,37,18,15,74,0,13,56,2,71,4,50,74,17,145,74,54,128,273
05/07/2000,BGR,ME,ANE,EN,Towers with Radar,6,44,22,16,88,0,3,28,0,31,6,47,50,16,119,31,40,71,190
05/08/2000,BGR,ME,ANE,EN,Towers with Radar,5,49,24,20,98,1,13,24,0,38,6,62,48,20,136,64,71,135,271
05/09/2000,BGR,ME,ANE,EN,Towers with Radar,6,63,31,17,117,0,12,1,0,13,6,75,32,17,130,0,0,0,130
05/10/2000,BGR,ME,ANE,EN,Towers with Radar,4,63,39,31,137,0,0,10,0,10,4,63,49,31,147,0,37,37,184
05/11/2000,BGR,ME,ANE,EN,Towers with Radar,12,81,49,40,182,5,0,15,30,50,17,81,64,70,232,44,79,123,355
05/12/2000,BGR,ME,ANE,EN,Towers with Radar,9,69,34,28,140,0,2,72,22,96,9,71,106,50,236,128,76,204,440
05/13/2000,BGR,ME,ANE,EN,Towers with Radar,5,41,21,6,73,1,5,34,0,40,6,46,55,6,113,100,10,110,223
05/14/2000,BGR,ME,ANE,EN,Towers with Radar,7,40,22,2,71,0,1,24,1,26,7,41,46,3,97,22,3,25,122
05/15/2000,BGR,ME,ANE,EN,Towers with Radar,6,58,30,23,117,0,9,29,13,51,6,67,59,36,168,48,58,106,274
05/16/2000,BGR,ME,ANE,EN,Towers with Radar,6,64,32,26,128,0,14,54,15,83,6,78,86,41,211,15,98,113,324
05/17/2000,BGR,ME,ANE,EN,Towers with Radar,6,56,29,17,108,1,34,70,0,105,7,90,99,17,213,83,87,170,383
05/18/2000,BGR,ME,ANE,EN,Towers with Radar,8,61,32,27,128,1,0,0,4,5,9,61,32,31,133,0,24,24,157
05/19/2000,BGR,ME,ANE,EN,Towers with Radar,8,70,36,29,143,0,0,37,18,55,8,70,73,47,198,26,46,72,270
05/20/2000,BGR,ME,ANE,EN,Towers with Radar,5,46,24,19,94,0,6,64,3,73,5,52,88,22,167,66,44,110,277
05/21/2000,BGR,ME,ANE,EN,Towers with Radar,4,41,21,8,74,5,5,46,0,56,9,46,67,8,130,26,15,41,171
05/22/2000,BGR,ME,ANE,EN,Towers with Radar,5,58,30,20,113,0,11,24,0,35,5,69,54,20,148,34,17,51,199
05/23/2000,BGR,ME,ANE,EN,Towers with Radar,6,71,36,29,142,0,4,4,13,21,6,75,40,42,163,9,91,100,263
05/24/2000,BGR,ME,ANE,EN,Towers with Radar,6,69,41,33,149,0,0,9,35,44,6,69,50,68,193,3,119,122,315
05/25/2000,BGR,ME,ANE,EN,Towers with Radar,4,72,41,33,150,0,0,12,0,12,4,72,53,33,162,0,16,16,178
05/26/2000,BGR,ME,ANE,EN,Towers with Radar,10,82,45,36,173,3,0,51,5,59,13,82,96,41,232,67,229,296,528
05/27/2000,BGR,ME,ANE,EN,Towers with Radar,5,44,23,10,82,3,0,124,0,127,8,44,147,10,209,60,120,180,389
05/28/2000,BGR,ME,ANE,EN,Towers with Radar,4,35,19,16,74,1,0,28,1,30,5,35,47,17,104,16,30,46,150
05/29/2000,BGR,ME,ANE,EN,Towers with Radar,4,39,28,9,80,0,0,18,0,18,4,39,46,9,98,17,16,33,131
05/30/2000,BGR,ME,ANE,EN,Towers with Radar,5,64,33,27,129,0,0,68,17,85,5,64,101,44,214,32,70,102,316
05/31/2000,BGR,ME,ANE,EN,Towers with Radar,8,75,37,30,150,0,6,34,31,71,8,81,71,61,221,26,81,107,328
06/01/2000,BGR,ME,ANE,EN,Towers with Radar,8,75,28,34,145,2,4,49,11,66,10,79,77,45,211,59,172,231,442
06/02/2000,BGR,ME,ANE,EN,Towers with Radar,5,64,32,19,120,1,8,30,22,61,6,72,62,41,181,17,43,60,241
06/03/2000,BGR,ME,ANE,EN,Towers with Radar,5,57,28,17,107,0,0,30,26,56,5,57,58,43,163,30,45,75,238
06/04/2000,BGR,ME,ANE,EN,Towers with Radar,5,48,24,14,91,6,2,47,1,56,11,50,71,15,147,33,7,40,187
06/05/2000,BGR,ME,ANE,EN,Towers with Radar,6,56,27,17,106,1,17,33,0,51,7,73,60,17,157,23,21,44,201
06/06/2000,BGR,ME,ANE,EN,Towers with Radar,6,65,32,20,123,5,9,21,14,49,11,74,53,34,172,11,60,71,243
06/07/2000,BGR,ME,ANE,EN,Towers with Radar,7,72,35,22,136,3,23,19,12,57,10,95,54,34,193,53,127,180,373
06/08/2000,BGR,ME,ANE,EN,Towers with Radar,6,65,32,20,123,0,12,78,1,91,6,77,110,21,214,82,75,157,371
06/09/2000,BGR,ME,ANE,EN,Towers with Radar,7,82,40,25,154,0,5,54,6,65,7,87,94,31,219,94,102,196,415
06/10/2000,BGR,ME,ANE,EN,Towers with Radar,5,54,26,14,99,4,5,97,0,106,9,59,123,14,205,53,69,122,327
06/11/2000,BGR,ME,ANE,EN,Towers with Radar,4,57,29,4,94,0,0,1,0,1,4,57,30,4,95,1,1,2,97
06/12/2000,BGR,ME,ANE,EN,Towers with Radar,6,72,35,22,135,0,2,65,5,72,6,74,100,27,207,51,53,104,311
06/13/2000,BGR,ME,ANE,EN,Towers with Radar,5,71,35,22,133,0,12,41,22,75,5,83,76,44,208,38,124,162,370
06/14/2000,BGR,ME,ANE,EN,Towers with Radar,5,81,39,25,150,0,16,44,30,90,5,97,83,55,240,24,106,130,370
06/15/2000,BGR,ME,ANE,EN,Towers with Radar,6,90,44,29,169,0,0,21,4,25,6,90,65,33,194,29,45,74,268
06/16/2000,BGR,ME,ANE,EN,Towers with Radar,5,86,43,28,162,0,0,39,5,44,5,86,82,33,206,32,131,163,369
06/17/2000,BGR,ME,ANE,EN,Towers with Radar,4,48,24,10,86,3,2,29,0,34,7,50,53,10,120,34,32,66,186
06/18/2000,BGR,ME,ANE,EN,Towers with Radar,4,56,27,8,95,0,2,43,0,45,4,58,70,8,140,48,20,68,208
06/19/2000,BGR,ME,ANE,EN,Towers with Radar,5,63,31,15,114,1,14,46,0,61,6,77,77,15,175,23,33,56,231
06/20/2000,BGR,ME,ANE,EN,Towers with Radar,4,74,36,23,137,0,11,75,14,100,4,85,111,37,237,77,76,153,390
06/21/2000,BGR,ME,ANE,EN,Towers with Radar,3,81,39,24,147,0,3,64,6,73,3,84,103,30,220,39,57,96,316
06/22/2000,BGR,ME,ANE,EN,Towers with Radar,4,84,44,27,159,0,0,40,15,55,4,84,84,42,214,37,91,128,342
06/23/2000,BGR,ME,ANE,EN,Towers with Radar,4,82,40,25,151,0,0,58,14,72,4,82,98,39,223,48,57,105,328
06/24/2000,BGR,ME,ANE,EN,Towers with Radar,4,45,22,13,84,0,2,71,11,84,4,47,93,24,168,98,52,150,318
06/25/2000,BGR,ME,ANE,EN,Towers with Radar,5,51,30,19,105,0,0,44,0,44,5,51,74,19,149,19,16,35,184
06/26/2000,BGR,ME,ANE,EN,Towers with Radar,5,66,32,20,123,1,11,55,3,70,6,77,87,23,193,46,28,74,267
06/27/2000,BGR,ME,ANE,EN,Towers with Radar,8,87,47,30,172,0,0,26,22,48,8,87,73,52,220,13,58,71,291
06/28/2000,BGR,ME,ANE,EN,Towers with Radar,7,88,42,26,163,4,8,64,25,101,11,96,106,51,264,82,114,196,460
06/29/2000,BGR,ME,ANE,EN,Towers with Radar,8,85,30,22,145,0,6,63,12,81,8,91,93,34,226,99,41,140,366
06/30/2000,BGR,ME,ANE,EN,Towers with Radar,7,83,59,23,172,0,0,33,0,33,7,83,92,23,205,0,7,7,212
07/01/2000,BGR,ME,ANE,EN,Towers with Radar,8,58,34,1,101,2,0,82,0,84,10,58,116,1,185,91,23,114,299
07/02/2000,BGR,ME,ANE,EN,Towers with Radar,6,48,23,3,80,0,6,61,0,67,6,54,84,3,147,46,18,64,211
07/03/2000,BGR,ME,ANE,EN,Towers with Radar,6,56,27,2,91,1,10,33,0,44,7,66,60,2,135,9,5,14,149
07/04/2000,BGR,ME,ANE,EN,Towers with Radar,3,47,30,11,91,0,0,13,0,13,3,47,43,11,104,5,5,10,114
07/05/2000,BGR,ME,ANE,EN,Towers with Radar,7,68,34,21,130,1,15,27,13,56,8,83,61,34,186,48,89,137,323
07/06/2000,BGR,ME,ANE,EN,Towers with Radar,5,67,33,20,125,0,29,57,20,106,5,96,90,40,231,80,92,172,403
07/07/2000,BGR,ME,ANE,EN,Towers with Radar,7,71,35,17,130,0,18,67,0,85,7,89,102,17,215,91,44,135,350
07/08/2000,BGR,ME,ANE,EN,Towers with Radar,7,72,35,13,127,5,4,38,0,47,12,76,73,13,174,55,43,98,272
07/09/2000,BGR,ME,ANE,EN,Towers with Radar,4,56,29,9,98,0,0,44,0,44,4,56,73,9,142,26,20,46,188
07/10/2000,BGR,ME,ANE,EN,Towers with Radar,6,84,41,25,156,0,0,25,25,50,6,84,66,50,206,5,44,49,255
07/11/2000,BGR,ME,ANE,EN,Towers with Radar,8,76,37,23,144,0,18,54,14,86,8,94,91,37,230,72,40,112,342
07/12/2000,BGR,ME,ANE,EN,Towers with Radar,7,83,41,25,156,6,7,70,23,106,13,90,111,48,262,76,195,271,533
07/13/2000,BGR,ME,ANE,EN,Towers with Radar,7,90,44,27,168,0,11,71,41,123,7,101,115,68,291,179,161,340,631
07/14/2000,BGR,ME,ANE,EN,Towers with Radar,5,80,46,28,159,0,0,39,46,85,5,80,85,74,244,119,116,235,479
07/15/2000,BGR,ME,ANE,EN,Towers with Radar,6,60,34,21,121,5,0,18,11,34,11,60,52,32,155,52,116,168,323
07/16/2000,BGR,ME,ANE,EN,Towers with Radar,5,41,29,0,75,5,0,4,0,9,10,41,33,0,84,0,0,0,84
07/17/2000,BGR,ME,ANE,EN,Towers with Radar,8,78,45,28,159,0,0,14,4,18,8,78,59,32,177,27,35,62,239
07/18/2000,BGR,ME,ANE,EN,Towers with Radar,6,69,34,17,126,1,21,0,0,22,7,90,34,17,148,1,0,1,149
07/19/2000,BGR,ME,ANE,EN,Towers with Radar,7,92,46,28,173,0,0,59,59,118,7,92,105,87,291,31,155,186,477
07/20/2000,BGR,ME,ANE,EN,Towers with Radar,8,92,45,27,172,0,8,105,28,141,8,100,150,55,313,101,100,201,514
07/21/2000,BGR,ME,ANE,EN,Towers with Radar,8,85,45,26,164,2,0,47,24,73,10,85,92,50,237,106,63,169,406
07/22/2000,BGR,ME,ANE,EN,Towers with Radar,5,68,34,12,119,0,0,3,0,3,5,68,37,12,122,4,50,54,176
07/23/2000,BGR,ME,ANE,EN,Towers with Radar,5,65,34,3,107,0,0,59,0,59,5,65,93,3,166,74,16,90,256
07/24/2000,BGR,ME,ANE,EN,Towers with Radar,4,67,33,19,123,0,16,58,3,77,4,83,91,22,200,44,36,80,280
07/25/2000,BGR,ME,ANE,EN,Towers with Radar,8,85,42,25,160,1,1,65,41,108,9,86,107,66,268,43,75,118,386
07/26/2000,BGR,ME,ANE,EN,Towers with Radar,6,69,35,20,130,3,22,31,29,85,9,91,66,49,215,69,73,142,357
07/27/2000,BGR,ME,ANE,EN,Towers with Radar,4,83,45,26,158,0,0,11,44,55,4,83,56,70,213,25,49,74,287
07/28/2000,BGR,ME,ANE,EN,Towers with Radar,4,85,47,22,158,0,0,27,0,27,4,85,74,22,185,8,30,38,223
07/29/2000,BGR,ME,ANE,EN,Towers with Radar,4,72,36,21,133,0,0,49,17,66,4,72,85,38,199,70,53,123,322
07/30/2000,BGR,ME,ANE,EN,Towers with Radar,8,50,46,1,105,0,1,17,7,25,8,51,63,8,130,6,6,12,142
07/31/2000,BGR,ME,ANE,EN,Towers with Radar,7,70,35,12,124,0,4,44,0,48,7,74,79,12,172,90,40,130,302
08/01/2000,BGR,ME,ANE,EN,Towers with Radar,8,79,37,24,148,0,3,35,27,65,8,82,72,51,213,53,187,240,453
08/02/2000,BGR,ME,ANE,EN,Towers with Radar,4,79,40,19,142,0,0,17,0,17,4,79,57,19,159,0,0,0,159
08/03/2000,BGR,ME,ANE,EN,Towers with Radar,7,86,41,26,160,0,12,18,7,37,7,98,59,33,197,5,46,51,248
08/04/2000,BGR,ME,ANE,EN,Towers with Radar,7,84,42,27,160,0,0,48,21,69,7,84,90,48,229,71,119,190,419
08/05/2000,BGR,ME,ANE,EN,Towers with Radar,6,60,28,18,112,0,8,45,8,61,6,68,73,26,173,62,45,107,280
08/06/2000,BGR,ME,ANE,EN,Towers with Radar,6,57,31,15,109,0,0,72,0,72,6,57,103,15,181,95,18,113,294
08/07/2000,BGR,ME,ANE,EN,Towers with Radar,5,79,37,11,132,0,21,14,0,35,5,100,51,11,167,0,0,0,167
08/08/2000,BGR,ME,ANE,EN,Towers with Radar,5,72,34,22,133,0,13,41,21,75,5,85,75,43,208,46,63,109,317
08/09/2000,BGR,ME,ANE,EN,Towers with Radar,8,84,39,25,156,3,11,39,3,56,11,95,78,28,212,51,24,75,287
08/10/2000,BGR,ME,ANE,EN,Towers with Radar,8,84,39,25,156,3,0,32,30,65,11,84,71,55,221,32,106,138,359
08/11/2000,BGR,ME,ANE,EN,Towers with Radar,7,82,39,25,153,0,10,69,8,87,7,92,108,33,240,80,47,127,367
08/12/2000,BGR,ME,ANE,EN,Towers with Radar,6,58,32,6,102,0,0,50,0,50,6,58,82,6,152,11,11,22,174
08/13/2000,BGR,ME,ANE,EN,Towers with Radar,5,57,43,10,115,0,0,49,0,49,5,57,92,10,164,54,31,85,249
08/14/2000,BGR,ME,ANE,EN,Towers with Radar,7,79,38,24,148,2,0,0,13,15,9,79,38,37,163,72,59,131,294
08/15/2000,BGR,ME,ANE,EN,Towers with Radar,9,90,46,29,174,9,0,2,0,11,18,90,48,29,185,1,3,4,189
08/16/2000,BGR,ME,ANE,EN,Towers with Radar,7,82,44,28,161,0,0,13,1,14,7,82,57,29,175,1,54,55,230
08/17/2000,BGR,ME,ANE,EN,Towers with Radar,8,95,46,29,178,0,0,41,43,84,8,95,87,72,262,61,127,188,450
08/18/2000,BGR,ME,ANE,EN,Towers with Radar,7,83,39,25,154,0,2,54,45,101,7,85,93,70,255,93,142,235,490
08/19/2000,BGR,ME,ANE,EN,Towers with Radar,6,63,32,16,117,2,0,43,0,45,8,63,75,16,162,65,19,84,246
08/20/2000,BGR,ME,ANE,EN,Towers with Radar,6,58,29,5,98,0,0,21,0,21,6,58,50,5,119,4,2,6,125
08/21/2000,BGR,ME,ANE,EN,Towers with Radar,7,84,38,25,154,0,0,39,40,79,7,84,77,65,233,46,135,181,414
08/22/2000,BGR,ME,ANE,EN,Towers with Radar,5,67,30,20,122,3,26,54,23,106,8,93,84,43,228,21,67,88,316
08/23/2000,BGR,ME,ANE,EN,Towers with Radar,4,90,31,37,162,1,5,50,17,73,5,95,81,54,235,53,261,314,549
08/24/2000,BGR,ME,ANE,EN,Towers with Radar,6,83,37,26,152,0,11,36,7,54,6,94,73,33,206,26,87,113,319
08/25/2000,BGR,ME,ANE,EN,Towers with Radar,8,88,40,27,163,1,6,81,35,123,9,94,121,62,286,84,142,226,512
08/26/2000,BGR,ME,ANE,EN,Towers with Radar,5,59,27,18,109,7,0,66,3,76,12,59,93,21,185,64,61,125,310
08/27/2000,BGR,ME,ANE,EN,Towers with Radar,5,62,32,5,104,0,0,41,0,41,5,62,73,5,145,26,8,34,179
08/28/2000,BGR,ME,ANE,EN,Towers with Radar,4,77,35,24,140,0,4,56,1,61,4,81,91,25,201,24,42,66,267
08/29/2000,BGR,ME,ANE,EN,Towers with Radar,4,72,33,21,130,0,17,85,28,130,4,89,118,49,260,98,149,247,507
08/30/2000,BGR,ME,ANE,EN,Towers with Radar,5,79,37,23,144,0,12,53,33,98,5,91,90,56,242,27,75,102,344
08/31/2000,BGR,ME,ANE,EN,Towers with Radar,6,77,36,23,142,0,21,47,17,85,6,98,83,40,227,14,64,78,305
09/01/2000,BGR,ME,ANE,EN,Towers with Radar,6,87,42,28,163,0,0,40,4,44,6,87,82,32,207,34,69,103,310
09/02/2000,BGR,ME,ANE,EN,Towers with Radar,7,54,32,5,98,0,0,10,0,10,7,54,42,5,108,11,11,22,130
09/03/2000,BGR,ME,ANE,EN,Towers with Radar,5,51,32,7,95,0,0,29,0,29,5,51,61,7,124,2,28,30,154
09/04/2000,BGR,ME,ANE,EN,Towers with Radar,5,56,40,2,103,0,0,15,0,15,5,56,55,2,118,25,7,32,150
09/05/2000,BGR,ME,ANE,EN,Towers with Radar,5,77,40,27,149,0,0,34,47,81,5,77,74,74,230,50,146,196,426
09/06/2000,BGR,ME,ANE,EN,Towers with Radar,6,80,37,26,149,0,22,81,17,120,6,102,118,43,269,75,134,209,478
09/07/2000,BGR,ME,ANE,EN,Towers with Radar,5,77,36,25,143,0,13,43,29,85,5,90,79,54,228,107,109,216,444
09/08/2000,BGR,ME,ANE,EN,Towers with Radar,5,87,41,28,161,0,11,70,75,156,5,98,111,103,317,107,172,279,596
09/09/2000,BGR,ME,ANE,EN,Towers with Radar,5,59,29,21,114,4,0,80,33,117,9,59,109,54,231,50,97,147,378
09/10/2000,BGR,ME,ANE,EN,Towers with Radar,4,53,24,8,89,1,6,82,0,89,5,59,106,8,178,50,13,63,241
09/11/2000,BGR,ME,ANE,EN,Towers with Radar,4,84,39,27,154,0,9,57,4,70,4,93,96,31,224,23,73,96,320
09/12/2000,BGR,ME,ANE,EN,Towers with Radar,3,84,41,28,156,0,0,29,24,53,3,84,70,52,209,34,56,90,299
09/13/2000,BGR,ME,ANE,EN,Towers with Radar,4,77,36,25,142,0,18,35,11,64,4,95,71,36,206,42,72,114,320
09/14/2000,BGR,ME,ANE,EN,Towers with Radar,7,85,40,27,159,1,0,82,15,98,8,85,122,42,257,60,77,137,394
09/15/2000,BGR,ME,ANE,EN,Towers with Radar,7,73,43,27,150,0,0,15,0,15,7,73,58,27,165,30,26,56,221
09/16/2000,BGR,ME,ANE,EN,Towers with Radar,5,55,27,18,105,5,1,18,3,27,10,56,45,21,132,43,66,109,241
09/17/2000,BGR,ME,ANE,EN,Towers with Radar,4,53,25,4,86,5,4,51,0,60,9,57,76,4,146,33,5,38,184
09/18/2000,BGR,ME,ANE,EN,Towers with Radar,6,66,32,21,125,6,21,66,2,95,12,87,98,23,220,79,41,120,340
09/19/2000,BGR,ME,ANE,EN,Towers with Radar,0,76,37,25,138,0,13,34,18,65,0,89,71,43,203,97,79,176,379
09/20/2000,BGR,ME,ANE,EN,Towers with Radar,5,82,42,28,157,0,0,11,6,17,5,82,53,34,174,25,40,65,239
09/21/2000,BGR,ME,ANE,EN,Towers with Radar,8,85,44,30,167,1,0,24,13,38,9,85,68,43,205,75,91,166,371
09/22/2000,BGR,ME,ANE,EN,Towers with Radar,4,84,40,27,155,0,10,59,31,100,4,94,99,58,255,22,101,123,378
09/23/2000,BGR,ME,ANE,EN,Towers with Radar,5,58,30,15,108,7,0,44,0,51,12,58,74,15,159,82,67,149,308
09/24/2000,BGR,ME,ANE,EN,Towers with Radar,5,59,29,3,96,4,4,20,0,28,9,63,49,3,124,9,2,11,135
09/25/2000,BGR,ME,ANE,EN,Towers with Radar,3,58,28,19,108,0,24,48,5,77,3,82,76,24,185,20,69,89,274
09/26/2000,BGR,ME,ANE,EN,Towers with Radar,0,64,31,21,116,0,15,49,13,77,0,79,80,34,193,6,56,62,255
09/27/2000,BGR,ME,ANE,EN,Towers with Radar,6,75,36,24,141,2,14,50,23,89,8,89,86,47,230,57,74,131,361
09/28/2000,BGR,ME,ANE,EN,Towers with Radar,9,87,47,31,174,2,0,16,38,56,11,87,63,69,230,4,50,54,284
09/29/2000,BGR,ME,ANE,EN,Towers with Radar,10,86,24,3,123,2,3,56,2,63,12,89,80,5,186,48,35,83,269
09/30/2000,BGR,ME,ANE,EN,Towers with Radar,4,53,25,4,86,13,3,53,0,69,17,56,78,4,155,45,19,64,219
10/01/2000,BGR,ME,ANE,EN,Towers with Radar,6,62,27,3,98,4,0,58,0,62,10,62,85,3,160,24,12,36,196
10/02/2000,BGR,ME,ANE,EN,Towers with Radar,5,81,34,15,135,0,0,32,5,37,5,81,66,20,172,6,37,43,215
10/03/2000,BGR,ME,ANE,EN,Towers with Radar,4,88,38,18,148,0,0,63,18,81,4,88,101,36,229,83,62,145,374
10/04/2000,BGR,ME,ANE,EN,Towers with Radar,10,101,43,18,172,0,0,48,39,87,10,101,91,57,259,51,104,155,414
10/05/2000,BGR,ME,ANE,EN,Towers with Radar,10,84,44,19,157,0,0,60,21,81,10,84,104,40,238,52,57,109,347
10/06/2000,BGR,ME,ANE,EN,Towers with Radar,11,78,38,19,146,0,0,0,7,7,11,78,38,26,153,2,18,20,173
10/07/2000,BGR,ME,ANE,EN,Towers with Radar,8,66,29,7,110,0,0,33,0,33,8,66,62,7,143,34,16,50,193
10/08/2000,BGR,ME,ANE,EN,Towers with Radar,6,57,24,0,87,0,0,10,0,10,6,57,34,0,97,27,4,31,128
10/09/2000,BGR,ME,ANE,EN,Towers with Radar,5,67,28,2,102,0,7,3,0,10,5,74,31,2,112,3,8,11,123
10/10/2000,BGR,ME,ANE,EN,Towers with Radar,9,75,32,7,123,2,8,11,0,21,11,83,43,7,144,2,22,24,168
10/11/2000,BGR,ME,ANE,EN,Towers with Radar,11,78,39,32,160,0,3,29,7,39,11,81,68,39,199,31,145,176,375
10/12/2000,BGR,ME,ANE,EN,Towers with Radar,8,76,31,13,128,0,17,90,7,114,8,93,121,20,242,78,50,128,370
10/13/2000,BGR,ME,ANE,EN,Towers with Radar,6,78,32,13,129,0,10,79,4,93,6,88,111,17,222,21,35,56,278
10/14/2000,BGR,ME,ANE,EN,Towers with Radar,6,49,21,9,85,0,12,55,7,74,6,61,76,16,159,65,11,76,235
10/15/2000,BGR,ME,ANE,EN,Towers with Radar,5,53,22,8,88,3,9,34,0,46,8,62,56,8,134,14,9,23,157
10/16/2000,BGR,ME,ANE,EN,Towers with Radar,4,68,27,12,111,0,11,36,3,50,4,79,63,15,161,16,20,36,197
10/17/2000,BGR,ME,ANE,EN,Towers with Radar,9,89,36,18,152,6,1,54,7,68,15,90,90,25,220,46,36,82,302
10/18/2000,BGR,ME,ANE,EN,Towers with Radar,4,83,35,14,136,0,0,14,0,14,4,83,49,14,150,0,0,0,150
10/19/2000,BGR,ME,ANE,EN,Towers with Radar,6,79,32,15,132,0,14,18,0,32,6,93,50,15,164,20,8,28,192
10/20/2000,BGR,ME,ANE,EN,Towers with Radar,8,80,32,16,136,5,17,77,6,105,13,97,109,22,241,56,54,110,351
10/21/2000,BGR,ME,ANE,EN,Towers with Radar,5,52,21,4,82,5,5,76,0,86,10,57,97,4,168,90,6,96,264
10/22/2000,BGR,ME,ANE,EN,Towers with Radar,5,53,21,6,85,5,6,66,0,77,10,59,87,6,162,71,11,82,244
10/23/2000,BGR,ME,ANE,EN,Towers with Radar,5,65,26,6,102,0,14,59,0,73,5,79,85,6,175,24,8,32,207
10/24/2000,BGR,ME,ANE,EN,Towers with Radar,2,78,31,15,126,0,12,49,12,73,2,90,80,27,199,18,45,63,262
10/25/2000,BGR,ME,ANE,EN,Towers with Radar,7,69,28,14,118,3,11,45,17,76,10,80,73,31,194,37,41,78,272
10/26/2000,BGR,ME,ANE,EN,Towers with Radar,9,85,34,17,145,0,4,59,19,82,9,89,93,36,227,27,85,112,339
10/27/2000,BGR,ME,ANE,EN,Towers with Radar,10,84,39,19,152,4,0,30,42,76,14,84,69,61,228,26,80,106,334
10/28/2000,BGR,ME,ANE,EN,Towers with Radar,11,59,26,6,102,3,0,13,11,27,14,59,39,17,129,13,11,24,153
10/29/2000,BGR,ME,ANE,EN,Towers with Radar,4,37,12,0,53,6,14,0,0,20,10,51,12,0,73,0,0,0,73
10/30/2000,BGR,ME,ANE,EN,Towers with Radar,7,55,7,7,76,2,16,0,0,18,9,71,7,7,94,0,0,0,94
10/31/2000,BGR,ME,ANE,EN,Towers with Radar,6,82,37,18,143,0,0,11,9,20,6,82,48,27,163,10,17,27,190
11/01/2000,BGR,ME,ANE,EN,Towers with Radar,9,75,42,23,149,0,5,16,29,50,9,80,58,52,199,9,75,84,283
11/02/2000,BGR,ME,ANE,EN,Towers with Radar,15,73,40,20,148,14,0,22,11,47,29,73,62,31,195,14,16,30,225
11/03/2000,BGR,ME,ANE,EN,Towers with Radar,17,83,45,23,168,12,6,83,21,122,29,89,128,44,290,82,68,150,440
11/04/2000,BGR,ME,ANE,EN,Towers with Radar,13,46,37,18,114,7,0,64,20,91,20,46,101,38,205,61,58,119,324
11/05/2000,BGR,ME,ANE,EN,Towers with Radar,11,40,28,5,84,4,0,18,0,22,15,40,46,5,106,6,8,14,120
11/06/2000,BGR,ME,ANE,EN,Towers with Radar,14,61,36,17,128,6,0,12,2,20,20,61,48,19,148,1,5,6,154
11/07/2000,BGR,ME,ANE,EN,Towers with Radar,3,71,37,3,114,0,5,36,0,41,3,76,73,3,155,4,4,8,163
11/08/2000,BGR,ME,ANE,EN,Towers with Radar,6,75,41,18,140,0,0,44,0,44,6,75,85,18,184,37,14,51,235
11/09/2000,BGR,ME,ANE,EN,Towers with Radar,15,79,42,20,156,1,4,7,9,21,16,83,49,29,177,56,14,70,247
11/10/2000,BGR,ME,ANE,EN,Towers with Radar,11,59,27,7,104,0,15,0,0,15,11,74,27,7,119,0,0,0,119
11/11/2000,BGR,ME,ANE,EN,Towers with Radar,11,42,30,11,94,2,0,7,0,9,13,42,37,11,103,1,1,2,105
11/12/2000,BGR,ME,ANE,EN,Towers with Radar,8,40,23,0,71,6,0,29,0,35,14,40,52,0,106,33,7,40,146
11/13/2000,BGR,ME,ANE,EN,Towers with Radar,10,66,21,30,127,0,0,5,5,10,10,66,26,35,137,11,7,18,155
11/14/2000,BGR,ME,ANE,EN,Towers with Radar,8,75,36,51,170,0,1,3,2,6,8,76,39,53,176,0,0,0,176
11/15/2000,BGR,ME,ANE,EN,Towers with Radar,7,69,37,19,132,0,1,14,17,32,7,70,51,36,164,13,128,141,305
11/16/2000,BGR,ME,ANE,EN,Towers with Radar,10,68,34,33,145,0,4,53,15,72,10,72,87,48,217,94,96,190,407
11/17/2000,BGR,ME,ANE,EN,Towers with Radar,12,73,39,20,144,0,0,38,19,57,12,73,77,39,201,83,104,187,388
11/18/2000,BGR,ME,ANE,EN,Towers with Radar,8,42,23,11,84,0,5,26,17,48,8,47,49,28,132,7,11,18,150
11/19/2000,BGR,ME,ANE,EN,Towers with Radar,11,40,29,5,85,0,3,39,3,45,11,43,68,8,130,62,14,76,206
11/20/2000,BGR,ME,ANE,EN,Towers with Radar,9,59,33,16,117,0,13,4,0,17,9,72,37,16,134,41,70,111,245
11/21/2000,BGR,ME,ANE,EN,Towers with Radar,10,77,43,11,141,0,1,9,2,12,10,78,52,13,153,46,7,53,206
11/22/2000,BGR,ME,ANE,EN,Towers with Radar,12,72,26,29,139,0,3,22,9,34,12,75,48,38,173,24,18,42,215
11/23/2000,BGR,ME,ANE,EN,Towers with Radar,12,32,18,0,62,0,4,4,2,10,12,36,22,2,72,0,0,0,72
11/24/2000,BGR,ME,ANE,EN,Towers with Radar,10,43,24,0,77,5,10,44,0,59,15,53,68,0,136,82,12,94,230
11/25/2000,BGR,ME,ANE,EN,Towers with Radar,6,33,19,0,58,0,14,36,0,50,6,47,55,0,108,44,6,50,158
11/26/2000,BGR,ME,ANE,EN,Towers with Radar,4,28,16,3,51,0,0,10,0,10,4,28,26,3,61,16,0,16,77
11/27/2000,BGR,ME,ANE,EN,Towers with Radar,14,60,20,15,109,0,2,1,2,5,14,62,21,17,114,0,0,0,114
11/28/2000,BGR,ME,ANE,EN,Towers with Radar,10,72,39,21,142,0,2,16,24,42,10,74,55,45,184,15,34,49,233
11/29/2000,BGR,ME,ANE,EN,Towers with Radar,10,77,25,22,134,0,4,0,29,33,10,81,25,51,167,1,3,4,171
11/30/2000,BGR,ME,ANE,EN,Towers with Radar,14,66,34,24,138,0,1,18,11,30,14,67,52,35,168,9,15,24,192
12/01/2000,BGR,ME,ANE,EN,Towers with Radar,13,74,32,35,154,0,2,42,25,69,13,76,74,60,223,63,149,212,435
12/02/2000,BGR,ME,ANE,EN,Towers with Radar,9,46,21,30,106,0,1,31,15,47,9,47,52,45,153,25,79,104,257
12/03/2000,BGR,ME,ANE,EN,Towers with Radar,5,35,22,3,65,1,2,31,4,38,6,37,53,7,103,46,7,53,156
12/04/2000,BGR,ME,ANE,EN,Towers with Radar,11,45,25,27,108,1,0,50,7,58,12,45,75,34,166,43,79,122,288
12/05/2000,BGR,ME,ANE,EN,Towers with Radar,3,56,24,26,109,0,0,37,5,42,3,56,61,31,151,71,39,110,261
12/06/2000,BGR,ME,ANE,EN,Towers with Radar,9,55,27,30,121,0,0,20,21,41,9,55,47,51,162,22,95,117,279
12/07/2000,BGR,ME,ANE,EN,Towers with Radar,12,54,28,31,125,0,0,23,8,31,12,54,51,39,156,4,42,46,202
12/08/2000,BGR,ME,ANE,EN,Towers with Radar,14,59,27,26,126,2,0,57,0,59,16,59,84,26,185,41,75,116,301
12/09/2000,BGR,ME,ANE,EN,Towers with Radar,8,37,16,11,72,0,7,44,0,51,8,44,60,11,123,99,9,108,231
12/10/2000,BGR,ME,ANE,EN,Towers with Radar,9,34,16,13,72,4,0,53,0,57,13,34,69,13,129,40,20,60,189
12/11/2000,BGR,ME,ANE,EN,Towers with Radar,12,45,21,25,103,3,0,0,16,19,15,45,21,41,122,1,3,4,126
12/12/2000,BGR,ME,ANE,EN,Towers with Radar,2,47,20,22,91,0,6,12,0,18,2,53,32,22,109,0,38,38,147
12/13/2000,BGR,ME,ANE,EN,Towers with Radar,11,57,28,31,127,0,0,37,29,66,11,57,65,60,193,86,106,192,385
12/14/2000,BGR,ME,ANE,EN,Towers with Radar,8,34,15,3,60,1,13,6,0,20,9,47,21,3,80,2,0,2,82
12/15/2000,BGR,ME,ANE,EN,Towers with Radar,12,56,26,29,123,0,0,65,31,96,12,56,91,60,219,53,78,131,350
12/16/2000,BGR,ME,ANE,EN,Towers with Radar,13,49,23,26,111,3,0,21,25,49,16,49,44,51,160,56,88,144,304
12/17/2000,BGR,ME,ANE,EN,Towers with Radar,4,14,5,3,26,2,9,0,0,11,6,23,5,3,37,0,0,0,37
12/18/2000,BGR,ME,ANE,EN,Towers with Radar,12,50,22,20,104,1,4,10,0,15,13,54,32,20,119,0,11,11,130
12/19/2000,BGR,ME,ANE,EN,Towers with Radar,16,66,30,33,145,3,0,38,12,53,19,66,68,45,198,56,56,112,310
12/20/2000,BGR,ME,ANE,EN,Towers with Radar,9,36,15,2,62,2,15,3,0,20,11,51,18,2,82,0,0,0,82
12/21/2000,BGR,ME,ANE,EN,Towers with Radar,13,63,27,30,133,0,4,44,16,64,13,67,71,46,197,8,108,116,313
12/22/2000,BGR,ME,ANE,EN,Towers with Radar,14,61,26,21,122,0,1,10,0,11,14,62,36,21,133,9,27,36,169
12/23/2000,BGR,ME,ANE,EN,Towers with Radar,8,32,14,6,60,0,22,18,0,40,8,54,32,6,100,25,19,44,144
12/24/2000,BGR,ME,ANE,EN,Towers with Radar,4,14,5,0,23,1,18,26,0,45,5,32,31,0,68,6,0,6,74
12/25/2000,BGR,ME,ANE,EN,Towers with Radar,3,15,5,0,23,8,5,4,0,17,11,20,9,0,40,0,0,0,40
12/26/2000,BGR,ME,ANE,EN,Towers with Radar,3,31,13,0,47,0,17,9,0,26,3,48,22,0,73,0,0,0,73
12/27/2000,BGR,ME,ANE,EN,Towers with Radar,18,73,35,38,164,0,0,3,37,40,18,73,38,75,204,29,211,240,444
12/28/2000,BGR,ME,ANE,EN,Towers with Radar,13,59,25,27,124,0,5,0,6,11,13,64,25,33,135,22,24,46,181
12/29/2000,BGR,ME,ANE,EN,Towers with Radar,5,54,29,13,101,2,1,36,0,39,7,55,65,13,140,54,28,82,222
12/30/2000,BGR,ME,ANE,EN,Towers with Radar,5,19,8,1,33,5,4,4,0,13,10,23,12,1,46,2,2,4,50
12/31/2000,BGR,ME,ANE,EN,Towers with Radar,3,13,4,0,20,3,5,0,0,8,6,18,4,0,28,0,0,0,28
01/01/2001,BGR,ME,ANE,EN,Towers with Radar,3,25,12,0,40,5,4,11,0,20,8,29,23,0,60,13,3,16,76
01/02/2001,BGR,ME,ANE,EN,Towers with Radar,5,49,26,26,106,6,0,21,11,38,11,49,47,37,144,17,61,78,222
01/03/2001,BGR,ME,ANE,EN,Towers with Radar,5,50,25,25,105,4,9,29,18,60,9,59,54,43,165,52,158,210,375
01/04/2001,BGR,ME,ANE,EN,Towers with Radar,7,55,33,32,127,5,0,30,18,53,12,55,63,50,180,60,78,138,318
01/05/2001,BGR,ME,ANE,EN,Towers with Radar,9,61,35,34,139,6,0,40,21,67,15,61,75,55,206,87,133,220,426
01/06/2001,BGR,ME,ANE,EN,Towers with Radar,3,26,13,0,42,3,16,2,0,21,6,42,15,0,63,2,0,2,65
01/07/2001,BGR,ME,ANE,EN,Towers with Radar,4,38,22,22,86,0,0,57,12,69,4,38,79,34,155,36,62,98,253
01/08/2001,BGR,ME,ANE,EN,Towers with Radar,7,53,28,28,116,3,0,12,7,22,10,53,40,35,138,13,87,100,238
01/09/2001,BGR,ME,ANE,EN,Towers with Radar,2,58,30,29,119,0,4,12,5,21,2,62,42,34,140,52,66,118,258
01/10/2001,BGR,ME,ANE,EN,Towers with Radar,6,60,35,34,135,0,0,14,25,39,6,60,49,59,174,26,130,156,330
01/11/2001,BGR,ME,ANE,EN,Towers with Radar,7,57,29,29,122,1,1,5,19,26,8,58,34,48,148,19,73,92,240
01/12/2001,BGR,ME,ANE,EN,Towers with Radar,6,50,27,21,104,1,9,38,0,48,7,59,65,21,152,37,23,60,212
01/13/2001,BGR,ME,ANE,EN,Towers with Radar,4,33,17,3,57,0,8,69,0,77,4,41,86,3,134,152,16,168,302
01/14/2001,BGR,ME,ANE,EN,Towers with Radar,4,28,15,1,48,0,19,37,0,56,4,47,52,1,104,36,12,48,152
01/15/2001,BGR,ME,ANE,EN,Towers with Radar,6,38,21,2,67,0,10,7,0,17,6,48,28,2,84,2,0,2,86
01/16/2001,BGR,ME,ANE,EN,Towers with Radar,0,51,30,26,107,0,0,3,12,15,0,51,33,38,122,0,0,0,122
01/17/2001,BGR,ME,ANE,EN,Towers with Radar,2,55,30,26,113,0,1,12,15,28,2,56,42,41,141,20,30,50,191
01/18/2001,BGR,ME,ANE,EN,Towers with Radar,6,60,35,32,133,0,0,51,35,86,6,60,86,67,219,48,107,155,374
01/19/2001,BGR,ME,ANE,EN,Towers with Radar,7,47,26,16,96,2,0,12,0,14,9,47,38,16,110,10,32,42,152
01/20/2001,BGR,ME,ANE,EN,Towers with Radar,6,37,20,18,81,1,3,57,16,77,7,40,77,34,158,76,56,132,290
01/21/2001,BGR,ME,ANE,EN,Towers with Radar,5,33,18,11,67,0,2,25,0,27,5,35,43,11,94,12,10,22,116
01/22/2001,BGR,ME,ANE,EN,Towers with Radar,5,42,23,16,86,0,8,45,0,53,5,50,68,16,139,36,32,68,207
01/23/2001,BGR,ME,ANE,EN,Towers with Radar,7,55,30,27,119,0,2,33,1,36,7,57,63,28,155,30,26,56,211
01/24/2001,BGR,ME,ANE,EN,Towers with Radar,2,56,30,28,116,0,2,43,12,57,2,58,73,40,173,31,75,106,279
01/25/2001,BGR,ME,ANE,EN,Towers with Radar,8,52,35,34,129,0,0,46,7,53,8,52,81,41,182,60,49,109,291
01/26/2001,BGR,ME,ANE,EN,Towers with Radar,8,54,29,28,119,1,5,37,32,75,9,59,66,60,194,34,62,96,290
01/27/2001,BGR,ME,ANE,EN,Towers with Radar,6,38,21,20,85,3,9,6,14,32,9,47,27,34,117,17,32,49,166
01/28/2001,BGR,ME,ANE,EN,Towers with Radar,2,31,17,13,63,0,10,28,0,38,2,41,45,13,101,22,21,43,144
01/29/2001,BGR,ME,ANE,EN,Towers with Radar,8,52,28,27,115,4,1,38,12,55,12,53,66,39,170,34,54,88,258
01/30/2001,BGR,ME,ANE,EN,Towers with Radar,2,37,23,23,85,0,0,31,11,42,2,37,54,34,127,2,20,22,149
01/31/2001,BGR,ME,ANE,EN,Towers with Radar,7,52,27,7,93,0,9,26,0,35,7,61,53,7,128,1,1,2,130
02/01/2001,BGR,ME,ANE,EN,Towers with Radar,7,51,24,16,98,3,3,10,0,16,10,54,34,16,114,0,0,0,114
02/02/2001,BGR,ME,ANE,EN,Towers with Radar,5,60,26,35,126,1,1,0,6,8,6,61,26,41,134,14,64,78,212
02/03/2001,BGR,ME,ANE,EN,Towers with Radar,8,48,23,15,94,5,0,9,0,14,13,48,32,15,108,3,37,40,148
02/04/2001,BGR,ME,ANE,EN,Towers with Radar,5,40,18,14,77,0,7,32,9,48,5,47,50,23,125,37,15,52,177
02/05/2001,BGR,ME,ANE,EN,Towers with Radar,6,47,21,18,92,2,0,8,3,13,8,47,29,21,105,12,2,14,119
02/06/2001,BGR,ME,ANE,EN,Towers with Radar,2,37,17,7,63,0,13,8,0,21,2,50,25,7,84,0,0,0,84
02/07/2001,BGR,ME,ANE,EN,Towers with Radar,2,56,29,24,111,0,0,15,19,34,2,56,44,43,145,47,43,90,235
02/08/2001,BGR,ME,ANE,EN,Towers with Radar,6,49,22,19,96,4,2,38,11,55,10,51,60,30,151,50,34,84,235
02/09/2001,BGR,ME,ANE,EN,Towers with Radar,6,38,17,8,69,4,13,3,0,20,10,51,20,8,89,0,8,8,97
02/10/2001,BGR,ME,ANE,EN,Towers with Radar,5,29,7,0,41,1,2,0,0,3,6,31,7,0,44,1,1,2,46
02/11/2001,BGR,ME,ANE,EN,Towers with Radar,2,32,15,4,53,0,8,12,0,20,2,40,27,4,73,0,2,2,75
02/12/2001,BGR,ME,ANE,EN,Towers with Radar,6,44,21,18,89,0,2,35,3,40,6,46,56,21,129,23,13,36,165
02/13/2001,BGR,ME,ANE,EN,Towers with Radar,3,48,22,19,92,0,7,35,11,53,3,55,57,30,145,41,67,108,253
02/14/2001,BGR,ME,ANE,EN,Towers with Radar,9,58,27,24,118,2,0,16,19,37,11,58,43,43,155,6,52,58,213
02/15/2001,BGR,ME,ANE,EN,Towers with Radar,9,57,26,23,115,2,3,4,14,23,11,60,30,37,138,4,49,53,191
02/16/2001,BGR,ME,ANE,EN,Towers with Radar,9,54,25,22,110,3,0,27,1,31,12,54,52,23,141,10,18,28,169
02/17/2001,BGR,ME,ANE,EN,Towers with Radar,1,37,17,6,61,0,13,11,0,24,1,50,28,6,85,2,4,6,91
02/18/2001,BGR,ME,ANE,EN,Towers with Radar,2,34,16,4,56,0,11,37,0,48,2,45,53,4,104,18,0,18,122
02/19/2001,BGR,ME,ANE,EN,Towers with Radar,6,38,18,3,65,3,11,24,0,38,9,49,42,3,103,48,0,48,151
02/20/2001,BGR,ME,ANE,EN,Towers with Radar,2,51,24,21,98,0,5,38,3,46,2,56,62,24,144,32,30,62,206
02/21/2001,BGR,ME,ANE,EN,Towers with Radar,5,53,16,39,113,0,2,14,13,29,5,55,30,52,142,0,98,98,240
02/22/2001,BGR,ME,ANE,EN,Towers with Radar,11,55,34,31,131,7,0,38,33,78,18,55,72,64,209,22,66,88,297
02/23/2001,BGR,ME,ANE,EN,Towers with Radar,10,56,30,21,117,2,0,9,0,11,12,56,39,21,128,1,17,18,146
02/24/2001,BGR,ME,ANE,EN,Towers with Radar,5,40,24,22,91,0,0,67,18,85,5,40,91,40,176,49,35,84,260
02/25/2001,BGR,ME,ANE,EN,Towers with Radar,3,17,8,2,30,0,11,5,0,16,3,28,13,2,46,40,0,40,86
02/26/2001,BGR,ME,ANE,EN,Towers with Radar,7,45,16,19,87,5,4,0,8,17,12,49,16,27,104,15,45,60,164
02/27/2001,BGR,ME,ANE,EN,Towers with Radar,4,63,30,27,124,0,0,45,28,73,4,63,75,55,197,33,63,96,293
02/28/2001,BGR,ME,ANE,EN,Towers with Radar,10,63,35,32,140,0,0,39,11,50,10,63,74,43,190,12,54,66,256
03/01/2001,BGR,ME,ANE,EN,Towers with Radar,9,63,30,29,131,0,0,51,3,54,9,63,81,32,185,65,45,110,295
03/02/2001,BGR,ME,ANE,EN,Towers with Radar,5,55,27,28,115,0,0,19,15,34,5,55,46,43,149,31,91,122,271
03/03/2001,BGR,ME,ANE,EN,Towers with Radar,6,47,24,22,99,1,0,49,22,72,7,47,73,44,171,68,42,110,281
03/04/2001,BGR,ME,ANE,EN,Towers with Radar,5,45,20,19,89,3,2,63,0,68,8,47,83,19,157,74,39,113,270
03/05/2001,BGR,ME,ANE,EN,Towers with Radar,2,20,12,11,45,3,0,14,3,20,5,20,26,14,65,44,0,44,109
03/06/2001,BGR,ME,ANE,EN,Towers with Radar,1,15,7,0,23,1,2,6,0,9,2,17,13,0,32,0,0,0,32
03/07/2001,BGR,ME,ANE,EN,Towers with Radar,5,44,20,19,88,1,10,18,3,32,6,54,38,22,120,7,7,14,134
03/08/2001,BGR,ME,ANE,EN,Towers with Radar,10,78,38,35,161,6,0,74,16,96,16,78,112,51,257,83,29,112,369
03/09/2001,BGR,ME,ANE,EN,Towers with Radar,8,62,29,23,122,3,7,4,0,14,11,69,33,23,136,22,5,27,163
03/10/2001,BGR,ME,ANE,EN,Towers with Radar,2,21,5,3,31,5,11,0,0,16,7,32,5,3,47,0,0,0,47
03/11/2001,BGR,ME,ANE,EN,Towers with Radar,2,38,18,11,69,0,9,28,0,37,2,47,46,11,106,6,2,8,114
03/12/2001,BGR,ME,ANE,EN,Towers with Radar,9,54,27,25,115,0,0,46,6,52,9,54,73,31,167,23,48,71,238
03/13/2001,BGR,ME,ANE,EN,Towers with Radar,6,41,16,15,78,0,7,0,0,7,6,48,16,15,85,0,0,0,85
03/14/2001,BGR,ME,ANE,EN,Towers with Radar,7,60,28,26,121,0,4,13,22,39,7,64,41,48,160,6,92,98,258
03/15/2001,BGR,ME,ANE,EN,Towers with Radar,10,60,27,50,147,0,4,25,14,43,10,64,52,64,190,3,72,75,265
03/16/2001,BGR,ME,ANE,EN,Towers with Radar,10,62,31,29,132,1,0,28,32,61,11,62,59,61,193,91,79,170,363
03/17/2001,BGR,ME,ANE,EN,Towers with Radar,6,39,18,16,79,1,6,63,13,83,7,45,81,29,162,83,11,94,256
03/18/2001,BGR,ME,ANE,EN,Towers with Radar,5,44,21,18,88,0,1,40,7,48,5,45,61,25,136,15,15,30,166
03/19/2001,BGR,ME,ANE,EN,Towers with Radar,6,44,22,20,92,0,0,14,8,22,6,44,36,28,114,22,20,42,156
03/20/2001,BGR,ME,ANE,EN,Towers with Radar,5,54,25,23,107,0,2,58,18,78,5,56,83,41,185,43,43,86,271
03/21/2001,BGR,ME,ANE,EN,Towers with Radar,4,55,28,26,113,0,0,49,1,50,4,55,77,27,163,74,99,173,336
03/22/2001,BGR,ME,ANE,EN,Towers with Radar,6,40,11,16,73,5,3,0,7,15,11,43,11,23,88,2,34,36,124
03/23/2001,BGR,ME,ANE,EN,Towers with Radar,7,48,22,5,82,0,8,7,0,15,7,56,29,5,97,0,0,0,97
03/24/2001,BGR,ME,ANE,EN,Towers with Radar,6,36,17,3,62,0,12,25,0,37,6,48,42,3,99,2,8,10,109
03/25/2001,BGR,ME,ANE,EN,Towers with Radar,4,25,12,7,48,1,12,13,0,26,5,37,25,7,74,0,2,2,76
03/26/2001,BGR,ME,ANE,EN,Towers with Radar,2,40,19,18,79,0,5,30,0,35,2,45,49,18,114,7,21,28,142
03/27/2001,BGR,ME,ANE,EN,Towers with Radar,4,50,25,24,103,0,0,57,9,66,4,50,82,33,169,19,81,100,269
03/28/2001,BGR,ME,ANE,EN,Towers with Radar,2,41,18,11,72,0,7,23,0,30,2,48,41,11,102,23,34,57,159
03/29/2001,BGR,ME,ANE,EN,Towers with Radar,10,55,33,33,131,0,0,65,46,111,10,55,98,79,242,62,120,182,424
03/30/2001,BGR,ME,ANE,EN,Towers with Radar,14,42,20,36,112,0,2,8,3,13,14,44,28,39,125,7,85,92,217
03/31/2001,BGR,ME,ANE,EN,Towers with Radar,6,39,17,2,64,2,3,15,0,20,8,42,32,2,84,0,0,0,84
04/01/2001,BGR,ME,ANE,EN,Towers with Radar,2,29,13,7,51,8,6,9,0,23,10,35,22,7,74,70,0,70,144
04/02/2001,BGR,ME,ANE,EN,Towers with Radar,4,52,23,28,107,0,5,6,0,11,4,57,29,28,118,0,28,28,146
04/03/2001,BGR,ME,ANE,EN,Towers with Radar,5,51,22,28,106,0,3,11,0,14,5,54,33,28,120,6,14,20,140
04/04/2001,BGR,ME,ANE,EN,Towers with Radar,4,48,22,27,101,0,5,47,20,72,4,53,69,47,173,58,38,96,269
04/05/2001,BGR,ME,ANE,EN,Towers with Radar,7,63,34,41,145,0,0,69,25,94,7,63,103,66,239,58,89,147,386
04/06/2001,BGR,ME,ANE,EN,Towers with Radar,5,62,33,37,137,0,0,49,30,79,5,62,82,67,216,114,118,232,448
04/07/2001,BGR,ME,ANE,EN,Towers with Radar,8,45,24,27,104,6,0,41,15,62,14,45,65,42,166,17,107,124,290
04/08/2001,BGR,ME,ANE,EN,Towers with Radar,5,33,16,4,58,4,6,5,0,15,9,39,21,4,73,1,1,2,75
04/09/2001,BGR,ME,ANE,EN,Towers with Radar,7,43,22,24,96,0,0,12,1,13,7,43,34,25,109,42,85,127,236
04/10/2001,BGR,ME,ANE,EN,Towers with Radar,5,54,28,31,118,0,0,44,33,77,5,54,72,64,195,86,118,204,399
04/11/2001,BGR,ME,ANE,EN,Towers with Radar,9,66,34,38,147,0,0,65,32,97,9,66,99,70,244,106,126,232,476
04/12/2001,BGR,ME,ANE,EN,Towers with Radar,3,58,29,33,123,0,0,1,21,22,3,58,30,54,145,21,79,100,245
04/13/2001,BGR,ME,ANE,EN,Towers with Radar,7,61,29,27,124,0,1,9,0,10,7,62,38,27,134,0,2,2,136
04/14/2001,BGR,ME,ANE,EN,Towers with Radar,4,26,12,1,43,4,14,9,0,27,8,40,21,1,70,86,0,86,156
04/15/2001,BGR,ME,ANE,EN,Towers with Radar,2,33,16,3,54,0,17,38,0,55,2,50,54,3,109,42,2,44,153
04/16/2001,BGR,ME,ANE,EN,Towers with Radar,4,35,17,13,69,0,11,44,0,55,4,46,61,13,124,28,2,30,154
04/17/2001,BGR,ME,ANE,EN,Towers with Radar,3,50,24,27,104,0,10,34,3,47,3,60,58,30,151,154,52,206,357
04/18/2001,BGR,ME,ANE,EN,Towers with Radar,6,43,21,19,89,3,13,1,0,17,9,56,22,19,106,6,44,50,156
04/19/2001,BGR,ME,ANE,EN,Towers with Radar,7,55,28,31,121,1,0,59,26,86,8,55,87,57,207,48,106,154,361
04/20/2001,BGR,ME,ANE,EN,Towers with Radar,7,58,28,33,126,6,1,74,35,116,13,59,102,68,242,68,121,189,431
04/21/2001,BGR,ME,ANE,EN,Towers with Radar,6,43,21,24,94,7,5,85,9,106,13,48,106,33,200,95,47,142,342
04/22/2001,BGR,ME,ANE,EN,Towers with Radar,6,46,22,21,95,2,0,23,0,25,8,46,45,21,120,4,0,4,124
04/23/2001,BGR,ME,ANE,EN,Towers with Radar,3,40,18,22,83,0,6,51,3,60,3,46,69,25,143,32,36,68,211
04/24/2001,BGR,ME,ANE,EN,Towers with Radar,4,52,24,16,96,0,9,21,0,30,4,61,45,16,126,12,6,18,144
04/25/2001,BGR,ME,ANE,EN,Towers with Radar,6,52,24,29,111,0,12,39,0,51,6,64,63,29,162,32,24,56,218
04/26/2001,BGR,ME,ANE,EN,Towers with Radar,6,73,33,40,152,0,3,75,40,118,6,76,108,80,270,52,172,224,494
04/27/2001,BGR,ME,ANE,EN,Towers with Radar,6,59,36,43,144,0,0,43,30,73,6,59,79,73,217,60,123,183,400
04/28/2001,BGR,ME,ANE,EN,Towers with Radar,5,37,17,17,76,1,5,33,0,39,6,42,50,17,115,39,14,53,168
04/29/2001,BGR,ME,ANE,EN,Towers with Radar,5,38,17,10,70,0,4,69,0,73,5,42,86,10,143,42,14,56,199
04/30/2001,BGR,ME,ANE,EN,Towers with Radar,7,46,22,27,102,0,0,31,2,33,7,46,53,29,135,13,19,32,167
05/01/2001,BGR,ME,ANE,EN,Towers with Radar,4,46,26,20,96,6,16,54,7,83,10,62,80,27,179,89,35,124,303
05/02/2001,BGR,ME,ANE,EN,Towers with Radar,5,57,33,25,120,0,7,80,22,109,5,64,113,47,229,125,100,225,454
05/03/2001,BGR,ME,ANE,EN,Towers with Radar,7,49,28,21,105,0,17,37,17,71,7,66,65,38,176,75,19,94,270
05/04/2001,BGR,ME,ANE,EN,Towers with Radar,7,58,34,26,125,0,0,37,28,65,7,58,71,54,190,82,50,132,322
05/05/2001,BGR,ME,ANE,EN,Towers with Radar,5,44,25,19,93,0,1,32,4,37,5,45,57,23,130,41,13,54,184
05/06/2001,BGR,ME,ANE,EN,Towers with Radar,3,32,19,14,68,0,10,54,3,67,3,42,73,17,135,34,20,54,189
05/07/2001,BGR,ME,ANE,EN,Towers with Radar,4,38,22,16,80,4,6,54,7,71,8,44,76,23,151,17,17,34,185
05/08/2001,BGR,ME,ANE,EN,Towers with Radar,0,53,30,23,106,0,14,64,16,94,0,67,94,39,200,37,103,140,340
05/09/2001,BGR,ME,ANE,EN,Towers with Radar,3,54,31,24,112,0,5,40,7,52,3,59,71,31,164,48,56,104,268
05/10/2001,BGR,ME,ANE,EN,Towers with Radar,6,57,32,25,120,6,0,32,4,42,12,57,64,29,162,51,43,94,256
05/11/2001,BGR,ME,ANE,EN,Towers with Radar,6,64,37,28,135,0,3,75,15,93,6,67,112,43,228,122,96,218,446
05/12/2001,BGR,ME,ANE,EN,Towers with Radar,4,35,20,11,70,0,9,35,0,44,4,44,55,11,114,44,8,52,166
05/13/2001,BGR,ME,ANE,EN,Towers with Radar,3,31,18,3,55,0,9,25,0,34,3,40,43,3,89,20,5,25,114
05/14/2001,BGR,ME,ANE,EN,Towers with Radar,4,42,23,18,87,0,12,8,1,21,4,54,31,19,108,5,5,10,118
05/15/2001,BGR,ME,ANE,EN,Towers with Radar,6,60,33,26,125,0,7,2,3,12,6,67,35,29,137,0,0,0,137
05/16/2001,BGR,ME,ANE,EN,Towers with Radar,8,65,38,30,141,9,0,21,13,43,17,65,59,43,184,22,40,62,246
05/17/2001,BGR,ME,ANE,EN,Towers with Radar,6,58,33,27,124,0,0,41,9,50,6,58,74,36,174,38,128,166,340
05/18/2001,BGR,ME,ANE,EN,Towers with Radar,6,55,30,22,113,5,5,20,0,30,11,60,50,22,143,44,44,88,231
05/19/2001,BGR,ME,ANE,EN,Towers with Radar,6,48,26,12,92,1,2,19,0,22,7,50,45,12,114,0,0,0,114
05/20/2001,BGR,ME,ANE,EN,Towers with Radar,2,37,20,2,61,0,8,91,0,99,2,45,111,2,160,129,11,140,300
05/21/2001,BGR,ME,ANE,EN,Towers with Radar,4,48,28,23,103,0,0,47,27,74,4,48,75,50,177,38,96,134,311
05/22/2001,BGR,ME,ANE,EN,Towers with Radar,3,70,41,33,147,0,0,35,18,53,3,70,76,51,200,3,115,118,318
05/23/2001,BGR,ME,ANE,EN,Towers with Radar,7,57,31,25,120,0,5,50,20,75,7,62,81,45,195,29,74,103,298
05/24/2001,BGR,ME,ANE,EN,Towers with Radar,5,64,44,35,148,0,0,63,26,89,5,64,107,61,237,83,213,296,533
05/25/2001,BGR,ME,ANE,EN,Towers with Radar,5,61,37,30,133,0,0,57,4,61,5,61,94,34,194,50,78,128,322
05/26/2001,BGR,ME,ANE,EN,Towers with Radar,4,39,21,4,68,6,5,41,0,52,10,44,62,4,120,63,27,90,210
05/27/2001,BGR,ME,ANE,EN,Towers with Radar,4,38,21,5,68,1,2,19,0,22,5,40,40,5,90,1,1,2,92
05/28/2001,BGR,ME,ANE,EN,Towers with Radar,6,40,33,12,91,0,0,10,0,10,6,40,43,12,101,24,2,26,127
05/29/2001,BGR,ME,ANE,EN,Towers with Radar,1,55,39,32,127,0,0,23,18,41,1,55,62,50,168,43,37,80,248
05/30/2001,BGR,ME,ANE,EN,Towers with Radar,7,56,32,26,121,2,0,46,12,60,9,56,78,38,181,54,93,147,328
05/31/2001,BGR,ME,ANE,EN,Towers with Radar,6,57,33,25,121,0,0,24,8,32,6,57,57,33,153,20,32,52,205
06/01/2001,BGR,ME,ANE,EN,Towers with Radar,4,48,32,21,105,0,16,67,12,95,4,64,99,33,200,75,39,114,314
06/02/2001,BGR,ME,ANE,EN,Towers with Radar,5,35,21,11,72,0,8,0,0,8,5,43,21,11,80,6,0,6,86
06/03/2001,BGR,ME,ANE,EN,Towers with Radar,4,32,21,12,69,2,3,3,0,8,6,35,24,12,77,0,0,0,77
06/04/2001,BGR,ME,ANE,EN,Towers with Radar,4,49,33,21,107,0,2,8,1,11,4,51,41,22,118,15,1,16,134
06/05/2001,BGR,ME,ANE,EN,Towers with Radar,2,49,33,21,105,0,8,24,12,44,2,57,57,33,149,32,16,48,197
06/06/2001,BGR,ME,ANE,EN,Towers with Radar,8,62,42,27,139,3,2,52,10,67,11,64,94,37,206,80,40,120,326
06/07/2001,BGR,ME,ANE,EN,Towers with Radar,8,60,42,27,137,3,0,51,29,83,11,60,93,56,220,66,104,170,390
06/08/2001,BGR,ME,ANE,EN,Towers with Radar,8,62,42,27,139,0,0,55,23,78,8,62,97,50,217,84,151,235,452
06/09/2001,BGR,ME,ANE,EN,Towers with Radar,6,44,30,16,96,2,1,70,0,73,8,45,100,16,169,96,28,124,293
06/10/2001,BGR,ME,ANE,EN,Towers with Radar,5,36,25,13,79,0,3,28,0,31,5,39,53,13,110,12,4,16,126
06/11/2001,BGR,ME,ANE,EN,Towers with Radar,4,44,29,19,96,0,5,21,26,52,4,49,50,45,148,54,62,116,264
06/12/2001,BGR,ME,ANE,EN,Towers with Radar,2,57,43,29,131,0,0,16,23,39,2,57,59,52,170,0,8,8,178
06/13/2001,BGR,ME,ANE,EN,Towers with Radar,6,60,39,27,132,0,9,47,6,62,6,69,86,33,194,26,56,82,276
06/14/2001,BGR,ME,ANE,EN,Towers with Radar,5,46,29,21,101,2,14,42,7,65,7,60,71,28,166,98,74,172,338
06/15/2001,BGR,ME,ANE,EN,Towers with Radar,7,58,42,29,136,5,0,49,20,74,12,58,91,49,210,85,37,122,332
06/16/2001,BGR,ME,ANE,EN,Towers with Radar,4,40,25,15,84,2,10,39,0,51,6,50,64,15,135,11,1,12,147
06/17/2001,BGR,ME,ANE,EN,Towers with Radar,3,34,22,4,63,1,6,12,0,19,4,40,34,4,82,0,0,0,82
06/18/2001,BGR,ME,ANE,EN,Towers with Radar,3,53,33,23,112,0,0,54,8,62,3,53,87,31,174,62,26,88,262
06/19/2001,BGR,ME,ANE,EN,Towers with Radar,3,43,27,19,92,0,17,60,16,93,3,60,87,35,185,18,26,44,229
06/20/2001,BGR,ME,ANE,EN,Towers with Radar,6,60,39,27,132,0,0,39,18,57,6,60,78,45,189,34,26,60,249
06/21/2001,BGR,ME,ANE,EN,Towers with Radar,7,61,39,27,134,1,7,43,15,66,8,68,82,42,200,58,56,114,314
06/22/2001,BGR,ME,ANE,EN,Towers with Radar,8,45,44,31,128,3,0,21,8,32,11,45,65,39,160,7,84,91,251
06/23/2001,BGR,ME,ANE,EN,Towers with Radar,5,45,30,3,83,2,0,27,0,29,7,45,57,3,112,0,0,0,112
06/24/2001,BGR,ME,ANE,EN,Towers with Radar,4,61,41,9,115,0,0,26,0,26,4,61,67,9,141,3,31,34,175
06/25/2001,BGR,ME,ANE,EN,Towers with Radar,4,47,30,21,102,0,10,33,9,52,4,57,63,30,154,31,55,86,240
06/26/2001,BGR,ME,ANE,EN,Towers with Radar,1,58,37,26,122,0,5,56,23,84,1,63,93,49,206,42,43,85,291
06/27/2001,BGR,ME,ANE,EN,Towers with Radar,7,57,37,25,126,2,5,61,6,74,9,62,98,31,200,8,104,112,312
06/28/2001,BGR,ME,ANE,EN,Towers with Radar,4,64,42,27,137,0,4,54,32,90,4,68,96,59,227,10,103,113,340
06/29/2001,BGR,ME,ANE,EN,Towers with Radar,6,60,48,29,143,0,0,62,0,62,6,60,110,29,205,38,54,92,297
06/30/2001,BGR,ME,ANE,EN,Towers with Radar,7,56,38,6,107,6,0,34,0,40,13,56,72,6,147,41,23,64,211
07/01/2001,BGR,ME,ANE,EN,Towers with Radar,3,45,30,7,85,2,0,33,0,35,5,45,63,7,120,11,9,20,140
07/02/2001,BGR,ME,ANE,EN,Towers with Radar,5,53,34,12,104,1,4,21,25,51,6,57,55,37,155,3,49,52,207
07/03/2001,BGR,ME,ANE,EN,Towers with Radar,5,63,42,17,127,2,0,80,4,86,7,63,122,21,213,76,47,123,336
07/04/2001,BGR,ME,ANE,EN,Towers with Radar,1,32,21,3,57,0,11,31,0,42,1,43,52,3,99,24,14,38,137
07/05/2001,BGR,ME,ANE,EN,Towers with Radar,6,62,41,15,124,2,0,25,0,27,8,62,66,15,151,4,8,12,163
07/06/2001,BGR,ME,ANE,EN,Towers with Radar,3,66,42,16,127,0,6,50,22,78,3,72,92,38,205,49,47,96,301
07/07/2001,BGR,ME,ANE,EN,Towers with Radar,4,56,36,10,106,0,0,57,0,57,4,56,93,10,163,93,33,126,289
07/08/2001,BGR,ME,ANE,EN,Towers with Radar,5,56,46,4,111,0,0,32,0,32,5,56,78,4,143,28,12,40,183
07/09/2001,BGR,ME,ANE,EN,Towers with Radar,6,56,44,12,118,1,0,5,0,6,7,56,49,12,124,0,0,0,124
07/10/2001,BGR,ME,ANE,EN,Towers with Radar,2,63,41,14,120,0,0,9,0,9,2,63,50,14,129,0,8,8,137
07/11/2001,BGR,ME,ANE,EN,Towers with Radar,6,63,40,17,126,1,9,8,19,37,7,72,48,36,163,5,65,70,233
07/12/2001,BGR,ME,ANE,EN,Towers with Radar,7,68,49,21,145,1,0,42,17,60,8,68,91,38,205,14,106,120,325
07/13/2001,BGR,ME,ANE,EN,Towers with Radar,5,72,47,20,144,0,0,70,9,79,5,72,117,29,223,73,45,118,341
07/14/2001,BGR,ME,ANE,EN,Towers with Radar,4,58,37,8,107,0,7,38,0,45,4,65,75,8,152,41,44,85,237
07/15/2001,BGR,ME,ANE,EN,Towers with Radar,5,58,38,3,104,0,0,47,0,47,5,58,85,3,151,55,25,80,231
07/16/2001,BGR,ME,ANE,EN,Towers with Radar,6,60,40,18,124,0,0,4,8,12,6,60,44,26,136,4,4,8,144
07/17/2001,BGR,ME,ANE,EN,Towers with Radar,6,66,40,18,130,1,19,0,2,22,7,85,40,20,152,0,0,0,152
07/18/2001,BGR,ME,ANE,EN,Towers with Radar,6,70,39,47,162,0,2,12,3,17,6,72,51,50,179,9,18,27,206
07/19/2001,BGR,ME,ANE,EN,Towers with Radar,6,67,43,19,135,3,15,78,9,105,9,82,121,28,240,122,31,153,393
07/20/2001,BGR,ME,ANE,EN,Towers with Radar,7,74,47,21,149,1,5,90,31,127,8,79,137,52,276,111,67,178,454
07/21/2001,BGR,ME,ANE,EN,Towers with Radar,9,60,25,9,103,0,5,61,8,74,9,65,86,17,177,74,64,138,315
07/22/2001,BGR,ME,ANE,EN,Towers with Radar,2,53,37,4,96,0,0,40,0,40,2,53,77,4,136,54,10,64,200
07/23/2001,BGR,ME,ANE,EN,Towers with Radar,10,58,32,13,113,0,3,56,1,60,10,61,88,14,173,63,15,78,251
07/24/2001,BGR,ME,ANE,EN,Towers with Radar,5,60,38,16,119,0,10,23,11,44,5,70,61,27,163,32,14,46,209
07/25/2001,BGR,ME,ANE,EN,Towers with Radar,8,61,27,29,125,0,7,49,11,67,8,68,76,40,192,40,52,92,284
07/26/2001,BGR,ME,ANE,EN,Towers with Radar,3,70,32,29,134,0,5,57,13,75,3,75,89,42,209,35,73,108,317
07/27/2001,BGR,ME,ANE,EN,Towers with Radar,7,72,43,23,145,0,5,87,28,120,7,77,130,51,265,45,82,127,392
07/28/2001,BGR,ME,ANE,EN,Towers with Radar,4,47,30,12,93,3,9,65,17,94,7,56,95,29,187,99,35,134,321
07/29/2001,BGR,ME,ANE,EN,Towers with Radar,7,56,36,1,100,0,4,57,11,72,7,60,93,12,172,63,7,70,242
07/30/2001,BGR,ME,ANE,EN,Towers with Radar,10,62,32,26,130,0,3,62,2,67,10,65,94,28,197,23,35,58,255
07/31/2001,BGR,ME,ANE,EN,Towers with Radar,4,57,36,15,112,0,15,79,7,101,4,72,115,22,213,63,41,104,317
08/01/2001,BGR,ME,ANE,EN,Towers with Radar,5,73,34,25,137,1,22,75,17,115,6,95,109,42,252,64,85,149,401
08/02/2001,BGR,ME,ANE,EN,Towers with Radar,6,76,35,26,143,0,7,76,12,95,6,83,111,38,238,148,149,297,535
08/03/2001,BGR,ME,ANE,EN,Towers with Radar,6,73,34,25,138,10,2,46,16,74,16,75,80,41,212,88,60,148,360
08/04/2001,BGR,ME,ANE,EN,Towers with Radar,3,61,28,15,107,0,6,51,0,57,3,67,79,15,164,91,41,132,296
08/05/2001,BGR,ME,ANE,EN,Towers with Radar,8,74,38,9,129,2,0,13,0,15,10,74,51,9,144,9,9,18,162
08/06/2001,BGR,ME,ANE,EN,Towers with Radar,4,68,33,24,129,0,3,39,1,43,4,71,72,25,172,46,28,74,246
08/07/2001,BGR,ME,ANE,EN,Towers with Radar,2,69,33,24,128,0,13,36,18,67,2,82,69,42,195,43,23,66,261
08/08/2001,BGR,ME,ANE,EN,Towers with Radar,6,73,35,26,140,0,15,65,7,87,6,88,100,33,227,124,128,252,479
08/09/2001,BGR,ME,ANE,EN,Towers with Radar,6,72,35,25,138,0,6,36,12,54,6,78,71,37,192,72,83,155,347
08/10/2001,BGR,ME,ANE,EN,Towers with Radar,7,67,38,26,138,5,0,38,6,49,12,67,76,32,187,86,122,208,395
08/11/2001,BGR,ME,ANE,EN,Towers with Radar,7,69,33,3,112,3,19,57,0,79,10,88,90,3,191,111,41,152,343
08/12/2001,BGR,ME,ANE,EN,Towers with Radar,7,72,39,6,124,3,0,34,0,37,10,72,73,6,161,71,14,85,246
08/13/2001,BGR,ME,ANE,EN,Towers with Radar,6,68,35,16,125,2,0,30,0,32,8,68,65,16,157,9,41,50,207
08/14/2001,BGR,ME,ANE,EN,Towers with Radar,0,67,32,23,122,0,20,66,7,93,0,87,98,30,215,54,38,92,307
08/15/2001,BGR,ME,ANE,EN,Towers with Radar,8,90,45,31,174,4,0,87,56,147,12,90,132,87,321,145,125,270,591
08/16/2001,BGR,ME,ANE,EN,Towers with Radar,3,73,35,24,135,0,2,56,34,92,3,75,91,58,227,114,88,202,429
08/17/2001,BGR,ME,ANE,EN,Towers with Radar,7,93,53,37,190,0,0,14,31,45,7,93,67,68,235,112,90,202,437
08/18/2001,BGR,ME,ANE,EN,Towers with Radar,13,96,41,9,159,0,1,47,9,57,13,97,88,18,216,35,47,82,298
08/19/2001,BGR,ME,ANE,EN,Towers with Radar,4,65,32,10,111,0,10,59,0,69,4,75,91,10,180,70,25,95,275
08/20/2001,BGR,ME,ANE,EN,Towers with Radar,6,78,38,26,148,7,0,5,13,25,13,78,43,39,173,11,14,25,198
08/21/2001,BGR,ME,ANE,EN,Towers with Radar,2,83,43,23,151,0,0,18,0,18,2,83,61,23,169,2,2,4,173
08/22/2001,BGR,ME,ANE,EN,Towers with Radar,7,85,41,29,162,0,6,41,19,66,7,91,82,48,228,46,120,166,394
08/23/2001,BGR,ME,ANE,EN,Towers with Radar,5,87,42,29,163,0,0,72,24,96,5,87,114,53,259,86,101,187,446
08/24/2001,BGR,ME,ANE,EN,Towers with Radar,7,79,38,27,151,1,5,75,17,98,8,84,113,44,249,75,91,166,415
08/25/2001,BGR,ME,ANE,EN,Towers with Radar,4,55,25,10,94,1,18,86,0,105,5,73,111,10,199,81,28,109,308
08/26/2001,BGR,ME,ANE,EN,Towers with Radar,6,76,35,8,125,2,2,38,0,42,8,78,73,8,167,12,28,40,207
08/27/2001,BGR,ME,ANE,EN,Towers with Radar,6,71,33,23,133,0,4,6,9,19,6,75,39,32,152,3,11,14,166
08/28/2001,BGR,ME,ANE,EN,Towers with Radar,0,80,37,26,143,0,3,33,34,70,0,83,70,60,213,26,28,54,267
08/29/2001,BGR,ME,ANE,EN,Towers with Radar,6,73,34,24,137,0,7,77,27,111,6,80,111,51,248,112,101,213,461
08/30/2001,BGR,ME,ANE,EN,Towers with Radar,6,78,38,27,149,0,0,75,33,108,6,78,113,60,257,63,101,164,421
08/31/2001,BGR,ME,ANE,EN,Towers with Radar,8,70,47,32,157,1,0,31,27,59,9,70,78,59,216,28,97,125,341
09/01/2001,BGR,ME,ANE,EN,Towers with Radar,5,46,20,5,76,2,0,0,0,2,7,46,20,5,78,1,1,2,80
09/02/2001,BGR,ME,ANE,EN,Towers with Radar,4,48,22,8,82,0,15,47,0,62,4,63,69,8,144,59,19,78,222
09/03/2001,BGR,ME,ANE,EN,Towers with Radar,4,61,28,13,106,0,1,60,0,61,4,62,88,13,167,42,12,54,221
09/04/2001,BGR,ME,ANE,EN,Towers with Radar,0,67,36,33,136,0,0,21,24,45,0,67,57,57,181,29,87,116,297
09/05/2001,BGR,ME,ANE,EN,Towers with Radar,5,59,27,24,115,2,13,52,27,94,7,72,79,51,209,67,111,178,387
09/06/2001,BGR,ME,ANE,EN,Towers with Radar,6,79,35,32,152,0,8,76,23,107,6,87,111,55,259,126,102,228,487
09/07/2001,BGR,ME,ANE,EN,Towers with Radar,5,72,32,29,138,0,10,72,28,110,5,82,104,57,248,92,118,210,458
09/08/2001,BGR,ME,ANE,EN,Towers with Radar,6,67,30,19,122,1,9,67,0,77,7,76,97,19,199,36,53,89,288
09/09/2001,BGR,ME,ANE,EN,Towers with Radar,6,60,27,24,117,0,11,41,3,55,6,71,68,27,172,38,34,72,244
09/10/2001,BGR,ME,ANE,EN,Towers with Radar,5,65,29,26,125,0,2,28,22,52,5,67,57,48,177,18,40,58,235
09/11/2001,BGR,ME,ANE,EN,Towers with Radar,4,16,5,13,38,0,1,17,7,25,4,17,22,20,63,13,2,15,78
09/12/2001,BGR,ME,ANE,EN,Towers with Radar,0,0,0,0,0,0,0,0,14,14,0,0,0,14,14,0,0,0,14
09/13/2001,BGR,ME,ANE,EN,Towers with Radar,1,16,0,6,23,1,16,0,20,37,2,32,0,26,60,0,0,0,60
09/14/2001,BGR,ME,ANE,EN,Towers with Radar,3,37,3,15,58,1,19,0,15,35,4,56,3,30,93,1,1,2,95
09/15/2001,BGR,ME,ANE,EN,Towers with Radar,6,67,29,14,116,4,1,9,0,14,10,68,38,14,130,2,2,4,134
09/16/2001,BGR,ME,ANE,EN,Towers with Radar,8,86,37,4,135,0,13,22,0,35,8,99,59,4,170,0,0,0,170
09/17/2001,BGR,ME,ANE,EN,Towers with Radar,7,68,28,33,136,3,0,0,19,22,10,68,28,52,158,8,8,16,174
09/18/2001,BGR,ME,ANE,EN,Towers with Radar,2,75,32,23,132,0,4,9,0,13,2,79,41,23,145,0,2,2,147
09/19/2001,BGR,ME,ANE,EN,Towers with Radar,4,85,38,22,149,0,0,4,0,4,4,85,42,22,153,0,38,38,191
09/20/2001,BGR,ME,ANE,EN,Towers with Radar,6,71,31,30,138,1,0,4,6,11,7,71,35,36,149,15,25,40,189
09/21/2001,BGR,ME,ANE,EN,Towers with Radar,5,56,24,14,99,2,8,0,0,10,7,64,24,14,109,0,0,0,109
09/22/2001,BGR,ME,ANE,EN,Towers with Radar,6,57,26,26,115,0,0,0,27,27,6,57,26,53,142,0,0,0,142
09/23/2001,BGR,ME,ANE,EN,Towers with Radar,6,56,27,23,112,6,0,32,0,38,12,56,59,23,150,27,61,88,238
09/24/2001,BGR,ME,ANE,EN,Towers with Radar,5,60,28,27,120,0,0,26,16,42,5,60,54,43,162,7,65,72,234
09/25/2001,BGR,ME,ANE,EN,Towers with Radar,5,61,23,25,114,1,4,0,10,15,6,65,23,35,129,0,0,0,129
09/26/2001,BGR,ME,ANE,EN,Towers with Radar,6,68,28,28,130,0,0,0,19,19,6,68,28,47,149,0,26,26,175
09/27/2001,BGR,ME,ANE,EN,Towers with Radar,4,65,38,36,143,0,0,32,54,86,4,65,70,90,229,17,91,108,337
09/28/2001,BGR,ME,ANE,EN,Towers with Radar,7,58,29,21,115,0,0,29,0,29,7,58,58,21,144,21,45,66,210
09/29/2001,BGR,ME,ANE,EN,Towers with Radar,5,53,23,17,98,2,5,36,0,43,7,58,59,17,141,57,14,71,212
09/30/2001,BGR,ME,ANE,EN,Towers with Radar,5,53,26,23,107,6,0,41,6,53,11,53,67,29,160,27,11,38,198
10/01/2001,BGR,ME,ANE,EN,Towers with Radar,5,67,24,28,124,0,10,23,0,33,5,77,47,28,157,37,49,86,243
10/02/2001,BGR,ME,ANE,EN,Towers with Radar,7,71,28,36,142,0,0,51,0,51,7,71,79,36,193,49,42,91,284
10/03/2001,BGR,ME,ANE,EN,Towers with Radar,7,78,29,39,153,0,0,54,23,77,7,78,83,62,230,33,55,88,318
10/04/2001,BGR,ME,ANE,EN,Towers with Radar,7,81,30,40,158,0,0,42,12,54,7,81,72,52,212,32,60,92,304
10/05/2001,BGR,ME,ANE,EN,Towers with Radar,7,83,33,43,166,0,0,26,3,29,7,83,59,46,195,95,44,139,334
10/06/2001,BGR,ME,ANE,EN,Towers with Radar,6,54,11,20,91,5,9,0,0,14,11,63,11,20,105,2,2,4,109
10/07/2001,BGR,ME,ANE,EN,Towers with Radar,5,57,21,22,105,0,0,28,0,28,5,57,49,22,133,3,3,6,139
10/08/2001,BGR,ME,ANE,EN,Towers with Radar,2,62,22,22,108,0,7,11,0,18,2,69,33,22,126,21,9,30,156
10/09/2001,BGR,ME,ANE,EN,Towers with Radar,2,65,23,32,122,0,4,42,1,47,2,69,65,33,169,33,20,53,222
10/10/2001,BGR,ME,ANE,EN,Towers with Radar,6,71,26,35,138,0,11,34,19,64,6,82,60,54,202,53,90,143,345
10/11/2001,BGR,ME,ANE,EN,Towers with Radar,2,73,31,41,147,0,0,42,33,75,2,73,73,74,222,31,197,228,450
10/12/2001,BGR,ME,ANE,EN,Towers with Radar,7,69,29,40,145,0,0,27,23,50,7,69,56,63,195,37,115,152,347
10/13/2001,BGR,ME,ANE,EN,Towers with Radar,5,57,20,28,110,2,5,67,11,85,7,62,87,39,195,154,116,270,465
10/14/2001,BGR,ME,ANE,EN,Towers with Radar,3,55,29,27,114,0,0,7,11,18,3,55,36,38,132,0,12,12,144
10/15/2001,BGR,ME,ANE,EN,Towers with Radar,4,52,19,14,89,0,11,14,0,25,4,63,33,14,114,4,4,8,122
10/16/2001,BGR,ME,ANE,EN,Towers with Radar,2,64,23,31,120,0,5,59,24,88,2,69,82,55,208,77,87,164,372
10/17/2001,BGR,ME,ANE,EN,Towers with Radar,7,67,28,34,136,1,0,18,0,19,8,67,46,34,155,11,73,84,239
10/18/2001,BGR,ME,ANE,EN,Towers with Radar,7,72,28,38,145,1,0,42,13,56,8,72,70,51,201,7,68,75,276
10/19/2001,BGR,ME,ANE,EN,Towers with Radar,5,67,24,33,129,0,1,68,28,97,5,68,92,61,226,84,168,252,478
10/20/2001,BGR,ME,ANE,EN,Towers with Radar,5,53,20,27,105,6,0,48,7,61,11,53,68,34,166,58,26,84,250
10/21/2001,BGR,ME,ANE,EN,Towers with Radar,5,55,21,26,107,1,10,44,1,56,6,65,65,27,163,19,20,39,202
10/22/2001,BGR,ME,ANE,EN,Towers with Radar,5,55,22,35,117,0,1,32,19,52,5,56,54,54,169,17,60,77,246
10/23/2001,BGR,ME,ANE,EN,Towers with Radar,6,65,24,31,126,0,3,25,23,51,6,68,49,54,177,35,29,64,241
10/24/2001,BGR,ME,ANE,EN,Towers with Radar,6,65,24,31,126,0,2,10,1,13,6,67,34,32,139,4,4,8,147
10/25/2001,BGR,ME,ANE,EN,Towers with Radar,5,57,21,14,97,3,13,3,0,19,8,70,24,14,116,0,0,0,116
10/26/2001,BGR,ME,ANE,EN,Towers with Radar,7,72,29,37,145,0,0,40,7,47,7,72,69,44,192,112,164,276,468
10/27/2001,BGR,ME,ANE,EN,Towers with Radar,4,43,16,19,82,2,11,29,0,42,6,54,45,19,124,65,13,78,202
10/28/2001,BGR,ME,ANE,EN,Towers with Radar,4,48,18,23,93,4,8,34,2,48,8,56,52,25,141,72,20,92,233
10/29/2001,BGR,ME,ANE,EN,Towers with Radar,6,56,24,30,116,4,0,49,8,61,10,56,73,38,177,34,26,60,237
10/30/2001,BGR,ME,ANE,EN,Towers with Radar,5,55,21,26,107,2,9,30,3,44,7,64,51,29,151,47,37,84,235
10/31/2001,BGR,ME,ANE,EN,Towers with Radar,7,74,28,29,138,2,3,44,0,49,9,77,72,29,187,49,82,131,318
11/01/2001,BGR,ME,ANE,EN,Towers with Radar,7,57,33,34,131,0,0,22,6,28,7,57,55,40,159,0,0,0,159
11/02/2001,BGR,ME,ANE,EN,Towers with Radar,10,63,31,32,136,0,0,26,3,29,10,63,57,35,165,36,61,97,262
11/03/2001,BGR,ME,ANE,EN,Towers with Radar,6,37,21,20,84,1,0,33,19,53,7,37,54,39,137,40,4,44,181
11/04/2001,BGR,ME,ANE,EN,Towers with Radar,3,38,19,18,78,0,0,34,14,48,3,38,53,32,126,70,60,130,256
11/05/2001,BGR,ME,ANE,EN,Towers with Radar,9,59,29,27,124,2,3,4,8,17,11,62,33,35,141,0,0,0,141
11/06/2001,BGR,ME,ANE,EN,Towers with Radar,3,51,25,24,103,0,2,1,25,28,3,53,26,49,131,3,75,78,209
11/07/2001,BGR,ME,ANE,EN,Towers with Radar,10,58,28,27,123,4,1,15,20,40,14,59,43,47,163,6,30,36,199
11/08/2001,BGR,ME,ANE,EN,Towers with Radar,10,57,29,19,115,8,0,62,0,70,18,57,91,19,185,75,15,90,275
11/09/2001,BGR,ME,ANE,EN,Towers with Radar,6,48,24,23,101,0,8,9,7,24,6,56,33,30,125,10,18,28,153
11/10/2001,BGR,ME,ANE,EN,Towers with Radar,6,31,16,11,64,5,9,24,0,38,11,40,40,11,102,88,18,106,208
11/11/2001,BGR,ME,ANE,EN,Towers with Radar,5,37,18,18,78,0,5,11,2,18,5,42,29,20,96,1,3,4,100
11/12/2001,BGR,ME,ANE,EN,Towers with Radar,7,45,22,19,93,7,11,12,0,30,14,56,34,19,123,33,31,64,187
11/13/2001,BGR,ME,ANE,EN,Towers with Radar,1,46,23,23,93,0,9,26,17,52,1,55,49,40,145,23,21,44,189
11/14/2001,BGR,ME,ANE,EN,Towers with Radar,6,51,25,25,107,0,4,41,6,51,6,55,66,31,158,66,24,90,248
11/15/2001,BGR,ME,ANE,EN,Towers with Radar,10,53,31,30,124,0,0,36,24,60,10,53,67,54,184,37,79,116,300
11/16/2001,BGR,ME,ANE,EN,Towers with Radar,6,64,39,39,148,0,0,30,30,60,6,64,69,69,208,62,107,169,377
11/17/2001,BGR,ME,ANE,EN,Towers with Radar,4,42,21,21,88,0,5,46,25,76,4,47,67,46,164,68,81,149,313
11/18/2001,BGR,ME,ANE,EN,Towers with Radar,7,43,21,16,87,0,9,35,0,44,7,52,56,16,131,70,52,122,253
11/19/2001,BGR,ME,ANE,EN,Towers with Radar,7,45,22,20,94,6,3,30,0,39,13,48,52,20,133,1,13,14,147
11/20/2001,BGR,ME,ANE,EN,Towers with Radar,11,51,29,31,122,11,0,0,7,18,22,51,29,38,140,6,48,54,194
11/21/2001,BGR,ME,ANE,EN,Towers with Radar,9,53,26,25,113,1,4,70,0,75,10,57,96,25,188,9,47,56,244
11/22/2001,BGR,ME,ANE,EN,Towers with Radar,9,25,8,7,49,0,1,23,0,24,9,26,31,7,73,12,2,14,87
11/23/2001,BGR,ME,ANE,EN,Towers with Radar,6,38,18,11,73,2,10,41,0,53,8,48,59,11,126,14,12,26,152
11/24/2001,BGR,ME,ANE,EN,Towers with Radar,6,43,20,14,83,0,6,9,0,15,6,49,29,14,98,45,0,45,143
11/25/2001,BGR,ME,ANE,EN,Towers with Radar,6,39,20,10,75,0,0,6,0,6,6,39,26,10,81,4,2,6,87
11/26/2001,BGR,ME,ANE,EN,Towers with Radar,7,45,16,15,83,7,4,0,0,11,14,49,16,15,94,0,0,0,94
11/27/2001,BGR,ME,ANE,EN,Towers with Radar,5,68,34,35,142,0,0,18,12,30,5,68,52,47,172,11,45,56,228
11/28/2001,BGR,ME,ANE,EN,Towers with Radar,6,63,30,30,129,0,2,1,24,27,6,65,31,54,156,2,60,62,218
11/29/2001,BGR,ME,ANE,EN,Towers with Radar,8,58,27,22,115,0,2,7,0,9,8,60,34,22,124,0,0,0,124
11/30/2001,BGR,ME,ANE,EN,Towers with Radar,6,41,19,12,78,1,5,7,0,13,7,46,26,12,91,0,0,0,91
12/01/2001,BGR,ME,ANE,EN,Towers with Radar,8,44,21,19,92,4,0,10,5,19,12,44,31,24,111,6,22,28,139
12/02/2001,BGR,ME,ANE,EN,Towers with Radar,7,36,20,18,81,2,0,46,6,54,9,36,66,24,135,44,16,60,195
12/03/2001,BGR,ME,ANE,EN,Towers with Radar,7,47,22,19,95,4,1,26,4,35,11,48,48,23,130,80,74,154,284
12/04/2001,BGR,ME,ANE,EN,Towers with Radar,4,50,28,25,107,0,0,39,22,61,4,50,67,47,168,45,54,99,267
12/05/2001,BGR,ME,ANE,EN,Towers with Radar,10,53,35,31,129,0,0,35,19,54,10,53,70,50,183,14,44,58,241
12/06/2001,BGR,ME,ANE,EN,Towers with Radar,11,53,31,27,122,2,0,46,20,68,13,53,77,47,190,45,55,100,290
12/07/2001,BGR,ME,ANE,EN,Towers with Radar,7,65,30,26,128,0,6,26,15,47,7,71,56,41,175,78,72,150,325
12/08/2001,BGR,ME,ANE,EN,Towers with Radar,7,43,21,12,83,7,0,61,0,68,14,43,82,12,151,121,49,170,321
12/09/2001,BGR,ME,ANE,EN,Towers with Radar,5,34,16,7,62,5,0,18,0,23,10,34,34,7,85,55,2,57,142
12/10/2001,BGR,ME,ANE,EN,Towers with Radar,9,48,22,20,99,1,0,37,7,45,10,48,59,27,144,33,91,124,268
12/11/2001,BGR,ME,ANE,EN,Towers with Radar,4,52,24,22,102,0,5,36,14,55,4,57,60,36,157,4,92,96,253
12/12/2001,BGR,ME,ANE,EN,Towers with Radar,14,66,34,30,144,0,0,50,26,76,14,66,84,56,220,59,134,193,413
12/13/2001,BGR,ME,ANE,EN,Towers with Radar,11,60,28,23,122,3,3,8,0,14,14,63,36,23,136,0,0,0,136
12/14/2001,BGR,ME,ANE,EN,Towers with Radar,15,56,38,34,143,14,0,25,52,91,29,56,63,86,234,58,144,202,436
12/15/2001,BGR,ME,ANE,EN,Towers with Radar,5,28,13,12,58,0,7,6,9,22,5,35,19,21,80,13,7,20,100
12/16/2001,BGR,ME,ANE,EN,Towers with Radar,7,36,18,11,72,8,0,47,0,55,15,36,65,11,127,32,22,54,181
12/17/2001,BGR,ME,ANE,EN,Towers with Radar,10,52,26,22,110,1,0,18,9,28,11,52,44,31,138,35,23,58,196
12/18/2001,BGR,ME,ANE,EN,Towers with Radar,11,51,24,14,100,2,17,2,0,21,13,68,26,14,121,0,0,0,121
12/19/2001,BGR,ME,ANE,EN,Towers with Radar,8,73,35,31,147,0,0,20,10,30,8,73,55,41,177,34,8,42,219
12/20/2001,BGR,ME,ANE,EN,Towers with Radar,10,49,13,21,93,1,15,0,6,22,11,64,13,27,115,0,42,42,157
12/21/2001,BGR,ME,ANE,EN,Towers with Radar,9,57,27,15,108,0,11,17,0,28,9,68,44,15,136,2,20,22,158
12/22/2001,BGR,ME,ANE,EN,Towers with Radar,8,44,21,19,92,0,8,18,1,27,8,52,39,20,119,4,18,22,141
12/23/2001,BGR,ME,ANE,EN,Towers with Radar,2,22,11,7,42,0,17,41,0,58,2,39,52,7,100,29,1,30,130
12/24/2001,BGR,ME,ANE,EN,Towers with Radar,10,31,8,6,55,0,4,0,0,4,10,35,8,6,59,0,0,0,59
12/25/2001,BGR,ME,ANE,EN,Towers with Radar,0,22,10,6,38,0,9,4,0,13,0,31,14,6,51,0,8,8,59
12/26/2001,BGR,ME,ANE,EN,Towers with Radar,4,52,24,19,99,0,3,4,0,7,4,55,28,19,106,18,4,22,128
12/27/2001,BGR,ME,ANE,EN,Towers with Radar,9,48,22,20,99,0,8,3,9,20,9,56,25,29,119,0,0,0,119
12/28/2001,BGR,ME,ANE,EN,Towers with Radar,7,48,22,19,96,0,14,22,0,36,7,62,44,19,132,66,72,138,270
12/29/2001,BGR,ME,ANE,EN,Towers with Radar,4,33,16,6,59,0,3,18,0,21,4,36,34,6,80,32,12,44,124
12/30/2001,BGR,ME,ANE,EN,Towers with Radar,7,33,16,6,62,1,7,19,0,27,8,40,35,6,89,31,11,42,131
12/31/2001,BGR,ME,ANE,EN,Towers with Radar,11,40,7,5,63,0,4,15,2,21,11,44,22,7,84,11,5,16,100
01/01/2002,BGR,ME,ANE,EN,Towers with Radar,3,29,12,12,56,4,28,43,28,103,7,57,55,40,159,0,0,0,159
01/02/2002,BGR,ME,ANE,EN,Towers with Radar,4,51,22,21,98,6,12,35,14,67,10,63,57,35,165,36,61,97,262
01/03/2002,BGR,ME,ANE,EN,Towers with Radar,7,37,30,28,102,0,0,24,11,35,7,37,54,39,137,40,4,44,181
01/04/2002,BGR,ME,ANE,EN,Towers with Radar,3,38,24,22,87,0,0,29,10,39,3,38,53,32,126,70,60,130,256
01/05/2002,BGR,ME,ANE,EN,Towers with Radar,6,54,24,22,106,5,8,9,13,35,11,62,33,35,141,0,0,0,141
01/06/2002,BGR,ME,ANE,EN,Towers with Radar,3,48,21,19,91,0,5,5,30,40,3,53,26,49,131,3,75,78,209
01/07/2002,BGR,ME,ANE,EN,Towers with Radar,5,40,18,17,80,9,19,25,30,83,14,59,43,47,163,6,30,36,199
01/08/2002,BGR,ME,ANE,EN,Towers with Radar,7,51,23,19,100,11,6,68,0,85,18,57,91,19,185,75,15,90,275
01/09/2002,BGR,ME,ANE,EN,Towers with Radar,6,56,27,24,113,0,0,6,6,12,6,56,33,30,125,10,18,28,153
01/10/2002,BGR,ME,ANE,EN,Towers with Radar,8,40,31,11,90,3,0,9,0,12,11,40,40,11,102,88,18,106,208
01/11/2002,BGR,ME,ANE,EN,Towers with Radar,5,42,29,20,96,0,0,0,0,0,5,42,29,20,96,1,3,4,100
01/12/2002,BGR,ME,ANE,EN,Towers with Radar,6,44,20,17,87,8,12,14,2,36,14,56,34,19,123,33,31,64,187
01/13/2002,BGR,ME,ANE,EN,Towers with Radar,1,16,8,6,31,0,39,41,34,114,1,55,49,40,145,23,21,44,189
01/14/2002,BGR,ME,ANE,EN,Towers with Radar,5,42,19,16,82,1,13,47,15,76,6,55,66,31,158,66,24,90,248
01/15/2002,BGR,ME,ANE,EN,Towers with Radar,6,46,21,18,91,4,7,46,36,93,10,53,67,54,184,37,79,116,300
01/16/2002,BGR,ME,ANE,EN,Towers with Radar,6,55,25,22,108,0,9,44,47,100,6,64,69,69,208,62,107,169,377
01/17/2002,BGR,ME,ANE,EN,Towers with Radar,4,47,25,21,97,0,0,42,25,67,4,47,67,46,164,68,81,149,313
01/18/2002,BGR,ME,ANE,EN,Towers with Radar,6,48,22,16,92,1,4,34,0,39,7,52,56,16,131,70,52,122,253
01/19/2002,BGR,ME,ANE,EN,Towers with Radar,4,31,14,12,61,9,17,38,8,72,13,48,52,20,133,1,13,14,147
01/20/2002,BGR,ME,ANE,EN,Towers with Radar,5,35,17,15,72,17,16,12,23,68,22,51,29,38,140,6,48,54,194
01/21/2002,BGR,ME,ANE,EN,Towers with Radar,6,43,20,18,87,4,14,76,7,101,10,57,96,25,188,9,47,56,244
01/22/2002,BGR,ME,ANE,EN,Towers with Radar,6,26,23,7,62,3,0,8,0,11,9,26,31,7,73,12,2,14,87
01/23/2002,BGR,ME,ANE,EN,Towers with Radar,5,46,22,11,84,3,2,37,0,42,8,48,59,11,126,14,12,26,152
01/24/2002,BGR,ME,ANE,EN,Towers with Radar,6,49,29,14,98,0,0,0,0,0,6,49,29,14,98,45,0,45,143
01/25/2002,BGR,ME,ANE,EN,Towers with Radar,6,39,26,10,81,0,0,0,0,0,6,39,26,10,81,4,2,6,87
01/26/2002,BGR,ME,ANE,EN,Towers with Radar,6,41,16,15,78,8,8,0,0,16,14,49,16,15,94,0,0,0,94
01/27/2002,BGR,ME,ANE,EN,Towers with Radar,5,38,18,16,77,0,30,34,31,95,5,68,52,47,172,11,45,56,228
01/28/2002,BGR,ME,ANE,EN,Towers with Radar,6,55,24,23,108,0,10,7,31,48,6,65,31,54,156,2,60,62,218
01/29/2002,BGR,ME,ANE,EN,Towers with Radar,8,60,30,22,120,0,0,4,0,4,8,60,34,22,124,0,0,0,124
01/30/2002,BGR,ME,ANE,EN,Towers with Radar,7,46,26,12,91,0,0,0,0,0,7,46,26,12,91,0,0,0,91
01/31/2002,BGR,ME,ANE,EN,Towers with Radar,0,0,0,0,0,0,0,0,0,0,0,0,0,0,0,0,0,0,0
02/01/2002,BGR,ME,ANE,EN,Towers with Radar,4,31,9,2,46,3,10,0,0,13,7,41,9,2,59,0,0,0,59
02/02/2002,BGR,ME,ANE,EN,Towers with Radar,4,48,23,17,92,2,3,11,5,21,6,51,34,22,113,7,47,54,167
02/03/2002,BGR,ME,ANE,EN,Towers with Radar,2,42,12,9,65,2,0,17,2,21,4,42,29,11,86,29,1,30,116
02/04/2002,BGR,ME,ANE,EN,Towers with Radar,4,45,21,16,86,3,5,1,0,9,7,50,22,16,95,0,0,0,95
02/05/2002,BGR,ME,ANE,EN,Towers with Radar,1,55,24,19,99,0,7,42,0,49,1,62,66,19,148,28,22,50,198
02/06/2002,BGR,ME,ANE,EN,Towers with Radar,6,63,34,32,135,0,0,48,11,59,6,63,82,43,194,23,87,110,304
02/07/2002,BGR,ME,ANE,EN,Towers with Radar,10,69,50,39,168,0,0,15,9,24,10,69,65,48,192,41,31,72,264
02/08/2002,BGR,ME,ANE,EN,Towers with Radar,6,56,28,26,116,0,0,21,5,26,6,56,49,31,142,29,41,70,212
02/09/2002,BGR,ME,ANE,EN,Towers with Radar,6,48,21,21,96,1,4,33,23,61,7,52,54,44,157,81,49,130,287
02/10/2002,BGR,ME,ANE,EN,Towers with Radar,4,29,13,12,58,4,7,1,4,16,8,36,14,16,74,0,0,0,74
02/11/2002,BGR,ME,ANE,EN,Towers with Radar,6,48,22,20,96,4,7,1,0,12,10,55,23,20,108,0,25,25,133
02/12/2002,BGR,ME,ANE,EN,Towers with Radar,5,57,26,20,108,0,0,24,0,24,5,57,50,20,132,13,17,30,162
02/13/2002,BGR,ME,ANE,EN,Towers with Radar,5,60,31,29,125,0,0,21,4,25,5,60,52,33,150,30,16,46,196
02/14/2002,BGR,ME,ANE,EN,Towers with Radar,11,66,37,33,147,3,0,41,20,64,14,66,78,53,211,61,74,135,346
02/15/2002,BGR,ME,ANE,EN,Towers with Radar,8,58,11,24,101,0,2,18,1,21,8,60,29,25,122,38,76,114,236
02/16/2002,BGR,ME,ANE,EN,Towers with Radar,6,42,20,18,86,2,6,9,9,26,8,48,29,27,112,7,11,18,130
02/17/2002,BGR,ME,ANE,EN,Towers with Radar,5,37,18,15,75,1,6,9,2,18,6,43,27,17,93,24,8,32,125
02/18/2002,BGR,ME,ANE,EN,Towers with Radar,6,40,19,7,72,6,10,3,0,19,12,50,22,7,91,1,1,2,93
02/19/2002,BGR,ME,ANE,EN,Towers with Radar,6,58,28,24,116,0,2,72,1,75,6,60,100,25,191,61,37,98,289
02/20/2002,BGR,ME,ANE,EN,Towers with Radar,8,59,28,25,120,0,15,13,22,50,8,74,41,47,170,19,33,52,222
02/21/2002,BGR,ME,ANE,EN,Towers with Radar,6,44,21,14,85,3,3,1,0,7,9,47,22,14,92,0,0,0,92
02/22/2002,BGR,ME,ANE,EN,Towers with Radar,5,71,37,33,146,0,0,9,18,27,5,71,46,51,173,29,108,137,310
02/23/2002,BGR,ME,ANE,EN,Towers with Radar,6,47,22,10,85,4,5,58,0,67,10,52,80,10,152,98,6,104,256
02/24/2002,BGR,ME,ANE,EN,Towers with Radar,6,40,19,11,76,0,9,60,0,69,6,49,79,11,145,53,18,71,216
02/25/2002,BGR,ME,ANE,EN,Towers with Radar,5,56,27,25,113,0,4,17,5,26,5,60,44,30,139,8,14,22,161
02/26/2002,BGR,ME,ANE,EN,Towers with Radar,4,65,32,33,134,0,0,0,15,15,4,65,32,48,149,1,1,2,151
02/27/2002,BGR,ME,ANE,EN,Towers with Radar,4,57,20,25,106,0,6,0,2,8,4,63,20,27,114,0,0,0,114
02/28/2002,BGR,ME,ANE,EN,Towers with Radar,9,65,31,29,134,0,0,24,16,40,9,65,55,45,174,49,191,240,414
03/01/2002,BGR,ME,ANE,EN,Towers with Radar,9,74,31,35,149,1,0,21,27,49,10,74,52,62,198,104,194,298,496
03/02/2002,BGR,ME,ANE,EN,Towers with Radar,5,44,17,20,86,0,7,52,0,59,5,51,69,20,145,160,56,216,361
03/03/2002,BGR,ME,ANE,EN,Towers with Radar,5,37,13,11,66,3,9,0,0,12,8,46,13,11,78,0,0,0,78
03/04/2002,BGR,ME,ANE,EN,Towers with Radar,7,58,22,25,112,3,9,16,0,28,10,67,38,25,140,5,31,36,176
03/05/2002,BGR,ME,ANE,EN,Towers with Radar,4,59,23,25,111,0,21,23,0,44,4,80,46,25,155,86,43,129,284
03/06/2002,BGR,ME,ANE,EN,Towers with Radar,10,73,32,36,151,0,0,37,23,60,10,73,69,59,211,61,188,249,460
03/07/2002,BGR,ME,ANE,EN,Towers with Radar,10,74,32,36,152,3,0,16,27,46,13,74,48,63,198,69,125,194,392
03/08/2002,BGR,ME,ANE,EN,Towers with Radar,7,67,26,29,129,0,3,26,20,49,7,70,52,49,178,110,100,210,388
03/09/2002,BGR,ME,ANE,EN,Towers with Radar,4,36,12,11,63,5,5,0,0,10,9,41,12,11,73,0,0,0,73
03/10/2002,BGR,ME,ANE,EN,Towers with Radar,4,32,13,6,55,0,12,5,0,17,4,44,18,6,72,0,0,0,72
03/11/2002,BGR,ME,ANE,EN,Towers with Radar,5,49,20,21,95,0,0,7,8,15,5,49,27,29,110,1,39,40,150
03/12/2002,BGR,ME,ANE,EN,Towers with Radar,7,59,24,14,104,0,5,16,0,21,7,64,40,14,125,16,32,48,173
03/13/2002,BGR,ME,ANE,EN,Towers with Radar,5,61,26,27,119,0,0,14,10,24,5,61,40,37,143,20,80,100,243
03/14/2002,BGR,ME,ANE,EN,Towers with Radar,9,67,27,29,132,3,6,45,13,67,12,73,72,42,199,31,97,128,327
03/15/2002,BGR,ME,ANE,EN,Towers with Radar,6,62,25,27,120,0,1,20,9,30,6,63,45,36,150,58,72,130,280
03/16/2002,BGR,ME,ANE,EN,Towers with Radar,4,29,12,0,45,2,14,6,0,22,6,43,18,0,67,0,0,0,67
03/17/2002,BGR,ME,ANE,EN,Towers with Radar,5,40,17,17,79,4,9,48,5,66,9,49,65,22,145,59,11,70,215
03/18/2002,BGR,ME,ANE,EN,Towers with Radar,8,55,22,24,109,5,4,25,0,34,13,59,47,24,143,36,14,50,193
03/19/2002,BGR,ME,ANE,EN,Towers with Radar,8,65,32,34,139,0,0,28,19,47,8,65,60,53,186,83,154,237,423
03/20/2002,BGR,ME,ANE,EN,Towers with Radar,9,66,28,30,133,0,0,1,12,13,9,66,29,42,146,91,55,146,292
03/21/2002,BGR,ME,ANE,EN,Towers with Radar,4,57,23,25,109,0,7,17,10,34,4,64,40,35,143,78,108,186,329
03/22/2002,BGR,ME,ANE,EN,Towers with Radar,6,61,25,26,118,0,17,16,14,47,6,78,41,40,165,23,95,118,283
03/23/2002,BGR,ME,ANE,EN,Towers with Radar,7,50,21,22,100,6,0,15,6,27,13,50,36,28,127,36,50,86,213
03/24/2002,BGR,ME,ANE,EN,Towers with Radar,3,42,17,12,74,0,6,9,0,15,3,48,26,12,89,2,2,4,93
03/25/2002,BGR,ME,ANE,EN,Towers with Radar,7,52,21,23,103,2,7,56,3,68,9,59,77,26,171,27,51,78,249
03/26/2002,BGR,ME,ANE,EN,Towers with Radar,7,50,19,18,94,0,5,29,0,34,7,55,48,18,128,23,51,74,202
03/27/2002,BGR,ME,ANE,EN,Towers with Radar,4,53,20,16,93,0,2,6,0,8,4,55,26,16,101,0,0,0,101
03/28/2002,BGR,ME,ANE,EN,Towers with Radar,9,64,36,41,150,0,0,62,17,79,9,64,98,58,229,163,177,340,569
03/29/2002,BGR,ME,ANE,EN,Towers with Radar,4,55,22,26,107,0,0,47,8,55,4,55,69,34,162,97,121,218,380
03/30/2002,BGR,ME,ANE,EN,Towers with Radar,5,37,13,8,63,3,0,0,0,3,8,37,13,8,66,0,0,0,66
03/31/2002,BGR,ME,ANE,EN,Towers with Radar,4,36,13,7,60,0,7,24,0,31,4,43,37,7,91,45,1,46,137
04/01/2002,BGR,ME,ANE,EN,Towers with Radar,6,44,17,10,77,2,9,0,0,11,8,53,17,10,88,0,8,8,96
04/02/2002,BGR,ME,ANE,EN,Towers with Radar,6,68,32,25,131,0,1,24,25,50,6,69,56,50,181,20,88,108,289
04/03/2002,BGR,ME,ANE,EN,Towers with Radar,2,59,37,27,125,0,5,3,0,8,2,64,40,27,133,0,0,0,133
04/04/2002,BGR,ME,ANE,EN,Towers with Radar,9,66,32,25,132,1,0,16,36,53,10,66,48,61,185,19,249,268,453
04/05/2002,BGR,ME,ANE,EN,Towers with Radar,7,55,33,24,119,0,0,53,54,107,7,55,86,78,226,66,166,232,458
04/06/2002,BGR,ME,ANE,EN,Towers with Radar,7,42,21,14,84,0,5,3,22,30,7,47,24,36,114,29,69,98,212
04/07/2002,BGR,ME,ANE,EN,Towers with Radar,6,43,23,17,89,3,0,48,2,53,9,43,71,19,142,17,23,40,182
04/08/2002,BGR,ME,ANE,EN,Towers with Radar,4,46,23,17,90,0,2,23,16,41,4,48,46,33,131,22,17,39,170
04/09/2002,BGR,ME,ANE,EN,Towers with Radar,4,58,29,17,108,0,0,9,0,9,4,58,38,17,117,0,32,32,149
04/10/2002,BGR,ME,ANE,EN,Towers with Radar,6,67,33,25,131,0,15,22,0,37,6,82,55,25,168,23,71,94,262
04/11/2002,BGR,ME,ANE,EN,Towers with Radar,4,62,32,24,122,0,0,76,19,95,4,62,108,43,217,79,78,157,374
04/12/2002,BGR,ME,ANE,EN,Towers with Radar,9,75,38,29,151,2,0,47,17,66,11,75,85,46,217,77,133,210,427
04/13/2002,BGR,ME,ANE,EN,Towers with Radar,4,41,19,3,67,1,1,15,0,17,5,42,34,3,84,2,2,4,88
04/14/2002,BGR,ME,ANE,EN,Towers with Radar,4,41,19,4,68,3,6,7,0,16,7,47,26,4,84,3,3,6,90
04/15/2002,BGR,ME,ANE,EN,Towers with Radar,5,50,23,1,79,1,6,9,0,16,6,56,32,1,95,12,0,12,107
04/16/2002,BGR,ME,ANE,EN,Towers with Radar,6,64,30,20,120,0,5,36,0,41,6,69,66,20,161,33,9,42,203
04/17/2002,BGR,ME,ANE,EN,Towers with Radar,4,60,28,21,113,0,7,14,0,21,4,67,42,21,134,26,2,28,162
04/18/2002,BGR,ME,ANE,EN,Towers with Radar,8,63,37,28,136,1,0,18,9,28,9,63,55,37,164,0,0,0,164
04/19/2002,BGR,ME,ANE,EN,Towers with Radar,5,45,21,1,72,1,4,6,0,11,6,49,27,1,83,0,0,0,83
04/20/2002,BGR,ME,ANE,EN,Towers with Radar,5,47,22,6,80,2,7,52,0,61,7,54,74,6,141,38,10,48,189
04/21/2002,BGR,ME,ANE,EN,Towers with Radar,4,40,18,9,71,2,8,36,0,46,6,48,54,9,117,10,8,18,135
04/22/2002,BGR,ME,ANE,EN,Towers with Radar,4,57,27,22,110,0,0,27,17,44,4,57,54,39,154,35,93,128,282
04/23/2002,BGR,ME,ANE,EN,Towers with Radar,6,56,26,21,109,3,6,17,22,48,9,62,43,43,157,62,34,96,253
04/24/2002,BGR,ME,ANE,EN,Towers with Radar,4,68,32,26,130,0,3,32,18,53,4,71,64,44,183,79,99,178,361
04/25/2002,BGR,ME,ANE,EN,Towers with Radar,4,68,32,26,130,0,3,37,32,72,4,71,69,58,202,88,140,228,430
04/26/2002,BGR,ME,ANE,EN,Towers with Radar,5,53,25,7,90,2,7,13,0,22,7,60,38,7,112,5,7,12,124
04/27/2002,BGR,ME,ANE,EN,Towers with Radar,4,43,20,16,83,5,3,34,5,47,9,46,54,21,130,76,8,84,214
04/28/2002,BGR,ME,ANE,EN,Towers with Radar,1,37,17,14,69,0,2,18,0,20,1,39,35,14,89,21,19,40,129
04/29/2002,BGR,ME,ANE,EN,Towers with Radar,6,56,27,16,105,3,0,10,0,13,9,56,37,16,118,2,0,2,120
04/30/2002,BGR,ME,ANE,EN,Towers with Radar,6,59,29,23,117,2,0,55,0,57,8,59,84,23,174,41,28,69,243
05/01/2002,BGR,ME,ANE,EN,Towers with Radar,3,72,44,39,158,0,3,30,3,36,3,75,74,42,194,65,125,190,384
05/02/2002,BGR,ME,ANE,EN,Towers with Radar,5,63,26,19,113,0,0,18,6,24,5,63,44,25,137,46,72,118,255
05/03/2002,BGR,ME,ANE,EN,Towers with Radar,7,59,30,32,128,0,1,5,5,11,7,60,35,37,139,1,67,68,207
05/04/2002,BGR,ME,ANE,EN,Towers with Radar,10,58,23,34,125,0,2,30,10,42,10,60,53,44,167,192,130,322,489
05/05/2002,BGR,ME,ANE,EN,Towers with Radar,7,44,29,11,91,0,0,51,2,53,7,44,80,13,144,43,32,75,219
05/06/2002,BGR,ME,ANE,EN,Towers with Radar,4,52,15,22,93,0,3,41,4,48,4,55,56,26,141,44,64,108,249
05/07/2002,BGR,ME,ANE,EN,Towers with Radar,0,62,21,33,116,0,2,33,9,44,0,64,54,42,160,50,92,142,302
05/08/2002,BGR,ME,ANE,EN,Towers with Radar,5,69,32,22,128,0,6,55,19,80,5,75,87,41,208,168,156,324,532
05/09/2002,BGR,ME,ANE,EN,Towers with Radar,4,67,21,47,139,0,3,33,6,42,4,70,54,53,181,151,117,268,449
05/10/2002,BGR,ME,ANE,EN,Towers with Radar,4,67,38,24,133,0,1,34,3,38,4,68,72,27,171,73,113,186,357
05/11/2002,BGR,ME,ANE,EN,Towers with Radar,4,45,19,15,83,0,0,33,0,33,4,45,52,15,116,57,39,96,212
05/12/2002,BGR,ME,ANE,EN,Towers with Radar,5,42,20,10,77,0,0,35,0,35,5,42,55,10,112,25,9,34,146
05/13/2002,BGR,ME,ANE,EN,Towers with Radar,5,55,24,28,112,0,0,27,2,29,5,55,51,30,141,17,102,119,260
05/14/2002,BGR,ME,ANE,EN,Towers with Radar,0,66,30,20,116,0,1,6,0,7,0,67,36,20,123,24,24,48,171
05/15/2002,BGR,ME,ANE,EN,Towers with Radar,5,63,31,27,126,0,2,15,4,21,5,65,46,31,147,42,240,282,429
05/16/2002,BGR,ME,ANE,EN,Towers with Radar,8,56,17,33,114,0,6,58,7,71,8,62,75,40,185,143,83,226,411
05/17/2002,BGR,ME,ANE,EN,Towers with Radar,4,61,42,24,131,0,5,16,20,41,4,66,58,44,172,18,84,102,274
05/18/2002,BGR,ME,ANE,EN,Towers with Radar,4,46,17,18,85,0,0,6,0,6,4,46,23,18,91,28,19,47,138
05/19/2002,BGR,ME,ANE,EN,Towers with Radar,11,42,13,7,73,0,0,28,2,30,11,42,41,9,103,41,7,48,151
05/20/2002,BGR,ME,ANE,EN,Towers with Radar,5,53,21,39,118,0,5,43,1,49,5,58,64,40,167,48,64,112,279
05/21/2002,BGR,ME,ANE,EN,Towers with Radar,3,59,42,37,141,0,8,46,9,63,3,67,88,46,204,47,99,146,350
05/22/2002,BGR,ME,ANE,EN,Towers with Radar,3,70,24,14,111,0,4,51,13,68,3,74,75,27,179,87,94,181,360
05/23/2002,BGR,ME,ANE,EN,Towers with Radar,6,61,29,21,117,0,4,52,9,65,6,65,81,30,182,115,69,184,366
05/24/2002,BGR,ME,ANE,EN,Towers with Radar,4,57,33,15,109,0,4,39,8,51,4,61,72,23,160,20,66,86,246
05/25/2002,BGR,ME,ANE,EN,Towers with Radar,4,47,19,3,73,0,3,27,2,32,4,50,46,5,105,42,6,48,153
05/26/2002,BGR,ME,ANE,EN,Towers with Radar,5,40,24,2,71,0,0,13,0,13,5,40,37,2,84,24,2,26,110
05/27/2002,BGR,ME,ANE,EN,Towers with Radar,5,40,26,2,73,0,3,32,9,44,5,43,58,11,117,37,15,52,169
05/28/2002,BGR,ME,ANE,EN,Towers with Radar,1,64,44,4,113,0,3,37,9,49,1,67,81,13,162,126,42,168,330
05/29/2002,BGR,ME,ANE,EN,Towers with Radar,6,93,24,18,141,0,3,33,21,57,6,96,57,39,198,95,172,267,465
05/30/2002,BGR,ME,ANE,EN,Towers with Radar,7,59,22,22,110,0,2,1,2,5,7,61,23,24,115,0,0,0,115
05/31/2002,BGR,ME,ANE,EN,Towers with Radar,7,56,29,13,105,0,3,4,2,9,7,59,33,15,114,38,16,54,168
06/01/2002,BGR,ME,ANE,EN,Towers with Radar,5,44,33,7,89,0,3,24,12,39,5,47,57,19,128,25,27,52,180
06/02/2002,BGR,ME,ANE,EN,Towers with Radar,4,47,26,8,85,0,0,14,4,18,4,47,40,12,103,16,8,24,127
06/03/2002,BGR,ME,ANE,EN,Towers with Radar,5,53,26,25,109,0,4,35,4,43,5,57,61,29,152,7,37,44,196
06/04/2002,BGR,ME,ANE,EN,Towers with Radar,5,67,25,38,135,0,7,56,9,72,5,74,81,47,207,22,37,59,266
06/05/2002,BGR,ME,ANE,EN,Towers with Radar,7,75,32,29,143,0,0,3,2,5,7,75,35,31,148,2,6,8,156
06/06/2002,BGR,ME,ANE,EN,Towers with Radar,4,55,35,20,114,0,3,10,2,15,4,58,45,22,129,6,39,45,174
06/07/2002,BGR,ME,ANE,EN,Towers with Radar,8,65,37,39,149,0,2,52,23,77,8,67,89,62,226,81,120,201,427
06/08/2002,BGR,ME,ANE,EN,Towers with Radar,6,46,20,10,82,0,1,50,0,51,6,47,70,10,133,74,94,168,301
06/09/2002,BGR,ME,ANE,EN,Towers with Radar,3,44,39,5,91,0,0,25,0,25,3,44,64,5,116,10,10,20,136
06/10/2002,BGR,ME,ANE,EN,Towers with Radar,4,55,48,14,121,0,3,56,10,69,4,58,104,24,190,24,38,62,252
06/11/2002,BGR,ME,ANE,EN,Towers with Radar,3,66,40,41,150,0,0,8,0,8,3,66,48,41,158,2,48,50,208
06/12/2002,BGR,ME,ANE,EN,Towers with Radar,6,69,39,25,139,0,0,2,1,3,6,69,41,26,142,0,10,10,152
06/13/2002,BGR,ME,ANE,EN,Towers with Radar,5,66,48,45,164,0,3,29,10,42,5,69,77,55,206,48,82,130,336
06/14/2002,BGR,ME,ANE,EN,Towers with Radar,7,67,53,10,137,0,3,29,8,40,7,70,82,18,177,40,62,102,279
06/15/2002,BGR,ME,ANE,EN,Towers with Radar,6,44,38,7,95,0,1,10,0,11,6,45,48,7,106,0,0,0,106
06/16/2002,BGR,ME,ANE,EN,Towers with Radar,7,53,24,7,91,0,0,9,0,9,7,53,33,7,100,2,2,4,104
06/17/2002,BGR,ME,ANE,EN,Towers with Radar,5,57,45,24,131,0,2,12,0,14,5,59,57,24,145,7,5,12,157
06/18/2002,BGR,ME,ANE,EN,Towers with Radar,2,64,23,32,121,0,9,12,5,26,2,73,35,37,147,48,88,136,283
06/19/2002,BGR,ME,ANE,EN,Towers with Radar,3,69,31,18,121,0,1,52,26,79,3,70,83,44,200,65,40,105,305
06/20/2002,BGR,ME,ANE,EN,Towers with Radar,7,60,27,21,115,0,8,61,14,83,7,68,88,35,198,130,72,202,400
06/21/2002,BGR,ME,ANE,EN,Towers with Radar,8,55,33,40,136,0,3,62,21,86,8,58,95,61,222,111,99,210,432
06/22/2002,BGR,ME,ANE,EN,Towers with Radar,5,55,29,9,98,0,1,30,5,36,5,56,59,14,134,57,21,78,212
06/23/2002,BGR,ME,ANE,EN,Towers with Radar,7,46,39,2,94,0,0,9,1,10,7,46,48,3,104,16,2,18,122
06/24/2002,BGR,ME,ANE,EN,Towers with Radar,2,54,35,22,113,0,4,24,1,29,2,58,59,23,142,10,52,62,204
06/25/2002,BGR,ME,ANE,EN,Towers with Radar,0,73,36,17,126,0,6,68,14,88,0,79,104,31,214,147,80,227,441
06/26/2002,BGR,ME,ANE,EN,Towers with Radar,7,54,24,16,101,0,5,33,16,54,7,59,57,32,155,39,51,90,245
06/27/2002,BGR,ME,ANE,EN,Towers with Radar,9,65,30,14,118,0,5,27,17,49,9,70,57,31,167,26,50,76,243
06/28/2002,BGR,ME,ANE,EN,Towers with Radar,9,66,45,21,141,0,4,37,10,51,9,70,82,31,192,28,40,68,260
06/29/2002,BGR,ME,ANE,EN,Towers with Radar,7,49,38,1,95,0,0,51,1,52,7,49,89,2,147,64,14,78,225
06/30/2002,BGR,ME,ANE,EN,Towers with Radar,4,49,25,5,83,0,3,37,1,41,4,52,62,6,124,31,9,40,164
07/01/2002,BGR,ME,ANE,EN,Towers with Radar,3,57,36,22,118,1,0,14,0,15,4,57,50,22,133,5,49,54,187
07/02/2002,BGR,ME,ANE,EN,Towers with Radar,0,69,53,7,129,0,4,18,0,22,0,73,71,7,151,5,15,20,171
07/03/2002,BGR,ME,ANE,EN,Towers with Radar,4,69,34,6,113,0,4,41,2,47,4,73,75,8,160,44,8,52,212
07/04/2002,BGR,ME,ANE,EN,Towers with Radar,6,40,26,1,73,0,5,35,0,40,6,45,61,1,113,11,11,22,135
07/05/2002,BGR,ME,ANE,EN,Towers with Radar,4,53,32,3,92,0,5,33,1,39,4,58,65,4,131,26,14,40,171
07/06/2002,BGR,ME,ANE,EN,Towers with Radar,8,51,29,4,92,0,1,31,3,35,8,52,60,7,127,80,30,110,237
07/07/2002,BGR,ME,ANE,EN,Towers with Radar,4,55,40,5,104,0,0,29,0,29,4,55,69,5,133,39,23,62,195
07/08/2002,BGR,ME,ANE,EN,Towers with Radar,7,75,48,11,141,0,1,20,9,30,7,76,68,20,171,8,10,18,189
07/09/2002,BGR,ME,ANE,EN,Towers with Radar,3,69,33,36,141,0,5,23,6,34,3,74,56,42,175,64,76,140,315
07/10/2002,BGR,ME,ANE,EN,Towers with Radar,7,80,33,14,134,0,9,46,11,66,7,89,79,25,200,61,67,128,328
07/11/2002,BGR,ME,ANE,EN,Towers with Radar,9,74,41,23,147,1,6,33,6,46,10,80,74,29,193,21,71,92,285
07/12/2002,BGR,ME,ANE,EN,Towers with Radar,11,74,26,19,130,0,5,61,21,87,11,79,87,40,217,38,76,114,331
07/13/2002,BGR,ME,ANE,EN,Towers with Radar,9,57,37,8,111,0,4,50,9,63,9,61,87,17,174,79,27,106,280
07/14/2002,BGR,ME,ANE,EN,Towers with Radar,7,60,32,4,103,0,2,49,3,54,7,62,81,7,157,44,20,64,221
07/15/2002,BGR,ME,ANE,EN,Towers with Radar,8,71,47,11,137,0,1,3,0,4,8,72,50,11,141,0,2,2,143
07/16/2002,BGR,ME,ANE,EN,Towers with Radar,0,70,32,16,118,0,5,29,3,37,0,75,61,19,155,33,64,97,252
07/17/2002,BGR,ME,ANE,EN,Towers with Radar,10,85,52,25,172,0,1,54,16,71,10,86,106,41,243,50,89,139,382
07/18/2002,BGR,ME,ANE,EN,Towers with Radar,8,78,57,37,180,0,1,43,11,55,8,79,100,48,235,162,111,273,508
07/19/2002,BGR,ME,ANE,EN,Towers with Radar,6,79,55,16,156,0,11,44,3,58,6,90,99,19,214,101,91,192,406
07/20/2002,BGR,ME,ANE,EN,Towers with Radar,6,59,40,5,110,0,1,24,3,28,6,60,64,8,138,46,10,56,194
07/21/2002,BGR,ME,ANE,EN,Towers with Radar,4,59,45,3,111,0,1,49,1,51,4,60,94,4,162,42,28,70,232
07/22/2002,BGR,ME,ANE,EN,Towers with Radar,4,74,47,16,141,0,4,18,9,31,4,78,65,25,172,5,17,22,194
07/23/2002,BGR,ME,ANE,EN,Towers with Radar,1,72,24,13,110,0,0,18,7,25,1,72,42,20,135,28,10,38,173
07/24/2002,BGR,ME,ANE,EN,Towers with Radar,16,78,52,53,199,0,5,79,6,90,16,83,131,59,289,176,250,426,715
07/25/2002,BGR,ME,ANE,EN,Towers with Radar,5,76,42,23,146,0,5,67,12,84,5,81,109,35,230,70,45,115,345
07/26/2002,BGR,ME,ANE,EN,Towers with Radar,7,65,29,11,112,0,2,72,26,100,7,67,101,37,212,55,33,88,300
07/27/2002,BGR,ME,ANE,EN,Towers with Radar,7,62,50,15,134,0,0,13,2,15,7,62,63,17,149,36,172,208,357
07/28/2002,BGR,ME,ANE,EN,Towers with Radar,6,62,34,10,112,0,3,5,0,8,6,65,39,10,120,12,44,56,176
07/29/2002,BGR,ME,ANE,EN,Towers with Radar,6,73,30,14,123,0,4,14,0,18,6,77,44,14,141,10,4,14,155
07/30/2002,BGR,ME,ANE,EN,Towers with Radar,1,77,28,32,138,0,5,22,0,27,1,82,50,32,165,19,32,51,216
07/31/2002,BGR,ME,ANE,EN,Towers with Radar,7,86,49,19,161,1,4,59,17,81,8,90,108,36,242,145,77,222,464
08/01/2002,BGR,ME,ANE,EN,Towers with Radar,3,85,46,23,157,0,0,71,16,87,3,85,117,39,244,157,173,330,574
08/02/2002,BGR,ME,ANE,EN,Towers with Radar,5,76,45,23,149,0,0,65,35,100,5,76,110,58,249,153,109,262,511
08/03/2002,BGR,ME,ANE,EN,Towers with Radar,8,52,36,10,106,1,1,28,6,36,9,53,64,16,142,13,17,30,172
08/04/2002,BGR,ME,ANE,EN,Towers with Radar,8,54,36,4,102,1,1,46,0,48,9,55,82,4,150,25,17,42,192
08/05/2002,BGR,ME,ANE,EN,Towers with Radar,9,67,34,16,126,1,3,13,1,18,10,70,47,17,144,25,24,49,193
08/06/2002,BGR,ME,ANE,EN,Towers with Radar,5,73,19,20,117,1,4,36,2,43,6,77,55,22,160,59,69,128,288
08/07/2002,BGR,ME,ANE,EN,Towers with Radar,13,72,33,20,138,1,7,41,12,61,14,79,74,32,199,78,61,139,338
08/08/2002,BGR,ME,ANE,EN,Towers with Radar,4,69,26,36,135,1,9,62,3,75,5,78,88,39,210,112,60,172,382
08/09/2002,BGR,ME,ANE,EN,Towers with Radar,6,76,40,19,141,1,4,78,19,102,7,80,118,38,243,162,62,224,467
08/10/2002,BGR,ME,ANE,EN,Towers with Radar,9,51,22,10,92,0,6,53,18,77,9,57,75,28,169,95,87,182,351
08/11/2002,BGR,ME,ANE,EN,Towers with Radar,8,53,38,9,108,0,2,42,0,44,8,55,80,9,152,38,26,64,216
08/12/2002,BGR,ME,ANE,EN,Towers with Radar,7,71,39,22,139,0,3,33,1,37,7,74,72,23,176,12,42,54,230
08/13/2002,BGR,ME,ANE,EN,Towers with Radar,4,78,36,22,140,0,3,38,8,49,4,81,74,30,189,54,62,116,305
08/14/2002,BGR,ME,ANE,EN,Towers with Radar,7,76,32,28,143,0,2,29,19,50,7,78,61,47,193,22,82,104,297
08/15/2002,BGR,ME,ANE,EN,Towers with Radar,6,74,37,8,125,0,3,33,10,46,6,77,70,18,171,31,43,74,245
08/16/2002,BGR,ME,ANE,EN,Towers with Radar,9,70,34,10,123,0,3,12,3,18,9,73,46,13,141,30,31,61,202
08/17/2002,BGR,ME,ANE,EN,Towers with Radar,6,47,21,5,79,0,2,32,0,34,6,49,53,5,113,76,28,104,217
08/18/2002,BGR,ME,ANE,EN,Towers with Radar,8,52,26,1,87,0,7,41,1,49,8,59,67,2,136,13,13,26,162
08/19/2002,BGR,ME,ANE,EN,Towers with Radar,4,69,32,22,127,0,4,53,3,60,4,73,85,25,187,44,58,102,289
08/20/2002,BGR,ME,ANE,EN,Towers with Radar,0,67,22,13,102,0,3,50,11,64,0,70,72,24,166,10,5,15,181
08/21/2002,BGR,ME,ANE,EN,Towers with Radar,8,76,28,33,145,0,6,60,15,81,8,82,88,48,226,43,145,188,414
08/22/2002,BGR,ME,ANE,EN,Towers with Radar,5,80,30,12,127,0,6,18,10,34,5,86,48,22,161,12,10,22,183
08/23/2002,BGR,ME,ANE,EN,Towers with Radar,6,74,23,15,118,0,5,52,20,77,6,79,75,35,195,53,57,110,305
08/24/2002,BGR,ME,ANE,EN,Towers with Radar,6,62,47,10,125,0,5,86,1,92,6,67,133,11,217,133,81,214,431
08/25/2002,BGR,ME,ANE,EN,Towers with Radar,6,53,21,1,81,0,2,38,0,40,6,55,59,1,121,64,15,79,200
08/26/2002,BGR,ME,ANE,EN,Towers with Radar,6,67,24,18,115,0,10,41,3,54,6,77,65,21,169,43,31,74,243
08/27/2002,BGR,ME,ANE,EN,Towers with Radar,3,79,22,27,131,0,6,61,4,71,3,85,83,31,202,72,124,196,398
08/28/2002,BGR,ME,ANE,EN,Towers with Radar,12,72,36,37,157,0,9,56,28,93,12,81,92,65,250,201,159,360,610
08/29/2002,BGR,ME,ANE,EN,Towers with Radar,12,77,36,31,156,0,3,46,8,57,12,80,82,39,213,105,167,272,485
08/30/2002,BGR,ME,ANE,EN,Towers with Radar,5,79,41,13,138,0,4,41,3,48,5,83,82,16,186,84,74,158,344
08/31/2002,BGR,ME,ANE,EN,Towers with Radar,7,49,44,4,104,0,4,46,2,52,7,53,90,6,156,60,30,90,246
09/01/2002,BGR,ME,ANE,EN,Towers with Radar,6,44,29,2,81,0,2,32,0,34,6,46,61,2,115,14,17,31,146
09/02/2002,BGR,ME,ANE,EN,Towers with Radar,7,50,42,2,101,0,0,18,0,18,7,50,60,2,119,2,2,4,123
09/03/2002,BGR,ME,ANE,EN,Towers with Radar,1,77,34,9,121,0,0,0,0,0,1,77,34,9,121,1,1,2,123
09/04/2002,BGR,ME,ANE,EN,Towers with Radar,7,84,40,27,158,0,0,1,0,1,7,84,41,27,159,11,57,68,227
09/05/2002,BGR,ME,ANE,EN,Towers with Radar,7,67,43,20,137,0,4,55,12,71,7,71,98,32,208,65,101,166,374
09/06/2002,BGR,ME,ANE,EN,Towers with Radar,11,72,45,25,153,0,5,68,26,99,11,77,113,51,252,127,121,248,500
09/07/2002,BGR,ME,ANE,EN,Towers with Radar,5,44,18,9,76,0,5,70,6,81,5,49,88,15,157,32,38,70,227
09/08/2002,BGR,ME,ANE,EN,Towers with Radar,4,51,24,7,86,0,0,52,5,57,4,51,76,12,143,49,25,74,217
09/09/2002,BGR,ME,ANE,EN,Towers with Radar,4,62,35,10,111,0,2,52,3,57,4,64,87,13,168,27,29,56,224
09/10/2002,BGR,ME,ANE,EN,Towers with Radar,2,80,42,17,141,0,2,61,12,75,2,82,103,29,216,93,52,145,361
09/11/2002,BGR,ME,ANE,EN,Towers with Radar,3,64,43,14,124,0,0,4,9,13,3,64,47,23,137,43,1,44,181
09/12/2002,BGR,ME,ANE,EN,Towers with Radar,5,64,40,20,129,1,6,21,14,42,6,70,61,34,171,74,39,113,284
09/13/2002,BGR,ME,ANE,EN,Towers with Radar,6,63,36,37,142,0,3,29,16,48,6,66,65,53,190,67,43,110,300
09/14/2002,BGR,ME,ANE,EN,Towers with Radar,10,45,23,14,92,0,5,63,8,76,10,50,86,22,168,31,43,74,242
09/15/2002,BGR,ME,ANE,EN,Towers with Radar,3,47,16,2,68,0,0,2,0,2,3,47,18,2,70,0,0,0,70
09/16/2002,BGR,ME,ANE,EN,Towers with Radar,4,69,35,33,141,0,0,0,0,0,4,69,35,33,141,0,0,0,141
09/17/2002,BGR,ME,ANE,EN,Towers with Radar,0,78,56,38,172,0,0,66,8,74,0,78,122,46,246,169,103,272,518
09/18/2002,BGR,ME,ANE,EN,Towers with Radar,12,63,49,38,162,0,8,62,13,83,12,71,111,51,245,143,139,282,527
09/19/2002,BGR,ME,ANE,EN,Towers with Radar,2,71,35,32,140,0,3,61,16,80,2,74,96,48,220,84,126,210,430
09/20/2002,BGR,ME,ANE,EN,Towers with Radar,4,81,45,17,147,0,2,35,8,45,4,83,80,25,192,66,75,141,333
09/21/2002,BGR,ME,ANE,EN,Towers with Radar,4,39,24,4,71,0,3,27,0,30,4,42,51,4,101,75,17,92,193
09/22/2002,BGR,ME,ANE,EN,Towers with Radar,8,57,37,0,102,0,0,13,0,13,8,57,50,0,115,7,7,14,129
09/23/2002,BGR,ME,ANE,EN,Towers with Radar,6,57,20,19,102,0,3,3,0,6,6,60,23,19,108,14,12,26,134
09/24/2002,BGR,ME,ANE,EN,Towers with Radar,0,71,41,29,141,0,8,40,11,59,0,79,81,40,200,17,29,46,246
09/25/2002,BGR,ME,ANE,EN,Towers with Radar,6,66,33,19,124,0,5,36,12,53,6,71,69,31,177,118,68,186,363
09/26/2002,BGR,ME,ANE,EN,Towers with Radar,3,72,35,17,127,0,4,36,6,46,3,76,71,23,173,43,81,124,297
09/27/2002,BGR,ME,ANE,EN,Towers with Radar,6,71,44,21,142,0,0,5,1,6,6,71,49,22,148,10,64,74,222
09/28/2002,BGR,ME,ANE,EN,Towers with Radar,4,43,14,4,65,0,2,9,0,11,4,45,23,4,76,16,4,20,96
09/29/2002,BGR,ME,ANE,EN,Towers with Radar,4,44,28,3,79,0,1,58,0,59,4,45,86,3,138,46,20,66,204
09/30/2002,BGR,ME,ANE,EN,Towers with Radar,5,60,43,22,130,0,2,42,5,49,5,62,85,27,179,43,35,78,257
10/01/2002,BGR,ME,ANE,EN,Towers with Radar,2,67,36,32,137,0,2,38,0,40,2,69,74,32,177,51,85,136,313
10/02/2002,BGR,ME,ANE,EN,Towers with Radar,6,72,25,29,132,0,2,18,1,21,6,74,43,30,153,10,32,42,195
10/03/2002,BGR,ME,ANE,EN,Towers with Radar,5,66,27,41,139,0,3,37,4,44,5,69,64,45,183,26,104,130,313
10/04/2002,BGR,ME,ANE,EN,Towers with Radar,6,70,37,28,141,4,0,39,9,52,10,70,76,37,193,86,186,272,465
10/05/2002,BGR,ME,ANE,EN,Towers with Radar,6,49,15,5,75,0,1,7,0,8,6,50,22,5,83,6,0,6,89
10/06/2002,BGR,ME,ANE,EN,Towers with Radar,0,48,28,15,91,0,2,44,0,46,0,50,72,15,137,25,39,64,201
10/07/2002,BGR,ME,ANE,EN,Towers with Radar,6,59,29,20,114,0,3,15,1,19,6,62,44,21,133,26,56,82,215
10/08/2002,BGR,ME,ANE,EN,Towers with Radar,2,69,22,45,138,0,4,46,2,52,2,73,68,47,190,20,128,148,338
10/09/2002,BGR,ME,ANE,EN,Towers with Radar,8,64,28,28,128,0,5,40,10,55,8,69,68,38,183,75,147,222,405
10/10/2002,BGR,ME,ANE,EN,Towers with Radar,0,71,30,31,132,0,1,14,0,15,0,72,44,31,147,16,32,48,195
10/11/2002,BGR,ME,ANE,EN,Towers with Radar,4,63,41,24,132,0,2,22,0,24,4,65,63,24,156,73,101,174,330
10/12/2002,BGR,ME,ANE,EN,Towers with Radar,6,46,24,2,78,0,0,18,1,19,6,46,42,3,97,15,3,18,115
10/13/2002,BGR,ME,ANE,EN,Towers with Radar,1,49,29,4,83,0,0,4,0,4,1,49,33,4,87,1,1,2,89
10/14/2002,BGR,ME,ANE,EN,Towers with Radar,4,56,25,2,87,0,0,28,0,28,4,56,53,2,115,0,0,0,115
10/15/2002,BGR,ME,ANE,EN,Towers with Radar,2,62,13,21,98,0,3,67,2,72,2,65,80,23,170,67,74,141,311
10/16/2002,BGR,ME,ANE,EN,Towers with Radar,8,68,23,7,106,0,1,12,1,14,8,69,35,8,120,0,0,0,120
10/17/2002,BGR,ME,ANE,EN,Towers with Radar,3,59,38,24,124,0,4,31,7,42,3,63,69,31,166,72,28,100,266
10/18/2002,BGR,ME,ANE,EN,Towers with Radar,7,61,35,20,123,0,2,20,4,26,7,63,55,24,149,12,20,32,181
10/19/2002,BGR,ME,ANE,EN,Towers with Radar,2,44,27,9,82,0,2,9,4,15,2,46,36,13,97,56,16,72,169
10/20/2002,BGR,ME,ANE,EN,Towers with Radar,0,48,37,4,89,0,3,20,5,28,0,51,57,9,117,8,4,12,129
10/21/2002,BGR,ME,ANE,EN,Towers with Radar,3,56,26,20,105,1,3,20,15,39,4,59,46,35,144,14,23,37,181
10/22/2002,BGR,ME,ANE,EN,Towers with Radar,2,59,10,15,86,0,7,36,8,51,2,66,46,23,137,3,3,6,143
10/23/2002,BGR,ME,ANE,EN,Towers with Radar,8,67,19,40,134,0,3,37,12,52,8,70,56,52,186,49,95,144,330
10/24/2002,BGR,ME,ANE,EN,Towers with Radar,0,58,31,22,111,0,5,35,9,49,0,63,66,31,160,12,106,118,278
10/25/2002,BGR,ME,ANE,EN,Towers with Radar,6,65,44,13,128,0,4,47,6,57,6,69,91,19,185,51,60,111,296
10/26/2002,BGR,ME,ANE,EN,Towers with Radar,7,45,23,5,80,0,1,7,0,8,7,46,30,5,88,2,2,4,92
10/27/2002,BGR,ME,ANE,EN,Towers with Radar,1,39,18,9,67,0,10,18,0,28,1,49,36,9,95,15,6,21,116
10/28/2002,BGR,ME,ANE,EN,Towers with Radar,4,57,15,25,101,0,6,21,2,29,4,63,36,27,130,35,29,64,194
10/29/2002,BGR,ME,ANE,EN,Towers with Radar,4,71,25,28,128,0,2,30,4,36,4,73,55,32,164,42,34,76,240
10/30/2002,BGR,ME,ANE,EN,Towers with Radar,4,62,31,32,129,0,2,19,9,30,4,64,50,41,159,57,105,162,321
10/31/2002,BGR,ME,ANE,EN,Towers with Radar,0,59,42,29,130,0,7,46,5,58,0,66,88,34,188,111,53,164,352
11/01/2002,BGR,ME,ANE,EN,Towers with Radar,6,65,24,30,125,0,1,10,9,20,6,66,34,39,145,37,31,68,213
11/02/2002,BGR,ME,ANE,EN,Towers with Radar,5,42,9,11,67,0,2,9,16,27,5,44,18,27,94,1,5,6,100
11/03/2002,BGR,ME,ANE,EN,Towers with Radar,1,37,16,11,65,0,5,39,11,55,1,42,55,22,120,4,12,16,136
11/04/2002,BGR,ME,ANE,EN,Towers with Radar,3,58,25,15,101,0,2,16,2,20,3,60,41,17,121,17,31,48,169
11/05/2002,BGR,ME,ANE,EN,Towers with Radar,2,71,35,16,124,0,2,6,2,10,2,73,41,18,134,0,0,0,134
11/06/2002,BGR,ME,ANE,EN,Towers with Radar,2,61,19,8,90,0,0,0,1,1,2,61,19,9,91,0,0,0,91
11/07/2002,BGR,ME,ANE,EN,Towers with Radar,2,59,23,24,108,0,6,17,5,28,2,65,40,29,136,30,106,136,272
11/08/2002,BGR,ME,ANE,EN,Towers with Radar,7,62,26,16,111,0,2,43,17,62,7,64,69,33,173,49,99,148,321
11/09/2002,BGR,ME,ANE,EN,Towers with Radar,4,38,20,5,67,0,1,34,4,39,4,39,54,9,106,56,48,104,210
11/10/2002,BGR,ME,ANE,EN,Towers with Radar,0,38,13,5,56,0,0,9,0,9,0,38,22,5,65,5,4,9,74
11/11/2002,BGR,ME,ANE,EN,Towers with Radar,3,50,16,1,70,0,0,0,0,0,3,50,16,1,70,0,0,0,70
11/12/2002,BGR,ME,ANE,EN,Towers with Radar,1,58,41,62,162,0,0,14,6,20,1,58,55,68,182,9,131,140,322
11/13/2002,BGR,ME,ANE,EN,Towers with Radar,4,67,28,31,130,0,0,0,0,0,4,67,28,31,130,0,0,0,130
11/14/2002,BGR,ME,ANE,EN,Towers with Radar,5,70,28,25,128,0,2,52,18,72,5,72,80,43,200,154,160,314,514
11/15/2002,BGR,ME,ANE,EN,Towers with Radar,5,77,32,25,139,8,6,28,19,61,13,83,60,44,200,119,112,231,431
11/16/2002,BGR,ME,ANE,EN,Towers with Radar,3,39,18,14,74,4,0,22,1,27,7,39,40,15,101,15,45,60,161
11/17/2002,BGR,ME,ANE,EN,Towers with Radar,4,33,3,1,41,0,0,0,0,0,4,33,3,1,41,0,0,0,41
11/18/2002,BGR,ME,ANE,EN,Towers with Radar,2,43,13,16,74,0,3,5,3,11,2,46,18,19,85,2,36,38,123
11/19/2002,BGR,ME,ANE,EN,Towers with Radar,0,59,28,25,112,0,2,33,9,44,0,61,61,34,156,45,97,142,298
11/20/2002,BGR,ME,ANE,EN,Towers with Radar,5,49,28,19,101,0,0,4,0,4,5,49,32,19,105,0,0,0,105
11/21/2002,BGR,ME,ANE,EN,Towers with Radar,0,38,23,8,69,0,0,0,0,0,0,38,23,8,69,0,0,0,69
11/22/2002,BGR,ME,ANE,EN,Towers with Radar,3,59,16,12,90,0,0,0,0,0,3,59,16,12,90,0,0,0,90
11/23/2002,BGR,ME,ANE,EN,Towers with Radar,3,42,11,6,62,0,1,1,0,2,3,43,12,6,64,0,0,0,64
11/24/2002,BGR,ME,ANE,EN,Towers with Radar,6,43,22,3,74,0,0,7,1,8,6,43,29,4,82,8,8,16,98
11/25/2002,BGR,ME,ANE,EN,Towers with Radar,8,54,20,32,114,0,3,49,6,58,8,57,69,38,172,70,116,186,358
11/26/2002,BGR,ME,ANE,EN,Towers with Radar,8,67,51,35,161,0,8,40,8,56,8,75,91,43,217,59,86,145,362
11/27/2002,BGR,ME,ANE,EN,Towers with Radar,11,66,41,46,164,0,9,25,1,35,11,75,66,47,199,76,154,230,429
11/28/2002,BGR,ME,ANE,EN,Towers with Radar,1,34,12,0,47,0,0,15,0,15,1,34,27,0,62,3,3,6,68
11/29/2002,BGR,ME,ANE,EN,Towers with Radar,5,49,12,2,68,0,1,25,0,26,5,50,37,2,94,46,2,48,142
11/30/2002,BGR,ME,ANE,EN,Towers with Radar,3,43,11,10,67,0,1,18,5,24,3,44,29,15,91,36,0,36,127
12/01/2002,BGR,ME,ANE,EN,Towers with Radar,2,49,18,6,75,1,0,6,1,8,3,49,24,7,83,2,2,4,87
12/02/2002,BGR,ME,ANE,EN,Towers with Radar,3,55,20,30,108,0,5,29,0,34,3,60,49,30,142,5,9,14,156
12/03/2002,BGR,ME,ANE,EN,Towers with Radar,10,52,19,34,115,0,3,20,1,24,10,55,39,35,139,18,96,114,253
12/04/2002,BGR,ME,ANE,EN,Towers with Radar,9,57,26,31,123,0,4,24,21,49,9,61,50,52,172,57,109,166,338
12/05/2002,BGR,ME,ANE,EN,Towers with Radar,5,54,24,44,127,0,4,31,6,41,5,58,55,50,168,66,98,164,332
12/06/2002,BGR,ME,ANE,EN,Towers with Radar,7,60,27,33,127,0,5,28,24,57,7,65,55,57,184,74,182,256,440
12/07/2002,BGR,ME,ANE,EN,Towers with Radar,6,45,19,37,107,0,2,33,7,42,6,47,52,44,149,37,73,110,259
12/08/2002,BGR,ME,ANE,EN,Towers with Radar,3,35,31,5,74,0,3,33,3,39,3,38,64,8,113,57,11,68,181
12/09/2002,BGR,ME,ANE,EN,Towers with Radar,3,50,16,21,90,0,5,11,4,20,3,55,27,25,110,16,50,66,176
12/10/2002,BGR,ME,ANE,EN,Towers with Radar,6,59,35,30,130,0,5,45,2,52,6,64,80,32,182,51,39,90,272
12/11/2002,BGR,ME,ANE,EN,Towers with Radar,8,68,30,26,132,0,0,32,16,48,8,68,62,42,180,148,130,278,458
12/12/2002,BGR,ME,ANE,EN,Towers with Radar,9,65,40,19,133,0,2,2,0,4,9,67,42,19,137,43,41,84,221
12/13/2002,BGR,ME,ANE,EN,Towers with Radar,8,65,22,26,121,0,3,41,9,53,8,68,63,35,174,92,124,216,390
12/14/2002,BGR,ME,ANE,EN,Towers with Radar,4,38,8,4,54,0,0,2,0,2,4,38,10,4,56,0,0,0,56
12/15/2002,BGR,ME,ANE,EN,Towers with Radar,2,44,18,8,72,0,0,7,0,7,2,44,25,8,79,1,1,2,81
12/16/2002,BGR,ME,ANE,EN,Towers with Radar,17,49,26,16,108,0,2,4,0,6,17,51,30,16,114,3,13,16,130
12/17/2002,BGR,ME,ANE,EN,Towers with Radar,12,60,27,28,127,0,2,36,9,47,12,62,63,37,174,55,105,160,334
12/18/2002,BGR,ME,ANE,EN,Towers with Radar,14,65,16,25,120,0,2,49,8,59,14,67,65,33,179,140,70,210,389
12/19/2002,BGR,ME,ANE,EN,Towers with Radar,7,65,25,28,125,0,8,35,10,53,7,73,60,38,178,28,46,74,252
12/20/2002,BGR,ME,ANE,EN,Towers with Radar,13,63,35,12,123,0,1,1,0,2,13,64,36,12,125,0,0,0,125
12/21/2002,BGR,ME,ANE,EN,Towers with Radar,4,47,28,4,83,0,3,21,6,30,4,50,49,10,113,82,45,127,240
12/22/2002,BGR,ME,ANE,EN,Towers with Radar,2,41,15,3,61,0,0,30,0,30,2,41,45,3,91,9,9,18,109
12/23/2002,BGR,ME,ANE,EN,Towers with Radar,7,52,6,24,89,0,2,19,2,23,7,54,25,26,112,13,31,44,156
12/24/2002,BGR,ME,ANE,EN,Towers with Radar,2,38,11,8,59,0,1,13,0,14,2,39,24,8,73,7,11,18,91
12/25/2002,BGR,ME,ANE,EN,Towers with Radar,4,29,1,0,34,0,7,0,0,7,4,36,1,0,41,0,0,0,41
12/26/2002,BGR,ME,ANE,EN,Towers with Radar,6,47,17,7,77,0,3,5,0,8,6,50,22,7,85,0,0,0,85
12/27/2002,BGR,ME,ANE,EN,Towers with Radar,4,55,19,15,93,0,2,27,3,32,4,57,46,18,125,61,67,128,253
12/28/2002,BGR,ME,ANE,EN,Towers with Radar,12,43,27,2,84,0,0,41,0,41,12,43,68,2,125,76,14,90,215
12/29/2002,BGR,ME,ANE,EN,Towers with Radar,4,39,19,2,64,0,0,19,0,19,4,39,38,2,83,8,6,14,97
12/30/2002,BGR,ME,ANE,EN,Towers with Radar,8,49,7,14,78,0,2,29,1,32,8,51,36,15,110,32,57,89,199
12/31/2002,BGR,ME,ANE,EN,Towers with Radar,1,51,10,0,62,0,1,0,0,1,1,52,10,0,63,0,0,0,63
01/01/2003,BGR,ME,ANE,EN,Towers with Radar,7,47,7,0,61,1,0,12,0,13,8,47,19,0,74,1,1,2,76
01/02/2003,BGR,ME,ANE,EN,Towers with Radar,7,58,20,26,111,0,2,8,5,15,7,60,28,31,126,12,69,81,207
01/03/2003,BGR,ME,ANE,EN,Towers with Radar,11,51,10,8,80,0,2,23,1,26,11,53,33,9,106,30,12,42,148
01/04/2003,BGR,ME,ANE,EN,Towers with Radar,1,26,1,0,28,0,0,0,1,1,1,26,1,1,29,0,0,0,29
01/05/2003,BGR,ME,ANE,EN,Towers with Radar,5,42,13,2,62,0,0,17,1,18,5,42,30,3,80,0,0,0,80
01/06/2003,BGR,ME,ANE,EN,Towers with Radar,4,46,18,15,83,0,10,0,0,10,4,56,18,15,93,16,0,16,109
01/07/2003,BGR,ME,ANE,EN,Towers with Radar,0,65,6,36,107,0,1,38,9,48,0,66,44,45,155,39,107,146,301
01/08/2003,BGR,ME,ANE,EN,Towers with Radar,0,72,26,30,128,0,1,9,10,20,0,73,35,40,148,50,56,106,254
01/09/2003,BGR,ME,ANE,EN,Towers with Radar,4,75,25,38,142,0,2,29,15,46,4,77,54,53,188,86,80,166,354
01/10/2003,BGR,ME,ANE,EN,Towers with Radar,4,62,10,60,136,0,3,12,21,36,4,65,22,81,172,5,30,35,207
01/11/2003,BGR,ME,ANE,EN,Towers with Radar,5,37,11,9,62,0,2,10,14,26,5,39,21,23,88,13,13,26,114
01/12/2003,BGR,ME,ANE,EN,Towers with Radar,6,42,16,27,91,0,1,15,6,22,6,43,31,33,113,9,21,30,143
01/13/2003,BGR,ME,ANE,EN,Towers with Radar,2,49,18,37,106,0,2,22,0,24,2,51,40,37,130,2,60,62,192
01/14/2003,BGR,ME,ANE,EN,Towers with Radar,6,60,23,42,131,0,1,26,5,32,6,61,49,47,163,36,122,158,321
01/15/2003,BGR,ME,ANE,EN,Towers with Radar,3,65,28,35,131,0,6,23,6,35,3,71,51,41,166,0,26,26,192
01/16/2003,BGR,ME,ANE,EN,Towers with Radar,6,64,52,70,192,0,5,38,24,67,6,69,90,94,259,114,167,281,540
01/17/2003,BGR,ME,ANE,EN,Towers with Radar,6,64,23,37,130,0,6,28,16,50,6,70,51,53,180,18,134,152,332
01/18/2003,BGR,ME,ANE,EN,Towers with Radar,2,36,6,32,76,0,2,33,19,54,2,38,39,51,130,6,20,26,156
01/19/2003,BGR,ME,ANE,EN,Towers with Radar,6,50,8,15,79,0,2,13,0,15,6,52,21,15,94,6,2,8,102
01/20/2003,BGR,ME,ANE,EN,Towers with Radar,2,50,30,9,91,0,0,6,0,6,2,50,36,9,97,2,0,2,99
01/21/2003,BGR,ME,ANE,EN,Towers with Radar,0,68,10,29,107,0,2,12,4,18,0,70,22,33,125,6,6,12,137
01/22/2003,BGR,ME,ANE,EN,Towers with Radar,7,60,24,9,100,0,2,7,2,11,7,62,31,11,111,6,0,6,117
01/23/2003,BGR,ME,ANE,EN,Towers with Radar,3,57,17,55,132,0,8,18,3,29,3,65,35,58,161,18,42,60,221
01/24/2003,BGR,ME,ANE,EN,Towers with Radar,12,64,39,41,156,0,5,23,15,43,12,69,62,56,199,51,43,94,293
01/25/2003,BGR,ME,ANE,EN,Towers with Radar,11,36,19,36,102,0,1,30,7,38,11,37,49,43,140,64,88,152,292
01/26/2003,BGR,ME,ANE,EN,Towers with Radar,7,42,20,16,85,0,0,5,0,5,7,42,25,16,90,0,0,0,90
01/27/2003,BGR,ME,ANE,EN,Towers with Radar,9,54,42,22,127,0,2,7,0,9,9,56,49,22,136,15,9,24,160
01/28/2003,BGR,ME,ANE,EN,Towers with Radar,4,55,20,35,114,0,7,13,7,27,4,62,33,42,141,13,43,56,197
01/29/2003,BGR,ME,ANE,EN,Towers with Radar,7,65,16,41,129,0,3,27,10,40,7,68,43,51,169,33,51,84,253
01/30/2003,BGR,ME,ANE,EN,Towers with Radar,17,62,63,55,197,0,6,28,21,55,17,68,91,76,252,152,142,294,546
01/31/2003,BGR,ME,ANE,EN,Towers with Radar,14,67,18,42,141,0,0,17,13,30,14,67,35,55,171,57,123,180,351
02/01/2003,BGR,ME,ANE,EN,Towers with Radar,21,44,18,44,127,1,0,9,11,21,22,44,27,55,148,22,20,42,190
02/02/2003,BGR,ME,ANE,EN,Towers with Radar,17,38,5,4,64,1,0,0,0,1,18,38,5,4,65,0,0,0,65
02/03/2003,BGR,ME,ANE,EN,Towers with Radar,14,51,25,40,130,1,2,12,8,23,15,53,37,48,153,9,21,30,183
02/04/2003,BGR,ME,ANE,EN,Towers with Radar,19,62,13,19,113,1,0,0,0,1,20,62,13,19,114,0,0,0,114
02/05/2003,BGR,ME,ANE,EN,Towers with Radar,19,72,34,40,165,1,7,14,2,24,20,79,48,42,189,82,158,240,429
02/06/2003,BGR,ME,ANE,EN,Towers with Radar,11,55,15,57,138,1,4,40,3,48,12,59,55,60,186,69,111,180,366
02/07/2003,BGR,ME,ANE,EN,Towers with Radar,12,48,24,47,131,1,2,0,0,3,13,50,24,47,134,0,0,0,134
02/08/2003,BGR,ME,ANE,EN,Towers with Radar,16,39,13,36,104,1,1,31,7,40,17,40,44,43,144,96,16,112,256
02/09/2003,BGR,ME,ANE,EN,Towers with Radar,21,39,22,38,120,1,2,22,0,25,22,41,44,38,145,38,2,40,185
02/10/2003,BGR,ME,ANE,EN,Towers with Radar,6,52,19,25,102,0,5,8,1,14,6,57,27,26,116,11,23,34,150
02/11/2003,BGR,ME,ANE,EN,Towers with Radar,8,58,31,53,150,0,4,26,5,35,8,62,57,58,185,52,86,138,323
02/12/2003,BGR,ME,ANE,EN,Towers with Radar,9,58,19,31,117,0,3,3,0,6,9,61,22,31,123,1,9,10,133
02/13/2003,BGR,ME,ANE,EN,Towers with Radar,8,58,29,32,127,0,5,14,5,24,8,63,43,37,151,32,47,79,230
02/14/2003,BGR,ME,ANE,EN,Towers with Radar,5,73,36,42,156,0,7,22,1,30,5,80,58,43,186,47,49,96,282
02/15/2003,BGR,ME,ANE,EN,Towers with Radar,20,32,10,30,92,0,2,11,3,16,20,34,21,33,108,8,10,18,126
02/16/2003,BGR,ME,ANE,EN,Towers with Radar,11,35,24,36,106,0,1,5,1,7,11,36,29,37,113,0,0,0,113
02/17/2003,BGR,ME,ANE,EN,Towers with Radar,9,24,7,34,74,0,2,15,5,22,9,26,22,39,96,2,4,6,102
02/18/2003,BGR,ME,ANE,EN,Towers with Radar,7,37,19,32,95,0,0,8,1,9,7,37,27,33,104,0,0,0,104
02/19/2003,BGR,ME,ANE,EN,Towers with Radar,0,69,44,55,168,0,2,23,7,32,0,71,67,62,200,38,110,148,348
02/20/2003,BGR,ME,ANE,EN,Towers with Radar,6,51,32,37,126,0,4,33,9,46,6,55,65,46,172,26,116,142,314
02/21/2003,BGR,ME,ANE,EN,Towers with Radar,7,56,20,33,116,0,2,31,6,39,7,58,51,39,155,112,110,222,377
02/22/2003,BGR,ME,ANE,EN,Towers with Radar,7,38,16,33,94,0,1,13,0,14,7,39,29,33,108,0,0,0,108
02/23/2003,BGR,ME,ANE,EN,Towers with Radar,9,32,6,5,52,0,1,0,0,1,9,33,6,5,53,0,0,0,53
02/24/2003,BGR,ME,ANE,EN,Towers with Radar,11,54,10,20,95,0,2,9,7,18,11,56,19,27,113,1,1,2,115
02/25/2003,BGR,ME,ANE,EN,Towers with Radar,3,49,16,20,88,0,3,15,3,21,3,52,31,23,109,0,44,44,153
02/26/2003,BGR,ME,ANE,EN,Towers with Radar,1,61,17,22,101,0,4,29,10,43,1,65,46,32,144,49,15,64,208
02/27/2003,BGR,ME,ANE,EN,Towers with Radar,5,61,15,58,139,0,11,30,3,44,5,72,45,61,183,85,81,166,349
02/28/2003,BGR,ME,ANE,EN,Towers with Radar,9,67,28,48,152,0,0,38,23,61,9,67,66,71,213,106,116,222,435
03/01/2003,BGR,ME,ANE,EN,Towers with Radar,7,38,32,46,123,0,1,40,22,63,7,39,72,68,186,122,34,156,342
03/02/2003,BGR,ME,ANE,EN,Towers with Radar,5,39,10,31,85,0,1,0,1,2,5,40,10,32,87,3,3,6,93
03/03/2003,BGR,ME,ANE,EN,Towers with Radar,17,49,18,26,110,0,2,12,13,27,17,51,30,39,137,8,24,32,169
03/04/2003,BGR,ME,ANE,EN,Towers with Radar,6,60,17,41,124,0,2,11,21,34,6,62,28,62,158,16,77,93,251
03/05/2003,BGR,ME,ANE,EN,Towers with Radar,6,51,13,62,132,0,0,2,1,3,6,51,15,63,135,2,38,40,175
03/06/2003,BGR,ME,ANE,EN,Towers with Radar,19,54,33,65,171,0,2,15,23,40,19,56,48,88,211,2,2,4,215
03/07/2003,BGR,ME,ANE,EN,Towers with Radar,12,62,27,45,146,0,2,24,14,40,12,64,51,59,186,67,35,102,288
03/08/2003,BGR,ME,ANE,EN,Towers with Radar,8,45,25,38,116,0,8,47,15,70,8,53,72,53,186,92,42,134,320
03/09/2003,BGR,ME,ANE,EN,Towers with Radar,8,58,25,35,126,0,1,3,2,6,8,59,28,37,132,1,1,2,134
03/10/2003,BGR,ME,ANE,EN,Towers with Radar,11,46,23,31,111,0,2,18,4,24,11,48,41,35,135,2,8,10,145
03/11/2003,BGR,ME,ANE,EN,Towers with Radar,6,59,14,46,125,0,4,21,2,27,6,63,35,48,152,46,76,122,274
03/12/2003,BGR,ME,ANE,EN,Towers with Radar,8,77,27,34,146,0,2,16,5,23,8,79,43,39,169,32,86,118,287
03/13/2003,BGR,ME,ANE,EN,Towers with Radar,8,65,30,73,176,0,1,45,21,67,8,66,75,94,243,93,199,292,535
03/14/2003,BGR,ME,ANE,EN,Towers with Radar,5,63,20,44,132,0,3,27,21,51,5,66,47,65,183,49,85,134,317
03/15/2003,BGR,ME,ANE,EN,Towers with Radar,7,34,10,41,92,0,2,28,7,37,7,36,38,48,129,54,78,132,261
03/16/2003,BGR,ME,ANE,EN,Towers with Radar,3,44,15,33,95,0,0,38,5,43,3,44,53,38,138,27,13,40,178
03/17/2003,BGR,ME,ANE,EN,Towers with Radar,7,56,8,36,107,0,1,8,1,10,7,57,16,37,117,8,22,30,147
03/18/2003,BGR,ME,ANE,EN,Towers with Radar,7,69,32,28,136,0,3,17,3,23,7,72,49,31,159,50,22,72,231
03/19/2003,BGR,ME,ANE,EN,Towers with Radar,7,70,40,39,156,0,3,55,0,58,7,73,95,39,214,144,52,196,410
03/20/2003,BGR,ME,ANE,EN,Towers with Radar,12,66,28,49,155,0,5,47,0,52,12,71,75,49,207,97,122,219,426
03/21/2003,BGR,ME,ANE,EN,Towers with Radar,5,90,27,52,174,0,2,25,3,30,5,92,52,55,204,96,38,134,338
03/22/2003,BGR,ME,ANE,EN,Towers with Radar,4,45,7,32,88,0,1,19,0,20,4,46,26,32,108,34,2,36,144
03/23/2003,BGR,ME,ANE,EN,Towers with Radar,4,37,9,35,85,0,0,0,0,0,4,37,9,35,85,0,0,0,85
03/24/2003,BGR,ME,ANE,EN,Towers with Radar,6,61,9,30,106,0,4,15,0,19,6,65,24,30,125,10,10,20,145
03/25/2003,BGR,ME,ANE,EN,Towers with Radar,7,65,21,22,115,0,0,0,0,0,7,65,21,22,115,14,18,32,147
03/26/2003,BGR,ME,ANE,EN,Towers with Radar,7,66,31,39,143,0,0,0,0,0,7,66,31,39,143,0,0,0,143
03/27/2003,BGR,ME,ANE,EN,Towers with Radar,9,64,24,32,129,1,4,33,0,38,10,68,57,32,167,43,77,120,287
03/28/2003,BGR,ME,ANE,EN,Towers with Radar,14,54,28,39,135,0,3,69,3,75,14,57,97,42,210,147,45,192,402
03/29/2003,BGR,ME,ANE,EN,Towers with Radar,7,43,16,32,98,0,1,0,0,1,7,44,16,32,99,20,42,62,161
03/30/2003,BGR,ME,ANE,EN,Towers with Radar,6,44,16,39,105,0,0,1,0,1,6,44,17,39,106,0,2,2,108
03/31/2003,BGR,ME,ANE,EN,Towers with Radar,8,58,8,29,103,0,2,4,0,6,8,60,12,29,109,0,2,2,111
04/01/2003,BGR,ME,ANE,EN,Towers with Radar,6,56,11,58,131,1,5,30,2,38,7,61,41,60,169,95,83,178,347
04/02/2003,BGR,ME,ANE,EN,Towers with Radar,7,67,24,36,134,0,0,6,11,17,7,67,30,47,151,14,57,71,222
04/03/2003,BGR,ME,ANE,EN,Towers with Radar,11,64,25,37,137,0,0,34,20,54,11,64,59,57,191,132,62,194,385
04/04/2003,BGR,ME,ANE,EN,Towers with Radar,12,61,19,55,147,1,2,7,1,11,13,63,26,56,158,52,166,218,376
04/05/2003,BGR,ME,ANE,EN,Towers with Radar,12,46,11,31,100,1,0,0,0,1,13,46,11,31,101,0,0,0,101
04/06/2003,BGR,ME,ANE,EN,Towers with Radar,16,48,12,29,105,1,0,3,3,7,17,48,15,32,112,0,20,20,132
04/07/2003,BGR,ME,ANE,EN,Towers with Radar,9,56,14,54,133,1,2,8,0,11,10,58,22,54,144,20,20,40,184
04/08/2003,BGR,ME,ANE,EN,Towers with Radar,10,60,31,29,130,0,2,26,1,29,10,62,57,30,159,40,22,62,221
04/09/2003,BGR,ME,ANE,EN,Towers with Radar,7,67,27,28,129,0,5,18,1,24,7,72,45,29,153,45,43,88,241
04/10/2003,BGR,ME,ANE,EN,Towers with Radar,20,66,43,49,178,0,4,62,5,71,20,70,105,54,249,120,118,238,487
04/11/2003,BGR,ME,ANE,EN,Towers with Radar,10,67,40,36,153,0,3,32,0,35,10,70,72,36,188,77,34,111,299
04/12/2003,BGR,ME,ANE,EN,Towers with Radar,7,37,18,18,80,0,2,12,0,14,7,39,30,18,94,6,2,8,102
04/13/2003,BGR,ME,ANE,EN,Towers with Radar,17,41,18,29,105,0,1,33,0,34,17,42,51,29,139,18,2,20,159
04/14/2003,BGR,ME,ANE,EN,Towers with Radar,18,53,11,37,119,0,4,24,1,29,18,57,35,38,148,35,41,76,224
04/15/2003,BGR,ME,ANE,EN,Towers with Radar,6,55,17,26,104,0,4,29,5,38,6,59,46,31,142,7,5,12,154
04/16/2003,BGR,ME,ANE,EN,Towers with Radar,6,69,13,26,114,0,4,9,0,13,6,73,22,26,127,0,14,14,141
04/17/2003,BGR,ME,ANE,EN,Towers with Radar,17,78,29,39,163,0,7,60,9,76,17,85,89,48,239,134,228,362,601
04/18/2003,BGR,ME,ANE,EN,Towers with Radar,9,69,20,20,118,0,8,48,5,61,9,77,68,25,179,104,184,288,467
04/19/2003,BGR,ME,ANE,EN,Towers with Radar,12,35,12,14,73,0,1,45,0,46,12,36,57,14,119,42,24,66,185
04/20/2003,BGR,ME,ANE,EN,Towers with Radar,7,36,12,20,75,0,4,37,2,43,7,40,49,22,118,10,10,20,138
04/21/2003,BGR,ME,ANE,EN,Towers with Radar,21,54,13,19,107,0,4,29,0,33,21,58,42,19,140,28,26,54,194
04/22/2003,BGR,ME,ANE,EN,Towers with Radar,23,70,20,27,140,0,0,0,0,0,23,70,20,27,140,22,24,46,186
04/23/2003,BGR,ME,ANE,EN,Towers with Radar,9,70,12,31,122,0,0,0,0,0,9,70,12,31,122,0,22,22,144
04/24/2003,BGR,ME,ANE,EN,Towers with Radar,12,74,40,43,169,0,0,0,0,0,12,74,40,43,169,0,0,0,169
04/25/2003,BGR,ME,ANE,EN,Towers with Radar,9,67,33,18,127,0,3,46,0,49,9,70,79,18,176,204,89,293,469
04/26/2003,BGR,ME,ANE,EN,Towers with Radar,3,18,13,4,38,0,3,10,0,13,3,21,23,4,51,22,8,30,81
04/27/2003,BGR,ME,ANE,EN,Towers with Radar,1,22,20,6,49,0,0,4,0,4,1,22,24,6,53,0,0,0,53
04/28/2003,BGR,ME,ANE,EN,Towers with Radar,7,59,19,28,113,0,7,29,2,38,7,66,48,30,151,41,45,86,237
04/29/2003,BGR,ME,ANE,EN,Towers with Radar,5,59,18,14,96,0,4,40,4,48,5,63,58,18,144,120,65,185,329
04/30/2003,BGR,ME,ANE,EN,Towers with Radar,11,65,26,21,123,0,1,44,1,46,11,66,70,22,169,129,90,219,388
05/01/2003,BGR,ME,ANE,EN,Towers with Radar,13,66,48,51,178,0,0,7,0,7,13,66,55,51,185,13,145,158,343
05/02/2003,BGR,ME,ANE,EN,Towers with Radar,11,83,33,18,145,0,0,0,0,0,11,83,33,18,145,3,1,4,149
05/03/2003,BGR,ME,ANE,EN,Towers with Radar,10,26,7,13,56,0,0,16,2,18,10,26,23,15,74,5,5,10,84
05/04/2003,BGR,ME,ANE,EN,Towers with Radar,2,17,11,8,38,0,1,44,2,47,2,18,55,10,85,25,25,50,135
05/05/2003,BGR,ME,ANE,EN,Towers with Radar,9,52,14,27,102,0,1,32,1,34,9,53,46,28,136,29,45,74,210
05/06/2003,BGR,ME,ANE,EN,Towers with Radar,7,61,10,17,95,0,0,16,7,23,7,61,26,24,118,4,4,8,126
05/07/2003,BGR,ME,ANE,EN,Towers with Radar,7,65,31,37,140,0,5,8,0,13,7,70,39,37,153,53,113,166,319
05/08/2003,BGR,ME,ANE,EN,Towers with Radar,7,54,13,33,107,0,3,32,2,37,7,57,45,35,144,144,114,258,402
05/09/2003,BGR,ME,ANE,EN,Towers with Radar,8,71,39,38,156,0,2,16,1,19,8,73,55,39,175,26,58,84,259
05/10/2003,BGR,ME,ANE,EN,Towers with Radar,3,16,0,0,19,0,0,3,0,3,3,16,3,0,22,21,21,42,64
05/11/2003,BGR,ME,ANE,EN,Towers with Radar,0,19,3,4,26,0,1,3,0,4,0,20,6,4,30,65,41,106,136
05/12/2003,BGR,ME,ANE,EN,Towers with Radar,9,53,30,32,124,0,3,0,0,3,9,56,30,32,127,13,7,20,147
05/13/2003,BGR,ME,ANE,EN,Towers with Radar,5,62,28,41,136,0,0,1,0,1,5,62,29,41,137,17,7,24,161
05/14/2003,BGR,ME,ANE,EN,Towers with Radar,4,64,37,38,143,0,11,20,8,39,4,75,57,46,182,30,111,141,323
05/15/2003,BGR,ME,ANE,EN,Towers with Radar,6,64,41,73,184,0,1,38,4,43,6,65,79,77,227,79,139,218,445
05/16/2003,BGR,ME,ANE,EN,Towers with Radar,8,69,25,15,117,0,4,53,2,59,8,73,78,17,176,159,70,229,405
05/17/2003,BGR,ME,ANE,EN,Towers with Radar,2,17,3,3,25,0,0,1,0,1,2,17,4,3,26,26,26,52,78
05/18/2003,BGR,ME,ANE,EN,Towers with Radar,0,18,6,0,24,0,0,4,0,4,0,18,10,0,28,10,10,20,48
05/19/2003,BGR,ME,ANE,EN,Towers with Radar,8,62,22,20,112,0,5,78,1,84,8,67,100,21,196,77,43,120,316
05/20/2003,BGR,ME,ANE,EN,Towers with Radar,7,62,14,47,130,0,2,47,4,53,7,64,61,51,183,83,74,157,340
05/21/2003,BGR,ME,ANE,EN,Towers with Radar,14,64,22,44,144,0,3,30,0,33,14,67,52,44,177,45,83,128,305
05/22/2003,BGR,ME,ANE,EN,Towers with Radar,7,69,33,54,163,0,2,21,3,26,7,71,54,57,189,127,165,292,481
05/23/2003,BGR,ME,ANE,EN,Towers with Radar,9,77,33,34,153,0,2,4,2,8,9,79,37,36,161,56,126,182,343
05/24/2003,BGR,ME,ANE,EN,Towers with Radar,2,18,5,6,31,0,0,0,0,0,2,18,5,6,31,2,2,4,35
05/25/2003,BGR,ME,ANE,EN,Towers with Radar,1,17,2,0,20,0,0,0,0,0,1,17,2,0,20,0,0,0,20
05/26/2003,BGR,ME,ANE,EN,Towers with Radar,6,46,20,10,82,0,1,9,6,16,6,47,29,16,98,5,3,8,106
05/27/2003,BGR,ME,ANE,EN,Towers with Radar,10,65,23,52,150,0,2,15,6,23,10,67,38,58,173,10,102,112,285
05/28/2003,BGR,ME,ANE,EN,Towers with Radar,23,67,48,50,188,0,0,19,0,19,23,67,67,50,207,13,73,86,293
05/29/2003,BGR,ME,ANE,EN,Towers with Radar,9,71,28,36,144,0,0,8,3,11,9,71,36,39,155,42,106,148,303
05/30/2003,BGR,ME,ANE,EN,Towers with Radar,8,72,36,21,137,0,0,20,5,25,8,72,56,26,162,65,157,222,384
05/31/2003,BGR,ME,ANE,EN,Towers with Radar,1,15,3,4,23,0,0,0,0,0,1,15,3,4,23,19,19,38,61
06/01/2003,BGR,ME,ANE,EN,Towers with Radar,1,17,3,5,26,0,0,0,0,0,1,17,3,5,26,0,0,0,26
06/02/2003,BGR,ME,ANE,EN,Towers with Radar,9,50,26,35,120,0,2,21,4,27,9,52,47,39,147,16,81,97,244
06/03/2003,BGR,ME,ANE,EN,Towers with Radar,9,56,29,33,127,0,2,38,2,42,9,58,67,35,169,79,109,188,357
06/04/2003,BGR,ME,ANE,EN,Towers with Radar,9,63,37,39,148,0,2,64,4,70,9,65,101,43,218,138,184,322,540
06/05/2003,BGR,ME,ANE,EN,Towers with Radar,8,69,53,28,158,0,0,1,0,1,8,69,54,28,159,0,14,14,173
06/06/2003,BGR,ME,ANE,EN,Towers with Radar,7,81,41,47,176,0,7,36,3,46,7,88,77,50,222,107,181,288,510
06/07/2003,BGR,ME,ANE,EN,Towers with Radar,0,16,6,2,24,0,1,2,4,7,0,17,8,6,31,16,14,30,61
06/08/2003,BGR,ME,ANE,EN,Towers with Radar,2,27,3,5,37,0,0,0,0,0,2,27,3,5,37,11,11,22,59
06/09/2003,BGR,ME,ANE,EN,Towers with Radar,15,73,20,5,113,0,0,4,0,4,15,73,24,5,117,0,54,54,171
06/10/2003,BGR,ME,ANE,EN,Towers with Radar,6,79,31,21,137,0,6,33,14,53,6,85,64,35,190,128,82,210,400
06/11/2003,BGR,ME,ANE,EN,Towers with Radar,8,74,26,40,148,0,3,22,2,27,8,77,48,42,175,71,137,208,383
06/12/2003,BGR,ME,ANE,EN,Towers with Radar,8,74,34,55,171,0,2,34,23,59,8,76,68,78,230,54,230,284,514
06/13/2003,BGR,ME,ANE,EN,Towers with Radar,7,91,36,70,204,0,1,27,7,35,7,92,63,77,239,149,283,432,671
06/14/2003,BGR,ME,ANE,EN,Towers with Radar,5,51,27,17,100,0,1,0,0,1,5,52,27,17,101,0,0,0,101
06/15/2003,BGR,ME,ANE,EN,Towers with Radar,3,52,32,15,102,0,0,1,0,1,3,52,33,15,103,0,0,0,103
06/16/2003,BGR,ME,ANE,EN,Towers with Radar,16,61,18,41,136,0,6,36,2,44,16,67,54,43,180,45,73,118,298
06/17/2003,BGR,ME,ANE,EN,Towers with Radar,5,71,34,35,145,0,2,50,8,60,5,73,84,43,205,146,144,290,495
06/18/2003,BGR,ME,ANE,EN,Towers with Radar,5,83,27,24,139,0,3,32,3,38,5,86,59,27,177,121,51,172,349
06/19/2003,BGR,ME,ANE,EN,Towers with Radar,14,66,30,38,148,0,2,15,0,17,14,68,45,38,165,9,55,64,229
06/20/2003,BGR,ME,ANE,EN,Towers with Radar,7,75,46,33,161,0,2,40,4,46,7,77,86,37,207,103,101,204,411
06/21/2003,BGR,ME,ANE,EN,Towers with Radar,9,74,32,32,147,0,3,72,7,82,9,77,104,39,229,180,106,286,515
06/22/2003,BGR,ME,ANE,EN,Towers with Radar,10,56,52,12,130,0,0,33,0,33,10,56,85,12,163,103,34,137,300
06/23/2003,BGR,ME,ANE,EN,Towers with Radar,7,62,33,62,164,0,1,35,4,40,7,63,68,66,204,46,74,120,324
06/24/2003,BGR,ME,ANE,EN,Towers with Radar,10,69,39,54,172,0,1,35,2,38,10,70,74,56,210,65,113,178,388
06/25/2003,BGR,ME,ANE,EN,Towers with Radar,9,72,41,74,196,0,2,45,2,49,9,74,86,76,245,86,146,232,477
06/26/2003,BGR,ME,ANE,EN,Towers with Radar,5,77,23,70,175,0,1,48,6,55,5,78,71,76,230,49,271,320,550
06/27/2003,BGR,ME,ANE,EN,Towers with Radar,10,74,38,39,161,0,1,25,12,38,10,75,63,51,199,76,104,180,379
06/28/2003,BGR,ME,ANE,EN,Towers with Radar,11,54,38,15,118,0,1,30,0,31,11,55,68,15,149,36,22,58,207
06/29/2003,BGR,ME,ANE,EN,Towers with Radar,5,46,43,14,108,0,1,29,0,30,5,47,72,14,138,61,17,78,216
06/30/2003,BGR,ME,ANE,EN,Towers with Radar,10,61,15,25,111,0,5,16,0,21,10,66,31,25,132,22,18,40,172
07/01/2003,BGR,ME,ANE,EN,Towers with Radar,7,65,35,33,140,0,5,30,9,44,7,70,65,42,184,114,201,315,499
07/02/2003,BGR,ME,ANE,EN,Towers with Radar,9,83,26,42,160,0,4,49,1,54,9,87,75,43,214,114,66,180,394
07/03/2003,BGR,ME,ANE,EN,Towers with Radar,11,77,42,37,167,0,3,51,9,63,11,80,93,46,230,101,189,290,520
07/04/2003,BGR,ME,ANE,EN,Towers with Radar,8,62,26,32,128,0,10,24,2,36,8,72,50,34,164,94,166,260,424
07/05/2003,BGR,ME,ANE,EN,Towers with Radar,11,59,33,27,130,0,2,25,0,27,11,61,58,27,157,22,38,60,217
07/06/2003,BGR,ME,ANE,EN,Towers with Radar,6,71,39,32,148,0,1,57,1,59,6,72,96,33,207,70,52,122,329
07/07/2003,BGR,ME,ANE,EN,Towers with Radar,7,70,40,28,145,0,3,34,2,39,7,73,74,30,184,77,57,134,318
07/08/2003,BGR,ME,ANE,EN,Towers with Radar,11,73,22,52,158,0,2,14,0,16,11,75,36,52,174,3,65,68,242
07/09/2003,BGR,ME,ANE,EN,Towers with Radar,6,78,25,34,143,0,2,37,3,42,6,80,62,37,185,143,111,254,439
07/10/2003,BGR,ME,ANE,EN,Towers with Radar,6,67,19,46,138,0,4,56,5,65,6,71,75,51,203,130,198,328,531
07/11/2003,BGR,ME,ANE,EN,Towers with Radar,2,86,32,34,154,0,1,3,1,5,2,87,35,35,159,75,97,172,331
07/12/2003,BGR,ME,ANE,EN,Towers with Radar,9,70,43,14,136,0,1,12,0,13,9,71,55,14,149,0,0,0,149
07/13/2003,BGR,ME,ANE,EN,Towers with Radar,7,63,32,34,136,0,1,40,4,45,7,64,72,38,181,69,49,118,299
07/14/2003,BGR,ME,ANE,EN,Towers with Radar,6,66,18,33,123,0,3,34,1,38,6,69,52,34,161,104,34,138,299
07/15/2003,BGR,ME,ANE,EN,Towers with Radar,7,85,46,51,189,0,2,42,2,46,7,87,88,53,235,67,114,181,416
07/16/2003,BGR,ME,ANE,EN,Towers with Radar,2,78,40,40,160,0,0,1,0,1,2,78,41,40,161,0,68,68,229
07/17/2003,BGR,ME,ANE,EN,Towers with Radar,9,101,63,63,236,0,3,70,6,79,9,104,133,69,315,98,214,312,627
07/18/2003,BGR,ME,ANE,EN,Towers with Radar,12,83,65,30,190,0,5,43,5,53,12,88,108,35,243,129,101,230,473
07/19/2003,BGR,ME,ANE,EN,Towers with Radar,11,67,32,9,119,0,10,41,6,57,11,77,73,15,176,21,21,42,218
07/20/2003,BGR,ME,ANE,EN,Towers with Radar,8,62,39,12,121,0,2,48,0,50,8,64,87,12,171,76,28,104,275
07/21/2003,BGR,ME,ANE,EN,Towers with Radar,14,60,27,39,140,0,1,18,2,21,14,61,45,41,161,5,19,24,185
07/22/2003,BGR,ME,ANE,EN,Towers with Radar,11,66,33,45,155,0,3,4,1,8,11,69,37,46,163,1,19,20,183
07/23/2003,BGR,ME,ANE,EN,Towers with Radar,9,84,40,17,150,0,0,0,0,0,9,84,40,17,150,0,0,0,150
07/24/2003,BGR,ME,ANE,EN,Towers with Radar,10,88,49,29,176,0,0,0,0,0,10,88,49,29,176,0,0,0,176
07/25/2003,BGR,ME,ANE,EN,Towers with Radar,8,88,57,45,198,0,8,56,17,81,8,96,113,62,279,143,261,404,683
07/26/2003,BGR,ME,ANE,EN,Towers with Radar,6,70,22,16,114,0,7,43,0,50,6,77,65,16,164,106,22,128,292
07/27/2003,BGR,ME,ANE,EN,Towers with Radar,3,79,22,8,112,0,0,8,0,8,3,79,30,8,120,0,0,0,120
07/28/2003,BGR,ME,ANE,EN,Towers with Radar,7,77,25,15,124,0,2,36,0,38,7,79,61,15,162,40,26,66,228
07/29/2003,BGR,ME,ANE,EN,Towers with Radar,4,75,36,16,131,0,2,38,5,45,4,77,74,21,176,129,75,204,380
07/30/2003,BGR,ME,ANE,EN,Towers with Radar,10,85,38,27,160,0,3,39,2,44,10,88,77,29,204,117,87,204,408
07/31/2003,BGR,ME,ANE,EN,Towers with Radar,3,93,51,24,171,0,0,45,2,47,3,93,96,26,218,133,105,238,456
08/01/2003,BGR,ME,ANE,EN,Towers with Radar,12,90,64,35,201,0,1,26,3,30,12,91,90,38,231,113,159,272,503
08/02/2003,BGR,ME,ANE,EN,Towers with Radar,11,73,37,1,122,0,1,0,0,1,11,74,37,1,123,0,0,0,123
08/03/2003,BGR,ME,ANE,EN,Towers with Radar,8,62,51,10,131,0,1,0,0,1,8,63,51,10,132,4,4,8,140
08/04/2003,BGR,ME,ANE,EN,Towers with Radar,7,72,27,28,134,0,1,2,0,3,7,73,29,28,137,0,0,0,137
08/05/2003,BGR,ME,ANE,EN,Towers with Radar,14,80,42,30,166,0,1,0,0,1,14,81,42,30,167,0,0,0,167
08/06/2003,BGR,ME,ANE,EN,Towers with Radar,2,92,66,15,175,0,1,2,0,3,2,93,68,15,178,1,1,2,180
08/07/2003,BGR,ME,ANE,EN,Towers with Radar,4,89,54,45,192,0,1,12,0,13,4,90,66,45,205,89,103,192,397
08/08/2003,BGR,ME,ANE,EN,Towers with Radar,10,79,71,31,191,0,1,3,0,4,10,80,74,31,195,0,0,0,195
08/09/2003,BGR,ME,ANE,EN,Towers with Radar,5,61,24,9,99,0,1,20,0,21,5,62,44,9,120,20,9,29,149
08/10/2003,BGR,ME,ANE,EN,Towers with Radar,2,68,22,15,107,0,0,2,0,2,2,68,24,15,109,0,0,0,109
08/11/2003,BGR,ME,ANE,EN,Towers with Radar,7,79,29,15,130,0,1,23,2,26,7,80,52,17,156,13,11,24,180
08/12/2003,BGR,ME,ANE,EN,Towers with Radar,8,78,55,50,191,0,0,18,4,22,8,78,73,54,213,145,105,250,463
08/13/2003,BGR,ME,ANE,EN,Towers with Radar,3,86,37,47,173,0,2,24,1,27,3,88,61,48,200,108,96,204,404
08/14/2003,BGR,ME,ANE,EN,Towers with Radar,3,82,41,32,158,0,5,59,4,68,3,87,100,36,226,146,128,274,500
08/15/2003,BGR,ME,ANE,EN,Towers with Radar,2,79,42,18,141,0,3,63,9,75,2,82,105,27,216,145,111,256,472
08/16/2003,BGR,ME,ANE,EN,Towers with Radar,12,64,46,16,138,0,10,46,0,56,12,74,92,16,194,104,32,136,330
08/17/2003,BGR,ME,ANE,EN,Towers with Radar,4,69,38,17,128,0,0,25,0,25,4,69,63,17,153,72,28,100,253
08/18/2003,BGR,ME,ANE,EN,Towers with Radar,15,71,46,21,153,0,2,62,1,65,15,73,108,22,218,66,22,88,306
08/19/2003,BGR,ME,ANE,EN,Towers with Radar,9,84,35,20,148,0,7,69,2,78,9,91,104,22,226,126,34,160,386
08/20/2003,BGR,ME,ANE,EN,Towers with Radar,10,79,35,15,139,0,4,50,2,56,10,83,85,17,195,156,96,252,447
08/21/2003,BGR,ME,ANE,EN,Towers with Radar,9,81,48,29,167,0,0,45,13,58,9,81,93,42,225,201,143,344,569
08/22/2003,BGR,ME,ANE,EN,Towers with Radar,12,74,47,19,152,0,1,26,12,39,12,75,73,31,191,75,71,146,337
08/23/2003,BGR,ME,ANE,EN,Towers with Radar,8,60,30,9,107,0,4,39,0,43,8,64,69,9,150,90,24,114,264
08/24/2003,BGR,ME,ANE,EN,Towers with Radar,15,60,33,19,127,0,0,30,0,30,15,60,63,19,157,68,4,72,229
08/25/2003,BGR,ME,ANE,EN,Towers with Radar,9,66,39,31,145,0,2,37,0,39,9,68,76,31,184,35,19,54,238
08/26/2003,BGR,ME,ANE,EN,Towers with Radar,12,77,31,40,160,0,2,48,5,55,12,79,79,45,215,158,84,242,457
08/27/2003,BGR,ME,ANE,EN,Towers with Radar,11,89,42,66,208,0,3,24,11,38,11,92,66,77,246,112,248,360,606
08/28/2003,BGR,ME,ANE,EN,Towers with Radar,17,78,26,32,153,0,4,64,5,73,17,82,90,37,226,141,150,291,517
08/29/2003,BGR,ME,ANE,EN,Towers with Radar,9,97,61,20,187,0,0,53,8,61,9,97,114,28,248,217,99,316,564
08/30/2003,BGR,ME,ANE,EN,Towers with Radar,6,63,29,19,117,0,5,12,0,17,6,68,41,19,134,77,17,94,228
08/31/2003,BGR,ME,ANE,EN,Towers with Radar,5,60,41,28,134,0,0,62,3,65,5,60,103,31,199,66,42,108,307
09/01/2003,BGR,ME,ANE,EN,Towers with Radar,8,68,54,18,148,0,2,33,0,35,8,70,87,18,183,117,57,174,357
09/02/2003,BGR,ME,ANE,EN,Towers with Radar,9,69,20,16,114,0,4,35,7,46,9,73,55,23,160,101,65,166,326
09/03/2003,BGR,ME,ANE,EN,Towers with Radar,12,74,34,67,187,0,3,42,14,59,12,77,76,81,246,167,215,382,628
09/04/2003,BGR,ME,ANE,EN,Towers with Radar,14,97,52,49,212,0,1,2,0,3,14,98,54,49,215,0,104,104,319
09/05/2003,BGR,ME,ANE,EN,Towers with Radar,18,75,31,15,139,0,4,37,10,51,18,79,68,25,190,115,35,150,340
09/06/2003,BGR,ME,ANE,EN,Towers with Radar,19,59,31,12,121,0,1,48,10,59,19,60,79,22,180,130,100,230,410
09/07/2003,BGR,ME,ANE,EN,Towers with Radar,13,58,38,14,123,0,0,50,1,51,13,58,88,15,174,156,66,222,396
09/08/2003,BGR,ME,ANE,EN,Towers with Radar,15,55,35,29,134,0,4,35,6,45,15,59,70,35,179,49,41,90,269
09/09/2003,BGR,ME,ANE,EN,Towers with Radar,9,68,20,45,142,0,3,71,7,81,9,71,91,52,223,60,138,198,421
09/10/2003,BGR,ME,ANE,EN,Towers with Radar,6,72,22,42,142,0,6,25,11,42,6,78,47,53,184,113,223,336,520
09/11/2003,BGR,ME,ANE,EN,Towers with Radar,17,74,40,38,169,0,14,48,7,69,17,88,88,45,238,196,226,422,660
09/12/2003,BGR,ME,ANE,EN,Towers with Radar,11,83,52,39,185,0,0,56,7,63,11,83,108,46,248,142,162,304,552
09/13/2003,BGR,ME,ANE,EN,Towers with Radar,9,58,25,19,111,0,2,38,2,42,9,60,63,21,153,58,24,82,235
09/14/2003,BGR,ME,ANE,EN,Towers with Radar,2,60,39,11,112,0,2,28,2,32,2,62,67,13,144,79,49,128,272
09/15/2003,BGR,ME,ANE,EN,Towers with Radar,9,64,34,27,134,0,2,24,3,29,9,66,58,30,163,84,148,232,395
09/16/2003,BGR,ME,ANE,EN,Towers with Radar,5,70,27,34,136,0,1,0,0,1,5,71,27,34,137,10,8,18,155
09/17/2003,BGR,ME,ANE,EN,Towers with Radar,5,70,31,71,177,0,6,39,8,53,5,76,70,79,230,74,180,254,484
09/18/2003,BGR,ME,ANE,EN,Towers with Radar,8,71,43,77,199,0,1,44,11,56,8,72,87,88,255,86,296,382,637
09/19/2003,BGR,ME,ANE,EN,Towers with Radar,12,82,44,66,204,0,5,16,4,25,12,87,60,70,229,77,197,274,503
09/20/2003,BGR,ME,ANE,EN,Towers with Radar,3,63,27,6,99,0,0,0,0,0,3,63,27,6,99,0,0,0,99
09/21/2003,BGR,ME,ANE,EN,Towers with Radar,9,63,30,15,117,0,0,70,2,72,9,63,100,17,189,90,4,94,283
09/22/2003,BGR,ME,ANE,EN,Towers with Radar,18,59,26,42,145,0,3,28,1,32,18,62,54,43,177,64,82,146,323
09/23/2003,BGR,ME,ANE,EN,Towers with Radar,7,83,51,42,183,0,0,4,0,4,7,83,55,42,187,0,78,78,265
09/24/2003,BGR,ME,ANE,EN,Towers with Radar,3,72,32,48,155,0,2,45,7,54,3,74,77,55,209,79,117,196,405
09/25/2003,BGR,ME,ANE,EN,Towers with Radar,13,74,32,44,163,0,4,19,4,27,13,78,51,48,190,30,122,152,342
09/26/2003,BGR,ME,ANE,EN,Towers with Radar,3,92,42,18,155,0,0,1,1,2,3,92,43,19,157,14,2,16,173
09/27/2003,BGR,ME,ANE,EN,Towers with Radar,4,60,28,21,113,0,0,9,0,9,4,60,37,21,122,2,10,12,134
09/28/2003,BGR,ME,ANE,EN,Towers with Radar,7,54,19,8,88,0,0,0,0,0,7,54,19,8,88,0,0,0,88
09/29/2003,BGR,ME,ANE,EN,Towers with Radar,8,69,26,31,134,0,1,15,3,19,8,70,41,34,153,8,20,28,181
09/30/2003,BGR,ME,ANE,EN,Towers with Radar,10,71,34,45,160,0,6,62,4,72,10,77,96,49,232,83,91,174,406
10/01/2003,BGR,ME,ANE,EN,Towers with Radar,7,84,43,29,163,0,0,3,19,22,7,84,46,48,185,23,51,74,259
10/02/2003,BGR,ME,ANE,EN,Towers with Radar,8,79,44,17,148,8,0,20,0,28,16,79,64,17,176,10,2,12,188
10/03/2003,BGR,ME,ANE,EN,Towers with Radar,10,69,56,38,173,1,0,83,37,121,11,69,139,75,294,47,157,204,498
10/04/2003,BGR,ME,ANE,EN,Towers with Radar,5,53,27,7,92,11,6,10,0,27,16,59,37,7,119,82,16,98,217
10/05/2003,BGR,ME,ANE,EN,Towers with Radar,6,52,31,16,105,4,0,31,0,35,10,52,62,16,140,25,71,96,236
10/06/2003,BGR,ME,ANE,EN,Towers with Radar,6,61,31,21,119,0,14,31,1,46,6,75,62,22,165,70,73,143,308
10/07/2003,BGR,ME,ANE,EN,Towers with Radar,3,77,39,27,146,0,2,33,36,71,3,79,72,63,217,69,89,158,375
10/08/2003,BGR,ME,ANE,EN,Towers with Radar,8,72,43,29,152,4,0,44,7,55,12,72,87,36,207,108,198,306,513
10/09/2003,BGR,ME,ANE,EN,Towers with Radar,3,72,36,24,135,0,13,48,0,61,3,85,84,24,196,121,73,194,390
10/10/2003,BGR,ME,ANE,EN,Towers with Radar,2,79,40,27,148,0,10,31,1,42,2,89,71,28,190,97,117,214,404
10/11/2003,BGR,ME,ANE,EN,Towers with Radar,6,64,38,11,119,3,0,53,0,56,9,64,91,11,175,133,31,164,339
10/12/2003,BGR,ME,ANE,EN,Towers with Radar,4,45,23,5,77,0,7,23,0,30,4,52,46,5,107,24,6,30,137
10/13/2003,BGR,ME,ANE,EN,Towers with Radar,5,62,32,9,108,4,2,12,0,18,9,64,44,9,126,24,24,48,174
10/14/2003,BGR,ME,ANE,EN,Towers with Radar,5,70,36,25,136,0,0,47,10,57,5,70,83,35,193,103,101,204,397
10/15/2003,BGR,ME,ANE,EN,Towers with Radar,1,46,23,3,73,0,22,2,0,24,1,68,25,3,97,0,0,0,97
10/16/2003,BGR,ME,ANE,EN,Towers with Radar,4,63,28,22,117,0,21,0,8,29,4,84,28,30,146,60,62,122,268
10/17/2003,BGR,ME,ANE,EN,Towers with Radar,4,68,33,24,129,0,2,23,4,29,4,70,56,28,158,61,111,172,330
10/18/2003,BGR,ME,ANE,EN,Towers with Radar,5,64,31,5,105,2,4,165,0,171,7,68,196,5,276,179,13,192,468
10/19/2003,BGR,ME,ANE,EN,Towers with Radar,3,43,20,9,75,3,11,8,0,22,6,54,28,9,97,19,7,26,123
10/20/2003,BGR,ME,ANE,EN,Towers with Radar,3,61,30,17,111,0,9,50,0,59,3,70,80,17,170,52,20,72,242
10/21/2003,BGR,ME,ANE,EN,Towers with Radar,5,62,30,18,115,2,6,7,0,15,7,68,37,18,130,0,0,0,130
10/22/2003,BGR,ME,ANE,EN,Towers with Radar,2,64,28,13,107,0,13,0,0,13,2,77,28,13,120,15,9,24,144
10/23/2003,BGR,ME,ANE,EN,Towers with Radar,6,60,25,21,112,0,15,0,6,21,6,75,25,27,133,0,0,0,133
10/24/2003,BGR,ME,ANE,EN,Towers with Radar,1,58,28,21,108,0,13,28,2,43,1,71,56,23,151,67,89,156,307
10/25/2003,BGR,ME,ANE,EN,Towers with Radar,4,45,22,7,78,0,7,60,0,67,4,52,82,7,145,84,20,104,249
10/26/2003,BGR,ME,ANE,EN,Towers with Radar,2,46,23,7,78,0,0,15,0,15,2,46,38,7,93,1,1,2,95
10/27/2003,BGR,ME,ANE,EN,Towers with Radar,2,44,21,5,72,0,10,3,0,13,2,54,24,5,85,0,0,0,85
10/28/2003,BGR,ME,ANE,EN,Towers with Radar,5,57,30,22,114,0,0,14,34,48,5,57,44,56,162,65,167,232,394
10/29/2003,BGR,ME,ANE,EN,Towers with Radar,4,51,24,9,88,0,7,4,0,11,4,58,28,9,99,0,0,0,99
10/30/2003,BGR,ME,ANE,EN,Towers with Radar,2,60,38,28,128,0,0,33,27,60,2,60,71,55,188,69,81,150,338
10/31/2003,BGR,ME,ANE,EN,Towers with Radar,3,64,35,24,126,0,0,33,25,58,3,64,68,49,184,61,179,240,424
11/01/2003,BGR,ME,ANE,EN,Towers with Radar,4,41,21,9,75,4,9,26,0,39,8,50,47,9,114,79,29,108,222
11/02/2003,BGR,ME,ANE,EN,Towers with Radar,3,39,20,14,76,0,6,38,3,47,3,45,58,17,123,25,15,40,163
11/03/2003,BGR,ME,ANE,EN,Towers with Radar,6,49,23,17,95,0,8,0,0,8,6,57,23,17,103,0,0,0,103
11/04/2003,BGR,ME,ANE,EN,Towers with Radar,4,63,34,25,126,0,0,12,8,20,4,63,46,33,146,70,132,202,348
11/05/2003,BGR,ME,ANE,EN,Towers with Radar,6,53,25,14,98,0,16,0,0,16,6,69,25,14,114,0,0,0,114
11/06/2003,BGR,ME,ANE,EN,Towers with Radar,7,70,39,29,145,0,0,33,32,65,7,70,72,61,210,160,162,322,532
11/07/2003,BGR,ME,ANE,EN,Towers with Radar,3,54,28,21,106,0,8,27,6,41,3,62,55,27,147,148,112,260,407
11/08/2003,BGR,ME,ANE,EN,Towers with Radar,6,41,21,9,77,12,2,5,0,19,18,43,26,9,96,29,17,46,142
11/09/2003,BGR,ME,ANE,EN,Towers with Radar,3,35,19,6,63,0,7,34,0,41,3,42,53,6,104,45,1,46,150
11/10/2003,BGR,ME,ANE,EN,Towers with Radar,7,49,26,12,94,0,6,28,0,34,7,55,54,12,128,15,15,30,158
11/11/2003,BGR,ME,ANE,EN,Towers with Radar,5,44,23,16,88,0,11,32,0,43,5,55,55,16,131,32,26,58,189
11/12/2003,BGR,ME,ANE,EN,Towers with Radar,5,57,34,25,121,0,0,8,18,26,5,57,42,43,147,39,41,80,227
11/13/2003,BGR,ME,ANE,EN,Towers with Radar,8,69,36,26,139,0,3,3,0,6,8,72,39,26,145,12,38,50,195
11/14/2003,BGR,ME,ANE,EN,Towers with Radar,6,47,23,10,86,0,11,6,0,17,6,58,29,10,103,0,0,0,103
11/15/2003,BGR,ME,ANE,EN,Towers with Radar,5,43,21,14,83,3,3,14,0,20,8,46,35,14,103,2,6,8,111
11/16/2003,BGR,ME,ANE,EN,Towers with Radar,4,31,15,3,53,5,5,36,0,46,9,36,51,3,99,16,8,24,123
11/17/2003,BGR,ME,ANE,EN,Towers with Radar,6,52,26,20,104,0,9,18,2,29,6,61,44,22,133,17,38,55,188
11/18/2003,BGR,ME,ANE,EN,Towers with Radar,6,59,39,30,134,0,0,66,26,92,6,59,105,56,226,111,154,265,491
11/19/2003,BGR,ME,ANE,EN,Towers with Radar,13,62,32,35,142,2,0,0,40,42,15,62,32,75,184,0,186,186,370
11/20/2003,BGR,ME,ANE,EN,Towers with Radar,6,56,25,11,98,0,16,0,0,16,6,72,25,11,114,0,0,0,114
11/21/2003,BGR,ME,ANE,EN,Towers with Radar,10,61,37,26,134,1,0,10,0,11,11,61,47,26,145,4,4,8,153
11/22/2003,BGR,ME,ANE,EN,Towers with Radar,7,49,28,12,96,2,0,48,0,50,9,49,76,12,146,89,17,106,252
11/23/2003,BGR,ME,ANE,EN,Towers with Radar,4,32,16,8,60,1,10,41,0,52,5,42,57,8,112,17,15,32,144
11/24/2003,BGR,ME,ANE,EN,Towers with Radar,4,50,33,26,113,0,0,8,19,27,4,50,41,45,140,4,18,22,162
11/25/2003,BGR,ME,ANE,EN,Towers with Radar,8,60,31,24,123,0,0,1,9,10,8,60,32,33,133,35,29,64,197
11/26/2003,BGR,ME,ANE,EN,Towers with Radar,9,58,37,22,126,6,0,46,0,52,15,58,83,22,178,30,16,46,224
11/27/2003,BGR,ME,ANE,EN,Towers with Radar,4,32,16,2,54,5,8,16,0,29,9,40,32,2,83,41,5,46,129
11/28/2003,BGR,ME,ANE,EN,Towers with Radar,4,35,17,3,59,0,16,2,0,18,4,51,19,3,77,1,1,2,79
11/29/2003,BGR,ME,ANE,EN,Towers with Radar,3,29,14,0,46,0,14,0,0,14,3,43,14,0,60,0,0,0,60
11/30/2003,BGR,ME,ANE,EN,Towers with Radar,5,40,20,13,78,0,0,24,0,24,5,40,44,13,102,2,6,8,110
12/01/2003,BGR,ME,ANE,EN,Towers with Radar,10,47,25,21,103,7,0,13,0,20,17,47,38,21,123,30,32,62,185
12/02/2003,BGR,ME,ANE,EN,Towers with Radar,7,60,31,30,128,0,0,20,27,47,7,60,51,57,175,12,68,80,255
12/03/2003,BGR,ME,ANE,EN,Towers with Radar,3,61,33,31,128,0,0,32,20,52,3,61,65,51,180,30,162,192,372
12/04/2003,BGR,ME,ANE,EN,Towers with Radar,10,64,39,37,150,0,0,10,49,59,10,64,49,86,209,45,143,188,397
12/05/2003,BGR,ME,ANE,EN,Towers with Radar,12,52,30,29,123,0,0,32,21,53,12,52,62,50,176,110,144,254,430
12/06/2003,BGR,ME,ANE,EN,Towers with Radar,3,18,7,7,35,7,2,0,0,9,10,20,7,7,44,0,0,0,44
12/07/2003,BGR,ME,ANE,EN,Towers with Radar,0,5,0,0,5,1,6,0,0,7,1,11,0,0,12,0,0,0,12
12/08/2003,BGR,ME,ANE,EN,Towers with Radar,5,44,19,15,83,0,3,18,0,21,5,47,37,15,104,0,0,0,104
12/09/2003,BGR,ME,ANE,EN,Towers with Radar,8,48,27,27,110,0,0,44,4,48,8,48,71,31,158,47,77,124,282
12/10/2003,BGR,ME,ANE,EN,Towers with Radar,12,58,35,33,138,0,0,18,6,24,12,58,53,39,162,11,57,68,230
12/11/2003,BGR,ME,ANE,EN,Towers with Radar,10,56,25,17,108,9,2,3,0,14,19,58,28,17,122,8,2,10,132
12/12/2003,BGR,ME,ANE,EN,Towers with Radar,13,63,30,31,137,1,0,0,20,21,14,63,30,51,158,25,79,104,262
12/13/2003,BGR,ME,ANE,EN,Towers with Radar,7,36,16,4,63,1,23,22,0,46,8,59,38,4,109,26,4,30,139
12/14/2003,BGR,ME,ANE,EN,Towers with Radar,8,32,19,9,68,14,0,29,0,43,22,32,48,9,111,9,11,20,131
12/15/2003,BGR,ME,ANE,EN,Towers with Radar,3,20,9,0,32,2,11,0,0,13,5,31,9,0,45,0,0,0,45
12/16/2003,BGR,ME,ANE,EN,Towers with Radar,9,43,20,8,80,0,11,30,0,41,9,54,50,8,121,32,4,36,157
12/17/2003,BGR,ME,ANE,EN,Towers with Radar,7,56,26,17,106,0,10,3,0,13,7,66,29,17,119,3,13,16,135
12/18/2003,BGR,ME,ANE,EN,Towers with Radar,11,58,27,23,119,9,2,7,0,18,20,60,34,23,137,5,61,66,203
12/19/2003,BGR,ME,ANE,EN,Towers with Radar,10,62,29,26,127,0,7,44,1,52,10,69,73,27,179,82,70,152,331
12/20/2003,BGR,ME,ANE,EN,Towers with Radar,8,38,18,0,64,2,5,31,0,38,10,43,49,0,102,85,11,96,198
12/21/2003,BGR,ME,ANE,EN,Towers with Radar,6,33,16,7,62,3,9,16,0,28,9,42,32,7,90,54,6,60,150
12/22/2003,BGR,ME,ANE,EN,Towers with Radar,11,51,28,25,115,0,0,22,12,34,11,51,50,37,149,23,49,72,221
12/23/2003,BGR,ME,ANE,EN,Towers with Radar,8,58,27,25,118,0,4,17,0,21,8,62,44,25,139,63,55,118,257
12/24/2003,BGR,ME,ANE,EN,Towers with Radar,9,47,13,11,80,9,6,0,0,15,18,53,13,11,95,0,0,0,95
12/25/2003,BGR,ME,ANE,EN,Towers with Radar,2,20,5,2,29,0,19,0,0,19,2,39,5,2,48,0,0,0,48
12/26/2003,BGR,ME,ANE,EN,Towers with Radar,2,37,18,4,61,0,15,1,0,16,2,52,19,4,77,1,1,2,79
12/27/2003,BGR,ME,ANE,EN,Towers with Radar,5,27,13,1,46,0,13,23,0,36,5,40,36,1,82,7,3,10,92
12/28/2003,BGR,ME,ANE,EN,Towers with Radar,4,30,14,0,48,0,25,45,0,70,4,55,59,0,118,83,21,104,222
12/29/2003,BGR,ME,ANE,EN,Towers with Radar,6,45,20,19,90,0,1,23,3,27,6,46,43,22,117,47,61,108,225
12/30/2003,BGR,ME,ANE,EN,Towers with Radar,4,71,26,31,132,0,4,0,15,19,4,75,26,46,151,2,24,26,177
12/31/2003,BGR,ME,ANE,EN,Towers with Radar,6,46,20,14,86,0,7,9,0,16,6,53,29,14,102,8,32,40,142
01/01/2004,BGR,ME,ANE,EN,Towers with Radar,2,29,12,11,54,1,5,6,0,12,3,34,18,11,66,0,0,0,66
01/02/2004,BGR,ME,ANE,EN,Towers with Radar,4,43,17,20,84,0,6,2,2,10,4,49,19,22,94,27,77,104,198
01/03/2004,BGR,ME,ANE,EN,Towers with Radar,2,22,5,0,29,3,15,0,0,18,5,37,5,0,47,0,0,0,47
01/04/2004,BGR,ME,ANE,EN,Towers with Radar,4,34,13,3,54,0,12,14,0,26,4,46,27,3,80,3,3,6,86
01/05/2004,BGR,ME,ANE,EN,Towers with Radar,4,50,20,22,96,0,2,1,8,11,4,52,21,30,107,12,44,56,163
01/06/2004,BGR,ME,ANE,EN,Towers with Radar,9,59,24,27,119,0,0,13,2,15,9,59,37,29,134,83,71,154,288
01/07/2004,BGR,ME,ANE,EN,Towers with Radar,8,63,15,28,114,0,5,0,17,22,8,68,15,45,136,19,41,60,196
01/08/2004,BGR,ME,ANE,EN,Towers with Radar,7,58,23,19,107,0,8,3,0,11,7,66,26,19,118,16,22,38,156
01/09/2004,BGR,ME,ANE,EN,Towers with Radar,3,50,19,23,95,0,8,9,2,19,3,58,28,25,114,52,48,100,214
01/10/2004,BGR,ME,ANE,EN,Towers with Radar,3,29,11,2,45,0,9,10,0,19,3,38,21,2,64,0,0,0,64
01/11/2004,BGR,ME,ANE,EN,Towers with Radar,3,34,13,15,65,0,12,22,4,38,3,46,35,19,103,2,3,5,108
01/12/2004,BGR,ME,ANE,EN,Towers with Radar,3,50,22,25,100,0,0,14,14,28,3,50,36,39,128,39,59,98,226
01/13/2004,BGR,ME,ANE,EN,Towers with Radar,5,51,19,23,98,0,0,8,0,8,5,51,27,23,106,0,0,0,106
01/14/2004,BGR,ME,ANE,EN,Towers with Radar,5,52,20,19,96,0,13,9,0,22,5,65,29,19,118,5,5,10,128
01/15/2004,BGR,ME,ANE,EN,Towers with Radar,9,57,25,27,118,2,0,5,4,11,11,57,30,31,129,19,105,124,253
01/16/2004,BGR,ME,ANE,EN,Towers with Radar,3,54,22,14,93,0,0,11,0,11,3,54,33,14,104,32,0,32,136
01/17/2004,BGR,ME,ANE,EN,Towers with Radar,4,34,14,6,58,2,9,8,0,19,6,43,22,6,77,1,1,2,79
01/18/2004,BGR,ME,ANE,EN,Towers with Radar,4,35,14,15,68,0,3,11,3,17,4,38,25,18,85,3,3,6,91
01/19/2004,BGR,ME,ANE,EN,Towers with Radar,4,52,21,17,94,0,10,10,0,20,4,62,31,17,114,13,3,16,130
01/20/2004,BGR,ME,ANE,EN,Towers with Radar,7,54,22,24,107,3,3,11,1,18,10,57,33,25,125,6,34,40,165
01/21/2004,BGR,ME,ANE,EN,Towers with Radar,9,58,27,30,124,7,0,24,6,37,16,58,51,36,161,11,63,74,235
01/22/2004,BGR,ME,ANE,EN,Towers with Radar,6,64,31,33,134,0,0,13,22,35,6,64,44,55,169,17,83,100,269
01/23/2004,BGR,ME,ANE,EN,Towers with Radar,11,65,33,36,145,1,0,25,10,36,12,65,58,46,181,70,106,176,357
01/24/2004,BGR,ME,ANE,EN,Towers with Radar,5,33,14,11,63,1,11,16,0,28,6,44,30,11,91,12,12,24,115
01/25/2004,BGR,ME,ANE,EN,Towers with Radar,4,28,12,10,54,1,11,7,0,19,5,39,19,10,73,0,0,0,73
01/26/2004,BGR,ME,ANE,EN,Towers with Radar,6,52,21,23,102,0,6,7,2,15,6,58,28,25,117,11,15,26,143
01/27/2004,BGR,ME,ANE,EN,Towers with Radar,6,50,20,21,97,3,2,13,0,18,9,52,33,21,115,10,6,16,131
01/28/2004,BGR,ME,ANE,EN,Towers with Radar,7,54,23,25,109,3,0,13,18,34,10,54,36,43,143,16,80,96,239
01/29/2004,BGR,ME,ANE,EN,Towers with Radar,8,60,27,30,125,5,0,4,7,16,13,60,31,37,141,30,48,78,219
01/30/2004,BGR,ME,ANE,EN,Towers with Radar,6,49,20,23,98,1,0,11,5,17,7,49,31,28,115,17,63,80,195
01/31/2004,BGR,ME,ANE,EN,Towers with Radar,4,35,15,12,66,2,8,7,0,17,6,43,22,12,83,7,15,22,105
02/01/2004,BGR,ME,ANE,EN,Towers with Radar,6,33,15,14,68,1,2,25,0,28,7,35,40,14,96,22,14,36,132
02/02/2004,BGR,ME,ANE,EN,Towers with Radar,7,50,22,27,106,0,8,31,0,39,7,58,53,27,145,57,51,108,253
02/03/2004,BGR,ME,ANE,EN,Towers with Radar,7,57,30,38,132,0,0,2,23,25,7,57,32,61,157,12,158,170,327
02/04/2004,BGR,ME,ANE,EN,Towers with Radar,9,59,26,33,127,0,12,2,7,21,9,71,28,40,148,7,151,158,306
02/05/2004,BGR,ME,ANE,EN,Towers with Radar,8,50,27,34,119,0,0,13,15,28,8,50,40,49,147,13,77,90,237
02/06/2004,BGR,ME,ANE,EN,Towers with Radar,8,56,24,31,119,0,0,6,18,24,8,56,30,49,143,13,45,58,201
02/07/2004,BGR,ME,ANE,EN,Towers with Radar,2,26,9,7,44,0,13,0,0,13,2,39,9,7,57,0,0,0,57
02/08/2004,BGR,ME,ANE,EN,Towers with Radar,7,34,14,14,69,0,5,22,0,27,7,39,36,14,96,0,0,0,96
02/09/2004,BGR,ME,ANE,EN,Towers with Radar,4,49,21,25,99,0,6,23,0,29,4,55,44,25,128,13,45,58,186
02/10/2004,BGR,ME,ANE,EN,Towers with Radar,3,61,26,35,125,0,0,29,6,35,3,61,55,41,160,13,103,116,276
02/11/2004,BGR,ME,ANE,EN,Towers with Radar,8,50,21,22,101,0,9,8,0,17,8,59,29,22,118,17,15,32,150
02/12/2004,BGR,ME,ANE,EN,Towers with Radar,7,50,21,24,102,0,8,24,0,32,7,58,45,24,134,18,34,52,186
02/13/2004,BGR,ME,ANE,EN,Towers with Radar,7,51,21,29,108,0,8,15,4,27,7,59,36,33,135,8,150,158,293
02/14/2004,BGR,ME,ANE,EN,Towers with Radar,6,29,12,5,52,5,15,19,0,39,11,44,31,5,91,14,6,20,111
02/15/2004,BGR,ME,ANE,EN,Towers with Radar,3,24,10,9,46,0,13,17,0,30,3,37,27,9,76,45,3,48,124
02/16/2004,BGR,ME,ANE,EN,Towers with Radar,10,45,19,17,91,1,5,23,0,29,11,50,42,17,120,21,29,50,170
02/17/2004,BGR,ME,ANE,EN,Towers with Radar,11,51,22,19,103,1,6,24,0,31,12,57,46,19,134,29,85,114,248
02/18/2004,BGR,ME,ANE,EN,Towers with Radar,10,57,24,33,124,0,3,9,19,31,10,60,33,52,155,6,130,136,291
02/19/2004,BGR,ME,ANE,EN,Towers with Radar,14,62,28,38,142,7,0,2,1,10,21,62,30,39,152,12,74,86,238
02/20/2004,BGR,ME,ANE,EN,Towers with Radar,13,52,26,35,126,11,0,31,11,53,24,52,57,46,179,64,73,137,316
02/21/2004,BGR,ME,ANE,EN,Towers with Radar,7,36,16,20,79,0,2,6,5,13,7,38,22,25,92,0,0,0,92
02/22/2004,BGR,ME,ANE,EN,Towers with Radar,7,31,14,17,69,2,6,1,0,9,9,37,15,17,78,0,0,0,78
02/23/2004,BGR,ME,ANE,EN,Towers with Radar,11,52,23,25,111,2,6,5,0,13,13,58,28,25,124,12,58,70,194
02/24/2004,BGR,ME,ANE,EN,Towers with Radar,15,58,33,42,148,2,0,34,29,65,17,58,67,71,213,47,204,251,464
02/25/2004,BGR,ME,ANE,EN,Towers with Radar,11,53,24,30,118,5,7,14,8,34,16,60,38,38,152,58,36,94,246
02/26/2004,BGR,ME,ANE,EN,Towers with Radar,14,62,30,38,144,2,0,9,20,31,16,62,39,58,175,79,151,230,405
02/27/2004,BGR,ME,ANE,EN,Towers with Radar,12,55,25,31,123,6,8,27,0,41,18,63,52,31,164,58,90,148,312
02/28/2004,BGR,ME,ANE,EN,Towers with Radar,8,37,17,14,76,6,11,51,0,68,14,48,68,14,144,99,11,110,254
02/29/2004,BGR,ME,ANE,EN,Towers with Radar,11,55,24,17,107,0,4,69,0,73,11,59,93,17,180,88,20,108,288
03/01/2004,BGR,ME,ANE,EN,Towers with Radar,9,48,20,23,100,0,3,12,13,28,9,51,32,36,128,34,40,74,202
03/02/2004,BGR,ME,ANE,EN,Towers with Radar,8,55,25,29,117,0,0,12,6,18,8,55,37,35,135,2,42,44,179
03/03/2004,BGR,ME,ANE,EN,Towers with Radar,11,61,28,32,132,0,0,9,16,25,11,61,37,48,157,9,213,222,379
03/04/2004,BGR,ME,ANE,EN,Towers with Radar,13,54,23,26,116,1,7,27,0,35,14,61,50,26,151,18,50,68,219
03/05/2004,BGR,ME,ANE,EN,Towers with Radar,10,59,25,23,117,0,8,6,0,14,10,67,31,23,131,11,39,50,181
03/06/2004,BGR,ME,ANE,EN,Towers with Radar,7,31,8,10,56,1,14,0,0,15,8,45,8,10,71,0,0,0,71
03/07/2004,BGR,ME,ANE,EN,Towers with Radar,9,40,17,20,86,0,0,22,2,24,9,40,39,22,110,2,14,16,126
03/08/2004,BGR,ME,ANE,EN,Towers with Radar,14,58,25,28,125,8,4,1,4,17,22,62,26,32,142,8,72,80,222
03/09/2004,BGR,ME,ANE,EN,Towers with Radar,13,56,23,25,117,2,6,38,0,46,15,62,61,25,163,36,56,92,255
03/10/2004,BGR,ME,ANE,EN,Towers with Radar,11,57,24,27,119,0,4,11,4,19,11,61,35,31,138,10,50,60,198
03/11/2004,BGR,ME,ANE,EN,Towers with Radar,4,54,23,26,107,0,6,24,11,41,4,60,47,37,148,48,172,220,368
03/12/2004,BGR,ME,ANE,EN,Towers with Radar,16,52,30,32,130,5,0,12,15,32,21,52,42,47,162,27,83,110,272
03/13/2004,BGR,ME,ANE,EN,Towers with Radar,8,31,14,6,59,4,4,12,0,20,12,35,26,6,79,0,0,0,79
03/14/2004,BGR,ME,ANE,EN,Towers with Radar,12,45,20,11,88,3,6,57,0,66,15,51,77,11,154,114,12,126,280
03/15/2004,BGR,ME,ANE,EN,Towers with Radar,13,49,22,23,107,1,4,6,3,14,14,53,28,26,121,21,71,92,213
03/16/2004,BGR,ME,ANE,EN,Towers with Radar,17,53,29,31,130,8,0,31,10,49,25,53,60,41,179,80,64,144,323
03/17/2004,BGR,ME,ANE,EN,Towers with Radar,14,54,24,14,106,8,17,7,0,32,22,71,31,14,138,0,10,10,148
03/18/2004,BGR,ME,ANE,EN,Towers with Radar,16,63,28,28,135,0,11,12,0,23,16,74,40,28,158,19,59,78,236
03/19/2004,BGR,ME,ANE,EN,Towers with Radar,8,59,26,28,121,0,13,18,13,44,8,72,44,41,165,106,137,243,408
03/20/2004,BGR,ME,ANE,EN,Towers with Radar,5,30,14,8,57,0,14,29,0,43,5,44,43,8,100,4,4,8,108
03/21/2004,BGR,ME,ANE,EN,Towers with Radar,9,33,15,2,59,3,13,9,0,25,12,46,24,2,84,0,0,0,84
03/22/2004,BGR,ME,ANE,EN,Towers with Radar,14,53,24,25,116,1,6,14,6,27,15,59,38,31,143,6,92,98,241
03/23/2004,BGR,ME,ANE,EN,Towers with Radar,15,58,26,28,127,0,2,21,5,28,15,60,47,33,155,32,16,48,203
03/24/2004,BGR,ME,ANE,EN,Towers with Radar,15,58,26,21,120,1,3,21,0,25,16,61,47,21,145,84,44,128,273
03/25/2004,BGR,ME,ANE,EN,Towers with Radar,16,58,28,31,133,0,0,0,12,12,16,58,28,43,145,9,69,78,223
03/26/2004,BGR,ME,ANE,EN,Towers with Radar,7,52,25,17,101,0,0,3,0,3,7,52,28,17,104,10,28,38,142
03/27/2004,BGR,ME,ANE,EN,Towers with Radar,10,34,17,11,72,0,0,6,0,6,10,34,23,11,78,1,0,1,79
03/28/2004,BGR,ME,ANE,EN,Towers with Radar,12,50,21,13,96,6,12,11,0,29,18,62,32,13,125,0,0,0,125
03/29/2004,BGR,ME,ANE,EN,Towers with Radar,15,53,25,29,122,0,0,24,32,56,15,53,49,61,178,43,104,147,325
03/30/2004,BGR,ME,ANE,EN,Towers with Radar,16,56,27,31,130,2,0,20,13,35,18,56,47,44,165,43,73,116,281
03/31/2004,BGR,ME,ANE,EN,Towers with Radar,14,55,32,37,138,0,0,3,24,27,14,55,35,61,165,14,200,214,379
04/01/2004,BGR,ME,ANE,EN,Towers with Radar,12,61,32,33,138,1,0,0,32,33,13,61,32,65,171,18,138,156,327
04/02/2004,BGR,ME,ANE,EN,Towers with Radar,4,58,25,18,105,0,11,4,0,15,4,69,29,18,120,3,3,6,126
04/03/2004,BGR,ME,ANE,EN,Towers with Radar,7,39,20,20,86,0,0,2,3,5,7,39,22,23,91,0,0,0,91
04/04/2004,BGR,ME,ANE,EN,Towers with Radar,6,43,19,19,87,2,0,0,1,3,8,43,19,20,90,0,14,14,104
04/05/2004,BGR,ME,ANE,EN,Towers with Radar,6,46,13,20,85,10,5,0,0,15,16,51,13,20,100,0,0,0,100
04/06/2004,BGR,ME,ANE,EN,Towers with Radar,9,62,27,26,124,0,3,15,12,30,9,65,42,38,154,24,76,100,254
04/07/2004,BGR,ME,ANE,EN,Towers with Radar,10,59,28,28,125,3,0,40,3,46,13,59,68,31,171,21,73,94,265
04/08/2004,BGR,ME,ANE,EN,Towers with Radar,9,61,30,28,128,0,0,51,11,62,9,61,81,39,190,39,171,210,400
04/09/2004,BGR,ME,ANE,EN,Towers with Radar,8,66,30,28,132,0,0,25,10,35,8,66,55,38,167,44,124,168,335
04/10/2004,BGR,ME,ANE,EN,Towers with Radar,6,35,16,5,62,6,12,22,0,40,12,47,38,5,102,1,1,2,104
04/11/2004,BGR,ME,ANE,EN,Towers with Radar,6,33,15,6,60,0,8,22,0,30,6,41,37,6,90,20,22,42,132
04/12/2004,BGR,ME,ANE,EN,Towers with Radar,9,52,26,24,111,0,0,27,19,46,9,52,53,43,157,7,89,96,253
04/13/2004,BGR,ME,ANE,EN,Towers with Radar,9,60,28,25,122,0,0,0,6,6,9,60,28,31,128,0,0,0,128
04/14/2004,BGR,ME,ANE,EN,Towers with Radar,9,53,23,14,99,2,12,0,0,14,11,65,23,14,113,0,0,0,113
04/15/2004,BGR,ME,ANE,EN,Towers with Radar,9,64,29,27,129,0,4,1,15,20,9,68,30,42,149,7,69,76,225
04/16/2004,BGR,ME,ANE,EN,Towers with Radar,4,54,25,23,106,0,5,30,12,47,4,59,55,35,153,25,99,124,277
04/17/2004,BGR,ME,ANE,EN,Towers with Radar,7,43,20,18,88,3,9,48,14,74,10,52,68,32,162,33,23,56,218
04/18/2004,BGR,ME,ANE,EN,Towers with Radar,5,30,14,9,58,0,7,23,0,30,5,37,37,9,88,16,2,18,106
04/19/2004,BGR,ME,ANE,EN,Towers with Radar,7,45,21,16,89,0,5,5,0,10,7,50,26,16,99,5,7,12,111
04/20/2004,BGR,ME,ANE,EN,Towers with Radar,9,56,26,24,115,3,0,23,0,26,12,56,49,24,141,12,30,42,183
04/21/2004,BGR,ME,ANE,EN,Towers with Radar,7,47,22,20,96,0,8,15,2,25,7,55,37,22,121,17,35,52,173
04/22/2004,BGR,ME,ANE,EN,Towers with Radar,3,58,26,20,107,0,7,22,0,29,3,65,48,20,136,10,15,25,161
04/23/2004,BGR,ME,ANE,EN,Towers with Radar,8,56,24,24,112,0,4,22,0,26,8,60,46,24,138,43,23,66,204
04/24/2004,BGR,ME,ANE,EN,Towers with Radar,3,47,20,14,84,0,2,16,0,18,3,49,36,14,102,2,14,16,118
04/25/2004,BGR,ME,ANE,EN,Towers with Radar,7,39,17,13,76,9,0,43,0,52,16,39,60,13,128,18,6,24,152
04/26/2004,BGR,ME,ANE,EN,Towers with Radar,5,44,10,19,78,0,10,0,1,11,5,54,10,20,89,2,2,4,93
04/27/2004,BGR,ME,ANE,EN,Towers with Radar,8,61,27,22,118,0,0,3,0,3,8,61,30,22,121,0,0,0,121
04/28/2004,BGR,ME,ANE,EN,Towers with Radar,8,55,26,26,115,0,0,21,9,30,8,55,47,35,145,10,24,34,179
04/29/2004,BGR,ME,ANE,EN,Towers with Radar,10,61,27,22,120,3,0,51,0,54,13,61,78,22,174,1,7,8,182
04/30/2004,BGR,ME,ANE,EN,Towers with Radar,5,75,33,24,137,0,7,83,0,90,5,82,116,24,227,104,110,214,441
05/01/2004,BGR,ME,ANE,EN,Towers with Radar,4,39,20,14,77,0,6,122,0,128,4,45,142,14,205,146,40,186,391
05/02/2004,BGR,ME,ANE,EN,Towers with Radar,3,36,19,7,65,0,4,28,0,32,3,40,47,7,97,6,6,12,109
05/03/2004,BGR,ME,ANE,EN,Towers with Radar,6,49,25,21,101,0,10,3,0,13,6,59,28,21,114,0,0,0,114
05/04/2004,BGR,ME,ANE,EN,Towers with Radar,6,52,26,24,108,4,11,0,0,15,10,63,26,24,123,2,38,40,163
05/05/2004,BGR,ME,ANE,EN,Towers with Radar,7,64,34,32,137,0,0,35,25,60,7,64,69,57,197,10,120,130,327
05/06/2004,BGR,ME,ANE,EN,Towers with Radar,2,66,33,32,133,0,2,27,23,52,2,68,60,55,185,38,150,188,373
05/07/2004,BGR,ME,ANE,EN,Towers with Radar,4,57,29,27,117,0,10,33,5,48,4,67,62,32,165,58,130,188,353
05/08/2004,BGR,ME,ANE,EN,Towers with Radar,4,33,17,10,64,1,12,22,0,35,5,45,39,10,99,42,12,54,153
05/09/2004,BGR,ME,ANE,EN,Towers with Radar,4,36,19,17,76,1,9,35,8,53,5,45,54,25,129,23,15,38,167
05/10/2004,BGR,ME,ANE,EN,Towers with Radar,4,57,29,27,117,0,1,14,21,36,4,58,43,48,153,12,22,34,187
05/11/2004,BGR,ME,ANE,EN,Towers with Radar,6,61,32,30,129,5,0,12,18,35,11,61,44,48,164,10,28,38,202
05/12/2004,BGR,ME,ANE,EN,Towers with Radar,6,58,31,30,125,1,0,41,16,58,7,58,72,46,183,26,38,64,247
05/13/2004,BGR,ME,ANE,EN,Towers with Radar,4,52,26,25,107,0,7,23,15,45,4,59,49,40,152,47,53,100,252
05/14/2004,BGR,ME,ANE,EN,Towers with Radar,2,56,29,27,114,0,9,4,6,19,2,65,33,33,133,56,34,90,223
05/15/2004,BGR,ME,ANE,EN,Towers with Radar,3,39,20,15,77,0,5,19,0,24,3,44,39,15,101,18,12,30,131
05/16/2004,BGR,ME,ANE,EN,Towers with Radar,4,39,20,6,69,2,0,30,0,32,6,39,50,6,101,23,7,30,131
05/17/2004,BGR,ME,ANE,EN,Towers with Radar,5,53,25,26,109,0,6,22,3,31,5,59,47,29,140,7,15,22,162
05/18/2004,BGR,ME,ANE,EN,Towers with Radar,6,61,30,19,116,2,9,3,0,14,8,70,33,19,130,0,0,0,130
05/19/2004,BGR,ME,ANE,EN,Towers with Radar,6,61,29,30,126,1,5,61,11,78,7,66,90,41,204,95,95,190,394
05/20/2004,BGR,ME,ANE,EN,Towers with Radar,3,65,34,34,136,0,0,25,0,25,3,65,59,34,161,37,43,80,241
05/21/2004,BGR,ME,ANE,EN,Towers with Radar,2,57,28,15,102,0,8,36,0,44,2,65,64,15,146,32,92,124,270
05/22/2004,BGR,ME,ANE,EN,Towers with Radar,3,38,18,16,75,5,3,10,0,18,8,41,28,16,93,14,9,23,116
05/23/2004,BGR,ME,ANE,EN,Towers with Radar,2,36,20,20,78,0,0,0,0,0,2,36,20,20,78,0,0,0,78
05/24/2004,BGR,ME,ANE,EN,Towers with Radar,5,50,21,25,101,2,0,0,3,5,7,50,21,28,106,0,0,0,106
05/25/2004,BGR,ME,ANE,EN,Towers with Radar,5,64,33,31,133,0,0,3,0,3,5,64,36,31,136,0,0,0,136
05/26/2004,BGR,ME,ANE,EN,Towers with Radar,2,60,29,28,119,0,4,1,0,5,2,64,30,28,124,0,0,0,124
05/27/2004,BGR,ME,ANE,EN,Towers with Radar,8,63,40,40,151,0,0,29,11,40,8,63,69,51,191,29,55,84,275
05/28/2004,BGR,ME,ANE,EN,Towers with Radar,7,64,36,21,128,4,0,12,0,16,11,64,48,21,144,0,22,22,166
05/29/2004,BGR,ME,ANE,EN,Towers with Radar,4,45,22,14,85,3,0,27,0,30,7,45,49,14,115,73,27,100,215
05/30/2004,BGR,ME,ANE,EN,Towers with Radar,2,28,13,9,52,5,0,26,0,31,7,28,39,9,83,11,11,22,105
05/31/2004,BGR,ME,ANE,EN,Towers with Radar,4,50,27,24,105,0,0,60,0,60,4,50,87,24,165,67,39,106,271
06/01/2004,BGR,ME,ANE,EN,Towers with Radar,11,54,37,28,130,1,0,0,16,17,12,54,37,44,147,9,41,50,197
06/02/2004,BGR,ME,ANE,EN,Towers with Radar,10,56,33,26,125,0,5,0,11,16,10,61,33,37,141,0,0,0,141
06/03/2004,BGR,ME,ANE,EN,Towers with Radar,2,59,41,29,131,0,0,24,17,41,2,59,65,46,172,30,140,170,342
06/04/2004,BGR,ME,ANE,EN,Towers with Radar,10,60,43,30,143,0,0,36,23,59,10,60,79,53,202,109,115,224,426
06/05/2004,BGR,ME,ANE,EN,Towers with Radar,7,37,25,17,86,3,11,52,1,67,10,48,77,18,153,55,33,88,241
06/06/2004,BGR,ME,ANE,EN,Towers with Radar,3,32,22,6,63,0,9,42,0,51,3,41,64,6,114,5,7,12,126
06/07/2004,BGR,ME,ANE,EN,Towers with Radar,8,57,39,27,131,0,2,16,6,24,8,59,55,33,155,4,42,46,201
06/08/2004,BGR,ME,ANE,EN,Towers with Radar,7,51,34,24,116,0,12,29,2,43,7,63,63,26,159,22,58,80,239
06/09/2004,BGR,ME,ANE,EN,Towers with Radar,9,51,34,24,118,1,9,13,11,34,10,60,47,35,152,18,38,56,208
06/10/2004,BGR,ME,ANE,EN,Towers with Radar,9,51,34,24,118,2,9,39,3,53,11,60,73,27,171,54,38,92,263
06/11/2004,BGR,ME,ANE,EN,Towers with Radar,13,71,50,30,164,1,0,33,0,34,14,71,83,30,198,190,110,300,498
06/12/2004,BGR,ME,ANE,EN,Towers with Radar,6,51,35,23,115,0,11,57,0,68,6,62,92,23,183,116,46,162,345
06/13/2004,BGR,ME,ANE,EN,Towers with Radar,7,44,30,15,96,2,0,47,0,49,9,44,77,15,145,33,9,42,187
06/14/2004,BGR,ME,ANE,EN,Towers with Radar,8,53,37,27,125,0,0,8,6,14,8,53,45,33,139,23,41,64,203
06/15/2004,BGR,ME,ANE,EN,Towers with Radar,5,51,35,25,116,0,14,5,6,25,5,65,40,31,141,32,18,50,191
06/16/2004,BGR,ME,ANE,EN,Towers with Radar,10,57,39,29,135,8,0,33,1,42,18,57,72,30,177,40,40,80,257
06/17/2004,BGR,ME,ANE,EN,Towers with Radar,9,52,34,25,120,5,10,46,15,76,14,62,80,40,196,16,50,66,262
06/18/2004,BGR,ME,ANE,EN,Towers with Radar,10,54,35,19,118,2,2,26,0,30,12,56,61,19,148,30,31,61,209
06/19/2004,BGR,ME,ANE,EN,Towers with Radar,10,53,34,16,113,2,3,18,0,23,12,56,52,16,136,0,0,0,136
06/20/2004,BGR,ME,ANE,EN,Towers with Radar,6,35,23,7,71,7,6,28,0,41,13,41,51,7,112,25,9,34,146
06/21/2004,BGR,ME,ANE,EN,Towers with Radar,7,52,34,22,115,0,5,41,0,46,7,57,75,22,161,80,64,144,305
06/22/2004,BGR,ME,ANE,EN,Towers with Radar,5,71,46,34,156,0,0,8,32,40,5,71,54,66,196,32,92,124,320
06/23/2004,BGR,ME,ANE,EN,Towers with Radar,11,65,45,33,154,4,0,33,16,53,15,65,78,49,207,68,114,182,389
06/24/2004,BGR,ME,ANE,EN,Towers with Radar,12,65,48,35,160,2,0,15,10,27,14,65,63,45,187,3,9,12,199
06/25/2004,BGR,ME,ANE,EN,Towers with Radar,10,59,38,8,115,2,3,7,0,12,12,62,45,8,127,0,0,0,127
06/26/2004,BGR,ME,ANE,EN,Towers with Radar,10,52,37,20,119,2,0,0,0,2,12,52,37,20,121,0,0,0,121
06/27/2004,BGR,ME,ANE,EN,Towers with Radar,9,44,35,13,101,4,0,33,0,37,13,44,68,13,138,44,32,76,214
06/28/2004,BGR,ME,ANE,EN,Towers with Radar,7,44,28,17,96,0,12,36,0,48,7,56,64,17,144,56,21,77,221
06/29/2004,BGR,ME,ANE,EN,Towers with Radar,5,62,49,34,150,0,0,29,16,45,5,62,78,50,195,16,60,76,271
06/30/2004,BGR,ME,ANE,EN,Towers with Radar,9,67,45,31,152,0,6,29,5,40,9,73,74,36,192,23,21,44,236
07/01/2004,BGR,ME,ANE,EN,Towers with Radar,12,70,47,28,157,0,0,42,7,49,12,70,89,35,206,29,73,102,308
07/02/2004,BGR,ME,ANE,EN,Towers with Radar,10,68,52,24,154,0,0,25,0,25,10,68,77,24,179,81,77,158,337
07/03/2004,BGR,ME,ANE,EN,Towers with Radar,8,50,33,4,95,0,11,44,0,55,8,61,77,4,150,51,7,58,208
07/04/2004,BGR,ME,ANE,EN,Towers with Radar,6,35,24,10,75,2,14,26,0,42,8,49,50,10,117,26,74,100,217
07/05/2004,BGR,ME,ANE,EN,Towers with Radar,5,46,41,8,100,0,0,2,0,2,5,46,43,8,102,10,6,16,118
07/06/2004,BGR,ME,ANE,EN,Towers with Radar,9,67,45,19,140,0,3,20,0,23,9,70,65,19,163,31,67,98,261
07/07/2004,BGR,ME,ANE,EN,Towers with Radar,10,50,33,20,113,1,20,58,7,86,11,70,91,27,199,35,41,76,275
07/08/2004,BGR,ME,ANE,EN,Towers with Radar,12,60,36,24,132,6,4,0,2,12,18,64,36,26,144,0,20,20,164
07/09/2004,BGR,ME,ANE,EN,Towers with Radar,5,54,34,20,113,0,5,0,0,5,5,59,34,20,118,1,1,2,120
07/10/2004,BGR,ME,ANE,EN,Towers with Radar,8,54,36,13,111,0,8,4,0,12,8,62,40,13,123,88,14,102,225
07/11/2004,BGR,ME,ANE,EN,Towers with Radar,10,53,38,12,113,4,0,48,0,52,14,53,86,12,165,30,13,43,208
07/12/2004,BGR,ME,ANE,EN,Towers with Radar,11,54,36,21,122,6,4,35,9,54,17,58,71,30,176,42,43,85,261
07/13/2004,BGR,ME,ANE,EN,Towers with Radar,11,56,37,20,124,1,19,16,0,36,12,75,53,20,160,20,36,56,216
07/14/2004,BGR,ME,ANE,EN,Towers with Radar,8,54,39,24,125,0,0,5,21,26,8,54,44,45,151,0,0,0,151
07/15/2004,BGR,ME,ANE,EN,Towers with Radar,12,66,36,27,141,5,1,0,16,22,17,67,36,43,163,0,0,0,163
07/16/2004,BGR,ME,ANE,EN,Towers with Radar,10,62,45,28,145,0,0,5,5,10,10,62,50,33,155,19,3,22,177
07/17/2004,BGR,ME,ANE,EN,Towers with Radar,11,48,35,15,109,7,0,40,0,47,18,48,75,15,156,145,32,177,333
07/18/2004,BGR,ME,ANE,EN,Towers with Radar,9,38,30,8,85,4,0,34,0,38,13,38,64,8,123,24,16,40,163
07/19/2004,BGR,ME,ANE,EN,Towers with Radar,11,64,37,26,138,3,4,0,19,26,14,68,37,45,164,0,0,0,164
07/20/2004,BGR,ME,ANE,EN,Towers with Radar,7,67,43,26,143,0,8,19,12,39,7,75,62,38,182,9,9,18,200
07/21/2004,BGR,ME,ANE,EN,Towers with Radar,12,64,41,26,143,1,15,62,30,108,13,79,103,56,251,68,56,124,375
07/22/2004,BGR,ME,ANE,EN,Towers with Radar,13,65,43,27,148,9,0,26,6,41,22,65,69,33,189,44,126,170,359
07/23/2004,BGR,ME,ANE,EN,Towers with Radar,9,74,50,32,165,0,0,12,9,21,9,74,62,41,186,12,28,40,226
07/24/2004,BGR,ME,ANE,EN,Towers with Radar,12,54,38,12,116,5,0,13,0,18,17,54,51,12,134,47,9,56,190
07/25/2004,BGR,ME,ANE,EN,Towers with Radar,12,54,38,12,116,0,0,38,0,38,12,54,76,12,154,31,41,72,226
07/26/2004,BGR,ME,ANE,EN,Towers with Radar,8,55,35,16,114,0,12,25,0,37,8,67,60,16,151,57,73,130,281
07/27/2004,BGR,ME,ANE,EN,Towers with Radar,11,63,47,30,151,0,0,32,62,94,11,63,79,92,245,32,168,200,445
07/28/2004,BGR,ME,ANE,EN,Towers with Radar,10,53,34,20,117,0,12,1,0,13,10,65,35,20,130,0,0,0,130
07/29/2004,BGR,ME,ANE,EN,Towers with Radar,13,73,47,30,163,2,7,5,27,41,15,80,52,57,204,68,100,168,372
07/30/2004,BGR,ME,ANE,EN,Towers with Radar,9,76,52,31,168,0,0,68,13,81,9,76,120,44,249,71,168,239,488
07/31/2004,BGR,ME,ANE,EN,Towers with Radar,4,58,38,5,105,0,15,26,0,41,4,73,64,5,146,35,7,42,188
08/01/2004,BGR,ME,ANE,EN,Towers with Radar,15,44,33,4,96,8,0,20,0,28,23,44,53,4,124,11,4,15,139
08/02/2004,BGR,ME,ANE,EN,Towers with Radar,15,63,43,42,163,0,0,64,25,89,15,63,107,67,252,58,214,272,524
08/03/2004,BGR,ME,ANE,EN,Towers with Radar,13,51,28,28,120,9,5,23,9,46,22,56,51,37,166,31,59,90,256
08/04/2004,BGR,ME,ANE,EN,Towers with Radar,14,75,44,41,174,0,0,63,36,99,14,75,107,77,273,116,130,246,519
08/05/2004,BGR,ME,ANE,EN,Towers with Radar,4,73,45,42,164,0,0,32,36,68,4,73,77,78,232,82,152,234,466
08/06/2004,BGR,ME,ANE,EN,Towers with Radar,6,69,40,37,152,0,3,17,5,25,6,72,57,42,177,41,83,124,301
08/07/2004,BGR,ME,ANE,EN,Towers with Radar,12,60,34,10,116,0,1,33,0,34,12,61,67,10,150,93,49,142,292
08/08/2004,BGR,ME,ANE,EN,Towers with Radar,14,58,40,13,125,0,0,15,0,15,14,58,55,13,140,64,33,97,237
08/09/2004,BGR,ME,ANE,EN,Towers with Radar,17,65,45,42,169,5,0,39,48,92,22,65,84,90,261,65,113,178,439
08/10/2004,BGR,ME,ANE,EN,Towers with Radar,12,58,33,31,134,0,0,46,19,65,12,58,79,50,199,54,146,200,399
08/11/2004,BGR,ME,ANE,EN,Towers with Radar,11,60,37,35,143,0,0,9,12,21,11,60,46,47,164,1,1,2,166
08/12/2004,BGR,ME,ANE,EN,Towers with Radar,10,68,42,39,159,0,0,9,15,24,10,68,51,54,183,7,27,34,217
08/13/2004,BGR,ME,ANE,EN,Towers with Radar,9,65,38,27,139,0,20,15,0,35,9,85,53,27,174,0,0,0,174
08/14/2004,BGR,ME,ANE,EN,Towers with Radar,12,54,31,9,106,4,2,38,0,44,16,56,69,9,150,38,24,62,212
08/15/2004,BGR,ME,ANE,EN,Towers with Radar,11,49,29,17,106,0,2,3,0,5,11,51,32,17,111,19,19,38,149
08/16/2004,BGR,ME,ANE,EN,Towers with Radar,14,60,34,29,137,1,2,21,0,24,15,62,55,29,161,17,19,36,197
08/17/2004,BGR,ME,ANE,EN,Towers with Radar,7,59,34,32,132,0,18,44,18,80,7,77,78,50,212,124,76,200,412
08/18/2004,BGR,ME,ANE,EN,Towers with Radar,8,71,40,40,159,0,0,19,47,66,8,71,59,87,225,56,184,240,465
08/19/2004,BGR,ME,ANE,EN,Towers with Radar,11,68,28,39,146,0,0,0,34,34,11,68,28,73,180,0,84,84,264
08/20/2004,BGR,ME,ANE,EN,Towers with Radar,13,70,39,38,160,0,1,29,9,39,13,71,68,47,199,21,23,44,243
08/21/2004,BGR,ME,ANE,EN,Towers with Radar,5,50,24,10,89,0,19,0,0,19,5,69,24,10,108,0,0,0,108
08/22/2004,BGR,ME,ANE,EN,Towers with Radar,9,47,30,26,112,0,0,55,0,55,9,47,85,26,167,77,31,108,275
08/23/2004,BGR,ME,ANE,EN,Towers with Radar,12,55,30,25,122,9,2,33,0,44,21,57,63,25,166,23,17,40,206
08/24/2004,BGR,ME,ANE,EN,Towers with Radar,13,60,33,33,139,0,13,45,4,62,13,73,78,37,201,146,118,264,465
08/25/2004,BGR,ME,ANE,EN,Towers with Radar,9,44,24,24,101,1,16,48,7,72,10,60,72,31,173,19,11,30,203
08/26/2004,BGR,ME,ANE,EN,Towers with Radar,14,66,36,36,152,0,4,39,14,57,14,70,75,50,209,30,42,72,281
08/27/2004,BGR,ME,ANE,EN,Towers with Radar,13,65,36,33,147,0,4,34,0,38,13,69,70,33,185,104,134,238,423
08/28/2004,BGR,ME,ANE,EN,Towers with Radar,3,50,27,9,89,0,20,23,0,43,3,70,50,9,132,41,31,72,204
08/29/2004,BGR,ME,ANE,EN,Towers with Radar,9,59,32,11,111,0,0,40,0,40,9,59,72,11,151,3,3,6,157
08/30/2004,BGR,ME,ANE,EN,Towers with Radar,12,55,25,18,110,2,14,0,0,16,14,69,25,18,126,0,0,0,126
08/31/2004,BGR,ME,ANE,EN,Towers with Radar,16,69,30,44,159,0,0,0,24,24,16,69,30,68,183,9,131,140,323
09/01/2004,BGR,ME,ANE,EN,Towers with Radar,13,60,33,33,139,0,5,45,5,55,13,65,78,38,194,64,106,170,364
09/02/2004,BGR,ME,ANE,EN,Towers with Radar,9,70,42,39,160,0,0,34,36,70,9,70,76,75,230,53,59,112,342
09/03/2004,BGR,ME,ANE,EN,Towers with Radar,14,57,33,12,116,0,10,23,0,33,14,67,56,12,149,141,121,262,411
09/04/2004,BGR,ME,ANE,EN,Towers with Radar,7,56,33,23,119,0,4,41,0,45,7,60,74,23,164,159,63,222,386
09/05/2004,BGR,ME,ANE,EN,Towers with Radar,13,49,28,12,102,2,0,24,0,26,15,49,52,12,128,60,16,76,204
09/06/2004,BGR,ME,ANE,EN,Towers with Radar,15,49,33,10,107,0,0,48,0,48,15,49,81,10,155,73,31,104,259
09/07/2004,BGR,ME,ANE,EN,Towers with Radar,18,68,41,39,166,0,0,33,3,36,18,68,74,42,202,66,86,152,354
09/08/2004,BGR,ME,ANE,EN,Towers with Radar,19,71,44,41,175,0,0,5,44,49,19,71,49,85,224,24,120,144,368
09/09/2004,BGR,ME,ANE,EN,Towers with Radar,14,56,18,18,106,21,9,0,0,30,35,65,18,18,136,0,0,0,136
09/10/2004,BGR,ME,ANE,EN,Towers with Radar,19,67,43,40,169,4,0,7,13,24,23,67,50,53,193,56,164,220,413
09/11/2004,BGR,ME,ANE,EN,Towers with Radar,12,48,29,27,116,17,0,51,10,78,29,48,80,37,194,87,67,154,348
09/12/2004,BGR,ME,ANE,EN,Towers with Radar,13,48,27,12,100,6,3,61,0,70,19,51,88,12,170,64,32,96,266
09/13/2004,BGR,ME,ANE,EN,Towers with Radar,15,57,33,30,135,6,6,47,8,67,21,63,80,38,202,21,45,66,268
09/14/2004,BGR,ME,ANE,EN,Towers with Radar,11,58,35,32,136,0,0,69,27,96,11,58,104,59,232,48,113,161,393
09/15/2004,BGR,ME,ANE,EN,Towers with Radar,13,49,26,25,113,4,4,26,24,58,17,53,52,49,171,53,105,158,329
09/16/2004,BGR,ME,ANE,EN,Towers with Radar,8,58,32,32,130,0,7,25,14,46,8,65,57,46,176,48,148,196,372
09/17/2004,BGR,ME,ANE,EN,Towers with Radar,10,55,30,26,121,0,3,8,0,11,10,58,38,26,132,3,3,6,138
09/18/2004,BGR,ME,ANE,EN,Towers with Radar,9,38,21,10,78,3,6,7,0,16,12,44,28,10,94,0,2,2,96
09/19/2004,BGR,ME,ANE,EN,Towers with Radar,10,41,22,14,87,2,3,9,0,14,12,44,31,14,101,14,26,40,141
09/20/2004,BGR,ME,ANE,EN,Towers with Radar,7,51,29,28,115,0,0,49,13,62,7,51,78,41,177,40,46,86,263
09/21/2004,BGR,ME,ANE,EN,Towers with Radar,17,56,38,38,149,6,0,58,27,91,23,56,96,65,240,145,160,305,545
09/22/2004,BGR,ME,ANE,EN,Towers with Radar,8,50,28,27,113,0,5,38,20,63,8,55,66,47,176,80,48,128,304
09/23/2004,BGR,ME,ANE,EN,Towers with Radar,13,48,26,26,113,4,7,18,1,30,17,55,44,27,143,29,45,74,217
09/24/2004,BGR,ME,ANE,EN,Towers with Radar,10,58,32,32,132,0,1,65,6,72,10,59,97,38,204,108,100,208,412
09/25/2004,BGR,ME,ANE,EN,Towers with Radar,8,33,18,18,77,0,14,32,0,46,8,47,50,18,123,24,18,42,165
09/26/2004,BGR,ME,ANE,EN,Towers with Radar,7,39,21,2,69,0,4,49,0,53,7,43,70,2,122,45,23,68,190
09/27/2004,BGR,ME,ANE,EN,Towers with Radar,12,78,43,43,176,0,1,67,21,89,12,79,110,64,265,214,268,482,747
09/28/2004,BGR,ME,ANE,EN,Towers with Radar,14,56,31,30,131,0,3,9,17,29,14,59,40,47,160,37,49,86,246
09/29/2004,BGR,ME,ANE,EN,Towers with Radar,8,61,35,34,138,0,0,26,28,54,8,61,61,62,192,34,88,122,314
09/30/2004,BGR,ME,ANE,EN,Towers with Radar,10,62,34,34,140,0,7,33,26,66,10,69,67,60,206,70,134,204,410
10/01/2004,BGR,ME,ANE,EN,Towers with Radar,10,60,40,43,153,0,5,38,9,52,10,65,78,52,205,115,153,268,473
10/02/2004,BGR,ME,ANE,EN,Towers with Radar,16,48,32,21,117,0,0,21,16,37,16,48,53,37,154,26,22,48,202
10/03/2004,BGR,ME,ANE,EN,Towers with Radar,12,49,33,16,110,0,0,25,2,27,12,49,58,18,137,49,31,80,217
10/04/2004,BGR,ME,ANE,EN,Towers with Radar,8,57,30,23,118,0,1,13,4,18,8,58,43,27,136,25,81,106,242
10/05/2004,BGR,ME,ANE,EN,Towers with Radar,18,68,29,42,157,0,2,21,7,30,18,70,50,49,187,8,146,154,341
10/06/2004,BGR,ME,ANE,EN,Towers with Radar,9,49,18,34,110,81,2,22,20,125,90,51,40,54,235,10,68,78,313
10/07/2004,BGR,ME,ANE,EN,Towers with Radar,13,63,35,82,193,0,6,45,6,57,13,69,80,88,250,92,250,342,592
10/08/2004,BGR,ME,ANE,EN,Towers with Radar,9,75,35,19,138,0,0,34,6,40,9,75,69,25,178,110,90,200,378
10/09/2004,BGR,ME,ANE,EN,Towers with Radar,13,49,22,14,98,0,3,16,0,19,13,52,38,14,117,38,42,80,197
10/10/2004,BGR,ME,ANE,EN,Towers with Radar,5,53,45,5,108,0,0,37,0,37,5,53,82,5,145,102,14,116,261
10/11/2004,BGR,ME,ANE,EN,Towers with Radar,18,60,37,13,128,1,5,14,0,20,19,65,51,13,148,10,23,33,181
10/12/2004,BGR,ME,ANE,EN,Towers with Radar,12,71,17,10,110,0,0,0,0,0,12,71,17,10,110,0,6,6,116
10/13/2004,BGR,ME,ANE,EN,Towers with Radar,5,71,52,40,168,0,3,59,7,69,5,74,111,47,237,124,92,216,453
10/14/2004,BGR,ME,ANE,EN,Towers with Radar,16,67,26,56,165,0,1,20,17,38,16,68,46,73,203,14,82,96,299
10/15/2004,BGR,ME,ANE,EN,Towers with Radar,10,56,15,29,110,0,0,0,0,0,10,56,15,29,110,0,0,0,110
10/16/2004,BGR,ME,ANE,EN,Towers with Radar,15,61,26,4,106,0,0,3,0,3,15,61,29,4,109,14,6,20,129
10/17/2004,BGR,ME,ANE,EN,Towers with Radar,7,42,29,11,89,0,2,21,12,35,7,44,50,23,124,32,14,46,170
10/18/2004,BGR,ME,ANE,EN,Towers with Radar,16,54,23,24,117,0,8,21,9,38,16,62,44,33,155,34,56,90,245
10/19/2004,BGR,ME,ANE,EN,Towers with Radar,8,67,15,37,127,0,1,36,16,53,8,68,51,53,180,88,111,199,379
10/20/2004,BGR,ME,ANE,EN,Towers with Radar,11,61,38,50,160,0,6,45,16,67,11,67,83,66,227,63,59,122,349
10/21/2004,BGR,ME,ANE,EN,Towers with Radar,7,59,22,26,114,0,2,21,3,26,7,61,43,29,140,3,29,32,172
10/22/2004,BGR,ME,ANE,EN,Towers with Radar,11,54,29,14,108,0,0,19,5,24,11,54,48,19,132,14,26,40,172
10/23/2004,BGR,ME,ANE,EN,Towers with Radar,8,41,20,8,77,0,0,22,1,23,8,41,42,9,100,12,12,24,124
10/24/2004,BGR,ME,ANE,EN,Towers with Radar,6,47,35,2,90,0,2,17,1,20,6,49,52,3,110,35,4,39,149
10/25/2004,BGR,ME,ANE,EN,Towers with Radar,10,55,22,36,123,0,1,8,12,21,10,56,30,48,144,24,20,44,188
10/26/2004,BGR,ME,ANE,EN,Towers with Radar,13,51,21,22,107,0,2,22,11,35,13,53,43,33,142,19,23,42,184
10/27/2004,BGR,ME,ANE,EN,Towers with Radar,13,53,24,42,132,0,3,25,10,38,13,56,49,52,170,47,71,118,288
10/28/2004,BGR,ME,ANE,EN,Towers with Radar,14,63,36,32,145,0,3,44,15,62,14,66,80,47,207,88,206,294,501
10/29/2004,BGR,ME,ANE,EN,Towers with Radar,14,61,40,33,148,0,2,45,11,58,14,63,85,44,206,71,109,180,386
10/30/2004,BGR,ME,ANE,EN,Towers with Radar,6,44,25,5,80,0,2,26,0,28,6,46,51,5,108,24,20,44,152
10/31/2004,BGR,ME,ANE,EN,Towers with Radar,10,36,20,8,74,0,0,6,10,16,10,36,26,18,90,6,0,6,96
11/01/2004,BGR,ME,ANE,EN,Combined TRACON& Tower with Radar,12,50,12,40,114,0,1,22,5,28,12,51,34,45,142,14,68,82,224
11/02/2004,BGR,ME,ANE,EN,Combined TRACON& Tower with Radar,5,65,27,27,124,0,1,9,5,15,5,66,36,32,139,8,30,38,177
11/03/2004,BGR,ME,ANE,EN,Combined TRACON& Tower with Radar,19,53,29,36,137,171,3,4,1,179,190,56,33,37,316,2,26,28,344
11/04/2004,BGR,ME,ANE,EN,Combined TRACON& Tower with Radar,6,60,24,63,153,0,6,37,12,55,6,66,61,75,208,6,89,95,303
11/05/2004,BGR,ME,ANE,EN,Combined TRACON& Tower with Radar,3,61,25,16,105,0,1,3,0,4,3,62,28,16,109,0,0,0,109
11/06/2004,BGR,ME,ANE,EN,Combined TRACON& Tower with Radar,10,36,13,13,72,0,0,11,1,12,10,36,24,14,84,2,0,2,86
11/07/2004,BGR,ME,ANE,EN,Combined TRACON& Tower with Radar,6,48,22,27,103,0,0,46,0,46,6,48,68,27,149,102,104,206,355
11/08/2004,BGR,ME,ANE,EN,Combined TRACON& Tower with Radar,5,63,28,49,145,0,13,27,1,41,5,76,55,50,186,16,22,38,224
11/09/2004,BGR,ME,ANE,EN,Combined TRACON& Tower with Radar,5,59,44,38,146,0,3,35,1,39,5,62,79,39,185,155,23,178,363
11/10/2004,BGR,ME,ANE,EN,Combined TRACON& Tower with Radar,8,59,21,52,140,0,7,38,8,53,8,66,59,60,193,25,115,140,333
11/11/2004,BGR,ME,ANE,EN,Combined TRACON& Tower with Radar,6,52,27,5,90,0,0,17,1,18,6,52,44,6,108,38,26,64,172
11/12/2004,BGR,ME,ANE,EN,Combined TRACON& Tower with Radar,10,54,23,44,131,0,1,4,0,5,10,55,27,44,136,2,78,80,216
11/13/2004,BGR,ME,ANE,EN,Combined TRACON& Tower with Radar,8,42,4,5,59,0,0,81,0,81,8,42,85,5,140,0,0,0,140
11/14/2004,BGR,ME,ANE,EN,Combined TRACON& Tower with Radar,7,47,31,16,101,0,0,17,1,18,7,47,48,17,119,49,13,62,181
11/15/2004,BGR,ME,ANE,EN,Combined TRACON& Tower with Radar,5,53,12,21,91,0,2,22,2,26,5,55,34,23,117,44,26,70,187
11/16/2004,BGR,ME,ANE,EN,Combined TRACON& Tower with Radar,10,66,62,53,191,0,2,42,4,48,10,68,104,57,239,113,113,226,465
11/17/2004,BGR,ME,ANE,EN,Combined TRACON& Tower with Radar,12,70,30,67,179,0,3,36,10,49,12,73,66,77,228,46,112,158,386
11/18/2004,BGR,ME,ANE,EN,Combined TRACON& Tower with Radar,7,64,24,60,155,0,1,31,12,44,7,65,55,72,199,11,119,130,329
11/19/2004,BGR,ME,ANE,EN,Combined TRACON& Tower with Radar,4,57,30,23,114,0,1,18,9,28,4,58,48,32,142,62,64,126,268
11/20/2004,BGR,ME,ANE,EN,Combined TRACON& Tower with Radar,12,42,17,13,84,0,4,46,12,62,12,46,63,25,146,25,27,52,198
11/21/2004,BGR,ME,ANE,EN,Combined TRACON& Tower with Radar,10,42,24,31,107,0,0,2,0,2,10,42,26,31,109,0,12,12,121
11/22/2004,BGR,ME,ANE,EN,Combined TRACON& Tower with Radar,8,59,18,32,117,0,5,8,0,13,8,64,26,32,130,6,42,48,178
11/23/2004,BGR,ME,ANE,EN,Combined TRACON& Tower with Radar,9,63,28,29,129,0,2,30,6,38,9,65,58,35,167,16,14,30,197
11/24/2004,BGR,ME,ANE,EN,Combined TRACON& Tower with Radar,4,69,45,37,155,0,1,7,0,8,4,70,52,37,163,9,95,104,267
11/25/2004,BGR,ME,ANE,EN,Combined TRACON& Tower with Radar,4,36,1,3,44,0,0,0,0,0,4,36,1,3,44,0,0,0,44
11/26/2004,BGR,ME,ANE,EN,Combined TRACON& Tower with Radar,11,56,14,10,91,0,1,13,0,14,11,57,27,10,105,10,10,20,125
11/27/2004,BGR,ME,ANE,EN,Combined TRACON& Tower with Radar,12,44,21,3,80,0,1,46,0,47,12,45,67,3,127,12,4,16,143
11/28/2004,BGR,ME,ANE,EN,Combined TRACON& Tower with Radar,12,41,19,13,85,0,2,5,0,7,12,43,24,13,92,8,0,8,100
11/29/2004,BGR,ME,ANE,EN,Combined TRACON& Tower with Radar,19,52,25,34,130,0,4,23,4,31,19,56,48,38,161,33,35,68,229
11/30/2004,BGR,ME,ANE,EN,Combined TRACON& Tower with Radar,12,55,39,46,152,0,5,47,9,61,12,60,86,55,213,83,157,240,453
12/01/2004,BGR,ME,ANE,EN,Combined TRACON& Tower with Radar,6,57,18,12,93,54,1,1,1,57,60,58,19,13,150,0,0,0,150
12/02/2004,BGR,ME,ANE,EN,Combined TRACON& Tower with Radar,19,59,30,45,153,0,9,32,15,56,19,68,62,60,209,32,170,202,411
12/03/2004,BGR,ME,ANE,EN,Combined TRACON& Tower with Radar,4,53,19,28,104,0,0,1,2,3,4,53,20,30,107,0,0,0,107
12/04/2004,BGR,ME,ANE,EN,Combined TRACON& Tower with Radar,11,40,16,5,72,0,0,16,20,36,11,40,32,25,108,48,6,54,162
12/05/2004,BGR,ME,ANE,EN,Combined TRACON& Tower with Radar,11,41,10,14,76,0,1,21,2,24,11,42,31,16,100,19,25,44,144
12/06/2004,BGR,ME,ANE,EN,Combined TRACON& Tower with Radar,4,57,24,32,117,0,3,13,5,21,4,60,37,37,138,49,51,100,238
12/07/2004,BGR,ME,ANE,EN,Combined TRACON& Tower with Radar,14,55,28,29,126,0,0,3,0,3,14,55,31,29,129,20,0,20,149
12/08/2004,BGR,ME,ANE,EN,Combined TRACON& Tower with Radar,10,68,22,34,134,0,0,1,0,1,10,68,23,34,135,0,48,48,183
12/09/2004,BGR,ME,ANE,EN,Combined TRACON& Tower with Radar,13,57,63,41,174,0,0,0,0,0,13,57,63,41,174,57,75,132,306
12/10/2004,BGR,ME,ANE,EN,Combined TRACON& Tower with Radar,10,59,19,44,132,0,0,5,0,5,10,59,24,44,137,6,82,88,225
12/11/2004,BGR,ME,ANE,EN,Combined TRACON& Tower with Radar,18,38,8,11,75,0,0,0,0,0,18,38,8,11,75,0,0,0,75
12/12/2004,BGR,ME,ANE,EN,Combined TRACON& Tower with Radar,9,48,12,12,81,0,0,0,0,0,9,48,12,12,81,0,0,0,81
12/13/2004,BGR,ME,ANE,EN,Combined TRACON& Tower with Radar,16,50,9,32,107,0,1,0,0,1,16,51,9,32,108,0,0,0,108
12/14/2004,BGR,ME,ANE,EN,Combined TRACON& Tower with Radar,12,67,32,43,154,0,2,19,10,31,12,69,51,53,185,63,71,134,319
12/15/2004,BGR,ME,ANE,EN,Combined TRACON& Tower with Radar,15,61,28,29,133,0,5,24,17,46,15,66,52,46,179,35,27,62,241
12/16/2004,BGR,ME,ANE,EN,Combined TRACON& Tower with Radar,16,57,54,84,211,0,2,48,10,60,16,59,102,94,271,107,193,300,571
12/17/2004,BGR,ME,ANE,EN,Combined TRACON& Tower with Radar,15,61,35,26,137,0,1,6,3,10,15,62,41,29,147,6,76,82,229
12/18/2004,BGR,ME,ANE,EN,Combined TRACON& Tower with Radar,8,46,19,9,82,0,0,35,1,36,8,46,54,10,118,32,6,38,156
12/19/2004,BGR,ME,ANE,EN,Combined TRACON& Tower with Radar,15,36,16,9,76,0,0,1,0,1,15,36,17,9,77,0,0,0,77
12/20/2004,BGR,ME,ANE,EN,Combined TRACON& Tower with Radar,12,53,19,41,125,0,1,0,1,2,12,54,19,42,127,23,11,34,161
12/21/2004,BGR,ME,ANE,EN,Combined TRACON& Tower with Radar,20,58,36,35,149,0,2,25,6,33,20,60,61,41,182,82,72,154,336
12/22/2004,BGR,ME,ANE,EN,Combined TRACON& Tower with Radar,14,63,15,53,145,0,2,21,10,33,14,65,36,63,178,38,120,158,336
12/23/2004,BGR,ME,ANE,EN,Combined TRACON& Tower with Radar,6,55,20,44,125,0,0,0,0,0,6,55,20,44,125,0,12,12,137
12/24/2004,BGR,ME,ANE,EN,Combined TRACON& Tower with Radar,5,48,12,0,65,0,2,10,0,12,5,50,22,0,77,8,8,16,93
12/25/2004,BGR,ME,ANE,EN,Combined TRACON& Tower with Radar,7,23,2,2,34,0,0,2,0,2,7,23,4,2,36,0,0,0,36
12/26/2004,BGR,ME,ANE,EN,Combined TRACON& Tower with Radar,7,33,14,0,54,0,1,0,0,1,7,34,14,0,55,0,0,0,55
12/27/2004,BGR,ME,ANE,EN,Combined TRACON& Tower with Radar,7,47,6,8,68,0,4,4,0,8,7,51,10,8,76,4,34,38,114
12/28/2004,BGR,ME,ANE,EN,Combined TRACON& Tower with Radar,15,74,12,32,133,0,2,10,13,25,15,76,22,45,158,25,107,132,290
12/29/2004,BGR,ME,ANE,EN,Combined TRACON& Tower with Radar,7,61,14,39,121,0,2,6,10,18,7,63,20,49,139,21,61,82,221
12/30/2004,BGR,ME,ANE,EN,Combined TRACON& Tower with Radar,9,57,17,39,122,0,1,37,7,45,9,58,54,46,167,119,127,246,413
12/31/2004,BGR,ME,ANE,EN,Combined TRACON& Tower with Radar,13,55,11,6,85,0,2,0,0,2,13,57,11,6,87,4,4,8,95
01/01/2005,BGR,ME,ANE,EN,Combined TRACON& Tower with Radar,5,42,5,7,59,0,2,5,0,7,5,44,10,7,66,26,6,32,98
01/02/2005,BGR,ME,ANE,EN,Combined TRACON& Tower with Radar,5,47,15,7,74,0,1,21,0,22,5,48,36,7,96,69,15,84,180
01/03/2005,BGR,ME,ANE,EN,Combined TRACON& Tower with Radar,6,46,23,12,87,0,1,11,4,16,6,47,34,16,103,14,58,72,175
01/04/2005,BGR,ME,ANE,EN,Combined TRACON& Tower with Radar,10,52,30,58,150,0,3,12,11,26,10,55,42,69,176,63,143,206,382
01/05/2005,BGR,ME,ANE,EN,Combined TRACON& Tower with Radar,3,58,22,66,149,0,6,23,7,36,3,64,45,73,185,81,133,214,399
01/06/2005,BGR,ME,ANE,EN,Combined TRACON& Tower with Radar,14,56,23,28,121,0,3,4,9,16,14,59,27,37,137,3,51,54,191
01/07/2005,BGR,ME,ANE,EN,Combined TRACON& Tower with Radar,13,60,22,15,110,0,4,12,13,29,13,64,34,28,139,36,14,50,189
01/08/2005,BGR,ME,ANE,EN,Combined TRACON& Tower with Radar,17,49,14,22,102,0,0,7,13,20,17,49,21,35,122,13,46,59,181
01/09/2005,BGR,ME,ANE,EN,Combined TRACON& Tower with Radar,15,44,17,11,87,0,1,27,5,33,15,45,44,16,120,47,103,150,270
01/10/2005,BGR,ME,ANE,EN,Combined TRACON& Tower with Radar,17,45,6,22,90,0,1,2,0,3,17,46,8,22,93,0,0,0,93
01/11/2005,BGR,ME,ANE,EN,Combined TRACON& Tower with Radar,16,71,23,50,160,0,2,35,0,37,16,73,58,50,197,47,73,120,317
01/12/2005,BGR,ME,ANE,EN,Combined TRACON& Tower with Radar,10,61,20,17,108,0,2,2,7,11,10,63,22,24,119,1,39,40,159
01/13/2005,BGR,ME,ANE,EN,Combined TRACON& Tower with Radar,5,50,14,15,84,0,0,0,0,0,5,50,14,15,84,0,0,0,84
01/14/2005,BGR,ME,ANE,EN,Combined TRACON& Tower with Radar,3,48,17,14,82,0,2,2,0,4,3,50,19,14,86,0,42,42,128
01/15/2005,BGR,ME,ANE,EN,Combined TRACON& Tower with Radar,8,43,7,9,67,0,1,24,3,28,8,44,31,12,95,81,21,102,197
01/16/2005,BGR,ME,ANE,EN,Combined TRACON& Tower with Radar,8,47,25,10,90,0,0,26,0,26,8,47,51,10,116,115,7,122,238
01/17/2005,BGR,ME,ANE,EN,Combined TRACON& Tower with Radar,10,44,6,0,60,0,1,2,0,3,10,45,8,0,63,2,2,4,67
01/18/2005,BGR,ME,ANE,EN,Combined TRACON& Tower with Radar,10,54,28,33,125,0,4,10,6,20,10,58,38,39,145,16,128,144,289
01/19/2005,BGR,ME,ANE,EN,Combined TRACON& Tower with Radar,7,72,30,63,172,0,0,24,3,27,7,72,54,66,199,39,129,168,367
01/20/2005,BGR,ME,ANE,EN,Combined TRACON& Tower with Radar,5,57,33,17,112,0,7,11,0,18,5,64,44,17,130,82,6,88,218
01/21/2005,BGR,ME,ANE,EN,Combined TRACON& Tower with Radar,6,67,37,44,154,0,8,14,1,23,6,75,51,45,177,22,80,102,279
01/22/2005,BGR,ME,ANE,EN,Combined TRACON& Tower with Radar,19,37,26,14,96,0,2,17,0,19,19,39,43,14,115,43,17,60,175
01/23/2005,BGR,ME,ANE,EN,Combined TRACON& Tower with Radar,8,5,8,0,21,0,0,0,0,0,8,5,8,0,21,0,0,0,21
01/24/2005,BGR,ME,ANE,EN,Combined TRACON& Tower with Radar,13,50,19,24,106,0,0,17,0,17,13,50,36,24,123,12,8,20,143
01/25/2005,BGR,ME,ANE,EN,Combined TRACON& Tower with Radar,7,66,38,22,133,0,4,13,12,29,7,70,51,34,162,14,26,40,202
01/26/2005,BGR,ME,ANE,EN,Combined TRACON& Tower with Radar,10,60,29,41,140,0,0,2,4,6,10,60,31,45,146,0,30,30,176
01/27/2005,BGR,ME,ANE,EN,Combined TRACON& Tower with Radar,9,60,25,36,130,0,10,11,53,74,9,70,36,89,204,28,118,146,350
01/28/2005,BGR,ME,ANE,EN,Combined TRACON& Tower with Radar,17,66,28,66,177,0,4,16,5,25,17,70,44,71,202,54,103,157,359
01/29/2005,BGR,ME,ANE,EN,Combined TRACON& Tower with Radar,19,40,22,16,97,0,1,23,0,24,19,41,45,16,121,38,14,52,173
01/30/2005,BGR,ME,ANE,EN,Combined TRACON& Tower with Radar,17,41,29,20,107,0,2,24,0,26,17,43,53,20,133,83,19,102,235
01/31/2005,BGR,ME,ANE,EN,Combined TRACON& Tower with Radar,8,49,28,28,113,0,4,39,8,51,8,53,67,36,164,50,86,136,300
02/01/2005,BGR,ME,ANE,EN,Combined TRACON& Tower with Radar,10,54,16,32,112,0,9,38,5,52,10,63,54,37,164,43,71,114,278
02/02/2005,BGR,ME,ANE,EN,Combined TRACON& Tower with Radar,10,67,29,29,135,0,5,28,4,37,10,72,57,33,172,19,39,58,230
02/03/2005,BGR,ME,ANE,EN,Combined TRACON& Tower with Radar,12,59,25,29,125,0,1,25,16,42,12,60,50,45,167,14,40,54,221
02/04/2005,BGR,ME,ANE,EN,Combined TRACON& Tower with Radar,13,66,38,49,166,0,6,31,18,55,13,72,69,67,221,68,78,146,367
02/05/2005,BGR,ME,ANE,EN,Combined TRACON& Tower with Radar,8,47,24,30,109,0,2,27,21,50,8,49,51,51,159,66,72,138,297
02/06/2005,BGR,ME,ANE,EN,Combined TRACON& Tower with Radar,15,44,15,9,83,0,4,31,6,41,15,48,46,15,124,34,20,54,178
02/07/2005,BGR,ME,ANE,EN,Combined TRACON& Tower with Radar,14,56,17,39,126,0,1,43,1,45,14,57,60,40,171,154,58,212,383
02/08/2005,BGR,ME,ANE,EN,Combined TRACON& Tower with Radar,12,61,26,38,137,0,4,6,4,14,12,65,32,42,151,10,100,110,261
02/09/2005,BGR,ME,ANE,EN,Combined TRACON& Tower with Radar,10,63,31,52,156,0,1,9,6,16,10,64,40,58,172,86,118,204,376
02/10/2005,BGR,ME,ANE,EN,Combined TRACON& Tower with Radar,4,30,2,0,36,0,0,1,0,1,4,30,3,0,37,0,0,0,37
02/11/2005,BGR,ME,ANE,EN,Combined TRACON& Tower with Radar,5,52,8,2,67,0,0,0,0,0,5,52,8,2,67,0,0,0,67
02/12/2005,BGR,ME,ANE,EN,Combined TRACON& Tower with Radar,11,46,17,7,81,0,3,18,0,21,11,49,35,7,102,54,12,66,168
02/13/2005,BGR,ME,ANE,EN,Combined TRACON& Tower with Radar,6,41,15,13,75,0,0,14,2,16,6,41,29,15,91,54,22,76,167
02/14/2005,BGR,ME,ANE,EN,Combined TRACON& Tower with Radar,15,52,23,50,140,0,2,24,4,30,15,54,47,54,170,79,100,179,349
02/15/2005,BGR,ME,ANE,EN,Combined TRACON& Tower with Radar,8,68,19,29,124,0,2,2,3,7,8,70,21,32,131,2,10,12,143
02/16/2005,BGR,ME,ANE,EN,Combined TRACON& Tower with Radar,5,65,12,35,117,0,2,7,6,15,5,67,19,41,132,24,42,66,198
02/17/2005,BGR,ME,ANE,EN,Combined TRACON& Tower with Radar,8,59,23,34,124,0,4,33,10,47,8,63,56,44,171,62,76,138,309
02/18/2005,BGR,ME,ANE,EN,Combined TRACON& Tower with Radar,12,69,32,12,125,0,4,26,0,30,12,73,58,12,155,80,46,126,281
02/19/2005,BGR,ME,ANE,EN,Combined TRACON& Tower with Radar,7,51,19,10,87,0,3,20,12,35,7,54,39,22,122,43,5,48,170
02/20/2005,BGR,ME,ANE,EN,Combined TRACON& Tower with Radar,7,39,9,2,57,0,1,8,0,9,7,40,17,2,66,40,4,44,110
02/21/2005,BGR,ME,ANE,EN,Combined TRACON& Tower with Radar,15,55,10,4,84,0,1,0,0,1,15,56,10,4,85,0,0,0,85
02/22/2005,BGR,ME,ANE,EN,Combined TRACON& Tower with Radar,12,60,16,38,126,0,0,4,1,5,12,60,20,39,131,20,28,48,179
02/23/2005,BGR,ME,ANE,EN,Combined TRACON& Tower with Radar,13,58,24,37,132,0,3,9,13,25,13,61,33,50,157,11,19,30,187
02/24/2005,BGR,ME,ANE,EN,Combined TRACON& Tower with Radar,10,63,17,27,117,0,1,19,6,26,10,64,36,33,143,13,67,80,223
02/25/2005,BGR,ME,ANE,EN,Combined TRACON& Tower with Radar,36,61,23,21,141,0,2,14,9,25,36,63,37,30,166,127,145,272,438
02/26/2005,BGR,ME,ANE,EN,Combined TRACON& Tower with Radar,9,49,9,10,77,0,1,22,2,25,9,50,31,12,102,4,8,12,114
02/27/2005,BGR,ME,ANE,EN,Combined TRACON& Tower with Radar,21,39,16,4,80,0,2,3,0,5,21,41,19,4,85,2,2,4,89
02/28/2005,BGR,ME,ANE,EN,Combined TRACON& Tower with Radar,10,50,22,36,118,0,4,37,2,43,10,54,59,38,161,31,115,146,307
03/01/2005,BGR,ME,ANE,EN,Combined TRACON& Tower with Radar,16,44,2,2,64,0,0,0,0,0,16,44,2,2,64,0,0,0,64
03/02/2005,BGR,ME,ANE,EN,Combined TRACON& Tower with Radar,13,67,19,22,121,0,4,1,1,6,13,71,20,23,127,4,64,68,195
03/03/2005,BGR,ME,ANE,EN,Combined TRACON& Tower with Radar,16,65,22,18,121,0,5,6,10,21,16,70,28,28,142,22,96,118,260
03/04/2005,BGR,ME,ANE,EN,Combined TRACON& Tower with Radar,20,60,20,21,121,0,4,22,20,46,20,64,42,41,167,27,55,82,249
03/05/2005,BGR,ME,ANE,EN,Combined TRACON& Tower with Radar,17,39,15,11,82,0,2,26,12,40,17,41,41,23,122,8,40,48,170
03/06/2005,BGR,ME,ANE,EN,Combined TRACON& Tower with Radar,14,36,14,13,77,0,1,14,3,18,14,37,28,16,95,20,38,58,153
03/07/2005,BGR,ME,ANE,EN,Combined TRACON& Tower with Radar,14,56,29,7,106,0,1,11,1,13,14,57,40,8,119,4,0,4,123
03/08/2005,BGR,ME,ANE,EN,Combined TRACON& Tower with Radar,9,41,8,5,63,0,0,0,0,0,9,41,8,5,63,0,0,0,63
03/09/2005,BGR,ME,ANE,EN,Combined TRACON& Tower with Radar,9,52,15,3,79,0,1,5,0,6,9,53,20,3,85,0,0,0,85
03/10/2005,BGR,ME,ANE,EN,Combined TRACON& Tower with Radar,8,58,31,29,126,0,3,24,3,30,8,61,55,32,156,57,59,116,272
03/11/2005,BGR,ME,ANE,EN,Combined TRACON& Tower with Radar,6,62,35,26,129,0,3,29,8,40,6,65,64,34,169,114,124,238,407
03/12/2005,BGR,ME,ANE,EN,Combined TRACON& Tower with Radar,4,49,5,0,58,0,0,1,0,1,4,49,6,0,59,4,4,8,67
03/13/2005,BGR,ME,ANE,EN,Combined TRACON& Tower with Radar,20,43,16,34,113,0,0,15,17,32,20,43,31,51,145,20,64,84,229
03/14/2005,BGR,ME,ANE,EN,Combined TRACON& Tower with Radar,13,55,25,35,128,0,0,12,11,23,13,55,37,46,151,75,37,112,263
03/15/2005,BGR,ME,ANE,EN,Combined TRACON& Tower with Radar,13,59,23,51,146,0,1,4,13,18,13,60,27,64,164,6,88,94,258
03/16/2005,BGR,ME,ANE,EN,Combined TRACON& Tower with Radar,17,64,40,33,154,0,5,26,8,39,17,69,66,41,193,47,53,100,293
03/17/2005,BGR,ME,ANE,EN,Combined TRACON& Tower with Radar,17,53,25,22,117,0,5,32,14,51,17,58,57,36,168,17,41,58,226
03/18/2005,BGR,ME,ANE,EN,Combined TRACON& Tower with Radar,11,54,21,42,128,0,4,17,16,37,11,58,38,58,165,25,131,156,321
03/19/2005,BGR,ME,ANE,EN,Combined TRACON& Tower with Radar,11,49,16,16,92,0,3,21,17,41,11,52,37,33,133,10,22,32,165
03/20/2005,BGR,ME,ANE,EN,Combined TRACON& Tower with Radar,10,41,22,6,79,0,0,27,6,33,10,41,49,12,112,50,26,76,188
03/21/2005,BGR,ME,ANE,EN,Combined TRACON& Tower with Radar,10,59,22,24,115,0,1,44,2,47,10,60,66,26,162,68,46,114,276
03/22/2005,BGR,ME,ANE,EN,Combined TRACON& Tower with Radar,7,50,25,43,125,0,2,30,5,37,7,52,55,48,162,42,82,124,286
03/23/2005,BGR,ME,ANE,EN,Combined TRACON& Tower with Radar,15,57,28,22,122,0,1,18,9,28,15,58,46,31,150,28,30,58,208
03/24/2005,BGR,ME,ANE,EN,Combined TRACON& Tower with Radar,14,67,32,38,151,1,3,35,14,53,15,70,67,52,204,76,66,142,346
03/25/2005,BGR,ME,ANE,EN,Combined TRACON& Tower with Radar,6,52,22,36,116,0,6,19,12,37,6,58,41,48,153,39,45,84,237
03/26/2005,BGR,ME,ANE,EN,Combined TRACON& Tower with Radar,7,44,20,2,73,0,1,31,0,32,7,45,51,2,105,34,12,46,151
03/27/2005,BGR,ME,ANE,EN,Combined TRACON& Tower with Radar,8,42,20,2,72,0,0,29,0,29,8,42,49,2,101,65,15,80,181
03/28/2005,BGR,ME,ANE,EN,Combined TRACON& Tower with Radar,17,51,20,17,105,0,1,3,0,4,17,52,23,17,109,1,27,28,137
03/29/2005,BGR,ME,ANE,EN,Combined TRACON& Tower with Radar,5,63,16,9,93,0,0,1,0,1,5,63,17,9,94,0,0,0,94
03/30/2005,BGR,ME,ANE,EN,Combined TRACON& Tower with Radar,16,65,30,0,111,0,1,25,47,73,16,66,55,47,184,98,62,160,344
03/31/2005,BGR,ME,ANE,EN,Combined TRACON& Tower with Radar,23,51,36,11,121,0,2,52,1,55,23,53,88,12,176,67,77,144,320
04/01/2005,BGR,ME,ANE,EN,Combined TRACON& Tower with Radar,12,61,21,40,134,0,0,0,0,0,12,61,21,40,134,0,0,0,134
04/02/2005,BGR,ME,ANE,EN,Combined TRACON& Tower with Radar,9,47,11,12,79,0,0,0,0,0,9,47,11,12,79,0,0,0,79
04/03/2005,BGR,ME,ANE,EN,Combined TRACON& Tower with Radar,6,56,19,5,86,0,0,0,0,0,6,56,19,5,86,0,0,0,86
04/04/2005,BGR,ME,ANE,EN,Combined TRACON& Tower with Radar,8,49,13,35,105,0,0,2,0,2,8,49,15,35,107,0,0,0,107
04/05/2005,BGR,ME,ANE,EN,Combined TRACON& Tower with Radar,10,59,12,12,93,0,4,19,9,32,10,63,31,21,125,65,51,116,241
04/06/2005,BGR,ME,ANE,EN,Combined TRACON& Tower with Radar,6,72,49,23,150,0,1,52,3,56,6,73,101,26,206,132,80,212,418
04/07/2005,BGR,ME,ANE,EN,Combined TRACON& Tower with Radar,9,55,24,50,138,0,0,10,5,15,9,55,34,55,153,0,48,48,201
04/08/2005,BGR,ME,ANE,EN,Combined TRACON& Tower with Radar,7,50,34,39,130,0,5,18,16,39,7,55,52,55,169,80,92,172,341
04/09/2005,BGR,ME,ANE,EN,Combined TRACON& Tower with Radar,11,41,12,2,66,0,11,36,0,47,11,52,48,2,113,26,14,40,153
04/10/2005,BGR,ME,ANE,EN,Combined TRACON& Tower with Radar,4,41,17,2,64,0,0,36,0,36,4,41,53,2,100,24,16,40,140
04/11/2005,BGR,ME,ANE,EN,Combined TRACON& Tower with Radar,9,54,32,20,115,0,3,11,4,18,9,57,43,24,133,20,59,79,212
04/12/2005,BGR,ME,ANE,EN,Combined TRACON& Tower with Radar,6,56,24,12,98,0,1,3,0,4,6,57,27,12,102,0,10,10,112
04/13/2005,BGR,ME,ANE,EN,Combined TRACON& Tower with Radar,11,65,32,36,144,0,4,15,11,30,11,69,47,47,174,52,90,142,316
04/14/2005,BGR,ME,ANE,EN,Combined TRACON& Tower with Radar,2,56,27,38,123,0,2,26,8,36,2,58,53,46,159,69,37,106,265
04/15/2005,BGR,ME,ANE,EN,Combined TRACON& Tower with Radar,8,54,47,63,172,0,7,39,16,62,8,61,86,79,234,65,175,240,474
04/16/2005,BGR,ME,ANE,EN,Combined TRACON& Tower with Radar,5,45,31,23,104,0,2,38,3,43,5,47,69,26,147,40,38,78,225
04/17/2005,BGR,ME,ANE,EN,Combined TRACON& Tower with Radar,6,44,29,5,84,0,3,32,0,35,6,47,61,5,119,10,9,19,138
04/18/2005,BGR,ME,ANE,EN,Combined TRACON& Tower with Radar,11,42,11,11,75,0,2,27,0,29,11,44,38,11,104,10,11,21,125
04/19/2005,BGR,ME,ANE,EN,Combined TRACON& Tower with Radar,3,55,23,6,87,0,1,37,0,38,3,56,60,6,125,34,12,46,171
04/20/2005,BGR,ME,ANE,EN,Combined TRACON& Tower with Radar,5,49,14,20,88,0,0,13,4,17,5,49,27,24,105,2,2,4,109
04/21/2005,BGR,ME,ANE,EN,Combined TRACON& Tower with Radar,7,52,8,33,100,0,9,8,6,23,7,61,16,39,123,23,35,58,181
04/22/2005,BGR,ME,ANE,EN,Combined TRACON& Tower with Radar,17,63,28,34,142,0,8,37,4,49,17,71,65,38,191,133,83,216,407
04/23/2005,BGR,ME,ANE,EN,Combined TRACON& Tower with Radar,11,57,22,9,99,0,0,0,0,0,11,57,22,9,99,0,0,0,99
04/24/2005,BGR,ME,ANE,EN,Combined TRACON& Tower with Radar,3,42,21,8,74,0,0,0,0,0,3,42,21,8,74,0,0,0,74
04/25/2005,BGR,ME,ANE,EN,Combined TRACON& Tower with Radar,4,50,21,31,106,0,0,4,0,4,4,50,25,31,110,8,22,30,140
04/26/2005,BGR,ME,ANE,EN,Combined TRACON& Tower with Radar,4,50,22,45,121,0,3,35,7,45,4,53,57,52,166,65,108,173,339
04/27/2005,BGR,ME,ANE,EN,Combined TRACON& Tower with Radar,9,54,26,29,118,0,1,5,2,8,9,55,31,31,126,3,55,58,184
04/28/2005,BGR,ME,ANE,EN,Combined TRACON& Tower with Radar,2,59,22,10,93,0,0,0,0,0,2,59,22,10,93,0,0,0,93
04/29/2005,BGR,ME,ANE,EN,Combined TRACON& Tower with Radar,14,58,43,36,151,126,1,27,2,156,140,59,70,38,307,72,16,88,395
04/30/2005,BGR,ME,ANE,EN,Combined TRACON& Tower with Radar,17,53,34,19,123,0,2,43,4,49,17,55,77,23,172,105,23,128,300
05/01/2005,BGR,ME,ANE,EN,Combined TRACON& Tower with Radar,9,39,20,9,77,0,0,2,0,2,9,39,22,9,79,1,1,2,81
05/02/2005,BGR,ME,ANE,EN,Combined TRACON& Tower with Radar,14,57,18,22,111,0,0,27,3,30,14,57,45,25,141,27,15,42,183
05/03/2005,BGR,ME,ANE,EN,Combined TRACON& Tower with Radar,5,58,24,24,111,0,3,24,10,37,5,61,48,34,148,60,34,94,242
05/04/2005,BGR,ME,ANE,EN,Combined TRACON& Tower with Radar,6,53,18,20,97,0,4,23,10,37,6,57,41,30,134,19,81,100,234
05/05/2005,BGR,ME,ANE,EN,Combined TRACON& Tower with Radar,6,68,43,53,170,0,3,60,7,70,6,71,103,60,240,109,151,260,500
05/06/2005,BGR,ME,ANE,EN,Combined TRACON& Tower with Radar,4,54,42,48,148,0,6,61,7,74,4,60,103,55,222,106,140,246,468
05/07/2005,BGR,ME,ANE,EN,Combined TRACON& Tower with Radar,9,46,28,5,88,0,0,3,0,3,9,46,31,5,91,8,2,10,101
05/08/2005,BGR,ME,ANE,EN,Combined TRACON& Tower with Radar,6,46,13,3,68,0,0,0,0,0,6,46,13,3,68,0,0,0,68
05/09/2005,BGR,ME,ANE,EN,Combined TRACON& Tower with Radar,5,52,54,26,137,0,4,13,0,17,5,56,67,26,154,6,24,30,184
05/10/2005,BGR,ME,ANE,EN,Combined TRACON& Tower with Radar,5,55,23,13,96,0,1,53,2,56,5,56,76,15,152,60,20,80,232
05/11/2005,BGR,ME,ANE,EN,Combined TRACON& Tower with Radar,5,58,22,24,109,0,0,25,14,39,5,58,47,38,148,45,117,162,310
05/12/2005,BGR,ME,ANE,EN,Combined TRACON& Tower with Radar,8,55,16,27,106,0,3,14,8,25,8,58,30,35,131,3,31,34,165
05/13/2005,BGR,ME,ANE,EN,Combined TRACON& Tower with Radar,2,59,30,49,140,0,5,48,22,75,2,64,78,71,215,49,87,136,351
05/14/2005,BGR,ME,ANE,EN,Combined TRACON& Tower with Radar,8,46,22,24,100,0,2,34,12,48,8,48,56,36,148,16,52,68,216
05/15/2005,BGR,ME,ANE,EN,Combined TRACON& Tower with Radar,13,32,16,20,81,0,0,1,3,4,13,32,17,23,85,0,0,0,85
05/16/2005,BGR,ME,ANE,EN,Combined TRACON& Tower with Radar,8,50,26,27,111,0,0,0,0,0,8,50,26,27,111,2,2,4,115
05/17/2005,BGR,ME,ANE,EN,Combined TRACON& Tower with Radar,15,70,39,46,170,0,2,6,2,10,15,72,45,48,180,13,13,26,206
05/18/2005,BGR,ME,ANE,EN,Combined TRACON& Tower with Radar,10,68,26,49,153,0,2,25,3,30,10,70,51,52,183,58,102,160,343
05/19/2005,BGR,ME,ANE,EN,Combined TRACON& Tower with Radar,10,59,36,35,140,0,551,17,7,575,10,610,53,42,715,5,21,26,741
05/20/2005,BGR,ME,ANE,EN,Combined TRACON& Tower with Radar,10,66,45,25,146,0,3,38,20,61,10,69,83,45,207,62,62,124,331
05/21/2005,BGR,ME,ANE,EN,Combined TRACON& Tower with Radar,4,45,29,19,97,0,2,19,9,30,4,47,48,28,127,15,55,70,197
05/22/2005,BGR,ME,ANE,EN,Combined TRACON& Tower with Radar,4,50,28,7,89,0,0,1,0,1,4,50,29,7,90,1,1,2,92
05/23/2005,BGR,ME,ANE,EN,Combined TRACON& Tower with Radar,5,48,40,16,109,0,0,0,0,0,5,48,40,16,109,0,0,0,109
05/24/2005,BGR,ME,ANE,EN,Combined TRACON& Tower with Radar,5,51,30,36,122,0,0,5,0,5,5,51,35,36,127,0,0,0,127
05/25/2005,BGR,ME,ANE,EN,Combined TRACON& Tower with Radar,6,50,28,33,117,0,0,2,0,2,6,50,30,33,119,6,4,10,129
05/26/2005,BGR,ME,ANE,EN,Combined TRACON& Tower with Radar,7,55,27,9,98,0,0,0,0,0,7,55,27,9,98,0,0,0,98
05/27/2005,BGR,ME,ANE,EN,Combined TRACON& Tower with Radar,13,59,47,14,133,0,0,6,0,6,13,59,53,14,139,18,2,20,159
05/28/2005,BGR,ME,ANE,EN,Combined TRACON& Tower with Radar,5,51,32,4,92,0,3,4,0,7,5,54,36,4,99,14,10,24,123
05/29/2005,BGR,ME,ANE,EN,Combined TRACON& Tower with Radar,5,43,34,12,94,0,0,8,0,8,5,43,42,12,102,11,1,12,114
05/30/2005,BGR,ME,ANE,EN,Combined TRACON& Tower with Radar,4,33,35,8,80,0,0,0,0,0,4,33,35,8,80,10,12,22,102
05/31/2005,BGR,ME,ANE,EN,Combined TRACON& Tower with Radar,6,55,34,15,110,0,0,4,0,4,6,55,38,15,114,8,2,10,124
06/01/2005,BGR,ME,ANE,EN,Combined TRACON& Tower with Radar,7,72,23,20,122,0,3,36,12,51,7,75,59,32,173,80,38,118,291
06/02/2005,BGR,ME,ANE,EN,Combined TRACON& Tower with Radar,8,48,27,38,121,0,4,50,16,70,8,52,77,54,191,44,92,136,327
06/03/2005,BGR,ME,ANE,EN,Combined TRACON& Tower with Radar,13,53,32,38,136,0,4,39,14,57,13,57,71,52,193,86,84,170,363
06/04/2005,BGR,ME,ANE,EN,Combined TRACON& Tower with Radar,9,51,18,14,92,0,1,35,9,45,9,52,53,23,137,86,40,126,263
06/05/2005,BGR,ME,ANE,EN,Combined TRACON& Tower with Radar,3,43,40,33,119,0,0,22,9,31,3,43,62,42,150,54,42,96,246
06/06/2005,BGR,ME,ANE,EN,Combined TRACON& Tower with Radar,4,64,40,14,122,0,0,1,0,1,4,64,41,14,123,3,19,22,145
06/07/2005,BGR,ME,ANE,EN,Combined TRACON& Tower with Radar,4,59,33,23,119,0,1,18,11,30,4,60,51,34,149,16,6,22,171
06/08/2005,BGR,ME,ANE,EN,Combined TRACON& Tower with Radar,7,63,38,31,139,0,5,23,9,37,7,68,61,40,176,24,22,46,222
06/09/2005,BGR,ME,ANE,EN,Combined TRACON& Tower with Radar,7,58,41,35,141,0,5,20,7,32,7,63,61,42,173,35,163,198,371
06/10/2005,BGR,ME,ANE,EN,Combined TRACON& Tower with Radar,9,68,31,20,128,0,0,22,4,26,9,68,53,24,154,120,48,168,322
06/11/2005,BGR,ME,ANE,EN,Combined TRACON& Tower with Radar,9,58,15,15,97,0,0,68,0,68,9,58,83,15,165,46,22,68,233
06/12/2005,BGR,ME,ANE,EN,Combined TRACON& Tower with Radar,14,47,28,18,107,0,0,12,0,12,14,47,40,18,119,31,5,36,155
06/13/2005,BGR,ME,ANE,EN,Combined TRACON& Tower with Radar,17,50,15,29,111,0,5,21,0,26,17,55,36,29,137,61,25,86,223
06/14/2005,BGR,ME,ANE,EN,Combined TRACON& Tower with Radar,6,61,28,20,115,0,0,0,0,0,6,61,28,20,115,0,0,0,115
06/15/2005,BGR,ME,ANE,EN,Combined TRACON& Tower with Radar,9,74,24,28,135,0,0,0,0,0,9,74,24,28,135,1,1,2,137
06/16/2005,BGR,ME,ANE,EN,Combined TRACON& Tower with Radar,8,60,58,27,153,0,0,1,0,1,8,60,59,27,154,0,0,0,154
06/17/2005,BGR,ME,ANE,EN,Combined TRACON& Tower with Radar,8,60,58,27,153,0,0,1,0,1,8,60,59,27,154,0,0,0,154
06/18/2005,BGR,ME,ANE,EN,Combined TRACON& Tower with Radar,14,63,37,8,122,0,1,2,2,5,14,64,39,10,127,2,0,2,129
06/19/2005,BGR,ME,ANE,EN,Combined TRACON& Tower with Radar,10,62,47,10,129,0,0,26,2,28,10,62,73,12,157,125,53,178,335
06/20/2005,BGR,ME,ANE,EN,Combined TRACON& Tower with Radar,6,65,26,33,130,0,2,36,9,47,6,67,62,42,177,20,28,48,225
06/21/2005,BGR,ME,ANE,EN,Combined TRACON& Tower with Radar,9,70,27,21,127,0,4,36,4,44,9,74,63,25,171,91,52,143,314
06/22/2005,BGR,ME,ANE,EN,Combined TRACON& Tower with Radar,10,52,36,28,126,0,4,30,14,48,10,56,66,42,174,21,65,86,260
06/23/2005,BGR,ME,ANE,EN,Combined TRACON& Tower with Radar,6,71,32,43,152,0,2,48,21,71,6,73,80,64,223,38,76,114,337
06/24/2005,BGR,ME,ANE,EN,Combined TRACON& Tower with Radar,13,66,43,18,140,0,4,40,8,52,13,70,83,26,192,73,35,108,300
06/25/2005,BGR,ME,ANE,EN,Combined TRACON& Tower with Radar,12,54,21,11,98,0,0,33,0,33,12,54,54,11,131,51,11,62,193
06/26/2005,BGR,ME,ANE,EN,Combined TRACON& Tower with Radar,12,54,21,11,98,0,0,33,0,33,12,54,54,11,131,51,11,62,193
06/27/2005,BGR,ME,ANE,EN,Combined TRACON& Tower with Radar,21,64,37,33,155,0,1,34,4,39,21,65,71,37,194,62,26,88,282
06/28/2005,BGR,ME,ANE,EN,Combined TRACON& Tower with Radar,15,80,35,21,151,0,0,19,4,23,15,80,54,25,174,46,5,51,225
06/29/2005,BGR,ME,ANE,EN,Combined TRACON& Tower with Radar,10,93,41,41,185,0,3,23,2,28,10,96,64,43,213,58,62,120,333
06/30/2005,BGR,ME,ANE,EN,Combined TRACON& Tower with Radar,9,81,38,30,158,0,0,2,1,3,9,81,40,31,161,0,0,0,161
07/01/2005,BGR,ME,ANE,EN,Combined TRACON& Tower with Radar,11,88,51,9,159,0,0,0,0,0,11,88,51,9,159,0,0,0,159
07/02/2005,BGR,ME,ANE,EN,Combined TRACON& Tower with Radar,11,82,39,8,140,0,4,33,0,37,11,86,72,8,177,42,14,56,233
07/03/2005,BGR,ME,ANE,EN,Combined TRACON& Tower with Radar,13,58,27,9,107,0,0,57,0,57,13,58,84,9,164,92,24,116,280
07/04/2005,BGR,ME,ANE,EN,Combined TRACON& Tower with Radar,4,58,21,0,83,0,5,40,2,47,4,63,61,2,130,44,34,78,208
07/05/2005,BGR,ME,ANE,EN,Combined TRACON& Tower with Radar,11,65,36,41,153,0,0,39,5,44,11,65,75,46,197,83,151,234,431
07/06/2005,BGR,ME,ANE,EN,Combined TRACON& Tower with Radar,12,66,22,47,147,0,1,4,5,10,12,67,26,52,157,1,46,47,204
07/07/2005,BGR,ME,ANE,EN,Combined TRACON& Tower with Radar,11,70,48,33,162,0,4,32,5,41,11,74,80,38,203,61,59,120,323
07/08/2005,BGR,ME,ANE,EN,Combined TRACON& Tower with Radar,15,62,45,21,143,0,1,29,11,41,15,63,74,32,184,92,102,194,378
07/09/2005,BGR,ME,ANE,EN,Combined TRACON& Tower with Radar,15,76,31,15,137,0,0,0,0,0,15,76,31,15,137,1,1,2,139
07/10/2005,BGR,ME,ANE,EN,Combined TRACON& Tower with Radar,18,58,44,17,137,0,0,26,3,29,18,58,70,20,166,31,45,76,242
07/11/2005,BGR,ME,ANE,EN,Combined TRACON& Tower with Radar,3,67,21,20,111,0,1,15,1,17,3,68,36,21,128,34,28,62,190
07/12/2005,BGR,ME,ANE,EN,Combined TRACON& Tower with Radar,20,72,40,19,151,0,3,35,6,44,20,75,75,25,195,38,38,76,271
07/13/2005,BGR,ME,ANE,EN,Combined TRACON& Tower with Radar,9,61,42,36,148,0,3,16,8,27,9,64,58,44,175,16,64,80,255
07/14/2005,BGR,ME,ANE,EN,Combined TRACON& Tower with Radar,10,77,38,48,173,0,1,4,2,7,10,78,42,50,180,4,28,32,212
07/15/2005,BGR,ME,ANE,EN,Combined TRACON& Tower with Radar,7,69,38,36,150,0,2,82,9,93,7,71,120,45,243,114,127,241,484
07/16/2005,BGR,ME,ANE,EN,Combined TRACON& Tower with Radar,6,63,52,8,129,0,44,38,3,85,6,107,90,11,214,79,21,100,314
07/17/2005,BGR,ME,ANE,EN,Combined TRACON& Tower with Radar,4,56,43,10,113,0,0,27,1,28,4,56,70,11,141,19,15,34,175
07/18/2005,BGR,ME,ANE,EN,Combined TRACON& Tower with Radar,5,79,51,31,166,0,1,3,1,5,5,80,54,32,171,3,15,18,189
07/19/2005,BGR,ME,ANE,EN,Combined TRACON& Tower with Radar,10,74,38,14,136,0,1,4,3,8,10,75,42,17,144,21,7,28,172
07/20/2005,BGR,ME,ANE,EN,Combined TRACON& Tower with Radar,18,71,51,52,192,0,4,61,22,87,18,75,112,74,279,62,100,162,441
07/21/2005,BGR,ME,ANE,EN,Combined TRACON& Tower with Radar,10,78,37,31,156,0,8,52,8,68,10,86,89,39,224,67,83,150,374
07/22/2005,BGR,ME,ANE,EN,Combined TRACON& Tower with Radar,10,69,47,24,150,0,8,28,17,53,10,77,75,41,203,56,34,90,293
07/23/2005,BGR,ME,ANE,EN,Combined TRACON& Tower with Radar,10,62,39,9,120,0,1,31,7,39,10,63,70,16,159,34,18,52,211
07/24/2005,BGR,ME,ANE,EN,Combined TRACON& Tower with Radar,13,60,45,26,144,0,0,44,0,44,13,60,89,26,188,92,26,118,306
07/25/2005,BGR,ME,ANE,EN,Combined TRACON& Tower with Radar,3,62,32,19,116,0,2,10,0,12,3,64,42,19,128,28,10,38,166
07/26/2005,BGR,ME,ANE,EN,Combined TRACON& Tower with Radar,11,69,51,28,159,0,4,37,16,57,11,73,88,44,216,152,98,250,466
07/27/2005,BGR,ME,ANE,EN,Combined TRACON& Tower with Radar,18,71,45,20,154,0,0,7,1,8,18,71,52,21,162,22,8,30,192
07/28/2005,BGR,ME,ANE,EN,Combined TRACON& Tower with Radar,10,72,56,29,167,0,3,57,13,73,10,75,113,42,240,47,43,90,330
07/29/2005,BGR,ME,ANE,EN,Combined TRACON& Tower with Radar,9,77,38,8,132,0,3,38,10,51,9,80,76,18,183,80,116,196,379
07/30/2005,BGR,ME,ANE,EN,Combined TRACON& Tower with Radar,10,62,39,9,120,0,3,33,2,38,10,65,72,11,158,131,75,206,364
07/31/2005,BGR,ME,ANE,EN,Combined TRACON& Tower with Radar,3,64,31,31,129,0,1,56,1,58,3,65,87,32,187,22,36,58,245
08/01/2005,BGR,ME,ANE,EN,Combined TRACON& Tower with Radar,7,67,50,41,165,0,1,2,0,3,7,68,52,41,168,1,1,2,170
08/02/2005,BGR,ME,ANE,EN,Combined TRACON& Tower with Radar,6,73,28,22,129,0,0,12,5,17,6,73,40,27,146,32,48,80,226
08/03/2005,BGR,ME,ANE,EN,Combined TRACON& Tower with Radar,24,70,37,28,159,0,3,39,11,53,24,73,76,39,212,163,65,228,440
08/04/2005,BGR,ME,ANE,EN,Combined TRACON& Tower with Radar,18,66,33,26,143,0,5,49,13,67,18,71,82,39,210,110,74,184,394
08/05/2005,BGR,ME,ANE,EN,Combined TRACON& Tower with Radar,9,89,42,41,181,0,2,9,18,29,9,91,51,59,210,41,70,111,321
08/06/2005,BGR,ME,ANE,EN,Combined TRACON& Tower with Radar,8,63,23,11,105,0,0,34,15,49,8,63,57,26,154,11,87,98,252
08/07/2005,BGR,ME,ANE,EN,Combined TRACON& Tower with Radar,13,61,19,13,106,0,0,45,0,45,13,61,64,13,151,79,29,108,259
08/08/2005,BGR,ME,ANE,EN,Combined TRACON& Tower with Radar,4,54,24,69,151,0,4,42,0,46,4,58,66,69,197,21,46,67,264
08/09/2005,BGR,ME,ANE,EN,Combined TRACON& Tower with Radar,11,86,43,38,178,0,2,19,5,26,11,88,62,43,204,32,37,69,273
08/10/2005,BGR,ME,ANE,EN,Combined TRACON& Tower with Radar,10,67,22,19,118,0,4,20,14,38,10,71,42,33,156,36,25,61,217
08/11/2005,BGR,ME,ANE,EN,Combined TRACON& Tower with Radar,8,75,33,49,165,0,4,14,7,25,8,79,47,56,190,8,52,60,250
08/12/2005,BGR,ME,ANE,EN,Combined TRACON& Tower with Radar,6,76,22,10,114,0,3,33,10,46,6,79,55,20,160,14,30,44,204
08/13/2005,BGR,ME,ANE,EN,Combined TRACON& Tower with Radar,13,70,21,9,113,0,1,17,0,18,13,71,38,9,131,26,10,36,167
08/14/2005,BGR,ME,ANE,EN,Combined TRACON& Tower with Radar,13,56,43,7,119,0,2,13,0,15,13,58,56,7,134,24,10,34,168
08/15/2005,BGR,ME,ANE,EN,Combined TRACON& Tower with Radar,18,65,47,31,161,1,7,28,1,37,19,72,75,32,198,36,42,78,276
08/16/2005,BGR,ME,ANE,EN,Combined TRACON& Tower with Radar,8,75,20,50,153,0,2,44,4,50,8,77,64,54,203,110,60,170,373
08/17/2005,BGR,ME,ANE,EN,Combined TRACON& Tower with Radar,16,74,33,38,161,0,2,19,8,29,16,76,52,46,190,27,95,122,312
08/18/2005,BGR,ME,ANE,EN,Combined TRACON& Tower with Radar,11,66,36,34,147,0,4,44,11,59,11,70,80,45,206,92,42,134,340
08/19/2005,BGR,ME,ANE,EN,Combined TRACON& Tower with Radar,14,70,30,47,161,0,2,49,10,61,14,72,79,57,222,106,76,182,404
08/20/2005,BGR,ME,ANE,EN,Combined TRACON& Tower with Radar,7,61,29,23,120,0,0,6,4,10,7,61,35,27,130,4,54,58,188
08/21/2005,BGR,ME,ANE,EN,Combined TRACON& Tower with Radar,9,71,41,4,125,0,0,0,0,0,9,71,41,4,125,0,0,0,125
08/22/2005,BGR,ME,ANE,EN,Combined TRACON& Tower with Radar,11,61,39,24,135,0,7,29,0,36,11,68,68,24,171,64,36,100,271
08/23/2005,BGR,ME,ANE,EN,Combined TRACON& Tower with Radar,15,76,37,28,156,0,1,49,14,64,15,77,86,42,220,81,87,168,388
08/24/2005,BGR,ME,ANE,EN,Combined TRACON& Tower with Radar,15,69,37,27,148,0,2,26,19,47,15,71,63,46,195,54,44,98,293
08/25/2005,BGR,ME,ANE,EN,Combined TRACON& Tower with Radar,16,72,24,16,128,0,5,36,12,53,16,77,60,28,181,46,58,104,285
08/26/2005,BGR,ME,ANE,EN,Combined TRACON& Tower with Radar,11,64,37,27,139,0,10,49,14,73,11,74,86,41,212,72,82,154,366
08/27/2005,BGR,ME,ANE,EN,Combined TRACON& Tower with Radar,7,71,41,29,148,0,0,30,2,32,7,71,71,31,180,37,89,126,306
08/28/2005,BGR,ME,ANE,EN,Combined TRACON& Tower with Radar,20,55,35,5,115,0,1,19,0,20,20,56,54,5,135,7,7,14,149
08/29/2005,BGR,ME,ANE,EN,Combined TRACON& Tower with Radar,9,59,39,27,134,0,0,0,0,0,9,59,39,27,134,0,0,0,134
08/30/2005,BGR,ME,ANE,EN,Combined TRACON& Tower with Radar,19,77,42,11,149,0,0,1,0,1,19,77,43,11,150,0,0,0,150
08/31/2005,BGR,ME,ANE,EN,Combined TRACON& Tower with Radar,17,70,29,3,119,0,0,0,0,0,17,70,29,3,119,0,0,0,119
09/01/2005,BGR,ME,ANE,EN,Combined TRACON& Tower with Radar,10,76,43,28,157,0,7,27,11,45,10,83,70,39,202,35,141,176,378
09/02/2005,BGR,ME,ANE,EN,Combined TRACON& Tower with Radar,13,68,32,14,127,0,4,28,3,35,13,72,60,17,162,90,64,154,316
09/03/2005,BGR,ME,ANE,EN,Combined TRACON& Tower with Radar,15,57,26,6,104,0,1,25,0,26,15,58,51,6,130,40,12,52,182
09/04/2005,BGR,ME,ANE,EN,Combined TRACON& Tower with Radar,17,59,41,10,127,0,3,35,1,39,17,62,76,11,166,81,13,94,260
09/05/2005,BGR,ME,ANE,EN,Combined TRACON& Tower with Radar,19,61,35,21,136,0,0,51,0,51,19,61,86,21,187,108,36,144,331
09/06/2005,BGR,ME,ANE,EN,Combined TRACON& Tower with Radar,11,61,25,36,133,0,2,34,5,41,11,63,59,41,174,45,47,92,266
09/07/2005,BGR,ME,ANE,EN,Combined TRACON& Tower with Radar,18,64,37,47,166,0,2,44,12,58,18,66,81,59,224,41,73,114,338
09/08/2005,BGR,ME,ANE,EN,Combined TRACON& Tower with Radar,10,64,37,85,196,0,7,26,9,42,10,71,63,94,238,75,149,224,462
09/09/2005,BGR,ME,ANE,EN,Combined TRACON& Tower with Radar,19,68,26,36,149,0,1,34,13,48,19,69,60,49,197,56,96,152,349
09/10/2005,BGR,ME,ANE,EN,Combined TRACON& Tower with Radar,14,52,23,14,103,0,4,31,9,44,14,56,54,23,147,31,163,194,341
09/11/2005,BGR,ME,ANE,EN,Combined TRACON& Tower with Radar,9,44,29,18,100,0,0,30,8,38,9,44,59,26,138,119,63,182,320
09/12/2005,BGR,ME,ANE,EN,Combined TRACON& Tower with Radar,8,53,26,19,106,0,2,29,9,40,8,55,55,28,146,51,31,82,228
09/13/2005,BGR,ME,ANE,EN,Combined TRACON& Tower with Radar,17,72,34,16,139,0,4,44,7,55,17,76,78,23,194,59,77,136,330
09/14/2005,BGR,ME,ANE,EN,Combined TRACON& Tower with Radar,13,71,41,25,150,0,1,5,0,6,13,72,46,25,156,0,0,0,156
09/15/2005,BGR,ME,ANE,EN,Combined TRACON& Tower with Radar,7,68,28,19,122,0,0,0,0,0,7,68,28,19,122,0,0,0,122
09/16/2005,BGR,ME,ANE,EN,Combined TRACON& Tower with Radar,13,66,44,34,157,0,0,1,9,10,13,66,45,43,167,12,12,24,191
09/17/2005,BGR,ME,ANE,EN,Combined TRACON& Tower with Radar,9,52,14,5,80,0,0,0,0,0,9,52,14,5,80,0,0,0,80
09/18/2005,BGR,ME,ANE,EN,Combined TRACON& Tower with Radar,11,50,30,26,117,0,0,0,0,0,11,50,30,26,117,2,16,18,135
09/19/2005,BGR,ME,ANE,EN,Combined TRACON& Tower with Radar,7,66,29,17,119,0,3,36,0,39,7,69,65,17,158,41,89,130,288
09/20/2005,BGR,ME,ANE,EN,Combined TRACON& Tower with Radar,13,72,27,19,131,0,0,3,9,12,13,72,30,28,143,4,14,18,161
09/21/2005,BGR,ME,ANE,EN,Combined TRACON& Tower with Radar,11,58,35,17,121,0,2,33,19,54,11,60,68,36,175,47,71,118,293
09/22/2005,BGR,ME,ANE,EN,Combined TRACON& Tower with Radar,11,61,17,23,112,0,5,31,10,46,11,66,48,33,158,32,70,102,260
09/23/2005,BGR,ME,ANE,EN,Combined TRACON& Tower with Radar,13,70,30,25,138,0,1,16,8,25,13,71,46,33,163,49,103,152,315
09/24/2005,BGR,ME,ANE,EN,Combined TRACON& Tower with Radar,11,48,30,13,102,0,1,34,1,36,11,49,64,14,138,28,8,36,174
09/25/2005,BGR,ME,ANE,EN,Combined TRACON& Tower with Radar,15,40,39,4,98,0,1,28,0,29,15,41,67,4,127,32,18,50,177
09/26/2005,BGR,ME,ANE,EN,Combined TRACON& Tower with Radar,17,57,23,11,108,0,1,1,0,2,17,58,24,11,110,0,0,0,110
09/27/2005,BGR,ME,ANE,EN,Combined TRACON& Tower with Radar,13,58,27,56,154,0,5,22,17,44,13,63,49,73,198,9,119,128,326
09/28/2005,BGR,ME,ANE,EN,Combined TRACON& Tower with Radar,9,53,37,47,146,0,3,47,12,62,9,56,84,59,208,124,134,258,466
09/29/2005,BGR,ME,ANE,EN,Combined TRACON& Tower with Radar,11,62,25,21,119,0,1,6,0,7,11,63,31,21,126,4,10,14,140
09/30/2005,BGR,ME,ANE,EN,Combined TRACON& Tower with Radar,13,58,35,12,118,0,6,43,13,62,13,64,78,25,180,47,35,82,262
10/01/2005,BGR,ME,ANE,EN,Combined TRACON& Tower with Radar,6,50,6,27,89,0,0,16,1,17,6,50,22,28,106,50,54,104,210
10/02/2005,BGR,ME,ANE,EN,Combined TRACON& Tower with Radar,8,41,31,9,89,0,2,40,2,44,8,43,71,11,133,64,34,98,231
10/03/2005,BGR,ME,ANE,EN,Combined TRACON& Tower with Radar,8,51,22,20,101,0,3,32,15,50,8,54,54,35,151,22,42,64,215
10/04/2005,BGR,ME,ANE,EN,Combined TRACON& Tower with Radar,8,62,37,29,136,0,0,12,3,15,8,62,49,32,151,31,31,62,213
10/05/2005,BGR,ME,ANE,EN,Combined TRACON& Tower with Radar,6,70,35,26,137,0,0,12,3,15,6,70,47,29,152,29,5,34,186
10/06/2005,BGR,ME,ANE,EN,Combined TRACON& Tower with Radar,9,66,29,38,142,0,0,4,0,4,9,66,33,38,146,0,8,8,154
10/07/2005,BGR,ME,ANE,EN,Combined TRACON& Tower with Radar,7,78,34,10,129,0,1,8,3,12,7,79,42,13,141,0,18,18,159
10/08/2005,BGR,ME,ANE,EN,Combined TRACON& Tower with Radar,12,50,12,2,76,0,1,0,0,1,12,51,12,2,77,0,0,0,77
10/09/2005,BGR,ME,ANE,EN,Combined TRACON& Tower with Radar,7,44,27,0,78,0,0,0,0,0,7,44,27,0,78,0,0,0,78
10/10/2005,BGR,ME,ANE,EN,Combined TRACON& Tower with Radar,8,47,30,4,89,0,0,0,0,0,8,47,30,4,89,0,0,0,89
10/11/2005,BGR,ME,ANE,EN,Combined TRACON& Tower with Radar,9,70,31,17,127,0,0,2,2,4,9,70,33,19,131,11,11,22,153
10/12/2005,BGR,ME,ANE,EN,Combined TRACON& Tower with Radar,13,55,55,31,154,0,3,31,11,45,13,58,86,42,199,71,39,110,309
10/13/2005,BGR,ME,ANE,EN,Combined TRACON& Tower with Radar,7,65,17,50,139,0,1,9,5,15,7,66,26,55,154,8,32,40,194
10/14/2005,BGR,ME,ANE,EN,Combined TRACON& Tower with Radar,6,60,25,24,115,0,0,1,0,1,6,60,26,24,116,0,34,34,150
10/15/2005,BGR,ME,ANE,EN,Combined TRACON& Tower with Radar,5,53,14,11,83,0,0,0,0,0,5,53,14,11,83,0,0,0,83
10/16/2005,BGR,ME,ANE,EN,Combined TRACON& Tower with Radar,10,47,25,5,87,0,0,1,0,1,10,47,26,5,88,0,0,0,88
10/17/2005,BGR,ME,ANE,EN,Combined TRACON& Tower with Radar,7,53,34,27,121,0,4,10,0,14,7,57,44,27,135,30,60,90,225
10/18/2005,BGR,ME,ANE,EN,Combined TRACON& Tower with Radar,6,57,27,12,102,0,3,14,3,20,6,60,41,15,122,70,14,84,206
10/19/2005,BGR,ME,ANE,EN,Combined TRACON& Tower with Radar,13,55,18,53,139,0,0,24,12,36,13,55,42,65,175,15,105,120,295
10/20/2005,BGR,ME,ANE,EN,Combined TRACON& Tower with Radar,5,54,18,12,89,0,9,39,8,56,5,63,57,20,145,19,31,50,195
10/21/2005,BGR,ME,ANE,EN,Combined TRACON& Tower with Radar,4,58,29,23,114,0,2,50,5,57,4,60,79,28,171,33,97,130,301
10/22/2005,BGR,ME,ANE,EN,Combined TRACON& Tower with Radar,11,52,22,2,87,0,0,34,2,36,11,52,56,4,123,32,10,42,165
10/23/2005,BGR,ME,ANE,EN,Combined TRACON& Tower with Radar,7,38,9,0,54,0,0,1,0,1,7,38,10,0,55,0,0,0,55
10/24/2005,BGR,ME,ANE,EN,Combined TRACON& Tower with Radar,10,52,22,22,106,0,0,0,0,0,10,52,22,22,106,2,2,4,110
10/25/2005,BGR,ME,ANE,EN,Combined TRACON& Tower with Radar,15,56,6,2,79,0,0,0,0,0,15,56,6,2,79,0,0,0,79
10/26/2005,BGR,ME,ANE,EN,Combined TRACON& Tower with Radar,8,63,20,11,102,0,0,1,1,2,8,63,21,12,104,0,0,0,104
10/27/2005,BGR,ME,ANE,EN,Combined TRACON& Tower with Radar,10,60,22,40,132,0,2,32,4,38,10,62,54,44,170,69,61,130,300
10/28/2005,BGR,ME,ANE,EN,Combined TRACON& Tower with Radar,11,59,22,35,127,0,7,33,4,44,11,66,55,39,171,64,90,154,325
10/29/2005,BGR,ME,ANE,EN,Combined TRACON& Tower with Radar,11,48,29,6,94,0,1,12,0,13,11,49,41,6,107,32,12,44,151
10/30/2005,BGR,ME,ANE,EN,Combined TRACON& Tower with Radar,9,43,14,7,73,0,0,41,0,41,9,43,55,7,114,41,13,54,168
10/31/2005,BGR,ME,ANE,EN,Combined TRACON& Tower with Radar,9,54,19,17,99,0,2,21,0,23,9,56,40,17,122,39,19,58,180
11/01/2005,BGR,ME,ANE,EN,Combined TRACON& Tower with Radar,4,55,15,43,117,0,1,37,9,47,4,56,52,52,164,48,56,104,268
11/02/2005,BGR,ME,ANE,EN,Combined TRACON& Tower with Radar,2,64,52,40,158,0,0,0,0,0,2,64,52,40,158,18,42,60,218
11/03/2005,BGR,ME,ANE,EN,Combined TRACON& Tower with Radar,15,64,33,42,154,0,5,28,7,40,15,69,61,49,194,64,68,132,326
11/04/2005,BGR,ME,ANE,EN,Combined TRACON& Tower with Radar,6,68,14,25,113,0,0,22,20,42,6,68,36,45,155,87,79,166,321
11/05/2005,BGR,ME,ANE,EN,Combined TRACON& Tower with Radar,6,44,17,8,75,0,2,16,0,18,6,46,33,8,93,10,28,38,131
11/06/2005,BGR,ME,ANE,EN,Combined TRACON& Tower with Radar,4,37,26,9,76,0,0,0,0,0,4,37,26,9,76,0,0,0,76
11/07/2005,BGR,ME,ANE,EN,Combined TRACON& Tower with Radar,13,47,24,22,106,0,2,16,2,20,13,49,40,24,126,29,21,50,176
11/08/2005,BGR,ME,ANE,EN,Combined TRACON& Tower with Radar,13,58,17,14,102,0,3,32,11,46,13,61,49,25,148,33,41,74,222
11/09/2005,BGR,ME,ANE,EN,Combined TRACON& Tower with Radar,6,63,20,29,118,0,4,31,28,63,6,67,51,57,181,27,49,76,257
11/10/2005,BGR,ME,ANE,EN,Combined TRACON& Tower with Radar,8,56,21,32,117,0,3,7,3,13,8,59,28,35,130,0,64,64,194
11/11/2005,BGR,ME,ANE,EN,Combined TRACON& Tower with Radar,10,59,25,10,104,0,1,24,3,28,10,60,49,13,132,27,25,52,184
11/12/2005,BGR,ME,ANE,EN,Combined TRACON& Tower with Radar,6,46,28,3,83,0,0,54,0,54,6,46,82,3,137,85,23,108,245
11/13/2005,BGR,ME,ANE,EN,Combined TRACON& Tower with Radar,13,36,29,7,85,0,0,27,0,27,13,36,56,7,112,65,13,78,190
11/14/2005,BGR,ME,ANE,EN,Combined TRACON& Tower with Radar,4,49,12,16,81,0,7,23,0,30,4,56,35,16,111,47,21,68,179
11/15/2005,BGR,ME,ANE,EN,Combined TRACON& Tower with Radar,10,54,24,14,102,0,0,7,5,12,10,54,31,19,114,8,18,26,140
11/16/2005,BGR,ME,ANE,EN,Combined TRACON& Tower with Radar,6,59,17,18,100,0,0,0,0,0,6,59,17,18,100,0,0,0,100
11/17/2005,BGR,ME,ANE,EN,Combined TRACON& Tower with Radar,7,63,28,32,130,0,3,21,7,31,7,66,49,39,161,44,32,76,237
11/18/2005,BGR,ME,ANE,EN,Combined TRACON& Tower with Radar,10,57,26,20,113,0,2,16,15,33,10,59,42,35,146,30,16,46,192
11/19/2005,BGR,ME,ANE,EN,Combined TRACON& Tower with Radar,9,46,16,1,72,0,0,44,8,52,9,46,60,9,124,69,11,80,204
11/20/2005,BGR,ME,ANE,EN,Combined TRACON& Tower with Radar,10,41,26,4,81,0,1,31,7,39,10,42,57,11,120,23,3,26,146
11/21/2005,BGR,ME,ANE,EN,Combined TRACON& Tower with Radar,3,49,31,46,129,0,3,29,7,39,3,52,60,53,168,36,34,70,238
11/22/2005,BGR,ME,ANE,EN,Combined TRACON& Tower with Radar,5,68,10,1,84,0,0,0,0,0,5,68,10,1,84,0,0,0,84
11/23/2005,BGR,ME,ANE,EN,Combined TRACON& Tower with Radar,11,55,19,16,101,0,0,3,0,3,11,55,22,16,104,0,0,0,104
11/24/2005,BGR,ME,ANE,EN,Combined TRACON& Tower with Radar,2,28,4,3,37,0,0,4,0,4,2,28,8,3,41,12,0,12,53
11/25/2005,BGR,ME,ANE,EN,Combined TRACON& Tower with Radar,2,46,11,2,61,0,2,8,0,10,2,48,19,2,71,3,7,10,81
11/26/2005,BGR,ME,ANE,EN,Combined TRACON& Tower with Radar,15,46,17,3,81,0,0,12,0,12,15,46,29,3,93,6,0,6,99
11/27/2005,BGR,ME,ANE,EN,Combined TRACON& Tower with Radar,12,39,17,11,79,0,1,26,6,33,12,40,43,17,112,46,20,66,178
11/28/2005,BGR,ME,ANE,EN,Combined TRACON& Tower with Radar,11,47,14,9,81,0,2,0,0,2,11,49,14,9,83,0,0,0,83
11/29/2005,BGR,ME,ANE,EN,Combined TRACON& Tower with Radar,11,55,24,52,142,0,1,5,10,16,11,56,29,62,158,38,14,52,210
11/30/2005,BGR,ME,ANE,EN,Combined TRACON& Tower with Radar,10,57,15,19,101,0,0,0,0,0,10,57,15,19,101,0,0,0,101
12/01/2005,BGR,ME,ANE,EN,Combined TRACON& Tower with Radar,9,60,17,48,134,0,1,23,13,37,9,61,40,61,171,53,55,108,279
12/02/2005,BGR,ME,ANE,EN,Combined TRACON& Tower with Radar,13,50,15,34,112,0,0,3,13,16,13,50,18,47,128,11,27,38,166
12/03/2005,BGR,ME,ANE,EN,Combined TRACON& Tower with Radar,15,49,27,25,116,0,0,12,7,19,15,49,39,32,135,2,34,36,171
12/04/2005,BGR,ME,ANE,EN,Combined TRACON& Tower with Radar,16,38,15,20,89,0,0,17,0,17,16,38,32,20,106,2,4,6,112
12/05/2005,BGR,ME,ANE,EN,Combined TRACON& Tower with Radar,11,49,17,53,130,0,8,19,3,30,11,57,36,56,160,50,26,76,236
12/06/2005,BGR,ME,ANE,EN,Combined TRACON& Tower with Radar,14,60,23,38,135,0,3,19,5,27,14,63,42,43,162,17,21,38,200
12/07/2005,BGR,ME,ANE,EN,Combined TRACON& Tower with Radar,5,49,20,38,112,45,1,9,14,69,50,50,29,52,181,21,29,50,231
12/08/2005,BGR,ME,ANE,EN,Combined TRACON& Tower with Radar,15,58,38,28,139,0,2,48,13,63,15,60,86,41,202,177,49,226,428
12/09/2005,BGR,ME,ANE,EN,Combined TRACON& Tower with Radar,10,54,34,2,100,0,3,1,0,4,10,57,35,2,104,0,0,0,104
12/10/2005,BGR,ME,ANE,EN,Combined TRACON& Tower with Radar,16,36,15,8,75,0,0,19,0,19,16,36,34,8,94,53,13,66,160
12/11/2005,BGR,ME,ANE,EN,Combined TRACON& Tower with Radar,9,39,14,1,63,0,1,14,0,15,9,40,28,1,78,21,3,24,102
12/12/2005,BGR,ME,ANE,EN,Combined TRACON& Tower with Radar,11,54,27,32,124,0,2,13,4,19,11,56,40,36,143,52,44,96,239
12/13/2005,BGR,ME,ANE,EN,Combined TRACON& Tower with Radar,16,54,26,28,124,0,6,28,9,43,16,60,54,37,167,4,42,46,213
12/14/2005,BGR,ME,ANE,EN,Combined TRACON& Tower with Radar,16,60,32,23,131,0,11,24,26,61,16,71,56,49,192,54,50,104,296
12/15/2005,BGR,ME,ANE,EN,Combined TRACON& Tower with Radar,9,62,21,44,136,0,6,34,26,66,9,68,55,70,202,75,41,116,318
12/16/2005,BGR,ME,ANE,EN,Combined TRACON& Tower with Radar,4,58,16,4,82,0,0,2,0,2,4,58,18,4,84,0,0,0,84
12/17/2005,BGR,ME,ANE,EN,Combined TRACON& Tower with Radar,8,45,10,0,63,0,5,12,1,18,8,50,22,1,81,11,5,16,97
12/18/2005,BGR,ME,ANE,EN,Combined TRACON& Tower with Radar,10,34,29,7,80,0,2,22,0,24,10,36,51,7,104,85,13,98,202
12/19/2005,BGR,ME,ANE,EN,Combined TRACON& Tower with Radar,9,45,24,16,94,0,2,2,0,4,9,47,26,16,98,40,48,88,186
12/20/2005,BGR,ME,ANE,EN,Combined TRACON& Tower with Radar,10,56,15,21,102,0,5,17,3,25,10,61,32,24,127,10,26,36,163
12/21/2005,BGR,ME,ANE,EN,Combined TRACON& Tower with Radar,11,63,21,35,130,0,2,31,20,53,11,65,52,55,183,104,70,174,357
12/22/2005,BGR,ME,ANE,EN,Combined TRACON& Tower with Radar,15,57,13,11,96,0,5,21,6,32,15,62,34,17,128,36,20,56,184
12/23/2005,BGR,ME,ANE,EN,Combined TRACON& Tower with Radar,13,55,26,3,97,117,5,10,0,132,130,60,36,3,229,29,7,36,265
12/24/2005,BGR,ME,ANE,EN,Combined TRACON& Tower with Radar,9,37,5,0,51,0,0,3,0,3,9,37,8,0,54,4,2,6,60
12/25/2005,BGR,ME,ANE,EN,Combined TRACON& Tower with Radar,2,34,3,0,39,0,0,0,0,0,2,34,3,0,39,0,0,0,39
12/26/2005,BGR,ME,ANE,EN,Combined TRACON& Tower with Radar,5,40,7,0,52,0,0,0,0,0,5,40,7,0,52,0,0,0,52
12/27/2005,BGR,ME,ANE,EN,Combined TRACON& Tower with Radar,10,40,17,26,93,0,2,8,0,10,10,42,25,26,103,2,18,20,123
12/28/2005,BGR,ME,ANE,EN,Combined TRACON& Tower with Radar,4,57,17,22,100,0,1,32,10,43,4,58,49,32,143,16,34,50,193
12/29/2005,BGR,ME,ANE,EN,Combined TRACON& Tower with Radar,1,53,7,10,71,0,0,1,0,1,1,53,8,10,72,0,0,0,72
12/30/2005,BGR,ME,ANE,EN,Combined TRACON& Tower with Radar,9,50,17,4,80,0,2,1,0,3,9,52,18,4,83,2,2,4,87
12/31/2005,BGR,ME,ANE,EN,Combined TRACON& Tower with Radar,6,38,12,2,58,0,0,17,0,17,6,38,29,2,75,50,4,54,129
01/01/2006,BGR,ME,ANE,EN,Combined TRACON& Tower with Radar,7,32,5,0,44,0,0,2,0,2,7,32,7,0,46,0,0,0,46
01/02/2006,BGR,ME,ANE,EN,Combined TRACON& Tower with Radar,1,43,15,19,78,0,0,19,1,20,1,43,34,20,98,58,18,76,174
01/03/2006,BGR,ME,ANE,EN,Combined TRACON& Tower with Radar,5,43,22,26,96,0,5,18,5,28,5,48,40,31,124,17,35,52,176
01/04/2006,BGR,ME,ANE,EN,Combined TRACON& Tower with Radar,5,63,26,48,142,0,0,0,0,0,5,63,26,48,142,6,18,24,166
01/05/2006,BGR,ME,ANE,EN,Combined TRACON& Tower with Radar,7,53,22,8,90,0,0,0,0,0,7,53,22,8,90,0,0,0,90
01/06/2006,BGR,ME,ANE,EN,Combined TRACON& Tower with Radar,10,55,17,17,99,0,1,0,0,1,10,56,17,17,100,0,0,0,100
01/07/2006,BGR,ME,ANE,EN,Combined TRACON& Tower with Radar,10,43,6,22,81,0,0,26,31,57,10,43,32,53,138,27,47,74,212
01/08/2006,BGR,ME,ANE,EN,Combined TRACON& Tower with Radar,12,36,18,47,113,0,0,3,13,16,12,36,21,60,129,2,30,32,161
01/09/2006,BGR,ME,ANE,EN,Combined TRACON& Tower with Radar,12,42,10,14,78,0,1,0,0,1,12,43,10,14,79,0,0,0,79
01/10/2006,BGR,ME,ANE,EN,Combined TRACON& Tower with Radar,11,58,15,34,118,0,7,35,5,47,11,65,50,39,165,74,68,142,307
01/11/2006,BGR,ME,ANE,EN,Combined TRACON& Tower with Radar,15,59,24,41,139,0,8,11,6,25,15,67,35,47,164,42,24,66,230
01/12/2006,BGR,ME,ANE,EN,Combined TRACON& Tower with Radar,13,48,29,35,125,0,2,10,2,14,13,50,39,37,139,64,30,94,233
01/13/2006,BGR,ME,ANE,EN,Combined TRACON& Tower with Radar,8,48,27,47,130,0,1,34,4,39,8,49,61,51,169,43,107,150,319
01/14/2006,BGR,ME,ANE,EN,Combined TRACON& Tower with Radar,16,42,7,10,75,0,0,0,0,0,16,42,7,10,75,0,0,0,75
01/15/2006,BGR,ME,ANE,EN,Combined TRACON& Tower with Radar,14,31,16,18,79,0,0,0,0,0,14,31,16,18,79,0,0,0,79
01/16/2006,BGR,ME,ANE,EN,Combined TRACON& Tower with Radar,6,40,16,14,76,0,2,3,0,5,6,42,19,14,81,6,6,12,93
01/17/2006,BGR,ME,ANE,EN,Combined TRACON& Tower with Radar,11,55,23,33,122,0,5,22,4,31,11,60,45,37,153,37,35,72,225
01/18/2006,BGR,ME,ANE,EN,Combined TRACON& Tower with Radar,5,51,1,12,69,0,0,0,0,0,5,51,1,12,69,0,0,0,69
01/19/2006,BGR,ME,ANE,EN,Combined TRACON& Tower with Radar,3,53,13,50,119,0,4,20,1,25,3,57,33,51,144,16,22,38,182
01/20/2006,BGR,ME,ANE,EN,Combined TRACON& Tower with Radar,15,54,49,47,165,0,4,32,31,67,15,58,81,78,232,175,167,342,574
01/21/2006,BGR,ME,ANE,EN,Combined TRACON& Tower with Radar,10,42,21,19,92,0,0,3,7,10,10,42,24,26,102,5,15,20,122
01/22/2006,BGR,ME,ANE,EN,Combined TRACON& Tower with Radar,4,45,26,9,84,0,0,28,0,28,4,45,54,9,112,81,5,86,198
01/23/2006,BGR,ME,ANE,EN,Combined TRACON& Tower with Radar,18,50,14,9,91,0,0,1,0,1,18,50,15,9,92,26,42,68,160
01/24/2006,BGR,ME,ANE,EN,Combined TRACON& Tower with Radar,3,49,34,38,124,0,1,24,6,31,3,50,58,44,155,60,36,96,251
01/25/2006,BGR,ME,ANE,EN,Combined TRACON& Tower with Radar,7,50,17,40,114,0,0,1,0,1,7,50,18,40,115,0,24,24,139
01/26/2006,BGR,ME,ANE,EN,Combined TRACON& Tower with Radar,10,51,22,28,111,0,9,10,9,28,10,60,32,37,139,31,37,68,207
01/27/2006,BGR,ME,ANE,EN,Combined TRACON& Tower with Radar,4,51,20,45,120,0,2,37,8,47,4,53,57,53,167,44,108,152,319
01/28/2006,BGR,ME,ANE,EN,Combined TRACON& Tower with Radar,7,48,4,3,62,0,2,41,0,43,7,50,45,3,105,25,5,30,135
01/29/2006,BGR,ME,ANE,EN,Combined TRACON& Tower with Radar,5,38,23,11,77,0,2,22,0,24,5,40,45,11,101,24,10,34,135
01/30/2006,BGR,ME,ANE,EN,Combined TRACON& Tower with Radar,8,42,15,11,76,0,0,0,0,0,8,42,15,11,76,0,0,0,76
01/31/2006,BGR,ME,ANE,EN,Combined TRACON& Tower with Radar,4,53,21,11,89,0,0,3,0,3,4,53,24,11,92,0,0,0,92
02/01/2006,BGR,ME,ANE,EN,Combined TRACON& Tower with Radar,3,54,18,14,89,0,3,16,6,25,3,57,34,20,114,26,42,68,182
02/02/2006,BGR,ME,ANE,EN,Combined TRACON& Tower with Radar,12,50,28,43,133,0,1,20,9,30,12,51,48,52,163,69,73,142,305
02/03/2006,BGR,ME,ANE,EN,Combined TRACON& Tower with Radar,4,50,26,12,92,0,0,0,0,0,4,50,26,12,92,0,0,0,92
02/04/2006,BGR,ME,ANE,EN,Combined TRACON& Tower with Radar,10,47,19,11,87,0,2,34,24,60,10,49,53,35,147,158,60,218,365
02/05/2006,BGR,ME,ANE,EN,Combined TRACON& Tower with Radar,5,40,17,4,66,0,1,0,0,1,5,41,17,4,67,0,0,0,67
02/06/2006,BGR,ME,ANE,EN,Combined TRACON& Tower with Radar,7,50,12,20,89,0,3,6,1,10,7,53,18,21,99,11,27,38,137
02/07/2006,BGR,ME,ANE,EN,Combined TRACON& Tower with Radar,10,60,20,21,111,0,2,0,7,9,10,62,20,28,120,7,25,32,152
02/08/2006,BGR,ME,ANE,EN,Combined TRACON& Tower with Radar,4,52,23,37,116,0,2,19,7,28,4,54,42,44,144,92,98,190,334
02/09/2006,BGR,ME,ANE,EN,Combined TRACON& Tower with Radar,7,50,27,27,111,0,4,16,5,25,7,54,43,32,136,31,50,81,217
02/10/2006,BGR,ME,ANE,EN,Combined TRACON& Tower with Radar,8,51,16,6,81,0,3,14,0,17,8,54,30,6,98,11,49,60,158
02/11/2006,BGR,ME,ANE,EN,Combined TRACON& Tower with Radar,8,39,12,8,67,0,0,29,0,29,8,39,41,8,96,73,13,86,182
02/12/2006,BGR,ME,ANE,EN,Combined TRACON& Tower with Radar,10,14,8,4,36,0,0,3,0,3,10,14,11,4,39,8,0,8,47
02/13/2006,BGR,ME,ANE,EN,Combined TRACON& Tower with Radar,13,46,24,22,105,0,7,8,5,20,13,53,32,27,125,2,49,51,176
02/14/2006,BGR,ME,ANE,EN,Combined TRACON& Tower with Radar,14,48,20,32,114,0,3,17,3,23,14,51,37,35,137,28,20,48,185
02/15/2006,BGR,ME,ANE,EN,Combined TRACON& Tower with Radar,6,63,18,21,108,0,3,13,4,20,6,66,31,25,128,10,4,14,142
02/16/2006,BGR,ME,ANE,EN,Combined TRACON& Tower with Radar,8,48,19,29,104,0,4,30,3,37,8,52,49,32,141,141,118,259,400
02/17/2006,BGR,ME,ANE,EN,Combined TRACON& Tower with Radar,10,47,15,8,80,0,2,3,0,5,10,49,18,8,85,13,1,14,99
02/18/2006,BGR,ME,ANE,EN,Combined TRACON& Tower with Radar,11,49,17,5,82,0,3,6,0,9,11,52,23,5,91,27,3,30,121
02/19/2006,BGR,ME,ANE,EN,Combined TRACON& Tower with Radar,4,42,25,15,86,0,2,11,0,13,4,44,36,15,99,31,23,54,153
02/20/2006,BGR,ME,ANE,EN,Combined TRACON& Tower with Radar,13,49,33,3,98,0,0,0,0,0,13,49,33,3,98,12,4,16,114
02/21/2006,BGR,ME,ANE,EN,Combined TRACON& Tower with Radar,8,49,22,20,99,0,2,24,5,31,8,51,46,25,130,40,36,76,206
02/22/2006,BGR,ME,ANE,EN,Combined TRACON& Tower with Radar,7,57,36,52,152,0,0,0,0,0,7,57,36,52,152,22,80,102,254
02/23/2006,BGR,ME,ANE,EN,Combined TRACON& Tower with Radar,11,58,29,19,117,0,0,5,3,8,11,58,34,22,125,2,14,16,141
02/24/2006,BGR,ME,ANE,EN,Combined TRACON& Tower with Radar,5,52,30,13,100,0,0,4,0,4,5,52,34,13,104,0,0,0,104
02/25/2006,BGR,ME,ANE,EN,Combined TRACON& Tower with Radar,10,40,20,26,96,0,2,20,13,35,10,42,40,39,131,88,12,100,231
02/26/2006,BGR,ME,ANE,EN,Combined TRACON& Tower with Radar,7,44,14,3,68,0,0,2,0,2,7,44,16,3,70,0,0,0,70
02/27/2006,BGR,ME,ANE,EN,Combined TRACON& Tower with Radar,8,50,18,20,96,0,3,5,0,8,8,53,23,20,104,3,39,42,146
02/28/2006,BGR,ME,ANE,EN,Combined TRACON& Tower with Radar,9,49,19,34,111,0,3,6,4,13,9,52,25,38,124,4,54,58,182
03/01/2006,BGR,ME,ANE,EN,Combined TRACON& Tower with Radar,8,61,22,25,116,0,1,20,6,27,8,62,42,31,143,35,29,64,207
03/02/2006,BGR,ME,ANE,EN,Combined TRACON& Tower with Radar,6,46,20,37,109,1,2,1,0,4,7,48,21,37,113,4,22,26,139
03/03/2006,BGR,ME,ANE,EN,Combined TRACON& Tower with Radar,0,56,31,38,125,0,3,18,9,30,0,59,49,47,155,5,9,14,169
03/04/2006,BGR,ME,ANE,EN,Combined TRACON& Tower with Radar,10,45,19,18,92,0,0,0,21,21,10,45,19,39,113,4,18,22,135
03/05/2006,BGR,ME,ANE,EN,Combined TRACON& Tower with Radar,4,35,8,20,67,0,1,16,10,27,4,36,24,30,94,38,59,97,191
03/06/2006,BGR,ME,ANE,EN,Combined TRACON& Tower with Radar,7,45,17,8,77,0,1,24,0,25,7,46,41,8,102,29,55,84,186
03/07/2006,BGR,ME,ANE,EN,Combined TRACON& Tower with Radar,5,55,14,26,100,0,6,11,4,21,5,61,25,30,121,43,37,80,201
03/08/2006,BGR,ME,ANE,EN,Combined TRACON& Tower with Radar,8,55,19,25,107,0,6,35,22,63,8,61,54,47,170,74,29,103,273
03/09/2006,BGR,ME,ANE,EN,Combined TRACON& Tower with Radar,7,56,24,8,95,0,1,5,6,12,7,57,29,14,107,13,5,18,125
03/10/2006,BGR,ME,ANE,EN,Combined TRACON& Tower with Radar,4,56,26,13,99,0,0,0,0,0,4,56,26,13,99,0,0,0,99
03/11/2006,BGR,ME,ANE,EN,Combined TRACON& Tower with Radar,10,36,18,7,71,0,2,27,9,38,10,38,45,16,109,27,92,119,228
03/12/2006,BGR,ME,ANE,EN,Combined TRACON& Tower with Radar,7,44,29,4,84,0,3,27,0,30,7,47,56,4,114,91,11,102,216
03/13/2006,BGR,ME,ANE,EN,Combined TRACON& Tower with Radar,5,41,4,26,76,0,0,12,6,18,5,41,16,32,94,33,87,120,214
03/14/2006,BGR,ME,ANE,EN,Combined TRACON& Tower with Radar,6,47,18,13,84,0,2,3,0,5,6,49,21,13,89,0,0,0,89
03/15/2006,BGR,ME,ANE,EN,Combined TRACON& Tower with Radar,11,48,12,32,103,0,7,8,11,26,11,55,20,43,129,7,17,24,153
03/16/2006,BGR,ME,ANE,EN,Combined TRACON& Tower with Radar,8,61,38,21,128,0,7,18,10,35,8,68,56,31,163,14,28,42,205
03/17/2006,BGR,ME,ANE,EN,Combined TRACON& Tower with Radar,6,52,22,10,90,0,2,12,12,26,6,54,34,22,116,9,21,30,146
03/18/2006,BGR,ME,ANE,EN,Combined TRACON& Tower with Radar,6,52,22,10,90,0,2,12,12,26,6,54,34,22,116,9,22,31,147
03/19/2006,BGR,ME,ANE,EN,Combined TRACON& Tower with Radar,14,33,14,10,71,0,1,10,0,11,14,34,24,10,82,10,8,18,100
03/20/2006,BGR,ME,ANE,EN,Combined TRACON& Tower with Radar,7,44,16,11,78,0,2,11,0,13,7,46,27,11,91,12,8,20,111
03/21/2006,BGR,ME,ANE,EN,Combined TRACON& Tower with Radar,2,52,20,34,108,0,2,13,0,15,2,54,33,34,123,25,40,65,188
03/22/2006,BGR,ME,ANE,EN,Combined TRACON& Tower with Radar,11,62,18,35,126,0,2,25,10,37,11,64,43,45,163,64,21,85,248
03/23/2006,BGR,ME,ANE,EN,Combined TRACON& Tower with Radar,13,51,29,45,138,0,3,20,3,26,13,54,49,48,164,79,75,154,318
03/24/2006,BGR,ME,ANE,EN,Combined TRACON& Tower with Radar,8,61,38,31,138,0,3,40,1,44,8,64,78,32,182,133,89,222,404
03/25/2006,BGR,ME,ANE,EN,Combined TRACON& Tower with Radar,6,64,27,8,105,0,29,31,2,62,6,93,58,10,167,141,59,200,367
03/26/2006,BGR,ME,ANE,EN,Combined TRACON& Tower with Radar,8,36,21,3,68,0,4,16,0,20,8,40,37,3,88,8,6,14,102
03/27/2006,BGR,ME,ANE,EN,Combined TRACON& Tower with Radar,2,48,20,18,88,0,3,7,2,12,2,51,27,20,100,34,54,88,188
03/28/2006,BGR,ME,ANE,EN,Combined TRACON& Tower with Radar,10,49,20,29,108,0,5,38,9,52,10,54,58,38,160,72,20,92,252
03/29/2006,BGR,ME,ANE,EN,Combined TRACON& Tower with Radar,13,57,31,52,153,0,3,41,4,48,13,60,72,56,201,88,84,172,373
03/30/2006,BGR,ME,ANE,EN,Combined TRACON& Tower with Radar,7,48,22,51,128,0,3,17,5,25,7,51,39,56,153,62,64,126,279
03/31/2006,BGR,ME,ANE,EN,Combined TRACON& Tower with Radar,3,51,50,31,135,0,3,55,25,83,3,54,105,56,218,164,38,202,420
04/01/2006,BGR,ME,ANE,EN,Combined TRACON& Tower with Radar,13,61,41,21,136,0,1,15,18,34,13,62,56,39,170,76,36,112,282
04/02/2006,BGR,ME,ANE,EN,Combined TRACON& Tower with Radar,2,34,16,13,65,0,0,5,4,9,2,34,21,17,74,11,13,24,98
04/03/2006,BGR,ME,ANE,EN,Combined TRACON& Tower with Radar,4,44,19,20,87,0,3,26,0,29,4,47,45,20,116,21,22,43,159
04/04/2006,BGR,ME,ANE,EN,Combined TRACON& Tower with Radar,3,44,25,20,92,0,0,1,6,7,3,44,26,26,99,1,7,8,107
04/05/2006,BGR,ME,ANE,EN,Combined TRACON& Tower with Radar,2,53,16,24,95,0,0,7,9,16,2,53,23,33,111,14,10,24,135
04/06/2006,BGR,ME,ANE,EN,Combined TRACON& Tower with Radar,5,54,36,29,124,0,1,16,8,25,5,55,52,37,149,26,28,54,203
04/07/2006,BGR,ME,ANE,EN,Combined TRACON& Tower with Radar,4,49,21,24,98,0,0,13,3,16,4,49,34,27,114,27,49,76,190
04/08/2006,BGR,ME,ANE,EN,Combined TRACON& Tower with Radar,10,51,25,13,99,0,3,25,0,28,10,54,50,13,127,156,54,210,337
04/09/2006,BGR,ME,ANE,EN,Combined TRACON& Tower with Radar,5,40,20,7,72,0,0,44,0,44,5,40,64,7,116,87,35,122,238
04/10/2006,BGR,ME,ANE,EN,Combined TRACON& Tower with Radar,3,36,12,39,90,0,1,21,9,31,3,37,33,48,121,45,95,140,261
04/11/2006,BGR,ME,ANE,EN,Combined TRACON& Tower with Radar,2,48,15,19,84,0,4,36,6,46,2,52,51,25,130,47,39,86,216
04/12/2006,BGR,ME,ANE,EN,Combined TRACON& Tower with Radar,8,53,26,28,115,0,5,23,2,30,8,58,49,30,145,11,45,56,201
04/13/2006,BGR,ME,ANE,EN,Combined TRACON& Tower with Radar,5,51,49,39,144,0,4,4,1,9,5,55,53,40,153,16,12,28,181
04/14/2006,BGR,ME,ANE,EN,Combined TRACON& Tower with Radar,2,60,21,22,105,0,1,26,17,44,2,61,47,39,149,64,80,144,293
04/15/2006,BGR,ME,ANE,EN,Combined TRACON& Tower with Radar,7,51,22,6,86,0,0,0,0,0,7,51,22,6,86,0,0,0,86
04/16/2006,BGR,ME,ANE,EN,Combined TRACON& Tower with Radar,9,40,21,3,73,0,0,3,0,3,9,40,24,3,76,2,2,4,80
04/17/2006,BGR,ME,ANE,EN,Combined TRACON& Tower with Radar,8,53,18,5,84,0,0,2,0,2,8,53,20,5,86,5,5,10,96
04/18/2006,BGR,ME,ANE,EN,Combined TRACON& Tower with Radar,6,55,25,8,94,0,2,11,0,13,6,57,36,8,107,5,7,12,119
04/19/2006,BGR,ME,ANE,EN,Combined TRACON& Tower with Radar,5,55,13,12,85,0,4,4,8,16,5,59,17,20,101,6,14,20,121
04/20/2006,BGR,ME,ANE,EN,Combined TRACON& Tower with Radar,4,50,20,23,97,0,1,24,3,28,4,51,44,26,125,38,74,112,237
04/21/2006,BGR,ME,ANE,EN,Combined TRACON& Tower with Radar,7,52,31,17,107,0,3,42,14,59,7,55,73,31,166,69,135,204,370
04/22/2006,BGR,ME,ANE,EN,Combined TRACON& Tower with Radar,6,48,28,4,86,0,1,57,0,58,6,49,85,4,144,200,38,238,382
04/23/2006,BGR,ME,ANE,EN,Combined TRACON& Tower with Radar,11,41,24,10,86,0,2,22,0,24,11,43,46,10,110,86,33,119,229
04/24/2006,BGR,ME,ANE,EN,Combined TRACON& Tower with Radar,5,39,33,23,100,0,0,2,0,2,5,39,35,23,102,2,0,2,104
04/25/2006,BGR,ME,ANE,EN,Combined TRACON& Tower with Radar,0,58,36,14,108,0,1,13,6,20,0,59,49,20,128,30,2,32,160
04/26/2006,BGR,ME,ANE,EN,Combined TRACON& Tower with Radar,6,52,27,15,100,0,3,16,1,20,6,55,43,16,120,25,8,33,153
04/27/2006,BGR,ME,ANE,EN,Combined TRACON& Tower with Radar,0,56,12,11,79,0,2,17,1,20,0,58,29,12,99,29,19,48,147
04/28/2006,BGR,ME,ANE,EN,Combined TRACON& Tower with Radar,0,50,29,27,106,0,2,46,9,57,0,52,75,36,163,45,39,84,247
04/29/2006,BGR,ME,ANE,EN,Combined TRACON& Tower with Radar,2,37,16,15,70,0,1,42,0,43,2,38,58,15,113,40,36,76,189
04/30/2006,BGR,ME,ANE,EN,Combined TRACON& Tower with Radar,1,37,14,13,65,0,1,46,0,47,1,38,60,13,112,169,43,212,324
05/01/2006,BGR,ME,ANE,EN,Combined TRACON& Tower with Radar,1,42,17,41,101,0,3,15,1,19,1,45,32,42,120,41,49,90,210
05/02/2006,BGR,ME,ANE,EN,Combined TRACON& Tower with Radar,3,58,28,43,132,0,0,0,0,0,3,58,28,43,132,0,0,0,132
05/03/2006,BGR,ME,ANE,EN,Combined TRACON& Tower with Radar,4,62,22,59,147,0,1,10,2,13,4,63,32,61,160,12,66,78,238
05/04/2006,BGR,ME,ANE,EN,Combined TRACON& Tower with Radar,7,63,38,49,157,0,6,31,2,39,7,69,69,51,196,93,107,200,396
05/05/2006,BGR,ME,ANE,EN,Combined TRACON& Tower with Radar,6,61,37,56,160,0,1,41,12,54,6,62,78,68,214,74,174,248,462
05/06/2006,BGR,ME,ANE,EN,Combined TRACON& Tower with Radar,8,43,24,10,85,0,3,31,13,47,8,46,55,23,132,102,84,186,318
05/07/2006,BGR,ME,ANE,EN,Combined TRACON& Tower with Radar,17,41,12,8,78,0,3,16,9,28,17,44,28,17,106,27,29,56,162
05/08/2006,BGR,ME,ANE,EN,Combined TRACON& Tower with Radar,13,40,31,44,128,0,2,32,4,38,13,42,63,48,166,77,84,161,327
05/09/2006,BGR,ME,ANE,EN,Combined TRACON& Tower with Radar,6,56,26,23,111,0,1,28,10,39,6,57,54,33,150,39,51,90,240
05/10/2006,BGR,ME,ANE,EN,Combined TRACON& Tower with Radar,0,50,26,33,109,0,0,1,0,1,0,50,27,33,110,4,4,8,118
05/11/2006,BGR,ME,ANE,EN,Combined TRACON& Tower with Radar,7,54,34,34,129,0,0,0,0,0,7,54,34,34,129,0,0,0,129
05/12/2006,BGR,ME,ANE,EN,Combined TRACON& Tower with Radar,10,68,37,28,143,0,0,0,0,0,10,68,37,28,143,0,0,0,143
05/13/2006,BGR,ME,ANE,EN,Combined TRACON& Tower with Radar,9,45,32,5,91,0,0,17,0,17,9,45,49,5,108,38,8,46,154
05/14/2006,BGR,ME,ANE,EN,Combined TRACON& Tower with Radar,2,46,14,23,85,0,1,18,0,19,2,47,32,23,104,23,35,58,162
05/15/2006,BGR,ME,ANE,EN,Combined TRACON& Tower with Radar,4,44,25,54,127,0,0,23,0,23,4,44,48,54,150,22,186,208,358
05/16/2006,BGR,ME,ANE,EN,Combined TRACON& Tower with Radar,5,65,40,12,122,0,0,0,0,0,5,65,40,12,122,1,1,2,124
05/17/2006,BGR,ME,ANE,EN,Combined TRACON& Tower with Radar,3,54,21,25,103,0,0,12,6,18,3,54,33,31,121,15,49,64,185
05/18/2006,BGR,ME,ANE,EN,Combined TRACON& Tower with Radar,12,57,41,29,139,0,1,1,0,2,12,58,42,29,141,21,27,48,189
05/19/2006,BGR,ME,ANE,EN,Combined TRACON& Tower with Radar,6,55,26,18,105,0,0,0,0,0,6,55,26,18,105,0,0,0,105
05/20/2006,BGR,ME,ANE,EN,Combined TRACON& Tower with Radar,7,39,16,10,72,0,1,11,2,14,7,40,27,12,86,98,36,134,220
05/21/2006,BGR,ME,ANE,EN,Combined TRACON& Tower with Radar,4,41,24,8,77,0,1,6,0,7,4,42,30,8,84,6,6,12,96
05/22/2006,BGR,ME,ANE,EN,Combined TRACON& Tower with Radar,7,52,29,35,123,0,1,1,2,4,7,53,30,37,127,1,35,36,163
05/23/2006,BGR,ME,ANE,EN,Combined TRACON& Tower with Radar,1,47,40,28,116,0,2,16,13,31,1,49,56,41,147,14,78,92,239
05/24/2006,BGR,ME,ANE,EN,Combined TRACON& Tower with Radar,6,53,53,51,163,0,0,0,0,0,6,53,53,51,163,56,98,154,317
05/25/2006,BGR,ME,ANE,EN,Combined TRACON& Tower with Radar,3,57,30,68,158,0,5,45,14,64,3,62,75,82,222,42,120,162,384
05/26/2006,BGR,ME,ANE,EN,Combined TRACON& Tower with Radar,5,70,41,10,126,0,7,16,1,24,5,77,57,11,150,23,27,50,200
05/27/2006,BGR,ME,ANE,EN,Combined TRACON& Tower with Radar,4,68,33,13,118,0,1,17,3,21,4,69,50,16,139,141,17,158,297
05/28/2006,BGR,ME,ANE,EN,Combined TRACON& Tower with Radar,3,34,20,16,73,0,3,38,0,41,3,37,58,16,114,77,38,115,229
05/29/2006,BGR,ME,ANE,EN,Combined TRACON& Tower with Radar,4,49,32,6,91,0,1,33,6,40,4,50,65,12,131,48,54,102,233
05/30/2006,BGR,ME,ANE,EN,Combined TRACON& Tower with Radar,0,53,25,29,107,0,1,27,15,43,0,54,52,44,150,28,54,82,232
05/31/2006,BGR,ME,ANE,EN,Combined TRACON& Tower with Radar,1,66,25,39,131,0,1,19,4,24,1,67,44,43,155,44,80,124,279
06/01/2006,BGR,ME,ANE,EN,Combined TRACON& Tower with Radar,0,54,21,24,99,0,2,5,0,7,0,56,26,24,106,37,9,46,152
06/02/2006,BGR,ME,ANE,EN,Combined TRACON& Tower with Radar,7,66,33,38,144,0,3,31,20,54,7,69,64,58,198,73,105,178,376
06/03/2006,BGR,ME,ANE,EN,Combined TRACON& Tower with Radar,10,37,23,10,80,0,0,1,0,1,10,37,24,10,81,0,0,0,81
06/04/2006,BGR,ME,ANE,EN,Combined TRACON& Tower with Radar,10,42,26,18,96,0,0,0,0,0,10,42,26,18,96,0,0,0,96
06/05/2006,BGR,ME,ANE,EN,Combined TRACON& Tower with Radar,9,49,23,8,89,0,1,4,0,5,9,50,27,8,94,2,2,4,98
06/06/2006,BGR,ME,ANE,EN,Combined TRACON& Tower with Radar,3,59,36,29,127,0,4,19,1,24,3,63,55,30,151,46,50,96,247
06/07/2006,BGR,ME,ANE,EN,Combined TRACON& Tower with Radar,2,55,34,21,112,0,0,2,3,5,2,55,36,24,117,24,4,28,145
06/08/2006,BGR,ME,ANE,EN,Combined TRACON& Tower with Radar,7,56,41,33,137,0,0,1,0,1,7,56,42,33,138,0,0,0,138
06/09/2006,BGR,ME,ANE,EN,Combined TRACON& Tower with Radar,7,55,34,23,119,0,1,1,3,5,7,56,35,26,124,36,38,74,198
06/10/2006,BGR,ME,ANE,EN,Combined TRACON& Tower with Radar,18,57,29,20,124,0,0,0,0,0,18,57,29,20,124,0,0,0,124
06/11/2006,BGR,ME,ANE,EN,Combined TRACON& Tower with Radar,9,65,31,19,124,0,0,9,0,9,9,65,40,19,133,28,10,38,171
06/12/2006,BGR,ME,ANE,EN,Combined TRACON& Tower with Radar,15,42,21,18,96,0,1,23,2,26,15,43,44,20,122,103,44,147,269
06/13/2006,BGR,ME,ANE,EN,Combined TRACON& Tower with Radar,16,62,26,14,118,0,1,24,5,30,16,63,50,19,148,13,10,23,171
06/14/2006,BGR,ME,ANE,EN,Combined TRACON& Tower with Radar,7,62,45,31,145,0,0,17,2,19,7,62,62,33,164,10,28,38,202
06/15/2006,BGR,ME,ANE,EN,Combined TRACON& Tower with Radar,11,67,37,9,124,0,6,29,6,41,11,73,66,15,165,43,17,60,225
06/16/2006,BGR,ME,ANE,EN,Combined TRACON& Tower with Radar,8,53,28,14,103,0,7,62,8,77,8,60,90,22,180,137,85,222,402
06/17/2006,BGR,ME,ANE,EN,Combined TRACON& Tower with Radar,14,55,45,14,128,0,2,43,6,51,14,57,88,20,179,152,50,202,381
06/18/2006,BGR,ME,ANE,EN,Combined TRACON& Tower with Radar,2,44,22,4,72,0,5,38,0,43,2,49,60,4,115,91,24,115,230
06/19/2006,BGR,ME,ANE,EN,Combined TRACON& Tower with Radar,15,45,19,19,98,0,5,14,2,21,15,50,33,21,119,7,31,38,157
06/20/2006,BGR,ME,ANE,EN,Combined TRACON& Tower with Radar,13,61,25,8,107,0,4,20,2,26,13,65,45,10,133,53,7,60,193
06/21/2006,BGR,ME,ANE,EN,Combined TRACON& Tower with Radar,6,58,21,21,106,0,12,42,8,62,6,70,63,29,168,57,33,90,258
06/22/2006,BGR,ME,ANE,EN,Combined TRACON& Tower with Radar,11,59,36,18,124,0,0,24,1,25,11,59,60,19,149,67,55,122,271
06/23/2006,BGR,ME,ANE,EN,Combined TRACON& Tower with Radar,9,61,32,16,118,0,1,6,0,7,9,62,38,16,125,0,0,0,125
06/24/2006,BGR,ME,ANE,EN,Combined TRACON& Tower with Radar,6,50,44,5,105,0,0,2,0,2,6,50,46,5,107,2,2,4,111
06/25/2006,BGR,ME,ANE,EN,Combined TRACON& Tower with Radar,10,47,43,8,108,0,0,10,0,10,10,47,53,8,118,53,28,81,199
06/26/2006,BGR,ME,ANE,EN,Combined TRACON& Tower with Radar,15,52,38,7,112,0,0,1,0,1,15,52,39,7,113,0,0,0,113
06/27/2006,BGR,ME,ANE,EN,Combined TRACON& Tower with Radar,11,60,32,34,137,0,0,25,2,27,11,60,57,36,164,10,38,48,212
06/28/2006,BGR,ME,ANE,EN,Combined TRACON& Tower with Radar,13,66,45,55,179,0,1,1,3,5,13,67,46,58,184,0,36,36,220
06/29/2006,BGR,ME,ANE,EN,Combined TRACON& Tower with Radar,13,79,32,17,141,0,0,0,0,0,13,79,32,17,141,0,0,0,141
06/30/2006,BGR,ME,ANE,EN,Combined TRACON& Tower with Radar,8,65,62,22,157,0,3,4,0,7,8,68,66,22,164,3,15,18,182
07/01/2006,BGR,ME,ANE,EN,Combined TRACON& Tower with Radar,7,61,46,7,121,0,0,49,0,49,7,61,95,7,170,114,58,172,342
07/02/2006,BGR,ME,ANE,EN,Combined TRACON& Tower with Radar,5,43,28,4,80,0,0,4,0,4,5,43,32,4,84,0,0,0,84
07/03/2006,BGR,ME,ANE,EN,Combined TRACON& Tower with Radar,9,53,30,11,103,0,4,37,3,44,9,57,67,14,147,55,27,82,229
07/04/2006,BGR,ME,ANE,EN,Combined TRACON& Tower with Radar,5,46,25,6,82,0,2,6,5,13,5,48,31,11,95,30,22,52,147
07/05/2006,BGR,ME,ANE,EN,Combined TRACON& Tower with Radar,8,57,45,30,140,0,0,7,3,10,8,57,52,33,150,8,88,96,246
07/06/2006,BGR,ME,ANE,EN,Combined TRACON& Tower with Radar,10,54,24,54,142,0,4,41,12,57,10,58,65,66,199,58,48,106,305
07/07/2006,BGR,ME,ANE,EN,Combined TRACON& Tower with Radar,3,55,33,22,113,0,1,42,5,48,3,56,75,27,161,132,94,226,387
07/08/2006,BGR,ME,ANE,EN,Combined TRACON& Tower with Radar,6,59,31,3,99,0,3,29,0,32,6,62,60,3,131,32,20,52,183
07/09/2006,BGR,ME,ANE,EN,Combined TRACON& Tower with Radar,7,45,30,10,92,0,0,23,1,24,7,45,53,11,116,54,12,66,182
07/10/2006,BGR,ME,ANE,EN,Combined TRACON& Tower with Radar,12,51,18,25,106,0,1,23,1,25,12,52,41,26,131,54,34,88,219
07/11/2006,BGR,ME,ANE,EN,Combined TRACON& Tower with Radar,9,65,35,35,144,0,0,4,3,7,9,65,39,38,151,15,35,50,201
07/12/2006,BGR,ME,ANE,EN,Combined TRACON& Tower with Radar,7,69,34,36,146,0,0,3,4,7,7,69,37,40,153,53,37,90,243
07/13/2006,BGR,ME,ANE,EN,Combined TRACON& Tower with Radar,9,63,36,28,136,0,2,22,4,28,9,65,58,32,164,81,45,126,290
07/14/2006,BGR,ME,ANE,EN,Combined TRACON& Tower with Radar,18,62,37,27,144,0,3,37,26,66,18,65,74,53,210,110,98,208,418
07/15/2006,BGR,ME,ANE,EN,Combined TRACON& Tower with Radar,8,55,31,10,104,0,0,44,25,69,8,55,75,35,173,28,54,82,255
07/16/2006,BGR,ME,ANE,EN,Combined TRACON& Tower with Radar,8,56,40,9,113,0,4,20,0,24,8,60,60,9,137,10,10,20,157
07/17/2006,BGR,ME,ANE,EN,Combined TRACON& Tower with Radar,18,49,33,22,122,0,10,21,4,35,18,59,54,26,157,24,88,112,269
07/18/2006,BGR,ME,ANE,EN,Combined TRACON& Tower with Radar,18,56,36,4,114,0,3,10,12,25,18,59,46,16,139,24,12,36,175
07/19/2006,BGR,ME,ANE,EN,Combined TRACON& Tower with Radar,8,72,37,46,163,0,11,64,19,94,8,83,101,65,257,120,126,246,503
07/20/2006,BGR,ME,ANE,EN,Combined TRACON& Tower with Radar,13,57,38,35,143,0,3,41,9,53,13,60,79,44,196,83,75,158,354
07/21/2006,BGR,ME,ANE,EN,Combined TRACON& Tower with Radar,8,67,37,14,126,0,0,7,0,7,8,67,44,14,133,6,6,12,145
07/22/2006,BGR,ME,ANE,EN,Combined TRACON& Tower with Radar,13,60,33,11,117,0,1,3,1,5,13,61,36,12,122,5,21,26,148
07/23/2006,BGR,ME,ANE,EN,Combined TRACON& Tower with Radar,5,56,46,7,114,0,0,2,0,2,5,56,48,7,116,9,5,14,130
07/24/2006,BGR,ME,ANE,EN,Combined TRACON& Tower with Radar,12,59,36,40,147,0,3,18,2,23,12,62,54,42,170,26,70,96,266
07/25/2006,BGR,ME,ANE,EN,Combined TRACON& Tower with Radar,8,68,31,37,144,0,0,25,14,39,8,68,56,51,183,43,43,86,269
07/26/2006,BGR,ME,ANE,EN,Combined TRACON& Tower with Radar,11,61,44,41,157,0,0,9,12,21,11,61,53,53,178,69,37,106,284
07/27/2006,BGR,ME,ANE,EN,Combined TRACON& Tower with Radar,11,69,46,18,144,0,0,2,6,8,11,69,48,24,152,4,4,8,160
07/28/2006,BGR,ME,ANE,EN,Combined TRACON& Tower with Radar,12,67,51,15,145,0,0,2,0,2,12,67,53,15,147,0,0,0,147
07/29/2006,BGR,ME,ANE,EN,Combined TRACON& Tower with Radar,16,55,30,2,103,0,2,31,1,34,16,57,61,3,137,145,17,162,299
07/30/2006,BGR,ME,ANE,EN,Combined TRACON& Tower with Radar,9,53,38,4,104,0,0,35,0,35,9,53,73,4,139,104,18,122,261
07/31/2006,BGR,ME,ANE,EN,Combined TRACON& Tower with Radar,10,44,29,37,120,0,1,33,15,49,10,45,62,52,169,71,83,154,323
08/01/2006,BGR,ME,ANE,EN,Combined TRACON& Tower with Radar,3,68,32,33,136,0,2,9,9,20,3,70,41,42,156,4,104,108,264
08/02/2006,BGR,ME,ANE,EN,Combined TRACON& Tower with Radar,16,55,35,16,122,0,2,19,12,33,16,57,54,28,155,16,52,68,223
08/03/2006,BGR,ME,ANE,EN,Combined TRACON& Tower with Radar,8,77,56,52,193,0,1,47,4,52,8,78,103,56,245,181,151,332,577
08/04/2006,BGR,ME,ANE,EN,Combined TRACON& Tower with Radar,0,8,65,19,92,8,70,0,0,78,8,78,65,19,170,160,74,234,404
08/05/2006,BGR,ME,ANE,EN,Combined TRACON& Tower with Radar,22,50,27,9,108,0,5,62,4,71,22,55,89,13,179,53,17,70,249
08/06/2006,BGR,ME,ANE,EN,Combined TRACON& Tower with Radar,17,50,32,8,107,0,6,33,7,46,17,56,65,15,153,51,30,81,234
08/07/2006,BGR,ME,ANE,EN,Combined TRACON& Tower with Radar,20,52,34,43,149,0,4,7,3,14,20,56,41,46,163,6,118,124,287
08/08/2006,BGR,ME,ANE,EN,Combined TRACON& Tower with Radar,17,56,29,31,133,0,0,20,6,26,17,56,49,37,159,59,61,120,279
08/09/2006,BGR,ME,ANE,EN,Combined TRACON& Tower with Radar,16,59,20,27,122,0,5,58,18,81,16,64,78,45,203,75,57,132,335
08/10/2006,BGR,ME,ANE,EN,Combined TRACON& Tower with Radar,12,58,33,51,154,0,1,23,14,38,12,59,56,65,192,74,106,180,372
08/11/2006,BGR,ME,ANE,EN,Combined TRACON& Tower with Radar,14,75,23,13,125,0,0,21,31,52,14,75,44,44,177,154,108,262,439
08/12/2006,BGR,ME,ANE,EN,Combined TRACON& Tower with Radar,20,52,16,4,92,0,0,17,0,17,20,52,33,4,109,6,6,12,121
08/13/2006,BGR,ME,ANE,EN,Combined TRACON& Tower with Radar,16,64,28,16,124,0,0,25,13,38,16,64,53,29,162,52,37,89,251
08/14/2006,BGR,ME,ANE,EN,Combined TRACON& Tower with Radar,17,56,23,16,112,0,1,34,5,40,17,57,57,21,152,56,28,84,236
08/15/2006,BGR,ME,ANE,EN,Combined TRACON& Tower with Radar,14,69,48,31,162,0,6,25,5,36,14,75,73,36,198,39,77,116,314
08/16/2006,BGR,ME,ANE,EN,Combined TRACON& Tower with Radar,17,57,38,28,140,0,4,36,13,53,17,61,74,41,193,90,24,114,307
08/17/2006,BGR,ME,ANE,EN,Combined TRACON& Tower with Radar,25,79,49,42,195,0,5,57,13,75,25,84,106,55,270,145,141,286,556
08/18/2006,BGR,ME,ANE,EN,Combined TRACON& Tower with Radar,17,59,37,11,124,0,2,29,11,42,17,61,66,22,166,133,79,212,378
08/19/2006,BGR,ME,ANE,EN,Combined TRACON& Tower with Radar,8,62,21,12,103,0,0,17,1,18,8,62,38,13,121,28,8,36,157
08/20/2006,BGR,ME,ANE,EN,Combined TRACON& Tower with Radar,14,53,30,8,105,0,0,0,0,0,14,53,30,8,105,0,0,0,105
08/21/2006,BGR,ME,ANE,EN,Combined TRACON& Tower with Radar,10,63,31,25,129,0,0,8,0,8,10,63,39,25,137,13,11,24,161
08/22/2006,BGR,ME,ANE,EN,Combined TRACON& Tower with Radar,16,50,28,28,122,0,1,47,14,62,16,51,75,42,184,41,75,116,300
08/23/2006,BGR,ME,ANE,EN,Combined TRACON& Tower with Radar,11,67,28,13,119,0,2,45,17,64,11,69,73,30,183,53,65,118,301
08/24/2006,BGR,ME,ANE,EN,Combined TRACON& Tower with Radar,9,68,22,34,133,0,0,27,7,34,9,68,49,41,167,80,84,164,331
08/25/2006,BGR,ME,ANE,EN,Combined TRACON& Tower with Radar,21,65,41,17,144,0,5,38,11,54,21,70,79,28,198,84,113,197,395
08/26/2006,BGR,ME,ANE,EN,Combined TRACON& Tower with Radar,17,64,37,8,126,0,5,29,4,38,17,69,66,12,164,45,25,70,234
08/27/2006,BGR,ME,ANE,EN,Combined TRACON& Tower with Radar,7,55,36,9,107,0,5,15,1,21,7,60,51,10,128,25,35,60,188
08/28/2006,BGR,ME,ANE,EN,Combined TRACON& Tower with Radar,9,64,24,36,133,0,0,2,0,2,9,64,26,36,135,0,0,0,135
08/29/2006,BGR,ME,ANE,EN,Combined TRACON& Tower with Radar,8,62,42,30,142,0,0,4,0,4,8,62,46,30,146,9,17,26,172
08/30/2006,BGR,ME,ANE,EN,Combined TRACON& Tower with Radar,17,62,43,38,160,0,3,34,22,59,17,65,77,60,219,95,105,200,419
08/31/2006,BGR,ME,ANE,EN,Combined TRACON& Tower with Radar,18,78,25,30,151,0,0,55,19,74,18,78,80,49,225,144,172,316,541
09/01/2006,BGR,ME,ANE,EN,Combined TRACON& Tower with Radar,15,62,41,16,134,0,4,51,4,59,15,66,92,20,193,120,41,161,354
09/02/2006,BGR,ME,ANE,EN,Combined TRACON& Tower with Radar,12,56,14,13,95,0,3,24,0,27,12,59,38,13,122,62,22,84,206
09/03/2006,BGR,ME,ANE,EN,Combined TRACON& Tower with Radar,13,65,22,16,116,0,0,15,1,16,13,65,37,17,132,2,2,4,136
09/04/2006,BGR,ME,ANE,EN,Combined TRACON& Tower with Radar,9,44,47,5,105,0,0,6,0,6,9,44,53,5,111,2,1,3,114
09/05/2006,BGR,ME,ANE,EN,Combined TRACON& Tower with Radar,20,58,35,50,163,0,5,53,13,71,20,63,88,63,234,115,115,230,464
09/06/2006,BGR,ME,ANE,EN,Combined TRACON& Tower with Radar,20,69,35,53,177,0,1,15,12,28,20,70,50,65,205,7,49,56,261
09/07/2006,BGR,ME,ANE,EN,Combined TRACON& Tower with Radar,11,59,39,66,175,0,4,29,10,43,11,63,68,76,218,30,104,134,352
09/08/2006,BGR,ME,ANE,EN,Combined TRACON& Tower with Radar,21,62,47,33,163,2,0,32,14,48,23,62,79,47,211,77,66,143,354
09/09/2006,BGR,ME,ANE,EN,Combined TRACON& Tower with Radar,18,51,26,10,105,0,0,25,8,33,18,51,51,18,138,3,3,6,144
09/10/2006,BGR,ME,ANE,EN,Combined TRACON& Tower with Radar,18,50,42,7,117,0,0,41,0,41,18,50,83,7,158,11,15,26,184
09/11/2006,BGR,ME,ANE,EN,Combined TRACON& Tower with Radar,18,45,30,28,121,0,2,40,7,49,18,47,70,35,170,43,19,62,232
09/12/2006,BGR,ME,ANE,EN,Combined TRACON& Tower with Radar,5,65,32,32,134,0,3,51,14,68,5,68,83,46,202,92,73,165,367
09/13/2006,BGR,ME,ANE,EN,Combined TRACON& Tower with Radar,11,57,34,26,128,0,3,31,11,45,11,60,65,37,173,70,59,129,302
09/14/2006,BGR,ME,ANE,EN,Combined TRACON& Tower with Radar,16,57,35,36,144,0,3,4,11,18,16,60,39,47,162,43,118,161,323
09/15/2006,BGR,ME,ANE,EN,Combined TRACON& Tower with Radar,20,46,43,23,132,0,2,25,9,36,20,48,68,32,168,17,16,33,201
09/16/2006,BGR,ME,ANE,EN,Combined TRACON& Tower with Radar,7,49,20,8,84,0,0,31,0,31,7,49,51,8,115,7,6,13,128
09/17/2006,BGR,ME,ANE,EN,Combined TRACON& Tower with Radar,14,60,41,4,119,0,1,49,0,50,14,61,90,4,169,33,10,43,212
09/18/2006,BGR,ME,ANE,EN,Combined TRACON& Tower with Radar,10,55,31,34,130,0,2,22,1,25,10,57,53,35,155,37,28,65,220
09/19/2006,BGR,ME,ANE,EN,Combined TRACON& Tower with Radar,16,75,29,45,165,0,1,10,5,16,16,76,39,50,181,3,17,20,201
09/20/2006,BGR,ME,ANE,EN,Combined TRACON& Tower with Radar,11,57,26,33,127,0,2,10,3,15,11,59,36,36,142,4,11,15,157
09/21/2006,BGR,ME,ANE,EN,Combined TRACON& Tower with Radar,6,56,26,26,114,0,6,12,18,36,6,62,38,44,150,25,38,63,213
09/22/2006,BGR,ME,ANE,EN,Combined TRACON& Tower with Radar,6,50,28,13,97,0,8,25,17,50,6,58,53,30,147,29,40,69,216
09/23/2006,BGR,ME,ANE,EN,Combined TRACON& Tower with Radar,14,47,21,4,86,0,0,2,1,3,14,47,23,5,89,1,0,1,90
09/24/2006,BGR,ME,ANE,EN,Combined TRACON& Tower with Radar,15,44,29,6,94,0,0,4,0,4,15,44,33,6,98,0,0,0,98
09/25/2006,BGR,ME,ANE,EN,Combined TRACON& Tower with Radar,11,38,36,35,120,0,4,22,9,35,11,42,58,44,155,53,73,126,281
09/26/2006,BGR,ME,ANE,EN,Combined TRACON& Tower with Radar,11,56,36,15,118,0,4,17,7,28,11,60,53,22,146,30,11,41,187
09/27/2006,BGR,ME,ANE,EN,Combined TRACON& Tower with Radar,4,59,34,16,113,0,1,32,18,51,4,60,66,34,164,22,12,34,198
09/28/2006,BGR,ME,ANE,EN,Combined TRACON& Tower with Radar,12,65,18,41,136,0,0,31,11,42,12,65,49,52,178,13,142,155,333
09/29/2006,BGR,ME,ANE,EN,Combined TRACON& Tower with Radar,15,62,42,4,123,0,0,1,0,1,15,62,43,4,124,0,0,0,124
09/30/2006,BGR,ME,ANE,EN,Combined TRACON& Tower with Radar,13,47,32,1,93,0,0,35,0,35,13,47,67,1,128,26,15,41,169
10/01/2006,BGR,ME,ANE,EN,Combined TRACON& Tower with Radar,17,41,33,13,104,0,0,9,0,9,17,41,42,13,113,8,8,16,129
10/02/2006,BGR,ME,ANE,EN,Combined TRACON& Tower with Radar,18,57,36,21,132,0,2,1,1,4,18,59,37,22,136,8,24,32,168
10/03/2006,BGR,ME,ANE,EN,Combined TRACON& Tower with Radar,15,57,35,43,150,0,1,38,2,41,15,58,73,45,191,42,66,108,299
10/04/2006,BGR,ME,ANE,EN,Combined TRACON& Tower with Radar,20,62,26,49,157,0,2,13,6,21,20,64,39,55,178,1,51,52,230
10/05/2006,BGR,ME,ANE,EN,Combined TRACON& Tower with Radar,10,61,39,38,148,0,7,23,3,33,10,68,62,41,181,29,39,68,249
10/06/2006,BGR,ME,ANE,EN,Combined TRACON& Tower with Radar,16,59,43,52,170,0,3,45,0,48,16,62,88,52,218,57,50,107,325
10/07/2006,BGR,ME,ANE,EN,Combined TRACON& Tower with Radar,18,56,33,5,112,0,0,49,0,49,18,56,82,5,161,49,39,88,249
10/08/2006,BGR,ME,ANE,EN,Combined TRACON& Tower with Radar,12,47,22,8,89,0,1,40,0,41,12,48,62,8,130,35,19,54,184
10/09/2006,BGR,ME,ANE,EN,Combined TRACON& Tower with Radar,7,46,29,7,89,0,0,29,0,29,7,46,58,7,118,45,19,64,182
10/10/2006,BGR,ME,ANE,EN,Combined TRACON& Tower with Radar,10,64,39,36,149,0,6,42,0,48,10,70,81,36,197,75,64,139,336
10/11/2006,BGR,ME,ANE,EN,Combined TRACON& Tower with Radar,13,64,32,23,132,0,1,18,10,29,13,65,50,33,161,23,29,52,213
10/12/2006,BGR,ME,ANE,EN,Combined TRACON& Tower with Radar,15,70,18,33,136,0,0,0,0,0,15,70,18,33,136,0,0,0,136
10/13/2006,BGR,ME,ANE,EN,Combined TRACON& Tower with Radar,10,80,29,24,143,0,3,38,9,50,10,83,67,33,193,59,109,168,361
10/14/2006,BGR,ME,ANE,EN,Combined TRACON& Tower with Radar,16,47,45,3,111,0,7,28,3,38,16,54,73,6,149,44,20,64,213
10/15/2006,BGR,ME,ANE,EN,Combined TRACON& Tower with Radar,8,43,30,10,91,0,1,57,1,59,8,44,87,11,150,29,24,53,203
10/16/2006,BGR,ME,ANE,EN,Combined TRACON& Tower with Radar,5,51,30,20,106,0,3,30,5,38,5,54,60,25,144,33,91,124,268
10/17/2006,BGR,ME,ANE,EN,Combined TRACON& Tower with Radar,15,69,25,42,151,0,2,29,5,36,15,71,54,47,187,17,77,94,281
10/18/2006,BGR,ME,ANE,EN,Combined TRACON& Tower with Radar,8,57,26,30,121,0,1,2,0,3,8,58,28,30,124,0,4,4,128
10/19/2006,BGR,ME,ANE,EN,Combined TRACON& Tower with Radar,10,60,27,24,121,0,2,14,11,27,10,62,41,35,148,15,31,46,194
10/20/2006,BGR,ME,ANE,EN,Combined TRACON& Tower with Radar,15,55,23,15,108,0,0,0,0,0,15,55,23,15,108,0,0,0,108
10/21/2006,BGR,ME,ANE,EN,Combined TRACON& Tower with Radar,22,45,17,2,86,0,0,4,0,4,22,45,21,2,90,7,17,24,114
10/22/2006,BGR,ME,ANE,EN,Combined TRACON& Tower with Radar,10,41,12,9,72,0,0,29,1,30,10,41,41,10,102,33,31,64,166
10/23/2006,BGR,ME,ANE,EN,Combined TRACON& Tower with Radar,8,47,15,48,118,0,1,0,0,1,8,48,15,48,119,2,36,38,157
10/24/2006,BGR,ME,ANE,EN,Combined TRACON& Tower with Radar,10,52,15,22,99,0,1,6,10,17,10,53,21,32,116,18,18,36,152
10/25/2006,BGR,ME,ANE,EN,Combined TRACON& Tower with Radar,9,70,15,47,141,0,4,8,20,32,9,74,23,67,173,4,36,40,213
10/26/2006,BGR,ME,ANE,EN,Combined TRACON& Tower with Radar,8,58,11,40,117,0,2,18,12,32,8,60,29,52,149,17,35,52,201
10/27/2006,BGR,ME,ANE,EN,Combined TRACON& Tower with Radar,14,57,19,33,123,0,2,38,11,51,14,59,57,44,174,38,64,102,276
10/28/2006,BGR,ME,ANE,EN,Combined TRACON& Tower with Radar,27,35,11,16,89,0,0,3,3,6,27,35,14,19,95,0,0,0,95
10/29/2006,BGR,ME,ANE,EN,Combined TRACON& Tower with Radar,19,37,8,4,68,0,1,0,0,1,19,38,8,4,69,0,0,0,69
10/30/2006,BGR,ME,ANE,EN,Combined TRACON& Tower with Radar,20,49,11,32,112,0,5,5,0,10,20,54,16,32,122,6,30,36,158
10/31/2006,BGR,ME,ANE,EN,Combined TRACON& Tower with Radar,16,52,23,26,117,0,4,22,3,29,16,56,45,29,146,26,52,78,224
11/01/2006,BGR,ME,ANE,EN,Combined TRACON& Tower with Radar,17,53,18,43,131,0,2,22,13,37,17,55,40,56,168,43,91,134,302
11/02/2006,BGR,ME,ANE,EN,Combined TRACON& Tower with Radar,14,68,18,39,139,0,4,7,3,14,14,72,25,42,153,2,29,31,184
11/03/2006,BGR,ME,ANE,EN,Combined TRACON& Tower with Radar,15,64,16,50,145,1,3,18,25,47,16,67,34,75,192,2,46,48,240
11/04/2006,BGR,ME,ANE,EN,Combined TRACON& Tower with Radar,14,47,23,13,97,0,7,32,10,49,14,54,55,23,146,73,9,82,228
11/05/2006,BGR,ME,ANE,EN,Combined TRACON& Tower with Radar,18,43,29,4,94,0,0,25,0,25,18,43,54,4,119,32,8,40,159
11/06/2006,BGR,ME,ANE,EN,Combined TRACON& Tower with Radar,14,54,22,40,130,0,4,11,1,16,14,58,33,41,146,10,53,63,209
11/07/2006,BGR,ME,ANE,EN,Combined TRACON& Tower with Radar,14,59,20,36,129,0,3,11,7,21,14,62,31,43,150,16,43,59,209
11/08/2006,BGR,ME,ANE,EN,Combined TRACON& Tower with Radar,6,54,24,10,94,0,0,0,0,0,6,54,24,10,94,0,0,0,94
11/09/2006,BGR,ME,ANE,EN,Combined TRACON& Tower with Radar,13,70,28,39,150,0,1,1,0,2,13,71,29,39,152,1,11,12,164
11/10/2006,BGR,ME,ANE,EN,Combined TRACON& Tower with Radar,7,56,27,5,95,0,2,15,2,19,7,58,42,7,114,10,2,12,126
11/11/2006,BGR,ME,ANE,EN,Combined TRACON& Tower with Radar,12,41,28,5,86,0,0,35,2,37,12,41,63,7,123,37,29,66,189
11/12/2006,BGR,ME,ANE,EN,Combined TRACON& Tower with Radar,12,38,18,5,73,0,0,0,0,0,12,38,18,5,73,0,0,0,73
11/13/2006,BGR,ME,ANE,EN,Combined TRACON& Tower with Radar,6,45,19,48,118,0,0,0,0,0,6,45,19,48,118,0,0,0,118
11/14/2006,BGR,ME,ANE,EN,Combined TRACON& Tower with Radar,16,46,20,7,89,0,0,0,0,0,16,46,20,7,89,0,0,0,89
11/15/2006,BGR,ME,ANE,EN,Combined TRACON& Tower with Radar,4,55,37,27,123,0,0,3,1,4,4,55,40,28,127,0,8,8,135
11/16/2006,BGR,ME,ANE,EN,Combined TRACON& Tower with Radar,13,57,21,6,97,0,0,0,0,0,13,57,21,6,97,0,0,0,97
11/17/2006,BGR,ME,ANE,EN,Combined TRACON& Tower with Radar,7,61,42,29,139,0,0,0,2,2,7,61,42,31,141,0,0,0,141
11/18/2006,BGR,ME,ANE,EN,Combined TRACON& Tower with Radar,11,40,17,10,78,0,0,41,7,48,11,40,58,17,126,55,15,70,196
11/19/2006,BGR,ME,ANE,EN,Combined TRACON& Tower with Radar,18,38,12,17,85,0,0,7,0,7,18,38,19,17,92,11,17,28,120
11/20/2006,BGR,ME,ANE,EN,Combined TRACON& Tower with Radar,14,40,8,26,88,0,1,18,2,21,14,41,26,28,109,12,31,43,152
11/21/2006,BGR,ME,ANE,EN,Combined TRACON& Tower with Radar,11,47,32,41,131,0,2,37,6,45,11,49,69,47,176,28,69,97,273
11/22/2006,BGR,ME,ANE,EN,Combined TRACON& Tower with Radar,13,57,17,26,113,0,3,32,3,38,13,60,49,29,151,51,59,110,261
11/23/2006,BGR,ME,ANE,EN,Combined TRACON& Tower with Radar,0,27,14,4,45,0,0,4,0,4,0,27,18,4,49,0,0,0,49
11/24/2006,BGR,ME,ANE,EN,Combined TRACON& Tower with Radar,5,41,10,6,62,0,2,16,0,18,5,43,26,6,80,3,0,3,83
11/25/2006,BGR,ME,ANE,EN,Combined TRACON& Tower with Radar,13,39,5,5,62,0,0,31,0,31,13,39,36,5,93,17,21,38,131
11/26/2006,BGR,ME,ANE,EN,Combined TRACON& Tower with Radar,15,32,20,3,70,0,2,13,0,15,15,34,33,3,85,12,9,21,106
11/27/2006,BGR,ME,ANE,EN,Combined TRACON& Tower with Radar,12,49,21,22,104,0,0,11,2,13,12,49,32,24,117,3,20,23,140
11/28/2006,BGR,ME,ANE,EN,Combined TRACON& Tower with Radar,15,62,18,32,127,0,0,4,6,10,15,62,22,38,137,53,125,178,315
11/29/2006,BGR,ME,ANE,EN,Combined TRACON& Tower with Radar,5,68,22,21,116,0,0,0,0,0,5,68,22,21,116,0,0,0,116
11/30/2006,BGR,ME,ANE,EN,Combined TRACON& Tower with Radar,9,58,16,38,121,0,0,2,0,2,9,58,18,38,123,0,0,0,123
12/01/2006,BGR,ME,ANE,EN,Combined TRACON& Tower with Radar,13,56,35,24,128,0,0,0,0,0,13,56,35,24,128,0,0,0,128
12/02/2006,BGR,ME,ANE,EN,Combined TRACON& Tower with Radar,13,42,20,22,97,0,0,7,14,21,13,42,27,36,118,2,8,10,128
12/03/2006,BGR,ME,ANE,EN,Combined TRACON& Tower with Radar,19,41,33,17,110,0,0,30,0,30,19,41,63,17,140,19,12,31,171
12/04/2006,BGR,ME,ANE,EN,Combined TRACON& Tower with Radar,3,46,19,23,91,0,3,4,2,9,3,49,23,25,100,0,6,6,106
12/05/2006,BGR,ME,ANE,EN,Combined TRACON& Tower with Radar,3,46,19,23,91,0,3,4,2,9,3,49,23,25,100,0,6,6,106
12/06/2006,BGR,ME,ANE,EN,Combined TRACON& Tower with Radar,9,45,20,42,116,0,3,18,25,46,9,48,38,67,162,10,100,110,272
12/07/2006,BGR,ME,ANE,EN,Combined TRACON& Tower with Radar,5,51,32,26,114,0,1,15,9,25,5,52,47,35,139,22,2,24,163
12/08/2006,BGR,ME,ANE,EN,Combined TRACON& Tower with Radar,8,55,21,12,96,0,1,7,0,8,8,56,28,12,104,4,2,6,110
12/09/2006,BGR,ME,ANE,EN,Combined TRACON& Tower with Radar,7,40,16,1,64,0,0,19,0,19,7,40,35,1,83,6,12,18,101
12/10/2006,BGR,ME,ANE,EN,Combined TRACON& Tower with Radar,5,36,19,4,64,0,2,12,0,14,5,38,31,4,78,43,8,51,129
12/11/2006,BGR,ME,ANE,EN,Combined TRACON& Tower with Radar,3,51,28,34,116,0,1,13,1,15,3,52,41,35,131,9,16,25,156
12/12/2006,BGR,ME,ANE,EN,Combined TRACON& Tower with Radar,17,59,18,31,125,0,2,27,7,36,17,61,45,38,161,88,65,153,314
12/13/2006,BGR,ME,ANE,EN,Combined TRACON& Tower with Radar,10,59,23,42,134,0,0,1,8,9,10,59,24,50,143,17,0,17,160
12/14/2006,BGR,ME,ANE,EN,Combined TRACON& Tower with Radar,12,61,35,24,132,0,0,9,6,15,12,61,44,30,147,29,9,38,185
12/15/2006,BGR,ME,ANE,EN,Combined TRACON& Tower with Radar,10,56,18,17,101,0,0,0,0,0,10,56,18,17,101,0,0,0,101
12/16/2006,BGR,ME,ANE,EN,Combined TRACON& Tower with Radar,13,48,21,15,97,0,0,12,7,19,13,48,33,22,116,9,6,15,131
12/17/2006,BGR,ME,ANE,EN,Combined TRACON& Tower with Radar,17,40,25,6,88,0,0,10,0,10,17,40,35,6,98,49,2,51,149
12/18/2006,BGR,ME,ANE,EN,Combined TRACON& Tower with Radar,6,44,23,14,87,0,2,26,8,36,6,46,49,22,123,20,21,41,164
12/19/2006,BGR,ME,ANE,EN,Combined TRACON& Tower with Radar,11,71,26,27,135,0,3,22,4,29,11,74,48,31,164,15,40,55,219
12/20/2006,BGR,ME,ANE,EN,Combined TRACON& Tower with Radar,9,61,32,36,138,0,11,50,19,80,9,72,82,55,218,42,24,66,284
12/21/2006,BGR,ME,ANE,EN,Combined TRACON& Tower with Radar,9,60,17,36,122,0,4,32,2,38,9,64,49,38,160,25,94,119,279
12/22/2006,BGR,ME,ANE,EN,Combined TRACON& Tower with Radar,7,67,24,19,117,0,3,37,4,44,7,70,61,23,161,23,77,100,261
12/23/2006,BGR,ME,ANE,EN,Combined TRACON& Tower with Radar,13,49,10,3,75,0,0,1,10,11,13,49,11,13,86,0,0,0,86
12/24/2006,BGR,ME,ANE,EN,Combined TRACON& Tower with Radar,7,32,3,2,44,0,1,6,0,7,7,33,9,2,51,3,2,5,56
12/25/2006,BGR,ME,ANE,EN,Combined TRACON& Tower with Radar,3,31,10,0,44,0,0,3,0,3,3,31,13,0,47,1,0,1,48
12/26/2006,BGR,ME,ANE,EN,Combined TRACON& Tower with Radar,3,50,6,0,59,0,1,0,0,1,3,51,6,0,60,0,0,0,60
12/27/2006,BGR,ME,ANE,EN,Combined TRACON& Tower with Radar,11,53,14,29,107,0,2,7,3,12,11,55,21,32,119,24,66,90,209
12/28/2006,BGR,ME,ANE,EN,Combined TRACON& Tower with Radar,5,56,13,40,114,0,2,19,1,22,5,58,32,41,136,15,66,81,217
12/29/2006,BGR,ME,ANE,EN,Combined TRACON& Tower with Radar,10,48,9,16,83,0,5,15,2,22,10,53,24,18,105,5,13,18,123
12/30/2006,BGR,ME,ANE,EN,Combined TRACON& Tower with Radar,7,44,13,6,70,0,0,4,0,4,7,44,17,6,74,1,1,2,76
12/31/2006,BGR,ME,ANE,EN,Combined TRACON& Tower with Radar,10,32,4,2,48,0,0,9,0,9,10,32,13,2,57,9,0,9,66
01/01/2007,BGR,ME,ANE,EN,Combined TRACON& Tower with Radar,4,27,6,3,40,0,0,1,0,1,4,27,7,3,41,0,0,0,41
01/02/2007,BGR,ME,ANE,EN,Combined TRACON& Tower with Radar,18,49,17,7,91,0,0,8,0,8,18,49,25,7,99,1,1,2,101
01/03/2007,BGR,ME,ANE,EN,Combined TRACON& Tower with Radar,14,51,7,54,126,0,4,12,3,19,14,55,19,57,145,14,38,52,197
01/04/2007,BGR,ME,ANE,EN,Combined TRACON& Tower with Radar,10,51,22,27,110,0,2,27,7,36,10,53,49,34,146,40,64,104,250
01/05/2007,BGR,ME,ANE,EN,Combined TRACON& Tower with Radar,9,54,19,44,126,0,2,3,2,7,9,56,22,46,133,0,4,4,137
01/06/2007,BGR,ME,ANE,EN,Combined TRACON& Tower with Radar,19,46,14,26,105,0,0,0,0,0,19,46,14,26,105,0,0,0,105
01/07/2007,BGR,ME,ANE,EN,Combined TRACON& Tower with Radar,11,45,18,7,81,0,1,12,9,22,11,46,30,16,103,5,7,12,115
01/08/2007,BGR,ME,ANE,EN,Combined TRACON& Tower with Radar,8,50,13,24,95,0,10,3,0,13,8,60,16,24,108,6,0,6,114
01/09/2007,BGR,ME,ANE,EN,Combined TRACON& Tower with Radar,6,48,11,45,110,0,4,15,4,23,6,52,26,49,133,13,46,59,192
01/10/2007,BGR,ME,ANE,EN,Combined TRACON& Tower with Radar,9,53,27,57,146,0,9,5,14,28,9,62,32,71,174,8,73,81,255
01/11/2007,BGR,ME,ANE,EN,Combined TRACON& Tower with Radar,10,50,22,40,122,0,3,16,8,27,10,53,38,48,149,3,21,24,173
01/12/2007,BGR,ME,ANE,EN,Combined TRACON& Tower with Radar,9,59,16,42,126,0,5,17,6,28,9,64,33,48,154,33,33,66,220
01/13/2007,BGR,ME,ANE,EN,Combined TRACON& Tower with Radar,11,40,25,14,90,0,1,5,1,7,11,41,30,15,97,2,1,3,100
01/14/2007,BGR,ME,ANE,EN,Combined TRACON& Tower with Radar,9,38,13,4,64,0,0,2,0,2,9,38,15,4,66,0,0,0,66
01/15/2007,BGR,ME,ANE,EN,Combined TRACON& Tower with Radar,7,29,8,0,44,0,3,2,0,5,7,32,10,0,49,0,0,0,49
01/16/2007,BGR,ME,ANE,EN,Combined TRACON& Tower with Radar,8,54,17,19,98,0,2,3,10,15,8,56,20,29,113,0,10,10,123
01/17/2007,BGR,ME,ANE,EN,Combined TRACON& Tower with Radar,6,52,25,18,101,0,2,9,2,13,6,54,34,20,114,33,10,43,157
01/18/2007,BGR,ME,ANE,EN,Combined TRACON& Tower with Radar,22,49,28,33,132,0,2,9,16,27,22,51,37,49,159,4,89,93,252
01/19/2007,BGR,ME,ANE,EN,Combined TRACON& Tower with Radar,8,47,13,5,73,0,2,1,0,3,8,49,14,5,76,2,0,2,78
01/20/2007,BGR,ME,ANE,EN,Combined TRACON& Tower with Radar,10,33,9,14,66,0,0,5,1,6,10,33,14,15,72,7,2,9,81
01/21/2007,BGR,ME,ANE,EN,Combined TRACON& Tower with Radar,8,38,10,9,65,0,1,4,0,5,8,39,14,9,70,0,0,0,70
01/22/2007,BGR,ME,ANE,EN,Combined TRACON& Tower with Radar,7,43,16,14,80,0,0,11,0,11,7,43,27,14,91,3,5,8,99
01/23/2007,BGR,ME,ANE,EN,Combined TRACON& Tower with Radar,7,53,17,30,107,0,2,9,3,14,7,55,26,33,121,15,42,57,178
01/24/2007,BGR,ME,ANE,EN,Combined TRACON& Tower with Radar,11,60,33,26,130,0,2,7,18,27,11,62,40,44,157,3,45,48,205
01/25/2007,BGR,ME,ANE,EN,Combined TRACON& Tower with Radar,10,61,21,24,116,0,2,9,7,18,10,63,30,31,134,2,23,25,159
01/26/2007,BGR,ME,ANE,EN,Combined TRACON& Tower with Radar,5,54,28,22,109,0,3,8,5,16,5,57,36,27,125,2,2,4,129
01/27/2007,BGR,ME,ANE,EN,Combined TRACON& Tower with Radar,15,33,25,5,78,0,2,18,0,20,15,35,43,5,98,24,5,29,127
01/28/2007,BGR,ME,ANE,EN,Combined TRACON& Tower with Radar,9,35,18,9,71,0,2,15,0,17,9,37,33,9,88,20,3,23,111
01/29/2007,BGR,ME,ANE,EN,Combined TRACON& Tower with Radar,10,39,8,24,81,0,5,9,6,20,10,44,17,30,101,17,27,44,145
01/30/2007,BGR,ME,ANE,EN,Combined TRACON& Tower with Radar,12,57,28,33,130,0,2,24,6,32,12,59,52,39,162,17,79,96,258
01/31/2007,BGR,ME,ANE,EN,Combined TRACON& Tower with Radar,7,50,19,9,85,0,3,27,5,35,7,53,46,14,120,8,5,13,133
02/01/2007,BGR,ME,ANE,EN,Combined TRACON& Tower with Radar,3,49,37,26,115,0,2,7,3,12,3,51,44,29,127,1,7,8,135
02/02/2007,BGR,ME,ANE,EN,Combined TRACON& Tower with Radar,9,61,13,51,134,0,2,10,0,12,9,63,23,51,146,15,3,18,164
02/03/2007,BGR,ME,ANE,EN,Combined TRACON& Tower with Radar,10,33,9,1,53,0,2,3,5,10,10,35,12,6,63,3,0,3,66
02/04/2007,BGR,ME,ANE,EN,Combined TRACON& Tower with Radar,11,31,8,5,55,0,0,10,0,10,11,31,18,5,65,1,0,1,66
02/05/2007,BGR,ME,ANE,EN,Combined TRACON& Tower with Radar,4,38,16,21,79,0,3,3,0,6,4,41,19,21,85,0,18,18,103
02/06/2007,BGR,ME,ANE,EN,Combined TRACON& Tower with Radar,7,56,18,36,117,0,2,14,4,20,7,58,32,40,137,6,11,17,154
02/07/2007,BGR,ME,ANE,EN,Combined TRACON& Tower with Radar,12,46,8,27,93,0,2,11,6,19,12,48,19,33,112,34,9,43,155
02/08/2007,BGR,ME,ANE,EN,Combined TRACON& Tower with Radar,9,51,19,61,140,0,2,10,1,13,9,53,29,62,153,1,130,131,284
02/09/2007,BGR,ME,ANE,EN,Combined TRACON& Tower with Radar,18,54,31,41,144,0,4,17,7,28,18,58,48,48,172,2,98,100,272
02/10/2007,BGR,ME,ANE,EN,Combined TRACON& Tower with Radar,17,43,11,12,83,0,0,10,0,10,17,43,21,12,93,35,9,44,137
02/11/2007,BGR,ME,ANE,EN,Combined TRACON& Tower with Radar,4,42,10,3,59,0,1,23,2,26,4,43,33,5,85,39,2,41,126
02/12/2007,BGR,ME,ANE,EN,Combined TRACON& Tower with Radar,7,50,28,39,124,0,7,15,8,30,7,57,43,47,154,3,77,80,234
02/13/2007,BGR,ME,ANE,EN,Combined TRACON& Tower with Radar,11,50,15,23,99,0,6,27,7,40,11,56,42,30,139,4,46,50,189
02/14/2007,BGR,ME,ANE,EN,Combined TRACON& Tower with Radar,3,16,4,2,25,0,0,0,0,0,3,16,4,2,25,0,0,0,25
02/15/2007,BGR,ME,ANE,EN,Combined TRACON& Tower with Radar,6,52,18,4,80,0,2,1,3,6,6,54,19,7,86,0,0,0,86
02/16/2007,BGR,ME,ANE,EN,Combined TRACON& Tower with Radar,6,52,25,14,97,0,2,13,2,17,6,54,38,16,114,4,34,38,152
02/17/2007,BGR,ME,ANE,EN,Combined TRACON& Tower with Radar,12,48,22,10,92,0,2,20,2,24,12,50,42,12,116,29,3,32,148
02/18/2007,BGR,ME,ANE,EN,Combined TRACON& Tower with Radar,9,39,13,5,66,0,1,1,0,2,9,40,14,5,68,7,1,8,76
02/19/2007,BGR,ME,ANE,EN,Combined TRACON& Tower with Radar,10,49,3,6,68,0,1,0,0,1,10,50,3,6,69,0,0,0,69
02/20/2007,BGR,ME,ANE,EN,Combined TRACON& Tower with Radar,8,50,13,60,131,0,4,12,10,26,8,54,25,70,157,17,67,84,241
02/21/2007,BGR,ME,ANE,EN,Combined TRACON& Tower with Radar,11,57,18,47,133,0,8,21,25,54,11,65,39,72,187,84,58,142,329
02/22/2007,BGR,ME,ANE,EN,Combined TRACON& Tower with Radar,5,53,20,22,100,0,2,20,8,30,5,55,40,30,130,33,99,132,262
02/23/2007,BGR,ME,ANE,EN,Combined TRACON& Tower with Radar,17,51,11,17,96,0,5,12,6,23,17,56,23,23,119,41,2,43,162
02/24/2007,BGR,ME,ANE,EN,Combined TRACON& Tower with Radar,17,44,22,8,91,0,2,9,0,11,17,46,31,8,102,6,3,9,111
02/25/2007,BGR,ME,ANE,EN,Combined TRACON& Tower with Radar,12,40,24,17,93,0,1,34,0,35,12,41,58,17,128,27,21,48,176
02/26/2007,BGR,ME,ANE,EN,Combined TRACON& Tower with Radar,11,47,18,32,108,0,2,10,3,15,11,49,28,35,123,6,73,79,202
02/27/2007,BGR,ME,ANE,EN,Combined TRACON& Tower with Radar,14,54,23,34,125,0,3,13,6,22,14,57,36,40,147,19,86,105,252
02/28/2007,BGR,ME,ANE,EN,Combined TRACON& Tower with Radar,6,51,28,26,111,0,2,21,13,36,6,53,49,39,147,14,25,39,186
03/01/2007,BGR,ME,ANE,EN,Combined TRACON& Tower with Radar,7,52,17,21,97,0,3,16,6,25,7,55,33,27,122,53,63,116,238
03/02/2007,BGR,ME,ANE,EN,Combined TRACON& Tower with Radar,3,38,5,1,47,0,0,0,0,0,3,38,5,1,47,0,0,0,47
03/03/2007,BGR,ME,ANE,EN,Combined TRACON& Tower with Radar,9,31,23,5,68,0,0,6,13,19,9,31,29,18,87,7,1,8,95
03/04/2007,BGR,ME,ANE,EN,Combined TRACON& Tower with Radar,10,33,13,3,59,0,0,3,15,18,10,33,16,18,77,5,7,12,89
03/05/2007,BGR,ME,ANE,EN,Combined TRACON& Tower with Radar,9,46,12,25,92,0,2,5,1,8,9,48,17,26,100,15,33,48,148
03/06/2007,BGR,ME,ANE,EN,Combined TRACON& Tower with Radar,9,58,20,6,93,0,3,7,1,11,9,61,27,7,104,10,8,18,122
03/07/2007,BGR,ME,ANE,EN,Combined TRACON& Tower with Radar,10,50,13,29,102,0,3,17,1,21,10,53,30,30,123,25,21,46,169
03/08/2007,BGR,ME,ANE,EN,Combined TRACON& Tower with Radar,15,55,21,48,139,0,1,5,6,12,15,56,26,54,151,5,57,62,213
03/09/2007,BGR,ME,ANE,EN,Combined TRACON& Tower with Radar,1,53,27,24,105,0,3,26,3,32,1,56,53,27,137,36,6,42,179
03/10/2007,BGR,ME,ANE,EN,Combined TRACON& Tower with Radar,9,40,24,3,76,0,2,11,3,16,9,42,35,6,92,0,0,0,92
03/11/2007,BGR,ME,ANE,EN,Combined TRACON& Tower with Radar,3,35,14,2,54,0,1,7,0,8,3,36,21,2,62,23,1,24,86
03/12/2007,BGR,ME,ANE,EN,Combined TRACON& Tower with Radar,17,46,27,24,114,0,2,14,2,18,17,48,41,26,132,2,12,14,146
03/13/2007,BGR,ME,ANE,EN,Combined TRACON& Tower with Radar,7,48,25,28,108,0,1,14,16,31,7,49,39,44,139,30,34,64,203
03/14/2007,BGR,ME,ANE,EN,Combined TRACON& Tower with Radar,6,41,24,22,93,0,2,5,0,7,6,43,29,22,100,4,36,40,140
03/15/2007,BGR,ME,ANE,EN,Combined TRACON& Tower with Radar,12,55,30,15,112,0,3,2,0,5,12,58,32,15,117,0,0,0,117
03/16/2007,BGR,ME,ANE,EN,Combined TRACON& Tower with Radar,18,38,21,11,88,0,0,5,8,13,18,38,26,19,101,0,20,20,121
03/17/2007,BGR,ME,ANE,EN,Combined TRACON& Tower with Radar,11,21,6,2,40,0,0,0,0,0,11,21,6,2,40,0,0,0,40
03/18/2007,BGR,ME,ANE,EN,Combined TRACON& Tower with Radar,9,37,18,6,70,0,0,4,0,4,9,37,22,6,74,0,0,0,74
03/19/2007,BGR,ME,ANE,EN,Combined TRACON& Tower with Radar,1,45,26,27,99,0,1,15,1,17,1,46,41,28,116,19,17,36,152
03/20/2007,BGR,ME,ANE,EN,Combined TRACON& Tower with Radar,8,49,39,22,118,0,2,5,4,11,8,51,44,26,129,5,27,32,161
03/21/2007,BGR,ME,ANE,EN,Combined TRACON& Tower with Radar,9,47,32,28,116,0,3,24,18,45,9,50,56,46,161,35,35,70,231
03/22/2007,BGR,ME,ANE,EN,Combined TRACON& Tower with Radar,9,51,19,16,95,0,5,4,0,9,9,56,23,16,104,18,34,52,156
03/23/2007,BGR,ME,ANE,EN,Combined TRACON& Tower with Radar,7,47,25,24,103,0,4,17,3,24,7,51,42,27,127,11,41,52,179
03/24/2007,BGR,ME,ANE,EN,Combined TRACON& Tower with Radar,9,39,27,13,88,0,1,62,0,63,9,40,89,13,151,130,14,144,295
03/25/2007,BGR,ME,ANE,EN,Combined TRACON& Tower with Radar,9,35,27,4,75,0,2,6,0,8,9,37,33,4,83,1,1,2,85
03/26/2007,BGR,ME,ANE,EN,Combined TRACON& Tower with Radar,7,46,12,43,108,0,0,11,9,20,7,46,23,52,128,8,44,52,180
03/27/2007,BGR,ME,ANE,EN,Combined TRACON& Tower with Radar,4,54,23,33,114,0,1,3,0,4,4,55,26,33,118,6,7,13,131
03/28/2007,BGR,ME,ANE,EN,Combined TRACON& Tower with Radar,10,60,23,45,138,0,1,19,5,25,10,61,42,50,163,37,57,94,257
03/29/2007,BGR,ME,ANE,EN,Combined TRACON& Tower with Radar,9,55,22,26,112,0,5,6,6,17,9,60,28,32,129,5,9,14,143
03/30/2007,BGR,ME,ANE,EN,Combined TRACON& Tower with Radar,14,56,38,39,147,0,2,23,15,40,14,58,61,54,187,70,50,120,307
03/31/2007,BGR,ME,ANE,EN,Combined TRACON& Tower with Radar,12,44,39,26,121,0,3,32,16,51,12,47,71,42,172,96,36,132,304
04/01/2007,BGR,ME,ANE,EN,Combined TRACON& Tower with Radar,12,39,25,30,106,0,1,52,5,58,12,40,77,35,164,42,17,59,223
04/02/2007,BGR,ME,ANE,EN,Combined TRACON& Tower with Radar,9,47,19,17,92,0,0,1,0,1,9,47,20,17,93,0,0,0,93
04/03/2007,BGR,ME,ANE,EN,Combined TRACON& Tower with Radar,13,52,20,20,105,0,0,4,0,4,13,52,24,20,109,0,6,6,115
04/04/2007,BGR,ME,ANE,EN,Combined TRACON& Tower with Radar,8,58,18,48,132,0,0,3,9,12,8,58,21,57,144,9,53,62,206
04/05/2007,BGR,ME,ANE,EN,Combined TRACON& Tower with Radar,4,54,17,2,77,0,0,0,0,0,4,54,17,2,77,0,0,0,77
04/06/2007,BGR,ME,ANE,EN,Combined TRACON& Tower with Radar,19,61,18,18,116,0,5,14,8,27,19,66,32,26,143,7,7,14,157
04/07/2007,BGR,ME,ANE,EN,Combined TRACON& Tower with Radar,8,39,14,6,67,0,0,3,0,3,8,39,17,6,70,5,5,10,80
04/08/2007,BGR,ME,ANE,EN,Combined TRACON& Tower with Radar,17,44,15,5,81,0,2,2,0,4,17,46,17,5,85,0,0,0,85
04/09/2007,BGR,ME,ANE,EN,Combined TRACON& Tower with Radar,3,44,8,39,94,0,2,10,9,21,3,46,18,48,115,9,43,52,167
04/10/2007,BGR,ME,ANE,EN,Combined TRACON& Tower with Radar,14,50,27,31,122,0,2,16,16,34,14,52,43,47,156,11,45,56,212
04/11/2007,BGR,ME,ANE,EN,Combined TRACON& Tower with Radar,15,53,12,29,109,0,2,21,6,29,15,55,33,35,138,27,41,68,206
04/12/2007,BGR,ME,ANE,EN,Combined TRACON& Tower with Radar,6,48,26,38,118,0,0,11,16,27,6,48,37,54,145,19,51,70,215
04/13/2007,BGR,ME,ANE,EN,Combined TRACON& Tower with Radar,9,53,12,24,98,0,0,1,3,4,9,53,13,27,102,2,2,4,106
04/14/2007,BGR,ME,ANE,EN,Combined TRACON& Tower with Radar,10,40,20,9,79,0,0,18,0,18,10,40,38,9,97,38,26,64,161
04/15/2007,BGR,ME,ANE,EN,Combined TRACON& Tower with Radar,5,31,17,10,63,0,1,3,0,4,5,32,20,10,67,10,12,22,89
04/16/2007,BGR,ME,ANE,EN,Combined TRACON& Tower with Radar,2,30,7,0,39,0,0,0,0,0,2,30,7,0,39,0,0,0,39
04/17/2007,BGR,ME,ANE,EN,Combined TRACON& Tower with Radar,7,49,17,2,75,0,0,0,0,0,7,49,17,2,75,0,0,0,75
04/18/2007,BGR,ME,ANE,EN,Combined TRACON& Tower with Radar,6,52,22,12,92,0,2,4,12,18,6,54,26,24,110,1,1,2,112
04/19/2007,BGR,ME,ANE,EN,Combined TRACON& Tower with Radar,11,46,31,31,119,0,5,13,6,24,11,51,44,37,143,13,25,38,181
04/20/2007,BGR,ME,ANE,EN,Combined TRACON& Tower with Radar,6,52,34,13,105,0,2,34,13,49,6,54,68,26,154,50,37,87,241
04/21/2007,BGR,ME,ANE,EN,Combined TRACON& Tower with Radar,17,39,24,11,91,0,4,48,2,54,17,43,72,13,145,55,15,70,215
04/22/2007,BGR,ME,ANE,EN,Combined TRACON& Tower with Radar,14,37,23,7,81,0,1,26,0,27,14,38,49,7,108,48,6,54,162
04/23/2007,BGR,ME,ANE,EN,Combined TRACON& Tower with Radar,3,47,16,27,93,0,5,15,0,20,3,52,31,27,113,14,36,50,163
04/24/2007,BGR,ME,ANE,EN,Combined TRACON& Tower with Radar,6,53,21,26,106,0,2,18,9,29,6,55,39,35,135,11,46,57,192
04/25/2007,BGR,ME,ANE,EN,Combined TRACON& Tower with Radar,7,50,40,51,148,0,4,26,3,33,7,54,66,54,181,32,78,110,291
04/26/2007,BGR,ME,ANE,EN,Combined TRACON& Tower with Radar,6,57,30,35,128,0,3,20,6,29,6,60,50,41,157,73,39,112,269
04/27/2007,BGR,ME,ANE,EN,Combined TRACON& Tower with Radar,15,70,30,45,160,0,0,1,2,3,15,70,31,47,163,2,4,6,169
04/28/2007,BGR,ME,ANE,EN,Combined TRACON& Tower with Radar,11,37,27,12,87,0,0,4,2,6,11,37,31,14,93,4,4,8,101
04/29/2007,BGR,ME,ANE,EN,Combined TRACON& Tower with Radar,13,34,21,5,73,0,0,0,0,0,13,34,21,5,73,0,0,0,73
04/30/2007,BGR,ME,ANE,EN,Combined TRACON& Tower with Radar,3,42,22,13,80,0,0,0,0,0,3,42,22,13,80,0,0,0,80
05/01/2007,BGR,ME,ANE,EN,Combined TRACON& Tower with Radar,6,51,42,24,123,0,4,15,3,22,6,55,57,27,145,19,25,44,189
05/02/2007,BGR,ME,ANE,EN,Combined TRACON& Tower with Radar,11,58,17,37,123,0,2,22,3,27,11,60,39,40,150,30,18,48,198
05/03/2007,BGR,ME,ANE,EN,Combined TRACON& Tower with Radar,11,60,22,31,124,0,4,13,1,18,11,64,35,32,142,10,14,24,166
05/04/2007,BGR,ME,ANE,EN,Combined TRACON& Tower with Radar,9,53,38,22,122,0,3,19,20,42,9,56,57,42,164,10,33,43,207
05/05/2007,BGR,ME,ANE,EN,Combined TRACON& Tower with Radar,18,42,20,2,82,0,5,27,0,32,18,47,47,2,114,33,13,46,160
05/06/2007,BGR,ME,ANE,EN,Combined TRACON& Tower with Radar,10,33,14,16,73,0,0,18,0,18,10,33,32,16,91,34,22,56,147
05/07/2007,BGR,ME,ANE,EN,Combined TRACON& Tower with Radar,4,42,12,20,78,0,3,15,4,22,4,45,27,24,100,9,9,18,118
05/08/2007,BGR,ME,ANE,EN,Combined TRACON& Tower with Radar,4,54,27,20,105,0,1,37,1,39,4,55,64,21,144,12,31,43,187
05/09/2007,BGR,ME,ANE,EN,Combined TRACON& Tower with Radar,9,58,27,29,123,0,7,36,24,67,9,65,63,53,190,115,127,242,432
05/10/2007,BGR,ME,ANE,EN,Combined TRACON& Tower with Radar,13,51,28,18,110,0,5,26,11,42,13,56,54,29,152,26,67,93,245
05/11/2007,BGR,ME,ANE,EN,Combined TRACON& Tower with Radar,13,66,37,20,136,0,0,6,0,6,13,66,43,20,142,0,0,0,142
05/12/2007,BGR,ME,ANE,EN,Combined TRACON& Tower with Radar,15,43,33,13,104,0,2,37,0,39,15,45,70,13,143,85,51,136,279
05/13/2007,BGR,ME,ANE,EN,Combined TRACON& Tower with Radar,11,36,22,1,70,0,4,15,0,19,11,40,37,1,89,29,9,38,127
05/14/2007,BGR,ME,ANE,EN,Combined TRACON& Tower with Radar,6,51,34,36,127,0,3,29,0,32,6,54,63,36,159,55,75,130,289
05/15/2007,BGR,ME,ANE,EN,Combined TRACON& Tower with Radar,8,56,27,46,137,0,0,4,3,7,8,56,31,49,144,10,12,22,166
05/16/2007,BGR,ME,ANE,EN,Combined TRACON& Tower with Radar,13,52,32,22,119,0,0,0,0,0,13,52,32,22,119,0,0,0,119
05/17/2007,BGR,ME,ANE,EN,Combined TRACON& Tower with Radar,9,56,40,32,137,0,0,5,3,8,9,56,45,35,145,21,18,39,184
05/18/2007,BGR,ME,ANE,EN,Combined TRACON& Tower with Radar,5,51,37,14,107,0,0,3,0,3,5,51,40,14,110,0,0,0,110
05/19/2007,BGR,ME,ANE,EN,Combined TRACON& Tower with Radar,7,34,18,19,78,0,0,0,0,0,7,34,18,19,78,0,0,0,78
05/20/2007,BGR,ME,ANE,EN,Combined TRACON& Tower with Radar,10,30,15,4,59,0,2,2,0,4,10,32,17,4,63,6,6,12,75
05/21/2007,BGR,ME,ANE,EN,Combined TRACON& Tower with Radar,6,47,36,28,117,0,1,14,10,25,6,48,50,38,142,14,22,36,178
05/22/2007,BGR,ME,ANE,EN,Combined TRACON& Tower with Radar,18,57,25,22,122,0,2,36,4,42,18,59,61,26,164,100,58,158,322
05/23/2007,BGR,ME,ANE,EN,Combined TRACON& Tower with Radar,11,63,34,35,143,0,4,25,27,56,11,67,59,62,199,111,69,180,379
05/24/2007,BGR,ME,ANE,EN,Combined TRACON& Tower with Radar,6,54,48,27,135,0,7,24,8,39,6,61,72,35,174,90,40,130,304
05/25/2007,BGR,ME,ANE,EN,Combined TRACON& Tower with Radar,8,54,30,13,105,8880,0,39,1,8920,8888,54,69,14,9025,22,28,50,9075
05/26/2007,BGR,ME,ANE,EN,Combined TRACON& Tower with Radar,18,49,30,1,98,0,2,32,1,35,18,51,62,2,133,73,25,98,231
05/27/2007,BGR,ME,ANE,EN,Combined TRACON& Tower with Radar,14,39,13,2,68,0,3,30,0,33,14,42,43,2,101,25,19,44,145
05/28/2007,BGR,ME,ANE,EN,Combined TRACON& Tower with Radar,12,43,16,16,87,0,2,15,6,23,12,45,31,22,110,13,37,50,160
05/29/2007,BGR,ME,ANE,EN,Combined TRACON& Tower with Radar,8,43,30,19,100,0,6,21,0,27,8,49,51,19,127,51,33,84,211
05/30/2007,BGR,ME,ANE,EN,Combined TRACON& Tower with Radar,8,64,39,22,133,0,2,17,5,24,8,66,56,27,157,56,24,80,237
05/31/2007,BGR,ME,ANE,EN,Combined TRACON& Tower with Radar,10,58,25,29,122,0,2,16,3,21,10,60,41,32,143,56,62,118,261
06/01/2007,BGR,ME,ANE,EN,Combined TRACON& Tower with Radar,11,42,29,5,87,0,3,12,1,16,11,45,41,6,103,24,0,24,127
06/02/2007,BGR,ME,ANE,EN,Combined TRACON& Tower with Radar,9,42,36,19,106,0,0,12,0,12,9,42,48,19,118,56,56,112,230
06/03/2007,BGR,ME,ANE,EN,Combined TRACON& Tower with Radar,14,30,36,15,95,0,0,4,2,6,14,30,40,17,101,0,0,0,101
06/04/2007,BGR,ME,ANE,EN,Combined TRACON& Tower with Radar,11,44,14,23,92,0,0,1,0,1,11,44,15,23,93,0,0,0,93
06/05/2007,BGR,ME,ANE,EN,Combined TRACON& Tower with Radar,14,62,37,28,141,0,1,2,7,10,14,63,39,35,151,3,21,24,175
06/06/2007,BGR,ME,ANE,EN,Combined TRACON& Tower with Radar,17,52,35,13,117,0,3,21,14,38,17,55,56,27,155,10,14,24,179
06/07/2007,BGR,ME,ANE,EN,Combined TRACON& Tower with Radar,16,54,30,35,135,0,2,45,18,65,16,56,75,53,200,47,61,108,308
06/08/2007,BGR,ME,ANE,EN,Combined TRACON& Tower with Radar,10,48,33,21,112,0,4,33,27,64,10,52,66,48,176,113,67,180,356
06/09/2007,BGR,ME,ANE,EN,Combined TRACON& Tower with Radar,11,49,39,16,115,0,10,26,21,57,11,59,65,37,172,35,53,88,260
06/10/2007,BGR,ME,ANE,EN,Combined TRACON& Tower with Radar,7,35,35,6,83,0,8,27,8,43,7,43,62,14,126,28,12,40,166
06/11/2007,BGR,ME,ANE,EN,Combined TRACON& Tower with Radar,6,50,40,26,122,0,4,14,10,28,6,54,54,36,150,36,46,82,232
06/12/2007,BGR,ME,ANE,EN,Combined TRACON& Tower with Radar,11,50,20,30,111,0,3,10,18,31,11,53,30,48,142,11,55,66,208
06/13/2007,BGR,ME,ANE,EN,Combined TRACON& Tower with Radar,16,58,42,29,145,0,6,16,12,34,16,64,58,41,179,35,21,56,235
06/14/2007,BGR,ME,ANE,EN,Combined TRACON& Tower with Radar,12,56,35,51,154,5,1,41,9,56,17,57,76,60,210,145,111,256,466
06/15/2007,BGR,ME,ANE,EN,Combined TRACON& Tower with Radar,18,55,33,15,121,0,4,33,7,44,18,59,66,22,165,37,50,87,252
06/16/2007,BGR,ME,ANE,EN,Combined TRACON& Tower with Radar,14,64,48,10,136,0,4,50,0,54,14,68,98,10,190,136,48,184,374
06/17/2007,BGR,ME,ANE,EN,Combined TRACON& Tower with Radar,13,39,31,7,90,0,1,18,0,19,13,40,49,7,109,47,7,54,163
06/18/2007,BGR,ME,ANE,EN,Combined TRACON& Tower with Radar,13,42,37,27,119,0,2,15,2,19,13,44,52,29,138,21,40,61,199
06/19/2007,BGR,ME,ANE,EN,Combined TRACON& Tower with Radar,19,48,28,34,129,0,6,39,5,50,19,54,67,39,179,27,43,70,249
06/20/2007,BGR,ME,ANE,EN,Combined TRACON& Tower with Radar,14,69,32,16,131,0,3,15,1,19,14,72,47,17,150,6,8,14,164
06/21/2007,BGR,ME,ANE,EN,Combined TRACON& Tower with Radar,17,59,35,12,123,0,2,82,4,88,17,61,117,16,211,38,76,114,325
06/22/2007,BGR,ME,ANE,EN,Combined TRACON& Tower with Radar,14,60,49,13,136,1,1,39,0,41,15,61,88,13,177,39,54,93,270
06/23/2007,BGR,ME,ANE,EN,Combined TRACON& Tower with Radar,8,58,36,12,114,0,4,26,0,30,8,62,62,12,144,74,26,100,244
06/24/2007,BGR,ME,ANE,EN,Combined TRACON& Tower with Radar,13,57,43,4,117,0,0,31,0,31,13,57,74,4,148,27,19,46,194
06/25/2007,BGR,ME,ANE,EN,Combined TRACON& Tower with Radar,14,41,57,40,152,0,8,81,1,90,14,49,138,41,242,17,75,92,334
06/26/2007,BGR,ME,ANE,EN,Combined TRACON& Tower with Radar,16,54,30,24,124,0,4,15,4,23,16,58,45,28,147,21,33,54,201
06/27/2007,BGR,ME,ANE,EN,Combined TRACON& Tower with Radar,11,60,26,15,112,0,2,24,4,30,11,62,50,19,142,28,22,50,192
06/28/2007,BGR,ME,ANE,EN,Combined TRACON& Tower with Radar,18,71,50,20,159,0,4,12,9,25,18,75,62,29,184,28,50,78,262
06/29/2007,BGR,ME,ANE,EN,Combined TRACON& Tower with Radar,9,61,47,9,126,0,6,33,3,42,9,67,80,12,168,22,24,46,214
06/30/2007,BGR,ME,ANE,EN,Combined TRACON& Tower with Radar,14,56,37,5,112,0,0,33,0,33,14,56,70,5,145,78,24,102,247
07/01/2007,BGR,ME,ANE,EN,Combined TRACON& Tower with Radar,17,50,39,5,111,0,1,28,0,29,17,51,67,5,140,37,23,60,200
07/02/2007,BGR,ME,ANE,EN,Combined TRACON& Tower with Radar,16,47,20,47,130,0,4,26,3,33,16,51,46,50,163,32,72,104,267
07/03/2007,BGR,ME,ANE,EN,Combined TRACON& Tower with Radar,24,51,34,33,142,0,2,53,12,67,24,53,87,45,209,71,87,158,367
07/04/2007,BGR,ME,ANE,EN,Combined TRACON& Tower with Radar,10,46,37,0,93,0,4,38,1,43,10,50,75,1,136,15,15,30,166
07/05/2007,BGR,ME,ANE,EN,Combined TRACON& Tower with Radar,9,57,35,19,120,0,1,1,0,2,9,58,36,19,122,0,0,0,122
07/06/2007,BGR,ME,ANE,EN,Combined TRACON& Tower with Radar,6,52,41,16,115,0,1,4,0,5,6,53,45,16,120,0,0,0,120
07/07/2007,BGR,ME,ANE,EN,Combined TRACON& Tower with Radar,11,57,28,10,106,0,0,25,0,25,11,57,53,10,131,56,18,74,205
07/08/2007,BGR,ME,ANE,EN,Combined TRACON& Tower with Radar,16,52,37,17,122,0,0,14,0,14,16,52,51,17,136,14,18,32,168
07/09/2007,BGR,ME,ANE,EN,Combined TRACON& Tower with Radar,17,48,48,31,144,0,0,13,0,13,17,48,61,31,157,10,52,62,219
07/10/2007,BGR,ME,ANE,EN,Combined TRACON& Tower with Radar,20,50,22,28,120,0,3,17,10,30,20,53,39,38,150,24,40,64,214
07/11/2007,BGR,ME,ANE,EN,Combined TRACON& Tower with Radar,16,72,41,19,148,0,0,0,0,0,16,72,41,19,148,0,0,0,148
07/12/2007,BGR,ME,ANE,EN,Combined TRACON& Tower with Radar,13,57,35,40,145,0,2,34,24,60,13,59,69,64,205,50,98,148,353
07/13/2007,BGR,ME,ANE,EN,Combined TRACON& Tower with Radar,15,58,47,20,140,0,2,37,9,48,15,60,84,29,188,16,40,56,244
07/14/2007,BGR,ME,ANE,EN,Combined TRACON& Tower with Radar,18,55,48,6,127,0,4,52,0,56,18,59,100,6,183,104,22,126,309
07/15/2007,BGR,ME,ANE,EN,Combined TRACON& Tower with Radar,15,48,39,10,112,0,0,8,0,8,15,48,47,10,120,13,5,18,138
07/16/2007,BGR,ME,ANE,EN,Combined TRACON& Tower with Radar,16,54,40,41,151,0,2,40,10,52,16,56,80,51,203,35,43,78,281
07/17/2007,BGR,ME,ANE,EN,Combined TRACON& Tower with Radar,16,57,30,51,154,0,3,41,11,55,16,60,71,62,209,28,68,96,305
07/18/2007,BGR,ME,ANE,EN,Combined TRACON& Tower with Radar,13,54,33,30,130,0,0,7,5,12,13,54,40,35,142,15,11,26,168
07/19/2007,BGR,ME,ANE,EN,Combined TRACON& Tower with Radar,14,53,36,33,136,0,0,1,0,1,14,53,37,33,137,1,1,2,139
07/20/2007,BGR,ME,ANE,EN,Combined TRACON& Tower with Radar,18,65,41,14,138,0,0,0,0,0,18,65,41,14,138,0,0,0,138
07/21/2007,BGR,ME,ANE,EN,Combined TRACON& Tower with Radar,5,49,29,5,88,0,0,36,0,36,5,49,65,5,124,23,13,36,160
07/22/2007,BGR,ME,ANE,EN,Combined TRACON& Tower with Radar,11,47,23,0,81,0,13,43,0,56,11,60,66,0,137,36,12,48,185
07/23/2007,BGR,ME,ANE,EN,Combined TRACON& Tower with Radar,15,53,32,14,114,0,2,23,0,25,15,55,55,14,139,18,26,44,183
07/24/2007,BGR,ME,ANE,EN,Combined TRACON& Tower with Radar,7,50,39,29,125,0,2,8,4,14,7,52,47,33,139,4,22,26,165
07/25/2007,BGR,ME,ANE,EN,Combined TRACON& Tower with Radar,11,69,39,35,154,0,3,42,27,72,11,72,81,62,226,94,113,207,433
07/26/2007,BGR,ME,ANE,EN,Combined TRACON& Tower with Radar,13,64,44,14,135,0,0,35,21,56,13,64,79,35,191,44,22,66,257
07/27/2007,BGR,ME,ANE,EN,Combined TRACON& Tower with Radar,12,52,31,36,131,0,5,38,16,59,12,57,69,52,190,18,38,56,246
07/28/2007,BGR,ME,ANE,EN,Combined TRACON& Tower with Radar,15,77,55,9,156,0,3,17,0,20,15,80,72,9,176,13,8,21,197
07/29/2007,BGR,ME,ANE,EN,Combined TRACON& Tower with Radar,14,51,41,7,113,0,0,16,0,16,14,51,57,7,129,4,4,8,137
07/30/2007,BGR,ME,ANE,EN,Combined TRACON& Tower with Radar,10,42,34,18,104,0,0,15,12,27,10,42,49,30,131,4,48,52,183
08/01/2007,BGR,ME,ANE,EN,Combined TRACON& Tower with Radar,12,56,36,19,123,0,5,34,17,56,12,61,70,36,179,36,23,59,238
08/04/2007,BGR,ME,ANE,EN,Combined TRACON& Tower with Radar,15,54,43,19,131,0,1,8,2,11,15,55,51,21,142,13,16,29,171
08/05/2007,BGR,ME,ANE,EN,Combined TRACON& Tower with Radar,13,53,23,13,102,0,4,48,1,53,13,57,71,14,155,66,30,96,251
08/06/2007,BGR,ME,ANE,EN,Combined TRACON& Tower with Radar,10,53,37,21,121,0,0,11,0,11,10,53,48,21,132,18,53,71,203
08/07/2007,BGR,ME,ANE,EN,Combined TRACON& Tower with Radar,14,56,27,29,126,0,3,15,15,33,14,59,42,44,159,19,25,44,203
08/08/2007,BGR,ME,ANE,EN,Combined TRACON& Tower with Radar,15,60,26,34,135,0,0,2,0,2,15,60,28,34,137,0,0,0,137
08/09/2007,BGR,ME,ANE,EN,Combined TRACON& Tower with Radar,14,57,33,23,127,0,10,42,17,69,14,67,75,40,196,74,74,148,344
08/10/2007,BGR,ME,ANE,EN,Combined TRACON& Tower with Radar,15,58,37,25,135,0,4,11,13,28,15,62,48,38,163,25,30,55,218
08/11/2007,BGR,ME,ANE,EN,Combined TRACON& Tower with Radar,13,78,36,15,142,0,0,35,12,47,13,78,71,27,189,87,55,142,331
08/12/2007,BGR,ME,ANE,EN,Combined TRACON& Tower with Radar,14,60,39,9,122,0,1,50,10,61,14,61,89,19,183,39,21,60,243
08/13/2007,BGR,ME,ANE,EN,Combined TRACON& Tower with Radar,11,49,25,20,105,0,1,13,6,20,11,50,38,26,125,17,35,52,177
08/14/2007,BGR,ME,ANE,EN,Combined TRACON& Tower with Radar,15,54,32,26,127,0,2,21,13,36,15,56,53,39,163,49,33,82,245
08/15/2007,BGR,ME,ANE,EN,Combined TRACON& Tower with Radar,12,51,33,57,153,0,7,23,14,44,12,58,56,71,197,59,85,144,341
08/16/2007,BGR,ME,ANE,EN,Combined TRACON& Tower with Radar,14,58,34,36,142,0,3,33,7,43,14,61,67,43,185,44,78,122,307
08/17/2007,BGR,ME,ANE,EN,Combined TRACON& Tower with Radar,18,65,37,32,152,0,0,47,5,52,18,65,84,37,204,69,35,104,308
08/18/2007,BGR,ME,ANE,EN,Combined TRACON& Tower with Radar,16,49,39,7,111,0,0,11,0,11,16,49,50,7,122,7,7,14,136
08/19/2007,BGR,ME,ANE,EN,Combined TRACON& Tower with Radar,0,0,0,0,0,13,44,64,4,125,13,44,64,4,125,26,16,42,167
08/20/2007,BGR,ME,ANE,EN,Combined TRACON& Tower with Radar,12,53,33,17,115,0,2,40,0,42,12,55,73,17,157,35,21,56,213
08/21/2007,BGR,ME,ANE,EN,Combined TRACON& Tower with Radar,21,52,23,25,121,0,13,28,14,55,21,65,51,39,176,65,26,91,267
08/22/2007,BGR,ME,ANE,EN,Combined TRACON& Tower with Radar,11,53,46,44,154,0,5,25,21,51,11,58,71,65,205,80,44,124,329
08/23/2007,BGR,ME,ANE,EN,Combined TRACON& Tower with Radar,19,59,33,40,151,0,1,23,6,30,19,60,56,46,181,78,66,144,325
08/24/2007,BGR,ME,ANE,EN,Combined TRACON& Tower with Radar,34,57,28,25,144,0,1,1,0,2,34,58,29,25,146,2,2,4,150
08/25/2007,BGR,ME,ANE,EN,Combined TRACON& Tower with Radar,12,58,16,3,89,0,2,13,0,15,12,60,29,3,104,24,18,42,146
08/26/2007,BGR,ME,ANE,EN,Combined TRACON& Tower with Radar,15,46,39,8,108,0,0,15,0,15,15,46,54,8,123,29,29,58,181
08/27/2007,BGR,ME,ANE,EN,Combined TRACON& Tower with Radar,11,46,37,20,114,0,1,31,20,52,11,47,68,40,166,29,71,100,266
08/28/2007,BGR,ME,ANE,EN,Combined TRACON& Tower with Radar,17,54,29,40,140,0,3,45,20,68,17,57,74,60,208,101,75,176,384
08/29/2007,BGR,ME,ANE,EN,Combined TRACON& Tower with Radar,16,50,32,37,135,0,4,36,24,64,16,54,68,61,199,24,56,80,279
08/30/2007,BGR,ME,ANE,EN,Combined TRACON& Tower with Radar,11,51,25,36,123,0,1,26,6,33,11,52,51,42,156,30,56,86,242
08/31/2007,BGR,ME,ANE,EN,Combined TRACON& Tower with Radar,12,52,51,16,131,0,0,5,0,5,12,52,56,16,136,3,3,6,142
09/01/2007,BGR,ME,ANE,EN,Combined TRACON& Tower with Radar,15,60,26,7,108,0,4,21,0,25,15,64,47,7,133,16,16,32,165
09/02/2007,BGR,ME,ANE,EN,Combined TRACON& Tower with Radar,18,40,30,12,100,0,1,34,6,41,18,41,64,18,141,29,27,56,197
09/03/2007,BGR,ME,ANE,EN,Combined TRACON& Tower with Radar,15,44,28,5,92,0,3,44,2,49,15,47,72,7,141,15,15,30,171
09/04/2007,BGR,ME,ANE,EN,Combined TRACON& Tower with Radar,18,42,33,15,108,0,6,25,15,46,18,48,58,30,154,14,32,46,200
09/05/2007,BGR,ME,ANE,EN,Combined TRACON& Tower with Radar,13,51,27,51,142,0,4,13,16,33,13,55,40,67,175,51,99,150,325
09/06/2007,BGR,ME,ANE,EN,Combined TRACON& Tower with Radar,13,53,33,43,142,0,8,28,14,50,13,61,61,57,192,22,34,56,248
09/07/2007,BGR,ME,ANE,EN,Combined TRACON& Tower with Radar,13,55,45,24,137,0,2,53,31,86,13,57,98,55,223,30,16,46,269
09/08/2007,BGR,ME,ANE,EN,Combined TRACON& Tower with Radar,18,48,32,42,140,0,5,29,5,39,18,53,61,47,179,53,71,124,303
09/10/2007,BGR,ME,ANE,EN,Combined TRACON& Tower with Radar,11,47,28,50,136,0,0,1,0,1,11,47,29,50,137,0,0,0,137
09/11/2007,BGR,ME,ANE,EN,Combined TRACON& Tower with Radar,19,57,24,23,123,0,0,0,0,0,19,57,24,23,123,0,0,0,123
09/12/2007,BGR,ME,ANE,EN,Combined TRACON& Tower with Radar,14,60,22,32,128,0,6,15,17,38,14,66,37,49,166,13,19,32,198
09/13/2007,BGR,ME,ANE,EN,Combined TRACON& Tower with Radar,13,48,45,27,133,0,2,17,14,33,13,50,62,41,166,75,39,114,280
09/14/2007,BGR,ME,ANE,EN,Combined TRACON& Tower with Radar,16,57,30,32,135,0,0,18,5,23,16,57,48,37,158,16,28,44,202
09/15/2007,BGR,ME,ANE,EN,Combined TRACON& Tower with Radar,12,48,23,15,98,0,0,0,0,0,12,48,23,15,98,2,2,4,102
09/16/2007,BGR,ME,ANE,EN,Combined TRACON& Tower with Radar,20,41,29,18,108,0,0,25,0,25,20,41,54,18,133,20,26,46,179
09/17/2007,BGR,ME,ANE,EN,Combined TRACON& Tower with Radar,10,45,28,36,119,0,4,14,1,19,10,49,42,37,138,16,54,70,208
09/18/2007,BGR,ME,ANE,EN,Combined TRACON& Tower with Radar,18,55,32,33,138,0,4,32,21,57,18,59,64,54,195,81,45,126,321
09/19/2007,BGR,ME,ANE,EN,Combined TRACON& Tower with Radar,20,49,29,54,152,0,0,29,27,56,20,49,58,81,208,10,50,60,268
09/20/2007,BGR,ME,ANE,EN,Combined TRACON& Tower with Radar,17,54,43,34,148,0,0,27,21,48,17,54,70,55,196,33,25,58,254
09/21/2007,BGR,ME,ANE,EN,Combined TRACON& Tower with Radar,14,52,50,39,155,0,4,31,12,47,14,56,81,51,202,7,41,48,250
09/22/2007,BGR,ME,ANE,EN,Combined TRACON& Tower with Radar,11,44,23,9,87,0,0,0,0,0,11,44,23,9,87,0,0,0,87
09/23/2007,BGR,ME,ANE,EN,Combined TRACON& Tower with Radar,16,35,28,5,84,0,0,22,1,23,16,35,50,6,107,48,39,87,194
09/24/2007,BGR,ME,ANE,EN,Combined TRACON& Tower with Radar,12,45,38,30,125,0,4,28,19,51,12,49,66,49,176,40,44,84,260
09/25/2007,BGR,ME,ANE,EN,Combined TRACON& Tower with Radar,16,48,23,22,109,0,2,34,21,57,16,50,57,43,166,45,17,62,228
09/26/2007,BGR,ME,ANE,EN,Combined TRACON& Tower with Radar,19,46,28,26,119,0,1,15,12,28,19,47,43,38,147,12,32,44,191
09/27/2007,BGR,ME,ANE,EN,Combined TRACON& Tower with Radar,14,58,42,25,139,0,2,4,0,6,14,60,46,25,145,27,27,54,199
09/28/2007,BGR,ME,ANE,EN,Combined TRACON& Tower with Radar,15,51,28,15,109,0,4,6,10,20,15,55,34,25,129,6,6,12,141
09/29/2007,BGR,ME,ANE,EN,Combined TRACON& Tower with Radar,16,37,19,10,82,0,0,23,0,23,16,37,42,10,105,36,16,52,157
09/30/2007,BGR,ME,ANE,EN,Combined TRACON& Tower with Radar,13,34,30,10,87,0,0,37,2,39,13,34,67,12,126,62,54,116,242
10/01/2007,BGR,ME,ANE,EN,Combined TRACON& Tower with Radar,18,41,26,12,97,0,4,11,2,17,18,45,37,14,114,23,65,88,202
10/02/2007,BGR,ME,ANE,EN,Combined TRACON& Tower with Radar,13,54,29,31,127,0,1,29,5,35,13,55,58,36,162,41,27,68,230
10/03/2007,BGR,ME,ANE,EN,Combined TRACON& Tower with Radar,13,65,36,24,138,0,1,3,0,4,13,66,39,24,142,4,2,6,148
10/04/2007,BGR,ME,ANE,EN,Combined TRACON& Tower with Radar,11,60,54,58,183,0,1,31,7,39,11,61,85,65,222,79,105,184,406
10/05/2007,BGR,ME,ANE,EN,Combined TRACON& Tower with Radar,14,49,30,22,115,0,1,40,1,42,14,50,70,23,157,34,20,54,211
10/06/2007,BGR,ME,ANE,EN,Combined TRACON& Tower with Radar,20,53,39,16,128,0,0,42,0,42,20,53,81,16,170,156,74,230,400
10/07/2007,BGR,ME,ANE,EN,Combined TRACON& Tower with Radar,6,41,24,7,78,0,0,14,0,14,6,41,38,7,92,12,8,20,112
10/08/2007,BGR,ME,ANE,EN,Combined TRACON& Tower with Radar,10,43,34,5,92,0,0,0,0,0,10,43,34,5,92,17,9,26,118
10/09/2007,BGR,ME,ANE,EN,Combined TRACON& Tower with Radar,12,45,34,25,116,0,1,18,17,36,12,46,52,42,152,86,78,164,316
10/10/2007,BGR,ME,ANE,EN,Combined TRACON& Tower with Radar,14,76,43,35,168,0,1,0,0,1,14,77,43,35,169,0,0,0,169
10/11/2007,BGR,ME,ANE,EN,Combined TRACON& Tower with Radar,7,50,36,37,130,0,1,5,0,6,7,51,41,37,136,3,19,22,158
10/12/2007,BGR,ME,ANE,EN,Combined TRACON& Tower with Radar,7,59,42,7,115,0,0,0,0,0,7,59,42,7,115,0,0,0,115
10/13/2007,BGR,ME,ANE,EN,Combined TRACON& Tower with Radar,13,44,25,9,91,0,1,19,5,25,13,45,44,14,116,17,17,34,150
10/14/2007,BGR,ME,ANE,EN,Combined TRACON& Tower with Radar,9,38,50,5,102,0,0,10,8,18,9,38,60,13,120,14,6,20,140
10/15/2007,BGR,ME,ANE,EN,Combined TRACON& Tower with Radar,8,50,27,35,120,0,3,14,0,17,8,53,41,35,137,26,48,74,211
10/16/2007,BGR,ME,ANE,EN,Combined TRACON& Tower with Radar,7,56,27,44,134,0,1,32,15,48,7,57,59,59,182,21,103,124,306
10/17/2007,BGR,ME,ANE,EN,Combined TRACON& Tower with Radar,13,60,51,13,137,0,8,46,31,85,13,68,97,44,222,86,54,140,362
10/18/2007,BGR,ME,ANE,EN,Combined TRACON& Tower with Radar,13,68,37,19,137,0,0,27,19,46,13,68,64,38,183,63,43,106,289
10/19/2007,BGR,ME,ANE,EN,Combined TRACON& Tower with Radar,14,70,47,26,157,0,0,0,0,0,14,70,47,26,157,0,0,0,157
10/20/2007,BGR,ME,ANE,EN,Combined TRACON& Tower with Radar,13,53,28,14,108,0,1,20,0,21,13,54,48,14,129,79,57,136,265
10/21/2007,BGR,ME,ANE,EN,Combined TRACON& Tower with Radar,9,37,20,13,79,0,0,30,8,38,9,37,50,21,117,32,36,68,185
10/22/2007,BGR,ME,ANE,EN,Combined TRACON& Tower with Radar,7,49,13,38,107,0,4,26,1,31,7,53,39,39,138,67,49,116,254
10/23/2007,BGR,ME,ANE,EN,Combined TRACON& Tower with Radar,7,59,31,40,137,0,1,3,1,5,7,60,34,41,142,1,41,42,184
10/24/2007,BGR,ME,ANE,EN,Combined TRACON& Tower with Radar,10,61,25,25,121,0,0,4,10,14,10,61,29,35,135,23,39,62,197
10/25/2007,BGR,ME,ANE,EN,Combined TRACON& Tower with Radar,8,52,17,47,124,0,2,18,12,32,8,54,35,59,156,46,86,132,288
10/26/2007,BGR,ME,ANE,EN,Combined TRACON& Tower with Radar,8,53,50,35,146,0,0,30,11,41,8,53,80,46,187,63,69,132,319
10/27/2007,BGR,ME,ANE,EN,Combined TRACON& Tower with Radar,12,41,21,11,85,0,0,0,0,0,12,41,21,11,85,0,0,0,85
10/28/2007,BGR,ME,ANE,EN,Combined TRACON& Tower with Radar,7,35,19,9,70,0,0,8,0,8,7,35,27,9,78,9,5,14,92
10/29/2007,BGR,ME,ANE,EN,Combined TRACON& Tower with Radar,8,50,19,39,116,0,0,14,2,16,8,50,33,41,132,22,58,80,212
10/30/2007,BGR,ME,ANE,EN,Combined TRACON& Tower with Radar,12,45,21,54,132,0,3,25,9,37,12,48,46,63,169,17,67,84,253
10/31/2007,BGR,ME,ANE,EN,Combined TRACON& Tower with Radar,9,59,38,47,153,0,2,26,9,37,9,61,64,56,190,30,60,90,280
11/01/2007,BGR,ME,ANE,EN,Combined TRACON& Tower with Radar,6,56,32,54,148,0,3,6,0,9,6,59,38,54,157,9,72,81,238
11/02/2007,BGR,ME,ANE,EN,Combined TRACON& Tower with Radar,7,57,25,42,131,0,3,31,2,36,7,60,56,44,167,36,83,119,286
11/03/2007,BGR,ME,ANE,EN,Combined TRACON& Tower with Radar,15,41,19,7,82,0,0,4,0,4,15,41,23,7,86,2,1,3,89
11/04/2007,BGR,ME,ANE,EN,Combined TRACON& Tower with Radar,9,40,22,6,77,0,0,12,0,12,9,40,34,6,89,1,1,2,91
11/05/2007,BGR,ME,ANE,EN,Combined TRACON& Tower with Radar,4,42,12,34,92,0,0,21,16,37,4,42,33,50,129,30,50,80,209
11/06/2007,BGR,ME,ANE,EN,Combined TRACON& Tower with Radar,10,54,22,22,108,0,1,2,2,5,10,55,24,24,113,2,1,3,116
11/07/2007,BGR,ME,ANE,EN,Combined TRACON& Tower with Radar,15,43,20,35,113,0,2,9,10,21,15,45,29,45,134,26,80,106,240
11/08/2007,BGR,ME,ANE,EN,Combined TRACON& Tower with Radar,10,61,27,40,138,0,1,32,10,43,10,62,59,50,181,68,100,168,349
11/09/2007,BGR,ME,ANE,EN,Combined TRACON& Tower with Radar,8,49,36,43,136,0,1,21,2,24,8,50,57,45,160,46,58,104,264
11/10/2007,BGR,ME,ANE,EN,Combined TRACON& Tower with Radar,12,35,21,4,72,0,0,6,0,6,12,35,27,4,78,5,5,10,88
11/11/2007,BGR,ME,ANE,EN,Combined TRACON& Tower with Radar,15,29,25,3,72,0,0,21,0,21,15,29,46,3,93,6,3,9,102
11/12/2007,BGR,ME,ANE,EN,Combined TRACON& Tower with Radar,6,40,18,7,71,0,0,24,2,26,6,40,42,9,97,40,8,48,145
11/13/2007,BGR,ME,ANE,EN,Combined TRACON& Tower with Radar,8,49,15,35,107,0,2,5,3,10,8,51,20,38,117,5,47,52,169
11/14/2007,BGR,ME,ANE,EN,Combined TRACON& Tower with Radar,8,44,22,25,99,0,4,13,4,21,8,48,35,29,120,12,36,48,168
11/15/2007,BGR,ME,ANE,EN,Combined TRACON& Tower with Radar,25,46,24,20,115,0,0,0,0,0,25,46,24,20,115,0,0,0,115
11/16/2007,BGR,ME,ANE,EN,Combined TRACON& Tower with Radar,6,53,23,1,83,0,2,1,0,3,6,55,24,1,86,0,0,0,86
11/17/2007,BGR,ME,ANE,EN,Combined TRACON& Tower with Radar,10,45,30,4,89,0,0,18,0,18,10,45,48,4,107,12,11,23,130
11/18/2007,BGR,ME,ANE,EN,Combined TRACON& Tower with Radar,9,31,18,10,68,0,0,29,0,29,9,31,47,10,97,4,9,13,110
11/19/2007,BGR,ME,ANE,EN,Combined TRACON& Tower with Radar,3,40,19,36,98,0,4,19,16,39,3,44,38,52,137,15,93,108,245
11/20/2007,BGR,ME,ANE,EN,Combined TRACON& Tower with Radar,10,51,29,9,99,0,0,3,0,3,10,51,32,9,102,9,25,34,136
11/21/2007,BGR,ME,ANE,EN,Combined TRACON& Tower with Radar,12,49,14,1,76,0,0,0,0,0,12,49,14,1,76,1,0,1,77
11/22/2007,BGR,ME,ANE,EN,Combined TRACON& Tower with Radar,1,27,6,1,35,0,0,0,0,0,1,27,6,1,35,0,0,0,35
11/23/2007,BGR,ME,ANE,EN,Combined TRACON& Tower with Radar,4,36,12,5,57,0,1,9,0,10,4,37,21,5,67,11,3,14,81
11/24/2007,BGR,ME,ANE,EN,Combined TRACON& Tower with Radar,4,33,11,8,56,0,0,20,0,20,4,33,31,8,76,13,11,24,100
11/25/2007,BGR,ME,ANE,EN,Combined TRACON& Tower with Radar,10,36,19,1,66,0,2,27,0,29,10,38,46,1,95,19,6,25,120
11/26/2007,BGR,ME,ANE,EN,Combined TRACON& Tower with Radar,5,40,19,14,78,0,0,10,0,10,5,40,29,14,88,15,15,30,118
11/27/2007,BGR,ME,ANE,EN,Combined TRACON& Tower with Radar,16,45,21,41,123,0,3,8,9,20,16,48,29,50,143,5,56,61,204
11/28/2007,BGR,ME,ANE,EN,Combined TRACON& Tower with Radar,17,51,20,23,111,0,1,10,20,31,17,52,30,43,142,7,52,59,201
11/29/2007,BGR,ME,ANE,EN,Combined TRACON& Tower with Radar,9,44,13,28,94,0,1,3,0,4,9,45,16,28,98,0,16,16,114
11/30/2007,BGR,ME,ANE,EN,Combined TRACON& Tower with Radar,11,44,25,11,91,0,2,30,10,42,11,46,55,21,133,31,25,56,189
12/01/2007,BGR,ME,ANE,EN,Combined TRACON& Tower with Radar,14,30,18,24,86,0,0,0,0,0,14,30,18,24,86,44,41,85,171
12/02/2007,BGR,ME,ANE,EN,Combined TRACON& Tower with Radar,11,32,30,4,77,0,1,25,1,27,11,33,55,5,104,33,19,52,156
12/03/2007,BGR,ME,ANE,EN,Combined TRACON& Tower with Radar,4,17,8,4,33,0,0,0,0,0,4,17,8,4,33,0,0,0,33
12/04/2007,BGR,ME,ANE,EN,Combined TRACON& Tower with Radar,9,45,15,7,76,0,0,0,0,0,9,45,15,7,76,5,1,6,82
12/05/2007,BGR,ME,ANE,EN,Combined TRACON& Tower with Radar,14,45,18,24,101,0,0,13,20,33,14,45,31,44,134,13,45,58,192
12/06/2007,BGR,ME,ANE,EN,Combined TRACON& Tower with Radar,11,46,32,28,117,0,3,18,11,32,11,49,50,39,149,35,78,113,262
12/07/2007,BGR,ME,ANE,EN,Combined TRACON& Tower with Radar,10,53,35,16,114,0,1,21,10,32,10,54,56,26,146,29,77,106,252
12/08/2007,BGR,ME,ANE,EN,Combined TRACON& Tower with Radar,22,68,30,17,137,0,0,39,5,44,22,68,69,22,181,113,7,120,301
12/09/2007,BGR,ME,ANE,EN,Combined TRACON& Tower with Radar,16,28,26,3,73,0,0,18,0,18,16,28,44,3,91,27,8,35,126
12/10/2007,BGR,ME,ANE,EN,Combined TRACON& Tower with Radar,10,40,12,22,84,0,3,9,0,12,10,43,21,22,96,16,9,25,121
12/11/2007,BGR,ME,ANE,EN,Combined TRACON& Tower with Radar,16,46,40,31,133,0,0,23,25,48,16,46,63,56,181,46,66,112,293
12/12/2007,BGR,ME,ANE,EN,Combined TRACON& Tower with Radar,16,45,20,30,111,0,1,13,8,22,16,46,33,38,133,27,54,81,214
12/13/2007,BGR,ME,ANE,EN,Combined TRACON& Tower with Radar,25,48,30,43,146,0,0,7,6,13,25,48,37,49,159,6,63,69,228
12/14/2007,BGR,ME,ANE,EN,Combined TRACON& Tower with Radar,19,37,31,13,100,0,0,4,5,9,19,37,35,18,109,7,1,8,117
12/15/2007,BGR,ME,ANE,EN,Combined TRACON& Tower with Radar,22,49,45,7,123,0,0,0,0,0,22,49,45,7,123,83,26,109,232
12/16/2007,BGR,ME,ANE,EN,Combined TRACON& Tower with Radar,9,8,4,4,25,0,0,0,0,0,9,8,4,4,25,0,0,0,25
12/17/2007,BGR,ME,ANE,EN,Combined TRACON& Tower with Radar,4,34,32,6,76,0,4,2,0,6,4,38,34,6,82,0,0,0,82
12/18/2007,BGR,ME,ANE,EN,Combined TRACON& Tower with Radar,15,48,21,33,117,0,2,27,20,49,15,50,48,53,166,27,80,107,273
12/19/2007,BGR,ME,ANE,EN,Combined TRACON& Tower with Radar,17,55,15,33,120,0,1,10,4,15,17,56,25,37,135,7,95,102,237
12/20/2007,BGR,ME,ANE,EN,Combined TRACON& Tower with Radar,13,47,14,7,81,0,0,1,0,1,13,47,15,7,82,0,0,0,82
12/21/2007,BGR,ME,ANE,EN,Combined TRACON& Tower with Radar,11,40,36,14,101,0,2,12,3,17,11,42,48,17,118,18,14,32,150
12/22/2007,BGR,ME,ANE,EN,Combined TRACON& Tower with Radar,18,44,25,3,90,0,0,14,0,14,18,44,39,3,104,56,5,61,165
12/23/2007,BGR,ME,ANE,EN,Combined TRACON& Tower with Radar,8,33,6,6,53,0,0,0,0,0,8,33,6,6,53,0,0,0,53
12/24/2007,BGR,ME,ANE,EN,Combined TRACON& Tower with Radar,13,28,6,7,54,0,4,4,0,8,13,32,10,7,62,6,4,10,72
12/25/2007,BGR,ME,ANE,EN,Combined TRACON& Tower with Radar,7,23,4,1,35,0,0,1,0,1,7,23,5,1,36,5,4,9,45
12/26/2007,BGR,ME,ANE,EN,Combined TRACON& Tower with Radar,8,42,15,22,87,0,1,14,2,17,8,43,29,24,104,45,38,83,187
12/27/2007,BGR,ME,ANE,EN,Combined TRACON& Tower with Radar,10,60,12,20,102,0,0,0,0,0,10,60,12,20,102,2,6,8,110
12/28/2007,BGR,ME,ANE,EN,Combined TRACON& Tower with Radar,6,48,17,20,91,0,0,5,1,6,6,48,22,21,97,3,24,27,124
12/29/2007,BGR,ME,ANE,EN,Combined TRACON& Tower with Radar,13,29,5,2,49,1,1,2,0,4,14,30,7,2,53,0,0,0,53
12/30/2007,BGR,ME,ANE,EN,Combined TRACON& Tower with Radar,13,24,15,5,57,0,0,23,0,23,13,24,38,5,80,16,20,36,116
12/31/2007,BGR,ME,ANE,EN,Combined TRACON& Tower with Radar,9,23,4,0,36,0,1,2,0,3,9,24,6,0,39,0,0,0,39
01/01/2008,BGR,ME,ANE,EN,Combined TRACON& Tower with Radar,7,18,5,0,30,0,0,0,0,0,7,18,5,0,30,2,2,4,34
01/02/2008,BGR,ME,ANE,EN,Combined TRACON& Tower with Radar,6,36,21,1,64,0,2,4,0,6,6,38,25,1,70,5,1,6,76
01/03/2008,BGR,ME,ANE,EN,Combined TRACON& Tower with Radar,11,40,21,44,116,0,3,14,3,20,11,43,35,47,136,15,84,99,235
01/04/2008,BGR,ME,ANE,EN,Combined TRACON& Tower with Radar,15,44,18,6,83,0,1,10,14,25,15,45,28,20,108,3,58,61,169
01/05/2008,BGR,ME,ANE,EN,Combined TRACON& Tower with Radar,15,25,19,27,86,0,1,17,20,38,15,26,36,47,124,30,29,59,183
01/06/2008,BGR,ME,ANE,EN,Combined TRACON& Tower with Radar,12,28,18,4,62,0,1,17,0,18,12,29,35,4,80,44,5,49,129
01/07/2008,BGR,ME,ANE,EN,Combined TRACON& Tower with Radar,9,43,13,19,84,0,3,8,11,22,9,46,21,30,106,10,14,24,130
01/08/2008,BGR,ME,ANE,EN,Combined TRACON& Tower with Radar,14,36,20,31,101,0,2,20,10,32,14,38,40,41,133,40,7,47,180
01/09/2008,BGR,ME,ANE,EN,Combined TRACON& Tower with Radar,25,38,11,4,78,0,2,1,0,3,25,40,12,4,81,0,0,0,81
01/10/2008,BGR,ME,ANE,EN,Combined TRACON& Tower with Radar,18,37,20,46,121,0,2,31,15,48,18,39,51,61,169,87,30,117,286
01/11/2008,BGR,ME,ANE,EN,Combined TRACON& Tower with Radar,15,32,9,9,65,0,0,1,3,4,15,32,10,12,69,0,0,0,69
01/12/2008,BGR,ME,ANE,EN,Combined TRACON& Tower with Radar,20,38,29,19,106,0,2,37,1,40,20,40,66,20,146,56,56,112,258
01/13/2008,BGR,ME,ANE,EN,Combined TRACON& Tower with Radar,11,20,19,8,58,0,1,27,7,35,11,21,46,15,93,29,7,36,129
01/14/2008,BGR,ME,ANE,EN,Combined TRACON& Tower with Radar,20,21,10,6,57,0,0,1,0,1,20,21,11,6,58,2,1,3,61
01/15/2008,BGR,ME,ANE,EN,Combined TRACON& Tower with Radar,15,37,37,22,111,0,3,6,1,10,15,40,43,23,121,10,49,59,180
01/16/2008,BGR,ME,ANE,EN,Combined TRACON& Tower with Radar,17,34,17,22,90,0,6,12,1,19,17,40,29,23,109,3,3,6,115
01/17/2008,BGR,ME,ANE,EN,Combined TRACON& Tower with Radar,16,41,17,41,115,0,1,28,3,32,16,42,45,44,147,24,117,141,288
01/18/2008,BGR,ME,ANE,EN,Combined TRACON& Tower with Radar,22,43,23,11,99,0,1,5,0,6,22,44,28,11,105,2,4,6,111
01/19/2008,BGR,ME,ANE,EN,Combined TRACON& Tower with Radar,18,29,16,11,74,0,9,28,5,42,18,38,44,16,116,79,12,91,207
01/20/2008,BGR,ME,ANE,EN,Combined TRACON& Tower with Radar,9,20,13,10,52,0,2,14,0,16,9,22,27,10,68,75,5,80,148
01/21/2008,BGR,ME,ANE,EN,Combined TRACON& Tower with Radar,15,26,17,7,65,0,2,6,0,8,15,28,23,7,73,36,1,37,110
01/22/2008,BGR,ME,ANE,EN,Combined TRACON& Tower with Radar,12,34,20,11,77,0,2,5,0,7,12,36,25,11,84,4,3,7,91
01/23/2008,BGR,ME,ANE,EN,Combined TRACON& Tower with Radar,16,45,28,30,119,0,1,21,1,23,16,46,49,31,142,42,109,151,293
01/24/2008,BGR,ME,ANE,EN,Combined TRACON& Tower with Radar,11,44,14,29,98,0,3,5,0,8,11,47,19,29,106,2,14,16,122
01/25/2008,BGR,ME,ANE,EN,Combined TRACON& Tower with Radar,15,43,31,49,138,0,7,33,5,45,15,50,64,54,183,22,96,118,301
01/26/2008,BGR,ME,ANE,EN,Combined TRACON& Tower with Radar,16,28,33,7,84,0,0,45,0,45,16,28,78,7,129,82,6,88,217
01/27/2008,BGR,ME,ANE,EN,Combined TRACON& Tower with Radar,13,23,23,9,68,0,0,26,0,26,13,23,49,9,94,36,14,50,144
01/28/2008,BGR,ME,ANE,EN,Combined TRACON& Tower with Radar,8,41,28,15,92,0,3,2,1,6,8,44,30,16,98,37,6,43,141
01/29/2008,BGR,ME,ANE,EN,Combined TRACON& Tower with Radar,16,34,26,41,117,0,1,9,4,14,16,35,35,45,131,6,61,67,198
01/30/2008,BGR,ME,ANE,EN,Combined TRACON& Tower with Radar,15,43,14,13,85,0,2,3,0,5,15,45,17,13,90,0,0,0,90
01/31/2008,BGR,ME,ANE,EN,Combined TRACON& Tower with Radar,20,34,25,32,111,0,2,21,1,24,20,36,46,33,135,11,55,66,201
02/01/2008,BGR,ME,ANE,EN,Combined TRACON& Tower with Radar,8,32,8,11,59,0,2,5,2,9,8,34,13,13,68,19,21,40,108
02/02/2008,BGR,ME,ANE,EN,Combined TRACON& Tower with Radar,10,33,22,3,68,0,0,4,0,4,10,33,26,3,72,2,1,3,75
02/03/2008,BGR,ME,ANE,EN,Combined TRACON& Tower with Radar,10,20,18,11,59,0,3,12,0,15,10,23,30,11,74,47,4,51,125
02/04/2008,BGR,ME,ANE,EN,Combined TRACON& Tower with Radar,15,32,25,26,98,0,3,27,3,33,15,35,52,29,131,57,30,87,218
02/05/2008,BGR,ME,ANE,EN,Combined TRACON& Tower with Radar,11,38,4,0,53,0,0,0,0,0,11,38,4,0,53,0,0,0,53
02/06/2008,BGR,ME,ANE,EN,Combined TRACON& Tower with Radar,14,39,17,4,74,0,1,2,1,4,14,40,19,5,78,0,0,0,78
02/07/2008,BGR,ME,ANE,EN,Combined TRACON& Tower with Radar,11,53,28,30,122,0,1,1,1,3,11,54,29,31,125,5,43,48,173
02/08/2008,BGR,ME,ANE,EN,Combined TRACON& Tower with Radar,15,44,20,3,82,0,0,2,1,3,15,44,22,4,85,0,0,0,85
02/09/2008,BGR,ME,ANE,EN,Combined TRACON& Tower with Radar,10,31,21,4,66,0,1,18,0,19,10,32,39,4,85,11,7,18,103
02/10/2008,BGR,ME,ANE,EN,Combined TRACON& Tower with Radar,8,21,16,2,47,0,0,0,0,0,8,21,16,2,47,0,0,0,47
02/11/2008,BGR,ME,ANE,EN,Combined TRACON& Tower with Radar,2,35,25,14,76,0,3,2,0,5,2,38,27,14,81,0,6,6,87
02/12/2008,BGR,ME,ANE,EN,Combined TRACON& Tower with Radar,12,38,30,16,96,0,6,22,4,32,12,44,52,20,128,20,72,92,220
02/13/2008,BGR,ME,ANE,EN,Combined TRACON& Tower with Radar,7,31,8,2,48,0,1,0,0,1,7,32,8,2,49,0,0,0,49
02/14/2008,BGR,ME,ANE,EN,Combined TRACON& Tower with Radar,9,32,14,10,65,0,6,9,0,15,9,38,23,10,80,0,48,48,128
02/15/2008,BGR,ME,ANE,EN,Combined TRACON& Tower with Radar,11,37,21,22,91,0,5,1,0,6,11,42,22,22,97,1,52,53,150
02/16/2008,BGR,ME,ANE,EN,Combined TRACON& Tower with Radar,14,29,15,5,63,0,6,24,0,30,14,35,39,5,93,49,17,66,159
02/17/2008,BGR,ME,ANE,EN,Combined TRACON& Tower with Radar,11,24,22,8,65,0,1,14,0,15,11,25,36,8,80,13,3,16,96
02/18/2008,BGR,ME,ANE,EN,Combined TRACON& Tower with Radar,6,20,4,0,30,0,0,0,0,0,6,20,4,0,30,0,0,0,30
02/19/2008,BGR,ME,ANE,EN,Combined TRACON& Tower with Radar,10,38,13,27,88,0,1,7,1,9,10,39,20,28,97,7,34,41,138
02/20/2008,BGR,ME,ANE,EN,Combined TRACON& Tower with Radar,8,44,15,30,97,0,1,9,0,10,8,45,24,30,107,16,26,42,149
02/21/2008,BGR,ME,ANE,EN,Combined TRACON& Tower with Radar,7,35,15,26,83,0,3,22,0,25,7,38,37,26,108,13,87,100,208
02/22/2008,BGR,ME,ANE,EN,Combined TRACON& Tower with Radar,13,37,29,50,129,0,0,21,1,22,13,37,50,51,151,81,75,156,307
02/23/2008,BGR,ME,ANE,EN,Combined TRACON& Tower with Radar,7,42,11,2,62,0,0,2,1,3,7,42,13,3,65,4,3,7,72
02/24/2008,BGR,ME,ANE,EN,Combined TRACON& Tower with Radar,7,22,25,5,59,0,3,33,2,38,7,25,58,7,97,49,8,57,154
02/25/2008,BGR,ME,ANE,EN,Combined TRACON& Tower with Radar,11,28,17,29,85,0,1,19,3,23,11,29,36,32,108,15,21,36,144
02/26/2008,BGR,ME,ANE,EN,Combined TRACON& Tower with Radar,13,30,18,11,72,0,0,2,0,2,13,30,20,11,74,8,42,50,124
02/27/2008,BGR,ME,ANE,EN,Combined TRACON& Tower with Radar,12,33,11,2,58,0,0,0,0,0,12,33,11,2,58,0,0,0,58
02/28/2008,BGR,ME,ANE,EN,Combined TRACON& Tower with Radar,10,55,35,22,122,0,0,7,1,8,10,55,42,23,130,64,62,126,256
02/29/2008,BGR,ME,ANE,EN,Combined TRACON& Tower with Radar,14,36,43,18,111,0,3,14,1,18,14,39,57,19,129,91,17,108,237
03/01/2008,BGR,ME,ANE,EN,Combined TRACON& Tower with Radar,8,21,7,6,42,1,0,0,0,1,9,21,7,6,43,0,0,0,43
03/02/2008,BGR,ME,ANE,EN,Combined TRACON& Tower with Radar,18,28,12,3,61,0,1,0,0,1,18,29,12,3,62,3,3,6,68
03/03/2008,BGR,ME,ANE,EN,Combined TRACON& Tower with Radar,7,29,12,20,68,0,0,11,0,11,7,29,23,20,79,2,13,15,94
03/04/2008,BGR,ME,ANE,EN,Combined TRACON& Tower with Radar,8,35,19,54,116,0,0,4,1,5,8,35,23,55,121,1,51,52,173
03/05/2008,BGR,ME,ANE,EN,Combined TRACON& Tower with Radar,12,41,5,5,63,0,0,0,0,0,12,41,5,5,63,0,0,0,63
03/06/2008,BGR,ME,ANE,EN,Combined TRACON& Tower with Radar,6,40,29,37,112,0,1,33,4,38,6,41,62,41,150,38,89,127,277
03/07/2008,BGR,ME,ANE,EN,Combined TRACON& Tower with Radar,9,38,32,38,117,0,2,21,2,25,9,40,53,40,142,47,48,95,237
03/08/2008,BGR,ME,ANE,EN,Combined TRACON& Tower with Radar,9,43,14,2,68,0,0,0,0,0,9,43,14,2,68,0,0,0,68
03/09/2008,BGR,ME,ANE,EN,Combined TRACON& Tower with Radar,19,21,26,4,70,0,3,3,0,6,19,24,29,4,76,3,2,5,81
03/10/2008,BGR,ME,ANE,EN,Combined TRACON& Tower with Radar,10,34,22,36,102,0,4,15,0,19,10,38,37,36,121,18,63,81,202
03/11/2008,BGR,ME,ANE,EN,Combined TRACON& Tower with Radar,16,32,28,29,105,0,7,23,1,31,16,39,51,30,136,27,53,80,216
03/12/2008,BGR,ME,ANE,EN,Combined TRACON& Tower with Radar,17,59,23,23,122,0,0,3,0,3,17,59,26,23,125,2,1,3,128
03/13/2008,BGR,ME,ANE,EN,Combined TRACON& Tower with Radar,14,43,29,27,113,0,2,16,3,21,14,45,45,30,134,13,80,93,227
03/14/2008,BGR,ME,ANE,EN,Combined TRACON& Tower with Radar,15,37,31,20,103,0,0,7,0,7,15,37,38,20,110,6,47,53,163
03/15/2008,BGR,ME,ANE,EN,Combined TRACON& Tower with Radar,7,33,8,1,49,0,0,2,0,2,7,33,10,1,51,2,0,2,53
03/16/2008,BGR,ME,ANE,EN,Combined TRACON& Tower with Radar,21,30,10,8,69,0,0,9,0,9,21,30,19,8,78,32,8,40,118
03/17/2008,BGR,ME,ANE,EN,Combined TRACON& Tower with Radar,14,25,14,33,86,0,2,5,0,7,14,27,19,33,93,5,8,13,106
03/18/2008,BGR,ME,ANE,EN,Combined TRACON& Tower with Radar,19,39,26,33,117,0,6,30,0,36,19,45,56,33,153,29,52,81,234
03/19/2008,BGR,ME,ANE,EN,Combined TRACON& Tower with Radar,11,63,31,37,142,0,1,1,0,2,11,64,32,37,144,1,78,79,223
03/20/2008,BGR,ME,ANE,EN,Combined TRACON& Tower with Radar,5,34,12,5,56,0,0,0,0,0,5,34,12,5,56,0,0,0,56
03/21/2008,BGR,ME,ANE,EN,Combined TRACON& Tower with Radar,16,41,28,9,94,0,3,2,0,5,16,44,30,9,99,0,0,0,99
03/22/2008,BGR,ME,ANE,EN,Combined TRACON& Tower with Radar,28,36,18,9,91,0,0,6,0,6,28,36,24,9,97,2,2,4,101
03/23/2008,BGR,ME,ANE,EN,Combined TRACON& Tower with Radar,8,23,15,4,50,0,5,3,0,8,8,28,18,4,58,5,4,9,67
03/24/2008,BGR,ME,ANE,EN,Combined TRACON& Tower with Radar,11,31,19,30,91,0,2,23,2,27,11,33,42,32,118,43,10,53,171
03/25/2008,BGR,ME,ANE,EN,Combined TRACON& Tower with Radar,7,32,21,21,81,0,2,19,0,21,7,34,40,21,102,21,40,61,163
03/26/2008,BGR,ME,ANE,EN,Combined TRACON& Tower with Radar,10,38,13,10,71,0,2,12,0,14,10,40,25,10,85,13,0,13,98
03/27/2008,BGR,ME,ANE,EN,Combined TRACON& Tower with Radar,8,51,32,34,125,0,5,26,0,31,8,56,58,34,156,68,17,85,241
03/28/2008,BGR,ME,ANE,EN,Combined TRACON& Tower with Radar,18,60,28,6,112,0,0,1,0,1,18,60,29,6,113,0,0,0,113
03/29/2008,BGR,ME,ANE,EN,Combined TRACON& Tower with Radar,27,27,21,7,82,0,3,1,0,4,27,30,22,7,86,35,4,39,125
03/30/2008,BGR,ME,ANE,EN,Combined TRACON& Tower with Radar,11,22,14,13,60,0,1,24,2,27,11,23,38,15,87,35,4,39,126
03/31/2008,BGR,ME,ANE,EN,Combined TRACON& Tower with Radar,16,33,12,17,78,0,2,4,0,6,16,35,16,17,84,5,5,10,94
04/01/2008,BGR,ME,ANE,EN,Combined TRACON& Tower with Radar,16,33,17,6,72,0,0,0,0,0,16,33,17,6,72,0,0,0,72
04/02/2008,BGR,ME,ANE,EN,Combined TRACON& Tower with Radar,14,54,19,21,108,0,5,4,1,10,14,59,23,22,118,5,45,50,168
04/03/2008,BGR,ME,ANE,EN,Combined TRACON& Tower with Radar,12,46,32,26,116,0,0,24,0,24,12,46,56,26,140,42,34,76,216
04/04/2008,BGR,ME,ANE,EN,Combined TRACON& Tower with Radar,14,37,21,10,82,0,1,5,0,6,14,38,26,10,88,3,33,36,124
04/05/2008,BGR,ME,ANE,EN,Combined TRACON& Tower with Radar,13,50,21,8,92,0,0,0,2,2,13,50,21,10,94,0,0,0,94
04/06/2008,BGR,ME,ANE,EN,Combined TRACON& Tower with Radar,11,28,18,8,65,0,1,12,0,13,11,29,30,8,78,13,3,16,94
04/07/2008,BGR,ME,ANE,EN,Combined TRACON& Tower with Radar,17,37,25,28,107,0,2,38,0,40,17,39,63,28,147,37,37,74,221
04/08/2008,BGR,ME,ANE,EN,Combined TRACON& Tower with Radar,14,38,14,19,85,0,3,33,1,37,14,41,47,20,122,9,56,65,187
04/09/2008,BGR,ME,ANE,EN,Combined TRACON& Tower with Radar,12,54,39,23,128,0,6,31,0,37,12,60,70,23,165,57,25,82,247
04/10/2008,BGR,ME,ANE,EN,Combined TRACON& Tower with Radar,15,67,52,41,175,0,7,41,0,48,15,74,93,41,223,105,31,136,359
04/11/2008,BGR,ME,ANE,EN,Combined TRACON& Tower with Radar,13,49,40,29,131,0,0,33,0,33,13,49,73,29,164,118,24,142,306
04/12/2008,BGR,ME,ANE,EN,Combined TRACON& Tower with Radar,18,30,16,6,70,0,0,1,0,1,18,30,17,6,71,4,0,4,75
04/13/2008,BGR,ME,ANE,EN,Combined TRACON& Tower with Radar,15,26,32,2,75,0,1,4,0,5,15,27,36,2,80,14,4,18,98
04/14/2008,BGR,ME,ANE,EN,Combined TRACON& Tower with Radar,15,33,24,12,84,0,1,11,0,12,15,34,35,12,96,4,18,22,118
04/15/2008,BGR,ME,ANE,EN,Combined TRACON& Tower with Radar,6,33,12,11,62,0,3,26,0,29,6,36,38,11,91,39,41,80,171
04/16/2008,BGR,ME,ANE,EN,Combined TRACON& Tower with Radar,18,43,29,6,96,0,2,22,0,24,18,45,51,6,120,25,29,54,174
04/17/2008,BGR,ME,ANE,EN,Combined TRACON& Tower with Radar,16,62,50,35,163,0,7,45,3,55,16,69,95,38,218,140,44,184,402
04/18/2008,BGR,ME,ANE,EN,Combined TRACON& Tower with Radar,20,53,38,45,156,0,9,60,8,77,20,62,98,53,233,166,78,244,477
04/19/2008,BGR,ME,ANE,EN,Combined TRACON& Tower with Radar,23,48,40,2,113,0,3,50,5,58,23,51,90,7,171,166,42,208,379
04/20/2008,BGR,ME,ANE,EN,Combined TRACON& Tower with Radar,14,26,20,4,64,0,5,24,0,29,14,31,44,4,93,38,30,68,161
04/21/2008,BGR,ME,ANE,EN,Combined TRACON& Tower with Radar,20,36,25,3,84,0,0,17,0,17,20,36,42,3,101,27,15,42,143
04/22/2008,BGR,ME,ANE,EN,Combined TRACON& Tower with Radar,16,39,16,30,101,0,5,33,1,39,16,44,49,31,140,17,41,58,198
04/23/2008,BGR,ME,ANE,EN,Combined TRACON& Tower with Radar,12,59,38,25,134,0,3,31,1,35,12,62,69,26,169,110,94,204,373
04/24/2008,BGR,ME,ANE,EN,Combined TRACON& Tower with Radar,11,58,36,47,152,0,4,13,7,24,11,62,49,54,176,31,71,102,278
04/25/2008,BGR,ME,ANE,EN,Combined TRACON& Tower with Radar,18,40,36,20,114,0,2,15,2,19,18,42,51,22,133,50,70,120,253
04/26/2008,BGR,ME,ANE,EN,Combined TRACON& Tower with Radar,21,40,38,1,100,0,2,47,0,49,21,42,85,1,149,21,19,40,189
04/27/2008,BGR,ME,ANE,EN,Combined TRACON& Tower with Radar,9,30,32,0,71,0,4,6,0,10,9,34,38,0,81,6,4,10,91
04/28/2008,BGR,ME,ANE,EN,Combined TRACON& Tower with Radar,9,30,18,30,87,0,0,9,0,9,9,30,27,30,96,13,31,44,140
04/29/2008,BGR,ME,ANE,EN,Combined TRACON& Tower with Radar,16,33,28,8,85,0,0,0,0,0,16,33,28,8,85,0,0,0,85
04/30/2008,BGR,ME,ANE,EN,Combined TRACON& Tower with Radar,8,37,20,25,90,0,3,21,4,28,8,40,41,29,118,12,62,74,192
05/01/2008,BGR,ME,ANE,EN,Combined TRACON& Tower with Radar,14,49,57,26,146,0,2,34,6,42,14,51,91,32,188,113,71,184,372
05/02/2008,BGR,ME,ANE,EN,Combined TRACON& Tower with Radar,9,53,35,22,119,0,3,46,5,54,9,56,81,27,173,161,49,210,383
05/03/2008,BGR,ME,ANE,EN,Combined TRACON& Tower with Radar,29,33,24,22,108,0,1,31,0,32,29,34,55,22,140,136,94,230,370
05/04/2008,BGR,ME,ANE,EN,Combined TRACON& Tower with Radar,7,22,20,10,59,0,0,1,0,1,7,22,21,10,60,0,0,0,60
05/05/2008,BGR,ME,ANE,EN,Combined TRACON& Tower with Radar,9,32,20,22,83,0,2,15,0,17,9,34,35,22,100,52,28,80,180
05/06/2008,BGR,ME,ANE,EN,Combined TRACON& Tower with Radar,5,41,17,42,105,0,4,34,3,41,5,45,51,45,146,19,43,62,208
05/07/2008,BGR,ME,ANE,EN,Combined TRACON& Tower with Radar,9,41,25,56,131,0,3,22,2,27,9,44,47,58,158,36,84,120,278
05/08/2008,BGR,ME,ANE,EN,Combined TRACON& Tower with Radar,13,33,23,45,114,0,2,15,0,17,13,35,38,45,131,21,47,68,199
05/09/2008,BGR,ME,ANE,EN,Combined TRACON& Tower with Radar,17,40,35,29,121,0,1,39,1,41,17,41,74,30,162,56,66,122,284
05/10/2008,BGR,ME,ANE,EN,Combined TRACON& Tower with Radar,11,36,39,17,103,0,1,8,0,9,11,37,47,17,112,10,10,20,132
05/11/2008,BGR,ME,ANE,EN,Combined TRACON& Tower with Radar,8,26,17,3,54,0,1,17,0,18,8,27,34,3,72,9,9,18,90
05/12/2008,BGR,ME,ANE,EN,Combined TRACON& Tower with Radar,19,26,27,21,93,0,3,15,0,18,19,29,42,21,111,13,11,24,135
05/13/2008,BGR,ME,ANE,EN,Combined TRACON& Tower with Radar,11,32,16,27,86,0,2,19,2,23,11,34,35,29,109,22,18,40,149
05/14/2008,BGR,ME,ANE,EN,Combined TRACON& Tower with Radar,13,50,30,45,138,0,7,55,1,63,13,57,85,46,201,132,44,176,377
05/15/2008,BGR,ME,ANE,EN,Combined TRACON& Tower with Radar,15,47,42,39,143,0,6,34,1,41,15,53,76,40,184,119,95,214,398
05/16/2008,BGR,ME,ANE,EN,Combined TRACON& Tower with Radar,6,45,31,40,122,0,2,33,1,36,6,47,64,41,158,55,84,139,297
05/17/2008,BGR,ME,ANE,EN,Combined TRACON& Tower with Radar,18,22,13,15,68,0,1,5,0,6,18,23,18,15,74,21,21,42,116
05/18/2008,BGR,ME,ANE,EN,Combined TRACON& Tower with Radar,14,21,24,1,60,0,0,10,0,10,14,21,34,1,70,32,15,47,117
05/19/2008,BGR,ME,ANE,EN,Combined TRACON& Tower with Radar,10,30,23,29,92,0,1,7,0,8,10,31,30,29,100,5,31,36,136
05/20/2008,BGR,ME,ANE,EN,Combined TRACON& Tower with Radar,13,41,17,29,100,0,1,9,4,14,13,42,26,33,114,10,42,52,166
05/21/2008,BGR,ME,ANE,EN,Combined TRACON& Tower with Radar,11,55,33,25,124,0,1,15,1,17,11,56,48,26,141,26,43,69,210
05/22/2008,BGR,ME,ANE,EN,Combined TRACON& Tower with Radar,5,55,70,25,155,0,0,2,0,2,5,55,72,25,157,3,3,6,163
05/23/2008,BGR,ME,ANE,EN,Combined TRACON& Tower with Radar,13,47,46,23,129,0,0,21,0,21,13,47,67,23,150,18,44,62,212
05/24/2008,BGR,ME,ANE,EN,Combined TRACON& Tower with Radar,9,42,42,11,104,0,3,35,2,40,9,45,77,13,144,31,27,58,202
05/25/2008,BGR,ME,ANE,EN,Combined TRACON& Tower with Radar,10,21,28,18,77,0,0,37,0,37,10,21,65,18,114,84,38,122,236
05/26/2008,BGR,ME,ANE,EN,Combined TRACON& Tower with Radar,8,26,21,10,65,0,0,14,8,22,8,26,35,18,87,22,48,70,157
05/27/2008,BGR,ME,ANE,EN,Combined TRACON& Tower with Radar,9,38,28,32,107,0,3,5,0,8,9,41,33,32,115,17,23,40,155
05/28/2008,BGR,ME,ANE,EN,Combined TRACON& Tower with Radar,11,45,21,29,106,0,1,30,0,31,11,46,51,29,137,60,64,124,261
05/29/2008,BGR,ME,ANE,EN,Combined TRACON& Tower with Radar,11,43,21,15,90,0,2,9,0,11,11,45,30,15,101,31,31,62,163
05/30/2008,BGR,ME,ANE,EN,Combined TRACON& Tower with Radar,13,38,27,8,86,0,4,33,1,38,13,42,60,9,124,35,43,78,202
05/31/2008,BGR,ME,ANE,EN,Combined TRACON& Tower with Radar,14,29,18,5,66,0,0,0,0,0,14,29,18,5,66,2,2,4,70
06/01/2008,BGR,ME,ANE,EN,Combined TRACON& Tower with Radar,8,17,9,2,36,0,0,6,0,6,8,17,15,2,42,2,2,4,46
06/02/2008,BGR,ME,ANE,EN,Combined TRACON& Tower with Radar,22,27,32,13,94,0,2,2,0,4,22,29,34,13,98,5,5,10,108
06/03/2008,BGR,ME,ANE,EN,Combined TRACON& Tower with Radar,12,35,9,17,73,0,0,10,0,10,12,35,19,17,83,16,38,54,137
06/04/2008,BGR,ME,ANE,EN,Combined TRACON& Tower with Radar,14,38,34,31,117,0,0,1,0,1,14,38,35,31,118,0,0,0,118
06/05/2008,BGR,ME,ANE,EN,Combined TRACON& Tower with Radar,11,37,33,31,112,0,1,14,0,15,11,38,47,31,127,9,105,114,241
06/06/2008,BGR,ME,ANE,EN,Combined TRACON& Tower with Radar,20,41,47,26,134,0,0,6,0,6,20,41,53,26,140,12,28,40,180
06/07/2008,BGR,ME,ANE,EN,Combined TRACON& Tower with Radar,21,49,35,14,119,0,0,23,2,25,21,49,58,16,144,94,36,130,274
06/08/2008,BGR,ME,ANE,EN,Combined TRACON& Tower with Radar,21,30,16,10,77,0,0,27,1,28,21,30,43,11,105,62,24,86,191
06/09/2008,BGR,ME,ANE,EN,Combined TRACON& Tower with Radar,18,47,28,39,132,0,3,24,1,28,18,50,52,40,160,59,10,69,229
06/10/2008,BGR,ME,ANE,EN,Combined TRACON& Tower with Radar,14,38,24,22,98,0,0,9,0,9,14,38,33,22,107,4,8,12,119
06/11/2008,BGR,ME,ANE,EN,Combined TRACON& Tower with Radar,18,43,35,43,139,0,4,31,2,37,18,47,66,45,176,48,100,148,324
06/12/2008,BGR,ME,ANE,EN,Combined TRACON& Tower with Radar,19,55,29,45,148,0,5,33,1,39,19,60,62,46,187,110,92,202,389
06/13/2008,BGR,ME,ANE,EN,Combined TRACON& Tower with Radar,23,48,44,26,141,0,5,44,5,54,23,53,88,31,195,75,71,146,341
06/14/2008,BGR,ME,ANE,EN,Combined TRACON& Tower with Radar,15,35,36,12,98,0,0,34,0,34,15,35,70,12,132,114,26,140,272
06/15/2008,BGR,ME,ANE,EN,Combined TRACON& Tower with Radar,17,35,39,8,99,0,0,4,0,4,17,35,43,8,103,27,5,32,135
06/16/2008,BGR,ME,ANE,EN,Combined TRACON& Tower with Radar,10,41,24,32,107,0,0,1,0,1,10,41,25,32,108,8,2,10,118
06/17/2008,BGR,ME,ANE,EN,Combined TRACON& Tower with Radar,18,46,35,18,117,0,0,1,0,1,18,46,36,18,118,1,1,2,120
06/18/2008,BGR,ME,ANE,EN,Combined TRACON& Tower with Radar,15,44,40,20,119,0,0,7,0,7,15,44,47,20,126,3,3,6,132
06/19/2008,BGR,ME,ANE,EN,Combined TRACON& Tower with Radar,18,46,45,21,130,0,0,2,0,2,18,46,47,21,132,0,34,34,166
06/20/2008,BGR,ME,ANE,EN,Combined TRACON& Tower with Radar,13,61,116,40,230,0,0,8,0,8,13,61,124,40,238,61,91,152,390
06/21/2008,BGR,ME,ANE,EN,Combined TRACON& Tower with Radar,15,41,36,10,102,0,1,15,1,17,15,42,51,11,119,21,11,32,151
06/22/2008,BGR,ME,ANE,EN,Combined TRACON& Tower with Radar,16,31,38,7,92,0,2,15,1,18,16,33,53,8,110,40,6,46,156
06/23/2008,BGR,ME,ANE,EN,Combined TRACON& Tower with Radar,8,41,35,4,88,0,0,0,0,0,8,41,35,4,88,1,1,2,90
06/24/2008,BGR,ME,ANE,EN,Combined TRACON& Tower with Radar,17,48,50,16,131,0,1,12,1,14,17,49,62,17,145,24,18,42,187
06/25/2008,BGR,ME,ANE,EN,Combined TRACON& Tower with Radar,15,49,44,54,162,0,3,57,5,65,15,52,101,59,227,130,184,314,541
06/26/2008,BGR,ME,ANE,EN,Combined TRACON& Tower with Radar,12,75,37,39,163,0,2,27,9,38,12,77,64,48,201,53,123,176,377
06/27/2008,BGR,ME,ANE,EN,Combined TRACON& Tower with Radar,20,58,28,41,147,0,3,17,1,21,20,61,45,42,168,30,84,114,282
06/28/2008,BGR,ME,ANE,EN,Combined TRACON& Tower with Radar,14,44,35,16,109,0,1,3,0,4,14,45,38,16,113,2,24,26,139
06/29/2008,BGR,ME,ANE,EN,Combined TRACON& Tower with Radar,11,34,41,17,103,0,0,0,0,0,11,34,41,17,103,1,1,2,105
06/30/2008,BGR,ME,ANE,EN,Combined TRACON& Tower with Radar,19,59,52,31,161,0,3,14,0,17,19,62,66,31,178,32,20,52,230
07/01/2008,BGR,ME,ANE,EN,Combined TRACON& Tower with Radar,7,40,34,27,108,0,0,25,1,26,7,40,59,28,134,12,12,24,158
07/02/2008,BGR,ME,ANE,EN,Combined TRACON& Tower with Radar,14,38,42,41,135,0,1,22,0,23,14,39,64,41,158,4,26,30,188
07/03/2008,BGR,ME,ANE,EN,Combined TRACON& Tower with Radar,17,58,46,86,207,0,8,35,3,46,17,66,81,89,253,42,58,100,353
07/04/2008,BGR,ME,ANE,EN,Combined TRACON& Tower with Radar,11,35,34,21,101,0,14,43,5,62,11,49,77,26,163,84,46,130,293
07/05/2008,BGR,ME,ANE,EN,Combined TRACON& Tower with Radar,17,52,26,3,98,0,2,29,0,31,17,54,55,3,129,108,0,108,237
07/06/2008,BGR,ME,ANE,EN,Combined TRACON& Tower with Radar,17,39,33,2,91,0,2,19,0,21,17,41,52,2,112,20,0,20,132
07/07/2008,BGR,ME,ANE,EN,Combined TRACON& Tower with Radar,16,34,47,12,109,0,2,21,3,26,16,36,68,15,135,8,20,28,163
07/08/2008,BGR,ME,ANE,EN,Combined TRACON& Tower with Radar,14,42,19,17,92,0,2,12,0,14,14,44,31,17,106,22,0,22,128
07/09/2008,BGR,ME,ANE,EN,Combined TRACON& Tower with Radar,14,42,25,11,92,0,0,13,0,13,14,42,38,11,105,0,2,2,107
07/10/2008,BGR,ME,ANE,EN,Combined TRACON& Tower with Radar,9,40,34,19,102,0,1,43,1,45,9,41,77,20,147,98,14,112,259
07/11/2008,BGR,ME,ANE,EN,Combined TRACON& Tower with Radar,15,47,61,27,150,0,5,47,0,52,15,52,108,27,202,32,10,42,244
07/12/2008,BGR,ME,ANE,EN,Combined TRACON& Tower with Radar,17,46,38,22,123,0,4,37,0,41,17,50,75,22,164,32,10,42,206
07/13/2008,BGR,ME,ANE,EN,Combined TRACON& Tower with Radar,7,32,28,11,78,0,0,12,0,12,7,32,40,11,90,9,0,9,99
07/14/2008,BGR,ME,ANE,EN,Combined TRACON& Tower with Radar,18,48,54,73,193,0,0,14,1,15,18,48,68,74,208,4,64,68,276
07/15/2008,BGR,ME,ANE,EN,Combined TRACON& Tower with Radar,11,37,29,27,104,0,4,29,15,48,11,41,58,42,152,20,6,26,178
07/16/2008,BGR,ME,ANE,EN,Combined TRACON& Tower with Radar,11,53,49,36,149,0,4,48,0,52,11,57,97,36,201,76,18,94,295
07/17/2008,BGR,ME,ANE,EN,Combined TRACON& Tower with Radar,13,53,43,34,143,0,2,38,3,43,13,55,81,37,186,110,42,152,338
07/18/2008,BGR,ME,ANE,EN,Combined TRACON& Tower with Radar,9,57,49,7,122,0,1,23,1,25,9,58,72,8,147,22,7,29,176
07/19/2008,BGR,ME,ANE,EN,Combined TRACON& Tower with Radar,9,46,47,7,109,0,1,20,1,22,9,47,67,8,131,52,0,52,183
07/20/2008,BGR,ME,ANE,EN,Combined TRACON& Tower with Radar,18,36,41,5,100,0,0,13,0,13,18,36,54,5,113,10,0,10,123
07/21/2008,BGR,ME,ANE,EN,Combined TRACON& Tower with Radar,15,44,48,39,146,0,0,15,0,15,15,44,63,39,161,0,20,20,181
07/22/2008,BGR,ME,ANE,EN,Combined TRACON& Tower with Radar,9,46,23,27,105,0,1,4,0,5,9,47,27,27,110,52,18,70,180
07/23/2008,BGR,ME,ANE,EN,Combined TRACON& Tower with Radar,14,40,50,63,167,0,1,20,0,21,14,41,70,63,188,2,66,68,256
07/24/2008,BGR,ME,ANE,EN,Combined TRACON& Tower with Radar,10,54,32,45,141,0,1,0,0,1,10,55,32,45,142,0,0,0,142
07/25/2008,BGR,ME,ANE,EN,Combined TRACON& Tower with Radar,13,57,44,49,163,0,2,10,2,14,13,59,54,51,177,4,6,10,187
07/26/2008,BGR,ME,ANE,EN,Combined TRACON& Tower with Radar,6,55,43,6,110,0,2,40,0,42,6,57,83,6,152,34,0,34,186
07/27/2008,BGR,ME,ANE,EN,Combined TRACON& Tower with Radar,21,31,19,7,78,0,0,12,0,12,21,31,31,7,90,8,0,8,98
07/28/2008,BGR,ME,ANE,EN,Combined TRACON& Tower with Radar,8,47,50,56,161,0,2,9,2,13,8,49,59,58,174,0,0,0,174
07/29/2008,BGR,ME,ANE,EN,Combined TRACON& Tower with Radar,15,39,20,39,113,0,2,25,4,31,15,41,45,43,144,4,34,38,182
07/30/2008,BGR,ME,ANE,EN,Combined TRACON& Tower with Radar,15,51,48,53,167,0,2,40,6,48,15,53,88,59,215,70,130,200,415
07/31/2008,BGR,ME,ANE,EN,Combined TRACON& Tower with Radar,9,54,29,66,158,0,1,10,2,13,9,55,39,68,171,0,130,130,301
08/01/2008,BGR,ME,ANE,EN,Combined TRACON& Tower with Radar,14,54,43,16,127,0,0,0,0,0,14,54,43,16,127,0,0,0,127
08/02/2008,BGR,ME,ANE,EN,Combined TRACON& Tower with Radar,25,51,34,15,125,0,0,3,0,3,25,51,37,15,128,16,0,16,144
08/03/2008,BGR,ME,ANE,EN,Combined TRACON& Tower with Radar,14,30,49,2,95,0,1,7,0,8,14,31,56,2,103,14,0,14,117
08/04/2008,BGR,ME,ANE,EN,Combined TRACON& Tower with Radar,12,36,36,25,109,0,1,15,0,16,12,37,51,25,125,0,18,18,143
08/05/2008,BGR,ME,ANE,EN,Combined TRACON& Tower with Radar,9,44,35,32,120,0,1,31,9,41,9,45,66,41,161,20,56,76,237
08/06/2008,BGR,ME,ANE,EN,Combined TRACON& Tower with Radar,11,57,31,112,211,0,0,10,0,10,11,57,41,112,221,0,108,108,329
08/07/2008,BGR,ME,ANE,EN,Combined TRACON& Tower with Radar,16,41,35,19,111,0,0,4,0,4,16,41,39,19,115,0,6,6,121
08/08/2008,BGR,ME,ANE,EN,Combined TRACON& Tower with Radar,30,47,51,11,139,0,0,0,0,0,30,47,51,11,139,0,0,0,139
08/09/2008,BGR,ME,ANE,EN,Combined TRACON& Tower with Radar,15,46,54,1,116,0,1,20,0,21,15,47,74,1,137,24,0,24,161
08/10/2008,BGR,ME,ANE,EN,Combined TRACON& Tower with Radar,11,28,30,10,79,0,0,3,0,3,11,28,33,10,82,10,0,10,92
08/11/2008,BGR,ME,ANE,EN,Combined TRACON& Tower with Radar,18,39,38,20,115,0,0,1,2,3,18,39,39,22,118,0,0,0,118
08/12/2008,BGR,ME,ANE,EN,Combined TRACON& Tower with Radar,10,44,26,24,104,0,0,3,0,3,10,44,29,24,107,22,4,26,133
08/13/2008,BGR,ME,ANE,EN,Combined TRACON& Tower with Radar,11,55,33,36,135,0,1,32,1,34,11,56,65,37,169,38,46,84,253
08/14/2008,BGR,ME,ANE,EN,Combined TRACON& Tower with Radar,21,57,54,46,178,0,0,26,2,28,21,57,80,48,206,46,16,62,268
08/15/2008,BGR,ME,ANE,EN,Combined TRACON& Tower with Radar,21,46,50,45,162,0,2,30,0,32,21,48,80,45,194,58,52,110,304
08/16/2008,BGR,ME,ANE,EN,Combined TRACON& Tower with Radar,19,41,30,21,111,0,0,10,0,10,19,41,40,21,121,30,8,38,159
08/17/2008,BGR,ME,ANE,EN,Combined TRACON& Tower with Radar,14,38,46,12,110,0,2,29,0,31,14,40,75,12,141,104,0,104,245
08/18/2008,BGR,ME,ANE,EN,Combined TRACON& Tower with Radar,11,31,41,40,123,0,2,26,0,28,11,33,67,40,151,2,34,36,187
08/19/2008,BGR,ME,ANE,EN,Combined TRACON& Tower with Radar,16,33,32,54,135,0,2,12,2,16,16,35,44,56,151,4,36,40,191
08/20/2008,BGR,ME,ANE,EN,Combined TRACON& Tower with Radar,12,49,47,62,170,0,3,48,7,58,12,52,95,69,228,68,62,130,358
08/21/2008,BGR,ME,ANE,EN,Combined TRACON& Tower with Radar,11,40,26,65,142,0,6,54,3,63,11,46,80,68,205,90,20,110,315
08/22/2008,BGR,ME,ANE,EN,Combined TRACON& Tower with Radar,12,42,23,51,128,0,4,41,2,47,12,46,64,53,175,32,50,82,257
08/23/2008,BGR,ME,ANE,EN,Combined TRACON& Tower with Radar,12,48,27,5,92,0,7,48,0,55,12,55,75,5,147,120,0,120,267
08/24/2008,BGR,ME,ANE,EN,Combined TRACON& Tower with Radar,10,26,34,6,76,0,0,27,0,27,10,26,61,6,103,64,0,64,167
08/25/2008,BGR,ME,ANE,EN,Combined TRACON& Tower with Radar,16,33,26,55,130,0,1,18,2,21,16,34,44,57,151,28,60,88,239
08/26/2008,BGR,ME,ANE,EN,Combined TRACON& Tower with Radar,18,35,19,53,125,0,2,29,7,38,18,37,48,60,163,6,70,76,239
08/27/2008,BGR,ME,ANE,EN,Combined TRACON& Tower with Radar,24,40,31,31,126,0,2,60,6,68,24,42,91,37,194,46,10,56,250
08/28/2008,BGR,ME,ANE,EN,Combined TRACON& Tower with Radar,19,47,33,71,170,0,7,48,5,60,19,54,81,76,230,52,147,199,429
08/29/2008,BGR,ME,ANE,EN,Combined TRACON& Tower with Radar,8,40,57,6,111,0,2,8,0,10,8,42,65,6,121,0,0,0,121
08/30/2008,BGR,ME,ANE,EN,Combined TRACON& Tower with Radar,24,45,32,4,105,0,0,12,0,12,24,45,44,4,117,56,0,56,173
08/31/2008,BGR,ME,ANE,EN,Combined TRACON& Tower with Radar,22,23,20,10,75,0,2,12,0,14,22,25,32,10,89,40,0,40,129
09/01/2008,BGR,ME,ANE,EN,Combined TRACON& Tower with Radar,11,31,26,3,71,0,0,20,0,20,11,31,46,3,91,30,4,34,125
09/02/2008,BGR,ME,ANE,EN,Combined TRACON& Tower with Radar,14,37,23,91,165,0,9,30,3,42,14,46,53,94,207,26,132,158,365
09/03/2008,BGR,ME,ANE,EN,Combined TRACON& Tower with Radar,20,55,14,47,136,0,3,20,7,30,20,58,34,54,166,20,182,202,368
09/04/2008,BGR,ME,ANE,EN,Combined TRACON& Tower with Radar,17,45,41,74,177,0,3,26,9,38,17,48,67,83,215,47,117,164,379
09/05/2008,BGR,ME,ANE,EN,Combined TRACON& Tower with Radar,19,36,32,34,121,0,4,27,13,44,19,40,59,47,165,4,32,36,201
09/06/2008,BGR,ME,ANE,EN,Combined TRACON& Tower with Radar,21,29,22,4,76,0,0,6,0,6,21,29,28,4,82,0,0,0,82
09/07/2008,BGR,ME,ANE,EN,Combined TRACON& Tower with Radar,15,26,29,7,77,0,2,7,1,10,15,28,36,8,87,10,0,10,97
09/08/2008,BGR,ME,ANE,EN,Combined TRACON& Tower with Radar,19,30,28,81,158,0,2,22,5,29,19,32,50,86,187,0,54,54,241
09/09/2008,BGR,ME,ANE,EN,Combined TRACON& Tower with Radar,12,38,21,33,104,0,1,2,0,3,12,39,23,33,107,0,22,22,129
09/10/2008,BGR,ME,ANE,EN,Combined TRACON& Tower with Radar,9,34,32,60,135,0,2,25,7,34,9,36,57,67,169,22,12,34,203
09/11/2008,BGR,ME,ANE,EN,Combined TRACON& Tower with Radar,16,45,36,92,189,0,3,41,9,53,16,48,77,101,242,56,148,204,446
09/12/2008,BGR,ME,ANE,EN,Combined TRACON& Tower with Radar,0,0,0,0,0,0,0,0,0,0,0,0,0,0,0,0,0,0,0
09/13/2008,BGR,ME,ANE,EN,Combined TRACON& Tower with Radar,0,0,0,0,0,0,0,0,0,0,0,0,0,0,0,0,0,0,0
09/14/2008,BGR,ME,ANE,EN,Combined TRACON& Tower with Radar,16,30,21,2,69,0,0,0,0,0,16,30,21,2,69,0,0,0,69
09/15/2008,BGR,ME,ANE,EN,Combined TRACON& Tower with Radar,16,36,21,26,99,0,4,5,0,9,16,40,26,26,108,0,34,34,142
09/16/2008,BGR,ME,ANE,EN,Combined TRACON& Tower with Radar,14,33,31,63,141,0,3,34,5,42,14,36,65,68,183,32,56,88,271
09/17/2008,BGR,ME,ANE,EN,Combined TRACON& Tower with Radar,8,27,37,55,127,0,4,16,5,25,8,31,53,60,152,46,32,78,230
09/18/2008,BGR,ME,ANE,EN,Combined TRACON& Tower with Radar,24,35,45,36,140,0,4,18,8,30,24,39,63,44,170,40,68,108,278
09/19/2008,BGR,ME,ANE,EN,Combined TRACON& Tower with Radar,17,39,19,38,113,0,4,39,0,43,17,43,58,38,156,78,52,130,286
09/20/2008,BGR,ME,ANE,EN,Combined TRACON& Tower with Radar,14,28,19,22,83,0,4,22,1,27,14,32,41,23,110,14,52,66,176
09/21/2008,BGR,ME,ANE,EN,Combined TRACON& Tower with Radar,20,29,30,6,85,0,0,18,0,18,20,29,48,6,103,18,0,18,121
09/22/2008,BGR,ME,ANE,EN,Combined TRACON& Tower with Radar,15,32,19,53,119,0,2,15,6,23,15,34,34,59,142,34,88,122,264
09/23/2008,BGR,ME,ANE,EN,Combined TRACON& Tower with Radar,10,32,14,64,120,0,0,20,6,26,10,32,34,70,146,28,60,88,234
09/24/2008,BGR,ME,ANE,EN,Combined TRACON& Tower with Radar,12,34,32,42,120,0,5,35,14,54,12,39,67,56,174,30,72,102,276
09/25/2008,BGR,ME,ANE,EN,Combined TRACON& Tower with Radar,11,43,21,20,95,0,2,32,1,35,11,45,53,21,130,14,58,72,202
09/26/2008,BGR,ME,ANE,EN,Combined TRACON& Tower with Radar,11,45,46,45,147,0,0,5,0,5,11,45,51,45,152,38,0,38,190
09/27/2008,BGR,ME,ANE,EN,Combined TRACON& Tower with Radar,7,26,13,4,50,0,0,0,0,0,7,26,13,4,50,0,0,0,50
09/28/2008,BGR,ME,ANE,EN,Combined TRACON& Tower with Radar,12,24,12,3,51,0,0,0,0,0,12,24,12,3,51,0,0,0,51
09/29/2008,BGR,ME,ANE,EN,Combined TRACON& Tower with Radar,9,31,21,35,96,0,0,9,0,9,9,31,30,35,105,16,8,24,129
09/30/2008,BGR,ME,ANE,EN,Combined TRACON& Tower with Radar,16,34,44,10,104,0,0,5,3,8,16,34,49,13,112,0,4,4,116
10/01/2008,BGR,ME,ANE,EN,Combined TRACON& Tower with Radar,9,35,32,32,108,0,0,0,0,0,9,35,32,32,108,0,0,0,108
10/02/2008,BGR,ME,ANE,EN,Combined TRACON& Tower with Radar,11,38,40,43,132,0,3,4,0,7,11,41,44,43,139,0,8,8,147
10/03/2008,BGR,ME,ANE,EN,Combined TRACON& Tower with Radar,5,47,38,16,106,0,2,29,4,35,5,49,67,20,141,48,0,48,189
10/04/2008,BGR,ME,ANE,EN,Combined TRACON& Tower with Radar,18,30,25,10,83,0,0,100,0,100,18,30,125,10,183,58,0,58,241
10/05/2008,BGR,ME,ANE,EN,Combined TRACON& Tower with Radar,15,30,19,38,102,0,0,18,2,20,15,30,37,40,122,10,20,30,152
10/06/2008,BGR,ME,ANE,EN,Combined TRACON& Tower with Radar,11,31,17,39,98,0,1,23,7,31,11,32,40,46,129,62,34,96,225
10/07/2008,BGR,ME,ANE,EN,Combined TRACON& Tower with Radar,9,36,25,42,112,0,2,26,10,38,9,38,51,52,150,8,90,98,248
10/08/2008,BGR,ME,ANE,EN,Combined TRACON& Tower with Radar,7,37,27,54,125,0,6,28,14,48,7,43,55,68,173,14,32,46,219
10/09/2008,BGR,ME,ANE,EN,Combined TRACON& Tower with Radar,8,38,25,96,167,0,2,6,2,10,8,40,31,98,177,14,80,94,271
10/10/2008,BGR,ME,ANE,EN,Combined TRACON& Tower with Radar,14,44,40,17,115,0,2,38,0,40,14,46,78,17,155,40,8,48,203
10/11/2008,BGR,ME,ANE,EN,Combined TRACON& Tower with Radar,12,38,36,21,107,0,1,35,1,37,12,39,71,22,144,88,10,98,242
10/12/2008,BGR,ME,ANE,EN,Combined TRACON& Tower with Radar,10,35,26,9,80,0,0,38,0,38,10,35,64,9,118,64,0,64,182
10/13/2008,BGR,ME,ANE,EN,Combined TRACON& Tower with Radar,15,35,23,12,85,0,0,20,0,20,15,35,43,12,105,0,0,0,105
10/14/2008,BGR,ME,ANE,EN,Combined TRACON& Tower with Radar,11,45,25,44,125,0,0,12,0,12,11,45,37,44,137,4,46,50,187
10/15/2008,BGR,ME,ANE,EN,Combined TRACON& Tower with Radar,8,42,24,19,93,0,6,31,1,38,8,48,55,20,131,50,14,64,195
10/16/2008,BGR,ME,ANE,EN,Combined TRACON& Tower with Radar,5,52,54,23,134,0,0,0,0,0,5,52,54,23,134,0,0,0,134
10/17/2008,BGR,ME,ANE,EN,Combined TRACON& Tower with Radar,4,32,25,18,79,0,6,23,0,29,4,38,48,18,108,8,2,10,118
10/18/2008,BGR,ME,ANE,EN,Combined TRACON& Tower with Radar,16,50,24,11,101,0,1,54,0,55,16,51,78,11,156,90,0,90,246
10/19/2008,BGR,ME,ANE,EN,Combined TRACON& Tower with Radar,7,33,22,12,74,0,1,30,0,31,7,34,52,12,105,8,0,8,113
10/20/2008,BGR,ME,ANE,EN,Combined TRACON& Tower with Radar,8,31,24,50,113,0,6,28,2,36,8,37,52,52,149,12,68,80,229
10/21/2008,BGR,ME,ANE,EN,Combined TRACON& Tower with Radar,8,37,19,40,104,0,2,4,0,6,8,39,23,40,110,0,12,12,122
10/22/2008,BGR,ME,ANE,EN,Combined TRACON& Tower with Radar,13,48,23,37,121,0,1,1,0,2,13,49,24,37,123,0,0,0,123
10/23/2008,BGR,ME,ANE,EN,Combined TRACON& Tower with Radar,9,46,23,56,134,0,1,20,2,23,9,47,43,58,157,48,10,58,215
10/24/2008,BGR,ME,ANE,EN,Combined TRACON& Tower with Radar,10,48,56,18,132,0,2,48,1,51,10,50,104,19,183,114,0,114,297
10/25/2008,BGR,ME,ANE,EN,Combined TRACON& Tower with Radar,13,37,22,4,76,0,0,7,0,7,13,37,29,4,83,38,0,38,121
10/26/2008,BGR,ME,ANE,EN,Combined TRACON& Tower with Radar,7,29,6,5,47,0,0,0,0,0,7,29,6,5,47,0,0,0,47
10/27/2008,BGR,ME,ANE,EN,Combined TRACON& Tower with Radar,15,36,33,54,138,0,0,7,1,8,15,36,40,55,146,0,20,20,166
10/28/2008,BGR,ME,ANE,EN,Combined TRACON& Tower with Radar,2,38,19,36,95,0,0,4,0,4,2,38,23,36,99,0,26,26,125
10/29/2008,BGR,ME,ANE,EN,Combined TRACON& Tower with Radar,7,37,19,37,100,0,1,8,1,10,7,38,27,38,110,0,54,54,164
10/30/2008,BGR,ME,ANE,EN,Combined TRACON& Tower with Radar,7,55,50,67,179,0,2,19,0,21,7,57,69,67,200,56,76,132,332
10/31/2008,BGR,ME,ANE,EN,Combined TRACON& Tower with Radar,6,47,42,25,120,0,5,37,2,44,6,52,79,27,164,12,100,112,276
11/01/2008,BGR,ME,ANE,EN,Combined TRACON& Tower with Radar,10,25,12,7,54,0,0,15,0,15,10,25,27,7,69,0,0,0,69
11/02/2008,BGR,ME,ANE,EN,Combined TRACON& Tower with Radar,6,35,32,10,83,0,0,27,0,27,6,35,59,10,110,6,8,14,124
11/03/2008,BGR,ME,ANE,EN,Combined TRACON& Tower with Radar,11,29,24,27,91,0,3,11,2,16,11,32,35,29,107,0,64,64,171
11/04/2008,BGR,ME,ANE,EN,Combined TRACON& Tower with Radar,12,40,18,31,101,0,0,16,4,20,12,40,34,35,121,32,26,58,179
11/05/2008,BGR,ME,ANE,EN,Combined TRACON& Tower with Radar,15,77,40,57,189,0,5,23,4,32,15,82,63,61,221,62,36,98,319
11/06/2008,BGR,ME,ANE,EN,Combined TRACON& Tower with Radar,8,39,36,73,156,0,0,5,2,7,8,39,41,75,163,2,10,12,175
11/07/2008,BGR,ME,ANE,EN,Combined TRACON& Tower with Radar,7,36,26,15,84,0,0,0,0,0,7,36,26,15,84,0,0,0,84
11/08/2008,BGR,ME,ANE,EN,Combined TRACON& Tower with Radar,6,25,14,2,47,0,0,0,0,0,6,25,14,2,47,0,0,0,47
11/09/2008,BGR,ME,ANE,EN,Combined TRACON& Tower with Radar,2,28,32,8,70,0,1,5,0,6,2,29,37,8,76,0,0,0,76
11/10/2008,BGR,ME,ANE,EN,Combined TRACON& Tower with Radar,4,28,25,5,62,0,1,8,0,9,4,29,33,5,71,0,0,0,71
11/11/2008,BGR,ME,ANE,EN,Combined TRACON& Tower with Radar,6,48,20,10,84,0,1,9,0,10,6,49,29,10,94,24,0,24,118
11/12/2008,BGR,ME,ANE,EN,Combined TRACON& Tower with Radar,11,44,26,70,151,0,2,29,0,31,11,46,55,70,182,72,72,144,326
11/13/2008,BGR,ME,ANE,EN,Combined TRACON& Tower with Radar,14,34,33,35,116,0,0,14,0,14,14,34,47,35,130,10,36,46,176
11/14/2008,BGR,ME,ANE,EN,Combined TRACON& Tower with Radar,8,38,13,26,85,0,0,0,0,0,8,38,13,26,85,0,0,0,85
11/15/2008,BGR,ME,ANE,EN,Combined TRACON& Tower with Radar,7,34,19,3,63,0,0,0,0,0,7,34,19,3,63,0,0,0,63
11/16/2008,BGR,ME,ANE,EN,Combined TRACON& Tower with Radar,11,30,26,14,81,0,0,6,0,6,11,30,32,14,87,18,0,18,105
11/17/2008,BGR,ME,ANE,EN,Combined TRACON& Tower with Radar,16,41,37,59,153,0,4,27,5,36,16,45,64,64,189,22,126,148,337
11/18/2008,BGR,ME,ANE,EN,Combined TRACON& Tower with Radar,12,64,27,49,152,0,1,18,1,20,12,65,45,50,172,20,104,124,296
11/19/2008,BGR,ME,ANE,EN,Combined TRACON& Tower with Radar,19,56,27,60,162,0,3,5,2,10,19,59,32,62,172,24,88,112,284
11/20/2008,BGR,ME,ANE,EN,Combined TRACON& Tower with Radar,15,60,29,21,125,0,6,29,0,35,15,66,58,21,160,30,10,40,200
11/21/2008,BGR,ME,ANE,EN,Combined TRACON& Tower with Radar,9,37,22,55,123,0,5,21,0,26,9,42,43,55,149,74,22,96,245
11/22/2008,BGR,ME,ANE,EN,Combined TRACON& Tower with Radar,9,28,9,10,56,0,1,0,0,1,9,29,9,10,57,0,0,0,57
11/23/2008,BGR,ME,ANE,EN,Combined TRACON& Tower with Radar,4,34,32,7,77,0,0,5,0,5,4,34,37,7,82,0,0,0,82
11/24/2008,BGR,ME,ANE,EN,Combined TRACON& Tower with Radar,6,38,10,90,144,0,1,24,3,28,6,39,34,93,172,14,130,144,316
11/25/2008,BGR,ME,ANE,EN,Combined TRACON& Tower with Radar,12,36,30,6,84,0,0,1,0,1,12,36,31,6,85,0,52,52,137
11/26/2008,BGR,ME,ANE,EN,Combined TRACON& Tower with Radar,7,47,21,21,96,0,1,22,0,23,7,48,43,21,119,18,48,66,185
11/27/2008,BGR,ME,ANE,EN,Combined TRACON& Tower with Radar,6,21,10,2,39,0,1,14,0,15,6,22,24,2,54,0,0,0,54
11/28/2008,BGR,ME,ANE,EN,Combined TRACON& Tower with Radar,14,29,11,6,60,0,0,9,0,9,14,29,20,6,69,18,0,18,87
11/29/2008,BGR,ME,ANE,EN,Combined TRACON& Tower with Radar,10,32,21,12,75,0,1,18,0,19,10,33,39,12,94,36,2,38,132
11/30/2008,BGR,ME,ANE,EN,Combined TRACON& Tower with Radar,10,26,22,3,61,0,1,17,0,18,10,27,39,3,79,32,0,32,111
12/01/2008,BGR,ME,ANE,EN,Combined TRACON& Tower with Radar,7,35,17,27,86,0,0,0,0,0,7,35,17,27,86,0,8,8,94
12/02/2008,BGR,ME,ANE,EN,Combined TRACON& Tower with Radar,6,39,14,29,88,0,2,8,1,11,6,41,22,30,99,0,8,8,107
12/03/2008,BGR,ME,ANE,EN,Combined TRACON& Tower with Radar,13,44,30,39,126,0,2,21,10,33,13,46,51,49,159,67,52,119,278
12/04/2008,BGR,ME,ANE,EN,Combined TRACON& Tower with Radar,19,39,21,98,177,0,3,6,3,12,19,42,27,101,189,0,26,26,215
12/05/2008,BGR,ME,ANE,EN,Combined TRACON& Tower with Radar,8,46,21,22,97,0,4,19,0,23,8,50,40,22,120,7,14,21,141
12/06/2008,BGR,ME,ANE,EN,Combined TRACON& Tower with Radar,18,24,18,40,100,0,0,3,0,3,18,24,21,40,103,0,0,0,103
12/07/2008,BGR,ME,ANE,EN,Combined TRACON& Tower with Radar,9,28,15,4,56,0,0,0,0,0,9,28,15,4,56,0,0,0,56
12/08/2008,BGR,ME,ANE,EN,Combined TRACON& Tower with Radar,15,29,14,27,85,0,0,17,0,17,15,29,31,27,102,0,30,30,132
12/09/2008,BGR,ME,ANE,EN,Combined TRACON& Tower with Radar,9,36,12,27,84,0,0,1,0,1,9,36,13,27,85,0,8,8,93
12/10/2008,BGR,ME,ANE,EN,Combined TRACON& Tower with Radar,11,47,18,32,108,0,0,0,0,0,11,47,18,32,108,0,8,8,116
12/11/2008,BGR,ME,ANE,EN,Combined TRACON& Tower with Radar,4,25,20,32,81,0,0,5,0,5,4,25,25,32,86,0,0,0,86
12/12/2008,BGR,ME,ANE,EN,Combined TRACON& Tower with Radar,5,27,16,6,54,0,1,2,0,3,5,28,18,6,57,0,0,0,57
12/13/2008,BGR,ME,ANE,EN,Combined TRACON& Tower with Radar,9,35,12,9,65,0,1,8,2,11,9,36,20,11,76,0,0,0,76
12/14/2008,BGR,ME,ANE,EN,Combined TRACON& Tower with Radar,5,26,19,10,60,0,0,18,0,18,5,26,37,10,78,0,0,0,78
12/15/2008,BGR,ME,ANE,EN,Combined TRACON& Tower with Radar,17,39,24,5,85,0,0,3,0,3,17,39,27,5,88,0,0,0,88
12/16/2008,BGR,ME,ANE,EN,Combined TRACON& Tower with Radar,10,38,26,61,135,0,1,14,2,17,10,39,40,63,152,16,24,40,192
12/17/2008,BGR,ME,ANE,EN,Combined TRACON& Tower with Radar,13,36,15,18,82,0,0,1,0,1,13,36,16,18,83,0,0,0,83
12/18/2008,BGR,ME,ANE,EN,Combined TRACON& Tower with Radar,11,44,33,88,176,0,0,40,5,45,11,44,73,93,221,14,40,54,275
12/19/2008,BGR,ME,ANE,EN,Combined TRACON& Tower with Radar,25,31,9,17,82,0,0,11,3,14,25,31,20,20,96,0,32,32,128
12/20/2008,BGR,ME,ANE,EN,Combined TRACON& Tower with Radar,21,20,18,7,66,0,0,12,3,15,21,20,30,10,81,10,0,10,91
12/21/2008,BGR,ME,ANE,EN,Combined TRACON& Tower with Radar,12,15,12,1,40,0,0,0,0,0,12,15,12,1,40,0,0,0,40
12/22/2008,BGR,ME,ANE,EN,Combined TRACON& Tower with Radar,7,28,16,8,59,0,0,1,0,1,7,28,17,8,60,0,0,0,60
12/23/2008,BGR,ME,ANE,EN,Combined TRACON& Tower with Radar,11,41,15,41,108,0,5,7,0,12,11,46,22,41,120,0,28,28,148
12/24/2008,BGR,ME,ANE,EN,Combined TRACON& Tower with Radar,12,33,5,1,51,0,0,0,0,0,12,33,5,1,51,0,0,0,51
12/25/2008,BGR,ME,ANE,EN,Combined TRACON& Tower with Radar,4,16,1,1,22,0,2,0,0,2,4,18,1,1,24,0,0,0,24
12/26/2008,BGR,ME,ANE,EN,Combined TRACON& Tower with Radar,4,43,15,8,70,0,0,17,0,17,4,43,32,8,87,0,0,0,87
12/27/2008,BGR,ME,ANE,EN,Combined TRACON& Tower with Radar,5,31,3,2,41,0,0,1,0,1,5,31,4,2,42,0,0,0,42
12/28/2008,BGR,ME,ANE,EN,Combined TRACON& Tower with Radar,2,24,6,3,35,0,1,0,0,1,2,25,6,3,36,0,0,0,36
12/29/2008,BGR,ME,ANE,EN,Combined TRACON& Tower with Radar,8,33,22,49,112,0,4,23,6,33,8,37,45,55,145,4,88,92,237
12/30/2008,BGR,ME,ANE,EN,Combined TRACON& Tower with Radar,10,37,13,73,133,0,0,3,0,3,10,37,16,73,136,0,0,0,136
12/31/2008,BGR,ME,ANE,EN,Combined TRACON& Tower with Radar,16,37,25,46,124,0,0,9,8,17,16,37,34,54,141,0,22,22,163
01/01/2009,BGR,ME,ANE,EN,Combined TRACON& Tower with Radar,5,24,4,2,35,0,0,0,0,0,5,24,4,2,35,0,0,0,35
01/02/2009,BGR,ME,ANE,EN,Combined TRACON& Tower with Radar,9,43,18,1,71,0,2,11,3,16,9,45,29,4,87,22,0,22,109
01/03/2009,BGR,ME,ANE,EN,Combined TRACON& Tower with Radar,15,27,13,7,62,0,1,8,0,9,15,28,21,7,71,22,0,22,93
01/04/2009,BGR,ME,ANE,EN,Combined TRACON& Tower with Radar,12,35,13,8,68,0,1,16,0,17,12,36,29,8,85,28,0,28,113
01/05/2009,BGR,ME,ANE,EN,Combined TRACON& Tower with Radar,7,34,21,52,114,0,1,7,1,9,7,35,28,53,123,0,30,30,153
01/06/2009,BGR,ME,ANE,EN,Combined TRACON& Tower with Radar,12,36,12,36,96,0,1,19,3,23,12,37,31,39,119,8,14,22,141
01/07/2009,BGR,ME,ANE,EN,Combined TRACON& Tower with Radar,9,26,7,8,50,0,1,0,0,1,9,27,7,8,51,2,4,6,57
01/08/2009,BGR,ME,ANE,EN,Combined TRACON& Tower with Radar,11,42,30,78,161,0,0,4,1,5,11,42,34,79,166,0,34,34,200
01/09/2009,BGR,ME,ANE,EN,Combined TRACON& Tower with Radar,10,38,19,15,82,0,0,16,1,17,10,38,35,16,99,24,0,24,123
01/10/2009,BGR,ME,ANE,EN,Combined TRACON& Tower with Radar,16,36,19,7,78,0,1,29,6,36,16,37,48,13,114,68,0,68,182
01/11/2009,BGR,ME,ANE,EN,Combined TRACON& Tower with Radar,15,22,11,12,60,0,0,2,0,2,15,22,13,12,62,0,0,0,62
01/12/2009,BGR,ME,ANE,EN,Combined TRACON& Tower with Radar,7,34,20,56,117,0,3,6,10,19,7,37,26,66,136,6,46,52,188
01/13/2009,BGR,ME,ANE,EN,Combined TRACON& Tower with Radar,7,37,23,47,114,0,1,12,6,19,7,38,35,53,133,14,44,58,191
01/14/2009,BGR,ME,ANE,EN,Combined TRACON& Tower with Radar,11,48,28,48,135,0,6,4,2,12,11,54,32,50,147,14,40,54,201
01/15/2009,BGR,ME,ANE,EN,Combined TRACON& Tower with Radar,16,31,12,48,107,0,5,7,0,12,16,36,19,48,119,2,28,30,149
01/16/2009,BGR,ME,ANE,EN,Combined TRACON& Tower with Radar,16,41,19,25,101,0,2,2,1,5,16,43,21,26,106,0,22,22,128
01/17/2009,BGR,ME,ANE,EN,Combined TRACON& Tower with Radar,9,32,16,7,64,0,4,5,0,9,9,36,21,7,73,0,0,0,73
01/18/2009,BGR,ME,ANE,EN,Combined TRACON& Tower with Radar,6,13,9,1,29,0,0,0,0,0,6,13,9,1,29,0,0,0,29
01/19/2009,BGR,ME,ANE,EN,Combined TRACON& Tower with Radar,16,29,25,5,75,0,1,3,0,4,16,30,28,5,79,2,0,2,81
01/20/2009,BGR,ME,ANE,EN,Combined TRACON& Tower with Radar,10,37,14,46,107,0,4,5,0,9,10,41,19,46,116,0,30,30,146
01/21/2009,BGR,ME,ANE,EN,Combined TRACON& Tower with Radar,10,35,15,41,101,0,1,7,0,8,10,36,22,41,109,6,10,16,125
01/22/2009,BGR,ME,ANE,EN,Combined TRACON& Tower with Radar,12,36,18,34,100,0,1,4,1,6,12,37,22,35,106,0,64,64,170
01/23/2009,BGR,ME,ANE,EN,Combined TRACON& Tower with Radar,14,42,27,60,143,0,2,6,3,11,14,44,33,63,154,6,52,58,212
01/24/2009,BGR,ME,ANE,EN,Combined TRACON& Tower with Radar,10,24,8,5,47,0,3,3,0,6,10,27,11,5,53,0,0,0,53
01/25/2009,BGR,ME,ANE,EN,Combined TRACON& Tower with Radar,14,19,31,7,71,0,3,12,1,16,14,22,43,8,87,0,0,0,87
01/26/2009,BGR,ME,ANE,EN,Combined TRACON& Tower with Radar,5,33,19,35,92,0,1,10,4,15,5,34,29,39,107,34,52,86,193
01/27/2009,BGR,ME,ANE,EN,Combined TRACON& Tower with Radar,12,29,18,69,128,0,0,15,0,15,12,29,33,69,143,12,28,40,183
01/28/2009,BGR,ME,ANE,EN,Combined TRACON& Tower with Radar,12,22,17,18,69,0,0,1,0,1,12,22,18,18,70,0,34,34,104
01/29/2009,BGR,ME,ANE,EN,Combined TRACON& Tower with Radar,11,38,17,66,132,0,3,13,0,16,11,41,30,66,148,0,46,46,194
01/30/2009,BGR,ME,ANE,EN,Combined TRACON& Tower with Radar,8,39,16,5,68,0,1,21,0,22,8,40,37,5,90,12,12,24,114
01/31/2009,BGR,ME,ANE,EN,Combined TRACON& Tower with Radar,12,25,20,5,62,0,4,4,0,8,12,29,24,5,70,2,0,2,72
02/01/2009,BGR,ME,ANE,EN,Combined TRACON& Tower with Radar,7,24,25,4,60,0,2,10,0,12,7,26,35,4,72,8,0,8,80
02/02/2009,BGR,ME,ANE,EN,Combined TRACON& Tower with Radar,10,32,7,11,60,0,3,12,5,20,10,35,19,16,80,16,0,16,96
02/03/2009,BGR,ME,ANE,EN,Combined TRACON& Tower with Radar,6,29,27,36,98,0,0,17,0,17,6,29,44,36,115,0,82,82,197
02/04/2009,BGR,ME,ANE,EN,Combined TRACON& Tower with Radar,8,37,14,11,70,0,1,14,0,15,8,38,28,11,85,0,18,18,103
02/05/2009,BGR,ME,ANE,EN,Combined TRACON& Tower with Radar,6,50,18,19,93,0,2,11,1,14,6,52,29,20,107,4,0,4,111
02/06/2009,BGR,ME,ANE,EN,Combined TRACON& Tower with Radar,12,35,36,21,104,0,4,24,3,31,12,39,60,24,135,10,10,20,155
02/07/2009,BGR,ME,ANE,EN,Combined TRACON& Tower with Radar,11,41,24,27,103,0,7,23,2,32,11,48,47,29,135,44,16,60,195
02/08/2009,BGR,ME,ANE,EN,Combined TRACON& Tower with Radar,15,22,13,21,71,0,2,5,2,9,15,24,18,23,80,8,21,29,109
02/09/2009,BGR,ME,ANE,EN,Combined TRACON& Tower with Radar,7,36,22,27,92,0,2,15,6,23,7,38,37,33,115,4,6,10,125
02/10/2009,BGR,ME,ANE,EN,Combined TRACON& Tower with Radar,7,42,20,39,108,0,0,13,2,15,7,42,33,41,123,33,36,69,192
02/11/2009,BGR,ME,ANE,EN,Combined TRACON& Tower with Radar,16,51,32,48,147,0,3,14,0,17,16,54,46,48,164,44,88,132,296
02/12/2009,BGR,ME,ANE,EN,Combined TRACON& Tower with Radar,11,31,17,22,81,0,0,0,0,0,11,31,17,22,81,0,0,0,81
02/13/2009,BGR,ME,ANE,EN,Combined TRACON& Tower with Radar,7,38,21,20,86,0,2,2,0,4,7,40,23,20,90,0,14,14,104
02/14/2009,BGR,ME,ANE,EN,Combined TRACON& Tower with Radar,7,25,11,9,52,0,1,3,1,5,7,26,14,10,57,0,10,10,67
02/15/2009,BGR,ME,ANE,EN,Combined TRACON& Tower with Radar,20,22,13,5,60,0,4,17,0,21,20,26,30,5,81,26,4,30,111
02/16/2009,BGR,ME,ANE,EN,Combined TRACON& Tower with Radar,7,32,11,2,52,0,0,10,0,10,7,32,21,2,62,38,0,38,100
02/17/2009,BGR,ME,ANE,EN,Combined TRACON& Tower with Radar,16,36,13,53,118,0,6,20,0,26,16,42,33,53,144,30,34,64,208
02/18/2009,BGR,ME,ANE,EN,Combined TRACON& Tower with Radar,17,36,28,46,127,0,3,17,15,35,17,39,45,61,162,48,96,144,306
02/19/2009,BGR,ME,ANE,EN,Combined TRACON& Tower with Radar,5,37,11,2,55,0,0,1,0,1,5,37,12,2,56,0,0,0,56
02/20/2009,BGR,ME,ANE,EN,Combined TRACON& Tower with Radar,4,35,14,10,63,0,0,2,0,2,4,35,16,10,65,0,0,0,65
02/21/2009,BGR,ME,ANE,EN,Combined TRACON& Tower with Radar,7,27,12,3,49,0,0,11,0,11,7,27,23,3,60,0,0,0,60
02/22/2009,BGR,ME,ANE,EN,Combined TRACON& Tower with Radar,9,18,7,1,35,0,1,0,0,1,9,19,7,1,36,0,0,0,36
02/23/2009,BGR,ME,ANE,EN,Combined TRACON& Tower with Radar,6,25,4,1,36,0,0,0,0,0,6,25,4,1,36,0,0,0,36
02/24/2009,BGR,ME,ANE,EN,Combined TRACON& Tower with Radar,3,35,12,33,83,0,1,5,0,6,3,36,17,33,89,0,20,20,109
02/25/2009,BGR,ME,ANE,EN,Combined TRACON& Tower with Radar,6,38,13,45,102,0,2,24,1,27,6,40,37,46,129,0,44,44,173
02/26/2009,BGR,ME,ANE,EN,Combined TRACON& Tower with Radar,9,34,3,47,93,0,0,8,2,10,9,34,11,49,103,8,18,26,129
02/27/2009,BGR,ME,ANE,EN,Combined TRACON& Tower with Radar,8,31,13,19,71,0,6,3,0,9,8,37,16,19,80,0,0,0,80
02/28/2009,BGR,ME,ANE,EN,Combined TRACON& Tower with Radar,6,29,6,5,46,0,0,11,0,11,6,29,17,5,57,8,0,8,65
03/01/2009,BGR,ME,ANE,EN,Combined TRACON& Tower with Radar,7,23,7,5,42,0,2,6,0,8,7,25,13,5,50,4,0,4,54
03/02/2009,BGR,ME,ANE,EN,Combined TRACON& Tower with Radar,15,7,3,1,26,0,0,0,0,0,15,7,3,1,26,0,0,0,26
03/03/2009,BGR,ME,ANE,EN,Combined TRACON& Tower with Radar,5,26,27,26,84,0,0,8,0,8,5,26,35,26,92,10,6,16,108
03/04/2009,BGR,ME,ANE,EN,Combined TRACON& Tower with Radar,7,40,19,30,96,0,0,17,0,17,7,40,36,30,113,6,16,22,135
03/05/2009,BGR,ME,ANE,EN,Combined TRACON& Tower with Radar,9,44,19,54,126,0,10,24,0,34,9,54,43,54,160,0,70,70,230
03/06/2009,BGR,ME,ANE,EN,Combined TRACON& Tower with Radar,8,32,19,5,64,0,0,0,0,0,8,32,19,5,64,0,0,0,64
03/07/2009,BGR,ME,ANE,EN,Combined TRACON& Tower with Radar,17,28,5,4,54,0,1,18,0,19,17,29,23,4,73,28,0,28,101
03/08/2009,BGR,ME,ANE,EN,Combined TRACON& Tower with Radar,10,23,10,2,45,0,2,5,1,8,10,25,15,3,53,0,0,0,53
03/09/2009,BGR,ME,ANE,EN,Combined TRACON& Tower with Radar,12,29,7,40,88,0,0,12,0,12,12,29,19,40,100,4,14,18,118
03/10/2009,BGR,ME,ANE,EN,Combined TRACON& Tower with Radar,6,54,14,62,136,0,3,31,2,36,6,57,45,64,172,54,20,74,246
03/11/2009,BGR,ME,ANE,EN,Combined TRACON& Tower with Radar,6,30,11,2,49,0,2,0,0,2,6,32,11,2,51,0,0,0,51
03/12/2009,BGR,ME,ANE,EN,Combined TRACON& Tower with Radar,9,23,20,27,79,0,1,13,3,17,9,24,33,30,96,0,14,14,110
03/13/2009,BGR,ME,ANE,EN,Combined TRACON& Tower with Radar,4,40,17,21,82,0,0,15,0,15,4,40,32,21,97,3,19,22,119
03/14/2009,BGR,ME,ANE,EN,Combined TRACON& Tower with Radar,13,25,11,8,57,0,0,15,0,15,13,25,26,8,72,22,0,22,94
03/15/2009,BGR,ME,ANE,EN,Combined TRACON& Tower with Radar,7,24,11,4,46,0,0,28,0,28,7,24,39,4,74,17,0,17,91
03/16/2009,BGR,ME,ANE,EN,Combined TRACON& Tower with Radar,6,31,24,20,81,0,0,11,1,12,6,31,35,21,93,0,38,38,131
03/17/2009,BGR,ME,ANE,EN,Combined TRACON& Tower with Radar,7,36,20,44,107,0,0,26,6,32,7,36,46,50,139,6,26,32,171
03/18/2009,BGR,ME,ANE,EN,Combined TRACON& Tower with Radar,113,38,14,42,207,0,1,3,0,4,113,39,17,42,211,0,26,26,237
03/19/2009,BGR,ME,ANE,EN,Combined TRACON& Tower with Radar,7,43,32,60,142,0,1,5,4,10,7,44,37,64,152,4,52,56,208
03/20/2009,BGR,ME,ANE,EN,Combined TRACON& Tower with Radar,15,31,26,28,100,0,2,18,3,23,15,33,44,31,123,0,26,26,149
03/21/2009,BGR,ME,ANE,EN,Combined TRACON& Tower with Radar,8,28,13,4,53,0,0,47,0,47,8,28,60,4,100,76,0,76,176
03/22/2009,BGR,ME,ANE,EN,Combined TRACON& Tower with Radar,18,26,10,8,62,0,0,11,0,11,18,26,21,8,73,10,0,10,83
03/23/2009,BGR,ME,ANE,EN,Combined TRACON& Tower with Radar,10,32,13,34,89,0,0,6,2,8,10,32,19,36,97,0,11,11,108
03/24/2009,BGR,ME,ANE,EN,Combined TRACON& Tower with Radar,9,32,8,7,56,0,0,6,0,6,9,32,14,7,62,4,0,4,66
03/25/2009,BGR,ME,ANE,EN,Combined TRACON& Tower with Radar,18,34,21,29,102,0,4,20,2,26,18,38,41,31,128,18,35,53,181
03/26/2009,BGR,ME,ANE,EN,Combined TRACON& Tower with Radar,11,32,18,35,96,0,1,36,3,40,11,33,54,38,136,14,38,52,188
03/27/2009,BGR,ME,ANE,EN,Combined TRACON& Tower with Radar,9,42,15,28,94,0,1,2,0,3,9,43,17,28,97,18,4,22,119
03/28/2009,BGR,ME,ANE,EN,Combined TRACON& Tower with Radar,6,30,10,11,57,0,0,11,0,11,6,30,21,11,68,26,0,26,94
03/29/2009,BGR,ME,ANE,EN,Combined TRACON& Tower with Radar,7,25,11,7,50,0,0,0,0,0,7,25,11,7,50,0,0,0,50
03/30/2009,BGR,ME,ANE,EN,Combined TRACON& Tower with Radar,5,32,22,13,72,0,0,0,0,0,5,32,22,13,72,0,0,0,72
03/31/2009,BGR,ME,ANE,EN,Combined TRACON& Tower with Radar,6,35,35,54,130,0,2,13,1,16,6,37,48,55,146,12,44,56,202
04/01/2009,BGR,ME,ANE,EN,Combined TRACON& Tower with Radar,15,31,19,34,99,0,1,9,1,11,15,32,28,35,110,0,0,0,110
04/02/2009,BGR,ME,ANE,EN,Combined TRACON& Tower with Radar,5,44,17,39,105,0,3,5,1,9,5,47,22,40,114,0,8,8,122
04/03/2009,BGR,ME,ANE,EN,Combined TRACON& Tower with Radar,8,30,10,6,54,0,0,0,0,0,8,30,10,6,54,0,0,0,54
04/04/2009,BGR,ME,ANE,EN,Combined TRACON& Tower with Radar,9,26,11,6,52,0,0,0,0,0,9,26,11,6,52,0,0,0,52
04/05/2009,BGR,ME,ANE,EN,Combined TRACON& Tower with Radar,12,29,16,7,64,0,3,10,0,13,12,32,26,7,77,16,0,16,93
04/06/2009,BGR,ME,ANE,EN,Combined TRACON& Tower with Radar,17,29,17,38,101,0,0,9,2,11,17,29,26,40,112,14,48,62,174
04/07/2009,BGR,ME,ANE,EN,Combined TRACON& Tower with Radar,2,35,19,17,73,0,0,0,0,0,2,35,19,17,73,0,0,0,73
04/08/2009,BGR,ME,ANE,EN,Combined TRACON& Tower with Radar,4,44,30,26,104,0,1,9,7,17,4,45,39,33,121,6,10,16,137
04/09/2009,BGR,ME,ANE,EN,Combined TRACON& Tower with Radar,8,37,19,33,97,0,2,19,8,29,8,39,38,41,126,6,28,34,160
04/10/2009,BGR,ME,ANE,EN,Combined TRACON& Tower with Radar,5,35,15,30,85,0,0,32,4,36,5,35,47,34,121,4,4,8,129
04/11/2009,BGR,ME,ANE,EN,Combined TRACON& Tower with Radar,8,27,16,8,59,0,0,8,0,8,8,27,24,8,67,0,0,0,67
04/12/2009,BGR,ME,ANE,EN,Combined TRACON& Tower with Radar,6,27,8,7,48,0,0,5,1,6,6,27,13,8,54,20,0,20,74
04/13/2009,BGR,ME,ANE,EN,Combined TRACON& Tower with Radar,6,32,10,27,75,0,0,15,0,15,6,32,25,27,90,2,44,46,136
04/14/2009,BGR,ME,ANE,EN,Combined TRACON& Tower with Radar,4,28,13,42,87,0,0,21,14,35,4,28,34,56,122,0,22,22,144
04/15/2009,BGR,ME,ANE,EN,Combined TRACON& Tower with Radar,8,30,16,46,100,0,1,13,8,22,8,31,29,54,122,0,24,24,146
04/16/2009,BGR,ME,ANE,EN,Combined TRACON& Tower with Radar,7,35,27,33,102,0,0,50,4,54,7,35,77,37,156,20,20,40,196
04/17/2009,BGR,ME,ANE,EN,Combined TRACON& Tower with Radar,8,49,14,11,82,0,2,19,2,23,8,51,33,13,105,0,0,0,105
04/18/2009,BGR,ME,ANE,EN,Combined TRACON& Tower with Radar,8,26,31,7,72,0,0,18,0,18,8,26,49,7,90,18,0,18,108
04/19/2009,BGR,ME,ANE,EN,Combined TRACON& Tower with Radar,9,22,25,3,59,0,4,21,0,25,9,26,46,3,84,0,0,0,84
04/20/2009,BGR,ME,ANE,EN,Combined TRACON& Tower with Radar,6,33,10,12,61,0,2,24,7,33,6,35,34,19,94,10,98,108,202
04/21/2009,BGR,ME,ANE,EN,Combined TRACON& Tower with Radar,10,51,6,21,88,0,0,1,0,1,10,51,7,21,89,0,0,0,89
04/22/2009,BGR,ME,ANE,EN,Combined TRACON& Tower with Radar,9,32,19,13,73,0,0,4,0,4,9,32,23,13,77,0,0,0,77
04/23/2009,BGR,ME,ANE,EN,Combined TRACON& Tower with Radar,5,41,28,24,98,0,0,7,8,15,5,41,35,32,113,0,0,0,113
04/24/2009,BGR,ME,ANE,EN,Combined TRACON& Tower with Radar,7,39,22,38,106,0,2,24,6,32,7,41,46,44,138,2,20,22,160
04/25/2009,BGR,ME,ANE,EN,Combined TRACON& Tower with Radar,7,29,19,7,62,0,1,16,0,17,7,30,35,7,79,4,0,4,83
04/26/2009,BGR,ME,ANE,EN,Combined TRACON& Tower with Radar,8,29,17,8,62,0,0,16,0,16,8,29,33,8,78,28,0,28,106
04/27/2009,BGR,ME,ANE,EN,Combined TRACON& Tower with Radar,12,38,10,26,86,0,1,3,0,4,12,39,13,26,90,0,4,4,94
04/28/2009,BGR,ME,ANE,EN,Combined TRACON& Tower with Radar,10,30,17,17,74,0,1,16,5,22,10,31,33,22,96,4,2,6,102
04/29/2009,BGR,ME,ANE,EN,Combined TRACON& Tower with Radar,6,39,23,64,132,0,1,14,15,30,6,40,37,79,162,6,8,14,176
04/30/2009,BGR,ME,ANE,EN,Combined TRACON& Tower with Radar,1,37,28,43,109,0,2,23,4,29,1,39,51,47,138,6,32,38,176
05/01/2009,BGR,ME,ANE,EN,Combined TRACON& Tower with Radar,6,41,13,6,66,0,0,3,0,3,6,41,16,6,69,0,0,0,69
05/02/2009,BGR,ME,ANE,EN,Combined TRACON& Tower with Radar,8,26,15,5,54,0,0,20,0,20,8,26,35,5,74,38,0,38,112
05/03/2009,BGR,ME,ANE,EN,Combined TRACON& Tower with Radar,2,24,15,1,42,0,0,16,3,19,2,24,31,4,61,4,0,4,65
05/04/2009,BGR,ME,ANE,EN,Combined TRACON& Tower with Radar,12,29,13,32,86,0,2,20,3,25,12,31,33,35,111,0,24,24,135
05/05/2009,BGR,ME,ANE,EN,Combined TRACON& Tower with Radar,8,37,18,9,72,0,0,2,6,8,8,37,20,15,80,0,0,0,80
05/06/2009,BGR,ME,ANE,EN,Combined TRACON& Tower with Radar,8,40,22,44,114,0,0,3,0,3,8,40,25,44,117,0,4,4,121
05/07/2009,BGR,ME,ANE,EN,Combined TRACON& Tower with Radar,2,38,22,18,80,0,2,0,0,2,2,40,22,18,82,0,0,0,82
05/08/2009,BGR,ME,ANE,EN,Combined TRACON& Tower with Radar,9,46,26,45,126,0,0,4,2,6,9,46,30,47,132,10,4,14,146
05/09/2009,BGR,ME,ANE,EN,Combined TRACON& Tower with Radar,7,35,18,4,64,0,1,22,1,24,7,36,40,5,88,8,0,8,96
05/10/2009,BGR,ME,ANE,EN,Combined TRACON& Tower with Radar,5,24,13,18,60,0,1,3,0,4,5,25,16,18,64,0,0,0,64
05/11/2009,BGR,ME,ANE,EN,Combined TRACON& Tower with Radar,4,38,16,50,108,0,0,8,0,8,4,38,24,50,116,0,12,12,128
05/12/2009,BGR,ME,ANE,EN,Combined TRACON& Tower with Radar,5,38,21,36,100,0,0,20,1,21,5,38,41,37,121,32,12,44,165
05/13/2009,BGR,ME,ANE,EN,Combined TRACON& Tower with Radar,8,37,52,41,138,0,0,22,14,36,8,37,74,55,174,12,6,18,192
05/14/2009,BGR,ME,ANE,EN,Combined TRACON& Tower with Radar,5,41,24,10,80,0,3,8,1,12,5,44,32,11,92,4,8,12,104
05/15/2009,BGR,ME,ANE,EN,Combined TRACON& Tower with Radar,8,35,29,29,101,0,0,9,15,24,8,35,38,44,125,0,2,2,127
05/16/2009,BGR,ME,ANE,EN,Combined TRACON& Tower with Radar,3,28,15,5,51,0,2,12,15,29,3,30,27,20,80,60,6,66,146
05/17/2009,BGR,ME,ANE,EN,Combined TRACON& Tower with Radar,4,32,27,10,73,0,0,7,0,7,4,32,34,10,80,0,0,0,80
05/18/2009,BGR,ME,ANE,EN,Combined TRACON& Tower with Radar,7,33,20,23,83,0,0,16,5,21,7,33,36,28,104,6,0,6,110
05/19/2009,BGR,ME,ANE,EN,Combined TRACON& Tower with Radar,4,36,20,40,100,0,0,25,10,35,4,36,45,50,135,0,8,8,143
05/20/2009,BGR,ME,ANE,EN,Combined TRACON& Tower with Radar,4,45,32,31,112,0,1,18,17,36,4,46,50,48,148,26,8,34,182
05/21/2009,BGR,ME,ANE,EN,Combined TRACON& Tower with Radar,5,39,23,10,77,0,1,26,8,35,5,40,49,18,112,22,0,22,134
05/22/2009,BGR,ME,ANE,EN,Combined TRACON& Tower with Radar,5,40,28,8,81,0,4,32,3,39,5,44,60,11,120,19,4,23,143
05/23/2009,BGR,ME,ANE,EN,Combined TRACON& Tower with Radar,5,28,20,22,75,0,0,24,0,24,5,28,44,22,99,21,2,23,122
05/24/2009,BGR,ME,ANE,EN,Combined TRACON& Tower with Radar,0,23,12,3,38,0,0,10,0,10,0,23,22,3,48,0,0,0,48
05/25/2009,BGR,ME,ANE,EN,Combined TRACON& Tower with Radar,4,37,15,8,64,0,1,14,7,22,4,38,29,15,86,8,0,8,94
05/26/2009,BGR,ME,ANE,EN,Combined TRACON& Tower with Radar,9,39,24,26,98,0,2,38,7,47,9,41,62,33,145,26,2,28,173
05/27/2009,BGR,ME,ANE,EN,Combined TRACON& Tower with Radar,11,44,15,23,93,0,3,2,3,8,11,47,17,26,101,8,20,28,129
05/28/2009,BGR,ME,ANE,EN,Combined TRACON& Tower with Radar,9,45,32,56,142,0,0,1,0,1,9,45,33,56,143,0,0,0,143
05/29/2009,BGR,ME,ANE,EN,Combined TRACON& Tower with Radar,5,49,24,24,102,0,0,0,0,0,5,49,24,24,102,0,0,0,102
05/30/2009,BGR,ME,ANE,EN,Combined TRACON& Tower with Radar,13,28,17,11,69,0,1,11,1,13,13,29,28,12,82,12,8,20,102
05/31/2009,BGR,ME,ANE,EN,Combined TRACON& Tower with Radar,9,32,23,34,98,0,0,23,0,23,9,32,46,34,121,22,12,34,155
06/01/2009,BGR,ME,ANE,EN,Combined TRACON& Tower with Radar,5,38,16,61,120,0,1,14,4,19,5,39,30,65,139,14,36,50,189
06/02/2009,BGR,ME,ANE,EN,Combined TRACON& Tower with Radar,6,43,21,45,115,0,1,20,6,27,6,44,41,51,142,8,50,58,200
06/03/2009,BGR,ME,ANE,EN,Combined TRACON& Tower with Radar,9,47,17,28,101,0,0,17,15,32,9,47,34,43,133,16,72,88,221
06/04/2009,BGR,ME,ANE,EN,Combined TRACON& Tower with Radar,12,50,37,42,141,0,2,46,6,54,12,52,83,48,195,50,54,104,299
06/05/2009,BGR,ME,ANE,EN,Combined TRACON& Tower with Radar,3,35,32,26,96,0,0,25,7,32,3,35,57,33,128,34,48,82,210
06/06/2009,BGR,ME,ANE,EN,Combined TRACON& Tower with Radar,6,39,34,5,84,0,5,20,9,34,6,44,54,14,118,26,8,34,152
06/07/2009,BGR,ME,ANE,EN,Combined TRACON& Tower with Radar,3,35,30,8,76,0,0,20,2,22,3,35,50,10,98,12,10,22,120
06/08/2009,BGR,ME,ANE,EN,Combined TRACON& Tower with Radar,9,39,52,42,142,0,5,20,2,27,9,44,72,44,169,10,74,84,253
06/09/2009,BGR,ME,ANE,EN,Combined TRACON& Tower with Radar,3,44,22,29,98,0,0,9,10,19,3,44,31,39,117,0,70,70,187
06/10/2009,BGR,ME,ANE,EN,Combined TRACON& Tower with Radar,5,43,23,28,99,0,0,0,0,0,5,43,23,28,99,0,0,0,99
06/11/2009,BGR,ME,ANE,EN,Combined TRACON& Tower with Radar,8,42,27,32,109,0,0,4,2,6,8,42,31,34,115,0,14,14,129
06/12/2009,BGR,ME,ANE,EN,Combined TRACON& Tower with Radar,5,42,21,53,121,0,1,4,0,5,5,43,25,53,126,22,0,22,148
06/13/2009,BGR,ME,ANE,EN,Combined TRACON& Tower with Radar,8,39,28,2,77,0,2,31,0,33,8,41,59,2,110,20,0,20,130
06/14/2009,BGR,ME,ANE,EN,Combined TRACON& Tower with Radar,1,44,25,8,78,0,0,2,0,2,1,44,27,8,80,0,0,0,80
06/15/2009,BGR,ME,ANE,EN,Combined TRACON& Tower with Radar,8,36,23,48,115,0,0,8,4,12,8,36,31,52,127,0,52,52,179
06/16/2009,BGR,ME,ANE,EN,Combined TRACON& Tower with Radar,4,46,34,18,102,0,4,12,10,26,4,50,46,28,128,0,20,20,148
06/17/2009,BGR,ME,ANE,EN,Combined TRACON& Tower with Radar,6,47,36,57,146,0,2,39,13,54,6,49,75,70,200,14,54,68,268
06/18/2009,BGR,ME,ANE,EN,Combined TRACON& Tower with Radar,3,46,37,29,115,0,0,26,6,32,3,46,63,35,147,34,14,48,195
06/19/2009,BGR,ME,ANE,EN,Combined TRACON& Tower with Radar,10,50,40,21,121,0,0,2,0,2,10,50,42,21,123,4,0,4,127
06/20/2009,BGR,ME,ANE,EN,Combined TRACON& Tower with Radar,2,43,43,8,96,0,9,1,0,10,2,52,44,8,106,0,0,0,106
06/21/2009,BGR,ME,ANE,EN,Combined TRACON& Tower with Radar,14,36,30,4,84,0,1,4,0,5,14,37,34,4,89,0,0,0,89
06/22/2009,BGR,ME,ANE,EN,Combined TRACON& Tower with Radar,7,44,20,26,97,0,1,5,0,6,7,45,25,26,103,0,0,0,103
06/23/2009,BGR,ME,ANE,EN,Combined TRACON& Tower with Radar,5,41,21,18,85,0,0,0,0,0,5,41,21,18,85,0,0,0,85
06/24/2009,BGR,ME,ANE,EN,Combined TRACON& Tower with Radar,8,49,29,20,106,0,0,0,0,0,8,49,29,20,106,0,0,0,106
06/25/2009,BGR,ME,ANE,EN,Combined TRACON& Tower with Radar,6,45,25,58,134,0,2,18,12,32,6,47,43,70,166,18,37,55,221
06/26/2009,BGR,ME,ANE,EN,Combined TRACON& Tower with Radar,2,49,21,31,103,0,0,0,4,4,2,49,21,35,107,0,0,0,107
06/27/2009,BGR,ME,ANE,EN,Combined TRACON& Tower with Radar,6,52,25,7,90,0,0,1,0,1,6,52,26,7,91,0,0,0,91
06/28/2009,BGR,ME,ANE,EN,Combined TRACON& Tower with Radar,4,43,37,12,96,0,1,2,0,3,4,44,39,12,99,0,0,0,99
06/29/2009,BGR,ME,ANE,EN,Combined TRACON& Tower with Radar,18,39,28,38,123,0,0,0,0,0,18,39,28,38,123,0,6,6,129
06/30/2009,BGR,ME,ANE,EN,Combined TRACON& Tower with Radar,8,48,29,55,140,0,2,3,0,5,8,50,32,55,145,0,24,24,169
07/01/2009,BGR,ME,ANE,EN,Combined TRACON& Tower with Radar,17,43,17,56,133,0,4,9,3,16,17,47,26,59,149,0,14,14,163
07/02/2009,BGR,ME,ANE,EN,Combined TRACON& Tower with Radar,10,52,56,28,146,0,1,4,0,5,10,53,60,28,151,4,0,4,155
07/03/2009,BGR,ME,ANE,EN,Combined TRACON& Tower with Radar,17,49,21,5,92,0,4,1,0,5,17,53,22,5,97,0,0,0,97
07/04/2009,BGR,ME,ANE,EN,Combined TRACON& Tower with Radar,8,40,12,5,65,0,0,1,0,1,8,40,13,5,66,0,0,0,66
07/05/2009,BGR,ME,ANE,EN,Combined TRACON& Tower with Radar,4,50,33,5,92,0,7,14,0,21,4,57,47,5,113,4,6,10,123
07/06/2009,BGR,ME,ANE,EN,Combined TRACON& Tower with Radar,6,45,30,52,133,0,0,8,0,8,6,45,38,52,141,10,36,46,187
07/07/2009,BGR,ME,ANE,EN,Combined TRACON& Tower with Radar,14,43,28,33,118,0,0,1,2,3,14,43,29,35,121,0,0,0,121
07/08/2009,BGR,ME,ANE,EN,Combined TRACON& Tower with Radar,10,59,27,41,137,0,1,0,0,1,10,60,27,41,138,0,0,0,138
07/09/2009,BGR,ME,ANE,EN,Combined TRACON& Tower with Radar,1,50,22,41,114,0,6,39,6,51,1,56,61,47,165,32,22,54,219
07/10/2009,BGR,ME,ANE,EN,Combined TRACON& Tower with Radar,10,44,26,17,97,0,5,44,5,54,10,49,70,22,151,38,10,48,199
07/11/2009,BGR,ME,ANE,EN,Combined TRACON& Tower with Radar,14,42,25,17,98,0,11,27,2,40,14,53,52,19,138,18,0,18,156
07/12/2009,BGR,ME,ANE,EN,Combined TRACON& Tower with Radar,5,41,28,5,79,0,5,7,0,12,5,46,35,5,91,18,0,18,109
07/13/2009,BGR,ME,ANE,EN,Combined TRACON& Tower with Radar,8,39,31,54,132,0,4,35,9,48,8,43,66,63,180,40,38,78,258
07/14/2009,BGR,ME,ANE,EN,Combined TRACON& Tower with Radar,8,42,27,42,119,0,6,34,15,55,8,48,61,57,174,40,48,88,262
07/15/2009,BGR,ME,ANE,EN,Combined TRACON& Tower with Radar,15,40,37,46,138,0,1,44,23,68,15,41,81,69,206,74,74,148,354
07/16/2009,BGR,ME,ANE,EN,Combined TRACON& Tower with Radar,12,46,24,92,174,0,4,27,5,36,12,50,51,97,210,28,42,70,280
07/17/2009,BGR,ME,ANE,EN,Combined TRACON& Tower with Radar,8,37,36,27,108,0,2,15,0,17,8,39,51,27,125,30,0,30,155
07/18/2009,BGR,ME,ANE,EN,Combined TRACON& Tower with Radar,6,41,27,9,83,0,0,2,0,2,6,41,29,9,85,0,0,0,85
07/19/2009,BGR,ME,ANE,EN,Combined TRACON& Tower with Radar,4,44,38,5,91,0,2,19,1,22,4,46,57,6,113,0,0,0,113
07/20/2009,BGR,ME,ANE,EN,Combined TRACON& Tower with Radar,8,43,32,20,103,0,1,25,0,26,8,44,57,20,129,64,40,104,233
07/21/2009,BGR,ME,ANE,EN,Combined TRACON& Tower with Radar,7,38,31,26,102,0,6,19,5,30,7,44,50,31,132,22,4,26,158
07/22/2009,BGR,ME,ANE,EN,Combined TRACON& Tower with Radar,5,44,29,33,111,0,0,5,0,5,5,44,34,33,116,0,0,0,116
07/23/2009,BGR,ME,ANE,EN,Combined TRACON& Tower with Radar,8,46,36,46,136,0,1,21,8,30,8,47,57,54,166,46,48,94,260
07/24/2009,BGR,ME,ANE,EN,Combined TRACON& Tower with Radar,9,46,28,21,104,0,0,0,0,0,9,46,28,21,104,0,0,0,104
07/25/2009,BGR,ME,ANE,EN,Combined TRACON& Tower with Radar,9,43,31,17,100,0,1,22,0,23,9,44,53,17,123,56,10,66,189
07/26/2009,BGR,ME,ANE,EN,Combined TRACON& Tower with Radar,4,44,32,22,102,0,0,0,0,0,4,44,32,22,102,0,0,0,102
07/27/2009,BGR,ME,ANE,EN,Combined TRACON& Tower with Radar,10,45,39,39,133,0,0,5,1,6,10,45,44,40,139,8,0,8,147
07/28/2009,BGR,ME,ANE,EN,Combined TRACON& Tower with Radar,3,46,28,51,128,0,2,39,4,45,3,48,67,55,173,44,12,56,229
07/29/2009,BGR,ME,ANE,EN,Combined TRACON& Tower with Radar,19,41,38,41,139,0,0,15,2,17,19,41,53,43,156,0,12,12,168
07/30/2009,BGR,ME,ANE,EN,Combined TRACON& Tower with Radar,8,46,24,33,111,0,0,6,2,8,8,46,30,35,119,0,10,10,129
07/31/2009,BGR,ME,ANE,EN,Combined TRACON& Tower with Radar,15,57,41,8,121,0,2,10,12,24,15,59,51,20,145,20,0,20,165
08/01/2009,BGR,ME,ANE,EN,Combined TRACON& Tower with Radar,13,34,31,11,89,0,1,39,17,57,13,35,70,28,146,66,0,66,212
08/02/2009,BGR,ME,ANE,EN,Combined TRACON& Tower with Radar,12,36,28,14,90,0,0,9,3,12,12,36,37,17,102,0,0,0,102
08/03/2009,BGR,ME,ANE,EN,Combined TRACON& Tower with Radar,8,40,25,18,91,0,0,14,6,20,8,40,39,24,111,54,6,60,171
08/04/2009,BGR,ME,ANE,EN,Combined TRACON& Tower with Radar,15,43,23,45,126,0,0,29,17,46,15,43,52,62,172,14,18,32,204
08/05/2009,BGR,ME,ANE,EN,Combined TRACON& Tower with Radar,8,43,25,24,100,0,1,23,31,55,8,44,48,55,155,4,16,20,175
08/06/2009,BGR,ME,ANE,EN,Combined TRACON& Tower with Radar,3,44,27,58,132,0,1,35,15,51,3,45,62,73,183,30,44,74,257
08/07/2009,BGR,ME,ANE,EN,Combined TRACON& Tower with Radar,9,44,26,19,98,0,3,18,6,27,9,47,44,25,125,0,6,6,131
08/08/2009,BGR,ME,ANE,EN,Combined TRACON& Tower with Radar,14,35,32,10,91,0,0,38,0,38,14,35,70,10,129,40,0,40,169
08/09/2009,BGR,ME,ANE,EN,Combined TRACON& Tower with Radar,9,40,27,14,90,0,3,33,9,45,9,43,60,23,135,108,10,118,253
08/10/2009,BGR,ME,ANE,EN,Combined TRACON& Tower with Radar,23,37,21,18,99,0,1,17,18,36,23,38,38,36,135,32,26,58,193
08/11/2009,BGR,ME,ANE,EN,Combined TRACON& Tower with Radar,14,46,34,26,120,1,0,13,11,25,15,46,47,37,145,22,10,32,177
08/12/2009,BGR,ME,ANE,EN,Combined TRACON& Tower with Radar,9,44,32,59,144,0,1,10,7,18,9,45,42,66,162,26,58,84,246
08/13/2009,BGR,ME,ANE,EN,Combined TRACON& Tower with Radar,5,43,28,63,139,0,2,23,19,44,5,45,51,82,183,10,42,52,235
08/14/2009,BGR,ME,ANE,EN,Combined TRACON& Tower with Radar,9,45,35,47,136,0,0,31,7,38,9,45,66,54,174,0,90,90,264
08/15/2009,BGR,ME,ANE,EN,Combined TRACON& Tower with Radar,15,45,35,12,107,0,2,40,7,49,15,47,75,19,156,26,12,38,194
08/16/2009,BGR,ME,ANE,EN,Combined TRACON& Tower with Radar,13,38,28,10,89,0,6,32,0,38,13,44,60,10,127,36,0,36,163
08/17/2009,BGR,ME,ANE,EN,Combined TRACON& Tower with Radar,13,34,20,25,92,0,2,27,0,29,13,36,47,25,121,10,4,14,135
08/18/2009,BGR,ME,ANE,EN,Combined TRACON& Tower with Radar,6,39,35,49,129,0,0,27,7,34,6,39,62,56,163,10,34,44,207
08/19/2009,BGR,ME,ANE,EN,Combined TRACON& Tower with Radar,15,50,27,25,117,0,5,14,10,29,15,55,41,35,146,0,38,38,184
08/20/2009,BGR,ME,ANE,EN,Combined TRACON& Tower with Radar,9,36,16,40,101,0,0,21,8,29,9,36,37,48,130,4,50,54,184
08/21/2009,BGR,ME,ANE,EN,Combined TRACON& Tower with Radar,21,49,43,28,141,0,0,0,0,0,21,49,43,28,141,0,0,0,141
08/22/2009,BGR,ME,ANE,EN,Combined TRACON& Tower with Radar,14,43,42,24,123,0,1,3,0,4,14,44,45,24,127,22,36,58,185
08/23/2009,BGR,ME,ANE,EN,Combined TRACON& Tower with Radar,11,38,26,16,91,0,0,3,2,5,11,38,29,18,96,0,6,6,102
08/24/2009,BGR,ME,ANE,EN,Combined TRACON& Tower with Radar,12,41,20,68,141,0,0,6,0,6,12,41,26,68,147,0,18,18,165
08/25/2009,BGR,ME,ANE,EN,Combined TRACON& Tower with Radar,8,41,22,45,116,0,0,43,2,45,8,41,65,47,161,8,26,34,195
08/26/2009,BGR,ME,ANE,EN,Combined TRACON& Tower with Radar,7,38,42,84,171,0,0,14,7,21,7,38,56,91,192,0,36,36,228
08/27/2009,BGR,ME,ANE,EN,Combined TRACON& Tower with Radar,9,38,33,34,114,0,0,18,9,27,9,38,51,43,141,26,24,50,191
08/28/2009,BGR,ME,ANE,EN,Combined TRACON& Tower with Radar,9,40,39,43,131,0,0,44,0,44,9,40,83,43,175,36,24,60,235
08/29/2009,BGR,ME,ANE,EN,Combined TRACON& Tower with Radar,15,32,22,6,75,0,1,0,0,1,15,33,22,6,76,0,0,0,76
08/30/2009,BGR,ME,ANE,EN,Combined TRACON& Tower with Radar,7,35,19,10,71,0,0,10,1,11,7,35,29,11,82,0,8,8,90
08/31/2009,BGR,ME,ANE,EN,Combined TRACON& Tower with Radar,11,34,29,64,138,0,0,19,0,19,11,34,48,64,157,0,52,52,209
09/01/2009,BGR,ME,ANE,EN,Combined TRACON& Tower with Radar,6,39,25,56,126,0,0,38,7,45,6,39,63,63,171,26,64,90,261
09/02/2009,BGR,ME,ANE,EN,Combined TRACON& Tower with Radar,4,40,27,68,139,0,0,32,19,51,4,40,59,87,190,6,68,74,264
09/03/2009,BGR,ME,ANE,EN,Combined TRACON& Tower with Radar,7,39,35,56,137,0,2,34,6,42,7,41,69,62,179,40,56,96,275
09/04/2009,BGR,ME,ANE,EN,Combined TRACON& Tower with Radar,15,45,27,37,124,0,3,37,12,52,15,48,64,49,176,16,60,76,252
09/05/2009,BGR,ME,ANE,EN,Combined TRACON& Tower with Radar,15,34,33,18,100,0,2,36,2,40,15,36,69,20,140,54,14,68,208
09/06/2009,BGR,ME,ANE,EN,Combined TRACON& Tower with Radar,5,34,20,13,72,0,0,26,2,28,5,34,46,15,100,12,0,12,112
09/07/2009,BGR,ME,ANE,EN,Combined TRACON& Tower with Radar,10,34,34,11,89,0,0,32,1,33,10,34,66,12,122,36,20,56,178
09/08/2009,BGR,ME,ANE,EN,Combined TRACON& Tower with Radar,9,34,40,54,137,0,2,22,14,38,9,36,62,68,175,20,26,46,221
09/09/2009,BGR,ME,ANE,EN,Combined TRACON& Tower with Radar,8,39,23,76,146,0,4,25,25,54,8,43,48,101,200,26,70,96,296
09/10/2009,BGR,ME,ANE,EN,Combined TRACON& Tower with Radar,10,43,24,35,112,0,1,42,25,68,10,44,66,60,180,60,2,62,242
09/11/2009,BGR,ME,ANE,EN,Combined TRACON& Tower with Radar,8,34,24,43,109,0,2,23,11,36,8,36,47,54,145,22,46,68,213
09/12/2009,BGR,ME,ANE,EN,Combined TRACON& Tower with Radar,12,29,23,10,74,0,1,25,12,38,12,30,48,22,112,26,0,26,138
09/13/2009,BGR,ME,ANE,EN,Combined TRACON& Tower with Radar,8,27,29,11,75,0,0,15,1,16,8,27,44,12,91,4,16,20,111
09/14/2009,BGR,ME,ANE,EN,Combined TRACON& Tower with Radar,10,35,19,16,80,0,1,20,0,21,10,36,39,16,101,26,6,32,133
09/15/2009,BGR,ME,ANE,EN,Combined TRACON& Tower with Radar,9,42,16,56,123,0,2,17,8,27,9,44,33,64,150,0,14,14,164
09/16/2009,BGR,ME,ANE,EN,Combined TRACON& Tower with Radar,7,39,35,42,123,0,1,21,12,34,7,40,56,54,157,0,22,22,179
09/17/2009,BGR,ME,ANE,EN,Combined TRACON& Tower with Radar,3,62,33,67,165,0,0,12,13,25,3,62,45,80,190,44,18,62,252
09/18/2009,BGR,ME,ANE,EN,Combined TRACON& Tower with Radar,3,39,33,41,116,0,2,21,15,38,3,41,54,56,154,12,4,16,170
09/19/2009,BGR,ME,ANE,EN,Combined TRACON& Tower with Radar,10,27,24,23,84,0,1,8,0,9,10,28,32,23,93,18,6,24,117
09/20/2009,BGR,ME,ANE,EN,Combined TRACON& Tower with Radar,2,30,21,6,59,0,0,31,0,31,2,30,52,6,90,16,0,16,106
09/21/2009,BGR,ME,ANE,EN,Combined TRACON& Tower with Radar,2,38,24,34,98,0,2,30,9,41,2,40,54,43,139,2,0,2,141
09/22/2009,BGR,ME,ANE,EN,Combined TRACON& Tower with Radar,5,43,24,16,88,0,0,14,14,28,5,43,38,30,116,20,4,24,140
09/23/2009,BGR,ME,ANE,EN,Combined TRACON& Tower with Radar,4,39,23,24,90,0,0,2,14,16,4,39,25,38,106,0,34,34,140
09/24/2009,BGR,ME,ANE,EN,Combined TRACON& Tower with Radar,8,39,22,56,125,0,0,22,11,33,8,39,44,67,158,2,42,44,202
09/25/2009,BGR,ME,ANE,EN,Combined TRACON& Tower with Radar,7,43,32,29,111,0,0,4,9,13,7,43,36,38,124,0,2,2,126
09/26/2009,BGR,ME,ANE,EN,Combined TRACON& Tower with Radar,10,27,24,9,70,0,0,46,0,46,10,27,70,9,116,24,0,24,140
09/27/2009,BGR,ME,ANE,EN,Combined TRACON& Tower with Radar,15,34,25,15,89,0,0,0,0,0,15,34,25,15,89,0,0,0,89
09/28/2009,BGR,ME,ANE,EN,Combined TRACON& Tower with Radar,2,40,25,42,109,0,0,10,0,10,2,40,35,42,119,24,14,38,157
09/29/2009,BGR,ME,ANE,EN,Combined TRACON& Tower with Radar,4,48,44,16,112,0,2,13,8,23,4,50,57,24,135,16,6,22,157
09/30/2009,BGR,ME,ANE,EN,Combined TRACON& Tower with Radar,7,42,19,35,103,0,3,8,19,30,7,45,27,54,133,0,24,24,157
10/01/2009,BGR,ME,ANE,EN,Combined TRACON& Tower with Radar,5,37,42,44,128,0,0,9,11,20,5,37,51,55,148,0,12,12,160
10/02/2009,BGR,ME,ANE,EN,Combined TRACON& Tower with Radar,8,41,30,31,110,0,2,17,11,30,8,43,47,42,140,36,28,64,204
10/03/2009,BGR,ME,ANE,EN,Combined TRACON& Tower with Radar,8,31,13,14,66,0,0,6,9,15,8,31,19,23,81,8,0,8,89
10/04/2009,BGR,ME,ANE,EN,Combined TRACON& Tower with Radar,4,25,28,4,61,0,0,0,0,0,4,25,28,4,61,0,0,0,61
10/05/2009,BGR,ME,ANE,EN,Combined TRACON& Tower with Radar,10,30,20,18,78,0,0,7,1,8,10,30,27,19,86,0,0,0,86
10/06/2009,BGR,ME,ANE,EN,Combined TRACON& Tower with Radar,0,43,24,55,122,0,3,17,8,28,0,46,41,63,150,6,20,26,176
10/07/2009,BGR,ME,ANE,EN,Combined TRACON& Tower with Radar,0,37,18,11,66,0,0,0,0,0,0,37,18,11,66,0,0,0,66
10/08/2009,BGR,ME,ANE,EN,Combined TRACON& Tower with Radar,7,35,19,45,106,0,0,13,3,16,7,35,32,48,122,6,12,18,140
10/09/2009,BGR,ME,ANE,EN,Combined TRACON& Tower with Radar,7,43,30,27,107,0,0,12,5,17,7,43,42,32,124,0,20,20,144
10/10/2009,BGR,ME,ANE,EN,Combined TRACON& Tower with Radar,9,33,35,5,82,0,0,5,0,5,9,33,40,5,87,42,0,42,129
10/11/2009,BGR,ME,ANE,EN,Combined TRACON& Tower with Radar,11,23,18,14,66,0,0,13,0,13,11,23,31,14,79,6,4,10,89
10/12/2009,BGR,ME,ANE,EN,Combined TRACON& Tower with Radar,4,31,37,11,83,0,3,28,1,32,4,34,65,12,115,26,0,26,141
10/13/2009,BGR,ME,ANE,EN,Combined TRACON& Tower with Radar,0,36,20,41,97,0,0,5,0,5,0,36,25,41,102,0,12,12,114
10/14/2009,BGR,ME,ANE,EN,Combined TRACON& Tower with Radar,1,37,26,17,81,0,0,11,15,26,1,37,37,32,107,0,20,20,127
10/15/2009,BGR,ME,ANE,EN,Combined TRACON& Tower with Radar,3,32,14,67,116,0,1,35,9,45,3,33,49,76,161,4,56,60,221
10/16/2009,BGR,ME,ANE,EN,Combined TRACON& Tower with Radar,8,35,41,17,101,0,1,21,3,25,8,36,62,20,126,2,6,8,134
10/17/2009,BGR,ME,ANE,EN,Combined TRACON& Tower with Radar,6,31,33,4,74,0,0,21,0,21,6,31,54,4,95,22,8,30,125
10/18/2009,BGR,ME,ANE,EN,Combined TRACON& Tower with Radar,16,24,19,5,64,0,0,1,0,1,16,24,20,5,65,0,0,0,65
10/19/2009,BGR,ME,ANE,EN,Combined TRACON& Tower with Radar,7,27,19,51,104,0,2,10,0,12,7,29,29,51,116,0,22,22,138
10/20/2009,BGR,ME,ANE,EN,Combined TRACON& Tower with Radar,2,33,40,18,93,0,3,9,4,16,2,36,49,22,109,8,0,8,117
10/21/2009,BGR,ME,ANE,EN,Combined TRACON& Tower with Radar,5,35,33,25,98,0,1,36,28,65,5,36,69,53,163,38,0,38,201
10/22/2009,BGR,ME,ANE,EN,Combined TRACON& Tower with Radar,10,30,32,26,98,0,1,1,2,4,10,31,33,28,102,0,0,0,102
10/23/2009,BGR,ME,ANE,EN,Combined TRACON& Tower with Radar,6,34,26,33,99,0,1,25,13,39,6,35,51,46,138,28,0,28,166
10/24/2009,BGR,ME,ANE,EN,Combined TRACON& Tower with Radar,6,25,6,3,40,0,0,0,0,0,6,25,6,3,40,28,0,28,68
10/25/2009,BGR,ME,ANE,EN,Combined TRACON& Tower with Radar,6,24,28,4,62,0,0,7,0,7,6,24,35,4,69,0,0,0,69
10/26/2009,BGR,ME,ANE,EN,Combined TRACON& Tower with Radar,3,32,27,48,110,0,4,13,0,17,3,36,40,48,127,56,26,82,209
10/27/2009,BGR,ME,ANE,EN,Combined TRACON& Tower with Radar,7,35,17,36,95,0,2,12,13,27,7,37,29,49,122,8,6,14,136
10/28/2009,BGR,ME,ANE,EN,Combined TRACON& Tower with Radar,8,42,54,62,166,0,1,6,14,21,8,43,60,76,187,10,42,52,239
10/29/2009,BGR,ME,ANE,EN,Combined TRACON& Tower with Radar,3,43,42,30,118,0,1,18,4,23,3,44,60,34,141,8,14,22,163
10/30/2009,BGR,ME,ANE,EN,Combined TRACON& Tower with Radar,9,36,30,45,120,0,1,37,1,39,9,37,67,46,159,18,8,26,185
10/31/2009,BGR,ME,ANE,EN,Combined TRACON& Tower with Radar,8,30,25,27,90,0,0,4,0,4,8,30,29,27,94,0,2,2,96
11/01/2009,BGR,ME,ANE,EN,Combined TRACON& Tower with Radar,10,37,10,21,78,0,0,14,0,14,10,37,24,21,92,0,6,6,98
11/02/2009,BGR,ME,ANE,EN,Combined TRACON& Tower with Radar,6,34,15,50,105,0,0,21,11,32,6,34,36,61,137,2,70,72,209
11/03/2009,BGR,ME,ANE,EN,Combined TRACON& Tower with Radar,8,32,30,25,95,0,0,9,2,11,8,32,39,27,106,8,26,34,140
11/04/2009,BGR,ME,ANE,EN,Combined TRACON& Tower with Radar,4,31,45,20,100,0,1,20,22,43,4,32,65,42,143,10,8,18,161
11/05/2009,BGR,ME,ANE,EN,Combined TRACON& Tower with Radar,6,32,24,49,111,0,0,1,1,2,6,32,25,50,113,0,0,0,113
11/06/2009,BGR,ME,ANE,EN,Combined TRACON& Tower with Radar,10,32,13,34,89,0,0,7,15,22,10,32,20,49,111,0,0,0,111
11/07/2009,BGR,ME,ANE,EN,Combined TRACON& Tower with Radar,2,23,8,26,59,0,0,23,14,37,2,23,31,40,96,30,12,42,138
11/08/2009,BGR,ME,ANE,EN,Combined TRACON& Tower with Radar,9,22,23,6,60,0,0,25,6,31,9,22,48,12,91,30,0,30,121
11/09/2009,BGR,ME,ANE,EN,Combined TRACON& Tower with Radar,10,29,14,23,76,0,0,14,6,20,10,29,28,29,96,6,2,8,104
11/10/2009,BGR,ME,ANE,EN,Combined TRACON& Tower with Radar,6,27,17,24,74,0,2,13,3,18,6,29,30,27,92,10,16,26,118
11/11/2009,BGR,ME,ANE,EN,Combined TRACON& Tower with Radar,2,39,33,16,90,0,0,14,4,18,2,39,47,20,108,2,0,2,110
11/12/2009,BGR,ME,ANE,EN,Combined TRACON& Tower with Radar,3,34,20,55,112,0,0,18,0,18,3,34,38,55,130,0,14,14,144
11/13/2009,BGR,ME,ANE,EN,Combined TRACON& Tower with Radar,7,35,15,32,89,0,2,6,6,14,7,37,21,38,103,16,8,24,127
11/14/2009,BGR,ME,ANE,EN,Combined TRACON& Tower with Radar,14,27,17,6,64,0,0,11,0,11,14,27,28,6,75,8,0,8,83
11/15/2009,BGR,ME,ANE,EN,Combined TRACON& Tower with Radar,2,25,20,3,50,0,0,0,0,0,2,25,20,3,50,0,0,0,50
11/16/2009,BGR,ME,ANE,EN,Combined TRACON& Tower with Radar,6,34,12,39,91,0,1,13,4,18,6,35,25,43,109,18,30,48,157
11/17/2009,BGR,ME,ANE,EN,Combined TRACON& Tower with Radar,8,30,13,22,73,0,0,18,3,21,8,30,31,25,94,38,8,46,140
11/18/2009,BGR,ME,ANE,EN,Combined TRACON& Tower with Radar,12,42,35,31,120,0,0,16,7,23,12,42,51,38,143,16,6,22,165
11/19/2009,BGR,ME,ANE,EN,Combined TRACON& Tower with Radar,12,45,32,30,119,0,1,29,6,36,12,46,61,36,155,26,12,38,193
11/20/2009,BGR,ME,ANE,EN,Combined TRACON& Tower with Radar,15,40,32,39,126,0,0,1,0,1,15,40,33,39,127,0,0,0,127
11/21/2009,BGR,ME,ANE,EN,Combined TRACON& Tower with Radar,2,21,15,2,40,0,0,12,2,14,2,21,27,4,54,42,0,42,96
11/22/2009,BGR,ME,ANE,EN,Combined TRACON& Tower with Radar,10,25,8,18,61,0,0,22,3,25,10,25,30,21,86,26,28,54,140
11/23/2009,BGR,ME,ANE,EN,Combined TRACON& Tower with Radar,8,28,12,36,84,0,0,15,1,16,8,28,27,37,100,0,0,0,100
11/24/2009,BGR,ME,ANE,EN,Combined TRACON& Tower with Radar,1,38,19,52,110,0,0,3,4,7,1,38,22,56,117,4,16,20,137
11/25/2009,BGR,ME,ANE,EN,Combined TRACON& Tower with Radar,10,31,20,10,71,0,0,0,0,0,10,31,20,10,71,0,0,0,71
11/26/2009,BGR,ME,ANE,EN,Combined TRACON& Tower with Radar,4,11,7,2,24,0,0,1,0,1,4,11,8,2,25,0,0,0,25
11/27/2009,BGR,ME,ANE,EN,Combined TRACON& Tower with Radar,12,24,8,3,47,0,1,0,0,1,12,25,8,3,48,0,0,0,48
11/28/2009,BGR,ME,ANE,EN,Combined TRACON& Tower with Radar,6,38,15,5,64,0,0,2,0,2,6,38,17,5,66,0,0,0,66
11/29/2009,BGR,ME,ANE,EN,Combined TRACON& Tower with Radar,11,28,24,2,65,0,2,11,2,15,11,30,35,4,80,16,0,16,96
11/30/2009,BGR,ME,ANE,EN,Combined TRACON& Tower with Radar,11,34,13,16,74,0,1,1,0,2,11,35,14,16,76,0,0,0,76
12/01/2009,BGR,ME,ANE,EN,Combined TRACON& Tower with Radar,9,32,32,14,87,0,0,13,4,17,9,32,45,18,104,0,24,24,128
12/02/2009,BGR,ME,ANE,EN,Combined TRACON& Tower with Radar,11,34,34,36,115,0,2,41,11,54,11,36,75,47,169,48,24,72,241
12/03/2009,BGR,ME,ANE,EN,Combined TRACON& Tower with Radar,16,31,23,28,98,0,2,1,0,3,16,33,24,28,101,6,8,14,115
12/04/2009,BGR,ME,ANE,EN,Combined TRACON& Tower with Radar,15,35,27,36,113,9,9,16,21,55,24,44,43,57,168,2,0,2,170
12/05/2009,BGR,ME,ANE,EN,Combined TRACON& Tower with Radar,12,23,16,26,77,0,1,13,15,29,12,24,29,41,106,36,14,50,156
12/06/2009,BGR,ME,ANE,EN,Combined TRACON& Tower with Radar,14,36,22,32,104,0,1,3,0,4,14,37,25,32,108,24,12,36,144
12/07/2009,BGR,ME,ANE,EN,Combined TRACON& Tower with Radar,9,25,12,33,79,0,3,10,0,13,9,28,22,33,92,16,10,26,118
12/08/2009,BGR,ME,ANE,EN,Combined TRACON& Tower with Radar,9,39,37,12,97,0,1,4,0,5,9,40,41,12,102,0,8,8,110
12/09/2009,BGR,ME,ANE,EN,Combined TRACON& Tower with Radar,2,22,8,14,46,0,0,1,0,1,2,22,9,14,47,0,0,0,47
12/10/2009,BGR,ME,ANE,EN,Combined TRACON& Tower with Radar,7,37,26,20,90,0,0,3,0,3,7,37,29,20,93,0,10,10,103
12/11/2009,BGR,ME,ANE,EN,Combined TRACON& Tower with Radar,14,35,25,11,85,0,0,5,0,5,14,35,30,11,90,8,0,8,98
12/12/2009,BGR,ME,ANE,EN,Combined TRACON& Tower with Radar,5,28,18,3,54,0,2,0,0,2,5,30,18,3,56,0,0,0,56
12/13/2009,BGR,ME,ANE,EN,Combined TRACON& Tower with Radar,16,20,11,4,51,0,0,10,0,10,16,20,21,4,61,0,0,0,61
12/14/2009,BGR,ME,ANE,EN,Combined TRACON& Tower with Radar,10,32,17,47,106,0,1,12,3,16,10,33,29,50,122,0,8,8,130
12/15/2009,BGR,ME,ANE,EN,Combined TRACON& Tower with Radar,3,30,27,18,78,0,0,0,0,0,3,30,27,18,78,0,0,0,78
12/16/2009,BGR,ME,ANE,EN,Combined TRACON& Tower with Radar,9,37,24,30,100,0,1,7,22,30,9,38,31,52,130,0,30,30,160
12/17/2009,BGR,ME,ANE,EN,Combined TRACON& Tower with Radar,7,35,20,32,94,0,1,7,5,13,7,36,27,37,107,0,50,50,157
12/18/2009,BGR,ME,ANE,EN,Combined TRACON& Tower with Radar,10,36,15,5,66,0,2,10,4,16,10,38,25,9,82,8,2,10,92
12/19/2009,BGR,ME,ANE,EN,Combined TRACON& Tower with Radar,12,22,16,12,62,0,11,18,4,33,12,33,34,16,95,14,26,40,135
12/20/2009,BGR,ME,ANE,EN,Combined TRACON& Tower with Radar,12,13,4,5,34,0,1,0,0,1,12,14,4,5,35,0,0,0,35
12/21/2009,BGR,ME,ANE,EN,Combined TRACON& Tower with Radar,13,28,15,24,80,0,2,7,0,9,13,30,22,24,89,0,10,10,99
12/22/2009,BGR,ME,ANE,EN,Combined TRACON& Tower with Radar,5,37,12,36,90,0,4,0,2,6,5,41,12,38,96,0,10,10,106
12/23/2009,BGR,ME,ANE,EN,Combined TRACON& Tower with Radar,9,39,13,33,94,0,1,8,0,9,9,40,21,33,103,2,10,12,115
12/24/2009,BGR,ME,ANE,EN,Combined TRACON& Tower with Radar,6,31,2,3,42,0,4,1,0,5,6,35,3,3,47,0,0,0,47
12/25/2009,BGR,ME,ANE,EN,Combined TRACON& Tower with Radar,8,15,6,1,30,0,0,2,0,2,8,15,8,1,32,0,0,0,32
12/26/2009,BGR,ME,ANE,EN,Combined TRACON& Tower with Radar,4,23,12,0,39,0,0,0,0,0,4,23,12,0,39,0,0,0,39
12/27/2009,BGR,ME,ANE,EN,Combined TRACON& Tower with Radar,3,22,8,2,35,0,0,0,0,0,3,22,8,2,35,0,0,0,35
12/28/2009,BGR,ME,ANE,EN,Combined TRACON& Tower with Radar,12,24,10,16,62,0,0,12,1,13,12,24,22,17,75,0,0,0,75
12/29/2009,BGR,ME,ANE,EN,Combined TRACON& Tower with Radar,9,29,10,5,53,0,0,2,0,2,9,29,12,5,55,0,0,0,55
12/30/2009,BGR,ME,ANE,EN,Combined TRACON& Tower with Radar,12,34,12,8,66,0,3,5,0,8,12,37,17,8,74,0,0,0,74
12/31/2009,BGR,ME,ANE,EN,Combined TRACON& Tower with Radar,4,23,8,22,57,0,2,8,0,10,4,25,16,22,67,0,0,0,67
01/01/2010,BGR,ME,ANE,EN,Combined TRACON& Tower with Radar,10,18,10,1,39,0,0,0,0,0,10,18,10,1,39,0,0,0,39
01/02/2010,BGR,ME,ANE,EN,Combined TRACON& Tower with Radar,8,13,4,6,31,0,0,0,0,0,8,13,4,6,31,0,0,0,31
01/03/2010,BGR,ME,ANE,EN,Combined TRACON& Tower with Radar,5,19,8,4,36,0,0,0,0,0,5,19,8,4,36,0,0,0,36
01/04/2010,BGR,ME,ANE,EN,Combined TRACON& Tower with Radar,10,37,17,4,68,0,0,7,0,7,10,37,24,4,75,0,0,0,75
01/05/2010,BGR,ME,ANE,EN,Combined TRACON& Tower with Radar,4,31,18,18,71,0,0,7,6,13,4,31,25,24,84,0,0,0,84
01/06/2010,BGR,ME,ANE,EN,Combined TRACON& Tower with Radar,8,35,9,50,102,0,0,10,26,36,8,35,19,76,138,10,36,46,184
01/07/2010,BGR,ME,ANE,EN,Combined TRACON& Tower with Radar,11,32,5,39,87,0,0,7,14,21,11,32,12,53,108,26,24,50,158
01/08/2010,BGR,ME,ANE,EN,Combined TRACON& Tower with Radar,15,35,16,37,103,0,0,12,18,30,15,35,28,55,133,10,0,10,143
01/09/2010,BGR,ME,ANE,EN,Combined TRACON& Tower with Radar,10,26,4,29,69,0,2,5,20,27,10,28,9,49,96,64,0,64,160
01/10/2010,BGR,ME,ANE,EN,Combined TRACON& Tower with Radar,11,25,10,18,64,0,4,11,12,27,11,29,21,30,91,6,46,52,143
01/11/2010,BGR,ME,ANE,EN,Combined TRACON& Tower with Radar,11,25,19,51,106,0,2,13,20,35,11,27,32,71,141,4,6,10,151
01/12/2010,BGR,ME,ANE,EN,Combined TRACON& Tower with Radar,6,32,30,24,92,0,5,13,13,31,6,37,43,37,123,0,10,10,133
01/13/2010,BGR,ME,ANE,EN,Combined TRACON& Tower with Radar,13,44,21,53,131,0,0,11,12,23,13,44,32,65,154,0,54,54,208
01/14/2010,BGR,ME,ANE,EN,Combined TRACON& Tower with Radar,9,42,13,47,111,0,1,12,11,24,9,43,25,58,135,26,24,50,185
01/15/2010,BGR,ME,ANE,EN,Combined TRACON& Tower with Radar,11,34,13,27,85,0,0,6,3,9,11,34,19,30,94,0,8,8,102
01/16/2010,BGR,ME,ANE,EN,Combined TRACON& Tower with Radar,4,30,18,7,59,0,0,15,2,17,4,30,33,9,76,20,0,20,96
01/17/2010,BGR,ME,ANE,EN,Combined TRACON& Tower with Radar,13,18,6,6,43,0,1,3,1,5,13,19,9,7,48,58,12,70,118
01/18/2010,BGR,ME,ANE,EN,Combined TRACON& Tower with Radar,15,25,14,6,60,0,2,0,0,2,15,27,14,6,62,0,0,0,62
01/19/2010,BGR,ME,ANE,EN,Combined TRACON& Tower with Radar,5,30,16,12,63,0,0,0,1,1,5,30,16,13,64,0,0,0,64
01/20/2010,BGR,ME,ANE,EN,Combined TRACON& Tower with Radar,11,37,16,5,69,0,0,0,1,1,11,37,16,6,70,0,0,0,70
01/21/2010,BGR,ME,ANE,EN,Combined TRACON& Tower with Radar,7,28,20,39,94,0,0,24,16,40,7,28,44,55,134,10,32,42,176
01/22/2010,BGR,ME,ANE,EN,Combined TRACON& Tower with Radar,17,31,18,43,109,0,2,13,9,24,17,33,31,52,133,2,12,14,147
01/23/2010,BGR,ME,ANE,EN,Combined TRACON& Tower with Radar,10,32,30,6,78,0,2,12,4,18,10,34,42,10,96,24,0,24,120
01/24/2010,BGR,ME,ANE,EN,Combined TRACON& Tower with Radar,4,25,16,3,48,0,4,21,0,25,4,29,37,3,73,24,0,24,97
01/25/2010,BGR,ME,ANE,EN,Combined TRACON& Tower with Radar,14,34,7,24,79,0,0,0,0,0,14,34,7,24,79,0,0,0,79
01/26/2010,BGR,ME,ANE,EN,Combined TRACON& Tower with Radar,4,41,18,48,111,0,1,1,1,3,4,42,19,49,114,0,48,48,162
01/27/2010,BGR,ME,ANE,EN,Combined TRACON& Tower with Radar,4,32,38,45,119,0,0,16,18,34,4,32,54,63,153,6,36,42,195
01/28/2010,BGR,ME,ANE,EN,Combined TRACON& Tower with Radar,6,29,13,35,83,0,0,3,2,5,6,29,16,37,88,6,10,16,104
01/29/2010,BGR,ME,ANE,EN,Combined TRACON& Tower with Radar,12,34,18,6,70,0,0,5,0,5,12,34,23,6,75,2,0,2,77
01/30/2010,BGR,ME,ANE,EN,Combined TRACON& Tower with Radar,2,21,23,5,51,0,0,6,0,6,2,21,29,5,57,0,0,0,57
01/31/2010,BGR,ME,ANE,EN,Combined TRACON& Tower with Radar,7,17,10,8,42,0,2,18,0,20,7,19,28,8,62,0,0,0,62
02/01/2010,BGR,ME,ANE,EN,Combined TRACON& Tower with Radar,7,27,16,20,70,0,1,2,0,3,7,28,18,20,73,0,0,0,73
02/02/2010,BGR,ME,ANE,EN,Combined TRACON& Tower with Radar,9,36,16,18,79,0,2,12,4,18,9,38,28,22,97,22,0,22,119
02/03/2010,BGR,ME,ANE,EN,Combined TRACON& Tower with Radar,2,32,14,6,54,0,2,5,8,15,2,34,19,14,69,6,4,10,79
02/04/2010,BGR,ME,ANE,EN,Combined TRACON& Tower with Radar,6,37,20,2,65,0,1,16,4,21,6,38,36,6,86,34,0,34,120
02/05/2010,BGR,ME,ANE,EN,Combined TRACON& Tower with Radar,10,35,22,29,96,0,2,7,22,31,10,37,29,51,127,6,38,44,171
02/06/2010,BGR,ME,ANE,EN,Combined TRACON& Tower with Radar,17,18,24,37,96,0,1,5,26,32,17,19,29,63,128,44,26,70,198
02/07/2010,BGR,ME,ANE,EN,Combined TRACON& Tower with Radar,12,24,13,27,76,0,2,6,0,8,12,26,19,27,84,0,18,18,102
02/08/2010,BGR,ME,ANE,EN,Combined TRACON& Tower with Radar,18,27,10,42,97,0,2,4,1,7,18,29,14,43,104,2,10,12,116
02/09/2010,BGR,ME,ANE,EN,Combined TRACON& Tower with Radar,9,30,23,51,113,0,1,8,6,15,9,31,31,57,128,6,0,6,134
02/10/2010,BGR,ME,ANE,EN,Combined TRACON& Tower with Radar,11,20,26,35,92,0,0,8,22,30,11,20,34,57,122,28,20,48,170
02/11/2010,BGR,ME,ANE,EN,Combined TRACON& Tower with Radar,12,25,12,25,74,0,0,5,7,12,12,25,17,32,86,4,22,26,112
02/12/2010,BGR,ME,ANE,EN,Combined TRACON& Tower with Radar,10,28,18,43,99,0,0,13,0,13,10,28,31,43,112,4,22,26,138
02/13/2010,BGR,ME,ANE,EN,Combined TRACON& Tower with Radar,15,20,32,12,79,0,0,16,0,16,15,20,48,12,95,8,4,12,107
02/14/2010,BGR,ME,ANE,EN,Combined TRACON& Tower with Radar,6,26,19,10,61,0,0,2,0,2,6,26,21,10,63,14,0,14,77
02/15/2010,BGR,ME,ANE,EN,Combined TRACON& Tower with Radar,9,26,9,10,54,0,3,6,1,10,9,29,15,11,64,0,0,0,64
02/16/2010,BGR,ME,ANE,EN,Combined TRACON& Tower with Radar,18,31,19,35,103,0,1,5,2,8,18,32,24,37,111,10,6,16,127
02/17/2010,BGR,ME,ANE,EN,Combined TRACON& Tower with Radar,8,38,16,35,97,0,1,5,21,27,8,39,21,56,124,18,20,38,162
02/18/2010,BGR,ME,ANE,EN,Combined TRACON& Tower with Radar,10,34,12,25,81,0,2,3,0,5,10,36,15,25,86,10,10,20,106
02/19/2010,BGR,ME,ANE,EN,Combined TRACON& Tower with Radar,11,32,19,46,108,0,1,12,1,14,11,33,31,47,122,6,16,22,144
02/20/2010,BGR,ME,ANE,EN,Combined TRACON& Tower with Radar,12,24,14,11,61,0,0,6,0,6,12,24,20,11,67,20,4,24,91
02/21/2010,BGR,ME,ANE,EN,Combined TRACON& Tower with Radar,12,30,18,17,77,0,0,1,0,1,12,30,19,17,78,12,0,12,90
02/22/2010,BGR,ME,ANE,EN,Combined TRACON& Tower with Radar,9,29,18,30,86,0,0,4,0,4,9,29,22,30,90,0,14,14,104
02/23/2010,BGR,ME,ANE,EN,Combined TRACON& Tower with Radar,10,37,12,39,98,0,0,7,5,12,10,37,19,44,110,8,22,30,140
02/24/2010,BGR,ME,ANE,EN,Combined TRACON& Tower with Radar,9,34,12,33,88,0,0,0,0,0,9,34,12,33,88,0,0,0,88
02/25/2010,BGR,ME,ANE,EN,Combined TRACON& Tower with Radar,12,34,16,4,66,0,0,0,0,0,12,34,16,4,66,0,0,0,66
02/26/2010,BGR,ME,ANE,EN,Combined TRACON& Tower with Radar,16,29,11,19,75,0,0,0,0,0,16,29,11,19,75,0,0,0,75
02/27/2010,BGR,ME,ANE,EN,Combined TRACON& Tower with Radar,15,26,4,6,51,0,0,0,0,0,15,26,4,6,51,0,0,0,51
02/28/2010,BGR,ME,ANE,EN,Combined TRACON& Tower with Radar,11,30,8,6,55,0,0,0,0,0,11,30,8,6,55,0,0,0,55
03/01/2010,BGR,ME,ANE,EN,Combined TRACON& Tower with Radar,13,31,18,1,63,0,0,1,0,1,13,31,19,1,64,0,0,0,64
03/02/2010,BGR,ME,ANE,EN,Combined TRACON& Tower with Radar,12,33,18,73,136,0,4,9,13,26,12,37,27,86,162,0,8,8,170
03/03/2010,BGR,ME,ANE,EN,Combined TRACON& Tower with Radar,23,36,6,75,140,0,0,2,17,19,23,36,8,92,159,6,46,52,211
03/04/2010,BGR,ME,ANE,EN,Combined TRACON& Tower with Radar,7,33,14,23,77,0,0,0,1,1,7,33,14,24,78,0,10,10,88
03/05/2010,BGR,ME,ANE,EN,Combined TRACON& Tower with Radar,15,41,23,62,141,0,0,13,34,47,15,41,36,96,188,6,20,26,214
03/06/2010,BGR,ME,ANE,EN,Combined TRACON& Tower with Radar,14,34,25,25,98,0,3,17,23,43,14,37,42,48,141,22,70,92,233
03/07/2010,BGR,ME,ANE,EN,Combined TRACON& Tower with Radar,7,30,3,37,77,0,0,13,7,20,7,30,16,44,97,6,44,50,147
03/08/2010,BGR,ME,ANE,EN,Combined TRACON& Tower with Radar,9,29,11,59,108,0,2,9,13,24,9,31,20,72,132,0,36,36,168
03/09/2010,BGR,ME,ANE,EN,Combined TRACON& Tower with Radar,4,34,22,32,92,0,0,15,0,15,4,34,37,32,107,8,2,10,117
03/10/2010,BGR,ME,ANE,EN,Combined TRACON& Tower with Radar,12,31,10,32,85,0,0,16,16,32,12,31,26,48,117,28,24,52,169
03/11/2010,BGR,ME,ANE,EN,Combined TRACON& Tower with Radar,7,39,16,48,110,0,0,11,7,18,7,39,27,55,128,14,14,28,156
03/12/2010,BGR,ME,ANE,EN,Combined TRACON& Tower with Radar,18,32,22,41,113,0,1,13,1,15,18,33,35,42,128,14,16,30,158
03/13/2010,BGR,ME,ANE,EN,Combined TRACON& Tower with Radar,15,24,23,19,81,0,0,22,1,23,15,24,45,20,104,52,0,52,156
03/14/2010,BGR,ME,ANE,EN,Combined TRACON& Tower with Radar,22,25,15,10,72,0,0,0,0,0,22,25,15,10,72,0,0,0,72
03/15/2010,BGR,ME,ANE,EN,Combined TRACON& Tower with Radar,12,33,16,30,91,0,2,2,8,12,12,35,18,38,103,4,0,4,107
03/16/2010,BGR,ME,ANE,EN,Combined TRACON& Tower with Radar,16,34,22,95,167,0,1,18,9,28,16,35,40,104,195,26,20,46,241
03/17/2010,BGR,ME,ANE,EN,Combined TRACON& Tower with Radar,10,32,23,56,121,0,5,8,23,36,10,37,31,79,157,12,40,52,209
03/18/2010,BGR,ME,ANE,EN,Combined TRACON& Tower with Radar,4,31,20,65,120,0,4,22,16,42,4,35,42,81,162,12,54,66,228
03/19/2010,BGR,ME,ANE,EN,Combined TRACON& Tower with Radar,18,32,30,61,141,0,0,14,16,30,18,32,44,77,171,32,22,54,225
03/20/2010,BGR,ME,ANE,EN,Combined TRACON& Tower with Radar,4,25,17,5,51,0,2,16,0,18,4,27,33,5,69,71,0,71,140
03/21/2010,BGR,ME,ANE,EN,Combined TRACON& Tower with Radar,7,26,13,7,53,0,0,5,0,5,7,26,18,7,58,12,2,14,72
03/22/2010,BGR,ME,ANE,EN,Combined TRACON& Tower with Radar,10,23,20,52,105,0,4,6,9,19,10,27,26,61,124,0,10,10,134
03/23/2010,BGR,ME,ANE,EN,Combined TRACON& Tower with Radar,10,33,23,10,76,0,0,0,0,0,10,33,23,10,76,0,0,0,76
03/24/2010,BGR,ME,ANE,EN,Combined TRACON& Tower with Radar,13,36,6,38,93,0,0,0,1,1,13,36,6,39,94,4,6,10,104
03/25/2010,BGR,ME,ANE,EN,Combined TRACON& Tower with Radar,5,39,35,71,150,0,0,13,22,35,5,39,48,93,185,12,50,62,247
03/26/2010,BGR,ME,ANE,EN,Combined TRACON& Tower with Radar,13,32,20,51,116,0,0,4,8,12,13,32,24,59,128,0,16,16,144
03/27/2010,BGR,ME,ANE,EN,Combined TRACON& Tower with Radar,12,27,16,13,68,0,0,20,10,30,12,27,36,23,98,38,0,38,136
03/28/2010,BGR,ME,ANE,EN,Combined TRACON& Tower with Radar,11,27,18,11,67,0,0,10,4,14,11,27,28,15,81,12,0,12,93
03/29/2010,BGR,ME,ANE,EN,Combined TRACON& Tower with Radar,13,27,15,5,60,0,0,0,0,0,13,27,15,5,60,0,0,0,60
03/30/2010,BGR,ME,ANE,EN,Combined TRACON& Tower with Radar,7,33,10,19,69,0,0,0,0,0,7,33,10,19,69,0,0,0,69
03/31/2010,BGR,ME,ANE,EN,Combined TRACON& Tower with Radar,10,34,22,64,130,0,1,0,0,1,10,35,22,64,131,0,0,0,131
04/01/2010,BGR,ME,ANE,EN,Combined TRACON& Tower with Radar,4,37,25,41,107,0,0,15,20,35,4,37,40,61,142,12,44,56,198
04/02/2010,BGR,ME,ANE,EN,Combined TRACON& Tower with Radar,9,36,11,65,121,0,2,32,13,47,9,38,43,78,168,6,72,78,246
04/03/2010,BGR,ME,ANE,EN,Combined TRACON& Tower with Radar,15,24,26,7,72,0,2,30,3,35,15,26,56,10,107,44,0,44,151
04/04/2010,BGR,ME,ANE,EN,Combined TRACON& Tower with Radar,17,28,8,11,64,0,2,25,0,27,17,30,33,11,91,32,0,32,123
04/05/2010,BGR,ME,ANE,EN,Combined TRACON& Tower with Radar,13,35,10,36,94,0,1,17,10,28,13,36,27,46,122,10,12,22,144
04/06/2010,BGR,ME,ANE,EN,Combined TRACON& Tower with Radar,3,36,15,53,107,0,1,9,12,22,3,37,24,65,129,18,22,40,169
04/07/2010,BGR,ME,ANE,EN,Combined TRACON& Tower with Radar,3,36,17,25,81,0,0,7,22,29,3,36,24,47,110,0,4,4,114
04/08/2010,BGR,ME,ANE,EN,Combined TRACON& Tower with Radar,12,34,12,47,105,0,0,9,13,22,12,34,21,60,127,12,14,26,153
04/09/2010,BGR,ME,ANE,EN,Combined TRACON& Tower with Radar,15,32,14,18,79,0,0,0,0,0,15,32,14,18,79,0,0,0,79
04/10/2010,BGR,ME,ANE,EN,Combined TRACON& Tower with Radar,12,25,18,16,71,0,1,5,23,29,12,26,23,39,100,0,24,24,124
04/11/2010,BGR,ME,ANE,EN,Combined TRACON& Tower with Radar,10,26,23,12,71,0,0,7,5,12,10,26,30,17,83,46,2,48,131
04/12/2010,BGR,ME,ANE,EN,Combined TRACON& Tower with Radar,13,26,7,18,64,0,0,6,0,6,13,26,13,18,70,0,12,12,82
04/13/2010,BGR,ME,ANE,EN,Combined TRACON& Tower with Radar,12,31,25,31,99,0,0,32,4,36,12,31,57,35,135,28,0,28,163
04/14/2010,BGR,ME,ANE,EN,Combined TRACON& Tower with Radar,7,41,20,40,108,0,2,12,11,25,7,43,32,51,133,4,22,26,159
04/15/2010,BGR,ME,ANE,EN,Combined TRACON& Tower with Radar,10,29,23,25,87,0,1,15,6,22,10,30,38,31,109,0,10,10,119
04/16/2010,BGR,ME,ANE,EN,Combined TRACON& Tower with Radar,10,34,12,26,82,0,1,13,6,20,10,35,25,32,102,0,6,6,108
04/17/2010,BGR,ME,ANE,EN,Combined TRACON& Tower with Radar,12,26,11,7,56,0,0,1,14,15,12,26,12,21,71,0,16,16,87
04/18/2010,BGR,ME,ANE,EN,Combined TRACON& Tower with Radar,5,27,28,11,71,0,0,4,7,11,5,27,32,18,82,52,0,52,134
04/19/2010,BGR,ME,ANE,EN,Combined TRACON& Tower with Radar,11,42,21,14,88,0,1,7,15,23,11,43,28,29,111,18,0,18,129
04/20/2010,BGR,ME,ANE,EN,Combined TRACON& Tower with Radar,11,50,30,37,128,0,0,15,21,36,11,50,45,58,164,32,22,54,218
04/21/2010,BGR,ME,ANE,EN,Combined TRACON& Tower with Radar,7,48,28,49,132,0,0,13,18,31,7,48,41,67,163,78,80,158,321
04/22/2010,BGR,ME,ANE,EN,Combined TRACON& Tower with Radar,16,35,42,45,138,0,1,12,5,18,16,36,54,50,156,8,30,38,194
04/23/2010,BGR,ME,ANE,EN,Combined TRACON& Tower with Radar,13,28,18,29,88,0,1,3,2,6,13,29,21,31,94,0,2,2,96
04/24/2010,BGR,ME,ANE,EN,Combined TRACON& Tower with Radar,17,30,24,20,91,0,0,20,23,43,17,30,44,43,134,36,6,42,176
04/25/2010,BGR,ME,ANE,EN,Combined TRACON& Tower with Radar,8,23,26,27,84,0,0,10,11,21,8,23,36,38,105,18,10,28,133
04/26/2010,BGR,ME,ANE,EN,Combined TRACON& Tower with Radar,15,35,16,33,99,0,0,16,20,36,15,35,32,53,135,38,16,54,189
04/27/2010,BGR,ME,ANE,EN,Combined TRACON& Tower with Radar,6,35,14,47,102,0,0,5,3,8,6,35,19,50,110,0,4,4,114
04/28/2010,BGR,ME,ANE,EN,Combined TRACON& Tower with Radar,12,35,16,28,91,0,0,0,4,4,12,35,16,32,95,0,0,0,95
04/29/2010,BGR,ME,ANE,EN,Combined TRACON& Tower with Radar,8,37,18,19,82,0,0,8,12,20,8,37,26,31,102,0,4,4,106
04/30/2010,BGR,ME,ANE,EN,Combined TRACON& Tower with Radar,15,36,25,27,103,0,0,10,4,14,15,36,35,31,117,0,16,16,133
05/01/2010,BGR,ME,ANE,EN,Combined TRACON& Tower with Radar,13,23,19,23,78,0,1,31,19,51,13,24,50,42,129,24,6,30,159
05/02/2010,BGR,ME,ANE,EN,Combined TRACON& Tower with Radar,5,22,19,32,78,0,0,26,2,28,5,22,45,34,106,4,8,12,118
05/03/2010,BGR,ME,ANE,EN,Combined TRACON& Tower with Radar,17,35,17,40,109,0,0,17,0,17,17,35,34,40,126,28,16,44,170
05/04/2010,BGR,ME,ANE,EN,Combined TRACON& Tower with Radar,12,34,24,23,93,0,0,10,2,12,12,34,34,25,105,0,10,10,115
05/05/2010,BGR,ME,ANE,EN,Combined TRACON& Tower with Radar,10,55,32,38,135,0,6,31,3,40,10,61,63,41,175,54,6,60,235
05/06/2010,BGR,ME,ANE,EN,Combined TRACON& Tower with Radar,4,39,28,27,98,0,2,4,2,8,4,41,32,29,106,0,8,8,114
05/07/2010,BGR,ME,ANE,EN,Combined TRACON& Tower with Radar,17,38,29,9,93,0,0,19,4,23,17,38,48,13,116,0,0,0,116
05/08/2010,BGR,ME,ANE,EN,Combined TRACON& Tower with Radar,11,34,15,8,68,0,0,0,0,0,11,34,15,8,68,0,0,0,68
05/09/2010,BGR,ME,ANE,EN,Combined TRACON& Tower with Radar,8,23,11,4,46,0,2,9,0,11,8,25,20,4,57,0,0,0,57
05/10/2010,BGR,ME,ANE,EN,Combined TRACON& Tower with Radar,15,35,16,36,102,0,4,24,1,29,15,39,40,37,131,18,14,32,163
05/11/2010,BGR,ME,ANE,EN,Combined TRACON& Tower with Radar,6,33,26,55,120,0,0,15,10,25,6,33,41,65,145,10,44,54,199
05/12/2010,BGR,ME,ANE,EN,Combined TRACON& Tower with Radar,14,50,33,52,149,0,2,16,9,27,14,52,49,61,176,6,12,18,194
05/13/2010,BGR,ME,ANE,EN,Combined TRACON& Tower with Radar,11,36,18,50,115,0,1,32,4,37,11,37,50,54,152,16,22,38,190
05/14/2010,BGR,ME,ANE,EN,Combined TRACON& Tower with Radar,12,33,21,29,95,0,3,15,4,22,12,36,36,33,117,18,16,34,151
05/15/2010,BGR,ME,ANE,EN,Combined TRACON& Tower with Radar,30,29,21,7,87,0,2,7,0,9,30,31,28,7,96,28,46,74,170
05/16/2010,BGR,ME,ANE,EN,Combined TRACON& Tower with Radar,11,34,29,8,82,0,0,12,0,12,11,34,41,8,94,30,16,46,140
05/17/2010,BGR,ME,ANE,EN,Combined TRACON& Tower with Radar,17,29,23,42,111,0,1,26,6,33,17,30,49,48,144,26,16,42,186
05/18/2010,BGR,ME,ANE,EN,Combined TRACON& Tower with Radar,6,34,30,33,103,0,0,31,2,33,6,34,61,35,136,32,32,64,200
05/19/2010,BGR,ME,ANE,EN,Combined TRACON& Tower with Radar,4,37,46,37,124,0,0,2,2,4,4,37,48,39,128,0,0,0,128
05/20/2010,BGR,ME,ANE,EN,Combined TRACON& Tower with Radar,11,39,20,40,110,0,0,14,7,21,11,39,34,47,131,14,34,48,179
05/21/2010,BGR,ME,ANE,EN,Combined TRACON& Tower with Radar,10,35,24,33,102,0,1,32,6,39,10,36,56,39,141,12,56,68,209
05/22/2010,BGR,ME,ANE,EN,Combined TRACON& Tower with Radar,3,23,16,10,52,0,2,14,3,19,3,25,30,13,71,12,0,12,83
05/23/2010,BGR,ME,ANE,EN,Combined TRACON& Tower with Radar,12,27,18,4,61,0,0,12,0,12,12,27,30,4,73,16,0,16,89
05/24/2010,BGR,ME,ANE,EN,Combined TRACON& Tower with Radar,14,37,13,32,96,0,0,9,2,11,14,37,22,34,107,24,20,44,151
05/25/2010,BGR,ME,ANE,EN,Combined TRACON& Tower with Radar,6,39,25,33,103,0,0,6,1,7,6,39,31,34,110,10,24,34,144
05/26/2010,BGR,ME,ANE,EN,Combined TRACON& Tower with Radar,18,39,27,52,136,0,1,15,18,34,18,40,42,70,170,5,2,7,177
05/27/2010,BGR,ME,ANE,EN,Combined TRACON& Tower with Radar,28,34,17,38,117,0,1,13,1,15,28,35,30,39,132,0,18,18,150
05/28/2010,BGR,ME,ANE,EN,Combined TRACON& Tower with Radar,12,38,35,39,124,0,0,33,6,39,12,38,68,45,163,4,22,26,189
05/29/2010,BGR,ME,ANE,EN,Combined TRACON& Tower with Radar,13,28,29,12,82,0,4,35,0,39,13,32,64,12,121,36,0,36,157
05/30/2010,BGR,ME,ANE,EN,Combined TRACON& Tower with Radar,9,23,18,9,59,0,0,7,2,9,9,23,25,11,68,0,0,0,68
05/31/2010,BGR,ME,ANE,EN,Combined TRACON& Tower with Radar,7,26,17,2,52,0,0,19,4,23,7,26,36,6,75,8,0,8,83
06/01/2010,BGR,ME,ANE,EN,Combined TRACON& Tower with Radar,7,31,13,20,71,0,2,1,0,3,7,33,14,20,74,0,0,0,74
06/02/2010,BGR,ME,ANE,EN,Combined TRACON& Tower with Radar,13,35,41,33,122,0,0,11,1,12,13,35,52,34,134,32,0,32,166
06/03/2010,BGR,ME,ANE,EN,Combined TRACON& Tower with Radar,9,32,31,23,95,0,0,0,0,0,9,32,31,23,95,0,0,0,95
06/04/2010,BGR,ME,ANE,EN,Combined TRACON& Tower with Radar,17,34,38,25,114,0,2,21,15,38,17,36,59,40,152,46,0,46,198
06/05/2010,BGR,ME,ANE,EN,Combined TRACON& Tower with Radar,7,31,14,23,75,0,0,1,0,1,7,31,15,23,76,0,0,0,76
06/06/2010,BGR,ME,ANE,EN,Combined TRACON& Tower with Radar,6,21,10,7,44,0,0,2,0,2,6,21,12,7,46,0,0,0,46
06/07/2010,BGR,ME,ANE,EN,Combined TRACON& Tower with Radar,12,28,26,49,115,0,3,12,2,17,12,31,38,51,132,6,30,36,168
06/08/2010,BGR,ME,ANE,EN,Combined TRACON& Tower with Radar,15,29,14,20,78,0,2,18,3,23,15,31,32,23,101,16,0,16,117
06/09/2010,BGR,ME,ANE,EN,Combined TRACON& Tower with Radar,14,30,25,57,126,0,0,34,12,46,14,30,59,69,172,16,10,26,198
06/10/2010,BGR,ME,ANE,EN,Combined TRACON& Tower with Radar,16,33,24,37,110,0,0,5,2,7,16,33,29,39,117,0,0,0,117
06/11/2010,BGR,ME,ANE,EN,Combined TRACON& Tower with Radar,18,28,23,8,77,0,0,30,1,31,18,28,53,9,108,8,8,16,124
06/12/2010,BGR,ME,ANE,EN,Combined TRACON& Tower with Radar,8,34,22,5,69,0,0,19,1,20,8,34,41,6,89,22,0,22,111
06/13/2010,BGR,ME,ANE,EN,Combined TRACON& Tower with Radar,13,27,23,13,76,0,2,7,0,9,13,29,30,13,85,10,4,14,99
06/14/2010,BGR,ME,ANE,EN,Combined TRACON& Tower with Radar,17,32,15,32,96,0,0,4,0,4,17,32,19,32,100,0,8,8,108
06/15/2010,BGR,ME,ANE,EN,Combined TRACON& Tower with Radar,10,36,20,19,85,0,0,17,1,18,10,36,37,20,103,6,8,14,117
06/16/2010,BGR,ME,ANE,EN,Combined TRACON& Tower with Radar,12,37,32,42,123,0,2,22,17,41,12,39,54,59,164,18,12,30,194
06/17/2010,BGR,ME,ANE,EN,Combined TRACON& Tower with Radar,9,30,22,57,118,0,0,9,2,11,9,30,31,59,129,0,10,10,139
06/18/2010,BGR,ME,ANE,EN,Combined TRACON& Tower with Radar,17,34,32,28,111,0,1,32,9,42,17,35,64,37,153,0,8,8,161
06/19/2010,BGR,ME,ANE,EN,Combined TRACON& Tower with Radar,8,29,19,4,60,0,2,18,2,22,8,31,37,6,82,20,0,20,102
06/20/2010,BGR,ME,ANE,EN,Combined TRACON& Tower with Radar,13,26,24,3,66,0,0,10,0,10,13,26,34,3,76,0,0,0,76
06/21/2010,BGR,ME,ANE,EN,Combined TRACON& Tower with Radar,23,35,28,29,115,0,0,21,0,21,23,35,49,29,136,6,8,14,150
06/22/2010,BGR,ME,ANE,EN,Combined TRACON& Tower with Radar,9,28,16,31,84,0,0,29,11,40,9,28,45,42,124,14,18,32,156
06/23/2010,BGR,ME,ANE,EN,Combined TRACON& Tower with Radar,15,39,38,34,126,0,0,0,0,0,15,39,38,34,126,0,0,0,126
06/24/2010,BGR,ME,ANE,EN,Combined TRACON& Tower with Radar,12,30,25,28,95,0,0,13,0,13,12,30,38,28,108,0,12,12,120
06/25/2010,BGR,ME,ANE,EN,Combined TRACON& Tower with Radar,21,33,34,19,107,0,5,31,8,44,21,38,65,27,151,24,14,38,189
06/26/2010,BGR,ME,ANE,EN,Combined TRACON& Tower with Radar,13,29,26,4,72,0,1,20,0,21,13,30,46,4,93,24,6,30,123
06/27/2010,BGR,ME,ANE,EN,Combined TRACON& Tower with Radar,9,20,21,5,55,0,0,25,0,25,9,20,46,5,80,28,0,28,108
06/28/2010,BGR,ME,ANE,EN,Combined TRACON& Tower with Radar,20,38,22,18,98,0,0,1,0,1,20,38,23,18,99,0,0,0,99
06/29/2010,BGR,ME,ANE,EN,Combined TRACON& Tower with Radar,14,34,28,34,110,0,0,10,0,10,14,34,38,34,120,10,16,26,146
06/30/2010,BGR,ME,ANE,EN,Combined TRACON& Tower with Radar,17,36,27,40,120,0,2,27,26,55,17,38,54,66,175,8,26,34,209
07/01/2010,BGR,ME,ANE,EN,Combined TRACON& Tower with Radar,18,31,27,64,140,0,0,31,4,35,18,31,58,68,175,0,16,16,191
07/02/2010,BGR,ME,ANE,EN,Combined TRACON& Tower with Radar,16,26,28,5,75,0,0,33,3,36,16,26,61,8,111,46,0,46,157
07/03/2010,BGR,ME,ANE,EN,Combined TRACON& Tower with Radar,17,30,27,7,81,0,0,12,0,12,17,30,39,7,93,26,0,26,119
07/04/2010,BGR,ME,ANE,EN,Combined TRACON& Tower with Radar,17,32,16,1,66,0,4,16,1,21,17,36,32,2,87,32,0,32,119
07/05/2010,BGR,ME,ANE,EN,Combined TRACON& Tower with Radar,17,29,31,3,80,0,1,24,0,25,17,30,55,3,105,4,0,4,109
07/06/2010,BGR,ME,ANE,EN,Combined TRACON& Tower with Radar,18,23,32,37,110,0,0,6,1,7,18,23,38,38,117,0,6,6,123
07/07/2010,BGR,ME,ANE,EN,Combined TRACON& Tower with Radar,19,38,17,33,107,0,0,29,4,33,19,38,46,37,140,4,8,12,152
07/08/2010,BGR,ME,ANE,EN,Combined TRACON& Tower with Radar,17,38,46,39,140,0,1,7,0,8,17,39,53,39,148,0,18,18,166
07/09/2010,BGR,ME,ANE,EN,Combined TRACON& Tower with Radar,24,30,17,16,87,0,4,15,1,20,24,34,32,17,107,8,0,8,115
07/10/2010,BGR,ME,ANE,EN,Combined TRACON& Tower with Radar,24,33,21,3,81,0,1,2,0,3,24,34,23,3,84,0,0,0,84
07/11/2010,BGR,ME,ANE,EN,Combined TRACON& Tower with Radar,14,32,44,17,107,0,0,5,0,5,14,32,49,17,112,0,0,0,112
07/12/2010,BGR,ME,ANE,EN,Combined TRACON& Tower with Radar,20,31,31,31,113,0,0,14,5,19,20,31,45,36,132,4,0,4,136
07/13/2010,BGR,ME,ANE,EN,Combined TRACON& Tower with Radar,16,36,51,41,144,0,0,2,4,6,16,36,53,45,150,0,20,20,170
07/14/2010,BGR,ME,ANE,EN,Combined TRACON& Tower with Radar,22,31,33,31,117,0,0,3,18,21,22,31,36,49,138,0,10,10,148
07/15/2010,BGR,ME,ANE,EN,Combined TRACON& Tower with Radar,25,27,38,50,140,0,0,33,9,42,25,27,71,59,182,24,24,48,230
07/16/2010,BGR,ME,ANE,EN,Combined TRACON& Tower with Radar,24,40,33,15,112,0,2,11,0,13,24,42,44,15,125,0,0,0,125
07/17/2010,BGR,ME,ANE,EN,Combined TRACON& Tower with Radar,18,38,42,8,106,0,2,14,2,18,18,40,56,10,124,0,0,0,124
07/18/2010,BGR,ME,ANE,EN,Combined TRACON& Tower with Radar,9,31,46,15,101,0,0,30,1,31,9,31,76,16,132,12,0,12,144
07/19/2010,BGR,ME,ANE,EN,Combined TRACON& Tower with Radar,16,44,26,31,117,0,1,13,2,16,16,45,39,33,133,0,2,2,135
07/20/2010,BGR,ME,ANE,EN,Combined TRACON& Tower with Radar,20,33,30,31,114,0,0,18,2,20,20,33,48,33,134,10,2,12,146
07/21/2010,BGR,ME,ANE,EN,Combined TRACON& Tower with Radar,20,27,28,19,94,0,1,23,1,25,20,28,51,20,119,2,18,20,139
07/22/2010,BGR,ME,ANE,EN,Combined TRACON& Tower with Radar,21,30,28,67,146,0,1,14,16,31,21,31,42,83,177,20,31,51,228
07/23/2010,BGR,ME,ANE,EN,Combined TRACON& Tower with Radar,30,25,28,19,102,0,0,44,1,45,30,25,72,20,147,38,0,38,185
07/24/2010,BGR,ME,ANE,EN,Combined TRACON& Tower with Radar,19,40,27,16,102,0,0,1,0,1,19,40,28,16,103,0,0,0,103
07/25/2010,BGR,ME,ANE,EN,Combined TRACON& Tower with Radar,14,32,42,22,110,0,0,20,1,21,14,32,62,23,131,44,0,44,175
07/26/2010,BGR,ME,ANE,EN,Combined TRACON& Tower with Radar,18,27,22,74,141,0,0,27,2,29,18,27,49,76,170,0,18,18,188
07/27/2010,BGR,ME,ANE,EN,Combined TRACON& Tower with Radar,23,37,29,23,112,0,0,32,4,36,23,37,61,27,148,8,4,12,160
07/28/2010,BGR,ME,ANE,EN,Combined TRACON& Tower with Radar,22,34,21,46,123,0,4,27,11,42,22,38,48,57,165,8,8,16,181
07/29/2010,BGR,ME,ANE,EN,Combined TRACON& Tower with Radar,22,36,27,22,107,0,0,18,0,18,22,36,45,22,125,10,0,10,135
07/30/2010,BGR,ME,ANE,EN,Combined TRACON& Tower with Radar,30,33,31,23,117,0,0,27,5,32,30,33,58,28,149,14,30,44,193
07/31/2010,BGR,ME,ANE,EN,Combined TRACON& Tower with Radar,16,30,44,12,102,0,7,51,2,60,16,37,95,14,162,0,0,0,162
08/01/2010,BGR,ME,ANE,EN,Combined TRACON& Tower with Radar,9,27,32,5,73,0,3,44,3,50,9,30,76,8,123,8,0,8,131
08/02/2010,BGR,ME,ANE,EN,Combined TRACON& Tower with Radar,22,36,15,50,123,0,0,20,3,23,22,36,35,53,146,12,30,42,188
08/03/2010,BGR,ME,ANE,EN,Combined TRACON& Tower with Radar,15,32,23,36,106,0,0,12,0,12,15,32,35,36,118,0,10,10,128
08/04/2010,BGR,ME,ANE,EN,Combined TRACON& Tower with Radar,20,27,17,58,122,0,0,12,0,12,20,27,29,58,134,6,46,52,186
08/05/2010,BGR,ME,ANE,EN,Combined TRACON& Tower with Radar,25,34,47,43,149,0,0,4,0,4,25,34,51,43,153,0,16,16,169
08/06/2010,BGR,ME,ANE,EN,Combined TRACON& Tower with Radar,25,35,28,16,104,0,1,17,18,36,25,36,45,34,140,0,12,12,152
08/07/2010,BGR,ME,ANE,EN,Combined TRACON& Tower with Radar,20,26,16,3,65,0,4,32,17,53,20,30,48,20,118,18,0,18,136
08/08/2010,BGR,ME,ANE,EN,Combined TRACON& Tower with Radar,22,21,41,4,88,0,1,30,4,35,22,22,71,8,123,6,0,6,129
08/09/2010,BGR,ME,ANE,EN,Combined TRACON& Tower with Radar,12,28,36,21,97,0,0,5,0,5,12,28,41,21,102,0,18,18,120
08/10/2010,BGR,ME,ANE,EN,Combined TRACON& Tower with Radar,19,35,20,57,131,0,0,14,9,23,19,35,34,66,154,24,8,32,186
08/11/2010,BGR,ME,ANE,EN,Combined TRACON& Tower with Radar,17,25,18,24,84,0,1,22,15,38,17,26,40,39,122,12,2,14,136
08/12/2010,BGR,ME,ANE,EN,Combined TRACON& Tower with Radar,20,35,37,26,118,0,2,46,2,50,20,37,83,28,168,52,14,66,234
08/13/2010,BGR,ME,ANE,EN,Combined TRACON& Tower with Radar,20,30,45,17,112,0,2,35,2,39,20,32,80,19,151,12,0,12,163
08/14/2010,BGR,ME,ANE,EN,Combined TRACON& Tower with Radar,16,36,16,24,92,0,2,43,4,49,16,38,59,28,141,16,12,28,169
08/15/2010,BGR,ME,ANE,EN,Combined TRACON& Tower with Radar,18,29,30,9,86,0,4,27,1,32,18,33,57,10,118,120,6,126,244
08/16/2010,BGR,ME,ANE,EN,Combined TRACON& Tower with Radar,17,37,38,19,111,0,0,1,0,1,17,37,39,19,112,0,0,0,112
08/17/2010,BGR,ME,ANE,EN,Combined TRACON& Tower with Radar,15,34,33,34,116,0,0,23,10,33,15,34,56,44,149,28,32,60,209
08/18/2010,BGR,ME,ANE,EN,Combined TRACON& Tower with Radar,24,34,40,52,150,0,10,40,16,66,24,44,80,68,216,38,52,90,306
08/19/2010,BGR,ME,ANE,EN,Combined TRACON& Tower with Radar,23,30,33,39,125,0,3,40,6,49,23,33,73,45,174,32,8,40,214
08/20/2010,BGR,ME,ANE,EN,Combined TRACON& Tower with Radar,23,42,30,14,109,0,0,32,7,39,23,42,62,21,148,4,18,22,170
08/21/2010,BGR,ME,ANE,EN,Combined TRACON& Tower with Radar,20,31,12,6,69,0,0,40,2,42,20,31,52,8,111,64,12,76,187
08/22/2010,BGR,ME,ANE,EN,Combined TRACON& Tower with Radar,15,25,19,3,62,0,0,32,2,34,15,25,51,5,96,42,0,42,138
08/23/2010,BGR,ME,ANE,EN,Combined TRACON& Tower with Radar,17,33,25,43,118,0,1,14,3,18,17,34,39,46,136,0,16,16,152
08/24/2010,BGR,ME,ANE,EN,Combined TRACON& Tower with Radar,19,27,16,13,75,2,2,28,3,35,21,29,44,16,110,42,6,48,158
08/25/2010,BGR,ME,ANE,EN,Combined TRACON& Tower with Radar,13,33,25,26,97,0,0,6,0,6,13,33,31,26,103,20,0,20,123
08/26/2010,BGR,ME,ANE,EN,Combined TRACON& Tower with Radar,16,28,26,28,98,0,1,19,4,24,16,29,45,32,122,32,26,58,180
08/27/2010,BGR,ME,ANE,EN,Combined TRACON& Tower with Radar,12,29,24,16,81,0,0,31,10,41,12,29,55,26,122,30,22,52,174
08/28/2010,BGR,ME,ANE,EN,Combined TRACON& Tower with Radar,10,36,23,5,74,0,3,36,0,39,10,39,59,5,113,38,0,38,151
08/29/2010,BGR,ME,ANE,EN,Combined TRACON& Tower with Radar,17,21,18,9,65,0,0,46,2,48,17,21,64,11,113,10,0,10,123
08/30/2010,BGR,ME,ANE,EN,Combined TRACON& Tower with Radar,7,33,8,36,84,0,1,35,4,40,7,34,43,40,124,0,52,52,176
08/31/2010,BGR,ME,ANE,EN,Combined TRACON& Tower with Radar,9,30,20,23,82,0,5,43,16,64,9,35,63,39,146,4,10,14,160
09/01/2010,BGR,ME,ANE,EN,Combined TRACON& Tower with Radar,11,34,24,31,100,0,1,18,21,40,11,35,42,52,140,6,2,8,148
09/02/2010,BGR,ME,ANE,EN,Combined TRACON& Tower with Radar,18,33,27,30,108,0,0,30,11,41,18,33,57,41,149,32,12,44,193
09/03/2010,BGR,ME,ANE,EN,Combined TRACON& Tower with Radar,13,35,16,16,80,0,0,21,4,25,13,35,37,20,105,32,0,32,137
09/04/2010,BGR,ME,ANE,EN,Combined TRACON& Tower with Radar,5,28,12,6,51,0,0,13,0,13,5,28,25,6,64,4,0,4,68
09/05/2010,BGR,ME,ANE,EN,Combined TRACON& Tower with Radar,6,24,21,7,58,0,1,17,0,18,6,25,38,7,76,14,0,14,90
09/06/2010,BGR,ME,ANE,EN,Combined TRACON& Tower with Radar,13,29,30,0,72,0,0,37,0,37,13,29,67,0,109,20,0,20,129
09/07/2010,BGR,ME,ANE,EN,Combined TRACON& Tower with Radar,5,28,41,22,96,0,1,29,2,32,5,29,70,24,128,8,14,22,150
09/08/2010,BGR,ME,ANE,EN,Combined TRACON& Tower with Radar,12,40,26,6,84,0,0,7,0,7,12,40,33,6,91,0,0,0,91
09/09/2010,BGR,ME,ANE,EN,Combined TRACON& Tower with Radar,15,31,30,18,94,0,0,30,7,37,15,31,60,25,131,18,2,20,151
09/10/2010,BGR,ME,ANE,EN,Combined TRACON& Tower with Radar,22,38,57,12,129,0,0,9,1,10,22,38,66,13,139,36,0,36,175
09/11/2010,BGR,ME,ANE,EN,Combined TRACON& Tower with Radar,16,30,14,6,66,0,0,28,0,28,16,30,42,6,94,20,0,20,114
09/12/2010,BGR,ME,ANE,EN,Combined TRACON& Tower with Radar,11,25,54,9,99,0,0,22,2,24,11,25,76,11,123,10,0,10,133
09/13/2010,BGR,ME,ANE,EN,Combined TRACON& Tower with Radar,31,30,15,27,103,0,1,16,0,17,31,31,31,27,120,8,10,18,138
09/14/2010,BGR,ME,ANE,EN,Combined TRACON& Tower with Radar,17,28,20,28,93,0,0,6,0,6,17,28,26,28,99,0,8,8,107
09/15/2010,BGR,ME,ANE,EN,Combined TRACON& Tower with Radar,10,36,21,26,93,0,3,7,29,39,10,39,28,55,132,18,4,22,154
09/16/2010,BGR,ME,ANE,EN,Combined TRACON& Tower with Radar,14,29,32,43,118,0,1,33,5,39,14,30,65,48,157,26,12,38,195
09/17/2010,BGR,ME,ANE,EN,Combined TRACON& Tower with Radar,27,29,29,34,119,0,0,11,0,11,27,29,40,34,130,14,2,16,146
09/18/2010,BGR,ME,ANE,EN,Combined TRACON& Tower with Radar,6,27,22,13,68,0,0,27,0,27,6,27,49,13,95,34,8,42,137
09/19/2010,BGR,ME,ANE,EN,Combined TRACON& Tower with Radar,13,17,39,14,83,0,0,18,0,18,13,17,57,14,101,14,0,14,115
09/20/2010,BGR,ME,ANE,EN,Combined TRACON& Tower with Radar,33,21,24,57,135,0,1,13,8,22,33,22,37,65,157,14,26,40,197
09/21/2010,BGR,ME,ANE,EN,Combined TRACON& Tower with Radar,13,32,23,49,117,0,2,27,15,44,13,34,50,64,161,42,4,46,207
09/22/2010,BGR,ME,ANE,EN,Combined TRACON& Tower with Radar,9,25,16,31,81,0,1,8,21,30,9,26,24,52,111,12,2,14,125
09/23/2010,BGR,ME,ANE,EN,Combined TRACON& Tower with Radar,14,34,22,25,95,0,4,27,13,44,14,38,49,38,139,52,26,78,217
09/24/2010,BGR,ME,ANE,EN,Combined TRACON& Tower with Radar,14,23,44,19,100,0,0,4,0,4,14,23,48,19,104,8,0,8,112
09/25/2010,BGR,ME,ANE,EN,Combined TRACON& Tower with Radar,3,32,30,9,74,0,0,17,0,17,3,32,47,9,91,2,0,2,93
09/26/2010,BGR,ME,ANE,EN,Combined TRACON& Tower with Radar,10,26,38,8,82,0,0,12,0,12,10,26,50,8,94,40,0,40,134
09/27/2010,BGR,ME,ANE,EN,Combined TRACON& Tower with Radar,12,28,15,42,97,0,0,11,0,11,12,28,26,42,108,16,4,20,128
09/28/2010,BGR,ME,ANE,EN,Combined TRACON& Tower with Radar,10,37,28,12,87,0,0,0,0,0,10,37,28,12,87,0,0,0,87
09/29/2010,BGR,ME,ANE,EN,Combined TRACON& Tower with Radar,9,39,13,24,85,0,1,10,14,25,9,40,23,38,110,48,0,48,158
09/30/2010,BGR,ME,ANE,EN,Combined TRACON& Tower with Radar,20,34,26,50,130,0,0,1,0,1,20,34,27,50,131,0,0,0,131
10/01/2010,BGR,ME,ANE,EN,Combined TRACON& Tower with Radar,13,44,19,3,79,0,0,0,0,0,13,44,19,3,79,0,0,0,79
10/02/2010,BGR,ME,ANE,EN,Combined TRACON& Tower with Radar,14,34,19,11,78,0,0,13,6,19,14,34,32,17,97,36,0,36,133
10/03/2010,BGR,ME,ANE,EN,Combined TRACON& Tower with Radar,24,22,27,13,86,0,0,37,0,37,24,22,64,13,123,30,0,30,153
10/04/2010,BGR,ME,ANE,EN,Combined TRACON& Tower with Radar,20,29,26,46,121,0,0,15,2,17,20,29,41,48,138,58,40,98,236
10/05/2010,BGR,ME,ANE,EN,Combined TRACON& Tower with Radar,10,29,45,72,156,0,2,25,2,29,10,31,70,74,185,14,48,62,247
10/06/2010,BGR,ME,ANE,EN,Combined TRACON& Tower with Radar,14,33,45,81,173,0,0,9,3,12,14,33,54,84,185,2,32,34,219
10/07/2010,BGR,ME,ANE,EN,Combined TRACON& Tower with Radar,15,31,20,78,144,0,0,3,16,19,15,31,23,94,163,0,0,0,163
10/08/2010,BGR,ME,ANE,EN,Combined TRACON& Tower with Radar,19,35,46,27,127,0,1,16,0,17,19,36,62,27,144,22,14,36,180
10/09/2010,BGR,ME,ANE,EN,Combined TRACON& Tower with Radar,8,30,28,15,81,0,2,9,0,11,8,32,37,15,92,10,0,10,102
10/10/2010,BGR,ME,ANE,EN,Combined TRACON& Tower with Radar,14,25,18,6,63,0,0,31,0,31,14,25,49,6,94,22,0,22,116
10/11/2010,BGR,ME,ANE,EN,Combined TRACON& Tower with Radar,22,27,33,7,89,0,0,23,0,23,22,27,56,7,112,8,0,8,120
10/12/2010,BGR,ME,ANE,EN,Combined TRACON& Tower with Radar,3,30,19,49,101,0,0,29,3,32,3,30,48,52,133,10,20,30,163
10/13/2010,BGR,ME,ANE,EN,Combined TRACON& Tower with Radar,19,30,22,53,124,0,0,31,16,47,19,30,53,69,171,0,14,14,185
10/14/2010,BGR,ME,ANE,EN,Combined TRACON& Tower with Radar,6,35,37,49,127,0,0,25,2,27,6,35,62,51,154,2,20,22,176
10/15/2010,BGR,ME,ANE,EN,Combined TRACON& Tower with Radar,20,24,11,10,65,0,0,1,0,1,20,24,12,10,66,0,0,0,66
10/16/2010,BGR,ME,ANE,EN,Combined TRACON& Tower with Radar,11,31,10,3,55,0,0,3,0,3,11,31,13,3,58,12,0,12,70
10/17/2010,BGR,ME,ANE,EN,Combined TRACON& Tower with Radar,9,18,25,9,61,0,0,22,3,25,9,18,47,12,86,2,0,2,88
10/18/2010,BGR,ME,ANE,EN,Combined TRACON& Tower with Radar,16,22,17,40,95,0,0,10,2,12,16,22,27,42,107,0,24,24,131
10/19/2010,BGR,ME,ANE,EN,Combined TRACON& Tower with Radar,6,31,14,38,89,0,0,29,16,45,6,31,43,54,134,24,32,56,190
10/20/2010,BGR,ME,ANE,EN,Combined TRACON& Tower with Radar,12,39,18,49,118,0,8,28,27,63,12,47,46,76,181,140,60,200,381
10/21/2010,BGR,ME,ANE,EN,Combined TRACON& Tower with Radar,13,43,32,45,133,0,0,4,3,7,13,43,36,48,140,0,0,0,140
10/22/2010,BGR,ME,ANE,EN,Combined TRACON& Tower with Radar,16,28,21,35,100,0,0,10,7,17,16,28,31,42,117,0,26,26,143
10/23/2010,BGR,ME,ANE,EN,Combined TRACON& Tower with Radar,13,28,19,4,64,0,0,18,0,18,13,28,37,4,82,14,4,18,100
10/24/2010,BGR,ME,ANE,EN,Combined TRACON& Tower with Radar,13,20,17,11,61,0,0,40,0,40,13,20,57,11,101,24,6,30,131
10/25/2010,BGR,ME,ANE,EN,Combined TRACON& Tower with Radar,16,26,21,54,117,0,0,0,0,0,16,26,21,54,117,0,0,0,117
10/26/2010,BGR,ME,ANE,EN,Combined TRACON& Tower with Radar,6,40,42,32,120,0,0,0,0,0,6,40,42,32,120,0,0,0,120
10/27/2010,BGR,ME,ANE,EN,Combined TRACON& Tower with Radar,8,36,19,29,92,0,0,0,0,0,8,36,19,29,92,0,0,0,92
10/28/2010,BGR,ME,ANE,EN,Combined TRACON& Tower with Radar,8,48,35,83,174,0,0,23,9,32,8,48,58,92,206,4,28,32,238
10/29/2010,BGR,ME,ANE,EN,Combined TRACON& Tower with Radar,16,28,20,35,99,0,0,28,3,31,16,28,48,38,130,14,18,32,162
10/30/2010,BGR,ME,ANE,EN,Combined TRACON& Tower with Radar,16,29,12,9,66,0,0,18,0,18,16,29,30,9,84,16,0,16,100
10/31/2010,BGR,ME,ANE,EN,Combined TRACON& Tower with Radar,20,19,15,10,64,0,0,0,0,0,20,19,15,10,64,0,0,0,64
11/01/2010,BGR,ME,ANE,EN,Combined TRACON& Tower with Radar,25,27,2,50,104,0,0,13,2,15,25,27,15,52,119,24,24,48,167
11/02/2010,BGR,ME,ANE,EN,Combined TRACON& Tower with Radar,13,25,10,39,87,0,0,26,5,31,13,25,36,44,118,23,20,43,161
11/03/2010,BGR,ME,ANE,EN,Combined TRACON& Tower with Radar,12,34,13,26,85,0,0,29,9,38,12,34,42,35,123,0,46,46,169
11/04/2010,BGR,ME,ANE,EN,Combined TRACON& Tower with Radar,10,31,18,34,93,0,0,4,4,8,10,31,22,38,101,0,16,16,117
11/05/2010,BGR,ME,ANE,EN,Combined TRACON& Tower with Radar,22,34,13,8,77,0,0,0,0,0,22,34,13,8,77,0,0,0,77
11/06/2010,BGR,ME,ANE,EN,Combined TRACON& Tower with Radar,5,29,19,8,61,0,0,11,12,23,5,29,30,20,84,6,10,16,100
11/07/2010,BGR,ME,ANE,EN,Combined TRACON& Tower with Radar,20,16,22,10,68,0,0,16,4,20,20,16,38,14,88,0,28,28,116
11/08/2010,BGR,ME,ANE,EN,Combined TRACON& Tower with Radar,14,21,14,22,71,0,0,0,0,0,14,21,14,22,71,0,0,0,71
11/09/2010,BGR,ME,ANE,EN,Combined TRACON& Tower with Radar,17,43,9,26,95,0,0,0,0,0,17,43,9,26,95,0,0,0,95
11/10/2010,BGR,ME,ANE,EN,Combined TRACON& Tower with Radar,13,36,21,30,100,0,0,6,15,21,13,36,27,45,121,0,0,0,121
11/11/2010,BGR,ME,ANE,EN,Combined TRACON& Tower with Radar,10,34,18,7,69,0,0,27,10,37,10,34,45,17,106,56,12,68,174
11/12/2010,BGR,ME,ANE,EN,Combined TRACON& Tower with Radar,17,31,36,23,107,0,0,30,4,34,17,31,66,27,141,24,18,42,183
11/13/2010,BGR,ME,ANE,EN,Combined TRACON& Tower with Radar,9,26,18,4,57,0,0,44,0,44,9,26,62,4,101,12,0,12,113
11/14/2010,BGR,ME,ANE,EN,Combined TRACON& Tower with Radar,17,22,20,6,65,0,0,37,0,37,17,22,57,6,102,16,0,16,118
11/15/2010,BGR,ME,ANE,EN,Combined TRACON& Tower with Radar,20,40,13,28,101,0,0,4,4,8,20,40,17,32,109,10,2,12,121
11/16/2010,BGR,ME,ANE,EN,Combined TRACON& Tower with Radar,10,31,14,37,92,0,0,4,7,11,10,31,18,44,103,0,0,0,103
11/17/2010,BGR,ME,ANE,EN,Combined TRACON& Tower with Radar,12,31,13,17,73,0,0,3,0,3,12,31,16,17,76,0,0,0,76
11/18/2010,BGR,ME,ANE,EN,Combined TRACON& Tower with Radar,8,33,26,26,93,0,0,3,29,32,8,33,29,55,125,0,22,22,147
11/19/2010,BGR,ME,ANE,EN,Combined TRACON& Tower with Radar,16,40,20,19,95,0,0,26,8,34,16,40,46,27,129,24,18,42,171
11/20/2010,BGR,ME,ANE,EN,Combined TRACON& Tower with Radar,6,28,14,10,58,0,0,13,0,13,6,28,27,10,71,48,0,48,119
11/21/2010,BGR,ME,ANE,EN,Combined TRACON& Tower with Radar,11,17,9,9,46,0,1,21,0,22,11,18,30,9,68,62,0,62,130
11/22/2010,BGR,ME,ANE,EN,Combined TRACON& Tower with Radar,10,29,7,24,70,0,0,3,1,4,10,29,10,25,74,0,0,0,74
11/23/2010,BGR,ME,ANE,EN,Combined TRACON& Tower with Radar,13,42,18,6,79,0,0,0,0,0,13,42,18,6,79,0,0,0,79
11/24/2010,BGR,ME,ANE,EN,Combined TRACON& Tower with Radar,10,35,13,23,81,0,0,0,0,0,10,35,13,23,81,0,10,10,91
11/25/2010,BGR,ME,ANE,EN,Combined TRACON& Tower with Radar,8,9,2,1,20,0,0,5,0,5,8,9,7,1,25,0,0,0,25
11/26/2010,BGR,ME,ANE,EN,Combined TRACON& Tower with Radar,14,19,4,9,46,0,1,0,0,1,14,20,4,9,47,0,0,0,47
11/27/2010,BGR,ME,ANE,EN,Combined TRACON& Tower with Radar,13,26,10,3,52,0,1,4,1,6,13,27,14,4,58,12,0,12,70
11/28/2010,BGR,ME,ANE,EN,Combined TRACON& Tower with Radar,10,23,21,5,59,0,0,8,3,11,10,23,29,8,70,6,0,6,76
11/29/2010,BGR,ME,ANE,EN,Combined TRACON& Tower with Radar,18,28,23,26,95,0,1,17,9,27,18,29,40,35,122,40,12,52,174
11/30/2010,BGR,ME,ANE,EN,Combined TRACON& Tower with Radar,5,40,14,61,120,0,3,25,15,43,5,43,39,76,163,34,20,54,217
12/01/2010,BGR,ME,ANE,EN,Combined TRACON& Tower with Radar,17,30,3,31,81,0,0,1,6,7,17,30,4,37,88,0,20,20,108
12/02/2010,BGR,ME,ANE,EN,Combined TRACON& Tower with Radar,10,36,19,50,115,0,0,3,10,13,10,36,22,60,128,22,40,62,190
12/03/2010,BGR,ME,ANE,EN,Combined TRACON& Tower with Radar,11,29,42,13,95,0,0,5,2,7,11,29,47,15,102,0,0,0,102
12/04/2010,BGR,ME,ANE,EN,Combined TRACON& Tower with Radar,8,23,12,28,71,0,0,0,0,0,8,23,12,28,71,0,0,0,71
12/05/2010,BGR,ME,ANE,EN,Combined TRACON& Tower with Radar,7,25,10,4,46,0,0,2,0,2,7,25,12,4,48,0,0,0,48
12/06/2010,BGR,ME,ANE,EN,Combined TRACON& Tower with Radar,10,24,6,5,45,0,0,0,0,0,10,24,6,5,45,0,0,0,45
12/07/2010,BGR,ME,ANE,EN,Combined TRACON& Tower with Radar,7,36,17,56,116,0,1,16,1,18,7,37,33,57,134,0,8,8,142
12/08/2010,BGR,ME,ANE,EN,Combined TRACON& Tower with Radar,9,25,22,48,104,0,0,3,23,26,9,25,25,71,130,0,8,8,138
12/09/2010,BGR,ME,ANE,EN,Combined TRACON& Tower with Radar,8,28,28,25,89,0,0,13,30,43,8,28,41,55,132,36,10,46,178
12/10/2010,BGR,ME,ANE,EN,Combined TRACON& Tower with Radar,13,29,21,29,92,0,0,21,10,31,13,29,42,39,123,8,22,30,153
12/11/2010,BGR,ME,ANE,EN,Combined TRACON& Tower with Radar,1,31,18,5,55,0,1,19,0,20,1,32,37,5,75,6,0,6,81
12/12/2010,BGR,ME,ANE,EN,Combined TRACON& Tower with Radar,13,24,15,6,58,0,0,3,0,3,13,24,18,6,61,16,0,16,77
12/13/2010,BGR,ME,ANE,EN,Combined TRACON& Tower with Radar,11,29,8,8,56,0,0,0,0,0,11,29,8,8,56,0,0,0,56
12/14/2010,BGR,ME,ANE,EN,Combined TRACON& Tower with Radar,6,34,29,48,117,0,0,6,0,6,6,34,35,48,123,0,26,26,149
12/15/2010,BGR,ME,ANE,EN,Combined TRACON& Tower with Radar,17,35,19,23,94,9,9,2,0,20,26,44,21,23,114,0,14,14,128
12/16/2010,BGR,ME,ANE,EN,Combined TRACON& Tower with Radar,11,34,36,35,116,0,4,16,26,46,11,38,52,61,162,32,14,46,208
12/17/2010,BGR,ME,ANE,EN,Combined TRACON& Tower with Radar,16,30,40,4,90,0,0,16,0,16,16,30,56,4,106,40,0,40,146
12/18/2010,BGR,ME,ANE,EN,Combined TRACON& Tower with Radar,5,24,20,2,51,0,0,29,4,33,5,24,49,6,84,14,10,24,108
12/19/2010,BGR,ME,ANE,EN,Combined TRACON& Tower with Radar,8,15,9,7,39,0,0,12,0,12,8,15,21,7,51,74,8,82,133
12/20/2010,BGR,ME,ANE,EN,Combined TRACON& Tower with Radar,12,25,6,33,76,0,0,6,0,6,12,25,12,33,82,0,0,0,82
12/21/2010,BGR,ME,ANE,EN,Combined TRACON& Tower with Radar,9,32,19,5,65,0,0,5,0,5,9,32,24,5,70,0,0,0,70
12/22/2010,BGR,ME,ANE,EN,Combined TRACON& Tower with Radar,14,27,18,25,84,0,0,0,0,0,14,27,18,25,84,0,14,14,98
12/23/2010,BGR,ME,ANE,EN,Combined TRACON& Tower with Radar,12,32,7,2,53,0,1,4,0,5,12,33,11,2,58,0,0,0,58
12/24/2010,BGR,ME,ANE,EN,Combined TRACON& Tower with Radar,17,21,3,3,44,0,1,20,0,21,17,22,23,3,65,0,0,0,65
12/25/2010,BGR,ME,ANE,EN,Combined TRACON& Tower with Radar,6,18,0,1,25,0,2,4,0,6,6,20,4,1,31,0,8,8,39
12/26/2010,BGR,ME,ANE,EN,Combined TRACON& Tower with Radar,5,7,4,4,20,0,0,6,2,8,5,7,10,6,28,4,0,4,32
12/27/2010,BGR,ME,ANE,EN,Combined TRACON& Tower with Radar,7,4,1,0,12,0,0,0,0,0,7,4,1,0,12,0,0,0,12
12/28/2010,BGR,ME,ANE,EN,Combined TRACON& Tower with Radar,11,28,16,35,90,0,2,4,0,6,11,30,20,35,96,0,18,18,114
12/29/2010,BGR,ME,ANE,EN,Combined TRACON& Tower with Radar,11,26,11,35,83,0,2,16,12,30,11,28,27,47,113,0,48,48,161
12/30/2010,BGR,ME,ANE,EN,Combined TRACON& Tower with Radar,9,26,5,20,60,0,0,11,16,27,9,26,16,36,87,0,28,28,115
12/31/2010,BGR,ME,ANE,EN,Combined TRACON& Tower with Radar,12,32,11,0,55,0,0,23,2,25,12,32,34,2,80,4,0,4,84
01/01/2011,BGR,ME,ANE,EN,Combined TRACON& Tower with Radar,7,17,17,0,41,0,0,14,1,15,7,17,31,1,56,10,0,10,66
01/02/2011,BGR,ME,ANE,EN,Combined TRACON& Tower with Radar,4,16,8,3,31,0,0,0,0,0,4,16,8,3,31,0,0,0,31
01/03/2011,BGR,ME,ANE,EN,Combined TRACON& Tower with Radar,14,30,13,24,81,0,0,7,0,7,14,30,20,24,88,8,8,16,104
01/04/2011,BGR,ME,ANE,EN,Combined TRACON& Tower with Radar,13,28,17,36,94,0,1,11,3,15,13,29,28,39,109,0,6,6,115
01/05/2011,BGR,ME,ANE,EN,Combined TRACON& Tower with Radar,10,30,20,53,113,0,1,20,18,39,10,31,40,71,152,0,40,40,192
01/06/2011,BGR,ME,ANE,EN,Combined TRACON& Tower with Radar,11,27,15,41,94,0,0,28,13,41,11,27,43,54,135,0,8,8,143
01/07/2011,BGR,ME,ANE,EN,Combined TRACON& Tower with Radar,14,25,17,27,83,0,2,11,12,25,14,27,28,39,108,10,0,10,118
01/08/2011,BGR,ME,ANE,EN,Combined TRACON& Tower with Radar,13,19,11,23,66,0,0,1,0,1,13,19,12,23,67,0,0,0,67
01/09/2011,BGR,ME,ANE,EN,Combined TRACON& Tower with Radar,10,20,24,13,67,0,0,15,9,24,10,20,39,22,91,2,4,6,97
01/10/2011,BGR,ME,ANE,EN,Combined TRACON& Tower with Radar,8,22,17,55,102,0,0,16,5,21,8,22,33,60,123,0,14,14,137
01/11/2011,BGR,ME,ANE,EN,Combined TRACON& Tower with Radar,9,35,27,33,104,0,1,32,12,45,9,36,59,45,149,10,6,16,165
01/12/2011,BGR,ME,ANE,EN,Combined TRACON& Tower with Radar,6,3,6,0,15,0,1,0,0,1,6,4,6,0,16,0,0,0,16
01/13/2011,BGR,ME,ANE,EN,Combined TRACON& Tower with Radar,4,28,11,40,83,0,0,3,9,12,4,28,14,49,95,0,16,16,111
01/14/2011,BGR,ME,ANE,EN,Combined TRACON& Tower with Radar,13,28,28,33,102,0,2,6,0,8,13,30,34,33,110,0,22,22,132
01/15/2011,BGR,ME,ANE,EN,Combined TRACON& Tower with Radar,14,18,25,8,65,0,0,10,0,10,14,18,35,8,75,0,0,0,75
01/16/2011,BGR,ME,ANE,EN,Combined TRACON& Tower with Radar,7,17,17,6,47,0,2,10,0,12,7,19,27,6,59,8,0,8,67
01/17/2011,BGR,ME,ANE,EN,Combined TRACON& Tower with Radar,12,28,13,4,57,0,4,16,1,21,12,32,29,5,78,16,0,16,94
01/18/2011,BGR,ME,ANE,EN,Combined TRACON& Tower with Radar,12,31,16,21,80,0,0,0,0,0,12,31,16,21,80,0,0,0,80
01/19/2011,BGR,ME,ANE,EN,Combined TRACON& Tower with Radar,8,25,17,8,58,0,0,0,0,0,8,25,17,8,58,0,0,0,58
01/20/2011,BGR,ME,ANE,EN,Combined TRACON& Tower with Radar,13,27,9,62,111,0,5,14,18,37,13,32,23,80,148,6,31,37,185
01/21/2011,BGR,ME,ANE,EN,Combined TRACON& Tower with Radar,40,20,5,7,72,0,1,0,0,1,40,21,5,7,73,0,0,0,73
01/22/2011,BGR,ME,ANE,EN,Combined TRACON& Tower with Radar,8,17,10,1,36,0,4,4,0,8,8,21,14,1,44,10,0,10,54
01/23/2011,BGR,ME,ANE,EN,Combined TRACON& Tower with Radar,12,15,17,4,48,0,1,5,0,6,12,16,22,4,54,18,0,18,72
01/24/2011,BGR,ME,ANE,EN,Combined TRACON& Tower with Radar,12,23,20,24,79,0,3,14,0,17,12,26,34,24,96,0,8,8,104
01/25/2011,BGR,ME,ANE,EN,Combined TRACON& Tower with Radar,5,27,16,29,77,0,2,3,0,5,5,29,19,29,82,0,0,0,82
01/26/2011,BGR,ME,ANE,EN,Combined TRACON& Tower with Radar,13,19,20,40,92,0,3,6,18,27,13,22,26,58,119,8,12,20,139
01/27/2011,BGR,ME,ANE,EN,Combined TRACON& Tower with Radar,7,21,12,27,67,0,0,3,13,16,7,21,15,40,83,0,10,10,93
01/28/2011,BGR,ME,ANE,EN,Combined TRACON& Tower with Radar,19,26,18,38,101,0,2,13,9,24,19,28,31,47,125,12,46,58,183
01/29/2011,BGR,ME,ANE,EN,Combined TRACON& Tower with Radar,13,22,14,5,54,0,0,3,0,3,13,22,17,5,57,30,0,30,87
01/30/2011,BGR,ME,ANE,EN,Combined TRACON& Tower with Radar,14,19,20,3,56,0,1,5,0,6,14,20,25,3,62,0,0,0,62
01/31/2011,BGR,ME,ANE,EN,Combined TRACON& Tower with Radar,14,21,23,12,70,0,3,25,0,28,14,24,48,12,98,0,2,2,100
02/01/2011,BGR,ME,ANE,EN,Combined TRACON& Tower with Radar,13,19,14,32,78,0,0,1,0,1,13,19,15,32,79,0,2,2,81
02/02/2011,BGR,ME,ANE,EN,Combined TRACON& Tower with Radar,1,5,1,0,7,0,0,0,0,0,1,5,1,0,7,0,0,0,7
02/03/2011,BGR,ME,ANE,EN,Combined TRACON& Tower with Radar,8,31,16,16,71,0,4,10,0,14,8,35,26,16,85,2,4,6,91
02/04/2011,BGR,ME,ANE,EN,Combined TRACON& Tower with Radar,9,32,21,15,77,0,0,11,23,34,9,32,32,38,111,6,0,6,117
02/05/2011,BGR,ME,ANE,EN,Combined TRACON& Tower with Radar,10,20,20,4,54,0,2,14,6,22,10,22,34,10,76,0,0,0,76
02/06/2011,BGR,ME,ANE,EN,Combined TRACON& Tower with Radar,13,16,16,1,46,0,0,6,0,6,13,16,22,1,52,0,0,0,52
02/07/2011,BGR,ME,ANE,EN,Combined TRACON& Tower with Radar,10,25,22,42,99,0,2,1,8,11,10,27,23,50,110,0,14,14,124
02/08/2011,BGR,ME,ANE,EN,Combined TRACON& Tower with Radar,3,34,10,2,49,0,0,0,0,0,3,34,10,2,49,0,0,0,49
02/09/2011,BGR,ME,ANE,EN,Combined TRACON& Tower with Radar,6,32,22,33,93,0,4,6,14,24,6,36,28,47,117,0,26,26,143
02/10/2011,BGR,ME,ANE,EN,Combined TRACON& Tower with Radar,9,25,22,23,79,0,1,19,19,39,9,26,41,42,118,0,10,10,128
02/11/2011,BGR,ME,ANE,EN,Combined TRACON& Tower with Radar,20,36,21,25,102,0,7,12,9,28,20,43,33,34,130,2,22,24,154
02/12/2011,BGR,ME,ANE,EN,Combined TRACON& Tower with Radar,6,24,17,4,51,0,4,12,0,16,6,28,29,4,67,16,0,16,83
02/13/2011,BGR,ME,ANE,EN,Combined TRACON& Tower with Radar,8,20,19,1,48,0,1,8,0,9,8,21,27,1,57,14,0,14,71
02/14/2011,BGR,ME,ANE,EN,Combined TRACON& Tower with Radar,13,24,14,26,77,0,0,2,0,2,13,24,16,26,79,0,6,6,85
02/15/2011,BGR,ME,ANE,EN,Combined TRACON& Tower with Radar,8,43,15,24,90,0,1,4,3,8,8,44,19,27,98,0,6,6,104
02/16/2011,BGR,ME,ANE,EN,Combined TRACON& Tower with Radar,17,39,24,65,145,0,1,16,28,45,17,40,40,93,190,20,24,44,234
02/17/2011,BGR,ME,ANE,EN,Combined TRACON& Tower with Radar,8,33,26,34,101,0,2,14,14,30,8,35,40,48,131,10,8,18,149
02/18/2011,BGR,ME,ANE,EN,Combined TRACON& Tower with Radar,14,31,25,15,85,0,1,0,0,1,14,32,25,15,86,0,0,0,86
02/19/2011,BGR,ME,ANE,EN,Combined TRACON& Tower with Radar,11,21,24,0,56,0,0,3,0,3,11,21,27,0,59,0,0,0,59
02/20/2011,BGR,ME,ANE,EN,Combined TRACON& Tower with Radar,19,17,20,0,56,0,1,5,2,8,19,18,25,2,64,22,0,22,86
02/21/2011,BGR,ME,ANE,EN,Combined TRACON& Tower with Radar,15,22,11,7,55,0,0,9,0,9,15,22,20,7,64,12,0,12,76
02/22/2011,BGR,ME,ANE,EN,Combined TRACON& Tower with Radar,13,29,22,59,123,0,0,10,2,12,13,29,32,61,135,4,0,4,139
02/23/2011,BGR,ME,ANE,EN,Combined TRACON& Tower with Radar,22,33,14,19,88,0,0,19,22,41,22,33,33,41,129,12,0,12,141
02/24/2011,BGR,ME,ANE,EN,Combined TRACON& Tower with Radar,11,29,36,30,106,0,0,33,19,52,11,29,69,49,158,32,24,56,214
02/25/2011,BGR,ME,ANE,EN,Combined TRACON& Tower with Radar,10,16,7,2,35,0,1,2,2,5,10,17,9,4,40,0,0,0,40
02/26/2011,BGR,ME,ANE,EN,Combined TRACON& Tower with Radar,10,16,7,2,35,0,1,2,2,5,10,17,9,4,40,0,0,0,40
02/27/2011,BGR,ME,ANE,EN,Combined TRACON& Tower with Radar,11,17,15,2,45,0,1,5,0,6,11,18,20,2,51,0,0,0,51
02/28/2011,BGR,ME,ANE,EN,Combined TRACON& Tower with Radar,14,18,7,2,41,0,0,0,0,0,14,18,7,2,41,0,0,0,41
03/01/2011,BGR,ME,ANE,EN,Combined TRACON& Tower with Radar,10,30,14,27,81,0,0,13,3,16,10,30,27,30,97,4,32,36,133
03/02/2011,BGR,ME,ANE,EN,Combined TRACON& Tower with Radar,11,33,19,16,79,0,1,4,0,5,11,34,23,16,84,0,0,0,84
03/03/2011,BGR,ME,ANE,EN,Combined TRACON& Tower with Radar,15,27,26,39,107,0,5,3,3,11,15,32,29,42,118,2,14,16,134
03/04/2011,BGR,ME,ANE,EN,Combined TRACON& Tower with Radar,15,29,19,27,90,0,1,19,29,49,15,30,38,56,139,10,0,10,149
03/05/2011,BGR,ME,ANE,EN,Combined TRACON& Tower with Radar,21,17,21,24,83,0,1,0,4,5,21,18,21,28,88,0,0,0,88
03/06/2011,BGR,ME,ANE,EN,Combined TRACON& Tower with Radar,17,20,14,25,76,0,0,0,1,1,17,20,14,26,77,0,0,0,77
03/07/2011,BGR,ME,ANE,EN,Combined TRACON& Tower with Radar,14,20,8,1,43,0,0,0,0,0,14,20,8,1,43,0,0,0,43
03/08/2011,BGR,ME,ANE,EN,Combined TRACON& Tower with Radar,21,34,13,31,99,0,3,7,14,24,21,37,20,45,123,6,14,20,143
03/09/2011,BGR,ME,ANE,EN,Combined TRACON& Tower with Radar,18,31,19,30,98,0,1,27,15,43,18,32,46,45,141,20,16,36,177
03/10/2011,BGR,ME,ANE,EN,Combined TRACON& Tower with Radar,14,20,15,31,80,0,1,1,4,6,14,21,16,35,86,0,8,8,94
03/11/2011,BGR,ME,ANE,EN,Combined TRACON& Tower with Radar,17,28,6,7,58,0,0,0,0,0,17,28,6,7,58,0,0,0,58
03/12/2011,BGR,ME,ANE,EN,Combined TRACON& Tower with Radar,14,19,11,6,50,0,1,3,0,4,14,20,14,6,54,0,0,0,54
03/13/2011,BGR,ME,ANE,EN,Combined TRACON& Tower with Radar,12,17,18,9,56,0,0,8,0,8,12,17,26,9,64,14,4,18,82
03/14/2011,BGR,ME,ANE,EN,Combined TRACON& Tower with Radar,15,32,15,24,86,0,0,13,8,21,15,32,28,32,107,0,6,6,113
03/15/2011,BGR,ME,ANE,EN,Combined TRACON& Tower with Radar,9,33,16,42,100,0,0,25,16,41,9,33,41,58,141,34,12,46,187
03/16/2011,BGR,ME,ANE,EN,Combined TRACON& Tower with Radar,20,25,22,27,94,0,0,2,0,2,20,25,24,27,96,0,4,4,100
03/17/2011,BGR,ME,ANE,EN,Combined TRACON& Tower with Radar,22,33,39,40,134,0,0,24,16,40,22,33,63,56,174,10,24,34,208
03/18/2011,BGR,ME,ANE,EN,Combined TRACON& Tower with Radar,12,29,21,8,70,0,0,1,3,4,12,29,22,11,74,0,0,0,74
03/19/2011,BGR,ME,ANE,EN,Combined TRACON& Tower with Radar,12,18,16,12,58,0,9,12,16,37,12,27,28,28,95,0,0,0,95
03/20/2011,BGR,ME,ANE,EN,Combined TRACON& Tower with Radar,12,14,31,1,58,0,0,52,1,53,12,14,83,2,111,28,0,28,139
03/21/2011,BGR,ME,ANE,EN,Combined TRACON& Tower with Radar,11,24,12,11,58,0,0,0,1,1,11,24,12,12,59,0,0,0,59
03/22/2011,BGR,ME,ANE,EN,Combined TRACON& Tower with Radar,14,39,18,24,95,0,1,0,0,1,14,40,18,24,96,0,0,0,96
03/23/2011,BGR,ME,ANE,EN,Combined TRACON& Tower with Radar,8,28,14,42,92,0,1,3,3,7,8,29,17,45,99,4,0,4,103
03/24/2011,BGR,ME,ANE,EN,Combined TRACON& Tower with Radar,24,34,25,46,129,0,3,4,12,19,24,37,29,58,148,6,34,40,188
03/25/2011,BGR,ME,ANE,EN,Combined TRACON& Tower with Radar,16,32,22,46,116,0,0,14,5,19,16,32,36,51,135,14,22,36,171
03/26/2011,BGR,ME,ANE,EN,Combined TRACON& Tower with Radar,18,21,14,14,67,0,0,5,0,5,18,21,19,14,72,0,0,0,72
03/27/2011,BGR,ME,ANE,EN,Combined TRACON& Tower with Radar,13,24,10,19,66,0,0,4,2,6,13,24,14,21,72,0,2,2,74
03/28/2011,BGR,ME,ANE,EN,Combined TRACON& Tower with Radar,10,24,13,55,102,0,0,8,0,8,10,24,21,55,110,16,8,24,134
03/29/2011,BGR,ME,ANE,EN,Combined TRACON& Tower with Radar,9,38,11,42,100,0,3,7,2,12,9,41,18,44,112,0,4,4,116
03/30/2011,BGR,ME,ANE,EN,Combined TRACON& Tower with Radar,9,33,26,46,114,0,0,15,21,36,9,33,41,67,150,0,8,8,158
03/31/2011,BGR,ME,ANE,EN,Combined TRACON& Tower with Radar,9,32,31,41,113,0,0,24,22,46,9,32,55,63,159,16,8,24,183
04/01/2011,BGR,ME,ANE,EN,Combined TRACON& Tower with Radar,16,11,7,2,36,0,0,0,0,0,16,11,7,2,36,0,0,0,36
04/02/2011,BGR,ME,ANE,EN,Combined TRACON& Tower with Radar,7,37,8,5,57,0,0,3,6,9,7,37,11,11,66,0,24,24,90
04/03/2011,BGR,ME,ANE,EN,Combined TRACON& Tower with Radar,9,22,24,6,61,0,0,10,8,18,9,22,34,14,79,0,14,14,93
04/04/2011,BGR,ME,ANE,EN,Combined TRACON& Tower with Radar,15,30,15,40,100,0,0,7,12,19,15,30,22,52,119,8,20,28,147
04/05/2011,BGR,ME,ANE,EN,Combined TRACON& Tower with Radar,14,29,17,25,85,0,1,0,0,1,14,30,17,25,86,0,2,2,88
04/06/2011,BGR,ME,ANE,EN,Combined TRACON& Tower with Radar,22,34,14,32,102,0,0,2,25,27,22,34,16,57,129,0,20,20,149
04/07/2011,BGR,ME,ANE,EN,Combined TRACON& Tower with Radar,11,34,31,26,102,0,1,21,27,49,11,35,52,53,151,12,12,24,175
04/08/2011,BGR,ME,ANE,EN,Combined TRACON& Tower with Radar,12,28,22,27,89,0,0,19,7,26,12,28,41,34,115,32,38,70,185
04/09/2011,BGR,ME,ANE,EN,Combined TRACON& Tower with Radar,10,25,8,13,56,0,0,18,0,18,10,25,26,13,74,0,0,0,74
04/10/2011,BGR,ME,ANE,EN,Combined TRACON& Tower with Radar,14,23,24,1,62,0,0,25,0,25,14,23,49,1,87,32,0,32,119
04/11/2011,BGR,ME,ANE,EN,Combined TRACON& Tower with Radar,15,25,12,29,81,0,0,0,0,0,15,25,12,29,81,0,0,0,81
04/12/2011,BGR,ME,ANE,EN,Combined TRACON& Tower with Radar,10,38,24,42,114,0,0,7,4,11,10,38,31,46,125,0,14,14,139
04/13/2011,BGR,ME,ANE,EN,Combined TRACON& Tower with Radar,11,27,12,32,82,0,0,3,0,3,11,27,15,32,85,0,0,0,85
04/14/2011,BGR,ME,ANE,EN,Combined TRACON& Tower with Radar,11,33,20,47,111,0,0,30,1,31,11,33,50,48,142,0,22,22,164
04/15/2011,BGR,ME,ANE,EN,Combined TRACON& Tower with Radar,5,26,19,8,58,0,1,31,0,32,5,27,50,8,90,14,4,18,108
04/16/2011,BGR,ME,ANE,EN,Combined TRACON& Tower with Radar,12,22,20,14,68,0,1,13,0,14,12,23,33,14,82,6,2,8,90
04/17/2011,BGR,ME,ANE,EN,Combined TRACON& Tower with Radar,15,24,17,12,68,0,0,5,0,5,15,24,22,12,73,2,0,2,75
04/18/2011,BGR,ME,ANE,EN,Combined TRACON& Tower with Radar,11,25,18,16,70,0,0,5,0,5,11,25,23,16,75,2,6,8,83
04/19/2011,BGR,ME,ANE,EN,Combined TRACON& Tower with Radar,7,29,19,42,97,0,1,21,2,24,7,30,40,44,121,10,14,24,145
04/20/2011,BGR,ME,ANE,EN,Combined TRACON& Tower with Radar,15,30,15,8,68,0,1,0,0,1,15,31,15,8,69,0,0,0,69
04/21/2011,BGR,ME,ANE,EN,Combined TRACON& Tower with Radar,6,37,12,35,90,0,1,1,4,6,6,38,13,39,96,2,4,6,102
04/22/2011,BGR,ME,ANE,EN,Combined TRACON& Tower with Radar,19,29,27,33,108,0,0,35,5,40,19,29,62,38,148,4,24,28,176
04/23/2011,BGR,ME,ANE,EN,Combined TRACON& Tower with Radar,8,22,22,3,55,0,0,6,0,6,8,22,28,3,61,0,0,0,61
04/24/2011,BGR,ME,ANE,EN,Combined TRACON& Tower with Radar,8,16,12,1,37,0,0,21,0,21,8,16,33,1,58,0,0,0,58
04/25/2011,BGR,ME,ANE,EN,Combined TRACON& Tower with Radar,9,26,13,26,74,0,0,15,0,15,9,26,28,26,89,0,10,10,99
04/26/2011,BGR,ME,ANE,EN,Combined TRACON& Tower with Radar,3,32,24,42,101,0,2,2,0,4,3,34,26,42,105,0,0,0,105
04/27/2011,BGR,ME,ANE,EN,Combined TRACON& Tower with Radar,4,30,21,53,108,0,0,0,0,0,4,30,21,53,108,0,0,0,108
04/28/2011,BGR,ME,ANE,EN,Combined TRACON& Tower with Radar,9,24,15,30,78,0,0,0,0,0,9,24,15,30,78,0,0,0,78
04/29/2011,BGR,ME,ANE,EN,Combined TRACON& Tower with Radar,14,27,21,23,85,0,0,23,19,42,14,27,44,42,127,16,0,16,143
04/30/2011,BGR,ME,ANE,EN,Combined TRACON& Tower with Radar,7,21,17,17,62,0,1,30,14,45,7,22,47,31,107,4,8,12,119
05/01/2011,BGR,ME,ANE,EN,Combined TRACON& Tower with Radar,16,28,19,25,88,0,0,30,13,43,16,28,49,38,131,6,2,8,139
05/02/2011,BGR,ME,ANE,EN,Combined TRACON& Tower with Radar,10,29,15,22,76,0,0,23,0,23,10,29,38,22,99,36,18,54,153
05/03/2011,BGR,ME,ANE,EN,Combined TRACON& Tower with Radar,5,33,16,28,82,0,0,9,0,9,5,33,25,28,91,32,18,50,141
05/04/2011,BGR,ME,ANE,EN,Combined TRACON& Tower with Radar,18,29,38,16,101,0,0,0,0,0,18,29,38,16,101,0,0,0,101
05/05/2011,BGR,ME,ANE,EN,Combined TRACON& Tower with Radar,15,30,30,16,91,0,0,0,0,0,15,30,30,16,91,0,0,0,91
05/06/2011,BGR,ME,ANE,EN,Combined TRACON& Tower with Radar,11,28,15,29,83,0,1,15,9,25,11,29,30,38,108,0,20,20,128
05/07/2011,BGR,ME,ANE,EN,Combined TRACON& Tower with Radar,18,25,15,46,104,0,2,18,0,20,18,27,33,46,124,0,16,16,140
05/08/2011,BGR,ME,ANE,EN,Combined TRACON& Tower with Radar,13,20,27,9,69,0,1,8,0,9,13,21,35,9,78,14,0,14,92
05/09/2011,BGR,ME,ANE,EN,Combined TRACON& Tower with Radar,16,22,14,22,74,0,0,3,2,5,16,22,17,24,79,10,0,10,89
05/10/2011,BGR,ME,ANE,EN,Combined TRACON& Tower with Radar,10,40,28,30,108,0,0,3,1,4,10,40,31,31,112,0,0,0,112
05/11/2011,BGR,ME,ANE,EN,Combined TRACON& Tower with Radar,15,31,19,19,84,0,0,5,19,24,15,31,24,38,108,0,0,0,108
05/12/2011,BGR,ME,ANE,EN,Combined TRACON& Tower with Radar,13,33,36,36,118,0,2,18,5,25,13,35,54,41,143,4,12,16,159
05/13/2011,BGR,ME,ANE,EN,Combined TRACON& Tower with Radar,14,27,34,21,96,0,0,27,0,27,14,27,61,21,123,12,4,16,139
05/14/2011,BGR,ME,ANE,EN,Combined TRACON& Tower with Radar,9,23,24,18,74,0,0,2,2,4,9,23,26,20,78,0,20,20,98
05/15/2011,BGR,ME,ANE,EN,Combined TRACON& Tower with Radar,15,25,18,7,65,0,0,0,0,0,15,25,18,7,65,0,0,0,65
05/16/2011,BGR,ME,ANE,EN,Combined TRACON& Tower with Radar,8,23,12,31,74,0,0,0,0,0,8,23,12,31,74,0,0,0,74
05/17/2011,BGR,ME,ANE,EN,Combined TRACON& Tower with Radar,5,28,27,20,80,0,0,0,0,0,5,28,27,20,80,0,0,0,80
05/18/2011,BGR,ME,ANE,EN,Combined TRACON& Tower with Radar,8,36,10,24,78,0,0,0,0,0,8,36,10,24,78,0,0,0,78
05/19/2011,BGR,ME,ANE,EN,Combined TRACON& Tower with Radar,9,30,25,66,130,0,0,1,5,6,9,30,26,71,136,0,0,0,136
05/20/2011,BGR,ME,ANE,EN,Combined TRACON& Tower with Radar,9,35,26,33,103,0,0,0,0,0,9,35,26,33,103,0,0,0,103
05/21/2011,BGR,ME,ANE,EN,Combined TRACON& Tower with Radar,6,23,15,9,53,0,0,0,0,0,6,23,15,9,53,0,0,0,53
05/22/2011,BGR,ME,ANE,EN,Combined TRACON& Tower with Radar,18,19,31,13,81,0,0,28,42,70,18,19,59,55,151,22,0,22,173
05/23/2011,BGR,ME,ANE,EN,Combined TRACON& Tower with Radar,14,27,26,45,112,0,0,0,3,3,14,27,26,48,115,0,0,0,115
05/24/2011,BGR,ME,ANE,EN,Combined TRACON& Tower with Radar,7,36,24,23,90,0,0,3,0,3,7,36,27,23,93,0,0,0,93
05/25/2011,BGR,ME,ANE,EN,Combined TRACON& Tower with Radar,15,33,35,40,123,0,0,33,33,66,15,33,68,73,189,30,8,38,227
05/26/2011,BGR,ME,ANE,EN,Combined TRACON& Tower with Radar,13,39,28,37,117,0,0,14,6,20,13,39,42,43,137,12,14,26,163
05/27/2011,BGR,ME,ANE,EN,Combined TRACON& Tower with Radar,24,28,38,31,121,0,0,20,0,20,24,28,58,31,141,10,2,12,153
05/28/2011,BGR,ME,ANE,EN,Combined TRACON& Tower with Radar,14,25,28,8,75,0,0,4,0,4,14,25,32,8,79,4,0,4,83
05/29/2011,BGR,ME,ANE,EN,Combined TRACON& Tower with Radar,18,21,11,6,56,0,1,4,0,5,18,22,15,6,61,6,0,6,67
05/30/2011,BGR,ME,ANE,EN,Combined TRACON& Tower with Radar,22,19,25,6,72,0,0,19,5,24,22,19,44,11,96,4,0,4,100
05/31/2011,BGR,ME,ANE,EN,Combined TRACON& Tower with Radar,16,27,16,48,107,0,0,34,3,37,16,27,50,51,144,0,16,16,160
06/01/2011,BGR,ME,ANE,EN,Combined TRACON& Tower with Radar,28,24,12,8,72,0,0,1,0,1,28,24,13,8,73,0,2,2,75
06/02/2011,BGR,ME,ANE,EN,Combined TRACON& Tower with Radar,20,30,23,68,141,0,0,11,23,34,20,30,34,91,175,0,18,18,193
06/03/2011,BGR,ME,ANE,EN,Combined TRACON& Tower with Radar,10,31,22,30,93,0,1,20,5,26,10,32,42,35,119,12,24,36,155
06/04/2011,BGR,ME,ANE,EN,Combined TRACON& Tower with Radar,7,28,8,14,57,0,0,28,18,46,7,28,36,32,103,8,14,22,125
06/05/2011,BGR,ME,ANE,EN,Combined TRACON& Tower with Radar,13,25,33,16,87,0,0,21,4,25,13,25,54,20,112,8,0,8,120
06/06/2011,BGR,ME,ANE,EN,Combined TRACON& Tower with Radar,10,32,19,30,91,0,0,20,0,20,10,32,39,30,111,0,20,20,131
06/07/2011,BGR,ME,ANE,EN,Combined TRACON& Tower with Radar,10,38,32,41,121,0,2,30,11,43,10,40,62,52,164,0,20,20,184
06/08/2011,BGR,ME,ANE,EN,Combined TRACON& Tower with Radar,12,38,33,26,109,0,0,25,7,32,12,38,58,33,141,22,22,44,185
06/09/2011,BGR,ME,ANE,EN,Combined TRACON& Tower with Radar,32,30,33,24,119,0,2,16,2,20,32,32,49,26,139,8,20,28,167
06/10/2011,BGR,ME,ANE,EN,Combined TRACON& Tower with Radar,19,43,38,37,137,0,2,16,13,31,19,45,54,50,168,32,26,58,226
06/11/2011,BGR,ME,ANE,EN,Combined TRACON& Tower with Radar,18,24,25,9,76,0,0,19,3,22,18,24,44,12,98,7,0,7,105
06/12/2011,BGR,ME,ANE,EN,Combined TRACON& Tower with Radar,20,18,35,2,75,0,0,2,0,2,20,18,37,2,77,0,0,0,77
06/13/2011,BGR,ME,ANE,EN,Combined TRACON& Tower with Radar,19,25,37,35,116,0,1,3,0,4,19,26,40,35,120,0,0,0,120
06/14/2011,BGR,ME,ANE,EN,Combined TRACON& Tower with Radar,19,28,28,34,109,0,0,5,3,8,19,28,33,37,117,0,8,8,125
06/15/2011,BGR,ME,ANE,EN,Combined TRACON& Tower with Radar,23,33,31,14,101,0,4,27,16,47,23,37,58,30,148,10,4,14,162
06/16/2011,BGR,ME,ANE,EN,Combined TRACON& Tower with Radar,19,32,27,24,102,0,1,27,12,40,19,33,54,36,142,4,3,7,149
06/17/2011,BGR,ME,ANE,EN,Combined TRACON& Tower with Radar,26,34,25,16,101,0,1,16,6,23,26,35,41,22,124,0,14,14,138
06/18/2011,BGR,ME,ANE,EN,Combined TRACON& Tower with Radar,19,26,55,13,113,0,0,2,0,2,19,26,57,13,115,0,0,0,115
06/19/2011,BGR,ME,ANE,EN,Combined TRACON& Tower with Radar,25,29,34,7,95,0,0,20,0,20,25,29,54,7,115,12,0,12,127
06/20/2011,BGR,ME,ANE,EN,Combined TRACON& Tower with Radar,24,32,38,41,135,0,0,30,9,39,24,32,68,50,174,0,20,20,194
06/21/2011,BGR,ME,ANE,EN,Combined TRACON& Tower with Radar,24,25,25,22,96,0,3,29,10,42,24,28,54,32,138,26,0,26,164
06/22/2011,BGR,ME,ANE,EN,Combined TRACON& Tower with Radar,25,34,36,5,100,0,1,27,13,41,25,35,63,18,141,22,8,30,171
06/23/2011,BGR,ME,ANE,EN,Combined TRACON& Tower with Radar,27,41,32,40,140,0,0,7,6,13,27,41,39,46,153,4,8,12,165
06/24/2011,BGR,ME,ANE,EN,Combined TRACON& Tower with Radar,21,42,39,44,146,0,5,14,9,28,21,47,53,53,174,22,30,52,226
06/25/2011,BGR,ME,ANE,EN,Combined TRACON& Tower with Radar,20,32,18,6,76,0,0,0,0,0,20,32,18,6,76,0,0,0,76
06/26/2011,BGR,ME,ANE,EN,Combined TRACON& Tower with Radar,20,26,47,15,108,0,0,9,0,9,20,26,56,15,117,6,0,6,123
06/27/2011,BGR,ME,ANE,EN,Combined TRACON& Tower with Radar,19,26,35,33,113,0,2,37,13,52,19,28,72,46,165,28,74,102,267
06/28/2011,BGR,ME,ANE,EN,Combined TRACON& Tower with Radar,18,37,27,22,104,0,0,39,11,50,18,37,66,33,154,42,20,62,216
06/29/2011,BGR,ME,ANE,EN,Combined TRACON& Tower with Radar,23,44,44,31,142,0,0,6,2,8,23,44,50,33,150,2,22,24,174
06/30/2011,BGR,ME,ANE,EN,Combined TRACON& Tower with Radar,32,42,35,32,141,0,2,25,2,29,32,44,60,34,170,24,10,34,204
07/01/2011,BGR,ME,ANE,EN,Combined TRACON& Tower with Radar,26,31,38,41,136,0,0,46,5,51,26,31,84,46,187,44,30,74,261
07/02/2011,BGR,ME,ANE,EN,Combined TRACON& Tower with Radar,26,25,17,4,72,0,0,20,0,20,26,25,37,4,92,4,0,4,96
07/03/2011,BGR,ME,ANE,EN,Combined TRACON& Tower with Radar,21,27,34,3,85,0,1,0,0,1,21,28,34,3,86,0,0,0,86
07/04/2011,BGR,ME,ANE,EN,Combined TRACON& Tower with Radar,31,24,19,1,75,0,2,17,0,19,31,26,36,1,94,14,0,14,108
07/05/2011,BGR,ME,ANE,EN,Combined TRACON& Tower with Radar,20,30,32,35,117,0,0,36,2,38,20,30,68,37,155,26,10,36,191
07/06/2011,BGR,ME,ANE,EN,Combined TRACON& Tower with Radar,28,21,19,19,87,0,4,13,11,28,28,25,32,30,115,6,22,28,143
07/07/2011,BGR,ME,ANE,EN,Combined TRACON& Tower with Radar,23,22,21,53,119,0,4,21,18,43,23,26,42,71,162,6,44,50,212
07/08/2011,BGR,ME,ANE,EN,Combined TRACON& Tower with Radar,27,22,26,31,106,0,6,37,5,48,27,28,63,36,154,14,52,66,220
07/09/2011,BGR,ME,ANE,EN,Combined TRACON& Tower with Radar,24,15,47,8,94,0,1,15,1,17,24,16,62,9,111,10,8,18,129
07/10/2011,BGR,ME,ANE,EN,Combined TRACON& Tower with Radar,30,24,24,21,99,0,0,36,0,36,30,24,60,21,135,0,4,4,139
07/11/2011,BGR,ME,ANE,EN,Combined TRACON& Tower with Radar,23,20,30,61,134,0,1,27,10,38,23,21,57,71,172,18,6,24,196
07/12/2011,BGR,ME,ANE,EN,Combined TRACON& Tower with Radar,26,34,34,27,121,0,3,11,18,32,26,37,45,45,153,0,16,16,169
07/13/2011,BGR,ME,ANE,EN,Combined TRACON& Tower with Radar,30,28,43,35,136,0,4,38,12,54,30,32,81,47,190,2,6,8,198
07/14/2011,BGR,ME,ANE,EN,Combined TRACON& Tower with Radar,28,28,31,40,127,0,4,22,22,48,28,32,53,62,175,10,30,40,215
07/15/2011,BGR,ME,ANE,EN,Combined TRACON& Tower with Radar,31,28,28,10,97,0,1,42,5,48,31,29,70,15,145,8,4,12,157
07/16/2011,BGR,ME,ANE,EN,Combined TRACON& Tower with Radar,23,17,19,5,64,0,1,36,0,37,23,18,55,5,101,0,0,0,101
07/17/2011,BGR,ME,ANE,EN,Combined TRACON& Tower with Radar,28,21,27,13,89,0,0,31,0,31,28,21,58,13,120,0,0,0,120
07/18/2011,BGR,ME,ANE,EN,Combined TRACON& Tower with Radar,22,21,14,30,87,0,0,16,8,24,22,21,30,38,111,0,34,34,145
07/19/2011,BGR,ME,ANE,EN,Combined TRACON& Tower with Radar,19,29,21,29,98,0,0,18,4,22,19,29,39,33,120,0,30,30,150
07/20/2011,BGR,ME,ANE,EN,Combined TRACON& Tower with Radar,34,25,25,68,152,0,0,48,36,84,34,25,73,104,236,4,78,82,318
07/21/2011,BGR,ME,ANE,EN,Combined TRACON& Tower with Radar,24,25,28,23,100,0,3,22,14,39,24,28,50,37,139,6,16,22,161
07/22/2011,BGR,ME,ANE,EN,Combined TRACON& Tower with Radar,29,25,31,12,97,0,2,20,5,27,29,27,51,17,124,2,0,2,126
07/23/2011,BGR,ME,ANE,EN,Combined TRACON& Tower with Radar,35,24,36,3,98,0,1,18,0,19,35,25,54,3,117,14,0,14,131
07/24/2011,BGR,ME,ANE,EN,Combined TRACON& Tower with Radar,24,18,39,3,84,0,2,19,0,21,24,20,58,3,105,6,0,6,111
07/25/2011,BGR,ME,ANE,EN,Combined TRACON& Tower with Radar,26,19,37,21,103,0,3,25,15,43,26,22,62,36,146,32,30,62,208
07/26/2011,BGR,ME,ANE,EN,Combined TRACON& Tower with Radar,22,26,38,34,120,0,1,1,1,3,22,27,39,35,123,0,10,10,133
07/27/2011,BGR,ME,ANE,EN,Combined TRACON& Tower with Radar,34,23,21,39,117,0,5,36,23,64,34,28,57,62,181,8,20,28,209
07/28/2011,BGR,ME,ANE,EN,Combined TRACON& Tower with Radar,26,29,26,27,108,0,2,29,15,46,26,31,55,42,154,0,44,44,198
07/29/2011,BGR,ME,ANE,EN,Combined TRACON& Tower with Radar,31,30,20,22,103,0,1,7,3,11,31,31,27,25,114,0,0,0,114
07/30/2011,BGR,ME,ANE,EN,Combined TRACON& Tower with Radar,24,23,31,5,83,0,0,29,0,29,24,23,60,5,112,8,0,8,120
07/31/2011,BGR,ME,ANE,EN,Combined TRACON& Tower with Radar,26,19,28,2,75,0,3,38,1,42,26,22,66,3,117,34,0,34,151
08/01/2011,BGR,ME,ANE,EN,Combined TRACON& Tower with Radar,34,17,26,19,96,0,1,31,3,35,34,18,57,22,131,8,26,34,165
08/02/2011,BGR,ME,ANE,EN,Combined TRACON& Tower with Radar,25,30,22,19,96,0,1,5,3,9,25,31,27,22,105,14,0,14,119
08/03/2011,BGR,ME,ANE,EN,Combined TRACON& Tower with Radar,34,30,21,26,111,0,2,14,19,35,34,32,35,45,146,10,16,26,172
08/04/2011,BGR,ME,ANE,EN,Combined TRACON& Tower with Radar,25,27,34,29,115,0,3,12,15,30,25,30,46,44,145,0,12,12,157
08/05/2011,BGR,ME,ANE,EN,Combined TRACON& Tower with Radar,32,26,34,26,118,0,2,58,8,68,32,28,92,34,186,12,0,12,198
08/06/2011,BGR,ME,ANE,EN,Combined TRACON& Tower with Radar,33,22,29,9,93,0,1,9,1,11,33,23,38,10,104,0,0,0,104
08/07/2011,BGR,ME,ANE,EN,Combined TRACON& Tower with Radar,19,17,45,5,86,0,0,0,0,0,19,17,45,5,86,0,0,0,86
08/08/2011,BGR,ME,ANE,EN,Combined TRACON& Tower with Radar,33,24,22,27,106,0,2,6,1,9,33,26,28,28,115,0,20,20,135
08/09/2011,BGR,ME,ANE,EN,Combined TRACON& Tower with Radar,21,20,13,15,69,0,2,41,14,57,21,22,54,29,126,58,8,66,192
08/10/2011,BGR,ME,ANE,EN,Combined TRACON& Tower with Radar,28,24,17,26,95,0,0,1,0,1,28,24,18,26,96,0,0,0,96
08/11/2011,BGR,ME,ANE,EN,Combined TRACON& Tower with Radar,27,28,35,35,125,0,2,19,0,21,27,30,54,35,146,26,0,26,172
08/12/2011,BGR,ME,ANE,EN,Combined TRACON& Tower with Radar,29,35,26,12,102,0,6,47,17,70,29,41,73,29,172,106,0,106,278
08/13/2011,BGR,ME,ANE,EN,Combined TRACON& Tower with Radar,30,20,31,17,98,0,3,26,17,46,30,23,57,34,144,66,4,70,214
08/14/2011,BGR,ME,ANE,EN,Combined TRACON& Tower with Radar,22,12,35,9,78,0,2,24,2,28,22,14,59,11,106,38,0,38,144
08/15/2011,BGR,ME,ANE,EN,Combined TRACON& Tower with Radar,27,26,34,13,100,0,0,7,2,9,27,26,41,15,109,34,24,58,167
08/16/2011,BGR,ME,ANE,EN,Combined TRACON& Tower with Radar,24,30,36,17,107,0,2,0,0,2,24,32,36,17,109,0,14,14,123
08/17/2011,BGR,ME,ANE,EN,Combined TRACON& Tower with Radar,20,41,26,19,106,0,12,42,11,65,20,53,68,30,171,36,28,64,235
08/18/2011,BGR,ME,ANE,EN,Combined TRACON& Tower with Radar,21,24,20,20,85,0,3,26,12,41,21,27,46,32,126,34,16,50,176
08/19/2011,BGR,ME,ANE,EN,Combined TRACON& Tower with Radar,24,36,18,6,84,0,0,12,5,17,24,36,30,11,101,26,0,26,127
08/20/2011,BGR,ME,ANE,EN,Combined TRACON& Tower with Radar,20,23,21,3,67,0,0,14,0,14,20,23,35,3,81,0,0,0,81
08/21/2011,BGR,ME,ANE,EN,Combined TRACON& Tower with Radar,20,16,19,2,57,0,0,12,1,13,20,16,31,3,70,0,0,0,70
08/22/2011,BGR,ME,ANE,EN,Combined TRACON& Tower with Radar,27,28,33,29,117,0,0,14,5,19,27,28,47,34,136,0,14,14,150
08/23/2011,BGR,ME,ANE,EN,Combined TRACON& Tower with Radar,21,34,29,31,115,0,4,43,11,58,21,38,72,42,173,10,16,26,199
08/24/2011,BGR,ME,ANE,EN,Combined TRACON& Tower with Radar,21,44,26,11,102,0,9,30,16,55,21,53,56,27,157,18,16,34,191
08/25/2011,BGR,ME,ANE,EN,Combined TRACON& Tower with Radar,18,29,23,37,107,0,3,14,2,19,18,32,37,39,126,0,0,0,126
08/26/2011,BGR,ME,ANE,EN,Combined TRACON& Tower with Radar,27,37,25,12,101,0,0,43,7,50,27,37,68,19,151,28,0,28,179
08/27/2011,BGR,ME,ANE,EN,Combined TRACON& Tower with Radar,14,22,13,8,57,0,1,12,1,14,14,23,25,9,71,10,0,10,81
08/28/2011,BGR,ME,ANE,EN,Combined TRACON& Tower with Radar,2,2,0,0,4,0,0,0,0,0,2,2,0,0,4,0,0,0,4
08/29/2011,BGR,ME,ANE,EN,Combined TRACON& Tower with Radar,19,25,10,9,63,0,1,12,1,14,19,26,22,10,77,16,0,16,93
08/30/2011,BGR,ME,ANE,EN,Combined TRACON& Tower with Radar,21,27,20,28,96,0,4,35,10,49,21,31,55,38,145,8,0,8,153
08/31/2011,BGR,ME,ANE,EN,Combined TRACON& Tower with Radar,20,34,14,25,93,0,6,25,16,47,20,40,39,41,140,44,0,44,184
09/01/2011,BGR,ME,ANE,EN,Combined TRACON& Tower with Radar,25,31,28,31,115,0,6,37,16,59,25,37,65,47,174,86,18,104,278
09/02/2011,BGR,ME,ANE,EN,Combined TRACON& Tower with Radar,22,30,30,6,88,0,3,39,3,45,22,33,69,9,133,0,4,4,137
09/03/2011,BGR,ME,ANE,EN,Combined TRACON& Tower with Radar,19,21,18,11,69,0,0,24,1,25,19,21,42,12,94,72,4,76,170
09/04/2011,BGR,ME,ANE,EN,Combined TRACON& Tower with Radar,21,14,28,6,69,0,1,11,0,12,21,15,39,6,81,88,12,100,181
09/05/2011,BGR,ME,ANE,EN,Combined TRACON& Tower with Radar,24,28,24,2,78,0,1,3,0,4,24,29,27,2,82,0,0,0,82
09/06/2011,BGR,ME,ANE,EN,Combined TRACON& Tower with Radar,27,29,30,25,111,0,1,11,3,15,27,30,41,28,126,4,4,8,134
09/07/2011,BGR,ME,ANE,EN,Combined TRACON& Tower with Radar,21,33,27,13,94,0,0,3,2,5,21,33,30,15,99,0,0,0,99
09/08/2011,BGR,ME,ANE,EN,Combined TRACON& Tower with Radar,19,33,36,19,107,0,2,10,2,14,19,35,46,21,121,86,30,116,237
09/09/2011,BGR,ME,ANE,EN,Combined TRACON& Tower with Radar,22,33,20,11,86,0,1,28,3,32,22,34,48,14,118,4,8,12,130
09/10/2011,BGR,ME,ANE,EN,Combined TRACON& Tower with Radar,14,25,20,10,69,0,7,28,14,49,14,32,48,24,118,76,34,110,228
09/11/2011,BGR,ME,ANE,EN,Combined TRACON& Tower with Radar,18,33,23,5,79,0,5,45,1,51,18,38,68,6,130,64,44,108,238
09/12/2011,BGR,ME,ANE,EN,Combined TRACON& Tower with Radar,25,24,15,22,86,0,4,29,12,45,25,28,44,34,131,76,44,120,251
09/13/2011,BGR,ME,ANE,EN,Combined TRACON& Tower with Radar,12,25,22,45,104,0,3,21,14,38,12,28,43,59,142,46,28,74,216
09/14/2011,BGR,ME,ANE,EN,Combined TRACON& Tower with Radar,25,38,35,44,142,0,0,17,5,22,25,38,52,49,164,6,28,34,198
09/15/2011,BGR,ME,ANE,EN,Combined TRACON& Tower with Radar,15,31,30,28,104,0,1,0,0,1,15,32,30,28,105,140,70,210,315
09/16/2011,BGR,ME,ANE,EN,Combined TRACON& Tower with Radar,26,36,31,6,99,0,1,15,1,17,26,37,46,7,116,0,0,0,116
09/17/2011,BGR,ME,ANE,EN,Combined TRACON& Tower with Radar,21,30,20,8,79,0,5,44,4,53,21,35,64,12,132,72,0,72,204
09/18/2011,BGR,ME,ANE,EN,Combined TRACON& Tower with Radar,18,24,36,4,82,0,2,36,0,38,18,26,72,4,120,106,12,118,238
09/19/2011,BGR,ME,ANE,EN,Combined TRACON& Tower with Radar,20,35,28,8,91,0,2,36,4,42,20,37,64,12,133,62,10,72,205
09/20/2011,BGR,ME,ANE,EN,Combined TRACON& Tower with Radar,21,27,21,12,81,0,2,6,0,8,21,29,27,12,89,0,8,8,97
09/21/2011,BGR,ME,ANE,EN,Combined TRACON& Tower with Radar,24,31,35,34,124,0,1,37,7,45,24,32,72,41,169,82,46,128,297
09/22/2011,BGR,ME,ANE,EN,Combined TRACON& Tower with Radar,30,28,37,25,120,0,0,0,0,0,30,28,37,25,120,0,0,0,120
09/23/2011,BGR,ME,ANE,EN,Combined TRACON& Tower with Radar,20,30,29,14,93,0,0,9,0,9,20,30,38,14,102,6,0,6,108
09/24/2011,BGR,ME,ANE,EN,Combined TRACON& Tower with Radar,20,34,49,9,112,0,0,0,0,0,20,34,49,9,112,0,0,0,112
09/25/2011,BGR,ME,ANE,EN,Combined TRACON& Tower with Radar,22,22,23,6,73,0,0,27,0,27,22,22,50,6,100,0,0,0,100
09/26/2011,BGR,ME,ANE,EN,Combined TRACON& Tower with Radar,19,27,26,26,98,0,2,28,1,31,19,29,54,27,129,50,36,86,215
09/27/2011,BGR,ME,ANE,EN,Combined TRACON& Tower with Radar,16,26,37,39,118,0,0,50,11,61,16,26,87,50,179,58,38,96,275
09/28/2011,BGR,ME,ANE,EN,Combined TRACON& Tower with Radar,27,31,24,15,97,0,4,5,9,18,27,35,29,24,115,121,54,175,290
09/29/2011,BGR,ME,ANE,EN,Combined TRACON& Tower with Radar,16,25,29,29,99,0,0,2,1,3,16,25,31,30,102,82,62,144,246
09/30/2011,BGR,ME,ANE,EN,Combined TRACON& Tower with Radar,31,30,20,17,98,0,4,26,11,41,31,34,46,28,139,0,0,0,139
10/01/2011,BGR,ME,ANE,EN,Combined TRACON& Tower with Radar,18,22,21,9,70,0,0,0,0,0,18,22,21,9,70,0,0,0,70
10/02/2011,BGR,ME,ANE,EN,Combined TRACON& Tower with Radar,22,23,19,4,68,0,0,0,0,0,22,23,19,4,68,0,0,0,68
10/03/2011,BGR,ME,ANE,EN,Combined TRACON& Tower with Radar,16,30,26,12,84,0,0,4,1,5,16,30,30,13,89,68,6,74,163
10/04/2011,BGR,ME,ANE,EN,Combined TRACON& Tower with Radar,24,21,18,9,72,0,0,0,0,0,24,21,18,9,72,0,8,8,80
10/05/2011,BGR,ME,ANE,EN,Combined TRACON& Tower with Radar,21,30,12,21,84,0,5,9,14,28,21,35,21,35,112,62,58,120,232
10/06/2011,BGR,ME,ANE,EN,Combined TRACON& Tower with Radar,27,37,27,19,110,0,2,23,13,38,27,39,50,32,148,10,10,20,168
10/07/2011,BGR,ME,ANE,EN,Combined TRACON& Tower with Radar,20,32,23,13,88,0,2,44,0,46,20,34,67,13,134,86,46,132,266
10/08/2011,BGR,ME,ANE,EN,Combined TRACON& Tower with Radar,13,24,17,8,62,0,2,32,0,34,13,26,49,8,96,120,0,120,216
10/09/2011,BGR,ME,ANE,EN,Combined TRACON& Tower with Radar,15,18,15,10,58,0,3,39,1,43,15,21,54,11,101,120,0,120,221
10/10/2011,BGR,ME,ANE,EN,Combined TRACON& Tower with Radar,18,23,22,3,66,0,1,42,0,43,18,24,64,3,109,54,0,54,163
10/11/2011,BGR,ME,ANE,EN,Combined TRACON& Tower with Radar,12,29,26,20,87,0,0,35,1,36,12,29,61,21,123,36,22,58,181
10/12/2011,BGR,ME,ANE,EN,Combined TRACON& Tower with Radar,20,24,25,27,96,0,2,12,15,29,20,26,37,42,125,14,2,16,141
10/13/2011,BGR,ME,ANE,EN,Combined TRACON& Tower with Radar,19,25,25,8,77,0,1,0,0,1,19,26,25,8,78,0,0,0,78
10/14/2011,BGR,ME,ANE,EN,Combined TRACON& Tower with Radar,20,38,19,23,100,0,0,0,0,0,20,38,19,23,100,0,0,0,100
10/15/2011,BGR,ME,ANE,EN,Combined TRACON& Tower with Radar,18,22,15,4,59,0,2,5,0,7,18,24,20,4,66,0,0,0,66
10/16/2011,BGR,ME,ANE,EN,Combined TRACON& Tower with Radar,20,17,21,4,62,0,0,16,0,16,20,17,37,4,78,90,0,90,168
10/17/2011,BGR,ME,ANE,EN,Combined TRACON& Tower with Radar,20,20,24,11,75,2,0,25,7,34,22,20,49,18,109,94,16,110,219
10/18/2011,BGR,ME,ANE,EN,Combined TRACON& Tower with Radar,19,27,22,29,97,0,1,31,9,41,19,28,53,38,138,94,54,148,286
10/19/2011,BGR,ME,ANE,EN,Combined TRACON& Tower with Radar,21,18,26,19,84,0,1,6,10,17,21,19,32,29,101,6,34,40,141
10/20/2011,BGR,ME,ANE,EN,Combined TRACON& Tower with Radar,17,25,25,15,82,0,0,0,0,0,17,25,25,15,82,18,24,42,124
10/21/2011,BGR,ME,ANE,EN,Combined TRACON& Tower with Radar,20,31,22,24,97,0,1,26,8,35,20,32,48,32,132,20,0,20,152
10/22/2011,BGR,ME,ANE,EN,Combined TRACON& Tower with Radar,13,24,14,2,53,0,0,20,2,22,13,24,34,4,75,88,0,88,163
10/23/2011,BGR,ME,ANE,EN,Combined TRACON& Tower with Radar,19,18,34,6,77,0,1,43,0,44,19,19,77,6,121,220,0,220,341
10/24/2011,BGR,ME,ANE,EN,Combined TRACON& Tower with Radar,20,25,22,12,79,0,1,12,2,15,20,26,34,14,94,100,50,150,244
10/25/2011,BGR,ME,ANE,EN,Combined TRACON& Tower with Radar,24,26,29,31,110,0,0,20,7,27,24,26,49,38,137,14,0,14,151
10/26/2011,BGR,ME,ANE,EN,Combined TRACON& Tower with Radar,24,28,19,24,95,0,8,31,19,58,24,36,50,43,153,0,0,0,153
10/27/2011,BGR,ME,ANE,EN,Combined TRACON& Tower with Radar,17,28,27,30,102,0,4,7,13,24,17,32,34,43,126,60,36,96,222
10/28/2011,BGR,ME,ANE,EN,Combined TRACON& Tower with Radar,22,32,15,16,85,0,6,18,6,30,22,38,33,22,115,158,0,158,273
10/29/2011,BGR,ME,ANE,EN,Combined TRACON& Tower with Radar,44,15,15,6,80,0,0,25,0,25,44,15,40,6,105,130,4,134,239
10/30/2011,BGR,ME,ANE,EN,Combined TRACON& Tower with Radar,21,12,16,4,53,0,2,0,0,2,21,14,16,4,55,52,0,52,107
10/31/2011,BGR,ME,ANE,EN,Combined TRACON& Tower with Radar,22,28,21,17,88,0,0,17,5,22,22,28,38,22,110,32,82,114,224
11/01/2011,BGR,ME,ANE,EN,Combined TRACON& Tower with Radar,16,22,25,22,85,0,0,16,8,24,16,22,41,30,109,32,14,46,155
11/02/2011,BGR,ME,ANE,EN,Combined TRACON& Tower with Radar,12,23,17,30,82,0,5,29,11,45,12,28,46,41,127,54,12,66,193
11/03/2011,BGR,ME,ANE,EN,Combined TRACON& Tower with Radar,25,24,26,17,92,0,2,17,13,32,25,26,43,30,124,76,32,108,232
11/04/2011,BGR,ME,ANE,EN,Combined TRACON& Tower with Radar,21,26,22,8,77,0,0,11,2,13,21,26,33,10,90,130,0,130,220
11/05/2011,BGR,ME,ANE,EN,Combined TRACON& Tower with Radar,18,17,23,3,61,0,0,27,2,29,18,17,50,5,90,0,0,0,90
11/06/2011,BGR,ME,ANE,EN,Combined TRACON& Tower with Radar,19,7,19,3,48,0,0,41,2,43,19,7,60,5,91,42,0,42,133
11/07/2011,BGR,ME,ANE,EN,Combined TRACON& Tower with Radar,26,18,24,9,77,0,1,17,16,34,26,19,41,25,111,20,30,50,161
11/08/2011,BGR,ME,ANE,EN,Combined TRACON& Tower with Radar,10,22,18,31,81,1,2,22,20,45,11,24,40,51,126,10,26,36,162
11/09/2011,BGR,ME,ANE,EN,Combined TRACON& Tower with Radar,15,31,26,37,109,0,3,16,29,48,15,34,42,66,157,10,48,58,215
11/10/2011,BGR,ME,ANE,EN,Combined TRACON& Tower with Radar,15,22,22,43,102,0,0,4,0,4,15,22,26,43,106,0,0,0,106
11/11/2011,BGR,ME,ANE,EN,Combined TRACON& Tower with Radar,21,21,6,34,82,0,1,2,9,12,21,22,8,43,94,0,0,0,94
11/12/2011,BGR,ME,ANE,EN,Combined TRACON& Tower with Radar,11,23,17,16,67,0,7,22,10,39,11,30,39,26,106,18,24,42,148
11/13/2011,BGR,ME,ANE,EN,Combined TRACON& Tower with Radar,21,15,14,2,52,0,2,19,2,23,21,17,33,4,75,152,44,196,271
11/14/2011,BGR,ME,ANE,EN,Combined TRACON& Tower with Radar,20,17,17,15,69,0,2,27,15,44,20,19,44,30,113,14,4,18,131
11/15/2011,BGR,ME,ANE,EN,Combined TRACON& Tower with Radar,15,18,16,24,73,0,1,11,17,29,15,19,27,41,102,4,72,76,178
11/16/2011,BGR,ME,ANE,EN,Combined TRACON& Tower with Radar,18,23,24,15,80,0,1,17,13,31,18,24,41,28,111,34,6,40,151
11/17/2011,BGR,ME,ANE,EN,Combined TRACON& Tower with Radar,24,26,23,29,102,0,1,8,20,29,24,27,31,49,131,6,18,24,155
11/18/2011,BGR,ME,ANE,EN,Combined TRACON& Tower with Radar,19,30,20,40,109,0,1,10,3,14,19,31,30,43,123,30,12,42,165
11/19/2011,BGR,ME,ANE,EN,Combined TRACON& Tower with Radar,9,23,20,17,69,0,0,41,8,49,9,23,61,25,118,76,42,118,236
11/20/2011,BGR,ME,ANE,EN,Combined TRACON& Tower with Radar,17,15,11,7,50,0,2,13,7,22,17,17,24,14,72,0,0,0,72
11/21/2011,BGR,ME,ANE,EN,Combined TRACON& Tower with Radar,17,22,42,12,93,0,0,28,2,30,17,22,70,14,123,16,12,28,151
11/22/2011,BGR,ME,ANE,EN,Combined TRACON& Tower with Radar,15,24,28,26,93,0,3,15,4,22,15,27,43,30,115,46,36,82,197
11/23/2011,BGR,ME,ANE,EN,Combined TRACON& Tower with Radar,21,20,6,4,51,0,2,0,0,2,21,22,6,4,53,0,0,0,53
11/24/2011,BGR,ME,ANE,EN,Combined TRACON& Tower with Radar,11,3,1,2,17,0,0,8,0,8,11,3,9,2,25,0,0,0,25
11/25/2011,BGR,ME,ANE,EN,Combined TRACON& Tower with Radar,10,12,7,6,35,0,3,15,0,18,10,15,22,6,53,71,0,71,124
11/26/2011,BGR,ME,ANE,EN,Combined TRACON& Tower with Radar,12,30,17,6,65,0,1,14,0,15,12,31,31,6,80,16,0,16,96
11/27/2011,BGR,ME,ANE,EN,Combined TRACON& Tower with Radar,26,21,32,4,83,0,1,4,0,5,26,22,36,4,88,0,0,0,88
11/28/2011,BGR,ME,ANE,EN,Combined TRACON& Tower with Radar,14,19,11,20,64,0,0,6,1,7,14,19,17,21,71,12,2,14,85
11/29/2011,BGR,ME,ANE,EN,Combined TRACON& Tower with Radar,18,26,13,29,86,0,1,2,4,7,18,27,15,33,93,0,38,38,131
11/30/2011,BGR,ME,ANE,EN,Combined TRACON& Tower with Radar,26,22,15,17,80,0,9,0,10,19,26,31,15,27,99,0,4,4,103
12/01/2011,BGR,ME,ANE,EN,Combined TRACON& Tower with Radar,13,26,21,25,85,0,3,22,14,39,13,29,43,39,124,0,4,4,128
12/02/2011,BGR,ME,ANE,EN,Combined TRACON& Tower with Radar,23,23,14,12,72,0,1,20,6,27,23,24,34,18,99,46,6,52,151
12/03/2011,BGR,ME,ANE,EN,Combined TRACON& Tower with Radar,23,17,10,23,73,0,1,13,19,33,23,18,23,42,106,6,0,6,112
12/04/2011,BGR,ME,ANE,EN,Combined TRACON& Tower with Radar,23,16,29,5,73,0,0,7,0,7,23,16,36,5,80,14,0,14,94
12/05/2011,BGR,ME,ANE,EN,Combined TRACON& Tower with Radar,9,14,6,19,48,0,0,10,1,11,9,14,16,20,59,2,2,4,63
12/06/2011,BGR,ME,ANE,EN,Combined TRACON& Tower with Radar,21,22,6,12,61,0,1,1,0,2,21,23,7,12,63,0,0,0,63
12/07/2011,BGR,ME,ANE,EN,Combined TRACON& Tower with Radar,12,25,15,11,63,0,0,0,0,0,12,25,15,11,63,0,0,0,63
12/08/2011,BGR,ME,ANE,EN,Combined TRACON& Tower with Radar,25,28,16,37,106,0,0,5,6,11,25,28,21,43,117,0,24,24,141
12/09/2011,BGR,ME,ANE,EN,Combined TRACON& Tower with Radar,25,21,32,14,92,0,3,20,17,40,25,24,52,31,132,12,24,36,168
12/10/2011,BGR,ME,ANE,EN,Combined TRACON& Tower with Radar,10,16,12,3,41,0,3,13,0,16,10,19,25,3,57,20,0,20,77
12/11/2011,BGR,ME,ANE,EN,Combined TRACON& Tower with Radar,17,14,10,11,52,0,2,27,0,29,17,16,37,11,81,20,0,20,101
12/12/2011,BGR,ME,ANE,EN,Combined TRACON& Tower with Radar,18,23,18,17,76,0,3,24,15,42,18,26,42,32,118,24,16,40,158
12/13/2011,BGR,ME,ANE,EN,Combined TRACON& Tower with Radar,16,24,15,13,68,0,4,34,15,53,16,28,49,28,121,8,0,8,129
12/14/2011,BGR,ME,ANE,EN,Combined TRACON& Tower with Radar,14,22,22,22,80,0,3,8,20,31,14,25,30,42,111,0,4,4,115
12/15/2011,BGR,ME,ANE,EN,Combined TRACON& Tower with Radar,18,28,21,9,76,0,1,0,0,1,18,29,21,9,77,0,0,0,77
12/16/2011,BGR,ME,ANE,EN,Combined TRACON& Tower with Radar,26,26,26,18,96,0,1,6,2,9,26,27,32,20,105,0,0,0,105
12/17/2011,BGR,ME,ANE,EN,Combined TRACON& Tower with Radar,27,28,14,7,76,0,2,18,0,20,27,30,32,7,96,18,0,18,114
12/18/2011,BGR,ME,ANE,EN,Combined TRACON& Tower with Radar,13,13,12,1,39,0,1,16,1,18,13,14,28,2,57,4,0,4,61
12/19/2011,BGR,ME,ANE,EN,Combined TRACON& Tower with Radar,22,19,5,20,66,0,0,13,2,15,22,19,18,22,81,0,14,14,95
12/20/2011,BGR,ME,ANE,EN,Combined TRACON& Tower with Radar,16,28,20,24,88,0,3,12,13,28,16,31,32,37,116,0,0,0,116
12/21/2011,BGR,ME,ANE,EN,Combined TRACON& Tower with Radar,19,21,15,10,65,0,1,2,0,3,19,22,17,10,68,0,0,0,68
12/22/2011,BGR,ME,ANE,EN,Combined TRACON& Tower with Radar,23,28,20,20,91,0,2,14,2,18,23,30,34,22,109,14,6,20,129
12/23/2011,BGR,ME,ANE,EN,Combined TRACON& Tower with Radar,23,29,9,3,64,0,1,1,0,2,23,30,10,3,66,0,0,0,66
12/24/2011,BGR,ME,ANE,EN,Combined TRACON& Tower with Radar,10,18,5,7,40,0,2,4,0,6,10,20,9,7,46,8,0,8,54
12/25/2011,BGR,ME,ANE,EN,Combined TRACON& Tower with Radar,10,5,1,0,16,0,1,0,0,1,10,6,1,0,17,0,0,0,17
12/26/2011,BGR,ME,ANE,EN,Combined TRACON& Tower with Radar,10,14,17,0,41,0,1,15,0,16,10,15,32,0,57,2,0,2,59
12/27/2011,BGR,ME,ANE,EN,Combined TRACON& Tower with Radar,14,17,9,17,57,0,2,9,6,17,14,19,18,23,74,0,0,0,74
12/28/2011,BGR,ME,ANE,EN,Combined TRACON& Tower with Radar,20,23,18,36,97,0,4,2,6,12,20,27,20,42,109,0,14,14,123
12/29/2011,BGR,ME,ANE,EN,Combined TRACON& Tower with Radar,19,22,14,19,74,0,2,8,11,21,19,24,22,30,95,8,22,30,125
12/30/2011,BGR,ME,ANE,EN,Combined TRACON& Tower with Radar,15,22,10,19,66,0,1,21,7,29,15,23,31,26,95,10,10,20,115
12/31/2011,BGR,ME,ANE,EN,Combined TRACON& Tower with Radar,10,18,2,0,30,0,0,0,0,0,10,18,2,0,30,0,0,0,30
01/01/2012,BGR,ME,ANE,EN,Combined TRACON& Tower with Radar,15,15,7,0,37,0,1,2,0,3,15,16,9,0,40,4,0,4,44
01/02/2012,BGR,ME,ANE,EN,Combined TRACON& Tower with Radar,17,16,17,6,56,0,1,9,0,10,17,17,26,6,66,20,0,20,86
01/03/2012,BGR,ME,ANE,EN,Combined TRACON& Tower with Radar,12,18,8,15,53,0,0,7,1,8,12,18,15,16,61,0,0,0,61
01/04/2012,BGR,ME,ANE,EN,Combined TRACON& Tower with Radar,19,16,10,38,83,0,6,9,19,34,19,22,19,57,117,4,22,26,143
01/05/2012,BGR,ME,ANE,EN,Combined TRACON& Tower with Radar,15,13,28,29,85,0,0,17,15,32,15,13,45,44,117,4,42,46,163
01/06/2012,BGR,ME,ANE,EN,Combined TRACON& Tower with Radar,21,15,16,2,54,0,3,1,2,6,21,18,17,4,60,0,0,0,60
01/07/2012,BGR,ME,ANE,EN,Combined TRACON& Tower with Radar,15,17,14,7,53,0,1,15,0,16,15,18,29,7,69,12,0,12,81
01/08/2012,BGR,ME,ANE,EN,Combined TRACON& Tower with Radar,11,12,18,23,64,0,2,11,8,21,11,14,29,31,85,0,0,0,85
01/09/2012,BGR,ME,ANE,EN,Combined TRACON& Tower with Radar,16,18,19,44,97,0,4,31,24,59,16,22,50,68,156,14,12,26,182
01/10/2012,BGR,ME,ANE,EN,Combined TRACON& Tower with Radar,11,22,12,43,88,0,4,8,14,26,11,26,20,57,114,0,30,30,144
01/11/2012,BGR,ME,ANE,EN,Combined TRACON& Tower with Radar,9,22,18,43,92,0,6,22,13,41,9,28,40,56,133,0,0,0,133
01/12/2012,BGR,ME,ANE,EN,Combined TRACON& Tower with Radar,15,15,7,11,48,0,0,1,3,4,15,15,8,14,52,0,10,10,62
01/13/2012,BGR,ME,ANE,EN,Combined TRACON& Tower with Radar,15,23,15,0,53,0,0,0,0,0,15,23,15,0,53,0,0,0,53
01/14/2012,BGR,ME,ANE,EN,Combined TRACON& Tower with Radar,6,18,16,3,43,0,0,4,0,4,6,18,20,3,47,0,0,0,47
01/15/2012,BGR,ME,ANE,EN,Combined TRACON& Tower with Radar,10,15,18,4,47,0,2,8,0,10,10,17,26,4,57,0,0,0,57
01/16/2012,BGR,ME,ANE,EN,Combined TRACON& Tower with Radar,15,17,11,0,43,0,1,17,0,18,15,18,28,0,61,0,0,0,61
01/17/2012,BGR,ME,ANE,EN,Combined TRACON& Tower with Radar,16,23,13,14,66,0,0,2,0,2,16,23,15,14,68,0,0,0,68
01/18/2012,BGR,ME,ANE,EN,Combined TRACON& Tower with Radar,12,22,16,1,51,0,0,6,2,8,12,22,22,3,59,0,4,4,63
01/19/2012,BGR,ME,ANE,EN,Combined TRACON& Tower with Radar,15,23,32,49,119,0,8,20,13,41,15,31,52,62,160,42,48,90,250
01/20/2012,BGR,ME,ANE,EN,Combined TRACON& Tower with Radar,21,24,24,20,89,0,1,0,6,7,21,25,24,26,96,0,14,14,110
01/21/2012,BGR,ME,ANE,EN,Combined TRACON& Tower with Radar,13,15,23,2,53,0,2,12,0,14,13,17,35,2,67,2,0,2,69
01/22/2012,BGR,ME,ANE,EN,Combined TRACON& Tower with Radar,20,14,7,9,50,0,7,14,0,21,20,21,21,9,71,0,0,0,71
01/23/2012,BGR,ME,ANE,EN,Combined TRACON& Tower with Radar,12,13,20,19,64,0,1,7,2,10,12,14,27,21,74,0,0,0,74
01/24/2012,BGR,ME,ANE,EN,Combined TRACON& Tower with Radar,12,25,30,44,111,0,0,0,0,0,12,25,30,44,111,0,0,0,111
01/25/2012,BGR,ME,ANE,EN,Combined TRACON& Tower with Radar,12,25,17,38,92,0,7,19,34,60,12,32,36,72,152,0,16,16,168
01/26/2012,BGR,ME,ANE,EN,Combined TRACON& Tower with Radar,17,22,36,25,100,0,5,39,17,61,17,27,75,42,161,50,26,76,237
01/27/2012,BGR,ME,ANE,EN,Combined TRACON& Tower with Radar,11,19,13,0,43,0,1,0,0,1,11,20,13,0,44,0,0,0,44
01/28/2012,BGR,ME,ANE,EN,Combined TRACON& Tower with Radar,12,20,21,6,59,0,2,23,0,25,12,22,44,6,84,20,0,20,104
01/29/2012,BGR,ME,ANE,EN,Combined TRACON& Tower with Radar,18,16,21,10,65,0,0,7,0,7,18,16,28,10,72,6,0,6,78
01/30/2012,BGR,ME,ANE,EN,Combined TRACON& Tower with Radar,13,19,28,20,80,0,0,23,12,35,13,19,51,32,115,0,12,12,127
01/31/2012,BGR,ME,ANE,EN,Combined TRACON& Tower with Radar,8,21,28,15,72,0,1,2,12,15,8,22,30,27,87,0,2,2,89
02/01/2012,BGR,ME,ANE,EN,Combined TRACON& Tower with Radar,14,27,8,7,56,0,0,0,0,0,14,27,8,7,56,0,0,0,56
02/02/2012,BGR,ME,ANE,EN,Combined TRACON& Tower with Radar,17,20,20,75,132,0,5,12,22,39,17,25,32,97,171,0,38,38,209
02/03/2012,BGR,ME,ANE,EN,Combined TRACON& Tower with Radar,13,24,13,6,56,0,0,17,16,33,13,24,30,22,89,36,0,36,125
02/04/2012,BGR,ME,ANE,EN,Combined TRACON& Tower with Radar,14,18,11,27,70,0,3,16,6,25,14,21,27,33,95,54,12,66,161
02/05/2012,BGR,ME,ANE,EN,Combined TRACON& Tower with Radar,19,19,1,5,44,0,2,32,1,35,19,21,33,6,79,10,0,10,89
02/06/2012,BGR,ME,ANE,EN,Combined TRACON& Tower with Radar,14,17,21,23,75,0,0,5,7,12,14,17,26,30,87,6,6,12,99
02/07/2012,BGR,ME,ANE,EN,Combined TRACON& Tower with Radar,10,24,18,20,72,0,1,17,14,32,10,25,35,34,104,11,12,23,127
02/08/2012,BGR,ME,ANE,EN,Combined TRACON& Tower with Radar,13,25,13,39,90,0,11,17,17,45,13,36,30,56,135,14,30,44,179
02/09/2012,BGR,ME,ANE,EN,Combined TRACON& Tower with Radar,17,21,24,20,82,0,1,20,18,39,17,22,44,38,121,38,22,60,181
02/10/2012,BGR,ME,ANE,EN,Combined TRACON& Tower with Radar,12,23,17,14,66,0,0,18,2,20,12,23,35,16,86,24,10,34,120
02/11/2012,BGR,ME,ANE,EN,Combined TRACON& Tower with Radar,8,24,7,4,43,0,1,0,0,1,8,25,7,4,44,0,0,0,44
02/12/2012,BGR,ME,ANE,EN,Combined TRACON& Tower with Radar,17,17,12,7,53,0,3,3,0,6,17,20,15,7,59,0,0,0,59
02/13/2012,BGR,ME,ANE,EN,Combined TRACON& Tower with Radar,12,20,17,21,70,0,3,5,0,8,12,23,22,21,78,0,6,6,84
02/14/2012,BGR,ME,ANE,EN,Combined TRACON& Tower with Radar,11,24,23,20,78,0,1,18,4,23,11,25,41,24,101,0,0,0,101
02/15/2012,BGR,ME,ANE,EN,Combined TRACON& Tower with Radar,13,23,40,27,103,0,4,16,25,45,13,27,56,52,148,2,56,58,206
02/16/2012,BGR,ME,ANE,EN,Combined TRACON& Tower with Radar,20,20,26,39,105,0,0,18,26,44,20,20,44,65,149,12,78,90,239
02/17/2012,BGR,ME,ANE,EN,Combined TRACON& Tower with Radar,16,19,27,15,77,0,0,3,0,3,16,19,30,15,80,0,0,0,80
02/18/2012,BGR,ME,ANE,EN,Combined TRACON& Tower with Radar,9,18,9,2,38,0,2,24,0,26,9,20,33,2,64,20,0,20,84
02/19/2012,BGR,ME,ANE,EN,Combined TRACON& Tower with Radar,20,9,16,2,47,0,3,23,0,26,20,12,39,2,73,0,18,18,91
02/20/2012,BGR,ME,ANE,EN,Combined TRACON& Tower with Radar,16,19,11,4,50,0,0,17,0,17,16,19,28,4,67,38,0,38,105
02/21/2012,BGR,ME,ANE,EN,Combined TRACON& Tower with Radar,15,18,10,30,73,0,2,30,5,37,15,20,40,35,110,28,34,62,172
02/22/2012,BGR,ME,ANE,EN,Combined TRACON& Tower with Radar,14,24,9,18,65,0,0,4,1,5,14,24,13,19,70,0,18,18,88
02/23/2012,BGR,ME,ANE,EN,Combined TRACON& Tower with Radar,13,24,20,24,81,0,0,1,3,4,13,24,21,27,85,0,18,18,103
02/24/2012,BGR,ME,ANE,EN,Combined TRACON& Tower with Radar,16,18,28,38,100,0,0,8,3,11,16,18,36,41,111,12,30,42,153
02/25/2012,BGR,ME,ANE,EN,Combined TRACON& Tower with Radar,15,22,11,3,51,0,0,2,0,2,15,22,13,3,53,0,0,0,53
02/26/2012,BGR,ME,ANE,EN,Combined TRACON& Tower with Radar,22,12,12,4,50,0,2,1,0,3,22,14,13,4,53,0,0,0,53
02/27/2012,BGR,ME,ANE,EN,Combined TRACON& Tower with Radar,16,15,8,35,74,0,1,17,0,18,16,16,25,35,92,34,4,38,130
02/28/2012,BGR,ME,ANE,EN,Combined TRACON& Tower with Radar,20,23,22,10,75,0,1,11,7,19,20,24,33,17,94,42,22,64,158
02/29/2012,BGR,ME,ANE,EN,Combined TRACON& Tower with Radar,14,23,12,31,80,0,2,15,12,29,14,25,27,43,109,18,22,40,149
03/01/2012,BGR,ME,ANE,EN,Combined TRACON& Tower with Radar,16,19,5,3,43,0,1,1,0,2,16,20,6,3,45,0,0,0,45
03/02/2012,BGR,ME,ANE,EN,Combined TRACON& Tower with Radar,18,21,21,7,67,0,3,14,0,17,18,24,35,7,84,8,0,8,92
03/03/2012,BGR,ME,ANE,EN,Combined TRACON& Tower with Radar,22,19,15,10,66,0,1,0,0,1,22,20,15,10,67,0,0,0,67
03/04/2012,BGR,ME,ANE,EN,Combined TRACON& Tower with Radar,22,17,22,16,77,0,3,20,8,31,22,20,42,24,108,4,0,4,112
03/05/2012,BGR,ME,ANE,EN,Combined TRACON& Tower with Radar,18,19,17,31,85,0,1,7,12,20,18,20,24,43,105,38,14,52,157
03/06/2012,BGR,ME,ANE,EN,Combined TRACON& Tower with Radar,21,22,15,43,101,0,1,23,17,41,21,23,38,60,142,74,6,80,222
03/07/2012,BGR,ME,ANE,EN,Combined TRACON& Tower with Radar,16,24,18,21,79,0,0,15,6,21,16,24,33,27,100,42,18,60,160
03/08/2012,BGR,ME,ANE,EN,Combined TRACON& Tower with Radar,24,29,23,52,128,0,4,15,5,24,24,33,38,57,152,6,12,18,170
03/09/2012,BGR,ME,ANE,EN,Combined TRACON& Tower with Radar,13,18,22,20,73,0,2,10,1,13,13,20,32,21,86,22,4,26,112
03/10/2012,BGR,ME,ANE,EN,Combined TRACON& Tower with Radar,13,19,9,3,44,0,3,23,0,26,13,22,32,3,70,26,0,26,96
03/11/2012,BGR,ME,ANE,EN,Combined TRACON& Tower with Radar,13,17,31,2,63,0,2,27,0,29,13,19,58,2,92,10,0,10,102
03/12/2012,BGR,ME,ANE,EN,Combined TRACON& Tower with Radar,19,21,11,25,76,0,0,17,1,18,19,21,28,26,94,14,14,28,122
03/13/2012,BGR,ME,ANE,EN,Combined TRACON& Tower with Radar,22,26,14,18,80,0,1,4,0,5,22,27,18,18,85,0,0,0,85
03/14/2012,BGR,ME,ANE,EN,Combined TRACON& Tower with Radar,19,27,12,7,65,0,0,0,0,0,19,27,12,7,65,0,0,0,65
03/15/2012,BGR,ME,ANE,EN,Combined TRACON& Tower with Radar,14,20,21,31,86,0,2,9,2,13,14,22,30,33,99,8,20,28,127
03/16/2012,BGR,ME,ANE,EN,Combined TRACON& Tower with Radar,17,21,17,29,84,0,0,1,0,1,17,21,18,29,85,0,0,0,85
03/17/2012,BGR,ME,ANE,EN,Combined TRACON& Tower with Radar,12,24,9,2,47,0,3,33,0,36,12,27,42,2,83,6,0,6,89
03/18/2012,BGR,ME,ANE,EN,Combined TRACON& Tower with Radar,14,15,10,10,49,0,0,35,0,35,14,15,45,10,84,12,0,12,96
03/19/2012,BGR,ME,ANE,EN,Combined TRACON& Tower with Radar,21,16,35,18,90,0,0,31,4,35,21,16,66,22,125,54,38,92,217
03/20/2012,BGR,ME,ANE,EN,Combined TRACON& Tower with Radar,16,18,20,21,75,0,2,30,7,39,16,20,50,28,114,18,24,42,156
03/21/2012,BGR,ME,ANE,EN,Combined TRACON& Tower with Radar,18,20,25,8,71,0,6,28,8,42,18,26,53,16,113,20,8,28,141
03/22/2012,BGR,ME,ANE,EN,Combined TRACON& Tower with Radar,16,21,32,23,92,0,3,26,4,33,16,24,58,27,125,36,6,42,167
03/23/2012,BGR,ME,ANE,EN,Combined TRACON& Tower with Radar,15,26,27,13,81,0,0,4,0,4,15,26,31,13,85,0,0,0,85
03/24/2012,BGR,ME,ANE,EN,Combined TRACON& Tower with Radar,9,18,16,3,46,0,0,29,0,29,9,18,45,3,75,16,0,16,91
03/25/2012,BGR,ME,ANE,EN,Combined TRACON& Tower with Radar,14,15,15,10,54,0,0,3,0,3,14,15,18,10,57,26,0,26,83
03/26/2012,BGR,ME,ANE,EN,Combined TRACON& Tower with Radar,15,20,16,8,59,0,1,7,0,8,15,21,23,8,67,0,4,4,71
03/27/2012,BGR,ME,ANE,EN,Combined TRACON& Tower with Radar,12,22,13,24,71,0,4,4,4,12,12,26,17,28,83,0,8,8,91
03/28/2012,BGR,ME,ANE,EN,Combined TRACON& Tower with Radar,12,31,7,22,72,0,2,3,3,8,12,33,10,25,80,12,12,24,104
03/29/2012,BGR,ME,ANE,EN,Combined TRACON& Tower with Radar,15,30,39,24,108,0,1,2,2,5,15,31,41,26,113,18,0,18,131
03/30/2012,BGR,ME,ANE,EN,Combined TRACON& Tower with Radar,16,28,17,20,81,0,1,7,8,16,16,29,24,28,97,4,44,48,145
03/31/2012,BGR,ME,ANE,EN,Combined TRACON& Tower with Radar,14,30,13,13,70,0,0,36,8,44,14,30,49,21,114,12,0,12,126
04/01/2012,BGR,ME,ANE,EN,Combined TRACON& Tower with Radar,13,14,10,11,48,0,0,19,1,20,13,14,29,12,68,10,6,16,84
04/02/2012,BGR,ME,ANE,EN,Combined TRACON& Tower with Radar,15,20,25,24,84,0,0,17,1,18,15,20,42,25,102,0,22,22,124
04/03/2012,BGR,ME,ANE,EN,Combined TRACON& Tower with Radar,14,22,20,31,87,0,0,17,10,27,14,22,37,41,114,2,6,8,122
04/04/2012,BGR,ME,ANE,EN,Combined TRACON& Tower with Radar,10,23,35,16,84,0,1,6,7,14,10,24,41,23,98,2,72,74,172
04/05/2012,BGR,ME,ANE,EN,Combined TRACON& Tower with Radar,14,27,42,21,104,0,0,30,2,32,14,27,72,23,136,0,0,0,136
04/06/2012,BGR,ME,ANE,EN,Combined TRACON& Tower with Radar,15,29,10,22,76,0,0,31,6,37,15,29,41,28,113,6,16,22,135
04/07/2012,BGR,ME,ANE,EN,Combined TRACON& Tower with Radar,11,28,10,6,55,0,0,21,0,21,11,28,31,6,76,16,0,16,92
04/08/2012,BGR,ME,ANE,EN,Combined TRACON& Tower with Radar,13,13,3,10,39,0,0,2,0,2,13,13,5,10,41,0,0,0,41
04/09/2012,BGR,ME,ANE,EN,Combined TRACON& Tower with Radar,23,19,16,27,85,2,0,9,2,13,25,19,25,29,98,6,8,14,112
04/10/2012,BGR,ME,ANE,EN,Combined TRACON& Tower with Radar,15,23,10,28,76,0,0,17,2,19,15,23,27,30,95,14,14,28,123
04/11/2012,BGR,ME,ANE,EN,Combined TRACON& Tower with Radar,15,21,13,13,62,0,1,11,6,18,15,22,24,19,80,0,12,12,92
04/12/2012,BGR,ME,ANE,EN,Combined TRACON& Tower with Radar,20,20,21,31,92,0,0,5,5,10,20,20,26,36,102,0,20,20,122
04/13/2012,BGR,ME,ANE,EN,Combined TRACON& Tower with Radar,18,21,13,18,70,0,0,26,6,32,18,21,39,24,102,8,22,30,132
04/14/2012,BGR,ME,ANE,EN,Combined TRACON& Tower with Radar,12,26,30,7,75,0,0,24,0,24,12,26,54,7,99,2,0,2,101
04/15/2012,BGR,ME,ANE,EN,Combined TRACON& Tower with Radar,15,17,24,8,64,0,0,20,0,20,15,17,44,8,84,0,0,0,84
04/16/2012,BGR,ME,ANE,EN,Combined TRACON& Tower with Radar,12,20,17,11,60,0,0,13,0,13,12,20,30,11,73,12,0,12,85
04/17/2012,BGR,ME,ANE,EN,Combined TRACON& Tower with Radar,14,30,27,23,94,0,2,18,8,28,14,32,45,31,122,0,22,22,144
04/18/2012,BGR,ME,ANE,EN,Combined TRACON& Tower with Radar,18,24,23,20,85,0,1,32,13,46,18,25,55,33,131,52,42,94,225
04/19/2012,BGR,ME,ANE,EN,Combined TRACON& Tower with Radar,17,27,29,29,102,0,0,25,5,30,17,27,54,34,132,14,18,32,164
04/20/2012,BGR,ME,ANE,EN,Combined TRACON& Tower with Radar,11,32,20,29,92,0,0,26,2,28,11,32,46,31,120,54,12,66,186
04/21/2012,BGR,ME,ANE,EN,Combined TRACON& Tower with Radar,18,31,18,8,75,0,0,2,0,2,18,31,20,8,77,0,0,0,77
04/22/2012,BGR,ME,ANE,EN,Combined TRACON& Tower with Radar,10,17,15,5,47,0,1,0,0,1,10,18,15,5,48,0,0,0,48
04/23/2012,BGR,ME,ANE,EN,Combined TRACON& Tower with Radar,21,21,9,12,63,0,0,0,0,0,21,21,9,12,63,0,0,0,63
04/24/2012,BGR,ME,ANE,EN,Combined TRACON& Tower with Radar,17,29,22,20,88,0,1,7,2,10,17,30,29,22,98,0,2,2,100
04/25/2012,BGR,ME,ANE,EN,Combined TRACON& Tower with Radar,18,22,50,9,99,0,0,26,1,27,18,22,76,10,126,14,8,22,148
04/26/2012,BGR,ME,ANE,EN,Combined TRACON& Tower with Radar,11,26,42,30,109,0,1,13,4,18,11,27,55,34,127,16,16,32,159
04/27/2012,BGR,ME,ANE,EN,Combined TRACON& Tower with Radar,14,22,18,19,73,0,0,1,2,3,14,22,19,21,76,16,10,26,102
04/28/2012,BGR,ME,ANE,EN,Combined TRACON& Tower with Radar,11,29,28,6,74,0,0,12,0,12,11,29,40,6,86,0,0,0,86
04/29/2012,BGR,ME,ANE,EN,Combined TRACON& Tower with Radar,17,15,9,12,53,0,0,30,0,30,17,15,39,12,83,6,0,6,89
04/30/2012,BGR,ME,ANE,EN,Combined TRACON& Tower with Radar,13,23,39,27,102,0,1,22,10,33,13,24,61,37,135,24,6,30,165
05/01/2012,BGR,ME,ANE,EN,Combined TRACON& Tower with Radar,15,31,37,35,118,0,0,1,0,1,15,31,38,35,119,2,0,2,121
05/02/2012,BGR,ME,ANE,EN,Combined TRACON& Tower with Radar,14,23,39,16,92,0,1,0,0,1,14,24,39,16,93,0,0,0,93
05/03/2012,BGR,ME,ANE,EN,Combined TRACON& Tower with Radar,15,30,42,33,120,0,4,10,2,16,15,34,52,35,136,26,0,26,162
05/04/2012,BGR,ME,ANE,EN,Combined TRACON& Tower with Radar,13,27,21,11,72,0,0,0,0,0,13,27,21,11,72,0,0,0,72
05/05/2012,BGR,ME,ANE,EN,Combined TRACON& Tower with Radar,10,23,29,21,83,0,1,7,3,11,10,24,36,24,94,0,2,2,96
05/06/2012,BGR,ME,ANE,EN,Combined TRACON& Tower with Radar,16,12,25,3,56,0,6,22,9,37,16,18,47,12,93,8,4,12,105
05/07/2012,BGR,ME,ANE,EN,Combined TRACON& Tower with Radar,15,23,24,28,90,0,4,33,6,43,15,27,57,34,133,24,13,37,170
05/08/2012,BGR,ME,ANE,EN,Combined TRACON& Tower with Radar,11,23,54,24,112,0,1,4,1,6,11,24,58,25,118,2,0,2,120
05/09/2012,BGR,ME,ANE,EN,Combined TRACON& Tower with Radar,12,24,16,15,67,0,0,0,0,0,12,24,16,15,67,0,0,0,67
05/10/2012,BGR,ME,ANE,EN,Combined TRACON& Tower with Radar,16,33,19,14,82,0,1,2,2,5,16,34,21,16,87,0,6,6,93
05/11/2012,BGR,ME,ANE,EN,Combined TRACON& Tower with Radar,15,22,27,10,74,0,3,18,5,26,15,25,45,15,100,16,0,16,116
05/12/2012,BGR,ME,ANE,EN,Combined TRACON& Tower with Radar,8,23,20,7,58,1,4,22,0,27,9,27,42,7,85,26,0,26,111
05/13/2012,BGR,ME,ANE,EN,Combined TRACON& Tower with Radar,17,12,27,3,59,0,1,9,0,10,17,13,36,3,69,12,0,12,81
05/14/2012,BGR,ME,ANE,EN,Combined TRACON& Tower with Radar,15,17,30,18,80,0,1,16,3,20,15,18,46,21,100,0,2,2,102
05/15/2012,BGR,ME,ANE,EN,Combined TRACON& Tower with Radar,14,23,24,21,82,0,0,7,6,13,14,23,31,27,95,0,32,32,127
05/16/2012,BGR,ME,ANE,EN,Combined TRACON& Tower with Radar,15,24,34,22,95,0,0,0,0,0,15,24,34,22,95,0,0,0,95
05/17/2012,BGR,ME,ANE,EN,Combined TRACON& Tower with Radar,17,22,24,35,98,0,3,17,15,35,17,25,41,50,133,2,22,24,157
05/18/2012,BGR,ME,ANE,EN,Combined TRACON& Tower with Radar,13,25,30,17,85,0,0,44,7,51,13,25,74,24,136,14,22,36,172
05/19/2012,BGR,ME,ANE,EN,Combined TRACON& Tower with Radar,12,28,12,7,59,0,7,57,0,64,12,35,69,7,123,13,0,13,136
05/20/2012,BGR,ME,ANE,EN,Combined TRACON& Tower with Radar,19,16,8,8,51,0,0,32,3,35,19,16,40,11,86,0,0,0,86
05/21/2012,BGR,ME,ANE,EN,Combined TRACON& Tower with Radar,13,25,17,29,84,0,4,21,8,33,13,29,38,37,117,0,30,30,147
05/22/2012,BGR,ME,ANE,EN,Combined TRACON& Tower with Radar,15,26,22,30,93,0,0,5,3,8,15,26,27,33,101,12,8,20,121
05/23/2012,BGR,ME,ANE,EN,Combined TRACON& Tower with Radar,15,28,17,34,94,0,1,11,3,15,15,29,28,37,109,14,24,38,147
05/24/2012,BGR,ME,ANE,EN,Combined TRACON& Tower with Radar,10,23,33,16,82,0,0,10,4,14,10,23,43,20,96,30,2,32,128
05/25/2012,BGR,ME,ANE,EN,Combined TRACON& Tower with Radar,13,27,24,16,80,0,0,2,0,2,13,27,26,16,82,6,0,6,88
05/26/2012,BGR,ME,ANE,EN,Combined TRACON& Tower with Radar,11,23,14,3,51,0,1,28,0,29,11,24,42,3,80,27,0,27,107
05/27/2012,BGR,ME,ANE,EN,Combined TRACON& Tower with Radar,13,14,19,3,49,0,1,18,0,19,13,15,37,3,68,20,6,26,94
05/28/2012,BGR,ME,ANE,EN,Combined TRACON& Tower with Radar,10,13,17,7,47,0,2,8,3,13,10,15,25,10,60,0,0,0,60
05/29/2012,BGR,ME,ANE,EN,Combined TRACON& Tower with Radar,13,25,16,11,65,0,2,0,0,2,13,27,16,11,67,0,0,0,67
05/30/2012,BGR,ME,ANE,EN,Combined TRACON& Tower with Radar,21,28,25,29,103,0,0,7,10,17,21,28,32,39,120,0,6,6,126
05/31/2012,BGR,ME,ANE,EN,Combined TRACON& Tower with Radar,20,25,36,41,122,0,2,16,3,21,20,27,52,44,143,12,10,22,165
06/01/2012,BGR,ME,ANE,EN,Combined TRACON& Tower with Radar,12,25,28,21,86,0,0,52,4,56,12,25,80,25,142,8,12,20,162
06/02/2012,BGR,ME,ANE,EN,Combined TRACON& Tower with Radar,14,36,13,8,71,0,0,12,3,15,14,36,25,11,86,0,0,0,86
06/03/2012,BGR,ME,ANE,EN,Combined TRACON& Tower with Radar,22,16,20,9,67,0,1,0,0,1,22,17,20,9,68,0,0,0,68
06/04/2012,BGR,ME,ANE,EN,Combined TRACON& Tower with Radar,19,23,14,18,74,0,0,3,2,5,19,23,17,20,79,4,6,10,89
06/05/2012,BGR,ME,ANE,EN,Combined TRACON& Tower with Radar,13,21,25,24,83,0,0,9,2,11,13,21,34,26,94,34,8,42,136
06/06/2012,BGR,ME,ANE,EN,Combined TRACON& Tower with Radar,11,22,15,16,64,0,0,14,5,19,11,22,29,21,83,4,8,12,95
06/07/2012,BGR,ME,ANE,EN,Combined TRACON& Tower with Radar,22,27,18,14,81,0,1,24,7,32,22,28,42,21,113,48,10,58,171
06/08/2012,BGR,ME,ANE,EN,Combined TRACON& Tower with Radar,14,31,26,41,112,0,0,10,0,10,14,31,36,41,122,10,0,10,132
06/09/2012,BGR,ME,ANE,EN,Combined TRACON& Tower with Radar,14,25,12,12,63,0,2,24,2,28,14,27,36,14,91,4,0,4,95
06/10/2012,BGR,ME,ANE,EN,Combined TRACON& Tower with Radar,17,19,35,10,81,0,1,30,0,31,17,20,65,10,112,18,0,18,130
06/11/2012,BGR,ME,ANE,EN,Combined TRACON& Tower with Radar,13,26,24,27,90,0,3,38,2,43,13,29,62,29,133,24,22,46,179
06/12/2012,BGR,ME,ANE,EN,Combined TRACON& Tower with Radar,17,24,26,32,99,0,2,26,7,35,17,26,52,39,134,18,10,28,162
06/13/2012,BGR,ME,ANE,EN,Combined TRACON& Tower with Radar,14,22,40,26,102,0,0,0,0,0,14,22,40,26,102,0,0,0,102
06/14/2012,BGR,ME,ANE,EN,Combined TRACON& Tower with Radar,20,27,40,24,111,0,2,27,10,39,20,29,67,34,150,20,58,78,228
06/15/2012,BGR,ME,ANE,EN,Combined TRACON& Tower with Radar,16,29,26,18,89,0,1,34,4,39,16,30,60,22,128,6,28,34,162
06/16/2012,BGR,ME,ANE,EN,Combined TRACON& Tower with Radar,16,27,17,6,66,0,0,19,2,21,16,27,36,8,87,0,0,0,87
06/17/2012,BGR,ME,ANE,EN,Combined TRACON& Tower with Radar,27,26,27,2,82,0,2,41,0,43,27,28,68,2,125,76,13,89,214
06/18/2012,BGR,ME,ANE,EN,Combined TRACON& Tower with Radar,13,23,30,23,89,0,2,11,3,16,13,25,41,26,105,18,34,52,157
06/19/2012,BGR,ME,ANE,EN,Combined TRACON& Tower with Radar,14,24,24,24,86,0,1,7,2,10,14,25,31,26,96,42,0,42,138
06/20/2012,BGR,ME,ANE,EN,Combined TRACON& Tower with Radar,18,31,18,20,87,0,4,45,9,58,18,35,63,29,145,74,48,122,267
06/21/2012,BGR,ME,ANE,EN,Combined TRACON& Tower with Radar,18,34,22,19,93,0,3,35,2,40,18,37,57,21,133,48,34,82,215
06/22/2012,BGR,ME,ANE,EN,Combined TRACON& Tower with Radar,14,24,22,13,73,0,0,18,3,21,14,24,40,16,94,30,0,30,124
06/23/2012,BGR,ME,ANE,EN,Combined TRACON& Tower with Radar,14,32,25,1,72,0,0,1,0,1,14,32,26,1,73,0,0,0,73
06/24/2012,BGR,ME,ANE,EN,Combined TRACON& Tower with Radar,18,30,33,11,92,0,0,10,0,10,18,30,43,11,102,0,0,0,102
06/25/2012,BGR,ME,ANE,EN,Combined TRACON& Tower with Radar,14,27,26,23,90,0,1,9,0,10,14,28,35,23,100,24,6,30,130
06/26/2012,BGR,ME,ANE,EN,Combined TRACON& Tower with Radar,12,35,19,33,99,0,0,2,0,2,12,35,21,33,101,0,0,0,101
06/27/2012,BGR,ME,ANE,EN,Combined TRACON& Tower with Radar,19,31,13,48,111,0,0,9,1,10,19,31,22,49,121,36,4,40,161
06/28/2012,BGR,ME,ANE,EN,Combined TRACON& Tower with Radar,20,37,31,29,117,0,3,19,15,37,20,40,50,44,154,18,34,52,206
06/29/2012,BGR,ME,ANE,EN,Combined TRACON& Tower with Radar,15,25,48,32,120,0,2,27,7,36,15,27,75,39,156,14,22,36,192
06/30/2012,BGR,ME,ANE,EN,Combined TRACON& Tower with Radar,20,29,25,6,80,0,2,22,0,24,20,31,47,6,104,16,0,16,120
07/01/2012,BGR,ME,ANE,EN,Combined TRACON& Tower with Radar,19,20,40,12,91,0,0,21,0,21,19,20,61,12,112,4,0,4,116
07/02/2012,BGR,ME,ANE,EN,Combined TRACON& Tower with Radar,15,24,29,19,87,0,3,27,7,37,15,27,56,26,124,12,28,40,164
07/03/2012,BGR,ME,ANE,EN,Combined TRACON& Tower with Radar,14,25,30,37,106,0,2,29,8,39,14,27,59,45,145,12,36,48,193
07/04/2012,BGR,ME,ANE,EN,Combined TRACON& Tower with Radar,16,15,25,9,65,0,1,7,1,9,16,16,32,10,74,8,0,8,82
07/05/2012,BGR,ME,ANE,EN,Combined TRACON& Tower with Radar,15,29,22,10,76,0,0,12,3,15,15,29,34,13,91,0,10,10,101
07/06/2012,BGR,ME,ANE,EN,Combined TRACON& Tower with Radar,16,30,21,18,85,0,2,40,5,47,16,32,61,23,132,66,10,76,208
07/07/2012,BGR,ME,ANE,EN,Combined TRACON& Tower with Radar,20,28,24,8,80,0,4,16,0,20,20,32,40,8,100,4,0,4,104
07/08/2012,BGR,ME,ANE,EN,Combined TRACON& Tower with Radar,17,24,26,8,75,0,0,44,1,45,17,24,70,9,120,22,0,22,142
07/09/2012,BGR,ME,ANE,EN,Combined TRACON& Tower with Radar,12,24,28,22,86,0,4,14,7,25,12,28,42,29,111,2,26,28,139
07/10/2012,BGR,ME,ANE,EN,Combined TRACON& Tower with Radar,12,20,32,36,100,0,3,38,11,52,12,23,70,47,152,28,24,52,204
07/11/2012,BGR,ME,ANE,EN,Combined TRACON& Tower with Radar,20,27,43,10,100,0,5,30,7,42,20,32,73,17,142,6,8,14,156
07/12/2012,BGR,ME,ANE,EN,Combined TRACON& Tower with Radar,31,29,14,21,95,1,2,51,0,54,32,31,65,21,149,30,10,40,189
07/13/2012,BGR,ME,ANE,EN,Combined TRACON& Tower with Radar,22,27,25,25,99,0,5,36,4,45,22,32,61,29,144,24,22,46,190
07/14/2012,BGR,ME,ANE,EN,Combined TRACON& Tower with Radar,22,23,20,10,75,0,2,25,2,29,22,25,45,12,104,26,0,26,130
07/15/2012,BGR,ME,ANE,EN,Combined TRACON& Tower with Radar,19,29,30,5,83,0,2,30,0,32,19,31,60,5,115,50,0,50,165
07/16/2012,BGR,ME,ANE,EN,Combined TRACON& Tower with Radar,21,28,33,9,91,0,0,23,1,24,21,28,56,10,115,6,22,28,143
07/17/2012,BGR,ME,ANE,EN,Combined TRACON& Tower with Radar,21,31,19,23,94,0,1,1,1,3,21,32,20,24,97,0,4,4,101
07/18/2012,BGR,ME,ANE,EN,Combined TRACON& Tower with Radar,35,22,26,24,107,0,3,30,6,39,35,25,56,30,146,14,6,20,166
07/19/2012,BGR,ME,ANE,EN,Combined TRACON& Tower with Radar,23,22,36,44,125,0,1,32,17,50,23,23,68,61,175,8,16,24,199
07/20/2012,BGR,ME,ANE,EN,Combined TRACON& Tower with Radar,21,37,27,13,98,0,0,40,5,45,21,37,67,18,143,0,6,6,149
07/21/2012,BGR,ME,ANE,EN,Combined TRACON& Tower with Radar,26,28,32,11,97,0,2,41,0,43,26,30,73,11,140,12,0,12,152
07/22/2012,BGR,ME,ANE,EN,Combined TRACON& Tower with Radar,21,31,38,6,96,0,3,28,0,31,21,34,66,6,127,10,0,10,137
07/23/2012,BGR,ME,ANE,EN,Combined TRACON& Tower with Radar,21,28,31,22,102,0,3,22,5,30,21,31,53,27,132,18,4,22,154
07/24/2012,BGR,ME,ANE,EN,Combined TRACON& Tower with Radar,24,26,16,6,72,0,0,11,1,12,24,26,27,7,84,10,0,10,94
07/25/2012,BGR,ME,ANE,EN,Combined TRACON& Tower with Radar,20,23,37,17,97,0,6,46,9,61,20,29,83,26,158,62,4,66,224
07/26/2012,BGR,ME,ANE,EN,Combined TRACON& Tower with Radar,25,22,23,46,116,0,2,24,9,35,25,24,47,55,151,10,12,22,173
07/27/2012,BGR,ME,ANE,EN,Combined TRACON& Tower with Radar,17,25,14,30,86,0,1,16,7,24,17,26,30,37,110,12,24,36,146
07/28/2012,BGR,ME,ANE,EN,Combined TRACON& Tower with Radar,20,24,27,5,76,0,3,12,3,18,20,27,39,8,94,18,4,22,116
07/29/2012,BGR,ME,ANE,EN,Combined TRACON& Tower with Radar,27,28,55,9,119,0,0,7,0,7,27,28,62,9,126,0,0,0,126
07/30/2012,BGR,ME,ANE,EN,Combined TRACON& Tower with Radar,17,24,28,31,100,0,1,23,6,30,17,25,51,37,130,0,14,14,144
07/31/2012,BGR,ME,ANE,EN,Combined TRACON& Tower with Radar,15,26,25,26,92,0,0,26,2,28,15,26,51,28,120,0,6,6,126
08/01/2012,BGR,ME,ANE,EN,Combined TRACON& Tower with Radar,21,33,29,30,113,0,4,16,4,24,21,37,45,34,137,28,0,28,165
08/02/2012,BGR,ME,ANE,EN,Combined TRACON& Tower with Radar,29,30,44,16,119,0,2,11,0,13,29,32,55,16,132,8,10,18,150
08/03/2012,BGR,ME,ANE,EN,Combined TRACON& Tower with Radar,18,30,30,7,85,0,2,19,3,24,18,32,49,10,109,0,0,0,109
08/04/2012,BGR,ME,ANE,EN,Combined TRACON& Tower with Radar,25,23,40,26,114,0,2,35,10,47,25,25,75,36,161,44,4,48,209
08/05/2012,BGR,ME,ANE,EN,Combined TRACON& Tower with Radar,19,20,32,7,78,0,0,9,0,9,19,20,41,7,87,0,0,0,87
08/06/2012,BGR,ME,ANE,EN,Combined TRACON& Tower with Radar,17,19,13,16,65,0,0,23,1,24,17,19,36,17,89,0,8,8,97
08/07/2012,BGR,ME,ANE,EN,Combined TRACON& Tower with Radar,19,26,30,21,96,0,2,44,13,59,19,28,74,34,155,8,36,44,199
08/08/2012,BGR,ME,ANE,EN,Combined TRACON& Tower with Radar,21,21,30,18,90,0,4,29,17,50,21,25,59,35,140,30,34,64,204
08/09/2012,BGR,ME,ANE,EN,Combined TRACON& Tower with Radar,20,30,20,14,84,0,3,16,4,23,20,33,36,18,107,16,28,44,151
08/10/2012,BGR,ME,ANE,EN,Combined TRACON& Tower with Radar,26,19,29,28,102,0,0,6,0,6,26,19,35,28,108,18,0,18,126
08/11/2012,BGR,ME,ANE,EN,Combined TRACON& Tower with Radar,26,26,29,5,86,0,0,0,0,0,26,26,29,5,86,0,0,0,86
08/12/2012,BGR,ME,ANE,EN,Combined TRACON& Tower with Radar,20,46,39,2,107,0,0,1,0,1,20,46,40,2,108,0,0,0,108
08/13/2012,BGR,ME,ANE,EN,Combined TRACON& Tower with Radar,25,36,39,39,139,0,0,24,1,25,25,36,63,40,164,18,4,22,186
08/14/2012,BGR,ME,ANE,EN,Combined TRACON& Tower with Radar,19,29,17,32,97,0,0,29,3,32,19,29,46,35,129,9,22,31,160
08/15/2012,BGR,ME,ANE,EN,Combined TRACON& Tower with Radar,15,31,18,18,82,0,0,20,2,22,15,31,38,20,104,0,0,0,104
08/16/2012,BGR,ME,ANE,EN,Combined TRACON& Tower with Radar,20,28,39,10,97,0,0,0,0,0,20,28,39,10,97,0,0,0,97
08/17/2012,BGR,ME,ANE,EN,Combined TRACON& Tower with Radar,19,24,26,12,81,0,1,62,6,69,19,25,88,18,150,8,8,16,166
08/18/2012,BGR,ME,ANE,EN,Combined TRACON& Tower with Radar,22,30,17,19,88,0,0,35,3,38,22,30,52,22,126,28,4,32,158
08/19/2012,BGR,ME,ANE,EN,Combined TRACON& Tower with Radar,22,26,29,14,91,0,0,31,1,32,22,26,60,15,123,2,0,2,125
08/20/2012,BGR,ME,ANE,EN,Combined TRACON& Tower with Radar,17,27,27,28,99,0,0,25,12,37,17,27,52,40,136,14,32,46,182
08/21/2012,BGR,ME,ANE,EN,Combined TRACON& Tower with Radar,17,27,28,26,98,0,0,29,5,34,17,27,57,31,132,32,50,82,214
08/22/2012,BGR,ME,ANE,EN,Combined TRACON& Tower with Radar,21,31,33,31,116,0,6,32,16,54,21,37,65,47,170,46,30,76,246
08/23/2012,BGR,ME,ANE,EN,Combined TRACON& Tower with Radar,19,34,39,31,123,0,1,31,12,44,19,35,70,43,167,6,44,50,217
08/24/2012,BGR,ME,ANE,EN,Combined TRACON& Tower with Radar,16,24,15,24,79,0,3,13,8,24,16,27,28,32,103,12,40,52,155
08/25/2012,BGR,ME,ANE,EN,Combined TRACON& Tower with Radar,18,21,28,9,76,0,3,38,1,42,18,24,66,10,118,66,16,82,200
08/26/2012,BGR,ME,ANE,EN,Combined TRACON& Tower with Radar,19,16,23,4,62,0,2,19,0,21,19,18,42,4,83,0,0,0,83
08/27/2012,BGR,ME,ANE,EN,Combined TRACON& Tower with Radar,18,30,32,32,112,0,4,26,3,33,18,34,58,35,145,22,8,30,175
08/28/2012,BGR,ME,ANE,EN,Combined TRACON& Tower with Radar,14,41,38,26,119,0,0,15,5,20,14,41,53,31,139,8,26,34,173
08/29/2012,BGR,ME,ANE,EN,Combined TRACON& Tower with Radar,25,24,25,35,109,0,2,27,11,40,25,26,52,46,149,28,26,54,203
08/30/2012,BGR,ME,ANE,EN,Combined TRACON& Tower with Radar,22,23,33,25,103,0,0,31,7,38,22,23,64,32,141,32,6,38,179
08/31/2012,BGR,ME,ANE,EN,Combined TRACON& Tower with Radar,16,28,29,7,80,0,3,20,0,23,16,31,49,7,103,0,6,6,109
09/01/2012,BGR,ME,ANE,EN,Combined TRACON& Tower with Radar,14,26,37,5,82,0,0,16,0,16,14,26,53,5,98,16,0,16,114
09/02/2012,BGR,ME,ANE,EN,Combined TRACON& Tower with Radar,22,18,27,6,73,0,0,28,0,28,22,18,55,6,101,2,0,2,103
09/03/2012,BGR,ME,ANE,EN,Combined TRACON& Tower with Radar,14,23,33,2,72,0,1,20,0,21,14,24,53,2,93,8,0,8,101
09/04/2012,BGR,ME,ANE,EN,Combined TRACON& Tower with Radar,15,27,19,32,93,0,1,14,4,19,15,28,33,36,112,10,32,42,154
09/05/2012,BGR,ME,ANE,EN,Combined TRACON& Tower with Radar,18,23,21,11,73,0,2,4,1,7,18,25,25,12,80,0,0,0,80
09/06/2012,BGR,ME,ANE,EN,Combined TRACON& Tower with Radar,22,24,44,24,114,0,0,26,14,40,22,24,70,38,154,0,14,14,168
09/07/2012,BGR,ME,ANE,EN,Combined TRACON& Tower with Radar,12,30,15,7,64,0,1,9,0,10,12,31,24,7,74,4,0,4,78
09/08/2012,BGR,ME,ANE,EN,Combined TRACON& Tower with Radar,22,24,19,9,74,0,1,1,2,4,22,25,20,11,78,0,0,0,78
09/09/2012,BGR,ME,ANE,EN,Combined TRACON& Tower with Radar,17,25,28,8,78,0,4,22,3,29,17,29,50,11,107,50,0,50,157
09/10/2012,BGR,ME,ANE,EN,Combined TRACON& Tower with Radar,20,20,26,26,92,0,0,24,4,28,20,20,50,30,120,6,16,22,142
09/11/2012,BGR,ME,ANE,EN,Combined TRACON& Tower with Radar,18,18,21,25,82,0,2,32,19,53,18,20,53,44,135,10,54,64,199
09/12/2012,BGR,ME,ANE,EN,Combined TRACON& Tower with Radar,16,18,31,36,101,0,1,29,20,50,16,19,60,56,151,6,34,40,191
09/13/2012,BGR,ME,ANE,EN,Combined TRACON& Tower with Radar,20,21,26,28,95,0,3,30,4,37,20,24,56,32,132,16,10,26,158
09/14/2012,BGR,ME,ANE,EN,Combined TRACON& Tower with Radar,12,32,39,14,97,0,0,28,2,30,12,32,67,16,127,10,20,30,157
09/15/2012,BGR,ME,ANE,EN,Combined TRACON& Tower with Radar,16,26,32,3,77,0,1,11,0,12,16,27,43,3,89,0,0,0,89
09/16/2012,BGR,ME,ANE,EN,Combined TRACON& Tower with Radar,18,18,16,2,54,0,4,24,2,30,18,22,40,4,84,64,0,64,148
09/17/2012,BGR,ME,ANE,EN,Combined TRACON& Tower with Radar,22,19,13,30,84,0,2,29,3,34,22,21,42,33,118,6,12,18,136
09/18/2012,BGR,ME,ANE,EN,Combined TRACON& Tower with Radar,17,29,25,8,79,0,3,9,0,12,17,32,34,8,91,10,0,10,101
09/19/2012,BGR,ME,ANE,EN,Combined TRACON& Tower with Radar,17,29,14,37,97,0,3,1,9,13,17,32,15,46,110,0,18,18,128
09/20/2012,BGR,ME,ANE,EN,Combined TRACON& Tower with Radar,15,19,38,31,103,0,4,41,3,48,15,23,79,34,151,91,14,105,256
09/21/2012,BGR,ME,ANE,EN,Combined TRACON& Tower with Radar,14,29,29,23,95,0,1,25,4,30,14,30,54,27,125,2,16,18,143
09/22/2012,BGR,ME,ANE,EN,Combined TRACON& Tower with Radar,20,29,24,13,86,0,0,2,0,2,20,29,26,13,88,0,0,0,88
09/23/2012,BGR,ME,ANE,EN,Combined TRACON& Tower with Radar,16,17,24,15,72,0,1,15,0,16,16,18,39,15,88,6,0,6,94
09/24/2012,BGR,ME,ANE,EN,Combined TRACON& Tower with Radar,13,17,24,25,79,0,0,26,2,28,13,17,50,27,107,6,4,10,117
09/25/2012,BGR,ME,ANE,EN,Combined TRACON& Tower with Radar,16,27,25,22,90,0,5,15,7,27,16,32,40,29,117,4,18,22,139
09/26/2012,BGR,ME,ANE,EN,Combined TRACON& Tower with Radar,13,23,36,33,105,0,0,3,1,4,13,23,39,34,109,2,8,10,119
09/27/2012,BGR,ME,ANE,EN,Combined TRACON& Tower with Radar,24,29,14,26,93,0,1,24,9,34,24,30,38,35,127,20,22,42,169
09/28/2012,BGR,ME,ANE,EN,Combined TRACON& Tower with Radar,18,26,39,32,115,0,2,13,5,20,18,28,52,37,135,4,36,40,175
09/29/2012,BGR,ME,ANE,EN,Combined TRACON& Tower with Radar,19,30,21,12,82,0,0,0,0,0,19,30,21,12,82,0,0,0,82
09/30/2012,BGR,ME,ANE,EN,Combined TRACON& Tower with Radar,16,22,31,4,73,0,0,0,0,0,16,22,31,4,73,0,0,0,73
10/01/2012,BGR,ME,ANE,EN,Combined TRACON& Tower with Radar,13,28,18,21,80,0,0,11,0,11,13,28,29,21,91,0,0,0,91
10/02/2012,BGR,ME,ANE,EN,Combined TRACON& Tower with Radar,13,25,20,34,92,0,0,35,10,45,13,25,55,44,137,44,30,74,211
10/03/2012,BGR,ME,ANE,EN,Combined TRACON& Tower with Radar,18,26,36,47,127,0,0,34,11,45,18,26,70,58,172,40,38,78,250
10/04/2012,BGR,ME,ANE,EN,Combined TRACON& Tower with Radar,16,26,28,38,108,0,0,9,3,12,16,26,37,41,120,0,16,16,136
10/05/2012,BGR,ME,ANE,EN,Combined TRACON& Tower with Radar,17,30,42,24,113,0,2,7,0,9,17,32,49,24,122,0,0,0,122
10/06/2012,BGR,ME,ANE,EN,Combined TRACON& Tower with Radar,13,27,17,6,63,0,1,7,0,8,13,28,24,6,71,0,0,0,71
10/07/2012,BGR,ME,ANE,EN,Combined TRACON& Tower with Radar,18,26,24,11,79,0,0,15,1,16,18,26,39,12,95,6,0,6,101
10/08/2012,BGR,ME,ANE,EN,Combined TRACON& Tower with Radar,14,23,12,11,60,0,0,5,0,5,14,23,17,11,65,0,0,0,65
10/09/2012,BGR,ME,ANE,EN,Combined TRACON& Tower with Radar,15,21,33,32,101,0,0,33,4,37,15,21,66,36,138,0,20,20,158
10/10/2012,BGR,ME,ANE,EN,Combined TRACON& Tower with Radar,19,23,25,19,86,0,1,3,0,4,19,24,28,19,90,0,0,0,90
10/11/2012,BGR,ME,ANE,EN,Combined TRACON& Tower with Radar,24,23,18,33,98,0,2,16,2,20,24,25,34,35,118,0,12,12,130
10/12/2012,BGR,ME,ANE,EN,Combined TRACON& Tower with Radar,18,27,25,14,84,0,1,15,2,18,18,28,40,16,102,0,4,4,106
10/13/2012,BGR,ME,ANE,EN,Combined TRACON& Tower with Radar,21,26,15,9,71,0,0,29,0,29,21,26,44,9,100,6,0,6,106
10/14/2012,BGR,ME,ANE,EN,Combined TRACON& Tower with Radar,22,27,29,6,84,0,0,1,0,1,22,27,30,6,85,10,0,10,95
10/15/2012,BGR,ME,ANE,EN,Combined TRACON& Tower with Radar,15,18,28,20,81,0,0,9,0,9,15,18,37,20,90,0,0,0,90
10/16/2012,BGR,ME,ANE,EN,Combined TRACON& Tower with Radar,14,20,31,20,85,0,0,3,0,3,14,20,34,20,88,20,10,30,118
10/17/2012,BGR,ME,ANE,EN,Combined TRACON& Tower with Radar,14,23,31,14,82,0,8,33,16,57,14,31,64,30,139,0,18,18,157
10/18/2012,BGR,ME,ANE,EN,Combined TRACON& Tower with Radar,20,24,27,29,100,0,1,34,5,40,20,25,61,34,140,12,12,24,164
10/19/2012,BGR,ME,ANE,EN,Combined TRACON& Tower with Radar,20,27,27,26,100,0,0,13,2,15,20,27,40,28,115,0,0,0,115
10/20/2012,BGR,ME,ANE,EN,Combined TRACON& Tower with Radar,18,36,23,5,82,0,0,0,0,0,18,36,23,5,82,0,0,0,82
10/21/2012,BGR,ME,ANE,EN,Combined TRACON& Tower with Radar,17,21,20,12,70,1,2,26,0,29,18,23,46,12,99,28,0,28,127
10/22/2012,BGR,ME,ANE,EN,Combined TRACON& Tower with Radar,13,19,29,14,75,0,3,10,0,13,13,22,39,14,88,22,8,30,118
10/23/2012,BGR,ME,ANE,EN,Combined TRACON& Tower with Radar,15,26,26,24,91,0,1,24,4,29,15,27,50,28,120,6,14,20,140
10/24/2012,BGR,ME,ANE,EN,Combined TRACON& Tower with Radar,12,24,38,39,113,0,0,29,11,40,12,24,67,50,153,16,14,30,183
10/25/2012,BGR,ME,ANE,EN,Combined TRACON& Tower with Radar,19,25,29,32,105,1,7,27,9,44,20,32,56,41,149,46,42,88,237
10/26/2012,BGR,ME,ANE,EN,Combined TRACON& Tower with Radar,26,19,26,14,85,0,0,17,0,17,26,19,43,14,102,10,0,10,112
10/27/2012,BGR,ME,ANE,EN,Combined TRACON& Tower with Radar,14,22,10,11,57,0,0,17,0,17,14,22,27,11,74,0,0,0,74
10/28/2012,BGR,ME,ANE,EN,Combined TRACON& Tower with Radar,14,19,25,9,67,0,0,2,0,2,14,19,27,9,69,0,0,0,69
10/29/2012,BGR,ME,ANE,EN,Combined TRACON& Tower with Radar,4,6,8,3,21,0,0,0,0,0,4,6,8,3,21,0,0,0,21
10/30/2012,BGR,ME,ANE,EN,Combined TRACON& Tower with Radar,7,23,7,3,40,0,0,0,0,0,7,23,7,3,40,0,0,0,40
10/31/2012,BGR,ME,ANE,EN,Combined TRACON& Tower with Radar,13,21,16,30,80,0,0,1,0,1,13,21,17,30,81,24,0,24,105
11/01/2012,BGR,ME,ANE,EN,Combined TRACON& Tower with Radar,18,28,21,39,106,0,1,16,2,19,18,29,37,41,125,0,0,0,125
11/02/2012,BGR,ME,ANE,EN,Combined TRACON& Tower with Radar,16,25,39,11,91,0,4,15,7,26,16,29,54,18,117,26,12,38,155
11/03/2012,BGR,ME,ANE,EN,Combined TRACON& Tower with Radar,20,22,23,5,70,0,0,14,4,18,20,22,37,9,88,14,0,14,102
11/04/2012,BGR,ME,ANE,EN,Combined TRACON& Tower with Radar,25,14,14,8,61,0,1,9,7,17,25,15,23,15,78,20,0,20,98
11/05/2012,BGR,ME,ANE,EN,Combined TRACON& Tower with Radar,15,16,15,17,63,0,3,14,1,18,15,19,29,18,81,0,4,4,85
11/06/2012,BGR,ME,ANE,EN,Combined TRACON& Tower with Radar,14,19,12,16,61,0,1,31,1,33,14,20,43,17,94,14,6,20,114
11/07/2012,BGR,ME,ANE,EN,Combined TRACON& Tower with Radar,16,19,19,20,74,0,1,3,2,6,16,20,22,22,80,0,12,12,92
11/08/2012,BGR,ME,ANE,EN,Combined TRACON& Tower with Radar,24,19,10,4,57,0,0,0,0,0,24,19,10,4,57,0,0,0,57
11/09/2012,BGR,ME,ANE,EN,Combined TRACON& Tower with Radar,20,19,11,19,69,0,1,10,0,11,20,20,21,19,80,8,0,8,88
11/10/2012,BGR,ME,ANE,EN,Combined TRACON& Tower with Radar,14,27,15,7,63,0,1,19,1,21,14,28,34,8,84,0,6,6,90
11/11/2012,BGR,ME,ANE,EN,Combined TRACON& Tower with Radar,18,19,12,5,54,0,0,5,0,5,18,19,17,5,59,0,0,0,59
11/12/2012,BGR,ME,ANE,EN,Combined TRACON& Tower with Radar,14,19,28,13,74,0,0,18,2,20,14,19,46,15,94,2,10,12,106
11/13/2012,BGR,ME,ANE,EN,Combined TRACON& Tower with Radar,21,16,20,14,71,0,0,0,3,3,21,16,20,17,74,10,14,24,98
11/14/2012,BGR,ME,ANE,EN,Combined TRACON& Tower with Radar,19,18,30,31,98,0,1,11,10,22,19,19,41,41,120,0,20,20,140
11/15/2012,BGR,ME,ANE,EN,Combined TRACON& Tower with Radar,23,18,38,35,114,0,2,16,4,22,23,20,54,39,136,0,20,20,156
11/16/2012,BGR,ME,ANE,EN,Combined TRACON& Tower with Radar,17,26,16,14,73,0,0,20,6,26,17,26,36,20,99,20,20,40,139
11/17/2012,BGR,ME,ANE,EN,Combined TRACON& Tower with Radar,12,24,17,7,60,0,2,38,0,40,12,26,55,7,100,0,0,0,100
11/18/2012,BGR,ME,ANE,EN,Combined TRACON& Tower with Radar,22,20,12,1,55,0,5,23,0,28,22,25,35,1,83,0,0,0,83
11/19/2012,BGR,ME,ANE,EN,Combined TRACON& Tower with Radar,13,15,36,23,87,0,0,17,1,18,13,15,53,24,105,24,34,58,163
11/20/2012,BGR,ME,ANE,EN,Combined TRACON& Tower with Radar,16,23,27,25,91,0,1,41,5,47,16,24,68,30,138,12,20,32,170
11/21/2012,BGR,ME,ANE,EN,Combined TRACON& Tower with Radar,21,26,33,15,95,0,0,5,1,6,21,26,38,16,101,18,4,22,123
11/22/2012,BGR,ME,ANE,EN,Combined TRACON& Tower with Radar,9,5,8,2,24,0,2,5,0,7,9,7,13,2,31,0,0,0,31
11/23/2012,BGR,ME,ANE,EN,Combined TRACON& Tower with Radar,6,22,6,2,36,0,0,6,0,6,6,22,12,2,42,0,0,0,42
11/24/2012,BGR,ME,ANE,EN,Combined TRACON& Tower with Radar,12,30,11,8,61,0,0,2,0,2,12,30,13,8,63,0,0,0,63
11/25/2012,BGR,ME,ANE,EN,Combined TRACON& Tower with Radar,18,22,6,4,50,0,1,6,0,7,18,23,12,4,57,0,0,0,57
11/26/2012,BGR,ME,ANE,EN,Combined TRACON& Tower with Radar,13,20,12,11,56,0,2,18,1,21,13,22,30,12,77,10,0,10,87
11/27/2012,BGR,ME,ANE,EN,Combined TRACON& Tower with Radar,10,20,23,47,100,0,0,16,9,25,10,20,39,56,125,6,42,48,173
11/28/2012,BGR,ME,ANE,EN,Combined TRACON& Tower with Radar,15,20,27,27,89,0,3,9,21,33,15,23,36,48,122,8,34,42,164
11/29/2012,BGR,ME,ANE,EN,Combined TRACON& Tower with Radar,19,24,14,40,97,0,0,7,7,14,19,24,21,47,111,28,8,36,147
11/30/2012,BGR,ME,ANE,EN,Combined TRACON& Tower with Radar,20,21,25,28,94,0,6,12,10,28,20,27,37,38,122,24,16,40,162
12/01/2012,BGR,ME,ANE,EN,Combined TRACON& Tower with Radar,9,22,16,22,69,0,0,13,4,17,9,22,29,26,86,6,0,6,92
12/02/2012,BGR,ME,ANE,EN,Combined TRACON& Tower with Radar,15,16,6,6,43,0,0,0,0,0,15,16,6,6,43,0,0,0,43
12/03/2012,BGR,ME,ANE,EN,Combined TRACON& Tower with Radar,21,19,17,16,73,0,3,8,2,13,21,22,25,18,86,14,16,30,116
12/04/2012,BGR,ME,ANE,EN,Combined TRACON& Tower with Radar,12,24,18,30,84,0,1,5,2,8,12,25,23,32,92,0,0,0,92
12/05/2012,BGR,ME,ANE,EN,Combined TRACON& Tower with Radar,15,26,7,16,64,0,1,8,6,15,15,27,15,22,79,2,12,14,93
12/06/2012,BGR,ME,ANE,EN,Combined TRACON& Tower with Radar,22,23,26,19,90,0,0,20,8,28,22,23,46,27,118,14,10,24,142
12/07/2012,BGR,ME,ANE,EN,Combined TRACON& Tower with Radar,13,26,16,18,73,0,1,24,8,33,13,27,40,26,106,0,18,18,124
12/08/2012,BGR,ME,ANE,EN,Combined TRACON& Tower with Radar,13,12,15,10,50,0,0,0,0,0,13,12,15,10,50,0,0,0,50
12/09/2012,BGR,ME,ANE,EN,Combined TRACON& Tower with Radar,20,14,24,5,63,0,3,25,0,28,20,17,49,5,91,12,0,12,103
12/10/2012,BGR,ME,ANE,EN,Combined TRACON& Tower with Radar,14,8,11,5,38,0,0,0,0,0,14,8,11,5,38,0,0,0,38
12/11/2012,BGR,ME,ANE,EN,Combined TRACON& Tower with Radar,16,17,17,22,72,0,3,11,11,25,16,20,28,33,97,2,20,22,119
12/12/2012,BGR,ME,ANE,EN,Combined TRACON& Tower with Radar,19,17,17,23,76,0,2,22,12,36,19,19,39,35,112,8,8,16,128
12/13/2012,BGR,ME,ANE,EN,Combined TRACON& Tower with Radar,21,16,27,6,70,1,1,30,3,35,22,17,57,9,105,13,14,27,132
12/14/2012,BGR,ME,ANE,EN,Combined TRACON& Tower with Radar,17,22,47,36,122,0,4,22,4,30,17,26,69,40,152,8,16,24,176
12/15/2012,BGR,ME,ANE,EN,Combined TRACON& Tower with Radar,16,15,20,7,58,0,4,6,1,11,16,19,26,8,69,0,0,0,69
12/16/2012,BGR,ME,ANE,EN,Combined TRACON& Tower with Radar,18,18,14,2,52,0,0,20,0,20,18,18,34,2,72,0,0,0,72
12/17/2012,BGR,ME,ANE,EN,Combined TRACON& Tower with Radar,21,17,19,14,71,0,0,2,2,4,21,17,21,16,75,2,10,12,87
12/18/2012,BGR,ME,ANE,EN,Combined TRACON& Tower with Radar,17,19,10,17,63,0,0,0,0,0,17,19,10,17,63,0,0,0,63
12/19/2012,BGR,ME,ANE,EN,Combined TRACON& Tower with Radar,17,29,14,4,64,0,0,0,0,0,17,29,14,4,64,0,0,0,64
12/20/2012,BGR,ME,ANE,EN,Combined TRACON& Tower with Radar,16,22,25,50,113,0,0,9,2,11,16,22,34,52,124,6,0,6,130
12/21/2012,BGR,ME,ANE,EN,Combined TRACON& Tower with Radar,13,26,8,5,52,0,1,0,0,1,13,27,8,5,53,0,0,0,53
12/22/2012,BGR,ME,ANE,EN,Combined TRACON& Tower with Radar,12,23,14,4,53,0,1,4,0,5,12,24,18,4,58,0,0,0,58
12/23/2012,BGR,ME,ANE,EN,Combined TRACON& Tower with Radar,15,21,6,3,45,1,1,6,0,8,16,22,12,3,53,5,0,5,58
12/24/2012,BGR,ME,ANE,EN,Combined TRACON& Tower with Radar,11,17,5,4,37,0,0,9,0,9,11,17,14,4,46,0,0,0,46
12/25/2012,BGR,ME,ANE,EN,Combined TRACON& Tower with Radar,9,7,1,0,17,0,0,4,0,4,9,7,5,0,21,4,0,4,25
12/26/2012,BGR,ME,ANE,EN,Combined TRACON& Tower with Radar,9,15,3,19,46,0,2,16,2,20,9,17,19,21,66,0,10,10,76
12/27/2012,BGR,ME,ANE,EN,Combined TRACON& Tower with Radar,7,11,3,0,21,0,1,0,0,1,7,12,3,0,22,0,0,0,22
12/28/2012,BGR,ME,ANE,EN,Combined TRACON& Tower with Radar,14,23,5,11,53,0,1,2,1,4,14,24,7,12,57,0,0,0,57
12/29/2012,BGR,ME,ANE,EN,Combined TRACON& Tower with Radar,14,23,3,5,45,0,3,4,0,7,14,26,7,5,52,0,4,4,56
12/30/2012,BGR,ME,ANE,EN,Combined TRACON& Tower with Radar,15,16,4,0,35,0,1,0,0,1,15,17,4,0,36,0,0,0,36
12/31/2012,BGR,ME,ANE,EN,Combined TRACON& Tower with Radar,14,15,8,13,50,0,0,11,1,12,14,15,19,14,62,0,6,6,68
01/01/2013,BGR,ME,ANE,EN,Combined TRACON& Tower with Radar,9,8,4,2,23,0,0,4,0,4,9,8,8,2,27,0,0,0,27
01/02/2013,BGR,ME,ANE,EN,Combined TRACON& Tower with Radar,16,21,15,32,84,0,3,17,10,30,16,24,32,42,114,6,21,27,141
01/03/2013,BGR,ME,ANE,EN,Combined TRACON& Tower with Radar,17,22,6,30,75,0,4,7,5,16,17,26,13,35,91,0,18,18,109
01/04/2013,BGR,ME,ANE,EN,Combined TRACON& Tower with Radar,15,22,2,17,56,0,2,10,9,21,15,24,12,26,77,10,6,16,93
01/05/2013,BGR,ME,ANE,EN,Combined TRACON& Tower with Radar,11,21,4,13,49,0,2,13,0,15,11,23,17,13,64,8,0,8,72
01/06/2013,BGR,ME,ANE,EN,Combined TRACON& Tower with Radar,15,20,5,20,60,0,1,2,1,4,15,21,7,21,64,0,2,2,66
01/07/2013,BGR,ME,ANE,EN,Combined TRACON& Tower with Radar,13,15,10,30,68,0,2,24,3,29,13,17,34,33,97,2,8,10,107
01/08/2013,BGR,ME,ANE,EN,Combined TRACON& Tower with Radar,12,22,17,43,94,0,2,14,2,18,12,24,31,45,112,10,0,10,122
01/09/2013,BGR,ME,ANE,EN,Combined TRACON& Tower with Radar,14,19,10,22,65,0,4,23,3,30,14,23,33,25,95,0,10,10,105
01/10/2013,BGR,ME,ANE,EN,Combined TRACON& Tower with Radar,18,19,9,31,77,0,0,10,2,12,18,19,19,33,89,14,10,24,113
01/11/2013,BGR,ME,ANE,EN,Combined TRACON& Tower with Radar,11,19,11,33,74,0,3,17,3,23,11,22,28,36,97,6,12,18,115
01/12/2013,BGR,ME,ANE,EN,Combined TRACON& Tower with Radar,19,12,11,4,46,0,0,2,0,2,19,12,13,4,48,4,0,4,52
01/13/2013,BGR,ME,ANE,EN,Combined TRACON& Tower with Radar,18,9,12,2,41,0,0,0,0,0,18,9,12,2,41,0,0,0,41
01/14/2013,BGR,ME,ANE,EN,Combined TRACON& Tower with Radar,15,13,15,37,80,0,0,13,4,17,15,13,28,41,97,2,16,18,115
01/15/2013,BGR,ME,ANE,EN,Combined TRACON& Tower with Radar,13,20,12,22,67,0,0,20,3,23,13,20,32,25,90,6,4,10,100
01/16/2013,BGR,ME,ANE,EN,Combined TRACON& Tower with Radar,14,18,9,5,46,0,0,2,0,2,14,18,11,5,48,0,0,0,48
01/17/2013,BGR,ME,ANE,EN,Combined TRACON& Tower with Radar,13,16,17,37,83,0,0,6,4,10,13,16,23,41,93,6,6,12,105
01/18/2013,BGR,ME,ANE,EN,Combined TRACON& Tower with Radar,12,17,12,23,64,0,1,7,20,28,12,18,19,43,92,6,22,28,120
01/19/2013,BGR,ME,ANE,EN,Combined TRACON& Tower with Radar,9,19,10,2,40,0,0,6,0,6,9,19,16,2,46,0,0,0,46
01/20/2013,BGR,ME,ANE,EN,Combined TRACON& Tower with Radar,14,9,6,4,33,0,4,6,0,10,14,13,12,4,43,0,0,0,43
01/21/2013,BGR,ME,ANE,EN,Combined TRACON& Tower with Radar,14,16,17,7,54,0,1,15,1,17,14,17,32,8,71,8,0,8,79
01/22/2013,BGR,ME,ANE,EN,Combined TRACON& Tower with Radar,14,23,22,26,85,0,1,5,4,10,14,24,27,30,95,6,14,20,115
01/23/2013,BGR,ME,ANE,EN,Combined TRACON& Tower with Radar,15,21,6,30,72,0,0,4,6,10,15,21,10,36,82,0,6,6,88
01/24/2013,BGR,ME,ANE,EN,Combined TRACON& Tower with Radar,22,19,15,41,97,2,0,2,2,6,24,19,17,43,103,14,2,16,119
01/25/2013,BGR,ME,ANE,EN,Combined TRACON& Tower with Radar,13,25,19,25,82,0,5,14,1,20,13,30,33,26,102,4,16,20,122
01/26/2013,BGR,ME,ANE,EN,Combined TRACON& Tower with Radar,12,19,11,12,54,0,1,5,1,7,12,20,16,13,61,0,0,0,61
01/27/2013,BGR,ME,ANE,EN,Combined TRACON& Tower with Radar,21,14,12,6,53,0,2,1,0,3,21,16,13,6,56,0,0,0,56
01/28/2013,BGR,ME,ANE,EN,Combined TRACON& Tower with Radar,18,19,19,48,104,0,5,10,6,21,18,24,29,54,125,30,16,46,171
01/29/2013,BGR,ME,ANE,EN,Combined TRACON& Tower with Radar,14,20,8,25,67,0,7,15,10,32,14,27,23,35,99,10,0,10,109
01/30/2013,BGR,ME,ANE,EN,Combined TRACON& Tower with Radar,14,15,10,17,56,0,0,1,0,1,14,15,11,17,57,0,0,0,57
01/31/2013,BGR,ME,ANE,EN,Combined TRACON& Tower with Radar,15,16,10,6,47,0,0,2,0,2,15,16,12,6,49,0,0,0,49
02/01/2013,BGR,ME,ANE,EN,Combined TRACON& Tower with Radar,15,21,13,19,68,0,3,8,4,15,15,24,21,23,83,18,8,26,109
02/02/2013,BGR,ME,ANE,EN,Combined TRACON& Tower with Radar,14,14,14,24,66,0,1,12,16,29,14,15,26,40,95,19,12,31,126
02/03/2013,BGR,ME,ANE,EN,Combined TRACON& Tower with Radar,22,19,6,16,63,0,4,14,5,23,22,23,20,21,86,9,0,9,95
02/04/2013,BGR,ME,ANE,EN,Combined TRACON& Tower with Radar,22,16,12,33,83,0,1,13,0,14,22,17,25,33,97,0,0,0,97
02/05/2013,BGR,ME,ANE,EN,Combined TRACON& Tower with Radar,14,23,13,23,73,0,1,14,10,25,14,24,27,33,98,6,0,6,104
02/06/2013,BGR,ME,ANE,EN,Combined TRACON& Tower with Radar,15,16,22,17,70,0,2,4,3,9,15,18,26,20,79,6,0,6,85
02/07/2013,BGR,ME,ANE,EN,Combined TRACON& Tower with Radar,17,22,25,35,99,0,3,25,9,37,17,25,50,44,136,0,18,18,154
02/08/2013,BGR,ME,ANE,EN,Combined TRACON& Tower with Radar,7,14,9,7,37,0,0,1,0,1,7,14,10,7,38,0,0,0,38
02/09/2013,BGR,ME,ANE,EN,Combined TRACON& Tower with Radar,0,2,1,1,4,0,0,0,0,0,0,2,1,1,4,0,0,0,4
02/10/2013,BGR,ME,ANE,EN,Combined TRACON& Tower with Radar,15,16,14,11,56,0,3,13,0,16,15,19,27,11,72,14,0,14,86
02/11/2013,BGR,ME,ANE,EN,Combined TRACON& Tower with Radar,10,12,20,8,50,0,0,5,1,6,10,12,25,9,56,0,4,4,60
02/12/2013,BGR,ME,ANE,EN,Combined TRACON& Tower with Radar,20,21,9,27,77,0,1,11,1,13,20,22,20,28,90,0,2,2,92
02/13/2013,BGR,ME,ANE,EN,Combined TRACON& Tower with Radar,14,25,24,44,107,0,0,21,7,28,14,25,45,51,135,5,22,27,162
02/14/2013,BGR,ME,ANE,EN,Combined TRACON& Tower with Radar,16,24,14,37,91,0,1,9,4,14,16,25,23,41,105,0,22,22,127
02/15/2013,BGR,ME,ANE,EN,Combined TRACON& Tower with Radar,14,18,26,33,91,0,0,9,1,10,14,18,35,34,101,0,2,2,103
02/16/2013,BGR,ME,ANE,EN,Combined TRACON& Tower with Radar,16,19,13,6,54,0,0,0,0,0,16,19,13,6,54,0,0,0,54
02/17/2013,BGR,ME,ANE,EN,Combined TRACON& Tower with Radar,14,5,5,4,28,0,0,0,0,0,14,5,5,4,28,0,0,0,28
02/18/2013,BGR,ME,ANE,EN,Combined TRACON& Tower with Radar,16,16,12,4,48,0,0,1,1,2,16,16,13,5,50,0,0,0,50
02/19/2013,BGR,ME,ANE,EN,Combined TRACON& Tower with Radar,20,22,15,41,98,0,4,21,6,31,20,26,36,47,129,0,30,30,159
02/20/2013,BGR,ME,ANE,EN,Combined TRACON& Tower with Radar,13,24,32,15,84,0,1,6,3,10,13,25,38,18,94,0,12,12,106
02/21/2013,BGR,ME,ANE,EN,Combined TRACON& Tower with Radar,21,21,22,40,104,0,3,8,3,14,21,24,30,43,118,2,6,8,126
02/22/2013,BGR,ME,ANE,EN,Combined TRACON& Tower with Radar,15,16,31,26,88,0,2,22,3,27,15,18,53,29,115,8,24,32,147
02/23/2013,BGR,ME,ANE,EN,Combined TRACON& Tower with Radar,21,21,10,2,54,0,0,4,0,4,21,21,14,2,58,14,0,14,72
02/24/2013,BGR,ME,ANE,EN,Combined TRACON& Tower with Radar,17,14,13,3,47,0,0,0,0,0,17,14,13,3,47,0,0,0,47
02/25/2013,BGR,ME,ANE,EN,Combined TRACON& Tower with Radar,18,16,24,14,72,0,4,17,3,24,18,20,41,17,96,22,22,44,140
02/26/2013,BGR,ME,ANE,EN,Combined TRACON& Tower with Radar,17,19,27,35,98,0,2,31,6,39,17,21,58,41,137,26,44,70,207
02/27/2013,BGR,ME,ANE,EN,Combined TRACON& Tower with Radar,17,19,12,4,52,0,2,7,0,9,17,21,19,4,61,0,0,0,61
02/28/2013,BGR,ME,ANE,EN,Combined TRACON& Tower with Radar,23,23,15,12,73,0,0,0,0,0,23,23,15,12,73,0,0,0,73
03/01/2013,BGR,ME,ANE,EN,Combined TRACON& Tower with Radar,21,18,10,2,51,0,0,0,0,0,21,18,10,2,51,0,0,0,51
03/02/2013,BGR,ME,ANE,EN,Combined TRACON& Tower with Radar,18,21,16,13,68,0,0,0,0,0,18,21,16,13,68,0,0,0,68
03/03/2013,BGR,ME,ANE,EN,Combined TRACON& Tower with Radar,17,13,16,16,62,0,0,3,0,3,17,13,19,16,65,6,0,6,71
03/04/2013,BGR,ME,ANE,EN,Combined TRACON& Tower with Radar,21,17,12,7,57,0,0,0,0,0,21,17,12,7,57,0,0,0,57
03/05/2013,BGR,ME,ANE,EN,Combined TRACON& Tower with Radar,18,22,24,21,85,0,3,4,0,7,18,25,28,21,92,0,4,4,96
03/06/2013,BGR,ME,ANE,EN,Combined TRACON& Tower with Radar,18,12,28,15,73,0,0,7,2,9,18,12,35,17,82,10,0,10,92
03/07/2013,BGR,ME,ANE,EN,Combined TRACON& Tower with Radar,19,25,20,10,74,0,0,10,3,13,19,25,30,13,87,0,0,0,87
03/08/2013,BGR,ME,ANE,EN,Combined TRACON& Tower with Radar,16,15,19,8,58,0,0,8,4,12,16,15,27,12,70,0,0,0,70
03/09/2013,BGR,ME,ANE,EN,Combined TRACON& Tower with Radar,19,17,13,5,54,0,2,22,0,24,19,19,35,5,78,16,0,16,94
03/10/2013,BGR,ME,ANE,EN,Combined TRACON& Tower with Radar,16,13,6,4,39,0,1,14,0,15,16,14,20,4,54,4,0,4,58
03/11/2013,BGR,ME,ANE,EN,Combined TRACON& Tower with Radar,24,28,28,41,121,4,2,7,6,19,28,30,35,47,140,14,30,44,184
03/12/2013,BGR,ME,ANE,EN,Combined TRACON& Tower with Radar,15,21,35,7,78,0,0,1,0,1,15,21,36,7,79,0,4,4,83
03/13/2013,BGR,ME,ANE,EN,Combined TRACON& Tower with Radar,19,20,18,22,79,0,0,5,7,12,19,20,23,29,91,6,4,10,101
03/14/2013,BGR,ME,ANE,EN,Combined TRACON& Tower with Radar,21,20,23,19,83,0,0,10,15,25,21,20,33,34,108,0,4,4,112
03/15/2013,BGR,ME,ANE,EN,Combined TRACON& Tower with Radar,17,15,10,9,51,0,0,28,2,30,17,15,38,11,81,0,2,2,83
03/16/2013,BGR,ME,ANE,EN,Combined TRACON& Tower with Radar,18,17,16,8,59,0,0,23,0,23,18,17,39,8,82,40,0,40,122
03/17/2013,BGR,ME,ANE,EN,Combined TRACON& Tower with Radar,15,11,18,3,47,0,0,12,0,12,15,11,30,3,59,0,0,0,59
03/18/2013,BGR,ME,ANE,EN,Combined TRACON& Tower with Radar,16,13,16,34,79,0,0,18,10,28,16,13,34,44,107,12,20,32,139
03/19/2013,BGR,ME,ANE,EN,Combined TRACON& Tower with Radar,18,12,20,8,58,0,0,1,0,1,18,12,21,8,59,0,0,0,59
03/20/2013,BGR,ME,ANE,EN,Combined TRACON& Tower with Radar,19,26,17,2,64,0,3,3,1,7,19,29,20,3,71,0,0,0,71
03/21/2013,BGR,ME,ANE,EN,Combined TRACON& Tower with Radar,21,21,22,29,93,0,6,36,18,60,21,27,58,47,153,14,16,30,183
03/22/2013,BGR,ME,ANE,EN,Combined TRACON& Tower with Radar,16,18,33,9,76,0,3,14,11,28,16,21,47,20,104,22,14,36,140
03/23/2013,BGR,ME,ANE,EN,Combined TRACON& Tower with Radar,14,23,33,2,72,0,1,5,0,6,14,24,38,2,78,0,0,0,78
03/24/2013,BGR,ME,ANE,EN,Combined TRACON& Tower with Radar,15,15,15,0,45,0,2,8,1,11,15,17,23,1,56,16,0,16,72
03/25/2013,BGR,ME,ANE,EN,Combined TRACON& Tower with Radar,11,13,14,35,73,0,1,14,10,25,11,14,28,45,98,6,38,44,142
03/26/2013,BGR,ME,ANE,EN,Combined TRACON& Tower with Radar,23,21,28,44,116,0,3,13,11,27,23,24,41,55,143,34,2,36,179
03/27/2013,BGR,ME,ANE,EN,Combined TRACON& Tower with Radar,18,22,27,24,91,0,0,3,1,4,18,22,30,25,95,0,0,0,95
03/28/2013,BGR,ME,ANE,EN,Combined TRACON& Tower with Radar,20,19,39,34,112,0,0,15,10,25,20,19,54,44,137,2,8,10,147
03/29/2013,BGR,ME,ANE,EN,Combined TRACON& Tower with Radar,15,24,29,16,84,0,0,19,14,33,15,24,48,30,117,2,22,24,141
03/30/2013,BGR,ME,ANE,EN,Combined TRACON& Tower with Radar,15,18,18,3,54,0,2,33,2,37,15,20,51,5,91,6,14,20,111
03/31/2013,BGR,ME,ANE,EN,Combined TRACON& Tower with Radar,16,13,17,7,53,0,1,21,0,22,16,14,38,7,75,4,0,4,79
04/01/2013,BGR,ME,ANE,EN,Combined TRACON& Tower with Radar,18,17,10,22,67,0,0,1,0,1,18,17,11,22,68,0,0,0,68
04/02/2013,BGR,ME,ANE,EN,Combined TRACON& Tower with Radar,20,19,15,33,87,0,0,6,4,10,20,19,21,37,97,0,6,6,103
04/03/2013,BGR,ME,ANE,EN,Combined TRACON& Tower with Radar,20,18,13,21,72,0,2,8,15,25,20,20,21,36,97,0,6,6,103
04/04/2013,BGR,ME,ANE,EN,Combined TRACON& Tower with Radar,18,20,20,38,96,0,6,28,12,46,18,26,48,50,142,21,9,30,172
04/05/2013,BGR,ME,ANE,EN,Combined TRACON& Tower with Radar,20,20,27,2,69,0,1,25,5,31,20,21,52,7,100,14,4,18,118
04/06/2013,BGR,ME,ANE,EN,Combined TRACON& Tower with Radar,20,17,12,9,58,0,1,4,10,15,20,18,16,19,73,16,0,16,89
04/07/2013,BGR,ME,ANE,EN,Combined TRACON& Tower with Radar,15,14,15,12,56,0,0,6,8,14,15,14,21,20,70,0,0,0,70
04/08/2013,BGR,ME,ANE,EN,Combined TRACON& Tower with Radar,25,22,24,24,95,0,2,15,0,17,25,24,39,24,112,0,6,6,118
04/09/2013,BGR,ME,ANE,EN,Combined TRACON& Tower with Radar,20,18,13,34,85,0,0,0,0,0,20,18,13,34,85,0,0,0,85
04/10/2013,BGR,ME,ANE,EN,Combined TRACON& Tower with Radar,16,13,20,34,83,0,3,9,5,17,16,16,29,39,100,0,2,2,102
04/11/2013,BGR,ME,ANE,EN,Combined TRACON& Tower with Radar,19,19,22,46,106,0,6,19,10,35,19,25,41,56,141,0,8,8,149
04/12/2013,BGR,ME,ANE,EN,Combined TRACON& Tower with Radar,19,17,9,34,79,0,0,7,11,18,19,17,16,45,97,18,10,28,125
04/13/2013,BGR,ME,ANE,EN,Combined TRACON& Tower with Radar,19,18,8,1,46,0,1,4,0,5,19,19,12,1,51,24,0,24,75
04/14/2013,BGR,ME,ANE,EN,Combined TRACON& Tower with Radar,19,15,22,10,66,0,1,6,0,7,19,16,28,10,73,2,0,2,75
04/15/2013,BGR,ME,ANE,EN,Combined TRACON& Tower with Radar,19,12,21,7,59,0,1,26,0,27,19,13,47,7,86,18,2,20,106
04/16/2013,BGR,ME,ANE,EN,Combined TRACON& Tower with Radar,21,18,31,18,88,0,0,11,3,14,21,18,42,21,102,0,6,6,108
04/17/2013,BGR,ME,ANE,EN,Combined TRACON& Tower with Radar,21,24,43,33,121,0,1,34,9,44,21,25,77,42,165,0,10,10,175
04/18/2013,BGR,ME,ANE,EN,Combined TRACON& Tower with Radar,20,26,39,29,114,0,2,33,10,45,20,28,72,39,159,20,4,24,183
04/19/2013,BGR,ME,ANE,EN,Combined TRACON& Tower with Radar,20,23,30,18,91,0,0,4,0,4,20,23,34,18,95,0,0,0,95
04/20/2013,BGR,ME,ANE,EN,Combined TRACON& Tower with Radar,21,28,16,7,72,0,0,6,0,6,21,28,22,7,78,0,0,0,78
04/21/2013,BGR,ME,ANE,EN,Combined TRACON& Tower with Radar,23,11,23,2,59,0,0,26,0,26,23,11,49,2,85,11,0,11,96
04/22/2013,BGR,ME,ANE,EN,Combined TRACON& Tower with Radar,22,14,58,22,116,0,0,31,6,37,22,14,89,28,153,8,0,8,161
04/23/2013,BGR,ME,ANE,EN,Combined TRACON& Tower with Radar,19,21,19,44,103,0,0,4,10,14,19,21,23,54,117,0,4,4,121
04/24/2013,BGR,ME,ANE,EN,Combined TRACON& Tower with Radar,20,26,34,15,95,0,0,0,0,0,20,26,34,15,95,0,0,0,95
04/25/2013,BGR,ME,ANE,EN,Combined TRACON& Tower with Radar,20,24,18,56,118,0,2,28,13,43,20,26,46,69,161,14,20,34,195
04/26/2013,BGR,ME,ANE,EN,Combined TRACON& Tower with Radar,19,24,29,31,103,1,2,29,9,41,20,26,58,40,144,6,18,24,168
04/27/2013,BGR,ME,ANE,EN,Combined TRACON& Tower with Radar,23,20,12,7,62,0,2,39,0,41,23,22,51,7,103,22,4,26,129
04/28/2013,BGR,ME,ANE,EN,Combined TRACON& Tower with Radar,20,14,16,4,54,0,3,18,0,21,20,17,34,4,75,20,0,20,95
04/29/2013,BGR,ME,ANE,EN,Combined TRACON& Tower with Radar,17,14,36,33,100,0,0,15,6,21,17,14,51,39,121,4,16,20,141
04/30/2013,BGR,ME,ANE,EN,Combined TRACON& Tower with Radar,17,18,26,25,86,0,0,34,4,38,17,18,60,29,124,6,4,10,134
05/01/2013,BGR,ME,ANE,EN,Combined TRACON& Tower with Radar,12,20,18,17,67,0,3,30,18,51,12,23,48,35,118,16,8,24,142
05/02/2013,BGR,ME,ANE,EN,Combined TRACON& Tower with Radar,16,24,33,25,98,0,2,20,20,42,16,26,53,45,140,0,16,16,156
05/03/2013,BGR,ME,ANE,EN,Combined TRACON& Tower with Radar,14,21,22,27,84,0,5,28,8,41,14,26,50,35,125,7,12,19,144
05/04/2013,BGR,ME,ANE,EN,Combined TRACON& Tower with Radar,19,19,14,13,65,0,0,28,4,32,19,19,42,17,97,8,16,24,121
05/05/2013,BGR,ME,ANE,EN,Combined TRACON& Tower with Radar,21,7,14,10,52,0,1,25,0,26,21,8,39,10,78,7,0,7,85
05/06/2013,BGR,ME,ANE,EN,Combined TRACON& Tower with Radar,16,21,20,38,95,0,0,16,21,37,16,21,36,59,132,4,6,10,142
05/07/2013,BGR,ME,ANE,EN,Combined TRACON& Tower with Radar,13,29,19,42,103,0,0,18,25,43,13,29,37,67,146,0,10,10,156
05/08/2013,BGR,ME,ANE,EN,Combined TRACON& Tower with Radar,14,23,18,35,90,2,5,14,14,35,16,28,32,49,125,24,4,28,153
05/09/2013,BGR,ME,ANE,EN,Combined TRACON& Tower with Radar,20,25,31,29,105,0,0,1,0,1,20,25,32,29,106,0,0,0,106
05/10/2013,BGR,ME,ANE,EN,Combined TRACON& Tower with Radar,18,20,20,19,77,0,0,15,15,30,18,20,35,34,107,9,16,25,132
05/11/2013,BGR,ME,ANE,EN,Combined TRACON& Tower with Radar,20,22,30,0,72,0,0,0,0,0,20,22,30,0,72,0,0,0,72
05/12/2013,BGR,ME,ANE,EN,Combined TRACON& Tower with Radar,24,11,21,6,62,0,0,0,0,0,24,11,21,6,62,0,0,0,62
05/13/2013,BGR,ME,ANE,EN,Combined TRACON& Tower with Radar,15,15,12,22,64,1,1,23,20,45,16,16,35,42,109,22,2,24,133
05/14/2013,BGR,ME,ANE,EN,Combined TRACON& Tower with Radar,17,22,40,36,115,0,4,26,25,55,17,26,66,61,170,16,0,16,186
05/15/2013,BGR,ME,ANE,EN,Combined TRACON& Tower with Radar,13,24,33,47,117,0,1,20,22,43,13,25,53,69,160,0,8,8,168
05/16/2013,BGR,ME,ANE,EN,Combined TRACON& Tower with Radar,18,27,20,55,120,0,2,15,19,36,18,29,35,74,156,0,36,36,192
05/17/2013,BGR,ME,ANE,EN,Combined TRACON& Tower with Radar,17,22,16,30,85,0,1,6,14,21,17,23,22,44,106,0,4,4,110
05/18/2013,BGR,ME,ANE,EN,Combined TRACON& Tower with Radar,20,24,8,31,83,0,1,21,10,32,20,25,29,41,115,0,0,0,115
05/19/2013,BGR,ME,ANE,EN,Combined TRACON& Tower with Radar,17,18,18,10,63,0,3,22,10,35,17,21,40,20,98,10,6,16,114
05/20/2013,BGR,ME,ANE,EN,Combined TRACON& Tower with Radar,16,25,25,22,88,0,0,2,2,4,16,25,27,24,92,8,0,8,100
05/21/2013,BGR,ME,ANE,EN,Combined TRACON& Tower with Radar,18,26,43,26,113,0,0,0,0,0,18,26,43,26,113,0,0,0,113
05/22/2013,BGR,ME,ANE,EN,Combined TRACON& Tower with Radar,11,18,38,38,105,0,0,0,0,0,11,18,38,38,105,0,0,0,105
05/23/2013,BGR,ME,ANE,EN,Combined TRACON& Tower with Radar,19,30,41,35,125,0,1,0,0,1,19,31,41,35,126,0,0,0,126
05/24/2013,BGR,ME,ANE,EN,Combined TRACON& Tower with Radar,12,27,41,39,119,0,0,0,0,0,12,27,41,39,119,0,0,0,119
05/25/2013,BGR,ME,ANE,EN,Combined TRACON& Tower with Radar,15,20,11,6,52,0,0,0,0,0,15,20,11,6,52,0,0,0,52
05/26/2013,BGR,ME,ANE,EN,Combined TRACON& Tower with Radar,17,10,17,6,50,0,0,1,0,1,17,10,18,6,51,0,0,0,51
05/27/2013,BGR,ME,ANE,EN,Combined TRACON& Tower with Radar,19,14,17,2,52,0,4,19,0,23,19,18,36,2,75,8,0,8,83
05/28/2013,BGR,ME,ANE,EN,Combined TRACON& Tower with Radar,14,18,23,45,100,0,1,22,11,34,14,19,45,56,134,12,12,24,158
05/29/2013,BGR,ME,ANE,EN,Combined TRACON& Tower with Radar,15,31,28,29,103,0,1,3,0,4,15,32,31,29,107,6,0,6,113
05/30/2013,BGR,ME,ANE,EN,Combined TRACON& Tower with Radar,15,30,27,43,115,0,4,20,13,37,15,34,47,56,152,0,18,18,170
05/31/2013,BGR,ME,ANE,EN,Combined TRACON& Tower with Radar,15,29,28,29,101,0,2,21,18,41,15,31,49,47,142,0,28,28,170
06/01/2013,BGR,ME,ANE,EN,Combined TRACON& Tower with Radar,19,17,20,27,83,0,1,12,16,29,19,18,32,43,112,2,4,6,118
06/02/2013,BGR,ME,ANE,EN,Combined TRACON& Tower with Radar,22,9,15,17,63,0,4,17,2,23,22,13,32,19,86,14,0,14,100
06/03/2013,BGR,ME,ANE,EN,Combined TRACON& Tower with Radar,13,27,25,26,91,0,0,7,2,9,13,27,32,28,100,3,0,3,103
06/04/2013,BGR,ME,ANE,EN,Combined TRACON& Tower with Radar,11,24,18,27,80,0,2,23,27,52,11,26,41,54,132,12,2,14,146
06/05/2013,BGR,ME,ANE,EN,Combined TRACON& Tower with Radar,17,30,36,30,113,0,1,26,13,40,17,31,62,43,153,0,6,6,159
06/06/2013,BGR,ME,ANE,EN,Combined TRACON& Tower with Radar,14,27,29,27,97,0,10,29,14,53,14,37,58,41,150,0,0,0,150
06/07/2013,BGR,ME,ANE,EN,Combined TRACON& Tower with Radar,13,22,42,38,115,0,0,13,2,15,13,22,55,40,130,0,1,1,131
06/08/2013,BGR,ME,ANE,EN,Combined TRACON& Tower with Radar,17,24,18,10,69,0,0,2,0,2,17,24,20,10,71,4,0,4,75
06/09/2013,BGR,ME,ANE,EN,Combined TRACON& Tower with Radar,22,19,20,4,65,0,0,8,1,9,22,19,28,5,74,32,0,32,106
06/10/2013,BGR,ME,ANE,EN,Combined TRACON& Tower with Radar,24,16,28,36,104,0,1,24,11,36,24,17,52,47,140,32,32,64,204
06/11/2013,BGR,ME,ANE,EN,Combined TRACON& Tower with Radar,17,29,16,16,78,0,0,0,0,0,17,29,16,16,78,0,0,0,78
06/12/2013,BGR,ME,ANE,EN,Combined TRACON& Tower with Radar,18,21,49,34,122,0,0,1,0,1,18,21,50,34,123,0,0,0,123
06/13/2013,BGR,ME,ANE,EN,Combined TRACON& Tower with Radar,20,27,26,46,119,0,2,44,16,62,20,29,70,62,181,34,0,34,215
06/14/2013,BGR,ME,ANE,EN,Combined TRACON& Tower with Radar,20,24,24,12,80,0,1,13,3,17,20,25,37,15,97,20,0,20,117
06/15/2013,BGR,ME,ANE,EN,Combined TRACON& Tower with Radar,27,17,33,8,85,0,0,26,0,26,27,17,59,8,111,20,0,20,131
06/16/2013,BGR,ME,ANE,EN,Combined TRACON& Tower with Radar,23,14,35,5,77,0,1,23,0,24,23,15,58,5,101,12,0,12,113
06/17/2013,BGR,ME,ANE,EN,Combined TRACON& Tower with Radar,22,25,26,5,78,0,1,27,4,32,22,26,53,9,110,14,0,14,124
06/18/2013,BGR,ME,ANE,EN,Combined TRACON& Tower with Radar,19,27,31,23,100,0,9,22,21,52,19,36,53,44,152,0,12,12,164
06/19/2013,BGR,ME,ANE,EN,Combined TRACON& Tower with Radar,15,32,27,20,94,0,2,41,13,56,15,34,68,33,150,4,4,8,158
06/20/2013,BGR,ME,ANE,EN,Combined TRACON& Tower with Radar,17,25,38,31,111,0,5,28,15,48,17,30,66,46,159,32,2,34,193
06/21/2013,BGR,ME,ANE,EN,Combined TRACON& Tower with Radar,18,24,31,15,88,0,4,19,5,28,18,28,50,20,116,18,8,26,142
06/22/2013,BGR,ME,ANE,EN,Combined TRACON& Tower with Radar,21,24,24,6,75,0,1,19,0,20,21,25,43,6,95,0,0,0,95
06/23/2013,BGR,ME,ANE,EN,Combined TRACON& Tower with Radar,23,21,29,5,78,0,2,13,0,15,23,23,42,5,93,0,0,0,93
06/24/2013,BGR,ME,ANE,EN,Combined TRACON& Tower with Radar,17,24,40,49,130,0,0,15,10,25,17,24,55,59,155,28,23,51,206
06/25/2013,BGR,ME,ANE,EN,Combined TRACON& Tower with Radar,16,28,15,9,68,0,6,16,5,27,16,34,31,14,95,0,12,12,107
06/26/2013,BGR,ME,ANE,EN,Combined TRACON& Tower with Radar,22,29,34,51,136,0,2,5,0,7,22,31,39,51,143,8,0,8,151
06/27/2013,BGR,ME,ANE,EN,Combined TRACON& Tower with Radar,17,28,43,39,127,0,2,0,0,2,17,30,43,39,129,16,0,16,145
06/28/2013,BGR,ME,ANE,EN,Combined TRACON& Tower with Radar,21,27,29,8,85,0,0,0,0,0,21,27,29,8,85,0,0,0,85
06/29/2013,BGR,ME,ANE,EN,Combined TRACON& Tower with Radar,24,29,34,7,94,0,0,2,0,2,24,29,36,7,96,0,0,0,96
06/30/2013,BGR,ME,ANE,EN,Combined TRACON& Tower with Radar,21,17,38,9,85,0,0,13,0,13,21,17,51,9,98,8,0,8,106
07/01/2013,BGR,ME,ANE,EN,Combined TRACON& Tower with Radar,18,25,32,22,97,0,1,8,2,11,18,26,40,24,108,33,4,37,145
07/02/2013,BGR,ME,ANE,EN,Combined TRACON& Tower with Radar,28,34,27,18,107,0,0,2,0,2,28,34,29,18,109,0,0,0,109
07/03/2013,BGR,ME,ANE,EN,Combined TRACON& Tower with Radar,17,25,36,19,97,0,1,32,1,34,17,26,68,20,131,10,6,16,147
07/04/2013,BGR,ME,ANE,EN,Combined TRACON& Tower with Radar,15,13,11,4,43,0,5,27,0,32,15,18,38,4,75,60,0,60,135
07/05/2013,BGR,ME,ANE,EN,Combined TRACON& Tower with Radar,14,20,9,25,68,0,0,25,5,30,14,20,34,30,98,42,8,50,148
07/06/2013,BGR,ME,ANE,EN,Combined TRACON& Tower with Radar,22,21,24,11,78,0,1,23,0,24,22,22,47,11,102,0,0,0,102
07/07/2013,BGR,ME,ANE,EN,Combined TRACON& Tower with Radar,22,21,40,7,90,0,5,24,1,30,22,26,64,8,120,0,2,2,122
07/08/2013,BGR,ME,ANE,EN,Combined TRACON& Tower with Radar,22,27,46,30,125,0,2,11,6,19,22,29,57,36,144,0,10,10,154
07/09/2013,BGR,ME,ANE,EN,Combined TRACON& Tower with Radar,24,36,26,38,124,0,1,15,4,20,24,37,41,42,144,5,0,5,149
07/10/2013,BGR,ME,ANE,EN,Combined TRACON& Tower with Radar,23,28,38,39,128,0,0,4,2,6,23,28,42,41,134,26,4,30,164
07/11/2013,BGR,ME,ANE,EN,Combined TRACON& Tower with Radar,20,31,19,42,112,0,11,11,13,35,20,42,30,55,147,10,6,16,163
07/12/2013,BGR,ME,ANE,EN,Combined TRACON& Tower with Radar,22,25,19,36,102,0,5,28,21,54,22,30,47,57,156,4,10,14,170
07/13/2013,BGR,ME,ANE,EN,Combined TRACON& Tower with Radar,22,24,21,4,71,0,0,30,0,30,22,24,51,4,101,0,0,0,101
07/14/2013,BGR,ME,ANE,EN,Combined TRACON& Tower with Radar,21,22,23,11,77,0,2,28,1,31,21,24,51,12,108,6,0,6,114
07/15/2013,BGR,ME,ANE,EN,Combined TRACON& Tower with Radar,21,23,24,30,98,0,4,11,8,23,21,27,35,38,121,0,8,8,129
07/16/2013,BGR,ME,ANE,EN,Combined TRACON& Tower with Radar,20,26,18,35,99,0,6,28,28,62,20,32,46,63,161,0,24,24,185
07/17/2013,BGR,ME,ANE,EN,Combined TRACON& Tower with Radar,21,24,42,28,115,0,3,30,9,42,21,27,72,37,157,35,12,47,204
07/18/2013,BGR,ME,ANE,EN,Combined TRACON& Tower with Radar,22,28,21,19,90,0,5,27,31,63,22,33,48,50,153,34,12,46,199
07/19/2013,BGR,ME,ANE,EN,Combined TRACON& Tower with Radar,17,25,30,14,86,0,2,14,1,17,17,27,44,15,103,0,4,4,107
07/20/2013,BGR,ME,ANE,EN,Combined TRACON& Tower with Radar,21,24,23,7,75,0,2,11,0,13,21,26,34,7,88,6,0,6,94
07/21/2013,BGR,ME,ANE,EN,Combined TRACON& Tower with Radar,26,17,43,10,96,0,0,30,0,30,26,17,73,10,126,6,0,6,132
07/22/2013,BGR,ME,ANE,EN,Combined TRACON& Tower with Radar,17,19,30,26,92,0,3,39,4,46,17,22,69,30,138,2,2,4,142
07/23/2013,BGR,ME,ANE,EN,Combined TRACON& Tower with Radar,21,42,27,34,124,0,1,0,0,1,21,43,27,34,125,0,0,0,125
07/24/2013,BGR,ME,ANE,EN,Combined TRACON& Tower with Radar,19,29,17,42,107,0,0,8,2,10,19,29,25,44,117,0,4,4,121
07/25/2013,BGR,ME,ANE,EN,Combined TRACON& Tower with Radar,25,22,43,20,110,0,0,28,18,46,25,22,71,38,156,2,22,24,180
07/26/2013,BGR,ME,ANE,EN,Combined TRACON& Tower with Radar,22,31,19,18,90,0,0,0,0,0,22,31,19,18,90,0,0,0,90
07/27/2013,BGR,ME,ANE,EN,Combined TRACON& Tower with Radar,23,25,18,4,70,0,0,21,0,21,23,25,39,4,91,16,0,16,107
07/28/2013,BGR,ME,ANE,EN,Combined TRACON& Tower with Radar,23,24,19,5,71,0,0,20,0,20,23,24,39,5,91,0,0,0,91
07/29/2013,BGR,ME,ANE,EN,Combined TRACON& Tower with Radar,22,26,21,35,104,0,0,6,0,6,22,26,27,35,110,0,0,0,110
07/30/2013,BGR,ME,ANE,EN,Combined TRACON& Tower with Radar,20,31,28,46,125,0,1,18,20,39,20,32,46,66,164,19,15,34,198
07/31/2013,BGR,ME,ANE,EN,Combined TRACON& Tower with Radar,18,32,27,21,98,0,1,20,12,33,18,33,47,33,131,6,0,6,137
08/01/2013,BGR,ME,ANE,EN,Combined TRACON& Tower with Radar,20,33,27,26,106,0,2,19,15,36,20,35,46,41,142,0,0,0,142
08/02/2013,BGR,ME,ANE,EN,Combined TRACON& Tower with Radar,24,27,44,16,111,0,0,8,1,9,24,27,52,17,120,2,4,6,126
08/03/2013,BGR,ME,ANE,EN,Combined TRACON& Tower with Radar,26,27,28,18,99,0,0,19,5,24,26,27,47,23,123,12,0,12,135
08/04/2013,BGR,ME,ANE,EN,Combined TRACON& Tower with Radar,26,24,13,22,85,0,0,7,6,13,26,24,20,28,98,0,0,0,98
08/05/2013,BGR,ME,ANE,EN,Combined TRACON& Tower with Radar,24,24,24,31,103,0,0,16,9,25,24,24,40,40,128,28,8,36,164
08/06/2013,BGR,ME,ANE,EN,Combined TRACON& Tower with Radar,16,20,18,35,89,0,10,31,15,56,16,30,49,50,145,0,18,18,163
08/07/2013,BGR,ME,ANE,EN,Combined TRACON& Tower with Radar,17,19,30,33,99,0,4,28,8,40,17,23,58,41,139,26,18,44,183
08/08/2013,BGR,ME,ANE,EN,Combined TRACON& Tower with Radar,21,35,50,33,139,0,0,2,0,2,21,35,52,33,141,0,0,0,141
08/09/2013,BGR,ME,ANE,EN,Combined TRACON& Tower with Radar,24,31,28,4,87,0,0,0,0,0,24,31,28,4,87,0,0,0,87
08/10/2013,BGR,ME,ANE,EN,Combined TRACON& Tower with Radar,21,28,22,4,75,0,3,27,0,30,21,31,49,4,105,4,0,4,109
08/11/2013,BGR,ME,ANE,EN,Combined TRACON& Tower with Radar,31,28,33,2,94,0,5,37,0,42,31,33,70,2,136,0,0,0,136
08/12/2013,BGR,ME,ANE,EN,Combined TRACON& Tower with Radar,24,31,23,22,100,0,4,32,8,44,24,35,55,30,144,36,12,48,192
08/13/2013,BGR,ME,ANE,EN,Combined TRACON& Tower with Radar,17,24,29,28,98,0,1,24,11,36,17,25,53,39,134,0,24,24,158
08/14/2013,BGR,ME,ANE,EN,Combined TRACON& Tower with Radar,22,31,22,25,100,0,1,19,4,24,22,32,41,29,124,10,2,12,136
08/15/2013,BGR,ME,ANE,EN,Combined TRACON& Tower with Radar,25,24,30,47,126,1,5,35,25,66,26,29,65,72,192,14,36,50,242
08/16/2013,BGR,ME,ANE,EN,Combined TRACON& Tower with Radar,23,26,19,14,82,0,5,43,6,54,23,31,62,20,136,12,0,12,148
08/17/2013,BGR,ME,ANE,EN,Combined TRACON& Tower with Radar,19,30,31,2,82,0,7,32,1,40,19,37,63,3,122,0,0,0,122
08/18/2013,BGR,ME,ANE,EN,Combined TRACON& Tower with Radar,24,19,26,6,75,0,4,30,0,34,24,23,56,6,109,2,0,2,111
08/19/2013,BGR,ME,ANE,EN,Combined TRACON& Tower with Radar,19,30,34,36,119,0,0,31,12,43,19,30,65,48,162,0,12,12,174
08/20/2013,BGR,ME,ANE,EN,Combined TRACON& Tower with Radar,15,28,17,21,81,0,2,23,11,36,15,30,40,32,117,8,10,18,135
08/21/2013,BGR,ME,ANE,EN,Combined TRACON& Tower with Radar,19,29,11,29,88,0,4,30,15,49,19,33,41,44,137,0,8,8,145
08/22/2013,BGR,ME,ANE,EN,Combined TRACON& Tower with Radar,19,25,13,35,92,0,2,32,23,57,19,27,45,58,149,18,24,42,191
08/23/2013,BGR,ME,ANE,EN,Combined TRACON& Tower with Radar,20,32,29,38,119,0,0,20,14,34,20,32,49,52,153,12,0,12,165
08/24/2013,BGR,ME,ANE,EN,Combined TRACON& Tower with Radar,26,20,24,8,78,0,1,33,3,37,26,21,57,11,115,16,0,16,131
08/25/2013,BGR,ME,ANE,EN,Combined TRACON& Tower with Radar,23,29,28,4,84,0,1,25,0,26,23,30,53,4,110,16,0,16,126
08/26/2013,BGR,ME,ANE,EN,Combined TRACON& Tower with Radar,15,26,12,35,88,0,3,11,4,18,15,29,23,39,106,0,18,18,124
08/27/2013,BGR,ME,ANE,EN,Combined TRACON& Tower with Radar,16,31,26,45,118,0,5,31,27,63,16,36,57,72,181,17,21,38,219
08/28/2013,BGR,ME,ANE,EN,Combined TRACON& Tower with Radar,17,25,34,15,91,0,5,16,8,29,17,30,50,23,120,8,2,10,130
08/29/2013,BGR,ME,ANE,EN,Combined TRACON& Tower with Radar,18,30,25,57,130,0,4,6,17,27,18,34,31,74,157,0,8,8,165
08/30/2013,BGR,ME,ANE,EN,Combined TRACON& Tower with Radar,20,23,42,22,107,0,0,31,3,34,20,23,73,25,141,12,6,18,159
08/31/2013,BGR,ME,ANE,EN,Combined TRACON& Tower with Radar,26,17,20,7,70,0,0,5,0,5,26,17,25,7,75,0,0,0,75
09/01/2013,BGR,ME,ANE,EN,Combined TRACON& Tower with Radar,21,17,9,7,54,0,0,9,0,9,21,17,18,7,63,18,0,18,81
09/02/2013,BGR,ME,ANE,EN,Combined TRACON& Tower with Radar,21,15,29,2,67,0,0,0,0,0,21,15,29,2,67,0,0,0,67
09/03/2013,BGR,ME,ANE,EN,Combined TRACON& Tower with Radar,17,27,40,24,108,0,0,9,9,18,17,27,49,33,126,4,12,16,142
09/04/2013,BGR,ME,ANE,EN,Combined TRACON& Tower with Radar,18,24,24,31,97,0,2,35,9,46,18,26,59,40,143,12,6,18,161
09/05/2013,BGR,ME,ANE,EN,Combined TRACON& Tower with Radar,16,24,35,41,116,0,5,24,21,50,16,29,59,62,166,2,22,24,190
09/06/2013,BGR,ME,ANE,EN,Combined TRACON& Tower with Radar,12,27,34,24,97,0,11,49,9,69,12,38,83,33,166,22,12,34,200
09/07/2013,BGR,ME,ANE,EN,Combined TRACON& Tower with Radar,20,24,29,11,84,0,4,23,1,28,20,28,52,12,112,0,0,0,112
09/08/2013,BGR,ME,ANE,EN,Combined TRACON& Tower with Radar,24,11,34,0,69,0,1,7,0,8,24,12,41,0,77,0,0,0,77
09/09/2013,BGR,ME,ANE,EN,Combined TRACON& Tower with Radar,15,18,20,39,92,0,5,28,5,38,15,23,48,44,130,2,12,14,144
09/10/2013,BGR,ME,ANE,EN,Combined TRACON& Tower with Radar,17,22,25,23,87,0,1,7,5,13,17,23,32,28,100,0,12,12,112
09/11/2013,BGR,ME,ANE,EN,Combined TRACON& Tower with Radar,12,28,25,28,93,0,0,20,7,27,12,28,45,35,120,4,10,14,134
09/12/2013,BGR,ME,ANE,EN,Combined TRACON& Tower with Radar,14,17,30,15,76,0,3,6,2,11,14,20,36,17,87,0,6,6,93
09/13/2013,BGR,ME,ANE,EN,Combined TRACON& Tower with Radar,20,31,24,19,94,0,0,2,0,2,20,31,26,19,96,0,0,0,96
09/14/2013,BGR,ME,ANE,EN,Combined TRACON& Tower with Radar,17,18,16,11,62,0,2,14,10,26,17,20,30,21,88,40,12,52,140
09/15/2013,BGR,ME,ANE,EN,Combined TRACON& Tower with Radar,23,14,29,13,79,0,1,38,1,40,23,15,67,14,119,0,0,0,119
09/16/2013,BGR,ME,ANE,EN,Combined TRACON& Tower with Radar,12,23,25,21,81,0,0,13,6,19,12,23,38,27,100,0,8,8,108
09/17/2013,BGR,ME,ANE,EN,Combined TRACON& Tower with Radar,23,21,13,15,72,0,2,27,10,39,23,23,40,25,111,20,10,30,141
09/18/2013,BGR,ME,ANE,EN,Combined TRACON& Tower with Radar,33,23,39,27,122,0,1,29,4,34,33,24,68,31,156,0,14,14,170
09/19/2013,BGR,ME,ANE,EN,Combined TRACON& Tower with Radar,15,22,27,32,96,0,6,33,13,52,15,28,60,45,148,4,16,20,168
09/20/2013,BGR,ME,ANE,EN,Combined TRACON& Tower with Radar,15,24,39,22,100,0,1,39,6,46,15,25,78,28,146,10,8,18,164
09/21/2013,BGR,ME,ANE,EN,Combined TRACON& Tower with Radar,27,25,29,8,89,1,2,13,0,16,28,27,42,8,105,2,0,2,107
09/22/2013,BGR,ME,ANE,EN,Combined TRACON& Tower with Radar,22,20,35,14,91,0,0,4,0,4,22,20,39,14,95,0,0,0,95
09/23/2013,BGR,ME,ANE,EN,Combined TRACON& Tower with Radar,17,23,13,35,88,0,2,8,5,15,17,25,21,40,103,0,4,4,107
09/24/2013,BGR,ME,ANE,EN,Combined TRACON& Tower with Radar,12,23,23,38,96,0,4,6,9,19,12,27,29,47,115,4,10,14,129
09/25/2013,BGR,ME,ANE,EN,Combined TRACON& Tower with Radar,16,33,30,26,105,0,0,16,9,25,16,33,46,35,130,24,2,26,156
09/26/2013,BGR,ME,ANE,EN,Combined TRACON& Tower with Radar,21,23,40,33,117,0,0,18,4,22,21,23,58,37,139,20,4,24,163
09/27/2013,BGR,ME,ANE,EN,Combined TRACON& Tower with Radar,21,26,21,42,110,0,1,37,4,42,21,27,58,46,152,22,0,22,174
09/28/2013,BGR,ME,ANE,EN,Combined TRACON& Tower with Radar,24,16,22,14,76,0,1,24,0,25,24,17,46,14,101,0,0,0,101
09/29/2013,BGR,ME,ANE,EN,Combined TRACON& Tower with Radar,23,34,26,3,86,0,0,28,0,28,23,34,54,3,114,0,0,0,114
09/30/2013,BGR,ME,ANE,EN,Combined TRACON& Tower with Radar,15,25,18,26,84,0,1,19,4,24,15,26,37,30,108,0,22,22,130
10/01/2013,BGR,ME,ANE,EN,Combined TRACON& Tower with Radar,20,21,12,11,64,0,1,31,0,32,20,22,43,11,96,0,0,0,96
10/02/2013,BGR,ME,ANE,EN,Combined TRACON& Tower with Radar,16,26,36,10,88,0,1,13,0,14,16,27,49,10,102,0,0,0,102
10/03/2013,BGR,ME,ANE,EN,Combined TRACON& Tower with Radar,14,23,23,15,75,0,1,29,0,30,14,24,52,15,105,0,0,0,105
10/04/2013,BGR,ME,ANE,EN,Combined TRACON& Tower with Radar,20,24,15,14,73,0,2,21,2,25,20,26,36,16,98,6,0,6,104
10/05/2013,BGR,ME,ANE,EN,Combined TRACON& Tower with Radar,20,25,15,21,81,0,1,29,0,30,20,26,44,21,111,26,0,26,137
10/06/2013,BGR,ME,ANE,EN,Combined TRACON& Tower with Radar,24,20,21,18,83,0,0,30,0,30,24,20,51,18,113,20,0,20,133
10/07/2013,BGR,ME,ANE,EN,Combined TRACON& Tower with Radar,17,19,14,28,78,0,0,0,0,0,17,19,14,28,78,0,0,0,78
10/08/2013,BGR,ME,ANE,EN,Combined TRACON& Tower with Radar,15,20,10,33,78,0,0,26,4,30,15,20,36,37,108,14,8,22,130
10/09/2013,BGR,ME,ANE,EN,Combined TRACON& Tower with Radar,18,17,35,24,94,0,1,41,4,46,18,18,76,28,140,6,4,10,150
10/10/2013,BGR,ME,ANE,EN,Combined TRACON& Tower with Radar,19,23,14,22,78,0,5,24,4,33,19,28,38,26,111,4,12,16,127
10/11/2013,BGR,ME,ANE,EN,Combined TRACON& Tower with Radar,19,21,29,16,85,0,1,31,5,37,19,22,60,21,122,8,6,14,136
10/12/2013,BGR,ME,ANE,EN,Combined TRACON& Tower with Radar,25,19,25,5,74,0,7,20,0,27,25,26,45,5,101,0,0,0,101
10/13/2013,BGR,ME,ANE,EN,Combined TRACON& Tower with Radar,24,16,18,11,69,0,0,29,0,29,24,16,47,11,98,6,0,6,104
10/14/2013,BGR,ME,ANE,EN,Combined TRACON& Tower with Radar,15,21,19,0,55,0,0,29,0,29,15,21,48,0,84,16,0,16,100
10/15/2013,BGR,ME,ANE,EN,Combined TRACON& Tower with Radar,14,25,22,11,72,0,1,25,6,32,14,26,47,17,104,8,4,12,116
10/16/2013,BGR,ME,ANE,EN,Combined TRACON& Tower with Radar,25,29,32,14,100,0,4,7,11,22,25,33,39,25,122,0,6,6,128
10/17/2013,BGR,ME,ANE,EN,Combined TRACON& Tower with Radar,16,26,26,9,77,0,1,14,0,15,16,27,40,9,92,0,0,0,92
10/18/2013,BGR,ME,ANE,EN,Combined TRACON& Tower with Radar,14,24,22,28,88,0,0,4,2,6,14,24,26,30,94,0,0,0,94
10/19/2013,BGR,ME,ANE,EN,Combined TRACON& Tower with Radar,20,19,16,6,61,0,2,36,0,38,20,21,52,6,99,0,0,0,99
10/20/2013,BGR,ME,ANE,EN,Combined TRACON& Tower with Radar,21,13,8,2,44,0,1,15,0,16,21,14,23,2,60,0,0,0,60
10/21/2013,BGR,ME,ANE,EN,Combined TRACON& Tower with Radar,23,27,20,34,104,0,3,17,13,33,23,30,37,47,137,2,10,12,149
10/22/2013,BGR,ME,ANE,EN,Combined TRACON& Tower with Radar,13,28,19,33,93,0,1,11,11,23,13,29,30,44,116,0,0,0,116
10/23/2013,BGR,ME,ANE,EN,Combined TRACON& Tower with Radar,16,26,39,30,111,0,3,24,13,40,16,29,63,43,151,4,8,12,163
10/24/2013,BGR,ME,ANE,EN,Combined TRACON& Tower with Radar,16,27,19,32,94,0,8,17,11,36,16,35,36,43,130,20,2,22,152
10/25/2013,BGR,ME,ANE,EN,Combined TRACON& Tower with Radar,22,21,13,22,78,0,0,33,3,36,22,21,46,25,114,0,4,4,118
10/26/2013,BGR,ME,ANE,EN,Combined TRACON& Tower with Radar,20,22,17,7,66,0,0,22,0,22,20,22,39,7,88,12,0,12,100
10/27/2013,BGR,ME,ANE,EN,Combined TRACON& Tower with Radar,16,17,6,6,45,0,1,17,1,19,16,18,23,7,64,0,0,0,64
10/28/2013,BGR,ME,ANE,EN,Combined TRACON& Tower with Radar,22,18,19,20,79,0,0,15,5,20,22,18,34,25,99,0,16,16,115
10/29/2013,BGR,ME,ANE,EN,Combined TRACON& Tower with Radar,18,18,14,32,82,0,3,35,6,44,18,21,49,38,126,22,0,22,148
10/30/2013,BGR,ME,ANE,EN,Combined TRACON& Tower with Radar,20,18,28,21,87,0,2,38,6,46,20,20,66,27,133,24,12,36,169
10/31/2013,BGR,ME,ANE,EN,Combined TRACON& Tower with Radar,16,22,27,10,75,0,1,13,2,16,16,23,40,12,91,0,22,22,113
11/01/2013,BGR,ME,ANE,EN,Combined TRACON& Tower with Radar,13,21,9,2,45,0,1,1,0,2,13,22,10,2,47,0,0,0,47
11/02/2013,BGR,ME,ANE,EN,Combined TRACON& Tower with Radar,25,10,21,19,75,0,0,22,7,29,25,10,43,26,104,0,0,0,104
11/03/2013,BGR,ME,ANE,EN,Combined TRACON& Tower with Radar,23,17,23,8,71,0,2,11,4,17,23,19,34,12,88,8,0,8,96
11/04/2013,BGR,ME,ANE,EN,Combined TRACON& Tower with Radar,18,15,9,24,66,0,0,18,6,24,18,15,27,30,90,0,0,0,90
11/05/2013,BGR,ME,ANE,EN,Combined TRACON& Tower with Radar,15,18,11,25,69,0,14,16,5,35,15,32,27,30,104,2,20,22,126
11/06/2013,BGR,ME,ANE,EN,Combined TRACON& Tower with Radar,23,18,28,10,79,0,11,26,11,48,23,29,54,21,127,0,22,22,149
11/07/2013,BGR,ME,ANE,EN,Combined TRACON& Tower with Radar,20,23,28,25,96,0,0,0,1,1,20,23,28,26,97,0,6,6,103
11/08/2013,BGR,ME,ANE,EN,Combined TRACON& Tower with Radar,16,18,27,31,92,0,1,12,15,28,16,19,39,46,120,0,8,8,128
11/09/2013,BGR,ME,ANE,EN,Combined TRACON& Tower with Radar,15,14,10,3,42,0,1,17,0,18,15,15,27,3,60,2,0,2,62
11/10/2013,BGR,ME,ANE,EN,Combined TRACON& Tower with Radar,19,10,17,2,48,0,0,0,0,0,19,10,17,2,48,0,0,0,48
11/11/2013,BGR,ME,ANE,EN,Combined TRACON& Tower with Radar,13,15,24,8,60,0,2,17,0,19,13,17,41,8,79,0,0,0,79
11/12/2013,BGR,ME,ANE,EN,Combined TRACON& Tower with Radar,15,20,20,31,86,0,4,15,3,22,15,24,35,34,108,16,2,18,126
11/13/2013,BGR,ME,ANE,EN,Combined TRACON& Tower with Radar,20,15,19,11,65,0,3,7,7,17,20,18,26,18,82,0,22,22,104
11/14/2013,BGR,ME,ANE,EN,Combined TRACON& Tower with Radar,21,17,22,35,95,0,5,17,14,36,21,22,39,49,131,0,10,10,141
11/15/2013,BGR,ME,ANE,EN,Combined TRACON& Tower with Radar,14,15,21,21,71,0,4,19,7,30,14,19,40,28,101,12,10,22,123
11/16/2013,BGR,ME,ANE,EN,Combined TRACON& Tower with Radar,16,14,17,12,59,0,2,19,0,21,16,16,36,12,80,30,0,30,110
11/17/2013,BGR,ME,ANE,EN,Combined TRACON& Tower with Radar,18,14,11,10,53,0,1,6,0,7,18,15,17,10,60,0,0,0,60
11/18/2013,BGR,ME,ANE,EN,Combined TRACON& Tower with Radar,10,21,10,11,52,0,1,9,3,13,10,22,19,14,65,0,10,10,75
11/19/2013,BGR,ME,ANE,EN,Combined TRACON& Tower with Radar,14,32,14,25,85,0,5,5,7,17,14,37,19,32,102,0,6,6,108
11/20/2013,BGR,ME,ANE,EN,Combined TRACON& Tower with Radar,21,26,28,11,86,0,3,14,9,26,21,29,42,20,112,10,26,36,148
11/21/2013,BGR,ME,ANE,EN,Combined TRACON& Tower with Radar,18,18,37,14,87,0,6,40,6,52,18,24,77,20,139,0,14,14,153
11/22/2013,BGR,ME,ANE,EN,Combined TRACON& Tower with Radar,15,21,25,19,80,0,0,6,1,7,15,21,31,20,87,0,6,6,93
11/23/2013,BGR,ME,ANE,EN,Combined TRACON& Tower with Radar,16,14,13,3,46,0,0,8,0,8,16,14,21,3,54,0,0,0,54
11/24/2013,BGR,ME,ANE,EN,Combined TRACON& Tower with Radar,22,16,10,8,56,0,0,1,0,1,22,16,11,8,57,0,0,0,57
11/25/2013,BGR,ME,ANE,EN,Combined TRACON& Tower with Radar,18,15,11,15,59,0,3,10,2,15,18,18,21,17,74,0,2,2,76
11/26/2013,BGR,ME,ANE,EN,Combined TRACON& Tower with Radar,16,23,21,31,91,0,3,5,7,15,16,26,26,38,106,0,18,18,124
11/27/2013,BGR,ME,ANE,EN,Combined TRACON& Tower with Radar,18,18,3,1,40,0,0,0,0,0,18,18,3,1,40,0,0,0,40
11/28/2013,BGR,ME,ANE,EN,Combined TRACON& Tower with Radar,6,5,8,1,20,0,0,4,0,4,6,5,12,1,24,0,0,0,24
11/29/2013,BGR,ME,ANE,EN,Combined TRACON& Tower with Radar,4,16,21,4,45,0,2,25,0,27,4,18,46,4,72,0,0,0,72
11/30/2013,BGR,ME,ANE,EN,Combined TRACON& Tower with Radar,21,15,13,4,53,0,2,22,0,24,21,17,35,4,77,10,0,10,87
12/01/2013,BGR,ME,ANE,EN,Combined TRACON& Tower with Radar,14,14,14,4,46,0,0,0,0,0,14,14,14,4,46,0,0,0,46
12/02/2013,BGR,ME,ANE,EN,Combined TRACON& Tower with Radar,15,14,13,11,53,0,0,0,0,0,15,14,13,11,53,0,0,0,53
12/03/2013,BGR,ME,ANE,EN,Combined TRACON& Tower with Radar,9,20,28,13,70,0,0,1,0,1,9,20,29,13,71,0,2,2,73
12/04/2013,BGR,ME,ANE,EN,Combined TRACON& Tower with Radar,15,21,6,11,53,0,4,12,6,22,15,25,18,17,75,12,10,22,97
12/05/2013,BGR,ME,ANE,EN,Combined TRACON& Tower with Radar,13,20,45,32,110,0,2,3,5,10,13,22,48,37,120,0,0,0,120
12/06/2013,BGR,ME,ANE,EN,Combined TRACON& Tower with Radar,15,22,18,46,101,0,6,6,6,18,15,28,24,52,119,0,2,2,121
12/07/2013,BGR,ME,ANE,EN,Combined TRACON& Tower with Radar,22,14,15,31,82,0,1,10,3,14,22,15,25,34,96,4,38,42,138
12/08/2013,BGR,ME,ANE,EN,Combined TRACON& Tower with Radar,17,13,18,15,63,0,1,23,0,24,17,14,41,15,87,16,0,16,103
12/09/2013,BGR,ME,ANE,EN,Combined TRACON& Tower with Radar,11,12,11,20,54,0,1,0,2,3,11,13,11,22,57,0,0,0,57
12/10/2013,BGR,ME,ANE,EN,Combined TRACON& Tower with Radar,8,20,20,27,75,0,2,10,10,22,8,22,30,37,97,10,8,18,115
12/11/2013,BGR,ME,ANE,EN,Combined TRACON& Tower with Radar,16,16,17,31,80,0,0,5,7,12,16,16,22,38,92,0,16,16,108
12/12/2013,BGR,ME,ANE,EN,Combined TRACON& Tower with Radar,11,16,20,19,66,0,6,18,9,33,11,22,38,28,99,8,4,12,111
12/13/2013,BGR,ME,ANE,EN,Combined TRACON& Tower with Radar,14,17,20,17,68,0,1,11,1,13,14,18,31,18,81,0,0,0,81
12/14/2013,BGR,ME,ANE,EN,Combined TRACON& Tower with Radar,15,18,11,1,45,0,3,2,0,5,15,21,13,1,50,16,0,16,66
12/15/2013,BGR,ME,ANE,EN,Combined TRACON& Tower with Radar,8,2,1,2,13,0,0,0,0,0,8,2,1,2,13,0,0,0,13
12/16/2013,BGR,ME,ANE,EN,Combined TRACON& Tower with Radar,19,16,14,13,62,0,2,7,2,11,19,18,21,15,73,0,10,10,83
12/17/2013,BGR,ME,ANE,EN,Combined TRACON& Tower with Radar,14,22,8,13,57,0,1,6,3,10,14,23,14,16,67,0,2,2,69
12/18/2013,BGR,ME,ANE,EN,Combined TRACON& Tower with Radar,19,19,12,7,57,0,4,9,3,16,19,23,21,10,73,4,0,4,77
12/19/2013,BGR,ME,ANE,EN,Combined TRACON& Tower with Radar,21,23,23,16,83,0,4,13,12,29,21,27,36,28,112,0,0,0,112
12/20/2013,BGR,ME,ANE,EN,Combined TRACON& Tower with Radar,12,22,14,3,51,0,1,2,0,3,12,23,16,3,54,0,0,0,54
12/21/2013,BGR,ME,ANE,EN,Combined TRACON& Tower with Radar,16,20,10,0,46,0,2,1,0,3,16,22,11,0,49,0,0,0,49
12/22/2013,BGR,ME,ANE,EN,Combined TRACON& Tower with Radar,8,2,1,2,13,0,0,0,0,0,8,2,1,2,13,0,0,0,13
12/23/2013,BGR,ME,ANE,EN,Combined TRACON& Tower with Radar,12,6,6,2,26,0,0,0,0,0,12,6,6,2,26,0,0,0,26
12/24/2013,BGR,ME,ANE,EN,Combined TRACON& Tower with Radar,17,17,2,2,38,0,4,5,0,9,17,21,7,2,47,0,0,0,47
12/25/2013,BGR,ME,ANE,EN,Combined TRACON& Tower with Radar,13,4,5,2,24,0,3,1,0,4,13,7,6,2,28,0,0,0,28
12/26/2013,BGR,ME,ANE,EN,Combined TRACON& Tower with Radar,20,19,10,10,59,0,0,0,0,0,20,19,10,10,59,0,0,0,59
12/27/2013,BGR,ME,ANE,EN,Combined TRACON& Tower with Radar,12,24,11,11,58,0,3,14,2,19,12,27,25,13,77,28,4,32,109
12/28/2013,BGR,ME,ANE,EN,Combined TRACON& Tower with Radar,16,19,11,4,50,0,0,15,0,15,16,19,26,4,65,0,0,0,65
12/29/2013,BGR,ME,ANE,EN,Combined TRACON& Tower with Radar,15,14,0,0,29,0,1,1,0,2,15,15,1,0,31,0,0,0,31
12/30/2013,BGR,ME,ANE,EN,Combined TRACON& Tower with Radar,19,21,8,22,70,0,2,2,3,7,19,23,10,25,77,0,0,0,77
12/31/2013,BGR,ME,ANE,EN,Combined TRACON& Tower with Radar,13,16,9,4,42,0,7,13,0,20,13,23,22,4,62,0,0,0,62
01/01/2014,BGR,ME,ANE,EN,Combined TRACON& Tower with Radar,11,12,4,1,28,0,5,9,0,14,11,17,13,1,42,0,0,0,42
01/02/2014,BGR,ME,ANE,EN,Combined TRACON& Tower with Radar,19,22,8,14,63,0,4,1,0,5,19,26,9,14,68,0,0,0,68
01/03/2014,BGR,ME,ANE,EN,Combined TRACON& Tower with Radar,4,15,4,0,23,0,2,2,0,4,4,17,6,0,27,0,0,0,27
01/04/2014,BGR,ME,ANE,EN,Combined TRACON& Tower with Radar,11,16,25,18,70,0,4,13,3,20,11,20,38,21,90,0,18,18,108
01/05/2014,BGR,ME,ANE,EN,Combined TRACON& Tower with Radar,20,18,6,2,46,0,6,13,0,19,20,24,19,2,65,4,0,4,69
01/06/2014,BGR,ME,ANE,EN,Combined TRACON& Tower with Radar,12,20,4,4,40,0,0,0,0,0,12,20,4,4,40,0,0,0,40
01/07/2014,BGR,ME,ANE,EN,Combined TRACON& Tower with Radar,16,17,11,23,67,0,5,3,14,22,16,22,14,37,89,0,0,0,89
01/08/2014,BGR,ME,ANE,EN,Combined TRACON& Tower with Radar,11,23,23,25,82,0,7,14,10,31,11,30,37,35,113,4,13,17,130
01/09/2014,BGR,ME,ANE,EN,Combined TRACON& Tower with Radar,16,21,4,41,82,0,9,14,8,31,16,30,18,49,113,0,18,18,131
01/10/2014,BGR,ME,ANE,EN,Combined TRACON& Tower with Radar,11,19,17,44,91,0,1,21,6,28,11,20,38,50,119,4,27,31,150
01/11/2014,BGR,ME,ANE,EN,Combined TRACON& Tower with Radar,14,7,4,1,26,0,0,1,0,1,14,7,5,1,27,0,0,0,27
01/12/2014,BGR,ME,ANE,EN,Combined TRACON& Tower with Radar,15,16,6,3,40,0,1,0,0,1,15,17,6,3,41,0,0,0,41
01/13/2014,BGR,ME,ANE,EN,Combined TRACON& Tower with Radar,10,11,14,49,84,0,3,18,6,27,10,14,32,55,111,0,22,22,133
01/14/2014,BGR,ME,ANE,EN,Combined TRACON& Tower with Radar,16,19,24,55,114,0,0,1,0,1,16,19,25,55,115,0,0,0,115
01/15/2014,BGR,ME,ANE,EN,Combined TRACON& Tower with Radar,14,23,19,25,81,0,1,14,8,23,14,24,33,33,104,18,6,24,128
01/16/2014,BGR,ME,ANE,EN,Combined TRACON& Tower with Radar,11,18,12,61,102,0,0,0,0,0,11,18,12,61,102,0,0,0,102
01/17/2014,BGR,ME,ANE,EN,Combined TRACON& Tower with Radar,13,17,9,13,52,0,0,8,0,8,13,17,17,13,60,0,0,0,60
01/18/2014,BGR,ME,ANE,EN,Combined TRACON& Tower with Radar,15,11,16,6,48,0,1,10,0,11,15,12,26,6,59,4,0,4,63
01/19/2014,BGR,ME,ANE,EN,Combined TRACON& Tower with Radar,17,9,11,3,40,0,0,1,0,1,17,9,12,3,41,0,0,0,41
01/20/2014,BGR,ME,ANE,EN,Combined TRACON& Tower with Radar,10,14,21,4,49,0,0,5,0,5,10,14,26,4,54,0,0,0,54
01/21/2014,BGR,ME,ANE,EN,Combined TRACON& Tower with Radar,11,19,18,24,72,0,12,13,17,42,11,31,31,41,114,0,10,10,124
01/22/2014,BGR,ME,ANE,EN,Combined TRACON& Tower with Radar,8,20,5,17,50,0,3,3,0,6,8,23,8,17,56,0,0,0,56
01/23/2014,BGR,ME,ANE,EN,Combined TRACON& Tower with Radar,12,31,18,36,97,1,11,14,17,43,13,42,32,53,140,0,46,46,186
01/24/2014,BGR,ME,ANE,EN,Combined TRACON& Tower with Radar,14,17,29,20,80,0,5,12,7,24,14,22,41,27,104,12,12,24,128
01/25/2014,BGR,ME,ANE,EN,Combined TRACON& Tower with Radar,15,11,9,8,43,0,2,0,0,2,15,13,9,8,45,0,0,0,45
01/26/2014,BGR,ME,ANE,EN,Combined TRACON& Tower with Radar,15,14,18,2,49,0,3,2,0,5,15,17,20,2,54,0,0,0,54
01/27/2014,BGR,ME,ANE,EN,Combined TRACON& Tower with Radar,9,16,3,11,39,0,0,0,1,1,9,16,3,12,40,0,0,0,40
01/28/2014,BGR,ME,ANE,EN,Combined TRACON& Tower with Radar,10,19,9,24,62,0,5,11,16,32,10,24,20,40,94,0,0,0,94
01/29/2014,BGR,ME,ANE,EN,Combined TRACON& Tower with Radar,10,17,21,41,89,0,5,15,6,26,10,22,36,47,115,14,2,16,131
01/30/2014,BGR,ME,ANE,EN,Combined TRACON& Tower with Radar,14,24,23,21,82,0,5,20,9,34,14,29,43,30,116,4,0,4,120
01/31/2014,BGR,ME,ANE,EN,Combined TRACON& Tower with Radar,9,18,14,32,73,0,1,10,26,37,9,19,24,58,110,0,14,14,124
02/01/2014,BGR,ME,ANE,EN,Combined TRACON& Tower with Radar,11,13,8,16,48,0,2,9,18,29,11,15,17,34,77,6,18,24,101
02/02/2014,BGR,ME,ANE,EN,Combined TRACON& Tower with Radar,19,16,9,23,67,0,1,1,0,2,19,17,10,23,69,0,0,0,69
02/03/2014,BGR,ME,ANE,EN,Combined TRACON& Tower with Radar,12,13,15,29,69,0,0,30,3,33,12,13,45,32,102,8,8,16,118
02/04/2014,BGR,ME,ANE,EN,Combined TRACON& Tower with Radar,8,14,16,27,65,0,3,34,10,47,8,17,50,37,112,6,4,10,122
02/05/2014,BGR,ME,ANE,EN,Combined TRACON& Tower with Radar,15,15,5,1,36,0,1,0,0,1,15,16,5,1,37,0,0,0,37
02/06/2014,BGR,ME,ANE,EN,Combined TRACON& Tower with Radar,14,21,15,34,84,0,3,18,11,32,14,24,33,45,116,16,14,30,146
02/07/2014,BGR,ME,ANE,EN,Combined TRACON& Tower with Radar,12,20,25,36,93,0,2,18,6,26,12,22,43,42,119,0,6,6,125
02/08/2014,BGR,ME,ANE,EN,Combined TRACON& Tower with Radar,10,15,9,5,39,1,5,17,0,23,11,20,26,5,62,12,0,12,74
02/09/2014,BGR,ME,ANE,EN,Combined TRACON& Tower with Radar,17,10,9,15,51,0,2,13,0,15,17,12,22,15,66,4,0,4,70
02/10/2014,BGR,ME,ANE,EN,Combined TRACON& Tower with Radar,9,11,5,12,37,0,4,5,3,12,9,15,10,15,49,0,6,6,55
02/11/2014,BGR,ME,ANE,EN,Combined TRACON& Tower with Radar,10,17,9,17,53,0,5,18,6,29,10,22,27,23,82,0,0,0,82
02/12/2014,BGR,ME,ANE,EN,Combined TRACON& Tower with Radar,14,19,26,12,71,0,4,23,9,36,14,23,49,21,107,0,4,4,111
02/13/2014,BGR,ME,ANE,EN,Combined TRACON& Tower with Radar,7,5,10,18,40,0,3,1,1,5,7,8,11,19,45,0,32,32,77
02/14/2014,BGR,ME,ANE,EN,Combined TRACON& Tower with Radar,3,17,6,5,31,0,0,2,0,2,3,17,8,5,33,0,0,0,33
02/15/2014,BGR,ME,ANE,EN,Combined TRACON& Tower with Radar,15,22,13,7,57,0,3,5,1,9,15,25,18,8,66,0,0,0,66
02/16/2014,BGR,ME,ANE,EN,Combined TRACON& Tower with Radar,14,7,10,0,31,0,3,3,0,6,14,10,13,0,37,0,0,0,37
02/17/2014,BGR,ME,ANE,EN,Combined TRACON& Tower with Radar,11,23,19,2,55,0,5,6,0,11,11,28,25,2,66,0,0,0,66
02/18/2014,BGR,ME,ANE,EN,Combined TRACON& Tower with Radar,15,17,11,31,74,0,3,3,4,10,15,20,14,35,84,0,12,12,96
02/19/2014,BGR,ME,ANE,EN,Combined TRACON& Tower with Radar,13,20,17,31,81,0,1,0,11,12,13,21,17,42,93,0,12,12,105
02/20/2014,BGR,ME,ANE,EN,Combined TRACON& Tower with Radar,13,25,14,25,77,0,5,9,13,27,13,30,23,38,104,4,6,10,114
02/21/2014,BGR,ME,ANE,EN,Combined TRACON& Tower with Radar,17,19,6,4,46,0,0,0,0,0,17,19,6,4,46,0,0,0,46
02/22/2014,BGR,ME,ANE,EN,Combined TRACON& Tower with Radar,24,18,15,7,64,1,0,19,2,22,25,18,34,9,86,10,0,10,96
02/23/2014,BGR,ME,ANE,EN,Combined TRACON& Tower with Radar,14,17,18,7,56,0,0,16,0,16,14,17,34,7,72,6,0,6,78
02/24/2014,BGR,ME,ANE,EN,Combined TRACON& Tower with Radar,13,23,15,15,66,0,0,11,13,24,13,23,26,28,90,20,0,20,110
02/25/2014,BGR,ME,ANE,EN,Combined TRACON& Tower with Radar,16,20,21,28,85,0,2,10,16,28,16,22,31,44,113,0,0,0,113
02/26/2014,BGR,ME,ANE,EN,Combined TRACON& Tower with Radar,19,24,15,15,73,0,1,7,5,13,19,25,22,20,86,0,3,3,89
02/27/2014,BGR,ME,ANE,EN,Combined TRACON& Tower with Radar,23,19,16,5,63,0,6,9,11,26,23,25,25,16,89,22,8,30,119
02/28/2014,BGR,ME,ANE,EN,Combined TRACON& Tower with Radar,15,24,25,17,81,0,12,11,23,46,15,36,36,40,127,0,18,18,145
03/01/2014,BGR,ME,ANE,EN,Combined TRACON& Tower with Radar,26,16,12,24,78,0,2,9,21,32,26,18,21,45,110,4,0,4,114
03/02/2014,BGR,ME,ANE,EN,Combined TRACON& Tower with Radar,17,18,6,33,74,0,2,8,4,14,17,20,14,37,88,0,0,0,88
03/03/2014,BGR,ME,ANE,EN,Combined TRACON& Tower with Radar,9,14,5,38,66,0,6,8,15,29,9,20,13,53,95,6,8,14,109
03/04/2014,BGR,ME,ANE,EN,Combined TRACON& Tower with Radar,17,27,28,38,110,0,4,23,22,49,17,31,51,60,159,12,36,48,207
03/05/2014,BGR,ME,ANE,EN,Combined TRACON& Tower with Radar,14,20,22,43,99,0,7,7,13,27,14,27,29,56,126,4,14,18,144
03/06/2014,BGR,ME,ANE,EN,Combined TRACON& Tower with Radar,20,23,10,24,77,0,7,20,15,42,20,30,30,39,119,0,14,14,133
03/07/2014,BGR,ME,ANE,EN,Combined TRACON& Tower with Radar,8,15,22,31,76,0,3,21,13,37,8,18,43,44,113,8,18,26,139
03/08/2014,BGR,ME,ANE,EN,Combined TRACON& Tower with Radar,18,22,12,0,52,0,2,9,0,11,18,24,21,0,63,16,0,16,79
03/09/2014,BGR,ME,ANE,EN,Combined TRACON& Tower with Radar,21,12,9,10,52,0,0,9,0,9,21,12,18,10,61,20,0,20,81
03/10/2014,BGR,ME,ANE,EN,Combined TRACON& Tower with Radar,10,14,12,39,75,0,1,11,17,29,10,15,23,56,104,0,0,0,104
03/11/2014,BGR,ME,ANE,EN,Combined TRACON& Tower with Radar,16,19,19,43,97,0,2,5,15,22,16,21,24,58,119,18,32,50,169
03/12/2014,BGR,ME,ANE,EN,Combined TRACON& Tower with Radar,15,15,5,24,59,0,3,5,1,9,15,18,10,25,68,0,0,0,68
03/13/2014,BGR,ME,ANE,EN,Combined TRACON& Tower with Radar,13,13,6,2,34,0,2,0,0,2,13,15,6,2,36,0,0,0,36
03/14/2014,BGR,ME,ANE,EN,Combined TRACON& Tower with Radar,16,19,21,20,76,0,7,14,13,34,16,26,35,33,110,20,22,42,152
03/15/2014,BGR,ME,ANE,EN,Combined TRACON& Tower with Radar,19,18,15,7,59,0,0,0,0,0,19,18,15,7,59,26,0,26,85
03/16/2014,BGR,ME,ANE,EN,Combined TRACON& Tower with Radar,23,14,18,4,59,0,1,7,0,8,23,15,25,4,67,6,0,6,73
03/17/2014,BGR,ME,ANE,EN,Combined TRACON& Tower with Radar,12,17,12,61,102,0,3,13,8,24,12,20,25,69,126,0,18,18,144
03/18/2014,BGR,ME,ANE,EN,Combined TRACON& Tower with Radar,17,21,19,35,92,0,3,27,4,34,17,24,46,39,126,36,22,58,184
03/19/2014,BGR,ME,ANE,EN,Combined TRACON& Tower with Radar,15,21,17,45,98,0,1,17,9,27,15,22,34,54,125,0,12,12,137
03/20/2014,BGR,ME,ANE,EN,Combined TRACON& Tower with Radar,17,18,26,16,77,0,1,0,0,1,17,19,26,16,78,0,0,0,78
03/21/2014,BGR,ME,ANE,EN,Combined TRACON& Tower with Radar,13,18,7,26,64,0,0,11,7,18,13,18,18,33,82,0,16,16,98
03/22/2014,BGR,ME,ANE,EN,Combined TRACON& Tower with Radar,15,25,14,7,61,0,0,6,0,6,15,25,20,7,67,14,0,14,81
03/23/2014,BGR,ME,ANE,EN,Combined TRACON& Tower with Radar,20,14,11,14,59,0,2,33,2,37,20,16,44,16,96,34,0,34,130
03/24/2014,BGR,ME,ANE,EN,Combined TRACON& Tower with Radar,9,19,8,14,50,0,4,4,0,8,9,23,12,14,58,10,0,10,68
03/25/2014,BGR,ME,ANE,EN,Combined TRACON& Tower with Radar,17,17,22,25,81,0,10,22,15,47,17,27,44,40,128,4,2,6,134
03/26/2014,BGR,ME,ANE,EN,Combined TRACON& Tower with Radar,11,14,2,0,27,0,1,0,0,1,11,15,2,0,28,0,0,0,28
03/27/2014,BGR,ME,ANE,EN,Combined TRACON& Tower with Radar,12,18,22,43,95,0,6,12,21,39,12,24,34,64,134,6,16,22,156
03/28/2014,BGR,ME,ANE,EN,Combined TRACON& Tower with Radar,16,20,10,31,77,0,2,1,3,6,16,22,11,34,83,0,4,4,87
03/29/2014,BGR,ME,ANE,EN,Combined TRACON& Tower with Radar,14,26,17,15,72,0,3,21,1,25,14,29,38,16,97,18,0,18,115
03/30/2014,BGR,ME,ANE,EN,Combined TRACON& Tower with Radar,21,11,5,1,38,0,0,0,0,0,21,11,5,1,38,0,0,0,38
03/31/2014,BGR,ME,ANE,EN,Combined TRACON& Tower with Radar,15,13,11,5,44,0,0,0,0,0,15,13,11,5,44,0,0,0,44
04/01/2014,BGR,ME,ANE,EN,Combined TRACON& Tower with Radar,22,25,15,23,85,0,7,19,5,31,22,32,34,28,116,18,0,18,134
04/02/2014,BGR,ME,ANE,EN,Combined TRACON& Tower with Radar,18,22,18,27,85,0,0,24,4,28,18,22,42,31,113,0,6,6,119
04/03/2014,BGR,ME,ANE,EN,Combined TRACON& Tower with Radar,13,19,19,25,76,0,5,18,12,35,13,24,37,37,111,0,6,6,117
04/04/2014,BGR,ME,ANE,EN,Combined TRACON& Tower with Radar,10,22,17,8,57,0,6,23,18,47,10,28,40,26,104,42,16,58,162
04/05/2014,BGR,ME,ANE,EN,Combined TRACON& Tower with Radar,15,16,11,7,49,0,0,0,0,0,15,16,11,7,49,0,0,0,49
04/06/2014,BGR,ME,ANE,EN,Combined TRACON& Tower with Radar,16,12,10,12,50,0,1,6,12,19,16,13,16,24,69,15,6,21,90
04/07/2014,BGR,ME,ANE,EN,Combined TRACON& Tower with Radar,8,20,13,27,68,0,1,27,12,40,8,21,40,39,108,16,6,22,130
04/08/2014,BGR,ME,ANE,EN,Combined TRACON& Tower with Radar,19,21,15,13,68,0,0,0,0,0,19,21,15,13,68,0,0,0,68
04/09/2014,BGR,ME,ANE,EN,Combined TRACON& Tower with Radar,21,23,22,37,103,0,0,18,15,33,21,23,40,52,136,10,6,16,152
04/10/2014,BGR,ME,ANE,EN,Combined TRACON& Tower with Radar,16,22,17,41,96,0,2,25,26,53,16,24,42,67,149,18,38,56,205
04/11/2014,BGR,ME,ANE,EN,Combined TRACON& Tower with Radar,12,17,16,30,75,0,1,14,1,16,12,18,30,31,91,8,8,16,107
04/12/2014,BGR,ME,ANE,EN,Combined TRACON& Tower with Radar,18,15,18,3,54,0,0,22,0,22,18,15,40,3,76,10,0,10,86
04/13/2014,BGR,ME,ANE,EN,Combined TRACON& Tower with Radar,17,15,11,3,46,0,0,5,0,5,17,15,16,3,51,0,0,0,51
04/14/2014,BGR,ME,ANE,EN,Combined TRACON& Tower with Radar,13,19,16,14,62,0,3,12,1,16,13,22,28,15,78,4,4,8,86
04/15/2014,BGR,ME,ANE,EN,Combined TRACON& Tower with Radar,20,15,6,8,49,0,0,0,0,0,20,15,6,8,49,0,0,0,49
04/16/2014,BGR,ME,ANE,EN,Combined TRACON& Tower with Radar,15,22,19,30,86,0,4,5,5,14,15,26,24,35,100,0,8,8,108
04/17/2014,BGR,ME,ANE,EN,Combined TRACON& Tower with Radar,19,26,17,33,95,0,9,27,18,54,19,35,44,51,149,36,2,38,187
04/18/2014,BGR,ME,ANE,EN,Combined TRACON& Tower with Radar,11,24,25,17,77,0,5,21,2,28,11,29,46,19,105,4,4,8,113
04/19/2014,BGR,ME,ANE,EN,Combined TRACON& Tower with Radar,15,21,11,4,51,0,1,9,2,12,15,22,20,6,63,40,8,48,111
04/20/2014,BGR,ME,ANE,EN,Combined TRACON& Tower with Radar,14,16,11,6,47,0,3,14,0,17,14,19,25,6,64,0,0,0,64
04/21/2014,BGR,ME,ANE,EN,Combined TRACON& Tower with Radar,11,21,27,6,65,0,2,12,0,14,11,23,39,6,79,0,0,0,79
04/22/2014,BGR,ME,ANE,EN,Combined TRACON& Tower with Radar,18,20,15,36,89,0,2,15,14,31,18,22,30,50,120,18,20,38,158
04/23/2014,BGR,ME,ANE,EN,Combined TRACON& Tower with Radar,18,22,33,44,117,0,0,7,4,11,18,22,40,48,128,0,6,6,134
04/24/2014,BGR,ME,ANE,EN,Combined TRACON& Tower with Radar,17,22,24,14,77,0,0,1,0,1,17,22,25,14,78,0,0,0,78
04/25/2014,BGR,ME,ANE,EN,Combined TRACON& Tower with Radar,10,24,17,21,72,0,0,17,11,28,10,24,34,32,100,6,14,20,120
04/26/2014,BGR,ME,ANE,EN,Combined TRACON& Tower with Radar,18,21,18,1,58,0,0,9,0,9,18,21,27,1,67,6,0,6,73
04/27/2014,BGR,ME,ANE,EN,Combined TRACON& Tower with Radar,19,12,8,9,48,0,0,1,0,1,19,12,9,9,49,0,0,0,49
04/28/2014,BGR,ME,ANE,EN,Combined TRACON& Tower with Radar,14,16,16,23,69,0,0,7,5,12,14,16,23,28,81,0,0,0,81
04/29/2014,BGR,ME,ANE,EN,Combined TRACON& Tower with Radar,17,20,27,19,83,0,1,15,22,38,17,21,42,41,121,0,6,6,127
04/30/2014,BGR,ME,ANE,EN,Combined TRACON& Tower with Radar,15,23,40,9,87,0,0,22,12,34,15,23,62,21,121,16,2,18,139
05/01/2014,BGR,ME,ANE,EN,Combined TRACON& Tower with Radar,16,22,25,11,74,0,0,0,0,0,16,22,25,11,74,0,0,0,74
05/02/2014,BGR,ME,ANE,EN,Combined TRACON& Tower with Radar,21,20,17,9,67,0,0,15,2,17,21,20,32,11,84,0,2,2,86
05/03/2014,BGR,ME,ANE,EN,Combined TRACON& Tower with Radar,14,19,20,19,72,0,0,25,18,43,14,19,45,37,115,2,2,4,119
05/04/2014,BGR,ME,ANE,EN,Combined TRACON& Tower with Radar,18,13,17,14,62,0,0,0,3,3,18,13,17,17,65,0,0,0,65
05/05/2014,BGR,ME,ANE,EN,Combined TRACON& Tower with Radar,19,16,9,26,70,1,2,18,26,47,20,18,27,52,117,12,32,44,161
05/06/2014,BGR,ME,ANE,EN,Combined TRACON& Tower with Radar,14,25,20,55,114,0,4,18,25,47,14,29,38,80,161,13,10,23,184
05/07/2014,BGR,ME,ANE,EN,Combined TRACON& Tower with Radar,12,19,15,43,89,0,4,28,9,41,12,23,43,52,130,17,12,29,159
05/08/2014,BGR,ME,ANE,EN,Combined TRACON& Tower with Radar,18,23,29,15,85,0,2,33,19,54,18,25,62,34,139,6,4,10,149
05/09/2014,BGR,ME,ANE,EN,Combined TRACON& Tower with Radar,16,27,21,59,123,0,2,20,17,39,16,29,41,76,162,0,2,2,164
05/10/2014,BGR,ME,ANE,EN,Combined TRACON& Tower with Radar,12,19,23,14,68,0,0,6,0,6,12,19,29,14,74,0,0,0,74
05/11/2014,BGR,ME,ANE,EN,Combined TRACON& Tower with Radar,16,17,12,7,52,0,0,14,2,16,16,17,26,9,68,4,0,4,72
05/12/2014,BGR,ME,ANE,EN,Combined TRACON& Tower with Radar,12,20,12,15,59,0,0,22,9,31,12,20,34,24,90,10,6,16,106
05/13/2014,BGR,ME,ANE,EN,Combined TRACON& Tower with Radar,12,18,16,24,70,0,1,21,16,38,12,19,37,40,108,22,0,22,130
05/14/2014,BGR,ME,ANE,EN,Combined TRACON& Tower with Radar,15,21,14,30,80,0,2,15,19,36,15,23,29,49,116,0,6,6,122
05/15/2014,BGR,ME,ANE,EN,Combined TRACON& Tower with Radar,18,22,29,25,94,0,1,9,4,14,18,23,38,29,108,0,2,2,110
05/16/2014,BGR,ME,ANE,EN,Combined TRACON& Tower with Radar,16,22,41,22,101,0,0,9,8,17,16,22,50,30,118,0,2,2,120
05/17/2014,BGR,ME,ANE,EN,Combined TRACON& Tower with Radar,14,16,18,19,67,0,0,0,0,0,14,16,18,19,67,0,0,0,67
05/18/2014,BGR,ME,ANE,EN,Combined TRACON& Tower with Radar,17,13,15,3,48,0,0,2,0,2,17,13,17,3,50,20,0,20,70
05/19/2014,BGR,ME,ANE,EN,Combined TRACON& Tower with Radar,14,16,25,23,78,0,0,0,0,0,14,16,25,23,78,0,0,0,78
05/20/2014,BGR,ME,ANE,EN,Combined TRACON& Tower with Radar,13,27,21,44,105,0,1,12,2,15,13,28,33,46,120,8,14,22,142
05/21/2014,BGR,ME,ANE,EN,Combined TRACON& Tower with Radar,19,21,27,54,121,0,2,10,5,17,19,23,37,59,138,14,22,36,174
05/22/2014,BGR,ME,ANE,EN,Combined TRACON& Tower with Radar,12,16,20,32,80,0,3,7,18,28,12,19,27,50,108,18,4,22,130
05/23/2014,BGR,ME,ANE,EN,Combined TRACON& Tower with Radar,24,19,35,44,122,0,0,4,0,4,24,19,39,44,126,25,0,25,151
05/24/2014,BGR,ME,ANE,EN,Combined TRACON& Tower with Radar,17,18,22,5,62,0,0,10,0,10,17,18,32,5,72,0,0,0,72
05/25/2014,BGR,ME,ANE,EN,Combined TRACON& Tower with Radar,17,9,23,3,52,0,0,20,0,20,17,9,43,3,72,0,0,0,72
05/26/2014,BGR,ME,ANE,EN,Combined TRACON& Tower with Radar,14,19,17,6,56,0,0,7,0,7,14,19,24,6,63,0,0,0,63
05/27/2014,BGR,ME,ANE,EN,Combined TRACON& Tower with Radar,12,25,26,57,120,0,7,6,17,30,12,32,32,74,150,0,12,12,162
05/28/2014,BGR,ME,ANE,EN,Combined TRACON& Tower with Radar,11,26,30,58,125,0,1,5,3,9,11,27,35,61,134,6,4,10,144
05/29/2014,BGR,ME,ANE,EN,Combined TRACON& Tower with Radar,20,23,28,28,99,0,3,24,25,52,20,26,52,53,151,8,28,36,187
05/30/2014,BGR,ME,ANE,EN,Combined TRACON& Tower with Radar,18,22,23,7,70,0,0,22,0,22,18,22,45,7,92,14,4,18,110
05/31/2014,BGR,ME,ANE,EN,Combined TRACON& Tower with Radar,17,27,28,6,78,0,0,23,1,24,17,27,51,7,102,8,0,8,110
06/01/2014,BGR,ME,ANE,EN,Combined TRACON& Tower with Radar,15,19,30,8,72,0,0,40,1,41,15,19,70,9,113,20,2,22,135
06/02/2014,BGR,ME,ANE,EN,Combined TRACON& Tower with Radar,15,20,29,12,76,0,0,23,5,28,15,20,52,17,104,9,0,9,113
06/03/2014,BGR,ME,ANE,EN,Combined TRACON& Tower with Radar,13,23,23,27,86,0,3,28,16,47,13,26,51,43,133,12,0,12,145
06/04/2014,BGR,ME,ANE,EN,Combined TRACON& Tower with Radar,19,25,13,14,71,0,0,0,0,0,19,25,13,14,71,0,0,0,71
06/05/2014,BGR,ME,ANE,EN,Combined TRACON& Tower with Radar,18,28,27,36,109,0,0,1,0,1,18,28,28,36,110,0,0,0,110
06/06/2014,BGR,ME,ANE,EN,Combined TRACON& Tower with Radar,22,36,19,47,124,0,0,7,12,19,22,36,26,59,143,0,14,14,157
06/07/2014,BGR,ME,ANE,EN,Combined TRACON& Tower with Radar,16,25,16,10,67,0,0,30,27,57,16,25,46,37,124,46,0,46,170
06/08/2014,BGR,ME,ANE,EN,Combined TRACON& Tower with Radar,20,24,20,17,81,0,0,41,17,58,20,24,61,34,139,24,0,24,163
06/09/2014,BGR,ME,ANE,EN,Combined TRACON& Tower with Radar,26,18,26,16,86,0,2,22,7,31,26,20,48,23,117,16,4,20,137
06/10/2014,BGR,ME,ANE,EN,Combined TRACON& Tower with Radar,21,29,22,25,97,0,2,14,12,28,21,31,36,37,125,10,0,10,135
06/11/2014,BGR,ME,ANE,EN,Combined TRACON& Tower with Radar,19,18,29,22,88,0,0,20,14,34,19,18,49,36,122,45,4,49,171
06/12/2014,BGR,ME,ANE,EN,Combined TRACON& Tower with Radar,21,29,22,36,108,0,0,14,8,22,21,29,36,44,130,30,2,32,162
06/13/2014,BGR,ME,ANE,EN,Combined TRACON& Tower with Radar,18,27,33,39,117,0,0,2,5,7,18,27,35,44,124,0,4,4,128
06/14/2014,BGR,ME,ANE,EN,Combined TRACON& Tower with Radar,18,37,20,8,83,0,0,8,1,9,18,37,28,9,92,28,8,36,128
06/15/2014,BGR,ME,ANE,EN,Combined TRACON& Tower with Radar,18,27,31,4,80,0,0,17,1,18,18,27,48,5,98,8,0,8,106
06/16/2014,BGR,ME,ANE,EN,Combined TRACON& Tower with Radar,20,24,30,8,82,0,0,27,15,42,20,24,57,23,124,8,0,8,132
06/17/2014,BGR,ME,ANE,EN,Combined TRACON& Tower with Radar,20,25,25,40,110,0,0,24,13,37,20,25,49,53,147,6,12,18,165
06/18/2014,BGR,ME,ANE,EN,Combined TRACON& Tower with Radar,15,27,18,11,71,0,0,9,8,17,15,27,27,19,88,4,6,10,98
06/19/2014,BGR,ME,ANE,EN,Combined TRACON& Tower with Radar,19,29,27,35,110,0,8,19,45,72,19,37,46,80,182,12,42,54,236
06/20/2014,BGR,ME,ANE,EN,Combined TRACON& Tower with Radar,23,29,40,20,112,0,0,18,8,26,23,29,58,28,138,14,4,18,156
06/21/2014,BGR,ME,ANE,EN,Combined TRACON& Tower with Radar,16,26,26,12,80,0,1,13,6,20,16,27,39,18,100,14,2,16,116
06/22/2014,BGR,ME,ANE,EN,Combined TRACON& Tower with Radar,19,20,30,14,83,0,2,24,3,29,19,22,54,17,112,4,0,4,116
06/23/2014,BGR,ME,ANE,EN,Combined TRACON& Tower with Radar,20,22,33,18,93,0,0,24,14,38,20,22,57,32,131,12,16,28,159
06/24/2014,BGR,ME,ANE,EN,Combined TRACON& Tower with Radar,21,27,27,28,103,0,0,20,15,35,21,27,47,43,138,0,6,6,144
06/25/2014,BGR,ME,ANE,EN,Combined TRACON& Tower with Radar,19,23,26,17,85,0,0,8,4,12,19,23,34,21,97,12,0,12,109
06/26/2014,BGR,ME,ANE,EN,Combined TRACON& Tower with Radar,28,31,34,25,118,0,0,5,2,7,28,31,39,27,125,0,2,2,127
06/27/2014,BGR,ME,ANE,EN,Combined TRACON& Tower with Radar,30,23,22,18,93,0,3,27,11,41,30,26,49,29,134,10,10,20,154
06/28/2014,BGR,ME,ANE,EN,Combined TRACON& Tower with Radar,21,22,28,17,88,0,2,29,4,35,21,24,57,21,123,22,8,30,153
06/29/2014,BGR,ME,ANE,EN,Combined TRACON& Tower with Radar,17,16,32,6,71,0,3,26,1,30,17,19,58,7,101,0,0,0,101
06/30/2014,BGR,ME,ANE,EN,Combined TRACON& Tower with Radar,24,19,20,18,81,0,2,29,19,50,24,21,49,37,131,6,8,14,145
07/01/2014,BGR,ME,ANE,EN,Combined TRACON& Tower with Radar,15,23,22,19,79,0,1,47,8,56,15,24,69,27,135,60,2,62,197
07/02/2014,BGR,ME,ANE,EN,Combined TRACON& Tower with Radar,23,31,22,16,92,0,0,28,5,33,23,31,50,21,125,50,8,58,183
07/03/2014,BGR,ME,ANE,EN,Combined TRACON& Tower with Radar,23,25,32,27,107,0,0,17,3,20,23,25,49,30,127,11,6,17,144
07/04/2014,BGR,ME,ANE,EN,Combined TRACON& Tower with Radar,15,13,18,1,47,0,0,0,0,0,15,13,18,1,47,0,0,0,47
07/05/2014,BGR,ME,ANE,EN,Combined TRACON& Tower with Radar,18,23,14,7,62,0,0,1,0,1,18,23,15,7,63,0,0,0,63
07/06/2014,BGR,ME,ANE,EN,Combined TRACON& Tower with Radar,22,23,30,5,80,0,0,25,12,37,22,23,55,17,117,22,0,22,139
07/07/2014,BGR,ME,ANE,EN,Combined TRACON& Tower with Radar,32,23,28,36,119,0,0,9,8,17,32,23,37,44,136,0,0,0,136
07/08/2014,BGR,ME,ANE,EN,Combined TRACON& Tower with Radar,19,29,27,33,108,0,2,19,14,35,19,31,46,47,143,0,14,14,157
07/09/2014,BGR,ME,ANE,EN,Combined TRACON& Tower with Radar,24,18,24,33,99,0,0,14,9,23,24,18,38,42,122,0,18,18,140
07/10/2014,BGR,ME,ANE,EN,Combined TRACON& Tower with Radar,29,27,21,47,124,0,3,37,28,68,29,30,58,75,192,46,16,62,254
07/11/2014,BGR,ME,ANE,EN,Combined TRACON& Tower with Radar,22,30,29,31,112,0,2,31,7,40,22,32,60,38,152,13,4,17,169
07/12/2014,BGR,ME,ANE,EN,Combined TRACON& Tower with Radar,21,28,28,10,87,0,0,32,8,40,21,28,60,18,127,8,0,8,135
07/13/2014,BGR,ME,ANE,EN,Combined TRACON& Tower with Radar,22,20,36,3,81,0,1,9,0,10,22,21,45,3,91,0,0,0,91
07/14/2014,BGR,ME,ANE,EN,Combined TRACON& Tower with Radar,27,24,23,18,92,0,1,12,11,24,27,25,35,29,116,0,26,26,142
07/15/2014,BGR,ME,ANE,EN,Combined TRACON& Tower with Radar,26,31,25,16,98,0,0,1,1,2,26,31,26,17,100,0,0,0,100
07/16/2014,BGR,ME,ANE,EN,Combined TRACON& Tower with Radar,22,38,22,10,92,0,0,0,1,1,22,38,22,11,93,0,0,0,93
07/17/2014,BGR,ME,ANE,EN,Combined TRACON& Tower with Radar,31,29,33,41,134,0,5,32,25,62,31,34,65,66,196,32,2,34,230
07/18/2014,BGR,ME,ANE,EN,Combined TRACON& Tower with Radar,24,27,30,9,90,0,1,45,6,52,24,28,75,15,142,22,0,22,164
07/19/2014,BGR,ME,ANE,EN,Combined TRACON& Tower with Radar,21,26,20,8,75,0,0,28,1,29,21,26,48,9,104,14,0,14,118
07/20/2014,BGR,ME,ANE,EN,Combined TRACON& Tower with Radar,25,25,43,11,104,0,1,24,4,29,25,26,67,15,133,28,0,28,161
07/21/2014,BGR,ME,ANE,EN,Combined TRACON& Tower with Radar,22,28,43,14,107,0,1,28,8,37,22,29,71,22,144,8,2,10,154
07/22/2014,BGR,ME,ANE,EN,Combined TRACON& Tower with Radar,24,26,26,30,106,0,3,16,36,55,24,29,42,66,161,2,34,36,197
07/23/2014,BGR,ME,ANE,EN,Combined TRACON& Tower with Radar,25,20,12,29,86,0,0,14,8,22,25,20,26,37,108,4,10,14,122
07/24/2014,BGR,ME,ANE,EN,Combined TRACON& Tower with Radar,23,30,39,34,126,0,3,14,26,43,23,33,53,60,169,20,12,32,201
07/25/2014,BGR,ME,ANE,EN,Combined TRACON& Tower with Radar,23,23,20,43,109,0,0,27,10,37,23,23,47,53,146,48,18,66,212
07/26/2014,BGR,ME,ANE,EN,Combined TRACON& Tower with Radar,23,25,19,6,73,0,0,32,2,34,23,25,51,8,107,8,0,8,115
07/27/2014,BGR,ME,ANE,EN,Combined TRACON& Tower with Radar,23,24,44,9,100,0,0,13,2,15,23,24,57,11,115,0,0,0,115
07/28/2014,BGR,ME,ANE,EN,Combined TRACON& Tower with Radar,26,30,34,23,113,0,0,2,1,3,26,30,36,24,116,0,0,0,116
07/29/2014,BGR,ME,ANE,EN,Combined TRACON& Tower with Radar,21,37,32,18,108,0,2,24,14,40,21,39,56,32,148,30,0,30,178
07/30/2014,BGR,ME,ANE,EN,Combined TRACON& Tower with Radar,22,30,38,21,111,0,0,22,12,34,22,30,60,33,145,34,0,34,179
07/31/2014,BGR,ME,ANE,EN,Combined TRACON& Tower with Radar,26,25,24,54,129,0,2,18,16,36,26,27,42,70,165,14,2,16,181
08/01/2014,BGR,ME,ANE,EN,Combined TRACON& Tower with Radar,24,24,26,28,102,0,5,28,18,51,24,29,54,46,153,34,0,34,187
08/02/2014,BGR,ME,ANE,EN,Combined TRACON& Tower with Radar,27,16,28,30,101,0,0,13,8,21,27,16,41,38,122,8,22,30,152
08/03/2014,BGR,ME,ANE,EN,Combined TRACON& Tower with Radar,24,20,23,6,73,0,0,23,3,26,24,20,46,9,99,30,12,42,141
08/04/2014,BGR,ME,ANE,EN,Combined TRACON& Tower with Radar,23,21,25,22,91,0,0,8,12,20,23,21,33,34,111,26,12,38,149
08/05/2014,BGR,ME,ANE,EN,Combined TRACON& Tower with Radar,27,34,15,45,121,0,1,11,32,44,27,35,26,77,165,4,16,20,185
08/06/2014,BGR,ME,ANE,EN,Combined TRACON& Tower with Radar,24,28,31,46,129,0,0,13,0,13,24,28,44,46,142,20,0,20,162
08/07/2014,BGR,ME,ANE,EN,Combined TRACON& Tower with Radar,26,23,26,13,88,0,0,19,7,26,26,23,45,20,114,4,0,4,118
08/08/2014,BGR,ME,ANE,EN,Combined TRACON& Tower with Radar,22,23,23,20,88,0,2,19,6,27,22,25,42,26,115,12,0,12,127
08/09/2014,BGR,ME,ANE,EN,Combined TRACON& Tower with Radar,21,28,24,6,79,0,0,26,11,37,21,28,50,17,116,44,0,44,160
08/10/2014,BGR,ME,ANE,EN,Combined TRACON& Tower with Radar,25,20,36,3,84,0,0,26,12,38,25,20,62,15,122,8,0,8,130
08/11/2014,BGR,ME,ANE,EN,Combined TRACON& Tower with Radar,22,19,22,34,97,0,2,27,28,57,22,21,49,62,154,16,6,22,176
08/12/2014,BGR,ME,ANE,EN,Combined TRACON& Tower with Radar,23,31,24,32,110,0,1,30,28,59,23,32,54,60,169,14,22,36,205
08/13/2014,BGR,ME,ANE,EN,Combined TRACON& Tower with Radar,25,34,25,34,118,0,0,2,9,11,25,34,27,43,129,30,6,36,165
08/14/2014,BGR,ME,ANE,EN,Combined TRACON& Tower with Radar,22,27,23,16,88,0,1,3,5,9,22,28,26,21,97,12,0,12,109
08/15/2014,BGR,ME,ANE,EN,Combined TRACON& Tower with Radar,22,25,39,22,108,0,0,38,9,47,22,25,77,31,155,14,0,14,169
08/16/2014,BGR,ME,ANE,EN,Combined TRACON& Tower with Radar,19,30,18,6,73,0,0,20,1,21,19,30,38,7,94,0,0,0,94
08/17/2014,BGR,ME,ANE,EN,Combined TRACON& Tower with Radar,30,19,23,6,78,0,0,14,5,19,30,19,37,11,97,0,0,0,97
08/18/2014,BGR,ME,ANE,EN,Combined TRACON& Tower with Radar,27,21,20,25,93,0,0,8,19,27,27,21,28,44,120,0,32,32,152
08/19/2014,BGR,ME,ANE,EN,Combined TRACON& Tower with Radar,19,22,18,33,92,0,1,24,22,47,19,23,42,55,139,18,48,66,205
08/20/2014,BGR,ME,ANE,EN,Combined TRACON& Tower with Radar,22,31,24,21,98,0,2,19,16,37,22,33,43,37,135,20,12,32,167
08/21/2014,BGR,ME,ANE,EN,Combined TRACON& Tower with Radar,20,24,22,34,100,0,0,19,17,36,20,24,41,51,136,16,6,22,158
08/22/2014,BGR,ME,ANE,EN,Combined TRACON& Tower with Radar,18,23,22,11,74,0,1,16,10,27,18,24,38,21,101,6,20,26,127
08/23/2014,BGR,ME,ANE,EN,Combined TRACON& Tower with Radar,26,24,20,4,74,0,0,36,4,40,26,24,56,8,114,2,0,2,116
08/24/2014,BGR,ME,ANE,EN,Combined TRACON& Tower with Radar,24,15,20,4,63,0,3,21,2,26,24,18,41,6,89,0,0,0,89
08/25/2014,BGR,ME,ANE,EN,Combined TRACON& Tower with Radar,18,31,25,35,109,0,2,32,14,48,18,33,57,49,157,41,7,48,205
08/26/2014,BGR,ME,ANE,EN,Combined TRACON& Tower with Radar,18,27,26,52,123,0,1,38,25,64,18,28,64,77,187,11,12,23,210
08/27/2014,BGR,ME,ANE,EN,Combined TRACON& Tower with Radar,16,26,19,27,88,0,2,24,12,38,16,28,43,39,126,4,0,4,130
08/28/2014,BGR,ME,ANE,EN,Combined TRACON& Tower with Radar,18,25,25,35,103,0,0,20,18,38,18,25,45,53,141,1,8,9,150
08/29/2014,BGR,ME,ANE,EN,Combined TRACON& Tower with Radar,23,29,48,16,116,0,0,39,9,48,23,29,87,25,164,32,10,42,206
08/30/2014,BGR,ME,ANE,EN,Combined TRACON& Tower with Radar,19,19,20,1,59,0,1,22,2,25,19,20,42,3,84,8,0,8,92
08/31/2014,BGR,ME,ANE,EN,Combined TRACON& Tower with Radar,26,22,21,6,75,0,1,12,1,14,26,23,33,7,89,18,0,18,107
09/01/2014,BGR,ME,ANE,EN,Combined TRACON& Tower with Radar,23,20,24,4,71,0,2,7,2,11,23,22,31,6,82,0,0,0,82
09/02/2014,BGR,ME,ANE,EN,Combined TRACON& Tower with Radar,15,33,17,22,87,0,0,2,0,2,15,33,19,22,89,2,0,2,91
09/03/2014,BGR,ME,ANE,EN,Combined TRACON& Tower with Radar,21,26,14,54,115,0,2,18,5,25,21,28,32,59,140,12,0,12,152
09/04/2014,BGR,ME,ANE,EN,Combined TRACON& Tower with Radar,18,25,17,42,102,0,0,37,13,50,18,25,54,55,152,16,10,26,178
09/05/2014,BGR,ME,ANE,EN,Combined TRACON& Tower with Radar,16,20,33,9,78,0,1,47,2,50,16,21,80,11,128,30,4,34,162
09/06/2014,BGR,ME,ANE,EN,Combined TRACON& Tower with Radar,24,21,16,13,74,0,0,4,5,9,24,21,20,18,83,0,8,8,91
09/07/2014,BGR,ME,ANE,EN,Combined TRACON& Tower with Radar,22,15,26,12,75,0,0,45,5,50,22,15,71,17,125,32,2,34,159
09/08/2014,BGR,ME,ANE,EN,Combined TRACON& Tower with Radar,12,24,20,27,83,0,2,27,5,34,12,26,47,32,117,0,8,8,125
09/09/2014,BGR,ME,ANE,EN,Combined TRACON& Tower with Radar,13,23,17,41,94,0,0,18,24,42,13,23,35,65,136,49,24,73,209
09/10/2014,BGR,ME,ANE,EN,Combined TRACON& Tower with Radar,16,25,38,20,99,0,0,22,5,27,16,25,60,25,126,36,8,44,170
09/11/2014,BGR,ME,ANE,EN,Combined TRACON& Tower with Radar,15,27,22,19,83,0,0,0,0,0,15,27,22,19,83,0,0,0,83
09/12/2014,BGR,ME,ANE,EN,Combined TRACON& Tower with Radar,16,24,31,22,93,0,5,54,7,66,16,29,85,29,159,2,4,6,165
09/13/2014,BGR,ME,ANE,EN,Combined TRACON& Tower with Radar,20,24,14,2,60,0,1,14,7,22,20,25,28,9,82,2,0,2,84
09/14/2014,BGR,ME,ANE,EN,Combined TRACON& Tower with Radar,24,14,16,9,63,0,0,22,5,27,24,14,38,14,90,0,0,0,90
09/15/2014,BGR,ME,ANE,EN,Combined TRACON& Tower with Radar,16,21,13,30,80,0,0,20,10,30,16,21,33,40,110,38,8,46,156
09/16/2014,BGR,ME,ANE,EN,Combined TRACON& Tower with Radar,14,23,25,54,116,0,1,7,16,24,14,24,32,70,140,0,14,14,154
09/17/2014,BGR,ME,ANE,EN,Combined TRACON& Tower with Radar,17,29,22,26,94,0,0,17,17,34,17,29,39,43,128,16,10,26,154
09/18/2014,BGR,ME,ANE,EN,Combined TRACON& Tower with Radar,19,29,38,26,112,0,2,27,22,51,19,31,65,48,163,14,10,24,187
09/19/2014,BGR,ME,ANE,EN,Combined TRACON& Tower with Radar,20,33,25,12,90,0,3,31,9,43,20,36,56,21,133,0,2,2,135
09/20/2014,BGR,ME,ANE,EN,Combined TRACON& Tower with Radar,18,24,19,17,78,0,0,15,6,21,18,24,34,23,99,22,0,22,121
09/21/2014,BGR,ME,ANE,EN,Combined TRACON& Tower with Radar,25,19,41,8,93,0,0,0,4,4,25,19,41,12,97,0,0,0,97
09/22/2014,BGR,ME,ANE,EN,Combined TRACON& Tower with Radar,21,24,15,30,90,0,0,18,10,28,21,24,33,40,118,6,0,6,124
09/23/2014,BGR,ME,ANE,EN,Combined TRACON& Tower with Radar,21,26,22,40,109,0,0,17,21,38,21,26,39,61,147,0,19,19,166
09/24/2014,BGR,ME,ANE,EN,Combined TRACON& Tower with Radar,14,26,31,29,100,0,2,29,13,44,14,28,60,42,144,16,8,24,168
09/25/2014,BGR,ME,ANE,EN,Combined TRACON& Tower with Radar,21,25,25,16,87,0,0,19,9,28,21,25,44,25,115,4,6,10,125
09/26/2014,BGR,ME,ANE,EN,Combined TRACON& Tower with Radar,17,27,29,25,98,0,0,35,10,45,17,27,64,35,143,40,8,48,191
09/27/2014,BGR,ME,ANE,EN,Combined TRACON& Tower with Radar,18,21,23,10,72,0,0,28,15,43,18,21,51,25,115,4,0,4,119
09/28/2014,BGR,ME,ANE,EN,Combined TRACON& Tower with Radar,28,13,27,7,75,0,0,29,8,37,28,13,56,15,112,6,2,8,120
09/29/2014,BGR,ME,ANE,EN,Combined TRACON& Tower with Radar,16,22,29,6,73,0,0,2,3,5,16,22,31,9,78,20,0,20,98
09/30/2014,BGR,ME,ANE,EN,Combined TRACON& Tower with Radar,9,26,19,9,63,0,0,6,0,6,9,26,25,9,69,12,0,12,81
10/01/2014,BGR,ME,ANE,EN,Combined TRACON& Tower with Radar,12,26,32,33,103,0,0,10,1,11,12,26,42,34,114,10,2,12,126
10/02/2014,BGR,ME,ANE,EN,Combined TRACON& Tower with Radar,18,25,33,35,111,0,0,27,3,30,18,25,60,38,141,0,2,2,143
10/03/2014,BGR,ME,ANE,EN,Combined TRACON& Tower with Radar,18,23,27,20,88,0,1,12,3,16,18,24,39,23,104,6,2,8,112
10/04/2014,BGR,ME,ANE,EN,Combined TRACON& Tower with Radar,23,27,21,30,101,0,0,0,0,0,23,27,21,30,101,0,0,0,101
10/05/2014,BGR,ME,ANE,EN,Combined TRACON& Tower with Radar,24,23,28,2,77,0,0,10,0,10,24,23,38,2,87,0,0,0,87
10/06/2014,BGR,ME,ANE,EN,Combined TRACON& Tower with Radar,21,14,8,35,78,0,6,30,7,43,21,20,38,42,121,6,6,12,133
10/07/2014,BGR,ME,ANE,EN,Combined TRACON& Tower with Radar,15,22,25,8,70,0,0,7,15,22,15,22,32,23,92,0,0,0,92
10/08/2014,BGR,ME,ANE,EN,Combined TRACON& Tower with Radar,16,27,20,12,75,0,0,1,1,2,16,27,21,13,77,0,0,0,77
10/09/2014,BGR,ME,ANE,EN,Combined TRACON& Tower with Radar,18,25,18,31,92,0,8,17,11,36,18,33,35,42,128,0,10,10,138
10/10/2014,BGR,ME,ANE,EN,Combined TRACON& Tower with Radar,17,29,19,8,73,0,0,32,10,42,17,29,51,18,115,10,8,18,133
10/11/2014,BGR,ME,ANE,EN,Combined TRACON& Tower with Radar,19,23,28,6,76,0,0,12,2,14,19,23,40,8,90,4,0,4,94
10/12/2014,BGR,ME,ANE,EN,Combined TRACON& Tower with Radar,22,16,27,11,76,0,0,28,0,28,22,16,55,11,104,20,0,20,124
10/13/2014,BGR,ME,ANE,EN,Combined TRACON& Tower with Radar,21,17,19,4,61,0,0,21,1,22,21,17,40,5,83,16,0,16,99
10/14/2014,BGR,ME,ANE,EN,Combined TRACON& Tower with Radar,12,20,39,53,124,0,3,12,18,33,12,23,51,71,157,0,18,18,175
10/15/2014,BGR,ME,ANE,EN,Combined TRACON& Tower with Radar,13,21,26,41,101,0,0,11,10,21,13,21,37,51,122,6,4,10,132
10/16/2014,BGR,ME,ANE,EN,Combined TRACON& Tower with Radar,23,22,26,6,77,0,0,0,0,0,23,22,26,6,77,0,0,0,77
10/17/2014,BGR,ME,ANE,EN,Combined TRACON& Tower with Radar,18,24,34,18,94,0,0,10,1,11,18,24,44,19,105,0,0,0,105
10/18/2014,BGR,ME,ANE,EN,Combined TRACON& Tower with Radar,24,20,23,4,71,0,2,9,4,15,24,22,32,8,86,8,0,8,94
10/19/2014,BGR,ME,ANE,EN,Combined TRACON& Tower with Radar,24,14,21,14,73,0,1,11,1,13,24,15,32,15,86,20,0,20,106
10/20/2014,BGR,ME,ANE,EN,Combined TRACON& Tower with Radar,28,23,21,10,82,0,0,32,4,36,28,23,53,14,118,0,0,0,118
10/21/2014,BGR,ME,ANE,EN,Combined TRACON& Tower with Radar,20,17,13,18,68,0,0,14,2,16,20,17,27,20,84,20,0,20,104
10/22/2014,BGR,ME,ANE,EN,Combined TRACON& Tower with Radar,12,22,16,15,65,0,0,1,0,1,12,22,17,15,66,6,14,20,86
10/23/2014,BGR,ME,ANE,EN,Combined TRACON& Tower with Radar,16,19,20,6,61,0,0,0,0,0,16,19,20,6,61,0,0,0,61
10/24/2014,BGR,ME,ANE,EN,Combined TRACON& Tower with Radar,18,25,24,27,94,0,0,0,0,0,18,25,24,27,94,0,0,0,94
10/25/2014,BGR,ME,ANE,EN,Combined TRACON& Tower with Radar,16,23,32,20,91,0,2,36,1,39,16,25,68,21,130,8,0,8,138
10/26/2014,BGR,ME,ANE,EN,Combined TRACON& Tower with Radar,24,26,15,20,85,0,0,12,2,14,24,26,27,22,99,0,0,0,99
10/27/2014,BGR,ME,ANE,EN,Combined TRACON& Tower with Radar,16,20,16,24,76,0,2,5,5,12,16,22,21,29,88,0,0,0,88
10/28/2014,BGR,ME,ANE,EN,Combined TRACON& Tower with Radar,14,27,19,17,77,0,0,19,19,38,14,27,38,36,115,19,4,23,138
10/29/2014,BGR,ME,ANE,EN,Combined TRACON& Tower with Radar,16,30,26,25,97,0,0,2,1,3,16,30,28,26,100,0,2,2,102
10/30/2014,BGR,ME,ANE,EN,Combined TRACON& Tower with Radar,16,25,32,37,110,0,0,23,14,37,16,25,55,51,147,12,8,20,167
10/31/2014,BGR,ME,ANE,EN,Combined TRACON& Tower with Radar,15,24,34,11,84,0,3,18,20,41,15,27,52,31,125,24,0,24,149
11/01/2014,BGR,ME,ANE,EN,Combined TRACON& Tower with Radar,18,19,31,18,86,0,0,2,3,5,18,19,33,21,91,0,0,0,91
11/02/2014,BGR,ME,ANE,EN,Combined TRACON& Tower with Radar,3,2,1,3,9,0,0,0,0,0,3,2,1,3,9,0,0,0,9
11/03/2014,BGR,ME,ANE,EN,Combined TRACON& Tower with Radar,19,20,8,16,63,0,2,19,1,22,19,22,27,17,85,0,0,0,85
11/04/2014,BGR,ME,ANE,EN,Combined TRACON& Tower with Radar,12,26,11,23,72,0,2,17,11,30,12,28,28,34,102,10,2,12,114
11/05/2014,BGR,ME,ANE,EN,Combined TRACON& Tower with Radar,14,20,32,11,77,0,1,13,5,19,14,21,45,16,96,14,2,16,112
11/06/2014,BGR,ME,ANE,EN,Combined TRACON& Tower with Radar,20,24,31,24,99,0,0,11,7,18,20,24,42,31,117,6,16,22,139
11/07/2014,BGR,ME,ANE,EN,Combined TRACON& Tower with Radar,24,27,19,20,90,0,0,0,1,1,24,27,19,21,91,0,0,0,91
11/08/2014,BGR,ME,ANE,EN,Combined TRACON& Tower with Radar,26,18,10,1,55,0,2,21,2,25,26,20,31,3,80,31,0,31,111
11/09/2014,BGR,ME,ANE,EN,Combined TRACON& Tower with Radar,24,15,13,4,56,0,0,20,7,27,24,15,33,11,83,8,0,8,91
11/10/2014,BGR,ME,ANE,EN,Combined TRACON& Tower with Radar,18,18,22,20,78,0,0,24,8,32,18,18,46,28,110,18,0,18,128
11/11/2014,BGR,ME,ANE,EN,Combined TRACON& Tower with Radar,16,18,15,1,50,0,0,15,4,19,16,18,30,5,69,6,0,6,75
11/12/2014,BGR,ME,ANE,EN,Combined TRACON& Tower with Radar,13,24,10,23,70,0,0,0,0,0,13,24,10,23,70,0,0,0,70
11/13/2014,BGR,ME,ANE,EN,Combined TRACON& Tower with Radar,15,26,15,20,76,0,4,24,20,48,15,30,39,40,124,6,18,24,148
11/14/2014,BGR,ME,ANE,EN,Combined TRACON& Tower with Radar,20,24,9,5,58,0,0,4,1,5,20,24,13,6,63,0,0,0,63
11/15/2014,BGR,ME,ANE,EN,Combined TRACON& Tower with Radar,19,20,12,9,60,0,0,28,2,30,19,20,40,11,90,8,0,8,98
11/16/2014,BGR,ME,ANE,EN,Combined TRACON& Tower with Radar,23,15,17,8,63,0,0,24,1,25,23,15,41,9,88,0,0,0,88
11/17/2014,BGR,ME,ANE,EN,Combined TRACON& Tower with Radar,15,12,17,7,51,0,0,0,0,0,15,12,17,7,51,0,0,0,51
11/18/2014,BGR,ME,ANE,EN,Combined TRACON& Tower with Radar,16,23,13,37,89,0,2,9,22,33,16,25,22,59,122,2,0,2,124
11/19/2014,BGR,ME,ANE,EN,Combined TRACON& Tower with Radar,16,20,31,10,77,0,3,21,5,29,16,23,52,15,106,20,20,40,146
11/20/2014,BGR,ME,ANE,EN,Combined TRACON& Tower with Radar,16,25,31,41,113,0,1,14,11,26,16,26,45,52,139,6,12,18,157
11/21/2014,BGR,ME,ANE,EN,Combined TRACON& Tower with Radar,20,18,28,10,76,0,0,22,8,30,20,18,50,18,106,4,8,12,118
11/22/2014,BGR,ME,ANE,EN,Combined TRACON& Tower with Radar,15,26,13,3,57,0,0,24,4,28,15,26,37,7,85,6,0,6,91
11/23/2014,BGR,ME,ANE,EN,Combined TRACON& Tower with Radar,16,25,15,3,59,0,2,29,2,33,16,27,44,5,92,4,0,4,96
11/24/2014,BGR,ME,ANE,EN,Combined TRACON& Tower with Radar,15,22,6,10,53,0,0,0,0,0,15,22,6,10,53,0,0,0,53
11/25/2014,BGR,ME,ANE,EN,Combined TRACON& Tower with Radar,22,23,27,34,106,1,2,16,12,31,23,25,43,46,137,4,16,20,157
11/26/2014,BGR,ME,ANE,EN,Combined TRACON& Tower with Radar,26,10,10,24,70,0,0,3,3,6,26,10,13,27,76,6,6,12,88
11/27/2014,BGR,ME,ANE,EN,Combined TRACON& Tower with Radar,12,3,3,4,22,0,0,3,0,3,12,3,6,4,25,0,0,0,25
11/28/2014,BGR,ME,ANE,EN,Combined TRACON& Tower with Radar,10,15,9,11,45,0,0,12,0,12,10,15,21,11,57,0,0,0,57
11/29/2014,BGR,ME,ANE,EN,Combined TRACON& Tower with Radar,14,20,13,0,47,0,0,16,0,16,14,20,29,0,63,36,0,36,99
11/30/2014,BGR,ME,ANE,EN,Combined TRACON& Tower with Radar,23,11,23,2,59,0,0,0,1,1,23,11,23,3,60,0,0,0,60
12/01/2014,BGR,ME,ANE,EN,Combined TRACON& Tower with Radar,17,25,16,15,73,0,1,17,4,22,17,26,33,19,95,18,0,18,113
12/02/2014,BGR,ME,ANE,EN,Combined TRACON& Tower with Radar,8,23,9,39,79,0,2,19,21,42,8,25,28,60,121,9,17,26,147
12/03/2014,BGR,ME,ANE,EN,Combined TRACON& Tower with Radar,8,20,18,2,48,0,0,0,0,0,8,20,18,2,48,0,0,0,48
12/04/2014,BGR,ME,ANE,EN,Combined TRACON& Tower with Radar,10,21,20,30,81,0,5,9,16,30,10,26,29,46,111,12,8,20,131
12/05/2014,BGR,ME,ANE,EN,Combined TRACON& Tower with Radar,11,26,19,19,75,0,6,28,15,49,11,32,47,34,124,34,18,52,176
12/06/2014,BGR,ME,ANE,EN,Combined TRACON& Tower with Radar,13,16,11,0,40,0,0,0,0,0,13,16,11,0,40,0,0,0,40
12/07/2014,BGR,ME,ANE,EN,Combined TRACON& Tower with Radar,13,12,17,7,49,0,0,6,2,8,13,12,23,9,57,10,0,10,67
12/08/2014,BGR,ME,ANE,EN,Combined TRACON& Tower with Radar,7,14,9,8,38,0,2,19,3,24,7,16,28,11,62,4,0,4,66
12/09/2014,BGR,ME,ANE,EN,Combined TRACON& Tower with Radar,6,9,5,1,21,0,0,1,1,2,6,9,6,2,23,0,4,4,27
12/10/2014,BGR,ME,ANE,EN,Combined TRACON& Tower with Radar,6,19,9,3,37,0,0,0,0,0,6,19,9,3,37,0,0,0,37
12/11/2014,BGR,ME,ANE,EN,Combined TRACON& Tower with Radar,13,17,15,14,59,0,0,0,1,1,13,17,15,15,60,10,4,14,74
12/12/2014,BGR,ME,ANE,EN,Combined TRACON& Tower with Radar,9,20,30,17,76,0,0,3,0,3,9,20,33,17,79,0,2,2,81
12/13/2014,BGR,ME,ANE,EN,Combined TRACON& Tower with Radar,14,30,17,10,71,0,0,0,0,0,14,30,17,10,71,0,0,0,71
12/14/2014,BGR,ME,ANE,EN,Combined TRACON& Tower with Radar,13,14,17,2,46,0,0,10,3,13,13,14,27,5,59,32,0,32,91
12/15/2014,BGR,ME,ANE,EN,Combined TRACON& Tower with Radar,11,22,35,10,78,0,0,18,10,28,11,22,53,20,106,6,0,6,112
12/16/2014,BGR,ME,ANE,EN,Combined TRACON& Tower with Radar,10,18,22,32,82,0,0,0,0,0,10,18,22,32,82,0,0,0,82
12/17/2014,BGR,ME,ANE,EN,Combined TRACON& Tower with Radar,14,28,20,34,96,0,0,0,0,0,14,28,20,34,96,0,0,0,96
12/18/2014,BGR,ME,ANE,EN,Combined TRACON& Tower with Radar,14,24,22,27,87,0,0,1,5,6,14,24,23,32,93,0,18,18,111
12/19/2014,BGR,ME,ANE,EN,Combined TRACON& Tower with Radar,19,22,21,8,70,0,0,11,0,11,19,22,32,8,81,0,0,0,81
12/20/2014,BGR,ME,ANE,EN,Combined TRACON& Tower with Radar,16,27,24,1,68,0,0,6,0,6,16,27,30,1,74,0,0,0,74
12/21/2014,BGR,ME,ANE,EN,Combined TRACON& Tower with Radar,19,9,9,3,40,0,0,4,3,7,19,9,13,6,47,6,0,6,53
12/22/2014,BGR,ME,ANE,EN,Combined TRACON& Tower with Radar,14,23,11,20,68,0,0,10,5,15,14,23,21,25,83,0,10,10,93
12/23/2014,BGR,ME,ANE,EN,Combined TRACON& Tower with Radar,13,24,3,4,44,0,0,0,1,1,13,24,3,5,45,0,0,0,45
12/24/2014,BGR,ME,ANE,EN,Combined TRACON& Tower with Radar,12,16,7,8,43,0,0,0,0,0,12,16,7,8,43,0,0,0,43
12/25/2014,BGR,ME,ANE,EN,Combined TRACON& Tower with Radar,11,5,1,0,17,0,0,0,1,1,11,5,1,1,18,0,0,0,18
12/26/2014,BGR,ME,ANE,EN,Combined TRACON& Tower with Radar,14,17,6,2,39,0,0,8,7,15,14,17,14,9,54,0,0,0,54
12/27/2014,BGR,ME,ANE,EN,Combined TRACON& Tower with Radar,16,17,9,0,42,0,2,28,7,37,16,19,37,7,79,12,0,12,91
12/28/2014,BGR,ME,ANE,EN,Combined TRACON& Tower with Radar,19,8,12,7,46,0,0,1,3,4,19,8,13,10,50,0,0,0,50
12/29/2014,BGR,ME,ANE,EN,Combined TRACON& Tower with Radar,11,17,6,4,38,0,1,11,2,14,11,18,17,6,52,0,0,0,52
12/30/2014,BGR,ME,ANE,EN,Combined TRACON& Tower with Radar,12,15,16,16,59,0,0,26,10,36,12,15,42,26,95,15,4,19,114
12/31/2014,BGR,ME,ANE,EN,Combined TRACON& Tower with Radar,8,17,6,3,34,0,0,9,1,10,8,17,15,4,44,4,2,6,50
01/01/2015,BGR,ME,ANE,EN,Combined TRACON& Tower with Radar,10,9,5,5,29,0,0,8,1,9,10,9,13,6,38,10,0,10,48
01/02/2015,BGR,ME,ANE,EN,Combined TRACON& Tower with Radar,22,21,12,4,59,0,2,6,11,19,22,23,18,15,78,0,0,0,78
01/03/2015,BGR,ME,ANE,EN,Combined TRACON& Tower with Radar,36,19,21,14,90,0,0,21,6,27,36,19,42,20,117,28,6,34,151
01/04/2015,BGR,ME,ANE,EN,Combined TRACON& Tower with Radar,13,2,8,1,24,0,0,0,0,0,13,2,8,1,24,0,0,0,24
01/05/2015,BGR,ME,ANE,EN,Combined TRACON& Tower with Radar,18,18,12,5,53,0,0,4,3,7,18,18,16,8,60,0,0,0,60
01/06/2015,BGR,ME,ANE,EN,Combined TRACON& Tower with Radar,17,9,11,35,72,0,3,14,17,34,17,12,25,52,106,6,6,12,118
01/07/2015,BGR,ME,ANE,EN,Combined TRACON& Tower with Radar,5,13,7,30,55,0,2,7,6,15,5,15,14,36,70,14,3,17,87
01/08/2015,BGR,ME,ANE,EN,Combined TRACON& Tower with Radar,12,12,20,9,53,0,0,10,3,13,12,12,30,12,66,2,4,6,72
01/09/2015,BGR,ME,ANE,EN,Combined TRACON& Tower with Radar,25,17,9,12,63,0,1,3,15,19,25,18,12,27,82,4,0,4,86
01/10/2015,BGR,ME,ANE,EN,Combined TRACON& Tower with Radar,23,24,7,16,70,0,5,12,24,41,23,29,19,40,111,2,0,2,113
01/11/2015,BGR,ME,ANE,EN,Combined TRACON& Tower with Radar,16,14,18,17,65,0,0,20,12,32,16,14,38,29,97,0,10,10,107
01/12/2015,BGR,ME,ANE,EN,Combined TRACON& Tower with Radar,12,16,12,1,41,0,0,0,0,0,12,16,12,1,41,0,0,0,41
01/13/2015,BGR,ME,ANE,EN,Combined TRACON& Tower with Radar,7,12,21,19,59,0,2,7,18,27,7,14,28,37,86,0,4,4,90
01/14/2015,BGR,ME,ANE,EN,Combined TRACON& Tower with Radar,10,16,12,11,49,0,0,16,8,24,10,16,28,19,73,3,0,3,76
01/15/2015,BGR,ME,ANE,EN,Combined TRACON& Tower with Radar,11,15,23,15,64,0,0,2,4,6,11,15,25,19,70,6,26,32,102
01/16/2015,BGR,ME,ANE,EN,Combined TRACON& Tower with Radar,11,21,15,9,56,0,0,7,1,8,11,21,22,10,64,0,0,0,64
01/17/2015,BGR,ME,ANE,EN,Combined TRACON& Tower with Radar,15,17,13,4,49,0,2,16,2,20,15,19,29,6,69,6,0,6,75
01/18/2015,BGR,ME,ANE,EN,Combined TRACON& Tower with Radar,12,14,5,2,33,0,0,0,0,0,12,14,5,2,33,0,0,0,33
01/19/2015,BGR,ME,ANE,EN,Combined TRACON& Tower with Radar,9,17,23,6,55,0,0,18,0,18,9,17,41,6,73,23,0,23,96
01/20/2015,BGR,ME,ANE,EN,Combined TRACON& Tower with Radar,6,15,18,14,53,0,2,10,15,27,6,17,28,29,80,14,0,14,94
01/21/2015,BGR,ME,ANE,EN,Combined TRACON& Tower with Radar,6,23,11,22,62,0,0,33,11,44,6,23,44,33,106,8,2,10,116
01/22/2015,BGR,ME,ANE,EN,Combined TRACON& Tower with Radar,8,17,18,21,64,0,1,12,16,29,8,18,30,37,93,8,4,12,105
01/23/2015,BGR,ME,ANE,EN,Combined TRACON& Tower with Radar,14,16,17,8,55,0,0,7,5,12,14,16,24,13,67,4,20,24,91
01/24/2015,BGR,ME,ANE,EN,Combined TRACON& Tower with Radar,9,18,11,2,40,0,0,2,2,4,9,18,13,4,44,0,0,0,44
01/25/2015,BGR,ME,ANE,EN,Combined TRACON& Tower with Radar,15,13,7,4,39,0,0,4,4,8,15,13,11,8,47,0,0,0,47
01/26/2015,BGR,ME,ANE,EN,Combined TRACON& Tower with Radar,8,12,5,18,43,0,0,12,7,19,8,12,17,25,62,21,7,28,90
01/27/2015,BGR,ME,ANE,EN,Combined TRACON& Tower with Radar,0,0,1,0,1,0,0,0,1,1,0,0,1,1,2,0,0,0,2
01/28/2015,BGR,ME,ANE,EN,Combined TRACON& Tower with Radar,3,15,15,5,38,0,0,1,0,1,3,15,16,5,39,0,0,0,39
01/29/2015,BGR,ME,ANE,EN,Combined TRACON& Tower with Radar,14,19,14,27,74,0,0,11,21,32,14,19,25,48,106,0,2,2,108
01/30/2015,BGR,ME,ANE,EN,Combined TRACON& Tower with Radar,8,13,4,1,26,0,2,0,1,3,8,15,4,2,29,0,0,0,29
01/31/2015,BGR,ME,ANE,EN,Combined TRACON& Tower with Radar,10,15,1,0,26,0,0,0,0,0,10,15,1,0,26,0,0,0,26
02/01/2015,BGR,ME,ANE,EN,Combined TRACON& Tower with Radar,14,11,11,4,40,0,0,7,5,12,14,11,18,9,52,0,0,0,52
02/02/2015,BGR,ME,ANE,EN,Combined TRACON& Tower with Radar,7,9,14,2,32,0,0,0,0,0,7,9,14,2,32,0,0,0,32
02/03/2015,BGR,ME,ANE,EN,Combined TRACON& Tower with Radar,4,15,10,19,48,0,4,8,16,28,4,19,18,35,76,0,32,32,108
02/04/2015,BGR,ME,ANE,EN,Combined TRACON& Tower with Radar,11,15,9,31,66,0,0,4,11,15,11,15,13,42,81,0,20,20,101
02/05/2015,BGR,ME,ANE,EN,Combined TRACON& Tower with Radar,10,13,7,0,30,0,0,1,2,3,10,13,8,2,33,0,0,0,33
02/06/2015,BGR,ME,ANE,EN,Combined TRACON& Tower with Radar,9,15,13,19,56,0,2,16,22,40,9,17,29,41,96,2,0,2,98
02/07/2015,BGR,ME,ANE,EN,Combined TRACON& Tower with Radar,12,19,11,25,67,0,0,7,3,10,12,19,18,28,77,8,8,16,93
02/08/2015,BGR,ME,ANE,EN,Combined TRACON& Tower with Radar,11,11,7,5,34,0,0,1,1,2,11,11,8,6,36,0,18,18,54
02/09/2015,BGR,ME,ANE,EN,Combined TRACON& Tower with Radar,5,8,11,22,46,0,0,0,7,7,5,8,11,29,53,0,6,6,59
02/10/2015,BGR,ME,ANE,EN,Combined TRACON& Tower with Radar,6,13,11,30,60,0,0,8,18,26,6,13,19,48,86,0,15,15,101
02/11/2015,BGR,ME,ANE,EN,Combined TRACON& Tower with Radar,7,16,13,22,58,0,1,12,8,21,7,17,25,30,79,0,0,0,79
02/12/2015,BGR,ME,ANE,EN,Combined TRACON& Tower with Radar,11,18,16,32,77,0,1,3,8,12,11,19,19,40,89,0,14,14,103
02/13/2015,BGR,ME,ANE,EN,Combined TRACON& Tower with Radar,12,22,10,12,56,0,0,9,8,17,12,22,19,20,73,6,8,14,87
02/14/2015,BGR,ME,ANE,EN,Combined TRACON& Tower with Radar,14,17,22,3,56,0,0,1,0,1,14,17,23,3,57,0,0,0,57
02/15/2015,BGR,ME,ANE,EN,Combined TRACON& Tower with Radar,7,0,2,0,9,0,0,0,0,0,7,0,2,0,9,0,0,0,9
02/16/2015,BGR,ME,ANE,EN,Combined TRACON& Tower with Radar,9,11,18,3,41,0,0,4,1,5,9,11,22,4,46,0,0,0,46
02/17/2015,BGR,ME,ANE,EN,Combined TRACON& Tower with Radar,9,16,16,33,74,0,3,12,15,30,9,19,28,48,104,4,16,20,124
02/18/2015,BGR,ME,ANE,EN,Combined TRACON& Tower with Radar,10,24,18,13,65,0,4,2,15,21,10,28,20,28,86,0,14,14,100
02/19/2015,BGR,ME,ANE,EN,Combined TRACON& Tower with Radar,9,20,7,5,41,0,0,1,2,3,9,20,8,7,44,0,0,0,44
02/20/2015,BGR,ME,ANE,EN,Combined TRACON& Tower with Radar,22,15,12,17,66,0,1,8,7,16,22,16,20,24,82,0,0,0,82
02/21/2015,BGR,ME,ANE,EN,Combined TRACON& Tower with Radar,23,16,14,0,53,0,0,15,0,15,23,16,29,0,68,0,0,0,68
02/22/2015,BGR,ME,ANE,EN,Combined TRACON& Tower with Radar,17,9,10,2,38,0,0,4,7,11,17,9,14,9,49,0,0,0,49
02/23/2015,BGR,ME,ANE,EN,Combined TRACON& Tower with Radar,14,18,8,12,52,0,0,1,7,8,14,18,9,19,60,0,8,8,68
02/24/2015,BGR,ME,ANE,EN,Combined TRACON& Tower with Radar,9,25,27,19,80,0,8,22,15,45,9,33,49,34,125,9,4,13,138
02/25/2015,BGR,ME,ANE,EN,Combined TRACON& Tower with Radar,14,20,15,7,56,0,0,10,7,17,14,20,25,14,73,0,6,6,79
02/26/2015,BGR,ME,ANE,EN,Combined TRACON& Tower with Radar,15,17,15,41,88,0,2,13,20,35,15,19,28,61,123,16,0,16,139
02/27/2015,BGR,ME,ANE,EN,Combined TRACON& Tower with Radar,19,20,11,13,63,0,2,35,8,45,19,22,46,21,108,32,10,42,150
02/28/2015,BGR,ME,ANE,EN,Combined TRACON& Tower with Radar,26,13,11,7,57,0,0,19,2,21,26,13,30,9,78,14,10,24,102
03/01/2015,BGR,ME,ANE,EN,Combined TRACON& Tower with Radar,12,14,17,3,46,0,0,23,8,31,12,14,40,11,77,8,4,12,89
03/02/2015,BGR,ME,ANE,EN,Combined TRACON& Tower with Radar,7,15,21,16,59,0,0,1,4,5,7,15,22,20,64,0,0,0,64
03/03/2015,BGR,ME,ANE,EN,Combined TRACON& Tower with Radar,14,17,15,20,66,0,0,8,17,25,14,17,23,37,91,0,10,10,101
03/04/2015,BGR,ME,ANE,EN,Combined TRACON& Tower with Radar,10,27,27,44,108,0,1,4,11,16,10,28,31,55,124,0,33,33,157
03/05/2015,BGR,ME,ANE,EN,Combined TRACON& Tower with Radar,7,18,10,65,100,0,1,3,34,38,7,19,13,99,138,0,18,18,156
03/06/2015,BGR,ME,ANE,EN,Combined TRACON& Tower with Radar,13,15,25,41,94,0,3,24,26,53,13,18,49,67,147,8,0,8,155
03/07/2015,BGR,ME,ANE,EN,Combined TRACON& Tower with Radar,23,20,22,16,81,0,0,18,33,51,23,20,40,49,132,14,0,14,146
03/08/2015,BGR,ME,ANE,EN,Combined TRACON& Tower with Radar,12,13,11,10,46,0,0,17,15,32,12,13,28,25,78,34,4,38,116
03/09/2015,BGR,ME,ANE,EN,Combined TRACON& Tower with Radar,12,10,13,20,55,0,0,8,6,14,12,10,21,26,69,0,0,0,69
03/10/2015,BGR,ME,ANE,EN,Combined TRACON& Tower with Radar,11,15,22,15,63,0,2,17,19,38,11,17,39,34,101,24,16,40,141
03/11/2015,BGR,ME,ANE,EN,Combined TRACON& Tower with Radar,11,19,15,18,63,0,0,4,9,13,11,19,19,27,76,8,11,19,95
03/12/2015,BGR,ME,ANE,EN,Combined TRACON& Tower with Radar,10,15,23,54,102,0,0,3,23,26,10,15,26,77,128,0,18,18,146
03/13/2015,BGR,ME,ANE,EN,Combined TRACON& Tower with Radar,15,23,20,13,71,0,3,32,10,45,15,26,52,23,116,14,6,20,136
03/14/2015,BGR,ME,ANE,EN,Combined TRACON& Tower with Radar,16,16,8,5,45,0,4,4,6,14,16,20,12,11,59,0,0,0,59
03/15/2015,BGR,ME,ANE,EN,Combined TRACON& Tower with Radar,14,10,6,1,31,0,0,0,0,0,14,10,6,1,31,0,0,0,31
03/16/2015,BGR,ME,ANE,EN,Combined TRACON& Tower with Radar,17,14,24,23,78,0,0,18,5,23,17,14,42,28,101,6,4,10,111
03/17/2015,BGR,ME,ANE,EN,Combined TRACON& Tower with Radar,12,15,8,9,44,0,0,0,0,0,12,15,8,9,44,0,0,0,44
03/18/2015,BGR,ME,ANE,EN,Combined TRACON& Tower with Radar,9,20,16,17,62,0,3,8,1,12,9,23,24,18,74,0,0,0,74
03/19/2015,BGR,ME,ANE,EN,Combined TRACON& Tower with Radar,12,14,23,34,83,0,5,17,19,41,12,19,40,53,124,0,6,6,130
03/20/2015,BGR,ME,ANE,EN,Combined TRACON& Tower with Radar,13,16,8,11,48,0,2,24,5,31,13,18,32,16,79,26,2,28,107
03/21/2015,BGR,ME,ANE,EN,Combined TRACON& Tower with Radar,21,16,8,6,51,0,0,0,0,0,21,16,8,6,51,0,0,0,51
03/22/2015,BGR,ME,ANE,EN,Combined TRACON& Tower with Radar,15,9,19,13,56,0,0,4,3,7,15,9,23,16,63,0,2,2,65
03/23/2015,BGR,ME,ANE,EN,Combined TRACON& Tower with Radar,20,12,11,10,53,0,1,16,6,23,20,13,27,16,76,8,0,8,84
03/24/2015,BGR,ME,ANE,EN,Combined TRACON& Tower with Radar,13,16,18,26,73,0,2,33,9,44,13,18,51,35,117,74,13,87,204
03/25/2015,BGR,ME,ANE,EN,Combined TRACON& Tower with Radar,10,16,34,34,94,0,0,39,8,47,10,16,73,42,141,21,22,43,184
03/26/2015,BGR,ME,ANE,EN,Combined TRACON& Tower with Radar,15,20,31,29,95,0,0,0,0,0,15,20,31,29,95,0,10,10,105
03/27/2015,BGR,ME,ANE,EN,Combined TRACON& Tower with Radar,30,22,25,15,92,0,0,11,3,14,30,22,36,18,106,26,25,51,157
03/28/2015,BGR,ME,ANE,EN,Combined TRACON& Tower with Radar,28,18,21,4,71,0,0,12,0,12,28,18,33,4,83,8,0,8,91
03/29/2015,BGR,ME,ANE,EN,Combined TRACON& Tower with Radar,20,14,12,6,52,0,0,32,6,38,20,14,44,12,90,79,0,79,169
03/30/2015,BGR,ME,ANE,EN,Combined TRACON& Tower with Radar,18,17,8,25,68,0,0,4,2,6,18,17,12,27,74,0,10,10,84
03/31/2015,BGR,ME,ANE,EN,Combined TRACON& Tower with Radar,17,16,15,37,85,1,0,18,4,23,18,16,33,41,108,10,4,14,122
04/01/2015,BGR,ME,ANE,EN,Combined TRACON& Tower with Radar,10,17,14,25,66,0,2,22,15,39,10,19,36,40,105,14,6,20,125
04/02/2015,BGR,ME,ANE,EN,Combined TRACON& Tower with Radar,14,19,18,31,82,0,0,8,6,14,14,19,26,37,96,24,20,44,140
04/03/2015,BGR,ME,ANE,EN,Combined TRACON& Tower with Radar,12,20,16,16,64,0,0,13,4,17,12,20,29,20,81,4,2,6,87
04/04/2015,BGR,ME,ANE,EN,Combined TRACON& Tower with Radar,16,14,9,5,44,0,0,0,1,1,16,14,9,6,45,0,0,0,45
04/05/2015,BGR,ME,ANE,EN,Combined TRACON& Tower with Radar,14,10,10,7,41,0,0,1,2,3,14,10,11,9,44,0,0,0,44
04/06/2015,BGR,ME,ANE,EN,Combined TRACON& Tower with Radar,12,14,12,28,66,0,0,7,9,16,12,14,19,37,82,0,12,12,94
04/07/2015,BGR,ME,ANE,EN,Combined TRACON& Tower with Radar,14,17,16,27,74,0,1,10,13,24,14,18,26,40,98,4,8,12,110
04/08/2015,BGR,ME,ANE,EN,Combined TRACON& Tower with Radar,11,19,18,14,62,0,0,19,7,26,11,19,37,21,88,10,6,16,104
04/09/2015,BGR,ME,ANE,EN,Combined TRACON& Tower with Radar,10,25,21,26,82,0,0,6,1,7,10,25,27,27,89,4,18,22,111
04/10/2015,BGR,ME,ANE,EN,Combined TRACON& Tower with Radar,12,17,37,5,71,0,0,0,0,0,12,17,37,5,71,0,0,0,71
04/11/2015,BGR,ME,ANE,EN,Combined TRACON& Tower with Radar,22,21,9,21,73,0,0,10,26,36,22,21,19,47,109,6,6,12,121
04/12/2015,BGR,ME,ANE,EN,Combined TRACON& Tower with Radar,8,10,15,21,54,0,0,27,8,35,8,10,42,29,89,20,4,24,113
04/13/2015,BGR,ME,ANE,EN,Combined TRACON& Tower with Radar,15,17,20,27,79,0,3,28,8,39,15,20,48,35,118,24,8,32,150
04/14/2015,BGR,ME,ANE,EN,Combined TRACON& Tower with Radar,12,23,15,22,72,0,6,15,18,39,12,29,30,40,111,8,4,12,123
04/15/2015,BGR,ME,ANE,EN,Combined TRACON& Tower with Radar,10,20,11,23,64,0,1,18,10,29,10,21,29,33,93,14,6,20,113
04/16/2015,BGR,ME,ANE,EN,Combined TRACON& Tower with Radar,12,17,24,24,77,0,1,27,27,55,12,18,51,51,132,22,4,26,158
04/17/2015,BGR,ME,ANE,EN,Combined TRACON& Tower with Radar,12,16,21,30,79,0,1,11,8,20,12,17,32,38,99,12,10,22,121
04/18/2015,BGR,ME,ANE,EN,Combined TRACON& Tower with Radar,15,20,8,9,52,0,0,14,2,16,15,20,22,11,68,0,0,0,68
04/19/2015,BGR,ME,ANE,EN,Combined TRACON& Tower with Radar,9,9,24,1,43,0,0,27,0,27,9,9,51,1,70,18,0,18,88
04/20/2015,BGR,ME,ANE,EN,Combined TRACON& Tower with Radar,14,13,35,19,81,0,0,8,3,11,14,13,43,22,92,16,0,16,108
04/21/2015,BGR,ME,ANE,EN,Combined TRACON& Tower with Radar,10,23,13,14,60,0,0,0,1,1,10,23,13,15,61,0,0,0,61
04/22/2015,BGR,ME,ANE,EN,Combined TRACON& Tower with Radar,18,15,32,5,70,0,2,25,14,41,18,17,57,19,111,22,8,30,141
04/23/2015,BGR,ME,ANE,EN,Combined TRACON& Tower with Radar,13,16,38,16,83,0,0,3,6,9,13,16,41,22,92,0,0,0,92
04/24/2015,BGR,ME,ANE,EN,Combined TRACON& Tower with Radar,12,23,19,24,78,0,0,13,6,19,12,23,32,30,97,10,10,20,117
04/25/2015,BGR,ME,ANE,EN,Combined TRACON& Tower with Radar,14,23,13,8,58,0,0,9,6,15,14,23,22,14,73,16,0,16,89
04/26/2015,BGR,ME,ANE,EN,Combined TRACON& Tower with Radar,12,11,21,8,52,0,2,8,0,10,12,13,29,8,62,34,0,34,96
04/27/2015,BGR,ME,ANE,EN,Combined TRACON& Tower with Radar,10,14,29,34,87,0,0,3,3,6,10,14,32,37,93,0,30,30,123
04/28/2015,BGR,ME,ANE,EN,Combined TRACON& Tower with Radar,11,23,20,16,70,0,0,4,6,10,11,23,24,22,80,0,2,2,82
04/29/2015,BGR,ME,ANE,EN,Combined TRACON& Tower with Radar,10,23,29,18,80,0,0,17,6,23,10,23,46,24,103,22,0,22,125
04/30/2015,BGR,ME,ANE,EN,Combined TRACON& Tower with Radar,15,18,26,15,74,0,0,18,9,27,15,18,44,24,101,8,0,8,109
05/01/2015,BGR,ME,ANE,EN,Combined TRACON& Tower with Radar,14,19,18,8,59,0,1,20,8,29,14,20,38,16,88,22,4,26,114
05/02/2015,BGR,ME,ANE,EN,Combined TRACON& Tower with Radar,10,19,9,11,49,0,0,34,8,42,10,19,43,19,91,12,12,24,115
05/03/2015,BGR,ME,ANE,EN,Combined TRACON& Tower with Radar,10,14,26,4,54,0,0,14,4,18,10,14,40,8,72,26,0,26,98
05/04/2015,BGR,ME,ANE,EN,Combined TRACON& Tower with Radar,10,16,12,22,60,0,2,37,1,40,10,18,49,23,100,43,8,51,151
05/05/2015,BGR,ME,ANE,EN,Combined TRACON& Tower with Radar,8,25,16,29,78,0,2,31,13,46,8,27,47,42,124,26,4,30,154
05/06/2015,BGR,ME,ANE,EN,Combined TRACON& Tower with Radar,12,26,25,25,88,0,0,30,5,35,12,26,55,30,123,32,0,32,155
05/07/2015,BGR,ME,ANE,EN,Combined TRACON& Tower with Radar,12,28,25,34,99,1,3,27,22,53,13,31,52,56,152,28,4,32,184
05/08/2015,BGR,ME,ANE,EN,Combined TRACON& Tower with Radar,9,26,23,21,79,0,0,31,5,36,9,26,54,26,115,26,8,34,149
05/09/2015,BGR,ME,ANE,EN,Combined TRACON& Tower with Radar,12,17,11,0,40,0,0,4,0,4,12,17,15,0,44,0,0,0,44
05/10/2015,BGR,ME,ANE,EN,Combined TRACON& Tower with Radar,10,15,13,0,38,0,0,5,0,5,10,15,18,0,43,0,0,0,43
05/11/2015,BGR,ME,ANE,EN,Combined TRACON& Tower with Radar,10,27,22,25,84,0,0,0,0,0,10,27,22,25,84,0,0,0,84
05/12/2015,BGR,ME,ANE,EN,Combined TRACON& Tower with Radar,9,26,20,7,62,0,7,1,6,14,9,33,21,13,76,8,24,32,108
05/13/2015,BGR,ME,ANE,EN,Combined TRACON& Tower with Radar,8,27,17,8,60,0,10,16,10,36,8,37,33,18,96,26,8,34,130
05/14/2015,BGR,ME,ANE,EN,Combined TRACON& Tower with Radar,10,20,22,23,75,0,19,50,14,83,10,39,72,37,158,40,4,44,202
05/15/2015,BGR,ME,ANE,EN,Combined TRACON& Tower with Radar,13,28,31,13,85,0,9,34,23,66,13,37,65,36,151,12,28,40,191
05/16/2015,BGR,ME,ANE,EN,Combined TRACON& Tower with Radar,10,25,16,7,58,0,6,22,25,53,10,31,38,32,111,16,0,16,127
05/17/2015,BGR,ME,ANE,EN,Combined TRACON& Tower with Radar,11,18,24,8,61,0,2,8,0,10,11,20,32,8,71,0,0,0,71
05/18/2015,BGR,ME,ANE,EN,Combined TRACON& Tower with Radar,11,22,9,11,53,0,4,18,14,36,11,26,27,25,89,0,2,2,91
05/19/2015,BGR,ME,ANE,EN,Combined TRACON& Tower with Radar,9,23,15,18,65,0,0,0,2,2,9,23,15,20,67,0,0,0,67
05/20/2015,BGR,ME,ANE,EN,Combined TRACON& Tower with Radar,10,25,29,29,93,0,2,26,18,46,10,27,55,47,139,6,0,6,145
05/21/2015,BGR,ME,ANE,EN,Combined TRACON& Tower with Radar,15,31,31,22,99,1,8,47,24,80,16,39,78,46,179,20,18,38,217
05/22/2015,BGR,ME,ANE,EN,Combined TRACON& Tower with Radar,13,28,33,11,85,0,0,9,0,9,13,28,42,11,94,0,0,0,94
05/23/2015,BGR,ME,ANE,EN,Combined TRACON& Tower with Radar,10,23,11,6,50,0,0,15,0,15,10,23,26,6,65,2,0,2,67
05/24/2015,BGR,ME,ANE,EN,Combined TRACON& Tower with Radar,11,10,16,7,44,0,0,10,4,14,11,10,26,11,58,2,6,8,66
05/25/2015,BGR,ME,ANE,EN,Combined TRACON& Tower with Radar,10,18,24,5,57,0,0,23,1,24,10,18,47,6,81,28,4,32,113
05/26/2015,BGR,ME,ANE,EN,Combined TRACON& Tower with Radar,10,25,20,24,79,0,0,4,10,14,10,25,24,34,93,6,22,28,121
05/27/2015,BGR,ME,ANE,EN,Combined TRACON& Tower with Radar,10,24,26,19,79,0,1,24,4,29,10,25,50,23,108,0,6,6,114
05/28/2015,BGR,ME,ANE,EN,Combined TRACON& Tower with Radar,10,24,37,7,78,0,1,12,1,14,10,25,49,8,92,0,2,2,94
05/29/2015,BGR,ME,ANE,EN,Combined TRACON& Tower with Radar,12,29,28,16,85,0,1,41,9,51,12,30,69,25,136,18,4,22,158
05/30/2015,BGR,ME,ANE,EN,Combined TRACON& Tower with Radar,13,20,23,2,58,0,0,13,1,14,13,20,36,3,72,6,0,6,78
05/31/2015,BGR,ME,ANE,EN,Combined TRACON& Tower with Radar,18,13,15,1,47,0,0,1,4,5,18,13,16,5,52,0,0,0,52
06/01/2015,BGR,ME,ANE,EN,Combined TRACON& Tower with Radar,10,24,23,17,74,0,0,0,4,4,10,24,23,21,78,0,0,0,78
06/02/2015,BGR,ME,ANE,EN,Combined TRACON& Tower with Radar,11,25,22,20,78,0,0,0,0,0,11,25,22,20,78,0,0,0,78
06/03/2015,BGR,ME,ANE,EN,Combined TRACON& Tower with Radar,10,29,45,17,101,0,0,9,10,19,10,29,54,27,120,2,16,18,138
06/04/2015,BGR,ME,ANE,EN,Combined TRACON& Tower with Radar,17,32,23,28,100,0,2,31,18,51,17,34,54,46,151,16,22,38,189
06/05/2015,BGR,ME,ANE,EN,Combined TRACON& Tower with Radar,16,33,32,31,112,0,1,14,8,23,16,34,46,39,135,2,16,18,153
06/06/2015,BGR,ME,ANE,EN,Combined TRACON& Tower with Radar,18,20,19,28,85,0,0,10,11,21,18,20,29,39,106,12,4,16,122
06/07/2015,BGR,ME,ANE,EN,Combined TRACON& Tower with Radar,20,21,29,10,80,0,0,44,9,53,20,21,73,19,133,6,0,6,139
06/08/2015,BGR,ME,ANE,EN,Combined TRACON& Tower with Radar,15,34,23,21,93,0,1,11,4,16,15,35,34,25,109,0,0,0,109
06/09/2015,BGR,ME,ANE,EN,Combined TRACON& Tower with Radar,11,35,22,3,71,0,0,0,0,0,11,35,22,3,71,0,0,0,71
06/10/2015,BGR,ME,ANE,EN,Combined TRACON& Tower with Radar,16,28,26,10,80,0,2,26,6,34,16,30,52,16,114,8,0,8,122
06/11/2015,BGR,ME,ANE,EN,Combined TRACON& Tower with Radar,14,27,17,18,76,0,0,11,8,19,14,27,28,26,95,0,0,0,95
06/12/2015,BGR,ME,ANE,EN,Combined TRACON& Tower with Radar,13,40,38,19,110,0,0,20,5,25,13,40,58,24,135,30,8,38,173
06/13/2015,BGR,ME,ANE,EN,Combined TRACON& Tower with Radar,18,19,8,7,52,0,1,11,0,12,18,20,19,7,64,12,0,12,76
06/14/2015,BGR,ME,ANE,EN,Combined TRACON& Tower with Radar,15,20,31,1,67,0,1,43,2,46,15,21,74,3,113,48,0,48,161
06/15/2015,BGR,ME,ANE,EN,Combined TRACON& Tower with Radar,17,37,40,10,104,0,0,22,8,30,17,37,62,18,134,0,2,2,136
06/16/2015,BGR,ME,ANE,EN,Combined TRACON& Tower with Radar,14,34,16,38,102,0,0,0,0,0,14,34,16,38,102,0,0,0,102
06/17/2015,BGR,ME,ANE,EN,Combined TRACON& Tower with Radar,12,32,40,22,106,0,2,29,8,39,12,34,69,30,145,22,10,32,177
06/18/2015,BGR,ME,ANE,EN,Combined TRACON& Tower with Radar,11,30,30,22,93,0,1,33,13,47,11,31,63,35,140,18,22,40,180
06/19/2015,BGR,ME,ANE,EN,Combined TRACON& Tower with Radar,16,40,35,19,110,0,0,20,6,26,16,40,55,25,136,14,0,14,150
06/20/2015,BGR,ME,ANE,EN,Combined TRACON& Tower with Radar,22,23,24,6,75,0,0,32,0,32,22,23,56,6,107,22,0,22,129
06/21/2015,BGR,ME,ANE,EN,Combined TRACON& Tower with Radar,17,24,36,1,78,0,0,0,0,0,17,24,36,1,78,0,0,0,78
06/22/2015,BGR,ME,ANE,EN,Combined TRACON& Tower with Radar,13,32,30,22,97,0,0,20,7,27,13,32,50,29,124,20,12,32,156
06/23/2015,BGR,ME,ANE,EN,Combined TRACON& Tower with Radar,11,31,16,3,61,0,0,1,1,2,11,31,17,4,63,0,0,0,63
06/24/2015,BGR,ME,ANE,EN,Combined TRACON& Tower with Radar,15,33,28,20,96,0,0,43,7,50,15,33,71,27,146,40,8,48,194
06/25/2015,BGR,ME,ANE,EN,Combined TRACON& Tower with Radar,14,32,33,7,86,0,1,22,10,33,14,33,55,17,119,22,18,40,159
06/26/2015,BGR,ME,ANE,EN,Combined TRACON& Tower with Radar,15,30,48,12,105,0,0,34,11,45,15,30,82,23,150,4,8,12,162
06/27/2015,BGR,ME,ANE,EN,Combined TRACON& Tower with Radar,17,27,20,5,69,0,1,30,3,34,17,28,50,8,103,6,0,6,109
06/28/2015,BGR,ME,ANE,EN,Combined TRACON& Tower with Radar,20,21,20,8,69,0,0,1,1,2,20,21,21,9,71,0,0,0,71
06/29/2015,BGR,ME,ANE,EN,Combined TRACON& Tower with Radar,16,26,19,16,77,0,0,13,2,15,16,26,32,18,92,0,0,0,92
06/30/2015,BGR,ME,ANE,EN,Combined TRACON& Tower with Radar,9,23,24,17,73,0,2,35,20,57,9,25,59,37,130,6,62,68,198
07/01/2015,BGR,ME,ANE,EN,Combined TRACON& Tower with Radar,28,34,50,9,121,0,0,9,2,11,28,34,59,11,132,14,0,14,146
07/02/2015,BGR,ME,ANE,EN,Combined TRACON& Tower with Radar,14,40,34,23,111,0,0,28,11,39,14,40,62,34,150,14,40,54,204
07/03/2015,BGR,ME,ANE,EN,Combined TRACON& Tower with Radar,14,24,27,7,72,0,0,35,7,42,14,24,62,14,114,10,0,10,124
07/04/2015,BGR,ME,ANE,EN,Combined TRACON& Tower with Radar,20,17,26,1,64,0,1,15,2,18,20,18,41,3,82,0,0,0,82
07/05/2015,BGR,ME,ANE,EN,Combined TRACON& Tower with Radar,24,18,30,2,74,0,2,18,2,22,24,20,48,4,96,0,0,0,96
07/06/2015,BGR,ME,ANE,EN,Combined TRACON& Tower with Radar,21,23,23,21,88,0,0,38,7,45,21,23,61,28,133,0,14,14,147
07/07/2015,BGR,ME,ANE,EN,Combined TRACON& Tower with Radar,14,38,29,29,110,0,0,11,11,22,14,38,40,40,132,0,0,0,132
07/08/2015,BGR,ME,ANE,EN,Combined TRACON& Tower with Radar,19,33,32,28,112,0,0,9,12,21,19,33,41,40,133,6,2,8,141
07/09/2015,BGR,ME,ANE,EN,Combined TRACON& Tower with Radar,17,32,20,23,92,0,2,29,9,40,17,34,49,32,132,8,32,40,172
07/10/2015,BGR,ME,ANE,EN,Combined TRACON& Tower with Radar,29,34,26,11,100,0,2,40,10,52,29,36,66,21,152,26,6,32,184
07/11/2015,BGR,ME,ANE,EN,Combined TRACON& Tower with Radar,27,26,19,0,72,0,1,26,5,32,27,27,45,5,104,2,0,2,106
07/12/2015,BGR,ME,ANE,EN,Combined TRACON& Tower with Radar,22,21,33,3,79,0,0,31,2,33,22,21,64,5,112,20,0,20,132
07/13/2015,BGR,ME,ANE,EN,Combined TRACON& Tower with Radar,21,22,24,23,90,0,3,24,12,39,21,25,48,35,129,24,14,38,167
07/14/2015,BGR,ME,ANE,EN,Combined TRACON& Tower with Radar,19,30,32,57,138,0,2,23,18,43,19,32,55,75,181,0,56,56,237
07/15/2015,BGR,ME,ANE,EN,Combined TRACON& Tower with Radar,21,30,23,46,120,0,1,9,5,15,21,31,32,51,135,6,24,30,165
07/16/2015,BGR,ME,ANE,EN,Combined TRACON& Tower with Radar,19,31,20,31,101,0,2,37,11,50,19,33,57,42,151,18,14,32,183
07/17/2015,BGR,ME,ANE,EN,Combined TRACON& Tower with Radar,20,28,20,24,92,0,0,58,5,63,20,28,78,29,155,10,6,16,171
07/18/2015,BGR,ME,ANE,EN,Combined TRACON& Tower with Radar,28,26,31,4,89,0,0,6,0,6,28,26,37,4,95,0,0,0,95
07/19/2015,BGR,ME,ANE,EN,Combined TRACON& Tower with Radar,23,17,32,9,81,0,0,5,5,10,23,17,37,14,91,0,0,0,91
07/20/2015,BGR,ME,ANE,EN,Combined TRACON& Tower with Radar,21,25,49,28,123,0,0,10,2,12,21,25,59,30,135,8,2,10,145
07/21/2015,BGR,ME,ANE,EN,Combined TRACON& Tower with Radar,16,24,39,38,117,0,0,7,7,14,16,24,46,45,131,0,0,0,131
07/22/2015,BGR,ME,ANE,EN,Combined TRACON& Tower with Radar,20,28,31,31,110,0,7,34,14,55,20,35,65,45,165,4,26,30,195
07/23/2015,BGR,ME,ANE,EN,Combined TRACON& Tower with Radar,19,33,43,31,126,0,1,35,14,50,19,34,78,45,176,20,3,23,199
07/24/2015,BGR,ME,ANE,EN,Combined TRACON& Tower with Radar,25,27,22,22,96,0,0,16,3,19,25,27,38,25,115,0,6,6,121
07/25/2015,BGR,ME,ANE,EN,Combined TRACON& Tower with Radar,26,27,28,7,88,0,0,9,0,9,26,27,37,7,97,4,0,4,101
07/26/2015,BGR,ME,ANE,EN,Combined TRACON& Tower with Radar,23,20,32,4,79,0,0,0,0,0,23,20,32,4,79,0,0,0,79
07/27/2015,BGR,ME,ANE,EN,Combined TRACON& Tower with Radar,20,29,46,44,139,0,0,7,4,11,20,29,53,48,150,0,0,0,150
07/28/2015,BGR,ME,ANE,EN,Combined TRACON& Tower with Radar,18,30,20,17,85,0,5,9,17,31,18,35,29,34,116,16,12,28,144
07/29/2015,BGR,ME,ANE,EN,Combined TRACON& Tower with Radar,22,29,15,7,73,0,0,36,8,44,22,29,51,15,117,9,7,16,133
07/30/2015,BGR,ME,ANE,EN,Combined TRACON& Tower with Radar,21,26,21,15,83,0,0,26,11,37,21,26,47,26,120,8,14,22,142
07/31/2015,BGR,ME,ANE,EN,Combined TRACON& Tower with Radar,23,36,36,13,108,0,0,29,7,36,23,36,65,20,144,8,4,12,156
08/01/2015,BGR,ME,ANE,EN,Combined TRACON& Tower with Radar,28,18,32,3,81,0,0,23,6,29,28,18,55,9,110,2,0,2,112
08/02/2015,BGR,ME,ANE,EN,Combined TRACON& Tower with Radar,23,21,21,18,83,0,0,32,10,42,23,21,53,28,125,16,0,16,141
08/03/2015,BGR,ME,ANE,EN,Combined TRACON& Tower with Radar,19,21,20,40,100,0,0,31,23,54,19,21,51,63,154,10,14,24,178
08/04/2015,BGR,ME,ANE,EN,Combined TRACON& Tower with Radar,19,28,25,18,90,0,0,16,18,34,19,28,41,36,124,16,2,18,142
08/05/2015,BGR,ME,ANE,EN,Combined TRACON& Tower with Radar,19,27,24,26,96,0,2,22,14,38,19,29,46,40,134,6,8,14,148
08/06/2015,BGR,ME,ANE,EN,Combined TRACON& Tower with Radar,22,33,26,27,108,0,0,35,33,68,22,33,61,60,176,6,4,10,186
08/07/2015,BGR,ME,ANE,EN,Combined TRACON& Tower with Radar,25,25,29,21,100,0,2,40,19,61,25,27,69,40,161,28,10,38,199
08/08/2015,BGR,ME,ANE,EN,Combined TRACON& Tower with Radar,34,20,26,8,88,0,0,23,0,23,34,20,49,8,111,0,0,0,111
08/09/2015,BGR,ME,ANE,EN,Combined TRACON& Tower with Radar,21,24,26,4,75,0,0,22,13,35,21,24,48,17,110,6,18,24,134
08/10/2015,BGR,ME,ANE,EN,Combined TRACON& Tower with Radar,20,23,15,40,98,0,2,17,18,37,20,25,32,58,135,0,8,8,143
08/11/2015,BGR,ME,ANE,EN,Combined TRACON& Tower with Radar,14,29,10,35,88,0,0,0,9,9,14,29,10,44,97,0,0,0,97
08/12/2015,BGR,ME,ANE,EN,Combined TRACON& Tower with Radar,14,31,24,58,127,0,0,6,11,17,14,31,30,69,144,0,0,0,144
08/13/2015,BGR,ME,ANE,EN,Combined TRACON& Tower with Radar,18,34,30,13,95,0,1,34,32,67,18,35,64,45,162,8,6,14,176
08/14/2015,BGR,ME,ANE,EN,Combined TRACON& Tower with Radar,18,24,18,20,80,0,4,38,20,62,18,28,56,40,142,12,16,28,170
08/15/2015,BGR,ME,ANE,EN,Combined TRACON& Tower with Radar,23,24,18,23,88,0,0,28,12,40,23,24,46,35,128,8,2,10,138
08/16/2015,BGR,ME,ANE,EN,Combined TRACON& Tower with Radar,24,17,27,9,77,0,1,27,2,30,24,18,54,11,107,0,0,0,107
08/17/2015,BGR,ME,ANE,EN,Combined TRACON& Tower with Radar,20,20,22,17,79,0,0,37,5,42,20,20,59,22,121,20,14,34,155
08/18/2015,BGR,ME,ANE,EN,Combined TRACON& Tower with Radar,16,36,34,26,112,0,3,42,5,50,16,39,76,31,162,18,2,20,182
08/19/2015,BGR,ME,ANE,EN,Combined TRACON& Tower with Radar,14,39,26,19,98,0,2,13,5,20,14,41,39,24,118,18,4,22,140
08/20/2015,BGR,ME,ANE,EN,Combined TRACON& Tower with Radar,14,35,34,33,116,0,0,16,5,21,14,35,50,38,137,2,0,2,139
08/21/2015,BGR,ME,ANE,EN,Combined TRACON& Tower with Radar,19,42,29,17,107,0,0,0,0,0,19,42,29,17,107,0,2,2,109
08/22/2015,BGR,ME,ANE,EN,Combined TRACON& Tower with Radar,22,24,24,9,79,0,0,12,1,13,22,24,36,10,92,18,12,30,122
08/23/2015,BGR,ME,ANE,EN,Combined TRACON& Tower with Radar,15,27,24,4,70,0,0,18,3,21,15,27,42,7,91,24,0,24,115
08/24/2015,BGR,ME,ANE,EN,Combined TRACON& Tower with Radar,16,31,24,36,107,0,0,4,6,10,16,31,28,42,117,36,4,40,157
08/25/2015,BGR,ME,ANE,EN,Combined TRACON& Tower with Radar,12,34,18,44,108,0,2,6,1,9,12,36,24,45,117,18,0,18,135
08/26/2015,BGR,ME,ANE,EN,Combined TRACON& Tower with Radar,14,31,38,24,107,0,0,6,0,6,14,31,44,24,113,0,0,0,113
08/27/2015,BGR,ME,ANE,EN,Combined TRACON& Tower with Radar,18,38,19,27,102,0,2,20,12,34,18,40,39,39,136,0,12,12,148
08/28/2015,BGR,ME,ANE,EN,Combined TRACON& Tower with Radar,15,26,18,31,90,0,3,53,20,76,15,29,71,51,166,28,10,38,204
08/29/2015,BGR,ME,ANE,EN,Combined TRACON& Tower with Radar,20,29,20,9,78,0,1,25,5,31,20,30,45,14,109,6,0,6,115
08/30/2015,BGR,ME,ANE,EN,Combined TRACON& Tower with Radar,15,24,26,20,85,0,2,32,0,34,15,26,58,20,119,18,0,18,137
08/31/2015,BGR,ME,ANE,EN,Combined TRACON& Tower with Radar,15,27,26,34,102,0,0,19,8,27,15,27,45,42,129,10,4,14,143
09/01/2015,BGR,ME,ANE,EN,Combined TRACON& Tower with Radar,9,25,35,43,112,0,6,35,8,49,9,31,70,51,161,16,10,26,187
09/02/2015,BGR,ME,ANE,EN,Combined TRACON& Tower with Radar,13,29,17,32,91,0,1,36,14,51,13,30,53,46,142,4,34,38,180
09/03/2015,BGR,ME,ANE,EN,Combined TRACON& Tower with Radar,19,29,18,32,98,0,0,32,7,39,19,29,50,39,137,20,7,27,164
09/04/2015,BGR,ME,ANE,EN,Combined TRACON& Tower with Radar,18,26,28,9,81,0,0,34,4,38,18,26,62,13,119,0,8,8,127
09/05/2015,BGR,ME,ANE,EN,Combined TRACON& Tower with Radar,19,17,16,6,58,0,2,34,3,39,19,19,50,9,97,19,0,19,116
09/06/2015,BGR,ME,ANE,EN,Combined TRACON& Tower with Radar,15,22,16,3,56,0,0,34,6,40,15,22,50,9,96,11,0,11,107
09/07/2015,BGR,ME,ANE,EN,Combined TRACON& Tower with Radar,19,27,21,0,67,0,1,23,9,33,19,28,44,9,100,14,0,14,114
09/08/2015,BGR,ME,ANE,EN,Combined TRACON& Tower with Radar,12,28,30,27,97,0,0,28,8,36,12,28,58,35,133,34,4,38,171
09/09/2015,BGR,ME,ANE,EN,Combined TRACON& Tower with Radar,15,26,25,36,102,0,0,13,8,21,15,26,38,44,123,10,8,18,141
09/10/2015,BGR,ME,ANE,EN,Combined TRACON& Tower with Radar,15,29,17,17,78,0,1,34,13,48,15,30,51,30,126,56,4,60,186
09/11/2015,BGR,ME,ANE,EN,Combined TRACON& Tower with Radar,15,36,23,23,97,0,0,2,1,3,15,36,25,24,100,0,0,0,100
09/12/2015,BGR,ME,ANE,EN,Combined TRACON& Tower with Radar,18,25,41,24,108,0,0,18,16,34,18,25,59,40,142,2,6,8,150
09/13/2015,BGR,ME,ANE,EN,Combined TRACON& Tower with Radar,14,23,27,23,87,0,0,2,0,2,14,23,29,23,89,0,8,8,97
09/14/2015,BGR,ME,ANE,EN,Combined TRACON& Tower with Radar,16,28,24,31,99,0,0,9,3,12,16,28,33,34,111,0,6,6,117
09/15/2015,BGR,ME,ANE,EN,Combined TRACON& Tower with Radar,14,35,32,25,106,0,1,23,24,48,14,36,55,49,154,16,14,30,184
09/16/2015,BGR,ME,ANE,EN,Combined TRACON& Tower with Radar,13,28,13,39,93,0,6,30,11,47,13,34,43,50,140,53,12,65,205
09/17/2015,BGR,ME,ANE,EN,Combined TRACON& Tower with Radar,11,28,22,39,100,0,2,48,10,60,11,30,70,49,160,33,8,41,201
09/18/2015,BGR,ME,ANE,EN,Combined TRACON& Tower with Radar,19,35,35,20,109,0,1,32,3,36,19,36,67,23,145,14,4,18,163
09/19/2015,BGR,ME,ANE,EN,Combined TRACON& Tower with Radar,21,20,41,1,83,0,3,34,0,37,21,23,75,1,120,2,0,2,122
09/20/2015,BGR,ME,ANE,EN,Combined TRACON& Tower with Radar,16,17,22,3,58,0,0,13,0,13,16,17,35,3,71,16,0,16,87
09/21/2015,BGR,ME,ANE,EN,Combined TRACON& Tower with Radar,15,28,24,13,80,0,2,39,8,49,15,30,63,21,129,30,4,34,163
09/22/2015,BGR,ME,ANE,EN,Combined TRACON& Tower with Radar,9,25,29,20,83,0,0,28,8,36,9,25,57,28,119,8,2,10,129
09/23/2015,BGR,ME,ANE,EN,Combined TRACON& Tower with Radar,4,8,3,2,17,0,0,7,2,9,4,8,10,4,26,30,0,30,56
09/24/2015,BGR,ME,ANE,EN,Combined TRACON& Tower with Radar,6,26,17,11,60,0,1,23,8,32,6,27,40,19,92,26,0,26,118
09/25/2015,BGR,ME,ANE,EN,Combined TRACON& Tower with Radar,16,34,28,21,99,0,1,28,7,36,16,35,56,28,135,22,4,26,161
09/26/2015,BGR,ME,ANE,EN,Combined TRACON& Tower with Radar,19,23,24,14,80,0,2,31,0,33,19,25,55,14,113,22,0,22,135
09/27/2015,BGR,ME,ANE,EN,Combined TRACON& Tower with Radar,13,25,22,16,76,0,4,22,1,27,13,29,44,17,103,18,0,18,121
09/28/2015,BGR,ME,ANE,EN,Combined TRACON& Tower with Radar,16,21,22,23,82,0,0,26,3,29,16,21,48,26,111,0,6,6,117
09/29/2015,BGR,ME,ANE,EN,Combined TRACON& Tower with Radar,14,29,26,20,89,0,0,4,7,11,14,29,30,27,100,2,4,6,106
09/30/2015,BGR,ME,ANE,EN,Combined TRACON& Tower with Radar,15,24,16,15,70,0,0,0,0,0,15,24,16,15,70,0,0,0,70
10/01/2015,BGR,ME,ANE,EN,Combined TRACON& Tower with Radar,23,35,19,30,107,0,1,14,5,20,23,36,33,35,127,18,2,20,147
10/02/2015,BGR,ME,ANE,EN,Combined TRACON& Tower with Radar,14,27,24,29,94,0,0,6,6,12,14,27,30,35,106,0,0,0,106
10/03/2015,BGR,ME,ANE,EN,Combined TRACON& Tower with Radar,21,21,14,17,73,0,0,7,4,11,21,21,21,21,84,20,2,22,106
10/04/2015,BGR,ME,ANE,EN,Combined TRACON& Tower with Radar,15,20,15,16,66,0,0,11,6,17,15,20,26,22,83,4,0,4,87
10/05/2015,BGR,ME,ANE,EN,Combined TRACON& Tower with Radar,16,24,10,29,79,0,0,26,7,33,16,24,36,36,112,6,0,6,118
10/06/2015,BGR,ME,ANE,EN,Combined TRACON& Tower with Radar,9,33,28,24,94,0,4,36,22,62,9,37,64,46,156,18,18,36,192
10/07/2015,BGR,ME,ANE,EN,Combined TRACON& Tower with Radar,13,29,22,37,101,0,4,25,14,43,13,33,47,51,144,8,8,16,160
10/08/2015,BGR,ME,ANE,EN,Combined TRACON& Tower with Radar,11,31,34,21,97,0,4,20,4,28,11,35,54,25,125,8,10,18,143
10/09/2015,BGR,ME,ANE,EN,Combined TRACON& Tower with Radar,13,27,25,21,86,0,0,1,2,3,13,27,26,23,89,0,0,0,89
10/10/2015,BGR,ME,ANE,EN,Combined TRACON& Tower with Radar,17,22,19,0,58,0,0,24,2,26,17,22,43,2,84,0,0,0,84
10/11/2015,BGR,ME,ANE,EN,Combined TRACON& Tower with Radar,10,24,26,4,64,0,0,22,6,28,10,24,48,10,92,12,0,12,104
10/12/2015,BGR,ME,ANE,EN,Combined TRACON& Tower with Radar,16,22,18,0,56,0,0,34,2,36,16,22,52,2,92,16,0,16,108
10/13/2015,BGR,ME,ANE,EN,Combined TRACON& Tower with Radar,11,32,28,39,110,0,0,1,0,1,11,32,29,39,111,0,0,0,111
10/14/2015,BGR,ME,ANE,EN,Combined TRACON& Tower with Radar,10,31,33,19,93,0,0,21,4,25,10,31,54,23,118,0,0,0,118
10/15/2015,BGR,ME,ANE,EN,Combined TRACON& Tower with Radar,12,29,29,26,96,0,2,31,17,50,12,31,60,43,146,10,16,26,172
10/16/2015,BGR,ME,ANE,EN,Combined TRACON& Tower with Radar,17,32,30,16,95,0,0,9,4,13,17,32,39,20,108,4,10,14,122
10/17/2015,BGR,ME,ANE,EN,Combined TRACON& Tower with Radar,18,23,25,6,72,0,0,8,2,10,18,23,33,8,82,0,0,0,82
10/18/2015,BGR,ME,ANE,EN,Combined TRACON& Tower with Radar,11,19,19,5,54,0,4,26,2,32,11,23,45,7,86,12,0,12,98
10/19/2015,BGR,ME,ANE,EN,Combined TRACON& Tower with Radar,14,20,16,15,65,0,1,29,2,32,14,21,45,17,97,4,2,6,103
10/20/2015,BGR,ME,ANE,EN,Combined TRACON& Tower with Radar,10,28,15,24,77,0,2,12,14,28,10,30,27,38,105,0,10,10,115
10/21/2015,BGR,ME,ANE,EN,Combined TRACON& Tower with Radar,8,25,25,18,76,0,0,29,4,33,8,25,54,22,109,0,4,4,113
10/22/2015,BGR,ME,ANE,EN,Combined TRACON& Tower with Radar,12,37,31,4,84,0,0,0,3,3,12,37,31,7,87,0,0,0,87
10/23/2015,BGR,ME,ANE,EN,Combined TRACON& Tower with Radar,13,37,32,22,104,0,0,24,21,45,13,37,56,43,149,6,0,6,155
10/24/2015,BGR,ME,ANE,EN,Combined TRACON& Tower with Radar,15,23,17,12,67,0,0,44,20,64,15,23,61,32,131,20,0,20,151
10/25/2015,BGR,ME,ANE,EN,Combined TRACON& Tower with Radar,11,38,10,13,72,0,0,2,4,6,11,38,12,17,78,0,0,0,78
10/26/2015,BGR,ME,ANE,EN,Combined TRACON& Tower with Radar,12,38,29,27,106,0,4,30,13,47,12,42,59,40,153,12,14,26,179
10/27/2015,BGR,ME,ANE,EN,Combined TRACON& Tower with Radar,12,30,14,29,85,0,5,39,21,65,12,35,53,50,150,28,10,38,188
10/28/2015,BGR,ME,ANE,EN,Combined TRACON& Tower with Radar,10,30,28,26,94,0,0,8,9,17,10,30,36,35,111,0,24,24,135
10/29/2015,BGR,ME,ANE,EN,Combined TRACON& Tower with Radar,8,40,18,10,76,0,0,2,1,3,8,40,20,11,79,0,0,0,79
10/30/2015,BGR,ME,ANE,EN,Combined TRACON& Tower with Radar,9,40,25,17,91,0,1,19,2,22,9,41,44,19,113,0,0,0,113
10/31/2015,BGR,ME,ANE,EN,Combined TRACON& Tower with Radar,10,32,24,5,71,0,0,41,1,42,10,32,65,6,113,0,0,0,113
11/01/2015,BGR,ME,ANE,EN,Combined TRACON& Tower with Radar,6,20,25,2,53,0,0,3,2,5,6,20,28,4,58,0,0,0,58
11/02/2015,BGR,ME,ANE,EN,Combined TRACON& Tower with Radar,11,24,23,24,82,0,1,23,13,37,11,25,46,37,119,22,30,52,171
11/03/2015,BGR,ME,ANE,EN,Combined TRACON& Tower with Radar,8,29,16,37,90,0,5,20,29,54,8,34,36,66,144,10,14,24,168
11/04/2015,BGR,ME,ANE,EN,Combined TRACON& Tower with Radar,10,30,22,27,89,0,1,38,14,53,10,31,60,41,142,12,0,12,154
11/05/2015,BGR,ME,ANE,EN,Combined TRACON& Tower with Radar,8,25,28,21,82,0,1,2,4,7,8,26,30,25,89,4,0,4,93
11/06/2015,BGR,ME,ANE,EN,Combined TRACON& Tower with Radar,13,23,30,3,69,0,0,1,0,1,13,23,31,3,70,0,0,0,70
11/07/2015,BGR,ME,ANE,EN,Combined TRACON& Tower with Radar,14,27,9,11,61,0,0,21,16,37,14,27,30,27,98,10,0,10,108
11/08/2015,BGR,ME,ANE,EN,Combined TRACON& Tower with Radar,10,22,13,14,59,0,3,14,9,26,10,25,27,23,85,2,2,4,89
11/09/2015,BGR,ME,ANE,EN,Combined TRACON& Tower with Radar,9,12,24,21,66,0,4,18,3,25,9,16,42,24,91,10,0,10,101
11/10/2015,BGR,ME,ANE,EN,Combined TRACON& Tower with Radar,7,19,8,28,62,0,4,30,18,52,7,23,38,46,114,14,16,30,144
11/11/2015,BGR,ME,ANE,EN,Combined TRACON& Tower with Radar,9,21,17,3,50,0,0,2,0,2,9,21,19,3,52,12,0,12,64
11/12/2015,BGR,ME,ANE,EN,Combined TRACON& Tower with Radar,8,20,27,18,73,0,2,3,3,8,8,22,30,21,81,0,0,0,81
11/13/2015,BGR,ME,ANE,EN,Combined TRACON& Tower with Radar,9,26,17,12,64,0,2,14,14,30,9,28,31,26,94,8,6,14,108
11/14/2015,BGR,ME,ANE,EN,Combined TRACON& Tower with Radar,11,24,11,4,50,0,4,8,9,21,11,28,19,13,71,0,0,0,71
11/15/2015,BGR,ME,ANE,EN,Combined TRACON& Tower with Radar,8,14,30,8,60,0,2,20,12,34,8,16,50,20,94,4,0,4,98
11/16/2015,BGR,ME,ANE,EN,Combined TRACON& Tower with Radar,8,19,24,29,80,0,5,26,4,35,8,24,50,33,115,36,4,40,155
11/17/2015,BGR,ME,ANE,EN,Combined TRACON& Tower with Radar,6,25,28,16,75,0,4,25,14,43,6,29,53,30,118,8,8,16,134
11/18/2015,BGR,ME,ANE,EN,Combined TRACON& Tower with Radar,6,26,20,25,77,0,3,25,19,47,6,29,45,44,124,4,8,12,136
11/19/2015,BGR,ME,ANE,EN,Combined TRACON& Tower with Radar,12,25,17,22,76,0,4,5,1,10,12,29,22,23,86,8,0,8,94
11/20/2015,BGR,ME,ANE,EN,Combined TRACON& Tower with Radar,6,33,28,10,77,0,0,0,0,0,6,33,28,10,77,0,0,0,77
11/21/2015,BGR,ME,ANE,EN,Combined TRACON& Tower with Radar,9,29,15,7,60,0,3,36,4,43,9,32,51,11,103,16,0,16,119
11/22/2015,BGR,ME,ANE,EN,Combined TRACON& Tower with Radar,6,21,12,4,43,0,0,1,0,1,6,21,13,4,44,0,0,0,44
11/23/2015,BGR,ME,ANE,EN,Combined TRACON& Tower with Radar,11,26,11,25,73,0,0,13,6,19,11,26,24,31,92,4,8,12,104
11/24/2015,BGR,ME,ANE,EN,Combined TRACON& Tower with Radar,7,32,29,22,90,0,4,32,20,56,7,36,61,42,146,14,16,30,176
11/25/2015,BGR,ME,ANE,EN,Combined TRACON& Tower with Radar,7,23,12,30,72,0,1,24,3,28,7,24,36,33,100,8,2,10,110
11/26/2015,BGR,ME,ANE,EN,Combined TRACON& Tower with Radar,7,13,10,0,30,0,0,8,2,10,7,13,18,2,40,0,0,0,40
11/27/2015,BGR,ME,ANE,EN,Combined TRACON& Tower with Radar,9,24,12,4,49,0,0,4,2,6,9,24,16,6,55,0,0,0,55
11/28/2015,BGR,ME,ANE,EN,Combined TRACON& Tower with Radar,7,24,6,5,42,0,0,5,0,5,7,24,11,5,47,4,0,4,51
11/29/2015,BGR,ME,ANE,EN,Combined TRACON& Tower with Radar,8,16,15,2,41,0,0,10,1,11,8,16,25,3,52,2,0,2,54
11/30/2015,BGR,ME,ANE,EN,Combined TRACON& Tower with Radar,16,20,3,19,58,0,2,13,4,19,16,22,16,23,77,0,8,8,85
12/01/2015,BGR,ME,ANE,EN,Combined TRACON& Tower with Radar,6,18,19,31,74,0,4,25,12,41,6,22,44,43,115,8,16,24,139
12/02/2015,BGR,ME,ANE,EN,Combined TRACON& Tower with Radar,3,20,10,5,38,0,0,0,0,0,3,20,10,5,38,0,0,0,38
12/03/2015,BGR,ME,ANE,EN,Combined TRACON& Tower with Radar,5,24,10,11,50,0,0,0,0,0,5,24,10,11,50,0,0,0,50
12/04/2015,BGR,ME,ANE,EN,Combined TRACON& Tower with Radar,9,22,12,20,63,0,1,12,29,42,9,23,24,49,105,8,16,24,129
12/05/2015,BGR,ME,ANE,EN,Combined TRACON& Tower with Radar,6,29,16,20,71,0,0,23,3,26,6,29,39,23,97,20,4,24,121
12/06/2015,BGR,ME,ANE,EN,Combined TRACON& Tower with Radar,7,22,23,4,56,1,8,32,0,41,8,30,55,4,97,12,0,12,109
12/07/2015,BGR,ME,ANE,EN,Combined TRACON& Tower with Radar,5,18,26,14,63,0,1,21,14,36,5,19,47,28,99,0,12,12,111
12/08/2015,BGR,ME,ANE,EN,Combined TRACON& Tower with Radar,4,27,16,38,85,0,3,4,21,28,4,30,20,59,113,0,6,6,119
12/09/2015,BGR,ME,ANE,EN,Combined TRACON& Tower with Radar,12,31,17,20,80,0,0,15,11,26,12,31,32,31,106,2,4,6,112
12/10/2015,BGR,ME,ANE,EN,Combined TRACON& Tower with Radar,8,22,24,19,73,0,0,0,0,0,8,22,24,19,73,0,0,0,73
12/11/2015,BGR,ME,ANE,EN,Combined TRACON& Tower with Radar,9,22,31,10,72,0,0,0,0,0,9,22,31,10,72,0,0,0,72
12/12/2015,BGR,ME,ANE,EN,Combined TRACON& Tower with Radar,11,24,9,6,50,0,0,23,0,23,11,24,32,6,73,44,0,44,117
12/13/2015,BGR,ME,ANE,EN,Combined TRACON& Tower with Radar,4,14,9,7,34,0,0,11,2,13,4,14,20,9,47,4,0,4,51
12/14/2015,BGR,ME,ANE,EN,Combined TRACON& Tower with Radar,7,22,13,5,47,0,0,0,1,1,7,22,13,6,48,0,10,10,58
12/15/2015,BGR,ME,ANE,EN,Combined TRACON& Tower with Radar,10,29,9,7,55,0,0,0,0,0,10,29,9,7,55,0,0,0,55
12/16/2015,BGR,ME,ANE,EN,Combined TRACON& Tower with Radar,8,26,25,16,75,0,1,25,11,37,8,27,50,27,112,10,2,12,124
12/17/2015,BGR,ME,ANE,EN,Combined TRACON& Tower with Radar,12,27,33,20,92,0,0,0,1,1,12,27,33,21,93,0,0,0,93
12/18/2015,BGR,ME,ANE,EN,Combined TRACON& Tower with Radar,16,35,22,7,80,0,0,7,1,8,16,35,29,8,88,6,0,6,94
12/19/2015,BGR,ME,ANE,EN,Combined TRACON& Tower with Radar,11,26,21,3,61,0,0,1,0,1,11,26,22,3,62,8,0,8,70
12/20/2015,BGR,ME,ANE,EN,Combined TRACON& Tower with Radar,12,20,14,5,51,0,0,18,3,21,12,20,32,8,72,0,0,0,72
12/21/2015,BGR,ME,ANE,EN,Combined TRACON& Tower with Radar,12,31,15,16,74,0,0,19,9,28,12,31,34,25,102,16,6,22,124
12/22/2015,BGR,ME,ANE,EN,Combined TRACON& Tower with Radar,18,33,16,17,84,0,0,1,3,4,18,33,17,20,88,0,0,0,88
12/23/2015,BGR,ME,ANE,EN,Combined TRACON& Tower with Radar,11,31,11,2,55,0,0,0,0,0,11,31,11,2,55,0,0,0,55
12/24/2015,BGR,ME,ANE,EN,Combined TRACON& Tower with Radar,14,15,4,0,33,0,0,0,0,0,14,15,4,0,33,0,0,0,33
12/25/2015,BGR,ME,ANE,EN,Combined TRACON& Tower with Radar,5,4,2,0,11,0,0,6,0,6,5,4,8,0,17,0,0,0,17
12/26/2015,BGR,ME,ANE,EN,Combined TRACON& Tower with Radar,10,20,5,2,37,0,0,20,0,20,10,20,25,2,57,4,0,4,61
12/27/2015,BGR,ME,ANE,EN,Combined TRACON& Tower with Radar,12,11,3,3,29,0,0,1,0,1,12,11,4,3,30,0,0,0,30
12/28/2015,BGR,ME,ANE,EN,Combined TRACON& Tower with Radar,8,19,15,20,62,0,2,16,7,25,8,21,31,27,87,0,2,2,89
12/29/2015,BGR,ME,ANE,EN,Combined TRACON& Tower with Radar,10,20,3,1,34,0,0,0,1,1,10,20,3,2,35,0,0,0,35
12/30/2015,BGR,ME,ANE,EN,Combined TRACON& Tower with Radar,11,23,5,1,40,0,0,0,0,0,11,23,5,1,40,0,0,0,40
12/31/2015,BGR,ME,ANE,EN,Combined TRACON& Tower with Radar,6,19,1,2,28,0,0,2,2,4,6,19,3,4,32,8,0,8,40
01/01/2016,BGR,ME,ANE,EN,Combined TRACON& Tower with Radar,7,9,7,1,24,0,0,10,4,14,7,9,17,5,38,0,0,0,38
01/02/2016,BGR,ME,ANE,EN,Combined TRACON& Tower with Radar,12,25,9,0,46,0,0,16,1,17,12,25,25,1,63,6,0,6,69
01/03/2016,BGR,ME,ANE,EN,Combined TRACON& Tower with Radar,7,12,5,0,24,0,0,10,2,12,7,12,15,2,36,0,0,0,36
01/04/2016,BGR,ME,ANE,EN,Combined TRACON& Tower with Radar,6,16,14,18,54,0,0,9,7,16,6,16,23,25,70,0,0,0,70
01/05/2016,BGR,ME,ANE,EN,Combined TRACON& Tower with Radar,4,19,19,17,59,0,5,15,29,49,4,24,34,46,108,26,2,28,136
01/06/2016,BGR,ME,ANE,EN,Combined TRACON& Tower with Radar,8,35,16,28,87,0,0,24,15,39,8,35,40,43,126,14,0,14,140
01/07/2016,BGR,ME,ANE,EN,Combined TRACON& Tower with Radar,6,27,5,33,71,0,3,20,12,35,6,30,25,45,106,8,4,12,118
01/08/2016,BGR,ME,ANE,EN,Combined TRACON& Tower with Radar,7,20,19,36,82,0,4,16,11,31,7,24,35,47,113,4,2,6,119
01/09/2016,BGR,ME,ANE,EN,Combined TRACON& Tower with Radar,11,18,12,17,58,0,0,0,8,8,11,18,12,25,66,0,60,60,126
01/10/2016,BGR,ME,ANE,EN,Combined TRACON& Tower with Radar,3,11,11,0,25,0,0,0,0,0,3,11,11,0,25,0,0,0,25
01/11/2016,BGR,ME,ANE,EN,Combined TRACON& Tower with Radar,7,20,11,25,63,0,1,9,6,16,7,21,20,31,79,6,0,6,85
01/12/2016,BGR,ME,ANE,EN,Combined TRACON& Tower with Radar,5,16,21,18,60,0,0,10,4,14,5,16,31,22,74,4,4,8,82
01/13/2016,BGR,ME,ANE,EN,Combined TRACON& Tower with Radar,4,21,11,9,45,0,0,2,1,3,4,21,13,10,48,0,0,0,48
01/14/2016,BGR,ME,ANE,EN,Combined TRACON& Tower with Radar,7,24,19,21,71,0,2,12,24,38,7,26,31,45,109,0,2,2,111
01/15/2016,BGR,ME,ANE,EN,Combined TRACON& Tower with Radar,7,26,17,20,70,0,0,19,16,35,7,26,36,36,105,8,12,20,125
01/16/2016,BGR,ME,ANE,EN,Combined TRACON& Tower with Radar,6,19,4,0,29,0,0,0,0,0,6,19,4,0,29,0,0,0,29
01/17/2016,BGR,ME,ANE,EN,Combined TRACON& Tower with Radar,3,14,14,5,36,0,0,9,7,16,3,14,23,12,52,4,0,4,56
01/18/2016,BGR,ME,ANE,EN,Combined TRACON& Tower with Radar,10,20,18,2,50,0,0,0,0,0,10,20,18,2,50,0,0,0,50
01/19/2016,BGR,ME,ANE,EN,Combined TRACON& Tower with Radar,10,21,13,8,52,1,5,2,18,26,11,26,15,26,78,0,0,0,78
01/20/2016,BGR,ME,ANE,EN,Combined TRACON& Tower with Radar,9,19,12,18,58,0,3,9,10,22,9,22,21,28,80,0,0,0,80
01/21/2016,BGR,ME,ANE,EN,Combined TRACON& Tower with Radar,16,22,30,19,87,1,6,9,18,34,17,28,39,37,121,4,0,4,125
01/22/2016,BGR,ME,ANE,EN,Combined TRACON& Tower with Radar,9,20,25,33,87,0,2,18,12,32,9,22,43,45,119,26,4,30,149
01/23/2016,BGR,ME,ANE,EN,Combined TRACON& Tower with Radar,11,9,22,5,47,0,1,12,5,18,11,10,34,10,65,4,0,4,69
01/24/2016,BGR,ME,ANE,EN,Combined TRACON& Tower with Radar,2,13,15,6,36,0,0,9,3,12,2,13,24,9,48,8,6,14,62
01/25/2016,BGR,ME,ANE,EN,Combined TRACON& Tower with Radar,7,19,14,35,75,0,0,21,7,28,7,19,35,42,103,6,2,8,111
01/26/2016,BGR,ME,ANE,EN,Combined TRACON& Tower with Radar,6,21,16,40,83,0,6,6,15,27,6,27,22,55,110,18,0,18,128
01/27/2016,BGR,ME,ANE,EN,Combined TRACON& Tower with Radar,6,24,19,38,87,0,4,15,8,27,6,28,34,46,114,6,4,10,124
01/28/2016,BGR,ME,ANE,EN,Combined TRACON& Tower with Radar,8,18,13,32,71,0,2,38,17,57,8,20,51,49,128,18,4,22,150
01/29/2016,BGR,ME,ANE,EN,Combined TRACON& Tower with Radar,9,21,17,11,58,0,0,3,0,3,9,21,20,11,61,0,0,0,61
01/30/2016,BGR,ME,ANE,EN,Combined TRACON& Tower with Radar,14,16,16,7,53,0,0,25,0,25,14,16,41,7,78,22,0,22,100
01/31/2016,BGR,ME,ANE,EN,Combined TRACON& Tower with Radar,9,13,21,3,46,0,0,17,4,21,9,13,38,7,67,10,0,10,77
02/01/2016,BGR,ME,ANE,EN,Combined TRACON& Tower with Radar,12,23,9,21,65,0,0,9,9,18,12,23,18,30,83,0,12,12,95
02/02/2016,BGR,ME,ANE,EN,Combined TRACON& Tower with Radar,4,18,18,18,58,0,3,20,23,46,4,21,38,41,104,6,16,22,126
02/03/2016,BGR,ME,ANE,EN,Combined TRACON& Tower with Radar,10,18,11,12,51,0,0,0,0,0,10,18,11,12,51,14,0,14,65
02/04/2016,BGR,ME,ANE,EN,Combined TRACON& Tower with Radar,8,26,21,17,72,0,4,14,15,33,8,30,35,32,105,10,0,10,115
02/05/2016,BGR,ME,ANE,EN,Combined TRACON& Tower with Radar,7,18,11,4,40,0,0,0,1,1,7,18,11,5,41,0,0,0,41
02/06/2016,BGR,ME,ANE,EN,Combined TRACON& Tower with Radar,11,22,13,14,60,0,0,16,20,36,11,22,29,34,96,4,28,32,128
02/07/2016,BGR,ME,ANE,EN,Combined TRACON& Tower with Radar,12,12,17,10,51,0,0,11,7,18,12,12,28,17,69,10,12,22,91
02/08/2016,BGR,ME,ANE,EN,Combined TRACON& Tower with Radar,6,16,3,13,38,0,0,2,7,9,6,16,5,20,47,0,14,14,61
02/09/2016,BGR,ME,ANE,EN,Combined TRACON& Tower with Radar,5,22,6,9,42,0,2,0,1,3,5,24,6,10,45,0,14,14,59
02/10/2016,BGR,ME,ANE,EN,Combined TRACON& Tower with Radar,9,20,30,31,90,0,0,9,12,21,9,20,39,43,111,4,8,12,123
02/11/2016,BGR,ME,ANE,EN,Combined TRACON& Tower with Radar,6,23,14,45,88,0,0,6,9,15,6,23,20,54,103,18,24,42,145
02/12/2016,BGR,ME,ANE,EN,Combined TRACON& Tower with Radar,9,23,17,9,58,0,0,17,13,30,9,23,34,22,88,0,2,2,90
02/13/2016,BGR,ME,ANE,EN,Combined TRACON& Tower with Radar,11,27,9,1,48,0,0,0,0,0,11,27,9,1,48,0,0,0,48
02/14/2016,BGR,ME,ANE,EN,Combined TRACON& Tower with Radar,3,22,11,5,41,0,0,1,7,8,3,22,12,12,49,0,0,0,49
02/15/2016,BGR,ME,ANE,EN,Combined TRACON& Tower with Radar,13,15,16,0,44,0,2,18,4,24,13,17,34,4,68,28,0,28,96
02/16/2016,BGR,ME,ANE,EN,Combined TRACON& Tower with Radar,0,14,5,2,21,0,0,0,0,0,0,14,5,2,21,0,0,0,21
02/17/2016,BGR,ME,ANE,EN,Combined TRACON& Tower with Radar,4,25,19,27,75,0,0,18,16,34,4,25,37,43,109,12,14,26,135
02/18/2016,BGR,ME,ANE,EN,Combined TRACON& Tower with Radar,4,24,19,29,76,0,5,18,23,46,4,29,37,52,122,6,6,12,134
02/19/2016,BGR,ME,ANE,EN,Combined TRACON& Tower with Radar,6,21,12,9,48,0,0,28,7,35,6,21,40,16,83,20,0,20,103
02/20/2016,BGR,ME,ANE,EN,Combined TRACON& Tower with Radar,15,28,12,2,57,0,0,1,0,1,15,28,13,2,58,0,0,0,58
02/21/2016,BGR,ME,ANE,EN,Combined TRACON& Tower with Radar,7,13,10,10,40,0,0,20,2,22,7,13,30,12,62,20,0,20,82
02/22/2016,BGR,ME,ANE,EN,Combined TRACON& Tower with Radar,6,20,12,26,64,0,1,12,4,17,6,21,24,30,81,0,6,6,87
02/23/2016,BGR,ME,ANE,EN,Combined TRACON& Tower with Radar,4,32,18,22,76,0,3,23,21,47,4,35,41,43,123,0,0,0,123
02/24/2016,BGR,ME,ANE,EN,Combined TRACON& Tower with Radar,4,23,13,9,49,0,0,0,2,2,4,23,13,11,51,22,14,36,87
02/25/2016,BGR,ME,ANE,EN,Combined TRACON& Tower with Radar,8,23,16,4,51,0,0,0,0,0,8,23,16,4,51,0,0,0,51
02/26/2016,BGR,ME,ANE,EN,Combined TRACON& Tower with Radar,6,32,11,12,61,0,3,4,2,9,6,35,15,14,70,0,0,0,70
02/27/2016,BGR,ME,ANE,EN,Combined TRACON& Tower with Radar,11,22,18,5,56,0,1,31,0,32,11,23,49,5,88,24,4,28,116
02/28/2016,BGR,ME,ANE,EN,Combined TRACON& Tower with Radar,9,14,5,3,31,0,1,18,0,19,9,15,23,3,50,18,0,18,68
02/29/2016,BGR,ME,ANE,EN,Combined TRACON& Tower with Radar,6,21,15,25,67,0,2,10,9,21,6,23,25,34,88,0,50,50,138
03/01/2016,BGR,ME,ANE,EN,Combined TRACON& Tower with Radar,8,21,21,34,84,0,2,29,24,55,8,23,50,58,139,16,4,20,159
03/02/2016,BGR,ME,ANE,EN,Combined TRACON& Tower with Radar,9,20,4,8,41,0,0,0,1,1,9,20,4,9,42,0,0,0,42
03/03/2016,BGR,ME,ANE,EN,Combined TRACON& Tower with Radar,8,19,11,27,65,0,9,24,18,51,8,28,35,45,116,18,0,18,134
03/04/2016,BGR,ME,ANE,EN,Combined TRACON& Tower with Radar,7,26,26,22,81,0,6,30,19,55,7,32,56,41,136,40,50,90,226
03/05/2016,BGR,ME,ANE,EN,Combined TRACON& Tower with Radar,15,24,15,16,70,0,0,14,25,39,15,24,29,41,109,0,8,8,117
03/06/2016,BGR,ME,ANE,EN,Combined TRACON& Tower with Radar,13,15,13,9,50,0,0,25,9,34,13,15,38,18,84,24,0,24,108
03/07/2016,BGR,ME,ANE,EN,Combined TRACON& Tower with Radar,6,32,19,24,81,0,0,2,3,5,6,32,21,27,86,0,6,6,92
03/08/2016,BGR,ME,ANE,EN,Combined TRACON& Tower with Radar,11,24,18,26,79,0,11,26,13,50,11,35,44,39,129,0,26,26,155
03/09/2016,BGR,ME,ANE,EN,Combined TRACON& Tower with Radar,11,20,13,21,65,0,11,4,8,23,11,31,17,29,88,12,0,12,100
03/10/2016,BGR,ME,ANE,EN,Combined TRACON& Tower with Radar,8,26,17,15,66,0,1,5,0,6,8,27,22,15,72,0,0,0,72
03/11/2016,BGR,ME,ANE,EN,Combined TRACON& Tower with Radar,10,16,16,29,71,0,2,11,2,15,10,18,27,31,86,4,0,4,90
03/12/2016,BGR,ME,ANE,EN,Combined TRACON& Tower with Radar,14,21,18,3,56,0,2,11,0,13,14,23,29,3,69,14,0,14,83
03/13/2016,BGR,ME,ANE,EN,Combined TRACON& Tower with Radar,11,13,13,3,40,0,0,4,3,7,11,13,17,6,47,8,0,8,55
03/14/2016,BGR,ME,ANE,EN,Combined TRACON& Tower with Radar,6,19,13,34,72,0,0,17,10,27,6,19,30,44,99,6,34,40,139
03/15/2016,BGR,ME,ANE,EN,Combined TRACON& Tower with Radar,8,29,13,37,87,0,0,0,0,0,8,29,13,37,87,0,0,0,87
03/16/2016,BGR,ME,ANE,EN,Combined TRACON& Tower with Radar,8,23,16,27,74,0,0,2,2,4,8,23,18,29,78,0,0,0,78
03/17/2016,BGR,ME,ANE,EN,Combined TRACON& Tower with Radar,7,21,16,21,65,0,0,1,1,2,7,21,17,22,67,0,0,0,67
03/18/2016,BGR,ME,ANE,EN,Combined TRACON& Tower with Radar,7,22,14,17,60,0,0,4,2,6,7,22,18,19,66,8,38,46,112
03/19/2016,BGR,ME,ANE,EN,Combined TRACON& Tower with Radar,13,21,12,5,51,0,1,17,4,22,13,22,29,9,73,0,16,16,89
03/20/2016,BGR,ME,ANE,EN,Combined TRACON& Tower with Radar,7,14,12,6,39,0,0,24,1,25,7,14,36,7,64,38,0,38,102
03/21/2016,BGR,ME,ANE,EN,Combined TRACON& Tower with Radar,6,20,10,3,39,0,0,3,0,3,6,20,13,3,42,2,0,2,44
03/22/2016,BGR,ME,ANE,EN,Combined TRACON& Tower with Radar,10,23,23,24,80,0,7,26,19,52,10,30,49,43,132,30,4,34,166
03/23/2016,BGR,ME,ANE,EN,Combined TRACON& Tower with Radar,7,27,14,15,63,0,0,19,9,28,7,27,33,24,91,6,12,18,109
03/24/2016,BGR,ME,ANE,EN,Combined TRACON& Tower with Radar,10,19,14,27,70,0,0,2,11,13,10,19,16,38,83,0,24,24,107
03/25/2016,BGR,ME,ANE,EN,Combined TRACON& Tower with Radar,7,23,9,5,44,0,0,0,0,0,7,23,9,5,44,0,0,0,44
03/26/2016,BGR,ME,ANE,EN,Combined TRACON& Tower with Radar,9,21,15,6,51,0,0,20,2,22,9,21,35,8,73,4,0,4,77
03/27/2016,BGR,ME,ANE,EN,Combined TRACON& Tower with Radar,11,15,12,6,44,0,0,8,0,8,11,15,20,6,52,0,0,0,52
03/28/2016,BGR,ME,ANE,EN,Combined TRACON& Tower with Radar,6,17,8,20,51,0,0,0,1,1,6,17,8,21,52,0,12,12,64
03/29/2016,BGR,ME,ANE,EN,Combined TRACON& Tower with Radar,17,19,12,17,65,0,2,0,16,18,17,21,12,33,83,0,0,0,83
03/30/2016,BGR,ME,ANE,EN,Combined TRACON& Tower with Radar,11,25,20,22,78,3,3,29,11,46,14,28,49,33,124,22,2,24,148
03/31/2016,BGR,ME,ANE,EN,Combined TRACON& Tower with Radar,9,27,10,22,68,0,2,14,12,28,9,29,24,34,96,0,8,8,104
04/01/2016,BGR,ME,ANE,EN,Combined TRACON& Tower with Radar,11,26,13,10,60,0,0,0,0,0,11,26,13,10,60,0,0,0,60
04/02/2016,BGR,ME,ANE,EN,Combined TRACON& Tower with Radar,11,19,12,17,59,0,0,19,27,46,11,19,31,44,105,30,14,44,149
04/03/2016,BGR,ME,ANE,EN,Combined TRACON& Tower with Radar,11,20,6,16,53,0,0,0,5,5,11,20,6,21,58,0,10,10,68
04/04/2016,BGR,ME,ANE,EN,Combined TRACON& Tower with Radar,18,18,10,25,71,0,0,10,15,25,18,18,20,40,96,0,4,4,100
04/05/2016,BGR,ME,ANE,EN,Combined TRACON& Tower with Radar,16,17,6,23,62,0,3,14,12,29,16,20,20,35,91,2,0,2,93
04/06/2016,BGR,ME,ANE,EN,Combined TRACON& Tower with Radar,10,19,21,17,67,0,0,13,9,22,10,19,34,26,89,14,4,18,107
04/07/2016,BGR,ME,ANE,EN,Combined TRACON& Tower with Radar,7,19,16,11,53,0,0,0,0,0,7,19,16,11,53,0,0,0,53
04/08/2016,BGR,ME,ANE,EN,Combined TRACON& Tower with Radar,5,23,13,14,55,0,0,5,4,9,5,23,18,18,64,6,0,6,70
04/09/2016,BGR,ME,ANE,EN,Combined TRACON& Tower with Radar,14,22,10,17,63,0,0,22,0,22,14,22,32,17,85,36,2,38,123
04/10/2016,BGR,ME,ANE,EN,Combined TRACON& Tower with Radar,12,19,15,12,58,0,1,10,0,11,12,20,25,12,69,2,0,2,71
04/11/2016,BGR,ME,ANE,EN,Combined TRACON& Tower with Radar,8,14,9,10,41,0,0,5,2,7,8,14,14,12,48,0,0,0,48
04/12/2016,BGR,ME,ANE,EN,Combined TRACON& Tower with Radar,16,25,13,8,62,0,0,0,0,0,16,25,13,8,62,0,0,0,62
04/13/2016,BGR,ME,ANE,EN,Combined TRACON& Tower with Radar,12,18,28,14,72,0,1,27,12,40,12,19,55,26,112,8,0,8,120
04/14/2016,BGR,ME,ANE,EN,Combined TRACON& Tower with Radar,10,23,26,17,76,0,7,27,19,53,10,30,53,36,129,26,18,44,173
04/15/2016,BGR,ME,ANE,EN,Combined TRACON& Tower with Radar,8,24,23,10,65,0,0,19,2,21,8,24,42,12,86,14,0,14,100
04/16/2016,BGR,ME,ANE,EN,Combined TRACON& Tower with Radar,12,22,21,11,66,0,0,20,0,20,12,22,41,11,86,0,0,0,86
04/17/2016,BGR,ME,ANE,EN,Combined TRACON& Tower with Radar,11,12,20,15,58,0,2,38,2,42,11,14,58,17,100,58,0,58,158
04/18/2016,BGR,ME,ANE,EN,Combined TRACON& Tower with Radar,9,22,9,12,52,0,0,18,5,23,9,22,27,17,75,56,4,60,135
04/19/2016,BGR,ME,ANE,EN,Combined TRACON& Tower with Radar,14,19,13,20,66,0,0,5,4,9,14,19,18,24,75,0,0,0,75
04/20/2016,BGR,ME,ANE,EN,Combined TRACON& Tower with Radar,13,19,16,25,73,0,1,22,5,28,13,20,38,30,101,14,0,14,115
04/21/2016,BGR,ME,ANE,EN,Combined TRACON& Tower with Radar,11,23,19,44,97,0,4,33,23,60,11,27,52,67,157,34,6,40,197
04/22/2016,BGR,ME,ANE,EN,Combined TRACON& Tower with Radar,11,23,17,18,69,0,0,10,3,13,11,23,27,21,82,10,2,12,94
04/23/2016,BGR,ME,ANE,EN,Combined TRACON& Tower with Radar,10,23,13,19,65,0,0,13,0,13,10,23,26,19,78,6,0,6,84
04/24/2016,BGR,ME,ANE,EN,Combined TRACON& Tower with Radar,14,16,23,8,61,0,6,19,2,27,14,22,42,10,88,8,0,8,96
04/25/2016,BGR,ME,ANE,EN,Combined TRACON& Tower with Radar,10,28,23,19,80,0,0,19,5,24,10,28,42,24,104,12,4,16,120
04/26/2016,BGR,ME,ANE,EN,Combined TRACON& Tower with Radar,13,24,15,23,75,0,0,2,6,8,13,24,17,29,83,6,8,14,97
04/27/2016,BGR,ME,ANE,EN,Combined TRACON& Tower with Radar,13,21,44,16,94,0,0,38,8,46,13,21,82,24,140,8,0,8,148
04/28/2016,BGR,ME,ANE,EN,Combined TRACON& Tower with Radar,8,24,26,26,84,0,1,24,14,39,8,25,50,40,123,10,18,28,151
04/29/2016,BGR,ME,ANE,EN,Combined TRACON& Tower with Radar,10,25,26,20,81,0,0,39,7,46,10,25,65,27,127,16,10,26,153
04/30/2016,BGR,ME,ANE,EN,Combined TRACON& Tower with Radar,10,32,8,13,63,0,0,22,1,23,10,32,30,14,86,12,0,12,98
05/01/2016,BGR,ME,ANE,EN,Combined TRACON& Tower with Radar,9,19,15,7,50,0,1,11,4,16,9,20,26,11,66,2,0,2,68
05/02/2016,BGR,ME,ANE,EN,Combined TRACON& Tower with Radar,11,26,13,25,75,0,0,1,2,3,11,26,14,27,78,2,6,8,86
05/03/2016,BGR,ME,ANE,EN,Combined TRACON& Tower with Radar,11,29,29,38,107,0,0,11,17,28,11,29,40,55,135,8,4,12,147
05/04/2016,BGR,ME,ANE,EN,Combined TRACON& Tower with Radar,7,29,35,17,88,0,0,12,10,22,7,29,47,27,110,4,0,4,114
05/05/2016,BGR,ME,ANE,EN,Combined TRACON& Tower with Radar,13,30,6,16,65,0,0,1,2,3,13,30,7,18,68,4,0,4,72
05/06/2016,BGR,ME,ANE,EN,Combined TRACON& Tower with Radar,16,32,42,17,107,0,0,24,10,34,16,32,66,27,141,0,0,0,141
05/07/2016,BGR,ME,ANE,EN,Combined TRACON& Tower with Radar,13,24,23,13,73,0,0,11,0,11,13,24,34,13,84,0,0,0,84
05/08/2016,BGR,ME,ANE,EN,Combined TRACON& Tower with Radar,16,13,25,12,66,0,0,0,0,0,16,13,25,12,66,0,0,0,66
05/09/2016,BGR,ME,ANE,EN,Combined TRACON& Tower with Radar,12,21,13,35,81,0,1,17,21,39,12,22,30,56,120,10,8,18,138
05/10/2016,BGR,ME,ANE,EN,Combined TRACON& Tower with Radar,14,26,10,45,95,0,0,17,26,43,14,26,27,71,138,0,20,20,158
05/11/2016,BGR,ME,ANE,EN,Combined TRACON& Tower with Radar,15,26,24,20,85,0,4,49,29,82,15,30,73,49,167,24,2,26,193
05/12/2016,BGR,ME,ANE,EN,Combined TRACON& Tower with Radar,15,22,22,22,81,0,2,28,30,60,15,24,50,52,141,0,10,10,151
05/13/2016,BGR,ME,ANE,EN,Combined TRACON& Tower with Radar,14,29,34,20,97,0,0,18,15,33,14,29,52,35,130,20,22,42,172
05/14/2016,BGR,ME,ANE,EN,Combined TRACON& Tower with Radar,12,16,20,5,53,0,0,34,25,59,12,16,54,30,112,0,0,0,112
05/15/2016,BGR,ME,ANE,EN,Combined TRACON& Tower with Radar,12,17,11,19,59,0,0,4,0,4,12,17,15,19,63,0,0,0,63
05/16/2016,BGR,ME,ANE,EN,Combined TRACON& Tower with Radar,14,31,18,13,76,0,0,7,17,24,14,31,25,30,100,2,0,2,102
05/17/2016,BGR,ME,ANE,EN,Combined TRACON& Tower with Radar,16,25,16,35,92,0,5,23,20,48,16,30,39,55,140,10,6,16,156
05/18/2016,BGR,ME,ANE,EN,Combined TRACON& Tower with Radar,11,24,14,31,80,0,4,28,26,58,11,28,42,57,138,8,2,10,148
05/19/2016,BGR,ME,ANE,EN,Combined TRACON& Tower with Radar,21,26,21,24,92,0,3,15,22,40,21,29,36,46,132,18,22,40,172
05/20/2016,BGR,ME,ANE,EN,Combined TRACON& Tower with Radar,14,26,38,14,92,0,0,35,20,55,14,26,73,34,147,16,10,26,173
05/21/2016,BGR,ME,ANE,EN,Combined TRACON& Tower with Radar,16,26,12,6,60,0,0,25,13,38,16,26,37,19,98,0,0,0,98
05/22/2016,BGR,ME,ANE,EN,Combined TRACON& Tower with Radar,14,14,12,3,43,0,0,14,9,23,14,14,26,12,66,0,0,0,66
05/23/2016,BGR,ME,ANE,EN,Combined TRACON& Tower with Radar,16,19,17,30,82,0,0,34,8,42,16,19,51,38,124,6,0,6,130
05/24/2016,BGR,ME,ANE,EN,Combined TRACON& Tower with Radar,12,25,31,49,117,0,0,5,5,10,12,25,36,54,127,0,8,8,135
05/25/2016,BGR,ME,ANE,EN,Combined TRACON& Tower with Radar,12,30,22,26,90,0,0,13,13,26,12,30,35,39,116,0,20,20,136
05/26/2016,BGR,ME,ANE,EN,Combined TRACON& Tower with Radar,18,29,29,30,106,3,2,34,1,40,21,31,63,31,146,14,2,16,162
05/27/2016,BGR,ME,ANE,EN,Combined TRACON& Tower with Radar,18,32,30,8,88,0,0,4,1,5,18,32,34,9,93,2,0,2,95
05/28/2016,BGR,ME,ANE,EN,Combined TRACON& Tower with Radar,16,26,10,5,57,0,2,17,1,20,16,28,27,6,77,8,0,8,85
05/29/2016,BGR,ME,ANE,EN,Combined TRACON& Tower with Radar,10,8,11,7,36,0,0,9,2,11,10,8,20,9,47,0,0,0,47
05/30/2016,BGR,ME,ANE,EN,Combined TRACON& Tower with Radar,16,13,16,6,51,0,0,4,0,4,16,13,20,6,55,2,0,2,57
05/31/2016,BGR,ME,ANE,EN,Combined TRACON& Tower with Radar,12,30,17,27,86,0,5,30,18,53,12,35,47,45,139,0,0,0,139
06/01/2016,BGR,ME,ANE,EN,Combined TRACON& Tower with Radar,12,21,9,31,73,0,0,28,15,43,12,21,37,46,116,8,4,12,128
06/02/2016,BGR,ME,ANE,EN,Combined TRACON& Tower with Radar,14,33,19,37,103,0,3,24,15,42,14,36,43,52,145,0,10,10,155
06/03/2016,BGR,ME,ANE,EN,Combined TRACON& Tower with Radar,16,31,21,11,79,0,0,1,0,1,16,31,22,11,80,0,0,0,80
06/04/2016,BGR,ME,ANE,EN,Combined TRACON& Tower with Radar,18,30,19,30,97,0,0,20,13,33,18,30,39,43,130,24,8,32,162
06/05/2016,BGR,ME,ANE,EN,Combined TRACON& Tower with Radar,14,20,25,12,71,0,0,6,0,6,14,20,31,12,77,18,0,18,95
06/06/2016,BGR,ME,ANE,EN,Combined TRACON& Tower with Radar,15,27,22,6,70,0,0,15,2,17,15,27,37,8,87,8,6,14,101
06/07/2016,BGR,ME,ANE,EN,Combined TRACON& Tower with Radar,14,29,24,19,86,0,0,5,3,8,14,29,29,22,94,12,0,12,106
06/08/2016,BGR,ME,ANE,EN,Combined TRACON& Tower with Radar,18,31,22,35,106,0,0,14,16,30,18,31,36,51,136,24,6,30,166
06/09/2016,BGR,ME,ANE,EN,Combined TRACON& Tower with Radar,16,26,23,39,104,0,3,15,21,39,16,29,38,60,143,0,2,2,145
06/10/2016,BGR,ME,ANE,EN,Combined TRACON& Tower with Radar,23,27,29,30,109,0,0,20,13,33,23,27,49,43,142,24,0,24,166
06/11/2016,BGR,ME,ANE,EN,Combined TRACON& Tower with Radar,17,30,33,9,89,0,0,16,6,22,17,30,49,15,111,6,0,6,117
06/12/2016,BGR,ME,ANE,EN,Combined TRACON& Tower with Radar,18,24,42,5,89,0,0,1,0,1,18,24,43,5,90,0,0,0,90
06/13/2016,BGR,ME,ANE,EN,Combined TRACON& Tower with Radar,16,26,22,32,96,0,0,8,5,13,16,26,30,37,109,0,4,4,113
06/14/2016,BGR,ME,ANE,EN,Combined TRACON& Tower with Radar,19,32,13,54,118,0,1,16,23,40,19,33,29,77,158,4,24,28,186
06/15/2016,BGR,ME,ANE,EN,Combined TRACON& Tower with Radar,16,28,34,22,100,0,2,28,15,45,16,30,62,37,145,4,18,22,167
06/16/2016,BGR,ME,ANE,EN,Combined TRACON& Tower with Radar,16,27,25,18,86,0,1,28,14,43,16,28,53,32,129,26,4,30,159
06/17/2016,BGR,ME,ANE,EN,Combined TRACON& Tower with Radar,17,30,29,23,99,0,1,34,14,49,17,31,63,37,148,6,0,6,154
06/18/2016,BGR,ME,ANE,EN,Combined TRACON& Tower with Radar,14,33,22,11,80,0,0,33,2,35,14,33,55,13,115,8,0,8,123
06/19/2016,BGR,ME,ANE,EN,Combined TRACON& Tower with Radar,18,26,30,5,79,0,0,27,3,30,18,26,57,8,109,6,0,6,115
06/20/2016,BGR,ME,ANE,EN,Combined TRACON& Tower with Radar,17,19,23,12,71,0,4,27,1,32,17,23,50,13,103,2,0,2,105
06/21/2016,BGR,ME,ANE,EN,Combined TRACON& Tower with Radar,19,31,18,46,114,0,0,21,25,46,19,31,39,71,160,26,20,46,206
06/22/2016,BGR,ME,ANE,EN,Combined TRACON& Tower with Radar,22,33,35,40,130,0,0,28,9,37,22,33,63,49,167,32,14,46,213
06/23/2016,BGR,ME,ANE,EN,Combined TRACON& Tower with Radar,15,27,24,31,97,0,2,33,12,47,15,29,57,43,144,48,16,64,208
06/24/2016,BGR,ME,ANE,EN,Combined TRACON& Tower with Radar,23,27,23,23,96,0,0,30,8,38,23,27,53,31,134,64,0,64,198
06/25/2016,BGR,ME,ANE,EN,Combined TRACON& Tower with Radar,24,27,33,8,92,0,0,28,2,30,24,27,61,10,122,8,0,8,130
06/26/2016,BGR,ME,ANE,EN,Combined TRACON& Tower with Radar,16,27,26,9,78,0,0,31,0,31,16,27,57,9,109,74,0,74,183
06/27/2016,BGR,ME,ANE,EN,Combined TRACON& Tower with Radar,22,27,26,22,97,0,0,29,1,30,22,27,55,23,127,16,0,16,143
06/28/2016,BGR,ME,ANE,EN,Combined TRACON& Tower with Radar,18,27,32,24,101,0,0,17,6,23,18,27,49,30,124,0,2,2,126
06/29/2016,BGR,ME,ANE,EN,Combined TRACON& Tower with Radar,20,31,31,20,102,0,0,3,0,3,20,31,34,20,105,0,0,0,105
06/30/2016,BGR,ME,ANE,EN,Combined TRACON& Tower with Radar,17,25,31,27,100,0,3,51,29,83,17,28,82,56,183,106,4,110,293
07/01/2016,BGR,ME,ANE,EN,Combined TRACON& Tower with Radar,18,31,21,15,85,0,5,52,3,60,18,36,73,18,145,102,0,102,247
07/02/2016,BGR,ME,ANE,EN,Combined TRACON& Tower with Radar,21,29,47,10,107,0,1,16,3,20,21,30,63,13,127,20,0,20,147
07/03/2016,BGR,ME,ANE,EN,Combined TRACON& Tower with Radar,20,18,17,1,56,0,0,16,6,22,20,18,33,7,78,0,0,0,78
07/04/2016,BGR,ME,ANE,EN,Combined TRACON& Tower with Radar,20,19,26,8,73,0,0,26,2,28,20,19,52,10,101,0,0,0,101
07/05/2016,BGR,ME,ANE,EN,Combined TRACON& Tower with Radar,16,31,26,33,106,0,0,28,11,39,16,31,54,44,145,22,20,42,187
07/06/2016,BGR,ME,ANE,EN,Combined TRACON& Tower with Radar,21,35,14,27,97,1,0,32,3,36,22,35,46,30,133,20,8,28,161
07/07/2016,BGR,ME,ANE,EN,Combined TRACON& Tower with Radar,19,32,31,21,103,0,0,0,1,1,19,32,31,22,104,0,0,0,104
07/08/2016,BGR,ME,ANE,EN,Combined TRACON& Tower with Radar,20,37,20,21,98,0,0,6,1,7,20,37,26,22,105,0,0,0,105
07/09/2016,BGR,ME,ANE,EN,Combined TRACON& Tower with Radar,23,41,38,8,110,0,0,0,0,0,23,41,38,8,110,4,0,4,114
07/10/2016,BGR,ME,ANE,EN,Combined TRACON& Tower with Radar,19,28,27,8,82,0,0,0,0,0,19,28,27,8,82,0,0,0,82
07/11/2016,BGR,ME,ANE,EN,Combined TRACON& Tower with Radar,21,37,30,19,107,0,3,17,1,21,21,40,47,20,128,12,8,20,148
07/12/2016,BGR,ME,ANE,EN,Combined TRACON& Tower with Radar,18,29,35,35,117,0,2,34,22,58,18,31,69,57,175,26,6,32,207
07/13/2016,BGR,ME,ANE,EN,Combined TRACON& Tower with Radar,18,27,36,33,114,0,0,11,22,33,18,27,47,55,147,4,12,16,163
07/14/2016,BGR,ME,ANE,EN,Combined TRACON& Tower with Radar,22,30,25,23,100,0,0,6,8,14,22,30,31,31,114,0,0,0,114
07/15/2016,BGR,ME,ANE,EN,Combined TRACON& Tower with Radar,24,41,29,23,117,0,0,17,11,28,24,41,46,34,145,10,8,18,163
07/16/2016,BGR,ME,ANE,EN,Combined TRACON& Tower with Radar,24,44,24,7,99,0,1,30,0,31,24,45,54,7,130,10,0,10,140
07/17/2016,BGR,ME,ANE,EN,Combined TRACON& Tower with Radar,20,40,37,8,105,0,0,5,0,5,20,40,42,8,110,0,0,0,110
07/18/2016,BGR,ME,ANE,EN,Combined TRACON& Tower with Radar,17,22,33,6,78,0,1,13,6,20,17,23,46,12,98,18,2,20,118
07/19/2016,BGR,ME,ANE,EN,Combined TRACON& Tower with Radar,18,37,26,43,124,0,3,38,32,73,18,40,64,75,197,4,10,14,211
07/20/2016,BGR,ME,ANE,EN,Combined TRACON& Tower with Radar,19,33,45,36,133,0,3,40,15,58,19,36,85,51,191,4,8,12,203
07/21/2016,BGR,ME,ANE,EN,Combined TRACON& Tower with Radar,19,37,19,32,107,0,3,33,23,59,19,40,52,55,166,8,6,14,180
07/22/2016,BGR,ME,ANE,EN,Combined TRACON& Tower with Radar,20,36,16,21,93,0,3,20,6,29,20,39,36,27,122,4,0,4,126
07/23/2016,BGR,ME,ANE,EN,Combined TRACON& Tower with Radar,28,25,31,8,92,0,0,17,3,20,28,25,48,11,112,2,0,2,114
07/24/2016,BGR,ME,ANE,EN,Combined TRACON& Tower with Radar,22,35,24,9,90,0,5,31,11,47,22,40,55,20,137,2,0,2,139
07/25/2016,BGR,ME,ANE,EN,Combined TRACON& Tower with Radar,21,34,22,16,93,0,2,23,4,29,21,36,45,20,122,6,6,12,134
07/26/2016,BGR,ME,ANE,EN,Combined TRACON& Tower with Radar,17,33,17,31,98,0,1,11,17,29,17,34,28,48,127,0,4,4,131
07/27/2016,BGR,ME,ANE,EN,Combined TRACON& Tower with Radar,19,28,18,18,83,0,5,31,7,43,19,33,49,25,126,14,2,16,142
07/28/2016,BGR,ME,ANE,EN,Combined TRACON& Tower with Radar,20,30,35,24,109,0,0,10,8,18,20,30,45,32,127,4,8,12,139
07/29/2016,BGR,ME,ANE,EN,Combined TRACON& Tower with Radar,23,37,27,21,108,0,1,23,8,32,23,38,50,29,140,18,2,20,160
07/30/2016,BGR,ME,ANE,EN,Combined TRACON& Tower with Radar,24,28,28,1,81,0,2,18,2,22,24,30,46,3,103,10,0,10,113
07/31/2016,BGR,ME,ANE,EN,Combined TRACON& Tower with Radar,19,28,19,20,86,0,1,11,2,14,19,29,30,22,100,2,0,2,102
08/01/2016,BGR,ME,ANE,EN,Combined TRACON& Tower with Radar,13,32,9,19,73,0,2,11,5,18,13,34,20,24,91,0,6,6,97
08/02/2016,BGR,ME,ANE,EN,Combined TRACON& Tower with Radar,17,31,24,46,118,0,1,19,24,44,17,32,43,70,162,2,18,20,182
08/03/2016,BGR,ME,ANE,EN,Combined TRACON& Tower with Radar,18,33,22,37,110,0,4,35,9,48,18,37,57,46,158,4,8,12,170
08/04/2016,BGR,ME,ANE,EN,Combined TRACON& Tower with Radar,24,32,24,37,117,0,6,32,21,59,24,38,56,58,176,10,8,18,194
08/05/2016,BGR,ME,ANE,EN,Combined TRACON& Tower with Radar,22,30,23,35,110,0,0,23,7,30,22,30,46,42,140,10,2,12,152
08/06/2016,BGR,ME,ANE,EN,Combined TRACON& Tower with Radar,26,34,22,9,91,0,1,18,1,20,26,35,40,10,111,20,0,20,131
08/07/2016,BGR,ME,ANE,EN,Combined TRACON& Tower with Radar,20,29,29,12,90,0,0,19,0,19,20,29,48,12,109,0,0,0,109
08/08/2016,BGR,ME,ANE,EN,Combined TRACON& Tower with Radar,18,19,20,35,92,0,1,20,4,25,18,20,40,39,117,4,4,8,125
08/09/2016,BGR,ME,ANE,EN,Combined TRACON& Tower with Radar,21,29,22,34,106,0,2,26,18,46,21,31,48,52,152,34,8,42,194
08/10/2016,BGR,ME,ANE,EN,Combined TRACON& Tower with Radar,19,32,34,28,113,0,0,23,6,29,19,32,57,34,142,6,0,6,148
08/11/2016,BGR,ME,ANE,EN,Combined TRACON& Tower with Radar,23,26,26,31,106,0,2,11,2,15,23,28,37,33,121,0,4,4,125
08/12/2016,BGR,ME,ANE,EN,Combined TRACON& Tower with Radar,23,33,22,18,96,0,0,13,6,19,23,33,35,24,115,20,0,20,135
08/13/2016,BGR,ME,ANE,EN,Combined TRACON& Tower with Radar,22,32,21,5,80,0,0,2,0,2,22,32,23,5,82,0,0,0,82
08/14/2016,BGR,ME,ANE,EN,Combined TRACON& Tower with Radar,22,31,30,6,89,0,0,4,0,4,22,31,34,6,93,0,0,0,93
08/15/2016,BGR,ME,ANE,EN,Combined TRACON& Tower with Radar,18,24,18,35,95,0,0,24,4,28,18,24,42,39,123,32,6,38,161
08/16/2016,BGR,ME,ANE,EN,Combined TRACON& Tower with Radar,17,30,18,29,94,0,0,16,9,25,17,30,34,38,119,2,0,2,121
08/17/2016,BGR,ME,ANE,EN,Combined TRACON& Tower with Radar,15,38,20,42,115,0,0,5,8,13,15,38,25,50,128,0,10,10,138
08/18/2016,BGR,ME,ANE,EN,Combined TRACON& Tower with Radar,17,36,26,41,120,0,5,31,23,59,17,41,57,64,179,4,8,12,191
08/19/2016,BGR,ME,ANE,EN,Combined TRACON& Tower with Radar,15,35,21,26,97,0,0,31,17,48,15,35,52,43,145,8,2,10,155
08/20/2016,BGR,ME,ANE,EN,Combined TRACON& Tower with Radar,19,33,25,20,97,0,3,11,11,25,19,36,36,31,122,2,2,4,126
08/21/2016,BGR,ME,ANE,EN,Combined TRACON& Tower with Radar,15,32,34,18,99,0,0,13,9,22,15,32,47,27,121,12,0,12,133
08/22/2016,BGR,ME,ANE,EN,Combined TRACON& Tower with Radar,19,35,22,32,108,0,0,11,2,13,19,35,33,34,121,0,2,2,123
08/23/2016,BGR,ME,ANE,EN,Combined TRACON& Tower with Radar,18,35,21,34,108,0,3,23,18,44,18,38,44,52,152,12,14,26,178
08/24/2016,BGR,ME,ANE,EN,Combined TRACON& Tower with Radar,20,34,22,22,98,0,3,35,11,49,20,37,57,33,147,18,12,30,177
08/25/2016,BGR,ME,ANE,EN,Combined TRACON& Tower with Radar,22,27,21,31,101,0,3,20,21,44,22,30,41,52,145,0,12,12,157
08/26/2016,BGR,ME,ANE,EN,Combined TRACON& Tower with Radar,19,43,26,18,106,0,1,14,6,21,19,44,40,24,127,0,0,0,127
08/27/2016,BGR,ME,ANE,EN,Combined TRACON& Tower with Radar,25,32,27,5,89,0,0,34,0,34,25,32,61,5,123,8,0,8,131
08/28/2016,BGR,ME,ANE,EN,Combined TRACON& Tower with Radar,22,23,25,8,78,0,3,19,2,24,22,26,44,10,102,12,0,12,114
08/29/2016,BGR,ME,ANE,EN,Combined TRACON& Tower with Radar,18,35,12,14,79,0,0,8,0,8,18,35,20,14,87,0,0,0,87
08/30/2016,BGR,ME,ANE,EN,Combined TRACON& Tower with Radar,16,32,24,46,118,0,2,21,14,37,16,34,45,60,155,10,8,18,173
08/31/2016,BGR,ME,ANE,EN,Combined TRACON& Tower with Radar,16,32,26,14,88,0,0,26,5,31,16,32,52,19,119,0,0,0,119
09/01/2016,BGR,ME,ANE,EN,Combined TRACON& Tower with Radar,21,26,42,15,104,0,1,12,5,18,21,27,54,20,122,0,0,0,122
09/02/2016,BGR,ME,ANE,EN,Combined TRACON& Tower with Radar,22,26,39,9,96,0,0,18,2,20,22,26,57,11,116,6,0,6,122
09/03/2016,BGR,ME,ANE,EN,Combined TRACON& Tower with Radar,21,31,21,6,79,0,0,14,2,16,21,31,35,8,95,2,0,2,97
09/04/2016,BGR,ME,ANE,EN,Combined TRACON& Tower with Radar,18,19,24,10,71,0,0,30,1,31,18,19,54,11,102,10,2,12,114
09/05/2016,BGR,ME,ANE,EN,Combined TRACON& Tower with Radar,21,23,24,4,72,0,0,19,4,23,21,23,43,8,95,0,0,0,95
09/06/2016,BGR,ME,ANE,EN,Combined TRACON& Tower with Radar,19,30,12,49,110,0,0,3,0,3,19,30,15,49,113,6,0,6,119
09/07/2016,BGR,ME,ANE,EN,Combined TRACON& Tower with Radar,17,38,31,20,106,0,0,5,3,8,17,38,36,23,114,0,10,10,124
09/08/2016,BGR,ME,ANE,EN,Combined TRACON& Tower with Radar,25,42,30,28,125,0,0,1,12,13,25,42,31,40,138,8,24,32,170
09/09/2016,BGR,ME,ANE,EN,Combined TRACON& Tower with Radar,18,47,23,29,117,0,1,26,11,38,18,48,49,40,155,8,12,20,175
09/10/2016,BGR,ME,ANE,EN,Combined TRACON& Tower with Radar,19,27,11,14,71,0,0,29,26,55,19,27,40,40,126,0,0,0,126
09/11/2016,BGR,ME,ANE,EN,Combined TRACON& Tower with Radar,25,13,26,4,68,0,0,7,0,7,25,13,33,4,75,0,0,0,75
09/12/2016,BGR,ME,ANE,EN,Combined TRACON& Tower with Radar,18,38,26,12,94,0,5,34,9,48,18,43,60,21,142,30,12,42,184
09/13/2016,BGR,ME,ANE,EN,Combined TRACON& Tower with Radar,20,32,16,28,96,0,1,24,17,42,20,33,40,45,138,0,10,10,148
09/14/2016,BGR,ME,ANE,EN,Combined TRACON& Tower with Radar,17,29,18,36,100,0,1,14,7,22,17,30,32,43,122,0,0,0,122
09/15/2016,BGR,ME,ANE,EN,Combined TRACON& Tower with Radar,23,29,26,14,92,0,0,40,4,44,23,29,66,18,136,2,4,6,142
09/16/2016,BGR,ME,ANE,EN,Combined TRACON& Tower with Radar,19,27,19,20,85,0,1,29,9,39,19,28,48,29,124,14,0,14,138
09/17/2016,BGR,ME,ANE,EN,Combined TRACON& Tower with Radar,19,24,14,9,66,0,4,36,4,44,19,28,50,13,110,14,0,14,124
09/18/2016,BGR,ME,ANE,EN,Combined TRACON& Tower with Radar,22,27,25,15,89,0,0,4,3,7,22,27,29,18,96,0,0,0,96
09/19/2016,BGR,ME,ANE,EN,Combined TRACON& Tower with Radar,18,25,19,37,99,0,0,0,0,0,18,25,19,37,99,0,0,0,99
09/20/2016,BGR,ME,ANE,EN,Combined TRACON& Tower with Radar,17,27,25,33,102,0,3,15,9,27,17,30,40,42,129,6,13,19,148
09/21/2016,BGR,ME,ANE,EN,Combined TRACON& Tower with Radar,17,35,32,21,105,0,0,44,11,55,17,35,76,32,160,32,0,32,192
09/22/2016,BGR,ME,ANE,EN,Combined TRACON& Tower with Radar,22,40,24,38,124,0,4,56,16,76,22,44,80,54,200,26,14,40,240
09/23/2016,BGR,ME,ANE,EN,Combined TRACON& Tower with Radar,20,30,28,17,95,0,0,2,2,4,20,30,30,19,99,0,0,0,99
09/24/2016,BGR,ME,ANE,EN,Combined TRACON& Tower with Radar,21,28,19,8,76,0,0,21,2,23,21,28,40,10,99,20,0,20,119
09/25/2016,BGR,ME,ANE,EN,Combined TRACON& Tower with Radar,22,18,16,15,71,0,0,31,5,36,22,18,47,20,107,12,0,12,119
09/26/2016,BGR,ME,ANE,EN,Combined TRACON& Tower with Radar,18,34,28,44,124,0,3,26,11,40,18,37,54,55,164,6,24,30,194
09/27/2016,BGR,ME,ANE,EN,Combined TRACON& Tower with Radar,18,24,22,25,89,0,0,9,5,14,18,24,31,30,103,12,0,12,115
09/28/2016,BGR,ME,ANE,EN,Combined TRACON& Tower with Radar,18,32,39,12,101,0,0,16,12,28,18,32,55,24,129,10,0,10,139
09/29/2016,BGR,ME,ANE,EN,Combined TRACON& Tower with Radar,21,32,23,23,99,0,4,25,15,44,21,36,48,38,143,10,14,24,167
09/30/2016,BGR,ME,ANE,EN,Combined TRACON& Tower with Radar,21,29,16,22,88,0,2,39,7,48,21,31,55,29,136,40,22,62,198
10/01/2016,BGR,ME,ANE,EN,Combined TRACON& Tower with Radar,28,27,27,12,94,0,0,6,2,8,28,27,33,14,102,14,0,14,116
10/02/2016,BGR,ME,ANE,EN,Combined TRACON& Tower with Radar,23,22,43,8,96,0,0,7,1,8,23,22,50,9,104,4,0,4,108
10/03/2016,BGR,ME,ANE,EN,Combined TRACON& Tower with Radar,21,32,23,34,110,0,1,22,3,26,21,33,45,37,136,18,4,22,158
10/04/2016,BGR,ME,ANE,EN,Combined TRACON& Tower with Radar,16,28,32,22,98,0,2,33,6,41,16,30,65,28,139,22,14,36,175
10/05/2016,BGR,ME,ANE,EN,Combined TRACON& Tower with Radar,14,29,28,20,91,0,1,33,7,41,14,30,61,27,132,10,8,18,150
10/06/2016,BGR,ME,ANE,EN,Combined TRACON& Tower with Radar,14,34,42,43,133,0,0,26,11,37,14,34,68,54,170,34,8,42,212
10/07/2016,BGR,ME,ANE,EN,Combined TRACON& Tower with Radar,12,26,22,27,87,0,1,35,4,40,12,27,57,31,127,16,14,30,157
10/08/2016,BGR,ME,ANE,EN,Combined TRACON& Tower with Radar,19,26,20,11,76,0,0,13,2,15,19,26,33,13,91,6,0,6,97
10/09/2016,BGR,ME,ANE,EN,Combined TRACON& Tower with Radar,13,24,35,8,80,0,0,7,1,8,13,24,42,9,88,0,0,0,88
10/10/2016,BGR,ME,ANE,EN,Combined TRACON& Tower with Radar,12,27,24,6,69,0,3,11,2,16,12,30,35,8,85,8,0,8,93
10/11/2016,BGR,ME,ANE,EN,Combined TRACON& Tower with Radar,13,34,27,45,119,0,11,19,17,47,13,45,46,62,166,8,6,14,180
10/12/2016,BGR,ME,ANE,EN,Combined TRACON& Tower with Radar,11,33,24,29,97,0,2,28,12,42,11,35,52,41,139,18,10,28,167
10/13/2016,BGR,ME,ANE,EN,Combined TRACON& Tower with Radar,14,40,29,47,130,0,7,7,6,20,14,47,36,53,150,10,24,34,184
10/14/2016,BGR,ME,ANE,EN,Combined TRACON& Tower with Radar,10,29,30,17,86,0,0,34,21,55,10,29,64,38,141,12,6,18,159
10/15/2016,BGR,ME,ANE,EN,Combined TRACON& Tower with Radar,23,21,31,8,83,0,0,31,6,37,23,21,62,14,120,0,0,0,120
10/16/2016,BGR,ME,ANE,EN,Combined TRACON& Tower with Radar,12,30,15,21,78,0,0,20,0,20,12,30,35,21,98,26,0,26,124
10/17/2016,BGR,ME,ANE,EN,Combined TRACON& Tower with Radar,17,25,15,14,71,0,0,37,2,39,17,25,52,16,110,40,2,42,152
10/18/2016,BGR,ME,ANE,EN,Combined TRACON& Tower with Radar,10,26,9,27,72,0,0,12,8,20,10,26,21,35,92,52,0,52,144
10/19/2016,BGR,ME,ANE,EN,Combined TRACON& Tower with Radar,12,30,12,23,77,0,0,30,20,50,12,30,42,43,127,0,0,0,127
10/20/2016,BGR,ME,ANE,EN,Combined TRACON& Tower with Radar,15,33,23,37,108,0,0,14,24,38,15,33,37,61,146,18,4,22,168
10/21/2016,BGR,ME,ANE,EN,Combined TRACON& Tower with Radar,14,31,23,6,74,0,0,0,0,0,14,31,23,6,74,0,0,0,74
10/22/2016,BGR,ME,ANE,EN,Combined TRACON& Tower with Radar,17,23,25,5,70,0,0,0,0,0,17,23,25,5,70,0,0,0,70
10/23/2016,BGR,ME,ANE,EN,Combined TRACON& Tower with Radar,13,24,15,15,67,0,0,4,7,11,13,24,19,22,78,0,0,0,78
10/24/2016,BGR,ME,ANE,EN,Combined TRACON& Tower with Radar,12,29,37,26,104,0,0,25,6,31,12,29,62,32,135,8,0,8,143
10/25/2016,BGR,ME,ANE,EN,Combined TRACON& Tower with Radar,10,37,23,21,91,0,2,14,23,39,10,39,37,44,130,20,4,24,154
10/26/2016,BGR,ME,ANE,EN,Combined TRACON& Tower with Radar,10,41,36,17,104,0,0,5,6,11,10,41,41,23,115,0,0,0,115
10/27/2016,BGR,ME,ANE,EN,Combined TRACON& Tower with Radar,14,29,24,31,98,0,0,20,22,42,14,29,44,53,140,0,0,0,140
10/28/2016,BGR,ME,ANE,EN,Combined TRACON& Tower with Radar,16,34,9,3,62,0,0,2,0,2,16,34,11,3,64,50,6,56,120
10/29/2016,BGR,ME,ANE,EN,Combined TRACON& Tower with Radar,18,22,14,4,58,0,0,5,1,6,18,22,19,5,64,4,0,4,68
10/30/2016,BGR,ME,ANE,EN,Combined TRACON& Tower with Radar,13,25,25,3,66,0,0,12,0,12,13,25,37,3,78,2,0,2,80
10/31/2016,BGR,ME,ANE,EN,Combined TRACON& Tower with Radar,10,23,18,25,76,0,0,22,1,23,10,23,40,26,99,56,0,56,155
11/01/2016,BGR,ME,ANE,EN,Combined TRACON& Tower with Radar,10,21,10,53,94,0,5,36,28,69,10,26,46,81,163,30,10,40,203
11/02/2016,BGR,ME,ANE,EN,Combined TRACON& Tower with Radar,14,35,27,29,105,0,1,10,6,17,14,36,37,35,122,18,0,18,140
11/03/2016,BGR,ME,ANE,EN,Combined TRACON& Tower with Radar,14,27,13,24,78,0,0,0,0,0,14,27,13,24,78,2,0,2,80
11/04/2016,BGR,ME,ANE,EN,Combined TRACON& Tower with Radar,6,25,30,8,69,0,0,13,17,30,6,25,43,25,99,6,0,6,105
11/05/2016,BGR,ME,ANE,EN,Combined TRACON& Tower with Radar,13,25,18,11,67,0,0,19,18,37,13,25,37,29,104,12,4,16,120
11/06/2016,BGR,ME,ANE,EN,Combined TRACON& Tower with Radar,7,26,17,10,60,0,0,10,14,24,7,26,27,24,84,10,0,10,94
11/07/2016,BGR,ME,ANE,EN,Combined TRACON& Tower with Radar,6,27,8,30,71,0,0,16,4,20,6,27,24,34,91,16,4,20,111
11/08/2016,BGR,ME,ANE,EN,Combined TRACON& Tower with Radar,3,30,17,16,66,0,2,35,1,38,3,32,52,17,104,14,4,18,122
11/09/2016,BGR,ME,ANE,EN,Combined TRACON& Tower with Radar,6,30,15,15,66,0,0,12,3,15,6,30,27,18,81,34,2,36,117
11/10/2016,BGR,ME,ANE,EN,Combined TRACON& Tower with Radar,7,32,16,25,80,0,0,34,1,35,7,32,50,26,115,38,20,58,173
11/11/2016,BGR,ME,ANE,EN,Combined TRACON& Tower with Radar,3,28,13,2,46,0,0,1,0,1,3,28,14,2,47,0,0,0,47
11/12/2016,BGR,ME,ANE,EN,Combined TRACON& Tower with Radar,13,23,11,6,53,0,0,12,2,14,13,23,23,8,67,28,0,28,95
11/13/2016,BGR,ME,ANE,EN,Combined TRACON& Tower with Radar,8,22,11,9,50,0,2,20,1,23,8,24,31,10,73,0,0,0,73
11/14/2016,BGR,ME,ANE,EN,Combined TRACON& Tower with Radar,6,31,14,18,69,0,3,26,8,37,6,34,40,26,106,50,6,56,162
11/15/2016,BGR,ME,ANE,EN,Combined TRACON& Tower with Radar,5,38,25,40,108,0,0,2,3,5,5,38,27,43,113,10,4,14,127
11/16/2016,BGR,ME,ANE,EN,Combined TRACON& Tower with Radar,3,32,27,20,82,0,0,0,0,0,3,32,27,20,82,0,0,0,82
11/17/2016,BGR,ME,ANE,EN,Combined TRACON& Tower with Radar,8,30,43,21,102,0,2,27,17,46,8,32,70,38,148,0,0,0,148
11/18/2016,BGR,ME,ANE,EN,Combined TRACON& Tower with Radar,1,38,26,11,76,0,0,20,5,25,1,38,46,16,101,36,0,36,137
11/19/2016,BGR,ME,ANE,EN,Combined TRACON& Tower with Radar,10,26,21,8,65,0,0,3,0,3,10,26,24,8,68,0,0,0,68
11/20/2016,BGR,ME,ANE,EN,Combined TRACON& Tower with Radar,4,31,24,5,64,0,0,1,1,2,4,31,25,6,66,0,0,0,66
11/21/2016,BGR,ME,ANE,EN,Combined TRACON& Tower with Radar,7,36,15,22,80,0,0,3,3,6,7,36,18,25,86,4,0,4,90
11/22/2016,BGR,ME,ANE,EN,Combined TRACON& Tower with Radar,6,45,27,37,115,0,0,15,8,23,6,45,42,45,138,0,0,0,138
11/23/2016,BGR,ME,ANE,EN,Combined TRACON& Tower with Radar,3,31,23,19,76,0,0,21,4,25,3,31,44,23,101,14,4,18,119
11/24/2016,BGR,ME,ANE,EN,Combined TRACON& Tower with Radar,8,15,9,0,32,0,0,10,0,10,8,15,19,0,42,0,0,0,42
11/25/2016,BGR,ME,ANE,EN,Combined TRACON& Tower with Radar,3,21,12,1,37,0,0,0,0,0,3,21,12,1,37,0,0,0,37
11/26/2016,BGR,ME,ANE,EN,Combined TRACON& Tower with Radar,5,29,11,3,48,0,0,0,0,0,5,29,11,3,48,0,0,0,48
11/27/2016,BGR,ME,ANE,EN,Combined TRACON& Tower with Radar,6,27,12,6,51,0,0,0,0,0,6,27,12,6,51,8,0,8,59
11/28/2016,BGR,ME,ANE,EN,Combined TRACON& Tower with Radar,13,36,14,23,86,0,2,33,6,41,13,38,47,29,127,58,12,70,197
11/29/2016,BGR,ME,ANE,EN,Combined TRACON& Tower with Radar,2,24,20,8,54,0,0,7,1,8,2,24,27,9,62,2,0,2,64
11/30/2016,BGR,ME,ANE,EN,Combined TRACON& Tower with Radar,1,29,16,31,77,0,0,0,0,0,1,29,16,31,77,0,0,0,77
12/01/2016,BGR,ME,ANE,EN,Combined TRACON& Tower with Radar,2,31,20,27,80,0,6,1,4,11,2,37,21,31,91,1,44,45,136
12/02/2016,BGR,ME,ANE,EN,Combined TRACON& Tower with Radar,2,31,21,16,70,0,1,40,8,49,2,32,61,24,119,36,44,80,199
12/03/2016,BGR,ME,ANE,EN,Combined TRACON& Tower with Radar,4,31,27,20,82,0,0,10,11,21,4,31,37,31,103,20,8,28,131
12/04/2016,BGR,ME,ANE,EN,Combined TRACON& Tower with Radar,3,28,27,4,62,0,2,28,5,35,3,30,55,9,97,34,0,34,131
12/05/2016,BGR,ME,ANE,EN,Combined TRACON& Tower with Radar,2,22,23,22,69,0,0,8,4,12,2,22,31,26,81,8,0,8,89
12/06/2016,BGR,ME,ANE,EN,Combined TRACON& Tower with Radar,4,34,14,29,81,0,3,31,21,55,4,37,45,50,136,56,4,60,196
12/07/2016,BGR,ME,ANE,EN,Combined TRACON& Tower with Radar,1,29,10,20,60,0,3,1,3,7,1,32,11,23,67,22,10,32,99
12/08/2016,BGR,ME,ANE,EN,Combined TRACON& Tower with Radar,3,35,16,22,76,0,8,6,10,24,3,43,22,32,100,2,0,2,102
12/09/2016,BGR,ME,ANE,EN,Combined TRACON& Tower with Radar,6,30,19,30,85,0,2,13,9,24,6,32,32,39,109,22,4,26,135
12/10/2016,BGR,ME,ANE,EN,Combined TRACON& Tower with Radar,3,27,23,7,60,0,0,21,1,22,3,27,44,8,82,10,0,10,92
12/11/2016,BGR,ME,ANE,EN,Combined TRACON& Tower with Radar,6,15,25,5,51,0,0,33,3,36,6,15,58,8,87,14,0,14,101
12/12/2016,BGR,ME,ANE,EN,Combined TRACON& Tower with Radar,2,22,12,8,44,0,0,1,0,1,2,22,13,8,45,2,0,2,47
12/13/2016,BGR,ME,ANE,EN,Combined TRACON& Tower with Radar,5,32,29,19,85,0,2,39,17,58,5,34,68,36,143,14,0,14,157
12/14/2016,BGR,ME,ANE,EN,Combined TRACON& Tower with Radar,8,32,26,36,102,0,2,28,13,43,8,34,54,49,145,30,14,44,189
12/15/2016,BGR,ME,ANE,EN,Combined TRACON& Tower with Radar,5,37,33,17,92,0,1,12,3,16,5,38,45,20,108,8,14,22,130
12/16/2016,BGR,ME,ANE,EN,Combined TRACON& Tower with Radar,11,36,16,5,68,0,0,3,2,5,11,36,19,7,73,0,0,0,73
12/17/2016,BGR,ME,ANE,EN,Combined TRACON& Tower with Radar,5,19,2,1,27,0,0,0,0,0,5,19,2,1,27,0,0,0,27
12/18/2016,BGR,ME,ANE,EN,Combined TRACON& Tower with Radar,3,13,4,2,22,0,0,0,0,0,3,13,4,2,22,0,0,0,22
12/19/2016,BGR,ME,ANE,EN,Combined TRACON& Tower with Radar,6,29,7,9,51,0,0,13,8,21,6,29,20,17,72,10,0,10,82
12/20/2016,BGR,ME,ANE,EN,Combined TRACON& Tower with Radar,10,28,11,13,62,2,2,24,34,62,12,30,35,47,124,0,0,0,124
12/21/2016,BGR,ME,ANE,EN,Combined TRACON& Tower with Radar,9,28,17,17,71,0,1,26,15,42,9,29,43,32,113,14,0,14,127
12/22/2016,BGR,ME,ANE,EN,Combined TRACON& Tower with Radar,6,33,21,20,80,0,0,0,1,1,6,33,21,21,81,0,12,12,93
12/23/2016,BGR,ME,ANE,EN,Combined TRACON& Tower with Radar,8,29,22,1,60,0,0,19,3,22,8,29,41,4,82,28,0,28,110
12/24/2016,BGR,ME,ANE,EN,Combined TRACON& Tower with Radar,12,20,6,2,40,0,0,2,0,2,12,20,8,2,42,0,0,0,42
12/25/2016,BGR,ME,ANE,EN,Combined TRACON& Tower with Radar,8,5,7,3,23,0,0,0,6,6,8,5,7,9,29,0,0,0,29
12/26/2016,BGR,ME,ANE,EN,Combined TRACON& Tower with Radar,4,20,4,2,30,0,0,15,2,17,4,20,19,4,47,6,0,6,53
12/27/2016,BGR,ME,ANE,EN,Combined TRACON& Tower with Radar,6,32,8,1,47,0,0,9,2,11,6,32,17,3,58,0,0,0,58
12/28/2016,BGR,ME,ANE,EN,Combined TRACON& Tower with Radar,4,29,17,22,72,0,2,7,18,27,4,31,24,40,99,8,16,24,123
12/29/2016,BGR,ME,ANE,EN,Combined TRACON& Tower with Radar,5,15,6,3,29,0,0,2,2,4,5,15,8,5,33,0,0,0,33
12/30/2016,BGR,ME,ANE,EN,Combined TRACON& Tower with Radar,5,19,4,9,37,0,0,1,4,5,5,19,5,13,42,0,0,0,42
12/31/2016,BGR,ME,ANE,EN,Combined TRACON& Tower with Radar,10,21,5,1,37,0,0,8,3,11,10,21,13,4,48,20,0,20,68
01/01/2017,BGR,ME,ANE,EN,Combined TRACON& Tower with Radar,7,19,7,4,37,0,2,4,0,6,7,21,11,4,43,0,0,0,43
01/02/2017,BGR,ME,ANE,EN,Combined TRACON& Tower with Radar,5,21,27,2,55,0,2,22,3,27,5,23,49,5,82,16,0,16,98
01/03/2017,BGR,ME,ANE,EN,Combined TRACON& Tower with Radar,3,21,5,6,35,0,0,2,5,7,3,21,7,11,42,2,12,14,56
01/04/2017,BGR,ME,ANE,EN,Combined TRACON& Tower with Radar,6,30,6,3,45,0,0,0,0,0,6,30,6,3,45,0,0,0,45
01/05/2017,BGR,ME,ANE,EN,Combined TRACON& Tower with Radar,4,29,16,25,74,0,4,11,31,46,4,33,27,56,120,2,10,12,132
01/06/2017,BGR,ME,ANE,EN,Combined TRACON& Tower with Radar,5,33,28,40,106,0,0,29,31,60,5,33,57,71,166,8,12,20,186
01/07/2017,BGR,ME,ANE,EN,Combined TRACON& Tower with Radar,10,20,6,13,49,0,0,11,16,27,10,20,17,29,76,6,0,6,82
01/08/2017,BGR,ME,ANE,EN,Combined TRACON& Tower with Radar,7,18,12,23,60,0,0,9,10,19,7,18,21,33,79,14,8,22,101
01/09/2017,BGR,ME,ANE,EN,Combined TRACON& Tower with Radar,6,27,26,19,78,0,0,25,4,29,6,27,51,23,107,10,2,12,119
01/10/2017,BGR,ME,ANE,EN,Combined TRACON& Tower with Radar,3,37,11,29,80,0,3,9,5,17,3,40,20,34,97,2,8,10,107
01/11/2017,BGR,ME,ANE,EN,Combined TRACON& Tower with Radar,7,30,11,14,62,0,1,6,4,11,7,31,17,18,73,14,0,14,87
01/12/2017,BGR,ME,ANE,EN,Combined TRACON& Tower with Radar,3,34,13,25,75,0,0,0,1,1,3,34,13,26,76,0,0,0,76
01/13/2017,BGR,ME,ANE,EN,Combined TRACON& Tower with Radar,7,28,18,12,65,0,0,7,10,17,7,28,25,22,82,0,2,2,84
01/14/2017,BGR,ME,ANE,EN,Combined TRACON& Tower with Radar,3,25,12,7,47,0,3,29,1,33,3,28,41,8,80,12,0,12,92
01/15/2017,BGR,ME,ANE,EN,Combined TRACON& Tower with Radar,4,24,17,11,56,0,1,14,3,18,4,25,31,14,74,36,0,36,110
01/16/2017,BGR,ME,ANE,EN,Combined TRACON& Tower with Radar,2,30,13,1,46,0,0,15,4,19,2,30,28,5,65,10,0,10,75
01/17/2017,BGR,ME,ANE,EN,Combined TRACON& Tower with Radar,0,26,14,18,58,0,3,16,17,36,0,29,30,35,94,0,0,0,94
01/18/2017,BGR,ME,ANE,EN,Combined TRACON& Tower with Radar,4,34,25,25,88,0,0,11,17,28,4,34,36,42,116,24,6,30,146
01/19/2017,BGR,ME,ANE,EN,Combined TRACON& Tower with Radar,5,28,27,35,95,0,4,6,24,34,5,32,33,59,129,8,30,38,167
01/20/2017,BGR,ME,ANE,EN,Combined TRACON& Tower with Radar,2,38,28,16,84,0,0,19,6,25,2,38,47,22,109,4,0,4,113
01/21/2017,BGR,ME,ANE,EN,Combined TRACON& Tower with Radar,10,23,14,7,54,0,0,19,0,19,10,23,33,7,73,46,0,46,119
01/22/2017,BGR,ME,ANE,EN,Combined TRACON& Tower with Radar,6,26,22,7,61,0,0,9,0,9,6,26,31,7,70,12,0,12,82
01/23/2017,BGR,ME,ANE,EN,Combined TRACON& Tower with Radar,2,23,9,10,44,0,0,10,3,13,2,23,19,13,57,28,3,31,88
01/24/2017,BGR,ME,ANE,EN,Combined TRACON& Tower with Radar,1,15,6,0,22,0,0,0,1,1,1,15,6,1,23,0,0,0,23
01/25/2017,BGR,ME,ANE,EN,Combined TRACON& Tower with Radar,3,38,11,14,66,0,0,0,0,0,3,38,11,14,66,2,0,2,68
01/26/2017,BGR,ME,ANE,EN,Combined TRACON& Tower with Radar,2,35,20,25,82,0,0,8,7,15,2,35,28,32,97,16,0,16,113
01/27/2017,BGR,ME,ANE,EN,Combined TRACON& Tower with Radar,4,32,8,17,61,0,0,6,6,12,4,32,14,23,73,0,8,8,81
01/28/2017,BGR,ME,ANE,EN,Combined TRACON& Tower with Radar,8,22,7,11,48,0,0,12,5,17,8,22,19,16,65,8,0,8,73
01/29/2017,BGR,ME,ANE,EN,Combined TRACON& Tower with Radar,3,22,21,2,48,0,0,29,0,29,3,22,50,2,77,24,0,24,101
01/30/2017,BGR,ME,ANE,EN,Combined TRACON& Tower with Radar,4,29,9,17,59,0,0,30,4,34,4,29,39,21,93,56,0,56,149
01/31/2017,BGR,ME,ANE,EN,Combined TRACON& Tower with Radar,3,29,12,22,66,0,4,27,15,46,3,33,39,37,112,22,0,22,134
02/01/2017,BGR,ME,ANE,EN,Combined TRACON& Tower with Radar,2,32,10,3,47,0,0,0,3,3,2,32,10,6,50,2,0,2,52
02/02/2017,BGR,ME,ANE,EN,Combined TRACON& Tower with Radar,9,33,21,19,82,0,1,12,11,24,9,34,33,30,106,12,4,16,122
02/03/2017,BGR,ME,ANE,EN,Combined TRACON& Tower with Radar,3,34,24,14,75,0,2,23,25,50,3,36,47,39,125,4,14,18,143
02/04/2017,BGR,ME,ANE,EN,Combined TRACON& Tower with Radar,9,20,13,19,61,0,1,19,18,38,9,21,32,37,99,30,4,34,133
02/05/2017,BGR,ME,ANE,EN,Combined TRACON& Tower with Radar,4,21,4,0,29,0,0,8,1,9,4,21,12,1,38,0,0,0,38
02/06/2017,BGR,ME,ANE,EN,Combined TRACON& Tower with Radar,6,26,9,11,52,0,0,18,1,19,6,26,27,12,71,0,0,0,71
02/07/2017,BGR,ME,ANE,EN,Combined TRACON& Tower with Radar,2,24,3,1,30,0,0,4,4,8,2,24,7,5,38,8,4,12,50
02/08/2017,BGR,ME,ANE,EN,Combined TRACON& Tower with Radar,2,25,4,3,34,0,0,4,3,7,2,25,8,6,41,2,0,2,43
02/09/2017,BGR,ME,ANE,EN,Combined TRACON& Tower with Radar,4,10,12,8,34,0,0,3,3,6,4,10,15,11,40,0,4,4,44
02/10/2017,BGR,ME,ANE,EN,Combined TRACON& Tower with Radar,3,34,10,7,54,0,0,5,0,5,3,34,15,7,59,0,0,0,59
02/11/2017,BGR,ME,ANE,EN,Combined TRACON& Tower with Radar,6,23,11,6,46,0,0,1,1,2,6,23,12,7,48,2,0,2,50
02/12/2017,BGR,ME,ANE,EN,Combined TRACON& Tower with Radar,2,18,7,5,32,0,0,1,0,1,2,18,8,5,33,0,0,0,33
02/13/2017,BGR,ME,ANE,EN,Combined TRACON& Tower with Radar,0,0,0,0,0,0,0,0,0,0,0,0,0,0,0,0,0,0,0
02/14/2017,BGR,ME,ANE,EN,Combined TRACON& Tower with Radar,4,27,11,11,53,0,2,13,4,19,4,29,24,15,72,10,0,10,82
02/15/2017,BGR,ME,ANE,EN,Combined TRACON& Tower with Radar,2,27,6,20,55,0,0,2,0,2,2,27,8,20,57,0,2,2,59
02/16/2017,BGR,ME,ANE,EN,Combined TRACON& Tower with Radar,6,22,20,22,70,0,0,2,1,3,6,22,22,23,73,4,4,8,81
02/17/2017,BGR,ME,ANE,EN,Combined TRACON& Tower with Radar,2,28,11,7,48,0,2,19,4,25,2,30,30,11,73,6,0,6,79
02/18/2017,BGR,ME,ANE,EN,Combined TRACON& Tower with Radar,10,19,9,7,45,0,0,41,2,43,10,19,50,9,88,6,0,6,94
02/19/2017,BGR,ME,ANE,EN,Combined TRACON& Tower with Radar,6,23,15,6,50,0,0,16,1,17,6,23,31,7,67,6,0,6,73
02/20/2017,BGR,ME,ANE,EN,Combined TRACON& Tower with Radar,5,27,14,10,56,0,0,14,0,14,5,27,28,10,70,0,0,0,70
02/21/2017,BGR,ME,ANE,EN,Combined TRACON& Tower with Radar,5,26,25,17,73,0,6,29,12,47,5,32,54,29,120,14,12,26,146
02/22/2017,BGR,ME,ANE,EN,Combined TRACON& Tower with Radar,2,43,24,32,101,0,0,21,12,33,2,43,45,44,134,14,22,36,170
02/23/2017,BGR,ME,ANE,EN,Combined TRACON& Tower with Radar,2,34,22,28,86,0,5,12,9,26,2,39,34,37,112,4,20,24,136
02/24/2017,BGR,ME,ANE,EN,Combined TRACON& Tower with Radar,2,24,17,11,54,0,0,0,2,2,2,24,17,13,56,10,2,12,68
02/25/2017,BGR,ME,ANE,EN,Combined TRACON& Tower with Radar,9,16,11,2,38,0,0,0,0,0,9,16,11,2,38,0,0,0,38
02/26/2017,BGR,ME,ANE,EN,Combined TRACON& Tower with Radar,7,27,19,9,62,0,0,6,1,7,7,27,25,10,69,8,0,8,77
02/27/2017,BGR,ME,ANE,EN,Combined TRACON& Tower with Radar,4,22,16,36,78,0,0,6,5,11,4,22,22,41,89,30,4,34,123
02/28/2017,BGR,ME,ANE,EN,Combined TRACON& Tower with Radar,5,36,15,10,66,0,3,18,13,34,5,39,33,23,100,28,0,28,128
03/01/2017,BGR,ME,ANE,EN,Combined TRACON& Tower with Radar,5,24,20,2,51,0,0,0,0,0,5,24,20,2,51,0,0,0,51
03/02/2017,BGR,ME,ANE,EN,Combined TRACON& Tower with Radar,2,32,8,17,59,0,1,0,12,13,2,33,8,29,72,2,10,12,84
03/03/2017,BGR,ME,ANE,EN,Combined TRACON& Tower with Radar,4,27,6,9,46,0,2,10,14,26,4,29,16,23,72,0,0,0,72
03/04/2017,BGR,ME,ANE,EN,Combined TRACON& Tower with Radar,10,18,2,7,37,0,0,4,28,32,10,18,6,35,69,4,0,4,73
03/05/2017,BGR,ME,ANE,EN,Combined TRACON& Tower with Radar,2,27,10,16,55,0,0,9,10,19,2,27,19,26,74,0,0,0,74
03/06/2017,BGR,ME,ANE,EN,Combined TRACON& Tower with Radar,4,30,9,28,71,0,2,45,9,56,4,32,54,37,127,14,4,18,145
03/07/2017,BGR,ME,ANE,EN,Combined TRACON& Tower with Radar,6,27,14,29,76,0,0,0,1,1,6,27,14,30,77,0,0,0,77
03/08/2017,BGR,ME,ANE,EN,Combined TRACON& Tower with Radar,2,37,14,19,72,0,0,9,5,14,2,37,23,24,86,2,14,16,102
03/09/2017,BGR,ME,ANE,EN,Combined TRACON& Tower with Radar,4,26,17,6,53,0,3,3,1,7,4,29,20,7,60,0,0,0,60
03/10/2017,BGR,ME,ANE,EN,Combined TRACON& Tower with Radar,5,22,20,21,68,0,2,20,7,29,5,24,40,28,97,36,16,52,149
03/11/2017,BGR,ME,ANE,EN,Combined TRACON& Tower with Radar,10,28,15,3,56,0,0,7,2,9,10,28,22,5,65,10,0,10,75
03/12/2017,BGR,ME,ANE,EN,Combined TRACON& Tower with Radar,6,25,15,6,52,0,2,6,7,15,6,27,21,13,67,0,0,0,67
03/13/2017,BGR,ME,ANE,EN,Combined TRACON& Tower with Radar,7,27,7,9,50,0,3,29,2,34,7,30,36,11,84,38,0,38,122
03/14/2017,BGR,ME,ANE,EN,Combined TRACON& Tower with Radar,4,6,0,2,12,0,0,1,3,4,4,6,1,5,16,0,0,0,16
03/15/2017,BGR,ME,ANE,EN,Combined TRACON& Tower with Radar,5,14,7,3,29,0,0,3,0,3,5,14,10,3,32,4,0,4,36
03/16/2017,BGR,ME,ANE,EN,Combined TRACON& Tower with Radar,8,27,12,26,73,0,2,11,20,33,8,29,23,46,106,0,18,18,124
03/17/2017,BGR,ME,ANE,EN,Combined TRACON& Tower with Radar,6,31,27,26,90,0,3,42,15,60,6,34,69,41,150,16,6,22,172
03/18/2017,BGR,ME,ANE,EN,Combined TRACON& Tower with Radar,13,23,23,6,65,0,2,37,4,43,13,25,60,10,108,34,0,34,142
03/19/2017,BGR,ME,ANE,EN,Combined TRACON& Tower with Radar,7,26,15,5,53,0,0,17,5,22,7,26,32,10,75,16,0,16,91
03/20/2017,BGR,ME,ANE,EN,Combined TRACON& Tower with Radar,6,20,9,36,71,0,11,22,11,44,6,31,31,47,115,20,24,44,159
03/21/2017,BGR,ME,ANE,EN,Combined TRACON& Tower with Radar,9,25,17,23,74,0,3,21,17,41,9,28,38,40,115,12,6,18,133
03/22/2017,BGR,ME,ANE,EN,Combined TRACON& Tower with Radar,6,29,9,8,52,0,3,1,1,5,6,32,10,9,57,0,0,0,57
03/23/2017,BGR,ME,ANE,EN,Combined TRACON& Tower with Radar,10,23,12,15,60,0,1,17,10,28,10,24,29,25,88,22,6,28,116
03/24/2017,BGR,ME,ANE,EN,Combined TRACON& Tower with Radar,7,24,16,12,59,0,0,2,1,3,7,24,18,13,62,2,0,2,64
03/25/2017,BGR,ME,ANE,EN,Combined TRACON& Tower with Radar,10,17,21,15,63,0,0,14,1,15,10,17,35,16,78,14,0,14,92
03/26/2017,BGR,ME,ANE,EN,Combined TRACON& Tower with Radar,5,19,15,10,49,0,0,37,2,39,5,19,52,12,88,10,0,10,98
03/27/2017,BGR,ME,ANE,EN,Combined TRACON& Tower with Radar,7,16,10,5,38,0,0,0,1,1,7,16,10,6,39,0,0,0,39
03/28/2017,BGR,ME,ANE,EN,Combined TRACON& Tower with Radar,8,22,15,4,49,0,0,0,0,0,8,22,15,4,49,0,0,0,49
03/29/2017,BGR,ME,ANE,EN,Combined TRACON& Tower with Radar,7,29,17,20,73,0,0,7,2,9,7,29,24,22,82,10,0,10,92
03/30/2017,BGR,ME,ANE,EN,Combined TRACON& Tower with Radar,9,28,23,32,92,0,3,24,27,54,9,31,47,59,146,4,4,8,154
03/31/2017,BGR,ME,ANE,EN,Combined TRACON& Tower with Radar,5,24,25,20,74,0,1,27,14,42,5,25,52,34,116,24,0,24,140
04/01/2017,BGR,ME,ANE,EN,Combined TRACON& Tower with Radar,10,24,18,7,59,0,0,1,4,5,10,24,19,11,64,2,4,6,70
04/02/2017,BGR,ME,ANE,EN,Combined TRACON& Tower with Radar,8,19,13,16,56,0,0,20,5,25,8,19,33,21,81,34,6,40,121
04/03/2017,BGR,ME,ANE,EN,Combined TRACON& Tower with Radar,8,17,26,25,76,0,0,38,7,45,8,17,64,32,121,28,2,30,151
04/04/2017,BGR,ME,ANE,EN,Combined TRACON& Tower with Radar,12,20,18,3,53,0,0,7,1,8,12,20,25,4,61,0,0,0,61
04/05/2017,BGR,ME,ANE,EN,Combined TRACON& Tower with Radar,18,30,22,9,79,0,0,0,0,0,18,30,22,9,79,4,0,4,83
04/06/2017,BGR,ME,ANE,EN,Combined TRACON& Tower with Radar,17,18,18,10,63,0,0,0,0,0,17,18,18,10,63,0,0,0,63
04/07/2017,BGR,ME,ANE,EN,Combined TRACON& Tower with Radar,18,19,28,19,84,0,0,1,1,2,18,19,29,20,86,0,4,4,90
04/08/2017,BGR,ME,ANE,EN,Combined TRACON& Tower with Radar,19,15,23,5,62,0,0,5,0,5,19,15,28,5,67,0,0,0,67
04/09/2017,BGR,ME,ANE,EN,Combined TRACON& Tower with Radar,11,17,6,10,44,0,0,32,5,37,11,17,38,15,81,12,0,12,93
04/10/2017,BGR,ME,ANE,EN,Combined TRACON& Tower with Radar,12,17,17,38,84,0,4,22,13,39,12,21,39,51,123,16,14,30,153
04/11/2017,BGR,ME,ANE,EN,Combined TRACON& Tower with Radar,13,21,21,40,95,0,4,31,26,61,13,25,52,66,156,12,6,18,174
04/12/2017,BGR,ME,ANE,EN,Combined TRACON& Tower with Radar,14,27,24,41,106,0,0,2,9,11,14,27,26,50,117,0,2,2,119
04/13/2017,BGR,ME,ANE,EN,Combined TRACON& Tower with Radar,15,16,19,38,88,0,5,19,21,45,15,21,38,59,133,16,48,64,197
04/14/2017,BGR,ME,ANE,EN,Combined TRACON& Tower with Radar,14,22,16,19,71,0,2,35,13,50,14,24,51,32,121,0,0,0,121
04/15/2017,BGR,ME,ANE,EN,Combined TRACON& Tower with Radar,21,14,9,14,58,0,0,19,2,21,21,14,28,16,79,6,0,6,85
04/16/2017,BGR,ME,ANE,EN,Combined TRACON& Tower with Radar,8,25,13,5,51,0,0,3,1,4,8,25,16,6,55,0,0,0,55
04/17/2017,BGR,ME,ANE,EN,Combined TRACON& Tower with Radar,13,20,17,9,59,0,0,9,3,12,13,20,26,12,71,0,0,0,71
04/18/2017,BGR,ME,ANE,EN,Combined TRACON& Tower with Radar,14,20,24,21,79,0,0,16,4,20,14,20,40,25,99,14,6,20,119
04/19/2017,BGR,ME,ANE,EN,Combined TRACON& Tower with Radar,12,18,13,35,78,0,0,9,7,16,12,18,22,42,94,4,0,4,98
04/20/2017,BGR,ME,ANE,EN,Combined TRACON& Tower with Radar,13,21,43,10,87,0,0,0,0,0,13,21,43,10,87,0,0,0,87
04/21/2017,BGR,ME,ANE,EN,Combined TRACON& Tower with Radar,15,22,29,34,100,0,0,0,0,0,15,22,29,34,100,0,0,0,100
04/22/2017,BGR,ME,ANE,EN,Combined TRACON& Tower with Radar,21,20,11,11,63,0,0,1,0,1,21,20,12,11,64,0,0,0,64
04/23/2017,BGR,ME,ANE,EN,Combined TRACON& Tower with Radar,11,19,27,13,70,0,0,28,1,29,11,19,55,14,99,14,0,14,113
04/24/2017,BGR,ME,ANE,EN,Combined TRACON& Tower with Radar,11,23,31,17,82,0,0,36,15,51,11,23,67,32,133,16,8,24,157
04/25/2017,BGR,ME,ANE,EN,Combined TRACON& Tower with Radar,14,26,24,45,109,0,0,6,10,16,14,26,30,55,125,0,22,22,147
04/26/2017,BGR,ME,ANE,EN,Combined TRACON& Tower with Radar,13,19,37,17,86,0,0,0,0,0,13,19,37,17,86,0,0,0,86
04/27/2017,BGR,ME,ANE,EN,Combined TRACON& Tower with Radar,10,20,19,23,72,0,0,0,0,0,10,20,19,23,72,0,0,0,72
04/28/2017,BGR,ME,ANE,EN,Combined TRACON& Tower with Radar,14,34,28,21,97,0,0,1,2,3,14,34,29,23,100,0,0,0,100
04/29/2017,BGR,ME,ANE,EN,Combined TRACON& Tower with Radar,18,12,14,4,48,0,1,10,3,14,18,13,24,7,62,18,0,18,80
04/30/2017,BGR,ME,ANE,EN,Combined TRACON& Tower with Radar,13,20,18,2,53,0,0,26,1,27,13,20,44,3,80,26,0,26,106
05/01/2017,BGR,ME,ANE,EN,Combined TRACON& Tower with Radar,16,23,21,32,92,0,0,1,0,1,16,23,22,32,93,2,0,2,95
05/02/2017,BGR,ME,ANE,EN,Combined TRACON& Tower with Radar,10,22,19,12,63,0,0,0,0,0,10,22,19,12,63,0,0,0,63
05/03/2017,BGR,ME,ANE,EN,Combined TRACON& Tower with Radar,10,25,31,15,81,0,0,12,17,29,10,25,43,32,110,0,0,0,110
05/04/2017,BGR,ME,ANE,EN,Combined TRACON& Tower with Radar,15,22,21,27,85,0,5,46,26,77,15,27,67,53,162,22,20,42,204
05/05/2017,BGR,ME,ANE,EN,Combined TRACON& Tower with Radar,16,21,12,33,82,0,0,15,12,27,16,21,27,45,109,10,0,10,119
05/06/2017,BGR,ME,ANE,EN,Combined TRACON& Tower with Radar,12,21,20,11,64,0,0,0,0,0,12,21,20,11,64,0,0,0,64
05/07/2017,BGR,ME,ANE,EN,Combined TRACON& Tower with Radar,18,17,25,22,82,0,0,4,1,5,18,17,29,23,87,0,0,0,87
05/08/2017,BGR,ME,ANE,EN,Combined TRACON& Tower with Radar,14,20,29,48,111,0,0,0,6,6,14,20,29,54,117,0,0,0,117
05/09/2017,BGR,ME,ANE,EN,Combined TRACON& Tower with Radar,14,27,18,27,86,0,0,18,15,33,14,27,36,42,119,36,0,36,155
05/10/2017,BGR,ME,ANE,EN,Combined TRACON& Tower with Radar,15,23,10,22,70,0,0,12,2,14,15,23,22,24,84,0,10,10,94
05/11/2017,BGR,ME,ANE,EN,Combined TRACON& Tower with Radar,17,31,12,36,96,0,0,3,0,3,17,31,15,36,99,0,0,0,99
05/12/2017,BGR,ME,ANE,EN,Combined TRACON& Tower with Radar,15,27,30,17,89,0,2,36,13,51,15,29,66,30,140,24,0,24,164
05/13/2017,BGR,ME,ANE,EN,Combined TRACON& Tower with Radar,14,26,14,5,59,0,0,45,0,45,14,26,59,5,104,28,0,28,132
05/14/2017,BGR,ME,ANE,EN,Combined TRACON& Tower with Radar,12,16,14,3,45,0,0,1,2,3,12,16,15,5,48,0,0,0,48
05/15/2017,BGR,ME,ANE,EN,Combined TRACON& Tower with Radar,16,24,21,16,77,0,0,5,0,5,16,24,26,16,82,2,0,2,84
05/16/2017,BGR,ME,ANE,EN,Combined TRACON& Tower with Radar,14,31,23,21,89,0,6,44,36,86,14,37,67,57,175,26,16,42,217
05/17/2017,BGR,ME,ANE,EN,Combined TRACON& Tower with Radar,13,29,14,20,76,0,1,36,10,47,13,30,50,30,123,20,0,20,143
05/18/2017,BGR,ME,ANE,EN,Combined TRACON& Tower with Radar,15,23,17,15,70,0,2,29,23,54,15,25,46,38,124,26,0,26,150
05/19/2017,BGR,ME,ANE,EN,Combined TRACON& Tower with Radar,12,33,20,10,75,0,0,4,10,14,12,33,24,20,89,0,4,4,93
05/20/2017,BGR,ME,ANE,EN,Combined TRACON& Tower with Radar,16,20,9,10,55,0,0,44,2,46,16,20,53,12,101,0,0,0,101
05/21/2017,BGR,ME,ANE,EN,Combined TRACON& Tower with Radar,14,18,27,8,67,0,0,37,0,37,14,18,64,8,104,18,0,18,122
05/22/2017,BGR,ME,ANE,EN,Combined TRACON& Tower with Radar,13,22,24,12,71,0,0,10,5,15,13,22,34,17,86,0,4,4,90
05/23/2017,BGR,ME,ANE,EN,Combined TRACON& Tower with Radar,14,23,33,33,103,0,3,23,21,47,14,26,56,54,150,10,0,10,160
05/24/2017,BGR,ME,ANE,EN,Combined TRACON& Tower with Radar,19,28,17,38,102,2,0,36,17,55,21,28,53,55,157,54,8,62,219
05/25/2017,BGR,ME,ANE,EN,Combined TRACON& Tower with Radar,12,28,30,35,105,0,0,28,10,38,12,28,58,45,143,18,8,26,169
05/26/2017,BGR,ME,ANE,EN,Combined TRACON& Tower with Radar,12,25,31,44,112,0,0,0,0,0,12,25,31,44,112,0,0,0,112
05/27/2017,BGR,ME,ANE,EN,Combined TRACON& Tower with Radar,17,21,29,4,71,0,0,18,0,18,17,21,47,4,89,0,0,0,89
05/28/2017,BGR,ME,ANE,EN,Combined TRACON& Tower with Radar,16,18,27,5,66,0,0,23,1,24,16,18,50,6,90,0,0,0,90
05/29/2017,BGR,ME,ANE,EN,Combined TRACON& Tower with Radar,14,23,29,4,70,0,0,1,0,1,14,23,30,4,71,0,0,0,71
05/30/2017,BGR,ME,ANE,EN,Combined TRACON& Tower with Radar,11,32,34,29,106,0,0,23,13,36,11,32,57,42,142,10,8,18,160
05/31/2017,BGR,ME,ANE,EN,Combined TRACON& Tower with Radar,19,38,30,26,113,0,0,3,0,3,19,38,33,26,116,2,0,2,118
06/01/2017,BGR,ME,ANE,EN,Combined TRACON& Tower with Radar,14,22,23,19,78,0,0,14,5,19,14,22,37,24,97,14,0,14,111
06/02/2017,BGR,ME,ANE,EN,Combined TRACON& Tower with Radar,15,27,15,10,67,0,0,24,10,34,15,27,39,20,101,22,0,22,123
06/03/2017,BGR,ME,ANE,EN,Combined TRACON& Tower with Radar,22,29,22,15,88,0,0,14,12,26,22,29,36,27,114,28,8,36,150
06/04/2017,BGR,ME,ANE,EN,Combined TRACON& Tower with Radar,17,25,32,24,98,0,0,14,16,30,17,25,46,40,128,8,0,8,136
06/05/2017,BGR,ME,ANE,EN,Combined TRACON& Tower with Radar,12,34,27,47,120,0,0,9,6,15,12,34,36,53,135,4,4,8,143
06/06/2017,BGR,ME,ANE,EN,Combined TRACON& Tower with Radar,17,35,32,18,102,0,1,20,21,42,17,36,52,39,144,25,38,63,207
06/07/2017,BGR,ME,ANE,EN,Combined TRACON& Tower with Radar,17,33,24,25,99,0,2,48,12,62,17,35,72,37,161,26,18,44,205
06/08/2017,BGR,ME,ANE,EN,Combined TRACON& Tower with Radar,18,33,26,29,106,0,0,37,47,84,18,33,63,76,190,14,24,38,228
06/09/2017,BGR,ME,ANE,EN,Combined TRACON& Tower with Radar,18,40,25,24,107,0,0,9,19,28,18,40,34,43,135,12,16,28,163
06/10/2017,BGR,ME,ANE,EN,Combined TRACON& Tower with Radar,26,30,19,11,86,0,0,43,19,62,26,30,62,30,148,24,6,30,178
06/11/2017,BGR,ME,ANE,EN,Combined TRACON& Tower with Radar,22,26,19,13,80,0,7,17,26,50,22,33,36,39,130,18,16,34,164
06/12/2017,BGR,ME,ANE,EN,Combined TRACON& Tower with Radar,21,38,17,19,95,0,7,33,45,85,21,45,50,64,180,2,30,32,212
06/13/2017,BGR,ME,ANE,EN,Combined TRACON& Tower with Radar,21,26,33,27,107,0,6,36,25,67,21,32,69,52,174,0,0,0,174
06/14/2017,BGR,ME,ANE,EN,Combined TRACON& Tower with Radar,26,33,26,24,109,0,4,32,9,45,26,37,58,33,154,24,8,32,186
06/15/2017,BGR,ME,ANE,EN,Combined TRACON& Tower with Radar,27,32,27,31,117,0,1,41,15,57,27,33,68,46,174,4,0,4,178
06/16/2017,BGR,ME,ANE,EN,Combined TRACON& Tower with Radar,19,37,26,26,108,0,0,12,3,15,19,37,38,29,123,14,2,16,139
06/17/2017,BGR,ME,ANE,EN,Combined TRACON& Tower with Radar,28,32,33,9,102,0,0,3,0,3,28,32,36,9,105,0,0,0,105
06/18/2017,BGR,ME,ANE,EN,Combined TRACON& Tower with Radar,27,23,39,8,97,0,0,7,3,10,27,23,46,11,107,0,0,0,107
06/19/2017,BGR,ME,ANE,EN,Combined TRACON& Tower with Radar,15,34,33,23,105,0,0,4,2,6,15,34,37,25,111,0,2,2,113
06/20/2017,BGR,ME,ANE,EN,Combined TRACON& Tower with Radar,26,43,36,16,121,0,1,9,2,12,26,44,45,18,133,0,0,0,133
06/21/2017,BGR,ME,ANE,EN,Combined TRACON& Tower with Radar,23,32,27,16,98,0,1,25,7,33,23,33,52,23,131,2,10,12,143
06/22/2017,BGR,ME,ANE,EN,Combined TRACON& Tower with Radar,25,34,32,20,111,0,2,37,5,44,25,36,69,25,155,8,4,12,167
06/23/2017,BGR,ME,ANE,EN,Combined TRACON& Tower with Radar,21,34,33,24,112,0,0,17,4,21,21,34,50,28,133,14,4,18,151
06/24/2017,BGR,ME,ANE,EN,Combined TRACON& Tower with Radar,33,25,40,7,105,0,0,21,0,21,33,25,61,7,126,32,0,32,158
06/25/2017,BGR,ME,ANE,EN,Combined TRACON& Tower with Radar,31,22,30,8,91,0,0,28,1,29,31,22,58,9,120,20,0,20,140
06/26/2017,BGR,ME,ANE,EN,Combined TRACON& Tower with Radar,27,26,17,14,84,0,4,41,1,46,27,30,58,15,130,22,0,22,152
06/27/2017,BGR,ME,ANE,EN,Combined TRACON& Tower with Radar,22,32,30,29,113,0,1,27,16,44,22,33,57,45,157,16,2,18,175
06/28/2017,BGR,ME,ANE,EN,Combined TRACON& Tower with Radar,25,45,35,11,116,0,4,17,17,38,25,49,52,28,154,6,26,32,186
06/29/2017,BGR,ME,ANE,EN,Combined TRACON& Tower with Radar,19,43,27,19,108,0,2,37,12,51,19,45,64,31,159,16,6,22,181
06/30/2017,BGR,ME,ANE,EN,Combined TRACON& Tower with Radar,20,38,32,20,110,0,0,14,4,18,20,38,46,24,128,14,0,14,142
07/01/2017,BGR,ME,ANE,EN,Combined TRACON& Tower with Radar,24,28,23,4,79,0,0,2,0,2,24,28,25,4,81,0,0,0,81
07/02/2017,BGR,ME,ANE,EN,Combined TRACON& Tower with Radar,24,15,15,5,59,0,2,19,0,21,24,17,34,5,80,4,0,4,84
07/03/2017,BGR,ME,ANE,EN,Combined TRACON& Tower with Radar,15,17,17,10,59,0,0,34,1,35,15,17,51,11,94,14,0,14,108
07/04/2017,BGR,ME,ANE,EN,Combined TRACON& Tower with Radar,20,17,20,4,61,0,0,35,0,35,20,17,55,4,96,22,0,22,118
07/05/2017,BGR,ME,ANE,EN,Combined TRACON& Tower with Radar,22,30,20,18,90,0,0,40,6,46,22,30,60,24,136,54,2,56,192
07/06/2017,BGR,ME,ANE,EN,Combined TRACON& Tower with Radar,19,32,22,37,110,0,1,36,26,63,19,33,58,63,173,18,26,44,217
07/07/2017,BGR,ME,ANE,EN,Combined TRACON& Tower with Radar,14,36,22,19,91,0,1,18,5,24,14,37,40,24,115,20,12,32,147
07/08/2017,BGR,ME,ANE,EN,Combined TRACON& Tower with Radar,31,28,31,4,94,0,1,19,0,20,31,29,50,4,114,8,0,8,122
07/09/2017,BGR,ME,ANE,EN,Combined TRACON& Tower with Radar,28,24,27,10,89,0,0,20,0,20,28,24,47,10,109,2,0,2,111
07/10/2017,BGR,ME,ANE,EN,Combined TRACON& Tower with Radar,18,31,21,5,75,0,2,11,5,18,18,33,32,10,93,0,16,16,109
07/11/2017,BGR,ME,ANE,EN,Combined TRACON& Tower with Radar,34,34,32,46,146,0,3,8,12,23,34,37,40,58,169,4,4,8,177
07/12/2017,BGR,ME,ANE,EN,Combined TRACON& Tower with Radar,25,28,38,21,112,0,2,42,4,48,25,30,80,25,160,42,8,50,210
07/13/2017,BGR,ME,ANE,EN,Combined TRACON& Tower with Radar,29,39,34,62,164,0,0,8,18,26,29,39,42,80,190,0,20,20,210
07/14/2017,BGR,ME,ANE,EN,Combined TRACON& Tower with Radar,21,31,29,31,112,0,2,35,4,41,21,33,64,35,153,0,2,2,155
07/15/2017,BGR,ME,ANE,EN,Combined TRACON& Tower with Radar,29,31,47,8,115,0,1,13,0,14,29,32,60,8,129,6,0,6,135
07/16/2017,BGR,ME,ANE,EN,Combined TRACON& Tower with Radar,24,34,35,5,98,0,2,32,4,38,24,36,67,9,136,2,0,2,138
07/17/2017,BGR,ME,ANE,EN,Combined TRACON& Tower with Radar,18,34,24,11,87,7,1,23,8,39,25,35,47,19,126,6,0,6,132
07/18/2017,BGR,ME,ANE,EN,Combined TRACON& Tower with Radar,20,32,32,26,110,0,0,0,0,0,20,32,32,26,110,0,4,4,114
07/19/2017,BGR,ME,ANE,EN,Combined TRACON& Tower with Radar,23,34,24,29,110,0,0,39,5,44,23,34,63,34,154,16,0,16,170
07/20/2017,BGR,ME,ANE,EN,Combined TRACON& Tower with Radar,19,33,36,25,113,0,0,48,8,56,19,33,84,33,169,14,14,28,197
07/21/2017,BGR,ME,ANE,EN,Combined TRACON& Tower with Radar,26,38,41,13,118,0,1,53,2,56,26,39,94,15,174,32,0,32,206
07/22/2017,BGR,ME,ANE,EN,Combined TRACON& Tower with Radar,28,34,39,4,105,0,1,33,1,35,28,35,72,5,140,10,0,10,150
07/23/2017,BGR,ME,ANE,EN,Combined TRACON& Tower with Radar,21,21,25,11,78,0,0,28,1,29,21,21,53,12,107,6,4,10,117
07/24/2017,BGR,ME,ANE,EN,Combined TRACON& Tower with Radar,18,25,36,15,94,0,1,29,1,31,18,26,65,16,125,20,4,24,149
07/25/2017,BGR,ME,ANE,EN,Combined TRACON& Tower with Radar,23,35,30,32,120,0,1,22,17,40,23,36,52,49,160,16,8,24,184
07/26/2017,BGR,ME,ANE,EN,Combined TRACON& Tower with Radar,22,24,27,37,110,0,4,36,17,57,22,28,63,54,167,10,14,24,191
07/27/2017,BGR,ME,ANE,EN,Combined TRACON& Tower with Radar,22,40,32,44,138,0,0,10,8,18,22,40,42,52,156,0,4,4,160
07/28/2017,BGR,ME,ANE,EN,Combined TRACON& Tower with Radar,20,28,26,17,91,0,0,29,6,35,20,28,55,23,126,4,2,6,132
07/29/2017,BGR,ME,ANE,EN,Combined TRACON& Tower with Radar,30,26,17,9,82,0,0,30,0,30,30,26,47,9,112,2,0,2,114
07/30/2017,BGR,ME,ANE,EN,Combined TRACON& Tower with Radar,24,27,30,5,86,0,0,29,0,29,24,27,59,5,115,6,0,6,121
07/31/2017,BGR,ME,ANE,EN,Combined TRACON& Tower with Radar,18,24,20,13,75,0,2,51,1,54,18,26,71,14,129,24,4,28,157
08/01/2017,BGR,ME,ANE,EN,Combined TRACON& Tower with Radar,18,33,28,33,112,0,1,29,19,49,18,34,57,52,161,4,18,22,183
08/02/2017,BGR,ME,ANE,EN,Combined TRACON& Tower with Radar,19,28,34,27,108,0,1,46,9,56,19,29,80,36,164,0,4,4,168
08/03/2017,BGR,ME,ANE,EN,Combined TRACON& Tower with Radar,21,31,28,50,130,0,0,22,10,32,21,31,50,60,162,0,0,0,162
08/04/2017,BGR,ME,ANE,EN,Combined TRACON& Tower with Radar,19,37,28,14,98,0,1,8,7,16,19,38,36,21,114,0,12,12,126
08/05/2017,BGR,ME,ANE,EN,Combined TRACON& Tower with Radar,30,30,25,22,107,0,0,3,2,5,30,30,28,24,112,16,12,28,140
08/06/2017,BGR,ME,ANE,EN,Combined TRACON& Tower with Radar,25,26,36,9,96,0,3,22,9,34,25,29,58,18,130,6,6,12,142
08/07/2017,BGR,ME,ANE,EN,Combined TRACON& Tower with Radar,23,28,26,21,98,0,2,36,3,41,23,30,62,24,139,32,6,38,177
08/08/2017,BGR,ME,ANE,EN,Combined TRACON& Tower with Radar,17,39,30,24,110,0,3,17,14,34,17,42,47,38,144,6,2,8,152
08/09/2017,BGR,ME,ANE,EN,Combined TRACON& Tower with Radar,24,31,20,20,95,0,1,55,15,71,24,32,75,35,166,6,6,12,178
08/10/2017,BGR,ME,ANE,EN,Combined TRACON& Tower with Radar,23,34,28,34,119,0,2,30,11,43,23,36,58,45,162,8,4,12,174
08/11/2017,BGR,ME,ANE,EN,Combined TRACON& Tower with Radar,16,26,28,10,80,0,1,25,7,33,16,27,53,17,113,0,0,0,113
08/12/2017,BGR,ME,ANE,EN,Combined TRACON& Tower with Radar,35,34,29,3,101,0,2,3,0,5,35,36,32,3,106,0,0,0,106
08/13/2017,BGR,ME,ANE,EN,Combined TRACON& Tower with Radar,25,24,24,1,74,0,1,14,0,15,25,25,38,1,89,46,6,52,141
08/14/2017,BGR,ME,ANE,EN,Combined TRACON& Tower with Radar,18,22,17,17,74,0,1,70,8,79,18,23,87,25,153,0,0,0,153
08/15/2017,BGR,ME,ANE,EN,Combined TRACON& Tower with Radar,20,38,29,25,112,0,1,28,9,38,20,39,57,34,150,0,0,0,150
08/16/2017,BGR,ME,ANE,EN,Combined TRACON& Tower with Radar,23,32,15,20,90,0,1,30,16,47,23,33,45,36,137,0,0,0,137
08/17/2017,BGR,ME,ANE,EN,Combined TRACON& Tower with Radar,18,29,14,17,78,0,3,49,21,73,18,32,63,38,151,4,10,14,165
08/18/2017,BGR,ME,ANE,EN,Combined TRACON& Tower with Radar,17,34,37,21,109,0,0,22,7,29,17,34,59,28,138,8,0,8,146
08/19/2017,BGR,ME,ANE,EN,Combined TRACON& Tower with Radar,28,31,30,10,99,0,0,0,0,0,28,31,30,10,99,0,0,0,99
08/20/2017,BGR,ME,ANE,EN,Combined TRACON& Tower with Radar,26,35,20,8,89,0,1,26,2,29,26,36,46,10,118,0,0,0,118
08/21/2017,BGR,ME,ANE,EN,Combined TRACON& Tower with Radar,19,29,20,9,77,1,6,47,2,56,20,35,67,11,133,42,2,44,177
08/22/2017,BGR,ME,ANE,EN,Combined TRACON& Tower with Radar,21,34,23,19,97,0,2,22,8,32,21,36,45,27,129,0,12,12,141
08/23/2017,BGR,ME,ANE,EN,Combined TRACON& Tower with Radar,23,27,23,12,85,0,1,17,10,28,23,28,40,22,113,0,14,14,127
08/24/2017,BGR,ME,ANE,EN,Combined TRACON& Tower with Radar,22,29,29,33,113,0,6,33,24,63,22,35,62,57,176,0,0,0,176
08/25/2017,BGR,ME,ANE,EN,Combined TRACON& Tower with Radar,21,36,27,13,97,0,3,36,13,52,21,39,63,26,149,8,0,8,157
08/26/2017,BGR,ME,ANE,EN,Combined TRACON& Tower with Radar,29,28,20,6,83,0,1,35,3,39,29,29,55,9,122,6,0,6,128
08/27/2017,BGR,ME,ANE,EN,Combined TRACON& Tower with Radar,22,25,22,10,79,0,3,31,2,36,22,28,53,12,115,0,18,18,133
08/28/2017,BGR,ME,ANE,EN,Combined TRACON& Tower with Radar,18,25,17,18,78,0,4,39,2,45,18,29,56,20,123,2,4,6,129
08/29/2017,BGR,ME,ANE,EN,Combined TRACON& Tower with Radar,23,28,23,11,85,0,5,26,13,44,23,33,49,24,129,0,0,0,129
08/30/2017,BGR,ME,ANE,EN,Combined TRACON& Tower with Radar,22,34,11,12,79,0,2,24,7,33,22,36,35,19,112,1,18,19,131
08/31/2017,BGR,ME,ANE,EN,Combined TRACON& Tower with Radar,21,34,31,21,107,0,6,17,1,24,21,40,48,22,131,0,0,0,131
09/01/2017,BGR,ME,ANE,EN,Combined TRACON& Tower with Radar,19,32,28,5,84,0,4,15,0,19,19,36,43,5,103,0,0,0,103
09/02/2017,BGR,ME,ANE,EN,Combined TRACON& Tower with Radar,26,30,15,6,77,0,1,29,0,30,26,31,44,6,107,16,0,16,123
09/03/2017,BGR,ME,ANE,EN,Combined TRACON& Tower with Radar,18,27,18,3,66,0,4,12,0,16,18,31,30,3,82,2,0,2,84
09/04/2017,BGR,ME,ANE,EN,Combined TRACON& Tower with Radar,18,27,26,8,79,0,0,22,0,22,18,27,48,8,101,24,0,24,125
09/05/2017,BGR,ME,ANE,EN,Combined TRACON& Tower with Radar,16,26,22,14,78,0,1,31,4,36,16,27,53,18,114,4,2,6,120
09/06/2017,BGR,ME,ANE,EN,Combined TRACON& Tower with Radar,23,27,22,8,80,0,0,0,0,0,23,27,22,8,80,0,0,0,80
09/07/2017,BGR,ME,ANE,EN,Combined TRACON& Tower with Radar,27,31,32,18,108,0,3,18,13,34,27,34,50,31,142,6,2,8,150
09/08/2017,BGR,ME,ANE,EN,Combined TRACON& Tower with Radar,25,29,23,22,99,0,1,34,8,43,25,30,57,30,142,16,4,20,162
09/09/2017,BGR,ME,ANE,EN,Combined TRACON& Tower with Radar,33,34,19,10,96,0,0,9,15,24,33,34,28,25,120,0,12,12,132
09/10/2017,BGR,ME,ANE,EN,Combined TRACON& Tower with Radar,25,23,14,6,68,0,0,17,2,19,25,23,31,8,87,10,4,14,101
09/11/2017,BGR,ME,ANE,EN,Combined TRACON& Tower with Radar,27,26,20,30,103,0,2,35,10,47,27,28,55,40,150,2,20,22,172
09/12/2017,BGR,ME,ANE,EN,Combined TRACON& Tower with Radar,24,36,19,34,113,0,2,39,22,63,24,38,58,56,176,18,6,24,200
09/13/2017,BGR,ME,ANE,EN,Combined TRACON& Tower with Radar,24,23,20,26,93,0,0,40,5,45,24,23,60,31,138,14,0,14,152
09/14/2017,BGR,ME,ANE,EN,Combined TRACON& Tower with Radar,26,29,29,18,102,0,0,29,5,34,26,29,58,23,136,2,18,20,156
09/15/2017,BGR,ME,ANE,EN,Combined TRACON& Tower with Radar,28,34,19,18,99,0,0,26,9,35,28,34,45,27,134,4,14,18,152
09/16/2017,BGR,ME,ANE,EN,Combined TRACON& Tower with Radar,31,27,22,9,89,0,0,15,1,16,31,27,37,10,105,0,0,0,105
09/17/2017,BGR,ME,ANE,EN,Combined TRACON& Tower with Radar,24,29,27,2,82,0,0,21,0,21,24,29,48,2,103,6,0,6,109
09/18/2017,BGR,ME,ANE,EN,Combined TRACON& Tower with Radar,24,25,22,14,85,0,0,2,0,2,24,25,24,14,87,0,0,0,87
09/19/2017,BGR,ME,ANE,EN,Combined TRACON& Tower with Radar,22,31,31,34,118,0,0,3,0,3,22,31,34,34,121,0,0,0,121
09/20/2017,BGR,ME,ANE,EN,Combined TRACON& Tower with Radar,22,27,16,13,78,0,0,4,11,15,22,27,20,24,93,0,8,8,101
09/21/2017,BGR,ME,ANE,EN,Combined TRACON& Tower with Radar,25,33,29,43,130,0,3,19,18,40,25,36,48,61,170,10,2,12,182
09/22/2017,BGR,ME,ANE,EN,Combined TRACON& Tower with Radar,27,37,27,14,105,0,0,31,21,52,27,37,58,35,157,34,16,50,207
09/23/2017,BGR,ME,ANE,EN,Combined TRACON& Tower with Radar,36,28,24,8,96,0,3,42,2,47,36,31,66,10,143,0,0,0,143
09/24/2017,BGR,ME,ANE,EN,Combined TRACON& Tower with Radar,23,31,17,2,73,0,1,34,1,36,23,32,51,3,109,10,0,10,119
09/25/2017,BGR,ME,ANE,EN,Combined TRACON& Tower with Radar,28,23,20,28,99,0,3,33,15,51,28,26,53,43,150,10,6,16,166
09/26/2017,BGR,ME,ANE,EN,Combined TRACON& Tower with Radar,21,29,13,31,94,0,4,25,14,43,21,33,38,45,137,0,8,8,145
09/27/2017,BGR,ME,ANE,EN,Combined TRACON& Tower with Radar,25,35,18,9,87,0,3,6,12,21,25,38,24,21,108,8,34,42,150
09/28/2017,BGR,ME,ANE,EN,Combined TRACON& Tower with Radar,27,26,13,35,101,0,0,21,17,38,27,26,34,52,139,0,0,0,139
09/29/2017,BGR,ME,ANE,EN,Combined TRACON& Tower with Radar,25,26,25,16,92,0,2,46,5,53,25,28,71,21,145,38,6,44,189
09/30/2017,BGR,ME,ANE,EN,Combined TRACON& Tower with Radar,30,24,13,4,71,0,0,14,0,14,30,24,27,4,85,14,0,14,99
10/01/2017,BGR,ME,ANE,EN,Combined TRACON& Tower with Radar,25,30,20,8,83,0,2,33,1,36,25,32,53,9,119,10,0,10,129
10/02/2017,BGR,ME,ANE,EN,Combined TRACON& Tower with Radar,22,26,20,20,88,0,1,34,1,36,22,27,54,21,124,14,2,16,140
10/03/2017,BGR,ME,ANE,EN,Combined TRACON& Tower with Radar,23,34,24,44,125,0,0,15,13,28,23,34,39,57,153,28,30,58,211
10/04/2017,BGR,ME,ANE,EN,Combined TRACON& Tower with Radar,21,26,12,36,95,0,1,28,6,35,21,27,40,42,130,10,0,10,140
10/05/2017,BGR,ME,ANE,EN,Combined TRACON& Tower with Radar,20,27,13,25,85,0,1,27,11,39,20,28,40,36,124,0,4,4,128
10/06/2017,BGR,ME,ANE,EN,Combined TRACON& Tower with Radar,23,27,28,15,93,0,0,27,9,36,23,27,55,24,129,16,6,22,151
10/07/2017,BGR,ME,ANE,EN,Combined TRACON& Tower with Radar,27,21,23,15,86,0,0,20,0,20,27,21,43,15,106,2,0,2,108
10/08/2017,BGR,ME,ANE,EN,Combined TRACON& Tower with Radar,21,33,19,10,83,0,0,4,0,4,21,33,23,10,87,0,0,0,87
10/09/2017,BGR,ME,ANE,EN,Combined TRACON& Tower with Radar,20,21,29,2,72,0,0,7,0,7,20,21,36,2,79,0,0,0,79
10/10/2017,BGR,ME,ANE,EN,Combined TRACON& Tower with Radar,22,25,15,30,92,0,2,27,16,45,22,27,42,46,137,14,4,18,155
10/11/2017,BGR,ME,ANE,EN,Combined TRACON& Tower with Radar,20,25,21,46,112,0,0,26,17,43,20,25,47,63,155,28,4,32,187
10/12/2017,BGR,ME,ANE,EN,Combined TRACON& Tower with Radar,20,36,16,31,103,0,7,32,19,58,20,43,48,50,161,12,0,12,173
10/13/2017,BGR,ME,ANE,EN,Combined TRACON& Tower with Radar,19,26,16,16,77,0,4,31,11,46,19,30,47,27,123,32,4,36,159
10/14/2017,BGR,ME,ANE,EN,Combined TRACON& Tower with Radar,26,27,22,28,103,0,5,14,16,35,26,32,36,44,138,4,0,4,142
10/15/2017,BGR,ME,ANE,EN,Combined TRACON& Tower with Radar,24,28,21,8,81,0,0,0,0,0,24,28,21,8,81,0,0,0,81
10/16/2017,BGR,ME,ANE,EN,Combined TRACON& Tower with Radar,19,31,23,16,89,0,0,5,2,7,19,31,28,18,96,0,0,0,96
10/17/2017,BGR,ME,ANE,EN,Combined TRACON& Tower with Radar,18,23,21,22,84,0,6,30,6,42,18,29,51,28,126,20,6,26,152
10/18/2017,BGR,ME,ANE,EN,Combined TRACON& Tower with Radar,21,25,22,27,95,0,0,26,15,41,21,25,48,42,136,2,2,4,140
10/19/2017,BGR,ME,ANE,EN,Combined TRACON& Tower with Radar,18,27,20,27,92,0,3,26,20,49,18,30,46,47,141,6,10,16,157
10/20/2017,BGR,ME,ANE,EN,Combined TRACON& Tower with Radar,18,26,38,21,103,0,0,11,5,16,18,26,49,26,119,16,4,20,139
10/21/2017,BGR,ME,ANE,EN,Combined TRACON& Tower with Radar,25,19,16,17,77,0,1,47,0,48,25,20,63,17,125,16,0,16,141
10/22/2017,BGR,ME,ANE,EN,Combined TRACON& Tower with Radar,21,30,20,10,81,0,3,38,1,42,21,33,58,11,123,28,0,28,151
10/23/2017,BGR,ME,ANE,EN,Combined TRACON& Tower with Radar,23,41,35,26,125,0,1,9,5,15,23,42,44,31,140,0,10,10,150
10/24/2017,BGR,ME,ANE,EN,Combined TRACON& Tower with Radar,13,23,14,17,67,0,0,2,2,4,13,23,16,19,71,0,0,0,71
10/25/2017,BGR,ME,ANE,EN,Combined TRACON& Tower with Radar,21,40,24,4,89,0,0,0,0,0,21,40,24,4,89,0,0,0,89
10/26/2017,BGR,ME,ANE,EN,Combined TRACON& Tower with Radar,21,34,27,13,95,0,0,0,0,0,21,34,27,13,95,0,0,0,95
10/27/2017,BGR,ME,ANE,EN,Combined TRACON& Tower with Radar,23,30,19,15,87,0,2,27,16,45,23,32,46,31,132,32,2,34,166
10/28/2017,BGR,ME,ANE,EN,Combined TRACON& Tower with Radar,27,26,9,10,72,0,1,35,0,36,27,27,44,10,108,16,0,16,124
10/29/2017,BGR,ME,ANE,EN,Combined TRACON& Tower with Radar,17,24,16,10,67,0,0,4,0,4,17,24,20,10,71,0,0,0,71
10/30/2017,BGR,ME,ANE,EN,Combined TRACON& Tower with Radar,12,22,11,3,48,0,0,0,0,0,12,22,11,3,48,0,0,0,48
10/31/2017,BGR,ME,ANE,EN,Combined TRACON& Tower with Radar,14,24,19,28,85,0,1,19,7,27,14,25,38,35,112,0,0,0,112
11/01/2017,BGR,ME,ANE,EN,Combined TRACON& Tower with Radar,18,29,9,25,81,0,2,30,7,39,18,31,39,32,120,4,4,8,128
11/02/2017,BGR,ME,ANE,EN,Combined TRACON& Tower with Radar,17,27,32,14,90,0,0,2,0,2,17,27,34,14,92,0,0,0,92
11/03/2017,BGR,ME,ANE,EN,Combined TRACON& Tower with Radar,13,34,11,15,73,0,0,6,0,6,13,34,17,15,79,10,0,10,89
11/04/2017,BGR,ME,ANE,EN,Combined TRACON& Tower with Radar,24,25,17,15,81,0,4,46,27,77,24,29,63,42,158,10,6,16,174
11/05/2017,BGR,ME,ANE,EN,Combined TRACON& Tower with Radar,14,26,25,5,70,0,0,3,4,7,14,26,28,9,77,0,0,0,77
11/06/2017,BGR,ME,ANE,EN,Combined TRACON& Tower with Radar,11,30,12,14,67,0,0,1,0,1,11,30,13,14,68,0,0,0,68
11/07/2017,BGR,ME,ANE,EN,Combined TRACON& Tower with Radar,8,26,22,20,76,0,5,23,11,39,8,31,45,31,115,20,10,30,145
11/08/2017,BGR,ME,ANE,EN,Combined TRACON& Tower with Radar,11,36,22,17,86,0,1,20,14,35,11,37,42,31,121,6,0,6,127
11/09/2017,BGR,ME,ANE,EN,Combined TRACON& Tower with Radar,13,39,14,7,73,0,0,37,3,40,13,39,51,10,113,56,8,64,177
11/10/2017,BGR,ME,ANE,EN,Combined TRACON& Tower with Radar,14,28,19,4,65,0,0,1,0,1,14,28,20,4,66,0,4,4,70
11/11/2017,BGR,ME,ANE,EN,Combined TRACON& Tower with Radar,19,29,9,0,57,0,1,23,0,24,19,30,32,0,81,10,0,10,91
11/12/2017,BGR,ME,ANE,EN,Combined TRACON& Tower with Radar,8,31,12,1,52,0,3,20,0,23,8,34,32,1,75,4,0,4,79
11/13/2017,BGR,ME,ANE,EN,Combined TRACON& Tower with Radar,13,26,6,30,75,0,0,20,3,23,13,26,26,33,98,12,12,24,122
11/14/2017,BGR,ME,ANE,EN,Combined TRACON& Tower with Radar,11,32,22,24,89,0,1,18,13,32,11,33,40,37,121,8,0,8,129
11/15/2017,BGR,ME,ANE,EN,Combined TRACON& Tower with Radar,15,30,17,24,86,0,5,23,8,36,15,35,40,32,122,34,0,34,156
11/16/2017,BGR,ME,ANE,EN,Combined TRACON& Tower with Radar,10,28,17,32,87,0,0,5,1,6,10,28,22,33,93,0,2,2,95
11/17/2017,BGR,ME,ANE,EN,Combined TRACON& Tower with Radar,13,26,17,13,69,0,1,4,12,17,13,27,21,25,86,2,2,4,90
11/18/2017,BGR,ME,ANE,EN,Combined TRACON& Tower with Radar,10,31,19,6,66,0,1,24,0,25,10,32,43,6,91,18,0,18,109
11/19/2017,BGR,ME,ANE,EN,Combined TRACON& Tower with Radar,9,21,23,4,57,0,2,0,0,2,9,23,23,4,59,0,0,0,59
11/20/2017,BGR,ME,ANE,EN,Combined TRACON& Tower with Radar,12,34,18,30,94,0,2,20,4,26,12,36,38,34,120,6,12,18,138
11/21/2017,BGR,ME,ANE,EN,Combined TRACON& Tower with Radar,12,34,25,24,95,0,2,19,13,34,12,36,44,37,129,22,6,28,157
11/22/2017,BGR,ME,ANE,EN,Combined TRACON& Tower with Radar,12,27,24,13,76,0,0,2,3,5,12,27,26,16,81,0,0,0,81
11/23/2017,BGR,ME,ANE,EN,Combined TRACON& Tower with Radar,3,8,8,3,22,0,1,3,0,4,3,9,11,3,26,2,0,2,28
11/24/2017,BGR,ME,ANE,EN,Combined TRACON& Tower with Radar,7,28,14,1,50,0,0,39,1,40,7,28,53,2,90,6,0,6,96
11/25/2017,BGR,ME,ANE,EN,Combined TRACON& Tower with Radar,17,30,15,3,65,0,0,14,0,14,17,30,29,3,79,0,0,0,79
11/26/2017,BGR,ME,ANE,EN,Combined TRACON& Tower with Radar,9,29,18,3,59,0,3,0,0,3,9,32,18,3,62,0,0,0,62
11/27/2017,BGR,ME,ANE,EN,Combined TRACON& Tower with Radar,8,34,22,26,90,0,0,12,5,17,8,34,34,31,107,10,0,10,117
11/28/2017,BGR,ME,ANE,EN,Combined TRACON& Tower with Radar,6,42,9,20,77,0,7,34,8,49,6,49,43,28,126,6,8,14,140
11/29/2017,BGR,ME,ANE,EN,Combined TRACON& Tower with Radar,8,40,37,21,106,0,1,18,10,29,8,41,55,31,135,18,2,20,155
11/30/2017,BGR,ME,ANE,EN,Combined TRACON& Tower with Radar,8,28,25,51,112,0,1,27,5,33,8,29,52,56,145,2,4,6,151
12/01/2017,BGR,ME,ANE,EN,Combined TRACON& Tower with Radar,10,34,25,14,83,0,2,8,13,23,10,36,33,27,106,4,2,6,112
12/02/2017,BGR,ME,ANE,EN,Combined TRACON& Tower with Radar,11,25,16,13,65,0,0,19,14,33,11,25,35,27,98,24,10,34,132
12/03/2017,BGR,ME,ANE,EN,Combined TRACON& Tower with Radar,5,24,14,2,45,0,0,12,0,12,5,24,26,2,57,24,0,24,81
12/04/2017,BGR,ME,ANE,EN,Combined TRACON& Tower with Radar,8,32,17,26,83,0,3,36,1,40,8,35,53,27,123,8,8,16,139
12/05/2017,BGR,ME,ANE,EN,Combined TRACON& Tower with Radar,6,27,24,30,87,0,0,1,1,2,6,27,25,31,89,0,0,0,89
12/06/2017,BGR,ME,ANE,EN,Combined TRACON& Tower with Radar,11,32,25,29,97,0,1,10,17,28,11,33,35,46,125,0,12,12,137
12/07/2017,BGR,ME,ANE,EN,Combined TRACON& Tower with Radar,9,31,24,26,90,0,7,19,18,44,9,38,43,44,134,8,28,36,170
12/08/2017,BGR,ME,ANE,EN,Combined TRACON& Tower with Radar,12,30,15,28,85,0,1,27,9,37,12,31,42,37,122,26,10,36,158
12/09/2017,BGR,ME,ANE,EN,Combined TRACON& Tower with Radar,7,23,14,11,55,0,1,15,5,21,7,24,29,16,76,0,16,16,92
12/10/2017,BGR,ME,ANE,EN,Combined TRACON& Tower with Radar,8,24,10,7,49,0,0,4,0,4,8,24,14,7,53,2,0,2,55
12/11/2017,BGR,ME,ANE,EN,Combined TRACON& Tower with Radar,10,29,14,28,81,0,2,12,8,22,10,31,26,36,103,22,30,52,155
12/12/2017,BGR,ME,ANE,EN,Combined TRACON& Tower with Radar,11,31,15,4,61,0,1,0,0,1,11,32,15,4,62,0,0,0,62
12/13/2017,BGR,ME,ANE,EN,Combined TRACON& Tower with Radar,13,28,13,13,67,0,1,3,0,4,13,29,16,13,71,0,2,2,73
12/14/2017,BGR,ME,ANE,EN,Combined TRACON& Tower with Radar,12,37,26,10,85,0,2,13,2,17,12,39,39,12,102,4,0,4,106
12/15/2017,BGR,ME,ANE,EN,Combined TRACON& Tower with Radar,9,31,28,11,79,0,1,20,0,21,9,32,48,11,100,16,0,16,116
12/16/2017,BGR,ME,ANE,EN,Combined TRACON& Tower with Radar,12,31,13,8,64,0,3,8,1,12,12,34,21,9,76,16,12,28,104
12/17/2017,BGR,ME,ANE,EN,Combined TRACON& Tower with Radar,7,25,21,10,63,0,4,23,0,27,7,29,44,10,90,16,0,16,106
12/18/2017,BGR,ME,ANE,EN,Combined TRACON& Tower with Radar,8,30,10,12,60,0,6,9,3,18,8,36,19,15,78,10,10,20,98
12/19/2017,BGR,ME,ANE,EN,Combined TRACON& Tower with Radar,8,39,8,2,57,0,0,1,0,1,8,39,9,2,58,0,0,0,58
12/20/2017,BGR,ME,ANE,EN,Combined TRACON& Tower with Radar,16,43,22,20,101,0,1,12,0,13,16,44,34,20,114,0,0,0,114
12/21/2017,BGR,ME,ANE,EN,Combined TRACON& Tower with Radar,12,35,26,7,80,0,5,20,1,26,12,40,46,8,106,0,4,4,110
12/22/2017,BGR,ME,ANE,EN,Combined TRACON& Tower with Radar,14,43,16,7,80,0,0,14,3,17,14,43,30,10,97,0,0,0,97
12/23/2017,BGR,ME,ANE,EN,Combined TRACON& Tower with Radar,8,23,7,0,38,0,0,0,0,0,8,23,7,0,38,0,0,0,38
12/24/2017,BGR,ME,ANE,EN,Combined TRACON& Tower with Radar,11,18,3,0,32,0,1,2,0,3,11,19,5,0,35,0,0,0,35
12/25/2017,BGR,ME,ANE,EN,Combined TRACON& Tower with Radar,6,6,0,0,12,0,0,0,0,0,6,6,0,0,12,0,0,0,12
12/26/2017,BGR,ME,ANE,EN,Combined TRACON& Tower with Radar,9,36,11,17,73,0,4,0,0,4,9,40,11,17,77,4,0,4,81
12/27/2017,BGR,ME,ANE,EN,Combined TRACON& Tower with Radar,10,31,12,6,59,0,4,10,0,14,10,35,22,6,73,4,0,4,77
12/28/2017,BGR,ME,ANE,EN,Combined TRACON& Tower with Radar,9,26,7,16,58,0,2,8,1,11,9,28,15,17,69,12,6,18,87
12/29/2017,BGR,ME,ANE,EN,Combined TRACON& Tower with Radar,8,32,7,5,52,0,1,8,0,9,8,33,15,5,61,0,0,0,61
12/30/2017,BGR,ME,ANE,EN,Combined TRACON& Tower with Radar,9,30,9,2,50,0,1,2,0,3,9,31,11,2,53,2,0,2,55
12/31/2017,BGR,ME,ANE,EN,Combined TRACON& Tower with Radar,6,27,4,3,40,0,1,4,0,5,6,28,8,3,45,0,0,0,45
01/01/2018,BGR,ME,ANE,EN,Combined TRACON& Tower with Radar,9,19,8,3,39,0,5,0,0,5,9,24,8,3,44,0,0,0,44
01/02/2018,BGR,ME,ANE,EN,Combined TRACON& Tower with Radar,10,31,17,18,76,0,5,7,3,15,10,36,24,21,91,6,4,10,101
01/03/2018,BGR,ME,ANE,EN,Combined TRACON& Tower with Radar,10,33,11,38,92,0,11,23,11,45,10,44,34,49,137,2,12,14,151
01/04/2018,BGR,ME,ANE,EN,Combined TRACON& Tower with Radar,2,4,0,1,7,0,0,0,0,0,2,4,0,1,7,0,0,0,7
01/05/2018,BGR,ME,ANE,EN,Combined TRACON& Tower with Radar,8,24,2,0,34,0,2,3,0,5,8,26,5,0,39,0,0,0,39
01/06/2018,BGR,ME,ANE,EN,Combined TRACON& Tower with Radar,8,26,6,7,47,0,0,1,0,1,8,26,7,7,48,0,0,0,48
01/07/2018,BGR,ME,ANE,EN,Combined TRACON& Tower with Radar,3,30,26,4,63,0,1,6,0,7,3,31,32,4,70,0,0,0,70
01/08/2018,BGR,ME,ANE,EN,Combined TRACON& Tower with Radar,7,28,6,9,50,0,2,0,0,2,7,30,6,9,52,0,0,0,52
01/09/2018,BGR,ME,ANE,EN,Combined TRACON& Tower with Radar,4,30,21,27,82,0,6,2,10,18,4,36,23,37,100,0,0,0,100
01/10/2018,BGR,ME,ANE,EN,Combined TRACON& Tower with Radar,14,31,25,48,118,0,6,21,16,43,14,37,46,64,161,6,20,26,187
01/11/2018,BGR,ME,ANE,EN,Combined TRACON& Tower with Radar,7,33,18,18,76,0,1,6,7,14,7,34,24,25,90,6,4,10,100
01/12/2018,BGR,ME,ANE,EN,Combined TRACON& Tower with Radar,8,29,7,3,47,0,0,0,0,0,8,29,7,3,47,0,0,0,47
01/13/2018,BGR,ME,ANE,EN,Combined TRACON& Tower with Radar,5,26,5,3,39,0,0,0,0,0,5,26,5,3,39,0,0,0,39
01/14/2018,BGR,ME,ANE,EN,Combined TRACON& Tower with Radar,3,23,22,7,55,0,6,8,0,14,3,29,30,7,69,0,0,0,69
01/15/2018,BGR,ME,ANE,EN,Combined TRACON& Tower with Radar,11,24,17,3,55,0,3,3,0,6,11,27,20,3,61,0,0,0,61
01/16/2018,BGR,ME,ANE,EN,Combined TRACON& Tower with Radar,13,31,17,18,79,0,13,13,21,47,13,44,30,39,126,0,0,0,126
01/17/2018,BGR,ME,ANE,EN,Combined TRACON& Tower with Radar,4,11,3,2,20,0,0,0,0,0,4,11,3,2,20,0,0,0,20
01/18/2018,BGR,ME,ANE,EN,Combined TRACON& Tower with Radar,5,30,19,10,64,0,6,19,22,47,5,36,38,32,111,8,8,16,127
01/19/2018,BGR,ME,ANE,EN,Combined TRACON& Tower with Radar,9,34,28,22,93,0,2,15,15,32,9,36,43,37,125,32,6,38,163
01/20/2018,BGR,ME,ANE,EN,Combined TRACON& Tower with Radar,9,29,20,0,58,0,3,23,2,28,9,32,43,2,86,18,0,18,104
01/21/2018,BGR,ME,ANE,EN,Combined TRACON& Tower with Radar,3,35,9,1,48,0,2,24,0,26,3,37,33,1,74,0,0,0,74
01/22/2018,BGR,ME,ANE,EN,Combined TRACON& Tower with Radar,7,35,13,19,74,0,0,3,0,3,7,35,16,19,77,0,0,0,77
01/23/2018,BGR,ME,ANE,EN,Combined TRACON& Tower with Radar,5,29,8,6,48,0,0,0,0,0,5,29,8,6,48,0,0,0,48
01/24/2018,BGR,ME,ANE,EN,Combined TRACON& Tower with Radar,10,36,18,9,73,0,1,0,9,10,10,37,18,18,83,0,0,0,83
01/25/2018,BGR,ME,ANE,EN,Combined TRACON& Tower with Radar,6,50,32,28,116,0,11,17,16,44,6,61,49,44,160,8,24,32,192
01/26/2018,BGR,ME,ANE,EN,Combined TRACON& Tower with Radar,7,43,19,14,83,0,4,20,13,37,7,47,39,27,120,2,12,14,134
01/27/2018,BGR,ME,ANE,EN,Combined TRACON& Tower with Radar,9,27,21,2,59,0,0,12,0,12,9,27,33,2,71,0,0,0,71
01/28/2018,BGR,ME,ANE,EN,Combined TRACON& Tower with Radar,6,30,12,2,50,0,0,23,0,23,6,30,35,2,73,48,0,48,121
01/29/2018,BGR,ME,ANE,EN,Combined TRACON& Tower with Radar,8,30,16,24,78,0,1,8,0,9,8,31,24,24,87,0,0,0,87
01/30/2018,BGR,ME,ANE,EN,Combined TRACON& Tower with Radar,6,28,10,28,72,0,0,1,0,1,6,28,11,28,73,0,0,0,73
01/31/2018,BGR,ME,ANE,EN,Combined TRACON& Tower with Radar,12,28,13,30,83,0,9,25,14,48,12,37,38,44,131,12,40,52,183
02/01/2018,BGR,ME,ANE,EN,Combined TRACON& Tower with Radar,10,37,14,28,89,0,2,2,0,4,10,39,16,28,93,0,0,0,93
02/02/2018,BGR,ME,ANE,EN,Combined TRACON& Tower with Radar,7,28,5,7,47,0,4,1,14,19,7,32,6,21,66,2,54,56,122
02/03/2018,BGR,ME,ANE,EN,Combined TRACON& Tower with Radar,10,27,13,15,65,0,7,16,19,42,10,34,29,34,107,0,20,20,127
02/04/2018,BGR,ME,ANE,EN,Combined TRACON& Tower with Radar,8,22,4,3,37,0,0,0,0,0,8,22,4,3,37,0,0,0,37
02/05/2018,BGR,ME,ANE,EN,Combined TRACON& Tower with Radar,11,30,15,34,90,0,1,7,4,12,11,31,22,38,102,0,12,12,114
02/06/2018,BGR,ME,ANE,EN,Combined TRACON& Tower with Radar,8,33,19,57,117,0,2,10,8,20,8,35,29,65,137,0,30,30,167
02/07/2018,BGR,ME,ANE,EN,Combined TRACON& Tower with Radar,10,18,8,13,49,0,0,0,4,4,10,18,8,17,53,0,8,8,61
02/08/2018,BGR,ME,ANE,EN,Combined TRACON& Tower with Radar,8,33,9,34,84,0,5,15,2,22,8,38,24,36,106,0,20,20,126
02/09/2018,BGR,ME,ANE,EN,Combined TRACON& Tower with Radar,15,30,16,14,75,0,4,22,2,28,15,34,38,16,103,10,6,16,119
02/10/2018,BGR,ME,ANE,EN,Combined TRACON& Tower with Radar,11,24,10,1,46,0,0,0,0,0,11,24,10,1,46,0,0,0,46
02/11/2018,BGR,ME,ANE,EN,Combined TRACON& Tower with Radar,7,20,5,1,33,0,0,0,0,0,7,20,5,1,33,0,0,0,33
02/12/2018,BGR,ME,ANE,EN,Combined TRACON& Tower with Radar,10,27,15,25,77,0,7,7,23,37,10,34,22,48,114,0,26,26,140
02/13/2018,BGR,ME,ANE,EN,Combined TRACON& Tower with Radar,6,29,11,18,64,0,6,18,6,30,6,35,29,24,94,16,12,28,122
02/14/2018,BGR,ME,ANE,EN,Combined TRACON& Tower with Radar,10,28,29,37,104,0,5,12,17,34,10,33,41,54,138,6,8,14,152
02/15/2018,BGR,ME,ANE,EN,Combined TRACON& Tower with Radar,10,28,29,10,77,0,5,13,11,29,10,33,42,21,106,6,8,14,120
02/16/2018,BGR,ME,ANE,EN,Combined TRACON& Tower with Radar,14,30,27,4,75,0,4,0,2,6,14,34,27,6,81,0,6,6,87
02/17/2018,BGR,ME,ANE,EN,Combined TRACON& Tower with Radar,13,23,18,3,57,0,4,20,0,24,13,27,38,3,81,8,0,8,89
02/18/2018,BGR,ME,ANE,EN,Combined TRACON& Tower with Radar,9,16,3,3,31,0,3,4,0,7,9,19,7,3,38,0,0,0,38
02/19/2018,BGR,ME,ANE,EN,Combined TRACON& Tower with Radar,19,19,11,1,50,0,1,29,0,30,19,20,40,1,80,12,0,12,92
02/20/2018,BGR,ME,ANE,EN,Combined TRACON& Tower with Radar,13,27,9,7,56,0,0,0,0,0,13,27,9,7,56,0,0,0,56
02/21/2018,BGR,ME,ANE,EN,Combined TRACON& Tower with Radar,12,30,17,14,73,0,0,4,13,17,12,30,21,27,90,0,0,0,90
02/22/2018,BGR,ME,ANE,EN,Combined TRACON& Tower with Radar,11,19,31,19,80,0,1,19,20,40,11,20,50,39,120,10,10,20,140
02/23/2018,BGR,ME,ANE,EN,Combined TRACON& Tower with Radar,16,26,15,8,65,0,1,17,1,19,16,27,32,9,84,8,0,8,92
02/24/2018,BGR,ME,ANE,EN,Combined TRACON& Tower with Radar,14,18,20,5,57,0,3,19,0,22,14,21,39,5,79,4,0,4,83
02/25/2018,BGR,ME,ANE,EN,Combined TRACON& Tower with Radar,8,16,6,4,34,0,0,0,0,0,8,16,6,4,34,0,0,0,34
02/26/2018,BGR,ME,ANE,EN,Combined TRACON& Tower with Radar,14,29,11,25,79,0,1,16,1,18,14,30,27,26,97,0,14,14,111
02/27/2018,BGR,ME,ANE,EN,Combined TRACON& Tower with Radar,13,26,20,22,81,0,3,25,16,44,13,29,45,38,125,38,4,42,167
02/28/2018,BGR,ME,ANE,EN,Combined TRACON& Tower with Radar,19,28,17,34,98,0,3,24,17,44,19,31,41,51,142,14,4,18,160
03/01/2018,BGR,ME,ANE,EN,Combined TRACON& Tower with Radar,10,27,22,5,64,0,0,0,0,0,10,27,22,5,64,0,0,0,64
03/02/2018,BGR,ME,ANE,EN,Combined TRACON& Tower with Radar,16,14,11,0,41,0,0,1,2,3,16,14,12,2,44,2,0,2,46
03/03/2018,BGR,ME,ANE,EN,Combined TRACON& Tower with Radar,17,18,11,7,53,0,4,2,6,12,17,22,13,13,65,0,0,0,65
03/04/2018,BGR,ME,ANE,EN,Combined TRACON& Tower with Radar,14,17,7,14,52,0,7,7,13,27,14,24,14,27,79,0,0,0,79
03/05/2018,BGR,ME,ANE,EN,Combined TRACON& Tower with Radar,20,25,8,12,65,0,1,5,16,22,20,26,13,28,87,20,0,20,107
03/06/2018,BGR,ME,ANE,EN,Combined TRACON& Tower with Radar,21,26,17,16,80,0,9,13,22,44,21,35,30,38,124,2,0,2,126
03/07/2018,BGR,ME,ANE,EN,Combined TRACON& Tower with Radar,7,12,13,10,42,0,1,1,10,12,7,13,14,20,54,14,0,14,68
03/08/2018,BGR,ME,ANE,EN,Combined TRACON& Tower with Radar,5,5,2,0,12,0,0,0,0,0,5,5,2,0,12,0,0,0,12
03/09/2018,BGR,ME,ANE,EN,Combined TRACON& Tower with Radar,20,26,11,10,67,0,0,7,7,14,20,26,18,17,81,12,2,14,95
03/10/2018,BGR,ME,ANE,EN,Combined TRACON& Tower with Radar,18,25,19,1,63,0,0,1,0,1,18,25,20,1,64,0,0,0,64
03/11/2018,BGR,ME,ANE,EN,Combined TRACON& Tower with Radar,12,19,21,5,57,0,2,13,21,36,12,21,34,26,93,18,0,18,111
03/12/2018,BGR,ME,ANE,EN,Combined TRACON& Tower with Radar,19,14,20,44,97,0,2,33,16,51,19,16,53,60,148,12,8,20,168
03/13/2018,BGR,ME,ANE,EN,Combined TRACON& Tower with Radar,3,6,7,0,16,0,0,2,0,2,3,6,9,0,18,0,0,0,18
03/14/2018,BGR,ME,ANE,EN,Combined TRACON& Tower with Radar,14,14,11,0,39,0,0,0,0,0,14,14,11,0,39,0,0,0,39
03/15/2018,BGR,ME,ANE,EN,Combined TRACON& Tower with Radar,16,23,26,16,81,0,4,3,20,27,16,27,29,36,108,0,14,14,122
03/16/2018,BGR,ME,ANE,EN,Combined TRACON& Tower with Radar,19,18,15,12,64,0,1,19,2,22,19,19,34,14,86,26,0,26,112
03/17/2018,BGR,ME,ANE,EN,Combined TRACON& Tower with Radar,19,30,11,2,62,0,7,5,0,12,19,37,16,2,74,2,0,2,76
03/18/2018,BGR,ME,ANE,EN,Combined TRACON& Tower with Radar,13,15,15,1,44,0,3,20,0,23,13,18,35,1,67,0,0,0,67
03/19/2018,BGR,ME,ANE,EN,Combined TRACON& Tower with Radar,22,13,16,27,78,0,4,24,1,29,22,17,40,28,107,22,8,30,137
03/20/2018,BGR,ME,ANE,EN,Combined TRACON& Tower with Radar,21,23,18,18,80,3,9,21,11,44,24,32,39,29,124,24,0,24,148
03/21/2018,BGR,ME,ANE,EN,Combined TRACON& Tower with Radar,6,11,19,19,55,0,5,7,13,25,6,16,26,32,80,0,12,12,92
03/22/2018,BGR,ME,ANE,EN,Combined TRACON& Tower with Radar,10,14,9,1,34,0,0,0,0,0,10,14,9,1,34,0,0,0,34
03/23/2018,BGR,ME,ANE,EN,Combined TRACON& Tower with Radar,19,23,19,25,86,0,1,23,7,31,19,24,42,32,117,16,8,24,141
03/24/2018,BGR,ME,ANE,EN,Combined TRACON& Tower with Radar,16,24,14,6,60,0,0,14,4,18,16,24,28,10,78,20,0,20,98
03/25/2018,BGR,ME,ANE,EN,Combined TRACON& Tower with Radar,10,14,6,3,33,0,1,5,0,6,10,15,11,3,39,0,0,0,39
03/26/2018,BGR,ME,ANE,EN,Combined TRACON& Tower with Radar,19,16,14,32,81,0,3,36,8,47,19,19,50,40,128,44,10,54,182
03/27/2018,BGR,ME,ANE,EN,Combined TRACON& Tower with Radar,21,19,20,23,83,0,5,33,9,47,21,24,53,32,130,8,20,28,158
03/28/2018,BGR,ME,ANE,EN,Combined TRACON& Tower with Radar,21,24,21,55,121,0,3,4,15,22,21,27,25,70,143,2,8,10,153
03/29/2018,BGR,ME,ANE,EN,Combined TRACON& Tower with Radar,20,21,24,22,87,0,4,32,7,43,20,25,56,29,130,26,4,30,160
03/30/2018,BGR,ME,ANE,EN,Combined TRACON& Tower with Radar,19,26,12,7,64,0,0,0,0,0,19,26,12,7,64,0,0,0,64
03/31/2018,BGR,ME,ANE,EN,Combined TRACON& Tower with Radar,14,28,13,1,56,0,1,11,2,14,14,29,24,3,70,0,10,10,80
04/01/2018,BGR,ME,ANE,EN,Combined TRACON& Tower with Radar,9,20,5,3,37,0,1,1,0,2,9,21,6,3,39,8,0,8,47
04/02/2018,BGR,ME,ANE,EN,Combined TRACON& Tower with Radar,16,17,21,23,77,0,1,23,3,27,16,18,44,26,104,18,4,22,126
04/03/2018,BGR,ME,ANE,EN,Combined TRACON& Tower with Radar,15,30,18,10,73,0,4,2,5,11,15,34,20,15,84,4,24,28,112
04/04/2018,BGR,ME,ANE,EN,Combined TRACON& Tower with Radar,9,29,7,8,53,0,0,0,0,0,9,29,7,8,53,0,0,0,53
04/05/2018,BGR,ME,ANE,EN,Combined TRACON& Tower with Radar,11,27,28,15,81,0,1,9,5,15,11,28,37,20,96,2,0,2,98
04/06/2018,BGR,ME,ANE,EN,Combined TRACON& Tower with Radar,17,33,20,7,77,0,3,8,4,15,17,36,28,11,92,32,0,32,124
04/07/2018,BGR,ME,ANE,EN,Combined TRACON& Tower with Radar,10,33,9,10,62,0,2,22,12,36,10,35,31,22,98,34,0,34,132
04/08/2018,BGR,ME,ANE,EN,Combined TRACON& Tower with Radar,9,23,23,7,62,0,1,33,7,41,9,24,56,14,103,12,0,12,115
04/09/2018,BGR,ME,ANE,EN,Combined TRACON& Tower with Radar,17,25,9,26,77,0,5,16,10,31,17,30,25,36,108,16,12,28,136
04/10/2018,BGR,ME,ANE,EN,Combined TRACON& Tower with Radar,20,29,16,37,102,0,3,17,8,28,20,32,33,45,130,0,14,14,144
04/11/2018,BGR,ME,ANE,EN,Combined TRACON& Tower with Radar,18,19,17,18,72,0,1,23,7,31,18,20,40,25,103,6,4,10,113
04/12/2018,BGR,ME,ANE,EN,Combined TRACON& Tower with Radar,14,23,20,37,94,0,0,21,3,24,14,23,41,40,118,12,26,38,156
04/13/2018,BGR,ME,ANE,EN,Combined TRACON& Tower with Radar,18,26,19,16,79,0,1,25,7,33,18,27,44,23,112,0,4,4,116
04/14/2018,BGR,ME,ANE,EN,Combined TRACON& Tower with Radar,18,32,18,2,70,0,1,22,0,23,18,33,40,2,93,10,0,10,103
04/15/2018,BGR,ME,ANE,EN,Combined TRACON& Tower with Radar,14,24,34,1,73,0,1,21,0,22,14,25,55,1,95,8,0,8,103
04/16/2018,BGR,ME,ANE,EN,Combined TRACON& Tower with Radar,18,18,12,2,50,0,0,0,0,0,18,18,12,2,50,0,0,0,50
04/17/2018,BGR,ME,ANE,EN,Combined TRACON& Tower with Radar,18,23,24,21,86,0,2,0,0,2,18,25,24,21,88,0,0,0,88
04/18/2018,BGR,ME,ANE,EN,Combined TRACON& Tower with Radar,18,18,13,14,63,0,1,21,2,24,18,19,34,16,87,10,0,10,97
04/19/2018,BGR,ME,ANE,EN,Combined TRACON& Tower with Radar,17,24,28,32,101,0,0,11,7,18,17,24,39,39,119,8,14,22,141
04/20/2018,BGR,ME,ANE,EN,Combined TRACON& Tower with Radar,21,21,21,20,83,0,0,5,1,6,21,21,26,21,89,0,0,0,89
04/21/2018,BGR,ME,ANE,EN,Combined TRACON& Tower with Radar,15,24,8,3,50,0,0,16,0,16,15,24,24,3,66,12,0,12,78
04/22/2018,BGR,ME,ANE,EN,Combined TRACON& Tower with Radar,17,14,14,9,54,0,2,23,0,25,17,16,37,9,79,2,0,2,81
04/23/2018,BGR,ME,ANE,EN,Combined TRACON& Tower with Radar,18,37,20,28,103,0,3,46,8,57,18,40,66,36,160,0,24,24,184
04/24/2018,BGR,ME,ANE,EN,Combined TRACON& Tower with Radar,18,26,17,22,83,0,3,18,8,29,18,29,35,30,112,2,6,8,120
04/25/2018,BGR,ME,ANE,EN,Combined TRACON& Tower with Radar,21,27,26,31,105,1,1,5,4,11,22,28,31,35,116,16,12,28,144
04/26/2018,BGR,ME,ANE,EN,Combined TRACON& Tower with Radar,16,28,22,26,92,0,0,2,0,2,16,28,24,26,94,0,2,2,96
04/27/2018,BGR,ME,ANE,EN,Combined TRACON& Tower with Radar,20,27,17,30,94,0,2,27,2,31,20,29,44,32,125,2,14,16,141
04/28/2018,BGR,ME,ANE,EN,Combined TRACON& Tower with Radar,17,23,21,8,69,0,1,10,0,11,17,24,31,8,80,16,0,16,96
04/29/2018,BGR,ME,ANE,EN,Combined TRACON& Tower with Radar,15,24,10,2,51,0,0,2,0,2,15,24,12,2,53,12,0,12,65
04/30/2018,BGR,ME,ANE,EN,Combined TRACON& Tower with Radar,15,23,17,9,64,0,2,15,1,18,15,25,32,10,82,16,0,16,98
05/01/2018,BGR,ME,ANE,EN,Combined TRACON& Tower with Radar,16,28,26,28,98,0,4,23,7,34,16,32,49,35,132,6,4,10,142
05/02/2018,BGR,ME,ANE,EN,Combined TRACON& Tower with Radar,18,24,19,19,80,0,1,24,5,30,18,25,43,24,110,0,14,14,124
05/03/2018,BGR,ME,ANE,EN,Combined TRACON& Tower with Radar,16,23,12,27,78,0,0,14,2,16,16,23,26,29,94,12,0,12,106
05/04/2018,BGR,ME,ANE,EN,Combined TRACON& Tower with Radar,20,29,38,30,117,0,0,9,0,9,20,29,47,30,126,0,0,0,126
05/05/2018,BGR,ME,ANE,EN,Combined TRACON& Tower with Radar,19,24,5,16,64,0,1,10,5,16,19,25,15,21,80,12,2,14,94
05/06/2018,BGR,ME,ANE,EN,Combined TRACON& Tower with Radar,16,20,20,0,56,0,1,20,8,29,16,21,40,8,85,0,0,0,85
05/07/2018,BGR,ME,ANE,EN,Combined TRACON& Tower with Radar,20,16,11,14,61,0,3,29,3,35,20,19,40,17,96,10,4,14,110
05/08/2018,BGR,ME,ANE,EN,Combined TRACON& Tower with Radar,20,22,23,28,93,0,0,28,19,47,20,22,51,47,140,14,18,32,172
05/09/2018,BGR,ME,ANE,EN,Combined TRACON& Tower with Radar,20,19,14,16,69,0,0,20,6,26,20,19,34,22,95,0,10,10,105
05/10/2018,BGR,ME,ANE,EN,Combined TRACON& Tower with Radar,15,22,20,24,81,0,0,9,8,17,15,22,29,32,98,6,16,22,120
05/11/2018,BGR,ME,ANE,EN,Combined TRACON& Tower with Radar,21,28,22,15,86,0,0,23,6,29,21,28,45,21,115,12,4,16,131
05/12/2018,BGR,ME,ANE,EN,Combined TRACON& Tower with Radar,18,17,15,1,51,0,0,18,0,18,18,17,33,1,69,12,0,12,81
05/13/2018,BGR,ME,ANE,EN,Combined TRACON& Tower with Radar,20,13,12,0,45,0,0,29,0,29,20,13,41,0,74,0,0,0,74
05/14/2018,BGR,ME,ANE,EN,Combined TRACON& Tower with Radar,21,24,22,22,89,0,1,8,3,12,21,25,30,25,101,2,12,14,115
05/15/2018,BGR,ME,ANE,EN,Combined TRACON& Tower with Radar,17,18,11,6,52,0,0,3,0,3,17,18,14,6,55,0,0,0,55
05/16/2018,BGR,ME,ANE,EN,Combined TRACON& Tower with Radar,27,30,19,22,98,0,0,19,9,28,27,30,38,31,126,12,8,20,146
05/17/2018,BGR,ME,ANE,EN,Combined TRACON& Tower with Radar,21,26,40,18,105,0,1,18,3,22,21,27,58,21,127,2,4,6,133
05/18/2018,BGR,ME,ANE,EN,Combined TRACON& Tower with Radar,20,23,25,16,84,0,0,37,6,43,20,23,62,22,127,10,8,18,145
05/19/2018,BGR,ME,ANE,EN,Combined TRACON& Tower with Radar,19,22,13,7,61,0,0,28,0,28,19,22,41,7,89,38,0,38,127
05/20/2018,BGR,ME,ANE,EN,Combined TRACON& Tower with Radar,19,23,26,5,73,0,2,2,0,4,19,25,28,5,77,0,0,0,77
05/21/2018,BGR,ME,ANE,EN,Combined TRACON& Tower with Radar,22,19,21,44,106,0,0,16,8,24,22,19,37,52,130,0,4,4,134
05/22/2018,BGR,ME,ANE,EN,Combined TRACON& Tower with Radar,22,20,8,43,93,0,5,31,19,55,22,25,39,62,148,14,34,48,196
05/23/2018,BGR,ME,ANE,EN,Combined TRACON& Tower with Radar,25,26,23,19,93,0,2,14,3,19,25,28,37,22,112,2,4,6,118
05/24/2018,BGR,ME,ANE,EN,Combined TRACON& Tower with Radar,19,32,27,29,107,0,2,29,8,39,19,34,56,37,146,0,10,10,156
05/25/2018,BGR,ME,ANE,EN,Combined TRACON& Tower with Radar,20,22,27,9,78,0,1,13,0,14,20,23,40,9,92,2,0,2,94
05/26/2018,BGR,ME,ANE,EN,Combined TRACON& Tower with Radar,18,26,20,7,71,0,0,16,0,16,18,26,36,7,87,40,0,40,127
05/27/2018,BGR,ME,ANE,EN,Combined TRACON& Tower with Radar,17,13,18,1,49,0,1,29,0,30,17,14,47,1,79,22,0,22,101
05/28/2018,BGR,ME,ANE,EN,Combined TRACON& Tower with Radar,21,16,21,5,63,0,1,14,4,19,21,17,35,9,82,26,4,30,112
05/29/2018,BGR,ME,ANE,EN,Combined TRACON& Tower with Radar,20,24,23,23,90,0,4,14,7,25,20,28,37,30,115,14,6,20,135
05/30/2018,BGR,ME,ANE,EN,Combined TRACON& Tower with Radar,24,24,28,19,95,0,6,59,9,74,24,30,87,28,169,20,20,40,209
05/31/2018,BGR,ME,ANE,EN,Combined TRACON& Tower with Radar,17,20,11,43,91,0,1,24,9,34,17,21,35,52,125,12,26,38,163
06/01/2018,BGR,ME,ANE,EN,Combined TRACON& Tower with Radar,21,24,23,7,75,0,0,11,5,16,21,24,34,12,91,0,0,0,91
06/02/2018,BGR,ME,ANE,EN,Combined TRACON& Tower with Radar,22,25,34,13,94,0,0,9,8,17,22,25,43,21,111,0,4,4,115
06/03/2018,BGR,ME,ANE,EN,Combined TRACON& Tower with Radar,13,18,22,7,60,0,1,27,13,41,13,19,49,20,101,24,0,24,125
06/04/2018,BGR,ME,ANE,EN,Combined TRACON& Tower with Radar,20,25,29,40,114,0,1,5,5,11,20,26,34,45,125,0,10,10,135
06/05/2018,BGR,ME,ANE,EN,Combined TRACON& Tower with Radar,16,25,39,25,105,0,0,1,0,1,16,25,40,25,106,0,0,0,106
06/06/2018,BGR,ME,ANE,EN,Combined TRACON& Tower with Radar,20,21,27,19,87,0,1,13,8,22,20,22,40,27,109,2,12,14,123
06/07/2018,BGR,ME,ANE,EN,Combined TRACON& Tower with Radar,23,37,29,36,125,0,3,21,7,31,23,40,50,43,156,10,2,12,168
06/08/2018,BGR,ME,ANE,EN,Combined TRACON& Tower with Radar,27,21,26,21,95,0,5,26,15,46,27,26,52,36,141,30,2,32,173
06/09/2018,BGR,ME,ANE,EN,Combined TRACON& Tower with Radar,33,24,27,8,92,0,0,20,10,30,33,24,47,18,122,32,0,32,154
06/10/2018,BGR,ME,ANE,EN,Combined TRACON& Tower with Radar,25,26,20,8,79,0,2,15,8,25,25,28,35,16,104,2,8,10,114
06/11/2018,BGR,ME,ANE,EN,Combined TRACON& Tower with Radar,27,28,20,32,107,0,0,16,22,38,27,28,36,54,145,6,16,22,167
06/12/2018,BGR,ME,ANE,EN,Combined TRACON& Tower with Radar,27,37,23,25,112,0,0,24,16,40,27,37,47,41,152,0,14,14,166
06/13/2018,BGR,ME,ANE,EN,Combined TRACON& Tower with Radar,30,37,25,32,124,0,9,22,17,48,30,46,47,49,172,0,20,20,192
06/14/2018,BGR,ME,ANE,EN,Combined TRACON& Tower with Radar,26,34,21,48,129,0,3,2,6,11,26,37,23,54,140,8,0,8,148
06/15/2018,BGR,ME,ANE,EN,Combined TRACON& Tower with Radar,28,40,34,31,133,0,0,57,14,71,28,40,91,45,204,32,6,38,242
06/16/2018,BGR,ME,ANE,EN,Combined TRACON& Tower with Radar,31,34,19,3,87,0,0,28,11,39,31,34,47,14,126,36,0,36,162
06/17/2018,BGR,ME,ANE,EN,Combined TRACON& Tower with Radar,25,23,19,8,75,0,3,27,1,31,25,26,46,9,106,20,0,20,126
06/18/2018,BGR,ME,ANE,EN,Combined TRACON& Tower with Radar,23,32,22,11,88,0,0,7,0,7,23,32,29,11,95,0,0,0,95
06/19/2018,BGR,ME,ANE,EN,Combined TRACON& Tower with Radar,31,38,26,45,140,0,3,26,14,43,31,41,52,59,183,8,38,46,229
06/20/2018,BGR,ME,ANE,EN,Combined TRACON& Tower with Radar,28,30,38,20,116,0,2,38,12,52,28,32,76,32,168,14,32,46,214
06/21/2018,BGR,ME,ANE,EN,Combined TRACON& Tower with Radar,27,24,42,39,132,0,0,19,10,29,27,24,61,49,161,12,14,26,187
06/22/2018,BGR,ME,ANE,EN,Combined TRACON& Tower with Radar,33,32,30,11,106,0,0,29,3,32,33,32,59,14,138,18,2,20,158
06/23/2018,BGR,ME,ANE,EN,Combined TRACON& Tower with Radar,31,28,35,5,99,0,0,22,3,25,31,28,57,8,124,36,0,36,160
06/24/2018,BGR,ME,ANE,EN,Combined TRACON& Tower with Radar,24,26,33,11,94,0,0,4,3,7,24,26,37,14,101,0,0,0,101
06/25/2018,BGR,ME,ANE,EN,Combined TRACON& Tower with Radar,30,35,24,20,109,0,2,9,0,11,30,37,33,20,120,0,0,0,120
06/26/2018,BGR,ME,ANE,EN,Combined TRACON& Tower with Radar,32,32,19,22,105,1,1,42,19,63,33,33,61,41,168,45,14,59,227
06/27/2018,BGR,ME,ANE,EN,Combined TRACON& Tower with Radar,30,30,29,18,107,0,2,61,7,70,30,32,90,25,177,70,18,88,265
06/28/2018,BGR,ME,ANE,EN,Combined TRACON& Tower with Radar,23,31,19,19,92,0,0,1,0,1,23,31,20,19,93,0,0,0,93
06/29/2018,BGR,ME,ANE,EN,Combined TRACON& Tower with Radar,36,26,34,14,110,0,3,26,4,33,36,29,60,18,143,18,12,30,173
06/30/2018,BGR,ME,ANE,EN,Combined TRACON& Tower with Radar,38,39,44,17,138,0,2,36,0,38,38,41,80,17,176,32,0,32,208
07/01/2018,BGR,ME,ANE,EN,Combined TRACON& Tower with Radar,25,21,28,11,85,0,0,5,0,5,25,21,33,11,90,0,0,0,90
07/02/2018,BGR,ME,ANE,EN,Combined TRACON& Tower with Radar,28,27,18,22,95,0,2,10,5,17,28,29,28,27,112,0,2,2,114
07/03/2018,BGR,ME,ANE,EN,Combined TRACON& Tower with Radar,18,28,24,18,88,0,0,16,3,19,18,28,40,21,107,0,0,0,107
07/04/2018,BGR,ME,ANE,EN,Combined TRACON& Tower with Radar,22,24,15,11,72,0,0,23,5,28,22,24,38,16,100,6,0,6,106
07/05/2018,BGR,ME,ANE,EN,Combined TRACON& Tower with Radar,22,40,20,15,97,0,1,12,2,15,22,41,32,17,112,0,0,0,112
07/06/2018,BGR,ME,ANE,EN,Combined TRACON& Tower with Radar,32,37,17,8,94,0,2,6,0,8,32,39,23,8,102,0,0,0,102
07/07/2018,BGR,ME,ANE,EN,Combined TRACON& Tower with Radar,32,40,21,3,96,0,3,36,1,40,32,43,57,4,136,44,0,44,180
07/08/2018,BGR,ME,ANE,EN,Combined TRACON& Tower with Radar,21,27,40,8,96,0,0,38,3,41,21,27,78,11,137,14,0,14,151
07/09/2018,BGR,ME,ANE,EN,Combined TRACON& Tower with Radar,28,40,18,6,92,0,2,17,0,19,28,42,35,6,111,4,0,4,115
07/10/2018,BGR,ME,ANE,EN,Combined TRACON& Tower with Radar,24,38,22,19,103,0,4,12,0,16,24,42,34,19,119,6,14,20,139
07/11/2018,BGR,ME,ANE,EN,Combined TRACON& Tower with Radar,24,33,17,18,92,0,1,43,9,53,24,34,60,27,145,24,16,40,185
07/12/2018,BGR,ME,ANE,EN,Combined TRACON& Tower with Radar,24,43,26,19,112,0,4,27,13,44,24,47,53,32,156,12,12,24,180
07/13/2018,BGR,ME,ANE,EN,Combined TRACON& Tower with Radar,27,33,31,35,126,0,4,51,4,59,27,37,82,39,185,10,12,22,207
07/14/2018,BGR,ME,ANE,EN,Combined TRACON& Tower with Radar,30,32,25,9,96,0,0,20,0,20,30,32,45,9,116,48,0,48,164
07/15/2018,BGR,ME,ANE,EN,Combined TRACON& Tower with Radar,19,21,21,1,62,0,1,10,0,11,19,22,31,1,73,22,0,22,95
07/16/2018,BGR,ME,ANE,EN,Combined TRACON& Tower with Radar,24,35,34,27,120,0,0,19,2,21,24,35,53,29,141,0,0,0,141
07/17/2018,BGR,ME,ANE,EN,Combined TRACON& Tower with Radar,25,31,23,27,106,0,0,0,0,0,25,31,23,27,106,0,0,0,106
07/18/2018,BGR,ME,ANE,EN,Combined TRACON& Tower with Radar,30,36,50,37,153,3,1,36,3,43,33,37,86,40,196,28,20,48,244
07/19/2018,BGR,ME,ANE,EN,Combined TRACON& Tower with Radar,21,43,23,35,122,0,1,55,11,67,21,44,78,46,189,0,0,0,189
07/20/2018,BGR,ME,ANE,EN,Combined TRACON& Tower with Radar,26,47,26,11,110,0,0,39,2,41,26,47,65,13,151,10,4,14,165
07/21/2018,BGR,ME,ANE,EN,Combined TRACON& Tower with Radar,29,42,27,3,101,0,1,32,2,35,29,43,59,5,136,30,0,30,166
07/22/2018,BGR,ME,ANE,EN,Combined TRACON& Tower with Radar,20,39,30,3,92,0,1,2,0,3,20,40,32,3,95,0,0,0,95
07/23/2018,BGR,ME,ANE,EN,Combined TRACON& Tower with Radar,23,34,36,40,133,0,0,8,0,8,23,34,44,40,141,0,0,0,141
07/24/2018,BGR,ME,ANE,EN,Combined TRACON& Tower with Radar,22,32,25,30,109,0,0,6,7,13,22,32,31,37,122,4,0,4,126
07/25/2018,BGR,ME,ANE,EN,Combined TRACON& Tower with Radar,25,40,28,24,117,0,0,3,4,7,25,40,31,28,124,4,10,14,138
07/26/2018,BGR,ME,ANE,EN,Combined TRACON& Tower with Radar,23,51,38,21,133,0,0,1,0,1,23,51,39,21,134,0,0,0,134
07/27/2018,BGR,ME,ANE,EN,Combined TRACON& Tower with Radar,23,43,21,24,111,0,0,25,9,34,23,43,46,33,145,38,8,46,191
07/28/2018,BGR,ME,ANE,EN,Combined TRACON& Tower with Radar,33,36,28,0,97,0,0,11,0,11,33,36,39,0,108,26,0,26,134
07/29/2018,BGR,ME,ANE,EN,Combined TRACON& Tower with Radar,22,23,23,3,71,0,1,27,0,28,22,24,50,3,99,0,0,0,99
07/30/2018,BGR,ME,ANE,EN,Combined TRACON& Tower with Radar,27,26,29,39,121,0,3,32,10,45,27,29,61,49,166,6,18,24,190
07/31/2018,BGR,ME,ANE,EN,Combined TRACON& Tower with Radar,22,36,27,46,131,0,3,24,11,38,22,39,51,57,169,9,10,19,188
08/01/2018,BGR,ME,ANE,EN,Combined TRACON& Tower with Radar,22,43,23,28,116,0,2,9,14,25,22,45,32,42,141,22,32,54,195
08/02/2018,BGR,ME,ANE,EN,Combined TRACON& Tower with Radar,18,31,29,50,128,0,4,16,18,38,18,35,45,68,166,18,18,36,202
08/03/2018,BGR,ME,ANE,EN,Combined TRACON& Tower with Radar,22,36,32,21,111,0,4,23,7,34,22,40,55,28,145,0,6,6,151
08/04/2018,BGR,ME,ANE,EN,Combined TRACON& Tower with Radar,30,31,54,7,122,0,0,6,0,6,30,31,60,7,128,0,0,0,128
08/05/2018,BGR,ME,ANE,EN,Combined TRACON& Tower with Radar,21,31,28,4,84,0,1,20,5,26,21,32,48,9,110,30,0,30,140
08/06/2018,BGR,ME,ANE,EN,Combined TRACON& Tower with Radar,26,24,18,28,96,0,4,26,6,36,26,28,44,34,132,4,4,8,140
08/07/2018,BGR,ME,ANE,EN,Combined TRACON& Tower with Radar,20,40,27,26,113,0,3,7,2,12,20,43,34,28,125,4,4,8,133
08/08/2018,BGR,ME,ANE,EN,Combined TRACON& Tower with Radar,23,37,20,22,102,0,1,19,10,30,23,38,39,32,132,14,10,24,156
08/09/2018,BGR,ME,ANE,EN,Combined TRACON& Tower with Radar,23,44,30,22,119,0,2,4,2,8,23,46,34,24,127,0,0,0,127
08/10/2018,BGR,ME,ANE,EN,Combined TRACON& Tower with Radar,26,32,23,4,85,0,2,57,6,65,26,34,80,10,150,62,0,62,212
08/11/2018,BGR,ME,ANE,EN,Combined TRACON& Tower with Radar,28,37,26,1,92,0,0,27,0,27,28,37,53,1,119,24,0,24,143
08/12/2018,BGR,ME,ANE,EN,Combined TRACON& Tower with Radar,23,27,35,0,85,0,0,16,0,16,23,27,51,0,101,8,0,8,109
08/13/2018,BGR,ME,ANE,EN,Combined TRACON& Tower with Radar,22,30,33,46,131,0,0,18,0,18,22,30,51,46,149,16,0,16,165
08/14/2018,BGR,ME,ANE,EN,Combined TRACON& Tower with Radar,24,33,48,15,120,0,0,2,0,2,24,33,50,15,122,0,0,0,122
08/15/2018,BGR,ME,ANE,EN,Combined TRACON& Tower with Radar,27,32,26,10,95,0,2,10,1,13,27,34,36,11,108,26,2,28,136
08/16/2018,BGR,ME,ANE,EN,Combined TRACON& Tower with Radar,22,43,39,23,127,0,4,55,8,67,22,47,94,31,194,22,8,30,224
08/17/2018,BGR,ME,ANE,EN,Combined TRACON& Tower with Radar,27,41,29,17,114,0,0,29,3,32,27,41,58,20,146,13,10,23,169
08/18/2018,BGR,ME,ANE,EN,Combined TRACON& Tower with Radar,31,32,28,14,105,0,1,2,0,3,31,33,30,14,108,0,0,0,108
08/19/2018,BGR,ME,ANE,EN,Combined TRACON& Tower with Radar,27,26,29,12,94,0,0,24,6,30,27,26,53,18,124,0,42,42,166
08/20/2018,BGR,ME,ANE,EN,Combined TRACON& Tower with Radar,24,27,18,26,95,0,0,25,1,26,24,27,43,27,121,4,6,10,131
08/21/2018,BGR,ME,ANE,EN,Combined TRACON& Tower with Radar,22,46,18,35,121,0,1,25,14,40,22,47,43,49,161,6,14,20,181
08/22/2018,BGR,ME,ANE,EN,Combined TRACON& Tower with Radar,27,38,14,34,113,0,0,0,1,1,27,38,14,35,114,0,0,0,114
08/23/2018,BGR,ME,ANE,EN,Combined TRACON& Tower with Radar,24,37,26,34,121,0,10,38,15,63,24,47,64,49,184,10,16,26,210
08/24/2018,BGR,ME,ANE,EN,Combined TRACON& Tower with Radar,25,40,29,25,119,0,0,37,8,45,25,40,66,33,164,40,0,40,204
08/25/2018,BGR,ME,ANE,EN,Combined TRACON& Tower with Radar,33,23,26,5,87,0,3,32,0,35,33,26,58,5,122,42,0,42,164
08/26/2018,BGR,ME,ANE,EN,Combined TRACON& Tower with Radar,27,21,28,4,80,0,0,22,0,22,27,21,50,4,102,10,0,10,112
08/27/2018,BGR,ME,ANE,EN,Combined TRACON& Tower with Radar,25,35,15,42,117,0,0,10,10,20,25,35,25,52,137,0,10,10,147
08/28/2018,BGR,ME,ANE,EN,Combined TRACON& Tower with Radar,22,43,17,56,138,0,3,24,8,35,22,46,41,64,173,0,38,38,211
08/29/2018,BGR,ME,ANE,EN,Combined TRACON& Tower with Radar,25,32,17,25,99,0,2,17,5,24,25,34,34,30,123,0,12,12,135
08/30/2018,BGR,ME,ANE,EN,Combined TRACON& Tower with Radar,23,32,26,39,120,0,0,15,2,17,23,32,41,41,137,6,4,10,147
08/31/2018,BGR,ME,ANE,EN,Combined TRACON& Tower with Radar,24,39,21,20,104,0,0,42,3,45,24,39,63,23,149,12,0,12,161
09/01/2018,BGR,ME,ANE,EN,Combined TRACON& Tower with Radar,32,43,20,9,104,0,3,14,0,17,32,46,34,9,121,34,0,34,155
09/02/2018,BGR,ME,ANE,EN,Combined TRACON& Tower with Radar,18,21,17,4,60,0,0,8,0,8,18,21,25,4,68,6,0,6,74
09/03/2018,BGR,ME,ANE,EN,Combined TRACON& Tower with Radar,21,23,35,4,83,0,1,17,0,18,21,24,52,4,101,6,0,6,107
09/04/2018,BGR,ME,ANE,EN,Combined TRACON& Tower with Radar,17,34,15,19,85,0,0,26,6,32,17,34,41,25,117,2,16,18,135
09/05/2018,BGR,ME,ANE,EN,Combined TRACON& Tower with Radar,24,32,32,20,108,0,0,22,5,27,24,32,54,25,135,14,8,22,157
09/06/2018,BGR,ME,ANE,EN,Combined TRACON& Tower with Radar,22,32,16,41,111,0,2,14,3,19,22,34,30,44,130,22,12,34,164
09/07/2018,BGR,ME,ANE,EN,Combined TRACON& Tower with Radar,22,35,36,19,112,0,0,35,4,39,22,35,71,23,151,22,26,48,199
09/08/2018,BGR,ME,ANE,EN,Combined TRACON& Tower with Radar,27,38,18,14,97,0,0,24,7,31,27,38,42,21,128,0,4,4,132
09/09/2018,BGR,ME,ANE,EN,Combined TRACON& Tower with Radar,22,23,24,7,76,0,1,36,4,41,22,24,60,11,117,12,0,12,129
09/10/2018,BGR,ME,ANE,EN,Combined TRACON& Tower with Radar,24,23,13,15,75,0,2,11,0,13,24,25,24,15,88,10,4,14,102
09/11/2018,BGR,ME,ANE,EN,Combined TRACON& Tower with Radar,22,30,16,12,80,0,0,1,0,1,22,30,17,12,81,2,0,2,83
09/12/2018,BGR,ME,ANE,EN,Combined TRACON& Tower with Radar,28,26,30,34,118,0,0,12,9,21,28,26,42,43,139,22,14,36,175
09/13/2018,BGR,ME,ANE,EN,Combined TRACON& Tower with Radar,24,26,25,36,111,0,0,29,20,49,24,26,54,56,160,0,14,14,174
09/14/2018,BGR,ME,ANE,EN,Combined TRACON& Tower with Radar,27,36,36,8,107,0,1,21,2,24,27,37,57,10,131,32,2,34,165
09/15/2018,BGR,ME,ANE,EN,Combined TRACON& Tower with Radar,28,33,28,6,95,0,2,37,0,39,28,35,65,6,134,44,0,44,178
09/16/2018,BGR,ME,ANE,EN,Combined TRACON& Tower with Radar,23,20,23,2,68,0,1,22,0,23,23,21,45,2,91,6,0,6,97
09/17/2018,BGR,ME,ANE,EN,Combined TRACON& Tower with Radar,26,26,6,54,112,0,0,14,10,24,26,26,20,64,136,10,18,28,164
09/18/2018,BGR,ME,ANE,EN,Combined TRACON& Tower with Radar,23,29,16,24,92,0,1,14,6,21,23,30,30,30,113,18,0,18,131
09/19/2018,BGR,ME,ANE,EN,Combined TRACON& Tower with Radar,26,35,34,18,113,0,0,2,8,10,26,35,36,26,123,0,0,0,123
09/20/2018,BGR,ME,ANE,EN,Combined TRACON& Tower with Radar,22,34,38,23,117,0,1,9,8,18,22,35,47,31,135,2,24,26,161
09/21/2018,BGR,ME,ANE,EN,Combined TRACON& Tower with Radar,26,30,21,18,95,0,0,5,2,7,26,30,26,20,102,2,0,2,104
09/22/2018,BGR,ME,ANE,EN,Combined TRACON& Tower with Radar,32,27,23,10,92,0,0,11,1,12,32,27,34,11,104,12,0,12,116
09/23/2018,BGR,ME,ANE,EN,Combined TRACON& Tower with Radar,26,23,37,12,98,0,5,35,0,40,26,28,72,12,138,8,0,8,146
09/24/2018,BGR,ME,ANE,EN,Combined TRACON& Tower with Radar,28,38,22,11,99,0,4,33,6,43,28,42,55,17,142,14,2,16,158
09/25/2018,BGR,ME,ANE,EN,Combined TRACON& Tower with Radar,21,41,33,54,149,0,1,14,9,24,21,42,47,63,173,0,22,22,195
09/26/2018,BGR,ME,ANE,EN,Combined TRACON& Tower with Radar,24,29,21,9,83,0,0,0,0,0,24,29,21,9,83,0,0,0,83
09/27/2018,BGR,ME,ANE,EN,Combined TRACON& Tower with Radar,25,28,27,19,99,0,1,21,15,37,25,29,48,34,136,12,0,12,148
09/28/2018,BGR,ME,ANE,EN,Combined TRACON& Tower with Radar,28,32,38,19,117,0,2,17,2,21,28,34,55,21,138,40,0,40,178
09/29/2018,BGR,ME,ANE,EN,Combined TRACON& Tower with Radar,29,27,17,10,83,0,0,25,0,25,29,27,42,10,108,34,0,34,142
09/30/2018,BGR,ME,ANE,EN,Combined TRACON& Tower with Radar,23,27,23,4,77,0,2,17,0,19,23,29,40,4,96,18,0,18,114
10/01/2018,BGR,ME,ANE,EN,Combined TRACON& Tower with Radar,28,28,32,15,103,0,0,7,0,7,28,28,39,15,110,0,0,0,110
10/02/2018,BGR,ME,ANE,EN,Combined TRACON& Tower with Radar,20,27,37,11,95,0,0,1,0,1,20,27,38,11,96,0,0,0,96
10/03/2018,BGR,ME,ANE,EN,Combined TRACON& Tower with Radar,24,39,38,28,129,0,0,7,0,7,24,39,45,28,136,0,0,0,136
10/04/2018,BGR,ME,ANE,EN,Combined TRACON& Tower with Radar,21,32,45,42,140,0,0,1,0,1,21,32,46,42,141,0,0,0,141
10/05/2018,BGR,ME,ANE,EN,Combined TRACON& Tower with Radar,24,30,34,23,111,0,2,40,4,46,24,32,74,27,157,0,4,4,161
10/06/2018,BGR,ME,ANE,EN,Combined TRACON& Tower with Radar,30,30,23,8,91,0,0,26,0,26,30,30,49,8,117,0,0,0,117
10/07/2018,BGR,ME,ANE,EN,Combined TRACON& Tower with Radar,22,33,19,4,78,0,0,14,0,14,22,33,33,4,92,0,0,0,92
10/08/2018,BGR,ME,ANE,EN,Combined TRACON& Tower with Radar,25,30,19,11,85,0,0,31,0,31,25,30,50,11,116,24,0,24,140
10/09/2018,BGR,ME,ANE,EN,Combined TRACON& Tower with Radar,22,26,21,23,92,0,2,14,10,26,22,28,35,33,118,6,16,22,140
10/10/2018,BGR,ME,ANE,EN,Combined TRACON& Tower with Radar,22,35,30,32,119,0,0,3,3,6,22,35,33,35,125,0,0,0,125
10/11/2018,BGR,ME,ANE,EN,Combined TRACON& Tower with Radar,14,22,20,31,87,0,0,0,0,0,14,22,20,31,87,0,0,0,87
10/12/2018,BGR,ME,ANE,EN,Combined TRACON& Tower with Radar,27,41,27,25,120,0,8,18,14,40,27,49,45,39,160,0,12,12,172
10/13/2018,BGR,ME,ANE,EN,Combined TRACON& Tower with Radar,28,29,31,8,96,0,0,6,14,20,28,29,37,22,116,4,10,14,130
10/14/2018,BGR,ME,ANE,EN,Combined TRACON& Tower with Radar,23,29,31,4,87,0,1,22,4,27,23,30,53,8,114,8,0,8,122
10/15/2018,BGR,ME,ANE,EN,Combined TRACON& Tower with Radar,25,22,31,21,99,0,1,8,1,10,25,23,39,22,109,2,4,6,115
10/16/2018,BGR,ME,ANE,EN,Combined TRACON& Tower with Radar,24,26,20,15,85,0,8,17,12,37,24,34,37,27,122,50,6,56,178
10/17/2018,BGR,ME,ANE,EN,Combined TRACON& Tower with Radar,23,26,30,41,120,0,1,25,9,35,23,27,55,50,155,0,14,14,169
10/18/2018,BGR,ME,ANE,EN,Combined TRACON& Tower with Radar,19,32,20,16,87,0,1,8,0,9,19,33,28,16,96,0,0,0,96
10/19/2018,BGR,ME,ANE,EN,Combined TRACON& Tower with Radar,31,31,23,29,114,0,0,41,8,49,31,31,64,37,163,20,18,38,201
10/20/2018,BGR,ME,ANE,EN,Combined TRACON& Tower with Radar,27,23,9,5,64,0,0,7,0,7,27,23,16,5,71,44,0,44,115
10/21/2018,BGR,ME,ANE,EN,Combined TRACON& Tower with Radar,24,19,29,4,76,0,1,18,0,19,24,20,47,4,95,32,0,32,127
10/22/2018,BGR,ME,ANE,EN,Combined TRACON& Tower with Radar,31,28,23,27,109,0,2,21,6,29,31,30,44,33,138,8,4,12,150
10/23/2018,BGR,ME,ANE,EN,Combined TRACON& Tower with Radar,20,28,15,48,111,0,0,5,8,13,20,28,20,56,124,0,32,32,156
10/24/2018,BGR,ME,ANE,EN,Combined TRACON& Tower with Radar,18,31,32,20,101,0,0,1,0,1,18,31,33,20,102,0,4,4,106
10/25/2018,BGR,ME,ANE,EN,Combined TRACON& Tower with Radar,22,40,24,21,107,0,3,8,16,27,22,43,32,37,134,0,4,4,138
10/26/2018,BGR,ME,ANE,EN,Combined TRACON& Tower with Radar,25,25,23,24,97,0,1,21,7,29,25,26,44,31,126,0,2,2,128
10/27/2018,BGR,ME,ANE,EN,Combined TRACON& Tower with Radar,31,23,16,2,72,0,0,9,0,9,31,23,25,2,81,16,0,16,97
10/28/2018,BGR,ME,ANE,EN,Combined TRACON& Tower with Radar,19,28,22,4,73,0,2,0,0,2,19,30,22,4,75,0,0,0,75
10/29/2018,BGR,ME,ANE,EN,Combined TRACON& Tower with Radar,20,29,29,44,122,0,1,1,0,2,20,30,30,44,124,0,0,0,124
10/30/2018,BGR,ME,ANE,EN,Combined TRACON& Tower with Radar,18,23,15,29,85,0,0,32,10,42,18,23,47,39,127,14,24,38,165
10/31/2018,BGR,ME,ANE,EN,Combined TRACON& Tower with Radar,15,28,32,30,105,0,1,18,4,23,15,29,50,34,128,26,12,38,166
11/01/2018,BGR,ME,ANE,EN,Combined TRACON& Tower with Radar,13,28,31,27,99,0,2,4,0,6,13,30,35,27,105,0,0,0,105
11/02/2018,BGR,ME,ANE,EN,Combined TRACON& Tower with Radar,21,31,15,11,78,0,0,0,0,0,21,31,15,11,78,0,0,0,78
11/03/2018,BGR,ME,ANE,EN,Combined TRACON& Tower with Radar,27,22,17,0,66,0,0,0,0,0,27,22,17,0,66,0,0,0,66
11/04/2018,BGR,ME,ANE,EN,Combined TRACON& Tower with Radar,14,19,15,8,56,0,0,34,9,43,14,19,49,17,99,34,0,34,133
11/05/2018,BGR,ME,ANE,EN,Combined TRACON& Tower with Radar,14,26,15,10,65,0,1,16,1,18,14,27,31,11,83,4,6,10,93
11/06/2018,BGR,ME,ANE,EN,Combined TRACON& Tower with Radar,12,31,23,15,81,0,0,0,0,0,12,31,23,15,81,0,0,0,81
11/07/2018,BGR,ME,ANE,EN,Combined TRACON& Tower with Radar,14,23,21,28,86,0,3,33,7,43,14,26,54,35,129,10,4,14,143
11/08/2018,BGR,ME,ANE,EN,Combined TRACON& Tower with Radar,10,24,15,28,77,0,2,7,12,21,10,26,22,40,98,0,2,2,100
11/09/2018,BGR,ME,ANE,EN,Combined TRACON& Tower with Radar,13,27,21,18,79,0,1,26,2,29,13,28,47,20,108,36,6,42,150
11/10/2018,BGR,ME,ANE,EN,Combined TRACON& Tower with Radar,18,22,7,5,52,0,1,0,0,1,18,23,7,5,53,0,0,0,53
11/11/2018,BGR,ME,ANE,EN,Combined TRACON& Tower with Radar,16,17,13,12,58,0,2,12,0,14,16,19,25,12,72,0,2,2,74
11/12/2018,BGR,ME,ANE,EN,Combined TRACON& Tower with Radar,16,24,11,13,64,0,3,14,0,17,16,27,25,13,81,22,0,22,103
11/13/2018,BGR,ME,ANE,EN,Combined TRACON& Tower with Radar,10,29,16,13,68,0,0,0,0,0,10,29,16,13,68,0,0,0,68
11/14/2018,BGR,ME,ANE,EN,Combined TRACON& Tower with Radar,14,35,23,10,82,0,0,6,1,7,14,35,29,11,89,0,0,0,89
11/15/2018,BGR,ME,ANE,EN,Combined TRACON& Tower with Radar,13,23,38,37,111,0,0,18,11,29,13,23,56,48,140,14,4,18,158
11/16/2018,BGR,ME,ANE,EN,Combined TRACON& Tower with Radar,10,21,10,8,49,0,0,0,0,0,10,21,10,8,49,0,0,0,49
11/17/2018,BGR,ME,ANE,EN,Combined TRACON& Tower with Radar,21,27,25,6,79,0,0,13,2,15,21,27,38,8,94,32,12,44,138
11/18/2018,BGR,ME,ANE,EN,Combined TRACON& Tower with Radar,16,12,19,5,52,0,0,24,0,24,16,12,43,5,76,18,0,18,94
11/19/2018,BGR,ME,ANE,EN,Combined TRACON& Tower with Radar,15,17,5,14,51,0,0,0,0,0,15,17,5,14,51,4,0,4,55
11/20/2018,BGR,ME,ANE,EN,Combined TRACON& Tower with Radar,10,26,4,9,49,0,0,1,0,1,10,26,5,9,50,0,0,0,50
11/21/2018,BGR,ME,ANE,EN,Combined TRACON& Tower with Radar,19,33,22,24,98,0,2,15,5,22,19,35,37,29,120,0,20,20,140
11/22/2018,BGR,ME,ANE,EN,Combined TRACON& Tower with Radar,5,13,5,1,24,0,1,1,0,2,5,14,6,1,26,0,0,0,26
11/23/2018,BGR,ME,ANE,EN,Combined TRACON& Tower with Radar,6,12,10,2,30,0,0,10,0,10,6,12,20,2,40,0,0,0,40
11/24/2018,BGR,ME,ANE,EN,Combined TRACON& Tower with Radar,14,28,12,0,54,0,2,26,0,28,14,30,38,0,82,24,0,24,106
11/25/2018,BGR,ME,ANE,EN,Combined TRACON& Tower with Radar,18,19,7,1,45,0,0,0,0,0,18,19,7,1,45,8,0,8,53
11/26/2018,BGR,ME,ANE,EN,Combined TRACON& Tower with Radar,13,23,14,24,74,0,0,0,0,0,13,23,14,24,74,0,0,0,74
11/27/2018,BGR,ME,ANE,EN,Combined TRACON& Tower with Radar,6,25,4,0,35,0,0,0,0,0,6,25,4,0,35,0,0,0,35
11/28/2018,BGR,ME,ANE,EN,Combined TRACON& Tower with Radar,12,27,21,6,66,0,1,4,2,7,12,28,25,8,73,10,0,10,83
11/29/2018,BGR,ME,ANE,EN,Combined TRACON& Tower with Radar,10,28,9,17,64,0,6,6,7,19,10,34,15,24,83,0,0,0,83
11/30/2018,BGR,ME,ANE,EN,Combined TRACON& Tower with Radar,12,28,33,24,97,0,0,39,6,45,12,28,72,30,142,30,4,34,176
12/01/2018,BGR,ME,ANE,EN,Combined TRACON& Tower with Radar,15,24,19,9,67,0,3,23,11,37,15,27,42,20,104,44,2,46,150
12/02/2018,BGR,ME,ANE,EN,Combined TRACON& Tower with Radar,9,21,10,5,45,0,0,0,0,0,9,21,10,5,45,0,0,0,45
12/03/2018,BGR,ME,ANE,EN,Combined TRACON& Tower with Radar,10,25,7,22,64,0,1,1,2,4,10,26,8,24,68,4,0,4,72
12/04/2018,BGR,ME,ANE,EN,Combined TRACON& Tower with Radar,10,31,29,27,97,0,1,19,10,30,10,32,48,37,127,38,6,44,171
12/05/2018,BGR,ME,ANE,EN,Combined TRACON& Tower with Radar,12,31,20,0,63,0,0,30,0,30,12,31,50,0,93,24,0,24,117
12/06/2018,BGR,ME,ANE,EN,Combined TRACON& Tower with Radar,14,32,11,29,86,0,3,21,14,38,14,35,32,43,124,30,16,46,170
12/07/2018,BGR,ME,ANE,EN,Combined TRACON& Tower with Radar,14,25,24,25,88,0,3,10,9,22,14,28,34,34,110,2,18,20,130
12/08/2018,BGR,ME,ANE,EN,Combined TRACON& Tower with Radar,14,29,15,6,64,0,3,23,0,26,14,32,38,6,90,18,0,18,108
12/09/2018,BGR,ME,ANE,EN,Combined TRACON& Tower with Radar,12,20,16,5,53,0,3,27,0,30,12,23,43,5,83,22,0,22,105
12/10/2018,BGR,ME,ANE,EN,Combined TRACON& Tower with Radar,8,27,16,22,73,0,2,26,4,32,8,29,42,26,105,14,16,30,135
12/11/2018,BGR,ME,ANE,EN,Combined TRACON& Tower with Radar,12,33,38,27,110,0,1,40,15,56,12,34,78,42,166,10,6,16,182
12/12/2018,BGR,ME,ANE,EN,Combined TRACON& Tower with Radar,13,35,27,11,86,0,2,22,2,26,13,37,49,13,112,42,2,44,156
12/13/2018,BGR,ME,ANE,EN,Combined TRACON& Tower with Radar,11,30,21,25,87,0,2,18,18,38,11,32,39,43,125,0,8,8,133
12/14/2018,BGR,ME,ANE,EN,Combined TRACON& Tower with Radar,10,32,27,27,96,0,3,16,4,23,10,35,43,31,119,34,0,34,153
12/15/2018,BGR,ME,ANE,EN,Combined TRACON& Tower with Radar,14,31,14,6,65,0,1,18,0,19,14,32,32,6,84,42,0,42,126
12/16/2018,BGR,ME,ANE,EN,Combined TRACON& Tower with Radar,12,17,10,5,44,0,2,28,0,30,12,19,38,5,74,8,0,8,82
12/17/2018,BGR,ME,ANE,EN,Combined TRACON& Tower with Radar,8,24,9,11,52,0,0,0,0,0,8,24,9,11,52,0,0,0,52
12/18/2018,BGR,ME,ANE,EN,Combined TRACON& Tower with Radar,8,30,25,12,75,0,0,4,1,5,8,30,29,13,80,0,2,2,82
12/19/2018,BGR,ME,ANE,EN,Combined TRACON& Tower with Radar,12,34,22,23,91,0,1,33,11,45,12,35,55,34,136,14,6,20,156
12/20/2018,BGR,ME,ANE,EN,Combined TRACON& Tower with Radar,9,37,15,19,80,0,8,30,13,51,9,45,45,32,131,0,0,0,131
12/21/2018,BGR,ME,ANE,EN,Combined TRACON& Tower with Radar,6,45,7,4,62,0,0,0,0,0,6,45,7,4,62,0,0,0,62
12/22/2018,BGR,ME,ANE,EN,Combined TRACON& Tower with Radar,7,29,19,1,56,0,0,0,0,0,7,29,19,1,56,0,0,0,56
12/23/2018,BGR,ME,ANE,EN,Combined TRACON& Tower with Radar,5,23,7,2,37,0,4,11,0,15,5,27,18,2,52,0,0,0,52
12/24/2018,BGR,ME,ANE,EN,Combined TRACON& Tower with Radar,2,18,0,0,20,0,5,13,0,18,2,23,13,0,38,0,0,0,38
12/25/2018,BGR,ME,ANE,EN,Combined TRACON& Tower with Radar,0,15,4,0,19,0,6,1,0,7,0,21,5,0,26,0,0,0,26
12/26/2018,BGR,ME,ANE,EN,Combined TRACON& Tower with Radar,4,26,4,34,68,0,2,12,4,18,4,28,16,38,86,0,0,0,86
12/27/2018,BGR,ME,ANE,EN,Combined TRACON& Tower with Radar,0,30,11,14,55,0,5,16,2,23,0,35,27,16,78,0,0,0,78
12/28/2018,BGR,ME,ANE,EN,Combined TRACON& Tower with Radar,2,29,5,1,37,0,0,0,0,0,2,29,5,1,37,0,0,0,37
12/29/2018,BGR,ME,ANE,EN,Combined TRACON& Tower with Radar,4,31,8,0,43,0,1,8,0,9,4,32,16,0,52,0,0,0,52
12/30/2018,BGR,ME,ANE,EN,Combined TRACON& Tower with Radar,0,23,9,2,34,0,5,18,0,23,0,28,27,2,57,0,0,0,57
12/31/2018,BGR,ME,ANE,EN,Combined TRACON& Tower with Radar,2,17,5,4,28,0,1,6,0,7,2,18,11,4,35,0,0,0,35
01/01/2019,BGR,ME,ANE,EN,Combined TRACON& Tower with Radar,4,18,4,2,28,0,0,0,0,0,4,18,4,2,28,0,0,0,28
01/02/2019,BGR,ME,ANE,EN,Combined TRACON& Tower with Radar,2,29,7,28,66,0,0,16,2,18,2,29,23,30,84,0,0,0,84
01/03/2019,BGR,ME,ANE,EN,Combined TRACON& Tower with Radar,2,33,14,10,59,0,1,2,0,3,2,34,16,10,62,0,0,0,62
01/04/2019,BGR,ME,ANE,EN,Combined TRACON& Tower with Radar,4,26,12,28,70,0,3,31,23,57,4,29,43,51,127,10,2,12,139
01/05/2019,BGR,ME,ANE,EN,Combined TRACON& Tower with Radar,9,27,13,25,74,0,0,11,7,18,9,27,24,32,92,28,18,46,138
01/06/2019,BGR,ME,ANE,EN,Combined TRACON& Tower with Radar,1,24,11,3,39,0,0,3,0,3,1,24,14,3,42,0,0,0,42
01/07/2019,BGR,ME,ANE,EN,Combined TRACON& Tower with Radar,2,37,16,25,80,0,1,15,1,17,2,38,31,26,97,12,4,16,113
01/08/2019,BGR,ME,ANE,EN,Combined TRACON& Tower with Radar,3,32,4,15,54,0,0,0,0,0,3,32,4,15,54,0,0,0,54
01/09/2019,BGR,ME,ANE,EN,Combined TRACON& Tower with Radar,4,28,16,23,71,0,0,0,0,0,4,28,16,23,71,0,0,0,71
01/10/2019,BGR,ME,ANE,EN,Combined TRACON& Tower with Radar,1,34,8,39,82,0,2,11,6,19,1,36,19,45,101,6,10,16,117
01/11/2019,BGR,ME,ANE,EN,Combined TRACON& Tower with Radar,2,33,13,36,84,0,1,11,5,17,2,34,24,41,101,4,4,8,109
01/12/2019,BGR,ME,ANE,EN,Combined TRACON& Tower with Radar,5,20,6,5,36,0,0,12,3,15,5,20,18,8,51,32,0,32,83
01/13/2019,BGR,ME,ANE,EN,Combined TRACON& Tower with Radar,5,31,11,9,56,0,2,16,0,18,5,33,27,9,74,6,0,6,80
01/14/2019,BGR,ME,ANE,EN,Combined TRACON& Tower with Radar,5,27,6,40,78,0,0,15,10,25,5,27,21,50,103,14,10,24,127
01/15/2019,BGR,ME,ANE,EN,Combined TRACON& Tower with Radar,1,35,16,42,94,0,6,24,27,57,1,41,40,69,151,2,26,28,179
01/16/2019,BGR,ME,ANE,EN,Combined TRACON& Tower with Radar,3,33,17,23,76,0,1,13,7,21,3,34,30,30,97,34,6,40,137
01/17/2019,BGR,ME,ANE,EN,Combined TRACON& Tower with Radar,0,29,6,24,59,0,2,22,13,37,0,31,28,37,96,8,4,12,108
01/18/2019,BGR,ME,ANE,EN,Combined TRACON& Tower with Radar,2,36,4,10,52,0,0,4,0,4,2,36,8,10,56,0,0,0,56
01/19/2019,BGR,ME,ANE,EN,Combined TRACON& Tower with Radar,5,24,4,0,33,0,4,19,0,23,5,28,23,0,56,14,0,14,70
01/20/2019,BGR,ME,ANE,EN,Combined TRACON& Tower with Radar,0,4,0,0,4,0,0,0,0,0,0,4,0,0,4,0,0,0,4
01/21/2019,BGR,ME,ANE,EN,Combined TRACON& Tower with Radar,2,27,5,3,37,0,0,3,0,3,2,27,8,3,40,0,0,0,40
01/22/2019,BGR,ME,ANE,EN,Combined TRACON& Tower with Radar,0,32,12,40,84,0,9,11,10,30,0,41,23,50,114,0,8,8,122
01/23/2019,BGR,ME,ANE,EN,Combined TRACON& Tower with Radar,2,35,16,14,67,0,1,9,2,12,2,36,25,16,79,30,8,38,117
01/24/2019,BGR,ME,ANE,EN,Combined TRACON& Tower with Radar,2,29,9,3,43,0,0,0,0,0,2,29,9,3,43,0,0,0,43
01/25/2019,BGR,ME,ANE,EN,Combined TRACON& Tower with Radar,4,38,22,45,109,0,2,29,24,55,4,40,51,69,164,16,28,44,208
01/26/2019,BGR,ME,ANE,EN,Combined TRACON& Tower with Radar,5,25,7,4,41,0,0,26,0,26,5,25,33,4,67,18,0,18,85
01/27/2019,BGR,ME,ANE,EN,Combined TRACON& Tower with Radar,1,27,21,3,52,0,3,8,1,12,1,30,29,4,64,4,0,4,68
01/28/2019,BGR,ME,ANE,EN,Combined TRACON& Tower with Radar,7,29,9,46,91,0,4,16,5,25,7,33,25,51,116,6,10,16,132
01/29/2019,BGR,ME,ANE,EN,Combined TRACON& Tower with Radar,1,33,19,29,82,0,1,10,18,29,1,34,29,47,111,30,4,34,145
01/30/2019,BGR,ME,ANE,EN,Combined TRACON& Tower with Radar,2,30,16,3,51,0,0,1,0,1,2,30,17,3,52,0,0,0,52
01/31/2019,BGR,ME,ANE,EN,Combined TRACON& Tower with Radar,4,41,12,8,65,0,1,9,5,15,4,42,21,13,80,2,0,2,82
02/01/2019,BGR,ME,ANE,EN,Combined TRACON& Tower with Radar,5,36,17,12,70,0,2,19,13,34,5,38,36,25,104,22,4,26,130
02/02/2019,BGR,ME,ANE,EN,Combined TRACON& Tower with Radar,6,20,12,15,53,0,6,13,8,27,6,26,25,23,80,6,16,22,102
02/03/2019,BGR,ME,ANE,EN,Combined TRACON& Tower with Radar,3,23,6,5,37,0,5,17,0,22,3,28,23,5,59,12,0,12,71
02/04/2019,BGR,ME,ANE,EN,Combined TRACON& Tower with Radar,2,41,9,34,86,0,1,1,1,3,2,42,10,35,89,22,8,30,119
02/05/2019,BGR,ME,ANE,EN,Combined TRACON& Tower with Radar,2,33,9,19,63,0,4,3,12,19,2,37,12,31,82,2,6,8,90
02/06/2019,BGR,ME,ANE,EN,Combined TRACON& Tower with Radar,5,44,15,26,90,0,2,24,11,37,5,46,39,37,127,12,24,36,163
02/07/2019,BGR,ME,ANE,EN,Combined TRACON& Tower with Radar,0,35,17,34,86,0,0,4,1,5,0,35,21,35,91,0,0,0,91
02/08/2019,BGR,ME,ANE,EN,Combined TRACON& Tower with Radar,5,33,16,2,56,0,0,1,0,1,5,33,17,2,57,0,0,0,57
02/09/2019,BGR,ME,ANE,EN,Combined TRACON& Tower with Radar,9,16,7,1,33,0,1,2,2,5,9,17,9,3,38,0,0,0,38
02/10/2019,BGR,ME,ANE,EN,Combined TRACON& Tower with Radar,5,25,12,11,53,0,4,18,1,23,5,29,30,12,76,8,0,8,84
02/11/2019,BGR,ME,ANE,EN,Combined TRACON& Tower with Radar,4,39,20,52,115,0,6,21,8,35,4,45,41,60,150,18,18,36,186
02/12/2019,BGR,ME,ANE,EN,Combined TRACON& Tower with Radar,0,25,30,28,83,0,4,26,8,38,0,29,56,36,121,14,0,14,135
02/13/2019,BGR,ME,ANE,EN,Combined TRACON& Tower with Radar,9,28,8,2,47,0,0,0,0,0,9,28,8,2,47,0,0,0,47
02/14/2019,BGR,ME,ANE,EN,Combined TRACON& Tower with Radar,1,43,15,15,74,0,2,12,6,20,1,45,27,21,94,0,12,12,106
02/15/2019,BGR,ME,ANE,EN,Combined TRACON& Tower with Radar,6,34,12,13,65,0,1,6,3,10,6,35,18,16,75,8,10,18,93
02/16/2019,BGR,ME,ANE,EN,Combined TRACON& Tower with Radar,9,25,8,4,46,0,3,24,0,27,9,28,32,4,73,20,0,20,93
02/17/2019,BGR,ME,ANE,EN,Combined TRACON& Tower with Radar,5,20,17,0,42,0,2,33,0,35,5,22,50,0,77,32,0,32,109
02/18/2019,BGR,ME,ANE,EN,Combined TRACON& Tower with Radar,8,28,17,0,53,0,1,3,0,4,8,29,20,0,57,0,0,0,57
02/19/2019,BGR,ME,ANE,EN,Combined TRACON& Tower with Radar,4,33,10,19,66,0,8,8,15,31,4,41,18,34,97,0,10,10,107
02/20/2019,BGR,ME,ANE,EN,Combined TRACON& Tower with Radar,6,27,7,29,69,0,5,25,10,40,6,32,32,39,109,8,12,20,129
02/21/2019,BGR,ME,ANE,EN,Combined TRACON& Tower with Radar,0,32,7,15,54,0,0,2,2,4,0,32,9,17,58,0,10,10,68
02/22/2019,BGR,ME,ANE,EN,Combined TRACON& Tower with Radar,4,36,15,14,69,0,3,34,4,41,4,39,49,18,110,50,6,56,166
02/23/2019,BGR,ME,ANE,EN,Combined TRACON& Tower with Radar,10,28,14,4,56,0,4,25,0,29,10,32,39,4,85,32,0,32,117
02/24/2019,BGR,ME,ANE,EN,Combined TRACON& Tower with Radar,3,19,6,6,34,0,0,0,0,0,3,19,6,6,34,0,0,0,34
02/25/2019,BGR,ME,ANE,EN,Combined TRACON& Tower with Radar,5,22,5,2,34,0,0,5,0,5,5,22,10,2,39,18,0,18,57
02/26/2019,BGR,ME,ANE,EN,Combined TRACON& Tower with Radar,8,29,5,14,56,0,4,9,1,14,8,33,14,15,70,0,0,0,70
02/27/2019,BGR,ME,ANE,EN,Combined TRACON& Tower with Radar,8,34,19,20,81,0,4,15,1,20,8,38,34,21,101,10,2,12,113
02/28/2019,BGR,ME,ANE,EN,Combined TRACON& Tower with Radar,2,33,20,22,77,0,3,13,18,34,2,36,33,40,111,8,8,16,127
03/01/2019,BGR,ME,ANE,EN,Combined TRACON& Tower with Radar,10,33,12,38,93,0,4,18,10,32,10,37,30,48,125,6,2,8,133
03/02/2019,BGR,ME,ANE,EN,Combined TRACON& Tower with Radar,14,27,13,13,67,0,1,15,9,25,14,28,28,22,92,8,10,18,110
03/03/2019,BGR,ME,ANE,EN,Combined TRACON& Tower with Radar,4,21,13,5,43,0,4,15,1,20,4,25,28,6,63,36,0,36,99
03/04/2019,BGR,ME,ANE,EN,Combined TRACON& Tower with Radar,4,28,8,1,41,0,0,0,0,0,4,28,8,1,41,0,0,0,41
03/05/2019,BGR,ME,ANE,EN,Combined TRACON& Tower with Radar,16,35,13,35,99,0,6,15,5,26,16,41,28,40,125,2,20,22,147
03/06/2019,BGR,ME,ANE,EN,Combined TRACON& Tower with Radar,13,34,15,21,83,0,4,8,3,15,13,38,23,24,98,18,2,20,118
03/07/2019,BGR,ME,ANE,EN,Combined TRACON& Tower with Radar,2,36,15,33,86,0,4,8,13,25,2,40,23,46,111,2,8,10,121
03/08/2019,BGR,ME,ANE,EN,Combined TRACON& Tower with Radar,6,36,16,14,72,0,3,24,3,30,6,39,40,17,102,8,2,10,112
03/09/2019,BGR,ME,ANE,EN,Combined TRACON& Tower with Radar,14,34,12,6,66,0,7,36,0,43,14,41,48,6,109,0,0,0,109
03/10/2019,BGR,ME,ANE,EN,Combined TRACON& Tower with Radar,4,15,11,2,32,0,3,2,0,5,4,18,13,2,37,18,0,18,55
03/11/2019,BGR,ME,ANE,EN,Combined TRACON& Tower with Radar,8,39,4,22,73,0,1,0,1,2,8,40,4,23,75,0,2,2,77
03/12/2019,BGR,ME,ANE,EN,Combined TRACON& Tower with Radar,6,34,13,24,77,0,3,8,16,27,6,37,21,40,104,0,10,10,114
03/13/2019,BGR,ME,ANE,EN,Combined TRACON& Tower with Radar,8,38,17,23,86,0,3,21,2,26,8,41,38,25,112,8,2,10,122
03/14/2019,BGR,ME,ANE,EN,Combined TRACON& Tower with Radar,1,35,20,40,96,0,0,16,2,18,1,35,36,42,114,4,10,14,128
03/15/2019,BGR,ME,ANE,EN,Combined TRACON& Tower with Radar,4,24,17,10,55,0,0,0,0,0,4,24,17,10,55,0,0,0,55
03/16/2019,BGR,ME,ANE,EN,Combined TRACON& Tower with Radar,15,29,4,11,59,0,4,14,0,18,15,33,18,11,77,0,0,0,77
03/17/2019,BGR,ME,ANE,EN,Combined TRACON& Tower with Radar,4,29,10,13,56,0,0,15,0,15,4,29,25,13,71,4,0,4,75
03/18/2019,BGR,ME,ANE,EN,Combined TRACON& Tower with Radar,5,33,9,29,76,0,2,24,3,29,5,35,33,32,105,0,6,6,111
03/19/2019,BGR,ME,ANE,EN,Combined TRACON& Tower with Radar,8,36,9,28,81,0,4,38,12,54,8,40,47,40,135,12,8,20,155
03/20/2019,BGR,ME,ANE,EN,Combined TRACON& Tower with Radar,5,34,12,28,79,0,3,24,7,34,5,37,36,35,113,8,12,20,133
03/21/2019,BGR,ME,ANE,EN,Combined TRACON& Tower with Radar,4,38,14,26,82,0,3,13,10,26,4,41,27,36,108,4,12,16,124
03/22/2019,BGR,ME,ANE,EN,Combined TRACON& Tower with Radar,6,38,12,11,67,0,0,0,0,0,6,38,12,11,67,0,0,0,67
03/23/2019,BGR,ME,ANE,EN,Combined TRACON& Tower with Radar,11,31,24,2,68,0,0,6,0,6,11,31,30,2,74,6,0,6,80
03/24/2019,BGR,ME,ANE,EN,Combined TRACON& Tower with Radar,3,22,13,4,42,0,0,19,0,19,3,22,32,4,61,4,0,4,65
03/25/2019,BGR,ME,ANE,EN,Combined TRACON& Tower with Radar,4,32,21,21,78,0,4,18,4,26,4,36,39,25,104,8,0,8,112
03/26/2019,BGR,ME,ANE,EN,Combined TRACON& Tower with Radar,5,30,10,28,73,0,7,43,9,59,5,37,53,37,132,8,6,14,146
03/27/2019,BGR,ME,ANE,EN,Combined TRACON& Tower with Radar,9,31,19,40,99,0,3,48,14,65,9,34,67,54,164,6,22,28,192
03/28/2019,BGR,ME,ANE,EN,Combined TRACON& Tower with Radar,0,36,17,17,70,0,1,21,3,25,0,37,38,20,95,4,0,4,99
03/29/2019,BGR,ME,ANE,EN,Combined TRACON& Tower with Radar,9,31,17,45,102,0,0,1,0,1,9,31,18,45,103,0,0,0,103
03/30/2019,BGR,ME,ANE,EN,Combined TRACON& Tower with Radar,13,26,18,10,67,0,2,5,0,7,13,28,23,10,74,0,0,0,74
03/31/2019,BGR,ME,ANE,EN,Combined TRACON& Tower with Radar,2,28,3,7,40,0,2,2,0,4,2,30,5,7,44,6,0,6,50
04/01/2019,BGR,ME,ANE,EN,Combined TRACON& Tower with Radar,8,27,7,14,56,0,2,7,3,12,8,29,14,17,68,4,8,12,80
04/02/2019,BGR,ME,ANE,EN,Combined TRACON& Tower with Radar,10,43,14,21,88,0,5,32,6,43,10,48,46,27,131,10,10,20,151
04/03/2019,BGR,ME,ANE,EN,Combined TRACON& Tower with Radar,8,32,10,3,53,0,1,5,0,6,8,33,15,3,59,6,0,6,65
04/04/2019,BGR,ME,ANE,EN,Combined TRACON& Tower with Radar,8,39,11,12,70,0,5,3,0,8,8,44,14,12,78,0,0,0,78
04/05/2019,BGR,ME,ANE,EN,Combined TRACON& Tower with Radar,7,31,9,10,57,0,4,38,16,58,7,35,47,26,115,24,8,32,147
04/06/2019,BGR,ME,ANE,EN,Combined TRACON& Tower with Radar,14,27,24,4,69,0,0,11,1,12,14,27,35,5,81,28,10,38,119
04/07/2019,BGR,ME,ANE,EN,Combined TRACON& Tower with Radar,5,27,22,6,60,0,0,38,3,41,5,27,60,9,101,16,6,22,123
04/08/2019,BGR,ME,ANE,EN,Combined TRACON& Tower with Radar,6,25,2,3,36,0,0,0,0,0,6,25,2,3,36,0,0,0,36
04/09/2019,BGR,ME,ANE,EN,Combined TRACON& Tower with Radar,8,36,9,35,88,0,0,2,0,2,8,36,11,35,90,16,14,30,120
04/10/2019,BGR,ME,ANE,EN,Combined TRACON& Tower with Radar,10,37,28,26,101,0,1,0,3,4,10,38,28,29,105,12,6,18,123
04/11/2019,BGR,ME,ANE,EN,Combined TRACON& Tower with Radar,6,34,18,39,97,0,7,18,9,34,6,41,36,48,131,0,14,14,145
04/12/2019,BGR,ME,ANE,EN,Combined TRACON& Tower with Radar,8,33,15,29,85,0,0,24,9,33,8,33,39,38,118,52,20,72,190
04/13/2019,BGR,ME,ANE,EN,Combined TRACON& Tower with Radar,15,28,26,13,82,0,2,3,0,5,15,30,29,13,87,6,0,6,93
04/14/2019,BGR,ME,ANE,EN,Combined TRACON& Tower with Radar,4,22,14,13,53,0,0,32,5,37,4,22,46,18,90,24,18,42,132
04/15/2019,BGR,ME,ANE,EN,Combined TRACON& Tower with Radar,8,33,22,10,73,0,1,0,0,1,8,34,22,10,74,0,0,0,74
04/16/2019,BGR,ME,ANE,EN,Combined TRACON& Tower with Radar,11,38,9,23,81,0,0,7,16,23,11,38,16,39,104,0,10,10,114
04/17/2019,BGR,ME,ANE,EN,Combined TRACON& Tower with Radar,14,39,15,36,104,0,1,43,9,53,14,40,58,45,157,24,12,36,193
04/18/2019,BGR,ME,ANE,EN,Combined TRACON& Tower with Radar,5,39,25,31,100,0,6,20,17,43,5,45,45,48,143,16,8,24,167
04/19/2019,BGR,ME,ANE,EN,Combined TRACON& Tower with Radar,12,29,12,20,73,0,2,2,1,5,12,31,14,21,78,0,0,0,78
04/20/2019,BGR,ME,ANE,EN,Combined TRACON& Tower with Radar,13,35,6,6,60,0,0,0,0,0,13,35,6,6,60,0,0,0,60
04/21/2019,BGR,ME,ANE,EN,Combined TRACON& Tower with Radar,3,24,2,3,32,0,0,0,0,0,3,24,2,3,32,0,2,2,34
04/22/2019,BGR,ME,ANE,EN,Combined TRACON& Tower with Radar,8,35,31,44,118,0,2,0,0,2,8,37,31,44,120,0,0,0,120
04/23/2019,BGR,ME,ANE,EN,Combined TRACON& Tower with Radar,6,29,18,50,103,0,0,0,0,0,6,29,18,50,103,0,0,0,103
04/24/2019,BGR,ME,ANE,EN,Combined TRACON& Tower with Radar,8,43,22,35,108,0,0,3,1,4,8,43,25,36,112,0,0,0,112
04/25/2019,BGR,ME,ANE,EN,Combined TRACON& Tower with Radar,6,33,32,39,110,0,4,50,24,78,6,37,82,63,188,8,42,50,238
04/26/2019,BGR,ME,ANE,EN,Combined TRACON& Tower with Radar,10,30,19,15,74,0,1,2,7,10,10,31,21,22,84,14,4,18,102
04/27/2019,BGR,ME,ANE,EN,Combined TRACON& Tower with Radar,12,30,14,4,60,0,0,0,0,0,12,30,14,4,60,0,0,0,60
04/28/2019,BGR,ME,ANE,EN,Combined TRACON& Tower with Radar,3,33,13,5,54,0,0,18,0,18,3,33,31,5,72,4,0,4,76
04/29/2019,BGR,ME,ANE,EN,Combined TRACON& Tower with Radar,7,26,18,24,75,0,4,4,4,12,7,30,22,28,87,0,2,2,89
04/30/2019,BGR,ME,ANE,EN,Combined TRACON& Tower with Radar,6,33,17,39,95,0,0,15,21,36,6,33,32,60,131,12,34,46,177
05/01/2019,BGR,ME,ANE,EN,Combined TRACON& Tower with Radar,9,36,10,35,90,0,1,41,5,47,9,37,51,40,137,14,18,32,169
05/02/2019,BGR,ME,ANE,EN,Combined TRACON& Tower with Radar,7,39,22,51,119,0,0,13,16,29,7,39,35,67,148,10,2,12,160
05/03/2019,BGR,ME,ANE,EN,Combined TRACON& Tower with Radar,16,37,14,25,92,0,1,12,4,17,16,38,26,29,109,14,2,16,125
05/04/2019,BGR,ME,ANE,EN,Combined TRACON& Tower with Radar,18,38,18,24,98,0,0,11,2,13,18,38,29,26,111,38,0,38,149
05/05/2019,BGR,ME,ANE,EN,Combined TRACON& Tower with Radar,11,21,21,10,63,0,2,28,4,34,11,23,49,14,97,32,0,32,129
05/06/2019,BGR,ME,ANE,EN,Combined TRACON& Tower with Radar,15,26,17,30,88,0,3,27,14,44,15,29,44,44,132,18,38,56,188
05/07/2019,BGR,ME,ANE,EN,Combined TRACON& Tower with Radar,11,32,22,47,112,0,1,14,3,18,11,33,36,50,130,6,12,18,148
05/08/2019,BGR,ME,ANE,EN,Combined TRACON& Tower with Radar,18,29,19,46,112,0,3,37,7,47,18,32,56,53,159,24,20,44,203
05/09/2019,BGR,ME,ANE,EN,Combined TRACON& Tower with Radar,12,26,22,58,118,0,4,32,14,50,12,30,54,72,168,44,4,48,216
05/10/2019,BGR,ME,ANE,EN,Combined TRACON& Tower with Radar,16,31,21,26,94,0,0,0,0,0,16,31,21,26,94,0,0,0,94
05/11/2019,BGR,ME,ANE,EN,Combined TRACON& Tower with Radar,19,28,23,2,72,0,0,18,0,18,19,28,41,2,90,36,0,36,126
05/12/2019,BGR,ME,ANE,EN,Combined TRACON& Tower with Radar,11,23,8,3,45,0,1,24,0,25,11,24,32,3,70,0,0,0,70
05/13/2019,BGR,ME,ANE,EN,Combined TRACON& Tower with Radar,18,29,19,20,86,0,3,25,2,30,18,32,44,22,116,22,14,36,152
05/14/2019,BGR,ME,ANE,EN,Combined TRACON& Tower with Radar,14,26,18,15,73,0,0,1,2,3,14,26,19,17,76,6,26,32,108
05/15/2019,BGR,ME,ANE,EN,Combined TRACON& Tower with Radar,14,30,35,36,115,0,1,11,7,19,14,31,46,43,134,0,32,32,166
05/16/2019,BGR,ME,ANE,EN,Combined TRACON& Tower with Radar,12,28,15,44,99,0,0,22,21,43,12,28,37,65,142,2,12,14,156
05/17/2019,BGR,ME,ANE,EN,Combined TRACON& Tower with Radar,20,24,26,36,106,0,1,13,0,14,20,25,39,36,120,38,0,38,158
05/18/2019,BGR,ME,ANE,EN,Combined TRACON& Tower with Radar,13,34,22,18,87,0,3,15,4,22,13,37,37,22,109,56,0,56,165
05/19/2019,BGR,ME,ANE,EN,Combined TRACON& Tower with Radar,11,25,8,7,51,0,0,0,5,5,11,25,8,12,56,2,0,2,58
05/20/2019,BGR,ME,ANE,EN,Combined TRACON& Tower with Radar,15,21,16,10,62,0,0,1,0,1,15,21,17,10,63,0,0,0,63
05/21/2019,BGR,ME,ANE,EN,Combined TRACON& Tower with Radar,13,33,31,29,106,0,3,6,14,23,13,36,37,43,129,8,2,10,139
05/22/2019,BGR,ME,ANE,EN,Combined TRACON& Tower with Radar,24,30,22,34,110,4,1,43,18,66,28,31,65,52,176,34,28,62,238
05/23/2019,BGR,ME,ANE,EN,Combined TRACON& Tower with Radar,14,29,32,29,104,0,3,34,8,45,14,32,66,37,149,76,14,90,239
05/24/2019,BGR,ME,ANE,EN,Combined TRACON& Tower with Radar,17,29,16,34,96,0,3,10,0,13,17,32,26,34,109,28,0,28,137
05/25/2019,BGR,ME,ANE,EN,Combined TRACON& Tower with Radar,15,31,14,6,66,0,1,23,0,24,15,32,37,6,90,24,0,24,114
05/26/2019,BGR,ME,ANE,EN,Combined TRACON& Tower with Radar,8,21,20,6,55,0,1,5,1,7,8,22,25,7,62,0,0,0,62
05/27/2019,BGR,ME,ANE,EN,Combined TRACON& Tower with Radar,13,32,21,8,74,0,0,23,2,25,13,32,44,10,99,10,4,14,113
05/28/2019,BGR,ME,ANE,EN,Combined TRACON& Tower with Radar,13,24,18,30,85,0,0,17,5,22,13,24,35,35,107,4,8,12,119
05/29/2019,BGR,ME,ANE,EN,Combined TRACON& Tower with Radar,16,25,15,33,89,0,3,7,2,12,16,28,22,35,101,2,4,6,107
05/30/2019,BGR,ME,ANE,EN,Combined TRACON& Tower with Radar,13,30,18,38,99,0,1,11,6,18,13,31,29,44,117,8,14,22,139
05/31/2019,BGR,ME,ANE,EN,Combined TRACON& Tower with Radar,19,35,26,18,98,0,0,24,8,32,19,35,50,26,130,0,16,16,146
06/01/2019,BGR,ME,ANE,EN,Combined TRACON& Tower with Radar,15,28,18,0,61,0,1,18,2,21,15,29,36,2,82,16,0,16,98
06/02/2019,BGR,ME,ANE,EN,Combined TRACON& Tower with Radar,15,28,26,16,85,0,0,6,1,7,15,28,32,17,92,18,0,18,110
06/03/2019,BGR,ME,ANE,EN,Combined TRACON& Tower with Radar,17,28,33,29,107,0,2,11,7,20,17,30,44,36,127,0,2,2,129
06/04/2019,BGR,ME,ANE,EN,Combined TRACON& Tower with Radar,12,28,23,36,99,0,1,29,18,48,12,29,52,54,147,6,8,14,161
06/05/2019,BGR,ME,ANE,EN,Combined TRACON& Tower with Radar,17,23,20,34,94,0,2,15,4,21,17,25,35,38,115,6,10,16,131
06/06/2019,BGR,ME,ANE,EN,Combined TRACON& Tower with Radar,20,31,18,44,113,0,0,26,12,38,20,31,44,56,151,0,8,8,159
06/07/2019,BGR,ME,ANE,EN,Combined TRACON& Tower with Radar,25,44,30,13,112,0,2,36,16,54,25,46,66,29,166,26,10,36,202
06/08/2019,BGR,ME,ANE,EN,Combined TRACON& Tower with Radar,26,34,27,3,90,0,1,25,6,32,26,35,52,9,122,0,0,0,122
06/09/2019,BGR,ME,ANE,EN,Combined TRACON& Tower with Radar,23,23,18,5,69,0,2,28,9,39,23,25,46,14,108,16,0,16,124
06/10/2019,BGR,ME,ANE,EN,Combined TRACON& Tower with Radar,22,32,22,43,119,0,1,21,9,31,22,33,43,52,150,14,6,20,170
06/11/2019,BGR,ME,ANE,EN,Combined TRACON& Tower with Radar,18,43,25,18,104,0,3,1,1,5,18,46,26,19,109,4,4,8,117
06/12/2019,BGR,ME,ANE,EN,Combined TRACON& Tower with Radar,19,43,15,46,123,0,3,34,17,54,19,46,49,63,177,0,12,12,189
06/13/2019,BGR,ME,ANE,EN,Combined TRACON& Tower with Radar,16,34,25,45,120,0,2,13,10,25,16,36,38,55,145,24,6,30,175
06/14/2019,BGR,ME,ANE,EN,Combined TRACON& Tower with Radar,19,55,31,33,138,0,2,7,7,16,19,57,38,40,154,54,4,58,212
06/15/2019,BGR,ME,ANE,EN,Combined TRACON& Tower with Radar,28,45,24,4,101,0,1,24,11,36,28,46,48,15,137,32,0,32,169
06/16/2019,BGR,ME,ANE,EN,Combined TRACON& Tower with Radar,21,30,33,3,87,0,2,13,8,23,21,32,46,11,110,32,0,32,142
06/17/2019,BGR,ME,ANE,EN,Combined TRACON& Tower with Radar,22,38,27,27,114,0,1,39,5,45,22,39,66,32,159,2,26,28,187
06/18/2019,BGR,ME,ANE,EN,Combined TRACON& Tower with Radar,18,35,25,36,114,0,2,20,21,43,18,37,45,57,157,0,12,12,169
06/19/2019,BGR,ME,ANE,EN,Combined TRACON& Tower with Radar,16,39,43,24,122,0,0,15,7,22,16,39,58,31,144,8,16,24,168
06/20/2019,BGR,ME,ANE,EN,Combined TRACON& Tower with Radar,19,36,37,21,113,0,0,0,0,0,19,36,37,21,113,0,0,0,113
06/21/2019,BGR,ME,ANE,EN,Combined TRACON& Tower with Radar,22,43,46,10,121,0,1,8,1,10,22,44,54,11,131,10,6,16,147
06/22/2019,BGR,ME,ANE,EN,Combined TRACON& Tower with Radar,34,43,30,16,123,0,1,21,0,22,34,44,51,16,145,0,0,0,145
06/23/2019,BGR,ME,ANE,EN,Combined TRACON& Tower with Radar,23,32,31,14,100,0,1,32,0,33,23,33,63,14,133,0,0,0,133
06/24/2019,BGR,ME,ANE,EN,Combined TRACON& Tower with Radar,23,28,28,6,85,0,4,55,0,59,23,32,83,6,144,18,0,18,162
06/25/2019,BGR,ME,ANE,EN,Combined TRACON& Tower with Radar,19,37,27,35,118,0,1,40,9,50,19,38,67,44,168,22,10,32,200
06/26/2019,BGR,ME,ANE,EN,Combined TRACON& Tower with Radar,22,44,32,23,121,0,0,1,0,1,22,44,33,23,122,10,0,10,132
06/27/2019,BGR,ME,ANE,EN,Combined TRACON& Tower with Radar,17,45,34,59,155,0,1,18,0,19,17,46,52,59,174,26,0,26,200
06/28/2019,BGR,ME,ANE,EN,Combined TRACON& Tower with Radar,23,47,25,18,113,0,2,47,8,57,23,49,72,26,170,68,8,76,246
06/29/2019,BGR,ME,ANE,EN,Combined TRACON& Tower with Radar,25,39,35,6,105,0,0,17,0,17,25,39,52,6,122,12,0,12,134
06/30/2019,BGR,ME,ANE,EN,Combined TRACON& Tower with Radar,24,28,28,4,84,0,0,8,0,8,24,28,36,4,92,4,0,4,96
07/01/2019,BGR,ME,ANE,EN,Combined TRACON& Tower with Radar,26,29,18,24,97,0,7,33,4,44,26,36,51,28,141,0,0,0,141
07/02/2019,BGR,ME,ANE,EN,Combined TRACON& Tower with Radar,20,27,29,24,100,0,1,23,5,29,20,28,52,29,129,0,0,0,129
07/03/2019,BGR,ME,ANE,EN,Combined TRACON& Tower with Radar,24,36,15,17,92,0,3,33,10,46,24,39,48,27,138,12,6,18,156
07/04/2019,BGR,ME,ANE,EN,Combined TRACON& Tower with Radar,14,22,30,6,72,0,1,7,0,8,14,23,37,6,80,0,0,0,80
07/05/2019,BGR,ME,ANE,EN,Combined TRACON& Tower with Radar,18,33,27,5,83,0,2,19,3,24,18,35,46,8,107,0,0,0,107
07/06/2019,BGR,ME,ANE,EN,Combined TRACON& Tower with Radar,32,34,7,4,77,0,0,13,1,14,32,34,20,5,91,16,0,16,107
07/07/2019,BGR,ME,ANE,EN,Combined TRACON& Tower with Radar,25,35,33,14,107,0,2,26,0,28,25,37,59,14,135,6,0,6,141
07/08/2019,BGR,ME,ANE,EN,Combined TRACON& Tower with Radar,28,48,28,15,119,0,1,24,1,26,28,49,52,16,145,2,6,8,153
07/09/2019,BGR,ME,ANE,EN,Combined TRACON& Tower with Radar,20,40,33,30,123,0,3,41,20,64,20,43,74,50,187,0,12,12,199
07/10/2019,BGR,ME,ANE,EN,Combined TRACON& Tower with Radar,26,43,27,31,127,0,6,39,15,60,26,49,66,46,187,10,12,22,209
07/11/2019,BGR,ME,ANE,EN,Combined TRACON& Tower with Radar,25,32,21,30,108,1,2,26,14,43,26,34,47,44,151,12,6,18,169
07/12/2019,BGR,ME,ANE,EN,Combined TRACON& Tower with Radar,23,40,26,20,109,0,0,0,0,0,23,40,26,20,109,0,0,0,109
07/13/2019,BGR,ME,ANE,EN,Combined TRACON& Tower with Radar,34,43,19,6,102,0,0,21,0,21,34,43,40,6,123,22,0,22,145
07/14/2019,BGR,ME,ANE,EN,Combined TRACON& Tower with Radar,27,39,39,9,114,0,0,29,0,29,27,39,68,9,143,34,0,34,177
07/15/2019,BGR,ME,ANE,EN,Combined TRACON& Tower with Radar,26,30,32,26,114,0,0,33,1,34,26,30,65,27,148,6,6,12,160
07/16/2019,BGR,ME,ANE,EN,Combined TRACON& Tower with Radar,21,45,35,35,136,0,3,39,13,55,21,48,74,48,191,40,8,48,239
07/17/2019,BGR,ME,ANE,EN,Combined TRACON& Tower with Radar,25,39,28,24,116,0,1,14,0,15,25,40,42,24,131,14,0,14,145
07/18/2019,BGR,ME,ANE,EN,Combined TRACON& Tower with Radar,17,33,39,33,122,1,5,31,19,56,18,38,70,52,178,24,18,42,220
07/19/2019,BGR,ME,ANE,EN,Combined TRACON& Tower with Radar,25,44,22,8,99,0,0,31,0,31,25,44,53,8,130,22,0,22,152
07/20/2019,BGR,ME,ANE,EN,Combined TRACON& Tower with Radar,29,42,32,14,117,0,1,26,0,27,29,43,58,14,144,4,0,4,148
07/21/2019,BGR,ME,ANE,EN,Combined TRACON& Tower with Radar,23,27,27,9,86,0,1,14,0,15,23,28,41,9,101,4,0,4,105
07/22/2019,BGR,ME,ANE,EN,Combined TRACON& Tower with Radar,40,38,33,24,135,0,1,12,1,14,40,39,45,25,149,24,2,26,175
07/23/2019,BGR,ME,ANE,EN,Combined TRACON& Tower with Radar,20,47,19,32,118,0,3,20,19,42,20,50,39,51,160,0,0,0,160
07/24/2019,BGR,ME,ANE,EN,Combined TRACON& Tower with Radar,22,47,24,11,104,0,3,43,19,65,22,50,67,30,169,0,0,0,169
07/25/2019,BGR,ME,ANE,EN,Combined TRACON& Tower with Radar,20,48,25,18,111,0,1,74,23,98,20,49,99,41,209,0,0,0,209
07/26/2019,BGR,ME,ANE,EN,Combined TRACON& Tower with Radar,26,38,25,12,101,0,2,37,6,45,26,40,62,18,146,34,14,48,194
07/27/2019,BGR,ME,ANE,EN,Combined TRACON& Tower with Radar,28,40,12,4,84,0,1,27,1,29,28,41,39,5,113,34,0,34,147
07/28/2019,BGR,ME,ANE,EN,Combined TRACON& Tower with Radar,25,27,35,7,94,0,2,14,0,16,25,29,49,7,110,0,0,0,110
07/29/2019,BGR,ME,ANE,EN,Combined TRACON& Tower with Radar,25,28,20,23,96,0,3,14,2,19,25,31,34,25,115,2,10,12,127
07/30/2019,BGR,ME,ANE,EN,Combined TRACON& Tower with Radar,26,36,23,31,116,0,3,22,6,31,26,39,45,37,147,16,0,16,163
07/31/2019,BGR,ME,ANE,EN,Combined TRACON& Tower with Radar,33,26,38,8,105,0,1,14,3,18,33,27,52,11,123,18,0,18,141
08/01/2019,BGR,ME,ANE,EN,Combined TRACON& Tower with Radar,19,37,24,37,117,0,0,42,12,54,19,37,66,49,171,24,4,28,199
08/02/2019,BGR,ME,ANE,EN,Combined TRACON& Tower with Radar,29,41,27,14,111,0,0,54,11,65,29,41,81,25,176,34,2,36,212
08/03/2019,BGR,ME,ANE,EN,Combined TRACON& Tower with Radar,28,52,18,4,102,0,0,29,21,50,28,52,47,25,152,14,0,14,166
08/04/2019,BGR,ME,ANE,EN,Combined TRACON& Tower with Radar,33,25,33,16,107,0,1,28,12,41,33,26,61,28,148,0,0,0,148
08/05/2019,BGR,ME,ANE,EN,Combined TRACON& Tower with Radar,26,36,23,14,99,0,3,32,1,36,26,39,55,15,135,40,2,42,177
08/06/2019,BGR,ME,ANE,EN,Combined TRACON& Tower with Radar,20,46,24,35,125,0,2,37,13,52,20,48,61,48,177,0,18,18,195
08/07/2019,BGR,ME,ANE,EN,Combined TRACON& Tower with Radar,24,33,31,37,125,0,0,3,1,4,24,33,34,38,129,0,0,0,129
08/08/2019,BGR,ME,ANE,EN,Combined TRACON& Tower with Radar,20,37,21,8,86,0,0,0,0,0,20,37,21,8,86,0,0,0,86
08/09/2019,BGR,ME,ANE,EN,Combined TRACON& Tower with Radar,25,39,31,10,105,0,3,26,6,35,25,42,57,16,140,10,0,10,150
08/10/2019,BGR,ME,ANE,EN,Combined TRACON& Tower with Radar,31,34,18,3,86,0,0,7,4,11,31,34,25,7,97,8,2,10,107
08/11/2019,BGR,ME,ANE,EN,Combined TRACON& Tower with Radar,25,24,34,6,89,0,0,30,0,30,25,24,64,6,119,0,0,0,119
08/12/2019,BGR,ME,ANE,EN,Combined TRACON& Tower with Radar,25,27,24,20,96,1,1,22,11,35,26,28,46,31,131,36,4,40,171
08/13/2019,BGR,ME,ANE,EN,Combined TRACON& Tower with Radar,17,33,31,21,102,0,1,20,11,32,17,34,51,32,134,2,8,10,144
08/14/2019,BGR,ME,ANE,EN,Combined TRACON& Tower with Radar,23,39,34,22,118,0,1,37,14,52,23,40,71,36,170,26,8,34,204
08/15/2019,BGR,ME,ANE,EN,Combined TRACON& Tower with Radar,19,32,23,33,107,0,3,39,18,60,19,35,62,51,167,14,8,22,189
08/16/2019,BGR,ME,ANE,EN,Combined TRACON& Tower with Radar,24,37,17,20,98,0,1,19,11,31,24,38,36,31,129,24,4,28,157
08/17/2019,BGR,ME,ANE,EN,Combined TRACON& Tower with Radar,36,37,15,1,89,0,0,5,0,5,36,37,20,1,94,0,0,0,94
08/18/2019,BGR,ME,ANE,EN,Combined TRACON& Tower with Radar,23,30,29,4,86,0,1,19,0,20,23,31,48,4,106,0,0,0,106
08/19/2019,BGR,ME,ANE,EN,Combined TRACON& Tower with Radar,19,37,21,6,83,0,1,6,3,10,19,38,27,9,93,18,2,20,113
08/20/2019,BGR,ME,ANE,EN,Combined TRACON& Tower with Radar,19,34,20,31,104,0,1,53,15,69,19,35,73,46,173,42,14,56,229
08/21/2019,BGR,ME,ANE,EN,Combined TRACON& Tower with Radar,20,38,22,16,96,0,0,7,7,14,20,38,29,23,110,20,6,26,136
08/22/2019,BGR,ME,ANE,EN,Combined TRACON& Tower with Radar,20,48,30,13,111,0,2,21,5,28,20,50,51,18,139,16,26,42,181
08/23/2019,BGR,ME,ANE,EN,Combined TRACON& Tower with Radar,26,34,18,6,84,0,2,57,8,67,26,36,75,14,151,22,2,24,175
08/24/2019,BGR,ME,ANE,EN,Combined TRACON& Tower with Radar,27,33,29,3,92,0,0,41,6,47,27,33,70,9,139,12,0,12,151
08/25/2019,BGR,ME,ANE,EN,Combined TRACON& Tower with Radar,23,26,27,7,83,0,1,52,0,53,23,27,79,7,136,14,0,14,150
08/26/2019,BGR,ME,ANE,EN,Combined TRACON& Tower with Radar,26,34,13,14,87,0,0,26,13,39,26,34,39,27,126,0,4,4,130
08/27/2019,BGR,ME,ANE,EN,Combined TRACON& Tower with Radar,22,32,11,36,101,0,3,37,28,68,22,35,48,64,169,46,18,64,233
08/28/2019,BGR,ME,ANE,EN,Combined TRACON& Tower with Radar,21,37,27,35,120,0,1,31,15,47,21,38,58,50,167,16,8,24,191
08/29/2019,BGR,ME,ANE,EN,Combined TRACON& Tower with Radar,19,41,32,44,136,0,1,6,0,7,19,42,38,44,143,0,8,8,151
08/30/2019,BGR,ME,ANE,EN,Combined TRACON& Tower with Radar,22,37,19,18,96,0,1,35,1,37,22,38,54,19,133,26,10,36,169
08/31/2019,BGR,ME,ANE,EN,Combined TRACON& Tower with Radar,25,38,15,5,83,0,1,21,0,22,25,39,36,5,105,0,0,0,105
09/01/2019,BGR,ME,ANE,EN,Combined TRACON& Tower with Radar,17,20,27,3,67,0,0,30,0,30,17,20,57,3,97,0,0,0,97
09/02/2019,BGR,ME,ANE,EN,Combined TRACON& Tower with Radar,18,32,26,2,78,0,0,0,0,0,18,32,26,2,78,0,0,0,78
09/03/2019,BGR,ME,ANE,EN,Combined TRACON& Tower with Radar,19,37,44,22,122,0,3,15,14,32,19,40,59,36,154,0,20,20,174
09/04/2019,BGR,ME,ANE,EN,Combined TRACON& Tower with Radar,13,35,21,20,89,0,1,0,6,7,13,36,21,26,96,0,0,0,96
09/05/2019,BGR,ME,ANE,EN,Combined TRACON& Tower with Radar,12,41,13,33,99,0,8,36,24,68,12,49,49,57,167,8,8,16,183
09/06/2019,BGR,ME,ANE,EN,Combined TRACON& Tower with Radar,18,42,26,26,112,0,0,35,2,37,18,42,61,28,149,20,4,24,173
09/07/2019,BGR,ME,ANE,EN,Combined TRACON& Tower with Radar,16,43,24,8,91,0,4,3,0,7,16,47,27,8,98,0,0,0,98
09/08/2019,BGR,ME,ANE,EN,Combined TRACON& Tower with Radar,16,39,29,8,92,0,0,25,18,43,16,39,54,26,135,6,0,6,141
09/09/2019,BGR,ME,ANE,EN,Combined TRACON& Tower with Radar,12,42,16,10,80,0,0,23,5,28,12,42,39,15,108,0,4,4,112
09/10/2019,BGR,ME,ANE,EN,Combined TRACON& Tower with Radar,12,41,19,18,90,0,3,26,21,50,12,44,45,39,140,14,14,28,168
09/11/2019,BGR,ME,ANE,EN,Combined TRACON& Tower with Radar,12,51,37,48,148,0,0,10,2,12,12,51,47,50,160,20,6,26,186
09/12/2019,BGR,ME,ANE,EN,Combined TRACON& Tower with Radar,12,47,22,24,105,0,3,11,22,36,12,50,33,46,141,22,0,22,163
09/13/2019,BGR,ME,ANE,EN,Combined TRACON& Tower with Radar,13,55,34,13,115,0,1,34,4,39,13,56,68,17,154,22,2,24,178
09/14/2019,BGR,ME,ANE,EN,Combined TRACON& Tower with Radar,17,47,17,5,86,0,1,8,0,9,17,48,25,5,95,24,0,24,119
09/15/2019,BGR,ME,ANE,EN,Combined TRACON& Tower with Radar,12,43,23,2,80,0,0,16,0,16,12,43,39,2,96,12,4,16,112
09/16/2019,BGR,ME,ANE,EN,Combined TRACON& Tower with Radar,14,36,24,19,93,0,0,19,1,20,14,36,43,20,113,24,2,26,139
09/17/2019,BGR,ME,ANE,EN,Combined TRACON& Tower with Radar,11,38,21,33,103,0,0,16,13,29,11,38,37,46,132,0,2,2,134
09/18/2019,BGR,ME,ANE,EN,Combined TRACON& Tower with Radar,13,49,25,32,119,0,0,38,9,47,13,49,63,41,166,18,4,22,188
09/19/2019,BGR,ME,ANE,EN,Combined TRACON& Tower with Radar,14,43,21,34,112,0,5,35,18,58,14,48,56,52,170,6,8,14,184
09/20/2019,BGR,ME,ANE,EN,Combined TRACON& Tower with Radar,14,45,26,24,109,0,0,33,12,45,14,45,59,36,154,0,0,0,154
09/21/2019,BGR,ME,ANE,EN,Combined TRACON& Tower with Radar,17,43,17,1,78,0,6,26,0,32,17,49,43,1,110,0,0,0,110
09/22/2019,BGR,ME,ANE,EN,Combined TRACON& Tower with Radar,15,37,27,2,81,0,3,22,0,25,15,40,49,2,106,0,0,0,106
09/23/2019,BGR,ME,ANE,EN,Combined TRACON& Tower with Radar,13,49,21,21,104,0,2,11,9,22,13,51,32,30,126,2,12,14,140
09/24/2019,BGR,ME,ANE,EN,Combined TRACON& Tower with Radar,10,41,16,30,97,0,1,1,0,2,10,42,17,30,99,0,0,0,99
09/25/2019,BGR,ME,ANE,EN,Combined TRACON& Tower with Radar,16,54,29,27,126,0,0,31,11,42,16,54,60,38,168,2,10,12,180
09/26/2019,BGR,ME,ANE,EN,Combined TRACON& Tower with Radar,10,56,14,31,111,0,2,14,17,33,10,58,28,48,144,0,14,14,158
09/27/2019,BGR,ME,ANE,EN,Combined TRACON& Tower with Radar,15,47,28,11,101,0,3,29,12,44,15,50,57,23,145,24,18,42,187
09/28/2019,BGR,ME,ANE,EN,Combined TRACON& Tower with Radar,20,38,19,16,93,0,1,26,0,27,20,39,45,16,120,0,0,0,120
09/29/2019,BGR,ME,ANE,EN,Combined TRACON& Tower with Radar,13,31,25,12,81,0,0,19,7,26,13,31,44,19,107,20,14,34,141
09/30/2019,BGR,ME,ANE,EN,Combined TRACON& Tower with Radar,11,45,32,28,116,0,0,28,4,32,11,45,60,32,148,10,10,20,168
10/01/2019,BGR,ME,ANE,EN,Combined TRACON& Tower with Radar,10,44,29,29,112,0,0,1,0,1,10,44,30,29,113,0,0,0,113
10/02/2019,BGR,ME,ANE,EN,Combined TRACON& Tower with Radar,18,45,15,24,102,0,0,16,3,19,18,45,31,27,121,28,0,28,149
10/03/2019,BGR,ME,ANE,EN,Combined TRACON& Tower with Radar,12,48,29,23,112,0,3,14,19,36,12,51,43,42,148,7,1,8,156
10/04/2019,BGR,ME,ANE,EN,Combined TRACON& Tower with Radar,12,57,18,17,104,0,2,4,1,7,12,59,22,18,111,2,4,6,117
10/05/2019,BGR,ME,ANE,EN,Combined TRACON& Tower with Radar,18,42,13,13,86,0,1,34,14,49,18,43,47,27,135,90,6,96,231
10/06/2019,BGR,ME,ANE,EN,Combined TRACON& Tower with Radar,10,35,13,5,63,0,2,11,17,30,10,37,24,22,93,0,0,0,93
10/07/2019,BGR,ME,ANE,EN,Combined TRACON& Tower with Radar,17,45,20,14,96,0,0,1,0,1,17,45,21,14,97,0,0,0,97
10/08/2019,BGR,ME,ANE,EN,Combined TRACON& Tower with Radar,8,44,12,58,122,0,1,19,16,36,8,45,31,74,158,6,24,30,188
10/09/2019,BGR,ME,ANE,EN,Combined TRACON& Tower with Radar,18,52,16,26,112,0,0,26,5,31,18,52,42,31,143,14,0,14,157
10/10/2019,BGR,ME,ANE,EN,Combined TRACON& Tower with Radar,8,43,29,37,117,0,1,16,16,33,8,44,45,53,150,2,12,14,164
10/11/2019,BGR,ME,ANE,EN,Combined TRACON& Tower with Radar,15,49,22,4,90,0,0,22,1,23,15,49,44,5,113,40,4,44,157
10/12/2019,BGR,ME,ANE,EN,Combined TRACON& Tower with Radar,15,49,15,6,85,0,0,0,0,0,15,49,15,6,85,0,0,0,85
10/13/2019,BGR,ME,ANE,EN,Combined TRACON& Tower with Radar,14,36,20,8,78,0,1,13,0,14,14,37,33,8,92,0,0,0,92
10/14/2019,BGR,ME,ANE,EN,Combined TRACON& Tower with Radar,12,51,17,2,82,0,0,0,0,0,12,51,17,2,82,14,0,14,96
10/15/2019,BGR,ME,ANE,EN,Combined TRACON& Tower with Radar,11,47,14,40,112,0,4,36,9,49,11,51,50,49,161,40,14,54,215
10/16/2019,BGR,ME,ANE,EN,Combined TRACON& Tower with Radar,17,41,19,39,116,0,0,26,9,35,17,41,45,48,151,18,10,28,179
10/17/2019,BGR,ME,ANE,EN,Combined TRACON& Tower with Radar,17,45,10,25,97,0,4,0,0,4,17,49,10,25,101,0,0,0,101
10/18/2019,BGR,ME,ANE,EN,Combined TRACON& Tower with Radar,14,52,21,18,105,0,1,12,3,16,14,53,33,21,121,10,0,10,131
10/19/2019,BGR,ME,ANE,EN,Combined TRACON& Tower with Radar,24,39,10,5,78,0,0,30,0,30,24,39,40,5,108,20,0,20,128
10/20/2019,BGR,ME,ANE,EN,Combined TRACON& Tower with Radar,14,27,24,9,74,0,0,29,0,29,14,27,53,9,103,34,0,34,137
10/21/2019,BGR,ME,ANE,EN,Combined TRACON& Tower with Radar,19,51,22,21,113,0,1,20,3,24,19,52,42,24,137,0,4,4,141
10/22/2019,BGR,ME,ANE,EN,Combined TRACON& Tower with Radar,9,43,31,77,160,0,2,14,25,41,9,45,45,102,201,0,34,34,235
10/23/2019,BGR,ME,ANE,EN,Combined TRACON& Tower with Radar,13,46,26,19,104,0,1,0,0,1,13,47,26,19,105,0,0,0,105
10/24/2019,BGR,ME,ANE,EN,Combined TRACON& Tower with Radar,12,44,16,32,104,0,2,20,17,39,12,46,36,49,143,10,2,12,155
10/25/2019,BGR,ME,ANE,EN,Combined TRACON& Tower with Radar,15,44,21,19,99,0,0,13,9,22,15,44,34,28,121,0,2,2,123
10/26/2019,BGR,ME,ANE,EN,Combined TRACON& Tower with Radar,19,39,22,6,86,0,2,22,0,24,19,41,44,6,110,48,0,48,158
10/27/2019,BGR,ME,ANE,EN,Combined TRACON& Tower with Radar,7,41,19,9,76,0,0,6,0,6,7,41,25,9,82,18,0,18,100
10/28/2019,BGR,ME,ANE,EN,Combined TRACON& Tower with Radar,13,39,24,47,123,0,1,0,0,1,13,40,24,47,124,2,0,2,126
10/29/2019,BGR,ME,ANE,EN,Combined TRACON& Tower with Radar,7,41,24,44,116,0,0,3,0,3,7,41,27,44,119,2,0,2,121
10/30/2019,BGR,ME,ANE,EN,Combined TRACON& Tower with Radar,9,36,30,74,149,0,2,0,0,2,9,38,30,74,151,0,6,6,157
10/31/2019,BGR,ME,ANE,EN,Combined TRACON& Tower with Radar,7,35,7,9,58,0,0,0,0,0,7,35,7,9,58,0,0,0,58
11/01/2019,BGR,ME,ANE,EN,Combined TRACON& Tower with Radar,12,32,11,2,57,0,0,1,0,1,12,32,12,2,58,0,0,0,58
11/02/2019,BGR,ME,ANE,EN,Combined TRACON& Tower with Radar,11,38,14,19,82,0,0,35,25,60,11,38,49,44,142,4,0,4,146
11/03/2019,BGR,ME,ANE,EN,Combined TRACON& Tower with Radar,4,31,14,15,64,0,1,13,9,23,4,32,27,24,87,32,6,38,125
11/04/2019,BGR,ME,ANE,EN,Combined TRACON& Tower with Radar,6,38,15,25,84,0,2,31,6,39,6,40,46,31,123,0,54,54,177
11/05/2019,BGR,ME,ANE,EN,Combined TRACON& Tower with Radar,4,42,16,34,96,0,1,0,0,1,4,43,16,34,97,0,14,14,111
11/06/2019,BGR,ME,ANE,EN,Combined TRACON& Tower with Radar,9,35,13,35,92,0,3,15,4,22,9,38,28,39,114,18,4,22,136
11/07/2019,BGR,ME,ANE,EN,Combined TRACON& Tower with Radar,5,47,12,42,106,0,0,4,3,7,5,47,16,45,113,0,26,26,139
11/08/2019,BGR,ME,ANE,EN,Combined TRACON& Tower with Radar,10,38,13,10,71,0,3,1,0,4,10,41,14,10,75,0,0,0,75
11/09/2019,BGR,ME,ANE,EN,Combined TRACON& Tower with Radar,12,46,21,8,87,0,0,35,0,35,12,46,56,8,122,36,0,36,158
11/10/2019,BGR,ME,ANE,EN,Combined TRACON& Tower with Radar,4,41,11,4,60,0,0,21,0,21,4,41,32,4,81,54,0,54,135
11/11/2019,BGR,ME,ANE,EN,Combined TRACON& Tower with Radar,8,31,19,1,59,0,2,3,0,5,8,33,22,1,64,0,0,0,64
11/12/2019,BGR,ME,ANE,EN,Combined TRACON& Tower with Radar,2,27,7,3,39,0,0,0,1,1,2,27,7,4,40,0,0,0,40
11/13/2019,BGR,ME,ANE,EN,Combined TRACON& Tower with Radar,10,38,13,42,103,0,0,8,10,18,10,38,21,52,121,0,0,0,121
11/14/2019,BGR,ME,ANE,EN,Combined TRACON& Tower with Radar,5,44,22,43,114,0,7,18,13,38,5,51,40,56,152,14,4,18,170
11/15/2019,BGR,ME,ANE,EN,Combined TRACON& Tower with Radar,5,35,17,10,67,0,2,20,1,23,5,37,37,11,90,2,4,6,96
11/16/2019,BGR,ME,ANE,EN,Combined TRACON& Tower with Radar,8,40,15,5,68,0,0,24,0,24,8,40,39,5,92,24,0,24,116
11/17/2019,BGR,ME,ANE,EN,Combined TRACON& Tower with Radar,2,32,20,5,59,0,2,34,1,37,2,34,54,6,96,66,16,82,178
11/18/2019,BGR,ME,ANE,EN,Combined TRACON& Tower with Radar,6,32,16,10,64,0,0,0,0,0,6,32,16,10,64,0,0,0,64
11/19/2019,BGR,ME,ANE,EN,Combined TRACON& Tower with Radar,4,41,14,28,87,0,0,0,0,0,4,41,14,28,87,0,0,0,87
11/20/2019,BGR,ME,ANE,EN,Combined TRACON& Tower with Radar,8,39,13,17,77,0,1,0,9,10,8,40,13,26,87,0,10,10,97
11/21/2019,BGR,ME,ANE,EN,Combined TRACON& Tower with Radar,2,46,30,46,124,0,3,33,15,51,2,49,63,61,175,8,12,20,195
11/22/2019,BGR,ME,ANE,EN,Combined TRACON& Tower with Radar,5,40,20,22,87,0,1,1,0,2,5,41,21,22,89,0,0,0,89
11/23/2019,BGR,ME,ANE,EN,Combined TRACON& Tower with Radar,11,37,11,9,68,0,5,17,0,22,11,42,28,9,90,26,0,26,116
11/24/2019,BGR,ME,ANE,EN,Combined TRACON& Tower with Radar,2,23,12,3,40,0,0,0,0,0,2,23,12,3,40,0,0,0,40
11/25/2019,BGR,ME,ANE,EN,Combined TRACON& Tower with Radar,6,32,11,12,61,0,1,15,1,17,6,33,26,13,78,6,2,8,86
11/26/2019,BGR,ME,ANE,EN,Combined TRACON& Tower with Radar,8,35,26,19,88,0,7,26,28,61,8,42,52,47,149,4,10,14,163
11/27/2019,BGR,ME,ANE,EN,Combined TRACON& Tower with Radar,4,40,9,11,64,0,2,10,2,14,4,42,19,13,78,0,0,0,78
11/28/2019,BGR,ME,ANE,EN,Combined TRACON& Tower with Radar,3,16,3,1,23,0,0,0,0,0,3,16,3,1,23,0,0,0,23
11/29/2019,BGR,ME,ANE,EN,Combined TRACON& Tower with Radar,2,18,5,3,28,0,1,3,0,4,2,19,8,3,32,0,0,0,32
11/30/2019,BGR,ME,ANE,EN,Combined TRACON& Tower with Radar,5,35,15,6,61,0,2,4,0,6,5,37,19,6,67,0,0,0,67
12/01/2019,BGR,ME,ANE,EN,Combined TRACON& Tower with Radar,5,34,19,6,64,0,1,17,0,18,5,35,36,6,82,0,0,0,82
12/02/2019,BGR,ME,ANE,EN,Combined TRACON& Tower with Radar,5,23,7,16,51,0,0,9,3,12,5,23,16,19,63,20,4,24,87
12/03/2019,BGR,ME,ANE,EN,Combined TRACON& Tower with Radar,2,27,0,1,30,0,0,0,0,0,2,27,0,1,30,0,0,0,30
12/04/2019,BGR,ME,ANE,EN,Combined TRACON& Tower with Radar,9,40,23,33,105,0,3,11,1,15,9,43,34,34,120,38,4,42,162
12/05/2019,BGR,ME,ANE,EN,Combined TRACON& Tower with Radar,6,39,21,24,90,0,4,24,22,50,6,43,45,46,140,8,0,8,148
12/06/2019,BGR,ME,ANE,EN,Combined TRACON& Tower with Radar,10,37,29,15,91,0,3,25,14,42,10,40,54,29,133,14,0,14,147
12/07/2019,BGR,ME,ANE,EN,Combined TRACON& Tower with Radar,13,30,21,14,78,0,0,22,12,34,13,30,43,26,112,22,0,22,134
12/08/2019,BGR,ME,ANE,EN,Combined TRACON& Tower with Radar,3,31,17,8,59,0,3,31,0,34,3,34,48,8,93,70,0,70,163
12/09/2019,BGR,ME,ANE,EN,Combined TRACON& Tower with Radar,6,32,12,34,84,0,0,0,1,1,6,32,12,35,85,0,0,0,85
12/10/2019,BGR,ME,ANE,EN,Combined TRACON& Tower with Radar,5,38,21,18,82,0,0,0,6,6,5,38,21,24,88,2,10,12,100
12/11/2019,BGR,ME,ANE,EN,Combined TRACON& Tower with Radar,9,41,11,9,70,0,1,18,4,23,9,42,29,13,93,20,0,20,113
12/12/2019,BGR,ME,ANE,EN,Combined TRACON& Tower with Radar,4,50,23,35,112,0,1,24,26,51,4,51,47,61,163,0,26,26,189
12/13/2019,BGR,ME,ANE,EN,Combined TRACON& Tower with Radar,6,45,20,22,93,0,0,30,2,32,6,45,50,24,125,14,10,24,149
12/14/2019,BGR,ME,ANE,EN,Combined TRACON& Tower with Radar,17,24,8,5,54,0,0,0,0,0,17,24,8,5,54,0,0,0,54
12/15/2019,BGR,ME,ANE,EN,Combined TRACON& Tower with Radar,9,28,24,9,70,0,2,2,0,4,9,30,26,9,74,14,0,14,88
12/16/2019,BGR,ME,ANE,EN,Combined TRACON& Tower with Radar,8,35,10,13,66,0,4,12,4,20,8,39,22,17,86,34,2,36,122
12/17/2019,BGR,ME,ANE,EN,Combined TRACON& Tower with Radar,4,35,9,12,60,0,0,1,7,8,4,35,10,19,68,0,16,16,84
12/18/2019,BGR,ME,ANE,EN,Combined TRACON& Tower with Radar,3,37,10,12,62,0,2,3,5,10,3,39,13,17,72,2,0,2,74
12/19/2019,BGR,ME,ANE,EN,Combined TRACON& Tower with Radar,7,39,19,11,76,0,2,13,2,17,7,41,32,13,93,0,4,4,97
12/20/2019,BGR,ME,ANE,EN,Combined TRACON& Tower with Radar,6,41,12,5,64,0,3,14,0,17,6,44,26,5,81,14,0,14,95
12/21/2019,BGR,ME,ANE,EN,Combined TRACON& Tower with Radar,6,48,8,2,64,0,3,18,0,21,6,51,26,2,85,22,0,22,107
12/22/2019,BGR,ME,ANE,EN,Combined TRACON& Tower with Radar,2,27,12,2,43,0,1,10,0,11,2,28,22,2,54,4,0,4,58
12/23/2019,BGR,ME,ANE,EN,Combined TRACON& Tower with Radar,6,33,13,10,62,0,2,15,2,19,6,35,28,12,81,12,6,18,99
12/24/2019,BGR,ME,ANE,EN,Combined TRACON& Tower with Radar,6,26,4,0,36,0,2,9,0,11,6,28,13,0,47,0,0,0,47
12/25/2019,BGR,ME,ANE,EN,Combined TRACON& Tower with Radar,4,17,3,0,24,0,1,4,0,5,4,18,7,0,29,0,0,0,29
12/26/2019,BGR,ME,ANE,EN,Combined TRACON& Tower with Radar,2,35,5,6,48,0,2,28,2,32,2,37,33,8,80,6,0,6,86
12/27/2019,BGR,ME,ANE,EN,Combined TRACON& Tower with Radar,2,28,6,0,36,0,0,0,0,0,2,28,6,0,36,0,0,0,36
12/28/2019,BGR,ME,ANE,EN,Combined TRACON& Tower with Radar,8,30,8,1,47,0,0,14,0,14,8,30,22,1,61,46,0,46,107
12/29/2019,BGR,ME,ANE,EN,Combined TRACON& Tower with Radar,2,22,1,1,26,0,1,24,0,25,2,23,25,1,51,16,0,16,67
12/30/2019,BGR,ME,ANE,EN,Combined TRACON& Tower with Radar,3,23,19,7,52,0,0,17,0,17,3,23,36,7,69,10,8,18,87
12/31/2019,BGR,ME,ANE,EN,Combined TRACON& Tower with Radar,7,21,5,0,33,0,0,0,0,0,7,21,5,0,33,0,0,0,33
01/01/2020,BGR,ME,ANE,EN,Combined TRACON& Tower with Radar,0,24,6,3,33,0,0,3,0,3,0,24,9,3,36,0,0,0,36
01/02/2020,BGR,ME,ANE,EN,Combined TRACON& Tower with Radar,2,27,11,15,55,0,4,29,11,44,2,31,40,26,99,10,0,10,109
01/03/2020,BGR,ME,ANE,EN,Combined TRACON& Tower with Radar,4,35,11,20,70,0,6,25,10,41,4,41,36,30,111,54,4,58,169
01/04/2020,BGR,ME,ANE,EN,Combined TRACON& Tower with Radar,8,31,5,11,55,0,1,12,9,22,8,32,17,20,77,20,6,26,103
01/05/2020,BGR,ME,ANE,EN,Combined TRACON& Tower with Radar,3,22,11,5,41,0,3,2,1,6,3,25,13,6,47,0,24,24,71
01/06/2020,BGR,ME,ANE,EN,Combined TRACON& Tower with Radar,3,35,6,7,51,0,1,6,0,7,3,36,12,7,58,0,0,0,58
01/07/2020,BGR,ME,ANE,EN,Combined TRACON& Tower with Radar,6,31,9,17,63,0,11,7,27,45,6,42,16,44,108,8,4,12,120
01/08/2020,BGR,ME,ANE,EN,Combined TRACON& Tower with Radar,4,37,13,30,84,0,0,4,2,6,4,37,17,32,90,0,10,10,100
01/09/2020,BGR,ME,ANE,EN,Combined TRACON& Tower with Radar,4,37,15,45,101,0,6,21,18,45,4,43,36,63,146,18,6,24,170
01/10/2020,BGR,ME,ANE,EN,Combined TRACON& Tower with Radar,2,31,4,36,73,3,5,14,4,26,5,36,18,40,99,60,8,68,167
01/11/2020,BGR,ME,ANE,EN,Combined TRACON& Tower with Radar,8,25,3,7,43,0,0,1,0,1,8,25,4,7,44,0,0,0,44
01/12/2020,BGR,ME,ANE,EN,Combined TRACON& Tower with Radar,0,25,6,0,31,0,2,0,0,2,0,27,6,0,33,0,0,0,33
01/13/2020,BGR,ME,ANE,EN,Combined TRACON& Tower with Radar,6,28,6,10,50,0,0,0,0,0,6,28,6,10,50,0,0,0,50
01/14/2020,BGR,ME,ANE,EN,Combined TRACON& Tower with Radar,1,30,13,28,72,0,0,14,23,37,1,30,27,51,109,14,10,24,133
01/15/2020,BGR,ME,ANE,EN,Combined TRACON& Tower with Radar,5,33,13,49,100,0,0,18,13,31,5,33,31,62,131,22,2,24,155
01/16/2020,BGR,ME,ANE,EN,Combined TRACON& Tower with Radar,0,32,8,7,47,0,0,0,0,0,0,32,8,7,47,0,0,0,47
01/17/2020,BGR,ME,ANE,EN,Combined TRACON& Tower with Radar,4,42,14,0,60,0,0,3,0,3,4,42,17,0,63,0,0,0,63
01/18/2020,BGR,ME,ANE,EN,Combined TRACON& Tower with Radar,6,24,2,0,32,0,3,9,0,12,6,27,11,0,44,16,0,16,60
01/19/2020,BGR,ME,ANE,EN,Combined TRACON& Tower with Radar,0,21,1,4,26,0,1,0,0,1,0,22,1,4,27,0,0,0,27
01/20/2020,BGR,ME,ANE,EN,Combined TRACON& Tower with Radar,2,30,12,5,49,0,5,28,0,33,2,35,40,5,82,0,0,0,82
01/21/2020,BGR,ME,ANE,EN,Combined TRACON& Tower with Radar,2,30,8,27,67,0,7,18,19,44,2,37,26,46,111,6,10,16,127
01/22/2020,BGR,ME,ANE,EN,Combined TRACON& Tower with Radar,2,36,6,14,58,0,4,12,16,32,2,40,18,30,90,28,4,32,122
01/23/2020,BGR,ME,ANE,EN,Combined TRACON& Tower with Radar,7,36,20,22,85,0,6,14,21,41,7,42,34,43,126,0,8,8,134
01/24/2020,BGR,ME,ANE,EN,Combined TRACON& Tower with Radar,5,34,23,21,83,0,4,10,2,16,5,38,33,23,99,2,0,2,101
01/25/2020,BGR,ME,ANE,EN,Combined TRACON& Tower with Radar,6,36,7,13,62,0,0,4,0,4,6,36,11,13,66,0,0,0,66
01/26/2020,BGR,ME,ANE,EN,Combined TRACON& Tower with Radar,0,29,3,4,36,0,0,2,0,2,0,29,5,4,38,24,0,24,62
01/27/2020,BGR,ME,ANE,EN,Combined TRACON& Tower with Radar,4,36,14,27,81,0,5,9,3,17,4,41,23,30,98,12,22,34,132
01/28/2020,BGR,ME,ANE,EN,Combined TRACON& Tower with Radar,5,35,14,37,91,0,4,8,33,45,5,39,22,70,136,10,22,32,168
01/29/2020,BGR,ME,ANE,EN,Combined TRACON& Tower with Radar,4,28,12,29,73,0,3,16,14,33,4,31,28,43,106,8,18,26,132
01/30/2020,BGR,ME,ANE,EN,Combined TRACON& Tower with Radar,1,28,10,29,68,0,0,27,29,56,1,28,37,58,124,56,4,60,184
01/31/2020,BGR,ME,ANE,EN,Combined TRACON& Tower with Radar,4,38,22,22,86,0,0,34,30,64,4,38,56,52,150,32,22,54,204
02/01/2020,BGR,ME,ANE,EN,Combined TRACON& Tower with Radar,7,30,8,14,59,0,1,10,15,26,7,31,18,29,85,4,6,10,95
02/02/2020,BGR,ME,ANE,EN,Combined TRACON& Tower with Radar,2,21,8,4,35,0,3,10,0,13,2,24,18,4,48,22,0,22,70
02/03/2020,BGR,ME,ANE,EN,Combined TRACON& Tower with Radar,2,32,9,8,51,0,3,5,5,13,2,35,14,13,64,0,0,0,64
02/04/2020,BGR,ME,ANE,EN,Combined TRACON& Tower with Radar,0,42,23,34,99,0,6,17,30,53,0,48,40,64,152,2,24,26,178
02/05/2020,BGR,ME,ANE,EN,Combined TRACON& Tower with Radar,7,32,10,49,98,0,1,13,9,23,7,33,23,58,121,26,4,30,151
02/06/2020,BGR,ME,ANE,EN,Combined TRACON& Tower with Radar,0,33,8,0,41,0,0,0,0,0,0,33,8,0,41,0,0,0,41
02/07/2020,BGR,ME,ANE,EN,Combined TRACON& Tower with Radar,3,13,4,3,23,0,0,0,0,0,3,13,4,3,23,0,0,0,23
02/08/2020,BGR,ME,ANE,EN,Combined TRACON& Tower with Radar,7,23,15,5,50,0,2,6,0,8,7,25,21,5,58,28,0,28,86
02/09/2020,BGR,ME,ANE,EN,Combined TRACON& Tower with Radar,4,28,18,4,54,0,0,24,0,24,4,28,42,4,78,8,0,8,86
02/10/2020,BGR,ME,ANE,EN,Combined TRACON& Tower with Radar,2,31,17,20,70,0,0,0,0,0,2,31,17,20,70,0,0,0,70
02/11/2020,BGR,ME,ANE,EN,Combined TRACON& Tower with Radar,2,33,11,7,53,0,0,0,0,0,2,33,11,7,53,0,0,0,53
02/12/2020,BGR,ME,ANE,EN,Combined TRACON& Tower with Radar,6,31,28,36,101,0,2,15,18,35,6,33,43,54,136,16,16,32,168
02/13/2020,BGR,ME,ANE,EN,Combined TRACON& Tower with Radar,6,33,10,4,53,0,0,0,0,0,6,33,10,4,53,0,0,0,53
02/14/2020,BGR,ME,ANE,EN,Combined TRACON& Tower with Radar,6,37,6,9,58,0,3,19,2,24,6,40,25,11,82,10,8,18,100
02/15/2020,BGR,ME,ANE,EN,Combined TRACON& Tower with Radar,9,40,13,4,66,0,4,17,0,21,9,44,30,4,87,12,0,12,99
02/16/2020,BGR,ME,ANE,EN,Combined TRACON& Tower with Radar,7,31,15,4,57,0,2,14,0,16,7,33,29,4,73,10,0,10,83
02/17/2020,BGR,ME,ANE,EN,Combined TRACON& Tower with Radar,6,33,16,5,60,0,4,15,0,19,6,37,31,5,79,0,0,0,79
02/18/2020,BGR,ME,ANE,EN,Combined TRACON& Tower with Radar,4,30,12,27,73,0,0,3,6,9,4,30,15,33,82,0,30,30,112
02/19/2020,BGR,ME,ANE,EN,Combined TRACON& Tower with Radar,7,36,12,11,66,0,4,7,2,13,7,40,19,13,79,10,6,16,95
02/20/2020,BGR,ME,ANE,EN,Combined TRACON& Tower with Radar,4,30,12,33,79,0,8,19,10,37,4,38,31,43,116,8,16,24,140
02/21/2020,BGR,ME,ANE,EN,Combined TRACON& Tower with Radar,4,32,16,32,84,0,5,32,10,47,4,37,48,42,131,0,12,12,143
02/22/2020,BGR,ME,ANE,EN,Combined TRACON& Tower with Radar,7,34,16,9,66,0,0,33,4,37,7,34,49,13,103,28,0,28,131
02/23/2020,BGR,ME,ANE,EN,Combined TRACON& Tower with Radar,8,25,17,8,58,0,0,36,0,36,8,25,53,8,94,28,0,28,122
02/24/2020,BGR,ME,ANE,EN,Combined TRACON& Tower with Radar,12,40,22,10,84,2,1,9,7,19,14,41,31,17,103,18,10,28,131
02/25/2020,BGR,ME,ANE,EN,Combined TRACON& Tower with Radar,6,37,12,39,94,0,2,25,24,51,6,39,37,63,145,24,0,24,169
02/26/2020,BGR,ME,ANE,EN,Combined TRACON& Tower with Radar,6,41,13,41,101,0,2,4,21,27,6,43,17,62,128,12,48,60,188
02/27/2020,BGR,ME,ANE,EN,Combined TRACON& Tower with Radar,8,30,8,6,52,0,0,0,0,0,8,30,8,6,52,0,0,0,52
02/28/2020,BGR,ME,ANE,EN,Combined TRACON& Tower with Radar,9,40,17,4,70,0,3,8,1,12,9,43,25,5,82,16,0,16,98
02/29/2020,BGR,ME,ANE,EN,Combined TRACON& Tower with Radar,8,34,15,4,61,0,3,31,0,34,8,37,46,4,95,34,0,34,129
03/01/2020,BGR,ME,ANE,EN,Combined TRACON& Tower with Radar,8,27,5,8,48,0,5,19,0,24,8,32,24,8,72,20,0,20,92
03/02/2020,BGR,ME,ANE,EN,Combined TRACON& Tower with Radar,4,31,13,41,89,0,3,11,3,17,4,34,24,44,106,18,14,32,138
03/03/2020,BGR,ME,ANE,EN,Combined TRACON& Tower with Radar,8,36,11,43,98,0,6,25,20,51,8,42,36,63,149,10,4,14,163
03/04/2020,BGR,ME,ANE,EN,Combined TRACON& Tower with Radar,12,33,4,6,55,0,1,1,0,2,12,34,5,6,57,0,0,0,57
03/05/2020,BGR,ME,ANE,EN,Combined TRACON& Tower with Radar,6,43,8,31,88,0,5,9,20,34,6,48,17,51,122,6,12,18,140
03/06/2020,BGR,ME,ANE,EN,Combined TRACON& Tower with Radar,6,32,13,24,75,0,4,17,12,33,6,36,30,36,108,28,2,30,138
03/07/2020,BGR,ME,ANE,EN,Combined TRACON& Tower with Radar,14,30,10,7,61,0,2,1,19,22,14,32,11,26,83,0,0,0,83
03/08/2020,BGR,ME,ANE,EN,Combined TRACON& Tower with Radar,10,32,5,7,54,0,0,25,2,27,10,32,30,9,81,44,8,52,133
03/09/2020,BGR,ME,ANE,EN,Combined TRACON& Tower with Radar,6,32,9,18,65,0,0,14,8,22,6,32,23,26,87,24,10,34,121
03/10/2020,BGR,ME,ANE,EN,Combined TRACON& Tower with Radar,6,32,9,29,76,0,0,0,3,3,6,32,9,32,79,0,10,10,89
03/11/2020,BGR,ME,ANE,EN,Combined TRACON& Tower with Radar,7,39,12,42,100,0,2,27,30,59,7,41,39,72,159,0,28,28,187
03/12/2020,BGR,ME,ANE,EN,Combined TRACON& Tower with Radar,9,35,16,29,89,0,1,24,26,51,9,36,40,55,140,10,26,36,176
03/13/2020,BGR,ME,ANE,EN,Combined TRACON& Tower with Radar,6,37,3,3,49,0,0,1,0,1,6,37,4,3,50,0,0,0,50
03/14/2020,BGR,ME,ANE,EN,Combined TRACON& Tower with Radar,11,33,9,2,55,0,1,1,0,2,11,34,10,2,57,2,0,2,59
03/15/2020,BGR,ME,ANE,EN,Combined TRACON& Tower with Radar,5,28,9,2,44,0,1,21,0,22,5,29,30,2,66,32,0,32,98
03/16/2020,BGR,ME,ANE,EN,Combined TRACON& Tower with Radar,5,26,10,32,73,0,4,21,3,28,5,30,31,35,101,10,8,18,119
03/17/2020,BGR,ME,ANE,EN,Combined TRACON& Tower with Radar,6,38,8,20,72,0,1,0,4,5,6,39,8,24,77,0,0,0,77
03/18/2020,BGR,ME,ANE,EN,Combined TRACON& Tower with Radar,6,37,18,4,65,1,1,23,4,29,7,38,41,8,94,28,0,28,122
03/19/2020,BGR,ME,ANE,EN,Combined TRACON& Tower with Radar,5,40,3,22,70,0,0,0,1,1,5,40,3,23,71,10,4,14,85
03/20/2020,BGR,ME,ANE,EN,Combined TRACON& Tower with Radar,4,36,6,12,58,0,0,0,0,0,4,36,6,12,58,4,0,4,62
03/21/2020,BGR,ME,ANE,EN,Combined TRACON& Tower with Radar,6,29,6,5,46,0,1,3,0,4,6,30,9,5,50,0,0,0,50
03/22/2020,BGR,ME,ANE,EN,Combined TRACON& Tower with Radar,7,30,14,5,56,0,2,29,0,31,7,32,43,5,87,14,0,14,101
03/23/2020,BGR,ME,ANE,EN,Combined TRACON& Tower with Radar,0,0,0,0,0,0,0,0,0,0,0,0,0,0,0,14,2,16,16
03/24/2020,BGR,ME,ANE,EN,Combined TRACON& Tower with Radar,3,23,1,10,37,0,1,5,1,7,3,24,6,11,44,2,2,4,48
03/25/2020,BGR,ME,ANE,EN,Combined TRACON& Tower with Radar,0,20,4,19,43,0,0,8,2,10,0,20,12,21,53,34,6,40,93
03/26/2020,BGR,ME,ANE,EN,Combined TRACON& Tower with Radar,6,17,2,13,38,0,0,23,4,27,6,17,25,17,65,36,12,48,113
03/27/2020,BGR,ME,ANE,EN,Combined TRACON& Tower with Radar,0,13,5,6,24,0,0,4,0,4,0,13,9,6,28,0,0,0,28
03/28/2020,BGR,ME,ANE,EN,Combined TRACON& Tower with Radar,2,17,1,4,24,0,0,31,0,31,2,17,32,4,55,16,0,16,71
03/29/2020,BGR,ME,ANE,EN,Combined TRACON& Tower with Radar,4,13,0,3,20,0,0,8,0,8,4,13,8,3,28,16,0,16,44
03/30/2020,BGR,ME,ANE,EN,Combined TRACON& Tower with Radar,2,12,4,8,26,0,0,0,0,0,2,12,4,8,26,0,0,0,26
03/31/2020,BGR,ME,ANE,EN,Combined TRACON& Tower with Radar,6,17,12,8,43,0,0,7,0,7,6,17,19,8,50,4,4,8,58
04/01/2020,BGR,ME,ANE,EN,Combined TRACON& Tower with Radar,5,16,6,13,40,0,0,0,0,0,5,16,6,13,40,0,0,0,40
04/02/2020,BGR,ME,ANE,EN,Combined TRACON& Tower with Radar,7,18,0,13,38,0,0,0,0,0,7,18,0,13,38,0,0,0,38
04/03/2020,BGR,ME,ANE,EN,Combined TRACON& Tower with Radar,4,21,3,1,29,0,0,0,0,0,4,21,3,1,29,0,0,0,29
04/04/2020,BGR,ME,ANE,EN,Combined TRACON& Tower with Radar,5,14,2,5,26,0,0,8,0,8,5,14,10,5,34,0,0,0,34
04/05/2020,BGR,ME,ANE,EN,Combined TRACON& Tower with Radar,4,10,4,3,21,0,0,16,0,16,4,10,20,3,37,4,0,4,41
04/06/2020,BGR,ME,ANE,EN,Combined TRACON& Tower with Radar,8,10,2,23,43,0,1,5,11,17,8,11,7,34,60,0,2,2,62
04/07/2020,BGR,ME,ANE,EN,Combined TRACON& Tower with Radar,5,14,4,23,46,0,2,9,10,21,5,16,13,33,67,14,14,28,95
04/08/2020,BGR,ME,ANE,EN,Combined TRACON& Tower with Radar,9,20,8,23,60,0,0,8,3,11,9,20,16,26,71,20,14,34,105
04/09/2020,BGR,ME,ANE,EN,Combined TRACON& Tower with Radar,7,18,2,17,44,0,0,3,2,5,7,18,5,19,49,2,14,16,65
04/10/2020,BGR,ME,ANE,EN,Combined TRACON& Tower with Radar,5,18,2,0,25,0,0,0,0,0,5,18,2,0,25,0,0,0,25
04/11/2020,BGR,ME,ANE,EN,Combined TRACON& Tower with Radar,10,11,3,2,26,0,0,1,0,1,10,11,4,2,27,2,0,2,29
04/12/2020,BGR,ME,ANE,EN,Combined TRACON& Tower with Radar,4,4,3,0,11,0,0,9,0,9,4,4,12,0,20,0,0,0,20
04/13/2020,BGR,ME,ANE,EN,Combined TRACON& Tower with Radar,8,7,1,0,16,0,0,0,0,0,8,7,1,0,16,0,0,0,16
04/14/2020,BGR,ME,ANE,EN,Combined TRACON& Tower with Radar,4,15,13,6,38,0,0,5,5,10,4,15,18,11,48,8,24,32,80
04/15/2020,BGR,ME,ANE,EN,Combined TRACON& Tower with Radar,11,13,3,39,66,0,2,15,2,19,11,15,18,41,85,12,8,20,105
04/16/2020,BGR,ME,ANE,EN,Combined TRACON& Tower with Radar,12,15,13,13,53,0,1,5,3,9,12,16,18,16,62,0,0,0,62
04/17/2020,BGR,ME,ANE,EN,Combined TRACON& Tower with Radar,7,14,6,19,46,0,0,9,5,14,7,14,15,24,60,4,12,16,76
04/18/2020,BGR,ME,ANE,EN,Combined TRACON& Tower with Radar,7,12,5,2,26,0,0,19,0,19,7,12,24,2,45,0,0,0,45
04/19/2020,BGR,ME,ANE,EN,Combined TRACON& Tower with Radar,5,4,2,10,21,0,0,16,0,16,5,4,18,10,37,0,0,0,37
04/20/2020,BGR,ME,ANE,EN,Combined TRACON& Tower with Radar,5,11,1,11,28,0,2,5,11,18,5,13,6,22,46,20,22,42,88
04/21/2020,BGR,ME,ANE,EN,Combined TRACON& Tower with Radar,5,19,2,9,35,0,0,5,0,5,5,19,7,9,40,10,0,10,50
04/22/2020,BGR,ME,ANE,EN,Combined TRACON& Tower with Radar,4,17,6,22,49,0,1,0,6,7,4,18,6,28,56,0,6,6,62
04/23/2020,BGR,ME,ANE,EN,Combined TRACON& Tower with Radar,8,12,5,20,45,0,0,12,3,15,8,12,17,23,60,0,8,8,68
04/24/2020,BGR,ME,ANE,EN,Combined TRACON& Tower with Radar,4,17,4,17,42,0,0,21,3,24,4,17,25,20,66,18,14,32,98
04/25/2020,BGR,ME,ANE,EN,Combined TRACON& Tower with Radar,4,15,7,1,27,0,0,22,0,22,4,15,29,1,49,0,0,0,49
04/26/2020,BGR,ME,ANE,EN,Combined TRACON& Tower with Radar,12,6,2,4,24,0,0,2,0,2,12,6,4,4,26,4,0,4,30
04/27/2020,BGR,ME,ANE,EN,Combined TRACON& Tower with Radar,10,13,2,5,30,0,0,0,0,0,10,13,2,5,30,2,2,4,34
04/28/2020,BGR,ME,ANE,EN,Combined TRACON& Tower with Radar,2,15,2,10,29,0,0,2,12,14,2,15,4,22,43,0,24,24,67
04/29/2020,BGR,ME,ANE,EN,Combined TRACON& Tower with Radar,6,15,11,12,44,0,0,23,2,25,6,15,34,14,69,46,8,54,123
04/30/2020,BGR,ME,ANE,EN,Combined TRACON& Tower with Radar,8,11,7,22,48,0,0,5,4,9,8,11,12,26,57,6,0,6,63
05/01/2020,BGR,ME,ANE,EN,Combined TRACON& Tower with Radar,11,15,6,0,32,0,0,0,0,0,11,15,6,0,32,0,0,0,32
05/02/2020,BGR,ME,ANE,EN,Combined TRACON& Tower with Radar,7,13,12,2,34,0,0,7,0,7,7,13,19,2,41,0,0,0,41
05/03/2020,BGR,ME,ANE,EN,Combined TRACON& Tower with Radar,8,8,3,2,21,0,0,12,0,12,8,8,15,2,33,8,0,8,41
05/04/2020,BGR,ME,ANE,EN,Combined TRACON& Tower with Radar,15,11,4,18,48,0,2,0,2,4,15,13,4,20,52,0,0,0,52
05/05/2020,BGR,ME,ANE,EN,Combined TRACON& Tower with Radar,4,12,4,30,50,0,1,2,9,12,4,13,6,39,62,0,0,0,62
05/06/2020,BGR,ME,ANE,EN,Combined TRACON& Tower with Radar,1,9,2,21,33,0,1,21,5,27,1,10,23,26,60,20,12,32,92
05/07/2020,BGR,ME,ANE,EN,Combined TRACON& Tower with Radar,12,8,2,27,49,0,0,6,6,12,12,8,8,33,61,0,2,2,63
05/08/2020,BGR,ME,ANE,EN,Combined TRACON& Tower with Radar,11,9,1,16,37,0,0,7,0,7,11,9,8,16,44,8,0,8,52
05/09/2020,BGR,ME,ANE,EN,Combined TRACON& Tower with Radar,10,16,6,4,36,0,0,0,0,0,10,16,6,4,36,0,0,0,36
05/10/2020,BGR,ME,ANE,EN,Combined TRACON& Tower with Radar,11,6,4,10,31,0,0,0,0,0,11,6,4,10,31,4,0,4,35
05/11/2020,BGR,ME,ANE,EN,Combined TRACON& Tower with Radar,13,9,3,29,54,0,1,6,4,11,13,10,9,33,65,14,6,20,85
05/12/2020,BGR,ME,ANE,EN,Combined TRACON& Tower with Radar,8,8,3,23,42,0,1,3,15,19,8,9,6,38,61,0,4,4,65
05/13/2020,BGR,ME,ANE,EN,Combined TRACON& Tower with Radar,9,10,12,14,45,0,1,6,4,11,9,11,18,18,56,8,14,22,78
05/14/2020,BGR,ME,ANE,EN,Combined TRACON& Tower with Radar,13,15,5,14,47,1,1,18,18,38,14,16,23,32,85,20,0,20,105
05/15/2020,BGR,ME,ANE,EN,Combined TRACON& Tower with Radar,14,14,5,9,42,0,0,13,4,17,14,14,18,13,59,0,24,24,83
05/16/2020,BGR,ME,ANE,EN,Combined TRACON& Tower with Radar,9,13,3,14,39,0,1,3,0,4,9,14,6,14,43,2,0,2,45
05/17/2020,BGR,ME,ANE,EN,Combined TRACON& Tower with Radar,12,10,6,25,53,0,0,23,1,24,12,10,29,26,77,10,6,16,93
05/18/2020,BGR,ME,ANE,EN,Combined TRACON& Tower with Radar,12,7,5,20,44,0,0,27,3,30,12,7,32,23,74,12,32,44,118
05/19/2020,BGR,ME,ANE,EN,Combined TRACON& Tower with Radar,7,19,4,33,63,0,0,16,19,35,7,19,20,52,98,16,10,26,124
05/20/2020,BGR,ME,ANE,EN,Combined TRACON& Tower with Radar,7,10,4,24,45,0,0,23,10,33,7,10,27,34,78,14,40,54,132
05/21/2020,BGR,ME,ANE,EN,Combined TRACON& Tower with Radar,13,13,6,21,53,0,0,8,0,8,13,13,14,21,61,6,0,6,67
05/22/2020,BGR,ME,ANE,EN,Combined TRACON& Tower with Radar,9,15,6,20,50,0,1,11,1,13,9,16,17,21,63,0,0,0,63
05/23/2020,BGR,ME,ANE,EN,Combined TRACON& Tower with Radar,7,8,7,2,24,0,1,16,0,17,7,9,23,2,41,24,0,24,65
05/24/2020,BGR,ME,ANE,EN,Combined TRACON& Tower with Radar,12,4,4,3,23,0,0,24,0,24,12,4,28,3,47,22,0,22,69
05/25/2020,BGR,ME,ANE,EN,Combined TRACON& Tower with Radar,16,5,14,8,43,0,0,4,0,4,16,5,18,8,47,14,0,14,61
05/26/2020,BGR,ME,ANE,EN,Combined TRACON& Tower with Radar,3,12,12,23,50,0,1,19,13,33,3,13,31,36,83,2,22,24,107
05/27/2020,BGR,ME,ANE,EN,Combined TRACON& Tower with Radar,9,10,4,26,49,0,0,4,0,4,9,10,8,26,53,0,14,14,67
05/28/2020,BGR,ME,ANE,EN,Combined TRACON& Tower with Radar,11,11,3,68,93,0,0,18,23,41,11,11,21,91,134,26,36,62,196
05/29/2020,BGR,ME,ANE,EN,Combined TRACON& Tower with Radar,9,12,9,35,65,0,0,10,2,12,9,12,19,37,77,0,0,0,77
05/30/2020,BGR,ME,ANE,EN,Combined TRACON& Tower with Radar,8,10,7,12,37,0,0,10,0,10,8,10,17,12,47,10,0,10,57
05/31/2020,BGR,ME,ANE,EN,Combined TRACON& Tower with Radar,14,7,11,9,41,0,1,11,0,12,14,8,22,9,53,0,0,0,53
06/01/2020,BGR,ME,ANE,EN,Combined TRACON& Tower with Radar,14,10,10,15,49,0,2,16,2,20,14,12,26,17,69,0,0,0,69
06/02/2020,BGR,ME,ANE,EN,Combined TRACON& Tower with Radar,4,16,10,34,64,0,2,42,1,45,4,18,52,35,109,16,2,18,127
06/03/2020,BGR,ME,ANE,EN,Combined TRACON& Tower with Radar,8,11,8,24,51,0,0,13,1,14,8,11,21,25,65,12,6,18,83
06/04/2020,BGR,ME,ANE,EN,Combined TRACON& Tower with Radar,15,12,7,37,71,0,0,30,2,32,15,12,37,39,103,28,6,34,137
06/05/2020,BGR,ME,ANE,EN,Combined TRACON& Tower with Radar,12,22,14,29,77,0,2,10,5,17,12,24,24,34,94,16,10,26,120
06/06/2020,BGR,ME,ANE,EN,Combined TRACON& Tower with Radar,13,16,1,14,44,0,0,4,1,5,13,16,5,15,49,0,4,4,53
06/07/2020,BGR,ME,ANE,EN,Combined TRACON& Tower with Radar,11,12,7,26,56,0,1,4,3,8,11,13,11,29,64,0,8,8,72
06/08/2020,BGR,ME,ANE,EN,Combined TRACON& Tower with Radar,11,13,4,25,53,0,5,27,3,35,11,18,31,28,88,0,10,10,98
06/09/2020,BGR,ME,ANE,EN,Combined TRACON& Tower with Radar,6,12,7,29,54,0,3,17,14,34,6,15,24,43,88,20,12,32,120
06/10/2020,BGR,ME,ANE,EN,Combined TRACON& Tower with Radar,6,12,5,34,57,0,2,18,19,39,6,14,23,53,96,4,22,26,122
06/11/2020,BGR,ME,ANE,EN,Combined TRACON& Tower with Radar,14,20,3,5,42,0,0,0,0,0,14,20,3,5,42,0,0,0,42
06/12/2020,BGR,ME,ANE,EN,Combined TRACON& Tower with Radar,8,16,8,12,44,0,4,27,1,32,8,20,35,13,76,10,0,10,86
06/13/2020,BGR,ME,ANE,EN,Combined TRACON& Tower with Radar,18,9,9,10,46,0,0,25,0,25,18,9,34,10,71,0,0,0,71
06/14/2020,BGR,ME,ANE,EN,Combined TRACON& Tower with Radar,12,6,9,14,41,0,0,19,3,22,12,6,28,17,63,0,0,0,63
06/15/2020,BGR,ME,ANE,EN,Combined TRACON& Tower with Radar,12,12,5,24,53,0,0,19,1,20,12,12,24,25,73,8,2,10,83
06/16/2020,BGR,ME,ANE,EN,Combined TRACON& Tower with Radar,6,15,8,26,55,0,0,24,9,33,6,15,32,35,88,16,16,32,120
06/17/2020,BGR,ME,ANE,EN,Combined TRACON& Tower with Radar,9,15,10,16,50,0,3,27,14,44,9,18,37,30,94,18,10,28,122
06/18/2020,BGR,ME,ANE,EN,Combined TRACON& Tower with Radar,12,16,17,41,86,0,1,25,22,48,12,17,42,63,134,26,14,40,174
06/19/2020,BGR,ME,ANE,EN,Combined TRACON& Tower with Radar,13,14,11,14,52,0,1,15,13,29,13,15,26,27,81,4,8,12,93
06/20/2020,BGR,ME,ANE,EN,Combined TRACON& Tower with Radar,12,10,15,18,55,0,0,11,8,19,12,10,26,26,74,52,0,52,126
06/21/2020,BGR,ME,ANE,EN,Combined TRACON& Tower with Radar,11,6,12,5,34,0,0,13,0,13,11,6,25,5,47,0,0,0,47
06/22/2020,BGR,ME,ANE,EN,Combined TRACON& Tower with Radar,10,13,4,24,51,0,2,11,15,28,10,15,15,39,79,0,0,0,79
06/23/2020,BGR,ME,ANE,EN,Combined TRACON& Tower with Radar,5,16,7,21,49,0,0,12,14,26,5,16,19,35,75,0,10,10,85
06/24/2020,BGR,ME,ANE,EN,Combined TRACON& Tower with Radar,7,19,13,41,80,0,0,0,0,0,7,19,13,41,80,0,4,4,84
06/25/2020,BGR,ME,ANE,EN,Combined TRACON& Tower with Radar,13,14,24,17,68,0,0,37,21,58,13,14,61,38,126,6,6,12,138
06/26/2020,BGR,ME,ANE,EN,Combined TRACON& Tower with Radar,16,21,14,14,65,0,1,12,15,28,16,22,26,29,93,14,4,18,111
06/27/2020,BGR,ME,ANE,EN,Combined TRACON& Tower with Radar,15,9,5,8,37,0,1,9,0,10,15,10,14,8,47,2,0,2,49
06/28/2020,BGR,ME,ANE,EN,Combined TRACON& Tower with Radar,8,7,5,11,31,0,0,13,0,13,8,7,18,11,44,16,0,16,60
06/29/2020,BGR,ME,ANE,EN,Combined TRACON& Tower with Radar,10,13,20,20,63,0,0,0,0,0,10,13,20,20,63,0,0,0,63
06/30/2020,BGR,ME,ANE,EN,Combined TRACON& Tower with Radar,8,17,19,15,59,0,0,0,0,0,8,17,19,15,59,0,0,0,59
07/01/2020,BGR,ME,ANE,EN,Combined TRACON& Tower with Radar,12,17,15,41,85,0,1,2,0,3,12,18,17,41,88,0,0,0,88
07/02/2020,BGR,ME,ANE,EN,Combined TRACON& Tower with Radar,10,22,15,22,69,0,0,11,1,12,10,22,26,23,81,8,8,16,97
07/03/2020,BGR,ME,ANE,EN,Combined TRACON& Tower with Radar,8,20,25,9,62,0,0,12,0,12,8,20,37,9,74,8,0,8,82
07/04/2020,BGR,ME,ANE,EN,Combined TRACON& Tower with Radar,12,3,4,6,25,0,0,7,0,7,12,3,11,6,32,0,0,0,32
07/05/2020,BGR,ME,ANE,EN,Combined TRACON& Tower with Radar,8,12,14,10,44,0,1,3,0,4,8,13,17,10,48,0,0,0,48
07/06/2020,BGR,ME,ANE,EN,Combined TRACON& Tower with Radar,12,16,7,28,63,0,1,34,2,37,12,17,41,30,100,16,6,22,122
07/07/2020,BGR,ME,ANE,EN,Combined TRACON& Tower with Radar,7,18,12,39,76,0,0,11,19,30,7,18,23,58,106,0,34,34,140
07/08/2020,BGR,ME,ANE,EN,Combined TRACON& Tower with Radar,8,22,9,23,62,0,0,0,2,2,8,22,9,25,64,0,0,0,64
07/09/2020,BGR,ME,ANE,EN,Combined TRACON& Tower with Radar,21,13,12,40,86,7,4,21,25,57,28,17,33,65,143,16,58,74,217
07/10/2020,BGR,ME,ANE,EN,Combined TRACON& Tower with Radar,16,13,9,34,72,0,0,7,2,9,16,13,16,36,81,0,0,0,81
07/11/2020,BGR,ME,ANE,EN,Combined TRACON& Tower with Radar,16,29,14,11,70,0,3,1,0,4,16,32,15,11,74,0,0,0,74
07/12/2020,BGR,ME,ANE,EN,Combined TRACON& Tower with Radar,16,18,8,9,51,0,2,6,0,8,16,20,14,9,59,0,0,0,59
07/13/2020,BGR,ME,ANE,EN,Combined TRACON& Tower with Radar,16,14,12,13,55,0,5,21,1,27,16,19,33,14,82,8,4,12,94
07/14/2020,BGR,ME,ANE,EN,Combined TRACON& Tower with Radar,7,20,16,26,69,0,0,0,2,2,7,20,16,28,71,0,4,4,75
07/15/2020,BGR,ME,ANE,EN,Combined TRACON& Tower with Radar,11,20,16,39,86,0,2,39,16,57,11,22,55,55,143,38,22,60,203
07/16/2020,BGR,ME,ANE,EN,Combined TRACON& Tower with Radar,16,14,9,43,82,0,3,37,22,62,16,17,46,65,144,8,8,16,160
07/17/2020,BGR,ME,ANE,EN,Combined TRACON& Tower with Radar,23,14,10,32,79,0,0,2,4,6,23,14,12,36,85,0,0,0,85
07/18/2020,BGR,ME,ANE,EN,Combined TRACON& Tower with Radar,15,20,18,21,74,0,0,13,2,15,15,20,31,23,89,32,0,32,121
07/19/2020,BGR,ME,ANE,EN,Combined TRACON& Tower with Radar,19,7,10,11,47,0,1,38,1,40,19,8,48,12,87,46,0,46,133
07/20/2020,BGR,ME,ANE,EN,Combined TRACON& Tower with Radar,21,16,13,34,84,0,8,13,3,24,21,24,26,37,108,14,4,18,126
07/21/2020,BGR,ME,ANE,EN,Combined TRACON& Tower with Radar,9,18,4,47,78,0,2,28,14,44,9,20,32,61,122,16,4,20,142
07/22/2020,BGR,ME,ANE,EN,Combined TRACON& Tower with Radar,12,18,12,43,85,0,1,25,13,39,12,19,37,56,124,10,8,18,142
07/23/2020,BGR,ME,ANE,EN,Combined TRACON& Tower with Radar,19,23,10,10,62,0,4,10,0,14,19,27,20,10,76,0,0,0,76
07/24/2020,BGR,ME,ANE,EN,Combined TRACON& Tower with Radar,17,22,10,13,62,0,6,32,19,57,17,28,42,32,119,22,6,28,147
07/25/2020,BGR,ME,ANE,EN,Combined TRACON& Tower with Radar,15,15,10,18,58,0,1,23,5,29,15,16,33,23,87,0,0,0,87
07/26/2020,BGR,ME,ANE,EN,Combined TRACON& Tower with Radar,20,13,14,9,56,0,0,22,3,25,20,13,36,12,81,6,0,6,87
07/27/2020,BGR,ME,ANE,EN,Combined TRACON& Tower with Radar,20,10,11,19,60,0,0,24,1,25,20,10,35,20,85,14,4,18,103
07/28/2020,BGR,ME,ANE,EN,Combined TRACON& Tower with Radar,6,20,5,52,83,0,6,19,9,34,6,26,24,61,117,20,2,22,139
07/29/2020,BGR,ME,ANE,EN,Combined TRACON& Tower with Radar,12,21,5,41,79,0,4,43,22,69,12,25,48,63,148,0,22,22,170
07/30/2020,BGR,ME,ANE,EN,Combined TRACON& Tower with Radar,14,14,12,18,58,0,0,13,2,15,14,14,25,20,73,10,6,16,89
07/31/2020,BGR,ME,ANE,EN,Combined TRACON& Tower with Radar,16,18,15,11,60,0,0,34,11,45,16,18,49,22,105,22,14,36,141
08/01/2020,BGR,ME,ANE,EN,Combined TRACON& Tower with Radar,18,15,18,15,66,0,0,23,7,30,18,15,41,22,96,30,0,30,126
08/02/2020,BGR,ME,ANE,EN,Combined TRACON& Tower with Radar,20,15,26,11,72,0,12,17,8,37,20,27,43,19,109,14,0,14,123
08/03/2020,BGR,ME,ANE,EN,Combined TRACON& Tower with Radar,19,19,17,15,70,0,9,7,12,28,19,28,24,27,98,0,0,0,98
08/04/2020,BGR,ME,ANE,EN,Combined TRACON& Tower with Radar,14,11,13,10,48,0,1,9,8,18,14,12,22,18,66,0,0,0,66
08/05/2020,BGR,ME,ANE,EN,Combined TRACON& Tower with Radar,16,12,8,18,54,0,2,22,7,31,16,14,30,25,85,26,18,44,129
08/06/2020,BGR,ME,ANE,EN,Combined TRACON& Tower with Radar,22,15,15,23,75,0,2,24,15,41,22,17,39,38,116,18,28,46,162
08/07/2020,BGR,ME,ANE,EN,Combined TRACON& Tower with Radar,22,14,17,22,75,0,2,33,16,51,22,16,50,38,126,6,28,34,160
08/08/2020,BGR,ME,ANE,EN,Combined TRACON& Tower with Radar,22,12,5,11,50,0,1,23,18,42,22,13,28,29,92,0,12,12,104
08/09/2020,BGR,ME,ANE,EN,Combined TRACON& Tower with Radar,26,10,8,9,53,0,0,21,0,21,26,10,29,9,74,8,0,8,82
08/10/2020,BGR,ME,ANE,EN,Combined TRACON& Tower with Radar,21,19,7,35,82,0,0,14,9,23,21,19,21,44,105,4,36,40,145
08/11/2020,BGR,ME,ANE,EN,Combined TRACON& Tower with Radar,15,12,9,22,58,0,0,7,16,23,15,12,16,38,81,2,18,20,101
08/12/2020,BGR,ME,ANE,EN,Combined TRACON& Tower with Radar,18,20,11,33,82,0,2,14,14,30,18,22,25,47,112,8,16,24,136
08/13/2020,BGR,ME,ANE,EN,Combined TRACON& Tower with Radar,20,15,13,45,93,0,2,21,21,44,20,17,34,66,137,6,8,14,151
08/14/2020,BGR,ME,ANE,EN,Combined TRACON& Tower with Radar,23,12,5,25,65,0,0,18,9,27,23,12,23,34,92,8,16,24,116
08/15/2020,BGR,ME,ANE,EN,Combined TRACON& Tower with Radar,25,19,10,18,72,0,0,20,10,30,25,19,30,28,102,40,0,40,142
08/16/2020,BGR,ME,ANE,EN,Combined TRACON& Tower with Radar,22,10,18,28,78,0,2,14,2,18,22,12,32,30,96,6,0,6,102
08/17/2020,BGR,ME,ANE,EN,Combined TRACON& Tower with Radar,23,17,9,46,95,0,3,21,4,28,23,20,30,50,123,4,10,14,137
08/18/2020,BGR,ME,ANE,EN,Combined TRACON& Tower with Radar,15,16,17,29,77,0,1,5,4,10,15,17,22,33,87,0,14,14,101
08/19/2020,BGR,ME,ANE,EN,Combined TRACON& Tower with Radar,14,17,9,24,64,0,0,19,1,20,14,17,28,25,84,0,2,2,86
08/20/2020,BGR,ME,ANE,EN,Combined TRACON& Tower with Radar,20,13,14,66,113,0,3,22,26,51,20,16,36,92,164,22,12,34,198
08/21/2020,BGR,ME,ANE,EN,Combined TRACON& Tower with Radar,20,15,12,21,68,0,0,9,1,10,20,15,21,22,78,0,0,0,78
08/22/2020,BGR,ME,ANE,EN,Combined TRACON& Tower with Radar,16,9,12,18,55,0,2,13,1,16,16,11,25,19,71,0,0,0,71
08/23/2020,BGR,ME,ANE,EN,Combined TRACON& Tower with Radar,22,13,14,5,54,0,0,13,1,14,22,13,27,6,68,10,0,10,78
08/24/2020,BGR,ME,ANE,EN,Combined TRACON& Tower with Radar,20,9,5,33,67,0,1,14,1,16,20,10,19,34,83,0,8,8,91
08/25/2020,BGR,ME,ANE,EN,Combined TRACON& Tower with Radar,16,9,10,23,58,0,0,5,4,9,16,9,15,27,67,0,12,12,79
08/26/2020,BGR,ME,ANE,EN,Combined TRACON& Tower with Radar,18,18,20,32,88,0,6,11,5,22,18,24,31,37,110,14,20,34,144
08/27/2020,BGR,ME,ANE,EN,Combined TRACON& Tower with Radar,20,23,13,49,105,0,4,10,16,30,20,27,23,65,135,10,16,26,161
08/28/2020,BGR,ME,ANE,EN,Combined TRACON& Tower with Radar,24,14,20,32,90,0,1,26,7,34,24,15,46,39,124,36,4,40,164
08/29/2020,BGR,ME,ANE,EN,Combined TRACON& Tower with Radar,18,16,2,18,54,0,0,5,1,6,18,16,7,19,60,0,6,6,66
08/30/2020,BGR,ME,ANE,EN,Combined TRACON& Tower with Radar,22,14,9,8,53,0,0,15,5,20,22,14,24,13,73,8,0,8,81
08/31/2020,BGR,ME,ANE,EN,Combined TRACON& Tower with Radar,20,15,7,20,62,0,1,30,2,33,20,16,37,22,95,0,0,0,95
09/01/2020,BGR,ME,ANE,EN,Combined TRACON& Tower with Radar,14,15,4,39,72,0,0,15,11,26,14,15,19,50,98,4,4,8,106
09/02/2020,BGR,ME,ANE,EN,Combined TRACON& Tower with Radar,10,14,11,36,71,0,0,6,4,10,10,14,17,40,81,0,8,8,89
09/03/2020,BGR,ME,ANE,EN,Combined TRACON& Tower with Radar,17,20,16,45,98,0,2,14,22,38,17,22,30,67,136,6,12,18,154
09/04/2020,BGR,ME,ANE,EN,Combined TRACON& Tower with Radar,18,17,12,31,78,0,2,24,6,32,18,19,36,37,110,8,8,16,126
09/05/2020,BGR,ME,ANE,EN,Combined TRACON& Tower with Radar,15,14,10,4,43,0,0,22,0,22,15,14,32,4,65,4,0,4,69
09/06/2020,BGR,ME,ANE,EN,Combined TRACON& Tower with Radar,17,9,7,6,39,0,1,25,0,26,17,10,32,6,65,20,0,20,85
09/07/2020,BGR,ME,ANE,EN,Combined TRACON& Tower with Radar,18,17,7,8,50,0,1,1,0,2,18,18,8,8,52,0,0,0,52
09/08/2020,BGR,ME,ANE,EN,Combined TRACON& Tower with Radar,10,18,18,49,95,2,2,10,11,25,12,20,28,60,120,0,18,18,138
09/09/2020,BGR,ME,ANE,EN,Combined TRACON& Tower with Radar,16,21,27,35,99,0,0,9,4,13,16,21,36,39,112,0,0,0,112
09/10/2020,BGR,ME,ANE,EN,Combined TRACON& Tower with Radar,12,15,22,42,91,0,0,22,7,29,12,15,44,49,120,0,0,0,120
09/11/2020,BGR,ME,ANE,EN,Combined TRACON& Tower with Radar,16,20,10,26,72,0,1,14,6,21,16,21,24,32,93,16,20,36,129
09/12/2020,BGR,ME,ANE,EN,Combined TRACON& Tower with Radar,8,16,7,24,55,0,0,32,19,51,8,16,39,43,106,26,4,30,136
09/13/2020,BGR,ME,ANE,EN,Combined TRACON& Tower with Radar,18,11,13,18,60,0,0,11,5,16,18,11,24,23,76,4,0,4,80
09/14/2020,BGR,ME,ANE,EN,Combined TRACON& Tower with Radar,12,13,20,28,73,0,1,12,3,16,12,14,32,31,89,2,10,12,101
09/15/2020,BGR,ME,ANE,EN,Combined TRACON& Tower with Radar,8,16,9,37,70,0,0,28,19,47,8,16,37,56,117,16,8,24,141
09/16/2020,BGR,ME,ANE,EN,Combined TRACON& Tower with Radar,15,16,8,23,62,0,5,22,11,38,15,21,30,34,100,22,6,28,128
09/17/2020,BGR,ME,ANE,EN,Combined TRACON& Tower with Radar,13,18,13,42,86,0,4,27,19,50,13,22,40,61,136,2,4,6,142
09/18/2020,BGR,ME,ANE,EN,Combined TRACON& Tower with Radar,14,29,23,31,97,0,1,16,9,26,14,30,39,40,123,0,18,18,141
09/19/2020,BGR,ME,ANE,EN,Combined TRACON& Tower with Radar,10,15,8,12,45,0,2,25,3,30,10,17,33,15,75,0,0,0,75
09/20/2020,BGR,ME,ANE,EN,Combined TRACON& Tower with Radar,14,11,5,7,37,0,2,12,2,16,14,13,17,9,53,6,0,6,59
09/21/2020,BGR,ME,ANE,EN,Combined TRACON& Tower with Radar,14,22,16,44,96,0,1,18,3,22,14,23,34,47,118,10,12,22,140
09/22/2020,BGR,ME,ANE,EN,Combined TRACON& Tower with Radar,8,20,16,36,80,0,1,4,15,20,8,21,20,51,100,0,0,0,100
09/23/2020,BGR,ME,ANE,EN,Combined TRACON& Tower with Radar,12,17,14,39,82,0,1,4,8,13,12,18,18,47,95,0,10,10,105
09/24/2020,BGR,ME,ANE,EN,Combined TRACON& Tower with Radar,12,15,11,39,77,0,2,33,14,49,12,17,44,53,126,6,8,14,140
09/25/2020,BGR,ME,ANE,EN,Combined TRACON& Tower with Radar,13,29,20,43,105,0,1,43,8,52,13,30,63,51,157,36,0,36,193
09/26/2020,BGR,ME,ANE,EN,Combined TRACON& Tower with Radar,9,21,23,22,75,0,0,26,3,29,9,21,49,25,104,12,0,12,116
09/27/2020,BGR,ME,ANE,EN,Combined TRACON& Tower with Radar,12,19,19,11,61,0,0,9,1,10,12,19,28,12,71,18,0,18,89
09/28/2020,BGR,ME,ANE,EN,Combined TRACON& Tower with Radar,14,28,9,12,63,0,0,0,0,0,14,28,9,12,63,0,0,0,63
09/29/2020,BGR,ME,ANE,EN,Combined TRACON& Tower with Radar,8,29,27,45,109,0,2,2,0,4,8,31,29,45,113,0,0,0,113
09/30/2020,BGR,ME,ANE,EN,Combined TRACON& Tower with Radar,12,16,9,17,54,0,0,4,3,7,12,16,13,20,61,0,10,10,71
10/01/2020,BGR,ME,ANE,EN,Combined TRACON& Tower with Radar,16,24,17,41,98,0,4,23,25,52,16,28,40,66,150,6,8,14,164
10/02/2020,BGR,ME,ANE,EN,Combined TRACON& Tower with Radar,13,26,12,23,74,0,0,1,0,1,13,26,13,23,75,0,0,0,75
10/03/2020,BGR,ME,ANE,EN,Combined TRACON& Tower with Radar,8,17,12,25,62,0,0,28,2,30,8,17,40,27,92,16,6,22,114
10/04/2020,BGR,ME,ANE,EN,Combined TRACON& Tower with Radar,17,14,14,9,54,0,0,8,27,35,17,14,22,36,89,8,10,18,107
10/05/2020,BGR,ME,ANE,EN,Combined TRACON& Tower with Radar,14,21,10,43,88,0,5,14,5,24,14,26,24,48,112,4,16,20,132
10/06/2020,BGR,ME,ANE,EN,Combined TRACON& Tower with Radar,4,17,24,51,96,0,0,5,2,7,4,17,29,53,103,0,0,0,103
10/07/2020,BGR,ME,ANE,EN,Combined TRACON& Tower with Radar,13,16,9,52,90,0,4,6,3,13,13,20,15,55,103,0,0,0,103
10/08/2020,BGR,ME,ANE,EN,Combined TRACON& Tower with Radar,14,19,16,20,69,0,0,4,3,7,14,19,20,23,76,0,0,0,76
10/09/2020,BGR,ME,ANE,EN,Combined TRACON& Tower with Radar,18,16,23,20,77,0,2,16,0,18,18,18,39,20,95,12,0,12,107
10/10/2020,BGR,ME,ANE,EN,Combined TRACON& Tower with Radar,17,11,12,4,44,0,0,15,0,15,17,11,27,4,59,20,0,20,79
10/11/2020,BGR,ME,ANE,EN,Combined TRACON& Tower with Radar,15,10,10,5,40,0,3,27,0,30,15,13,37,5,70,16,0,16,86
10/12/2020,BGR,ME,ANE,EN,Combined TRACON& Tower with Radar,23,10,15,9,57,0,0,39,0,39,23,10,54,9,96,14,0,14,110
10/13/2020,BGR,ME,ANE,EN,Combined TRACON& Tower with Radar,9,10,6,22,47,0,1,4,0,5,9,11,10,22,52,6,0,6,58
10/14/2020,BGR,ME,ANE,EN,Combined TRACON& Tower with Radar,16,12,11,50,89,0,3,27,14,44,16,15,38,64,133,8,14,22,155
10/15/2020,BGR,ME,ANE,EN,Combined TRACON& Tower with Radar,18,19,9,47,93,0,0,21,15,36,18,19,30,62,129,2,14,16,145
10/16/2020,BGR,ME,ANE,EN,Combined TRACON& Tower with Radar,15,15,14,41,85,0,0,0,3,3,15,15,14,44,88,0,0,0,88
10/17/2020,BGR,ME,ANE,EN,Combined TRACON& Tower with Radar,9,15,6,4,34,0,1,0,0,1,9,16,6,4,35,0,0,0,35
10/18/2020,BGR,ME,ANE,EN,Combined TRACON& Tower with Radar,16,9,23,17,65,0,0,36,1,37,16,9,59,18,102,62,0,62,164
10/19/2020,BGR,ME,ANE,EN,Combined TRACON& Tower with Radar,16,13,16,24,69,0,5,25,9,39,16,18,41,33,108,0,0,0,108
10/20/2020,BGR,ME,ANE,EN,Combined TRACON& Tower with Radar,8,19,14,54,95,0,0,1,7,8,8,19,15,61,103,24,0,24,127
10/21/2020,BGR,ME,ANE,EN,Combined TRACON& Tower with Radar,11,21,14,41,87,0,0,0,0,0,11,21,14,41,87,0,8,8,95
10/22/2020,BGR,ME,ANE,EN,Combined TRACON& Tower with Radar,14,19,16,22,71,0,1,33,23,57,14,20,49,45,128,10,8,18,146
10/23/2020,BGR,ME,ANE,EN,Combined TRACON& Tower with Radar,14,12,17,22,65,0,1,25,3,29,14,13,42,25,94,6,4,10,104
10/24/2020,BGR,ME,ANE,EN,Combined TRACON& Tower with Radar,12,15,17,15,59,0,1,3,0,4,12,16,20,15,63,0,0,0,63
10/25/2020,BGR,ME,ANE,EN,Combined TRACON& Tower with Radar,16,10,5,13,44,0,0,14,1,15,16,10,19,14,59,6,0,6,65
10/26/2020,BGR,ME,ANE,EN,Combined TRACON& Tower with Radar,15,13,11,23,62,0,1,3,4,8,15,14,14,27,70,0,18,18,88
10/27/2020,BGR,ME,ANE,EN,Combined TRACON& Tower with Radar,11,14,18,33,76,0,2,23,18,43,11,16,41,51,119,12,34,46,165
10/28/2020,BGR,ME,ANE,EN,Combined TRACON& Tower with Radar,10,17,11,59,97,0,1,10,6,17,10,18,21,65,114,0,64,64,178
10/29/2020,BGR,ME,ANE,EN,Combined TRACON& Tower with Radar,17,21,9,37,84,0,0,4,1,5,17,21,13,38,89,0,8,8,97
10/30/2020,BGR,ME,ANE,EN,Combined TRACON& Tower with Radar,15,25,11,13,64,0,2,5,11,18,15,27,16,24,82,18,4,22,104
10/31/2020,BGR,ME,ANE,EN,Combined TRACON& Tower with Radar,6,16,9,3,34,0,2,25,0,27,6,18,34,3,61,18,0,18,79
11/01/2020,BGR,ME,ANE,EN,Combined TRACON& Tower with Radar,10,13,2,15,40,0,0,0,0,0,10,13,2,15,40,0,0,0,40
11/02/2020,BGR,ME,ANE,EN,Combined TRACON& Tower with Radar,12,11,9,28,60,0,2,4,1,7,12,13,13,29,67,6,0,6,73
11/03/2020,BGR,ME,ANE,EN,Combined TRACON& Tower with Radar,4,18,17,27,66,0,0,2,6,8,4,18,19,33,74,0,0,0,74
11/04/2020,BGR,ME,ANE,EN,Combined TRACON& Tower with Radar,7,21,18,41,87,0,4,15,7,26,7,25,33,48,113,0,0,0,113
11/05/2020,BGR,ME,ANE,EN,Combined TRACON& Tower with Radar,16,20,10,44,90,0,1,17,14,32,16,21,27,58,122,12,24,36,158
11/06/2020,BGR,ME,ANE,EN,Combined TRACON& Tower with Radar,15,18,10,12,55,0,4,18,0,22,15,22,28,12,77,0,0,0,77
11/07/2020,BGR,ME,ANE,EN,Combined TRACON& Tower with Radar,15,11,6,2,34,0,0,28,0,28,15,11,34,2,62,8,0,8,70
11/08/2020,BGR,ME,ANE,EN,Combined TRACON& Tower with Radar,15,6,17,13,51,0,0,27,1,28,15,6,44,14,79,0,2,2,81
11/09/2020,BGR,ME,ANE,EN,Combined TRACON& Tower with Radar,15,10,11,42,78,0,3,18,3,24,15,13,29,45,102,8,18,26,128
11/10/2020,BGR,ME,ANE,EN,Combined TRACON& Tower with Radar,12,14,9,28,63,0,3,20,9,32,12,17,29,37,95,6,4,10,105
11/11/2020,BGR,ME,ANE,EN,Combined TRACON& Tower with Radar,7,15,12,13,47,0,0,12,0,12,7,15,24,13,59,0,0,0,59
11/12/2020,BGR,ME,ANE,EN,Combined TRACON& Tower with Radar,15,18,9,44,86,0,0,10,13,23,15,18,19,57,109,14,32,46,155
11/13/2020,BGR,ME,ANE,EN,Combined TRACON& Tower with Radar,15,23,21,23,82,0,1,15,7,23,15,24,36,30,105,6,8,14,119
11/14/2020,BGR,ME,ANE,EN,Combined TRACON& Tower with Radar,15,12,5,14,46,0,3,21,17,41,15,15,26,31,87,28,12,40,127
11/15/2020,BGR,ME,ANE,EN,Combined TRACON& Tower with Radar,14,8,10,9,41,0,0,26,9,35,14,8,36,18,76,14,34,48,124
11/16/2020,BGR,ME,ANE,EN,Combined TRACON& Tower with Radar,16,8,4,10,38,0,2,14,1,17,16,10,18,11,55,0,0,0,55
11/17/2020,BGR,ME,ANE,EN,Combined TRACON& Tower with Radar,12,8,9,43,72,0,2,17,23,42,12,10,26,66,114,12,14,26,140
11/18/2020,BGR,ME,ANE,EN,Combined TRACON& Tower with Radar,6,10,4,21,41,0,0,20,8,28,6,10,24,29,69,24,8,32,101
11/19/2020,BGR,ME,ANE,EN,Combined TRACON& Tower with Radar,14,13,24,16,67,0,3,14,13,30,14,16,38,29,97,52,24,76,173
11/20/2020,BGR,ME,ANE,EN,Combined TRACON& Tower with Radar,12,14,20,12,58,0,0,23,3,26,12,14,43,15,84,22,2,24,108
11/21/2020,BGR,ME,ANE,EN,Combined TRACON& Tower with Radar,13,17,10,1,41,0,1,21,3,25,13,18,31,4,66,14,0,14,80
11/22/2020,BGR,ME,ANE,EN,Combined TRACON& Tower with Radar,17,9,11,2,39,0,0,30,3,33,17,9,41,5,72,6,0,6,78
11/23/2020,BGR,ME,ANE,EN,Combined TRACON& Tower with Radar,4,15,4,5,28,0,0,0,0,0,4,15,4,5,28,0,0,0,28
11/24/2020,BGR,ME,ANE,EN,Combined TRACON& Tower with Radar,22,20,12,22,76,0,3,11,2,16,22,23,23,24,92,8,14,22,114
11/25/2020,BGR,ME,ANE,EN,Combined TRACON& Tower with Radar,14,14,9,4,41,0,2,1,0,3,14,16,10,4,44,2,0,2,46
11/26/2020,BGR,ME,ANE,EN,Combined TRACON& Tower with Radar,2,4,0,0,6,0,0,0,0,0,2,4,0,0,6,0,0,0,6
11/27/2020,BGR,ME,ANE,EN,Combined TRACON& Tower with Radar,8,14,6,0,28,0,0,4,0,4,8,14,10,0,32,2,0,2,34
11/28/2020,BGR,ME,ANE,EN,Combined TRACON& Tower with Radar,16,14,7,2,39,0,1,5,0,6,16,15,12,2,45,12,0,12,57
11/29/2020,BGR,ME,ANE,EN,Combined TRACON& Tower with Radar,12,11,19,3,45,0,0,40,0,40,12,11,59,3,85,18,0,18,103
11/30/2020,BGR,ME,ANE,EN,Combined TRACON& Tower with Radar,17,13,6,22,58,0,0,0,0,0,17,13,6,22,58,0,0,0,58
12/01/2020,BGR,ME,ANE,EN,Combined TRACON& Tower with Radar,13,13,2,3,31,0,1,0,0,1,13,14,2,3,32,0,0,0,32
12/02/2020,BGR,ME,ANE,EN,Combined TRACON& Tower with Radar,5,14,13,35,67,0,1,9,8,18,5,15,22,43,85,26,4,30,115
12/03/2020,BGR,ME,ANE,EN,Combined TRACON& Tower with Radar,14,21,18,34,87,0,3,26,26,55,14,24,44,60,142,42,26,68,210
12/04/2020,BGR,ME,ANE,EN,Combined TRACON& Tower with Radar,14,13,16,16,59,0,0,22,4,26,14,13,38,20,85,30,0,30,115
12/05/2020,BGR,ME,ANE,EN,Combined TRACON& Tower with Radar,2,16,5,2,25,0,0,0,0,0,2,16,5,2,25,0,0,0,25
12/06/2020,BGR,ME,ANE,EN,Combined TRACON& Tower with Radar,12,7,6,2,27,0,0,0,0,0,12,7,6,2,27,0,0,0,27
12/07/2020,BGR,ME,ANE,EN,Combined TRACON& Tower with Radar,14,10,8,36,68,0,3,12,3,18,14,13,20,39,86,18,30,48,134
12/08/2020,BGR,ME,ANE,EN,Combined TRACON& Tower with Radar,9,18,4,17,48,0,5,2,5,12,9,23,6,22,60,0,38,38,98
12/09/2020,BGR,ME,ANE,EN,Combined TRACON& Tower with Radar,5,17,27,20,69,0,2,13,2,17,5,19,40,22,86,18,0,18,104
12/10/2020,BGR,ME,ANE,EN,Combined TRACON& Tower with Radar,14,21,19,22,76,0,1,16,24,41,14,22,35,46,117,30,30,60,177
12/11/2020,BGR,ME,ANE,EN,Combined TRACON& Tower with Radar,14,24,14,31,83,0,1,30,9,40,14,25,44,40,123,20,0,20,143
12/12/2020,BGR,ME,ANE,EN,Combined TRACON& Tower with Radar,2,16,11,2,31,0,0,10,0,10,2,16,21,2,41,0,0,0,41
12/13/2020,BGR,ME,ANE,EN,Combined TRACON& Tower with Radar,12,9,8,4,33,0,0,0,0,0,12,9,8,4,33,0,0,0,33
12/14/2020,BGR,ME,ANE,EN,Combined TRACON& Tower with Radar,13,13,14,33,73,0,1,6,5,12,13,14,20,38,85,0,0,0,85
12/15/2020,BGR,ME,ANE,EN,Combined TRACON& Tower with Radar,9,22,7,31,69,0,2,7,17,26,9,24,14,48,95,0,20,20,115
12/16/2020,BGR,ME,ANE,EN,Combined TRACON& Tower with Radar,12,22,14,56,104,0,3,13,11,27,12,25,27,67,131,20,2,22,153
12/17/2020,BGR,ME,ANE,EN,Combined TRACON& Tower with Radar,12,28,8,14,62,0,0,0,1,1,12,28,8,15,63,0,8,8,71
12/18/2020,BGR,ME,ANE,EN,Combined TRACON& Tower with Radar,12,20,16,20,68,0,5,16,7,28,12,25,32,27,96,30,22,52,148
12/19/2020,BGR,ME,ANE,EN,Combined TRACON& Tower with Radar,11,20,16,10,57,0,3,20,0,23,11,23,36,10,80,10,0,10,90
12/20/2020,BGR,ME,ANE,EN,Combined TRACON& Tower with Radar,11,11,5,0,27,0,1,10,0,11,11,12,15,0,38,10,0,10,48
12/21/2020,BGR,ME,ANE,EN,Combined TRACON& Tower with Radar,18,21,12,12,63,0,0,0,0,0,18,21,12,12,63,0,0,0,63
12/22/2020,BGR,ME,ANE,EN,Combined TRACON& Tower with Radar,18,21,9,34,82,0,3,4,3,10,18,24,13,37,92,10,8,18,110
12/23/2020,BGR,ME,ANE,EN,Combined TRACON& Tower with Radar,12,25,16,40,93,0,5,18,2,25,12,30,34,42,118,8,18,26,144
12/24/2020,BGR,ME,ANE,EN,Combined TRACON& Tower with Radar,11,16,1,2,30,0,4,0,0,4,11,20,1,2,34,2,0,2,36
12/25/2020,BGR,ME,ANE,EN,Combined TRACON& Tower with Radar,5,4,0,1,10,0,0,0,0,0,5,4,0,1,10,0,0,0,10
12/26/2020,BGR,ME,ANE,EN,Combined TRACON& Tower with Radar,12,13,11,2,38,0,4,4,0,8,12,17,15,2,46,0,0,0,46
12/27/2020,BGR,ME,ANE,EN,Combined TRACON& Tower with Radar,10,14,14,3,41,0,1,16,0,17,10,15,30,3,58,6,0,6,64
12/28/2020,BGR,ME,ANE,EN,Combined TRACON& Tower with Radar,12,12,4,22,50,0,5,3,1,9,12,17,7,23,59,0,0,0,59
12/29/2020,BGR,ME,ANE,EN,Combined TRACON& Tower with Radar,14,16,14,26,70,0,3,4,16,23,14,19,18,42,93,0,4,4,97
12/30/2020,BGR,ME,ANE,EN,Combined TRACON& Tower with Radar,12,18,13,28,71,0,2,23,11,36,12,20,36,39,107,14,4,18,125
12/31/2020,BGR,ME,ANE,EN,Combined TRACON& Tower with Radar,10,14,4,0,28,0,2,1,0,3,10,16,5,0,31,0,0,0,31
01/01/2021,BGR,ME,ANE,EN,Combined TRACON& Tower with Radar,7,7,6,2,22,0,4,16,0,20,7,11,22,2,42,16,0,16,58
01/02/2021,BGR,ME,ANE,EN,Combined TRACON& Tower with Radar,13,16,5,1,35,0,1,0,0,1,13,17,5,1,36,0,0,0,36
01/03/2021,BGR,ME,ANE,EN,Combined TRACON& Tower with Radar,11,10,16,2,39,0,2,2,0,4,11,12,18,2,43,38,0,38,81
01/04/2021,BGR,ME,ANE,EN,Combined TRACON& Tower with Radar,14,13,13,19,59,0,2,0,0,2,14,15,13,19,61,0,0,0,61
01/05/2021,BGR,ME,ANE,EN,Combined TRACON& Tower with Radar,4,16,1,20,41,0,0,0,0,0,4,16,1,20,41,0,0,0,41
01/06/2021,BGR,ME,ANE,EN,Combined TRACON& Tower with Radar,7,15,8,36,66,0,2,1,10,13,7,17,9,46,79,0,4,4,83
01/07/2021,BGR,ME,ANE,EN,Combined TRACON& Tower with Radar,3,18,5,34,60,0,0,20,11,31,3,18,25,45,91,24,10,34,125
01/08/2021,BGR,ME,ANE,EN,Combined TRACON& Tower with Radar,4,20,9,27,60,0,2,12,14,28,4,22,21,41,88,12,18,30,118
01/09/2021,BGR,ME,ANE,EN,Combined TRACON& Tower with Radar,4,17,11,16,48,0,4,5,27,36,4,21,16,43,84,0,0,0,84
01/10/2021,BGR,ME,ANE,EN,Combined TRACON& Tower with Radar,4,16,13,1,34,0,4,13,0,17,4,20,26,1,51,0,0,0,51
01/11/2021,BGR,ME,ANE,EN,Combined TRACON& Tower with Radar,4,15,20,27,66,0,4,18,16,38,4,19,38,43,104,34,4,38,142
01/12/2021,BGR,ME,ANE,EN,Combined TRACON& Tower with Radar,2,17,4,39,62,0,2,5,19,26,2,19,9,58,88,2,24,26,114
01/13/2021,BGR,ME,ANE,EN,Combined TRACON& Tower with Radar,5,16,8,22,51,0,0,25,17,42,5,16,33,39,93,16,8,24,117
01/14/2021,BGR,ME,ANE,EN,Combined TRACON& Tower with Radar,9,26,15,42,92,1,3,17,22,43,10,29,32,64,135,6,22,28,163
01/15/2021,BGR,ME,ANE,EN,Combined TRACON& Tower with Radar,4,24,11,18,57,0,0,25,2,27,4,24,36,20,84,24,4,28,112
01/16/2021,BGR,ME,ANE,EN,Combined TRACON& Tower with Radar,4,19,5,10,38,0,0,0,0,0,4,19,5,10,38,0,0,0,38
01/17/2021,BGR,ME,ANE,EN,Combined TRACON& Tower with Radar,2,12,4,10,28,0,2,0,0,2,2,14,4,10,30,0,0,0,30
01/18/2021,BGR,ME,ANE,EN,Combined TRACON& Tower with Radar,4,22,7,11,44,0,6,7,0,13,4,28,14,11,57,4,0,4,61
01/19/2021,BGR,ME,ANE,EN,Combined TRACON& Tower with Radar,3,20,3,46,72,0,6,14,18,38,3,26,17,64,110,6,22,28,138
01/20/2021,BGR,ME,ANE,EN,Combined TRACON& Tower with Radar,4,11,8,46,69,0,5,15,14,34,4,16,23,60,103,8,28,36,139
01/21/2021,BGR,ME,ANE,EN,Combined TRACON& Tower with Radar,5,19,22,39,85,0,6,16,18,40,5,25,38,57,125,26,2,28,153
01/22/2021,BGR,ME,ANE,EN,Combined TRACON& Tower with Radar,4,26,8,41,79,0,2,10,5,17,4,28,18,46,96,6,8,14,110
01/23/2021,BGR,ME,ANE,EN,Combined TRACON& Tower with Radar,6,20,13,15,54,0,0,5,1,6,6,20,18,16,60,0,0,0,60
01/24/2021,BGR,ME,ANE,EN,Combined TRACON& Tower with Radar,2,16,6,21,45,0,2,5,4,11,2,18,11,25,56,26,0,26,82
01/25/2021,BGR,ME,ANE,EN,Combined TRACON& Tower with Radar,4,21,13,20,58,0,3,17,16,36,4,24,30,36,94,0,0,0,94
01/26/2021,BGR,ME,ANE,EN,Combined TRACON& Tower with Radar,3,16,14,41,74,0,0,29,20,49,3,16,43,61,123,34,16,50,173
01/27/2021,BGR,ME,ANE,EN,Combined TRACON& Tower with Radar,5,15,17,26,63,0,2,3,5,10,5,17,20,31,73,2,6,8,81
01/28/2021,BGR,ME,ANE,EN,Combined TRACON& Tower with Radar,2,23,15,23,63,0,2,14,5,21,2,25,29,28,84,30,4,34,118
01/29/2021,BGR,ME,ANE,EN,Combined TRACON& Tower with Radar,5,23,9,19,56,0,2,0,0,2,5,25,9,19,58,0,0,0,58
01/30/2021,BGR,ME,ANE,EN,Combined TRACON& Tower with Radar,5,21,7,16,49,0,4,9,0,13,5,25,16,16,62,12,0,12,74
01/31/2021,BGR,ME,ANE,EN,Combined TRACON& Tower with Radar,6,15,13,12,46,0,7,41,1,49,6,22,54,13,95,22,0,22,117
02/01/2021,BGR,ME,ANE,EN,Combined TRACON& Tower with Radar,8,16,6,20,50,0,3,4,0,7,8,19,10,20,57,0,0,0,57
02/02/2021,BGR,ME,ANE,EN,Combined TRACON& Tower with Radar,3,8,2,0,13,0,0,0,0,0,3,8,2,0,13,0,0,0,13
02/03/2021,BGR,ME,ANE,EN,Combined TRACON& Tower with Radar,8,18,3,8,37,0,0,0,0,0,8,18,3,8,37,0,0,0,37
02/04/2021,BGR,ME,ANE,EN,Combined TRACON& Tower with Radar,2,24,12,49,87,0,3,15,18,36,2,27,27,67,123,32,2,34,157
02/05/2021,BGR,ME,ANE,EN,Combined TRACON& Tower with Radar,4,23,8,24,59,0,3,10,0,13,4,26,18,24,72,22,0,22,94
02/06/2021,BGR,ME,ANE,EN,Combined TRACON& Tower with Radar,4,22,14,7,47,0,2,13,0,15,4,24,27,7,62,0,0,0,62
02/07/2021,BGR,ME,ANE,EN,Combined TRACON& Tower with Radar,4,15,5,2,26,0,2,11,0,13,4,17,16,2,39,38,0,38,77
02/08/2021,BGR,ME,ANE,EN,Combined TRACON& Tower with Radar,4,27,11,15,57,0,3,6,11,20,4,30,17,26,77,10,10,20,97
02/09/2021,BGR,ME,ANE,EN,Combined TRACON& Tower with Radar,2,17,6,27,52,0,1,5,3,9,2,18,11,30,61,22,6,28,89
02/10/2021,BGR,ME,ANE,EN,Combined TRACON& Tower with Radar,5,18,6,26,55,0,5,11,17,33,5,23,17,43,88,0,0,0,88
02/11/2021,BGR,ME,ANE,EN,Combined TRACON& Tower with Radar,11,25,22,24,82,0,3,9,14,26,11,28,31,38,108,14,4,18,126
02/12/2021,BGR,ME,ANE,EN,Combined TRACON& Tower with Radar,6,32,20,8,66,0,4,25,0,29,6,36,45,8,95,22,0,22,117
02/13/2021,BGR,ME,ANE,EN,Combined TRACON& Tower with Radar,6,19,8,14,47,0,3,29,0,32,6,22,37,14,79,40,0,40,119
02/14/2021,BGR,ME,ANE,EN,Combined TRACON& Tower with Radar,10,15,5,13,43,0,4,2,0,6,10,19,7,13,49,18,0,18,67
02/15/2021,BGR,ME,ANE,EN,Combined TRACON& Tower with Radar,8,14,8,11,41,0,4,15,5,24,8,18,23,16,65,0,12,12,77
02/16/2021,BGR,ME,ANE,EN,Combined TRACON& Tower with Radar,2,7,1,2,12,0,0,0,0,0,2,7,1,2,12,0,0,0,12
02/17/2021,BGR,ME,ANE,EN,Combined TRACON& Tower with Radar,6,13,11,18,48,0,5,8,7,20,6,18,19,25,68,0,0,0,68
02/18/2021,BGR,ME,ANE,EN,Combined TRACON& Tower with Radar,6,16,4,27,53,0,4,22,16,42,6,20,26,43,95,32,4,36,131
02/19/2021,BGR,ME,ANE,EN,Combined TRACON& Tower with Radar,8,24,4,18,54,0,1,4,6,11,8,25,8,24,65,16,22,38,103
02/20/2021,BGR,ME,ANE,EN,Combined TRACON& Tower with Radar,8,22,9,9,48,0,2,23,4,29,8,24,32,13,77,54,0,54,131
02/21/2021,BGR,ME,ANE,EN,Combined TRACON& Tower with Radar,4,15,14,13,46,0,3,34,2,39,4,18,48,15,85,60,0,60,145
02/22/2021,BGR,ME,ANE,EN,Combined TRACON& Tower with Radar,8,19,9,35,71,0,0,4,5,9,8,19,13,40,80,0,0,0,80
02/23/2021,BGR,ME,ANE,EN,Combined TRACON& Tower with Radar,4,19,14,25,62,0,2,17,16,35,4,21,31,41,97,16,44,60,157
02/24/2021,BGR,ME,ANE,EN,Combined TRACON& Tower with Radar,10,16,10,34,70,0,1,29,13,43,10,17,39,47,113,22,12,34,147
02/25/2021,BGR,ME,ANE,EN,Combined TRACON& Tower with Radar,4,25,12,21,62,0,3,10,9,22,4,28,22,30,84,8,34,42,126
02/26/2021,BGR,ME,ANE,EN,Combined TRACON& Tower with Radar,7,24,9,32,72,0,7,13,15,35,7,31,22,47,107,10,14,24,131
02/27/2021,BGR,ME,ANE,EN,Combined TRACON& Tower with Radar,8,17,14,4,43,0,2,5,0,7,8,19,19,4,50,4,0,4,54
02/28/2021,BGR,ME,ANE,EN,Combined TRACON& Tower with Radar,9,19,4,6,38,0,1,21,0,22,9,20,25,6,60,12,0,12,72
03/01/2021,BGR,ME,ANE,EN,Combined TRACON& Tower with Radar,5,19,4,5,33,0,0,0,0,0,5,19,4,5,33,0,0,0,33
03/02/2021,BGR,ME,ANE,EN,Combined TRACON& Tower with Radar,8,16,6,8,38,0,1,0,0,1,8,17,6,8,39,0,0,0,39
03/03/2021,BGR,ME,ANE,EN,Combined TRACON& Tower with Radar,10,14,13,45,82,0,3,14,16,33,10,17,27,61,115,2,46,48,163
03/04/2021,BGR,ME,ANE,EN,Combined TRACON& Tower with Radar,12,21,7,30,70,1,0,12,5,18,13,21,19,35,88,0,0,0,88
03/05/2021,BGR,ME,ANE,EN,Combined TRACON& Tower with Radar,13,20,3,22,58,0,0,7,7,14,13,20,10,29,72,4,18,22,94
03/06/2021,BGR,ME,ANE,EN,Combined TRACON& Tower with Radar,13,16,11,11,51,0,4,9,15,28,13,20,20,26,79,6,6,12,91
03/07/2021,BGR,ME,ANE,EN,Combined TRACON& Tower with Radar,11,17,19,4,51,0,3,26,0,29,11,20,45,4,80,14,0,14,94
03/08/2021,BGR,ME,ANE,EN,Combined TRACON& Tower with Radar,13,19,9,44,85,0,5,16,8,29,13,24,25,52,114,0,28,28,142
03/09/2021,BGR,ME,ANE,EN,Combined TRACON& Tower with Radar,6,22,11,42,81,0,3,6,15,24,6,25,17,57,105,8,10,18,123
03/10/2021,BGR,ME,ANE,EN,Combined TRACON& Tower with Radar,12,18,17,37,84,0,1,19,14,34,12,19,36,51,118,0,2,2,120
03/11/2021,BGR,ME,ANE,EN,Combined TRACON& Tower with Radar,8,22,7,27,64,0,0,23,14,37,8,22,30,41,101,2,10,12,113
03/12/2021,BGR,ME,ANE,EN,Combined TRACON& Tower with Radar,11,18,4,16,49,0,0,4,9,13,11,18,8,25,62,0,0,0,62
03/13/2021,BGR,ME,ANE,EN,Combined TRACON& Tower with Radar,15,14,3,4,36,0,1,2,0,3,15,15,5,4,39,0,0,0,39
03/14/2021,BGR,ME,ANE,EN,Combined TRACON& Tower with Radar,8,14,4,9,35,0,0,0,0,0,8,14,4,9,35,0,0,0,35
03/15/2021,BGR,ME,ANE,EN,Combined TRACON& Tower with Radar,12,20,7,22,61,0,3,0,0,3,12,23,7,22,64,0,0,0,64
03/16/2021,BGR,ME,ANE,EN,Combined TRACON& Tower with Radar,10,19,5,35,69,0,4,21,22,47,10,23,26,57,116,4,18,22,138
03/17/2021,BGR,ME,ANE,EN,Combined TRACON& Tower with Radar,10,12,6,38,66,0,1,20,5,26,10,13,26,43,92,26,4,30,122
03/18/2021,BGR,ME,ANE,EN,Combined TRACON& Tower with Radar,10,24,14,40,88,0,2,10,20,32,10,26,24,60,120,4,10,14,134
03/19/2021,BGR,ME,ANE,EN,Combined TRACON& Tower with Radar,10,20,10,17,57,0,0,5,11,16,10,20,15,28,73,0,0,0,73
03/20/2021,BGR,ME,ANE,EN,Combined TRACON& Tower with Radar,13,14,20,6,53,0,1,22,6,29,13,15,42,12,82,6,12,18,100
03/21/2021,BGR,ME,ANE,EN,Combined TRACON& Tower with Radar,11,14,13,8,46,0,2,27,3,32,11,16,40,11,78,16,0,16,94
03/22/2021,BGR,ME,ANE,EN,Combined TRACON& Tower with Radar,12,15,7,19,53,0,1,14,9,24,12,16,21,28,77,38,0,38,115
03/23/2021,BGR,ME,ANE,EN,Combined TRACON& Tower with Radar,6,20,11,45,82,0,4,17,30,51,6,24,28,75,133,22,6,28,161
03/24/2021,BGR,ME,ANE,EN,Combined TRACON& Tower with Radar,10,21,10,49,90,0,2,13,14,29,10,23,23,63,119,8,22,30,149
03/25/2021,BGR,ME,ANE,EN,Combined TRACON& Tower with Radar,10,23,25,36,94,0,0,1,3,4,10,23,26,39,98,0,10,10,108
03/26/2021,BGR,ME,ANE,EN,Combined TRACON& Tower with Radar,10,24,12,3,49,0,0,0,0,0,10,24,12,3,49,0,0,0,49
03/27/2021,BGR,ME,ANE,EN,Combined TRACON& Tower with Radar,12,16,8,3,39,0,3,7,2,12,12,19,15,5,51,0,0,0,51
03/28/2021,BGR,ME,ANE,EN,Combined TRACON& Tower with Radar,10,18,10,9,47,0,0,0,0,0,10,18,10,9,47,0,0,0,47
03/29/2021,BGR,ME,ANE,EN,Combined TRACON& Tower with Radar,10,19,8,16,53,0,2,2,0,4,10,21,10,16,57,0,0,0,57
03/30/2021,BGR,ME,ANE,EN,Combined TRACON& Tower with Radar,10,26,20,45,101,0,2,33,25,60,10,28,53,70,161,16,20,36,197
03/31/2021,BGR,ME,ANE,EN,Combined TRACON& Tower with Radar,11,24,8,49,92,0,0,3,1,4,11,24,11,50,96,0,4,4,100
04/01/2021,BGR,ME,ANE,EN,Combined TRACON& Tower with Radar,12,27,5,38,82,0,1,0,1,2,12,28,5,39,84,0,0,0,84
04/02/2021,BGR,ME,ANE,EN,Combined TRACON& Tower with Radar,14,18,14,36,82,0,0,19,15,34,14,18,33,51,116,54,8,62,178
04/03/2021,BGR,ME,ANE,EN,Combined TRACON& Tower with Radar,16,15,13,6,50,0,0,42,2,44,16,15,55,8,94,46,0,46,140
04/04/2021,BGR,ME,ANE,EN,Combined TRACON& Tower with Radar,14,15,6,6,41,0,0,5,0,5,14,15,11,6,46,0,0,0,46
04/05/2021,BGR,ME,ANE,EN,Combined TRACON& Tower with Radar,15,23,12,26,76,0,4,2,0,6,15,27,14,26,82,0,0,0,82
04/06/2021,BGR,ME,ANE,EN,Combined TRACON& Tower with Radar,8,17,13,55,93,0,1,7,3,11,8,18,20,58,104,0,10,10,114
04/07/2021,BGR,ME,ANE,EN,Combined TRACON& Tower with Radar,13,18,11,21,63,0,1,7,10,18,13,19,18,31,81,0,10,10,91
04/08/2021,BGR,ME,ANE,EN,Combined TRACON& Tower with Radar,13,19,28,45,105,0,4,19,26,49,13,23,47,71,154,18,0,18,172
04/09/2021,BGR,ME,ANE,EN,Combined TRACON& Tower with Radar,12,18,24,22,76,0,0,49,0,49,12,18,73,22,125,58,0,58,183
04/10/2021,BGR,ME,ANE,EN,Combined TRACON& Tower with Radar,14,17,9,20,60,0,0,29,12,41,14,17,38,32,101,18,0,18,119
04/11/2021,BGR,ME,ANE,EN,Combined TRACON& Tower with Radar,14,12,20,18,64,0,0,11,2,13,14,12,31,20,77,22,0,22,99
04/12/2021,BGR,ME,ANE,EN,Combined TRACON& Tower with Radar,16,17,16,21,70,0,5,1,1,7,16,22,17,22,77,0,2,2,79
04/13/2021,BGR,ME,ANE,EN,Combined TRACON& Tower with Radar,10,19,8,48,85,0,3,19,15,37,10,22,27,63,122,12,32,44,166
04/14/2021,BGR,ME,ANE,EN,Combined TRACON& Tower with Radar,13,17,19,36,85,0,7,37,6,50,13,24,56,42,135,18,12,30,165
04/15/2021,BGR,ME,ANE,EN,Combined TRACON& Tower with Radar,15,34,17,47,113,0,7,31,26,64,15,41,48,73,177,14,32,46,223
04/16/2021,BGR,ME,ANE,EN,Combined TRACON& Tower with Radar,13,27,12,11,63,0,1,1,1,3,13,28,13,12,66,2,0,2,68
04/17/2021,BGR,ME,ANE,EN,Combined TRACON& Tower with Radar,15,19,12,5,51,0,2,0,0,2,15,21,12,5,53,0,0,0,53
04/18/2021,BGR,ME,ANE,EN,Combined TRACON& Tower with Radar,21,13,13,7,54,0,1,6,6,13,21,14,19,13,67,40,0,40,107
04/19/2021,BGR,ME,ANE,EN,Combined TRACON& Tower with Radar,12,18,10,35,75,0,4,12,9,25,12,22,22,44,100,10,26,36,136
04/20/2021,BGR,ME,ANE,EN,Combined TRACON& Tower with Radar,14,20,15,43,92,0,3,15,20,38,14,23,30,63,130,30,30,60,190
04/21/2021,BGR,ME,ANE,EN,Combined TRACON& Tower with Radar,12,17,16,32,77,0,0,6,8,14,12,17,22,40,91,0,12,12,103
04/22/2021,BGR,ME,ANE,EN,Combined TRACON& Tower with Radar,12,25,11,24,72,0,3,2,5,10,12,28,13,29,82,0,2,2,84
04/23/2021,BGR,ME,ANE,EN,Combined TRACON& Tower with Radar,14,20,6,29,69,0,2,2,9,13,14,22,8,38,82,2,0,2,84
04/24/2021,BGR,ME,ANE,EN,Combined TRACON& Tower with Radar,17,20,7,17,61,0,0,31,5,36,17,20,38,22,97,18,0,18,115
04/25/2021,BGR,ME,ANE,EN,Combined TRACON& Tower with Radar,15,18,15,19,67,0,2,9,1,12,15,20,24,20,79,10,0,10,89
04/26/2021,BGR,ME,ANE,EN,Combined TRACON& Tower with Radar,16,16,6,21,59,0,0,2,2,4,16,16,8,23,63,2,8,10,73
04/27/2021,BGR,ME,ANE,EN,Combined TRACON& Tower with Radar,11,22,8,48,89,0,1,25,20,46,11,23,33,68,135,14,24,38,173
04/28/2021,BGR,ME,ANE,EN,Combined TRACON& Tower with Radar,9,22,23,26,80,0,1,23,11,35,9,23,46,37,115,14,10,24,139
04/29/2021,BGR,ME,ANE,EN,Combined TRACON& Tower with Radar,11,19,14,64,108,0,0,15,11,26,11,19,29,75,134,0,20,20,154
04/30/2021,BGR,ME,ANE,EN,Combined TRACON& Tower with Radar,12,21,14,10,57,0,0,0,0,0,12,21,14,10,57,0,0,0,57
05/01/2021,BGR,ME,ANE,EN,Combined TRACON& Tower with Radar,8,13,8,22,51,0,3,8,0,11,8,16,16,22,62,4,0,4,66
05/02/2021,BGR,ME,ANE,EN,Combined TRACON& Tower with Radar,10,12,11,12,45,0,1,9,1,11,10,13,20,13,56,0,0,0,56
05/03/2021,BGR,ME,ANE,EN,Combined TRACON& Tower with Radar,12,13,14,38,77,0,0,20,8,28,12,13,34,46,105,36,18,54,159
05/04/2021,BGR,ME,ANE,EN,Combined TRACON& Tower with Radar,8,24,11,53,96,0,2,24,3,29,8,26,35,56,125,10,14,24,149
05/05/2021,BGR,ME,ANE,EN,Combined TRACON& Tower with Radar,10,22,13,47,92,0,1,0,0,1,10,23,13,47,93,0,0,0,93
05/06/2021,BGR,ME,ANE,EN,Combined TRACON& Tower with Radar,17,18,34,32,101,0,1,11,1,13,17,19,45,33,114,0,0,0,114
05/07/2021,BGR,ME,ANE,EN,Combined TRACON& Tower with Radar,20,21,16,24,81,0,0,26,0,26,20,21,42,24,107,0,0,0,107
05/08/2021,BGR,ME,ANE,EN,Combined TRACON& Tower with Radar,21,18,8,12,59,0,2,9,1,12,21,20,17,13,71,28,0,28,99
05/09/2021,BGR,ME,ANE,EN,Combined TRACON& Tower with Radar,19,16,21,9,65,0,0,17,0,17,19,16,38,9,82,0,0,0,82
05/10/2021,BGR,ME,ANE,EN,Combined TRACON& Tower with Radar,20,19,9,43,91,0,0,19,2,21,20,19,28,45,112,4,8,12,124
05/11/2021,BGR,ME,ANE,EN,Combined TRACON& Tower with Radar,16,17,15,38,86,0,0,7,6,13,16,17,22,44,99,22,2,24,123
05/12/2021,BGR,ME,ANE,EN,Combined TRACON& Tower with Radar,14,15,17,30,76,0,1,9,12,22,14,16,26,42,98,28,12,40,138
05/13/2021,BGR,ME,ANE,EN,Combined TRACON& Tower with Radar,19,22,10,53,104,0,4,24,26,54,19,26,34,79,158,12,12,24,182
05/14/2021,BGR,ME,ANE,EN,Combined TRACON& Tower with Radar,20,20,9,20,69,0,2,23,3,28,20,22,32,23,97,4,0,4,101
05/15/2021,BGR,ME,ANE,EN,Combined TRACON& Tower with Radar,25,18,11,11,65,0,0,27,5,32,25,18,38,16,97,0,0,0,97
05/16/2021,BGR,ME,ANE,EN,Combined TRACON& Tower with Radar,21,10,9,8,48,0,1,12,3,16,21,11,21,11,64,18,2,20,84
05/17/2021,BGR,ME,ANE,EN,Combined TRACON& Tower with Radar,26,19,12,33,90,0,2,18,13,33,26,21,30,46,123,14,26,40,163
05/18/2021,BGR,ME,ANE,EN,Combined TRACON& Tower with Radar,16,18,14,31,79,0,0,19,20,39,16,18,33,51,118,10,18,28,146
05/19/2021,BGR,ME,ANE,EN,Combined TRACON& Tower with Radar,15,20,22,26,83,0,0,24,15,39,15,20,46,41,122,0,6,6,128
05/20/2021,BGR,ME,ANE,EN,Combined TRACON& Tower with Radar,18,21,7,48,94,0,2,36,15,53,18,23,43,63,147,10,12,22,169
05/21/2021,BGR,ME,ANE,EN,Combined TRACON& Tower with Radar,19,20,12,24,75,0,1,10,1,12,19,21,22,25,87,8,8,16,103
05/22/2021,BGR,ME,ANE,EN,Combined TRACON& Tower with Radar,23,19,5,2,49,0,0,5,2,7,23,19,10,4,56,20,0,20,76
05/23/2021,BGR,ME,ANE,EN,Combined TRACON& Tower with Radar,19,16,9,3,47,0,0,0,0,0,19,16,9,3,47,12,0,12,59
05/24/2021,BGR,ME,ANE,EN,Combined TRACON& Tower with Radar,22,19,15,40,96,0,1,29,3,33,22,20,44,43,129,8,32,40,169
05/25/2021,BGR,ME,ANE,EN,Combined TRACON& Tower with Radar,16,17,22,20,75,0,6,25,7,38,16,23,47,27,113,4,10,14,127
05/26/2021,BGR,ME,ANE,EN,Combined TRACON& Tower with Radar,15,21,19,28,83,0,1,11,12,24,15,22,30,40,107,6,4,10,117
05/27/2021,BGR,ME,ANE,EN,Combined TRACON& Tower with Radar,22,25,21,18,86,0,3,28,5,36,22,28,49,23,122,10,6,16,138
05/28/2021,BGR,ME,ANE,EN,Combined TRACON& Tower with Radar,22,16,27,16,81,0,0,24,1,25,22,16,51,17,106,30,2,32,138
05/29/2021,BGR,ME,ANE,EN,Combined TRACON& Tower with Radar,24,19,9,6,58,0,3,12,0,15,24,22,21,6,73,14,0,14,87
05/30/2021,BGR,ME,ANE,EN,Combined TRACON& Tower with Radar,17,16,3,6,42,0,1,8,0,9,17,17,11,6,51,0,0,0,51
05/31/2021,BGR,ME,ANE,EN,Combined TRACON& Tower with Radar,19,16,10,5,50,0,0,0,0,0,19,16,10,5,50,0,0,0,50
06/01/2021,BGR,ME,ANE,EN,Combined TRACON& Tower with Radar,18,25,20,45,108,0,0,15,13,28,18,25,35,58,136,18,8,26,162
06/02/2021,BGR,ME,ANE,EN,Combined TRACON& Tower with Radar,14,26,14,37,91,0,1,25,16,42,14,27,39,53,133,6,20,26,159
06/03/2021,BGR,ME,ANE,EN,Combined TRACON& Tower with Radar,29,26,10,22,87,0,0,3,6,9,29,26,13,28,96,0,8,8,104
06/04/2021,BGR,ME,ANE,EN,Combined TRACON& Tower with Radar,34,29,19,8,90,0,3,9,12,24,34,32,28,20,114,10,0,10,124
06/05/2021,BGR,ME,ANE,EN,Combined TRACON& Tower with Radar,44,16,10,10,80,0,3,24,12,39,44,19,34,22,119,24,0,24,143
06/06/2021,BGR,ME,ANE,EN,Combined TRACON& Tower with Radar,36,9,10,25,80,0,0,21,4,25,36,9,31,29,105,18,0,18,123
06/07/2021,BGR,ME,ANE,EN,Combined TRACON& Tower with Radar,40,24,8,24,96,0,2,20,11,33,40,26,28,35,129,0,10,10,139
06/08/2021,BGR,ME,ANE,EN,Combined TRACON& Tower with Radar,37,19,12,37,105,0,2,23,24,49,37,21,35,61,154,0,10,10,164
06/09/2021,BGR,ME,ANE,EN,Combined TRACON& Tower with Radar,32,24,18,26,100,0,5,31,6,42,32,29,49,32,142,10,6,16,158
06/10/2021,BGR,ME,ANE,EN,Combined TRACON& Tower with Radar,35,19,21,46,121,0,3,28,14,45,35,22,49,60,166,0,2,2,168
06/11/2021,BGR,ME,ANE,EN,Combined TRACON& Tower with Radar,42,21,17,20,100,0,0,14,9,23,42,21,31,29,123,12,12,24,147
06/12/2021,BGR,ME,ANE,EN,Combined TRACON& Tower with Radar,43,20,13,5,81,0,4,12,1,17,43,24,25,6,98,0,0,0,98
06/13/2021,BGR,ME,ANE,EN,Combined TRACON& Tower with Radar,34,14,19,10,77,0,0,24,4,28,34,14,43,14,105,26,8,34,139
06/14/2021,BGR,ME,ANE,EN,Combined TRACON& Tower with Radar,37,23,9,43,112,0,1,5,4,10,37,24,14,47,122,8,0,8,130
06/15/2021,BGR,ME,ANE,EN,Combined TRACON& Tower with Radar,39,21,8,41,109,0,0,0,1,1,39,21,8,42,110,0,2,2,112
06/16/2021,BGR,ME,ANE,EN,Combined TRACON& Tower with Radar,32,25,28,33,118,0,3,25,14,42,32,28,53,47,160,2,0,2,162
06/17/2021,BGR,ME,ANE,EN,Combined TRACON& Tower with Radar,38,16,22,45,121,0,1,27,19,47,38,17,49,64,168,0,0,0,168
06/18/2021,BGR,ME,ANE,EN,Combined TRACON& Tower with Radar,42,20,19,25,106,0,0,27,2,29,42,20,46,27,135,18,4,22,157
06/19/2021,BGR,ME,ANE,EN,Combined TRACON& Tower with Radar,46,20,26,1,93,0,1,5,0,6,46,21,31,1,99,0,0,0,99
06/20/2021,BGR,ME,ANE,EN,Combined TRACON& Tower with Radar,36,18,22,10,86,0,1,24,2,27,36,19,46,12,113,16,6,22,135
06/21/2021,BGR,ME,ANE,EN,Combined TRACON& Tower with Radar,40,17,18,16,91,0,0,9,4,13,40,17,27,20,104,2,0,2,106
06/22/2021,BGR,ME,ANE,EN,Combined TRACON& Tower with Radar,36,28,22,24,110,0,1,5,1,7,36,29,27,25,117,10,6,16,133
06/23/2021,BGR,ME,ANE,EN,Combined TRACON& Tower with Radar,35,21,23,40,119,0,2,20,10,32,35,23,43,50,151,20,14,34,185
06/24/2021,BGR,ME,ANE,EN,Combined TRACON& Tower with Radar,35,23,16,39,113,0,2,26,24,52,35,25,42,63,165,0,14,14,179
06/25/2021,BGR,ME,ANE,EN,Combined TRACON& Tower with Radar,42,27,27,30,126,0,0,7,2,9,42,27,34,32,135,26,0,26,161
06/26/2021,BGR,ME,ANE,EN,Combined TRACON& Tower with Radar,44,21,14,6,85,0,1,3,0,4,44,22,17,6,89,4,0,4,93
06/27/2021,BGR,ME,ANE,EN,Combined TRACON& Tower with Radar,35,10,21,2,68,0,4,4,0,8,35,14,25,2,76,0,0,0,76
06/28/2021,BGR,ME,ANE,EN,Combined TRACON& Tower with Radar,42,16,20,17,95,0,1,11,7,19,42,17,31,24,114,0,28,28,142
06/29/2021,BGR,ME,ANE,EN,Combined TRACON& Tower with Radar,36,15,25,32,108,0,6,21,13,40,36,21,46,45,148,8,6,14,162
06/30/2021,BGR,ME,ANE,EN,Combined TRACON& Tower with Radar,37,20,29,16,102,0,3,9,8,20,37,23,38,24,122,20,10,30,152
07/01/2021,BGR,ME,ANE,EN,Combined TRACON& Tower with Radar,37,27,29,46,139,0,0,14,8,22,37,27,43,54,161,38,14,52,213
07/02/2021,BGR,ME,ANE,EN,Combined TRACON& Tower with Radar,43,24,33,10,110,0,1,1,0,2,43,25,34,10,112,0,0,0,112
07/03/2021,BGR,ME,ANE,EN,Combined TRACON& Tower with Radar,49,15,24,5,93,0,3,2,0,5,49,18,26,5,98,2,0,2,100
07/04/2021,BGR,ME,ANE,EN,Combined TRACON& Tower with Radar,34,15,8,3,60,0,2,0,0,2,34,17,8,3,62,0,0,0,62
07/05/2021,BGR,ME,ANE,EN,Combined TRACON& Tower with Radar,41,19,29,8,97,0,1,25,0,26,41,20,54,8,123,6,0,6,129
07/06/2021,BGR,ME,ANE,EN,Combined TRACON& Tower with Radar,32,22,27,28,109,0,0,0,1,1,32,22,27,29,110,6,2,8,118
07/07/2021,BGR,ME,ANE,EN,Combined TRACON& Tower with Radar,37,27,18,51,133,0,5,39,9,53,37,32,57,60,186,44,14,58,244
07/08/2021,BGR,ME,ANE,EN,Combined TRACON& Tower with Radar,36,32,23,50,141,0,7,15,6,28,36,39,38,56,169,0,4,4,173
07/09/2021,BGR,ME,ANE,EN,Combined TRACON& Tower with Radar,36,32,15,17,100,0,0,0,0,0,36,32,15,17,100,0,0,0,100
07/10/2021,BGR,ME,ANE,EN,Combined TRACON& Tower with Radar,51,26,19,7,103,0,4,28,0,32,51,30,47,7,135,2,0,2,137
07/11/2021,BGR,ME,ANE,EN,Combined TRACON& Tower with Radar,36,29,13,2,80,0,1,19,0,20,36,30,32,2,100,0,0,0,100
07/12/2021,BGR,ME,ANE,EN,Combined TRACON& Tower with Radar,38,16,17,52,123,0,0,20,5,25,38,16,37,57,148,0,18,18,166
07/13/2021,BGR,ME,ANE,EN,Combined TRACON& Tower with Radar,43,19,18,49,129,0,0,24,22,46,43,19,42,71,175,16,0,16,191
07/14/2021,BGR,ME,ANE,EN,Combined TRACON& Tower with Radar,38,28,29,29,124,0,0,0,0,0,38,28,29,29,124,0,0,0,124
07/15/2021,BGR,ME,ANE,EN,Combined TRACON& Tower with Radar,34,26,33,46,139,0,0,19,9,28,34,26,52,55,167,4,4,8,175
07/16/2021,BGR,ME,ANE,EN,Combined TRACON& Tower with Radar,38,22,23,23,106,0,0,19,2,21,38,22,42,25,127,0,0,0,127
07/17/2021,BGR,ME,ANE,EN,Combined TRACON& Tower with Radar,48,21,29,6,104,0,0,19,0,19,48,21,48,6,123,14,0,14,137
07/18/2021,BGR,ME,ANE,EN,Combined TRACON& Tower with Radar,38,23,26,10,97,0,0,3,0,3,38,23,29,10,100,0,0,0,100
07/19/2021,BGR,ME,ANE,EN,Combined TRACON& Tower with Radar,42,28,34,41,145,0,1,3,0,4,42,29,37,41,149,0,0,0,149
07/20/2021,BGR,ME,ANE,EN,Combined TRACON& Tower with Radar,34,39,14,39,126,0,1,18,4,23,34,40,32,43,149,0,0,0,149
07/21/2021,BGR,ME,ANE,EN,Combined TRACON& Tower with Radar,36,17,34,31,118,0,1,2,1,4,36,18,36,32,122,0,0,0,122
07/22/2021,BGR,ME,ANE,EN,Combined TRACON& Tower with Radar,38,15,37,65,155,0,5,31,25,61,38,20,68,90,216,0,6,6,222
07/23/2021,BGR,ME,ANE,EN,Combined TRACON& Tower with Radar,37,16,26,32,111,0,1,28,8,37,37,17,54,40,148,4,0,4,152
07/24/2021,BGR,ME,ANE,EN,Combined TRACON& Tower with Radar,49,24,25,5,103,0,1,40,0,41,49,25,65,5,144,26,0,26,170
07/25/2021,BGR,ME,ANE,EN,Combined TRACON& Tower with Radar,36,12,18,4,70,0,0,0,0,0,36,12,18,4,70,0,0,0,70
07/26/2021,BGR,ME,ANE,EN,Combined TRACON& Tower with Radar,35,18,29,48,130,0,0,8,4,12,35,18,37,52,142,12,2,14,156
07/27/2021,BGR,ME,ANE,EN,Combined TRACON& Tower with Radar,37,23,19,28,107,0,0,20,4,24,37,23,39,32,131,4,0,4,135
07/28/2021,BGR,ME,ANE,EN,Combined TRACON& Tower with Radar,34,27,24,32,117,0,0,31,8,39,34,27,55,40,156,18,0,18,174
07/29/2021,BGR,ME,ANE,EN,Combined TRACON& Tower with Radar,37,19,18,44,118,0,2,14,8,24,37,21,32,52,142,0,8,8,150
07/30/2021,BGR,ME,ANE,EN,Combined TRACON& Tower with Radar,39,44,19,22,124,0,2,4,2,8,39,46,23,24,132,0,10,10,142
07/31/2021,BGR,ME,ANE,EN,Combined TRACON& Tower with Radar,54,20,23,6,103,0,1,27,8,36,54,21,50,14,139,2,4,6,145
08/01/2021,BGR,ME,ANE,EN,Combined TRACON& Tower with Radar,35,13,25,17,90,0,1,37,16,54,35,14,62,33,144,8,14,22,166
08/02/2021,BGR,ME,ANE,EN,Combined TRACON& Tower with Radar,40,17,21,42,120,0,1,14,12,27,40,18,35,54,147,12,16,28,175
08/03/2021,BGR,ME,ANE,EN,Combined TRACON& Tower with Radar,36,27,31,55,149,0,0,31,29,60,36,27,62,84,209,2,10,12,221
08/04/2021,BGR,ME,ANE,EN,Combined TRACON& Tower with Radar,35,25,22,53,135,0,0,23,28,51,35,25,45,81,186,12,18,30,216
08/05/2021,BGR,ME,ANE,EN,Combined TRACON& Tower with Radar,40,26,15,39,120,0,0,0,0,0,40,26,15,39,120,0,0,0,120
08/06/2021,BGR,ME,ANE,EN,Combined TRACON& Tower with Radar,41,42,28,9,120,0,2,34,27,63,41,44,62,36,183,0,0,0,183
08/07/2021,BGR,ME,ANE,EN,Combined TRACON& Tower with Radar,53,18,16,5,92,0,1,21,27,49,53,19,37,32,141,10,6,16,157
08/08/2021,BGR,ME,ANE,EN,Combined TRACON& Tower with Radar,38,10,14,10,72,0,1,21,29,51,38,11,35,39,123,32,6,38,161
08/09/2021,BGR,ME,ANE,EN,Combined TRACON& Tower with Radar,36,20,26,40,122,0,2,7,16,25,36,22,33,56,147,0,6,6,153
08/10/2021,BGR,ME,ANE,EN,Combined TRACON& Tower with Radar,37,15,26,46,124,0,0,8,11,19,37,15,34,57,143,0,0,0,143
08/11/2021,BGR,ME,ANE,EN,Combined TRACON& Tower with Radar,31,19,18,44,112,0,1,0,0,1,31,20,18,44,113,0,0,0,113
08/12/2021,BGR,ME,ANE,EN,Combined TRACON& Tower with Radar,38,22,14,52,126,0,2,10,16,28,38,24,24,68,154,0,0,0,154
08/13/2021,BGR,ME,ANE,EN,Combined TRACON& Tower with Radar,34,29,21,34,118,0,2,20,17,39,34,31,41,51,157,6,18,24,181
08/14/2021,BGR,ME,ANE,EN,Combined TRACON& Tower with Radar,57,23,23,11,114,0,4,18,7,29,57,27,41,18,143,0,26,26,169
08/15/2021,BGR,ME,ANE,EN,Combined TRACON& Tower with Radar,37,11,18,18,84,0,2,33,11,46,37,13,51,29,130,10,0,10,140
08/16/2021,BGR,ME,ANE,EN,Combined TRACON& Tower with Radar,35,22,15,27,99,0,1,37,9,47,35,23,52,36,146,10,0,10,156
08/17/2021,BGR,ME,ANE,EN,Combined TRACON& Tower with Radar,39,25,15,41,120,0,2,39,15,56,39,27,54,56,176,6,0,6,182
08/18/2021,BGR,ME,ANE,EN,Combined TRACON& Tower with Radar,34,27,17,62,140,0,2,19,12,33,34,29,36,74,173,0,0,0,173
08/19/2021,BGR,ME,ANE,EN,Combined TRACON& Tower with Radar,41,24,24,50,139,0,0,11,11,22,41,24,35,61,161,0,6,6,167
08/20/2021,BGR,ME,ANE,EN,Combined TRACON& Tower with Radar,41,30,31,28,130,0,1,21,6,28,41,31,52,34,158,0,4,4,162
08/21/2021,BGR,ME,ANE,EN,Combined TRACON& Tower with Radar,42,20,27,15,104,0,1,5,0,6,42,21,32,15,110,0,0,0,110
08/22/2021,BGR,ME,ANE,EN,Combined TRACON& Tower with Radar,41,12,20,10,83,0,0,3,0,3,41,12,23,10,86,4,0,4,90
08/23/2021,BGR,ME,ANE,EN,Combined TRACON& Tower with Radar,36,19,24,32,111,0,0,5,0,5,36,19,29,32,116,28,0,28,144
08/24/2021,BGR,ME,ANE,EN,Combined TRACON& Tower with Radar,32,26,27,40,125,0,5,19,25,49,32,31,46,65,174,0,0,0,174
08/25/2021,BGR,ME,ANE,EN,Combined TRACON& Tower with Radar,34,18,34,37,123,0,3,35,9,47,34,21,69,46,170,0,0,0,170
08/26/2021,BGR,ME,ANE,EN,Combined TRACON& Tower with Radar,39,20,33,39,131,0,3,28,5,36,39,23,61,44,167,16,0,16,183
08/27/2021,BGR,ME,ANE,EN,Combined TRACON& Tower with Radar,40,20,22,10,92,0,2,36,2,40,40,22,58,12,132,0,0,0,132
08/28/2021,BGR,ME,ANE,EN,Combined TRACON& Tower with Radar,44,20,32,7,103,0,1,37,2,40,44,21,69,9,143,6,0,6,149
08/29/2021,BGR,ME,ANE,EN,Combined TRACON& Tower with Radar,43,15,19,4,81,0,0,10,0,10,43,15,29,4,91,0,0,0,91
08/30/2021,BGR,ME,ANE,EN,Combined TRACON& Tower with Radar,40,14,11,39,104,0,1,3,1,5,40,15,14,40,109,4,6,10,119
08/31/2021,BGR,ME,ANE,EN,Combined TRACON& Tower with Radar,39,20,21,38,118,0,2,24,20,46,39,22,45,58,164,0,18,18,182
09/01/2021,BGR,ME,ANE,EN,Combined TRACON& Tower with Radar,34,24,31,41,130,0,3,22,7,32,34,27,53,48,162,2,4,6,168
09/02/2021,BGR,ME,ANE,EN,Combined TRACON& Tower with Radar,37,27,22,69,155,0,3,2,1,6,37,30,24,70,161,2,0,2,163
09/03/2021,BGR,ME,ANE,EN,Combined TRACON& Tower with Radar,39,18,25,45,127,0,3,12,4,19,39,21,37,49,146,0,4,4,150
09/04/2021,BGR,ME,ANE,EN,Combined TRACON& Tower with Radar,47,19,12,9,87,0,4,31,0,35,47,23,43,9,122,10,0,10,132
09/05/2021,BGR,ME,ANE,EN,Combined TRACON& Tower with Radar,40,16,23,3,82,0,2,24,1,27,40,18,47,4,109,6,0,6,115
09/06/2021,BGR,ME,ANE,EN,Combined TRACON& Tower with Radar,35,24,16,2,77,0,1,4,0,5,35,25,20,2,82,0,0,0,82
09/07/2021,BGR,ME,ANE,EN,Combined TRACON& Tower with Radar,39,27,29,36,131,0,3,28,15,46,39,30,57,51,177,16,12,28,205
09/08/2021,BGR,ME,ANE,EN,Combined TRACON& Tower with Radar,35,30,26,56,147,0,3,35,15,53,35,33,61,71,200,16,4,20,220
09/09/2021,BGR,ME,ANE,EN,Combined TRACON& Tower with Radar,40,22,26,33,121,0,2,0,0,2,40,24,26,33,123,0,0,0,123
09/10/2021,BGR,ME,ANE,EN,Combined TRACON& Tower with Radar,45,27,19,8,99,0,7,14,20,41,45,34,33,28,140,0,0,0,140
09/11/2021,BGR,ME,ANE,EN,Combined TRACON& Tower with Radar,31,21,24,24,100,0,2,28,24,54,31,23,52,48,154,0,0,0,154
09/12/2021,BGR,ME,ANE,EN,Combined TRACON& Tower with Radar,40,20,15,15,90,0,2,11,16,29,40,22,26,31,119,6,0,6,125
09/13/2021,BGR,ME,ANE,EN,Combined TRACON& Tower with Radar,38,15,23,37,113,0,5,27,2,34,38,20,50,39,147,30,4,34,181
09/14/2021,BGR,ME,ANE,EN,Combined TRACON& Tower with Radar,33,28,15,33,109,0,3,31,15,49,33,31,46,48,158,0,4,4,162
09/15/2021,BGR,ME,ANE,EN,Combined TRACON& Tower with Radar,29,16,21,29,95,0,0,0,0,0,29,16,21,29,95,0,0,0,95
09/16/2021,BGR,ME,ANE,EN,Combined TRACON& Tower with Radar,44,12,28,48,132,0,5,20,17,42,44,17,48,65,174,0,0,0,174
09/17/2021,BGR,ME,ANE,EN,Combined TRACON& Tower with Radar,35,12,34,30,111,0,0,16,8,24,35,12,50,38,135,12,0,12,147
09/18/2021,BGR,ME,ANE,EN,Combined TRACON& Tower with Radar,31,25,20,3,79,0,0,3,0,3,31,25,23,3,82,0,0,0,82
09/19/2021,BGR,ME,ANE,EN,Combined TRACON& Tower with Radar,40,6,19,11,76,0,2,36,0,38,40,8,55,11,114,14,0,14,128
09/20/2021,BGR,ME,ANE,EN,Combined TRACON& Tower with Radar,36,17,16,35,104,0,0,31,4,35,36,17,47,39,139,32,4,36,175
09/21/2021,BGR,ME,ANE,EN,Combined TRACON& Tower with Radar,28,27,21,44,120,0,1,31,12,44,28,28,52,56,164,12,4,16,180
09/22/2021,BGR,ME,ANE,EN,Combined TRACON& Tower with Radar,33,20,36,24,113,0,1,10,3,14,33,21,46,27,127,20,0,20,147
09/23/2021,BGR,ME,ANE,EN,Combined TRACON& Tower with Radar,37,20,27,10,94,0,2,9,13,24,37,22,36,23,118,12,0,12,130
09/24/2021,BGR,ME,ANE,EN,Combined TRACON& Tower with Radar,38,19,17,17,91,0,2,0,2,4,38,21,17,19,95,0,0,0,95
09/25/2021,BGR,ME,ANE,EN,Combined TRACON& Tower with Radar,34,25,11,10,80,0,1,2,0,3,34,26,13,10,83,0,0,0,83
09/26/2021,BGR,ME,ANE,EN,Combined TRACON& Tower with Radar,38,19,16,2,75,0,1,3,2,6,38,20,19,4,81,0,0,0,81
09/27/2021,BGR,ME,ANE,EN,Combined TRACON& Tower with Radar,36,14,21,6,77,0,1,28,1,30,36,15,49,7,107,16,0,16,123
09/28/2021,BGR,ME,ANE,EN,Combined TRACON& Tower with Radar,28,19,19,7,73,0,1,30,18,49,28,20,49,25,122,0,20,20,142
09/29/2021,BGR,ME,ANE,EN,Combined TRACON& Tower with Radar,29,26,18,3,76,0,1,26,7,34,29,27,44,10,110,14,0,14,124
09/30/2021,BGR,ME,ANE,EN,Combined TRACON& Tower with Radar,34,21,22,4,81,0,1,10,0,11,34,22,32,4,92,0,0,0,92
10/01/2021,BGR,ME,ANE,EN,Combined TRACON& Tower with Radar,40,18,21,20,99,0,3,17,5,25,40,21,38,25,124,0,2,2,126
10/02/2021,BGR,ME,ANE,EN,Combined TRACON& Tower with Radar,30,10,25,13,78,0,3,29,20,52,30,13,54,33,130,0,0,0,130
10/03/2021,BGR,ME,ANE,EN,Combined TRACON& Tower with Radar,37,20,20,9,86,0,0,21,9,30,37,20,41,18,116,0,0,0,116
10/04/2021,BGR,ME,ANE,EN,Combined TRACON& Tower with Radar,3,0,0,0,3,0,0,5,3,8,3,0,5,3,11,0,0,0,11
10/05/2021,BGR,ME,ANE,EN,Combined TRACON& Tower with Radar,0,0,0,0,0,0,3,1,13,17,0,3,1,13,17,0,0,0,17
10/06/2021,BGR,ME,ANE,EN,Combined TRACON& Tower with Radar,27,17,17,46,107,0,0,34,22,56,27,17,51,68,163,0,0,0,163
10/07/2021,BGR,ME,ANE,EN,Combined TRACON& Tower with Radar,31,19,34,33,117,0,5,34,10,49,31,24,68,43,166,6,10,16,182
10/08/2021,BGR,ME,ANE,EN,Combined TRACON& Tower with Radar,34,31,24,16,105,0,3,30,1,34,34,34,54,17,139,4,0,4,143
10/09/2021,BGR,ME,ANE,EN,Combined TRACON& Tower with Radar,39,14,17,7,77,0,2,29,0,31,39,16,46,7,108,20,0,20,128
10/10/2021,BGR,ME,ANE,EN,Combined TRACON& Tower with Radar,32,18,10,6,66,0,5,4,0,9,32,23,14,6,75,0,0,0,75
10/11/2021,BGR,ME,ANE,EN,Combined TRACON& Tower with Radar,32,12,24,9,77,0,0,18,0,18,32,12,42,9,95,0,0,0,95
10/12/2021,BGR,ME,ANE,EN,Combined TRACON& Tower with Radar,31,23,20,32,106,0,3,23,17,43,31,26,43,49,149,0,16,16,165
10/13/2021,BGR,ME,ANE,EN,Combined TRACON& Tower with Radar,32,17,14,61,124,0,0,24,5,29,32,17,38,66,153,0,12,12,165
10/14/2021,BGR,ME,ANE,EN,Combined TRACON& Tower with Radar,31,18,22,38,109,0,4,18,21,43,31,22,40,59,152,8,8,16,168
10/15/2021,BGR,ME,ANE,EN,Combined TRACON& Tower with Radar,34,25,26,18,103,0,0,5,0,5,34,25,31,18,108,0,0,0,108
10/16/2021,BGR,ME,ANE,EN,Combined TRACON& Tower with Radar,37,25,27,3,92,0,0,0,0,0,37,25,27,3,92,0,0,0,92
10/17/2021,BGR,ME,ANE,EN,Combined TRACON& Tower with Radar,33,17,21,14,85,0,0,16,1,17,33,17,37,15,102,0,0,0,102
10/18/2021,BGR,ME,ANE,EN,Combined TRACON& Tower with Radar,35,26,20,50,131,0,1,26,20,47,35,27,46,70,178,4,0,4,182
10/19/2021,BGR,ME,ANE,EN,Combined TRACON& Tower with Radar,31,22,10,29,92,0,4,16,17,37,31,26,26,46,129,0,2,2,131
10/20/2021,BGR,ME,ANE,EN,Combined TRACON& Tower with Radar,31,26,23,27,107,0,1,34,20,55,31,27,57,47,162,12,2,14,176
10/21/2021,BGR,ME,ANE,EN,Combined TRACON& Tower with Radar,36,36,29,28,129,0,5,18,12,35,36,41,47,40,164,4,2,6,170
10/22/2021,BGR,ME,ANE,EN,Combined TRACON& Tower with Radar,30,17,21,33,101,0,1,9,12,22,30,18,30,45,123,6,0,6,129
10/23/2021,BGR,ME,ANE,EN,Combined TRACON& Tower with Radar,35,18,24,20,97,0,2,20,0,22,35,20,44,20,119,0,0,0,119
10/24/2021,BGR,ME,ANE,EN,Combined TRACON& Tower with Radar,29,13,18,4,64,0,7,9,0,16,29,20,27,4,80,0,0,0,80
10/25/2021,BGR,ME,ANE,EN,Combined TRACON& Tower with Radar,29,17,12,37,95,0,0,2,2,4,29,17,14,39,99,0,6,6,105
10/26/2021,BGR,ME,ANE,EN,Combined TRACON& Tower with Radar,31,25,11,18,85,0,0,0,2,2,31,25,11,20,87,0,0,0,87
10/27/2021,BGR,ME,ANE,EN,Combined TRACON& Tower with Radar,31,23,16,13,83,0,4,5,0,9,31,27,21,13,92,0,0,0,92
10/28/2021,BGR,ME,ANE,EN,Combined TRACON& Tower with Radar,35,24,24,50,133,0,6,15,18,39,35,30,39,68,172,0,6,6,178
10/29/2021,BGR,ME,ANE,EN,Combined TRACON& Tower with Radar,26,17,21,21,85,0,1,32,13,46,26,18,53,34,131,10,8,18,149
10/30/2021,BGR,ME,ANE,EN,Combined TRACON& Tower with Radar,34,20,22,4,80,0,1,3,1,5,34,21,25,5,85,0,2,2,87
10/31/2021,BGR,ME,ANE,EN,Combined TRACON& Tower with Radar,28,8,12,8,56,0,1,0,0,1,28,9,12,8,57,0,0,0,57
11/01/2021,BGR,ME,ANE,EN,Combined TRACON& Tower with Radar,26,20,19,30,95,0,4,15,25,44,26,24,34,55,139,4,2,6,145
11/02/2021,BGR,ME,ANE,EN,Combined TRACON& Tower with Radar,15,19,15,19,68,0,7,35,21,63,15,26,50,40,131,28,0,28,159
11/03/2021,BGR,ME,ANE,EN,Combined TRACON& Tower with Radar,18,18,8,39,83,0,1,18,19,38,18,19,26,58,121,0,2,2,123
11/04/2021,BGR,ME,ANE,EN,Combined TRACON& Tower with Radar,21,17,13,11,62,0,2,27,18,47,21,19,40,29,109,2,14,16,125
11/05/2021,BGR,ME,ANE,EN,Combined TRACON& Tower with Radar,22,21,24,12,79,0,6,28,15,49,22,27,52,27,128,12,0,12,140
11/06/2021,BGR,ME,ANE,EN,Combined TRACON& Tower with Radar,26,22,18,12,78,0,2,27,19,48,26,24,45,31,126,30,0,30,156
11/07/2021,BGR,ME,ANE,EN,Combined TRACON& Tower with Radar,17,16,17,6,56,0,5,26,17,48,17,21,43,23,104,12,0,12,116
11/08/2021,BGR,ME,ANE,EN,Combined TRACON& Tower with Radar,19,18,19,24,80,0,6,12,4,22,19,24,31,28,102,4,4,8,110
11/09/2021,BGR,ME,ANE,EN,Combined TRACON& Tower with Radar,16,16,15,16,63,0,4,20,14,38,16,20,35,30,101,10,14,24,125
11/10/2021,BGR,ME,ANE,EN,Combined TRACON& Tower with Radar,14,26,16,48,104,0,3,8,6,17,14,29,24,54,121,0,8,8,129
11/11/2021,BGR,ME,ANE,EN,Combined TRACON& Tower with Radar,20,25,20,4,69,0,8,23,0,31,20,33,43,4,100,4,0,4,104
11/12/2021,BGR,ME,ANE,EN,Combined TRACON& Tower with Radar,19,21,13,14,67,0,2,0,0,2,19,23,13,14,69,0,0,0,69
11/13/2021,BGR,ME,ANE,EN,Combined TRACON& Tower with Radar,21,28,10,3,62,0,2,21,0,23,21,30,31,3,85,0,0,0,85
11/14/2021,BGR,ME,ANE,EN,Combined TRACON& Tower with Radar,21,19,19,10,69,0,6,6,0,12,21,25,25,10,81,0,0,0,81
11/15/2021,BGR,ME,ANE,EN,Combined TRACON& Tower with Radar,18,25,6,23,72,0,0,0,3,3,18,25,6,26,75,0,6,6,81
11/16/2021,BGR,ME,ANE,EN,Combined TRACON& Tower with Radar,16,25,19,29,89,0,1,6,22,29,16,26,25,51,118,4,40,44,162
11/17/2021,BGR,ME,ANE,EN,Combined TRACON& Tower with Radar,18,26,24,23,91,0,3,19,5,27,18,29,43,28,118,20,0,20,138
11/18/2021,BGR,ME,ANE,EN,Combined TRACON& Tower with Radar,17,26,17,20,80,0,0,0,0,0,17,26,17,20,80,0,0,0,80
11/19/2021,BGR,ME,ANE,EN,Combined TRACON& Tower with Radar,17,20,16,22,75,0,1,9,6,16,17,21,25,28,91,0,0,0,91
11/20/2021,BGR,ME,ANE,EN,Combined TRACON& Tower with Radar,17,21,11,29,78,0,13,27,10,50,17,34,38,39,128,0,6,6,134
11/21/2021,BGR,ME,ANE,EN,Combined TRACON& Tower with Radar,16,10,9,12,47,0,9,23,1,33,16,19,32,13,80,12,0,12,92
11/22/2021,BGR,ME,ANE,EN,Combined TRACON& Tower with Radar,14,16,14,23,67,0,3,0,1,4,14,19,14,24,71,0,2,2,73
11/23/2021,BGR,ME,ANE,EN,Combined TRACON& Tower with Radar,23,23,15,23,84,0,4,28,7,39,23,27,43,30,123,6,0,6,129
11/24/2021,BGR,ME,ANE,EN,Combined TRACON& Tower with Radar,16,24,11,23,74,0,4,2,8,14,16,28,13,31,88,6,8,14,102
11/25/2021,BGR,ME,ANE,EN,Combined TRACON& Tower with Radar,10,10,3,8,31,0,6,5,0,11,10,16,8,8,42,0,0,0,42
11/26/2021,BGR,ME,ANE,EN,Combined TRACON& Tower with Radar,6,23,0,4,33,0,0,2,0,2,6,23,2,4,35,0,0,0,35
11/27/2021,BGR,ME,ANE,EN,Combined TRACON& Tower with Radar,17,19,9,2,47,0,2,0,0,2,17,21,9,2,49,0,0,0,49
11/28/2021,BGR,ME,ANE,EN,Combined TRACON& Tower with Radar,16,20,21,4,61,0,6,29,0,35,16,26,50,4,96,40,0,40,136
11/29/2021,BGR,ME,ANE,EN,Combined TRACON& Tower with Radar,18,16,8,14,56,0,6,2,7,15,18,22,10,21,71,0,0,0,71
11/30/2021,BGR,ME,ANE,EN,Combined TRACON& Tower with Radar,17,27,15,27,86,0,3,22,21,46,17,30,37,48,132,6,0,6,138
12/01/2021,BGR,ME,ANE,EN,Combined TRACON& Tower with Radar,20,21,22,35,98,0,5,12,12,29,20,26,34,47,127,0,0,0,127
12/02/2021,BGR,ME,ANE,EN,Combined TRACON& Tower with Radar,24,17,21,13,75,0,1,1,0,2,24,18,22,13,77,4,0,4,81
12/03/2021,BGR,ME,ANE,EN,Combined TRACON& Tower with Radar,23,25,13,21,82,0,3,3,8,14,23,28,16,29,96,0,0,0,96
12/04/2021,BGR,ME,ANE,EN,Combined TRACON& Tower with Radar,15,20,17,9,61,0,1,20,22,43,15,21,37,31,104,0,0,0,104
12/05/2021,BGR,ME,ANE,EN,Combined TRACON& Tower with Radar,23,21,16,5,65,0,0,11,3,14,23,21,27,8,79,18,0,18,97
12/06/2021,BGR,ME,ANE,EN,Combined TRACON& Tower with Radar,20,15,14,11,60,0,0,0,0,0,20,15,14,11,60,0,0,0,60
12/07/2021,BGR,ME,ANE,EN,Combined TRACON& Tower with Radar,21,28,16,25,90,0,6,12,21,39,21,34,28,46,129,0,6,6,135
12/08/2021,BGR,ME,ANE,EN,Combined TRACON& Tower with Radar,20,17,20,19,76,0,0,0,0,0,20,17,20,19,76,0,0,0,76
12/09/2021,BGR,ME,ANE,EN,Combined TRACON& Tower with Radar,22,23,26,17,88,0,2,12,16,30,22,25,38,33,118,6,0,6,124
12/10/2021,BGR,ME,ANE,EN,Combined TRACON& Tower with Radar,20,20,5,28,73,0,2,1,1,4,20,22,6,29,77,0,0,0,77
12/11/2021,BGR,ME,ANE,EN,Combined TRACON& Tower with Radar,17,19,13,4,53,0,0,0,0,0,17,19,13,4,53,0,0,0,53
12/12/2021,BGR,ME,ANE,EN,Combined TRACON& Tower with Radar,22,11,16,5,54,0,7,2,0,9,22,18,18,5,63,0,0,0,63
12/13/2021,BGR,ME,ANE,EN,Combined TRACON& Tower with Radar,20,18,25,37,100,0,9,16,15,40,20,27,41,52,140,20,12,32,172
12/14/2021,BGR,ME,ANE,EN,Combined TRACON& Tower with Radar,21,20,12,34,87,0,9,10,18,37,21,29,22,52,124,0,4,4,128
12/15/2021,BGR,ME,ANE,EN,Combined TRACON& Tower with Radar,22,32,19,38,111,0,6,24,26,56,22,38,43,64,167,20,2,22,189
12/16/2021,BGR,ME,ANE,EN,Combined TRACON& Tower with Radar,17,16,13,3,49,0,0,0,0,0,17,16,13,3,49,0,0,0,49
12/17/2021,BGR,ME,ANE,EN,Combined TRACON& Tower with Radar,16,24,16,11,67,0,4,5,6,15,16,28,21,17,82,26,0,26,108
12/18/2021,BGR,ME,ANE,EN,Combined TRACON& Tower with Radar,12,20,19,2,53,0,6,11,0,17,12,26,30,2,70,0,0,0,70
12/19/2021,BGR,ME,ANE,EN,Combined TRACON& Tower with Radar,17,14,11,4,46,0,1,0,0,1,17,15,11,4,47,0,0,0,47
12/20/2021,BGR,ME,ANE,EN,Combined TRACON& Tower with Radar,21,22,30,24,97,0,1,36,0,37,21,23,66,24,134,46,2,48,182
12/21/2021,BGR,ME,ANE,EN,Combined TRACON& Tower with Radar,20,24,16,20,80,0,1,21,1,23,20,25,37,21,103,14,0,14,117
12/22/2021,BGR,ME,ANE,EN,Combined TRACON& Tower with Radar,19,20,7,3,49,0,0,0,0,0,19,20,7,3,49,0,0,0,49
12/23/2021,BGR,ME,ANE,EN,Combined TRACON& Tower with Radar,19,20,7,15,61,0,5,4,2,11,19,25,11,17,72,4,2,6,78
12/24/2021,BGR,ME,ANE,EN,Combined TRACON& Tower with Radar,16,36,5,13,70,0,4,13,0,17,16,40,18,13,87,4,0,4,91
12/25/2021,BGR,ME,ANE,EN,Combined TRACON& Tower with Radar,7,12,8,0,27,0,4,0,0,4,7,16,8,0,31,0,0,0,31
12/26/2021,BGR,ME,ANE,EN,Combined TRACON& Tower with Radar,18,17,13,1,49,0,3,7,0,10,18,20,20,1,59,2,0,2,61
12/27/2021,BGR,ME,ANE,EN,Combined TRACON& Tower with Radar,15,25,22,13,75,0,5,12,5,22,15,30,34,18,97,0,10,10,107
12/28/2021,BGR,ME,ANE,EN,Combined TRACON& Tower with Radar,13,21,6,9,49,0,0,0,1,1,13,21,6,10,50,2,4,6,56
12/29/2021,BGR,ME,ANE,EN,Combined TRACON& Tower with Radar,13,23,7,11,54,0,4,12,1,17,13,27,19,12,71,22,0,22,93
12/30/2021,BGR,ME,ANE,EN,Combined TRACON& Tower with Radar,15,26,9,7,57,0,0,0,0,0,15,26,9,7,57,0,0,0,57
12/31/2021,BGR,ME,ANE,EN,Combined TRACON& Tower with Radar,9,18,6,0,33,0,0,0,0,0,9,18,6,0,33,0,0,0,33
01/01/2022,BGR,ME,ANE,EN,Combined TRACON& Tower with Radar,7,9,8,0,24,0,0,0,0,0,7,9,8,0,24,0,0,0,24
01/02/2022,BGR,ME,ANE,EN,Combined TRACON& Tower with Radar,15,13,7,0,35,0,0,0,0,0,15,13,7,0,35,0,0,0,35
01/03/2022,BGR,ME,ANE,EN,Combined TRACON& Tower with Radar,14,29,25,25,93,0,1,12,2,15,14,30,37,27,108,0,0,0,108
01/04/2022,BGR,ME,ANE,EN,Combined TRACON& Tower with Radar,13,27,24,23,87,0,0,15,17,32,13,27,39,40,119,26,10,36,155
01/05/2022,BGR,ME,ANE,EN,Combined TRACON& Tower with Radar,20,24,5,10,59,0,0,1,1,2,20,24,6,11,61,0,0,0,61
01/06/2022,BGR,ME,ANE,EN,Combined TRACON& Tower with Radar,21,26,20,13,80,0,0,11,22,33,21,26,31,35,113,12,8,20,133
01/07/2022,BGR,ME,ANE,EN,Combined TRACON& Tower with Radar,15,10,9,2,36,0,0,0,0,0,15,10,9,2,36,0,0,0,36
01/08/2022,BGR,ME,ANE,EN,Combined TRACON& Tower with Radar,14,18,17,13,62,0,1,11,22,34,14,19,28,35,96,4,6,10,106
01/09/2022,BGR,ME,ANE,EN,Combined TRACON& Tower with Radar,20,8,4,0,32,0,0,0,0,0,20,8,4,0,32,0,0,0,32
01/10/2022,BGR,ME,ANE,EN,Combined TRACON& Tower with Radar,20,9,5,26,60,0,1,1,3,5,20,10,6,29,65,4,0,4,69
01/11/2022,BGR,ME,ANE,EN,Combined TRACON& Tower with Radar,17,23,17,26,83,0,10,4,4,18,17,33,21,30,101,4,14,18,119
01/12/2022,BGR,ME,ANE,EN,Combined TRACON& Tower with Radar,17,22,12,24,75,0,0,0,5,5,17,22,12,29,80,6,10,16,96
01/13/2022,BGR,ME,ANE,EN,Combined TRACON& Tower with Radar,20,22,7,16,65,0,1,16,19,36,20,23,23,35,101,0,18,18,119
01/14/2022,BGR,ME,ANE,EN,Combined TRACON& Tower with Radar,17,19,7,11,54,0,0,2,3,5,17,19,9,14,59,8,0,8,67
01/15/2022,BGR,ME,ANE,EN,Combined TRACON& Tower with Radar,13,12,9,4,38,0,0,0,0,0,13,12,9,4,38,0,0,0,38
01/16/2022,BGR,ME,ANE,EN,Combined TRACON& Tower with Radar,13,10,14,4,41,0,0,7,2,9,13,10,21,6,50,18,0,18,68
01/17/2022,BGR,ME,ANE,EN,Combined TRACON& Tower with Radar,19,7,5,3,34,0,0,0,0,0,19,7,5,3,34,0,0,0,34
01/18/2022,BGR,ME,ANE,EN,Combined TRACON& Tower with Radar,18,20,5,9,52,0,0,7,2,9,18,20,12,11,61,0,0,0,61
01/19/2022,BGR,ME,ANE,EN,Combined TRACON& Tower with Radar,19,14,17,6,56,0,1,5,0,6,19,15,22,6,62,10,0,10,72
01/20/2022,BGR,ME,ANE,EN,Combined TRACON& Tower with Radar,25,22,11,21,79,0,0,10,1,11,25,22,21,22,90,0,0,0,90
01/21/2022,BGR,ME,ANE,EN,Combined TRACON& Tower with Radar,25,20,23,7,75,0,0,26,6,32,25,20,49,13,107,22,2,24,131
01/22/2022,BGR,ME,ANE,EN,Combined TRACON& Tower with Radar,15,18,10,7,50,0,0,10,0,10,15,18,20,7,60,8,0,8,68
01/23/2022,BGR,ME,ANE,EN,Combined TRACON& Tower with Radar,24,15,7,7,53,0,0,21,0,21,24,15,28,7,74,8,0,8,82
01/24/2022,BGR,ME,ANE,EN,Combined TRACON& Tower with Radar,23,16,12,34,85,0,0,19,4,23,23,16,31,38,108,22,6,28,136
01/25/2022,BGR,ME,ANE,EN,Combined TRACON& Tower with Radar,20,23,14,15,72,0,3,4,1,8,20,26,18,16,80,4,6,10,90
01/26/2022,BGR,ME,ANE,EN,Combined TRACON& Tower with Radar,19,23,10,27,79,0,2,13,10,25,19,25,23,37,104,0,12,12,116
01/27/2022,BGR,ME,ANE,EN,Combined TRACON& Tower with Radar,21,20,12,26,79,0,1,7,10,18,21,21,19,36,97,10,2,12,109
01/28/2022,BGR,ME,ANE,EN,Combined TRACON& Tower with Radar,16,17,22,7,62,0,4,10,4,18,16,21,32,11,80,12,4,16,96
01/29/2022,BGR,ME,ANE,EN,Combined TRACON& Tower with Radar,0,4,0,0,4,0,2,0,0,2,0,6,0,0,6,0,0,0,6
01/30/2022,BGR,ME,ANE,EN,Combined TRACON& Tower with Radar,15,9,7,2,33,0,3,3,0,6,15,12,10,2,39,0,0,0,39
01/31/2022,BGR,ME,ANE,EN,Combined TRACON& Tower with Radar,19,18,16,13,66,0,2,7,0,9,19,20,23,13,75,8,0,8,83
02/01/2022,BGR,ME,ANE,EN,Combined TRACON& Tower with Radar,20,15,13,18,66,0,3,13,12,28,20,18,26,30,94,12,14,26,120
02/02/2022,BGR,ME,ANE,EN,Combined TRACON& Tower with Radar,17,25,11,22,75,0,0,2,2,4,17,25,13,24,79,0,18,18,97
02/03/2022,BGR,ME,ANE,EN,Combined TRACON& Tower with Radar,16,19,7,21,63,0,0,0,0,0,16,19,7,21,63,0,0,0,63
02/04/2022,BGR,ME,ANE,EN,Combined TRACON& Tower with Radar,5,1,5,5,16,0,0,0,0,0,5,1,5,5,16,0,0,0,16
02/05/2022,BGR,ME,ANE,EN,Combined TRACON& Tower with Radar,15,17,11,15,58,0,4,2,6,12,15,21,13,21,70,0,0,0,70
02/06/2022,BGR,ME,ANE,EN,Combined TRACON& Tower with Radar,24,15,7,3,49,0,5,10,0,15,24,20,17,3,64,16,0,16,80
02/07/2022,BGR,ME,ANE,EN,Combined TRACON& Tower with Radar,16,14,14,18,62,0,1,3,3,7,16,15,17,21,69,0,0,0,69
02/08/2022,BGR,ME,ANE,EN,Combined TRACON& Tower with Radar,16,22,3,5,46,0,0,0,0,0,16,22,3,5,46,0,0,0,46
02/09/2022,BGR,ME,ANE,EN,Combined TRACON& Tower with Radar,17,24,14,26,81,0,8,17,11,36,17,32,31,37,117,4,6,10,127
02/10/2022,BGR,ME,ANE,EN,Combined TRACON& Tower with Radar,22,19,12,15,68,0,1,9,1,11,22,20,21,16,79,0,0,0,79
02/11/2022,BGR,ME,ANE,EN,Combined TRACON& Tower with Radar,18,19,18,28,83,0,7,39,6,52,18,26,57,34,135,22,0,22,157
02/12/2022,BGR,ME,ANE,EN,Combined TRACON& Tower with Radar,15,16,13,8,52,0,2,7,2,11,15,18,20,10,63,12,0,12,75
02/13/2022,BGR,ME,ANE,EN,Combined TRACON& Tower with Radar,21,13,13,8,55,0,6,1,0,7,21,19,14,8,62,16,0,16,78
02/14/2022,BGR,ME,ANE,EN,Combined TRACON& Tower with Radar,18,17,7,21,63,0,2,0,0,2,18,19,7,21,65,0,0,0,65
02/15/2022,BGR,ME,ANE,EN,Combined TRACON& Tower with Radar,13,18,16,20,67,0,3,11,5,19,13,21,27,25,86,6,4,10,96
02/16/2022,BGR,ME,ANE,EN,Combined TRACON& Tower with Radar,19,21,18,13,71,0,3,6,2,11,19,24,24,15,82,0,2,2,84
02/17/2022,BGR,ME,ANE,EN,Combined TRACON& Tower with Radar,18,24,21,9,72,0,2,13,0,15,18,26,34,9,87,0,0,0,87
02/18/2022,BGR,ME,ANE,EN,Combined TRACON& Tower with Radar,15,23,12,9,59,0,1,0,0,1,15,24,12,9,60,0,0,0,60
02/19/2022,BGR,ME,ANE,EN,Combined TRACON& Tower with Radar,17,12,12,0,41,0,0,6,0,6,17,12,18,0,47,0,0,0,47
02/20/2022,BGR,ME,ANE,EN,Combined TRACON& Tower with Radar,18,11,19,4,52,0,2,20,0,22,18,13,39,4,74,10,0,10,84
02/21/2022,BGR,ME,ANE,EN,Combined TRACON& Tower with Radar,19,22,4,1,46,0,0,25,4,29,19,22,29,5,75,10,4,14,89
02/22/2022,BGR,ME,ANE,EN,Combined TRACON& Tower with Radar,18,16,10,19,63,0,1,0,2,3,18,17,10,21,66,0,0,0,66
02/23/2022,BGR,ME,ANE,EN,Combined TRACON& Tower with Radar,23,20,8,13,64,0,2,4,1,7,23,22,12,14,71,0,0,0,71
02/24/2022,BGR,ME,ANE,EN,Combined TRACON& Tower with Radar,24,16,25,35,100,0,0,17,15,32,24,16,42,50,132,24,4,28,160
02/25/2022,BGR,ME,ANE,EN,Combined TRACON& Tower with Radar,15,15,11,3,44,0,1,0,0,1,15,16,11,3,45,0,0,0,45
02/26/2022,BGR,ME,ANE,EN,Combined TRACON& Tower with Radar,17,14,22,10,63,0,6,15,0,21,17,20,37,10,84,10,0,10,94
02/27/2022,BGR,ME,ANE,EN,Combined TRACON& Tower with Radar,18,13,9,5,45,0,0,9,0,9,18,13,18,5,54,12,0,12,66
02/28/2022,BGR,ME,ANE,EN,Combined TRACON& Tower with Radar,17,17,12,15,61,0,2,19,2,23,17,19,31,17,84,0,0,0,84
03/01/2022,BGR,ME,ANE,EN,Combined TRACON& Tower with Radar,25,22,12,27,86,0,2,1,8,11,25,24,13,35,97,0,0,0,97
03/02/2022,BGR,ME,ANE,EN,Combined TRACON& Tower with Radar,20,19,32,25,96,0,5,16,3,24,20,24,48,28,120,0,0,0,120
03/03/2022,BGR,ME,ANE,EN,Combined TRACON& Tower with Radar,18,22,22,20,82,0,1,5,20,26,18,23,27,40,108,0,0,0,108
03/04/2022,BGR,ME,ANE,EN,Combined TRACON& Tower with Radar,19,19,22,29,89,0,9,23,19,51,19,28,45,48,140,18,16,34,174
03/05/2022,BGR,ME,ANE,EN,Combined TRACON& Tower with Radar,18,13,10,30,71,0,3,18,18,39,18,16,28,48,110,8,22,30,140
03/06/2022,BGR,ME,ANE,EN,Combined TRACON& Tower with Radar,22,11,5,13,51,0,0,1,0,1,22,11,6,13,52,0,0,0,52
03/07/2022,BGR,ME,ANE,EN,Combined TRACON& Tower with Radar,24,15,6,9,54,0,0,4,1,5,24,15,10,10,59,0,0,0,59
03/08/2022,BGR,ME,ANE,EN,Combined TRACON& Tower with Radar,20,18,12,21,71,0,4,7,12,23,20,22,19,33,94,0,4,4,98
03/09/2022,BGR,ME,ANE,EN,Combined TRACON& Tower with Radar,20,28,10,14,72,0,2,16,9,27,20,30,26,23,99,4,38,42,141
03/10/2022,BGR,ME,ANE,EN,Combined TRACON& Tower with Radar,24,33,15,13,85,0,5,30,19,54,24,38,45,32,139,0,0,0,139
03/11/2022,BGR,ME,ANE,EN,Combined TRACON& Tower with Radar,18,20,15,15,68,0,3,35,6,44,18,23,50,21,112,16,0,16,128
03/12/2022,BGR,ME,ANE,EN,Combined TRACON& Tower with Radar,20,14,3,3,40,0,0,0,0,0,20,14,3,3,40,0,0,0,40
03/13/2022,BGR,ME,ANE,EN,Combined TRACON& Tower with Radar,25,11,18,5,59,0,7,2,0,9,25,18,20,5,68,0,0,0,68
03/14/2022,BGR,ME,ANE,EN,Combined TRACON& Tower with Radar,21,16,16,7,60,0,4,5,0,9,21,20,21,7,69,0,0,0,69
03/15/2022,BGR,ME,ANE,EN,Combined TRACON& Tower with Radar,18,17,16,28,79,0,1,26,21,48,18,18,42,49,127,2,2,4,131
03/16/2022,BGR,ME,ANE,EN,Combined TRACON& Tower with Radar,23,18,27,33,101,0,1,6,5,12,23,19,33,38,113,4,2,6,119
03/17/2022,BGR,ME,ANE,EN,Combined TRACON& Tower with Radar,19,19,30,8,76,0,2,0,0,2,19,21,30,8,78,0,0,0,78
03/18/2022,BGR,ME,ANE,EN,Combined TRACON& Tower with Radar,20,19,17,17,73,0,2,20,2,24,20,21,37,19,97,2,0,2,99
03/19/2022,BGR,ME,ANE,EN,Combined TRACON& Tower with Radar,20,18,12,5,55,0,0,0,0,0,20,18,12,5,55,0,0,0,55
03/20/2022,BGR,ME,ANE,EN,Combined TRACON& Tower with Radar,22,16,10,11,59,0,0,8,0,8,22,16,18,11,67,6,0,6,73
03/21/2022,BGR,ME,ANE,EN,Combined TRACON& Tower with Radar,23,21,6,21,71,0,1,13,6,20,23,22,19,27,91,0,0,0,91
03/22/2022,BGR,ME,ANE,EN,Combined TRACON& Tower with Radar,22,20,17,18,77,0,4,7,19,30,22,24,24,37,107,2,2,4,111
03/23/2022,BGR,ME,ANE,EN,Combined TRACON& Tower with Radar,21,19,17,21,78,0,9,22,9,40,21,28,39,30,118,14,12,26,144
03/24/2022,BGR,ME,ANE,EN,Combined TRACON& Tower with Radar,19,23,5,4,51,0,1,0,0,1,19,24,5,4,52,0,0,0,52
03/25/2022,BGR,ME,ANE,EN,Combined TRACON& Tower with Radar,19,20,12,23,74,0,1,5,0,6,19,21,17,23,80,0,0,0,80
03/26/2022,BGR,ME,ANE,EN,Combined TRACON& Tower with Radar,16,12,20,10,58,0,0,37,0,37,16,12,57,10,95,30,0,30,125
03/27/2022,BGR,ME,ANE,EN,Combined TRACON& Tower with Radar,22,14,21,13,70,0,0,13,0,13,22,14,34,13,83,0,0,0,83
03/28/2022,BGR,ME,ANE,EN,Combined TRACON& Tower with Radar,20,18,13,29,80,0,4,4,1,9,20,22,17,30,89,0,0,0,89
03/29/2022,BGR,ME,ANE,EN,Combined TRACON& Tower with Radar,17,22,12,18,69,0,5,11,17,33,17,27,23,35,102,0,2,2,104
03/30/2022,BGR,ME,ANE,EN,Combined TRACON& Tower with Radar,22,18,19,19,78,0,1,31,14,46,22,19,50,33,124,0,10,10,134
03/31/2022,BGR,ME,ANE,EN,Combined TRACON& Tower with Radar,21,20,4,28,73,0,0,0,0,0,21,20,4,28,73,0,0,0,73
04/01/2022,BGR,ME,ANE,EN,Combined TRACON& Tower with Radar,20,20,16,29,85,0,2,1,0,3,20,22,17,29,88,0,0,0,88
04/02/2022,BGR,ME,ANE,EN,Combined TRACON& Tower with Radar,17,14,13,7,51,0,2,10,34,46,17,16,23,41,97,0,2,2,99
04/03/2022,BGR,ME,ANE,EN,Combined TRACON& Tower with Radar,20,10,22,20,72,0,3,25,5,33,20,13,47,25,105,0,2,2,107
04/04/2022,BGR,ME,ANE,EN,Combined TRACON& Tower with Radar,22,14,12,23,71,0,2,15,1,18,22,16,27,24,89,30,0,30,119
04/05/2022,BGR,ME,ANE,EN,Combined TRACON& Tower with Radar,23,11,10,30,74,0,5,33,25,63,23,16,43,55,137,16,8,24,161
04/06/2022,BGR,ME,ANE,EN,Combined TRACON& Tower with Radar,30,25,30,18,103,0,1,26,5,32,30,26,56,23,135,14,2,16,151
04/07/2022,BGR,ME,ANE,EN,Combined TRACON& Tower with Radar,24,15,27,24,90,0,4,15,24,43,24,19,42,48,133,26,6,32,165
04/08/2022,BGR,ME,ANE,EN,Combined TRACON& Tower with Radar,32,19,11,8,70,0,0,0,0,0,32,19,11,8,70,0,0,0,70
04/09/2022,BGR,ME,ANE,EN,Combined TRACON& Tower with Radar,27,11,24,11,73,0,1,7,2,10,27,12,31,13,83,18,0,18,101
04/10/2022,BGR,ME,ANE,EN,Combined TRACON& Tower with Radar,25,8,27,21,81,0,6,16,6,28,25,14,43,27,109,16,0,16,125
04/11/2022,BGR,ME,ANE,EN,Combined TRACON& Tower with Radar,32,22,14,17,85,0,4,24,4,32,32,26,38,21,117,32,0,32,149
04/12/2022,BGR,ME,ANE,EN,Combined TRACON& Tower with Radar,37,16,31,23,107,0,1,21,1,23,37,17,52,24,130,0,0,0,130
04/13/2022,BGR,ME,ANE,EN,Combined TRACON& Tower with Radar,40,26,21,23,110,0,7,24,8,39,40,33,45,31,149,0,0,0,149
04/14/2022,BGR,ME,ANE,EN,Combined TRACON& Tower with Radar,37,13,10,10,70,0,0,0,0,0,37,13,10,10,70,0,0,0,70
04/15/2022,BGR,ME,ANE,EN,Combined TRACON& Tower with Radar,32,15,31,17,95,0,2,32,0,34,32,17,63,17,129,0,0,0,129
04/16/2022,BGR,ME,ANE,EN,Combined TRACON& Tower with Radar,37,17,19,7,80,0,0,9,0,9,37,17,28,7,89,0,0,0,89
04/17/2022,BGR,ME,ANE,EN,Combined TRACON& Tower with Radar,33,7,10,5,55,0,2,1,0,3,33,9,11,5,58,8,0,8,66
04/18/2022,BGR,ME,ANE,EN,Combined TRACON& Tower with Radar,35,5,19,26,85,0,0,33,4,37,35,5,52,30,122,0,0,0,122
04/19/2022,BGR,ME,ANE,EN,Combined TRACON& Tower with Radar,33,17,13,14,77,0,1,1,0,2,33,18,14,14,79,0,0,0,79
04/20/2022,BGR,ME,ANE,EN,Combined TRACON& Tower with Radar,32,14,13,13,72,0,0,6,3,9,32,14,19,16,81,14,8,22,103
04/21/2022,BGR,ME,ANE,EN,Combined TRACON& Tower with Radar,36,12,14,30,92,0,1,28,17,46,36,13,42,47,138,10,2,12,150
04/22/2022,BGR,ME,ANE,EN,Combined TRACON& Tower with Radar,34,26,8,16,84,0,1,5,3,9,34,27,13,19,93,0,2,2,95
04/23/2022,BGR,ME,ANE,EN,Combined TRACON& Tower with Radar,28,13,15,20,76,0,0,26,0,26,28,13,41,20,102,6,0,6,108
04/24/2022,BGR,ME,ANE,EN,Combined TRACON& Tower with Radar,34,10,28,12,84,0,2,37,1,40,34,12,65,13,124,8,6,14,138
04/25/2022,BGR,ME,ANE,EN,Combined TRACON& Tower with Radar,32,10,23,24,89,0,1,36,4,41,32,11,59,28,130,12,6,18,148
04/26/2022,BGR,ME,ANE,EN,Combined TRACON& Tower with Radar,32,12,23,29,96,0,2,3,0,5,32,14,26,29,101,6,0,6,107
04/27/2022,BGR,ME,ANE,EN,Combined TRACON& Tower with Radar,38,17,21,18,94,0,0,0,0,0,38,17,21,18,94,0,0,0,94
04/28/2022,BGR,ME,ANE,EN,Combined TRACON& Tower with Radar,40,8,14,26,88,0,0,0,2,2,40,8,14,28,90,0,0,0,90
04/29/2022,BGR,ME,ANE,EN,Combined TRACON& Tower with Radar,38,21,17,25,101,0,1,2,0,3,38,22,19,25,104,0,0,0,104
04/30/2022,BGR,ME,ANE,EN,Combined TRACON& Tower with Radar,36,16,24,12,88,0,1,14,4,19,36,17,38,16,107,0,0,0,107
05/01/2022,BGR,ME,ANE,EN,Combined TRACON& Tower with Radar,33,9,17,15,74,0,2,12,0,14,33,11,29,15,88,0,0,0,88
05/02/2022,BGR,ME,ANE,EN,Combined TRACON& Tower with Radar,34,10,15,16,75,0,0,25,3,28,34,10,40,19,103,16,12,28,131
05/03/2022,BGR,ME,ANE,EN,Combined TRACON& Tower with Radar,32,12,17,41,102,0,2,20,24,46,32,14,37,65,148,22,10,32,180
05/04/2022,BGR,ME,ANE,EN,Combined TRACON& Tower with Radar,35,14,13,9,71,0,0,0,0,0,35,14,13,9,71,0,0,0,71
05/05/2022,BGR,ME,ANE,EN,Combined TRACON& Tower with Radar,31,19,11,19,80,0,3,23,15,41,31,22,34,34,121,0,0,0,121
05/06/2022,BGR,ME,ANE,EN,Combined TRACON& Tower with Radar,31,15,31,17,94,0,0,27,11,38,31,15,58,28,132,0,0,0,132
05/07/2022,BGR,ME,ANE,EN,Combined TRACON& Tower with Radar,25,15,15,8,63,0,0,28,0,28,25,15,43,8,91,8,0,8,99
05/08/2022,BGR,ME,ANE,EN,Combined TRACON& Tower with Radar,37,18,18,7,80,0,0,18,8,26,37,18,36,15,106,0,0,0,106
05/09/2022,BGR,ME,ANE,EN,Combined TRACON& Tower with Radar,32,10,10,28,80,0,1,30,0,31,32,11,40,28,111,18,0,18,129
05/10/2022,BGR,ME,ANE,EN,Combined TRACON& Tower with Radar,34,13,18,28,93,0,0,28,20,48,34,13,46,48,141,12,0,12,153
05/11/2022,BGR,ME,ANE,EN,Combined TRACON& Tower with Radar,35,27,15,27,104,0,1,29,8,38,35,28,44,35,142,26,8,34,176
05/12/2022,BGR,ME,ANE,EN,Combined TRACON& Tower with Radar,32,18,29,34,113,0,4,35,12,51,32,22,64,46,164,8,0,8,172
05/13/2022,BGR,ME,ANE,EN,Combined TRACON& Tower with Radar,31,21,12,14,78,0,3,6,6,15,31,24,18,20,93,0,10,10,103
05/14/2022,BGR,ME,ANE,EN,Combined TRACON& Tower with Radar,28,17,16,18,79,0,1,13,0,14,28,18,29,18,93,4,6,10,103
05/15/2022,BGR,ME,ANE,EN,Combined TRACON& Tower with Radar,30,15,8,4,57,0,0,0,0,0,30,15,8,4,57,0,0,0,57
05/16/2022,BGR,ME,ANE,EN,Combined TRACON& Tower with Radar,30,26,20,36,112,0,1,3,0,4,30,27,23,36,116,0,0,0,116
05/17/2022,BGR,ME,ANE,EN,Combined TRACON& Tower with Radar,34,14,28,43,119,0,6,7,15,28,34,20,35,58,147,0,2,2,149
05/18/2022,BGR,ME,ANE,EN,Combined TRACON& Tower with Radar,33,16,22,33,104,0,1,7,3,11,33,17,29,36,115,6,6,12,127
05/19/2022,BGR,ME,ANE,EN,Combined TRACON& Tower with Radar,38,20,28,18,104,0,0,8,7,15,38,20,36,25,119,0,0,0,119
05/20/2022,BGR,ME,ANE,EN,Combined TRACON& Tower with Radar,30,22,30,25,107,0,1,7,1,9,30,23,37,26,116,0,0,0,116
05/21/2022,BGR,ME,ANE,EN,Combined TRACON& Tower with Radar,31,25,15,9,80,0,0,0,0,0,31,25,15,9,80,0,0,0,80
05/22/2022,BGR,ME,ANE,EN,Combined TRACON& Tower with Radar,25,21,27,8,81,0,3,6,2,11,25,24,33,10,92,22,0,22,114
05/23/2022,BGR,ME,ANE,EN,Combined TRACON& Tower with Radar,24,19,23,8,74,0,3,12,14,29,24,22,35,22,103,22,8,30,133
05/24/2022,BGR,ME,ANE,EN,Combined TRACON& Tower with Radar,24,13,31,46,114,0,3,42,14,59,24,16,73,60,173,38,14,52,225
05/25/2022,BGR,ME,ANE,EN,Combined TRACON& Tower with Radar,34,16,24,20,94,0,2,34,0,36,34,18,58,20,130,14,24,38,168
05/26/2022,BGR,ME,ANE,EN,Combined TRACON& Tower with Radar,29,14,20,25,88,0,1,16,4,21,29,15,36,29,109,0,16,16,125
05/27/2022,BGR,ME,ANE,EN,Combined TRACON& Tower with Radar,26,28,27,15,96,0,0,5,1,6,26,28,32,16,102,0,12,12,114
05/28/2022,BGR,ME,ANE,EN,Combined TRACON& Tower with Radar,31,19,20,9,79,0,0,0,0,0,31,19,20,9,79,0,0,0,79
05/29/2022,BGR,ME,ANE,EN,Combined TRACON& Tower with Radar,33,9,15,7,64,0,1,24,0,25,33,10,39,7,89,14,0,14,103
05/30/2022,BGR,ME,ANE,EN,Combined TRACON& Tower with Radar,33,11,31,10,85,0,0,21,2,23,33,11,52,12,108,22,0,22,130
05/31/2022,BGR,ME,ANE,EN,Combined TRACON& Tower with Radar,31,16,22,33,102,0,3,6,12,21,31,19,28,45,123,8,8,16,139
06/01/2022,BGR,ME,ANE,EN,Combined TRACON& Tower with Radar,37,21,31,31,120,0,2,22,4,28,37,23,53,35,148,16,26,42,190
06/02/2022,BGR,ME,ANE,EN,Combined TRACON& Tower with Radar,27,28,19,49,123,0,4,17,21,42,27,32,36,70,165,14,68,82,247
06/03/2022,BGR,ME,ANE,EN,Combined TRACON& Tower with Radar,33,25,34,21,113,0,0,6,4,10,33,25,40,25,123,18,2,20,143
06/04/2022,BGR,ME,ANE,EN,Combined TRACON& Tower with Radar,36,16,31,14,97,0,0,5,0,5,36,16,36,14,102,0,0,0,102
06/05/2022,BGR,ME,ANE,EN,Combined TRACON& Tower with Radar,37,14,30,3,84,0,3,19,4,26,37,17,49,7,110,44,0,44,154
06/06/2022,BGR,ME,ANE,EN,Combined TRACON& Tower with Radar,42,23,35,42,142,0,1,20,6,27,42,24,55,48,169,10,6,16,185
06/07/2022,BGR,ME,ANE,EN,Combined TRACON& Tower with Radar,38,18,34,45,135,0,3,16,20,39,38,21,50,65,174,10,0,10,184
06/08/2022,BGR,ME,ANE,EN,Combined TRACON& Tower with Radar,35,21,32,43,131,0,0,0,0,0,35,21,32,43,131,0,0,0,131
06/09/2022,BGR,ME,ANE,EN,Combined TRACON& Tower with Radar,40,17,17,30,104,0,0,0,0,0,40,17,17,30,104,0,4,4,108
06/10/2022,BGR,ME,ANE,EN,Combined TRACON& Tower with Radar,41,19,22,23,105,0,4,11,20,35,41,23,33,43,140,0,0,0,140
06/11/2022,BGR,ME,ANE,EN,Combined TRACON& Tower with Radar,47,22,17,6,92,0,6,22,22,50,47,28,39,28,142,24,0,24,166
06/12/2022,BGR,ME,ANE,EN,Combined TRACON& Tower with Radar,30,29,29,6,94,0,1,20,14,35,30,30,49,20,129,10,0,10,139
06/13/2022,BGR,ME,ANE,EN,Combined TRACON& Tower with Radar,33,17,36,33,119,0,0,0,0,0,33,17,36,33,119,0,0,0,119
06/14/2022,BGR,ME,ANE,EN,Combined TRACON& Tower with Radar,35,24,31,61,151,0,2,18,20,40,35,26,49,81,191,12,46,58,249
06/15/2022,BGR,ME,ANE,EN,Combined TRACON& Tower with Radar,37,18,36,42,133,0,5,40,20,65,37,23,76,62,198,6,10,16,214
06/16/2022,BGR,ME,ANE,EN,Combined TRACON& Tower with Radar,22,22,25,27,96,0,0,14,17,31,22,22,39,44,127,0,22,22,149
06/17/2022,BGR,ME,ANE,EN,Combined TRACON& Tower with Radar,29,29,33,13,104,0,1,7,0,8,29,30,40,13,112,0,0,0,112
06/18/2022,BGR,ME,ANE,EN,Combined TRACON& Tower with Radar,41,21,32,14,108,0,0,4,9,13,41,21,36,23,121,4,6,10,131
06/19/2022,BGR,ME,ANE,EN,Combined TRACON& Tower with Radar,31,14,21,15,81,0,0,0,0,0,31,14,21,15,81,0,0,0,81
06/20/2022,BGR,ME,ANE,EN,Combined TRACON& Tower with Radar,39,23,26,15,103,0,2,19,8,29,39,25,45,23,132,26,0,26,158
06/21/2022,BGR,ME,ANE,EN,Combined TRACON& Tower with Radar,35,15,18,53,121,0,3,23,10,36,35,18,41,63,157,22,36,58,215
06/22/2022,BGR,ME,ANE,EN,Combined TRACON& Tower with Radar,29,18,34,52,133,0,1,11,8,20,29,19,45,60,153,6,12,18,171
06/23/2022,BGR,ME,ANE,EN,Combined TRACON& Tower with Radar,36,34,30,38,138,0,1,15,10,26,36,35,45,48,164,2,26,28,192
06/24/2022,BGR,ME,ANE,EN,Combined TRACON& Tower with Radar,38,33,37,22,130,0,3,19,2,24,38,36,56,24,154,34,4,38,192
06/25/2022,BGR,ME,ANE,EN,Combined TRACON& Tower with Radar,44,25,27,8,104,0,3,26,0,29,44,28,53,8,133,0,0,0,133
06/26/2022,BGR,ME,ANE,EN,Combined TRACON& Tower with Radar,34,14,45,7,100,0,4,12,0,16,34,18,57,7,116,14,0,14,130
06/27/2022,BGR,ME,ANE,EN,Combined TRACON& Tower with Radar,42,16,24,31,113,0,0,3,7,10,42,16,27,38,123,0,12,12,135
06/28/2022,BGR,ME,ANE,EN,Combined TRACON& Tower with Radar,39,27,42,43,151,0,6,24,21,51,39,33,66,64,202,4,12,16,218
06/29/2022,BGR,ME,ANE,EN,Combined TRACON& Tower with Radar,40,30,30,31,131,0,7,32,11,50,40,37,62,42,181,12,0,12,193
06/30/2022,BGR,ME,ANE,EN,Combined TRACON& Tower with Radar,42,23,28,43,136,0,2,24,7,33,42,25,52,50,169,16,18,34,203
07/01/2022,BGR,ME,ANE,EN,Combined TRACON& Tower with Radar,37,19,33,15,104,0,1,7,0,8,37,20,40,15,112,12,4,16,128
07/02/2022,BGR,ME,ANE,EN,Combined TRACON& Tower with Radar,39,23,33,10,105,0,2,6,0,8,39,25,39,10,113,6,0,6,119
07/03/2022,BGR,ME,ANE,EN,Combined TRACON& Tower with Radar,32,18,22,2,74,0,6,21,0,27,32,24,43,2,101,16,0,16,117
07/04/2022,BGR,ME,ANE,EN,Combined TRACON& Tower with Radar,40,15,26,2,83,0,3,12,0,15,40,18,38,2,98,0,0,0,98
07/05/2022,BGR,ME,ANE,EN,Combined TRACON& Tower with Radar,36,18,25,43,122,0,3,13,7,23,36,21,38,50,145,2,34,36,181
07/06/2022,BGR,ME,ANE,EN,Combined TRACON& Tower with Radar,41,18,11,24,94,0,7,12,4,23,41,25,23,28,117,0,4,4,121
07/07/2022,BGR,ME,ANE,EN,Combined TRACON& Tower with Radar,39,22,35,32,128,0,10,34,22,66,39,32,69,54,194,12,0,12,206
07/08/2022,BGR,ME,ANE,EN,Combined TRACON& Tower with Radar,47,27,36,16,126,0,4,15,7,26,47,31,51,23,152,6,4,10,162
07/09/2022,BGR,ME,ANE,EN,Combined TRACON& Tower with Radar,46,14,18,1,79,0,0,16,2,18,46,14,34,3,97,10,0,10,107
07/10/2022,BGR,ME,ANE,EN,Combined TRACON& Tower with Radar,35,22,27,4,88,0,0,27,0,27,35,22,54,4,115,36,0,36,151
07/11/2022,BGR,ME,ANE,EN,Combined TRACON& Tower with Radar,35,19,25,22,101,0,0,17,3,20,35,19,42,25,121,0,0,0,121
07/12/2022,BGR,ME,ANE,EN,Combined TRACON& Tower with Radar,32,25,28,44,129,0,0,8,2,10,32,25,36,46,139,0,10,10,149
07/13/2022,BGR,ME,ANE,EN,Combined TRACON& Tower with Radar,40,21,30,20,111,0,1,25,6,32,40,22,55,26,143,8,20,28,171
07/14/2022,BGR,ME,ANE,EN,Combined TRACON& Tower with Radar,41,19,23,5,88,0,1,16,0,17,41,20,39,5,105,4,0,4,109
07/15/2022,BGR,ME,ANE,EN,Combined TRACON& Tower with Radar,42,25,33,9,109,0,2,26,12,40,42,27,59,21,149,0,0,0,149
07/16/2022,BGR,ME,ANE,EN,Combined TRACON& Tower with Radar,44,25,32,9,110,0,0,23,0,23,44,25,55,9,133,4,0,4,137
07/17/2022,BGR,ME,ANE,EN,Combined TRACON& Tower with Radar,39,19,45,5,108,0,1,18,0,19,39,20,63,5,127,12,0,12,139
07/18/2022,BGR,ME,ANE,EN,Combined TRACON& Tower with Radar,32,17,37,18,104,0,0,14,0,14,32,17,51,18,118,0,0,0,118
07/19/2022,BGR,ME,ANE,EN,Combined TRACON& Tower with Radar,37,23,40,29,129,0,1,9,12,22,37,24,49,41,151,0,2,2,153
07/20/2022,BGR,ME,ANE,EN,Combined TRACON& Tower with Radar,39,14,24,36,113,0,6,29,8,43,39,20,53,44,156,8,2,10,166
07/21/2022,BGR,ME,ANE,EN,Combined TRACON& Tower with Radar,34,17,28,26,105,0,2,3,7,12,34,19,31,33,117,12,2,14,131
07/22/2022,BGR,ME,ANE,EN,Combined TRACON& Tower with Radar,40,25,37,30,132,0,2,23,6,31,40,27,60,36,163,4,8,12,175
07/23/2022,BGR,ME,ANE,EN,Combined TRACON& Tower with Radar,43,25,42,7,117,0,3,19,0,22,43,28,61,7,139,0,0,0,139
07/24/2022,BGR,ME,ANE,EN,Combined TRACON& Tower with Radar,31,17,31,6,85,0,6,25,0,31,31,23,56,6,116,36,0,36,152
07/25/2022,BGR,ME,ANE,EN,Combined TRACON& Tower with Radar,35,16,7,19,77,0,5,11,0,16,35,21,18,19,93,22,6,28,121
07/26/2022,BGR,ME,ANE,EN,Combined TRACON& Tower with Radar,29,24,31,29,113,0,10,38,20,68,29,34,69,49,181,18,6,24,205
07/27/2022,BGR,ME,ANE,EN,Combined TRACON& Tower with Radar,37,19,14,27,97,0,3,35,5,43,37,22,49,32,140,14,18,32,172
07/28/2022,BGR,ME,ANE,EN,Combined TRACON& Tower with Radar,34,12,38,29,113,0,2,15,7,24,34,14,53,36,137,0,0,0,137
07/29/2022,BGR,ME,ANE,EN,Combined TRACON& Tower with Radar,38,30,25,19,112,0,0,10,7,17,38,30,35,26,129,4,0,4,133
07/30/2022,BGR,ME,ANE,EN,Combined TRACON& Tower with Radar,42,20,36,1,99,0,1,17,1,19,42,21,53,2,118,0,0,0,118
07/31/2022,BGR,ME,ANE,EN,Combined TRACON& Tower with Radar,40,27,54,2,123,0,2,27,0,29,40,29,81,2,152,0,0,0,152
08/01/2022,BGR,ME,ANE,EN,Combined TRACON& Tower with Radar,39,14,25,30,108,0,0,21,0,21,39,14,46,30,129,0,6,6,135
08/02/2022,BGR,ME,ANE,EN,Combined TRACON& Tower with Radar,39,24,20,26,109,0,1,7,9,17,39,25,27,35,126,0,14,14,140
08/03/2022,BGR,ME,ANE,EN,Combined TRACON& Tower with Radar,40,9,8,13,70,0,1,39,6,46,40,10,47,19,116,32,0,32,148
08/04/2022,BGR,ME,ANE,EN,Combined TRACON& Tower with Radar,35,21,24,33,113,0,2,23,16,41,35,23,47,49,154,16,0,16,170
08/05/2022,BGR,ME,ANE,EN,Combined TRACON& Tower with Radar,35,18,35,11,99,0,1,14,5,20,35,19,49,16,119,8,0,8,127
08/06/2022,BGR,ME,ANE,EN,Combined TRACON& Tower with Radar,39,12,27,11,89,0,1,25,10,36,39,13,52,21,125,18,0,18,143
08/07/2022,BGR,ME,ANE,EN,Combined TRACON& Tower with Radar,36,23,31,15,105,0,1,9,10,20,36,24,40,25,125,4,4,8,133
08/08/2022,BGR,ME,ANE,EN,Combined TRACON& Tower with Radar,37,17,19,35,108,0,1,2,0,3,37,18,21,35,111,0,0,0,111
08/09/2022,BGR,ME,ANE,EN,Combined TRACON& Tower with Radar,36,25,19,15,95,0,0,0,0,0,36,25,19,15,95,0,0,0,95
08/10/2022,BGR,ME,ANE,EN,Combined TRACON& Tower with Radar,37,16,24,35,112,0,1,8,5,14,37,17,32,40,126,0,20,20,146
08/11/2022,BGR,ME,ANE,EN,Combined TRACON& Tower with Radar,43,16,26,47,132,0,4,16,12,32,43,20,42,59,164,4,2,6,170
08/12/2022,BGR,ME,ANE,EN,Combined TRACON& Tower with Radar,41,19,22,11,93,0,2,14,3,19,41,21,36,14,112,6,4,10,122
08/13/2022,BGR,ME,ANE,EN,Combined TRACON& Tower with Radar,43,16,23,2,84,0,2,21,2,25,43,18,44,4,109,18,0,18,127
08/14/2022,BGR,ME,ANE,EN,Combined TRACON& Tower with Radar,35,12,32,5,84,0,1,17,0,18,35,13,49,5,102,12,0,12,114
08/15/2022,BGR,ME,ANE,EN,Combined TRACON& Tower with Radar,37,24,20,24,105,0,0,17,0,17,37,24,37,24,122,0,12,12,134
08/16/2022,BGR,ME,ANE,EN,Combined TRACON& Tower with Radar,37,19,28,29,113,0,0,16,17,33,37,19,44,46,146,0,4,4,150
08/17/2022,BGR,ME,ANE,EN,Combined TRACON& Tower with Radar,37,20,15,11,83,0,1,2,0,3,37,21,17,11,86,0,0,0,86
08/18/2022,BGR,ME,ANE,EN,Combined TRACON& Tower with Radar,40,19,25,39,123,0,0,2,0,2,40,19,27,39,125,0,0,0,125
08/19/2022,BGR,ME,ANE,EN,Combined TRACON& Tower with Radar,44,15,28,16,103,0,2,30,14,46,44,17,58,30,149,24,14,38,187
08/20/2022,BGR,ME,ANE,EN,Combined TRACON& Tower with Radar,39,17,38,6,100,0,3,12,2,17,39,20,50,8,117,10,0,10,127
08/21/2022,BGR,ME,ANE,EN,Combined TRACON& Tower with Radar,37,13,24,7,81,0,0,29,7,36,37,13,53,14,117,4,6,10,127
08/22/2022,BGR,ME,ANE,EN,Combined TRACON& Tower with Radar,30,7,29,41,107,0,0,13,4,17,30,7,42,45,124,26,26,52,176
08/23/2022,BGR,ME,ANE,EN,Combined TRACON& Tower with Radar,37,27,21,45,130,0,1,0,0,1,37,28,21,45,131,0,0,0,131
08/24/2022,BGR,ME,ANE,EN,Combined TRACON& Tower with Radar,36,23,29,53,141,0,2,6,17,25,36,25,35,70,166,0,20,20,186
08/25/2022,BGR,ME,ANE,EN,Combined TRACON& Tower with Radar,37,12,24,31,104,0,5,23,19,47,37,17,47,50,151,4,24,28,179
08/26/2022,BGR,ME,ANE,EN,Combined TRACON& Tower with Radar,39,27,41,22,129,0,1,3,0,4,39,28,44,22,133,12,0,12,145
08/27/2022,BGR,ME,ANE,EN,Combined TRACON& Tower with Radar,39,15,18,11,83,0,1,19,0,20,39,16,37,11,103,0,0,0,103
08/28/2022,BGR,ME,ANE,EN,Combined TRACON& Tower with Radar,32,7,21,8,68,0,0,22,0,22,32,7,43,8,90,0,0,0,90
08/29/2022,BGR,ME,ANE,EN,Combined TRACON& Tower with Radar,37,9,26,23,95,0,0,12,1,13,37,9,38,24,108,0,0,0,108
08/30/2022,BGR,ME,ANE,EN,Combined TRACON& Tower with Radar,33,13,21,30,97,0,3,18,8,29,33,16,39,38,126,2,10,12,138
08/31/2022,BGR,ME,ANE,EN,Combined TRACON& Tower with Radar,40,24,20,31,115,0,1,0,8,9,40,25,20,39,124,16,4,20,144
09/01/2022,BGR,ME,ANE,EN,Combined TRACON& Tower with Radar,38,31,43,41,153,0,5,18,20,43,38,36,61,61,196,0,4,4,200
09/02/2022,BGR,ME,ANE,EN,Combined TRACON& Tower with Radar,41,27,26,5,99,0,1,35,0,36,41,28,61,5,135,10,0,10,145
09/03/2022,BGR,ME,ANE,EN,Combined TRACON& Tower with Radar,36,20,16,8,80,0,0,12,0,12,36,20,28,8,92,0,0,0,92
09/04/2022,BGR,ME,ANE,EN,Combined TRACON& Tower with Radar,41,10,24,3,78,0,3,18,0,21,41,13,42,3,99,8,0,8,107
09/05/2022,BGR,ME,ANE,EN,Combined TRACON& Tower with Radar,39,18,21,0,78,0,2,2,0,4,39,20,23,0,82,0,0,0,82
09/06/2022,BGR,ME,ANE,EN,Combined TRACON& Tower with Radar,35,13,24,41,113,0,1,15,10,26,35,14,39,51,139,0,0,0,139
09/07/2022,BGR,ME,ANE,EN,Combined TRACON& Tower with Radar,40,21,29,37,127,0,1,33,8,42,40,22,62,45,169,26,2,28,197
09/08/2022,BGR,ME,ANE,EN,Combined TRACON& Tower with Radar,34,18,26,36,114,0,3,34,13,50,34,21,60,49,164,10,0,10,174
09/09/2022,BGR,ME,ANE,EN,Combined TRACON& Tower with Radar,41,28,16,15,100,0,0,42,13,55,41,28,58,28,155,0,0,0,155
09/10/2022,BGR,ME,ANE,EN,Combined TRACON& Tower with Radar,28,21,20,20,89,0,4,15,17,36,28,25,35,37,125,4,12,16,141
09/11/2022,BGR,ME,ANE,EN,Combined TRACON& Tower with Radar,33,20,38,15,106,0,7,25,5,37,33,27,63,20,143,18,0,18,161
09/12/2022,BGR,ME,ANE,EN,Combined TRACON& Tower with Radar,36,14,17,36,103,0,2,22,0,24,36,16,39,36,127,16,26,42,169
09/13/2022,BGR,ME,ANE,EN,Combined TRACON& Tower with Radar,42,19,29,36,126,0,1,3,6,10,42,20,32,42,136,0,0,0,136
09/14/2022,BGR,ME,ANE,EN,Combined TRACON& Tower with Radar,37,23,24,31,115,0,0,16,8,24,37,23,40,39,139,12,6,18,157
09/15/2022,BGR,ME,ANE,EN,Combined TRACON& Tower with Radar,44,20,33,37,134,0,5,10,16,31,44,25,43,53,165,0,0,0,165
09/16/2022,BGR,ME,ANE,EN,Combined TRACON& Tower with Radar,42,16,38,6,102,0,0,9,6,15,42,16,47,12,117,0,0,0,117
09/17/2022,BGR,ME,ANE,EN,Combined TRACON& Tower with Radar,33,13,35,6,87,0,2,38,4,44,33,15,73,10,131,4,0,4,135
09/18/2022,BGR,ME,ANE,EN,Combined TRACON& Tower with Radar,36,14,49,4,103,0,0,0,0,0,36,14,49,4,103,0,0,0,103
09/19/2022,BGR,ME,ANE,EN,Combined TRACON& Tower with Radar,35,14,32,26,107,0,2,7,2,11,35,16,39,28,118,0,4,4,122
09/20/2022,BGR,ME,ANE,EN,Combined TRACON& Tower with Radar,37,22,36,21,116,0,0,0,0,0,37,22,36,21,116,0,0,0,116
09/21/2022,BGR,ME,ANE,EN,Combined TRACON& Tower with Radar,39,16,38,28,121,0,2,20,3,25,39,18,58,31,146,24,0,24,170
09/22/2022,BGR,ME,ANE,EN,Combined TRACON& Tower with Radar,41,10,15,15,81,0,0,0,0,0,41,10,15,15,81,0,0,0,81
09/23/2022,BGR,ME,ANE,EN,Combined TRACON& Tower with Radar,40,17,15,12,84,0,3,7,13,23,40,20,22,25,107,0,0,0,107
09/24/2022,BGR,ME,ANE,EN,Combined TRACON& Tower with Radar,31,16,10,4,61,0,3,1,0,4,31,19,11,4,65,0,0,0,65
09/25/2022,BGR,ME,ANE,EN,Combined TRACON& Tower with Radar,38,17,29,8,92,0,0,26,0,26,38,17,55,8,118,22,0,22,140
09/26/2022,BGR,ME,ANE,EN,Combined TRACON& Tower with Radar,37,24,21,39,121,0,0,4,0,4,37,24,25,39,125,0,12,12,137
09/27/2022,BGR,ME,ANE,EN,Combined TRACON& Tower with Radar,39,23,38,22,122,0,1,13,12,26,39,24,51,34,148,0,4,4,152
09/28/2022,BGR,ME,ANE,EN,Combined TRACON& Tower with Radar,39,20,27,13,99,0,0,11,6,17,39,20,38,19,116,0,0,0,116
09/29/2022,BGR,ME,ANE,EN,Combined TRACON& Tower with Radar,39,18,21,12,90,0,0,23,16,39,39,18,44,28,129,26,0,26,155
09/30/2022,BGR,ME,ANE,EN,Combined TRACON& Tower with Radar,40,21,44,11,116,0,1,24,2,27,40,22,68,13,143,0,0,0,143
10/01/2022,BGR,ME,ANE,EN,Combined TRACON& Tower with Radar,32,18,22,9,81,0,2,31,0,33,32,20,53,9,114,36,0,36,150
10/02/2022,BGR,ME,ANE,EN,Combined TRACON& Tower with Radar,36,20,30,2,88,0,0,10,0,10,36,20,40,2,98,2,0,2,100
10/03/2022,BGR,ME,ANE,EN,Combined TRACON& Tower with Radar,39,16,18,25,98,0,0,15,1,16,39,16,33,26,114,4,6,10,124
10/04/2022,BGR,ME,ANE,EN,Combined TRACON& Tower with Radar,34,18,16,39,107,0,0,19,12,31,34,18,35,51,138,0,0,0,138
10/05/2022,BGR,ME,ANE,EN,Combined TRACON& Tower with Radar,40,17,30,15,102,0,4,18,9,31,40,21,48,24,133,0,0,0,133
10/06/2022,BGR,ME,ANE,EN,Combined TRACON& Tower with Radar,35,17,20,38,110,0,8,16,16,40,35,25,36,54,150,14,4,18,168
10/07/2022,BGR,ME,ANE,EN,Combined TRACON& Tower with Radar,36,17,30,9,92,0,5,10,2,17,36,22,40,11,109,0,0,0,109
10/08/2022,BGR,ME,ANE,EN,Combined TRACON& Tower with Radar,29,23,19,10,81,0,3,17,0,20,29,26,36,10,101,6,0,6,107
10/09/2022,BGR,ME,ANE,EN,Combined TRACON& Tower with Radar,26,19,24,6,75,0,1,11,0,12,26,20,35,6,87,14,0,14,101
10/10/2022,BGR,ME,ANE,EN,Combined TRACON& Tower with Radar,29,29,28,5,91,0,2,13,0,15,29,31,41,5,106,22,0,22,128
10/11/2022,BGR,ME,ANE,EN,Combined TRACON& Tower with Radar,28,22,38,21,109,0,1,6,2,9,28,23,44,23,118,44,8,52,170
10/12/2022,BGR,ME,ANE,EN,Combined TRACON& Tower with Radar,29,29,26,35,119,0,2,27,9,38,29,31,53,44,157,42,4,46,203
10/13/2022,BGR,ME,ANE,EN,Combined TRACON& Tower with Radar,30,19,14,19,82,0,1,6,5,12,30,20,20,24,94,8,24,32,126
10/14/2022,BGR,ME,ANE,EN,Combined TRACON& Tower with Radar,33,20,8,2,63,0,0,0,0,0,33,20,8,2,63,0,0,0,63
10/15/2022,BGR,ME,ANE,EN,Combined TRACON& Tower with Radar,30,26,14,3,73,0,1,10,0,11,30,27,24,3,84,18,0,18,102
10/16/2022,BGR,ME,ANE,EN,Combined TRACON& Tower with Radar,23,19,10,13,65,0,0,25,9,34,23,19,35,22,99,6,0,6,105
10/17/2022,BGR,ME,ANE,EN,Combined TRACON& Tower with Radar,32,19,15,41,107,0,2,0,4,6,32,21,15,45,113,0,4,4,117
10/18/2022,BGR,ME,ANE,EN,Combined TRACON& Tower with Radar,33,18,11,11,73,0,0,0,0,0,33,18,11,11,73,0,0,0,73
10/19/2022,BGR,ME,ANE,EN,Combined TRACON& Tower with Radar,31,19,32,31,113,0,0,26,3,29,31,19,58,34,142,26,20,46,188
10/20/2022,BGR,ME,ANE,EN,Combined TRACON& Tower with Radar,31,21,21,47,120,0,2,15,22,39,31,23,36,69,159,10,18,28,187
10/21/2022,BGR,ME,ANE,EN,Combined TRACON& Tower with Radar,33,15,17,22,87,0,0,28,6,34,33,15,45,28,121,8,4,12,133
10/22/2022,BGR,ME,ANE,EN,Combined TRACON& Tower with Radar,28,20,21,6,75,0,5,30,0,35,28,25,51,6,110,4,0,4,114
10/23/2022,BGR,ME,ANE,EN,Combined TRACON& Tower with Radar,25,8,22,10,65,0,2,21,0,23,25,10,43,10,88,4,0,4,92
10/24/2022,BGR,ME,ANE,EN,Combined TRACON& Tower with Radar,30,24,28,10,92,1,2,0,0,3,31,26,28,10,95,0,0,0,95
10/25/2022,BGR,ME,ANE,EN,Combined TRACON& Tower with Radar,24,26,16,10,76,0,0,0,0,0,24,26,16,10,76,0,0,0,76
10/26/2022,BGR,ME,ANE,EN,Combined TRACON& Tower with Radar,29,19,14,9,71,0,0,0,0,0,29,19,14,9,71,0,0,0,71
10/27/2022,BGR,ME,ANE,EN,Combined TRACON& Tower with Radar,30,16,14,41,101,0,0,26,17,43,30,16,40,58,144,8,22,30,174
10/28/2022,BGR,ME,ANE,EN,Combined TRACON& Tower with Radar,33,22,23,16,94,0,3,26,4,33,33,25,49,20,127,0,4,4,131
10/29/2022,BGR,ME,ANE,EN,Combined TRACON& Tower with Radar,27,18,17,3,65,0,3,29,0,32,27,21,46,3,97,32,0,32,129
10/30/2022,BGR,ME,ANE,EN,Combined TRACON& Tower with Radar,27,23,17,3,70,0,0,24,1,25,27,23,41,4,95,6,0,6,101
10/31/2022,BGR,ME,ANE,EN,Combined TRACON& Tower with Radar,28,16,19,30,93,0,1,16,0,17,28,17,35,30,110,10,0,10,120
11/01/2022,BGR,ME,ANE,EN,Combined TRACON& Tower with Radar,26,19,11,31,87,0,2,11,10,23,26,21,22,41,110,8,0,8,118
11/02/2022,BGR,ME,ANE,EN,Combined TRACON& Tower with Radar,26,16,17,16,75,0,2,31,3,36,26,18,48,19,111,14,0,14,125
11/03/2022,BGR,ME,ANE,EN,Combined TRACON& Tower with Radar,26,23,27,28,104,0,2,31,3,36,26,25,58,31,140,4,6,10,150
11/04/2022,BGR,ME,ANE,EN,Combined TRACON& Tower with Radar,19,19,13,5,56,0,2,18,14,34,19,21,31,19,90,0,0,0,90
11/05/2022,BGR,ME,ANE,EN,Combined TRACON& Tower with Radar,17,25,6,0,48,0,1,14,16,31,17,26,20,16,79,8,0,8,87
11/06/2022,BGR,ME,ANE,EN,Combined TRACON& Tower with Radar,22,18,19,7,66,0,2,2,3,7,22,20,21,10,73,0,16,16,89
11/07/2022,BGR,ME,ANE,EN,Combined TRACON& Tower with Radar,24,25,11,8,68,0,1,3,0,4,24,26,14,8,72,0,0,0,72
11/08/2022,BGR,ME,ANE,EN,Combined TRACON& Tower with Radar,23,19,13,20,75,0,1,5,11,17,23,20,18,31,92,0,6,6,98
11/09/2022,BGR,ME,ANE,EN,Combined TRACON& Tower with Radar,24,17,19,23,83,0,0,24,7,31,24,17,43,30,114,6,10,16,130
11/10/2022,BGR,ME,ANE,EN,Combined TRACON& Tower with Radar,24,22,26,19,91,0,0,17,0,17,24,22,43,19,108,18,6,24,132
11/11/2022,BGR,ME,ANE,EN,Combined TRACON& Tower with Radar,23,22,11,14,70,0,1,9,0,10,23,23,20,14,80,0,0,0,80
11/12/2022,BGR,ME,ANE,EN,Combined TRACON& Tower with Radar,19,14,11,2,46,0,2,0,0,2,19,16,11,2,48,0,0,0,48
11/13/2022,BGR,ME,ANE,EN,Combined TRACON& Tower with Radar,18,14,11,2,45,0,0,0,0,0,18,14,11,2,45,0,0,0,45
11/14/2022,BGR,ME,ANE,EN,Combined TRACON& Tower with Radar,24,17,13,21,75,0,2,12,0,14,24,19,25,21,89,0,18,18,107
11/15/2022,BGR,ME,ANE,EN,Combined TRACON& Tower with Radar,24,22,20,43,109,0,0,18,14,32,24,22,38,57,141,0,8,8,149
11/16/2022,BGR,ME,ANE,EN,Combined TRACON& Tower with Radar,24,14,12,9,59,0,0,0,0,0,24,14,12,9,59,0,0,0,59
11/17/2022,BGR,ME,ANE,EN,Combined TRACON& Tower with Radar,26,24,22,25,97,0,3,16,13,32,26,27,38,38,129,0,4,4,133
11/18/2022,BGR,ME,ANE,EN,Combined TRACON& Tower with Radar,22,26,23,1,72,0,3,17,9,29,22,29,40,10,101,6,4,10,111
11/19/2022,BGR,ME,ANE,EN,Combined TRACON& Tower with Radar,16,20,34,5,75,0,0,33,2,35,16,20,67,7,110,14,0,14,124
11/20/2022,BGR,ME,ANE,EN,Combined TRACON& Tower with Radar,23,18,17,8,66,0,2,11,2,15,23,20,28,10,81,6,4,10,91
11/21/2022,BGR,ME,ANE,EN,Combined TRACON& Tower with Radar,20,23,17,22,82,0,0,14,0,14,20,23,31,22,96,0,0,0,96
11/22/2022,BGR,ME,ANE,EN,Combined TRACON& Tower with Radar,27,14,12,24,77,0,0,12,0,12,27,14,24,24,89,0,16,16,105
11/23/2022,BGR,ME,ANE,EN,Combined TRACON& Tower with Radar,22,21,24,37,104,0,0,17,2,19,22,21,41,39,123,4,12,16,139
11/24/2022,BGR,ME,ANE,EN,Combined TRACON& Tower with Radar,13,5,12,3,33,0,2,15,0,17,13,7,27,3,50,0,0,0,50
11/25/2022,BGR,ME,ANE,EN,Combined TRACON& Tower with Radar,14,12,11,3,40,0,1,0,0,1,14,13,11,3,41,4,0,4,45
11/26/2022,BGR,ME,ANE,EN,Combined TRACON& Tower with Radar,20,26,11,3,60,0,3,6,0,9,20,29,17,3,69,6,0,6,75
11/27/2022,BGR,ME,ANE,EN,Combined TRACON& Tower with Radar,16,5,9,2,32,0,5,11,0,16,16,10,20,2,48,12,0,12,60
11/28/2022,BGR,ME,ANE,EN,Combined TRACON& Tower with Radar,25,25,5,16,71,0,0,0,6,6,25,25,5,22,77,0,0,0,77
11/29/2022,BGR,ME,ANE,EN,Combined TRACON& Tower with Radar,23,17,7,37,84,0,3,18,12,33,23,20,25,49,117,2,14,16,133
11/30/2022,BGR,ME,ANE,EN,Combined TRACON& Tower with Radar,20,8,15,20,63,0,0,2,0,2,20,8,17,20,65,0,0,0,65
12/01/2022,BGR,ME,ANE,EN,Combined TRACON& Tower with Radar,28,22,14,10,74,0,8,9,11,28,28,30,23,21,102,0,0,0,102
12/02/2022,BGR,ME,ANE,EN,Combined TRACON& Tower with Radar,29,15,12,26,82,0,1,28,12,41,29,16,40,38,123,24,0,24,147
12/03/2022,BGR,ME,ANE,EN,Combined TRACON& Tower with Radar,18,18,7,15,58,0,3,0,4,7,18,21,7,19,65,0,0,0,65
12/04/2022,BGR,ME,ANE,EN,Combined TRACON& Tower with Radar,23,12,19,14,68,0,5,16,2,23,23,17,35,16,91,4,0,4,95
12/05/2022,BGR,ME,ANE,EN,Combined TRACON& Tower with Radar,27,9,14,23,73,0,6,21,0,27,27,15,35,23,100,0,0,0,100
12/06/2022,BGR,ME,ANE,EN,Combined TRACON& Tower with Radar,27,12,23,32,94,0,3,5,13,21,27,15,28,45,115,0,2,2,117
12/07/2022,BGR,ME,ANE,EN,Combined TRACON& Tower with Radar,27,9,15,8,59,0,0,0,0,0,27,9,15,8,59,0,0,0,59
12/08/2022,BGR,ME,ANE,EN,Combined TRACON& Tower with Radar,32,8,15,22,77,0,6,9,15,30,32,14,24,37,107,12,4,16,123
12/09/2022,BGR,ME,ANE,EN,Combined TRACON& Tower with Radar,30,10,28,12,80,0,1,0,8,9,30,11,28,20,89,0,0,0,89
12/10/2022,BGR,ME,ANE,EN,Combined TRACON& Tower with Radar,24,16,17,3,60,0,1,11,0,12,24,17,28,3,72,10,0,10,82
12/11/2022,BGR,ME,ANE,EN,Combined TRACON& Tower with Radar,25,10,23,9,67,0,1,8,0,9,25,11,31,9,76,22,0,22,98
12/12/2022,BGR,ME,ANE,EN,Combined TRACON& Tower with Radar,26,16,16,31,89,0,3,11,6,20,26,19,27,37,109,14,0,14,123
12/13/2022,BGR,ME,ANE,EN,Combined TRACON& Tower with Radar,28,9,16,31,84,0,0,13,0,13,28,9,29,31,97,6,12,18,115
12/14/2022,BGR,ME,ANE,EN,Combined TRACON& Tower with Radar,26,6,15,32,79,0,2,0,0,2,26,8,15,32,81,0,2,2,83
12/15/2022,BGR,ME,ANE,EN,Combined TRACON& Tower with Radar,28,15,12,37,92,0,0,0,1,1,28,15,12,38,93,4,0,4,97
12/16/2022,BGR,ME,ANE,EN,Combined TRACON& Tower with Radar,25,16,8,4,53,0,0,0,0,0,25,16,8,4,53,0,0,0,53
12/17/2022,BGR,ME,ANE,EN,Combined TRACON& Tower with Radar,18,18,9,2,47,0,0,0,0,0,18,18,9,2,47,0,0,0,47
12/18/2022,BGR,ME,ANE,EN,Combined TRACON& Tower with Radar,25,13,6,2,46,0,0,0,0,0,25,13,6,2,46,0,0,0,46
12/19/2022,BGR,ME,ANE,EN,Combined TRACON& Tower with Radar,24,10,11,12,57,0,4,6,0,10,24,14,17,12,67,0,0,0,67
12/20/2022,BGR,ME,ANE,EN,Combined TRACON& Tower with Radar,25,21,26,6,78,0,4,13,12,29,25,25,39,18,107,0,0,0,107
12/21/2022,BGR,ME,ANE,EN,Combined TRACON& Tower with Radar,29,22,27,21,99,0,0,21,8,29,29,22,48,29,128,6,0,6,134
12/22/2022,BGR,ME,ANE,EN,Combined TRACON& Tower with Radar,21,22,17,31,91,0,2,20,10,32,21,24,37,41,123,0,8,8,131
12/23/2022,BGR,ME,ANE,EN,Combined TRACON& Tower with Radar,11,3,2,0,16,0,0,0,0,0,11,3,2,0,16,0,0,0,16
12/24/2022,BGR,ME,ANE,EN,Combined TRACON& Tower with Radar,14,24,13,0,51,0,3,1,0,4,14,27,14,0,55,0,0,0,55
12/25/2022,BGR,ME,ANE,EN,Combined TRACON& Tower with Radar,14,9,4,0,27,0,6,0,0,6,14,15,4,0,33,0,0,0,33
12/26/2022,BGR,ME,ANE,EN,Combined TRACON& Tower with Radar,14,9,4,0,27,0,3,6,0,9,14,12,10,0,36,0,0,0,36
12/27/2022,BGR,ME,ANE,EN,Combined TRACON& Tower with Radar,21,12,16,35,84,0,6,7,1,14,21,18,23,36,98,6,24,30,128
12/28/2022,BGR,ME,ANE,EN,Combined TRACON& Tower with Radar,21,20,15,23,79,0,3,8,1,12,21,23,23,24,91,4,0,4,95
12/29/2022,BGR,ME,ANE,EN,Combined TRACON& Tower with Radar,18,25,12,35,90,0,2,23,0,25,18,27,35,35,115,24,0,24,139
12/30/2022,BGR,ME,ANE,EN,Combined TRACON& Tower with Radar,24,26,16,25,91,0,0,20,0,20,24,26,36,25,111,0,6,6,117
12/31/2022,BGR,ME,ANE,EN,Combined TRACON& Tower with Radar,16,13,5,8,42,0,1,15,0,16,16,14,20,8,58,6,0,6,64
01/01/2023,BGR,ME,ANE,EN,Combined TRACON& Tower with Radar,16,13,8,6,43,0,0,0,0,0,16,13,8,6,43,4,0,4,47
01/02/2023,BGR,ME,ANE,EN,Combined TRACON& Tower with Radar,19,15,12,1,47,0,0,20,0,20,19,15,32,1,67,32,0,32,99
01/03/2023,BGR,ME,ANE,EN,Combined TRACON& Tower with Radar,26,9,11,25,71,0,0,5,0,5,26,9,16,25,76,0,0,0,76
01/04/2023,BGR,ME,ANE,EN,Combined TRACON& Tower with Radar,16,11,7,39,73,0,1,0,5,6,16,12,7,44,79,0,0,0,79
01/05/2023,BGR,ME,ANE,EN,Combined TRACON& Tower with Radar,20,13,7,0,40,0,0,0,0,0,20,13,7,0,40,0,0,0,40
01/06/2023,BGR,ME,ANE,EN,Combined TRACON& Tower with Radar,18,13,8,0,39,0,0,0,0,0,18,13,8,0,39,0,0,0,39
01/07/2023,BGR,ME,ANE,EN,Combined TRACON& Tower with Radar,14,21,12,16,63,0,0,6,20,26,14,21,18,36,89,18,0,18,107
01/08/2023,BGR,ME,ANE,EN,Combined TRACON& Tower with Radar,21,14,17,9,61,0,0,19,2,21,21,14,36,11,82,12,0,12,94
01/09/2023,BGR,ME,ANE,EN,Combined TRACON& Tower with Radar,24,11,11,17,63,0,0,11,8,19,24,11,22,25,82,6,16,22,104
01/10/2023,BGR,ME,ANE,EN,Combined TRACON& Tower with Radar,22,19,12,20,73,0,2,12,16,30,22,21,24,36,103,20,14,34,137
01/11/2023,BGR,ME,ANE,EN,Combined TRACON& Tower with Radar,20,22,13,24,79,0,9,24,18,51,20,31,37,42,130,16,0,16,146
01/12/2023,BGR,ME,ANE,EN,Combined TRACON& Tower with Radar,24,13,9,20,66,0,0,2,5,7,24,13,11,25,73,6,4,10,83
01/13/2023,BGR,ME,ANE,EN,Combined TRACON& Tower with Radar,25,18,11,2,56,0,0,0,0,0,25,18,11,2,56,0,0,0,56
01/14/2023,BGR,ME,ANE,EN,Combined TRACON& Tower with Radar,16,22,3,10,51,0,0,1,0,1,16,22,4,10,52,0,0,0,52
01/15/2023,BGR,ME,ANE,EN,Combined TRACON& Tower with Radar,17,6,5,4,32,0,2,2,0,4,17,8,7,4,36,0,0,0,36
01/16/2023,BGR,ME,ANE,EN,Combined TRACON& Tower with Radar,0,3,18,0,21,0,0,16,0,16,0,3,34,0,37,0,0,0,37
01/17/2023,BGR,ME,ANE,EN,Combined TRACON& Tower with Radar,24,26,8,6,64,0,2,8,0,10,24,28,16,6,74,2,0,2,76
01/18/2023,BGR,ME,ANE,EN,Combined TRACON& Tower with Radar,22,15,24,27,88,0,4,13,9,26,22,19,37,36,114,28,6,34,148
01/19/2023,BGR,ME,ANE,EN,Combined TRACON& Tower with Radar,26,16,20,34,96,0,0,12,11,23,26,16,32,45,119,0,0,0,119
01/20/2023,BGR,ME,ANE,EN,Combined TRACON& Tower with Radar,28,24,9,2,63,0,0,0,0,0,28,24,9,2,63,0,0,0,63
01/21/2023,BGR,ME,ANE,EN,Combined TRACON& Tower with Radar,14,21,9,3,47,0,5,11,9,25,14,26,20,12,72,38,0,38,110
01/22/2023,BGR,ME,ANE,EN,Combined TRACON& Tower with Radar,17,13,19,9,58,0,2,4,0,6,17,15,23,9,64,0,0,0,64
01/23/2023,BGR,ME,ANE,EN,Combined TRACON& Tower with Radar,9,4,2,0,15,0,0,0,0,0,9,4,2,0,15,0,0,0,15
01/24/2023,BGR,ME,ANE,EN,Combined TRACON& Tower with Radar,23,18,11,21,73,0,0,5,0,5,23,18,16,21,78,0,8,8,86
01/25/2023,BGR,ME,ANE,EN,Combined TRACON& Tower with Radar,19,17,13,31,80,0,1,2,4,7,19,18,15,35,87,34,0,34,121
01/26/2023,BGR,ME,ANE,EN,Combined TRACON& Tower with Radar,20,19,2,9,50,0,0,0,0,0,20,19,2,9,50,0,0,0,50
01/27/2023,BGR,ME,ANE,EN,Combined TRACON& Tower with Radar,26,15,36,4,81,0,5,17,0,22,26,20,53,4,103,18,0,18,121
01/28/2023,BGR,ME,ANE,EN,Combined TRACON& Tower with Radar,15,11,19,9,54,0,3,4,0,7,15,14,23,9,61,0,0,0,61
01/29/2023,BGR,ME,ANE,EN,Combined TRACON& Tower with Radar,20,13,16,3,52,0,2,9,0,11,20,15,25,3,63,2,0,2,65
01/30/2023,BGR,ME,ANE,EN,Combined TRACON& Tower with Radar,22,22,8,35,87,0,0,14,0,14,22,22,22,35,101,2,0,2,103
01/31/2023,BGR,ME,ANE,EN,Combined TRACON& Tower with Radar,21,12,13,41,87,0,5,13,1,19,21,17,26,42,106,46,22,68,174
02/01/2023,BGR,ME,ANE,EN,Combined TRACON& Tower with Radar,25,28,22,26,101,0,3,23,0,26,25,31,45,26,127,6,6,12,139
02/02/2023,BGR,ME,ANE,EN,Combined TRACON& Tower with Radar,28,12,14,18,72,0,3,13,8,24,28,15,27,26,96,0,0,0,96
02/03/2023,BGR,ME,ANE,EN,Combined TRACON& Tower with Radar,14,8,14,12,48,0,2,0,0,2,14,10,14,12,50,0,0,0,50
02/04/2023,BGR,ME,ANE,EN,Combined TRACON& Tower with Radar,6,13,11,6,36,0,1,0,0,1,6,14,11,6,37,0,0,0,37
02/05/2023,BGR,ME,ANE,EN,Combined TRACON& Tower with Radar,23,14,11,11,59,0,2,6,5,13,23,16,17,16,72,0,0,0,72
02/06/2023,BGR,ME,ANE,EN,Combined TRACON& Tower with Radar,22,20,11,24,77,0,0,14,0,14,22,20,25,24,91,16,0,16,107
02/07/2023,BGR,ME,ANE,EN,Combined TRACON& Tower with Radar,27,18,5,32,82,0,2,11,4,17,27,20,16,36,99,0,0,0,99
02/08/2023,BGR,ME,ANE,EN,Combined TRACON& Tower with Radar,23,22,18,26,89,0,5,8,4,17,23,27,26,30,106,2,10,12,118
02/09/2023,BGR,ME,ANE,EN,Combined TRACON& Tower with Radar,25,21,11,29,86,0,1,9,8,18,25,22,20,37,104,6,0,6,110
02/10/2023,BGR,ME,ANE,EN,Combined TRACON& Tower with Radar,24,17,12,1,54,0,0,0,2,2,24,17,12,3,56,0,10,10,66
02/11/2023,BGR,ME,ANE,EN,Combined TRACON& Tower with Radar,16,13,9,8,46,0,7,5,7,19,16,20,14,15,65,0,0,0,65
02/12/2023,BGR,ME,ANE,EN,Combined TRACON& Tower with Radar,21,6,6,6,39,0,5,19,0,24,21,11,25,6,63,0,0,0,63
02/13/2023,BGR,ME,ANE,EN,Combined TRACON& Tower with Radar,23,15,19,11,68,0,2,7,2,11,23,17,26,13,79,42,0,42,121
02/14/2023,BGR,ME,ANE,EN,Combined TRACON& Tower with Radar,28,15,11,5,59,0,2,12,3,17,28,17,23,8,76,0,0,0,76
02/15/2023,BGR,ME,ANE,EN,Combined TRACON& Tower with Radar,30,15,9,27,81,0,3,14,3,20,30,18,23,30,101,0,0,0,101
02/16/2023,BGR,ME,ANE,EN,Combined TRACON& Tower with Radar,29,26,9,32,96,0,2,12,13,27,29,28,21,45,123,16,6,22,145
02/17/2023,BGR,ME,ANE,EN,Combined TRACON& Tower with Radar,27,29,8,4,68,0,0,0,0,0,27,29,8,4,68,0,0,0,68
02/18/2023,BGR,ME,ANE,EN,Combined TRACON& Tower with Radar,22,27,18,5,72,0,5,16,0,21,22,32,34,5,93,10,0,10,103
02/19/2023,BGR,ME,ANE,EN,Combined TRACON& Tower with Radar,24,15,14,9,62,0,1,21,0,22,24,16,35,9,84,2,0,2,86
02/20/2023,BGR,ME,ANE,EN,Combined TRACON& Tower with Radar,25,21,26,6,78,0,4,2,1,7,25,25,28,7,85,0,0,0,85
02/21/2023,BGR,ME,ANE,EN,Combined TRACON& Tower with Radar,27,18,17,42,104,0,6,12,5,23,27,24,29,47,127,0,0,0,127
02/22/2023,BGR,ME,ANE,EN,Combined TRACON& Tower with Radar,26,19,4,31,80,0,1,1,6,8,26,20,5,37,88,6,10,16,104
02/23/2023,BGR,ME,ANE,EN,Combined TRACON& Tower with Radar,28,14,6,11,59,0,0,0,0,0,28,14,6,11,59,0,0,0,59
02/24/2023,BGR,ME,ANE,EN,Combined TRACON& Tower with Radar,24,28,16,8,76,0,2,2,0,4,24,30,18,8,80,0,0,0,80
02/25/2023,BGR,ME,ANE,EN,Combined TRACON& Tower with Radar,18,16,4,6,44,0,5,10,0,15,18,21,14,6,59,22,0,22,81
02/26/2023,BGR,ME,ANE,EN,Combined TRACON& Tower with Radar,24,16,6,2,48,0,0,0,0,0,24,16,6,2,48,0,0,0,48
02/27/2023,BGR,ME,ANE,EN,Combined TRACON& Tower with Radar,18,26,10,20,74,0,0,7,0,7,18,26,17,20,81,10,0,10,91
02/28/2023,BGR,ME,ANE,EN,Combined TRACON& Tower with Radar,22,10,7,10,49,0,0,0,2,2,22,10,7,12,51,0,0,0,51
03/01/2023,BGR,ME,ANE,EN,Combined TRACON& Tower with Radar,26,18,9,32,85,0,5,16,9,30,26,23,25,41,115,14,0,14,129
03/02/2023,BGR,ME,ANE,EN,Combined TRACON& Tower with Radar,26,15,4,0,45,0,0,0,0,0,26,15,4,0,45,0,0,0,45
03/03/2023,BGR,ME,ANE,EN,Combined TRACON& Tower with Radar,24,16,17,14,71,0,2,10,24,36,24,18,27,38,107,6,0,6,113
03/04/2023,BGR,ME,ANE,EN,Combined TRACON& Tower with Radar,13,9,10,7,39,0,0,1,0,1,13,9,11,7,40,0,0,0,40
03/05/2023,BGR,ME,ANE,EN,Combined TRACON& Tower with Radar,20,15,11,14,60,0,2,8,2,12,20,17,19,16,72,10,14,24,96
03/06/2023,BGR,ME,ANE,EN,Combined TRACON& Tower with Radar,21,23,8,10,62,0,0,0,1,1,21,23,8,11,63,0,0,0,63
03/07/2023,BGR,ME,ANE,EN,Combined TRACON& Tower with Radar,20,12,17,48,97,0,3,4,2,9,20,15,21,50,106,0,0,0,106
03/08/2023,BGR,ME,ANE,EN,Combined TRACON& Tower with Radar,24,11,12,27,74,0,2,2,4,8,24,13,14,31,82,0,10,10,92
03/09/2023,BGR,ME,ANE,EN,Combined TRACON& Tower with Radar,26,14,19,34,93,1,6,18,6,31,27,20,37,40,124,12,6,18,142
03/10/2023,BGR,ME,ANE,EN,Combined TRACON& Tower with Radar,27,23,29,6,85,0,1,17,5,23,27,24,46,11,108,18,0,18,126
03/11/2023,BGR,ME,ANE,EN,Combined TRACON& Tower with Radar,21,14,13,7,55,0,2,10,0,12,21,16,23,7,67,18,0,18,85
03/12/2023,BGR,ME,ANE,EN,Combined TRACON& Tower with Radar,19,14,22,3,58,0,3,22,0,25,19,17,44,3,83,30,0,30,113
03/13/2023,BGR,ME,ANE,EN,Combined TRACON& Tower with Radar,21,11,12,14,58,0,0,9,1,10,21,11,21,15,68,14,0,14,82
03/14/2023,BGR,ME,ANE,EN,Combined TRACON& Tower with Radar,11,9,1,1,22,0,1,2,0,3,11,10,3,1,25,0,0,0,25
03/15/2023,BGR,ME,ANE,EN,Combined TRACON& Tower with Radar,21,16,18,4,59,0,0,0,0,0,21,16,18,4,59,0,0,0,59
03/16/2023,BGR,ME,ANE,EN,Combined TRACON& Tower with Radar,27,19,16,5,67,0,4,15,12,31,27,23,31,17,98,6,0,6,104
03/17/2023,BGR,ME,ANE,EN,Combined TRACON& Tower with Radar,19,22,15,7,63,0,2,4,7,13,19,24,19,14,76,12,18,30,106
03/18/2023,BGR,ME,ANE,EN,Combined TRACON& Tower with Radar,19,18,22,2,61,0,1,7,0,8,19,19,29,2,69,0,4,4,73
03/19/2023,BGR,ME,ANE,EN,Combined TRACON& Tower with Radar,23,19,17,6,65,0,1,0,0,1,23,20,17,6,66,0,0,0,66
03/20/2023,BGR,ME,ANE,EN,Combined TRACON& Tower with Radar,19,22,19,21,81,0,3,8,2,13,19,25,27,23,94,0,0,0,94
03/21/2023,BGR,ME,ANE,EN,Combined TRACON& Tower with Radar,20,19,20,36,95,0,6,15,7,28,20,25,35,43,123,0,26,26,149
03/22/2023,BGR,ME,ANE,EN,Combined TRACON& Tower with Radar,23,14,17,29,83,0,3,25,4,32,23,17,42,33,115,64,36,100,215
03/23/2023,BGR,ME,ANE,EN,Combined TRACON& Tower with Radar,23,14,18,17,72,0,0,0,0,0,23,14,18,17,72,0,0,0,72
03/24/2023,BGR,ME,ANE,EN,Combined TRACON& Tower with Radar,26,16,27,12,81,0,0,4,2,6,26,16,31,14,87,0,0,0,87
03/25/2023,BGR,ME,ANE,EN,Combined TRACON& Tower with Radar,19,19,11,5,54,0,2,10,0,12,19,21,21,5,66,14,0,14,80
03/26/2023,BGR,ME,ANE,EN,Combined TRACON& Tower with Radar,25,6,15,1,47,0,1,0,0,1,25,7,15,1,48,0,0,0,48
03/27/2023,BGR,ME,ANE,EN,Combined TRACON& Tower with Radar,23,11,7,19,60,0,6,8,4,18,23,17,15,23,78,8,4,12,90
03/28/2023,BGR,ME,ANE,EN,Combined TRACON& Tower with Radar,24,24,12,20,80,0,3,8,14,25,24,27,20,34,105,0,8,8,113
03/29/2023,BGR,ME,ANE,EN,Combined TRACON& Tower with Radar,27,11,19,26,83,0,3,49,7,59,27,14,68,33,142,14,2,16,158
03/30/2023,BGR,ME,ANE,EN,Combined TRACON& Tower with Radar,30,17,15,34,96,0,8,4,13,25,30,25,19,47,121,6,6,12,133
03/31/2023,BGR,ME,ANE,EN,Combined TRACON& Tower with Radar,30,18,8,22,78,0,6,12,3,21,30,24,20,25,99,6,4,10,109
04/01/2023,BGR,ME,ANE,EN,Combined TRACON& Tower with Radar,22,17,20,0,59,0,0,0,0,0,22,17,20,0,59,0,0,0,59
04/02/2023,BGR,ME,ANE,EN,Combined TRACON& Tower with Radar,26,14,8,14,62,0,2,2,16,20,26,16,10,30,82,6,0,6,88
04/03/2023,BGR,ME,ANE,EN,Combined TRACON& Tower with Radar,23,10,15,30,78,0,4,4,1,9,23,14,19,31,87,0,4,4,91
04/04/2023,BGR,ME,ANE,EN,Combined TRACON& Tower with Radar,33,24,19,39,115,0,2,14,9,25,33,26,33,48,140,12,4,16,156
04/05/2023,BGR,ME,ANE,EN,Combined TRACON& Tower with Radar,31,15,22,20,88,0,3,11,2,16,31,18,33,22,104,0,0,0,104
04/06/2023,BGR,ME,ANE,EN,Combined TRACON& Tower with Radar,32,32,10,16,90,0,0,1,0,1,32,32,11,16,91,0,0,0,91
04/07/2023,BGR,ME,ANE,EN,Combined TRACON& Tower with Radar,32,25,16,17,90,0,3,6,4,13,32,28,22,21,103,0,0,0,103
04/08/2023,BGR,ME,ANE,EN,Combined TRACON& Tower with Radar,30,17,9,14,70,0,0,14,0,14,30,17,23,14,84,22,2,24,108
04/09/2023,BGR,ME,ANE,EN,Combined TRACON& Tower with Radar,33,10,11,10,64,0,0,18,0,18,33,10,29,10,82,12,0,12,94
04/10/2023,BGR,ME,ANE,EN,Combined TRACON& Tower with Radar,32,9,9,31,81,0,0,19,4,23,32,9,28,35,104,16,2,18,122
04/11/2023,BGR,ME,ANE,EN,Combined TRACON& Tower with Radar,32,12,10,15,69,0,1,9,9,19,32,13,19,24,88,4,2,6,94
04/12/2023,BGR,ME,ANE,EN,Combined TRACON& Tower with Radar,33,15,13,26,87,0,0,3,2,5,33,15,16,28,92,2,2,4,96
04/13/2023,BGR,ME,ANE,EN,Combined TRACON& Tower with Radar,31,18,21,62,132,0,1,19,0,20,31,19,40,62,152,2,10,12,164
04/14/2023,BGR,ME,ANE,EN,Combined TRACON& Tower with Radar,33,19,9,19,80,0,3,14,5,22,33,22,23,24,102,10,0,10,112
04/15/2023,BGR,ME,ANE,EN,Combined TRACON& Tower with Radar,30,18,23,11,82,0,4,15,1,20,30,22,38,12,102,0,40,40,142
04/16/2023,BGR,ME,ANE,EN,Combined TRACON& Tower with Radar,29,15,15,6,65,0,0,4,0,4,29,15,19,6,69,0,0,0,69
04/17/2023,BGR,ME,ANE,EN,Combined TRACON& Tower with Radar,30,19,12,19,80,0,0,0,0,0,30,19,12,19,80,0,0,0,80
04/18/2023,BGR,ME,ANE,EN,Combined TRACON& Tower with Radar,35,13,19,29,96,0,2,3,0,5,35,15,22,29,101,0,0,0,101
04/19/2023,BGR,ME,ANE,EN,Combined TRACON& Tower with Radar,31,21,8,29,89,0,1,3,9,13,31,22,11,38,102,20,0,20,122
04/20/2023,BGR,ME,ANE,EN,Combined TRACON& Tower with Radar,34,19,16,29,98,0,3,13,6,22,34,22,29,35,120,0,10,10,130
04/21/2023,BGR,ME,ANE,EN,Combined TRACON& Tower with Radar,32,20,26,6,84,0,2,19,4,25,32,22,45,10,109,10,0,10,119
04/22/2023,BGR,ME,ANE,EN,Combined TRACON& Tower with Radar,27,16,28,12,83,0,1,16,0,17,27,17,44,12,100,4,0,4,104
04/23/2023,BGR,ME,ANE,EN,Combined TRACON& Tower with Radar,33,12,14,11,70,0,0,7,0,7,33,12,21,11,77,2,0,2,79
04/24/2023,BGR,ME,ANE,EN,Combined TRACON& Tower with Radar,35,21,14,20,90,0,0,0,0,0,35,21,14,20,90,0,0,0,90
04/25/2023,BGR,ME,ANE,EN,Combined TRACON& Tower with Radar,38,13,14,25,90,0,0,1,0,1,38,13,15,25,91,0,0,0,91
04/26/2023,BGR,ME,ANE,EN,Combined TRACON& Tower with Radar,30,16,24,20,90,0,2,6,0,8,30,18,30,20,98,0,0,0,98
04/27/2023,BGR,ME,ANE,EN,Combined TRACON& Tower with Radar,32,20,22,46,120,0,3,22,3,28,32,23,44,49,148,12,12,24,172
04/28/2023,BGR,ME,ANE,EN,Combined TRACON& Tower with Radar,34,12,29,10,85,0,2,35,2,39,34,14,64,12,124,18,0,18,142
04/29/2023,BGR,ME,ANE,EN,Combined TRACON& Tower with Radar,23,16,22,12,73,0,3,14,0,17,23,19,36,12,90,0,0,0,90
04/30/2023,BGR,ME,ANE,EN,Combined TRACON& Tower with Radar,27,6,8,7,48,0,1,0,0,1,27,7,8,7,49,0,0,0,49
05/01/2023,BGR,ME,ANE,EN,Combined TRACON& Tower with Radar,30,13,15,28,86,0,1,6,0,7,30,14,21,28,93,10,14,24,117
05/02/2023,BGR,ME,ANE,EN,Combined TRACON& Tower with Radar,30,20,13,56,119,0,1,17,0,18,30,21,30,56,137,8,14,22,159
05/03/2023,BGR,ME,ANE,EN,Combined TRACON& Tower with Radar,30,22,27,23,102,0,2,0,0,2,30,24,27,23,104,0,2,2,106
05/04/2023,BGR,ME,ANE,EN,Combined TRACON& Tower with Radar,30,20,17,10,77,0,2,0,0,2,30,22,17,10,79,0,0,0,79
05/05/2023,BGR,ME,ANE,EN,Combined TRACON& Tower with Radar,33,14,19,14,80,0,2,20,4,26,33,16,39,18,106,6,0,6,112
05/06/2023,BGR,ME,ANE,EN,Combined TRACON& Tower with Radar,24,15,10,7,56,0,2,25,11,38,24,17,35,18,94,0,0,0,94
05/07/2023,BGR,ME,ANE,EN,Combined TRACON& Tower with Radar,29,6,19,18,72,0,0,29,3,32,29,6,48,21,104,14,0,14,118
05/08/2023,BGR,ME,ANE,EN,Combined TRACON& Tower with Radar,29,14,4,34,81,0,0,12,0,12,29,14,16,34,93,4,8,12,105
05/09/2023,BGR,ME,ANE,EN,Combined TRACON& Tower with Radar,29,17,18,39,103,0,1,36,8,45,29,18,54,47,148,12,4,16,164
05/10/2023,BGR,ME,ANE,EN,Combined TRACON& Tower with Radar,34,24,19,15,92,0,4,34,0,38,34,28,53,15,130,10,0,10,140
05/11/2023,BGR,ME,ANE,EN,Combined TRACON& Tower with Radar,29,20,16,18,83,0,2,24,12,38,29,22,40,30,121,26,0,26,147
05/12/2023,BGR,ME,ANE,EN,Combined TRACON& Tower with Radar,39,17,20,20,96,0,0,24,4,28,39,17,44,24,124,28,0,28,152
05/13/2023,BGR,ME,ANE,EN,Combined TRACON& Tower with Radar,20,19,25,9,73,0,2,15,0,17,20,21,40,9,90,0,0,0,90
05/14/2023,BGR,ME,ANE,EN,Combined TRACON& Tower with Radar,27,13,9,2,51,0,1,11,0,12,27,14,20,2,63,0,0,0,63
05/15/2023,BGR,ME,ANE,EN,Combined TRACON& Tower with Radar,31,19,7,22,79,0,2,14,2,18,31,21,21,24,97,0,0,0,97
05/16/2023,BGR,ME,ANE,EN,Combined TRACON& Tower with Radar,30,22,14,27,93,0,2,14,10,26,30,24,28,37,119,46,0,46,165
05/17/2023,BGR,ME,ANE,EN,Combined TRACON& Tower with Radar,32,23,15,18,88,0,1,10,8,19,32,24,25,26,107,10,8,18,125
05/18/2023,BGR,ME,ANE,EN,Combined TRACON& Tower with Radar,30,26,33,29,118,0,4,26,6,36,30,30,59,35,154,14,8,22,176
05/19/2023,BGR,ME,ANE,EN,Combined TRACON& Tower with Radar,33,28,15,5,81,0,0,13,2,15,33,28,28,7,96,8,0,8,104
05/20/2023,BGR,ME,ANE,EN,Combined TRACON& Tower with Radar,21,20,14,8,63,0,1,4,0,5,21,21,18,8,68,4,0,4,72
05/21/2023,BGR,ME,ANE,EN,Combined TRACON& Tower with Radar,26,11,34,5,76,0,0,7,4,11,26,11,41,9,87,10,10,20,107
05/22/2023,BGR,ME,ANE,EN,Combined TRACON& Tower with Radar,28,13,18,32,91,0,1,35,0,36,28,14,53,32,127,4,6,10,137
05/23/2023,BGR,ME,ANE,EN,Combined TRACON& Tower with Radar,30,21,19,27,97,0,8,26,7,41,30,29,45,34,138,8,8,16,154
05/24/2023,BGR,ME,ANE,EN,Combined TRACON& Tower with Radar,31,21,22,27,101,0,4,8,4,16,31,25,30,31,117,6,14,20,137
05/25/2023,BGR,ME,ANE,EN,Combined TRACON& Tower with Radar,33,20,19,6,78,0,7,12,8,27,33,27,31,14,105,0,0,0,105
05/26/2023,BGR,ME,ANE,EN,Combined TRACON& Tower with Radar,32,16,39,6,93,0,1,18,2,21,32,17,57,8,114,8,0,8,122
05/27/2023,BGR,ME,ANE,EN,Combined TRACON& Tower with Radar,24,20,25,3,72,0,1,15,0,16,24,21,40,3,88,0,0,0,88
05/28/2023,BGR,ME,ANE,EN,Combined TRACON& Tower with Radar,31,11,9,5,56,0,1,13,0,14,31,12,22,5,70,24,0,24,94
05/29/2023,BGR,ME,ANE,EN,Combined TRACON& Tower with Radar,31,15,18,4,68,0,1,16,4,21,31,16,34,8,89,8,0,8,97
05/30/2023,BGR,ME,ANE,EN,Combined TRACON& Tower with Radar,27,17,22,17,83,0,2,24,14,40,27,19,46,31,123,0,4,4,127
05/31/2023,BGR,ME,ANE,EN,Combined TRACON& Tower with Radar,34,24,37,22,117,0,0,14,4,18,34,24,51,26,135,0,4,4,139
06/01/2023,BGR,ME,ANE,EN,Combined TRACON& Tower with Radar,39,18,16,27,100,0,4,8,6,18,39,22,24,33,118,0,2,2,120
06/02/2023,BGR,ME,ANE,EN,Combined TRACON& Tower with Radar,35,15,29,15,94,0,0,13,9,22,35,15,42,24,116,0,0,0,116
06/03/2023,BGR,ME,ANE,EN,Combined TRACON& Tower with Radar,35,16,24,15,90,0,1,1,6,8,35,17,25,21,98,10,10,20,118
06/04/2023,BGR,ME,ANE,EN,Combined TRACON& Tower with Radar,36,22,28,10,96,0,1,2,0,3,36,23,30,10,99,0,0,0,99
06/05/2023,BGR,ME,ANE,EN,Combined TRACON& Tower with Radar,34,13,31,16,94,0,0,0,0,0,34,13,31,16,94,0,0,0,94
06/06/2023,BGR,ME,ANE,EN,Combined TRACON& Tower with Radar,32,16,17,29,94,0,3,3,1,7,32,19,20,30,101,0,0,0,101
06/07/2023,BGR,ME,ANE,EN,Combined TRACON& Tower with Radar,37,18,27,37,119,0,5,0,2,7,37,23,27,39,126,0,6,6,132
06/08/2023,BGR,ME,ANE,EN,Combined TRACON& Tower with Radar,38,33,29,17,117,0,4,1,4,9,38,37,30,21,126,10,0,10,136
06/09/2023,BGR,ME,ANE,EN,Combined TRACON& Tower with Radar,38,20,35,8,101,0,3,5,4,12,38,23,40,12,113,2,12,14,127
06/10/2023,BGR,ME,ANE,EN,Combined TRACON& Tower with Radar,42,19,34,11,106,0,4,1,12,17,42,23,35,23,123,2,6,8,131
06/11/2023,BGR,ME,ANE,EN,Combined TRACON& Tower with Radar,38,11,27,13,89,0,1,30,28,59,38,12,57,41,148,18,0,18,166
06/12/2023,BGR,ME,ANE,EN,Combined TRACON& Tower with Radar,31,29,27,35,122,0,0,41,20,61,31,29,68,55,183,34,4,38,221
06/13/2023,BGR,ME,ANE,EN,Combined TRACON& Tower with Radar,39,19,16,31,105,0,0,3,6,9,39,19,19,37,114,2,8,10,124
06/14/2023,BGR,ME,ANE,EN,Combined TRACON& Tower with Radar,40,21,23,18,102,0,1,0,0,1,40,22,23,18,103,0,0,0,103
06/15/2023,BGR,ME,ANE,EN,Combined TRACON& Tower with Radar,38,27,35,47,147,0,4,6,0,10,38,31,41,47,157,12,4,16,173
06/16/2023,BGR,ME,ANE,EN,Combined TRACON& Tower with Radar,41,33,34,3,111,0,1,10,0,11,41,34,44,3,122,10,0,10,132
06/17/2023,BGR,ME,ANE,EN,Combined TRACON& Tower with Radar,38,25,19,2,84,0,1,0,0,1,38,26,19,2,85,0,0,0,85
06/18/2023,BGR,ME,ANE,EN,Combined TRACON& Tower with Radar,35,16,36,6,93,0,1,0,0,1,35,17,36,6,94,10,0,10,104
06/19/2023,BGR,ME,ANE,EN,Combined TRACON& Tower with Radar,34,23,36,4,97,0,1,17,0,18,34,24,53,4,115,0,0,0,115
06/20/2023,BGR,ME,ANE,EN,Combined TRACON& Tower with Radar,37,19,29,25,110,0,2,10,1,13,37,21,39,26,123,4,0,4,127
06/21/2023,BGR,ME,ANE,EN,Combined TRACON& Tower with Radar,39,21,22,30,112,0,1,41,1,43,39,22,63,31,155,4,0,4,159
06/22/2023,BGR,ME,ANE,EN,Combined TRACON& Tower with Radar,38,17,30,32,117,0,0,27,8,35,38,17,57,40,152,8,6,14,166
06/23/2023,BGR,ME,ANE,EN,Combined TRACON& Tower with Radar,36,26,34,14,110,0,2,17,8,27,36,28,51,22,137,0,20,20,157
06/24/2023,BGR,ME,ANE,EN,Combined TRACON& Tower with Radar,39,19,26,5,89,0,0,6,0,6,39,19,32,5,95,2,0,2,97
06/25/2023,BGR,ME,ANE,EN,Combined TRACON& Tower with Radar,27,21,57,4,109,0,1,7,0,8,27,22,64,4,117,0,0,0,117
06/26/2023,BGR,ME,ANE,EN,Combined TRACON& Tower with Radar,28,24,22,37,111,0,0,0,0,0,28,24,22,37,111,0,0,0,111
06/27/2023,BGR,ME,ANE,EN,Combined TRACON& Tower with Radar,28,31,22,48,129,0,0,0,0,0,28,31,22,48,129,0,0,0,129
06/28/2023,BGR,ME,ANE,EN,Combined TRACON& Tower with Radar,34,27,25,8,94,0,0,0,0,0,34,27,25,8,94,0,0,0,94
06/29/2023,BGR,ME,ANE,EN,Combined TRACON& Tower with Radar,41,23,53,13,130,0,0,2,0,2,41,23,55,13,132,14,0,14,146
06/30/2023,BGR,ME,ANE,EN,Combined TRACON& Tower with Radar,37,22,42,9,110,0,1,25,0,26,37,23,67,9,136,28,0,28,164
07/01/2023,BGR,ME,ANE,EN,Combined TRACON& Tower with Radar,42,26,36,4,108,0,3,3,0,6,42,29,39,4,114,8,0,8,122
07/02/2023,BGR,ME,ANE,EN,Combined TRACON& Tower with Radar,33,19,31,4,87,0,0,1,0,1,33,19,32,4,88,0,0,0,88
07/03/2023,BGR,ME,ANE,EN,Combined TRACON& Tower with Radar,31,13,25,4,73,0,3,5,0,8,31,16,30,4,81,18,0,18,99
07/04/2023,BGR,ME,ANE,EN,Combined TRACON& Tower with Radar,30,13,19,0,62,0,2,9,0,11,30,15,28,0,73,34,0,34,107
07/05/2023,BGR,ME,ANE,EN,Combined TRACON& Tower with Radar,42,18,24,24,108,0,0,21,5,26,42,18,45,29,134,28,16,44,178
07/06/2023,BGR,ME,ANE,EN,Combined TRACON& Tower with Radar,35,13,28,45,121,0,3,37,15,55,35,16,65,60,176,4,2,6,182
07/07/2023,BGR,ME,ANE,EN,Combined TRACON& Tower with Radar,26,12,9,10,57,0,2,5,3,10,26,14,14,13,67,0,0,0,67
07/08/2023,BGR,ME,ANE,EN,Combined TRACON& Tower with Radar,35,26,34,19,114,0,0,6,10,16,35,26,40,29,130,0,0,0,130
07/09/2023,BGR,ME,ANE,EN,Combined TRACON& Tower with Radar,24,19,46,5,94,0,0,3,0,3,24,19,49,5,97,0,0,0,97
07/10/2023,BGR,ME,ANE,EN,Combined TRACON& Tower with Radar,34,23,27,13,97,0,0,0,0,0,34,23,27,13,97,0,0,0,97
07/11/2023,BGR,ME,ANE,EN,Combined TRACON& Tower with Radar,35,28,19,37,119,0,0,6,0,6,35,28,25,37,125,0,4,4,129
07/12/2023,BGR,ME,ANE,EN,Combined TRACON& Tower with Radar,34,18,30,17,99,0,0,37,3,40,34,18,67,20,139,18,0,18,157
07/13/2023,BGR,ME,ANE,EN,Combined TRACON& Tower with Radar,37,13,15,29,94,0,0,23,10,33,37,13,38,39,127,6,22,28,155
07/14/2023,BGR,ME,ANE,EN,Combined TRACON& Tower with Radar,34,18,22,12,86,0,2,11,2,15,34,20,33,14,101,0,0,0,101
07/15/2023,BGR,ME,ANE,EN,Combined TRACON& Tower with Radar,36,18,51,8,113,0,0,3,0,3,36,18,54,8,116,0,0,0,116
07/16/2023,BGR,ME,ANE,EN,Combined TRACON& Tower with Radar,31,20,26,2,79,0,0,0,0,0,31,20,26,2,79,0,4,4,83
07/17/2023,BGR,ME,ANE,EN,Combined TRACON& Tower with Radar,35,34,30,18,117,0,2,11,0,13,35,36,41,18,130,0,6,6,136
07/18/2023,BGR,ME,ANE,EN,Combined TRACON& Tower with Radar,36,17,30,33,116,0,4,6,2,12,36,21,36,35,128,10,0,10,138
07/19/2023,BGR,ME,ANE,EN,Combined TRACON& Tower with Radar,37,14,21,33,105,0,1,11,6,18,37,15,32,39,123,0,0,0,123
07/20/2023,BGR,ME,ANE,EN,Combined TRACON& Tower with Radar,37,12,21,35,105,0,6,27,20,53,37,18,48,55,158,6,22,28,186
07/21/2023,BGR,ME,ANE,EN,Combined TRACON& Tower with Radar,37,17,33,9,96,0,1,10,0,11,37,18,43,9,107,8,0,8,115
07/22/2023,BGR,ME,ANE,EN,Combined TRACON& Tower with Radar,37,21,39,3,100,0,1,12,2,15,37,22,51,5,115,0,0,0,115
07/23/2023,BGR,ME,ANE,EN,Combined TRACON& Tower with Radar,38,28,24,4,94,0,1,14,2,17,38,29,38,6,111,0,0,0,111
07/24/2023,BGR,ME,ANE,EN,Combined TRACON& Tower with Radar,14,12,18,16,60,23,2,20,6,51,37,14,38,22,111,0,8,8,119
07/25/2023,BGR,ME,ANE,EN,Combined TRACON& Tower with Radar,10,15,26,26,77,19,3,23,12,57,29,18,49,38,134,0,6,6,140
07/26/2023,BGR,ME,ANE,EN,Combined TRACON& Tower with Radar,17,19,16,30,82,22,4,17,9,52,39,23,33,39,134,8,2,10,144
07/27/2023,BGR,ME,ANE,EN,Combined TRACON& Tower with Radar,22,16,19,19,76,22,0,9,4,35,44,16,28,23,111,0,0,0,111
07/28/2023,BGR,ME,ANE,EN,Combined TRACON& Tower with Radar,16,28,40,9,93,22,2,23,0,47,38,30,63,9,140,0,0,0,140
07/29/2023,BGR,ME,ANE,EN,Combined TRACON& Tower with Radar,19,13,19,5,56,19,8,19,0,46,38,21,38,5,102,0,0,0,102
07/30/2023,BGR,ME,ANE,EN,Combined TRACON& Tower with Radar,12,14,26,1,53,22,10,22,0,54,34,24,48,1,107,6,0,6,113
07/31/2023,BGR,ME,ANE,EN,Combined TRACON& Tower with Radar,11,21,30,14,76,23,7,19,0,49,34,28,49,14,125,4,10,14,139
08/01/2023,BGR,ME,ANE,EN,Combined TRACON& Tower with Radar,10,22,25,16,73,24,7,23,16,70,34,29,48,32,143,20,12,32,175
08/02/2023,BGR,ME,ANE,EN,Combined TRACON& Tower with Radar,12,11,35,7,65,24,2,48,4,78,36,13,83,11,143,20,0,20,163
08/03/2023,BGR,ME,ANE,EN,Combined TRACON& Tower with Radar,12,10,34,9,65,24,6,33,8,71,36,16,67,17,136,14,0,14,150
08/04/2023,BGR,ME,ANE,EN,Combined TRACON& Tower with Radar,14,16,13,11,54,19,5,9,0,33,33,21,22,11,87,0,0,0,87
08/05/2023,BGR,ME,ANE,EN,Combined TRACON& Tower with Radar,23,19,28,5,75,21,7,32,0,60,44,26,60,5,135,0,0,0,135
08/06/2023,BGR,ME,ANE,EN,Combined TRACON& Tower with Radar,10,17,36,0,63,21,4,33,0,58,31,21,69,0,121,20,0,20,141
08/07/2023,BGR,ME,ANE,EN,Combined TRACON& Tower with Radar,9,24,28,18,79,19,3,25,4,51,28,27,53,22,130,6,8,14,144
08/08/2023,BGR,ME,ANE,EN,Combined TRACON& Tower with Radar,11,18,14,29,72,23,1,0,0,24,34,19,14,29,96,10,0,10,106
08/09/2023,BGR,ME,ANE,EN,Combined TRACON& Tower with Radar,16,11,29,27,83,25,1,23,1,50,41,12,52,28,133,24,4,28,161
08/10/2023,BGR,ME,ANE,EN,Combined TRACON& Tower with Radar,16,18,10,20,64,22,2,28,0,52,38,20,38,20,116,0,8,8,124
08/11/2023,BGR,ME,ANE,EN,Combined TRACON& Tower with Radar,14,20,23,10,67,27,6,20,0,53,41,26,43,10,120,0,0,0,120
08/12/2023,BGR,ME,ANE,EN,Combined TRACON& Tower with Radar,21,19,18,1,59,20,4,40,0,64,41,23,58,1,123,12,0,12,135
08/13/2023,BGR,ME,ANE,EN,Combined TRACON& Tower with Radar,11,13,28,2,54,24,2,4,0,30,35,15,32,2,84,6,0,6,90
08/14/2023,BGR,ME,ANE,EN,Combined TRACON& Tower with Radar,12,16,24,26,78,23,5,35,0,63,35,21,59,26,141,8,2,10,151
08/15/2023,BGR,ME,ANE,EN,Combined TRACON& Tower with Radar,14,23,17,27,81,27,0,10,13,50,41,23,27,40,131,0,0,0,131
08/16/2023,BGR,ME,ANE,EN,Combined TRACON& Tower with Radar,11,27,30,36,104,25,9,12,7,53,36,36,42,43,157,20,0,20,177
08/17/2023,BGR,ME,ANE,EN,Combined TRACON& Tower with Radar,14,22,27,26,89,25,4,16,2,47,39,26,43,28,136,0,0,0,136
08/18/2023,BGR,ME,ANE,EN,Combined TRACON& Tower with Radar,15,23,19,11,68,27,1,6,0,34,42,24,25,11,102,18,8,26,128
08/19/2023,BGR,ME,ANE,EN,Combined TRACON& Tower with Radar,19,19,27,11,76,22,6,19,2,49,41,25,46,13,125,0,0,0,125
08/20/2023,BGR,ME,ANE,EN,Combined TRACON& Tower with Radar,13,16,25,4,58,25,7,25,0,57,38,23,50,4,115,0,0,0,115
08/21/2023,BGR,ME,ANE,EN,Combined TRACON& Tower with Radar,17,17,15,30,79,24,1,19,5,49,41,18,34,35,128,4,4,8,136
08/22/2023,BGR,ME,ANE,EN,Combined TRACON& Tower with Radar,11,21,29,29,90,26,3,20,16,65,37,24,49,45,155,8,2,10,165
08/23/2023,BGR,ME,ANE,EN,Combined TRACON& Tower with Radar,9,20,24,31,84,24,1,47,3,75,33,21,71,34,159,54,4,58,217
08/24/2023,BGR,ME,ANE,EN,Combined TRACON& Tower with Radar,14,17,28,34,93,27,2,38,20,87,41,19,66,54,180,6,18,24,204
08/25/2023,BGR,ME,ANE,EN,Combined TRACON& Tower with Radar,12,22,23,5,62,25,0,3,0,28,37,22,26,5,90,0,0,0,90
08/26/2023,BGR,ME,ANE,EN,Combined TRACON& Tower with Radar,15,17,22,2,56,24,1,7,0,32,39,18,29,2,88,0,0,0,88
08/27/2023,BGR,ME,ANE,EN,Combined TRACON& Tower with Radar,12,15,14,0,41,24,13,20,1,58,36,28,34,1,99,0,0,0,99
08/28/2023,BGR,ME,ANE,EN,Combined TRACON& Tower with Radar,11,15,18,27,71,25,4,15,1,45,36,19,33,28,116,0,0,0,116
08/29/2023,BGR,ME,ANE,EN,Combined TRACON& Tower with Radar,13,18,21,28,80,26,4,15,5,50,39,22,36,33,130,0,0,0,130
08/30/2023,BGR,ME,ANE,EN,Combined TRACON& Tower with Radar,10,21,20,17,68,26,3,7,0,36,36,24,27,17,104,12,18,30,134
08/31/2023,BGR,ME,ANE,EN,Combined TRACON& Tower with Radar,12,13,39,38,102,25,3,33,9,70,37,16,72,47,172,10,18,28,200
