01/01/2000,BHM,AL,ASO,ES,Towers with Radar,32,38,45,1,116,24,5,0,0,29,56,43,45,1,145,0,0,0,145
01/02/2000,BHM,AL,ASO,ES,Towers with Radar,70,79,114,3,266,20,0,23,0,43,90,79,137,3,309,22,0,22,331
01/03/2000,BHM,AL,ASO,ES,Towers with Radar,95,87,87,4,273,3,5,14,0,22,98,92,101,4,295,18,0,18,313
01/04/2000,BHM,AL,ASO,ES,Towers with Radar,90,106,145,17,358,0,24,14,0,38,90,130,159,17,396,34,4,38,434
01/05/2000,BHM,AL,ASO,ES,Towers with Radar,95,119,164,18,396,0,0,67,0,67,95,119,231,18,463,24,2,26,489
01/06/2000,BHM,AL,ASO,ES,Towers with Radar,92,108,147,18,365,0,11,68,13,92,92,119,215,31,457,26,6,32,489
01/07/2000,BHM,AL,ASO,ES,Towers with Radar,98,113,155,19,385,0,0,66,49,115,98,113,221,68,500,18,0,18,518
01/08/2000,BHM,AL,ASO,ES,Towers with Radar,54,61,86,9,210,24,19,25,0,68,78,80,111,9,278,18,0,18,296
01/09/2000,BHM,AL,ASO,ES,Towers with Radar,78,67,66,14,225,1,5,3,0,9,79,72,69,14,234,10,0,10,244
01/10/2000,BHM,AL,ASO,ES,Towers with Radar,89,98,145,18,350,0,0,27,21,48,89,98,172,39,398,4,16,20,418
01/11/2000,BHM,AL,ASO,ES,Towers with Radar,95,116,159,20,390,0,6,61,7,74,95,122,220,27,464,41,16,57,521
01/12/2000,BHM,AL,ASO,ES,Towers with Radar,103,120,186,23,432,0,0,23,25,48,103,120,209,48,480,10,16,26,506
01/13/2000,BHM,AL,ASO,ES,Towers with Radar,98,112,181,23,414,0,0,77,28,105,98,112,258,51,519,39,40,79,598
01/14/2000,BHM,AL,ASO,ES,Towers with Radar,88,123,165,19,395,0,2,82,0,84,88,125,247,19,479,10,0,10,489
01/15/2000,BHM,AL,ASO,ES,Towers with Radar,47,53,74,2,176,27,22,49,0,98,74,75,123,2,274,36,4,40,314
01/16/2000,BHM,AL,ASO,ES,Towers with Radar,59,67,92,7,225,20,14,22,0,56,79,81,114,7,281,24,0,24,305
01/17/2000,BHM,AL,ASO,ES,Towers with Radar,77,86,117,6,286,12,2,25,0,39,89,88,142,6,325,0,0,0,325
01/18/2000,BHM,AL,ASO,ES,Towers with Radar,97,111,177,21,406,0,0,44,0,44,97,111,221,21,450,28,0,28,478
01/19/2000,BHM,AL,ASO,ES,Towers with Radar,91,128,179,22,420,0,0,33,9,42,91,128,212,31,462,42,12,54,516
01/20/2000,BHM,AL,ASO,ES,Towers with Radar,91,124,167,21,403,0,4,43,16,63,91,128,210,37,466,18,10,28,494
01/21/2000,BHM,AL,ASO,ES,Towers with Radar,92,113,175,22,402,0,0,56,24,80,92,113,231,46,482,20,18,38,520
01/22/2000,BHM,AL,ASO,ES,Towers with Radar,40,46,64,8,158,35,18,9,1,63,75,64,73,9,221,22,2,24,245
01/23/2000,BHM,AL,ASO,ES,Towers with Radar,46,52,56,6,160,23,25,0,0,48,69,77,56,6,208,3,6,9,217
01/24/2000,BHM,AL,ASO,ES,Towers with Radar,82,102,145,18,347,0,0,6,0,6,82,102,151,18,353,12,4,16,369
01/25/2000,BHM,AL,ASO,ES,Towers with Radar,90,112,159,20,381,0,0,53,1,54,90,112,212,21,435,12,6,18,453
01/26/2000,BHM,AL,ASO,ES,Towers with Radar,105,100,188,24,417,0,0,42,8,50,105,100,230,32,467,0,0,0,467
01/27/2000,BHM,AL,ASO,ES,Towers with Radar,77,102,138,17,334,0,21,69,8,98,77,123,207,25,432,22,12,34,466
01/28/2000,BHM,AL,ASO,ES,Towers with Radar,68,98,33,3,202,3,3,0,0,6,71,101,33,3,208,0,0,0,208
01/29/2000,BHM,AL,ASO,ES,Towers with Radar,30,34,39,0,103,31,34,0,0,65,61,68,39,0,168,0,0,0,168
01/30/2000,BHM,AL,ASO,ES,Towers with Radar,38,43,61,2,144,36,30,10,0,76,74,73,71,2,220,2,0,2,222
01/31/2000,BHM,AL,ASO,ES,Towers with Radar,94,96,145,17,352,0,0,72,8,80,94,96,217,25,432,12,7,19,451
02/01/2000,BHM,AL,ASO,ES,Towers with Radar,86,113,161,25,385,0,17,54,17,88,86,130,215,42,473,6,15,21,494
02/02/2000,BHM,AL,ASO,ES,Towers with Radar,88,112,170,26,396,0,0,19,28,47,88,112,189,54,443,1,1,2,445
02/03/2000,BHM,AL,ASO,ES,Towers with Radar,89,116,165,25,395,0,2,53,34,89,89,118,218,59,484,0,0,0,484
02/04/2000,BHM,AL,ASO,ES,Towers with Radar,97,111,161,24,393,1,0,60,22,83,98,111,221,46,476,2,14,16,492
02/05/2000,BHM,AL,ASO,ES,Towers with Radar,54,63,90,13,220,23,11,62,0,96,77,74,152,13,316,12,0,12,328
02/06/2000,BHM,AL,ASO,ES,Towers with Radar,60,70,99,15,244,23,6,37,23,89,83,76,136,38,333,13,0,13,346
02/07/2000,BHM,AL,ASO,ES,Towers with Radar,81,92,134,12,319,14,0,48,0,62,95,92,182,12,381,54,0,54,435
02/08/2000,BHM,AL,ASO,ES,Towers with Radar,102,120,172,26,420,0,0,62,38,100,102,120,234,64,520,57,20,77,597
02/09/2000,BHM,AL,ASO,ES,Towers with Radar,92,107,153,23,375,5,5,65,22,97,97,112,218,45,472,53,0,53,525
02/10/2000,BHM,AL,ASO,ES,Towers with Radar,98,111,163,25,397,9,0,71,17,97,107,111,234,42,494,9,26,35,529
02/11/2000,BHM,AL,ASO,ES,Towers with Radar,94,112,170,26,402,0,0,16,24,40,94,112,186,50,442,6,18,24,466
02/12/2000,BHM,AL,ASO,ES,Towers with Radar,60,63,88,16,227,27,0,0,15,42,87,63,88,31,269,10,1,11,280
02/13/2000,BHM,AL,ASO,ES,Towers with Radar,50,59,69,13,191,30,18,0,5,53,80,77,69,18,244,0,0,0,244
02/14/2000,BHM,AL,ASO,ES,Towers with Radar,89,105,152,23,369,0,0,15,21,36,89,105,167,44,405,2,3,5,410
02/15/2000,BHM,AL,ASO,ES,Towers with Radar,88,124,179,26,417,0,11,84,7,102,88,135,263,33,519,8,8,16,535
02/16/2000,BHM,AL,ASO,ES,Towers with Radar,97,113,190,23,423,0,0,29,0,29,97,113,219,23,452,28,12,40,492
02/17/2000,BHM,AL,ASO,ES,Towers with Radar,90,127,199,29,445,0,0,32,6,38,90,127,231,35,483,22,10,32,515
02/18/2000,BHM,AL,ASO,ES,Towers with Radar,85,105,152,7,349,0,8,40,0,48,85,113,192,7,397,12,0,12,409
02/19/2000,BHM,AL,ASO,ES,Towers with Radar,60,69,89,3,221,10,15,0,0,25,70,84,89,3,246,6,0,6,252
02/20/2000,BHM,AL,ASO,ES,Towers with Radar,58,66,97,4,225,18,11,36,0,65,76,77,133,4,290,42,0,42,332
02/21/2000,BHM,AL,ASO,ES,Towers with Radar,80,92,133,14,319,8,6,104,0,118,88,98,237,14,437,42,1,43,480
02/22/2000,BHM,AL,ASO,ES,Towers with Radar,93,116,175,25,409,0,0,73,12,85,93,116,248,37,494,20,2,22,516
02/23/2000,BHM,AL,ASO,ES,Towers with Radar,91,123,178,26,418,0,10,46,11,67,91,133,224,37,485,8,8,16,501
02/24/2000,BHM,AL,ASO,ES,Towers with Radar,90,134,194,28,446,0,6,55,15,76,90,140,249,43,522,0,6,6,528
02/25/2000,BHM,AL,ASO,ES,Towers with Radar,88,127,186,27,428,0,0,66,17,83,88,127,252,44,511,30,30,60,571
02/26/2000,BHM,AL,ASO,ES,Towers with Radar,53,60,88,8,209,23,24,9,0,56,76,84,97,8,265,10,0,10,275
02/27/2000,BHM,AL,ASO,ES,Towers with Radar,66,68,109,16,259,12,0,21,15,48,78,68,130,31,307,44,8,52,359
02/28/2000,BHM,AL,ASO,ES,Towers with Radar,86,98,143,21,348,2,3,91,2,98,88,101,234,23,446,43,0,43,489
02/29/2000,BHM,AL,ASO,ES,Towers with Radar,94,114,163,24,395,0,18,72,6,96,94,132,235,30,491,20,0,20,511
03/01/2000,BHM,AL,ASO,ES,Towers with Radar,92,129,187,23,431,0,2,29,0,31,92,131,216,23,462,16,0,16,478
03/02/2000,BHM,AL,ASO,ES,Towers with Radar,87,122,177,23,409,0,1,55,34,90,87,123,232,57,499,23,43,66,565
03/03/2000,BHM,AL,ASO,ES,Towers with Radar,90,120,177,20,407,0,0,17,0,17,90,120,194,20,424,26,21,47,471
03/04/2000,BHM,AL,ASO,ES,Towers with Radar,55,67,98,13,233,13,17,27,19,76,68,84,125,32,309,12,0,12,321
03/05/2000,BHM,AL,ASO,ES,Towers with Radar,59,72,106,13,250,15,7,44,0,66,74,79,150,13,316,11,0,11,327
03/06/2000,BHM,AL,ASO,ES,Towers with Radar,85,102,149,20,356,1,0,77,0,78,86,102,226,20,434,26,3,29,463
03/07/2000,BHM,AL,ASO,ES,Towers with Radar,98,120,179,24,421,0,0,61,25,86,98,120,240,49,507,22,8,30,537
03/08/2000,BHM,AL,ASO,ES,Towers with Radar,93,116,169,16,394,0,8,62,0,70,93,124,231,16,464,36,8,44,508
03/09/2000,BHM,AL,ASO,ES,Towers with Radar,96,122,177,22,417,0,8,44,5,57,96,130,221,27,474,12,10,22,496
03/10/2000,BHM,AL,ASO,ES,Towers with Radar,77,93,133,5,308,8,12,0,0,20,85,105,133,5,328,0,0,0,328
03/11/2000,BHM,AL,ASO,ES,Towers with Radar,78,76,70,8,232,6,0,5,0,11,84,76,75,8,243,24,0,24,267
03/12/2000,BHM,AL,ASO,ES,Towers with Radar,63,71,112,15,261,13,0,40,12,65,76,71,152,27,326,10,0,10,336
03/13/2000,BHM,AL,ASO,ES,Towers with Radar,82,97,144,19,342,11,0,79,10,100,93,97,223,29,442,12,6,18,460
03/14/2000,BHM,AL,ASO,ES,Towers with Radar,92,119,173,23,407,0,5,88,12,105,92,124,261,35,512,6,6,12,524
03/15/2000,BHM,AL,ASO,ES,Towers with Radar,100,130,197,26,453,0,0,27,25,52,100,130,224,51,505,8,32,40,545
03/16/2000,BHM,AL,ASO,ES,Towers with Radar,85,101,147,20,353,11,22,34,2,69,96,123,181,22,422,16,4,20,442
03/17/2000,BHM,AL,ASO,ES,Towers with Radar,90,120,199,26,435,0,0,35,20,55,90,120,234,46,490,2,24,26,516
03/18/2000,BHM,AL,ASO,ES,Towers with Radar,58,68,100,8,234,13,24,27,0,64,71,92,127,8,298,16,0,16,314
03/19/2000,BHM,AL,ASO,ES,Towers with Radar,83,71,75,3,232,1,1,0,0,2,84,72,75,3,234,0,0,0,234
03/20/2000,BHM,AL,ASO,ES,Towers with Radar,89,103,164,22,378,0,0,36,9,45,89,103,200,31,423,31,6,37,460
03/21/2000,BHM,AL,ASO,ES,Towers with Radar,98,119,173,23,413,0,11,68,5,84,98,130,241,28,497,41,4,45,542
03/22/2000,BHM,AL,ASO,ES,Towers with Radar,101,115,188,25,429,0,0,74,6,80,101,115,262,31,509,2,0,2,511
03/23/2000,BHM,AL,ASO,ES,Towers with Radar,91,125,182,24,422,0,10,57,22,89,91,135,239,46,511,6,2,8,519
03/24/2000,BHM,AL,ASO,ES,Towers with Radar,89,117,170,23,399,0,12,65,12,89,89,129,235,35,488,28,1,29,517
03/25/2000,BHM,AL,ASO,ES,Towers with Radar,63,74,109,12,258,17,2,48,0,67,80,76,157,12,325,5,0,5,330
03/26/2000,BHM,AL,ASO,ES,Towers with Radar,67,71,115,11,264,12,0,38,0,50,79,71,153,11,314,38,4,42,356
03/27/2000,BHM,AL,ASO,ES,Towers with Radar,77,91,134,4,306,13,7,25,0,45,90,98,159,4,351,6,2,8,359
03/28/2000,BHM,AL,ASO,ES,Towers with Radar,86,102,149,20,357,5,11,38,8,62,91,113,187,28,419,16,0,16,435
03/29/2000,BHM,AL,ASO,ES,Towers with Radar,97,115,166,22,400,0,12,15,2,29,97,127,181,24,429,5,17,22,451
03/30/2000,BHM,AL,ASO,ES,Towers with Radar,95,118,158,23,394,0,13,0,4,17,95,131,158,27,411,10,14,24,435
03/31/2000,BHM,AL,ASO,ES,Towers with Radar,84,100,145,17,346,13,5,48,0,66,97,105,193,17,412,6,0,6,418
04/01/2000,BHM,AL,ASO,ES,Towers with Radar,65,73,121,3,262,4,9,35,0,48,69,82,156,3,310,0,0,0,310
04/02/2000,BHM,AL,ASO,ES,Towers with Radar,49,55,91,6,201,26,15,26,0,67,75,70,117,6,268,0,0,0,268
04/03/2000,BHM,AL,ASO,ES,Towers with Radar,58,65,108,4,235,27,28,9,0,64,85,93,117,4,299,0,7,7,306
04/04/2000,BHM,AL,ASO,ES,Towers with Radar,98,105,183,21,407,0,0,40,8,48,98,105,223,29,455,0,12,12,467
04/05/2000,BHM,AL,ASO,ES,Towers with Radar,95,109,195,23,422,0,0,110,2,112,95,109,305,25,534,18,11,29,563
04/06/2000,BHM,AL,ASO,ES,Towers with Radar,96,112,193,22,423,0,0,92,12,104,96,112,285,34,527,3,11,14,541
04/07/2000,BHM,AL,ASO,ES,Towers with Radar,86,114,201,23,424,0,0,27,23,50,86,114,228,46,474,20,3,23,497
04/08/2000,BHM,AL,ASO,ES,Towers with Radar,50,57,94,7,208,19,12,22,0,53,69,69,116,7,261,0,0,0,261
04/09/2000,BHM,AL,ASO,ES,Towers with Radar,63,70,117,11,261,8,0,73,0,81,71,70,190,11,342,22,12,34,376
04/10/2000,BHM,AL,ASO,ES,Towers with Radar,85,94,169,20,368,0,0,46,15,61,85,94,215,35,429,10,12,22,451
04/11/2000,BHM,AL,ASO,ES,Towers with Radar,84,106,178,21,389,0,11,54,20,85,84,117,232,41,474,11,29,40,514
04/12/2000,BHM,AL,ASO,ES,Towers with Radar,87,113,192,21,413,0,0,0,0,0,87,113,192,21,413,10,8,18,431
04/13/2000,BHM,AL,ASO,ES,Towers with Radar,84,115,191,23,413,0,6,0,17,23,84,121,191,40,436,27,8,35,471
04/14/2000,BHM,AL,ASO,ES,Towers with Radar,87,115,202,17,421,0,0,14,0,14,87,115,216,17,435,0,0,0,435
04/15/2000,BHM,AL,ASO,ES,Towers with Radar,78,68,127,1,274,0,0,0,0,0,78,68,127,1,274,15,0,15,289
04/16/2000,BHM,AL,ASO,ES,Towers with Radar,81,62,198,10,351,0,0,2,0,2,81,62,200,10,353,22,0,22,375
04/17/2000,BHM,AL,ASO,ES,Towers with Radar,86,94,161,17,358,1,2,60,0,63,87,96,221,17,421,4,0,4,425
04/18/2000,BHM,AL,ASO,ES,Towers with Radar,88,96,164,18,366,7,16,57,20,100,95,112,221,38,466,18,6,24,490
04/19/2000,BHM,AL,ASO,ES,Towers with Radar,95,104,177,19,395,0,7,94,6,107,95,111,271,25,502,10,2,12,514
04/20/2000,BHM,AL,ASO,ES,Towers with Radar,85,107,182,20,394,0,6,67,11,84,85,113,249,31,478,0,12,12,490
04/21/2000,BHM,AL,ASO,ES,Towers with Radar,85,93,159,17,354,11,15,41,1,68,96,108,200,18,422,37,1,38,460
04/22/2000,BHM,AL,ASO,ES,Towers with Radar,44,47,81,4,176,34,23,40,0,97,78,70,121,4,273,1,0,1,274
04/23/2000,BHM,AL,ASO,ES,Towers with Radar,54,58,100,2,214,22,9,16,0,47,76,67,116,2,261,8,0,8,269
04/24/2000,BHM,AL,ASO,ES,Towers with Radar,73,80,136,15,304,12,13,7,1,33,85,93,143,16,337,6,0,6,343
04/25/2000,BHM,AL,ASO,ES,Towers with Radar,92,105,192,21,410,0,0,64,9,73,92,105,256,30,483,28,0,28,511
04/26/2000,BHM,AL,ASO,ES,Towers with Radar,91,117,205,23,436,0,0,105,28,133,91,117,310,51,569,16,41,57,626
04/27/2000,BHM,AL,ASO,ES,Towers with Radar,91,99,169,19,378,2,12,117,4,135,93,111,286,23,513,42,0,42,555
04/28/2000,BHM,AL,ASO,ES,Towers with Radar,92,112,190,21,415,0,3,64,24,91,92,115,254,45,506,2,21,23,529
04/29/2000,BHM,AL,ASO,ES,Towers with Radar,56,61,105,0,222,15,23,60,0,98,71,84,165,0,320,24,0,24,344
04/30/2000,BHM,AL,ASO,ES,Towers with Radar,61,67,114,12,254,21,5,59,4,89,82,72,173,16,343,15,4,19,362
05/01/2000,BHM,AL,ASO,ES,Towers with Radar,86,91,158,24,359,8,0,43,3,54,94,91,201,27,413,20,14,34,447
05/02/2000,BHM,AL,ASO,ES,Towers with Radar,93,122,171,27,413,0,3,0,5,8,93,125,171,32,421,0,6,6,427
05/03/2000,BHM,AL,ASO,ES,Towers with Radar,98,121,184,27,430,0,0,5,21,26,98,121,189,48,456,34,32,66,522
05/04/2000,BHM,AL,ASO,ES,Towers with Radar,95,119,188,28,430,0,0,43,16,59,95,119,231,44,489,20,18,38,527
05/05/2000,BHM,AL,ASO,ES,Towers with Radar,78,113,169,25,385,0,11,51,23,85,78,124,220,48,470,6,16,22,492
05/06/2000,BHM,AL,ASO,ES,Towers with Radar,54,67,99,15,235,21,15,37,15,88,75,82,136,30,323,30,0,30,353
05/07/2000,BHM,AL,ASO,ES,Towers with Radar,65,80,120,14,279,8,0,66,0,74,73,80,186,14,353,40,0,40,393
05/08/2000,BHM,AL,ASO,ES,Towers with Radar,85,105,157,22,369,3,2,42,0,47,88,107,199,22,416,58,6,64,480
05/09/2000,BHM,AL,ASO,ES,Towers with Radar,82,128,191,28,429,0,8,62,5,75,82,136,253,33,504,34,24,58,562
05/10/2000,BHM,AL,ASO,ES,Towers with Radar,90,114,189,28,421,0,0,36,2,38,90,114,225,30,459,8,12,20,479
05/11/2000,BHM,AL,ASO,ES,Towers with Radar,90,127,208,31,456,0,0,56,22,78,90,127,264,53,534,18,25,43,577
05/12/2000,BHM,AL,ASO,ES,Towers with Radar,77,120,179,27,403,0,3,58,9,70,77,123,237,36,473,6,10,16,489
05/13/2000,BHM,AL,ASO,ES,Towers with Radar,48,60,89,9,206,22,33,2,0,57,70,93,91,9,263,29,0,29,292
05/14/2000,BHM,AL,ASO,ES,Towers with Radar,55,69,103,13,240,21,3,44,0,68,76,72,147,13,308,6,3,9,317
05/15/2000,BHM,AL,ASO,ES,Towers with Radar,86,90,159,12,347,3,0,82,0,85,89,90,241,12,432,28,2,30,462
05/16/2000,BHM,AL,ASO,ES,Towers with Radar,91,119,178,26,414,0,5,81,21,107,91,124,259,47,521,22,31,53,574
05/17/2000,BHM,AL,ASO,ES,Towers with Radar,90,129,194,28,441,0,5,82,10,97,90,134,276,38,538,12,24,36,574
05/18/2000,BHM,AL,ASO,ES,Towers with Radar,86,131,201,29,447,0,0,86,19,105,86,131,287,48,552,8,24,32,584
05/19/2000,BHM,AL,ASO,ES,Towers with Radar,94,112,188,27,421,0,0,33,18,51,94,112,221,45,472,7,18,25,497
05/20/2000,BHM,AL,ASO,ES,Towers with Radar,53,64,95,14,226,22,15,0,17,54,75,79,95,31,280,18,0,18,298
05/21/2000,BHM,AL,ASO,ES,Towers with Radar,71,73,122,18,284,19,0,0,11,30,90,73,122,29,314,12,8,20,334
05/22/2000,BHM,AL,ASO,ES,Towers with Radar,81,94,149,18,342,7,0,52,0,59,88,94,201,18,401,18,10,28,429
05/23/2000,BHM,AL,ASO,ES,Towers with Radar,90,126,190,27,433,0,13,86,16,115,90,139,276,43,548,33,19,52,600
05/24/2000,BHM,AL,ASO,ES,Towers with Radar,89,121,183,26,419,0,16,57,3,76,89,137,240,29,495,36,0,36,531
05/25/2000,BHM,AL,ASO,ES,Towers with Radar,92,120,181,19,412,0,13,87,0,100,92,133,268,19,512,29,10,39,551
05/26/2000,BHM,AL,ASO,ES,Towers with Radar,91,114,172,11,388,0,8,26,0,34,91,122,198,11,422,8,0,8,430
05/27/2000,BHM,AL,ASO,ES,Towers with Radar,51,61,81,1,194,27,19,0,0,46,78,80,81,1,240,0,0,0,240
05/28/2000,BHM,AL,ASO,ES,Towers with Radar,37,44,63,5,149,34,27,0,0,61,71,71,63,5,210,4,0,4,214
05/29/2000,BHM,AL,ASO,ES,Towers with Radar,54,65,99,3,221,19,16,18,0,53,73,81,117,3,274,5,0,5,279
05/30/2000,BHM,AL,ASO,ES,Towers with Radar,85,104,163,23,375,0,0,69,16,85,85,104,232,39,460,46,6,52,512
05/31/2000,BHM,AL,ASO,ES,Towers with Radar,92,127,194,28,441,0,0,71,35,106,92,127,265,63,547,6,43,49,596
06/01/2000,BHM,AL,ASO,ES,Towers with Radar,88,130,182,24,424,0,0,82,21,103,88,130,264,45,527,73,32,105,632
06/02/2000,BHM,AL,ASO,ES,Towers with Radar,87,117,167,22,393,2,0,102,28,132,89,117,269,50,525,13,18,31,556
06/03/2000,BHM,AL,ASO,ES,Towers with Radar,49,68,94,12,223,22,27,34,6,89,71,95,128,18,312,23,0,23,335
06/04/2000,BHM,AL,ASO,ES,Towers with Radar,58,80,111,5,254,16,1,17,0,34,74,81,128,5,288,4,0,4,292
06/05/2000,BHM,AL,ASO,ES,Towers with Radar,68,94,130,14,306,16,10,8,0,34,84,104,138,14,340,8,5,13,353
06/06/2000,BHM,AL,ASO,ES,Towers with Radar,87,125,172,20,404,0,1,81,0,82,87,126,253,20,486,6,2,8,494
06/07/2000,BHM,AL,ASO,ES,Towers with Radar,88,137,190,25,440,0,10,119,14,143,88,147,309,39,583,4,12,16,599
06/08/2000,BHM,AL,ASO,ES,Towers with Radar,90,128,177,23,418,0,5,56,5,66,90,133,233,28,484,8,0,8,492
06/09/2000,BHM,AL,ASO,ES,Towers with Radar,85,127,182,24,418,0,0,66,9,75,85,127,248,33,493,16,0,16,509
06/10/2000,BHM,AL,ASO,ES,Towers with Radar,48,67,93,12,220,18,27,22,11,78,66,94,115,23,298,12,10,22,320
06/11/2000,BHM,AL,ASO,ES,Towers with Radar,57,80,110,14,261,14,17,57,8,96,71,97,167,22,357,50,10,60,417
06/12/2000,BHM,AL,ASO,ES,Towers with Radar,78,104,150,19,351,0,0,41,9,50,78,104,191,28,401,39,10,49,450
06/13/2000,BHM,AL,ASO,ES,Towers with Radar,82,118,164,21,385,0,7,61,7,75,82,125,225,28,460,2,4,6,466
06/14/2000,BHM,AL,ASO,ES,Towers with Radar,74,114,185,37,410,0,5,33,6,44,74,119,218,43,454,17,16,33,487
06/15/2000,BHM,AL,ASO,ES,Towers with Radar,83,120,166,22,391,0,12,71,10,93,83,132,237,32,484,10,6,16,500
06/16/2000,BHM,AL,ASO,ES,Towers with Radar,81,112,155,11,359,0,4,21,0,25,81,116,176,11,384,2,2,4,388
06/17/2000,BHM,AL,ASO,ES,Towers with Radar,49,66,87,9,211,16,25,0,0,41,65,91,87,9,252,22,0,22,274
06/18/2000,BHM,AL,ASO,ES,Towers with Radar,51,68,96,5,220,19,13,17,0,49,70,81,113,5,269,22,0,22,291
06/19/2000,BHM,AL,ASO,ES,Towers with Radar,68,92,128,15,303,11,7,20,0,38,79,99,148,15,341,0,0,0,341
06/20/2000,BHM,AL,ASO,ES,Towers with Radar,81,118,165,22,386,0,13,44,6,63,81,131,209,28,449,6,12,18,467
06/21/2000,BHM,AL,ASO,ES,Towers with Radar,84,122,186,24,416,0,0,51,6,57,84,122,237,30,473,9,2,11,484
06/22/2000,BHM,AL,ASO,ES,Towers with Radar,92,134,187,24,437,0,0,24,7,31,92,134,211,31,468,9,9,18,486
06/23/2000,BHM,AL,ASO,ES,Towers with Radar,82,114,188,25,409,0,0,96,12,108,82,114,284,37,517,35,8,43,560
06/24/2000,BHM,AL,ASO,ES,Towers with Radar,70,75,73,15,233,0,4,19,2,25,70,79,92,17,258,8,0,8,266
06/25/2000,BHM,AL,ASO,ES,Towers with Radar,50,68,93,9,220,14,7,10,0,31,64,75,103,9,251,22,0,22,273
06/26/2000,BHM,AL,ASO,ES,Towers with Radar,77,101,152,19,349,0,0,12,7,19,77,101,164,26,368,10,6,16,384
06/27/2000,BHM,AL,ASO,ES,Towers with Radar,86,121,185,24,416,0,0,0,26,26,86,121,185,50,442,11,23,34,476
06/28/2000,BHM,AL,ASO,ES,Towers with Radar,83,131,181,23,418,0,0,43,2,45,83,131,224,25,463,10,3,13,476
06/29/2000,BHM,AL,ASO,ES,Towers with Radar,87,132,182,16,417,0,3,49,0,52,87,135,231,16,469,2,0,2,471
06/30/2000,BHM,AL,ASO,ES,Towers with Radar,81,134,186,24,425,0,6,58,13,77,81,140,244,37,502,43,8,51,553
07/01/2000,BHM,AL,ASO,ES,Towers with Radar,54,70,85,1,210,12,25,37,0,74,66,95,122,1,284,42,0,42,326
07/02/2000,BHM,AL,ASO,ES,Towers with Radar,51,65,79,5,200,10,15,20,0,45,61,80,99,5,245,37,0,37,282
07/03/2000,BHM,AL,ASO,ES,Towers with Radar,54,71,86,11,222,3,19,30,0,52,57,90,116,11,274,58,5,63,337
07/04/2000,BHM,AL,ASO,ES,Towers with Radar,49,64,77,0,190,12,33,33,0,78,61,97,110,0,268,18,0,18,286
07/05/2000,BHM,AL,ASO,ES,Towers with Radar,72,109,147,20,348,0,0,78,19,97,72,109,225,39,445,24,20,44,489
07/06/2000,BHM,AL,ASO,ES,Towers with Radar,84,126,156,20,386,0,8,45,0,53,84,134,201,20,439,0,6,6,445
07/07/2000,BHM,AL,ASO,ES,Towers with Radar,80,124,153,20,377,0,8,47,29,84,80,132,200,49,461,22,10,32,493
07/08/2000,BHM,AL,ASO,ES,Towers with Radar,61,82,100,13,256,19,5,11,25,60,80,87,111,38,316,14,14,28,344
07/09/2000,BHM,AL,ASO,ES,Towers with Radar,60,80,98,14,252,10,3,28,4,45,70,83,126,18,297,9,0,9,306
07/10/2000,BHM,AL,ASO,ES,Towers with Radar,73,103,135,16,327,0,0,44,0,44,73,103,179,16,371,2,3,5,376
07/11/2000,BHM,AL,ASO,ES,Towers with Radar,83,127,169,24,403,0,0,54,15,69,83,127,223,39,472,3,18,21,493
07/12/2000,BHM,AL,ASO,ES,Towers with Radar,76,123,154,22,375,0,4,35,4,43,76,127,189,26,418,8,2,10,428
07/13/2000,BHM,AL,ASO,ES,Towers with Radar,83,127,180,23,413,0,10,44,4,58,83,137,224,27,471,11,12,23,494
07/14/2000,BHM,AL,ASO,ES,Towers with Radar,75,111,150,20,356,0,0,35,10,45,75,111,185,30,401,20,18,38,439
07/15/2000,BHM,AL,ASO,ES,Towers with Radar,44,58,71,6,179,20,30,16,0,66,64,88,87,6,245,6,0,6,251
07/16/2000,BHM,AL,ASO,ES,Towers with Radar,58,76,94,8,236,11,2,24,0,37,69,78,118,8,273,18,0,18,291
07/17/2000,BHM,AL,ASO,ES,Towers with Radar,86,102,156,33,377,0,2,54,0,56,86,104,210,33,433,90,12,102,535
07/18/2000,BHM,AL,ASO,ES,Towers with Radar,81,128,159,19,387,0,9,60,0,69,81,137,219,19,456,74,18,92,548
07/19/2000,BHM,AL,ASO,ES,Towers with Radar,90,132,167,22,411,0,0,63,12,75,90,132,230,34,486,78,18,96,582
07/20/2000,BHM,AL,ASO,ES,Towers with Radar,90,131,162,21,404,0,0,40,0,40,90,131,202,21,444,4,10,14,458
07/21/2000,BHM,AL,ASO,ES,Towers with Radar,83,121,156,16,376,0,0,19,0,19,83,121,175,16,395,6,0,6,401
07/22/2000,BHM,AL,ASO,ES,Towers with Radar,49,66,80,11,206,19,28,7,13,67,68,94,87,24,273,6,21,27,300
07/23/2000,BHM,AL,ASO,ES,Towers with Radar,58,72,96,13,239,31,0,14,10,55,89,72,110,23,294,14,16,30,324
07/24/2000,BHM,AL,ASO,ES,Towers with Radar,79,107,133,17,336,1,0,25,0,26,80,107,158,17,362,4,4,8,370
07/25/2000,BHM,AL,ASO,ES,Towers with Radar,81,129,193,21,424,0,8,28,3,39,81,137,221,24,463,0,0,0,463
07/26/2000,BHM,AL,ASO,ES,Towers with Radar,90,131,182,24,427,0,0,36,1,37,90,131,218,25,464,24,2,26,490
07/27/2000,BHM,AL,ASO,ES,Towers with Radar,94,128,158,21,401,1,4,58,6,69,95,132,216,27,470,1,14,15,485
07/28/2000,BHM,AL,ASO,ES,Towers with Radar,85,124,170,23,402,0,0,42,33,75,85,124,212,56,477,0,34,34,511
07/29/2000,BHM,AL,ASO,ES,Towers with Radar,52,71,88,7,218,19,15,0,0,34,71,86,88,7,252,12,0,12,264
07/30/2000,BHM,AL,ASO,ES,Towers with Radar,50,68,83,9,210,19,2,8,0,29,69,70,91,9,239,35,0,35,274
07/31/2000,BHM,AL,ASO,ES,Towers with Radar,79,101,146,12,338,0,0,35,0,35,79,101,181,12,373,0,8,8,381
08/01/2000,BHM,AL,ASO,ES,Towers with Radar,82,118,154,9,363,1,22,25,0,48,83,140,179,9,411,8,8,16,427
08/02/2000,BHM,AL,ASO,ES,Towers with Radar,85,123,173,18,399,0,0,29,0,29,85,123,202,18,428,27,2,29,457
08/03/2000,BHM,AL,ASO,ES,Towers with Radar,80,123,170,21,394,0,0,56,0,56,80,123,226,21,450,15,6,21,471
08/04/2000,BHM,AL,ASO,ES,Towers with Radar,81,120,156,22,379,0,2,23,13,38,81,122,179,35,417,12,6,18,435
08/05/2000,BHM,AL,ASO,ES,Towers with Radar,45,67,87,12,211,18,24,28,7,77,63,91,115,19,288,6,0,6,294
08/06/2000,BHM,AL,ASO,ES,Towers with Radar,70,77,86,8,241,2,4,53,7,66,72,81,139,15,307,6,0,6,313
08/07/2000,BHM,AL,ASO,ES,Towers with Radar,85,111,164,23,383,0,0,32,3,35,85,111,196,26,418,28,9,37,455
08/08/2000,BHM,AL,ASO,ES,Towers with Radar,84,134,175,25,418,0,1,21,7,29,84,135,196,32,447,26,26,52,499
08/09/2000,BHM,AL,ASO,ES,Towers with Radar,86,121,159,22,388,0,2,73,3,78,86,123,232,25,466,12,0,12,478
08/10/2000,BHM,AL,ASO,ES,Towers with Radar,89,129,169,24,411,0,6,33,15,54,89,135,202,39,465,11,20,31,496
08/11/2000,BHM,AL,ASO,ES,Towers with Radar,88,116,166,23,393,0,0,47,3,50,88,116,213,26,443,0,25,25,468
08/12/2000,BHM,AL,ASO,ES,Towers with Radar,70,90,63,12,235,0,5,41,0,46,70,95,104,12,281,18,4,22,303
08/13/2000,BHM,AL,ASO,ES,Towers with Radar,53,73,96,14,236,24,2,29,13,68,77,75,125,27,304,50,42,92,396
08/14/2000,BHM,AL,ASO,ES,Towers with Radar,72,100,131,19,322,7,1,42,5,55,79,101,173,24,377,9,8,17,394
08/15/2000,BHM,AL,ASO,ES,Towers with Radar,87,121,158,22,388,0,21,54,16,91,87,142,212,38,479,31,10,41,520
08/16/2000,BHM,AL,ASO,ES,Towers with Radar,85,121,158,22,386,0,14,61,3,78,85,135,219,25,464,10,0,10,474
08/17/2000,BHM,AL,ASO,ES,Towers with Radar,83,129,179,25,416,0,0,64,17,81,83,129,243,42,497,43,17,60,557
08/18/2000,BHM,AL,ASO,ES,Towers with Radar,86,113,161,22,382,0,0,58,18,76,86,113,219,40,458,19,8,27,485
08/19/2000,BHM,AL,ASO,ES,Towers with Radar,57,80,104,14,255,5,16,30,7,58,62,96,134,21,313,0,0,0,313
08/20/2000,BHM,AL,ASO,ES,Towers with Radar,52,72,95,11,230,17,10,10,0,37,69,82,105,11,267,28,0,28,295
08/21/2000,BHM,AL,ASO,ES,Towers with Radar,84,110,168,23,385,0,5,23,0,28,84,115,191,23,413,22,2,24,437
08/22/2000,BHM,AL,ASO,ES,Towers with Radar,88,133,184,25,430,0,0,70,11,81,88,133,254,36,511,10,12,22,533
08/23/2000,BHM,AL,ASO,ES,Towers with Radar,84,128,168,22,402,0,8,54,0,62,84,136,222,22,464,19,6,25,489
08/24/2000,BHM,AL,ASO,ES,Towers with Radar,93,133,187,25,438,0,0,22,22,44,93,133,209,47,482,6,14,20,502
08/25/2000,BHM,AL,ASO,ES,Towers with Radar,84,118,176,25,403,1,5,52,13,71,85,123,228,38,474,8,4,12,486
08/26/2000,BHM,AL,ASO,ES,Towers with Radar,46,64,83,11,204,27,26,0,0,53,73,90,83,11,257,9,2,11,268
08/27/2000,BHM,AL,ASO,ES,Towers with Radar,54,75,99,12,240,17,0,30,0,47,71,75,129,12,287,14,6,20,307
08/28/2000,BHM,AL,ASO,ES,Towers with Radar,82,110,148,14,354,3,0,50,0,53,85,110,198,14,407,15,0,15,422
08/29/2000,BHM,AL,ASO,ES,Towers with Radar,85,128,166,17,396,0,8,37,0,45,85,136,203,17,441,0,4,4,445
08/30/2000,BHM,AL,ASO,ES,Towers with Radar,87,128,169,23,407,0,0,79,23,102,87,128,248,46,509,5,22,27,536
08/31/2000,BHM,AL,ASO,ES,Towers with Radar,90,127,164,19,400,0,3,56,0,59,90,130,220,19,459,2,0,2,461
09/01/2000,BHM,AL,ASO,ES,Towers with Radar,84,117,179,24,404,0,0,31,0,31,84,117,210,24,435,2,2,4,439
09/02/2000,BHM,AL,ASO,ES,Towers with Radar,46,61,82,4,193,11,24,1,0,36,57,85,83,4,229,28,0,28,257
09/03/2000,BHM,AL,ASO,ES,Towers with Radar,38,50,65,5,158,20,22,0,0,42,58,72,65,5,200,11,0,11,211
09/04/2000,BHM,AL,ASO,ES,Towers with Radar,63,84,114,8,269,5,8,40,0,53,68,92,154,8,322,30,2,32,354
09/05/2000,BHM,AL,ASO,ES,Towers with Radar,81,101,148,21,351,8,0,40,0,48,89,101,188,21,399,8,16,24,423
09/06/2000,BHM,AL,ASO,ES,Towers with Radar,86,122,175,25,408,0,0,15,10,25,86,122,190,35,433,1,12,13,446
09/07/2000,BHM,AL,ASO,ES,Towers with Radar,83,129,172,24,408,0,2,6,10,18,83,131,178,34,426,2,16,18,444
09/08/2000,BHM,AL,ASO,ES,Towers with Radar,90,112,189,26,417,0,0,44,20,64,90,112,233,46,481,14,16,30,511
09/09/2000,BHM,AL,ASO,ES,Towers with Radar,59,81,108,14,262,9,6,23,9,47,68,87,131,23,309,4,13,17,326
09/10/2000,BHM,AL,ASO,ES,Towers with Radar,53,73,97,13,236,17,9,7,11,44,70,82,104,24,280,22,0,22,302
09/11/2000,BHM,AL,ASO,ES,Towers with Radar,78,95,143,19,335,13,0,36,6,55,91,95,179,25,390,8,6,14,404
09/12/2000,BHM,AL,ASO,ES,Towers with Radar,83,117,157,21,378,0,13,43,12,68,83,130,200,33,446,12,18,30,476
09/13/2000,BHM,AL,ASO,ES,Towers with Radar,85,135,194,26,440,0,0,41,30,71,85,135,235,56,511,6,20,26,537
09/14/2000,BHM,AL,ASO,ES,Towers with Radar,87,134,183,25,429,0,0,64,9,73,87,134,247,34,502,3,5,8,510
09/15/2000,BHM,AL,ASO,ES,Towers with Radar,85,125,200,36,446,0,3,54,13,70,85,128,254,49,516,32,0,32,548
09/16/2000,BHM,AL,ASO,ES,Towers with Radar,50,68,90,9,217,14,34,43,0,91,64,102,133,9,308,12,2,14,322
09/17/2000,BHM,AL,ASO,ES,Towers with Radar,57,77,103,14,251,10,13,50,10,83,67,90,153,24,334,14,0,14,348
09/18/2000,BHM,AL,ASO,ES,Towers with Radar,80,109,146,20,355,9,2,56,4,71,89,111,202,24,426,45,6,51,477
09/19/2000,BHM,AL,ASO,ES,Towers with Radar,86,126,169,23,404,0,13,79,7,99,86,139,248,30,503,11,28,39,542
09/20/2000,BHM,AL,ASO,ES,Towers with Radar,78,136,181,23,418,0,5,50,0,55,78,141,231,23,473,11,18,29,502
09/21/2000,BHM,AL,ASO,ES,Towers with Radar,94,132,179,24,429,0,0,3,3,6,94,132,182,27,435,10,4,14,449
09/22/2000,BHM,AL,ASO,ES,Towers with Radar,79,108,139,20,346,1,14,0,0,15,80,122,139,20,361,8,8,16,377
09/23/2000,BHM,AL,ASO,ES,Towers with Radar,59,80,107,11,257,4,3,1,0,8,63,83,108,11,265,31,0,31,296
09/24/2000,BHM,AL,ASO,ES,Towers with Radar,54,73,97,3,227,11,6,13,0,30,65,79,110,3,257,15,0,15,272
09/25/2000,BHM,AL,ASO,ES,Towers with Radar,78,106,143,19,346,5,0,9,5,19,83,106,152,24,365,2,20,22,387
09/26/2000,BHM,AL,ASO,ES,Towers with Radar,87,125,181,20,413,0,0,29,0,29,87,125,210,20,442,4,8,12,454
09/27/2000,BHM,AL,ASO,ES,Towers with Radar,88,131,183,25,427,0,0,100,2,102,88,131,283,27,529,16,16,32,561
09/28/2000,BHM,AL,ASO,ES,Towers with Radar,82,125,167,23,397,0,15,78,5,98,82,140,245,28,495,24,8,32,527
09/29/2000,BHM,AL,ASO,ES,Towers with Radar,84,115,153,16,368,3,9,80,0,92,87,124,233,16,460,12,0,12,472
09/30/2000,BHM,AL,ASO,ES,Towers with Radar,59,82,109,1,251,11,5,52,0,68,70,87,161,1,319,3,0,3,322
10/01/2000,BHM,AL,ASO,ES,Towers with Radar,49,70,97,3,219,18,16,59,0,93,67,86,156,3,312,36,0,36,348
10/02/2000,BHM,AL,ASO,ES,Towers with Radar,62,89,119,17,287,24,14,30,8,76,86,103,149,25,363,51,2,53,416
10/03/2000,BHM,AL,ASO,ES,Towers with Radar,86,128,169,24,407,0,7,62,29,98,86,135,231,53,505,11,22,33,538
10/04/2000,BHM,AL,ASO,ES,Towers with Radar,89,126,170,24,409,5,0,75,6,86,94,126,245,30,495,8,8,16,511
10/05/2000,BHM,AL,ASO,ES,Towers with Radar,84,126,167,23,400,0,7,54,15,76,84,133,221,38,476,26,6,32,508
10/06/2000,BHM,AL,ASO,ES,Towers with Radar,71,103,131,16,321,15,17,0,0,32,86,120,131,16,353,0,12,12,365
10/07/2000,BHM,AL,ASO,ES,Towers with Radar,47,68,90,8,213,21,25,19,0,65,68,93,109,8,278,6,0,6,284
10/08/2000,BHM,AL,ASO,ES,Towers with Radar,47,69,91,4,211,14,21,23,0,58,61,90,114,4,269,20,10,30,299
10/09/2000,BHM,AL,ASO,ES,Towers with Radar,66,90,126,17,299,11,0,101,3,115,77,90,227,20,414,31,10,41,455
10/10/2000,BHM,AL,ASO,ES,Towers with Radar,80,115,152,20,367,6,11,71,1,89,86,126,223,21,456,14,12,26,482
10/11/2000,BHM,AL,ASO,ES,Towers with Radar,85,130,172,23,410,0,17,76,7,100,85,147,248,30,510,20,12,32,542
10/12/2000,BHM,AL,ASO,ES,Towers with Radar,88,133,196,26,443,0,0,81,1,82,88,133,277,27,525,14,2,16,541
10/13/2000,BHM,AL,ASO,ES,Towers with Radar,84,129,195,21,429,0,0,43,0,43,84,129,238,21,472,26,4,30,502
10/14/2000,BHM,AL,ASO,ES,Towers with Radar,66,89,143,19,317,0,0,37,1,38,66,89,180,20,355,30,0,30,385
10/15/2000,BHM,AL,ASO,ES,Towers with Radar,61,89,129,10,289,1,6,82,8,97,62,95,211,18,386,14,2,16,402
10/16/2000,BHM,AL,ASO,ES,Towers with Radar,82,116,157,17,372,0,0,77,0,77,82,116,234,17,449,15,0,15,464
10/17/2000,BHM,AL,ASO,ES,Towers with Radar,87,136,193,26,442,0,0,50,6,56,87,136,243,32,498,32,16,48,546
10/18/2000,BHM,AL,ASO,ES,Towers with Radar,85,142,187,25,439,0,0,22,10,32,85,142,209,35,471,20,17,37,508
10/19/2000,BHM,AL,ASO,ES,Towers with Radar,86,129,169,23,407,0,1,46,15,62,86,130,215,38,469,34,10,44,513
10/20/2000,BHM,AL,ASO,ES,Towers with Radar,79,124,163,22,388,0,16,43,17,76,79,140,206,39,464,12,20,32,496
10/21/2000,BHM,AL,ASO,ES,Towers with Radar,61,85,117,8,271,7,0,43,0,50,68,85,160,8,321,12,2,14,335
10/22/2000,BHM,AL,ASO,ES,Towers with Radar,59,89,119,16,283,0,11,49,14,74,59,100,168,30,357,26,16,42,399
10/23/2000,BHM,AL,ASO,ES,Towers with Radar,79,121,161,19,380,0,7,15,0,22,79,128,176,19,402,49,8,57,459
10/24/2000,BHM,AL,ASO,ES,Towers with Radar,97,135,187,26,445,0,0,54,5,59,97,135,241,31,504,40,2,42,546
10/25/2000,BHM,AL,ASO,ES,Towers with Radar,84,136,181,25,426,0,21,37,4,62,84,157,218,29,488,23,8,31,519
10/26/2000,BHM,AL,ASO,ES,Towers with Radar,84,136,182,25,427,0,9,48,13,70,84,145,230,38,497,5,11,16,513
10/27/2000,BHM,AL,ASO,ES,Towers with Radar,86,135,180,25,426,0,1,11,8,20,86,136,191,33,446,28,4,32,478
10/28/2000,BHM,AL,ASO,ES,Towers with Radar,83,71,88,0,242,1,4,45,0,50,84,75,133,0,292,6,0,6,298
10/29/2000,BHM,AL,ASO,ES,Towers with Radar,67,89,99,4,259,1,2,41,0,44,68,91,140,4,303,22,0,22,325
10/30/2000,BHM,AL,ASO,ES,Towers with Radar,85,91,146,22,344,1,5,29,0,35,86,96,175,22,379,12,0,12,391
10/31/2000,BHM,AL,ASO,ES,Towers with Radar,86,140,152,26,404,1,1,43,6,51,87,141,195,32,455,22,10,32,487
11/01/2000,BHM,AL,ASO,ES,Towers with Radar,83,141,210,25,459,0,1,49,2,52,83,142,259,27,511,30,10,40,551
11/02/2000,BHM,AL,ASO,ES,Towers with Radar,89,133,183,17,422,0,1,50,2,53,89,134,233,19,475,8,0,8,483
11/03/2000,BHM,AL,ASO,ES,Towers with Radar,87,128,192,23,430,0,0,51,1,52,87,128,243,24,482,24,5,29,511
11/04/2000,BHM,AL,ASO,ES,Towers with Radar,73,96,72,8,249,0,1,20,4,25,73,97,92,12,274,4,0,4,278
11/05/2000,BHM,AL,ASO,ES,Towers with Radar,72,100,112,12,296,1,1,24,8,34,73,101,136,20,330,59,0,59,389
11/06/2000,BHM,AL,ASO,ES,Towers with Radar,81,111,124,15,331,1,0,0,5,6,82,111,124,20,337,10,10,20,357
11/07/2000,BHM,AL,ASO,ES,Towers with Radar,89,130,143,14,376,0,0,14,0,14,89,130,157,14,390,8,3,11,401
11/08/2000,BHM,AL,ASO,ES,Towers with Radar,85,117,134,15,351,8,20,34,0,62,93,137,168,15,413,12,4,16,429
11/09/2000,BHM,AL,ASO,ES,Towers with Radar,83,114,131,16,344,4,26,19,7,56,87,140,150,23,400,18,11,29,429
11/10/2000,BHM,AL,ASO,ES,Towers with Radar,86,137,177,14,414,0,0,44,0,44,86,137,221,14,458,28,0,28,486
11/11/2000,BHM,AL,ASO,ES,Towers with Radar,59,81,92,4,236,9,16,36,0,61,68,97,128,4,297,27,2,29,326
11/12/2000,BHM,AL,ASO,ES,Towers with Radar,65,89,101,7,262,6,5,62,0,73,71,94,163,7,335,2,8,10,345
11/13/2000,BHM,AL,ASO,ES,Towers with Radar,87,110,139,17,353,0,0,20,12,32,87,110,159,29,385,12,6,18,403
11/14/2000,BHM,AL,ASO,ES,Towers with Radar,91,134,155,18,398,0,16,62,15,93,91,150,217,33,491,27,12,39,530
11/15/2000,BHM,AL,ASO,ES,Towers with Radar,90,130,160,19,399,0,0,94,20,114,90,130,254,39,513,22,19,41,554
11/16/2000,BHM,AL,ASO,ES,Towers with Radar,88,123,142,16,369,0,13,5,3,21,88,136,147,19,390,0,0,0,390
11/17/2000,BHM,AL,ASO,ES,Towers with Radar,87,133,173,19,412,0,0,18,7,25,87,133,191,26,437,4,4,8,445
11/18/2000,BHM,AL,ASO,ES,Towers with Radar,66,83,71,9,229,8,0,0,0,8,74,83,71,9,237,0,0,0,237
11/19/2000,BHM,AL,ASO,ES,Towers with Radar,53,72,63,6,194,14,17,0,0,31,67,89,63,6,225,0,0,0,225
11/20/2000,BHM,AL,ASO,ES,Towers with Radar,81,121,148,16,366,0,0,56,1,57,81,121,204,17,423,20,0,20,443
11/21/2000,BHM,AL,ASO,ES,Towers with Radar,82,142,164,18,406,0,6,81,12,99,82,148,245,30,505,34,18,52,557
11/22/2000,BHM,AL,ASO,ES,Towers with Radar,95,120,151,17,383,0,0,43,6,49,95,120,194,23,432,6,0,6,438
11/23/2000,BHM,AL,ASO,ES,Towers with Radar,37,50,57,0,144,23,31,2,0,56,60,81,59,0,200,28,0,28,228
11/24/2000,BHM,AL,ASO,ES,Towers with Radar,45,62,40,2,149,25,11,0,0,36,70,73,40,2,185,0,0,0,185
11/25/2000,BHM,AL,ASO,ES,Towers with Radar,51,70,80,2,203,23,8,6,0,37,74,78,86,2,240,25,0,25,265
11/26/2000,BHM,AL,ASO,ES,Towers with Radar,69,84,110,0,263,4,0,65,0,69,73,84,175,0,332,11,0,11,343
11/27/2000,BHM,AL,ASO,ES,Towers with Radar,81,108,131,14,334,5,0,34,5,44,86,108,165,19,378,20,6,26,404
11/28/2000,BHM,AL,ASO,ES,Towers with Radar,91,138,168,19,416,0,0,75,9,84,91,138,243,28,500,19,2,21,521
11/29/2000,BHM,AL,ASO,ES,Towers with Radar,90,139,160,18,407,0,4,33,6,43,90,143,193,24,450,18,15,33,483
11/30/2000,BHM,AL,ASO,ES,Towers with Radar,94,130,162,18,404,0,0,96,29,125,94,130,258,47,529,34,12,46,575
12/01/2000,BHM,AL,ASO,ES,Towers with Radar,86,131,157,18,392,0,0,75,21,96,86,131,232,39,488,25,10,35,523
12/02/2000,BHM,AL,ASO,ES,Towers with Radar,60,83,79,7,229,6,7,46,8,67,66,90,125,15,296,21,7,28,324
12/03/2000,BHM,AL,ASO,ES,Towers with Radar,75,77,78,7,237,0,0,20,2,22,75,77,98,9,259,0,0,0,259
12/04/2000,BHM,AL,ASO,ES,Towers with Radar,80,111,130,14,335,0,0,51,17,68,80,111,181,31,403,8,0,8,411
12/05/2000,BHM,AL,ASO,ES,Towers with Radar,83,135,158,18,394,0,0,68,29,97,83,135,226,47,491,4,20,24,515
12/06/2000,BHM,AL,ASO,ES,Towers with Radar,82,139,164,41,426,0,0,46,6,52,82,139,210,47,478,20,6,26,504
12/07/2000,BHM,AL,ASO,ES,Towers with Radar,80,144,174,31,429,0,0,72,18,90,80,144,246,49,519,34,19,53,572
12/08/2000,BHM,AL,ASO,ES,Towers with Radar,75,145,159,39,418,0,1,51,9,61,75,146,210,48,479,19,26,45,524
12/09/2000,BHM,AL,ASO,ES,Towers with Radar,61,91,87,9,248,0,4,27,13,44,61,95,114,22,292,13,20,33,325
12/10/2000,BHM,AL,ASO,ES,Towers with Radar,68,86,116,10,280,0,0,6,2,8,68,86,122,12,288,6,0,6,294
12/11/2000,BHM,AL,ASO,ES,Towers with Radar,83,107,139,16,345,0,0,44,7,51,83,107,183,23,396,10,12,22,418
12/12/2000,BHM,AL,ASO,ES,Towers with Radar,88,138,158,18,402,0,0,73,8,81,88,138,231,26,483,6,18,24,507
12/13/2000,BHM,AL,ASO,ES,Towers with Radar,74,125,123,14,336,0,0,41,1,42,74,125,164,15,378,10,0,10,388
12/14/2000,BHM,AL,ASO,ES,Towers with Radar,92,132,149,18,391,0,0,40,1,41,92,132,189,19,432,7,24,31,463
12/15/2000,BHM,AL,ASO,ES,Towers with Radar,85,136,136,13,370,0,0,51,0,51,85,136,187,13,421,4,4,8,429
12/16/2000,BHM,AL,ASO,ES,Towers with Radar,46,64,57,1,168,20,32,0,0,52,66,96,57,1,220,6,0,6,226
12/17/2000,BHM,AL,ASO,ES,Towers with Radar,48,67,64,5,184,15,13,34,0,62,63,80,98,5,246,0,0,0,246
12/18/2000,BHM,AL,ASO,ES,Towers with Radar,85,104,118,13,320,0,0,49,9,58,85,104,167,22,378,19,0,19,397
12/19/2000,BHM,AL,ASO,ES,Towers with Radar,87,125,134,13,359,0,0,6,8,14,87,125,140,21,373,0,7,7,380
12/20/2000,BHM,AL,ASO,ES,Towers with Radar,94,140,160,18,412,0,0,87,20,107,94,140,247,38,519,26,20,46,565
12/21/2000,BHM,AL,ASO,ES,Towers with Radar,63,87,52,2,204,23,30,0,0,53,86,117,52,2,257,0,0,0,257
12/22/2000,BHM,AL,ASO,ES,Towers with Radar,73,103,100,1,277,12,39,32,0,83,85,142,132,1,360,5,0,5,365
12/23/2000,BHM,AL,ASO,ES,Towers with Radar,55,78,75,0,208,9,16,59,0,84,64,94,134,0,292,24,0,24,316
12/24/2000,BHM,AL,ASO,ES,Towers with Radar,33,46,44,0,123,30,12,6,0,48,63,58,50,0,171,0,0,0,171
12/25/2000,BHM,AL,ASO,ES,Towers with Radar,35,49,46,0,130,12,26,2,0,40,47,75,48,0,170,6,0,6,176
12/26/2000,BHM,AL,ASO,ES,Towers with Radar,69,99,96,1,265,14,0,25,0,39,83,99,121,1,304,12,0,12,316
12/27/2000,BHM,AL,ASO,ES,Towers with Radar,67,97,86,1,251,14,45,0,0,59,81,142,86,1,310,1,0,1,311
12/28/2000,BHM,AL,ASO,ES,Towers with Radar,67,97,54,3,221,21,36,0,0,57,88,133,54,3,278,6,0,6,284
12/29/2000,BHM,AL,ASO,ES,Towers with Radar,83,137,77,1,298,0,2,26,1,29,83,139,103,2,327,25,0,25,352
12/30/2000,BHM,AL,ASO,ES,Towers with Radar,52,75,64,1,192,20,14,0,0,34,72,89,64,1,226,11,0,11,237
12/31/2000,BHM,AL,ASO,ES,Towers with Radar,42,61,58,3,164,20,5,2,0,27,62,66,60,3,191,12,0,12,203
01/01/2001,BHM,AL,ASO,ES,Towers with Radar,64,78,37,0,179,4,2,0,0,6,68,80,37,0,185,0,0,0,185
01/02/2001,BHM,AL,ASO,ES,Towers with Radar,75,108,118,20,321,10,7,24,3,44,85,115,142,23,365,5,16,21,386
01/03/2001,BHM,AL,ASO,ES,Towers with Radar,79,134,108,12,333,4,8,63,5,80,83,142,171,17,413,24,0,24,437
01/04/2001,BHM,AL,ASO,ES,Towers with Radar,88,132,143,24,387,0,3,52,24,79,88,135,195,48,466,8,23,31,497
01/05/2001,BHM,AL,ASO,ES,Towers with Radar,85,132,155,25,397,0,0,44,18,62,85,132,199,43,459,12,20,32,491
01/06/2001,BHM,AL,ASO,ES,Towers with Radar,72,79,57,16,224,3,8,63,6,80,75,87,120,22,304,13,16,29,333
01/07/2001,BHM,AL,ASO,ES,Towers with Radar,71,89,78,10,248,3,2,17,2,24,74,91,95,12,272,4,0,4,276
01/08/2001,BHM,AL,ASO,ES,Towers with Radar,82,103,127,20,332,6,0,12,7,25,88,103,139,27,357,7,0,7,364
01/09/2001,BHM,AL,ASO,ES,Towers with Radar,82,124,138,22,366,0,15,43,7,65,82,139,181,29,431,8,12,20,451
01/10/2001,BHM,AL,ASO,ES,Towers with Radar,95,136,154,26,411,0,0,67,9,76,95,136,221,35,487,20,11,31,518
01/11/2001,BHM,AL,ASO,ES,Towers with Radar,83,127,140,23,373,0,14,14,6,34,83,141,154,29,407,6,0,6,413
01/12/2001,BHM,AL,ASO,ES,Towers with Radar,87,128,128,14,357,0,0,0,0,0,87,128,128,14,357,1,2,3,360
01/13/2001,BHM,AL,ASO,ES,Towers with Radar,58,81,91,3,233,17,6,49,0,72,75,87,140,3,305,44,0,44,349
01/14/2001,BHM,AL,ASO,ES,Towers with Radar,52,74,83,1,210,26,14,2,0,42,78,88,85,1,252,0,0,0,252
01/15/2001,BHM,AL,ASO,ES,Towers with Radar,75,106,117,3,301,6,0,58,0,64,81,106,175,3,365,44,0,44,409
01/16/2001,BHM,AL,ASO,ES,Towers with Radar,80,114,157,40,391,3,5,8,8,24,83,119,165,48,415,28,4,32,447
01/17/2001,BHM,AL,ASO,ES,Towers with Radar,91,127,157,25,400,0,0,38,0,38,91,127,195,25,438,2,2,4,442
01/18/2001,BHM,AL,ASO,ES,Towers with Radar,84,116,128,7,335,5,35,60,0,100,89,151,188,7,435,0,0,0,435
01/19/2001,BHM,AL,ASO,ES,Towers with Radar,72,100,111,9,292,13,33,3,0,49,85,133,114,9,341,0,0,0,341
01/20/2001,BHM,AL,ASO,ES,Towers with Radar,53,74,84,14,225,20,16,3,38,77,73,90,87,52,302,22,27,49,351
01/21/2001,BHM,AL,ASO,ES,Towers with Radar,55,77,86,15,233,12,9,64,9,94,67,86,150,24,327,8,20,28,355
01/22/2001,BHM,AL,ASO,ES,Towers with Radar,87,117,135,16,355,0,0,52,0,52,87,117,187,16,407,35,0,35,442
01/23/2001,BHM,AL,ASO,ES,Towers with Radar,89,141,153,22,405,0,4,49,0,53,89,145,202,22,458,9,0,9,467
01/24/2001,BHM,AL,ASO,ES,Towers with Radar,89,144,185,31,449,0,0,42,18,60,89,144,227,49,509,20,4,24,533
01/25/2001,BHM,AL,ASO,ES,Towers with Radar,96,131,167,28,422,0,0,71,34,105,96,131,238,62,527,12,36,48,575
01/26/2001,BHM,AL,ASO,ES,Towers with Radar,94,122,151,26,393,0,0,31,5,36,94,122,182,31,429,26,2,28,457
01/27/2001,BHM,AL,ASO,ES,Towers with Radar,65,90,100,17,272,5,0,34,5,44,70,90,134,22,316,28,0,28,344
01/28/2001,BHM,AL,ASO,ES,Towers with Radar,55,77,85,9,226,9,34,65,0,108,64,111,150,9,334,28,8,36,370
01/29/2001,BHM,AL,ASO,ES,Towers with Radar,92,121,105,10,328,2,4,14,0,20,94,125,119,10,348,24,0,24,372
01/30/2001,BHM,AL,ASO,ES,Towers with Radar,92,129,139,24,384,4,24,64,13,105,96,153,203,37,489,21,30,51,540
01/31/2001,BHM,AL,ASO,ES,Towers with Radar,90,150,174,29,443,0,0,49,17,66,90,150,223,46,509,35,23,58,567
02/01/2001,BHM,AL,ASO,ES,Towers with Radar,85,135,174,28,422,0,22,44,6,72,85,157,218,34,494,35,8,43,537
02/02/2001,BHM,AL,ASO,ES,Towers with Radar,84,126,162,26,398,0,0,29,8,37,84,126,191,34,435,13,0,13,448
02/03/2001,BHM,AL,ASO,ES,Towers with Radar,65,69,91,14,239,6,19,38,16,79,71,88,129,30,318,6,16,22,340
02/04/2001,BHM,AL,ASO,ES,Towers with Radar,64,69,90,14,237,0,23,50,6,79,64,92,140,20,316,33,28,61,377
02/05/2001,BHM,AL,ASO,ES,Towers with Radar,87,101,130,19,337,0,2,25,0,27,87,103,155,19,364,50,6,56,420
02/06/2001,BHM,AL,ASO,ES,Towers with Radar,93,119,153,23,388,0,17,51,0,68,93,136,204,23,456,12,2,14,470
02/07/2001,BHM,AL,ASO,ES,Towers with Radar,88,122,157,25,392,0,18,46,11,75,88,140,203,36,467,40,4,44,511
02/08/2001,BHM,AL,ASO,ES,Towers with Radar,92,125,168,45,430,0,13,58,1,72,92,138,226,46,502,6,13,19,521
02/09/2001,BHM,AL,ASO,ES,Towers with Radar,87,100,129,20,336,0,26,8,32,66,87,126,137,52,402,8,5,13,415
02/10/2001,BHM,AL,ASO,ES,Towers with Radar,69,86,66,18,239,0,7,34,1,42,69,93,100,19,281,31,9,40,321
02/11/2001,BHM,AL,ASO,ES,Towers with Radar,59,81,106,17,263,0,20,21,9,50,59,101,127,26,313,38,3,41,354
02/12/2001,BHM,AL,ASO,ES,Towers with Radar,83,94,118,20,315,0,19,0,19,38,83,113,118,39,353,0,0,0,353
02/13/2001,BHM,AL,ASO,ES,Towers with Radar,86,151,120,12,369,0,4,0,0,4,86,155,120,12,373,0,2,2,375
02/14/2001,BHM,AL,ASO,ES,Towers with Radar,88,112,144,8,352,0,58,17,0,75,88,170,161,8,427,18,0,18,445
02/15/2001,BHM,AL,ASO,ES,Towers with Radar,96,128,165,26,415,0,16,20,11,47,96,144,185,37,462,48,0,48,510
02/16/2001,BHM,AL,ASO,ES,Towers with Radar,77,84,110,17,288,4,38,8,0,50,81,122,118,17,338,10,2,12,350
02/17/2001,BHM,AL,ASO,ES,Towers with Radar,64,70,92,8,234,2,21,27,0,50,66,91,119,8,284,0,0,0,284
02/18/2001,BHM,AL,ASO,ES,Towers with Radar,56,61,81,1,199,5,33,59,0,97,61,94,140,1,296,16,0,16,312
02/19/2001,BHM,AL,ASO,ES,Towers with Radar,80,89,115,6,290,7,17,61,0,85,87,106,176,6,375,0,0,0,375
02/20/2001,BHM,AL,ASO,ES,Towers with Radar,121,95,189,30,435,0,0,62,3,65,121,95,251,33,500,15,4,19,519
02/21/2001,BHM,AL,ASO,ES,Towers with Radar,121,98,173,28,420,6,0,47,15,68,127,98,220,43,488,17,14,31,519
02/22/2001,BHM,AL,ASO,ES,Towers with Radar,132,89,189,30,440,3,0,26,13,42,135,89,215,43,482,4,0,4,486
02/23/2001,BHM,AL,ASO,ES,Towers with Radar,128,95,185,29,437,0,0,84,38,122,128,95,269,67,559,31,10,41,600
02/24/2001,BHM,AL,ASO,ES,Towers with Radar,55,58,78,12,203,41,0,6,9,56,96,58,84,21,259,11,2,13,272
02/25/2001,BHM,AL,ASO,ES,Towers with Radar,62,54,89,14,219,40,0,3,4,47,102,54,92,18,266,42,4,46,312
02/26/2001,BHM,AL,ASO,ES,Towers with Radar,98,86,140,12,336,24,0,78,0,102,122,86,218,12,438,28,0,28,466
02/27/2001,BHM,AL,ASO,ES,Towers with Radar,94,99,134,19,346,33,0,0,0,33,127,99,134,19,379,12,8,20,399
02/28/2001,BHM,AL,ASO,ES,Towers with Radar,113,92,162,26,393,15,0,19,13,47,128,92,181,39,440,2,4,6,446
03/01/2001,BHM,AL,ASO,ES,Towers with Radar,130,93,158,25,406,0,21,58,8,87,130,114,216,33,493,34,4,38,531
03/02/2001,BHM,AL,ASO,ES,Towers with Radar,122,77,131,16,346,5,16,15,0,36,127,93,146,16,382,0,0,0,382
03/03/2001,BHM,AL,ASO,ES,Towers with Radar,93,53,37,5,188,2,1,2,0,5,95,54,39,5,193,0,0,0,193
03/04/2001,BHM,AL,ASO,ES,Towers with Radar,72,37,71,13,193,34,0,0,4,38,106,37,71,17,231,2,0,2,233
03/05/2001,BHM,AL,ASO,ES,Towers with Radar,109,60,117,19,305,15,0,43,0,58,124,60,160,19,363,0,0,0,363
03/06/2001,BHM,AL,ASO,ES,Towers with Radar,126,90,154,25,395,0,0,61,14,75,126,90,215,39,470,24,2,26,496
03/07/2001,BHM,AL,ASO,ES,Towers with Radar,128,98,168,27,421,0,0,55,29,84,128,98,223,56,505,0,8,8,513
03/08/2001,BHM,AL,ASO,ES,Towers with Radar,125,84,158,25,392,0,0,53,30,83,125,84,211,55,475,2,22,24,499
03/09/2001,BHM,AL,ASO,ES,Towers with Radar,131,87,148,24,390,0,4,23,32,59,131,91,171,56,449,15,29,44,493
03/10/2001,BHM,AL,ASO,ES,Towers with Radar,95,55,71,19,240,3,10,75,0,88,98,65,146,19,328,22,8,30,358
03/11/2001,BHM,AL,ASO,ES,Towers with Radar,99,42,89,17,247,3,1,49,1,54,102,43,138,18,301,7,3,10,311
03/12/2001,BHM,AL,ASO,ES,Towers with Radar,81,51,78,1,211,44,16,0,0,60,125,67,78,1,271,0,0,0,271
03/13/2001,BHM,AL,ASO,ES,Towers with Radar,129,88,150,24,391,0,10,48,0,58,129,98,198,24,449,4,6,10,459
03/14/2001,BHM,AL,ASO,ES,Towers with Radar,127,93,159,25,404,0,4,43,12,59,127,97,202,37,463,2,10,12,475
03/15/2001,BHM,AL,ASO,ES,Towers with Radar,128,87,151,24,390,0,28,18,0,46,128,115,169,24,436,4,10,14,450
03/16/2001,BHM,AL,ASO,ES,Towers with Radar,124,86,160,27,397,2,8,44,14,68,126,94,204,41,465,3,11,14,479
03/17/2001,BHM,AL,ASO,ES,Towers with Radar,76,47,83,13,219,22,19,18,16,75,98,66,101,29,294,12,6,18,312
03/18/2001,BHM,AL,ASO,ES,Towers with Radar,86,49,93,15,243,17,0,27,10,54,103,49,120,25,297,16,10,26,323
03/19/2001,BHM,AL,ASO,ES,Towers with Radar,115,68,125,13,321,4,0,2,0,6,119,68,127,13,327,0,0,0,327
03/20/2001,BHM,AL,ASO,ES,Towers with Radar,125,92,131,4,352,2,2,1,0,5,127,94,132,4,357,0,0,0,357
03/21/2001,BHM,AL,ASO,ES,Towers with Radar,129,86,149,22,386,0,4,19,0,23,129,90,168,22,409,8,6,14,423
03/22/2001,BHM,AL,ASO,ES,Towers with Radar,130,96,167,27,420,0,7,86,5,98,130,103,253,32,518,30,9,39,557
03/23/2001,BHM,AL,ASO,ES,Towers with Radar,127,97,168,27,419,0,2,135,9,146,127,99,303,36,565,31,2,33,598
03/24/2001,BHM,AL,ASO,ES,Towers with Radar,87,54,94,10,245,14,5,28,0,47,101,59,122,10,292,52,0,52,344
03/25/2001,BHM,AL,ASO,ES,Towers with Radar,80,49,87,8,224,23,0,43,0,66,103,49,130,8,290,34,4,38,328
03/26/2001,BHM,AL,ASO,ES,Towers with Radar,114,59,123,20,316,11,0,65,6,82,125,59,188,26,398,22,6,28,426
03/27/2001,BHM,AL,ASO,ES,Towers with Radar,133,88,152,22,395,0,2,75,0,77,133,90,227,22,472,32,8,40,512
03/28/2001,BHM,AL,ASO,ES,Towers with Radar,130,72,150,23,375,0,0,8,28,36,130,72,158,51,411,18,38,56,467
03/29/2001,BHM,AL,ASO,ES,Towers with Radar,124,82,159,19,384,2,3,3,0,8,126,85,162,19,392,2,10,12,404
03/30/2001,BHM,AL,ASO,ES,Towers with Radar,124,68,138,14,344,0,0,24,0,24,124,68,162,14,368,8,3,11,379
03/31/2001,BHM,AL,ASO,ES,Towers with Radar,86,53,93,3,235,16,0,11,0,27,102,53,104,3,262,43,0,43,305
04/01/2001,BHM,AL,ASO,ES,Towers with Radar,81,33,96,8,218,26,0,45,0,71,107,33,141,8,289,10,0,10,299
04/02/2001,BHM,AL,ASO,ES,Towers with Radar,104,58,123,14,299,21,5,60,0,86,125,63,183,14,385,12,10,22,407
04/03/2001,BHM,AL,ASO,ES,Towers with Radar,97,54,104,3,258,34,36,0,0,70,131,90,104,3,328,0,0,0,328
04/04/2001,BHM,AL,ASO,ES,Towers with Radar,106,59,125,2,292,27,28,28,0,83,133,87,153,2,375,0,0,0,375
04/05/2001,BHM,AL,ASO,ES,Towers with Radar,128,85,179,21,413,0,4,1,8,13,128,89,180,29,426,8,8,16,442
04/06/2001,BHM,AL,ASO,ES,Towers with Radar,128,82,185,21,416,0,0,60,32,92,128,82,245,53,508,21,20,41,549
04/07/2001,BHM,AL,ASO,ES,Towers with Radar,86,48,101,12,247,12,9,28,19,68,98,57,129,31,315,0,10,10,325
04/08/2001,BHM,AL,ASO,ES,Towers with Radar,95,40,112,13,260,11,0,58,11,80,106,40,170,24,340,13,6,19,359
04/09/2001,BHM,AL,ASO,ES,Towers with Radar,124,56,146,17,343,1,0,8,6,15,125,56,154,23,358,0,0,0,358
04/10/2001,BHM,AL,ASO,ES,Towers with Radar,127,84,178,21,410,0,5,63,2,70,127,89,241,23,480,34,20,54,534
04/11/2001,BHM,AL,ASO,ES,Towers with Radar,133,84,195,22,434,0,0,64,24,88,133,84,259,46,522,6,20,26,548
04/12/2001,BHM,AL,ASO,ES,Towers with Radar,140,83,176,20,419,0,3,69,3,75,140,86,245,23,494,6,4,10,504
04/13/2001,BHM,AL,ASO,ES,Towers with Radar,109,59,128,5,301,17,19,14,0,50,126,78,142,5,351,12,0,12,363
04/14/2001,BHM,AL,ASO,ES,Towers with Radar,69,37,81,4,191,33,14,17,0,64,102,51,98,4,255,4,4,8,263
04/15/2001,BHM,AL,ASO,ES,Towers with Radar,62,33,67,3,165,40,3,0,0,43,102,36,67,3,208,0,0,0,208
04/16/2001,BHM,AL,ASO,ES,Towers with Radar,115,58,135,5,313,17,0,63,0,80,132,58,198,5,393,30,2,32,425
04/17/2001,BHM,AL,ASO,ES,Towers with Radar,133,72,157,17,379,2,18,51,16,87,135,90,208,33,466,28,2,30,496
04/18/2001,BHM,AL,ASO,ES,Towers with Radar,128,79,171,19,397,0,8,79,8,95,128,87,250,27,492,28,0,28,520
04/19/2001,BHM,AL,ASO,ES,Towers with Radar,131,86,186,20,423,0,6,97,14,117,131,92,283,34,540,11,6,17,557
04/20/2001,BHM,AL,ASO,ES,Towers with Radar,126,83,179,20,408,0,3,44,24,71,126,86,223,44,479,10,12,22,501
04/21/2001,BHM,AL,ASO,ES,Towers with Radar,92,50,95,12,249,2,0,0,2,4,94,50,95,14,253,5,4,9,262
04/22/2001,BHM,AL,ASO,ES,Towers with Radar,103,40,179,17,339,0,0,33,0,33,103,40,212,17,372,0,4,4,376
04/23/2001,BHM,AL,ASO,ES,Towers with Radar,125,69,151,17,362,0,3,60,11,74,125,72,211,28,436,16,0,16,452
04/24/2001,BHM,AL,ASO,ES,Towers with Radar,130,72,155,10,367,0,12,36,0,48,130,84,191,10,415,40,6,46,461
04/25/2001,BHM,AL,ASO,ES,Towers with Radar,126,77,167,18,388,0,4,70,6,80,126,81,237,24,468,23,0,23,491
04/26/2001,BHM,AL,ASO,ES,Towers with Radar,130,80,169,19,398,0,9,88,25,122,130,89,257,44,520,11,6,17,537
04/27/2001,BHM,AL,ASO,ES,Towers with Radar,126,76,160,18,380,0,7,98,9,114,126,83,258,27,494,45,7,52,546
04/28/2001,BHM,AL,ASO,ES,Towers with Radar,76,42,89,10,217,23,8,14,8,53,99,50,103,18,270,63,0,63,333
04/29/2001,BHM,AL,ASO,ES,Towers with Radar,90,37,104,9,240,16,0,56,0,72,106,37,160,9,312,26,4,30,342
04/30/2001,BHM,AL,ASO,ES,Towers with Radar,124,62,145,16,347,2,0,60,1,63,126,62,205,17,410,63,2,65,475
05/01/2001,BHM,AL,ASO,ES,Towers with Radar,129,82,170,22,403,0,21,12,10,43,129,103,182,32,446,76,6,82,528
05/02/2001,BHM,AL,ASO,ES,Towers with Radar,129,82,171,22,404,0,17,59,8,84,129,99,230,30,488,10,12,22,510
05/03/2001,BHM,AL,ASO,ES,Towers with Radar,130,96,201,26,453,0,0,71,15,86,130,96,272,41,539,37,12,49,588
05/04/2001,BHM,AL,ASO,ES,Towers with Radar,122,75,157,21,375,6,15,62,9,92,128,90,219,30,467,20,4,24,491
05/05/2001,BHM,AL,ASO,ES,Towers with Radar,76,47,99,10,232,25,7,34,0,66,101,54,133,10,298,36,0,36,334
05/06/2001,BHM,AL,ASO,ES,Towers with Radar,96,48,124,10,278,12,0,25,0,37,108,48,149,10,315,10,0,10,325
05/07/2001,BHM,AL,ASO,ES,Towers with Radar,114,67,147,19,347,12,0,3,6,21,126,67,150,25,368,14,10,24,392
05/08/2001,BHM,AL,ASO,ES,Towers with Radar,126,78,165,18,387,0,9,27,0,36,126,87,192,18,423,10,6,16,439
05/09/2001,BHM,AL,ASO,ES,Towers with Radar,129,80,169,19,397,0,8,27,0,35,129,88,196,19,432,16,2,18,450
05/10/2001,BHM,AL,ASO,ES,Towers with Radar,128,82,174,22,406,0,0,26,2,28,128,82,200,24,434,14,0,14,448
05/11/2001,BHM,AL,ASO,ES,Towers with Radar,122,74,157,20,373,4,9,40,2,55,126,83,197,22,428,26,8,34,462
05/12/2001,BHM,AL,ASO,ES,Towers with Radar,106,43,57,1,207,2,7,42,0,51,108,50,99,1,258,2,0,2,260
05/13/2001,BHM,AL,ASO,ES,Towers with Radar,70,43,91,12,216,37,3,18,7,65,107,46,109,19,281,0,16,16,297
05/14/2001,BHM,AL,ASO,ES,Towers with Radar,116,74,118,6,314,2,1,35,5,43,118,75,153,11,357,11,0,11,368
05/15/2001,BHM,AL,ASO,ES,Towers with Radar,131,89,221,17,458,2,4,22,0,28,133,93,243,17,486,2,0,2,488
05/16/2001,BHM,AL,ASO,ES,Towers with Radar,128,88,197,25,438,0,0,44,11,55,128,88,241,36,493,8,1,9,502
05/17/2001,BHM,AL,ASO,ES,Towers with Radar,128,94,209,26,457,0,0,61,13,74,128,94,270,39,531,2,0,2,533
05/18/2001,BHM,AL,ASO,ES,Towers with Radar,122,84,178,22,406,0,8,60,3,71,122,92,238,25,477,30,2,32,509
05/19/2001,BHM,AL,ASO,ES,Towers with Radar,74,45,79,12,210,32,17,0,5,54,106,62,79,17,264,45,0,45,309
05/20/2001,BHM,AL,ASO,ES,Towers with Radar,96,40,124,16,276,12,0,11,4,27,108,40,135,20,303,10,0,10,313
05/21/2001,BHM,AL,ASO,ES,Towers with Radar,103,62,134,11,310,20,0,15,0,35,123,62,149,11,345,0,0,0,345
05/22/2001,BHM,AL,ASO,ES,Towers with Radar,130,89,187,23,429,0,6,24,9,39,130,95,211,32,468,16,0,16,484
05/23/2001,BHM,AL,ASO,ES,Towers with Radar,127,88,184,23,422,0,0,36,25,61,127,88,220,48,483,9,4,13,496
05/24/2001,BHM,AL,ASO,ES,Towers with Radar,127,89,186,23,425,0,2,30,11,43,127,91,216,34,468,7,20,27,495
05/25/2001,BHM,AL,ASO,ES,Towers with Radar,129,83,172,9,393,0,9,24,0,33,129,92,196,9,426,0,0,0,426
05/26/2001,BHM,AL,ASO,ES,Towers with Radar,78,49,101,1,229,16,11,11,0,38,94,60,112,1,267,8,0,8,275
05/27/2001,BHM,AL,ASO,ES,Towers with Radar,65,33,73,5,176,32,0,0,0,32,97,33,73,5,208,16,0,16,224
05/28/2001,BHM,AL,ASO,ES,Towers with Radar,90,41,72,5,208,2,0,5,0,7,92,41,77,5,215,20,0,20,235
05/29/2001,BHM,AL,ASO,ES,Towers with Radar,126,61,189,25,401,0,0,29,20,49,126,61,218,45,450,12,34,46,496
05/30/2001,BHM,AL,ASO,ES,Towers with Radar,118,91,187,24,420,0,7,39,12,58,118,98,226,36,478,18,5,23,501
05/31/2001,BHM,AL,ASO,ES,Towers with Radar,122,75,155,11,363,11,12,10,0,33,133,87,165,11,396,0,0,0,396
06/01/2001,BHM,AL,ASO,ES,Towers with Radar,122,81,166,23,392,6,0,2,1,9,128,81,168,24,401,6,14,20,421
06/02/2001,BHM,AL,ASO,ES,Towers with Radar,72,49,96,6,223,25,2,21,0,48,97,51,117,6,271,24,4,28,299
06/03/2001,BHM,AL,ASO,ES,Towers with Radar,78,52,104,5,239,18,0,16,0,34,96,52,120,5,273,20,0,20,293
06/04/2001,BHM,AL,ASO,ES,Towers with Radar,125,72,178,23,398,0,0,11,0,11,125,72,189,23,409,2,2,4,413
06/05/2001,BHM,AL,ASO,ES,Towers with Radar,120,88,179,24,411,0,13,29,7,49,120,101,208,31,460,14,20,34,494
06/06/2001,BHM,AL,ASO,ES,Towers with Radar,124,96,197,27,444,0,0,5,22,27,124,96,202,49,471,12,28,40,511
06/07/2001,BHM,AL,ASO,ES,Towers with Radar,115,79,157,17,368,9,18,17,0,44,124,97,174,17,412,0,0,0,412
06/08/2001,BHM,AL,ASO,ES,Towers with Radar,122,84,168,23,397,0,9,14,26,49,122,93,182,49,446,4,8,12,458
06/09/2001,BHM,AL,ASO,ES,Towers with Radar,68,47,90,12,217,27,8,0,6,41,95,55,90,18,258,27,10,37,295
06/10/2001,BHM,AL,ASO,ES,Towers with Radar,89,46,121,16,272,22,0,17,13,52,111,46,138,29,324,8,28,36,360
06/11/2001,BHM,AL,ASO,ES,Towers with Radar,119,83,172,23,397,0,0,22,1,23,119,83,194,24,420,17,10,27,447
06/12/2001,BHM,AL,ASO,ES,Towers with Radar,125,95,195,24,439,0,0,19,0,19,125,95,214,24,458,26,14,40,498
06/13/2001,BHM,AL,ASO,ES,Towers with Radar,116,96,194,26,432,0,8,27,5,40,116,104,221,31,472,10,6,16,488
06/14/2001,BHM,AL,ASO,ES,Towers with Radar,117,88,176,24,405,0,15,22,6,43,117,103,198,30,448,14,26,40,488
06/15/2001,BHM,AL,ASO,ES,Towers with Radar,110,84,167,23,384,0,11,35,22,68,110,95,202,45,452,4,22,26,478
06/16/2001,BHM,AL,ASO,ES,Towers with Radar,111,54,93,12,270,0,0,26,9,35,111,54,119,21,305,32,2,34,339
06/17/2001,BHM,AL,ASO,ES,Towers with Radar,83,49,113,10,255,29,0,9,0,38,112,49,122,10,293,4,0,4,297
06/18/2001,BHM,AL,ASO,ES,Towers with Radar,126,72,186,8,392,0,0,35,1,36,126,72,221,9,428,22,0,22,450
06/19/2001,BHM,AL,ASO,ES,Towers with Radar,123,89,228,52,492,0,0,23,4,27,123,89,251,56,519,16,32,48,567
06/20/2001,BHM,AL,ASO,ES,Towers with Radar,125,91,237,33,486,0,0,34,6,40,125,91,271,39,526,14,6,20,546
06/21/2001,BHM,AL,ASO,ES,Towers with Radar,127,103,251,23,504,0,0,14,3,17,127,103,265,26,521,0,0,0,521
06/22/2001,BHM,AL,ASO,ES,Towers with Radar,124,90,176,21,411,0,0,10,6,16,124,90,186,27,427,0,6,6,433
06/23/2001,BHM,AL,ASO,ES,Towers with Radar,112,54,102,15,283,0,1,29,0,30,112,55,131,15,313,0,14,14,327
06/24/2001,BHM,AL,ASO,ES,Towers with Radar,113,46,120,16,295,0,2,24,3,29,113,48,144,19,324,16,4,20,344
06/25/2001,BHM,AL,ASO,ES,Towers with Radar,125,73,169,24,391,0,0,29,0,29,125,73,198,24,420,12,8,20,440
06/26/2001,BHM,AL,ASO,ES,Towers with Radar,123,96,218,32,469,0,3,15,4,22,123,99,233,36,491,0,0,0,491
06/27/2001,BHM,AL,ASO,ES,Towers with Radar,121,90,184,18,413,0,4,39,0,43,121,94,223,18,456,6,2,8,464
06/28/2001,BHM,AL,ASO,ES,Towers with Radar,125,90,192,28,435,0,0,0,7,7,125,90,192,35,442,6,16,22,464
06/29/2001,BHM,AL,ASO,ES,Towers with Radar,125,91,185,26,427,0,2,0,0,2,125,93,185,26,429,16,0,16,445
06/30/2001,BHM,AL,ASO,ES,Towers with Radar,94,64,106,18,282,14,7,0,0,21,108,71,106,18,303,12,14,26,329
07/01/2001,BHM,AL,ASO,ES,Towers with Radar,111,33,95,3,242,2,1,14,0,17,113,34,109,3,259,12,0,12,271
07/02/2001,BHM,AL,ASO,ES,Towers with Radar,120,67,117,29,333,0,0,21,3,24,120,67,138,32,357,0,0,0,357
07/03/2001,BHM,AL,ASO,ES,Towers with Radar,113,80,151,15,359,10,12,11,0,33,123,92,162,15,392,0,14,14,406
07/04/2001,BHM,AL,ASO,ES,Towers with Radar,111,58,53,0,222,1,0,14,0,15,112,58,67,0,237,22,0,22,259
07/05/2001,BHM,AL,ASO,ES,Towers with Radar,97,110,127,21,355,0,0,20,4,24,97,110,147,25,379,0,18,18,397
07/06/2001,BHM,AL,ASO,ES,Towers with Radar,124,85,163,41,413,0,0,17,6,23,124,85,180,47,436,12,8,20,456
07/07/2001,BHM,AL,ASO,ES,Towers with Radar,111,51,83,4,249,0,0,24,5,29,111,51,107,9,278,39,4,43,321
07/08/2001,BHM,AL,ASO,ES,Towers with Radar,88,45,120,15,268,20,0,13,0,33,108,45,133,15,301,4,6,10,311
07/09/2001,BHM,AL,ASO,ES,Towers with Radar,110,73,146,13,342,4,0,11,0,15,114,73,157,13,357,22,2,24,381
07/10/2001,BHM,AL,ASO,ES,Towers with Radar,118,98,168,11,395,0,2,15,2,19,118,100,183,13,414,0,0,0,414
07/11/2001,BHM,AL,ASO,ES,Towers with Radar,119,98,235,39,491,0,0,8,17,25,119,98,243,56,516,8,1,9,525
07/12/2001,BHM,AL,ASO,ES,Towers with Radar,118,102,194,26,440,0,0,64,0,64,118,102,258,26,504,0,8,8,512
07/13/2001,BHM,AL,ASO,ES,Towers with Radar,119,97,169,50,435,0,1,30,14,45,119,98,199,64,480,18,10,28,508
07/14/2001,BHM,AL,ASO,ES,Towers with Radar,82,59,100,15,256,20,17,0,14,51,102,76,100,29,307,6,10,16,323
07/15/2001,BHM,AL,ASO,ES,Towers with Radar,106,52,131,17,306,0,0,17,7,24,106,52,148,24,330,16,0,16,346
07/16/2001,BHM,AL,ASO,ES,Towers with Radar,116,77,174,33,400,0,1,22,4,27,116,78,196,37,427,18,10,28,455
07/17/2001,BHM,AL,ASO,ES,Towers with Radar,118,94,176,25,413,0,9,40,9,58,118,103,216,34,471,34,30,64,535
07/18/2001,BHM,AL,ASO,ES,Towers with Radar,113,103,229,30,475,0,2,29,9,40,113,105,258,39,515,40,14,54,569
07/19/2001,BHM,AL,ASO,ES,Towers with Radar,117,100,212,17,446,0,1,20,6,27,117,101,232,23,473,0,0,0,473
07/20/2001,BHM,AL,ASO,ES,Towers with Radar,117,101,190,28,436,0,6,10,16,32,117,107,200,44,468,2,0,2,470
07/21/2001,BHM,AL,ASO,ES,Towers with Radar,88,57,86,16,247,13,0,0,1,14,101,57,86,17,261,0,0,0,261
07/22/2001,BHM,AL,ASO,ES,Towers with Radar,106,53,128,14,301,0,0,19,1,20,106,53,147,15,321,26,4,30,351
07/23/2001,BHM,AL,ASO,ES,Towers with Radar,115,77,169,26,387,0,7,34,1,42,115,84,203,27,429,12,0,12,441
07/24/2001,BHM,AL,ASO,ES,Towers with Radar,116,105,168,29,418,0,4,22,8,34,116,109,190,37,452,4,0,4,456
07/25/2001,BHM,AL,ASO,ES,Towers with Radar,117,106,180,37,440,0,0,10,5,15,117,106,190,42,455,5,0,5,460
07/26/2001,BHM,AL,ASO,ES,Towers with Radar,118,98,184,28,428,0,23,47,10,80,118,121,231,38,508,8,14,22,530
07/27/2001,BHM,AL,ASO,ES,Towers with Radar,117,94,199,35,445,0,0,20,22,42,117,94,219,57,487,30,12,42,529
07/28/2001,BHM,AL,ASO,ES,Towers with Radar,88,63,114,18,283,15,2,0,5,22,103,65,114,23,305,4,8,12,317
07/29/2001,BHM,AL,ASO,ES,Towers with Radar,112,59,91,17,279,0,1,8,8,17,112,60,99,25,296,6,22,28,324
07/30/2001,BHM,AL,ASO,ES,Towers with Radar,121,82,167,20,390,0,3,23,2,28,121,85,190,22,418,16,1,17,435
07/31/2001,BHM,AL,ASO,ES,Towers with Radar,121,97,185,34,437,0,0,18,4,22,121,97,203,38,459,24,0,24,483
08/01/2001,BHM,AL,ASO,ES,Towers with Radar,118,109,210,35,472,2,3,20,2,27,120,112,230,37,499,12,0,12,511
08/02/2001,BHM,AL,ASO,ES,Towers with Radar,115,107,188,24,434,2,2,26,1,31,117,109,214,25,465,4,0,4,469
08/03/2001,BHM,AL,ASO,ES,Towers with Radar,115,102,147,32,396,2,5,12,13,32,117,107,159,45,428,8,0,8,436
08/04/2001,BHM,AL,ASO,ES,Towers with Radar,106,68,56,7,237,2,5,14,1,22,108,73,70,8,259,24,0,24,283
08/05/2001,BHM,AL,ASO,ES,Towers with Radar,104,53,104,4,265,2,1,13,9,25,106,54,117,13,290,4,0,4,294
08/06/2001,BHM,AL,ASO,ES,Towers with Radar,106,86,78,3,273,2,1,1,0,4,108,87,79,3,277,4,0,4,281
08/07/2001,BHM,AL,ASO,ES,Towers with Radar,117,109,128,24,378,2,1,7,0,10,119,110,135,24,388,14,6,20,408
08/08/2001,BHM,AL,ASO,ES,Towers with Radar,112,122,187,30,451,2,2,7,0,11,114,124,194,30,462,25,24,49,511
08/09/2001,BHM,AL,ASO,ES,Towers with Radar,117,105,190,34,446,2,3,8,3,16,119,108,198,37,462,8,20,28,490
08/10/2001,BHM,AL,ASO,ES,Towers with Radar,113,89,152,23,377,2,1,2,0,5,115,90,154,23,382,1,2,3,385
08/11/2001,BHM,AL,ASO,ES,Towers with Radar,100,67,68,17,252,1,2,14,8,25,101,69,82,25,277,22,12,34,311
08/12/2001,BHM,AL,ASO,ES,Towers with Radar,102,49,98,33,282,1,4,9,0,14,103,53,107,33,296,12,44,56,352
08/13/2001,BHM,AL,ASO,ES,Towers with Radar,111,76,113,22,322,1,2,5,0,8,112,78,118,22,330,0,6,6,336
08/14/2001,BHM,AL,ASO,ES,Towers with Radar,116,105,182,45,448,1,3,23,3,30,117,108,205,48,478,20,22,42,520
08/15/2001,BHM,AL,ASO,ES,Towers with Radar,114,105,206,44,469,1,5,18,1,25,115,110,224,45,494,6,12,18,512
08/16/2001,BHM,AL,ASO,ES,Towers with Radar,114,99,180,53,446,1,3,13,8,25,115,102,193,61,471,22,12,34,505
08/17/2001,BHM,AL,ASO,ES,Towers with Radar,113,90,191,22,416,1,1,12,7,21,114,91,203,29,437,0,0,0,437
08/18/2001,BHM,AL,ASO,ES,Towers with Radar,100,65,71,6,242,2,3,13,0,18,102,68,84,6,260,70,0,70,330
08/19/2001,BHM,AL,ASO,ES,Towers with Radar,106,49,109,11,275,1,1,13,0,15,107,50,122,11,290,12,2,14,304
08/20/2001,BHM,AL,ASO,ES,Towers with Radar,112,92,171,20,395,1,2,22,0,25,113,94,193,20,420,16,0,16,436
08/21/2001,BHM,AL,ASO,ES,Towers with Radar,115,105,211,33,464,1,3,24,2,30,116,108,235,35,494,37,6,43,537
08/22/2001,BHM,AL,ASO,ES,Towers with Radar,111,102,231,38,482,1,3,17,5,26,112,105,248,43,508,22,18,40,548
08/23/2001,BHM,AL,ASO,ES,Towers with Radar,116,104,192,34,446,0,0,35,17,52,116,104,227,51,498,45,14,59,557
08/24/2001,BHM,AL,ASO,ES,Towers with Radar,115,97,185,33,430,0,0,41,10,51,115,97,226,43,481,20,18,38,519
08/25/2001,BHM,AL,ASO,ES,Towers with Radar,81,64,113,21,279,20,0,0,3,23,101,64,113,24,302,14,10,24,326
08/26/2001,BHM,AL,ASO,ES,Towers with Radar,105,55,135,30,325,1,7,22,5,35,106,62,157,35,360,16,22,38,398
08/27/2001,BHM,AL,ASO,ES,Towers with Radar,109,82,154,24,369,8,2,17,0,27,117,84,171,24,396,10,4,14,410
08/28/2001,BHM,AL,ASO,ES,Towers with Radar,120,114,224,45,503,1,2,22,3,28,121,116,246,48,531,8,8,16,547
08/29/2001,BHM,AL,ASO,ES,Towers with Radar,114,107,190,34,445,0,0,16,25,41,114,107,206,59,486,0,28,28,514
08/30/2001,BHM,AL,ASO,ES,Towers with Radar,113,111,222,45,491,1,3,8,0,12,114,114,230,45,503,2,14,16,519
08/31/2001,BHM,AL,ASO,ES,Towers with Radar,111,97,178,22,408,1,1,3,0,5,112,98,181,22,413,12,0,12,425
09/01/2001,BHM,AL,ASO,ES,Towers with Radar,61,61,95,3,220,29,1,0,0,30,90,62,95,3,250,32,0,32,282
09/02/2001,BHM,AL,ASO,ES,Towers with Radar,84,48,46,9,187,2,1,0,2,5,86,49,46,11,192,0,4,4,196
09/03/2001,BHM,AL,ASO,ES,Towers with Radar,100,53,69,5,227,2,1,0,2,5,102,54,69,7,232,0,0,0,232
09/04/2001,BHM,AL,ASO,ES,Towers with Radar,109,78,168,23,378,1,5,1,4,11,110,83,169,27,389,18,4,22,411
09/05/2001,BHM,AL,ASO,ES,Towers with Radar,109,114,200,27,450,1,4,9,3,17,110,118,209,30,467,17,2,19,486
09/06/2001,BHM,AL,ASO,ES,Towers with Radar,101,104,195,27,427,1,3,18,4,26,102,107,213,31,453,44,14,58,511
09/07/2001,BHM,AL,ASO,ES,Towers with Radar,106,99,197,34,436,1,3,16,13,33,107,102,213,47,469,24,6,30,499
09/08/2001,BHM,AL,ASO,ES,Towers with Radar,91,73,107,32,303,1,3,18,2,24,92,76,125,34,327,26,60,86,413
09/09/2001,BHM,AL,ASO,ES,Towers with Radar,63,53,106,19,241,34,0,17,3,54,97,53,123,22,295,34,12,46,341
09/10/2001,BHM,AL,ASO,ES,Towers with Radar,98,88,146,24,356,2,4,2,5,13,100,92,148,29,369,2,6,8,377
09/11/2001,BHM,AL,ASO,ES,Towers with Radar,28,42,46,3,119,2,3,0,1,6,30,45,46,4,125,0,0,0,125
09/12/2001,BHM,AL,ASO,ES,Towers with Radar,0,2,10,0,12,0,0,0,14,14,0,2,10,14,26,2,0,2,28
09/13/2001,BHM,AL,ASO,ES,Towers with Radar,9,42,10,26,87,2,2,0,3,7,11,44,10,29,94,0,0,0,94
09/14/2001,BHM,AL,ASO,ES,Towers with Radar,64,109,52,39,264,2,2,0,1,5,66,111,52,40,269,0,0,0,269
09/15/2001,BHM,AL,ASO,ES,Towers with Radar,67,63,91,22,243,0,0,0,9,9,67,63,91,31,252,0,30,30,282
09/16/2001,BHM,AL,ASO,ES,Towers with Radar,87,57,82,19,245,2,3,0,1,6,89,60,82,20,251,6,0,6,257
09/17/2001,BHM,AL,ASO,ES,Towers with Radar,90,86,128,29,333,2,2,0,1,5,92,88,128,30,338,0,0,0,338
09/18/2001,BHM,AL,ASO,ES,Towers with Radar,98,114,189,56,457,2,3,2,17,24,100,117,191,73,481,5,20,25,506
09/19/2001,BHM,AL,ASO,ES,Towers with Radar,91,113,194,47,445,2,6,7,1,16,93,119,201,48,461,8,0,8,469
09/20/2001,BHM,AL,ASO,ES,Towers with Radar,94,122,220,44,480,0,0,2,11,13,94,122,222,55,493,4,0,4,497
09/21/2001,BHM,AL,ASO,ES,Towers with Radar,88,121,178,57,444,2,5,18,4,29,90,126,196,61,473,16,26,42,515
09/22/2001,BHM,AL,ASO,ES,Towers with Radar,73,65,113,24,275,0,0,0,27,27,73,65,113,51,302,0,12,12,314
09/23/2001,BHM,AL,ASO,ES,Towers with Radar,82,64,151,33,330,2,4,11,2,19,84,68,162,35,349,18,24,42,391
09/24/2001,BHM,AL,ASO,ES,Towers with Radar,92,91,140,31,354,0,5,0,1,6,92,96,140,32,360,0,6,6,366
09/25/2001,BHM,AL,ASO,ES,Towers with Radar,92,114,211,37,454,2,3,25,8,38,94,117,236,45,492,4,6,10,502
09/26/2001,BHM,AL,ASO,ES,Towers with Radar,95,111,188,29,423,0,7,77,0,84,95,118,265,29,507,18,2,20,527
09/27/2001,BHM,AL,ASO,ES,Towers with Radar,91,105,187,24,407,0,0,93,0,93,91,105,280,24,500,24,0,24,524
09/28/2001,BHM,AL,ASO,ES,Towers with Radar,97,103,179,16,395,0,0,64,0,64,97,103,243,16,459,48,0,48,507
09/29/2001,BHM,AL,ASO,ES,Towers with Radar,75,69,117,12,273,2,5,43,1,51,77,74,160,13,324,0,0,0,324
09/30/2001,BHM,AL,ASO,ES,Towers with Radar,81,57,162,10,310,2,4,32,3,41,83,61,194,13,351,12,8,20,371
10/01/2001,BHM,AL,ASO,ES,Towers with Radar,88,80,130,31,329,0,1,27,1,29,88,81,157,32,358,2,10,12,370
10/02/2001,BHM,AL,ASO,ES,Towers with Radar,96,106,206,36,444,0,2,13,3,18,96,108,219,39,462,12,14,26,488
10/03/2001,BHM,AL,ASO,ES,Towers with Radar,92,115,199,38,444,0,4,21,4,29,92,119,220,42,473,28,8,36,509
10/04/2001,BHM,AL,ASO,ES,Towers with Radar,89,120,231,46,486,0,4,23,4,31,89,124,254,50,517,10,16,26,543
10/05/2001,BHM,AL,ASO,ES,Towers with Radar,95,99,197,38,429,0,1,9,2,12,95,100,206,40,441,0,6,6,447
10/06/2001,BHM,AL,ASO,ES,Towers with Radar,79,60,91,6,236,0,3,17,2,22,79,63,108,8,258,6,0,6,264
10/07/2001,BHM,AL,ASO,ES,Towers with Radar,84,52,149,18,303,0,1,13,2,16,84,53,162,20,319,20,22,42,361
10/08/2001,BHM,AL,ASO,ES,Towers with Radar,86,60,158,10,314,1,1,18,2,22,87,61,176,12,336,28,0,28,364
10/09/2001,BHM,AL,ASO,ES,Towers with Radar,94,94,221,26,435,0,2,14,5,21,94,96,235,31,456,24,0,24,480
10/10/2001,BHM,AL,ASO,ES,Towers with Radar,89,113,209,49,460,1,4,16,3,24,90,117,225,52,484,10,14,24,508
10/11/2001,BHM,AL,ASO,ES,Towers with Radar,94,102,189,26,411,0,7,11,0,18,94,109,200,26,429,10,0,10,439
10/12/2001,BHM,AL,ASO,ES,Towers with Radar,95,105,182,40,422,1,5,8,9,23,96,110,190,49,445,0,0,0,445
10/13/2001,BHM,AL,ASO,ES,Towers with Radar,81,64,44,14,203,1,1,4,2,8,82,65,48,16,211,0,6,6,217
10/14/2001,BHM,AL,ASO,ES,Towers with Radar,63,53,121,17,254,21,0,27,7,55,84,53,148,24,309,6,8,14,323
10/15/2001,BHM,AL,ASO,ES,Towers with Radar,88,93,172,20,373,1,2,20,1,24,89,95,192,21,397,32,0,32,429
10/16/2001,BHM,AL,ASO,ES,Towers with Radar,89,103,202,27,421,1,1,14,1,17,90,104,216,28,438,10,10,20,458
10/17/2001,BHM,AL,ASO,ES,Towers with Radar,91,106,253,39,489,1,2,18,3,24,92,108,271,42,513,16,10,26,539
10/18/2001,BHM,AL,ASO,ES,Towers with Radar,89,114,235,40,478,1,2,20,6,29,90,116,255,46,507,14,2,16,523
10/19/2001,BHM,AL,ASO,ES,Towers with Radar,90,98,224,41,453,1,1,23,3,28,91,99,247,44,481,32,12,44,525
10/20/2001,BHM,AL,ASO,ES,Towers with Radar,78,69,183,9,339,0,0,0,0,0,78,69,183,9,339,6,2,8,347
10/21/2001,BHM,AL,ASO,ES,Towers with Radar,86,55,207,21,369,0,5,30,2,37,86,60,237,23,406,20,2,22,428
10/22/2001,BHM,AL,ASO,ES,Towers with Radar,84,88,187,33,392,0,2,14,2,18,84,90,201,35,410,24,6,30,440
10/23/2001,BHM,AL,ASO,ES,Towers with Radar,93,101,180,17,391,0,1,55,5,61,93,102,235,22,452,0,20,20,472
10/24/2001,BHM,AL,ASO,ES,Towers with Radar,92,110,187,20,409,0,2,21,3,26,92,112,208,23,435,6,11,17,452
10/25/2001,BHM,AL,ASO,ES,Towers with Radar,87,96,177,26,386,0,15,9,0,24,87,111,186,26,410,42,6,48,458
10/26/2001,BHM,AL,ASO,ES,Towers with Radar,90,118,142,21,371,0,2,74,10,86,90,120,216,31,457,18,10,28,485
10/27/2001,BHM,AL,ASO,ES,Towers with Radar,72,58,61,11,202,0,2,56,8,66,72,60,117,19,268,2,10,12,280
10/28/2001,BHM,AL,ASO,ES,Towers with Radar,72,64,85,14,235,0,1,61,3,65,72,65,146,17,300,8,0,8,308
10/29/2001,BHM,AL,ASO,ES,Towers with Radar,87,90,145,10,332,0,1,42,5,48,87,91,187,15,380,0,2,2,382
10/30/2001,BHM,AL,ASO,ES,Towers with Radar,88,92,170,24,374,0,17,44,4,65,88,109,214,28,439,32,0,32,471
10/31/2001,BHM,AL,ASO,ES,Towers with Radar,84,121,124,14,343,0,2,58,14,74,84,123,182,28,417,42,14,56,473
11/01/2001,BHM,AL,ASO,ES,Towers with Radar,90,107,175,21,393,2,3,53,8,66,92,110,228,29,459,20,2,22,481
11/02/2001,BHM,AL,ASO,ES,Towers with Radar,92,106,144,12,354,1,4,55,15,75,93,110,199,27,429,50,8,58,487
11/03/2001,BHM,AL,ASO,ES,Towers with Radar,62,69,58,9,198,1,4,49,12,66,63,73,107,21,264,24,8,32,296
11/04/2001,BHM,AL,ASO,ES,Towers with Radar,77,60,98,28,263,1,3,62,10,76,78,63,160,38,339,34,14,48,387
11/05/2001,BHM,AL,ASO,ES,Towers with Radar,85,92,121,4,302,1,2,51,1,55,86,94,172,5,357,26,0,26,383
11/06/2001,BHM,AL,ASO,ES,Towers with Radar,84,128,140,12,364,1,4,49,4,58,85,132,189,16,422,18,6,24,446
11/07/2001,BHM,AL,ASO,ES,Towers with Radar,93,133,208,17,451,2,3,40,5,50,95,136,248,22,501,56,50,106,607
11/08/2001,BHM,AL,ASO,ES,Towers with Radar,87,133,154,9,383,2,3,54,8,67,89,136,208,17,450,35,0,35,485
11/09/2001,BHM,AL,ASO,ES,Towers with Radar,96,125,161,14,396,0,0,65,6,71,96,125,226,20,467,20,6,26,493
11/10/2001,BHM,AL,ASO,ES,Towers with Radar,53,64,80,4,201,18,13,33,0,64,71,77,113,4,265,12,0,12,277
11/11/2001,BHM,AL,ASO,ES,Towers with Radar,56,67,84,7,214,16,4,38,0,58,72,71,122,7,272,14,0,14,286
11/12/2001,BHM,AL,ASO,ES,Towers with Radar,72,83,107,9,271,12,0,45,2,59,84,83,152,11,330,0,0,0,330
11/13/2001,BHM,AL,ASO,ES,Towers with Radar,88,99,140,12,339,0,0,54,5,59,88,99,194,17,398,7,10,17,415
11/14/2001,BHM,AL,ASO,ES,Towers with Radar,91,131,161,14,397,0,4,74,7,85,91,135,235,21,482,24,14,38,520
11/15/2001,BHM,AL,ASO,ES,Towers with Radar,87,116,180,21,404,1,4,40,6,51,88,120,220,27,455,12,21,33,488
11/16/2001,BHM,AL,ASO,ES,Towers with Radar,81,102,149,13,345,1,3,60,21,85,82,105,209,34,430,40,2,42,472
11/17/2001,BHM,AL,ASO,ES,Towers with Radar,60,74,62,9,205,1,4,65,5,75,61,78,127,14,280,8,6,14,294
11/18/2001,BHM,AL,ASO,ES,Towers with Radar,75,62,94,8,239,1,3,62,11,77,76,65,156,19,316,30,0,30,346
11/19/2001,BHM,AL,ASO,ES,Towers with Radar,82,101,111,7,301,1,3,39,4,47,83,104,150,11,348,14,6,20,368
11/20/2001,BHM,AL,ASO,ES,Towers with Radar,95,128,163,9,395,1,5,58,12,76,96,133,221,21,471,16,0,16,487
11/21/2001,BHM,AL,ASO,ES,Towers with Radar,90,113,126,15,344,1,4,55,0,60,91,117,181,15,404,42,6,48,452
11/22/2001,BHM,AL,ASO,ES,Towers with Radar,60,78,18,2,158,1,4,33,8,46,61,82,51,10,204,0,0,0,204
11/23/2001,BHM,AL,ASO,ES,Towers with Radar,68,66,64,5,203,1,3,0,0,4,69,69,64,5,207,0,0,0,207
11/24/2001,BHM,AL,ASO,ES,Towers with Radar,65,69,32,0,166,1,3,0,0,4,66,72,32,0,170,0,0,0,170
11/25/2001,BHM,AL,ASO,ES,Towers with Radar,74,77,119,4,274,0,0,71,0,71,74,77,190,4,345,14,0,14,359
11/26/2001,BHM,AL,ASO,ES,Towers with Radar,83,96,121,11,311,7,0,5,6,18,90,96,126,17,329,17,2,19,348
11/27/2001,BHM,AL,ASO,ES,Towers with Radar,83,113,110,17,323,1,4,1,0,6,84,117,111,17,329,20,12,32,361
11/28/2001,BHM,AL,ASO,ES,Towers with Radar,97,108,121,33,359,1,3,9,4,17,98,111,130,37,376,8,22,30,406
11/29/2001,BHM,AL,ASO,ES,Towers with Radar,90,109,96,2,297,1,6,2,0,9,91,115,98,2,306,0,0,0,306
11/30/2001,BHM,AL,ASO,ES,Towers with Radar,91,113,175,17,396,0,0,15,4,19,91,113,190,21,415,20,8,28,443
12/01/2001,BHM,AL,ASO,ES,Towers with Radar,64,82,80,8,234,8,3,48,18,77,72,85,128,26,311,20,8,28,339
12/02/2001,BHM,AL,ASO,ES,Towers with Radar,73,81,65,6,225,0,0,70,2,72,73,81,135,8,297,14,0,14,311
12/03/2001,BHM,AL,ASO,ES,Towers with Radar,86,97,124,8,315,0,0,57,0,57,86,97,181,8,372,16,6,22,394
12/04/2001,BHM,AL,ASO,ES,Towers with Radar,94,135,139,14,382,0,0,76,7,83,94,135,215,21,465,4,4,8,473
12/05/2001,BHM,AL,ASO,ES,Towers with Radar,88,127,137,14,366,0,0,55,15,70,88,127,192,29,436,16,6,22,458
12/06/2001,BHM,AL,ASO,ES,Towers with Radar,88,125,209,28,450,0,2,37,2,41,88,127,246,30,491,30,0,30,521
12/07/2001,BHM,AL,ASO,ES,Towers with Radar,86,126,140,14,366,0,0,56,27,83,86,126,196,41,449,68,8,76,525
12/08/2001,BHM,AL,ASO,ES,Towers with Radar,57,72,68,7,204,6,14,26,8,54,63,86,94,15,258,60,0,60,318
12/09/2001,BHM,AL,ASO,ES,Towers with Radar,74,80,92,21,267,0,0,43,11,54,74,80,135,32,321,94,6,100,421
12/10/2001,BHM,AL,ASO,ES,Towers with Radar,86,111,141,5,343,0,0,6,0,6,86,111,147,5,349,0,0,0,349
12/11/2001,BHM,AL,ASO,ES,Towers with Radar,93,136,174,15,418,0,0,12,0,12,93,136,186,15,430,6,6,12,442
12/12/2001,BHM,AL,ASO,ES,Towers with Radar,94,135,133,15,377,0,1,37,2,40,94,136,170,17,417,16,8,24,441
12/13/2001,BHM,AL,ASO,ES,Towers with Radar,95,133,140,5,373,0,0,5,0,5,95,133,145,5,378,0,0,0,378
12/14/2001,BHM,AL,ASO,ES,Towers with Radar,90,129,144,16,379,0,0,40,6,46,90,129,184,22,425,24,20,44,469
12/15/2001,BHM,AL,ASO,ES,Towers with Radar,65,79,59,7,210,0,0,83,9,92,65,79,142,16,302,38,36,74,376
12/16/2001,BHM,AL,ASO,ES,Towers with Radar,74,71,52,12,209,0,0,9,0,9,74,71,61,12,218,8,4,12,230
12/17/2001,BHM,AL,ASO,ES,Towers with Radar,87,102,107,5,301,0,0,7,0,7,87,102,114,5,308,0,4,4,312
12/18/2001,BHM,AL,ASO,ES,Towers with Radar,95,120,133,18,366,0,3,68,11,82,95,123,201,29,448,12,26,38,486
12/19/2001,BHM,AL,ASO,ES,Towers with Radar,96,118,162,23,399,0,1,66,10,77,96,119,228,33,476,30,6,36,512
12/20/2001,BHM,AL,ASO,ES,Towers with Radar,95,121,132,14,362,0,0,91,17,108,95,121,223,31,470,20,14,34,504
12/21/2001,BHM,AL,ASO,ES,Towers with Radar,98,121,116,7,342,0,7,83,0,90,98,128,199,7,432,14,2,16,448
12/22/2001,BHM,AL,ASO,ES,Towers with Radar,71,80,51,2,204,0,3,60,0,63,71,83,111,2,267,32,0,32,299
12/23/2001,BHM,AL,ASO,ES,Towers with Radar,66,68,51,4,189,0,0,21,0,21,66,68,72,4,210,0,4,4,214
12/24/2001,BHM,AL,ASO,ES,Towers with Radar,66,63,25,2,156,0,0,54,0,54,66,63,79,2,210,10,0,10,220
12/25/2001,BHM,AL,ASO,ES,Towers with Radar,35,42,38,2,117,27,25,0,0,52,62,67,38,2,169,0,0,0,169
12/26/2001,BHM,AL,ASO,ES,Towers with Radar,75,91,88,3,257,16,6,40,0,62,91,97,128,3,319,18,2,20,339
12/27/2001,BHM,AL,ASO,ES,Towers with Radar,89,108,106,11,314,9,19,11,1,40,98,127,117,12,354,3,27,30,384
12/28/2001,BHM,AL,ASO,ES,Towers with Radar,82,100,98,9,289,15,16,4,0,35,97,116,102,9,324,14,4,18,342
12/29/2001,BHM,AL,ASO,ES,Towers with Radar,64,78,75,2,219,1,2,18,0,21,65,80,93,2,240,18,2,20,260
12/30/2001,BHM,AL,ASO,ES,Towers with Radar,49,60,57,4,170,15,5,3,0,23,64,65,60,4,193,18,0,18,211
12/31/2001,BHM,AL,ASO,ES,Towers with Radar,53,64,62,2,181,21,11,5,0,37,74,75,67,2,218,2,0,2,220
01/01/2002,BHM,AL,ASO,ES,Towers with Radar,69,79,29,2,179,0,3,30,0,33,69,82,59,2,212,8,0,8,220
01/02/2002,BHM,AL,ASO,ES,Towers with Radar,82,90,65,2,239,0,0,9,1,10,82,90,74,3,249,10,0,10,259
01/03/2002,BHM,AL,ASO,ES,Towers with Radar,77,82,85,9,253,10,31,0,4,45,87,113,85,13,298,8,20,28,326
01/04/2002,BHM,AL,ASO,ES,Towers with Radar,98,98,96,8,300,0,1,56,10,67,98,99,152,18,367,22,0,22,389
01/05/2002,BHM,AL,ASO,ES,Towers with Radar,75,67,44,3,189,0,1,53,3,57,75,68,97,6,246,34,0,34,280
01/06/2002,BHM,AL,ASO,ES,Towers with Radar,47,49,51,4,151,28,6,0,0,34,75,55,51,4,185,7,0,7,192
01/07/2002,BHM,AL,ASO,ES,Towers with Radar,79,84,97,9,269,11,1,26,6,44,90,85,123,15,313,20,12,32,345
01/08/2002,BHM,AL,ASO,ES,Towers with Radar,95,124,138,28,385,0,1,55,6,62,95,125,193,34,447,34,18,52,499
01/09/2002,BHM,AL,ASO,ES,Towers with Radar,95,111,140,5,351,0,1,48,1,50,95,112,188,6,401,20,0,20,421
01/10/2002,BHM,AL,ASO,ES,Towers with Radar,96,114,172,15,397,0,3,25,1,29,96,117,197,16,426,32,6,38,464
01/11/2002,BHM,AL,ASO,ES,Towers with Radar,93,103,133,13,342,0,0,33,2,35,93,103,166,15,377,14,0,14,391
01/12/2002,BHM,AL,ASO,ES,Towers with Radar,63,71,39,10,183,0,1,49,4,54,63,72,88,14,237,40,0,40,277
01/13/2002,BHM,AL,ASO,ES,Towers with Radar,77,69,80,3,229,0,0,64,4,68,77,69,144,7,297,44,0,44,341
01/14/2002,BHM,AL,ASO,ES,Towers with Radar,91,101,121,20,333,0,2,23,0,25,91,103,144,20,358,0,13,13,371
01/15/2002,BHM,AL,ASO,ES,Towers with Radar,96,120,159,18,393,0,3,56,3,62,96,123,215,21,455,22,8,30,485
01/16/2002,BHM,AL,ASO,ES,Towers with Radar,93,116,154,15,378,0,3,71,6,80,93,119,225,21,458,18,10,28,486
01/17/2002,BHM,AL,ASO,ES,Towers with Radar,95,117,151,10,373,0,2,52,2,56,95,119,203,12,429,54,18,72,501
01/18/2002,BHM,AL,ASO,ES,Towers with Radar,98,100,131,13,342,0,0,9,9,18,98,100,140,22,360,4,0,4,364
01/19/2002,BHM,AL,ASO,ES,Towers with Radar,73,67,26,4,170,0,0,0,0,0,73,67,26,4,170,0,0,0,170
01/20/2002,BHM,AL,ASO,ES,Towers with Radar,74,65,57,5,201,0,0,49,0,49,74,65,106,5,250,2,8,10,260
01/21/2002,BHM,AL,ASO,ES,Towers with Radar,83,87,104,2,276,7,0,78,0,85,90,87,182,2,361,17,0,17,378
01/22/2002,BHM,AL,ASO,ES,Towers with Radar,95,90,148,29,362,0,0,25,6,31,95,90,173,35,393,2,26,28,421
01/23/2002,BHM,AL,ASO,ES,Towers with Radar,95,125,176,18,414,0,0,10,0,10,95,125,186,18,424,8,6,14,438
01/24/2002,BHM,AL,ASO,ES,Towers with Radar,94,122,137,2,355,0,0,0,0,0,94,122,137,2,355,0,0,0,355
01/25/2002,BHM,AL,ASO,ES,Towers with Radar,91,96,154,16,357,0,1,58,16,75,91,97,212,32,432,46,6,52,484
01/26/2002,BHM,AL,ASO,ES,Towers with Radar,76,72,63,6,217,0,1,72,5,78,76,73,135,11,295,46,3,49,344
01/27/2002,BHM,AL,ASO,ES,Towers with Radar,79,74,94,7,254,0,0,44,1,45,79,74,138,8,299,26,2,28,327
01/28/2002,BHM,AL,ASO,ES,Towers with Radar,90,98,116,11,315,0,0,17,0,17,90,98,133,11,332,12,0,12,344
01/29/2002,BHM,AL,ASO,ES,Towers with Radar,96,124,161,12,393,0,0,28,4,32,96,124,189,16,425,0,4,4,429
01/30/2002,BHM,AL,ASO,ES,Towers with Radar,94,127,171,15,407,0,1,32,8,41,94,128,203,23,448,14,0,14,462
01/31/2002,BHM,AL,ASO,ES,Towers with Radar,92,114,146,25,377,0,1,16,13,30,92,115,162,38,407,6,10,16,423
02/01/2002,BHM,AL,ASO,ES,Towers with Radar,93,100,140,29,362,0,0,16,8,24,93,100,156,37,386,2,36,38,424
02/02/2002,BHM,AL,ASO,ES,Towers with Radar,78,67,44,4,193,0,1,85,4,90,78,68,129,8,283,24,0,24,307
02/03/2002,BHM,AL,ASO,ES,Towers with Radar,78,68,86,10,242,0,0,27,2,29,78,68,113,12,271,34,4,38,309
02/04/2002,BHM,AL,ASO,ES,Towers with Radar,89,97,100,11,297,0,0,41,0,41,89,97,141,11,338,0,0,0,338
02/05/2002,BHM,AL,ASO,ES,Towers with Radar,92,92,130,13,327,0,0,26,5,31,92,92,156,18,358,4,4,8,366
02/06/2002,BHM,AL,ASO,ES,Towers with Radar,88,109,91,7,295,0,0,0,0,0,88,109,91,7,295,2,0,2,297
02/07/2002,BHM,AL,ASO,ES,Towers with Radar,95,124,170,11,400,0,1,7,5,13,95,125,177,16,413,0,0,0,413
02/08/2002,BHM,AL,ASO,ES,Towers with Radar,93,122,175,12,402,0,0,77,7,84,93,122,252,19,486,20,8,28,514
02/09/2002,BHM,AL,ASO,ES,Towers with Radar,74,72,60,3,209,0,1,85,6,92,74,73,145,9,301,18,0,18,319
02/10/2002,BHM,AL,ASO,ES,Towers with Radar,80,68,72,7,227,0,0,15,5,20,80,68,87,12,247,0,0,0,247
02/11/2002,BHM,AL,ASO,ES,Towers with Radar,92,97,135,6,330,0,2,30,2,34,92,99,165,8,364,0,1,1,365
02/12/2002,BHM,AL,ASO,ES,Towers with Radar,93,123,164,19,399,0,2,40,0,42,93,125,204,19,441,12,20,32,473
02/13/2002,BHM,AL,ASO,ES,Towers with Radar,90,134,200,10,434,0,5,45,6,56,90,139,245,16,490,6,8,14,504
02/14/2002,BHM,AL,ASO,ES,Towers with Radar,89,120,141,15,365,0,4,59,6,69,89,124,200,21,434,2,1,3,437
02/15/2002,BHM,AL,ASO,ES,Towers with Radar,89,115,152,11,367,0,2,67,2,71,89,117,219,13,438,16,8,24,462
02/16/2002,BHM,AL,ASO,ES,Towers with Radar,70,78,74,4,226,0,1,60,1,62,70,79,134,5,288,18,0,18,306
02/17/2002,BHM,AL,ASO,ES,Towers with Radar,72,74,91,6,243,0,1,74,1,76,72,75,165,7,319,22,0,22,341
02/18/2002,BHM,AL,ASO,ES,Towers with Radar,84,93,141,5,323,0,0,70,0,70,84,93,211,5,393,58,0,58,451
02/19/2002,BHM,AL,ASO,ES,Towers with Radar,94,119,142,18,373,0,0,34,0,34,94,119,176,18,407,10,6,16,423
02/20/2002,BHM,AL,ASO,ES,Towers with Radar,87,117,135,6,345,0,1,32,5,38,87,118,167,11,383,24,32,56,439
02/21/2002,BHM,AL,ASO,ES,Towers with Radar,93,132,162,13,400,0,2,39,4,45,93,134,201,17,445,0,8,8,453
02/22/2002,BHM,AL,ASO,ES,Towers with Radar,92,103,158,18,371,0,1,62,14,77,92,104,220,32,448,4,10,14,462
02/23/2002,BHM,AL,ASO,ES,Towers with Radar,70,80,53,4,207,0,1,60,3,64,70,81,113,7,271,0,12,12,283
02/24/2002,BHM,AL,ASO,ES,Towers with Radar,75,76,84,6,241,0,0,64,6,70,75,76,148,12,311,14,4,18,329
02/25/2002,BHM,AL,ASO,ES,Towers with Radar,89,101,133,9,332,0,0,41,1,42,89,101,174,10,374,6,6,12,386
02/26/2002,BHM,AL,ASO,ES,Towers with Radar,91,118,155,10,374,0,0,20,4,24,91,118,175,14,398,6,4,10,408
02/27/2002,BHM,AL,ASO,ES,Towers with Radar,91,114,152,17,374,0,2,38,3,43,91,116,190,20,417,14,16,30,447
02/28/2002,BHM,AL,ASO,ES,Towers with Radar,91,113,171,24,399,0,1,63,3,67,91,114,234,27,466,14,18,32,498
03/01/2002,BHM,AL,ASO,ES,Towers with Radar,88,116,144,5,353,1,1,70,9,81,89,117,214,14,434,22,4,26,460
03/02/2002,BHM,AL,ASO,ES,Towers with Radar,66,81,47,4,198,1,0,0,0,1,67,81,47,4,199,0,0,0,199
03/03/2002,BHM,AL,ASO,ES,Towers with Radar,57,70,86,8,221,17,15,26,3,61,74,85,112,11,282,0,0,0,282
03/04/2002,BHM,AL,ASO,ES,Towers with Radar,86,103,120,9,318,1,0,44,0,45,87,103,164,9,363,8,4,12,375
03/05/2002,BHM,AL,ASO,ES,Towers with Radar,91,124,151,11,377,0,0,65,0,65,91,124,216,11,442,34,30,64,506
03/06/2002,BHM,AL,ASO,ES,Towers with Radar,88,115,153,19,375,1,1,64,1,67,89,116,217,20,442,46,4,50,492
03/07/2002,BHM,AL,ASO,ES,Towers with Radar,88,123,165,18,394,0,0,66,26,92,88,123,231,44,486,26,0,26,512
03/08/2002,BHM,AL,ASO,ES,Towers with Radar,89,120,147,27,383,1,1,64,4,70,90,121,211,31,453,30,8,38,491
03/09/2002,BHM,AL,ASO,ES,Towers with Radar,72,73,52,2,199,1,2,9,0,12,73,75,61,2,211,16,0,16,227
03/10/2002,BHM,AL,ASO,ES,Towers with Radar,74,83,95,13,265,1,0,47,3,51,75,83,142,16,316,8,0,8,324
03/11/2002,BHM,AL,ASO,ES,Towers with Radar,85,100,130,18,333,1,0,59,0,60,86,100,189,18,393,12,12,24,417
03/12/2002,BHM,AL,ASO,ES,Towers with Radar,85,132,172,7,396,1,2,0,0,3,86,134,172,7,399,0,0,0,399
03/13/2002,BHM,AL,ASO,ES,Towers with Radar,91,138,216,8,453,1,0,7,3,11,92,138,223,11,464,4,0,4,468
03/14/2002,BHM,AL,ASO,ES,Towers with Radar,88,123,180,25,416,1,1,36,16,54,89,124,216,41,470,30,12,42,512
03/15/2002,BHM,AL,ASO,ES,Towers with Radar,88,97,137,30,352,1,1,23,33,58,89,98,160,63,410,16,24,40,450
03/16/2002,BHM,AL,ASO,ES,Towers with Radar,75,77,72,3,227,1,2,8,14,25,76,79,80,17,252,11,57,68,320
03/17/2002,BHM,AL,ASO,ES,Towers with Radar,76,80,96,6,258,1,0,36,11,48,77,80,132,17,306,19,0,19,325
03/18/2002,BHM,AL,ASO,ES,Towers with Radar,89,94,121,21,325,1,0,44,2,47,90,94,165,23,372,6,4,10,382
03/19/2002,BHM,AL,ASO,ES,Towers with Radar,93,122,150,17,382,1,3,32,0,36,94,125,182,17,418,60,10,70,488
03/20/2002,BHM,AL,ASO,ES,Towers with Radar,112,111,142,8,373,1,1,8,4,14,113,112,150,12,387,2,0,2,389
03/21/2002,BHM,AL,ASO,ES,Towers with Radar,91,126,162,11,390,1,1,31,5,38,92,127,193,16,428,12,10,22,450
03/22/2002,BHM,AL,ASO,ES,Towers with Radar,92,113,176,30,411,0,3,70,7,80,92,116,246,37,491,14,12,26,517
03/23/2002,BHM,AL,ASO,ES,Towers with Radar,69,79,78,1,227,0,2,69,1,72,69,81,147,2,299,54,0,54,353
03/24/2002,BHM,AL,ASO,ES,Towers with Radar,67,66,83,3,219,0,1,50,3,54,67,67,133,6,273,2,0,2,275
03/25/2002,BHM,AL,ASO,ES,Towers with Radar,92,101,127,15,335,0,0,35,2,37,92,101,162,17,372,4,4,8,380
03/26/2002,BHM,AL,ASO,ES,Towers with Radar,90,110,119,15,334,0,0,3,14,17,90,110,122,29,351,12,2,14,365
03/27/2002,BHM,AL,ASO,ES,Towers with Radar,90,134,170,13,407,0,0,38,6,44,90,134,208,19,451,30,8,38,489
03/28/2002,BHM,AL,ASO,ES,Towers with Radar,93,118,143,17,371,0,2,56,10,68,93,120,199,27,439,8,6,14,453
03/29/2002,BHM,AL,ASO,ES,Towers with Radar,92,107,119,24,342,0,1,32,21,54,92,108,151,45,396,12,26,38,434
03/30/2002,BHM,AL,ASO,ES,Towers with Radar,72,81,45,2,200,0,0,0,0,0,72,81,45,2,200,0,0,0,200
03/31/2002,BHM,AL,ASO,ES,Towers with Radar,74,68,40,4,186,0,0,6,0,6,74,68,46,4,192,0,0,0,192
04/01/2002,BHM,AL,ASO,ES,Towers with Radar,87,99,141,13,340,0,14,46,11,71,87,113,187,24,411,20,9,29,440
04/02/2002,BHM,AL,ASO,ES,Towers with Radar,89,126,141,10,366,0,1,84,0,85,89,127,225,10,451,34,4,38,489
04/03/2002,BHM,AL,ASO,ES,Towers with Radar,92,116,151,13,372,0,4,30,5,39,92,120,181,18,411,11,1,12,423
04/04/2002,BHM,AL,ASO,ES,Towers with Radar,89,116,166,17,388,0,1,77,6,84,89,117,243,23,472,14,12,26,498
04/05/2002,BHM,AL,ASO,ES,Towers with Radar,93,110,150,26,379,0,0,68,15,83,93,110,218,41,462,56,60,116,578
04/06/2002,BHM,AL,ASO,ES,Towers with Radar,71,70,56,6,203,0,0,92,13,105,71,70,148,19,308,12,0,12,320
04/07/2002,BHM,AL,ASO,ES,Towers with Radar,74,71,81,24,250,0,0,59,14,73,74,71,140,38,323,2,16,18,341
04/08/2002,BHM,AL,ASO,ES,Towers with Radar,92,99,128,2,321,0,0,9,1,10,92,99,137,3,331,0,0,0,331
04/09/2002,BHM,AL,ASO,ES,Towers with Radar,88,102,145,13,348,0,10,42,1,53,88,112,187,14,401,8,0,8,409
04/10/2002,BHM,AL,ASO,ES,Towers with Radar,91,119,184,16,410,0,0,54,12,66,91,119,238,28,476,10,12,22,498
04/11/2002,BHM,AL,ASO,ES,Towers with Radar,91,117,199,30,437,0,0,14,4,18,91,117,213,34,455,48,20,68,523
04/12/2002,BHM,AL,ASO,ES,Towers with Radar,94,114,132,17,357,0,0,6,0,6,94,114,138,17,363,2,10,12,375
04/13/2002,BHM,AL,ASO,ES,Towers with Radar,81,71,113,5,270,0,0,16,0,16,81,71,129,5,286,0,0,0,286
04/14/2002,BHM,AL,ASO,ES,Towers with Radar,58,65,93,8,224,24,3,2,6,35,82,68,95,14,259,35,36,71,330
04/15/2002,BHM,AL,ASO,ES,Towers with Radar,94,93,195,3,385,0,0,41,0,41,94,93,236,3,426,4,6,10,436
04/16/2002,BHM,AL,ASO,ES,Towers with Radar,95,113,192,6,406,0,1,47,0,48,95,114,239,6,454,22,8,30,484
04/17/2002,BHM,AL,ASO,ES,Towers with Radar,94,122,180,9,405,0,0,76,7,83,94,122,256,16,488,16,0,16,504
04/18/2002,BHM,AL,ASO,ES,Towers with Radar,98,99,166,24,387,0,3,74,13,90,98,102,240,37,477,25,22,47,524
04/19/2002,BHM,AL,ASO,ES,Towers with Radar,100,100,175,18,393,0,0,68,19,87,100,100,243,37,480,8,4,12,492
04/20/2002,BHM,AL,ASO,ES,Towers with Radar,78,75,80,7,240,0,1,52,9,62,78,76,132,16,302,14,18,32,334
04/21/2002,BHM,AL,ASO,ES,Towers with Radar,82,71,111,2,266,1,0,89,5,95,83,71,200,7,361,24,0,24,385
04/22/2002,BHM,AL,ASO,ES,Towers with Radar,93,96,123,11,323,1,0,33,0,34,94,96,156,11,357,18,5,23,380
04/23/2002,BHM,AL,ASO,ES,Towers with Radar,95,116,173,14,398,1,3,97,4,105,96,119,270,18,503,10,10,20,523
04/24/2002,BHM,AL,ASO,ES,Towers with Radar,100,121,222,24,467,1,1,48,7,57,101,122,270,31,524,18,27,45,569
04/25/2002,BHM,AL,ASO,ES,Towers with Radar,101,115,186,22,424,1,1,58,16,76,102,116,244,38,500,6,16,22,522
04/26/2002,BHM,AL,ASO,ES,Towers with Radar,96,104,188,21,409,1,1,57,16,75,97,105,245,37,484,12,4,16,500
04/27/2002,BHM,AL,ASO,ES,Towers with Radar,77,68,69,1,215,0,1,53,7,61,77,69,122,8,276,14,0,14,290
04/28/2002,BHM,AL,ASO,ES,Towers with Radar,84,72,98,6,260,0,0,33,3,36,84,72,131,9,296,22,0,22,318
04/29/2002,BHM,AL,ASO,ES,Towers with Radar,93,88,130,18,329,0,1,41,0,42,93,89,171,18,371,4,16,20,391
04/30/2002,BHM,AL,ASO,ES,Towers with Radar,91,116,142,6,355,0,2,11,0,13,91,118,153,6,368,0,0,0,368
05/01/2002,BHM,AL,ASO,ES,Towers with Radar,100,123,223,24,470,0,0,47,2,49,100,123,270,26,519,2,6,8,527
05/02/2002,BHM,AL,ASO,ES,Towers with Radar,103,100,196,22,421,0,3,36,4,43,103,103,232,26,464,24,0,24,488
05/03/2002,BHM,AL,ASO,ES,Towers with Radar,97,105,138,2,342,0,1,8,0,9,97,106,146,2,351,0,0,0,351
05/04/2002,BHM,AL,ASO,ES,Towers with Radar,81,73,70,0,224,0,1,7,0,8,81,74,77,0,232,0,0,0,232
05/05/2002,BHM,AL,ASO,ES,Towers with Radar,75,90,125,3,293,0,0,42,0,42,75,90,167,3,335,38,0,38,373
05/06/2002,BHM,AL,ASO,ES,Towers with Radar,100,106,147,9,362,0,0,15,0,15,100,106,162,9,377,0,2,2,379
05/07/2002,BHM,AL,ASO,ES,Towers with Radar,103,110,196,24,433,0,1,27,5,33,103,111,223,29,466,36,2,38,504
05/08/2002,BHM,AL,ASO,ES,Towers with Radar,100,114,215,12,441,0,2,48,1,51,100,116,263,13,492,10,2,12,504
05/09/2002,BHM,AL,ASO,ES,Towers with Radar,101,116,178,21,416,0,1,32,3,36,101,117,210,24,452,6,14,20,472
05/10/2002,BHM,AL,ASO,ES,Towers with Radar,100,103,155,8,366,0,1,31,8,40,100,104,186,16,406,0,0,0,406
05/11/2002,BHM,AL,ASO,ES,Towers with Radar,82,64,87,8,241,0,0,42,2,44,82,64,129,10,285,24,4,28,313
05/12/2002,BHM,AL,ASO,ES,Towers with Radar,81,66,79,6,232,0,0,38,0,38,81,66,117,6,270,0,0,0,270
05/13/2002,BHM,AL,ASO,ES,Towers with Radar,96,77,107,6,286,0,0,10,0,10,96,77,117,6,296,16,2,18,314
05/14/2002,BHM,AL,ASO,ES,Towers with Radar,105,104,173,12,394,0,0,89,2,91,105,104,262,14,485,8,0,8,493
05/15/2002,BHM,AL,ASO,ES,Towers with Radar,101,116,205,16,438,0,2,88,0,90,101,118,293,16,528,5,8,13,541
05/16/2002,BHM,AL,ASO,ES,Towers with Radar,101,109,173,13,396,0,2,89,2,93,101,111,262,15,489,10,0,10,499
05/17/2002,BHM,AL,ASO,ES,Towers with Radar,103,97,141,18,359,0,1,25,5,31,103,98,166,23,390,14,16,30,420
05/18/2002,BHM,AL,ASO,ES,Towers with Radar,83,72,85,6,246,0,1,82,4,87,83,73,167,10,333,0,0,0,333
05/19/2002,BHM,AL,ASO,ES,Towers with Radar,83,71,62,11,227,0,0,74,3,77,83,71,136,14,304,10,0,10,314
05/20/2002,BHM,AL,ASO,ES,Towers with Radar,97,86,142,13,338,0,0,64,3,67,97,86,206,16,405,4,4,8,413
05/21/2002,BHM,AL,ASO,ES,Towers with Radar,103,109,173,25,410,0,1,61,0,62,103,110,234,25,472,7,5,12,484
05/22/2002,BHM,AL,ASO,ES,Towers with Radar,99,106,185,30,420,0,1,70,12,83,99,107,255,42,503,23,20,43,546
05/23/2002,BHM,AL,ASO,ES,Towers with Radar,100,109,181,8,398,0,1,66,7,74,100,110,247,15,472,39,0,39,511
05/24/2002,BHM,AL,ASO,ES,Towers with Radar,107,97,165,9,378,0,1,56,2,59,107,98,221,11,437,32,6,38,475
05/25/2002,BHM,AL,ASO,ES,Towers with Radar,80,68,59,1,208,0,1,55,0,56,80,69,114,1,264,64,0,64,328
05/26/2002,BHM,AL,ASO,ES,Towers with Radar,74,59,41,0,174,0,0,27,0,27,74,59,68,0,201,18,0,18,219
05/27/2002,BHM,AL,ASO,ES,Towers with Radar,87,47,70,4,208,0,1,35,0,36,87,48,105,4,244,12,0,12,256
05/28/2002,BHM,AL,ASO,ES,Towers with Radar,98,84,161,18,361,0,1,57,4,62,98,85,218,22,423,38,0,38,461
05/29/2002,BHM,AL,ASO,ES,Towers with Radar,98,103,164,17,382,0,1,16,1,18,98,104,180,18,400,4,6,10,410
05/30/2002,BHM,AL,ASO,ES,Towers with Radar,102,108,181,17,408,0,2,20,7,29,102,110,201,24,437,10,0,10,447
05/31/2002,BHM,AL,ASO,ES,Towers with Radar,100,97,159,25,381,0,1,59,27,87,100,98,218,52,468,34,18,52,520
06/01/2002,BHM,AL,ASO,ES,Towers with Radar,84,65,68,7,224,0,1,65,9,75,84,66,133,16,299,78,0,78,377
06/02/2002,BHM,AL,ASO,ES,Towers with Radar,85,59,86,2,232,0,0,55,12,67,85,59,141,14,299,24,1,25,324
06/03/2002,BHM,AL,ASO,ES,Towers with Radar,100,84,113,2,299,0,0,35,1,36,100,84,148,3,335,0,0,0,335
06/04/2002,BHM,AL,ASO,ES,Towers with Radar,106,121,179,13,419,0,2,47,0,49,106,123,226,13,468,16,18,34,502
06/05/2002,BHM,AL,ASO,ES,Towers with Radar,102,131,166,7,406,0,3,50,5,58,102,134,216,12,464,10,6,16,480
06/06/2002,BHM,AL,ASO,ES,Towers with Radar,99,105,181,11,396,0,4,34,15,53,99,109,215,26,449,0,0,0,449
06/07/2002,BHM,AL,ASO,ES,Towers with Radar,109,100,164,27,400,0,4,66,11,81,109,104,230,38,481,28,30,58,539
06/08/2002,BHM,AL,ASO,ES,Towers with Radar,84,63,41,4,192,0,1,35,0,36,84,64,76,4,228,4,0,4,232
06/09/2002,BHM,AL,ASO,ES,Towers with Radar,96,64,86,7,253,0,0,36,2,38,96,64,122,9,291,0,3,3,294
06/10/2002,BHM,AL,ASO,ES,Towers with Radar,96,87,141,3,327,0,2,66,4,72,96,89,207,7,399,2,2,4,403
06/11/2002,BHM,AL,ASO,ES,Towers with Radar,107,104,151,11,373,0,3,59,6,68,107,107,210,17,441,15,4,19,460
06/12/2002,BHM,AL,ASO,ES,Towers with Radar,108,118,185,16,427,0,1,77,5,83,108,119,262,21,510,0,22,22,532
06/13/2002,BHM,AL,ASO,ES,Towers with Radar,106,113,153,13,385,0,3,41,14,58,106,116,194,27,443,10,4,14,457
06/14/2002,BHM,AL,ASO,ES,Towers with Radar,106,101,134,7,348,0,2,27,10,39,106,103,161,17,387,4,10,14,401
06/15/2002,BHM,AL,ASO,ES,Towers with Radar,85,74,43,1,203,0,1,53,6,60,85,75,96,7,263,14,0,14,277
06/16/2002,BHM,AL,ASO,ES,Towers with Radar,95,65,77,10,247,0,0,37,2,39,95,65,114,12,286,12,6,18,304
06/17/2002,BHM,AL,ASO,ES,Towers with Radar,100,81,147,18,346,0,1,62,22,85,100,82,209,40,431,34,0,34,465
06/18/2002,BHM,AL,ASO,ES,Towers with Radar,111,112,159,23,405,0,1,62,11,74,111,113,221,34,479,14,6,20,499
06/19/2002,BHM,AL,ASO,ES,Towers with Radar,113,108,197,10,428,0,1,75,9,85,113,109,272,19,513,18,4,22,535
06/20/2002,BHM,AL,ASO,ES,Towers with Radar,107,99,166,32,404,0,0,78,5,83,107,99,244,37,487,14,12,26,513
06/21/2002,BHM,AL,ASO,ES,Towers with Radar,102,103,141,11,357,0,0,62,9,71,102,103,203,20,428,0,8,8,436
06/22/2002,BHM,AL,ASO,ES,Towers with Radar,85,69,51,3,208,0,1,58,1,60,85,70,109,4,268,20,1,21,289
06/23/2002,BHM,AL,ASO,ES,Towers with Radar,98,72,94,3,267,0,0,16,1,17,98,72,110,4,284,26,0,26,310
06/24/2002,BHM,AL,ASO,ES,Towers with Radar,102,96,153,13,364,0,3,21,13,37,102,99,174,26,401,16,1,17,418
06/25/2002,BHM,AL,ASO,ES,Towers with Radar,102,110,216,9,437,0,1,35,4,40,102,111,251,13,477,12,29,41,518
06/26/2002,BHM,AL,ASO,ES,Towers with Radar,107,115,202,25,449,0,2,23,7,32,107,117,225,32,481,18,38,56,537
06/27/2002,BHM,AL,ASO,ES,Towers with Radar,100,107,210,10,427,0,0,24,9,33,100,107,234,19,460,24,18,42,502
06/28/2002,BHM,AL,ASO,ES,Towers with Radar,105,113,167,5,390,0,1,15,3,19,105,114,182,8,409,16,26,42,451
06/29/2002,BHM,AL,ASO,ES,Towers with Radar,91,66,64,1,222,0,1,24,1,26,91,67,88,2,248,16,0,16,264
06/30/2002,BHM,AL,ASO,ES,Towers with Radar,74,69,96,2,241,23,2,0,0,25,97,71,96,2,266,4,0,4,270
07/01/2002,BHM,AL,ASO,ES,Towers with Radar,105,91,134,10,340,0,0,56,10,66,105,91,190,20,406,6,6,12,418
07/02/2002,BHM,AL,ASO,ES,Towers with Radar,103,105,157,5,370,0,2,29,0,31,103,107,186,5,401,25,5,30,431
07/03/2002,BHM,AL,ASO,ES,Towers with Radar,110,112,162,12,396,0,2,60,0,62,110,114,222,12,458,26,0,26,484
07/04/2002,BHM,AL,ASO,ES,Towers with Radar,81,71,39,2,193,0,2,27,0,29,81,73,66,2,222,2,0,2,224
07/05/2002,BHM,AL,ASO,ES,Towers with Radar,81,70,79,0,230,0,2,28,0,30,81,72,107,0,260,30,0,30,290
07/06/2002,BHM,AL,ASO,ES,Towers with Radar,91,63,52,0,206,0,2,60,0,62,91,65,112,0,268,56,0,56,324
07/07/2002,BHM,AL,ASO,ES,Towers with Radar,98,73,107,4,282,0,2,46,0,48,98,75,153,4,330,24,0,24,354
07/08/2002,BHM,AL,ASO,ES,Towers with Radar,102,92,115,14,323,0,2,36,0,38,102,94,151,14,361,20,5,25,386
07/09/2002,BHM,AL,ASO,ES,Towers with Radar,107,109,162,14,392,0,1,61,0,62,107,110,223,14,454,32,4,36,490
07/10/2002,BHM,AL,ASO,ES,Towers with Radar,107,100,168,5,380,0,2,36,6,44,107,102,204,11,424,16,0,16,440
07/11/2002,BHM,AL,ASO,ES,Towers with Radar,108,105,176,11,400,0,2,17,2,21,108,107,193,13,421,0,0,0,421
07/12/2002,BHM,AL,ASO,ES,Towers with Radar,109,94,153,17,373,0,1,16,2,19,109,95,169,19,392,0,4,4,396
07/13/2002,BHM,AL,ASO,ES,Towers with Radar,84,68,79,11,242,0,0,16,4,20,84,68,95,15,262,14,0,14,276
07/14/2002,BHM,AL,ASO,ES,Towers with Radar,97,66,91,6,260,0,0,26,5,31,97,66,117,11,291,20,0,20,311
07/15/2002,BHM,AL,ASO,ES,Towers with Radar,105,91,110,10,316,0,0,26,0,26,105,91,136,10,342,10,3,13,355
07/16/2002,BHM,AL,ASO,ES,Towers with Radar,106,141,177,25,449,0,0,32,0,32,106,141,209,25,481,18,27,45,526
07/17/2002,BHM,AL,ASO,ES,Towers with Radar,107,115,174,13,409,0,1,48,4,53,107,116,222,17,462,36,0,36,498
07/18/2002,BHM,AL,ASO,ES,Towers with Radar,108,117,194,14,433,0,1,72,7,80,108,118,266,21,513,16,12,28,541
07/19/2002,BHM,AL,ASO,ES,Towers with Radar,107,89,151,10,357,0,4,53,6,63,107,93,204,16,420,14,40,54,474
07/20/2002,BHM,AL,ASO,ES,Towers with Radar,89,74,58,4,225,0,1,70,3,74,89,75,128,7,299,34,0,34,333
07/21/2002,BHM,AL,ASO,ES,Towers with Radar,102,69,88,16,275,0,2,48,1,51,102,71,136,17,326,28,4,32,358
07/22/2002,BHM,AL,ASO,ES,Towers with Radar,121,83,139,7,350,0,0,18,0,18,121,83,157,7,368,4,0,4,372
07/23/2002,BHM,AL,ASO,ES,Towers with Radar,121,108,160,6,395,0,0,34,0,34,121,108,194,6,429,28,0,28,457
07/24/2002,BHM,AL,ASO,ES,Towers with Radar,107,113,181,10,411,0,1,27,5,33,107,114,208,15,444,12,0,12,456
07/25/2002,BHM,AL,ASO,ES,Towers with Radar,112,116,193,7,428,0,1,18,0,19,112,117,211,7,447,0,0,0,447
07/26/2002,BHM,AL,ASO,ES,Towers with Radar,108,95,168,8,379,0,1,50,0,51,108,96,218,8,430,6,2,8,438
07/27/2002,BHM,AL,ASO,ES,Towers with Radar,87,69,83,11,250,0,1,49,13,63,87,70,132,24,313,10,12,22,335
07/28/2002,BHM,AL,ASO,ES,Towers with Radar,101,72,70,4,247,0,0,42,8,50,101,72,112,12,297,10,4,14,311
07/29/2002,BHM,AL,ASO,ES,Towers with Radar,102,81,115,9,307,0,0,34,1,35,102,81,149,10,342,20,4,24,366
07/30/2002,BHM,AL,ASO,ES,Towers with Radar,124,102,142,9,377,0,0,39,2,41,124,102,181,11,418,23,0,23,441
07/31/2002,BHM,AL,ASO,ES,Towers with Radar,111,108,168,5,392,0,1,33,5,39,111,109,201,10,431,10,0,10,441
08/01/2002,BHM,AL,ASO,ES,Towers with Radar,109,100,152,15,376,0,1,65,5,71,109,101,217,20,447,11,5,16,463
08/02/2002,BHM,AL,ASO,ES,Towers with Radar,107,95,119,9,330,0,3,50,5,58,107,98,169,14,388,40,10,50,438
08/03/2002,BHM,AL,ASO,ES,Towers with Radar,87,62,63,3,215,0,1,47,11,59,87,63,110,14,274,44,0,44,318
08/04/2002,BHM,AL,ASO,ES,Towers with Radar,101,59,89,1,250,0,0,65,3,68,101,59,154,4,318,60,0,60,378
08/05/2002,BHM,AL,ASO,ES,Towers with Radar,105,80,117,25,327,0,0,48,1,49,105,80,165,26,376,14,17,31,407
08/06/2002,BHM,AL,ASO,ES,Towers with Radar,106,114,171,24,415,0,0,43,5,48,106,114,214,29,463,36,14,50,513
08/07/2002,BHM,AL,ASO,ES,Towers with Radar,109,120,135,27,391,0,3,56,2,61,109,123,191,29,452,4,10,14,466
08/08/2002,BHM,AL,ASO,ES,Towers with Radar,109,107,156,3,375,0,5,77,10,92,109,112,233,13,467,60,2,62,529
08/09/2002,BHM,AL,ASO,ES,Towers with Radar,110,91,139,14,354,0,2,33,6,41,110,93,172,20,395,20,2,22,417
08/10/2002,BHM,AL,ASO,ES,Towers with Radar,89,68,49,0,206,0,1,76,1,78,89,69,125,1,284,18,4,22,306
08/11/2002,BHM,AL,ASO,ES,Towers with Radar,101,71,93,3,268,0,0,37,0,37,101,71,130,3,305,24,2,26,331
08/12/2002,BHM,AL,ASO,ES,Towers with Radar,103,84,107,10,304,0,0,55,2,57,103,84,162,12,361,19,0,19,380
08/13/2002,BHM,AL,ASO,ES,Towers with Radar,108,108,149,12,377,0,4,54,5,63,108,112,203,17,440,4,0,4,444
08/14/2002,BHM,AL,ASO,ES,Towers with Radar,111,111,180,8,410,0,1,27,9,37,111,112,207,17,447,12,16,28,475
08/15/2002,BHM,AL,ASO,ES,Towers with Radar,107,108,187,30,432,0,4,24,14,42,107,112,211,44,474,0,0,0,474
08/16/2002,BHM,AL,ASO,ES,Towers with Radar,106,104,141,12,363,0,1,26,16,43,106,105,167,28,406,2,4,6,412
08/17/2002,BHM,AL,ASO,ES,Towers with Radar,90,65,43,5,203,0,1,33,9,43,90,66,76,14,246,30,0,30,276
08/18/2002,BHM,AL,ASO,ES,Towers with Radar,100,59,78,4,241,0,0,38,0,38,100,59,116,4,279,8,0,8,287
08/19/2002,BHM,AL,ASO,ES,Towers with Radar,100,92,128,12,332,0,0,39,2,41,100,92,167,14,373,12,6,18,391
08/20/2002,BHM,AL,ASO,ES,Towers with Radar,105,121,188,14,428,0,0,37,1,38,105,121,225,15,466,20,10,30,496
08/21/2002,BHM,AL,ASO,ES,Towers with Radar,108,113,181,9,411,0,4,56,4,64,108,117,237,13,475,29,4,33,508
08/22/2002,BHM,AL,ASO,ES,Towers with Radar,103,109,165,14,391,0,3,38,6,47,103,112,203,20,438,12,6,18,456
08/23/2002,BHM,AL,ASO,ES,Towers with Radar,106,94,179,16,395,0,4,66,9,79,106,98,245,25,474,15,6,21,495
08/24/2002,BHM,AL,ASO,ES,Towers with Radar,95,67,73,0,235,0,1,79,1,81,95,68,152,1,316,57,0,57,373
08/25/2002,BHM,AL,ASO,ES,Towers with Radar,98,72,69,5,244,0,1,34,2,37,98,73,103,7,281,42,0,42,323
08/26/2002,BHM,AL,ASO,ES,Towers with Radar,101,88,138,20,347,0,0,39,3,42,101,88,177,23,389,32,10,42,431
08/27/2002,BHM,AL,ASO,ES,Towers with Radar,103,112,180,11,406,0,1,50,0,51,103,113,230,11,457,52,10,62,519
08/28/2002,BHM,AL,ASO,ES,Towers with Radar,108,103,166,12,389,0,2,10,3,15,108,105,176,15,404,16,28,44,448
08/29/2002,BHM,AL,ASO,ES,Towers with Radar,105,100,169,11,385,0,1,46,2,49,105,101,215,13,434,37,15,52,486
08/30/2002,BHM,AL,ASO,ES,Towers with Radar,109,108,132,16,365,0,1,30,3,34,109,109,162,19,399,0,24,24,423
08/31/2002,BHM,AL,ASO,ES,Towers with Radar,82,75,82,2,241,0,2,66,0,68,82,77,148,2,309,30,0,30,339
09/01/2002,BHM,AL,ASO,ES,Towers with Radar,78,48,51,2,179,0,0,29,0,29,78,48,80,2,208,27,0,27,235
09/02/2002,BHM,AL,ASO,ES,Towers with Radar,89,66,76,6,237,0,0,42,0,42,89,66,118,6,279,0,0,0,279
09/03/2002,BHM,AL,ASO,ES,Towers with Radar,101,88,132,16,337,0,1,61,1,63,101,89,193,17,400,14,7,21,421
09/04/2002,BHM,AL,ASO,ES,Towers with Radar,104,120,146,16,386,0,0,52,5,57,104,120,198,21,443,6,8,14,457
09/05/2002,BHM,AL,ASO,ES,Towers with Radar,100,111,170,32,413,0,1,54,12,67,100,112,224,44,480,4,34,38,518
09/06/2002,BHM,AL,ASO,ES,Towers with Radar,104,95,154,31,384,0,1,57,17,75,104,96,211,48,459,14,24,38,497
09/07/2002,BHM,AL,ASO,ES,Towers with Radar,91,60,68,51,270,0,1,53,14,68,91,61,121,65,338,20,38,58,396
09/08/2002,BHM,AL,ASO,ES,Towers with Radar,88,76,61,8,233,0,0,65,12,77,88,76,126,20,310,18,0,18,328
09/09/2002,BHM,AL,ASO,ES,Towers with Radar,96,91,110,18,315,0,2,45,3,50,96,93,155,21,365,18,18,36,401
09/10/2002,BHM,AL,ASO,ES,Towers with Radar,96,118,170,14,398,0,0,60,3,63,96,118,230,17,461,66,6,72,533
09/11/2002,BHM,AL,ASO,ES,Towers with Radar,97,113,146,18,374,0,1,52,2,55,97,114,198,20,429,26,12,38,467
09/12/2002,BHM,AL,ASO,ES,Towers with Radar,96,109,173,6,384,0,2,62,4,68,96,111,235,10,452,12,3,15,467
09/13/2002,BHM,AL,ASO,ES,Towers with Radar,105,111,151,22,389,0,1,23,3,27,105,112,174,25,416,20,4,24,440
09/14/2002,BHM,AL,ASO,ES,Towers with Radar,86,64,61,1,212,0,1,5,2,8,86,65,66,3,220,0,0,0,220
09/15/2002,BHM,AL,ASO,ES,Towers with Radar,96,83,95,3,277,0,0,19,0,19,96,83,114,3,296,36,0,36,332
09/16/2002,BHM,AL,ASO,ES,Towers with Radar,98,86,125,7,316,0,1,32,4,37,98,87,157,11,353,7,0,7,360
09/17/2002,BHM,AL,ASO,ES,Towers with Radar,106,120,159,20,405,0,1,13,2,16,106,121,172,22,421,0,2,2,423
09/18/2002,BHM,AL,ASO,ES,Towers with Radar,101,109,186,11,407,0,0,25,2,27,101,109,211,13,434,4,6,10,444
09/19/2002,BHM,AL,ASO,ES,Towers with Radar,103,109,199,24,435,0,1,24,2,27,103,110,223,26,462,4,1,5,467
09/20/2002,BHM,AL,ASO,ES,Towers with Radar,105,102,157,24,388,0,0,22,7,29,105,102,179,31,417,6,20,26,443
09/21/2002,BHM,AL,ASO,ES,Towers with Radar,102,68,64,6,240,0,0,14,8,22,102,68,78,14,262,12,22,34,296
09/22/2002,BHM,AL,ASO,ES,Towers with Radar,91,75,80,0,246,0,0,12,0,12,91,75,92,0,258,20,0,20,278
09/23/2002,BHM,AL,ASO,ES,Towers with Radar,97,94,129,15,335,0,0,44,1,45,97,94,173,16,380,24,16,40,420
09/24/2002,BHM,AL,ASO,ES,Towers with Radar,102,109,187,17,415,0,0,12,9,21,102,109,199,26,436,55,16,71,507
09/25/2002,BHM,AL,ASO,ES,Towers with Radar,97,106,100,0,303,0,0,0,0,0,97,106,100,0,303,0,0,0,303
09/26/2002,BHM,AL,ASO,ES,Towers with Radar,97,100,86,0,283,0,0,0,0,0,97,100,86,0,283,0,0,0,283
09/27/2002,BHM,AL,ASO,ES,Towers with Radar,101,99,127,17,344,0,1,8,9,18,101,100,135,26,362,6,12,18,380
09/28/2002,BHM,AL,ASO,ES,Towers with Radar,81,73,64,12,230,0,0,63,7,70,81,73,127,19,300,38,8,46,346
09/29/2002,BHM,AL,ASO,ES,Towers with Radar,88,70,82,15,255,0,0,51,3,54,88,70,133,18,309,24,8,32,341
09/30/2002,BHM,AL,ASO,ES,Towers with Radar,94,85,159,11,349,0,0,22,3,25,94,85,181,14,374,4,14,18,392
10/01/2002,BHM,AL,ASO,ES,Towers with Radar,97,97,140,16,350,2,15,55,4,76,99,112,195,20,426,22,10,32,458
10/02/2002,BHM,AL,ASO,ES,Towers with Radar,96,106,209,28,439,0,1,83,5,89,96,107,292,33,528,44,12,56,584
10/03/2002,BHM,AL,ASO,ES,Towers with Radar,93,112,144,34,383,0,1,41,8,50,93,113,185,42,433,16,8,24,457
10/04/2002,BHM,AL,ASO,ES,Towers with Radar,99,107,115,10,331,0,2,20,8,30,99,109,135,18,361,6,0,6,367
10/05/2002,BHM,AL,ASO,ES,Towers with Radar,86,64,106,9,265,0,0,0,0,0,86,64,106,9,265,25,12,37,302
10/06/2002,BHM,AL,ASO,ES,Towers with Radar,91,67,92,7,257,0,1,72,0,73,91,68,164,7,330,10,3,13,343
10/07/2002,BHM,AL,ASO,ES,Towers with Radar,94,88,135,18,335,0,1,11,0,12,94,89,146,18,347,0,0,0,347
10/08/2002,BHM,AL,ASO,ES,Towers with Radar,104,113,161,28,406,0,1,47,0,48,104,114,208,28,454,0,22,22,476
10/09/2002,BHM,AL,ASO,ES,Towers with Radar,100,111,175,28,414,0,1,6,0,7,100,112,181,28,421,0,0,0,421
10/10/2002,BHM,AL,ASO,ES,Towers with Radar,98,125,139,14,376,0,1,4,0,5,98,126,143,14,381,8,6,14,395
10/11/2002,BHM,AL,ASO,ES,Towers with Radar,101,106,140,12,359,0,1,34,0,35,101,107,174,12,394,32,6,38,432
10/12/2002,BHM,AL,ASO,ES,Towers with Radar,87,64,72,2,225,0,1,24,1,26,87,65,96,3,251,12,0,12,263
10/13/2002,BHM,AL,ASO,ES,Towers with Radar,91,60,99,0,250,0,1,32,3,36,91,61,131,3,286,25,0,25,311
10/14/2002,BHM,AL,ASO,ES,Towers with Radar,97,79,137,10,323,0,1,17,0,18,97,80,154,10,341,39,0,39,380
10/15/2002,BHM,AL,ASO,ES,Towers with Radar,100,107,147,13,367,0,1,3,0,4,100,108,150,13,371,3,2,5,376
10/16/2002,BHM,AL,ASO,ES,Towers with Radar,101,112,193,16,422,0,3,76,13,92,101,115,269,29,514,18,10,28,542
10/17/2002,BHM,AL,ASO,ES,Towers with Radar,101,107,156,18,382,0,0,74,15,89,101,107,230,33,471,26,8,34,505
10/18/2002,BHM,AL,ASO,ES,Towers with Radar,100,93,146,17,356,1,0,73,10,84,101,93,219,27,440,50,4,54,494
10/19/2002,BHM,AL,ASO,ES,Towers with Radar,83,62,81,8,234,0,3,73,8,84,83,65,154,16,318,13,14,27,345
10/20/2002,BHM,AL,ASO,ES,Towers with Radar,90,68,79,7,244,0,1,4,8,13,90,69,83,15,257,0,8,8,265
10/21/2002,BHM,AL,ASO,ES,Towers with Radar,97,95,151,35,378,0,1,27,12,40,97,96,178,47,418,30,3,33,451
10/22/2002,BHM,AL,ASO,ES,Towers with Radar,104,115,174,18,411,0,1,43,5,49,104,116,217,23,460,38,7,45,505
10/23/2002,BHM,AL,ASO,ES,Towers with Radar,101,126,185,19,431,0,1,6,1,8,101,127,191,20,439,0,0,0,439
10/24/2002,BHM,AL,ASO,ES,Towers with Radar,103,111,216,17,447,0,1,16,3,20,103,112,232,20,467,2,4,6,473
10/25/2002,BHM,AL,ASO,ES,Towers with Radar,105,134,166,20,425,0,1,2,2,5,105,135,168,22,430,0,2,2,432
10/26/2002,BHM,AL,ASO,ES,Towers with Radar,53,55,76,3,187,33,14,0,0,47,86,69,76,3,234,6,0,6,240
10/27/2002,BHM,AL,ASO,ES,Towers with Radar,85,67,103,6,261,0,0,6,1,7,85,67,109,7,268,2,0,2,270
10/28/2002,BHM,AL,ASO,ES,Towers with Radar,102,88,157,9,356,0,0,5,1,6,102,88,162,10,362,0,0,0,362
10/29/2002,BHM,AL,ASO,ES,Towers with Radar,106,123,164,12,405,0,2,11,4,17,106,125,175,16,422,66,5,71,493
10/30/2002,BHM,AL,ASO,ES,Towers with Radar,107,136,212,32,487,0,0,35,5,40,107,136,247,37,527,24,2,26,553
10/31/2002,BHM,AL,ASO,ES,Towers with Radar,107,133,170,42,452,0,0,32,2,34,107,133,202,44,486,27,28,55,541
11/01/2002,BHM,AL,ASO,ES,Towers with Radar,104,117,176,28,425,0,1,39,5,45,104,118,215,33,470,22,8,30,500
11/02/2002,BHM,AL,ASO,ES,Towers with Radar,81,66,91,9,247,0,2,108,14,124,81,68,199,23,371,15,0,15,386
11/03/2002,BHM,AL,ASO,ES,Towers with Radar,92,66,84,6,248,0,0,11,3,14,92,66,95,9,262,0,0,0,262
11/04/2002,BHM,AL,ASO,ES,Towers with Radar,104,95,168,20,387,0,0,0,0,0,104,95,168,20,387,6,4,10,397
11/05/2002,BHM,AL,ASO,ES,Towers with Radar,101,108,122,6,337,0,0,1,0,1,101,108,123,6,338,0,0,0,338
11/06/2002,BHM,AL,ASO,ES,Towers with Radar,105,124,171,24,424,0,0,36,5,41,105,124,207,29,465,6,10,16,481
11/07/2002,BHM,AL,ASO,ES,Towers with Radar,109,107,178,17,411,0,0,80,2,82,109,107,258,19,493,16,0,16,509
11/08/2002,BHM,AL,ASO,ES,Towers with Radar,108,107,158,25,398,0,2,96,5,103,108,109,254,30,501,44,22,66,567
11/09/2002,BHM,AL,ASO,ES,Towers with Radar,80,62,71,10,223,0,1,54,0,55,80,63,125,10,278,16,0,16,294
11/10/2002,BHM,AL,ASO,ES,Towers with Radar,88,47,79,8,222,0,0,8,1,9,88,47,87,9,231,0,8,8,239
11/11/2002,BHM,AL,ASO,ES,Towers with Radar,104,76,121,13,314,0,0,19,2,21,104,76,140,15,335,8,0,8,343
11/12/2002,BHM,AL,ASO,ES,Towers with Radar,105,100,178,14,397,0,0,25,1,26,105,100,203,15,423,45,0,45,468
11/13/2002,BHM,AL,ASO,ES,Towers with Radar,105,117,201,5,428,0,0,77,2,79,105,117,278,7,507,36,10,46,553
11/14/2002,BHM,AL,ASO,ES,Towers with Radar,107,108,181,12,408,0,0,104,6,110,107,108,285,18,518,80,0,80,598
11/15/2002,BHM,AL,ASO,ES,Towers with Radar,107,107,160,22,396,0,0,10,2,12,107,107,170,24,408,2,44,46,454
11/16/2002,BHM,AL,ASO,ES,Towers with Radar,83,69,74,10,236,0,1,2,2,5,83,70,76,12,241,10,0,10,251
11/17/2002,BHM,AL,ASO,ES,Towers with Radar,91,62,101,8,262,0,0,52,10,62,91,62,153,18,324,14,21,35,359
11/18/2002,BHM,AL,ASO,ES,Towers with Radar,102,88,147,13,350,0,0,46,4,50,102,88,193,17,400,30,4,34,434
11/19/2002,BHM,AL,ASO,ES,Towers with Radar,104,104,210,34,452,0,0,9,0,9,104,104,219,34,461,16,4,20,481
11/20/2002,BHM,AL,ASO,ES,Towers with Radar,103,120,150,17,390,0,4,0,1,5,103,124,150,18,395,82,10,92,487
11/21/2002,BHM,AL,ASO,ES,Towers with Radar,106,123,167,25,421,0,5,64,0,69,106,128,231,25,490,49,10,59,549
11/22/2002,BHM,AL,ASO,ES,Towers with Radar,113,106,162,21,402,0,4,80,6,90,113,110,242,27,492,22,7,29,521
11/23/2002,BHM,AL,ASO,ES,Towers with Radar,79,60,56,0,195,0,2,98,0,100,79,62,154,0,295,82,0,82,377
11/24/2002,BHM,AL,ASO,ES,Towers with Radar,91,56,69,6,222,0,5,74,1,80,91,61,143,7,302,78,4,82,384
11/25/2002,BHM,AL,ASO,ES,Towers with Radar,101,100,143,31,375,0,3,63,0,66,101,103,206,31,441,40,10,50,491
11/26/2002,BHM,AL,ASO,ES,Towers with Radar,108,110,161,19,398,0,0,20,16,36,108,110,181,35,434,0,10,10,444
11/27/2002,BHM,AL,ASO,ES,Towers with Radar,110,125,144,11,390,0,1,33,0,34,110,126,177,11,424,6,0,6,430
11/28/2002,BHM,AL,ASO,ES,Towers with Radar,68,69,29,1,167,0,5,26,0,31,68,74,55,1,198,2,0,2,200
11/29/2002,BHM,AL,ASO,ES,Towers with Radar,84,78,49,0,211,0,2,49,0,51,84,80,98,0,262,26,0,26,288
11/30/2002,BHM,AL,ASO,ES,Towers with Radar,81,61,55,4,201,0,0,24,0,24,81,61,79,4,225,8,0,8,233
12/01/2002,BHM,AL,ASO,ES,Towers with Radar,90,64,135,0,289,3,0,79,1,83,93,64,214,1,372,34,0,34,406
12/02/2002,BHM,AL,ASO,ES,Towers with Radar,105,100,114,17,336,0,0,43,4,47,105,100,157,21,383,4,10,14,397
12/03/2002,BHM,AL,ASO,ES,Towers with Radar,112,105,145,29,391,0,0,62,15,77,112,105,207,44,468,39,26,65,533
12/04/2002,BHM,AL,ASO,ES,Towers with Radar,103,114,135,14,366,0,0,11,10,21,103,114,146,24,387,10,25,35,422
12/05/2002,BHM,AL,ASO,ES,Towers with Radar,107,106,122,7,342,0,0,8,2,10,107,106,130,9,352,0,24,24,376
12/06/2002,BHM,AL,ASO,ES,Towers with Radar,114,113,126,29,382,0,0,84,26,110,114,113,210,55,492,16,12,28,520
12/07/2002,BHM,AL,ASO,ES,Towers with Radar,85,65,47,14,211,0,0,100,8,108,85,65,147,22,319,24,0,24,343
12/08/2002,BHM,AL,ASO,ES,Towers with Radar,93,66,70,15,244,0,0,59,2,61,93,66,129,17,305,8,38,46,351
12/09/2002,BHM,AL,ASO,ES,Towers with Radar,104,91,126,24,345,0,0,59,6,65,104,91,185,30,410,12,26,38,448
12/10/2002,BHM,AL,ASO,ES,Towers with Radar,105,119,163,5,392,0,0,7,3,10,105,119,170,8,402,0,0,0,402
12/11/2002,BHM,AL,ASO,ES,Towers with Radar,107,120,188,22,437,0,0,8,3,11,107,120,196,25,448,0,0,0,448
12/12/2002,BHM,AL,ASO,ES,Towers with Radar,112,120,187,34,453,0,0,17,4,21,112,120,204,38,474,4,14,18,492
12/13/2002,BHM,AL,ASO,ES,Towers with Radar,107,118,153,17,395,0,0,9,3,12,107,118,162,20,407,2,10,12,419
12/14/2002,BHM,AL,ASO,ES,Towers with Radar,80,75,75,3,233,0,0,38,6,44,80,75,113,9,277,24,0,24,301
12/15/2002,BHM,AL,ASO,ES,Towers with Radar,91,60,70,3,224,0,0,85,6,91,91,60,155,9,315,30,4,34,349
12/16/2002,BHM,AL,ASO,ES,Towers with Radar,102,97,131,17,347,0,0,64,6,70,102,97,195,23,417,58,16,74,491
12/17/2002,BHM,AL,ASO,ES,Towers with Radar,113,122,187,16,438,0,0,29,9,38,113,122,216,25,476,0,0,0,476
12/18/2002,BHM,AL,ASO,ES,Towers with Radar,113,122,162,17,414,0,0,43,15,58,113,122,205,32,472,10,4,14,486
12/19/2002,BHM,AL,ASO,ES,Towers with Radar,103,97,100,3,303,21,31,3,0,55,124,128,103,3,358,0,0,0,358
12/20/2002,BHM,AL,ASO,ES,Towers with Radar,114,125,136,14,389,0,0,55,8,63,114,125,191,22,452,0,10,10,462
12/21/2002,BHM,AL,ASO,ES,Towers with Radar,77,72,71,2,222,0,0,62,0,62,77,72,133,2,284,10,0,10,294
12/22/2002,BHM,AL,ASO,ES,Towers with Radar,65,53,58,2,178,26,0,49,0,75,91,53,107,2,253,15,0,15,268
12/23/2002,BHM,AL,ASO,ES,Towers with Radar,98,92,94,7,291,2,5,27,0,34,100,97,121,7,325,0,0,0,325
12/24/2002,BHM,AL,ASO,ES,Towers with Radar,62,58,27,1,148,22,44,0,0,66,84,102,27,1,214,0,0,0,214
12/25/2002,BHM,AL,ASO,ES,Towers with Radar,45,41,20,1,107,25,18,0,0,43,70,59,20,1,150,0,0,0,150
12/26/2002,BHM,AL,ASO,ES,Towers with Radar,94,89,90,2,275,13,13,20,0,46,107,102,110,2,321,16,0,16,337
12/27/2002,BHM,AL,ASO,ES,Towers with Radar,106,100,103,8,317,3,16,20,0,39,109,116,123,8,356,40,4,44,400
12/28/2002,BHM,AL,ASO,ES,Towers with Radar,79,72,77,0,228,0,0,73,0,73,79,72,150,0,301,10,0,10,311
12/29/2002,BHM,AL,ASO,ES,Towers with Radar,78,58,73,0,209,15,0,55,0,70,93,58,128,0,279,22,0,22,301
12/30/2002,BHM,AL,ASO,ES,Towers with Radar,95,83,97,6,281,0,0,47,0,47,95,83,144,6,328,62,26,88,416
12/31/2002,BHM,AL,ASO,ES,Towers with Radar,82,101,27,0,210,0,0,9,0,9,82,101,36,0,219,0,0,0,219
01/01/2003,BHM,AL,ASO,ES,Towers with Radar,72,71,52,0,195,1,1,0,0,2,73,72,52,0,197,4,0,4,201
01/02/2003,BHM,AL,ASO,ES,Towers with Radar,104,89,94,2,289,0,1,2,0,3,104,90,96,2,292,4,10,14,306
01/03/2003,BHM,AL,ASO,ES,Towers with Radar,110,110,76,10,306,1,1,11,3,16,111,111,87,13,322,0,0,0,322
01/04/2003,BHM,AL,ASO,ES,Towers with Radar,74,77,69,4,224,1,0,65,0,66,75,77,134,4,290,98,4,102,392
01/05/2003,BHM,AL,ASO,ES,Towers with Radar,88,57,86,1,232,1,0,67,1,69,89,57,153,2,301,32,0,32,333
01/06/2003,BHM,AL,ASO,ES,Towers with Radar,101,88,109,9,307,1,2,20,0,23,102,90,129,9,330,0,0,0,330
01/07/2003,BHM,AL,ASO,ES,Towers with Radar,104,116,133,13,366,1,0,56,2,59,105,116,189,15,425,7,4,11,436
01/08/2003,BHM,AL,ASO,ES,Towers with Radar,101,115,109,27,352,1,1,57,2,61,102,116,166,29,413,17,8,25,438
01/09/2003,BHM,AL,ASO,ES,Towers with Radar,103,109,149,14,375,1,0,34,2,37,104,109,183,16,412,46,16,62,474
01/10/2003,BHM,AL,ASO,ES,Towers with Radar,108,108,146,36,398,1,2,54,11,68,109,110,200,47,466,20,30,50,516
01/11/2003,BHM,AL,ASO,ES,Towers with Radar,81,65,50,8,204,1,0,73,3,77,82,65,123,11,281,71,4,75,356
01/12/2003,BHM,AL,ASO,ES,Towers with Radar,87,57,38,26,208,1,0,24,4,29,88,57,62,30,237,38,28,66,303
01/13/2003,BHM,AL,ASO,ES,Towers with Radar,98,98,92,13,301,1,1,36,2,40,99,99,128,15,341,10,16,26,367
01/14/2003,BHM,AL,ASO,ES,Towers with Radar,101,125,139,32,397,1,0,62,4,67,102,125,201,36,464,2,8,10,474
01/15/2003,BHM,AL,ASO,ES,Towers with Radar,101,118,155,34,408,1,0,75,2,78,102,118,230,36,486,22,6,28,514
01/16/2003,BHM,AL,ASO,ES,Towers with Radar,114,112,101,14,341,1,0,4,0,5,115,112,105,14,346,0,0,0,346
01/17/2003,BHM,AL,ASO,ES,Towers with Radar,111,111,122,32,376,1,0,17,0,18,112,111,139,32,394,0,0,0,394
01/18/2003,BHM,AL,ASO,ES,Towers with Radar,70,57,54,1,182,1,1,57,0,59,71,58,111,1,241,4,0,4,245
01/19/2003,BHM,AL,ASO,ES,Towers with Radar,88,49,53,2,192,1,0,69,2,72,89,49,122,4,264,62,0,62,326
01/20/2003,BHM,AL,ASO,ES,Towers with Radar,98,79,95,8,280,1,0,40,0,41,99,79,135,8,321,3,0,3,324
01/21/2003,BHM,AL,ASO,ES,Towers with Radar,101,104,173,9,387,1,0,8,2,11,102,104,181,11,398,0,0,0,398
01/22/2003,BHM,AL,ASO,ES,Towers with Radar,102,113,152,29,396,1,0,42,5,48,103,113,194,34,444,20,12,32,476
01/23/2003,BHM,AL,ASO,ES,Towers with Radar,101,118,119,9,347,1,0,17,4,22,102,118,136,13,369,2,0,2,371
01/24/2003,BHM,AL,ASO,ES,Towers with Radar,104,101,109,24,338,1,1,41,13,56,105,102,150,37,394,9,6,15,409
01/25/2003,BHM,AL,ASO,ES,Towers with Radar,80,60,50,19,209,0,1,53,4,58,80,61,103,23,267,44,16,60,327
01/26/2003,BHM,AL,ASO,ES,Towers with Radar,87,50,57,3,197,0,1,45,12,58,87,51,102,15,255,20,0,20,275
01/27/2003,BHM,AL,ASO,ES,Towers with Radar,102,99,123,14,338,0,1,36,2,39,102,100,159,16,377,6,4,10,387
01/28/2003,BHM,AL,ASO,ES,Towers with Radar,101,111,167,32,411,0,1,26,2,29,101,112,193,34,440,8,12,20,460
01/29/2003,BHM,AL,ASO,ES,Towers with Radar,100,126,140,16,382,0,1,3,0,4,100,127,143,16,386,0,1,1,387
01/30/2003,BHM,AL,ASO,ES,Towers with Radar,104,114,142,5,365,0,1,3,0,4,104,115,145,5,369,0,0,0,369
01/31/2003,BHM,AL,ASO,ES,Towers with Radar,106,116,140,19,381,0,0,34,13,47,106,116,174,32,428,0,4,4,432
02/01/2003,BHM,AL,ASO,ES,Towers with Radar,75,61,82,6,224,1,0,72,2,75,76,61,154,8,299,52,0,52,351
02/02/2003,BHM,AL,ASO,ES,Towers with Radar,89,48,65,2,204,0,0,89,6,95,89,48,154,8,299,42,0,42,341
02/03/2003,BHM,AL,ASO,ES,Towers with Radar,97,97,139,18,351,0,0,7,1,8,97,97,146,19,359,0,14,14,373
02/04/2003,BHM,AL,ASO,ES,Towers with Radar,99,117,157,19,392,0,0,17,14,31,99,117,174,33,423,2,12,14,437
02/05/2003,BHM,AL,ASO,ES,Towers with Radar,104,129,129,23,385,0,0,62,23,85,104,129,191,46,470,28,16,44,514
02/06/2003,BHM,AL,ASO,ES,Towers with Radar,107,115,135,8,365,0,0,0,2,2,107,115,135,10,367,7,0,7,374
02/07/2003,BHM,AL,ASO,ES,Towers with Radar,104,108,122,28,362,0,0,7,3,10,104,108,129,31,372,0,14,14,386
02/08/2003,BHM,AL,ASO,ES,Towers with Radar,70,63,69,9,211,0,0,91,31,122,70,63,160,40,333,62,44,106,439
02/09/2003,BHM,AL,ASO,ES,Towers with Radar,84,63,88,9,244,0,0,57,9,66,84,63,145,18,310,56,8,64,374
02/10/2003,BHM,AL,ASO,ES,Towers with Radar,97,96,145,14,352,0,0,13,4,17,97,96,158,18,369,42,22,64,433
02/11/2003,BHM,AL,ASO,ES,Towers with Radar,96,129,136,27,388,0,0,73,5,78,96,129,209,32,466,12,6,18,484
02/12/2003,BHM,AL,ASO,ES,Towers with Radar,96,131,161,29,417,0,2,63,7,72,96,133,224,36,489,48,50,98,587
02/13/2003,BHM,AL,ASO,ES,Towers with Radar,98,123,170,16,407,0,0,68,3,71,98,123,238,19,478,27,9,36,514
02/14/2003,BHM,AL,ASO,ES,Towers with Radar,104,117,117,22,360,0,0,16,1,17,104,117,133,23,377,0,0,0,377
02/15/2003,BHM,AL,ASO,ES,Towers with Radar,67,69,57,1,194,1,0,5,0,6,68,69,62,1,200,38,4,42,242
02/16/2003,BHM,AL,ASO,ES,Towers with Radar,73,46,80,2,201,1,0,0,0,1,74,46,80,2,202,6,0,6,208
02/17/2003,BHM,AL,ASO,ES,Towers with Radar,82,66,115,2,265,0,0,1,0,1,82,66,116,2,266,0,0,0,266
02/18/2003,BHM,AL,ASO,ES,Towers with Radar,99,93,152,25,369,0,0,37,4,41,99,93,189,29,410,0,44,44,454
02/19/2003,BHM,AL,ASO,ES,Towers with Radar,100,119,132,28,379,0,0,58,7,65,100,119,190,35,444,19,14,33,477
02/20/2003,BHM,AL,ASO,ES,Towers with Radar,102,118,155,43,418,0,0,48,4,52,102,118,203,47,470,50,14,64,534
02/21/2003,BHM,AL,ASO,ES,Towers with Radar,104,111,108,4,327,0,0,1,2,3,104,111,109,6,330,4,0,4,334
02/22/2003,BHM,AL,ASO,ES,Towers with Radar,47,50,47,2,146,30,16,0,0,46,77,66,47,2,192,0,0,0,192
02/23/2003,BHM,AL,ASO,ES,Towers with Radar,87,59,69,5,220,0,0,82,2,84,87,59,151,7,304,54,4,58,362
02/24/2003,BHM,AL,ASO,ES,Towers with Radar,93,100,136,20,349,0,0,61,1,62,93,100,197,21,411,12,2,14,425
02/25/2003,BHM,AL,ASO,ES,Towers with Radar,97,112,123,27,359,0,0,42,5,47,97,112,165,32,406,52,16,68,474
02/26/2003,BHM,AL,ASO,ES,Towers with Radar,96,133,170,14,413,0,0,3,0,3,96,133,173,14,416,0,0,0,416
02/27/2003,BHM,AL,ASO,ES,Towers with Radar,101,119,146,13,379,0,0,0,0,0,101,119,146,13,379,8,20,28,407
02/28/2003,BHM,AL,ASO,ES,Towers with Radar,98,128,168,8,402,0,0,23,0,23,98,128,191,8,425,18,0,18,443
03/01/2003,BHM,AL,ASO,ES,Towers with Radar,71,75,58,12,216,0,0,3,0,3,71,75,61,12,219,1,10,11,230
03/02/2003,BHM,AL,ASO,ES,Towers with Radar,83,61,86,8,238,0,0,5,0,5,83,61,91,8,243,22,2,24,267
03/03/2003,BHM,AL,ASO,ES,Towers with Radar,99,92,148,19,358,0,0,71,6,77,99,92,219,25,435,119,6,125,560
03/04/2003,BHM,AL,ASO,ES,Towers with Radar,102,124,168,35,429,0,0,43,0,43,102,124,211,35,472,46,14,60,532
03/05/2003,BHM,AL,ASO,ES,Towers with Radar,101,123,195,15,434,0,0,7,0,7,101,123,202,15,441,16,0,16,457
03/06/2003,BHM,AL,ASO,ES,Towers with Radar,95,122,149,20,386,0,1,19,2,22,95,123,168,22,408,24,32,56,464
03/07/2003,BHM,AL,ASO,ES,Towers with Radar,106,125,174,28,433,0,0,71,7,78,106,125,245,35,511,26,10,36,547
03/08/2003,BHM,AL,ASO,ES,Towers with Radar,68,70,86,7,231,0,2,70,0,72,68,72,156,7,303,82,0,82,385
03/09/2003,BHM,AL,ASO,ES,Towers with Radar,84,66,78,6,234,0,3,65,0,68,84,69,143,6,302,124,0,124,426
03/10/2003,BHM,AL,ASO,ES,Towers with Radar,91,104,142,15,352,0,14,82,2,98,91,118,224,17,450,21,26,47,497
03/11/2003,BHM,AL,ASO,ES,Towers with Radar,102,132,141,35,410,0,0,68,0,68,102,132,209,35,478,27,4,31,509
03/12/2003,BHM,AL,ASO,ES,Towers with Radar,100,130,162,18,410,0,7,94,0,101,100,137,256,18,511,58,20,78,589
03/13/2003,BHM,AL,ASO,ES,Towers with Radar,100,115,156,15,386,0,0,20,0,20,100,115,176,15,406,8,6,14,420
03/14/2003,BHM,AL,ASO,ES,Towers with Radar,101,136,146,28,411,0,0,34,5,39,101,136,180,33,450,28,38,66,516
03/15/2003,BHM,AL,ASO,ES,Towers with Radar,66,74,74,12,226,7,4,0,3,14,73,78,74,15,240,10,6,16,256
03/16/2003,BHM,AL,ASO,ES,Towers with Radar,86,69,109,20,284,0,0,11,2,13,86,69,120,22,297,38,16,54,351
03/17/2003,BHM,AL,ASO,ES,Towers with Radar,97,96,123,4,320,0,0,3,0,3,97,96,126,4,323,0,0,0,323
03/18/2003,BHM,AL,ASO,ES,Towers with Radar,106,127,171,9,413,0,0,13,4,17,106,127,184,13,430,24,6,30,460
03/19/2003,BHM,AL,ASO,ES,Towers with Radar,117,122,170,18,427,0,0,12,1,13,117,122,182,19,440,29,10,39,479
03/20/2003,BHM,AL,ASO,ES,Towers with Radar,104,143,150,19,416,0,0,44,5,49,104,143,194,24,465,14,19,33,498
03/21/2003,BHM,AL,ASO,ES,Towers with Radar,100,136,206,15,457,0,0,66,3,69,100,136,272,18,526,37,0,37,563
03/22/2003,BHM,AL,ASO,ES,Towers with Radar,73,88,110,17,288,0,0,70,5,75,73,88,180,22,363,14,4,18,381
03/23/2003,BHM,AL,ASO,ES,Towers with Radar,88,71,127,6,292,0,11,62,1,74,88,82,189,7,366,44,0,44,410
03/24/2003,BHM,AL,ASO,ES,Towers with Radar,96,102,110,10,318,0,7,89,3,99,96,109,199,13,417,6,2,8,425
03/25/2003,BHM,AL,ASO,ES,Towers with Radar,92,120,132,18,362,0,4,65,3,72,92,124,197,21,434,10,12,22,456
03/26/2003,BHM,AL,ASO,ES,Towers with Radar,102,128,125,29,384,0,3,33,4,40,102,131,158,33,424,18,0,18,442
03/27/2003,BHM,AL,ASO,ES,Towers with Radar,99,122,173,32,426,0,0,53,3,56,99,122,226,35,482,108,18,126,608
03/28/2003,BHM,AL,ASO,ES,Towers with Radar,103,123,138,41,405,0,0,28,1,29,103,123,166,42,434,34,28,62,496
03/29/2003,BHM,AL,ASO,ES,Towers with Radar,70,78,94,1,243,0,0,10,1,11,70,78,104,2,254,6,0,6,260
03/30/2003,BHM,AL,ASO,ES,Towers with Radar,82,70,99,9,260,0,1,23,0,24,82,71,122,9,284,0,0,0,284
03/31/2003,BHM,AL,ASO,ES,Towers with Radar,97,106,115,27,345,0,2,59,1,62,97,108,174,28,407,24,16,40,447
04/01/2003,BHM,AL,ASO,ES,Towers with Radar,98,128,143,26,395,0,0,52,1,53,98,128,195,27,448,40,18,58,506
04/02/2003,BHM,AL,ASO,ES,Towers with Radar,98,128,160,15,401,0,0,76,4,80,98,128,236,19,481,42,30,72,553
04/03/2003,BHM,AL,ASO,ES,Towers with Radar,100,124,159,23,406,0,1,60,3,64,100,125,219,26,470,28,8,36,506
04/04/2003,BHM,AL,ASO,ES,Towers with Radar,98,133,129,12,372,0,0,24,11,35,98,133,153,23,407,8,14,22,429
04/05/2003,BHM,AL,ASO,ES,Towers with Radar,68,73,67,8,216,0,0,41,2,43,68,73,108,10,259,84,4,88,347
04/06/2003,BHM,AL,ASO,ES,Towers with Radar,74,75,70,7,226,0,0,41,6,47,74,75,111,13,273,53,2,55,328
04/07/2003,BHM,AL,ASO,ES,Towers with Radar,90,108,107,20,325,0,0,6,0,6,90,108,113,20,331,24,6,30,361
04/08/2003,BHM,AL,ASO,ES,Towers with Radar,92,128,136,16,372,0,0,0,0,0,92,128,136,16,372,14,2,16,388
04/09/2003,BHM,AL,ASO,ES,Towers with Radar,94,132,217,10,453,0,0,3,0,3,94,132,220,10,456,6,4,10,466
04/10/2003,BHM,AL,ASO,ES,Towers with Radar,91,142,190,13,436,0,0,4,0,4,91,142,194,13,440,4,8,12,452
04/11/2003,BHM,AL,ASO,ES,Towers with Radar,94,126,180,17,417,0,0,67,6,73,94,126,247,23,490,25,18,43,533
04/12/2003,BHM,AL,ASO,ES,Towers with Radar,66,69,88,17,240,0,0,100,1,101,66,69,188,18,341,68,14,82,423
04/13/2003,BHM,AL,ASO,ES,Towers with Radar,75,80,107,13,275,0,0,74,0,74,75,80,181,13,349,114,0,114,463
04/14/2003,BHM,AL,ASO,ES,Towers with Radar,89,116,126,21,352,0,1,58,3,62,89,117,184,24,414,46,35,81,495
04/15/2003,BHM,AL,ASO,ES,Towers with Radar,93,141,147,27,408,0,0,67,0,67,93,141,214,27,475,40,28,68,543
04/16/2003,BHM,AL,ASO,ES,Towers with Radar,93,149,175,12,429,0,0,42,5,47,93,149,217,17,476,48,10,58,534
04/17/2003,BHM,AL,ASO,ES,Towers with Radar,92,146,198,19,455,0,0,38,1,39,92,146,236,20,494,18,20,38,532
04/18/2003,BHM,AL,ASO,ES,Towers with Radar,92,134,122,14,362,0,0,84,6,90,92,134,206,20,452,48,24,72,524
04/19/2003,BHM,AL,ASO,ES,Towers with Radar,67,77,51,10,205,0,0,61,0,61,67,77,112,10,266,37,6,43,309
04/20/2003,BHM,AL,ASO,ES,Towers with Radar,78,77,49,1,205,0,0,17,0,17,78,77,66,1,222,6,0,6,228
04/21/2003,BHM,AL,ASO,ES,Towers with Radar,88,120,164,9,381,0,0,31,0,31,88,120,195,9,412,6,0,6,418
04/22/2003,BHM,AL,ASO,ES,Towers with Radar,93,136,175,32,436,0,0,76,5,81,93,136,251,37,517,80,20,100,617
04/23/2003,BHM,AL,ASO,ES,Towers with Radar,91,140,171,25,427,0,0,87,9,96,91,140,258,34,523,56,12,68,591
04/24/2003,BHM,AL,ASO,ES,Towers with Radar,94,126,155,7,382,0,0,10,0,10,94,126,165,7,392,10,2,12,404
04/25/2003,BHM,AL,ASO,ES,Towers with Radar,93,134,143,29,399,0,0,11,7,18,93,134,154,36,417,24,21,45,462
04/26/2003,BHM,AL,ASO,ES,Towers with Radar,67,84,82,26,259,0,2,27,0,29,67,86,109,26,288,86,26,112,400
04/27/2003,BHM,AL,ASO,ES,Towers with Radar,74,86,96,42,298,0,0,82,0,82,74,86,178,42,380,38,9,47,427
04/28/2003,BHM,AL,ASO,ES,Towers with Radar,87,125,150,17,379,0,0,62,1,63,87,125,212,18,442,86,10,96,538
04/29/2003,BHM,AL,ASO,ES,Towers with Radar,90,152,191,11,444,0,0,59,3,62,90,152,250,14,506,48,6,54,560
04/30/2003,BHM,AL,ASO,ES,Towers with Radar,92,141,165,19,417,0,0,70,6,76,92,141,235,25,493,58,6,64,557
05/01/2003,BHM,AL,ASO,ES,Towers with Radar,88,153,150,23,414,2,2,40,0,44,90,155,190,23,458,8,6,14,472
05/02/2003,BHM,AL,ASO,ES,Towers with Radar,88,140,153,19,400,0,15,13,20,48,88,155,166,39,448,12,21,33,481
05/03/2003,BHM,AL,ASO,ES,Towers with Radar,65,83,89,8,245,1,2,131,4,138,66,85,220,12,383,91,4,95,478
05/04/2003,BHM,AL,ASO,ES,Towers with Radar,74,95,111,12,292,1,2,55,0,58,75,97,166,12,350,51,0,51,401
05/05/2003,BHM,AL,ASO,ES,Towers with Radar,83,131,97,6,317,1,2,2,0,5,84,133,99,6,322,0,0,0,322
05/06/2003,BHM,AL,ASO,ES,Towers with Radar,92,127,138,17,374,0,30,1,12,43,92,157,139,29,417,0,28,28,445
05/07/2003,BHM,AL,ASO,ES,Towers with Radar,88,142,97,2,329,2,2,0,0,4,90,144,97,2,333,0,0,0,333
05/08/2003,BHM,AL,ASO,ES,Towers with Radar,87,143,167,19,416,0,0,40,21,61,87,143,207,40,477,16,14,30,507
05/09/2003,BHM,AL,ASO,ES,Towers with Radar,87,142,169,20,418,0,0,59,14,73,87,142,228,34,491,32,22,54,545
05/10/2003,BHM,AL,ASO,ES,Towers with Radar,62,82,47,7,198,2,2,17,0,21,64,84,64,7,219,18,8,26,245
05/11/2003,BHM,AL,ASO,ES,Towers with Radar,69,69,50,3,191,2,3,5,0,10,71,72,55,3,201,0,10,10,211
05/12/2003,BHM,AL,ASO,ES,Towers with Radar,83,124,157,27,391,2,2,71,1,76,85,126,228,28,467,30,14,44,511
05/13/2003,BHM,AL,ASO,ES,Towers with Radar,88,146,164,27,425,2,4,83,0,89,90,150,247,27,514,34,18,52,566
05/14/2003,BHM,AL,ASO,ES,Towers with Radar,86,145,144,3,378,2,2,1,0,5,88,147,145,3,383,0,0,0,383
05/15/2003,BHM,AL,ASO,ES,Towers with Radar,86,139,173,37,435,2,2,11,5,20,88,141,184,42,455,39,14,53,508
05/16/2003,BHM,AL,ASO,ES,Towers with Radar,93,130,153,23,399,1,3,14,0,18,94,133,167,23,417,9,18,27,444
05/17/2003,BHM,AL,ASO,ES,Towers with Radar,70,77,39,2,188,1,4,10,0,15,71,81,49,2,203,6,0,6,209
05/18/2003,BHM,AL,ASO,ES,Towers with Radar,65,78,98,10,251,22,0,0,0,22,87,78,98,10,273,18,0,18,291
05/19/2003,BHM,AL,ASO,ES,Towers with Radar,92,115,138,17,362,2,0,11,2,15,94,115,149,19,377,24,8,32,409
05/20/2003,BHM,AL,ASO,ES,Towers with Radar,99,132,173,14,418,1,3,5,0,9,100,135,178,14,427,48,0,48,475
05/21/2003,BHM,AL,ASO,ES,Towers with Radar,98,131,172,3,404,1,3,0,0,4,99,134,172,3,408,2,0,2,410
05/22/2003,BHM,AL,ASO,ES,Towers with Radar,88,142,189,27,446,1,3,30,2,36,89,145,219,29,482,36,26,62,544
05/23/2003,BHM,AL,ASO,ES,Towers with Radar,90,132,184,6,412,1,3,43,0,47,91,135,227,6,459,26,0,26,485
05/24/2003,BHM,AL,ASO,ES,Towers with Radar,72,67,62,0,201,1,4,77,0,82,73,71,139,0,283,89,0,89,372
05/25/2003,BHM,AL,ASO,ES,Towers with Radar,75,58,56,3,192,1,3,35,0,39,76,61,91,3,231,6,0,6,237
05/26/2003,BHM,AL,ASO,ES,Towers with Radar,67,69,91,7,234,18,0,0,0,18,85,69,91,7,252,32,0,32,284
05/27/2003,BHM,AL,ASO,ES,Towers with Radar,93,115,140,17,365,2,0,45,1,48,95,115,185,18,413,58,4,62,475
05/28/2003,BHM,AL,ASO,ES,Towers with Radar,94,124,140,17,375,4,0,101,11,116,98,124,241,28,491,51,0,51,542
05/29/2003,BHM,AL,ASO,ES,Towers with Radar,91,148,162,8,409,0,0,63,0,63,91,148,225,8,472,8,4,12,484
05/30/2003,BHM,AL,ASO,ES,Towers with Radar,88,132,147,9,376,1,2,74,4,81,89,134,221,13,457,83,0,83,540
05/31/2003,BHM,AL,ASO,ES,Towers with Radar,63,79,65,10,217,1,2,38,0,41,64,81,103,10,258,18,12,30,288
06/01/2003,BHM,AL,ASO,ES,Towers with Radar,75,80,64,3,222,3,0,100,3,106,78,80,164,6,328,52,0,52,380
06/02/2003,BHM,AL,ASO,ES,Towers with Radar,86,113,153,30,382,0,0,44,0,44,86,113,197,30,426,40,32,72,498
06/03/2003,BHM,AL,ASO,ES,Towers with Radar,93,148,120,7,368,1,0,4,0,5,94,148,124,7,373,24,0,24,397
06/04/2003,BHM,AL,ASO,ES,Towers with Radar,88,150,162,13,413,2,0,67,5,74,90,150,229,18,487,74,4,78,565
06/05/2003,BHM,AL,ASO,ES,Towers with Radar,87,139,152,42,420,2,2,89,2,95,89,141,241,44,515,27,58,85,600
06/06/2003,BHM,AL,ASO,ES,Towers with Radar,79,111,110,11,311,17,20,1,0,38,96,131,111,11,349,0,0,0,349
06/07/2003,BHM,AL,ASO,ES,Towers with Radar,69,89,68,4,230,1,1,6,0,8,70,90,74,4,238,0,0,0,238
06/08/2003,BHM,AL,ASO,ES,Towers with Radar,85,89,80,44,298,0,0,70,2,72,85,89,150,46,370,10,24,34,404
06/09/2003,BHM,AL,ASO,ES,Towers with Radar,86,111,145,19,361,0,0,71,0,71,86,111,216,19,432,54,4,58,490
06/10/2003,BHM,AL,ASO,ES,Towers with Radar,93,150,189,16,448,1,1,63,2,67,94,151,252,18,515,24,8,32,547
06/11/2003,BHM,AL,ASO,ES,Towers with Radar,92,145,157,15,409,1,1,9,0,11,93,146,166,15,420,0,0,0,420
06/12/2003,BHM,AL,ASO,ES,Towers with Radar,89,140,149,8,386,0,0,25,4,29,89,140,174,12,415,38,0,38,453
06/13/2003,BHM,AL,ASO,ES,Towers with Radar,90,135,124,20,369,1,0,5,1,7,91,135,129,21,376,14,2,16,392
06/14/2003,BHM,AL,ASO,ES,Towers with Radar,73,85,62,11,231,0,0,4,0,4,73,85,66,11,235,22,30,52,287
06/15/2003,BHM,AL,ASO,ES,Towers with Radar,77,91,79,11,258,0,0,14,0,14,77,91,93,11,272,37,2,39,311
06/16/2003,BHM,AL,ASO,ES,Towers with Radar,83,123,120,20,346,2,0,28,6,36,85,123,148,26,382,28,18,46,428
06/17/2003,BHM,AL,ASO,ES,Towers with Radar,93,142,144,14,393,0,0,19,0,19,93,142,163,14,412,76,12,88,500
06/18/2003,BHM,AL,ASO,ES,Towers with Radar,90,147,141,12,390,0,0,8,1,9,90,147,149,13,399,20,0,20,419
06/19/2003,BHM,AL,ASO,ES,Towers with Radar,94,146,147,13,400,0,0,30,2,32,94,146,177,15,432,24,0,24,456
06/20/2003,BHM,AL,ASO,ES,Towers with Radar,90,143,146,24,403,0,0,65,3,68,90,143,211,27,471,45,6,51,522
06/21/2003,BHM,AL,ASO,ES,Towers with Radar,78,86,26,7,197,2,0,88,0,90,80,86,114,7,287,50,2,52,339
06/22/2003,BHM,AL,ASO,ES,Towers with Radar,76,86,70,3,235,0,0,83,1,84,76,86,153,4,319,65,0,65,384
06/23/2003,BHM,AL,ASO,ES,Towers with Radar,89,122,129,24,364,1,0,66,2,69,90,122,195,26,433,20,14,34,467
06/24/2003,BHM,AL,ASO,ES,Towers with Radar,90,146,147,16,399,0,0,62,3,65,90,146,209,19,464,64,22,86,550
06/25/2003,BHM,AL,ASO,ES,Towers with Radar,90,138,152,20,400,0,0,65,0,65,90,138,217,20,465,24,10,34,499
06/26/2003,BHM,AL,ASO,ES,Towers with Radar,89,148,147,15,399,1,1,72,2,76,90,149,219,17,475,16,8,24,499
06/27/2003,BHM,AL,ASO,ES,Towers with Radar,91,131,162,9,393,2,0,13,2,17,93,131,175,11,410,22,2,24,434
06/28/2003,BHM,AL,ASO,ES,Towers with Radar,74,73,50,12,209,2,0,43,0,45,76,73,93,12,254,66,10,76,330
06/29/2003,BHM,AL,ASO,ES,Towers with Radar,75,83,75,5,238,2,0,42,1,45,77,83,117,6,283,58,0,58,341
06/30/2003,BHM,AL,ASO,ES,Towers with Radar,86,110,102,17,315,0,0,8,0,8,86,110,110,17,323,18,2,20,343
07/01/2003,BHM,AL,ASO,ES,Towers with Radar,87,150,71,11,319,3,1,0,0,4,90,151,71,11,323,0,0,0,323
07/02/2003,BHM,AL,ASO,ES,Towers with Radar,94,138,131,14,377,2,1,52,1,56,96,139,183,15,433,44,0,44,477
07/03/2003,BHM,AL,ASO,ES,Towers with Radar,90,133,129,8,360,2,1,62,2,67,92,134,191,10,427,58,0,58,485
07/04/2003,BHM,AL,ASO,ES,Towers with Radar,63,77,34,0,174,2,1,17,0,20,65,78,51,0,194,4,0,4,198
07/05/2003,BHM,AL,ASO,ES,Towers with Radar,64,60,41,1,166,2,1,9,0,12,66,61,50,1,178,43,0,43,221
07/06/2003,BHM,AL,ASO,ES,Towers with Radar,72,87,77,3,239,2,1,28,0,31,74,88,105,3,270,14,0,14,284
07/07/2003,BHM,AL,ASO,ES,Towers with Radar,84,115,127,6,332,0,1,44,0,45,84,116,171,6,377,24,4,28,405
07/08/2003,BHM,AL,ASO,ES,Towers with Radar,90,141,158,5,394,2,1,74,3,80,92,142,232,8,474,10,12,22,496
07/09/2003,BHM,AL,ASO,ES,Towers with Radar,88,142,161,10,401,1,1,58,1,61,89,143,219,11,462,51,18,69,531
07/10/2003,BHM,AL,ASO,ES,Towers with Radar,86,135,142,13,376,2,1,24,2,29,88,136,166,15,405,7,2,9,414
07/11/2003,BHM,AL,ASO,ES,Towers with Radar,92,142,118,14,366,0,3,20,9,32,92,145,138,23,398,18,7,25,423
07/12/2003,BHM,AL,ASO,ES,Towers with Radar,70,97,53,15,235,2,1,73,0,76,72,98,126,15,311,38,26,64,375
07/13/2003,BHM,AL,ASO,ES,Towers with Radar,74,82,79,14,249,2,1,45,1,49,76,83,124,15,298,36,0,36,334
07/14/2003,BHM,AL,ASO,ES,Towers with Radar,82,118,135,11,346,1,1,59,0,61,83,119,194,11,407,32,4,36,443
07/15/2003,BHM,AL,ASO,ES,Towers with Radar,93,150,148,6,397,0,0,59,0,59,93,150,207,6,456,14,0,14,470
07/16/2003,BHM,AL,ASO,ES,Towers with Radar,90,134,157,4,385,2,2,41,4,49,92,136,198,8,434,58,0,58,492
07/17/2003,BHM,AL,ASO,ES,Towers with Radar,88,140,167,24,419,2,0,66,2,70,90,140,233,26,489,18,8,26,515
07/18/2003,BHM,AL,ASO,ES,Towers with Radar,81,126,145,29,381,3,2,64,9,78,84,128,209,38,459,104,18,122,581
07/19/2003,BHM,AL,ASO,ES,Towers with Radar,71,95,54,15,235,1,1,38,5,45,72,96,92,20,280,74,6,80,360
07/20/2003,BHM,AL,ASO,ES,Towers with Radar,71,76,57,16,220,3,0,67,3,73,74,76,124,19,293,73,12,85,378
07/21/2003,BHM,AL,ASO,ES,Towers with Radar,88,128,105,24,345,1,2,14,4,21,89,130,119,28,366,16,2,18,384
07/22/2003,BHM,AL,ASO,ES,Towers with Radar,88,122,126,1,337,2,14,0,1,17,90,136,126,2,354,20,0,20,374
07/23/2003,BHM,AL,ASO,ES,Towers with Radar,87,144,188,4,423,1,0,32,1,34,88,144,220,5,457,56,0,56,513
07/24/2003,BHM,AL,ASO,ES,Towers with Radar,89,163,174,13,439,2,0,84,7,93,91,163,258,20,532,40,16,56,588
07/25/2003,BHM,AL,ASO,ES,Towers with Radar,94,148,121,22,385,3,1,56,2,62,97,149,177,24,447,20,6,26,473
07/26/2003,BHM,AL,ASO,ES,Towers with Radar,73,93,107,5,278,3,0,44,0,47,76,93,151,5,325,56,0,56,381
07/27/2003,BHM,AL,ASO,ES,Towers with Radar,73,87,100,8,268,3,1,52,3,59,76,88,152,11,327,38,0,38,365
07/28/2003,BHM,AL,ASO,ES,Towers with Radar,85,122,126,19,352,0,0,50,1,51,85,122,176,20,403,16,7,23,426
07/29/2003,BHM,AL,ASO,ES,Towers with Radar,91,144,123,0,358,0,0,43,0,43,91,144,166,0,401,14,0,14,415
07/30/2003,BHM,AL,ASO,ES,Towers with Radar,94,150,125,7,376,0,1,38,1,40,94,151,163,8,416,0,0,0,416
07/31/2003,BHM,AL,ASO,ES,Towers with Radar,96,147,148,13,404,0,1,8,0,9,96,148,156,13,413,8,0,8,421
08/01/2003,BHM,AL,ASO,ES,Towers with Radar,92,140,144,9,385,0,1,31,0,32,92,141,175,9,417,42,6,48,465
08/02/2003,BHM,AL,ASO,ES,Towers with Radar,72,90,45,2,209,0,1,39,3,43,72,91,84,5,252,34,0,34,286
08/03/2003,BHM,AL,ASO,ES,Towers with Radar,80,89,51,5,225,0,1,30,0,31,80,90,81,5,256,50,0,50,306
08/04/2003,BHM,AL,ASO,ES,Towers with Radar,90,119,115,22,346,0,1,12,0,13,90,120,127,22,359,48,14,62,421
08/05/2003,BHM,AL,ASO,ES,Towers with Radar,93,150,135,23,401,0,1,25,1,27,93,151,160,24,428,14,4,18,446
08/06/2003,BHM,AL,ASO,ES,Towers with Radar,92,138,151,11,392,0,1,18,0,19,92,139,169,11,411,20,0,20,431
08/07/2003,BHM,AL,ASO,ES,Towers with Radar,94,141,169,35,439,0,1,34,2,37,94,142,203,37,476,37,34,71,547
08/08/2003,BHM,AL,ASO,ES,Towers with Radar,93,138,130,12,373,0,1,45,0,46,93,139,175,12,419,26,0,26,445
08/09/2003,BHM,AL,ASO,ES,Towers with Radar,71,94,67,15,247,0,1,66,1,68,71,95,133,16,315,37,10,47,362
08/10/2003,BHM,AL,ASO,ES,Towers with Radar,78,77,74,1,230,0,1,74,0,75,78,78,148,1,305,27,0,27,332
08/11/2003,BHM,AL,ASO,ES,Towers with Radar,89,116,154,5,364,0,1,28,0,29,89,117,182,5,393,4,0,4,397
08/12/2003,BHM,AL,ASO,ES,Towers with Radar,98,152,154,19,423,0,1,13,0,14,98,153,167,19,437,60,8,68,505
08/13/2003,BHM,AL,ASO,ES,Towers with Radar,93,145,143,15,396,0,1,16,0,17,93,146,159,15,413,36,8,44,457
08/14/2003,BHM,AL,ASO,ES,Towers with Radar,93,144,176,26,439,0,2,69,1,72,93,146,245,27,511,29,14,43,554
08/15/2003,BHM,AL,ASO,ES,Towers with Radar,95,140,121,29,385,0,1,73,6,80,95,141,194,35,465,33,3,36,501
08/16/2003,BHM,AL,ASO,ES,Towers with Radar,71,91,54,7,223,0,1,29,0,30,71,92,83,7,253,50,0,50,303
08/17/2003,BHM,AL,ASO,ES,Towers with Radar,65,85,89,9,248,17,0,9,0,26,82,85,98,9,274,70,4,74,348
08/18/2003,BHM,AL,ASO,ES,Towers with Radar,89,121,127,8,345,0,2,49,0,51,89,123,176,8,396,2,0,2,398
08/19/2003,BHM,AL,ASO,ES,Towers with Radar,92,137,146,15,390,0,1,30,0,31,92,138,176,15,421,8,0,8,429
08/20/2003,BHM,AL,ASO,ES,Towers with Radar,92,141,144,11,388,0,1,33,0,34,92,142,177,11,422,44,0,44,466
08/21/2003,BHM,AL,ASO,ES,Towers with Radar,102,136,155,44,437,0,2,57,4,63,102,138,212,48,500,22,36,58,558
08/22/2003,BHM,AL,ASO,ES,Towers with Radar,95,136,152,20,403,0,0,98,29,127,95,136,250,49,530,40,0,40,570
08/23/2003,BHM,AL,ASO,ES,Towers with Radar,78,88,64,27,257,0,0,81,2,83,78,88,145,29,340,24,12,36,376
08/24/2003,BHM,AL,ASO,ES,Towers with Radar,80,78,93,5,256,0,1,68,3,72,80,79,161,8,328,46,0,46,374
08/25/2003,BHM,AL,ASO,ES,Towers with Radar,93,114,133,18,358,0,0,42,3,45,93,114,175,21,403,38,0,38,441
08/26/2003,BHM,AL,ASO,ES,Towers with Radar,94,141,175,21,431,0,0,34,3,37,94,141,209,24,468,4,6,10,478
08/27/2003,BHM,AL,ASO,ES,Towers with Radar,94,142,172,21,429,0,0,40,8,48,94,142,212,29,477,10,8,18,495
08/28/2003,BHM,AL,ASO,ES,Towers with Radar,96,144,135,10,385,0,0,58,0,58,96,144,193,10,443,51,1,52,495
08/29/2003,BHM,AL,ASO,ES,Towers with Radar,98,150,132,16,396,0,0,53,0,53,98,150,185,16,449,8,0,8,457
08/30/2003,BHM,AL,ASO,ES,Towers with Radar,72,82,96,2,252,0,0,37,0,37,72,82,133,2,289,72,0,72,361
08/31/2003,BHM,AL,ASO,ES,Towers with Radar,68,71,33,17,189,0,0,33,1,34,68,71,66,18,223,18,8,26,249
09/01/2003,BHM,AL,ASO,ES,Towers with Radar,75,79,103,5,262,1,0,48,0,49,76,79,151,5,311,30,12,42,353
09/02/2003,BHM,AL,ASO,ES,Towers with Radar,93,114,136,6,349,1,0,36,5,42,94,114,172,11,391,20,6,26,417
09/03/2003,BHM,AL,ASO,ES,Towers with Radar,96,141,160,22,419,1,1,36,2,40,97,142,196,24,459,8,2,10,469
09/04/2003,BHM,AL,ASO,ES,Towers with Radar,93,136,157,16,402,1,0,36,2,39,94,136,193,18,441,53,6,59,500
09/05/2003,BHM,AL,ASO,ES,Towers with Radar,93,153,150,21,417,1,0,79,9,89,94,153,229,30,506,88,4,92,598
09/06/2003,BHM,AL,ASO,ES,Towers with Radar,79,80,59,4,222,0,0,49,3,52,79,80,108,7,274,48,46,94,368
09/07/2003,BHM,AL,ASO,ES,Towers with Radar,82,90,79,9,260,0,0,79,5,84,82,90,158,14,344,85,16,101,445
09/08/2003,BHM,AL,ASO,ES,Towers with Radar,89,120,147,4,360,0,0,44,2,46,89,120,191,6,406,18,0,18,424
09/09/2003,BHM,AL,ASO,ES,Towers with Radar,94,145,121,17,377,0,0,50,0,50,94,145,171,17,427,47,6,53,480
09/10/2003,BHM,AL,ASO,ES,Towers with Radar,96,152,151,12,411,0,2,36,2,40,96,154,187,14,451,66,0,66,517
09/11/2003,BHM,AL,ASO,ES,Towers with Radar,91,136,142,29,398,0,2,56,8,66,91,138,198,37,464,38,30,68,532
09/12/2003,BHM,AL,ASO,ES,Towers with Radar,94,144,118,13,369,0,1,85,9,95,94,145,203,22,464,48,2,50,514
09/13/2003,BHM,AL,ASO,ES,Towers with Radar,72,92,55,11,230,0,0,74,2,76,72,92,129,13,306,46,12,58,364
09/14/2003,BHM,AL,ASO,ES,Towers with Radar,88,80,75,6,249,0,0,26,4,30,88,80,101,10,279,32,8,40,319
09/15/2003,BHM,AL,ASO,ES,Towers with Radar,93,124,94,18,329,0,0,50,3,53,93,124,144,21,382,14,0,14,396
09/16/2003,BHM,AL,ASO,ES,Towers with Radar,93,150,122,13,378,0,1,79,6,86,93,151,201,19,464,24,0,24,488
09/17/2003,BHM,AL,ASO,ES,Towers with Radar,95,140,142,36,413,0,1,62,7,70,95,141,204,43,483,28,50,78,561
09/18/2003,BHM,AL,ASO,ES,Towers with Radar,96,141,143,14,394,0,2,59,3,64,96,143,202,17,458,102,10,112,570
09/19/2003,BHM,AL,ASO,ES,Towers with Radar,98,134,146,22,400,0,1,64,13,78,98,135,210,35,478,70,10,80,558
09/20/2003,BHM,AL,ASO,ES,Towers with Radar,73,81,78,6,238,0,2,58,2,62,73,83,136,8,300,80,0,80,380
09/21/2003,BHM,AL,ASO,ES,Towers with Radar,86,88,106,0,280,0,0,3,5,8,86,88,109,5,288,15,0,15,303
09/22/2003,BHM,AL,ASO,ES,Towers with Radar,91,129,108,4,332,0,0,7,3,10,91,129,115,7,342,0,0,0,342
09/23/2003,BHM,AL,ASO,ES,Towers with Radar,94,142,162,2,400,0,2,74,4,80,94,144,236,6,480,28,0,28,508
09/24/2003,BHM,AL,ASO,ES,Towers with Radar,92,147,163,9,411,0,5,84,7,96,92,152,247,16,507,88,0,88,595
09/25/2003,BHM,AL,ASO,ES,Towers with Radar,101,158,152,5,416,0,3,54,1,58,101,161,206,6,474,20,0,20,494
09/26/2003,BHM,AL,ASO,ES,Towers with Radar,98,140,139,12,389,0,8,34,0,42,98,148,173,12,431,54,2,56,487
09/27/2003,BHM,AL,ASO,ES,Towers with Radar,73,79,64,4,220,0,2,36,0,38,73,81,100,4,258,18,0,18,276
09/28/2003,BHM,AL,ASO,ES,Towers with Radar,83,82,93,4,262,0,0,59,0,59,83,82,152,4,321,10,0,10,331
09/29/2003,BHM,AL,ASO,ES,Towers with Radar,90,130,125,14,359,0,0,57,2,59,90,130,182,16,418,38,0,38,456
09/30/2003,BHM,AL,ASO,ES,Towers with Radar,95,144,155,5,399,0,2,70,0,72,95,146,225,5,471,30,0,30,501
10/01/2003,BHM,AL,ASO,ES,Towers with Radar,98,128,146,16,388,0,20,58,6,84,98,148,204,22,472,20,24,44,516
10/02/2003,BHM,AL,ASO,ES,Towers with Radar,96,126,143,10,375,4,21,38,0,63,100,147,181,10,438,48,12,60,498
10/03/2003,BHM,AL,ASO,ES,Towers with Radar,97,130,148,16,391,0,0,61,8,69,97,130,209,24,460,58,12,70,530
10/04/2003,BHM,AL,ASO,ES,Towers with Radar,62,76,93,11,242,14,0,39,11,64,76,76,132,22,306,46,36,82,388
10/05/2003,BHM,AL,ASO,ES,Towers with Radar,72,94,107,12,285,10,3,54,4,71,82,97,161,16,356,88,0,88,444
10/06/2003,BHM,AL,ASO,ES,Towers with Radar,89,117,133,13,352,6,1,9,0,16,95,118,142,13,368,34,0,34,402
10/07/2003,BHM,AL,ASO,ES,Towers with Radar,97,131,149,17,394,0,10,53,5,68,97,141,202,22,462,26,28,54,516
10/08/2003,BHM,AL,ASO,ES,Towers with Radar,96,131,162,18,407,0,0,52,1,53,96,131,214,19,460,26,0,26,486
10/09/2003,BHM,AL,ASO,ES,Towers with Radar,99,144,164,19,426,0,2,21,5,28,99,146,185,24,454,4,0,4,458
10/10/2003,BHM,AL,ASO,ES,Towers with Radar,100,132,145,12,389,0,5,0,0,5,100,137,145,12,394,2,6,8,402
10/11/2003,BHM,AL,ASO,ES,Towers with Radar,77,88,115,0,280,2,0,1,0,3,79,88,116,0,283,30,0,30,313
10/12/2003,BHM,AL,ASO,ES,Towers with Radar,79,97,118,0,294,4,0,10,0,14,83,97,128,0,308,98,0,98,406
10/13/2003,BHM,AL,ASO,ES,Towers with Radar,87,105,129,2,323,12,0,70,0,82,99,105,199,2,405,0,0,0,405
10/14/2003,BHM,AL,ASO,ES,Towers with Radar,93,121,138,13,365,6,0,39,0,45,99,121,177,13,410,31,8,39,449
10/15/2003,BHM,AL,ASO,ES,Towers with Radar,97,127,145,15,384,0,6,87,8,101,97,133,232,23,485,27,4,31,516
10/16/2003,BHM,AL,ASO,ES,Towers with Radar,99,128,147,15,389,3,11,74,12,100,102,139,221,27,489,96,20,116,605
10/17/2003,BHM,AL,ASO,ES,Towers with Radar,101,130,151,16,398,0,0,26,8,34,101,130,177,24,432,0,18,18,450
10/18/2003,BHM,AL,ASO,ES,Towers with Radar,68,79,101,10,258,7,0,47,9,63,75,79,148,19,321,8,8,16,337
10/19/2003,BHM,AL,ASO,ES,Towers with Radar,79,78,117,12,286,8,0,75,5,88,87,78,192,17,374,5,24,29,403
10/20/2003,BHM,AL,ASO,ES,Towers with Radar,89,114,132,14,349,5,6,99,3,113,94,120,231,17,462,58,11,69,531
10/21/2003,BHM,AL,ASO,ES,Towers with Radar,97,129,149,15,390,0,9,80,7,96,97,138,229,22,486,10,8,18,504
10/22/2003,BHM,AL,ASO,ES,Towers with Radar,100,136,157,16,409,0,20,72,8,100,100,156,229,24,509,68,2,70,579
10/23/2003,BHM,AL,ASO,ES,Towers with Radar,98,131,151,14,394,0,15,84,0,99,98,146,235,14,493,56,12,68,561
10/24/2003,BHM,AL,ASO,ES,Towers with Radar,75,86,103,11,275,0,0,0,0,0,75,86,103,11,275,60,29,89,364
10/25/2003,BHM,AL,ASO,ES,Towers with Radar,99,126,164,18,407,0,0,66,10,76,99,126,230,28,483,70,38,108,591
10/26/2003,BHM,AL,ASO,ES,Towers with Radar,76,83,113,6,278,6,0,2,0,8,82,83,115,6,286,0,0,0,286
10/27/2003,BHM,AL,ASO,ES,Towers with Radar,91,126,145,15,377,0,2,28,3,33,91,128,173,18,410,52,20,72,482
10/28/2003,BHM,AL,ASO,ES,Towers with Radar,96,142,164,10,412,0,10,87,0,97,96,152,251,10,509,12,34,46,555
10/29/2003,BHM,AL,ASO,ES,Towers with Radar,98,138,159,17,412,0,8,125,3,136,98,146,284,20,548,10,18,28,576
10/30/2003,BHM,AL,ASO,ES,Towers with Radar,96,136,154,14,400,0,3,84,0,87,96,139,238,14,487,26,12,38,525
10/31/2003,BHM,AL,ASO,ES,Towers with Radar,93,121,138,14,366,6,12,72,11,101,99,133,210,25,467,18,2,20,487
11/01/2003,BHM,AL,ASO,ES,Towers with Radar,59,77,82,8,226,19,6,35,0,60,78,83,117,8,286,28,2,30,316
11/02/2003,BHM,AL,ASO,ES,Towers with Radar,66,76,92,6,240,17,0,58,0,75,83,76,150,6,315,50,0,50,365
11/03/2003,BHM,AL,ASO,ES,Towers with Radar,84,110,117,9,320,10,12,45,0,67,94,122,162,9,387,10,0,10,397
11/04/2003,BHM,AL,ASO,ES,Towers with Radar,96,143,152,16,407,0,0,51,11,62,96,143,203,27,469,31,16,47,516
11/05/2003,BHM,AL,ASO,ES,Towers with Radar,97,146,156,15,414,0,0,43,6,49,97,146,199,21,463,47,30,77,540
11/06/2003,BHM,AL,ASO,ES,Towers with Radar,94,147,156,15,412,0,2,51,3,56,94,149,207,18,468,18,24,42,510
11/07/2003,BHM,AL,ASO,ES,Towers with Radar,99,148,168,16,431,0,0,26,9,35,99,148,194,25,466,28,10,38,504
11/08/2003,BHM,AL,ASO,ES,Towers with Radar,69,82,89,10,250,7,0,0,6,13,76,82,89,16,263,24,20,44,307
11/09/2003,BHM,AL,ASO,ES,Towers with Radar,79,89,110,11,289,0,0,54,0,54,79,89,164,11,343,0,0,0,343
11/10/2003,BHM,AL,ASO,ES,Towers with Radar,92,112,127,9,340,0,0,62,0,62,92,112,189,9,402,10,2,12,414
11/11/2003,BHM,AL,ASO,ES,Towers with Radar,85,111,118,0,314,12,17,95,0,124,97,128,213,0,438,48,0,48,486
11/12/2003,BHM,AL,ASO,ES,Towers with Radar,98,133,162,15,408,0,0,66,6,72,98,133,228,21,480,12,17,29,509
11/13/2003,BHM,AL,ASO,ES,Towers with Radar,96,132,145,13,386,0,0,64,2,66,96,132,209,15,452,2,10,12,464
11/14/2003,BHM,AL,ASO,ES,Towers with Radar,102,136,154,15,407,0,0,89,5,94,102,136,243,20,501,18,0,18,519
11/15/2003,BHM,AL,ASO,ES,Towers with Radar,75,85,113,3,276,0,0,69,0,69,75,85,182,3,345,84,0,84,429
11/16/2003,BHM,AL,ASO,ES,Towers with Radar,78,91,108,11,288,8,0,8,2,18,86,91,116,13,306,0,0,0,306
11/17/2003,BHM,AL,ASO,ES,Towers with Radar,89,123,132,12,356,0,11,36,4,51,89,134,168,16,407,58,0,58,465
11/18/2003,BHM,AL,ASO,ES,Towers with Radar,66,85,92,0,243,26,47,16,0,89,92,132,108,0,332,0,0,0,332
11/19/2003,BHM,AL,ASO,ES,Towers with Radar,101,149,160,7,417,0,4,58,0,62,101,153,218,7,479,22,12,34,513
11/20/2003,BHM,AL,ASO,ES,Towers with Radar,93,149,168,15,425,0,0,104,10,114,93,149,272,25,539,6,0,6,545
11/21/2003,BHM,AL,ASO,ES,Towers with Radar,99,140,158,15,412,0,0,109,5,114,99,140,267,20,526,8,0,8,534
11/22/2003,BHM,AL,ASO,ES,Towers with Radar,66,83,92,8,249,6,0,71,4,81,72,83,163,12,330,36,4,40,370
11/23/2003,BHM,AL,ASO,ES,Towers with Radar,72,76,100,9,257,9,0,25,8,42,81,76,125,17,299,10,4,14,313
11/24/2003,BHM,AL,ASO,ES,Towers with Radar,88,113,122,9,332,5,11,22,0,38,93,124,144,9,370,22,0,22,392
11/25/2003,BHM,AL,ASO,ES,Towers with Radar,101,142,153,14,410,0,5,39,6,50,101,147,192,20,460,21,6,27,487
11/26/2003,BHM,AL,ASO,ES,Towers with Radar,100,131,147,13,391,0,0,62,0,62,100,131,209,13,453,4,0,4,457
11/27/2003,BHM,AL,ASO,ES,Towers with Radar,28,35,5,0,68,28,43,0,0,71,56,78,5,0,139,0,0,0,139
11/28/2003,BHM,AL,ASO,ES,Towers with Radar,54,68,50,0,172,19,25,0,0,44,73,93,50,0,216,0,0,0,216
11/29/2003,BHM,AL,ASO,ES,Towers with Radar,56,72,78,0,206,20,18,37,0,75,76,90,115,0,281,60,0,60,341
11/30/2003,BHM,AL,ASO,ES,Towers with Radar,85,94,116,9,304,0,0,92,0,92,85,94,208,9,396,58,0,58,454
12/01/2003,BHM,AL,ASO,ES,Towers with Radar,93,112,124,16,345,0,0,70,16,86,93,112,194,32,431,14,40,54,485
12/02/2003,BHM,AL,ASO,ES,Towers with Radar,100,155,150,19,424,0,0,103,0,103,100,155,253,19,527,0,0,0,527
12/03/2003,BHM,AL,ASO,ES,Towers with Radar,98,137,137,17,389,0,0,29,6,35,98,137,166,23,424,4,2,6,430
12/04/2003,BHM,AL,ASO,ES,Towers with Radar,92,119,110,14,335,1,17,34,0,52,93,136,144,14,387,0,0,0,387
12/05/2003,BHM,AL,ASO,ES,Towers with Radar,99,141,130,17,387,0,0,0,29,29,99,141,130,46,416,2,30,32,448
12/06/2003,BHM,AL,ASO,ES,Towers with Radar,60,78,61,9,208,18,1,0,2,21,78,79,61,11,229,0,0,0,229
12/07/2003,BHM,AL,ASO,ES,Towers with Radar,79,72,94,9,254,4,0,95,0,99,83,72,189,9,353,42,2,44,397
12/08/2003,BHM,AL,ASO,ES,Towers with Radar,93,116,132,16,357,0,0,93,9,102,93,116,225,25,459,54,10,64,523
12/09/2003,BHM,AL,ASO,ES,Towers with Radar,98,134,137,17,386,0,0,42,9,51,98,134,179,26,437,0,20,20,457
12/10/2003,BHM,AL,ASO,ES,Towers with Radar,94,120,112,4,330,0,20,46,0,66,94,140,158,4,396,0,0,0,396
12/11/2003,BHM,AL,ASO,ES,Towers with Radar,97,145,140,8,390,0,0,70,0,70,97,145,210,8,460,22,0,22,482
12/12/2003,BHM,AL,ASO,ES,Towers with Radar,99,137,143,18,397,0,0,98,12,110,99,137,241,30,507,20,4,24,531
12/13/2003,BHM,AL,ASO,ES,Towers with Radar,61,76,67,10,214,22,7,0,13,42,83,83,67,23,256,0,0,0,256
12/14/2003,BHM,AL,ASO,ES,Towers with Radar,63,79,74,7,223,17,4,0,0,21,80,83,74,7,244,8,0,8,252
12/15/2003,BHM,AL,ASO,ES,Towers with Radar,92,124,134,16,366,0,0,58,2,60,92,124,192,18,426,4,8,12,438
12/16/2003,BHM,AL,ASO,ES,Towers with Radar,102,136,134,16,388,0,0,41,3,44,102,136,175,19,432,0,2,2,434
12/17/2003,BHM,AL,ASO,ES,Towers with Radar,99,141,146,17,403,0,0,54,8,62,99,141,200,25,465,12,18,30,495
12/18/2003,BHM,AL,ASO,ES,Towers with Radar,106,134,147,17,404,0,0,57,7,64,106,134,204,24,468,6,24,30,498
12/19/2003,BHM,AL,ASO,ES,Towers with Radar,101,132,131,4,368,0,0,46,0,46,101,132,177,4,414,0,0,0,414
12/20/2003,BHM,AL,ASO,ES,Towers with Radar,70,87,84,10,251,8,0,34,9,51,78,87,118,19,302,43,6,49,351
12/21/2003,BHM,AL,ASO,ES,Towers with Radar,67,72,80,6,225,19,0,41,0,60,86,72,121,6,285,29,0,29,314
12/22/2003,BHM,AL,ASO,ES,Towers with Radar,96,111,119,13,339,0,0,50,0,50,96,111,169,13,389,12,8,20,409
12/23/2003,BHM,AL,ASO,ES,Towers with Radar,77,97,92,8,274,26,31,1,0,58,103,128,93,8,332,0,6,6,338
12/24/2003,BHM,AL,ASO,ES,Towers with Radar,66,83,58,5,212,19,37,0,0,56,85,120,58,5,268,0,4,4,272
12/25/2003,BHM,AL,ASO,ES,Towers with Radar,33,41,37,0,111,22,31,0,0,53,55,72,37,0,164,0,0,0,164
12/26/2003,BHM,AL,ASO,ES,Towers with Radar,81,102,97,1,281,10,6,19,0,35,91,108,116,1,316,11,0,11,327
12/27/2003,BHM,AL,ASO,ES,Towers with Radar,66,84,77,2,229,2,7,35,0,44,68,91,112,2,273,67,0,67,340
12/28/2003,BHM,AL,ASO,ES,Towers with Radar,63,80,74,0,217,20,5,15,0,40,83,85,89,0,257,30,0,30,287
12/29/2003,BHM,AL,ASO,ES,Towers with Radar,63,80,68,0,211,33,29,0,0,62,96,109,68,0,273,10,0,10,283
12/30/2003,BHM,AL,ASO,ES,Towers with Radar,83,106,98,6,293,16,18,48,0,82,99,124,146,6,375,30,2,32,407
12/31/2003,BHM,AL,ASO,ES,Towers with Radar,72,98,90,8,268,0,27,38,0,65,72,125,128,8,333,38,22,60,393
01/01/2004,BHM,AL,ASO,ES,Towers with Radar,48,61,57,0,166,15,21,18,0,54,63,82,75,0,220,0,0,0,220
01/02/2004,BHM,AL,ASO,ES,Towers with Radar,69,86,54,2,211,18,18,0,0,36,87,104,54,2,247,0,0,0,247
01/03/2004,BHM,AL,ASO,ES,Towers with Radar,73,87,79,2,241,0,0,0,0,0,73,87,79,2,241,0,0,0,241
01/04/2004,BHM,AL,ASO,ES,Towers with Radar,65,71,77,1,214,20,0,3,0,23,85,71,80,1,237,26,0,26,263
01/05/2004,BHM,AL,ASO,ES,Towers with Radar,69,86,69,1,225,22,26,0,0,48,91,112,69,1,273,0,0,0,273
01/06/2004,BHM,AL,ASO,ES,Towers with Radar,98,123,118,16,355,0,9,28,2,39,98,132,146,18,394,4,14,18,412
01/07/2004,BHM,AL,ASO,ES,Towers with Radar,96,130,125,17,368,0,8,81,4,93,96,138,206,21,461,14,22,36,497
01/08/2004,BHM,AL,ASO,ES,Towers with Radar,94,119,114,14,341,0,10,35,0,45,94,129,149,14,386,0,8,8,394
01/09/2004,BHM,AL,ASO,ES,Towers with Radar,96,119,113,15,343,1,11,15,0,27,97,130,128,15,370,0,4,4,374
01/10/2004,BHM,AL,ASO,ES,Towers with Radar,62,61,74,9,206,7,0,44,0,51,69,61,118,9,257,24,6,30,287
01/11/2004,BHM,AL,ASO,ES,Towers with Radar,62,74,74,10,220,17,0,46,1,64,79,74,120,11,284,20,6,26,310
01/12/2004,BHM,AL,ASO,ES,Towers with Radar,83,103,98,8,292,10,12,39,0,61,93,115,137,8,353,10,0,10,363
01/13/2004,BHM,AL,ASO,ES,Towers with Radar,96,128,122,16,362,0,4,50,11,65,96,132,172,27,427,24,6,30,457
01/14/2004,BHM,AL,ASO,ES,Towers with Radar,99,144,152,19,414,0,0,32,23,55,99,144,184,42,469,0,24,24,493
01/15/2004,BHM,AL,ASO,ES,Towers with Radar,98,133,129,17,377,0,0,55,3,58,98,133,184,20,435,8,20,28,463
01/16/2004,BHM,AL,ASO,ES,Towers with Radar,98,123,127,7,355,0,0,72,0,72,98,123,199,7,427,30,4,34,461
01/17/2004,BHM,AL,ASO,ES,Towers with Radar,51,61,42,1,155,18,18,0,0,36,69,79,42,1,191,34,0,34,225
01/18/2004,BHM,AL,ASO,ES,Towers with Radar,53,64,41,3,161,24,3,0,0,27,77,67,41,3,188,0,0,0,188
01/19/2004,BHM,AL,ASO,ES,Towers with Radar,80,81,95,3,259,13,0,30,0,43,93,81,125,3,302,19,0,19,321
01/20/2004,BHM,AL,ASO,ES,Towers with Radar,95,116,130,16,357,0,0,79,20,99,95,116,209,36,456,0,26,26,482
01/21/2004,BHM,AL,ASO,ES,Towers with Radar,96,133,138,17,384,0,0,75,15,90,96,133,213,32,474,2,28,30,504
01/22/2004,BHM,AL,ASO,ES,Towers with Radar,100,135,131,16,382,0,1,78,17,96,100,136,209,33,478,0,20,20,498
01/23/2004,BHM,AL,ASO,ES,Towers with Radar,97,114,134,17,362,0,0,99,21,120,97,114,233,38,482,0,0,0,482
01/24/2004,BHM,AL,ASO,ES,Towers with Radar,67,76,79,10,232,2,0,51,15,68,69,76,130,25,300,24,0,24,324
01/25/2004,BHM,AL,ASO,ES,Towers with Radar,53,60,53,8,174,19,0,0,0,19,72,60,53,8,193,0,0,0,193
01/26/2004,BHM,AL,ASO,ES,Towers with Radar,82,97,97,12,288,1,0,5,1,7,83,97,102,13,295,0,0,0,295
01/27/2004,BHM,AL,ASO,ES,Towers with Radar,94,125,122,15,356,0,15,31,8,54,94,140,153,23,410,0,10,10,420
01/28/2004,BHM,AL,ASO,ES,Towers with Radar,94,132,134,16,376,0,0,86,0,86,94,132,220,16,462,8,20,28,490
01/29/2004,BHM,AL,ASO,ES,Towers with Radar,101,135,131,16,383,0,15,93,9,117,101,150,224,25,500,24,17,41,541
01/30/2004,BHM,AL,ASO,ES,Towers with Radar,100,126,139,16,381,0,0,41,0,41,100,126,180,16,422,50,14,64,486
01/31/2004,BHM,AL,ASO,ES,Towers with Radar,68,82,79,5,234,3,0,74,0,77,71,82,153,5,311,70,1,71,382
02/01/2004,BHM,AL,ASO,ES,Towers with Radar,57,71,69,8,205,22,4,0,2,28,79,75,69,10,233,6,0,6,239
02/02/2004,BHM,AL,ASO,ES,Towers with Radar,82,103,109,12,306,9,7,10,15,41,91,110,119,27,347,2,4,6,353
02/03/2004,BHM,AL,ASO,ES,Towers with Radar,96,122,129,14,361,0,14,9,11,34,96,136,138,25,395,24,14,38,433
02/04/2004,BHM,AL,ASO,ES,Towers with Radar,98,142,152,17,409,0,0,76,12,88,98,142,228,29,497,48,16,64,561
02/05/2004,BHM,AL,ASO,ES,Towers with Radar,77,96,101,3,277,21,39,28,0,88,98,135,129,3,365,36,0,36,401
02/06/2004,BHM,AL,ASO,ES,Towers with Radar,92,115,122,4,333,6,22,12,0,40,98,137,134,4,373,12,0,12,385
02/07/2004,BHM,AL,ASO,ES,Towers with Radar,53,66,61,4,184,18,7,0,0,25,71,73,61,4,209,56,6,62,271
02/08/2004,BHM,AL,ASO,ES,Towers with Radar,65,69,86,5,225,12,0,58,0,70,77,69,144,5,295,22,0,22,317
02/09/2004,BHM,AL,ASO,ES,Towers with Radar,91,114,121,12,338,3,0,34,0,37,94,114,155,12,375,10,6,16,391
02/10/2004,BHM,AL,ASO,ES,Towers with Radar,86,107,114,1,308,9,19,10,0,38,95,126,124,1,346,0,0,0,346
02/11/2004,BHM,AL,ASO,ES,Towers with Radar,95,133,150,16,394,0,0,50,1,51,95,133,200,17,445,22,6,28,473
02/12/2004,BHM,AL,ASO,ES,Towers with Radar,98,120,139,15,372,0,0,11,1,12,98,120,150,16,384,0,0,0,384
02/13/2004,BHM,AL,ASO,ES,Towers with Radar,94,140,152,15,401,0,0,28,1,29,94,140,180,16,430,0,22,22,452
02/14/2004,BHM,AL,ASO,ES,Towers with Radar,61,76,48,8,193,6,7,0,7,20,67,83,48,15,213,18,14,32,245
02/15/2004,BHM,AL,ASO,ES,Towers with Radar,52,63,54,3,172,30,3,0,0,33,82,66,54,3,205,0,0,0,205
02/16/2004,BHM,AL,ASO,ES,Towers with Radar,92,97,121,2,312,2,0,39,0,41,94,97,160,2,353,39,0,39,392
02/17/2004,BHM,AL,ASO,ES,Towers with Radar,100,122,143,14,379,0,0,37,21,58,100,122,180,35,437,0,6,6,443
02/18/2004,BHM,AL,ASO,ES,Towers with Radar,97,145,156,16,414,0,5,74,7,86,97,150,230,23,500,12,10,22,522
02/19/2004,BHM,AL,ASO,ES,Towers with Radar,96,137,155,6,394,0,0,132,0,132,96,137,287,6,526,0,0,0,526
02/20/2004,BHM,AL,ASO,ES,Towers with Radar,97,125,159,16,397,0,0,36,19,55,97,125,195,35,452,20,12,32,484
02/21/2004,BHM,AL,ASO,ES,Towers with Radar,67,82,88,9,246,10,6,48,12,76,77,88,136,21,322,40,6,46,368
02/22/2004,BHM,AL,ASO,ES,Towers with Radar,73,79,97,10,259,9,0,66,6,81,82,79,163,16,340,22,6,28,368
02/23/2004,BHM,AL,ASO,ES,Towers with Radar,96,112,127,13,348,2,0,16,0,18,98,112,143,13,366,12,10,22,388
02/24/2004,BHM,AL,ASO,ES,Towers with Radar,103,129,139,11,382,0,3,5,0,8,103,132,144,11,390,6,0,6,396
02/25/2004,BHM,AL,ASO,ES,Towers with Radar,96,117,126,6,345,4,29,36,0,69,100,146,162,6,414,0,0,0,414
02/26/2004,BHM,AL,ASO,ES,Towers with Radar,94,124,134,12,364,0,14,14,0,28,94,138,148,12,392,2,7,9,401
02/27/2004,BHM,AL,ASO,ES,Towers with Radar,102,122,166,12,402,0,0,20,0,20,102,122,186,12,422,6,20,26,448
02/28/2004,BHM,AL,ASO,ES,Towers with Radar,71,71,94,3,239,2,0,94,0,96,73,71,188,3,335,26,0,26,361
02/29/2004,BHM,AL,ASO,ES,Towers with Radar,71,71,94,9,245,11,0,53,8,72,82,71,147,17,317,8,6,14,331
03/01/2004,BHM,AL,ASO,ES,Towers with Radar,79,102,113,8,302,15,2,31,0,48,94,104,144,8,350,2,2,4,354
03/02/2004,BHM,AL,ASO,ES,Towers with Radar,100,123,144,16,383,0,0,20,9,29,100,123,164,25,412,0,18,18,430
03/03/2004,BHM,AL,ASO,ES,Towers with Radar,99,127,159,18,403,0,0,84,3,87,99,127,243,21,490,6,4,10,500
03/04/2004,BHM,AL,ASO,ES,Towers with Radar,94,128,166,19,407,0,0,50,14,64,94,128,216,33,471,14,24,38,509
03/05/2004,BHM,AL,ASO,ES,Towers with Radar,83,107,118,13,321,13,12,18,7,50,96,119,136,20,371,2,6,8,379
03/06/2004,BHM,AL,ASO,ES,Towers with Radar,62,80,88,10,240,12,1,3,14,30,74,81,91,24,270,16,22,38,308
03/07/2004,BHM,AL,ASO,ES,Towers with Radar,65,84,93,11,253,16,0,32,2,50,81,84,125,13,303,66,10,76,379
03/08/2004,BHM,AL,ASO,ES,Towers with Radar,85,109,121,13,328,11,1,45,0,57,96,110,166,13,385,0,10,10,395
03/09/2004,BHM,AL,ASO,ES,Towers with Radar,100,134,148,9,391,0,0,64,0,64,100,134,212,9,455,38,0,38,493
03/10/2004,BHM,AL,ASO,ES,Towers with Radar,97,140,160,19,416,0,0,75,4,79,97,140,235,23,495,56,10,66,561
03/11/2004,BHM,AL,ASO,ES,Towers with Radar,101,142,163,18,424,0,0,85,1,86,101,142,248,19,510,12,26,38,548
03/12/2004,BHM,AL,ASO,ES,Towers with Radar,98,141,155,16,410,0,10,132,1,143,98,151,287,17,553,0,12,12,565
03/13/2004,BHM,AL,ASO,ES,Towers with Radar,62,80,88,8,238,9,6,48,0,63,71,86,136,8,301,38,22,60,361
03/14/2004,BHM,AL,ASO,ES,Towers with Radar,67,85,97,9,258,14,0,33,0,47,81,85,130,9,305,4,0,4,309
03/15/2004,BHM,AL,ASO,ES,Towers with Radar,96,119,146,15,376,0,0,24,29,53,96,119,170,44,429,14,28,42,471
03/16/2004,BHM,AL,ASO,ES,Towers with Radar,99,125,140,15,379,1,13,45,11,70,100,138,185,26,449,4,10,14,463
03/17/2004,BHM,AL,ASO,ES,Towers with Radar,102,135,151,15,403,0,1,47,0,48,102,136,198,15,451,8,6,14,465
03/18/2004,BHM,AL,ASO,ES,Towers with Radar,98,134,150,8,390,0,8,64,0,72,98,142,214,8,462,0,0,0,462
03/19/2004,BHM,AL,ASO,ES,Towers with Radar,101,128,176,18,423,0,0,104,0,104,101,128,280,18,527,10,7,17,544
03/20/2004,BHM,AL,ASO,ES,Towers with Radar,71,82,101,8,262,12,0,47,0,59,83,82,148,8,321,12,4,16,337
03/21/2004,BHM,AL,ASO,ES,Towers with Radar,66,81,85,6,238,22,0,0,0,22,88,81,85,6,260,0,0,0,260
03/22/2004,BHM,AL,ASO,ES,Towers with Radar,88,111,124,12,335,8,7,32,0,47,96,118,156,12,382,12,0,12,394
03/23/2004,BHM,AL,ASO,ES,Towers with Radar,99,131,147,12,389,0,6,27,0,33,99,137,174,12,422,12,2,14,436
03/24/2004,BHM,AL,ASO,ES,Towers with Radar,101,130,145,13,389,0,6,51,0,57,101,136,196,13,446,12,4,16,462
03/25/2004,BHM,AL,ASO,ES,Towers with Radar,96,121,136,11,364,0,17,82,0,99,96,138,218,11,463,9,4,13,476
03/26/2004,BHM,AL,ASO,ES,Towers with Radar,96,128,143,13,380,0,11,55,0,66,96,139,198,13,446,4,2,6,452
03/27/2004,BHM,AL,ASO,ES,Towers with Radar,61,77,86,3,227,16,8,47,0,71,77,85,133,3,298,6,0,6,304
03/28/2004,BHM,AL,ASO,ES,Towers with Radar,75,84,106,11,276,6,0,45,1,52,81,84,151,12,328,34,0,34,362
03/29/2004,BHM,AL,ASO,ES,Towers with Radar,86,108,121,1,316,10,14,19,0,43,96,122,140,1,359,0,0,0,359
03/30/2004,BHM,AL,ASO,ES,Towers with Radar,98,128,144,13,383,0,12,30,0,42,98,140,174,13,425,0,0,0,425
03/31/2004,BHM,AL,ASO,ES,Towers with Radar,98,140,165,10,413,0,0,55,0,55,98,140,220,10,468,28,26,54,522
04/01/2004,BHM,AL,ASO,ES,Towers with Radar,101,140,166,13,420,0,7,58,0,65,101,147,224,13,485,23,6,29,514
04/02/2004,BHM,AL,ASO,ES,Towers with Radar,99,125,147,15,386,0,8,68,19,95,99,133,215,34,481,18,26,44,525
04/03/2004,BHM,AL,ASO,ES,Towers with Radar,59,75,88,9,231,16,27,56,11,110,75,102,144,20,341,12,4,16,357
04/04/2004,BHM,AL,ASO,ES,Towers with Radar,63,74,93,10,240,19,0,45,1,65,82,74,138,11,305,11,0,11,316
04/05/2004,BHM,AL,ASO,ES,Towers with Radar,88,106,130,13,337,8,0,68,5,81,96,106,198,18,418,8,2,10,428
04/06/2004,BHM,AL,ASO,ES,Towers with Radar,99,126,147,12,384,3,12,126,0,141,102,138,273,12,525,34,4,38,563
04/07/2004,BHM,AL,ASO,ES,Towers with Radar,100,126,149,10,385,0,0,83,0,83,100,126,232,10,468,32,8,40,508
04/08/2004,BHM,AL,ASO,ES,Towers with Radar,95,121,142,10,368,7,23,75,0,105,102,144,217,10,473,26,16,42,515
04/09/2004,BHM,AL,ASO,ES,Towers with Radar,99,126,148,8,381,2,6,114,0,122,101,132,262,8,503,56,0,56,559
04/10/2004,BHM,AL,ASO,ES,Towers with Radar,47,60,70,0,177,28,22,27,0,77,75,82,97,0,254,10,0,10,264
04/11/2004,BHM,AL,ASO,ES,Towers with Radar,57,73,75,4,209,28,4,0,0,32,85,77,75,4,241,0,0,0,241
04/12/2004,BHM,AL,ASO,ES,Towers with Radar,97,110,144,3,354,6,0,34,0,40,103,110,178,3,394,6,0,6,400
04/13/2004,BHM,AL,ASO,ES,Towers with Radar,90,115,134,14,353,10,21,30,1,62,100,136,164,15,415,0,0,0,415
04/14/2004,BHM,AL,ASO,ES,Towers with Radar,105,134,173,18,430,0,0,44,8,52,105,134,217,26,482,22,6,28,510
04/15/2004,BHM,AL,ASO,ES,Towers with Radar,103,133,169,14,419,0,0,100,0,100,103,133,269,14,519,28,8,36,555
04/16/2004,BHM,AL,ASO,ES,Towers with Radar,101,125,148,10,384,1,7,101,0,109,102,132,249,10,493,34,0,34,527
04/17/2004,BHM,AL,ASO,ES,Towers with Radar,55,67,80,0,202,17,7,43,0,67,72,74,123,0,269,18,0,18,287
04/18/2004,BHM,AL,ASO,ES,Towers with Radar,64,72,94,6,236,22,0,72,0,94,86,72,166,6,330,10,0,10,340
04/19/2004,BHM,AL,ASO,ES,Towers with Radar,94,109,140,11,354,0,0,91,0,91,94,109,231,11,445,34,2,36,481
04/20/2004,BHM,AL,ASO,ES,Towers with Radar,103,136,165,10,414,0,0,52,0,52,103,136,217,10,466,6,12,18,484
04/21/2004,BHM,AL,ASO,ES,Towers with Radar,102,147,174,17,440,0,0,24,14,38,102,147,198,31,478,4,16,20,498
04/22/2004,BHM,AL,ASO,ES,Towers with Radar,107,143,201,17,468,0,0,23,0,23,107,143,224,17,491,8,4,12,503
04/23/2004,BHM,AL,ASO,ES,Towers with Radar,102,137,176,17,432,0,0,36,10,46,102,137,212,27,478,24,26,50,528
04/24/2004,BHM,AL,ASO,ES,Towers with Radar,73,83,108,5,269,13,0,13,0,26,86,83,121,5,295,0,0,0,295
04/25/2004,BHM,AL,ASO,ES,Towers with Radar,88,90,136,1,315,0,0,0,0,0,88,90,136,1,315,0,0,0,315
04/26/2004,BHM,AL,ASO,ES,Towers with Radar,97,121,144,14,376,3,7,16,7,33,100,128,160,21,409,0,0,0,409
04/27/2004,BHM,AL,ASO,ES,Towers with Radar,103,140,166,16,425,0,25,55,2,82,103,165,221,18,507,8,0,8,515
04/28/2004,BHM,AL,ASO,ES,Towers with Radar,102,142,168,16,428,0,10,101,21,132,102,152,269,37,560,12,54,66,626
04/29/2004,BHM,AL,ASO,ES,Towers with Radar,97,141,185,18,441,0,0,70,34,104,97,141,255,52,545,26,82,108,653
04/30/2004,BHM,AL,ASO,ES,Towers with Radar,99,124,146,14,383,0,24,0,4,28,99,148,146,18,411,0,0,0,411
05/01/2004,BHM,AL,ASO,ES,Towers with Radar,72,80,105,10,267,5,0,79,0,84,77,80,184,10,351,6,0,6,357
05/02/2004,BHM,AL,ASO,ES,Towers with Radar,80,104,96,6,286,4,11,0,0,15,84,115,96,6,301,19,0,19,320
05/03/2004,BHM,AL,ASO,ES,Towers with Radar,96,125,142,7,370,0,0,53,0,53,96,125,195,7,423,0,0,0,423
05/04/2004,BHM,AL,ASO,ES,Towers with Radar,99,133,148,11,391,0,4,92,0,96,99,137,240,11,487,6,0,6,493
05/05/2004,BHM,AL,ASO,ES,Towers with Radar,101,133,160,16,410,0,0,103,0,103,101,133,263,16,513,2,4,6,519
05/06/2004,BHM,AL,ASO,ES,Towers with Radar,99,132,152,15,398,0,0,89,1,90,99,132,241,16,488,8,6,14,502
05/07/2004,BHM,AL,ASO,ES,Towers with Radar,98,138,154,15,405,0,0,46,3,49,98,138,200,18,454,18,6,24,478
05/08/2004,BHM,AL,ASO,ES,Towers with Radar,63,82,91,7,243,9,7,65,0,81,72,89,156,7,324,40,6,46,370
05/09/2004,BHM,AL,ASO,ES,Towers with Radar,73,76,104,10,263,27,0,16,0,43,100,76,120,10,306,22,0,22,328
05/10/2004,BHM,AL,ASO,ES,Towers with Radar,82,107,119,6,314,26,6,54,0,86,108,113,173,6,400,0,0,0,400
05/11/2004,BHM,AL,ASO,ES,Towers with Radar,109,140,156,13,418,8,0,77,0,85,117,140,233,13,503,26,2,28,531
05/12/2004,BHM,AL,ASO,ES,Towers with Radar,109,134,160,16,419,0,0,40,17,57,109,134,200,33,476,16,6,22,498
05/13/2004,BHM,AL,ASO,ES,Towers with Radar,91,127,141,14,373,0,15,27,8,50,91,142,168,22,423,0,8,8,431
05/14/2004,BHM,AL,ASO,ES,Towers with Radar,104,139,155,15,413,0,11,31,16,58,104,150,186,31,471,18,32,50,521
05/15/2004,BHM,AL,ASO,ES,Towers with Radar,52,68,75,7,202,20,13,58,2,93,72,81,133,9,295,16,26,42,337
05/16/2004,BHM,AL,ASO,ES,Towers with Radar,76,88,109,10,283,12,0,33,3,48,88,88,142,13,331,18,2,20,351
05/17/2004,BHM,AL,ASO,ES,Towers with Radar,93,122,139,13,367,0,0,42,9,51,93,122,181,22,418,30,26,56,474
05/18/2004,BHM,AL,ASO,ES,Towers with Radar,93,142,159,15,409,0,2,50,6,58,93,144,209,21,467,2,4,6,473
05/19/2004,BHM,AL,ASO,ES,Towers with Radar,99,148,175,16,438,0,0,58,13,71,99,148,233,29,509,28,6,34,543
05/20/2004,BHM,AL,ASO,ES,Towers with Radar,94,147,166,15,422,0,13,55,7,75,94,160,221,22,497,40,10,50,547
05/21/2004,BHM,AL,ASO,ES,Towers with Radar,98,130,156,15,399,0,0,86,0,86,98,130,242,15,485,20,8,28,513
05/22/2004,BHM,AL,ASO,ES,Towers with Radar,59,74,84,4,221,15,10,29,0,54,74,84,113,4,275,18,4,22,297
05/23/2004,BHM,AL,ASO,ES,Towers with Radar,68,79,97,4,248,16,0,24,0,40,84,79,121,4,288,54,0,54,342
05/24/2004,BHM,AL,ASO,ES,Towers with Radar,94,118,149,9,370,0,0,17,0,17,94,118,166,9,387,0,0,0,387
05/25/2004,BHM,AL,ASO,ES,Towers with Radar,98,142,160,15,415,0,2,62,6,70,98,144,222,21,485,4,18,22,507
05/26/2004,BHM,AL,ASO,ES,Towers with Radar,97,147,166,7,417,0,0,61,0,61,97,147,227,7,478,4,6,10,488
05/27/2004,BHM,AL,ASO,ES,Towers with Radar,98,156,182,17,453,0,0,22,2,24,98,156,204,19,477,0,10,10,487
05/28/2004,BHM,AL,ASO,ES,Towers with Radar,96,139,158,15,408,0,0,11,4,15,96,139,169,19,423,0,4,4,427
05/29/2004,BHM,AL,ASO,ES,Towers with Radar,61,77,75,4,217,17,6,0,0,23,78,83,75,4,240,3,0,3,243
05/30/2004,BHM,AL,ASO,ES,Towers with Radar,46,57,57,0,160,26,3,0,0,29,72,60,57,0,189,26,0,26,215
05/31/2004,BHM,AL,ASO,ES,Towers with Radar,60,76,77,4,217,27,16,0,0,43,87,92,77,4,260,4,0,4,264
06/01/2004,BHM,AL,ASO,ES,Towers with Radar,92,122,146,8,368,0,0,51,0,51,92,122,197,8,419,56,0,56,475
06/02/2004,BHM,AL,ASO,ES,Towers with Radar,97,130,142,12,381,0,23,21,0,44,97,153,163,12,425,10,4,14,439
06/03/2004,BHM,AL,ASO,ES,Towers with Radar,95,144,158,11,408,0,0,69,0,69,95,144,227,11,477,2,2,4,481
06/04/2004,BHM,AL,ASO,ES,Towers with Radar,96,140,150,18,404,0,1,31,3,35,96,141,181,21,439,67,16,83,522
06/05/2004,BHM,AL,ASO,ES,Towers with Radar,56,74,79,8,217,16,4,29,0,49,72,78,108,8,266,68,18,86,352
06/06/2004,BHM,AL,ASO,ES,Towers with Radar,65,80,91,11,247,16,0,24,3,43,81,80,115,14,290,22,0,22,312
06/07/2004,BHM,AL,ASO,ES,Towers with Radar,85,111,119,13,328,10,11,38,0,59,95,122,157,13,387,0,0,0,387
06/08/2004,BHM,AL,ASO,ES,Towers with Radar,100,136,146,17,399,0,12,29,7,48,100,148,175,24,447,43,16,59,506
06/09/2004,BHM,AL,ASO,ES,Towers with Radar,96,140,167,19,422,0,0,92,13,105,96,140,259,32,527,16,12,28,555
06/10/2004,BHM,AL,ASO,ES,Towers with Radar,100,148,160,19,427,0,0,62,6,68,100,148,222,25,495,0,0,0,495
06/11/2004,BHM,AL,ASO,ES,Towers with Radar,97,126,135,11,369,4,9,62,0,75,101,135,197,11,444,69,7,76,520
06/12/2004,BHM,AL,ASO,ES,Towers with Radar,65,80,91,11,247,20,0,18,12,50,85,80,109,23,297,4,32,36,333
06/13/2004,BHM,AL,ASO,ES,Towers with Radar,67,75,93,11,246,18,0,6,0,24,85,75,99,11,270,30,0,30,300
06/14/2004,BHM,AL,ASO,ES,Towers with Radar,92,106,129,9,336,5,0,11,0,16,97,106,140,9,352,0,6,6,358
06/15/2004,BHM,AL,ASO,ES,Towers with Radar,97,134,144,16,391,0,5,0,3,8,97,139,144,19,399,14,22,36,435
06/16/2004,BHM,AL,ASO,ES,Towers with Radar,100,133,143,11,387,0,5,66,0,71,100,138,209,11,458,22,8,30,488
06/17/2004,BHM,AL,ASO,ES,Towers with Radar,93,146,173,19,431,0,0,39,19,58,93,146,212,38,489,20,26,46,535
06/18/2004,BHM,AL,ASO,ES,Towers with Radar,102,136,161,18,417,0,0,52,11,63,102,136,213,29,480,32,0,32,512
06/19/2004,BHM,AL,ASO,ES,Towers with Radar,66,85,93,10,254,10,0,59,6,75,76,85,152,16,329,24,18,42,371
06/20/2004,BHM,AL,ASO,ES,Towers with Radar,77,86,107,9,279,10,0,5,0,15,87,86,112,9,294,75,0,75,369
06/21/2004,BHM,AL,ASO,ES,Towers with Radar,99,113,139,5,356,17,0,64,0,81,116,113,203,5,437,12,0,12,449
06/22/2004,BHM,AL,ASO,ES,Towers with Radar,97,135,147,4,383,0,3,51,0,54,97,138,198,4,437,0,0,0,437
06/23/2004,BHM,AL,ASO,ES,Towers with Radar,104,135,147,16,402,0,10,10,2,22,104,145,157,18,424,10,4,14,438
06/24/2004,BHM,AL,ASO,ES,Towers with Radar,101,151,164,14,430,0,0,36,0,36,101,151,200,14,466,0,0,0,466
06/25/2004,BHM,AL,ASO,ES,Towers with Radar,102,131,143,16,392,2,3,25,9,39,104,134,168,25,431,7,14,21,452
06/26/2004,BHM,AL,ASO,ES,Towers with Radar,62,79,52,4,197,18,19,0,0,37,80,98,52,4,234,6,0,6,240
06/27/2004,BHM,AL,ASO,ES,Towers with Radar,66,84,79,0,229,22,13,0,0,35,88,97,79,0,264,16,0,16,280
06/28/2004,BHM,AL,ASO,ES,Towers with Radar,95,123,107,15,340,5,9,0,9,23,100,132,107,24,363,0,4,4,367
06/29/2004,BHM,AL,ASO,ES,Towers with Radar,103,141,154,16,414,0,0,13,0,13,103,141,167,16,427,0,2,2,429
06/30/2004,BHM,AL,ASO,ES,Towers with Radar,100,135,147,16,398,0,5,38,1,44,100,140,185,17,442,12,22,34,476
07/01/2004,BHM,AL,ASO,ES,Towers with Radar,97,138,151,12,398,0,0,47,0,47,97,138,198,12,445,36,4,40,485
07/02/2004,BHM,AL,ASO,ES,Towers with Radar,103,136,140,11,390,0,0,24,0,24,103,136,164,11,414,24,20,44,458
07/03/2004,BHM,AL,ASO,ES,Towers with Radar,60,78,80,2,220,15,7,10,0,32,75,85,90,2,252,46,0,46,298
07/04/2004,BHM,AL,ASO,ES,Towers with Radar,44,58,51,2,155,21,7,0,0,28,65,65,51,2,183,20,0,20,203
07/05/2004,BHM,AL,ASO,ES,Towers with Radar,63,83,84,6,236,25,4,17,0,46,88,87,101,6,282,70,0,70,352
07/06/2004,BHM,AL,ASO,ES,Towers with Radar,90,117,120,12,339,17,0,58,0,75,107,117,178,12,414,32,4,36,450
07/07/2004,BHM,AL,ASO,ES,Towers with Radar,100,132,134,12,378,0,16,39,0,55,100,148,173,12,433,0,5,5,438
07/08/2004,BHM,AL,ASO,ES,Towers with Radar,101,141,143,17,402,0,1,56,7,64,101,142,199,24,466,36,14,50,516
07/09/2004,BHM,AL,ASO,ES,Towers with Radar,102,133,135,8,378,0,7,62,0,69,102,140,197,8,447,28,0,28,475
07/10/2004,BHM,AL,ASO,ES,Towers with Radar,59,77,78,4,218,15,21,50,0,86,74,98,128,4,304,99,4,103,407
07/11/2004,BHM,AL,ASO,ES,Towers with Radar,73,82,98,12,265,14,0,12,1,27,87,82,110,13,292,44,10,54,346
07/12/2004,BHM,AL,ASO,ES,Towers with Radar,89,117,118,8,332,11,8,61,0,80,100,125,179,8,412,12,0,12,424
07/13/2004,BHM,AL,ASO,ES,Towers with Radar,103,136,138,17,394,0,1,65,3,69,103,137,203,20,463,46,8,54,517
07/14/2004,BHM,AL,ASO,ES,Towers with Radar,92,133,135,12,372,0,3,38,0,41,92,136,173,12,413,12,10,22,435
07/15/2004,BHM,AL,ASO,ES,Towers with Radar,100,144,148,17,409,0,0,89,3,92,100,144,237,20,501,42,14,56,557
07/16/2004,BHM,AL,ASO,ES,Towers with Radar,107,138,145,16,406,0,0,59,6,65,107,138,204,22,471,12,0,12,483
07/17/2004,BHM,AL,ASO,ES,Towers with Radar,63,83,75,10,231,12,0,0,31,43,75,83,75,41,274,22,18,40,314
07/18/2004,BHM,AL,ASO,ES,Towers with Radar,79,84,105,9,277,6,0,28,0,34,85,84,133,9,311,0,0,0,311
07/19/2004,BHM,AL,ASO,ES,Towers with Radar,97,122,127,15,361,0,0,49,3,52,97,122,176,18,413,6,10,16,429
07/20/2004,BHM,AL,ASO,ES,Towers with Radar,93,153,158,18,422,0,26,72,18,116,93,179,230,36,538,49,40,89,627
07/21/2004,BHM,AL,ASO,ES,Towers with Radar,98,135,139,15,387,0,9,58,0,67,98,144,197,15,454,44,10,54,508
07/22/2004,BHM,AL,ASO,ES,Towers with Radar,101,145,166,8,420,0,0,77,0,77,101,145,243,8,497,0,0,0,497
07/23/2004,BHM,AL,ASO,ES,Towers with Radar,101,147,165,19,432,0,0,45,10,55,101,147,210,29,487,12,6,18,505
07/24/2004,BHM,AL,ASO,ES,Towers with Radar,74,80,98,8,260,1,0,25,0,26,75,80,123,8,286,6,0,6,292
07/25/2004,BHM,AL,ASO,ES,Towers with Radar,76,94,86,7,263,19,0,0,0,19,95,94,86,7,282,10,0,10,292
07/26/2004,BHM,AL,ASO,ES,Towers with Radar,89,115,118,6,328,13,2,1,0,16,102,117,119,6,344,0,0,0,344
07/27/2004,BHM,AL,ASO,ES,Towers with Radar,97,137,153,17,404,0,0,50,17,67,97,137,203,34,471,24,18,42,513
07/28/2004,BHM,AL,ASO,ES,Towers with Radar,95,140,150,17,402,0,0,79,13,92,95,140,229,30,494,60,42,102,596
07/29/2004,BHM,AL,ASO,ES,Towers with Radar,105,144,148,16,413,0,3,81,0,84,105,147,229,16,497,10,9,19,516
07/30/2004,BHM,AL,ASO,ES,Towers with Radar,102,139,152,17,410,0,0,32,16,48,102,139,184,33,458,16,8,24,482
07/31/2004,BHM,AL,ASO,ES,Towers with Radar,59,75,78,9,221,17,21,2,0,40,76,96,80,9,261,0,22,22,283
08/01/2004,BHM,AL,ASO,ES,Towers with Radar,70,90,96,6,262,9,0,12,0,21,79,90,108,6,283,18,0,18,301
08/02/2004,BHM,AL,ASO,ES,Towers with Radar,86,114,119,4,323,12,10,32,0,54,98,124,151,4,377,2,4,6,383
08/03/2004,BHM,AL,ASO,ES,Towers with Radar,105,133,145,10,393,0,0,83,0,83,105,133,228,10,476,32,0,32,508
08/04/2004,BHM,AL,ASO,ES,Towers with Radar,99,142,149,18,408,0,6,70,4,80,99,148,219,22,488,6,8,14,502
08/05/2004,BHM,AL,ASO,ES,Towers with Radar,109,152,160,12,433,0,0,48,0,48,109,152,208,12,481,15,0,15,496
08/06/2004,BHM,AL,ASO,ES,Towers with Radar,101,136,144,15,396,0,0,55,0,55,101,136,199,15,451,24,2,26,477
08/07/2004,BHM,AL,ASO,ES,Towers with Radar,57,76,79,3,215,15,12,49,0,76,72,88,128,3,291,4,0,4,295
08/08/2004,BHM,AL,ASO,ES,Towers with Radar,67,82,94,10,253,18,0,47,0,65,85,82,141,10,318,18,0,18,336
08/09/2004,BHM,AL,ASO,ES,Towers with Radar,97,119,134,16,366,0,0,49,2,51,97,119,183,18,417,12,12,24,441
08/10/2004,BHM,AL,ASO,ES,Towers with Radar,85,112,117,7,321,9,12,40,0,61,94,124,157,7,382,2,0,2,384
08/11/2004,BHM,AL,ASO,ES,Towers with Radar,99,141,152,19,411,0,0,50,2,52,99,141,202,21,463,8,12,20,483
08/12/2004,BHM,AL,ASO,ES,Towers with Radar,98,140,147,15,400,0,7,0,0,7,98,147,147,15,407,26,20,46,453
08/13/2004,BHM,AL,ASO,ES,Towers with Radar,102,137,155,16,410,0,0,71,0,71,102,137,226,16,481,16,6,22,503
08/14/2004,BHM,AL,ASO,ES,Towers with Radar,58,77,81,9,225,12,15,52,2,81,70,92,133,11,306,18,18,36,342
08/15/2004,BHM,AL,ASO,ES,Towers with Radar,71,86,97,11,265,14,0,27,4,45,85,86,124,15,310,8,8,16,326
08/16/2004,BHM,AL,ASO,ES,Towers with Radar,92,119,127,10,348,8,0,29,0,37,100,119,156,10,385,0,0,0,385
08/17/2004,BHM,AL,ASO,ES,Towers with Radar,97,139,149,17,402,0,0,39,17,56,97,139,188,34,458,10,14,24,482
08/18/2004,BHM,AL,ASO,ES,Towers with Radar,101,146,155,18,420,0,2,82,3,87,101,148,237,21,507,16,8,24,531
08/19/2004,BHM,AL,ASO,ES,Towers with Radar,102,147,163,19,431,0,0,74,6,80,102,147,237,25,511,36,22,58,569
08/20/2004,BHM,AL,ASO,ES,Towers with Radar,104,142,147,17,410,0,0,0,18,18,104,142,147,35,428,0,22,22,450
08/21/2004,BHM,AL,ASO,ES,Towers with Radar,61,79,84,10,234,14,5,9,5,33,75,84,93,15,267,8,14,22,289
08/22/2004,BHM,AL,ASO,ES,Towers with Radar,66,85,89,11,251,16,4,0,14,34,82,89,89,25,285,44,0,44,329
08/23/2004,BHM,AL,ASO,ES,Towers with Radar,98,126,135,16,375,0,0,3,1,4,98,126,138,17,379,4,0,4,383
08/24/2004,BHM,AL,ASO,ES,Towers with Radar,96,139,148,17,400,0,3,51,9,63,96,142,199,26,463,0,8,8,471
08/25/2004,BHM,AL,ASO,ES,Towers with Radar,99,138,147,14,398,0,3,68,0,71,99,141,215,14,469,2,2,4,473
08/26/2004,BHM,AL,ASO,ES,Towers with Radar,99,142,153,18,412,0,0,45,2,47,99,142,198,20,459,28,12,40,499
08/27/2004,BHM,AL,ASO,ES,Towers with Radar,102,131,151,17,401,0,0,70,1,71,102,131,221,18,472,50,2,52,524
08/28/2004,BHM,AL,ASO,ES,Towers with Radar,60,77,83,9,229,11,12,18,1,42,71,89,101,10,271,32,0,32,303
08/29/2004,BHM,AL,ASO,ES,Towers with Radar,71,88,97,11,267,18,0,11,0,29,89,88,108,11,296,6,4,10,306
08/30/2004,BHM,AL,ASO,ES,Towers with Radar,94,122,142,16,374,0,0,12,5,17,94,122,154,21,391,10,2,12,403
08/31/2004,BHM,AL,ASO,ES,Towers with Radar,99,143,151,14,407,0,0,30,0,30,99,143,181,14,437,0,4,4,441
09/01/2004,BHM,AL,ASO,ES,Towers with Radar,103,141,161,17,422,0,0,58,5,63,103,141,219,22,485,14,0,14,499
09/02/2004,BHM,AL,ASO,ES,Towers with Radar,108,161,182,16,467,0,0,32,0,32,108,161,214,16,499,0,0,0,499
09/03/2004,BHM,AL,ASO,ES,Towers with Radar,104,152,159,16,431,0,0,13,0,13,104,152,172,16,444,6,10,16,460
09/04/2004,BHM,AL,ASO,ES,Towers with Radar,60,71,78,6,215,12,0,12,0,24,72,71,90,6,239,20,0,20,259
09/05/2004,BHM,AL,ASO,ES,Towers with Radar,54,70,70,4,198,5,1,14,0,20,59,71,84,4,218,4,0,4,222
09/06/2004,BHM,AL,ASO,ES,Towers with Radar,50,65,65,0,180,25,10,3,0,38,75,75,68,0,218,0,0,0,218
09/07/2004,BHM,AL,ASO,ES,Towers with Radar,74,96,86,5,261,23,32,0,0,55,97,128,86,5,316,4,6,10,326
09/08/2004,BHM,AL,ASO,ES,Towers with Radar,103,145,147,15,410,0,3,42,11,56,103,148,189,26,466,26,14,40,506
09/09/2004,BHM,AL,ASO,ES,Towers with Radar,101,143,158,16,418,0,0,103,8,111,101,143,261,24,529,2,30,32,561
09/10/2004,BHM,AL,ASO,ES,Towers with Radar,108,145,147,15,415,0,2,70,0,72,108,147,217,15,487,38,0,38,525
09/11/2004,BHM,AL,ASO,ES,Towers with Radar,75,93,98,11,277,0,0,0,3,3,75,93,98,14,280,4,4,8,288
09/12/2004,BHM,AL,ASO,ES,Towers with Radar,73,82,94,10,259,18,0,7,2,27,91,82,101,12,286,0,0,0,286
09/13/2004,BHM,AL,ASO,ES,Towers with Radar,101,116,130,13,360,1,0,35,4,40,102,116,165,17,400,6,0,6,406
09/14/2004,BHM,AL,ASO,ES,Towers with Radar,102,141,144,14,401,0,4,67,5,76,102,145,211,19,477,2,0,2,479
09/15/2004,BHM,AL,ASO,ES,Towers with Radar,96,121,123,12,352,4,16,32,0,52,100,137,155,12,404,0,0,0,404
09/16/2004,BHM,AL,ASO,ES,Towers with Radar,14,16,1,0,31,16,22,0,0,38,30,38,1,0,69,0,0,0,69
09/17/2004,BHM,AL,ASO,ES,Towers with Radar,74,93,81,9,257,22,33,0,11,66,96,126,81,20,323,4,0,4,327
09/18/2004,BHM,AL,ASO,ES,Towers with Radar,66,83,85,8,242,12,0,25,2,39,78,83,110,10,281,8,18,26,307
09/19/2004,BHM,AL,ASO,ES,Towers with Radar,71,82,91,9,253,26,0,49,4,79,97,82,140,13,332,14,0,14,346
09/20/2004,BHM,AL,ASO,ES,Towers with Radar,89,112,115,11,327,12,7,40,7,66,101,119,155,18,393,0,0,0,393
09/21/2004,BHM,AL,ASO,ES,Towers with Radar,106,139,142,14,401,0,7,79,5,91,106,146,221,19,492,2,4,6,498
09/22/2004,BHM,AL,ASO,ES,Towers with Radar,104,146,150,14,414,0,9,85,13,107,104,155,235,27,521,8,16,24,545
09/23/2004,BHM,AL,ASO,ES,Towers with Radar,105,145,158,15,423,0,0,110,5,115,105,145,268,20,538,5,14,19,557
09/24/2004,BHM,AL,ASO,ES,Towers with Radar,104,136,140,14,394,0,4,90,8,102,104,140,230,22,496,10,16,26,522
09/25/2004,BHM,AL,ASO,ES,Towers with Radar,73,80,94,1,248,4,0,76,0,80,77,80,170,1,328,24,0,24,352
09/26/2004,BHM,AL,ASO,ES,Towers with Radar,70,70,91,5,236,18,0,50,0,68,88,70,141,5,304,6,0,6,310
09/27/2004,BHM,AL,ASO,ES,Towers with Radar,94,118,121,11,344,19,15,32,0,66,113,133,153,11,410,0,4,4,414
09/28/2004,BHM,AL,ASO,ES,Towers with Radar,107,160,164,12,443,0,0,30,0,30,107,160,194,12,473,0,22,22,495
09/29/2004,BHM,AL,ASO,ES,Towers with Radar,101,147,149,9,406,0,5,84,0,89,101,152,233,9,495,4,4,8,503
09/30/2004,BHM,AL,ASO,ES,Towers with Radar,105,142,165,16,428,0,0,50,12,62,105,142,215,28,490,8,39,47,537
10/01/2004,BHM,AL,ASO,ES,Towers with Radar,104,147,172,4,427,0,0,42,0,42,104,147,214,4,469,20,6,26,495
10/02/2004,BHM,AL,ASO,ES,Towers with Radar,75,83,74,2,234,0,0,41,3,44,75,83,115,5,278,34,0,34,312
10/03/2004,BHM,AL,ASO,ES,Towers with Radar,94,80,159,5,338,0,0,79,1,80,94,80,238,6,418,34,2,36,454
10/04/2004,BHM,AL,ASO,ES,Towers with Radar,101,121,122,10,354,0,0,39,0,39,101,121,161,10,393,16,6,22,415
10/05/2004,BHM,AL,ASO,ES,Towers with Radar,106,139,145,18,408,0,1,46,0,47,106,140,191,18,455,6,0,6,461
10/06/2004,BHM,AL,ASO,ES,Towers with Radar,103,139,152,3,397,0,0,52,0,52,103,139,204,3,449,8,0,8,457
10/07/2004,BHM,AL,ASO,ES,Towers with Radar,108,146,195,21,470,0,0,32,3,35,108,146,227,24,505,26,4,30,535
10/08/2004,BHM,AL,ASO,ES,Towers with Radar,106,142,162,15,425,0,0,53,0,53,106,142,215,15,478,8,0,8,486
10/09/2004,BHM,AL,ASO,ES,Towers with Radar,72,85,89,2,248,0,0,3,0,3,72,85,92,2,251,18,0,18,269
10/10/2004,BHM,AL,ASO,ES,Towers with Radar,91,78,113,0,282,0,0,0,0,0,91,78,113,0,282,0,0,0,282
10/11/2004,BHM,AL,ASO,ES,Towers with Radar,98,101,149,5,353,0,0,2,0,2,98,101,151,5,355,4,0,4,359
10/12/2004,BHM,AL,ASO,ES,Towers with Radar,104,140,182,25,451,0,0,19,0,19,104,140,201,25,470,0,6,6,476
10/13/2004,BHM,AL,ASO,ES,Towers with Radar,103,148,172,17,440,0,0,7,2,9,103,148,179,19,449,8,0,8,457
10/14/2004,BHM,AL,ASO,ES,Towers with Radar,110,151,185,5,451,0,0,27,0,27,110,151,212,5,478,0,26,26,504
10/15/2004,BHM,AL,ASO,ES,Towers with Radar,106,145,174,12,437,0,0,46,1,47,106,145,220,13,484,24,0,24,508
10/16/2004,BHM,AL,ASO,ES,Towers with Radar,76,76,77,7,236,0,1,61,1,63,76,77,138,8,299,0,0,0,299
10/17/2004,BHM,AL,ASO,ES,Towers with Radar,95,82,116,5,298,0,0,52,2,54,95,82,168,7,352,24,14,38,390
10/18/2004,BHM,AL,ASO,ES,Towers with Radar,98,136,158,10,402,0,0,14,1,15,98,136,172,11,417,0,0,0,417
10/19/2004,BHM,AL,ASO,ES,Towers with Radar,105,133,106,6,350,0,0,0,0,0,105,133,106,6,350,0,0,0,350
10/20/2004,BHM,AL,ASO,ES,Towers with Radar,102,137,196,20,455,0,0,3,3,6,102,137,199,23,461,8,0,8,469
10/21/2004,BHM,AL,ASO,ES,Towers with Radar,106,158,204,15,483,2,1,1,0,4,108,159,205,15,487,26,4,30,517
10/22/2004,BHM,AL,ASO,ES,Towers with Radar,103,140,213,21,477,0,0,36,0,36,103,140,249,21,513,24,0,24,537
10/23/2004,BHM,AL,ASO,ES,Towers with Radar,73,81,57,15,226,0,1,24,2,27,73,82,81,17,253,0,0,0,253
10/24/2004,BHM,AL,ASO,ES,Towers with Radar,87,82,125,9,303,0,0,58,2,60,87,82,183,11,363,28,10,38,401
10/25/2004,BHM,AL,ASO,ES,Towers with Radar,98,132,144,11,385,0,10,75,0,85,98,142,219,11,470,18,4,22,492
10/26/2004,BHM,AL,ASO,ES,Towers with Radar,103,136,163,10,412,0,0,54,0,54,103,136,217,10,466,6,0,6,472
10/27/2004,BHM,AL,ASO,ES,Towers with Radar,0,0,0,0,0,0,0,0,0,0,0,0,0,0,0,0,10,10,10
10/28/2004,BHM,AL,ASO,ES,Towers with Radar,102,139,204,4,449,0,0,22,0,22,102,139,226,4,471,0,0,0,471
10/29/2004,BHM,AL,ASO,ES,Towers with Radar,105,150,168,19,442,0,0,33,0,33,105,150,201,19,475,24,0,24,499
10/30/2004,BHM,AL,ASO,ES,Towers with Radar,74,83,101,4,262,0,0,21,0,21,74,83,122,4,283,0,0,0,283
10/31/2004,BHM,AL,ASO,ES,Towers with Radar,83,91,106,8,288,0,0,28,1,29,83,91,134,9,317,0,0,0,317
11/01/2004,BHM,AL,ASO,ES,Combined TRACON& Tower with Radar,91,119,115,16,341,0,0,0,0,0,91,119,115,16,341,0,0,0,341
11/02/2004,BHM,AL,ASO,ES,Combined TRACON& Tower with Radar,104,143,135,11,393,0,0,1,3,4,104,143,136,14,397,0,0,0,397
11/03/2004,BHM,AL,ASO,ES,Combined TRACON& Tower with Radar,97,133,131,12,373,0,0,0,0,0,97,133,131,12,373,12,16,28,401
11/04/2004,BHM,AL,ASO,ES,Combined TRACON& Tower with Radar,97,145,215,14,471,0,0,0,0,0,97,145,215,14,471,2,12,14,485
11/05/2004,BHM,AL,ASO,ES,Combined TRACON& Tower with Radar,99,134,161,32,426,0,0,88,4,92,99,134,249,36,518,24,0,24,542
11/06/2004,BHM,AL,ASO,ES,Combined TRACON& Tower with Radar,64,81,61,25,231,0,0,79,1,80,64,81,140,26,311,18,0,18,329
11/07/2004,BHM,AL,ASO,ES,Combined TRACON& Tower with Radar,83,89,92,13,277,0,0,0,0,0,83,89,92,13,277,20,4,24,301
11/08/2004,BHM,AL,ASO,ES,Combined TRACON& Tower with Radar,92,123,138,19,372,0,0,31,1,32,92,123,169,20,404,0,0,0,404
11/09/2004,BHM,AL,ASO,ES,Combined TRACON& Tower with Radar,97,151,173,10,431,0,0,62,1,63,97,151,235,11,494,6,0,6,500
11/10/2004,BHM,AL,ASO,ES,Combined TRACON& Tower with Radar,96,165,191,23,475,0,0,0,0,0,96,165,191,23,475,8,20,28,503
11/11/2004,BHM,AL,ASO,ES,Combined TRACON& Tower with Radar,92,131,156,0,379,0,0,0,0,0,92,131,156,0,379,26,4,30,409
11/12/2004,BHM,AL,ASO,ES,Combined TRACON& Tower with Radar,99,122,173,9,403,0,0,3,1,4,99,122,176,10,407,24,0,24,431
11/13/2004,BHM,AL,ASO,ES,Combined TRACON& Tower with Radar,64,89,81,20,254,0,0,19,0,19,64,89,100,20,273,18,0,18,291
11/14/2004,BHM,AL,ASO,ES,Combined TRACON& Tower with Radar,83,78,101,8,270,0,0,57,3,60,83,78,158,11,330,34,0,34,364
11/15/2004,BHM,AL,ASO,ES,Combined TRACON& Tower with Radar,91,134,158,36,419,0,0,52,4,56,91,134,210,40,475,0,0,0,475
11/16/2004,BHM,AL,ASO,ES,Combined TRACON& Tower with Radar,94,146,154,42,436,0,0,69,1,70,94,146,223,43,506,40,18,58,564
11/17/2004,BHM,AL,ASO,ES,Combined TRACON& Tower with Radar,96,147,185,46,474,0,0,70,2,72,96,147,255,48,546,10,112,122,668
11/18/2004,BHM,AL,ASO,ES,Combined TRACON& Tower with Radar,96,148,190,35,469,0,0,28,7,35,96,148,218,42,504,28,28,56,560
11/19/2004,BHM,AL,ASO,ES,Combined TRACON& Tower with Radar,100,164,195,21,480,0,0,0,0,0,100,164,195,21,480,0,12,12,492
11/20/2004,BHM,AL,ASO,ES,Combined TRACON& Tower with Radar,76,79,43,5,203,0,0,12,0,12,76,79,55,5,215,13,0,13,228
11/21/2004,BHM,AL,ASO,ES,Combined TRACON& Tower with Radar,91,73,88,3,255,0,0,0,0,0,91,73,88,3,255,0,0,0,255
11/22/2004,BHM,AL,ASO,ES,Combined TRACON& Tower with Radar,106,102,101,0,309,0,0,0,0,0,106,102,101,0,309,0,0,0,309
11/23/2004,BHM,AL,ASO,ES,Combined TRACON& Tower with Radar,106,143,97,29,375,0,0,2,0,2,106,143,99,29,377,0,22,22,399
11/24/2004,BHM,AL,ASO,ES,Combined TRACON& Tower with Radar,117,144,102,16,379,0,0,8,0,8,117,144,110,16,387,8,6,14,401
11/25/2004,BHM,AL,ASO,ES,Combined TRACON& Tower with Radar,70,74,43,0,187,0,0,18,0,18,70,74,61,0,205,0,0,0,205
11/26/2004,BHM,AL,ASO,ES,Combined TRACON& Tower with Radar,88,91,78,3,260,0,0,75,0,75,88,91,153,3,335,26,0,26,361
11/27/2004,BHM,AL,ASO,ES,Combined TRACON& Tower with Radar,84,77,47,0,208,0,0,9,0,9,84,77,56,0,217,0,0,0,217
11/28/2004,BHM,AL,ASO,ES,Combined TRACON& Tower with Radar,94,94,119,0,307,0,0,76,0,76,94,94,195,0,383,0,0,0,383
11/29/2004,BHM,AL,ASO,ES,Combined TRACON& Tower with Radar,105,108,134,9,356,0,0,52,5,57,105,108,186,14,413,28,16,44,457
11/30/2004,BHM,AL,ASO,ES,Combined TRACON& Tower with Radar,104,137,150,17,408,0,0,6,1,7,104,137,156,18,415,0,6,6,421
12/01/2004,BHM,AL,ASO,ES,Combined TRACON& Tower with Radar,108,138,153,20,419,0,1,37,0,38,108,139,190,20,457,30,30,60,517
12/02/2004,BHM,AL,ASO,ES,Combined TRACON& Tower with Radar,109,152,175,15,451,0,0,54,3,57,109,152,229,18,508,18,2,20,528
12/03/2004,BHM,AL,ASO,ES,Combined TRACON& Tower with Radar,109,138,136,14,397,0,3,65,2,70,109,141,201,16,467,0,20,20,487
12/04/2004,BHM,AL,ASO,ES,Combined TRACON& Tower with Radar,80,76,63,1,220,0,0,68,0,68,80,76,131,1,288,18,0,18,306
12/05/2004,BHM,AL,ASO,ES,Combined TRACON& Tower with Radar,94,76,90,5,265,0,0,5,1,6,94,76,95,6,271,0,0,0,271
12/06/2004,BHM,AL,ASO,ES,Combined TRACON& Tower with Radar,100,120,108,7,335,0,0,0,0,0,100,120,108,7,335,0,0,0,335
12/07/2004,BHM,AL,ASO,ES,Combined TRACON& Tower with Radar,105,117,127,23,372,0,0,25,2,27,105,117,152,25,399,0,14,14,413
12/08/2004,BHM,AL,ASO,ES,Combined TRACON& Tower with Radar,107,129,183,26,445,0,0,40,1,41,107,129,223,27,486,0,20,20,506
12/09/2004,BHM,AL,ASO,ES,Combined TRACON& Tower with Radar,112,142,134,9,397,0,0,3,0,3,112,142,137,9,400,8,0,8,408
12/10/2004,BHM,AL,ASO,ES,Combined TRACON& Tower with Radar,117,138,132,26,413,0,0,32,1,33,117,138,164,27,446,0,18,18,464
12/11/2004,BHM,AL,ASO,ES,Combined TRACON& Tower with Radar,83,76,76,2,237,0,0,16,0,16,83,76,92,2,253,35,0,35,288
12/12/2004,BHM,AL,ASO,ES,Combined TRACON& Tower with Radar,98,79,69,2,248,0,0,55,0,55,98,79,124,2,303,8,0,8,311
12/13/2004,BHM,AL,ASO,ES,Combined TRACON& Tower with Radar,106,113,169,13,401,0,0,30,0,30,106,113,199,13,431,14,8,22,453
12/14/2004,BHM,AL,ASO,ES,Combined TRACON& Tower with Radar,118,130,196,11,455,0,0,38,1,39,118,130,234,12,494,0,0,0,494
12/15/2004,BHM,AL,ASO,ES,Combined TRACON& Tower with Radar,109,151,186,18,464,0,5,52,0,57,109,156,238,18,521,22,12,34,555
12/16/2004,BHM,AL,ASO,ES,Combined TRACON& Tower with Radar,120,134,200,17,471,0,3,42,3,48,120,137,242,20,519,36,16,52,571
12/17/2004,BHM,AL,ASO,ES,Combined TRACON& Tower with Radar,108,145,161,19,433,0,0,62,1,63,108,145,223,20,496,76,12,88,584
12/18/2004,BHM,AL,ASO,ES,Combined TRACON& Tower with Radar,77,77,51,10,215,0,1,89,0,90,77,78,140,10,305,60,0,60,365
12/19/2004,BHM,AL,ASO,ES,Combined TRACON& Tower with Radar,93,69,66,12,240,0,0,6,0,6,93,69,72,12,246,0,0,0,246
12/20/2004,BHM,AL,ASO,ES,Combined TRACON& Tower with Radar,104,115,108,5,332,0,0,48,0,48,104,115,156,5,380,6,2,8,388
12/21/2004,BHM,AL,ASO,ES,Combined TRACON& Tower with Radar,108,140,117,10,375,0,0,36,0,36,108,140,153,10,411,8,0,8,419
12/22/2004,BHM,AL,ASO,ES,Combined TRACON& Tower with Radar,101,123,91,15,330,0,0,5,0,5,101,123,96,15,335,0,0,0,335
12/23/2004,BHM,AL,ASO,ES,Combined TRACON& Tower with Radar,89,119,80,2,290,0,1,2,0,3,89,120,82,2,293,0,0,0,293
12/24/2004,BHM,AL,ASO,ES,Combined TRACON& Tower with Radar,95,95,25,0,215,0,4,10,0,14,95,99,35,0,229,4,0,4,233
12/25/2004,BHM,AL,ASO,ES,Combined TRACON& Tower with Radar,82,48,11,0,141,0,1,19,0,20,82,49,30,0,161,0,0,0,161
12/26/2004,BHM,AL,ASO,ES,Combined TRACON& Tower with Radar,94,61,67,0,222,0,0,63,0,63,94,61,130,0,285,36,0,36,321
12/27/2004,BHM,AL,ASO,ES,Combined TRACON& Tower with Radar,100,133,76,6,315,0,0,47,0,47,100,133,123,6,362,54,0,54,416
12/28/2004,BHM,AL,ASO,ES,Combined TRACON& Tower with Radar,103,116,94,4,317,0,0,60,0,60,103,116,154,4,377,0,0,0,377
12/29/2004,BHM,AL,ASO,ES,Combined TRACON& Tower with Radar,109,139,61,6,315,0,0,72,3,75,109,139,133,9,390,58,4,62,452
12/30/2004,BHM,AL,ASO,ES,Combined TRACON& Tower with Radar,105,128,75,2,310,0,0,44,0,44,105,128,119,2,354,0,0,0,354
12/31/2004,BHM,AL,ASO,ES,Combined TRACON& Tower with Radar,86,111,76,0,273,0,0,28,0,28,86,111,104,0,301,14,0,14,315
01/01/2005,BHM,AL,ASO,ES,Combined TRACON& Tower with Radar,78,64,32,0,174,0,2,39,0,41,78,66,71,0,215,12,0,12,227
01/02/2005,BHM,AL,ASO,ES,Combined TRACON& Tower with Radar,95,87,115,0,297,0,5,46,0,51,95,92,161,0,348,48,0,48,396
01/03/2005,BHM,AL,ASO,ES,Combined TRACON& Tower with Radar,98,111,70,2,281,0,0,23,0,23,98,111,93,2,304,4,0,4,308
01/04/2005,BHM,AL,ASO,ES,Combined TRACON& Tower with Radar,104,135,116,14,369,0,1,39,0,40,104,136,155,14,409,0,0,0,409
01/05/2005,BHM,AL,ASO,ES,Combined TRACON& Tower with Radar,109,132,125,27,393,0,0,8,0,8,109,132,133,27,401,2,6,8,409
01/06/2005,BHM,AL,ASO,ES,Combined TRACON& Tower with Radar,106,142,137,79,464,0,0,6,3,9,106,142,143,82,473,0,48,48,521
01/07/2005,BHM,AL,ASO,ES,Combined TRACON& Tower with Radar,107,126,94,13,340,0,0,5,0,5,107,126,99,13,345,0,0,0,345
01/08/2005,BHM,AL,ASO,ES,Combined TRACON& Tower with Radar,70,80,53,13,216,0,0,34,0,34,70,80,87,13,250,46,8,54,304
01/09/2005,BHM,AL,ASO,ES,Combined TRACON& Tower with Radar,89,69,68,14,240,0,0,99,5,104,89,69,167,19,344,42,4,46,390
01/10/2005,BHM,AL,ASO,ES,Combined TRACON& Tower with Radar,100,104,154,36,394,0,0,26,1,27,100,104,180,37,421,8,12,20,441
01/11/2005,BHM,AL,ASO,ES,Combined TRACON& Tower with Radar,102,123,145,33,403,0,0,38,6,44,102,123,183,39,447,20,20,40,487
01/12/2005,BHM,AL,ASO,ES,Combined TRACON& Tower with Radar,99,136,158,28,421,0,1,5,1,7,99,137,163,29,428,2,18,20,448
01/13/2005,BHM,AL,ASO,ES,Combined TRACON& Tower with Radar,114,139,96,11,360,0,0,2,0,2,114,139,98,11,362,0,8,8,370
01/14/2005,BHM,AL,ASO,ES,Combined TRACON& Tower with Radar,104,123,145,29,401,0,0,30,1,31,104,123,175,30,432,13,14,27,459
01/15/2005,BHM,AL,ASO,ES,Combined TRACON& Tower with Radar,70,64,52,2,188,0,0,73,0,73,70,64,125,2,261,6,0,6,267
01/16/2005,BHM,AL,ASO,ES,Combined TRACON& Tower with Radar,88,67,57,0,212,0,6,50,0,56,88,73,107,0,268,12,0,12,280
01/17/2005,BHM,AL,ASO,ES,Combined TRACON& Tower with Radar,100,82,115,9,306,0,0,40,0,40,100,82,155,9,346,5,4,9,355
01/18/2005,BHM,AL,ASO,ES,Combined TRACON& Tower with Radar,102,122,155,22,401,0,0,63,1,64,102,122,218,23,465,0,6,6,471
01/19/2005,BHM,AL,ASO,ES,Combined TRACON& Tower with Radar,105,131,162,24,422,0,2,37,1,40,105,133,199,25,462,20,2,22,484
01/20/2005,BHM,AL,ASO,ES,Combined TRACON& Tower with Radar,102,132,186,13,433,0,0,68,3,71,102,132,254,16,504,26,12,38,542
01/21/2005,BHM,AL,ASO,ES,Combined TRACON& Tower with Radar,103,129,144,13,389,0,0,56,4,60,103,129,200,17,449,4,2,6,455
01/22/2005,BHM,AL,ASO,ES,Combined TRACON& Tower with Radar,79,65,53,10,207,0,0,10,0,10,79,65,63,10,217,10,0,10,227
01/23/2005,BHM,AL,ASO,ES,Combined TRACON& Tower with Radar,83,66,69,13,231,0,0,33,0,33,83,66,102,13,264,0,18,18,282
01/24/2005,BHM,AL,ASO,ES,Combined TRACON& Tower with Radar,97,111,168,10,386,0,0,31,1,32,97,111,199,11,418,0,10,10,428
01/25/2005,BHM,AL,ASO,ES,Combined TRACON& Tower with Radar,103,158,156,13,430,0,1,40,1,42,103,159,196,14,472,4,5,9,481
01/26/2005,BHM,AL,ASO,ES,Combined TRACON& Tower with Radar,103,130,181,9,423,0,0,37,1,38,103,130,218,10,461,10,0,10,471
01/27/2005,BHM,AL,ASO,ES,Combined TRACON& Tower with Radar,101,143,188,14,446,0,0,70,4,74,101,143,258,18,520,40,2,42,562
01/28/2005,BHM,AL,ASO,ES,Combined TRACON& Tower with Radar,105,125,156,18,404,0,0,15,0,15,105,125,171,18,419,0,0,0,419
01/29/2005,BHM,AL,ASO,ES,Combined TRACON& Tower with Radar,66,67,32,2,167,0,0,0,0,0,66,67,32,2,167,0,0,0,167
01/30/2005,BHM,AL,ASO,ES,Combined TRACON& Tower with Radar,78,65,65,1,209,0,0,4,0,4,78,65,69,1,213,0,0,0,213
01/31/2005,BHM,AL,ASO,ES,Combined TRACON& Tower with Radar,106,116,119,21,362,0,0,6,0,6,106,116,125,21,368,2,18,20,388
02/01/2005,BHM,AL,ASO,ES,Combined TRACON& Tower with Radar,106,140,144,9,399,0,0,8,2,10,106,140,152,11,409,14,6,20,429
02/02/2005,BHM,AL,ASO,ES,Combined TRACON& Tower with Radar,113,130,142,5,390,0,0,0,0,0,113,130,142,5,390,0,0,0,390
02/03/2005,BHM,AL,ASO,ES,Combined TRACON& Tower with Radar,108,130,167,8,413,0,0,3,2,5,108,130,170,10,418,10,0,10,428
02/04/2005,BHM,AL,ASO,ES,Combined TRACON& Tower with Radar,116,135,161,6,418,0,1,74,1,76,116,136,235,7,494,18,0,18,512
02/05/2005,BHM,AL,ASO,ES,Combined TRACON& Tower with Radar,85,79,65,10,239,0,1,88,1,90,85,80,153,11,329,44,12,56,385
02/06/2005,BHM,AL,ASO,ES,Combined TRACON& Tower with Radar,94,62,60,12,228,0,6,57,0,63,94,68,117,12,291,12,6,18,309
02/07/2005,BHM,AL,ASO,ES,Combined TRACON& Tower with Radar,108,104,110,4,326,0,0,28,1,29,108,104,138,5,355,12,0,12,367
02/08/2005,BHM,AL,ASO,ES,Combined TRACON& Tower with Radar,115,129,189,11,444,0,0,0,0,0,115,129,189,11,444,6,2,8,452
02/09/2005,BHM,AL,ASO,ES,Combined TRACON& Tower with Radar,113,122,187,20,442,0,1,7,0,8,113,123,194,20,450,0,0,0,450
02/10/2005,BHM,AL,ASO,ES,Combined TRACON& Tower with Radar,112,133,169,8,422,0,0,69,0,69,112,133,238,8,491,6,0,6,497
02/11/2005,BHM,AL,ASO,ES,Combined TRACON& Tower with Radar,112,133,139,16,400,0,0,61,4,65,112,133,200,20,465,4,10,14,479
02/12/2005,BHM,AL,ASO,ES,Combined TRACON& Tower with Radar,85,84,61,12,242,0,0,71,0,71,85,84,132,12,313,16,0,16,329
02/13/2005,BHM,AL,ASO,ES,Combined TRACON& Tower with Radar,93,75,64,10,242,0,0,10,0,10,93,75,74,10,252,20,4,24,276
02/14/2005,BHM,AL,ASO,ES,Combined TRACON& Tower with Radar,113,115,115,5,348,0,0,16,0,16,113,115,131,5,364,0,0,0,364
02/15/2005,BHM,AL,ASO,ES,Combined TRACON& Tower with Radar,112,172,165,16,465,0,0,47,0,47,112,172,212,16,512,42,4,46,558
02/16/2005,BHM,AL,ASO,ES,Combined TRACON& Tower with Radar,114,150,211,3,478,0,0,16,0,16,114,150,227,3,494,2,0,2,496
02/17/2005,BHM,AL,ASO,ES,Combined TRACON& Tower with Radar,112,139,181,12,444,0,2,63,2,67,112,141,244,14,511,10,8,18,529
02/18/2005,BHM,AL,ASO,ES,Combined TRACON& Tower with Radar,107,132,163,15,417,0,2,52,0,54,107,134,215,15,471,21,14,35,506
02/19/2005,BHM,AL,ASO,ES,Combined TRACON& Tower with Radar,88,81,63,10,242,0,1,31,2,34,88,82,94,12,276,10,0,10,286
02/20/2005,BHM,AL,ASO,ES,Combined TRACON& Tower with Radar,93,67,82,3,245,0,0,13,0,13,93,67,95,3,258,6,0,6,264
02/21/2005,BHM,AL,ASO,ES,Combined TRACON& Tower with Radar,106,88,112,2,308,0,0,7,0,7,106,88,119,2,315,0,0,0,315
02/22/2005,BHM,AL,ASO,ES,Combined TRACON& Tower with Radar,119,115,180,6,420,0,0,25,0,25,119,115,205,6,445,20,0,20,465
02/23/2005,BHM,AL,ASO,ES,Combined TRACON& Tower with Radar,114,131,164,23,432,0,0,43,0,43,114,131,207,23,475,0,0,0,475
02/24/2005,BHM,AL,ASO,ES,Combined TRACON& Tower with Radar,112,132,172,24,440,0,0,2,1,3,112,132,174,25,443,8,2,10,453
02/25/2005,BHM,AL,ASO,ES,Combined TRACON& Tower with Radar,112,125,149,9,395,0,0,74,1,75,112,125,223,10,470,22,0,22,492
02/26/2005,BHM,AL,ASO,ES,Combined TRACON& Tower with Radar,91,80,72,11,254,0,3,59,0,62,91,83,131,11,316,51,10,61,377
02/27/2005,BHM,AL,ASO,ES,Combined TRACON& Tower with Radar,92,69,64,7,232,0,0,2,0,2,92,69,66,7,234,0,0,0,234
02/28/2005,BHM,AL,ASO,ES,Combined TRACON& Tower with Radar,109,110,141,8,368,0,0,9,0,9,109,110,150,8,377,0,0,0,377
03/01/2005,BHM,AL,ASO,ES,Combined TRACON& Tower with Radar,108,130,153,5,396,0,0,40,0,40,108,130,193,5,436,14,4,18,454
03/02/2005,BHM,AL,ASO,ES,Combined TRACON& Tower with Radar,118,133,159,12,422,0,1,27,4,32,118,134,186,16,454,30,2,32,486
03/03/2005,BHM,AL,ASO,ES,Combined TRACON& Tower with Radar,113,139,189,13,454,0,0,39,6,45,113,139,228,19,499,38,0,38,537
03/04/2005,BHM,AL,ASO,ES,Combined TRACON& Tower with Radar,128,135,149,25,437,0,1,59,2,62,128,136,208,27,499,24,8,32,531
03/05/2005,BHM,AL,ASO,ES,Combined TRACON& Tower with Radar,90,66,50,9,215,0,2,50,1,53,90,68,100,10,268,26,6,32,300
03/06/2005,BHM,AL,ASO,ES,Combined TRACON& Tower with Radar,99,77,89,10,275,0,3,63,0,66,99,80,152,10,341,52,0,52,393
03/07/2005,BHM,AL,ASO,ES,Combined TRACON& Tower with Radar,107,111,124,15,357,0,0,14,1,15,107,111,138,16,372,0,8,8,380
03/08/2005,BHM,AL,ASO,ES,Combined TRACON& Tower with Radar,111,139,178,20,448,0,2,25,7,34,111,141,203,27,482,16,18,34,516
03/09/2005,BHM,AL,ASO,ES,Combined TRACON& Tower with Radar,113,134,193,7,447,0,0,21,1,22,113,134,214,8,469,0,2,2,471
03/10/2005,BHM,AL,ASO,ES,Combined TRACON& Tower with Radar,113,130,164,8,415,0,0,36,0,36,113,130,200,8,451,10,4,14,465
03/11/2005,BHM,AL,ASO,ES,Combined TRACON& Tower with Radar,120,130,144,8,402,0,3,33,3,39,120,133,177,11,441,20,0,20,461
03/12/2005,BHM,AL,ASO,ES,Combined TRACON& Tower with Radar,91,80,71,14,256,0,0,68,0,68,91,80,139,14,324,2,10,12,336
03/13/2005,BHM,AL,ASO,ES,Combined TRACON& Tower with Radar,93,75,71,10,249,0,0,49,0,49,93,75,120,10,298,6,2,8,306
03/14/2005,BHM,AL,ASO,ES,Combined TRACON& Tower with Radar,108,106,117,15,346,0,0,27,0,27,108,106,144,15,373,8,0,8,381
03/15/2005,BHM,AL,ASO,ES,Combined TRACON& Tower with Radar,118,136,164,11,429,0,0,55,5,60,118,136,219,16,489,2,8,10,499
03/16/2005,BHM,AL,ASO,ES,Combined TRACON& Tower with Radar,118,126,167,11,422,0,0,2,0,2,118,126,169,11,424,0,0,0,424
03/17/2005,BHM,AL,ASO,ES,Combined TRACON& Tower with Radar,114,126,184,13,437,0,0,9,2,11,114,126,193,15,448,0,0,0,448
03/18/2005,BHM,AL,ASO,ES,Combined TRACON& Tower with Radar,115,142,205,22,484,0,0,59,2,61,115,142,264,24,545,12,26,38,583
03/19/2005,BHM,AL,ASO,ES,Combined TRACON& Tower with Radar,94,81,94,3,272,0,0,30,3,33,94,81,124,6,305,12,6,18,323
03/20/2005,BHM,AL,ASO,ES,Combined TRACON& Tower with Radar,97,62,94,8,261,0,0,57,0,57,97,62,151,8,318,8,0,8,326
03/21/2005,BHM,AL,ASO,ES,Combined TRACON& Tower with Radar,105,104,101,6,316,0,1,28,2,31,105,105,129,8,347,8,0,8,355
03/22/2005,BHM,AL,ASO,ES,Combined TRACON& Tower with Radar,110,136,94,2,342,0,0,8,2,10,110,136,102,4,352,26,0,26,378
03/23/2005,BHM,AL,ASO,ES,Combined TRACON& Tower with Radar,117,141,176,20,454,0,3,45,3,51,117,144,221,23,505,0,0,0,505
03/24/2005,BHM,AL,ASO,ES,Combined TRACON& Tower with Radar,112,133,162,10,417,0,5,66,6,77,112,138,228,16,494,6,8,14,508
03/25/2005,BHM,AL,ASO,ES,Combined TRACON& Tower with Radar,119,118,117,7,361,0,0,59,7,66,119,118,176,14,427,22,6,28,455
03/26/2005,BHM,AL,ASO,ES,Combined TRACON& Tower with Radar,97,86,55,2,240,0,0,47,0,47,97,86,102,2,287,12,0,12,299
03/27/2005,BHM,AL,ASO,ES,Combined TRACON& Tower with Radar,96,75,28,1,200,0,0,1,0,1,96,75,29,1,201,0,0,0,201
03/28/2005,BHM,AL,ASO,ES,Combined TRACON& Tower with Radar,106,122,129,2,359,0,0,27,2,29,106,122,156,4,388,10,0,10,398
03/29/2005,BHM,AL,ASO,ES,Combined TRACON& Tower with Radar,117,126,212,10,465,0,0,75,3,78,117,126,287,13,543,6,8,14,557
03/30/2005,BHM,AL,ASO,ES,Combined TRACON& Tower with Radar,113,121,190,12,436,0,1,59,0,60,113,122,249,12,496,0,6,6,502
03/31/2005,BHM,AL,ASO,ES,Combined TRACON& Tower with Radar,108,119,109,8,344,0,2,17,0,19,108,121,126,8,363,18,6,24,387
04/01/2005,BHM,AL,ASO,ES,Combined TRACON& Tower with Radar,111,124,130,10,375,0,0,7,2,9,111,124,137,12,384,6,10,16,400
04/02/2005,BHM,AL,ASO,ES,Combined TRACON& Tower with Radar,89,76,74,6,245,0,3,23,1,27,89,79,97,7,272,0,0,0,272
04/03/2005,BHM,AL,ASO,ES,Combined TRACON& Tower with Radar,93,73,82,5,253,0,0,70,1,71,93,73,152,6,324,12,0,12,336
04/04/2005,BHM,AL,ASO,ES,Combined TRACON& Tower with Radar,109,108,151,10,378,0,0,73,0,73,109,108,224,10,451,26,0,26,477
04/05/2005,BHM,AL,ASO,ES,Combined TRACON& Tower with Radar,114,132,201,19,466,0,1,62,0,63,114,133,263,19,529,22,14,36,565
04/06/2005,BHM,AL,ASO,ES,Combined TRACON& Tower with Radar,118,124,127,2,371,0,0,12,0,12,118,124,139,2,383,12,0,12,395
04/07/2005,BHM,AL,ASO,ES,Combined TRACON& Tower with Radar,122,136,175,14,447,0,0,4,0,4,122,136,179,14,451,8,6,14,465
04/08/2005,BHM,AL,ASO,ES,Combined TRACON& Tower with Radar,118,130,214,18,480,0,2,5,3,10,118,132,219,21,490,0,0,0,490
04/09/2005,BHM,AL,ASO,ES,Combined TRACON& Tower with Radar,84,81,82,21,268,0,1,62,2,65,84,82,144,23,333,34,4,38,371
04/10/2005,BHM,AL,ASO,ES,Combined TRACON& Tower with Radar,95,69,108,15,287,0,0,56,3,59,95,69,164,18,346,26,16,42,388
04/11/2005,BHM,AL,ASO,ES,Combined TRACON& Tower with Radar,105,102,143,6,356,0,0,34,0,34,105,102,177,6,390,2,4,6,396
04/12/2005,BHM,AL,ASO,ES,Combined TRACON& Tower with Radar,112,125,147,23,407,0,0,11,0,11,112,125,158,23,418,6,20,26,444
04/13/2005,BHM,AL,ASO,ES,Combined TRACON& Tower with Radar,118,136,190,27,471,0,3,27,2,32,118,139,217,29,503,28,22,50,553
04/14/2005,BHM,AL,ASO,ES,Combined TRACON& Tower with Radar,115,118,186,40,459,0,1,34,6,41,115,119,220,46,500,2,0,2,502
04/15/2005,BHM,AL,ASO,ES,Combined TRACON& Tower with Radar,117,118,167,27,429,0,1,84,4,89,117,119,251,31,518,24,40,64,582
04/16/2005,BHM,AL,ASO,ES,Combined TRACON& Tower with Radar,93,77,56,16,242,0,2,63,0,65,93,79,119,16,307,14,12,26,333
04/17/2005,BHM,AL,ASO,ES,Combined TRACON& Tower with Radar,98,66,80,18,262,0,1,59,0,60,98,67,139,18,322,8,16,24,346
04/18/2005,BHM,AL,ASO,ES,Combined TRACON& Tower with Radar,110,115,144,1,370,0,0,44,4,48,110,115,188,5,418,0,0,0,418
04/19/2005,BHM,AL,ASO,ES,Combined TRACON& Tower with Radar,115,132,146,18,411,0,2,66,0,68,115,134,212,18,479,26,24,50,529
04/20/2005,BHM,AL,ASO,ES,Combined TRACON& Tower with Radar,115,143,179,26,463,0,2,63,3,68,115,145,242,29,531,10,36,46,577
04/21/2005,BHM,AL,ASO,ES,Combined TRACON& Tower with Radar,112,135,200,2,449,0,0,36,1,37,112,135,236,3,486,5,6,11,497
04/22/2005,BHM,AL,ASO,ES,Combined TRACON& Tower with Radar,119,117,138,9,383,0,2,16,5,23,119,119,154,14,406,0,8,8,414
04/23/2005,BHM,AL,ASO,ES,Combined TRACON& Tower with Radar,92,72,54,10,228,0,2,35,0,37,92,74,89,10,265,10,12,22,287
04/24/2005,BHM,AL,ASO,ES,Combined TRACON& Tower with Radar,95,71,87,8,261,0,0,59,0,59,95,71,146,8,320,12,0,12,332
04/25/2005,BHM,AL,ASO,ES,Combined TRACON& Tower with Radar,113,113,133,9,368,0,1,56,0,57,113,114,189,9,425,0,0,0,425
04/26/2005,BHM,AL,ASO,ES,Combined TRACON& Tower with Radar,115,133,114,6,368,0,0,9,0,9,115,133,123,6,377,0,0,0,377
04/27/2005,BHM,AL,ASO,ES,Combined TRACON& Tower with Radar,117,132,178,9,436,0,1,80,3,84,117,133,258,12,520,2,0,2,522
04/28/2005,BHM,AL,ASO,ES,Combined TRACON& Tower with Radar,123,129,224,6,482,0,0,60,0,60,123,129,284,6,542,24,4,28,570
04/29/2005,BHM,AL,ASO,ES,Combined TRACON& Tower with Radar,127,128,179,14,448,0,2,22,0,24,127,130,201,14,472,0,0,0,472
04/30/2005,BHM,AL,ASO,ES,Combined TRACON& Tower with Radar,89,71,74,10,244,0,0,2,0,2,89,71,76,10,246,0,0,0,246
05/01/2005,BHM,AL,ASO,ES,Combined TRACON& Tower with Radar,100,68,102,13,283,0,1,98,3,102,100,69,200,16,385,47,0,47,432
05/02/2005,BHM,AL,ASO,ES,Combined TRACON& Tower with Radar,119,100,146,6,371,0,0,57,0,57,119,100,203,6,428,6,0,6,434
05/03/2005,BHM,AL,ASO,ES,Combined TRACON& Tower with Radar,112,135,142,13,402,0,1,48,1,50,112,136,190,14,452,0,0,0,452
05/04/2005,BHM,AL,ASO,ES,Combined TRACON& Tower with Radar,114,135,172,8,429,0,0,58,2,60,114,135,230,10,489,26,0,26,515
05/05/2005,BHM,AL,ASO,ES,Combined TRACON& Tower with Radar,115,127,172,11,425,0,0,33,2,35,115,127,205,13,460,4,2,6,466
05/06/2005,BHM,AL,ASO,ES,Combined TRACON& Tower with Radar,118,116,157,18,409,0,3,49,1,53,118,119,206,19,462,14,9,23,485
05/07/2005,BHM,AL,ASO,ES,Combined TRACON& Tower with Radar,97,70,77,2,246,0,0,184,0,184,97,70,261,2,430,12,0,12,442
05/08/2005,BHM,AL,ASO,ES,Combined TRACON& Tower with Radar,95,69,103,1,268,0,0,43,0,43,95,69,146,1,311,60,0,60,371
05/09/2005,BHM,AL,ASO,ES,Combined TRACON& Tower with Radar,116,98,154,23,391,0,4,28,1,33,116,102,182,24,424,0,10,10,434
05/10/2005,BHM,AL,ASO,ES,Combined TRACON& Tower with Radar,115,117,186,17,435,0,0,45,2,47,115,117,231,19,482,16,14,30,512
05/11/2005,BHM,AL,ASO,ES,Combined TRACON& Tower with Radar,112,114,176,14,416,0,1,72,2,75,112,115,248,16,491,0,2,2,493
05/12/2005,BHM,AL,ASO,ES,Combined TRACON& Tower with Radar,117,137,203,14,471,0,0,38,7,45,117,137,241,21,516,18,8,26,542
05/13/2005,BHM,AL,ASO,ES,Combined TRACON& Tower with Radar,115,111,152,14,392,0,0,53,4,57,115,111,205,18,449,18,2,20,469
05/14/2005,BHM,AL,ASO,ES,Combined TRACON& Tower with Radar,99,72,62,1,234,0,2,38,8,48,99,74,100,9,282,12,0,12,294
05/15/2005,BHM,AL,ASO,ES,Combined TRACON& Tower with Radar,97,77,93,9,276,0,2,33,1,36,97,79,126,10,312,40,0,40,352
05/16/2005,BHM,AL,ASO,ES,Combined TRACON& Tower with Radar,113,104,145,2,364,0,4,39,0,43,113,108,184,2,407,17,0,17,424
05/17/2005,BHM,AL,ASO,ES,Combined TRACON& Tower with Radar,118,130,172,13,433,0,0,53,1,54,118,130,225,14,487,0,16,16,503
05/18/2005,BHM,AL,ASO,ES,Combined TRACON& Tower with Radar,131,129,192,5,457,0,0,74,1,75,131,129,266,6,532,12,4,16,548
05/19/2005,BHM,AL,ASO,ES,Combined TRACON& Tower with Radar,112,127,190,9,438,0,0,49,6,55,112,127,239,15,493,4,4,8,501
05/20/2005,BHM,AL,ASO,ES,Combined TRACON& Tower with Radar,134,122,160,8,424,0,2,9,0,11,134,124,169,8,435,12,0,12,447
05/21/2005,BHM,AL,ASO,ES,Combined TRACON& Tower with Radar,98,74,73,0,245,0,0,82,5,87,98,74,155,5,332,2,10,12,344
05/22/2005,BHM,AL,ASO,ES,Combined TRACON& Tower with Radar,100,97,98,2,297,0,0,39,2,41,100,97,137,4,338,2,0,2,340
05/23/2005,BHM,AL,ASO,ES,Combined TRACON& Tower with Radar,112,99,150,22,383,0,1,47,0,48,112,100,197,22,431,0,4,4,435
05/24/2005,BHM,AL,ASO,ES,Combined TRACON& Tower with Radar,119,115,189,19,442,0,1,53,3,57,119,116,242,22,499,2,18,20,519
05/25/2005,BHM,AL,ASO,ES,Combined TRACON& Tower with Radar,116,119,212,36,483,0,2,80,5,87,116,121,292,41,570,0,12,12,582
05/26/2005,BHM,AL,ASO,ES,Combined TRACON& Tower with Radar,118,119,208,17,462,0,1,68,2,71,118,120,276,19,533,0,4,4,537
05/27/2005,BHM,AL,ASO,ES,Combined TRACON& Tower with Radar,119,119,170,4,412,0,0,64,3,67,119,119,234,7,479,22,0,22,501
05/28/2005,BHM,AL,ASO,ES,Combined TRACON& Tower with Radar,92,67,54,0,213,0,0,23,1,24,92,67,77,1,237,0,0,0,237
05/29/2005,BHM,AL,ASO,ES,Combined TRACON& Tower with Radar,86,58,48,0,192,0,2,1,0,3,86,60,49,0,195,0,0,0,195
05/30/2005,BHM,AL,ASO,ES,Combined TRACON& Tower with Radar,99,71,64,7,241,0,0,0,0,0,99,71,64,7,241,0,0,0,241
05/31/2005,BHM,AL,ASO,ES,Combined TRACON& Tower with Radar,113,104,116,10,343,0,0,0,0,0,113,104,116,10,343,0,0,0,343
06/01/2005,BHM,AL,ASO,ES,Combined TRACON& Tower with Radar,112,124,145,3,384,0,0,2,0,2,112,124,147,3,386,6,0,6,392
06/02/2005,BHM,AL,ASO,ES,Combined TRACON& Tower with Radar,112,111,157,8,388,0,4,10,0,14,112,115,167,8,402,4,8,12,414
06/03/2005,BHM,AL,ASO,ES,Combined TRACON& Tower with Radar,114,112,159,22,407,0,2,29,2,33,114,114,188,24,440,4,14,18,458
06/04/2005,BHM,AL,ASO,ES,Combined TRACON& Tower with Radar,97,71,71,11,250,0,2,32,3,37,97,73,103,14,287,2,2,4,291
06/05/2005,BHM,AL,ASO,ES,Combined TRACON& Tower with Radar,102,68,85,3,258,0,3,36,0,39,102,71,121,3,297,14,0,14,311
06/06/2005,BHM,AL,ASO,ES,Combined TRACON& Tower with Radar,105,110,122,2,339,0,2,25,3,30,105,112,147,5,369,0,0,0,369
06/07/2005,BHM,AL,ASO,ES,Combined TRACON& Tower with Radar,110,128,174,14,426,0,2,24,0,26,110,130,198,14,452,6,10,16,468
06/08/2005,BHM,AL,ASO,ES,Combined TRACON& Tower with Radar,112,122,187,14,435,0,4,26,1,31,112,126,213,15,466,20,0,20,486
06/09/2005,BHM,AL,ASO,ES,Combined TRACON& Tower with Radar,110,121,163,13,407,0,0,32,0,32,110,121,195,13,439,18,18,36,475
06/10/2005,BHM,AL,ASO,ES,Combined TRACON& Tower with Radar,108,114,144,14,380,0,0,16,0,16,108,114,160,14,396,0,4,4,400
06/11/2005,BHM,AL,ASO,ES,Combined TRACON& Tower with Radar,91,76,36,16,219,0,0,0,1,1,91,76,36,17,220,0,0,0,220
06/12/2005,BHM,AL,ASO,ES,Combined TRACON& Tower with Radar,101,67,62,3,233,0,0,6,0,6,101,67,68,3,239,16,0,16,255
06/13/2005,BHM,AL,ASO,ES,Combined TRACON& Tower with Radar,112,109,138,8,367,0,0,39,0,39,112,109,177,8,406,0,8,8,414
06/14/2005,BHM,AL,ASO,ES,Combined TRACON& Tower with Radar,115,131,198,15,459,0,3,41,2,46,115,134,239,17,505,0,4,4,509
06/15/2005,BHM,AL,ASO,ES,Combined TRACON& Tower with Radar,111,130,199,21,461,0,0,48,0,48,111,130,247,21,509,30,13,43,552
06/16/2005,BHM,AL,ASO,ES,Combined TRACON& Tower with Radar,112,130,158,8,408,0,3,62,1,66,112,133,220,9,474,6,10,16,490
06/17/2005,BHM,AL,ASO,ES,Combined TRACON& Tower with Radar,111,111,135,41,398,0,0,60,7,67,111,111,195,48,465,14,10,24,489
06/18/2005,BHM,AL,ASO,ES,Combined TRACON& Tower with Radar,92,80,52,3,227,0,0,40,2,42,92,80,92,5,269,6,0,6,275
06/19/2005,BHM,AL,ASO,ES,Combined TRACON& Tower with Radar,96,66,93,4,259,0,2,45,3,50,96,68,138,7,309,14,0,14,323
06/20/2005,BHM,AL,ASO,ES,Combined TRACON& Tower with Radar,107,111,129,2,349,0,0,39,1,40,107,111,168,3,389,14,0,14,403
06/21/2005,BHM,AL,ASO,ES,Combined TRACON& Tower with Radar,112,143,139,7,401,0,1,43,2,46,112,144,182,9,447,20,0,20,467
06/22/2005,BHM,AL,ASO,ES,Combined TRACON& Tower with Radar,113,140,164,19,436,0,7,51,3,61,113,147,215,22,497,32,28,60,557
06/23/2005,BHM,AL,ASO,ES,Combined TRACON& Tower with Radar,112,125,223,6,466,0,5,43,6,54,112,130,266,12,520,50,2,52,572
06/24/2005,BHM,AL,ASO,ES,Combined TRACON& Tower with Radar,113,114,181,14,422,0,0,60,7,67,113,114,241,21,489,28,0,28,517
06/25/2005,BHM,AL,ASO,ES,Combined TRACON& Tower with Radar,90,71,61,3,225,0,1,56,0,57,90,72,117,3,282,16,4,20,302
06/26/2005,BHM,AL,ASO,ES,Combined TRACON& Tower with Radar,94,75,99,8,276,0,0,29,1,30,94,75,128,9,306,14,0,14,320
06/27/2005,BHM,AL,ASO,ES,Combined TRACON& Tower with Radar,107,115,125,13,360,0,0,20,3,23,107,115,145,16,383,0,6,6,389
06/28/2005,BHM,AL,ASO,ES,Combined TRACON& Tower with Radar,107,138,143,10,398,0,1,36,3,40,107,139,179,13,438,24,18,42,480
06/29/2005,BHM,AL,ASO,ES,Combined TRACON& Tower with Radar,113,140,196,16,465,0,2,35,2,39,113,142,231,18,504,14,18,32,536
06/30/2005,BHM,AL,ASO,ES,Combined TRACON& Tower with Radar,119,130,178,5,432,0,0,33,3,36,119,130,211,8,468,2,0,2,470
07/01/2005,BHM,AL,ASO,ES,Combined TRACON& Tower with Radar,128,125,149,5,407,0,0,39,0,39,128,125,188,5,446,10,0,10,456
07/02/2005,BHM,AL,ASO,ES,Combined TRACON& Tower with Radar,86,69,29,0,184,0,0,37,0,37,86,69,66,0,221,0,0,0,221
07/03/2005,BHM,AL,ASO,ES,Combined TRACON& Tower with Radar,88,60,38,3,189,0,0,20,2,22,88,60,58,5,211,20,0,20,231
07/04/2005,BHM,AL,ASO,ES,Combined TRACON& Tower with Radar,98,71,46,2,217,0,0,30,0,30,98,71,76,2,247,0,0,0,247
07/05/2005,BHM,AL,ASO,ES,Combined TRACON& Tower with Radar,106,104,142,19,371,0,0,16,0,16,106,104,158,19,387,12,24,36,423
07/06/2005,BHM,AL,ASO,ES,Combined TRACON& Tower with Radar,114,125,99,1,339,0,0,6,0,6,114,125,105,1,345,25,0,25,370
07/07/2005,BHM,AL,ASO,ES,Combined TRACON& Tower with Radar,110,134,133,18,395,0,3,56,4,63,110,137,189,22,458,37,4,41,499
07/08/2005,BHM,AL,ASO,ES,Combined TRACON& Tower with Radar,108,130,151,13,402,0,1,40,6,47,108,131,191,19,449,20,4,24,473
07/09/2005,BHM,AL,ASO,ES,Combined TRACON& Tower with Radar,92,75,87,5,259,0,0,56,0,56,92,75,143,5,315,6,0,6,321
07/10/2005,BHM,AL,ASO,ES,Combined TRACON& Tower with Radar,75,70,14,1,160,0,0,1,0,1,75,70,15,1,161,0,0,0,161
07/11/2005,BHM,AL,ASO,ES,Combined TRACON& Tower with Radar,80,83,52,0,215,0,0,1,0,1,80,83,53,0,216,0,0,0,216
07/12/2005,BHM,AL,ASO,ES,Combined TRACON& Tower with Radar,111,115,117,9,352,0,0,15,0,15,111,115,132,9,367,0,0,0,367
07/13/2005,BHM,AL,ASO,ES,Combined TRACON& Tower with Radar,114,126,149,15,404,0,0,15,1,16,114,126,164,16,420,10,0,10,430
07/14/2005,BHM,AL,ASO,ES,Combined TRACON& Tower with Radar,111,136,182,19,448,0,1,19,4,24,111,137,201,23,472,0,12,12,484
07/15/2005,BHM,AL,ASO,ES,Combined TRACON& Tower with Radar,123,135,187,27,472,0,0,8,3,11,123,135,195,30,483,12,16,28,511
07/16/2005,BHM,AL,ASO,ES,Combined TRACON& Tower with Radar,89,80,64,23,256,0,0,19,1,20,89,80,83,24,276,8,14,22,298
07/17/2005,BHM,AL,ASO,ES,Combined TRACON& Tower with Radar,97,71,85,9,262,0,2,38,1,41,97,73,123,10,303,10,0,10,313
07/18/2005,BHM,AL,ASO,ES,Combined TRACON& Tower with Radar,108,108,125,17,358,0,3,39,0,42,108,111,164,17,400,2,0,2,402
07/19/2005,BHM,AL,ASO,ES,Combined TRACON& Tower with Radar,128,141,169,15,453,0,12,33,6,51,128,153,202,21,504,36,0,36,540
07/20/2005,BHM,AL,ASO,ES,Combined TRACON& Tower with Radar,114,123,178,27,442,0,1,41,8,50,114,124,219,35,492,0,16,16,508
07/21/2005,BHM,AL,ASO,ES,Combined TRACON& Tower with Radar,106,118,206,16,446,0,1,28,0,29,106,119,234,16,475,0,0,0,475
07/22/2005,BHM,AL,ASO,ES,Combined TRACON& Tower with Radar,112,128,155,13,408,0,1,43,4,48,112,129,198,17,456,26,0,26,482
07/23/2005,BHM,AL,ASO,ES,Combined TRACON& Tower with Radar,89,73,52,10,224,0,0,47,0,47,89,73,99,10,271,8,0,8,279
07/24/2005,BHM,AL,ASO,ES,Combined TRACON& Tower with Radar,93,81,75,2,251,0,0,34,0,34,93,81,109,2,285,20,0,20,305
07/25/2005,BHM,AL,ASO,ES,Combined TRACON& Tower with Radar,104,102,127,4,337,0,0,20,0,20,104,102,147,4,357,13,0,13,370
07/26/2005,BHM,AL,ASO,ES,Combined TRACON& Tower with Radar,111,138,174,15,438,0,0,19,0,19,111,138,193,15,457,0,0,0,457
07/27/2005,BHM,AL,ASO,ES,Combined TRACON& Tower with Radar,104,131,201,18,454,0,3,12,1,16,104,134,213,19,470,8,8,16,486
07/28/2005,BHM,AL,ASO,ES,Combined TRACON& Tower with Radar,106,127,214,8,455,1,2,24,2,29,107,129,238,10,484,0,0,0,484
07/29/2005,BHM,AL,ASO,ES,Combined TRACON& Tower with Radar,114,124,147,10,395,0,0,14,2,16,114,124,161,12,411,4,0,4,415
07/30/2005,BHM,AL,ASO,ES,Combined TRACON& Tower with Radar,95,82,73,13,263,0,0,11,0,11,95,82,84,13,274,6,2,8,282
07/31/2005,BHM,AL,ASO,ES,Combined TRACON& Tower with Radar,99,80,93,18,290,0,0,13,0,13,99,80,106,18,303,0,0,0,303
08/01/2005,BHM,AL,ASO,ES,Combined TRACON& Tower with Radar,109,96,132,11,348,0,2,21,0,23,109,98,153,11,371,8,0,8,379
08/02/2005,BHM,AL,ASO,ES,Combined TRACON& Tower with Radar,108,135,185,7,435,0,0,33,4,37,108,135,218,11,472,2,0,2,474
08/03/2005,BHM,AL,ASO,ES,Combined TRACON& Tower with Radar,115,121,187,8,431,0,0,47,3,50,115,121,234,11,481,2,0,2,483
08/04/2005,BHM,AL,ASO,ES,Combined TRACON& Tower with Radar,110,120,178,14,422,0,6,51,0,57,110,126,229,14,479,2,14,16,495
08/05/2005,BHM,AL,ASO,ES,Combined TRACON& Tower with Radar,105,117,145,18,385,13,5,29,0,47,118,122,174,18,432,18,66,84,516
08/06/2005,BHM,AL,ASO,ES,Combined TRACON& Tower with Radar,92,75,70,8,245,0,0,21,0,21,92,75,91,8,266,10,0,10,276
08/07/2005,BHM,AL,ASO,ES,Combined TRACON& Tower with Radar,88,74,74,0,236,0,1,10,2,13,88,75,84,2,249,0,0,0,249
08/08/2005,BHM,AL,ASO,ES,Combined TRACON& Tower with Radar,106,109,122,6,343,0,0,24,0,24,106,109,146,6,367,0,0,0,367
08/09/2005,BHM,AL,ASO,ES,Combined TRACON& Tower with Radar,110,135,155,10,410,0,0,25,0,25,110,135,180,10,435,14,0,14,449
08/10/2005,BHM,AL,ASO,ES,Combined TRACON& Tower with Radar,116,137,184,2,439,0,0,23,0,23,116,137,207,2,462,0,0,0,462
08/11/2005,BHM,AL,ASO,ES,Combined TRACON& Tower with Radar,112,150,172,8,442,0,0,22,2,24,112,150,194,10,466,8,4,12,478
08/12/2005,BHM,AL,ASO,ES,Combined TRACON& Tower with Radar,111,127,147,4,389,0,0,14,1,15,111,127,161,5,404,24,0,24,428
08/13/2005,BHM,AL,ASO,ES,Combined TRACON& Tower with Radar,90,76,62,6,234,0,1,31,0,32,90,77,93,6,266,20,16,36,302
08/14/2005,BHM,AL,ASO,ES,Combined TRACON& Tower with Radar,112,80,69,4,265,0,1,44,0,45,112,81,113,4,310,24,0,24,334
08/15/2005,BHM,AL,ASO,ES,Combined TRACON& Tower with Radar,107,123,147,9,386,0,2,51,12,65,107,125,198,21,451,4,10,14,465
08/16/2005,BHM,AL,ASO,ES,Combined TRACON& Tower with Radar,117,131,167,8,423,0,0,32,5,37,117,131,199,13,460,44,2,46,506
08/17/2005,BHM,AL,ASO,ES,Combined TRACON& Tower with Radar,117,141,182,10,450,0,0,40,8,48,117,141,222,18,498,46,6,52,550
08/18/2005,BHM,AL,ASO,ES,Combined TRACON& Tower with Radar,160,135,173,2,470,0,0,33,1,34,160,135,206,3,504,0,0,0,504
08/19/2005,BHM,AL,ASO,ES,Combined TRACON& Tower with Radar,107,116,143,29,395,0,0,47,1,48,107,116,190,30,443,6,18,24,467
08/20/2005,BHM,AL,ASO,ES,Combined TRACON& Tower with Radar,88,81,56,1,226,0,0,34,0,34,88,81,90,1,260,20,0,20,280
08/21/2005,BHM,AL,ASO,ES,Combined TRACON& Tower with Radar,97,76,70,7,250,0,1,21,7,29,97,77,91,14,279,0,0,0,279
08/22/2005,BHM,AL,ASO,ES,Combined TRACON& Tower with Radar,109,100,141,2,352,0,1,18,1,20,109,101,159,3,372,0,14,14,386
08/23/2005,BHM,AL,ASO,ES,Combined TRACON& Tower with Radar,122,137,177,11,447,0,0,16,5,21,122,137,193,16,468,30,0,30,498
08/24/2005,BHM,AL,ASO,ES,Combined TRACON& Tower with Radar,108,138,168,5,419,0,0,26,2,28,108,138,194,7,447,6,0,6,453
08/25/2005,BHM,AL,ASO,ES,Combined TRACON& Tower with Radar,111,149,190,9,459,1,0,29,3,33,112,149,219,12,492,6,10,16,508
08/26/2005,BHM,AL,ASO,ES,Combined TRACON& Tower with Radar,110,114,155,25,404,0,0,55,5,60,110,114,210,30,464,2,15,17,481
08/27/2005,BHM,AL,ASO,ES,Combined TRACON& Tower with Radar,88,91,62,10,251,0,1,65,2,68,88,92,127,12,319,48,0,48,367
08/28/2005,BHM,AL,ASO,ES,Combined TRACON& Tower with Radar,92,82,68,29,271,0,0,36,7,43,92,82,104,36,314,6,12,18,332
08/29/2005,BHM,AL,ASO,ES,Combined TRACON& Tower with Radar,71,50,34,2,157,0,0,0,0,0,71,50,34,2,157,0,0,0,157
08/30/2005,BHM,AL,ASO,ES,Combined TRACON& Tower with Radar,96,111,59,2,268,0,0,8,1,9,96,111,67,3,277,0,0,0,277
08/31/2005,BHM,AL,ASO,ES,Combined TRACON& Tower with Radar,104,134,119,12,369,0,0,44,8,52,104,134,163,20,421,5,0,5,426
09/01/2005,BHM,AL,ASO,ES,Combined TRACON& Tower with Radar,106,138,198,15,457,0,2,57,1,60,106,140,255,16,517,4,0,4,521
09/02/2005,BHM,AL,ASO,ES,Combined TRACON& Tower with Radar,112,137,136,14,399,0,2,63,0,65,112,139,199,14,464,2,0,2,466
09/03/2005,BHM,AL,ASO,ES,Combined TRACON& Tower with Radar,63,81,72,7,223,0,2,44,0,46,63,83,116,7,269,8,0,8,277
09/04/2005,BHM,AL,ASO,ES,Combined TRACON& Tower with Radar,58,64,56,6,184,0,6,40,1,47,58,70,96,7,231,20,0,20,251
09/05/2005,BHM,AL,ASO,ES,Combined TRACON& Tower with Radar,87,78,103,3,271,0,3,51,0,54,87,81,154,3,325,2,0,2,327
09/06/2005,BHM,AL,ASO,ES,Combined TRACON& Tower with Radar,100,125,133,4,362,0,0,47,5,52,100,125,180,9,414,20,0,20,434
09/07/2005,BHM,AL,ASO,ES,Combined TRACON& Tower with Radar,102,135,145,12,394,0,0,43,0,43,102,135,188,12,437,8,6,14,451
09/08/2005,BHM,AL,ASO,ES,Combined TRACON& Tower with Radar,103,140,177,34,454,0,0,58,1,59,103,140,235,35,513,12,12,24,537
09/09/2005,BHM,AL,ASO,ES,Combined TRACON& Tower with Radar,107,128,157,24,416,0,1,56,2,59,107,129,213,26,475,18,4,22,497
09/10/2005,BHM,AL,ASO,ES,Combined TRACON& Tower with Radar,67,77,60,10,214,0,0,44,0,44,67,77,104,10,258,8,44,52,310
09/11/2005,BHM,AL,ASO,ES,Combined TRACON& Tower with Radar,89,68,106,9,272,1,0,30,2,33,90,68,136,11,305,6,14,20,325
09/12/2005,BHM,AL,ASO,ES,Combined TRACON& Tower with Radar,93,106,158,6,363,0,0,39,2,41,93,106,197,8,404,2,6,8,412
09/13/2005,BHM,AL,ASO,ES,Combined TRACON& Tower with Radar,100,127,175,18,420,0,0,23,0,23,100,127,198,18,443,0,0,0,443
09/14/2005,BHM,AL,ASO,ES,Combined TRACON& Tower with Radar,100,127,164,8,399,0,0,46,2,48,100,127,210,10,447,18,0,18,465
09/15/2005,BHM,AL,ASO,ES,Combined TRACON& Tower with Radar,102,138,211,16,467,0,0,50,4,54,102,138,261,20,521,12,10,22,543
09/16/2005,BHM,AL,ASO,ES,Combined TRACON& Tower with Radar,104,130,153,22,409,0,0,9,1,10,104,130,162,23,419,33,8,41,460
09/17/2005,BHM,AL,ASO,ES,Combined TRACON& Tower with Radar,69,79,84,5,237,0,0,26,1,27,69,79,110,6,264,10,0,10,274
09/18/2005,BHM,AL,ASO,ES,Combined TRACON& Tower with Radar,92,71,90,8,261,0,0,48,3,51,92,71,138,11,312,0,0,0,312
09/19/2005,BHM,AL,ASO,ES,Combined TRACON& Tower with Radar,99,105,136,7,347,0,1,39,0,40,99,106,175,7,387,34,0,34,421
09/20/2005,BHM,AL,ASO,ES,Combined TRACON& Tower with Radar,106,132,161,14,413,0,0,47,1,48,106,132,208,15,461,32,4,36,497
09/21/2005,BHM,AL,ASO,ES,Combined TRACON& Tower with Radar,101,141,184,3,429,0,0,54,3,57,101,141,238,6,486,0,0,0,486
09/22/2005,BHM,AL,ASO,ES,Combined TRACON& Tower with Radar,102,142,178,15,437,0,3,30,0,33,102,145,208,15,470,0,0,0,470
09/23/2005,BHM,AL,ASO,ES,Combined TRACON& Tower with Radar,109,130,140,20,399,0,2,32,0,34,109,132,172,20,433,18,12,30,463
09/24/2005,BHM,AL,ASO,ES,Combined TRACON& Tower with Radar,66,70,38,4,178,0,0,18,0,18,66,70,56,4,196,0,0,0,196
09/25/2005,BHM,AL,ASO,ES,Combined TRACON& Tower with Radar,94,61,63,8,226,0,1,8,0,9,94,62,71,8,235,0,0,0,235
09/26/2005,BHM,AL,ASO,ES,Combined TRACON& Tower with Radar,100,111,148,19,378,0,0,13,0,13,100,111,161,19,391,22,4,26,417
09/27/2005,BHM,AL,ASO,ES,Combined TRACON& Tower with Radar,108,134,156,9,407,0,0,33,2,35,108,134,189,11,442,0,4,4,446
09/28/2005,BHM,AL,ASO,ES,Combined TRACON& Tower with Radar,101,137,166,6,410,0,1,43,2,46,101,138,209,8,456,2,0,2,458
09/29/2005,BHM,AL,ASO,ES,Combined TRACON& Tower with Radar,108,157,218,7,490,0,1,25,1,27,108,158,243,8,517,4,0,4,521
09/30/2005,BHM,AL,ASO,ES,Combined TRACON& Tower with Radar,117,106,175,7,405,0,0,57,2,59,117,106,232,9,464,12,0,12,476
10/01/2005,BHM,AL,ASO,ES,Combined TRACON& Tower with Radar,63,83,82,4,232,0,1,33,4,38,63,84,115,8,270,10,0,10,280
10/02/2005,BHM,AL,ASO,ES,Combined TRACON& Tower with Radar,89,83,113,2,287,0,2,38,1,41,89,85,151,3,328,4,0,4,332
10/03/2005,BHM,AL,ASO,ES,Combined TRACON& Tower with Radar,99,122,130,13,364,0,2,36,0,38,99,124,166,13,402,30,0,30,432
10/04/2005,BHM,AL,ASO,ES,Combined TRACON& Tower with Radar,69,141,150,19,379,27,3,40,1,71,96,144,190,20,450,8,6,14,464
10/05/2005,BHM,AL,ASO,ES,Combined TRACON& Tower with Radar,92,127,158,50,427,0,0,20,2,22,92,127,178,52,449,12,46,58,507
10/06/2005,BHM,AL,ASO,ES,Combined TRACON& Tower with Radar,98,130,185,13,426,0,0,8,1,9,98,130,193,14,435,8,10,18,453
10/07/2005,BHM,AL,ASO,ES,Combined TRACON& Tower with Radar,104,131,160,33,428,0,0,4,0,4,104,131,164,33,432,0,0,0,432
10/08/2005,BHM,AL,ASO,ES,Combined TRACON& Tower with Radar,63,80,74,2,219,0,1,18,0,19,63,81,92,2,238,74,0,74,312
10/09/2005,BHM,AL,ASO,ES,Combined TRACON& Tower with Radar,80,79,119,0,278,0,0,12,0,12,80,79,131,0,290,0,0,0,290
10/10/2005,BHM,AL,ASO,ES,Combined TRACON& Tower with Radar,69,87,134,13,303,27,0,12,0,39,96,87,146,13,342,0,0,0,342
10/11/2005,BHM,AL,ASO,ES,Combined TRACON& Tower with Radar,101,113,153,12,379,0,0,17,1,18,101,113,170,13,397,6,0,6,403
10/12/2005,BHM,AL,ASO,ES,Combined TRACON& Tower with Radar,97,142,203,8,450,0,0,44,1,45,97,142,247,9,495,8,0,8,503
10/13/2005,BHM,AL,ASO,ES,Combined TRACON& Tower with Radar,98,155,207,26,486,0,0,42,2,44,98,155,249,28,530,22,4,26,556
10/14/2005,BHM,AL,ASO,ES,Combined TRACON& Tower with Radar,101,133,199,11,444,0,0,50,3,53,101,133,249,14,497,8,0,8,505
10/15/2005,BHM,AL,ASO,ES,Combined TRACON& Tower with Radar,63,71,96,12,242,0,3,54,0,57,63,74,150,12,299,16,10,26,325
10/16/2005,BHM,AL,ASO,ES,Combined TRACON& Tower with Radar,88,69,98,25,280,0,1,52,0,53,88,70,150,25,333,0,0,0,333
10/17/2005,BHM,AL,ASO,ES,Combined TRACON& Tower with Radar,91,116,156,42,405,0,0,59,1,60,91,116,215,43,465,6,34,40,505
10/18/2005,BHM,AL,ASO,ES,Combined TRACON& Tower with Radar,98,150,153,16,417,0,2,47,3,52,98,152,200,19,469,6,2,8,477
10/19/2005,BHM,AL,ASO,ES,Combined TRACON& Tower with Radar,94,139,201,22,456,0,0,46,7,53,94,139,247,29,509,8,0,8,517
10/20/2005,BHM,AL,ASO,ES,Combined TRACON& Tower with Radar,97,155,201,18,471,0,0,48,3,51,97,155,249,21,522,1,4,5,527
10/21/2005,BHM,AL,ASO,ES,Combined TRACON& Tower with Radar,100,142,166,17,425,0,0,29,1,30,100,142,195,18,455,46,2,48,503
10/22/2005,BHM,AL,ASO,ES,Combined TRACON& Tower with Radar,60,82,83,0,225,0,0,24,1,25,60,82,107,1,250,18,0,18,268
10/23/2005,BHM,AL,ASO,ES,Combined TRACON& Tower with Radar,88,94,96,4,282,0,0,51,3,54,88,94,147,7,336,6,0,6,342
10/24/2005,BHM,AL,ASO,ES,Combined TRACON& Tower with Radar,95,110,129,9,343,0,0,17,3,20,95,110,146,12,363,22,6,28,391
10/25/2005,BHM,AL,ASO,ES,Combined TRACON& Tower with Radar,93,149,190,19,451,0,1,31,0,32,93,150,221,19,483,24,0,24,507
10/26/2005,BHM,AL,ASO,ES,Combined TRACON& Tower with Radar,105,142,185,9,441,0,1,56,9,66,105,143,241,18,507,14,0,14,521
10/27/2005,BHM,AL,ASO,ES,Combined TRACON& Tower with Radar,96,165,191,16,468,0,1,46,2,49,96,166,237,18,517,26,4,30,547
10/28/2005,BHM,AL,ASO,ES,Combined TRACON& Tower with Radar,104,156,180,21,461,0,1,58,4,63,104,157,238,25,524,22,2,24,548
10/29/2005,BHM,AL,ASO,ES,Combined TRACON& Tower with Radar,61,85,94,3,243,0,0,73,1,74,61,85,167,4,317,10,0,10,327
10/30/2005,BHM,AL,ASO,ES,Combined TRACON& Tower with Radar,86,77,103,18,284,0,0,49,0,49,86,77,152,18,333,4,8,12,345
10/31/2005,BHM,AL,ASO,ES,Combined TRACON& Tower with Radar,91,111,109,10,321,0,0,25,0,25,91,111,134,10,346,0,0,0,346
11/01/2005,BHM,AL,ASO,ES,Combined TRACON& Tower with Radar,91,128,158,22,399,0,1,16,0,17,91,129,174,22,416,14,4,18,434
11/02/2005,BHM,AL,ASO,ES,Combined TRACON& Tower with Radar,95,131,166,13,405,0,0,53,1,54,95,131,219,14,459,14,0,14,473
11/03/2005,BHM,AL,ASO,ES,Combined TRACON& Tower with Radar,98,130,178,16,422,0,2,59,6,67,98,132,237,22,489,26,4,30,519
11/04/2005,BHM,AL,ASO,ES,Combined TRACON& Tower with Radar,97,149,168,17,431,0,2,32,3,37,97,151,200,20,468,8,14,22,490
11/05/2005,BHM,AL,ASO,ES,Combined TRACON& Tower with Radar,58,78,88,0,224,0,5,30,0,35,58,83,118,0,259,14,4,18,277
11/06/2005,BHM,AL,ASO,ES,Combined TRACON& Tower with Radar,81,71,118,7,277,0,2,31,0,33,81,73,149,7,310,0,0,0,310
11/07/2005,BHM,AL,ASO,ES,Combined TRACON& Tower with Radar,92,107,170,9,378,0,0,37,1,38,92,107,207,10,416,0,8,8,424
11/08/2005,BHM,AL,ASO,ES,Combined TRACON& Tower with Radar,95,139,188,21,443,0,0,55,1,56,95,139,243,22,499,18,8,26,525
11/09/2005,BHM,AL,ASO,ES,Combined TRACON& Tower with Radar,95,154,172,7,428,5,0,40,2,47,100,154,212,9,475,13,2,15,490
11/10/2005,BHM,AL,ASO,ES,Combined TRACON& Tower with Radar,95,139,194,17,445,0,1,33,8,42,95,140,227,25,487,26,8,34,521
11/11/2005,BHM,AL,ASO,ES,Combined TRACON& Tower with Radar,100,119,136,4,359,0,2,60,1,63,100,121,196,5,422,24,0,24,446
11/12/2005,BHM,AL,ASO,ES,Combined TRACON& Tower with Radar,75,76,62,0,213,0,2,45,0,47,75,78,107,0,260,22,0,22,282
11/13/2005,BHM,AL,ASO,ES,Combined TRACON& Tower with Radar,79,79,106,3,267,0,0,16,3,19,79,79,122,6,286,0,0,0,286
11/14/2005,BHM,AL,ASO,ES,Combined TRACON& Tower with Radar,90,114,164,1,369,0,0,17,0,17,90,114,181,1,386,0,0,0,386
11/15/2005,BHM,AL,ASO,ES,Combined TRACON& Tower with Radar,109,119,153,19,400,0,0,3,0,3,109,119,156,19,403,6,0,6,409
11/16/2005,BHM,AL,ASO,ES,Combined TRACON& Tower with Radar,93,135,187,13,428,0,0,15,1,16,93,135,202,14,444,8,6,14,458
11/17/2005,BHM,AL,ASO,ES,Combined TRACON& Tower with Radar,98,144,186,27,455,0,1,52,4,57,98,145,238,31,512,26,10,36,548
11/18/2005,BHM,AL,ASO,ES,Combined TRACON& Tower with Radar,105,153,169,30,457,0,1,80,0,81,105,154,249,30,538,0,8,8,546
11/19/2005,BHM,AL,ASO,ES,Combined TRACON& Tower with Radar,69,72,86,4,231,0,2,67,0,69,69,74,153,4,300,18,0,18,318
11/20/2005,BHM,AL,ASO,ES,Combined TRACON& Tower with Radar,85,73,96,16,270,0,0,54,0,54,85,73,150,16,324,0,10,10,334
11/21/2005,BHM,AL,ASO,ES,Combined TRACON& Tower with Radar,88,124,129,1,342,0,0,2,0,2,88,124,131,1,344,0,0,0,344
11/22/2005,BHM,AL,ASO,ES,Combined TRACON& Tower with Radar,99,130,195,18,442,0,1,32,1,34,99,131,227,19,476,6,0,6,482
11/23/2005,BHM,AL,ASO,ES,Combined TRACON& Tower with Radar,99,140,133,11,383,0,2,63,1,66,99,142,196,12,449,8,0,8,457
11/24/2005,BHM,AL,ASO,ES,Combined TRACON& Tower with Radar,61,73,20,0,154,0,0,26,1,27,61,73,46,1,181,26,4,30,211
11/25/2005,BHM,AL,ASO,ES,Combined TRACON& Tower with Radar,85,96,65,0,246,0,1,69,0,70,85,97,134,0,316,2,0,2,318
11/26/2005,BHM,AL,ASO,ES,Combined TRACON& Tower with Radar,71,75,74,0,220,0,0,36,0,36,71,75,110,0,256,4,0,4,260
11/27/2005,BHM,AL,ASO,ES,Combined TRACON& Tower with Radar,83,84,124,2,293,0,0,6,0,6,83,84,130,2,299,0,0,0,299
11/28/2005,BHM,AL,ASO,ES,Combined TRACON& Tower with Radar,96,106,91,2,295,0,0,1,0,1,96,106,92,2,296,0,0,0,296
11/29/2005,BHM,AL,ASO,ES,Combined TRACON& Tower with Radar,94,146,167,26,433,0,0,34,6,40,94,146,201,32,473,6,6,12,485
11/30/2005,BHM,AL,ASO,ES,Combined TRACON& Tower with Radar,95,130,167,18,410,0,0,64,2,66,95,130,231,20,476,4,12,16,492
12/01/2005,BHM,AL,ASO,ES,Combined TRACON& Tower with Radar,90,150,193,26,459,0,4,50,4,58,90,154,243,30,517,6,6,12,529
12/02/2005,BHM,AL,ASO,ES,Combined TRACON& Tower with Radar,93,140,158,31,422,0,0,55,2,57,93,140,213,33,479,0,0,0,479
12/03/2005,BHM,AL,ASO,ES,Combined TRACON& Tower with Radar,66,70,61,17,214,0,0,16,2,18,66,70,77,19,232,0,0,0,232
12/04/2005,BHM,AL,ASO,ES,Combined TRACON& Tower with Radar,75,74,93,8,250,0,0,1,0,1,75,74,94,8,251,0,0,0,251
12/05/2005,BHM,AL,ASO,ES,Combined TRACON& Tower with Radar,82,110,117,12,321,0,0,9,0,9,82,110,126,12,330,0,0,0,330
12/06/2005,BHM,AL,ASO,ES,Combined TRACON& Tower with Radar,88,145,177,19,429,0,0,63,0,63,88,145,240,19,492,0,0,0,492
12/07/2005,BHM,AL,ASO,ES,Combined TRACON& Tower with Radar,93,138,160,24,415,0,0,57,1,58,93,138,217,25,473,4,0,4,477
12/08/2005,BHM,AL,ASO,ES,Combined TRACON& Tower with Radar,91,135,169,3,398,0,0,1,0,1,91,135,170,3,399,0,0,0,399
12/09/2005,BHM,AL,ASO,ES,Combined TRACON& Tower with Radar,89,133,132,12,366,0,0,45,3,48,89,133,177,15,414,0,0,0,414
12/10/2005,BHM,AL,ASO,ES,Combined TRACON& Tower with Radar,63,80,52,10,205,0,1,59,0,60,63,81,111,10,265,10,0,10,275
12/11/2005,BHM,AL,ASO,ES,Combined TRACON& Tower with Radar,72,66,60,1,199,0,0,52,0,52,72,66,112,1,251,18,0,18,269
12/12/2005,BHM,AL,ASO,ES,Combined TRACON& Tower with Radar,86,112,154,3,355,0,1,57,0,58,86,113,211,3,413,0,0,0,413
12/13/2005,BHM,AL,ASO,ES,Combined TRACON& Tower with Radar,89,141,170,14,414,0,0,43,3,46,89,141,213,17,460,6,0,6,466
12/14/2005,BHM,AL,ASO,ES,Combined TRACON& Tower with Radar,82,120,212,42,456,0,0,13,0,13,82,120,225,42,469,0,0,0,469
12/15/2005,BHM,AL,ASO,ES,Combined TRACON& Tower with Radar,97,139,180,9,425,0,0,6,0,6,97,139,186,9,431,0,0,0,431
12/16/2005,BHM,AL,ASO,ES,Combined TRACON& Tower with Radar,87,144,145,18,394,0,0,64,4,68,87,144,209,22,462,0,0,0,462
12/17/2005,BHM,AL,ASO,ES,Combined TRACON& Tower with Radar,68,90,51,6,215,0,1,42,0,43,68,91,93,6,258,0,0,0,258
12/18/2005,BHM,AL,ASO,ES,Combined TRACON& Tower with Radar,77,77,60,4,218,0,0,45,0,45,77,77,105,4,263,0,0,0,263
12/19/2005,BHM,AL,ASO,ES,Combined TRACON& Tower with Radar,83,117,100,17,317,0,2,54,1,57,83,119,154,18,374,0,0,0,374
12/20/2005,BHM,AL,ASO,ES,Combined TRACON& Tower with Radar,92,135,138,10,375,0,0,37,5,42,92,135,175,15,417,6,0,6,423
12/21/2005,BHM,AL,ASO,ES,Combined TRACON& Tower with Radar,91,134,145,12,382,0,0,31,2,33,91,134,176,14,415,0,0,0,415
12/22/2005,BHM,AL,ASO,ES,Combined TRACON& Tower with Radar,92,142,127,12,373,0,1,73,2,76,92,143,200,14,449,26,4,30,479
12/23/2005,BHM,AL,ASO,ES,Combined TRACON& Tower with Radar,93,121,99,10,323,0,0,56,0,56,93,121,155,10,379,26,4,30,409
12/24/2005,BHM,AL,ASO,ES,Combined TRACON& Tower with Radar,69,82,27,0,178,0,0,7,0,7,69,82,34,0,185,0,0,0,185
12/25/2005,BHM,AL,ASO,ES,Combined TRACON& Tower with Radar,66,64,15,0,145,0,0,2,0,2,66,64,17,0,147,0,0,0,147
12/26/2005,BHM,AL,ASO,ES,Combined TRACON& Tower with Radar,76,86,97,0,259,0,4,28,0,32,76,90,125,0,291,0,0,0,291
12/27/2005,BHM,AL,ASO,ES,Combined TRACON& Tower with Radar,86,109,97,1,293,0,1,27,0,28,86,110,124,1,321,6,0,6,327
12/28/2005,BHM,AL,ASO,ES,Combined TRACON& Tower with Radar,85,124,74,5,288,0,0,11,1,12,85,124,85,6,300,8,0,8,308
12/29/2005,BHM,AL,ASO,ES,Combined TRACON& Tower with Radar,83,123,95,2,303,0,0,38,2,40,83,123,133,4,343,6,4,10,353
12/30/2005,BHM,AL,ASO,ES,Combined TRACON& Tower with Radar,84,124,68,4,280,0,1,45,0,46,84,125,113,4,326,2,0,2,328
12/31/2005,BHM,AL,ASO,ES,Combined TRACON& Tower with Radar,66,65,27,0,158,0,0,27,1,28,66,65,54,1,186,0,0,0,186
01/01/2006,BHM,AL,ASO,ES,Combined TRACON& Tower with Radar,77,78,52,0,207,0,0,2,0,2,77,78,54,0,209,0,0,0,209
01/02/2006,BHM,AL,ASO,ES,Combined TRACON& Tower with Radar,84,81,95,5,265,0,0,12,0,12,84,81,107,5,277,0,0,0,277
01/03/2006,BHM,AL,ASO,ES,Combined TRACON& Tower with Radar,88,116,107,2,313,0,0,33,0,33,88,116,140,2,346,6,0,6,352
01/04/2006,BHM,AL,ASO,ES,Combined TRACON& Tower with Radar,94,115,123,14,346,0,0,51,1,52,94,115,174,15,398,8,0,8,406
01/05/2006,BHM,AL,ASO,ES,Combined TRACON& Tower with Radar,93,117,127,36,373,0,0,39,4,43,93,117,166,40,416,0,0,0,416
01/06/2006,BHM,AL,ASO,ES,Combined TRACON& Tower with Radar,69,114,99,42,324,27,1,19,8,55,96,115,118,50,379,0,0,0,379
01/07/2006,BHM,AL,ASO,ES,Combined TRACON& Tower with Radar,63,63,47,17,190,0,2,70,2,74,63,65,117,19,264,0,0,0,264
01/08/2006,BHM,AL,ASO,ES,Combined TRACON& Tower with Radar,80,56,40,6,182,0,0,37,3,40,80,56,77,9,222,0,0,0,222
01/09/2006,BHM,AL,ASO,ES,Combined TRACON& Tower with Radar,86,99,116,8,309,0,0,27,1,28,86,99,143,9,337,0,0,0,337
01/10/2006,BHM,AL,ASO,ES,Combined TRACON& Tower with Radar,92,124,139,18,373,0,1,21,3,25,92,125,160,21,398,6,0,6,404
01/11/2006,BHM,AL,ASO,ES,Combined TRACON& Tower with Radar,98,117,156,24,395,0,2,18,1,21,98,119,174,25,416,8,2,10,426
01/12/2006,BHM,AL,ASO,ES,Combined TRACON& Tower with Radar,98,132,157,20,407,0,0,47,5,52,98,132,204,25,459,0,0,0,459
01/13/2006,BHM,AL,ASO,ES,Combined TRACON& Tower with Radar,85,112,102,2,301,0,1,5,0,6,85,113,107,2,307,0,0,0,307
01/14/2006,BHM,AL,ASO,ES,Combined TRACON& Tower with Radar,69,55,34,0,158,0,2,24,0,26,69,57,58,0,184,0,0,0,184
01/15/2006,BHM,AL,ASO,ES,Combined TRACON& Tower with Radar,78,55,55,0,188,0,0,52,0,52,78,55,107,0,240,0,0,0,240
01/16/2006,BHM,AL,ASO,ES,Combined TRACON& Tower with Radar,91,79,129,4,303,0,0,15,0,15,91,79,144,4,318,2,0,2,320
01/17/2006,BHM,AL,ASO,ES,Combined TRACON& Tower with Radar,92,117,113,2,324,0,0,0,0,0,92,117,113,2,324,0,0,0,324
01/18/2006,BHM,AL,ASO,ES,Combined TRACON& Tower with Radar,90,121,199,15,425,0,3,57,2,62,90,124,256,17,487,8,0,8,495
01/19/2006,BHM,AL,ASO,ES,Combined TRACON& Tower with Radar,93,121,192,25,431,0,1,72,1,74,93,122,264,26,505,26,4,30,535
01/20/2006,BHM,AL,ASO,ES,Combined TRACON& Tower with Radar,91,107,165,11,374,0,0,41,3,44,91,107,206,14,418,24,0,24,442
01/21/2006,BHM,AL,ASO,ES,Combined TRACON& Tower with Radar,68,53,39,6,166,0,0,0,0,0,68,53,39,6,166,18,0,18,184
01/22/2006,BHM,AL,ASO,ES,Combined TRACON& Tower with Radar,78,69,62,7,216,0,0,6,0,6,78,69,68,7,222,0,0,0,222
01/23/2006,BHM,AL,ASO,ES,Combined TRACON& Tower with Radar,90,98,118,13,319,0,2,0,0,2,90,100,118,13,321,0,0,0,321
01/24/2006,BHM,AL,ASO,ES,Combined TRACON& Tower with Radar,91,121,164,20,396,0,0,57,4,61,91,121,221,24,457,0,0,0,457
01/25/2006,BHM,AL,ASO,ES,Combined TRACON& Tower with Radar,88,131,151,12,382,0,0,46,7,53,88,131,197,19,435,8,0,8,443
01/26/2006,BHM,AL,ASO,ES,Combined TRACON& Tower with Radar,92,144,192,22,450,0,1,60,2,63,92,145,252,24,513,0,0,0,513
01/27/2006,BHM,AL,ASO,ES,Combined TRACON& Tower with Radar,95,115,148,19,377,0,2,78,3,83,95,117,226,22,460,3,0,3,463
01/28/2006,BHM,AL,ASO,ES,Combined TRACON& Tower with Radar,67,57,49,2,175,0,1,37,0,38,67,58,86,2,213,32,0,32,245
01/29/2006,BHM,AL,ASO,ES,Combined TRACON& Tower with Radar,80,67,47,11,205,0,0,23,0,23,80,67,70,11,228,0,24,24,252
01/30/2006,BHM,AL,ASO,ES,Combined TRACON& Tower with Radar,91,96,130,10,327,0,0,29,0,29,91,96,159,10,356,0,0,0,356
01/31/2006,BHM,AL,ASO,ES,Combined TRACON& Tower with Radar,88,115,152,25,380,0,1,72,4,77,88,116,224,29,457,32,14,46,503
02/01/2006,BHM,AL,ASO,ES,Combined TRACON& Tower with Radar,95,117,162,14,388,0,3,58,2,63,95,120,220,16,451,0,0,0,451
02/02/2006,BHM,AL,ASO,ES,Combined TRACON& Tower with Radar,92,121,129,9,351,0,0,7,0,7,92,121,136,9,358,0,2,2,360
02/03/2006,BHM,AL,ASO,ES,Combined TRACON& Tower with Radar,91,127,143,12,373,0,0,29,1,30,91,127,172,13,403,4,0,4,407
02/04/2006,BHM,AL,ASO,ES,Combined TRACON& Tower with Radar,64,63,58,11,196,0,0,21,3,24,64,63,79,14,220,0,0,0,220
02/05/2006,BHM,AL,ASO,ES,Combined TRACON& Tower with Radar,79,62,75,8,224,0,1,87,3,91,79,63,162,11,315,0,0,0,315
02/06/2006,BHM,AL,ASO,ES,Combined TRACON& Tower with Radar,84,115,108,2,309,0,0,1,0,1,84,115,109,2,310,0,0,0,310
02/07/2006,BHM,AL,ASO,ES,Combined TRACON& Tower with Radar,88,126,146,7,367,0,0,70,3,73,88,126,216,10,440,12,0,12,452
02/08/2006,BHM,AL,ASO,ES,Combined TRACON& Tower with Radar,85,125,158,21,389,0,0,50,4,54,85,125,208,25,443,0,0,0,443
02/09/2006,BHM,AL,ASO,ES,Combined TRACON& Tower with Radar,88,136,179,20,423,0,1,51,9,61,88,137,230,29,484,2,10,12,496
02/10/2006,BHM,AL,ASO,ES,Combined TRACON& Tower with Radar,88,126,137,20,371,0,0,48,4,52,88,126,185,24,423,0,0,0,423
02/11/2006,BHM,AL,ASO,ES,Combined TRACON& Tower with Radar,72,61,63,7,203,0,0,8,0,8,72,61,71,7,211,0,0,0,211
02/12/2006,BHM,AL,ASO,ES,Combined TRACON& Tower with Radar,75,63,64,12,214,5,4,31,1,41,80,67,95,13,255,16,0,16,271
02/13/2006,BHM,AL,ASO,ES,Combined TRACON& Tower with Radar,83,111,149,4,347,0,1,53,0,54,83,112,202,4,401,2,0,2,403
02/14/2006,BHM,AL,ASO,ES,Combined TRACON& Tower with Radar,93,116,162,6,377,0,0,60,3,63,93,116,222,9,440,12,0,12,452
02/15/2006,BHM,AL,ASO,ES,Combined TRACON& Tower with Radar,89,131,173,19,412,0,1,50,5,56,89,132,223,24,468,0,6,6,474
02/16/2006,BHM,AL,ASO,ES,Combined TRACON& Tower with Radar,98,128,174,18,418,0,1,60,6,67,98,129,234,24,485,16,0,16,501
02/17/2006,BHM,AL,ASO,ES,Combined TRACON& Tower with Radar,93,128,175,26,422,0,0,24,2,26,93,128,199,28,448,8,20,28,476
02/18/2006,BHM,AL,ASO,ES,Combined TRACON& Tower with Radar,66,70,46,0,182,0,0,2,0,2,66,70,48,0,184,0,0,0,184
02/19/2006,BHM,AL,ASO,ES,Combined TRACON& Tower with Radar,77,64,71,0,212,0,0,30,0,30,77,64,101,0,242,0,0,0,242
02/20/2006,BHM,AL,ASO,ES,Combined TRACON& Tower with Radar,90,90,134,2,316,0,0,0,0,0,90,90,134,2,316,0,0,0,316
02/21/2006,BHM,AL,ASO,ES,Combined TRACON& Tower with Radar,92,115,194,18,419,0,0,19,1,20,92,115,213,19,439,2,18,20,459
02/22/2006,BHM,AL,ASO,ES,Combined TRACON& Tower with Radar,93,139,176,5,413,0,0,0,0,0,93,139,176,5,413,0,0,0,413
02/23/2006,BHM,AL,ASO,ES,Combined TRACON& Tower with Radar,93,130,196,17,436,0,0,43,5,48,93,130,239,22,484,10,0,10,494
02/24/2006,BHM,AL,ASO,ES,Combined TRACON& Tower with Radar,91,138,163,24,416,0,0,50,4,54,91,138,213,28,470,0,0,0,470
02/25/2006,BHM,AL,ASO,ES,Combined TRACON& Tower with Radar,66,80,37,0,183,0,0,1,0,1,66,80,38,0,184,0,0,0,184
02/26/2006,BHM,AL,ASO,ES,Combined TRACON& Tower with Radar,74,74,76,21,245,0,0,63,1,64,74,74,139,22,309,12,10,22,331
02/27/2006,BHM,AL,ASO,ES,Combined TRACON& Tower with Radar,87,119,144,7,357,0,0,66,3,69,87,119,210,10,426,14,4,18,444
02/28/2006,BHM,AL,ASO,ES,Combined TRACON& Tower with Radar,83,138,161,25,407,0,2,58,1,61,83,140,219,26,468,0,0,0,468
03/01/2006,BHM,AL,ASO,ES,Combined TRACON& Tower with Radar,88,135,187,25,435,0,1,46,6,53,88,136,233,31,488,18,10,28,516
03/02/2006,BHM,AL,ASO,ES,Combined TRACON& Tower with Radar,90,136,212,9,447,0,0,34,3,37,90,136,246,12,484,10,0,10,494
03/03/2006,BHM,AL,ASO,ES,Combined TRACON& Tower with Radar,93,127,130,13,363,0,1,59,4,64,93,128,189,17,427,0,6,6,433
03/04/2006,BHM,AL,ASO,ES,Combined TRACON& Tower with Radar,76,70,72,2,220,0,0,115,3,118,76,70,187,5,338,8,0,8,346
03/05/2006,BHM,AL,ASO,ES,Combined TRACON& Tower with Radar,72,74,76,6,228,0,2,70,5,77,72,76,146,11,305,30,0,30,335
03/06/2006,BHM,AL,ASO,ES,Combined TRACON& Tower with Radar,86,97,162,9,354,0,1,64,0,65,86,98,226,9,419,0,0,0,419
03/07/2006,BHM,AL,ASO,ES,Combined TRACON& Tower with Radar,92,130,178,8,408,0,1,73,7,81,92,131,251,15,489,12,16,28,517
03/08/2006,BHM,AL,ASO,ES,Combined TRACON& Tower with Radar,92,130,164,17,403,0,2,53,2,57,92,132,217,19,460,6,4,10,470
03/09/2006,BHM,AL,ASO,ES,Combined TRACON& Tower with Radar,90,112,135,8,345,0,0,4,0,4,90,112,139,8,349,0,0,0,349
03/10/2006,BHM,AL,ASO,ES,Combined TRACON& Tower with Radar,94,117,155,13,379,0,0,69,5,74,94,117,224,18,453,2,0,2,455
03/11/2006,BHM,AL,ASO,ES,Combined TRACON& Tower with Radar,70,75,50,17,212,0,0,23,1,24,70,75,73,18,236,13,20,33,269
03/12/2006,BHM,AL,ASO,ES,Combined TRACON& Tower with Radar,74,71,88,28,261,0,0,40,0,40,74,71,128,28,301,0,0,0,301
03/13/2006,BHM,AL,ASO,ES,Combined TRACON& Tower with Radar,89,108,116,0,313,0,0,9,0,9,89,108,125,0,322,0,0,0,322
03/14/2006,BHM,AL,ASO,ES,Combined TRACON& Tower with Radar,86,125,151,7,369,0,0,62,8,70,86,125,213,15,439,16,0,16,455
03/15/2006,BHM,AL,ASO,ES,Combined TRACON& Tower with Radar,93,129,181,16,419,0,0,80,5,85,93,129,261,21,504,10,2,12,516
03/16/2006,BHM,AL,ASO,ES,Combined TRACON& Tower with Radar,88,125,169,26,408,0,0,47,9,56,88,125,216,35,464,0,0,0,464
03/17/2006,BHM,AL,ASO,ES,Combined TRACON& Tower with Radar,94,128,197,43,462,0,0,67,5,72,94,128,264,48,534,10,12,22,556
03/18/2006,BHM,AL,ASO,ES,Combined TRACON& Tower with Radar,75,73,66,9,223,0,0,55,3,58,75,73,121,12,281,0,0,0,281
03/19/2006,BHM,AL,ASO,ES,Combined TRACON& Tower with Radar,74,68,66,5,213,0,0,2,4,6,74,68,68,9,219,0,0,0,219
03/20/2006,BHM,AL,ASO,ES,Combined TRACON& Tower with Radar,87,104,74,4,269,0,0,7,0,7,87,104,81,4,276,0,0,0,276
03/21/2006,BHM,AL,ASO,ES,Combined TRACON& Tower with Radar,87,137,173,18,415,0,1,17,0,18,87,138,190,18,433,0,0,0,433
03/22/2006,BHM,AL,ASO,ES,Combined TRACON& Tower with Radar,93,125,163,14,395,0,1,58,7,66,93,126,221,21,461,2,0,2,463
03/23/2006,BHM,AL,ASO,ES,Combined TRACON& Tower with Radar,89,126,156,24,395,0,0,41,4,45,89,126,197,28,440,0,0,0,440
03/24/2006,BHM,AL,ASO,ES,Combined TRACON& Tower with Radar,91,131,152,9,383,0,0,40,2,42,91,131,192,11,425,0,0,0,425
03/25/2006,BHM,AL,ASO,ES,Combined TRACON& Tower with Radar,77,81,70,0,228,0,0,61,0,61,77,81,131,0,289,0,0,0,289
03/26/2006,BHM,AL,ASO,ES,Combined TRACON& Tower with Radar,76,80,98,1,255,0,1,56,1,58,76,81,154,2,313,10,0,10,323
03/27/2006,BHM,AL,ASO,ES,Combined TRACON& Tower with Radar,86,113,155,8,362,0,1,53,0,54,86,114,208,8,416,14,0,14,430
03/28/2006,BHM,AL,ASO,ES,Combined TRACON& Tower with Radar,86,120,163,18,387,0,0,13,0,13,86,120,176,18,400,4,8,12,412
03/29/2006,BHM,AL,ASO,ES,Combined TRACON& Tower with Radar,93,144,156,5,398,0,0,59,8,67,93,144,215,13,465,4,0,4,469
03/30/2006,BHM,AL,ASO,ES,Combined TRACON& Tower with Radar,90,128,191,12,421,0,0,58,10,68,90,128,249,22,489,8,0,8,497
03/31/2006,BHM,AL,ASO,ES,Combined TRACON& Tower with Radar,89,128,154,23,394,0,5,28,1,34,89,133,182,24,428,0,0,0,428
04/01/2006,BHM,AL,ASO,ES,Combined TRACON& Tower with Radar,70,70,81,0,221,0,1,18,0,19,70,71,99,0,240,20,0,20,260
04/02/2006,BHM,AL,ASO,ES,Combined TRACON& Tower with Radar,75,67,96,0,238,0,1,25,4,30,75,68,121,4,268,10,0,10,278
04/03/2006,BHM,AL,ASO,ES,Combined TRACON& Tower with Radar,81,109,138,10,338,0,0,30,0,30,81,109,168,10,368,0,2,2,370
04/04/2006,BHM,AL,ASO,ES,Combined TRACON& Tower with Radar,87,139,172,13,411,0,0,50,1,51,87,139,222,14,462,18,4,22,484
04/05/2006,BHM,AL,ASO,ES,Combined TRACON& Tower with Radar,91,140,179,15,425,0,0,83,6,89,91,140,262,21,514,8,0,8,522
04/06/2006,BHM,AL,ASO,ES,Combined TRACON& Tower with Radar,93,139,192,9,433,0,0,52,7,59,93,139,244,16,492,0,0,0,492
04/07/2006,BHM,AL,ASO,ES,Combined TRACON& Tower with Radar,87,119,137,13,356,0,0,6,1,7,87,119,143,14,363,22,6,28,391
04/08/2006,BHM,AL,ASO,ES,Combined TRACON& Tower with Radar,77,93,90,18,278,0,0,9,1,10,77,93,99,19,288,0,24,24,312
04/09/2006,BHM,AL,ASO,ES,Combined TRACON& Tower with Radar,72,66,113,5,256,0,2,74,1,77,72,68,187,6,333,64,0,64,397
04/10/2006,BHM,AL,ASO,ES,Combined TRACON& Tower with Radar,87,120,138,9,354,0,2,65,6,73,87,122,203,15,427,30,0,30,457
04/11/2006,BHM,AL,ASO,ES,Combined TRACON& Tower with Radar,85,124,173,13,395,0,1,62,6,69,85,125,235,19,464,12,12,24,488
04/12/2006,BHM,AL,ASO,ES,Combined TRACON& Tower with Radar,89,130,185,34,438,0,3,64,7,74,89,133,249,41,512,12,4,16,528
04/13/2006,BHM,AL,ASO,ES,Combined TRACON& Tower with Radar,88,123,169,20,400,0,0,57,6,63,88,123,226,26,463,18,2,20,483
04/14/2006,BHM,AL,ASO,ES,Combined TRACON& Tower with Radar,90,133,131,5,359,0,2,93,5,100,90,135,224,10,459,20,0,20,479
04/15/2006,BHM,AL,ASO,ES,Combined TRACON& Tower with Radar,73,64,42,4,183,0,0,51,2,53,73,64,93,6,236,14,0,14,250
04/16/2006,BHM,AL,ASO,ES,Combined TRACON& Tower with Radar,72,71,57,0,200,0,0,21,1,22,72,71,78,1,222,0,0,0,222
04/17/2006,BHM,AL,ASO,ES,Combined TRACON& Tower with Radar,82,116,168,11,377,0,0,28,2,30,82,116,196,13,407,0,0,0,407
04/18/2006,BHM,AL,ASO,ES,Combined TRACON& Tower with Radar,87,138,171,20,416,0,1,59,0,60,87,139,230,20,476,1,4,5,481
04/19/2006,BHM,AL,ASO,ES,Combined TRACON& Tower with Radar,92,125,198,17,432,0,0,41,1,42,92,125,239,18,474,8,10,18,492
04/20/2006,BHM,AL,ASO,ES,Combined TRACON& Tower with Radar,95,136,171,11,413,0,0,29,1,30,95,136,200,12,443,8,10,18,461
04/21/2006,BHM,AL,ASO,ES,Combined TRACON& Tower with Radar,94,129,153,0,376,0,0,5,0,5,94,129,158,0,381,6,0,6,387
04/22/2006,BHM,AL,ASO,ES,Combined TRACON& Tower with Radar,70,80,63,4,217,0,3,98,0,101,70,83,161,4,318,8,0,8,326
04/23/2006,BHM,AL,ASO,ES,Combined TRACON& Tower with Radar,75,66,113,6,260,0,2,75,2,79,75,68,188,8,339,68,2,70,409
04/24/2006,BHM,AL,ASO,ES,Combined TRACON& Tower with Radar,81,111,149,5,346,0,2,56,0,58,81,113,205,5,404,10,0,10,414
04/25/2006,BHM,AL,ASO,ES,Combined TRACON& Tower with Radar,87,134,149,25,395,0,0,34,0,34,87,134,183,25,429,14,26,40,469
04/26/2006,BHM,AL,ASO,ES,Combined TRACON& Tower with Radar,97,151,187,13,448,0,0,4,0,4,97,151,191,13,452,0,0,0,452
04/27/2006,BHM,AL,ASO,ES,Combined TRACON& Tower with Radar,92,125,168,13,398,0,1,82,1,84,92,126,250,14,482,42,0,42,524
04/28/2006,BHM,AL,ASO,ES,Combined TRACON& Tower with Radar,95,128,173,19,415,0,0,92,2,94,95,128,265,21,509,0,0,0,509
04/29/2006,BHM,AL,ASO,ES,Combined TRACON& Tower with Radar,77,75,57,1,210,0,0,34,0,34,77,75,91,1,244,2,0,2,246
04/30/2006,BHM,AL,ASO,ES,Combined TRACON& Tower with Radar,75,78,82,1,236,0,0,17,1,18,75,78,99,2,254,0,0,0,254
05/01/2006,BHM,AL,ASO,ES,Combined TRACON& Tower with Radar,89,128,136,17,370,0,0,43,2,45,89,128,179,19,415,0,0,0,415
05/02/2006,BHM,AL,ASO,ES,Combined TRACON& Tower with Radar,90,126,186,16,418,0,0,20,8,28,90,126,206,24,446,16,6,22,468
05/03/2006,BHM,AL,ASO,ES,Combined TRACON& Tower with Radar,90,130,177,12,409,0,2,54,4,60,90,132,231,16,469,30,24,54,523
05/04/2006,BHM,AL,ASO,ES,Combined TRACON& Tower with Radar,89,142,140,11,382,0,1,30,5,36,89,143,170,16,418,0,0,0,418
05/05/2006,BHM,AL,ASO,ES,Combined TRACON& Tower with Radar,96,122,154,25,397,0,0,10,3,13,96,122,164,28,410,0,0,0,410
05/06/2006,BHM,AL,ASO,ES,Combined TRACON& Tower with Radar,72,69,72,4,217,0,0,155,1,156,72,69,227,5,373,0,0,0,373
05/07/2006,BHM,AL,ASO,ES,Combined TRACON& Tower with Radar,80,81,86,6,253,0,2,12,0,14,80,83,98,6,267,2,0,2,269
05/08/2006,BHM,AL,ASO,ES,Combined TRACON& Tower with Radar,83,101,136,18,338,0,1,44,2,47,83,102,180,20,385,12,0,12,397
05/09/2006,BHM,AL,ASO,ES,Combined TRACON& Tower with Radar,94,125,142,16,377,0,0,6,1,7,94,125,148,17,384,0,0,0,384
05/10/2006,BHM,AL,ASO,ES,Combined TRACON& Tower with Radar,88,123,105,0,316,0,0,5,0,5,88,123,110,0,321,4,0,4,325
05/11/2006,BHM,AL,ASO,ES,Combined TRACON& Tower with Radar,90,153,185,22,450,0,1,47,2,50,90,154,232,24,500,0,0,0,500
05/12/2006,BHM,AL,ASO,ES,Combined TRACON& Tower with Radar,89,131,157,31,408,0,0,50,2,52,89,131,207,33,460,22,2,24,484
05/13/2006,BHM,AL,ASO,ES,Combined TRACON& Tower with Radar,71,67,54,2,194,0,0,25,0,25,71,67,79,2,219,16,0,16,235
05/14/2006,BHM,AL,ASO,ES,Combined TRACON& Tower with Radar,77,62,70,0,209,0,0,29,0,29,77,62,99,0,238,24,0,24,262
05/15/2006,BHM,AL,ASO,ES,Combined TRACON& Tower with Radar,85,99,153,22,359,0,0,59,1,60,85,99,212,23,419,6,6,12,431
05/16/2006,BHM,AL,ASO,ES,Combined TRACON& Tower with Radar,90,127,140,5,362,0,0,42,7,49,90,127,182,12,411,0,0,0,411
05/17/2006,BHM,AL,ASO,ES,Combined TRACON& Tower with Radar,89,121,181,13,404,0,1,47,5,53,89,122,228,18,457,0,0,0,457
05/18/2006,BHM,AL,ASO,ES,Combined TRACON& Tower with Radar,88,136,190,8,422,0,2,55,8,65,88,138,245,16,487,0,0,0,487
05/19/2006,BHM,AL,ASO,ES,Combined TRACON& Tower with Radar,92,132,151,24,399,0,1,51,6,58,92,133,202,30,457,8,20,28,485
05/20/2006,BHM,AL,ASO,ES,Combined TRACON& Tower with Radar,72,74,65,19,230,0,0,56,5,61,72,74,121,24,291,6,4,10,301
05/21/2006,BHM,AL,ASO,ES,Combined TRACON& Tower with Radar,78,69,83,9,239,0,1,58,4,63,78,70,141,13,302,6,16,22,324
05/22/2006,BHM,AL,ASO,ES,Combined TRACON& Tower with Radar,82,118,157,18,375,0,1,36,3,40,82,119,193,21,415,0,0,0,415
05/23/2006,BHM,AL,ASO,ES,Combined TRACON& Tower with Radar,88,133,162,18,401,0,0,45,0,45,88,133,207,18,446,28,0,28,474
05/24/2006,BHM,AL,ASO,ES,Combined TRACON& Tower with Radar,88,136,230,15,469,0,1,40,4,45,88,137,270,19,514,2,0,2,516
05/25/2006,BHM,AL,ASO,ES,Combined TRACON& Tower with Radar,87,127,181,8,403,0,0,61,6,67,87,127,242,14,470,0,0,0,470
05/26/2006,BHM,AL,ASO,ES,Combined TRACON& Tower with Radar,90,132,162,1,385,0,1,43,3,47,90,133,205,4,432,16,0,16,448
05/27/2006,BHM,AL,ASO,ES,Combined TRACON& Tower with Radar,74,67,40,2,183,0,0,47,0,47,74,67,87,2,230,0,0,0,230
05/28/2006,BHM,AL,ASO,ES,Combined TRACON& Tower with Radar,70,54,49,0,173,0,2,35,0,37,70,56,84,0,210,0,0,0,210
05/29/2006,BHM,AL,ASO,ES,Combined TRACON& Tower with Radar,75,53,87,0,215,0,2,29,0,31,75,55,116,0,246,12,0,12,258
05/30/2006,BHM,AL,ASO,ES,Combined TRACON& Tower with Radar,92,111,149,18,370,0,1,49,3,53,92,112,198,21,423,0,2,2,425
05/31/2006,BHM,AL,ASO,ES,Combined TRACON& Tower with Radar,89,127,157,25,398,0,1,40,1,42,89,128,197,26,440,0,0,0,440
06/01/2006,BHM,AL,ASO,ES,Combined TRACON& Tower with Radar,86,126,136,12,360,0,0,38,0,38,86,126,174,12,398,0,0,0,398
06/02/2006,BHM,AL,ASO,ES,Combined TRACON& Tower with Radar,108,116,151,22,397,0,4,21,6,31,108,120,172,28,428,16,0,16,444
06/03/2006,BHM,AL,ASO,ES,Combined TRACON& Tower with Radar,75,67,61,5,208,0,0,48,3,51,75,67,109,8,259,16,0,16,275
06/04/2006,BHM,AL,ASO,ES,Combined TRACON& Tower with Radar,81,64,72,9,226,0,0,41,1,42,81,64,113,10,268,42,4,46,314
06/05/2006,BHM,AL,ASO,ES,Combined TRACON& Tower with Radar,85,100,130,14,329,0,0,39,1,40,85,100,169,15,369,8,0,8,377
06/06/2006,BHM,AL,ASO,ES,Combined TRACON& Tower with Radar,89,121,149,15,374,0,0,80,11,91,89,121,229,26,465,4,0,4,469
06/07/2006,BHM,AL,ASO,ES,Combined TRACON& Tower with Radar,89,127,177,21,414,0,0,52,8,60,89,127,229,29,474,24,8,32,506
06/08/2006,BHM,AL,ASO,ES,Combined TRACON& Tower with Radar,90,129,155,30,404,0,0,63,5,68,90,129,218,35,472,60,16,76,548
06/09/2006,BHM,AL,ASO,ES,Combined TRACON& Tower with Radar,91,121,121,17,350,0,2,72,8,82,91,123,193,25,432,0,8,8,440
06/10/2006,BHM,AL,ASO,ES,Combined TRACON& Tower with Radar,76,70,48,5,199,0,0,47,0,47,76,70,95,5,246,46,0,46,292
06/11/2006,BHM,AL,ASO,ES,Combined TRACON& Tower with Radar,81,73,78,3,235,0,0,31,3,34,81,73,109,6,269,38,0,38,307
06/12/2006,BHM,AL,ASO,ES,Combined TRACON& Tower with Radar,89,101,130,19,339,0,0,28,3,31,89,101,158,22,370,0,0,0,370
06/13/2006,BHM,AL,ASO,ES,Combined TRACON& Tower with Radar,91,130,159,19,399,0,0,37,2,39,91,130,196,21,438,0,0,0,438
06/14/2006,BHM,AL,ASO,ES,Combined TRACON& Tower with Radar,91,123,155,26,395,0,0,63,6,69,91,123,218,32,464,0,12,12,476
06/15/2006,BHM,AL,ASO,ES,Combined TRACON& Tower with Radar,88,123,179,15,405,0,7,74,2,83,88,130,253,17,488,10,0,10,498
06/16/2006,BHM,AL,ASO,ES,Combined TRACON& Tower with Radar,93,138,154,18,403,0,0,78,2,80,93,138,232,20,483,2,4,6,489
06/17/2006,BHM,AL,ASO,ES,Combined TRACON& Tower with Radar,82,67,68,9,226,0,0,44,1,45,82,67,112,10,271,8,2,10,281
06/18/2006,BHM,AL,ASO,ES,Combined TRACON& Tower with Radar,79,78,100,7,264,0,1,39,0,40,79,79,139,7,304,4,0,4,308
06/19/2006,BHM,AL,ASO,ES,Combined TRACON& Tower with Radar,86,110,161,12,369,0,0,35,7,42,86,110,196,19,411,24,0,24,435
06/20/2006,BHM,AL,ASO,ES,Combined TRACON& Tower with Radar,93,125,165,6,389,0,0,44,2,46,93,125,209,8,435,4,0,4,439
06/21/2006,BHM,AL,ASO,ES,Combined TRACON& Tower with Radar,90,130,168,8,396,0,0,63,4,67,90,130,231,12,463,2,0,2,465
06/22/2006,BHM,AL,ASO,ES,Combined TRACON& Tower with Radar,93,127,172,13,405,0,2,61,4,67,93,129,233,17,472,24,8,32,504
06/23/2006,BHM,AL,ASO,ES,Combined TRACON& Tower with Radar,94,120,168,17,399,0,0,57,2,59,94,120,225,19,458,0,0,0,458
06/24/2006,BHM,AL,ASO,ES,Combined TRACON& Tower with Radar,82,66,74,3,225,0,0,51,0,51,82,66,125,3,276,16,0,16,292
06/25/2006,BHM,AL,ASO,ES,Combined TRACON& Tower with Radar,95,67,60,6,228,0,2,28,0,30,95,69,88,6,258,14,0,14,272
06/26/2006,BHM,AL,ASO,ES,Combined TRACON& Tower with Radar,103,100,103,8,314,0,0,32,7,39,103,100,135,15,353,0,0,0,353
06/27/2006,BHM,AL,ASO,ES,Combined TRACON& Tower with Radar,87,118,136,9,350,0,0,37,3,40,87,118,173,12,390,30,16,46,436
06/28/2006,BHM,AL,ASO,ES,Combined TRACON& Tower with Radar,92,131,144,8,375,0,0,73,3,76,92,131,217,11,451,0,0,0,451
06/29/2006,BHM,AL,ASO,ES,Combined TRACON& Tower with Radar,88,129,165,12,394,0,0,87,4,91,88,129,252,16,485,0,0,0,485
06/30/2006,BHM,AL,ASO,ES,Combined TRACON& Tower with Radar,99,113,146,12,370,0,0,44,7,51,99,113,190,19,421,0,0,0,421
07/01/2006,BHM,AL,ASO,ES,Combined TRACON& Tower with Radar,78,72,53,4,207,0,3,64,0,67,78,75,117,4,274,16,0,16,290
07/02/2006,BHM,AL,ASO,ES,Combined TRACON& Tower with Radar,74,55,46,2,177,0,0,41,0,41,74,55,87,2,218,0,0,0,218
07/03/2006,BHM,AL,ASO,ES,Combined TRACON& Tower with Radar,83,74,42,0,199,0,0,31,0,31,83,74,73,0,230,0,0,0,230
07/04/2006,BHM,AL,ASO,ES,Combined TRACON& Tower with Radar,82,61,41,4,188,0,0,26,0,26,82,61,67,4,214,6,4,10,224
07/05/2006,BHM,AL,ASO,ES,Combined TRACON& Tower with Radar,86,103,100,18,307,0,0,29,1,30,86,103,129,19,337,18,0,18,355
07/06/2006,BHM,AL,ASO,ES,Combined TRACON& Tower with Radar,88,124,137,7,356,0,0,36,5,41,88,124,173,12,397,12,0,12,409
07/07/2006,BHM,AL,ASO,ES,Combined TRACON& Tower with Radar,92,117,126,15,350,0,2,41,1,44,92,119,167,16,394,8,6,14,408
07/08/2006,BHM,AL,ASO,ES,Combined TRACON& Tower with Radar,79,73,47,6,205,0,0,55,7,62,79,73,102,13,267,28,0,28,295
07/09/2006,BHM,AL,ASO,ES,Combined TRACON& Tower with Radar,77,65,65,4,211,0,1,34,4,39,77,66,99,8,250,2,0,2,252
07/10/2006,BHM,AL,ASO,ES,Combined TRACON& Tower with Radar,83,100,135,7,325,0,5,29,1,35,83,105,164,8,360,0,0,0,360
07/11/2006,BHM,AL,ASO,ES,Combined TRACON& Tower with Radar,93,126,148,14,381,0,2,38,3,43,93,128,186,17,424,4,6,10,434
07/12/2006,BHM,AL,ASO,ES,Combined TRACON& Tower with Radar,88,137,154,9,388,0,7,42,5,54,88,144,196,14,442,6,0,6,448
07/13/2006,BHM,AL,ASO,ES,Combined TRACON& Tower with Radar,87,120,155,30,392,0,1,49,6,56,87,121,204,36,448,0,0,0,448
07/14/2006,BHM,AL,ASO,ES,Combined TRACON& Tower with Radar,93,117,144,14,368,0,1,42,3,46,93,118,186,17,414,0,0,0,414
07/15/2006,BHM,AL,ASO,ES,Combined TRACON& Tower with Radar,82,67,56,10,215,0,0,20,0,20,82,67,76,10,235,0,0,0,235
07/16/2006,BHM,AL,ASO,ES,Combined TRACON& Tower with Radar,75,61,76,8,220,0,0,20,3,23,75,61,96,11,243,0,0,0,243
07/17/2006,BHM,AL,ASO,ES,Combined TRACON& Tower with Radar,87,108,120,1,316,0,0,40,1,41,87,108,160,2,357,2,0,2,359
07/18/2006,BHM,AL,ASO,ES,Combined TRACON& Tower with Radar,90,116,145,13,364,0,0,53,0,53,90,116,198,13,417,0,0,0,417
07/19/2006,BHM,AL,ASO,ES,Combined TRACON& Tower with Radar,89,119,159,14,381,0,0,59,2,61,89,119,218,16,442,0,4,4,446
07/20/2006,BHM,AL,ASO,ES,Combined TRACON& Tower with Radar,88,119,207,11,425,0,1,46,0,47,88,120,253,11,472,0,0,0,472
07/21/2006,BHM,AL,ASO,ES,Combined TRACON& Tower with Radar,90,122,127,21,360,0,1,49,8,58,90,123,176,29,418,2,8,10,428
07/22/2006,BHM,AL,ASO,ES,Combined TRACON& Tower with Radar,81,73,65,3,222,0,0,40,2,42,81,73,105,5,264,0,0,0,264
07/23/2006,BHM,AL,ASO,ES,Combined TRACON& Tower with Radar,80,64,70,4,218,0,0,35,3,38,80,64,105,7,256,20,0,20,276
07/24/2006,BHM,AL,ASO,ES,Combined TRACON& Tower with Radar,85,119,138,3,345,0,0,30,2,32,85,119,168,5,377,0,0,0,377
07/25/2006,BHM,AL,ASO,ES,Combined TRACON& Tower with Radar,89,128,142,8,367,0,0,41,2,43,89,128,183,10,410,30,0,30,440
07/26/2006,BHM,AL,ASO,ES,Combined TRACON& Tower with Radar,90,127,131,19,367,0,0,30,5,35,90,127,161,24,402,4,0,4,406
07/27/2006,BHM,AL,ASO,ES,Combined TRACON& Tower with Radar,88,120,182,13,403,0,1,40,7,48,88,121,222,20,451,0,4,4,455
07/28/2006,BHM,AL,ASO,ES,Combined TRACON& Tower with Radar,95,119,146,24,384,0,0,53,6,59,95,119,199,30,443,12,12,24,467
07/29/2006,BHM,AL,ASO,ES,Combined TRACON& Tower with Radar,79,72,76,7,234,0,0,15,0,15,79,72,91,7,249,2,0,2,251
07/30/2006,BHM,AL,ASO,ES,Combined TRACON& Tower with Radar,82,75,45,4,206,0,0,34,0,34,82,75,79,4,240,26,2,28,268
07/31/2006,BHM,AL,ASO,ES,Combined TRACON& Tower with Radar,86,112,135,20,353,0,4,47,3,54,86,116,182,23,407,6,0,6,413
08/01/2006,BHM,AL,ASO,ES,Combined TRACON& Tower with Radar,96,120,117,19,352,0,0,53,7,60,96,120,170,26,412,26,14,40,452
08/02/2006,BHM,AL,ASO,ES,Combined TRACON& Tower with Radar,92,125,107,9,333,0,0,47,4,51,92,125,154,13,384,30,2,32,416
08/03/2006,BHM,AL,ASO,ES,Combined TRACON& Tower with Radar,93,124,141,24,382,0,0,47,2,49,93,124,188,26,431,6,4,10,441
08/04/2006,BHM,AL,ASO,ES,Combined TRACON& Tower with Radar,88,129,109,15,341,0,1,47,13,61,88,130,156,28,402,12,0,12,414
08/05/2006,BHM,AL,ASO,ES,Combined TRACON& Tower with Radar,89,66,67,4,226,0,0,45,9,54,89,66,112,13,280,0,0,0,280
08/06/2006,BHM,AL,ASO,ES,Combined TRACON& Tower with Radar,78,72,67,8,225,0,1,32,0,33,78,73,99,8,258,6,0,6,264
08/07/2006,BHM,AL,ASO,ES,Combined TRACON& Tower with Radar,82,104,130,5,321,0,0,50,1,51,82,104,180,6,372,6,0,6,378
08/08/2006,BHM,AL,ASO,ES,Combined TRACON& Tower with Radar,93,129,143,8,373,0,0,61,0,61,93,129,204,8,434,36,0,36,470
08/09/2006,BHM,AL,ASO,ES,Combined TRACON& Tower with Radar,97,114,177,14,402,0,0,48,3,51,97,114,225,17,453,0,0,0,453
08/10/2006,BHM,AL,ASO,ES,Combined TRACON& Tower with Radar,91,129,166,10,396,0,1,65,4,70,91,130,231,14,466,0,0,0,466
08/11/2006,BHM,AL,ASO,ES,Combined TRACON& Tower with Radar,95,107,142,8,352,0,0,30,5,35,95,107,172,13,387,22,0,22,409
08/12/2006,BHM,AL,ASO,ES,Combined TRACON& Tower with Radar,84,69,53,11,217,0,1,12,0,13,84,70,65,11,230,0,0,0,230
08/13/2006,BHM,AL,ASO,ES,Combined TRACON& Tower with Radar,77,55,96,20,248,0,0,14,2,16,77,55,110,22,264,14,14,28,292
08/14/2006,BHM,AL,ASO,ES,Combined TRACON& Tower with Radar,87,91,151,2,331,0,0,32,5,37,87,91,183,7,368,2,0,2,370
08/15/2006,BHM,AL,ASO,ES,Combined TRACON& Tower with Radar,90,120,131,9,350,0,1,36,1,38,90,121,167,10,388,6,0,6,394
08/16/2006,BHM,AL,ASO,ES,Combined TRACON& Tower with Radar,89,115,154,26,384,0,0,42,9,51,89,115,196,35,435,2,18,20,455
08/17/2006,BHM,AL,ASO,ES,Combined TRACON& Tower with Radar,87,123,175,21,406,0,0,35,6,41,87,123,210,27,447,0,0,0,447
08/18/2006,BHM,AL,ASO,ES,Combined TRACON& Tower with Radar,89,111,147,17,364,0,0,65,13,78,89,111,212,30,442,36,18,54,496
08/19/2006,BHM,AL,ASO,ES,Combined TRACON& Tower with Radar,81,64,65,5,215,0,1,57,5,63,81,65,122,10,278,22,10,32,310
08/20/2006,BHM,AL,ASO,ES,Combined TRACON& Tower with Radar,77,64,77,9,227,0,0,21,1,22,77,64,98,10,249,26,0,26,275
08/21/2006,BHM,AL,ASO,ES,Combined TRACON& Tower with Radar,85,89,145,8,327,0,0,38,6,44,85,89,183,14,371,24,0,24,395
08/22/2006,BHM,AL,ASO,ES,Combined TRACON& Tower with Radar,90,125,170,13,398,0,0,28,1,29,90,125,198,14,427,40,10,50,477
08/23/2006,BHM,AL,ASO,ES,Combined TRACON& Tower with Radar,86,114,153,14,367,0,0,33,6,39,86,114,186,20,406,0,0,0,406
08/24/2006,BHM,AL,ASO,ES,Combined TRACON& Tower with Radar,90,116,176,7,389,0,0,43,9,52,90,116,219,16,441,4,16,20,461
08/25/2006,BHM,AL,ASO,ES,Combined TRACON& Tower with Radar,90,126,167,33,416,0,0,24,9,33,90,126,191,42,449,4,4,8,457
08/26/2006,BHM,AL,ASO,ES,Combined TRACON& Tower with Radar,76,65,45,10,196,0,0,35,1,36,76,65,80,11,232,0,16,16,248
08/27/2006,BHM,AL,ASO,ES,Combined TRACON& Tower with Radar,74,62,80,12,228,0,0,35,3,38,74,62,115,15,266,4,0,4,270
08/28/2006,BHM,AL,ASO,ES,Combined TRACON& Tower with Radar,84,113,136,0,333,0,0,38,4,42,84,113,174,4,375,36,0,36,411
08/29/2006,BHM,AL,ASO,ES,Combined TRACON& Tower with Radar,89,126,158,15,388,0,0,33,5,38,89,126,191,20,426,14,0,14,440
08/30/2006,BHM,AL,ASO,ES,Combined TRACON& Tower with Radar,87,121,164,8,380,0,0,36,7,43,87,121,200,15,423,0,10,10,433
08/31/2006,BHM,AL,ASO,ES,Combined TRACON& Tower with Radar,91,113,159,15,378,0,1,40,3,44,91,114,199,18,422,36,44,80,502
09/01/2006,BHM,AL,ASO,ES,Combined TRACON& Tower with Radar,93,129,136,14,372,0,0,42,2,44,93,129,178,16,416,0,12,12,428
09/02/2006,BHM,AL,ASO,ES,Combined TRACON& Tower with Radar,88,64,67,0,219,0,1,51,0,52,88,65,118,0,271,2,0,2,273
09/03/2006,BHM,AL,ASO,ES,Combined TRACON& Tower with Radar,70,55,50,2,177,0,0,25,0,25,70,55,75,2,202,12,0,12,214
09/04/2006,BHM,AL,ASO,ES,Combined TRACON& Tower with Radar,79,62,85,0,226,0,2,39,0,41,79,64,124,0,267,40,0,40,307
09/05/2006,BHM,AL,ASO,ES,Combined TRACON& Tower with Radar,90,93,123,4,310,0,1,23,5,29,90,94,146,9,339,22,0,22,361
09/06/2006,BHM,AL,ASO,ES,Combined TRACON& Tower with Radar,95,120,147,4,366,0,0,44,2,46,95,120,191,6,412,30,0,30,442
09/07/2006,BHM,AL,ASO,ES,Combined TRACON& Tower with Radar,101,135,176,5,417,0,1,44,2,47,101,136,220,7,464,6,0,6,470
09/08/2006,BHM,AL,ASO,ES,Combined TRACON& Tower with Radar,97,126,143,6,372,0,0,52,4,56,97,126,195,10,428,16,24,40,468
09/09/2006,BHM,AL,ASO,ES,Combined TRACON& Tower with Radar,80,70,47,5,202,0,0,58,0,58,80,70,105,5,260,10,8,18,278
09/10/2006,BHM,AL,ASO,ES,Combined TRACON& Tower with Radar,83,70,70,5,228,0,1,33,1,35,83,71,103,6,263,16,2,18,281
09/11/2006,BHM,AL,ASO,ES,Combined TRACON& Tower with Radar,91,97,124,2,314,0,0,35,0,35,91,97,159,2,349,0,0,0,349
09/12/2006,BHM,AL,ASO,ES,Combined TRACON& Tower with Radar,96,131,151,3,381,0,0,6,2,8,96,131,157,5,389,0,0,0,389
09/13/2006,BHM,AL,ASO,ES,Combined TRACON& Tower with Radar,95,132,176,4,407,0,0,19,2,21,95,132,195,6,428,0,0,0,428
09/14/2006,BHM,AL,ASO,ES,Combined TRACON& Tower with Radar,96,129,192,10,427,0,0,40,3,43,96,129,232,13,470,2,0,2,472
09/15/2006,BHM,AL,ASO,ES,Combined TRACON& Tower with Radar,100,119,167,12,398,0,1,55,10,66,100,120,222,22,464,6,0,6,470
09/16/2006,BHM,AL,ASO,ES,Combined TRACON& Tower with Radar,73,70,76,13,232,0,2,49,2,53,73,72,125,15,285,28,0,28,313
09/17/2006,BHM,AL,ASO,ES,Combined TRACON& Tower with Radar,87,60,92,10,249,0,0,72,3,75,87,60,164,13,324,0,0,0,324
09/18/2006,BHM,AL,ASO,ES,Combined TRACON& Tower with Radar,109,100,117,4,330,0,0,7,1,8,109,100,124,5,338,0,0,0,338
09/19/2006,BHM,AL,ASO,ES,Combined TRACON& Tower with Radar,100,129,163,2,394,0,5,32,2,39,100,134,195,4,433,0,0,0,433
09/20/2006,BHM,AL,ASO,ES,Combined TRACON& Tower with Radar,97,116,162,4,379,0,2,81,6,89,97,118,243,10,468,0,0,0,468
09/21/2006,BHM,AL,ASO,ES,Combined TRACON& Tower with Radar,95,128,146,7,376,0,0,66,7,73,95,128,212,14,449,0,6,6,455
09/22/2006,BHM,AL,ASO,ES,Combined TRACON& Tower with Radar,93,130,161,19,403,0,0,16,6,22,93,130,177,25,425,84,0,84,509
09/23/2006,BHM,AL,ASO,ES,Combined TRACON& Tower with Radar,83,72,93,3,251,0,0,12,7,19,83,72,105,10,270,36,0,36,306
09/24/2006,BHM,AL,ASO,ES,Combined TRACON& Tower with Radar,93,74,71,6,244,0,0,13,2,15,93,74,84,8,259,0,0,0,259
09/25/2006,BHM,AL,ASO,ES,Combined TRACON& Tower with Radar,95,110,147,5,357,0,2,54,6,62,95,112,201,11,419,16,0,16,435
09/26/2006,BHM,AL,ASO,ES,Combined TRACON& Tower with Radar,96,120,144,2,362,0,2,68,6,76,96,122,212,8,438,36,0,36,474
09/27/2006,BHM,AL,ASO,ES,Combined TRACON& Tower with Radar,92,113,154,4,363,0,1,66,1,68,92,114,220,5,431,22,0,22,453
09/28/2006,BHM,AL,ASO,ES,Combined TRACON& Tower with Radar,98,134,136,6,374,0,3,23,4,30,98,137,159,10,404,0,0,0,404
09/29/2006,BHM,AL,ASO,ES,Combined TRACON& Tower with Radar,106,121,159,1,387,0,3,92,4,99,106,124,251,5,486,22,0,22,508
09/30/2006,BHM,AL,ASO,ES,Combined TRACON& Tower with Radar,77,67,75,2,221,0,0,42,2,44,77,67,117,4,265,20,0,20,285
10/01/2006,BHM,AL,ASO,ES,Combined TRACON& Tower with Radar,82,59,93,0,234,0,0,33,0,33,82,59,126,0,267,0,0,0,267
10/02/2006,BHM,AL,ASO,ES,Combined TRACON& Tower with Radar,87,104,118,4,313,0,0,41,0,41,87,104,159,4,354,0,0,0,354
10/03/2006,BHM,AL,ASO,ES,Combined TRACON& Tower with Radar,92,127,167,4,390,0,0,44,1,45,92,127,211,5,435,2,0,2,437
10/04/2006,BHM,AL,ASO,ES,Combined TRACON& Tower with Radar,90,133,168,8,399,0,0,57,2,59,90,133,225,10,458,0,0,0,458
10/05/2006,BHM,AL,ASO,ES,Combined TRACON& Tower with Radar,98,142,185,7,432,0,0,52,3,55,98,142,237,10,487,0,0,0,487
10/06/2006,BHM,AL,ASO,ES,Combined TRACON& Tower with Radar,98,126,155,4,383,0,0,24,0,24,98,126,179,4,407,0,0,0,407
10/07/2006,BHM,AL,ASO,ES,Combined TRACON& Tower with Radar,76,71,81,1,229,0,0,53,1,54,76,71,134,2,283,0,0,0,283
10/08/2006,BHM,AL,ASO,ES,Combined TRACON& Tower with Radar,83,68,99,3,253,0,0,58,2,60,83,68,157,5,313,0,0,0,313
10/09/2006,BHM,AL,ASO,ES,Combined TRACON& Tower with Radar,98,93,124,4,319,0,0,43,2,45,98,93,167,6,364,0,0,0,364
10/10/2006,BHM,AL,ASO,ES,Combined TRACON& Tower with Radar,92,122,160,9,383,0,0,58,2,60,92,122,218,11,443,0,0,0,443
10/11/2006,BHM,AL,ASO,ES,Combined TRACON& Tower with Radar,98,136,170,9,413,0,2,41,4,47,98,138,211,13,460,14,0,14,474
10/12/2006,BHM,AL,ASO,ES,Combined TRACON& Tower with Radar,91,121,197,5,414,0,0,44,6,50,91,121,241,11,464,0,0,0,464
10/13/2006,BHM,AL,ASO,ES,Combined TRACON& Tower with Radar,98,126,176,5,405,0,0,63,4,67,98,126,239,9,472,26,0,26,498
10/14/2006,BHM,AL,ASO,ES,Combined TRACON& Tower with Radar,69,76,82,21,248,0,0,46,2,48,69,76,128,23,296,8,0,8,304
10/15/2006,BHM,AL,ASO,ES,Combined TRACON& Tower with Radar,84,83,87,11,265,0,2,55,3,60,84,85,142,14,325,0,0,0,325
10/16/2006,BHM,AL,ASO,ES,Combined TRACON& Tower with Radar,90,107,116,0,313,0,0,3,0,3,90,107,119,0,316,0,0,0,316
10/17/2006,BHM,AL,ASO,ES,Combined TRACON& Tower with Radar,93,118,133,8,352,0,0,5,1,6,93,118,138,9,358,0,0,0,358
10/18/2006,BHM,AL,ASO,ES,Combined TRACON& Tower with Radar,100,128,197,6,431,0,0,57,2,59,100,128,254,8,490,0,0,0,490
10/19/2006,BHM,AL,ASO,ES,Combined TRACON& Tower with Radar,96,137,194,4,431,0,0,9,0,9,96,137,203,4,440,0,0,0,440
10/20/2006,BHM,AL,ASO,ES,Combined TRACON& Tower with Radar,96,117,178,24,415,0,0,9,4,13,96,117,187,28,428,0,0,0,428
10/21/2006,BHM,AL,ASO,ES,Combined TRACON& Tower with Radar,75,76,85,9,245,0,0,66,6,72,75,76,151,15,317,28,0,28,345
10/22/2006,BHM,AL,ASO,ES,Combined TRACON& Tower with Radar,79,73,106,6,264,0,0,23,6,29,79,73,129,12,293,0,0,0,293
10/23/2006,BHM,AL,ASO,ES,Combined TRACON& Tower with Radar,90,103,150,1,344,0,0,49,3,52,90,103,199,4,396,0,0,0,396
10/24/2006,BHM,AL,ASO,ES,Combined TRACON& Tower with Radar,92,124,162,3,381,0,2,49,4,55,92,126,211,7,436,0,0,0,436
10/25/2006,BHM,AL,ASO,ES,Combined TRACON& Tower with Radar,91,118,184,5,398,0,0,56,3,59,91,118,240,8,457,14,0,14,471
10/26/2006,BHM,AL,ASO,ES,Combined TRACON& Tower with Radar,91,137,164,28,420,0,0,16,4,20,91,137,180,32,440,0,0,0,440
10/27/2006,BHM,AL,ASO,ES,Combined TRACON& Tower with Radar,92,125,127,7,351,0,0,3,0,3,92,125,130,7,354,0,0,0,354
10/28/2006,BHM,AL,ASO,ES,Combined TRACON& Tower with Radar,78,72,71,2,223,0,2,47,3,52,78,74,118,5,275,8,0,8,283
10/29/2006,BHM,AL,ASO,ES,Combined TRACON& Tower with Radar,84,74,85,0,243,0,1,52,1,54,84,75,137,1,297,18,0,18,315
10/30/2006,BHM,AL,ASO,ES,Combined TRACON& Tower with Radar,93,121,162,5,381,0,0,58,1,59,93,121,220,6,440,2,0,2,442
10/31/2006,BHM,AL,ASO,ES,Combined TRACON& Tower with Radar,93,116,157,12,378,0,1,36,6,43,93,117,193,18,421,0,0,0,421
11/01/2006,BHM,AL,ASO,ES,Combined TRACON& Tower with Radar,96,124,156,6,382,0,1,18,4,23,96,125,174,10,405,2,0,2,407
11/02/2006,BHM,AL,ASO,ES,Combined TRACON& Tower with Radar,97,126,146,7,376,0,0,38,5,43,97,126,184,12,419,0,0,0,419
11/03/2006,BHM,AL,ASO,ES,Combined TRACON& Tower with Radar,98,129,136,11,374,0,1,55,11,67,98,130,191,22,441,0,0,0,441
11/04/2006,BHM,AL,ASO,ES,Combined TRACON& Tower with Radar,76,75,72,0,223,0,1,53,6,60,76,76,125,6,283,12,0,12,295
11/05/2006,BHM,AL,ASO,ES,Combined TRACON& Tower with Radar,83,75,105,4,267,0,0,48,5,53,83,75,153,9,320,10,0,10,330
11/06/2006,BHM,AL,ASO,ES,Combined TRACON& Tower with Radar,95,112,125,4,336,0,0,36,3,39,95,112,161,7,375,0,0,0,375
11/07/2006,BHM,AL,ASO,ES,Combined TRACON& Tower with Radar,98,128,132,23,381,0,0,5,3,8,98,128,137,26,389,6,8,14,403
11/08/2006,BHM,AL,ASO,ES,Combined TRACON& Tower with Radar,96,133,170,17,416,0,0,22,8,30,96,133,192,25,446,10,0,10,456
11/09/2006,BHM,AL,ASO,ES,Combined TRACON& Tower with Radar,87,128,177,5,397,0,1,64,5,70,87,129,241,10,467,0,0,0,467
11/10/2006,BHM,AL,ASO,ES,Combined TRACON& Tower with Radar,92,149,173,0,414,0,0,44,0,44,92,149,217,0,458,10,0,10,468
11/11/2006,BHM,AL,ASO,ES,Combined TRACON& Tower with Radar,67,84,75,7,233,0,0,5,0,5,67,84,80,7,238,0,0,0,238
11/12/2006,BHM,AL,ASO,ES,Combined TRACON& Tower with Radar,82,64,98,5,249,0,3,52,1,56,82,67,150,6,305,22,0,22,327
11/13/2006,BHM,AL,ASO,ES,Combined TRACON& Tower with Radar,100,107,120,7,334,0,0,70,0,70,100,107,190,7,404,10,0,10,414
11/14/2006,BHM,AL,ASO,ES,Combined TRACON& Tower with Radar,93,128,159,22,402,0,0,42,2,44,93,128,201,24,446,0,0,0,446
11/15/2006,BHM,AL,ASO,ES,Combined TRACON& Tower with Radar,93,115,59,3,270,0,0,0,0,0,93,115,59,3,270,0,0,0,270
11/16/2006,BHM,AL,ASO,ES,Combined TRACON& Tower with Radar,93,128,186,12,419,0,0,2,2,4,93,128,188,14,423,0,0,0,423
11/17/2006,BHM,AL,ASO,ES,Combined TRACON& Tower with Radar,99,131,140,16,386,0,0,76,10,86,99,131,216,26,472,14,2,16,488
11/18/2006,BHM,AL,ASO,ES,Combined TRACON& Tower with Radar,77,76,67,1,221,0,1,72,3,76,77,77,139,4,297,12,0,12,309
11/19/2006,BHM,AL,ASO,ES,Combined TRACON& Tower with Radar,86,72,95,7,260,0,0,22,2,24,86,72,117,9,284,0,4,4,288
11/20/2006,BHM,AL,ASO,ES,Combined TRACON& Tower with Radar,93,104,156,5,358,0,0,47,0,47,93,104,203,5,405,4,0,4,409
11/21/2006,BHM,AL,ASO,ES,Combined TRACON& Tower with Radar,100,120,147,10,377,0,2,54,5,61,100,122,201,15,438,2,0,2,440
11/22/2006,BHM,AL,ASO,ES,Combined TRACON& Tower with Radar,95,120,164,10,389,0,2,54,2,58,95,122,218,12,447,2,4,6,453
11/23/2006,BHM,AL,ASO,ES,Combined TRACON& Tower with Radar,67,66,18,0,151,0,0,16,0,16,67,66,34,0,167,0,0,0,167
11/24/2006,BHM,AL,ASO,ES,Combined TRACON& Tower with Radar,79,91,51,0,221,0,0,56,0,56,79,91,107,0,277,18,0,18,295
11/25/2006,BHM,AL,ASO,ES,Combined TRACON& Tower with Radar,83,84,67,0,234,0,0,42,0,42,83,84,109,0,276,0,0,0,276
11/26/2006,BHM,AL,ASO,ES,Combined TRACON& Tower with Radar,88,81,128,0,297,0,0,68,0,68,88,81,196,0,365,8,0,8,373
11/27/2006,BHM,AL,ASO,ES,Combined TRACON& Tower with Radar,96,107,126,2,331,0,0,48,2,50,96,107,174,4,381,6,0,6,387
11/28/2006,BHM,AL,ASO,ES,Combined TRACON& Tower with Radar,93,122,145,8,368,0,0,16,3,19,93,122,161,11,387,19,6,25,412
11/29/2006,BHM,AL,ASO,ES,Combined TRACON& Tower with Radar,90,121,184,20,415,0,0,19,1,20,90,121,203,21,435,0,0,0,435
11/30/2006,BHM,AL,ASO,ES,Combined TRACON& Tower with Radar,92,117,148,16,373,0,0,12,1,13,92,117,160,17,386,10,0,10,396
12/01/2006,BHM,AL,ASO,ES,Combined TRACON& Tower with Radar,92,108,106,23,329,0,0,28,0,28,92,108,134,23,357,0,8,8,365
12/02/2006,BHM,AL,ASO,ES,Combined TRACON& Tower with Radar,72,69,66,10,217,0,3,82,2,87,72,72,148,12,304,10,6,16,320
12/03/2006,BHM,AL,ASO,ES,Combined TRACON& Tower with Radar,83,74,70,7,234,0,3,60,2,65,83,77,130,9,299,6,0,6,305
12/04/2006,BHM,AL,ASO,ES,Combined TRACON& Tower with Radar,95,112,133,7,347,0,2,44,1,47,95,114,177,8,394,19,2,21,415
12/05/2006,BHM,AL,ASO,ES,Combined TRACON& Tower with Radar,93,115,166,4,378,0,3,55,3,61,93,118,221,7,439,24,0,24,463
12/06/2006,BHM,AL,ASO,ES,Combined TRACON& Tower with Radar,98,127,195,11,431,0,0,75,7,82,98,127,270,18,513,48,0,48,561
12/07/2006,BHM,AL,ASO,ES,Combined TRACON& Tower with Radar,100,141,196,14,451,0,0,26,3,29,100,141,222,17,480,12,0,12,492
12/08/2006,BHM,AL,ASO,ES,Combined TRACON& Tower with Radar,148,68,171,13,400,0,2,42,3,47,148,70,213,16,447,18,0,18,465
12/09/2006,BHM,AL,ASO,ES,Combined TRACON& Tower with Radar,74,63,55,2,194,0,0,69,2,71,74,63,124,4,265,0,0,0,265
12/10/2006,BHM,AL,ASO,ES,Combined TRACON& Tower with Radar,133,20,95,0,248,0,0,59,0,59,133,20,154,0,307,32,0,32,339
12/11/2006,BHM,AL,ASO,ES,Combined TRACON& Tower with Radar,150,56,142,1,349,0,2,32,1,35,150,58,174,2,384,16,0,16,400
12/12/2006,BHM,AL,ASO,ES,Combined TRACON& Tower with Radar,103,104,169,13,389,0,1,7,3,11,103,105,176,16,400,4,2,6,406
12/13/2006,BHM,AL,ASO,ES,Combined TRACON& Tower with Radar,93,144,198,13,448,0,2,40,7,49,93,146,238,20,497,0,6,6,503
12/14/2006,BHM,AL,ASO,ES,Combined TRACON& Tower with Radar,93,134,205,23,455,0,1,34,6,41,93,135,239,29,496,8,4,12,508
12/15/2006,BHM,AL,ASO,ES,Combined TRACON& Tower with Radar,90,125,150,17,382,0,2,56,4,62,90,127,206,21,444,0,0,0,444
12/16/2006,BHM,AL,ASO,ES,Combined TRACON& Tower with Radar,70,69,64,4,207,0,0,59,0,59,70,69,123,4,266,12,0,12,278
12/17/2006,BHM,AL,ASO,ES,Combined TRACON& Tower with Radar,74,81,57,5,217,0,1,55,0,56,74,82,112,5,273,20,0,20,293
12/18/2006,BHM,AL,ASO,ES,Combined TRACON& Tower with Radar,81,113,139,6,339,0,0,47,0,47,81,113,186,6,386,0,0,0,386
12/19/2006,BHM,AL,ASO,ES,Combined TRACON& Tower with Radar,94,133,194,25,446,0,1,51,3,55,94,134,245,28,501,14,10,24,525
12/20/2006,BHM,AL,ASO,ES,Combined TRACON& Tower with Radar,92,133,148,12,385,0,0,41,6,47,92,133,189,18,432,2,0,2,434
12/21/2006,BHM,AL,ASO,ES,Combined TRACON& Tower with Radar,92,133,136,8,369,0,2,4,0,6,92,135,140,8,375,0,0,0,375
12/22/2006,BHM,AL,ASO,ES,Combined TRACON& Tower with Radar,90,129,103,1,323,0,0,0,0,0,90,129,103,1,323,0,0,0,323
12/23/2006,BHM,AL,ASO,ES,Combined TRACON& Tower with Radar,90,89,105,0,284,0,0,55,0,55,90,89,160,0,339,0,0,0,339
12/24/2006,BHM,AL,ASO,ES,Combined TRACON& Tower with Radar,70,56,18,0,144,0,0,17,0,17,70,56,35,0,161,0,0,0,161
12/25/2006,BHM,AL,ASO,ES,Combined TRACON& Tower with Radar,66,52,11,0,129,0,1,0,0,1,66,53,11,0,130,0,0,0,130
12/26/2006,BHM,AL,ASO,ES,Combined TRACON& Tower with Radar,85,96,90,0,271,0,0,1,0,1,85,96,91,0,272,14,0,14,286
12/27/2006,BHM,AL,ASO,ES,Combined TRACON& Tower with Radar,89,130,99,6,324,0,1,74,1,76,89,131,173,7,400,0,0,0,400
12/28/2006,BHM,AL,ASO,ES,Combined TRACON& Tower with Radar,89,137,92,4,322,0,0,44,0,44,89,137,136,4,366,0,0,0,366
12/29/2006,BHM,AL,ASO,ES,Combined TRACON& Tower with Radar,91,113,112,5,321,0,0,53,1,54,91,113,165,6,375,18,0,18,393
12/30/2006,BHM,AL,ASO,ES,Combined TRACON& Tower with Radar,77,75,42,2,196,0,0,5,0,5,77,75,47,2,201,0,0,0,201
12/31/2006,BHM,AL,ASO,ES,Combined TRACON& Tower with Radar,72,51,25,0,148,0,0,8,0,8,72,51,33,0,156,0,0,0,156
01/01/2007,BHM,AL,ASO,ES,Combined TRACON& Tower with Radar,77,62,66,0,205,0,0,16,0,16,77,62,82,0,221,10,0,10,231
01/02/2007,BHM,AL,ASO,ES,Combined TRACON& Tower with Radar,93,108,121,1,323,0,0,47,0,47,93,108,168,1,370,6,0,6,376
01/03/2007,BHM,AL,ASO,ES,Combined TRACON& Tower with Radar,92,130,100,6,328,0,2,34,1,37,92,132,134,7,365,6,8,14,379
01/04/2007,BHM,AL,ASO,ES,Combined TRACON& Tower with Radar,85,141,107,4,337,0,0,0,0,0,85,141,107,4,337,0,0,0,337
01/05/2007,BHM,AL,ASO,ES,Combined TRACON& Tower with Radar,94,122,109,10,335,0,1,26,3,30,94,123,135,13,365,14,0,14,379
01/06/2007,BHM,AL,ASO,ES,Combined TRACON& Tower with Radar,70,83,73,0,226,0,0,36,4,40,70,83,109,4,266,18,0,18,284
01/07/2007,BHM,AL,ASO,ES,Combined TRACON& Tower with Radar,80,76,40,0,196,0,0,0,0,0,80,76,40,0,196,20,0,20,216
01/08/2007,BHM,AL,ASO,ES,Combined TRACON& Tower with Radar,84,107,114,6,311,0,0,34,2,36,84,107,148,8,347,34,0,34,381
01/09/2007,BHM,AL,ASO,ES,Combined TRACON& Tower with Radar,83,132,155,6,376,0,0,58,4,62,83,132,213,10,438,10,0,10,448
01/10/2007,BHM,AL,ASO,ES,Combined TRACON& Tower with Radar,93,130,155,6,384,0,2,65,13,80,93,132,220,19,464,12,4,16,480
01/11/2007,BHM,AL,ASO,ES,Combined TRACON& Tower with Radar,88,136,125,12,361,0,0,58,3,61,88,136,183,15,422,16,4,20,442
01/12/2007,BHM,AL,ASO,ES,Combined TRACON& Tower with Radar,83,113,135,2,333,0,0,39,0,39,83,113,174,2,372,2,0,2,374
01/13/2007,BHM,AL,ASO,ES,Combined TRACON& Tower with Radar,56,94,58,0,208,2,2,89,0,93,58,96,147,0,301,0,0,0,301
01/14/2007,BHM,AL,ASO,ES,Combined TRACON& Tower with Radar,58,80,53,2,193,0,0,58,0,58,58,80,111,2,251,36,0,36,287
01/15/2007,BHM,AL,ASO,ES,Combined TRACON& Tower with Radar,65,103,106,0,274,0,0,5,0,5,65,103,111,0,279,0,0,0,279
01/16/2007,BHM,AL,ASO,ES,Combined TRACON& Tower with Radar,68,130,115,13,326,0,2,1,3,6,68,132,116,16,332,0,0,0,332
01/17/2007,BHM,AL,ASO,ES,Combined TRACON& Tower with Radar,69,140,181,9,399,0,1,10,0,11,69,141,191,9,410,9,6,15,425
01/18/2007,BHM,AL,ASO,ES,Combined TRACON& Tower with Radar,84,127,146,7,364,0,0,1,0,1,84,127,147,7,365,0,0,0,365
01/19/2007,BHM,AL,ASO,ES,Combined TRACON& Tower with Radar,90,125,150,12,377,0,3,37,4,44,90,128,187,16,421,54,0,54,475
01/20/2007,BHM,AL,ASO,ES,Combined TRACON& Tower with Radar,66,71,68,22,227,0,0,66,11,77,66,71,134,33,304,53,0,53,357
01/21/2007,BHM,AL,ASO,ES,Combined TRACON& Tower with Radar,70,63,55,18,206,0,0,0,1,1,70,63,55,19,207,0,0,0,207
01/22/2007,BHM,AL,ASO,ES,Combined TRACON& Tower with Radar,82,111,105,0,298,0,2,4,0,6,82,113,109,0,304,0,0,0,304
01/23/2007,BHM,AL,ASO,ES,Combined TRACON& Tower with Radar,81,123,133,3,340,0,5,38,9,52,81,128,171,12,392,30,0,30,422
01/24/2007,BHM,AL,ASO,ES,Combined TRACON& Tower with Radar,90,121,147,8,366,0,3,46,4,53,90,124,193,12,419,2,0,2,421
01/25/2007,BHM,AL,ASO,ES,Combined TRACON& Tower with Radar,86,129,148,4,367,0,7,57,0,64,86,136,205,4,431,44,2,46,477
01/26/2007,BHM,AL,ASO,ES,Combined TRACON& Tower with Radar,89,119,115,5,328,0,7,51,2,60,89,126,166,7,388,17,0,17,405
01/27/2007,BHM,AL,ASO,ES,Combined TRACON& Tower with Radar,67,83,40,1,191,0,4,57,8,69,67,87,97,9,260,36,0,36,296
01/28/2007,BHM,AL,ASO,ES,Combined TRACON& Tower with Radar,71,71,60,3,205,0,0,41,5,46,71,71,101,8,251,8,0,8,259
01/29/2007,BHM,AL,ASO,ES,Combined TRACON& Tower with Radar,81,112,125,4,322,0,0,45,0,45,81,112,170,4,367,16,0,16,383
01/30/2007,BHM,AL,ASO,ES,Combined TRACON& Tower with Radar,83,131,128,7,349,0,16,43,2,61,83,147,171,9,410,0,4,4,414
01/31/2007,BHM,AL,ASO,ES,Combined TRACON& Tower with Radar,86,130,152,5,373,0,0,37,1,38,86,130,189,6,411,2,2,4,415
02/01/2007,BHM,AL,ASO,ES,Combined TRACON& Tower with Radar,79,125,100,0,304,0,0,0,0,0,79,125,100,0,304,0,0,0,304
02/02/2007,BHM,AL,ASO,ES,Combined TRACON& Tower with Radar,87,120,121,6,334,0,0,3,1,4,87,120,124,7,338,0,0,0,338
02/03/2007,BHM,AL,ASO,ES,Combined TRACON& Tower with Radar,67,75,45,4,191,0,0,24,4,28,67,75,69,8,219,2,0,2,221
02/04/2007,BHM,AL,ASO,ES,Combined TRACON& Tower with Radar,70,71,50,3,194,0,3,36,9,48,70,74,86,12,242,29,2,31,273
02/05/2007,BHM,AL,ASO,ES,Combined TRACON& Tower with Radar,75,100,107,16,298,0,7,26,1,34,75,107,133,17,332,11,0,11,343
02/06/2007,BHM,AL,ASO,ES,Combined TRACON& Tower with Radar,82,124,134,5,345,0,0,23,6,29,82,124,157,11,374,2,2,4,378
02/07/2007,BHM,AL,ASO,ES,Combined TRACON& Tower with Radar,90,120,140,9,359,0,12,58,14,84,90,132,198,23,443,0,0,0,443
02/08/2007,BHM,AL,ASO,ES,Combined TRACON& Tower with Radar,86,127,144,7,364,0,0,9,3,12,86,127,153,10,376,2,0,2,378
02/09/2007,BHM,AL,ASO,ES,Combined TRACON& Tower with Radar,91,107,102,9,309,0,0,5,0,5,91,107,107,9,314,0,0,0,314
02/10/2007,BHM,AL,ASO,ES,Combined TRACON& Tower with Radar,68,71,65,10,214,0,1,64,0,65,68,72,129,10,279,20,2,22,301
02/11/2007,BHM,AL,ASO,ES,Combined TRACON& Tower with Radar,69,64,76,9,218,0,0,81,0,81,69,64,157,9,299,8,0,8,307
02/12/2007,BHM,AL,ASO,ES,Combined TRACON& Tower with Radar,82,112,132,0,326,0,0,41,2,43,82,112,173,2,369,8,0,8,377
02/13/2007,BHM,AL,ASO,ES,Combined TRACON& Tower with Radar,75,112,103,1,291,0,0,3,1,4,75,112,106,2,295,0,0,0,295
02/14/2007,BHM,AL,ASO,ES,Combined TRACON& Tower with Radar,94,111,123,4,332,0,0,13,1,14,94,111,136,5,346,4,2,6,352
02/15/2007,BHM,AL,ASO,ES,Combined TRACON& Tower with Radar,86,128,205,4,423,0,5,45,0,50,86,133,250,4,473,0,0,0,473
02/16/2007,BHM,AL,ASO,ES,Combined TRACON& Tower with Radar,88,131,134,7,360,0,1,31,0,32,88,132,165,7,392,14,0,14,406
02/17/2007,BHM,AL,ASO,ES,Combined TRACON& Tower with Radar,68,76,39,2,185,0,2,26,0,28,68,78,65,2,213,4,0,4,217
02/18/2007,BHM,AL,ASO,ES,Combined TRACON& Tower with Radar,69,77,94,3,243,0,4,53,0,57,69,81,147,3,300,12,2,14,314
02/19/2007,BHM,AL,ASO,ES,Combined TRACON& Tower with Radar,84,100,125,0,309,0,0,38,0,38,84,100,163,0,347,20,0,20,367
02/20/2007,BHM,AL,ASO,ES,Combined TRACON& Tower with Radar,85,109,161,2,357,0,0,13,3,16,85,109,174,5,373,40,0,40,413
02/21/2007,BHM,AL,ASO,ES,Combined TRACON& Tower with Radar,88,127,138,8,361,0,0,21,0,21,88,127,159,8,382,0,0,0,382
02/22/2007,BHM,AL,ASO,ES,Combined TRACON& Tower with Radar,90,134,144,8,376,0,3,86,3,92,90,137,230,11,468,16,0,16,484
02/23/2007,BHM,AL,ASO,ES,Combined TRACON& Tower with Radar,88,123,147,17,375,0,1,56,8,65,88,124,203,25,440,12,8,20,460
02/24/2007,BHM,AL,ASO,ES,Combined TRACON& Tower with Radar,67,71,63,0,201,0,0,28,0,28,67,71,91,0,229,4,0,4,233
02/25/2007,BHM,AL,ASO,ES,Combined TRACON& Tower with Radar,68,72,63,2,205,0,0,26,2,28,68,72,89,4,233,4,0,4,237
02/26/2007,BHM,AL,ASO,ES,Combined TRACON& Tower with Radar,86,118,119,2,325,0,0,68,2,70,86,118,187,4,395,38,0,38,433
02/27/2007,BHM,AL,ASO,ES,Combined TRACON& Tower with Radar,86,121,143,9,359,0,1,75,3,79,86,122,218,12,438,0,0,0,438
02/28/2007,BHM,AL,ASO,ES,Combined TRACON& Tower with Radar,89,135,154,4,382,0,2,62,2,66,89,137,216,6,448,0,0,0,448
03/01/2007,BHM,AL,ASO,ES,Combined TRACON& Tower with Radar,89,114,71,0,274,0,0,8,0,8,89,114,79,0,282,0,0,0,282
03/02/2007,BHM,AL,ASO,ES,Combined TRACON& Tower with Radar,94,131,157,18,400,0,2,78,3,83,94,133,235,21,483,34,0,34,517
03/03/2007,BHM,AL,ASO,ES,Combined TRACON& Tower with Radar,71,78,62,3,214,0,1,56,6,63,71,79,118,9,277,2,0,2,279
03/04/2007,BHM,AL,ASO,ES,Combined TRACON& Tower with Radar,72,79,86,1,238,0,1,32,3,36,72,80,118,4,274,24,0,24,298
03/05/2007,BHM,AL,ASO,ES,Combined TRACON& Tower with Radar,85,103,133,1,322,0,0,53,0,53,85,103,186,1,375,0,0,0,375
03/06/2007,BHM,AL,ASO,ES,Combined TRACON& Tower with Radar,87,129,124,7,347,0,6,78,1,85,87,135,202,8,432,18,0,18,450
03/07/2007,BHM,AL,ASO,ES,Combined TRACON& Tower with Radar,90,133,149,5,377,0,0,48,2,50,90,133,197,7,427,10,24,34,461
03/08/2007,BHM,AL,ASO,ES,Combined TRACON& Tower with Radar,90,130,146,8,374,0,4,65,10,79,90,134,211,18,453,4,0,4,457
03/09/2007,BHM,AL,ASO,ES,Combined TRACON& Tower with Radar,96,130,169,6,401,0,1,41,3,45,96,131,210,9,446,0,0,0,446
03/10/2007,BHM,AL,ASO,ES,Combined TRACON& Tower with Radar,68,89,44,8,209,0,3,48,1,52,68,92,92,9,261,8,0,8,269
03/11/2007,BHM,AL,ASO,ES,Combined TRACON& Tower with Radar,74,71,67,0,212,0,0,57,0,57,74,71,124,0,269,14,0,14,283
03/12/2007,BHM,AL,ASO,ES,Combined TRACON& Tower with Radar,90,98,122,4,314,0,0,40,0,40,90,98,162,4,354,0,0,0,354
03/13/2007,BHM,AL,ASO,ES,Combined TRACON& Tower with Radar,92,126,152,2,372,0,0,48,2,50,92,126,200,4,422,0,0,0,422
03/14/2007,BHM,AL,ASO,ES,Combined TRACON& Tower with Radar,88,131,144,11,374,0,0,37,4,41,88,131,181,15,415,18,0,18,433
03/15/2007,BHM,AL,ASO,ES,Combined TRACON& Tower with Radar,91,114,150,5,360,0,0,6,0,6,91,114,156,5,366,4,0,4,370
03/16/2007,BHM,AL,ASO,ES,Combined TRACON& Tower with Radar,97,114,140,5,356,0,3,23,4,30,97,117,163,9,386,0,0,0,386
03/17/2007,BHM,AL,ASO,ES,Combined TRACON& Tower with Radar,77,86,80,3,246,0,0,57,2,59,77,86,137,5,305,0,0,0,305
03/18/2007,BHM,AL,ASO,ES,Combined TRACON& Tower with Radar,80,69,68,2,219,0,2,70,2,74,80,71,138,4,293,6,0,6,299
03/19/2007,BHM,AL,ASO,ES,Combined TRACON& Tower with Radar,88,94,123,3,308,0,0,33,1,34,88,94,156,4,342,0,0,0,342
03/20/2007,BHM,AL,ASO,ES,Combined TRACON& Tower with Radar,91,130,123,4,348,0,4,55,3,62,91,134,178,7,410,6,0,6,416
03/21/2007,BHM,AL,ASO,ES,Combined TRACON& Tower with Radar,94,137,145,6,382,0,0,40,1,41,94,137,185,7,423,2,0,2,425
03/22/2007,BHM,AL,ASO,ES,Combined TRACON& Tower with Radar,96,126,178,7,407,0,1,48,1,50,96,127,226,8,457,0,0,0,457
03/23/2007,BHM,AL,ASO,ES,Combined TRACON& Tower with Radar,92,141,134,2,369,0,2,56,1,59,92,143,190,3,428,12,0,12,440
03/24/2007,BHM,AL,ASO,ES,Combined TRACON& Tower with Radar,80,83,85,8,256,0,1,82,0,83,80,84,167,8,339,0,0,0,339
03/25/2007,BHM,AL,ASO,ES,Combined TRACON& Tower with Radar,78,81,110,10,279,0,1,49,0,50,78,82,159,10,329,36,0,36,365
03/26/2007,BHM,AL,ASO,ES,Combined TRACON& Tower with Radar,85,101,94,2,282,0,1,33,1,35,85,102,127,3,317,0,0,0,317
03/27/2007,BHM,AL,ASO,ES,Combined TRACON& Tower with Radar,91,142,160,1,394,0,0,36,2,38,91,142,196,3,432,2,2,4,436
03/28/2007,BHM,AL,ASO,ES,Combined TRACON& Tower with Radar,94,133,146,5,378,0,5,64,3,72,94,138,210,8,450,8,0,8,458
03/29/2007,BHM,AL,ASO,ES,Combined TRACON& Tower with Radar,92,147,181,8,428,0,1,44,2,47,92,148,225,10,475,0,0,0,475
03/30/2007,BHM,AL,ASO,ES,Combined TRACON& Tower with Radar,87,124,123,5,339,0,1,11,4,16,87,125,134,9,355,0,0,0,355
03/31/2007,BHM,AL,ASO,ES,Combined TRACON& Tower with Radar,77,80,67,0,224,0,0,32,0,32,77,80,99,0,256,14,0,14,270
04/01/2007,BHM,AL,ASO,ES,Combined TRACON& Tower with Radar,81,69,74,2,226,0,0,12,0,12,81,69,86,2,238,0,0,0,238
04/02/2007,BHM,AL,ASO,ES,Combined TRACON& Tower with Radar,88,109,139,5,341,0,3,14,0,17,88,112,153,5,358,8,0,8,366
04/03/2007,BHM,AL,ASO,ES,Combined TRACON& Tower with Radar,91,131,170,2,394,0,0,13,1,14,91,131,183,3,408,0,0,0,408
04/04/2007,BHM,AL,ASO,ES,Combined TRACON& Tower with Radar,95,122,172,5,394,0,0,37,3,40,95,122,209,8,434,0,0,0,434
04/05/2007,BHM,AL,ASO,ES,Combined TRACON& Tower with Radar,89,128,184,9,410,0,3,60,6,69,89,131,244,15,479,0,0,0,479
04/06/2007,BHM,AL,ASO,ES,Combined TRACON& Tower with Radar,91,119,137,12,359,0,2,46,3,51,91,121,183,15,410,4,4,8,418
04/07/2007,BHM,AL,ASO,ES,Combined TRACON& Tower with Radar,76,68,73,0,217,0,2,54,0,56,76,70,127,0,273,6,0,6,279
04/08/2007,BHM,AL,ASO,ES,Combined TRACON& Tower with Radar,77,65,78,4,224,0,2,34,0,36,77,67,112,4,260,46,0,46,306
04/09/2007,BHM,AL,ASO,ES,Combined TRACON& Tower with Radar,89,108,179,3,379,0,1,39,2,42,89,109,218,5,421,2,0,2,423
04/10/2007,BHM,AL,ASO,ES,Combined TRACON& Tower with Radar,93,135,149,5,382,0,1,39,3,43,93,136,188,8,425,2,0,2,427
04/11/2007,BHM,AL,ASO,ES,Combined TRACON& Tower with Radar,96,129,130,2,357,0,0,5,3,8,96,129,135,5,365,0,0,0,365
04/12/2007,BHM,AL,ASO,ES,Combined TRACON& Tower with Radar,94,121,174,9,398,0,6,49,12,67,94,127,223,21,465,12,0,12,477
04/13/2007,BHM,AL,ASO,ES,Combined TRACON& Tower with Radar,91,126,126,3,346,0,2,80,1,83,91,128,206,4,429,16,2,18,447
04/14/2007,BHM,AL,ASO,ES,Combined TRACON& Tower with Radar,76,73,30,0,179,0,1,4,0,5,76,74,34,0,184,0,0,0,184
04/15/2007,BHM,AL,ASO,ES,Combined TRACON& Tower with Radar,77,69,65,2,213,0,0,8,4,12,77,69,73,6,225,0,0,0,225
04/16/2007,BHM,AL,ASO,ES,Combined TRACON& Tower with Radar,88,116,129,4,337,0,2,33,10,45,88,118,162,14,382,0,0,0,382
04/17/2007,BHM,AL,ASO,ES,Combined TRACON& Tower with Radar,89,124,159,6,378,0,3,64,6,73,89,127,223,12,451,22,0,22,473
04/18/2007,BHM,AL,ASO,ES,Combined TRACON& Tower with Radar,94,131,147,12,384,0,2,47,1,50,94,133,194,13,434,6,8,14,448
04/19/2007,BHM,AL,ASO,ES,Combined TRACON& Tower with Radar,92,130,166,6,394,0,3,78,5,86,92,133,244,11,480,0,0,0,480
04/20/2007,BHM,AL,ASO,ES,Combined TRACON& Tower with Radar,93,130,145,4,372,0,3,80,7,90,93,133,225,11,462,0,0,0,462
04/21/2007,BHM,AL,ASO,ES,Combined TRACON& Tower with Radar,79,78,58,0,215,0,3,58,6,67,79,81,116,6,282,32,0,32,314
04/22/2007,BHM,AL,ASO,ES,Combined TRACON& Tower with Radar,80,64,102,6,252,0,5,52,5,62,80,69,154,11,314,12,0,12,326
04/23/2007,BHM,AL,ASO,ES,Combined TRACON& Tower with Radar,89,108,144,4,345,0,1,42,2,45,89,109,186,6,390,10,0,10,400
04/24/2007,BHM,AL,ASO,ES,Combined TRACON& Tower with Radar,85,123,192,4,404,0,0,40,7,47,85,123,232,11,451,20,0,20,471
04/25/2007,BHM,AL,ASO,ES,Combined TRACON& Tower with Radar,144,83,190,12,429,0,0,22,4,26,144,83,212,16,455,28,0,28,483
04/26/2007,BHM,AL,ASO,ES,Combined TRACON& Tower with Radar,155,77,141,0,373,0,0,9,5,14,155,77,150,5,387,10,0,10,397
04/27/2007,BHM,AL,ASO,ES,Combined TRACON& Tower with Radar,156,67,150,12,385,0,0,86,0,86,156,67,236,12,471,0,2,2,473
04/28/2007,BHM,AL,ASO,ES,Combined TRACON& Tower with Radar,134,26,88,2,250,0,0,51,0,51,134,26,139,2,301,0,0,0,301
04/29/2007,BHM,AL,ASO,ES,Combined TRACON& Tower with Radar,80,79,86,2,247,0,0,96,3,99,80,79,182,5,346,6,0,6,352
04/30/2007,BHM,AL,ASO,ES,Combined TRACON& Tower with Radar,155,42,157,2,356,0,3,81,0,84,155,45,238,2,440,18,0,18,458
05/01/2007,BHM,AL,ASO,ES,Combined TRACON& Tower with Radar,96,122,161,10,389,0,2,47,0,49,96,124,208,10,438,22,0,22,460
05/02/2007,BHM,AL,ASO,ES,Combined TRACON& Tower with Radar,97,120,153,10,380,0,2,62,3,67,97,122,215,13,447,4,4,8,455
05/03/2007,BHM,AL,ASO,ES,Combined TRACON& Tower with Radar,93,121,158,2,374,0,1,31,3,35,93,122,189,5,409,0,0,0,409
05/04/2007,BHM,AL,ASO,ES,Combined TRACON& Tower with Radar,97,127,125,22,371,0,0,36,7,43,97,127,161,29,414,0,0,0,414
05/05/2007,BHM,AL,ASO,ES,Combined TRACON& Tower with Radar,92,80,132,1,305,0,0,57,5,62,92,80,189,6,367,14,0,14,381
05/06/2007,BHM,AL,ASO,ES,Combined TRACON& Tower with Radar,80,72,97,3,252,0,0,33,3,36,80,72,130,6,288,26,0,26,314
05/07/2007,BHM,AL,ASO,ES,Combined TRACON& Tower with Radar,95,102,145,10,352,0,2,43,7,52,95,104,188,17,404,6,0,6,410
05/08/2007,BHM,AL,ASO,ES,Combined TRACON& Tower with Radar,101,133,126,12,372,0,2,56,2,60,101,135,182,14,432,19,0,19,451
05/09/2007,BHM,AL,ASO,ES,Combined TRACON& Tower with Radar,97,131,179,5,412,0,5,30,3,38,97,136,209,8,450,8,0,8,458
05/10/2007,BHM,AL,ASO,ES,Combined TRACON& Tower with Radar,103,130,153,10,396,0,2,56,1,59,103,132,209,11,455,22,12,34,489
05/11/2007,BHM,AL,ASO,ES,Combined TRACON& Tower with Radar,102,117,130,10,359,0,2,29,4,35,102,119,159,14,394,14,0,14,408
05/12/2007,BHM,AL,ASO,ES,Combined TRACON& Tower with Radar,105,73,63,2,243,0,0,40,0,40,105,73,103,2,283,0,0,0,283
05/13/2007,BHM,AL,ASO,ES,Combined TRACON& Tower with Radar,80,57,64,0,201,0,0,30,0,30,80,57,94,0,231,36,0,36,267
05/14/2007,BHM,AL,ASO,ES,Combined TRACON& Tower with Radar,89,108,134,6,337,0,0,47,0,47,89,108,181,6,384,24,4,28,412
05/15/2007,BHM,AL,ASO,ES,Combined TRACON& Tower with Radar,100,131,155,7,393,0,0,40,2,42,100,131,195,9,435,0,0,0,435
05/16/2007,BHM,AL,ASO,ES,Combined TRACON& Tower with Radar,100,151,180,8,439,0,0,6,1,7,100,151,186,9,446,2,0,2,448
05/17/2007,BHM,AL,ASO,ES,Combined TRACON& Tower with Radar,100,140,188,19,447,0,4,40,5,49,100,144,228,24,496,0,0,0,496
05/18/2007,BHM,AL,ASO,ES,Combined TRACON& Tower with Radar,103,122,134,5,364,0,1,59,5,65,103,123,193,10,429,14,0,14,443
05/19/2007,BHM,AL,ASO,ES,Combined TRACON& Tower with Radar,85,88,78,4,255,0,2,62,3,67,85,90,140,7,322,0,0,0,322
05/20/2007,BHM,AL,ASO,ES,Combined TRACON& Tower with Radar,82,92,93,5,272,0,0,73,6,79,82,92,166,11,351,10,0,10,361
05/21/2007,BHM,AL,ASO,ES,Combined TRACON& Tower with Radar,98,119,148,5,370,0,2,46,7,55,98,121,194,12,425,0,0,0,425
05/22/2007,BHM,AL,ASO,ES,Combined TRACON& Tower with Radar,94,144,137,7,382,0,0,56,6,62,94,144,193,13,444,16,0,16,460
05/23/2007,BHM,AL,ASO,ES,Combined TRACON& Tower with Radar,100,148,178,15,441,0,1,35,7,43,100,149,213,22,484,0,0,0,484
05/24/2007,BHM,AL,ASO,ES,Combined TRACON& Tower with Radar,99,137,186,6,428,0,1,49,0,50,99,138,235,6,478,12,0,12,490
05/25/2007,BHM,AL,ASO,ES,Combined TRACON& Tower with Radar,98,121,136,6,361,0,1,68,2,71,98,122,204,8,432,6,0,6,438
05/26/2007,BHM,AL,ASO,ES,Combined TRACON& Tower with Radar,85,85,51,4,225,0,0,24,0,24,85,85,75,4,249,10,0,10,259
05/27/2007,BHM,AL,ASO,ES,Combined TRACON& Tower with Radar,67,62,40,0,169,0,3,16,1,20,67,65,56,1,189,14,12,26,215
05/28/2007,BHM,AL,ASO,ES,Combined TRACON& Tower with Radar,82,75,67,3,227,0,5,30,1,36,82,80,97,4,263,0,0,0,263
05/29/2007,BHM,AL,ASO,ES,Combined TRACON& Tower with Radar,95,122,136,7,360,0,0,31,3,34,95,122,167,10,394,0,0,0,394
05/30/2007,BHM,AL,ASO,ES,Combined TRACON& Tower with Radar,93,143,160,7,403,0,0,17,4,21,93,143,177,11,424,0,0,0,424
05/31/2007,BHM,AL,ASO,ES,Combined TRACON& Tower with Radar,97,131,134,12,374,0,1,57,11,69,97,132,191,23,443,0,0,0,443
06/01/2007,BHM,AL,ASO,ES,Combined TRACON& Tower with Radar,105,123,148,13,389,0,2,29,11,42,105,125,177,24,431,2,0,2,433
06/02/2007,BHM,AL,ASO,ES,Combined TRACON& Tower with Radar,83,77,51,0,211,0,0,0,0,0,83,77,51,0,211,26,0,26,237
06/03/2007,BHM,AL,ASO,ES,Combined TRACON& Tower with Radar,84,75,81,3,243,0,1,22,7,30,84,76,103,10,273,0,3,3,276
06/04/2007,BHM,AL,ASO,ES,Combined TRACON& Tower with Radar,94,106,119,4,323,0,0,32,1,33,94,106,151,5,356,0,0,0,356
06/05/2007,BHM,AL,ASO,ES,Combined TRACON& Tower with Radar,97,134,118,4,353,0,1,29,2,32,97,135,147,6,385,12,0,12,397
06/06/2007,BHM,AL,ASO,ES,Combined TRACON& Tower with Radar,99,130,145,10,384,0,2,59,4,65,99,132,204,14,449,0,0,0,449
06/07/2007,BHM,AL,ASO,ES,Combined TRACON& Tower with Radar,100,144,165,8,417,0,0,23,4,27,100,144,188,12,444,0,0,0,444
06/08/2007,BHM,AL,ASO,ES,Combined TRACON& Tower with Radar,106,131,131,4,372,0,0,19,1,20,106,131,150,5,392,0,0,0,392
06/09/2007,BHM,AL,ASO,ES,Combined TRACON& Tower with Radar,84,86,66,7,243,0,0,55,1,56,84,86,121,8,299,12,0,12,311
06/10/2007,BHM,AL,ASO,ES,Combined TRACON& Tower with Radar,88,82,93,7,270,0,0,58,0,58,88,82,151,7,328,20,0,20,348
06/11/2007,BHM,AL,ASO,ES,Combined TRACON& Tower with Radar,99,108,140,0,347,0,0,34,1,35,99,108,174,1,382,10,0,10,392
06/12/2007,BHM,AL,ASO,ES,Combined TRACON& Tower with Radar,99,133,146,3,381,0,0,44,4,48,99,133,190,7,429,0,0,0,429
06/13/2007,BHM,AL,ASO,ES,Combined TRACON& Tower with Radar,103,137,167,5,412,0,2,83,5,90,103,139,250,10,502,0,0,0,502
06/14/2007,BHM,AL,ASO,ES,Combined TRACON& Tower with Radar,102,151,169,9,431,0,3,41,5,49,102,154,210,14,480,18,4,22,502
06/15/2007,BHM,AL,ASO,ES,Combined TRACON& Tower with Radar,111,151,143,17,422,0,0,27,2,29,111,151,170,19,451,4,2,6,457
06/16/2007,BHM,AL,ASO,ES,Combined TRACON& Tower with Radar,84,92,49,6,231,0,1,53,5,59,84,93,102,11,290,0,24,24,314
06/17/2007,BHM,AL,ASO,ES,Combined TRACON& Tower with Radar,84,74,83,1,242,0,0,29,1,30,84,74,112,2,272,10,0,10,282
06/18/2007,BHM,AL,ASO,ES,Combined TRACON& Tower with Radar,97,131,116,7,351,0,1,36,4,41,97,132,152,11,392,8,0,8,400
06/19/2007,BHM,AL,ASO,ES,Combined TRACON& Tower with Radar,104,138,140,4,386,0,0,13,2,15,104,138,153,6,401,0,0,0,401
06/20/2007,BHM,AL,ASO,ES,Combined TRACON& Tower with Radar,105,132,138,15,390,0,2,41,0,43,105,134,179,15,433,2,0,2,435
06/21/2007,BHM,AL,ASO,ES,Combined TRACON& Tower with Radar,105,143,151,14,413,0,2,56,7,65,105,145,207,21,478,8,0,8,486
06/22/2007,BHM,AL,ASO,ES,Combined TRACON& Tower with Radar,107,123,158,3,391,0,4,57,8,69,107,127,215,11,460,0,0,0,460
06/23/2007,BHM,AL,ASO,ES,Combined TRACON& Tower with Radar,84,83,56,5,228,0,1,57,0,58,84,84,113,5,286,8,0,8,294
06/24/2007,BHM,AL,ASO,ES,Combined TRACON& Tower with Radar,86,90,65,4,245,0,4,36,5,45,86,94,101,9,290,0,0,0,290
06/25/2007,BHM,AL,ASO,ES,Combined TRACON& Tower with Radar,98,105,108,11,322,0,1,21,1,23,98,106,129,12,345,12,0,12,357
06/26/2007,BHM,AL,ASO,ES,Combined TRACON& Tower with Radar,99,136,155,6,396,0,0,30,1,31,99,136,185,7,427,0,0,0,427
06/27/2007,BHM,AL,ASO,ES,Combined TRACON& Tower with Radar,95,122,156,10,383,0,0,44,11,55,95,122,200,21,438,0,4,4,442
06/28/2007,BHM,AL,ASO,ES,Combined TRACON& Tower with Radar,99,126,159,6,390,0,0,49,8,57,99,126,208,14,447,0,0,0,447
06/29/2007,BHM,AL,ASO,ES,Combined TRACON& Tower with Radar,102,124,129,16,371,0,1,26,3,30,102,125,155,19,401,6,20,26,427
06/30/2007,BHM,AL,ASO,ES,Combined TRACON& Tower with Radar,85,91,54,1,231,0,2,41,2,45,85,93,95,3,276,16,0,16,292
07/01/2007,BHM,AL,ASO,ES,Combined TRACON& Tower with Radar,84,83,65,5,237,0,0,35,0,35,84,83,100,5,272,0,0,0,272
07/02/2007,BHM,AL,ASO,ES,Combined TRACON& Tower with Radar,91,110,85,5,291,0,2,47,0,49,91,112,132,5,340,0,0,0,340
07/03/2007,BHM,AL,ASO,ES,Combined TRACON& Tower with Radar,98,104,95,4,301,0,0,10,0,10,98,104,105,4,311,0,0,0,311
07/04/2007,BHM,AL,ASO,ES,Combined TRACON& Tower with Radar,77,66,19,0,162,0,0,20,0,20,77,66,39,0,182,0,0,0,182
07/05/2007,BHM,AL,ASO,ES,Combined TRACON& Tower with Radar,91,109,91,12,303,0,1,37,0,38,91,110,128,12,341,0,0,0,341
07/06/2007,BHM,AL,ASO,ES,Combined TRACON& Tower with Radar,102,128,85,13,328,0,1,15,1,17,102,129,100,14,345,0,0,0,345
07/07/2007,BHM,AL,ASO,ES,Combined TRACON& Tower with Radar,80,84,44,2,210,0,0,1,1,2,80,84,45,3,212,4,0,4,216
07/08/2007,BHM,AL,ASO,ES,Combined TRACON& Tower with Radar,91,95,77,1,264,0,2,10,0,12,91,97,87,1,276,2,0,2,278
07/09/2007,BHM,AL,ASO,ES,Combined TRACON& Tower with Radar,97,117,118,2,334,0,1,18,1,20,97,118,136,3,354,12,0,12,366
07/10/2007,BHM,AL,ASO,ES,Combined TRACON& Tower with Radar,101,132,126,11,370,0,0,12,0,12,101,132,138,11,382,0,0,0,382
07/11/2007,BHM,AL,ASO,ES,Combined TRACON& Tower with Radar,102,149,168,18,437,0,2,11,1,14,102,151,179,19,451,0,0,0,451
07/12/2007,BHM,AL,ASO,ES,Combined TRACON& Tower with Radar,101,145,178,17,441,0,1,37,1,39,101,146,215,18,480,2,0,2,482
07/13/2007,BHM,AL,ASO,ES,Combined TRACON& Tower with Radar,95,131,132,9,367,0,0,28,7,35,95,131,160,16,402,4,6,10,412
07/14/2007,BHM,AL,ASO,ES,Combined TRACON& Tower with Radar,75,76,57,3,211,0,0,5,11,16,75,76,62,14,227,30,0,30,257
07/15/2007,BHM,AL,ASO,ES,Combined TRACON& Tower with Radar,93,87,87,14,281,0,2,16,2,20,93,89,103,16,301,14,8,22,323
07/16/2007,BHM,AL,ASO,ES,Combined TRACON& Tower with Radar,90,98,125,5,318,0,0,21,0,21,90,98,146,5,339,4,0,4,343
07/17/2007,BHM,AL,ASO,ES,Combined TRACON& Tower with Radar,106,137,136,13,392,1,1,41,3,46,107,138,177,16,438,2,9,11,449
07/18/2007,BHM,AL,ASO,ES,Combined TRACON& Tower with Radar,105,129,163,12,409,0,1,19,7,27,105,130,182,19,436,14,0,14,450
07/19/2007,BHM,AL,ASO,ES,Combined TRACON& Tower with Radar,116,118,151,15,400,0,1,48,9,58,116,119,199,24,458,18,0,18,476
07/20/2007,BHM,AL,ASO,ES,Combined TRACON& Tower with Radar,110,123,117,19,369,0,0,40,4,44,110,123,157,23,413,22,0,22,435
07/21/2007,BHM,AL,ASO,ES,Combined TRACON& Tower with Radar,89,79,54,2,224,0,1,46,6,53,89,80,100,8,277,0,0,0,277
07/22/2007,BHM,AL,ASO,ES,Combined TRACON& Tower with Radar,93,81,70,5,249,0,3,36,5,44,93,84,106,10,293,3,1,4,297
07/23/2007,BHM,AL,ASO,ES,Combined TRACON& Tower with Radar,104,101,113,4,322,0,1,30,10,41,104,102,143,14,363,14,0,14,377
07/24/2007,BHM,AL,ASO,ES,Combined TRACON& Tower with Radar,104,141,151,10,406,0,0,42,0,42,104,141,193,10,448,0,0,0,448
07/25/2007,BHM,AL,ASO,ES,Combined TRACON& Tower with Radar,101,139,164,7,411,0,0,22,0,22,101,139,186,7,433,2,0,2,435
07/26/2007,BHM,AL,ASO,ES,Combined TRACON& Tower with Radar,98,140,162,12,412,0,0,63,2,65,98,140,225,14,477,8,4,12,489
07/27/2007,BHM,AL,ASO,ES,Combined TRACON& Tower with Radar,98,139,141,20,398,0,3,64,5,72,98,142,205,25,470,0,8,8,478
07/28/2007,BHM,AL,ASO,ES,Combined TRACON& Tower with Radar,81,83,35,1,200,0,0,29,1,30,81,83,64,2,230,0,0,0,230
07/29/2007,BHM,AL,ASO,ES,Combined TRACON& Tower with Radar,79,85,98,2,264,0,1,22,3,26,79,86,120,5,290,16,0,16,306
07/30/2007,BHM,AL,ASO,ES,Combined TRACON& Tower with Radar,93,110,136,21,360,0,1,31,4,36,93,111,167,25,396,6,0,6,402
07/31/2007,BHM,AL,ASO,ES,Combined TRACON& Tower with Radar,92,138,125,13,368,0,0,31,1,32,92,138,156,14,400,6,34,40,440
08/01/2007,BHM,AL,ASO,ES,Combined TRACON& Tower with Radar,94,144,140,12,390,0,0,50,8,58,94,144,190,20,448,30,0,30,478
08/02/2007,BHM,AL,ASO,ES,Combined TRACON& Tower with Radar,90,137,127,12,366,0,0,48,6,54,90,137,175,18,420,22,0,22,442
08/03/2007,BHM,AL,ASO,ES,Combined TRACON& Tower with Radar,79,92,57,1,229,0,2,31,3,36,79,94,88,4,265,2,0,2,267
08/04/2007,BHM,AL,ASO,ES,Combined TRACON& Tower with Radar,94,140,129,5,368,0,2,48,8,58,94,142,177,13,426,4,0,4,430
08/05/2007,BHM,AL,ASO,ES,Combined TRACON& Tower with Radar,83,90,79,1,253,0,2,24,8,34,83,92,103,9,287,34,0,34,321
08/06/2007,BHM,AL,ASO,ES,Combined TRACON& Tower with Radar,90,121,118,11,340,0,0,31,2,33,90,121,149,13,373,8,2,10,383
08/07/2007,BHM,AL,ASO,ES,Combined TRACON& Tower with Radar,95,143,106,4,348,0,0,49,7,56,95,143,155,11,404,6,0,6,410
08/08/2007,BHM,AL,ASO,ES,Combined TRACON& Tower with Radar,89,150,172,13,424,0,0,37,9,46,89,150,209,22,470,8,0,8,478
08/09/2007,BHM,AL,ASO,ES,Combined TRACON& Tower with Radar,91,138,104,17,350,0,2,44,4,50,91,140,148,21,400,14,0,14,414
08/10/2007,BHM,AL,ASO,ES,Combined TRACON& Tower with Radar,98,140,125,5,368,0,2,43,8,53,98,142,168,13,421,14,2,16,437
08/11/2007,BHM,AL,ASO,ES,Combined TRACON& Tower with Radar,79,82,46,2,209,0,1,38,0,39,79,83,84,2,248,18,0,18,266
08/12/2007,BHM,AL,ASO,ES,Combined TRACON& Tower with Radar,80,94,87,3,264,0,2,37,1,40,80,96,124,4,304,0,0,0,304
08/13/2007,BHM,AL,ASO,ES,Combined TRACON& Tower with Radar,90,112,116,5,323,0,0,35,0,35,90,112,151,5,358,8,0,8,366
08/14/2007,BHM,AL,ASO,ES,Combined TRACON& Tower with Radar,93,144,143,4,384,0,0,50,8,58,93,144,193,12,442,0,0,0,442
08/15/2007,BHM,AL,ASO,ES,Combined TRACON& Tower with Radar,88,143,157,13,401,0,1,37,7,45,88,144,194,20,446,10,2,12,458
08/16/2007,BHM,AL,ASO,ES,Combined TRACON& Tower with Radar,101,143,170,9,423,0,2,43,6,51,101,145,213,15,474,6,0,6,480
08/17/2007,BHM,AL,ASO,ES,Combined TRACON& Tower with Radar,96,140,129,18,383,0,0,21,5,26,96,140,150,23,409,0,0,0,409
08/18/2007,BHM,AL,ASO,ES,Combined TRACON& Tower with Radar,86,86,47,7,226,0,1,32,6,39,86,87,79,13,265,0,0,0,265
08/19/2007,BHM,AL,ASO,ES,Combined TRACON& Tower with Radar,74,94,93,5,266,0,2,44,5,51,74,96,137,10,317,52,0,52,369
08/20/2007,BHM,AL,ASO,ES,Combined TRACON& Tower with Radar,91,138,102,2,333,0,2,44,1,47,91,140,146,3,380,0,0,0,380
08/21/2007,BHM,AL,ASO,ES,Combined TRACON& Tower with Radar,86,141,156,11,394,0,0,49,5,54,86,141,205,16,448,2,0,2,450
08/22/2007,BHM,AL,ASO,ES,Combined TRACON& Tower with Radar,95,149,173,14,431,0,1,59,7,67,95,150,232,21,498,10,0,10,508
08/23/2007,BHM,AL,ASO,ES,Combined TRACON& Tower with Radar,109,134,129,21,393,0,0,38,6,44,109,134,167,27,437,24,10,34,471
08/24/2007,BHM,AL,ASO,ES,Combined TRACON& Tower with Radar,112,138,140,6,396,0,1,30,4,35,112,139,170,10,431,0,0,0,431
08/25/2007,BHM,AL,ASO,ES,Combined TRACON& Tower with Radar,82,83,48,0,213,0,0,39,1,40,82,83,87,1,253,22,0,22,275
08/26/2007,BHM,AL,ASO,ES,Combined TRACON& Tower with Radar,81,96,64,1,242,0,1,43,0,44,81,97,107,1,286,0,0,0,286
08/27/2007,BHM,AL,ASO,ES,Combined TRACON& Tower with Radar,83,121,118,4,326,0,0,29,1,30,83,121,147,5,356,0,0,0,356
08/28/2007,BHM,AL,ASO,ES,Combined TRACON& Tower with Radar,92,133,136,3,364,0,0,20,2,22,92,133,156,5,386,0,0,0,386
08/29/2007,BHM,AL,ASO,ES,Combined TRACON& Tower with Radar,115,140,149,13,417,0,0,37,2,39,115,140,186,15,456,0,0,0,456
08/30/2007,BHM,AL,ASO,ES,Combined TRACON& Tower with Radar,92,138,138,2,370,0,0,34,3,37,92,138,172,5,407,0,0,0,407
08/31/2007,BHM,AL,ASO,ES,Combined TRACON& Tower with Radar,95,140,177,5,417,0,1,24,2,27,95,141,201,7,444,10,0,10,454
09/01/2007,BHM,AL,ASO,ES,Combined TRACON& Tower with Radar,73,80,50,1,204,0,0,27,0,27,73,80,77,1,231,8,0,8,239
09/02/2007,BHM,AL,ASO,ES,Combined TRACON& Tower with Radar,63,67,55,1,186,0,0,10,0,10,63,67,65,1,196,0,0,0,196
09/03/2007,BHM,AL,ASO,ES,Combined TRACON& Tower with Radar,78,98,76,0,252,0,0,36,3,39,78,98,112,3,291,10,0,10,301
09/04/2007,BHM,AL,ASO,ES,Combined TRACON& Tower with Radar,1,127,121,7,256,90,0,41,13,144,91,127,162,20,400,0,0,0,400
09/05/2007,BHM,AL,ASO,ES,Combined TRACON& Tower with Radar,91,145,149,4,389,0,0,24,4,28,91,145,173,8,417,12,10,22,439
09/06/2007,BHM,AL,ASO,ES,Combined TRACON& Tower with Radar,100,144,171,10,425,0,1,31,9,41,100,145,202,19,466,0,0,0,466
09/07/2007,BHM,AL,ASO,ES,Combined TRACON& Tower with Radar,107,117,131,4,359,0,1,65,6,72,107,118,196,10,431,6,0,6,437
09/08/2007,BHM,AL,ASO,ES,Combined TRACON& Tower with Radar,79,76,63,4,222,0,6,58,1,65,79,82,121,5,287,0,0,0,287
09/09/2007,BHM,AL,ASO,ES,Combined TRACON& Tower with Radar,85,68,84,13,250,0,2,39,5,46,85,70,123,18,296,0,0,0,296
09/10/2007,BHM,AL,ASO,ES,Combined TRACON& Tower with Radar,94,117,113,6,330,0,3,33,4,40,94,120,146,10,370,0,0,0,370
09/11/2007,BHM,AL,ASO,ES,Combined TRACON& Tower with Radar,103,116,123,0,342,0,0,34,0,34,103,116,157,0,376,0,0,0,376
09/12/2007,BHM,AL,ASO,ES,Combined TRACON& Tower with Radar,101,131,161,14,407,0,2,18,1,21,101,133,179,15,428,0,0,0,428
09/13/2007,BHM,AL,ASO,ES,Combined TRACON& Tower with Radar,123,129,155,14,421,0,1,32,2,35,123,130,187,16,456,0,0,0,456
09/14/2007,BHM,AL,ASO,ES,Combined TRACON& Tower with Radar,117,115,96,0,328,0,0,10,4,14,117,115,106,4,342,4,4,8,350
09/15/2007,BHM,AL,ASO,ES,Combined TRACON& Tower with Radar,82,71,60,4,217,0,0,55,6,61,82,71,115,10,278,0,0,0,278
09/16/2007,BHM,AL,ASO,ES,Combined TRACON& Tower with Radar,89,75,71,1,236,0,3,45,1,49,89,78,116,2,285,10,0,10,295
09/17/2007,BHM,AL,ASO,ES,Combined TRACON& Tower with Radar,99,101,125,8,333,0,2,31,5,38,99,103,156,13,371,0,0,0,371
09/18/2007,BHM,AL,ASO,ES,Combined TRACON& Tower with Radar,107,116,155,4,382,0,1,59,7,67,107,117,214,11,449,0,0,0,449
09/19/2007,BHM,AL,ASO,ES,Combined TRACON& Tower with Radar,106,114,155,4,379,0,2,68,12,82,106,116,223,16,461,0,0,0,461
09/20/2007,BHM,AL,ASO,ES,Combined TRACON& Tower with Radar,103,125,159,12,399,0,2,71,10,83,103,127,230,22,482,0,0,0,482
09/21/2007,BHM,AL,ASO,ES,Combined TRACON& Tower with Radar,108,122,161,4,395,0,4,32,9,45,108,126,193,13,440,11,0,11,451
09/22/2007,BHM,AL,ASO,ES,Combined TRACON& Tower with Radar,80,64,69,11,224,0,3,40,4,47,80,67,109,15,271,0,0,0,271
09/23/2007,BHM,AL,ASO,ES,Combined TRACON& Tower with Radar,91,68,78,14,251,0,1,20,2,23,91,69,98,16,274,0,0,0,274
09/24/2007,BHM,AL,ASO,ES,Combined TRACON& Tower with Radar,101,104,115,11,331,0,5,46,4,55,101,109,161,15,386,0,0,0,386
09/25/2007,BHM,AL,ASO,ES,Combined TRACON& Tower with Radar,102,128,134,7,371,0,3,40,4,47,102,131,174,11,418,0,0,0,418
09/26/2007,BHM,AL,ASO,ES,Combined TRACON& Tower with Radar,104,129,154,6,393,0,9,45,5,59,104,138,199,11,452,0,0,0,452
09/27/2007,BHM,AL,ASO,ES,Combined TRACON& Tower with Radar,106,122,154,8,390,0,6,21,3,30,106,128,175,11,420,16,0,16,436
09/28/2007,BHM,AL,ASO,ES,Combined TRACON& Tower with Radar,109,123,174,1,407,0,3,48,8,59,109,126,222,9,466,10,0,10,476
09/29/2007,BHM,AL,ASO,ES,Combined TRACON& Tower with Radar,96,65,74,2,237,0,4,60,3,67,96,69,134,5,304,34,0,34,338
09/30/2007,BHM,AL,ASO,ES,Combined TRACON& Tower with Radar,91,73,112,1,277,0,3,48,0,51,91,76,160,1,328,22,0,22,350
10/01/2007,BHM,AL,ASO,ES,Combined TRACON& Tower with Radar,101,101,132,0,334,0,1,35,0,36,101,102,167,0,370,0,0,0,370
10/02/2007,BHM,AL,ASO,ES,Combined TRACON& Tower with Radar,100,124,156,5,385,0,5,56,2,63,100,129,212,7,448,0,0,0,448
10/03/2007,BHM,AL,ASO,ES,Combined TRACON& Tower with Radar,107,123,162,4,396,0,1,31,4,36,107,124,193,8,432,0,0,0,432
10/04/2007,BHM,AL,ASO,ES,Combined TRACON& Tower with Radar,109,125,141,3,378,0,5,20,9,34,109,130,161,12,412,0,0,0,412
10/05/2007,BHM,AL,ASO,ES,Combined TRACON& Tower with Radar,112,125,173,0,410,0,7,30,0,37,112,132,203,0,447,8,0,8,455
10/06/2007,BHM,AL,ASO,ES,Combined TRACON& Tower with Radar,90,69,83,0,242,0,5,42,0,47,90,74,125,0,289,0,0,0,289
10/07/2007,BHM,AL,ASO,ES,Combined TRACON& Tower with Radar,86,80,98,1,265,0,1,56,2,59,86,81,154,3,324,0,0,0,324
10/08/2007,BHM,AL,ASO,ES,Combined TRACON& Tower with Radar,107,97,116,2,322,0,3,33,0,36,107,100,149,2,358,0,0,0,358
10/09/2007,BHM,AL,ASO,ES,Combined TRACON& Tower with Radar,99,102,137,5,343,0,5,22,6,33,99,107,159,11,376,0,0,0,376
10/10/2007,BHM,AL,ASO,ES,Combined TRACON& Tower with Radar,104,121,142,3,370,0,3,38,6,47,104,124,180,9,417,0,0,0,417
10/11/2007,BHM,AL,ASO,ES,Combined TRACON& Tower with Radar,106,132,184,5,427,0,5,50,4,59,106,137,234,9,486,18,2,20,506
10/12/2007,BHM,AL,ASO,ES,Combined TRACON& Tower with Radar,104,132,162,14,412,0,7,57,9,73,104,139,219,23,485,0,0,0,485
10/13/2007,BHM,AL,ASO,ES,Combined TRACON& Tower with Radar,88,75,62,3,228,0,8,49,12,69,88,83,111,15,297,0,0,0,297
10/14/2007,BHM,AL,ASO,ES,Combined TRACON& Tower with Radar,88,79,99,15,281,0,5,51,2,58,88,84,150,17,339,0,0,0,339
10/15/2007,BHM,AL,ASO,ES,Combined TRACON& Tower with Radar,99,109,119,5,332,0,2,29,1,32,99,111,148,6,364,0,0,0,364
10/16/2007,BHM,AL,ASO,ES,Combined TRACON& Tower with Radar,101,127,138,5,371,0,2,19,0,21,101,129,157,5,392,0,0,0,392
10/17/2007,BHM,AL,ASO,ES,Combined TRACON& Tower with Radar,104,141,165,20,430,0,8,22,2,32,104,149,187,22,462,0,0,0,462
10/18/2007,BHM,AL,ASO,ES,Combined TRACON& Tower with Radar,108,137,162,5,412,0,1,15,1,17,108,138,177,6,429,0,6,6,435
10/19/2007,BHM,AL,ASO,ES,Combined TRACON& Tower with Radar,110,123,119,16,368,2,3,62,6,73,112,126,181,22,441,0,0,0,441
10/20/2007,BHM,AL,ASO,ES,Combined TRACON& Tower with Radar,86,68,69,11,234,0,0,77,9,86,86,68,146,20,320,0,0,0,320
10/21/2007,BHM,AL,ASO,ES,Combined TRACON& Tower with Radar,85,85,77,19,266,0,1,63,7,71,85,86,140,26,337,0,0,0,337
10/22/2007,BHM,AL,ASO,ES,Combined TRACON& Tower with Radar,98,110,151,12,371,0,1,8,1,10,98,111,159,13,381,0,0,0,381
10/23/2007,BHM,AL,ASO,ES,Combined TRACON& Tower with Radar,109,116,108,18,351,0,0,1,0,1,109,116,109,18,352,0,0,0,352
10/24/2007,BHM,AL,ASO,ES,Combined TRACON& Tower with Radar,109,117,185,15,426,0,1,1,1,3,109,118,186,16,429,0,0,0,429
10/25/2007,BHM,AL,ASO,ES,Combined TRACON& Tower with Radar,106,140,196,29,471,0,3,12,3,18,106,143,208,32,489,0,0,0,489
10/26/2007,BHM,AL,ASO,ES,Combined TRACON& Tower with Radar,108,134,152,24,418,0,4,24,4,32,108,138,176,28,450,0,0,0,450
10/27/2007,BHM,AL,ASO,ES,Combined TRACON& Tower with Radar,88,74,46,6,214,0,4,46,0,50,88,78,92,6,264,0,0,0,264
10/28/2007,BHM,AL,ASO,ES,Combined TRACON& Tower with Radar,87,81,112,4,284,0,3,44,3,50,87,84,156,7,334,0,0,0,334
10/29/2007,BHM,AL,ASO,ES,Combined TRACON& Tower with Radar,103,109,136,7,355,0,5,49,8,62,103,114,185,15,417,0,0,0,417
10/30/2007,BHM,AL,ASO,ES,Combined TRACON& Tower with Radar,102,116,162,11,391,0,4,60,7,71,102,120,222,18,462,9,0,9,471
10/31/2007,BHM,AL,ASO,ES,Combined TRACON& Tower with Radar,102,123,149,6,380,0,3,56,7,66,102,126,205,13,446,11,0,11,457
11/01/2007,BHM,AL,ASO,ES,Combined TRACON& Tower with Radar,106,130,183,9,428,0,6,54,5,65,106,136,237,14,493,0,0,0,493
11/02/2007,BHM,AL,ASO,ES,Combined TRACON& Tower with Radar,111,120,137,6,374,0,3,62,9,74,111,123,199,15,448,15,0,15,463
11/03/2007,BHM,AL,ASO,ES,Combined TRACON& Tower with Radar,84,65,71,12,232,0,6,80,14,100,84,71,151,26,332,0,0,0,332
11/04/2007,BHM,AL,ASO,ES,Combined TRACON& Tower with Radar,101,76,97,11,285,0,3,40,4,47,101,79,137,15,332,0,0,0,332
11/05/2007,BHM,AL,ASO,ES,Combined TRACON& Tower with Radar,122,94,128,10,354,0,6,32,2,40,122,100,160,12,394,9,0,9,403
11/06/2007,BHM,AL,ASO,ES,Combined TRACON& Tower with Radar,116,110,119,24,369,0,3,32,1,36,116,113,151,25,405,0,0,0,405
11/07/2007,BHM,AL,ASO,ES,Combined TRACON& Tower with Radar,120,131,148,19,418,0,4,50,1,55,120,135,198,20,473,28,0,28,501
11/08/2007,BHM,AL,ASO,ES,Combined TRACON& Tower with Radar,119,134,160,12,425,0,2,42,3,47,119,136,202,15,472,0,0,0,472
11/09/2007,BHM,AL,ASO,ES,Combined TRACON& Tower with Radar,121,116,149,10,396,0,5,62,3,70,121,121,211,13,466,0,0,0,466
11/10/2007,BHM,AL,ASO,ES,Combined TRACON& Tower with Radar,98,72,56,3,229,0,3,65,2,70,98,75,121,5,299,0,0,0,299
11/11/2007,BHM,AL,ASO,ES,Combined TRACON& Tower with Radar,101,71,90,7,269,0,4,43,3,50,101,75,133,10,319,13,0,13,332
11/12/2007,BHM,AL,ASO,ES,Combined TRACON& Tower with Radar,113,86,126,2,327,0,1,45,0,46,113,87,171,2,373,52,0,52,425
11/13/2007,BHM,AL,ASO,ES,Combined TRACON& Tower with Radar,114,102,178,7,401,0,6,48,2,56,114,108,226,9,457,0,0,0,457
11/14/2007,BHM,AL,ASO,ES,Combined TRACON& Tower with Radar,124,122,177,10,433,0,2,15,3,20,124,124,192,13,453,22,0,22,475
11/15/2007,BHM,AL,ASO,ES,Combined TRACON& Tower with Radar,118,129,154,6,407,0,4,39,13,56,118,133,193,19,463,0,0,0,463
11/16/2007,BHM,AL,ASO,ES,Combined TRACON& Tower with Radar,122,122,135,26,405,0,9,59,16,84,122,131,194,42,489,0,0,0,489
11/17/2007,BHM,AL,ASO,ES,Combined TRACON& Tower with Radar,93,68,63,9,233,0,3,46,4,53,93,71,109,13,286,0,0,0,286
11/18/2007,BHM,AL,ASO,ES,Combined TRACON& Tower with Radar,101,74,72,8,255,0,1,21,2,24,101,75,93,10,279,0,0,0,279
11/19/2007,BHM,AL,ASO,ES,Combined TRACON& Tower with Radar,116,103,115,9,343,0,5,84,5,94,116,108,199,14,437,70,0,70,507
11/20/2007,BHM,AL,ASO,ES,Combined TRACON& Tower with Radar,118,120,120,9,367,0,4,64,1,69,118,124,184,10,436,18,0,18,454
11/21/2007,BHM,AL,ASO,ES,Combined TRACON& Tower with Radar,124,108,144,4,380,0,0,5,0,5,124,108,149,4,385,0,0,0,385
11/22/2007,BHM,AL,ASO,ES,Combined TRACON& Tower with Radar,75,59,21,0,155,0,1,2,0,3,75,60,23,0,158,0,0,0,158
11/23/2007,BHM,AL,ASO,ES,Combined TRACON& Tower with Radar,102,87,71,2,262,0,8,37,0,45,102,95,108,2,307,0,0,0,307
11/24/2007,BHM,AL,ASO,ES,Combined TRACON& Tower with Radar,101,80,67,1,249,1,2,33,0,36,102,82,100,1,285,0,0,0,285
11/25/2007,BHM,AL,ASO,ES,Combined TRACON& Tower with Radar,100,72,101,3,276,0,0,0,0,0,100,72,101,3,276,0,0,0,276
11/26/2007,BHM,AL,ASO,ES,Combined TRACON& Tower with Radar,118,96,97,6,317,0,1,3,1,5,118,97,100,7,322,0,0,0,322
11/27/2007,BHM,AL,ASO,ES,Combined TRACON& Tower with Radar,110,116,164,9,399,0,6,28,5,39,110,122,192,14,438,4,12,16,454
11/28/2007,BHM,AL,ASO,ES,Combined TRACON& Tower with Radar,120,115,174,11,420,0,9,61,11,81,120,124,235,22,501,46,0,46,547
11/29/2007,BHM,AL,ASO,ES,Combined TRACON& Tower with Radar,117,109,160,10,396,0,5,54,6,65,117,114,214,16,461,12,0,12,473
11/30/2007,BHM,AL,ASO,ES,Combined TRACON& Tower with Radar,118,115,145,8,386,0,6,54,14,74,118,121,199,22,460,8,0,8,468
12/01/2007,BHM,AL,ASO,ES,Combined TRACON& Tower with Radar,91,66,41,0,198,0,1,58,7,66,91,67,99,7,264,0,0,0,264
12/02/2007,BHM,AL,ASO,ES,Combined TRACON& Tower with Radar,100,75,98,16,289,0,1,18,6,25,100,76,116,22,314,0,0,0,314
12/03/2007,BHM,AL,ASO,ES,Combined TRACON& Tower with Radar,113,90,97,9,309,0,3,26,2,31,113,93,123,11,340,0,0,0,340
12/04/2007,BHM,AL,ASO,ES,Combined TRACON& Tower with Radar,114,114,132,29,389,0,13,36,1,50,114,127,168,30,439,3,0,3,442
12/05/2007,BHM,AL,ASO,ES,Combined TRACON& Tower with Radar,119,112,138,34,403,0,3,52,12,67,119,115,190,46,470,0,0,0,470
12/06/2007,BHM,AL,ASO,ES,Combined TRACON& Tower with Radar,121,111,138,20,390,0,3,40,7,50,121,114,178,27,440,38,0,38,478
12/07/2007,BHM,AL,ASO,ES,Combined TRACON& Tower with Radar,122,113,146,21,402,0,4,45,6,55,122,117,191,27,457,22,0,22,479
12/08/2007,BHM,AL,ASO,ES,Combined TRACON& Tower with Radar,92,71,63,6,232,0,1,2,8,11,92,72,65,14,243,0,0,0,243
12/09/2007,BHM,AL,ASO,ES,Combined TRACON& Tower with Radar,103,66,84,19,272,0,0,6,4,10,103,66,90,23,282,0,0,0,282
12/10/2007,BHM,AL,ASO,ES,Combined TRACON& Tower with Radar,111,99,148,8,366,0,1,34,1,36,111,100,182,9,402,0,0,0,402
12/11/2007,BHM,AL,ASO,ES,Combined TRACON& Tower with Radar,123,113,145,13,394,0,2,43,10,55,123,115,188,23,449,21,0,21,470
12/12/2007,BHM,AL,ASO,ES,Combined TRACON& Tower with Radar,119,128,172,14,433,0,1,9,7,17,119,129,181,21,450,0,0,0,450
12/13/2007,BHM,AL,ASO,ES,Combined TRACON& Tower with Radar,125,117,166,25,433,0,1,7,1,9,125,118,173,26,442,4,0,4,446
12/14/2007,BHM,AL,ASO,ES,Combined TRACON& Tower with Radar,119,111,147,21,398,0,5,45,8,58,119,116,192,29,456,0,0,0,456
12/15/2007,BHM,AL,ASO,ES,Combined TRACON& Tower with Radar,88,71,48,8,215,0,2,8,0,10,88,73,56,8,225,0,0,0,225
12/16/2007,BHM,AL,ASO,ES,Combined TRACON& Tower with Radar,101,69,65,4,239,0,0,16,3,19,101,69,81,7,258,26,0,26,284
12/17/2007,BHM,AL,ASO,ES,Combined TRACON& Tower with Radar,106,83,124,9,322,0,6,52,5,63,106,89,176,14,385,0,0,0,385
12/18/2007,BHM,AL,ASO,ES,Combined TRACON& Tower with Radar,117,125,130,22,394,0,3,51,7,61,117,128,181,29,455,0,0,0,455
12/19/2007,BHM,AL,ASO,ES,Combined TRACON& Tower with Radar,116,123,207,21,467,0,2,26,11,39,116,125,233,32,506,22,0,22,528
12/20/2007,BHM,AL,ASO,ES,Combined TRACON& Tower with Radar,119,119,128,5,371,0,1,5,0,6,119,120,133,5,377,0,0,0,377
12/21/2007,BHM,AL,ASO,ES,Combined TRACON& Tower with Radar,120,121,114,10,365,0,1,26,0,27,120,122,140,10,392,0,0,0,392
12/22/2007,BHM,AL,ASO,ES,Combined TRACON& Tower with Radar,97,79,91,0,267,0,0,7,0,7,97,79,98,0,274,0,0,0,274
12/23/2007,BHM,AL,ASO,ES,Combined TRACON& Tower with Radar,99,61,45,0,205,0,3,30,0,33,99,64,75,0,238,4,0,4,242
12/24/2007,BHM,AL,ASO,ES,Combined TRACON& Tower with Radar,87,71,37,0,195,0,6,34,0,40,87,77,71,0,235,0,0,0,235
12/25/2007,BHM,AL,ASO,ES,Combined TRACON& Tower with Radar,80,70,20,0,170,0,2,12,0,14,80,72,32,0,184,0,0,0,184
12/26/2007,BHM,AL,ASO,ES,Combined TRACON& Tower with Radar,118,98,105,0,321,0,1,20,0,21,118,99,125,0,342,0,0,0,342
12/27/2007,BHM,AL,ASO,ES,Combined TRACON& Tower with Radar,117,116,92,5,330,0,2,5,2,9,117,118,97,7,339,0,0,0,339
12/28/2007,BHM,AL,ASO,ES,Combined TRACON& Tower with Radar,113,120,48,4,285,1,0,1,0,2,114,120,49,4,287,0,0,0,287
12/29/2007,BHM,AL,ASO,ES,Combined TRACON& Tower with Radar,96,91,65,0,252,0,1,36,0,37,96,92,101,0,289,0,0,0,289
12/30/2007,BHM,AL,ASO,ES,Combined TRACON& Tower with Radar,93,63,40,0,196,0,0,12,0,12,93,63,52,0,208,0,0,0,208
12/31/2007,BHM,AL,ASO,ES,Combined TRACON& Tower with Radar,112,85,55,0,252,0,4,43,0,47,112,89,98,0,299,0,0,0,299
01/01/2008,BHM,AL,ASO,ES,Combined TRACON& Tower with Radar,89,68,50,0,207,0,4,14,0,18,89,72,64,0,225,0,0,0,225
01/02/2008,BHM,AL,ASO,ES,Combined TRACON& Tower with Radar,120,85,72,4,281,0,2,31,2,35,120,87,103,6,316,0,0,0,316
01/03/2008,BHM,AL,ASO,ES,Combined TRACON& Tower with Radar,112,108,99,8,327,0,2,34,3,39,112,110,133,11,366,0,0,0,366
01/04/2008,BHM,AL,ASO,ES,Combined TRACON& Tower with Radar,115,111,81,9,316,0,5,48,17,70,115,116,129,26,386,0,0,0,386
01/05/2008,BHM,AL,ASO,ES,Combined TRACON& Tower with Radar,94,71,54,0,219,0,2,50,6,58,94,73,104,6,277,0,0,0,277
01/06/2008,BHM,AL,ASO,ES,Combined TRACON& Tower with Radar,93,70,56,4,223,0,0,28,10,38,93,70,84,14,261,0,0,0,261
01/07/2008,BHM,AL,ASO,ES,Combined TRACON& Tower with Radar,103,95,91,29,318,0,4,34,1,39,103,99,125,30,357,0,0,0,357
01/08/2008,BHM,AL,ASO,ES,Combined TRACON& Tower with Radar,113,105,106,11,335,0,2,15,1,18,113,107,121,12,353,0,0,0,353
01/09/2008,BHM,AL,ASO,ES,Combined TRACON& Tower with Radar,108,128,133,20,389,0,2,37,8,47,108,130,170,28,436,0,0,0,436
01/10/2008,BHM,AL,ASO,ES,Combined TRACON& Tower with Radar,118,117,90,0,325,0,0,0,0,0,118,117,90,0,325,0,0,0,325
01/11/2008,BHM,AL,ASO,ES,Combined TRACON& Tower with Radar,113,104,126,15,358,2,3,47,14,66,115,107,173,29,424,0,0,0,424
01/12/2008,BHM,AL,ASO,ES,Combined TRACON& Tower with Radar,90,66,42,7,205,0,6,56,6,68,90,72,98,13,273,44,0,44,317
01/13/2008,BHM,AL,ASO,ES,Combined TRACON& Tower with Radar,91,69,68,14,242,0,4,50,7,61,91,73,118,21,303,0,0,0,303
01/14/2008,BHM,AL,ASO,ES,Combined TRACON& Tower with Radar,102,89,86,2,279,0,3,44,2,49,102,92,130,4,328,25,0,25,353
01/15/2008,BHM,AL,ASO,ES,Combined TRACON& Tower with Radar,112,108,124,14,358,0,4,37,7,48,112,112,161,21,406,32,0,32,438
01/16/2008,BHM,AL,ASO,ES,Combined TRACON& Tower with Radar,110,118,122,25,375,0,3,16,3,22,110,121,138,28,397,8,0,8,405
01/17/2008,BHM,AL,ASO,ES,Combined TRACON& Tower with Radar,110,121,171,16,418,0,0,7,6,13,110,121,178,22,431,0,0,0,431
01/18/2008,BHM,AL,ASO,ES,Combined TRACON& Tower with Radar,113,118,153,5,389,0,1,33,0,34,113,119,186,5,423,0,0,0,423
01/19/2008,BHM,AL,ASO,ES,Combined TRACON& Tower with Radar,74,62,19,0,155,0,1,4,0,5,74,63,23,0,160,0,0,0,160
01/20/2008,BHM,AL,ASO,ES,Combined TRACON& Tower with Radar,91,60,50,1,202,0,6,34,0,40,91,66,84,1,242,0,0,0,242
01/21/2008,BHM,AL,ASO,ES,Combined TRACON& Tower with Radar,106,83,95,4,288,0,3,42,1,46,106,86,137,5,334,6,0,6,340
01/22/2008,BHM,AL,ASO,ES,Combined TRACON& Tower with Radar,107,95,132,7,341,0,0,3,0,3,107,95,135,7,344,0,0,0,344
01/23/2008,BHM,AL,ASO,ES,Combined TRACON& Tower with Radar,105,114,134,10,363,0,2,2,11,15,105,116,136,21,378,0,0,0,378
01/24/2008,BHM,AL,ASO,ES,Combined TRACON& Tower with Radar,110,126,137,9,382,0,1,19,7,27,110,127,156,16,409,0,0,0,409
01/25/2008,BHM,AL,ASO,ES,Combined TRACON& Tower with Radar,110,110,135,6,361,0,3,31,2,36,110,113,166,8,397,0,0,0,397
01/26/2008,BHM,AL,ASO,ES,Combined TRACON& Tower with Radar,78,62,62,2,204,0,0,0,0,0,78,62,62,2,204,0,0,0,204
01/27/2008,BHM,AL,ASO,ES,Combined TRACON& Tower with Radar,93,86,75,2,256,0,3,54,4,61,93,89,129,6,317,0,0,0,317
01/28/2008,BHM,AL,ASO,ES,Combined TRACON& Tower with Radar,105,95,93,0,293,0,2,57,2,61,105,97,150,2,354,0,0,0,354
01/29/2008,BHM,AL,ASO,ES,Combined TRACON& Tower with Radar,110,104,109,0,323,0,1,19,0,20,110,105,128,0,343,0,0,0,343
01/30/2008,BHM,AL,ASO,ES,Combined TRACON& Tower with Radar,110,119,147,14,390,0,8,59,10,77,110,127,206,24,467,0,0,0,467
01/31/2008,BHM,AL,ASO,ES,Combined TRACON& Tower with Radar,101,109,132,3,345,0,0,14,4,18,101,109,146,7,363,0,0,0,363
02/01/2008,BHM,AL,ASO,ES,Combined TRACON& Tower with Radar,110,106,135,14,365,0,4,32,5,41,110,110,167,19,406,0,0,0,406
02/02/2008,BHM,AL,ASO,ES,Combined TRACON& Tower with Radar,80,68,74,10,232,0,4,57,0,61,80,72,131,10,293,0,0,0,293
02/03/2008,BHM,AL,ASO,ES,Combined TRACON& Tower with Radar,88,62,58,4,212,0,0,13,0,13,88,62,71,4,225,0,0,0,225
02/04/2008,BHM,AL,ASO,ES,Combined TRACON& Tower with Radar,104,97,115,14,330,0,3,12,4,19,104,100,127,18,349,0,0,0,349
02/05/2008,BHM,AL,ASO,ES,Combined TRACON& Tower with Radar,108,105,122,29,364,0,1,14,1,16,108,106,136,30,380,0,0,0,380
02/06/2008,BHM,AL,ASO,ES,Combined TRACON& Tower with Radar,105,102,79,29,315,0,6,19,4,29,105,108,98,33,344,26,18,44,388
02/07/2008,BHM,AL,ASO,ES,Combined TRACON& Tower with Radar,109,127,142,10,388,0,4,45,7,56,109,131,187,17,444,0,0,0,444
02/08/2008,BHM,AL,ASO,ES,Combined TRACON& Tower with Radar,113,118,108,5,344,0,7,49,11,67,113,125,157,16,411,0,0,0,411
02/09/2008,BHM,AL,ASO,ES,Combined TRACON& Tower with Radar,81,61,56,19,217,0,3,77,18,98,81,64,133,37,315,0,0,0,315
02/10/2008,BHM,AL,ASO,ES,Combined TRACON& Tower with Radar,93,70,53,3,219,0,3,46,7,56,93,73,99,10,275,2,0,2,277
02/11/2008,BHM,AL,ASO,ES,Combined TRACON& Tower with Radar,100,95,117,2,314,0,5,41,5,51,100,100,158,7,365,0,0,0,365
02/12/2008,BHM,AL,ASO,ES,Combined TRACON& Tower with Radar,108,108,126,7,349,0,4,19,9,32,108,112,145,16,381,0,0,0,381
02/13/2008,BHM,AL,ASO,ES,Combined TRACON& Tower with Radar,111,128,127,3,369,0,1,4,3,8,111,129,131,6,377,0,0,0,377
02/14/2008,BHM,AL,ASO,ES,Combined TRACON& Tower with Radar,104,123,148,10,385,0,1,62,14,77,104,124,210,24,462,0,0,0,462
02/15/2008,BHM,AL,ASO,ES,Combined TRACON& Tower with Radar,113,120,148,19,400,0,3,39,4,46,113,123,187,23,446,0,0,0,446
02/16/2008,BHM,AL,ASO,ES,Combined TRACON& Tower with Radar,75,75,58,1,209,0,1,36,0,37,75,76,94,1,246,0,0,0,246
02/17/2008,BHM,AL,ASO,ES,Combined TRACON& Tower with Radar,102,71,50,1,224,0,1,7,0,8,102,72,57,1,232,0,0,0,232
02/18/2008,BHM,AL,ASO,ES,Combined TRACON& Tower with Radar,100,98,112,1,311,0,3,38,0,41,100,101,150,1,352,8,0,8,360
02/19/2008,BHM,AL,ASO,ES,Combined TRACON& Tower with Radar,106,96,157,10,369,0,5,45,0,50,106,101,202,10,419,0,0,0,419
02/20/2008,BHM,AL,ASO,ES,Combined TRACON& Tower with Radar,106,129,149,10,394,0,5,45,8,58,106,134,194,18,452,0,0,0,452
02/21/2008,BHM,AL,ASO,ES,Combined TRACON& Tower with Radar,104,125,129,0,358,0,3,5,0,8,104,128,134,0,366,0,0,0,366
02/22/2008,BHM,AL,ASO,ES,Combined TRACON& Tower with Radar,107,104,104,4,319,0,0,1,5,6,107,104,105,9,325,6,0,6,331
02/23/2008,BHM,AL,ASO,ES,Combined TRACON& Tower with Radar,84,74,62,10,230,0,0,6,1,7,84,74,68,11,237,0,0,0,237
02/24/2008,BHM,AL,ASO,ES,Combined TRACON& Tower with Radar,91,70,86,8,255,0,1,56,2,59,91,71,142,10,314,10,0,10,324
02/25/2008,BHM,AL,ASO,ES,Combined TRACON& Tower with Radar,104,104,147,1,356,0,5,40,0,45,104,109,187,1,401,0,0,0,401
02/26/2008,BHM,AL,ASO,ES,Combined TRACON& Tower with Radar,104,115,87,7,313,0,3,7,2,12,104,118,94,9,325,0,0,0,325
02/27/2008,BHM,AL,ASO,ES,Combined TRACON& Tower with Radar,108,135,133,14,390,0,6,42,6,54,108,141,175,20,444,0,0,0,444
02/28/2008,BHM,AL,ASO,ES,Combined TRACON& Tower with Radar,110,123,126,16,375,0,4,74,7,85,110,127,200,23,460,23,0,23,483
02/29/2008,BHM,AL,ASO,ES,Combined TRACON& Tower with Radar,111,121,145,12,389,0,2,21,5,28,111,123,166,17,417,0,0,0,417
03/01/2008,BHM,AL,ASO,ES,Combined TRACON& Tower with Radar,81,86,87,3,257,0,4,76,4,84,81,90,163,7,341,0,0,0,341
03/02/2008,BHM,AL,ASO,ES,Combined TRACON& Tower with Radar,91,77,62,1,231,0,2,46,3,51,91,79,108,4,282,0,0,0,282
03/03/2008,BHM,AL,ASO,ES,Combined TRACON& Tower with Radar,104,102,96,3,305,0,3,30,0,33,104,105,126,3,338,0,0,0,338
03/04/2008,BHM,AL,ASO,ES,Combined TRACON& Tower with Radar,122,127,91,24,364,0,3,5,3,11,122,130,96,27,375,0,0,0,375
03/05/2008,BHM,AL,ASO,ES,Combined TRACON& Tower with Radar,104,139,126,9,378,0,5,51,1,57,104,144,177,10,435,0,0,0,435
03/06/2008,BHM,AL,ASO,ES,Combined TRACON& Tower with Radar,107,133,163,12,415,0,3,54,3,60,107,136,217,15,475,22,26,48,523
03/07/2008,BHM,AL,ASO,ES,Combined TRACON& Tower with Radar,112,119,80,5,316,0,0,9,6,15,112,119,89,11,331,0,8,8,339
03/08/2008,BHM,AL,ASO,ES,Combined TRACON& Tower with Radar,86,73,31,0,190,0,2,14,0,16,86,75,45,0,206,0,0,0,206
03/09/2008,BHM,AL,ASO,ES,Combined TRACON& Tower with Radar,91,67,71,0,229,0,2,52,0,54,91,69,123,0,283,14,0,14,297
03/10/2008,BHM,AL,ASO,ES,Combined TRACON& Tower with Radar,104,105,112,10,331,0,3,50,5,58,104,108,162,15,389,0,0,0,389
03/11/2008,BHM,AL,ASO,ES,Combined TRACON& Tower with Radar,110,110,148,2,370,0,5,38,4,47,110,115,186,6,417,6,0,6,423
03/12/2008,BHM,AL,ASO,ES,Combined TRACON& Tower with Radar,107,133,157,20,417,0,3,64,4,71,107,136,221,24,488,0,0,0,488
03/13/2008,BHM,AL,ASO,ES,Combined TRACON& Tower with Radar,108,129,146,13,396,0,1,43,7,51,108,130,189,20,447,0,0,0,447
03/14/2008,BHM,AL,ASO,ES,Combined TRACON& Tower with Radar,111,123,153,7,394,0,2,7,6,15,111,125,160,13,409,0,0,0,409
03/15/2008,BHM,AL,ASO,ES,Combined TRACON& Tower with Radar,102,86,65,3,256,0,0,5,0,5,102,86,70,3,261,2,2,4,265
03/16/2008,BHM,AL,ASO,ES,Combined TRACON& Tower with Radar,89,79,69,6,243,0,2,38,1,41,89,81,107,7,284,0,0,0,284
03/17/2008,BHM,AL,ASO,ES,Combined TRACON& Tower with Radar,105,99,80,2,286,0,4,34,1,39,105,103,114,3,325,0,0,0,325
03/18/2008,BHM,AL,ASO,ES,Combined TRACON& Tower with Radar,100,120,104,5,329,0,2,12,1,15,100,122,116,6,344,0,0,0,344
03/19/2008,BHM,AL,ASO,ES,Combined TRACON& Tower with Radar,120,125,77,16,338,0,1,6,2,9,120,126,83,18,347,0,0,0,347
03/20/2008,BHM,AL,ASO,ES,Combined TRACON& Tower with Radar,117,128,143,21,409,0,3,59,17,79,117,131,202,38,488,0,12,12,500
03/21/2008,BHM,AL,ASO,ES,Combined TRACON& Tower with Radar,111,122,146,7,386,0,6,70,4,80,111,128,216,11,466,0,0,0,466
03/22/2008,BHM,AL,ASO,ES,Combined TRACON& Tower with Radar,91,73,55,0,219,0,1,58,0,59,91,74,113,0,278,22,0,22,300
03/23/2008,BHM,AL,ASO,ES,Combined TRACON& Tower with Radar,98,77,111,0,286,0,2,32,0,34,98,79,143,0,320,0,0,0,320
03/24/2008,BHM,AL,ASO,ES,Combined TRACON& Tower with Radar,103,100,113,21,337,0,0,34,3,37,103,100,147,24,374,18,8,26,400
03/25/2008,BHM,AL,ASO,ES,Combined TRACON& Tower with Radar,109,104,134,10,357,2,3,37,2,44,111,107,171,12,401,0,0,0,401
03/26/2008,BHM,AL,ASO,ES,Combined TRACON& Tower with Radar,102,127,141,6,376,0,1,46,10,57,102,128,187,16,433,0,0,0,433
03/27/2008,BHM,AL,ASO,ES,Combined TRACON& Tower with Radar,106,115,150,21,392,0,5,45,6,56,106,120,195,27,448,0,8,8,456
03/28/2008,BHM,AL,ASO,ES,Combined TRACON& Tower with Radar,110,130,118,12,370,0,3,22,1,26,110,133,140,13,396,0,4,4,400
03/29/2008,BHM,AL,ASO,ES,Combined TRACON& Tower with Radar,85,81,51,1,218,0,1,9,0,10,85,82,60,1,228,0,0,0,228
03/30/2008,BHM,AL,ASO,ES,Combined TRACON& Tower with Radar,94,84,74,12,264,0,0,9,0,9,94,84,83,12,273,0,0,0,273
03/31/2008,BHM,AL,ASO,ES,Combined TRACON& Tower with Radar,105,102,90,13,310,0,0,14,0,14,105,102,104,13,324,0,0,0,324
04/01/2008,BHM,AL,ASO,ES,Combined TRACON& Tower with Radar,112,113,116,11,352,0,2,9,1,12,112,115,125,12,364,0,0,0,364
04/02/2008,BHM,AL,ASO,ES,Combined TRACON& Tower with Radar,109,124,165,34,432,0,4,42,7,53,109,128,207,41,485,0,0,0,485
04/03/2008,BHM,AL,ASO,ES,Combined TRACON& Tower with Radar,109,116,148,14,387,0,1,25,9,35,109,117,173,23,422,0,0,0,422
04/04/2008,BHM,AL,ASO,ES,Combined TRACON& Tower with Radar,118,104,65,0,287,0,1,4,0,5,118,105,69,0,292,0,0,0,292
04/05/2008,BHM,AL,ASO,ES,Combined TRACON& Tower with Radar,84,80,45,4,213,0,0,0,0,0,84,80,45,4,213,0,0,0,213
04/06/2008,BHM,AL,ASO,ES,Combined TRACON& Tower with Radar,92,73,94,23,282,0,1,41,2,44,92,74,135,25,326,0,0,0,326
04/07/2008,BHM,AL,ASO,ES,Combined TRACON& Tower with Radar,102,107,137,8,354,0,4,53,1,58,102,111,190,9,412,0,0,0,412
04/08/2008,BHM,AL,ASO,ES,Combined TRACON& Tower with Radar,109,115,173,15,412,0,3,38,6,47,109,118,211,21,459,0,0,0,459
04/09/2008,BHM,AL,ASO,ES,Combined TRACON& Tower with Radar,99,124,141,8,372,0,3,36,4,43,99,127,177,12,415,0,0,0,415
04/10/2008,BHM,AL,ASO,ES,Combined TRACON& Tower with Radar,102,121,183,18,424,0,0,25,5,30,102,121,208,23,454,0,0,0,454
04/11/2008,BHM,AL,ASO,ES,Combined TRACON& Tower with Radar,113,123,102,4,342,0,2,2,1,5,113,125,104,5,347,0,0,0,347
04/12/2008,BHM,AL,ASO,ES,Combined TRACON& Tower with Radar,86,76,102,5,269,0,0,27,1,28,86,76,129,6,297,0,0,0,297
04/13/2008,BHM,AL,ASO,ES,Combined TRACON& Tower with Radar,90,81,85,6,262,0,4,33,0,37,90,85,118,6,299,0,0,0,299
04/14/2008,BHM,AL,ASO,ES,Combined TRACON& Tower with Radar,104,90,89,8,291,1,1,12,2,16,105,91,101,10,307,0,0,0,307
04/15/2008,BHM,AL,ASO,ES,Combined TRACON& Tower with Radar,110,107,121,8,346,0,1,54,5,60,110,108,175,13,406,0,0,0,406
04/16/2008,BHM,AL,ASO,ES,Combined TRACON& Tower with Radar,107,122,157,6,392,0,3,56,6,65,107,125,213,12,457,0,0,0,457
04/17/2008,BHM,AL,ASO,ES,Combined TRACON& Tower with Radar,111,112,156,9,388,0,2,57,12,71,111,114,213,21,459,16,0,16,475
04/18/2008,BHM,AL,ASO,ES,Combined TRACON& Tower with Radar,108,114,116,11,349,0,3,27,13,43,108,117,143,24,392,0,0,0,392
04/19/2008,BHM,AL,ASO,ES,Combined TRACON& Tower with Radar,90,62,43,0,195,0,6,48,5,59,90,68,91,5,254,0,0,0,254
04/20/2008,BHM,AL,ASO,ES,Combined TRACON& Tower with Radar,92,73,70,11,246,0,9,66,1,76,92,82,136,12,322,0,0,0,322
04/21/2008,BHM,AL,ASO,ES,Combined TRACON& Tower with Radar,104,86,142,5,337,0,6,49,0,55,104,92,191,5,392,0,0,0,392
04/22/2008,BHM,AL,ASO,ES,Combined TRACON& Tower with Radar,109,132,165,7,413,0,9,55,3,67,109,141,220,10,480,0,0,0,480
04/23/2008,BHM,AL,ASO,ES,Combined TRACON& Tower with Radar,110,127,141,3,381,0,8,56,7,71,110,135,197,10,452,0,0,0,452
04/24/2008,BHM,AL,ASO,ES,Combined TRACON& Tower with Radar,109,117,174,8,408,0,4,31,5,40,109,121,205,13,448,0,0,0,448
04/25/2008,BHM,AL,ASO,ES,Combined TRACON& Tower with Radar,112,107,122,8,349,0,1,49,8,58,112,108,171,16,407,0,0,0,407
04/26/2008,BHM,AL,ASO,ES,Combined TRACON& Tower with Radar,90,75,54,7,226,0,5,11,4,20,90,80,65,11,246,0,0,0,246
04/27/2008,BHM,AL,ASO,ES,Combined TRACON& Tower with Radar,94,73,60,10,237,0,1,23,4,28,94,74,83,14,265,0,0,0,265
04/28/2008,BHM,AL,ASO,ES,Combined TRACON& Tower with Radar,105,97,115,1,318,0,1,28,1,30,105,98,143,2,348,0,0,0,348
04/29/2008,BHM,AL,ASO,ES,Combined TRACON& Tower with Radar,112,113,125,7,357,0,6,38,4,48,112,119,163,11,405,10,0,10,415
04/30/2008,BHM,AL,ASO,ES,Combined TRACON& Tower with Radar,108,120,169,4,401,0,6,51,8,65,108,126,220,12,466,0,0,0,466
05/01/2008,BHM,AL,ASO,ES,Combined TRACON& Tower with Radar,109,121,159,5,394,0,5,47,8,60,109,126,206,13,454,0,0,0,454
05/02/2008,BHM,AL,ASO,ES,Combined TRACON& Tower with Radar,116,94,111,10,331,0,2,28,12,42,116,96,139,22,373,0,0,0,373
05/03/2008,BHM,AL,ASO,ES,Combined TRACON& Tower with Radar,99,62,67,4,232,0,2,68,5,75,99,64,135,9,307,0,0,0,307
05/04/2008,BHM,AL,ASO,ES,Combined TRACON& Tower with Radar,94,78,107,1,280,0,5,57,9,71,94,83,164,10,351,0,0,0,351
05/05/2008,BHM,AL,ASO,ES,Combined TRACON& Tower with Radar,106,88,112,4,310,0,1,40,0,41,106,89,152,4,351,8,0,8,359
05/06/2008,BHM,AL,ASO,ES,Combined TRACON& Tower with Radar,112,114,146,6,378,0,5,53,3,61,112,119,199,9,439,0,0,0,439
05/07/2008,BHM,AL,ASO,ES,Combined TRACON& Tower with Radar,107,116,191,6,420,0,5,41,3,49,107,121,232,9,469,0,0,0,469
05/08/2008,BHM,AL,ASO,ES,Combined TRACON& Tower with Radar,116,125,119,9,369,0,3,6,0,9,116,128,125,9,378,0,0,0,378
05/09/2008,BHM,AL,ASO,ES,Combined TRACON& Tower with Radar,111,110,130,10,361,0,3,40,12,55,111,113,170,22,416,0,0,0,416
05/10/2008,BHM,AL,ASO,ES,Combined TRACON& Tower with Radar,97,61,43,8,209,0,4,28,2,34,97,65,71,10,243,0,0,0,243
05/11/2008,BHM,AL,ASO,ES,Combined TRACON& Tower with Radar,94,66,41,7,208,0,1,9,0,10,94,67,50,7,218,0,0,0,218
05/12/2008,BHM,AL,ASO,ES,Combined TRACON& Tower with Radar,107,84,122,1,314,0,6,51,4,61,107,90,173,5,375,0,0,0,375
05/13/2008,BHM,AL,ASO,ES,Combined TRACON& Tower with Radar,111,117,137,15,380,0,4,55,3,62,111,121,192,18,442,0,0,0,442
05/14/2008,BHM,AL,ASO,ES,Combined TRACON& Tower with Radar,109,119,135,9,372,0,4,18,4,26,109,123,153,13,398,0,0,0,398
05/15/2008,BHM,AL,ASO,ES,Combined TRACON& Tower with Radar,116,116,127,0,359,0,0,0,0,0,116,116,127,0,359,0,0,0,359
05/16/2008,BHM,AL,ASO,ES,Combined TRACON& Tower with Radar,116,121,94,15,346,0,2,11,9,22,116,123,105,24,368,0,0,0,368
05/17/2008,BHM,AL,ASO,ES,Combined TRACON& Tower with Radar,96,63,60,8,227,0,3,49,7,59,96,66,109,15,286,4,0,4,290
05/18/2008,BHM,AL,ASO,ES,Combined TRACON& Tower with Radar,92,85,66,13,256,0,6,33,6,45,92,91,99,19,301,0,0,0,301
05/19/2008,BHM,AL,ASO,ES,Combined TRACON& Tower with Radar,107,101,137,3,348,0,3,70,4,77,107,104,207,7,425,0,0,0,425
05/20/2008,BHM,AL,ASO,ES,Combined TRACON& Tower with Radar,116,116,142,26,400,0,2,32,1,35,116,118,174,27,435,0,0,0,435
05/21/2008,BHM,AL,ASO,ES,Combined TRACON& Tower with Radar,109,115,154,17,395,0,3,77,4,84,109,118,231,21,479,0,0,0,479
05/22/2008,BHM,AL,ASO,ES,Combined TRACON& Tower with Radar,112,117,136,16,381,0,5,46,3,54,112,122,182,19,435,0,0,0,435
05/23/2008,BHM,AL,ASO,ES,Combined TRACON& Tower with Radar,118,115,137,2,372,0,1,36,3,40,118,116,173,5,412,0,10,10,422
05/24/2008,BHM,AL,ASO,ES,Combined TRACON& Tower with Radar,93,60,47,0,200,0,0,35,0,35,93,60,82,0,235,0,0,0,235
05/25/2008,BHM,AL,ASO,ES,Combined TRACON& Tower with Radar,81,54,30,0,165,0,3,47,0,50,81,57,77,0,215,0,0,0,215
05/26/2008,BHM,AL,ASO,ES,Combined TRACON& Tower with Radar,88,69,52,3,212,1,4,53,5,63,89,73,105,8,275,0,0,0,275
05/27/2008,BHM,AL,ASO,ES,Combined TRACON& Tower with Radar,107,99,127,2,335,0,0,16,4,20,107,99,143,6,355,0,0,0,355
05/28/2008,BHM,AL,ASO,ES,Combined TRACON& Tower with Radar,115,118,123,23,379,0,5,28,9,42,115,123,151,32,421,0,0,0,421
05/29/2008,BHM,AL,ASO,ES,Combined TRACON& Tower with Radar,115,119,162,19,415,0,3,16,13,32,115,122,178,32,447,26,0,26,473
05/30/2008,BHM,AL,ASO,ES,Combined TRACON& Tower with Radar,114,110,116,6,346,0,3,35,10,48,114,113,151,16,394,0,0,0,394
05/31/2008,BHM,AL,ASO,ES,Combined TRACON& Tower with Radar,92,74,57,4,227,0,6,67,2,75,92,80,124,6,302,0,0,0,302
06/01/2008,BHM,AL,ASO,ES,Combined TRACON& Tower with Radar,94,63,69,2,228,0,2,29,1,32,94,65,98,3,260,0,0,0,260
06/02/2008,BHM,AL,ASO,ES,Combined TRACON& Tower with Radar,102,99,86,2,289,0,5,37,1,43,102,104,123,3,332,0,0,0,332
06/03/2008,BHM,AL,ASO,ES,Combined TRACON& Tower with Radar,110,114,122,34,380,0,4,57,4,65,110,118,179,38,445,12,2,14,459
06/04/2008,BHM,AL,ASO,ES,Combined TRACON& Tower with Radar,103,111,121,14,349,0,2,36,4,42,103,113,157,18,391,0,0,0,391
06/05/2008,BHM,AL,ASO,ES,Combined TRACON& Tower with Radar,107,122,135,6,370,0,1,62,6,69,107,123,197,12,439,0,0,0,439
06/06/2008,BHM,AL,ASO,ES,Combined TRACON& Tower with Radar,112,95,120,13,340,0,7,46,8,61,112,102,166,21,401,12,0,12,413
06/07/2008,BHM,AL,ASO,ES,Combined TRACON& Tower with Radar,89,71,43,3,206,0,2,43,6,51,89,73,86,9,257,0,0,0,257
06/08/2008,BHM,AL,ASO,ES,Combined TRACON& Tower with Radar,93,69,67,15,244,0,6,46,5,57,93,75,113,20,301,16,0,16,317
06/09/2008,BHM,AL,ASO,ES,Combined TRACON& Tower with Radar,103,91,115,4,313,0,2,39,2,43,103,93,154,6,356,0,0,0,356
06/10/2008,BHM,AL,ASO,ES,Combined TRACON& Tower with Radar,113,116,126,16,371,0,4,26,1,31,113,120,152,17,402,0,0,0,402
06/11/2008,BHM,AL,ASO,ES,Combined TRACON& Tower with Radar,108,122,133,8,371,0,3,23,2,28,108,125,156,10,399,0,0,0,399
06/12/2008,BHM,AL,ASO,ES,Combined TRACON& Tower with Radar,112,115,135,8,370,0,4,29,0,33,112,119,164,8,403,0,0,0,403
06/13/2008,BHM,AL,ASO,ES,Combined TRACON& Tower with Radar,110,112,95,13,330,0,4,24,0,28,110,116,119,13,358,0,0,0,358
06/14/2008,BHM,AL,ASO,ES,Combined TRACON& Tower with Radar,96,77,52,0,225,0,5,16,0,21,96,82,68,0,246,0,0,0,246
06/15/2008,BHM,AL,ASO,ES,Combined TRACON& Tower with Radar,92,71,64,8,235,0,1,17,1,19,92,72,81,9,254,0,0,0,254
06/16/2008,BHM,AL,ASO,ES,Combined TRACON& Tower with Radar,103,86,102,6,297,0,4,42,6,52,103,90,144,12,349,0,0,0,349
06/17/2008,BHM,AL,ASO,ES,Combined TRACON& Tower with Radar,108,110,135,12,365,0,6,37,5,48,108,116,172,17,413,0,0,0,413
06/18/2008,BHM,AL,ASO,ES,Combined TRACON& Tower with Radar,114,117,120,10,361,0,2,37,5,44,114,119,157,15,405,0,0,0,405
06/19/2008,BHM,AL,ASO,ES,Combined TRACON& Tower with Radar,108,111,137,23,379,0,2,64,4,70,108,113,201,27,449,0,0,0,449
06/20/2008,BHM,AL,ASO,ES,Combined TRACON& Tower with Radar,110,102,125,29,366,0,2,35,5,42,110,104,160,34,408,0,0,0,408
06/21/2008,BHM,AL,ASO,ES,Combined TRACON& Tower with Radar,92,75,45,14,226,0,4,34,5,43,92,79,79,19,269,0,0,0,269
06/22/2008,BHM,AL,ASO,ES,Combined TRACON& Tower with Radar,94,66,94,20,274,0,1,42,4,47,94,67,136,24,321,0,0,0,321
06/23/2008,BHM,AL,ASO,ES,Combined TRACON& Tower with Radar,105,95,84,15,299,0,4,26,1,31,105,99,110,16,330,0,0,0,330
06/24/2008,BHM,AL,ASO,ES,Combined TRACON& Tower with Radar,111,117,142,22,392,1,3,31,5,40,112,120,173,27,432,0,0,0,432
06/25/2008,BHM,AL,ASO,ES,Combined TRACON& Tower with Radar,111,113,103,18,345,0,3,52,2,57,111,116,155,20,402,8,10,18,420
06/26/2008,BHM,AL,ASO,ES,Combined TRACON& Tower with Radar,111,119,120,37,387,1,2,38,8,49,112,121,158,45,436,0,0,0,436
06/27/2008,BHM,AL,ASO,ES,Combined TRACON& Tower with Radar,112,97,90,34,333,0,3,57,8,68,112,100,147,42,401,0,0,0,401
06/28/2008,BHM,AL,ASO,ES,Combined TRACON& Tower with Radar,97,72,42,0,211,0,5,30,0,35,97,77,72,0,246,0,0,0,246
06/29/2008,BHM,AL,ASO,ES,Combined TRACON& Tower with Radar,102,67,48,6,223,0,0,23,0,23,102,67,71,6,246,0,0,0,246
06/30/2008,BHM,AL,ASO,ES,Combined TRACON& Tower with Radar,103,96,92,7,298,0,2,27,6,35,103,98,119,13,333,0,0,0,333
07/01/2008,BHM,AL,ASO,ES,Combined TRACON& Tower with Radar,108,117,92,1,318,0,6,51,4,61,108,123,143,5,379,2,0,2,381
07/02/2008,BHM,AL,ASO,ES,Combined TRACON& Tower with Radar,110,105,108,9,332,0,3,52,12,67,110,108,160,21,399,0,0,0,399
07/03/2008,BHM,AL,ASO,ES,Combined TRACON& Tower with Radar,112,104,84,8,308,0,2,34,8,44,112,106,118,16,352,0,0,0,352
07/04/2008,BHM,AL,ASO,ES,Combined TRACON& Tower with Radar,74,52,25,0,151,0,6,12,0,18,74,58,37,0,169,2,0,2,171
07/05/2008,BHM,AL,ASO,ES,Combined TRACON& Tower with Radar,90,49,24,0,163,0,0,9,0,9,90,49,33,0,172,0,0,0,172
07/06/2008,BHM,AL,ASO,ES,Combined TRACON& Tower with Radar,109,71,93,0,273,0,3,33,0,36,109,74,126,0,309,0,0,0,309
07/07/2008,BHM,AL,ASO,ES,Combined TRACON& Tower with Radar,103,94,120,1,318,0,2,37,1,40,103,96,157,2,358,0,0,0,358
07/08/2008,BHM,AL,ASO,ES,Combined TRACON& Tower with Radar,112,108,132,2,354,0,5,41,3,49,112,113,173,5,403,0,0,0,403
07/09/2008,BHM,AL,ASO,ES,Combined TRACON& Tower with Radar,111,112,119,13,355,0,4,24,4,32,111,116,143,17,387,0,0,0,387
07/10/2008,BHM,AL,ASO,ES,Combined TRACON& Tower with Radar,121,100,114,5,340,0,2,25,0,27,121,102,139,5,367,0,0,0,367
07/11/2008,BHM,AL,ASO,ES,Combined TRACON& Tower with Radar,111,109,115,11,346,0,1,24,9,34,111,110,139,20,380,0,0,0,380
07/12/2008,BHM,AL,ASO,ES,Combined TRACON& Tower with Radar,101,72,39,6,218,0,4,25,7,36,101,76,64,13,254,0,0,0,254
07/13/2008,BHM,AL,ASO,ES,Combined TRACON& Tower with Radar,107,80,76,17,280,0,2,12,10,24,107,82,88,27,304,6,4,10,314
07/14/2008,BHM,AL,ASO,ES,Combined TRACON& Tower with Radar,101,92,104,1,298,0,1,34,3,38,101,93,138,4,336,0,0,0,336
07/15/2008,BHM,AL,ASO,ES,Combined TRACON& Tower with Radar,110,107,128,11,356,0,3,50,2,55,110,110,178,13,411,0,0,0,411
07/16/2008,BHM,AL,ASO,ES,Combined TRACON& Tower with Radar,109,106,117,9,341,0,6,40,2,48,109,112,157,11,389,0,0,0,389
07/17/2008,BHM,AL,ASO,ES,Combined TRACON& Tower with Radar,111,110,120,9,350,0,7,37,8,52,111,117,157,17,402,0,0,0,402
07/18/2008,BHM,AL,ASO,ES,Combined TRACON& Tower with Radar,111,104,112,19,346,0,3,48,7,58,111,107,160,26,404,0,0,0,404
07/19/2008,BHM,AL,ASO,ES,Combined TRACON& Tower with Radar,93,66,54,1,214,0,3,28,10,41,93,69,82,11,255,0,0,0,255
07/20/2008,BHM,AL,ASO,ES,Combined TRACON& Tower with Radar,93,80,80,4,257,0,0,36,2,38,93,80,116,6,295,8,0,8,303
07/21/2008,BHM,AL,ASO,ES,Combined TRACON& Tower with Radar,105,108,114,4,331,0,2,25,4,31,105,110,139,8,362,0,0,0,362
07/22/2008,BHM,AL,ASO,ES,Combined TRACON& Tower with Radar,116,116,104,9,345,0,4,17,3,24,116,120,121,12,369,0,0,0,369
07/23/2008,BHM,AL,ASO,ES,Combined TRACON& Tower with Radar,110,106,143,18,377,0,4,19,3,26,110,110,162,21,403,0,0,0,403
07/24/2008,BHM,AL,ASO,ES,Combined TRACON& Tower with Radar,110,116,122,8,356,0,3,33,2,38,110,119,155,10,394,12,0,12,406
07/25/2008,BHM,AL,ASO,ES,Combined TRACON& Tower with Radar,116,112,105,14,347,0,3,30,3,36,116,115,135,17,383,0,0,0,383
07/26/2008,BHM,AL,ASO,ES,Combined TRACON& Tower with Radar,107,70,41,0,218,0,1,6,2,9,107,71,47,2,227,0,0,0,227
07/27/2008,BHM,AL,ASO,ES,Combined TRACON& Tower with Radar,88,70,69,6,233,0,0,29,3,32,88,70,98,9,265,0,0,0,265
07/28/2008,BHM,AL,ASO,ES,Combined TRACON& Tower with Radar,104,88,112,20,324,0,5,42,3,50,104,93,154,23,374,0,0,0,374
07/29/2008,BHM,AL,ASO,ES,Combined TRACON& Tower with Radar,111,103,115,3,332,0,2,34,5,41,111,105,149,8,373,6,0,6,379
07/30/2008,BHM,AL,ASO,ES,Combined TRACON& Tower with Radar,110,109,140,17,376,0,4,30,17,51,110,113,170,34,427,0,0,0,427
07/31/2008,BHM,AL,ASO,ES,Combined TRACON& Tower with Radar,118,108,110,7,343,0,6,20,7,33,118,114,130,14,376,0,0,0,376
08/01/2008,BHM,AL,ASO,ES,Combined TRACON& Tower with Radar,114,97,124,12,347,0,2,29,15,46,114,99,153,27,393,16,12,28,421
08/02/2008,BHM,AL,ASO,ES,Combined TRACON& Tower with Radar,97,75,30,5,207,0,3,29,11,43,97,78,59,16,250,0,0,0,250
08/03/2008,BHM,AL,ASO,ES,Combined TRACON& Tower with Radar,91,71,40,13,215,0,6,33,12,51,91,77,73,25,266,0,6,6,272
08/04/2008,BHM,AL,ASO,ES,Combined TRACON& Tower with Radar,116,92,95,5,308,0,4,28,1,33,116,96,123,6,341,0,0,0,341
08/05/2008,BHM,AL,ASO,ES,Combined TRACON& Tower with Radar,113,103,115,17,348,0,1,48,4,53,113,104,163,21,401,6,8,14,415
08/06/2008,BHM,AL,ASO,ES,Combined TRACON& Tower with Radar,112,111,145,8,376,0,2,54,0,56,112,113,199,8,432,6,0,6,438
08/07/2008,BHM,AL,ASO,ES,Combined TRACON& Tower with Radar,112,106,127,2,347,0,3,16,12,31,112,109,143,14,378,0,0,0,378
08/08/2008,BHM,AL,ASO,ES,Combined TRACON& Tower with Radar,110,101,95,7,313,0,6,58,4,68,110,107,153,11,381,2,0,2,383
08/09/2008,BHM,AL,ASO,ES,Combined TRACON& Tower with Radar,91,69,22,14,196,0,5,56,1,62,91,74,78,15,258,0,0,0,258
08/10/2008,BHM,AL,ASO,ES,Combined TRACON& Tower with Radar,93,71,65,11,240,0,2,28,0,30,93,73,93,11,270,6,0,6,276
08/11/2008,BHM,AL,ASO,ES,Combined TRACON& Tower with Radar,107,86,88,22,303,0,3,26,1,30,107,89,114,23,333,4,0,4,337
08/12/2008,BHM,AL,ASO,ES,Combined TRACON& Tower with Radar,111,101,105,5,322,0,1,1,0,2,111,102,106,5,324,14,0,14,338
08/13/2008,BHM,AL,ASO,ES,Combined TRACON& Tower with Radar,114,105,127,16,362,0,4,22,1,27,114,109,149,17,389,18,0,18,407
08/14/2008,BHM,AL,ASO,ES,Combined TRACON& Tower with Radar,111,105,120,16,352,0,4,33,12,49,111,109,153,28,401,0,0,0,401
08/15/2008,BHM,AL,ASO,ES,Combined TRACON& Tower with Radar,115,92,114,39,360,0,4,37,11,52,115,96,151,50,412,0,0,0,412
08/16/2008,BHM,AL,ASO,ES,Combined TRACON& Tower with Radar,91,67,43,1,202,0,6,40,5,51,91,73,83,6,253,12,0,12,265
08/17/2008,BHM,AL,ASO,ES,Combined TRACON& Tower with Radar,93,66,46,15,220,0,2,39,9,50,93,68,85,24,270,0,0,0,270
08/18/2008,BHM,AL,ASO,ES,Combined TRACON& Tower with Radar,101,101,122,5,329,0,3,45,3,51,101,104,167,8,380,0,0,0,380
08/19/2008,BHM,AL,ASO,ES,Combined TRACON& Tower with Radar,110,114,127,7,358,0,2,42,4,48,110,116,169,11,406,4,0,4,410
08/20/2008,BHM,AL,ASO,ES,Combined TRACON& Tower with Radar,113,98,139,2,352,0,2,36,7,45,113,100,175,9,397,0,0,0,397
08/21/2008,BHM,AL,ASO,ES,Combined TRACON& Tower with Radar,110,108,123,11,352,0,2,42,9,53,110,110,165,20,405,0,0,0,405
08/22/2008,BHM,AL,ASO,ES,Combined TRACON& Tower with Radar,113,104,92,7,316,0,7,35,11,53,113,111,127,18,369,24,2,26,395
08/23/2008,BHM,AL,ASO,ES,Combined TRACON& Tower with Radar,77,57,25,2,161,0,2,3,2,7,77,59,28,4,168,0,0,0,168
08/24/2008,BHM,AL,ASO,ES,Combined TRACON& Tower with Radar,94,60,33,4,191,0,0,5,0,5,94,60,38,4,196,0,0,0,196
08/25/2008,BHM,AL,ASO,ES,Combined TRACON& Tower with Radar,100,94,68,0,262,0,0,0,0,0,100,94,68,0,262,0,0,0,262
08/26/2008,BHM,AL,ASO,ES,Combined TRACON& Tower with Radar,110,109,104,13,336,0,0,0,3,3,110,109,104,16,339,0,0,0,339
08/27/2008,BHM,AL,ASO,ES,Combined TRACON& Tower with Radar,112,108,148,19,387,0,2,30,5,37,112,110,178,24,424,0,0,0,424
08/28/2008,BHM,AL,ASO,ES,Combined TRACON& Tower with Radar,108,105,139,10,362,1,2,55,10,68,109,107,194,20,430,26,0,26,456
08/29/2008,BHM,AL,ASO,ES,Combined TRACON& Tower with Radar,116,100,77,5,298,0,1,35,1,37,116,101,112,6,335,0,0,0,335
08/30/2008,BHM,AL,ASO,ES,Combined TRACON& Tower with Radar,81,61,57,0,199,0,2,35,0,37,81,63,92,0,236,0,0,0,236
08/31/2008,BHM,AL,ASO,ES,Combined TRACON& Tower with Radar,67,60,72,1,200,0,2,31,16,49,67,62,103,17,249,0,0,0,249
09/01/2008,BHM,AL,ASO,ES,Combined TRACON& Tower with Radar,86,61,33,1,181,0,2,7,0,9,86,63,40,1,190,0,0,0,190
09/02/2008,BHM,AL,ASO,ES,Combined TRACON& Tower with Radar,103,83,70,27,283,0,2,29,34,65,103,85,99,61,348,0,0,0,348
09/03/2008,BHM,AL,ASO,ES,Combined TRACON& Tower with Radar,103,103,105,17,328,0,2,21,11,34,103,105,126,28,362,0,0,0,362
09/04/2008,BHM,AL,ASO,ES,Combined TRACON& Tower with Radar,106,103,127,13,349,0,4,26,5,35,106,107,153,18,384,0,0,0,384
09/05/2008,BHM,AL,ASO,ES,Combined TRACON& Tower with Radar,109,105,101,6,321,0,2,32,14,48,109,107,133,20,369,0,0,0,369
09/06/2008,BHM,AL,ASO,ES,Combined TRACON& Tower with Radar,81,54,44,34,213,0,2,17,0,19,81,56,61,34,232,0,0,0,232
09/07/2008,BHM,AL,ASO,ES,Combined TRACON& Tower with Radar,94,52,49,12,207,0,4,41,2,47,94,56,90,14,254,8,0,8,262
09/08/2008,BHM,AL,ASO,ES,Combined TRACON& Tower with Radar,104,79,100,11,294,0,3,17,0,20,104,82,117,11,314,0,0,0,314
09/09/2008,BHM,AL,ASO,ES,Combined TRACON& Tower with Radar,114,88,110,16,328,0,3,20,2,25,114,91,130,18,353,0,0,0,353
09/10/2008,BHM,AL,ASO,ES,Combined TRACON& Tower with Radar,110,91,116,14,331,0,1,16,3,20,110,92,132,17,351,2,14,16,367
09/11/2008,BHM,AL,ASO,ES,Combined TRACON& Tower with Radar,108,100,118,8,334,0,7,26,12,45,108,107,144,20,379,0,0,0,379
09/12/2008,BHM,AL,ASO,ES,Combined TRACON& Tower with Radar,105,86,92,37,320,0,4,29,14,47,105,90,121,51,367,0,0,0,367
09/13/2008,BHM,AL,ASO,ES,Combined TRACON& Tower with Radar,72,33,60,15,180,0,4,57,8,69,72,37,117,23,249,0,0,0,249
09/14/2008,BHM,AL,ASO,ES,Combined TRACON& Tower with Radar,88,46,68,4,206,0,0,16,2,18,88,46,84,6,224,0,0,0,224
09/15/2008,BHM,AL,ASO,ES,Combined TRACON& Tower with Radar,99,81,105,2,287,0,1,14,2,17,99,82,119,4,304,0,0,0,304
09/16/2008,BHM,AL,ASO,ES,Combined TRACON& Tower with Radar,105,101,133,3,342,0,3,29,5,37,105,104,162,8,379,0,0,0,379
09/17/2008,BHM,AL,ASO,ES,Combined TRACON& Tower with Radar,105,102,133,15,355,0,2,22,3,27,105,104,155,18,382,0,0,0,382
09/18/2008,BHM,AL,ASO,ES,Combined TRACON& Tower with Radar,108,123,152,5,388,0,2,41,8,51,108,125,193,13,439,0,0,0,439
09/19/2008,BHM,AL,ASO,ES,Combined TRACON& Tower with Radar,113,99,136,9,357,0,4,30,7,41,113,103,166,16,398,0,0,0,398
09/20/2008,BHM,AL,ASO,ES,Combined TRACON& Tower with Radar,83,49,70,4,206,0,0,26,1,27,83,49,96,5,233,0,0,0,233
09/21/2008,BHM,AL,ASO,ES,Combined TRACON& Tower with Radar,96,56,86,0,238,0,3,53,3,59,96,59,139,3,297,0,0,0,297
09/22/2008,BHM,AL,ASO,ES,Combined TRACON& Tower with Radar,103,96,111,6,316,0,1,36,3,40,103,97,147,9,356,0,0,0,356
09/23/2008,BHM,AL,ASO,ES,Combined TRACON& Tower with Radar,110,97,116,13,336,0,3,44,2,49,110,100,160,15,385,16,2,18,403
09/24/2008,BHM,AL,ASO,ES,Combined TRACON& Tower with Radar,109,93,115,4,321,0,2,31,6,39,109,95,146,10,360,0,0,0,360
09/25/2008,BHM,AL,ASO,ES,Combined TRACON& Tower with Radar,109,95,102,0,306,0,4,39,7,50,109,99,141,7,356,0,0,0,356
09/26/2008,BHM,AL,ASO,ES,Combined TRACON& Tower with Radar,117,89,109,14,329,0,4,39,12,55,117,93,148,26,384,0,0,0,384
09/27/2008,BHM,AL,ASO,ES,Combined TRACON& Tower with Radar,78,56,80,0,214,0,2,35,0,37,78,58,115,0,251,0,0,0,251
09/28/2008,BHM,AL,ASO,ES,Combined TRACON& Tower with Radar,95,51,82,1,229,0,0,32,1,33,95,51,114,2,262,0,0,0,262
09/29/2008,BHM,AL,ASO,ES,Combined TRACON& Tower with Radar,104,82,69,10,265,0,4,35,4,43,104,86,104,14,308,2,0,2,310
09/30/2008,BHM,AL,ASO,ES,Combined TRACON& Tower with Radar,106,105,100,14,325,0,3,36,3,42,106,108,136,17,367,0,0,0,367
10/01/2008,BHM,AL,ASO,ES,Combined TRACON& Tower with Radar,113,93,112,13,331,0,4,52,2,58,113,97,164,15,389,0,0,0,389
10/02/2008,BHM,AL,ASO,ES,Combined TRACON& Tower with Radar,110,106,119,11,346,0,4,50,4,58,110,110,169,15,404,0,0,0,404
10/03/2008,BHM,AL,ASO,ES,Combined TRACON& Tower with Radar,116,101,136,12,365,0,4,50,20,74,116,105,186,32,439,10,0,10,449
10/04/2008,BHM,AL,ASO,ES,Combined TRACON& Tower with Radar,77,56,50,2,185,0,4,47,13,64,77,60,97,15,249,0,0,0,249
10/05/2008,BHM,AL,ASO,ES,Combined TRACON& Tower with Radar,90,51,82,6,229,0,1,72,20,93,90,52,154,26,322,0,0,0,322
10/06/2008,BHM,AL,ASO,ES,Combined TRACON& Tower with Radar,102,76,86,8,272,0,6,40,2,48,102,82,126,10,320,0,0,0,320
10/07/2008,BHM,AL,ASO,ES,Combined TRACON& Tower with Radar,105,95,127,23,350,0,3,18,0,21,105,98,145,23,371,0,0,0,371
10/08/2008,BHM,AL,ASO,ES,Combined TRACON& Tower with Radar,120,105,130,16,371,0,1,12,0,13,120,106,142,16,384,0,0,0,384
10/09/2008,BHM,AL,ASO,ES,Combined TRACON& Tower with Radar,111,117,140,4,372,0,2,33,3,38,111,119,173,7,410,0,0,0,410
10/10/2008,BHM,AL,ASO,ES,Combined TRACON& Tower with Radar,115,98,114,3,330,0,3,37,2,42,115,101,151,5,372,0,0,0,372
10/11/2008,BHM,AL,ASO,ES,Combined TRACON& Tower with Radar,80,58,57,0,195,0,0,20,0,20,80,58,77,0,215,0,0,0,215
10/12/2008,BHM,AL,ASO,ES,Combined TRACON& Tower with Radar,93,61,86,2,242,0,6,10,0,16,93,67,96,2,258,0,0,0,258
10/13/2008,BHM,AL,ASO,ES,Combined TRACON& Tower with Radar,105,71,132,0,308,0,0,5,0,5,105,71,137,0,313,0,0,0,313
10/14/2008,BHM,AL,ASO,ES,Combined TRACON& Tower with Radar,109,76,79,20,284,0,4,33,0,37,109,80,112,20,321,0,0,0,321
10/15/2008,BHM,AL,ASO,ES,Combined TRACON& Tower with Radar,110,107,139,3,359,0,9,46,5,60,110,116,185,8,419,4,0,4,423
10/16/2008,BHM,AL,ASO,ES,Combined TRACON& Tower with Radar,109,111,140,16,376,0,4,23,4,31,109,115,163,20,407,0,0,0,407
10/17/2008,BHM,AL,ASO,ES,Combined TRACON& Tower with Radar,116,101,112,11,340,0,1,4,0,5,116,102,116,11,345,0,0,0,345
10/18/2008,BHM,AL,ASO,ES,Combined TRACON& Tower with Radar,77,57,67,10,211,0,2,35,1,38,77,59,102,11,249,0,0,0,249
10/19/2008,BHM,AL,ASO,ES,Combined TRACON& Tower with Radar,95,52,77,14,238,0,2,66,1,69,95,54,143,15,307,14,0,14,321
10/20/2008,BHM,AL,ASO,ES,Combined TRACON& Tower with Radar,105,85,95,6,291,0,2,35,0,37,105,87,130,6,328,0,0,0,328
10/21/2008,BHM,AL,ASO,ES,Combined TRACON& Tower with Radar,112,102,103,34,351,0,5,34,5,44,112,107,137,39,395,0,0,0,395
10/22/2008,BHM,AL,ASO,ES,Combined TRACON& Tower with Radar,113,95,153,24,385,0,2,33,4,39,113,97,186,28,424,0,0,0,424
10/23/2008,BHM,AL,ASO,ES,Combined TRACON& Tower with Radar,119,99,164,29,411,0,1,10,6,17,119,100,174,35,428,4,0,4,432
10/24/2008,BHM,AL,ASO,ES,Combined TRACON& Tower with Radar,117,107,122,5,351,0,1,2,2,5,117,108,124,7,356,12,12,24,380
10/25/2008,BHM,AL,ASO,ES,Combined TRACON& Tower with Radar,79,57,45,5,186,0,4,50,3,57,79,61,95,8,243,0,0,0,243
10/26/2008,BHM,AL,ASO,ES,Combined TRACON& Tower with Radar,95,48,80,0,223,0,2,34,2,38,95,50,114,2,261,0,0,0,261
10/27/2008,BHM,AL,ASO,ES,Combined TRACON& Tower with Radar,111,67,93,15,286,0,2,27,0,29,111,69,120,15,315,0,0,0,315
10/28/2008,BHM,AL,ASO,ES,Combined TRACON& Tower with Radar,111,94,88,14,307,0,5,44,0,49,111,99,132,14,356,0,0,0,356
10/29/2008,BHM,AL,ASO,ES,Combined TRACON& Tower with Radar,112,99,102,22,335,0,3,52,4,59,112,102,154,26,394,0,0,0,394
10/30/2008,BHM,AL,ASO,ES,Combined TRACON& Tower with Radar,114,111,102,17,344,0,8,42,7,57,114,119,144,24,401,0,0,0,401
10/31/2008,BHM,AL,ASO,ES,Combined TRACON& Tower with Radar,110,86,112,5,313,0,8,58,4,70,110,94,170,9,383,0,0,0,383
11/01/2008,BHM,AL,ASO,ES,Combined TRACON& Tower with Radar,79,50,65,1,195,0,2,43,0,45,79,52,108,1,240,10,0,10,250
11/02/2008,BHM,AL,ASO,ES,Combined TRACON& Tower with Radar,94,51,62,6,213,0,2,59,2,63,94,53,121,8,276,11,0,11,287
11/03/2008,BHM,AL,ASO,ES,Combined TRACON& Tower with Radar,102,86,96,11,295,0,4,33,3,40,102,90,129,14,335,6,0,6,341
11/04/2008,BHM,AL,ASO,ES,Combined TRACON& Tower with Radar,104,108,108,10,330,0,7,40,2,49,104,115,148,12,379,8,0,8,387
11/05/2008,BHM,AL,ASO,ES,Combined TRACON& Tower with Radar,108,102,104,3,317,0,3,31,8,42,108,105,135,11,359,0,0,0,359
11/06/2008,BHM,AL,ASO,ES,Combined TRACON& Tower with Radar,106,96,136,1,339,0,4,40,14,58,106,100,176,15,397,0,0,0,397
11/07/2008,BHM,AL,ASO,ES,Combined TRACON& Tower with Radar,106,109,108,11,334,0,5,16,7,28,106,114,124,18,362,0,0,0,362
11/08/2008,BHM,AL,ASO,ES,Combined TRACON& Tower with Radar,80,55,57,3,195,0,3,42,17,62,80,58,99,20,257,0,0,0,257
11/09/2008,BHM,AL,ASO,ES,Combined TRACON& Tower with Radar,90,53,82,3,228,0,2,27,2,31,90,55,109,5,259,0,0,0,259
11/10/2008,BHM,AL,ASO,ES,Combined TRACON& Tower with Radar,99,88,91,5,283,0,4,26,0,30,99,92,117,5,313,0,0,0,313
11/11/2008,BHM,AL,ASO,ES,Combined TRACON& Tower with Radar,105,86,107,2,300,0,0,28,0,28,105,86,135,2,328,12,0,12,340
11/12/2008,BHM,AL,ASO,ES,Combined TRACON& Tower with Radar,106,86,112,22,326,0,1,12,2,15,106,87,124,24,341,0,12,12,353
11/13/2008,BHM,AL,ASO,ES,Combined TRACON& Tower with Radar,105,131,129,17,382,0,0,0,0,0,105,131,129,17,382,0,0,0,382
11/14/2008,BHM,AL,ASO,ES,Combined TRACON& Tower with Radar,108,109,87,24,328,0,1,2,6,9,108,110,89,30,337,0,0,0,337
11/15/2008,BHM,AL,ASO,ES,Combined TRACON& Tower with Radar,83,52,44,1,180,0,0,11,2,13,83,52,55,3,193,0,0,0,193
11/16/2008,BHM,AL,ASO,ES,Combined TRACON& Tower with Radar,92,56,85,0,233,0,1,31,5,37,92,57,116,5,270,0,0,0,270
11/17/2008,BHM,AL,ASO,ES,Combined TRACON& Tower with Radar,100,84,87,15,286,0,4,51,2,57,100,88,138,17,343,0,0,0,343
11/18/2008,BHM,AL,ASO,ES,Combined TRACON& Tower with Radar,104,95,94,5,298,0,5,28,1,34,104,100,122,6,332,0,0,0,332
11/19/2008,BHM,AL,ASO,ES,Combined TRACON& Tower with Radar,107,102,137,9,355,0,4,30,7,41,107,106,167,16,396,0,0,0,396
11/20/2008,BHM,AL,ASO,ES,Combined TRACON& Tower with Radar,108,94,112,6,320,0,2,66,5,73,108,96,178,11,393,0,0,0,393
11/21/2008,BHM,AL,ASO,ES,Combined TRACON& Tower with Radar,106,105,104,6,321,0,3,47,6,56,106,108,151,12,377,0,0,0,377
11/22/2008,BHM,AL,ASO,ES,Combined TRACON& Tower with Radar,77,57,45,2,181,0,3,39,2,44,77,60,84,4,225,8,0,8,233
11/23/2008,BHM,AL,ASO,ES,Combined TRACON& Tower with Radar,88,51,80,4,223,0,0,17,0,17,88,51,97,4,240,14,0,14,254
11/24/2008,BHM,AL,ASO,ES,Combined TRACON& Tower with Radar,100,89,93,7,289,0,3,9,0,12,100,92,102,7,301,0,0,0,301
11/25/2008,BHM,AL,ASO,ES,Combined TRACON& Tower with Radar,104,110,101,4,319,0,9,38,1,48,104,119,139,5,367,0,0,0,367
11/26/2008,BHM,AL,ASO,ES,Combined TRACON& Tower with Radar,107,97,100,4,308,0,5,46,0,51,107,102,146,4,359,0,0,0,359
11/27/2008,BHM,AL,ASO,ES,Combined TRACON& Tower with Radar,56,53,6,0,115,0,5,20,0,25,56,58,26,0,140,0,0,0,140
11/28/2008,BHM,AL,ASO,ES,Combined TRACON& Tower with Radar,82,66,37,0,185,0,2,2,0,4,82,68,39,0,189,0,0,0,189
11/29/2008,BHM,AL,ASO,ES,Combined TRACON& Tower with Radar,92,69,45,0,206,0,0,0,0,0,92,69,45,0,206,0,0,0,206
11/30/2008,BHM,AL,ASO,ES,Combined TRACON& Tower with Radar,97,64,92,0,253,0,1,7,0,8,97,65,99,0,261,0,0,0,261
12/01/2008,BHM,AL,ASO,ES,Combined TRACON& Tower with Radar,102,83,81,5,271,0,1,12,0,13,102,84,93,5,284,0,0,0,284
12/02/2008,BHM,AL,ASO,ES,Combined TRACON& Tower with Radar,103,101,96,12,312,0,3,47,1,51,103,104,143,13,363,0,0,0,363
12/03/2008,BHM,AL,ASO,ES,Combined TRACON& Tower with Radar,106,100,119,4,329,0,3,31,0,34,106,103,150,4,363,0,0,0,363
12/04/2008,BHM,AL,ASO,ES,Combined TRACON& Tower with Radar,109,100,101,18,328,0,0,1,0,1,109,100,102,18,329,0,0,0,329
12/05/2008,BHM,AL,ASO,ES,Combined TRACON& Tower with Radar,108,97,112,8,325,0,4,55,3,62,108,101,167,11,387,0,0,0,387
12/06/2008,BHM,AL,ASO,ES,Combined TRACON& Tower with Radar,76,48,36,4,164,0,4,39,6,49,76,52,75,10,213,0,0,0,213
12/07/2008,BHM,AL,ASO,ES,Combined TRACON& Tower with Radar,93,47,60,5,205,0,4,36,2,42,93,51,96,7,247,0,0,0,247
12/08/2008,BHM,AL,ASO,ES,Combined TRACON& Tower with Radar,102,79,82,4,267,0,3,41,2,46,102,82,123,6,313,2,0,2,315
12/09/2008,BHM,AL,ASO,ES,Combined TRACON& Tower with Radar,119,113,93,10,335,0,3,11,2,16,119,116,104,12,351,0,0,0,351
12/10/2008,BHM,AL,ASO,ES,Combined TRACON& Tower with Radar,114,115,80,6,315,0,0,0,0,0,114,115,80,6,315,0,0,0,315
12/11/2008,BHM,AL,ASO,ES,Combined TRACON& Tower with Radar,108,107,78,5,298,0,1,1,0,2,108,108,79,5,300,0,0,0,300
12/12/2008,BHM,AL,ASO,ES,Combined TRACON& Tower with Radar,111,105,112,9,337,0,5,47,10,62,111,110,159,19,399,0,0,0,399
12/13/2008,BHM,AL,ASO,ES,Combined TRACON& Tower with Radar,73,55,38,4,170,0,1,50,0,51,73,56,88,4,221,30,0,30,251
12/14/2008,BHM,AL,ASO,ES,Combined TRACON& Tower with Radar,94,46,53,8,201,0,0,12,4,16,94,46,65,12,217,0,0,0,217
12/15/2008,BHM,AL,ASO,ES,Combined TRACON& Tower with Radar,100,74,92,1,267,0,0,0,1,1,100,74,92,2,268,0,0,0,268
12/16/2008,BHM,AL,ASO,ES,Combined TRACON& Tower with Radar,107,104,95,8,314,0,0,0,0,0,107,104,95,8,314,0,0,0,314
12/17/2008,BHM,AL,ASO,ES,Combined TRACON& Tower with Radar,123,111,141,4,379,0,1,0,0,1,123,112,141,4,380,0,0,0,380
12/18/2008,BHM,AL,ASO,ES,Combined TRACON& Tower with Radar,111,108,114,6,339,0,0,2,0,2,111,108,116,6,341,0,0,0,341
12/19/2008,BHM,AL,ASO,ES,Combined TRACON& Tower with Radar,110,91,91,18,310,0,2,12,5,19,110,93,103,23,329,0,0,0,329
12/20/2008,BHM,AL,ASO,ES,Combined TRACON& Tower with Radar,81,65,54,0,200,0,0,6,0,6,81,65,60,0,206,0,0,0,206
12/21/2008,BHM,AL,ASO,ES,Combined TRACON& Tower with Radar,91,46,20,4,161,0,1,25,0,26,91,47,45,4,187,27,0,27,214
12/22/2008,BHM,AL,ASO,ES,Combined TRACON& Tower with Radar,101,82,72,9,264,0,5,47,7,59,101,87,119,16,323,0,0,0,323
12/23/2008,BHM,AL,ASO,ES,Combined TRACON& Tower with Radar,107,99,74,20,300,0,3,25,4,32,107,102,99,24,332,0,0,0,332
12/24/2008,BHM,AL,ASO,ES,Combined TRACON& Tower with Radar,91,94,22,0,207,0,1,2,0,3,91,95,24,0,210,0,0,0,210
12/25/2008,BHM,AL,ASO,ES,Combined TRACON& Tower with Radar,70,53,16,0,139,0,0,1,0,1,70,53,17,0,140,0,0,0,140
12/26/2008,BHM,AL,ASO,ES,Combined TRACON& Tower with Radar,107,84,63,2,256,0,0,2,0,2,107,84,65,2,258,0,0,0,258
12/27/2008,BHM,AL,ASO,ES,Combined TRACON& Tower with Radar,87,57,45,0,189,0,2,8,0,10,87,59,53,0,199,0,0,0,199
12/28/2008,BHM,AL,ASO,ES,Combined TRACON& Tower with Radar,92,68,47,0,207,0,1,15,0,16,92,69,62,0,223,0,0,0,223
12/29/2008,BHM,AL,ASO,ES,Combined TRACON& Tower with Radar,104,87,78,0,269,0,3,51,2,56,104,90,129,2,325,0,0,0,325
12/30/2008,BHM,AL,ASO,ES,Combined TRACON& Tower with Radar,109,102,48,8,267,0,4,64,2,70,109,106,112,10,337,7,0,7,344
12/31/2008,BHM,AL,ASO,ES,Combined TRACON& Tower with Radar,88,89,26,0,203,0,2,29,4,35,88,91,55,4,238,0,0,0,238
01/01/2009,BHM,AL,ASO,ES,Combined TRACON& Tower with Radar,68,63,31,0,162,0,3,20,0,23,68,66,51,0,185,28,0,28,213
01/02/2009,BHM,AL,ASO,ES,Combined TRACON& Tower with Radar,103,89,50,2,244,0,0,0,0,0,103,89,50,2,244,0,0,0,244
01/03/2009,BHM,AL,ASO,ES,Combined TRACON& Tower with Radar,87,67,56,2,212,0,0,5,0,5,87,67,61,2,217,0,0,0,217
01/04/2009,BHM,AL,ASO,ES,Combined TRACON& Tower with Radar,96,57,67,0,220,0,0,0,0,0,96,57,67,0,220,0,0,0,220
01/05/2009,BHM,AL,ASO,ES,Combined TRACON& Tower with Radar,111,82,65,0,258,0,0,0,0,0,111,82,65,0,258,0,0,0,258
01/06/2009,BHM,AL,ASO,ES,Combined TRACON& Tower with Radar,107,102,66,2,277,0,0,0,0,0,107,102,66,2,277,0,0,0,277
01/07/2009,BHM,AL,ASO,ES,Combined TRACON& Tower with Radar,103,100,86,12,301,0,3,24,3,30,103,103,110,15,331,0,0,0,331
01/08/2009,BHM,AL,ASO,ES,Combined TRACON& Tower with Radar,103,94,88,15,300,0,3,33,6,42,103,97,121,21,342,0,0,0,342
01/09/2009,BHM,AL,ASO,ES,Combined TRACON& Tower with Radar,105,94,65,12,276,0,5,62,11,78,105,99,127,23,354,0,0,0,354
01/10/2009,BHM,AL,ASO,ES,Combined TRACON& Tower with Radar,69,52,13,4,138,0,0,0,0,0,69,52,13,4,138,0,0,0,138
01/11/2009,BHM,AL,ASO,ES,Combined TRACON& Tower with Radar,77,49,49,6,181,0,0,4,0,4,77,49,53,6,185,0,0,0,185
01/12/2009,BHM,AL,ASO,ES,Combined TRACON& Tower with Radar,84,81,65,8,238,0,4,41,1,46,84,85,106,9,284,0,0,0,284
01/13/2009,BHM,AL,ASO,ES,Combined TRACON& Tower with Radar,89,93,82,14,278,0,5,20,15,40,89,98,102,29,318,14,0,14,332
01/14/2009,BHM,AL,ASO,ES,Combined TRACON& Tower with Radar,91,102,96,37,326,0,3,42,6,51,91,105,138,43,377,0,0,0,377
01/15/2009,BHM,AL,ASO,ES,Combined TRACON& Tower with Radar,91,98,104,5,298,0,6,30,3,39,91,104,134,8,337,0,0,0,337
01/16/2009,BHM,AL,ASO,ES,Combined TRACON& Tower with Radar,91,109,57,4,261,0,5,40,2,47,91,114,97,6,308,0,0,0,308
01/17/2009,BHM,AL,ASO,ES,Combined TRACON& Tower with Radar,63,49,39,2,153,0,1,24,4,29,63,50,63,6,182,0,0,0,182
01/18/2009,BHM,AL,ASO,ES,Combined TRACON& Tower with Radar,83,35,33,0,151,0,0,19,0,19,83,35,52,0,170,0,0,0,170
01/19/2009,BHM,AL,ASO,ES,Combined TRACON& Tower with Radar,88,62,62,0,212,0,1,37,0,38,88,63,99,0,250,0,0,0,250
01/20/2009,BHM,AL,ASO,ES,Combined TRACON& Tower with Radar,93,83,77,25,278,0,6,23,0,29,93,89,100,25,307,0,0,0,307
01/21/2009,BHM,AL,ASO,ES,Combined TRACON& Tower with Radar,93,92,103,31,319,0,5,33,7,45,93,97,136,38,364,0,0,0,364
01/22/2009,BHM,AL,ASO,ES,Combined TRACON& Tower with Radar,92,98,100,4,294,0,2,30,3,35,92,100,130,7,329,0,0,0,329
01/23/2009,BHM,AL,ASO,ES,Combined TRACON& Tower with Radar,95,95,82,14,286,0,3,27,5,35,95,98,109,19,321,0,0,0,321
01/24/2009,BHM,AL,ASO,ES,Combined TRACON& Tower with Radar,60,55,51,0,166,0,0,8,0,8,60,55,59,0,174,0,0,0,174
01/25/2009,BHM,AL,ASO,ES,Combined TRACON& Tower with Radar,83,49,60,6,198,0,1,22,0,23,83,50,82,6,221,0,0,0,221
01/26/2009,BHM,AL,ASO,ES,Combined TRACON& Tower with Radar,88,86,92,30,296,0,3,25,0,28,88,89,117,30,324,0,0,0,324
01/27/2009,BHM,AL,ASO,ES,Combined TRACON& Tower with Radar,95,98,101,14,308,0,2,20,2,24,95,100,121,16,332,0,0,0,332
01/28/2009,BHM,AL,ASO,ES,Combined TRACON& Tower with Radar,85,95,84,4,268,0,0,2,0,2,85,95,86,4,270,0,0,0,270
01/29/2009,BHM,AL,ASO,ES,Combined TRACON& Tower with Radar,99,104,132,11,346,0,3,20,7,30,99,107,152,18,376,34,0,34,410
01/30/2009,BHM,AL,ASO,ES,Combined TRACON& Tower with Radar,93,108,98,0,299,0,5,43,11,59,93,113,141,11,358,8,0,8,366
01/31/2009,BHM,AL,ASO,ES,Combined TRACON& Tower with Radar,61,59,49,0,169,0,1,69,0,70,61,60,118,0,239,0,0,0,239
02/01/2009,BHM,AL,ASO,ES,Combined TRACON& Tower with Radar,76,46,41,10,173,0,4,48,0,52,76,50,89,10,225,0,0,0,225
02/02/2009,BHM,AL,ASO,ES,Combined TRACON& Tower with Radar,88,79,46,4,217,0,1,4,0,5,88,80,50,4,222,0,0,0,222
02/03/2009,BHM,AL,ASO,ES,Combined TRACON& Tower with Radar,102,92,93,25,312,13,6,26,5,50,115,98,119,30,362,0,0,0,362
02/04/2009,BHM,AL,ASO,ES,Combined TRACON& Tower with Radar,93,95,82,3,273,0,3,49,3,55,93,98,131,6,328,0,0,0,328
02/05/2009,BHM,AL,ASO,ES,Combined TRACON& Tower with Radar,93,100,100,12,305,0,1,57,13,71,93,101,157,25,376,0,8,8,384
02/06/2009,BHM,AL,ASO,ES,Combined TRACON& Tower with Radar,93,97,100,9,299,0,3,41,9,53,93,100,141,18,352,0,0,0,352
02/07/2009,BHM,AL,ASO,ES,Combined TRACON& Tower with Radar,63,52,47,7,169,0,0,64,10,74,63,52,111,17,243,0,0,0,243
02/08/2009,BHM,AL,ASO,ES,Combined TRACON& Tower with Radar,78,45,64,42,229,0,3,32,3,38,78,48,96,45,267,0,0,0,267
02/09/2009,BHM,AL,ASO,ES,Combined TRACON& Tower with Radar,91,78,68,9,246,0,3,30,2,35,91,81,98,11,281,0,12,12,293
02/10/2009,BHM,AL,ASO,ES,Combined TRACON& Tower with Radar,93,95,108,2,298,0,2,25,4,31,93,97,133,6,329,0,0,0,329
02/11/2009,BHM,AL,ASO,ES,Combined TRACON& Tower with Radar,95,103,87,2,287,0,1,8,1,10,95,104,95,3,297,0,0,0,297
02/12/2009,BHM,AL,ASO,ES,Combined TRACON& Tower with Radar,94,93,137,17,341,0,2,54,3,59,94,95,191,20,400,12,0,12,412
02/13/2009,BHM,AL,ASO,ES,Combined TRACON& Tower with Radar,92,97,109,6,304,0,4,9,0,13,92,101,118,6,317,0,0,0,317
02/14/2009,BHM,AL,ASO,ES,Combined TRACON& Tower with Radar,67,50,39,2,158,0,0,3,0,3,67,50,42,2,161,0,0,0,161
02/15/2009,BHM,AL,ASO,ES,Combined TRACON& Tower with Radar,76,46,82,7,211,0,2,5,0,7,76,48,87,7,218,10,0,10,228
02/16/2009,BHM,AL,ASO,ES,Combined TRACON& Tower with Radar,89,67,107,2,265,0,0,4,0,4,89,67,111,2,269,0,0,0,269
02/17/2009,BHM,AL,ASO,ES,Combined TRACON& Tower with Radar,89,94,117,18,318,0,1,1,0,2,89,95,118,18,320,0,0,0,320
02/18/2009,BHM,AL,ASO,ES,Combined TRACON& Tower with Radar,93,101,91,6,291,0,0,1,0,1,93,101,92,6,292,0,0,0,292
02/19/2009,BHM,AL,ASO,ES,Combined TRACON& Tower with Radar,93,96,155,21,365,0,1,1,0,2,93,97,156,21,367,0,0,0,367
02/20/2009,BHM,AL,ASO,ES,Combined TRACON& Tower with Radar,93,94,169,17,373,0,2,4,2,8,93,96,173,19,381,0,0,0,381
02/21/2009,BHM,AL,ASO,ES,Combined TRACON& Tower with Radar,67,52,65,7,191,0,1,3,1,5,67,53,68,8,196,0,0,0,196
02/22/2009,BHM,AL,ASO,ES,Combined TRACON& Tower with Radar,81,47,71,10,209,0,0,1,0,1,81,47,72,10,210,0,0,0,210
02/23/2009,BHM,AL,ASO,ES,Combined TRACON& Tower with Radar,88,86,117,2,293,0,0,5,0,5,88,86,122,2,298,0,0,0,298
02/24/2009,BHM,AL,ASO,ES,Combined TRACON& Tower with Radar,89,97,135,41,362,0,0,5,1,6,89,97,140,42,368,0,0,0,368
02/25/2009,BHM,AL,ASO,ES,Combined TRACON& Tower with Radar,93,109,104,10,316,0,0,2,0,2,93,109,106,10,318,0,0,0,318
02/26/2009,BHM,AL,ASO,ES,Combined TRACON& Tower with Radar,91,102,136,28,357,0,2,4,1,7,91,104,140,29,364,0,0,0,364
02/27/2009,BHM,AL,ASO,ES,Combined TRACON& Tower with Radar,95,102,38,3,238,0,0,0,0,0,95,102,38,3,238,0,0,0,238
02/28/2009,BHM,AL,ASO,ES,Combined TRACON& Tower with Radar,69,64,28,1,162,0,0,0,0,0,69,64,28,1,162,0,0,0,162
03/01/2009,BHM,AL,ASO,ES,Combined TRACON& Tower with Radar,45,47,43,2,137,0,0,1,1,2,45,47,44,3,139,0,0,0,139
03/02/2009,BHM,AL,ASO,ES,Combined TRACON& Tower with Radar,80,86,88,1,255,0,1,1,0,2,80,87,89,1,257,0,0,0,257
03/03/2009,BHM,AL,ASO,ES,Combined TRACON& Tower with Radar,95,82,125,6,308,0,0,12,1,13,95,82,137,7,321,0,0,0,321
03/04/2009,BHM,AL,ASO,ES,Combined TRACON& Tower with Radar,95,87,118,9,309,0,4,4,4,12,95,91,122,13,321,0,0,0,321
03/05/2009,BHM,AL,ASO,ES,Combined TRACON& Tower with Radar,98,86,158,9,351,0,2,2,2,6,98,88,160,11,357,0,0,0,357
03/06/2009,BHM,AL,ASO,ES,Combined TRACON& Tower with Radar,95,85,104,6,290,0,3,6,0,9,95,88,110,6,299,0,0,0,299
03/07/2009,BHM,AL,ASO,ES,Combined TRACON& Tower with Radar,83,49,60,4,196,0,1,5,0,6,83,50,65,4,202,0,0,0,202
03/08/2009,BHM,AL,ASO,ES,Combined TRACON& Tower with Radar,88,55,83,15,241,0,0,0,0,0,88,55,83,15,241,0,0,0,241
03/09/2009,BHM,AL,ASO,ES,Combined TRACON& Tower with Radar,92,72,102,8,274,0,1,7,0,8,92,73,109,8,282,0,0,0,282
03/10/2009,BHM,AL,ASO,ES,Combined TRACON& Tower with Radar,105,96,111,6,318,0,1,3,0,4,105,97,114,6,322,0,0,0,322
03/11/2009,BHM,AL,ASO,ES,Combined TRACON& Tower with Radar,94,88,90,65,337,0,0,2,8,10,94,88,92,73,347,0,0,0,347
03/12/2009,BHM,AL,ASO,ES,Combined TRACON& Tower with Radar,96,93,138,35,362,0,0,3,0,3,96,93,141,35,365,0,0,0,365
03/13/2009,BHM,AL,ASO,ES,Combined TRACON& Tower with Radar,97,88,82,17,284,0,1,0,0,1,97,89,82,17,285,0,0,0,285
03/14/2009,BHM,AL,ASO,ES,Combined TRACON& Tower with Radar,73,59,53,1,186,0,0,1,0,1,73,59,54,1,187,0,0,0,187
03/15/2009,BHM,AL,ASO,ES,Combined TRACON& Tower with Radar,86,52,63,1,202,0,2,2,0,4,86,54,65,1,206,0,0,0,206
03/16/2009,BHM,AL,ASO,ES,Combined TRACON& Tower with Radar,91,80,80,10,261,0,0,0,0,0,91,80,80,10,261,0,0,0,261
03/17/2009,BHM,AL,ASO,ES,Combined TRACON& Tower with Radar,95,93,125,5,318,0,2,7,0,9,95,95,132,5,327,0,0,0,327
03/18/2009,BHM,AL,ASO,ES,Combined TRACON& Tower with Radar,93,77,89,27,286,0,1,9,0,10,93,78,98,27,296,0,0,0,296
03/19/2009,BHM,AL,ASO,ES,Combined TRACON& Tower with Radar,101,97,110,15,323,0,1,9,1,11,101,98,119,16,334,0,0,0,334
03/20/2009,BHM,AL,ASO,ES,Combined TRACON& Tower with Radar,100,95,128,9,332,0,5,6,2,13,100,100,134,11,345,0,0,0,345
03/21/2009,BHM,AL,ASO,ES,Combined TRACON& Tower with Radar,81,59,103,6,249,0,3,2,0,5,81,62,105,6,254,0,0,0,254
03/22/2009,BHM,AL,ASO,ES,Combined TRACON& Tower with Radar,91,53,119,7,270,0,1,9,1,11,91,54,128,8,281,0,0,0,281
03/23/2009,BHM,AL,ASO,ES,Combined TRACON& Tower with Radar,94,83,138,12,327,0,2,8,1,11,94,85,146,13,338,0,0,0,338
03/24/2009,BHM,AL,ASO,ES,Combined TRACON& Tower with Radar,95,98,118,16,327,0,1,4,1,6,95,99,122,17,333,0,0,0,333
03/25/2009,BHM,AL,ASO,ES,Combined TRACON& Tower with Radar,87,96,65,4,252,0,0,1,0,1,87,96,66,4,253,0,0,0,253
03/26/2009,BHM,AL,ASO,ES,Combined TRACON& Tower with Radar,102,95,78,18,293,0,1,0,1,2,102,96,78,19,295,0,0,0,295
03/27/2009,BHM,AL,ASO,ES,Combined TRACON& Tower with Radar,101,79,87,10,277,0,2,1,0,3,101,81,88,10,280,0,0,0,280
03/28/2009,BHM,AL,ASO,ES,Combined TRACON& Tower with Radar,88,51,23,1,163,0,0,3,0,3,88,51,26,1,166,0,0,0,166
03/29/2009,BHM,AL,ASO,ES,Combined TRACON& Tower with Radar,85,55,55,10,205,0,2,0,0,2,85,57,55,10,207,0,0,0,207
03/30/2009,BHM,AL,ASO,ES,Combined TRACON& Tower with Radar,91,77,117,6,291,0,0,11,0,11,91,77,128,6,302,0,0,0,302
03/31/2009,BHM,AL,ASO,ES,Combined TRACON& Tower with Radar,92,91,96,3,282,0,2,0,0,2,92,93,96,3,284,0,0,0,284
04/01/2009,BHM,AL,ASO,ES,Combined TRACON& Tower with Radar,94,88,160,14,356,0,4,15,0,19,94,92,175,14,375,12,0,12,387
04/02/2009,BHM,AL,ASO,ES,Combined TRACON& Tower with Radar,99,85,61,5,250,0,0,0,0,0,99,85,61,5,250,0,0,0,250
04/03/2009,BHM,AL,ASO,ES,Combined TRACON& Tower with Radar,102,91,160,25,378,0,2,6,0,8,102,93,166,25,386,0,0,0,386
04/04/2009,BHM,AL,ASO,ES,Combined TRACON& Tower with Radar,73,62,106,4,245,0,0,8,0,8,73,62,114,4,253,6,8,14,267
04/05/2009,BHM,AL,ASO,ES,Combined TRACON& Tower with Radar,87,62,67,12,228,0,1,0,0,1,87,63,67,12,229,0,0,0,229
04/06/2009,BHM,AL,ASO,ES,Combined TRACON& Tower with Radar,86,84,64,12,246,0,0,1,3,4,86,84,65,15,250,0,0,0,250
04/07/2009,BHM,AL,ASO,ES,Combined TRACON& Tower with Radar,87,105,147,29,368,0,0,1,0,1,87,105,148,29,369,0,0,0,369
04/08/2009,BHM,AL,ASO,ES,Combined TRACON& Tower with Radar,92,96,160,36,384,0,3,1,3,7,92,99,161,39,391,10,2,12,403
04/09/2009,BHM,AL,ASO,ES,Combined TRACON& Tower with Radar,91,100,169,14,374,0,6,9,3,18,91,106,178,17,392,0,0,0,392
04/10/2009,BHM,AL,ASO,ES,Combined TRACON& Tower with Radar,110,99,100,3,312,0,0,2,0,2,110,99,102,3,314,0,0,0,314
04/11/2009,BHM,AL,ASO,ES,Combined TRACON& Tower with Radar,75,66,89,0,230,0,0,5,0,5,75,66,94,0,235,10,0,10,245
04/12/2009,BHM,AL,ASO,ES,Combined TRACON& Tower with Radar,82,61,84,1,228,0,1,0,0,1,82,62,84,1,229,0,0,0,229
04/13/2009,BHM,AL,ASO,ES,Combined TRACON& Tower with Radar,110,87,67,4,268,0,1,6,0,7,110,88,73,4,275,0,0,0,275
04/14/2009,BHM,AL,ASO,ES,Combined TRACON& Tower with Radar,89,98,123,13,323,0,4,1,1,6,89,102,124,14,329,0,0,0,329
04/15/2009,BHM,AL,ASO,ES,Combined TRACON& Tower with Radar,90,92,124,29,335,0,2,7,1,10,90,94,131,30,345,0,0,0,345
04/16/2009,BHM,AL,ASO,ES,Combined TRACON& Tower with Radar,90,99,157,17,363,0,2,9,0,11,90,101,166,17,374,0,0,0,374
04/17/2009,BHM,AL,ASO,ES,Combined TRACON& Tower with Radar,93,86,133,14,326,0,1,7,3,11,93,87,140,17,337,1,0,1,338
04/18/2009,BHM,AL,ASO,ES,Combined TRACON& Tower with Radar,74,63,64,9,210,0,1,1,0,2,74,64,65,9,212,0,0,0,212
04/19/2009,BHM,AL,ASO,ES,Combined TRACON& Tower with Radar,86,60,56,2,204,0,0,3,1,4,86,60,59,3,208,0,0,0,208
04/20/2009,BHM,AL,ASO,ES,Combined TRACON& Tower with Radar,89,78,127,6,300,0,2,0,0,2,89,80,127,6,302,0,0,0,302
04/21/2009,BHM,AL,ASO,ES,Combined TRACON& Tower with Radar,92,102,140,16,350,0,0,5,2,7,92,102,145,18,357,9,1,10,367
04/22/2009,BHM,AL,ASO,ES,Combined TRACON& Tower with Radar,91,98,195,13,397,0,2,10,0,12,91,100,205,13,409,0,0,0,409
04/23/2009,BHM,AL,ASO,ES,Combined TRACON& Tower with Radar,124,107,170,12,413,0,1,4,2,7,124,108,174,14,420,0,0,0,420
04/24/2009,BHM,AL,ASO,ES,Combined TRACON& Tower with Radar,100,93,154,17,364,0,0,5,0,5,100,93,159,17,369,0,0,0,369
04/25/2009,BHM,AL,ASO,ES,Combined TRACON& Tower with Radar,75,61,80,9,225,0,3,9,0,12,75,64,89,9,237,0,0,0,237
04/26/2009,BHM,AL,ASO,ES,Combined TRACON& Tower with Radar,86,64,108,4,262,0,2,10,0,12,86,66,118,4,274,0,0,0,274
04/27/2009,BHM,AL,ASO,ES,Combined TRACON& Tower with Radar,95,76,122,22,315,0,1,5,1,7,95,77,127,23,322,0,0,0,322
04/28/2009,BHM,AL,ASO,ES,Combined TRACON& Tower with Radar,88,110,128,13,339,0,0,7,0,7,88,110,135,13,346,0,0,0,346
04/29/2009,BHM,AL,ASO,ES,Combined TRACON& Tower with Radar,87,103,114,43,347,0,3,4,1,8,87,106,118,44,355,0,4,4,359
04/30/2009,BHM,AL,ASO,ES,Combined TRACON& Tower with Radar,89,109,153,26,377,0,1,3,4,8,89,110,156,30,385,0,0,0,385
05/01/2009,BHM,AL,ASO,ES,Combined TRACON& Tower with Radar,94,95,106,16,311,0,1,1,0,2,94,96,107,16,313,0,0,0,313
05/02/2009,BHM,AL,ASO,ES,Combined TRACON& Tower with Radar,75,62,135,1,273,0,2,0,0,2,75,64,135,1,275,0,0,0,275
05/03/2009,BHM,AL,ASO,ES,Combined TRACON& Tower with Radar,86,56,67,4,213,0,0,0,0,0,86,56,67,4,213,0,0,0,213
05/04/2009,BHM,AL,ASO,ES,Combined TRACON& Tower with Radar,90,81,91,3,265,0,0,0,0,0,90,81,91,3,265,0,0,0,265
05/05/2009,BHM,AL,ASO,ES,Combined TRACON& Tower with Radar,92,104,120,27,343,0,1,2,0,3,92,105,122,27,346,0,0,0,346
05/06/2009,BHM,AL,ASO,ES,Combined TRACON& Tower with Radar,88,104,77,4,273,0,0,0,0,0,88,104,77,4,273,0,0,0,273
05/07/2009,BHM,AL,ASO,ES,Combined TRACON& Tower with Radar,105,113,136,20,374,0,0,4,0,4,105,113,140,20,378,0,0,0,378
05/08/2009,BHM,AL,ASO,ES,Combined TRACON& Tower with Radar,97,87,113,30,327,0,0,5,1,6,97,87,118,31,333,0,0,0,333
05/09/2009,BHM,AL,ASO,ES,Combined TRACON& Tower with Radar,80,63,34,1,178,0,1,0,0,1,80,64,34,1,179,6,0,6,185
05/10/2009,BHM,AL,ASO,ES,Combined TRACON& Tower with Radar,91,72,41,1,205,0,0,0,0,0,91,72,41,1,205,0,0,0,205
05/11/2009,BHM,AL,ASO,ES,Combined TRACON& Tower with Radar,93,79,95,8,275,0,2,0,0,2,93,81,95,8,277,0,0,0,277
05/12/2009,BHM,AL,ASO,ES,Combined TRACON& Tower with Radar,89,109,174,12,384,0,3,12,0,15,89,112,186,12,399,8,0,8,407
05/13/2009,BHM,AL,ASO,ES,Combined TRACON& Tower with Radar,94,111,114,10,329,0,0,3,1,4,94,111,117,11,333,0,0,0,333
05/14/2009,BHM,AL,ASO,ES,Combined TRACON& Tower with Radar,93,104,121,6,324,0,1,3,0,4,93,105,124,6,328,10,0,10,338
05/15/2009,BHM,AL,ASO,ES,Combined TRACON& Tower with Radar,94,99,117,15,325,0,1,5,0,6,94,100,122,15,331,0,0,0,331
05/16/2009,BHM,AL,ASO,ES,Combined TRACON& Tower with Radar,73,70,48,0,191,0,0,0,1,1,73,70,48,1,192,0,0,0,192
05/17/2009,BHM,AL,ASO,ES,Combined TRACON& Tower with Radar,86,65,57,4,212,0,1,2,0,3,86,66,59,4,215,0,0,0,215
05/18/2009,BHM,AL,ASO,ES,Combined TRACON& Tower with Radar,90,93,144,18,345,0,2,7,0,9,90,95,151,18,354,0,0,0,354
05/19/2009,BHM,AL,ASO,ES,Combined TRACON& Tower with Radar,90,102,174,11,377,0,2,12,0,14,90,104,186,11,391,0,0,0,391
05/20/2009,BHM,AL,ASO,ES,Combined TRACON& Tower with Radar,90,104,171,14,379,0,2,5,0,7,90,106,176,14,386,0,0,0,386
05/21/2009,BHM,AL,ASO,ES,Combined TRACON& Tower with Radar,94,106,135,27,362,0,0,2,0,2,94,106,137,27,364,0,0,0,364
05/22/2009,BHM,AL,ASO,ES,Combined TRACON& Tower with Radar,94,87,103,6,290,0,3,3,0,6,94,90,106,6,296,0,0,0,296
05/23/2009,BHM,AL,ASO,ES,Combined TRACON& Tower with Radar,78,53,35,0,166,0,2,1,0,3,78,55,36,0,169,0,0,0,169
05/24/2009,BHM,AL,ASO,ES,Combined TRACON& Tower with Radar,72,48,31,1,152,0,0,0,0,0,72,48,31,1,152,0,0,0,152
05/25/2009,BHM,AL,ASO,ES,Combined TRACON& Tower with Radar,84,60,49,1,194,0,0,0,0,0,84,60,49,1,194,0,0,0,194
05/26/2009,BHM,AL,ASO,ES,Combined TRACON& Tower with Radar,85,87,88,3,263,0,0,1,0,1,85,87,89,3,264,0,0,0,264
05/27/2009,BHM,AL,ASO,ES,Combined TRACON& Tower with Radar,88,109,105,10,312,0,0,2,0,2,88,109,107,10,314,0,0,0,314
05/28/2009,BHM,AL,ASO,ES,Combined TRACON& Tower with Radar,97,95,106,31,329,0,4,1,0,5,97,99,107,31,334,0,0,0,334
05/29/2009,BHM,AL,ASO,ES,Combined TRACON& Tower with Radar,91,88,141,22,342,0,0,8,3,11,91,88,149,25,353,0,0,0,353
05/30/2009,BHM,AL,ASO,ES,Combined TRACON& Tower with Radar,76,57,72,2,207,0,3,4,0,7,76,60,76,2,214,0,0,0,214
05/31/2009,BHM,AL,ASO,ES,Combined TRACON& Tower with Radar,85,64,98,11,258,0,2,7,1,10,85,66,105,12,268,0,0,0,268
06/01/2009,BHM,AL,ASO,ES,Combined TRACON& Tower with Radar,92,76,116,15,299,0,0,8,0,8,92,76,124,15,307,15,0,15,322
06/02/2009,BHM,AL,ASO,ES,Combined TRACON& Tower with Radar,87,98,131,21,337,0,2,5,0,7,87,100,136,21,344,0,0,0,344
06/03/2009,BHM,AL,ASO,ES,Combined TRACON& Tower with Radar,93,100,138,18,349,0,1,4,0,5,93,101,142,18,354,0,0,0,354
06/04/2009,BHM,AL,ASO,ES,Combined TRACON& Tower with Radar,91,115,117,24,347,0,1,1,1,3,91,116,118,25,350,10,0,10,360
06/05/2009,BHM,AL,ASO,ES,Combined TRACON& Tower with Radar,91,110,121,10,332,0,1,0,4,5,91,111,121,14,337,0,0,0,337
06/06/2009,BHM,AL,ASO,ES,Combined TRACON& Tower with Radar,73,84,119,13,289,0,0,3,2,5,73,84,122,15,294,0,0,0,294
06/07/2009,BHM,AL,ASO,ES,Combined TRACON& Tower with Radar,80,70,99,21,270,0,1,4,2,7,80,71,103,23,277,0,0,0,277
06/08/2009,BHM,AL,ASO,ES,Combined TRACON& Tower with Radar,84,85,114,16,299,0,3,2,0,5,84,88,116,16,304,0,0,0,304
06/09/2009,BHM,AL,ASO,ES,Combined TRACON& Tower with Radar,87,110,153,12,362,0,1,4,0,5,87,111,157,12,367,0,0,0,367
06/10/2009,BHM,AL,ASO,ES,Combined TRACON& Tower with Radar,102,105,135,10,352,0,0,7,1,8,102,105,142,11,360,0,0,0,360
06/11/2009,BHM,AL,ASO,ES,Combined TRACON& Tower with Radar,90,112,131,32,365,0,0,4,0,4,90,112,135,32,369,0,0,0,369
06/12/2009,BHM,AL,ASO,ES,Combined TRACON& Tower with Radar,88,93,109,22,312,0,1,5,1,7,88,94,114,23,319,0,0,0,319
06/13/2009,BHM,AL,ASO,ES,Combined TRACON& Tower with Radar,71,76,50,0,197,0,2,10,0,12,71,78,60,0,209,0,0,0,209
06/14/2009,BHM,AL,ASO,ES,Combined TRACON& Tower with Radar,79,66,75,9,229,0,0,0,0,0,79,66,75,9,229,6,0,6,235
06/15/2009,BHM,AL,ASO,ES,Combined TRACON& Tower with Radar,88,88,117,20,313,0,0,10,0,10,88,88,127,20,323,0,0,0,323
06/16/2009,BHM,AL,ASO,ES,Combined TRACON& Tower with Radar,86,102,131,24,343,0,3,6,2,11,86,105,137,26,354,0,0,0,354
06/17/2009,BHM,AL,ASO,ES,Combined TRACON& Tower with Radar,93,102,136,23,354,0,2,3,2,7,93,104,139,25,361,10,8,18,379
06/18/2009,BHM,AL,ASO,ES,Combined TRACON& Tower with Radar,86,108,138,16,348,0,1,7,1,9,86,109,145,17,357,10,0,10,367
06/19/2009,BHM,AL,ASO,ES,Combined TRACON& Tower with Radar,92,104,149,19,364,0,3,5,1,9,92,107,154,20,373,0,0,0,373
06/20/2009,BHM,AL,ASO,ES,Combined TRACON& Tower with Radar,72,66,75,7,220,0,2,3,0,5,72,68,78,7,225,0,0,0,225
06/21/2009,BHM,AL,ASO,ES,Combined TRACON& Tower with Radar,80,65,87,11,243,0,1,6,0,7,80,66,93,11,250,0,0,0,250
06/22/2009,BHM,AL,ASO,ES,Combined TRACON& Tower with Radar,89,84,119,4,296,0,2,4,0,6,89,86,123,4,302,0,0,0,302
06/23/2009,BHM,AL,ASO,ES,Combined TRACON& Tower with Radar,89,107,147,22,365,0,0,7,0,7,89,107,154,22,372,14,0,14,386
06/24/2009,BHM,AL,ASO,ES,Combined TRACON& Tower with Radar,90,108,151,18,367,0,1,2,0,3,90,109,153,18,370,0,0,0,370
06/25/2009,BHM,AL,ASO,ES,Combined TRACON& Tower with Radar,87,109,169,12,377,0,1,5,2,8,87,110,174,14,385,0,0,0,385
06/26/2009,BHM,AL,ASO,ES,Combined TRACON& Tower with Radar,94,102,121,20,337,0,0,4,0,4,94,102,125,20,341,0,0,0,341
06/27/2009,BHM,AL,ASO,ES,Combined TRACON& Tower with Radar,76,65,77,4,222,0,0,2,0,2,76,65,79,4,224,0,0,0,224
06/28/2009,BHM,AL,ASO,ES,Combined TRACON& Tower with Radar,78,68,58,10,214,0,3,0,0,3,78,71,58,10,217,0,0,0,217
06/29/2009,BHM,AL,ASO,ES,Combined TRACON& Tower with Radar,84,88,102,1,275,0,0,9,3,12,84,88,111,4,287,0,0,0,287
06/30/2009,BHM,AL,ASO,ES,Combined TRACON& Tower with Radar,90,103,137,39,369,0,1,7,2,10,90,104,144,41,379,0,0,0,379
07/01/2009,BHM,AL,ASO,ES,Combined TRACON& Tower with Radar,89,97,147,17,350,0,0,7,0,7,89,97,154,17,357,0,0,0,357
07/02/2009,BHM,AL,ASO,ES,Combined TRACON& Tower with Radar,86,105,152,18,361,0,0,5,4,9,86,105,157,22,370,0,0,0,370
07/03/2009,BHM,AL,ASO,ES,Combined TRACON& Tower with Radar,84,88,75,2,249,0,3,3,1,7,84,91,78,3,256,0,0,0,256
07/04/2009,BHM,AL,ASO,ES,Combined TRACON& Tower with Radar,51,59,25,1,136,0,0,0,0,0,51,59,25,1,136,0,0,0,136
07/05/2009,BHM,AL,ASO,ES,Combined TRACON& Tower with Radar,75,70,63,1,209,0,0,0,0,0,75,70,63,1,209,0,0,0,209
07/06/2009,BHM,AL,ASO,ES,Combined TRACON& Tower with Radar,97,89,95,11,292,0,0,4,5,9,97,89,99,16,301,0,0,0,301
07/07/2009,BHM,AL,ASO,ES,Combined TRACON& Tower with Radar,89,102,125,18,334,0,2,1,0,3,89,104,126,18,337,0,0,0,337
07/08/2009,BHM,AL,ASO,ES,Combined TRACON& Tower with Radar,89,104,126,26,345,0,0,8,4,12,89,104,134,30,357,0,0,0,357
07/09/2009,BHM,AL,ASO,ES,Combined TRACON& Tower with Radar,88,115,174,10,387,0,2,5,2,9,88,117,179,12,396,0,0,0,396
07/10/2009,BHM,AL,ASO,ES,Combined TRACON& Tower with Radar,87,110,111,8,316,0,1,4,0,5,87,111,115,8,321,0,0,0,321
07/11/2009,BHM,AL,ASO,ES,Combined TRACON& Tower with Radar,65,84,82,16,247,0,3,4,0,7,65,87,86,16,254,0,0,0,254
07/12/2009,BHM,AL,ASO,ES,Combined TRACON& Tower with Radar,80,74,75,8,237,0,1,4,0,5,80,75,79,8,242,0,0,0,242
07/13/2009,BHM,AL,ASO,ES,Combined TRACON& Tower with Radar,86,88,103,25,302,0,0,0,0,0,86,88,103,25,302,0,0,0,302
07/14/2009,BHM,AL,ASO,ES,Combined TRACON& Tower with Radar,85,107,145,21,358,0,2,3,1,6,85,109,148,22,364,0,0,0,364
07/15/2009,BHM,AL,ASO,ES,Combined TRACON& Tower with Radar,85,104,153,16,358,0,1,3,0,4,85,105,156,16,362,0,0,0,362
07/16/2009,BHM,AL,ASO,ES,Combined TRACON& Tower with Radar,89,101,112,3,305,0,0,0,0,0,89,101,112,3,305,0,0,0,305
07/17/2009,BHM,AL,ASO,ES,Combined TRACON& Tower with Radar,91,104,113,13,321,0,2,2,1,5,91,106,115,14,326,0,0,0,326
07/18/2009,BHM,AL,ASO,ES,Combined TRACON& Tower with Radar,69,79,86,5,239,0,2,4,0,6,69,81,90,5,245,0,0,0,245
07/19/2009,BHM,AL,ASO,ES,Combined TRACON& Tower with Radar,80,81,81,8,250,0,3,3,3,9,80,84,84,11,259,0,0,0,259
07/20/2009,BHM,AL,ASO,ES,Combined TRACON& Tower with Radar,86,94,135,12,327,0,1,7,0,8,86,95,142,12,335,0,0,0,335
07/21/2009,BHM,AL,ASO,ES,Combined TRACON& Tower with Radar,86,108,104,9,307,0,1,1,0,2,86,109,105,9,309,0,0,0,309
07/22/2009,BHM,AL,ASO,ES,Combined TRACON& Tower with Radar,87,108,115,10,320,0,2,2,0,4,87,110,117,10,324,0,0,0,324
07/23/2009,BHM,AL,ASO,ES,Combined TRACON& Tower with Radar,91,121,142,9,363,0,0,1,0,1,91,121,143,9,364,0,0,0,364
07/24/2009,BHM,AL,ASO,ES,Combined TRACON& Tower with Radar,87,104,125,14,330,0,1,6,0,7,87,105,131,14,337,0,0,0,337
07/25/2009,BHM,AL,ASO,ES,Combined TRACON& Tower with Radar,70,85,79,2,236,0,4,10,0,14,70,89,89,2,250,0,0,0,250
07/26/2009,BHM,AL,ASO,ES,Combined TRACON& Tower with Radar,77,69,68,5,219,0,0,4,1,5,77,69,72,6,224,0,0,0,224
07/27/2009,BHM,AL,ASO,ES,Combined TRACON& Tower with Radar,85,90,97,13,285,0,3,5,1,9,85,93,102,14,294,0,0,0,294
07/28/2009,BHM,AL,ASO,ES,Combined TRACON& Tower with Radar,82,120,102,10,314,0,4,0,0,4,82,124,102,10,318,0,0,0,318
07/29/2009,BHM,AL,ASO,ES,Combined TRACON& Tower with Radar,93,110,105,23,331,0,0,0,1,1,93,110,105,24,332,0,0,0,332
07/30/2009,BHM,AL,ASO,ES,Combined TRACON& Tower with Radar,88,98,120,10,316,0,0,6,2,8,88,98,126,12,324,0,0,0,324
07/31/2009,BHM,AL,ASO,ES,Combined TRACON& Tower with Radar,112,93,84,16,305,0,2,0,0,2,112,95,84,16,307,0,0,0,307
08/01/2009,BHM,AL,ASO,ES,Combined TRACON& Tower with Radar,74,78,51,7,210,0,0,1,0,1,74,78,52,7,211,0,0,0,211
08/02/2009,BHM,AL,ASO,ES,Combined TRACON& Tower with Radar,87,68,67,10,232,0,3,4,0,7,87,71,71,10,239,2,0,2,241
08/03/2009,BHM,AL,ASO,ES,Combined TRACON& Tower with Radar,86,93,111,11,301,0,1,2,2,5,86,94,113,13,306,0,0,0,306
08/04/2009,BHM,AL,ASO,ES,Combined TRACON& Tower with Radar,86,109,114,42,351,0,1,3,0,4,86,110,117,42,355,0,0,0,355
08/05/2009,BHM,AL,ASO,ES,Combined TRACON& Tower with Radar,89,107,119,14,329,0,4,0,3,7,89,111,119,17,336,0,8,8,344
08/06/2009,BHM,AL,ASO,ES,Combined TRACON& Tower with Radar,88,105,159,8,360,0,3,2,3,8,88,108,161,11,368,0,0,0,368
08/07/2009,BHM,AL,ASO,ES,Combined TRACON& Tower with Radar,89,98,102,23,312,0,1,4,0,5,89,99,106,23,317,0,0,0,317
08/08/2009,BHM,AL,ASO,ES,Combined TRACON& Tower with Radar,68,80,54,1,203,0,2,3,0,5,68,82,57,1,208,20,0,20,228
08/09/2009,BHM,AL,ASO,ES,Combined TRACON& Tower with Radar,78,65,62,20,225,0,2,0,3,5,78,67,62,23,230,0,0,0,230
08/10/2009,BHM,AL,ASO,ES,Combined TRACON& Tower with Radar,87,102,107,14,310,0,3,5,1,9,87,105,112,15,319,0,0,0,319
08/11/2009,BHM,AL,ASO,ES,Combined TRACON& Tower with Radar,84,105,107,23,319,0,3,1,0,4,84,108,108,23,323,0,0,0,323
08/12/2009,BHM,AL,ASO,ES,Combined TRACON& Tower with Radar,87,96,117,20,320,0,1,0,0,1,87,97,117,20,321,0,0,0,321
08/13/2009,BHM,AL,ASO,ES,Combined TRACON& Tower with Radar,88,111,131,42,372,0,0,6,0,6,88,111,137,42,378,24,0,24,402
08/14/2009,BHM,AL,ASO,ES,Combined TRACON& Tower with Radar,86,106,118,11,321,0,1,1,0,2,86,107,119,11,323,0,0,0,323
08/15/2009,BHM,AL,ASO,ES,Combined TRACON& Tower with Radar,68,73,63,19,223,0,3,6,1,10,68,76,69,20,233,0,0,0,233
08/16/2009,BHM,AL,ASO,ES,Combined TRACON& Tower with Radar,70,70,66,12,218,0,1,1,0,2,70,71,67,12,220,0,0,0,220
08/17/2009,BHM,AL,ASO,ES,Combined TRACON& Tower with Radar,82,84,81,20,267,0,0,1,0,1,82,84,82,20,268,0,0,0,268
08/18/2009,BHM,AL,ASO,ES,Combined TRACON& Tower with Radar,91,96,81,10,278,0,1,2,0,3,91,97,83,10,281,0,0,0,281
08/19/2009,BHM,AL,ASO,ES,Combined TRACON& Tower with Radar,89,95,158,9,351,0,2,1,0,3,89,97,159,9,354,14,26,40,394
08/20/2009,BHM,AL,ASO,ES,Combined TRACON& Tower with Radar,90,99,96,11,296,0,0,6,0,6,90,99,102,11,302,0,0,0,302
08/21/2009,BHM,AL,ASO,ES,Combined TRACON& Tower with Radar,90,100,82,5,277,0,0,0,3,3,90,100,82,8,280,0,0,0,280
08/22/2009,BHM,AL,ASO,ES,Combined TRACON& Tower with Radar,68,67,96,0,231,0,1,4,0,5,68,68,100,0,236,0,0,0,236
08/23/2009,BHM,AL,ASO,ES,Combined TRACON& Tower with Radar,75,59,64,9,207,0,0,5,2,7,75,59,69,11,214,0,24,24,238
08/24/2009,BHM,AL,ASO,ES,Combined TRACON& Tower with Radar,86,88,108,17,299,0,1,6,0,7,86,89,114,17,306,0,0,0,306
08/25/2009,BHM,AL,ASO,ES,Combined TRACON& Tower with Radar,91,107,130,20,348,0,1,7,2,10,91,108,137,22,358,10,0,10,368
08/26/2009,BHM,AL,ASO,ES,Combined TRACON& Tower with Radar,96,109,120,19,344,0,0,3,1,4,96,109,123,20,348,0,0,0,348
08/27/2009,BHM,AL,ASO,ES,Combined TRACON& Tower with Radar,92,106,135,24,357,0,2,2,0,4,92,108,137,24,361,0,0,0,361
08/28/2009,BHM,AL,ASO,ES,Combined TRACON& Tower with Radar,96,104,93,25,318,0,1,1,1,3,96,105,94,26,321,0,0,0,321
08/29/2009,BHM,AL,ASO,ES,Combined TRACON& Tower with Radar,67,60,50,2,179,0,0,5,0,5,67,60,55,2,184,0,0,0,184
08/30/2009,BHM,AL,ASO,ES,Combined TRACON& Tower with Radar,75,59,56,6,196,0,0,1,0,1,75,59,57,6,197,0,0,0,197
08/31/2009,BHM,AL,ASO,ES,Combined TRACON& Tower with Radar,87,90,97,16,290,0,2,1,0,3,87,92,98,16,293,0,0,0,293
09/01/2009,BHM,AL,ASO,ES,Combined TRACON& Tower with Radar,82,103,110,9,304,0,2,5,2,9,82,105,115,11,313,0,0,0,313
09/02/2009,BHM,AL,ASO,ES,Combined TRACON& Tower with Radar,82,102,142,16,342,0,1,6,0,7,82,103,148,16,349,0,0,0,349
09/03/2009,BHM,AL,ASO,ES,Combined TRACON& Tower with Radar,85,102,134,29,350,0,3,2,1,6,85,105,136,30,356,0,0,0,356
09/04/2009,BHM,AL,ASO,ES,Combined TRACON& Tower with Radar,88,100,155,6,349,0,5,7,0,12,88,105,162,6,361,0,0,0,361
09/05/2009,BHM,AL,ASO,ES,Combined TRACON& Tower with Radar,60,59,43,0,162,0,0,0,0,0,60,59,43,0,162,0,0,0,162
09/06/2009,BHM,AL,ASO,ES,Combined TRACON& Tower with Radar,55,38,42,0,135,0,1,0,0,1,55,39,42,0,136,0,0,0,136
09/07/2009,BHM,AL,ASO,ES,Combined TRACON& Tower with Radar,72,65,100,10,247,0,1,0,0,1,72,66,100,10,248,0,0,0,248
09/08/2009,BHM,AL,ASO,ES,Combined TRACON& Tower with Radar,79,98,100,10,287,0,1,2,3,6,79,99,102,13,293,0,0,0,293
09/09/2009,BHM,AL,ASO,ES,Combined TRACON& Tower with Radar,86,100,106,14,306,0,3,1,0,4,86,103,107,14,310,0,0,0,310
09/10/2009,BHM,AL,ASO,ES,Combined TRACON& Tower with Radar,83,107,104,9,303,0,2,1,0,3,83,109,105,9,306,0,0,0,306
09/11/2009,BHM,AL,ASO,ES,Combined TRACON& Tower with Radar,90,91,92,26,299,0,3,0,2,5,90,94,92,28,304,0,0,0,304
09/12/2009,BHM,AL,ASO,ES,Combined TRACON& Tower with Radar,64,57,83,1,205,0,0,3,1,4,64,57,86,2,209,0,0,0,209
09/13/2009,BHM,AL,ASO,ES,Combined TRACON& Tower with Radar,73,62,74,10,219,0,0,2,0,2,73,62,76,10,221,0,0,0,221
09/14/2009,BHM,AL,ASO,ES,Combined TRACON& Tower with Radar,81,90,90,13,274,0,0,0,0,0,81,90,90,13,274,0,0,0,274
09/15/2009,BHM,AL,ASO,ES,Combined TRACON& Tower with Radar,85,100,105,42,332,0,0,5,0,5,85,100,110,42,337,0,0,0,337
09/16/2009,BHM,AL,ASO,ES,Combined TRACON& Tower with Radar,85,99,106,12,302,0,0,1,0,1,85,99,107,12,303,0,0,0,303
09/17/2009,BHM,AL,ASO,ES,Combined TRACON& Tower with Radar,88,109,118,10,325,0,0,0,0,0,88,109,118,10,325,0,0,0,325
09/18/2009,BHM,AL,ASO,ES,Combined TRACON& Tower with Radar,86,105,116,23,330,0,0,2,0,2,86,105,118,23,332,0,0,0,332
09/19/2009,BHM,AL,ASO,ES,Combined TRACON& Tower with Radar,61,60,40,3,164,0,2,1,1,4,61,62,41,4,168,0,0,0,168
09/20/2009,BHM,AL,ASO,ES,Combined TRACON& Tower with Radar,73,73,70,5,221,0,0,1,0,1,73,73,71,5,222,0,0,0,222
09/21/2009,BHM,AL,ASO,ES,Combined TRACON& Tower with Radar,73,83,93,2,251,0,0,0,0,0,73,83,93,2,251,0,0,0,251
09/22/2009,BHM,AL,ASO,ES,Combined TRACON& Tower with Radar,84,100,127,25,336,0,0,1,0,1,84,100,128,25,337,0,0,0,337
09/23/2009,BHM,AL,ASO,ES,Combined TRACON& Tower with Radar,85,101,138,27,351,0,5,7,0,12,85,106,145,27,363,0,0,0,363
09/24/2009,BHM,AL,ASO,ES,Combined TRACON& Tower with Radar,89,112,133,11,345,0,0,2,0,2,89,112,135,11,347,0,0,0,347
09/25/2009,BHM,AL,ASO,ES,Combined TRACON& Tower with Radar,90,109,106,10,315,0,1,3,0,4,90,110,109,10,319,0,0,0,319
09/26/2009,BHM,AL,ASO,ES,Combined TRACON& Tower with Radar,66,61,42,0,169,0,0,3,0,3,66,61,45,0,172,0,0,0,172
09/27/2009,BHM,AL,ASO,ES,Combined TRACON& Tower with Radar,72,69,95,3,239,0,1,1,1,3,72,70,96,4,242,0,0,0,242
09/28/2009,BHM,AL,ASO,ES,Combined TRACON& Tower with Radar,81,95,114,17,307,0,1,5,0,6,81,96,119,17,313,0,0,0,313
09/29/2009,BHM,AL,ASO,ES,Combined TRACON& Tower with Radar,83,107,169,8,367,0,0,6,0,6,83,107,175,8,373,0,0,0,373
09/30/2009,BHM,AL,ASO,ES,Combined TRACON& Tower with Radar,87,108,164,6,365,0,1,6,1,8,87,109,170,7,373,0,0,0,373
10/01/2009,BHM,AL,ASO,ES,Combined TRACON& Tower with Radar,87,107,170,17,381,0,0,3,0,3,87,107,173,17,384,0,0,0,384
10/02/2009,BHM,AL,ASO,ES,Combined TRACON& Tower with Radar,90,99,113,21,323,0,3,3,0,6,90,102,116,21,329,8,0,8,337
10/03/2009,BHM,AL,ASO,ES,Combined TRACON& Tower with Radar,63,67,89,7,226,0,1,3,0,4,63,68,92,7,230,0,0,0,230
10/04/2009,BHM,AL,ASO,ES,Combined TRACON& Tower with Radar,69,77,75,5,226,0,0,0,0,0,69,77,75,5,226,0,0,0,226
10/05/2009,BHM,AL,ASO,ES,Combined TRACON& Tower with Radar,85,77,84,5,251,0,0,0,0,0,85,77,84,5,251,0,0,0,251
10/06/2009,BHM,AL,ASO,ES,Combined TRACON& Tower with Radar,83,106,93,27,309,0,1,3,1,5,83,107,96,28,314,0,0,0,314
10/07/2009,BHM,AL,ASO,ES,Combined TRACON& Tower with Radar,92,107,114,18,331,0,1,1,0,2,92,108,115,18,333,0,0,0,333
10/08/2009,BHM,AL,ASO,ES,Combined TRACON& Tower with Radar,98,106,124,21,349,0,1,2,0,3,98,107,126,21,352,0,0,0,352
10/09/2009,BHM,AL,ASO,ES,Combined TRACON& Tower with Radar,96,111,127,17,351,0,0,3,1,4,96,111,130,18,355,0,0,0,355
10/10/2009,BHM,AL,ASO,ES,Combined TRACON& Tower with Radar,66,61,72,4,203,0,1,1,0,2,66,62,73,4,205,0,0,0,205
10/11/2009,BHM,AL,ASO,ES,Combined TRACON& Tower with Radar,69,64,89,2,224,0,0,5,0,5,69,64,94,2,229,0,0,0,229
10/12/2009,BHM,AL,ASO,ES,Combined TRACON& Tower with Radar,81,76,75,2,234,0,0,1,0,1,81,76,76,2,235,0,0,0,235
10/13/2009,BHM,AL,ASO,ES,Combined TRACON& Tower with Radar,87,99,108,10,304,0,2,1,0,3,87,101,109,10,307,0,0,0,307
10/14/2009,BHM,AL,ASO,ES,Combined TRACON& Tower with Radar,88,114,113,10,325,0,0,0,0,0,88,114,113,10,325,0,0,0,325
10/15/2009,BHM,AL,ASO,ES,Combined TRACON& Tower with Radar,88,99,116,4,307,0,0,0,0,0,88,99,116,4,307,0,0,0,307
10/16/2009,BHM,AL,ASO,ES,Combined TRACON& Tower with Radar,91,106,123,11,331,0,1,2,0,3,91,107,125,11,334,0,0,0,334
10/17/2009,BHM,AL,ASO,ES,Combined TRACON& Tower with Radar,63,68,56,14,201,0,1,2,1,4,63,69,58,15,205,0,0,0,205
10/18/2009,BHM,AL,ASO,ES,Combined TRACON& Tower with Radar,68,69,90,6,233,0,2,3,0,5,68,71,93,6,238,0,0,0,238
10/19/2009,BHM,AL,ASO,ES,Combined TRACON& Tower with Radar,83,79,151,0,313,0,5,8,0,13,83,84,159,0,326,0,0,0,326
10/20/2009,BHM,AL,ASO,ES,Combined TRACON& Tower with Radar,86,99,150,12,347,0,0,9,0,9,86,99,159,12,356,0,0,0,356
10/21/2009,BHM,AL,ASO,ES,Combined TRACON& Tower with Radar,88,100,178,18,384,0,0,4,0,4,88,100,182,18,388,0,0,0,388
10/22/2009,BHM,AL,ASO,ES,Combined TRACON& Tower with Radar,90,125,149,16,380,0,5,1,0,6,90,130,150,16,386,0,0,0,386
10/23/2009,BHM,AL,ASO,ES,Combined TRACON& Tower with Radar,87,105,121,40,353,0,0,0,2,2,87,105,121,42,355,0,0,0,355
10/24/2009,BHM,AL,ASO,ES,Combined TRACON& Tower with Radar,67,65,43,2,177,0,0,1,0,1,67,65,44,2,178,0,0,0,178
10/25/2009,BHM,AL,ASO,ES,Combined TRACON& Tower with Radar,73,72,120,5,270,0,0,7,1,8,73,72,127,6,278,0,0,0,278
10/26/2009,BHM,AL,ASO,ES,Combined TRACON& Tower with Radar,85,77,110,7,279,0,2,3,0,5,85,79,113,7,284,0,0,0,284
10/27/2009,BHM,AL,ASO,ES,Combined TRACON& Tower with Radar,88,98,107,10,303,0,0,0,0,0,88,98,107,10,303,0,0,0,303
10/28/2009,BHM,AL,ASO,ES,Combined TRACON& Tower with Radar,94,107,155,4,360,0,6,3,2,11,94,113,158,6,371,0,0,0,371
10/29/2009,BHM,AL,ASO,ES,Combined TRACON& Tower with Radar,91,104,137,17,349,0,1,2,0,3,91,105,139,17,352,0,0,0,352
10/30/2009,BHM,AL,ASO,ES,Combined TRACON& Tower with Radar,96,95,85,10,286,0,2,1,0,3,96,97,86,10,289,0,0,0,289
10/31/2009,BHM,AL,ASO,ES,Combined TRACON& Tower with Radar,69,58,76,3,206,0,0,3,0,3,69,58,79,3,209,0,0,0,209
11/01/2009,BHM,AL,ASO,ES,Combined TRACON& Tower with Radar,85,65,138,5,293,0,6,7,1,14,85,71,145,6,307,0,0,0,307
11/02/2009,BHM,AL,ASO,ES,Combined TRACON& Tower with Radar,82,93,115,4,294,0,2,6,0,8,82,95,121,4,302,0,0,0,302
11/03/2009,BHM,AL,ASO,ES,Combined TRACON& Tower with Radar,85,106,127,3,321,0,0,1,0,1,85,106,128,3,322,0,0,0,322
11/04/2009,BHM,AL,ASO,ES,Combined TRACON& Tower with Radar,85,103,147,32,367,0,0,3,2,5,85,103,150,34,372,0,0,0,372
11/05/2009,BHM,AL,ASO,ES,Combined TRACON& Tower with Radar,86,105,136,11,338,0,1,3,1,5,86,106,139,12,343,0,0,0,343
11/06/2009,BHM,AL,ASO,ES,Combined TRACON& Tower with Radar,90,105,166,17,378,0,0,6,0,6,90,105,172,17,384,0,0,0,384
11/07/2009,BHM,AL,ASO,ES,Combined TRACON& Tower with Radar,69,63,77,2,211,0,1,9,1,11,69,64,86,3,222,0,0,0,222
11/08/2009,BHM,AL,ASO,ES,Combined TRACON& Tower with Radar,77,74,112,1,264,0,2,7,0,9,77,76,119,1,273,0,0,0,273
11/09/2009,BHM,AL,ASO,ES,Combined TRACON& Tower with Radar,80,91,94,6,271,0,0,3,0,3,80,91,97,6,274,0,0,0,274
11/10/2009,BHM,AL,ASO,ES,Combined TRACON& Tower with Radar,83,100,34,3,220,0,0,0,1,1,83,100,34,4,221,0,0,0,221
11/11/2009,BHM,AL,ASO,ES,Combined TRACON& Tower with Radar,87,82,116,4,289,0,1,4,2,7,87,83,120,6,296,0,0,0,296
11/12/2009,BHM,AL,ASO,ES,Combined TRACON& Tower with Radar,86,99,143,12,340,0,1,2,0,3,86,100,145,12,343,0,0,0,343
11/13/2009,BHM,AL,ASO,ES,Combined TRACON& Tower with Radar,87,95,112,20,314,0,4,26,5,35,87,99,138,25,349,0,0,0,349
11/14/2009,BHM,AL,ASO,ES,Combined TRACON& Tower with Radar,66,59,45,30,200,0,2,47,5,54,66,61,92,35,254,0,0,0,254
11/15/2009,BHM,AL,ASO,ES,Combined TRACON& Tower with Radar,79,65,59,11,214,0,2,46,4,52,79,67,105,15,266,0,0,0,266
11/16/2009,BHM,AL,ASO,ES,Combined TRACON& Tower with Radar,80,81,103,13,277,0,5,25,1,31,80,86,128,14,308,0,0,0,308
11/17/2009,BHM,AL,ASO,ES,Combined TRACON& Tower with Radar,84,101,128,12,325,0,5,6,0,11,84,106,134,12,336,0,0,0,336
11/18/2009,BHM,AL,ASO,ES,Combined TRACON& Tower with Radar,90,95,135,14,334,0,2,30,3,35,90,97,165,17,369,0,0,0,369
11/19/2009,BHM,AL,ASO,ES,Combined TRACON& Tower with Radar,85,103,80,17,285,0,7,32,5,44,85,110,112,22,329,0,0,0,329
11/20/2009,BHM,AL,ASO,ES,Combined TRACON& Tower with Radar,90,95,106,9,300,0,4,33,3,40,90,99,139,12,340,0,0,0,340
11/21/2009,BHM,AL,ASO,ES,Combined TRACON& Tower with Radar,67,69,37,0,173,0,2,26,0,28,67,71,63,0,201,0,0,0,201
11/22/2009,BHM,AL,ASO,ES,Combined TRACON& Tower with Radar,77,70,41,5,193,0,0,0,0,0,77,70,41,5,193,0,0,0,193
11/23/2009,BHM,AL,ASO,ES,Combined TRACON& Tower with Radar,75,79,95,6,255,0,0,3,1,4,75,79,98,7,259,0,0,0,259
11/24/2009,BHM,AL,ASO,ES,Combined TRACON& Tower with Radar,87,110,107,17,321,0,2,16,1,19,87,112,123,18,340,0,0,0,340
11/25/2009,BHM,AL,ASO,ES,Combined TRACON& Tower with Radar,86,98,76,7,267,0,5,44,0,49,86,103,120,7,316,0,0,0,316
11/26/2009,BHM,AL,ASO,ES,Combined TRACON& Tower with Radar,57,46,17,0,120,0,3,26,0,29,57,49,43,0,149,6,0,6,155
11/27/2009,BHM,AL,ASO,ES,Combined TRACON& Tower with Radar,71,59,53,0,183,0,5,36,2,43,71,64,89,2,226,0,0,0,226
11/28/2009,BHM,AL,ASO,ES,Combined TRACON& Tower with Radar,76,80,54,2,212,0,2,32,0,34,76,82,86,2,246,0,0,0,246
11/29/2009,BHM,AL,ASO,ES,Combined TRACON& Tower with Radar,83,82,87,0,252,0,3,33,0,36,83,85,120,0,288,6,0,6,294
11/30/2009,BHM,AL,ASO,ES,Combined TRACON& Tower with Radar,87,85,63,7,242,0,1,2,0,3,87,86,65,7,245,0,0,0,245
12/01/2009,BHM,AL,ASO,ES,Combined TRACON& Tower with Radar,85,99,71,14,269,0,1,29,0,30,85,100,100,14,299,0,0,0,299
12/02/2009,BHM,AL,ASO,ES,Combined TRACON& Tower with Radar,84,94,81,17,276,0,4,0,0,4,84,98,81,17,280,0,0,0,280
12/03/2009,BHM,AL,ASO,ES,Combined TRACON& Tower with Radar,82,110,90,23,305,0,1,12,1,14,82,111,102,24,319,0,0,0,319
12/04/2009,BHM,AL,ASO,ES,Combined TRACON& Tower with Radar,83,104,90,25,302,0,4,21,0,25,83,108,111,25,327,0,0,0,327
12/05/2009,BHM,AL,ASO,ES,Combined TRACON& Tower with Radar,67,56,52,0,175,0,4,20,0,24,67,60,72,0,199,0,0,0,199
12/06/2009,BHM,AL,ASO,ES,Combined TRACON& Tower with Radar,77,70,78,6,231,0,6,24,1,31,77,76,102,7,262,0,0,0,262
12/07/2009,BHM,AL,ASO,ES,Combined TRACON& Tower with Radar,79,88,72,5,244,0,4,9,0,13,79,92,81,5,257,0,0,0,257
12/08/2009,BHM,AL,ASO,ES,Combined TRACON& Tower with Radar,84,91,79,0,254,0,0,1,0,1,84,91,80,0,255,0,0,0,255
12/09/2009,BHM,AL,ASO,ES,Combined TRACON& Tower with Radar,80,115,82,10,287,0,4,11,3,18,80,119,93,13,305,0,0,0,305
12/10/2009,BHM,AL,ASO,ES,Combined TRACON& Tower with Radar,85,104,102,12,303,0,6,29,1,36,85,110,131,13,339,0,0,0,339
12/11/2009,BHM,AL,ASO,ES,Combined TRACON& Tower with Radar,82,108,97,13,300,0,5,41,0,46,82,113,138,13,346,0,0,0,346
12/12/2009,BHM,AL,ASO,ES,Combined TRACON& Tower with Radar,68,68,23,3,162,0,0,3,0,3,68,68,26,3,165,0,0,0,165
12/13/2009,BHM,AL,ASO,ES,Combined TRACON& Tower with Radar,73,67,54,6,200,0,0,0,0,0,73,67,54,6,200,0,0,0,200
12/14/2009,BHM,AL,ASO,ES,Combined TRACON& Tower with Radar,80,89,90,5,264,0,0,1,0,1,80,89,91,5,265,0,0,0,265
12/15/2009,BHM,AL,ASO,ES,Combined TRACON& Tower with Radar,81,124,106,10,321,0,0,4,0,4,81,124,110,10,325,0,0,0,325
12/16/2009,BHM,AL,ASO,ES,Combined TRACON& Tower with Radar,83,116,94,7,300,0,5,32,8,45,83,121,126,15,345,0,0,0,345
12/17/2009,BHM,AL,ASO,ES,Combined TRACON& Tower with Radar,78,108,102,22,310,0,6,35,4,45,78,114,137,26,355,0,0,0,355
12/18/2009,BHM,AL,ASO,ES,Combined TRACON& Tower with Radar,84,102,58,5,249,0,1,2,0,3,84,103,60,5,252,0,0,0,252
12/19/2009,BHM,AL,ASO,ES,Combined TRACON& Tower with Radar,55,67,20,1,143,0,0,2,0,2,55,67,22,1,145,0,0,0,145
12/20/2009,BHM,AL,ASO,ES,Combined TRACON& Tower with Radar,72,64,47,1,184,0,0,39,0,39,72,64,86,1,223,0,0,0,223
12/21/2009,BHM,AL,ASO,ES,Combined TRACON& Tower with Radar,74,84,65,2,225,0,7,35,0,42,74,91,100,2,267,0,0,0,267
12/22/2009,BHM,AL,ASO,ES,Combined TRACON& Tower with Radar,80,103,79,17,279,0,5,52,2,59,80,108,131,19,338,0,0,0,338
12/23/2009,BHM,AL,ASO,ES,Combined TRACON& Tower with Radar,81,99,50,12,242,0,5,28,1,34,81,104,78,13,276,0,0,0,276
12/24/2009,BHM,AL,ASO,ES,Combined TRACON& Tower with Radar,70,95,18,0,183,0,2,2,0,4,70,97,20,0,187,0,0,0,187
12/25/2009,BHM,AL,ASO,ES,Combined TRACON& Tower with Radar,64,55,9,0,128,0,4,6,0,10,64,59,15,0,138,0,0,0,138
12/26/2009,BHM,AL,ASO,ES,Combined TRACON& Tower with Radar,65,65,45,0,175,0,3,28,0,31,65,68,73,0,206,0,0,0,206
12/27/2009,BHM,AL,ASO,ES,Combined TRACON& Tower with Radar,78,65,40,0,183,0,2,26,0,28,78,67,66,0,211,0,0,0,211
12/28/2009,BHM,AL,ASO,ES,Combined TRACON& Tower with Radar,79,87,51,9,226,0,5,29,1,35,79,92,80,10,261,0,0,0,261
12/29/2009,BHM,AL,ASO,ES,Combined TRACON& Tower with Radar,83,100,51,15,249,0,7,42,2,51,83,107,93,17,300,0,0,0,300
12/30/2009,BHM,AL,ASO,ES,Combined TRACON& Tower with Radar,83,92,38,4,217,0,2,18,0,20,83,94,56,4,237,0,0,0,237
12/31/2009,BHM,AL,ASO,ES,Combined TRACON& Tower with Radar,72,88,54,0,214,0,2,2,0,4,72,90,56,0,218,0,0,0,218
01/01/2010,BHM,AL,ASO,ES,Combined TRACON& Tower with Radar,67,61,25,0,153,0,2,13,0,15,67,63,38,0,168,0,0,0,168
01/02/2010,BHM,AL,ASO,ES,Combined TRACON& Tower with Radar,70,80,74,1,225,0,0,25,0,25,70,80,99,1,250,32,0,32,282
01/03/2010,BHM,AL,ASO,ES,Combined TRACON& Tower with Radar,80,59,53,2,194,0,1,30,0,31,80,60,83,2,225,0,0,0,225
01/04/2010,BHM,AL,ASO,ES,Combined TRACON& Tower with Radar,79,78,43,10,210,0,6,14,0,20,79,84,57,10,230,0,0,0,230
01/05/2010,BHM,AL,ASO,ES,Combined TRACON& Tower with Radar,94,101,64,11,270,0,6,22,7,35,94,107,86,18,305,0,0,0,305
01/06/2010,BHM,AL,ASO,ES,Combined TRACON& Tower with Radar,96,99,91,14,300,1,7,25,8,41,97,106,116,22,341,0,0,0,341
01/07/2010,BHM,AL,ASO,ES,Combined TRACON& Tower with Radar,78,95,34,0,207,0,0,2,0,2,78,95,36,0,209,0,0,0,209
01/08/2010,BHM,AL,ASO,ES,Combined TRACON& Tower with Radar,105,111,60,25,301,0,7,6,4,17,105,118,66,29,318,0,0,0,318
01/09/2010,BHM,AL,ASO,ES,Combined TRACON& Tower with Radar,77,65,45,1,188,0,2,17,8,27,77,67,62,9,215,0,0,0,215
01/10/2010,BHM,AL,ASO,ES,Combined TRACON& Tower with Radar,64,64,34,5,167,0,2,27,0,29,64,66,61,5,196,10,2,12,208
01/11/2010,BHM,AL,ASO,ES,Combined TRACON& Tower with Radar,72,80,69,2,223,0,6,21,0,27,72,86,90,2,250,5,6,11,261
01/12/2010,BHM,AL,ASO,ES,Combined TRACON& Tower with Radar,76,94,101,19,290,0,5,21,7,33,76,99,122,26,323,0,0,0,323
01/13/2010,BHM,AL,ASO,ES,Combined TRACON& Tower with Radar,78,94,90,21,283,0,5,40,4,49,78,99,130,25,332,0,0,0,332
01/14/2010,BHM,AL,ASO,ES,Combined TRACON& Tower with Radar,79,107,88,18,292,0,4,25,9,38,79,111,113,27,330,0,0,0,330
01/15/2010,BHM,AL,ASO,ES,Combined TRACON& Tower with Radar,80,105,95,8,288,0,8,44,1,53,80,113,139,9,341,0,0,0,341
01/16/2010,BHM,AL,ASO,ES,Combined TRACON& Tower with Radar,44,61,44,0,149,0,0,2,0,2,44,61,46,0,151,0,0,0,151
01/17/2010,BHM,AL,ASO,ES,Combined TRACON& Tower with Radar,66,62,44,1,173,0,0,0,0,0,66,62,44,1,173,2,0,2,175
01/18/2010,BHM,AL,ASO,ES,Combined TRACON& Tower with Radar,71,76,85,3,235,0,2,48,0,50,71,78,133,3,285,0,0,0,285
01/19/2010,BHM,AL,ASO,ES,Combined TRACON& Tower with Radar,75,97,103,18,293,0,8,49,6,63,75,105,152,24,356,0,0,0,356
01/20/2010,BHM,AL,ASO,ES,Combined TRACON& Tower with Radar,79,101,102,45,327,0,1,16,5,22,79,102,118,50,349,0,8,8,357
01/21/2010,BHM,AL,ASO,ES,Combined TRACON& Tower with Radar,78,107,72,30,287,0,0,6,0,6,78,107,78,30,293,0,0,0,293
01/22/2010,BHM,AL,ASO,ES,Combined TRACON& Tower with Radar,85,105,119,19,328,0,5,18,11,34,85,110,137,30,362,0,0,0,362
01/23/2010,BHM,AL,ASO,ES,Combined TRACON& Tower with Radar,46,78,34,7,165,0,0,0,2,2,46,78,34,9,167,0,0,0,167
01/24/2010,BHM,AL,ASO,ES,Combined TRACON& Tower with Radar,69,67,33,8,177,0,1,7,0,8,69,68,40,8,185,0,0,0,185
01/25/2010,BHM,AL,ASO,ES,Combined TRACON& Tower with Radar,73,90,69,6,238,0,7,18,3,28,73,97,87,9,266,0,0,0,266
01/26/2010,BHM,AL,ASO,ES,Combined TRACON& Tower with Radar,76,101,106,4,287,0,4,31,10,45,76,105,137,14,332,0,0,0,332
01/27/2010,BHM,AL,ASO,ES,Combined TRACON& Tower with Radar,77,101,105,11,294,0,6,49,6,61,77,107,154,17,355,18,0,18,373
01/28/2010,BHM,AL,ASO,ES,Combined TRACON& Tower with Radar,80,102,94,8,284,0,9,29,8,46,80,111,123,16,330,0,0,0,330
01/29/2010,BHM,AL,ASO,ES,Combined TRACON& Tower with Radar,78,102,67,8,255,0,1,6,2,9,78,103,73,10,264,0,0,0,264
01/30/2010,BHM,AL,ASO,ES,Combined TRACON& Tower with Radar,47,73,27,0,147,0,0,0,0,0,47,73,27,0,147,0,0,0,147
01/31/2010,BHM,AL,ASO,ES,Combined TRACON& Tower with Radar,60,73,52,2,187,0,5,58,2,65,60,78,110,4,252,6,0,6,258
02/01/2010,BHM,AL,ASO,ES,Combined TRACON& Tower with Radar,72,88,81,6,247,0,1,13,1,15,72,89,94,7,262,0,0,0,262
02/02/2010,BHM,AL,ASO,ES,Combined TRACON& Tower with Radar,76,109,95,23,303,0,5,17,3,25,76,114,112,26,328,0,0,0,328
02/03/2010,BHM,AL,ASO,ES,Combined TRACON& Tower with Radar,84,108,107,23,322,0,6,46,5,57,84,114,153,28,379,0,0,0,379
02/04/2010,BHM,AL,ASO,ES,Combined TRACON& Tower with Radar,79,104,97,21,301,0,1,4,0,5,79,105,101,21,306,0,0,0,306
02/05/2010,BHM,AL,ASO,ES,Combined TRACON& Tower with Radar,77,106,76,1,260,0,0,0,0,0,77,106,76,1,260,0,0,0,260
02/06/2010,BHM,AL,ASO,ES,Combined TRACON& Tower with Radar,45,60,22,9,136,0,1,3,8,12,45,61,25,17,148,0,0,0,148
02/07/2010,BHM,AL,ASO,ES,Combined TRACON& Tower with Radar,57,63,35,1,156,0,4,11,5,20,57,67,46,6,176,16,0,16,192
02/08/2010,BHM,AL,ASO,ES,Combined TRACON& Tower with Radar,71,86,99,6,262,0,4,23,1,28,71,90,122,7,290,0,0,0,290
02/09/2010,BHM,AL,ASO,ES,Combined TRACON& Tower with Radar,74,91,86,8,259,0,3,3,0,6,74,94,89,8,265,0,0,0,265
02/10/2010,BHM,AL,ASO,ES,Combined TRACON& Tower with Radar,66,109,84,22,281,0,2,34,5,41,66,111,118,27,322,0,0,0,322
02/11/2010,BHM,AL,ASO,ES,Combined TRACON& Tower with Radar,69,111,106,16,302,0,7,50,2,59,69,118,156,18,361,0,0,0,361
02/12/2010,BHM,AL,ASO,ES,Combined TRACON& Tower with Radar,59,77,62,9,207,0,2,5,0,7,59,79,67,9,214,0,0,0,214
02/13/2010,BHM,AL,ASO,ES,Combined TRACON& Tower with Radar,51,79,47,6,183,0,4,46,5,55,51,83,93,11,238,0,0,0,238
02/14/2010,BHM,AL,ASO,ES,Combined TRACON& Tower with Radar,68,74,40,5,187,0,1,16,0,17,68,75,56,5,204,6,0,6,210
02/15/2010,BHM,AL,ASO,ES,Combined TRACON& Tower with Radar,75,78,76,3,232,0,3,10,1,14,75,81,86,4,246,4,0,4,250
02/16/2010,BHM,AL,ASO,ES,Combined TRACON& Tower with Radar,79,108,80,8,275,0,3,27,5,35,79,111,107,13,310,0,0,0,310
02/17/2010,BHM,AL,ASO,ES,Combined TRACON& Tower with Radar,79,116,132,11,338,0,5,46,11,62,79,121,178,22,400,12,0,12,412
02/18/2010,BHM,AL,ASO,ES,Combined TRACON& Tower with Radar,79,114,116,29,338,0,2,52,6,60,79,116,168,35,398,0,0,0,398
02/19/2010,BHM,AL,ASO,ES,Combined TRACON& Tower with Radar,81,107,98,14,300,0,4,52,2,58,81,111,150,16,358,0,0,0,358
02/20/2010,BHM,AL,ASO,ES,Combined TRACON& Tower with Radar,54,71,54,12,191,0,2,64,10,76,54,73,118,22,267,0,0,0,267
02/21/2010,BHM,AL,ASO,ES,Combined TRACON& Tower with Radar,68,70,57,10,205,0,3,38,6,47,68,73,95,16,252,0,0,0,252
02/22/2010,BHM,AL,ASO,ES,Combined TRACON& Tower with Radar,79,92,95,6,272,0,1,4,0,5,79,93,99,6,277,0,0,0,277
02/23/2010,BHM,AL,ASO,ES,Combined TRACON& Tower with Radar,76,117,121,34,348,0,3,12,0,15,76,120,133,34,363,0,0,0,363
02/24/2010,BHM,AL,ASO,ES,Combined TRACON& Tower with Radar,82,105,119,8,314,0,5,34,2,41,82,110,153,10,355,0,0,0,355
02/25/2010,BHM,AL,ASO,ES,Combined TRACON& Tower with Radar,78,102,109,23,312,0,6,41,10,57,78,108,150,33,369,0,0,0,369
02/26/2010,BHM,AL,ASO,ES,Combined TRACON& Tower with Radar,80,99,102,26,307,0,6,59,12,77,80,105,161,38,384,0,0,0,384
02/27/2010,BHM,AL,ASO,ES,Combined TRACON& Tower with Radar,56,64,51,4,175,0,0,59,0,59,56,64,110,4,234,0,0,0,234
02/28/2010,BHM,AL,ASO,ES,Combined TRACON& Tower with Radar,70,71,54,6,201,0,1,46,1,48,70,72,100,7,249,0,0,0,249
03/01/2010,BHM,AL,ASO,ES,Combined TRACON& Tower with Radar,78,89,90,2,259,0,3,20,0,23,78,92,110,2,282,0,0,0,282
03/02/2010,BHM,AL,ASO,ES,Combined TRACON& Tower with Radar,78,92,68,7,245,0,0,0,1,1,78,92,68,8,246,0,0,0,246
03/03/2010,BHM,AL,ASO,ES,Combined TRACON& Tower with Radar,80,109,108,21,318,0,7,13,5,25,80,116,121,26,343,0,0,0,343
03/04/2010,BHM,AL,ASO,ES,Combined TRACON& Tower with Radar,80,106,125,14,325,0,5,39,12,56,80,111,164,26,381,0,0,0,381
03/05/2010,BHM,AL,ASO,ES,Combined TRACON& Tower with Radar,84,98,91,16,289,0,4,42,9,55,84,102,133,25,344,0,0,0,344
03/06/2010,BHM,AL,ASO,ES,Combined TRACON& Tower with Radar,58,73,39,6,176,0,3,51,3,57,58,76,90,9,233,0,0,0,233
03/07/2010,BHM,AL,ASO,ES,Combined TRACON& Tower with Radar,68,70,48,3,189,0,3,32,1,36,68,73,80,4,225,31,0,31,256
03/08/2010,BHM,AL,ASO,ES,Combined TRACON& Tower with Radar,76,92,101,1,270,0,5,45,7,57,76,97,146,8,327,0,0,0,327
03/09/2010,BHM,AL,ASO,ES,Combined TRACON& Tower with Radar,75,107,109,30,321,0,6,28,5,39,75,113,137,35,360,0,0,0,360
03/10/2010,BHM,AL,ASO,ES,Combined TRACON& Tower with Radar,80,103,82,2,267,0,0,2,0,2,80,103,84,2,269,0,0,0,269
03/11/2010,BHM,AL,ASO,ES,Combined TRACON& Tower with Radar,80,109,122,13,324,0,5,13,3,21,80,114,135,16,345,0,0,0,345
03/12/2010,BHM,AL,ASO,ES,Combined TRACON& Tower with Radar,87,111,129,15,342,0,5,19,2,26,87,116,148,17,368,0,0,0,368
03/13/2010,BHM,AL,ASO,ES,Combined TRACON& Tower with Radar,61,73,52,4,190,0,1,13,4,18,61,74,65,8,208,0,0,0,208
03/14/2010,BHM,AL,ASO,ES,Combined TRACON& Tower with Radar,66,62,72,2,202,0,1,6,3,10,66,63,78,5,212,0,0,0,212
03/15/2010,BHM,AL,ASO,ES,Combined TRACON& Tower with Radar,75,86,69,4,234,0,4,12,1,17,75,90,81,5,251,0,0,0,251
03/16/2010,BHM,AL,ASO,ES,Combined TRACON& Tower with Radar,77,95,97,13,282,0,4,12,0,16,77,99,109,13,298,0,0,0,298
03/17/2010,BHM,AL,ASO,ES,Combined TRACON& Tower with Radar,80,103,77,13,273,0,2,9,1,12,80,105,86,14,285,0,0,0,285
03/18/2010,BHM,AL,ASO,ES,Combined TRACON& Tower with Radar,79,101,123,9,312,0,3,18,2,23,79,104,141,11,335,0,0,0,335
03/19/2010,BHM,AL,ASO,ES,Combined TRACON& Tower with Radar,84,101,83,7,275,0,8,49,2,59,84,109,132,9,334,0,0,0,334
03/20/2010,BHM,AL,ASO,ES,Combined TRACON& Tower with Radar,69,68,53,10,200,0,3,47,2,52,69,71,100,12,252,0,0,0,252
03/21/2010,BHM,AL,ASO,ES,Combined TRACON& Tower with Radar,87,76,78,2,243,0,0,4,0,4,87,76,82,2,247,0,0,0,247
03/22/2010,BHM,AL,ASO,ES,Combined TRACON& Tower with Radar,77,89,80,2,248,0,0,0,0,0,77,89,80,2,248,0,0,0,248
03/23/2010,BHM,AL,ASO,ES,Combined TRACON& Tower with Radar,80,116,90,4,290,0,5,33,0,38,80,121,123,4,328,0,0,0,328
03/24/2010,BHM,AL,ASO,ES,Combined TRACON& Tower with Radar,82,102,102,10,296,0,9,47,9,65,82,111,149,19,361,0,7,7,368
03/25/2010,BHM,AL,ASO,ES,Combined TRACON& Tower with Radar,82,114,89,2,287,0,0,8,3,11,82,114,97,5,298,0,0,0,298
03/26/2010,BHM,AL,ASO,ES,Combined TRACON& Tower with Radar,84,95,115,13,307,0,6,39,0,45,84,101,154,13,352,0,0,0,352
03/27/2010,BHM,AL,ASO,ES,Combined TRACON& Tower with Radar,71,67,42,1,181,0,1,45,3,49,71,68,87,4,230,0,0,0,230
03/28/2010,BHM,AL,ASO,ES,Combined TRACON& Tower with Radar,67,67,37,1,172,0,0,8,2,10,67,67,45,3,182,0,0,0,182
03/29/2010,BHM,AL,ASO,ES,Combined TRACON& Tower with Radar,75,89,74,5,243,0,10,24,2,36,75,99,98,7,279,0,0,0,279
03/30/2010,BHM,AL,ASO,ES,Combined TRACON& Tower with Radar,78,101,100,9,288,0,11,34,3,48,78,112,134,12,336,0,0,0,336
03/31/2010,BHM,AL,ASO,ES,Combined TRACON& Tower with Radar,80,98,111,19,308,0,8,42,6,56,80,106,153,25,364,0,0,0,364
04/01/2010,BHM,AL,ASO,ES,Combined TRACON& Tower with Radar,80,104,101,21,306,0,6,47,3,56,80,110,148,24,362,0,8,8,370
04/02/2010,BHM,AL,ASO,ES,Combined TRACON& Tower with Radar,82,101,87,15,285,0,8,64,3,75,82,109,151,18,360,0,0,0,360
04/03/2010,BHM,AL,ASO,ES,Combined TRACON& Tower with Radar,65,69,25,0,159,0,3,35,0,38,65,72,60,0,197,0,0,0,197
04/04/2010,BHM,AL,ASO,ES,Combined TRACON& Tower with Radar,67,68,41,1,177,0,3,22,2,27,67,71,63,3,204,0,0,0,204
04/05/2010,BHM,AL,ASO,ES,Combined TRACON& Tower with Radar,74,87,108,32,301,0,9,30,0,39,74,96,138,32,340,0,0,0,340
04/06/2010,BHM,AL,ASO,ES,Combined TRACON& Tower with Radar,80,110,78,16,284,0,5,41,9,55,80,115,119,25,339,18,0,18,357
04/07/2010,BHM,AL,ASO,ES,Combined TRACON& Tower with Radar,78,98,120,19,315,0,6,18,2,26,78,104,138,21,341,0,0,0,341
04/08/2010,BHM,AL,ASO,ES,Combined TRACON& Tower with Radar,93,115,112,6,326,0,6,11,5,22,93,121,123,11,348,0,0,0,348
04/09/2010,BHM,AL,ASO,ES,Combined TRACON& Tower with Radar,80,110,111,12,313,0,4,51,3,58,80,114,162,15,371,0,0,0,371
04/10/2010,BHM,AL,ASO,ES,Combined TRACON& Tower with Radar,63,83,64,5,215,0,4,54,8,66,63,87,118,13,281,0,0,0,281
04/11/2010,BHM,AL,ASO,ES,Combined TRACON& Tower with Radar,68,76,107,3,254,0,0,33,8,41,68,76,140,11,295,0,0,0,295
04/12/2010,BHM,AL,ASO,ES,Combined TRACON& Tower with Radar,73,88,85,8,254,0,8,35,0,43,73,96,120,8,297,0,0,0,297
04/13/2010,BHM,AL,ASO,ES,Combined TRACON& Tower with Radar,76,106,103,11,296,0,6,47,2,55,76,112,150,13,351,0,0,0,351
04/14/2010,BHM,AL,ASO,ES,Combined TRACON& Tower with Radar,78,106,100,14,298,0,6,29,3,38,78,112,129,17,336,0,0,0,336
04/15/2010,BHM,AL,ASO,ES,Combined TRACON& Tower with Radar,78,113,109,25,325,0,5,37,1,43,78,118,146,26,368,0,0,0,368
04/16/2010,BHM,AL,ASO,ES,Combined TRACON& Tower with Radar,80,106,114,6,306,0,6,35,2,43,80,112,149,8,349,0,0,0,349
04/17/2010,BHM,AL,ASO,ES,Combined TRACON& Tower with Radar,62,66,33,8,169,0,1,27,0,28,62,67,60,8,197,0,0,0,197
04/18/2010,BHM,AL,ASO,ES,Combined TRACON& Tower with Radar,65,76,61,12,214,0,5,33,4,42,65,81,94,16,256,2,0,2,258
04/19/2010,BHM,AL,ASO,ES,Combined TRACON& Tower with Radar,75,96,86,17,274,0,4,21,6,31,75,100,107,23,305,14,0,14,319
04/20/2010,BHM,AL,ASO,ES,Combined TRACON& Tower with Radar,78,116,92,9,295,0,4,33,7,44,78,120,125,16,339,0,0,0,339
04/21/2010,BHM,AL,ASO,ES,Combined TRACON& Tower with Radar,78,109,111,20,318,0,4,52,4,60,78,113,163,24,378,0,0,0,378
04/22/2010,BHM,AL,ASO,ES,Combined TRACON& Tower with Radar,76,117,116,11,320,0,8,71,1,80,76,125,187,12,400,0,0,0,400
04/23/2010,BHM,AL,ASO,ES,Combined TRACON& Tower with Radar,80,110,104,4,298,0,3,36,2,41,80,113,140,6,339,0,0,0,339
04/24/2010,BHM,AL,ASO,ES,Combined TRACON& Tower with Radar,64,70,19,0,153,0,0,0,0,0,64,70,19,0,153,0,0,0,153
04/25/2010,BHM,AL,ASO,ES,Combined TRACON& Tower with Radar,68,89,58,0,215,0,2,49,3,54,68,91,107,3,269,12,0,12,281
04/26/2010,BHM,AL,ASO,ES,Combined TRACON& Tower with Radar,73,91,69,3,236,0,1,16,3,20,73,92,85,6,256,0,0,0,256
04/27/2010,BHM,AL,ASO,ES,Combined TRACON& Tower with Radar,78,122,100,8,308,0,3,26,4,33,78,125,126,12,341,0,0,0,341
04/28/2010,BHM,AL,ASO,ES,Combined TRACON& Tower with Radar,78,112,124,9,323,0,4,53,1,58,78,116,177,10,381,0,0,0,381
04/29/2010,BHM,AL,ASO,ES,Combined TRACON& Tower with Radar,77,116,102,5,300,0,4,55,2,61,77,120,157,7,361,8,0,8,369
04/30/2010,BHM,AL,ASO,ES,Combined TRACON& Tower with Radar,85,108,107,7,307,0,5,18,3,26,85,113,125,10,333,0,0,0,333
05/01/2010,BHM,AL,ASO,ES,Combined TRACON& Tower with Radar,74,64,116,4,258,0,1,11,3,15,74,65,127,7,273,0,0,0,273
05/02/2010,BHM,AL,ASO,ES,Combined TRACON& Tower with Radar,65,89,51,1,206,0,0,0,0,0,65,89,51,1,206,0,0,0,206
05/03/2010,BHM,AL,ASO,ES,Combined TRACON& Tower with Radar,83,96,66,2,247,0,5,35,0,40,83,101,101,2,287,0,0,0,287
05/04/2010,BHM,AL,ASO,ES,Combined TRACON& Tower with Radar,78,105,106,16,305,0,3,47,4,54,78,108,153,20,359,0,0,0,359
05/05/2010,BHM,AL,ASO,ES,Combined TRACON& Tower with Radar,78,119,145,12,354,0,6,26,7,39,78,125,171,19,393,0,0,0,393
05/06/2010,BHM,AL,ASO,ES,Combined TRACON& Tower with Radar,78,113,110,5,306,0,6,45,3,54,78,119,155,8,360,0,0,0,360
05/07/2010,BHM,AL,ASO,ES,Combined TRACON& Tower with Radar,86,102,105,23,316,0,6,35,3,44,86,108,140,26,360,0,0,0,360
05/08/2010,BHM,AL,ASO,ES,Combined TRACON& Tower with Radar,69,74,43,0,186,0,3,20,0,23,69,77,63,0,209,0,0,0,209
05/09/2010,BHM,AL,ASO,ES,Combined TRACON& Tower with Radar,71,79,51,0,201,0,1,36,0,37,71,80,87,0,238,0,0,0,238
05/10/2010,BHM,AL,ASO,ES,Combined TRACON& Tower with Radar,75,97,90,10,272,0,3,15,2,20,75,100,105,12,292,0,0,0,292
05/11/2010,BHM,AL,ASO,ES,Combined TRACON& Tower with Radar,83,116,112,10,321,0,4,20,0,24,83,120,132,10,345,14,0,14,359
05/12/2010,BHM,AL,ASO,ES,Combined TRACON& Tower with Radar,80,117,135,20,352,0,4,28,2,34,80,121,163,22,386,0,0,0,386
05/13/2010,BHM,AL,ASO,ES,Combined TRACON& Tower with Radar,82,113,143,3,341,0,2,48,4,54,82,115,191,7,395,0,0,0,395
05/14/2010,BHM,AL,ASO,ES,Combined TRACON& Tower with Radar,85,112,88,6,291,0,4,35,1,40,85,116,123,7,331,0,0,0,331
05/15/2010,BHM,AL,ASO,ES,Combined TRACON& Tower with Radar,69,72,55,2,198,0,4,28,1,33,69,76,83,3,231,0,0,0,231
05/16/2010,BHM,AL,ASO,ES,Combined TRACON& Tower with Radar,73,80,58,2,213,0,0,9,0,9,73,80,67,2,222,0,0,0,222
05/17/2010,BHM,AL,ASO,ES,Combined TRACON& Tower with Radar,78,103,77,8,266,0,1,10,2,13,78,104,87,10,279,0,0,0,279
05/18/2010,BHM,AL,ASO,ES,Combined TRACON& Tower with Radar,83,102,125,3,313,0,2,31,5,38,83,104,156,8,351,0,0,0,351
05/19/2010,BHM,AL,ASO,ES,Combined TRACON& Tower with Radar,80,114,161,8,363,0,5,59,8,72,80,119,220,16,435,0,0,0,435
05/20/2010,BHM,AL,ASO,ES,Combined TRACON& Tower with Radar,82,121,131,9,343,0,4,27,6,37,82,125,158,15,380,0,0,0,380
05/21/2010,BHM,AL,ASO,ES,Combined TRACON& Tower with Radar,85,111,106,2,304,0,1,6,2,9,85,112,112,4,313,2,0,2,315
05/22/2010,BHM,AL,ASO,ES,Combined TRACON& Tower with Radar,67,72,50,0,189,0,4,31,1,36,67,76,81,1,225,0,0,0,225
05/23/2010,BHM,AL,ASO,ES,Combined TRACON& Tower with Radar,70,81,55,8,214,0,1,27,0,28,70,82,82,8,242,0,0,0,242
05/24/2010,BHM,AL,ASO,ES,Combined TRACON& Tower with Radar,80,90,70,15,255,0,8,34,0,42,80,98,104,15,297,0,0,0,297
05/25/2010,BHM,AL,ASO,ES,Combined TRACON& Tower with Radar,82,106,110,31,329,0,5,25,3,33,82,111,135,34,362,0,0,0,362
05/26/2010,BHM,AL,ASO,ES,Combined TRACON& Tower with Radar,85,98,103,19,305,0,3,31,5,39,85,101,134,24,344,0,0,0,344
05/27/2010,BHM,AL,ASO,ES,Combined TRACON& Tower with Radar,80,109,138,12,339,0,4,34,3,41,80,113,172,15,380,0,0,0,380
05/28/2010,BHM,AL,ASO,ES,Combined TRACON& Tower with Radar,85,106,80,6,277,0,3,41,3,47,85,109,121,9,324,0,0,0,324
05/29/2010,BHM,AL,ASO,ES,Combined TRACON& Tower with Radar,78,68,20,0,166,0,0,6,0,6,78,68,26,0,172,0,0,0,172
05/30/2010,BHM,AL,ASO,ES,Combined TRACON& Tower with Radar,59,46,18,1,124,0,0,5,0,5,59,46,23,1,129,0,0,0,129
05/31/2010,BHM,AL,ASO,ES,Combined TRACON& Tower with Radar,73,70,45,2,190,0,0,12,0,12,73,70,57,2,202,0,0,0,202
06/01/2010,BHM,AL,ASO,ES,Combined TRACON& Tower with Radar,86,94,68,4,252,0,3,23,0,26,86,97,91,4,278,12,0,12,290
06/02/2010,BHM,AL,ASO,ES,Combined TRACON& Tower with Radar,81,116,90,6,293,0,3,20,1,24,81,119,110,7,317,0,0,0,317
06/03/2010,BHM,AL,ASO,ES,Combined TRACON& Tower with Radar,84,116,78,13,291,0,3,26,3,32,84,119,104,16,323,0,0,0,323
06/04/2010,BHM,AL,ASO,ES,Combined TRACON& Tower with Radar,83,114,93,18,308,0,4,17,9,30,83,118,110,27,338,0,0,0,338
06/05/2010,BHM,AL,ASO,ES,Combined TRACON& Tower with Radar,70,66,33,5,174,0,0,17,8,25,70,66,50,13,199,0,0,0,199
06/06/2010,BHM,AL,ASO,ES,Combined TRACON& Tower with Radar,73,84,58,7,222,0,1,8,0,9,73,85,66,7,231,0,0,0,231
06/07/2010,BHM,AL,ASO,ES,Combined TRACON& Tower with Radar,74,84,73,9,240,0,5,43,9,57,74,89,116,18,297,10,14,24,321
06/08/2010,BHM,AL,ASO,ES,Combined TRACON& Tower with Radar,80,107,101,51,339,0,5,40,6,51,80,112,141,57,390,0,0,0,390
06/09/2010,BHM,AL,ASO,ES,Combined TRACON& Tower with Radar,85,95,112,20,312,0,4,40,2,46,85,99,152,22,358,0,0,0,358
06/10/2010,BHM,AL,ASO,ES,Combined TRACON& Tower with Radar,88,110,121,25,344,0,2,29,9,40,88,112,150,34,384,0,0,0,384
06/11/2010,BHM,AL,ASO,ES,Combined TRACON& Tower with Radar,90,104,99,21,314,0,4,38,7,49,90,108,137,28,363,16,0,16,379
06/12/2010,BHM,AL,ASO,ES,Combined TRACON& Tower with Radar,72,70,36,5,183,0,5,27,1,33,72,75,63,6,216,0,0,0,216
06/13/2010,BHM,AL,ASO,ES,Combined TRACON& Tower with Radar,83,74,63,36,256,0,1,33,1,35,83,75,96,37,291,0,0,0,291
06/14/2010,BHM,AL,ASO,ES,Combined TRACON& Tower with Radar,85,89,93,4,271,0,3,34,5,42,85,92,127,9,313,2,0,2,315
06/15/2010,BHM,AL,ASO,ES,Combined TRACON& Tower with Radar,91,91,88,1,271,0,2,27,6,35,91,93,115,7,306,0,0,0,306
06/16/2010,BHM,AL,ASO,ES,Combined TRACON& Tower with Radar,83,108,102,18,311,0,2,29,11,42,83,110,131,29,353,0,0,0,353
06/17/2010,BHM,AL,ASO,ES,Combined TRACON& Tower with Radar,88,102,109,10,309,0,4,33,6,43,88,106,142,16,352,0,6,6,358
06/18/2010,BHM,AL,ASO,ES,Combined TRACON& Tower with Radar,86,106,99,9,300,0,3,21,1,25,86,109,120,10,325,0,0,0,325
06/19/2010,BHM,AL,ASO,ES,Combined TRACON& Tower with Radar,74,79,45,0,198,0,1,30,2,33,74,80,75,2,231,0,0,0,231
06/20/2010,BHM,AL,ASO,ES,Combined TRACON& Tower with Radar,75,70,64,8,217,0,1,18,2,21,75,71,82,10,238,0,0,0,238
06/21/2010,BHM,AL,ASO,ES,Combined TRACON& Tower with Radar,84,82,86,6,258,0,3,18,2,23,84,85,104,8,281,0,0,0,281
06/22/2010,BHM,AL,ASO,ES,Combined TRACON& Tower with Radar,89,95,102,23,309,0,8,40,6,54,89,103,142,29,363,6,0,6,369
06/23/2010,BHM,AL,ASO,ES,Combined TRACON& Tower with Radar,83,112,110,33,338,0,5,42,3,50,83,117,152,36,388,0,0,0,388
06/24/2010,BHM,AL,ASO,ES,Combined TRACON& Tower with Radar,82,120,115,27,344,0,5,35,4,44,82,125,150,31,388,0,0,0,388
06/25/2010,BHM,AL,ASO,ES,Combined TRACON& Tower with Radar,88,111,78,23,300,0,4,26,7,37,88,115,104,30,337,0,0,0,337
06/26/2010,BHM,AL,ASO,ES,Combined TRACON& Tower with Radar,72,74,35,0,181,0,3,26,0,29,72,77,61,0,210,0,0,0,210
06/27/2010,BHM,AL,ASO,ES,Combined TRACON& Tower with Radar,85,66,45,4,200,0,4,27,1,32,85,70,72,5,232,0,0,0,232
06/28/2010,BHM,AL,ASO,ES,Combined TRACON& Tower with Radar,82,90,90,8,270,0,4,37,2,43,82,94,127,10,313,0,0,0,313
06/29/2010,BHM,AL,ASO,ES,Combined TRACON& Tower with Radar,96,105,72,22,295,0,2,10,5,17,96,107,82,27,312,0,0,0,312
06/30/2010,BHM,AL,ASO,ES,Combined TRACON& Tower with Radar,87,110,100,12,309,0,2,12,3,17,87,112,112,15,326,0,0,0,326
07/01/2010,BHM,AL,ASO,ES,Combined TRACON& Tower with Radar,86,110,111,17,324,0,4,38,10,52,86,114,149,27,376,0,0,0,376
07/02/2010,BHM,AL,ASO,ES,Combined TRACON& Tower with Radar,87,99,40,9,235,0,1,38,7,46,87,100,78,16,281,0,0,0,281
07/03/2010,BHM,AL,ASO,ES,Combined TRACON& Tower with Radar,74,79,17,4,174,0,5,21,2,28,74,84,38,6,202,2,0,2,204
07/04/2010,BHM,AL,ASO,ES,Combined TRACON& Tower with Radar,56,47,9,0,112,0,1,24,1,26,56,48,33,1,138,0,0,0,138
07/05/2010,BHM,AL,ASO,ES,Combined TRACON& Tower with Radar,77,69,45,4,195,0,3,28,0,31,77,72,73,4,226,0,0,0,226
07/06/2010,BHM,AL,ASO,ES,Combined TRACON& Tower with Radar,86,99,62,13,260,0,4,33,0,37,86,103,95,13,297,2,6,8,305
07/07/2010,BHM,AL,ASO,ES,Combined TRACON& Tower with Radar,82,114,79,12,287,0,3,39,2,44,82,117,118,14,331,0,0,0,331
07/08/2010,BHM,AL,ASO,ES,Combined TRACON& Tower with Radar,87,107,145,17,356,0,5,30,2,37,87,112,175,19,393,0,0,0,393
07/09/2010,BHM,AL,ASO,ES,Combined TRACON& Tower with Radar,95,102,89,20,306,0,5,36,6,47,95,107,125,26,353,0,0,0,353
07/10/2010,BHM,AL,ASO,ES,Combined TRACON& Tower with Radar,79,82,32,6,199,0,2,23,2,27,79,84,55,8,226,0,0,0,226
07/11/2010,BHM,AL,ASO,ES,Combined TRACON& Tower with Radar,80,69,41,13,203,0,2,26,5,33,80,71,67,18,236,0,0,0,236
07/12/2010,BHM,AL,ASO,ES,Combined TRACON& Tower with Radar,91,83,95,12,281,0,2,26,2,30,91,85,121,14,311,0,0,0,311
07/13/2010,BHM,AL,ASO,ES,Combined TRACON& Tower with Radar,103,98,105,24,330,0,2,26,4,32,103,100,131,28,362,12,0,12,374
07/14/2010,BHM,AL,ASO,ES,Combined TRACON& Tower with Radar,87,101,115,14,317,0,6,43,3,52,87,107,158,17,369,0,0,0,369
07/15/2010,BHM,AL,ASO,ES,Combined TRACON& Tower with Radar,92,92,93,17,294,0,5,45,8,58,92,97,138,25,352,0,0,0,352
07/16/2010,BHM,AL,ASO,ES,Combined TRACON& Tower with Radar,90,101,87,36,314,0,5,37,12,54,90,106,124,48,368,0,0,0,368
07/17/2010,BHM,AL,ASO,ES,Combined TRACON& Tower with Radar,72,85,42,15,214,0,1,19,3,23,72,86,61,18,237,0,0,0,237
07/18/2010,BHM,AL,ASO,ES,Combined TRACON& Tower with Radar,81,72,50,8,211,0,3,21,3,27,81,75,71,11,238,2,0,2,240
07/19/2010,BHM,AL,ASO,ES,Combined TRACON& Tower with Radar,80,84,78,22,264,0,4,40,4,48,80,88,118,26,312,0,0,0,312
07/20/2010,BHM,AL,ASO,ES,Combined TRACON& Tower with Radar,90,102,96,18,306,0,5,32,3,40,90,107,128,21,346,0,0,0,346
07/21/2010,BHM,AL,ASO,ES,Combined TRACON& Tower with Radar,84,97,101,17,299,0,5,38,8,51,84,102,139,25,350,0,0,0,350
07/22/2010,BHM,AL,ASO,ES,Combined TRACON& Tower with Radar,91,105,113,16,325,0,6,44,5,55,91,111,157,21,380,0,0,0,380
07/23/2010,BHM,AL,ASO,ES,Combined TRACON& Tower with Radar,96,95,95,14,300,0,7,49,5,61,96,102,144,19,361,0,0,0,361
07/24/2010,BHM,AL,ASO,ES,Combined TRACON& Tower with Radar,80,68,28,5,181,0,5,42,6,53,80,73,70,11,234,0,0,0,234
07/25/2010,BHM,AL,ASO,ES,Combined TRACON& Tower with Radar,80,67,54,12,213,0,2,22,7,31,80,69,76,19,244,0,0,0,244
07/26/2010,BHM,AL,ASO,ES,Combined TRACON& Tower with Radar,81,94,89,24,288,0,2,30,6,38,81,96,119,30,326,0,0,0,326
07/27/2010,BHM,AL,ASO,ES,Combined TRACON& Tower with Radar,87,96,107,14,304,0,5,40,4,49,87,101,147,18,353,0,0,0,353
07/28/2010,BHM,AL,ASO,ES,Combined TRACON& Tower with Radar,83,108,88,8,287,0,4,32,2,38,83,112,120,10,325,0,4,4,329
07/29/2010,BHM,AL,ASO,ES,Combined TRACON& Tower with Radar,89,103,115,29,336,0,5,26,10,41,89,108,141,39,377,2,0,2,379
07/30/2010,BHM,AL,ASO,ES,Combined TRACON& Tower with Radar,84,96,82,14,276,0,7,35,7,49,84,103,117,21,325,0,0,0,325
07/31/2010,BHM,AL,ASO,ES,Combined TRACON& Tower with Radar,74,75,37,16,202,0,3,26,0,29,74,78,63,16,231,0,0,0,231
08/01/2010,BHM,AL,ASO,ES,Combined TRACON& Tower with Radar,81,71,48,11,211,0,1,29,0,30,81,72,77,11,241,0,0,0,241
08/02/2010,BHM,AL,ASO,ES,Combined TRACON& Tower with Radar,81,99,65,1,246,0,3,13,2,18,81,102,78,3,264,0,0,0,264
08/03/2010,BHM,AL,ASO,ES,Combined TRACON& Tower with Radar,82,96,75,18,271,0,7,31,6,44,82,103,106,24,315,0,0,0,315
08/04/2010,BHM,AL,ASO,ES,Combined TRACON& Tower with Radar,80,112,100,25,317,0,6,38,3,47,80,118,138,28,364,2,0,2,366
08/05/2010,BHM,AL,ASO,ES,Combined TRACON& Tower with Radar,82,100,102,16,300,0,1,30,3,34,82,101,132,19,334,8,0,8,342
08/06/2010,BHM,AL,ASO,ES,Combined TRACON& Tower with Radar,87,102,78,16,283,0,3,26,9,38,87,105,104,25,321,0,0,0,321
08/07/2010,BHM,AL,ASO,ES,Combined TRACON& Tower with Radar,73,78,34,5,190,0,2,47,8,57,73,80,81,13,247,0,0,0,247
08/08/2010,BHM,AL,ASO,ES,Combined TRACON& Tower with Radar,81,76,36,6,199,0,2,40,2,44,81,78,76,8,243,0,0,0,243
08/09/2010,BHM,AL,ASO,ES,Combined TRACON& Tower with Radar,75,93,87,14,269,0,2,32,4,38,75,95,119,18,307,0,0,0,307
08/10/2010,BHM,AL,ASO,ES,Combined TRACON& Tower with Radar,86,100,104,4,294,0,3,40,4,47,86,103,144,8,341,0,0,0,341
08/11/2010,BHM,AL,ASO,ES,Combined TRACON& Tower with Radar,82,100,119,8,309,0,4,57,2,63,82,104,176,10,372,0,0,0,372
08/12/2010,BHM,AL,ASO,ES,Combined TRACON& Tower with Radar,83,100,109,20,312,0,4,41,0,45,83,104,150,20,357,0,0,0,357
08/13/2010,BHM,AL,ASO,ES,Combined TRACON& Tower with Radar,92,98,104,25,319,0,3,20,3,26,92,101,124,28,345,0,6,6,351
08/14/2010,BHM,AL,ASO,ES,Combined TRACON& Tower with Radar,76,77,22,16,191,0,0,7,0,7,76,77,29,16,198,0,0,0,198
08/15/2010,BHM,AL,ASO,ES,Combined TRACON& Tower with Radar,70,74,49,25,218,0,0,19,0,19,70,74,68,25,237,0,0,0,237
08/16/2010,BHM,AL,ASO,ES,Combined TRACON& Tower with Radar,83,94,76,8,261,0,3,31,0,34,83,97,107,8,295,9,1,10,305
08/17/2010,BHM,AL,ASO,ES,Combined TRACON& Tower with Radar,93,94,84,12,283,0,3,22,4,29,93,97,106,16,312,0,0,0,312
08/18/2010,BHM,AL,ASO,ES,Combined TRACON& Tower with Radar,92,96,104,21,313,0,1,28,4,33,92,97,132,25,346,0,0,0,346
08/19/2010,BHM,AL,ASO,ES,Combined TRACON& Tower with Radar,89,111,111,27,338,0,2,34,3,39,89,113,145,30,377,0,0,0,377
08/20/2010,BHM,AL,ASO,ES,Combined TRACON& Tower with Radar,98,95,80,9,282,0,3,24,4,31,98,98,104,13,313,0,0,0,313
08/21/2010,BHM,AL,ASO,ES,Combined TRACON& Tower with Radar,66,70,32,0,168,0,0,34,0,34,66,70,66,0,202,0,0,0,202
08/22/2010,BHM,AL,ASO,ES,Combined TRACON& Tower with Radar,78,66,59,6,209,0,1,24,1,26,78,67,83,7,235,10,0,10,245
08/23/2010,BHM,AL,ASO,ES,Combined TRACON& Tower with Radar,86,86,60,31,263,0,1,40,7,48,86,87,100,38,311,3,27,30,341
08/24/2010,BHM,AL,ASO,ES,Combined TRACON& Tower with Radar,89,106,116,10,321,0,4,43,8,55,89,110,159,18,376,0,13,13,389
08/25/2010,BHM,AL,ASO,ES,Combined TRACON& Tower with Radar,89,97,118,18,322,0,5,46,2,53,89,102,164,20,375,0,0,0,375
08/26/2010,BHM,AL,ASO,ES,Combined TRACON& Tower with Radar,91,98,117,21,327,0,4,44,4,52,91,102,161,25,379,0,12,12,391
08/27/2010,BHM,AL,ASO,ES,Combined TRACON& Tower with Radar,94,90,89,34,307,0,2,48,11,61,94,92,137,45,368,0,0,0,368
08/28/2010,BHM,AL,ASO,ES,Combined TRACON& Tower with Radar,65,70,47,2,184,0,3,27,0,30,65,73,74,2,214,0,0,0,214
08/29/2010,BHM,AL,ASO,ES,Combined TRACON& Tower with Radar,72,69,61,1,203,0,0,2,0,2,72,69,63,1,205,0,0,0,205
08/30/2010,BHM,AL,ASO,ES,Combined TRACON& Tower with Radar,88,77,72,14,251,0,3,11,2,16,88,80,83,16,267,0,0,0,267
08/31/2010,BHM,AL,ASO,ES,Combined TRACON& Tower with Radar,89,91,70,26,276,0,2,21,2,25,89,93,91,28,301,0,10,10,311
09/01/2010,BHM,AL,ASO,ES,Combined TRACON& Tower with Radar,85,93,117,15,310,0,3,48,4,55,85,96,165,19,365,11,0,11,376
09/02/2010,BHM,AL,ASO,ES,Combined TRACON& Tower with Radar,88,86,92,6,272,0,3,60,3,66,88,89,152,9,338,0,0,0,338
09/03/2010,BHM,AL,ASO,ES,Combined TRACON& Tower with Radar,93,91,105,2,291,0,7,42,2,51,93,98,147,4,342,0,0,0,342
09/04/2010,BHM,AL,ASO,ES,Combined TRACON& Tower with Radar,66,71,25,0,162,0,0,37,0,37,66,71,62,0,199,0,0,0,199
09/05/2010,BHM,AL,ASO,ES,Combined TRACON& Tower with Radar,58,45,24,5,132,0,1,33,1,35,58,46,57,6,167,0,0,0,167
09/06/2010,BHM,AL,ASO,ES,Combined TRACON& Tower with Radar,73,64,52,0,189,0,2,39,0,41,73,66,91,0,230,0,0,0,230
09/07/2010,BHM,AL,ASO,ES,Combined TRACON& Tower with Radar,92,74,99,7,272,0,4,32,5,41,92,78,131,12,313,10,4,14,327
09/08/2010,BHM,AL,ASO,ES,Combined TRACON& Tower with Radar,92,84,135,8,319,0,3,45,2,50,92,87,180,10,369,0,0,0,369
09/09/2010,BHM,AL,ASO,ES,Combined TRACON& Tower with Radar,98,87,122,10,317,0,6,34,1,41,98,93,156,11,358,0,0,0,358
09/10/2010,BHM,AL,ASO,ES,Combined TRACON& Tower with Radar,101,82,134,18,335,0,7,46,11,64,101,89,180,29,399,0,0,0,399
09/11/2010,BHM,AL,ASO,ES,Combined TRACON& Tower with Radar,68,65,40,4,177,0,2,38,12,52,68,67,78,16,229,12,0,12,241
09/12/2010,BHM,AL,ASO,ES,Combined TRACON& Tower with Radar,79,63,72,8,222,0,2,42,0,44,79,65,114,8,266,4,0,4,270
09/13/2010,BHM,AL,ASO,ES,Combined TRACON& Tower with Radar,94,74,87,18,273,0,7,28,0,35,94,81,115,18,308,0,0,0,308
09/14/2010,BHM,AL,ASO,ES,Combined TRACON& Tower with Radar,98,83,113,17,311,0,6,37,2,45,98,89,150,19,356,0,0,0,356
09/15/2010,BHM,AL,ASO,ES,Combined TRACON& Tower with Radar,97,84,119,19,319,0,5,27,4,36,97,89,146,23,355,0,0,0,355
09/16/2010,BHM,AL,ASO,ES,Combined TRACON& Tower with Radar,99,83,122,20,324,0,4,33,3,40,99,87,155,23,364,0,0,0,364
09/17/2010,BHM,AL,ASO,ES,Combined TRACON& Tower with Radar,98,80,105,18,301,0,6,49,5,60,98,86,154,23,361,0,0,0,361
09/18/2010,BHM,AL,ASO,ES,Combined TRACON& Tower with Radar,71,63,48,2,184,0,3,47,0,50,71,66,95,2,234,0,0,0,234
09/19/2010,BHM,AL,ASO,ES,Combined TRACON& Tower with Radar,75,57,77,6,215,0,4,45,1,50,75,61,122,7,265,0,0,0,265
09/20/2010,BHM,AL,ASO,ES,Combined TRACON& Tower with Radar,92,75,94,16,277,0,5,32,2,39,92,80,126,18,316,0,0,0,316
09/21/2010,BHM,AL,ASO,ES,Combined TRACON& Tower with Radar,96,81,115,0,292,0,3,40,4,47,96,84,155,4,339,0,0,0,339
09/22/2010,BHM,AL,ASO,ES,Combined TRACON& Tower with Radar,94,82,99,22,297,0,8,31,4,43,94,90,130,26,340,0,0,0,340
09/23/2010,BHM,AL,ASO,ES,Combined TRACON& Tower with Radar,95,87,102,4,288,0,7,48,0,55,95,94,150,4,343,0,0,0,343
09/24/2010,BHM,AL,ASO,ES,Combined TRACON& Tower with Radar,103,93,92,7,295,0,11,54,4,69,103,104,146,11,364,0,0,0,364
09/25/2010,BHM,AL,ASO,ES,Combined TRACON& Tower with Radar,75,65,70,10,220,0,4,42,2,48,75,69,112,12,268,0,0,0,268
09/26/2010,BHM,AL,ASO,ES,Combined TRACON& Tower with Radar,79,67,61,1,208,0,2,6,0,8,79,69,67,1,216,0,0,0,216
09/27/2010,BHM,AL,ASO,ES,Combined TRACON& Tower with Radar,98,74,93,11,276,0,1,14,0,15,98,75,107,11,291,0,0,0,291
09/28/2010,BHM,AL,ASO,ES,Combined TRACON& Tower with Radar,100,90,112,10,312,0,4,53,0,57,100,94,165,10,369,0,0,0,369
09/29/2010,BHM,AL,ASO,ES,Combined TRACON& Tower with Radar,95,91,102,5,293,0,6,41,3,50,95,97,143,8,343,0,0,0,343
09/30/2010,BHM,AL,ASO,ES,Combined TRACON& Tower with Radar,94,89,109,5,297,0,6,40,2,48,94,95,149,7,345,0,0,0,345
10/01/2010,BHM,AL,ASO,ES,Combined TRACON& Tower with Radar,97,102,94,11,304,0,6,35,0,41,97,108,129,11,345,0,0,0,345
10/02/2010,BHM,AL,ASO,ES,Combined TRACON& Tower with Radar,69,65,60,1,195,0,6,72,1,79,69,71,132,2,274,0,0,0,274
10/03/2010,BHM,AL,ASO,ES,Combined TRACON& Tower with Radar,78,74,76,5,233,0,2,41,1,44,78,76,117,6,277,0,0,0,277
10/04/2010,BHM,AL,ASO,ES,Combined TRACON& Tower with Radar,91,82,86,5,264,0,5,42,1,48,91,87,128,6,312,0,0,0,312
10/05/2010,BHM,AL,ASO,ES,Combined TRACON& Tower with Radar,98,81,126,9,314,0,5,43,8,56,98,86,169,17,370,0,0,0,370
10/06/2010,BHM,AL,ASO,ES,Combined TRACON& Tower with Radar,93,98,132,32,355,0,8,35,5,48,93,106,167,37,403,0,0,0,403
10/07/2010,BHM,AL,ASO,ES,Combined TRACON& Tower with Radar,98,96,102,4,300,0,6,54,6,66,98,102,156,10,366,0,0,0,366
10/08/2010,BHM,AL,ASO,ES,Combined TRACON& Tower with Radar,98,92,110,6,306,0,5,29,1,35,98,97,139,7,341,0,0,0,341
10/09/2010,BHM,AL,ASO,ES,Combined TRACON& Tower with Radar,71,63,69,0,203,0,0,36,0,36,71,63,105,0,239,0,0,0,239
10/10/2010,BHM,AL,ASO,ES,Combined TRACON& Tower with Radar,78,64,77,3,222,0,1,56,1,58,78,65,133,4,280,0,0,0,280
10/11/2010,BHM,AL,ASO,ES,Combined TRACON& Tower with Radar,92,69,102,0,263,0,1,31,0,32,92,70,133,0,295,2,0,2,297
10/12/2010,BHM,AL,ASO,ES,Combined TRACON& Tower with Radar,95,91,101,9,296,0,8,18,0,26,95,99,119,9,322,6,0,6,328
10/13/2010,BHM,AL,ASO,ES,Combined TRACON& Tower with Radar,91,112,145,28,376,0,4,22,2,28,91,116,167,30,404,0,0,0,404
10/14/2010,BHM,AL,ASO,ES,Combined TRACON& Tower with Radar,94,98,113,17,322,0,6,47,5,58,94,104,160,22,380,0,0,0,380
10/15/2010,BHM,AL,ASO,ES,Combined TRACON& Tower with Radar,101,85,116,13,315,0,5,57,5,67,101,90,173,18,382,0,0,0,382
10/16/2010,BHM,AL,ASO,ES,Combined TRACON& Tower with Radar,66,72,64,7,209,0,2,59,1,62,66,74,123,8,271,0,0,0,271
10/17/2010,BHM,AL,ASO,ES,Combined TRACON& Tower with Radar,79,59,69,13,220,0,0,59,2,61,79,59,128,15,281,0,0,0,281
10/18/2010,BHM,AL,ASO,ES,Combined TRACON& Tower with Radar,94,80,91,11,276,0,5,31,2,38,94,85,122,13,314,0,0,0,314
10/19/2010,BHM,AL,ASO,ES,Combined TRACON& Tower with Radar,96,84,109,18,307,0,6,35,2,43,96,90,144,20,350,0,0,0,350
10/20/2010,BHM,AL,ASO,ES,Combined TRACON& Tower with Radar,92,91,118,6,307,0,3,29,8,40,92,94,147,14,347,0,0,0,347
10/21/2010,BHM,AL,ASO,ES,Combined TRACON& Tower with Radar,96,93,108,17,314,0,5,50,9,64,96,98,158,26,378,0,0,0,378
10/22/2010,BHM,AL,ASO,ES,Combined TRACON& Tower with Radar,94,88,89,22,293,0,10,43,8,61,94,98,132,30,354,0,0,0,354
10/23/2010,BHM,AL,ASO,ES,Combined TRACON& Tower with Radar,62,59,73,9,203,0,3,43,0,46,62,62,116,9,249,0,0,0,249
10/24/2010,BHM,AL,ASO,ES,Combined TRACON& Tower with Radar,80,69,95,16,260,0,0,37,6,43,80,69,132,22,303,0,0,0,303
10/25/2010,BHM,AL,ASO,ES,Combined TRACON& Tower with Radar,88,89,85,2,264,0,3,12,0,15,88,92,97,2,279,0,0,0,279
10/26/2010,BHM,AL,ASO,ES,Combined TRACON& Tower with Radar,96,96,115,24,331,0,1,6,3,10,96,97,121,27,341,0,0,0,341
10/27/2010,BHM,AL,ASO,ES,Combined TRACON& Tower with Radar,89,98,94,12,293,0,1,3,2,6,89,99,97,14,299,0,0,0,299
10/28/2010,BHM,AL,ASO,ES,Combined TRACON& Tower with Radar,95,103,148,20,366,0,2,40,11,53,95,105,188,31,419,0,0,0,419
10/29/2010,BHM,AL,ASO,ES,Combined TRACON& Tower with Radar,98,85,124,20,327,0,10,63,1,74,98,95,187,21,401,0,0,0,401
10/30/2010,BHM,AL,ASO,ES,Combined TRACON& Tower with Radar,67,75,51,2,195,0,4,35,0,39,67,79,86,2,234,0,0,0,234
10/31/2010,BHM,AL,ASO,ES,Combined TRACON& Tower with Radar,73,64,82,1,220,0,1,65,1,67,73,65,147,2,287,0,0,0,287
11/01/2010,BHM,AL,ASO,ES,Combined TRACON& Tower with Radar,87,83,96,32,298,0,4,44,3,51,87,87,140,35,349,0,0,0,349
11/02/2010,BHM,AL,ASO,ES,Combined TRACON& Tower with Radar,92,86,113,25,316,0,2,19,8,29,92,88,132,33,345,0,0,0,345
11/03/2010,BHM,AL,ASO,ES,Combined TRACON& Tower with Radar,98,92,146,20,356,0,1,0,2,3,98,93,146,22,359,0,12,12,371
11/04/2010,BHM,AL,ASO,ES,Combined TRACON& Tower with Radar,92,88,122,12,314,0,2,25,2,29,92,90,147,14,343,0,0,0,343
11/05/2010,BHM,AL,ASO,ES,Combined TRACON& Tower with Radar,94,105,99,10,308,0,4,34,5,43,94,109,133,15,351,0,0,0,351
11/06/2010,BHM,AL,ASO,ES,Combined TRACON& Tower with Radar,65,61,66,1,193,0,1,47,0,48,65,62,113,1,241,0,0,0,241
11/07/2010,BHM,AL,ASO,ES,Combined TRACON& Tower with Radar,81,69,60,13,223,0,3,49,2,54,81,72,109,15,277,0,0,0,277
11/08/2010,BHM,AL,ASO,ES,Combined TRACON& Tower with Radar,87,81,84,10,262,0,2,35,3,40,87,83,119,13,302,6,0,6,308
11/09/2010,BHM,AL,ASO,ES,Combined TRACON& Tower with Radar,91,95,108,13,307,0,3,46,6,55,91,98,154,19,362,0,0,0,362
11/10/2010,BHM,AL,ASO,ES,Combined TRACON& Tower with Radar,90,89,119,19,317,0,2,45,9,56,90,91,164,28,373,0,0,0,373
11/11/2010,BHM,AL,ASO,ES,Combined TRACON& Tower with Radar,95,85,91,0,271,0,2,45,0,47,95,87,136,0,318,0,0,0,318
11/12/2010,BHM,AL,ASO,ES,Combined TRACON& Tower with Radar,89,88,105,12,294,0,6,53,6,65,89,94,158,18,359,2,0,2,361
11/13/2010,BHM,AL,ASO,ES,Combined TRACON& Tower with Radar,69,69,59,7,204,0,4,55,5,64,69,73,114,12,268,0,0,0,268
11/14/2010,BHM,AL,ASO,ES,Combined TRACON& Tower with Radar,81,72,66,10,229,0,0,0,1,1,81,72,66,11,230,0,0,0,230
11/15/2010,BHM,AL,ASO,ES,Combined TRACON& Tower with Radar,87,84,80,6,257,0,1,0,0,1,87,85,80,6,258,0,0,0,258
11/16/2010,BHM,AL,ASO,ES,Combined TRACON& Tower with Radar,88,92,113,5,298,0,2,3,1,6,88,94,116,6,304,0,0,0,304
11/17/2010,BHM,AL,ASO,ES,Combined TRACON& Tower with Radar,95,103,142,15,355,0,4,41,3,48,95,107,183,18,403,0,0,0,403
11/18/2010,BHM,AL,ASO,ES,Combined TRACON& Tower with Radar,88,110,120,10,328,0,3,35,4,42,88,113,155,14,370,10,0,10,380
11/19/2010,BHM,AL,ASO,ES,Combined TRACON& Tower with Radar,95,94,119,19,327,0,6,27,4,37,95,100,146,23,364,0,0,0,364
11/20/2010,BHM,AL,ASO,ES,Combined TRACON& Tower with Radar,70,63,44,1,178,0,1,56,1,58,70,64,100,2,236,0,0,0,236
11/21/2010,BHM,AL,ASO,ES,Combined TRACON& Tower with Radar,80,62,62,18,222,0,1,33,2,36,80,63,95,20,258,4,12,16,274
11/22/2010,BHM,AL,ASO,ES,Combined TRACON& Tower with Radar,83,88,69,18,258,0,3,28,0,31,83,91,97,18,289,0,0,0,289
11/23/2010,BHM,AL,ASO,ES,Combined TRACON& Tower with Radar,95,106,110,9,320,0,1,5,0,6,95,107,115,9,326,0,0,0,326
11/24/2010,BHM,AL,ASO,ES,Combined TRACON& Tower with Radar,98,108,94,11,311,0,0,1,0,1,98,108,95,11,312,0,0,0,312
11/25/2010,BHM,AL,ASO,ES,Combined TRACON& Tower with Radar,55,48,8,0,111,0,0,4,0,4,55,48,12,0,115,0,0,0,115
11/26/2010,BHM,AL,ASO,ES,Combined TRACON& Tower with Radar,75,57,51,2,185,0,2,6,0,8,75,59,57,2,193,0,0,0,193
11/27/2010,BHM,AL,ASO,ES,Combined TRACON& Tower with Radar,78,76,53,0,207,0,2,46,0,48,78,78,99,0,255,0,0,0,255
11/28/2010,BHM,AL,ASO,ES,Combined TRACON& Tower with Radar,95,65,51,0,211,0,0,33,0,33,95,65,84,0,244,0,0,0,244
11/29/2010,BHM,AL,ASO,ES,Combined TRACON& Tower with Radar,91,77,85,19,272,0,0,1,0,1,91,77,86,19,273,0,0,0,273
11/30/2010,BHM,AL,ASO,ES,Combined TRACON& Tower with Radar,104,95,83,8,290,0,0,0,0,0,104,95,83,8,290,0,0,0,290
12/01/2010,BHM,AL,ASO,ES,Combined TRACON& Tower with Radar,86,92,105,15,298,0,4,40,4,48,86,96,145,19,346,0,0,0,346
12/02/2010,BHM,AL,ASO,ES,Combined TRACON& Tower with Radar,92,88,111,21,312,0,12,43,10,65,92,100,154,31,377,0,0,0,377
12/03/2010,BHM,AL,ASO,ES,Combined TRACON& Tower with Radar,95,87,91,13,286,0,9,27,9,45,95,96,118,22,331,0,0,0,331
12/04/2010,BHM,AL,ASO,ES,Combined TRACON& Tower with Radar,65,62,48,0,175,0,3,14,0,17,65,65,62,0,192,0,0,0,192
12/05/2010,BHM,AL,ASO,ES,Combined TRACON& Tower with Radar,80,62,37,0,179,0,2,14,0,16,80,64,51,0,195,0,0,0,195
12/06/2010,BHM,AL,ASO,ES,Combined TRACON& Tower with Radar,83,86,107,13,289,0,4,22,1,27,83,90,129,14,316,0,6,6,322
12/07/2010,BHM,AL,ASO,ES,Combined TRACON& Tower with Radar,85,84,116,22,307,0,7,32,5,44,85,91,148,27,351,0,0,0,351
12/08/2010,BHM,AL,ASO,ES,Combined TRACON& Tower with Radar,87,102,114,25,328,0,4,17,3,24,87,106,131,28,352,0,0,0,352
12/09/2010,BHM,AL,ASO,ES,Combined TRACON& Tower with Radar,89,93,115,10,307,0,6,37,5,48,89,99,152,15,355,0,0,0,355
12/10/2010,BHM,AL,ASO,ES,Combined TRACON& Tower with Radar,87,99,88,3,277,0,6,43,5,54,87,105,131,8,331,0,0,0,331
12/11/2010,BHM,AL,ASO,ES,Combined TRACON& Tower with Radar,67,66,48,9,190,0,4,27,2,33,67,70,75,11,223,0,0,0,223
12/12/2010,BHM,AL,ASO,ES,Combined TRACON& Tower with Radar,73,62,37,7,179,0,0,6,2,8,73,62,43,9,187,0,0,0,187
12/13/2010,BHM,AL,ASO,ES,Combined TRACON& Tower with Radar,84,86,90,3,263,0,3,7,0,10,84,89,97,3,273,0,0,0,273
12/14/2010,BHM,AL,ASO,ES,Combined TRACON& Tower with Radar,89,87,122,7,305,0,5,19,4,28,89,92,141,11,333,0,0,0,333
12/15/2010,BHM,AL,ASO,ES,Combined TRACON& Tower with Radar,89,86,100,2,277,0,6,6,3,15,89,92,106,5,292,0,0,0,292
12/16/2010,BHM,AL,ASO,ES,Combined TRACON& Tower with Radar,92,95,118,5,310,0,0,3,4,7,92,95,121,9,317,0,0,0,317
12/17/2010,BHM,AL,ASO,ES,Combined TRACON& Tower with Radar,91,96,84,5,276,0,1,28,7,36,91,97,112,12,312,12,0,12,324
12/18/2010,BHM,AL,ASO,ES,Combined TRACON& Tower with Radar,68,74,38,2,182,0,1,21,0,22,68,75,59,2,204,0,0,0,204
12/19/2010,BHM,AL,ASO,ES,Combined TRACON& Tower with Radar,79,63,33,1,176,0,4,51,0,55,79,67,84,1,231,0,0,0,231
12/20/2010,BHM,AL,ASO,ES,Combined TRACON& Tower with Radar,82,90,83,1,256,0,2,52,0,54,82,92,135,1,310,0,0,0,310
12/21/2010,BHM,AL,ASO,ES,Combined TRACON& Tower with Radar,87,93,76,14,270,0,3,2,8,13,87,96,78,22,283,0,0,0,283
12/22/2010,BHM,AL,ASO,ES,Combined TRACON& Tower with Radar,88,102,67,6,263,0,8,16,4,28,88,110,83,10,291,0,0,0,291
12/23/2010,BHM,AL,ASO,ES,Combined TRACON& Tower with Radar,90,88,50,2,230,0,6,38,4,48,90,94,88,6,278,0,0,0,278
12/24/2010,BHM,AL,ASO,ES,Combined TRACON& Tower with Radar,71,70,16,0,157,0,10,20,0,30,71,80,36,0,187,0,0,0,187
12/25/2010,BHM,AL,ASO,ES,Combined TRACON& Tower with Radar,55,42,5,0,102,0,0,0,0,0,55,42,5,0,102,0,0,0,102
12/26/2010,BHM,AL,ASO,ES,Combined TRACON& Tower with Radar,81,56,47,0,184,0,0,2,0,2,81,56,49,0,186,0,0,0,186
12/27/2010,BHM,AL,ASO,ES,Combined TRACON& Tower with Radar,81,77,74,0,232,0,7,21,0,28,81,84,95,0,260,0,0,0,260
12/28/2010,BHM,AL,ASO,ES,Combined TRACON& Tower with Radar,89,90,71,5,255,0,5,46,2,53,89,95,117,7,308,0,0,0,308
12/29/2010,BHM,AL,ASO,ES,Combined TRACON& Tower with Radar,96,84,61,6,247,0,6,31,6,43,96,90,92,12,290,0,0,0,290
12/30/2010,BHM,AL,ASO,ES,Combined TRACON& Tower with Radar,89,92,57,4,242,0,2,8,8,18,89,94,65,12,260,0,0,0,260
12/31/2010,BHM,AL,ASO,ES,Combined TRACON& Tower with Radar,76,67,30,1,174,0,5,12,0,17,76,72,42,1,191,0,0,0,191
01/01/2011,BHM,AL,ASO,ES,Combined TRACON& Tower with Radar,57,62,19,1,139,0,0,2,0,2,57,62,21,1,141,0,0,0,141
01/02/2011,BHM,AL,ASO,ES,Combined TRACON& Tower with Radar,85,66,70,2,223,0,3,41,0,44,85,69,111,2,267,0,0,0,267
01/03/2011,BHM,AL,ASO,ES,Combined TRACON& Tower with Radar,84,79,68,2,233,0,9,36,0,45,84,88,104,2,278,0,0,0,278
01/04/2011,BHM,AL,ASO,ES,Combined TRACON& Tower with Radar,91,91,73,13,268,0,8,32,0,40,91,99,105,13,308,6,0,6,314
01/05/2011,BHM,AL,ASO,ES,Combined TRACON& Tower with Radar,87,99,91,17,294,0,0,13,2,15,87,99,104,19,309,0,0,0,309
01/06/2011,BHM,AL,ASO,ES,Combined TRACON& Tower with Radar,85,82,116,24,307,0,4,23,7,34,85,86,139,31,341,0,0,0,341
01/07/2011,BHM,AL,ASO,ES,Combined TRACON& Tower with Radar,95,82,78,9,264,0,9,45,4,58,95,91,123,13,322,0,0,0,322
01/08/2011,BHM,AL,ASO,ES,Combined TRACON& Tower with Radar,89,72,49,0,210,0,0,30,5,35,89,72,79,5,245,1,0,1,246
01/09/2011,BHM,AL,ASO,ES,Combined TRACON& Tower with Radar,51,40,50,1,142,0,0,8,0,8,51,40,58,1,150,0,0,0,150
01/10/2011,BHM,AL,ASO,ES,Combined TRACON& Tower with Radar,61,29,5,0,95,0,0,0,0,0,61,29,5,0,95,0,0,0,95
01/11/2011,BHM,AL,ASO,ES,Combined TRACON& Tower with Radar,106,66,83,6,261,0,1,0,1,2,106,67,83,7,263,0,0,0,263
01/12/2011,BHM,AL,ASO,ES,Combined TRACON& Tower with Radar,87,88,81,14,270,0,6,5,0,11,87,94,86,14,281,0,0,0,281
01/13/2011,BHM,AL,ASO,ES,Combined TRACON& Tower with Radar,86,81,101,30,298,0,5,27,0,32,86,86,128,30,330,0,0,0,330
01/14/2011,BHM,AL,ASO,ES,Combined TRACON& Tower with Radar,86,95,97,6,284,0,7,27,0,34,86,102,124,6,318,0,0,0,318
01/15/2011,BHM,AL,ASO,ES,Combined TRACON& Tower with Radar,57,60,70,14,201,0,5,46,0,51,57,65,116,14,252,0,0,0,252
01/16/2011,BHM,AL,ASO,ES,Combined TRACON& Tower with Radar,74,55,34,12,175,0,2,40,1,43,74,57,74,13,218,22,4,26,244
01/17/2011,BHM,AL,ASO,ES,Combined TRACON& Tower with Radar,83,63,65,0,211,0,4,15,0,19,83,67,80,0,230,0,0,0,230
01/18/2011,BHM,AL,ASO,ES,Combined TRACON& Tower with Radar,85,86,123,20,314,0,1,1,0,2,85,87,124,20,316,0,0,0,316
01/19/2011,BHM,AL,ASO,ES,Combined TRACON& Tower with Radar,87,96,126,14,323,0,0,1,0,1,87,96,127,14,324,0,0,0,324
01/20/2011,BHM,AL,ASO,ES,Combined TRACON& Tower with Radar,85,95,125,9,314,0,0,4,0,4,85,95,129,9,318,0,0,0,318
01/21/2011,BHM,AL,ASO,ES,Combined TRACON& Tower with Radar,88,92,95,16,291,0,5,37,5,47,88,97,132,21,338,0,0,0,338
01/22/2011,BHM,AL,ASO,ES,Combined TRACON& Tower with Radar,58,58,59,4,179,0,3,48,6,57,58,61,107,10,236,0,0,0,236
01/23/2011,BHM,AL,ASO,ES,Combined TRACON& Tower with Radar,74,55,47,20,196,0,0,42,6,48,74,55,89,26,244,0,0,0,244
01/24/2011,BHM,AL,ASO,ES,Combined TRACON& Tower with Radar,86,81,94,14,275,0,4,29,0,33,86,85,123,14,308,0,0,0,308
01/25/2011,BHM,AL,ASO,ES,Combined TRACON& Tower with Radar,84,83,82,8,257,0,0,2,0,2,84,83,84,8,259,0,0,0,259
01/26/2011,BHM,AL,ASO,ES,Combined TRACON& Tower with Radar,84,87,99,6,276,0,7,18,0,25,84,94,117,6,301,0,0,0,301
01/27/2011,BHM,AL,ASO,ES,Combined TRACON& Tower with Radar,86,88,110,7,291,0,6,44,2,52,86,94,154,9,343,0,0,0,343
01/28/2011,BHM,AL,ASO,ES,Combined TRACON& Tower with Radar,90,86,89,22,287,0,9,66,4,79,90,95,155,26,366,0,0,0,366
01/29/2011,BHM,AL,ASO,ES,Combined TRACON& Tower with Radar,56,64,28,10,158,0,1,44,0,45,56,65,72,10,203,0,0,0,203
01/30/2011,BHM,AL,ASO,ES,Combined TRACON& Tower with Radar,74,55,51,6,186,0,1,21,0,22,74,56,72,6,208,0,0,0,208
01/31/2011,BHM,AL,ASO,ES,Combined TRACON& Tower with Radar,80,81,87,26,274,0,2,1,1,4,80,83,88,27,278,0,0,0,278
02/01/2011,BHM,AL,ASO,ES,Combined TRACON& Tower with Radar,64,81,62,5,212,0,0,0,0,0,64,81,62,5,212,0,0,0,212
02/02/2011,BHM,AL,ASO,ES,Combined TRACON& Tower with Radar,71,75,64,19,229,0,6,11,3,20,71,81,75,22,249,22,0,22,271
02/03/2011,BHM,AL,ASO,ES,Combined TRACON& Tower with Radar,84,72,90,18,264,0,3,9,0,12,84,75,99,18,276,0,0,0,276
02/04/2011,BHM,AL,ASO,ES,Combined TRACON& Tower with Radar,86,87,68,4,245,0,0,0,0,0,86,87,68,4,245,0,0,0,245
02/05/2011,BHM,AL,ASO,ES,Combined TRACON& Tower with Radar,57,68,39,6,170,0,0,9,5,14,57,68,48,11,184,0,0,0,184
02/06/2011,BHM,AL,ASO,ES,Combined TRACON& Tower with Radar,75,48,43,6,172,0,1,53,5,59,75,49,96,11,231,0,0,0,231
02/07/2011,BHM,AL,ASO,ES,Combined TRACON& Tower with Radar,79,82,86,8,255,0,0,9,0,9,79,82,95,8,264,6,0,6,270
02/08/2011,BHM,AL,ASO,ES,Combined TRACON& Tower with Radar,85,81,99,12,277,0,3,47,1,51,85,84,146,13,328,0,0,0,328
02/09/2011,BHM,AL,ASO,ES,Combined TRACON& Tower with Radar,84,82,94,30,290,0,4,24,0,28,84,86,118,30,318,0,0,0,318
02/10/2011,BHM,AL,ASO,ES,Combined TRACON& Tower with Radar,86,93,75,23,277,0,1,8,2,11,86,94,83,25,288,0,0,0,288
02/11/2011,BHM,AL,ASO,ES,Combined TRACON& Tower with Radar,88,82,85,12,267,0,7,54,8,69,88,89,139,20,336,0,0,0,336
02/12/2011,BHM,AL,ASO,ES,Combined TRACON& Tower with Radar,57,56,41,23,177,0,1,58,4,63,57,57,99,27,240,0,0,0,240
02/13/2011,BHM,AL,ASO,ES,Combined TRACON& Tower with Radar,74,49,58,29,210,0,3,59,4,66,74,52,117,33,276,6,0,6,282
02/14/2011,BHM,AL,ASO,ES,Combined TRACON& Tower with Radar,82,70,77,22,251,0,5,22,1,28,82,75,99,23,279,6,0,6,285
02/15/2011,BHM,AL,ASO,ES,Combined TRACON& Tower with Radar,85,81,108,10,284,0,8,45,4,57,85,89,153,14,341,0,0,0,341
02/16/2011,BHM,AL,ASO,ES,Combined TRACON& Tower with Radar,86,98,101,15,300,0,10,36,10,56,86,108,137,25,356,0,0,0,356
02/17/2011,BHM,AL,ASO,ES,Combined TRACON& Tower with Radar,94,100,144,21,359,0,7,54,3,64,94,107,198,24,423,0,0,0,423
02/18/2011,BHM,AL,ASO,ES,Combined TRACON& Tower with Radar,87,81,139,6,313,0,4,22,0,26,87,85,161,6,339,6,0,6,345
02/19/2011,BHM,AL,ASO,ES,Combined TRACON& Tower with Radar,59,64,44,15,182,0,2,50,0,52,59,66,94,15,234,4,22,26,260
02/20/2011,BHM,AL,ASO,ES,Combined TRACON& Tower with Radar,71,53,66,11,201,0,2,35,1,38,71,55,101,12,239,0,0,0,239
02/21/2011,BHM,AL,ASO,ES,Combined TRACON& Tower with Radar,81,65,110,2,258,0,3,17,0,20,81,68,127,2,278,0,0,0,278
02/22/2011,BHM,AL,ASO,ES,Combined TRACON& Tower with Radar,87,84,116,13,300,0,5,36,3,44,87,89,152,16,344,2,0,2,346
02/23/2011,BHM,AL,ASO,ES,Combined TRACON& Tower with Radar,88,84,91,11,274,0,7,28,0,35,88,91,119,11,309,0,0,0,309
02/24/2011,BHM,AL,ASO,ES,Combined TRACON& Tower with Radar,89,93,115,35,332,0,4,21,3,28,89,97,136,38,360,6,0,6,366
02/25/2011,BHM,AL,ASO,ES,Combined TRACON& Tower with Radar,82,80,105,14,281,0,5,29,1,35,82,85,134,15,316,0,0,0,316
02/26/2011,BHM,AL,ASO,ES,Combined TRACON& Tower with Radar,57,59,53,4,173,0,3,67,10,80,57,62,120,14,253,0,0,0,253
02/27/2011,BHM,AL,ASO,ES,Combined TRACON& Tower with Radar,75,58,62,13,208,0,0,19,1,20,75,58,81,14,228,0,0,0,228
02/28/2011,BHM,AL,ASO,ES,Combined TRACON& Tower with Radar,91,85,81,2,259,0,0,7,0,7,91,85,88,2,266,0,0,0,266
03/01/2011,BHM,AL,ASO,ES,Combined TRACON& Tower with Radar,83,86,112,23,304,0,6,49,3,58,83,92,161,26,362,2,0,2,364
03/02/2011,BHM,AL,ASO,ES,Combined TRACON& Tower with Radar,86,84,117,15,302,0,9,43,4,56,86,93,160,19,358,0,0,0,358
03/03/2011,BHM,AL,ASO,ES,Combined TRACON& Tower with Radar,83,101,115,16,315,0,7,41,4,52,83,108,156,20,367,0,0,0,367
03/04/2011,BHM,AL,ASO,ES,Combined TRACON& Tower with Radar,90,91,94,26,301,0,2,15,7,24,90,93,109,33,325,0,0,0,325
03/05/2011,BHM,AL,ASO,ES,Combined TRACON& Tower with Radar,61,64,20,15,160,0,0,1,0,1,61,64,21,15,161,0,0,0,161
03/06/2011,BHM,AL,ASO,ES,Combined TRACON& Tower with Radar,72,66,54,7,199,0,0,6,2,8,72,66,60,9,207,0,0,0,207
03/07/2011,BHM,AL,ASO,ES,Combined TRACON& Tower with Radar,80,79,83,19,261,0,8,43,0,51,80,87,126,19,312,0,0,0,312
03/08/2011,BHM,AL,ASO,ES,Combined TRACON& Tower with Radar,86,80,114,8,288,0,3,22,0,25,86,83,136,8,313,0,0,0,313
03/09/2011,BHM,AL,ASO,ES,Combined TRACON& Tower with Radar,85,79,63,12,239,0,0,4,0,4,85,79,67,12,243,0,0,0,243
03/10/2011,BHM,AL,ASO,ES,Combined TRACON& Tower with Radar,84,95,146,5,330,0,2,21,5,28,84,97,167,10,358,0,0,0,358
03/11/2011,BHM,AL,ASO,ES,Combined TRACON& Tower with Radar,87,82,96,10,275,0,9,50,6,65,87,91,146,16,340,0,0,0,340
03/12/2011,BHM,AL,ASO,ES,Combined TRACON& Tower with Radar,70,63,52,2,187,0,3,39,4,46,70,66,91,6,233,0,0,0,233
03/13/2011,BHM,AL,ASO,ES,Combined TRACON& Tower with Radar,74,63,47,2,186,0,1,52,3,56,74,64,99,5,242,0,0,0,242
03/14/2011,BHM,AL,ASO,ES,Combined TRACON& Tower with Radar,83,82,71,2,238,0,5,14,0,19,83,87,85,2,257,0,0,0,257
03/15/2011,BHM,AL,ASO,ES,Combined TRACON& Tower with Radar,83,91,96,17,287,0,4,18,1,23,83,95,114,18,310,0,0,0,310
03/16/2011,BHM,AL,ASO,ES,Combined TRACON& Tower with Radar,89,87,88,8,272,0,5,41,3,49,89,92,129,11,321,0,0,0,321
03/17/2011,BHM,AL,ASO,ES,Combined TRACON& Tower with Radar,89,84,97,9,279,0,6,46,4,56,89,90,143,13,335,0,0,0,335
03/18/2011,BHM,AL,ASO,ES,Combined TRACON& Tower with Radar,92,106,68,28,294,0,8,41,6,55,92,114,109,34,349,0,0,0,349
03/19/2011,BHM,AL,ASO,ES,Combined TRACON& Tower with Radar,68,66,73,1,208,0,2,53,2,57,68,68,126,3,265,0,0,0,265
03/20/2011,BHM,AL,ASO,ES,Combined TRACON& Tower with Radar,74,70,80,6,230,0,3,44,3,50,74,73,124,9,280,0,0,0,280
03/21/2011,BHM,AL,ASO,ES,Combined TRACON& Tower with Radar,82,76,89,9,256,0,7,43,5,55,82,83,132,14,311,4,23,27,338
03/22/2011,BHM,AL,ASO,ES,Combined TRACON& Tower with Radar,87,76,115,13,291,0,5,24,1,30,87,81,139,14,321,0,0,0,321
03/23/2011,BHM,AL,ASO,ES,Combined TRACON& Tower with Radar,89,78,89,11,267,0,3,27,0,30,89,81,116,11,297,4,9,13,310
03/24/2011,BHM,AL,ASO,ES,Combined TRACON& Tower with Radar,86,103,118,7,314,0,7,34,5,46,86,110,152,12,360,0,0,0,360
03/25/2011,BHM,AL,ASO,ES,Combined TRACON& Tower with Radar,90,81,95,8,274,0,9,43,7,59,90,90,138,15,333,0,0,0,333
03/26/2011,BHM,AL,ASO,ES,Combined TRACON& Tower with Radar,75,61,30,1,167,0,0,11,0,11,75,61,41,1,178,0,0,0,178
03/27/2011,BHM,AL,ASO,ES,Combined TRACON& Tower with Radar,78,66,82,0,226,0,0,7,0,7,78,66,89,0,233,0,0,0,233
03/28/2011,BHM,AL,ASO,ES,Combined TRACON& Tower with Radar,79,88,102,8,277,0,1,4,0,5,79,89,106,8,282,0,0,0,282
03/29/2011,BHM,AL,ASO,ES,Combined TRACON& Tower with Radar,84,85,106,17,292,0,0,3,0,3,84,85,109,17,295,0,0,0,295
03/30/2011,BHM,AL,ASO,ES,Combined TRACON& Tower with Radar,88,86,95,11,280,0,0,0,0,0,88,86,95,11,280,0,0,0,280
03/31/2011,BHM,AL,ASO,ES,Combined TRACON& Tower with Radar,78,93,97,28,296,0,0,1,2,3,78,93,98,30,299,0,0,0,299
04/01/2011,BHM,AL,ASO,ES,Combined TRACON& Tower with Radar,95,68,114,21,298,0,6,17,6,29,95,74,131,27,327,0,0,0,327
04/02/2011,BHM,AL,ASO,ES,Combined TRACON& Tower with Radar,60,56,56,4,176,0,7,56,0,63,60,63,112,4,239,0,0,0,239
04/03/2011,BHM,AL,ASO,ES,Combined TRACON& Tower with Radar,79,56,56,13,204,0,1,37,3,41,79,57,93,16,245,0,0,0,245
04/04/2011,BHM,AL,ASO,ES,Combined TRACON& Tower with Radar,85,74,71,5,235,0,1,4,3,8,85,75,75,8,243,0,0,0,243
04/05/2011,BHM,AL,ASO,ES,Combined TRACON& Tower with Radar,88,91,98,39,316,0,4,30,2,36,88,95,128,41,352,0,0,0,352
04/06/2011,BHM,AL,ASO,ES,Combined TRACON& Tower with Radar,89,84,117,33,323,0,5,51,3,59,89,89,168,36,382,0,0,0,382
04/07/2011,BHM,AL,ASO,ES,Combined TRACON& Tower with Radar,88,92,134,33,347,0,5,30,2,37,88,97,164,35,384,0,0,0,384
04/08/2011,BHM,AL,ASO,ES,Combined TRACON& Tower with Radar,93,83,116,25,317,0,6,21,3,30,93,89,137,28,347,0,0,0,347
04/09/2011,BHM,AL,ASO,ES,Combined TRACON& Tower with Radar,73,59,78,7,217,0,1,43,3,47,73,60,121,10,264,0,0,0,264
04/10/2011,BHM,AL,ASO,ES,Combined TRACON& Tower with Radar,82,68,84,16,250,0,3,28,6,37,82,71,112,22,287,0,18,18,305
04/11/2011,BHM,AL,ASO,ES,Combined TRACON& Tower with Radar,83,80,100,3,266,0,1,16,1,18,83,81,116,4,284,0,0,0,284
04/12/2011,BHM,AL,ASO,ES,Combined TRACON& Tower with Radar,85,86,85,7,263,0,6,27,6,39,85,92,112,13,302,0,0,0,302
04/13/2011,BHM,AL,ASO,ES,Combined TRACON& Tower with Radar,84,74,87,6,251,0,6,40,13,59,84,80,127,19,310,0,0,0,310
04/14/2011,BHM,AL,ASO,ES,Combined TRACON& Tower with Radar,95,75,108,21,299,0,5,51,14,70,95,80,159,35,369,0,0,0,369
04/15/2011,BHM,AL,ASO,ES,Combined TRACON& Tower with Radar,96,69,62,2,229,0,2,1,1,4,96,71,63,3,233,0,0,0,233
04/16/2011,BHM,AL,ASO,ES,Combined TRACON& Tower with Radar,71,55,37,1,164,0,1,27,5,33,71,56,64,6,197,0,0,0,197
04/17/2011,BHM,AL,ASO,ES,Combined TRACON& Tower with Radar,84,61,73,13,231,0,5,53,7,65,84,66,126,20,296,0,0,0,296
04/18/2011,BHM,AL,ASO,ES,Combined TRACON& Tower with Radar,87,64,84,2,237,0,7,28,1,36,87,71,112,3,273,0,0,0,273
04/19/2011,BHM,AL,ASO,ES,Combined TRACON& Tower with Radar,87,80,124,12,303,0,6,24,0,30,87,86,148,12,333,0,0,0,333
04/20/2011,BHM,AL,ASO,ES,Combined TRACON& Tower with Radar,83,81,83,5,252,0,0,3,0,3,83,81,86,5,255,0,2,2,257
04/21/2011,BHM,AL,ASO,ES,Combined TRACON& Tower with Radar,91,75,124,14,304,0,1,7,0,8,91,76,131,14,312,0,0,0,312
04/22/2011,BHM,AL,ASO,ES,Combined TRACON& Tower with Radar,92,80,99,25,296,0,9,32,4,45,92,89,131,29,341,0,0,0,341
04/23/2011,BHM,AL,ASO,ES,Combined TRACON& Tower with Radar,68,47,36,1,152,0,0,26,0,26,68,47,62,1,178,0,0,0,178
04/24/2011,BHM,AL,ASO,ES,Combined TRACON& Tower with Radar,76,61,42,10,189,0,1,20,0,21,76,62,62,10,210,0,0,0,210
04/25/2011,BHM,AL,ASO,ES,Combined TRACON& Tower with Radar,88,82,96,7,273,0,6,34,0,40,88,88,130,7,313,0,0,0,313
04/26/2011,BHM,AL,ASO,ES,Combined TRACON& Tower with Radar,89,77,87,12,265,0,3,7,0,10,89,80,94,12,275,0,0,0,275
04/27/2011,BHM,AL,ASO,ES,Combined TRACON& Tower with Radar,91,62,44,0,197,0,5,2,0,7,91,67,46,0,204,0,0,0,204
04/28/2011,BHM,AL,ASO,ES,Combined TRACON& Tower with Radar,93,77,127,12,309,0,40,86,16,142,93,117,213,28,451,0,0,0,451
04/29/2011,BHM,AL,ASO,ES,Combined TRACON& Tower with Radar,89,80,101,9,279,0,11,70,7,88,89,91,171,16,367,0,0,0,367
04/30/2011,BHM,AL,ASO,ES,Combined TRACON& Tower with Radar,68,63,35,0,166,0,1,58,8,67,68,64,93,8,233,22,0,22,255
05/01/2011,BHM,AL,ASO,ES,Combined TRACON& Tower with Radar,86,56,55,9,206,0,3,50,6,59,86,59,105,15,265,0,0,0,265
05/02/2011,BHM,AL,ASO,ES,Combined TRACON& Tower with Radar,87,73,117,11,288,0,4,25,6,35,87,77,142,17,323,0,0,0,323
05/03/2011,BHM,AL,ASO,ES,Combined TRACON& Tower with Radar,94,79,96,3,272,0,0,0,0,0,94,79,96,3,272,0,0,0,272
05/04/2011,BHM,AL,ASO,ES,Combined TRACON& Tower with Radar,97,83,125,3,308,0,4,38,10,52,97,87,163,13,360,0,0,0,360
05/05/2011,BHM,AL,ASO,ES,Combined TRACON& Tower with Radar,97,79,107,11,294,0,4,52,12,68,97,83,159,23,362,0,0,0,362
05/06/2011,BHM,AL,ASO,ES,Combined TRACON& Tower with Radar,96,72,103,6,277,0,11,55,14,80,96,83,158,20,357,0,0,0,357
05/07/2011,BHM,AL,ASO,ES,Combined TRACON& Tower with Radar,70,57,68,5,200,0,1,42,2,45,70,58,110,7,245,0,0,0,245
05/08/2011,BHM,AL,ASO,ES,Combined TRACON& Tower with Radar,82,73,68,2,225,0,3,38,0,41,82,76,106,2,266,0,0,0,266
05/09/2011,BHM,AL,ASO,ES,Combined TRACON& Tower with Radar,100,67,110,2,279,0,6,32,7,45,100,73,142,9,324,0,0,0,324
05/10/2011,BHM,AL,ASO,ES,Combined TRACON& Tower with Radar,96,77,99,12,284,0,7,34,1,42,96,84,133,13,326,0,0,0,326
05/11/2011,BHM,AL,ASO,ES,Combined TRACON& Tower with Radar,95,68,115,12,290,0,7,47,2,56,95,75,162,14,346,0,0,0,346
05/12/2011,BHM,AL,ASO,ES,Combined TRACON& Tower with Radar,98,82,137,25,342,0,6,41,7,54,98,88,178,32,396,0,0,0,396
05/13/2011,BHM,AL,ASO,ES,Combined TRACON& Tower with Radar,101,63,92,2,258,0,2,9,5,16,101,65,101,7,274,0,0,0,274
05/14/2011,BHM,AL,ASO,ES,Combined TRACON& Tower with Radar,71,57,45,7,180,0,1,6,6,13,71,58,51,13,193,0,0,0,193
05/15/2011,BHM,AL,ASO,ES,Combined TRACON& Tower with Radar,89,51,72,0,212,0,1,20,2,23,89,52,92,2,235,0,0,0,235
05/16/2011,BHM,AL,ASO,ES,Combined TRACON& Tower with Radar,92,63,100,0,255,0,2,21,3,26,92,65,121,3,281,0,0,0,281
05/17/2011,BHM,AL,ASO,ES,Combined TRACON& Tower with Radar,96,74,129,9,308,0,5,30,8,43,96,79,159,17,351,0,0,0,351
05/18/2011,BHM,AL,ASO,ES,Combined TRACON& Tower with Radar,95,82,109,14,300,0,7,45,8,60,95,89,154,22,360,0,0,0,360
05/19/2011,BHM,AL,ASO,ES,Combined TRACON& Tower with Radar,96,84,113,10,303,0,11,70,11,92,96,95,183,21,395,0,0,0,395
05/20/2011,BHM,AL,ASO,ES,Combined TRACON& Tower with Radar,96,64,108,22,290,0,9,55,4,68,96,73,163,26,358,4,0,4,362
05/21/2011,BHM,AL,ASO,ES,Combined TRACON& Tower with Radar,71,60,46,10,187,0,5,23,1,29,71,65,69,11,216,0,0,0,216
05/22/2011,BHM,AL,ASO,ES,Combined TRACON& Tower with Radar,87,44,44,4,179,0,7,47,0,54,87,51,91,4,233,0,0,0,233
05/23/2011,BHM,AL,ASO,ES,Combined TRACON& Tower with Radar,90,64,116,15,285,0,9,33,5,47,90,73,149,20,332,0,0,0,332
05/24/2011,BHM,AL,ASO,ES,Combined TRACON& Tower with Radar,95,77,121,13,306,0,4,26,1,31,95,81,147,14,337,0,8,8,345
05/25/2011,BHM,AL,ASO,ES,Combined TRACON& Tower with Radar,89,72,120,16,297,0,6,27,3,36,89,78,147,19,333,0,0,0,333
05/26/2011,BHM,AL,ASO,ES,Combined TRACON& Tower with Radar,95,76,88,2,261,0,6,14,2,22,95,82,102,4,283,0,8,8,291
05/27/2011,BHM,AL,ASO,ES,Combined TRACON& Tower with Radar,98,85,103,15,301,0,6,29,4,39,98,91,132,19,340,0,0,0,340
05/28/2011,BHM,AL,ASO,ES,Combined TRACON& Tower with Radar,81,62,38,1,182,0,3,54,0,57,81,65,92,1,239,16,0,16,255
05/29/2011,BHM,AL,ASO,ES,Combined TRACON& Tower with Radar,65,39,26,1,131,0,3,30,2,35,65,42,56,3,166,0,0,0,166
05/30/2011,BHM,AL,ASO,ES,Combined TRACON& Tower with Radar,84,45,43,1,173,0,10,32,1,43,84,55,75,2,216,0,0,0,216
05/31/2011,BHM,AL,ASO,ES,Combined TRACON& Tower with Radar,96,65,91,10,262,0,7,36,10,53,96,72,127,20,315,0,0,0,315
06/01/2011,BHM,AL,ASO,ES,Combined TRACON& Tower with Radar,97,72,110,13,292,0,7,51,5,63,97,79,161,18,355,0,0,0,355
06/02/2011,BHM,AL,ASO,ES,Combined TRACON& Tower with Radar,94,70,112,10,286,0,7,47,8,62,94,77,159,18,348,0,0,0,348
06/03/2011,BHM,AL,ASO,ES,Combined TRACON& Tower with Radar,98,68,71,26,263,0,8,52,3,63,98,76,123,29,326,0,0,0,326
06/04/2011,BHM,AL,ASO,ES,Combined TRACON& Tower with Radar,70,60,37,2,169,0,4,60,5,69,70,64,97,7,238,0,6,6,244
06/05/2011,BHM,AL,ASO,ES,Combined TRACON& Tower with Radar,89,44,50,15,198,0,1,59,1,61,89,45,109,16,259,0,0,0,259
06/06/2011,BHM,AL,ASO,ES,Combined TRACON& Tower with Radar,92,70,93,2,257,0,4,59,1,64,92,74,152,3,321,0,0,0,321
06/07/2011,BHM,AL,ASO,ES,Combined TRACON& Tower with Radar,96,67,106,7,276,0,5,49,0,54,96,72,155,7,330,0,0,0,330
06/08/2011,BHM,AL,ASO,ES,Combined TRACON& Tower with Radar,97,74,106,16,293,0,7,49,7,63,97,81,155,23,356,0,0,0,356
06/09/2011,BHM,AL,ASO,ES,Combined TRACON& Tower with Radar,95,71,103,20,289,0,5,45,10,60,95,76,148,30,349,0,0,0,349
06/10/2011,BHM,AL,ASO,ES,Combined TRACON& Tower with Radar,103,72,106,6,287,0,5,37,2,44,103,77,143,8,331,0,0,0,331
06/11/2011,BHM,AL,ASO,ES,Combined TRACON& Tower with Radar,74,63,32,4,173,0,5,43,5,53,74,68,75,9,226,0,0,0,226
06/12/2011,BHM,AL,ASO,ES,Combined TRACON& Tower with Radar,91,54,58,8,211,0,2,41,1,44,91,56,99,9,255,0,0,0,255
06/13/2011,BHM,AL,ASO,ES,Combined TRACON& Tower with Radar,95,68,110,3,276,0,5,36,3,44,95,73,146,6,320,0,0,0,320
06/14/2011,BHM,AL,ASO,ES,Combined TRACON& Tower with Radar,95,73,124,10,302,0,11,29,1,41,95,84,153,11,343,0,0,0,343
06/15/2011,BHM,AL,ASO,ES,Combined TRACON& Tower with Radar,114,85,135,10,344,0,10,33,3,46,114,95,168,13,390,0,0,0,390
06/16/2011,BHM,AL,ASO,ES,Combined TRACON& Tower with Radar,108,79,108,3,298,0,5,33,3,41,108,84,141,6,339,0,0,0,339
06/17/2011,BHM,AL,ASO,ES,Combined TRACON& Tower with Radar,98,73,87,0,258,0,5,25,4,34,98,78,112,4,292,0,0,0,292
06/18/2011,BHM,AL,ASO,ES,Combined TRACON& Tower with Radar,81,54,52,5,192,0,2,35,5,42,81,56,87,10,234,0,0,0,234
06/19/2011,BHM,AL,ASO,ES,Combined TRACON& Tower with Radar,88,57,55,8,208,0,2,50,7,59,88,59,105,15,267,0,0,0,267
06/20/2011,BHM,AL,ASO,ES,Combined TRACON& Tower with Radar,98,62,95,20,275,0,7,51,5,63,98,69,146,25,338,0,0,0,338
06/21/2011,BHM,AL,ASO,ES,Combined TRACON& Tower with Radar,98,72,83,3,256,0,5,34,0,39,98,77,117,3,295,0,0,0,295
06/22/2011,BHM,AL,ASO,ES,Combined TRACON& Tower with Radar,97,81,92,17,287,0,3,16,2,21,97,84,108,19,308,0,0,0,308
06/23/2011,BHM,AL,ASO,ES,Combined TRACON& Tower with Radar,99,81,125,40,345,0,8,34,4,46,99,89,159,44,391,12,0,12,403
06/24/2011,BHM,AL,ASO,ES,Combined TRACON& Tower with Radar,98,79,93,11,281,0,9,27,3,39,98,88,120,14,320,0,0,0,320
06/25/2011,BHM,AL,ASO,ES,Combined TRACON& Tower with Radar,71,56,35,8,170,0,0,44,4,48,71,56,79,12,218,0,0,0,218
06/26/2011,BHM,AL,ASO,ES,Combined TRACON& Tower with Radar,93,56,55,23,227,0,1,42,0,43,93,57,97,23,270,0,0,0,270
06/27/2011,BHM,AL,ASO,ES,Combined TRACON& Tower with Radar,96,65,81,4,246,0,5,30,1,36,96,70,111,5,282,0,0,0,282
06/28/2011,BHM,AL,ASO,ES,Combined TRACON& Tower with Radar,106,73,87,2,268,0,5,20,1,26,106,78,107,3,294,0,0,0,294
06/29/2011,BHM,AL,ASO,ES,Combined TRACON& Tower with Radar,96,83,126,6,311,0,5,39,1,45,96,88,165,7,356,0,0,0,356
06/30/2011,BHM,AL,ASO,ES,Combined TRACON& Tower with Radar,96,75,105,23,299,0,8,65,3,76,96,83,170,26,375,0,0,0,375
07/01/2011,BHM,AL,ASO,ES,Combined TRACON& Tower with Radar,102,79,89,6,276,0,8,44,0,52,102,87,133,6,328,0,0,0,328
07/02/2011,BHM,AL,ASO,ES,Combined TRACON& Tower with Radar,69,52,25,4,150,0,6,36,0,42,69,58,61,4,192,0,0,0,192
07/03/2011,BHM,AL,ASO,ES,Combined TRACON& Tower with Radar,68,28,13,0,109,0,3,11,0,14,68,31,24,0,123,0,0,0,123
07/04/2011,BHM,AL,ASO,ES,Combined TRACON& Tower with Radar,86,53,32,1,172,0,0,14,1,15,86,53,46,2,187,0,0,0,187
07/05/2011,BHM,AL,ASO,ES,Combined TRACON& Tower with Radar,98,63,75,29,265,0,5,7,2,14,98,68,82,31,279,0,0,0,279
07/06/2011,BHM,AL,ASO,ES,Combined TRACON& Tower with Radar,93,85,92,23,293,0,6,22,2,30,93,91,114,25,323,0,0,0,323
07/07/2011,BHM,AL,ASO,ES,Combined TRACON& Tower with Radar,95,79,100,4,278,0,4,38,4,46,95,83,138,8,324,0,0,0,324
07/08/2011,BHM,AL,ASO,ES,Combined TRACON& Tower with Radar,99,69,57,11,236,0,8,43,14,65,99,77,100,25,301,0,0,0,301
07/09/2011,BHM,AL,ASO,ES,Combined TRACON& Tower with Radar,77,59,38,2,176,0,0,35,4,39,77,59,73,6,215,0,0,0,215
07/10/2011,BHM,AL,ASO,ES,Combined TRACON& Tower with Radar,89,60,53,10,212,0,0,30,6,36,89,60,83,16,248,6,0,6,254
07/11/2011,BHM,AL,ASO,ES,Combined TRACON& Tower with Radar,92,70,81,5,248,0,10,47,1,58,92,80,128,6,306,0,0,0,306
07/12/2011,BHM,AL,ASO,ES,Combined TRACON& Tower with Radar,104,82,95,11,292,0,4,35,5,44,104,86,130,16,336,0,0,0,336
07/13/2011,BHM,AL,ASO,ES,Combined TRACON& Tower with Radar,90,82,76,13,261,0,5,10,5,20,90,87,86,18,281,0,0,0,281
07/14/2011,BHM,AL,ASO,ES,Combined TRACON& Tower with Radar,96,74,115,9,294,0,5,14,5,24,96,79,129,14,318,0,0,0,318
07/15/2011,BHM,AL,ASO,ES,Combined TRACON& Tower with Radar,98,70,112,8,288,0,1,10,7,18,98,71,122,15,306,0,0,0,306
07/16/2011,BHM,AL,ASO,ES,Combined TRACON& Tower with Radar,69,58,42,10,179,0,1,7,0,8,69,59,49,10,187,0,0,0,187
07/17/2011,BHM,AL,ASO,ES,Combined TRACON& Tower with Radar,87,52,65,10,214,0,1,25,5,31,87,53,90,15,245,0,0,0,245
07/18/2011,BHM,AL,ASO,ES,Combined TRACON& Tower with Radar,92,72,91,15,270,0,5,35,4,44,92,77,126,19,314,0,0,0,314
07/19/2011,BHM,AL,ASO,ES,Combined TRACON& Tower with Radar,96,71,122,33,322,0,6,56,4,66,96,77,178,37,388,0,0,0,388
07/20/2011,BHM,AL,ASO,ES,Combined TRACON& Tower with Radar,101,89,123,18,331,0,4,47,2,53,101,93,170,20,384,10,18,28,412
07/21/2011,BHM,AL,ASO,ES,Combined TRACON& Tower with Radar,97,89,125,53,364,0,3,35,8,46,97,92,160,61,410,0,0,0,410
07/22/2011,BHM,AL,ASO,ES,Combined TRACON& Tower with Radar,100,84,82,22,288,0,3,47,7,57,100,87,129,29,345,0,0,0,345
07/23/2011,BHM,AL,ASO,ES,Combined TRACON& Tower with Radar,69,68,43,4,184,0,2,22,1,25,69,70,65,5,209,0,0,0,209
07/24/2011,BHM,AL,ASO,ES,Combined TRACON& Tower with Radar,88,56,59,1,204,0,1,15,4,20,88,57,74,5,224,0,0,0,224
07/25/2011,BHM,AL,ASO,ES,Combined TRACON& Tower with Radar,96,67,89,10,262,0,3,10,2,15,96,70,99,12,277,0,0,0,277
07/26/2011,BHM,AL,ASO,ES,Combined TRACON& Tower with Radar,99,88,96,30,313,0,6,27,1,34,99,94,123,31,347,0,0,0,347
07/27/2011,BHM,AL,ASO,ES,Combined TRACON& Tower with Radar,97,86,99,19,301,0,6,29,3,38,97,92,128,22,339,0,0,0,339
07/28/2011,BHM,AL,ASO,ES,Combined TRACON& Tower with Radar,98,73,117,16,304,0,6,33,3,42,98,79,150,19,346,0,8,8,354
07/29/2011,BHM,AL,ASO,ES,Combined TRACON& Tower with Radar,100,68,98,21,287,0,7,26,10,43,100,75,124,31,330,0,0,0,330
07/30/2011,BHM,AL,ASO,ES,Combined TRACON& Tower with Radar,68,61,34,0,163,0,3,35,0,38,68,64,69,0,201,0,0,0,201
07/31/2011,BHM,AL,ASO,ES,Combined TRACON& Tower with Radar,86,52,50,5,193,0,0,26,9,35,86,52,76,14,228,0,0,0,228
08/01/2011,BHM,AL,ASO,ES,Combined TRACON& Tower with Radar,98,70,76,4,248,0,6,27,1,34,98,76,103,5,282,0,0,0,282
08/02/2011,BHM,AL,ASO,ES,Combined TRACON& Tower with Radar,99,79,94,6,278,0,7,50,2,59,99,86,144,8,337,0,0,0,337
08/03/2011,BHM,AL,ASO,ES,Combined TRACON& Tower with Radar,93,78,97,2,270,0,8,35,4,47,93,86,132,6,317,0,0,0,317
08/04/2011,BHM,AL,ASO,ES,Combined TRACON& Tower with Radar,98,85,93,13,289,0,3,6,0,9,98,88,99,13,298,0,0,0,298
08/05/2011,BHM,AL,ASO,ES,Combined TRACON& Tower with Radar,113,87,57,6,263,0,6,24,16,46,113,93,81,22,309,0,0,0,309
08/06/2011,BHM,AL,ASO,ES,Combined TRACON& Tower with Radar,103,92,51,11,257,0,3,37,9,49,103,95,88,20,306,0,0,0,306
08/07/2011,BHM,AL,ASO,ES,Combined TRACON& Tower with Radar,134,82,77,3,296,0,4,42,10,56,134,86,119,13,352,0,0,0,352
08/08/2011,BHM,AL,ASO,ES,Combined TRACON& Tower with Radar,99,74,81,1,255,0,2,24,2,28,99,76,105,3,283,0,0,0,283
08/09/2011,BHM,AL,ASO,ES,Combined TRACON& Tower with Radar,97,81,101,10,289,0,9,45,0,54,97,90,146,10,343,0,0,0,343
08/10/2011,BHM,AL,ASO,ES,Combined TRACON& Tower with Radar,94,84,88,15,281,0,8,27,1,36,94,92,115,16,317,0,0,0,317
08/11/2011,BHM,AL,ASO,ES,Combined TRACON& Tower with Radar,96,85,109,2,292,0,4,31,9,44,96,89,140,11,336,0,0,0,336
08/12/2011,BHM,AL,ASO,ES,Combined TRACON& Tower with Radar,103,80,105,23,311,0,7,57,9,73,103,87,162,32,384,0,0,0,384
08/13/2011,BHM,AL,ASO,ES,Combined TRACON& Tower with Radar,71,54,50,9,184,0,2,49,7,58,71,56,99,16,242,0,0,0,242
08/14/2011,BHM,AL,ASO,ES,Combined TRACON& Tower with Radar,82,57,66,3,208,0,1,50,5,56,82,58,116,8,264,0,0,0,264
08/15/2011,BHM,AL,ASO,ES,Combined TRACON& Tower with Radar,91,78,67,9,245,0,4,31,2,37,91,82,98,11,282,0,0,0,282
08/16/2011,BHM,AL,ASO,ES,Combined TRACON& Tower with Radar,95,93,84,12,284,0,7,29,7,43,95,100,113,19,327,0,0,0,327
08/17/2011,BHM,AL,ASO,ES,Combined TRACON& Tower with Radar,97,78,80,20,275,0,5,38,2,45,97,83,118,22,320,0,0,0,320
08/18/2011,BHM,AL,ASO,ES,Combined TRACON& Tower with Radar,80,83,89,18,270,0,6,35,5,46,80,89,124,23,316,0,0,0,316
08/19/2011,BHM,AL,ASO,ES,Combined TRACON& Tower with Radar,98,77,65,12,252,0,6,41,10,57,98,83,106,22,309,0,0,0,309
08/20/2011,BHM,AL,ASO,ES,Combined TRACON& Tower with Radar,64,52,41,0,157,0,4,30,0,34,64,56,71,0,191,0,0,0,191
08/21/2011,BHM,AL,ASO,ES,Combined TRACON& Tower with Radar,79,43,55,11,188,0,2,37,5,44,79,45,92,16,232,0,0,0,232
08/22/2011,BHM,AL,ASO,ES,Combined TRACON& Tower with Radar,94,76,79,1,250,0,4,30,2,36,94,80,109,3,286,0,0,0,286
08/23/2011,BHM,AL,ASO,ES,Combined TRACON& Tower with Radar,95,77,92,3,267,0,7,37,2,46,95,84,129,5,313,6,0,6,319
08/24/2011,BHM,AL,ASO,ES,Combined TRACON& Tower with Radar,95,84,98,4,281,0,7,26,11,44,95,91,124,15,325,0,0,0,325
08/25/2011,BHM,AL,ASO,ES,Combined TRACON& Tower with Radar,97,92,116,5,310,0,5,44,1,50,97,97,160,6,360,0,0,0,360
08/26/2011,BHM,AL,ASO,ES,Combined TRACON& Tower with Radar,98,75,69,11,253,0,6,39,14,59,98,81,108,25,312,0,0,0,312
08/27/2011,BHM,AL,ASO,ES,Combined TRACON& Tower with Radar,61,49,31,3,144,0,2,41,5,48,61,51,72,8,192,0,0,0,192
08/28/2011,BHM,AL,ASO,ES,Combined TRACON& Tower with Radar,77,43,42,9,171,0,1,40,9,50,77,44,82,18,221,0,0,0,221
08/29/2011,BHM,AL,ASO,ES,Combined TRACON& Tower with Radar,91,61,67,0,219,0,9,29,1,39,91,70,96,1,258,0,0,0,258
08/30/2011,BHM,AL,ASO,ES,Combined TRACON& Tower with Radar,96,73,79,8,256,0,11,22,3,36,96,84,101,11,292,0,0,0,292
08/31/2011,BHM,AL,ASO,ES,Combined TRACON& Tower with Radar,96,89,90,8,283,0,7,31,2,40,96,96,121,10,323,0,0,0,323
09/01/2011,BHM,AL,ASO,ES,Combined TRACON& Tower with Radar,100,88,87,20,295,0,5,45,7,57,100,93,132,27,352,0,0,0,352
09/02/2011,BHM,AL,ASO,ES,Combined TRACON& Tower with Radar,100,86,93,4,283,0,3,42,2,47,100,89,135,6,330,0,0,0,330
09/03/2011,BHM,AL,ASO,ES,Combined TRACON& Tower with Radar,53,47,21,3,124,0,3,20,0,23,53,50,41,3,147,0,0,0,147
09/04/2011,BHM,AL,ASO,ES,Combined TRACON& Tower with Radar,57,41,7,0,105,0,0,1,0,1,57,41,8,0,106,0,0,0,106
09/05/2011,BHM,AL,ASO,ES,Combined TRACON& Tower with Radar,88,40,21,0,149,0,0,0,0,0,88,40,21,0,149,0,0,0,149
09/06/2011,BHM,AL,ASO,ES,Combined TRACON& Tower with Radar,95,64,80,4,243,0,0,0,0,0,95,64,80,4,243,0,0,0,243
09/07/2011,BHM,AL,ASO,ES,Combined TRACON& Tower with Radar,90,73,99,11,273,0,2,29,1,32,90,75,128,12,305,14,0,14,319
09/08/2011,BHM,AL,ASO,ES,Combined TRACON& Tower with Radar,97,85,123,7,312,0,6,36,5,47,97,91,159,12,359,0,0,0,359
09/09/2011,BHM,AL,ASO,ES,Combined TRACON& Tower with Radar,101,78,90,11,280,0,8,59,9,76,101,86,149,20,356,0,0,0,356
09/10/2011,BHM,AL,ASO,ES,Combined TRACON& Tower with Radar,60,57,68,7,192,0,3,32,3,38,60,60,100,10,230,0,0,0,230
09/11/2011,BHM,AL,ASO,ES,Combined TRACON& Tower with Radar,90,50,64,6,210,0,1,35,4,40,90,51,99,10,250,0,0,0,250
09/12/2011,BHM,AL,ASO,ES,Combined TRACON& Tower with Radar,88,72,105,31,296,0,6,37,2,45,88,78,142,33,341,0,0,0,341
09/13/2011,BHM,AL,ASO,ES,Combined TRACON& Tower with Radar,95,72,95,24,286,0,6,29,2,37,95,78,124,26,323,0,0,0,323
09/14/2011,BHM,AL,ASO,ES,Combined TRACON& Tower with Radar,92,72,97,7,268,0,8,42,4,54,92,80,139,11,322,0,0,0,322
09/15/2011,BHM,AL,ASO,ES,Combined TRACON& Tower with Radar,99,81,110,21,311,0,3,6,1,10,99,84,116,22,321,0,0,0,321
09/16/2011,BHM,AL,ASO,ES,Combined TRACON& Tower with Radar,100,72,100,4,276,0,10,39,12,61,100,82,139,16,337,0,0,0,337
09/17/2011,BHM,AL,ASO,ES,Combined TRACON& Tower with Radar,59,54,55,0,168,0,2,44,5,51,59,56,99,5,219,0,0,0,219
09/18/2011,BHM,AL,ASO,ES,Combined TRACON& Tower with Radar,75,55,70,0,200,0,0,38,0,38,75,55,108,0,238,0,0,0,238
09/19/2011,BHM,AL,ASO,ES,Combined TRACON& Tower with Radar,91,58,89,14,252,0,2,24,0,26,91,60,113,14,278,0,0,0,278
09/20/2011,BHM,AL,ASO,ES,Combined TRACON& Tower with Radar,91,74,105,12,282,0,2,6,0,8,91,76,111,12,290,0,0,0,290
09/21/2011,BHM,AL,ASO,ES,Combined TRACON& Tower with Radar,94,67,122,14,297,0,4,11,2,17,94,71,133,16,314,0,0,0,314
09/22/2011,BHM,AL,ASO,ES,Combined TRACON& Tower with Radar,96,82,100,9,287,0,3,35,2,40,96,85,135,11,327,10,0,10,337
09/23/2011,BHM,AL,ASO,ES,Combined TRACON& Tower with Radar,99,79,118,9,305,0,4,15,2,21,99,83,133,11,326,0,0,0,326
09/24/2011,BHM,AL,ASO,ES,Combined TRACON& Tower with Radar,60,52,34,0,146,0,6,38,0,44,60,58,72,0,190,0,0,0,190
09/25/2011,BHM,AL,ASO,ES,Combined TRACON& Tower with Radar,77,45,66,6,194,0,4,24,1,29,77,49,90,7,223,0,0,0,223
09/26/2011,BHM,AL,ASO,ES,Combined TRACON& Tower with Radar,90,67,118,14,289,0,2,20,0,22,90,69,138,14,311,0,0,0,311
09/27/2011,BHM,AL,ASO,ES,Combined TRACON& Tower with Radar,96,75,104,3,278,0,4,17,2,23,96,79,121,5,301,0,0,0,301
09/28/2011,BHM,AL,ASO,ES,Combined TRACON& Tower with Radar,91,75,94,10,270,0,5,18,3,26,91,80,112,13,296,4,0,4,300
09/29/2011,BHM,AL,ASO,ES,Combined TRACON& Tower with Radar,95,90,115,8,308,0,8,42,4,54,95,98,157,12,362,0,0,0,362
09/30/2011,BHM,AL,ASO,ES,Combined TRACON& Tower with Radar,94,71,88,0,253,0,6,33,4,43,94,77,121,4,296,0,0,0,296
10/01/2011,BHM,AL,ASO,ES,Combined TRACON& Tower with Radar,64,37,56,1,158,0,4,45,2,51,64,41,101,3,209,0,0,0,209
10/02/2011,BHM,AL,ASO,ES,Combined TRACON& Tower with Radar,90,45,82,0,217,0,3,46,5,54,90,48,128,5,271,0,0,0,271
10/03/2011,BHM,AL,ASO,ES,Combined TRACON& Tower with Radar,91,69,82,14,256,0,7,36,2,45,91,76,118,16,301,0,0,0,301
10/04/2011,BHM,AL,ASO,ES,Combined TRACON& Tower with Radar,91,65,77,14,247,0,5,63,10,78,91,70,140,24,325,12,0,12,337
10/05/2011,BHM,AL,ASO,ES,Combined TRACON& Tower with Radar,97,76,110,18,301,0,9,68,10,87,97,85,178,28,388,0,0,0,388
10/06/2011,BHM,AL,ASO,ES,Combined TRACON& Tower with Radar,97,81,98,14,290,0,4,44,17,65,97,85,142,31,355,0,7,7,362
10/07/2011,BHM,AL,ASO,ES,Combined TRACON& Tower with Radar,96,65,87,8,256,0,10,29,1,40,96,75,116,9,296,0,0,0,296
10/08/2011,BHM,AL,ASO,ES,Combined TRACON& Tower with Radar,63,56,55,1,175,0,4,70,2,76,63,60,125,3,251,0,0,0,251
10/09/2011,BHM,AL,ASO,ES,Combined TRACON& Tower with Radar,89,46,69,1,205,0,3,32,1,36,89,49,101,2,241,8,0,8,249
10/10/2011,BHM,AL,ASO,ES,Combined TRACON& Tower with Radar,93,76,73,0,242,0,2,5,0,7,93,78,78,0,249,0,0,0,249
10/11/2011,BHM,AL,ASO,ES,Combined TRACON& Tower with Radar,99,76,119,11,305,0,0,0,3,3,99,76,119,14,308,0,0,0,308
10/12/2011,BHM,AL,ASO,ES,Combined TRACON& Tower with Radar,98,78,122,12,310,0,1,4,4,9,98,79,126,16,319,0,0,0,319
10/13/2011,BHM,AL,ASO,ES,Combined TRACON& Tower with Radar,98,65,99,12,274,0,5,21,2,28,98,70,120,14,302,0,0,0,302
10/14/2011,BHM,AL,ASO,ES,Combined TRACON& Tower with Radar,97,89,113,18,317,0,8,36,6,50,97,97,149,24,367,0,0,0,367
10/15/2011,BHM,AL,ASO,ES,Combined TRACON& Tower with Radar,70,51,56,2,179,0,2,48,3,53,70,53,104,5,232,0,0,0,232
10/16/2011,BHM,AL,ASO,ES,Combined TRACON& Tower with Radar,86,48,93,4,231,0,2,36,2,40,86,50,129,6,271,0,0,0,271
10/17/2011,BHM,AL,ASO,ES,Combined TRACON& Tower with Radar,92,67,93,3,255,0,9,33,0,42,92,76,126,3,297,0,9,9,306
10/18/2011,BHM,AL,ASO,ES,Combined TRACON& Tower with Radar,89,71,100,13,273,0,5,10,4,19,89,76,110,17,292,0,0,0,292
10/19/2011,BHM,AL,ASO,ES,Combined TRACON& Tower with Radar,96,71,104,10,281,0,2,9,4,15,96,73,113,14,296,0,0,0,296
10/20/2011,BHM,AL,ASO,ES,Combined TRACON& Tower with Radar,98,79,122,12,311,0,8,50,4,62,98,87,172,16,373,0,0,0,373
10/21/2011,BHM,AL,ASO,ES,Combined TRACON& Tower with Radar,90,88,100,16,294,0,7,63,2,72,90,95,163,18,366,0,0,0,366
10/22/2011,BHM,AL,ASO,ES,Combined TRACON& Tower with Radar,66,59,58,5,188,0,1,40,3,44,66,60,98,8,232,0,0,0,232
10/23/2011,BHM,AL,ASO,ES,Combined TRACON& Tower with Radar,84,55,86,6,231,0,4,55,2,61,84,59,141,8,292,0,0,0,292
10/24/2011,BHM,AL,ASO,ES,Combined TRACON& Tower with Radar,93,75,85,13,266,0,8,68,0,76,93,83,153,13,342,0,0,0,342
10/25/2011,BHM,AL,ASO,ES,Combined TRACON& Tower with Radar,91,72,148,11,322,0,9,43,1,53,91,81,191,12,375,6,0,6,381
10/26/2011,BHM,AL,ASO,ES,Combined TRACON& Tower with Radar,97,76,128,27,328,0,5,42,4,51,97,81,170,31,379,0,0,0,379
10/27/2011,BHM,AL,ASO,ES,Combined TRACON& Tower with Radar,98,73,96,22,289,0,3,21,6,30,98,76,117,28,319,0,0,0,319
10/28/2011,BHM,AL,ASO,ES,Combined TRACON& Tower with Radar,94,89,101,12,296,0,1,0,0,1,94,90,101,12,297,0,0,0,297
10/29/2011,BHM,AL,ASO,ES,Combined TRACON& Tower with Radar,72,53,48,2,175,0,3,38,2,43,72,56,86,4,218,0,0,0,218
10/30/2011,BHM,AL,ASO,ES,Combined TRACON& Tower with Radar,85,54,91,2,232,0,1,44,0,45,85,55,135,2,277,0,0,0,277
10/31/2011,BHM,AL,ASO,ES,Combined TRACON& Tower with Radar,85,62,87,2,236,0,4,39,0,43,85,66,126,2,279,10,0,10,289
11/01/2011,BHM,AL,ASO,ES,Combined TRACON& Tower with Radar,93,61,89,14,257,0,3,36,0,39,93,64,125,14,296,0,0,0,296
11/02/2011,BHM,AL,ASO,ES,Combined TRACON& Tower with Radar,96,71,93,12,272,0,7,40,2,49,96,78,133,14,321,28,10,38,359
11/03/2011,BHM,AL,ASO,ES,Combined TRACON& Tower with Radar,98,77,112,30,317,0,4,6,0,10,98,81,118,30,327,0,0,0,327
11/04/2011,BHM,AL,ASO,ES,Combined TRACON& Tower with Radar,103,85,127,16,331,0,5,41,5,51,103,90,168,21,382,0,0,0,382
11/05/2011,BHM,AL,ASO,ES,Combined TRACON& Tower with Radar,70,71,48,2,191,0,3,57,4,64,70,74,105,6,255,0,0,0,255
11/06/2011,BHM,AL,ASO,ES,Combined TRACON& Tower with Radar,87,71,128,7,293,0,1,52,5,58,87,72,180,12,351,0,0,0,351
11/07/2011,BHM,AL,ASO,ES,Combined TRACON& Tower with Radar,89,69,86,19,263,0,6,38,2,46,89,75,124,21,309,0,0,0,309
11/08/2011,BHM,AL,ASO,ES,Combined TRACON& Tower with Radar,88,70,95,9,262,0,5,35,2,42,88,75,130,11,304,15,0,15,319
11/09/2011,BHM,AL,ASO,ES,Combined TRACON& Tower with Radar,90,68,112,13,283,0,2,5,4,11,90,70,117,17,294,0,0,0,294
11/10/2011,BHM,AL,ASO,ES,Combined TRACON& Tower with Radar,94,75,127,23,319,0,6,40,12,58,94,81,167,35,377,0,0,0,377
11/11/2011,BHM,AL,ASO,ES,Combined TRACON& Tower with Radar,93,69,112,2,276,0,2,38,2,42,93,71,150,4,318,0,0,0,318
11/12/2011,BHM,AL,ASO,ES,Combined TRACON& Tower with Radar,74,43,56,4,177,0,5,52,0,57,74,48,108,4,234,22,0,22,256
11/13/2011,BHM,AL,ASO,ES,Combined TRACON& Tower with Radar,82,47,63,4,196,0,6,24,8,38,82,53,87,12,234,0,0,0,234
11/14/2011,BHM,AL,ASO,ES,Combined TRACON& Tower with Radar,90,68,98,13,269,0,1,4,0,5,90,69,102,13,274,0,0,0,274
11/15/2011,BHM,AL,ASO,ES,Combined TRACON& Tower with Radar,91,67,97,16,271,0,0,0,0,0,91,67,97,16,271,0,0,0,271
11/16/2011,BHM,AL,ASO,ES,Combined TRACON& Tower with Radar,93,73,100,29,295,0,2,7,1,10,93,75,107,30,305,0,4,4,309
11/17/2011,BHM,AL,ASO,ES,Combined TRACON& Tower with Radar,95,60,132,15,302,0,4,34,8,46,95,64,166,23,348,12,2,14,362
11/18/2011,BHM,AL,ASO,ES,Combined TRACON& Tower with Radar,91,81,110,11,293,0,6,45,17,68,91,87,155,28,361,0,0,0,361
11/19/2011,BHM,AL,ASO,ES,Combined TRACON& Tower with Radar,72,56,56,16,200,0,4,34,7,45,72,60,90,23,245,0,16,16,261
11/20/2011,BHM,AL,ASO,ES,Combined TRACON& Tower with Radar,79,42,64,7,192,0,0,6,0,6,79,42,70,7,198,14,0,14,212
11/21/2011,BHM,AL,ASO,ES,Combined TRACON& Tower with Radar,83,61,110,22,276,0,2,10,0,12,83,63,120,22,288,0,0,0,288
11/22/2011,BHM,AL,ASO,ES,Combined TRACON& Tower with Radar,98,63,70,6,237,0,4,0,3,7,98,67,70,9,244,0,0,0,244
11/23/2011,BHM,AL,ASO,ES,Combined TRACON& Tower with Radar,97,74,117,3,291,0,5,21,4,30,97,79,138,7,321,0,0,0,321
11/24/2011,BHM,AL,ASO,ES,Combined TRACON& Tower with Radar,51,44,12,0,107,0,2,14,0,16,51,46,26,0,123,0,0,0,123
11/25/2011,BHM,AL,ASO,ES,Combined TRACON& Tower with Radar,65,44,37,0,146,0,6,41,0,47,65,50,78,0,193,0,0,0,193
11/26/2011,BHM,AL,ASO,ES,Combined TRACON& Tower with Radar,75,65,51,4,195,0,3,23,0,26,75,68,74,4,221,0,0,0,221
11/27/2011,BHM,AL,ASO,ES,Combined TRACON& Tower with Radar,96,56,71,0,223,0,0,0,0,0,96,56,71,0,223,0,0,0,223
11/28/2011,BHM,AL,ASO,ES,Combined TRACON& Tower with Radar,90,63,93,2,248,0,1,0,0,1,90,64,93,2,249,0,0,0,249
11/29/2011,BHM,AL,ASO,ES,Combined TRACON& Tower with Radar,90,63,91,4,248,0,0,0,0,0,90,63,91,4,248,0,0,0,248
11/30/2011,BHM,AL,ASO,ES,Combined TRACON& Tower with Radar,91,72,102,13,278,0,5,30,7,42,91,77,132,20,320,0,0,0,320
12/01/2011,BHM,AL,ASO,ES,Combined TRACON& Tower with Radar,91,70,109,9,279,0,5,46,11,62,91,75,155,20,341,0,0,0,341
12/02/2011,BHM,AL,ASO,ES,Combined TRACON& Tower with Radar,93,63,95,4,255,0,8,37,0,45,93,71,132,4,300,0,0,0,300
12/03/2011,BHM,AL,ASO,ES,Combined TRACON& Tower with Radar,66,53,49,1,169,0,1,33,0,34,66,54,82,1,203,0,0,0,203
12/04/2011,BHM,AL,ASO,ES,Combined TRACON& Tower with Radar,81,39,57,3,180,0,5,23,2,30,81,44,80,5,210,12,0,12,222
12/05/2011,BHM,AL,ASO,ES,Combined TRACON& Tower with Radar,82,67,72,10,231,0,4,0,0,4,82,71,72,10,235,0,0,0,235
12/06/2011,BHM,AL,ASO,ES,Combined TRACON& Tower with Radar,88,65,88,14,255,0,0,0,0,0,88,65,88,14,255,0,0,0,255
12/07/2011,BHM,AL,ASO,ES,Combined TRACON& Tower with Radar,90,69,92,7,258,0,2,2,0,4,90,71,94,7,262,0,0,0,262
12/08/2011,BHM,AL,ASO,ES,Combined TRACON& Tower with Radar,89,75,103,31,298,0,4,27,5,36,89,79,130,36,334,0,0,0,334
12/09/2011,BHM,AL,ASO,ES,Combined TRACON& Tower with Radar,92,72,100,8,272,0,9,45,3,57,92,81,145,11,329,8,0,8,337
12/10/2011,BHM,AL,ASO,ES,Combined TRACON& Tower with Radar,68,55,43,7,173,0,0,34,0,34,68,55,77,7,207,10,0,10,217
12/11/2011,BHM,AL,ASO,ES,Combined TRACON& Tower with Radar,80,45,62,10,197,0,2,35,0,37,80,47,97,10,234,0,0,0,234
12/12/2011,BHM,AL,ASO,ES,Combined TRACON& Tower with Radar,85,60,125,10,280,0,0,3,0,3,85,60,128,10,283,0,0,0,283
12/13/2011,BHM,AL,ASO,ES,Combined TRACON& Tower with Radar,90,67,123,40,320,0,3,22,1,26,90,70,145,41,346,0,15,15,361
12/14/2011,BHM,AL,ASO,ES,Combined TRACON& Tower with Radar,84,67,105,29,285,0,3,38,5,46,84,70,143,34,331,0,18,18,349
12/15/2011,BHM,AL,ASO,ES,Combined TRACON& Tower with Radar,95,69,104,38,306,0,7,9,2,18,95,76,113,40,324,0,0,0,324
12/16/2011,BHM,AL,ASO,ES,Combined TRACON& Tower with Radar,97,67,98,6,268,0,0,0,0,0,97,67,98,6,268,0,0,0,268
12/17/2011,BHM,AL,ASO,ES,Combined TRACON& Tower with Radar,65,58,36,2,161,0,3,36,4,43,65,61,72,6,204,14,2,16,220
12/18/2011,BHM,AL,ASO,ES,Combined TRACON& Tower with Radar,73,54,38,2,167,0,3,60,3,66,73,57,98,5,233,0,0,0,233
12/19/2011,BHM,AL,ASO,ES,Combined TRACON& Tower with Radar,84,78,99,2,263,0,6,51,1,58,84,84,150,3,321,39,0,39,360
12/20/2011,BHM,AL,ASO,ES,Combined TRACON& Tower with Radar,86,76,79,23,264,0,0,0,1,1,86,76,79,24,265,0,0,0,265
12/21/2011,BHM,AL,ASO,ES,Combined TRACON& Tower with Radar,92,68,66,7,233,0,3,4,0,7,92,71,70,7,240,0,0,0,240
12/22/2011,BHM,AL,ASO,ES,Combined TRACON& Tower with Radar,90,58,48,15,211,0,0,0,0,0,90,58,48,15,211,0,0,0,211
12/23/2011,BHM,AL,ASO,ES,Combined TRACON& Tower with Radar,90,78,45,2,215,0,2,5,0,7,90,80,50,2,222,19,0,19,241
12/24/2011,BHM,AL,ASO,ES,Combined TRACON& Tower with Radar,55,46,18,0,119,0,1,14,0,15,55,47,32,0,134,0,0,0,134
12/25/2011,BHM,AL,ASO,ES,Combined TRACON& Tower with Radar,55,33,16,0,104,0,0,0,0,0,55,33,16,0,104,0,0,0,104
12/26/2011,BHM,AL,ASO,ES,Combined TRACON& Tower with Radar,82,54,44,3,183,0,0,15,0,15,82,54,59,3,198,0,0,0,198
12/27/2011,BHM,AL,ASO,ES,Combined TRACON& Tower with Radar,87,54,53,0,194,0,6,7,0,13,87,60,60,0,207,0,0,0,207
12/28/2011,BHM,AL,ASO,ES,Combined TRACON& Tower with Radar,90,67,46,6,209,0,4,62,0,66,90,71,108,6,275,0,0,0,275
12/29/2011,BHM,AL,ASO,ES,Combined TRACON& Tower with Radar,86,69,55,10,220,0,4,39,0,43,86,73,94,10,263,0,0,0,263
12/30/2011,BHM,AL,ASO,ES,Combined TRACON& Tower with Radar,89,59,53,17,218,0,5,25,1,31,89,64,78,18,249,0,0,0,249
12/31/2011,BHM,AL,ASO,ES,Combined TRACON& Tower with Radar,62,42,22,0,126,0,1,45,0,46,62,43,67,0,172,0,0,0,172
01/01/2012,BHM,AL,ASO,ES,Combined TRACON& Tower with Radar,63,45,28,0,136,0,1,5,0,6,63,46,33,0,142,0,0,0,142
01/02/2012,BHM,AL,ASO,ES,Combined TRACON& Tower with Radar,84,54,72,0,210,0,1,19,0,20,84,55,91,0,230,0,0,0,230
01/03/2012,BHM,AL,ASO,ES,Combined TRACON& Tower with Radar,86,63,62,2,213,0,3,23,0,26,86,66,85,2,239,0,0,0,239
01/04/2012,BHM,AL,ASO,ES,Combined TRACON& Tower with Radar,82,69,65,6,222,0,4,23,2,29,82,73,88,8,251,0,0,0,251
01/05/2012,BHM,AL,ASO,ES,Combined TRACON& Tower with Radar,86,65,87,17,255,0,5,29,4,38,86,70,116,21,293,0,0,0,293
01/06/2012,BHM,AL,ASO,ES,Combined TRACON& Tower with Radar,87,63,94,7,251,0,3,25,4,32,87,66,119,11,283,0,0,0,283
01/07/2012,BHM,AL,ASO,ES,Combined TRACON& Tower with Radar,72,83,83,1,239,0,1,9,4,14,72,84,92,5,253,0,0,0,253
01/08/2012,BHM,AL,ASO,ES,Combined TRACON& Tower with Radar,78,65,58,1,202,0,0,3,0,3,78,65,61,1,205,0,0,0,205
01/09/2012,BHM,AL,ASO,ES,Combined TRACON& Tower with Radar,82,68,76,0,226,0,2,1,0,3,82,70,77,0,229,0,0,0,229
01/10/2012,BHM,AL,ASO,ES,Combined TRACON& Tower with Radar,90,102,127,2,321,0,0,0,0,0,90,102,127,2,321,0,0,0,321
01/11/2012,BHM,AL,ASO,ES,Combined TRACON& Tower with Radar,83,68,81,12,244,0,1,0,0,1,83,69,81,12,245,0,0,0,245
01/12/2012,BHM,AL,ASO,ES,Combined TRACON& Tower with Radar,87,67,79,25,258,0,3,6,1,10,87,70,85,26,268,0,0,0,268
01/13/2012,BHM,AL,ASO,ES,Combined TRACON& Tower with Radar,88,74,99,10,271,0,9,35,1,45,88,83,134,11,316,0,0,0,316
01/14/2012,BHM,AL,ASO,ES,Combined TRACON& Tower with Radar,63,59,20,8,150,0,5,35,1,41,63,64,55,9,191,0,0,0,191
01/15/2012,BHM,AL,ASO,ES,Combined TRACON& Tower with Radar,75,44,59,4,182,0,3,44,1,48,75,47,103,5,230,0,0,0,230
01/16/2012,BHM,AL,ASO,ES,Combined TRACON& Tower with Radar,76,63,57,0,196,0,0,23,0,23,76,63,80,0,219,0,0,0,219
01/17/2012,BHM,AL,ASO,ES,Combined TRACON& Tower with Radar,85,63,72,6,226,0,1,0,0,1,85,64,72,6,227,0,0,0,227
01/18/2012,BHM,AL,ASO,ES,Combined TRACON& Tower with Radar,83,78,94,18,273,0,6,46,8,60,83,84,140,26,333,0,0,0,333
01/19/2012,BHM,AL,ASO,ES,Combined TRACON& Tower with Radar,86,68,119,6,279,0,6,25,2,33,86,74,144,8,312,0,0,0,312
01/20/2012,BHM,AL,ASO,ES,Combined TRACON& Tower with Radar,86,80,80,8,254,0,1,1,0,2,86,81,81,8,256,0,0,0,256
01/21/2012,BHM,AL,ASO,ES,Combined TRACON& Tower with Radar,69,47,36,18,170,0,0,3,4,7,69,47,39,22,177,0,0,0,177
01/22/2012,BHM,AL,ASO,ES,Combined TRACON& Tower with Radar,79,43,55,8,185,0,0,0,0,0,79,43,55,8,185,0,0,0,185
01/23/2012,BHM,AL,ASO,ES,Combined TRACON& Tower with Radar,78,65,81,1,225,0,7,22,0,29,78,72,103,1,254,9,0,9,263
01/24/2012,BHM,AL,ASO,ES,Combined TRACON& Tower with Radar,85,69,107,17,278,0,6,32,5,43,85,75,139,22,321,0,0,0,321
01/25/2012,BHM,AL,ASO,ES,Combined TRACON& Tower with Radar,81,72,110,6,269,0,4,24,2,30,81,76,134,8,299,2,4,6,305
01/26/2012,BHM,AL,ASO,ES,Combined TRACON& Tower with Radar,87,77,79,13,256,0,0,0,1,1,87,77,79,14,257,0,0,0,257
01/27/2012,BHM,AL,ASO,ES,Combined TRACON& Tower with Radar,87,93,90,17,287,0,6,29,5,40,87,99,119,22,327,0,0,0,327
01/28/2012,BHM,AL,ASO,ES,Combined TRACON& Tower with Radar,60,60,41,0,161,0,1,41,1,43,60,61,82,1,204,0,0,0,204
01/29/2012,BHM,AL,ASO,ES,Combined TRACON& Tower with Radar,77,41,34,0,152,0,1,36,0,37,77,42,70,0,189,0,0,0,189
01/30/2012,BHM,AL,ASO,ES,Combined TRACON& Tower with Radar,82,62,71,6,221,0,5,33,4,42,82,67,104,10,263,0,0,0,263
01/31/2012,BHM,AL,ASO,ES,Combined TRACON& Tower with Radar,84,61,94,10,249,0,4,33,3,40,84,65,127,13,289,0,0,0,289
02/01/2012,BHM,AL,ASO,ES,Combined TRACON& Tower with Radar,82,79,103,24,288,0,0,4,0,4,82,79,107,24,292,0,0,0,292
02/02/2012,BHM,AL,ASO,ES,Combined TRACON& Tower with Radar,86,60,97,26,269,0,6,29,7,42,86,66,126,33,311,0,0,0,311
02/03/2012,BHM,AL,ASO,ES,Combined TRACON& Tower with Radar,89,76,79,10,254,0,6,29,0,35,89,82,108,10,289,12,0,12,301
02/04/2012,BHM,AL,ASO,ES,Combined TRACON& Tower with Radar,62,54,29,2,147,0,3,8,4,15,62,57,37,6,162,0,0,0,162
02/05/2012,BHM,AL,ASO,ES,Combined TRACON& Tower with Radar,75,40,28,13,156,0,0,17,0,17,75,40,45,13,173,0,0,0,173
02/06/2012,BHM,AL,ASO,ES,Combined TRACON& Tower with Radar,80,63,77,22,242,0,2,28,0,30,80,65,105,22,272,8,0,8,280
02/07/2012,BHM,AL,ASO,ES,Combined TRACON& Tower with Radar,84,83,101,28,296,0,4,41,0,45,84,87,142,28,341,12,2,14,355
02/08/2012,BHM,AL,ASO,ES,Combined TRACON& Tower with Radar,83,77,109,16,285,0,4,40,2,46,83,81,149,18,331,0,0,0,331
02/09/2012,BHM,AL,ASO,ES,Combined TRACON& Tower with Radar,86,85,105,25,301,0,5,38,2,45,86,90,143,27,346,0,0,0,346
02/10/2012,BHM,AL,ASO,ES,Combined TRACON& Tower with Radar,87,72,92,18,269,0,2,19,0,21,87,74,111,18,290,0,0,0,290
02/11/2012,BHM,AL,ASO,ES,Combined TRACON& Tower with Radar,60,54,31,13,158,0,2,6,0,8,60,56,37,13,166,0,0,0,166
02/12/2012,BHM,AL,ASO,ES,Combined TRACON& Tower with Radar,74,50,45,5,174,0,2,58,0,60,74,52,103,5,234,0,0,0,234
02/13/2012,BHM,AL,ASO,ES,Combined TRACON& Tower with Radar,81,67,70,4,222,0,1,29,3,33,81,68,99,7,255,0,0,0,255
02/14/2012,BHM,AL,ASO,ES,Combined TRACON& Tower with Radar,94,66,73,32,265,0,1,3,0,4,94,67,76,32,269,0,0,0,269
02/15/2012,BHM,AL,ASO,ES,Combined TRACON& Tower with Radar,84,81,109,14,288,0,2,25,7,34,84,83,134,21,322,0,0,0,322
02/16/2012,BHM,AL,ASO,ES,Combined TRACON& Tower with Radar,88,92,137,27,344,0,2,9,0,11,88,94,146,27,355,0,0,0,355
02/17/2012,BHM,AL,ASO,ES,Combined TRACON& Tower with Radar,85,89,124,15,313,0,4,59,7,70,85,93,183,22,383,0,0,0,383
02/18/2012,BHM,AL,ASO,ES,Combined TRACON& Tower with Radar,58,51,25,2,136,0,0,17,0,17,58,51,42,2,153,0,0,0,153
02/19/2012,BHM,AL,ASO,ES,Combined TRACON& Tower with Radar,68,44,65,1,178,0,0,3,0,3,68,44,68,1,181,0,0,0,181
02/20/2012,BHM,AL,ASO,ES,Combined TRACON& Tower with Radar,78,63,82,0,223,0,5,58,0,63,78,68,140,0,286,6,0,6,292
02/21/2012,BHM,AL,ASO,ES,Combined TRACON& Tower with Radar,82,70,84,7,243,0,1,29,0,30,82,71,113,7,273,0,0,0,273
02/22/2012,BHM,AL,ASO,ES,Combined TRACON& Tower with Radar,86,75,124,18,303,0,1,12,1,14,86,76,136,19,317,0,0,0,317
02/23/2012,BHM,AL,ASO,ES,Combined TRACON& Tower with Radar,84,81,98,7,270,0,2,11,6,19,84,83,109,13,289,0,0,0,289
02/24/2012,BHM,AL,ASO,ES,Combined TRACON& Tower with Radar,89,74,94,18,275,0,5,15,0,20,89,79,109,18,295,0,0,0,295
02/25/2012,BHM,AL,ASO,ES,Combined TRACON& Tower with Radar,60,53,46,0,159,0,1,44,0,45,60,54,90,0,204,0,0,0,204
02/26/2012,BHM,AL,ASO,ES,Combined TRACON& Tower with Radar,70,56,60,22,208,0,2,53,0,55,70,58,113,22,263,0,0,0,263
02/27/2012,BHM,AL,ASO,ES,Combined TRACON& Tower with Radar,78,64,87,7,236,0,1,27,0,28,78,65,114,7,264,19,0,19,283
02/28/2012,BHM,AL,ASO,ES,Combined TRACON& Tower with Radar,84,73,124,11,292,0,1,7,2,10,84,74,131,13,302,11,0,11,313
02/29/2012,BHM,AL,ASO,ES,Combined TRACON& Tower with Radar,86,77,83,18,264,0,1,5,0,6,86,78,88,18,270,24,0,24,294
03/01/2012,BHM,AL,ASO,ES,Combined TRACON& Tower with Radar,87,75,136,8,306,0,5,36,4,45,87,80,172,12,351,0,0,0,351
03/02/2012,BHM,AL,ASO,ES,Combined TRACON& Tower with Radar,93,82,65,11,251,0,3,2,0,5,93,85,67,11,256,0,0,0,256
03/03/2012,BHM,AL,ASO,ES,Combined TRACON& Tower with Radar,61,47,36,4,148,0,7,34,0,41,61,54,70,4,189,0,0,0,189
03/04/2012,BHM,AL,ASO,ES,Combined TRACON& Tower with Radar,75,52,59,6,192,0,0,32,1,33,75,52,91,7,225,0,0,0,225
03/05/2012,BHM,AL,ASO,ES,Combined TRACON& Tower with Radar,86,55,90,14,245,0,4,18,0,22,86,59,108,14,267,0,0,0,267
03/06/2012,BHM,AL,ASO,ES,Combined TRACON& Tower with Radar,95,70,95,28,288,0,6,39,0,45,95,76,134,28,333,0,0,0,333
03/07/2012,BHM,AL,ASO,ES,Combined TRACON& Tower with Radar,93,73,115,27,308,0,6,32,2,40,93,79,147,29,348,0,6,6,354
03/08/2012,BHM,AL,ASO,ES,Combined TRACON& Tower with Radar,94,77,95,11,277,0,2,20,1,23,94,79,115,12,300,0,0,0,300
03/09/2012,BHM,AL,ASO,ES,Combined TRACON& Tower with Radar,94,72,112,14,292,0,5,21,2,28,94,77,133,16,320,0,0,0,320
03/10/2012,BHM,AL,ASO,ES,Combined TRACON& Tower with Radar,63,50,47,6,166,0,7,52,2,61,63,57,99,8,227,0,0,0,227
03/11/2012,BHM,AL,ASO,ES,Combined TRACON& Tower with Radar,74,55,64,9,202,0,2,15,0,17,74,57,79,9,219,0,0,0,219
03/12/2012,BHM,AL,ASO,ES,Combined TRACON& Tower with Radar,91,55,87,0,233,0,4,1,0,5,91,59,88,0,238,0,0,0,238
03/13/2012,BHM,AL,ASO,ES,Combined TRACON& Tower with Radar,95,61,114,53,323,0,4,16,0,20,95,65,130,53,343,0,0,0,343
03/14/2012,BHM,AL,ASO,ES,Combined TRACON& Tower with Radar,89,73,117,17,296,0,4,20,2,26,89,77,137,19,322,0,0,0,322
03/15/2012,BHM,AL,ASO,ES,Combined TRACON& Tower with Radar,94,68,102,12,276,0,6,25,2,33,94,74,127,14,309,0,0,0,309
03/16/2012,BHM,AL,ASO,ES,Combined TRACON& Tower with Radar,96,80,85,17,278,0,6,41,2,49,96,86,126,19,327,0,0,0,327
03/17/2012,BHM,AL,ASO,ES,Combined TRACON& Tower with Radar,67,69,56,7,199,0,4,33,2,39,67,73,89,9,238,0,0,0,238
03/18/2012,BHM,AL,ASO,ES,Combined TRACON& Tower with Radar,81,50,42,0,173,0,5,41,1,47,81,55,83,1,220,0,0,0,220
03/19/2012,BHM,AL,ASO,ES,Combined TRACON& Tower with Radar,84,56,67,5,212,0,4,36,5,45,84,60,103,10,257,0,0,0,257
03/20/2012,BHM,AL,ASO,ES,Combined TRACON& Tower with Radar,90,55,81,17,243,0,4,54,4,62,90,59,135,21,305,0,0,0,305
03/21/2012,BHM,AL,ASO,ES,Combined TRACON& Tower with Radar,98,67,84,13,262,0,5,15,7,27,98,72,99,20,289,0,0,0,289
03/22/2012,BHM,AL,ASO,ES,Combined TRACON& Tower with Radar,88,76,67,8,239,0,0,3,0,3,88,76,70,8,242,0,0,0,242
03/23/2012,BHM,AL,ASO,ES,Combined TRACON& Tower with Radar,94,65,75,6,240,0,5,6,2,13,94,70,81,8,253,0,0,0,253
03/24/2012,BHM,AL,ASO,ES,Combined TRACON& Tower with Radar,65,66,50,6,187,0,1,35,0,36,65,67,85,6,223,22,0,22,245
03/25/2012,BHM,AL,ASO,ES,Combined TRACON& Tower with Radar,75,53,46,3,177,0,4,37,0,41,75,57,83,3,218,0,0,0,218
03/26/2012,BHM,AL,ASO,ES,Combined TRACON& Tower with Radar,83,64,75,27,249,0,4,37,0,41,83,68,112,27,290,0,0,0,290
03/27/2012,BHM,AL,ASO,ES,Combined TRACON& Tower with Radar,87,80,69,36,272,0,6,42,0,48,87,86,111,36,320,0,0,0,320
03/28/2012,BHM,AL,ASO,ES,Combined TRACON& Tower with Radar,95,74,103,21,293,0,13,35,0,48,95,87,138,21,341,0,0,0,341
03/29/2012,BHM,AL,ASO,ES,Combined TRACON& Tower with Radar,94,76,92,8,270,0,4,27,5,36,94,80,119,13,306,0,0,0,306
03/30/2012,BHM,AL,ASO,ES,Combined TRACON& Tower with Radar,90,81,123,4,298,0,4,9,1,14,90,85,132,5,312,0,0,0,312
03/31/2012,BHM,AL,ASO,ES,Combined TRACON& Tower with Radar,67,79,33,5,184,0,4,22,0,26,67,83,55,5,210,0,0,0,210
04/01/2012,BHM,AL,ASO,ES,Combined TRACON& Tower with Radar,83,58,85,1,227,0,10,48,6,64,83,68,133,7,291,0,0,0,291
04/02/2012,BHM,AL,ASO,ES,Combined TRACON& Tower with Radar,87,71,106,3,267,0,5,22,0,27,87,76,128,3,294,0,0,0,294
04/03/2012,BHM,AL,ASO,ES,Combined TRACON& Tower with Radar,79,91,89,18,277,0,4,27,2,33,79,95,116,20,310,4,0,4,314
04/04/2012,BHM,AL,ASO,ES,Combined TRACON& Tower with Radar,86,73,104,20,283,0,4,24,10,38,86,77,128,30,321,0,0,0,321
04/05/2012,BHM,AL,ASO,ES,Combined TRACON& Tower with Radar,85,92,120,8,305,0,3,13,1,17,85,95,133,9,322,0,0,0,322
04/06/2012,BHM,AL,ASO,ES,Combined TRACON& Tower with Radar,84,91,79,7,261,0,5,33,2,40,84,96,112,9,301,0,0,0,301
04/07/2012,BHM,AL,ASO,ES,Combined TRACON& Tower with Radar,61,55,44,1,161,0,6,46,0,52,61,61,90,1,213,0,0,0,213
04/08/2012,BHM,AL,ASO,ES,Combined TRACON& Tower with Radar,69,59,52,0,180,0,3,24,0,27,69,62,76,0,207,0,0,0,207
04/09/2012,BHM,AL,ASO,ES,Combined TRACON& Tower with Radar,83,76,77,3,239,0,5,36,1,42,83,81,113,4,281,0,0,0,281
04/10/2012,BHM,AL,ASO,ES,Combined TRACON& Tower with Radar,91,69,78,19,257,0,6,18,2,26,91,75,96,21,283,0,0,0,283
04/11/2012,BHM,AL,ASO,ES,Combined TRACON& Tower with Radar,90,82,102,18,292,0,5,42,7,54,90,87,144,25,346,0,0,0,346
04/12/2012,BHM,AL,ASO,ES,Combined TRACON& Tower with Radar,92,71,100,6,269,0,4,45,7,56,92,75,145,13,325,0,0,0,325
04/13/2012,BHM,AL,ASO,ES,Combined TRACON& Tower with Radar,94,67,95,34,290,0,8,54,1,63,94,75,149,35,353,0,0,0,353
04/14/2012,BHM,AL,ASO,ES,Combined TRACON& Tower with Radar,66,48,52,20,186,0,2,55,7,64,66,50,107,27,250,0,0,0,250
04/15/2012,BHM,AL,ASO,ES,Combined TRACON& Tower with Radar,84,60,44,21,209,0,1,14,6,21,84,61,58,27,230,0,0,0,230
04/16/2012,BHM,AL,ASO,ES,Combined TRACON& Tower with Radar,87,65,77,6,235,0,3,5,3,11,87,68,82,9,246,0,0,0,246
04/17/2012,BHM,AL,ASO,ES,Combined TRACON& Tower with Radar,87,80,87,4,258,0,4,2,0,6,87,84,89,4,264,0,0,0,264
04/18/2012,BHM,AL,ASO,ES,Combined TRACON& Tower with Radar,90,72,119,17,298,0,5,11,7,23,90,77,130,24,321,12,6,18,339
04/19/2012,BHM,AL,ASO,ES,Combined TRACON& Tower with Radar,88,81,127,17,313,0,5,16,5,26,88,86,143,22,339,0,0,0,339
04/20/2012,BHM,AL,ASO,ES,Combined TRACON& Tower with Radar,96,70,114,27,307,0,6,23,14,43,96,76,137,41,350,0,0,0,350
04/21/2012,BHM,AL,ASO,ES,Combined TRACON& Tower with Radar,71,60,44,1,176,0,1,16,1,18,71,61,60,2,194,0,0,0,194
04/22/2012,BHM,AL,ASO,ES,Combined TRACON& Tower with Radar,81,53,55,4,193,0,1,19,3,23,81,54,74,7,216,0,0,0,216
04/23/2012,BHM,AL,ASO,ES,Combined TRACON& Tower with Radar,91,69,80,4,244,0,6,14,0,20,91,75,94,4,264,0,0,0,264
04/24/2012,BHM,AL,ASO,ES,Combined TRACON& Tower with Radar,91,86,122,9,308,0,5,30,3,38,91,91,152,12,346,0,0,0,346
04/25/2012,BHM,AL,ASO,ES,Combined TRACON& Tower with Radar,88,80,106,7,281,0,6,49,5,60,88,86,155,12,341,0,0,0,341
04/26/2012,BHM,AL,ASO,ES,Combined TRACON& Tower with Radar,92,77,107,20,296,0,4,21,10,35,92,81,128,30,331,0,0,0,331
04/27/2012,BHM,AL,ASO,ES,Combined TRACON& Tower with Radar,95,78,81,7,261,0,6,37,6,49,95,84,118,13,310,0,0,0,310
04/28/2012,BHM,AL,ASO,ES,Combined TRACON& Tower with Radar,67,46,43,2,158,0,1,33,0,34,67,47,76,2,192,0,0,0,192
04/29/2012,BHM,AL,ASO,ES,Combined TRACON& Tower with Radar,82,56,48,11,197,0,8,71,2,81,82,64,119,13,278,0,0,0,278
04/30/2012,BHM,AL,ASO,ES,Combined TRACON& Tower with Radar,87,72,81,0,240,0,7,38,0,45,87,79,119,0,285,0,0,0,285
05/01/2012,BHM,AL,ASO,ES,Combined TRACON& Tower with Radar,85,81,94,18,278,0,4,54,7,65,85,85,148,25,343,14,12,26,369
05/02/2012,BHM,AL,ASO,ES,Combined TRACON& Tower with Radar,87,82,98,12,279,0,5,22,4,31,87,87,120,16,310,0,0,0,310
05/03/2012,BHM,AL,ASO,ES,Combined TRACON& Tower with Radar,91,85,106,8,290,0,4,10,1,15,91,89,116,9,305,0,0,0,305
05/04/2012,BHM,AL,ASO,ES,Combined TRACON& Tower with Radar,100,76,114,35,325,0,4,25,4,33,100,80,139,39,358,0,0,0,358
05/05/2012,BHM,AL,ASO,ES,Combined TRACON& Tower with Radar,71,56,36,3,166,0,9,129,0,138,71,65,165,3,304,0,0,0,304
05/06/2012,BHM,AL,ASO,ES,Combined TRACON& Tower with Radar,78,57,92,10,237,0,1,32,3,36,78,58,124,13,273,0,0,0,273
05/07/2012,BHM,AL,ASO,ES,Combined TRACON& Tower with Radar,88,74,78,8,248,0,4,20,0,24,88,78,98,8,272,0,0,0,272
05/08/2012,BHM,AL,ASO,ES,Combined TRACON& Tower with Radar,86,77,111,9,283,0,3,25,4,32,86,80,136,13,315,6,0,6,321
05/09/2012,BHM,AL,ASO,ES,Combined TRACON& Tower with Radar,89,74,127,31,321,0,3,23,5,31,89,77,150,36,352,0,0,0,352
05/10/2012,BHM,AL,ASO,ES,Combined TRACON& Tower with Radar,86,86,151,21,344,0,5,65,5,75,86,91,216,26,419,0,6,6,425
05/11/2012,BHM,AL,ASO,ES,Combined TRACON& Tower with Radar,92,85,108,8,293,0,9,70,9,88,92,94,178,17,381,0,0,0,381
05/12/2012,BHM,AL,ASO,ES,Combined TRACON& Tower with Radar,73,55,43,0,171,0,7,40,7,54,73,62,83,7,225,0,0,0,225
05/13/2012,BHM,AL,ASO,ES,Combined TRACON& Tower with Radar,74,63,48,2,187,0,0,8,0,8,74,63,56,2,195,0,0,0,195
05/14/2012,BHM,AL,ASO,ES,Combined TRACON& Tower with Radar,84,75,102,10,271,0,4,9,1,14,84,79,111,11,285,0,0,0,285
05/15/2012,BHM,AL,ASO,ES,Combined TRACON& Tower with Radar,85,86,113,14,298,0,3,37,8,48,85,89,150,22,346,0,0,0,346
05/16/2012,BHM,AL,ASO,ES,Combined TRACON& Tower with Radar,87,78,138,41,344,0,5,59,13,77,87,83,197,54,421,0,0,0,421
05/17/2012,BHM,AL,ASO,ES,Combined TRACON& Tower with Radar,90,89,113,23,315,0,6,56,7,69,90,95,169,30,384,0,0,0,384
05/18/2012,BHM,AL,ASO,ES,Combined TRACON& Tower with Radar,93,73,129,18,313,0,8,46,7,61,93,81,175,25,374,0,0,0,374
05/19/2012,BHM,AL,ASO,ES,Combined TRACON& Tower with Radar,69,53,47,1,170,0,3,44,4,51,69,56,91,5,221,0,0,0,221
05/20/2012,BHM,AL,ASO,ES,Combined TRACON& Tower with Radar,83,53,70,12,218,0,1,54,5,60,83,54,124,17,278,0,0,0,278
05/21/2012,BHM,AL,ASO,ES,Combined TRACON& Tower with Radar,92,66,104,0,262,0,10,18,1,29,92,76,122,1,291,0,0,0,291
05/22/2012,BHM,AL,ASO,ES,Combined TRACON& Tower with Radar,88,68,97,14,267,0,4,16,1,21,88,72,113,15,288,0,0,0,288
05/23/2012,BHM,AL,ASO,ES,Combined TRACON& Tower with Radar,88,75,98,17,278,0,8,49,8,65,88,83,147,25,343,0,0,0,343
05/24/2012,BHM,AL,ASO,ES,Combined TRACON& Tower with Radar,89,76,129,6,300,0,7,21,2,30,89,83,150,8,330,0,0,0,330
05/25/2012,BHM,AL,ASO,ES,Combined TRACON& Tower with Radar,94,76,84,0,254,0,10,35,2,47,94,86,119,2,301,0,0,0,301
05/26/2012,BHM,AL,ASO,ES,Combined TRACON& Tower with Radar,64,52,18,0,134,0,4,44,2,50,64,56,62,2,184,0,0,0,184
05/27/2012,BHM,AL,ASO,ES,Combined TRACON& Tower with Radar,65,39,18,0,122,0,0,21,1,22,65,39,39,1,144,0,0,0,144
05/28/2012,BHM,AL,ASO,ES,Combined TRACON& Tower with Radar,74,56,64,0,194,0,4,40,2,46,74,60,104,2,240,0,0,0,240
05/29/2012,BHM,AL,ASO,ES,Combined TRACON& Tower with Radar,81,67,78,22,248,0,6,34,6,46,81,73,112,28,294,0,0,0,294
05/30/2012,BHM,AL,ASO,ES,Combined TRACON& Tower with Radar,89,73,99,21,282,0,7,35,5,47,89,80,134,26,329,0,0,0,329
05/31/2012,BHM,AL,ASO,ES,Combined TRACON& Tower with Radar,89,84,96,10,279,0,2,19,7,28,89,86,115,17,307,0,0,0,307
06/01/2012,BHM,AL,ASO,ES,Combined TRACON& Tower with Radar,94,66,72,13,245,0,7,26,9,42,94,73,98,22,287,0,0,0,287
06/02/2012,BHM,AL,ASO,ES,Combined TRACON& Tower with Radar,66,55,42,0,163,0,6,36,9,51,66,61,78,9,214,0,0,0,214
06/03/2012,BHM,AL,ASO,ES,Combined TRACON& Tower with Radar,84,53,51,17,205,0,0,36,10,46,84,53,87,27,251,0,0,0,251
06/04/2012,BHM,AL,ASO,ES,Combined TRACON& Tower with Radar,86,69,95,9,259,0,5,14,0,19,86,74,109,9,278,0,0,0,278
06/05/2012,BHM,AL,ASO,ES,Combined TRACON& Tower with Radar,88,77,109,26,300,0,3,27,12,42,88,80,136,38,342,0,0,0,342
06/06/2012,BHM,AL,ASO,ES,Combined TRACON& Tower with Radar,87,71,120,22,300,0,5,44,5,54,87,76,164,27,354,0,0,0,354
06/07/2012,BHM,AL,ASO,ES,Combined TRACON& Tower with Radar,97,79,110,16,302,0,4,34,9,47,97,83,144,25,349,0,0,0,349
06/08/2012,BHM,AL,ASO,ES,Combined TRACON& Tower with Radar,94,75,109,27,305,0,7,47,9,63,94,82,156,36,368,0,0,0,368
06/09/2012,BHM,AL,ASO,ES,Combined TRACON& Tower with Radar,72,61,37,9,179,0,2,32,1,35,72,63,69,10,214,0,0,0,214
06/10/2012,BHM,AL,ASO,ES,Combined TRACON& Tower with Radar,88,63,48,40,239,0,0,1,0,1,88,63,49,40,240,0,0,0,240
06/11/2012,BHM,AL,ASO,ES,Combined TRACON& Tower with Radar,86,74,85,2,247,0,4,0,1,5,86,78,85,3,252,0,0,0,252
06/12/2012,BHM,AL,ASO,ES,Combined TRACON& Tower with Radar,90,78,102,25,295,0,4,26,3,33,90,82,128,28,328,0,0,0,328
06/13/2012,BHM,AL,ASO,ES,Combined TRACON& Tower with Radar,108,82,94,23,307,0,10,43,8,61,108,92,137,31,368,0,0,0,368
06/14/2012,BHM,AL,ASO,ES,Combined TRACON& Tower with Radar,94,79,121,21,315,0,6,54,3,63,94,85,175,24,378,0,0,0,378
06/15/2012,BHM,AL,ASO,ES,Combined TRACON& Tower with Radar,98,76,77,15,266,0,7,42,0,49,98,83,119,15,315,0,0,0,315
06/16/2012,BHM,AL,ASO,ES,Combined TRACON& Tower with Radar,73,57,47,1,178,0,1,40,0,41,73,58,87,1,219,8,0,8,227
06/17/2012,BHM,AL,ASO,ES,Combined TRACON& Tower with Radar,85,58,54,9,206,0,1,30,4,35,85,59,84,13,241,0,0,0,241
06/18/2012,BHM,AL,ASO,ES,Combined TRACON& Tower with Radar,91,78,61,7,237,0,3,38,5,46,91,81,99,12,283,0,0,0,283
06/19/2012,BHM,AL,ASO,ES,Combined TRACON& Tower with Radar,95,86,77,16,274,0,3,44,4,51,95,89,121,20,325,0,0,0,325
06/20/2012,BHM,AL,ASO,ES,Combined TRACON& Tower with Radar,93,83,107,28,311,0,5,61,5,71,93,88,168,33,382,6,10,16,398
06/21/2012,BHM,AL,ASO,ES,Combined TRACON& Tower with Radar,94,93,98,10,295,0,2,56,9,67,94,95,154,19,362,0,0,0,362
06/22/2012,BHM,AL,ASO,ES,Combined TRACON& Tower with Radar,92,73,67,12,244,0,7,35,5,47,92,80,102,17,291,24,17,41,332
06/23/2012,BHM,AL,ASO,ES,Combined TRACON& Tower with Radar,76,54,48,1,179,0,4,35,4,43,76,58,83,5,222,0,0,0,222
06/24/2012,BHM,AL,ASO,ES,Combined TRACON& Tower with Radar,87,57,50,0,194,0,2,23,4,29,87,59,73,4,223,0,0,0,223
06/25/2012,BHM,AL,ASO,ES,Combined TRACON& Tower with Radar,87,74,77,18,256,0,5,29,0,34,87,79,106,18,290,6,0,6,296
06/26/2012,BHM,AL,ASO,ES,Combined TRACON& Tower with Radar,93,78,92,24,287,0,5,40,1,46,93,83,132,25,333,0,0,0,333
06/27/2012,BHM,AL,ASO,ES,Combined TRACON& Tower with Radar,92,81,65,69,307,0,5,45,8,58,92,86,110,77,365,0,0,0,365
06/28/2012,BHM,AL,ASO,ES,Combined TRACON& Tower with Radar,91,72,81,16,260,0,5,59,14,78,91,77,140,30,338,0,0,0,338
06/29/2012,BHM,AL,ASO,ES,Combined TRACON& Tower with Radar,93,65,70,19,247,0,7,43,7,57,93,72,113,26,304,6,2,8,312
06/30/2012,BHM,AL,ASO,ES,Combined TRACON& Tower with Radar,72,60,43,7,182,0,4,35,0,39,72,64,78,7,221,0,0,0,221
07/01/2012,BHM,AL,ASO,ES,Combined TRACON& Tower with Radar,79,65,57,3,204,0,1,22,3,26,79,66,79,6,230,0,0,0,230
07/02/2012,BHM,AL,ASO,ES,Combined TRACON& Tower with Radar,82,67,66,2,217,0,4,14,0,18,82,71,80,2,235,0,0,0,235
07/03/2012,BHM,AL,ASO,ES,Combined TRACON& Tower with Radar,93,65,71,9,238,0,7,36,2,45,93,72,107,11,283,0,0,0,283
07/04/2012,BHM,AL,ASO,ES,Combined TRACON& Tower with Radar,62,45,13,0,120,0,3,17,0,20,62,48,30,0,140,12,0,12,152
07/05/2012,BHM,AL,ASO,ES,Combined TRACON& Tower with Radar,76,57,44,8,185,0,6,25,0,31,76,63,69,8,216,0,0,0,216
07/06/2012,BHM,AL,ASO,ES,Combined TRACON& Tower with Radar,86,61,73,17,237,0,8,58,4,70,86,69,131,21,307,0,0,0,307
07/07/2012,BHM,AL,ASO,ES,Combined TRACON& Tower with Radar,72,59,29,4,164,0,2,25,1,28,72,61,54,5,192,0,0,0,192
07/08/2012,BHM,AL,ASO,ES,Combined TRACON& Tower with Radar,81,59,68,8,216,0,2,40,0,42,81,61,108,8,258,0,0,0,258
07/09/2012,BHM,AL,ASO,ES,Combined TRACON& Tower with Radar,86,58,72,1,217,0,7,37,4,48,86,65,109,5,265,0,0,0,265
07/10/2012,BHM,AL,ASO,ES,Combined TRACON& Tower with Radar,103,71,102,34,310,0,5,27,1,33,103,76,129,35,343,0,0,0,343
07/11/2012,BHM,AL,ASO,ES,Combined TRACON& Tower with Radar,94,72,77,11,254,0,7,18,4,29,94,79,95,15,283,12,0,12,295
07/12/2012,BHM,AL,ASO,ES,Combined TRACON& Tower with Radar,92,70,141,14,317,0,3,7,2,12,92,73,148,16,329,0,0,0,329
07/13/2012,BHM,AL,ASO,ES,Combined TRACON& Tower with Radar,97,65,88,21,271,0,5,44,5,54,97,70,132,26,325,0,0,0,325
07/14/2012,BHM,AL,ASO,ES,Combined TRACON& Tower with Radar,74,51,33,19,177,0,1,27,7,35,74,52,60,26,212,12,4,16,228
07/15/2012,BHM,AL,ASO,ES,Combined TRACON& Tower with Radar,83,66,63,16,228,0,4,28,1,33,83,70,91,17,261,0,0,0,261
07/16/2012,BHM,AL,ASO,ES,Combined TRACON& Tower with Radar,86,68,86,12,252,0,7,45,1,53,86,75,131,13,305,0,0,0,305
07/17/2012,BHM,AL,ASO,ES,Combined TRACON& Tower with Radar,94,74,128,25,321,0,5,36,9,50,94,79,164,34,371,0,2,2,373
07/18/2012,BHM,AL,ASO,ES,Combined TRACON& Tower with Radar,91,71,91,20,273,0,5,20,0,25,91,76,111,20,298,0,4,4,302
07/19/2012,BHM,AL,ASO,ES,Combined TRACON& Tower with Radar,89,67,127,24,307,0,7,47,13,67,89,74,174,37,374,20,12,32,406
07/20/2012,BHM,AL,ASO,ES,Combined TRACON& Tower with Radar,94,67,100,12,273,0,3,28,18,49,94,70,128,30,322,0,0,0,322
07/21/2012,BHM,AL,ASO,ES,Combined TRACON& Tower with Radar,76,57,40,1,174,0,0,37,4,41,76,57,77,5,215,10,0,10,225
07/22/2012,BHM,AL,ASO,ES,Combined TRACON& Tower with Radar,82,58,46,7,193,0,1,37,9,47,82,59,83,16,240,0,0,0,240
07/23/2012,BHM,AL,ASO,ES,Combined TRACON& Tower with Radar,89,70,78,1,238,0,11,45,5,61,89,81,123,6,299,0,0,0,299
07/24/2012,BHM,AL,ASO,ES,Combined TRACON& Tower with Radar,96,75,80,13,264,0,7,39,8,54,96,82,119,21,318,0,0,0,318
07/25/2012,BHM,AL,ASO,ES,Combined TRACON& Tower with Radar,90,88,93,12,283,0,4,48,3,55,90,92,141,15,338,0,0,0,338
07/26/2012,BHM,AL,ASO,ES,Combined TRACON& Tower with Radar,89,82,108,28,307,0,5,38,12,55,89,87,146,40,362,0,0,0,362
07/27/2012,BHM,AL,ASO,ES,Combined TRACON& Tower with Radar,95,72,86,12,265,0,3,40,10,53,95,75,126,22,318,0,0,0,318
07/28/2012,BHM,AL,ASO,ES,Combined TRACON& Tower with Radar,71,57,68,8,204,0,1,39,0,40,71,58,107,8,244,40,0,40,284
07/29/2012,BHM,AL,ASO,ES,Combined TRACON& Tower with Radar,85,57,41,4,187,0,1,36,2,39,85,58,77,6,226,0,0,0,226
07/30/2012,BHM,AL,ASO,ES,Combined TRACON& Tower with Radar,87,60,79,9,235,0,8,37,1,46,87,68,116,10,281,0,0,0,281
07/31/2012,BHM,AL,ASO,ES,Combined TRACON& Tower with Radar,93,70,66,21,250,0,4,5,2,11,93,74,71,23,261,0,0,0,261
08/01/2012,BHM,AL,ASO,ES,Combined TRACON& Tower with Radar,92,77,86,8,263,0,5,33,6,44,92,82,119,14,307,14,0,14,321
08/02/2012,BHM,AL,ASO,ES,Combined TRACON& Tower with Radar,93,74,98,0,265,0,4,37,6,47,93,78,135,6,312,8,0,8,320
08/03/2012,BHM,AL,ASO,ES,Combined TRACON& Tower with Radar,90,64,93,9,256,0,6,10,8,24,90,70,103,17,280,0,0,0,280
08/04/2012,BHM,AL,ASO,ES,Combined TRACON& Tower with Radar,73,57,35,11,176,0,4,29,4,37,73,61,64,15,213,0,0,0,213
08/05/2012,BHM,AL,ASO,ES,Combined TRACON& Tower with Radar,82,54,59,5,200,0,4,36,6,46,82,58,95,11,246,0,0,0,246
08/06/2012,BHM,AL,ASO,ES,Combined TRACON& Tower with Radar,89,79,65,13,246,0,3,29,0,32,89,82,94,13,278,0,0,0,278
08/07/2012,BHM,AL,ASO,ES,Combined TRACON& Tower with Radar,91,78,95,2,266,0,6,10,2,18,91,84,105,4,284,0,0,0,284
08/08/2012,BHM,AL,ASO,ES,Combined TRACON& Tower with Radar,91,81,99,16,287,0,5,33,2,40,91,86,132,18,327,0,0,0,327
08/09/2012,BHM,AL,ASO,ES,Combined TRACON& Tower with Radar,88,85,73,18,264,0,4,16,1,21,88,89,89,19,285,0,0,0,285
08/10/2012,BHM,AL,ASO,ES,Combined TRACON& Tower with Radar,96,85,93,15,289,0,6,3,4,13,96,91,96,19,302,0,0,0,302
08/11/2012,BHM,AL,ASO,ES,Combined TRACON& Tower with Radar,75,54,57,0,186,0,2,28,0,30,75,56,85,0,216,0,0,0,216
08/12/2012,BHM,AL,ASO,ES,Combined TRACON& Tower with Radar,80,59,63,0,202,0,0,50,2,52,80,59,113,2,254,0,0,0,254
08/13/2012,BHM,AL,ASO,ES,Combined TRACON& Tower with Radar,94,60,73,3,230,0,3,27,1,31,94,63,100,4,261,0,0,0,261
08/14/2012,BHM,AL,ASO,ES,Combined TRACON& Tower with Radar,94,69,82,22,267,0,5,28,0,33,94,74,110,22,300,0,16,16,316
08/15/2012,BHM,AL,ASO,ES,Combined TRACON& Tower with Radar,93,69,112,22,296,0,6,23,6,35,93,75,135,28,331,0,19,19,350
08/16/2012,BHM,AL,ASO,ES,Combined TRACON& Tower with Radar,93,74,108,11,286,0,4,40,5,49,93,78,148,16,335,2,0,2,337
08/17/2012,BHM,AL,ASO,ES,Combined TRACON& Tower with Radar,88,63,86,10,247,0,5,19,6,30,88,68,105,16,277,0,0,0,277
08/18/2012,BHM,AL,ASO,ES,Combined TRACON& Tower with Radar,70,56,40,0,166,0,1,16,0,17,70,57,56,0,183,10,0,10,193
08/19/2012,BHM,AL,ASO,ES,Combined TRACON& Tower with Radar,76,65,52,19,212,0,0,20,4,24,76,65,72,23,236,0,0,0,236
08/20/2012,BHM,AL,ASO,ES,Combined TRACON& Tower with Radar,88,61,70,8,227,0,3,44,2,49,88,64,114,10,276,0,0,0,276
08/21/2012,BHM,AL,ASO,ES,Combined TRACON& Tower with Radar,95,62,98,14,269,0,4,34,0,38,95,66,132,14,307,26,8,34,341
08/22/2012,BHM,AL,ASO,ES,Combined TRACON& Tower with Radar,96,70,92,34,292,0,10,56,2,68,96,80,148,36,360,8,4,12,372
08/23/2012,BHM,AL,ASO,ES,Combined TRACON& Tower with Radar,90,79,105,29,303,0,4,50,4,58,90,83,155,33,361,0,0,0,361
08/24/2012,BHM,AL,ASO,ES,Combined TRACON& Tower with Radar,93,73,100,2,268,0,11,50,6,67,93,84,150,8,335,10,0,10,345
08/25/2012,BHM,AL,ASO,ES,Combined TRACON& Tower with Radar,63,51,41,3,158,0,1,33,4,38,63,52,74,7,196,0,0,0,196
08/26/2012,BHM,AL,ASO,ES,Combined TRACON& Tower with Radar,78,46,50,3,177,0,2,42,2,46,78,48,92,5,223,0,0,0,223
08/27/2012,BHM,AL,ASO,ES,Combined TRACON& Tower with Radar,86,67,78,28,259,0,4,43,45,92,86,71,121,73,351,0,0,0,351
08/28/2012,BHM,AL,ASO,ES,Combined TRACON& Tower with Radar,96,68,68,3,235,0,2,1,0,3,96,70,69,3,238,0,0,0,238
08/29/2012,BHM,AL,ASO,ES,Combined TRACON& Tower with Radar,92,70,69,17,248,0,4,6,2,12,92,74,75,19,260,0,0,0,260
08/30/2012,BHM,AL,ASO,ES,Combined TRACON& Tower with Radar,97,67,77,21,262,0,2,3,20,25,97,69,80,41,287,0,0,0,287
08/31/2012,BHM,AL,ASO,ES,Combined TRACON& Tower with Radar,104,82,98,5,289,0,2,14,32,48,104,84,112,37,337,0,0,0,337
09/01/2012,BHM,AL,ASO,ES,Combined TRACON& Tower with Radar,70,57,51,0,178,0,1,11,0,12,70,58,62,0,190,0,0,0,190
09/02/2012,BHM,AL,ASO,ES,Combined TRACON& Tower with Radar,77,48,61,0,186,0,1,8,0,9,77,49,69,0,195,0,0,0,195
09/03/2012,BHM,AL,ASO,ES,Combined TRACON& Tower with Radar,74,49,57,3,183,0,0,9,0,9,74,49,66,3,192,0,0,0,192
09/04/2012,BHM,AL,ASO,ES,Combined TRACON& Tower with Radar,89,74,66,5,234,0,0,5,2,7,89,74,71,7,241,14,2,16,257
09/05/2012,BHM,AL,ASO,ES,Combined TRACON& Tower with Radar,96,73,118,34,321,0,3,25,2,30,96,76,143,36,351,14,0,14,365
09/06/2012,BHM,AL,ASO,ES,Combined TRACON& Tower with Radar,94,74,114,11,293,0,4,21,5,30,94,78,135,16,323,0,0,0,323
09/07/2012,BHM,AL,ASO,ES,Combined TRACON& Tower with Radar,97,69,74,33,273,0,7,42,6,55,97,76,116,39,328,0,0,0,328
09/08/2012,BHM,AL,ASO,ES,Combined TRACON& Tower with Radar,67,50,33,9,159,0,2,8,2,12,67,52,41,11,171,0,0,0,171
09/09/2012,BHM,AL,ASO,ES,Combined TRACON& Tower with Radar,77,56,63,9,205,0,3,46,6,55,77,59,109,15,260,0,0,0,260
09/10/2012,BHM,AL,ASO,ES,Combined TRACON& Tower with Radar,88,62,73,9,232,0,4,34,1,39,88,66,107,10,271,0,0,0,271
09/11/2012,BHM,AL,ASO,ES,Combined TRACON& Tower with Radar,90,64,106,23,283,0,5,36,0,41,90,69,142,23,324,4,4,8,332
09/12/2012,BHM,AL,ASO,ES,Combined TRACON& Tower with Radar,95,73,125,37,330,0,5,46,2,53,95,78,171,39,383,8,0,8,391
09/13/2012,BHM,AL,ASO,ES,Combined TRACON& Tower with Radar,95,81,96,24,296,0,8,37,10,55,95,89,133,34,351,0,0,0,351
09/14/2012,BHM,AL,ASO,ES,Combined TRACON& Tower with Radar,98,66,109,22,295,0,12,54,10,76,98,78,163,32,371,0,0,0,371
09/15/2012,BHM,AL,ASO,ES,Combined TRACON& Tower with Radar,70,47,56,4,177,0,1,39,5,45,70,48,95,9,222,0,0,0,222
09/16/2012,BHM,AL,ASO,ES,Combined TRACON& Tower with Radar,83,51,76,0,210,0,1,30,4,35,83,52,106,4,245,0,0,0,245
09/17/2012,BHM,AL,ASO,ES,Combined TRACON& Tower with Radar,90,65,77,15,247,0,1,4,1,6,90,66,81,16,253,0,0,0,253
09/18/2012,BHM,AL,ASO,ES,Combined TRACON& Tower with Radar,89,62,105,21,277,0,3,2,0,5,89,65,107,21,282,0,0,0,282
09/19/2012,BHM,AL,ASO,ES,Combined TRACON& Tower with Radar,153,108,173,43,477,0,13,59,14,86,153,121,232,57,563,8,0,8,571
09/20/2012,BHM,AL,ASO,ES,Combined TRACON& Tower with Radar,94,82,80,25,281,0,6,47,9,62,94,88,127,34,343,0,0,0,343
09/21/2012,BHM,AL,ASO,ES,Combined TRACON& Tower with Radar,100,80,106,27,313,0,5,60,2,67,100,85,166,29,380,0,0,0,380
09/22/2012,BHM,AL,ASO,ES,Combined TRACON& Tower with Radar,67,44,45,4,160,0,1,41,1,43,67,45,86,5,203,0,10,10,213
09/23/2012,BHM,AL,ASO,ES,Combined TRACON& Tower with Radar,80,50,60,6,196,0,2,45,2,49,80,52,105,8,245,0,0,0,245
09/24/2012,BHM,AL,ASO,ES,Combined TRACON& Tower with Radar,86,71,76,35,268,0,5,35,0,40,86,76,111,35,308,0,0,0,308
09/25/2012,BHM,AL,ASO,ES,Combined TRACON& Tower with Radar,90,70,89,13,262,0,6,32,0,38,90,76,121,13,300,0,0,0,300
09/26/2012,BHM,AL,ASO,ES,Combined TRACON& Tower with Radar,90,88,95,30,303,0,6,38,6,50,90,94,133,36,353,16,4,20,373
09/27/2012,BHM,AL,ASO,ES,Combined TRACON& Tower with Radar,91,82,108,14,295,0,5,38,4,47,91,87,146,18,342,0,0,0,342
09/28/2012,BHM,AL,ASO,ES,Combined TRACON& Tower with Radar,97,70,85,30,282,0,4,45,3,52,97,74,130,33,334,0,0,0,334
09/29/2012,BHM,AL,ASO,ES,Combined TRACON& Tower with Radar,67,53,44,2,166,0,1,24,0,25,67,54,68,2,191,16,0,16,207
09/30/2012,BHM,AL,ASO,ES,Combined TRACON& Tower with Radar,81,58,53,0,192,0,2,3,0,5,81,60,56,0,197,0,0,0,197
10/01/2012,BHM,AL,ASO,ES,Combined TRACON& Tower with Radar,90,62,62,6,220,0,2,3,0,5,90,64,65,6,225,0,0,0,225
10/02/2012,BHM,AL,ASO,ES,Combined TRACON& Tower with Radar,90,69,119,27,305,0,3,2,2,7,90,72,121,29,312,0,0,0,312
10/03/2012,BHM,AL,ASO,ES,Combined TRACON& Tower with Radar,93,72,129,36,330,0,6,39,15,60,93,78,168,51,390,0,0,0,390
10/04/2012,BHM,AL,ASO,ES,Combined TRACON& Tower with Radar,96,76,88,25,285,0,7,40,4,51,96,83,128,29,336,2,2,4,340
10/05/2012,BHM,AL,ASO,ES,Combined TRACON& Tower with Radar,96,78,114,21,309,0,8,54,1,63,96,86,168,22,372,0,0,0,372
10/06/2012,BHM,AL,ASO,ES,Combined TRACON& Tower with Radar,68,50,45,2,165,0,2,9,2,13,68,52,54,4,178,10,0,10,188
10/07/2012,BHM,AL,ASO,ES,Combined TRACON& Tower with Radar,86,50,66,1,203,0,2,26,3,31,86,52,92,4,234,0,0,0,234
10/08/2012,BHM,AL,ASO,ES,Combined TRACON& Tower with Radar,92,65,73,3,233,0,3,22,0,25,92,68,95,3,258,0,0,0,258
10/09/2012,BHM,AL,ASO,ES,Combined TRACON& Tower with Radar,95,70,90,40,295,0,4,33,3,40,95,74,123,43,335,0,0,0,335
10/10/2012,BHM,AL,ASO,ES,Combined TRACON& Tower with Radar,98,72,94,14,278,0,5,52,4,61,98,77,146,18,339,22,0,22,361
10/11/2012,BHM,AL,ASO,ES,Combined TRACON& Tower with Radar,93,80,135,16,324,0,8,48,4,60,93,88,183,20,384,0,0,0,384
10/12/2012,BHM,AL,ASO,ES,Combined TRACON& Tower with Radar,97,86,119,20,322,0,7,37,6,50,97,93,156,26,372,10,0,10,382
10/13/2012,BHM,AL,ASO,ES,Combined TRACON& Tower with Radar,74,55,67,9,205,0,4,35,19,58,74,59,102,28,263,6,4,10,273
10/14/2012,BHM,AL,ASO,ES,Combined TRACON& Tower with Radar,84,50,68,14,216,0,1,19,0,20,84,51,87,14,236,0,0,0,236
10/15/2012,BHM,AL,ASO,ES,Combined TRACON& Tower with Radar,90,63,92,18,263,0,3,42,3,48,90,66,134,21,311,0,0,0,311
10/16/2012,BHM,AL,ASO,ES,Combined TRACON& Tower with Radar,94,67,82,24,267,0,2,48,3,53,94,69,130,27,320,8,0,8,328
10/17/2012,BHM,AL,ASO,ES,Combined TRACON& Tower with Radar,91,76,104,10,281,0,4,51,2,57,91,80,155,12,338,0,0,0,338
10/18/2012,BHM,AL,ASO,ES,Combined TRACON& Tower with Radar,92,70,113,23,298,0,5,31,9,45,92,75,144,32,343,0,0,0,343
10/19/2012,BHM,AL,ASO,ES,Combined TRACON& Tower with Radar,90,72,103,28,293,0,6,51,9,66,90,78,154,37,359,0,0,0,359
10/20/2012,BHM,AL,ASO,ES,Combined TRACON& Tower with Radar,72,42,57,9,180,0,2,56,3,61,72,44,113,12,241,10,12,22,263
10/21/2012,BHM,AL,ASO,ES,Combined TRACON& Tower with Radar,86,49,96,2,233,0,4,60,4,68,86,53,156,6,301,0,0,0,301
10/22/2012,BHM,AL,ASO,ES,Combined TRACON& Tower with Radar,86,65,59,22,232,0,3,30,1,34,86,68,89,23,266,0,0,0,266
10/23/2012,BHM,AL,ASO,ES,Combined TRACON& Tower with Radar,96,69,83,8,256,0,7,39,2,48,96,76,122,10,304,0,0,0,304
10/24/2012,BHM,AL,ASO,ES,Combined TRACON& Tower with Radar,88,86,118,8,300,0,5,52,2,59,88,91,170,10,359,4,4,8,367
10/25/2012,BHM,AL,ASO,ES,Combined TRACON& Tower with Radar,93,83,114,9,299,0,3,35,3,41,93,86,149,12,340,12,0,12,352
10/26/2012,BHM,AL,ASO,ES,Combined TRACON& Tower with Radar,95,84,93,11,283,0,6,41,1,48,95,90,134,12,331,0,0,0,331
10/27/2012,BHM,AL,ASO,ES,Combined TRACON& Tower with Radar,67,52,40,3,162,0,1,1,0,2,67,53,41,3,164,0,0,0,164
10/28/2012,BHM,AL,ASO,ES,Combined TRACON& Tower with Radar,83,59,82,2,226,0,2,21,2,25,83,61,103,4,251,0,0,0,251
10/29/2012,BHM,AL,ASO,ES,Combined TRACON& Tower with Radar,76,66,57,2,201,0,8,15,3,26,76,74,72,5,227,0,0,0,227
10/30/2012,BHM,AL,ASO,ES,Combined TRACON& Tower with Radar,87,54,55,21,217,0,7,28,1,36,87,61,83,22,253,0,0,0,253
10/31/2012,BHM,AL,ASO,ES,Combined TRACON& Tower with Radar,81,53,76,18,228,0,6,28,4,38,81,59,104,22,266,0,0,0,266
11/01/2012,BHM,AL,ASO,ES,Combined TRACON& Tower with Radar,93,75,136,36,340,0,5,33,3,41,93,80,169,39,381,0,0,0,381
11/02/2012,BHM,AL,ASO,ES,Combined TRACON& Tower with Radar,93,81,114,24,312,0,10,41,1,52,93,91,155,25,364,0,0,0,364
11/03/2012,BHM,AL,ASO,ES,Combined TRACON& Tower with Radar,67,49,66,1,183,0,3,44,0,47,67,52,110,1,230,0,0,0,230
11/04/2012,BHM,AL,ASO,ES,Combined TRACON& Tower with Radar,75,62,76,6,219,0,0,22,2,24,75,62,98,8,243,0,0,0,243
11/05/2012,BHM,AL,ASO,ES,Combined TRACON& Tower with Radar,84,70,101,29,284,0,2,37,1,40,84,72,138,30,324,0,0,0,324
11/06/2012,BHM,AL,ASO,ES,Combined TRACON& Tower with Radar,90,68,81,29,268,0,4,6,0,10,90,72,87,29,278,0,0,0,278
11/07/2012,BHM,AL,ASO,ES,Combined TRACON& Tower with Radar,86,72,112,19,289,0,5,21,2,28,86,77,133,21,317,0,0,0,317
11/08/2012,BHM,AL,ASO,ES,Combined TRACON& Tower with Radar,89,68,139,16,312,0,6,27,6,39,89,74,166,22,351,0,0,0,351
11/09/2012,BHM,AL,ASO,ES,Combined TRACON& Tower with Radar,98,69,113,19,299,0,8,53,1,62,98,77,166,20,361,0,0,0,361
11/10/2012,BHM,AL,ASO,ES,Combined TRACON& Tower with Radar,64,51,39,7,161,0,5,68,0,73,64,56,107,7,234,2,2,4,238
11/11/2012,BHM,AL,ASO,ES,Combined TRACON& Tower with Radar,83,54,84,5,226,0,2,37,1,40,83,56,121,6,266,0,0,0,266
11/12/2012,BHM,AL,ASO,ES,Combined TRACON& Tower with Radar,83,65,76,0,224,0,1,4,0,5,83,66,80,0,229,0,0,0,229
11/13/2012,BHM,AL,ASO,ES,Combined TRACON& Tower with Radar,86,67,97,1,251,0,4,37,0,41,86,71,134,1,292,0,0,0,292
11/14/2012,BHM,AL,ASO,ES,Combined TRACON& Tower with Radar,87,73,106,19,285,0,3,15,1,19,87,76,121,20,304,0,0,0,304
11/15/2012,BHM,AL,ASO,ES,Combined TRACON& Tower with Radar,86,71,122,22,301,0,8,36,3,47,86,79,158,25,348,8,2,10,358
11/16/2012,BHM,AL,ASO,ES,Combined TRACON& Tower with Radar,88,81,114,11,294,0,9,54,10,73,88,90,168,21,367,0,0,0,367
11/17/2012,BHM,AL,ASO,ES,Combined TRACON& Tower with Radar,59,55,43,3,160,0,1,38,0,39,59,56,81,3,199,0,0,0,199
11/18/2012,BHM,AL,ASO,ES,Combined TRACON& Tower with Radar,65,50,51,4,170,0,0,50,7,57,65,50,101,11,227,0,0,0,227
11/19/2012,BHM,AL,ASO,ES,Combined TRACON& Tower with Radar,72,58,77,0,207,0,4,38,0,42,72,62,115,0,249,6,0,6,255
11/20/2012,BHM,AL,ASO,ES,Combined TRACON& Tower with Radar,83,80,96,11,270,0,5,39,4,48,83,85,135,15,318,0,0,0,318
11/21/2012,BHM,AL,ASO,ES,Combined TRACON& Tower with Radar,84,82,58,8,232,0,6,47,2,55,84,88,105,10,287,0,0,0,287
11/22/2012,BHM,AL,ASO,ES,Combined TRACON& Tower with Radar,45,37,17,0,99,0,3,24,0,27,45,40,41,0,126,0,0,0,126
11/23/2012,BHM,AL,ASO,ES,Combined TRACON& Tower with Radar,65,38,47,0,150,0,6,42,1,49,65,44,89,1,199,0,0,0,199
11/24/2012,BHM,AL,ASO,ES,Combined TRACON& Tower with Radar,70,53,28,0,151,0,1,26,0,27,70,54,54,0,178,0,0,0,178
11/25/2012,BHM,AL,ASO,ES,Combined TRACON& Tower with Radar,88,70,74,0,232,0,0,41,0,41,88,70,115,0,273,0,0,0,273
11/26/2012,BHM,AL,ASO,ES,Combined TRACON& Tower with Radar,80,57,90,14,241,0,2,24,0,26,80,59,114,14,267,0,0,0,267
11/27/2012,BHM,AL,ASO,ES,Combined TRACON& Tower with Radar,85,63,104,11,263,0,0,0,0,0,85,63,104,11,263,0,0,0,263
11/28/2012,BHM,AL,ASO,ES,Combined TRACON& Tower with Radar,84,69,63,18,234,0,3,34,4,41,84,72,97,22,275,16,0,16,291
11/29/2012,BHM,AL,ASO,ES,Combined TRACON& Tower with Radar,85,75,102,8,270,0,6,44,15,65,85,81,146,23,335,0,0,0,335
11/30/2012,BHM,AL,ASO,ES,Combined TRACON& Tower with Radar,87,73,80,15,255,0,3,40,9,52,87,76,120,24,307,0,0,0,307
12/01/2012,BHM,AL,ASO,ES,Combined TRACON& Tower with Radar,59,51,61,2,173,0,1,23,2,26,59,52,84,4,199,0,0,0,199
12/02/2012,BHM,AL,ASO,ES,Combined TRACON& Tower with Radar,59,49,55,2,165,0,2,40,2,44,59,51,95,4,209,0,0,0,209
12/03/2012,BHM,AL,ASO,ES,Combined TRACON& Tower with Radar,60,48,52,29,189,0,5,26,3,34,60,53,78,32,223,0,0,0,223
12/04/2012,BHM,AL,ASO,ES,Combined TRACON& Tower with Radar,86,84,107,10,287,0,2,9,0,11,86,86,116,10,298,0,0,0,298
12/05/2012,BHM,AL,ASO,ES,Combined TRACON& Tower with Radar,80,74,125,28,307,0,2,8,2,12,80,76,133,30,319,0,0,0,319
12/06/2012,BHM,AL,ASO,ES,Combined TRACON& Tower with Radar,85,77,93,21,276,0,5,25,1,31,85,82,118,22,307,0,0,0,307
12/07/2012,BHM,AL,ASO,ES,Combined TRACON& Tower with Radar,86,72,102,15,275,0,3,8,10,21,86,75,110,25,296,0,0,0,296
12/08/2012,BHM,AL,ASO,ES,Combined TRACON& Tower with Radar,59,52,63,8,182,0,3,2,0,5,59,55,65,8,187,0,0,0,187
12/09/2012,BHM,AL,ASO,ES,Combined TRACON& Tower with Radar,73,62,41,4,180,0,1,15,3,19,73,63,56,7,199,0,0,0,199
12/10/2012,BHM,AL,ASO,ES,Combined TRACON& Tower with Radar,80,76,71,8,235,0,0,0,0,0,80,76,71,8,235,0,0,0,235
12/11/2012,BHM,AL,ASO,ES,Combined TRACON& Tower with Radar,84,82,131,22,319,0,2,13,1,16,84,84,144,23,335,0,0,0,335
12/12/2012,BHM,AL,ASO,ES,Combined TRACON& Tower with Radar,86,78,118,38,320,0,5,40,5,50,86,83,158,43,370,0,0,0,370
12/13/2012,BHM,AL,ASO,ES,Combined TRACON& Tower with Radar,83,74,123,21,301,0,5,49,9,63,83,79,172,30,364,0,0,0,364
12/14/2012,BHM,AL,ASO,ES,Combined TRACON& Tower with Radar,86,79,94,17,276,0,9,47,8,64,86,88,141,25,340,20,10,30,370
12/15/2012,BHM,AL,ASO,ES,Combined TRACON& Tower with Radar,51,47,49,2,149,0,2,26,1,29,51,49,75,3,178,0,0,0,178
12/16/2012,BHM,AL,ASO,ES,Combined TRACON& Tower with Radar,66,51,35,1,153,0,0,3,0,3,66,51,38,1,156,0,0,0,156
12/17/2012,BHM,AL,ASO,ES,Combined TRACON& Tower with Radar,67,60,95,14,236,0,1,14,2,17,67,61,109,16,253,0,0,0,253
12/18/2012,BHM,AL,ASO,ES,Combined TRACON& Tower with Radar,77,70,127,19,293,0,7,45,4,56,77,77,172,23,349,0,0,0,349
12/19/2012,BHM,AL,ASO,ES,Combined TRACON& Tower with Radar,75,84,98,16,273,0,3,29,7,39,75,87,127,23,312,0,0,0,312
12/20/2012,BHM,AL,ASO,ES,Combined TRACON& Tower with Radar,79,70,59,16,224,0,3,3,4,10,79,73,62,20,234,0,0,0,234
12/21/2012,BHM,AL,ASO,ES,Combined TRACON& Tower with Radar,75,70,55,0,200,0,8,22,0,30,75,78,77,0,230,0,0,0,230
12/22/2012,BHM,AL,ASO,ES,Combined TRACON& Tower with Radar,58,65,27,0,150,0,0,41,0,41,58,65,68,0,191,0,0,0,191
12/23/2012,BHM,AL,ASO,ES,Combined TRACON& Tower with Radar,67,52,35,0,154,0,1,15,0,16,67,53,50,0,170,0,0,0,170
12/24/2012,BHM,AL,ASO,ES,Combined TRACON& Tower with Radar,50,43,17,0,110,0,5,9,0,14,50,48,26,0,124,0,0,0,124
12/25/2012,BHM,AL,ASO,ES,Combined TRACON& Tower with Radar,51,45,5,0,101,0,0,0,0,0,51,45,5,0,101,0,0,0,101
12/26/2012,BHM,AL,ASO,ES,Combined TRACON& Tower with Radar,67,52,39,0,158,0,2,2,0,4,67,54,41,0,162,0,0,0,162
12/27/2012,BHM,AL,ASO,ES,Combined TRACON& Tower with Radar,74,79,67,10,230,0,2,13,0,15,74,81,80,10,245,0,0,0,245
12/28/2012,BHM,AL,ASO,ES,Combined TRACON& Tower with Radar,82,66,43,22,213,0,3,12,0,15,82,69,55,22,228,0,0,0,228
12/29/2012,BHM,AL,ASO,ES,Combined TRACON& Tower with Radar,53,54,20,0,127,0,3,9,0,12,53,57,29,0,139,7,0,7,146
12/30/2012,BHM,AL,ASO,ES,Combined TRACON& Tower with Radar,63,47,45,0,155,0,4,54,0,58,63,51,99,0,213,0,0,0,213
12/31/2012,BHM,AL,ASO,ES,Combined TRACON& Tower with Radar,48,41,29,1,119,0,3,34,0,37,48,44,63,1,156,0,0,0,156
01/01/2013,BHM,AL,ASO,ES,Combined TRACON& Tower with Radar,59,55,21,0,135,0,1,2,0,3,59,56,23,0,138,0,0,0,138
01/02/2013,BHM,AL,ASO,ES,Combined TRACON& Tower with Radar,70,57,62,3,192,0,1,1,0,2,70,58,63,3,194,0,0,0,194
01/03/2013,BHM,AL,ASO,ES,Combined TRACON& Tower with Radar,70,74,56,10,210,0,4,23,2,29,70,78,79,12,239,0,0,0,239
01/04/2013,BHM,AL,ASO,ES,Combined TRACON& Tower with Radar,77,72,73,8,230,0,7,33,5,45,77,79,106,13,275,6,0,6,281
01/05/2013,BHM,AL,ASO,ES,Combined TRACON& Tower with Radar,75,66,96,0,237,0,1,34,0,35,75,67,130,0,272,0,0,0,272
01/06/2013,BHM,AL,ASO,ES,Combined TRACON& Tower with Radar,57,60,64,2,183,0,3,15,0,18,57,63,79,2,201,0,0,0,201
01/07/2013,BHM,AL,ASO,ES,Combined TRACON& Tower with Radar,83,54,69,5,211,0,5,35,0,40,83,59,104,5,251,0,0,0,251
01/08/2013,BHM,AL,ASO,ES,Combined TRACON& Tower with Radar,113,77,146,20,356,0,5,16,2,23,113,82,162,22,379,0,0,0,379
01/09/2013,BHM,AL,ASO,ES,Combined TRACON& Tower with Radar,78,67,75,30,250,0,0,0,0,0,78,67,75,30,250,0,0,0,250
01/10/2013,BHM,AL,ASO,ES,Combined TRACON& Tower with Radar,74,74,72,4,224,0,1,0,0,1,74,75,72,4,225,0,0,0,225
01/11/2013,BHM,AL,ASO,ES,Combined TRACON& Tower with Radar,82,64,72,6,224,0,1,0,0,1,82,65,72,6,225,0,0,0,225
01/12/2013,BHM,AL,ASO,ES,Combined TRACON& Tower with Radar,47,48,43,17,155,0,5,9,6,20,47,53,52,23,175,0,0,0,175
01/13/2013,BHM,AL,ASO,ES,Combined TRACON& Tower with Radar,65,53,36,9,163,0,0,1,0,1,65,53,37,9,164,0,0,0,164
01/14/2013,BHM,AL,ASO,ES,Combined TRACON& Tower with Radar,70,57,73,6,206,0,0,0,0,0,70,57,73,6,206,0,0,0,206
01/15/2013,BHM,AL,ASO,ES,Combined TRACON& Tower with Radar,74,70,68,2,214,0,0,0,0,0,74,70,68,2,214,0,0,0,214
01/16/2013,BHM,AL,ASO,ES,Combined TRACON& Tower with Radar,74,73,71,7,225,0,0,0,0,0,74,73,71,7,225,0,0,0,225
01/17/2013,BHM,AL,ASO,ES,Combined TRACON& Tower with Radar,78,78,83,0,239,0,5,0,0,5,78,83,83,0,244,0,0,0,244
01/18/2013,BHM,AL,ASO,ES,Combined TRACON& Tower with Radar,73,75,88,3,239,0,7,37,0,44,73,82,125,3,283,8,0,8,291
01/19/2013,BHM,AL,ASO,ES,Combined TRACON& Tower with Radar,49,50,46,1,146,0,4,55,0,59,49,54,101,1,205,0,0,0,205
01/20/2013,BHM,AL,ASO,ES,Combined TRACON& Tower with Radar,63,38,48,0,149,0,1,53,0,54,63,39,101,0,203,22,0,22,225
01/21/2013,BHM,AL,ASO,ES,Combined TRACON& Tower with Radar,68,52,104,0,224,0,2,54,0,56,68,54,158,0,280,0,0,0,280
01/22/2013,BHM,AL,ASO,ES,Combined TRACON& Tower with Radar,76,65,101,10,252,0,8,45,3,56,76,73,146,13,308,0,0,0,308
01/23/2013,BHM,AL,ASO,ES,Combined TRACON& Tower with Radar,77,71,77,11,236,0,7,15,1,23,77,78,92,12,259,0,0,0,259
01/24/2013,BHM,AL,ASO,ES,Combined TRACON& Tower with Radar,74,63,125,14,276,0,4,30,8,42,74,67,155,22,318,0,0,0,318
01/25/2013,BHM,AL,ASO,ES,Combined TRACON& Tower with Radar,78,71,68,13,230,0,2,9,12,23,78,73,77,25,253,0,0,0,253
01/26/2013,BHM,AL,ASO,ES,Combined TRACON& Tower with Radar,47,48,26,6,127,0,0,40,13,53,47,48,66,19,180,6,16,22,202
01/27/2013,BHM,AL,ASO,ES,Combined TRACON& Tower with Radar,63,55,46,1,165,0,1,30,11,42,63,56,76,12,207,0,0,0,207
01/28/2013,BHM,AL,ASO,ES,Combined TRACON& Tower with Radar,71,66,67,17,221,0,2,8,1,11,71,68,75,18,232,0,0,0,232
01/29/2013,BHM,AL,ASO,ES,Combined TRACON& Tower with Radar,73,68,85,17,243,0,1,3,4,8,73,69,88,21,251,0,0,0,251
01/30/2013,BHM,AL,ASO,ES,Combined TRACON& Tower with Radar,87,56,39,3,185,0,4,3,0,7,87,60,42,3,192,0,0,0,192
01/31/2013,BHM,AL,ASO,ES,Combined TRACON& Tower with Radar,76,73,106,14,269,0,6,38,9,53,76,79,144,23,322,10,0,10,332
02/01/2013,BHM,AL,ASO,ES,Combined TRACON& Tower with Radar,78,68,91,22,259,0,9,35,15,59,78,77,126,37,318,0,0,0,318
02/02/2013,BHM,AL,ASO,ES,Combined TRACON& Tower with Radar,47,47,44,0,138,0,4,32,4,40,47,51,76,4,178,22,0,22,200
02/03/2013,BHM,AL,ASO,ES,Combined TRACON& Tower with Radar,61,43,45,3,152,0,0,34,5,39,61,43,79,8,191,0,0,0,191
02/04/2013,BHM,AL,ASO,ES,Combined TRACON& Tower with Radar,68,49,79,32,228,0,5,37,0,42,68,54,116,32,270,0,0,0,270
02/05/2013,BHM,AL,ASO,ES,Combined TRACON& Tower with Radar,72,66,89,33,260,0,3,3,2,8,72,69,92,35,268,0,0,0,268
02/06/2013,BHM,AL,ASO,ES,Combined TRACON& Tower with Radar,80,61,89,32,262,0,7,36,2,45,80,68,125,34,307,0,0,0,307
02/07/2013,BHM,AL,ASO,ES,Combined TRACON& Tower with Radar,76,75,95,4,250,0,0,5,1,6,76,75,100,5,256,0,0,0,256
02/08/2013,BHM,AL,ASO,ES,Combined TRACON& Tower with Radar,79,79,89,9,256,0,5,4,6,15,79,84,93,15,271,0,0,0,271
02/09/2013,BHM,AL,ASO,ES,Combined TRACON& Tower with Radar,44,48,41,30,163,0,3,81,3,87,44,51,122,33,250,8,6,14,264
02/10/2013,BHM,AL,ASO,ES,Combined TRACON& Tower with Radar,67,51,53,10,181,0,0,9,3,12,67,51,62,13,193,0,0,0,193
02/11/2013,BHM,AL,ASO,ES,Combined TRACON& Tower with Radar,68,63,70,6,207,0,1,3,0,4,68,64,73,6,211,0,0,0,211
02/12/2013,BHM,AL,ASO,ES,Combined TRACON& Tower with Radar,74,72,80,13,239,0,0,2,0,2,74,72,82,13,241,0,0,0,241
02/13/2013,BHM,AL,ASO,ES,Combined TRACON& Tower with Radar,78,77,126,12,293,0,4,8,6,18,78,81,134,18,311,0,0,0,311
02/14/2013,BHM,AL,ASO,ES,Combined TRACON& Tower with Radar,76,71,138,14,299,0,9,34,6,49,76,80,172,20,348,0,0,0,348
02/15/2013,BHM,AL,ASO,ES,Combined TRACON& Tower with Radar,85,73,80,6,244,0,6,56,0,62,85,79,136,6,306,0,0,0,306
02/16/2013,BHM,AL,ASO,ES,Combined TRACON& Tower with Radar,51,49,38,10,148,0,3,38,0,41,51,52,76,10,189,0,0,0,189
02/17/2013,BHM,AL,ASO,ES,Combined TRACON& Tower with Radar,53,41,57,9,160,0,8,50,1,59,53,49,107,10,219,0,0,0,219
02/18/2013,BHM,AL,ASO,ES,Combined TRACON& Tower with Radar,76,81,76,0,233,0,5,30,1,36,76,86,106,1,269,0,0,0,269
02/19/2013,BHM,AL,ASO,ES,Combined TRACON& Tower with Radar,77,71,79,17,244,0,5,18,1,24,77,76,97,18,268,0,0,0,268
02/20/2013,BHM,AL,ASO,ES,Combined TRACON& Tower with Radar,79,70,107,10,266,0,4,17,0,21,79,74,124,10,287,0,0,0,287
02/21/2013,BHM,AL,ASO,ES,Combined TRACON& Tower with Radar,79,70,96,24,269,0,5,24,8,37,79,75,120,32,306,0,0,0,306
02/22/2013,BHM,AL,ASO,ES,Combined TRACON& Tower with Radar,75,76,85,14,250,0,0,0,0,0,75,76,85,14,250,0,0,0,250
02/23/2013,BHM,AL,ASO,ES,Combined TRACON& Tower with Radar,54,55,46,3,158,0,3,13,0,16,54,58,59,3,174,8,6,14,188
02/24/2013,BHM,AL,ASO,ES,Combined TRACON& Tower with Radar,60,50,55,6,171,0,0,67,6,73,60,50,122,12,244,0,0,0,244
02/25/2013,BHM,AL,ASO,ES,Combined TRACON& Tower with Radar,76,70,77,27,250,0,2,0,0,2,76,72,77,27,252,0,0,0,252
02/26/2013,BHM,AL,ASO,ES,Combined TRACON& Tower with Radar,81,68,88,25,262,0,4,12,6,22,81,72,100,31,284,0,0,0,284
02/27/2013,BHM,AL,ASO,ES,Combined TRACON& Tower with Radar,80,71,123,17,291,0,7,50,10,67,80,78,173,27,358,0,0,0,358
02/28/2013,BHM,AL,ASO,ES,Combined TRACON& Tower with Radar,77,69,109,31,286,0,5,27,13,45,77,74,136,44,331,0,0,0,331
03/01/2013,BHM,AL,ASO,ES,Combined TRACON& Tower with Radar,81,85,89,0,255,0,8,26,7,41,81,93,115,7,296,24,0,24,320
03/02/2013,BHM,AL,ASO,ES,Combined TRACON& Tower with Radar,55,50,46,1,152,0,0,9,0,9,55,50,55,1,161,0,0,0,161
03/03/2013,BHM,AL,ASO,ES,Combined TRACON& Tower with Radar,60,60,70,0,190,0,0,62,2,64,60,60,132,2,254,7,0,7,261
03/04/2013,BHM,AL,ASO,ES,Combined TRACON& Tower with Radar,77,57,66,1,201,0,5,27,0,32,77,62,93,1,233,0,0,0,233
03/05/2013,BHM,AL,ASO,ES,Combined TRACON& Tower with Radar,78,67,83,2,230,0,4,3,0,7,78,71,86,2,237,0,0,0,237
03/06/2013,BHM,AL,ASO,ES,Combined TRACON& Tower with Radar,82,72,63,20,237,0,5,19,4,28,82,77,82,24,265,0,0,0,265
03/07/2013,BHM,AL,ASO,ES,Combined TRACON& Tower with Radar,80,68,106,40,294,0,3,45,14,62,80,71,151,54,356,0,0,0,356
03/08/2013,BHM,AL,ASO,ES,Combined TRACON& Tower with Radar,82,74,81,25,262,0,5,55,6,66,82,79,136,31,328,0,0,0,328
03/09/2013,BHM,AL,ASO,ES,Combined TRACON& Tower with Radar,53,53,40,2,148,0,4,41,18,63,53,57,81,20,211,0,0,0,211
03/10/2013,BHM,AL,ASO,ES,Combined TRACON& Tower with Radar,67,57,66,12,202,0,3,28,7,38,67,60,94,19,240,0,0,0,240
03/11/2013,BHM,AL,ASO,ES,Combined TRACON& Tower with Radar,79,63,89,3,234,0,2,1,0,3,79,65,90,3,237,0,0,0,237
03/12/2013,BHM,AL,ASO,ES,Combined TRACON& Tower with Radar,82,64,107,6,259,0,6,51,4,61,82,70,158,10,320,0,0,0,320
03/13/2013,BHM,AL,ASO,ES,Combined TRACON& Tower with Radar,82,85,103,13,283,0,5,34,8,47,82,90,137,21,330,0,0,0,330
03/14/2013,BHM,AL,ASO,ES,Combined TRACON& Tower with Radar,83,74,127,8,292,0,5,44,16,65,83,79,171,24,357,2,0,2,359
03/15/2013,BHM,AL,ASO,ES,Combined TRACON& Tower with Radar,84,71,100,23,278,0,5,37,7,49,84,76,137,30,327,0,0,0,327
03/16/2013,BHM,AL,ASO,ES,Combined TRACON& Tower with Radar,55,52,44,1,152,0,5,51,0,56,55,57,95,1,208,6,0,6,214
03/17/2013,BHM,AL,ASO,ES,Combined TRACON& Tower with Radar,69,58,77,6,210,0,1,34,1,36,69,59,111,7,246,8,0,8,254
03/18/2013,BHM,AL,ASO,ES,Combined TRACON& Tower with Radar,76,53,62,4,195,0,0,4,0,4,76,53,66,4,199,0,0,0,199
03/19/2013,BHM,AL,ASO,ES,Combined TRACON& Tower with Radar,86,75,110,7,278,0,2,46,1,49,86,77,156,8,327,0,0,0,327
03/20/2013,BHM,AL,ASO,ES,Combined TRACON& Tower with Radar,83,64,69,7,223,0,5,35,10,50,83,69,104,17,273,0,0,0,273
03/21/2013,BHM,AL,ASO,ES,Combined TRACON& Tower with Radar,83,79,103,22,287,0,6,40,10,56,83,85,143,32,343,0,0,0,343
03/22/2013,BHM,AL,ASO,ES,Combined TRACON& Tower with Radar,84,70,62,3,219,0,3,4,1,8,84,73,66,4,227,0,0,0,227
03/23/2013,BHM,AL,ASO,ES,Combined TRACON& Tower with Radar,54,61,41,1,157,0,0,1,0,1,54,61,42,1,158,0,0,0,158
03/24/2013,BHM,AL,ASO,ES,Combined TRACON& Tower with Radar,69,51,55,0,175,0,1,0,0,1,69,52,55,0,176,0,0,0,176
03/25/2013,BHM,AL,ASO,ES,Combined TRACON& Tower with Radar,79,63,62,26,230,0,2,21,0,23,79,65,83,26,253,5,4,9,262
03/26/2013,BHM,AL,ASO,ES,Combined TRACON& Tower with Radar,80,76,108,18,282,0,5,22,2,29,80,81,130,20,311,0,0,0,311
03/27/2013,BHM,AL,ASO,ES,Combined TRACON& Tower with Radar,82,74,91,55,302,0,6,57,11,74,82,80,148,66,376,4,8,12,388
03/28/2013,BHM,AL,ASO,ES,Combined TRACON& Tower with Radar,82,75,113,41,311,0,4,41,12,57,82,79,154,53,368,6,10,16,384
03/29/2013,BHM,AL,ASO,ES,Combined TRACON& Tower with Radar,81,71,71,6,229,0,6,41,2,49,81,77,112,8,278,0,0,0,278
03/30/2013,BHM,AL,ASO,ES,Combined TRACON& Tower with Radar,49,54,49,0,152,0,2,46,0,48,49,56,95,0,200,0,0,0,200
03/31/2013,BHM,AL,ASO,ES,Combined TRACON& Tower with Radar,67,52,31,0,150,0,0,4,0,4,67,52,35,0,154,0,0,0,154
04/01/2013,BHM,AL,ASO,ES,Combined TRACON& Tower with Radar,78,55,69,5,207,0,2,23,1,26,78,57,92,6,233,0,0,0,233
04/02/2013,BHM,AL,ASO,ES,Combined TRACON& Tower with Radar,85,67,82,35,269,0,6,47,3,56,85,73,129,38,325,0,10,10,335
04/03/2013,BHM,AL,ASO,ES,Combined TRACON& Tower with Radar,85,71,87,30,273,0,1,14,5,20,85,72,101,35,293,0,0,0,293
04/04/2013,BHM,AL,ASO,ES,Combined TRACON& Tower with Radar,83,69,108,15,275,0,1,0,0,1,83,70,108,15,276,0,0,0,276
04/05/2013,BHM,AL,ASO,ES,Combined TRACON& Tower with Radar,85,74,88,26,273,0,6,32,5,43,85,80,120,31,316,0,0,0,316
04/06/2013,BHM,AL,ASO,ES,Combined TRACON& Tower with Radar,53,53,69,2,177,0,8,66,4,78,53,61,135,6,255,0,0,0,255
04/07/2013,BHM,AL,ASO,ES,Combined TRACON& Tower with Radar,67,70,94,10,241,0,3,43,1,47,67,73,137,11,288,0,0,0,288
04/08/2013,BHM,AL,ASO,ES,Combined TRACON& Tower with Radar,79,73,102,17,271,0,3,50,0,53,79,76,152,17,324,0,0,0,324
04/09/2013,BHM,AL,ASO,ES,Combined TRACON& Tower with Radar,83,73,109,43,308,0,5,33,7,45,83,78,142,50,353,0,0,0,353
04/10/2013,BHM,AL,ASO,ES,Combined TRACON& Tower with Radar,77,80,128,7,292,0,4,41,10,55,77,84,169,17,347,0,0,0,347
04/11/2013,BHM,AL,ASO,ES,Combined TRACON& Tower with Radar,82,67,69,1,219,0,1,2,3,6,82,68,71,4,225,0,0,0,225
04/12/2013,BHM,AL,ASO,ES,Combined TRACON& Tower with Radar,83,83,119,32,317,0,2,37,16,55,83,85,156,48,372,16,0,16,388
04/13/2013,BHM,AL,ASO,ES,Combined TRACON& Tower with Radar,50,61,74,15,200,0,1,63,13,77,50,62,137,28,277,0,0,0,277
04/14/2013,BHM,AL,ASO,ES,Combined TRACON& Tower with Radar,70,72,58,0,200,0,1,10,3,14,70,73,68,3,214,0,0,0,214
04/15/2013,BHM,AL,ASO,ES,Combined TRACON& Tower with Radar,76,70,75,24,245,0,0,10,0,10,76,70,85,24,255,0,0,0,255
04/16/2013,BHM,AL,ASO,ES,Combined TRACON& Tower with Radar,81,67,95,24,267,0,10,16,1,27,81,77,111,25,294,0,0,0,294
04/17/2013,BHM,AL,ASO,ES,Combined TRACON& Tower with Radar,81,76,76,18,251,0,5,36,2,43,81,81,112,20,294,9,0,9,303
04/18/2013,BHM,AL,ASO,ES,Combined TRACON& Tower with Radar,86,70,103,11,270,0,3,15,6,24,86,73,118,17,294,0,0,0,294
04/19/2013,BHM,AL,ASO,ES,Combined TRACON& Tower with Radar,85,62,82,20,249,0,2,7,2,11,85,64,89,22,260,0,0,0,260
04/20/2013,BHM,AL,ASO,ES,Combined TRACON& Tower with Radar,42,56,31,2,131,0,2,71,2,75,42,58,102,4,206,0,0,0,206
04/21/2013,BHM,AL,ASO,ES,Combined TRACON& Tower with Radar,72,73,54,9,208,0,4,47,0,51,72,77,101,9,259,0,0,0,259
04/22/2013,BHM,AL,ASO,ES,Combined TRACON& Tower with Radar,79,65,77,20,241,0,4,35,2,41,79,69,112,22,282,0,6,6,288
04/23/2013,BHM,AL,ASO,ES,Combined TRACON& Tower with Radar,85,68,94,10,257,0,2,41,4,47,85,70,135,14,304,0,0,0,304
04/24/2013,BHM,AL,ASO,ES,Combined TRACON& Tower with Radar,87,71,101,21,280,0,0,4,3,7,87,71,105,24,287,0,0,0,287
04/25/2013,BHM,AL,ASO,ES,Combined TRACON& Tower with Radar,81,72,113,19,285,0,6,55,10,71,81,78,168,29,356,4,0,4,360
04/26/2013,BHM,AL,ASO,ES,Combined TRACON& Tower with Radar,81,77,101,9,268,0,7,62,4,73,81,84,163,13,341,6,0,6,347
04/27/2013,BHM,AL,ASO,ES,Combined TRACON& Tower with Radar,45,63,34,1,143,0,1,38,2,41,45,64,72,3,184,0,0,0,184
04/28/2013,BHM,AL,ASO,ES,Combined TRACON& Tower with Radar,74,51,50,1,176,0,0,1,0,1,74,51,51,1,177,0,0,0,177
04/29/2013,BHM,AL,ASO,ES,Combined TRACON& Tower with Radar,79,51,78,8,216,0,2,24,0,26,79,53,102,8,242,0,0,0,242
04/30/2013,BHM,AL,ASO,ES,Combined TRACON& Tower with Radar,80,67,117,34,298,0,4,26,4,34,80,71,143,38,332,0,0,0,332
05/01/2013,BHM,AL,ASO,ES,Combined TRACON& Tower with Radar,77,75,111,30,293,0,4,12,7,23,77,79,123,37,316,0,0,0,316
05/02/2013,BHM,AL,ASO,ES,Combined TRACON& Tower with Radar,82,70,116,26,294,0,4,12,5,21,82,74,128,31,315,0,0,0,315
05/03/2013,BHM,AL,ASO,ES,Combined TRACON& Tower with Radar,86,67,88,9,250,0,5,8,6,19,86,72,96,15,269,0,0,0,269
05/04/2013,BHM,AL,ASO,ES,Combined TRACON& Tower with Radar,50,50,36,0,136,0,0,10,0,10,50,50,46,0,146,0,0,0,146
05/05/2013,BHM,AL,ASO,ES,Combined TRACON& Tower with Radar,68,58,68,1,195,0,5,7,13,25,68,63,75,14,220,0,0,0,220
05/06/2013,BHM,AL,ASO,ES,Combined TRACON& Tower with Radar,77,67,81,23,248,0,1,4,0,5,77,68,85,23,253,0,0,0,253
05/07/2013,BHM,AL,ASO,ES,Combined TRACON& Tower with Radar,82,72,106,29,289,0,2,29,4,35,82,74,135,33,324,0,0,0,324
05/08/2013,BHM,AL,ASO,ES,Combined TRACON& Tower with Radar,79,76,87,38,280,0,4,41,4,49,79,80,128,42,329,0,0,0,329
05/09/2013,BHM,AL,ASO,ES,Combined TRACON& Tower with Radar,81,76,112,24,293,0,3,50,4,57,81,79,162,28,350,0,0,0,350
05/10/2013,BHM,AL,ASO,ES,Combined TRACON& Tower with Radar,79,80,82,26,267,0,2,16,2,20,79,82,98,28,287,0,0,0,287
05/11/2013,BHM,AL,ASO,ES,Combined TRACON& Tower with Radar,50,53,76,0,179,0,0,10,0,10,50,53,86,0,189,0,0,0,189
05/12/2013,BHM,AL,ASO,ES,Combined TRACON& Tower with Radar,64,61,61,6,192,0,3,40,0,43,64,64,101,6,235,0,0,0,235
05/13/2013,BHM,AL,ASO,ES,Combined TRACON& Tower with Radar,76,63,88,23,250,0,4,32,0,36,76,67,120,23,286,0,0,0,286
05/14/2013,BHM,AL,ASO,ES,Combined TRACON& Tower with Radar,79,84,109,14,286,0,3,29,2,34,79,87,138,16,320,0,0,0,320
05/15/2013,BHM,AL,ASO,ES,Combined TRACON& Tower with Radar,79,88,126,13,306,0,5,59,10,74,79,93,185,23,380,0,0,0,380
05/16/2013,BHM,AL,ASO,ES,Combined TRACON& Tower with Radar,78,77,125,0,280,0,3,38,4,45,78,80,163,4,325,0,0,0,325
05/17/2013,BHM,AL,ASO,ES,Combined TRACON& Tower with Radar,84,82,90,23,279,0,0,19,3,22,84,82,109,26,301,0,0,0,301
05/18/2013,BHM,AL,ASO,ES,Combined TRACON& Tower with Radar,50,63,39,5,157,0,1,30,6,37,50,64,69,11,194,0,0,0,194
05/19/2013,BHM,AL,ASO,ES,Combined TRACON& Tower with Radar,69,63,59,8,199,0,4,11,2,17,69,67,70,10,216,0,0,0,216
05/20/2013,BHM,AL,ASO,ES,Combined TRACON& Tower with Radar,77,64,68,17,226,0,6,17,1,24,77,70,85,18,250,0,0,0,250
05/21/2013,BHM,AL,ASO,ES,Combined TRACON& Tower with Radar,85,81,82,29,277,0,4,48,5,57,85,85,130,34,334,0,0,0,334
05/22/2013,BHM,AL,ASO,ES,Combined TRACON& Tower with Radar,79,72,94,25,270,0,5,17,13,35,79,77,111,38,305,16,0,16,321
05/23/2013,BHM,AL,ASO,ES,Combined TRACON& Tower with Radar,80,82,123,11,296,0,6,33,10,49,80,88,156,21,345,0,0,0,345
05/24/2013,BHM,AL,ASO,ES,Combined TRACON& Tower with Radar,82,76,112,0,270,0,5,55,0,60,82,81,167,0,330,0,0,0,330
05/25/2013,BHM,AL,ASO,ES,Combined TRACON& Tower with Radar,46,55,28,0,129,0,2,37,0,39,46,57,65,0,168,0,0,0,168
05/26/2013,BHM,AL,ASO,ES,Combined TRACON& Tower with Radar,55,39,34,0,128,0,0,17,1,18,55,39,51,1,146,0,0,0,146
05/27/2013,BHM,AL,ASO,ES,Combined TRACON& Tower with Radar,64,56,43,3,166,0,7,29,0,36,64,63,72,3,202,0,0,0,202
05/28/2013,BHM,AL,ASO,ES,Combined TRACON& Tower with Radar,78,79,119,4,280,0,3,52,3,58,78,82,171,7,338,0,0,0,338
05/29/2013,BHM,AL,ASO,ES,Combined TRACON& Tower with Radar,81,82,75,10,248,0,5,35,4,44,81,87,110,14,292,0,0,0,292
05/30/2013,BHM,AL,ASO,ES,Combined TRACON& Tower with Radar,84,69,103,5,261,0,4,26,2,32,84,73,129,7,293,0,0,0,293
05/31/2013,BHM,AL,ASO,ES,Combined TRACON& Tower with Radar,86,70,79,42,277,0,3,31,2,36,86,73,110,44,313,0,0,0,313
06/01/2013,BHM,AL,ASO,ES,Combined TRACON& Tower with Radar,54,49,34,2,139,0,2,13,0,15,54,51,47,2,154,0,0,0,154
06/02/2013,BHM,AL,ASO,ES,Combined TRACON& Tower with Radar,68,65,56,22,211,0,2,36,2,40,68,67,92,24,251,0,0,0,251
06/03/2013,BHM,AL,ASO,ES,Combined TRACON& Tower with Radar,75,55,107,17,254,0,1,36,3,40,75,56,143,20,294,0,0,0,294
06/04/2013,BHM,AL,ASO,ES,Combined TRACON& Tower with Radar,70,88,116,39,313,0,3,47,0,50,70,91,163,39,363,0,0,0,363
06/05/2013,BHM,AL,ASO,ES,Combined TRACON& Tower with Radar,72,75,99,0,246,0,2,8,2,12,72,77,107,2,258,0,0,0,258
06/06/2013,BHM,AL,ASO,ES,Combined TRACON& Tower with Radar,78,73,104,25,280,0,1,24,4,29,78,74,128,29,309,8,0,8,317
06/07/2013,BHM,AL,ASO,ES,Combined TRACON& Tower with Radar,76,79,92,4,251,0,1,10,0,11,76,80,102,4,262,0,0,0,262
06/08/2013,BHM,AL,ASO,ES,Combined TRACON& Tower with Radar,60,54,51,14,179,0,2,35,4,41,60,56,86,18,220,0,0,0,220
06/09/2013,BHM,AL,ASO,ES,Combined TRACON& Tower with Radar,66,66,57,18,207,0,1,9,2,12,66,67,66,20,219,0,0,0,219
06/10/2013,BHM,AL,ASO,ES,Combined TRACON& Tower with Radar,71,57,80,1,209,0,5,17,0,22,71,62,97,1,231,0,0,0,231
06/11/2013,BHM,AL,ASO,ES,Combined TRACON& Tower with Radar,75,75,97,19,266,0,4,49,2,55,75,79,146,21,321,0,0,0,321
06/12/2013,BHM,AL,ASO,ES,Combined TRACON& Tower with Radar,73,63,85,34,255,0,5,30,5,40,73,68,115,39,295,0,0,0,295
06/13/2013,BHM,AL,ASO,ES,Combined TRACON& Tower with Radar,80,72,85,25,262,0,2,22,0,24,80,74,107,25,286,0,0,0,286
06/14/2013,BHM,AL,ASO,ES,Combined TRACON& Tower with Radar,79,66,95,28,268,0,2,50,20,72,79,68,145,48,340,0,0,0,340
06/15/2013,BHM,AL,ASO,ES,Combined TRACON& Tower with Radar,56,61,32,2,151,0,3,58,1,62,56,64,90,3,213,0,0,0,213
06/16/2013,BHM,AL,ASO,ES,Combined TRACON& Tower with Radar,68,58,65,9,200,0,2,30,4,36,68,60,95,13,236,0,0,0,236
06/17/2013,BHM,AL,ASO,ES,Combined TRACON& Tower with Radar,70,73,68,5,216,0,0,11,0,11,70,73,79,5,227,0,0,0,227
06/18/2013,BHM,AL,ASO,ES,Combined TRACON& Tower with Radar,77,60,93,10,240,0,1,9,3,13,77,61,102,13,253,0,0,0,253
06/19/2013,BHM,AL,ASO,ES,Combined TRACON& Tower with Radar,76,66,100,25,267,0,4,35,2,41,76,70,135,27,308,0,0,0,308
06/20/2013,BHM,AL,ASO,ES,Combined TRACON& Tower with Radar,76,72,110,28,286,0,4,36,2,42,76,76,146,30,328,15,0,15,343
06/21/2013,BHM,AL,ASO,ES,Combined TRACON& Tower with Radar,78,80,99,18,275,0,6,37,0,43,78,86,136,18,318,0,0,0,318
06/22/2013,BHM,AL,ASO,ES,Combined TRACON& Tower with Radar,54,60,33,9,156,0,1,58,5,64,54,61,91,14,220,0,0,0,220
06/23/2013,BHM,AL,ASO,ES,Combined TRACON& Tower with Radar,67,53,60,4,184,0,3,38,2,43,67,56,98,6,227,0,0,0,227
06/24/2013,BHM,AL,ASO,ES,Combined TRACON& Tower with Radar,72,59,75,11,217,0,1,11,0,12,72,60,86,11,229,0,0,0,229
06/25/2013,BHM,AL,ASO,ES,Combined TRACON& Tower with Radar,73,74,79,11,237,0,2,27,2,31,73,76,106,13,268,0,0,0,268
06/26/2013,BHM,AL,ASO,ES,Combined TRACON& Tower with Radar,76,72,115,11,274,0,5,46,3,54,76,77,161,14,328,0,0,0,328
06/27/2013,BHM,AL,ASO,ES,Combined TRACON& Tower with Radar,78,72,106,9,265,0,4,24,10,38,78,76,130,19,303,0,0,0,303
06/28/2013,BHM,AL,ASO,ES,Combined TRACON& Tower with Radar,85,60,94,6,245,0,3,30,0,33,85,63,124,6,278,0,0,0,278
06/29/2013,BHM,AL,ASO,ES,Combined TRACON& Tower with Radar,56,71,50,4,181,0,1,28,0,29,56,72,78,4,210,0,0,0,210
06/30/2013,BHM,AL,ASO,ES,Combined TRACON& Tower with Radar,60,60,67,17,204,0,3,53,3,59,60,63,120,20,263,0,0,0,263
07/01/2013,BHM,AL,ASO,ES,Combined TRACON& Tower with Radar,70,53,60,7,190,0,2,33,1,36,70,55,93,8,226,0,0,0,226
07/02/2013,BHM,AL,ASO,ES,Combined TRACON& Tower with Radar,72,71,93,34,270,0,3,35,5,43,72,74,128,39,313,0,0,0,313
07/03/2013,BHM,AL,ASO,ES,Combined TRACON& Tower with Radar,76,65,61,5,207,0,1,11,0,12,76,66,72,5,219,0,0,0,219
07/04/2013,BHM,AL,ASO,ES,Combined TRACON& Tower with Radar,44,53,14,0,111,0,0,1,0,1,44,53,15,0,112,0,0,0,112
07/05/2013,BHM,AL,ASO,ES,Combined TRACON& Tower with Radar,66,44,26,0,136,0,0,2,0,2,66,44,28,0,138,0,0,0,138
07/06/2013,BHM,AL,ASO,ES,Combined TRACON& Tower with Radar,57,52,35,1,145,0,0,0,0,0,57,52,35,1,145,0,0,0,145
07/07/2013,BHM,AL,ASO,ES,Combined TRACON& Tower with Radar,65,56,58,1,180,0,0,17,0,17,65,56,75,1,197,0,0,0,197
07/08/2013,BHM,AL,ASO,ES,Combined TRACON& Tower with Radar,71,58,86,2,217,0,4,7,1,12,71,62,93,3,229,0,0,0,229
07/09/2013,BHM,AL,ASO,ES,Combined TRACON& Tower with Radar,73,58,97,17,245,0,1,30,5,36,73,59,127,22,281,0,0,0,281
07/10/2013,BHM,AL,ASO,ES,Combined TRACON& Tower with Radar,82,71,87,28,268,0,2,18,4,24,82,73,105,32,292,0,0,0,292
07/11/2013,BHM,AL,ASO,ES,Combined TRACON& Tower with Radar,73,81,112,12,278,0,2,12,6,20,73,83,124,18,298,0,0,0,298
07/12/2013,BHM,AL,ASO,ES,Combined TRACON& Tower with Radar,81,66,99,26,272,0,5,32,10,47,81,71,131,36,319,0,0,0,319
07/13/2013,BHM,AL,ASO,ES,Combined TRACON& Tower with Radar,58,58,35,11,162,0,1,38,6,45,58,59,73,17,207,0,0,0,207
07/14/2013,BHM,AL,ASO,ES,Combined TRACON& Tower with Radar,67,56,64,21,208,0,0,17,9,26,67,56,81,30,234,0,0,0,234
07/15/2013,BHM,AL,ASO,ES,Combined TRACON& Tower with Radar,72,64,78,15,229,0,3,18,0,21,72,67,96,15,250,0,0,0,250
07/16/2013,BHM,AL,ASO,ES,Combined TRACON& Tower with Radar,76,71,122,71,340,0,4,39,8,51,76,75,161,79,391,0,0,0,391
07/17/2013,BHM,AL,ASO,ES,Combined TRACON& Tower with Radar,80,68,121,10,279,0,2,38,0,40,80,70,159,10,319,0,0,0,319
07/18/2013,BHM,AL,ASO,ES,Combined TRACON& Tower with Radar,80,73,106,42,301,0,4,53,4,61,80,77,159,46,362,0,0,0,362
07/19/2013,BHM,AL,ASO,ES,Combined TRACON& Tower with Radar,77,74,93,12,256,0,1,43,10,54,77,75,136,22,310,0,0,0,310
07/20/2013,BHM,AL,ASO,ES,Combined TRACON& Tower with Radar,62,64,35,6,167,0,3,16,0,19,62,67,51,6,186,0,0,0,186
07/21/2013,BHM,AL,ASO,ES,Combined TRACON& Tower with Radar,66,55,43,4,168,0,0,10,0,10,66,55,53,4,178,0,0,0,178
07/22/2013,BHM,AL,ASO,ES,Combined TRACON& Tower with Radar,69,61,85,3,218,0,1,1,0,2,69,62,86,3,220,0,0,0,220
07/23/2013,BHM,AL,ASO,ES,Combined TRACON& Tower with Radar,79,66,94,6,245,0,1,3,0,4,79,67,97,6,249,0,0,0,249
07/24/2013,BHM,AL,ASO,ES,Combined TRACON& Tower with Radar,75,71,111,17,274,0,2,24,0,26,75,73,135,17,300,0,0,0,300
07/25/2013,BHM,AL,ASO,ES,Combined TRACON& Tower with Radar,75,74,119,13,281,0,2,59,8,69,75,76,178,21,350,0,0,0,350
07/26/2013,BHM,AL,ASO,ES,Combined TRACON& Tower with Radar,91,81,99,20,291,0,6,46,8,60,91,87,145,28,351,0,0,0,351
07/27/2013,BHM,AL,ASO,ES,Combined TRACON& Tower with Radar,51,54,34,0,139,0,6,27,0,33,51,60,61,0,172,0,0,0,172
07/28/2013,BHM,AL,ASO,ES,Combined TRACON& Tower with Radar,67,59,71,11,208,0,3,18,0,21,67,62,89,11,229,0,0,0,229
07/29/2013,BHM,AL,ASO,ES,Combined TRACON& Tower with Radar,72,61,68,10,211,0,1,36,0,37,72,62,104,10,248,0,0,0,248
07/30/2013,BHM,AL,ASO,ES,Combined TRACON& Tower with Radar,76,74,92,37,279,0,1,46,6,53,76,75,138,43,332,8,12,20,352
07/31/2013,BHM,AL,ASO,ES,Combined TRACON& Tower with Radar,76,72,120,17,285,0,0,19,3,22,76,72,139,20,307,0,0,0,307
08/01/2013,BHM,AL,ASO,ES,Combined TRACON& Tower with Radar,76,73,100,21,270,0,3,26,7,36,76,76,126,28,306,0,0,0,306
08/02/2013,BHM,AL,ASO,ES,Combined TRACON& Tower with Radar,73,71,65,11,220,0,3,38,0,41,73,74,103,11,261,0,0,0,261
08/03/2013,BHM,AL,ASO,ES,Combined TRACON& Tower with Radar,58,56,36,11,161,0,1,40,3,44,58,57,76,14,205,0,0,0,205
08/04/2013,BHM,AL,ASO,ES,Combined TRACON& Tower with Radar,72,60,62,3,197,0,1,38,0,39,72,61,100,3,236,0,0,0,236
08/05/2013,BHM,AL,ASO,ES,Combined TRACON& Tower with Radar,70,54,70,5,199,0,0,44,2,46,70,54,114,7,245,0,0,0,245
08/06/2013,BHM,AL,ASO,ES,Combined TRACON& Tower with Radar,72,72,102,19,265,0,4,11,0,15,72,76,113,19,280,0,0,0,280
08/07/2013,BHM,AL,ASO,ES,Combined TRACON& Tower with Radar,74,67,108,4,253,0,1,17,2,20,74,68,125,6,273,0,0,0,273
08/08/2013,BHM,AL,ASO,ES,Combined TRACON& Tower with Radar,75,86,80,6,247,0,2,23,5,30,75,88,103,11,277,0,0,0,277
08/09/2013,BHM,AL,ASO,ES,Combined TRACON& Tower with Radar,74,85,72,24,255,0,2,18,2,22,74,87,90,26,277,4,0,4,281
08/10/2013,BHM,AL,ASO,ES,Combined TRACON& Tower with Radar,61,57,41,4,163,0,6,32,1,39,61,63,73,5,202,4,0,4,206
08/11/2013,BHM,AL,ASO,ES,Combined TRACON& Tower with Radar,64,58,67,8,197,0,1,18,6,25,64,59,85,14,222,0,0,0,222
08/12/2013,BHM,AL,ASO,ES,Combined TRACON& Tower with Radar,71,64,74,4,213,0,4,30,1,35,71,68,104,5,248,16,0,16,264
08/13/2013,BHM,AL,ASO,ES,Combined TRACON& Tower with Radar,70,73,85,8,236,0,3,11,1,15,70,76,96,9,251,0,0,0,251
08/14/2013,BHM,AL,ASO,ES,Combined TRACON& Tower with Radar,75,73,77,16,241,0,0,21,0,21,75,73,98,16,262,0,0,0,262
08/15/2013,BHM,AL,ASO,ES,Combined TRACON& Tower with Radar,74,84,91,18,267,0,0,14,14,28,74,84,105,32,295,0,0,0,295
08/16/2013,BHM,AL,ASO,ES,Combined TRACON& Tower with Radar,73,80,90,15,258,0,0,8,16,24,73,80,98,31,282,0,0,0,282
08/17/2013,BHM,AL,ASO,ES,Combined TRACON& Tower with Radar,48,53,31,13,145,0,0,3,0,3,48,53,34,13,148,0,0,0,148
08/18/2013,BHM,AL,ASO,ES,Combined TRACON& Tower with Radar,66,55,45,14,180,0,0,6,3,9,66,55,51,17,189,0,0,0,189
08/19/2013,BHM,AL,ASO,ES,Combined TRACON& Tower with Radar,74,82,95,0,251,0,0,10,0,10,74,82,105,0,261,0,0,0,261
08/20/2013,BHM,AL,ASO,ES,Combined TRACON& Tower with Radar,74,85,121,15,295,0,0,6,0,6,74,85,127,15,301,0,0,0,301
08/21/2013,BHM,AL,ASO,ES,Combined TRACON& Tower with Radar,74,67,117,23,281,0,1,41,4,46,74,68,158,27,327,0,0,0,327
08/22/2013,BHM,AL,ASO,ES,Combined TRACON& Tower with Radar,74,71,105,9,259,0,4,32,16,52,74,75,137,25,311,0,0,0,311
08/23/2013,BHM,AL,ASO,ES,Combined TRACON& Tower with Radar,78,78,107,26,289,0,1,46,3,50,78,79,153,29,339,0,0,0,339
08/24/2013,BHM,AL,ASO,ES,Combined TRACON& Tower with Radar,50,45,40,7,142,0,1,34,0,35,50,46,74,7,177,0,0,0,177
08/25/2013,BHM,AL,ASO,ES,Combined TRACON& Tower with Radar,64,55,77,8,204,0,4,58,0,62,64,59,135,8,266,0,0,0,266
08/26/2013,BHM,AL,ASO,ES,Combined TRACON& Tower with Radar,70,66,97,32,265,0,2,37,0,39,70,68,134,32,304,0,0,0,304
08/27/2013,BHM,AL,ASO,ES,Combined TRACON& Tower with Radar,75,59,111,18,263,0,3,35,7,45,75,62,146,25,308,0,0,0,308
08/28/2013,BHM,AL,ASO,ES,Combined TRACON& Tower with Radar,76,66,90,33,265,0,0,51,3,54,76,66,141,36,319,0,0,0,319
08/29/2013,BHM,AL,ASO,ES,Combined TRACON& Tower with Radar,71,76,118,26,291,0,2,40,6,48,71,78,158,32,339,0,0,0,339
08/30/2013,BHM,AL,ASO,ES,Combined TRACON& Tower with Radar,73,75,83,2,233,0,2,43,0,45,73,77,126,2,278,0,0,0,278
08/31/2013,BHM,AL,ASO,ES,Combined TRACON& Tower with Radar,41,47,34,5,127,0,3,28,1,32,41,50,62,6,159,0,0,0,159
09/01/2013,BHM,AL,ASO,ES,Combined TRACON& Tower with Radar,52,31,30,1,114,0,0,13,0,13,52,31,43,1,127,0,0,0,127
09/02/2013,BHM,AL,ASO,ES,Combined TRACON& Tower with Radar,60,51,66,1,178,0,1,13,2,16,60,52,79,3,194,0,0,0,194
09/03/2013,BHM,AL,ASO,ES,Combined TRACON& Tower with Radar,74,66,96,7,243,0,0,30,2,32,74,66,126,9,275,0,0,0,275
09/04/2013,BHM,AL,ASO,ES,Combined TRACON& Tower with Radar,77,79,92,33,281,0,2,28,8,38,77,81,120,41,319,0,0,0,319
09/05/2013,BHM,AL,ASO,ES,Combined TRACON& Tower with Radar,74,71,78,18,241,0,0,38,11,49,74,71,116,29,290,0,0,0,290
09/06/2013,BHM,AL,ASO,ES,Combined TRACON& Tower with Radar,73,77,64,52,266,0,3,39,6,48,73,80,103,58,314,0,0,0,314
09/07/2013,BHM,AL,ASO,ES,Combined TRACON& Tower with Radar,42,46,40,1,129,0,2,46,0,48,42,48,86,1,177,0,0,0,177
09/08/2013,BHM,AL,ASO,ES,Combined TRACON& Tower with Radar,65,50,52,6,173,0,2,33,6,41,65,52,85,12,214,0,0,0,214
09/09/2013,BHM,AL,ASO,ES,Combined TRACON& Tower with Radar,68,79,81,0,228,0,0,37,0,37,68,79,118,0,265,0,0,0,265
09/10/2013,BHM,AL,ASO,ES,Combined TRACON& Tower with Radar,74,71,81,2,228,0,0,26,6,32,74,71,107,8,260,0,0,0,260
09/11/2013,BHM,AL,ASO,ES,Combined TRACON& Tower with Radar,72,76,96,36,280,0,2,42,2,46,72,78,138,38,326,0,0,0,326
09/12/2013,BHM,AL,ASO,ES,Combined TRACON& Tower with Radar,75,74,109,9,267,0,2,38,2,42,75,76,147,11,309,0,0,0,309
09/13/2013,BHM,AL,ASO,ES,Combined TRACON& Tower with Radar,79,83,101,22,285,0,1,38,11,50,79,84,139,33,335,0,0,0,335
09/14/2013,BHM,AL,ASO,ES,Combined TRACON& Tower with Radar,45,54,93,10,202,0,1,55,5,61,45,55,148,15,263,0,0,0,263
09/15/2013,BHM,AL,ASO,ES,Combined TRACON& Tower with Radar,71,55,58,18,202,0,2,50,8,60,71,57,108,26,262,0,0,0,262
09/16/2013,BHM,AL,ASO,ES,Combined TRACON& Tower with Radar,68,62,86,26,242,0,2,29,0,31,68,64,115,26,273,0,0,0,273
09/17/2013,BHM,AL,ASO,ES,Combined TRACON& Tower with Radar,72,80,102,10,264,0,2,40,0,42,72,82,142,10,306,0,0,0,306
09/18/2013,BHM,AL,ASO,ES,Combined TRACON& Tower with Radar,74,85,94,15,268,0,1,36,6,43,74,86,130,21,311,0,0,0,311
09/19/2013,BHM,AL,ASO,ES,Combined TRACON& Tower with Radar,73,84,115,17,289,0,0,42,11,53,73,84,157,28,342,0,0,0,342
09/20/2013,BHM,AL,ASO,ES,Combined TRACON& Tower with Radar,75,78,93,21,267,0,1,40,11,52,75,79,133,32,319,8,0,8,327
09/21/2013,BHM,AL,ASO,ES,Combined TRACON& Tower with Radar,42,48,29,10,129,0,0,7,2,9,42,48,36,12,138,0,0,0,138
09/22/2013,BHM,AL,ASO,ES,Combined TRACON& Tower with Radar,64,53,75,10,202,0,0,51,6,57,64,53,126,16,259,0,0,0,259
09/23/2013,BHM,AL,ASO,ES,Combined TRACON& Tower with Radar,71,65,79,17,232,0,3,22,2,27,71,68,101,19,259,4,0,4,263
09/24/2013,BHM,AL,ASO,ES,Combined TRACON& Tower with Radar,75,68,92,15,250,0,0,0,0,0,75,68,92,15,250,0,0,0,250
09/25/2013,BHM,AL,ASO,ES,Combined TRACON& Tower with Radar,73,88,107,32,300,0,1,13,2,16,73,89,120,34,316,0,0,0,316
09/26/2013,BHM,AL,ASO,ES,Combined TRACON& Tower with Radar,75,85,90,25,275,0,0,25,8,33,75,85,115,33,308,0,0,0,308
09/27/2013,BHM,AL,ASO,ES,Combined TRACON& Tower with Radar,69,87,114,28,298,0,1,39,2,42,69,88,153,30,340,0,0,0,340
09/28/2013,BHM,AL,ASO,ES,Combined TRACON& Tower with Radar,45,43,41,4,133,0,2,37,0,39,45,45,78,4,172,0,0,0,172
09/29/2013,BHM,AL,ASO,ES,Combined TRACON& Tower with Radar,65,60,54,9,188,0,2,31,1,34,65,62,85,10,222,0,0,0,222
09/30/2013,BHM,AL,ASO,ES,Combined TRACON& Tower with Radar,71,69,116,3,259,0,0,16,0,16,71,69,132,3,275,0,0,0,275
10/01/2013,BHM,AL,ASO,ES,Combined TRACON& Tower with Radar,74,74,100,10,258,0,1,23,2,26,74,75,123,12,284,0,0,0,284
10/02/2013,BHM,AL,ASO,ES,Combined TRACON& Tower with Radar,76,72,95,12,255,0,1,26,2,29,76,73,121,14,284,11,11,22,306
10/03/2013,BHM,AL,ASO,ES,Combined TRACON& Tower with Radar,77,79,102,23,281,0,0,48,1,49,77,79,150,24,330,0,8,8,338
10/04/2013,BHM,AL,ASO,ES,Combined TRACON& Tower with Radar,80,75,107,14,276,0,7,38,2,47,80,82,145,16,323,0,0,0,323
10/05/2013,BHM,AL,ASO,ES,Combined TRACON& Tower with Radar,52,50,47,0,149,0,0,28,0,28,52,50,75,0,177,0,0,0,177
10/06/2013,BHM,AL,ASO,ES,Combined TRACON& Tower with Radar,72,58,50,0,180,0,2,6,0,8,72,60,56,0,188,0,0,0,188
10/07/2013,BHM,AL,ASO,ES,Combined TRACON& Tower with Radar,68,65,79,15,227,0,1,31,0,32,68,66,110,15,259,0,0,0,259
10/08/2013,BHM,AL,ASO,ES,Combined TRACON& Tower with Radar,75,71,100,9,255,0,1,37,3,41,75,72,137,12,296,0,0,0,296
10/09/2013,BHM,AL,ASO,ES,Combined TRACON& Tower with Radar,76,75,111,28,290,0,5,35,0,40,76,80,146,28,330,0,0,0,330
10/10/2013,BHM,AL,ASO,ES,Combined TRACON& Tower with Radar,77,84,113,30,304,0,3,53,1,57,77,87,166,31,361,0,0,0,361
10/11/2013,BHM,AL,ASO,ES,Combined TRACON& Tower with Radar,77,77,102,7,263,0,0,69,5,74,77,77,171,12,337,0,0,0,337
10/12/2013,BHM,AL,ASO,ES,Combined TRACON& Tower with Radar,45,45,54,0,144,0,2,28,0,30,45,47,82,0,174,0,0,0,174
10/13/2013,BHM,AL,ASO,ES,Combined TRACON& Tower with Radar,66,60,77,0,203,0,4,36,0,40,66,64,113,0,243,0,0,0,243
10/14/2013,BHM,AL,ASO,ES,Combined TRACON& Tower with Radar,70,72,108,0,250,0,3,34,0,37,70,75,142,0,287,0,0,0,287
10/15/2013,BHM,AL,ASO,ES,Combined TRACON& Tower with Radar,78,68,97,14,257,0,2,43,0,45,78,70,140,14,302,16,0,16,318
10/16/2013,BHM,AL,ASO,ES,Combined TRACON& Tower with Radar,76,70,112,22,280,0,0,13,0,13,76,70,125,22,293,0,16,16,309
10/17/2013,BHM,AL,ASO,ES,Combined TRACON& Tower with Radar,76,86,108,2,272,0,0,2,0,2,76,86,110,2,274,0,0,0,274
10/18/2013,BHM,AL,ASO,ES,Combined TRACON& Tower with Radar,78,91,91,6,266,0,0,53,0,53,78,91,144,6,319,0,0,0,319
10/19/2013,BHM,AL,ASO,ES,Combined TRACON& Tower with Radar,50,46,48,1,145,0,2,24,0,26,50,48,72,1,171,0,0,0,171
10/20/2013,BHM,AL,ASO,ES,Combined TRACON& Tower with Radar,74,52,75,6,207,0,1,52,4,57,74,53,127,10,264,0,0,0,264
10/21/2013,BHM,AL,ASO,ES,Combined TRACON& Tower with Radar,72,73,127,30,302,0,3,46,0,49,72,76,173,30,351,0,0,0,351
10/22/2013,BHM,AL,ASO,ES,Combined TRACON& Tower with Radar,76,73,116,12,277,0,0,28,0,28,76,73,144,12,305,0,0,0,305
10/23/2013,BHM,AL,ASO,ES,Combined TRACON& Tower with Radar,75,78,76,7,236,0,2,27,1,30,75,80,103,8,266,0,0,0,266
10/24/2013,BHM,AL,ASO,ES,Combined TRACON& Tower with Radar,78,72,113,15,278,0,1,33,3,37,78,73,146,18,315,0,0,0,315
10/25/2013,BHM,AL,ASO,ES,Combined TRACON& Tower with Radar,83,70,102,18,273,0,2,49,3,54,83,72,151,21,327,0,0,0,327
10/26/2013,BHM,AL,ASO,ES,Combined TRACON& Tower with Radar,50,44,61,4,159,0,1,34,0,35,50,45,95,4,194,0,0,0,194
10/27/2013,BHM,AL,ASO,ES,Combined TRACON& Tower with Radar,70,52,86,12,220,0,4,33,3,40,70,56,119,15,260,0,0,0,260
10/28/2013,BHM,AL,ASO,ES,Combined TRACON& Tower with Radar,68,68,92,0,228,0,0,20,0,20,68,68,112,0,248,54,0,54,302
10/29/2013,BHM,AL,ASO,ES,Combined TRACON& Tower with Radar,78,72,100,33,283,0,0,37,6,43,78,72,137,39,326,0,0,0,326
10/30/2013,BHM,AL,ASO,ES,Combined TRACON& Tower with Radar,76,68,107,9,260,0,3,25,1,29,76,71,132,10,289,12,5,17,306
10/31/2013,BHM,AL,ASO,ES,Combined TRACON& Tower with Radar,72,78,67,8,225,0,2,9,1,12,72,80,76,9,237,0,0,0,237
11/01/2013,BHM,AL,ASO,ES,Combined TRACON& Tower with Radar,79,73,87,2,241,0,0,28,4,32,79,73,115,6,273,0,0,0,273
11/02/2013,BHM,AL,ASO,ES,Combined TRACON& Tower with Radar,54,48,53,3,158,0,2,47,1,50,54,50,100,4,208,0,0,0,208
11/03/2013,BHM,AL,ASO,ES,Combined TRACON& Tower with Radar,68,45,59,12,184,0,2,48,8,58,68,47,107,20,242,0,0,0,242
11/04/2013,BHM,AL,ASO,ES,Combined TRACON& Tower with Radar,70,63,76,11,220,0,0,36,2,38,70,63,112,13,258,0,0,0,258
11/05/2013,BHM,AL,ASO,ES,Combined TRACON& Tower with Radar,76,70,95,33,274,0,1,22,0,23,76,71,117,33,297,80,0,80,377
11/06/2013,BHM,AL,ASO,ES,Combined TRACON& Tower with Radar,75,69,100,18,262,0,0,21,0,21,75,69,121,18,283,0,0,0,283
11/07/2013,BHM,AL,ASO,ES,Combined TRACON& Tower with Radar,77,76,123,16,292,0,2,21,0,23,77,78,144,16,315,0,0,0,315
11/08/2013,BHM,AL,ASO,ES,Combined TRACON& Tower with Radar,82,87,109,3,281,0,3,47,0,50,82,90,156,3,331,26,0,26,357
11/09/2013,BHM,AL,ASO,ES,Combined TRACON& Tower with Radar,50,62,47,0,159,0,6,53,0,59,50,68,100,0,218,0,0,0,218
11/10/2013,BHM,AL,ASO,ES,Combined TRACON& Tower with Radar,66,59,78,3,206,0,3,46,1,50,66,62,124,4,256,0,0,0,256
11/11/2013,BHM,AL,ASO,ES,Combined TRACON& Tower with Radar,71,76,74,0,221,0,1,36,0,37,71,77,110,0,258,0,0,0,258
11/12/2013,BHM,AL,ASO,ES,Combined TRACON& Tower with Radar,77,69,83,23,252,0,1,8,1,10,77,70,91,24,262,0,0,0,262
11/13/2013,BHM,AL,ASO,ES,Combined TRACON& Tower with Radar,76,77,97,27,277,0,2,43,2,47,76,79,140,29,324,6,6,12,336
11/14/2013,BHM,AL,ASO,ES,Combined TRACON& Tower with Radar,73,103,102,9,287,0,3,55,5,63,73,106,157,14,350,0,0,0,350
11/15/2013,BHM,AL,ASO,ES,Combined TRACON& Tower with Radar,81,88,105,12,286,0,0,4,0,4,81,88,109,12,290,0,0,0,290
11/16/2013,BHM,AL,ASO,ES,Combined TRACON& Tower with Radar,52,52,49,0,153,0,1,2,0,3,52,53,51,0,156,0,0,0,156
11/17/2013,BHM,AL,ASO,ES,Combined TRACON& Tower with Radar,74,61,50,4,189,0,0,0,0,0,74,61,50,4,189,0,0,0,189
11/18/2013,BHM,AL,ASO,ES,Combined TRACON& Tower with Radar,70,62,86,11,229,0,2,35,1,38,70,64,121,12,267,0,0,0,267
11/19/2013,BHM,AL,ASO,ES,Combined TRACON& Tower with Radar,78,65,102,15,260,0,4,43,2,49,78,69,145,17,309,10,0,10,319
11/20/2013,BHM,AL,ASO,ES,Combined TRACON& Tower with Radar,76,70,101,28,275,0,5,38,3,46,76,75,139,31,321,0,0,0,321
11/21/2013,BHM,AL,ASO,ES,Combined TRACON& Tower with Radar,74,73,109,25,281,0,0,7,13,20,74,73,116,38,301,0,0,0,301
11/22/2013,BHM,AL,ASO,ES,Combined TRACON& Tower with Radar,78,95,103,7,283,0,0,2,0,2,78,95,105,7,285,0,0,0,285
11/23/2013,BHM,AL,ASO,ES,Combined TRACON& Tower with Radar,51,56,46,17,170,0,0,2,1,3,51,56,48,18,173,0,0,0,173
11/24/2013,BHM,AL,ASO,ES,Combined TRACON& Tower with Radar,64,52,44,15,175,0,2,39,12,53,64,54,83,27,228,0,0,0,228
11/25/2013,BHM,AL,ASO,ES,Combined TRACON& Tower with Radar,64,52,65,9,190,0,3,20,1,24,64,55,85,10,214,0,0,0,214
11/26/2013,BHM,AL,ASO,ES,Combined TRACON& Tower with Radar,77,81,39,5,202,0,0,0,0,0,77,81,39,5,202,0,0,0,202
11/27/2013,BHM,AL,ASO,ES,Combined TRACON& Tower with Radar,79,70,81,1,231,0,8,11,7,26,79,78,92,8,257,0,0,0,257
11/28/2013,BHM,AL,ASO,ES,Combined TRACON& Tower with Radar,37,40,15,0,92,0,5,29,0,34,37,45,44,0,126,0,0,0,126
11/29/2013,BHM,AL,ASO,ES,Combined TRACON& Tower with Radar,48,36,42,1,127,0,3,46,3,52,48,39,88,4,179,0,0,0,179
11/30/2013,BHM,AL,ASO,ES,Combined TRACON& Tower with Radar,52,63,54,0,169,0,1,34,0,35,52,64,88,0,204,0,0,0,204
12/01/2013,BHM,AL,ASO,ES,Combined TRACON& Tower with Radar,78,60,88,0,226,0,2,29,0,31,78,62,117,0,257,0,0,0,257
12/02/2013,BHM,AL,ASO,ES,Combined TRACON& Tower with Radar,73,61,83,14,231,0,0,5,0,5,73,61,88,14,236,0,0,0,236
12/03/2013,BHM,AL,ASO,ES,Combined TRACON& Tower with Radar,76,73,107,5,261,0,0,4,1,5,76,73,111,6,266,0,0,0,266
12/04/2013,BHM,AL,ASO,ES,Combined TRACON& Tower with Radar,72,71,125,16,284,0,0,7,2,9,72,71,132,18,293,0,0,0,293
12/05/2013,BHM,AL,ASO,ES,Combined TRACON& Tower with Radar,72,79,84,19,254,0,0,9,4,13,72,79,93,23,267,0,0,0,267
12/06/2013,BHM,AL,ASO,ES,Combined TRACON& Tower with Radar,77,80,68,9,234,0,0,1,0,1,77,80,69,9,235,0,0,0,235
12/07/2013,BHM,AL,ASO,ES,Combined TRACON& Tower with Radar,50,55,55,2,162,0,0,4,0,4,50,55,59,2,166,0,0,0,166
12/08/2013,BHM,AL,ASO,ES,Combined TRACON& Tower with Radar,59,53,41,0,153,0,0,0,0,0,59,53,41,0,153,0,0,0,153
12/09/2013,BHM,AL,ASO,ES,Combined TRACON& Tower with Radar,65,61,71,6,203,0,0,0,0,0,65,61,71,6,203,0,0,0,203
12/10/2013,BHM,AL,ASO,ES,Combined TRACON& Tower with Radar,72,76,101,21,270,0,0,18,8,26,72,76,119,29,296,0,0,0,296
12/11/2013,BHM,AL,ASO,ES,Combined TRACON& Tower with Radar,74,89,129,24,316,0,1,58,2,61,74,90,187,26,377,0,0,0,377
12/12/2013,BHM,AL,ASO,ES,Combined TRACON& Tower with Radar,76,82,106,28,292,0,5,34,2,41,76,87,140,30,333,4,0,4,337
12/13/2013,BHM,AL,ASO,ES,Combined TRACON& Tower with Radar,76,76,84,7,243,0,2,32,2,36,76,78,116,9,279,4,0,4,283
12/14/2013,BHM,AL,ASO,ES,Combined TRACON& Tower with Radar,49,44,26,5,124,0,0,0,0,0,49,44,26,5,124,0,0,0,124
12/15/2013,BHM,AL,ASO,ES,Combined TRACON& Tower with Radar,68,53,60,19,200,0,0,3,3,6,68,53,63,22,206,0,0,0,206
12/16/2013,BHM,AL,ASO,ES,Combined TRACON& Tower with Radar,69,66,111,8,254,0,3,43,0,46,69,69,154,8,300,0,0,0,300
12/17/2013,BHM,AL,ASO,ES,Combined TRACON& Tower with Radar,73,68,100,21,262,0,3,36,8,47,73,71,136,29,309,0,0,0,309
12/18/2013,BHM,AL,ASO,ES,Combined TRACON& Tower with Radar,76,87,94,17,274,0,1,39,9,49,76,88,133,26,323,0,0,0,323
12/19/2013,BHM,AL,ASO,ES,Combined TRACON& Tower with Radar,69,75,126,11,281,0,5,48,7,60,69,80,174,18,341,0,0,0,341
12/20/2013,BHM,AL,ASO,ES,Combined TRACON& Tower with Radar,71,75,97,15,258,0,0,22,6,28,71,75,119,21,286,34,0,34,320
12/21/2013,BHM,AL,ASO,ES,Combined TRACON& Tower with Radar,49,57,28,2,136,0,0,2,1,3,49,57,30,3,139,0,0,0,139
12/22/2013,BHM,AL,ASO,ES,Combined TRACON& Tower with Radar,57,44,16,0,117,0,0,2,0,2,57,44,18,0,119,0,0,0,119
12/23/2013,BHM,AL,ASO,ES,Combined TRACON& Tower with Radar,66,62,54,0,182,0,0,16,0,16,66,62,70,0,198,0,0,0,198
12/24/2013,BHM,AL,ASO,ES,Combined TRACON& Tower with Radar,49,55,27,0,131,0,1,18,0,19,49,56,45,0,150,0,0,0,150
12/25/2013,BHM,AL,ASO,ES,Combined TRACON& Tower with Radar,40,53,10,0,103,0,3,9,0,12,40,56,19,0,115,0,0,0,115
12/26/2013,BHM,AL,ASO,ES,Combined TRACON& Tower with Radar,63,57,52,0,172,0,3,37,0,40,63,60,89,0,212,0,0,0,212
12/27/2013,BHM,AL,ASO,ES,Combined TRACON& Tower with Radar,66,72,52,1,191,0,8,36,0,44,66,80,88,1,235,0,0,0,235
12/28/2013,BHM,AL,ASO,ES,Combined TRACON& Tower with Radar,52,59,40,0,151,0,1,3,0,4,52,60,43,0,155,0,0,0,155
12/29/2013,BHM,AL,ASO,ES,Combined TRACON& Tower with Radar,57,49,45,1,152,0,0,15,0,15,57,49,60,1,167,0,0,0,167
12/30/2013,BHM,AL,ASO,ES,Combined TRACON& Tower with Radar,61,50,61,0,172,0,0,2,0,2,61,50,63,0,174,0,0,0,174
12/31/2013,BHM,AL,ASO,ES,Combined TRACON& Tower with Radar,53,60,46,0,159,0,1,17,0,18,53,61,63,0,177,0,0,0,177
01/01/2014,BHM,AL,ASO,ES,Combined TRACON& Tower with Radar,47,41,37,1,126,0,2,22,0,24,47,43,59,1,150,0,0,0,150
01/02/2014,BHM,AL,ASO,ES,Combined TRACON& Tower with Radar,59,62,53,6,180,0,0,3,0,3,59,62,56,6,183,0,0,0,183
01/03/2014,BHM,AL,ASO,ES,Combined TRACON& Tower with Radar,69,71,66,10,216,0,4,29,1,34,69,75,95,11,250,0,0,0,250
01/04/2014,BHM,AL,ASO,ES,Combined TRACON& Tower with Radar,77,67,66,11,221,0,2,47,1,50,77,69,113,12,271,0,0,0,271
01/05/2014,BHM,AL,ASO,ES,Combined TRACON& Tower with Radar,50,45,48,0,143,0,2,3,0,5,50,47,51,0,148,0,0,0,148
01/06/2014,BHM,AL,ASO,ES,Combined TRACON& Tower with Radar,68,39,41,0,148,0,5,7,0,12,68,44,48,0,160,0,0,0,160
01/07/2014,BHM,AL,ASO,ES,Combined TRACON& Tower with Radar,111,56,75,1,243,0,5,19,1,25,111,61,94,2,268,0,0,0,268
01/08/2014,BHM,AL,ASO,ES,Combined TRACON& Tower with Radar,73,76,84,17,250,0,2,29,4,35,73,78,113,21,285,28,0,28,313
01/09/2014,BHM,AL,ASO,ES,Combined TRACON& Tower with Radar,70,74,82,22,248,0,3,16,12,31,70,77,98,34,279,12,0,12,291
01/10/2014,BHM,AL,ASO,ES,Combined TRACON& Tower with Radar,70,70,55,2,197,0,0,2,0,2,70,70,57,2,199,0,0,0,199
01/11/2014,BHM,AL,ASO,ES,Combined TRACON& Tower with Radar,39,41,20,0,100,0,3,26,0,29,39,44,46,0,129,0,0,0,129
01/12/2014,BHM,AL,ASO,ES,Combined TRACON& Tower with Radar,56,47,56,8,167,0,0,65,1,66,56,47,121,9,233,0,0,0,233
01/13/2014,BHM,AL,ASO,ES,Combined TRACON& Tower with Radar,64,53,70,3,190,0,0,9,0,9,64,53,79,3,199,0,0,0,199
01/14/2014,BHM,AL,ASO,ES,Combined TRACON& Tower with Radar,68,74,82,22,246,0,3,29,6,38,68,77,111,28,284,0,0,0,284
01/15/2014,BHM,AL,ASO,ES,Combined TRACON& Tower with Radar,70,67,75,35,247,0,1,26,0,27,70,68,101,35,274,0,0,0,274
01/16/2014,BHM,AL,ASO,ES,Combined TRACON& Tower with Radar,70,72,110,37,289,0,1,47,6,54,70,73,157,43,343,0,0,0,343
01/17/2014,BHM,AL,ASO,ES,Combined TRACON& Tower with Radar,73,69,85,17,244,0,1,30,4,35,73,70,115,21,279,0,0,0,279
01/18/2014,BHM,AL,ASO,ES,Combined TRACON& Tower with Radar,40,47,30,1,118,0,6,44,0,50,40,53,74,1,168,0,0,0,168
01/19/2014,BHM,AL,ASO,ES,Combined TRACON& Tower with Radar,52,45,69,5,171,0,1,41,1,43,52,46,110,6,214,0,0,0,214
01/20/2014,BHM,AL,ASO,ES,Combined TRACON& Tower with Radar,64,53,54,0,171,0,2,69,0,71,64,55,123,0,242,0,0,0,242
01/21/2014,BHM,AL,ASO,ES,Combined TRACON& Tower with Radar,67,57,93,9,226,0,3,18,4,25,67,60,111,13,251,0,0,0,251
01/22/2014,BHM,AL,ASO,ES,Combined TRACON& Tower with Radar,68,75,104,12,259,0,1,26,0,27,68,76,130,12,286,0,0,0,286
01/23/2014,BHM,AL,ASO,ES,Combined TRACON& Tower with Radar,71,72,106,12,261,0,3,26,12,41,71,75,132,24,302,0,0,0,302
01/24/2014,BHM,AL,ASO,ES,Combined TRACON& Tower with Radar,72,61,78,30,241,1,4,17,13,35,73,65,95,43,276,0,0,0,276
01/25/2014,BHM,AL,ASO,ES,Combined TRACON& Tower with Radar,41,47,49,12,149,0,4,32,5,41,41,51,81,17,190,0,0,0,190
01/26/2014,BHM,AL,ASO,ES,Combined TRACON& Tower with Radar,54,47,54,13,168,0,4,34,11,49,54,51,88,24,217,0,0,0,217
01/27/2014,BHM,AL,ASO,ES,Combined TRACON& Tower with Radar,64,49,95,8,216,0,1,20,2,23,64,50,115,10,239,0,0,0,239
01/28/2014,BHM,AL,ASO,ES,Combined TRACON& Tower with Radar,23,21,17,1,62,0,0,1,0,1,23,21,18,1,63,0,0,0,63
01/29/2014,BHM,AL,ASO,ES,Combined TRACON& Tower with Radar,2,7,17,3,29,0,2,29,2,33,2,9,46,5,62,0,0,0,62
01/30/2014,BHM,AL,ASO,ES,Combined TRACON& Tower with Radar,52,71,74,0,197,0,9,13,2,24,52,80,87,2,221,0,0,0,221
01/31/2014,BHM,AL,ASO,ES,Combined TRACON& Tower with Radar,69,67,73,26,235,0,4,50,1,55,69,71,123,27,290,0,0,0,290
02/01/2014,BHM,AL,ASO,ES,Combined TRACON& Tower with Radar,37,42,34,0,113,0,3,45,0,48,37,45,79,0,161,0,0,0,161
02/02/2014,BHM,AL,ASO,ES,Combined TRACON& Tower with Radar,54,48,25,9,136,0,0,3,0,3,54,48,28,9,139,0,0,0,139
02/03/2014,BHM,AL,ASO,ES,Combined TRACON& Tower with Radar,63,53,90,13,219,0,0,4,0,4,63,53,94,13,223,0,0,0,223
02/04/2014,BHM,AL,ASO,ES,Combined TRACON& Tower with Radar,70,78,87,17,252,0,0,2,0,2,70,78,89,17,254,0,0,0,254
02/05/2014,BHM,AL,ASO,ES,Combined TRACON& Tower with Radar,69,67,87,13,236,0,0,5,4,9,69,67,92,17,245,0,0,0,245
02/06/2014,BHM,AL,ASO,ES,Combined TRACON& Tower with Radar,71,63,109,11,254,0,0,6,2,8,71,63,115,13,262,0,0,0,262
02/07/2014,BHM,AL,ASO,ES,Combined TRACON& Tower with Radar,71,60,71,46,248,0,2,42,5,49,71,62,113,51,297,0,0,0,297
02/08/2014,BHM,AL,ASO,ES,Combined TRACON& Tower with Radar,40,44,48,5,137,0,0,49,0,49,40,44,97,5,186,0,0,0,186
02/09/2014,BHM,AL,ASO,ES,Combined TRACON& Tower with Radar,56,40,58,6,160,0,0,50,0,50,56,40,108,6,210,0,0,0,210
02/10/2014,BHM,AL,ASO,ES,Combined TRACON& Tower with Radar,59,65,69,0,193,0,0,0,0,0,59,65,69,0,193,0,0,0,193
02/11/2014,BHM,AL,ASO,ES,Combined TRACON& Tower with Radar,56,59,39,0,154,0,0,0,0,0,56,59,39,0,154,0,0,0,154
02/12/2014,BHM,AL,ASO,ES,Combined TRACON& Tower with Radar,38,47,40,0,125,0,0,0,0,0,38,47,40,0,125,0,0,0,125
02/13/2014,BHM,AL,ASO,ES,Combined TRACON& Tower with Radar,33,49,74,17,173,0,4,30,5,39,33,53,104,22,212,12,0,12,224
02/14/2014,BHM,AL,ASO,ES,Combined TRACON& Tower with Radar,67,58,103,7,235,0,1,29,0,30,67,59,132,7,265,0,0,0,265
02/15/2014,BHM,AL,ASO,ES,Combined TRACON& Tower with Radar,41,51,36,2,130,0,1,54,0,55,41,52,90,2,185,0,0,0,185
02/16/2014,BHM,AL,ASO,ES,Combined TRACON& Tower with Radar,49,47,47,2,145,0,1,53,1,55,49,48,100,3,200,0,0,0,200
02/17/2014,BHM,AL,ASO,ES,Combined TRACON& Tower with Radar,57,66,97,11,231,0,3,3,2,8,57,69,100,13,239,0,0,0,239
02/18/2014,BHM,AL,ASO,ES,Combined TRACON& Tower with Radar,71,74,118,33,296,0,0,18,3,21,71,74,136,36,317,0,0,0,317
02/19/2014,BHM,AL,ASO,ES,Combined TRACON& Tower with Radar,73,74,92,13,252,0,1,13,0,14,73,75,105,13,266,0,0,0,266
02/20/2014,BHM,AL,ASO,ES,Combined TRACON& Tower with Radar,67,80,117,12,276,0,1,0,6,7,67,81,117,18,283,0,0,0,283
02/21/2014,BHM,AL,ASO,ES,Combined TRACON& Tower with Radar,72,70,114,16,272,0,2,73,15,90,72,72,187,31,362,0,0,0,362
02/22/2014,BHM,AL,ASO,ES,Combined TRACON& Tower with Radar,45,44,46,12,147,0,3,57,4,64,45,47,103,16,211,0,0,0,211
02/23/2014,BHM,AL,ASO,ES,Combined TRACON& Tower with Radar,61,63,47,7,178,0,2,55,11,68,61,65,102,18,246,0,0,0,246
02/24/2014,BHM,AL,ASO,ES,Combined TRACON& Tower with Radar,66,66,86,42,260,0,0,46,4,50,66,66,132,46,310,0,0,0,310
02/25/2014,BHM,AL,ASO,ES,Combined TRACON& Tower with Radar,66,86,95,26,273,0,2,18,5,25,66,88,113,31,298,0,0,0,298
02/26/2014,BHM,AL,ASO,ES,Combined TRACON& Tower with Radar,67,76,96,38,277,0,1,19,8,28,67,77,115,46,305,0,0,0,305
02/27/2014,BHM,AL,ASO,ES,Combined TRACON& Tower with Radar,68,81,125,40,314,0,1,35,8,44,68,82,160,48,358,0,0,0,358
02/28/2014,BHM,AL,ASO,ES,Combined TRACON& Tower with Radar,71,78,93,12,254,0,2,58,5,65,71,80,151,17,319,0,0,0,319
03/01/2014,BHM,AL,ASO,ES,Combined TRACON& Tower with Radar,43,49,54,2,148,0,1,24,2,27,43,50,78,4,175,0,0,0,175
03/02/2014,BHM,AL,ASO,ES,Combined TRACON& Tower with Radar,55,57,67,6,185,0,0,53,2,55,55,57,120,8,240,0,0,0,240
03/03/2014,BHM,AL,ASO,ES,Combined TRACON& Tower with Radar,67,66,78,0,211,0,0,2,2,4,67,66,80,2,215,0,0,0,215
03/04/2014,BHM,AL,ASO,ES,Combined TRACON& Tower with Radar,66,81,93,6,246,0,0,10,4,14,66,81,103,10,260,0,0,0,260
03/05/2014,BHM,AL,ASO,ES,Combined TRACON& Tower with Radar,69,84,89,8,250,0,3,40,2,45,69,87,129,10,295,0,0,0,295
03/06/2014,BHM,AL,ASO,ES,Combined TRACON& Tower with Radar,72,78,97,26,273,0,0,2,0,2,72,78,99,26,275,0,0,0,275
03/07/2014,BHM,AL,ASO,ES,Combined TRACON& Tower with Radar,73,76,77,4,230,0,1,55,0,56,73,77,132,4,286,0,0,0,286
03/08/2014,BHM,AL,ASO,ES,Combined TRACON& Tower with Radar,47,50,59,5,161,0,1,46,1,48,47,51,105,6,209,0,0,0,209
03/09/2014,BHM,AL,ASO,ES,Combined TRACON& Tower with Radar,67,58,53,8,186,0,3,43,1,47,67,61,96,9,233,0,0,0,233
03/10/2014,BHM,AL,ASO,ES,Combined TRACON& Tower with Radar,71,59,66,7,203,0,4,26,0,30,71,63,92,7,233,0,0,0,233
03/11/2014,BHM,AL,ASO,ES,Combined TRACON& Tower with Radar,74,78,90,23,265,0,2,27,0,29,74,80,117,23,294,0,0,0,294
03/12/2014,BHM,AL,ASO,ES,Combined TRACON& Tower with Radar,72,90,76,4,242,0,4,0,0,4,72,94,76,4,246,0,0,0,246
03/13/2014,BHM,AL,ASO,ES,Combined TRACON& Tower with Radar,71,72,114,12,269,0,8,45,3,56,71,80,159,15,325,0,0,0,325
03/14/2014,BHM,AL,ASO,ES,Combined TRACON& Tower with Radar,80,76,91,29,276,0,6,40,9,55,80,82,131,38,331,8,12,20,351
03/15/2014,BHM,AL,ASO,ES,Combined TRACON& Tower with Radar,43,49,48,20,160,0,4,38,6,48,43,53,86,26,208,0,0,0,208
03/16/2014,BHM,AL,ASO,ES,Combined TRACON& Tower with Radar,67,56,40,6,169,0,0,2,0,2,67,56,42,6,171,0,0,0,171
03/17/2014,BHM,AL,ASO,ES,Combined TRACON& Tower with Radar,67,72,85,6,230,0,0,0,0,0,67,72,85,6,230,0,0,0,230
03/18/2014,BHM,AL,ASO,ES,Combined TRACON& Tower with Radar,72,81,119,15,287,0,0,6,1,7,72,81,125,16,294,0,0,0,294
03/19/2014,BHM,AL,ASO,ES,Combined TRACON& Tower with Radar,73,78,120,10,281,0,4,19,4,27,73,82,139,14,308,0,0,0,308
03/20/2014,BHM,AL,ASO,ES,Combined TRACON& Tower with Radar,75,73,122,18,288,0,11,59,2,72,75,84,181,20,360,11,4,15,375
03/21/2014,BHM,AL,ASO,ES,Combined TRACON& Tower with Radar,78,81,92,40,291,0,7,46,1,54,78,88,138,41,345,12,10,22,367
03/22/2014,BHM,AL,ASO,ES,Combined TRACON& Tower with Radar,49,66,62,3,180,0,4,39,5,48,49,70,101,8,228,0,0,0,228
03/23/2014,BHM,AL,ASO,ES,Combined TRACON& Tower with Radar,68,54,55,9,186,0,0,14,4,18,68,54,69,13,204,0,0,0,204
03/24/2014,BHM,AL,ASO,ES,Combined TRACON& Tower with Radar,71,59,84,13,227,0,3,38,0,41,71,62,122,13,268,0,0,0,268
03/25/2014,BHM,AL,ASO,ES,Combined TRACON& Tower with Radar,70,78,65,21,234,0,5,33,0,38,70,83,98,21,272,0,0,0,272
03/26/2014,BHM,AL,ASO,ES,Combined TRACON& Tower with Radar,72,74,82,45,273,0,3,48,3,54,72,77,130,48,327,0,0,0,327
03/27/2014,BHM,AL,ASO,ES,Combined TRACON& Tower with Radar,78,68,77,18,241,0,1,26,1,28,78,69,103,19,269,1,0,1,270
03/28/2014,BHM,AL,ASO,ES,Combined TRACON& Tower with Radar,78,82,50,5,215,0,0,0,0,0,78,82,50,5,215,0,0,0,215
03/29/2014,BHM,AL,ASO,ES,Combined TRACON& Tower with Radar,51,52,44,5,152,0,1,6,0,7,51,53,50,5,159,4,0,4,163
03/30/2014,BHM,AL,ASO,ES,Combined TRACON& Tower with Radar,62,58,85,1,206,0,2,36,0,38,62,60,121,1,244,0,0,0,244
03/31/2014,BHM,AL,ASO,ES,Combined TRACON& Tower with Radar,71,62,66,20,219,0,6,45,0,51,71,68,111,20,270,0,0,0,270
04/01/2014,BHM,AL,ASO,ES,Combined TRACON& Tower with Radar,70,73,88,4,235,0,8,47,2,57,70,81,135,6,292,0,0,0,292
04/02/2014,BHM,AL,ASO,ES,Combined TRACON& Tower with Radar,67,66,109,36,278,0,6,19,5,30,67,72,128,41,308,37,0,37,345
04/03/2014,BHM,AL,ASO,ES,Combined TRACON& Tower with Radar,71,75,114,28,288,0,4,15,2,21,71,79,129,30,309,0,0,0,309
04/04/2014,BHM,AL,ASO,ES,Combined TRACON& Tower with Radar,74,75,46,12,207,0,2,2,6,10,74,77,48,18,217,0,0,0,217
04/05/2014,BHM,AL,ASO,ES,Combined TRACON& Tower with Radar,44,51,42,2,139,0,1,46,2,49,44,52,88,4,188,16,0,16,204
04/06/2014,BHM,AL,ASO,ES,Combined TRACON& Tower with Radar,67,48,37,1,153,0,0,5,0,5,67,48,42,1,158,0,0,0,158
04/07/2014,BHM,AL,ASO,ES,Combined TRACON& Tower with Radar,70,71,69,4,214,0,1,4,0,5,70,72,73,4,219,0,0,0,219
04/08/2014,BHM,AL,ASO,ES,Combined TRACON& Tower with Radar,67,77,109,22,275,0,3,25,2,30,67,80,134,24,305,0,0,0,305
04/09/2014,BHM,AL,ASO,ES,Combined TRACON& Tower with Radar,71,70,103,21,265,0,4,42,4,50,71,74,145,25,315,0,0,0,315
04/10/2014,BHM,AL,ASO,ES,Combined TRACON& Tower with Radar,69,79,95,24,267,0,6,42,5,53,69,85,137,29,320,0,0,0,320
04/11/2014,BHM,AL,ASO,ES,Combined TRACON& Tower with Radar,77,83,94,18,272,1,3,38,5,47,78,86,132,23,319,8,0,8,327
04/12/2014,BHM,AL,ASO,ES,Combined TRACON& Tower with Radar,42,56,51,0,149,0,4,51,2,57,42,60,102,2,206,3,0,3,209
04/13/2014,BHM,AL,ASO,ES,Combined TRACON& Tower with Radar,64,57,85,13,219,0,1,19,11,31,64,58,104,24,250,0,2,2,252
04/14/2014,BHM,AL,ASO,ES,Combined TRACON& Tower with Radar,66,66,50,0,182,0,0,0,0,0,66,66,50,0,182,0,0,0,182
04/15/2014,BHM,AL,ASO,ES,Combined TRACON& Tower with Radar,68,73,84,11,236,0,2,5,0,7,68,75,89,11,243,0,0,0,243
04/16/2014,BHM,AL,ASO,ES,Combined TRACON& Tower with Radar,69,73,125,37,304,0,6,57,3,66,69,79,182,40,370,0,16,16,386
04/17/2014,BHM,AL,ASO,ES,Combined TRACON& Tower with Radar,69,80,87,51,287,0,5,37,12,54,69,85,124,63,341,8,20,28,369
04/18/2014,BHM,AL,ASO,ES,Combined TRACON& Tower with Radar,70,79,69,29,247,0,1,18,3,22,70,80,87,32,269,18,0,18,287
04/19/2014,BHM,AL,ASO,ES,Combined TRACON& Tower with Radar,36,49,28,1,114,0,2,26,0,28,36,51,54,1,142,0,0,0,142
04/20/2014,BHM,AL,ASO,ES,Combined TRACON& Tower with Radar,53,60,40,4,157,0,1,25,0,26,53,61,65,4,183,1,0,1,184
04/21/2014,BHM,AL,ASO,ES,Combined TRACON& Tower with Radar,66,57,97,11,231,0,5,43,1,49,66,62,140,12,280,0,0,0,280
04/22/2014,BHM,AL,ASO,ES,Combined TRACON& Tower with Radar,69,84,125,18,296,0,2,11,0,13,69,86,136,18,309,0,0,0,309
04/23/2014,BHM,AL,ASO,ES,Combined TRACON& Tower with Radar,69,83,119,18,289,0,7,38,6,51,69,90,157,24,340,6,0,6,346
04/24/2014,BHM,AL,ASO,ES,Combined TRACON& Tower with Radar,72,79,128,12,291,0,5,44,8,57,72,84,172,20,348,0,0,0,348
04/25/2014,BHM,AL,ASO,ES,Combined TRACON& Tower with Radar,73,74,95,10,252,0,4,24,14,42,73,78,119,24,294,30,0,30,324
04/26/2014,BHM,AL,ASO,ES,Combined TRACON& Tower with Radar,44,48,64,15,171,0,5,48,7,60,44,53,112,22,231,0,0,0,231
04/27/2014,BHM,AL,ASO,ES,Combined TRACON& Tower with Radar,67,73,91,0,231,0,0,12,0,12,67,73,103,0,243,6,0,6,249
04/28/2014,BHM,AL,ASO,ES,Combined TRACON& Tower with Radar,66,53,60,6,185,0,3,6,0,9,66,56,66,6,194,0,0,0,194
04/29/2014,BHM,AL,ASO,ES,Combined TRACON& Tower with Radar,69,65,50,3,187,0,2,10,1,13,69,67,60,4,200,0,0,0,200
04/30/2014,BHM,AL,ASO,ES,Combined TRACON& Tower with Radar,71,78,102,20,271,0,2,31,14,47,71,80,133,34,318,22,4,26,344
05/01/2014,BHM,AL,ASO,ES,Combined TRACON& Tower with Radar,70,75,117,5,267,0,6,54,11,71,70,81,171,16,338,0,0,0,338
05/02/2014,BHM,AL,ASO,ES,Combined TRACON& Tower with Radar,72,76,92,13,253,0,2,34,4,40,72,78,126,17,293,2,0,2,295
05/03/2014,BHM,AL,ASO,ES,Combined TRACON& Tower with Radar,44,60,33,3,140,0,3,53,2,58,44,63,86,5,198,10,4,14,212
05/04/2014,BHM,AL,ASO,ES,Combined TRACON& Tower with Radar,64,64,66,1,195,0,2,33,3,38,64,66,99,4,233,12,0,12,245
05/05/2014,BHM,AL,ASO,ES,Combined TRACON& Tower with Radar,67,59,91,50,267,0,3,45,4,52,67,62,136,54,319,22,0,22,341
05/06/2014,BHM,AL,ASO,ES,Combined TRACON& Tower with Radar,69,79,83,19,250,0,5,45,0,50,69,84,128,19,300,14,0,14,314
05/07/2014,BHM,AL,ASO,ES,Combined TRACON& Tower with Radar,71,79,125,12,287,0,1,57,5,63,71,80,182,17,350,10,0,10,360
05/08/2014,BHM,AL,ASO,ES,Combined TRACON& Tower with Radar,68,79,130,28,305,0,3,52,4,59,68,82,182,32,364,12,6,18,382
05/09/2014,BHM,AL,ASO,ES,Combined TRACON& Tower with Radar,63,87,95,8,253,0,3,3,0,6,63,90,98,8,259,0,0,0,259
05/10/2014,BHM,AL,ASO,ES,Combined TRACON& Tower with Radar,47,54,31,3,135,0,0,9,0,9,47,54,40,3,144,4,14,18,162
05/11/2014,BHM,AL,ASO,ES,Combined TRACON& Tower with Radar,63,58,49,7,177,0,0,7,0,7,63,58,56,7,184,0,0,0,184
05/12/2014,BHM,AL,ASO,ES,Combined TRACON& Tower with Radar,67,80,106,11,264,0,4,32,0,36,67,84,138,11,300,0,0,0,300
05/13/2014,BHM,AL,ASO,ES,Combined TRACON& Tower with Radar,68,92,103,25,288,0,4,39,4,47,68,96,142,29,335,0,0,0,335
05/14/2014,BHM,AL,ASO,ES,Combined TRACON& Tower with Radar,79,83,91,7,260,0,0,3,0,3,79,83,94,7,263,0,0,0,263
05/15/2014,BHM,AL,ASO,ES,Combined TRACON& Tower with Radar,66,85,117,12,280,0,3,17,9,29,66,88,134,21,309,8,4,12,321
05/16/2014,BHM,AL,ASO,ES,Combined TRACON& Tower with Radar,74,79,104,23,280,0,6,45,17,68,74,85,149,40,348,1,0,1,349
05/17/2014,BHM,AL,ASO,ES,Combined TRACON& Tower with Radar,45,66,43,6,160,0,1,15,0,16,45,67,58,6,176,12,4,16,192
05/18/2014,BHM,AL,ASO,ES,Combined TRACON& Tower with Radar,64,66,58,6,194,0,0,20,2,22,64,66,78,8,216,0,0,0,216
05/19/2014,BHM,AL,ASO,ES,Combined TRACON& Tower with Radar,67,74,97,6,244,0,2,37,1,40,67,76,134,7,284,8,8,16,300
05/20/2014,BHM,AL,ASO,ES,Combined TRACON& Tower with Radar,71,85,131,21,308,0,4,45,1,50,71,89,176,22,358,0,0,0,358
05/21/2014,BHM,AL,ASO,ES,Combined TRACON& Tower with Radar,72,81,138,21,312,0,5,42,8,55,72,86,180,29,367,22,0,22,389
05/22/2014,BHM,AL,ASO,ES,Combined TRACON& Tower with Radar,71,90,130,15,306,0,4,52,8,64,71,94,182,23,370,0,14,14,384
05/23/2014,BHM,AL,ASO,ES,Combined TRACON& Tower with Radar,70,82,85,0,237,0,2,52,1,55,70,84,137,1,292,12,4,16,308
05/24/2014,BHM,AL,ASO,ES,Combined TRACON& Tower with Radar,42,59,47,0,148,0,3,26,0,29,42,62,73,0,177,0,0,0,177
05/25/2014,BHM,AL,ASO,ES,Combined TRACON& Tower with Radar,53,42,28,2,125,0,1,17,0,18,53,43,45,2,143,0,0,0,143
05/26/2014,BHM,AL,ASO,ES,Combined TRACON& Tower with Radar,64,65,41,0,170,0,3,28,0,31,64,68,69,0,201,0,0,0,201
05/27/2014,BHM,AL,ASO,ES,Combined TRACON& Tower with Radar,64,67,92,5,228,0,3,19,0,22,64,70,111,5,250,2,0,2,252
05/28/2014,BHM,AL,ASO,ES,Combined TRACON& Tower with Radar,69,84,60,2,215,0,0,7,0,7,69,84,67,2,222,6,0,6,228
05/29/2014,BHM,AL,ASO,ES,Combined TRACON& Tower with Radar,70,98,81,19,268,0,0,12,3,15,70,98,93,22,283,10,0,10,293
05/30/2014,BHM,AL,ASO,ES,Combined TRACON& Tower with Radar,70,77,64,31,242,0,2,20,5,27,70,79,84,36,269,16,4,20,289
05/31/2014,BHM,AL,ASO,ES,Combined TRACON& Tower with Radar,43,54,46,5,148,0,1,41,0,42,43,55,87,5,190,33,4,37,227
06/01/2014,BHM,AL,ASO,ES,Combined TRACON& Tower with Radar,65,64,49,13,191,0,1,12,9,22,65,65,61,22,213,0,0,0,213
06/02/2014,BHM,AL,ASO,ES,Combined TRACON& Tower with Radar,67,71,78,6,222,0,2,19,0,21,67,73,97,6,243,0,0,0,243
06/03/2014,BHM,AL,ASO,ES,Combined TRACON& Tower with Radar,70,82,98,24,274,0,2,22,0,24,70,84,120,24,298,0,0,0,298
06/04/2014,BHM,AL,ASO,ES,Combined TRACON& Tower with Radar,70,81,103,19,273,0,1,29,0,30,70,82,132,19,303,0,0,0,303
06/05/2014,BHM,AL,ASO,ES,Combined TRACON& Tower with Radar,82,75,83,8,248,0,3,29,7,39,82,78,112,15,287,0,0,0,287
06/06/2014,BHM,AL,ASO,ES,Combined TRACON& Tower with Radar,77,85,89,9,260,0,1,19,0,20,77,86,108,9,280,10,0,10,290
06/07/2014,BHM,AL,ASO,ES,Combined TRACON& Tower with Radar,50,64,43,17,174,0,3,31,0,34,50,67,74,17,208,14,0,14,222
06/08/2014,BHM,AL,ASO,ES,Combined TRACON& Tower with Radar,64,56,79,4,203,0,3,20,2,25,64,59,99,6,228,0,0,0,228
06/09/2014,BHM,AL,ASO,ES,Combined TRACON& Tower with Radar,70,61,71,18,220,0,0,19,1,20,70,61,90,19,240,16,0,16,256
06/10/2014,BHM,AL,ASO,ES,Combined TRACON& Tower with Radar,79,72,86,2,239,0,2,6,2,10,79,74,92,4,249,16,0,16,265
06/11/2014,BHM,AL,ASO,ES,Combined TRACON& Tower with Radar,76,78,73,29,256,0,1,2,3,6,76,79,75,32,262,16,0,16,278
06/12/2014,BHM,AL,ASO,ES,Combined TRACON& Tower with Radar,74,87,114,22,297,0,2,32,5,39,74,89,146,27,336,12,0,12,348
06/13/2014,BHM,AL,ASO,ES,Combined TRACON& Tower with Radar,74,71,81,41,267,0,1,14,6,21,74,72,95,47,288,24,8,32,320
06/14/2014,BHM,AL,ASO,ES,Combined TRACON& Tower with Radar,57,57,46,10,170,0,6,39,0,45,57,63,85,10,215,0,0,0,215
06/15/2014,BHM,AL,ASO,ES,Combined TRACON& Tower with Radar,71,56,53,4,184,0,0,26,0,26,71,56,79,4,210,16,0,16,226
06/16/2014,BHM,AL,ASO,ES,Combined TRACON& Tower with Radar,70,67,68,0,205,0,2,42,4,48,70,69,110,4,253,20,2,22,275
06/17/2014,BHM,AL,ASO,ES,Combined TRACON& Tower with Radar,75,84,100,11,270,0,5,37,0,42,75,89,137,11,312,16,2,18,330
06/18/2014,BHM,AL,ASO,ES,Combined TRACON& Tower with Radar,73,77,108,21,279,0,1,29,2,32,73,78,137,23,311,12,6,18,329
06/19/2014,BHM,AL,ASO,ES,Combined TRACON& Tower with Radar,74,84,95,18,271,0,1,36,8,45,74,85,131,26,316,0,0,0,316
06/20/2014,BHM,AL,ASO,ES,Combined TRACON& Tower with Radar,80,75,83,6,244,0,2,42,0,44,80,77,125,6,288,22,0,22,310
06/21/2014,BHM,AL,ASO,ES,Combined TRACON& Tower with Radar,61,58,31,4,154,0,0,17,0,17,61,58,48,4,171,10,2,12,183
06/22/2014,BHM,AL,ASO,ES,Combined TRACON& Tower with Radar,63,60,69,4,196,0,2,32,1,35,63,62,101,5,231,10,0,10,241
06/23/2014,BHM,AL,ASO,ES,Combined TRACON& Tower with Radar,93,69,60,1,223,0,1,15,0,16,93,70,75,1,239,0,0,0,239
06/24/2014,BHM,AL,ASO,ES,Combined TRACON& Tower with Radar,75,74,87,8,244,0,1,17,0,18,75,75,104,8,262,0,0,0,262
06/25/2014,BHM,AL,ASO,ES,Combined TRACON& Tower with Radar,78,80,101,24,283,0,0,29,0,29,78,80,130,24,312,0,0,0,312
06/26/2014,BHM,AL,ASO,ES,Combined TRACON& Tower with Radar,80,80,108,17,285,0,0,6,3,9,80,80,114,20,294,0,0,0,294
06/27/2014,BHM,AL,ASO,ES,Combined TRACON& Tower with Radar,81,82,77,15,255,0,1,32,1,34,81,83,109,16,289,19,0,19,308
06/28/2014,BHM,AL,ASO,ES,Combined TRACON& Tower with Radar,53,66,42,2,163,0,0,15,0,15,53,66,57,2,178,0,0,0,178
06/29/2014,BHM,AL,ASO,ES,Combined TRACON& Tower with Radar,65,46,67,2,180,0,1,18,0,19,65,47,85,2,199,0,0,0,199
06/30/2014,BHM,AL,ASO,ES,Combined TRACON& Tower with Radar,70,68,62,0,200,0,3,29,0,32,70,71,91,0,232,0,0,0,232
07/01/2014,BHM,AL,ASO,ES,Combined TRACON& Tower with Radar,70,64,77,10,221,0,1,53,0,54,70,65,130,10,275,21,0,21,296
07/02/2014,BHM,AL,ASO,ES,Combined TRACON& Tower with Radar,74,70,72,8,224,0,5,37,2,44,74,75,109,10,268,14,0,14,282
07/03/2014,BHM,AL,ASO,ES,Combined TRACON& Tower with Radar,71,66,56,2,195,0,3,37,0,40,71,69,93,2,235,15,0,15,250
07/04/2014,BHM,AL,ASO,ES,Combined TRACON& Tower with Radar,40,47,21,0,108,0,0,29,0,29,40,47,50,0,137,8,0,8,145
07/05/2014,BHM,AL,ASO,ES,Combined TRACON& Tower with Radar,48,45,15,0,108,0,0,28,1,29,48,45,43,1,137,10,0,10,147
07/06/2014,BHM,AL,ASO,ES,Combined TRACON& Tower with Radar,60,69,41,0,170,0,2,31,0,33,60,71,72,0,203,0,0,0,203
07/07/2014,BHM,AL,ASO,ES,Combined TRACON& Tower with Radar,69,76,72,21,238,0,3,29,1,33,69,79,101,22,271,0,0,0,271
07/08/2014,BHM,AL,ASO,ES,Combined TRACON& Tower with Radar,72,75,86,25,258,0,2,50,1,53,72,77,136,26,311,8,0,8,319
07/09/2014,BHM,AL,ASO,ES,Combined TRACON& Tower with Radar,67,82,81,12,242,0,4,12,3,19,67,86,93,15,261,0,0,0,261
07/10/2014,BHM,AL,ASO,ES,Combined TRACON& Tower with Radar,72,86,107,26,291,0,1,14,5,20,72,87,121,31,311,0,0,0,311
07/11/2014,BHM,AL,ASO,ES,Combined TRACON& Tower with Radar,75,74,51,27,227,0,3,45,14,62,75,77,96,41,289,0,0,0,289
07/12/2014,BHM,AL,ASO,ES,Combined TRACON& Tower with Radar,54,53,36,14,157,0,1,28,0,29,54,54,64,14,186,0,0,0,186
07/13/2014,BHM,AL,ASO,ES,Combined TRACON& Tower with Radar,73,51,55,15,194,0,3,22,4,29,73,54,77,19,223,0,0,0,223
07/14/2014,BHM,AL,ASO,ES,Combined TRACON& Tower with Radar,76,71,97,6,250,0,0,19,1,20,76,71,116,7,270,0,0,0,270
07/15/2014,BHM,AL,ASO,ES,Combined TRACON& Tower with Radar,73,82,94,6,255,0,0,5,0,5,73,82,99,6,260,0,0,0,260
07/16/2014,BHM,AL,ASO,ES,Combined TRACON& Tower with Radar,72,75,91,12,250,0,3,50,2,55,72,78,141,14,305,18,0,18,323
07/17/2014,BHM,AL,ASO,ES,Combined TRACON& Tower with Radar,73,80,93,30,276,0,3,32,2,37,73,83,125,32,313,10,0,10,323
07/18/2014,BHM,AL,ASO,ES,Combined TRACON& Tower with Radar,75,69,91,29,264,0,1,23,1,25,75,70,114,30,289,4,0,4,293
07/19/2014,BHM,AL,ASO,ES,Combined TRACON& Tower with Radar,49,49,29,2,129,0,2,14,0,16,49,51,43,2,145,0,0,0,145
07/20/2014,BHM,AL,ASO,ES,Combined TRACON& Tower with Radar,63,54,61,23,201,0,1,13,1,15,63,55,74,24,216,4,0,4,220
07/21/2014,BHM,AL,ASO,ES,Combined TRACON& Tower with Radar,67,69,68,7,211,0,1,18,1,20,67,70,86,8,231,0,0,0,231
07/22/2014,BHM,AL,ASO,ES,Combined TRACON& Tower with Radar,75,75,103,39,292,0,3,11,4,18,75,78,114,43,310,0,0,0,310
07/23/2014,BHM,AL,ASO,ES,Combined TRACON& Tower with Radar,70,87,105,4,266,0,0,16,1,17,70,87,121,5,283,0,0,0,283
07/24/2014,BHM,AL,ASO,ES,Combined TRACON& Tower with Radar,95,72,109,17,293,0,0,26,9,35,95,72,135,26,328,0,0,0,328
07/25/2014,BHM,AL,ASO,ES,Combined TRACON& Tower with Radar,73,75,80,21,249,0,0,36,6,42,73,75,116,27,291,0,0,0,291
07/26/2014,BHM,AL,ASO,ES,Combined TRACON& Tower with Radar,54,50,26,1,131,0,0,32,2,34,54,50,58,3,165,0,0,0,165
07/27/2014,BHM,AL,ASO,ES,Combined TRACON& Tower with Radar,65,57,44,4,170,0,1,21,3,25,65,58,65,7,195,0,0,0,195
07/28/2014,BHM,AL,ASO,ES,Combined TRACON& Tower with Radar,72,64,84,7,227,0,1,16,1,18,72,65,100,8,245,0,0,0,245
07/29/2014,BHM,AL,ASO,ES,Combined TRACON& Tower with Radar,74,72,99,6,251,0,2,32,0,34,74,74,131,6,285,0,0,0,285
07/30/2014,BHM,AL,ASO,ES,Combined TRACON& Tower with Radar,72,73,104,14,263,0,1,31,6,38,72,74,135,20,301,0,0,0,301
07/31/2014,BHM,AL,ASO,ES,Combined TRACON& Tower with Radar,76,72,88,9,245,0,2,34,8,44,76,74,122,17,289,0,0,0,289
08/01/2014,BHM,AL,ASO,ES,Combined TRACON& Tower with Radar,76,72,81,30,259,0,0,41,2,43,76,72,122,32,302,12,0,12,314
08/02/2014,BHM,AL,ASO,ES,Combined TRACON& Tower with Radar,54,58,35,0,147,0,3,21,6,30,54,61,56,6,177,0,0,0,177
08/03/2014,BHM,AL,ASO,ES,Combined TRACON& Tower with Radar,63,55,38,0,156,0,4,19,2,25,63,59,57,2,181,0,0,0,181
08/04/2014,BHM,AL,ASO,ES,Combined TRACON& Tower with Radar,69,62,71,16,218,0,0,29,3,32,69,62,100,19,250,0,0,0,250
08/05/2014,BHM,AL,ASO,ES,Combined TRACON& Tower with Radar,75,68,67,11,221,0,0,27,0,27,75,68,94,11,248,10,4,14,262
08/06/2014,BHM,AL,ASO,ES,Combined TRACON& Tower with Radar,75,88,105,30,298,0,1,43,6,50,75,89,148,36,348,22,12,34,382
08/07/2014,BHM,AL,ASO,ES,Combined TRACON& Tower with Radar,83,84,107,9,283,0,1,21,4,26,83,85,128,13,309,0,0,0,309
08/08/2014,BHM,AL,ASO,ES,Combined TRACON& Tower with Radar,100,74,82,14,270,0,2,26,0,28,100,76,108,14,298,0,0,0,298
08/09/2014,BHM,AL,ASO,ES,Combined TRACON& Tower with Radar,59,57,38,0,154,0,0,14,0,14,59,57,52,0,168,0,0,0,168
08/10/2014,BHM,AL,ASO,ES,Combined TRACON& Tower with Radar,63,55,63,2,183,0,2,17,0,19,63,57,80,2,202,0,0,0,202
08/11/2014,BHM,AL,ASO,ES,Combined TRACON& Tower with Radar,75,68,92,14,249,0,0,11,0,11,75,68,103,14,260,0,0,0,260
08/12/2014,BHM,AL,ASO,ES,Combined TRACON& Tower with Radar,73,77,93,32,275,0,0,13,0,13,73,77,106,32,288,0,0,0,288
08/13/2014,BHM,AL,ASO,ES,Combined TRACON& Tower with Radar,71,72,99,10,252,0,4,43,1,48,71,76,142,11,300,6,0,6,306
08/14/2014,BHM,AL,ASO,ES,Combined TRACON& Tower with Radar,73,82,124,16,295,0,1,32,7,40,73,83,156,23,335,9,17,26,361
08/15/2014,BHM,AL,ASO,ES,Combined TRACON& Tower with Radar,75,73,90,20,258,0,6,45,2,53,75,79,135,22,311,0,0,0,311
08/16/2014,BHM,AL,ASO,ES,Combined TRACON& Tower with Radar,45,54,48,20,167,0,3,36,0,39,45,57,84,20,206,0,0,0,206
08/17/2014,BHM,AL,ASO,ES,Combined TRACON& Tower with Radar,64,55,52,25,196,0,0,25,0,25,64,55,77,25,221,0,0,0,221
08/18/2014,BHM,AL,ASO,ES,Combined TRACON& Tower with Radar,71,69,78,0,218,0,0,11,0,11,71,69,89,0,229,0,0,0,229
08/19/2014,BHM,AL,ASO,ES,Combined TRACON& Tower with Radar,71,68,93,22,254,0,2,17,0,19,71,70,110,22,273,0,0,0,273
08/20/2014,BHM,AL,ASO,ES,Combined TRACON& Tower with Radar,90,79,110,33,312,0,1,39,2,42,90,80,149,35,354,0,0,0,354
08/21/2014,BHM,AL,ASO,ES,Combined TRACON& Tower with Radar,73,74,118,15,280,0,1,18,9,28,73,75,136,24,308,0,0,0,308
08/22/2014,BHM,AL,ASO,ES,Combined TRACON& Tower with Radar,76,73,103,15,267,0,6,33,12,51,76,79,136,27,318,0,0,0,318
08/23/2014,BHM,AL,ASO,ES,Combined TRACON& Tower with Radar,49,40,50,2,141,0,1,46,0,47,49,41,96,2,188,0,0,0,188
08/24/2014,BHM,AL,ASO,ES,Combined TRACON& Tower with Radar,64,43,56,7,170,0,0,26,4,30,64,43,82,11,200,0,0,0,200
08/25/2014,BHM,AL,ASO,ES,Combined TRACON& Tower with Radar,69,60,87,39,255,0,2,20,0,22,69,62,107,39,277,16,0,16,293
08/26/2014,BHM,AL,ASO,ES,Combined TRACON& Tower with Radar,72,70,86,35,263,0,6,51,1,58,72,76,137,36,321,13,4,17,338
08/27/2014,BHM,AL,ASO,ES,Combined TRACON& Tower with Radar,72,75,118,30,295,0,3,44,3,50,72,78,162,33,345,10,14,24,369
08/28/2014,BHM,AL,ASO,ES,Combined TRACON& Tower with Radar,74,70,94,37,275,0,2,30,2,34,74,72,124,39,309,14,0,14,323
08/29/2014,BHM,AL,ASO,ES,Combined TRACON& Tower with Radar,79,69,90,1,239,0,0,44,1,45,79,69,134,2,284,0,0,0,284
08/30/2014,BHM,AL,ASO,ES,Combined TRACON& Tower with Radar,45,48,32,0,125,0,5,4,0,9,45,53,36,0,134,0,0,0,134
08/31/2014,BHM,AL,ASO,ES,Combined TRACON& Tower with Radar,54,28,44,0,126,0,1,12,0,13,54,29,56,0,139,14,0,14,153
09/01/2014,BHM,AL,ASO,ES,Combined TRACON& Tower with Radar,57,50,60,0,167,0,4,33,0,37,57,54,93,0,204,0,0,0,204
09/02/2014,BHM,AL,ASO,ES,Combined TRACON& Tower with Radar,80,53,71,8,212,0,2,12,0,14,80,55,83,8,226,0,0,0,226
09/03/2014,BHM,AL,ASO,ES,Combined TRACON& Tower with Radar,66,71,99,8,244,0,1,21,0,22,66,72,120,8,266,8,0,8,274
09/04/2014,BHM,AL,ASO,ES,Combined TRACON& Tower with Radar,66,75,98,15,254,0,0,9,2,11,66,75,107,17,265,0,0,0,265
09/05/2014,BHM,AL,ASO,ES,Combined TRACON& Tower with Radar,67,79,70,22,238,0,1,14,5,20,67,80,84,27,258,0,0,0,258
09/06/2014,BHM,AL,ASO,ES,Combined TRACON& Tower with Radar,45,44,43,0,132,0,0,35,0,35,45,44,78,0,167,8,0,8,175
09/07/2014,BHM,AL,ASO,ES,Combined TRACON& Tower with Radar,77,51,66,6,200,0,0,27,3,30,77,51,93,9,230,10,0,10,240
09/08/2014,BHM,AL,ASO,ES,Combined TRACON& Tower with Radar,69,53,79,4,205,0,1,19,0,20,69,54,98,4,225,0,0,0,225
09/09/2014,BHM,AL,ASO,ES,Combined TRACON& Tower with Radar,72,76,110,7,265,0,0,7,1,8,72,76,117,8,273,0,0,0,273
09/10/2014,BHM,AL,ASO,ES,Combined TRACON& Tower with Radar,72,67,125,11,275,0,0,34,3,37,72,67,159,14,312,0,0,0,312
09/11/2014,BHM,AL,ASO,ES,Combined TRACON& Tower with Radar,80,81,101,21,283,0,0,14,5,19,80,81,115,26,302,12,0,12,314
09/12/2014,BHM,AL,ASO,ES,Combined TRACON& Tower with Radar,78,72,92,22,264,0,0,18,2,20,78,72,110,24,284,0,0,0,284
09/13/2014,BHM,AL,ASO,ES,Combined TRACON& Tower with Radar,44,52,44,6,146,0,0,14,0,14,44,52,58,6,160,0,0,0,160
09/14/2014,BHM,AL,ASO,ES,Combined TRACON& Tower with Radar,62,50,56,14,182,0,6,54,5,65,62,56,110,19,247,0,0,0,247
09/15/2014,BHM,AL,ASO,ES,Combined TRACON& Tower with Radar,70,60,71,1,202,0,0,5,0,5,70,60,76,1,207,0,0,0,207
09/16/2014,BHM,AL,ASO,ES,Combined TRACON& Tower with Radar,74,78,91,28,271,0,1,10,3,14,74,79,101,31,285,0,0,0,285
09/17/2014,BHM,AL,ASO,ES,Combined TRACON& Tower with Radar,71,77,99,13,260,0,0,35,2,37,71,77,134,15,297,0,0,0,297
09/18/2014,BHM,AL,ASO,ES,Combined TRACON& Tower with Radar,79,80,106,15,280,0,2,38,4,44,79,82,144,19,324,0,0,0,324
09/19/2014,BHM,AL,ASO,ES,Combined TRACON& Tower with Radar,81,78,110,30,299,0,0,45,16,61,81,78,155,46,360,0,8,8,368
09/20/2014,BHM,AL,ASO,ES,Combined TRACON& Tower with Radar,44,43,45,15,147,0,1,37,9,47,44,44,82,24,194,0,0,0,194
09/21/2014,BHM,AL,ASO,ES,Combined TRACON& Tower with Radar,68,57,79,3,207,0,1,41,4,46,68,58,120,7,253,0,0,0,253
09/22/2014,BHM,AL,ASO,ES,Combined TRACON& Tower with Radar,67,67,70,15,219,0,0,31,0,31,67,67,101,15,250,0,0,0,250
09/23/2014,BHM,AL,ASO,ES,Combined TRACON& Tower with Radar,73,71,103,41,288,0,2,23,0,25,73,73,126,41,313,0,0,0,313
09/24/2014,BHM,AL,ASO,ES,Combined TRACON& Tower with Radar,77,71,119,34,301,0,2,30,2,34,77,73,149,36,335,12,1,13,348
09/25/2014,BHM,AL,ASO,ES,Combined TRACON& Tower with Radar,74,74,102,12,262,0,0,40,2,42,74,74,142,14,304,0,0,0,304
09/26/2014,BHM,AL,ASO,ES,Combined TRACON& Tower with Radar,71,73,99,14,257,0,1,27,4,32,71,74,126,18,289,12,0,12,301
09/27/2014,BHM,AL,ASO,ES,Combined TRACON& Tower with Radar,45,50,40,2,137,0,3,24,8,35,45,53,64,10,172,0,0,0,172
09/28/2014,BHM,AL,ASO,ES,Combined TRACON& Tower with Radar,65,57,49,3,174,0,2,16,4,22,65,59,65,7,196,0,0,0,196
09/29/2014,BHM,AL,ASO,ES,Combined TRACON& Tower with Radar,71,70,91,23,255,0,0,21,1,22,71,70,112,24,277,0,0,0,277
09/30/2014,BHM,AL,ASO,ES,Combined TRACON& Tower with Radar,73,66,81,14,234,0,5,28,3,36,73,71,109,17,270,0,0,0,270
10/01/2014,BHM,AL,ASO,ES,Combined TRACON& Tower with Radar,77,86,120,9,292,0,1,41,4,46,77,87,161,13,338,36,4,40,378
10/02/2014,BHM,AL,ASO,ES,Combined TRACON& Tower with Radar,69,84,113,9,275,0,0,26,3,29,69,84,139,12,304,26,0,26,330
10/03/2014,BHM,AL,ASO,ES,Combined TRACON& Tower with Radar,75,77,83,12,247,0,1,14,5,20,75,78,97,17,267,0,0,0,267
10/04/2014,BHM,AL,ASO,ES,Combined TRACON& Tower with Radar,43,53,70,1,167,0,1,32,0,33,43,54,102,1,200,0,0,0,200
10/05/2014,BHM,AL,ASO,ES,Combined TRACON& Tower with Radar,67,50,79,3,199,0,0,43,9,52,67,50,122,12,251,4,0,4,255
10/06/2014,BHM,AL,ASO,ES,Combined TRACON& Tower with Radar,68,53,75,3,199,0,2,18,0,20,68,55,93,3,219,0,0,0,219
10/07/2014,BHM,AL,ASO,ES,Combined TRACON& Tower with Radar,76,73,93,34,276,0,0,29,0,29,76,73,122,34,305,0,0,0,305
10/08/2014,BHM,AL,ASO,ES,Combined TRACON& Tower with Radar,74,68,100,15,257,0,1,43,6,50,74,69,143,21,307,0,0,0,307
10/09/2014,BHM,AL,ASO,ES,Combined TRACON& Tower with Radar,76,77,123,14,290,0,1,50,4,55,76,78,173,18,345,0,0,0,345
10/10/2014,BHM,AL,ASO,ES,Combined TRACON& Tower with Radar,79,73,113,10,275,0,1,22,0,23,79,74,135,10,298,0,0,0,298
10/11/2014,BHM,AL,ASO,ES,Combined TRACON& Tower with Radar,48,43,38,0,129,0,1,29,0,30,48,44,67,0,159,18,0,18,177
10/12/2014,BHM,AL,ASO,ES,Combined TRACON& Tower with Radar,69,57,86,3,215,0,0,19,0,19,69,57,105,3,234,0,0,0,234
10/13/2014,BHM,AL,ASO,ES,Combined TRACON& Tower with Radar,68,61,80,0,209,0,0,11,0,11,68,61,91,0,220,0,0,0,220
10/14/2014,BHM,AL,ASO,ES,Combined TRACON& Tower with Radar,76,71,88,23,258,0,0,10,0,10,76,71,98,23,268,0,0,0,268
10/15/2014,BHM,AL,ASO,ES,Combined TRACON& Tower with Radar,75,82,116,44,317,0,3,44,3,50,75,85,160,47,367,0,0,0,367
10/16/2014,BHM,AL,ASO,ES,Combined TRACON& Tower with Radar,76,78,120,24,298,0,1,53,4,58,76,79,173,28,356,0,0,0,356
10/17/2014,BHM,AL,ASO,ES,Combined TRACON& Tower with Radar,83,71,103,10,267,0,1,47,4,52,83,72,150,14,319,0,0,0,319
10/18/2014,BHM,AL,ASO,ES,Combined TRACON& Tower with Radar,44,39,48,8,139,0,2,57,1,60,44,41,105,9,199,10,0,10,209
10/19/2014,BHM,AL,ASO,ES,Combined TRACON& Tower with Radar,68,61,83,1,213,0,5,60,2,67,68,66,143,3,280,0,0,0,280
10/20/2014,BHM,AL,ASO,ES,Combined TRACON& Tower with Radar,73,61,95,32,261,0,4,34,0,38,73,65,129,32,299,0,0,0,299
10/21/2014,BHM,AL,ASO,ES,Combined TRACON& Tower with Radar,77,78,102,30,287,0,2,33,0,35,77,80,135,30,322,0,0,0,322
10/22/2014,BHM,AL,ASO,ES,Combined TRACON& Tower with Radar,73,73,106,24,276,0,2,56,0,58,73,75,162,24,334,0,0,0,334
10/23/2014,BHM,AL,ASO,ES,Combined TRACON& Tower with Radar,81,66,106,20,273,0,1,30,0,31,81,67,136,20,304,24,0,24,328
10/24/2014,BHM,AL,ASO,ES,Combined TRACON& Tower with Radar,81,76,121,22,300,0,4,48,1,53,81,80,169,23,353,6,0,6,359
10/25/2014,BHM,AL,ASO,ES,Combined TRACON& Tower with Radar,43,41,42,10,136,0,4,39,2,45,43,45,81,12,181,22,18,40,221
10/26/2014,BHM,AL,ASO,ES,Combined TRACON& Tower with Radar,64,49,97,26,236,0,2,47,6,55,64,51,144,32,291,0,0,0,291
10/27/2014,BHM,AL,ASO,ES,Combined TRACON& Tower with Radar,70,61,100,10,241,0,0,34,0,34,70,61,134,10,275,0,0,0,275
10/28/2014,BHM,AL,ASO,ES,Combined TRACON& Tower with Radar,71,72,102,12,257,0,0,15,0,15,71,72,117,12,272,32,0,32,304
10/29/2014,BHM,AL,ASO,ES,Combined TRACON& Tower with Radar,77,62,100,8,247,0,1,10,1,12,77,63,110,9,259,0,0,0,259
10/30/2014,BHM,AL,ASO,ES,Combined TRACON& Tower with Radar,69,83,97,31,280,0,0,63,11,74,69,83,160,42,354,0,0,0,354
10/31/2014,BHM,AL,ASO,ES,Combined TRACON& Tower with Radar,66,56,107,15,244,0,0,39,0,39,66,56,146,15,283,0,0,0,283
11/01/2014,BHM,AL,ASO,ES,Combined TRACON& Tower with Radar,43,43,45,1,132,0,0,29,0,29,43,43,74,1,161,0,0,0,161
11/02/2014,BHM,AL,ASO,ES,Combined TRACON& Tower with Radar,68,48,51,0,167,0,3,31,0,34,68,51,82,0,201,0,0,0,201
11/03/2014,BHM,AL,ASO,ES,Combined TRACON& Tower with Radar,68,61,92,7,228,0,0,25,0,25,68,61,117,7,253,0,0,0,253
11/04/2014,BHM,AL,ASO,ES,Combined TRACON& Tower with Radar,68,74,97,8,247,0,3,42,0,45,68,77,139,8,292,54,0,54,346
11/05/2014,BHM,AL,ASO,ES,Combined TRACON& Tower with Radar,71,75,103,35,284,0,0,24,3,27,71,75,127,38,311,76,6,82,393
11/06/2014,BHM,AL,ASO,ES,Combined TRACON& Tower with Radar,69,82,105,16,272,0,3,15,1,19,69,85,120,17,291,0,0,0,291
11/07/2014,BHM,AL,ASO,ES,Combined TRACON& Tower with Radar,73,80,101,43,297,0,2,22,1,25,73,82,123,44,322,3,0,3,325
11/08/2014,BHM,AL,ASO,ES,Combined TRACON& Tower with Radar,46,43,47,6,142,0,3,48,10,61,46,46,95,16,203,3,0,3,206
11/09/2014,BHM,AL,ASO,ES,Combined TRACON& Tower with Radar,68,52,70,16,206,0,1,49,6,56,68,53,119,22,262,0,0,0,262
11/10/2014,BHM,AL,ASO,ES,Combined TRACON& Tower with Radar,65,62,84,14,225,0,1,34,0,35,65,63,118,14,260,0,0,0,260
11/11/2014,BHM,AL,ASO,ES,Combined TRACON& Tower with Radar,70,69,65,0,204,0,0,25,2,27,70,69,90,2,231,0,0,0,231
11/12/2014,BHM,AL,ASO,ES,Combined TRACON& Tower with Radar,73,79,114,11,277,0,1,6,0,7,73,80,120,11,284,0,0,0,284
11/13/2014,BHM,AL,ASO,ES,Combined TRACON& Tower with Radar,72,87,88,5,252,0,1,11,3,15,72,88,99,8,267,0,0,0,267
11/14/2014,BHM,AL,ASO,ES,Combined TRACON& Tower with Radar,76,83,103,5,267,0,1,31,0,32,76,84,134,5,299,0,0,0,299
11/15/2014,BHM,AL,ASO,ES,Combined TRACON& Tower with Radar,45,50,38,10,143,0,3,33,0,36,45,53,71,10,179,0,0,0,179
11/16/2014,BHM,AL,ASO,ES,Combined TRACON& Tower with Radar,70,44,50,3,167,0,0,3,0,3,70,44,53,3,170,0,0,0,170
11/17/2014,BHM,AL,ASO,ES,Combined TRACON& Tower with Radar,65,61,71,2,199,0,0,5,2,7,65,61,76,4,206,0,0,0,206
11/18/2014,BHM,AL,ASO,ES,Combined TRACON& Tower with Radar,74,85,86,22,267,0,0,34,0,34,74,85,120,22,301,0,0,0,301
11/19/2014,BHM,AL,ASO,ES,Combined TRACON& Tower with Radar,75,81,83,23,262,0,2,36,4,42,75,83,119,27,304,0,0,0,304
11/20/2014,BHM,AL,ASO,ES,Combined TRACON& Tower with Radar,74,67,103,17,261,0,1,42,2,45,74,68,145,19,306,0,0,0,306
11/21/2014,BHM,AL,ASO,ES,Combined TRACON& Tower with Radar,79,80,109,31,299,0,2,54,2,58,79,82,163,33,357,0,0,0,357
11/22/2014,BHM,AL,ASO,ES,Combined TRACON& Tower with Radar,45,56,56,24,181,0,2,38,1,41,45,58,94,25,222,0,0,0,222
11/23/2014,BHM,AL,ASO,ES,Combined TRACON& Tower with Radar,66,47,25,6,144,0,0,2,1,3,66,47,27,7,147,0,0,0,147
11/24/2014,BHM,AL,ASO,ES,Combined TRACON& Tower with Radar,61,56,74,8,199,0,1,26,1,28,61,57,100,9,227,0,0,0,227
11/25/2014,BHM,AL,ASO,ES,Combined TRACON& Tower with Radar,75,73,114,20,282,0,0,47,0,47,75,73,161,20,329,0,0,0,329
11/26/2014,BHM,AL,ASO,ES,Combined TRACON& Tower with Radar,77,80,71,2,230,0,3,29,2,34,77,83,100,4,264,9,0,9,273
11/27/2014,BHM,AL,ASO,ES,Combined TRACON& Tower with Radar,37,39,18,0,94,0,0,17,0,17,37,39,35,0,111,0,0,0,111
11/28/2014,BHM,AL,ASO,ES,Combined TRACON& Tower with Radar,62,40,59,0,161,0,0,24,0,24,62,40,83,0,185,2,0,2,187
11/29/2014,BHM,AL,ASO,ES,Combined TRACON& Tower with Radar,68,51,40,0,159,0,1,39,0,40,68,52,79,0,199,0,0,0,199
11/30/2014,BHM,AL,ASO,ES,Combined TRACON& Tower with Radar,80,58,87,0,225,0,2,26,0,28,80,60,113,0,253,0,0,0,253
12/01/2014,BHM,AL,ASO,ES,Combined TRACON& Tower with Radar,72,73,91,12,248,0,0,15,1,16,72,73,106,13,264,0,0,0,264
12/02/2014,BHM,AL,ASO,ES,Combined TRACON& Tower with Radar,76,68,127,31,302,0,1,17,2,20,76,69,144,33,322,0,0,0,322
12/03/2014,BHM,AL,ASO,ES,Combined TRACON& Tower with Radar,72,77,106,11,266,0,2,25,4,31,72,79,131,15,297,0,0,0,297
12/04/2014,BHM,AL,ASO,ES,Combined TRACON& Tower with Radar,72,72,108,43,295,0,1,22,10,33,72,73,130,53,328,15,0,15,343
12/05/2014,BHM,AL,ASO,ES,Combined TRACON& Tower with Radar,75,69,136,40,320,0,1,23,14,38,75,70,159,54,358,0,0,0,358
12/06/2014,BHM,AL,ASO,ES,Combined TRACON& Tower with Radar,42,45,41,0,128,0,0,9,0,9,42,45,50,0,137,0,0,0,137
12/07/2014,BHM,AL,ASO,ES,Combined TRACON& Tower with Radar,70,58,67,5,200,0,0,30,3,33,70,58,97,8,233,0,0,0,233
12/08/2014,BHM,AL,ASO,ES,Combined TRACON& Tower with Radar,66,58,114,2,240,0,2,29,1,32,66,60,143,3,272,8,0,8,280
12/09/2014,BHM,AL,ASO,ES,Combined TRACON& Tower with Radar,68,59,114,45,286,0,0,16,3,19,68,59,130,48,305,0,0,0,305
12/10/2014,BHM,AL,ASO,ES,Combined TRACON& Tower with Radar,72,75,92,18,257,0,1,27,0,28,72,76,119,18,285,0,0,0,285
12/11/2014,BHM,AL,ASO,ES,Combined TRACON& Tower with Radar,73,81,97,15,266,0,2,40,3,45,73,83,137,18,311,6,8,14,325
12/12/2014,BHM,AL,ASO,ES,Combined TRACON& Tower with Radar,76,74,86,18,254,0,1,37,2,40,76,75,123,20,294,0,0,0,294
12/13/2014,BHM,AL,ASO,ES,Combined TRACON& Tower with Radar,44,38,31,4,117,0,0,45,0,45,44,38,76,4,162,0,0,0,162
12/14/2014,BHM,AL,ASO,ES,Combined TRACON& Tower with Radar,67,45,55,12,179,0,2,32,4,38,67,47,87,16,217,0,0,0,217
12/15/2014,BHM,AL,ASO,ES,Combined TRACON& Tower with Radar,67,62,82,16,227,0,1,22,1,24,67,63,104,17,251,0,0,0,251
12/16/2014,BHM,AL,ASO,ES,Combined TRACON& Tower with Radar,71,73,112,35,291,0,2,48,4,54,71,75,160,39,345,0,0,0,345
12/17/2014,BHM,AL,ASO,ES,Combined TRACON& Tower with Radar,74,69,92,7,242,0,1,12,1,14,74,70,104,8,256,4,0,4,260
12/18/2014,BHM,AL,ASO,ES,Combined TRACON& Tower with Radar,77,82,101,15,275,0,0,32,9,41,77,82,133,24,316,0,0,0,316
12/19/2014,BHM,AL,ASO,ES,Combined TRACON& Tower with Radar,70,78,75,28,251,0,5,16,8,29,70,83,91,36,280,0,16,16,296
12/20/2014,BHM,AL,ASO,ES,Combined TRACON& Tower with Radar,51,62,46,5,164,0,0,29,0,29,51,62,75,5,193,0,0,0,193
12/21/2014,BHM,AL,ASO,ES,Combined TRACON& Tower with Radar,60,48,75,6,189,0,0,6,1,7,60,48,81,7,196,0,0,0,196
12/22/2014,BHM,AL,ASO,ES,Combined TRACON& Tower with Radar,62,69,65,0,196,0,0,0,0,0,62,69,65,0,196,0,0,0,196
12/23/2014,BHM,AL,ASO,ES,Combined TRACON& Tower with Radar,72,70,29,0,171,0,0,0,0,0,72,70,29,0,171,0,0,0,171
12/24/2014,BHM,AL,ASO,ES,Combined TRACON& Tower with Radar,48,62,18,0,128,0,1,3,0,4,48,63,21,0,132,0,0,0,132
12/25/2014,BHM,AL,ASO,ES,Combined TRACON& Tower with Radar,40,40,16,0,96,0,0,8,0,8,40,40,24,0,104,0,0,0,104
12/26/2014,BHM,AL,ASO,ES,Combined TRACON& Tower with Radar,62,62,42,0,166,0,1,35,0,36,62,63,77,0,202,0,0,0,202
12/27/2014,BHM,AL,ASO,ES,Combined TRACON& Tower with Radar,50,48,46,0,144,0,2,11,0,13,50,50,57,0,157,0,0,0,157
12/28/2014,BHM,AL,ASO,ES,Combined TRACON& Tower with Radar,60,55,43,0,158,0,0,0,0,0,60,55,43,0,158,0,0,0,158
12/29/2014,BHM,AL,ASO,ES,Combined TRACON& Tower with Radar,62,56,54,1,173,0,0,0,0,0,62,56,54,1,173,0,0,0,173
12/30/2014,BHM,AL,ASO,ES,Combined TRACON& Tower with Radar,65,65,96,10,236,0,2,20,0,22,65,67,116,10,258,0,0,0,258
12/31/2014,BHM,AL,ASO,ES,Combined TRACON& Tower with Radar,52,51,55,4,162,0,1,22,0,23,52,52,77,4,185,0,0,0,185
01/01/2015,BHM,AL,ASO,ES,Combined TRACON& Tower with Radar,47,44,40,0,131,0,0,7,0,7,47,44,47,0,138,0,0,0,138
01/02/2015,BHM,AL,ASO,ES,Combined TRACON& Tower with Radar,68,66,76,0,210,0,0,0,0,0,68,66,76,0,210,0,0,0,210
01/03/2015,BHM,AL,ASO,ES,Combined TRACON& Tower with Radar,66,49,40,0,155,0,0,0,0,0,66,49,40,0,155,0,0,0,155
01/04/2015,BHM,AL,ASO,ES,Combined TRACON& Tower with Radar,62,51,48,0,161,0,0,11,0,11,62,51,59,0,172,14,0,14,186
01/05/2015,BHM,AL,ASO,ES,Combined TRACON& Tower with Radar,65,60,52,5,182,0,1,45,0,46,65,61,97,5,228,4,0,4,232
01/06/2015,BHM,AL,ASO,ES,Combined TRACON& Tower with Radar,59,71,57,9,196,0,1,35,3,39,59,72,92,12,235,0,0,0,235
01/07/2015,BHM,AL,ASO,ES,Combined TRACON& Tower with Radar,68,77,73,20,238,0,0,19,3,22,68,77,92,23,260,0,0,0,260
01/08/2015,BHM,AL,ASO,ES,Combined TRACON& Tower with Radar,68,77,69,5,219,0,2,26,5,33,68,79,95,10,252,0,0,0,252
01/09/2015,BHM,AL,ASO,ES,Combined TRACON& Tower with Radar,71,66,76,19,232,0,1,40,9,50,71,67,116,28,282,0,0,0,282
01/10/2015,BHM,AL,ASO,ES,Combined TRACON& Tower with Radar,40,46,40,8,134,0,2,41,6,49,40,48,81,14,183,0,0,0,183
01/11/2015,BHM,AL,ASO,ES,Combined TRACON& Tower with Radar,62,46,57,21,186,0,1,12,0,13,62,47,69,21,199,0,0,0,199
01/12/2015,BHM,AL,ASO,ES,Combined TRACON& Tower with Radar,57,64,60,6,187,0,0,0,0,0,57,64,60,6,187,0,0,0,187
01/13/2015,BHM,AL,ASO,ES,Combined TRACON& Tower with Radar,63,69,112,13,257,0,0,0,0,0,63,69,112,13,257,0,0,0,257
01/14/2015,BHM,AL,ASO,ES,Combined TRACON& Tower with Radar,70,76,93,20,259,0,1,5,0,6,70,77,98,20,265,0,0,0,265
01/15/2015,BHM,AL,ASO,ES,Combined TRACON& Tower with Radar,67,72,101,16,256,0,1,6,0,7,67,73,107,16,263,0,0,0,263
01/16/2015,BHM,AL,ASO,ES,Combined TRACON& Tower with Radar,72,78,107,19,276,0,0,34,3,37,72,78,141,22,313,0,0,0,313
01/17/2015,BHM,AL,ASO,ES,Combined TRACON& Tower with Radar,37,43,30,2,112,0,2,59,0,61,37,45,89,2,173,8,0,8,181
01/18/2015,BHM,AL,ASO,ES,Combined TRACON& Tower with Radar,50,35,42,9,136,0,6,31,1,38,50,41,73,10,174,0,0,0,174
01/19/2015,BHM,AL,ASO,ES,Combined TRACON& Tower with Radar,68,55,60,1,184,0,1,42,0,43,68,56,102,1,227,0,0,0,227
01/20/2015,BHM,AL,ASO,ES,Combined TRACON& Tower with Radar,63,68,97,11,239,0,2,39,2,43,63,70,136,13,282,0,0,0,282
01/21/2015,BHM,AL,ASO,ES,Combined TRACON& Tower with Radar,68,67,98,31,264,0,1,29,4,34,68,68,127,35,298,0,0,0,298
01/22/2015,BHM,AL,ASO,ES,Combined TRACON& Tower with Radar,68,76,92,11,247,0,1,18,13,32,68,77,110,24,279,0,0,0,279
01/23/2015,BHM,AL,ASO,ES,Combined TRACON& Tower with Radar,73,87,80,26,266,0,0,0,0,0,73,87,80,26,266,0,0,0,266
01/24/2015,BHM,AL,ASO,ES,Combined TRACON& Tower with Radar,43,45,41,5,134,0,3,27,7,37,43,48,68,12,171,0,0,0,171
01/25/2015,BHM,AL,ASO,ES,Combined TRACON& Tower with Radar,58,56,36,2,152,0,1,34,8,43,58,57,70,10,195,0,0,0,195
01/26/2015,BHM,AL,ASO,ES,Combined TRACON& Tower with Radar,60,66,62,4,192,0,1,15,1,17,60,67,77,5,209,0,0,0,209
01/27/2015,BHM,AL,ASO,ES,Combined TRACON& Tower with Radar,63,59,68,21,211,0,1,43,6,50,63,60,111,27,261,8,0,8,269
01/28/2015,BHM,AL,ASO,ES,Combined TRACON& Tower with Radar,68,78,94,15,255,0,1,40,2,43,68,79,134,17,298,0,0,0,298
01/29/2015,BHM,AL,ASO,ES,Combined TRACON& Tower with Radar,68,76,101,18,263,0,1,21,2,24,68,77,122,20,287,0,0,0,287
01/30/2015,BHM,AL,ASO,ES,Combined TRACON& Tower with Radar,70,74,83,6,233,0,1,38,2,41,70,75,121,8,274,0,0,0,274
01/31/2015,BHM,AL,ASO,ES,Combined TRACON& Tower with Radar,38,53,60,9,160,0,1,31,0,32,38,54,91,9,192,0,0,0,192
02/01/2015,BHM,AL,ASO,ES,Combined TRACON& Tower with Radar,45,43,28,0,116,0,1,7,0,8,45,44,35,0,124,0,0,0,124
02/02/2015,BHM,AL,ASO,ES,Combined TRACON& Tower with Radar,61,57,78,3,199,0,0,11,0,11,61,57,89,3,210,0,0,0,210
02/03/2015,BHM,AL,ASO,ES,Combined TRACON& Tower with Radar,66,59,85,20,230,0,1,46,0,47,66,60,131,20,277,0,0,0,277
02/04/2015,BHM,AL,ASO,ES,Combined TRACON& Tower with Radar,70,69,98,36,273,0,1,41,2,44,70,70,139,38,317,0,0,0,317
02/05/2015,BHM,AL,ASO,ES,Combined TRACON& Tower with Radar,70,78,98,10,256,0,0,15,6,21,70,78,113,16,277,0,0,0,277
02/06/2015,BHM,AL,ASO,ES,Combined TRACON& Tower with Radar,70,64,109,23,266,0,1,45,5,51,70,65,154,28,317,0,0,0,317
02/07/2015,BHM,AL,ASO,ES,Combined TRACON& Tower with Radar,40,53,48,0,141,0,3,47,5,55,40,56,95,5,196,0,0,0,196
02/08/2015,BHM,AL,ASO,ES,Combined TRACON& Tower with Radar,58,48,57,11,174,0,1,17,14,32,58,49,74,25,206,0,0,0,206
02/09/2015,BHM,AL,ASO,ES,Combined TRACON& Tower with Radar,62,54,55,4,175,0,2,9,0,11,62,56,64,4,186,0,0,0,186
02/10/2015,BHM,AL,ASO,ES,Combined TRACON& Tower with Radar,66,78,98,10,252,0,1,56,0,57,66,79,154,10,309,0,0,0,309
02/11/2015,BHM,AL,ASO,ES,Combined TRACON& Tower with Radar,72,67,113,52,304,0,2,55,3,60,72,69,168,55,364,0,0,0,364
02/12/2015,BHM,AL,ASO,ES,Combined TRACON& Tower with Radar,67,80,133,10,290,0,8,14,3,25,67,88,147,13,315,4,0,4,319
02/13/2015,BHM,AL,ASO,ES,Combined TRACON& Tower with Radar,76,78,107,11,272,0,1,41,0,42,76,79,148,11,314,0,0,0,314
02/14/2015,BHM,AL,ASO,ES,Combined TRACON& Tower with Radar,40,42,45,1,128,0,3,49,0,52,40,45,94,1,180,0,0,0,180
02/15/2015,BHM,AL,ASO,ES,Combined TRACON& Tower with Radar,53,50,60,0,163,0,1,49,0,50,53,51,109,0,213,0,0,0,213
02/16/2015,BHM,AL,ASO,ES,Combined TRACON& Tower with Radar,65,59,60,1,185,0,0,1,0,1,65,59,61,1,186,0,0,0,186
02/17/2015,BHM,AL,ASO,ES,Combined TRACON& Tower with Radar,73,56,74,32,235,0,1,14,2,17,73,57,88,34,252,0,0,0,252
02/18/2015,BHM,AL,ASO,ES,Combined TRACON& Tower with Radar,77,67,93,20,257,0,4,15,3,22,77,71,108,23,279,0,0,0,279
02/19/2015,BHM,AL,ASO,ES,Combined TRACON& Tower with Radar,74,65,113,10,262,0,2,38,4,44,74,67,151,14,306,0,0,0,306
02/20/2015,BHM,AL,ASO,ES,Combined TRACON& Tower with Radar,76,83,72,12,243,0,3,13,0,16,76,86,85,12,259,0,0,0,259
02/21/2015,BHM,AL,ASO,ES,Combined TRACON& Tower with Radar,39,39,32,4,114,0,1,11,9,21,39,40,43,13,135,0,0,0,135
02/22/2015,BHM,AL,ASO,ES,Combined TRACON& Tower with Radar,63,53,45,3,164,0,0,0,0,0,63,53,45,3,164,0,0,0,164
02/23/2015,BHM,AL,ASO,ES,Combined TRACON& Tower with Radar,65,58,64,20,207,0,0,4,0,4,65,58,68,20,211,0,0,0,211
02/24/2015,BHM,AL,ASO,ES,Combined TRACON& Tower with Radar,72,64,106,27,269,0,0,7,3,10,72,64,113,30,279,6,0,6,285
02/25/2015,BHM,AL,ASO,ES,Combined TRACON& Tower with Radar,61,61,38,1,161,0,0,2,0,2,61,61,40,1,163,0,0,0,163
02/26/2015,BHM,AL,ASO,ES,Combined TRACON& Tower with Radar,68,78,88,11,245,0,0,11,0,11,68,78,99,11,256,0,0,0,256
02/27/2015,BHM,AL,ASO,ES,Combined TRACON& Tower with Radar,75,67,91,17,250,0,2,57,4,63,75,69,148,21,313,0,0,0,313
02/28/2015,BHM,AL,ASO,ES,Combined TRACON& Tower with Radar,40,39,49,14,142,0,2,40,0,42,40,41,89,14,184,0,0,0,184
03/01/2015,BHM,AL,ASO,ES,Combined TRACON& Tower with Radar,60,50,66,13,189,0,0,2,0,2,60,50,68,13,191,0,0,0,191
03/02/2015,BHM,AL,ASO,ES,Combined TRACON& Tower with Radar,64,70,98,11,243,0,0,0,0,0,64,70,98,11,243,0,0,0,243
03/03/2015,BHM,AL,ASO,ES,Combined TRACON& Tower with Radar,67,72,98,11,248,0,0,0,0,0,67,72,98,11,248,0,0,0,248
03/04/2015,BHM,AL,ASO,ES,Combined TRACON& Tower with Radar,69,70,117,10,266,0,0,2,1,3,69,70,119,11,269,0,0,0,269
03/05/2015,BHM,AL,ASO,ES,Combined TRACON& Tower with Radar,58,58,69,0,185,0,0,0,0,0,58,58,69,0,185,0,0,0,185
03/06/2015,BHM,AL,ASO,ES,Combined TRACON& Tower with Radar,75,81,104,20,280,0,2,62,9,73,75,83,166,29,353,0,0,0,353
03/07/2015,BHM,AL,ASO,ES,Combined TRACON& Tower with Radar,47,44,33,3,127,0,1,64,0,65,47,45,97,3,192,0,0,0,192
03/08/2015,BHM,AL,ASO,ES,Combined TRACON& Tower with Radar,59,55,74,22,210,0,3,46,0,49,59,58,120,22,259,0,0,0,259
03/09/2015,BHM,AL,ASO,ES,Combined TRACON& Tower with Radar,60,75,91,22,248,0,0,21,8,29,60,75,112,30,277,14,0,14,291
03/10/2015,BHM,AL,ASO,ES,Combined TRACON& Tower with Radar,66,83,95,10,254,0,0,1,0,1,66,83,96,10,255,0,0,0,255
03/11/2015,BHM,AL,ASO,ES,Combined TRACON& Tower with Radar,66,83,87,17,253,0,0,1,0,1,66,83,88,17,254,0,0,0,254
03/12/2015,BHM,AL,ASO,ES,Combined TRACON& Tower with Radar,69,85,107,17,278,0,1,13,2,16,69,86,120,19,294,4,0,4,298
03/13/2015,BHM,AL,ASO,ES,Combined TRACON& Tower with Radar,68,84,93,33,278,0,0,0,0,0,68,84,93,33,278,0,0,0,278
03/14/2015,BHM,AL,ASO,ES,Combined TRACON& Tower with Radar,47,45,66,3,161,0,0,6,0,6,47,45,72,3,167,20,0,20,187
03/15/2015,BHM,AL,ASO,ES,Combined TRACON& Tower with Radar,62,58,69,3,192,0,0,35,0,35,62,58,104,3,227,20,0,20,247
03/16/2015,BHM,AL,ASO,ES,Combined TRACON& Tower with Radar,63,75,89,36,263,0,0,50,2,52,63,75,139,38,315,38,10,48,363
03/17/2015,BHM,AL,ASO,ES,Combined TRACON& Tower with Radar,66,74,85,25,250,0,2,49,5,56,66,76,134,30,306,49,0,49,355
03/18/2015,BHM,AL,ASO,ES,Combined TRACON& Tower with Radar,67,63,110,22,262,0,3,32,4,39,67,66,142,26,301,0,0,0,301
03/19/2015,BHM,AL,ASO,ES,Combined TRACON& Tower with Radar,67,84,105,49,305,0,0,4,5,9,67,84,109,54,314,0,0,0,314
03/20/2015,BHM,AL,ASO,ES,Combined TRACON& Tower with Radar,66,73,101,11,251,0,0,3,4,7,66,73,104,15,258,10,10,20,278
03/21/2015,BHM,AL,ASO,ES,Combined TRACON& Tower with Radar,46,47,72,10,175,0,0,28,6,34,46,47,100,16,209,41,4,45,254
03/22/2015,BHM,AL,ASO,ES,Combined TRACON& Tower with Radar,61,64,48,8,181,0,0,3,2,5,61,64,51,10,186,0,14,14,200
03/23/2015,BHM,AL,ASO,ES,Combined TRACON& Tower with Radar,63,82,80,19,244,0,1,19,0,20,63,83,99,19,264,8,8,16,280
03/24/2015,BHM,AL,ASO,ES,Combined TRACON& Tower with Radar,64,68,118,10,260,0,0,42,1,43,64,68,160,11,303,36,0,36,339
03/25/2015,BHM,AL,ASO,ES,Combined TRACON& Tower with Radar,64,82,99,13,258,2,0,58,2,62,66,82,157,15,320,4,0,4,324
03/26/2015,BHM,AL,ASO,ES,Combined TRACON& Tower with Radar,65,75,87,9,236,0,1,13,9,23,65,76,100,18,259,0,0,0,259
03/27/2015,BHM,AL,ASO,ES,Combined TRACON& Tower with Radar,72,77,129,31,309,0,1,31,5,37,72,78,160,36,346,0,0,0,346
03/28/2015,BHM,AL,ASO,ES,Combined TRACON& Tower with Radar,47,42,64,1,154,0,2,37,8,47,47,44,101,9,201,0,0,0,201
03/29/2015,BHM,AL,ASO,ES,Combined TRACON& Tower with Radar,63,52,60,6,181,0,2,31,4,37,63,54,91,10,218,40,0,40,258
03/30/2015,BHM,AL,ASO,ES,Combined TRACON& Tower with Radar,70,65,80,13,228,0,0,24,0,24,70,65,104,13,252,0,0,0,252
03/31/2015,BHM,AL,ASO,ES,Combined TRACON& Tower with Radar,67,74,83,12,236,0,3,17,1,21,67,77,100,13,257,0,8,8,265
04/01/2015,BHM,AL,ASO,ES,Combined TRACON& Tower with Radar,66,80,79,9,234,0,1,38,4,43,66,81,117,13,277,0,0,0,277
04/02/2015,BHM,AL,ASO,ES,Combined TRACON& Tower with Radar,69,71,100,10,250,0,0,11,2,13,69,71,111,12,263,0,0,0,263
04/03/2015,BHM,AL,ASO,ES,Combined TRACON& Tower with Radar,71,82,51,4,208,0,2,23,2,27,71,84,74,6,235,0,0,0,235
04/04/2015,BHM,AL,ASO,ES,Combined TRACON& Tower with Radar,44,45,43,1,133,0,2,37,0,39,44,47,80,1,172,0,0,0,172
04/05/2015,BHM,AL,ASO,ES,Combined TRACON& Tower with Radar,57,54,45,0,156,0,2,23,0,25,57,56,68,0,181,0,0,0,181
04/06/2015,BHM,AL,ASO,ES,Combined TRACON& Tower with Radar,66,66,111,1,244,0,0,2,0,2,66,66,113,1,246,0,0,0,246
04/07/2015,BHM,AL,ASO,ES,Combined TRACON& Tower with Radar,66,82,98,22,268,0,1,27,0,28,66,83,125,22,296,0,0,0,296
04/08/2015,BHM,AL,ASO,ES,Combined TRACON& Tower with Radar,67,84,120,27,298,0,3,48,10,61,67,87,168,37,359,0,0,0,359
04/09/2015,BHM,AL,ASO,ES,Combined TRACON& Tower with Radar,67,78,132,18,295,0,0,27,7,34,67,78,159,25,329,0,0,0,329
04/10/2015,BHM,AL,ASO,ES,Combined TRACON& Tower with Radar,83,81,86,3,253,0,0,6,1,7,83,81,92,4,260,0,0,0,260
04/11/2015,BHM,AL,ASO,ES,Combined TRACON& Tower with Radar,44,50,62,3,159,0,4,58,6,68,44,54,120,9,227,0,0,0,227
04/12/2015,BHM,AL,ASO,ES,Combined TRACON& Tower with Radar,67,55,95,18,235,0,3,14,2,19,67,58,109,20,254,0,0,0,254
04/13/2015,BHM,AL,ASO,ES,Combined TRACON& Tower with Radar,66,63,73,6,208,0,0,2,0,2,66,63,75,6,210,0,0,0,210
04/14/2015,BHM,AL,ASO,ES,Combined TRACON& Tower with Radar,73,83,94,32,282,0,0,4,0,4,73,83,98,32,286,0,0,0,286
04/15/2015,BHM,AL,ASO,ES,Combined TRACON& Tower with Radar,67,67,110,37,281,0,1,17,4,22,67,68,127,41,303,38,6,44,347
04/16/2015,BHM,AL,ASO,ES,Combined TRACON& Tower with Radar,69,78,90,2,239,0,0,0,0,0,69,78,90,2,239,0,0,0,239
04/17/2015,BHM,AL,ASO,ES,Combined TRACON& Tower with Radar,71,90,72,2,235,0,0,0,0,0,71,90,72,2,235,0,0,0,235
04/18/2015,BHM,AL,ASO,ES,Combined TRACON& Tower with Radar,48,44,38,16,146,0,0,4,0,4,48,44,42,16,150,0,0,0,150
04/19/2015,BHM,AL,ASO,ES,Combined TRACON& Tower with Radar,66,49,46,7,168,0,0,1,0,1,66,49,47,7,169,0,0,0,169
04/20/2015,BHM,AL,ASO,ES,Combined TRACON& Tower with Radar,65,67,95,16,243,0,2,32,0,34,65,69,127,16,277,0,0,0,277
04/21/2015,BHM,AL,ASO,ES,Combined TRACON& Tower with Radar,67,80,99,10,256,0,0,56,3,59,67,80,155,13,315,0,0,0,315
04/22/2015,BHM,AL,ASO,ES,Combined TRACON& Tower with Radar,66,86,118,18,288,0,2,43,10,55,66,88,161,28,343,12,0,12,355
04/23/2015,BHM,AL,ASO,ES,Combined TRACON& Tower with Radar,68,81,139,3,291,0,1,25,4,30,68,82,164,7,321,0,0,0,321
04/24/2015,BHM,AL,ASO,ES,Combined TRACON& Tower with Radar,72,92,113,10,287,0,0,42,6,48,72,92,155,16,335,0,0,0,335
04/25/2015,BHM,AL,ASO,ES,Combined TRACON& Tower with Radar,51,54,55,9,169,0,0,12,6,18,51,54,67,15,187,0,0,0,187
04/26/2015,BHM,AL,ASO,ES,Combined TRACON& Tower with Radar,68,61,114,14,257,0,0,20,4,24,68,61,134,18,281,0,0,0,281
04/27/2015,BHM,AL,ASO,ES,Combined TRACON& Tower with Radar,76,73,100,20,269,0,0,35,1,36,76,73,135,21,305,0,0,0,305
04/28/2015,BHM,AL,ASO,ES,Combined TRACON& Tower with Radar,72,75,90,57,294,0,0,15,3,18,72,75,105,60,312,0,0,0,312
04/29/2015,BHM,AL,ASO,ES,Combined TRACON& Tower with Radar,69,75,134,42,320,0,0,20,4,24,69,75,154,46,344,0,0,0,344
04/30/2015,BHM,AL,ASO,ES,Combined TRACON& Tower with Radar,70,79,121,2,272,0,1,34,8,43,70,80,155,10,315,0,0,0,315
05/01/2015,BHM,AL,ASO,ES,Combined TRACON& Tower with Radar,77,68,133,19,297,0,5,64,4,73,77,73,197,23,370,0,0,0,370
05/02/2015,BHM,AL,ASO,ES,Combined TRACON& Tower with Radar,45,48,67,2,162,0,8,36,2,46,45,56,103,4,208,0,0,0,208
05/03/2015,BHM,AL,ASO,ES,Combined TRACON& Tower with Radar,67,51,83,2,203,0,0,45,5,50,67,51,128,7,253,0,0,0,253
05/04/2015,BHM,AL,ASO,ES,Combined TRACON& Tower with Radar,66,79,93,45,283,0,2,38,3,43,66,81,131,48,326,0,0,0,326
05/05/2015,BHM,AL,ASO,ES,Combined TRACON& Tower with Radar,70,76,72,22,240,0,2,44,2,48,70,78,116,24,288,0,0,0,288
05/06/2015,BHM,AL,ASO,ES,Combined TRACON& Tower with Radar,74,70,113,18,275,0,1,25,2,28,74,71,138,20,303,0,4,4,307
05/07/2015,BHM,AL,ASO,ES,Combined TRACON& Tower with Radar,78,75,111,27,291,0,0,50,7,57,78,75,161,34,348,10,0,10,358
05/08/2015,BHM,AL,ASO,ES,Combined TRACON& Tower with Radar,80,83,104,13,280,0,3,56,4,63,80,86,160,17,343,0,0,0,343
05/09/2015,BHM,AL,ASO,ES,Combined TRACON& Tower with Radar,48,48,53,1,150,0,1,49,1,51,48,49,102,2,201,16,0,16,217
05/10/2015,BHM,AL,ASO,ES,Combined TRACON& Tower with Radar,67,49,56,4,176,0,0,28,0,28,67,49,84,4,204,0,0,0,204
05/11/2015,BHM,AL,ASO,ES,Combined TRACON& Tower with Radar,71,65,126,8,270,0,1,44,2,47,71,66,170,10,317,32,0,32,349
05/12/2015,BHM,AL,ASO,ES,Combined TRACON& Tower with Radar,80,90,100,3,273,0,1,20,2,23,80,91,120,5,296,0,0,0,296
05/13/2015,BHM,AL,ASO,ES,Combined TRACON& Tower with Radar,77,73,100,2,252,0,2,51,0,53,77,75,151,2,305,0,0,0,305
05/14/2015,BHM,AL,ASO,ES,Combined TRACON& Tower with Radar,80,87,126,9,302,0,1,27,10,38,80,88,153,19,340,0,0,0,340
05/15/2015,BHM,AL,ASO,ES,Combined TRACON& Tower with Radar,81,80,86,8,255,0,1,5,10,16,81,81,91,18,271,0,0,0,271
05/16/2015,BHM,AL,ASO,ES,Combined TRACON& Tower with Radar,56,56,40,4,156,0,0,5,0,5,56,56,45,4,161,0,0,0,161
05/17/2015,BHM,AL,ASO,ES,Combined TRACON& Tower with Radar,72,63,55,9,199,0,0,17,2,19,72,63,72,11,218,0,0,0,218
05/18/2015,BHM,AL,ASO,ES,Combined TRACON& Tower with Radar,98,70,112,8,288,0,1,20,0,21,98,71,132,8,309,0,0,0,309
05/19/2015,BHM,AL,ASO,ES,Combined TRACON& Tower with Radar,80,85,99,23,287,0,4,42,3,49,80,89,141,26,336,0,0,0,336
05/20/2015,BHM,AL,ASO,ES,Combined TRACON& Tower with Radar,82,81,109,15,287,0,2,20,5,27,82,83,129,20,314,2,0,2,316
05/21/2015,BHM,AL,ASO,ES,Combined TRACON& Tower with Radar,84,83,134,9,310,0,3,21,0,24,84,86,155,9,334,0,0,0,334
05/22/2015,BHM,AL,ASO,ES,Combined TRACON& Tower with Radar,83,75,113,0,271,0,1,48,6,55,83,76,161,6,326,0,0,0,326
05/23/2015,BHM,AL,ASO,ES,Combined TRACON& Tower with Radar,58,37,38,0,133,0,5,37,1,43,58,42,75,1,176,0,0,0,176
05/24/2015,BHM,AL,ASO,ES,Combined TRACON& Tower with Radar,57,38,44,2,141,0,0,14,0,14,57,38,58,2,155,16,0,16,171
05/25/2015,BHM,AL,ASO,ES,Combined TRACON& Tower with Radar,65,63,55,0,183,0,0,10,0,10,65,63,65,0,193,0,0,0,193
05/26/2015,BHM,AL,ASO,ES,Combined TRACON& Tower with Radar,84,58,87,5,234,0,0,7,0,7,84,58,94,5,241,0,0,0,241
05/27/2015,BHM,AL,ASO,ES,Combined TRACON& Tower with Radar,72,64,76,12,224,0,0,5,0,5,72,64,81,12,229,0,0,0,229
05/28/2015,BHM,AL,ASO,ES,Combined TRACON& Tower with Radar,84,71,113,22,290,0,0,5,0,5,84,71,118,22,295,0,0,0,295
05/29/2015,BHM,AL,ASO,ES,Combined TRACON& Tower with Radar,79,74,102,19,274,0,0,35,2,37,79,74,137,21,311,0,0,0,311
05/30/2015,BHM,AL,ASO,ES,Combined TRACON& Tower with Radar,53,50,47,4,154,0,1,32,1,34,53,51,79,5,188,0,0,0,188
05/31/2015,BHM,AL,ASO,ES,Combined TRACON& Tower with Radar,82,51,54,1,188,0,1,16,0,17,82,52,70,1,205,0,0,0,205
06/01/2015,BHM,AL,ASO,ES,Combined TRACON& Tower with Radar,71,67,89,11,238,0,1,18,0,19,71,68,107,11,257,0,0,0,257
06/02/2015,BHM,AL,ASO,ES,Combined TRACON& Tower with Radar,79,70,109,30,288,0,0,16,1,17,79,70,125,31,305,0,0,0,305
06/03/2015,BHM,AL,ASO,ES,Combined TRACON& Tower with Radar,81,79,98,8,266,0,1,29,5,35,81,80,127,13,301,0,0,0,301
06/04/2015,BHM,AL,ASO,ES,Combined TRACON& Tower with Radar,76,76,102,15,269,0,1,29,0,30,76,77,131,15,299,0,0,0,299
06/05/2015,BHM,AL,ASO,ES,Combined TRACON& Tower with Radar,81,82,92,42,297,0,3,61,12,76,81,85,153,54,373,0,0,0,373
06/06/2015,BHM,AL,ASO,ES,Combined TRACON& Tower with Radar,51,57,26,0,134,0,3,38,0,41,51,60,64,0,175,0,0,0,175
06/07/2015,BHM,AL,ASO,ES,Combined TRACON& Tower with Radar,71,63,61,2,197,0,1,33,8,42,71,64,94,10,239,0,0,0,239
06/08/2015,BHM,AL,ASO,ES,Combined TRACON& Tower with Radar,73,62,74,20,229,0,2,39,0,41,73,64,113,20,270,22,10,32,302
06/09/2015,BHM,AL,ASO,ES,Combined TRACON& Tower with Radar,93,85,92,7,277,0,1,26,0,27,93,86,118,7,304,0,0,0,304
06/10/2015,BHM,AL,ASO,ES,Combined TRACON& Tower with Radar,79,80,99,19,277,0,0,16,0,16,79,80,115,19,293,0,0,0,293
06/11/2015,BHM,AL,ASO,ES,Combined TRACON& Tower with Radar,83,83,117,16,299,0,0,18,0,18,83,83,135,16,317,0,0,0,317
06/12/2015,BHM,AL,ASO,ES,Combined TRACON& Tower with Radar,75,79,125,30,309,0,0,23,9,32,75,79,148,39,341,12,0,12,353
06/13/2015,BHM,AL,ASO,ES,Combined TRACON& Tower with Radar,58,56,49,11,174,0,1,41,0,42,58,57,90,11,216,0,0,0,216
06/14/2015,BHM,AL,ASO,ES,Combined TRACON& Tower with Radar,78,65,83,7,233,0,1,24,0,25,78,66,107,7,258,30,11,41,299
06/15/2015,BHM,AL,ASO,ES,Combined TRACON& Tower with Radar,69,63,75,39,246,0,2,44,4,50,69,65,119,43,296,32,6,38,334
06/16/2015,BHM,AL,ASO,ES,Combined TRACON& Tower with Radar,69,83,99,24,275,0,0,43,2,45,69,83,142,26,320,0,0,0,320
06/17/2015,BHM,AL,ASO,ES,Combined TRACON& Tower with Radar,72,84,135,39,330,0,0,41,4,45,72,84,176,43,375,0,0,0,375
06/18/2015,BHM,AL,ASO,ES,Combined TRACON& Tower with Radar,71,91,92,6,260,0,4,45,6,55,71,95,137,12,315,0,0,0,315
06/19/2015,BHM,AL,ASO,ES,Combined TRACON& Tower with Radar,77,77,84,13,251,0,0,28,3,31,77,77,112,16,282,0,0,0,282
06/20/2015,BHM,AL,ASO,ES,Combined TRACON& Tower with Radar,60,49,54,5,168,0,1,20,0,21,60,50,74,5,189,0,0,0,189
06/21/2015,BHM,AL,ASO,ES,Combined TRACON& Tower with Radar,70,55,45,12,182,0,0,17,1,18,70,55,62,13,200,0,0,0,200
06/22/2015,BHM,AL,ASO,ES,Combined TRACON& Tower with Radar,71,61,93,46,271,0,0,31,3,34,71,61,124,49,305,0,0,0,305
06/23/2015,BHM,AL,ASO,ES,Combined TRACON& Tower with Radar,71,76,102,39,288,0,1,42,0,43,71,77,144,39,331,0,0,0,331
06/24/2015,BHM,AL,ASO,ES,Combined TRACON& Tower with Radar,93,81,98,12,284,0,1,32,6,39,93,82,130,18,323,0,0,0,323
06/25/2015,BHM,AL,ASO,ES,Combined TRACON& Tower with Radar,82,78,113,11,284,0,2,31,14,47,82,80,144,25,331,0,0,0,331
06/26/2015,BHM,AL,ASO,ES,Combined TRACON& Tower with Radar,80,71,93,10,254,0,6,21,9,36,80,77,114,19,290,0,0,0,290
06/27/2015,BHM,AL,ASO,ES,Combined TRACON& Tower with Radar,65,57,31,3,156,0,2,11,3,16,65,59,42,6,172,0,0,0,172
06/28/2015,BHM,AL,ASO,ES,Combined TRACON& Tower with Radar,69,52,50,1,172,0,3,50,9,62,69,55,100,10,234,0,0,0,234
06/29/2015,BHM,AL,ASO,ES,Combined TRACON& Tower with Radar,80,59,91,31,261,0,1,52,4,57,80,60,143,35,318,11,30,41,359
06/30/2015,BHM,AL,ASO,ES,Combined TRACON& Tower with Radar,81,66,89,5,241,0,0,14,2,16,81,66,103,7,257,0,0,0,257
07/01/2015,BHM,AL,ASO,ES,Combined TRACON& Tower with Radar,77,68,66,7,218,0,0,10,0,10,77,68,76,7,228,0,0,0,228
07/02/2015,BHM,AL,ASO,ES,Combined TRACON& Tower with Radar,77,79,96,7,259,0,3,15,0,18,77,82,111,7,277,0,0,0,277
07/03/2015,BHM,AL,ASO,ES,Combined TRACON& Tower with Radar,67,59,32,0,158,0,0,16,0,16,67,59,48,0,174,0,0,0,174
07/04/2015,BHM,AL,ASO,ES,Combined TRACON& Tower with Radar,39,33,11,0,83,0,0,5,0,5,39,33,16,0,88,0,0,0,88
07/05/2015,BHM,AL,ASO,ES,Combined TRACON& Tower with Radar,77,48,60,0,185,0,1,6,0,7,77,49,66,0,192,0,0,0,192
07/06/2015,BHM,AL,ASO,ES,Combined TRACON& Tower with Radar,72,70,74,6,222,0,4,28,0,32,72,74,102,6,254,0,0,0,254
07/07/2015,BHM,AL,ASO,ES,Combined TRACON& Tower with Radar,74,68,87,8,237,0,1,37,5,43,74,69,124,13,280,0,0,0,280
07/08/2015,BHM,AL,ASO,ES,Combined TRACON& Tower with Radar,78,63,88,16,245,0,3,30,3,36,78,66,118,19,281,0,0,0,281
07/09/2015,BHM,AL,ASO,ES,Combined TRACON& Tower with Radar,77,71,114,13,275,0,3,47,6,56,77,74,161,19,331,0,0,0,331
07/10/2015,BHM,AL,ASO,ES,Combined TRACON& Tower with Radar,79,60,93,20,252,0,0,39,4,43,79,60,132,24,295,0,0,0,295
07/11/2015,BHM,AL,ASO,ES,Combined TRACON& Tower with Radar,63,49,38,4,154,0,1,34,0,35,63,50,72,4,189,0,0,0,189
07/12/2015,BHM,AL,ASO,ES,Combined TRACON& Tower with Radar,72,45,51,11,179,0,2,31,1,34,72,47,82,12,213,0,0,0,213
07/13/2015,BHM,AL,ASO,ES,Combined TRACON& Tower with Radar,70,63,68,27,228,0,1,27,0,28,70,64,95,27,256,0,0,0,256
07/14/2015,BHM,AL,ASO,ES,Combined TRACON& Tower with Radar,80,65,88,0,233,0,0,27,0,27,80,65,115,0,260,0,0,0,260
07/15/2015,BHM,AL,ASO,ES,Combined TRACON& Tower with Radar,81,68,82,40,271,0,1,27,12,40,81,69,109,52,311,0,0,0,311
07/16/2015,BHM,AL,ASO,ES,Combined TRACON& Tower with Radar,75,75,108,40,298,0,5,28,9,42,75,80,136,49,340,0,0,0,340
07/17/2015,BHM,AL,ASO,ES,Combined TRACON& Tower with Radar,79,68,90,18,255,0,1,32,8,41,79,69,122,26,296,0,0,0,296
07/18/2015,BHM,AL,ASO,ES,Combined TRACON& Tower with Radar,63,48,34,8,153,0,6,42,3,51,63,54,76,11,204,10,0,10,214
07/19/2015,BHM,AL,ASO,ES,Combined TRACON& Tower with Radar,71,54,54,8,187,0,1,31,2,34,71,55,85,10,221,0,0,0,221
07/20/2015,BHM,AL,ASO,ES,Combined TRACON& Tower with Radar,74,57,84,2,217,0,0,39,3,42,74,57,123,5,259,0,0,0,259
07/21/2015,BHM,AL,ASO,ES,Combined TRACON& Tower with Radar,76,68,95,7,246,0,2,48,3,53,76,70,143,10,299,6,0,6,305
07/22/2015,BHM,AL,ASO,ES,Combined TRACON& Tower with Radar,84,64,76,28,252,0,0,28,7,35,84,64,104,35,287,8,10,18,305
07/23/2015,BHM,AL,ASO,ES,Combined TRACON& Tower with Radar,82,69,100,15,266,0,0,5,6,11,82,69,105,21,277,0,0,0,277
07/24/2015,BHM,AL,ASO,ES,Combined TRACON& Tower with Radar,78,76,89,28,271,0,1,31,2,34,78,77,120,30,305,0,0,0,305
07/25/2015,BHM,AL,ASO,ES,Combined TRACON& Tower with Radar,61,45,35,0,141,0,2,40,2,44,61,47,75,2,185,0,0,0,185
07/26/2015,BHM,AL,ASO,ES,Combined TRACON& Tower with Radar,72,56,55,6,189,0,0,31,2,33,72,56,86,8,222,0,0,0,222
07/27/2015,BHM,AL,ASO,ES,Combined TRACON& Tower with Radar,73,60,74,10,217,0,1,37,1,39,73,61,111,11,256,0,0,0,256
07/28/2015,BHM,AL,ASO,ES,Combined TRACON& Tower with Radar,78,71,90,18,257,0,4,16,5,25,78,75,106,23,282,12,0,12,294
07/29/2015,BHM,AL,ASO,ES,Combined TRACON& Tower with Radar,84,61,100,16,261,0,1,20,0,21,84,62,120,16,282,16,0,16,298
07/30/2015,BHM,AL,ASO,ES,Combined TRACON& Tower with Radar,77,74,95,24,270,0,4,25,8,37,77,78,120,32,307,0,0,0,307
07/31/2015,BHM,AL,ASO,ES,Combined TRACON& Tower with Radar,93,68,83,23,267,0,1,42,4,47,93,69,125,27,314,0,0,0,314
08/01/2015,BHM,AL,ASO,ES,Combined TRACON& Tower with Radar,64,53,43,8,168,0,1,25,7,33,64,54,68,15,201,0,0,0,201
08/02/2015,BHM,AL,ASO,ES,Combined TRACON& Tower with Radar,68,56,56,4,184,0,4,18,1,23,68,60,74,5,207,0,0,0,207
08/03/2015,BHM,AL,ASO,ES,Combined TRACON& Tower with Radar,71,60,76,25,232,0,3,39,0,42,71,63,115,25,274,0,0,0,274
08/04/2015,BHM,AL,ASO,ES,Combined TRACON& Tower with Radar,78,65,87,22,252,0,0,29,2,31,78,65,116,24,283,0,0,0,283
08/05/2015,BHM,AL,ASO,ES,Combined TRACON& Tower with Radar,82,64,76,10,232,0,3,30,4,37,82,67,106,14,269,22,0,22,291
08/06/2015,BHM,AL,ASO,ES,Combined TRACON& Tower with Radar,80,75,86,18,259,0,0,8,0,8,80,75,94,18,267,0,0,0,267
08/07/2015,BHM,AL,ASO,ES,Combined TRACON& Tower with Radar,76,71,85,10,242,0,0,19,2,21,76,71,104,12,263,0,0,0,263
08/08/2015,BHM,AL,ASO,ES,Combined TRACON& Tower with Radar,61,54,55,3,173,0,1,23,0,24,61,55,78,3,197,0,0,0,197
08/09/2015,BHM,AL,ASO,ES,Combined TRACON& Tower with Radar,71,55,54,4,184,0,1,34,5,40,71,56,88,9,224,0,0,0,224
08/10/2015,BHM,AL,ASO,ES,Combined TRACON& Tower with Radar,82,64,87,12,245,0,0,15,0,15,82,64,102,12,260,0,0,0,260
08/11/2015,BHM,AL,ASO,ES,Combined TRACON& Tower with Radar,76,73,111,12,272,0,0,14,7,21,76,73,125,19,293,0,0,0,293
08/12/2015,BHM,AL,ASO,ES,Combined TRACON& Tower with Radar,82,77,106,20,285,0,1,26,4,31,82,78,132,24,316,0,0,0,316
08/13/2015,BHM,AL,ASO,ES,Combined TRACON& Tower with Radar,79,81,96,12,268,0,2,36,8,46,79,83,132,20,314,0,0,0,314
08/14/2015,BHM,AL,ASO,ES,Combined TRACON& Tower with Radar,78,70,85,15,248,0,1,25,15,41,78,71,110,30,289,0,0,0,289
08/15/2015,BHM,AL,ASO,ES,Combined TRACON& Tower with Radar,54,40,35,8,137,0,1,20,2,23,54,41,55,10,160,0,0,0,160
08/16/2015,BHM,AL,ASO,ES,Combined TRACON& Tower with Radar,68,57,60,9,194,0,1,14,9,24,68,58,74,18,218,0,0,0,218
08/17/2015,BHM,AL,ASO,ES,Combined TRACON& Tower with Radar,79,63,83,1,226,0,0,4,2,6,79,63,87,3,232,0,0,0,232
08/18/2015,BHM,AL,ASO,ES,Combined TRACON& Tower with Radar,84,65,87,10,246,0,0,12,3,15,84,65,99,13,261,0,0,0,261
08/19/2015,BHM,AL,ASO,ES,Combined TRACON& Tower with Radar,76,66,92,10,244,0,0,7,1,8,76,66,99,11,252,2,0,2,254
08/20/2015,BHM,AL,ASO,ES,Combined TRACON& Tower with Radar,81,72,96,5,254,0,0,15,0,15,81,72,111,5,269,0,0,0,269
08/21/2015,BHM,AL,ASO,ES,Combined TRACON& Tower with Radar,79,72,94,26,271,0,1,20,3,24,79,73,114,29,295,18,0,18,313
08/22/2015,BHM,AL,ASO,ES,Combined TRACON& Tower with Radar,48,45,46,0,139,0,0,35,0,35,48,45,81,0,174,0,0,0,174
08/23/2015,BHM,AL,ASO,ES,Combined TRACON& Tower with Radar,71,48,55,1,175,0,3,25,1,29,71,51,80,2,204,0,0,0,204
08/24/2015,BHM,AL,ASO,ES,Combined TRACON& Tower with Radar,74,59,94,6,233,0,0,19,1,20,74,59,113,7,253,0,0,0,253
08/25/2015,BHM,AL,ASO,ES,Combined TRACON& Tower with Radar,73,72,103,6,254,0,1,46,1,48,73,73,149,7,302,0,0,0,302
08/26/2015,BHM,AL,ASO,ES,Combined TRACON& Tower with Radar,75,70,118,13,276,0,2,42,2,46,75,72,160,15,322,0,0,0,322
08/27/2015,BHM,AL,ASO,ES,Combined TRACON& Tower with Radar,74,80,91,19,264,0,3,42,7,52,74,83,133,26,316,0,0,0,316
08/28/2015,BHM,AL,ASO,ES,Combined TRACON& Tower with Radar,76,69,84,10,239,0,2,32,8,42,76,71,116,18,281,0,0,0,281
08/29/2015,BHM,AL,ASO,ES,Combined TRACON& Tower with Radar,45,48,39,4,136,0,1,12,0,13,45,49,51,4,149,0,0,0,149
08/30/2015,BHM,AL,ASO,ES,Combined TRACON& Tower with Radar,63,56,56,6,181,0,1,10,5,16,63,57,66,11,197,0,0,0,197
08/31/2015,BHM,AL,ASO,ES,Combined TRACON& Tower with Radar,73,63,69,16,221,0,3,17,0,20,73,66,86,16,241,14,0,14,255
09/01/2015,BHM,AL,ASO,ES,Combined TRACON& Tower with Radar,74,69,81,30,254,0,0,40,1,41,74,69,121,31,295,12,0,12,307
09/02/2015,BHM,AL,ASO,ES,Combined TRACON& Tower with Radar,74,83,88,31,276,0,2,34,0,36,74,85,122,31,312,0,0,0,312
09/03/2015,BHM,AL,ASO,ES,Combined TRACON& Tower with Radar,90,78,89,4,261,0,0,33,4,37,90,78,122,8,298,19,0,19,317
09/04/2015,BHM,AL,ASO,ES,Combined TRACON& Tower with Radar,82,79,95,4,260,0,0,35,0,35,82,79,130,4,295,0,0,0,295
09/05/2015,BHM,AL,ASO,ES,Combined TRACON& Tower with Radar,46,35,39,0,120,0,0,19,0,19,46,35,58,0,139,0,0,0,139
09/06/2015,BHM,AL,ASO,ES,Combined TRACON& Tower with Radar,56,44,43,0,143,0,3,18,0,21,56,47,61,0,164,0,0,0,164
09/07/2015,BHM,AL,ASO,ES,Combined TRACON& Tower with Radar,62,67,69,0,198,0,1,40,0,41,62,68,109,0,239,0,0,0,239
09/08/2015,BHM,AL,ASO,ES,Combined TRACON& Tower with Radar,69,53,105,9,236,0,0,12,3,15,69,53,117,12,251,10,0,10,261
09/09/2015,BHM,AL,ASO,ES,Combined TRACON& Tower with Radar,76,64,86,26,252,0,0,15,6,21,76,64,101,32,273,0,0,0,273
09/10/2015,BHM,AL,ASO,ES,Combined TRACON& Tower with Radar,83,74,80,21,258,0,1,12,4,17,83,75,92,25,275,2,0,2,277
09/11/2015,BHM,AL,ASO,ES,Combined TRACON& Tower with Radar,82,74,98,31,285,0,0,13,13,26,82,74,111,44,311,0,0,0,311
09/12/2015,BHM,AL,ASO,ES,Combined TRACON& Tower with Radar,47,43,55,1,146,0,0,25,1,26,47,43,80,2,172,0,0,0,172
09/13/2015,BHM,AL,ASO,ES,Combined TRACON& Tower with Radar,67,56,67,4,194,0,1,38,13,52,67,57,105,17,246,0,0,0,246
09/14/2015,BHM,AL,ASO,ES,Combined TRACON& Tower with Radar,74,62,73,2,211,0,0,39,0,39,74,62,112,2,250,0,0,0,250
09/15/2015,BHM,AL,ASO,ES,Combined TRACON& Tower with Radar,72,65,95,28,260,0,3,54,4,61,72,68,149,32,321,6,0,6,327
09/16/2015,BHM,AL,ASO,ES,Combined TRACON& Tower with Radar,76,72,103,32,283,0,0,41,4,45,76,72,144,36,328,0,0,0,328
09/17/2015,BHM,AL,ASO,ES,Combined TRACON& Tower with Radar,77,73,107,23,280,0,2,31,8,41,77,75,138,31,321,0,0,0,321
09/18/2015,BHM,AL,ASO,ES,Combined TRACON& Tower with Radar,79,73,109,16,277,0,1,50,12,63,79,74,159,28,340,4,0,4,344
09/19/2015,BHM,AL,ASO,ES,Combined TRACON& Tower with Radar,46,54,63,2,165,0,0,44,0,44,46,54,107,2,209,0,0,0,209
09/20/2015,BHM,AL,ASO,ES,Combined TRACON& Tower with Radar,63,61,74,14,212,0,1,30,6,37,63,62,104,20,249,0,0,0,249
09/21/2015,BHM,AL,ASO,ES,Combined TRACON& Tower with Radar,73,55,90,22,240,0,0,13,5,18,73,55,103,27,258,0,0,0,258
09/22/2015,BHM,AL,ASO,ES,Combined TRACON& Tower with Radar,72,65,81,13,231,0,0,34,2,36,72,65,115,15,267,0,0,0,267
09/23/2015,BHM,AL,ASO,ES,Combined TRACON& Tower with Radar,74,79,106,45,304,0,0,20,7,27,74,79,126,52,331,0,0,0,331
09/24/2015,BHM,AL,ASO,ES,Combined TRACON& Tower with Radar,80,72,113,15,280,0,1,45,3,49,80,73,158,18,329,0,0,0,329
09/25/2015,BHM,AL,ASO,ES,Combined TRACON& Tower with Radar,82,73,81,20,256,0,0,37,0,37,82,73,118,20,293,0,0,0,293
09/26/2015,BHM,AL,ASO,ES,Combined TRACON& Tower with Radar,46,38,53,0,137,0,0,33,0,33,46,38,86,0,170,45,0,45,215
09/27/2015,BHM,AL,ASO,ES,Combined TRACON& Tower with Radar,68,61,89,4,222,0,0,14,0,14,68,61,103,4,236,0,0,0,236
09/28/2015,BHM,AL,ASO,ES,Combined TRACON& Tower with Radar,73,53,97,7,230,0,0,1,0,1,73,53,98,7,231,0,0,0,231
09/29/2015,BHM,AL,ASO,ES,Combined TRACON& Tower with Radar,75,73,87,8,243,0,0,9,2,11,75,73,96,10,254,0,0,0,254
09/30/2015,BHM,AL,ASO,ES,Combined TRACON& Tower with Radar,76,76,114,15,281,0,0,20,7,27,76,76,134,22,308,0,0,0,308
10/01/2015,BHM,AL,ASO,ES,Combined TRACON& Tower with Radar,80,67,114,28,289,0,0,3,0,3,80,67,117,28,292,0,0,0,292
10/02/2015,BHM,AL,ASO,ES,Combined TRACON& Tower with Radar,81,80,100,11,272,0,0,6,1,7,81,80,106,12,279,0,0,0,279
10/03/2015,BHM,AL,ASO,ES,Combined TRACON& Tower with Radar,47,53,67,5,172,0,0,0,0,0,47,53,67,5,172,0,0,0,172
10/04/2015,BHM,AL,ASO,ES,Combined TRACON& Tower with Radar,67,61,59,9,196,0,0,1,0,1,67,61,60,9,197,0,0,0,197
10/05/2015,BHM,AL,ASO,ES,Combined TRACON& Tower with Radar,77,74,97,3,251,0,1,37,0,38,77,75,134,3,289,0,0,0,289
10/06/2015,BHM,AL,ASO,ES,Combined TRACON& Tower with Radar,78,70,90,10,248,0,0,40,2,42,78,70,130,12,290,0,0,0,290
10/07/2015,BHM,AL,ASO,ES,Combined TRACON& Tower with Radar,80,63,111,6,260,0,1,40,4,45,80,64,151,10,305,0,0,0,305
10/08/2015,BHM,AL,ASO,ES,Combined TRACON& Tower with Radar,81,68,100,2,251,0,1,32,2,35,81,69,132,4,286,0,0,0,286
10/09/2015,BHM,AL,ASO,ES,Combined TRACON& Tower with Radar,84,81,103,11,279,0,0,57,2,59,84,81,160,13,338,0,0,0,338
10/10/2015,BHM,AL,ASO,ES,Combined TRACON& Tower with Radar,51,53,87,10,201,0,0,29,2,31,51,53,116,12,232,0,0,0,232
10/11/2015,BHM,AL,ASO,ES,Combined TRACON& Tower with Radar,69,55,86,7,217,0,0,42,0,42,69,55,128,7,259,0,0,0,259
10/12/2015,BHM,AL,ASO,ES,Combined TRACON& Tower with Radar,80,57,97,4,238,0,1,50,0,51,80,58,147,4,289,22,0,22,311
10/13/2015,BHM,AL,ASO,ES,Combined TRACON& Tower with Radar,81,62,101,13,257,0,2,49,2,53,81,64,150,15,310,0,0,0,310
10/14/2015,BHM,AL,ASO,ES,Combined TRACON& Tower with Radar,80,62,103,2,247,0,0,62,2,64,80,62,165,4,311,27,0,27,338
10/15/2015,BHM,AL,ASO,ES,Combined TRACON& Tower with Radar,83,81,106,18,288,0,1,45,6,52,83,82,151,24,340,0,0,0,340
10/16/2015,BHM,AL,ASO,ES,Combined TRACON& Tower with Radar,86,71,103,19,279,0,0,32,16,48,86,71,135,35,327,0,0,0,327
10/17/2015,BHM,AL,ASO,ES,Combined TRACON& Tower with Radar,53,51,58,2,164,0,0,32,9,41,53,51,90,11,205,0,0,0,205
10/18/2015,BHM,AL,ASO,ES,Combined TRACON& Tower with Radar,72,66,59,7,204,0,3,37,14,54,72,69,96,21,258,0,0,0,258
10/19/2015,BHM,AL,ASO,ES,Combined TRACON& Tower with Radar,79,68,102,21,270,0,2,24,0,26,79,70,126,21,296,0,0,0,296
10/20/2015,BHM,AL,ASO,ES,Combined TRACON& Tower with Radar,78,77,87,22,264,0,0,21,0,21,78,77,108,22,285,0,0,0,285
10/21/2015,BHM,AL,ASO,ES,Combined TRACON& Tower with Radar,83,74,108,51,316,0,4,51,4,59,83,78,159,55,375,0,0,0,375
10/22/2015,BHM,AL,ASO,ES,Combined TRACON& Tower with Radar,81,67,110,23,281,0,3,46,8,57,81,70,156,31,338,0,0,0,338
10/23/2015,BHM,AL,ASO,ES,Combined TRACON& Tower with Radar,82,69,110,11,272,0,4,52,14,70,82,73,162,25,342,0,0,0,342
10/24/2015,BHM,AL,ASO,ES,Combined TRACON& Tower with Radar,52,51,45,3,151,0,2,45,2,49,52,53,90,5,200,0,0,0,200
10/25/2015,BHM,AL,ASO,ES,Combined TRACON& Tower with Radar,70,52,71,6,199,0,2,40,5,47,70,54,111,11,246,0,0,0,246
10/26/2015,BHM,AL,ASO,ES,Combined TRACON& Tower with Radar,81,65,56,2,204,0,0,3,0,3,81,65,59,2,207,0,0,0,207
10/27/2015,BHM,AL,ASO,ES,Combined TRACON& Tower with Radar,78,64,81,21,244,0,0,0,0,0,78,64,81,21,244,0,0,0,244
10/28/2015,BHM,AL,ASO,ES,Combined TRACON& Tower with Radar,78,64,82,16,240,0,0,9,0,9,78,64,91,16,249,0,0,0,249
10/29/2015,BHM,AL,ASO,ES,Combined TRACON& Tower with Radar,85,76,145,38,344,0,1,15,0,16,85,77,160,38,360,12,16,28,388
10/30/2015,BHM,AL,ASO,ES,Combined TRACON& Tower with Radar,82,66,99,38,285,0,0,57,7,64,82,66,156,45,349,0,0,0,349
10/31/2015,BHM,AL,ASO,ES,Combined TRACON& Tower with Radar,46,38,46,14,144,0,0,20,2,22,46,38,66,16,166,0,0,0,166
11/01/2015,BHM,AL,ASO,ES,Combined TRACON& Tower with Radar,69,56,49,4,178,0,0,0,0,0,69,56,49,4,178,0,0,0,178
11/02/2015,BHM,AL,ASO,ES,Combined TRACON& Tower with Radar,81,56,81,8,226,0,0,0,0,0,81,56,81,8,226,0,0,0,226
11/03/2015,BHM,AL,ASO,ES,Combined TRACON& Tower with Radar,81,63,100,18,262,0,0,4,1,5,81,63,104,19,267,8,0,8,275
11/04/2015,BHM,AL,ASO,ES,Combined TRACON& Tower with Radar,80,69,101,18,268,0,1,13,2,16,80,70,114,20,284,0,0,0,284
11/05/2015,BHM,AL,ASO,ES,Combined TRACON& Tower with Radar,81,65,116,15,277,0,0,13,2,15,81,65,129,17,292,0,0,0,292
11/06/2015,BHM,AL,ASO,ES,Combined TRACON& Tower with Radar,87,59,96,6,248,0,0,6,1,7,87,59,102,7,255,0,0,0,255
11/07/2015,BHM,AL,ASO,ES,Combined TRACON& Tower with Radar,50,52,44,2,148,0,0,3,0,3,50,52,47,2,151,0,0,0,151
11/08/2015,BHM,AL,ASO,ES,Combined TRACON& Tower with Radar,73,61,105,15,254,0,0,16,0,16,73,61,121,15,270,0,0,0,270
11/09/2015,BHM,AL,ASO,ES,Combined TRACON& Tower with Radar,76,70,90,10,246,0,0,0,0,0,76,70,90,10,246,0,0,0,246
11/10/2015,BHM,AL,ASO,ES,Combined TRACON& Tower with Radar,78,70,99,16,263,0,1,21,6,28,78,71,120,22,291,0,0,0,291
11/11/2015,BHM,AL,ASO,ES,Combined TRACON& Tower with Radar,80,71,94,0,245,0,1,38,6,45,80,72,132,6,290,0,0,0,290
11/12/2015,BHM,AL,ASO,ES,Combined TRACON& Tower with Radar,85,86,117,5,293,0,1,35,4,40,85,87,152,9,333,0,0,0,333
11/13/2015,BHM,AL,ASO,ES,Combined TRACON& Tower with Radar,85,81,96,20,282,0,3,50,13,66,85,84,146,33,348,0,0,0,348
11/14/2015,BHM,AL,ASO,ES,Combined TRACON& Tower with Radar,48,48,44,4,144,0,1,39,0,40,48,49,83,4,184,0,0,0,184
11/15/2015,BHM,AL,ASO,ES,Combined TRACON& Tower with Radar,69,61,57,11,198,0,1,30,0,31,69,62,87,11,229,0,0,0,229
11/16/2015,BHM,AL,ASO,ES,Combined TRACON& Tower with Radar,77,57,93,15,242,0,1,26,4,31,77,58,119,19,273,0,0,0,273
11/17/2015,BHM,AL,ASO,ES,Combined TRACON& Tower with Radar,81,71,86,27,265,0,0,19,5,24,81,71,105,32,289,0,0,0,289
11/18/2015,BHM,AL,ASO,ES,Combined TRACON& Tower with Radar,82,64,72,11,229,0,1,0,0,1,82,65,72,11,230,0,0,0,230
11/19/2015,BHM,AL,ASO,ES,Combined TRACON& Tower with Radar,81,67,103,26,277,0,2,39,5,46,81,69,142,31,323,0,0,0,323
11/20/2015,BHM,AL,ASO,ES,Combined TRACON& Tower with Radar,83,74,117,17,291,0,7,52,13,72,83,81,169,30,363,0,0,0,363
11/21/2015,BHM,AL,ASO,ES,Combined TRACON& Tower with Radar,47,51,54,35,187,0,5,24,8,37,47,56,78,43,224,0,0,0,224
11/22/2015,BHM,AL,ASO,ES,Combined TRACON& Tower with Radar,59,49,63,7,178,0,2,28,7,37,59,51,91,14,215,0,0,0,215
11/23/2015,BHM,AL,ASO,ES,Combined TRACON& Tower with Radar,67,40,83,2,192,0,1,44,1,46,67,41,127,3,238,0,0,0,238
11/24/2015,BHM,AL,ASO,ES,Combined TRACON& Tower with Radar,87,68,89,5,249,0,1,36,0,37,87,69,125,5,286,0,0,0,286
11/25/2015,BHM,AL,ASO,ES,Combined TRACON& Tower with Radar,90,69,90,16,265,0,0,30,2,32,90,69,120,18,297,0,0,0,297
11/26/2015,BHM,AL,ASO,ES,Combined TRACON& Tower with Radar,40,32,16,0,88,0,3,19,0,22,40,35,35,0,110,0,0,0,110
11/27/2015,BHM,AL,ASO,ES,Combined TRACON& Tower with Radar,63,41,47,0,151,0,1,29,0,30,63,42,76,0,181,0,0,0,181
11/28/2015,BHM,AL,ASO,ES,Combined TRACON& Tower with Radar,74,52,39,0,165,0,2,24,1,27,74,54,63,1,192,0,0,0,192
11/29/2015,BHM,AL,ASO,ES,Combined TRACON& Tower with Radar,95,69,89,0,253,0,1,13,0,14,95,70,102,0,267,0,0,0,267
11/30/2015,BHM,AL,ASO,ES,Combined TRACON& Tower with Radar,86,61,72,14,233,0,0,10,0,10,86,61,82,14,243,0,0,0,243
12/01/2015,BHM,AL,ASO,ES,Combined TRACON& Tower with Radar,79,62,90,5,236,0,1,4,0,5,79,63,94,5,241,0,0,0,241
12/02/2015,BHM,AL,ASO,ES,Combined TRACON& Tower with Radar,75,71,101,27,274,0,3,24,2,29,75,74,125,29,303,0,0,0,303
12/03/2015,BHM,AL,ASO,ES,Combined TRACON& Tower with Radar,75,85,103,19,282,0,2,45,2,49,75,87,148,21,331,0,0,0,331
12/04/2015,BHM,AL,ASO,ES,Combined TRACON& Tower with Radar,78,71,96,19,264,0,2,44,5,51,78,73,140,24,315,0,0,0,315
12/05/2015,BHM,AL,ASO,ES,Combined TRACON& Tower with Radar,43,57,55,0,155,0,0,32,0,32,43,57,87,0,187,0,0,0,187
12/06/2015,BHM,AL,ASO,ES,Combined TRACON& Tower with Radar,63,63,68,0,194,0,0,38,2,40,63,63,106,2,234,0,0,0,234
12/07/2015,BHM,AL,ASO,ES,Combined TRACON& Tower with Radar,68,63,82,37,250,0,0,17,0,17,68,63,99,37,267,0,0,0,267
12/08/2015,BHM,AL,ASO,ES,Combined TRACON& Tower with Radar,75,76,97,44,292,0,0,34,2,36,75,76,131,46,328,0,0,0,328
12/09/2015,BHM,AL,ASO,ES,Combined TRACON& Tower with Radar,79,70,102,43,294,0,3,12,0,15,79,73,114,43,309,0,0,0,309
12/10/2015,BHM,AL,ASO,ES,Combined TRACON& Tower with Radar,76,82,118,29,305,0,0,30,9,39,76,82,148,38,344,0,0,0,344
12/11/2015,BHM,AL,ASO,ES,Combined TRACON& Tower with Radar,77,75,89,14,255,0,0,23,7,30,77,75,112,21,285,0,0,0,285
12/12/2015,BHM,AL,ASO,ES,Combined TRACON& Tower with Radar,65,50,44,2,161,0,3,23,5,31,65,53,67,7,192,0,0,0,192
12/13/2015,BHM,AL,ASO,ES,Combined TRACON& Tower with Radar,63,55,56,7,181,0,2,13,0,15,63,57,69,7,196,0,0,0,196
12/14/2015,BHM,AL,ASO,ES,Combined TRACON& Tower with Radar,71,56,87,4,218,0,0,18,0,18,71,56,105,4,236,0,0,0,236
12/15/2015,BHM,AL,ASO,ES,Combined TRACON& Tower with Radar,78,71,130,6,285,0,2,37,2,41,78,73,167,8,326,0,0,0,326
12/16/2015,BHM,AL,ASO,ES,Combined TRACON& Tower with Radar,80,66,119,25,290,0,0,25,6,31,80,66,144,31,321,0,0,0,321
12/17/2015,BHM,AL,ASO,ES,Combined TRACON& Tower with Radar,70,79,102,22,273,0,0,5,4,9,70,79,107,26,282,0,0,0,282
12/18/2015,BHM,AL,ASO,ES,Combined TRACON& Tower with Radar,71,76,89,6,242,0,2,40,4,46,71,78,129,10,288,0,0,0,288
12/19/2015,BHM,AL,ASO,ES,Combined TRACON& Tower with Radar,43,61,37,0,141,0,0,27,2,29,43,61,64,2,170,0,0,0,170
12/20/2015,BHM,AL,ASO,ES,Combined TRACON& Tower with Radar,57,45,34,4,140,0,2,32,0,34,57,47,66,4,174,0,0,0,174
12/21/2015,BHM,AL,ASO,ES,Combined TRACON& Tower with Radar,51,66,59,4,180,0,1,14,0,15,51,67,73,4,195,0,0,0,195
12/22/2015,BHM,AL,ASO,ES,Combined TRACON& Tower with Radar,62,79,79,10,230,0,0,0,0,0,62,79,79,10,230,0,0,0,230
12/23/2015,BHM,AL,ASO,ES,Combined TRACON& Tower with Radar,71,66,33,0,170,0,0,0,0,0,71,66,33,0,170,0,0,0,170
12/24/2015,BHM,AL,ASO,ES,Combined TRACON& Tower with Radar,70,63,22,0,155,0,0,2,0,2,70,63,24,0,157,0,0,0,157
12/25/2015,BHM,AL,ASO,ES,Combined TRACON& Tower with Radar,40,43,2,0,85,0,0,2,0,2,40,43,4,0,87,0,0,0,87
12/26/2015,BHM,AL,ASO,ES,Combined TRACON& Tower with Radar,55,49,45,0,149,0,0,8,0,8,55,49,53,0,157,0,0,0,157
12/27/2015,BHM,AL,ASO,ES,Combined TRACON& Tower with Radar,60,54,36,0,150,0,0,12,1,13,60,54,48,1,163,0,0,0,163
12/28/2015,BHM,AL,ASO,ES,Combined TRACON& Tower with Radar,53,57,23,0,133,0,0,2,0,2,53,57,25,0,135,0,0,0,135
12/29/2015,BHM,AL,ASO,ES,Combined TRACON& Tower with Radar,59,66,58,16,199,0,1,34,10,45,59,67,92,26,244,8,0,8,252
12/30/2015,BHM,AL,ASO,ES,Combined TRACON& Tower with Radar,72,74,45,4,195,0,0,0,2,2,72,74,45,6,197,0,0,0,197
12/31/2015,BHM,AL,ASO,ES,Combined TRACON& Tower with Radar,51,59,70,0,180,0,0,17,0,17,51,59,87,0,197,0,0,0,197
01/01/2016,BHM,AL,ASO,ES,Combined TRACON& Tower with Radar,48,55,40,0,143,0,3,27,0,30,48,58,67,0,173,0,0,0,173
01/02/2016,BHM,AL,ASO,ES,Combined TRACON& Tower with Radar,55,46,55,0,156,0,1,32,1,34,55,47,87,1,190,0,0,0,190
01/03/2016,BHM,AL,ASO,ES,Combined TRACON& Tower with Radar,60,51,65,2,178,0,1,29,0,30,60,52,94,2,208,0,0,0,208
01/04/2016,BHM,AL,ASO,ES,Combined TRACON& Tower with Radar,54,65,50,6,175,0,2,17,2,21,54,67,67,8,196,0,0,0,196
01/05/2016,BHM,AL,ASO,ES,Combined TRACON& Tower with Radar,60,71,78,26,235,0,0,37,3,40,60,71,115,29,275,0,0,0,275
01/06/2016,BHM,AL,ASO,ES,Combined TRACON& Tower with Radar,65,65,68,17,215,0,5,29,6,40,65,70,97,23,255,0,0,0,255
01/07/2016,BHM,AL,ASO,ES,Combined TRACON& Tower with Radar,66,80,81,19,246,0,0,11,4,15,66,80,92,23,261,0,0,0,261
01/08/2016,BHM,AL,ASO,ES,Combined TRACON& Tower with Radar,68,71,93,13,245,0,0,8,5,13,68,71,101,18,258,0,0,0,258
01/09/2016,BHM,AL,ASO,ES,Combined TRACON& Tower with Radar,61,48,36,2,147,0,0,0,0,0,61,48,36,2,147,0,0,0,147
01/10/2016,BHM,AL,ASO,ES,Combined TRACON& Tower with Radar,56,64,49,6,175,0,2,6,6,14,56,66,55,12,189,0,0,0,189
01/11/2016,BHM,AL,ASO,ES,Combined TRACON& Tower with Radar,72,60,79,5,216,0,0,19,0,19,72,60,98,5,235,0,0,0,235
01/12/2016,BHM,AL,ASO,ES,Combined TRACON& Tower with Radar,100,80,116,27,323,0,1,30,1,32,100,81,146,28,355,0,0,0,355
01/13/2016,BHM,AL,ASO,ES,Combined TRACON& Tower with Radar,70,66,91,24,251,0,0,33,5,38,70,66,124,29,289,0,0,0,289
01/14/2016,BHM,AL,ASO,ES,Combined TRACON& Tower with Radar,71,69,104,10,254,0,2,35,12,49,71,71,139,22,303,0,0,0,303
01/15/2016,BHM,AL,ASO,ES,Combined TRACON& Tower with Radar,69,81,74,9,233,0,0,1,0,1,69,81,75,9,234,0,0,0,234
01/16/2016,BHM,AL,ASO,ES,Combined TRACON& Tower with Radar,43,44,44,8,139,0,2,28,0,30,43,46,72,8,169,0,0,0,169
01/17/2016,BHM,AL,ASO,ES,Combined TRACON& Tower with Radar,50,40,42,0,132,0,3,16,0,19,50,43,58,0,151,0,0,0,151
01/18/2016,BHM,AL,ASO,ES,Combined TRACON& Tower with Radar,60,65,64,0,189,0,2,16,2,20,60,67,80,2,209,0,0,0,209
01/19/2016,BHM,AL,ASO,ES,Combined TRACON& Tower with Radar,64,77,97,32,270,0,1,42,0,43,64,78,139,32,313,8,0,8,321
01/20/2016,BHM,AL,ASO,ES,Combined TRACON& Tower with Radar,69,75,93,53,290,0,0,8,2,10,69,75,101,55,300,0,0,0,300
01/21/2016,BHM,AL,ASO,ES,Combined TRACON& Tower with Radar,70,74,99,14,257,0,0,0,0,0,70,74,99,14,257,0,0,0,257
01/22/2016,BHM,AL,ASO,ES,Combined TRACON& Tower with Radar,60,59,58,0,177,0,0,0,0,0,60,59,58,0,177,0,0,0,177
01/23/2016,BHM,AL,ASO,ES,Combined TRACON& Tower with Radar,47,38,34,4,123,0,0,15,1,16,47,38,49,5,139,20,0,20,159
01/24/2016,BHM,AL,ASO,ES,Combined TRACON& Tower with Radar,49,50,60,0,159,0,3,31,0,34,49,53,91,0,193,0,0,0,193
01/25/2016,BHM,AL,ASO,ES,Combined TRACON& Tower with Radar,62,76,78,5,221,0,2,39,1,42,62,78,117,6,263,0,0,0,263
01/26/2016,BHM,AL,ASO,ES,Combined TRACON& Tower with Radar,68,76,81,42,267,0,0,1,0,1,68,76,82,42,268,0,0,0,268
01/27/2016,BHM,AL,ASO,ES,Combined TRACON& Tower with Radar,67,71,90,33,261,0,1,24,2,27,67,72,114,35,288,14,20,34,322
01/28/2016,BHM,AL,ASO,ES,Combined TRACON& Tower with Radar,68,74,97,28,267,0,0,24,9,33,68,74,121,37,300,0,0,0,300
01/29/2016,BHM,AL,ASO,ES,Combined TRACON& Tower with Radar,72,66,89,15,242,0,2,47,16,65,72,68,136,31,307,0,0,0,307
01/30/2016,BHM,AL,ASO,ES,Combined TRACON& Tower with Radar,42,59,30,1,132,0,3,49,13,65,42,62,79,14,197,0,0,0,197
01/31/2016,BHM,AL,ASO,ES,Combined TRACON& Tower with Radar,53,49,47,15,164,0,1,13,2,16,53,50,60,17,180,0,0,0,180
02/01/2016,BHM,AL,ASO,ES,Combined TRACON& Tower with Radar,64,67,71,8,210,0,0,15,0,15,64,67,86,8,225,0,0,0,225
02/02/2016,BHM,AL,ASO,ES,Combined TRACON& Tower with Radar,76,68,57,0,201,0,0,4,2,6,76,68,61,2,207,0,0,0,207
02/03/2016,BHM,AL,ASO,ES,Combined TRACON& Tower with Radar,64,66,57,2,189,0,1,16,0,17,64,67,73,2,206,0,0,0,206
02/04/2016,BHM,AL,ASO,ES,Combined TRACON& Tower with Radar,66,76,107,9,258,0,1,47,5,53,66,77,154,14,311,19,0,19,330
02/05/2016,BHM,AL,ASO,ES,Combined TRACON& Tower with Radar,73,77,95,4,249,0,1,41,8,50,73,78,136,12,299,0,0,0,299
02/06/2016,BHM,AL,ASO,ES,Combined TRACON& Tower with Radar,42,45,43,8,138,0,1,27,5,33,42,46,70,13,171,0,0,0,171
02/07/2016,BHM,AL,ASO,ES,Combined TRACON& Tower with Radar,45,40,27,6,118,0,0,36,7,43,45,40,63,13,161,0,0,0,161
02/08/2016,BHM,AL,ASO,ES,Combined TRACON& Tower with Radar,61,64,78,2,205,0,1,9,0,10,61,65,87,2,215,0,0,0,215
02/09/2016,BHM,AL,ASO,ES,Combined TRACON& Tower with Radar,62,74,80,2,218,0,1,11,1,13,62,75,91,3,231,0,0,0,231
02/10/2016,BHM,AL,ASO,ES,Combined TRACON& Tower with Radar,67,72,109,14,262,0,0,32,2,34,67,72,141,16,296,0,0,0,296
02/11/2016,BHM,AL,ASO,ES,Combined TRACON& Tower with Radar,68,80,118,12,278,0,1,40,8,49,68,81,158,20,327,0,0,0,327
02/12/2016,BHM,AL,ASO,ES,Combined TRACON& Tower with Radar,75,81,83,24,263,0,0,47,1,48,75,81,130,25,311,0,0,0,311
02/13/2016,BHM,AL,ASO,ES,Combined TRACON& Tower with Radar,41,50,46,0,137,0,2,36,0,38,41,52,82,0,175,0,0,0,175
02/14/2016,BHM,AL,ASO,ES,Combined TRACON& Tower with Radar,53,47,42,0,142,0,2,25,1,28,53,49,67,1,170,0,0,0,170
02/15/2016,BHM,AL,ASO,ES,Combined TRACON& Tower with Radar,81,52,66,0,199,0,0,1,0,1,81,52,67,0,200,0,0,0,200
02/16/2016,BHM,AL,ASO,ES,Combined TRACON& Tower with Radar,65,85,103,41,294,0,1,27,1,29,65,86,130,42,323,2,19,21,344
02/17/2016,BHM,AL,ASO,ES,Combined TRACON& Tower with Radar,68,79,111,52,310,0,2,30,12,44,68,81,141,64,354,18,0,18,372
02/18/2016,BHM,AL,ASO,ES,Combined TRACON& Tower with Radar,68,86,127,22,303,0,2,44,13,59,68,88,171,35,362,0,0,0,362
02/19/2016,BHM,AL,ASO,ES,Combined TRACON& Tower with Radar,72,86,109,21,288,0,0,32,12,44,72,86,141,33,332,0,0,0,332
02/20/2016,BHM,AL,ASO,ES,Combined TRACON& Tower with Radar,39,51,58,14,162,0,0,15,4,19,39,51,73,18,181,0,0,0,181
02/21/2016,BHM,AL,ASO,ES,Combined TRACON& Tower with Radar,59,59,47,13,178,0,0,7,1,8,59,59,54,14,186,0,0,0,186
02/22/2016,BHM,AL,ASO,ES,Combined TRACON& Tower with Radar,65,60,62,4,191,0,0,0,0,0,65,60,62,4,191,0,0,0,191
02/23/2016,BHM,AL,ASO,ES,Combined TRACON& Tower with Radar,71,75,69,6,221,0,0,0,0,0,71,75,69,6,221,0,0,0,221
02/24/2016,BHM,AL,ASO,ES,Combined TRACON& Tower with Radar,69,73,90,6,238,0,1,0,0,1,69,74,90,6,239,0,0,0,239
02/25/2016,BHM,AL,ASO,ES,Combined TRACON& Tower with Radar,69,85,102,23,279,0,1,18,11,30,69,86,120,34,309,0,0,0,309
02/26/2016,BHM,AL,ASO,ES,Combined TRACON& Tower with Radar,67,79,92,15,253,0,1,41,0,42,67,80,133,15,295,0,0,0,295
02/27/2016,BHM,AL,ASO,ES,Combined TRACON& Tower with Radar,38,62,53,1,154,0,0,69,0,69,38,62,122,1,223,0,0,0,223
02/28/2016,BHM,AL,ASO,ES,Combined TRACON& Tower with Radar,61,59,61,14,195,0,1,40,3,44,61,60,101,17,239,0,0,0,239
02/29/2016,BHM,AL,ASO,ES,Combined TRACON& Tower with Radar,66,65,75,1,207,0,1,25,4,30,66,66,100,5,237,0,0,0,237
03/01/2016,BHM,AL,ASO,ES,Combined TRACON& Tower with Radar,74,71,78,3,226,0,2,16,0,18,74,73,94,3,244,0,0,0,244
03/02/2016,BHM,AL,ASO,ES,Combined TRACON& Tower with Radar,68,75,97,5,245,0,1,44,8,53,68,76,141,13,298,0,0,0,298
03/03/2016,BHM,AL,ASO,ES,Combined TRACON& Tower with Radar,73,77,102,3,255,0,0,1,0,1,73,77,103,3,256,0,0,0,256
03/04/2016,BHM,AL,ASO,ES,Combined TRACON& Tower with Radar,74,69,101,25,269,0,0,26,1,27,74,69,127,26,296,0,0,0,296
03/05/2016,BHM,AL,ASO,ES,Combined TRACON& Tower with Radar,49,51,58,0,158,0,1,44,0,45,49,52,102,0,203,0,0,0,203
03/06/2016,BHM,AL,ASO,ES,Combined TRACON& Tower with Radar,60,65,56,5,186,0,1,33,3,37,60,66,89,8,223,0,0,0,223
03/07/2016,BHM,AL,ASO,ES,Combined TRACON& Tower with Radar,68,61,97,12,238,0,1,11,0,12,68,62,108,12,250,1,0,1,251
03/08/2016,BHM,AL,ASO,ES,Combined TRACON& Tower with Radar,71,74,80,26,251,0,1,47,4,52,71,75,127,30,303,10,0,10,313
03/09/2016,BHM,AL,ASO,ES,Combined TRACON& Tower with Radar,73,81,87,10,251,0,0,24,1,25,73,81,111,11,276,0,0,0,276
03/10/2016,BHM,AL,ASO,ES,Combined TRACON& Tower with Radar,73,77,94,24,268,0,3,9,2,14,73,80,103,26,282,0,0,0,282
03/11/2016,BHM,AL,ASO,ES,Combined TRACON& Tower with Radar,76,88,88,6,258,0,0,20,3,23,76,88,108,9,281,0,0,0,281
03/12/2016,BHM,AL,ASO,ES,Combined TRACON& Tower with Radar,57,52,37,8,154,0,1,12,2,15,57,53,49,10,169,0,0,0,169
03/13/2016,BHM,AL,ASO,ES,Combined TRACON& Tower with Radar,62,64,46,2,174,0,2,5,0,7,62,66,51,2,181,0,0,0,181
03/14/2016,BHM,AL,ASO,ES,Combined TRACON& Tower with Radar,68,65,105,13,251,0,4,23,0,27,68,69,128,13,278,0,0,0,278
03/15/2016,BHM,AL,ASO,ES,Combined TRACON& Tower with Radar,76,79,105,5,265,0,1,23,1,25,76,80,128,6,290,0,0,0,290
03/16/2016,BHM,AL,ASO,ES,Combined TRACON& Tower with Radar,73,79,92,24,268,0,2,23,6,31,73,81,115,30,299,0,0,0,299
03/17/2016,BHM,AL,ASO,ES,Combined TRACON& Tower with Radar,71,80,119,19,289,0,1,33,9,43,71,81,152,28,332,0,0,0,332
03/18/2016,BHM,AL,ASO,ES,Combined TRACON& Tower with Radar,76,79,83,33,271,0,3,17,10,30,76,82,100,43,301,0,0,0,301
03/19/2016,BHM,AL,ASO,ES,Combined TRACON& Tower with Radar,53,57,50,2,162,0,0,3,0,3,53,57,53,2,165,0,0,0,165
03/20/2016,BHM,AL,ASO,ES,Combined TRACON& Tower with Radar,63,61,64,7,195,0,1,19,9,29,63,62,83,16,224,0,0,0,224
03/21/2016,BHM,AL,ASO,ES,Combined TRACON& Tower with Radar,70,76,84,0,230,0,3,41,0,44,70,79,125,0,274,0,0,0,274
03/22/2016,BHM,AL,ASO,ES,Combined TRACON& Tower with Radar,74,71,105,5,255,0,0,39,4,43,74,71,144,9,298,0,0,0,298
03/23/2016,BHM,AL,ASO,ES,Combined TRACON& Tower with Radar,69,80,114,8,271,0,1,25,0,26,69,81,139,8,297,0,0,0,297
03/24/2016,BHM,AL,ASO,ES,Combined TRACON& Tower with Radar,81,81,86,1,249,0,2,2,1,5,81,83,88,2,254,0,0,0,254
03/25/2016,BHM,AL,ASO,ES,Combined TRACON& Tower with Radar,74,88,74,14,250,0,1,47,1,49,74,89,121,15,299,0,0,0,299
03/26/2016,BHM,AL,ASO,ES,Combined TRACON& Tower with Radar,51,51,71,4,177,0,2,18,0,20,51,53,89,4,197,0,0,0,197
03/27/2016,BHM,AL,ASO,ES,Combined TRACON& Tower with Radar,59,58,24,2,143,0,0,2,0,2,59,58,26,2,145,0,0,0,145
03/28/2016,BHM,AL,ASO,ES,Combined TRACON& Tower with Radar,68,69,104,17,258,0,0,25,0,25,68,69,129,17,283,0,0,0,283
03/29/2016,BHM,AL,ASO,ES,Combined TRACON& Tower with Radar,73,68,75,21,237,0,0,32,3,35,73,68,107,24,272,8,2,10,282
03/30/2016,BHM,AL,ASO,ES,Combined TRACON& Tower with Radar,71,75,119,19,284,0,1,25,3,29,71,76,144,22,313,0,0,0,313
03/31/2016,BHM,AL,ASO,ES,Combined TRACON& Tower with Radar,73,77,76,2,228,0,0,2,0,2,73,77,78,2,230,0,0,0,230
04/01/2016,BHM,AL,ASO,ES,Combined TRACON& Tower with Radar,73,78,86,27,264,0,1,10,0,11,73,79,96,27,275,0,0,0,275
04/02/2016,BHM,AL,ASO,ES,Combined TRACON& Tower with Radar,54,55,51,30,190,0,4,35,8,47,54,59,86,38,237,0,0,0,237
04/03/2016,BHM,AL,ASO,ES,Combined TRACON& Tower with Radar,59,65,84,1,209,0,1,36,6,43,59,66,120,7,252,0,0,0,252
04/04/2016,BHM,AL,ASO,ES,Combined TRACON& Tower with Radar,72,62,115,28,277,0,2,31,0,33,72,64,146,28,310,0,0,0,310
04/05/2016,BHM,AL,ASO,ES,Combined TRACON& Tower with Radar,67,94,122,2,285,0,0,34,2,36,67,94,156,4,321,0,0,0,321
04/06/2016,BHM,AL,ASO,ES,Combined TRACON& Tower with Radar,69,76,120,0,265,0,0,8,2,10,69,76,128,2,275,0,0,0,275
04/07/2016,BHM,AL,ASO,ES,Combined TRACON& Tower with Radar,68,83,119,17,287,0,1,18,2,21,68,84,137,19,308,0,0,0,308
04/08/2016,BHM,AL,ASO,ES,Combined TRACON& Tower with Radar,71,84,112,13,280,0,2,23,7,32,71,86,135,20,312,0,0,0,312
04/09/2016,BHM,AL,ASO,ES,Combined TRACON& Tower with Radar,51,48,43,0,142,0,0,37,0,37,51,48,80,0,179,0,0,0,179
04/10/2016,BHM,AL,ASO,ES,Combined TRACON& Tower with Radar,68,50,78,7,203,0,4,22,3,29,68,54,100,10,232,0,0,0,232
04/11/2016,BHM,AL,ASO,ES,Combined TRACON& Tower with Radar,66,65,78,1,210,0,2,14,1,17,66,67,92,2,227,0,0,0,227
04/12/2016,BHM,AL,ASO,ES,Combined TRACON& Tower with Radar,69,83,98,26,276,0,0,4,1,5,69,83,102,27,281,0,0,0,281
04/13/2016,BHM,AL,ASO,ES,Combined TRACON& Tower with Radar,71,79,112,38,300,0,1,17,4,22,71,80,129,42,322,4,0,4,326
04/14/2016,BHM,AL,ASO,ES,Combined TRACON& Tower with Radar,68,88,109,30,295,0,0,9,4,13,68,88,118,34,308,0,0,0,308
04/15/2016,BHM,AL,ASO,ES,Combined TRACON& Tower with Radar,72,89,67,38,266,0,3,12,11,26,72,92,79,49,292,0,0,0,292
04/16/2016,BHM,AL,ASO,ES,Combined TRACON& Tower with Radar,48,52,54,2,156,0,0,31,5,36,48,52,85,7,192,0,0,0,192
04/17/2016,BHM,AL,ASO,ES,Combined TRACON& Tower with Radar,69,53,79,8,209,0,0,39,5,44,69,53,118,13,253,0,0,0,253
04/18/2016,BHM,AL,ASO,ES,Combined TRACON& Tower with Radar,65,58,82,8,213,0,0,30,1,31,65,58,112,9,244,0,0,0,244
04/19/2016,BHM,AL,ASO,ES,Combined TRACON& Tower with Radar,68,77,101,19,265,0,2,37,2,41,68,79,138,21,306,0,0,0,306
04/20/2016,BHM,AL,ASO,ES,Combined TRACON& Tower with Radar,68,79,133,7,287,0,0,31,2,33,68,79,164,9,320,0,0,0,320
04/21/2016,BHM,AL,ASO,ES,Combined TRACON& Tower with Radar,74,80,112,16,282,0,2,21,6,29,74,82,133,22,311,0,0,0,311
04/22/2016,BHM,AL,ASO,ES,Combined TRACON& Tower with Radar,72,82,82,18,254,0,1,13,9,23,72,83,95,27,277,0,0,0,277
04/23/2016,BHM,AL,ASO,ES,Combined TRACON& Tower with Radar,51,42,56,4,153,0,1,45,1,47,51,43,101,5,200,0,0,0,200
04/24/2016,BHM,AL,ASO,ES,Combined TRACON& Tower with Radar,71,58,71,6,206,0,2,42,3,47,71,60,113,9,253,0,0,0,253
04/25/2016,BHM,AL,ASO,ES,Combined TRACON& Tower with Radar,66,64,125,3,258,0,2,27,0,29,66,66,152,3,287,50,0,50,337
04/26/2016,BHM,AL,ASO,ES,Combined TRACON& Tower with Radar,67,88,86,8,249,0,3,43,4,50,67,91,129,12,299,20,0,20,319
04/27/2016,BHM,AL,ASO,ES,Combined TRACON& Tower with Radar,69,84,81,30,264,0,2,19,2,23,69,86,100,32,287,0,20,20,307
04/28/2016,BHM,AL,ASO,ES,Combined TRACON& Tower with Radar,67,92,107,11,277,0,1,7,7,15,67,93,114,18,292,0,0,0,292
04/29/2016,BHM,AL,ASO,ES,Combined TRACON& Tower with Radar,74,75,74,15,238,0,4,40,6,50,74,79,114,21,288,0,0,0,288
04/30/2016,BHM,AL,ASO,ES,Combined TRACON& Tower with Radar,53,54,35,1,143,0,2,20,4,26,53,56,55,5,169,0,0,0,169
05/01/2016,BHM,AL,ASO,ES,Combined TRACON& Tower with Radar,63,49,66,1,179,0,1,14,5,20,63,50,80,6,199,16,0,16,215
05/02/2016,BHM,AL,ASO,ES,Combined TRACON& Tower with Radar,69,72,74,11,226,0,0,6,2,8,69,72,80,13,234,0,0,0,234
05/03/2016,BHM,AL,ASO,ES,Combined TRACON& Tower with Radar,70,75,101,6,252,0,3,15,6,24,70,78,116,12,276,0,0,0,276
05/04/2016,BHM,AL,ASO,ES,Combined TRACON& Tower with Radar,69,85,110,18,282,0,4,33,4,41,69,89,143,22,323,8,0,8,331
05/05/2016,BHM,AL,ASO,ES,Combined TRACON& Tower with Radar,79,72,116,9,276,0,0,23,5,28,79,72,139,14,304,0,0,0,304
05/06/2016,BHM,AL,ASO,ES,Combined TRACON& Tower with Radar,80,70,97,9,256,0,1,40,0,41,80,71,137,9,297,0,0,0,297
05/07/2016,BHM,AL,ASO,ES,Combined TRACON& Tower with Radar,53,44,42,6,145,0,0,44,1,45,53,44,86,7,190,0,0,0,190
05/08/2016,BHM,AL,ASO,ES,Combined TRACON& Tower with Radar,68,52,60,10,190,0,1,26,1,28,68,53,86,11,218,0,0,0,218
05/09/2016,BHM,AL,ASO,ES,Combined TRACON& Tower with Radar,72,60,92,27,251,0,0,25,0,25,72,60,117,27,276,0,0,0,276
05/10/2016,BHM,AL,ASO,ES,Combined TRACON& Tower with Radar,75,67,106,34,282,0,1,22,4,27,75,68,128,38,309,0,0,0,309
05/11/2016,BHM,AL,ASO,ES,Combined TRACON& Tower with Radar,77,67,145,7,296,0,4,24,4,32,77,71,169,11,328,0,0,0,328
05/12/2016,BHM,AL,ASO,ES,Combined TRACON& Tower with Radar,77,73,113,7,270,0,1,16,4,21,77,74,129,11,291,0,0,0,291
05/13/2016,BHM,AL,ASO,ES,Combined TRACON& Tower with Radar,80,73,90,11,254,0,3,49,11,63,80,76,139,22,317,0,0,0,317
05/14/2016,BHM,AL,ASO,ES,Combined TRACON& Tower with Radar,54,49,41,3,147,0,0,33,7,40,54,49,74,10,187,0,0,0,187
05/15/2016,BHM,AL,ASO,ES,Combined TRACON& Tower with Radar,74,63,47,6,190,0,3,33,6,42,74,66,80,12,232,0,0,0,232
05/16/2016,BHM,AL,ASO,ES,Combined TRACON& Tower with Radar,74,63,96,16,249,0,2,37,2,41,74,65,133,18,290,0,0,0,290
05/17/2016,BHM,AL,ASO,ES,Combined TRACON& Tower with Radar,84,76,134,25,319,0,0,10,4,14,84,76,144,29,333,0,0,0,333
05/18/2016,BHM,AL,ASO,ES,Combined TRACON& Tower with Radar,80,74,108,19,281,0,1,13,12,26,80,75,121,31,307,0,0,0,307
05/19/2016,BHM,AL,ASO,ES,Combined TRACON& Tower with Radar,76,80,118,17,291,0,1,33,16,50,76,81,151,33,341,0,0,0,341
05/20/2016,BHM,AL,ASO,ES,Combined TRACON& Tower with Radar,80,76,90,12,258,0,1,6,12,19,80,77,96,24,277,0,0,0,277
05/21/2016,BHM,AL,ASO,ES,Combined TRACON& Tower with Radar,53,39,58,13,163,0,0,86,14,100,53,39,144,27,263,0,0,0,263
05/22/2016,BHM,AL,ASO,ES,Combined TRACON& Tower with Radar,71,57,72,10,210,0,3,46,20,69,71,60,118,30,279,0,0,0,279
05/23/2016,BHM,AL,ASO,ES,Combined TRACON& Tower with Radar,73,78,85,23,259,0,3,43,1,47,73,81,128,24,306,18,0,18,324
05/24/2016,BHM,AL,ASO,ES,Combined TRACON& Tower with Radar,77,67,94,11,249,0,1,35,0,36,77,68,129,11,285,0,0,0,285
05/25/2016,BHM,AL,ASO,ES,Combined TRACON& Tower with Radar,78,75,94,16,263,0,2,47,10,59,78,77,141,26,322,0,0,0,322
05/26/2016,BHM,AL,ASO,ES,Combined TRACON& Tower with Radar,77,82,130,2,291,0,3,37,8,48,77,85,167,10,339,0,0,0,339
05/27/2016,BHM,AL,ASO,ES,Combined TRACON& Tower with Radar,78,75,104,2,259,0,1,46,1,48,78,76,150,3,307,0,0,0,307
05/28/2016,BHM,AL,ASO,ES,Combined TRACON& Tower with Radar,54,49,52,0,155,0,5,32,1,38,54,54,84,1,193,0,0,0,193
05/29/2016,BHM,AL,ASO,ES,Combined TRACON& Tower with Radar,54,35,24,0,113,0,1,20,1,22,54,36,44,1,135,0,0,0,135
05/30/2016,BHM,AL,ASO,ES,Combined TRACON& Tower with Radar,68,54,50,0,172,0,2,30,0,32,68,56,80,0,204,0,0,0,204
05/31/2016,BHM,AL,ASO,ES,Combined TRACON& Tower with Radar,69,57,92,9,227,0,0,22,0,22,69,57,114,9,249,0,0,0,249
06/01/2016,BHM,AL,ASO,ES,Combined TRACON& Tower with Radar,73,74,89,20,256,0,2,18,4,24,73,76,107,24,280,0,0,0,280
06/02/2016,BHM,AL,ASO,ES,Combined TRACON& Tower with Radar,77,97,78,24,276,0,1,22,2,25,77,98,100,26,301,0,0,0,301
06/03/2016,BHM,AL,ASO,ES,Combined TRACON& Tower with Radar,80,58,82,25,245,0,1,25,10,36,80,59,107,35,281,0,0,0,281
06/04/2016,BHM,AL,ASO,ES,Combined TRACON& Tower with Radar,58,48,41,0,147,0,2,10,7,19,58,50,51,7,166,0,0,0,166
06/05/2016,BHM,AL,ASO,ES,Combined TRACON& Tower with Radar,71,55,55,17,198,0,0,11,1,12,71,55,66,18,210,0,0,0,210
06/06/2016,BHM,AL,ASO,ES,Combined TRACON& Tower with Radar,68,78,82,20,248,0,1,29,6,36,68,79,111,26,284,18,0,18,302
06/07/2016,BHM,AL,ASO,ES,Combined TRACON& Tower with Radar,71,73,67,2,213,0,4,41,4,49,71,77,108,6,262,30,0,30,292
06/08/2016,BHM,AL,ASO,ES,Combined TRACON& Tower with Radar,78,81,101,12,272,0,2,32,2,36,78,83,133,14,308,0,0,0,308
06/09/2016,BHM,AL,ASO,ES,Combined TRACON& Tower with Radar,78,73,85,5,241,0,5,43,4,52,78,78,128,9,293,0,0,0,293
06/10/2016,BHM,AL,ASO,ES,Combined TRACON& Tower with Radar,76,79,72,27,254,0,3,35,3,41,76,82,107,30,295,12,0,12,307
06/11/2016,BHM,AL,ASO,ES,Combined TRACON& Tower with Radar,61,57,40,1,159,0,1,39,1,41,61,58,79,2,200,0,0,0,200
06/12/2016,BHM,AL,ASO,ES,Combined TRACON& Tower with Radar,63,49,37,11,160,0,0,15,12,27,63,49,52,23,187,0,0,0,187
06/13/2016,BHM,AL,ASO,ES,Combined TRACON& Tower with Radar,76,61,78,4,219,0,0,13,3,16,76,61,91,7,235,0,0,0,235
06/14/2016,BHM,AL,ASO,ES,Combined TRACON& Tower with Radar,93,68,111,0,272,0,0,15,6,21,93,68,126,6,293,0,0,0,293
06/15/2016,BHM,AL,ASO,ES,Combined TRACON& Tower with Radar,80,68,110,11,269,0,0,5,0,5,80,68,115,11,274,0,0,0,274
06/16/2016,BHM,AL,ASO,ES,Combined TRACON& Tower with Radar,79,71,111,30,291,0,0,19,3,22,79,71,130,33,313,0,0,0,313
06/17/2016,BHM,AL,ASO,ES,Combined TRACON& Tower with Radar,88,65,82,19,254,0,1,21,11,33,88,66,103,30,287,0,0,0,287
06/18/2016,BHM,AL,ASO,ES,Combined TRACON& Tower with Radar,59,49,49,8,165,0,0,19,0,19,59,49,68,8,184,0,0,0,184
06/19/2016,BHM,AL,ASO,ES,Combined TRACON& Tower with Radar,69,49,49,4,171,0,2,25,4,31,69,51,74,8,202,0,0,0,202
06/20/2016,BHM,AL,ASO,ES,Combined TRACON& Tower with Radar,71,56,72,30,229,0,1,25,6,32,71,57,97,36,261,0,0,0,261
06/21/2016,BHM,AL,ASO,ES,Combined TRACON& Tower with Radar,73,56,100,32,261,0,2,20,0,22,73,58,120,32,283,0,0,0,283
06/22/2016,BHM,AL,ASO,ES,Combined TRACON& Tower with Radar,76,70,94,36,276,0,1,9,2,12,76,71,103,38,288,0,0,0,288
06/23/2016,BHM,AL,ASO,ES,Combined TRACON& Tower with Radar,76,84,107,5,272,0,0,35,8,43,76,84,142,13,315,0,0,0,315
06/24/2016,BHM,AL,ASO,ES,Combined TRACON& Tower with Radar,78,70,75,44,267,0,3,22,11,36,78,73,97,55,303,0,0,0,303
06/25/2016,BHM,AL,ASO,ES,Combined TRACON& Tower with Radar,61,50,39,0,150,0,1,14,1,16,61,51,53,1,166,0,0,0,166
06/26/2016,BHM,AL,ASO,ES,Combined TRACON& Tower with Radar,88,48,61,10,207,0,0,20,1,21,88,48,81,11,228,2,0,2,230
06/27/2016,BHM,AL,ASO,ES,Combined TRACON& Tower with Radar,71,60,63,2,196,0,1,15,5,21,71,61,78,7,217,2,0,2,219
06/28/2016,BHM,AL,ASO,ES,Combined TRACON& Tower with Radar,78,73,97,10,258,0,1,8,3,12,78,74,105,13,270,0,0,0,270
06/29/2016,BHM,AL,ASO,ES,Combined TRACON& Tower with Radar,78,80,98,12,268,0,1,43,0,44,78,81,141,12,312,0,0,0,312
06/30/2016,BHM,AL,ASO,ES,Combined TRACON& Tower with Radar,83,75,119,8,285,0,2,65,1,68,83,77,184,9,353,0,0,0,353
07/01/2016,BHM,AL,ASO,ES,Combined TRACON& Tower with Radar,82,78,72,1,233,0,2,42,1,45,82,80,114,2,278,0,0,0,278
07/02/2016,BHM,AL,ASO,ES,Combined TRACON& Tower with Radar,60,45,22,0,127,0,0,22,0,22,60,45,44,0,149,0,0,0,149
07/03/2016,BHM,AL,ASO,ES,Combined TRACON& Tower with Radar,44,28,28,0,100,0,1,12,1,14,44,29,40,1,114,0,0,0,114
07/04/2016,BHM,AL,ASO,ES,Combined TRACON& Tower with Radar,51,28,20,0,99,0,1,22,0,23,51,29,42,0,122,0,0,0,122
07/05/2016,BHM,AL,ASO,ES,Combined TRACON& Tower with Radar,76,61,79,9,225,0,0,14,0,14,76,61,93,9,239,0,0,0,239
07/06/2016,BHM,AL,ASO,ES,Combined TRACON& Tower with Radar,94,74,78,0,246,0,5,17,3,25,94,79,95,3,271,0,0,0,271
07/07/2016,BHM,AL,ASO,ES,Combined TRACON& Tower with Radar,78,65,84,33,260,0,2,29,5,36,78,67,113,38,296,0,0,0,296
07/08/2016,BHM,AL,ASO,ES,Combined TRACON& Tower with Radar,77,63,74,25,239,0,2,43,11,56,77,65,117,36,295,0,0,0,295
07/09/2016,BHM,AL,ASO,ES,Combined TRACON& Tower with Radar,64,39,30,0,133,0,2,18,9,29,64,41,48,9,162,0,0,0,162
07/10/2016,BHM,AL,ASO,ES,Combined TRACON& Tower with Radar,71,49,45,3,168,0,3,14,4,21,71,52,59,7,189,0,0,0,189
07/11/2016,BHM,AL,ASO,ES,Combined TRACON& Tower with Radar,79,59,78,7,223,0,0,22,1,23,79,59,100,8,246,0,0,0,246
07/12/2016,BHM,AL,ASO,ES,Combined TRACON& Tower with Radar,76,78,110,8,272,0,3,11,1,15,76,81,121,9,287,0,0,0,287
07/13/2016,BHM,AL,ASO,ES,Combined TRACON& Tower with Radar,76,74,91,22,263,0,1,13,2,16,76,75,104,24,279,0,22,22,301
07/14/2016,BHM,AL,ASO,ES,Combined TRACON& Tower with Radar,83,70,107,15,275,0,1,20,4,25,83,71,127,19,300,0,0,0,300
07/15/2016,BHM,AL,ASO,ES,Combined TRACON& Tower with Radar,77,72,73,31,253,0,1,24,9,34,77,73,97,40,287,0,0,0,287
07/16/2016,BHM,AL,ASO,ES,Combined TRACON& Tower with Radar,66,49,52,5,172,0,0,20,5,25,66,49,72,10,197,0,0,0,197
07/17/2016,BHM,AL,ASO,ES,Combined TRACON& Tower with Radar,74,52,64,31,221,0,0,14,6,20,74,52,78,37,241,0,0,0,241
07/18/2016,BHM,AL,ASO,ES,Combined TRACON& Tower with Radar,72,65,94,7,238,0,1,15,3,19,72,66,109,10,257,0,0,0,257
07/19/2016,BHM,AL,ASO,ES,Combined TRACON& Tower with Radar,78,63,97,23,261,0,5,23,4,32,78,68,120,27,293,0,0,0,293
07/20/2016,BHM,AL,ASO,ES,Combined TRACON& Tower with Radar,74,70,101,21,266,0,3,23,4,30,74,73,124,25,296,0,0,0,296
07/21/2016,BHM,AL,ASO,ES,Combined TRACON& Tower with Radar,76,71,89,26,262,0,1,27,13,41,76,72,116,39,303,0,0,0,303
07/22/2016,BHM,AL,ASO,ES,Combined TRACON& Tower with Radar,82,64,68,48,262,0,1,39,15,55,82,65,107,63,317,0,0,0,317
07/23/2016,BHM,AL,ASO,ES,Combined TRACON& Tower with Radar,62,47,41,0,150,0,1,27,6,34,62,48,68,6,184,0,0,0,184
07/24/2016,BHM,AL,ASO,ES,Combined TRACON& Tower with Radar,72,47,45,3,167,0,0,14,4,18,72,47,59,7,185,0,0,0,185
07/25/2016,BHM,AL,ASO,ES,Combined TRACON& Tower with Radar,79,55,85,21,240,0,1,27,2,30,79,56,112,23,270,0,0,0,270
07/26/2016,BHM,AL,ASO,ES,Combined TRACON& Tower with Radar,77,66,95,13,251,0,4,23,5,32,77,70,118,18,283,0,0,0,283
07/27/2016,BHM,AL,ASO,ES,Combined TRACON& Tower with Radar,78,76,86,37,277,0,0,13,1,14,78,76,99,38,291,0,0,0,291
07/28/2016,BHM,AL,ASO,ES,Combined TRACON& Tower with Radar,76,68,91,20,255,0,1,13,7,21,76,69,104,27,276,0,0,0,276
07/29/2016,BHM,AL,ASO,ES,Combined TRACON& Tower with Radar,80,72,84,22,258,0,2,27,8,37,80,74,111,30,295,0,0,0,295
07/30/2016,BHM,AL,ASO,ES,Combined TRACON& Tower with Radar,64,43,41,0,148,0,3,23,0,26,64,46,64,0,174,0,0,0,174
07/31/2016,BHM,AL,ASO,ES,Combined TRACON& Tower with Radar,94,37,53,34,218,0,0,20,10,30,94,37,73,44,248,0,0,0,248
08/01/2016,BHM,AL,ASO,ES,Combined TRACON& Tower with Radar,73,49,66,7,195,0,1,30,1,32,73,50,96,8,227,0,0,0,227
08/02/2016,BHM,AL,ASO,ES,Combined TRACON& Tower with Radar,73,62,74,9,218,0,0,19,0,19,73,62,93,9,237,0,0,0,237
08/03/2016,BHM,AL,ASO,ES,Combined TRACON& Tower with Radar,78,72,85,37,272,0,2,22,5,29,78,74,107,42,301,0,12,12,313
08/04/2016,BHM,AL,ASO,ES,Combined TRACON& Tower with Radar,78,88,105,6,277,0,1,29,5,35,78,89,134,11,312,0,0,0,312
08/05/2016,BHM,AL,ASO,ES,Combined TRACON& Tower with Radar,93,59,64,10,226,0,1,22,10,33,93,60,86,20,259,0,0,0,259
08/06/2016,BHM,AL,ASO,ES,Combined TRACON& Tower with Radar,70,37,35,2,144,0,0,25,8,33,70,37,60,10,177,0,0,0,177
08/07/2016,BHM,AL,ASO,ES,Combined TRACON& Tower with Radar,71,47,36,1,155,0,1,24,2,27,71,48,60,3,182,0,0,0,182
08/08/2016,BHM,AL,ASO,ES,Combined TRACON& Tower with Radar,65,55,93,18,231,0,0,13,0,13,65,55,106,18,244,0,0,0,244
08/09/2016,BHM,AL,ASO,ES,Combined TRACON& Tower with Radar,72,68,108,28,276,0,0,10,1,11,72,68,118,29,287,0,0,0,287
08/10/2016,BHM,AL,ASO,ES,Combined TRACON& Tower with Radar,77,70,105,35,287,0,2,10,2,14,77,72,115,37,301,0,0,0,301
08/11/2016,BHM,AL,ASO,ES,Combined TRACON& Tower with Radar,83,73,89,10,255,0,0,6,2,8,83,73,95,12,263,0,0,0,263
08/12/2016,BHM,AL,ASO,ES,Combined TRACON& Tower with Radar,81,62,86,27,256,0,0,8,0,8,81,62,94,27,264,0,0,0,264
08/13/2016,BHM,AL,ASO,ES,Combined TRACON& Tower with Radar,65,31,30,5,131,0,0,11,0,11,65,31,41,5,142,0,0,0,142
08/14/2016,BHM,AL,ASO,ES,Combined TRACON& Tower with Radar,68,49,49,15,181,0,0,16,0,16,68,49,65,15,197,0,0,0,197
08/15/2016,BHM,AL,ASO,ES,Combined TRACON& Tower with Radar,83,46,68,11,208,0,0,32,1,33,83,46,100,12,241,0,0,0,241
08/16/2016,BHM,AL,ASO,ES,Combined TRACON& Tower with Radar,79,61,87,36,263,0,0,26,1,27,79,61,113,37,290,0,0,0,290
08/17/2016,BHM,AL,ASO,ES,Combined TRACON& Tower with Radar,83,73,93,9,258,0,0,19,4,23,83,73,112,13,281,0,0,0,281
08/18/2016,BHM,AL,ASO,ES,Combined TRACON& Tower with Radar,81,50,99,5,235,0,0,12,3,15,81,50,111,8,250,0,0,0,250
08/19/2016,BHM,AL,ASO,ES,Combined TRACON& Tower with Radar,88,59,73,27,247,0,0,13,13,26,88,59,86,40,273,0,0,0,273
08/20/2016,BHM,AL,ASO,ES,Combined TRACON& Tower with Radar,54,42,37,0,133,0,1,11,0,12,54,43,48,0,145,0,0,0,145
08/21/2016,BHM,AL,ASO,ES,Combined TRACON& Tower with Radar,67,52,51,42,212,0,0,7,4,11,67,52,58,46,223,0,0,0,223
08/22/2016,BHM,AL,ASO,ES,Combined TRACON& Tower with Radar,79,50,80,5,214,0,1,19,3,23,79,51,99,8,237,0,0,0,237
08/23/2016,BHM,AL,ASO,ES,Combined TRACON& Tower with Radar,76,62,100,23,261,0,1,35,4,40,76,63,135,27,301,0,0,0,301
08/24/2016,BHM,AL,ASO,ES,Combined TRACON& Tower with Radar,81,66,85,9,241,0,0,33,4,37,81,66,118,13,278,0,0,0,278
08/25/2016,BHM,AL,ASO,ES,Combined TRACON& Tower with Radar,83,57,104,26,270,0,0,21,6,27,83,57,125,32,297,0,0,0,297
08/26/2016,BHM,AL,ASO,ES,Combined TRACON& Tower with Radar,85,79,71,2,237,0,2,33,2,37,85,81,104,4,274,0,0,0,274
08/27/2016,BHM,AL,ASO,ES,Combined TRACON& Tower with Radar,58,28,43,3,132,0,1,42,5,48,58,29,85,8,180,0,0,0,180
08/28/2016,BHM,AL,ASO,ES,Combined TRACON& Tower with Radar,71,35,40,34,180,0,3,29,2,34,71,38,69,36,214,0,0,0,214
08/29/2016,BHM,AL,ASO,ES,Combined TRACON& Tower with Radar,77,49,79,11,216,0,0,14,2,16,77,49,93,13,232,0,0,0,232
08/30/2016,BHM,AL,ASO,ES,Combined TRACON& Tower with Radar,78,52,109,39,278,0,0,27,1,28,78,52,136,40,306,0,0,0,306
08/31/2016,BHM,AL,ASO,ES,Combined TRACON& Tower with Radar,83,71,108,15,277,0,2,31,4,37,83,73,139,19,314,0,0,0,314
09/01/2016,BHM,AL,ASO,ES,Combined TRACON& Tower with Radar,88,75,109,24,296,0,0,28,3,31,88,75,137,27,327,0,0,0,327
09/02/2016,BHM,AL,ASO,ES,Combined TRACON& Tower with Radar,90,73,91,6,260,0,0,23,3,26,90,73,114,9,286,0,0,0,286
09/03/2016,BHM,AL,ASO,ES,Combined TRACON& Tower with Radar,57,38,48,2,145,0,2,17,0,19,57,40,65,2,164,0,0,0,164
09/04/2016,BHM,AL,ASO,ES,Combined TRACON& Tower with Radar,62,33,55,0,150,0,1,14,2,17,62,34,69,2,167,0,0,0,167
09/05/2016,BHM,AL,ASO,ES,Combined TRACON& Tower with Radar,70,52,44,0,166,0,2,21,0,23,70,54,65,0,189,0,0,0,189
09/06/2016,BHM,AL,ASO,ES,Combined TRACON& Tower with Radar,72,46,74,20,212,0,1,15,4,20,72,47,89,24,232,0,0,0,232
09/07/2016,BHM,AL,ASO,ES,Combined TRACON& Tower with Radar,75,77,77,13,242,0,2,32,4,38,75,79,109,17,280,0,0,0,280
09/08/2016,BHM,AL,ASO,ES,Combined TRACON& Tower with Radar,79,60,97,16,252,0,2,18,12,32,79,62,115,28,284,0,0,0,284
09/09/2016,BHM,AL,ASO,ES,Combined TRACON& Tower with Radar,80,73,88,13,254,0,0,21,11,32,80,73,109,24,286,0,0,0,286
09/10/2016,BHM,AL,ASO,ES,Combined TRACON& Tower with Radar,51,45,39,13,148,0,0,27,4,31,51,45,66,17,179,0,0,0,179
09/11/2016,BHM,AL,ASO,ES,Combined TRACON& Tower with Radar,67,59,68,7,201,0,1,18,2,21,67,60,86,9,222,0,0,0,222
09/12/2016,BHM,AL,ASO,ES,Combined TRACON& Tower with Radar,75,55,74,14,218,0,0,15,1,16,75,55,89,15,234,0,0,0,234
09/13/2016,BHM,AL,ASO,ES,Combined TRACON& Tower with Radar,75,68,92,32,267,0,2,19,3,24,75,70,111,35,291,0,16,16,307
09/14/2016,BHM,AL,ASO,ES,Combined TRACON& Tower with Radar,78,82,89,15,264,0,1,41,5,47,78,83,130,20,311,16,0,16,327
09/15/2016,BHM,AL,ASO,ES,Combined TRACON& Tower with Radar,81,70,100,13,264,0,1,18,5,24,81,71,118,18,288,0,0,0,288
09/16/2016,BHM,AL,ASO,ES,Combined TRACON& Tower with Radar,87,71,65,18,241,0,1,20,5,26,87,72,85,23,267,0,0,0,267
09/17/2016,BHM,AL,ASO,ES,Combined TRACON& Tower with Radar,53,42,57,0,152,0,2,4,3,9,53,44,61,3,161,0,0,0,161
09/18/2016,BHM,AL,ASO,ES,Combined TRACON& Tower with Radar,70,54,58,0,182,0,0,1,0,1,70,54,59,0,183,0,0,0,183
09/19/2016,BHM,AL,ASO,ES,Combined TRACON& Tower with Radar,76,60,99,20,255,0,1,16,5,22,76,61,115,25,277,0,0,0,277
09/20/2016,BHM,AL,ASO,ES,Combined TRACON& Tower with Radar,76,62,97,36,271,0,1,38,5,44,76,63,135,41,315,0,0,0,315
09/21/2016,BHM,AL,ASO,ES,Combined TRACON& Tower with Radar,78,68,105,2,253,0,0,31,5,36,78,68,136,7,289,0,0,0,289
09/22/2016,BHM,AL,ASO,ES,Combined TRACON& Tower with Radar,84,80,104,12,280,0,1,40,3,44,84,81,144,15,324,0,0,0,324
09/23/2016,BHM,AL,ASO,ES,Combined TRACON& Tower with Radar,83,72,94,25,274,0,2,34,5,41,83,74,128,30,315,0,0,0,315
09/24/2016,BHM,AL,ASO,ES,Combined TRACON& Tower with Radar,54,42,54,10,160,0,1,37,1,39,54,43,91,11,199,0,0,0,199
09/25/2016,BHM,AL,ASO,ES,Combined TRACON& Tower with Radar,64,54,68,9,195,0,1,31,7,39,64,55,99,16,234,0,0,0,234
09/26/2016,BHM,AL,ASO,ES,Combined TRACON& Tower with Radar,77,52,82,6,217,0,0,27,1,28,77,52,109,7,245,0,0,0,245
09/27/2016,BHM,AL,ASO,ES,Combined TRACON& Tower with Radar,78,78,98,29,283,0,0,13,0,13,78,78,111,29,296,0,0,0,296
09/28/2016,BHM,AL,ASO,ES,Combined TRACON& Tower with Radar,81,81,118,43,323,0,3,19,3,25,81,84,137,46,348,0,0,0,348
09/29/2016,BHM,AL,ASO,ES,Combined TRACON& Tower with Radar,82,75,101,19,277,0,1,35,10,46,82,76,136,29,323,10,0,10,333
09/30/2016,BHM,AL,ASO,ES,Combined TRACON& Tower with Radar,86,86,81,7,260,0,2,30,4,36,86,88,111,11,296,0,0,0,296
10/01/2016,BHM,AL,ASO,ES,Combined TRACON& Tower with Radar,54,45,59,0,158,0,3,31,1,35,54,48,90,1,193,0,0,0,193
10/02/2016,BHM,AL,ASO,ES,Combined TRACON& Tower with Radar,73,42,66,0,181,0,2,32,0,34,73,44,98,0,215,0,0,0,215
10/03/2016,BHM,AL,ASO,ES,Combined TRACON& Tower with Radar,74,72,95,43,284,0,0,18,0,18,74,72,113,43,302,0,0,0,302
10/04/2016,BHM,AL,ASO,ES,Combined TRACON& Tower with Radar,78,69,80,17,244,0,1,28,5,34,78,70,108,22,278,0,0,0,278
10/05/2016,BHM,AL,ASO,ES,Combined TRACON& Tower with Radar,80,74,100,6,260,0,2,30,3,35,80,76,130,9,295,0,0,0,295
10/06/2016,BHM,AL,ASO,ES,Combined TRACON& Tower with Radar,81,72,97,5,255,0,2,18,0,20,81,74,115,5,275,0,0,0,275
10/07/2016,BHM,AL,ASO,ES,Combined TRACON& Tower with Radar,78,77,61,13,229,0,6,23,4,33,78,83,84,17,262,0,0,0,262
10/08/2016,BHM,AL,ASO,ES,Combined TRACON& Tower with Radar,61,40,55,7,163,0,4,28,1,33,61,44,83,8,196,0,0,0,196
10/09/2016,BHM,AL,ASO,ES,Combined TRACON& Tower with Radar,74,44,55,9,182,0,0,20,1,21,74,44,75,10,203,0,0,0,203
10/10/2016,BHM,AL,ASO,ES,Combined TRACON& Tower with Radar,78,64,59,1,202,0,2,22,1,25,78,66,81,2,227,0,0,0,227
10/11/2016,BHM,AL,ASO,ES,Combined TRACON& Tower with Radar,79,72,98,17,266,0,2,7,0,9,79,74,105,17,275,0,0,0,275
10/12/2016,BHM,AL,ASO,ES,Combined TRACON& Tower with Radar,81,65,110,6,262,0,1,23,2,26,81,66,133,8,288,0,0,0,288
10/13/2016,BHM,AL,ASO,ES,Combined TRACON& Tower with Radar,81,77,122,20,300,0,1,44,8,53,81,78,166,28,353,0,0,0,353
10/14/2016,BHM,AL,ASO,ES,Combined TRACON& Tower with Radar,83,80,60,14,237,0,2,41,15,58,83,82,101,29,295,0,0,0,295
10/15/2016,BHM,AL,ASO,ES,Combined TRACON& Tower with Radar,56,53,70,17,196,0,3,46,4,53,56,56,116,21,249,5,5,10,259
10/16/2016,BHM,AL,ASO,ES,Combined TRACON& Tower with Radar,70,53,58,10,191,0,0,13,12,25,70,53,71,22,216,0,0,0,216
10/17/2016,BHM,AL,ASO,ES,Combined TRACON& Tower with Radar,78,56,87,16,237,0,1,24,0,25,78,57,111,16,262,0,0,0,262
10/18/2016,BHM,AL,ASO,ES,Combined TRACON& Tower with Radar,79,77,105,18,279,0,0,28,2,30,79,77,133,20,309,0,0,0,309
10/19/2016,BHM,AL,ASO,ES,Combined TRACON& Tower with Radar,80,63,125,32,300,0,0,49,2,51,80,63,174,34,351,0,0,0,351
10/20/2016,BHM,AL,ASO,ES,Combined TRACON& Tower with Radar,85,89,124,33,331,0,2,26,11,39,85,91,150,44,370,0,0,0,370
10/21/2016,BHM,AL,ASO,ES,Combined TRACON& Tower with Radar,88,74,112,16,290,0,3,36,4,43,88,77,148,20,333,0,0,0,333
10/22/2016,BHM,AL,ASO,ES,Combined TRACON& Tower with Radar,63,42,62,6,173,0,4,24,3,31,63,46,86,9,204,0,0,0,204
10/23/2016,BHM,AL,ASO,ES,Combined TRACON& Tower with Radar,76,56,88,1,221,0,5,33,6,44,76,61,121,7,265,0,0,0,265
10/24/2016,BHM,AL,ASO,ES,Combined TRACON& Tower with Radar,77,63,111,6,257,0,0,30,2,32,77,63,141,8,289,12,0,12,301
10/25/2016,BHM,AL,ASO,ES,Combined TRACON& Tower with Radar,74,78,107,5,264,0,2,17,0,19,74,80,124,5,283,0,0,0,283
10/26/2016,BHM,AL,ASO,ES,Combined TRACON& Tower with Radar,74,81,100,16,271,0,2,43,2,47,74,83,143,18,318,10,0,10,328
10/27/2016,BHM,AL,ASO,ES,Combined TRACON& Tower with Radar,82,72,114,13,281,7,4,34,1,46,89,76,148,14,327,0,0,0,327
10/28/2016,BHM,AL,ASO,ES,Combined TRACON& Tower with Radar,85,81,93,10,269,0,2,24,5,31,85,83,117,15,300,0,0,0,300
10/29/2016,BHM,AL,ASO,ES,Combined TRACON& Tower with Radar,61,45,54,0,160,0,1,41,0,42,61,46,95,0,202,0,0,0,202
10/30/2016,BHM,AL,ASO,ES,Combined TRACON& Tower with Radar,70,40,76,2,188,0,1,23,0,24,70,41,99,2,212,8,0,8,220
10/31/2016,BHM,AL,ASO,ES,Combined TRACON& Tower with Radar,68,51,66,0,185,0,0,27,0,27,68,51,93,0,212,0,0,0,212
11/01/2016,BHM,AL,ASO,ES,Combined TRACON& Tower with Radar,78,65,88,5,236,0,0,37,5,42,78,65,125,10,278,0,0,0,278
11/02/2016,BHM,AL,ASO,ES,Combined TRACON& Tower with Radar,77,70,88,27,262,0,2,20,5,27,77,72,108,32,289,0,0,0,289
11/03/2016,BHM,AL,ASO,ES,Combined TRACON& Tower with Radar,81,62,106,31,280,0,2,22,9,33,81,64,128,40,313,0,0,0,313
11/04/2016,BHM,AL,ASO,ES,Combined TRACON& Tower with Radar,82,77,92,31,282,0,0,25,7,32,82,77,117,38,314,0,0,0,314
11/05/2016,BHM,AL,ASO,ES,Combined TRACON& Tower with Radar,61,42,57,1,161,0,1,30,3,34,61,43,87,4,195,0,0,0,195
11/06/2016,BHM,AL,ASO,ES,Combined TRACON& Tower with Radar,75,54,84,14,227,0,2,29,5,36,75,56,113,19,263,0,0,0,263
11/07/2016,BHM,AL,ASO,ES,Combined TRACON& Tower with Radar,74,56,70,10,210,0,1,41,0,42,74,57,111,10,252,0,0,0,252
11/08/2016,BHM,AL,ASO,ES,Combined TRACON& Tower with Radar,72,66,91,24,253,0,3,36,0,39,72,69,127,24,292,20,0,20,312
11/09/2016,BHM,AL,ASO,ES,Combined TRACON& Tower with Radar,81,67,103,26,277,0,0,38,0,38,81,67,141,26,315,0,0,0,315
11/10/2016,BHM,AL,ASO,ES,Combined TRACON& Tower with Radar,83,77,98,7,265,0,0,55,5,60,83,77,153,12,325,2,0,2,327
11/11/2016,BHM,AL,ASO,ES,Combined TRACON& Tower with Radar,83,83,95,0,261,0,2,37,2,41,83,85,132,2,302,0,0,0,302
11/12/2016,BHM,AL,ASO,ES,Combined TRACON& Tower with Radar,58,40,64,13,175,0,2,29,3,34,58,42,93,16,209,0,0,0,209
11/13/2016,BHM,AL,ASO,ES,Combined TRACON& Tower with Radar,74,43,69,0,186,0,4,37,0,41,74,47,106,0,227,0,0,0,227
11/14/2016,BHM,AL,ASO,ES,Combined TRACON& Tower with Radar,76,59,101,11,247,0,2,27,0,29,76,61,128,11,276,0,0,0,276
11/15/2016,BHM,AL,ASO,ES,Combined TRACON& Tower with Radar,79,79,101,48,307,0,0,28,2,30,79,79,129,50,337,0,0,0,337
11/16/2016,BHM,AL,ASO,ES,Combined TRACON& Tower with Radar,81,60,113,33,287,0,0,39,5,44,81,60,152,38,331,0,0,0,331
11/17/2016,BHM,AL,ASO,ES,Combined TRACON& Tower with Radar,83,85,106,24,298,0,1,43,16,60,83,86,149,40,358,0,0,0,358
11/18/2016,BHM,AL,ASO,ES,Combined TRACON& Tower with Radar,83,81,92,12,268,0,2,44,10,56,83,83,136,22,324,0,0,0,324
11/19/2016,BHM,AL,ASO,ES,Combined TRACON& Tower with Radar,59,34,49,3,145,0,1,19,6,26,59,35,68,9,171,0,0,0,171
11/20/2016,BHM,AL,ASO,ES,Combined TRACON& Tower with Radar,71,40,58,8,177,0,0,16,5,21,71,40,74,13,198,4,0,4,202
11/21/2016,BHM,AL,ASO,ES,Combined TRACON& Tower with Radar,72,55,82,64,273,0,0,39,0,39,72,55,121,64,312,0,12,12,324
11/22/2016,BHM,AL,ASO,ES,Combined TRACON& Tower with Radar,92,85,81,4,262,0,4,39,7,50,92,89,120,11,312,0,0,0,312
11/23/2016,BHM,AL,ASO,ES,Combined TRACON& Tower with Radar,93,73,71,20,257,0,3,25,4,32,93,76,96,24,289,10,0,10,299
11/24/2016,BHM,AL,ASO,ES,Combined TRACON& Tower with Radar,42,39,22,0,103,0,1,7,1,9,42,40,29,1,112,0,0,0,112
11/25/2016,BHM,AL,ASO,ES,Combined TRACON& Tower with Radar,61,36,56,0,153,0,2,10,0,12,61,38,66,0,165,0,0,0,165
11/26/2016,BHM,AL,ASO,ES,Combined TRACON& Tower with Radar,80,49,45,0,174,0,1,27,0,28,80,50,72,0,202,0,0,0,202
11/27/2016,BHM,AL,ASO,ES,Combined TRACON& Tower with Radar,91,65,82,0,238,0,0,23,0,23,91,65,105,0,261,4,0,4,265
11/28/2016,BHM,AL,ASO,ES,Combined TRACON& Tower with Radar,94,70,67,7,238,0,0,13,0,13,94,70,80,7,251,0,0,0,251
11/29/2016,BHM,AL,ASO,ES,Combined TRACON& Tower with Radar,80,61,69,9,219,0,0,13,0,13,80,61,82,9,232,4,0,4,236
11/30/2016,BHM,AL,ASO,ES,Combined TRACON& Tower with Radar,85,57,78,5,225,0,0,6,0,6,85,57,84,5,231,0,0,0,231
12/01/2016,BHM,AL,ASO,ES,Combined TRACON& Tower with Radar,80,80,89,15,264,0,2,44,13,59,80,82,133,28,323,0,0,0,323
12/02/2016,BHM,AL,ASO,ES,Combined TRACON& Tower with Radar,81,65,92,4,242,0,4,47,12,63,81,69,139,16,305,6,0,6,311
12/03/2016,BHM,AL,ASO,ES,Combined TRACON& Tower with Radar,54,46,45,27,172,0,0,19,0,19,54,46,64,27,191,0,0,0,191
12/04/2016,BHM,AL,ASO,ES,Combined TRACON& Tower with Radar,66,46,55,16,183,0,0,0,0,0,66,46,55,16,183,0,0,0,183
12/05/2016,BHM,AL,ASO,ES,Combined TRACON& Tower with Radar,72,64,75,1,212,0,0,0,0,0,72,64,75,1,212,0,0,0,212
12/06/2016,BHM,AL,ASO,ES,Combined TRACON& Tower with Radar,75,88,95,10,268,0,0,0,0,0,75,88,95,10,268,0,0,0,268
12/07/2016,BHM,AL,ASO,ES,Combined TRACON& Tower with Radar,79,71,104,25,279,0,1,9,2,12,79,72,113,27,291,0,0,0,291
12/08/2016,BHM,AL,ASO,ES,Combined TRACON& Tower with Radar,82,74,105,20,281,0,0,25,4,29,82,74,130,24,310,0,0,0,310
12/09/2016,BHM,AL,ASO,ES,Combined TRACON& Tower with Radar,82,75,91,52,300,0,1,21,6,28,82,76,112,58,328,0,7,7,335
12/10/2016,BHM,AL,ASO,ES,Combined TRACON& Tower with Radar,51,46,56,5,158,0,1,23,1,25,51,47,79,6,183,0,0,0,183
12/11/2016,BHM,AL,ASO,ES,Combined TRACON& Tower with Radar,65,46,51,9,171,0,0,22,2,24,65,46,73,11,195,12,0,12,207
12/12/2016,BHM,AL,ASO,ES,Combined TRACON& Tower with Radar,73,64,109,4,250,0,0,2,0,2,73,64,111,4,252,0,0,0,252
12/13/2016,BHM,AL,ASO,ES,Combined TRACON& Tower with Radar,76,102,126,19,323,0,0,0,0,0,76,102,126,19,323,0,0,0,323
12/14/2016,BHM,AL,ASO,ES,Combined TRACON& Tower with Radar,80,80,131,74,365,0,0,23,5,28,80,80,154,79,393,0,0,0,393
12/15/2016,BHM,AL,ASO,ES,Combined TRACON& Tower with Radar,78,77,98,26,279,0,2,38,11,51,78,79,136,37,330,0,0,0,330
12/16/2016,BHM,AL,ASO,ES,Combined TRACON& Tower with Radar,73,79,105,16,273,0,1,32,10,43,73,80,137,26,316,0,0,0,316
12/17/2016,BHM,AL,ASO,ES,Combined TRACON& Tower with Radar,54,58,39,4,155,0,0,3,0,3,54,58,42,4,158,0,0,0,158
12/18/2016,BHM,AL,ASO,ES,Combined TRACON& Tower with Radar,63,46,32,0,141,0,0,1,0,1,63,46,33,0,142,0,0,0,142
12/19/2016,BHM,AL,ASO,ES,Combined TRACON& Tower with Radar,70,59,57,16,202,0,0,5,2,7,70,59,62,18,209,0,6,6,215
12/20/2016,BHM,AL,ASO,ES,Combined TRACON& Tower with Radar,82,65,85,25,257,0,0,4,3,7,82,65,89,28,264,0,0,0,264
12/21/2016,BHM,AL,ASO,ES,Combined TRACON& Tower with Radar,86,72,95,17,270,0,2,26,5,33,86,74,121,22,303,0,0,0,303
12/22/2016,BHM,AL,ASO,ES,Combined TRACON& Tower with Radar,88,74,66,6,234,0,0,23,0,23,88,74,89,6,257,14,0,14,271
12/23/2016,BHM,AL,ASO,ES,Combined TRACON& Tower with Radar,87,71,37,4,199,0,3,40,0,43,87,74,77,4,242,14,8,22,264
12/24/2016,BHM,AL,ASO,ES,Combined TRACON& Tower with Radar,46,44,20,0,110,0,1,4,0,5,46,45,24,0,115,0,0,0,115
12/25/2016,BHM,AL,ASO,ES,Combined TRACON& Tower with Radar,49,38,13,0,100,0,0,9,0,9,49,38,22,0,109,0,0,0,109
12/26/2016,BHM,AL,ASO,ES,Combined TRACON& Tower with Radar,77,64,63,0,204,0,1,10,0,11,77,65,73,0,215,0,0,0,215
12/27/2016,BHM,AL,ASO,ES,Combined TRACON& Tower with Radar,84,52,80,0,216,0,0,4,0,4,84,52,84,0,220,12,0,12,232
12/28/2016,BHM,AL,ASO,ES,Combined TRACON& Tower with Radar,83,70,63,5,221,0,0,10,4,14,83,70,73,9,235,0,0,0,235
12/29/2016,BHM,AL,ASO,ES,Combined TRACON& Tower with Radar,90,65,55,11,221,0,1,22,0,23,90,66,77,11,244,0,0,0,244
12/30/2016,BHM,AL,ASO,ES,Combined TRACON& Tower with Radar,82,61,47,2,192,0,2,33,0,35,82,63,80,2,227,0,0,0,227
12/31/2016,BHM,AL,ASO,ES,Combined TRACON& Tower with Radar,46,47,42,0,135,0,1,10,0,11,46,48,52,0,146,0,0,0,146
01/01/2017,BHM,AL,ASO,ES,Combined TRACON& Tower with Radar,59,35,28,0,122,0,0,0,0,0,59,35,28,0,122,0,0,0,122
01/02/2017,BHM,AL,ASO,ES,Combined TRACON& Tower with Radar,74,43,54,0,171,0,0,0,0,0,74,43,54,0,171,0,0,0,171
01/03/2017,BHM,AL,ASO,ES,Combined TRACON& Tower with Radar,72,68,87,5,232,0,0,4,0,4,72,68,91,5,236,0,0,0,236
01/04/2017,BHM,AL,ASO,ES,Combined TRACON& Tower with Radar,72,61,74,19,226,0,0,15,0,15,72,61,89,19,241,0,0,0,241
01/05/2017,BHM,AL,ASO,ES,Combined TRACON& Tower with Radar,70,63,79,23,235,0,1,24,13,38,70,64,103,36,273,0,0,0,273
01/06/2017,BHM,AL,ASO,ES,Combined TRACON& Tower with Radar,51,38,38,0,127,0,0,1,0,1,51,38,39,0,128,0,0,0,128
01/07/2017,BHM,AL,ASO,ES,Combined TRACON& Tower with Radar,46,32,24,16,118,0,1,11,5,17,46,33,35,21,135,0,0,0,135
01/08/2017,BHM,AL,ASO,ES,Combined TRACON& Tower with Radar,69,45,63,2,179,0,2,23,0,25,69,47,86,2,204,0,0,0,204
01/09/2017,BHM,AL,ASO,ES,Combined TRACON& Tower with Radar,86,41,107,14,248,0,0,28,0,28,86,41,135,14,276,0,0,0,276
01/10/2017,BHM,AL,ASO,ES,Combined TRACON& Tower with Radar,110,69,165,33,377,0,1,10,0,11,110,70,175,33,388,12,0,12,400
01/11/2017,BHM,AL,ASO,ES,Combined TRACON& Tower with Radar,80,69,75,26,250,0,4,2,1,7,80,73,77,27,257,0,0,0,257
01/12/2017,BHM,AL,ASO,ES,Combined TRACON& Tower with Radar,85,78,113,45,321,0,0,16,1,17,85,78,129,46,338,8,0,8,346
01/13/2017,BHM,AL,ASO,ES,Combined TRACON& Tower with Radar,85,64,91,46,286,0,1,31,2,34,85,65,122,48,320,0,0,0,320
01/14/2017,BHM,AL,ASO,ES,Combined TRACON& Tower with Radar,47,40,27,3,117,0,3,27,3,33,47,43,54,6,150,0,0,0,150
01/15/2017,BHM,AL,ASO,ES,Combined TRACON& Tower with Radar,54,39,63,7,163,0,1,29,1,31,54,40,92,8,194,14,0,14,208
01/16/2017,BHM,AL,ASO,ES,Combined TRACON& Tower with Radar,78,55,70,6,209,0,0,26,0,26,78,55,96,6,235,0,0,0,235
01/17/2017,BHM,AL,ASO,ES,Combined TRACON& Tower with Radar,78,56,83,31,248,0,3,24,0,27,78,59,107,31,275,0,0,0,275
01/18/2017,BHM,AL,ASO,ES,Combined TRACON& Tower with Radar,85,66,106,14,271,0,1,13,2,16,85,67,119,16,287,0,0,0,287
01/19/2017,BHM,AL,ASO,ES,Combined TRACON& Tower with Radar,85,72,86,11,254,0,0,0,0,0,85,72,86,11,254,0,0,0,254
01/20/2017,BHM,AL,ASO,ES,Combined TRACON& Tower with Radar,86,68,79,28,261,0,1,25,13,39,86,69,104,41,300,0,0,0,300
01/21/2017,BHM,AL,ASO,ES,Combined TRACON& Tower with Radar,67,44,27,15,153,0,4,14,1,19,67,48,41,16,172,0,0,0,172
01/22/2017,BHM,AL,ASO,ES,Combined TRACON& Tower with Radar,79,39,31,14,163,0,0,0,0,0,79,39,31,14,163,0,0,0,163
01/23/2017,BHM,AL,ASO,ES,Combined TRACON& Tower with Radar,77,58,82,7,224,0,0,12,0,12,77,58,94,7,236,10,0,10,246
01/24/2017,BHM,AL,ASO,ES,Combined TRACON& Tower with Radar,83,58,104,29,274,0,3,42,7,52,83,61,146,36,326,6,0,6,332
01/25/2017,BHM,AL,ASO,ES,Combined TRACON& Tower with Radar,81,76,105,18,280,0,1,11,0,12,81,77,116,18,292,0,0,0,292
01/26/2017,BHM,AL,ASO,ES,Combined TRACON& Tower with Radar,85,65,108,80,338,0,0,32,13,45,85,65,140,93,383,0,8,8,391
01/27/2017,BHM,AL,ASO,ES,Combined TRACON& Tower with Radar,86,63,100,32,281,0,1,33,5,39,86,64,133,37,320,0,0,0,320
01/28/2017,BHM,AL,ASO,ES,Combined TRACON& Tower with Radar,53,38,49,1,141,0,0,35,3,38,53,38,84,4,179,0,0,0,179
01/29/2017,BHM,AL,ASO,ES,Combined TRACON& Tower with Radar,66,45,48,0,159,0,3,18,1,22,66,48,66,1,181,0,0,0,181
01/30/2017,BHM,AL,ASO,ES,Combined TRACON& Tower with Radar,81,51,76,19,227,0,2,28,2,32,81,53,104,21,259,10,0,10,269
01/31/2017,BHM,AL,ASO,ES,Combined TRACON& Tower with Radar,78,60,108,25,271,0,1,45,5,51,78,61,153,30,322,20,0,20,342
02/01/2017,BHM,AL,ASO,ES,Combined TRACON& Tower with Radar,85,59,88,40,272,0,1,24,5,30,85,60,112,45,302,0,14,14,316
02/02/2017,BHM,AL,ASO,ES,Combined TRACON& Tower with Radar,88,63,97,15,263,0,0,7,1,8,88,63,104,16,271,0,0,0,271
02/03/2017,BHM,AL,ASO,ES,Combined TRACON& Tower with Radar,90,58,76,30,254,0,2,23,19,44,90,60,99,49,298,0,0,0,298
02/04/2017,BHM,AL,ASO,ES,Combined TRACON& Tower with Radar,51,40,48,4,143,0,2,38,9,49,51,42,86,13,192,0,0,0,192
02/05/2017,BHM,AL,ASO,ES,Combined TRACON& Tower with Radar,61,30,45,2,138,0,0,0,0,0,61,30,45,2,138,0,0,0,138
02/06/2017,BHM,AL,ASO,ES,Combined TRACON& Tower with Radar,76,58,76,15,225,0,0,2,0,2,76,58,78,15,227,0,0,0,227
02/07/2017,BHM,AL,ASO,ES,Combined TRACON& Tower with Radar,80,54,69,0,203,0,0,0,0,0,80,54,69,0,203,0,0,0,203
02/08/2017,BHM,AL,ASO,ES,Combined TRACON& Tower with Radar,83,59,80,9,231,0,0,2,1,3,83,59,82,10,234,0,0,0,234
02/09/2017,BHM,AL,ASO,ES,Combined TRACON& Tower with Radar,82,61,101,22,266,0,1,17,8,26,82,62,118,30,292,48,14,62,354
02/10/2017,BHM,AL,ASO,ES,Combined TRACON& Tower with Radar,87,61,109,38,295,0,2,39,8,49,87,63,148,46,344,0,0,0,344
02/11/2017,BHM,AL,ASO,ES,Combined TRACON& Tower with Radar,54,37,41,12,144,0,1,3,2,6,54,38,44,14,150,0,0,0,150
02/12/2017,BHM,AL,ASO,ES,Combined TRACON& Tower with Radar,71,41,61,26,199,0,0,1,4,5,71,41,62,30,204,0,0,0,204
02/13/2017,BHM,AL,ASO,ES,Combined TRACON& Tower with Radar,81,46,71,1,199,0,2,25,0,27,81,48,96,1,226,0,0,0,226
02/14/2017,BHM,AL,ASO,ES,Combined TRACON& Tower with Radar,80,57,73,38,248,0,0,33,6,39,80,57,106,44,287,32,0,32,319
02/15/2017,BHM,AL,ASO,ES,Combined TRACON& Tower with Radar,84,69,76,13,242,0,0,16,2,18,84,69,92,15,260,0,0,0,260
02/16/2017,BHM,AL,ASO,ES,Combined TRACON& Tower with Radar,84,67,131,11,293,0,6,37,3,46,84,73,168,14,339,0,0,0,339
02/17/2017,BHM,AL,ASO,ES,Combined TRACON& Tower with Radar,91,65,113,7,276,0,1,40,6,47,91,66,153,13,323,0,0,0,323
02/18/2017,BHM,AL,ASO,ES,Combined TRACON& Tower with Radar,50,31,49,2,132,0,1,2,1,4,50,32,51,3,136,0,0,0,136
02/19/2017,BHM,AL,ASO,ES,Combined TRACON& Tower with Radar,63,38,54,0,155,0,0,20,2,22,63,38,74,2,177,10,0,10,187
02/20/2017,BHM,AL,ASO,ES,Combined TRACON& Tower with Radar,81,51,87,0,219,0,3,36,2,41,81,54,123,2,260,0,0,0,260
02/21/2017,BHM,AL,ASO,ES,Combined TRACON& Tower with Radar,81,54,85,12,232,0,0,0,0,0,81,54,85,12,232,0,0,0,232
02/22/2017,BHM,AL,ASO,ES,Combined TRACON& Tower with Radar,84,63,111,32,290,0,0,9,2,11,84,63,120,34,301,0,16,16,317
02/23/2017,BHM,AL,ASO,ES,Combined TRACON& Tower with Radar,82,64,134,26,306,0,0,15,4,19,82,64,149,30,325,0,0,0,325
02/24/2017,BHM,AL,ASO,ES,Combined TRACON& Tower with Radar,82,58,108,20,268,0,0,34,5,39,82,58,142,25,307,0,0,0,307
02/25/2017,BHM,AL,ASO,ES,Combined TRACON& Tower with Radar,56,39,45,20,160,0,2,33,2,37,56,41,78,22,197,0,0,0,197
02/26/2017,BHM,AL,ASO,ES,Combined TRACON& Tower with Radar,73,46,81,1,201,0,1,42,0,43,73,47,123,1,244,0,0,0,244
02/27/2017,BHM,AL,ASO,ES,Combined TRACON& Tower with Radar,80,63,62,2,207,0,2,2,0,4,80,65,64,2,211,0,0,0,211
02/28/2017,BHM,AL,ASO,ES,Combined TRACON& Tower with Radar,80,63,109,6,258,0,0,2,0,2,80,63,111,6,260,0,0,0,260
03/01/2017,BHM,AL,ASO,ES,Combined TRACON& Tower with Radar,89,66,87,17,259,0,0,1,0,1,89,66,88,17,260,0,0,0,260
03/02/2017,BHM,AL,ASO,ES,Combined TRACON& Tower with Radar,87,64,123,15,289,0,1,45,14,60,87,65,168,29,349,0,0,0,349
03/03/2017,BHM,AL,ASO,ES,Combined TRACON& Tower with Radar,83,64,87,28,262,0,1,36,6,43,83,65,123,34,305,8,0,8,313
03/04/2017,BHM,AL,ASO,ES,Combined TRACON& Tower with Radar,55,29,41,3,128,0,1,23,1,25,55,30,64,4,153,28,0,28,181
03/05/2017,BHM,AL,ASO,ES,Combined TRACON& Tower with Radar,78,40,61,2,181,0,1,14,0,15,78,41,75,2,196,0,0,0,196
03/06/2017,BHM,AL,ASO,ES,Combined TRACON& Tower with Radar,77,50,68,8,203,0,0,22,0,22,77,50,90,8,225,0,0,0,225
03/07/2017,BHM,AL,ASO,ES,Combined TRACON& Tower with Radar,83,61,85,3,232,0,0,0,0,0,83,61,85,3,232,0,0,0,232
03/08/2017,BHM,AL,ASO,ES,Combined TRACON& Tower with Radar,81,55,96,22,254,0,4,28,6,38,81,59,124,28,292,0,0,0,292
03/09/2017,BHM,AL,ASO,ES,Combined TRACON& Tower with Radar,79,77,85,11,252,0,2,29,17,48,79,79,114,28,300,2,12,14,314
03/10/2017,BHM,AL,ASO,ES,Combined TRACON& Tower with Radar,87,60,97,37,281,0,1,21,21,43,87,61,118,58,324,0,0,0,324
03/11/2017,BHM,AL,ASO,ES,Combined TRACON& Tower with Radar,57,38,35,12,142,0,2,5,8,15,57,40,40,20,157,0,0,0,157
03/12/2017,BHM,AL,ASO,ES,Combined TRACON& Tower with Radar,74,45,78,11,208,0,2,16,9,27,74,47,94,20,235,2,0,2,237
03/13/2017,BHM,AL,ASO,ES,Combined TRACON& Tower with Radar,76,44,102,3,225,0,0,2,0,2,76,44,104,3,227,0,0,0,227
03/14/2017,BHM,AL,ASO,ES,Combined TRACON& Tower with Radar,74,50,86,21,231,0,0,11,0,11,74,50,97,21,242,0,0,0,242
03/15/2017,BHM,AL,ASO,ES,Combined TRACON& Tower with Radar,81,62,77,28,248,0,2,29,6,37,81,64,106,34,285,0,0,0,285
03/16/2017,BHM,AL,ASO,ES,Combined TRACON& Tower with Radar,82,61,88,10,241,0,5,37,4,46,82,66,125,14,287,15,0,15,302
03/17/2017,BHM,AL,ASO,ES,Combined TRACON& Tower with Radar,85,54,67,14,220,0,3,24,10,37,85,57,91,24,257,0,0,0,257
03/18/2017,BHM,AL,ASO,ES,Combined TRACON& Tower with Radar,56,38,40,8,142,0,1,6,0,7,56,39,46,8,149,0,0,0,149
03/19/2017,BHM,AL,ASO,ES,Combined TRACON& Tower with Radar,75,43,46,3,167,0,0,18,5,23,75,43,64,8,190,0,0,0,190
03/20/2017,BHM,AL,ASO,ES,Combined TRACON& Tower with Radar,82,49,98,10,239,0,1,27,0,28,82,50,125,10,267,0,0,0,267
03/21/2017,BHM,AL,ASO,ES,Combined TRACON& Tower with Radar,94,56,88,19,257,0,1,42,11,54,94,57,130,30,311,0,0,0,311
03/22/2017,BHM,AL,ASO,ES,Combined TRACON& Tower with Radar,86,64,107,22,279,0,2,35,2,39,86,66,142,24,318,0,2,2,320
03/23/2017,BHM,AL,ASO,ES,Combined TRACON& Tower with Radar,82,75,124,42,323,0,0,37,7,44,82,75,161,49,367,0,0,0,367
03/24/2017,BHM,AL,ASO,ES,Combined TRACON& Tower with Radar,82,71,98,13,264,0,2,27,3,32,82,73,125,16,296,0,0,0,296
03/25/2017,BHM,AL,ASO,ES,Combined TRACON& Tower with Radar,55,49,33,1,138,0,0,5,0,5,55,49,38,1,143,6,0,6,149
03/26/2017,BHM,AL,ASO,ES,Combined TRACON& Tower with Radar,74,49,53,0,176,0,2,5,2,9,74,51,58,2,185,0,0,0,185
03/27/2017,BHM,AL,ASO,ES,Combined TRACON& Tower with Radar,77,53,64,8,202,0,0,6,1,7,77,53,70,9,209,0,0,0,209
03/28/2017,BHM,AL,ASO,ES,Combined TRACON& Tower with Radar,82,61,86,51,280,0,0,6,0,6,82,61,92,51,286,10,0,10,296
03/29/2017,BHM,AL,ASO,ES,Combined TRACON& Tower with Radar,83,64,84,38,269,0,5,32,6,43,83,69,116,44,312,0,0,0,312
03/30/2017,BHM,AL,ASO,ES,Combined TRACON& Tower with Radar,83,59,64,6,212,0,0,7,3,10,83,59,71,9,222,0,0,0,222
03/31/2017,BHM,AL,ASO,ES,Combined TRACON& Tower with Radar,83,55,81,10,229,0,0,44,15,59,83,55,125,25,288,7,0,7,295
04/01/2017,BHM,AL,ASO,ES,Combined TRACON& Tower with Radar,60,43,52,1,156,0,0,42,10,52,60,43,94,11,208,12,0,12,220
04/02/2017,BHM,AL,ASO,ES,Combined TRACON& Tower with Radar,75,50,57,7,189,0,0,35,4,39,75,50,92,11,228,0,0,0,228
04/03/2017,BHM,AL,ASO,ES,Combined TRACON& Tower with Radar,72,52,42,0,166,0,0,5,0,5,72,52,47,0,171,0,0,0,171
04/04/2017,BHM,AL,ASO,ES,Combined TRACON& Tower with Radar,80,73,102,27,282,0,2,33,5,40,80,75,135,32,322,9,0,9,331
04/05/2017,BHM,AL,ASO,ES,Combined TRACON& Tower with Radar,89,61,45,5,200,0,0,4,0,4,89,61,49,5,204,0,0,0,204
04/06/2017,BHM,AL,ASO,ES,Combined TRACON& Tower with Radar,73,70,117,8,268,0,4,11,8,23,73,74,128,16,291,0,0,0,291
04/07/2017,BHM,AL,ASO,ES,Combined TRACON& Tower with Radar,72,66,134,7,279,0,3,20,17,40,72,69,154,24,319,0,0,0,319
04/08/2017,BHM,AL,ASO,ES,Combined TRACON& Tower with Radar,57,50,42,2,151,0,2,19,14,35,57,52,61,16,186,0,0,0,186
04/09/2017,BHM,AL,ASO,ES,Combined TRACON& Tower with Radar,75,55,60,7,197,0,3,19,5,27,75,58,79,12,224,0,0,0,224
04/10/2017,BHM,AL,ASO,ES,Combined TRACON& Tower with Radar,80,66,89,5,240,0,2,19,0,21,80,68,108,5,261,0,0,0,261
04/11/2017,BHM,AL,ASO,ES,Combined TRACON& Tower with Radar,81,61,96,15,253,0,1,28,2,31,81,62,124,17,284,0,0,0,284
04/12/2017,BHM,AL,ASO,ES,Combined TRACON& Tower with Radar,77,77,91,23,268,0,0,20,2,22,77,77,111,25,290,0,0,0,290
04/13/2017,BHM,AL,ASO,ES,Combined TRACON& Tower with Radar,81,76,124,2,283,0,1,32,11,44,81,77,156,13,327,6,0,6,333
04/14/2017,BHM,AL,ASO,ES,Combined TRACON& Tower with Radar,81,62,80,8,231,0,1,30,1,32,81,63,110,9,263,5,0,5,268
04/15/2017,BHM,AL,ASO,ES,Combined TRACON& Tower with Radar,53,36,30,0,119,0,2,16,1,19,53,38,46,1,138,2,0,2,140
04/16/2017,BHM,AL,ASO,ES,Combined TRACON& Tower with Radar,67,48,38,6,159,0,2,10,0,12,67,50,48,6,171,0,0,0,171
04/17/2017,BHM,AL,ASO,ES,Combined TRACON& Tower with Radar,81,56,99,14,250,0,0,16,2,18,81,56,115,16,268,7,0,7,275
04/18/2017,BHM,AL,ASO,ES,Combined TRACON& Tower with Radar,81,67,104,51,303,0,1,19,8,28,81,68,123,59,331,6,22,28,359
04/19/2017,BHM,AL,ASO,ES,Combined TRACON& Tower with Radar,82,74,137,55,348,0,0,36,8,44,82,74,173,63,392,8,56,64,456
04/20/2017,BHM,AL,ASO,ES,Combined TRACON& Tower with Radar,85,75,118,26,304,0,0,29,3,32,85,75,147,29,336,0,0,0,336
04/21/2017,BHM,AL,ASO,ES,Combined TRACON& Tower with Radar,86,68,82,24,260,0,4,52,8,64,86,72,134,32,324,2,12,14,338
04/22/2017,BHM,AL,ASO,ES,Combined TRACON& Tower with Radar,62,46,57,2,167,0,0,14,2,16,62,46,71,4,183,0,0,0,183
04/23/2017,BHM,AL,ASO,ES,Combined TRACON& Tower with Radar,77,58,99,17,251,0,0,5,1,6,77,58,104,18,257,0,0,0,257
04/24/2017,BHM,AL,ASO,ES,Combined TRACON& Tower with Radar,83,57,92,16,248,0,0,9,0,9,83,57,101,16,257,12,0,12,269
04/25/2017,BHM,AL,ASO,ES,Combined TRACON& Tower with Radar,79,71,101,4,255,0,0,22,2,24,79,71,123,6,279,0,0,0,279
04/26/2017,BHM,AL,ASO,ES,Combined TRACON& Tower with Radar,80,82,120,21,303,0,3,32,5,40,80,85,152,26,343,0,0,0,343
04/27/2017,BHM,AL,ASO,ES,Combined TRACON& Tower with Radar,80,60,131,7,278,0,1,15,2,18,80,61,146,9,296,0,0,0,296
04/28/2017,BHM,AL,ASO,ES,Combined TRACON& Tower with Radar,84,74,118,35,311,0,3,20,7,30,84,77,138,42,341,0,0,0,341
04/29/2017,BHM,AL,ASO,ES,Combined TRACON& Tower with Radar,58,44,50,7,159,0,0,29,4,33,58,44,79,11,192,12,0,12,204
04/30/2017,BHM,AL,ASO,ES,Combined TRACON& Tower with Radar,67,39,46,20,172,0,0,4,1,5,67,39,50,21,177,0,0,0,177
05/01/2017,BHM,AL,ASO,ES,Combined TRACON& Tower with Radar,79,47,64,17,207,0,1,9,2,12,79,48,73,19,219,0,0,0,219
05/02/2017,BHM,AL,ASO,ES,Combined TRACON& Tower with Radar,78,55,76,43,252,0,3,34,1,38,78,58,110,44,290,16,18,34,324
05/03/2017,BHM,AL,ASO,ES,Combined TRACON& Tower with Radar,82,67,88,17,254,0,0,36,4,40,82,67,124,21,294,4,0,4,298
05/04/2017,BHM,AL,ASO,ES,Combined TRACON& Tower with Radar,82,73,103,8,266,0,1,0,0,1,82,74,103,8,267,0,0,0,267
05/05/2017,BHM,AL,ASO,ES,Combined TRACON& Tower with Radar,83,71,127,24,305,0,0,2,1,3,83,71,129,25,308,0,0,0,308
05/06/2017,BHM,AL,ASO,ES,Combined TRACON& Tower with Radar,62,42,57,0,161,0,1,22,10,33,62,43,79,10,194,0,0,0,194
05/07/2017,BHM,AL,ASO,ES,Combined TRACON& Tower with Radar,77,53,57,1,188,0,2,33,3,38,77,55,90,4,226,0,0,0,226
05/08/2017,BHM,AL,ASO,ES,Combined TRACON& Tower with Radar,85,62,122,21,290,0,0,56,0,56,85,62,178,21,346,0,0,0,346
05/09/2017,BHM,AL,ASO,ES,Combined TRACON& Tower with Radar,82,75,113,28,298,0,0,21,7,28,82,75,134,35,326,0,0,0,326
05/10/2017,BHM,AL,ASO,ES,Combined TRACON& Tower with Radar,92,70,98,24,284,0,0,27,4,31,92,70,125,28,315,0,0,0,315
05/11/2017,BHM,AL,ASO,ES,Combined TRACON& Tower with Radar,84,62,103,34,283,0,0,26,3,29,84,62,129,37,312,0,0,0,312
05/12/2017,BHM,AL,ASO,ES,Combined TRACON& Tower with Radar,86,63,90,7,246,0,1,2,0,3,86,64,92,7,249,0,0,0,249
05/13/2017,BHM,AL,ASO,ES,Combined TRACON& Tower with Radar,56,41,79,3,179,0,0,19,4,23,56,41,98,7,202,0,0,0,202
05/14/2017,BHM,AL,ASO,ES,Combined TRACON& Tower with Radar,73,40,51,3,167,0,1,13,1,15,73,41,64,4,182,16,0,16,198
05/15/2017,BHM,AL,ASO,ES,Combined TRACON& Tower with Radar,83,48,122,16,269,0,0,41,0,41,83,48,163,16,310,0,34,34,344
05/16/2017,BHM,AL,ASO,ES,Combined TRACON& Tower with Radar,81,59,111,20,271,0,2,23,3,28,81,61,134,23,299,11,0,11,310
05/17/2017,BHM,AL,ASO,ES,Combined TRACON& Tower with Radar,87,83,141,10,321,0,4,25,7,36,87,87,166,17,357,0,0,0,357
05/18/2017,BHM,AL,ASO,ES,Combined TRACON& Tower with Radar,79,80,88,12,259,0,4,19,15,38,79,84,107,27,297,0,0,0,297
05/19/2017,BHM,AL,ASO,ES,Combined TRACON& Tower with Radar,86,68,93,47,294,0,1,25,17,43,86,69,118,64,337,0,0,0,337
05/20/2017,BHM,AL,ASO,ES,Combined TRACON& Tower with Radar,64,37,43,1,145,0,1,14,10,25,64,38,57,11,170,0,0,0,170
05/21/2017,BHM,AL,ASO,ES,Combined TRACON& Tower with Radar,80,45,40,16,181,0,1,4,2,7,80,46,44,18,188,0,0,0,188
05/22/2017,BHM,AL,ASO,ES,Combined TRACON& Tower with Radar,83,60,67,24,234,0,0,5,0,5,83,60,72,24,239,0,0,0,239
05/23/2017,BHM,AL,ASO,ES,Combined TRACON& Tower with Radar,88,66,107,3,264,0,0,1,0,1,88,66,108,3,265,0,0,0,265
05/24/2017,BHM,AL,ASO,ES,Combined TRACON& Tower with Radar,82,70,114,26,292,0,0,8,4,12,82,70,122,30,304,0,0,0,304
05/25/2017,BHM,AL,ASO,ES,Combined TRACON& Tower with Radar,85,77,131,7,300,0,0,31,2,33,85,77,162,9,333,0,0,0,333
05/26/2017,BHM,AL,ASO,ES,Combined TRACON& Tower with Radar,90,69,89,2,250,0,5,64,1,70,90,74,153,3,320,0,0,0,320
05/27/2017,BHM,AL,ASO,ES,Combined TRACON& Tower with Radar,61,47,16,0,124,0,2,14,1,17,61,49,30,1,141,0,0,0,141
05/28/2017,BHM,AL,ASO,ES,Combined TRACON& Tower with Radar,58,33,34,2,127,0,1,7,1,9,58,34,41,3,136,0,0,0,136
05/29/2017,BHM,AL,ASO,ES,Combined TRACON& Tower with Radar,82,47,45,0,174,0,0,10,4,14,82,47,55,4,188,0,0,0,188
05/30/2017,BHM,AL,ASO,ES,Combined TRACON& Tower with Radar,81,48,96,4,229,0,2,29,6,37,81,50,125,10,266,0,0,0,266
05/31/2017,BHM,AL,ASO,ES,Combined TRACON& Tower with Radar,81,67,77,23,248,0,1,23,11,35,81,68,100,34,283,8,0,8,291
06/01/2017,BHM,AL,ASO,ES,Combined TRACON& Tower with Radar,86,62,97,20,265,0,0,15,6,21,86,62,112,26,286,0,0,0,286
06/02/2017,BHM,AL,ASO,ES,Combined TRACON& Tower with Radar,76,73,86,12,247,0,0,18,4,22,76,73,104,16,269,0,0,0,269
06/03/2017,BHM,AL,ASO,ES,Combined TRACON& Tower with Radar,60,53,35,3,151,0,0,15,2,17,60,53,50,5,168,0,0,0,168
06/04/2017,BHM,AL,ASO,ES,Combined TRACON& Tower with Radar,73,42,52,1,168,0,0,2,0,2,73,42,54,1,170,0,0,0,170
06/05/2017,BHM,AL,ASO,ES,Combined TRACON& Tower with Radar,81,51,75,2,209,0,0,1,0,1,81,51,76,2,210,6,0,6,216
06/06/2017,BHM,AL,ASO,ES,Combined TRACON& Tower with Radar,78,77,91,22,268,0,0,10,1,11,78,77,101,23,279,0,0,0,279
06/07/2017,BHM,AL,ASO,ES,Combined TRACON& Tower with Radar,83,65,116,22,286,0,1,33,4,38,83,66,149,26,324,0,0,0,324
06/08/2017,BHM,AL,ASO,ES,Combined TRACON& Tower with Radar,84,93,135,10,322,0,2,41,7,50,84,95,176,17,372,4,0,4,376
06/09/2017,BHM,AL,ASO,ES,Combined TRACON& Tower with Radar,87,62,67,16,232,0,6,46,11,63,87,68,113,27,295,6,0,6,301
06/10/2017,BHM,AL,ASO,ES,Combined TRACON& Tower with Radar,63,48,34,7,152,0,0,28,10,38,63,48,62,17,190,4,15,19,209
06/11/2017,BHM,AL,ASO,ES,Combined TRACON& Tower with Radar,76,45,50,22,193,0,1,26,3,30,76,46,76,25,223,0,0,0,223
06/12/2017,BHM,AL,ASO,ES,Combined TRACON& Tower with Radar,88,44,67,19,218,0,1,18,0,19,88,45,85,19,237,4,0,4,241
06/13/2017,BHM,AL,ASO,ES,Combined TRACON& Tower with Radar,86,73,91,19,269,0,0,26,2,28,86,73,117,21,297,0,0,0,297
06/14/2017,BHM,AL,ASO,ES,Combined TRACON& Tower with Radar,85,64,98,10,257,0,0,24,1,25,85,64,122,11,282,0,0,0,282
06/15/2017,BHM,AL,ASO,ES,Combined TRACON& Tower with Radar,82,67,90,3,242,0,0,20,1,21,82,67,110,4,263,0,0,0,263
06/16/2017,BHM,AL,ASO,ES,Combined TRACON& Tower with Radar,92,70,90,21,273,0,1,31,2,34,92,71,121,23,307,0,0,0,307
06/17/2017,BHM,AL,ASO,ES,Combined TRACON& Tower with Radar,78,49,44,14,185,0,2,17,3,22,78,51,61,17,207,0,0,0,207
06/18/2017,BHM,AL,ASO,ES,Combined TRACON& Tower with Radar,74,49,40,2,165,0,0,2,0,2,74,49,42,2,167,0,0,0,167
06/19/2017,BHM,AL,ASO,ES,Combined TRACON& Tower with Radar,77,58,91,4,230,0,1,12,0,13,77,59,103,4,243,10,0,10,253
06/20/2017,BHM,AL,ASO,ES,Combined TRACON& Tower with Radar,88,55,78,2,223,0,0,15,0,15,88,55,93,2,238,22,0,22,260
06/21/2017,BHM,AL,ASO,ES,Combined TRACON& Tower with Radar,86,65,66,5,222,0,0,2,0,2,86,65,68,5,224,0,0,0,224
06/22/2017,BHM,AL,ASO,ES,Combined TRACON& Tower with Radar,88,63,56,2,209,0,0,0,0,0,88,63,56,2,209,0,0,0,209
06/23/2017,BHM,AL,ASO,ES,Combined TRACON& Tower with Radar,91,70,56,7,224,0,0,0,0,0,91,70,56,7,224,0,0,0,224
06/24/2017,BHM,AL,ASO,ES,Combined TRACON& Tower with Radar,68,50,46,0,164,0,0,0,0,0,68,50,46,0,164,0,0,0,164
06/25/2017,BHM,AL,ASO,ES,Combined TRACON& Tower with Radar,80,51,53,7,191,0,4,26,0,30,80,55,79,7,221,0,0,0,221
06/26/2017,BHM,AL,ASO,ES,Combined TRACON& Tower with Radar,85,58,90,21,254,0,3,42,0,45,85,61,132,21,299,0,0,0,299
06/27/2017,BHM,AL,ASO,ES,Combined TRACON& Tower with Radar,87,65,90,60,302,0,0,45,0,45,87,65,135,60,347,26,16,42,389
06/28/2017,BHM,AL,ASO,ES,Combined TRACON& Tower with Radar,89,74,89,23,275,0,2,47,3,52,89,76,136,26,327,0,0,0,327
06/29/2017,BHM,AL,ASO,ES,Combined TRACON& Tower with Radar,90,67,117,24,298,0,0,0,0,0,90,67,117,24,298,0,0,0,298
06/30/2017,BHM,AL,ASO,ES,Combined TRACON& Tower with Radar,89,59,87,2,237,0,0,7,0,7,89,59,94,2,244,0,0,0,244
07/01/2017,BHM,AL,ASO,ES,Combined TRACON& Tower with Radar,61,44,56,1,162,0,0,10,0,10,61,44,66,1,172,0,0,0,172
07/02/2017,BHM,AL,ASO,ES,Combined TRACON& Tower with Radar,67,34,28,0,129,0,1,19,0,20,67,35,47,0,149,0,0,0,149
07/03/2017,BHM,AL,ASO,ES,Combined TRACON& Tower with Radar,63,35,45,1,144,0,0,27,0,27,63,35,72,1,171,0,0,0,171
07/04/2017,BHM,AL,ASO,ES,Combined TRACON& Tower with Radar,61,39,18,1,119,0,1,13,0,14,61,40,31,1,133,0,0,0,133
07/05/2017,BHM,AL,ASO,ES,Combined TRACON& Tower with Radar,83,50,61,7,201,0,0,21,4,25,83,50,82,11,226,16,7,23,249
07/06/2017,BHM,AL,ASO,ES,Combined TRACON& Tower with Radar,90,53,84,12,239,0,0,20,8,28,90,53,104,20,267,0,0,0,267
07/07/2017,BHM,AL,ASO,ES,Combined TRACON& Tower with Radar,88,58,50,11,207,0,0,22,4,26,88,58,72,15,233,0,0,0,233
07/08/2017,BHM,AL,ASO,ES,Combined TRACON& Tower with Radar,68,44,52,0,164,0,0,21,2,23,68,44,73,2,187,0,0,0,187
07/09/2017,BHM,AL,ASO,ES,Combined TRACON& Tower with Radar,77,50,66,13,206,0,1,29,5,35,77,51,95,18,241,16,0,16,257
07/10/2017,BHM,AL,ASO,ES,Combined TRACON& Tower with Radar,91,44,76,28,239,0,1,34,3,38,91,45,110,31,277,8,6,14,291
07/11/2017,BHM,AL,ASO,ES,Combined TRACON& Tower with Radar,99,54,129,7,289,0,0,32,6,38,99,54,161,13,327,0,0,0,327
07/12/2017,BHM,AL,ASO,ES,Combined TRACON& Tower with Radar,94,50,111,31,286,0,0,20,2,22,94,50,131,33,308,0,0,0,308
07/13/2017,BHM,AL,ASO,ES,Combined TRACON& Tower with Radar,91,60,122,18,291,0,1,21,15,37,91,61,143,33,328,7,16,23,351
07/14/2017,BHM,AL,ASO,ES,Combined TRACON& Tower with Radar,95,65,94,31,285,0,1,30,12,43,95,66,124,43,328,0,0,0,328
07/15/2017,BHM,AL,ASO,ES,Combined TRACON& Tower with Radar,65,51,41,2,159,0,3,5,2,10,65,54,46,4,169,0,0,0,169
07/16/2017,BHM,AL,ASO,ES,Combined TRACON& Tower with Radar,83,51,42,17,193,0,2,17,3,22,83,53,59,20,215,4,13,17,232
07/17/2017,BHM,AL,ASO,ES,Combined TRACON& Tower with Radar,97,58,87,7,249,0,0,10,5,15,97,58,97,12,264,28,13,41,305
07/18/2017,BHM,AL,ASO,ES,Combined TRACON& Tower with Radar,95,61,100,46,302,0,0,37,3,40,95,61,137,49,342,12,8,20,362
07/19/2017,BHM,AL,ASO,ES,Combined TRACON& Tower with Radar,92,79,88,36,295,0,3,59,1,63,92,82,147,37,358,24,0,24,382
07/20/2017,BHM,AL,ASO,ES,Combined TRACON& Tower with Radar,97,61,112,12,282,0,3,36,7,46,97,64,148,19,328,4,0,4,332
07/21/2017,BHM,AL,ASO,ES,Combined TRACON& Tower with Radar,89,62,84,35,270,0,0,21,12,33,89,62,105,47,303,0,10,10,313
07/22/2017,BHM,AL,ASO,ES,Combined TRACON& Tower with Radar,71,41,42,8,162,0,1,14,2,17,71,42,56,10,179,21,0,21,200
07/23/2017,BHM,AL,ASO,ES,Combined TRACON& Tower with Radar,76,47,56,28,207,0,3,20,11,34,76,50,76,39,241,0,0,0,241
07/24/2017,BHM,AL,ASO,ES,Combined TRACON& Tower with Radar,92,60,79,5,236,0,0,9,0,9,92,60,88,5,245,0,0,0,245
07/25/2017,BHM,AL,ASO,ES,Combined TRACON& Tower with Radar,96,72,121,3,292,0,0,12,1,13,96,72,133,4,305,0,0,0,305
07/26/2017,BHM,AL,ASO,ES,Combined TRACON& Tower with Radar,93,58,84,14,249,0,0,13,1,14,93,58,97,15,263,0,0,0,263
07/27/2017,BHM,AL,ASO,ES,Combined TRACON& Tower with Radar,104,64,97,6,271,0,2,30,2,34,104,66,127,8,305,0,0,0,305
07/28/2017,BHM,AL,ASO,ES,Combined TRACON& Tower with Radar,94,65,75,6,240,0,2,10,5,17,94,67,85,11,257,0,0,0,257
07/29/2017,BHM,AL,ASO,ES,Combined TRACON& Tower with Radar,67,44,42,15,168,0,2,16,4,22,67,46,58,19,190,0,0,0,190
07/30/2017,BHM,AL,ASO,ES,Combined TRACON& Tower with Radar,80,41,58,12,191,0,2,26,8,36,80,43,84,20,227,0,4,4,231
07/31/2017,BHM,AL,ASO,ES,Combined TRACON& Tower with Radar,89,47,78,18,232,0,1,28,0,29,89,48,106,18,261,0,0,0,261
08/01/2017,BHM,AL,ASO,ES,Combined TRACON& Tower with Radar,93,56,83,18,250,0,0,24,0,24,93,56,107,18,274,0,0,0,274
08/02/2017,BHM,AL,ASO,ES,Combined TRACON& Tower with Radar,95,71,82,9,257,0,2,37,0,39,95,73,119,9,296,14,0,14,310
08/03/2017,BHM,AL,ASO,ES,Combined TRACON& Tower with Radar,89,71,74,2,236,0,2,24,6,32,89,73,98,8,268,18,0,18,286
08/04/2017,BHM,AL,ASO,ES,Combined TRACON& Tower with Radar,92,50,90,9,241,0,0,8,12,20,92,50,98,21,261,0,0,0,261
08/05/2017,BHM,AL,ASO,ES,Combined TRACON& Tower with Radar,72,41,33,12,158,0,0,24,5,29,72,41,57,17,187,0,0,0,187
08/06/2017,BHM,AL,ASO,ES,Combined TRACON& Tower with Radar,86,56,55,5,202,0,0,6,0,6,86,56,61,5,208,0,0,0,208
08/07/2017,BHM,AL,ASO,ES,Combined TRACON& Tower with Radar,97,41,66,21,225,0,0,2,2,4,97,41,68,23,229,4,0,4,233
08/08/2017,BHM,AL,ASO,ES,Combined TRACON& Tower with Radar,96,70,83,6,255,0,0,0,0,0,96,70,83,6,255,14,0,14,269
08/09/2017,BHM,AL,ASO,ES,Combined TRACON& Tower with Radar,92,70,105,21,288,0,0,9,27,36,92,70,114,48,324,0,24,24,348
08/10/2017,BHM,AL,ASO,ES,Combined TRACON& Tower with Radar,104,71,99,12,286,0,0,13,4,17,104,71,112,16,303,0,0,0,303
08/11/2017,BHM,AL,ASO,ES,Combined TRACON& Tower with Radar,98,47,83,23,251,0,2,6,3,11,98,49,89,26,262,0,0,0,262
08/12/2017,BHM,AL,ASO,ES,Combined TRACON& Tower with Radar,69,46,39,0,154,0,2,14,0,16,69,48,53,0,170,0,0,0,170
08/13/2017,BHM,AL,ASO,ES,Combined TRACON& Tower with Radar,80,40,61,3,184,0,0,18,1,19,80,40,79,4,203,0,0,0,203
08/14/2017,BHM,AL,ASO,ES,Combined TRACON& Tower with Radar,90,48,71,0,209,0,0,13,1,14,90,48,84,1,223,19,0,19,242
08/15/2017,BHM,AL,ASO,ES,Combined TRACON& Tower with Radar,94,52,94,23,263,0,0,5,3,8,94,52,99,26,271,34,0,34,305
08/16/2017,BHM,AL,ASO,ES,Combined TRACON& Tower with Radar,124,88,124,22,358,0,0,11,1,12,124,88,135,23,370,1,16,17,387
08/17/2017,BHM,AL,ASO,ES,Combined TRACON& Tower with Radar,96,79,119,24,318,0,0,30,9,39,96,79,149,33,357,0,10,10,367
08/18/2017,BHM,AL,ASO,ES,Combined TRACON& Tower with Radar,95,57,90,17,259,0,2,27,11,40,95,59,117,28,299,0,0,0,299
08/19/2017,BHM,AL,ASO,ES,Combined TRACON& Tower with Radar,68,44,40,0,152,0,0,48,4,52,68,44,88,4,204,6,0,6,210
08/20/2017,BHM,AL,ASO,ES,Combined TRACON& Tower with Radar,80,36,54,10,180,0,1,16,8,25,80,37,70,18,205,16,0,16,221
08/21/2017,BHM,AL,ASO,ES,Combined TRACON& Tower with Radar,92,50,102,8,252,0,0,31,1,32,92,50,133,9,284,0,0,0,284
08/22/2017,BHM,AL,ASO,ES,Combined TRACON& Tower with Radar,92,58,108,7,265,0,1,27,0,28,92,59,135,7,293,0,0,0,293
08/23/2017,BHM,AL,ASO,ES,Combined TRACON& Tower with Radar,91,64,99,13,267,0,0,19,2,21,91,64,118,15,288,0,0,0,288
08/24/2017,BHM,AL,ASO,ES,Combined TRACON& Tower with Radar,93,58,93,15,259,0,1,29,3,33,93,59,122,18,292,5,0,5,297
08/25/2017,BHM,AL,ASO,ES,Combined TRACON& Tower with Radar,98,68,94,7,267,0,1,31,6,38,98,69,125,13,305,10,0,10,315
08/26/2017,BHM,AL,ASO,ES,Combined TRACON& Tower with Radar,58,34,41,4,137,0,4,27,2,33,58,38,68,6,170,0,0,0,170
08/27/2017,BHM,AL,ASO,ES,Combined TRACON& Tower with Radar,72,37,58,11,178,0,2,26,7,35,72,39,84,18,213,16,0,16,229
08/28/2017,BHM,AL,ASO,ES,Combined TRACON& Tower with Radar,84,30,76,14,204,0,1,32,2,35,84,31,108,16,239,0,34,34,273
08/29/2017,BHM,AL,ASO,ES,Combined TRACON& Tower with Radar,88,61,107,23,279,0,0,15,2,17,88,61,122,25,296,20,0,20,316
08/30/2017,BHM,AL,ASO,ES,Combined TRACON& Tower with Radar,87,54,55,16,212,0,0,0,0,0,87,54,55,16,212,0,0,0,212
08/31/2017,BHM,AL,ASO,ES,Combined TRACON& Tower with Radar,92,52,87,3,234,0,0,2,1,3,92,52,89,4,237,0,0,0,237
09/01/2017,BHM,AL,ASO,ES,Combined TRACON& Tower with Radar,89,47,79,2,217,0,0,12,0,12,89,47,91,2,229,10,0,10,239
09/02/2017,BHM,AL,ASO,ES,Combined TRACON& Tower with Radar,48,34,40,0,122,0,0,29,0,29,48,34,69,0,151,4,0,4,155
09/03/2017,BHM,AL,ASO,ES,Combined TRACON& Tower with Radar,53,30,37,0,120,0,1,19,0,20,53,31,56,0,140,10,15,25,165
09/04/2017,BHM,AL,ASO,ES,Combined TRACON& Tower with Radar,78,45,58,0,181,0,0,29,1,30,78,45,87,1,211,0,0,0,211
09/05/2017,BHM,AL,ASO,ES,Combined TRACON& Tower with Radar,91,47,72,5,215,0,2,16,1,19,91,49,88,6,234,0,0,0,234
09/06/2017,BHM,AL,ASO,ES,Combined TRACON& Tower with Radar,82,57,113,11,263,0,1,18,4,23,82,58,131,15,286,0,0,0,286
09/07/2017,BHM,AL,ASO,ES,Combined TRACON& Tower with Radar,86,69,133,11,299,0,1,59,14,74,86,70,192,25,373,6,0,6,379
09/08/2017,BHM,AL,ASO,ES,Combined TRACON& Tower with Radar,95,80,117,42,334,0,3,47,21,71,95,83,164,63,405,0,0,0,405
09/09/2017,BHM,AL,ASO,ES,Combined TRACON& Tower with Radar,55,50,68,2,175,0,2,39,12,53,55,52,107,14,228,0,0,0,228
09/10/2017,BHM,AL,ASO,ES,Combined TRACON& Tower with Radar,73,40,60,3,176,0,1,23,2,26,73,41,83,5,202,0,0,0,202
09/11/2017,BHM,AL,ASO,ES,Combined TRACON& Tower with Radar,49,40,29,4,122,0,0,2,0,2,49,40,31,4,124,0,0,0,124
09/12/2017,BHM,AL,ASO,ES,Combined TRACON& Tower with Radar,76,46,60,1,183,0,0,0,0,0,76,46,60,1,183,0,0,0,183
09/13/2017,BHM,AL,ASO,ES,Combined TRACON& Tower with Radar,93,79,99,48,319,0,2,17,4,23,93,81,116,52,342,0,0,0,342
09/14/2017,BHM,AL,ASO,ES,Combined TRACON& Tower with Radar,92,78,93,32,295,0,1,31,20,52,92,79,124,52,347,0,0,0,347
09/15/2017,BHM,AL,ASO,ES,Combined TRACON& Tower with Radar,97,66,89,49,301,0,0,31,10,41,97,66,120,59,342,10,0,10,352
09/16/2017,BHM,AL,ASO,ES,Combined TRACON& Tower with Radar,60,40,43,1,144,0,1,34,8,43,60,41,77,9,187,20,16,36,223
09/17/2017,BHM,AL,ASO,ES,Combined TRACON& Tower with Radar,80,38,64,26,208,0,1,14,0,15,80,39,78,26,223,0,0,0,223
09/18/2017,BHM,AL,ASO,ES,Combined TRACON& Tower with Radar,92,44,101,8,245,0,0,19,1,20,92,44,120,9,265,0,0,0,265
09/19/2017,BHM,AL,ASO,ES,Combined TRACON& Tower with Radar,86,67,95,16,264,0,2,15,4,21,86,69,110,20,285,0,0,0,285
09/20/2017,BHM,AL,ASO,ES,Combined TRACON& Tower with Radar,93,67,93,29,282,0,0,38,7,45,93,67,131,36,327,32,9,41,368
09/21/2017,BHM,AL,ASO,ES,Combined TRACON& Tower with Radar,92,69,116,15,292,0,0,38,5,43,92,69,154,20,335,0,0,0,335
09/22/2017,BHM,AL,ASO,ES,Combined TRACON& Tower with Radar,94,57,98,20,269,0,0,48,9,57,94,57,146,29,326,5,0,5,331
09/23/2017,BHM,AL,ASO,ES,Combined TRACON& Tower with Radar,59,46,49,24,178,0,3,30,1,34,59,49,79,25,212,17,8,25,237
09/24/2017,BHM,AL,ASO,ES,Combined TRACON& Tower with Radar,82,48,70,7,207,0,1,22,6,29,82,49,92,13,236,0,0,0,236
09/25/2017,BHM,AL,ASO,ES,Combined TRACON& Tower with Radar,91,49,82,18,240,0,3,19,3,25,91,52,101,21,265,0,0,0,265
09/26/2017,BHM,AL,ASO,ES,Combined TRACON& Tower with Radar,90,71,98,33,292,0,0,25,3,28,90,71,123,36,320,18,0,18,338
09/27/2017,BHM,AL,ASO,ES,Combined TRACON& Tower with Radar,96,54,108,18,276,0,1,41,1,43,96,55,149,19,319,0,0,0,319
09/28/2017,BHM,AL,ASO,ES,Combined TRACON& Tower with Radar,93,66,117,49,325,0,0,34,8,42,93,66,151,57,367,38,0,38,405
09/29/2017,BHM,AL,ASO,ES,Combined TRACON& Tower with Radar,91,67,104,52,314,0,0,46,7,53,91,67,150,59,367,0,0,0,367
09/30/2017,BHM,AL,ASO,ES,Combined TRACON& Tower with Radar,57,54,55,3,169,0,1,46,2,49,57,55,101,5,218,0,0,0,218
10/01/2017,BHM,AL,ASO,ES,Combined TRACON& Tower with Radar,76,52,76,20,224,0,0,30,4,34,76,52,106,24,258,0,0,0,258
10/02/2017,BHM,AL,ASO,ES,Combined TRACON& Tower with Radar,90,51,75,22,238,0,0,25,1,26,90,51,100,23,264,8,0,8,272
10/03/2017,BHM,AL,ASO,ES,Combined TRACON& Tower with Radar,87,54,96,4,241,0,0,22,0,22,87,54,118,4,263,0,0,0,263
10/04/2017,BHM,AL,ASO,ES,Combined TRACON& Tower with Radar,90,61,110,15,276,0,1,55,4,60,90,62,165,19,336,48,0,48,384
10/05/2017,BHM,AL,ASO,ES,Combined TRACON& Tower with Radar,92,63,121,18,294,0,0,30,4,34,92,63,151,22,328,0,0,0,328
10/06/2017,BHM,AL,ASO,ES,Combined TRACON& Tower with Radar,94,65,91,2,252,0,0,46,2,48,94,65,137,4,300,0,0,0,300
10/07/2017,BHM,AL,ASO,ES,Combined TRACON& Tower with Radar,58,48,52,0,158,0,0,2,0,2,58,48,54,0,160,0,0,0,160
10/08/2017,BHM,AL,ASO,ES,Combined TRACON& Tower with Radar,78,38,23,0,139,0,0,1,0,1,78,38,24,0,140,0,0,0,140
10/09/2017,BHM,AL,ASO,ES,Combined TRACON& Tower with Radar,90,47,70,8,215,0,0,1,0,1,90,47,71,8,216,0,0,0,216
10/10/2017,BHM,AL,ASO,ES,Combined TRACON& Tower with Radar,88,61,96,6,251,0,0,6,0,6,88,61,102,6,257,0,0,0,257
10/11/2017,BHM,AL,ASO,ES,Combined TRACON& Tower with Radar,90,69,86,24,269,0,2,14,2,18,90,71,100,26,287,10,0,10,297
10/12/2017,BHM,AL,ASO,ES,Combined TRACON& Tower with Radar,95,66,101,26,288,0,2,17,6,25,95,68,118,32,313,0,0,0,313
10/13/2017,BHM,AL,ASO,ES,Combined TRACON& Tower with Radar,98,64,100,32,294,0,2,55,14,71,98,66,155,46,365,0,0,0,365
10/14/2017,BHM,AL,ASO,ES,Combined TRACON& Tower with Radar,55,44,66,5,170,0,0,30,13,43,55,44,96,18,213,5,1,6,219
10/15/2017,BHM,AL,ASO,ES,Combined TRACON& Tower with Radar,72,57,79,11,219,0,0,21,8,29,72,57,100,19,248,0,0,0,248
10/16/2017,BHM,AL,ASO,ES,Combined TRACON& Tower with Radar,91,51,103,16,261,0,0,24,2,26,91,51,127,18,287,0,0,0,287
10/17/2017,BHM,AL,ASO,ES,Combined TRACON& Tower with Radar,90,57,77,46,270,0,4,36,6,46,90,61,113,52,316,23,0,23,339
10/18/2017,BHM,AL,ASO,ES,Combined TRACON& Tower with Radar,89,66,107,10,272,0,1,46,10,57,89,67,153,20,329,0,0,0,329
10/19/2017,BHM,AL,ASO,ES,Combined TRACON& Tower with Radar,93,71,102,35,301,0,0,41,11,52,93,71,143,46,353,16,10,26,379
10/20/2017,BHM,AL,ASO,ES,Combined TRACON& Tower with Radar,98,62,110,17,287,0,4,49,4,57,98,66,159,21,344,0,0,0,344
10/21/2017,BHM,AL,ASO,ES,Combined TRACON& Tower with Radar,65,48,45,3,161,0,4,30,3,37,65,52,75,6,198,0,0,0,198
10/22/2017,BHM,AL,ASO,ES,Combined TRACON& Tower with Radar,75,60,88,14,237,0,0,13,5,18,75,60,101,19,255,0,0,0,255
10/23/2017,BHM,AL,ASO,ES,Combined TRACON& Tower with Radar,92,49,76,29,246,0,0,19,1,20,92,49,95,30,266,2,0,2,268
10/24/2017,BHM,AL,ASO,ES,Combined TRACON& Tower with Radar,89,61,87,23,260,0,3,40,6,49,89,64,127,29,309,34,0,34,343
10/25/2017,BHM,AL,ASO,ES,Combined TRACON& Tower with Radar,89,59,108,18,274,0,0,24,2,26,89,59,132,20,300,7,4,11,311
10/26/2017,BHM,AL,ASO,ES,Combined TRACON& Tower with Radar,90,64,102,6,262,0,1,37,10,48,90,65,139,16,310,4,0,4,314
10/27/2017,BHM,AL,ASO,ES,Combined TRACON& Tower with Radar,95,67,114,28,304,0,2,23,9,34,95,69,137,37,338,0,0,0,338
10/28/2017,BHM,AL,ASO,ES,Combined TRACON& Tower with Radar,59,40,45,4,148,0,2,3,1,6,59,42,48,5,154,0,0,0,154
10/29/2017,BHM,AL,ASO,ES,Combined TRACON& Tower with Radar,75,49,86,30,240,0,0,19,2,21,75,49,105,32,261,24,0,24,285
10/30/2017,BHM,AL,ASO,ES,Combined TRACON& Tower with Radar,80,55,91,5,231,0,2,13,3,18,80,57,104,8,249,6,0,6,255
10/31/2017,BHM,AL,ASO,ES,Combined TRACON& Tower with Radar,81,55,65,4,205,0,3,45,0,48,81,58,110,4,253,17,0,17,270
11/01/2017,BHM,AL,ASO,ES,Combined TRACON& Tower with Radar,88,73,107,14,282,0,1,21,4,26,88,74,128,18,308,2,2,4,312
11/02/2017,BHM,AL,ASO,ES,Combined TRACON& Tower with Radar,93,55,122,15,285,0,1,5,4,10,93,56,127,19,295,0,0,0,295
11/03/2017,BHM,AL,ASO,ES,Combined TRACON& Tower with Radar,97,68,114,13,292,0,1,22,4,27,97,69,136,17,319,6,16,22,341
11/04/2017,BHM,AL,ASO,ES,Combined TRACON& Tower with Radar,69,46,46,0,161,0,1,43,6,50,69,47,89,6,211,0,0,0,211
11/05/2017,BHM,AL,ASO,ES,Combined TRACON& Tower with Radar,82,48,82,17,229,0,0,26,3,29,82,48,108,20,258,12,0,12,270
11/06/2017,BHM,AL,ASO,ES,Combined TRACON& Tower with Radar,83,69,107,20,279,0,0,2,2,4,83,69,109,22,283,0,0,0,283
11/07/2017,BHM,AL,ASO,ES,Combined TRACON& Tower with Radar,83,64,100,24,271,0,0,5,2,7,83,64,105,26,278,34,0,34,312
11/08/2017,BHM,AL,ASO,ES,Combined TRACON& Tower with Radar,87,67,118,18,290,0,0,0,0,0,87,67,118,18,290,0,0,0,290
11/09/2017,BHM,AL,ASO,ES,Combined TRACON& Tower with Radar,93,74,126,18,311,0,0,16,2,18,93,74,142,20,329,0,0,0,329
11/10/2017,BHM,AL,ASO,ES,Combined TRACON& Tower with Radar,98,59,96,1,254,0,2,43,2,47,98,61,139,3,301,20,0,20,321
11/11/2017,BHM,AL,ASO,ES,Combined TRACON& Tower with Radar,60,48,64,0,172,0,1,36,3,40,60,49,100,3,212,0,0,0,212
11/12/2017,BHM,AL,ASO,ES,Combined TRACON& Tower with Radar,82,39,71,0,192,0,0,9,0,9,82,39,80,0,201,0,0,0,201
11/13/2017,BHM,AL,ASO,ES,Combined TRACON& Tower with Radar,85,47,81,14,227,0,0,27,0,27,85,47,108,14,254,0,0,0,254
11/14/2017,BHM,AL,ASO,ES,Combined TRACON& Tower with Radar,85,63,99,32,279,0,1,59,4,64,85,64,158,36,343,40,59,99,442
11/15/2017,BHM,AL,ASO,ES,Combined TRACON& Tower with Radar,87,70,88,37,282,0,0,32,0,32,87,70,120,37,314,74,22,96,410
11/16/2017,BHM,AL,ASO,ES,Combined TRACON& Tower with Radar,91,63,101,14,269,0,4,31,8,43,91,67,132,22,312,8,0,8,320
11/17/2017,BHM,AL,ASO,ES,Combined TRACON& Tower with Radar,108,65,91,16,280,0,2,38,12,52,108,67,129,28,332,0,0,0,332
11/18/2017,BHM,AL,ASO,ES,Combined TRACON& Tower with Radar,75,51,47,1,174,0,0,5,5,10,75,51,52,6,184,0,0,0,184
11/19/2017,BHM,AL,ASO,ES,Combined TRACON& Tower with Radar,72,49,51,4,176,0,2,24,4,30,72,51,75,8,206,0,0,0,206
11/20/2017,BHM,AL,ASO,ES,Combined TRACON& Tower with Radar,78,48,84,35,245,0,0,27,0,27,78,48,111,35,272,0,0,0,272
11/21/2017,BHM,AL,ASO,ES,Combined TRACON& Tower with Radar,101,60,69,17,247,0,0,30,0,30,101,60,99,17,277,0,0,0,277
11/22/2017,BHM,AL,ASO,ES,Combined TRACON& Tower with Radar,106,74,87,3,270,0,1,39,2,42,106,75,126,5,312,0,0,0,312
11/23/2017,BHM,AL,ASO,ES,Combined TRACON& Tower with Radar,40,33,12,0,85,0,4,18,1,23,40,37,30,1,108,8,0,8,116
11/24/2017,BHM,AL,ASO,ES,Combined TRACON& Tower with Radar,67,37,39,1,144,0,0,34,4,38,67,37,73,5,182,28,0,28,210
11/25/2017,BHM,AL,ASO,ES,Combined TRACON& Tower with Radar,94,45,39,0,178,0,0,30,1,31,94,45,69,1,209,8,0,8,217
11/26/2017,BHM,AL,ASO,ES,Combined TRACON& Tower with Radar,101,57,75,0,233,0,0,32,0,32,101,57,107,0,265,0,0,0,265
11/27/2017,BHM,AL,ASO,ES,Combined TRACON& Tower with Radar,103,49,81,24,257,0,0,34,0,34,103,49,115,24,291,38,10,48,339
11/28/2017,BHM,AL,ASO,ES,Combined TRACON& Tower with Radar,85,58,110,20,273,0,0,26,3,29,85,58,136,23,302,0,0,0,302
11/29/2017,BHM,AL,ASO,ES,Combined TRACON& Tower with Radar,91,70,81,28,270,0,1,41,3,45,91,71,122,31,315,60,0,60,375
11/30/2017,BHM,AL,ASO,ES,Combined TRACON& Tower with Radar,89,65,113,23,290,0,0,2,0,2,89,65,115,23,292,0,0,0,292
12/01/2017,BHM,AL,ASO,ES,Combined TRACON& Tower with Radar,100,62,120,18,300,0,0,5,5,10,100,62,125,23,310,0,0,0,310
12/02/2017,BHM,AL,ASO,ES,Combined TRACON& Tower with Radar,56,44,56,0,156,0,2,15,2,19,56,46,71,2,175,52,0,52,227
12/03/2017,BHM,AL,ASO,ES,Combined TRACON& Tower with Radar,76,40,68,3,187,0,0,30,7,37,76,40,98,10,224,42,2,44,268
12/04/2017,BHM,AL,ASO,ES,Combined TRACON& Tower with Radar,85,48,93,26,252,0,0,1,2,3,85,48,94,28,255,6,0,6,261
12/05/2017,BHM,AL,ASO,ES,Combined TRACON& Tower with Radar,85,61,73,10,229,0,0,0,0,0,85,61,73,10,229,16,0,16,245
12/06/2017,BHM,AL,ASO,ES,Combined TRACON& Tower with Radar,88,65,94,12,259,0,0,9,1,10,88,65,103,13,269,20,4,24,293
12/07/2017,BHM,AL,ASO,ES,Combined TRACON& Tower with Radar,93,66,93,33,285,0,1,21,5,27,93,67,114,38,312,0,0,0,312
12/08/2017,BHM,AL,ASO,ES,Combined TRACON& Tower with Radar,78,56,41,2,177,0,0,0,0,0,78,56,41,2,177,0,0,0,177
12/09/2017,BHM,AL,ASO,ES,Combined TRACON& Tower with Radar,44,37,39,2,122,0,3,20,4,27,44,40,59,6,149,0,0,0,149
12/10/2017,BHM,AL,ASO,ES,Combined TRACON& Tower with Radar,79,35,56,2,172,0,1,25,2,28,79,36,81,4,200,30,0,30,230
12/11/2017,BHM,AL,ASO,ES,Combined TRACON& Tower with Radar,100,50,99,23,272,0,2,30,2,34,100,52,129,25,306,0,0,0,306
12/12/2017,BHM,AL,ASO,ES,Combined TRACON& Tower with Radar,88,73,118,15,294,0,5,20,3,28,88,78,138,18,322,2,0,2,324
12/13/2017,BHM,AL,ASO,ES,Combined TRACON& Tower with Radar,90,65,132,25,312,0,0,29,7,36,90,65,161,32,348,0,0,0,348
12/14/2017,BHM,AL,ASO,ES,Combined TRACON& Tower with Radar,94,69,97,26,286,0,2,22,13,37,94,71,119,39,323,0,0,0,323
12/15/2017,BHM,AL,ASO,ES,Combined TRACON& Tower with Radar,90,61,106,3,260,0,1,31,11,43,90,62,137,14,303,0,0,0,303
12/16/2017,BHM,AL,ASO,ES,Combined TRACON& Tower with Radar,59,47,42,10,158,0,3,25,6,34,59,50,67,16,192,18,0,18,210
12/17/2017,BHM,AL,ASO,ES,Combined TRACON& Tower with Radar,70,34,49,1,154,0,1,1,0,2,70,35,50,1,156,0,0,0,156
12/18/2017,BHM,AL,ASO,ES,Combined TRACON& Tower with Radar,91,46,138,8,283,0,0,4,0,4,91,46,142,8,287,0,0,0,287
12/19/2017,BHM,AL,ASO,ES,Combined TRACON& Tower with Radar,97,51,88,35,271,0,0,0,0,0,97,51,88,35,271,0,0,0,271
12/20/2017,BHM,AL,ASO,ES,Combined TRACON& Tower with Radar,107,59,73,2,241,0,1,3,1,5,107,60,76,3,246,0,0,0,246
12/21/2017,BHM,AL,ASO,ES,Combined TRACON& Tower with Radar,102,67,79,16,264,0,0,2,0,2,102,67,81,16,266,12,0,12,278
12/22/2017,BHM,AL,ASO,ES,Combined TRACON& Tower with Radar,111,78,56,2,247,0,0,0,0,0,111,78,56,2,247,0,0,0,247
12/23/2017,BHM,AL,ASO,ES,Combined TRACON& Tower with Radar,94,57,62,0,213,0,0,0,0,0,94,57,62,0,213,0,0,0,213
12/24/2017,BHM,AL,ASO,ES,Combined TRACON& Tower with Radar,51,30,26,2,109,0,0,0,0,0,51,30,26,2,109,0,0,0,109
12/25/2017,BHM,AL,ASO,ES,Combined TRACON& Tower with Radar,54,39,4,0,97,0,1,10,0,11,54,40,14,0,108,0,0,0,108
12/26/2017,BHM,AL,ASO,ES,Combined TRACON& Tower with Radar,89,60,76,1,226,0,0,34,0,34,89,60,110,1,260,7,0,7,267
12/27/2017,BHM,AL,ASO,ES,Combined TRACON& Tower with Radar,99,66,51,5,221,0,0,19,4,23,99,66,70,9,244,24,0,24,268
12/28/2017,BHM,AL,ASO,ES,Combined TRACON& Tower with Radar,105,56,59,9,229,0,1,24,0,25,105,57,83,9,254,14,10,24,278
12/29/2017,BHM,AL,ASO,ES,Combined TRACON& Tower with Radar,94,54,55,2,205,0,0,44,1,45,94,54,99,3,250,14,0,14,264
12/30/2017,BHM,AL,ASO,ES,Combined TRACON& Tower with Radar,77,52,30,0,159,0,2,21,2,25,77,54,51,2,184,0,0,0,184
12/31/2017,BHM,AL,ASO,ES,Combined TRACON& Tower with Radar,48,34,31,0,113,0,0,4,0,4,48,34,35,0,117,0,0,0,117
01/01/2018,BHM,AL,ASO,ES,Combined TRACON& Tower with Radar,59,36,41,0,136,0,4,15,2,21,59,40,56,2,157,0,0,0,157
01/02/2018,BHM,AL,ASO,ES,Combined TRACON& Tower with Radar,94,62,80,1,237,0,2,29,0,31,94,64,109,1,268,0,0,0,268
01/03/2018,BHM,AL,ASO,ES,Combined TRACON& Tower with Radar,79,59,64,6,208,0,1,29,2,32,79,60,93,8,240,0,0,0,240
01/04/2018,BHM,AL,ASO,ES,Combined TRACON& Tower with Radar,77,57,54,6,194,0,1,16,8,25,77,58,70,14,219,0,0,0,219
01/05/2018,BHM,AL,ASO,ES,Combined TRACON& Tower with Radar,78,53,54,8,193,0,0,18,6,24,78,53,72,14,217,0,0,0,217
01/06/2018,BHM,AL,ASO,ES,Combined TRACON& Tower with Radar,67,41,37,2,147,0,4,37,9,50,67,45,74,11,197,0,0,0,197
01/07/2018,BHM,AL,ASO,ES,Combined TRACON& Tower with Radar,74,35,40,6,155,0,0,36,6,42,74,35,76,12,197,0,0,0,197
01/08/2018,BHM,AL,ASO,ES,Combined TRACON& Tower with Radar,83,39,62,18,202,0,0,0,0,0,83,39,62,18,202,0,0,0,202
01/09/2018,BHM,AL,ASO,ES,Combined TRACON& Tower with Radar,86,64,113,77,340,0,0,23,2,25,86,64,136,79,365,8,0,8,373
01/10/2018,BHM,AL,ASO,ES,Combined TRACON& Tower with Radar,89,52,96,45,282,0,0,2,2,4,89,52,98,47,286,0,0,0,286
01/11/2018,BHM,AL,ASO,ES,Combined TRACON& Tower with Radar,94,54,68,36,252,0,1,4,2,7,94,55,72,38,259,8,0,8,267
01/12/2018,BHM,AL,ASO,ES,Combined TRACON& Tower with Radar,95,53,93,2,243,0,0,0,0,0,95,53,93,2,243,0,0,0,243
01/13/2018,BHM,AL,ASO,ES,Combined TRACON& Tower with Radar,47,41,27,0,115,0,2,16,2,20,47,43,43,2,135,0,0,0,135
01/14/2018,BHM,AL,ASO,ES,Combined TRACON& Tower with Radar,66,29,43,2,140,0,0,32,0,32,66,29,75,2,172,10,0,10,182
01/15/2018,BHM,AL,ASO,ES,Combined TRACON& Tower with Radar,84,33,70,0,187,0,1,35,2,38,84,34,105,2,225,0,0,0,225
01/16/2018,BHM,AL,ASO,ES,Combined TRACON& Tower with Radar,75,35,39,2,151,0,0,2,0,2,75,35,41,2,153,0,0,0,153
01/17/2018,BHM,AL,ASO,ES,Combined TRACON& Tower with Radar,81,44,44,1,170,0,5,18,0,23,81,49,62,1,193,0,0,0,193
01/18/2018,BHM,AL,ASO,ES,Combined TRACON& Tower with Radar,91,45,76,36,248,0,2,27,8,37,91,47,103,44,285,2,20,22,307
01/19/2018,BHM,AL,ASO,ES,Combined TRACON& Tower with Radar,94,49,80,27,250,0,4,45,14,63,94,53,125,41,313,0,8,8,321
01/20/2018,BHM,AL,ASO,ES,Combined TRACON& Tower with Radar,51,40,50,2,143,0,1,41,3,45,51,41,91,5,188,0,0,0,188
01/21/2018,BHM,AL,ASO,ES,Combined TRACON& Tower with Radar,73,27,45,33,178,0,1,31,2,34,73,28,76,35,212,0,0,0,212
01/22/2018,BHM,AL,ASO,ES,Combined TRACON& Tower with Radar,82,44,56,0,182,0,0,4,0,4,82,44,60,0,186,0,0,0,186
01/23/2018,BHM,AL,ASO,ES,Combined TRACON& Tower with Radar,87,51,84,32,254,0,2,33,0,35,87,53,117,32,289,0,0,0,289
01/24/2018,BHM,AL,ASO,ES,Combined TRACON& Tower with Radar,88,58,94,24,264,0,3,35,3,41,88,61,129,27,305,0,0,0,305
01/25/2018,BHM,AL,ASO,ES,Combined TRACON& Tower with Radar,95,58,102,24,279,0,6,52,9,67,95,64,154,33,346,0,0,0,346
01/26/2018,BHM,AL,ASO,ES,Combined TRACON& Tower with Radar,98,49,77,35,259,0,2,44,6,52,98,51,121,41,311,0,0,0,311
01/27/2018,BHM,AL,ASO,ES,Combined TRACON& Tower with Radar,53,36,34,4,127,0,2,6,0,8,53,38,40,4,135,0,0,0,135
01/28/2018,BHM,AL,ASO,ES,Combined TRACON& Tower with Radar,70,42,39,2,153,0,0,0,0,0,70,42,39,2,153,0,0,0,153
01/29/2018,BHM,AL,ASO,ES,Combined TRACON& Tower with Radar,89,40,69,13,211,0,1,34,3,38,89,41,103,16,249,0,0,0,249
01/30/2018,BHM,AL,ASO,ES,Combined TRACON& Tower with Radar,83,50,98,34,265,0,0,38,9,47,83,50,136,43,312,0,0,0,312
01/31/2018,BHM,AL,ASO,ES,Combined TRACON& Tower with Radar,88,67,93,53,301,0,1,42,3,46,88,68,135,56,347,0,14,14,361
02/01/2018,BHM,AL,ASO,ES,Combined TRACON& Tower with Radar,93,48,97,29,267,0,3,6,8,17,93,51,103,37,284,0,0,0,284
02/02/2018,BHM,AL,ASO,ES,Combined TRACON& Tower with Radar,95,53,92,11,251,0,0,29,7,36,95,53,121,18,287,0,0,0,287
02/03/2018,BHM,AL,ASO,ES,Combined TRACON& Tower with Radar,51,48,28,9,136,0,1,38,4,43,51,49,66,13,179,5,0,5,184
02/04/2018,BHM,AL,ASO,ES,Combined TRACON& Tower with Radar,64,31,29,8,132,0,0,0,0,0,64,31,29,8,132,0,0,0,132
02/05/2018,BHM,AL,ASO,ES,Combined TRACON& Tower with Radar,88,39,81,6,214,0,0,35,0,35,88,39,116,6,249,12,0,12,261
02/06/2018,BHM,AL,ASO,ES,Combined TRACON& Tower with Radar,81,50,85,24,240,0,1,19,6,26,81,51,104,30,266,10,6,16,282
02/07/2018,BHM,AL,ASO,ES,Combined TRACON& Tower with Radar,95,47,86,19,247,0,0,0,1,1,95,47,86,20,248,0,0,0,248
02/08/2018,BHM,AL,ASO,ES,Combined TRACON& Tower with Radar,91,53,114,23,281,0,0,56,15,71,91,53,170,38,352,0,0,0,352
02/09/2018,BHM,AL,ASO,ES,Combined TRACON& Tower with Radar,81,55,106,12,254,0,2,38,9,49,81,57,144,21,303,22,10,32,335
02/10/2018,BHM,AL,ASO,ES,Combined TRACON& Tower with Radar,49,40,31,2,122,0,0,0,0,0,49,40,31,2,122,0,0,0,122
02/11/2018,BHM,AL,ASO,ES,Combined TRACON& Tower with Radar,69,35,53,10,167,0,0,0,0,0,69,35,53,10,167,0,0,0,167
02/12/2018,BHM,AL,ASO,ES,Combined TRACON& Tower with Radar,91,38,73,14,216,0,0,0,0,0,91,38,73,14,216,0,0,0,216
02/13/2018,BHM,AL,ASO,ES,Combined TRACON& Tower with Radar,83,53,114,20,270,0,0,5,0,5,83,53,119,20,275,0,0,0,275
02/14/2018,BHM,AL,ASO,ES,Combined TRACON& Tower with Radar,85,54,108,37,284,0,0,0,1,1,85,54,108,38,285,0,0,0,285
02/15/2018,BHM,AL,ASO,ES,Combined TRACON& Tower with Radar,83,64,139,22,308,0,1,7,3,11,83,65,146,25,319,8,0,8,327
02/16/2018,BHM,AL,ASO,ES,Combined TRACON& Tower with Radar,98,52,110,11,271,0,0,3,0,3,98,52,113,11,274,2,0,2,276
02/17/2018,BHM,AL,ASO,ES,Combined TRACON& Tower with Radar,60,46,35,2,143,0,1,3,0,4,60,47,38,2,147,0,0,0,147
02/18/2018,BHM,AL,ASO,ES,Combined TRACON& Tower with Radar,64,34,52,0,150,0,0,9,2,11,64,34,61,2,161,0,0,0,161
02/19/2018,BHM,AL,ASO,ES,Combined TRACON& Tower with Radar,88,52,90,0,230,0,2,15,0,17,88,54,105,0,247,0,0,0,247
02/20/2018,BHM,AL,ASO,ES,Combined TRACON& Tower with Radar,84,55,87,7,233,0,3,22,2,27,84,58,109,9,260,0,0,0,260
02/21/2018,BHM,AL,ASO,ES,Combined TRACON& Tower with Radar,92,58,106,15,271,0,0,14,6,20,92,58,120,21,291,0,0,0,291
02/22/2018,BHM,AL,ASO,ES,Combined TRACON& Tower with Radar,92,57,92,22,263,0,0,18,8,26,92,57,110,30,289,6,8,14,303
02/23/2018,BHM,AL,ASO,ES,Combined TRACON& Tower with Radar,97,80,105,40,322,0,3,47,5,55,97,83,152,45,377,0,6,6,383
02/24/2018,BHM,AL,ASO,ES,Combined TRACON& Tower with Radar,63,49,43,2,157,0,2,11,1,14,63,51,54,3,171,16,0,16,187
02/25/2018,BHM,AL,ASO,ES,Combined TRACON& Tower with Radar,78,53,52,0,183,0,0,0,0,0,78,53,52,0,183,0,0,0,183
02/26/2018,BHM,AL,ASO,ES,Combined TRACON& Tower with Radar,87,52,68,19,226,0,0,15,1,16,87,52,83,20,242,0,0,0,242
02/27/2018,BHM,AL,ASO,ES,Combined TRACON& Tower with Radar,91,55,104,28,278,0,2,49,5,56,91,57,153,33,334,0,0,0,334
02/28/2018,BHM,AL,ASO,ES,Combined TRACON& Tower with Radar,91,62,128,25,306,0,1,7,0,8,91,63,135,25,314,0,0,0,314
03/01/2018,BHM,AL,ASO,ES,Combined TRACON& Tower with Radar,91,64,101,24,280,0,0,0,0,0,91,64,101,24,280,0,0,0,280
03/02/2018,BHM,AL,ASO,ES,Combined TRACON& Tower with Radar,97,45,79,39,260,0,5,41,10,56,97,50,120,49,316,22,16,38,354
03/03/2018,BHM,AL,ASO,ES,Combined TRACON& Tower with Radar,64,45,24,2,135,0,4,46,14,64,64,49,70,16,199,8,0,8,207
03/04/2018,BHM,AL,ASO,ES,Combined TRACON& Tower with Radar,81,33,58,27,199,0,0,40,3,43,81,33,98,30,242,0,0,0,242
03/05/2018,BHM,AL,ASO,ES,Combined TRACON& Tower with Radar,89,59,98,11,257,0,1,26,0,27,89,60,124,11,284,16,0,16,300
03/06/2018,BHM,AL,ASO,ES,Combined TRACON& Tower with Radar,94,63,94,33,284,0,1,24,4,29,94,64,118,37,313,14,8,22,335
03/07/2018,BHM,AL,ASO,ES,Combined TRACON& Tower with Radar,97,53,109,37,296,0,1,38,5,44,97,54,147,42,340,0,0,0,340
03/08/2018,BHM,AL,ASO,ES,Combined TRACON& Tower with Radar,95,61,102,14,272,0,4,35,11,50,95,65,137,25,322,6,0,6,328
03/09/2018,BHM,AL,ASO,ES,Combined TRACON& Tower with Radar,95,57,93,52,297,0,0,40,2,42,95,57,133,54,339,0,0,0,339
03/10/2018,BHM,AL,ASO,ES,Combined TRACON& Tower with Radar,60,39,42,13,154,0,0,16,1,17,60,39,58,14,171,0,0,0,171
03/11/2018,BHM,AL,ASO,ES,Combined TRACON& Tower with Radar,89,51,50,8,198,0,0,0,0,0,89,51,50,8,198,0,0,0,198
03/12/2018,BHM,AL,ASO,ES,Combined TRACON& Tower with Radar,90,44,75,8,217,0,4,13,5,22,90,48,88,13,239,0,0,0,239
03/13/2018,BHM,AL,ASO,ES,Combined TRACON& Tower with Radar,95,60,78,16,249,0,0,33,1,34,95,60,111,17,283,0,0,0,283
03/14/2018,BHM,AL,ASO,ES,Combined TRACON& Tower with Radar,91,58,94,26,269,0,3,26,9,38,91,61,120,35,307,0,0,0,307
03/15/2018,BHM,AL,ASO,ES,Combined TRACON& Tower with Radar,95,54,106,29,284,0,2,47,13,62,95,56,153,42,346,0,0,0,346
03/16/2018,BHM,AL,ASO,ES,Combined TRACON& Tower with Radar,94,57,91,25,267,0,0,18,6,24,94,57,109,31,291,14,0,14,305
03/17/2018,BHM,AL,ASO,ES,Combined TRACON& Tower with Radar,64,52,44,4,164,0,3,6,1,10,64,55,50,5,174,0,0,0,174
03/18/2018,BHM,AL,ASO,ES,Combined TRACON& Tower with Radar,88,38,52,8,186,0,1,15,1,17,88,39,67,9,203,0,0,0,203
03/19/2018,BHM,AL,ASO,ES,Combined TRACON& Tower with Radar,91,43,67,4,205,0,0,1,0,1,91,43,68,4,206,0,0,0,206
03/20/2018,BHM,AL,ASO,ES,Combined TRACON& Tower with Radar,90,71,101,2,264,0,0,7,2,9,90,71,108,4,273,14,0,14,287
03/21/2018,BHM,AL,ASO,ES,Combined TRACON& Tower with Radar,90,53,101,33,277,0,1,22,0,23,90,54,123,33,300,0,0,0,300
03/22/2018,BHM,AL,ASO,ES,Combined TRACON& Tower with Radar,95,56,103,43,297,0,0,42,9,51,95,56,145,52,348,16,8,24,372
03/23/2018,BHM,AL,ASO,ES,Combined TRACON& Tower with Radar,96,67,94,47,304,0,2,46,12,60,96,69,140,59,364,0,0,0,364
03/24/2018,BHM,AL,ASO,ES,Combined TRACON& Tower with Radar,61,44,59,9,173,0,4,21,6,31,61,48,80,15,204,0,0,0,204
03/25/2018,BHM,AL,ASO,ES,Combined TRACON& Tower with Radar,87,43,59,3,192,0,0,17,3,20,87,43,76,6,212,0,0,0,212
03/26/2018,BHM,AL,ASO,ES,Combined TRACON& Tower with Radar,93,44,77,21,235,0,0,2,4,6,93,44,79,25,241,0,0,0,241
03/27/2018,BHM,AL,ASO,ES,Combined TRACON& Tower with Radar,94,51,93,14,252,0,0,7,1,8,94,51,100,15,260,6,18,24,284
03/28/2018,BHM,AL,ASO,ES,Combined TRACON& Tower with Radar,93,50,89,18,250,0,2,26,1,29,93,52,115,19,279,0,0,0,279
03/29/2018,BHM,AL,ASO,ES,Combined TRACON& Tower with Radar,91,56,78,11,236,0,0,0,4,4,91,56,78,15,240,0,0,0,240
03/30/2018,BHM,AL,ASO,ES,Combined TRACON& Tower with Radar,95,55,73,9,232,0,0,26,5,31,95,55,99,14,263,12,0,12,275
03/31/2018,BHM,AL,ASO,ES,Combined TRACON& Tower with Radar,63,45,54,0,162,0,2,39,1,42,63,47,93,1,204,0,0,0,204
04/01/2018,BHM,AL,ASO,ES,Combined TRACON& Tower with Radar,85,37,56,0,178,0,0,26,0,26,85,37,82,0,204,0,0,0,204
04/02/2018,BHM,AL,ASO,ES,Combined TRACON& Tower with Radar,91,47,100,16,254,0,4,32,5,41,91,51,132,21,295,0,0,0,295
04/03/2018,BHM,AL,ASO,ES,Combined TRACON& Tower with Radar,84,58,79,21,242,0,0,9,0,9,84,58,88,21,251,10,0,10,261
04/04/2018,BHM,AL,ASO,ES,Combined TRACON& Tower with Radar,84,64,95,11,254,0,0,19,2,21,84,64,114,13,275,0,0,0,275
04/05/2018,BHM,AL,ASO,ES,Combined TRACON& Tower with Radar,88,68,121,12,289,0,1,46,10,57,88,69,167,22,346,0,0,0,346
04/06/2018,BHM,AL,ASO,ES,Combined TRACON& Tower with Radar,85,65,103,2,255,0,1,25,3,29,85,66,128,5,284,0,0,0,284
04/07/2018,BHM,AL,ASO,ES,Combined TRACON& Tower with Radar,60,50,49,1,160,0,0,0,0,0,60,50,49,1,160,0,0,0,160
04/08/2018,BHM,AL,ASO,ES,Combined TRACON& Tower with Radar,77,60,81,9,227,0,1,28,8,37,77,61,109,17,264,10,0,10,274
04/09/2018,BHM,AL,ASO,ES,Combined TRACON& Tower with Radar,84,46,73,49,252,0,1,26,6,33,84,47,99,55,285,0,0,0,285
04/10/2018,BHM,AL,ASO,ES,Combined TRACON& Tower with Radar,90,65,98,37,290,0,0,29,6,35,90,65,127,43,325,0,0,0,325
04/11/2018,BHM,AL,ASO,ES,Combined TRACON& Tower with Radar,94,72,87,21,274,0,2,51,7,60,94,74,138,28,334,21,0,21,355
04/12/2018,BHM,AL,ASO,ES,Combined TRACON& Tower with Radar,93,67,106,17,283,0,4,30,4,38,93,71,136,21,321,0,0,0,321
04/13/2018,BHM,AL,ASO,ES,Combined TRACON& Tower with Radar,96,74,105,17,292,0,2,45,9,56,96,76,150,26,348,0,0,0,348
04/14/2018,BHM,AL,ASO,ES,Combined TRACON& Tower with Radar,60,48,21,0,129,0,1,1,0,2,60,49,22,0,131,0,0,0,131
04/15/2018,BHM,AL,ASO,ES,Combined TRACON& Tower with Radar,79,53,78,3,213,0,0,7,9,16,79,53,85,12,229,0,0,0,229
04/16/2018,BHM,AL,ASO,ES,Combined TRACON& Tower with Radar,94,52,92,23,261,0,2,45,3,50,94,54,137,26,311,0,0,0,311
04/17/2018,BHM,AL,ASO,ES,Combined TRACON& Tower with Radar,94,61,108,14,277,0,3,48,3,54,94,64,156,17,331,0,0,0,331
04/18/2018,BHM,AL,ASO,ES,Combined TRACON& Tower with Radar,98,84,99,26,307,0,0,27,3,30,98,84,126,29,337,6,6,12,349
04/19/2018,BHM,AL,ASO,ES,Combined TRACON& Tower with Radar,97,70,130,24,321,0,3,54,22,79,97,73,184,46,400,0,10,10,410
04/20/2018,BHM,AL,ASO,ES,Combined TRACON& Tower with Radar,96,72,81,34,283,0,1,51,16,68,96,73,132,50,351,0,0,0,351
04/21/2018,BHM,AL,ASO,ES,Combined TRACON& Tower with Radar,57,56,77,7,197,0,1,47,3,51,57,57,124,10,248,0,0,0,248
04/22/2018,BHM,AL,ASO,ES,Combined TRACON& Tower with Radar,85,49,67,2,203,0,0,1,0,1,85,49,68,2,204,0,0,0,204
04/23/2018,BHM,AL,ASO,ES,Combined TRACON& Tower with Radar,98,61,103,21,283,0,1,10,2,13,98,62,113,23,296,0,0,0,296
04/24/2018,BHM,AL,ASO,ES,Combined TRACON& Tower with Radar,96,68,89,30,283,0,2,11,0,13,96,70,100,30,296,0,0,0,296
04/25/2018,BHM,AL,ASO,ES,Combined TRACON& Tower with Radar,94,72,104,21,291,0,1,15,2,18,94,73,119,23,309,0,0,0,309
04/26/2018,BHM,AL,ASO,ES,Combined TRACON& Tower with Radar,98,70,121,8,297,0,0,5,0,5,98,70,126,8,302,0,0,0,302
04/27/2018,BHM,AL,ASO,ES,Combined TRACON& Tower with Radar,94,59,88,21,262,0,1,37,10,48,94,60,125,31,310,36,4,40,350
04/28/2018,BHM,AL,ASO,ES,Combined TRACON& Tower with Radar,63,47,76,3,189,0,6,38,4,48,63,53,114,7,237,0,0,0,237
04/29/2018,BHM,AL,ASO,ES,Combined TRACON& Tower with Radar,86,54,84,13,237,0,1,42,14,57,86,55,126,27,294,0,0,0,294
04/30/2018,BHM,AL,ASO,ES,Combined TRACON& Tower with Radar,89,60,89,12,250,0,0,58,1,59,89,60,147,13,309,6,0,6,315
05/01/2018,BHM,AL,ASO,ES,Combined TRACON& Tower with Radar,93,75,81,21,270,0,2,44,4,50,93,77,125,25,320,0,0,0,320
05/02/2018,BHM,AL,ASO,ES,Combined TRACON& Tower with Radar,92,74,99,20,285,0,0,33,6,39,92,74,132,26,324,0,0,0,324
05/03/2018,BHM,AL,ASO,ES,Combined TRACON& Tower with Radar,90,61,122,22,295,0,5,44,11,60,90,66,166,33,355,0,0,0,355
05/04/2018,BHM,AL,ASO,ES,Combined TRACON& Tower with Radar,100,62,90,18,270,0,4,32,16,52,100,66,122,34,322,0,0,0,322
05/05/2018,BHM,AL,ASO,ES,Combined TRACON& Tower with Radar,66,46,41,2,155,0,0,27,6,33,66,46,68,8,188,0,0,0,188
05/06/2018,BHM,AL,ASO,ES,Combined TRACON& Tower with Radar,92,43,68,5,208,0,1,22,10,33,92,44,90,15,241,0,0,0,241
05/07/2018,BHM,AL,ASO,ES,Combined TRACON& Tower with Radar,99,46,76,16,237,0,0,46,4,50,99,46,122,20,287,0,0,0,287
05/08/2018,BHM,AL,ASO,ES,Combined TRACON& Tower with Radar,125,53,109,35,322,0,1,42,4,47,125,54,151,39,369,0,0,0,369
05/09/2018,BHM,AL,ASO,ES,Combined TRACON& Tower with Radar,105,77,117,4,303,0,3,24,6,33,105,80,141,10,336,0,0,0,336
05/10/2018,BHM,AL,ASO,ES,Combined TRACON& Tower with Radar,104,67,143,34,348,0,3,37,8,48,104,70,180,42,396,0,0,0,396
05/11/2018,BHM,AL,ASO,ES,Combined TRACON& Tower with Radar,107,61,120,26,314,0,23,38,13,74,107,84,158,39,388,0,0,0,388
05/12/2018,BHM,AL,ASO,ES,Combined TRACON& Tower with Radar,66,41,47,0,154,0,7,41,2,50,66,48,88,2,204,0,0,0,204
05/13/2018,BHM,AL,ASO,ES,Combined TRACON& Tower with Radar,86,50,61,6,203,0,1,21,2,24,86,51,82,8,227,0,0,0,227
05/14/2018,BHM,AL,ASO,ES,Combined TRACON& Tower with Radar,96,55,99,10,260,0,6,36,0,42,96,61,135,10,302,0,0,0,302
05/15/2018,BHM,AL,ASO,ES,Combined TRACON& Tower with Radar,101,63,87,7,258,0,1,26,7,34,101,64,113,14,292,0,0,0,292
05/16/2018,BHM,AL,ASO,ES,Combined TRACON& Tower with Radar,102,70,111,4,287,0,1,2,8,11,102,71,113,12,298,0,0,0,298
05/17/2018,BHM,AL,ASO,ES,Combined TRACON& Tower with Radar,104,49,98,8,259,0,0,11,12,23,104,49,109,20,282,0,0,0,282
05/18/2018,BHM,AL,ASO,ES,Combined TRACON& Tower with Radar,104,56,104,21,285,0,1,25,10,36,104,57,129,31,321,0,0,0,321
05/19/2018,BHM,AL,ASO,ES,Combined TRACON& Tower with Radar,67,47,34,3,151,0,1,23,6,30,67,48,57,9,181,0,0,0,181
05/20/2018,BHM,AL,ASO,ES,Combined TRACON& Tower with Radar,89,50,69,8,216,0,2,18,1,21,89,52,87,9,237,0,0,0,237
05/21/2018,BHM,AL,ASO,ES,Combined TRACON& Tower with Radar,99,47,106,27,279,0,0,18,2,20,99,47,124,29,299,0,0,0,299
05/22/2018,BHM,AL,ASO,ES,Combined TRACON& Tower with Radar,104,61,99,15,279,0,0,7,1,8,104,61,106,16,287,0,0,0,287
05/23/2018,BHM,AL,ASO,ES,Combined TRACON& Tower with Radar,103,58,113,39,313,0,0,15,10,25,103,58,128,49,338,0,0,0,338
05/24/2018,BHM,AL,ASO,ES,Combined TRACON& Tower with Radar,107,58,108,13,286,0,1,20,1,22,107,59,128,14,308,0,0,0,308
05/25/2018,BHM,AL,ASO,ES,Combined TRACON& Tower with Radar,109,69,81,1,260,0,0,19,1,20,109,69,100,2,280,0,0,0,280
05/26/2018,BHM,AL,ASO,ES,Combined TRACON& Tower with Radar,68,46,31,4,149,0,0,6,0,6,68,46,37,4,155,0,0,0,155
05/27/2018,BHM,AL,ASO,ES,Combined TRACON& Tower with Radar,62,35,33,1,131,0,0,13,0,13,62,35,46,1,144,0,0,0,144
05/28/2018,BHM,AL,ASO,ES,Combined TRACON& Tower with Radar,89,35,35,0,159,0,0,1,0,1,89,35,36,0,160,0,0,0,160
05/29/2018,BHM,AL,ASO,ES,Combined TRACON& Tower with Radar,100,45,43,3,191,0,0,0,0,0,100,45,43,3,191,0,0,0,191
05/30/2018,BHM,AL,ASO,ES,Combined TRACON& Tower with Radar,107,50,92,7,256,0,1,15,1,17,107,51,107,8,273,0,0,0,273
05/31/2018,BHM,AL,ASO,ES,Combined TRACON& Tower with Radar,104,53,119,51,327,0,3,21,4,28,104,56,140,55,355,0,0,0,355
06/01/2018,BHM,AL,ASO,ES,Combined TRACON& Tower with Radar,103,56,77,26,262,0,1,18,3,22,103,57,95,29,284,0,0,0,284
06/02/2018,BHM,AL,ASO,ES,Combined TRACON& Tower with Radar,67,42,48,19,176,0,2,27,1,30,67,44,75,20,206,0,0,0,206
06/03/2018,BHM,AL,ASO,ES,Combined TRACON& Tower with Radar,88,43,51,11,193,0,3,26,3,32,88,46,77,14,225,0,0,0,225
06/04/2018,BHM,AL,ASO,ES,Combined TRACON& Tower with Radar,96,44,83,20,243,0,1,51,3,55,96,45,134,23,298,0,0,0,298
06/05/2018,BHM,AL,ASO,ES,Combined TRACON& Tower with Radar,105,76,83,40,304,0,2,40,4,46,105,78,123,44,350,0,0,0,350
06/06/2018,BHM,AL,ASO,ES,Combined TRACON& Tower with Radar,99,65,93,17,274,0,4,35,2,41,99,69,128,19,315,12,0,12,327
06/07/2018,BHM,AL,ASO,ES,Combined TRACON& Tower with Radar,101,66,116,36,319,0,1,42,4,47,101,67,158,40,366,0,12,12,378
06/08/2018,BHM,AL,ASO,ES,Combined TRACON& Tower with Radar,108,53,90,10,261,0,1,45,11,57,108,54,135,21,318,10,0,10,328
06/09/2018,BHM,AL,ASO,ES,Combined TRACON& Tower with Radar,75,53,41,5,174,0,1,13,5,19,75,54,54,10,193,0,0,0,193
06/10/2018,BHM,AL,ASO,ES,Combined TRACON& Tower with Radar,101,46,54,15,216,0,0,20,7,27,101,46,74,22,243,0,0,0,243
06/11/2018,BHM,AL,ASO,ES,Combined TRACON& Tower with Radar,110,44,86,6,246,0,0,13,0,13,110,44,99,6,259,0,0,0,259
06/12/2018,BHM,AL,ASO,ES,Combined TRACON& Tower with Radar,111,55,105,14,285,0,0,22,3,25,111,55,127,17,310,10,14,24,334
06/13/2018,BHM,AL,ASO,ES,Combined TRACON& Tower with Radar,123,61,89,6,279,0,0,16,4,20,123,61,105,10,299,0,0,0,299
06/14/2018,BHM,AL,ASO,ES,Combined TRACON& Tower with Radar,101,64,115,44,324,0,2,9,6,17,101,66,124,50,341,0,0,0,341
06/15/2018,BHM,AL,ASO,ES,Combined TRACON& Tower with Radar,108,63,82,52,305,0,1,30,1,32,108,64,112,53,337,0,0,0,337
06/16/2018,BHM,AL,ASO,ES,Combined TRACON& Tower with Radar,93,58,32,2,185,0,0,26,1,27,93,58,58,3,212,0,0,0,212
06/17/2018,BHM,AL,ASO,ES,Combined TRACON& Tower with Radar,86,43,44,5,178,0,0,13,1,14,86,43,57,6,192,0,0,0,192
06/18/2018,BHM,AL,ASO,ES,Combined TRACON& Tower with Radar,87,41,80,2,210,0,0,30,0,30,87,41,110,2,240,0,0,0,240
06/19/2018,BHM,AL,ASO,ES,Combined TRACON& Tower with Radar,86,51,106,61,304,0,4,33,6,43,86,55,139,67,347,0,0,0,347
06/20/2018,BHM,AL,ASO,ES,Combined TRACON& Tower with Radar,97,52,85,10,244,0,1,23,6,30,97,53,108,16,274,0,0,0,274
06/21/2018,BHM,AL,ASO,ES,Combined TRACON& Tower with Radar,104,61,88,38,291,0,2,6,2,10,104,63,94,40,301,15,0,15,316
06/22/2018,BHM,AL,ASO,ES,Combined TRACON& Tower with Radar,122,63,76,7,268,0,0,16,3,19,122,63,92,10,287,0,0,0,287
06/23/2018,BHM,AL,ASO,ES,Combined TRACON& Tower with Radar,78,51,35,4,168,0,1,5,0,6,78,52,40,4,174,0,0,0,174
06/24/2018,BHM,AL,ASO,ES,Combined TRACON& Tower with Radar,95,44,47,18,204,0,1,17,3,21,95,45,64,21,225,12,0,12,237
06/25/2018,BHM,AL,ASO,ES,Combined TRACON& Tower with Radar,121,44,92,8,265,0,2,24,1,27,121,46,116,9,292,24,0,24,316
06/26/2018,BHM,AL,ASO,ES,Combined TRACON& Tower with Radar,112,54,68,17,251,0,1,31,0,32,112,55,99,17,283,19,0,19,302
06/27/2018,BHM,AL,ASO,ES,Combined TRACON& Tower with Radar,112,59,89,19,279,0,0,16,2,18,112,59,105,21,297,0,0,0,297
06/28/2018,BHM,AL,ASO,ES,Combined TRACON& Tower with Radar,121,78,103,6,308,0,1,20,2,23,121,79,123,8,331,0,0,0,331
06/29/2018,BHM,AL,ASO,ES,Combined TRACON& Tower with Radar,106,71,87,36,300,0,0,61,3,64,106,71,148,39,364,0,10,10,374
06/30/2018,BHM,AL,ASO,ES,Combined TRACON& Tower with Radar,77,56,25,1,159,0,2,27,0,29,77,58,52,1,188,0,0,0,188
07/01/2018,BHM,AL,ASO,ES,Combined TRACON& Tower with Radar,82,46,48,15,191,0,0,8,0,8,82,46,56,15,199,0,0,0,199
07/02/2018,BHM,AL,ASO,ES,Combined TRACON& Tower with Radar,79,38,33,10,160,0,3,7,0,10,79,41,40,10,170,2,0,2,172
07/03/2018,BHM,AL,ASO,ES,Combined TRACON& Tower with Radar,75,51,69,39,234,0,0,31,3,34,75,51,100,42,268,0,8,8,276
07/04/2018,BHM,AL,ASO,ES,Combined TRACON& Tower with Radar,67,33,13,0,113,0,1,8,0,9,67,34,21,0,122,0,0,0,122
07/05/2018,BHM,AL,ASO,ES,Combined TRACON& Tower with Radar,100,37,55,12,204,0,4,34,4,42,100,41,89,16,246,0,0,0,246
07/06/2018,BHM,AL,ASO,ES,Combined TRACON& Tower with Radar,100,50,45,34,229,0,2,24,13,39,100,52,69,47,268,0,0,0,268
07/07/2018,BHM,AL,ASO,ES,Combined TRACON& Tower with Radar,79,51,43,1,174,0,2,22,1,25,79,53,65,2,199,8,1,9,208
07/08/2018,BHM,AL,ASO,ES,Combined TRACON& Tower with Radar,94,50,58,13,215,0,0,15,9,24,94,50,73,22,239,0,0,0,239
07/09/2018,BHM,AL,ASO,ES,Combined TRACON& Tower with Radar,103,61,74,24,262,0,3,34,4,41,103,64,108,28,303,0,0,0,303
07/10/2018,BHM,AL,ASO,ES,Combined TRACON& Tower with Radar,98,67,81,18,264,0,4,46,2,52,98,71,127,20,316,0,20,20,336
07/11/2018,BHM,AL,ASO,ES,Combined TRACON& Tower with Radar,101,62,88,10,261,0,0,23,2,25,101,62,111,12,286,0,0,0,286
07/12/2018,BHM,AL,ASO,ES,Combined TRACON& Tower with Radar,100,72,120,28,320,0,0,29,9,38,100,72,149,37,358,16,0,16,374
07/13/2018,BHM,AL,ASO,ES,Combined TRACON& Tower with Radar,109,54,82,25,270,0,1,27,15,43,109,55,109,40,313,0,10,10,323
07/14/2018,BHM,AL,ASO,ES,Combined TRACON& Tower with Radar,74,59,45,0,178,0,2,19,0,21,74,61,64,0,199,9,0,9,208
07/15/2018,BHM,AL,ASO,ES,Combined TRACON& Tower with Radar,93,49,52,2,196,0,1,16,8,25,93,50,68,10,221,0,0,0,221
07/16/2018,BHM,AL,ASO,ES,Combined TRACON& Tower with Radar,112,53,73,30,268,0,0,10,2,12,112,53,83,32,280,0,16,16,296
07/17/2018,BHM,AL,ASO,ES,Combined TRACON& Tower with Radar,104,62,91,35,292,0,0,13,3,16,104,62,104,38,308,0,0,0,308
07/18/2018,BHM,AL,ASO,ES,Combined TRACON& Tower with Radar,102,68,92,51,313,0,3,34,6,43,102,71,126,57,356,0,0,0,356
07/19/2018,BHM,AL,ASO,ES,Combined TRACON& Tower with Radar,105,63,114,19,301,0,0,29,6,35,105,63,143,25,336,0,0,0,336
07/20/2018,BHM,AL,ASO,ES,Combined TRACON& Tower with Radar,106,55,81,19,261,0,3,30,12,45,106,58,111,31,306,0,0,0,306
07/21/2018,BHM,AL,ASO,ES,Combined TRACON& Tower with Radar,76,51,42,2,171,0,3,29,5,37,76,54,71,7,208,12,0,12,220
07/22/2018,BHM,AL,ASO,ES,Combined TRACON& Tower with Radar,93,42,72,5,212,0,0,26,2,28,93,42,98,7,240,0,0,0,240
07/23/2018,BHM,AL,ASO,ES,Combined TRACON& Tower with Radar,93,52,67,45,257,0,0,17,1,18,93,52,84,46,275,12,12,24,299
07/24/2018,BHM,AL,ASO,ES,Combined TRACON& Tower with Radar,107,51,101,32,291,0,2,24,3,29,107,53,125,35,320,0,5,5,325
07/25/2018,BHM,AL,ASO,ES,Combined TRACON& Tower with Radar,100,55,104,55,314,0,4,38,5,47,100,59,142,60,361,8,8,16,377
07/26/2018,BHM,AL,ASO,ES,Combined TRACON& Tower with Radar,105,59,115,43,322,0,0,37,0,37,105,59,152,43,359,0,0,0,359
07/27/2018,BHM,AL,ASO,ES,Combined TRACON& Tower with Radar,104,53,103,34,294,0,0,33,14,47,104,53,136,48,341,2,6,8,349
07/28/2018,BHM,AL,ASO,ES,Combined TRACON& Tower with Radar,77,48,34,4,163,0,14,27,0,41,77,62,61,4,204,30,0,30,234
07/29/2018,BHM,AL,ASO,ES,Combined TRACON& Tower with Radar,94,41,51,25,211,0,11,32,8,51,94,52,83,33,262,24,6,30,292
07/30/2018,BHM,AL,ASO,ES,Combined TRACON& Tower with Radar,97,43,84,4,228,0,0,14,0,14,97,43,98,4,242,0,0,0,242
07/31/2018,BHM,AL,ASO,ES,Combined TRACON& Tower with Radar,118,60,84,20,282,0,0,5,5,10,118,60,89,25,292,10,0,10,302
08/01/2018,BHM,AL,ASO,ES,Combined TRACON& Tower with Radar,104,63,80,7,254,0,0,1,0,1,104,63,81,7,255,0,0,0,255
08/02/2018,BHM,AL,ASO,ES,Combined TRACON& Tower with Radar,99,57,89,32,277,0,0,8,0,8,99,57,97,32,285,0,0,0,285
08/03/2018,BHM,AL,ASO,ES,Combined TRACON& Tower with Radar,100,71,84,38,293,0,3,9,1,13,100,74,93,39,306,0,10,10,316
08/04/2018,BHM,AL,ASO,ES,Combined TRACON& Tower with Radar,71,49,31,2,153,0,4,27,3,34,71,53,58,5,187,0,0,0,187
08/05/2018,BHM,AL,ASO,ES,Combined TRACON& Tower with Radar,92,53,56,25,226,0,1,26,12,39,92,54,82,37,265,16,10,26,291
08/06/2018,BHM,AL,ASO,ES,Combined TRACON& Tower with Radar,96,55,77,27,255,0,0,31,2,33,96,55,108,29,288,0,0,0,288
08/07/2018,BHM,AL,ASO,ES,Combined TRACON& Tower with Radar,93,48,98,25,264,0,0,26,1,27,93,48,124,26,291,0,0,0,291
08/08/2018,BHM,AL,ASO,ES,Combined TRACON& Tower with Radar,96,54,92,26,268,0,3,27,0,30,96,57,119,26,298,0,0,0,298
08/09/2018,BHM,AL,ASO,ES,Combined TRACON& Tower with Radar,94,71,121,35,321,0,0,20,5,25,94,71,141,40,346,0,0,0,346
08/10/2018,BHM,AL,ASO,ES,Combined TRACON& Tower with Radar,97,59,97,27,280,0,2,22,8,32,97,61,119,35,312,0,0,0,312
08/11/2018,BHM,AL,ASO,ES,Combined TRACON& Tower with Radar,60,55,32,0,147,0,9,29,2,40,60,64,61,2,187,26,0,26,213
08/12/2018,BHM,AL,ASO,ES,Combined TRACON& Tower with Radar,85,50,65,10,210,0,2,29,8,39,85,52,94,18,249,8,0,8,257
08/13/2018,BHM,AL,ASO,ES,Combined TRACON& Tower with Radar,87,51,91,22,251,0,0,32,5,37,87,51,123,27,288,0,0,0,288
08/14/2018,BHM,AL,ASO,ES,Combined TRACON& Tower with Radar,91,55,101,11,258,0,0,44,3,47,91,55,145,14,305,14,0,14,319
08/15/2018,BHM,AL,ASO,ES,Combined TRACON& Tower with Radar,92,61,111,10,274,0,2,27,5,34,92,63,138,15,308,0,0,0,308
08/16/2018,BHM,AL,ASO,ES,Combined TRACON& Tower with Radar,94,76,94,30,294,0,2,31,2,35,94,78,125,32,329,0,16,16,345
08/17/2018,BHM,AL,ASO,ES,Combined TRACON& Tower with Radar,93,66,62,45,266,0,1,8,3,12,93,67,70,48,278,0,0,0,278
08/18/2018,BHM,AL,ASO,ES,Combined TRACON& Tower with Radar,63,51,23,28,165,0,0,8,0,8,63,51,31,28,173,18,0,18,191
08/19/2018,BHM,AL,ASO,ES,Combined TRACON& Tower with Radar,88,51,44,32,215,0,0,5,4,9,88,51,49,36,224,0,0,0,224
08/20/2018,BHM,AL,ASO,ES,Combined TRACON& Tower with Radar,95,56,85,26,262,0,0,3,0,3,95,56,88,26,265,0,0,0,265
08/21/2018,BHM,AL,ASO,ES,Combined TRACON& Tower with Radar,93,73,90,50,306,0,3,8,3,14,93,76,98,53,320,0,25,25,345
08/22/2018,BHM,AL,ASO,ES,Combined TRACON& Tower with Radar,86,76,113,14,289,0,0,24,8,32,86,76,137,22,321,18,0,18,339
08/23/2018,BHM,AL,ASO,ES,Combined TRACON& Tower with Radar,94,71,112,8,285,0,1,29,8,38,94,72,141,16,323,0,0,0,323
08/24/2018,BHM,AL,ASO,ES,Combined TRACON& Tower with Radar,99,70,110,21,300,0,6,36,12,54,99,76,146,33,354,0,0,0,354
08/25/2018,BHM,AL,ASO,ES,Combined TRACON& Tower with Radar,59,46,49,5,159,0,3,29,0,32,59,49,78,5,191,0,0,0,191
08/26/2018,BHM,AL,ASO,ES,Combined TRACON& Tower with Radar,82,44,49,6,181,0,1,14,20,35,82,45,63,26,216,0,0,0,216
08/27/2018,BHM,AL,ASO,ES,Combined TRACON& Tower with Radar,88,53,78,37,256,0,0,33,3,36,88,53,111,40,292,0,0,0,292
08/28/2018,BHM,AL,ASO,ES,Combined TRACON& Tower with Radar,91,63,98,29,281,0,1,28,5,34,91,64,126,34,315,0,0,0,315
08/29/2018,BHM,AL,ASO,ES,Combined TRACON& Tower with Radar,88,66,89,18,261,0,0,31,9,40,88,66,120,27,301,0,0,0,301
08/30/2018,BHM,AL,ASO,ES,Combined TRACON& Tower with Radar,94,69,94,12,269,0,1,19,4,24,94,70,113,16,293,0,0,0,293
08/31/2018,BHM,AL,ASO,ES,Combined TRACON& Tower with Radar,89,66,104,10,269,0,0,17,0,17,89,66,121,10,286,0,0,0,286
09/01/2018,BHM,AL,ASO,ES,Combined TRACON& Tower with Radar,56,39,47,0,142,0,2,17,0,19,56,41,64,0,161,0,0,0,161
09/02/2018,BHM,AL,ASO,ES,Combined TRACON& Tower with Radar,58,35,30,0,123,0,1,17,0,18,58,36,47,0,141,0,0,0,141
09/03/2018,BHM,AL,ASO,ES,Combined TRACON& Tower with Radar,76,50,74,2,202,0,0,14,0,14,76,50,88,2,216,6,0,6,222
09/04/2018,BHM,AL,ASO,ES,Combined TRACON& Tower with Radar,84,59,63,13,219,0,0,15,0,15,84,59,78,13,234,0,0,0,234
09/05/2018,BHM,AL,ASO,ES,Combined TRACON& Tower with Radar,87,58,78,11,234,0,1,3,1,5,87,59,81,12,239,6,0,6,245
09/06/2018,BHM,AL,ASO,ES,Combined TRACON& Tower with Radar,94,63,106,26,289,0,0,27,2,29,94,63,133,28,318,0,0,0,318
09/07/2018,BHM,AL,ASO,ES,Combined TRACON& Tower with Radar,93,52,60,22,227,0,2,34,9,45,93,54,94,31,272,20,40,60,332
09/08/2018,BHM,AL,ASO,ES,Combined TRACON& Tower with Radar,60,46,49,2,157,0,3,31,2,36,60,49,80,4,193,4,0,4,197
09/09/2018,BHM,AL,ASO,ES,Combined TRACON& Tower with Radar,104,37,39,3,183,0,1,5,7,13,104,38,44,10,196,0,0,0,196
09/10/2018,BHM,AL,ASO,ES,Combined TRACON& Tower with Radar,97,47,82,53,279,0,0,3,0,3,97,47,85,53,282,0,0,0,282
09/11/2018,BHM,AL,ASO,ES,Combined TRACON& Tower with Radar,96,55,113,49,313,0,1,14,2,17,96,56,127,51,330,0,0,0,330
09/12/2018,BHM,AL,ASO,ES,Combined TRACON& Tower with Radar,98,61,109,38,306,0,0,17,2,19,98,61,126,40,325,0,0,0,325
09/13/2018,BHM,AL,ASO,ES,Combined TRACON& Tower with Radar,104,70,102,38,314,0,0,18,2,20,104,70,120,40,334,8,10,18,352
09/14/2018,BHM,AL,ASO,ES,Combined TRACON& Tower with Radar,99,59,74,23,255,0,2,24,6,32,99,61,98,29,287,0,0,0,287
09/15/2018,BHM,AL,ASO,ES,Combined TRACON& Tower with Radar,60,48,58,0,166,0,0,50,4,54,60,48,108,4,220,0,0,0,220
09/16/2018,BHM,AL,ASO,ES,Combined TRACON& Tower with Radar,86,38,72,8,204,0,0,29,5,34,86,38,101,13,238,0,0,0,238
09/17/2018,BHM,AL,ASO,ES,Combined TRACON& Tower with Radar,96,41,80,41,258,0,0,26,1,27,96,41,106,42,285,0,0,0,285
09/18/2018,BHM,AL,ASO,ES,Combined TRACON& Tower with Radar,97,69,112,66,344,0,1,41,4,46,97,70,153,70,390,0,0,0,390
09/19/2018,BHM,AL,ASO,ES,Combined TRACON& Tower with Radar,96,70,121,56,343,0,0,62,9,71,96,70,183,65,414,9,0,9,423
09/20/2018,BHM,AL,ASO,ES,Combined TRACON& Tower with Radar,104,61,111,42,318,0,1,50,11,62,104,62,161,53,380,4,6,10,390
09/21/2018,BHM,AL,ASO,ES,Combined TRACON& Tower with Radar,101,65,102,51,319,0,0,25,12,37,101,65,127,63,356,2,0,2,358
09/22/2018,BHM,AL,ASO,ES,Combined TRACON& Tower with Radar,63,42,50,1,156,0,1,19,4,24,63,43,69,5,180,0,0,0,180
09/23/2018,BHM,AL,ASO,ES,Combined TRACON& Tower with Radar,94,41,59,32,226,0,2,35,9,46,94,43,94,41,272,2,0,2,274
09/24/2018,BHM,AL,ASO,ES,Combined TRACON& Tower with Radar,98,54,77,33,262,0,1,12,0,13,98,55,89,33,275,0,0,0,275
09/25/2018,BHM,AL,ASO,ES,Combined TRACON& Tower with Radar,98,79,68,48,293,0,0,9,1,10,98,79,77,49,303,2,0,2,305
09/26/2018,BHM,AL,ASO,ES,Combined TRACON& Tower with Radar,100,60,96,0,256,0,0,1,0,1,100,60,97,0,257,0,0,0,257
09/27/2018,BHM,AL,ASO,ES,Combined TRACON& Tower with Radar,106,68,114,6,294,0,0,1,0,1,106,68,115,6,295,0,0,0,295
09/28/2018,BHM,AL,ASO,ES,Combined TRACON& Tower with Radar,110,63,87,18,278,0,1,9,2,12,110,64,96,20,290,0,27,27,317
09/29/2018,BHM,AL,ASO,ES,Combined TRACON& Tower with Radar,63,43,55,6,167,0,0,34,0,34,63,43,89,6,201,22,0,22,223
09/30/2018,BHM,AL,ASO,ES,Combined TRACON& Tower with Radar,96,38,68,6,208,0,0,29,0,29,96,38,97,6,237,0,0,0,237
10/01/2018,BHM,AL,ASO,ES,Combined TRACON& Tower with Radar,97,44,93,9,243,0,1,25,3,29,97,45,118,12,272,26,0,26,298
10/02/2018,BHM,AL,ASO,ES,Combined TRACON& Tower with Radar,98,63,92,16,269,0,0,30,3,33,98,63,122,19,302,10,21,31,333
10/03/2018,BHM,AL,ASO,ES,Combined TRACON& Tower with Radar,95,81,104,19,299,0,3,54,10,67,95,84,158,29,366,36,12,48,414
10/04/2018,BHM,AL,ASO,ES,Combined TRACON& Tower with Radar,103,72,124,26,325,0,3,29,5,37,103,75,153,31,362,0,6,6,368
10/05/2018,BHM,AL,ASO,ES,Combined TRACON& Tower with Radar,104,60,102,12,278,0,5,47,2,54,104,65,149,14,332,18,0,18,350
10/06/2018,BHM,AL,ASO,ES,Combined TRACON& Tower with Radar,71,45,54,4,174,0,0,46,0,46,71,45,100,4,220,0,0,0,220
10/07/2018,BHM,AL,ASO,ES,Combined TRACON& Tower with Radar,95,49,95,11,250,0,0,35,4,39,95,49,130,15,289,0,0,0,289
10/08/2018,BHM,AL,ASO,ES,Combined TRACON& Tower with Radar,100,49,107,3,259,0,1,30,5,36,100,50,137,8,295,0,8,8,303
10/09/2018,BHM,AL,ASO,ES,Combined TRACON& Tower with Radar,94,67,97,17,275,0,0,31,3,34,94,67,128,20,309,0,0,0,309
10/10/2018,BHM,AL,ASO,ES,Combined TRACON& Tower with Radar,93,72,68,9,242,0,0,3,0,3,93,72,71,9,245,0,0,0,245
10/11/2018,BHM,AL,ASO,ES,Combined TRACON& Tower with Radar,93,69,72,22,256,0,0,21,8,29,93,69,93,30,285,0,0,0,285
10/12/2018,BHM,AL,ASO,ES,Combined TRACON& Tower with Radar,104,63,111,32,310,0,2,44,9,55,104,65,155,41,365,0,6,6,371
10/13/2018,BHM,AL,ASO,ES,Combined TRACON& Tower with Radar,73,41,58,5,177,0,1,38,6,45,73,42,96,11,222,30,0,30,252
10/14/2018,BHM,AL,ASO,ES,Combined TRACON& Tower with Radar,92,50,87,6,235,0,0,45,9,54,92,50,132,15,289,20,0,20,309
10/15/2018,BHM,AL,ASO,ES,Combined TRACON& Tower with Radar,105,46,129,58,338,0,1,40,6,47,105,47,169,64,385,4,12,16,401
10/16/2018,BHM,AL,ASO,ES,Combined TRACON& Tower with Radar,97,61,94,21,273,0,0,0,0,0,97,61,94,21,273,0,0,0,273
10/17/2018,BHM,AL,ASO,ES,Combined TRACON& Tower with Radar,100,62,135,85,382,0,3,20,9,32,100,65,155,94,414,0,30,30,444
10/18/2018,BHM,AL,ASO,ES,Combined TRACON& Tower with Radar,101,63,105,53,322,0,1,42,14,57,101,64,147,67,379,6,22,28,407
10/19/2018,BHM,AL,ASO,ES,Combined TRACON& Tower with Radar,100,66,118,40,324,0,1,30,2,33,100,67,148,42,357,22,6,28,385
10/20/2018,BHM,AL,ASO,ES,Combined TRACON& Tower with Radar,69,45,48,6,168,0,3,9,0,12,69,48,57,6,180,0,0,0,180
10/21/2018,BHM,AL,ASO,ES,Combined TRACON& Tower with Radar,96,46,75,40,257,0,3,59,13,75,96,49,134,53,332,10,4,14,346
10/22/2018,BHM,AL,ASO,ES,Combined TRACON& Tower with Radar,98,50,70,52,270,0,0,36,1,37,98,50,106,53,307,8,6,14,321
10/23/2018,BHM,AL,ASO,ES,Combined TRACON& Tower with Radar,98,75,109,66,348,0,0,31,8,39,98,75,140,74,387,0,4,4,391
10/24/2018,BHM,AL,ASO,ES,Combined TRACON& Tower with Radar,98,65,131,81,375,0,1,32,5,38,98,66,163,86,413,0,20,20,433
10/25/2018,BHM,AL,ASO,ES,Combined TRACON& Tower with Radar,99,74,137,25,335,0,0,5,5,10,99,74,142,30,345,0,0,0,345
10/26/2018,BHM,AL,ASO,ES,Combined TRACON& Tower with Radar,103,66,96,54,319,0,0,0,0,0,103,66,96,54,319,0,0,0,319
10/27/2018,BHM,AL,ASO,ES,Combined TRACON& Tower with Radar,66,49,49,10,174,0,1,13,5,19,66,50,62,15,193,14,0,14,207
10/28/2018,BHM,AL,ASO,ES,Combined TRACON& Tower with Radar,87,46,68,15,216,0,0,43,3,46,87,46,111,18,262,0,0,0,262
10/29/2018,BHM,AL,ASO,ES,Combined TRACON& Tower with Radar,92,52,92,35,271,0,2,28,1,31,92,54,120,36,302,14,8,22,324
10/30/2018,BHM,AL,ASO,ES,Combined TRACON& Tower with Radar,81,59,93,21,254,0,0,45,6,51,81,59,138,27,305,24,28,52,357
10/31/2018,BHM,AL,ASO,ES,Combined TRACON& Tower with Radar,79,59,103,65,306,0,0,15,4,19,79,59,118,69,325,0,6,6,331
11/01/2018,BHM,AL,ASO,ES,Combined TRACON& Tower with Radar,93,64,81,10,248,0,1,3,0,4,93,65,84,10,252,0,0,0,252
11/02/2018,BHM,AL,ASO,ES,Combined TRACON& Tower with Radar,102,76,85,52,315,0,0,11,17,28,102,76,96,69,343,0,0,0,343
11/03/2018,BHM,AL,ASO,ES,Combined TRACON& Tower with Radar,66,46,83,5,200,0,0,39,11,50,66,46,122,16,250,0,0,0,250
11/04/2018,BHM,AL,ASO,ES,Combined TRACON& Tower with Radar,94,52,77,6,229,0,1,20,18,39,94,53,97,24,268,0,10,10,278
11/05/2018,BHM,AL,ASO,ES,Combined TRACON& Tower with Radar,90,44,87,44,265,0,0,0,0,0,90,44,87,44,265,0,0,0,265
11/06/2018,BHM,AL,ASO,ES,Combined TRACON& Tower with Radar,93,53,82,51,279,0,0,31,0,31,93,53,113,51,310,0,2,2,312
11/07/2018,BHM,AL,ASO,ES,Combined TRACON& Tower with Radar,97,66,107,57,327,0,0,13,2,15,97,66,120,59,342,0,4,4,346
11/08/2018,BHM,AL,ASO,ES,Combined TRACON& Tower with Radar,102,73,114,52,341,0,0,0,2,2,102,73,114,54,343,0,0,0,343
11/09/2018,BHM,AL,ASO,ES,Combined TRACON& Tower with Radar,102,71,100,3,276,0,0,0,0,0,102,71,100,3,276,0,0,0,276
11/10/2018,BHM,AL,ASO,ES,Combined TRACON& Tower with Radar,66,50,59,1,176,0,2,61,1,64,66,52,120,2,240,52,0,52,292
11/11/2018,BHM,AL,ASO,ES,Combined TRACON& Tower with Radar,93,56,70,5,224,0,1,30,1,32,93,57,100,6,256,24,0,24,280
11/12/2018,BHM,AL,ASO,ES,Combined TRACON& Tower with Radar,101,48,63,0,212,0,0,0,0,0,101,48,63,0,212,0,0,0,212
11/13/2018,BHM,AL,ASO,ES,Combined TRACON& Tower with Radar,98,65,78,14,255,0,0,0,0,0,98,65,78,14,255,0,0,0,255
11/14/2018,BHM,AL,ASO,ES,Combined TRACON& Tower with Radar,100,60,86,4,250,0,0,0,0,0,100,60,86,4,250,0,0,0,250
11/15/2018,BHM,AL,ASO,ES,Combined TRACON& Tower with Radar,96,62,109,36,303,0,0,15,0,15,96,62,124,36,318,0,0,0,318
11/16/2018,BHM,AL,ASO,ES,Combined TRACON& Tower with Radar,120,66,109,8,303,0,4,57,7,68,120,70,166,15,371,0,0,0,371
11/17/2018,BHM,AL,ASO,ES,Combined TRACON& Tower with Radar,76,49,54,8,187,0,4,42,4,50,76,53,96,12,237,0,0,0,237
11/18/2018,BHM,AL,ASO,ES,Combined TRACON& Tower with Radar,85,51,53,18,207,0,0,34,4,38,85,51,87,22,245,0,0,0,245
11/19/2018,BHM,AL,ASO,ES,Combined TRACON& Tower with Radar,93,40,81,10,224,0,1,30,0,31,93,41,111,10,255,4,0,4,259
11/20/2018,BHM,AL,ASO,ES,Combined TRACON& Tower with Radar,106,67,91,44,308,0,3,39,1,43,106,70,130,45,351,0,10,10,361
11/21/2018,BHM,AL,ASO,ES,Combined TRACON& Tower with Radar,114,56,69,3,242,0,1,53,1,55,114,57,122,4,297,0,0,0,297
11/22/2018,BHM,AL,ASO,ES,Combined TRACON& Tower with Radar,45,37,15,0,97,0,2,10,0,12,45,39,25,0,109,0,0,0,109
11/23/2018,BHM,AL,ASO,ES,Combined TRACON& Tower with Radar,72,34,33,6,145,0,0,12,0,12,72,34,45,6,157,0,0,0,157
11/24/2018,BHM,AL,ASO,ES,Combined TRACON& Tower with Radar,97,49,47,0,193,0,0,10,1,11,97,49,57,1,204,0,0,0,204
11/25/2018,BHM,AL,ASO,ES,Combined TRACON& Tower with Radar,109,48,93,0,250,0,0,20,2,22,109,48,113,2,272,6,0,6,278
11/26/2018,BHM,AL,ASO,ES,Combined TRACON& Tower with Radar,114,54,92,9,269,0,5,33,3,41,114,59,125,12,310,0,8,8,318
11/27/2018,BHM,AL,ASO,ES,Combined TRACON& Tower with Radar,96,61,113,34,304,0,1,29,6,36,96,62,142,40,340,36,8,44,384
11/28/2018,BHM,AL,ASO,ES,Combined TRACON& Tower with Radar,94,64,83,60,301,0,1,44,1,46,94,65,127,61,347,20,22,42,389
11/29/2018,BHM,AL,ASO,ES,Combined TRACON& Tower with Radar,100,73,102,41,316,0,0,24,7,31,100,73,126,48,347,11,20,31,378
11/30/2018,BHM,AL,ASO,ES,Combined TRACON& Tower with Radar,105,69,111,65,350,0,0,5,7,12,105,69,116,72,362,0,0,0,362
12/01/2018,BHM,AL,ASO,ES,Combined TRACON& Tower with Radar,71,51,50,0,172,0,1,1,0,2,71,52,51,0,174,0,0,0,174
12/02/2018,BHM,AL,ASO,ES,Combined TRACON& Tower with Radar,91,39,75,21,226,0,2,29,4,35,91,41,104,25,261,2,0,2,263
12/03/2018,BHM,AL,ASO,ES,Combined TRACON& Tower with Radar,98,44,69,76,287,0,0,38,11,49,98,44,107,87,336,0,0,0,336
12/04/2018,BHM,AL,ASO,ES,Combined TRACON& Tower with Radar,88,68,106,57,319,0,1,36,1,38,88,69,142,58,357,0,0,0,357
12/05/2018,BHM,AL,ASO,ES,Combined TRACON& Tower with Radar,96,66,97,0,259,0,0,46,1,47,96,66,143,1,306,3,0,3,309
12/06/2018,BHM,AL,ASO,ES,Combined TRACON& Tower with Radar,102,79,115,84,380,0,3,40,7,50,102,82,155,91,430,4,9,13,443
12/07/2018,BHM,AL,ASO,ES,Combined TRACON& Tower with Radar,104,56,61,18,239,0,0,7,0,7,104,56,68,18,246,0,0,0,246
12/08/2018,BHM,AL,ASO,ES,Combined TRACON& Tower with Radar,62,40,38,0,140,0,0,0,0,0,62,40,38,0,140,0,0,0,140
12/09/2018,BHM,AL,ASO,ES,Combined TRACON& Tower with Radar,81,37,50,0,168,0,0,0,0,0,81,37,50,0,168,0,0,0,168
12/10/2018,BHM,AL,ASO,ES,Combined TRACON& Tower with Radar,89,42,97,20,248,0,0,0,0,0,89,42,97,20,248,0,0,0,248
12/11/2018,BHM,AL,ASO,ES,Combined TRACON& Tower with Radar,90,70,122,44,326,0,0,35,4,39,90,70,157,48,365,0,11,11,376
12/12/2018,BHM,AL,ASO,ES,Combined TRACON& Tower with Radar,99,72,132,50,353,0,0,24,15,39,99,72,156,65,392,0,18,18,410
12/13/2018,BHM,AL,ASO,ES,Combined TRACON& Tower with Radar,101,70,112,48,331,0,2,24,9,35,101,72,136,57,366,10,2,12,378
12/14/2018,BHM,AL,ASO,ES,Combined TRACON& Tower with Radar,105,55,94,13,267,0,0,0,0,0,105,55,94,13,267,0,0,0,267
12/15/2018,BHM,AL,ASO,ES,Combined TRACON& Tower with Radar,63,46,55,3,167,0,0,0,4,4,63,46,55,7,171,8,0,8,179
12/16/2018,BHM,AL,ASO,ES,Combined TRACON& Tower with Radar,86,38,60,2,186,0,1,14,3,18,86,39,74,5,204,0,0,0,204
12/17/2018,BHM,AL,ASO,ES,Combined TRACON& Tower with Radar,99,51,119,38,307,0,0,35,2,37,99,51,154,40,344,0,0,0,344
12/18/2018,BHM,AL,ASO,ES,Combined TRACON& Tower with Radar,96,74,100,30,300,0,0,39,5,44,96,74,139,35,344,30,20,50,394
12/19/2018,BHM,AL,ASO,ES,Combined TRACON& Tower with Radar,97,70,114,34,315,0,2,32,5,39,97,72,146,39,354,0,0,0,354
12/20/2018,BHM,AL,ASO,ES,Combined TRACON& Tower with Radar,98,63,59,6,226,0,0,0,0,0,98,63,59,6,226,0,0,0,226
12/21/2018,BHM,AL,ASO,ES,Combined TRACON& Tower with Radar,102,72,77,0,251,0,0,0,0,0,102,72,77,0,251,0,0,0,251
12/22/2018,BHM,AL,ASO,ES,Combined TRACON& Tower with Radar,84,61,59,0,204,0,1,55,1,57,84,62,114,1,261,0,0,0,261
12/23/2018,BHM,AL,ASO,ES,Combined TRACON& Tower with Radar,85,54,32,0,171,0,1,4,0,5,85,55,36,0,176,22,0,22,198
12/24/2018,BHM,AL,ASO,ES,Combined TRACON& Tower with Radar,66,32,12,0,110,0,0,38,0,38,66,32,50,0,148,8,0,8,156
12/25/2018,BHM,AL,ASO,ES,Combined TRACON& Tower with Radar,53,34,10,0,97,0,0,17,0,17,53,34,27,0,114,19,0,19,133
12/26/2018,BHM,AL,ASO,ES,Combined TRACON& Tower with Radar,86,55,47,0,188,0,0,33,0,33,86,55,80,0,221,0,0,0,221
12/27/2018,BHM,AL,ASO,ES,Combined TRACON& Tower with Radar,96,58,84,0,238,0,1,0,0,1,96,59,84,0,239,0,0,0,239
12/28/2018,BHM,AL,ASO,ES,Combined TRACON& Tower with Radar,102,62,50,0,214,0,0,16,1,17,102,62,66,1,231,8,0,8,239
12/29/2018,BHM,AL,ASO,ES,Combined TRACON& Tower with Radar,79,49,54,1,183,0,1,8,3,12,79,50,62,4,195,0,0,0,195
12/30/2018,BHM,AL,ASO,ES,Combined TRACON& Tower with Radar,91,43,51,0,185,0,0,0,0,0,91,43,51,0,185,0,0,0,185
12/31/2018,BHM,AL,ASO,ES,Combined TRACON& Tower with Radar,65,33,15,0,113,0,0,1,0,1,65,33,16,0,114,0,0,0,114
01/01/2019,BHM,AL,ASO,ES,Combined TRACON& Tower with Radar,60,43,21,0,124,0,0,10,0,10,60,43,31,0,134,44,0,44,178
01/02/2019,BHM,AL,ASO,ES,Combined TRACON& Tower with Radar,90,57,60,7,214,0,0,0,0,0,90,57,60,7,214,0,0,0,214
01/03/2019,BHM,AL,ASO,ES,Combined TRACON& Tower with Radar,82,66,52,29,229,0,0,0,0,0,82,66,52,29,229,0,0,0,229
01/04/2019,BHM,AL,ASO,ES,Combined TRACON& Tower with Radar,89,62,74,34,259,0,1,1,2,4,89,63,75,36,263,4,0,4,267
01/05/2019,BHM,AL,ASO,ES,Combined TRACON& Tower with Radar,73,53,53,6,185,0,2,48,2,52,73,55,101,8,237,43,0,43,280
01/06/2019,BHM,AL,ASO,ES,Combined TRACON& Tower with Radar,80,50,49,9,188,0,2,42,0,44,80,52,91,9,232,0,0,0,232
01/07/2019,BHM,AL,ASO,ES,Combined TRACON& Tower with Radar,93,53,60,56,262,0,0,31,0,31,93,53,91,56,293,8,8,16,309
01/08/2019,BHM,AL,ASO,ES,Combined TRACON& Tower with Radar,115,64,88,43,310,10,11,18,1,40,125,75,106,44,350,12,0,12,362
01/09/2019,BHM,AL,ASO,ES,Combined TRACON& Tower with Radar,96,67,74,29,266,0,1,24,11,36,96,68,98,40,302,24,0,24,326
01/10/2019,BHM,AL,ASO,ES,Combined TRACON& Tower with Radar,88,73,69,77,307,0,5,36,13,54,88,78,105,90,361,8,18,26,387
01/11/2019,BHM,AL,ASO,ES,Combined TRACON& Tower with Radar,93,60,83,19,255,0,3,49,9,61,93,63,132,28,316,14,0,14,330
01/12/2019,BHM,AL,ASO,ES,Combined TRACON& Tower with Radar,66,31,22,1,120,0,1,2,0,3,66,32,24,1,123,0,0,0,123
01/13/2019,BHM,AL,ASO,ES,Combined TRACON& Tower with Radar,71,53,47,8,179,0,0,0,0,0,71,53,47,8,179,0,2,2,181
01/14/2019,BHM,AL,ASO,ES,Combined TRACON& Tower with Radar,84,66,72,25,247,0,0,0,0,0,84,66,72,25,247,0,0,0,247
01/15/2019,BHM,AL,ASO,ES,Combined TRACON& Tower with Radar,93,54,89,41,277,0,1,2,0,3,93,55,91,41,280,4,0,4,284
01/16/2019,BHM,AL,ASO,ES,Combined TRACON& Tower with Radar,95,60,118,9,282,0,2,57,4,63,95,62,175,13,345,10,0,10,355
01/17/2019,BHM,AL,ASO,ES,Combined TRACON& Tower with Radar,91,71,96,28,286,0,1,8,0,9,91,72,104,28,295,0,0,0,295
01/18/2019,BHM,AL,ASO,ES,Combined TRACON& Tower with Radar,89,77,98,29,293,0,0,6,0,6,89,77,104,29,299,6,0,6,305
01/19/2019,BHM,AL,ASO,ES,Combined TRACON& Tower with Radar,58,28,18,0,104,0,0,0,0,0,58,28,18,0,104,0,0,0,104
01/20/2019,BHM,AL,ASO,ES,Combined TRACON& Tower with Radar,54,41,54,2,151,0,1,19,1,21,54,42,73,3,172,0,0,0,172
01/21/2019,BHM,AL,ASO,ES,Combined TRACON& Tower with Radar,83,55,75,0,213,0,2,67,0,69,83,57,142,0,282,28,0,28,310
01/22/2019,BHM,AL,ASO,ES,Combined TRACON& Tower with Radar,88,58,84,26,256,0,1,33,3,37,88,59,117,29,293,0,0,0,293
01/23/2019,BHM,AL,ASO,ES,Combined TRACON& Tower with Radar,93,67,53,6,219,0,0,2,0,2,93,67,55,6,221,0,0,0,221
01/24/2019,BHM,AL,ASO,ES,Combined TRACON& Tower with Radar,90,67,108,33,298,0,1,10,2,13,90,68,118,35,311,12,0,12,323
01/25/2019,BHM,AL,ASO,ES,Combined TRACON& Tower with Radar,94,79,86,33,292,0,0,52,3,55,94,79,138,36,347,34,14,48,395
01/26/2019,BHM,AL,ASO,ES,Combined TRACON& Tower with Radar,62,36,62,12,172,0,3,42,0,45,62,39,104,12,217,14,0,14,231
01/27/2019,BHM,AL,ASO,ES,Combined TRACON& Tower with Radar,70,61,50,6,187,0,0,31,2,33,70,61,81,8,220,14,8,22,242
01/28/2019,BHM,AL,ASO,ES,Combined TRACON& Tower with Radar,86,54,91,24,255,0,0,46,1,47,86,54,137,25,302,0,8,8,310
01/29/2019,BHM,AL,ASO,ES,Combined TRACON& Tower with Radar,86,68,56,8,218,0,0,19,0,19,86,68,75,8,237,0,0,0,237
01/30/2019,BHM,AL,ASO,ES,Combined TRACON& Tower with Radar,87,57,84,32,260,0,1,26,1,28,87,58,110,33,288,6,30,36,324
01/31/2019,BHM,AL,ASO,ES,Combined TRACON& Tower with Radar,87,59,112,18,276,0,1,40,9,50,87,60,152,27,326,0,6,6,332
02/01/2019,BHM,AL,ASO,ES,Combined TRACON& Tower with Radar,97,62,82,28,269,0,3,38,7,48,97,65,120,35,317,0,0,0,317
02/02/2019,BHM,AL,ASO,ES,Combined TRACON& Tower with Radar,66,37,47,26,176,0,0,37,2,39,66,37,84,28,215,0,0,0,215
02/03/2019,BHM,AL,ASO,ES,Combined TRACON& Tower with Radar,64,37,42,22,165,0,0,10,0,10,64,37,52,22,175,16,0,16,191
02/04/2019,BHM,AL,ASO,ES,Combined TRACON& Tower with Radar,90,47,81,37,255,0,0,2,3,5,90,47,83,40,260,4,0,4,264
02/05/2019,BHM,AL,ASO,ES,Combined TRACON& Tower with Radar,89,49,114,69,321,0,0,2,0,2,89,49,116,69,323,16,4,20,343
02/06/2019,BHM,AL,ASO,ES,Combined TRACON& Tower with Radar,100,54,90,42,286,0,2,11,5,18,100,56,101,47,304,0,14,14,318
02/07/2019,BHM,AL,ASO,ES,Combined TRACON& Tower with Radar,94,68,118,18,298,0,0,9,5,14,94,68,127,23,312,0,6,6,318
02/08/2019,BHM,AL,ASO,ES,Combined TRACON& Tower with Radar,95,64,108,19,286,0,0,44,1,45,95,64,152,20,331,0,8,8,339
02/09/2019,BHM,AL,ASO,ES,Combined TRACON& Tower with Radar,67,32,56,4,159,0,3,54,0,57,67,35,110,4,216,4,0,4,220
02/10/2019,BHM,AL,ASO,ES,Combined TRACON& Tower with Radar,73,68,53,10,204,0,0,5,0,5,73,68,58,10,209,20,0,20,229
02/11/2019,BHM,AL,ASO,ES,Combined TRACON& Tower with Radar,90,54,69,19,232,0,0,1,0,1,90,54,70,19,233,0,0,0,233
02/12/2019,BHM,AL,ASO,ES,Combined TRACON& Tower with Radar,97,66,94,8,265,0,0,2,2,4,97,66,96,10,269,0,0,0,269
02/13/2019,BHM,AL,ASO,ES,Combined TRACON& Tower with Radar,87,76,123,43,329,0,1,57,12,70,87,77,180,55,399,14,0,14,413
02/14/2019,BHM,AL,ASO,ES,Combined TRACON& Tower with Radar,95,67,117,18,297,0,4,29,3,36,95,71,146,21,333,0,12,12,345
02/15/2019,BHM,AL,ASO,ES,Combined TRACON& Tower with Radar,98,72,104,18,292,0,0,0,0,0,98,72,104,18,292,0,0,0,292
02/16/2019,BHM,AL,ASO,ES,Combined TRACON& Tower with Radar,57,51,48,7,163,0,0,2,0,2,57,51,50,7,165,0,0,0,165
02/17/2019,BHM,AL,ASO,ES,Combined TRACON& Tower with Radar,66,34,49,0,149,0,0,1,0,1,66,34,50,0,150,0,0,0,150
02/18/2019,BHM,AL,ASO,ES,Combined TRACON& Tower with Radar,84,64,97,6,251,0,2,48,1,51,84,66,145,7,302,12,6,18,320
02/19/2019,BHM,AL,ASO,ES,Combined TRACON& Tower with Radar,89,59,97,7,252,0,3,0,0,3,89,62,97,7,255,0,0,0,255
02/20/2019,BHM,AL,ASO,ES,Combined TRACON& Tower with Radar,92,51,77,0,220,0,0,0,0,0,92,51,77,0,220,0,0,0,220
02/21/2019,BHM,AL,ASO,ES,Combined TRACON& Tower with Radar,96,82,92,23,293,0,0,0,0,0,96,82,92,23,293,0,0,0,293
02/22/2019,BHM,AL,ASO,ES,Combined TRACON& Tower with Radar,96,67,84,30,277,0,0,0,0,0,96,67,84,30,277,0,0,0,277
02/23/2019,BHM,AL,ASO,ES,Combined TRACON& Tower with Radar,57,60,24,0,141,0,0,1,0,1,57,60,25,0,142,0,0,0,142
02/24/2019,BHM,AL,ASO,ES,Combined TRACON& Tower with Radar,75,50,49,4,178,0,0,18,2,20,75,50,67,6,198,6,0,6,204
02/25/2019,BHM,AL,ASO,ES,Combined TRACON& Tower with Radar,87,61,87,29,264,0,0,35,3,38,87,61,122,32,302,0,22,22,324
02/26/2019,BHM,AL,ASO,ES,Combined TRACON& Tower with Radar,86,58,105,34,283,0,3,46,4,53,86,61,151,38,336,2,0,2,338
02/27/2019,BHM,AL,ASO,ES,Combined TRACON& Tower with Radar,85,58,83,44,270,0,0,46,3,49,85,58,129,47,319,20,14,34,353
02/28/2019,BHM,AL,ASO,ES,Combined TRACON& Tower with Radar,91,71,96,27,285,0,0,3,4,7,91,71,99,31,292,0,0,0,292
03/01/2019,BHM,AL,ASO,ES,Combined TRACON& Tower with Radar,95,67,98,31,291,0,0,1,0,1,95,67,99,31,292,0,0,0,292
03/02/2019,BHM,AL,ASO,ES,Combined TRACON& Tower with Radar,61,53,58,9,181,0,0,5,5,10,61,53,63,14,191,0,0,0,191
03/03/2019,BHM,AL,ASO,ES,Combined TRACON& Tower with Radar,79,39,31,11,160,0,0,2,0,2,79,39,33,11,162,0,0,0,162
03/04/2019,BHM,AL,ASO,ES,Combined TRACON& Tower with Radar,94,55,65,12,226,0,0,10,0,10,94,55,75,12,236,0,0,0,236
03/05/2019,BHM,AL,ASO,ES,Combined TRACON& Tower with Radar,89,64,84,41,278,0,4,48,4,56,89,68,132,45,334,0,0,0,334
03/06/2019,BHM,AL,ASO,ES,Combined TRACON& Tower with Radar,95,68,86,38,287,0,1,61,4,66,95,69,147,42,353,46,0,46,399
03/07/2019,BHM,AL,ASO,ES,Combined TRACON& Tower with Radar,92,63,118,53,326,0,0,44,5,49,92,63,162,58,375,25,17,42,417
03/08/2019,BHM,AL,ASO,ES,Combined TRACON& Tower with Radar,102,66,89,33,290,0,3,13,7,23,102,69,102,40,313,0,0,0,313
03/09/2019,BHM,AL,ASO,ES,Combined TRACON& Tower with Radar,75,51,33,0,159,0,0,1,0,1,75,51,34,0,160,0,0,0,160
03/10/2019,BHM,AL,ASO,ES,Combined TRACON& Tower with Radar,82,44,62,17,205,0,0,18,4,22,82,44,80,21,227,0,0,0,227
03/11/2019,BHM,AL,ASO,ES,Combined TRACON& Tower with Radar,92,54,82,2,230,0,0,24,0,24,92,54,106,2,254,8,0,8,262
03/12/2019,BHM,AL,ASO,ES,Combined TRACON& Tower with Radar,89,55,79,35,258,0,2,55,3,60,89,57,134,38,318,8,0,8,326
03/13/2019,BHM,AL,ASO,ES,Combined TRACON& Tower with Radar,92,61,115,32,300,0,4,28,0,32,92,65,143,32,332,0,0,0,332
03/14/2019,BHM,AL,ASO,ES,Combined TRACON& Tower with Radar,92,78,74,8,252,0,1,0,0,1,92,79,74,8,253,0,0,0,253
03/15/2019,BHM,AL,ASO,ES,Combined TRACON& Tower with Radar,94,64,92,38,288,0,0,16,9,25,94,64,108,47,313,0,0,0,313
03/16/2019,BHM,AL,ASO,ES,Combined TRACON& Tower with Radar,66,44,39,2,151,0,8,38,5,51,66,52,77,7,202,0,0,0,202
03/17/2019,BHM,AL,ASO,ES,Combined TRACON& Tower with Radar,83,43,54,27,207,0,5,38,7,50,83,48,92,34,257,0,12,12,269
03/18/2019,BHM,AL,ASO,ES,Combined TRACON& Tower with Radar,94,45,86,21,246,0,2,46,0,48,94,47,132,21,294,10,0,10,304
03/19/2019,BHM,AL,ASO,ES,Combined TRACON& Tower with Radar,90,65,89,39,283,0,1,36,5,42,90,66,125,44,325,0,14,14,339
03/20/2019,BHM,AL,ASO,ES,Combined TRACON& Tower with Radar,90,77,90,45,302,0,1,52,3,56,90,78,142,48,358,0,0,0,358
03/21/2019,BHM,AL,ASO,ES,Combined TRACON& Tower with Radar,96,64,110,22,292,0,3,18,4,25,96,67,128,26,317,0,0,0,317
03/22/2019,BHM,AL,ASO,ES,Combined TRACON& Tower with Radar,97,69,91,13,270,0,1,51,7,59,97,70,142,20,329,0,0,0,329
03/23/2019,BHM,AL,ASO,ES,Combined TRACON& Tower with Radar,68,59,62,0,189,0,1,59,3,63,68,60,121,3,252,0,0,0,252
03/24/2019,BHM,AL,ASO,ES,Combined TRACON& Tower with Radar,83,45,55,17,200,0,0,23,2,25,83,45,78,19,225,0,0,0,225
03/25/2019,BHM,AL,ASO,ES,Combined TRACON& Tower with Radar,107,58,79,4,248,0,1,14,0,15,107,59,93,4,263,14,0,14,277
03/26/2019,BHM,AL,ASO,ES,Combined TRACON& Tower with Radar,91,66,93,33,283,0,2,26,0,28,91,68,119,33,311,17,0,17,328
03/27/2019,BHM,AL,ASO,ES,Combined TRACON& Tower with Radar,94,65,89,27,275,0,4,43,5,52,94,69,132,32,327,0,0,0,327
03/28/2019,BHM,AL,ASO,ES,Combined TRACON& Tower with Radar,96,67,93,60,316,0,2,48,8,58,96,69,141,68,374,0,4,4,378
03/29/2019,BHM,AL,ASO,ES,Combined TRACON& Tower with Radar,98,67,78,24,267,0,2,42,12,56,98,69,120,36,323,6,0,6,329
03/30/2019,BHM,AL,ASO,ES,Combined TRACON& Tower with Radar,63,57,46,6,172,0,3,41,1,45,63,60,87,7,217,6,0,6,223
03/31/2019,BHM,AL,ASO,ES,Combined TRACON& Tower with Radar,89,58,76,17,240,0,2,13,6,21,89,60,89,23,261,0,0,0,261
04/01/2019,BHM,AL,ASO,ES,Combined TRACON& Tower with Radar,92,63,85,21,261,0,0,41,3,44,92,63,126,24,305,14,2,16,321
04/02/2019,BHM,AL,ASO,ES,Combined TRACON& Tower with Radar,92,59,85,63,299,0,1,55,1,57,92,60,140,64,356,9,15,24,380
04/03/2019,BHM,AL,ASO,ES,Combined TRACON& Tower with Radar,93,69,112,36,310,0,0,52,4,56,93,69,164,40,366,10,0,10,376
04/04/2019,BHM,AL,ASO,ES,Combined TRACON& Tower with Radar,99,78,97,22,296,0,0,23,2,25,99,78,120,24,321,14,0,14,335
04/05/2019,BHM,AL,ASO,ES,Combined TRACON& Tower with Radar,102,57,99,58,316,0,1,15,9,25,102,58,114,67,341,10,0,10,351
04/06/2019,BHM,AL,ASO,ES,Combined TRACON& Tower with Radar,63,49,83,4,199,0,1,20,2,23,63,50,103,6,222,70,0,70,292
04/07/2019,BHM,AL,ASO,ES,Combined TRACON& Tower with Radar,88,88,128,5,309,0,0,17,5,22,88,88,145,10,331,10,0,10,341
04/08/2019,BHM,AL,ASO,ES,Combined TRACON& Tower with Radar,96,51,88,1,236,0,0,11,0,11,96,51,99,1,247,6,0,6,253
04/09/2019,BHM,AL,ASO,ES,Combined TRACON& Tower with Radar,96,63,122,26,307,0,2,7,0,9,96,65,129,26,316,0,0,0,316
04/10/2019,BHM,AL,ASO,ES,Combined TRACON& Tower with Radar,92,65,113,55,325,0,1,77,4,82,92,66,190,59,407,6,20,26,433
04/11/2019,BHM,AL,ASO,ES,Combined TRACON& Tower with Radar,100,57,123,42,322,0,2,28,8,38,100,59,151,50,360,0,0,0,360
04/12/2019,BHM,AL,ASO,ES,Combined TRACON& Tower with Radar,101,66,107,19,293,0,0,22,5,27,101,66,129,24,320,0,0,0,320
04/13/2019,BHM,AL,ASO,ES,Combined TRACON& Tower with Radar,67,42,44,5,158,0,1,15,3,19,67,43,59,8,177,0,0,0,177
04/14/2019,BHM,AL,ASO,ES,Combined TRACON& Tower with Radar,117,51,73,7,248,0,1,7,5,13,117,52,80,12,261,0,0,0,261
04/15/2019,BHM,AL,ASO,ES,Combined TRACON& Tower with Radar,95,57,100,34,286,0,3,46,3,52,95,60,146,37,338,16,6,22,360
04/16/2019,BHM,AL,ASO,ES,Combined TRACON& Tower with Radar,94,65,114,16,289,0,6,46,5,57,94,71,160,21,346,6,0,6,352
04/17/2019,BHM,AL,ASO,ES,Combined TRACON& Tower with Radar,93,70,96,18,277,0,4,45,4,53,93,74,141,22,330,0,0,0,330
04/18/2019,BHM,AL,ASO,ES,Combined TRACON& Tower with Radar,97,62,71,49,279,0,1,12,6,19,97,63,83,55,298,6,0,6,304
04/19/2019,BHM,AL,ASO,ES,Combined TRACON& Tower with Radar,93,53,80,27,253,0,0,0,0,0,93,53,80,27,253,0,0,0,253
04/20/2019,BHM,AL,ASO,ES,Combined TRACON& Tower with Radar,65,41,40,0,146,0,1,26,2,29,65,42,66,2,175,20,0,20,195
04/21/2019,BHM,AL,ASO,ES,Combined TRACON& Tower with Radar,76,52,44,3,175,0,0,38,13,51,76,52,82,16,226,0,0,0,226
04/22/2019,BHM,AL,ASO,ES,Combined TRACON& Tower with Radar,94,58,93,16,261,0,5,64,2,71,94,63,157,18,332,0,0,0,332
04/23/2019,BHM,AL,ASO,ES,Combined TRACON& Tower with Radar,92,64,99,13,268,0,2,56,5,63,92,66,155,18,331,0,8,8,339
04/24/2019,BHM,AL,ASO,ES,Combined TRACON& Tower with Radar,92,65,104,39,300,0,0,48,20,68,92,65,152,59,368,0,16,16,384
04/25/2019,BHM,AL,ASO,ES,Combined TRACON& Tower with Radar,102,74,99,17,292,0,1,10,0,11,102,75,109,17,303,0,0,0,303
04/26/2019,BHM,AL,ASO,ES,Combined TRACON& Tower with Radar,100,77,94,41,312,0,1,31,4,36,100,78,125,45,348,0,0,0,348
04/27/2019,BHM,AL,ASO,ES,Combined TRACON& Tower with Radar,67,37,42,3,149,0,0,47,2,49,67,37,89,5,198,0,0,0,198
04/28/2019,BHM,AL,ASO,ES,Combined TRACON& Tower with Radar,84,35,62,4,185,0,0,38,6,44,84,35,100,10,229,0,0,0,229
04/29/2019,BHM,AL,ASO,ES,Combined TRACON& Tower with Radar,95,55,73,18,241,0,1,39,4,44,95,56,112,22,285,2,0,2,287
04/30/2019,BHM,AL,ASO,ES,Combined TRACON& Tower with Radar,98,57,119,28,302,0,5,35,5,45,98,62,154,33,347,0,0,0,347
05/01/2019,BHM,AL,ASO,ES,Combined TRACON& Tower with Radar,101,66,109,58,334,0,0,42,10,52,101,66,151,68,386,18,12,30,416
05/02/2019,BHM,AL,ASO,ES,Combined TRACON& Tower with Radar,94,59,106,25,284,0,5,25,10,40,94,64,131,35,324,12,6,18,342
05/03/2019,BHM,AL,ASO,ES,Combined TRACON& Tower with Radar,102,54,94,47,297,0,0,38,7,45,102,54,132,54,342,12,0,12,354
05/04/2019,BHM,AL,ASO,ES,Combined TRACON& Tower with Radar,77,33,59,0,169,0,0,2,2,4,77,33,61,2,173,0,0,0,173
05/05/2019,BHM,AL,ASO,ES,Combined TRACON& Tower with Radar,95,46,92,8,241,0,1,21,0,22,95,47,113,8,263,0,0,0,263
05/06/2019,BHM,AL,ASO,ES,Combined TRACON& Tower with Radar,100,52,91,17,260,1,3,37,1,42,101,55,128,18,302,16,2,18,320
05/07/2019,BHM,AL,ASO,ES,Combined TRACON& Tower with Radar,102,60,132,48,342,0,3,59,8,70,102,63,191,56,412,21,0,21,433
05/08/2019,BHM,AL,ASO,ES,Combined TRACON& Tower with Radar,102,61,102,32,297,0,0,35,8,43,102,61,137,40,340,4,0,4,344
05/09/2019,BHM,AL,ASO,ES,Combined TRACON& Tower with Radar,109,65,87,6,267,0,0,6,4,10,109,65,93,10,277,3,0,3,280
05/10/2019,BHM,AL,ASO,ES,Combined TRACON& Tower with Radar,106,63,118,38,325,0,0,9,3,12,106,63,127,41,337,6,0,6,343
05/11/2019,BHM,AL,ASO,ES,Combined TRACON& Tower with Radar,74,43,35,5,157,0,0,7,0,7,74,43,42,5,164,0,0,0,164
05/12/2019,BHM,AL,ASO,ES,Combined TRACON& Tower with Radar,90,37,31,1,159,0,1,2,0,3,90,38,33,1,162,0,0,0,162
05/13/2019,BHM,AL,ASO,ES,Combined TRACON& Tower with Radar,101,62,99,19,281,0,3,55,2,60,101,65,154,21,341,19,0,19,360
05/14/2019,BHM,AL,ASO,ES,Combined TRACON& Tower with Radar,107,64,93,20,284,0,7,61,2,70,107,71,154,22,354,22,0,22,376
05/15/2019,BHM,AL,ASO,ES,Combined TRACON& Tower with Radar,103,68,81,36,288,0,2,37,8,47,103,70,118,44,335,14,12,26,361
05/16/2019,BHM,AL,ASO,ES,Combined TRACON& Tower with Radar,105,76,120,25,326,0,0,45,11,56,105,76,165,36,382,0,8,8,390
05/17/2019,BHM,AL,ASO,ES,Combined TRACON& Tower with Radar,115,68,81,19,283,0,0,43,12,55,115,68,124,31,338,28,0,28,366
05/18/2019,BHM,AL,ASO,ES,Combined TRACON& Tower with Radar,71,43,32,14,160,0,0,30,9,39,71,43,62,23,199,10,0,10,209
05/19/2019,BHM,AL,ASO,ES,Combined TRACON& Tower with Radar,92,43,72,9,216,0,1,10,9,20,92,44,82,18,236,12,0,12,248
05/20/2019,BHM,AL,ASO,ES,Combined TRACON& Tower with Radar,100,51,95,6,252,0,0,25,0,25,100,51,120,6,277,4,0,4,281
05/21/2019,BHM,AL,ASO,ES,Combined TRACON& Tower with Radar,105,49,101,17,272,0,0,22,5,27,105,49,123,22,299,8,0,8,307
05/22/2019,BHM,AL,ASO,ES,Combined TRACON& Tower with Radar,100,50,96,16,262,0,0,42,4,46,100,50,138,20,308,0,0,0,308
05/23/2019,BHM,AL,ASO,ES,Combined TRACON& Tower with Radar,106,56,111,26,299,0,2,57,2,61,106,58,168,28,360,0,0,0,360
05/24/2019,BHM,AL,ASO,ES,Combined TRACON& Tower with Radar,108,55,65,2,230,0,4,39,1,44,108,59,104,3,274,14,0,14,288
05/25/2019,BHM,AL,ASO,ES,Combined TRACON& Tower with Radar,79,33,36,1,149,0,0,35,2,37,79,33,71,3,186,0,0,0,186
05/26/2019,BHM,AL,ASO,ES,Combined TRACON& Tower with Radar,69,28,31,1,129,0,1,16,3,20,69,29,47,4,149,0,0,0,149
05/27/2019,BHM,AL,ASO,ES,Combined TRACON& Tower with Radar,89,34,47,1,171,0,0,27,0,27,89,34,74,1,198,6,0,6,204
05/28/2019,BHM,AL,ASO,ES,Combined TRACON& Tower with Radar,96,48,87,14,245,0,1,54,4,59,96,49,141,18,304,16,0,16,320
05/29/2019,BHM,AL,ASO,ES,Combined TRACON& Tower with Radar,96,52,83,34,265,0,2,43,5,50,96,54,126,39,315,0,32,32,347
05/30/2019,BHM,AL,ASO,ES,Combined TRACON& Tower with Radar,107,54,113,30,304,0,2,29,9,40,107,56,142,39,344,8,0,8,352
05/31/2019,BHM,AL,ASO,ES,Combined TRACON& Tower with Radar,106,53,83,44,286,0,0,36,3,39,106,53,119,47,325,32,0,32,357
06/01/2019,BHM,AL,ASO,ES,Combined TRACON& Tower with Radar,77,36,23,16,152,0,3,46,4,53,77,39,69,20,205,20,10,30,235
06/02/2019,BHM,AL,ASO,ES,Combined TRACON& Tower with Radar,94,40,55,0,189,0,2,28,4,34,94,42,83,4,223,0,0,0,223
06/03/2019,BHM,AL,ASO,ES,Combined TRACON& Tower with Radar,103,49,83,27,262,0,2,48,2,52,103,51,131,29,314,20,0,20,334
06/04/2019,BHM,AL,ASO,ES,Combined TRACON& Tower with Radar,102,60,88,66,316,0,0,44,3,47,102,60,132,69,363,56,20,76,439
06/05/2019,BHM,AL,ASO,ES,Combined TRACON& Tower with Radar,104,55,98,81,338,0,3,30,5,38,104,58,128,86,376,0,0,0,376
06/06/2019,BHM,AL,ASO,ES,Combined TRACON& Tower with Radar,111,61,89,84,345,0,0,0,4,4,111,61,89,88,349,0,0,0,349
06/07/2019,BHM,AL,ASO,ES,Combined TRACON& Tower with Radar,114,59,81,46,300,0,0,6,1,7,114,59,87,47,307,0,0,0,307
06/08/2019,BHM,AL,ASO,ES,Combined TRACON& Tower with Radar,94,36,39,2,171,0,2,6,0,8,94,38,45,2,179,0,0,0,179
06/09/2019,BHM,AL,ASO,ES,Combined TRACON& Tower with Radar,85,40,54,0,179,0,0,7,0,7,85,40,61,0,186,12,0,12,198
06/10/2019,BHM,AL,ASO,ES,Combined TRACON& Tower with Radar,104,37,80,11,232,0,0,11,3,14,104,37,91,14,246,0,0,0,246
06/11/2019,BHM,AL,ASO,ES,Combined TRACON& Tower with Radar,110,58,99,46,313,0,1,38,7,46,110,59,137,53,359,0,24,24,383
06/12/2019,BHM,AL,ASO,ES,Combined TRACON& Tower with Radar,113,59,109,49,330,0,1,9,4,14,113,60,118,53,344,22,0,22,366
06/13/2019,BHM,AL,ASO,ES,Combined TRACON& Tower with Radar,111,52,94,32,289,0,2,55,2,59,111,54,149,34,348,0,10,10,358
06/14/2019,BHM,AL,ASO,ES,Combined TRACON& Tower with Radar,112,45,91,91,339,0,1,50,4,55,112,46,141,95,394,0,0,0,394
06/15/2019,BHM,AL,ASO,ES,Combined TRACON& Tower with Radar,84,43,57,4,188,0,2,27,0,29,84,45,84,4,217,4,0,4,221
06/16/2019,BHM,AL,ASO,ES,Combined TRACON& Tower with Radar,94,29,59,6,188,0,2,16,14,32,94,31,75,20,220,18,0,18,238
06/17/2019,BHM,AL,ASO,ES,Combined TRACON& Tower with Radar,100,65,80,50,295,0,4,31,0,35,100,69,111,50,330,0,0,0,330
06/18/2019,BHM,AL,ASO,ES,Combined TRACON& Tower with Radar,106,40,86,21,253,0,0,3,2,5,106,40,89,23,258,0,0,0,258
06/19/2019,BHM,AL,ASO,ES,Combined TRACON& Tower with Radar,109,45,113,65,332,0,1,16,3,20,109,46,129,68,352,20,14,34,386
06/20/2019,BHM,AL,ASO,ES,Combined TRACON& Tower with Radar,113,44,109,4,270,0,1,23,4,28,113,45,132,8,298,0,0,0,298
06/21/2019,BHM,AL,ASO,ES,Combined TRACON& Tower with Radar,106,55,100,50,311,0,3,35,16,54,106,58,135,66,365,0,0,0,365
06/22/2019,BHM,AL,ASO,ES,Combined TRACON& Tower with Radar,94,33,35,1,163,0,1,10,0,11,94,34,45,1,174,37,0,37,211
06/23/2019,BHM,AL,ASO,ES,Combined TRACON& Tower with Radar,113,34,60,12,219,0,4,21,17,42,113,38,81,29,261,0,6,6,267
06/24/2019,BHM,AL,ASO,ES,Combined TRACON& Tower with Radar,122,50,83,18,273,0,0,9,1,10,122,50,92,19,283,8,0,8,291
06/25/2019,BHM,AL,ASO,ES,Combined TRACON& Tower with Radar,111,48,104,25,288,0,1,38,7,46,111,49,142,32,334,0,22,22,356
06/26/2019,BHM,AL,ASO,ES,Combined TRACON& Tower with Radar,111,64,124,32,331,0,3,23,2,28,111,67,147,34,359,0,0,0,359
06/27/2019,BHM,AL,ASO,ES,Combined TRACON& Tower with Radar,115,50,94,16,275,0,1,31,4,36,115,51,125,20,311,0,0,0,311
06/28/2019,BHM,AL,ASO,ES,Combined TRACON& Tower with Radar,111,55,85,20,271,0,3,35,2,40,111,58,120,22,311,0,4,4,315
06/29/2019,BHM,AL,ASO,ES,Combined TRACON& Tower with Radar,78,43,44,14,179,0,0,41,3,44,78,43,85,17,223,36,6,42,265
06/30/2019,BHM,AL,ASO,ES,Combined TRACON& Tower with Radar,94,37,51,4,186,0,0,34,6,40,94,37,85,10,226,15,0,15,241
07/01/2019,BHM,AL,ASO,ES,Combined TRACON& Tower with Radar,89,42,43,27,201,0,2,40,5,47,89,44,83,32,248,2,0,2,250
07/02/2019,BHM,AL,ASO,ES,Combined TRACON& Tower with Radar,90,49,72,49,260,0,1,54,6,61,90,50,126,55,321,0,3,3,324
07/03/2019,BHM,AL,ASO,ES,Combined TRACON& Tower with Radar,88,45,62,16,211,0,1,30,0,31,88,46,92,16,242,0,0,0,242
07/04/2019,BHM,AL,ASO,ES,Combined TRACON& Tower with Radar,60,36,13,0,109,0,2,15,0,17,60,38,28,0,126,0,0,0,126
07/05/2019,BHM,AL,ASO,ES,Combined TRACON& Tower with Radar,80,34,37,0,151,0,1,30,0,31,80,35,67,0,182,7,0,7,189
07/06/2019,BHM,AL,ASO,ES,Combined TRACON& Tower with Radar,83,38,36,1,158,0,0,26,1,27,83,38,62,2,185,5,0,5,190
07/07/2019,BHM,AL,ASO,ES,Combined TRACON& Tower with Radar,102,37,45,0,184,0,0,15,0,15,102,37,60,0,199,0,0,0,199
07/08/2019,BHM,AL,ASO,ES,Combined TRACON& Tower with Radar,109,46,89,28,272,0,1,34,3,38,109,47,123,31,310,6,4,10,320
07/09/2019,BHM,AL,ASO,ES,Combined TRACON& Tower with Radar,112,50,71,34,267,0,0,24,3,27,112,50,95,37,294,0,32,32,326
07/10/2019,BHM,AL,ASO,ES,Combined TRACON& Tower with Radar,109,62,86,30,287,0,0,33,2,35,109,62,119,32,322,0,36,36,358
07/11/2019,BHM,AL,ASO,ES,Combined TRACON& Tower with Radar,108,69,115,29,321,0,0,21,2,23,108,69,136,31,344,0,0,0,344
07/12/2019,BHM,AL,ASO,ES,Combined TRACON& Tower with Radar,112,53,110,31,306,0,0,24,2,26,112,53,134,33,332,4,0,4,336
07/13/2019,BHM,AL,ASO,ES,Combined TRACON& Tower with Radar,85,36,49,7,177,0,0,20,3,23,85,36,69,10,200,0,0,0,200
07/14/2019,BHM,AL,ASO,ES,Combined TRACON& Tower with Radar,102,51,74,20,247,0,0,13,3,16,102,51,87,23,263,0,0,0,263
07/15/2019,BHM,AL,ASO,ES,Combined TRACON& Tower with Radar,107,41,85,30,263,0,3,14,2,19,107,44,99,32,282,0,0,0,282
07/16/2019,BHM,AL,ASO,ES,Combined TRACON& Tower with Radar,114,54,91,34,293,0,3,24,4,31,114,57,115,38,324,24,0,24,348
07/17/2019,BHM,AL,ASO,ES,Combined TRACON& Tower with Radar,113,52,91,46,302,0,1,18,2,21,113,53,109,48,323,0,0,0,323
07/18/2019,BHM,AL,ASO,ES,Combined TRACON& Tower with Radar,115,53,134,20,322,0,2,28,6,36,115,55,162,26,358,15,0,15,373
07/19/2019,BHM,AL,ASO,ES,Combined TRACON& Tower with Radar,124,40,82,8,254,0,0,27,9,36,124,40,109,17,290,20,0,20,310
07/20/2019,BHM,AL,ASO,ES,Combined TRACON& Tower with Radar,86,38,42,0,166,0,0,21,5,26,86,38,63,5,192,16,0,16,208
07/21/2019,BHM,AL,ASO,ES,Combined TRACON& Tower with Radar,99,35,84,16,234,0,0,18,1,19,99,35,102,17,253,18,0,18,271
07/22/2019,BHM,AL,ASO,ES,Combined TRACON& Tower with Radar,103,47,85,39,274,0,4,17,8,29,103,51,102,47,303,3,19,22,325
07/23/2019,BHM,AL,ASO,ES,Combined TRACON& Tower with Radar,109,50,77,24,260,0,0,9,1,10,109,50,86,25,270,0,8,8,278
07/24/2019,BHM,AL,ASO,ES,Combined TRACON& Tower with Radar,112,51,106,27,296,0,6,43,3,52,112,57,149,30,348,12,13,25,373
07/25/2019,BHM,AL,ASO,ES,Combined TRACON& Tower with Radar,110,52,103,38,303,0,0,41,9,50,110,52,144,47,353,0,6,6,359
07/26/2019,BHM,AL,ASO,ES,Combined TRACON& Tower with Radar,111,45,84,31,271,0,7,26,8,41,111,52,110,39,312,0,0,0,312
07/27/2019,BHM,AL,ASO,ES,Combined TRACON& Tower with Radar,83,40,31,3,157,0,3,57,7,67,83,43,88,10,224,10,0,10,234
07/28/2019,BHM,AL,ASO,ES,Combined TRACON& Tower with Radar,101,36,67,30,234,0,3,30,18,51,101,39,97,48,285,6,0,6,291
07/29/2019,BHM,AL,ASO,ES,Combined TRACON& Tower with Radar,101,48,79,23,251,0,0,30,1,31,101,48,109,24,282,2,0,2,284
07/30/2019,BHM,AL,ASO,ES,Combined TRACON& Tower with Radar,113,50,86,37,286,0,2,30,7,39,113,52,116,44,325,6,0,6,331
07/31/2019,BHM,AL,ASO,ES,Combined TRACON& Tower with Radar,109,57,81,22,269,0,0,26,1,27,109,57,107,23,296,48,0,48,344
08/01/2019,BHM,AL,ASO,ES,Combined TRACON& Tower with Radar,109,56,97,11,273,0,3,22,7,32,109,59,119,18,305,0,0,0,305
08/02/2019,BHM,AL,ASO,ES,Combined TRACON& Tower with Radar,112,62,63,9,246,0,0,35,4,39,112,62,98,13,285,0,0,0,285
08/03/2019,BHM,AL,ASO,ES,Combined TRACON& Tower with Radar,81,39,47,0,167,0,0,27,0,27,81,39,74,0,194,14,0,14,208
08/04/2019,BHM,AL,ASO,ES,Combined TRACON& Tower with Radar,111,29,51,0,191,0,1,23,1,25,111,30,74,1,216,4,0,4,220
08/05/2019,BHM,AL,ASO,ES,Combined TRACON& Tower with Radar,105,39,92,42,278,0,1,30,3,34,105,40,122,45,312,18,10,28,340
08/06/2019,BHM,AL,ASO,ES,Combined TRACON& Tower with Radar,114,51,83,70,318,0,1,34,5,40,114,52,117,75,358,0,0,0,358
08/07/2019,BHM,AL,ASO,ES,Combined TRACON& Tower with Radar,107,53,83,18,261,0,0,35,3,38,107,53,118,21,299,0,0,0,299
08/08/2019,BHM,AL,ASO,ES,Combined TRACON& Tower with Radar,106,56,97,38,297,0,1,28,10,39,106,57,125,48,336,6,0,6,342
08/09/2019,BHM,AL,ASO,ES,Combined TRACON& Tower with Radar,108,52,85,66,311,0,1,31,16,48,108,53,116,82,359,9,19,28,387
08/10/2019,BHM,AL,ASO,ES,Combined TRACON& Tower with Radar,87,32,33,13,165,0,0,28,0,28,87,32,61,13,193,0,13,13,206
08/11/2019,BHM,AL,ASO,ES,Combined TRACON& Tower with Radar,107,37,68,10,222,0,2,26,19,47,107,39,94,29,269,8,0,8,277
08/12/2019,BHM,AL,ASO,ES,Combined TRACON& Tower with Radar,106,41,81,10,238,0,0,32,5,37,106,41,113,15,275,14,0,14,289
08/13/2019,BHM,AL,ASO,ES,Combined TRACON& Tower with Radar,100,46,78,21,245,0,0,44,1,45,100,46,122,22,290,5,0,5,295
08/14/2019,BHM,AL,ASO,ES,Combined TRACON& Tower with Radar,107,44,106,59,316,0,1,31,1,33,107,45,137,60,349,26,10,36,385
08/15/2019,BHM,AL,ASO,ES,Combined TRACON& Tower with Radar,109,53,89,111,362,0,1,44,10,55,109,54,133,121,417,6,6,12,429
08/16/2019,BHM,AL,ASO,ES,Combined TRACON& Tower with Radar,112,47,70,45,274,0,1,43,15,59,112,48,113,60,333,10,4,14,347
08/17/2019,BHM,AL,ASO,ES,Combined TRACON& Tower with Radar,81,32,31,34,178,0,0,43,5,48,81,32,74,39,226,0,7,7,233
08/18/2019,BHM,AL,ASO,ES,Combined TRACON& Tower with Radar,114,30,49,23,216,0,0,25,16,41,114,30,74,39,257,32,0,32,289
08/19/2019,BHM,AL,ASO,ES,Combined TRACON& Tower with Radar,104,52,74,24,254,0,2,25,2,29,104,54,99,26,283,0,0,0,283
08/20/2019,BHM,AL,ASO,ES,Combined TRACON& Tower with Radar,93,68,71,20,252,0,1,27,1,29,93,69,98,21,281,14,0,14,295
08/21/2019,BHM,AL,ASO,ES,Combined TRACON& Tower with Radar,99,67,88,48,302,0,1,26,2,29,99,68,114,50,331,20,0,20,351
08/22/2019,BHM,AL,ASO,ES,Combined TRACON& Tower with Radar,94,57,78,25,254,0,2,42,8,52,94,59,120,33,306,0,0,0,306
08/23/2019,BHM,AL,ASO,ES,Combined TRACON& Tower with Radar,101,66,79,23,269,0,0,21,16,37,101,66,100,39,306,15,0,15,321
08/24/2019,BHM,AL,ASO,ES,Combined TRACON& Tower with Radar,81,43,21,20,165,0,1,13,2,16,81,44,34,22,181,0,12,12,193
08/25/2019,BHM,AL,ASO,ES,Combined TRACON& Tower with Radar,104,42,60,32,238,0,0,3,11,14,104,42,63,43,252,0,0,0,252
08/26/2019,BHM,AL,ASO,ES,Combined TRACON& Tower with Radar,97,49,62,4,212,0,0,0,0,0,97,49,62,4,212,0,0,0,212
08/27/2019,BHM,AL,ASO,ES,Combined TRACON& Tower with Radar,95,54,92,12,253,0,0,7,1,8,95,54,99,13,261,2,0,2,263
08/28/2019,BHM,AL,ASO,ES,Combined TRACON& Tower with Radar,97,62,97,30,286,0,1,27,1,29,97,63,124,31,315,0,0,0,315
08/29/2019,BHM,AL,ASO,ES,Combined TRACON& Tower with Radar,94,70,112,11,287,0,1,63,11,75,94,71,175,22,362,10,0,10,372
08/30/2019,BHM,AL,ASO,ES,Combined TRACON& Tower with Radar,101,65,97,0,263,0,3,40,5,48,101,68,137,5,311,0,0,0,311
08/31/2019,BHM,AL,ASO,ES,Combined TRACON& Tower with Radar,63,40,28,0,131,0,3,28,6,37,63,43,56,6,168,0,0,0,168
09/01/2019,BHM,AL,ASO,ES,Combined TRACON& Tower with Radar,74,22,36,2,134,0,2,16,0,18,74,24,52,2,152,0,0,0,152
09/02/2019,BHM,AL,ASO,ES,Combined TRACON& Tower with Radar,85,41,44,2,172,0,2,24,4,30,85,43,68,6,202,18,0,18,220
09/03/2019,BHM,AL,ASO,ES,Combined TRACON& Tower with Radar,81,53,73,31,238,0,2,46,1,49,81,55,119,32,287,0,0,0,287
09/04/2019,BHM,AL,ASO,ES,Combined TRACON& Tower with Radar,86,64,73,25,248,0,2,53,15,70,86,66,126,40,318,2,16,18,336
09/05/2019,BHM,AL,ASO,ES,Combined TRACON& Tower with Radar,93,66,85,24,268,0,0,41,13,54,93,66,126,37,322,32,8,40,362
09/06/2019,BHM,AL,ASO,ES,Combined TRACON& Tower with Radar,89,59,64,24,236,0,3,25,4,32,89,62,89,28,268,0,0,0,268
09/07/2019,BHM,AL,ASO,ES,Combined TRACON& Tower with Radar,67,34,32,0,133,0,4,48,3,55,67,38,80,3,188,16,0,16,204
09/08/2019,BHM,AL,ASO,ES,Combined TRACON& Tower with Radar,95,67,51,7,220,0,1,24,7,32,95,68,75,14,252,0,5,5,257
09/09/2019,BHM,AL,ASO,ES,Combined TRACON& Tower with Radar,95,54,92,54,295,0,3,46,12,61,95,57,138,66,356,26,8,34,390
09/10/2019,BHM,AL,ASO,ES,Combined TRACON& Tower with Radar,108,52,100,35,295,0,2,29,11,42,108,54,129,46,337,0,0,0,337
09/11/2019,BHM,AL,ASO,ES,Combined TRACON& Tower with Radar,104,55,93,18,270,0,0,28,7,35,104,55,121,25,305,6,5,11,316
09/12/2019,BHM,AL,ASO,ES,Combined TRACON& Tower with Radar,96,67,107,39,309,0,1,25,6,32,96,68,132,45,341,0,0,0,341
09/13/2019,BHM,AL,ASO,ES,Combined TRACON& Tower with Radar,99,71,76,43,289,0,2,37,7,46,99,73,113,50,335,5,12,17,352
09/14/2019,BHM,AL,ASO,ES,Combined TRACON& Tower with Radar,72,41,50,2,165,0,1,23,1,25,72,42,73,3,190,10,0,10,200
09/15/2019,BHM,AL,ASO,ES,Combined TRACON& Tower with Radar,94,49,47,27,217,0,0,29,4,33,94,49,76,31,250,18,0,18,268
09/16/2019,BHM,AL,ASO,ES,Combined TRACON& Tower with Radar,93,54,88,36,271,0,2,37,0,39,93,56,125,36,310,12,0,12,322
09/17/2019,BHM,AL,ASO,ES,Combined TRACON& Tower with Radar,112,61,106,34,313,0,4,38,4,46,112,65,144,38,359,14,10,24,383
09/18/2019,BHM,AL,ASO,ES,Combined TRACON& Tower with Radar,96,60,108,28,292,0,3,34,3,40,96,63,142,31,332,0,0,0,332
09/19/2019,BHM,AL,ASO,ES,Combined TRACON& Tower with Radar,93,61,100,90,344,0,0,36,9,45,93,61,136,99,389,18,8,26,415
09/20/2019,BHM,AL,ASO,ES,Combined TRACON& Tower with Radar,98,63,94,40,295,0,3,29,11,43,98,66,123,51,338,0,0,0,338
09/21/2019,BHM,AL,ASO,ES,Combined TRACON& Tower with Radar,70,37,35,3,145,0,1,41,3,45,70,38,76,6,190,0,0,0,190
09/22/2019,BHM,AL,ASO,ES,Combined TRACON& Tower with Radar,93,54,48,14,209,0,2,39,5,46,93,56,87,19,255,0,0,0,255
09/23/2019,BHM,AL,ASO,ES,Combined TRACON& Tower with Radar,94,53,78,14,239,0,0,50,3,53,94,53,128,17,292,4,0,4,296
09/24/2019,BHM,AL,ASO,ES,Combined TRACON& Tower with Radar,92,53,90,24,259,0,3,31,1,35,92,56,121,25,294,0,0,0,294
09/25/2019,BHM,AL,ASO,ES,Combined TRACON& Tower with Radar,96,69,101,25,291,0,2,35,7,44,96,71,136,32,335,0,0,0,335
09/26/2019,BHM,AL,ASO,ES,Combined TRACON& Tower with Radar,98,62,115,6,281,0,0,27,3,30,98,62,142,9,311,0,0,0,311
09/27/2019,BHM,AL,ASO,ES,Combined TRACON& Tower with Radar,98,49,94,31,272,0,1,34,11,46,98,50,128,42,318,6,0,6,324
09/28/2019,BHM,AL,ASO,ES,Combined TRACON& Tower with Radar,81,38,26,12,157,0,0,41,5,46,81,38,67,17,203,12,0,12,215
09/29/2019,BHM,AL,ASO,ES,Combined TRACON& Tower with Radar,95,53,58,5,211,0,3,28,5,36,95,56,86,10,247,0,0,0,247
09/30/2019,BHM,AL,ASO,ES,Combined TRACON& Tower with Radar,99,61,80,13,253,0,2,35,2,39,99,63,115,15,292,0,0,0,292
10/01/2019,BHM,AL,ASO,ES,Combined TRACON& Tower with Radar,96,55,97,11,259,0,3,38,4,45,96,58,135,15,304,0,0,0,304
10/02/2019,BHM,AL,ASO,ES,Combined TRACON& Tower with Radar,101,71,88,20,280,0,2,21,5,28,101,73,109,25,308,0,0,0,308
10/03/2019,BHM,AL,ASO,ES,Combined TRACON& Tower with Radar,101,62,125,18,306,0,3,30,5,38,101,65,155,23,344,0,0,0,344
10/04/2019,BHM,AL,ASO,ES,Combined TRACON& Tower with Radar,107,53,92,32,284,0,0,41,8,49,107,53,133,40,333,4,0,4,337
10/05/2019,BHM,AL,ASO,ES,Combined TRACON& Tower with Radar,78,33,52,7,170,0,1,27,5,33,78,34,79,12,203,0,16,16,219
10/06/2019,BHM,AL,ASO,ES,Combined TRACON& Tower with Radar,101,51,92,27,271,0,2,16,2,20,101,53,108,29,291,6,0,6,297
10/07/2019,BHM,AL,ASO,ES,Combined TRACON& Tower with Radar,97,54,93,34,278,0,2,5,3,10,97,56,98,37,288,0,0,0,288
10/08/2019,BHM,AL,ASO,ES,Combined TRACON& Tower with Radar,102,50,96,53,301,0,2,19,0,21,102,52,115,53,322,10,0,10,332
10/09/2019,BHM,AL,ASO,ES,Combined TRACON& Tower with Radar,100,66,112,45,323,0,1,28,14,43,100,67,140,59,366,10,14,24,390
10/10/2019,BHM,AL,ASO,ES,Combined TRACON& Tower with Radar,98,68,99,43,308,0,3,32,2,37,98,71,131,45,345,22,0,22,367
10/11/2019,BHM,AL,ASO,ES,Combined TRACON& Tower with Radar,106,54,79,24,263,0,2,35,4,41,106,56,114,28,304,18,0,18,322
10/12/2019,BHM,AL,ASO,ES,Combined TRACON& Tower with Radar,80,35,54,0,169,0,2,15,1,18,80,37,69,1,187,56,0,56,243
10/13/2019,BHM,AL,ASO,ES,Combined TRACON& Tower with Radar,106,66,52,6,230,0,0,28,4,32,106,66,80,10,262,3,0,3,265
10/14/2019,BHM,AL,ASO,ES,Combined TRACON& Tower with Radar,96,64,93,4,257,0,0,23,0,23,96,64,116,4,280,0,0,0,280
10/15/2019,BHM,AL,ASO,ES,Combined TRACON& Tower with Radar,101,67,95,21,284,0,0,0,0,0,101,67,95,21,284,12,0,12,296
10/16/2019,BHM,AL,ASO,ES,Combined TRACON& Tower with Radar,98,76,119,44,337,0,0,17,0,17,98,76,136,44,354,0,0,0,354
10/17/2019,BHM,AL,ASO,ES,Combined TRACON& Tower with Radar,99,74,142,20,335,0,0,46,11,57,99,74,188,31,392,0,0,0,392
10/18/2019,BHM,AL,ASO,ES,Combined TRACON& Tower with Radar,108,63,89,28,288,0,3,37,20,60,108,66,126,48,348,0,6,6,354
10/19/2019,BHM,AL,ASO,ES,Combined TRACON& Tower with Radar,80,34,40,5,159,0,0,1,1,2,80,34,41,6,161,0,0,0,161
10/20/2019,BHM,AL,ASO,ES,Combined TRACON& Tower with Radar,96,58,86,14,254,0,1,27,5,33,96,59,113,19,287,0,0,0,287
10/21/2019,BHM,AL,ASO,ES,Combined TRACON& Tower with Radar,94,56,76,1,227,0,0,3,0,3,94,56,79,1,230,0,0,0,230
10/22/2019,BHM,AL,ASO,ES,Combined TRACON& Tower with Radar,96,75,115,42,328,0,1,32,1,34,96,76,147,43,362,0,0,0,362
10/23/2019,BHM,AL,ASO,ES,Combined TRACON& Tower with Radar,100,60,92,27,279,0,2,50,1,53,100,62,142,28,332,6,0,6,338
10/24/2019,BHM,AL,ASO,ES,Combined TRACON& Tower with Radar,98,68,115,38,319,0,1,32,2,35,98,69,147,40,354,18,12,30,384
10/25/2019,BHM,AL,ASO,ES,Combined TRACON& Tower with Radar,102,71,98,2,273,0,0,0,0,0,102,71,98,2,273,0,0,0,273
10/26/2019,BHM,AL,ASO,ES,Combined TRACON& Tower with Radar,72,31,44,0,147,0,0,1,1,2,72,31,45,1,149,0,0,0,149
10/27/2019,BHM,AL,ASO,ES,Combined TRACON& Tower with Radar,88,54,77,10,229,0,0,10,1,11,88,54,87,11,240,0,0,0,240
10/28/2019,BHM,AL,ASO,ES,Combined TRACON& Tower with Radar,85,56,69,20,230,0,1,25,3,29,85,57,94,23,259,8,0,8,267
10/29/2019,BHM,AL,ASO,ES,Combined TRACON& Tower with Radar,86,70,76,34,266,0,1,18,2,21,86,71,94,36,287,0,0,0,287
10/30/2019,BHM,AL,ASO,ES,Combined TRACON& Tower with Radar,92,59,71,11,233,0,0,0,0,0,92,59,71,11,233,0,0,0,233
10/31/2019,BHM,AL,ASO,ES,Combined TRACON& Tower with Radar,81,49,61,1,192,0,0,0,0,0,81,49,61,1,192,0,0,0,192
11/01/2019,BHM,AL,ASO,ES,Combined TRACON& Tower with Radar,89,62,91,30,272,0,4,42,3,49,89,66,133,33,321,31,0,31,352
11/02/2019,BHM,AL,ASO,ES,Combined TRACON& Tower with Radar,71,41,40,19,171,0,2,40,3,45,71,43,80,22,216,14,16,30,246
11/03/2019,BHM,AL,ASO,ES,Combined TRACON& Tower with Radar,91,56,72,11,230,6,0,36,12,54,97,56,108,23,284,18,0,18,302
11/04/2019,BHM,AL,ASO,ES,Combined TRACON& Tower with Radar,98,55,85,28,266,0,2,31,2,35,98,57,116,30,301,16,0,16,317
11/05/2019,BHM,AL,ASO,ES,Combined TRACON& Tower with Radar,91,65,108,57,321,0,0,20,0,20,91,65,128,57,341,6,0,6,347
11/06/2019,BHM,AL,ASO,ES,Combined TRACON& Tower with Radar,95,72,91,25,283,0,0,45,15,60,95,72,136,40,343,14,0,14,357
11/07/2019,BHM,AL,ASO,ES,Combined TRACON& Tower with Radar,102,72,130,26,330,0,1,0,0,1,102,73,130,26,331,0,0,0,331
11/08/2019,BHM,AL,ASO,ES,Combined TRACON& Tower with Radar,105,85,137,2,329,0,0,32,1,33,105,85,169,3,362,0,0,0,362
11/09/2019,BHM,AL,ASO,ES,Combined TRACON& Tower with Radar,69,68,77,2,216,0,1,30,2,33,69,69,107,4,249,0,0,0,249
11/10/2019,BHM,AL,ASO,ES,Combined TRACON& Tower with Radar,94,65,89,2,250,0,0,26,2,28,94,65,115,4,278,0,0,0,278
11/11/2019,BHM,AL,ASO,ES,Combined TRACON& Tower with Radar,97,69,83,5,254,0,2,37,0,39,97,71,120,5,293,8,1,9,302
11/12/2019,BHM,AL,ASO,ES,Combined TRACON& Tower with Radar,103,68,76,4,251,0,0,2,0,2,103,68,78,4,253,0,0,0,253
11/13/2019,BHM,AL,ASO,ES,Combined TRACON& Tower with Radar,107,67,109,29,312,0,5,36,8,49,107,72,145,37,361,0,6,6,367
11/14/2019,BHM,AL,ASO,ES,Combined TRACON& Tower with Radar,98,69,82,17,266,0,1,22,5,28,98,70,104,22,294,0,0,0,294
11/15/2019,BHM,AL,ASO,ES,Combined TRACON& Tower with Radar,100,78,94,31,303,0,3,16,8,27,100,81,110,39,330,24,8,32,362
11/16/2019,BHM,AL,ASO,ES,Combined TRACON& Tower with Radar,67,37,36,2,142,0,0,25,9,34,67,37,61,11,176,7,0,7,183
11/17/2019,BHM,AL,ASO,ES,Combined TRACON& Tower with Radar,93,53,63,13,222,0,1,43,11,55,93,54,106,24,277,0,0,0,277
11/18/2019,BHM,AL,ASO,ES,Combined TRACON& Tower with Radar,97,57,77,20,251,0,0,30,5,35,97,57,107,25,286,0,0,0,286
11/19/2019,BHM,AL,ASO,ES,Combined TRACON& Tower with Radar,101,64,102,17,284,0,1,32,0,33,101,65,134,17,317,0,0,0,317
11/20/2019,BHM,AL,ASO,ES,Combined TRACON& Tower with Radar,102,61,117,23,303,0,3,27,4,34,102,64,144,27,337,6,16,22,359
11/21/2019,BHM,AL,ASO,ES,Combined TRACON& Tower with Radar,103,66,104,34,307,0,0,34,5,39,103,66,138,39,346,12,0,12,358
11/22/2019,BHM,AL,ASO,ES,Combined TRACON& Tower with Radar,103,74,87,15,279,0,0,8,3,11,103,74,95,18,290,0,0,0,290
11/23/2019,BHM,AL,ASO,ES,Combined TRACON& Tower with Radar,82,48,39,0,169,0,2,2,0,4,82,50,41,0,173,0,0,0,173
11/24/2019,BHM,AL,ASO,ES,Combined TRACON& Tower with Radar,85,52,39,1,177,0,1,29,2,32,85,53,68,3,209,0,0,0,209
11/25/2019,BHM,AL,ASO,ES,Combined TRACON& Tower with Radar,88,52,70,21,231,0,0,35,0,35,88,52,105,21,266,0,0,0,266
11/26/2019,BHM,AL,ASO,ES,Combined TRACON& Tower with Radar,91,66,101,12,270,0,2,18,5,25,91,68,119,17,295,4,0,4,299
11/27/2019,BHM,AL,ASO,ES,Combined TRACON& Tower with Radar,100,60,48,8,216,0,0,11,0,11,100,60,59,8,227,0,4,4,231
11/28/2019,BHM,AL,ASO,ES,Combined TRACON& Tower with Radar,46,44,9,0,99,0,3,9,0,12,46,47,18,0,111,0,0,0,111
11/29/2019,BHM,AL,ASO,ES,Combined TRACON& Tower with Radar,74,47,52,0,173,0,0,16,1,17,74,47,68,1,190,0,0,0,190
11/30/2019,BHM,AL,ASO,ES,Combined TRACON& Tower with Radar,93,49,54,0,196,0,0,16,0,16,93,49,70,0,212,10,0,10,222
12/01/2019,BHM,AL,ASO,ES,Combined TRACON& Tower with Radar,112,63,70,0,245,0,0,9,0,9,112,63,79,0,254,0,0,0,254
12/02/2019,BHM,AL,ASO,ES,Combined TRACON& Tower with Radar,95,61,66,13,235,0,0,20,2,22,95,61,86,15,257,0,0,0,257
12/03/2019,BHM,AL,ASO,ES,Combined TRACON& Tower with Radar,106,78,97,15,296,0,0,33,0,33,106,78,130,15,329,0,0,0,329
12/04/2019,BHM,AL,ASO,ES,Combined TRACON& Tower with Radar,105,61,93,7,266,0,1,31,11,43,105,62,124,18,309,10,0,10,319
12/05/2019,BHM,AL,ASO,ES,Combined TRACON& Tower with Radar,100,72,120,9,301,0,2,30,9,41,100,74,150,18,342,8,0,8,350
12/06/2019,BHM,AL,ASO,ES,Combined TRACON& Tower with Radar,101,60,111,21,293,0,0,13,4,17,101,60,124,25,310,8,0,8,318
12/07/2019,BHM,AL,ASO,ES,Combined TRACON& Tower with Radar,66,34,45,13,158,0,2,34,5,41,66,36,79,18,199,0,2,2,201
12/08/2019,BHM,AL,ASO,ES,Combined TRACON& Tower with Radar,89,42,77,4,212,0,3,28,1,32,89,45,105,5,244,16,0,16,260
12/09/2019,BHM,AL,ASO,ES,Combined TRACON& Tower with Radar,91,47,84,17,239,0,0,8,4,12,91,47,92,21,251,17,0,17,268
12/10/2019,BHM,AL,ASO,ES,Combined TRACON& Tower with Radar,94,70,93,13,270,0,0,0,0,0,94,70,93,13,270,0,0,0,270
12/11/2019,BHM,AL,ASO,ES,Combined TRACON& Tower with Radar,102,58,102,23,285,0,6,23,1,30,102,64,125,24,315,0,0,0,315
12/12/2019,BHM,AL,ASO,ES,Combined TRACON& Tower with Radar,99,73,109,26,307,0,1,10,5,16,99,74,119,31,323,0,0,0,323
12/13/2019,BHM,AL,ASO,ES,Combined TRACON& Tower with Radar,101,65,113,37,316,0,0,0,0,0,101,65,113,37,316,0,0,0,316
12/14/2019,BHM,AL,ASO,ES,Combined TRACON& Tower with Radar,67,41,52,4,164,0,0,14,4,18,67,41,66,8,182,4,0,4,186
12/15/2019,BHM,AL,ASO,ES,Combined TRACON& Tower with Radar,90,45,59,4,198,0,1,13,6,20,90,46,72,10,218,8,0,8,226
12/16/2019,BHM,AL,ASO,ES,Combined TRACON& Tower with Radar,95,51,82,0,228,0,0,0,0,0,95,51,82,0,228,0,0,0,228
12/17/2019,BHM,AL,ASO,ES,Combined TRACON& Tower with Radar,94,62,91,17,264,0,0,0,0,0,94,62,91,17,264,0,0,0,264
12/18/2019,BHM,AL,ASO,ES,Combined TRACON& Tower with Radar,97,70,105,20,292,0,1,37,8,46,97,71,142,28,338,0,0,0,338
12/19/2019,BHM,AL,ASO,ES,Combined TRACON& Tower with Radar,103,61,102,27,293,0,1,34,3,38,103,62,136,30,331,0,0,0,331
12/20/2019,BHM,AL,ASO,ES,Combined TRACON& Tower with Radar,102,54,74,1,231,0,6,44,1,51,102,60,118,2,282,0,0,0,282
12/21/2019,BHM,AL,ASO,ES,Combined TRACON& Tower with Radar,81,47,40,0,168,0,2,4,0,6,81,49,44,0,174,0,0,0,174
12/22/2019,BHM,AL,ASO,ES,Combined TRACON& Tower with Radar,97,44,30,2,173,0,0,0,0,0,97,44,30,2,173,0,0,0,173
12/23/2019,BHM,AL,ASO,ES,Combined TRACON& Tower with Radar,79,37,55,0,171,0,0,0,0,0,79,37,55,0,171,0,0,0,171
12/24/2019,BHM,AL,ASO,ES,Combined TRACON& Tower with Radar,73,35,39,0,147,0,1,13,0,14,73,36,52,0,161,0,0,0,161
12/25/2019,BHM,AL,ASO,ES,Combined TRACON& Tower with Radar,67,40,7,0,114,0,0,14,0,14,67,40,21,0,128,18,0,18,146
12/26/2019,BHM,AL,ASO,ES,Combined TRACON& Tower with Radar,79,49,54,9,191,0,3,35,4,42,79,52,89,13,233,0,0,0,233
12/27/2019,BHM,AL,ASO,ES,Combined TRACON& Tower with Radar,83,48,62,5,198,0,2,20,1,23,83,50,82,6,221,0,0,0,221
12/28/2019,BHM,AL,ASO,ES,Combined TRACON& Tower with Radar,80,43,25,0,148,0,0,0,0,0,80,43,25,0,148,0,0,0,148
12/29/2019,BHM,AL,ASO,ES,Combined TRACON& Tower with Radar,95,31,29,0,155,0,0,1,0,1,95,31,30,0,156,9,0,9,165
12/30/2019,BHM,AL,ASO,ES,Combined TRACON& Tower with Radar,76,43,65,12,196,0,0,33,0,33,76,43,98,12,229,6,0,6,235
12/31/2019,BHM,AL,ASO,ES,Combined TRACON& Tower with Radar,80,37,22,0,139,0,2,33,1,36,80,39,55,1,175,0,0,0,175
01/01/2020,BHM,AL,ASO,ES,Combined TRACON& Tower with Radar,68,40,36,0,144,0,4,18,0,22,68,44,54,0,166,0,0,0,166
01/02/2020,BHM,AL,ASO,ES,Combined TRACON& Tower with Radar,84,45,52,0,181,0,0,0,0,0,84,45,52,0,181,0,0,0,181
01/03/2020,BHM,AL,ASO,ES,Combined TRACON& Tower with Radar,91,47,49,6,193,0,0,0,0,0,91,47,49,6,193,0,0,0,193
01/04/2020,BHM,AL,ASO,ES,Combined TRACON& Tower with Radar,65,49,17,0,131,0,1,17,0,18,65,50,34,0,149,12,0,12,161
01/05/2020,BHM,AL,ASO,ES,Combined TRACON& Tower with Radar,83,35,75,0,193,0,1,37,1,39,83,36,112,1,232,10,0,10,242
01/06/2020,BHM,AL,ASO,ES,Combined TRACON& Tower with Radar,90,48,55,8,201,0,2,31,0,33,90,50,86,8,234,0,0,0,234
01/07/2020,BHM,AL,ASO,ES,Combined TRACON& Tower with Radar,87,47,70,37,241,0,3,21,4,28,87,50,91,41,269,6,0,6,275
01/08/2020,BHM,AL,ASO,ES,Combined TRACON& Tower with Radar,95,49,79,10,233,0,2,47,0,49,95,51,126,10,282,0,0,0,282
01/09/2020,BHM,AL,ASO,ES,Combined TRACON& Tower with Radar,102,56,89,3,250,0,3,27,15,45,102,59,116,18,295,8,0,8,303
01/10/2020,BHM,AL,ASO,ES,Combined TRACON& Tower with Radar,101,48,52,2,203,0,4,7,13,24,101,52,59,15,227,0,0,0,227
01/11/2020,BHM,AL,ASO,ES,Combined TRACON& Tower with Radar,59,33,12,0,104,0,0,0,0,0,59,33,12,0,104,2,0,2,106
01/12/2020,BHM,AL,ASO,ES,Combined TRACON& Tower with Radar,99,32,36,16,183,0,1,32,4,37,99,33,68,20,220,0,8,8,228
01/13/2020,BHM,AL,ASO,ES,Combined TRACON& Tower with Radar,99,45,52,0,196,0,0,4,0,4,99,45,56,0,200,0,0,0,200
01/14/2020,BHM,AL,ASO,ES,Combined TRACON& Tower with Radar,92,52,66,0,210,0,0,1,0,1,92,52,67,0,211,0,0,0,211
01/15/2020,BHM,AL,ASO,ES,Combined TRACON& Tower with Radar,98,43,84,29,254,0,0,0,0,0,98,43,84,29,254,0,0,0,254
01/16/2020,BHM,AL,ASO,ES,Combined TRACON& Tower with Radar,99,55,90,20,264,0,0,29,6,35,99,55,119,26,299,19,2,21,320
01/17/2020,BHM,AL,ASO,ES,Combined TRACON& Tower with Radar,101,64,88,20,273,0,1,25,0,26,101,65,113,20,299,0,0,0,299
01/18/2020,BHM,AL,ASO,ES,Combined TRACON& Tower with Radar,57,36,29,0,122,0,1,1,0,2,57,37,30,0,124,0,0,0,124
01/19/2020,BHM,AL,ASO,ES,Combined TRACON& Tower with Radar,71,42,50,6,169,0,2,15,0,17,71,44,65,6,186,0,0,0,186
01/20/2020,BHM,AL,ASO,ES,Combined TRACON& Tower with Radar,92,49,75,0,216,0,1,36,2,39,92,50,111,2,255,0,0,0,255
01/21/2020,BHM,AL,ASO,ES,Combined TRACON& Tower with Radar,93,56,87,5,241,0,1,43,5,49,93,57,130,10,290,0,0,0,290
01/22/2020,BHM,AL,ASO,ES,Combined TRACON& Tower with Radar,96,50,86,3,235,0,3,35,7,45,96,53,121,10,280,0,0,0,280
01/23/2020,BHM,AL,ASO,ES,Combined TRACON& Tower with Radar,103,63,92,4,262,0,0,0,0,0,103,63,92,4,262,0,0,0,262
01/24/2020,BHM,AL,ASO,ES,Combined TRACON& Tower with Radar,99,51,80,3,233,0,1,9,17,27,99,52,89,20,260,0,0,0,260
01/25/2020,BHM,AL,ASO,ES,Combined TRACON& Tower with Radar,58,39,42,21,160,0,0,30,4,34,58,39,72,25,194,20,0,20,214
01/26/2020,BHM,AL,ASO,ES,Combined TRACON& Tower with Radar,98,35,38,4,175,0,1,23,10,34,98,36,61,14,209,0,0,0,209
01/27/2020,BHM,AL,ASO,ES,Combined TRACON& Tower with Radar,90,50,71,11,222,0,0,4,0,4,90,50,75,11,226,0,0,0,226
01/28/2020,BHM,AL,ASO,ES,Combined TRACON& Tower with Radar,91,49,81,26,247,0,2,44,5,51,91,51,125,31,298,6,2,8,306
01/29/2020,BHM,AL,ASO,ES,Combined TRACON& Tower with Radar,96,60,97,38,291,0,0,9,4,13,96,60,106,42,304,14,0,14,318
01/30/2020,BHM,AL,ASO,ES,Combined TRACON& Tower with Radar,99,57,89,19,264,0,2,33,6,41,99,59,122,25,305,0,0,0,305
01/31/2020,BHM,AL,ASO,ES,Combined TRACON& Tower with Radar,99,56,75,24,254,0,1,6,1,8,99,57,81,25,262,0,0,0,262
02/01/2020,BHM,AL,ASO,ES,Combined TRACON& Tower with Radar,58,37,47,0,142,0,2,5,0,7,58,39,52,0,149,0,0,0,149
02/02/2020,BHM,AL,ASO,ES,Combined TRACON& Tower with Radar,85,35,36,0,156,0,0,22,0,22,85,35,58,0,178,0,0,0,178
02/03/2020,BHM,AL,ASO,ES,Combined TRACON& Tower with Radar,95,46,81,6,228,0,6,34,2,42,95,52,115,8,270,14,0,14,284
02/04/2020,BHM,AL,ASO,ES,Combined TRACON& Tower with Radar,90,64,85,37,276,0,0,5,6,11,90,64,90,43,287,0,0,0,287
02/05/2020,BHM,AL,ASO,ES,Combined TRACON& Tower with Radar,98,59,49,2,208,0,0,0,0,0,98,59,49,2,208,0,0,0,208
02/06/2020,BHM,AL,ASO,ES,Combined TRACON& Tower with Radar,96,55,66,19,236,0,0,0,0,0,96,55,66,19,236,0,0,0,236
02/07/2020,BHM,AL,ASO,ES,Combined TRACON& Tower with Radar,99,54,78,13,244,0,3,34,10,47,99,57,112,23,291,4,0,4,295
02/08/2020,BHM,AL,ASO,ES,Combined TRACON& Tower with Radar,59,36,39,12,146,0,1,22,6,29,59,37,61,18,175,0,4,4,179
02/09/2020,BHM,AL,ASO,ES,Combined TRACON& Tower with Radar,98,45,47,6,196,0,7,32,4,43,98,52,79,10,239,0,0,0,239
02/10/2020,BHM,AL,ASO,ES,Combined TRACON& Tower with Radar,92,41,62,0,195,0,0,0,1,1,92,41,62,1,196,0,0,0,196
02/11/2020,BHM,AL,ASO,ES,Combined TRACON& Tower with Radar,93,60,72,18,243,0,0,0,0,0,93,60,72,18,243,0,0,0,243
02/12/2020,BHM,AL,ASO,ES,Combined TRACON& Tower with Radar,103,68,80,11,262,0,0,2,0,2,103,68,82,11,264,0,0,0,264
02/13/2020,BHM,AL,ASO,ES,Combined TRACON& Tower with Radar,96,78,129,12,315,0,1,9,0,10,96,79,138,12,325,0,0,0,325
02/14/2020,BHM,AL,ASO,ES,Combined TRACON& Tower with Radar,99,77,93,0,269,0,1,36,0,37,99,78,129,0,306,2,0,2,308
02/15/2020,BHM,AL,ASO,ES,Combined TRACON& Tower with Radar,56,39,33,0,128,0,0,35,2,37,56,39,68,2,165,54,0,54,219
02/16/2020,BHM,AL,ASO,ES,Combined TRACON& Tower with Radar,81,47,56,3,187,0,0,27,0,27,81,47,83,3,214,16,0,16,230
02/17/2020,BHM,AL,ASO,ES,Combined TRACON& Tower with Radar,88,64,108,1,261,0,2,3,2,7,88,66,111,3,268,8,0,8,276
02/18/2020,BHM,AL,ASO,ES,Combined TRACON& Tower with Radar,94,76,71,8,249,0,0,0,0,0,94,76,71,8,249,0,0,0,249
02/19/2020,BHM,AL,ASO,ES,Combined TRACON& Tower with Radar,94,61,92,29,276,0,1,4,2,7,94,62,96,31,283,0,0,0,283
02/20/2020,BHM,AL,ASO,ES,Combined TRACON& Tower with Radar,92,67,91,8,258,0,0,0,0,0,92,67,91,8,258,0,0,0,258
02/21/2020,BHM,AL,ASO,ES,Combined TRACON& Tower with Radar,95,69,74,28,266,0,0,40,10,50,95,69,114,38,316,0,0,0,316
02/22/2020,BHM,AL,ASO,ES,Combined TRACON& Tower with Radar,59,38,44,1,142,0,2,60,8,70,59,40,104,9,212,0,0,0,212
02/23/2020,BHM,AL,ASO,ES,Combined TRACON& Tower with Radar,90,47,75,13,225,0,2,28,7,37,90,49,103,20,262,0,0,0,262
02/24/2020,BHM,AL,ASO,ES,Combined TRACON& Tower with Radar,88,47,60,17,212,0,0,1,0,1,88,47,61,17,213,0,0,0,213
02/25/2020,BHM,AL,ASO,ES,Combined TRACON& Tower with Radar,94,67,80,36,277,0,1,31,0,32,94,68,111,36,309,0,30,30,339
02/26/2020,BHM,AL,ASO,ES,Combined TRACON& Tower with Radar,96,51,94,11,252,0,4,7,0,11,96,55,101,11,263,0,0,0,263
02/27/2020,BHM,AL,ASO,ES,Combined TRACON& Tower with Radar,93,71,100,17,281,0,1,36,11,48,93,72,136,28,329,0,0,0,329
02/28/2020,BHM,AL,ASO,ES,Combined TRACON& Tower with Radar,95,63,100,59,317,0,2,32,10,44,95,65,132,69,361,0,0,0,361
02/29/2020,BHM,AL,ASO,ES,Combined TRACON& Tower with Radar,61,35,53,15,164,0,1,50,4,55,61,36,103,19,219,0,0,0,219
03/01/2020,BHM,AL,ASO,ES,Combined TRACON& Tower with Radar,92,44,80,7,223,0,2,33,4,39,92,46,113,11,262,5,0,5,267
03/02/2020,BHM,AL,ASO,ES,Combined TRACON& Tower with Radar,91,59,76,3,229,0,0,2,0,2,91,59,78,3,231,0,0,0,231
03/03/2020,BHM,AL,ASO,ES,Combined TRACON& Tower with Radar,87,73,57,2,219,0,0,11,0,11,87,73,68,2,230,20,0,20,250
03/04/2020,BHM,AL,ASO,ES,Combined TRACON& Tower with Radar,95,75,85,1,256,0,0,0,1,1,95,75,85,2,257,0,0,0,257
03/05/2020,BHM,AL,ASO,ES,Combined TRACON& Tower with Radar,92,72,97,3,264,0,0,1,4,5,92,72,98,7,269,0,0,0,269
03/06/2020,BHM,AL,ASO,ES,Combined TRACON& Tower with Radar,93,60,77,2,232,0,7,30,11,48,93,67,107,13,280,0,0,0,280
03/07/2020,BHM,AL,ASO,ES,Combined TRACON& Tower with Radar,60,51,36,4,151,0,3,61,4,68,60,54,97,8,219,6,0,6,225
03/08/2020,BHM,AL,ASO,ES,Combined TRACON& Tower with Radar,99,42,61,9,211,0,1,36,1,38,99,43,97,10,249,0,0,0,249
03/09/2020,BHM,AL,ASO,ES,Combined TRACON& Tower with Radar,90,49,63,5,207,0,0,24,5,29,90,49,87,10,236,0,0,0,236
03/10/2020,BHM,AL,ASO,ES,Combined TRACON& Tower with Radar,88,61,93,14,256,0,1,2,0,3,88,62,95,14,259,0,0,0,259
03/11/2020,BHM,AL,ASO,ES,Combined TRACON& Tower with Radar,95,66,77,12,250,0,0,3,0,3,95,66,80,12,253,0,0,0,253
03/12/2020,BHM,AL,ASO,ES,Combined TRACON& Tower with Radar,94,75,96,33,298,0,2,21,10,33,94,77,117,43,331,0,7,7,338
03/13/2020,BHM,AL,ASO,ES,Combined TRACON& Tower with Radar,95,59,54,12,220,0,1,0,0,1,95,60,54,12,221,0,0,0,221
03/14/2020,BHM,AL,ASO,ES,Combined TRACON& Tower with Radar,69,50,28,7,154,0,2,35,0,37,69,52,63,7,191,0,0,0,191
03/15/2020,BHM,AL,ASO,ES,Combined TRACON& Tower with Radar,101,39,62,8,210,0,0,1,0,1,101,39,63,8,211,0,0,0,211
03/16/2020,BHM,AL,ASO,ES,Combined TRACON& Tower with Radar,102,57,50,17,226,0,2,11,0,13,102,59,61,17,239,9,1,10,249
03/17/2020,BHM,AL,ASO,ES,Combined TRACON& Tower with Radar,95,62,30,32,219,0,1,14,4,19,95,63,44,36,238,26,0,26,264
03/18/2020,BHM,AL,ASO,ES,Combined TRACON& Tower with Radar,102,61,45,25,233,0,1,21,0,22,102,62,66,25,255,0,0,0,255
03/19/2020,BHM,AL,ASO,ES,Combined TRACON& Tower with Radar,84,55,45,8,192,0,1,14,4,19,84,56,59,12,211,0,0,0,211
03/20/2020,BHM,AL,ASO,ES,Combined TRACON& Tower with Radar,73,63,29,21,186,0,1,5,1,7,73,64,34,22,193,0,0,0,193
03/21/2020,BHM,AL,ASO,ES,Combined TRACON& Tower with Radar,61,41,42,0,144,0,3,6,0,9,61,44,48,0,153,0,0,0,153
03/22/2020,BHM,AL,ASO,ES,Combined TRACON& Tower with Radar,70,33,17,0,120,0,2,16,0,18,70,35,33,0,138,12,0,12,150
03/23/2020,BHM,AL,ASO,ES,Combined TRACON& Tower with Radar,52,31,7,0,90,0,0,0,0,0,52,31,7,0,90,0,0,0,90
03/24/2020,BHM,AL,ASO,ES,Combined TRACON& Tower with Radar,52,39,11,32,134,0,0,8,4,12,52,39,19,36,146,6,12,18,164
03/25/2020,BHM,AL,ASO,ES,Combined TRACON& Tower with Radar,49,41,31,23,144,0,0,43,4,47,49,41,74,27,191,30,12,42,233
03/26/2020,BHM,AL,ASO,ES,Combined TRACON& Tower with Radar,53,42,38,1,134,0,2,46,15,63,53,44,84,16,197,4,0,4,201
03/27/2020,BHM,AL,ASO,ES,Combined TRACON& Tower with Radar,45,41,28,8,122,0,1,22,0,23,45,42,50,8,145,0,0,0,145
03/28/2020,BHM,AL,ASO,ES,Combined TRACON& Tower with Radar,32,26,14,0,72,0,2,14,1,17,32,28,28,1,89,0,0,0,89
03/29/2020,BHM,AL,ASO,ES,Combined TRACON& Tower with Radar,46,17,18,6,87,0,5,12,5,22,46,22,30,11,109,12,0,12,121
03/30/2020,BHM,AL,ASO,ES,Combined TRACON& Tower with Radar,40,16,24,0,80,0,0,24,1,25,40,16,48,1,105,8,0,8,113
03/31/2020,BHM,AL,ASO,ES,Combined TRACON& Tower with Radar,37,25,8,14,84,0,0,3,3,6,37,25,11,17,90,0,0,0,90
04/01/2020,BHM,AL,ASO,ES,Combined TRACON& Tower with Radar,44,27,31,8,110,0,2,36,4,42,44,29,67,12,152,2,0,2,154
04/02/2020,BHM,AL,ASO,ES,Combined TRACON& Tower with Radar,49,23,27,7,106,0,3,45,6,54,49,26,72,13,160,0,0,0,160
04/03/2020,BHM,AL,ASO,ES,Combined TRACON& Tower with Radar,43,22,31,14,110,0,2,41,5,48,43,24,72,19,158,20,12,32,190
04/04/2020,BHM,AL,ASO,ES,Combined TRACON& Tower with Radar,38,17,12,12,79,0,4,32,5,41,38,21,44,17,120,8,0,8,128
04/05/2020,BHM,AL,ASO,ES,Combined TRACON& Tower with Radar,42,5,12,0,59,0,4,29,0,33,42,9,41,0,92,4,0,4,96
04/06/2020,BHM,AL,ASO,ES,Combined TRACON& Tower with Radar,38,13,30,12,93,0,0,25,0,25,38,13,55,12,118,16,0,16,134
04/07/2020,BHM,AL,ASO,ES,Combined TRACON& Tower with Radar,41,26,19,13,99,0,1,11,2,14,41,27,30,15,113,0,0,0,113
04/08/2020,BHM,AL,ASO,ES,Combined TRACON& Tower with Radar,45,19,28,10,102,0,0,14,0,14,45,19,42,10,116,0,0,0,116
04/09/2020,BHM,AL,ASO,ES,Combined TRACON& Tower with Radar,38,22,22,10,92,0,1,30,8,39,38,23,52,18,131,26,0,26,157
04/10/2020,BHM,AL,ASO,ES,Combined TRACON& Tower with Radar,43,22,25,15,105,0,1,53,0,54,43,23,78,15,159,14,0,14,173
04/11/2020,BHM,AL,ASO,ES,Combined TRACON& Tower with Radar,34,16,28,24,102,0,0,36,3,39,34,16,64,27,141,14,0,14,155
04/12/2020,BHM,AL,ASO,ES,Combined TRACON& Tower with Radar,31,5,2,1,39,0,0,0,0,0,31,5,2,1,39,0,0,0,39
04/13/2020,BHM,AL,ASO,ES,Combined TRACON& Tower with Radar,32,15,30,35,112,0,1,7,2,10,32,16,37,37,122,31,0,31,153
04/14/2020,BHM,AL,ASO,ES,Combined TRACON& Tower with Radar,30,22,19,16,87,0,0,21,0,21,30,22,40,16,108,0,8,8,116
04/15/2020,BHM,AL,ASO,ES,Combined TRACON& Tower with Radar,34,25,28,18,105,0,2,30,2,34,34,27,58,20,139,52,0,52,191
04/16/2020,BHM,AL,ASO,ES,Combined TRACON& Tower with Radar,34,20,34,39,127,0,2,38,8,48,34,22,72,47,175,20,20,40,215
04/17/2020,BHM,AL,ASO,ES,Combined TRACON& Tower with Radar,29,18,27,22,96,0,3,38,3,44,29,21,65,25,140,0,0,0,140
04/18/2020,BHM,AL,ASO,ES,Combined TRACON& Tower with Radar,29,11,18,8,66,0,3,27,0,30,29,14,45,8,96,36,0,36,132
04/19/2020,BHM,AL,ASO,ES,Combined TRACON& Tower with Radar,29,6,5,0,40,0,0,1,1,2,29,6,6,1,42,0,0,0,42
04/20/2020,BHM,AL,ASO,ES,Combined TRACON& Tower with Radar,28,10,30,14,82,0,3,33,2,38,28,13,63,16,120,12,0,12,132
04/21/2020,BHM,AL,ASO,ES,Combined TRACON& Tower with Radar,31,24,29,32,116,0,1,39,0,40,31,25,68,32,156,16,0,16,172
04/22/2020,BHM,AL,ASO,ES,Combined TRACON& Tower with Radar,30,21,47,14,112,0,3,26,4,33,30,24,73,18,145,22,0,22,167
04/23/2020,BHM,AL,ASO,ES,Combined TRACON& Tower with Radar,32,19,10,10,71,0,0,1,0,1,32,19,11,10,72,0,0,0,72
04/24/2020,BHM,AL,ASO,ES,Combined TRACON& Tower with Radar,31,20,49,10,110,0,4,21,1,26,31,24,70,11,136,8,4,12,148
04/25/2020,BHM,AL,ASO,ES,Combined TRACON& Tower with Radar,27,17,9,6,59,0,1,11,2,14,27,18,20,8,73,39,0,39,112
04/26/2020,BHM,AL,ASO,ES,Combined TRACON& Tower with Radar,28,11,24,0,63,0,2,23,0,25,28,13,47,0,88,14,0,14,102
04/27/2020,BHM,AL,ASO,ES,Combined TRACON& Tower with Radar,26,13,45,20,104,0,0,32,1,33,26,13,77,21,137,52,0,52,189
04/28/2020,BHM,AL,ASO,ES,Combined TRACON& Tower with Radar,36,18,50,21,125,0,1,37,7,45,36,19,87,28,170,16,2,18,188
04/29/2020,BHM,AL,ASO,ES,Combined TRACON& Tower with Radar,32,19,30,2,83,0,0,8,0,8,32,19,38,2,91,0,0,0,91
04/30/2020,BHM,AL,ASO,ES,Combined TRACON& Tower with Radar,31,18,53,31,133,0,3,40,9,52,31,21,93,40,185,6,10,16,201
05/01/2020,BHM,AL,ASO,ES,Combined TRACON& Tower with Radar,38,15,41,11,105,0,1,43,4,48,38,16,84,15,153,79,14,93,246
05/02/2020,BHM,AL,ASO,ES,Combined TRACON& Tower with Radar,22,13,14,7,56,0,4,33,1,38,22,17,47,8,94,38,2,40,134
05/03/2020,BHM,AL,ASO,ES,Combined TRACON& Tower with Radar,24,5,33,10,72,0,1,44,0,45,24,6,77,10,117,12,10,22,139
05/04/2020,BHM,AL,ASO,ES,Combined TRACON& Tower with Radar,31,13,35,30,109,0,1,54,3,58,31,14,89,33,167,32,10,42,209
05/05/2020,BHM,AL,ASO,ES,Combined TRACON& Tower with Radar,34,22,40,58,154,0,1,13,9,23,34,23,53,67,177,64,0,64,241
05/06/2020,BHM,AL,ASO,ES,Combined TRACON& Tower with Radar,34,15,35,12,96,0,2,16,6,24,34,17,51,18,120,18,0,18,138
05/07/2020,BHM,AL,ASO,ES,Combined TRACON& Tower with Radar,28,26,51,11,116,0,0,40,7,47,28,26,91,18,163,32,0,32,195
05/08/2020,BHM,AL,ASO,ES,Combined TRACON& Tower with Radar,31,22,37,13,103,0,0,1,2,3,31,22,38,15,106,0,0,0,106
05/09/2020,BHM,AL,ASO,ES,Combined TRACON& Tower with Radar,29,17,26,5,77,0,2,44,1,47,29,19,70,6,124,28,4,32,156
05/10/2020,BHM,AL,ASO,ES,Combined TRACON& Tower with Radar,26,5,23,0,54,0,0,32,0,32,26,5,55,0,86,12,0,12,98
05/11/2020,BHM,AL,ASO,ES,Combined TRACON& Tower with Radar,28,19,36,7,90,0,0,54,2,56,28,19,90,9,146,0,0,0,146
05/12/2020,BHM,AL,ASO,ES,Combined TRACON& Tower with Radar,32,23,58,27,140,0,3,42,3,48,32,26,100,30,188,0,0,0,188
05/13/2020,BHM,AL,ASO,ES,Combined TRACON& Tower with Radar,28,30,48,20,126,0,2,47,13,62,28,32,95,33,188,0,0,0,188
05/14/2020,BHM,AL,ASO,ES,Combined TRACON& Tower with Radar,30,27,47,15,119,0,1,57,14,72,30,28,104,29,191,10,24,34,225
05/15/2020,BHM,AL,ASO,ES,Combined TRACON& Tower with Radar,31,24,58,34,147,0,2,31,6,39,31,26,89,40,186,0,18,18,204
05/16/2020,BHM,AL,ASO,ES,Combined TRACON& Tower with Radar,29,18,30,10,87,0,5,27,1,33,29,23,57,11,120,0,0,0,120
05/17/2020,BHM,AL,ASO,ES,Combined TRACON& Tower with Radar,26,18,31,10,85,0,0,20,0,20,26,18,51,10,105,18,10,28,133
05/18/2020,BHM,AL,ASO,ES,Combined TRACON& Tower with Radar,26,14,30,6,76,0,0,10,0,10,26,14,40,6,86,4,0,4,90
05/19/2020,BHM,AL,ASO,ES,Combined TRACON& Tower with Radar,30,26,49,24,129,0,0,54,1,55,30,26,103,25,184,10,10,20,204
05/20/2020,BHM,AL,ASO,ES,Combined TRACON& Tower with Radar,30,22,63,48,163,0,1,35,2,38,30,23,98,50,201,8,10,18,219
05/21/2020,BHM,AL,ASO,ES,Combined TRACON& Tower with Radar,30,34,95,13,172,0,2,30,1,33,30,36,125,14,205,5,18,23,228
05/22/2020,BHM,AL,ASO,ES,Combined TRACON& Tower with Radar,33,25,83,0,141,0,0,15,0,15,33,25,98,0,156,4,0,4,160
05/23/2020,BHM,AL,ASO,ES,Combined TRACON& Tower with Radar,28,22,38,0,88,0,2,21,0,23,28,24,59,0,111,8,0,8,119
05/24/2020,BHM,AL,ASO,ES,Combined TRACON& Tower with Radar,29,16,21,0,66,0,4,16,0,20,29,20,37,0,86,0,0,0,86
05/25/2020,BHM,AL,ASO,ES,Combined TRACON& Tower with Radar,27,18,40,2,87,0,1,40,0,41,27,19,80,2,128,0,0,0,128
05/26/2020,BHM,AL,ASO,ES,Combined TRACON& Tower with Radar,30,19,86,1,136,0,0,0,0,0,30,19,86,1,136,0,0,0,136
05/27/2020,BHM,AL,ASO,ES,Combined TRACON& Tower with Radar,30,30,53,33,146,0,0,1,2,3,30,30,54,35,149,0,0,0,149
05/28/2020,BHM,AL,ASO,ES,Combined TRACON& Tower with Radar,30,29,71,2,132,0,4,23,6,33,30,33,94,8,165,26,0,26,191
05/29/2020,BHM,AL,ASO,ES,Combined TRACON& Tower with Radar,31,26,47,33,137,0,2,34,0,36,31,28,81,33,173,26,8,34,207
05/30/2020,BHM,AL,ASO,ES,Combined TRACON& Tower with Radar,29,13,39,0,81,0,6,37,3,46,29,19,76,3,127,0,0,0,127
05/31/2020,BHM,AL,ASO,ES,Combined TRACON& Tower with Radar,28,8,33,6,75,0,3,43,0,46,28,11,76,6,121,0,0,0,121
06/01/2020,BHM,AL,ASO,ES,Combined TRACON& Tower with Radar,30,25,52,0,107,0,1,32,0,33,30,26,84,0,140,40,0,40,180
06/02/2020,BHM,AL,ASO,ES,Combined TRACON& Tower with Radar,33,28,62,4,127,0,4,48,1,53,33,32,110,5,180,6,0,6,186
06/03/2020,BHM,AL,ASO,ES,Combined TRACON& Tower with Radar,35,26,62,18,141,0,3,29,3,35,35,29,91,21,176,16,4,20,196
06/04/2020,BHM,AL,ASO,ES,Combined TRACON& Tower with Radar,32,40,36,29,137,0,1,19,0,20,32,41,55,29,157,58,0,58,215
06/05/2020,BHM,AL,ASO,ES,Combined TRACON& Tower with Radar,35,39,47,0,121,0,0,18,0,18,35,39,65,0,139,0,0,0,139
06/06/2020,BHM,AL,ASO,ES,Combined TRACON& Tower with Radar,30,26,36,0,92,0,4,41,6,51,30,30,77,6,143,6,0,6,149
06/07/2020,BHM,AL,ASO,ES,Combined TRACON& Tower with Radar,29,23,17,0,69,0,2,39,5,46,29,25,56,5,115,24,0,24,139
06/08/2020,BHM,AL,ASO,ES,Combined TRACON& Tower with Radar,33,25,23,4,85,0,0,1,0,1,33,25,24,4,86,0,0,0,86
06/09/2020,BHM,AL,ASO,ES,Combined TRACON& Tower with Radar,36,36,76,41,189,0,0,4,1,5,36,36,80,42,194,34,0,34,228
06/10/2020,BHM,AL,ASO,ES,Combined TRACON& Tower with Radar,35,36,71,27,169,0,1,18,0,19,35,37,89,27,188,6,4,10,198
06/11/2020,BHM,AL,ASO,ES,Combined TRACON& Tower with Radar,36,35,84,4,159,0,3,59,7,69,36,38,143,11,228,34,0,34,262
06/12/2020,BHM,AL,ASO,ES,Combined TRACON& Tower with Radar,37,29,74,16,156,0,1,49,2,52,37,30,123,18,208,53,4,57,265
06/13/2020,BHM,AL,ASO,ES,Combined TRACON& Tower with Radar,33,18,30,4,85,0,4,48,5,57,33,22,78,9,142,52,0,52,194
06/14/2020,BHM,AL,ASO,ES,Combined TRACON& Tower with Radar,34,19,46,2,101,0,1,57,9,67,34,20,103,11,168,34,0,34,202
06/15/2020,BHM,AL,ASO,ES,Combined TRACON& Tower with Radar,32,23,52,13,120,0,2,48,3,53,32,25,100,16,173,16,0,16,189
06/16/2020,BHM,AL,ASO,ES,Combined TRACON& Tower with Radar,36,33,63,10,142,0,4,37,10,51,36,37,100,20,193,23,4,27,220
06/17/2020,BHM,AL,ASO,ES,Combined TRACON& Tower with Radar,36,33,80,23,172,0,1,38,4,43,36,34,118,27,215,18,2,20,235
06/18/2020,BHM,AL,ASO,ES,Combined TRACON& Tower with Radar,36,38,88,13,175,0,6,45,5,56,36,44,133,18,231,19,0,19,250
06/19/2020,BHM,AL,ASO,ES,Combined TRACON& Tower with Radar,38,37,62,23,160,0,3,58,7,68,38,40,120,30,228,20,16,36,264
06/20/2020,BHM,AL,ASO,ES,Combined TRACON& Tower with Radar,33,25,42,0,100,0,7,41,0,48,33,32,83,0,148,6,0,6,154
06/21/2020,BHM,AL,ASO,ES,Combined TRACON& Tower with Radar,32,23,39,4,98,0,4,27,0,31,32,27,66,4,129,0,0,0,129
06/22/2020,BHM,AL,ASO,ES,Combined TRACON& Tower with Radar,39,38,67,6,150,0,0,19,0,19,39,38,86,6,169,22,0,22,191
06/23/2020,BHM,AL,ASO,ES,Combined TRACON& Tower with Radar,38,35,59,7,139,0,0,1,0,1,38,35,60,7,140,0,0,0,140
06/24/2020,BHM,AL,ASO,ES,Combined TRACON& Tower with Radar,38,33,68,12,151,0,0,2,0,2,38,33,70,12,153,0,0,0,153
06/25/2020,BHM,AL,ASO,ES,Combined TRACON& Tower with Radar,38,41,81,2,162,0,0,3,1,4,38,41,84,3,166,0,0,0,166
06/26/2020,BHM,AL,ASO,ES,Combined TRACON& Tower with Radar,39,44,50,7,140,0,0,19,1,20,39,44,69,8,160,34,0,34,194
06/27/2020,BHM,AL,ASO,ES,Combined TRACON& Tower with Radar,35,28,24,2,89,0,1,16,0,17,35,29,40,2,106,0,0,0,106
06/28/2020,BHM,AL,ASO,ES,Combined TRACON& Tower with Radar,30,16,52,2,100,0,3,20,0,23,30,19,72,2,123,14,0,14,137
06/29/2020,BHM,AL,ASO,ES,Combined TRACON& Tower with Radar,36,30,55,8,129,0,1,26,1,28,36,31,81,9,157,0,0,0,157
06/30/2020,BHM,AL,ASO,ES,Combined TRACON& Tower with Radar,38,44,46,11,139,0,6,26,1,33,38,50,72,12,172,28,0,28,200
07/01/2020,BHM,AL,ASO,ES,Combined TRACON& Tower with Radar,36,34,64,8,142,0,1,6,0,7,36,35,70,8,149,0,0,0,149
07/02/2020,BHM,AL,ASO,ES,Combined TRACON& Tower with Radar,53,37,60,21,171,0,1,31,4,36,53,38,91,25,207,0,0,0,207
07/03/2020,BHM,AL,ASO,ES,Combined TRACON& Tower with Radar,42,33,40,0,115,0,0,21,0,21,42,33,61,0,136,0,0,0,136
07/04/2020,BHM,AL,ASO,ES,Combined TRACON& Tower with Radar,31,15,12,0,58,0,2,18,0,20,31,17,30,0,78,0,0,0,78
07/05/2020,BHM,AL,ASO,ES,Combined TRACON& Tower with Radar,38,24,52,0,114,0,0,16,0,16,38,24,68,0,130,0,0,0,130
07/06/2020,BHM,AL,ASO,ES,Combined TRACON& Tower with Radar,44,27,51,0,122,0,1,11,0,12,44,28,62,0,134,14,0,14,148
07/07/2020,BHM,AL,ASO,ES,Combined TRACON& Tower with Radar,53,29,50,7,139,0,1,2,4,7,53,30,52,11,146,0,0,0,146
07/08/2020,BHM,AL,ASO,ES,Combined TRACON& Tower with Radar,61,35,77,16,189,0,2,9,5,16,61,37,86,21,205,52,0,52,257
07/09/2020,BHM,AL,ASO,ES,Combined TRACON& Tower with Radar,80,41,60,6,187,0,0,12,11,23,80,41,72,17,210,28,0,28,238
07/10/2020,BHM,AL,ASO,ES,Combined TRACON& Tower with Radar,64,28,72,15,179,0,2,39,3,44,64,30,111,18,223,0,0,0,223
07/11/2020,BHM,AL,ASO,ES,Combined TRACON& Tower with Radar,57,20,26,2,105,0,2,54,0,56,57,22,80,2,161,34,0,34,195
07/12/2020,BHM,AL,ASO,ES,Combined TRACON& Tower with Radar,56,10,42,0,108,0,0,14,0,14,56,10,56,0,122,18,0,18,140
07/13/2020,BHM,AL,ASO,ES,Combined TRACON& Tower with Radar,59,22,58,10,149,0,0,20,0,20,59,22,78,10,169,20,0,20,189
07/14/2020,BHM,AL,ASO,ES,Combined TRACON& Tower with Radar,59,41,53,16,169,0,2,32,5,39,59,43,85,21,208,32,0,32,240
07/15/2020,BHM,AL,ASO,ES,Combined TRACON& Tower with Radar,60,34,65,29,188,0,1,28,3,32,60,35,93,32,220,52,2,54,274
07/16/2020,BHM,AL,ASO,ES,Combined TRACON& Tower with Radar,62,43,61,20,186,0,3,25,9,37,62,46,86,29,223,26,0,26,249
07/17/2020,BHM,AL,ASO,ES,Combined TRACON& Tower with Radar,63,32,64,40,199,0,1,37,2,40,63,33,101,42,239,0,18,18,257
07/18/2020,BHM,AL,ASO,ES,Combined TRACON& Tower with Radar,56,21,38,3,118,0,1,15,3,19,56,22,53,6,137,0,0,0,137
07/19/2020,BHM,AL,ASO,ES,Combined TRACON& Tower with Radar,60,13,31,7,111,0,0,19,1,20,60,13,50,8,131,0,0,0,131
07/20/2020,BHM,AL,ASO,ES,Combined TRACON& Tower with Radar,58,18,52,17,145,0,1,26,0,27,58,19,78,17,172,16,0,16,188
07/21/2020,BHM,AL,ASO,ES,Combined TRACON& Tower with Radar,57,34,63,28,182,0,2,21,0,23,57,36,84,28,205,0,0,0,205
07/22/2020,BHM,AL,ASO,ES,Combined TRACON& Tower with Radar,59,32,81,9,181,0,1,28,6,35,59,33,109,15,216,6,0,6,222
07/23/2020,BHM,AL,ASO,ES,Combined TRACON& Tower with Radar,62,35,87,23,207,0,2,37,7,46,62,37,124,30,253,6,0,6,259
07/24/2020,BHM,AL,ASO,ES,Combined TRACON& Tower with Radar,65,37,65,68,235,0,1,28,3,32,65,38,93,71,267,59,22,81,348
07/25/2020,BHM,AL,ASO,ES,Combined TRACON& Tower with Radar,54,25,30,12,121,0,0,35,5,40,54,25,65,17,161,0,0,0,161
07/26/2020,BHM,AL,ASO,ES,Combined TRACON& Tower with Radar,60,22,33,4,119,0,1,27,9,37,60,23,60,13,156,14,0,14,170
07/27/2020,BHM,AL,ASO,ES,Combined TRACON& Tower with Radar,58,22,58,4,142,0,0,27,7,34,58,22,85,11,176,10,0,10,186
07/28/2020,BHM,AL,ASO,ES,Combined TRACON& Tower with Radar,58,32,71,21,182,0,1,29,9,39,58,33,100,30,221,22,22,44,265
07/29/2020,BHM,AL,ASO,ES,Combined TRACON& Tower with Radar,56,39,93,20,208,0,0,12,0,12,56,39,105,20,220,0,0,0,220
07/30/2020,BHM,AL,ASO,ES,Combined TRACON& Tower with Radar,59,36,74,11,180,0,0,28,4,32,59,36,102,15,212,10,0,10,222
07/31/2020,BHM,AL,ASO,ES,Combined TRACON& Tower with Radar,60,43,64,3,170,0,3,18,2,23,60,46,82,5,193,0,0,0,193
08/01/2020,BHM,AL,ASO,ES,Combined TRACON& Tower with Radar,54,30,49,18,151,0,1,20,0,21,54,31,69,18,172,12,0,12,184
08/02/2020,BHM,AL,ASO,ES,Combined TRACON& Tower with Radar,54,21,45,4,124,0,0,29,0,29,54,21,74,4,153,0,0,0,153
08/03/2020,BHM,AL,ASO,ES,Combined TRACON& Tower with Radar,66,29,40,3,138,0,0,29,1,30,66,29,69,4,168,0,0,0,168
08/04/2020,BHM,AL,ASO,ES,Combined TRACON& Tower with Radar,54,30,52,18,154,0,1,38,3,42,54,31,90,21,196,34,0,34,230
08/05/2020,BHM,AL,ASO,ES,Combined TRACON& Tower with Radar,54,35,71,34,194,0,2,34,7,43,54,37,105,41,237,24,0,24,261
08/06/2020,BHM,AL,ASO,ES,Combined TRACON& Tower with Radar,62,39,58,6,165,0,5,39,6,50,62,44,97,12,215,42,0,42,257
08/07/2020,BHM,AL,ASO,ES,Combined TRACON& Tower with Radar,64,33,64,32,193,0,6,40,7,53,64,39,104,39,246,41,20,61,307
08/08/2020,BHM,AL,ASO,ES,Combined TRACON& Tower with Radar,56,30,51,0,137,0,2,46,13,61,56,32,97,13,198,0,0,0,198
08/09/2020,BHM,AL,ASO,ES,Combined TRACON& Tower with Radar,54,22,35,2,113,0,1,36,0,37,54,23,71,2,150,12,0,12,162
08/10/2020,BHM,AL,ASO,ES,Combined TRACON& Tower with Radar,69,33,60,6,168,0,1,16,2,19,69,34,76,8,187,5,0,5,192
08/11/2020,BHM,AL,ASO,ES,Combined TRACON& Tower with Radar,55,30,58,21,164,0,1,38,3,42,55,31,96,24,206,20,2,22,228
08/12/2020,BHM,AL,ASO,ES,Combined TRACON& Tower with Radar,57,32,54,6,149,0,1,22,1,24,57,33,76,7,173,0,0,0,173
08/13/2020,BHM,AL,ASO,ES,Combined TRACON& Tower with Radar,66,29,64,20,179,0,3,27,6,36,66,32,91,26,215,58,0,58,273
08/14/2020,BHM,AL,ASO,ES,Combined TRACON& Tower with Radar,67,34,68,24,193,0,3,20,2,25,67,37,88,26,218,0,0,0,218
08/15/2020,BHM,AL,ASO,ES,Combined TRACON& Tower with Radar,59,27,39,16,141,0,1,17,2,20,59,28,56,18,161,0,0,0,161
08/16/2020,BHM,AL,ASO,ES,Combined TRACON& Tower with Radar,56,20,47,9,132,0,0,27,1,28,56,20,74,10,160,0,0,0,160
08/17/2020,BHM,AL,ASO,ES,Combined TRACON& Tower with Radar,64,31,67,12,174,0,4,40,0,44,64,35,107,12,218,0,0,0,218
08/18/2020,BHM,AL,ASO,ES,Combined TRACON& Tower with Radar,56,38,57,32,183,0,4,52,3,59,56,42,109,35,242,22,6,28,270
08/19/2020,BHM,AL,ASO,ES,Combined TRACON& Tower with Radar,57,27,63,19,166,0,1,30,0,31,57,28,93,19,197,0,0,0,197
08/20/2020,BHM,AL,ASO,ES,Combined TRACON& Tower with Radar,66,34,65,20,185,0,2,18,3,23,66,36,83,23,208,10,0,10,218
08/21/2020,BHM,AL,ASO,ES,Combined TRACON& Tower with Radar,65,26,43,26,160,0,2,16,0,18,65,28,59,26,178,20,0,20,198
08/22/2020,BHM,AL,ASO,ES,Combined TRACON& Tower with Radar,59,26,32,0,117,0,2,18,0,20,59,28,50,0,137,2,0,2,139
08/23/2020,BHM,AL,ASO,ES,Combined TRACON& Tower with Radar,60,19,63,0,142,0,3,18,0,21,60,22,81,0,163,0,0,0,163
08/24/2020,BHM,AL,ASO,ES,Combined TRACON& Tower with Radar,64,19,48,21,152,0,0,13,2,15,64,19,61,23,167,0,0,0,167
08/25/2020,BHM,AL,ASO,ES,Combined TRACON& Tower with Radar,58,30,54,17,159,0,0,0,0,0,58,30,54,17,159,0,0,0,159
08/26/2020,BHM,AL,ASO,ES,Combined TRACON& Tower with Radar,52,29,77,41,199,0,1,10,6,17,52,30,87,47,216,0,0,0,216
08/27/2020,BHM,AL,ASO,ES,Combined TRACON& Tower with Radar,62,47,59,15,183,0,0,31,5,36,62,47,90,20,219,37,0,37,256
08/28/2020,BHM,AL,ASO,ES,Combined TRACON& Tower with Radar,70,27,52,12,161,0,1,0,0,1,70,28,52,12,162,0,0,0,162
08/29/2020,BHM,AL,ASO,ES,Combined TRACON& Tower with Radar,60,26,38,0,124,0,0,1,1,2,60,26,39,1,126,0,0,0,126
08/30/2020,BHM,AL,ASO,ES,Combined TRACON& Tower with Radar,72,21,39,0,132,0,2,11,2,15,72,23,50,2,147,0,0,0,147
08/31/2020,BHM,AL,ASO,ES,Combined TRACON& Tower with Radar,64,23,45,9,141,0,0,12,0,12,64,23,57,9,153,33,0,33,186
09/01/2020,BHM,AL,ASO,ES,Combined TRACON& Tower with Radar,57,32,66,33,188,0,3,22,7,32,57,35,88,40,220,68,0,68,288
09/02/2020,BHM,AL,ASO,ES,Combined TRACON& Tower with Radar,56,40,89,12,197,0,1,20,7,28,56,41,109,19,225,28,0,28,253
09/03/2020,BHM,AL,ASO,ES,Combined TRACON& Tower with Radar,65,41,75,38,219,0,4,29,2,35,65,45,104,40,254,14,4,18,272
09/04/2020,BHM,AL,ASO,ES,Combined TRACON& Tower with Radar,63,53,80,5,201,0,2,37,0,39,63,55,117,5,240,12,0,12,252
09/05/2020,BHM,AL,ASO,ES,Combined TRACON& Tower with Radar,53,29,29,5,116,0,3,58,1,62,53,32,87,6,178,0,0,0,178
09/06/2020,BHM,AL,ASO,ES,Combined TRACON& Tower with Radar,40,16,21,0,77,0,5,34,1,40,40,21,55,1,117,0,0,0,117
09/07/2020,BHM,AL,ASO,ES,Combined TRACON& Tower with Radar,48,29,78,0,155,0,3,40,3,46,48,32,118,3,201,0,0,0,201
09/08/2020,BHM,AL,ASO,ES,Combined TRACON& Tower with Radar,44,40,77,41,202,0,5,38,2,45,44,45,115,43,247,28,10,38,285
09/09/2020,BHM,AL,ASO,ES,Combined TRACON& Tower with Radar,46,35,74,17,172,0,5,46,4,55,46,40,120,21,227,0,0,0,227
09/10/2020,BHM,AL,ASO,ES,Combined TRACON& Tower with Radar,49,52,82,27,210,0,4,22,6,32,49,56,104,33,242,50,0,50,292
09/11/2020,BHM,AL,ASO,ES,Combined TRACON& Tower with Radar,53,50,70,39,212,0,1,37,0,38,53,51,107,39,250,24,0,24,274
09/12/2020,BHM,AL,ASO,ES,Combined TRACON& Tower with Radar,49,26,34,0,109,0,5,14,1,20,49,31,48,1,129,0,0,0,129
09/13/2020,BHM,AL,ASO,ES,Combined TRACON& Tower with Radar,46,27,62,0,135,0,1,40,1,42,46,28,102,1,177,0,0,0,177
09/14/2020,BHM,AL,ASO,ES,Combined TRACON& Tower with Radar,49,29,38,37,153,0,2,27,1,30,49,31,65,38,183,40,0,40,223
09/15/2020,BHM,AL,ASO,ES,Combined TRACON& Tower with Radar,40,42,55,48,185,0,1,6,4,11,40,43,61,52,196,10,0,10,206
09/16/2020,BHM,AL,ASO,ES,Combined TRACON& Tower with Radar,44,37,27,2,110,0,0,0,0,0,44,37,27,2,110,0,0,0,110
09/17/2020,BHM,AL,ASO,ES,Combined TRACON& Tower with Radar,50,49,39,10,148,0,1,8,2,11,50,50,47,12,159,0,0,0,159
09/18/2020,BHM,AL,ASO,ES,Combined TRACON& Tower with Radar,51,39,51,45,186,0,1,36,3,40,51,40,87,48,226,0,0,0,226
09/19/2020,BHM,AL,ASO,ES,Combined TRACON& Tower with Radar,48,27,49,2,126,0,2,24,2,28,48,29,73,4,154,8,0,8,162
09/20/2020,BHM,AL,ASO,ES,Combined TRACON& Tower with Radar,45,27,44,2,118,0,0,37,0,37,45,27,81,2,155,16,0,16,171
09/21/2020,BHM,AL,ASO,ES,Combined TRACON& Tower with Radar,52,36,80,22,190,0,2,35,2,39,52,38,115,24,229,0,10,10,239
09/22/2020,BHM,AL,ASO,ES,Combined TRACON& Tower with Radar,41,49,70,20,180,0,6,37,7,50,41,55,107,27,230,38,0,38,268
09/23/2020,BHM,AL,ASO,ES,Combined TRACON& Tower with Radar,45,42,82,29,198,0,5,38,7,50,45,47,120,36,248,22,18,40,288
09/24/2020,BHM,AL,ASO,ES,Combined TRACON& Tower with Radar,50,56,54,5,165,0,0,0,0,0,50,56,54,5,165,0,0,0,165
09/25/2020,BHM,AL,ASO,ES,Combined TRACON& Tower with Radar,54,44,89,22,209,0,1,10,8,19,54,45,99,30,228,8,0,8,236
09/26/2020,BHM,AL,ASO,ES,Combined TRACON& Tower with Radar,49,30,59,4,142,0,0,20,6,26,49,30,79,10,168,0,0,0,168
09/27/2020,BHM,AL,ASO,ES,Combined TRACON& Tower with Radar,48,30,52,9,139,0,0,34,3,37,48,30,86,12,176,28,0,28,204
09/28/2020,BHM,AL,ASO,ES,Combined TRACON& Tower with Radar,47,34,86,5,172,0,0,5,0,5,47,34,91,5,177,0,0,0,177
09/29/2020,BHM,AL,ASO,ES,Combined TRACON& Tower with Radar,41,57,74,14,186,0,2,26,8,36,41,59,100,22,222,28,0,28,250
09/30/2020,BHM,AL,ASO,ES,Combined TRACON& Tower with Radar,45,38,80,14,177,0,2,47,4,53,45,40,127,18,230,0,0,0,230
10/01/2020,BHM,AL,ASO,ES,Combined TRACON& Tower with Radar,53,45,79,24,201,0,3,51,5,59,53,48,130,29,260,12,0,12,272
10/02/2020,BHM,AL,ASO,ES,Combined TRACON& Tower with Radar,59,35,67,18,179,0,4,45,9,58,59,39,112,27,237,4,0,4,241
10/03/2020,BHM,AL,ASO,ES,Combined TRACON& Tower with Radar,58,26,33,2,119,0,3,44,2,49,58,29,77,4,168,8,0,8,176
10/04/2020,BHM,AL,ASO,ES,Combined TRACON& Tower with Radar,50,20,60,2,132,0,4,37,3,44,50,24,97,5,176,0,0,0,176
10/05/2020,BHM,AL,ASO,ES,Combined TRACON& Tower with Radar,54,33,64,11,162,0,5,68,4,77,54,38,132,15,239,0,0,0,239
10/06/2020,BHM,AL,ASO,ES,Combined TRACON& Tower with Radar,47,38,81,30,196,0,1,47,6,54,47,39,128,36,250,38,38,76,326
10/07/2020,BHM,AL,ASO,ES,Combined TRACON& Tower with Radar,50,31,87,31,199,0,8,49,9,66,50,39,136,40,265,0,0,0,265
10/08/2020,BHM,AL,ASO,ES,Combined TRACON& Tower with Radar,63,43,76,26,208,0,4,53,2,59,63,47,129,28,267,8,0,8,275
10/09/2020,BHM,AL,ASO,ES,Combined TRACON& Tower with Radar,66,39,54,0,159,0,1,9,0,10,66,40,63,0,169,0,0,0,169
10/10/2020,BHM,AL,ASO,ES,Combined TRACON& Tower with Radar,66,30,19,0,115,0,0,0,0,0,66,30,19,0,115,0,0,0,115
10/11/2020,BHM,AL,ASO,ES,Combined TRACON& Tower with Radar,62,26,43,0,131,0,0,0,0,0,62,26,43,0,131,0,0,0,131
10/12/2020,BHM,AL,ASO,ES,Combined TRACON& Tower with Radar,63,38,76,0,177,0,0,28,0,28,63,38,104,0,205,36,0,36,241
10/13/2020,BHM,AL,ASO,ES,Combined TRACON& Tower with Radar,53,55,99,34,241,0,12,51,2,65,53,67,150,36,306,0,12,12,318
10/14/2020,BHM,AL,ASO,ES,Combined TRACON& Tower with Radar,55,48,89,15,207,0,3,57,1,61,55,51,146,16,268,52,10,62,330
10/15/2020,BHM,AL,ASO,ES,Combined TRACON& Tower with Radar,63,44,76,55,238,0,7,46,4,57,63,51,122,59,295,30,15,45,340
10/16/2020,BHM,AL,ASO,ES,Combined TRACON& Tower with Radar,67,45,85,20,217,0,2,31,9,42,67,47,116,29,259,12,0,12,271
10/17/2020,BHM,AL,ASO,ES,Combined TRACON& Tower with Radar,58,32,48,11,149,0,2,39,4,45,58,34,87,15,194,0,0,0,194
10/18/2020,BHM,AL,ASO,ES,Combined TRACON& Tower with Radar,63,30,55,9,157,0,8,40,4,52,63,38,95,13,209,0,0,0,209
10/19/2020,BHM,AL,ASO,ES,Combined TRACON& Tower with Radar,59,31,76,32,198,0,2,48,1,51,59,33,124,33,249,0,0,0,249
10/20/2020,BHM,AL,ASO,ES,Combined TRACON& Tower with Radar,51,35,73,51,210,0,4,41,3,48,51,39,114,54,258,6,0,6,264
10/21/2020,BHM,AL,ASO,ES,Combined TRACON& Tower with Radar,51,35,96,45,227,0,2,40,3,45,51,37,136,48,272,34,6,40,312
10/22/2020,BHM,AL,ASO,ES,Combined TRACON& Tower with Radar,61,41,104,42,248,0,3,42,14,59,61,44,146,56,307,12,0,12,319
10/23/2020,BHM,AL,ASO,ES,Combined TRACON& Tower with Radar,63,38,75,40,216,0,3,26,4,33,63,41,101,44,249,4,0,4,253
10/24/2020,BHM,AL,ASO,ES,Combined TRACON& Tower with Radar,48,22,37,0,107,0,1,0,0,1,48,23,37,0,108,0,0,0,108
10/25/2020,BHM,AL,ASO,ES,Combined TRACON& Tower with Radar,52,31,79,9,171,0,1,15,0,16,52,32,94,9,187,12,2,14,201
10/26/2020,BHM,AL,ASO,ES,Combined TRACON& Tower with Radar,53,21,70,23,167,0,1,18,0,19,53,22,88,23,186,0,0,0,186
10/27/2020,BHM,AL,ASO,ES,Combined TRACON& Tower with Radar,47,31,81,33,192,0,0,2,0,2,47,31,83,33,194,45,12,57,251
10/28/2020,BHM,AL,ASO,ES,Combined TRACON& Tower with Radar,49,27,62,16,154,0,0,1,0,1,49,27,63,16,155,0,0,0,155
10/29/2020,BHM,AL,ASO,ES,Combined TRACON& Tower with Radar,55,49,58,27,189,0,6,8,6,20,55,55,66,33,209,0,0,0,209
10/30/2020,BHM,AL,ASO,ES,Combined TRACON& Tower with Radar,58,52,108,25,243,0,2,20,1,23,58,54,128,26,266,6,36,42,308
10/31/2020,BHM,AL,ASO,ES,Combined TRACON& Tower with Radar,40,30,24,0,94,0,4,44,2,50,40,34,68,2,144,0,0,0,144
11/01/2020,BHM,AL,ASO,ES,Combined TRACON& Tower with Radar,50,27,51,0,128,0,4,29,1,34,50,31,80,1,162,14,0,14,176
11/02/2020,BHM,AL,ASO,ES,Combined TRACON& Tower with Radar,51,37,75,34,197,0,3,30,2,35,51,40,105,36,232,22,0,22,254
11/03/2020,BHM,AL,ASO,ES,Combined TRACON& Tower with Radar,46,35,42,28,151,0,3,46,4,53,46,38,88,32,204,26,50,76,280
11/04/2020,BHM,AL,ASO,ES,Combined TRACON& Tower with Radar,48,46,84,24,202,0,2,55,5,62,48,48,139,29,264,0,0,0,264
11/05/2020,BHM,AL,ASO,ES,Combined TRACON& Tower with Radar,63,41,76,7,187,0,0,61,20,81,63,41,137,27,268,0,0,0,268
11/06/2020,BHM,AL,ASO,ES,Combined TRACON& Tower with Radar,66,43,73,48,230,0,0,47,14,61,66,43,120,62,291,0,0,0,291
11/07/2020,BHM,AL,ASO,ES,Combined TRACON& Tower with Radar,58,23,41,7,129,0,0,11,4,15,58,23,52,11,144,0,0,0,144
11/08/2020,BHM,AL,ASO,ES,Combined TRACON& Tower with Radar,68,25,71,13,177,0,2,25,4,31,68,27,96,17,208,0,0,0,208
11/09/2020,BHM,AL,ASO,ES,Combined TRACON& Tower with Radar,65,32,56,36,189,0,1,18,1,20,65,33,74,37,209,0,0,0,209
11/10/2020,BHM,AL,ASO,ES,Combined TRACON& Tower with Radar,54,50,59,47,210,0,0,7,2,9,54,50,66,49,219,0,0,0,219
11/11/2020,BHM,AL,ASO,ES,Combined TRACON& Tower with Radar,55,41,64,0,160,0,0,1,0,1,55,41,65,0,161,0,0,0,161
11/12/2020,BHM,AL,ASO,ES,Combined TRACON& Tower with Radar,66,45,95,18,224,0,0,2,0,2,66,45,97,18,226,0,0,0,226
11/13/2020,BHM,AL,ASO,ES,Combined TRACON& Tower with Radar,68,25,67,20,180,0,1,47,6,54,68,26,114,26,234,10,0,10,244
11/14/2020,BHM,AL,ASO,ES,Combined TRACON& Tower with Radar,64,23,31,2,120,0,3,44,3,50,64,26,75,5,170,0,0,0,170
11/15/2020,BHM,AL,ASO,ES,Combined TRACON& Tower with Radar,64,17,49,16,146,0,3,10,7,20,64,20,59,23,166,0,0,0,166
11/16/2020,BHM,AL,ASO,ES,Combined TRACON& Tower with Radar,65,32,55,38,190,0,9,29,4,42,65,41,84,42,232,23,10,33,265
11/17/2020,BHM,AL,ASO,ES,Combined TRACON& Tower with Radar,53,32,66,49,200,0,2,30,7,39,53,34,96,56,239,4,0,4,243
11/18/2020,BHM,AL,ASO,ES,Combined TRACON& Tower with Radar,54,29,75,61,219,0,3,59,2,64,54,32,134,63,283,0,0,0,283
11/19/2020,BHM,AL,ASO,ES,Combined TRACON& Tower with Radar,66,47,74,14,201,0,0,56,11,67,66,47,130,25,268,54,0,54,322
11/20/2020,BHM,AL,ASO,ES,Combined TRACON& Tower with Radar,80,41,60,46,227,0,0,41,28,69,80,41,101,74,296,0,0,0,296
11/21/2020,BHM,AL,ASO,ES,Combined TRACON& Tower with Radar,70,26,61,6,163,0,1,45,4,50,70,27,106,10,213,0,0,0,213
11/22/2020,BHM,AL,ASO,ES,Combined TRACON& Tower with Radar,66,24,64,2,156,0,5,33,14,52,66,29,97,16,208,14,0,14,222
11/23/2020,BHM,AL,ASO,ES,Combined TRACON& Tower with Radar,65,26,61,18,170,0,1,39,2,42,65,27,100,20,212,22,0,22,234
11/24/2020,BHM,AL,ASO,ES,Combined TRACON& Tower with Radar,74,34,64,24,196,0,3,50,2,55,74,37,114,26,251,0,0,0,251
11/25/2020,BHM,AL,ASO,ES,Combined TRACON& Tower with Radar,75,45,51,0,171,0,0,4,0,4,75,45,55,0,175,0,0,0,175
11/26/2020,BHM,AL,ASO,ES,Combined TRACON& Tower with Radar,35,22,6,0,63,0,0,15,0,15,35,22,21,0,78,0,0,0,78
11/27/2020,BHM,AL,ASO,ES,Combined TRACON& Tower with Radar,61,17,26,0,104,0,2,18,0,20,61,19,44,0,124,0,0,0,124
11/28/2020,BHM,AL,ASO,ES,Combined TRACON& Tower with Radar,69,26,47,0,142,0,2,29,0,31,69,28,76,0,173,0,0,0,173
11/29/2020,BHM,AL,ASO,ES,Combined TRACON& Tower with Radar,69,27,38,0,134,0,0,0,0,0,69,27,38,0,134,0,0,0,134
11/30/2020,BHM,AL,ASO,ES,Combined TRACON& Tower with Radar,74,30,48,0,152,0,0,0,0,0,74,30,48,0,152,0,0,0,152
12/01/2020,BHM,AL,ASO,ES,Combined TRACON& Tower with Radar,67,38,63,16,184,0,5,30,2,37,67,43,93,18,221,0,0,0,221
12/02/2020,BHM,AL,ASO,ES,Combined TRACON& Tower with Radar,51,43,91,25,210,0,2,28,2,32,51,45,119,27,242,14,14,28,270
12/03/2020,BHM,AL,ASO,ES,Combined TRACON& Tower with Radar,58,30,74,71,233,0,4,30,7,41,58,34,104,78,274,43,4,47,321
12/04/2020,BHM,AL,ASO,ES,Combined TRACON& Tower with Radar,62,43,65,7,177,0,0,2,0,2,62,43,67,7,179,0,0,0,179
12/05/2020,BHM,AL,ASO,ES,Combined TRACON& Tower with Radar,50,20,48,5,123,0,1,51,4,56,50,21,99,9,179,0,0,0,179
12/06/2020,BHM,AL,ASO,ES,Combined TRACON& Tower with Radar,55,18,43,0,116,0,1,26,3,30,55,19,69,3,146,0,0,0,146
12/07/2020,BHM,AL,ASO,ES,Combined TRACON& Tower with Radar,60,29,70,10,169,0,6,21,2,29,60,35,91,12,198,0,0,0,198
12/08/2020,BHM,AL,ASO,ES,Combined TRACON& Tower with Radar,49,29,73,19,170,0,7,37,4,48,49,36,110,23,218,0,0,0,218
12/09/2020,BHM,AL,ASO,ES,Combined TRACON& Tower with Radar,52,37,85,21,195,0,7,31,1,39,52,44,116,22,234,22,18,40,274
12/10/2020,BHM,AL,ASO,ES,Combined TRACON& Tower with Radar,58,44,77,12,191,0,1,45,2,48,58,45,122,14,239,10,0,10,249
12/11/2020,BHM,AL,ASO,ES,Combined TRACON& Tower with Radar,67,40,71,18,196,0,4,52,2,58,67,44,123,20,254,20,0,20,274
12/12/2020,BHM,AL,ASO,ES,Combined TRACON& Tower with Radar,58,30,39,2,129,0,2,2,0,4,58,32,41,2,133,0,0,0,133
12/13/2020,BHM,AL,ASO,ES,Combined TRACON& Tower with Radar,56,28,42,8,134,0,1,14,1,16,56,29,56,9,150,26,0,26,176
12/14/2020,BHM,AL,ASO,ES,Combined TRACON& Tower with Radar,58,33,72,23,186,0,1,3,0,4,58,34,75,23,190,7,0,7,197
12/15/2020,BHM,AL,ASO,ES,Combined TRACON& Tower with Radar,50,43,66,23,182,0,1,23,0,24,50,44,89,23,206,55,2,57,263
12/16/2020,BHM,AL,ASO,ES,Combined TRACON& Tower with Radar,54,37,72,9,172,0,1,0,0,1,54,38,72,9,173,6,0,6,179
12/17/2020,BHM,AL,ASO,ES,Combined TRACON& Tower with Radar,66,50,48,24,188,0,0,14,12,26,66,50,62,36,214,29,0,29,243
12/18/2020,BHM,AL,ASO,ES,Combined TRACON& Tower with Radar,73,47,70,24,214,0,5,42,7,54,73,52,112,31,268,11,0,11,279
12/19/2020,BHM,AL,ASO,ES,Combined TRACON& Tower with Radar,76,39,37,0,152,0,2,41,0,43,76,41,78,0,195,18,0,18,213
12/20/2020,BHM,AL,ASO,ES,Combined TRACON& Tower with Radar,62,28,28,10,128,0,1,0,0,1,62,29,28,10,129,0,0,0,129
12/21/2020,BHM,AL,ASO,ES,Combined TRACON& Tower with Radar,70,27,45,12,154,0,4,27,1,32,70,31,72,13,186,8,0,8,194
12/22/2020,BHM,AL,ASO,ES,Combined TRACON& Tower with Radar,72,37,55,8,172,0,4,55,2,61,72,41,110,10,233,0,0,0,233
12/23/2020,BHM,AL,ASO,ES,Combined TRACON& Tower with Radar,73,52,54,10,189,0,2,17,3,22,73,54,71,13,211,0,0,0,211
12/24/2020,BHM,AL,ASO,ES,Combined TRACON& Tower with Radar,50,25,15,0,90,0,0,2,0,2,50,25,17,0,92,0,0,0,92
12/25/2020,BHM,AL,ASO,ES,Combined TRACON& Tower with Radar,42,20,14,1,77,0,2,10,1,13,42,22,24,2,90,0,0,0,90
12/26/2020,BHM,AL,ASO,ES,Combined TRACON& Tower with Radar,66,38,42,0,146,0,3,36,0,39,66,41,78,0,185,0,0,0,185
12/27/2020,BHM,AL,ASO,ES,Combined TRACON& Tower with Radar,64,29,35,0,128,0,3,34,2,39,64,32,69,2,167,0,0,0,167
12/28/2020,BHM,AL,ASO,ES,Combined TRACON& Tower with Radar,63,33,57,0,153,0,0,31,2,33,63,33,88,2,186,0,0,0,186
12/29/2020,BHM,AL,ASO,ES,Combined TRACON& Tower with Radar,66,48,53,30,197,0,6,29,4,39,66,54,82,34,236,16,6,22,258
12/30/2020,BHM,AL,ASO,ES,Combined TRACON& Tower with Radar,64,50,45,0,159,0,4,26,1,31,64,54,71,1,190,0,0,0,190
12/31/2020,BHM,AL,ASO,ES,Combined TRACON& Tower with Radar,52,31,31,0,114,0,1,3,0,4,52,32,34,0,118,2,0,2,120
01/01/2021,BHM,AL,ASO,ES,Combined TRACON& Tower with Radar,47,18,26,0,91,0,1,4,2,7,47,19,30,2,98,0,0,0,98
01/02/2021,BHM,AL,ASO,ES,Combined TRACON& Tower with Radar,64,29,59,0,152,0,3,35,0,38,64,32,94,0,190,0,0,0,190
01/03/2021,BHM,AL,ASO,ES,Combined TRACON& Tower with Radar,66,29,65,0,160,0,0,23,2,25,66,29,88,2,185,10,0,10,195
01/04/2021,BHM,AL,ASO,ES,Combined TRACON& Tower with Radar,63,36,49,0,148,0,0,49,1,50,63,36,98,1,198,0,0,0,198
01/05/2021,BHM,AL,ASO,ES,Combined TRACON& Tower with Radar,56,33,46,4,139,0,2,13,0,15,56,35,59,4,154,0,0,0,154
01/06/2021,BHM,AL,ASO,ES,Combined TRACON& Tower with Radar,54,41,72,10,177,0,6,50,1,57,54,47,122,11,234,8,0,8,242
01/07/2021,BHM,AL,ASO,ES,Combined TRACON& Tower with Radar,54,50,64,0,168,0,1,7,0,8,54,51,71,0,176,0,0,0,176
01/08/2021,BHM,AL,ASO,ES,Combined TRACON& Tower with Radar,57,40,49,4,150,0,0,7,0,7,57,40,56,4,157,0,0,0,157
01/09/2021,BHM,AL,ASO,ES,Combined TRACON& Tower with Radar,49,25,36,9,119,0,0,16,2,18,49,25,52,11,137,56,24,80,217
01/10/2021,BHM,AL,ASO,ES,Combined TRACON& Tower with Radar,50,32,52,3,137,0,1,33,8,42,50,33,85,11,179,0,0,0,179
01/11/2021,BHM,AL,ASO,ES,Combined TRACON& Tower with Radar,53,50,44,0,147,0,0,0,0,0,53,50,44,0,147,0,0,0,147
01/12/2021,BHM,AL,ASO,ES,Combined TRACON& Tower with Radar,52,51,92,13,208,0,0,4,0,4,52,51,96,13,212,0,0,0,212
01/13/2021,BHM,AL,ASO,ES,Combined TRACON& Tower with Radar,56,42,55,8,161,0,2,30,0,32,56,44,85,8,193,29,0,29,222
01/14/2021,BHM,AL,ASO,ES,Combined TRACON& Tower with Radar,54,46,81,11,192,0,2,43,14,59,54,48,124,25,251,14,0,14,265
01/15/2021,BHM,AL,ASO,ES,Combined TRACON& Tower with Radar,58,37,65,16,176,0,3,43,2,48,58,40,108,18,224,10,0,10,234
01/16/2021,BHM,AL,ASO,ES,Combined TRACON& Tower with Radar,49,32,40,0,121,0,8,16,3,27,49,40,56,3,148,26,0,26,174
01/17/2021,BHM,AL,ASO,ES,Combined TRACON& Tower with Radar,55,34,41,0,130,0,3,51,0,54,55,37,92,0,184,0,0,0,184
01/18/2021,BHM,AL,ASO,ES,Combined TRACON& Tower with Radar,52,32,58,0,142,0,1,42,0,43,52,33,100,0,185,0,0,0,185
01/19/2021,BHM,AL,ASO,ES,Combined TRACON& Tower with Radar,50,42,60,9,161,0,0,38,3,41,50,42,98,12,202,16,0,16,218
01/20/2021,BHM,AL,ASO,ES,Combined TRACON& Tower with Radar,50,43,62,8,163,0,2,43,3,48,50,45,105,11,211,6,0,6,217
01/21/2021,BHM,AL,ASO,ES,Combined TRACON& Tower with Radar,58,61,50,6,175,0,0,0,0,0,58,61,50,6,175,0,0,0,175
01/22/2021,BHM,AL,ASO,ES,Combined TRACON& Tower with Radar,57,61,61,74,253,0,2,7,10,19,57,63,68,84,272,0,12,12,284
01/23/2021,BHM,AL,ASO,ES,Combined TRACON& Tower with Radar,49,27,36,34,146,0,0,61,6,67,49,27,97,40,213,0,0,0,213
01/24/2021,BHM,AL,ASO,ES,Combined TRACON& Tower with Radar,51,30,44,14,139,0,2,11,5,18,51,32,55,19,157,0,0,0,157
01/25/2021,BHM,AL,ASO,ES,Combined TRACON& Tower with Radar,54,24,46,8,132,0,0,1,1,2,54,24,47,9,134,0,0,0,134
01/26/2021,BHM,AL,ASO,ES,Combined TRACON& Tower with Radar,52,39,71,24,186,0,0,31,13,44,52,39,102,37,230,0,0,0,230
01/27/2021,BHM,AL,ASO,ES,Combined TRACON& Tower with Radar,51,48,73,49,221,0,0,11,6,17,51,48,84,55,238,0,0,0,238
01/28/2021,BHM,AL,ASO,ES,Combined TRACON& Tower with Radar,53,47,60,60,220,0,5,40,9,54,53,52,100,69,274,18,0,18,292
01/29/2021,BHM,AL,ASO,ES,Combined TRACON& Tower with Radar,56,39,70,36,201,0,7,58,2,67,56,46,128,38,268,0,0,0,268
01/30/2021,BHM,AL,ASO,ES,Combined TRACON& Tower with Radar,50,21,36,2,109,0,7,39,0,46,50,28,75,2,155,6,0,6,161
01/31/2021,BHM,AL,ASO,ES,Combined TRACON& Tower with Radar,54,36,28,14,132,0,0,10,0,10,54,36,38,14,142,0,0,0,142
02/01/2021,BHM,AL,ASO,ES,Combined TRACON& Tower with Radar,52,24,45,2,123,0,0,1,2,3,52,24,46,4,126,0,0,0,126
02/02/2021,BHM,AL,ASO,ES,Combined TRACON& Tower with Radar,50,39,52,45,186,0,4,44,1,49,50,43,96,46,235,0,6,6,241
02/03/2021,BHM,AL,ASO,ES,Combined TRACON& Tower with Radar,50,35,70,37,192,0,1,53,3,57,50,36,123,40,249,0,18,18,267
02/04/2021,BHM,AL,ASO,ES,Combined TRACON& Tower with Radar,54,50,85,25,214,0,3,28,12,43,54,53,113,37,257,33,0,33,290
02/05/2021,BHM,AL,ASO,ES,Combined TRACON& Tower with Radar,57,55,62,49,223,0,2,39,7,48,57,57,101,56,271,38,0,38,309
02/06/2021,BHM,AL,ASO,ES,Combined TRACON& Tower with Radar,49,26,44,4,123,0,0,8,0,8,49,26,52,4,131,8,0,8,139
02/07/2021,BHM,AL,ASO,ES,Combined TRACON& Tower with Radar,50,24,44,2,120,0,2,11,7,20,50,26,55,9,140,18,0,18,158
02/08/2021,BHM,AL,ASO,ES,Combined TRACON& Tower with Radar,52,45,77,43,217,0,0,57,0,57,52,45,134,43,274,0,0,0,274
02/09/2021,BHM,AL,ASO,ES,Combined TRACON& Tower with Radar,48,41,62,47,198,0,2,45,4,51,48,43,107,51,249,0,0,0,249
02/10/2021,BHM,AL,ASO,ES,Combined TRACON& Tower with Radar,51,59,74,74,258,0,1,36,3,40,51,60,110,77,298,42,0,42,340
02/11/2021,BHM,AL,ASO,ES,Combined TRACON& Tower with Radar,55,52,48,7,162,0,0,0,0,0,55,52,48,7,162,0,0,0,162
02/12/2021,BHM,AL,ASO,ES,Combined TRACON& Tower with Radar,63,43,61,2,169,0,0,0,0,0,63,43,61,2,169,0,0,0,169
02/13/2021,BHM,AL,ASO,ES,Combined TRACON& Tower with Radar,53,25,24,0,102,0,0,0,0,0,53,25,24,0,102,0,0,0,102
02/14/2021,BHM,AL,ASO,ES,Combined TRACON& Tower with Radar,43,23,35,0,101,0,0,1,0,1,43,23,36,0,102,0,0,0,102
02/15/2021,BHM,AL,ASO,ES,Combined TRACON& Tower with Radar,54,22,21,0,97,0,0,0,0,0,54,22,21,0,97,0,0,0,97
02/16/2021,BHM,AL,ASO,ES,Combined TRACON& Tower with Radar,38,29,44,0,111,0,0,2,0,2,38,29,46,0,113,0,0,0,113
02/17/2021,BHM,AL,ASO,ES,Combined TRACON& Tower with Radar,44,46,53,2,145,0,2,31,3,36,44,48,84,5,181,36,0,36,217
02/18/2021,BHM,AL,ASO,ES,Combined TRACON& Tower with Radar,46,46,73,22,187,0,0,0,0,0,46,46,73,22,187,0,0,0,187
02/19/2021,BHM,AL,ASO,ES,Combined TRACON& Tower with Radar,61,51,95,15,222,0,2,30,9,41,61,53,125,24,263,0,0,0,263
02/20/2021,BHM,AL,ASO,ES,Combined TRACON& Tower with Radar,54,30,32,4,120,0,5,52,17,74,54,35,84,21,194,20,0,20,214
02/21/2021,BHM,AL,ASO,ES,Combined TRACON& Tower with Radar,58,30,54,16,158,0,1,28,9,38,58,31,82,25,196,0,0,0,196
02/22/2021,BHM,AL,ASO,ES,Combined TRACON& Tower with Radar,55,41,55,6,157,0,0,24,5,29,55,41,79,11,186,20,0,20,206
02/23/2021,BHM,AL,ASO,ES,Combined TRACON& Tower with Radar,54,36,110,29,229,0,4,52,5,61,54,40,162,34,290,0,0,0,290
02/24/2021,BHM,AL,ASO,ES,Combined TRACON& Tower with Radar,54,32,86,37,209,0,2,67,11,80,54,34,153,48,289,0,0,0,289
02/25/2021,BHM,AL,ASO,ES,Combined TRACON& Tower with Radar,59,51,102,24,236,0,0,52,10,62,59,51,154,34,298,14,0,14,312
02/26/2021,BHM,AL,ASO,ES,Combined TRACON& Tower with Radar,63,63,73,9,208,0,0,3,2,5,63,63,76,11,213,6,0,6,219
02/27/2021,BHM,AL,ASO,ES,Combined TRACON& Tower with Radar,54,23,45,0,122,0,5,13,2,20,54,28,58,2,142,0,0,0,142
02/28/2021,BHM,AL,ASO,ES,Combined TRACON& Tower with Radar,55,31,57,12,155,0,2,13,4,19,55,33,70,16,174,0,0,0,174
03/01/2021,BHM,AL,ASO,ES,Combined TRACON& Tower with Radar,56,42,68,40,206,0,0,0,0,0,56,42,68,40,206,0,0,0,206
03/02/2021,BHM,AL,ASO,ES,Combined TRACON& Tower with Radar,54,48,76,4,182,0,2,15,2,19,54,50,91,6,201,14,0,14,215
03/03/2021,BHM,AL,ASO,ES,Combined TRACON& Tower with Radar,55,56,93,24,228,0,1,52,4,57,55,57,145,28,285,4,6,10,295
03/04/2021,BHM,AL,ASO,ES,Combined TRACON& Tower with Radar,67,55,92,2,216,0,3,66,4,73,67,58,158,6,289,28,0,28,317
03/05/2021,BHM,AL,ASO,ES,Combined TRACON& Tower with Radar,69,51,75,35,230,0,3,47,9,59,69,54,122,44,289,0,0,0,289
03/06/2021,BHM,AL,ASO,ES,Combined TRACON& Tower with Radar,57,24,32,8,121,0,8,33,0,41,57,32,65,8,162,0,0,0,162
03/07/2021,BHM,AL,ASO,ES,Combined TRACON& Tower with Radar,68,27,50,2,147,0,3,46,1,50,68,30,96,3,197,24,0,24,221
03/08/2021,BHM,AL,ASO,ES,Combined TRACON& Tower with Radar,70,36,74,13,193,0,6,45,4,55,70,42,119,17,248,0,0,0,248
03/09/2021,BHM,AL,ASO,ES,Combined TRACON& Tower with Radar,59,54,92,42,247,0,4,47,1,52,59,58,139,43,299,0,0,0,299
03/10/2021,BHM,AL,ASO,ES,Combined TRACON& Tower with Radar,58,57,100,39,254,0,3,26,1,30,58,60,126,40,284,0,0,0,284
03/11/2021,BHM,AL,ASO,ES,Combined TRACON& Tower with Radar,74,56,91,28,249,0,1,39,14,54,74,57,130,42,303,0,0,0,303
03/12/2021,BHM,AL,ASO,ES,Combined TRACON& Tower with Radar,73,53,96,12,234,0,3,43,11,57,73,56,139,23,291,0,0,0,291
03/13/2021,BHM,AL,ASO,ES,Combined TRACON& Tower with Radar,65,28,51,6,150,0,6,58,6,70,65,34,109,12,220,0,0,0,220
03/14/2021,BHM,AL,ASO,ES,Combined TRACON& Tower with Radar,58,31,60,9,158,0,1,50,4,55,58,32,110,13,213,6,0,6,219
03/15/2021,BHM,AL,ASO,ES,Combined TRACON& Tower with Radar,66,38,46,2,152,0,1,11,0,12,66,39,57,2,164,16,0,16,180
03/16/2021,BHM,AL,ASO,ES,Combined TRACON& Tower with Radar,68,44,86,11,209,0,0,1,0,1,68,44,87,11,210,0,0,0,210
03/17/2021,BHM,AL,ASO,ES,Combined TRACON& Tower with Radar,57,27,50,10,144,0,0,0,0,0,57,27,50,10,144,0,0,0,144
03/18/2021,BHM,AL,ASO,ES,Combined TRACON& Tower with Radar,80,49,110,18,257,0,2,13,4,19,80,51,123,22,276,0,6,6,282
03/19/2021,BHM,AL,ASO,ES,Combined TRACON& Tower with Radar,75,49,97,7,228,0,2,17,9,28,75,51,114,16,256,0,0,0,256
03/20/2021,BHM,AL,ASO,ES,Combined TRACON& Tower with Radar,67,39,66,11,183,0,4,34,2,40,67,43,100,13,223,0,0,0,223
03/21/2021,BHM,AL,ASO,ES,Combined TRACON& Tower with Radar,65,35,66,5,171,0,0,27,6,33,65,35,93,11,204,6,0,6,210
03/22/2021,BHM,AL,ASO,ES,Combined TRACON& Tower with Radar,74,31,57,12,174,0,1,46,0,47,74,32,103,12,221,10,0,10,231
03/23/2021,BHM,AL,ASO,ES,Combined TRACON& Tower with Radar,64,52,74,15,205,0,0,4,2,6,64,52,78,17,211,0,0,0,211
03/24/2021,BHM,AL,ASO,ES,Combined TRACON& Tower with Radar,65,51,78,13,207,0,2,34,1,37,65,53,112,14,244,0,0,0,244
03/25/2021,BHM,AL,ASO,ES,Combined TRACON& Tower with Radar,73,36,37,0,146,0,0,0,0,0,73,36,37,0,146,0,0,0,146
03/26/2021,BHM,AL,ASO,ES,Combined TRACON& Tower with Radar,74,65,97,14,250,0,6,62,7,75,74,71,159,21,325,0,0,0,325
03/27/2021,BHM,AL,ASO,ES,Combined TRACON& Tower with Radar,81,51,59,1,192,0,0,6,1,7,81,51,65,2,199,0,0,0,199
03/28/2021,BHM,AL,ASO,ES,Combined TRACON& Tower with Radar,69,28,54,1,152,0,1,13,3,17,69,29,67,4,169,6,0,6,175
03/29/2021,BHM,AL,ASO,ES,Combined TRACON& Tower with Radar,74,38,74,17,203,0,2,63,6,71,74,40,137,23,274,30,6,36,310
03/30/2021,BHM,AL,ASO,ES,Combined TRACON& Tower with Radar,69,47,79,27,222,0,3,32,1,36,69,50,111,28,258,0,0,0,258
03/31/2021,BHM,AL,ASO,ES,Combined TRACON& Tower with Radar,73,31,64,0,168,0,1,0,0,1,73,32,64,0,169,0,0,0,169
04/01/2021,BHM,AL,ASO,ES,Combined TRACON& Tower with Radar,81,46,100,8,235,0,2,18,0,20,81,48,118,8,255,0,0,0,255
04/02/2021,BHM,AL,ASO,ES,Combined TRACON& Tower with Radar,80,43,73,9,205,0,4,52,4,60,80,47,125,13,265,32,0,32,297
04/03/2021,BHM,AL,ASO,ES,Combined TRACON& Tower with Radar,69,32,50,4,155,0,4,51,1,56,69,36,101,5,211,12,0,12,223
04/04/2021,BHM,AL,ASO,ES,Combined TRACON& Tower with Radar,71,23,29,0,123,0,5,28,1,34,71,28,57,1,157,0,0,0,157
04/05/2021,BHM,AL,ASO,ES,Combined TRACON& Tower with Radar,79,41,90,10,220,0,2,45,1,48,79,43,135,11,268,10,0,10,278
04/06/2021,BHM,AL,ASO,ES,Combined TRACON& Tower with Radar,67,49,86,17,219,0,7,62,1,70,67,56,148,18,289,14,0,14,303
04/07/2021,BHM,AL,ASO,ES,Combined TRACON& Tower with Radar,68,39,103,34,244,0,2,47,6,55,68,41,150,40,299,26,20,46,345
04/08/2021,BHM,AL,ASO,ES,Combined TRACON& Tower with Radar,82,41,74,18,215,0,2,9,5,16,82,43,83,23,231,0,0,0,231
04/09/2021,BHM,AL,ASO,ES,Combined TRACON& Tower with Radar,84,44,84,22,234,0,0,8,2,10,84,44,92,24,244,0,0,0,244
04/10/2021,BHM,AL,ASO,ES,Combined TRACON& Tower with Radar,73,27,34,0,134,0,3,10,2,15,73,30,44,2,149,0,0,0,149
04/11/2021,BHM,AL,ASO,ES,Combined TRACON& Tower with Radar,72,28,71,8,179,0,6,45,3,54,72,34,116,11,233,0,0,0,233
04/12/2021,BHM,AL,ASO,ES,Combined TRACON& Tower with Radar,78,42,96,26,242,0,5,55,4,64,78,47,151,30,306,30,0,30,336
04/13/2021,BHM,AL,ASO,ES,Combined TRACON& Tower with Radar,64,44,66,60,234,0,13,53,1,67,64,57,119,61,301,10,0,10,311
04/14/2021,BHM,AL,ASO,ES,Combined TRACON& Tower with Radar,72,42,87,17,218,0,3,8,0,11,72,45,95,17,229,0,0,0,229
04/15/2021,BHM,AL,ASO,ES,Combined TRACON& Tower with Radar,80,42,98,31,251,0,3,20,14,37,80,45,118,45,288,0,0,0,288
04/16/2021,BHM,AL,ASO,ES,Combined TRACON& Tower with Radar,88,43,76,57,264,0,3,30,13,46,88,46,106,70,310,15,9,24,334
04/17/2021,BHM,AL,ASO,ES,Combined TRACON& Tower with Radar,68,22,44,22,156,0,3,23,7,33,68,25,67,29,189,0,0,0,189
04/18/2021,BHM,AL,ASO,ES,Combined TRACON& Tower with Radar,78,40,110,42,270,0,2,60,7,69,78,42,170,49,339,0,0,0,339
04/19/2021,BHM,AL,ASO,ES,Combined TRACON& Tower with Radar,80,23,96,22,221,0,2,50,3,55,80,25,146,25,276,12,4,16,292
04/20/2021,BHM,AL,ASO,ES,Combined TRACON& Tower with Radar,66,40,95,48,249,0,7,49,10,66,66,47,144,58,315,15,8,23,338
04/21/2021,BHM,AL,ASO,ES,Combined TRACON& Tower with Radar,71,44,89,19,223,0,1,21,0,22,71,45,110,19,245,0,0,0,245
04/22/2021,BHM,AL,ASO,ES,Combined TRACON& Tower with Radar,84,60,99,27,270,0,3,45,3,51,84,63,144,30,321,10,0,10,331
04/23/2021,BHM,AL,ASO,ES,Combined TRACON& Tower with Radar,85,36,80,38,239,0,1,37,15,53,85,37,117,53,292,34,0,34,326
04/24/2021,BHM,AL,ASO,ES,Combined TRACON& Tower with Radar,75,24,28,2,129,0,1,2,0,3,75,25,30,2,132,0,0,0,132
04/25/2021,BHM,AL,ASO,ES,Combined TRACON& Tower with Radar,78,34,90,5,207,0,0,30,11,41,78,34,120,16,248,10,0,10,258
04/26/2021,BHM,AL,ASO,ES,Combined TRACON& Tower with Radar,82,40,82,14,218,0,4,51,6,61,82,44,133,20,279,4,0,4,283
04/27/2021,BHM,AL,ASO,ES,Combined TRACON& Tower with Radar,66,45,103,39,253,0,2,64,6,72,66,47,167,45,325,0,0,0,325
04/28/2021,BHM,AL,ASO,ES,Combined TRACON& Tower with Radar,72,55,103,51,281,0,3,45,12,60,72,58,148,63,341,0,0,0,341
04/29/2021,BHM,AL,ASO,ES,Combined TRACON& Tower with Radar,86,52,114,22,274,0,1,10,2,13,86,53,124,24,287,28,10,38,325
04/30/2021,BHM,AL,ASO,ES,Combined TRACON& Tower with Radar,82,72,82,19,255,0,0,39,15,54,82,72,121,34,309,34,0,34,343
05/01/2021,BHM,AL,ASO,ES,Combined TRACON& Tower with Radar,71,41,53,5,170,0,1,48,9,58,71,42,101,14,228,0,0,0,228
05/02/2021,BHM,AL,ASO,ES,Combined TRACON& Tower with Radar,77,25,75,8,185,0,1,15,5,21,77,26,90,13,206,0,0,0,206
05/03/2021,BHM,AL,ASO,ES,Combined TRACON& Tower with Radar,62,44,62,2,170,0,0,1,0,1,62,44,63,2,171,0,0,0,171
05/04/2021,BHM,AL,ASO,ES,Combined TRACON& Tower with Radar,69,42,51,6,168,0,0,0,0,0,69,42,51,6,168,0,0,0,168
05/05/2021,BHM,AL,ASO,ES,Combined TRACON& Tower with Radar,77,63,100,14,254,0,0,24,1,25,77,63,124,15,279,0,0,0,279
05/06/2021,BHM,AL,ASO,ES,Combined TRACON& Tower with Radar,94,44,119,5,262,0,0,55,10,65,94,44,174,15,327,0,0,0,327
05/07/2021,BHM,AL,ASO,ES,Combined TRACON& Tower with Radar,95,47,106,15,263,0,3,40,7,50,95,50,146,22,313,0,0,0,313
05/08/2021,BHM,AL,ASO,ES,Combined TRACON& Tower with Radar,78,27,71,3,179,0,1,46,3,50,78,28,117,6,229,0,0,0,229
05/09/2021,BHM,AL,ASO,ES,Combined TRACON& Tower with Radar,81,41,51,2,175,0,1,25,0,26,81,42,76,2,201,0,0,0,201
05/10/2021,BHM,AL,ASO,ES,Combined TRACON& Tower with Radar,83,48,96,8,235,0,0,8,0,8,83,48,104,8,243,0,0,0,243
05/11/2021,BHM,AL,ASO,ES,Combined TRACON& Tower with Radar,73,52,98,12,235,0,0,5,0,5,73,52,103,12,240,0,0,0,240
05/12/2021,BHM,AL,ASO,ES,Combined TRACON& Tower with Radar,86,66,91,30,273,0,0,16,4,20,86,66,107,34,293,8,0,8,301
05/13/2021,BHM,AL,ASO,ES,Combined TRACON& Tower with Radar,90,53,106,22,271,0,1,54,16,71,90,54,160,38,342,0,0,0,342
05/14/2021,BHM,AL,ASO,ES,Combined TRACON& Tower with Radar,93,48,90,7,238,0,4,77,13,94,93,52,167,20,332,0,0,0,332
05/15/2021,BHM,AL,ASO,ES,Combined TRACON& Tower with Radar,77,32,37,1,147,0,1,72,6,79,77,33,109,7,226,0,0,0,226
05/16/2021,BHM,AL,ASO,ES,Combined TRACON& Tower with Radar,78,28,89,8,203,0,4,48,12,64,78,32,137,20,267,0,0,0,267
05/17/2021,BHM,AL,ASO,ES,Combined TRACON& Tower with Radar,90,43,90,20,243,0,3,35,4,42,90,46,125,24,285,64,0,64,349
05/18/2021,BHM,AL,ASO,ES,Combined TRACON& Tower with Radar,79,41,121,53,294,0,6,34,3,43,79,47,155,56,337,0,0,0,337
05/19/2021,BHM,AL,ASO,ES,Combined TRACON& Tower with Radar,83,38,136,38,295,0,2,32,12,46,83,40,168,50,341,4,0,4,345
05/20/2021,BHM,AL,ASO,ES,Combined TRACON& Tower with Radar,90,51,100,61,302,0,2,23,11,36,90,53,123,72,338,6,8,14,352
05/21/2021,BHM,AL,ASO,ES,Combined TRACON& Tower with Radar,87,47,84,12,230,0,1,34,13,48,87,48,118,25,278,0,0,0,278
05/22/2021,BHM,AL,ASO,ES,Combined TRACON& Tower with Radar,78,19,42,0,139,0,6,55,2,63,78,25,97,2,202,0,0,0,202
05/23/2021,BHM,AL,ASO,ES,Combined TRACON& Tower with Radar,79,34,61,12,186,0,3,37,10,50,79,37,98,22,236,0,0,0,236
05/24/2021,BHM,AL,ASO,ES,Combined TRACON& Tower with Radar,81,45,85,10,221,0,3,55,3,61,81,48,140,13,282,0,0,0,282
05/25/2021,BHM,AL,ASO,ES,Combined TRACON& Tower with Radar,80,40,73,25,218,0,5,56,4,65,80,45,129,29,283,0,0,0,283
05/26/2021,BHM,AL,ASO,ES,Combined TRACON& Tower with Radar,85,43,84,20,232,0,4,36,2,42,85,47,120,22,274,0,0,0,274
05/27/2021,BHM,AL,ASO,ES,Combined TRACON& Tower with Radar,93,48,117,21,279,0,1,26,3,30,93,49,143,24,309,36,0,36,345
05/28/2021,BHM,AL,ASO,ES,Combined TRACON& Tower with Radar,93,50,85,1,229,0,1,10,0,11,93,51,95,1,240,20,0,20,260
05/29/2021,BHM,AL,ASO,ES,Combined TRACON& Tower with Radar,82,29,58,0,169,0,2,25,4,31,82,31,83,4,200,0,0,0,200
05/30/2021,BHM,AL,ASO,ES,Combined TRACON& Tower with Radar,73,15,42,1,131,0,2,30,5,37,73,17,72,6,168,0,0,0,168
05/31/2021,BHM,AL,ASO,ES,Combined TRACON& Tower with Radar,73,36,69,4,182,0,2,58,4,64,73,38,127,8,246,4,0,4,250
06/01/2021,BHM,AL,ASO,ES,Combined TRACON& Tower with Radar,84,45,98,51,278,0,7,57,9,73,84,52,155,60,351,0,0,0,351
06/02/2021,BHM,AL,ASO,ES,Combined TRACON& Tower with Radar,85,44,95,6,230,0,1,21,2,24,85,45,116,8,254,0,0,0,254
06/03/2021,BHM,AL,ASO,ES,Combined TRACON& Tower with Radar,85,53,108,8,254,0,2,13,0,15,85,55,121,8,269,28,0,28,297
06/04/2021,BHM,AL,ASO,ES,Combined TRACON& Tower with Radar,89,49,94,46,278,0,3,56,15,74,89,52,150,61,352,0,0,0,352
06/05/2021,BHM,AL,ASO,ES,Combined TRACON& Tower with Radar,73,29,46,14,162,0,3,37,2,42,73,32,83,16,204,12,0,12,216
06/06/2021,BHM,AL,ASO,ES,Combined TRACON& Tower with Radar,87,31,65,8,191,0,0,2,0,2,87,31,67,8,193,6,0,6,199
06/07/2021,BHM,AL,ASO,ES,Combined TRACON& Tower with Radar,74,48,70,4,196,1,0,9,0,10,75,48,79,4,206,20,0,20,226
06/08/2021,BHM,AL,ASO,ES,Combined TRACON& Tower with Radar,94,51,85,21,251,0,2,3,0,5,94,53,88,21,256,10,0,10,266
06/09/2021,BHM,AL,ASO,ES,Combined TRACON& Tower with Radar,90,58,90,4,242,0,1,4,2,7,90,59,94,6,249,0,0,0,249
06/10/2021,BHM,AL,ASO,ES,Combined TRACON& Tower with Radar,89,54,115,20,278,0,1,7,1,9,89,55,122,21,287,30,0,30,317
06/11/2021,BHM,AL,ASO,ES,Combined TRACON& Tower with Radar,95,55,88,8,246,0,2,7,4,13,95,57,95,12,259,0,0,0,259
06/12/2021,BHM,AL,ASO,ES,Combined TRACON& Tower with Radar,80,43,43,0,166,0,1,9,1,11,80,44,52,1,177,0,0,0,177
06/13/2021,BHM,AL,ASO,ES,Combined TRACON& Tower with Radar,86,36,60,4,186,0,4,40,3,47,86,40,100,7,233,8,0,8,241
06/14/2021,BHM,AL,ASO,ES,Combined TRACON& Tower with Radar,85,40,83,17,225,0,2,41,2,45,85,42,124,19,270,0,0,0,270
06/15/2021,BHM,AL,ASO,ES,Combined TRACON& Tower with Radar,84,47,115,37,283,0,3,65,8,76,84,50,180,45,359,14,0,14,373
06/16/2021,BHM,AL,ASO,ES,Combined TRACON& Tower with Radar,91,41,122,31,285,0,4,49,5,58,91,45,171,36,343,0,0,0,343
06/17/2021,BHM,AL,ASO,ES,Combined TRACON& Tower with Radar,86,54,126,40,306,0,1,49,11,61,86,55,175,51,367,0,0,0,367
06/18/2021,BHM,AL,ASO,ES,Combined TRACON& Tower with Radar,89,50,101,3,243,0,4,58,3,65,89,54,159,6,308,10,0,10,318
06/19/2021,BHM,AL,ASO,ES,Combined TRACON& Tower with Radar,72,29,23,0,124,0,0,1,0,1,72,29,24,0,125,0,0,0,125
06/20/2021,BHM,AL,ASO,ES,Combined TRACON& Tower with Radar,87,31,58,0,176,0,1,22,2,25,87,32,80,2,201,0,0,0,201
06/21/2021,BHM,AL,ASO,ES,Combined TRACON& Tower with Radar,84,45,89,9,227,0,0,4,0,4,84,45,93,9,231,0,0,0,231
06/22/2021,BHM,AL,ASO,ES,Combined TRACON& Tower with Radar,86,56,87,18,247,0,0,22,4,26,86,56,109,22,273,0,0,0,273
06/23/2021,BHM,AL,ASO,ES,Combined TRACON& Tower with Radar,84,41,107,29,261,0,3,52,5,60,84,44,159,34,321,0,0,0,321
06/24/2021,BHM,AL,ASO,ES,Combined TRACON& Tower with Radar,86,43,90,24,243,0,2,45,12,59,86,45,135,36,302,28,8,36,338
06/25/2021,BHM,AL,ASO,ES,Combined TRACON& Tower with Radar,89,46,96,64,295,0,4,52,15,71,89,50,148,79,366,0,0,0,366
06/26/2021,BHM,AL,ASO,ES,Combined TRACON& Tower with Radar,78,43,54,3,178,0,8,31,3,42,78,51,85,6,220,0,0,0,220
06/27/2021,BHM,AL,ASO,ES,Combined TRACON& Tower with Radar,83,23,67,23,196,0,1,26,6,33,83,24,93,29,229,36,0,36,265
06/28/2021,BHM,AL,ASO,ES,Combined TRACON& Tower with Radar,87,37,68,16,208,0,3,59,5,67,87,40,127,21,275,22,0,22,297
06/29/2021,BHM,AL,ASO,ES,Combined TRACON& Tower with Radar,83,45,84,20,232,0,1,14,3,18,83,46,98,23,250,0,0,0,250
06/30/2021,BHM,AL,ASO,ES,Combined TRACON& Tower with Radar,79,58,100,14,251,0,6,35,6,47,79,64,135,20,298,33,0,33,331
07/01/2021,BHM,AL,ASO,ES,Combined TRACON& Tower with Radar,83,52,116,26,277,0,0,3,1,4,83,52,119,27,281,0,0,0,281
07/02/2021,BHM,AL,ASO,ES,Combined TRACON& Tower with Radar,82,49,68,0,199,0,0,9,0,9,82,49,77,0,208,0,0,0,208
07/03/2021,BHM,AL,ASO,ES,Combined TRACON& Tower with Radar,67,32,43,0,142,0,8,45,1,54,67,40,88,1,196,0,0,0,196
07/04/2021,BHM,AL,ASO,ES,Combined TRACON& Tower with Radar,71,9,13,0,93,0,5,24,0,29,71,14,37,0,122,0,0,0,122
07/05/2021,BHM,AL,ASO,ES,Combined TRACON& Tower with Radar,76,18,71,0,165,0,3,57,3,63,76,21,128,3,228,33,0,33,261
07/06/2021,BHM,AL,ASO,ES,Combined TRACON& Tower with Radar,82,40,78,6,206,0,2,14,0,16,82,42,92,6,222,0,0,0,222
07/07/2021,BHM,AL,ASO,ES,Combined TRACON& Tower with Radar,81,56,79,12,228,0,1,7,0,8,81,57,86,12,236,11,0,11,247
07/08/2021,BHM,AL,ASO,ES,Combined TRACON& Tower with Radar,89,47,102,17,255,0,2,24,13,39,89,49,126,30,294,19,0,19,313
07/09/2021,BHM,AL,ASO,ES,Combined TRACON& Tower with Radar,101,57,103,50,311,0,0,16,5,21,101,57,119,55,332,20,12,32,364
07/10/2021,BHM,AL,ASO,ES,Combined TRACON& Tower with Radar,76,36,70,26,208,0,0,21,7,28,76,36,91,33,236,42,34,76,312
07/11/2021,BHM,AL,ASO,ES,Combined TRACON& Tower with Radar,90,33,62,36,221,0,0,9,5,14,90,33,71,41,235,0,0,0,235
07/12/2021,BHM,AL,ASO,ES,Combined TRACON& Tower with Radar,88,36,81,8,213,0,2,12,1,15,88,38,93,9,228,18,0,18,246
07/13/2021,BHM,AL,ASO,ES,Combined TRACON& Tower with Radar,84,60,101,16,261,0,1,4,2,7,84,61,105,18,268,10,18,28,296
07/14/2021,BHM,AL,ASO,ES,Combined TRACON& Tower with Radar,83,52,98,10,243,0,6,50,0,56,83,58,148,10,299,9,0,9,308
07/15/2021,BHM,AL,ASO,ES,Combined TRACON& Tower with Radar,89,53,96,38,276,0,2,65,2,69,89,55,161,40,345,12,0,12,357
07/16/2021,BHM,AL,ASO,ES,Combined TRACON& Tower with Radar,88,49,103,8,248,0,1,34,2,37,88,50,137,10,285,0,0,0,285
07/17/2021,BHM,AL,ASO,ES,Combined TRACON& Tower with Radar,75,21,44,4,144,0,1,1,0,2,75,22,45,4,146,28,0,28,174
07/18/2021,BHM,AL,ASO,ES,Combined TRACON& Tower with Radar,86,30,70,8,194,0,0,9,0,9,86,30,79,8,203,0,0,0,203
07/19/2021,BHM,AL,ASO,ES,Combined TRACON& Tower with Radar,86,51,79,4,220,0,0,0,0,0,86,51,79,4,220,0,0,0,220
07/20/2021,BHM,AL,ASO,ES,Combined TRACON& Tower with Radar,82,57,92,24,255,0,0,5,0,5,82,57,97,24,260,20,0,20,280
07/21/2021,BHM,AL,ASO,ES,Combined TRACON& Tower with Radar,85,55,124,22,286,0,1,18,6,25,85,56,142,28,311,70,0,70,381
07/22/2021,BHM,AL,ASO,ES,Combined TRACON& Tower with Radar,87,50,105,4,246,0,3,27,3,33,87,53,132,7,279,0,0,0,279
07/23/2021,BHM,AL,ASO,ES,Combined TRACON& Tower with Radar,91,43,94,13,241,0,3,21,3,27,91,46,115,16,268,8,0,8,276
07/24/2021,BHM,AL,ASO,ES,Combined TRACON& Tower with Radar,73,23,65,0,161,0,3,32,1,36,73,26,97,1,197,98,0,98,295
07/25/2021,BHM,AL,ASO,ES,Combined TRACON& Tower with Radar,98,21,66,9,194,0,0,38,3,41,98,21,104,12,235,38,0,38,273
07/26/2021,BHM,AL,ASO,ES,Combined TRACON& Tower with Radar,101,31,93,8,233,0,1,33,0,34,101,32,126,8,267,18,0,18,285
07/27/2021,BHM,AL,ASO,ES,Combined TRACON& Tower with Radar,87,49,96,10,242,0,0,15,0,15,87,49,111,10,257,8,0,8,265
07/28/2021,BHM,AL,ASO,ES,Combined TRACON& Tower with Radar,91,61,98,16,266,0,1,61,16,78,91,62,159,32,344,14,4,18,362
07/29/2021,BHM,AL,ASO,ES,Combined TRACON& Tower with Radar,89,51,114,36,290,0,5,65,10,80,89,56,179,46,370,8,24,32,402
07/30/2021,BHM,AL,ASO,ES,Combined TRACON& Tower with Radar,88,58,76,48,270,0,2,40,4,46,88,60,116,52,316,16,0,16,332
07/31/2021,BHM,AL,ASO,ES,Combined TRACON& Tower with Radar,77,26,44,5,152,0,1,30,4,35,77,27,74,9,187,24,0,24,211
08/01/2021,BHM,AL,ASO,ES,Combined TRACON& Tower with Radar,79,35,68,37,219,0,0,17,9,26,79,35,85,46,245,0,0,0,245
08/02/2021,BHM,AL,ASO,ES,Combined TRACON& Tower with Radar,81,36,71,1,189,0,0,24,0,24,81,36,95,1,213,10,8,18,231
08/03/2021,BHM,AL,ASO,ES,Combined TRACON& Tower with Radar,98,54,85,30,267,0,5,38,5,48,98,59,123,35,315,0,0,0,315
08/04/2021,BHM,AL,ASO,ES,Combined TRACON& Tower with Radar,82,44,105,49,280,0,5,59,11,75,82,49,164,60,355,4,0,4,359
08/05/2021,BHM,AL,ASO,ES,Combined TRACON& Tower with Radar,86,53,94,19,252,0,2,55,4,61,86,55,149,23,313,52,0,52,365
08/06/2021,BHM,AL,ASO,ES,Combined TRACON& Tower with Radar,89,48,78,25,240,0,1,53,3,57,89,49,131,28,297,16,0,16,313
08/07/2021,BHM,AL,ASO,ES,Combined TRACON& Tower with Radar,74,28,55,22,179,0,0,44,5,49,74,28,99,27,228,22,8,30,258
08/08/2021,BHM,AL,ASO,ES,Combined TRACON& Tower with Radar,85,25,79,2,191,0,1,31,7,39,85,26,110,9,230,0,0,0,230
08/09/2021,BHM,AL,ASO,ES,Combined TRACON& Tower with Radar,84,29,70,22,205,0,4,33,5,42,84,33,103,27,247,0,0,0,247
08/10/2021,BHM,AL,ASO,ES,Combined TRACON& Tower with Radar,82,43,88,11,224,0,1,33,0,34,82,44,121,11,258,14,0,14,272
08/11/2021,BHM,AL,ASO,ES,Combined TRACON& Tower with Radar,83,43,83,4,213,0,0,26,0,26,83,43,109,4,239,20,20,40,279
08/12/2021,BHM,AL,ASO,ES,Combined TRACON& Tower with Radar,92,48,99,11,250,0,0,52,2,54,92,48,151,13,304,12,0,12,316
08/13/2021,BHM,AL,ASO,ES,Combined TRACON& Tower with Radar,87,51,53,38,229,0,2,41,9,52,87,53,94,47,281,0,0,0,281
08/14/2021,BHM,AL,ASO,ES,Combined TRACON& Tower with Radar,77,32,31,16,156,0,2,47,2,51,77,34,78,18,207,10,0,10,217
08/15/2021,BHM,AL,ASO,ES,Combined TRACON& Tower with Radar,85,36,49,1,171,0,0,11,0,11,85,36,60,1,182,0,0,0,182
08/16/2021,BHM,AL,ASO,ES,Combined TRACON& Tower with Radar,82,40,68,11,201,0,2,41,1,44,82,42,109,12,245,29,0,29,274
08/17/2021,BHM,AL,ASO,ES,Combined TRACON& Tower with Radar,80,46,67,48,241,0,0,13,7,20,80,46,80,55,261,16,0,16,277
08/18/2021,BHM,AL,ASO,ES,Combined TRACON& Tower with Radar,88,43,93,58,282,0,0,49,9,58,88,43,142,67,340,0,0,0,340
08/19/2021,BHM,AL,ASO,ES,Combined TRACON& Tower with Radar,91,54,91,1,237,0,3,5,0,8,91,57,96,1,245,0,0,0,245
08/20/2021,BHM,AL,ASO,ES,Combined TRACON& Tower with Radar,90,39,64,25,218,0,0,4,0,4,90,39,68,25,222,0,0,0,222
08/21/2021,BHM,AL,ASO,ES,Combined TRACON& Tower with Radar,75,18,22,0,115,0,1,8,2,11,75,19,30,2,126,0,0,0,126
08/22/2021,BHM,AL,ASO,ES,Combined TRACON& Tower with Radar,90,22,39,7,158,0,1,13,1,15,90,23,52,8,173,13,0,13,186
08/23/2021,BHM,AL,ASO,ES,Combined TRACON& Tower with Radar,84,35,67,11,197,0,4,72,9,85,84,39,139,20,282,0,0,0,282
08/24/2021,BHM,AL,ASO,ES,Combined TRACON& Tower with Radar,81,45,63,27,216,0,3,52,2,57,81,48,115,29,273,4,4,8,281
08/25/2021,BHM,AL,ASO,ES,Combined TRACON& Tower with Radar,86,46,100,16,248,0,7,58,0,65,86,53,158,16,313,0,0,0,313
08/26/2021,BHM,AL,ASO,ES,Combined TRACON& Tower with Radar,89,38,95,17,239,0,4,24,11,39,89,42,119,28,278,22,0,22,300
08/27/2021,BHM,AL,ASO,ES,Combined TRACON& Tower with Radar,91,37,79,12,219,0,8,31,8,47,91,45,110,20,266,8,0,8,274
08/28/2021,BHM,AL,ASO,ES,Combined TRACON& Tower with Radar,77,18,53,1,149,0,5,19,0,24,77,23,72,1,173,0,0,0,173
08/29/2021,BHM,AL,ASO,ES,Combined TRACON& Tower with Radar,93,21,40,6,160,0,1,8,1,10,93,22,48,7,170,0,0,0,170
08/30/2021,BHM,AL,ASO,ES,Combined TRACON& Tower with Radar,74,26,43,0,143,0,0,1,0,1,74,26,44,0,144,0,0,0,144
08/31/2021,BHM,AL,ASO,ES,Combined TRACON& Tower with Radar,93,37,44,0,174,0,0,0,0,0,93,37,44,0,174,0,0,0,174
09/01/2021,BHM,AL,ASO,ES,Combined TRACON& Tower with Radar,87,58,84,13,242,0,0,39,1,40,87,58,123,14,282,12,0,12,294
09/02/2021,BHM,AL,ASO,ES,Combined TRACON& Tower with Radar,90,53,84,19,246,0,5,53,11,69,90,58,137,30,315,0,0,0,315
09/03/2021,BHM,AL,ASO,ES,Combined TRACON& Tower with Radar,92,44,89,0,225,1,3,64,0,68,93,47,153,0,293,5,0,5,298
09/04/2021,BHM,AL,ASO,ES,Combined TRACON& Tower with Radar,74,22,29,0,125,0,4,43,0,47,74,26,72,0,172,12,0,12,184
09/05/2021,BHM,AL,ASO,ES,Combined TRACON& Tower with Radar,76,11,40,1,128,0,0,32,0,32,76,11,72,1,160,0,0,0,160
09/06/2021,BHM,AL,ASO,ES,Combined TRACON& Tower with Radar,74,14,64,0,152,0,2,15,0,17,74,16,79,0,169,0,0,0,169
09/07/2021,BHM,AL,ASO,ES,Combined TRACON& Tower with Radar,77,38,91,25,231,0,2,33,3,38,77,40,124,28,269,0,0,0,269
09/08/2021,BHM,AL,ASO,ES,Combined TRACON& Tower with Radar,77,58,89,30,254,0,1,22,1,24,77,59,111,31,278,8,0,8,286
09/09/2021,BHM,AL,ASO,ES,Combined TRACON& Tower with Radar,89,59,89,30,267,0,1,48,10,59,89,60,137,40,326,0,0,0,326
09/10/2021,BHM,AL,ASO,ES,Combined TRACON& Tower with Radar,94,46,89,20,249,0,2,44,13,59,94,48,133,33,308,0,6,6,314
09/11/2021,BHM,AL,ASO,ES,Combined TRACON& Tower with Radar,74,21,31,2,128,0,2,56,18,76,74,23,87,20,204,0,0,0,204
09/12/2021,BHM,AL,ASO,ES,Combined TRACON& Tower with Radar,88,28,48,3,167,0,3,43,8,54,88,31,91,11,221,8,0,8,229
09/13/2021,BHM,AL,ASO,ES,Combined TRACON& Tower with Radar,89,29,66,36,220,0,1,37,0,38,89,30,103,36,258,10,0,10,268
09/14/2021,BHM,AL,ASO,ES,Combined TRACON& Tower with Radar,76,62,91,58,287,0,1,19,3,23,76,63,110,61,310,30,0,30,340
09/15/2021,BHM,AL,ASO,ES,Combined TRACON& Tower with Radar,80,53,87,38,258,0,1,3,2,6,80,54,90,40,264,0,0,0,264
09/16/2021,BHM,AL,ASO,ES,Combined TRACON& Tower with Radar,98,59,91,36,284,0,0,1,0,1,98,59,92,36,285,0,0,0,285
09/17/2021,BHM,AL,ASO,ES,Combined TRACON& Tower with Radar,98,55,89,24,266,0,0,7,10,17,98,55,96,34,283,0,0,0,283
09/18/2021,BHM,AL,ASO,ES,Combined TRACON& Tower with Radar,84,23,45,0,152,0,1,3,1,5,84,24,48,1,157,16,0,16,173
09/19/2021,BHM,AL,ASO,ES,Combined TRACON& Tower with Radar,96,29,71,6,202,0,0,0,0,0,96,29,71,6,202,0,0,0,202
09/20/2021,BHM,AL,ASO,ES,Combined TRACON& Tower with Radar,89,37,73,43,242,0,0,11,0,11,89,37,84,43,253,0,0,0,253
09/21/2021,BHM,AL,ASO,ES,Combined TRACON& Tower with Radar,76,50,97,13,236,0,1,18,2,21,76,51,115,15,257,0,0,0,257
09/22/2021,BHM,AL,ASO,ES,Combined TRACON& Tower with Radar,80,42,97,8,227,0,5,25,5,35,80,47,122,13,262,0,0,0,262
09/23/2021,BHM,AL,ASO,ES,Combined TRACON& Tower with Radar,94,44,101,12,251,0,5,54,7,66,94,49,155,19,317,26,0,26,343
09/24/2021,BHM,AL,ASO,ES,Combined TRACON& Tower with Radar,101,43,88,8,240,0,6,51,7,64,101,49,139,15,304,20,0,20,324
09/25/2021,BHM,AL,ASO,ES,Combined TRACON& Tower with Radar,76,25,58,0,159,0,4,69,0,73,76,29,127,0,232,0,0,0,232
09/26/2021,BHM,AL,ASO,ES,Combined TRACON& Tower with Radar,102,33,69,0,204,0,2,59,1,62,102,35,128,1,266,3,0,3,269
09/27/2021,BHM,AL,ASO,ES,Combined TRACON& Tower with Radar,89,30,64,23,206,0,2,55,2,59,89,32,119,25,265,0,0,0,265
09/28/2021,BHM,AL,ASO,ES,Combined TRACON& Tower with Radar,76,55,63,17,211,0,2,50,0,52,76,57,113,17,263,0,0,0,263
09/29/2021,BHM,AL,ASO,ES,Combined TRACON& Tower with Radar,84,55,79,22,240,0,3,48,8,59,84,58,127,30,299,11,0,11,310
09/30/2021,BHM,AL,ASO,ES,Combined TRACON& Tower with Radar,92,55,99,10,256,0,3,34,10,47,92,58,133,20,303,24,0,24,327
10/01/2021,BHM,AL,ASO,ES,Combined TRACON& Tower with Radar,97,48,80,47,272,0,2,53,8,63,97,50,133,55,335,0,0,0,335
10/02/2021,BHM,AL,ASO,ES,Combined TRACON& Tower with Radar,81,28,49,3,161,0,0,40,2,42,81,28,89,5,203,10,0,10,213
10/03/2021,BHM,AL,ASO,ES,Combined TRACON& Tower with Radar,93,32,82,5,212,0,0,7,9,16,93,32,89,14,228,0,0,0,228
10/04/2021,BHM,AL,ASO,ES,Combined TRACON& Tower with Radar,91,36,61,6,194,0,0,9,0,9,91,36,70,6,203,0,0,0,203
10/05/2021,BHM,AL,ASO,ES,Combined TRACON& Tower with Radar,75,53,67,4,199,0,0,2,0,2,75,53,69,4,201,0,0,0,201
10/06/2021,BHM,AL,ASO,ES,Combined TRACON& Tower with Radar,81,56,79,22,238,0,0,6,0,6,81,56,85,22,244,0,0,0,244
10/07/2021,BHM,AL,ASO,ES,Combined TRACON& Tower with Radar,99,72,118,15,304,0,1,24,3,28,99,73,142,18,332,0,0,0,332
10/08/2021,BHM,AL,ASO,ES,Combined TRACON& Tower with Radar,99,58,106,6,269,0,3,65,3,71,99,61,171,9,340,0,0,0,340
10/09/2021,BHM,AL,ASO,ES,Combined TRACON& Tower with Radar,80,30,57,0,167,0,1,46,1,48,80,31,103,1,215,20,0,20,235
10/10/2021,BHM,AL,ASO,ES,Combined TRACON& Tower with Radar,85,35,78,0,198,0,1,43,0,44,85,36,121,0,242,8,0,8,250
10/11/2021,BHM,AL,ASO,ES,Combined TRACON& Tower with Radar,92,63,102,3,260,0,2,29,0,31,92,65,131,3,291,0,0,0,291
10/12/2021,BHM,AL,ASO,ES,Combined TRACON& Tower with Radar,87,45,88,12,232,0,2,28,0,30,87,47,116,12,262,0,0,0,262
10/13/2021,BHM,AL,ASO,ES,Combined TRACON& Tower with Radar,93,58,91,17,259,0,2,43,1,46,93,60,134,18,305,0,0,0,305
10/14/2021,BHM,AL,ASO,ES,Combined TRACON& Tower with Radar,102,66,93,15,276,0,1,51,1,53,102,67,144,16,329,0,0,0,329
10/15/2021,BHM,AL,ASO,ES,Combined TRACON& Tower with Radar,101,57,93,45,296,0,2,54,2,58,101,59,147,47,354,0,0,0,354
10/16/2021,BHM,AL,ASO,ES,Combined TRACON& Tower with Radar,83,29,59,0,171,0,2,14,2,18,83,31,73,2,189,0,0,0,189
10/17/2021,BHM,AL,ASO,ES,Combined TRACON& Tower with Radar,91,27,79,4,201,0,2,33,3,38,91,29,112,7,239,0,0,0,239
10/18/2021,BHM,AL,ASO,ES,Combined TRACON& Tower with Radar,94,51,87,14,246,0,1,40,6,47,94,52,127,20,293,22,0,22,315
10/19/2021,BHM,AL,ASO,ES,Combined TRACON& Tower with Radar,90,46,86,25,247,0,11,60,1,72,90,57,146,26,319,0,0,0,319
10/20/2021,BHM,AL,ASO,ES,Combined TRACON& Tower with Radar,90,45,98,33,266,0,2,52,5,59,90,47,150,38,325,22,2,24,349
10/21/2021,BHM,AL,ASO,ES,Combined TRACON& Tower with Radar,92,61,120,27,300,0,3,16,4,23,92,64,136,31,323,0,10,10,333
10/22/2021,BHM,AL,ASO,ES,Combined TRACON& Tower with Radar,103,54,79,9,245,0,4,44,5,53,103,58,123,14,298,0,0,0,298
10/23/2021,BHM,AL,ASO,ES,Combined TRACON& Tower with Radar,87,34,50,0,171,0,2,53,6,61,87,36,103,6,232,0,0,0,232
10/24/2021,BHM,AL,ASO,ES,Combined TRACON& Tower with Radar,88,34,77,5,204,0,3,43,1,47,88,37,120,6,251,28,0,28,279
10/25/2021,BHM,AL,ASO,ES,Combined TRACON& Tower with Radar,94,49,98,6,247,0,2,15,1,18,94,51,113,7,265,6,0,6,271
10/26/2021,BHM,AL,ASO,ES,Combined TRACON& Tower with Radar,87,60,124,17,288,0,5,36,8,49,87,65,160,25,337,17,6,23,360
10/27/2021,BHM,AL,ASO,ES,Combined TRACON& Tower with Radar,91,66,141,26,324,0,0,54,2,56,91,66,195,28,380,0,0,0,380
10/28/2021,BHM,AL,ASO,ES,Combined TRACON& Tower with Radar,93,51,119,17,280,0,0,2,3,5,93,51,121,20,285,0,6,6,291
10/29/2021,BHM,AL,ASO,ES,Combined TRACON& Tower with Radar,100,46,90,2,238,0,0,0,0,0,100,46,90,2,238,0,0,0,238
10/30/2021,BHM,AL,ASO,ES,Combined TRACON& Tower with Radar,76,28,58,0,162,0,0,0,0,0,76,28,58,0,162,0,0,0,162
10/31/2021,BHM,AL,ASO,ES,Combined TRACON& Tower with Radar,65,45,65,0,175,0,2,38,2,42,65,47,103,2,217,0,0,0,217
11/01/2021,BHM,AL,ASO,ES,Combined TRACON& Tower with Radar,79,44,77,3,203,0,2,43,3,48,79,46,120,6,251,4,0,4,255
11/02/2021,BHM,AL,ASO,ES,Combined TRACON& Tower with Radar,69,70,82,4,225,0,2,39,2,43,69,72,121,6,268,0,0,0,268
11/03/2021,BHM,AL,ASO,ES,Combined TRACON& Tower with Radar,74,73,105,12,264,0,1,12,1,14,74,74,117,13,278,0,0,0,278
11/04/2021,BHM,AL,ASO,ES,Combined TRACON& Tower with Radar,82,57,108,18,265,0,0,1,0,1,82,57,109,18,266,0,0,0,266
11/05/2021,BHM,AL,ASO,ES,Combined TRACON& Tower with Radar,90,86,121,29,326,0,4,32,6,42,90,90,153,35,368,0,4,4,372
11/06/2021,BHM,AL,ASO,ES,Combined TRACON& Tower with Radar,74,44,58,1,177,0,2,47,8,57,74,46,105,9,234,0,0,0,234
11/07/2021,BHM,AL,ASO,ES,Combined TRACON& Tower with Radar,79,55,69,6,209,0,1,40,5,46,79,56,109,11,255,0,0,0,255
11/08/2021,BHM,AL,ASO,ES,Combined TRACON& Tower with Radar,81,59,74,14,228,0,4,43,4,51,81,63,117,18,279,0,0,0,279
11/09/2021,BHM,AL,ASO,ES,Combined TRACON& Tower with Radar,70,70,85,27,252,0,4,33,4,41,70,74,118,31,293,0,0,0,293
11/10/2021,BHM,AL,ASO,ES,Combined TRACON& Tower with Radar,76,81,89,14,260,0,5,38,9,52,76,86,127,23,312,0,0,0,312
11/11/2021,BHM,AL,ASO,ES,Combined TRACON& Tower with Radar,82,80,97,3,262,0,1,12,0,13,82,81,109,3,275,0,0,0,275
11/12/2021,BHM,AL,ASO,ES,Combined TRACON& Tower with Radar,93,64,98,8,263,0,3,35,1,39,93,67,133,9,302,0,0,0,302
11/13/2021,BHM,AL,ASO,ES,Combined TRACON& Tower with Radar,73,36,47,2,158,0,7,35,0,42,73,43,82,2,200,0,0,0,200
11/14/2021,BHM,AL,ASO,ES,Combined TRACON& Tower with Radar,83,46,93,5,227,0,3,26,1,30,83,49,119,6,257,0,0,0,257
11/15/2021,BHM,AL,ASO,ES,Combined TRACON& Tower with Radar,81,52,82,6,221,0,5,41,7,53,81,57,123,13,274,28,0,28,302
11/16/2021,BHM,AL,ASO,ES,Combined TRACON& Tower with Radar,70,62,100,32,264,0,5,25,0,30,70,67,125,32,294,26,6,32,326
11/17/2021,BHM,AL,ASO,ES,Combined TRACON& Tower with Radar,77,71,111,33,292,0,1,45,1,47,77,72,156,34,339,0,0,0,339
11/18/2021,BHM,AL,ASO,ES,Combined TRACON& Tower with Radar,79,70,105,24,278,0,0,3,10,13,79,70,108,34,291,0,0,0,291
11/19/2021,BHM,AL,ASO,ES,Combined TRACON& Tower with Radar,90,67,105,2,264,0,4,43,9,56,90,71,148,11,320,0,0,0,320
11/20/2021,BHM,AL,ASO,ES,Combined TRACON& Tower with Radar,73,37,63,0,173,0,3,57,5,65,73,40,120,5,238,30,0,30,268
11/21/2021,BHM,AL,ASO,ES,Combined TRACON& Tower with Radar,80,39,68,2,189,0,1,27,1,29,80,40,95,3,218,0,0,0,218
11/22/2021,BHM,AL,ASO,ES,Combined TRACON& Tower with Radar,75,48,63,33,219,0,2,23,4,29,75,50,86,37,248,4,0,4,252
11/23/2021,BHM,AL,ASO,ES,Combined TRACON& Tower with Radar,84,70,79,34,267,0,3,45,6,54,84,73,124,40,321,8,0,8,329
11/24/2021,BHM,AL,ASO,ES,Combined TRACON& Tower with Radar,89,61,59,1,210,0,2,32,1,35,89,63,91,2,245,0,0,0,245
11/25/2021,BHM,AL,ASO,ES,Combined TRACON& Tower with Radar,50,41,14,0,105,0,0,17,0,17,50,41,31,0,122,0,0,0,122
11/26/2021,BHM,AL,ASO,ES,Combined TRACON& Tower with Radar,61,44,41,0,146,0,1,28,0,29,61,45,69,0,175,0,0,0,175
11/27/2021,BHM,AL,ASO,ES,Combined TRACON& Tower with Radar,81,46,59,0,186,0,1,26,1,28,81,47,85,1,214,16,0,16,230
11/28/2021,BHM,AL,ASO,ES,Combined TRACON& Tower with Radar,86,56,93,0,235,0,2,22,2,26,86,58,115,2,261,16,0,16,277
11/29/2021,BHM,AL,ASO,ES,Combined TRACON& Tower with Radar,84,44,88,8,224,0,1,23,1,25,84,45,111,9,249,4,0,4,253
11/30/2021,BHM,AL,ASO,ES,Combined TRACON& Tower with Radar,83,50,83,28,244,0,6,44,6,56,83,56,127,34,300,0,0,0,300
12/01/2021,BHM,AL,ASO,ES,Combined TRACON& Tower with Radar,74,61,104,33,272,0,4,36,3,43,74,65,140,36,315,0,0,0,315
12/02/2021,BHM,AL,ASO,ES,Combined TRACON& Tower with Radar,86,57,118,39,300,0,0,38,5,43,86,57,156,44,343,0,0,0,343
12/03/2021,BHM,AL,ASO,ES,Combined TRACON& Tower with Radar,87,47,97,47,278,0,3,36,7,46,87,50,133,54,324,8,0,8,332
12/04/2021,BHM,AL,ASO,ES,Combined TRACON& Tower with Radar,67,33,66,13,179,0,2,10,0,12,67,35,76,13,191,0,0,0,191
12/05/2021,BHM,AL,ASO,ES,Combined TRACON& Tower with Radar,79,35,65,4,183,0,2,23,0,25,79,37,88,4,208,12,0,12,220
12/06/2021,BHM,AL,ASO,ES,Combined TRACON& Tower with Radar,77,40,86,0,203,0,1,2,0,3,77,41,88,0,206,0,0,0,206
12/07/2021,BHM,AL,ASO,ES,Combined TRACON& Tower with Radar,79,65,108,66,318,0,3,28,1,32,79,68,136,67,350,0,10,10,360
12/08/2021,BHM,AL,ASO,ES,Combined TRACON& Tower with Radar,83,67,101,20,271,0,5,25,6,36,83,72,126,26,307,0,0,0,307
12/09/2021,BHM,AL,ASO,ES,Combined TRACON& Tower with Radar,88,59,96,52,295,0,3,23,6,32,88,62,119,58,327,0,0,0,327
12/10/2021,BHM,AL,ASO,ES,Combined TRACON& Tower with Radar,87,50,87,4,228,0,0,0,0,0,87,50,87,4,228,0,0,0,228
12/11/2021,BHM,AL,ASO,ES,Combined TRACON& Tower with Radar,73,25,19,0,117,0,0,2,2,4,73,25,21,2,121,0,0,0,121
12/12/2021,BHM,AL,ASO,ES,Combined TRACON& Tower with Radar,78,47,64,5,194,0,9,46,3,58,78,56,110,8,252,0,0,0,252
12/13/2021,BHM,AL,ASO,ES,Combined TRACON& Tower with Radar,83,45,68,19,215,0,3,45,0,48,83,48,113,19,263,0,0,0,263
12/14/2021,BHM,AL,ASO,ES,Combined TRACON& Tower with Radar,78,69,98,67,312,0,6,53,1,60,78,75,151,68,372,50,16,66,438
12/15/2021,BHM,AL,ASO,ES,Combined TRACON& Tower with Radar,79,70,110,33,292,0,0,18,3,21,79,70,128,36,313,0,0,0,313
12/16/2021,BHM,AL,ASO,ES,Combined TRACON& Tower with Radar,83,67,102,39,291,0,0,35,8,43,83,67,137,47,334,0,0,0,334
12/17/2021,BHM,AL,ASO,ES,Combined TRACON& Tower with Radar,84,43,98,14,239,0,0,2,6,8,84,43,100,20,247,0,0,0,247
12/18/2021,BHM,AL,ASO,ES,Combined TRACON& Tower with Radar,75,48,38,0,161,0,0,1,0,1,75,48,39,0,162,0,0,0,162
12/19/2021,BHM,AL,ASO,ES,Combined TRACON& Tower with Radar,74,38,65,4,181,0,3,6,0,9,74,41,71,4,190,0,0,0,190
12/20/2021,BHM,AL,ASO,ES,Combined TRACON& Tower with Radar,77,44,61,10,192,0,0,3,0,3,77,44,64,10,195,0,0,0,195
12/21/2021,BHM,AL,ASO,ES,Combined TRACON& Tower with Radar,79,62,92,43,276,0,2,22,3,27,79,64,114,46,303,0,0,0,303
12/22/2021,BHM,AL,ASO,ES,Combined TRACON& Tower with Radar,80,49,72,19,220,0,0,46,17,63,80,49,118,36,283,0,0,0,283
12/23/2021,BHM,AL,ASO,ES,Combined TRACON& Tower with Radar,84,39,66,18,207,0,10,48,3,61,84,49,114,21,268,0,0,0,268
12/24/2021,BHM,AL,ASO,ES,Combined TRACON& Tower with Radar,63,32,27,0,122,0,2,11,1,14,63,34,38,1,136,0,0,0,136
12/25/2021,BHM,AL,ASO,ES,Combined TRACON& Tower with Radar,57,32,12,0,101,0,0,15,3,18,57,32,27,3,119,0,0,0,119
12/26/2021,BHM,AL,ASO,ES,Combined TRACON& Tower with Radar,66,32,77,0,175,0,0,10,2,12,66,32,87,2,187,0,0,0,187
12/27/2021,BHM,AL,ASO,ES,Combined TRACON& Tower with Radar,72,46,72,0,190,0,1,11,2,14,72,47,83,2,204,0,0,0,204
12/28/2021,BHM,AL,ASO,ES,Combined TRACON& Tower with Radar,81,46,77,5,209,0,1,4,2,7,81,47,81,7,216,0,0,0,216
12/29/2021,BHM,AL,ASO,ES,Combined TRACON& Tower with Radar,74,32,54,4,164,0,3,10,0,13,74,35,64,4,177,0,0,0,177
12/30/2021,BHM,AL,ASO,ES,Combined TRACON& Tower with Radar,74,34,62,0,170,0,0,1,0,1,74,34,63,0,171,0,0,0,171
12/31/2021,BHM,AL,ASO,ES,Combined TRACON& Tower with Radar,58,35,46,0,139,0,1,1,2,4,58,36,47,2,143,0,0,0,143
01/01/2022,BHM,AL,ASO,ES,Combined TRACON& Tower with Radar,67,33,29,0,129,0,1,3,0,4,67,34,32,0,133,0,0,0,133
01/02/2022,BHM,AL,ASO,ES,Combined TRACON& Tower with Radar,67,22,69,0,158,0,0,2,0,2,67,22,71,0,160,0,0,0,160
01/03/2022,BHM,AL,ASO,ES,Combined TRACON& Tower with Radar,63,44,78,2,187,0,0,0,0,0,63,44,78,2,187,0,0,0,187
01/04/2022,BHM,AL,ASO,ES,Combined TRACON& Tower with Radar,69,42,59,11,181,0,4,37,0,41,69,46,96,11,222,0,0,0,222
01/05/2022,BHM,AL,ASO,ES,Combined TRACON& Tower with Radar,71,45,82,45,243,0,1,12,3,16,71,46,94,48,259,0,0,0,259
01/06/2022,BHM,AL,ASO,ES,Combined TRACON& Tower with Radar,67,59,45,4,175,0,0,1,0,1,67,59,46,4,176,0,0,0,176
01/07/2022,BHM,AL,ASO,ES,Combined TRACON& Tower with Radar,75,41,50,25,191,0,0,53,14,67,75,41,103,39,258,0,0,0,258
01/08/2022,BHM,AL,ASO,ES,Combined TRACON& Tower with Radar,63,31,46,16,156,0,3,42,7,52,63,34,88,23,208,0,0,0,208
01/09/2022,BHM,AL,ASO,ES,Combined TRACON& Tower with Radar,66,34,51,0,151,0,1,0,0,1,66,35,51,0,152,0,0,0,152
01/10/2022,BHM,AL,ASO,ES,Combined TRACON& Tower with Radar,75,50,98,3,226,0,10,19,4,33,75,60,117,7,259,0,0,0,259
01/11/2022,BHM,AL,ASO,ES,Combined TRACON& Tower with Radar,82,61,130,27,300,0,4,43,12,59,82,65,173,39,359,0,0,0,359
01/12/2022,BHM,AL,ASO,ES,Combined TRACON& Tower with Radar,73,39,95,19,226,0,0,54,6,60,73,39,149,25,286,0,0,0,286
01/13/2022,BHM,AL,ASO,ES,Combined TRACON& Tower with Radar,74,56,63,39,232,0,0,49,6,55,74,56,112,45,287,0,0,0,287
01/14/2022,BHM,AL,ASO,ES,Combined TRACON& Tower with Radar,76,49,69,12,206,0,3,60,0,63,76,52,129,12,269,0,0,0,269
01/15/2022,BHM,AL,ASO,ES,Combined TRACON& Tower with Radar,58,24,42,0,124,0,0,17,0,17,58,24,59,0,141,0,0,0,141
01/16/2022,BHM,AL,ASO,ES,Combined TRACON& Tower with Radar,47,23,25,0,95,0,0,0,0,0,47,23,25,0,95,0,0,0,95
01/17/2022,BHM,AL,ASO,ES,Combined TRACON& Tower with Radar,66,50,47,0,163,0,1,9,0,10,66,51,56,0,173,0,0,0,173
01/18/2022,BHM,AL,ASO,ES,Combined TRACON& Tower with Radar,66,49,72,17,204,0,1,44,0,45,66,50,116,17,249,0,0,0,249
01/19/2022,BHM,AL,ASO,ES,Combined TRACON& Tower with Radar,72,55,77,32,236,0,4,29,3,36,72,59,106,35,272,0,0,0,272
01/20/2022,BHM,AL,ASO,ES,Combined TRACON& Tower with Radar,79,50,76,32,237,0,0,3,5,8,79,50,79,37,245,0,0,0,245
01/21/2022,BHM,AL,ASO,ES,Combined TRACON& Tower with Radar,83,55,64,30,232,0,0,4,8,12,83,55,68,38,244,0,0,0,244
01/22/2022,BHM,AL,ASO,ES,Combined TRACON& Tower with Radar,54,28,54,0,136,0,0,46,6,52,54,28,100,6,188,0,0,0,188
01/23/2022,BHM,AL,ASO,ES,Combined TRACON& Tower with Radar,64,34,62,1,161,0,3,57,7,67,64,37,119,8,228,0,0,0,228
01/24/2022,BHM,AL,ASO,ES,Combined TRACON& Tower with Radar,72,44,93,12,221,0,3,30,1,34,72,47,123,13,255,0,0,0,255
01/25/2022,BHM,AL,ASO,ES,Combined TRACON& Tower with Radar,72,54,91,44,261,0,2,47,4,53,72,56,138,48,314,0,0,0,314
01/26/2022,BHM,AL,ASO,ES,Combined TRACON& Tower with Radar,76,53,63,21,213,0,2,34,7,43,76,55,97,28,256,0,0,0,256
01/27/2022,BHM,AL,ASO,ES,Combined TRACON& Tower with Radar,74,66,80,50,270,0,4,50,13,67,74,70,130,63,337,0,0,0,337
01/28/2022,BHM,AL,ASO,ES,Combined TRACON& Tower with Radar,93,64,46,18,221,0,4,44,2,50,93,68,90,20,271,0,0,0,271
01/29/2022,BHM,AL,ASO,ES,Combined TRACON& Tower with Radar,57,35,39,0,131,0,3,40,2,45,57,38,79,2,176,0,0,0,176
01/30/2022,BHM,AL,ASO,ES,Combined TRACON& Tower with Radar,62,42,55,0,159,0,1,32,2,35,62,43,87,2,194,0,0,0,194
01/31/2022,BHM,AL,ASO,ES,Combined TRACON& Tower with Radar,74,37,78,5,194,0,2,37,0,39,74,39,115,5,233,0,0,0,233
02/01/2022,BHM,AL,ASO,ES,Combined TRACON& Tower with Radar,78,45,78,31,232,0,1,34,10,45,78,46,112,41,277,0,0,0,277
02/02/2022,BHM,AL,ASO,ES,Combined TRACON& Tower with Radar,72,39,65,8,184,0,1,2,0,3,72,40,67,8,187,0,0,0,187
02/03/2022,BHM,AL,ASO,ES,Combined TRACON& Tower with Radar,71,48,32,0,151,0,0,0,0,0,71,48,32,0,151,0,0,0,151
02/04/2022,BHM,AL,ASO,ES,Combined TRACON& Tower with Radar,70,43,40,1,154,0,0,0,2,2,70,43,40,3,156,0,0,0,156
02/05/2022,BHM,AL,ASO,ES,Combined TRACON& Tower with Radar,51,27,44,2,124,0,0,20,11,31,51,27,64,13,155,0,0,0,155
02/06/2022,BHM,AL,ASO,ES,Combined TRACON& Tower with Radar,66,33,45,6,150,0,3,55,0,58,66,36,100,6,208,0,0,0,208
02/07/2022,BHM,AL,ASO,ES,Combined TRACON& Tower with Radar,79,31,58,31,199,0,9,36,0,45,79,40,94,31,244,8,0,8,252
02/08/2022,BHM,AL,ASO,ES,Combined TRACON& Tower with Radar,78,43,80,26,227,0,9,51,4,64,78,52,131,30,291,10,0,10,301
02/09/2022,BHM,AL,ASO,ES,Combined TRACON& Tower with Radar,76,52,84,22,234,0,6,60,3,69,76,58,144,25,303,0,0,0,303
02/10/2022,BHM,AL,ASO,ES,Combined TRACON& Tower with Radar,85,72,103,4,264,0,4,33,10,47,85,76,136,14,311,0,0,0,311
02/11/2022,BHM,AL,ASO,ES,Combined TRACON& Tower with Radar,89,62,93,28,272,0,1,45,11,57,89,63,138,39,329,0,0,0,329
02/12/2022,BHM,AL,ASO,ES,Combined TRACON& Tower with Radar,58,45,34,12,149,0,3,47,9,59,58,48,81,21,208,0,0,0,208
02/13/2022,BHM,AL,ASO,ES,Combined TRACON& Tower with Radar,65,30,47,5,147,0,1,20,7,28,65,31,67,12,175,6,0,6,181
02/14/2022,BHM,AL,ASO,ES,Combined TRACON& Tower with Radar,86,33,48,11,178,0,4,54,1,59,86,37,102,12,237,36,0,36,273
02/15/2022,BHM,AL,ASO,ES,Combined TRACON& Tower with Radar,85,70,90,6,251,0,1,30,2,33,85,71,120,8,284,14,0,14,298
02/16/2022,BHM,AL,ASO,ES,Combined TRACON& Tower with Radar,75,54,109,11,249,0,2,25,5,32,75,56,134,16,281,16,0,16,297
02/17/2022,BHM,AL,ASO,ES,Combined TRACON& Tower with Radar,85,55,76,0,216,0,0,1,0,1,85,55,77,0,217,0,0,0,217
02/18/2022,BHM,AL,ASO,ES,Combined TRACON& Tower with Radar,86,46,120,6,258,0,0,16,1,17,86,46,136,7,275,0,0,0,275
02/19/2022,BHM,AL,ASO,ES,Combined TRACON& Tower with Radar,60,32,43,4,139,0,2,42,1,45,60,34,85,5,184,12,0,12,196
02/20/2022,BHM,AL,ASO,ES,Combined TRACON& Tower with Radar,61,40,76,1,178,0,0,46,0,46,61,40,122,1,224,0,0,0,224
02/21/2022,BHM,AL,ASO,ES,Combined TRACON& Tower with Radar,82,48,86,2,218,0,0,0,0,0,82,48,86,2,218,18,0,18,236
02/22/2022,BHM,AL,ASO,ES,Combined TRACON& Tower with Radar,85,64,94,29,272,0,2,9,4,15,85,66,103,33,287,0,0,0,287
02/23/2022,BHM,AL,ASO,ES,Combined TRACON& Tower with Radar,78,67,98,31,274,0,0,8,0,8,78,67,106,31,282,0,0,0,282
02/24/2022,BHM,AL,ASO,ES,Combined TRACON& Tower with Radar,78,75,106,32,291,0,0,3,4,7,78,75,109,36,298,0,0,0,298
02/25/2022,BHM,AL,ASO,ES,Combined TRACON& Tower with Radar,81,73,113,58,325,0,4,8,3,15,81,77,121,61,340,0,0,0,340
02/26/2022,BHM,AL,ASO,ES,Combined TRACON& Tower with Radar,62,24,63,6,155,0,1,19,4,24,62,25,82,10,179,0,0,0,179
02/27/2022,BHM,AL,ASO,ES,Combined TRACON& Tower with Radar,71,31,74,8,184,0,0,0,0,0,71,31,74,8,184,0,0,0,184
02/28/2022,BHM,AL,ASO,ES,Combined TRACON& Tower with Radar,78,47,87,15,227,0,2,50,6,58,78,49,137,21,285,0,0,0,285
03/01/2022,BHM,AL,ASO,ES,Combined TRACON& Tower with Radar,80,52,78,13,223,0,2,48,4,54,80,54,126,17,277,12,0,12,289
03/02/2022,BHM,AL,ASO,ES,Combined TRACON& Tower with Radar,76,61,88,20,245,0,6,47,6,59,76,67,135,26,304,0,12,12,316
03/03/2022,BHM,AL,ASO,ES,Combined TRACON& Tower with Radar,78,53,107,22,260,0,3,55,11,69,78,56,162,33,329,10,0,10,339
03/04/2022,BHM,AL,ASO,ES,Combined TRACON& Tower with Radar,84,49,106,11,250,0,7,56,5,68,84,56,162,16,318,0,0,0,318
03/05/2022,BHM,AL,ASO,ES,Combined TRACON& Tower with Radar,59,44,63,1,167,0,3,52,12,67,59,47,115,13,234,0,0,0,234
03/06/2022,BHM,AL,ASO,ES,Combined TRACON& Tower with Radar,67,47,77,2,193,0,5,24,3,32,67,52,101,5,225,0,0,0,225
03/07/2022,BHM,AL,ASO,ES,Combined TRACON& Tower with Radar,69,41,52,0,162,0,0,5,0,5,69,41,57,0,167,0,0,0,167
03/08/2022,BHM,AL,ASO,ES,Combined TRACON& Tower with Radar,80,63,77,15,235,0,1,12,1,14,80,64,89,16,249,0,8,8,257
03/09/2022,BHM,AL,ASO,ES,Combined TRACON& Tower with Radar,74,72,114,3,263,0,2,4,0,6,74,74,118,3,269,0,0,0,269
03/10/2022,BHM,AL,ASO,ES,Combined TRACON& Tower with Radar,86,67,91,30,274,0,1,55,2,58,86,68,146,32,332,0,0,0,332
03/11/2022,BHM,AL,ASO,ES,Combined TRACON& Tower with Radar,89,48,80,18,235,0,1,6,2,9,89,49,86,20,244,0,0,0,244
03/12/2022,BHM,AL,ASO,ES,Combined TRACON& Tower with Radar,73,35,51,2,161,0,0,11,4,15,73,35,62,6,176,0,0,0,176
03/13/2022,BHM,AL,ASO,ES,Combined TRACON& Tower with Radar,67,43,59,15,184,0,0,49,3,52,67,43,108,18,236,14,0,14,250
03/14/2022,BHM,AL,ASO,ES,Combined TRACON& Tower with Radar,81,39,58,29,207,0,1,50,2,53,81,40,108,31,260,0,0,0,260
03/15/2022,BHM,AL,ASO,ES,Combined TRACON& Tower with Radar,79,48,70,7,204,0,2,3,0,5,79,50,73,7,209,0,0,0,209
03/16/2022,BHM,AL,ASO,ES,Combined TRACON& Tower with Radar,80,60,92,6,238,0,1,2,0,3,80,61,94,6,241,0,0,0,241
03/17/2022,BHM,AL,ASO,ES,Combined TRACON& Tower with Radar,77,52,116,33,278,0,2,58,13,73,77,54,174,46,351,52,0,52,403
03/18/2022,BHM,AL,ASO,ES,Combined TRACON& Tower with Radar,91,42,53,6,192,0,1,1,0,2,91,43,54,6,194,0,0,0,194
03/19/2022,BHM,AL,ASO,ES,Combined TRACON& Tower with Radar,73,49,44,5,171,0,3,39,11,53,73,52,83,16,224,0,0,0,224
03/20/2022,BHM,AL,ASO,ES,Combined TRACON& Tower with Radar,72,35,59,1,167,0,2,58,4,64,72,37,117,5,231,0,0,0,231
03/21/2022,BHM,AL,ASO,ES,Combined TRACON& Tower with Radar,79,36,95,7,217,0,2,46,6,54,79,38,141,13,271,10,0,10,281
03/22/2022,BHM,AL,ASO,ES,Combined TRACON& Tower with Radar,70,40,75,15,200,0,1,8,3,12,70,41,83,18,212,0,0,0,212
03/23/2022,BHM,AL,ASO,ES,Combined TRACON& Tower with Radar,84,61,93,27,265,0,2,20,0,22,84,63,113,27,287,0,0,0,287
03/24/2022,BHM,AL,ASO,ES,Combined TRACON& Tower with Radar,78,69,124,21,292,0,1,39,4,44,78,70,163,25,336,0,0,0,336
03/25/2022,BHM,AL,ASO,ES,Combined TRACON& Tower with Radar,81,60,93,26,260,0,3,39,15,57,81,63,132,41,317,0,0,0,317
03/26/2022,BHM,AL,ASO,ES,Combined TRACON& Tower with Radar,68,42,60,8,178,0,3,28,4,35,68,45,88,12,213,12,0,12,225
03/27/2022,BHM,AL,ASO,ES,Combined TRACON& Tower with Radar,72,35,67,1,175,0,0,52,15,67,72,35,119,16,242,20,0,20,262
03/28/2022,BHM,AL,ASO,ES,Combined TRACON& Tower with Radar,81,31,78,19,209,0,3,57,1,61,81,34,135,20,270,0,0,0,270
03/29/2022,BHM,AL,ASO,ES,Combined TRACON& Tower with Radar,74,52,96,17,239,0,3,16,1,20,74,55,112,18,259,10,0,10,269
03/30/2022,BHM,AL,ASO,ES,Combined TRACON& Tower with Radar,74,40,69,10,193,0,2,11,2,15,74,42,80,12,208,0,0,0,208
03/31/2022,BHM,AL,ASO,ES,Combined TRACON& Tower with Radar,81,53,84,14,232,0,1,19,3,23,81,54,103,17,255,14,0,14,269
04/01/2022,BHM,AL,ASO,ES,Combined TRACON& Tower with Radar,76,61,100,23,260,0,3,56,9,68,76,64,156,32,328,0,0,0,328
04/02/2022,BHM,AL,ASO,ES,Combined TRACON& Tower with Radar,61,39,61,2,163,0,3,47,6,56,61,42,108,8,219,0,0,0,219
04/03/2022,BHM,AL,ASO,ES,Combined TRACON& Tower with Radar,64,45,90,9,208,0,7,46,10,63,64,52,136,19,271,0,0,0,271
04/04/2022,BHM,AL,ASO,ES,Combined TRACON& Tower with Radar,74,59,122,3,258,0,5,62,2,69,74,64,184,5,327,0,0,0,327
04/05/2022,BHM,AL,ASO,ES,Combined TRACON& Tower with Radar,75,51,65,6,197,0,1,9,0,10,75,52,74,6,207,0,0,0,207
04/06/2022,BHM,AL,ASO,ES,Combined TRACON& Tower with Radar,82,55,97,8,242,0,0,0,0,0,82,55,97,8,242,0,0,0,242
04/07/2022,BHM,AL,ASO,ES,Combined TRACON& Tower with Radar,84,50,115,8,257,0,0,42,6,48,84,50,157,14,305,0,0,0,305
04/08/2022,BHM,AL,ASO,ES,Combined TRACON& Tower with Radar,91,57,96,38,282,0,0,22,13,35,91,57,118,51,317,0,0,0,317
04/09/2022,BHM,AL,ASO,ES,Combined TRACON& Tower with Radar,74,28,35,2,139,0,5,27,0,32,74,33,62,2,171,0,0,0,171
04/10/2022,BHM,AL,ASO,ES,Combined TRACON& Tower with Radar,78,23,72,6,179,0,0,57,7,64,78,23,129,13,243,0,0,0,243
04/11/2022,BHM,AL,ASO,ES,Combined TRACON& Tower with Radar,84,47,79,10,220,0,0,8,5,13,84,47,87,15,233,0,6,6,239
04/12/2022,BHM,AL,ASO,ES,Combined TRACON& Tower with Radar,80,50,102,40,272,0,3,37,1,41,80,53,139,41,313,0,0,0,313
04/13/2022,BHM,AL,ASO,ES,Combined TRACON& Tower with Radar,80,48,114,13,255,0,4,13,0,17,80,52,127,13,272,0,0,0,272
04/14/2022,BHM,AL,ASO,ES,Combined TRACON& Tower with Radar,90,50,106,22,268,0,0,51,11,62,90,50,157,33,330,0,0,0,330
04/15/2022,BHM,AL,ASO,ES,Combined TRACON& Tower with Radar,84,60,89,21,254,0,1,54,1,56,84,61,143,22,310,4,0,4,314
04/16/2022,BHM,AL,ASO,ES,Combined TRACON& Tower with Radar,66,32,38,3,139,0,1,0,0,1,66,33,38,3,140,0,0,0,140
04/17/2022,BHM,AL,ASO,ES,Combined TRACON& Tower with Radar,76,45,31,0,152,0,0,4,0,4,76,45,35,0,156,12,0,12,168
04/18/2022,BHM,AL,ASO,ES,Combined TRACON& Tower with Radar,82,57,121,26,286,0,0,11,0,11,82,57,132,26,297,0,0,0,297
04/19/2022,BHM,AL,ASO,ES,Combined TRACON& Tower with Radar,83,58,127,29,297,0,4,78,8,90,83,62,205,37,387,0,0,0,387
04/20/2022,BHM,AL,ASO,ES,Combined TRACON& Tower with Radar,78,54,107,53,292,0,1,37,7,45,78,55,144,60,337,0,0,0,337
04/21/2022,BHM,AL,ASO,ES,Combined TRACON& Tower with Radar,82,66,111,21,280,0,0,54,5,59,82,66,165,26,339,0,0,0,339
04/22/2022,BHM,AL,ASO,ES,Combined TRACON& Tower with Radar,87,55,91,19,252,0,1,49,12,62,87,56,140,31,314,17,0,17,331
04/23/2022,BHM,AL,ASO,ES,Combined TRACON& Tower with Radar,72,40,69,0,181,0,1,39,3,43,72,41,108,3,224,0,0,0,224
04/24/2022,BHM,AL,ASO,ES,Combined TRACON& Tower with Radar,72,53,87,5,217,0,3,51,4,58,72,56,138,9,275,0,0,0,275
04/25/2022,BHM,AL,ASO,ES,Combined TRACON& Tower with Radar,83,39,82,20,224,0,1,33,1,35,83,40,115,21,259,10,0,10,269
04/26/2022,BHM,AL,ASO,ES,Combined TRACON& Tower with Radar,83,58,100,17,258,0,0,16,2,18,83,58,116,19,276,0,0,0,276
04/27/2022,BHM,AL,ASO,ES,Combined TRACON& Tower with Radar,81,56,130,30,297,0,1,63,3,67,81,57,193,33,364,0,0,0,364
04/28/2022,BHM,AL,ASO,ES,Combined TRACON& Tower with Radar,83,42,106,8,239,0,9,56,7,72,83,51,162,15,311,0,0,0,311
04/29/2022,BHM,AL,ASO,ES,Combined TRACON& Tower with Radar,87,62,99,26,274,0,4,41,10,55,87,66,140,36,329,0,0,0,329
04/30/2022,BHM,AL,ASO,ES,Combined TRACON& Tower with Radar,71,40,73,0,184,0,1,44,0,45,71,41,117,0,229,0,0,0,229
05/01/2022,BHM,AL,ASO,ES,Combined TRACON& Tower with Radar,77,35,85,8,205,0,1,28,0,29,77,36,113,8,234,0,0,0,234
05/02/2022,BHM,AL,ASO,ES,Combined TRACON& Tower with Radar,81,40,93,16,230,0,0,17,1,18,81,40,110,17,248,6,0,6,254
05/03/2022,BHM,AL,ASO,ES,Combined TRACON& Tower with Radar,85,50,89,30,254,0,2,25,2,29,85,52,114,32,283,0,0,0,283
05/04/2022,BHM,AL,ASO,ES,Combined TRACON& Tower with Radar,76,63,101,44,284,0,1,31,10,42,76,64,132,54,326,0,0,0,326
05/05/2022,BHM,AL,ASO,ES,Combined TRACON& Tower with Radar,88,57,98,11,254,0,1,39,3,43,88,58,137,14,297,22,0,22,319
05/06/2022,BHM,AL,ASO,ES,Combined TRACON& Tower with Radar,93,45,90,9,237,0,6,7,4,17,93,51,97,13,254,0,0,0,254
05/07/2022,BHM,AL,ASO,ES,Combined TRACON& Tower with Radar,72,31,61,2,166,0,7,28,2,37,72,38,89,4,203,0,0,0,203
05/08/2022,BHM,AL,ASO,ES,Combined TRACON& Tower with Radar,72,31,71,0,174,0,1,36,2,39,72,32,107,2,213,16,0,16,229
05/09/2022,BHM,AL,ASO,ES,Combined TRACON& Tower with Radar,91,62,90,10,253,1,0,52,0,53,92,62,142,10,306,0,0,0,306
05/10/2022,BHM,AL,ASO,ES,Combined TRACON& Tower with Radar,78,51,91,42,262,0,4,69,1,74,78,55,160,43,336,16,31,47,383
05/11/2022,BHM,AL,ASO,ES,Combined TRACON& Tower with Radar,79,70,116,19,284,0,3,65,0,68,79,73,181,19,352,0,0,0,352
05/12/2022,BHM,AL,ASO,ES,Combined TRACON& Tower with Radar,85,64,97,24,270,0,6,43,8,57,85,70,140,32,327,0,14,14,341
05/13/2022,BHM,AL,ASO,ES,Combined TRACON& Tower with Radar,90,57,67,41,255,0,3,68,9,80,90,60,135,50,335,0,0,0,335
05/14/2022,BHM,AL,ASO,ES,Combined TRACON& Tower with Radar,71,27,47,6,151,0,7,43,5,55,71,34,90,11,206,22,0,22,228
05/15/2022,BHM,AL,ASO,ES,Combined TRACON& Tower with Radar,71,39,70,6,186,0,3,38,14,55,71,42,108,20,241,0,0,0,241
05/16/2022,BHM,AL,ASO,ES,Combined TRACON& Tower with Radar,80,47,72,16,215,0,3,39,0,42,80,50,111,16,257,0,0,0,257
05/17/2022,BHM,AL,ASO,ES,Combined TRACON& Tower with Radar,79,73,74,46,272,0,7,47,8,62,79,80,121,54,334,0,0,0,334
05/18/2022,BHM,AL,ASO,ES,Combined TRACON& Tower with Radar,79,62,104,26,271,0,1,44,4,49,79,63,148,30,320,0,0,0,320
05/19/2022,BHM,AL,ASO,ES,Combined TRACON& Tower with Radar,88,64,122,50,324,0,0,47,13,60,88,64,169,63,384,0,0,0,384
05/20/2022,BHM,AL,ASO,ES,Combined TRACON& Tower with Radar,81,55,91,14,241,0,2,26,16,44,81,57,117,30,285,0,0,0,285
05/21/2022,BHM,AL,ASO,ES,Combined TRACON& Tower with Radar,69,36,60,7,172,0,2,27,4,33,69,38,87,11,205,0,0,0,205
05/22/2022,BHM,AL,ASO,ES,Combined TRACON& Tower with Radar,71,32,65,2,170,0,0,2,6,8,71,32,67,8,178,10,0,10,188
05/23/2022,BHM,AL,ASO,ES,Combined TRACON& Tower with Radar,86,38,82,14,220,0,1,9,1,11,86,39,91,15,231,10,0,10,241
05/24/2022,BHM,AL,ASO,ES,Combined TRACON& Tower with Radar,78,59,78,4,219,0,0,8,0,8,78,59,86,4,227,0,0,0,227
05/25/2022,BHM,AL,ASO,ES,Combined TRACON& Tower with Radar,78,60,62,5,205,0,0,7,1,8,78,60,69,6,213,0,0,0,213
05/26/2022,BHM,AL,ASO,ES,Combined TRACON& Tower with Radar,87,58,90,3,238,0,0,2,0,2,87,58,92,3,240,0,0,0,240
05/27/2022,BHM,AL,ASO,ES,Combined TRACON& Tower with Radar,89,57,94,0,240,0,2,49,0,51,89,59,143,0,291,0,0,0,291
05/28/2022,BHM,AL,ASO,ES,Combined TRACON& Tower with Radar,66,38,54,0,158,0,5,56,2,63,66,43,110,2,221,42,0,42,263
05/29/2022,BHM,AL,ASO,ES,Combined TRACON& Tower with Radar,71,21,31,0,123,0,1,16,0,17,71,22,47,0,140,0,0,0,140
05/30/2022,BHM,AL,ASO,ES,Combined TRACON& Tower with Radar,84,32,75,0,191,0,2,40,0,42,84,34,115,0,233,6,0,6,239
05/31/2022,BHM,AL,ASO,ES,Combined TRACON& Tower with Radar,80,57,87,50,274,0,1,33,2,36,80,58,120,52,310,0,0,0,310
06/01/2022,BHM,AL,ASO,ES,Combined TRACON& Tower with Radar,80,75,80,55,290,0,0,54,6,60,80,75,134,61,350,15,0,15,365
06/02/2022,BHM,AL,ASO,ES,Combined TRACON& Tower with Radar,74,43,91,29,237,0,1,15,4,20,74,44,106,33,257,0,0,0,257
06/03/2022,BHM,AL,ASO,ES,Combined TRACON& Tower with Radar,83,50,99,19,251,0,0,21,5,26,83,50,120,24,277,0,0,0,277
06/04/2022,BHM,AL,ASO,ES,Combined TRACON& Tower with Radar,63,43,50,24,180,0,2,64,9,75,63,45,114,33,255,0,0,0,255
06/05/2022,BHM,AL,ASO,ES,Combined TRACON& Tower with Radar,77,38,76,21,212,0,4,46,10,60,77,42,122,31,272,0,14,14,286
06/06/2022,BHM,AL,ASO,ES,Combined TRACON& Tower with Radar,82,42,89,2,215,0,2,51,1,54,82,44,140,3,269,0,0,0,269
06/07/2022,BHM,AL,ASO,ES,Combined TRACON& Tower with Radar,76,56,89,24,245,0,0,36,7,43,76,56,125,31,288,38,0,38,326
06/08/2022,BHM,AL,ASO,ES,Combined TRACON& Tower with Radar,77,61,86,9,233,0,0,5,0,5,77,61,91,9,238,9,0,9,247
06/09/2022,BHM,AL,ASO,ES,Combined TRACON& Tower with Radar,82,69,95,42,288,0,1,14,5,20,82,70,109,47,308,0,0,0,308
06/10/2022,BHM,AL,ASO,ES,Combined TRACON& Tower with Radar,85,54,98,28,265,0,7,54,11,72,85,61,152,39,337,0,0,0,337
06/11/2022,BHM,AL,ASO,ES,Combined TRACON& Tower with Radar,64,31,37,3,135,0,2,47,3,52,64,33,84,6,187,0,0,0,187
06/12/2022,BHM,AL,ASO,ES,Combined TRACON& Tower with Radar,79,25,71,4,179,0,1,48,2,51,79,26,119,6,230,0,0,0,230
06/13/2022,BHM,AL,ASO,ES,Combined TRACON& Tower with Radar,80,29,67,69,245,0,1,62,6,69,80,30,129,75,314,34,0,34,348
06/14/2022,BHM,AL,ASO,ES,Combined TRACON& Tower with Radar,78,58,84,45,265,0,1,45,2,48,78,59,129,47,313,0,0,0,313
06/15/2022,BHM,AL,ASO,ES,Combined TRACON& Tower with Radar,81,43,98,9,231,0,5,28,3,36,81,48,126,12,267,0,0,0,267
06/16/2022,BHM,AL,ASO,ES,Combined TRACON& Tower with Radar,74,47,99,44,264,0,2,55,9,66,74,49,154,53,330,0,10,10,340
06/17/2022,BHM,AL,ASO,ES,Combined TRACON& Tower with Radar,71,52,107,20,250,0,3,41,0,44,71,55,148,20,294,0,0,0,294
06/18/2022,BHM,AL,ASO,ES,Combined TRACON& Tower with Radar,67,39,52,1,159,0,4,46,0,50,67,43,98,1,209,0,0,0,209
06/19/2022,BHM,AL,ASO,ES,Combined TRACON& Tower with Radar,78,29,60,2,169,0,5,56,0,61,78,34,116,2,230,0,0,0,230
06/20/2022,BHM,AL,ASO,ES,Combined TRACON& Tower with Radar,80,36,89,4,209,0,7,35,1,43,80,43,124,5,252,0,0,0,252
06/21/2022,BHM,AL,ASO,ES,Combined TRACON& Tower with Radar,77,56,83,22,238,0,3,44,4,51,77,59,127,26,289,0,16,16,305
06/22/2022,BHM,AL,ASO,ES,Combined TRACON& Tower with Radar,68,52,123,25,268,0,5,42,7,54,68,57,165,32,322,0,0,0,322
06/23/2022,BHM,AL,ASO,ES,Combined TRACON& Tower with Radar,85,61,106,33,285,0,4,37,12,53,85,65,143,45,338,18,0,18,356
06/24/2022,BHM,AL,ASO,ES,Combined TRACON& Tower with Radar,86,52,113,42,293,0,5,40,12,57,86,57,153,54,350,0,0,0,350
06/25/2022,BHM,AL,ASO,ES,Combined TRACON& Tower with Radar,66,32,50,7,155,0,1,32,5,38,66,33,82,12,193,0,8,8,201
06/26/2022,BHM,AL,ASO,ES,Combined TRACON& Tower with Radar,80,38,78,12,208,0,1,29,0,30,80,39,107,12,238,0,0,0,238
06/27/2022,BHM,AL,ASO,ES,Combined TRACON& Tower with Radar,78,49,74,4,205,0,4,15,0,19,78,53,89,4,224,0,0,0,224
06/28/2022,BHM,AL,ASO,ES,Combined TRACON& Tower with Radar,77,50,81,16,224,0,4,36,8,48,77,54,117,24,272,0,0,0,272
06/29/2022,BHM,AL,ASO,ES,Combined TRACON& Tower with Radar,78,51,76,11,216,0,3,18,7,28,78,54,94,18,244,0,0,0,244
06/30/2022,BHM,AL,ASO,ES,Combined TRACON& Tower with Radar,87,55,120,5,267,0,0,29,4,33,87,55,149,9,300,0,0,0,300
07/01/2022,BHM,AL,ASO,ES,Combined TRACON& Tower with Radar,82,43,75,0,200,0,4,27,3,34,82,47,102,3,234,0,0,0,234
07/02/2022,BHM,AL,ASO,ES,Combined TRACON& Tower with Radar,69,37,39,4,149,0,2,21,2,25,69,39,60,6,174,12,0,12,186
07/03/2022,BHM,AL,ASO,ES,Combined TRACON& Tower with Radar,66,24,25,0,115,0,3,20,0,23,66,27,45,0,138,0,0,0,138
07/04/2022,BHM,AL,ASO,ES,Combined TRACON& Tower with Radar,68,21,26,0,115,1,3,17,0,21,69,24,43,0,136,6,0,6,142
07/05/2022,BHM,AL,ASO,ES,Combined TRACON& Tower with Radar,79,39,85,12,215,0,1,42,1,44,79,40,127,13,259,0,0,0,259
07/06/2022,BHM,AL,ASO,ES,Combined TRACON& Tower with Radar,77,41,108,47,273,0,3,49,1,53,77,44,157,48,326,0,0,0,326
07/07/2022,BHM,AL,ASO,ES,Combined TRACON& Tower with Radar,78,57,83,17,235,0,1,52,14,67,78,58,135,31,302,0,0,0,302
07/08/2022,BHM,AL,ASO,ES,Combined TRACON& Tower with Radar,81,49,67,27,224,0,2,37,19,58,81,51,104,46,282,0,10,10,292
07/09/2022,BHM,AL,ASO,ES,Combined TRACON& Tower with Radar,70,35,29,1,135,0,1,34,5,40,70,36,63,6,175,0,0,0,175
07/10/2022,BHM,AL,ASO,ES,Combined TRACON& Tower with Radar,72,38,91,10,211,0,0,12,3,15,72,38,103,13,226,0,0,0,226
07/11/2022,BHM,AL,ASO,ES,Combined TRACON& Tower with Radar,85,41,55,8,189,0,0,40,1,41,85,41,95,9,230,0,0,0,230
07/12/2022,BHM,AL,ASO,ES,Combined TRACON& Tower with Radar,76,64,97,29,266,0,1,29,7,37,76,65,126,36,303,0,0,0,303
07/13/2022,BHM,AL,ASO,ES,Combined TRACON& Tower with Radar,77,62,90,15,244,0,4,20,3,27,77,66,110,18,271,0,0,0,271
07/14/2022,BHM,AL,ASO,ES,Combined TRACON& Tower with Radar,86,61,98,10,255,0,1,16,8,25,86,62,114,18,280,19,12,31,311
07/15/2022,BHM,AL,ASO,ES,Combined TRACON& Tower with Radar,81,42,74,16,213,0,0,43,7,50,81,42,117,23,263,0,0,0,263
07/16/2022,BHM,AL,ASO,ES,Combined TRACON& Tower with Radar,64,31,31,0,126,0,3,60,1,64,64,34,91,1,190,0,0,0,190
07/17/2022,BHM,AL,ASO,ES,Combined TRACON& Tower with Radar,76,29,72,3,180,0,2,50,5,57,76,31,122,8,237,0,0,0,237
07/18/2022,BHM,AL,ASO,ES,Combined TRACON& Tower with Radar,81,47,96,19,243,0,0,17,2,19,81,47,113,21,262,0,0,0,262
07/19/2022,BHM,AL,ASO,ES,Combined TRACON& Tower with Radar,77,54,82,27,240,0,2,24,1,27,77,56,106,28,267,0,0,0,267
07/20/2022,BHM,AL,ASO,ES,Combined TRACON& Tower with Radar,80,52,96,41,269,0,3,30,3,36,80,55,126,44,305,0,0,0,305
07/21/2022,BHM,AL,ASO,ES,Combined TRACON& Tower with Radar,88,49,99,27,263,0,1,13,10,24,88,50,112,37,287,0,4,4,291
07/22/2022,BHM,AL,ASO,ES,Combined TRACON& Tower with Radar,89,60,97,14,260,0,3,17,10,30,89,63,114,24,290,0,0,0,290
07/23/2022,BHM,AL,ASO,ES,Combined TRACON& Tower with Radar,72,37,45,4,158,0,0,36,3,39,72,37,81,7,197,28,0,28,225
07/24/2022,BHM,AL,ASO,ES,Combined TRACON& Tower with Radar,71,41,71,19,202,0,1,22,1,24,71,42,93,20,226,0,0,0,226
07/25/2022,BHM,AL,ASO,ES,Combined TRACON& Tower with Radar,79,40,88,4,211,0,2,9,0,11,79,42,97,4,222,0,0,0,222
07/26/2022,BHM,AL,ASO,ES,Combined TRACON& Tower with Radar,77,70,99,57,303,0,3,23,2,28,77,73,122,59,331,0,10,10,341
07/27/2022,BHM,AL,ASO,ES,Combined TRACON& Tower with Radar,75,62,113,26,276,0,4,36,10,50,75,66,149,36,326,15,0,15,341
07/28/2022,BHM,AL,ASO,ES,Combined TRACON& Tower with Radar,86,64,93,44,287,0,1,49,7,57,86,65,142,51,344,0,0,0,344
07/29/2022,BHM,AL,ASO,ES,Combined TRACON& Tower with Radar,83,55,70,18,226,0,3,35,15,53,83,58,105,33,279,0,0,0,279
07/30/2022,BHM,AL,ASO,ES,Combined TRACON& Tower with Radar,63,37,45,7,152,0,0,13,0,13,63,37,58,7,165,0,0,0,165
07/31/2022,BHM,AL,ASO,ES,Combined TRACON& Tower with Radar,78,42,58,7,185,0,1,30,1,32,78,43,88,8,217,0,0,0,217
08/01/2022,BHM,AL,ASO,ES,Combined TRACON& Tower with Radar,86,47,57,18,208,0,1,24,7,32,86,48,81,25,240,2,0,2,242
08/02/2022,BHM,AL,ASO,ES,Combined TRACON& Tower with Radar,78,51,60,31,220,0,1,14,3,18,78,52,74,34,238,0,8,8,246
08/03/2022,BHM,AL,ASO,ES,Combined TRACON& Tower with Radar,76,49,119,20,264,0,3,19,1,23,76,52,138,21,287,0,0,0,287
08/04/2022,BHM,AL,ASO,ES,Combined TRACON& Tower with Radar,75,45,74,34,228,0,4,33,10,47,75,49,107,44,275,0,0,0,275
08/05/2022,BHM,AL,ASO,ES,Combined TRACON& Tower with Radar,87,49,50,11,197,0,0,49,14,63,87,49,99,25,260,0,0,0,260
08/06/2022,BHM,AL,ASO,ES,Combined TRACON& Tower with Radar,75,34,56,3,168,0,3,36,6,45,75,37,92,9,213,0,0,0,213
08/07/2022,BHM,AL,ASO,ES,Combined TRACON& Tower with Radar,79,33,61,8,181,0,2,36,4,42,79,35,97,12,223,12,0,12,235
08/08/2022,BHM,AL,ASO,ES,Combined TRACON& Tower with Radar,78,39,61,4,182,0,0,31,1,32,78,39,92,5,214,0,0,0,214
08/09/2022,BHM,AL,ASO,ES,Combined TRACON& Tower with Radar,78,46,80,20,224,0,1,32,2,35,78,47,112,22,259,0,0,0,259
08/10/2022,BHM,AL,ASO,ES,Combined TRACON& Tower with Radar,73,49,81,13,216,0,2,20,4,26,73,51,101,17,242,10,0,10,252
08/11/2022,BHM,AL,ASO,ES,Combined TRACON& Tower with Radar,77,53,117,30,277,0,2,17,5,24,77,55,134,35,301,0,0,0,301
08/12/2022,BHM,AL,ASO,ES,Combined TRACON& Tower with Radar,82,55,104,42,283,0,7,37,9,53,82,62,141,51,336,0,0,0,336
08/13/2022,BHM,AL,ASO,ES,Combined TRACON& Tower with Radar,66,38,33,8,145,0,0,53,2,55,66,38,86,10,200,0,0,0,200
08/14/2022,BHM,AL,ASO,ES,Combined TRACON& Tower with Radar,75,26,50,8,159,0,0,44,2,46,75,26,94,10,205,0,0,0,205
08/15/2022,BHM,AL,ASO,ES,Combined TRACON& Tower with Radar,76,49,75,21,221,0,2,31,2,35,76,51,106,23,256,0,0,0,256
08/16/2022,BHM,AL,ASO,ES,Combined TRACON& Tower with Radar,73,58,71,91,293,0,1,39,3,43,73,59,110,94,336,0,0,0,336
08/17/2022,BHM,AL,ASO,ES,Combined TRACON& Tower with Radar,73,72,72,32,249,0,1,16,0,17,73,73,88,32,266,0,0,0,266
08/18/2022,BHM,AL,ASO,ES,Combined TRACON& Tower with Radar,74,56,84,84,298,0,2,54,13,69,74,58,138,97,367,4,10,14,381
08/19/2022,BHM,AL,ASO,ES,Combined TRACON& Tower with Radar,79,43,93,6,221,0,2,10,12,24,79,45,103,18,245,25,0,25,270
08/20/2022,BHM,AL,ASO,ES,Combined TRACON& Tower with Radar,60,21,35,1,117,0,0,12,4,16,60,21,47,5,133,0,0,0,133
08/21/2022,BHM,AL,ASO,ES,Combined TRACON& Tower with Radar,64,27,57,20,168,0,3,13,4,20,64,30,70,24,188,18,0,18,206
08/22/2022,BHM,AL,ASO,ES,Combined TRACON& Tower with Radar,69,33,82,9,193,0,0,4,0,4,69,33,86,9,197,0,0,0,197
08/23/2022,BHM,AL,ASO,ES,Combined TRACON& Tower with Radar,72,47,75,41,235,0,0,12,2,14,72,47,87,43,249,0,2,2,251
08/24/2022,BHM,AL,ASO,ES,Combined TRACON& Tower with Radar,77,61,106,36,280,0,2,22,2,26,77,63,128,38,306,34,0,34,340
08/25/2022,BHM,AL,ASO,ES,Combined TRACON& Tower with Radar,73,48,73,39,233,0,0,4,0,4,73,48,77,39,237,0,0,0,237
08/26/2022,BHM,AL,ASO,ES,Combined TRACON& Tower with Radar,76,43,80,22,221,0,0,49,19,68,76,43,129,41,289,0,0,0,289
08/27/2022,BHM,AL,ASO,ES,Combined TRACON& Tower with Radar,58,29,42,1,130,0,1,40,5,46,58,30,82,6,176,20,0,20,196
08/28/2022,BHM,AL,ASO,ES,Combined TRACON& Tower with Radar,70,30,76,3,179,0,1,42,5,48,70,31,118,8,227,0,0,0,227
08/29/2022,BHM,AL,ASO,ES,Combined TRACON& Tower with Radar,71,46,64,13,194,0,2,41,4,47,71,48,105,17,241,0,0,0,241
08/30/2022,BHM,AL,ASO,ES,Combined TRACON& Tower with Radar,72,62,88,24,246,0,1,41,3,45,72,63,129,27,291,0,0,0,291
08/31/2022,BHM,AL,ASO,ES,Combined TRACON& Tower with Radar,73,68,104,15,260,0,1,44,4,49,73,69,148,19,309,18,0,18,327
09/01/2022,BHM,AL,ASO,ES,Combined TRACON& Tower with Radar,70,54,108,26,258,0,3,58,3,64,70,57,166,29,322,16,0,16,338
09/02/2022,BHM,AL,ASO,ES,Combined TRACON& Tower with Radar,82,48,95,0,225,0,0,41,0,41,82,48,136,0,266,0,0,0,266
09/03/2022,BHM,AL,ASO,ES,Combined TRACON& Tower with Radar,61,25,28,0,114,0,0,10,0,10,61,25,38,0,124,0,0,0,124
09/04/2022,BHM,AL,ASO,ES,Combined TRACON& Tower with Radar,68,18,34,0,120,0,0,2,0,2,68,18,36,0,122,0,0,0,122
09/05/2022,BHM,AL,ASO,ES,Combined TRACON& Tower with Radar,69,31,65,0,165,0,0,5,0,5,69,31,70,0,170,0,0,0,170
09/06/2022,BHM,AL,ASO,ES,Combined TRACON& Tower with Radar,77,59,79,14,229,0,1,21,4,26,77,60,100,18,255,6,0,6,261
09/07/2022,BHM,AL,ASO,ES,Combined TRACON& Tower with Radar,75,50,109,36,270,0,3,29,3,35,75,53,138,39,305,0,0,0,305
09/08/2022,BHM,AL,ASO,ES,Combined TRACON& Tower with Radar,91,72,89,26,278,0,5,43,7,55,91,77,132,33,333,8,0,8,341
09/09/2022,BHM,AL,ASO,ES,Combined TRACON& Tower with Radar,102,49,85,22,258,0,3,7,4,14,102,52,92,26,272,0,0,0,272
09/10/2022,BHM,AL,ASO,ES,Combined TRACON& Tower with Radar,70,42,52,6,170,0,0,7,2,9,70,42,59,8,179,0,0,0,179
09/11/2022,BHM,AL,ASO,ES,Combined TRACON& Tower with Radar,100,32,95,13,240,0,0,11,4,15,100,32,106,17,255,0,0,0,255
09/12/2022,BHM,AL,ASO,ES,Combined TRACON& Tower with Radar,82,40,99,30,251,0,0,37,4,41,82,40,136,34,292,0,0,0,292
09/13/2022,BHM,AL,ASO,ES,Combined TRACON& Tower with Radar,81,57,88,57,283,0,1,62,0,63,81,58,150,57,346,14,0,14,360
09/14/2022,BHM,AL,ASO,ES,Combined TRACON& Tower with Radar,81,44,117,43,285,0,6,62,3,71,81,50,179,46,356,0,0,0,356
09/15/2022,BHM,AL,ASO,ES,Combined TRACON& Tower with Radar,84,52,106,22,264,0,2,55,5,62,84,54,161,27,326,0,0,0,326
09/16/2022,BHM,AL,ASO,ES,Combined TRACON& Tower with Radar,87,58,93,30,268,0,0,68,9,77,87,58,161,39,345,0,0,0,345
09/17/2022,BHM,AL,ASO,ES,Combined TRACON& Tower with Radar,68,47,66,4,185,0,3,46,0,49,68,50,112,4,234,0,0,0,234
09/18/2022,BHM,AL,ASO,ES,Combined TRACON& Tower with Radar,83,44,75,1,203,0,2,44,2,48,83,46,119,3,251,0,0,0,251
09/19/2022,BHM,AL,ASO,ES,Combined TRACON& Tower with Radar,82,46,96,22,246,0,3,41,0,44,82,49,137,22,290,14,0,14,304
09/20/2022,BHM,AL,ASO,ES,Combined TRACON& Tower with Radar,82,62,78,27,249,0,4,41,1,46,82,66,119,28,295,0,0,0,295
09/21/2022,BHM,AL,ASO,ES,Combined TRACON& Tower with Radar,84,51,82,23,240,0,5,50,4,59,84,56,132,27,299,0,0,0,299
09/22/2022,BHM,AL,ASO,ES,Combined TRACON& Tower with Radar,84,74,97,20,275,0,3,44,9,56,84,77,141,29,331,8,0,8,339
09/23/2022,BHM,AL,ASO,ES,Combined TRACON& Tower with Radar,90,51,99,30,270,0,5,70,15,90,90,56,169,45,360,0,0,0,360
09/24/2022,BHM,AL,ASO,ES,Combined TRACON& Tower with Radar,67,31,50,2,150,0,5,59,9,73,67,36,109,11,223,13,0,13,236
09/25/2022,BHM,AL,ASO,ES,Combined TRACON& Tower with Radar,83,57,74,1,215,0,0,25,0,25,83,57,99,1,240,0,0,0,240
09/26/2022,BHM,AL,ASO,ES,Combined TRACON& Tower with Radar,84,66,97,11,258,0,4,47,5,56,84,70,144,16,314,18,0,18,332
09/27/2022,BHM,AL,ASO,ES,Combined TRACON& Tower with Radar,84,61,123,9,277,0,1,52,1,54,84,62,175,10,331,0,0,0,331
09/28/2022,BHM,AL,ASO,ES,Combined TRACON& Tower with Radar,75,56,90,17,238,0,4,27,10,41,75,60,117,27,279,0,0,0,279
09/29/2022,BHM,AL,ASO,ES,Combined TRACON& Tower with Radar,81,50,127,32,290,0,3,30,8,41,81,53,157,40,331,40,0,40,371
09/30/2022,BHM,AL,ASO,ES,Combined TRACON& Tower with Radar,90,46,94,41,271,0,4,68,6,78,90,50,162,47,349,6,0,6,355
10/01/2022,BHM,AL,ASO,ES,Combined TRACON& Tower with Radar,64,32,68,1,165,0,5,44,0,49,64,37,112,1,214,22,0,22,236
10/02/2022,BHM,AL,ASO,ES,Combined TRACON& Tower with Radar,89,30,93,7,219,0,5,34,2,41,89,35,127,9,260,0,0,0,260
10/03/2022,BHM,AL,ASO,ES,Combined TRACON& Tower with Radar,82,44,95,49,270,0,4,51,2,57,82,48,146,51,327,8,0,8,335
10/04/2022,BHM,AL,ASO,ES,Combined TRACON& Tower with Radar,81,62,83,31,257,0,3,55,7,65,81,65,138,38,322,0,0,0,322
10/05/2022,BHM,AL,ASO,ES,Combined TRACON& Tower with Radar,83,65,106,37,291,0,7,52,8,67,83,72,158,45,358,0,0,0,358
10/06/2022,BHM,AL,ASO,ES,Combined TRACON& Tower with Radar,84,83,97,42,306,0,2,50,6,58,84,85,147,48,364,0,10,10,374
10/07/2022,BHM,AL,ASO,ES,Combined TRACON& Tower with Radar,84,71,105,24,284,0,3,51,4,58,84,74,156,28,342,0,0,0,342
10/08/2022,BHM,AL,ASO,ES,Combined TRACON& Tower with Radar,68,35,50,2,155,0,1,54,2,57,68,36,104,4,212,0,0,0,212
10/09/2022,BHM,AL,ASO,ES,Combined TRACON& Tower with Radar,79,67,65,3,214,0,1,39,1,41,79,68,104,4,255,10,0,10,265
10/10/2022,BHM,AL,ASO,ES,Combined TRACON& Tower with Radar,77,66,100,0,243,0,5,41,0,46,77,71,141,0,289,16,0,16,305
10/11/2022,BHM,AL,ASO,ES,Combined TRACON& Tower with Radar,80,66,110,29,285,0,5,48,6,59,80,71,158,35,344,0,30,30,374
10/12/2022,BHM,AL,ASO,ES,Combined TRACON& Tower with Radar,81,60,73,0,214,0,0,1,1,2,81,60,74,1,216,12,0,12,228
10/13/2022,BHM,AL,ASO,ES,Combined TRACON& Tower with Radar,83,77,117,1,278,0,0,26,7,33,83,77,143,8,311,10,0,10,321
10/14/2022,BHM,AL,ASO,ES,Combined TRACON& Tower with Radar,86,60,105,24,275,0,2,40,11,53,86,62,145,35,328,0,0,0,328
10/15/2022,BHM,AL,ASO,ES,Combined TRACON& Tower with Radar,65,33,37,2,137,0,2,35,3,40,65,35,72,5,177,12,0,12,189
10/16/2022,BHM,AL,ASO,ES,Combined TRACON& Tower with Radar,79,31,68,5,183,0,2,33,6,41,79,33,101,11,224,0,0,0,224
10/17/2022,BHM,AL,ASO,ES,Combined TRACON& Tower with Radar,76,46,85,32,239,0,5,31,1,37,76,51,116,33,276,18,10,28,304
10/18/2022,BHM,AL,ASO,ES,Combined TRACON& Tower with Radar,85,69,109,46,309,0,2,27,4,33,85,71,136,50,342,0,0,0,342
10/19/2022,BHM,AL,ASO,ES,Combined TRACON& Tower with Radar,82,60,111,46,299,0,3,49,3,55,82,63,160,49,354,10,0,10,364
10/20/2022,BHM,AL,ASO,ES,Combined TRACON& Tower with Radar,84,66,123,39,312,0,3,55,15,73,84,69,178,54,385,30,0,30,415
10/21/2022,BHM,AL,ASO,ES,Combined TRACON& Tower with Radar,83,71,97,27,278,0,5,55,12,72,83,76,152,39,350,0,0,0,350
10/22/2022,BHM,AL,ASO,ES,Combined TRACON& Tower with Radar,64,54,53,0,171,0,1,49,2,52,64,55,102,2,223,0,0,0,223
10/23/2022,BHM,AL,ASO,ES,Combined TRACON& Tower with Radar,78,49,95,6,228,0,0,36,6,42,78,49,131,12,270,5,0,5,275
10/24/2022,BHM,AL,ASO,ES,Combined TRACON& Tower with Radar,74,41,63,27,205,0,4,59,5,68,74,45,122,32,273,0,0,0,273
10/25/2022,BHM,AL,ASO,ES,Combined TRACON& Tower with Radar,80,52,70,3,205,0,0,4,2,6,80,52,74,5,211,0,0,0,211
10/26/2022,BHM,AL,ASO,ES,Combined TRACON& Tower with Radar,82,46,140,36,304,0,3,33,14,50,82,49,173,50,354,0,0,0,354
10/27/2022,BHM,AL,ASO,ES,Combined TRACON& Tower with Radar,81,64,88,22,255,0,8,73,1,82,81,72,161,23,337,0,0,0,337
10/28/2022,BHM,AL,ASO,ES,Combined TRACON& Tower with Radar,86,64,106,17,273,0,1,48,1,50,86,65,154,18,323,10,0,10,333
10/29/2022,BHM,AL,ASO,ES,Combined TRACON& Tower with Radar,59,35,33,2,129,0,1,18,3,22,59,36,51,5,151,0,0,0,151
10/30/2022,BHM,AL,ASO,ES,Combined TRACON& Tower with Radar,71,37,52,0,160,0,0,0,0,0,71,37,52,0,160,0,0,0,160
10/31/2022,BHM,AL,ASO,ES,Combined TRACON& Tower with Radar,59,53,41,21,174,0,1,7,0,8,59,54,48,21,182,10,0,10,192
11/01/2022,BHM,AL,ASO,ES,Combined TRACON& Tower with Radar,80,54,93,29,256,0,4,36,1,41,80,58,129,30,297,24,8,32,329
11/02/2022,BHM,AL,ASO,ES,Combined TRACON& Tower with Radar,79,69,112,28,288,0,1,43,5,49,79,70,155,33,337,0,0,0,337
11/03/2022,BHM,AL,ASO,ES,Combined TRACON& Tower with Radar,78,61,107,24,270,0,2,60,3,65,78,63,167,27,335,0,0,0,335
11/04/2022,BHM,AL,ASO,ES,Combined TRACON& Tower with Radar,83,50,113,23,269,0,7,53,5,65,83,57,166,28,334,0,0,0,334
11/05/2022,BHM,AL,ASO,ES,Combined TRACON& Tower with Radar,65,41,54,1,161,0,3,3,1,7,65,44,57,2,168,0,0,0,168
11/06/2022,BHM,AL,ASO,ES,Combined TRACON& Tower with Radar,71,50,97,11,229,0,3,26,5,34,71,53,123,16,263,20,0,20,283
11/07/2022,BHM,AL,ASO,ES,Combined TRACON& Tower with Radar,71,44,76,41,232,0,4,54,4,62,71,48,130,45,294,0,0,0,294
11/08/2022,BHM,AL,ASO,ES,Combined TRACON& Tower with Radar,74,61,73,20,228,0,5,41,6,52,74,66,114,26,280,8,0,8,288
11/09/2022,BHM,AL,ASO,ES,Combined TRACON& Tower with Radar,81,70,120,35,306,0,8,45,9,62,81,78,165,44,368,6,0,6,374
11/10/2022,BHM,AL,ASO,ES,Combined TRACON& Tower with Radar,80,64,106,18,268,0,1,69,0,70,80,65,175,18,338,0,0,0,338
11/11/2022,BHM,AL,ASO,ES,Combined TRACON& Tower with Radar,84,68,91,0,243,0,1,6,0,7,84,69,97,0,250,0,0,0,250
11/12/2022,BHM,AL,ASO,ES,Combined TRACON& Tower with Radar,63,38,70,0,171,0,1,3,0,4,63,39,73,0,175,0,0,0,175
11/13/2022,BHM,AL,ASO,ES,Combined TRACON& Tower with Radar,73,34,102,0,209,0,2,31,0,33,73,36,133,0,242,0,0,0,242
11/14/2022,BHM,AL,ASO,ES,Combined TRACON& Tower with Radar,77,42,118,38,275,0,4,36,1,41,77,46,154,39,316,0,0,0,316
11/15/2022,BHM,AL,ASO,ES,Combined TRACON& Tower with Radar,82,60,72,8,222,0,0,0,0,0,82,60,72,8,222,0,0,0,222
11/16/2022,BHM,AL,ASO,ES,Combined TRACON& Tower with Radar,83,67,104,48,302,0,4,41,11,56,83,71,145,59,358,0,0,0,358
11/17/2022,BHM,AL,ASO,ES,Combined TRACON& Tower with Radar,79,63,107,59,308,0,2,47,14,63,79,65,154,73,371,0,0,0,371
11/18/2022,BHM,AL,ASO,ES,Combined TRACON& Tower with Radar,83,60,100,9,252,0,1,51,19,71,83,61,151,28,323,0,0,0,323
11/19/2022,BHM,AL,ASO,ES,Combined TRACON& Tower with Radar,62,45,59,2,168,0,4,41,9,54,62,49,100,11,222,0,0,0,222
11/20/2022,BHM,AL,ASO,ES,Combined TRACON& Tower with Radar,77,34,76,5,192,0,0,39,16,55,77,34,115,21,247,0,0,0,247
11/21/2022,BHM,AL,ASO,ES,Combined TRACON& Tower with Radar,76,56,52,33,217,0,4,47,1,52,76,60,99,34,269,0,0,0,269
11/22/2022,BHM,AL,ASO,ES,Combined TRACON& Tower with Radar,97,52,79,35,263,0,3,51,2,56,97,55,130,37,319,0,0,0,319
11/23/2022,BHM,AL,ASO,ES,Combined TRACON& Tower with Radar,95,57,90,3,245,0,0,45,1,46,95,57,135,4,291,0,0,0,291
11/24/2022,BHM,AL,ASO,ES,Combined TRACON& Tower with Radar,46,31,11,0,88,0,3,4,1,8,46,34,15,1,96,0,0,0,96
11/25/2022,BHM,AL,ASO,ES,Combined TRACON& Tower with Radar,73,37,50,6,166,0,0,8,3,11,73,37,58,9,177,0,0,0,177
11/26/2022,BHM,AL,ASO,ES,Combined TRACON& Tower with Radar,75,40,49,0,164,0,0,8,0,8,75,40,57,0,172,0,0,0,172
11/27/2022,BHM,AL,ASO,ES,Combined TRACON& Tower with Radar,85,46,87,0,218,0,0,15,0,15,85,46,102,0,233,0,0,0,233
11/28/2022,BHM,AL,ASO,ES,Combined TRACON& Tower with Radar,87,58,71,14,230,0,3,55,0,58,87,61,126,14,288,12,0,12,300
11/29/2022,BHM,AL,ASO,ES,Combined TRACON& Tower with Radar,81,51,55,7,194,0,3,35,0,38,81,54,90,7,232,0,0,0,232
11/30/2022,BHM,AL,ASO,ES,Combined TRACON& Tower with Radar,80,53,95,10,238,0,3,30,4,37,80,56,125,14,275,0,0,0,275
12/01/2022,BHM,AL,ASO,ES,Combined TRACON& Tower with Radar,82,53,100,34,269,0,5,56,14,75,82,58,156,48,344,14,10,24,368
12/02/2022,BHM,AL,ASO,ES,Combined TRACON& Tower with Radar,80,56,108,24,268,0,1,50,8,59,80,57,158,32,327,0,0,0,327
12/03/2022,BHM,AL,ASO,ES,Combined TRACON& Tower with Radar,64,33,65,8,170,0,0,1,1,2,64,33,66,9,172,0,0,0,172
12/04/2022,BHM,AL,ASO,ES,Combined TRACON& Tower with Radar,73,36,77,9,195,0,0,15,2,17,73,36,92,11,212,6,0,6,218
12/05/2022,BHM,AL,ASO,ES,Combined TRACON& Tower with Radar,77,52,73,17,219,0,1,1,2,4,77,53,74,19,223,0,0,0,223
12/06/2022,BHM,AL,ASO,ES,Combined TRACON& Tower with Radar,81,56,74,18,229,0,2,14,0,16,81,58,88,18,245,0,0,0,245
12/07/2022,BHM,AL,ASO,ES,Combined TRACON& Tower with Radar,89,60,125,33,307,0,0,11,0,11,89,60,136,33,318,0,0,0,318
12/08/2022,BHM,AL,ASO,ES,Combined TRACON& Tower with Radar,83,60,97,64,304,0,2,31,7,40,83,62,128,71,344,0,0,0,344
12/09/2022,BHM,AL,ASO,ES,Combined TRACON& Tower with Radar,85,44,98,17,244,0,0,13,0,13,85,44,111,17,257,12,0,12,269
12/10/2022,BHM,AL,ASO,ES,Combined TRACON& Tower with Radar,65,32,53,4,154,0,0,21,4,25,65,32,74,8,179,12,0,12,191
12/11/2022,BHM,AL,ASO,ES,Combined TRACON& Tower with Radar,77,37,48,1,163,0,0,0,0,0,77,37,48,1,163,0,0,0,163
12/12/2022,BHM,AL,ASO,ES,Combined TRACON& Tower with Radar,81,42,101,31,255,0,0,1,0,1,81,42,102,31,256,0,0,0,256
12/13/2022,BHM,AL,ASO,ES,Combined TRACON& Tower with Radar,78,48,101,42,269,0,0,1,0,1,78,48,102,42,270,0,0,0,270
12/14/2022,BHM,AL,ASO,ES,Combined TRACON& Tower with Radar,76,34,60,0,170,0,0,0,0,0,76,34,60,0,170,0,0,0,170
12/15/2022,BHM,AL,ASO,ES,Combined TRACON& Tower with Radar,77,48,122,58,305,0,2,50,15,67,77,50,172,73,372,0,0,0,372
12/16/2022,BHM,AL,ASO,ES,Combined TRACON& Tower with Radar,78,60,78,12,228,0,6,47,10,63,78,66,125,22,291,0,0,0,291
12/17/2022,BHM,AL,ASO,ES,Combined TRACON& Tower with Radar,65,43,40,9,157,0,2,35,1,38,65,45,75,10,195,0,0,0,195
12/18/2022,BHM,AL,ASO,ES,Combined TRACON& Tower with Radar,68,34,42,10,154,0,1,36,4,41,68,35,78,14,195,0,0,0,195
12/19/2022,BHM,AL,ASO,ES,Combined TRACON& Tower with Radar,68,41,58,12,179,0,2,42,4,48,68,43,100,16,227,8,0,8,235
12/20/2022,BHM,AL,ASO,ES,Combined TRACON& Tower with Radar,74,51,79,2,206,0,1,4,0,5,74,52,83,2,211,0,0,0,211
12/21/2022,BHM,AL,ASO,ES,Combined TRACON& Tower with Radar,81,49,82,54,266,0,0,5,3,8,81,49,87,57,274,0,0,0,274
12/22/2022,BHM,AL,ASO,ES,Combined TRACON& Tower with Radar,79,42,66,8,195,0,0,0,0,0,79,42,66,8,195,0,0,0,195
12/23/2022,BHM,AL,ASO,ES,Combined TRACON& Tower with Radar,67,43,33,0,143,0,5,7,1,13,67,48,40,1,156,0,0,0,156
12/24/2022,BHM,AL,ASO,ES,Combined TRACON& Tower with Radar,42,20,16,0,78,0,6,5,0,11,42,26,21,0,89,0,0,0,89
12/25/2022,BHM,AL,ASO,ES,Combined TRACON& Tower with Radar,39,25,13,0,77,0,5,20,1,26,39,30,33,1,103,0,0,0,103
12/26/2022,BHM,AL,ASO,ES,Combined TRACON& Tower with Radar,50,40,83,0,173,0,1,30,3,34,50,41,113,3,207,0,0,0,207
12/27/2022,BHM,AL,ASO,ES,Combined TRACON& Tower with Radar,29,37,27,4,97,0,0,22,0,22,29,37,49,4,119,0,0,0,119
12/28/2022,BHM,AL,ASO,ES,Combined TRACON& Tower with Radar,56,57,70,5,188,0,4,45,5,54,56,61,115,10,242,0,0,0,242
12/29/2022,BHM,AL,ASO,ES,Combined TRACON& Tower with Radar,59,44,58,40,201,0,0,43,2,45,59,44,101,42,246,0,0,0,246
12/30/2022,BHM,AL,ASO,ES,Combined TRACON& Tower with Radar,79,39,58,0,176,0,0,14,2,16,79,39,72,2,192,0,0,0,192
12/31/2022,BHM,AL,ASO,ES,Combined TRACON& Tower with Radar,49,22,42,1,114,0,1,9,1,11,49,23,51,2,125,0,0,0,125
01/01/2023,BHM,AL,ASO,ES,Combined TRACON& Tower with Radar,52,24,37,0,113,0,1,13,4,18,52,25,50,4,131,0,0,0,131
01/02/2023,BHM,AL,ASO,ES,Combined TRACON& Tower with Radar,70,59,75,0,204,0,1,7,0,8,70,60,82,0,212,16,0,16,228
01/03/2023,BHM,AL,ASO,ES,Combined TRACON& Tower with Radar,65,37,53,0,155,0,0,0,0,0,65,37,53,0,155,0,0,0,155
01/04/2023,BHM,AL,ASO,ES,Combined TRACON& Tower with Radar,71,45,66,20,202,0,3,39,4,46,71,48,105,24,248,0,0,0,248
01/05/2023,BHM,AL,ASO,ES,Combined TRACON& Tower with Radar,61,44,80,27,212,0,6,48,14,68,61,50,128,41,280,0,0,0,280
01/06/2023,BHM,AL,ASO,ES,Combined TRACON& Tower with Radar,64,51,86,10,211,0,5,39,13,57,64,56,125,23,268,20,0,20,288
01/07/2023,BHM,AL,ASO,ES,Combined TRACON& Tower with Radar,58,53,49,4,164,0,0,56,3,59,58,53,105,7,223,5,0,5,228
01/08/2023,BHM,AL,ASO,ES,Combined TRACON& Tower with Radar,62,41,82,0,185,0,0,0,0,0,62,41,82,0,185,0,0,0,185
01/09/2023,BHM,AL,ASO,ES,Combined TRACON& Tower with Radar,70,36,65,24,195,0,2,31,1,34,70,38,96,25,229,0,0,0,229
01/10/2023,BHM,AL,ASO,ES,Combined TRACON& Tower with Radar,69,52,95,32,248,0,3,53,6,62,69,55,148,38,310,0,0,0,310
01/11/2023,BHM,AL,ASO,ES,Combined TRACON& Tower with Radar,68,57,89,25,239,0,0,5,4,9,68,57,94,29,248,0,0,0,248
01/12/2023,BHM,AL,ASO,ES,Combined TRACON& Tower with Radar,79,59,67,6,211,0,1,2,0,3,79,60,69,6,214,8,0,8,222
01/13/2023,BHM,AL,ASO,ES,Combined TRACON& Tower with Radar,79,48,91,4,222,0,0,3,2,5,79,48,94,6,227,0,0,0,227
01/14/2023,BHM,AL,ASO,ES,Combined TRACON& Tower with Radar,58,35,47,2,142,0,2,43,0,45,58,37,90,2,187,0,0,0,187
01/15/2023,BHM,AL,ASO,ES,Combined TRACON& Tower with Radar,64,35,41,6,146,0,1,56,0,57,64,36,97,6,203,0,0,0,203
01/16/2023,BHM,AL,ASO,ES,Combined TRACON& Tower with Radar,70,59,56,2,187,0,0,44,0,44,70,59,100,2,231,0,0,0,231
01/17/2023,BHM,AL,ASO,ES,Combined TRACON& Tower with Radar,74,60,84,7,225,0,0,3,0,3,74,60,87,7,228,0,0,0,228
01/18/2023,BHM,AL,ASO,ES,Combined TRACON& Tower with Radar,70,49,83,4,206,0,0,3,0,3,70,49,86,4,209,0,0,0,209
01/19/2023,BHM,AL,ASO,ES,Combined TRACON& Tower with Radar,75,56,92,22,245,0,1,40,13,54,75,57,132,35,299,6,2,8,307
01/20/2023,BHM,AL,ASO,ES,Combined TRACON& Tower with Radar,79,54,107,40,280,0,5,42,14,61,79,59,149,54,341,0,0,0,341
01/21/2023,BHM,AL,ASO,ES,Combined TRACON& Tower with Radar,58,35,51,2,146,0,2,41,6,49,58,37,92,8,195,0,0,0,195
01/22/2023,BHM,AL,ASO,ES,Combined TRACON& Tower with Radar,73,31,54,36,194,0,0,0,0,0,73,31,54,36,194,0,0,0,194
01/23/2023,BHM,AL,ASO,ES,Combined TRACON& Tower with Radar,71,56,80,6,213,0,3,42,2,47,71,59,122,8,260,16,0,16,276
01/24/2023,BHM,AL,ASO,ES,Combined TRACON& Tower with Radar,73,42,92,41,248,0,4,47,7,58,73,46,139,48,306,4,0,4,310
01/25/2023,BHM,AL,ASO,ES,Combined TRACON& Tower with Radar,72,42,103,22,239,0,1,4,1,6,72,43,107,23,245,0,0,0,245
01/26/2023,BHM,AL,ASO,ES,Combined TRACON& Tower with Radar,77,57,104,15,253,0,4,30,4,38,77,61,134,19,291,0,0,0,291
01/27/2023,BHM,AL,ASO,ES,Combined TRACON& Tower with Radar,81,52,106,31,270,0,2,53,6,61,81,54,159,37,331,0,0,0,331
01/28/2023,BHM,AL,ASO,ES,Combined TRACON& Tower with Radar,59,39,56,18,172,0,4,55,4,63,59,43,111,22,235,14,0,14,249
01/29/2023,BHM,AL,ASO,ES,Combined TRACON& Tower with Radar,74,49,43,15,181,0,0,3,2,5,74,49,46,17,186,10,0,10,196
01/30/2023,BHM,AL,ASO,ES,Combined TRACON& Tower with Radar,71,59,79,9,218,0,0,0,0,0,71,59,79,9,218,0,0,0,218
01/31/2023,BHM,AL,ASO,ES,Combined TRACON& Tower with Radar,64,51,37,8,160,0,0,0,0,0,64,51,37,8,160,0,0,0,160
02/01/2023,BHM,AL,ASO,ES,Combined TRACON& Tower with Radar,62,57,83,0,202,0,0,3,0,3,62,57,86,0,205,0,0,0,205
02/02/2023,BHM,AL,ASO,ES,Combined TRACON& Tower with Radar,73,51,70,0,194,0,0,0,0,0,73,51,70,0,194,0,0,0,194
02/03/2023,BHM,AL,ASO,ES,Combined TRACON& Tower with Radar,80,62,80,45,267,0,3,35,15,53,80,65,115,60,320,16,0,16,336
02/04/2023,BHM,AL,ASO,ES,Combined TRACON& Tower with Radar,67,34,53,11,165,0,3,47,8,58,67,37,100,19,223,12,0,12,235
02/05/2023,BHM,AL,ASO,ES,Combined TRACON& Tower with Radar,70,40,48,3,161,0,2,59,2,63,70,42,107,5,224,4,0,4,228
02/06/2023,BHM,AL,ASO,ES,Combined TRACON& Tower with Radar,79,46,75,55,255,0,4,47,6,57,79,50,122,61,312,12,0,12,324
02/07/2023,BHM,AL,ASO,ES,Combined TRACON& Tower with Radar,74,45,84,36,239,0,1,59,2,62,74,46,143,38,301,0,0,0,301
02/08/2023,BHM,AL,ASO,ES,Combined TRACON& Tower with Radar,77,40,84,70,271,0,4,22,4,30,77,44,106,74,301,0,0,0,301
02/09/2023,BHM,AL,ASO,ES,Combined TRACON& Tower with Radar,85,63,113,32,293,0,0,14,7,21,85,63,127,39,314,0,0,0,314
02/10/2023,BHM,AL,ASO,ES,Combined TRACON& Tower with Radar,88,40,117,31,276,0,4,44,17,65,88,44,161,48,341,0,0,0,341
02/11/2023,BHM,AL,ASO,ES,Combined TRACON& Tower with Radar,72,31,40,4,147,0,0,0,1,1,72,31,40,5,148,0,0,0,148
02/12/2023,BHM,AL,ASO,ES,Combined TRACON& Tower with Radar,72,41,42,0,155,0,0,17,3,20,72,41,59,3,175,6,0,6,181
02/13/2023,BHM,AL,ASO,ES,Combined TRACON& Tower with Radar,74,56,70,8,208,0,2,50,0,52,74,58,120,8,260,0,0,0,260
02/14/2023,BHM,AL,ASO,ES,Combined TRACON& Tower with Radar,73,57,54,13,197,0,1,15,3,19,73,58,69,16,216,6,0,6,222
02/15/2023,BHM,AL,ASO,ES,Combined TRACON& Tower with Radar,76,80,83,4,243,0,2,3,0,5,76,82,86,4,248,0,0,0,248
02/16/2023,BHM,AL,ASO,ES,Combined TRACON& Tower with Radar,79,58,60,0,197,0,0,1,0,1,79,58,61,0,198,0,0,0,198
02/17/2023,BHM,AL,ASO,ES,Combined TRACON& Tower with Radar,81,64,87,2,234,0,1,9,4,14,81,65,96,6,248,2,0,2,250
02/18/2023,BHM,AL,ASO,ES,Combined TRACON& Tower with Radar,62,42,59,6,169,0,0,67,1,68,62,42,126,7,237,14,0,14,251
02/19/2023,BHM,AL,ASO,ES,Combined TRACON& Tower with Radar,70,37,58,1,166,0,5,53,2,60,70,42,111,3,226,24,0,24,250
02/20/2023,BHM,AL,ASO,ES,Combined TRACON& Tower with Radar,80,52,108,1,241,0,0,26,0,26,80,52,134,1,267,0,0,0,267
02/21/2023,BHM,AL,ASO,ES,Combined TRACON& Tower with Radar,80,54,83,12,229,0,3,13,0,16,80,57,96,12,245,0,0,0,245
02/22/2023,BHM,AL,ASO,ES,Combined TRACON& Tower with Radar,75,49,100,13,237,0,1,15,0,16,75,50,115,13,253,0,0,0,253
02/23/2023,BHM,AL,ASO,ES,Combined TRACON& Tower with Radar,82,61,139,24,306,0,2,17,2,21,82,63,156,26,327,0,0,0,327
02/24/2023,BHM,AL,ASO,ES,Combined TRACON& Tower with Radar,82,59,111,13,265,0,2,11,1,14,82,61,122,14,279,25,0,25,304
02/25/2023,BHM,AL,ASO,ES,Combined TRACON& Tower with Radar,67,39,46,0,152,0,0,0,0,0,67,39,46,0,152,0,0,0,152
02/26/2023,BHM,AL,ASO,ES,Combined TRACON& Tower with Radar,79,51,81,0,211,0,0,13,0,13,79,51,94,0,224,6,0,6,230
02/27/2023,BHM,AL,ASO,ES,Combined TRACON& Tower with Radar,78,41,74,2,195,0,2,4,2,8,78,43,78,4,203,0,0,0,203
02/28/2023,BHM,AL,ASO,ES,Combined TRACON& Tower with Radar,78,60,100,11,249,0,3,82,4,89,78,63,182,15,338,0,0,0,338
03/01/2023,BHM,AL,ASO,ES,Combined TRACON& Tower with Radar,82,51,91,72,296,0,1,18,0,19,82,52,109,72,315,0,0,0,315
03/02/2023,BHM,AL,ASO,ES,Combined TRACON& Tower with Radar,80,57,88,6,231,0,0,3,0,3,80,57,91,6,234,0,0,0,234
03/03/2023,BHM,AL,ASO,ES,Combined TRACON& Tower with Radar,114,52,61,2,229,0,0,10,4,14,114,52,71,6,243,0,0,0,243
03/04/2023,BHM,AL,ASO,ES,Combined TRACON& Tower with Radar,80,43,47,11,181,0,7,70,13,90,80,50,117,24,271,2,0,2,273
03/05/2023,BHM,AL,ASO,ES,Combined TRACON& Tower with Radar,85,29,60,2,176,0,3,68,5,76,85,32,128,7,252,12,0,12,264
03/06/2023,BHM,AL,ASO,ES,Combined TRACON& Tower with Radar,91,35,72,20,218,0,5,56,5,66,91,40,128,25,284,0,0,0,284
03/07/2023,BHM,AL,ASO,ES,Combined TRACON& Tower with Radar,88,51,86,36,261,0,3,46,3,52,88,54,132,39,313,0,0,0,313
03/08/2023,BHM,AL,ASO,ES,Combined TRACON& Tower with Radar,90,49,102,29,270,0,2,37,5,44,90,51,139,34,314,0,0,0,314
03/09/2023,BHM,AL,ASO,ES,Combined TRACON& Tower with Radar,90,39,96,16,241,0,2,5,1,8,90,41,101,17,249,0,0,0,249
03/10/2023,BHM,AL,ASO,ES,Combined TRACON& Tower with Radar,95,41,80,18,234,0,0,7,3,10,95,41,87,21,244,20,12,32,276
03/11/2023,BHM,AL,ASO,ES,Combined TRACON& Tower with Radar,85,23,53,0,161,0,0,53,0,53,85,23,106,0,214,16,0,16,230
03/12/2023,BHM,AL,ASO,ES,Combined TRACON& Tower with Radar,88,30,61,0,179,0,0,0,0,0,88,30,61,0,179,0,0,0,179
03/13/2023,BHM,AL,ASO,ES,Combined TRACON& Tower with Radar,96,46,65,32,239,0,7,34,3,44,96,53,99,35,283,0,0,0,283
03/14/2023,BHM,AL,ASO,ES,Combined TRACON& Tower with Radar,102,36,85,41,264,0,4,58,7,69,102,40,143,48,333,0,0,0,333
03/15/2023,BHM,AL,ASO,ES,Combined TRACON& Tower with Radar,98,53,91,58,300,0,4,52,3,59,98,57,143,61,359,0,0,0,359
03/16/2023,BHM,AL,ASO,ES,Combined TRACON& Tower with Radar,95,51,111,41,298,0,3,56,6,65,95,54,167,47,363,0,0,0,363
03/17/2023,BHM,AL,ASO,ES,Combined TRACON& Tower with Radar,98,51,58,3,210,0,1,2,0,3,98,52,60,3,213,0,0,0,213
03/18/2023,BHM,AL,ASO,ES,Combined TRACON& Tower with Radar,83,36,57,22,198,0,0,45,9,54,83,36,102,31,252,0,0,0,252
03/19/2023,BHM,AL,ASO,ES,Combined TRACON& Tower with Radar,91,35,62,11,199,0,2,29,7,38,91,37,91,18,237,0,0,0,237
03/20/2023,BHM,AL,ASO,ES,Combined TRACON& Tower with Radar,90,38,78,10,216,0,3,52,2,57,90,41,130,12,273,0,8,8,281
03/21/2023,BHM,AL,ASO,ES,Combined TRACON& Tower with Radar,94,50,101,15,260,0,5,64,4,73,94,55,165,19,333,0,0,0,333
03/22/2023,BHM,AL,ASO,ES,Combined TRACON& Tower with Radar,92,39,87,32,250,0,5,42,7,54,92,44,129,39,304,8,0,8,312
03/23/2023,BHM,AL,ASO,ES,Combined TRACON& Tower with Radar,93,45,118,30,286,0,5,63,13,81,93,50,181,43,367,0,0,0,367
03/24/2023,BHM,AL,ASO,ES,Combined TRACON& Tower with Radar,105,57,86,22,270,0,3,14,2,19,105,60,100,24,289,0,0,0,289
03/25/2023,BHM,AL,ASO,ES,Combined TRACON& Tower with Radar,85,32,80,2,199,0,1,31,5,37,85,33,111,7,236,0,0,0,236
03/26/2023,BHM,AL,ASO,ES,Combined TRACON& Tower with Radar,88,24,59,0,171,0,0,7,7,14,88,24,66,7,185,0,0,0,185
03/27/2023,BHM,AL,ASO,ES,Combined TRACON& Tower with Radar,93,37,76,16,222,0,6,27,3,36,93,43,103,19,258,0,0,0,258
03/28/2023,BHM,AL,ASO,ES,Combined TRACON& Tower with Radar,98,40,59,36,233,0,5,38,2,45,98,45,97,38,278,0,20,20,298
03/29/2023,BHM,AL,ASO,ES,Combined TRACON& Tower with Radar,93,40,77,58,268,0,4,55,13,72,93,44,132,71,340,0,0,0,340
03/30/2023,BHM,AL,ASO,ES,Combined TRACON& Tower with Radar,94,44,81,21,240,0,4,69,8,81,94,48,150,29,321,24,0,24,345
03/31/2023,BHM,AL,ASO,ES,Combined TRACON& Tower with Radar,90,49,68,17,224,0,2,10,17,29,90,51,78,34,253,0,0,0,253
04/01/2023,BHM,AL,ASO,ES,Combined TRACON& Tower with Radar,82,43,66,0,191,0,3,12,2,17,82,46,78,2,208,6,0,6,214
04/02/2023,BHM,AL,ASO,ES,Combined TRACON& Tower with Radar,92,53,82,2,229,0,4,66,11,81,92,57,148,13,310,0,0,0,310
04/03/2023,BHM,AL,ASO,ES,Combined TRACON& Tower with Radar,86,39,84,1,210,0,0,2,0,2,86,39,86,1,212,0,0,0,212
04/04/2023,BHM,AL,ASO,ES,Combined TRACON& Tower with Radar,80,58,96,12,246,0,2,28,3,33,80,60,124,15,279,0,0,0,279
04/05/2023,BHM,AL,ASO,ES,Combined TRACON& Tower with Radar,84,69,100,18,271,0,2,46,0,48,84,71,146,18,319,0,0,0,319
04/06/2023,BHM,AL,ASO,ES,Combined TRACON& Tower with Radar,82,55,92,21,250,0,1,10,0,11,82,56,102,21,261,20,0,20,281
04/07/2023,BHM,AL,ASO,ES,Combined TRACON& Tower with Radar,93,56,96,33,278,0,0,3,0,3,93,56,99,33,281,0,0,0,281
04/08/2023,BHM,AL,ASO,ES,Combined TRACON& Tower with Radar,72,38,43,0,153,0,0,0,0,0,72,38,43,0,153,0,0,0,153
04/09/2023,BHM,AL,ASO,ES,Combined TRACON& Tower with Radar,91,40,35,0,166,0,3,23,1,27,91,43,58,1,193,0,0,0,193
04/10/2023,BHM,AL,ASO,ES,Combined TRACON& Tower with Radar,90,35,98,28,251,0,3,56,3,62,90,38,154,31,313,20,0,20,333
04/11/2023,BHM,AL,ASO,ES,Combined TRACON& Tower with Radar,82,49,75,36,242,0,2,58,1,61,82,51,133,37,303,36,0,36,339
04/12/2023,BHM,AL,ASO,ES,Combined TRACON& Tower with Radar,94,51,115,21,281,0,4,61,4,69,94,55,176,25,350,0,0,0,350
04/13/2023,BHM,AL,ASO,ES,Combined TRACON& Tower with Radar,98,52,112,14,276,0,2,1,0,3,98,54,113,14,279,0,0,0,279
04/14/2023,BHM,AL,ASO,ES,Combined TRACON& Tower with Radar,100,52,91,23,266,0,0,7,5,12,100,52,98,28,278,0,0,0,278
04/15/2023,BHM,AL,ASO,ES,Combined TRACON& Tower with Radar,71,30,41,2,144,0,0,50,0,50,71,30,91,2,194,0,0,0,194
04/16/2023,BHM,AL,ASO,ES,Combined TRACON& Tower with Radar,96,44,74,20,234,0,3,25,9,37,96,47,99,29,271,0,0,0,271
04/17/2023,BHM,AL,ASO,ES,Combined TRACON& Tower with Radar,96,60,93,27,276,0,1,64,0,65,96,61,157,27,341,0,0,0,341
04/18/2023,BHM,AL,ASO,ES,Combined TRACON& Tower with Radar,90,54,77,44,265,0,7,81,21,109,90,61,158,65,374,0,10,10,384
04/19/2023,BHM,AL,ASO,ES,Combined TRACON& Tower with Radar,94,60,122,33,309,0,2,69,8,79,94,62,191,41,388,0,0,0,388
04/20/2023,BHM,AL,ASO,ES,Combined TRACON& Tower with Radar,89,52,98,35,274,0,3,55,10,68,89,55,153,45,342,34,0,34,376
04/21/2023,BHM,AL,ASO,ES,Combined TRACON& Tower with Radar,98,46,75,26,245,0,1,44,10,55,98,47,119,36,300,0,0,0,300
04/22/2023,BHM,AL,ASO,ES,Combined TRACON& Tower with Radar,81,32,36,2,151,0,0,43,1,44,81,32,79,3,195,0,0,0,195
04/23/2023,BHM,AL,ASO,ES,Combined TRACON& Tower with Radar,96,44,71,8,219,0,2,39,10,51,96,46,110,18,270,0,0,0,270
04/24/2023,BHM,AL,ASO,ES,Combined TRACON& Tower with Radar,92,32,83,14,221,0,1,57,3,61,92,33,140,17,282,0,0,0,282
04/25/2023,BHM,AL,ASO,ES,Combined TRACON& Tower with Radar,84,51,101,22,258,0,2,56,3,61,84,53,157,25,319,0,0,0,319
04/26/2023,BHM,AL,ASO,ES,Combined TRACON& Tower with Radar,90,58,93,29,270,0,0,5,9,14,90,58,98,38,284,0,0,0,284
04/27/2023,BHM,AL,ASO,ES,Combined TRACON& Tower with Radar,98,73,99,4,274,0,0,1,1,2,98,73,100,5,276,0,0,0,276
04/28/2023,BHM,AL,ASO,ES,Combined TRACON& Tower with Radar,96,50,97,11,254,0,3,52,16,71,96,53,149,27,325,0,0,0,325
04/29/2023,BHM,AL,ASO,ES,Combined TRACON& Tower with Radar,76,46,51,1,174,0,2,32,3,37,76,48,83,4,211,0,8,8,219
04/30/2023,BHM,AL,ASO,ES,Combined TRACON& Tower with Radar,94,58,98,14,264,0,3,15,7,25,94,61,113,21,289,0,0,0,289
05/01/2023,BHM,AL,ASO,ES,Combined TRACON& Tower with Radar,96,38,61,20,215,0,4,25,1,30,96,42,86,21,245,14,0,14,259
05/02/2023,BHM,AL,ASO,ES,Combined TRACON& Tower with Radar,87,56,69,14,226,0,2,36,1,39,87,58,105,15,265,0,0,0,265
05/03/2023,BHM,AL,ASO,ES,Combined TRACON& Tower with Radar,95,51,113,18,277,0,4,59,6,69,95,55,172,24,346,8,0,8,354
05/04/2023,BHM,AL,ASO,ES,Combined TRACON& Tower with Radar,93,49,124,17,283,0,2,57,5,64,93,51,181,22,347,0,0,0,347
05/05/2023,BHM,AL,ASO,ES,Combined TRACON& Tower with Radar,100,39,101,30,270,0,3,16,2,21,100,42,117,32,291,4,0,4,295
05/06/2023,BHM,AL,ASO,ES,Combined TRACON& Tower with Radar,83,30,57,0,170,0,3,30,0,33,83,33,87,0,203,0,0,0,203
05/07/2023,BHM,AL,ASO,ES,Combined TRACON& Tower with Radar,98,36,63,11,208,0,6,34,5,45,98,42,97,16,253,0,0,0,253
05/08/2023,BHM,AL,ASO,ES,Combined TRACON& Tower with Radar,99,61,73,21,254,0,4,23,2,29,99,65,96,23,283,10,40,50,333
05/09/2023,BHM,AL,ASO,ES,Combined TRACON& Tower with Radar,97,51,77,10,235,0,1,26,6,33,97,52,103,16,268,22,0,22,290
05/10/2023,BHM,AL,ASO,ES,Combined TRACON& Tower with Radar,99,65,92,27,283,0,2,46,8,56,99,67,138,35,339,0,0,0,339
05/11/2023,BHM,AL,ASO,ES,Combined TRACON& Tower with Radar,104,49,90,21,264,0,1,22,2,25,104,50,112,23,289,12,0,12,301
05/12/2023,BHM,AL,ASO,ES,Combined TRACON& Tower with Radar,101,53,108,20,282,0,1,27,2,30,101,54,135,22,312,0,0,0,312
05/13/2023,BHM,AL,ASO,ES,Combined TRACON& Tower with Radar,78,38,59,0,175,0,1,52,0,53,78,39,111,0,228,26,0,26,254
05/14/2023,BHM,AL,ASO,ES,Combined TRACON& Tower with Radar,95,32,49,0,176,0,5,32,3,40,95,37,81,3,216,0,0,0,216
05/15/2023,BHM,AL,ASO,ES,Combined TRACON& Tower with Radar,101,41,80,4,226,0,2,37,0,39,101,43,117,4,265,16,0,16,281
05/16/2023,BHM,AL,ASO,ES,Combined TRACON& Tower with Radar,98,40,94,16,248,0,1,19,4,24,98,41,113,20,272,20,20,40,312
05/17/2023,BHM,AL,ASO,ES,Combined TRACON& Tower with Radar,101,41,86,16,244,0,0,0,2,2,101,41,86,18,246,0,0,0,246
05/18/2023,BHM,AL,ASO,ES,Combined TRACON& Tower with Radar,101,43,100,6,250,0,0,6,4,10,101,43,106,10,260,0,0,0,260
05/19/2023,BHM,AL,ASO,ES,Combined TRACON& Tower with Radar,102,57,117,21,297,0,8,13,11,32,102,65,130,32,329,0,0,0,329
05/20/2023,BHM,AL,ASO,ES,Combined TRACON& Tower with Radar,81,33,66,0,180,0,2,6,0,8,81,35,72,0,188,0,0,0,188
05/21/2023,BHM,AL,ASO,ES,Combined TRACON& Tower with Radar,99,42,85,9,235,0,8,36,2,46,99,50,121,11,281,0,0,0,281
05/22/2023,BHM,AL,ASO,ES,Combined TRACON& Tower with Radar,101,45,68,0,214,0,1,6,0,7,101,46,74,0,221,16,0,16,237
05/23/2023,BHM,AL,ASO,ES,Combined TRACON& Tower with Radar,100,48,89,10,247,0,0,6,0,6,100,48,95,10,253,0,0,0,253
05/24/2023,BHM,AL,ASO,ES,Combined TRACON& Tower with Radar,101,54,95,21,271,0,5,40,15,60,101,59,135,36,331,8,5,13,344
05/25/2023,BHM,AL,ASO,ES,Combined TRACON& Tower with Radar,103,47,121,23,294,0,9,69,9,87,103,56,190,32,381,0,0,0,381
05/26/2023,BHM,AL,ASO,ES,Combined TRACON& Tower with Radar,101,42,93,4,240,0,16,69,1,86,101,58,162,5,326,0,0,0,326
05/27/2023,BHM,AL,ASO,ES,Combined TRACON& Tower with Radar,76,16,34,0,126,0,9,38,3,50,76,25,72,3,176,0,0,0,176
05/28/2023,BHM,AL,ASO,ES,Combined TRACON& Tower with Radar,94,16,24,1,135,0,6,36,2,44,94,22,60,3,179,16,0,16,195
05/29/2023,BHM,AL,ASO,ES,Combined TRACON& Tower with Radar,95,29,50,0,174,0,8,26,1,35,95,37,76,1,209,0,0,0,209
05/30/2023,BHM,AL,ASO,ES,Combined TRACON& Tower with Radar,99,34,92,28,253,0,6,41,2,49,99,40,133,30,302,10,0,10,312
05/31/2023,BHM,AL,ASO,ES,Combined TRACON& Tower with Radar,100,43,75,12,230,0,3,25,2,30,100,46,100,14,260,12,0,12,272
06/01/2023,BHM,AL,ASO,ES,Combined TRACON& Tower with Radar,100,36,99,6,241,0,7,29,4,40,100,43,128,10,281,39,0,39,320
06/02/2023,BHM,AL,ASO,ES,Combined TRACON& Tower with Radar,106,41,74,15,236,0,2,40,5,47,106,43,114,20,283,0,0,0,283
06/03/2023,BHM,AL,ASO,ES,Combined TRACON& Tower with Radar,75,31,58,20,184,0,8,39,7,54,75,39,97,27,238,0,0,0,238
06/04/2023,BHM,AL,ASO,ES,Combined TRACON& Tower with Radar,98,29,67,12,206,0,4,35,0,39,98,33,102,12,245,12,0,12,257
06/05/2023,BHM,AL,ASO,ES,Combined TRACON& Tower with Radar,104,47,77,25,253,0,7,44,2,53,104,54,121,27,306,4,0,4,310
06/06/2023,BHM,AL,ASO,ES,Combined TRACON& Tower with Radar,105,45,71,39,260,0,2,41,2,45,105,47,112,41,305,0,0,0,305
06/07/2023,BHM,AL,ASO,ES,Combined TRACON& Tower with Radar,105,44,87,54,290,0,11,35,0,46,105,55,122,54,336,0,0,0,336
06/08/2023,BHM,AL,ASO,ES,Combined TRACON& Tower with Radar,106,43,88,27,264,0,9,36,5,50,106,52,124,32,314,0,0,0,314
06/09/2023,BHM,AL,ASO,ES,Combined TRACON& Tower with Radar,106,40,104,42,292,0,5,38,11,54,106,45,142,53,346,0,0,0,346
06/10/2023,BHM,AL,ASO,ES,Combined TRACON& Tower with Radar,82,20,47,6,155,0,6,19,1,26,82,26,66,7,181,0,0,0,181
06/11/2023,BHM,AL,ASO,ES,Combined TRACON& Tower with Radar,119,31,55,12,217,0,8,12,6,26,119,39,67,18,243,0,0,0,243
06/12/2023,BHM,AL,ASO,ES,Combined TRACON& Tower with Radar,113,31,80,47,271,0,5,16,2,23,113,36,96,49,294,10,22,32,326
06/13/2023,BHM,AL,ASO,ES,Combined TRACON& Tower with Radar,107,39,74,32,252,0,13,29,7,49,107,52,103,39,301,0,0,0,301
06/14/2023,BHM,AL,ASO,ES,Combined TRACON& Tower with Radar,104,35,84,3,226,0,0,0,0,0,104,35,84,3,226,0,0,0,226
06/15/2023,BHM,AL,ASO,ES,Combined TRACON& Tower with Radar,106,51,80,20,257,0,5,12,1,18,106,56,92,21,275,14,0,14,289
06/16/2023,BHM,AL,ASO,ES,Combined TRACON& Tower with Radar,107,43,85,16,251,0,1,22,7,30,107,44,107,23,281,0,0,0,281
06/17/2023,BHM,AL,ASO,ES,Combined TRACON& Tower with Radar,89,27,45,4,165,0,6,31,0,37,89,33,76,4,202,0,0,0,202
06/18/2023,BHM,AL,ASO,ES,Combined TRACON& Tower with Radar,97,30,49,1,177,0,3,15,7,25,97,33,64,8,202,0,0,0,202
06/19/2023,BHM,AL,ASO,ES,Combined TRACON& Tower with Radar,107,54,72,4,237,0,4,20,0,24,107,58,92,4,261,0,0,0,261
06/20/2023,BHM,AL,ASO,ES,Combined TRACON& Tower with Radar,100,37,93,46,276,0,4,36,6,46,100,41,129,52,322,20,6,26,348
06/21/2023,BHM,AL,ASO,ES,Combined TRACON& Tower with Radar,102,43,71,16,232,0,0,5,0,5,102,43,76,16,237,0,0,0,237
06/22/2023,BHM,AL,ASO,ES,Combined TRACON& Tower with Radar,111,49,84,17,261,0,2,16,1,19,111,51,100,18,280,0,0,0,280
06/23/2023,BHM,AL,ASO,ES,Combined TRACON& Tower with Radar,105,46,80,12,243,0,5,40,8,53,105,51,120,20,296,0,0,0,296
06/24/2023,BHM,AL,ASO,ES,Combined TRACON& Tower with Radar,82,40,46,10,178,0,8,42,2,52,82,48,88,12,230,0,0,0,230
06/25/2023,BHM,AL,ASO,ES,Combined TRACON& Tower with Radar,112,28,51,12,203,0,4,25,8,37,112,32,76,20,240,0,0,0,240
06/26/2023,BHM,AL,ASO,ES,Combined TRACON& Tower with Radar,99,52,50,27,228,0,9,35,5,49,99,61,85,32,277,0,0,0,277
06/27/2023,BHM,AL,ASO,ES,Combined TRACON& Tower with Radar,101,44,89,74,308,0,3,60,8,71,101,47,149,82,379,10,16,26,405
06/28/2023,BHM,AL,ASO,ES,Combined TRACON& Tower with Radar,99,53,102,35,289,0,5,47,3,55,99,58,149,38,344,0,0,0,344
06/29/2023,BHM,AL,ASO,ES,Combined TRACON& Tower with Radar,108,42,91,26,267,0,4,42,7,53,108,46,133,33,320,8,0,8,328
06/30/2023,BHM,AL,ASO,ES,Combined TRACON& Tower with Radar,117,42,85,10,254,0,8,56,3,67,117,50,141,13,321,0,0,0,321
07/01/2023,BHM,AL,ASO,ES,Combined TRACON& Tower with Radar,89,31,46,3,169,0,3,20,0,23,89,34,66,3,192,0,0,0,192
07/02/2023,BHM,AL,ASO,ES,Combined TRACON& Tower with Radar,92,22,36,1,151,0,3,9,3,15,92,25,45,4,166,14,0,14,180
07/03/2023,BHM,AL,ASO,ES,Combined TRACON& Tower with Radar,97,22,24,2,145,0,3,21,0,24,97,25,45,2,169,0,0,0,169
07/04/2023,BHM,AL,ASO,ES,Combined TRACON& Tower with Radar,81,19,23,0,123,0,2,8,0,10,81,21,31,0,133,0,0,0,133
07/05/2023,BHM,AL,ASO,ES,Combined TRACON& Tower with Radar,104,30,66,22,222,0,0,11,0,11,104,30,77,22,233,6,0,6,239
07/06/2023,BHM,AL,ASO,ES,Combined TRACON& Tower with Radar,99,36,91,26,252,0,0,17,6,23,99,36,108,32,275,0,0,0,275
07/07/2023,BHM,AL,ASO,ES,Combined TRACON& Tower with Radar,109,37,70,16,232,0,4,20,1,25,109,41,90,17,257,0,0,0,257
07/08/2023,BHM,AL,ASO,ES,Combined TRACON& Tower with Radar,86,24,36,0,146,0,4,12,2,18,86,28,48,2,164,0,0,0,164
07/09/2023,BHM,AL,ASO,ES,Combined TRACON& Tower with Radar,97,14,46,0,157,0,0,5,0,5,97,14,51,0,162,0,0,0,162
07/10/2023,BHM,AL,ASO,ES,Combined TRACON& Tower with Radar,108,46,63,23,240,0,9,36,3,48,108,55,99,26,288,0,0,0,288
07/11/2023,BHM,AL,ASO,ES,Combined TRACON& Tower with Radar,105,45,88,35,273,0,11,37,3,51,105,56,125,38,324,0,0,0,324
07/12/2023,BHM,AL,ASO,ES,Combined TRACON& Tower with Radar,101,47,79,36,263,0,3,21,2,26,101,50,100,38,289,0,0,0,289
07/13/2023,BHM,AL,ASO,ES,Combined TRACON& Tower with Radar,110,38,92,11,251,0,2,7,5,14,110,40,99,16,265,0,0,0,265
07/14/2023,BHM,AL,ASO,ES,Combined TRACON& Tower with Radar,100,40,72,21,233,0,0,23,11,34,100,40,95,32,267,0,0,0,267
07/15/2023,BHM,AL,ASO,ES,Combined TRACON& Tower with Radar,93,31,53,14,191,0,4,27,4,35,93,35,80,18,226,0,0,0,226
07/16/2023,BHM,AL,ASO,ES,Combined TRACON& Tower with Radar,101,24,60,18,203,0,0,36,10,46,101,24,96,28,249,0,0,0,249
07/17/2023,BHM,AL,ASO,ES,Combined TRACON& Tower with Radar,106,30,73,51,260,0,3,26,1,30,106,33,99,52,290,0,0,0,290
07/18/2023,BHM,AL,ASO,ES,Combined TRACON& Tower with Radar,107,32,102,21,262,0,5,23,3,31,107,37,125,24,293,0,0,0,293
07/19/2023,BHM,AL,ASO,ES,Combined TRACON& Tower with Radar,103,44,103,49,299,0,1,37,0,38,103,45,140,49,337,0,0,0,337
07/20/2023,BHM,AL,ASO,ES,Combined TRACON& Tower with Radar,126,45,88,34,293,0,3,40,4,47,126,48,128,38,340,0,0,0,340
07/21/2023,BHM,AL,ASO,ES,Combined TRACON& Tower with Radar,109,42,92,16,259,0,1,14,4,19,109,43,106,20,278,0,0,0,278
07/22/2023,BHM,AL,ASO,ES,Combined TRACON& Tower with Radar,88,31,30,1,150,0,3,12,1,16,88,34,42,2,166,0,0,0,166
07/23/2023,BHM,AL,ASO,ES,Combined TRACON& Tower with Radar,102,23,75,9,209,0,7,40,11,58,102,30,115,20,267,20,0,20,287
07/24/2023,BHM,AL,ASO,ES,Combined TRACON& Tower with Radar,110,43,88,6,247,0,5,33,3,41,110,48,121,9,288,0,0,0,288
07/25/2023,BHM,AL,ASO,ES,Combined TRACON& Tower with Radar,106,37,70,37,250,0,10,30,0,40,106,47,100,37,290,0,10,10,300
07/26/2023,BHM,AL,ASO,ES,Combined TRACON& Tower with Radar,104,50,68,40,262,0,3,31,17,51,104,53,99,57,313,0,0,0,313
07/27/2023,BHM,AL,ASO,ES,Combined TRACON& Tower with Radar,107,34,90,33,264,0,4,45,7,56,107,38,135,40,320,0,0,0,320
07/28/2023,BHM,AL,ASO,ES,Combined TRACON& Tower with Radar,114,30,84,23,251,0,5,49,4,58,114,35,133,27,309,0,0,0,309
07/29/2023,BHM,AL,ASO,ES,Combined TRACON& Tower with Radar,100,21,49,15,185,0,3,30,1,34,100,24,79,16,219,8,0,8,227
07/30/2023,BHM,AL,ASO,ES,Combined TRACON& Tower with Radar,100,23,58,4,185,0,3,22,6,31,100,26,80,10,216,8,0,8,224
07/31/2023,BHM,AL,ASO,ES,Combined TRACON& Tower with Radar,109,32,57,10,208,0,4,22,3,29,109,36,79,13,237,6,0,6,243
08/01/2023,BHM,AL,ASO,ES,Combined TRACON& Tower with Radar,105,31,76,24,236,0,10,45,4,59,105,41,121,28,295,0,0,0,295
08/02/2023,BHM,AL,ASO,ES,Combined TRACON& Tower with Radar,104,44,85,10,243,0,7,47,2,56,104,51,132,12,299,0,0,0,299
08/03/2023,BHM,AL,ASO,ES,Combined TRACON& Tower with Radar,105,53,73,10,241,0,2,21,9,32,105,55,94,19,273,8,0,8,281
08/04/2023,BHM,AL,ASO,ES,Combined TRACON& Tower with Radar,112,38,78,4,232,0,4,6,3,13,112,42,84,7,245,0,0,0,245
08/05/2023,BHM,AL,ASO,ES,Combined TRACON& Tower with Radar,86,28,30,2,146,0,2,36,15,53,86,30,66,17,199,0,0,0,199
08/06/2023,BHM,AL,ASO,ES,Combined TRACON& Tower with Radar,96,13,45,7,161,0,1,24,4,29,96,14,69,11,190,0,0,0,190
08/07/2023,BHM,AL,ASO,ES,Combined TRACON& Tower with Radar,101,44,76,5,226,0,13,22,6,41,101,57,98,11,267,8,0,8,275
08/08/2023,BHM,AL,ASO,ES,Combined TRACON& Tower with Radar,105,36,67,12,220,0,2,12,0,14,105,38,79,12,234,0,0,0,234
08/09/2023,BHM,AL,ASO,ES,Combined TRACON& Tower with Radar,104,29,102,10,245,0,0,12,4,16,104,29,114,14,261,0,0,0,261
08/10/2023,BHM,AL,ASO,ES,Combined TRACON& Tower with Radar,115,35,57,15,222,0,1,25,3,29,115,36,82,18,251,0,0,0,251
08/11/2023,BHM,AL,ASO,ES,Combined TRACON& Tower with Radar,110,34,80,9,233,0,2,15,8,25,110,36,95,17,258,0,0,0,258
08/12/2023,BHM,AL,ASO,ES,Combined TRACON& Tower with Radar,88,27,47,6,168,0,5,28,0,33,88,32,75,6,201,0,0,0,201
08/13/2023,BHM,AL,ASO,ES,Combined TRACON& Tower with Radar,99,18,49,5,171,0,4,33,4,41,99,22,82,9,212,0,0,0,212
08/14/2023,BHM,AL,ASO,ES,Combined TRACON& Tower with Radar,110,35,62,17,224,0,8,33,5,46,110,43,95,22,270,14,0,14,284
08/15/2023,BHM,AL,ASO,ES,Combined TRACON& Tower with Radar,117,37,103,34,291,0,3,25,3,31,117,40,128,37,322,0,0,0,322
08/16/2023,BHM,AL,ASO,ES,Combined TRACON& Tower with Radar,107,33,88,42,270,0,4,49,16,69,107,37,137,58,339,0,0,0,339
08/17/2023,BHM,AL,ASO,ES,Combined TRACON& Tower with Radar,104,41,91,31,267,0,1,43,13,57,104,42,134,44,324,12,0,12,336
08/18/2023,BHM,AL,ASO,ES,Combined TRACON& Tower with Radar,114,34,79,21,248,0,0,50,10,60,114,34,129,31,308,29,0,29,337
08/19/2023,BHM,AL,ASO,ES,Combined TRACON& Tower with Radar,87,24,48,4,163,0,4,43,5,52,87,28,91,9,215,0,0,0,215
08/20/2023,BHM,AL,ASO,ES,Combined TRACON& Tower with Radar,99,22,55,13,189,0,6,36,6,48,99,28,91,19,237,0,0,0,237
08/21/2023,BHM,AL,ASO,ES,Combined TRACON& Tower with Radar,106,40,53,13,212,0,12,33,4,49,106,52,86,17,261,10,0,10,271
08/22/2023,BHM,AL,ASO,ES,Combined TRACON& Tower with Radar,105,50,79,25,259,0,8,35,2,45,105,58,114,27,304,0,0,0,304
08/23/2023,BHM,AL,ASO,ES,Combined TRACON& Tower with Radar,107,53,96,12,268,0,9,40,10,59,107,62,136,22,327,0,0,0,327
08/24/2023,BHM,AL,ASO,ES,Combined TRACON& Tower with Radar,103,50,86,15,254,0,9,41,7,57,103,59,127,22,311,28,0,28,339
08/25/2023,BHM,AL,ASO,ES,Combined TRACON& Tower with Radar,110,36,85,30,261,0,6,29,5,40,110,42,114,35,301,0,0,0,301
08/26/2023,BHM,AL,ASO,ES,Combined TRACON& Tower with Radar,85,17,35,8,145,0,3,38,4,45,85,20,73,12,190,6,0,6,196
08/27/2023,BHM,AL,ASO,ES,Combined TRACON& Tower with Radar,100,18,50,5,173,0,4,28,2,34,100,22,78,7,207,0,0,0,207
08/28/2023,BHM,AL,ASO,ES,Combined TRACON& Tower with Radar,108,34,71,10,223,0,3,17,0,20,108,37,88,10,243,6,0,6,249
08/29/2023,BHM,AL,ASO,ES,Combined TRACON& Tower with Radar,102,29,91,40,262,0,5,12,4,21,102,34,103,44,283,6,0,6,289
08/30/2023,BHM,AL,ASO,ES,Combined TRACON& Tower with Radar,107,29,78,24,238,0,7,19,5,31,107,36,97,29,269,4,0,4,273
08/31/2023,BHM,AL,ASO,ES,Combined TRACON& Tower with Radar,110,62,109,17,298,0,10,58,12,80,110,72,167,29,378,0,0,0,378
