01/01/2000,BIL,MT,ANM,WE,Towers with Radar,18,18,5,0,41,1,10,28,0,39,19,28,33,0,80,32,0,32,112
01/02/2000,BIL,MT,ANM,WE,Towers with Radar,26,38,10,1,75,0,3,31,0,34,26,41,41,1,109,74,0,74,183
01/03/2000,BIL,MT,ANM,WE,Towers with Radar,24,65,26,0,115,2,10,30,0,42,26,75,56,0,157,24,0,24,181
01/04/2000,BIL,MT,ANM,WE,Towers with Radar,41,116,24,0,181,0,13,26,0,39,41,129,50,0,220,20,0,20,240
01/05/2000,BIL,MT,ANM,WE,Towers with Radar,36,119,24,2,181,0,7,19,0,26,36,126,43,2,207,22,0,22,229
01/06/2000,BIL,MT,ANM,WE,Towers with Radar,39,112,44,0,195,0,27,71,0,98,39,139,115,0,293,78,0,78,371
01/07/2000,BIL,MT,ANM,WE,Towers with Radar,37,101,34,2,174,0,17,52,0,69,37,118,86,2,243,32,0,32,275
01/08/2000,BIL,MT,ANM,WE,Towers with Radar,26,64,26,0,116,2,12,42,0,56,28,76,68,0,172,52,0,52,224
01/09/2000,BIL,MT,ANM,WE,Towers with Radar,30,32,14,0,76,0,5,37,0,42,30,37,51,0,118,42,0,42,160
01/10/2000,BIL,MT,ANM,WE,Towers with Radar,28,86,33,0,147,0,23,9,0,32,28,109,42,0,179,16,0,16,195
01/11/2000,BIL,MT,ANM,WE,Towers with Radar,37,115,46,0,198,0,8,2,0,10,37,123,48,0,208,10,0,10,218
01/12/2000,BIL,MT,ANM,WE,Towers with Radar,32,114,52,0,198,0,12,47,0,59,32,126,99,0,257,22,0,22,279
01/13/2000,BIL,MT,ANM,WE,Towers with Radar,33,100,57,2,192,0,27,89,0,116,33,127,146,2,308,130,4,134,442
01/14/2000,BIL,MT,ANM,WE,Towers with Radar,33,107,43,0,183,0,12,71,0,83,33,119,114,0,266,52,0,52,318
01/15/2000,BIL,MT,ANM,WE,Towers with Radar,28,68,31,0,127,0,13,57,0,70,28,81,88,0,197,72,0,72,269
01/16/2000,BIL,MT,ANM,WE,Towers with Radar,15,38,18,0,71,22,0,51,0,73,37,38,69,0,144,68,0,68,212
01/17/2000,BIL,MT,ANM,WE,Towers with Radar,26,45,45,0,116,0,24,69,0,93,26,69,114,0,209,52,0,52,261
01/18/2000,BIL,MT,ANM,WE,Towers with Radar,33,87,37,0,157,2,14,87,1,104,35,101,124,1,261,116,0,116,377
01/19/2000,BIL,MT,ANM,WE,Towers with Radar,34,98,43,0,175,1,32,73,0,106,35,130,116,0,281,46,0,46,327
01/20/2000,BIL,MT,ANM,WE,Towers with Radar,33,97,41,0,171,0,25,58,0,83,33,122,99,0,254,78,0,78,332
01/21/2000,BIL,MT,ANM,WE,Towers with Radar,30,96,40,1,167,0,25,57,3,85,30,121,97,4,252,92,10,102,354
01/22/2000,BIL,MT,ANM,WE,Towers with Radar,25,64,16,4,109,0,1,14,0,15,25,65,30,4,124,48,0,48,172
01/23/2000,BIL,MT,ANM,WE,Towers with Radar,28,47,16,2,93,0,9,27,0,36,28,56,43,2,129,14,0,14,143
01/24/2000,BIL,MT,ANM,WE,Towers with Radar,27,74,35,2,138,0,15,32,0,47,27,89,67,2,185,4,0,4,189
01/25/2000,BIL,MT,ANM,WE,Towers with Radar,29,124,52,3,208,0,2,48,1,51,29,126,100,4,259,60,2,62,321
01/26/2000,BIL,MT,ANM,WE,Towers with Radar,37,116,66,0,219,0,13,61,0,74,37,129,127,0,293,80,0,80,373
01/27/2000,BIL,MT,ANM,WE,Towers with Radar,36,118,53,4,211,0,6,28,0,34,36,124,81,4,245,10,0,10,255
01/28/2000,BIL,MT,ANM,WE,Towers with Radar,30,96,41,1,168,0,41,59,1,101,30,137,100,2,269,94,0,94,363
01/29/2000,BIL,MT,ANM,WE,Towers with Radar,26,68,34,1,129,0,15,100,0,115,26,83,134,1,244,106,0,106,350
01/30/2000,BIL,MT,ANM,WE,Towers with Radar,25,37,8,0,70,0,11,44,0,55,25,48,52,0,125,6,0,6,131
01/31/2000,BIL,MT,ANM,WE,Towers with Radar,27,80,54,0,161,0,33,106,0,139,27,113,160,0,300,124,0,124,424
02/01/2000,BIL,MT,ANM,WE,Towers with Radar,35,102,46,3,186,0,25,32,0,57,35,127,78,3,243,50,0,50,293
02/02/2000,BIL,MT,ANM,WE,Towers with Radar,39,112,35,2,188,0,19,66,2,87,39,131,101,4,275,76,0,76,351
02/03/2000,BIL,MT,ANM,WE,Towers with Radar,37,108,32,0,177,0,14,35,5,54,37,122,67,5,231,34,0,34,265
02/04/2000,BIL,MT,ANM,WE,Towers with Radar,38,91,45,1,175,0,29,68,0,97,38,120,113,1,272,100,0,100,372
02/05/2000,BIL,MT,ANM,WE,Towers with Radar,28,70,34,0,132,0,25,79,0,104,28,95,113,0,236,178,0,178,414
02/06/2000,BIL,MT,ANM,WE,Towers with Radar,17,47,22,0,86,7,16,39,0,62,24,63,61,0,148,28,0,28,176
02/07/2000,BIL,MT,ANM,WE,Towers with Radar,23,68,31,0,122,1,20,50,0,71,24,88,81,0,193,32,0,32,225
02/08/2000,BIL,MT,ANM,WE,Towers with Radar,31,125,58,0,214,0,35,45,0,80,31,160,103,0,294,80,0,80,374
02/09/2000,BIL,MT,ANM,WE,Towers with Radar,43,132,60,0,235,11,10,72,0,93,54,142,132,0,328,102,0,102,430
02/10/2000,BIL,MT,ANM,WE,Towers with Radar,33,124,35,0,192,0,2,0,0,2,33,126,35,0,194,0,0,0,194
02/11/2000,BIL,MT,ANM,WE,Towers with Radar,34,104,26,0,164,0,26,0,0,26,34,130,26,0,190,2,0,2,192
02/12/2000,BIL,MT,ANM,WE,Towers with Radar,28,94,43,0,165,0,4,8,0,12,28,98,51,0,177,52,0,52,229
02/13/2000,BIL,MT,ANM,WE,Towers with Radar,21,62,29,0,112,6,12,10,1,29,27,74,39,1,141,20,0,20,161
02/14/2000,BIL,MT,ANM,WE,Towers with Radar,25,109,25,1,160,0,3,0,0,3,25,112,25,1,163,24,0,24,187
02/15/2000,BIL,MT,ANM,WE,Towers with Radar,32,128,57,0,217,0,12,46,0,58,32,140,103,0,275,60,0,60,335
02/16/2000,BIL,MT,ANM,WE,Towers with Radar,45,101,69,0,215,0,17,68,0,85,45,118,137,0,300,98,0,98,398
02/17/2000,BIL,MT,ANM,WE,Towers with Radar,30,92,42,0,164,0,5,17,0,22,30,97,59,0,186,48,0,48,234
02/18/2000,BIL,MT,ANM,WE,Towers with Radar,31,120,55,0,206,0,7,151,0,158,31,127,206,0,364,94,0,94,458
02/19/2000,BIL,MT,ANM,WE,Towers with Radar,26,78,28,4,136,0,26,77,0,103,26,104,105,4,239,100,0,100,339
02/20/2000,BIL,MT,ANM,WE,Towers with Radar,22,43,19,0,84,0,14,111,0,125,22,57,130,0,209,98,0,98,307
02/21/2000,BIL,MT,ANM,WE,Towers with Radar,24,65,56,4,149,0,10,75,0,85,24,75,131,4,234,89,0,89,323
02/22/2000,BIL,MT,ANM,WE,Towers with Radar,31,94,70,0,195,0,21,93,0,114,31,115,163,0,309,132,0,132,441
02/23/2000,BIL,MT,ANM,WE,Towers with Radar,35,93,46,5,179,0,21,99,0,120,35,114,145,5,299,188,0,188,487
02/24/2000,BIL,MT,ANM,WE,Towers with Radar,33,112,64,0,209,0,12,62,0,74,33,124,126,0,283,94,0,94,377
02/25/2000,BIL,MT,ANM,WE,Towers with Radar,36,111,16,0,163,0,0,0,0,0,36,111,16,0,163,0,0,0,163
02/26/2000,BIL,MT,ANM,WE,Towers with Radar,25,73,39,1,138,0,12,53,0,65,25,85,92,1,203,90,0,90,293
02/27/2000,BIL,MT,ANM,WE,Towers with Radar,23,47,31,0,101,1,0,90,0,91,24,47,121,0,192,146,0,146,338
02/28/2000,BIL,MT,ANM,WE,Towers with Radar,26,78,36,0,140,5,26,59,0,90,31,104,95,0,230,98,0,98,328
02/29/2000,BIL,MT,ANM,WE,Towers with Radar,35,92,46,1,174,0,34,89,0,123,35,126,135,1,297,112,0,112,409
03/01/2000,BIL,MT,ANM,WE,Towers with Radar,39,98,45,1,183,0,20,67,0,87,39,118,112,1,270,150,0,150,420
03/02/2000,BIL,MT,ANM,WE,Towers with Radar,36,80,65,3,184,0,37,125,0,162,36,117,190,3,346,92,0,92,438
03/03/2000,BIL,MT,ANM,WE,Towers with Radar,34,89,38,5,166,0,85,110,1,196,34,174,148,6,362,114,2,116,478
03/04/2000,BIL,MT,ANM,WE,Towers with Radar,25,64,30,1,120,1,19,11,4,35,26,83,41,5,155,86,0,86,241
03/05/2000,BIL,MT,ANM,WE,Towers with Radar,28,34,20,0,82,0,16,92,0,108,28,50,112,0,190,22,0,22,212
03/06/2000,BIL,MT,ANM,WE,Towers with Radar,29,74,37,0,140,0,19,39,0,58,29,93,76,0,198,42,0,42,240
03/07/2000,BIL,MT,ANM,WE,Towers with Radar,38,103,46,0,187,0,17,59,0,76,38,120,105,0,263,94,0,94,357
03/08/2000,BIL,MT,ANM,WE,Towers with Radar,32,117,24,23,196,0,6,0,0,6,32,123,24,23,202,6,0,6,208
03/09/2000,BIL,MT,ANM,WE,Towers with Radar,40,119,23,6,188,0,8,8,0,16,40,127,31,6,204,0,0,0,204
03/10/2000,BIL,MT,ANM,WE,Towers with Radar,33,109,55,1,198,0,23,64,0,87,33,132,119,1,285,34,0,34,319
03/11/2000,BIL,MT,ANM,WE,Towers with Radar,26,68,33,1,128,1,10,38,0,49,27,78,71,1,177,36,0,36,213
03/12/2000,BIL,MT,ANM,WE,Towers with Radar,26,42,18,4,90,0,9,39,0,48,26,51,57,4,138,96,0,96,234
03/13/2000,BIL,MT,ANM,WE,Towers with Radar,24,80,50,0,154,0,12,40,0,52,24,92,90,0,206,106,0,106,312
03/14/2000,BIL,MT,ANM,WE,Towers with Radar,34,118,67,0,219,0,22,40,0,62,34,140,107,0,281,44,0,44,325
03/15/2000,BIL,MT,ANM,WE,Towers with Radar,33,129,63,1,226,0,20,88,0,108,33,149,151,1,334,136,0,136,470
03/16/2000,BIL,MT,ANM,WE,Towers with Radar,38,99,40,1,178,0,27,94,0,121,38,126,134,1,299,132,0,132,431
03/17/2000,BIL,MT,ANM,WE,Towers with Radar,33,108,35,0,176,0,15,43,0,58,33,123,78,0,234,50,0,50,284
03/18/2000,BIL,MT,ANM,WE,Towers with Radar,30,79,13,0,122,0,38,48,0,86,30,117,61,0,208,118,0,118,326
03/19/2000,BIL,MT,ANM,WE,Towers with Radar,20,54,25,1,100,2,0,31,1,34,22,54,56,2,134,14,0,14,148
03/20/2000,BIL,MT,ANM,WE,Towers with Radar,29,88,41,1,159,0,3,92,0,95,29,91,133,1,254,100,0,100,354
03/21/2000,BIL,MT,ANM,WE,Towers with Radar,33,87,40,0,160,2,49,77,0,128,35,136,117,0,288,68,0,68,356
03/22/2000,BIL,MT,ANM,WE,Towers with Radar,33,87,40,2,162,2,24,147,0,173,35,111,187,2,335,130,0,130,465
03/23/2000,BIL,MT,ANM,WE,Towers with Radar,37,83,71,2,193,0,23,73,0,96,37,106,144,2,289,46,0,46,335
03/24/2000,BIL,MT,ANM,WE,Towers with Radar,43,94,30,0,167,0,41,74,0,115,43,135,104,0,282,74,0,74,356
03/25/2000,BIL,MT,ANM,WE,Towers with Radar,30,63,29,0,122,0,34,86,0,120,30,97,115,0,242,118,0,118,360
03/26/2000,BIL,MT,ANM,WE,Towers with Radar,28,34,19,0,81,0,14,61,0,75,28,48,80,0,156,34,0,34,190
03/27/2000,BIL,MT,ANM,WE,Towers with Radar,23,61,29,1,114,4,29,79,1,113,27,90,108,2,227,98,0,98,325
03/28/2000,BIL,MT,ANM,WE,Towers with Radar,35,104,64,0,203,0,21,42,0,63,35,125,106,0,266,46,0,46,312
03/29/2000,BIL,MT,ANM,WE,Towers with Radar,36,101,47,1,185,0,35,3,7,45,36,136,50,8,230,8,8,16,246
03/30/2000,BIL,MT,ANM,WE,Towers with Radar,33,113,45,0,191,0,14,60,0,74,33,127,105,0,265,74,0,74,339
03/31/2000,BIL,MT,ANM,WE,Towers with Radar,34,92,43,0,169,0,43,87,0,130,34,135,130,0,299,112,0,112,411
04/01/2000,BIL,MT,ANM,WE,Towers with Radar,24,71,19,0,114,0,25,65,0,90,24,96,84,0,204,52,0,52,256
04/02/2000,BIL,MT,ANM,WE,Towers with Radar,25,41,12,0,78,0,8,8,0,16,25,49,20,0,94,30,0,30,124
04/03/2000,BIL,MT,ANM,WE,Towers with Radar,29,54,42,1,126,0,40,82,0,122,29,94,124,1,248,106,0,106,354
04/04/2000,BIL,MT,ANM,WE,Towers with Radar,33,95,24,0,152,0,48,39,0,87,33,143,63,0,239,50,0,50,289
04/05/2000,BIL,MT,ANM,WE,Towers with Radar,40,86,17,1,144,0,37,41,0,78,40,123,58,1,222,28,0,28,250
04/06/2000,BIL,MT,ANM,WE,Towers with Radar,39,105,38,0,182,0,11,29,0,40,39,116,67,0,222,50,0,50,272
04/07/2000,BIL,MT,ANM,WE,Towers with Radar,30,93,40,0,163,0,42,91,0,133,30,135,131,0,296,138,2,140,436
04/08/2000,BIL,MT,ANM,WE,Towers with Radar,34,57,29,2,122,0,30,125,0,155,34,87,154,2,277,134,0,134,411
04/09/2000,BIL,MT,ANM,WE,Towers with Radar,25,61,28,0,114,0,10,93,0,103,25,71,121,0,217,128,0,128,345
04/10/2000,BIL,MT,ANM,WE,Towers with Radar,20,77,75,2,174,0,12,89,0,101,20,89,164,2,275,98,0,98,373
04/11/2000,BIL,MT,ANM,WE,Towers with Radar,38,82,55,0,175,0,38,109,2,149,38,120,164,2,324,84,0,84,408
04/12/2000,BIL,MT,ANM,WE,Towers with Radar,34,94,56,2,186,0,29,97,0,126,34,123,153,2,312,86,0,86,398
04/13/2000,BIL,MT,ANM,WE,Towers with Radar,38,98,57,1,194,0,14,41,2,57,38,112,98,3,251,44,0,44,295
04/14/2000,BIL,MT,ANM,WE,Towers with Radar,37,111,24,0,172,0,4,6,0,10,37,115,30,0,182,0,0,0,182
04/15/2000,BIL,MT,ANM,WE,Towers with Radar,30,75,29,0,134,0,3,26,0,29,30,78,55,0,163,46,0,46,209
04/16/2000,BIL,MT,ANM,WE,Towers with Radar,24,46,26,0,96,14,0,8,0,22,38,46,34,0,118,71,0,71,189
04/17/2000,BIL,MT,ANM,WE,Towers with Radar,38,76,23,0,137,0,17,51,0,68,38,93,74,0,205,42,0,42,247
04/18/2000,BIL,MT,ANM,WE,Towers with Radar,34,125,40,0,199,0,16,16,0,32,34,141,56,0,231,46,0,46,277
04/19/2000,BIL,MT,ANM,WE,Towers with Radar,44,98,56,14,212,0,34,89,0,123,44,132,145,14,335,204,14,218,553
04/20/2000,BIL,MT,ANM,WE,Towers with Radar,32,81,38,0,151,6,42,71,0,119,38,123,109,0,270,86,0,86,356
04/21/2000,BIL,MT,ANM,WE,Towers with Radar,34,94,45,1,174,0,35,109,7,151,34,129,154,8,325,174,0,174,499
04/22/2000,BIL,MT,ANM,WE,Towers with Radar,25,60,15,0,100,0,11,68,0,79,25,71,83,0,179,100,0,100,279
04/23/2000,BIL,MT,ANM,WE,Towers with Radar,15,38,19,0,72,12,1,21,0,34,27,39,40,0,106,24,0,24,130
04/24/2000,BIL,MT,ANM,WE,Towers with Radar,24,83,51,0,158,0,14,47,0,61,24,97,98,0,219,114,0,114,333
04/25/2000,BIL,MT,ANM,WE,Towers with Radar,34,87,41,0,162,0,34,104,0,138,34,121,145,0,300,81,0,81,381
04/26/2000,BIL,MT,ANM,WE,Towers with Radar,31,91,43,0,165,0,32,82,0,114,31,123,125,0,279,48,0,48,327
04/27/2000,BIL,MT,ANM,WE,Towers with Radar,38,99,46,1,184,0,38,111,1,150,38,137,157,2,334,40,0,40,374
04/28/2000,BIL,MT,ANM,WE,Towers with Radar,35,100,47,0,182,0,26,105,0,131,35,126,152,0,313,88,0,88,401
04/29/2000,BIL,MT,ANM,WE,Towers with Radar,26,66,32,0,124,0,5,42,0,47,26,71,74,0,171,28,0,28,199
04/30/2000,BIL,MT,ANM,WE,Towers with Radar,18,39,21,0,78,7,0,69,0,76,25,39,90,0,154,56,0,56,210
05/01/2000,BIL,MT,ANM,WE,Towers with Radar,22,49,53,4,128,1,28,78,1,108,23,77,131,5,236,68,10,78,314
05/02/2000,BIL,MT,ANM,WE,Towers with Radar,39,96,50,0,185,1,25,95,5,126,40,121,145,5,311,96,0,96,407
05/03/2000,BIL,MT,ANM,WE,Towers with Radar,49,76,52,0,177,6,50,121,0,177,55,126,173,0,354,180,0,180,534
05/04/2000,BIL,MT,ANM,WE,Towers with Radar,34,84,45,0,163,13,37,72,0,122,47,121,117,0,285,70,0,70,355
05/05/2000,BIL,MT,ANM,WE,Towers with Radar,37,101,64,0,202,1,12,56,0,69,38,113,120,0,271,90,0,90,361
05/06/2000,BIL,MT,ANM,WE,Towers with Radar,33,83,45,0,161,8,33,41,1,83,41,116,86,1,244,110,0,110,354
05/07/2000,BIL,MT,ANM,WE,Towers with Radar,25,41,38,1,105,1,2,23,0,26,26,43,61,1,131,98,0,98,229
05/08/2000,BIL,MT,ANM,WE,Towers with Radar,27,54,58,0,139,1,34,61,0,96,28,88,119,0,235,46,0,46,281
05/09/2000,BIL,MT,ANM,WE,Towers with Radar,28,97,45,0,170,1,24,47,0,72,29,121,92,0,242,56,0,56,298
05/10/2000,BIL,MT,ANM,WE,Towers with Radar,38,87,66,0,191,1,26,66,0,93,39,113,132,0,284,86,0,86,370
05/11/2000,BIL,MT,ANM,WE,Towers with Radar,43,112,35,0,190,1,6,18,0,25,44,118,53,0,215,20,0,20,235
05/12/2000,BIL,MT,ANM,WE,Towers with Radar,36,89,49,0,174,3,12,22,0,37,39,101,71,0,211,54,4,58,269
05/13/2000,BIL,MT,ANM,WE,Towers with Radar,29,67,19,0,115,1,12,85,0,98,30,79,104,0,213,66,0,66,279
05/14/2000,BIL,MT,ANM,WE,Towers with Radar,28,36,26,0,90,1,15,58,0,74,29,51,84,0,164,80,0,80,244
05/15/2000,BIL,MT,ANM,WE,Towers with Radar,29,62,61,0,152,1,23,85,0,109,30,85,146,0,261,68,0,68,329
05/16/2000,BIL,MT,ANM,WE,Towers with Radar,34,95,25,1,155,1,33,70,0,104,35,128,95,1,259,54,0,54,313
05/17/2000,BIL,MT,ANM,WE,Towers with Radar,31,120,53,1,205,1,11,30,0,42,32,131,83,1,247,24,0,24,271
05/18/2000,BIL,MT,ANM,WE,Towers with Radar,34,106,61,0,201,1,30,118,0,149,35,136,179,0,350,112,0,112,462
05/19/2000,BIL,MT,ANM,WE,Towers with Radar,37,102,56,0,195,0,37,80,0,117,37,139,136,0,312,78,0,78,390
05/20/2000,BIL,MT,ANM,WE,Towers with Radar,28,52,23,1,104,0,20,107,0,127,28,72,130,1,231,34,0,34,265
05/21/2000,BIL,MT,ANM,WE,Towers with Radar,27,50,12,0,89,0,8,59,0,67,27,58,71,0,156,10,0,10,166
05/22/2000,BIL,MT,ANM,WE,Towers with Radar,26,81,43,0,150,0,21,86,1,108,26,102,129,1,258,52,0,52,310
05/23/2000,BIL,MT,ANM,WE,Towers with Radar,36,86,43,0,165,0,34,69,0,103,36,120,112,0,268,92,0,92,360
05/24/2000,BIL,MT,ANM,WE,Towers with Radar,40,87,65,0,192,0,29,86,0,115,40,116,151,0,307,24,0,24,331
05/25/2000,BIL,MT,ANM,WE,Towers with Radar,36,95,44,0,175,0,35,77,2,114,36,130,121,2,289,94,2,96,385
05/26/2000,BIL,MT,ANM,WE,Towers with Radar,35,112,55,3,205,0,15,55,1,71,35,127,110,4,276,86,0,86,362
05/27/2000,BIL,MT,ANM,WE,Towers with Radar,26,59,24,0,109,0,17,77,0,94,26,76,101,0,203,76,0,76,279
05/28/2000,BIL,MT,ANM,WE,Towers with Radar,23,40,16,0,79,0,2,36,0,38,23,42,52,0,117,40,0,40,157
05/29/2000,BIL,MT,ANM,WE,Towers with Radar,21,48,23,0,92,0,6,31,0,37,21,54,54,0,129,2,0,2,131
05/30/2000,BIL,MT,ANM,WE,Towers with Radar,32,97,53,0,182,0,5,35,0,40,32,102,88,0,222,60,0,60,282
05/31/2000,BIL,MT,ANM,WE,Towers with Radar,32,112,61,0,205,0,12,43,0,55,32,124,104,0,260,64,0,64,324
06/01/2000,BIL,MT,ANM,WE,Towers with Radar,37,100,35,11,183,0,19,84,0,103,37,119,119,11,286,78,16,94,380
06/02/2000,BIL,MT,ANM,WE,Towers with Radar,37,78,52,10,177,0,31,96,0,127,37,109,148,10,304,82,0,82,386
06/03/2000,BIL,MT,ANM,WE,Towers with Radar,29,63,19,10,121,0,22,76,2,100,29,85,95,12,221,26,12,38,259
06/04/2000,BIL,MT,ANM,WE,Towers with Radar,21,46,27,1,95,3,0,70,1,74,24,46,97,2,169,36,0,36,205
06/05/2000,BIL,MT,ANM,WE,Towers with Radar,25,72,40,2,139,0,7,96,12,115,25,79,136,14,254,60,12,72,326
06/06/2000,BIL,MT,ANM,WE,Towers with Radar,31,84,34,0,149,0,37,92,0,129,31,121,126,0,278,52,0,52,330
06/07/2000,BIL,MT,ANM,WE,Towers with Radar,34,79,43,0,156,0,42,72,0,114,34,121,115,0,270,58,0,58,328
06/08/2000,BIL,MT,ANM,WE,Towers with Radar,35,85,57,0,177,0,31,93,1,125,35,116,150,1,302,24,0,24,326
06/09/2000,BIL,MT,ANM,WE,Towers with Radar,35,85,46,1,167,1,38,31,0,70,36,123,77,1,237,38,0,38,275
06/10/2000,BIL,MT,ANM,WE,Towers with Radar,28,63,19,0,110,0,17,403,0,420,28,80,422,0,530,74,0,74,604
06/11/2000,BIL,MT,ANM,WE,Towers with Radar,18,42,22,0,82,6,12,66,0,84,24,54,88,0,166,26,0,26,192
06/12/2000,BIL,MT,ANM,WE,Towers with Radar,35,83,45,0,163,9,4,71,0,84,44,87,116,0,247,98,0,98,345
06/13/2000,BIL,MT,ANM,WE,Towers with Radar,35,90,48,3,176,0,39,25,0,64,35,129,73,3,240,54,0,54,294
06/14/2000,BIL,MT,ANM,WE,Towers with Radar,41,100,54,0,195,0,20,57,0,77,41,120,111,0,272,39,0,39,311
06/15/2000,BIL,MT,ANM,WE,Towers with Radar,39,99,54,2,194,0,56,20,0,76,39,155,74,2,270,0,0,0,270
06/16/2000,BIL,MT,ANM,WE,Towers with Radar,40,123,68,4,235,0,7,69,1,77,40,130,137,5,312,56,0,56,368
06/17/2000,BIL,MT,ANM,WE,Towers with Radar,31,67,40,0,138,0,8,73,0,81,31,75,113,0,219,76,0,76,295
06/18/2000,BIL,MT,ANM,WE,Towers with Radar,23,56,31,1,111,5,11,100,1,117,28,67,131,2,228,154,0,154,382
06/19/2000,BIL,MT,ANM,WE,Towers with Radar,29,70,38,0,137,6,9,25,0,40,35,79,63,0,177,26,0,26,203
06/20/2000,BIL,MT,ANM,WE,Towers with Radar,40,103,52,0,195,0,21,57,0,78,40,124,109,0,273,92,0,92,365
06/21/2000,BIL,MT,ANM,WE,Towers with Radar,30,101,48,4,183,0,42,113,0,155,30,143,161,4,338,90,0,90,428
06/22/2000,BIL,MT,ANM,WE,Towers with Radar,34,96,60,13,203,0,40,85,0,125,34,136,145,13,328,114,22,136,464
06/23/2000,BIL,MT,ANM,WE,Towers with Radar,38,99,55,0,192,0,43,87,0,130,38,142,142,0,322,96,0,96,418
06/24/2000,BIL,MT,ANM,WE,Towers with Radar,29,61,39,0,129,0,27,98,0,125,29,88,137,0,254,138,0,138,392
06/25/2000,BIL,MT,ANM,WE,Towers with Radar,30,44,29,1,104,0,17,65,0,82,30,61,94,1,186,20,0,20,206
06/26/2000,BIL,MT,ANM,WE,Towers with Radar,32,71,60,0,163,0,23,72,2,97,32,94,132,2,260,76,0,76,336
06/27/2000,BIL,MT,ANM,WE,Towers with Radar,35,92,51,0,178,0,35,108,0,143,35,127,159,0,321,86,0,86,407
06/28/2000,BIL,MT,ANM,WE,Towers with Radar,38,92,51,3,184,4,41,126,8,179,42,133,177,11,363,114,10,124,487
06/29/2000,BIL,MT,ANM,WE,Towers with Radar,33,111,61,0,205,0,43,151,0,194,33,154,212,0,399,74,0,74,473
06/30/2000,BIL,MT,ANM,WE,Towers with Radar,37,73,54,0,164,2,43,122,0,167,39,116,176,0,331,72,0,72,403
07/01/2000,BIL,MT,ANM,WE,Towers with Radar,1,62,37,0,100,0,0,149,38,187,1,62,186,38,287,80,0,80,367
07/02/2000,BIL,MT,ANM,WE,Towers with Radar,26,63,32,0,121,0,40,78,0,118,26,103,110,0,239,98,0,98,337
07/03/2000,BIL,MT,ANM,WE,Towers with Radar,22,50,26,0,98,0,0,74,0,74,22,50,100,0,172,40,0,40,212
07/04/2000,BIL,MT,ANM,WE,Towers with Radar,17,39,19,0,75,7,20,40,0,67,24,59,59,0,142,36,0,36,178
07/05/2000,BIL,MT,ANM,WE,Towers with Radar,29,92,35,0,156,0,42,86,0,128,29,134,121,0,284,62,0,62,346
07/06/2000,BIL,MT,ANM,WE,Towers with Radar,39,105,68,2,214,0,37,86,0,123,39,142,154,2,337,60,0,60,397
07/07/2000,BIL,MT,ANM,WE,Towers with Radar,35,83,60,5,183,0,34,97,0,131,35,117,157,5,314,56,0,56,370
07/08/2000,BIL,MT,ANM,WE,Towers with Radar,28,62,36,6,132,0,26,71,0,97,28,88,107,6,229,36,0,36,265
07/09/2000,BIL,MT,ANM,WE,Towers with Radar,29,65,21,7,122,0,15,60,0,75,29,80,81,7,197,74,6,80,277
07/10/2000,BIL,MT,ANM,WE,Towers with Radar,27,76,60,3,166,0,32,84,0,116,27,108,144,3,282,88,0,88,370
07/11/2000,BIL,MT,ANM,WE,Towers with Radar,35,90,49,0,174,0,49,63,0,112,35,139,112,0,286,33,0,33,319
07/12/2000,BIL,MT,ANM,WE,Towers with Radar,40,79,66,0,185,0,55,91,0,146,40,134,157,0,331,56,0,56,387
07/13/2000,BIL,MT,ANM,WE,Towers with Radar,40,96,50,4,190,0,37,94,1,132,40,133,144,5,322,60,0,60,382
07/14/2000,BIL,MT,ANM,WE,Towers with Radar,30,87,45,3,165,0,40,87,1,128,30,127,132,4,293,32,0,32,325
07/15/2000,BIL,MT,ANM,WE,Towers with Radar,29,55,28,0,112,0,32,90,0,122,29,87,118,0,234,56,0,56,290
07/16/2000,BIL,MT,ANM,WE,Towers with Radar,26,46,19,0,91,0,10,73,0,83,26,56,92,0,174,48,0,48,222
07/17/2000,BIL,MT,ANM,WE,Towers with Radar,27,70,42,4,143,0,30,99,2,131,27,100,141,6,274,72,0,72,346
07/18/2000,BIL,MT,ANM,WE,Towers with Radar,41,111,55,1,208,0,19,101,0,120,41,130,156,1,328,92,0,92,420
07/19/2000,BIL,MT,ANM,WE,Towers with Radar,36,88,46,0,170,0,35,8,0,43,36,123,54,0,213,58,0,58,271
07/20/2000,BIL,MT,ANM,WE,Towers with Radar,39,127,66,0,232,1,48,114,0,163,40,175,180,0,395,78,0,78,473
07/21/2000,BIL,MT,ANM,WE,Towers with Radar,41,92,26,4,163,0,47,110,1,158,41,139,136,5,321,98,8,106,427
07/22/2000,BIL,MT,ANM,WE,Towers with Radar,31,52,26,2,111,0,33,104,0,137,31,85,130,2,248,28,2,30,278
07/23/2000,BIL,MT,ANM,WE,Towers with Radar,25,34,16,2,77,0,11,112,1,124,25,45,128,3,201,28,0,28,229
07/24/2000,BIL,MT,ANM,WE,Towers with Radar,41,59,53,0,153,8,36,111,0,155,49,95,164,0,308,95,0,95,403
07/25/2000,BIL,MT,ANM,WE,Towers with Radar,51,69,40,0,160,3,53,157,0,213,54,122,197,0,373,112,0,112,485
07/26/2000,BIL,MT,ANM,WE,Towers with Radar,39,85,45,1,170,18,71,138,0,227,57,156,183,1,397,73,6,79,476
07/27/2000,BIL,MT,ANM,WE,Towers with Radar,40,89,47,3,179,10,48,126,8,192,50,137,173,11,371,50,22,72,443
07/28/2000,BIL,MT,ANM,WE,Towers with Radar,42,95,50,3,190,0,42,75,28,145,42,137,125,31,335,182,94,276,611
07/29/2000,BIL,MT,ANM,WE,Towers with Radar,28,57,16,2,103,0,19,88,3,110,28,76,104,5,213,174,38,212,425
07/30/2000,BIL,MT,ANM,WE,Towers with Radar,28,46,17,2,93,0,15,73,2,90,28,61,90,4,183,22,24,46,229
07/31/2000,BIL,MT,ANM,WE,Towers with Radar,30,81,28,21,160,0,38,104,4,146,30,119,132,25,306,82,14,96,402
08/01/2000,BIL,MT,ANM,WE,Towers with Radar,36,107,49,3,195,1,22,109,0,132,37,129,158,3,327,82,0,82,409
08/02/2000,BIL,MT,ANM,WE,Towers with Radar,32,110,39,0,181,0,44,108,1,153,32,154,147,1,334,72,0,72,406
08/03/2000,BIL,MT,ANM,WE,Towers with Radar,42,90,59,1,192,0,58,99,2,159,42,148,158,3,351,40,0,40,391
08/04/2000,BIL,MT,ANM,WE,Towers with Radar,32,100,54,1,187,0,47,66,0,113,32,147,120,1,300,10,8,18,318
08/05/2000,BIL,MT,ANM,WE,Towers with Radar,29,75,29,4,137,1,22,60,0,83,30,97,89,4,220,36,0,36,256
08/06/2000,BIL,MT,ANM,WE,Towers with Radar,31,55,33,14,133,1,28,84,0,113,32,83,117,14,246,10,0,10,256
08/07/2000,BIL,MT,ANM,WE,Towers with Radar,31,57,65,6,159,1,20,59,0,80,32,77,124,6,239,106,0,106,345
08/08/2000,BIL,MT,ANM,WE,Towers with Radar,36,115,58,2,211,1,28,71,0,100,37,143,129,2,311,98,0,98,409
08/09/2000,BIL,MT,ANM,WE,Towers with Radar,38,98,53,0,189,0,36,51,0,87,38,134,104,0,276,42,0,42,318
08/10/2000,BIL,MT,ANM,WE,Towers with Radar,37,100,39,3,179,0,25,66,2,93,37,125,105,5,272,52,0,52,324
08/11/2000,BIL,MT,ANM,WE,Towers with Radar,33,98,64,0,195,0,57,99,0,156,33,155,163,0,351,114,0,114,465
08/12/2000,BIL,MT,ANM,WE,Towers with Radar,28,63,34,2,127,15,27,106,0,148,43,90,140,2,275,70,0,70,345
08/13/2000,BIL,MT,ANM,WE,Towers with Radar,25,47,34,1,107,8,26,62,0,96,33,73,96,1,203,34,14,48,251
08/14/2000,BIL,MT,ANM,WE,Towers with Radar,27,71,54,1,153,0,39,92,0,131,27,110,146,1,284,56,0,56,340
08/15/2000,BIL,MT,ANM,WE,Towers with Radar,43,96,72,3,214,0,38,106,0,144,43,134,178,3,358,102,0,102,460
08/16/2000,BIL,MT,ANM,WE,Towers with Radar,38,103,71,2,214,0,35,84,0,119,38,138,155,2,333,78,0,78,411
08/17/2000,BIL,MT,ANM,WE,Towers with Radar,40,98,53,2,193,1,50,78,7,136,41,148,131,9,329,82,0,82,411
08/18/2000,BIL,MT,ANM,WE,Towers with Radar,35,98,53,2,188,0,47,98,0,145,35,145,151,2,333,106,0,106,439
08/19/2000,BIL,MT,ANM,WE,Towers with Radar,38,61,43,0,142,2,8,83,1,94,40,69,126,1,236,38,0,38,274
08/20/2000,BIL,MT,ANM,WE,Towers with Radar,23,49,29,1,102,12,0,91,1,104,35,49,120,2,206,68,0,68,274
08/21/2000,BIL,MT,ANM,WE,Towers with Radar,46,71,47,0,164,3,19,112,0,134,49,90,159,0,298,96,0,96,394
08/22/2000,BIL,MT,ANM,WE,Towers with Radar,51,90,51,5,197,2,51,83,3,139,53,141,134,8,336,150,10,160,496
08/23/2000,BIL,MT,ANM,WE,Towers with Radar,30,72,40,0,142,7,23,143,0,173,37,95,183,0,315,60,0,60,375
08/24/2000,BIL,MT,ANM,WE,Towers with Radar,39,114,56,4,213,0,31,81,5,117,39,145,137,9,330,50,0,50,380
08/25/2000,BIL,MT,ANM,WE,Towers with Radar,39,83,31,1,154,0,37,65,0,102,39,120,96,1,256,78,0,78,334
08/26/2000,BIL,MT,ANM,WE,Towers with Radar,28,92,33,1,154,0,30,93,2,125,28,122,126,3,279,98,0,98,377
08/27/2000,BIL,MT,ANM,WE,Towers with Radar,27,57,32,0,116,0,16,65,0,81,27,73,97,0,197,66,0,66,263
08/28/2000,BIL,MT,ANM,WE,Towers with Radar,26,71,44,0,141,2,67,101,0,170,28,138,145,0,311,48,0,48,359
08/29/2000,BIL,MT,ANM,WE,Towers with Radar,37,83,38,2,160,0,87,120,1,208,37,170,158,3,368,36,0,36,404
08/30/2000,BIL,MT,ANM,WE,Towers with Radar,38,106,59,0,203,0,31,79,0,110,38,137,138,0,313,88,0,88,401
08/31/2000,BIL,MT,ANM,WE,Towers with Radar,37,126,47,5,215,0,19,60,3,82,37,145,107,8,297,86,6,92,389
09/01/2000,BIL,MT,ANM,WE,Towers with Radar,38,98,28,2,166,1,25,60,0,86,39,123,88,2,252,64,0,64,316
09/02/2000,BIL,MT,ANM,WE,Towers with Radar,31,61,31,0,123,1,19,72,0,92,32,80,103,0,215,32,0,32,247
09/03/2000,BIL,MT,ANM,WE,Towers with Radar,24,36,18,0,78,1,10,64,0,75,25,46,82,0,153,52,0,52,205
09/04/2000,BIL,MT,ANM,WE,Towers with Radar,24,42,26,0,92,1,8,65,0,74,25,50,91,0,166,30,0,30,196
09/05/2000,BIL,MT,ANM,WE,Towers with Radar,27,80,61,0,168,0,22,53,0,75,27,102,114,0,243,40,0,40,283
09/06/2000,BIL,MT,ANM,WE,Towers with Radar,40,103,47,0,190,0,29,42,0,71,40,132,89,0,261,40,0,40,301
09/07/2000,BIL,MT,ANM,WE,Towers with Radar,42,110,50,3,205,0,48,121,2,171,42,158,171,5,376,92,0,92,468
09/08/2000,BIL,MT,ANM,WE,Towers with Radar,31,73,53,2,159,0,44,73,0,117,31,117,126,2,276,72,0,72,348
09/09/2000,BIL,MT,ANM,WE,Towers with Radar,28,79,24,2,133,0,18,40,0,58,28,97,64,2,191,20,0,20,211
09/10/2000,BIL,MT,ANM,WE,Towers with Radar,26,40,25,5,96,0,4,43,0,47,26,44,68,5,143,104,0,104,247
09/11/2000,BIL,MT,ANM,WE,Towers with Radar,29,67,34,0,130,0,17,93,4,114,29,84,127,4,244,138,2,140,384
09/12/2000,BIL,MT,ANM,WE,Towers with Radar,47,108,44,1,200,0,47,132,1,180,47,155,176,2,380,64,0,64,444
09/13/2000,BIL,MT,ANM,WE,Towers with Radar,43,48,54,0,145,0,41,107,2,150,43,89,161,2,295,122,0,122,417
09/14/2000,BIL,MT,ANM,WE,Towers with Radar,37,87,43,0,167,8,36,75,0,119,45,123,118,0,286,94,0,94,380
09/15/2000,BIL,MT,ANM,WE,Towers with Radar,31,84,42,0,157,0,41,130,1,172,31,125,172,1,329,88,0,88,417
09/16/2000,BIL,MT,ANM,WE,Towers with Radar,27,57,23,0,107,0,14,95,0,109,27,71,118,0,216,70,0,70,286
09/17/2000,BIL,MT,ANM,WE,Towers with Radar,38,38,29,1,106,0,6,58,0,64,38,44,87,1,170,96,0,96,266
09/18/2000,BIL,MT,ANM,WE,Towers with Radar,30,84,42,0,156,0,10,97,0,107,30,94,139,0,263,48,0,48,311
09/19/2000,BIL,MT,ANM,WE,Towers with Radar,35,98,49,0,182,0,24,27,2,53,35,122,76,2,235,34,2,36,271
09/20/2000,BIL,MT,ANM,WE,Towers with Radar,39,107,50,0,196,0,20,112,1,133,39,127,162,1,329,138,0,138,467
09/21/2000,BIL,MT,ANM,WE,Towers with Radar,36,117,46,0,199,0,0,3,0,3,36,117,49,0,202,24,0,24,226
09/22/2000,BIL,MT,ANM,WE,Towers with Radar,33,116,21,2,172,0,0,0,0,0,33,116,21,2,172,10,0,10,182
09/23/2000,BIL,MT,ANM,WE,Towers with Radar,32,78,58,0,168,0,6,29,0,35,32,84,87,0,203,60,0,60,263
09/24/2000,BIL,MT,ANM,WE,Towers with Radar,28,33,48,0,109,0,11,112,0,123,28,44,160,0,232,112,0,112,344
09/25/2000,BIL,MT,ANM,WE,Towers with Radar,30,68,34,0,132,11,26,90,0,127,41,94,124,0,259,38,0,38,297
09/26/2000,BIL,MT,ANM,WE,Towers with Radar,34,82,41,0,157,0,32,111,0,143,34,114,152,0,300,56,0,56,356
09/27/2000,BIL,MT,ANM,WE,Towers with Radar,35,90,45,0,170,0,40,116,0,156,35,130,161,0,326,142,0,142,468
09/28/2000,BIL,MT,ANM,WE,Towers with Radar,26,80,27,0,133,0,38,77,0,115,26,118,104,0,248,30,0,30,278
09/29/2000,BIL,MT,ANM,WE,Towers with Radar,38,111,30,2,181,0,38,109,0,147,38,149,139,2,328,108,0,108,436
09/30/2000,BIL,MT,ANM,WE,Towers with Radar,22,68,46,0,136,0,25,81,0,106,22,93,127,0,242,108,0,108,350
10/01/2000,BIL,MT,ANM,WE,Towers with Radar,23,42,25,0,90,1,3,38,0,42,24,45,63,0,132,28,0,28,160
10/02/2000,BIL,MT,ANM,WE,Towers with Radar,27,72,44,0,143,2,28,63,0,93,29,100,107,0,236,88,0,88,324
10/03/2000,BIL,MT,ANM,WE,Towers with Radar,41,126,59,0,226,0,37,112,0,149,41,163,171,0,375,142,0,142,517
10/04/2000,BIL,MT,ANM,WE,Towers with Radar,36,126,50,0,212,1,16,51,0,68,37,142,101,0,280,90,0,90,370
10/05/2000,BIL,MT,ANM,WE,Towers with Radar,33,109,51,0,193,0,31,15,0,46,33,140,66,0,239,40,0,40,279
10/06/2000,BIL,MT,ANM,WE,Towers with Radar,33,92,57,2,184,1,24,101,0,126,34,116,158,2,310,113,0,113,423
10/07/2000,BIL,MT,ANM,WE,Towers with Radar,23,61,17,0,101,1,27,100,0,128,24,88,117,0,229,154,0,154,383
10/08/2000,BIL,MT,ANM,WE,Towers with Radar,23,30,25,0,78,1,6,55,0,62,24,36,80,0,140,88,0,88,228
10/09/2000,BIL,MT,ANM,WE,Towers with Radar,28,55,34,0,117,1,19,76,0,96,29,74,110,0,213,128,0,128,341
10/10/2000,BIL,MT,ANM,WE,Towers with Radar,36,87,51,0,174,1,39,118,1,159,37,126,169,1,333,200,0,200,533
10/11/2000,BIL,MT,ANM,WE,Towers with Radar,36,104,61,0,201,1,22,63,0,86,37,126,124,0,287,142,0,142,429
10/12/2000,BIL,MT,ANM,WE,Towers with Radar,35,114,54,0,203,0,26,51,0,77,35,140,105,0,280,108,0,108,388
10/13/2000,BIL,MT,ANM,WE,Towers with Radar,38,117,59,1,215,0,0,77,5,82,38,117,136,6,297,140,0,140,437
10/14/2000,BIL,MT,ANM,WE,Towers with Radar,24,76,34,2,136,1,30,67,8,106,25,106,101,10,242,70,0,70,312
10/15/2000,BIL,MT,ANM,WE,Towers with Radar,25,71,12,2,110,1,0,62,0,63,26,71,74,2,173,116,0,116,289
10/16/2000,BIL,MT,ANM,WE,Towers with Radar,24,94,54,0,172,1,45,100,0,146,25,139,154,0,318,120,0,120,438
10/17/2000,BIL,MT,ANM,WE,Towers with Radar,37,113,44,4,198,1,43,94,4,142,38,156,138,8,340,164,0,164,504
10/18/2000,BIL,MT,ANM,WE,Towers with Radar,36,77,59,1,173,1,35,114,1,151,37,112,173,2,324,158,0,158,482
10/19/2000,BIL,MT,ANM,WE,Towers with Radar,33,100,47,1,181,0,30,124,1,155,33,130,171,2,336,230,0,230,566
10/20/2000,BIL,MT,ANM,WE,Towers with Radar,35,100,47,1,183,1,40,74,1,116,36,140,121,2,299,94,0,94,393
10/21/2000,BIL,MT,ANM,WE,Towers with Radar,28,82,15,0,125,1,29,62,0,92,29,111,77,0,217,82,0,82,299
10/22/2000,BIL,MT,ANM,WE,Towers with Radar,24,72,19,1,116,1,18,67,0,86,25,90,86,1,202,108,0,108,310
10/23/2000,BIL,MT,ANM,WE,Towers with Radar,30,83,42,6,161,1,32,102,0,135,31,115,144,6,296,132,0,132,428
10/24/2000,BIL,MT,ANM,WE,Towers with Radar,36,88,65,0,189,1,34,93,0,128,37,122,158,0,317,114,0,114,431
10/25/2000,BIL,MT,ANM,WE,Towers with Radar,45,108,50,4,207,0,22,71,0,93,45,130,121,4,300,114,10,124,424
10/26/2000,BIL,MT,ANM,WE,Towers with Radar,35,127,48,0,210,0,1,48,0,49,35,128,96,0,259,114,0,114,373
10/27/2000,BIL,MT,ANM,WE,Towers with Radar,33,119,39,0,191,0,10,20,0,30,33,129,59,0,221,38,0,38,259
10/28/2000,BIL,MT,ANM,WE,Towers with Radar,25,86,66,0,177,0,12,98,0,110,25,98,164,0,287,200,0,200,487
10/29/2000,BIL,MT,ANM,WE,Towers with Radar,25,56,23,0,104,0,3,59,0,62,25,59,82,0,166,104,0,104,270
10/30/2000,BIL,MT,ANM,WE,Towers with Radar,39,87,35,0,161,2,10,38,0,50,41,97,73,0,211,134,0,134,345
10/31/2000,BIL,MT,ANM,WE,Towers with Radar,52,118,27,0,197,0,0,1,0,1,52,118,28,0,198,0,0,0,198
11/01/2000,BIL,MT,ANM,WE,Towers with Radar,41,125,34,0,200,0,10,24,0,34,41,135,58,0,234,20,0,20,254
11/02/2000,BIL,MT,ANM,WE,Towers with Radar,44,116,43,0,203,0,41,69,1,111,44,157,112,1,314,164,0,164,478
11/03/2000,BIL,MT,ANM,WE,Towers with Radar,41,100,37,0,178,0,28,90,0,118,41,128,127,0,296,68,0,68,364
11/04/2000,BIL,MT,ANM,WE,Towers with Radar,32,71,27,2,132,0,19,64,3,86,32,90,91,5,218,62,8,70,288
11/05/2000,BIL,MT,ANM,WE,Towers with Radar,28,44,17,0,89,1,5,0,0,6,29,49,17,0,95,16,0,16,111
11/06/2000,BIL,MT,ANM,WE,Towers with Radar,34,70,39,0,143,1,0,0,0,1,35,70,39,0,144,0,0,0,144
11/07/2000,BIL,MT,ANM,WE,Towers with Radar,38,104,37,0,179,1,19,80,0,100,39,123,117,0,279,146,0,146,425
11/08/2000,BIL,MT,ANM,WE,Towers with Radar,39,127,38,0,204,1,18,66,0,85,40,145,104,0,289,176,0,176,465
11/09/2000,BIL,MT,ANM,WE,Towers with Radar,42,123,23,0,188,1,0,0,0,1,43,123,23,0,189,0,0,0,189
11/10/2000,BIL,MT,ANM,WE,Towers with Radar,39,105,29,0,173,0,17,0,0,17,39,122,29,0,190,0,0,0,190
11/11/2000,BIL,MT,ANM,WE,Towers with Radar,32,67,17,0,116,1,1,35,0,37,33,68,52,0,153,22,0,22,175
11/12/2000,BIL,MT,ANM,WE,Towers with Radar,40,39,29,0,108,1,11,27,0,39,41,50,56,0,147,24,0,24,171
11/13/2000,BIL,MT,ANM,WE,Towers with Radar,31,84,30,0,145,1,25,73,0,99,32,109,103,0,244,90,0,90,334
11/14/2000,BIL,MT,ANM,WE,Towers with Radar,41,94,57,1,193,1,30,105,0,136,42,124,162,1,329,90,0,90,419
11/15/2000,BIL,MT,ANM,WE,Towers with Radar,39,124,50,0,213,1,3,13,0,17,40,127,63,0,230,10,0,10,240
11/16/2000,BIL,MT,ANM,WE,Towers with Radar,32,89,33,0,154,1,22,44,0,67,33,111,77,0,221,13,0,13,234
11/17/2000,BIL,MT,ANM,WE,Towers with Radar,40,117,44,0,201,0,24,16,0,40,40,141,60,0,241,52,0,52,293
11/18/2000,BIL,MT,ANM,WE,Towers with Radar,33,78,20,0,131,1,7,20,0,28,34,85,40,0,159,22,0,22,181
11/19/2000,BIL,MT,ANM,WE,Towers with Radar,30,47,10,0,87,1,8,64,0,73,31,55,74,0,160,108,0,108,268
11/20/2000,BIL,MT,ANM,WE,Towers with Radar,35,67,4,2,108,1,16,29,0,46,36,83,33,2,154,45,0,45,199
11/21/2000,BIL,MT,ANM,WE,Towers with Radar,48,84,54,0,186,1,30,61,0,92,49,114,115,0,278,108,0,108,386
11/22/2000,BIL,MT,ANM,WE,Towers with Radar,46,102,37,0,185,2,21,69,0,92,48,123,106,0,277,30,0,30,307
11/23/2000,BIL,MT,ANM,WE,Towers with Radar,31,54,7,0,92,1,5,23,0,29,32,59,30,0,121,0,0,0,121
11/24/2000,BIL,MT,ANM,WE,Towers with Radar,30,92,40,0,162,0,22,48,0,70,30,114,88,0,232,58,0,58,290
11/25/2000,BIL,MT,ANM,WE,Towers with Radar,32,68,14,0,114,0,11,52,0,63,32,79,66,0,177,18,0,18,195
11/26/2000,BIL,MT,ANM,WE,Towers with Radar,25,65,20,0,110,0,13,24,0,37,25,78,44,0,147,22,0,22,169
11/27/2000,BIL,MT,ANM,WE,Towers with Radar,33,86,60,0,179,0,12,45,0,57,33,98,105,0,236,142,0,142,378
11/28/2000,BIL,MT,ANM,WE,Towers with Radar,46,111,52,0,209,0,21,67,0,88,46,132,119,0,297,200,0,200,497
11/29/2000,BIL,MT,ANM,WE,Towers with Radar,45,108,64,2,219,0,18,87,0,105,45,126,151,2,324,176,0,176,500
11/30/2000,BIL,MT,ANM,WE,Towers with Radar,38,129,37,1,205,0,3,12,0,15,38,132,49,1,220,50,0,50,270
12/01/2000,BIL,MT,ANM,WE,Towers with Radar,44,103,50,0,197,0,20,71,0,91,44,123,121,0,288,132,0,132,420
12/02/2000,BIL,MT,ANM,WE,Towers with Radar,29,68,15,0,112,0,9,79,0,88,29,77,94,0,200,40,0,40,240
12/03/2000,BIL,MT,ANM,WE,Towers with Radar,28,48,25,0,101,0,3,58,0,61,28,51,83,0,162,96,6,102,264
12/04/2000,BIL,MT,ANM,WE,Towers with Radar,33,59,43,0,135,0,14,49,0,63,33,73,92,0,198,84,0,84,282
12/05/2000,BIL,MT,ANM,WE,Towers with Radar,35,108,43,0,186,0,11,22,0,33,35,119,65,0,219,20,0,20,239
12/06/2000,BIL,MT,ANM,WE,Towers with Radar,44,102,46,0,192,13,27,21,1,62,57,129,67,1,254,56,0,56,310
12/07/2000,BIL,MT,ANM,WE,Towers with Radar,56,137,71,0,264,0,28,63,0,91,56,165,134,0,355,190,0,190,545
12/08/2000,BIL,MT,ANM,WE,Towers with Radar,52,108,84,0,244,10,21,78,0,109,62,129,162,0,353,176,0,176,529
12/09/2000,BIL,MT,ANM,WE,Towers with Radar,31,89,17,0,137,0,7,11,0,18,31,96,28,0,155,0,0,0,155
12/10/2000,BIL,MT,ANM,WE,Towers with Radar,33,45,17,0,95,0,1,0,0,1,33,46,17,0,96,0,0,0,96
12/11/2000,BIL,MT,ANM,WE,Towers with Radar,34,90,40,0,164,0,4,11,21,36,34,94,51,21,200,32,2,34,234
12/12/2000,BIL,MT,ANM,WE,Towers with Radar,41,107,58,2,208,0,18,43,0,61,41,125,101,2,269,52,0,52,321
12/13/2000,BIL,MT,ANM,WE,Towers with Radar,43,123,69,0,235,0,12,37,0,49,43,135,106,0,284,64,0,64,348
12/14/2000,BIL,MT,ANM,WE,Towers with Radar,45,112,79,0,236,0,12,49,0,61,45,124,128,0,297,44,0,44,341
12/15/2000,BIL,MT,ANM,WE,Towers with Radar,36,124,31,0,191,0,22,29,0,51,36,146,60,0,242,44,0,44,286
12/16/2000,BIL,MT,ANM,WE,Towers with Radar,29,98,18,0,145,0,16,29,0,45,29,114,47,0,190,38,0,38,228
12/17/2000,BIL,MT,ANM,WE,Towers with Radar,38,53,22,1,114,0,7,1,7,15,38,60,23,8,129,6,0,6,135
12/18/2000,BIL,MT,ANM,WE,Towers with Radar,35,79,50,0,164,0,14,65,0,79,35,93,115,0,243,76,0,76,319
12/19/2000,BIL,MT,ANM,WE,Towers with Radar,49,121,53,0,223,0,24,30,0,54,49,145,83,0,277,2,0,2,279
12/20/2000,BIL,MT,ANM,WE,Towers with Radar,48,110,58,0,216,0,21,42,0,63,48,131,100,0,279,18,0,18,297
12/21/2000,BIL,MT,ANM,WE,Towers with Radar,52,122,53,0,227,17,6,55,0,78,69,128,108,0,305,74,0,74,379
12/22/2000,BIL,MT,ANM,WE,Towers with Radar,44,124,58,0,226,0,5,55,0,60,44,129,113,0,286,64,0,64,350
12/23/2000,BIL,MT,ANM,WE,Towers with Radar,37,92,33,0,162,0,7,28,0,35,37,99,61,0,197,22,0,22,219
12/24/2000,BIL,MT,ANM,WE,Towers with Radar,30,47,15,0,92,0,0,11,0,11,30,47,26,0,103,46,0,46,149
12/25/2000,BIL,MT,ANM,WE,Towers with Radar,24,30,8,0,62,0,1,29,0,30,24,31,37,0,92,4,0,4,96
12/26/2000,BIL,MT,ANM,WE,Towers with Radar,30,83,24,0,137,0,15,35,0,50,30,98,59,0,187,6,0,6,193
12/27/2000,BIL,MT,ANM,WE,Towers with Radar,37,92,31,0,160,0,14,32,0,46,37,106,63,0,206,10,0,10,216
12/28/2000,BIL,MT,ANM,WE,Towers with Radar,37,110,64,0,211,0,13,59,0,72,37,123,123,0,283,78,0,78,361
12/29/2000,BIL,MT,ANM,WE,Towers with Radar,38,106,51,0,195,0,16,53,0,69,38,122,104,0,264,46,0,46,310
12/30/2000,BIL,MT,ANM,WE,Towers with Radar,28,76,8,0,112,0,1,6,0,7,28,77,14,0,119,0,0,0,119
12/31/2000,BIL,MT,ANM,WE,Towers with Radar,30,38,6,0,74,0,3,19,0,22,30,41,25,0,96,16,0,16,112
01/01/2001,BIL,MT,ANM,WE,Towers with Radar,21,27,13,0,61,1,4,35,0,40,22,31,48,0,101,10,0,10,111
01/02/2001,BIL,MT,ANM,WE,Towers with Radar,30,85,35,1,151,2,16,40,0,58,32,101,75,1,209,24,0,24,233
01/03/2001,BIL,MT,ANM,WE,Towers with Radar,38,96,41,0,175,2,20,26,0,48,40,116,67,0,223,36,0,36,259
01/04/2001,BIL,MT,ANM,WE,Towers with Radar,41,118,43,0,202,2,24,72,0,98,43,142,115,0,300,72,0,72,372
01/05/2001,BIL,MT,ANM,WE,Towers with Radar,46,98,23,0,167,2,20,36,0,58,48,118,59,0,225,4,0,4,229
01/06/2001,BIL,MT,ANM,WE,Towers with Radar,42,65,32,2,141,2,10,61,0,73,44,75,93,2,214,140,0,140,354
01/07/2001,BIL,MT,ANM,WE,Towers with Radar,29,44,23,0,96,2,3,72,0,77,31,47,95,0,173,106,0,106,279
01/08/2001,BIL,MT,ANM,WE,Towers with Radar,31,76,32,0,139,2,23,71,0,96,33,99,103,0,235,50,0,50,285
01/09/2001,BIL,MT,ANM,WE,Towers with Radar,40,105,42,0,187,2,22,55,0,79,42,127,97,0,266,64,0,64,330
01/10/2001,BIL,MT,ANM,WE,Towers with Radar,37,103,93,0,233,2,21,88,0,111,39,124,181,0,344,190,0,190,534
01/11/2001,BIL,MT,ANM,WE,Towers with Radar,38,99,51,1,189,2,7,57,50,116,40,106,108,51,305,106,0,106,411
01/12/2001,BIL,MT,ANM,WE,Towers with Radar,34,108,34,0,176,2,19,55,0,76,36,127,89,0,252,128,0,128,380
01/13/2001,BIL,MT,ANM,WE,Towers with Radar,30,76,10,0,116,2,1,0,0,3,32,77,10,0,119,0,0,0,119
01/14/2001,BIL,MT,ANM,WE,Towers with Radar,24,44,17,0,85,2,7,38,0,47,26,51,55,0,132,22,0,22,154
01/15/2001,BIL,MT,ANM,WE,Towers with Radar,25,88,44,0,157,0,19,72,0,91,25,107,116,0,248,102,0,102,350
01/16/2001,BIL,MT,ANM,WE,Towers with Radar,33,112,61,0,206,2,17,76,0,95,35,129,137,0,301,114,0,114,415
01/17/2001,BIL,MT,ANM,WE,Towers with Radar,35,135,43,2,215,2,14,19,0,35,37,149,62,2,250,24,0,24,274
01/18/2001,BIL,MT,ANM,WE,Towers with Radar,40,123,72,0,235,2,13,68,1,84,42,136,140,1,319,160,0,160,479
01/19/2001,BIL,MT,ANM,WE,Towers with Radar,36,94,59,3,192,2,14,44,0,60,38,108,103,3,252,50,0,50,302
01/20/2001,BIL,MT,ANM,WE,Towers with Radar,29,70,25,1,125,2,10,85,0,97,31,80,110,1,222,58,0,58,280
01/21/2001,BIL,MT,ANM,WE,Towers with Radar,29,40,26,2,97,2,5,37,0,44,31,45,63,2,141,32,2,34,175
01/22/2001,BIL,MT,ANM,WE,Towers with Radar,28,69,62,0,159,2,17,65,0,84,30,86,127,0,243,106,0,106,349
01/23/2001,BIL,MT,ANM,WE,Towers with Radar,37,93,63,0,193,1,35,103,0,139,38,128,166,0,332,188,0,188,520
01/24/2001,BIL,MT,ANM,WE,Towers with Radar,42,136,66,0,244,0,7,135,0,142,42,143,201,0,386,226,0,226,612
01/25/2001,BIL,MT,ANM,WE,Towers with Radar,44,123,60,0,227,0,9,54,0,63,44,132,114,0,290,82,0,82,372
01/26/2001,BIL,MT,ANM,WE,Towers with Radar,39,125,61,0,225,0,2,68,3,73,39,127,129,3,298,162,0,162,460
01/27/2001,BIL,MT,ANM,WE,Towers with Radar,36,73,24,0,133,0,11,78,0,89,36,84,102,0,222,66,0,66,288
01/28/2001,BIL,MT,ANM,WE,Towers with Radar,26,34,15,0,75,0,10,46,0,56,26,44,61,0,131,36,0,36,167
01/29/2001,BIL,MT,ANM,WE,Towers with Radar,30,68,30,0,128,0,14,33,0,47,30,82,63,0,175,14,0,14,189
01/30/2001,BIL,MT,ANM,WE,Towers with Radar,36,100,53,1,190,0,21,74,0,95,36,121,127,1,285,44,0,44,329
01/31/2001,BIL,MT,ANM,WE,Towers with Radar,38,109,33,0,180,0,16,39,0,55,38,125,72,0,235,38,0,38,273
02/01/2001,BIL,MT,ANM,WE,Towers with Radar,38,114,57,1,210,1,15,36,4,56,39,129,93,5,266,32,0,32,298
02/02/2001,BIL,MT,ANM,WE,Towers with Radar,35,110,41,2,188,1,21,37,0,59,36,131,78,2,247,28,0,28,275
02/03/2001,BIL,MT,ANM,WE,Towers with Radar,27,73,27,1,128,10,3,22,1,36,37,76,49,2,164,48,0,48,212
02/04/2001,BIL,MT,ANM,WE,Towers with Radar,24,43,9,0,76,1,4,52,0,57,25,47,61,0,133,54,0,54,187
02/05/2001,BIL,MT,ANM,WE,Towers with Radar,39,66,18,2,125,1,0,61,0,62,40,66,79,2,187,46,0,46,233
02/06/2001,BIL,MT,ANM,WE,Towers with Radar,38,101,20,0,159,0,18,0,0,18,38,119,20,0,177,2,0,2,179
02/07/2001,BIL,MT,ANM,WE,Towers with Radar,32,117,32,0,181,1,0,1,0,2,33,117,33,0,183,0,0,0,183
02/08/2001,BIL,MT,ANM,WE,Towers with Radar,41,112,50,0,203,1,13,38,0,52,42,125,88,0,255,62,0,62,317
02/09/2001,BIL,MT,ANM,WE,Towers with Radar,35,102,34,0,171,1,18,74,0,93,36,120,108,0,264,124,0,124,388
02/10/2001,BIL,MT,ANM,WE,Towers with Radar,36,74,31,0,141,1,11,73,0,85,37,85,104,0,226,98,0,98,324
02/11/2001,BIL,MT,ANM,WE,Towers with Radar,27,48,26,0,101,0,1,45,0,46,27,49,71,0,147,86,0,86,233
02/12/2001,BIL,MT,ANM,WE,Towers with Radar,30,78,28,0,136,2,12,64,2,80,32,90,92,2,216,68,0,68,284
02/13/2001,BIL,MT,ANM,WE,Towers with Radar,39,120,34,0,193,0,1,9,0,10,39,121,43,0,203,18,0,18,221
02/14/2001,BIL,MT,ANM,WE,Towers with Radar,40,102,48,0,190,0,27,57,0,84,40,129,105,0,274,32,0,32,306
02/15/2001,BIL,MT,ANM,WE,Towers with Radar,37,104,28,0,169,0,14,0,0,14,37,118,28,0,183,0,0,0,183
02/16/2001,BIL,MT,ANM,WE,Towers with Radar,34,103,38,0,175,0,8,10,0,18,34,111,48,0,193,9,0,9,202
02/17/2001,BIL,MT,ANM,WE,Towers with Radar,34,65,22,0,121,0,6,34,0,40,34,71,56,0,161,18,0,18,179
02/18/2001,BIL,MT,ANM,WE,Towers with Radar,26,35,17,0,78,0,2,69,0,71,26,37,86,0,149,110,0,110,259
02/19/2001,BIL,MT,ANM,WE,Towers with Radar,34,72,40,0,146,0,9,49,0,58,34,81,89,0,204,42,0,42,246
02/20/2001,BIL,MT,ANM,WE,Towers with Radar,34,135,33,0,202,0,2,1,0,3,34,137,34,0,205,18,0,18,223
02/21/2001,BIL,MT,ANM,WE,Towers with Radar,52,112,64,0,228,1,12,54,3,70,53,124,118,3,298,4,0,4,302
02/22/2001,BIL,MT,ANM,WE,Towers with Radar,38,132,49,0,219,0,2,20,1,23,38,134,69,1,242,56,0,56,298
02/23/2001,BIL,MT,ANM,WE,Towers with Radar,37,131,37,2,207,0,0,1,0,1,37,131,38,2,208,6,0,6,214
02/24/2001,BIL,MT,ANM,WE,Towers with Radar,27,83,30,2,142,0,1,22,0,23,27,84,52,2,165,9,0,9,174
02/25/2001,BIL,MT,ANM,WE,Towers with Radar,28,63,17,2,110,0,11,54,0,65,28,74,71,2,175,38,0,38,213
02/26/2001,BIL,MT,ANM,WE,Towers with Radar,32,92,39,0,163,0,6,66,1,73,32,98,105,1,236,192,0,192,428
02/27/2001,BIL,MT,ANM,WE,Towers with Radar,41,106,40,0,187,0,14,98,0,112,41,120,138,0,299,212,0,212,511
02/28/2001,BIL,MT,ANM,WE,Towers with Radar,39,99,56,0,194,0,30,82,0,112,39,129,138,0,306,72,0,72,378
03/01/2001,BIL,MT,ANM,WE,Towers with Radar,43,84,49,0,176,1,27,95,0,123,44,111,144,0,299,202,0,202,501
03/02/2001,BIL,MT,ANM,WE,Towers with Radar,42,105,51,1,199,0,33,77,3,113,42,138,128,4,312,168,0,168,480
03/03/2001,BIL,MT,ANM,WE,Towers with Radar,30,67,11,0,108,1,9,10,0,20,31,76,21,0,128,18,0,18,146
03/04/2001,BIL,MT,ANM,WE,Towers with Radar,34,53,23,5,115,1,2,64,0,67,35,55,87,5,182,104,0,104,286
03/05/2001,BIL,MT,ANM,WE,Towers with Radar,32,67,54,0,153,1,11,102,0,114,33,78,156,0,267,138,0,138,405
03/06/2001,BIL,MT,ANM,WE,Towers with Radar,35,96,51,0,182,1,25,118,0,144,36,121,169,0,326,218,0,218,544
03/07/2001,BIL,MT,ANM,WE,Towers with Radar,36,119,69,0,224,1,25,129,0,155,37,144,198,0,379,218,0,218,597
03/08/2001,BIL,MT,ANM,WE,Towers with Radar,31,90,64,3,188,1,22,160,0,183,32,112,224,3,371,146,4,150,521
03/09/2001,BIL,MT,ANM,WE,Towers with Radar,36,113,35,0,184,1,15,77,0,93,37,128,112,0,277,58,0,58,335
03/10/2001,BIL,MT,ANM,WE,Towers with Radar,32,71,39,2,144,0,0,76,0,76,32,71,115,2,220,94,0,94,314
03/11/2001,BIL,MT,ANM,WE,Towers with Radar,28,47,6,0,81,1,1,92,0,94,29,48,98,0,175,74,0,74,249
03/12/2001,BIL,MT,ANM,WE,Towers with Radar,32,77,45,0,154,1,19,26,0,46,33,96,71,0,200,12,0,12,212
03/13/2001,BIL,MT,ANM,WE,Towers with Radar,42,114,34,0,190,1,19,28,0,48,43,133,62,0,238,12,0,12,250
03/14/2001,BIL,MT,ANM,WE,Towers with Radar,39,108,21,0,168,1,4,4,0,9,40,112,25,0,177,0,0,0,177
03/15/2001,BIL,MT,ANM,WE,Towers with Radar,42,108,38,1,189,1,24,123,0,148,43,132,161,1,337,156,2,158,495
03/16/2001,BIL,MT,ANM,WE,Towers with Radar,36,96,47,1,180,0,14,151,4,169,36,110,198,5,349,176,0,176,525
03/17/2001,BIL,MT,ANM,WE,Towers with Radar,27,66,31,1,125,8,2,81,2,93,35,68,112,3,218,108,0,108,326
03/18/2001,BIL,MT,ANM,WE,Towers with Radar,29,44,36,3,112,0,10,64,0,74,29,54,100,3,186,94,0,94,280
03/19/2001,BIL,MT,ANM,WE,Towers with Radar,31,73,44,1,149,0,20,36,0,56,31,93,80,1,205,34,0,34,239
03/20/2001,BIL,MT,ANM,WE,Towers with Radar,46,129,59,2,236,1,18,99,0,118,47,147,158,2,354,100,0,100,454
03/21/2001,BIL,MT,ANM,WE,Towers with Radar,49,83,58,2,192,0,30,118,0,148,49,113,176,2,340,162,0,162,502
03/22/2001,BIL,MT,ANM,WE,Towers with Radar,50,107,55,1,213,0,26,102,0,128,50,133,157,1,341,78,0,78,419
03/23/2001,BIL,MT,ANM,WE,Towers with Radar,44,131,34,1,210,0,9,20,0,29,44,140,54,1,239,36,0,36,275
03/24/2001,BIL,MT,ANM,WE,Towers with Radar,33,74,30,0,137,0,0,28,1,29,33,74,58,1,166,20,0,20,186
03/25/2001,BIL,MT,ANM,WE,Towers with Radar,27,39,50,2,118,0,0,63,0,63,27,39,113,2,181,122,0,122,303
03/26/2001,BIL,MT,ANM,WE,Towers with Radar,34,78,41,3,156,0,10,60,5,75,34,88,101,8,231,82,0,82,313
03/27/2001,BIL,MT,ANM,WE,Towers with Radar,40,107,52,2,201,0,26,14,4,44,40,133,66,6,245,28,0,28,273
03/28/2001,BIL,MT,ANM,WE,Towers with Radar,35,109,53,0,197,0,31,32,0,63,35,140,85,0,260,67,0,67,327
03/29/2001,BIL,MT,ANM,WE,Towers with Radar,44,100,79,0,223,0,22,91,0,113,44,122,170,0,336,90,0,90,426
03/30/2001,BIL,MT,ANM,WE,Towers with Radar,40,99,48,1,188,0,14,5,3,22,40,113,53,4,210,38,0,38,248
03/31/2001,BIL,MT,ANM,WE,Towers with Radar,31,70,52,5,158,0,3,101,0,104,31,73,153,5,262,130,0,130,392
04/01/2001,BIL,MT,ANM,WE,Towers with Radar,28,44,29,3,104,1,34,0,1,36,29,78,29,4,140,32,0,32,172
04/02/2001,BIL,MT,ANM,WE,Towers with Radar,31,75,35,0,141,0,1,80,1,82,31,76,115,1,223,110,0,110,333
04/03/2001,BIL,MT,ANM,WE,Towers with Radar,43,106,46,0,195,1,16,121,0,138,44,122,167,0,333,102,0,102,435
04/04/2001,BIL,MT,ANM,WE,Towers with Radar,41,108,50,0,199,0,23,13,0,36,41,131,63,0,235,4,0,4,239
04/05/2001,BIL,MT,ANM,WE,Towers with Radar,47,103,59,0,209,1,23,125,0,149,48,126,184,0,358,132,0,132,490
04/06/2001,BIL,MT,ANM,WE,Towers with Radar,42,89,47,15,193,1,15,72,0,88,43,104,119,15,281,186,10,196,477
04/07/2001,BIL,MT,ANM,WE,Towers with Radar,35,80,37,0,152,7,2,80,0,89,42,82,117,0,241,110,0,110,351
04/08/2001,BIL,MT,ANM,WE,Towers with Radar,34,41,27,2,104,0,5,13,0,18,34,46,40,2,122,16,0,16,138
04/09/2001,BIL,MT,ANM,WE,Towers with Radar,31,96,37,0,164,0,6,14,0,20,31,102,51,0,184,28,0,28,212
04/10/2001,BIL,MT,ANM,WE,Towers with Radar,40,95,45,1,181,0,29,87,1,117,40,124,132,2,298,142,0,142,440
04/11/2001,BIL,MT,ANM,WE,Towers with Radar,35,100,49,0,184,0,13,23,0,36,35,113,72,0,220,18,0,18,238
04/12/2001,BIL,MT,ANM,WE,Towers with Radar,39,130,27,0,196,0,6,48,0,54,39,136,75,0,250,76,0,76,326
04/13/2001,BIL,MT,ANM,WE,Towers with Radar,41,94,42,0,177,0,13,67,0,80,41,107,109,0,257,20,0,20,277
04/14/2001,BIL,MT,ANM,WE,Towers with Radar,34,67,28,0,129,0,5,44,0,49,34,72,72,0,178,62,0,62,240
04/15/2001,BIL,MT,ANM,WE,Towers with Radar,27,36,12,0,75,0,4,21,0,25,27,40,33,0,100,12,0,12,112
04/16/2001,BIL,MT,ANM,WE,Towers with Radar,34,89,43,1,167,0,0,99,1,100,34,89,142,2,267,166,2,168,435
04/17/2001,BIL,MT,ANM,WE,Towers with Radar,39,92,49,0,180,0,33,102,0,135,39,125,151,0,315,118,0,118,433
04/18/2001,BIL,MT,ANM,WE,Towers with Radar,41,88,63,2,194,0,35,121,0,156,41,123,184,2,350,194,0,194,544
04/19/2001,BIL,MT,ANM,WE,Towers with Radar,43,113,47,2,205,0,15,68,0,83,43,128,115,2,288,98,0,98,386
04/20/2001,BIL,MT,ANM,WE,Towers with Radar,44,106,16,0,166,0,8,9,0,17,44,114,25,0,183,22,0,22,205
04/21/2001,BIL,MT,ANM,WE,Towers with Radar,29,63,21,0,113,0,8,0,0,8,29,71,21,0,121,0,0,0,121
04/22/2001,BIL,MT,ANM,WE,Towers with Radar,31,41,15,1,88,0,3,59,0,62,31,44,74,1,150,96,0,96,246
04/23/2001,BIL,MT,ANM,WE,Towers with Radar,32,66,62,0,160,1,12,86,0,99,33,78,148,0,259,84,0,84,343
04/24/2001,BIL,MT,ANM,WE,Towers with Radar,42,94,63,0,199,0,42,109,0,151,42,136,172,0,350,98,0,98,448
04/25/2001,BIL,MT,ANM,WE,Towers with Radar,40,96,31,0,167,0,37,102,0,139,40,133,133,0,306,74,0,74,380
04/26/2001,BIL,MT,ANM,WE,Towers with Radar,54,100,45,0,199,0,31,119,0,150,54,131,164,0,349,194,0,194,543
04/27/2001,BIL,MT,ANM,WE,Towers with Radar,42,89,41,0,172,0,33,107,0,140,42,122,148,0,312,138,0,138,450
04/28/2001,BIL,MT,ANM,WE,Towers with Radar,32,67,26,0,125,0,6,78,0,84,32,73,104,0,209,130,0,130,339
04/29/2001,BIL,MT,ANM,WE,Towers with Radar,23,52,24,0,99,7,3,79,2,91,30,55,103,2,190,98,0,98,288
04/30/2001,BIL,MT,ANM,WE,Towers with Radar,27,84,24,0,135,0,14,83,0,97,27,98,107,0,232,118,0,118,350
05/01/2001,BIL,MT,ANM,WE,Towers with Radar,37,86,39,0,162,5,38,14,0,57,42,124,53,0,219,24,0,24,243
05/02/2001,BIL,MT,ANM,WE,Towers with Radar,38,96,38,0,172,0,19,67,0,86,38,115,105,0,258,110,0,110,368
05/03/2001,BIL,MT,ANM,WE,Towers with Radar,42,92,76,0,210,0,28,112,0,140,42,120,188,0,350,194,0,194,544
05/04/2001,BIL,MT,ANM,WE,Towers with Radar,38,111,44,9,202,0,32,105,1,138,38,143,149,10,340,108,12,120,460
05/05/2001,BIL,MT,ANM,WE,Towers with Radar,27,78,26,0,131,0,12,67,0,79,27,90,93,0,210,74,0,74,284
05/06/2001,BIL,MT,ANM,WE,Towers with Radar,23,54,36,0,113,0,9,37,0,46,23,63,73,0,159,46,0,46,205
05/07/2001,BIL,MT,ANM,WE,Towers with Radar,27,66,29,0,122,3,33,95,0,131,30,99,124,0,253,132,0,132,385
05/08/2001,BIL,MT,ANM,WE,Towers with Radar,37,97,66,1,201,0,37,98,1,136,37,134,164,2,337,164,0,164,501
05/09/2001,BIL,MT,ANM,WE,Towers with Radar,44,105,45,0,194,0,32,102,0,134,44,137,147,0,328,170,0,170,498
05/10/2001,BIL,MT,ANM,WE,Towers with Radar,33,123,33,2,191,0,33,64,0,97,33,156,97,2,288,100,0,100,388
05/11/2001,BIL,MT,ANM,WE,Towers with Radar,39,96,44,0,179,0,21,119,0,140,39,117,163,0,319,232,0,232,551
05/12/2001,BIL,MT,ANM,WE,Towers with Radar,30,56,41,0,127,0,28,105,0,133,30,84,146,0,260,128,0,128,388
05/13/2001,BIL,MT,ANM,WE,Towers with Radar,32,44,14,0,90,0,3,49,0,52,32,47,63,0,142,58,0,58,200
05/14/2001,BIL,MT,ANM,WE,Towers with Radar,28,54,32,1,115,0,25,105,1,131,28,79,137,2,246,114,10,124,370
05/15/2001,BIL,MT,ANM,WE,Towers with Radar,36,89,41,5,171,0,24,75,8,107,36,113,116,13,278,30,24,54,332
05/16/2001,BIL,MT,ANM,WE,Towers with Radar,39,121,32,7,199,0,37,48,10,95,39,158,80,17,294,50,18,68,362
05/17/2001,BIL,MT,ANM,WE,Towers with Radar,36,98,57,10,201,0,38,104,20,162,36,136,161,30,363,120,24,144,507
05/18/2001,BIL,MT,ANM,WE,Towers with Radar,38,97,63,2,200,0,23,78,1,102,38,120,141,3,302,134,0,134,436
05/19/2001,BIL,MT,ANM,WE,Towers with Radar,28,58,19,2,107,0,14,96,1,111,28,72,115,3,218,100,0,100,318
05/20/2001,BIL,MT,ANM,WE,Towers with Radar,28,43,21,0,92,0,9,26,0,35,28,52,47,0,127,14,0,14,141
05/21/2001,BIL,MT,ANM,WE,Towers with Radar,28,68,40,0,136,0,24,101,0,125,28,92,141,0,261,40,0,40,301
05/22/2001,BIL,MT,ANM,WE,Towers with Radar,35,88,37,1,161,0,37,88,0,125,35,125,125,1,286,88,0,88,374
05/23/2001,BIL,MT,ANM,WE,Towers with Radar,35,89,40,0,164,0,44,108,5,157,35,133,148,5,321,184,0,184,505
05/24/2001,BIL,MT,ANM,WE,Towers with Radar,37,92,53,0,182,0,31,82,0,113,37,123,135,0,295,146,0,146,441
05/25/2001,BIL,MT,ANM,WE,Towers with Radar,34,89,42,0,165,0,36,97,0,133,34,125,139,0,298,110,0,110,408
05/26/2001,BIL,MT,ANM,WE,Towers with Radar,28,67,24,0,119,0,14,92,0,106,28,81,116,0,225,86,0,86,311
05/27/2001,BIL,MT,ANM,WE,Towers with Radar,40,47,23,0,110,0,11,83,0,94,40,58,106,0,204,124,0,124,328
05/28/2001,BIL,MT,ANM,WE,Towers with Radar,20,45,16,0,81,0,22,56,0,78,20,67,72,0,159,84,0,84,243
05/29/2001,BIL,MT,ANM,WE,Towers with Radar,27,81,29,1,138,0,22,55,0,77,27,103,84,1,215,28,0,28,243
05/30/2001,BIL,MT,ANM,WE,Towers with Radar,38,97,45,3,183,0,31,76,0,107,38,128,121,3,290,134,0,134,424
05/31/2001,BIL,MT,ANM,WE,Towers with Radar,41,113,39,1,194,0,32,74,0,106,41,145,113,1,300,87,0,87,387
06/01/2001,BIL,MT,ANM,WE,Towers with Radar,33,93,45,0,171,0,36,118,3,157,33,129,163,3,328,128,0,128,456
06/02/2001,BIL,MT,ANM,WE,Towers with Radar,26,65,19,2,112,1,14,60,2,77,27,79,79,4,189,66,0,66,255
06/03/2001,BIL,MT,ANM,WE,Towers with Radar,23,57,28,0,108,1,6,31,0,38,24,63,59,0,146,110,0,110,256
06/04/2001,BIL,MT,ANM,WE,Towers with Radar,27,76,37,0,140,0,26,33,8,67,27,102,70,8,207,54,4,58,265
06/05/2001,BIL,MT,ANM,WE,Towers with Radar,41,106,31,4,182,0,19,65,0,84,41,125,96,4,266,90,6,96,362
06/06/2001,BIL,MT,ANM,WE,Towers with Radar,36,104,30,0,170,0,21,64,0,85,36,125,94,0,255,78,0,78,333
06/07/2001,BIL,MT,ANM,WE,Towers with Radar,38,106,47,0,191,0,32,104,0,136,38,138,151,0,327,242,0,242,569
06/08/2001,BIL,MT,ANM,WE,Towers with Radar,36,87,33,0,156,0,40,90,0,130,36,127,123,0,286,134,0,134,420
06/09/2001,BIL,MT,ANM,WE,Towers with Radar,38,71,27,2,138,0,9,512,0,521,38,80,539,2,659,162,0,162,821
06/10/2001,BIL,MT,ANM,WE,Towers with Radar,22,56,28,0,106,5,0,56,0,61,27,56,84,0,167,106,0,106,273
06/11/2001,BIL,MT,ANM,WE,Towers with Radar,27,64,64,0,155,0,25,96,0,121,27,89,160,0,276,152,4,156,432
06/12/2001,BIL,MT,ANM,WE,Towers with Radar,46,110,31,2,189,0,9,21,0,30,46,119,52,2,219,16,0,16,235
06/13/2001,BIL,MT,ANM,WE,Towers with Radar,39,139,38,0,216,0,3,0,0,3,39,142,38,0,219,0,0,0,219
06/14/2001,BIL,MT,ANM,WE,Towers with Radar,37,132,51,0,220,0,26,65,0,91,37,158,116,0,311,70,0,70,381
06/15/2001,BIL,MT,ANM,WE,Towers with Radar,35,100,32,1,168,0,17,75,0,92,35,117,107,1,260,40,0,40,300
06/16/2001,BIL,MT,ANM,WE,Towers with Radar,35,65,30,0,130,0,25,93,0,118,35,90,123,0,248,112,0,112,360
06/17/2001,BIL,MT,ANM,WE,Towers with Radar,28,50,31,1,110,0,11,84,0,95,28,61,115,1,205,76,0,76,281
06/18/2001,BIL,MT,ANM,WE,Towers with Radar,31,77,36,0,144,1,16,45,0,62,32,93,81,0,206,14,0,14,220
06/19/2001,BIL,MT,ANM,WE,Towers with Radar,38,103,48,0,189,0,35,107,0,142,38,138,155,0,331,160,0,160,491
06/20/2001,BIL,MT,ANM,WE,Towers with Radar,32,92,61,0,185,0,34,103,0,137,32,126,164,0,322,188,0,188,510
06/21/2001,BIL,MT,ANM,WE,Towers with Radar,38,94,44,1,177,6,30,59,1,96,44,124,103,2,273,78,0,78,351
06/22/2001,BIL,MT,ANM,WE,Towers with Radar,36,89,42,1,168,8,35,105,2,150,44,124,147,3,318,124,0,124,442
06/23/2001,BIL,MT,ANM,WE,Towers with Radar,23,62,38,0,123,0,11,105,0,116,23,73,143,0,239,106,0,106,345
06/24/2001,BIL,MT,ANM,WE,Towers with Radar,31,56,23,0,110,0,8,69,0,77,31,64,92,0,187,32,0,32,219
06/25/2001,BIL,MT,ANM,WE,Towers with Radar,27,70,59,0,156,0,20,60,0,80,27,90,119,0,236,102,0,102,338
06/26/2001,BIL,MT,ANM,WE,Towers with Radar,34,105,49,2,190,0,31,96,0,127,34,136,145,2,317,102,0,102,419
06/27/2001,BIL,MT,ANM,WE,Towers with Radar,35,114,36,1,186,0,21,53,0,74,35,135,89,1,260,54,0,54,314
06/28/2001,BIL,MT,ANM,WE,Towers with Radar,44,91,58,0,193,0,38,146,0,184,44,129,204,0,377,80,0,80,457
06/29/2001,BIL,MT,ANM,WE,Towers with Radar,40,91,61,1,193,0,25,116,1,142,40,116,177,2,335,68,0,68,403
06/30/2001,BIL,MT,ANM,WE,Towers with Radar,30,71,40,0,141,0,10,65,0,75,30,81,105,0,216,56,0,56,272
07/01/2001,BIL,MT,ANM,WE,Towers with Radar,32,42,12,1,87,0,8,49,0,57,32,50,61,1,144,32,0,32,176
07/02/2001,BIL,MT,ANM,WE,Towers with Radar,35,68,59,0,162,0,33,92,0,125,35,101,151,0,287,72,0,72,359
07/03/2001,BIL,MT,ANM,WE,Towers with Radar,39,95,49,0,183,0,31,126,0,157,39,126,175,0,340,142,0,142,482
07/04/2001,BIL,MT,ANM,WE,Towers with Radar,39,46,23,1,109,0,13,52,2,67,39,59,75,3,176,36,0,36,212
07/05/2001,BIL,MT,ANM,WE,Towers with Radar,38,72,40,0,150,0,40,85,0,125,38,112,125,0,275,22,0,22,297
07/06/2001,BIL,MT,ANM,WE,Towers with Radar,40,88,40,0,168,0,24,113,0,137,40,112,153,0,305,88,0,88,393
07/07/2001,BIL,MT,ANM,WE,Towers with Radar,37,58,19,0,114,0,18,83,3,104,37,76,102,3,218,138,0,138,356
07/08/2001,BIL,MT,ANM,WE,Towers with Radar,28,57,32,0,117,0,19,76,0,95,28,76,108,0,212,52,0,52,264
07/09/2001,BIL,MT,ANM,WE,Towers with Radar,25,43,26,0,94,9,0,123,1,133,34,43,149,1,227,104,0,104,331
07/10/2001,BIL,MT,ANM,WE,Towers with Radar,42,105,38,0,185,0,24,106,0,130,42,129,144,0,315,84,0,84,399
07/11/2001,BIL,MT,ANM,WE,Towers with Radar,45,80,63,0,188,0,41,98,0,139,45,121,161,0,327,112,0,112,439
07/12/2001,BIL,MT,ANM,WE,Towers with Radar,38,100,49,0,187,0,30,84,0,114,38,130,133,0,301,96,0,96,397
07/13/2001,BIL,MT,ANM,WE,Towers with Radar,39,104,24,0,167,0,37,87,0,124,39,141,111,0,291,120,0,120,411
07/14/2001,BIL,MT,ANM,WE,Towers with Radar,35,65,48,0,148,0,18,64,0,82,35,83,112,0,230,106,0,106,336
07/15/2001,BIL,MT,ANM,WE,Towers with Radar,26,51,27,0,104,0,13,58,0,71,26,64,85,0,175,104,0,104,279
07/16/2001,BIL,MT,ANM,WE,Towers with Radar,33,54,49,0,136,0,29,77,0,106,33,83,126,0,242,158,0,158,400
07/17/2001,BIL,MT,ANM,WE,Towers with Radar,35,108,51,0,194,0,41,71,0,112,35,149,122,0,306,100,0,100,406
07/18/2001,BIL,MT,ANM,WE,Towers with Radar,38,89,54,0,181,0,34,79,0,113,38,123,133,0,294,56,0,56,350
07/19/2001,BIL,MT,ANM,WE,Towers with Radar,44,101,48,0,193,0,35,107,2,144,44,136,155,2,337,162,0,162,499
07/20/2001,BIL,MT,ANM,WE,Towers with Radar,39,88,77,0,204,0,33,111,0,144,39,121,188,0,348,126,10,136,484
07/21/2001,BIL,MT,ANM,WE,Towers with Radar,35,63,26,0,124,0,26,111,8,145,35,89,137,8,269,52,0,52,321
07/22/2001,BIL,MT,ANM,WE,Towers with Radar,31,39,28,0,98,0,9,94,0,103,31,48,122,0,201,10,0,10,211
07/23/2001,BIL,MT,ANM,WE,Towers with Radar,24,46,27,0,97,0,18,101,0,119,24,64,128,0,216,64,0,64,280
07/24/2001,BIL,MT,ANM,WE,Towers with Radar,50,61,37,0,148,0,40,97,0,137,50,101,134,0,285,40,0,40,325
07/25/2001,BIL,MT,ANM,WE,Towers with Radar,45,81,35,2,163,0,47,80,0,127,45,128,115,2,290,66,0,66,356
07/26/2001,BIL,MT,ANM,WE,Towers with Radar,40,90,45,0,175,0,33,80,0,113,40,123,125,0,288,68,2,70,358
07/27/2001,BIL,MT,ANM,WE,Towers with Radar,39,85,45,4,173,0,37,95,0,132,39,122,140,4,305,84,8,92,397
07/28/2001,BIL,MT,ANM,WE,Towers with Radar,42,64,43,0,149,0,12,87,0,99,42,76,130,0,248,100,0,100,348
07/29/2001,BIL,MT,ANM,WE,Towers with Radar,22,42,23,0,87,8,32,83,7,130,30,74,106,7,217,14,0,14,231
07/30/2001,BIL,MT,ANM,WE,Towers with Radar,33,51,35,5,124,0,28,106,8,142,33,79,141,13,266,88,0,88,354
07/31/2001,BIL,MT,ANM,WE,Towers with Radar,53,92,42,7,194,10,30,97,1,138,63,122,139,8,332,70,12,82,414
08/01/2001,BIL,MT,ANM,WE,Towers with Radar,39,104,47,1,191,0,68,122,0,190,39,172,169,1,381,72,0,72,453
08/02/2001,BIL,MT,ANM,WE,Towers with Radar,50,68,59,3,180,0,44,123,1,168,50,112,182,4,348,120,0,120,468
08/03/2001,BIL,MT,ANM,WE,Towers with Radar,43,101,37,6,187,11,63,95,0,169,54,164,132,6,356,66,0,66,422
08/04/2001,BIL,MT,ANM,WE,Towers with Radar,35,84,27,0,146,0,19,76,7,102,35,103,103,7,248,66,0,66,314
08/05/2001,BIL,MT,ANM,WE,Towers with Radar,36,38,21,0,95,0,9,68,0,77,36,47,89,0,172,48,0,48,220
08/06/2001,BIL,MT,ANM,WE,Towers with Radar,27,57,28,1,113,8,24,98,4,134,35,81,126,5,247,60,2,62,309
08/07/2001,BIL,MT,ANM,WE,Towers with Radar,42,94,30,0,166,0,52,81,0,133,42,146,111,0,299,42,0,42,341
08/08/2001,BIL,MT,ANM,WE,Towers with Radar,41,91,46,1,179,0,53,76,6,135,41,144,122,7,314,30,0,30,344
08/09/2001,BIL,MT,ANM,WE,Towers with Radar,39,103,51,0,193,0,24,111,2,137,39,127,162,2,330,32,16,48,378
08/10/2001,BIL,MT,ANM,WE,Towers with Radar,44,79,34,4,161,0,42,91,3,136,44,121,125,7,297,68,4,72,369
08/11/2001,BIL,MT,ANM,WE,Towers with Radar,34,83,27,1,145,0,23,100,0,123,34,106,127,1,268,162,0,162,430
08/12/2001,BIL,MT,ANM,WE,Towers with Radar,28,50,27,2,107,0,11,100,0,111,28,61,127,2,218,114,0,114,332
08/13/2001,BIL,MT,ANM,WE,Towers with Radar,31,63,35,3,132,0,36,91,0,127,31,99,126,3,259,60,2,62,321
08/14/2001,BIL,MT,ANM,WE,Towers with Radar,45,95,48,0,188,2,49,64,0,115,47,144,112,0,303,56,0,56,359
08/15/2001,BIL,MT,ANM,WE,Towers with Radar,38,85,43,2,168,0,55,97,0,152,38,140,140,2,320,68,0,68,388
08/16/2001,BIL,MT,ANM,WE,Towers with Radar,39,67,53,0,159,0,35,96,0,131,39,102,149,0,290,66,0,66,356
08/17/2001,BIL,MT,ANM,WE,Towers with Radar,41,96,49,2,188,0,35,140,2,177,41,131,189,4,365,62,0,62,427
08/18/2001,BIL,MT,ANM,WE,Towers with Radar,31,69,32,0,132,0,19,101,0,120,31,88,133,0,252,70,0,70,322
08/19/2001,BIL,MT,ANM,WE,Towers with Radar,29,41,29,0,99,0,10,87,1,98,29,51,116,1,197,78,0,78,275
08/20/2001,BIL,MT,ANM,WE,Towers with Radar,37,57,52,2,148,0,54,102,0,156,37,111,154,2,304,102,0,102,406
08/21/2001,BIL,MT,ANM,WE,Towers with Radar,50,92,35,0,177,4,36,91,0,131,54,128,126,0,308,98,0,98,406
08/22/2001,BIL,MT,ANM,WE,Towers with Radar,41,96,51,0,188,0,42,96,0,138,41,138,147,0,326,118,0,118,444
08/23/2001,BIL,MT,ANM,WE,Towers with Radar,41,102,42,0,185,0,30,94,0,124,41,132,136,0,309,56,0,56,365
08/24/2001,BIL,MT,ANM,WE,Towers with Radar,36,105,37,1,179,0,32,85,0,117,36,137,122,1,296,66,0,66,362
08/25/2001,BIL,MT,ANM,WE,Towers with Radar,34,71,37,1,143,7,28,77,0,112,41,99,114,1,255,44,2,46,301
08/26/2001,BIL,MT,ANM,WE,Towers with Radar,30,47,14,7,98,0,26,78,0,104,30,73,92,7,202,28,6,34,236
08/27/2001,BIL,MT,ANM,WE,Towers with Radar,32,63,46,0,141,0,34,65,0,99,32,97,111,0,240,82,0,82,322
08/28/2001,BIL,MT,ANM,WE,Towers with Radar,35,100,23,0,158,0,46,76,0,122,35,146,99,0,280,66,0,66,346
08/29/2001,BIL,MT,ANM,WE,Towers with Radar,33,109,80,0,222,0,46,113,0,159,33,155,193,0,381,80,0,80,461
08/30/2001,BIL,MT,ANM,WE,Towers with Radar,40,91,65,5,201,0,54,111,0,165,40,145,176,5,366,164,0,164,530
08/31/2001,BIL,MT,ANM,WE,Towers with Radar,38,97,88,0,223,0,48,85,0,133,38,145,173,0,356,89,0,89,445
09/01/2001,BIL,MT,ANM,WE,Towers with Radar,26,68,37,0,131,1,21,72,0,94,27,89,109,0,225,58,0,58,283
09/02/2001,BIL,MT,ANM,WE,Towers with Radar,22,27,15,0,64,2,22,72,0,96,24,49,87,0,160,34,0,34,194
09/03/2001,BIL,MT,ANM,WE,Towers with Radar,24,33,28,2,87,2,23,62,0,87,26,56,90,2,174,12,2,14,188
09/04/2001,BIL,MT,ANM,WE,Towers with Radar,25,65,25,0,115,2,38,81,0,121,27,103,106,0,236,36,0,36,272
09/05/2001,BIL,MT,ANM,WE,Towers with Radar,26,86,38,0,150,11,20,74,0,105,37,106,112,0,255,16,0,16,271
09/06/2001,BIL,MT,ANM,WE,Towers with Radar,39,120,47,10,216,2,5,7,0,14,41,125,54,10,230,18,8,26,256
09/07/2001,BIL,MT,ANM,WE,Towers with Radar,31,108,47,0,186,2,20,26,0,48,33,128,73,0,234,12,0,12,246
09/08/2001,BIL,MT,ANM,WE,Towers with Radar,27,58,21,0,106,2,8,43,0,53,29,66,64,0,159,10,0,10,169
09/09/2001,BIL,MT,ANM,WE,Towers with Radar,22,44,27,0,93,2,15,66,0,83,24,59,93,0,176,72,0,72,248
09/10/2001,BIL,MT,ANM,WE,Towers with Radar,26,56,48,1,131,2,26,124,2,154,28,82,172,3,285,112,0,112,397
09/11/2001,BIL,MT,ANM,WE,Towers with Radar,8,53,8,0,69,2,11,14,0,27,10,64,22,0,96,42,0,42,138
09/12/2001,BIL,MT,ANM,WE,Towers with Radar,0,5,5,0,10,0,8,9,0,17,0,13,14,0,27,0,0,0,27
09/13/2001,BIL,MT,ANM,WE,Towers with Radar,6,52,2,0,60,1,15,9,0,25,7,67,11,0,85,0,0,0,85
09/14/2001,BIL,MT,ANM,WE,Towers with Radar,20,133,22,0,175,1,9,0,0,10,21,142,22,0,185,0,0,0,185
09/15/2001,BIL,MT,ANM,WE,Towers with Radar,12,57,33,0,102,0,0,9,15,24,12,57,42,15,126,10,0,10,136
09/16/2001,BIL,MT,ANM,WE,Towers with Radar,17,42,21,1,81,1,21,3,0,25,18,63,24,1,106,0,0,0,106
09/17/2001,BIL,MT,ANM,WE,Towers with Radar,20,85,38,0,143,0,10,4,0,14,20,95,42,0,157,0,0,0,157
09/18/2001,BIL,MT,ANM,WE,Towers with Radar,27,136,38,0,201,1,21,0,0,22,28,157,38,0,223,20,0,20,243
09/19/2001,BIL,MT,ANM,WE,Towers with Radar,30,125,50,0,205,1,30,6,0,37,31,155,56,0,242,8,0,8,250
09/20/2001,BIL,MT,ANM,WE,Towers with Radar,27,120,33,0,180,1,29,50,0,80,28,149,83,0,260,12,0,12,272
09/21/2001,BIL,MT,ANM,WE,Towers with Radar,24,100,44,0,168,0,22,49,0,71,24,122,93,0,239,28,0,28,267
09/22/2001,BIL,MT,ANM,WE,Towers with Radar,22,61,30,0,113,1,15,51,0,67,23,76,81,0,180,30,0,30,210
09/23/2001,BIL,MT,ANM,WE,Towers with Radar,18,52,27,0,97,0,0,47,0,47,18,52,74,0,144,66,0,66,210
09/24/2001,BIL,MT,ANM,WE,Towers with Radar,43,71,48,0,162,4,20,82,0,106,47,91,130,0,268,54,0,54,322
09/25/2001,BIL,MT,ANM,WE,Towers with Radar,27,102,44,0,173,0,21,111,0,132,27,123,155,0,305,74,0,74,379
09/26/2001,BIL,MT,ANM,WE,Towers with Radar,30,102,53,1,186,1,29,117,1,148,31,131,170,2,334,114,0,114,448
09/27/2001,BIL,MT,ANM,WE,Towers with Radar,30,103,44,0,177,0,15,115,0,130,30,118,159,0,307,150,0,150,457
09/28/2001,BIL,MT,ANM,WE,Towers with Radar,28,106,46,2,182,0,21,88,0,109,28,127,134,2,291,82,0,82,373
09/29/2001,BIL,MT,ANM,WE,Towers with Radar,28,64,10,0,102,0,16,69,0,85,28,80,79,0,187,24,0,24,211
09/30/2001,BIL,MT,ANM,WE,Towers with Radar,18,48,15,0,81,0,19,72,0,91,18,67,87,0,172,16,0,16,188
10/01/2001,BIL,MT,ANM,WE,Towers with Radar,28,74,38,0,140,0,29,78,0,107,28,103,116,0,247,68,0,68,315
10/02/2001,BIL,MT,ANM,WE,Towers with Radar,28,101,47,0,176,0,36,98,0,134,28,137,145,0,310,36,0,36,346
10/03/2001,BIL,MT,ANM,WE,Towers with Radar,29,99,68,2,198,0,33,76,0,109,29,132,144,2,307,150,2,152,459
10/04/2001,BIL,MT,ANM,WE,Towers with Radar,30,112,32,0,174,0,12,43,0,55,30,124,75,0,229,62,0,62,291
10/05/2001,BIL,MT,ANM,WE,Towers with Radar,32,104,50,2,188,0,27,98,7,132,32,131,148,9,320,30,0,30,350
10/06/2001,BIL,MT,ANM,WE,Towers with Radar,24,62,37,4,127,0,10,84,2,96,24,72,121,6,223,64,0,64,287
10/07/2001,BIL,MT,ANM,WE,Towers with Radar,22,45,29,0,96,0,7,72,0,79,22,52,101,0,175,54,0,54,229
10/08/2001,BIL,MT,ANM,WE,Towers with Radar,32,63,43,0,138,0,19,61,0,80,32,82,104,0,218,54,0,54,272
10/09/2001,BIL,MT,ANM,WE,Towers with Radar,27,109,46,2,184,0,9,16,0,25,27,118,62,2,209,20,0,20,229
10/10/2001,BIL,MT,ANM,WE,Towers with Radar,30,113,63,0,206,0,21,106,0,127,30,134,169,0,333,134,0,134,467
10/11/2001,BIL,MT,ANM,WE,Towers with Radar,29,114,40,2,185,0,6,33,0,39,29,120,73,2,224,68,0,68,292
10/12/2001,BIL,MT,ANM,WE,Towers with Radar,28,101,45,0,174,0,25,47,0,72,28,126,92,0,246,100,0,100,346
10/13/2001,BIL,MT,ANM,WE,Towers with Radar,20,64,28,1,113,2,20,5,1,28,22,84,33,2,141,16,0,16,157
10/14/2001,BIL,MT,ANM,WE,Towers with Radar,17,58,17,0,92,0,10,17,0,27,17,68,34,0,119,26,0,26,145
10/15/2001,BIL,MT,ANM,WE,Towers with Radar,24,76,36,0,136,0,22,85,2,109,24,98,121,2,245,76,0,76,321
10/16/2001,BIL,MT,ANM,WE,Towers with Radar,28,90,53,0,171,0,36,99,0,135,28,126,152,0,306,96,0,96,402
10/17/2001,BIL,MT,ANM,WE,Towers with Radar,30,96,36,0,162,0,28,64,0,92,30,124,100,0,254,46,0,46,300
10/18/2001,BIL,MT,ANM,WE,Towers with Radar,32,106,53,0,191,0,16,95,0,111,32,122,148,0,302,36,0,36,338
10/19/2001,BIL,MT,ANM,WE,Towers with Radar,28,108,44,0,180,0,16,63,0,79,28,124,107,0,259,100,0,100,359
10/20/2001,BIL,MT,ANM,WE,Towers with Radar,25,65,36,0,126,1,0,92,0,93,26,65,128,0,219,108,0,108,327
10/21/2001,BIL,MT,ANM,WE,Towers with Radar,15,48,21,0,84,4,7,55,0,66,19,55,76,0,150,36,0,36,186
10/22/2001,BIL,MT,ANM,WE,Towers with Radar,30,73,47,0,150,0,10,88,0,98,30,83,135,0,248,56,0,56,304
10/23/2001,BIL,MT,ANM,WE,Towers with Radar,27,135,30,0,192,0,5,11,0,16,27,140,41,0,208,2,0,2,210
10/24/2001,BIL,MT,ANM,WE,Towers with Radar,30,133,33,2,198,0,13,12,0,25,30,146,45,2,223,6,0,6,229
10/25/2001,BIL,MT,ANM,WE,Towers with Radar,30,111,48,0,189,0,23,88,0,111,30,134,136,0,300,126,0,126,426
10/26/2001,BIL,MT,ANM,WE,Towers with Radar,30,107,45,2,184,0,29,117,0,146,30,136,162,2,330,142,0,142,472
10/27/2001,BIL,MT,ANM,WE,Towers with Radar,26,66,34,3,129,0,13,68,0,81,26,79,102,3,210,26,2,28,238
10/28/2001,BIL,MT,ANM,WE,Towers with Radar,25,53,44,4,126,0,18,52,2,72,25,71,96,6,198,54,4,58,256
10/29/2001,BIL,MT,ANM,WE,Towers with Radar,23,78,42,0,143,0,22,79,0,101,23,100,121,0,244,158,0,158,402
10/30/2001,BIL,MT,ANM,WE,Towers with Radar,31,97,34,0,162,0,26,77,0,103,31,123,111,0,265,150,0,150,415
10/31/2001,BIL,MT,ANM,WE,Towers with Radar,31,112,35,2,180,0,23,31,0,54,31,135,66,2,234,64,0,64,298
11/01/2001,BIL,MT,ANM,WE,Towers with Radar,22,110,44,2,178,1,26,43,0,70,23,136,87,2,248,78,0,78,326
11/02/2001,BIL,MT,ANM,WE,Towers with Radar,30,109,44,1,184,1,26,66,0,93,31,135,110,1,277,68,0,68,345
11/03/2001,BIL,MT,ANM,WE,Towers with Radar,26,74,43,0,143,1,8,82,0,91,27,82,125,0,234,150,0,150,384
11/04/2001,BIL,MT,ANM,WE,Towers with Radar,18,54,14,1,87,1,17,59,0,77,19,71,73,1,164,66,0,66,230
11/05/2001,BIL,MT,ANM,WE,Towers with Radar,22,80,43,4,149,1,25,91,1,118,23,105,134,5,267,80,2,82,349
11/06/2001,BIL,MT,ANM,WE,Towers with Radar,26,118,48,0,192,0,37,72,1,110,26,155,120,1,302,124,0,124,426
11/07/2001,BIL,MT,ANM,WE,Towers with Radar,32,104,39,0,175,1,25,75,0,101,33,129,114,0,276,134,0,134,410
11/08/2001,BIL,MT,ANM,WE,Towers with Radar,32,115,28,0,175,1,27,42,0,70,33,142,70,0,245,38,0,38,283
11/09/2001,BIL,MT,ANM,WE,Towers with Radar,25,107,38,0,170,1,12,49,0,62,26,119,87,0,232,34,0,34,266
11/10/2001,BIL,MT,ANM,WE,Towers with Radar,26,69,25,0,120,1,7,77,0,85,27,76,102,0,205,56,0,56,261
11/11/2001,BIL,MT,ANM,WE,Towers with Radar,20,44,26,0,90,1,7,67,0,75,21,51,93,0,165,42,0,42,207
11/12/2001,BIL,MT,ANM,WE,Towers with Radar,24,81,33,0,138,3,0,116,3,122,27,81,149,3,260,70,0,70,330
11/13/2001,BIL,MT,ANM,WE,Towers with Radar,27,102,45,0,174,1,28,112,0,141,28,130,157,0,315,132,0,132,447
11/14/2001,BIL,MT,ANM,WE,Towers with Radar,31,116,56,2,205,1,29,86,0,116,32,145,142,2,321,136,0,136,457
11/15/2001,BIL,MT,ANM,WE,Towers with Radar,30,111,44,0,185,0,13,109,0,122,30,124,153,0,307,160,0,160,467
11/16/2001,BIL,MT,ANM,WE,Towers with Radar,34,93,50,0,177,1,21,92,0,114,35,114,142,0,291,148,0,148,439
11/17/2001,BIL,MT,ANM,WE,Towers with Radar,23,70,29,0,122,14,12,97,0,123,37,82,126,0,245,118,0,118,363
11/18/2001,BIL,MT,ANM,WE,Towers with Radar,22,39,24,0,85,0,2,17,0,19,22,41,41,0,104,10,0,10,114
11/19/2001,BIL,MT,ANM,WE,Towers with Radar,25,67,30,1,123,0,23,33,0,56,25,90,63,1,179,12,0,12,191
11/20/2001,BIL,MT,ANM,WE,Towers with Radar,29,115,46,0,190,0,19,78,2,99,29,134,124,2,289,70,0,70,359
11/21/2001,BIL,MT,ANM,WE,Towers with Radar,32,104,35,0,171,0,21,59,0,80,32,125,94,0,251,92,0,92,343
11/22/2001,BIL,MT,ANM,WE,Towers with Radar,27,34,8,0,69,0,12,17,0,29,27,46,25,0,98,0,0,0,98
11/23/2001,BIL,MT,ANM,WE,Towers with Radar,28,98,12,0,138,0,18,51,0,69,28,116,63,0,207,118,0,118,325
11/24/2001,BIL,MT,ANM,WE,Towers with Radar,24,66,18,0,108,0,14,24,0,38,24,80,42,0,146,20,0,20,166
11/25/2001,BIL,MT,ANM,WE,Towers with Radar,20,43,4,0,67,0,1,0,0,1,20,44,4,0,68,0,0,0,68
11/26/2001,BIL,MT,ANM,WE,Towers with Radar,28,81,25,0,134,0,1,0,0,1,28,82,25,0,135,0,0,0,135
11/27/2001,BIL,MT,ANM,WE,Towers with Radar,34,123,30,0,187,0,1,0,0,1,34,124,30,0,188,0,0,0,188
11/28/2001,BIL,MT,ANM,WE,Towers with Radar,35,126,57,6,224,0,13,52,0,65,35,139,109,6,289,90,4,94,383
11/29/2001,BIL,MT,ANM,WE,Towers with Radar,35,111,43,0,189,0,18,47,0,65,35,129,90,0,254,130,0,130,384
11/30/2001,BIL,MT,ANM,WE,Towers with Radar,31,120,41,1,193,0,12,64,1,77,31,132,105,2,270,264,0,264,534
12/01/2001,BIL,MT,ANM,WE,Towers with Radar,25,59,32,0,116,1,8,33,0,42,26,67,65,0,158,48,0,48,206
12/02/2001,BIL,MT,ANM,WE,Towers with Radar,17,56,20,0,93,3,2,56,1,62,20,58,76,1,155,22,0,22,177
12/03/2001,BIL,MT,ANM,WE,Towers with Radar,26,94,33,0,153,0,9,72,4,85,26,103,105,4,238,144,0,144,382
12/04/2001,BIL,MT,ANM,WE,Towers with Radar,28,118,41,0,187,1,15,51,0,67,29,133,92,0,254,146,0,146,400
12/05/2001,BIL,MT,ANM,WE,Towers with Radar,33,108,65,0,206,1,21,59,0,81,34,129,124,0,287,144,0,144,431
12/06/2001,BIL,MT,ANM,WE,Towers with Radar,31,127,45,0,203,1,15,56,0,72,32,142,101,0,275,84,0,84,359
12/07/2001,BIL,MT,ANM,WE,Towers with Radar,33,112,49,0,194,1,18,32,0,51,34,130,81,0,245,50,0,50,295
12/08/2001,BIL,MT,ANM,WE,Towers with Radar,24,65,8,1,98,1,11,15,0,27,25,76,23,1,125,0,0,0,125
12/09/2001,BIL,MT,ANM,WE,Towers with Radar,16,47,25,0,88,0,11,43,2,56,16,58,68,2,144,42,0,42,186
12/10/2001,BIL,MT,ANM,WE,Towers with Radar,24,78,25,0,127,1,10,22,0,33,25,88,47,0,160,24,0,24,184
12/11/2001,BIL,MT,ANM,WE,Towers with Radar,50,129,77,0,256,1,12,56,0,69,51,141,133,0,325,128,0,128,453
12/12/2001,BIL,MT,ANM,WE,Towers with Radar,34,125,62,0,221,1,17,56,0,74,35,142,118,0,295,62,0,62,357
12/13/2001,BIL,MT,ANM,WE,Towers with Radar,28,140,35,0,203,1,15,40,0,56,29,155,75,0,259,24,0,24,283
12/14/2001,BIL,MT,ANM,WE,Towers with Radar,31,125,44,0,200,0,26,56,0,82,31,151,100,0,282,122,0,122,404
12/15/2001,BIL,MT,ANM,WE,Towers with Radar,20,66,22,0,108,1,4,55,5,65,21,70,77,5,173,62,0,62,235
12/16/2001,BIL,MT,ANM,WE,Towers with Radar,21,61,22,0,104,4,11,3,0,18,25,72,25,0,122,0,0,0,122
12/17/2001,BIL,MT,ANM,WE,Towers with Radar,31,101,35,0,167,0,0,71,0,71,31,101,106,0,238,26,0,26,264
12/18/2001,BIL,MT,ANM,WE,Towers with Radar,40,122,42,0,204,0,27,69,0,96,40,149,111,0,300,86,0,86,386
12/19/2001,BIL,MT,ANM,WE,Towers with Radar,47,119,56,0,222,0,17,48,0,65,47,136,104,0,287,46,0,46,333
12/20/2001,BIL,MT,ANM,WE,Towers with Radar,43,121,34,2,200,0,22,69,0,91,43,143,103,2,291,130,0,130,421
12/21/2001,BIL,MT,ANM,WE,Towers with Radar,44,128,18,2,192,0,10,16,0,26,44,138,34,2,218,10,0,10,228
12/22/2001,BIL,MT,ANM,WE,Towers with Radar,32,80,37,0,149,0,4,46,0,50,32,84,83,0,199,16,0,16,215
12/23/2001,BIL,MT,ANM,WE,Towers with Radar,27,69,14,0,110,0,9,52,0,61,27,78,66,0,171,16,0,16,187
12/24/2001,BIL,MT,ANM,WE,Towers with Radar,27,65,10,0,102,0,29,37,0,66,27,94,47,0,168,30,0,30,198
12/25/2001,BIL,MT,ANM,WE,Towers with Radar,27,32,14,0,73,0,5,20,0,25,27,37,34,0,98,14,0,14,112
12/26/2001,BIL,MT,ANM,WE,Towers with Radar,30,94,19,0,143,0,25,48,0,73,30,119,67,0,216,28,0,28,244
12/27/2001,BIL,MT,ANM,WE,Towers with Radar,35,110,8,0,153,0,36,59,0,95,35,146,67,0,248,10,0,10,258
12/28/2001,BIL,MT,ANM,WE,Towers with Radar,33,102,25,0,160,0,5,23,0,28,33,107,48,0,188,16,0,16,204
12/29/2001,BIL,MT,ANM,WE,Towers with Radar,31,94,18,0,143,0,1,8,0,9,31,95,26,0,152,50,0,50,202
12/30/2001,BIL,MT,ANM,WE,Towers with Radar,21,55,26,0,102,0,4,22,0,26,21,59,48,0,128,10,0,10,138
12/31/2001,BIL,MT,ANM,WE,Towers with Radar,25,82,18,0,125,0,10,6,0,16,25,92,24,0,141,6,0,6,147
01/01/2002,BIL,MT,ANM,WE,Towers with Radar,23,41,18,0,82,1,0,24,0,25,24,41,42,0,107,10,0,10,117
01/02/2002,BIL,MT,ANM,WE,Towers with Radar,29,97,11,1,138,0,11,19,3,33,29,108,30,4,171,4,0,4,175
01/03/2002,BIL,MT,ANM,WE,Towers with Radar,37,119,22,0,178,0,15,20,0,35,37,134,42,0,213,4,0,4,217
01/04/2002,BIL,MT,ANM,WE,Towers with Radar,33,103,29,0,165,0,18,28,0,46,33,121,57,0,211,16,0,16,227
01/05/2002,BIL,MT,ANM,WE,Towers with Radar,26,63,22,0,111,12,0,34,0,46,38,63,56,0,157,68,0,68,225
01/06/2002,BIL,MT,ANM,WE,Towers with Radar,28,56,2,1,87,0,7,20,0,27,28,63,22,1,114,10,0,10,124
01/07/2002,BIL,MT,ANM,WE,Towers with Radar,25,77,23,1,126,0,19,13,1,33,25,96,36,2,159,16,0,16,175
01/08/2002,BIL,MT,ANM,WE,Towers with Radar,38,108,33,0,179,0,21,41,0,62,38,129,74,0,241,28,0,28,269
01/09/2002,BIL,MT,ANM,WE,Towers with Radar,38,116,42,0,196,0,14,38,0,52,38,130,80,0,248,32,0,32,280
01/10/2002,BIL,MT,ANM,WE,Towers with Radar,37,111,24,2,174,0,18,51,0,69,37,129,75,2,243,28,0,28,271
01/11/2002,BIL,MT,ANM,WE,Towers with Radar,33,118,29,2,182,0,13,39,0,52,33,131,68,2,234,22,0,22,256
01/12/2002,BIL,MT,ANM,WE,Towers with Radar,23,64,21,0,108,2,8,31,0,41,25,72,52,0,149,0,0,0,149
01/13/2002,BIL,MT,ANM,WE,Towers with Radar,20,50,29,0,99,0,15,3,0,18,20,65,32,0,117,26,0,26,143
01/14/2002,BIL,MT,ANM,WE,Towers with Radar,29,84,49,0,162,0,12,54,0,66,29,96,103,0,228,50,0,50,278
01/15/2002,BIL,MT,ANM,WE,Towers with Radar,33,120,27,0,180,0,6,6,0,12,33,126,33,0,192,34,0,34,226
01/16/2002,BIL,MT,ANM,WE,Towers with Radar,34,112,38,0,184,0,9,76,0,85,34,121,114,0,269,82,0,82,351
01/17/2002,BIL,MT,ANM,WE,Towers with Radar,38,103,39,0,180,0,10,16,0,26,38,113,55,0,206,30,0,30,236
01/18/2002,BIL,MT,ANM,WE,Towers with Radar,36,102,34,0,172,0,12,76,0,88,36,114,110,0,260,67,0,67,327
01/19/2002,BIL,MT,ANM,WE,Towers with Radar,31,71,9,0,111,0,2,10,0,12,31,73,19,0,123,22,0,22,145
01/20/2002,BIL,MT,ANM,WE,Towers with Radar,14,37,11,0,62,10,2,9,0,21,24,39,20,0,83,14,0,14,97
01/21/2002,BIL,MT,ANM,WE,Towers with Radar,30,76,33,0,139,0,10,82,0,92,30,86,115,0,231,178,0,178,409
01/22/2002,BIL,MT,ANM,WE,Towers with Radar,31,114,35,1,181,0,4,69,14,87,31,118,104,15,268,56,42,98,366
01/23/2002,BIL,MT,ANM,WE,Towers with Radar,36,108,44,0,188,0,17,50,0,67,36,125,94,0,255,20,0,20,275
01/24/2002,BIL,MT,ANM,WE,Towers with Radar,35,112,42,1,190,0,9,38,0,47,35,121,80,1,237,38,0,38,275
01/25/2002,BIL,MT,ANM,WE,Towers with Radar,43,108,29,0,180,0,14,42,0,56,43,122,71,0,236,50,0,50,286
01/26/2002,BIL,MT,ANM,WE,Towers with Radar,28,74,12,0,114,0,1,28,0,29,28,75,40,0,143,38,0,38,181
01/27/2002,BIL,MT,ANM,WE,Towers with Radar,16,46,5,0,67,8,4,0,0,12,24,50,5,0,79,0,0,0,79
01/28/2002,BIL,MT,ANM,WE,Towers with Radar,27,84,30,0,141,0,4,3,0,7,27,88,33,0,148,0,0,0,148
01/29/2002,BIL,MT,ANM,WE,Towers with Radar,35,117,49,0,201,0,17,63,0,80,35,134,112,0,281,38,0,38,319
01/30/2002,BIL,MT,ANM,WE,Towers with Radar,33,106,40,2,181,0,17,82,0,99,33,123,122,2,280,20,0,20,300
01/31/2002,BIL,MT,ANM,WE,Towers with Radar,36,114,43,0,193,0,27,48,0,75,36,141,91,0,268,68,0,68,336
02/01/2002,BIL,MT,ANM,WE,Towers with Radar,34,114,22,0,170,1,16,44,0,61,35,130,66,0,231,84,0,84,315
02/02/2002,BIL,MT,ANM,WE,Towers with Radar,28,85,29,0,142,0,0,74,0,74,28,85,103,0,216,104,0,104,320
02/03/2002,BIL,MT,ANM,WE,Towers with Radar,23,53,10,0,86,1,4,37,0,42,24,57,47,0,128,34,0,34,162
02/04/2002,BIL,MT,ANM,WE,Towers with Radar,30,81,31,0,142,1,15,56,0,72,31,96,87,0,214,66,0,66,280
02/05/2002,BIL,MT,ANM,WE,Towers with Radar,33,100,23,0,156,1,24,28,0,53,34,124,51,0,209,26,0,26,235
02/06/2002,BIL,MT,ANM,WE,Towers with Radar,34,86,42,0,162,0,16,64,0,80,34,102,106,0,242,66,0,66,308
02/07/2002,BIL,MT,ANM,WE,Towers with Radar,37,110,36,0,183,0,19,102,0,121,37,129,138,0,304,228,0,228,532
02/08/2002,BIL,MT,ANM,WE,Towers with Radar,39,101,32,0,172,0,25,16,0,41,39,126,48,0,213,12,0,12,225
02/09/2002,BIL,MT,ANM,WE,Towers with Radar,28,61,29,5,123,0,5,61,0,66,28,66,90,5,189,84,0,84,273
02/10/2002,BIL,MT,ANM,WE,Towers with Radar,24,45,9,0,78,0,4,19,0,23,24,49,28,0,101,0,0,0,101
02/11/2002,BIL,MT,ANM,WE,Towers with Radar,29,86,22,0,137,0,10,12,0,22,29,96,34,0,159,6,0,6,165
02/12/2002,BIL,MT,ANM,WE,Towers with Radar,38,99,32,0,169,6,19,66,0,91,44,118,98,0,260,34,0,34,294
02/13/2002,BIL,MT,ANM,WE,Towers with Radar,52,98,39,0,189,5,20,28,0,53,57,118,67,0,242,50,0,50,292
02/14/2002,BIL,MT,ANM,WE,Towers with Radar,36,118,53,2,209,0,16,55,0,71,36,134,108,2,280,72,0,72,352
02/15/2002,BIL,MT,ANM,WE,Towers with Radar,40,98,24,3,165,0,28,90,0,118,40,126,114,3,283,100,2,102,385
02/16/2002,BIL,MT,ANM,WE,Towers with Radar,27,66,30,2,125,0,11,79,0,90,27,77,109,2,215,42,0,42,257
02/17/2002,BIL,MT,ANM,WE,Towers with Radar,20,46,16,0,82,5,0,59,0,64,25,46,75,0,146,46,0,46,192
02/18/2002,BIL,MT,ANM,WE,Towers with Radar,30,72,31,2,135,0,20,73,0,93,30,92,104,2,228,98,2,100,328
02/19/2002,BIL,MT,ANM,WE,Towers with Radar,36,93,45,2,176,0,19,89,0,108,36,112,134,2,284,132,0,132,416
02/20/2002,BIL,MT,ANM,WE,Towers with Radar,35,95,31,0,161,0,22,48,2,72,35,117,79,2,233,16,0,16,249
02/21/2002,BIL,MT,ANM,WE,Towers with Radar,36,113,46,0,195,0,16,76,0,92,36,129,122,0,287,40,0,40,327
02/22/2002,BIL,MT,ANM,WE,Towers with Radar,34,95,21,0,150,0,23,0,0,23,34,118,21,0,173,22,0,22,195
02/23/2002,BIL,MT,ANM,WE,Towers with Radar,28,73,11,0,112,0,2,6,0,8,28,75,17,0,120,0,0,0,120
02/24/2002,BIL,MT,ANM,WE,Towers with Radar,27,48,8,0,83,0,0,0,0,0,27,48,8,0,83,0,0,0,83
02/25/2002,BIL,MT,ANM,WE,Towers with Radar,28,89,43,0,160,0,8,22,0,30,28,97,65,0,190,30,0,30,220
02/26/2002,BIL,MT,ANM,WE,Towers with Radar,55,104,24,0,183,10,16,30,0,56,65,120,54,0,239,20,0,20,259
02/27/2002,BIL,MT,ANM,WE,Towers with Radar,38,109,50,0,197,0,6,35,0,41,38,115,85,0,238,112,2,114,352
02/28/2002,BIL,MT,ANM,WE,Towers with Radar,34,123,29,2,188,0,0,2,0,2,34,123,31,2,190,4,4,8,198
03/01/2002,BIL,MT,ANM,WE,Towers with Radar,37,121,35,3,196,1,24,39,0,64,38,145,74,3,260,62,0,62,322
03/02/2002,BIL,MT,ANM,WE,Towers with Radar,25,64,25,1,115,1,9,24,9,43,26,73,49,10,158,0,0,0,158
03/03/2002,BIL,MT,ANM,WE,Towers with Radar,33,53,26,0,112,0,4,29,0,33,33,57,55,0,145,20,0,20,165
03/04/2002,BIL,MT,ANM,WE,Towers with Radar,30,66,31,3,130,1,13,49,0,63,31,79,80,3,193,20,0,20,213
03/05/2002,BIL,MT,ANM,WE,Towers with Radar,38,107,43,0,188,0,6,55,0,61,38,113,98,0,249,92,0,92,341
03/06/2002,BIL,MT,ANM,WE,Towers with Radar,33,119,27,0,179,1,3,0,0,4,34,122,27,0,183,0,0,0,183
03/07/2002,BIL,MT,ANM,WE,Towers with Radar,37,122,26,2,187,1,2,0,0,3,38,124,26,2,190,0,0,0,190
03/08/2002,BIL,MT,ANM,WE,Towers with Radar,46,110,32,4,192,1,6,25,0,32,47,116,57,4,224,56,2,58,282
03/09/2002,BIL,MT,ANM,WE,Towers with Radar,33,64,27,1,125,1,12,39,0,52,34,76,66,1,177,70,0,70,247
03/10/2002,BIL,MT,ANM,WE,Towers with Radar,24,51,20,3,98,1,6,47,1,55,25,57,67,4,153,80,0,80,233
03/11/2002,BIL,MT,ANM,WE,Towers with Radar,30,74,46,3,153,1,14,38,0,53,31,88,84,3,206,58,0,58,264
03/12/2002,BIL,MT,ANM,WE,Towers with Radar,37,109,31,0,177,1,15,24,0,40,38,124,55,0,217,22,0,22,239
03/13/2002,BIL,MT,ANM,WE,Towers with Radar,38,116,62,0,216,1,18,61,0,80,39,134,123,0,296,112,0,112,408
03/14/2002,BIL,MT,ANM,WE,Towers with Radar,26,110,43,0,179,0,27,13,0,40,26,137,56,0,219,38,0,38,257
03/15/2002,BIL,MT,ANM,WE,Towers with Radar,33,101,40,0,174,0,14,80,0,94,33,115,120,0,268,94,0,94,362
03/16/2002,BIL,MT,ANM,WE,Towers with Radar,26,78,23,0,127,0,5,53,0,58,26,83,76,0,185,46,0,46,231
03/17/2002,BIL,MT,ANM,WE,Towers with Radar,25,60,11,0,96,0,4,0,0,4,25,64,11,0,100,0,0,0,100
03/18/2002,BIL,MT,ANM,WE,Towers with Radar,30,107,42,0,179,0,0,84,0,84,30,107,126,0,263,164,0,164,427
03/19/2002,BIL,MT,ANM,WE,Towers with Radar,34,121,37,0,192,0,2,70,0,72,34,123,107,0,264,28,0,28,292
03/20/2002,BIL,MT,ANM,WE,Towers with Radar,41,131,32,0,204,0,4,0,0,4,41,135,32,0,208,0,0,0,208
03/21/2002,BIL,MT,ANM,WE,Towers with Radar,21,54,24,0,99,4,0,1,0,5,25,54,25,0,104,0,0,0,104
03/22/2002,BIL,MT,ANM,WE,Towers with Radar,35,108,43,0,186,0,11,122,0,133,35,119,165,0,319,264,0,264,583
03/23/2002,BIL,MT,ANM,WE,Towers with Radar,28,67,49,0,144,0,7,65,0,72,28,74,114,0,216,126,0,126,342
03/24/2002,BIL,MT,ANM,WE,Towers with Radar,37,121,47,1,206,0,34,66,1,101,37,155,113,2,307,178,0,178,485
03/25/2002,BIL,MT,ANM,WE,Towers with Radar,30,63,33,0,126,2,0,85,0,87,32,63,118,0,213,120,0,120,333
03/26/2002,BIL,MT,ANM,WE,Towers with Radar,35,102,41,2,180,0,17,70,0,87,35,119,111,2,267,110,0,110,377
03/27/2002,BIL,MT,ANM,WE,Towers with Radar,36,109,35,0,180,0,16,22,0,38,36,125,57,0,218,26,0,26,244
03/28/2002,BIL,MT,ANM,WE,Towers with Radar,15,31,18,0,64,25,0,24,0,49,40,31,42,0,113,30,0,30,143
03/29/2002,BIL,MT,ANM,WE,Towers with Radar,36,108,37,0,181,0,11,38,0,49,36,119,75,0,230,82,0,82,312
03/30/2002,BIL,MT,ANM,WE,Towers with Radar,24,64,23,0,111,0,11,27,1,39,24,75,50,1,150,4,0,4,154
03/31/2002,BIL,MT,ANM,WE,Towers with Radar,23,41,8,0,72,0,19,28,0,47,23,60,36,0,119,8,0,8,127
04/01/2002,BIL,MT,ANM,WE,Towers with Radar,22,75,28,0,125,9,0,0,0,9,31,75,28,0,134,6,0,6,140
04/02/2002,BIL,MT,ANM,WE,Towers with Radar,34,120,42,5,201,1,10,63,1,75,35,130,105,6,276,120,0,120,396
04/03/2002,BIL,MT,ANM,WE,Towers with Radar,37,108,51,0,196,1,19,72,0,92,38,127,123,0,288,108,0,108,396
04/04/2002,BIL,MT,ANM,WE,Towers with Radar,37,109,66,1,213,1,20,126,0,147,38,129,192,1,360,230,0,230,590
04/05/2002,BIL,MT,ANM,WE,Towers with Radar,30,117,42,2,191,0,37,109,4,150,30,154,151,6,341,64,8,72,413
04/06/2002,BIL,MT,ANM,WE,Towers with Radar,29,71,13,1,114,1,3,53,0,57,30,74,66,1,171,86,0,86,257
04/07/2002,BIL,MT,ANM,WE,Towers with Radar,25,52,13,0,90,0,0,51,2,53,25,52,64,2,143,28,2,30,173
04/08/2002,BIL,MT,ANM,WE,Towers with Radar,29,89,23,0,141,0,2,37,0,39,29,91,60,0,180,46,0,46,226
04/09/2002,BIL,MT,ANM,WE,Towers with Radar,29,116,24,0,169,0,17,58,0,75,29,133,82,0,244,92,0,92,336
04/10/2002,BIL,MT,ANM,WE,Towers with Radar,36,113,29,37,215,0,6,49,0,55,36,119,78,37,270,98,32,130,400
04/11/2002,BIL,MT,ANM,WE,Towers with Radar,28,109,39,0,176,0,34,78,0,112,28,143,117,0,288,96,0,96,384
04/12/2002,BIL,MT,ANM,WE,Towers with Radar,37,107,65,0,209,0,12,94,0,106,37,119,159,0,315,94,0,94,409
04/13/2002,BIL,MT,ANM,WE,Towers with Radar,24,73,27,0,124,0,19,67,0,86,24,92,94,0,210,56,0,56,266
04/14/2002,BIL,MT,ANM,WE,Towers with Radar,22,47,10,0,79,0,5,29,0,34,22,52,39,0,113,12,0,12,125
04/15/2002,BIL,MT,ANM,WE,Towers with Radar,29,79,28,7,143,0,1,31,0,32,29,80,59,7,175,48,0,48,223
04/16/2002,BIL,MT,ANM,WE,Towers with Radar,31,104,37,0,172,0,29,9,0,38,31,133,46,0,210,84,0,84,294
04/17/2002,BIL,MT,ANM,WE,Towers with Radar,35,104,54,1,194,0,14,72,0,86,35,118,126,1,280,112,0,112,392
04/18/2002,BIL,MT,ANM,WE,Towers with Radar,30,97,35,0,162,3,14,13,0,30,33,111,48,0,192,32,0,32,224
04/19/2002,BIL,MT,ANM,WE,Towers with Radar,34,100,77,2,213,0,15,80,2,97,34,115,157,4,310,166,0,166,476
04/20/2002,BIL,MT,ANM,WE,Towers with Radar,22,77,33,1,133,0,0,24,0,24,22,77,57,1,157,16,0,16,173
04/21/2002,BIL,MT,ANM,WE,Towers with Radar,14,46,15,0,75,4,8,29,1,42,18,54,44,1,117,28,0,28,145
04/22/2002,BIL,MT,ANM,WE,Towers with Radar,31,69,38,0,138,0,9,70,1,80,31,78,108,1,218,40,0,40,258
04/23/2002,BIL,MT,ANM,WE,Towers with Radar,33,126,40,0,199,0,17,17,1,35,33,143,57,1,234,42,0,42,276
04/24/2002,BIL,MT,ANM,WE,Towers with Radar,31,109,42,0,182,0,14,46,1,61,31,123,88,1,243,66,0,66,309
04/25/2002,BIL,MT,ANM,WE,Towers with Radar,35,102,39,0,176,0,32,79,1,112,35,134,118,1,288,68,0,68,356
04/26/2002,BIL,MT,ANM,WE,Towers with Radar,43,116,45,0,204,0,18,87,0,105,43,134,132,0,309,160,0,160,469
04/27/2002,BIL,MT,ANM,WE,Towers with Radar,23,103,21,0,147,0,0,5,0,5,23,103,26,0,152,18,0,18,170
04/28/2002,BIL,MT,ANM,WE,Towers with Radar,19,77,35,0,131,0,29,52,0,81,19,106,87,0,212,106,0,106,318
04/29/2002,BIL,MT,ANM,WE,Towers with Radar,22,93,30,0,145,0,25,69,0,94,22,118,99,0,239,86,0,86,325
04/30/2002,BIL,MT,ANM,WE,Towers with Radar,34,115,39,0,188,0,28,70,0,98,34,143,109,0,286,142,0,142,428
05/01/2002,BIL,MT,ANM,WE,Towers with Radar,29,105,62,0,196,1,16,55,0,72,30,121,117,0,268,88,0,88,356
05/02/2002,BIL,MT,ANM,WE,Towers with Radar,34,98,26,1,159,0,36,48,0,84,34,134,74,1,243,18,8,26,269
05/03/2002,BIL,MT,ANM,WE,Towers with Radar,38,98,31,0,167,0,29,28,0,57,38,127,59,0,224,34,0,34,258
05/04/2002,BIL,MT,ANM,WE,Towers with Radar,29,68,42,1,140,0,22,91,0,113,29,90,133,1,253,79,2,81,334
05/05/2002,BIL,MT,ANM,WE,Towers with Radar,20,50,23,0,93,0,12,79,0,91,20,62,102,0,184,26,0,26,210
05/06/2002,BIL,MT,ANM,WE,Towers with Radar,25,84,45,0,154,0,7,17,0,24,25,91,62,0,178,30,0,30,208
05/07/2002,BIL,MT,ANM,WE,Towers with Radar,33,99,12,0,144,0,5,0,0,5,33,104,12,0,149,0,0,0,149
05/08/2002,BIL,MT,ANM,WE,Towers with Radar,33,123,25,0,181,0,9,16,0,25,33,132,41,0,206,18,0,18,224
05/09/2002,BIL,MT,ANM,WE,Towers with Radar,40,99,86,8,233,1,44,104,0,149,41,143,190,8,382,116,24,140,522
05/10/2002,BIL,MT,ANM,WE,Towers with Radar,34,113,66,0,213,0,26,83,0,109,34,139,149,0,322,92,0,92,414
05/11/2002,BIL,MT,ANM,WE,Towers with Radar,25,72,57,1,155,0,13,109,0,122,25,85,166,1,277,106,0,106,383
05/12/2002,BIL,MT,ANM,WE,Towers with Radar,22,51,31,0,104,0,6,99,0,105,22,57,130,0,209,50,0,50,259
05/13/2002,BIL,MT,ANM,WE,Towers with Radar,29,87,45,0,161,4,6,128,0,138,33,93,173,0,299,168,0,168,467
05/14/2002,BIL,MT,ANM,WE,Towers with Radar,30,97,37,0,164,0,29,64,0,93,30,126,101,0,257,106,0,106,363
05/15/2002,BIL,MT,ANM,WE,Towers with Radar,36,113,45,0,194,0,37,90,0,127,36,150,135,0,321,104,0,104,425
05/16/2002,BIL,MT,ANM,WE,Towers with Radar,0,51,58,3,112,0,0,152,52,204,0,51,210,55,316,138,0,138,454
05/17/2002,BIL,MT,ANM,WE,Towers with Radar,32,116,54,0,202,0,32,109,0,141,32,148,163,0,343,90,0,90,433
05/18/2002,BIL,MT,ANM,WE,Towers with Radar,23,70,37,0,130,4,0,81,0,85,27,70,118,0,215,56,0,56,271
05/19/2002,BIL,MT,ANM,WE,Towers with Radar,18,51,52,2,123,1,9,55,0,65,19,60,107,2,188,48,0,48,236
05/20/2002,BIL,MT,ANM,WE,Towers with Radar,22,71,36,2,131,6,31,53,0,90,28,102,89,2,221,68,0,68,289
05/21/2002,BIL,MT,ANM,WE,Towers with Radar,38,109,29,1,177,0,25,50,0,75,38,134,79,1,252,46,0,46,298
05/22/2002,BIL,MT,ANM,WE,Towers with Radar,33,123,25,1,182,1,6,3,0,10,34,129,28,1,192,0,0,0,192
05/23/2002,BIL,MT,ANM,WE,Towers with Radar,38,141,40,1,220,0,6,27,0,33,38,147,67,1,253,62,0,62,315
05/24/2002,BIL,MT,ANM,WE,Towers with Radar,35,123,42,3,203,1,20,97,0,118,36,143,139,3,321,100,0,100,421
05/25/2002,BIL,MT,ANM,WE,Towers with Radar,25,72,24,0,121,1,32,64,0,97,26,104,88,0,218,48,0,48,266
05/26/2002,BIL,MT,ANM,WE,Towers with Radar,20,46,31,0,97,0,10,45,0,55,20,56,76,0,152,72,0,72,224
05/27/2002,BIL,MT,ANM,WE,Towers with Radar,17,48,26,0,91,8,9,38,0,55,25,57,64,0,146,28,0,28,174
05/28/2002,BIL,MT,ANM,WE,Towers with Radar,27,79,40,0,146,4,38,77,0,119,31,117,117,0,265,140,0,140,405
05/29/2002,BIL,MT,ANM,WE,Towers with Radar,31,97,57,0,185,0,115,0,0,115,31,212,57,0,300,116,0,116,416
05/30/2002,BIL,MT,ANM,WE,Towers with Radar,37,98,59,0,194,0,27,59,0,86,37,125,118,0,280,106,0,106,386
05/31/2002,BIL,MT,ANM,WE,Towers with Radar,28,109,58,15,210,0,24,78,0,102,28,133,136,15,312,76,12,88,400
06/01/2002,BIL,MT,ANM,WE,Towers with Radar,25,68,24,0,117,1,41,23,0,65,26,109,47,0,182,68,0,68,250
06/02/2002,BIL,MT,ANM,WE,Towers with Radar,19,54,28,0,101,1,3,38,0,42,20,57,66,0,143,0,0,0,143
06/03/2002,BIL,MT,ANM,WE,Towers with Radar,25,97,33,0,155,0,14,95,0,109,25,111,128,0,264,26,0,26,290
06/04/2002,BIL,MT,ANM,WE,Towers with Radar,39,104,36,0,179,1,19,75,0,95,40,123,111,0,274,54,0,54,328
06/05/2002,BIL,MT,ANM,WE,Towers with Radar,38,101,43,0,182,1,25,122,0,148,39,126,165,0,330,124,0,124,454
06/06/2002,BIL,MT,ANM,WE,Towers with Radar,33,103,36,0,172,0,31,79,0,110,33,134,115,0,282,102,0,102,384
06/07/2002,BIL,MT,ANM,WE,Towers with Radar,37,116,41,0,194,0,34,63,2,99,37,150,104,2,293,56,0,56,349
06/08/2002,BIL,MT,ANM,WE,Towers with Radar,27,82,22,0,131,0,7,91,0,98,27,89,113,0,229,46,0,46,275
06/09/2002,BIL,MT,ANM,WE,Towers with Radar,19,51,18,0,88,8,2,9,0,19,27,53,27,0,107,0,0,0,107
06/10/2002,BIL,MT,ANM,WE,Towers with Radar,33,90,32,0,155,11,4,31,0,46,44,94,63,0,201,18,0,18,219
06/11/2002,BIL,MT,ANM,WE,Towers with Radar,31,113,29,0,173,0,17,44,0,61,31,130,73,0,234,34,0,34,268
06/12/2002,BIL,MT,ANM,WE,Towers with Radar,37,104,48,0,189,0,41,73,0,114,37,145,121,0,303,52,0,52,355
06/13/2002,BIL,MT,ANM,WE,Towers with Radar,34,107,57,1,199,0,37,147,1,185,34,144,204,2,384,94,0,94,478
06/14/2002,BIL,MT,ANM,WE,Towers with Radar,34,99,44,2,179,0,41,94,5,140,34,140,138,7,319,166,0,166,485
06/15/2002,BIL,MT,ANM,WE,Towers with Radar,24,74,21,6,125,0,16,97,3,116,24,90,118,9,241,32,4,36,277
06/16/2002,BIL,MT,ANM,WE,Towers with Radar,20,41,27,0,88,0,7,58,1,66,20,48,85,1,154,50,0,50,204
06/17/2002,BIL,MT,ANM,WE,Towers with Radar,38,73,15,0,126,1,14,73,0,88,39,87,88,0,214,52,0,52,266
06/18/2002,BIL,MT,ANM,WE,Towers with Radar,31,111,42,0,184,0,26,61,0,87,31,137,103,0,271,34,0,34,305
06/19/2002,BIL,MT,ANM,WE,Towers with Radar,36,103,37,0,176,0,23,44,0,67,36,126,81,0,243,30,0,30,273
06/20/2002,BIL,MT,ANM,WE,Towers with Radar,38,98,37,0,173,0,37,124,1,162,38,135,161,1,335,102,0,102,437
06/21/2002,BIL,MT,ANM,WE,Towers with Radar,39,101,19,2,161,0,50,68,0,118,39,151,87,2,279,34,0,34,313
06/22/2002,BIL,MT,ANM,WE,Towers with Radar,28,86,25,0,139,0,20,52,0,72,28,106,77,0,211,16,0,16,227
06/23/2002,BIL,MT,ANM,WE,Towers with Radar,21,48,14,2,85,0,12,35,2,49,21,60,49,4,134,6,0,6,140
06/24/2002,BIL,MT,ANM,WE,Towers with Radar,28,81,28,0,137,0,30,97,0,127,28,111,125,0,264,38,0,38,302
06/25/2002,BIL,MT,ANM,WE,Towers with Radar,34,111,23,0,168,0,41,86,3,130,34,152,109,3,298,58,0,58,356
06/26/2002,BIL,MT,ANM,WE,Towers with Radar,34,96,31,0,161,0,45,102,0,147,34,141,133,0,308,124,0,124,432
06/27/2002,BIL,MT,ANM,WE,Towers with Radar,34,99,17,0,150,0,37,102,0,139,34,136,119,0,289,56,0,56,345
06/28/2002,BIL,MT,ANM,WE,Towers with Radar,34,103,27,3,167,0,34,88,0,122,34,137,115,3,289,60,0,60,349
06/29/2002,BIL,MT,ANM,WE,Towers with Radar,29,84,29,0,142,0,23,83,0,106,29,107,112,0,248,52,0,52,300
06/30/2002,BIL,MT,ANM,WE,Towers with Radar,21,57,22,0,100,0,23,97,0,120,21,80,119,0,220,34,0,34,254
07/01/2002,BIL,MT,ANM,WE,Towers with Radar,35,63,50,0,148,1,39,105,0,145,36,102,155,0,293,52,0,52,345
07/02/2002,BIL,MT,ANM,WE,Towers with Radar,38,75,26,0,139,0,56,108,0,164,38,131,134,0,303,114,0,114,417
07/03/2002,BIL,MT,ANM,WE,Towers with Radar,40,97,35,0,172,0,37,96,1,134,40,134,131,1,306,84,0,84,390
07/04/2002,BIL,MT,ANM,WE,Towers with Radar,29,44,11,0,84,0,18,73,0,91,29,62,84,0,175,16,0,16,191
07/05/2002,BIL,MT,ANM,WE,Towers with Radar,31,78,29,0,138,1,42,79,0,122,32,120,108,0,260,42,0,42,302
07/06/2002,BIL,MT,ANM,WE,Towers with Radar,26,66,18,0,110,8,34,85,0,127,34,100,103,0,237,64,0,64,301
07/07/2002,BIL,MT,ANM,WE,Towers with Radar,20,46,15,0,81,1,16,60,0,77,21,62,75,0,158,8,0,8,166
07/08/2002,BIL,MT,ANM,WE,Towers with Radar,29,64,28,0,121,5,37,85,0,127,34,101,113,0,248,34,0,34,282
07/09/2002,BIL,MT,ANM,WE,Towers with Radar,34,93,29,0,156,1,37,86,0,124,35,130,115,0,280,22,0,22,302
07/10/2002,BIL,MT,ANM,WE,Towers with Radar,37,85,27,2,151,1,47,76,0,124,38,132,103,2,275,32,0,32,307
07/11/2002,BIL,MT,ANM,WE,Towers with Radar,34,93,34,0,161,1,45,112,0,158,35,138,146,0,319,78,0,78,397
07/12/2002,BIL,MT,ANM,WE,Towers with Radar,38,96,41,1,176,4,48,95,0,147,42,144,136,1,323,78,0,78,401
07/13/2002,BIL,MT,ANM,WE,Towers with Radar,36,58,31,0,125,1,27,92,0,120,37,85,123,0,245,86,0,86,331
07/14/2002,BIL,MT,ANM,WE,Towers with Radar,28,53,23,0,104,1,15,69,0,85,29,68,92,0,189,8,0,8,197
07/15/2002,BIL,MT,ANM,WE,Towers with Radar,29,74,29,1,133,1,39,60,0,100,30,113,89,1,233,24,0,24,257
07/16/2002,BIL,MT,ANM,WE,Towers with Radar,40,88,22,0,150,1,42,79,0,122,41,130,101,0,272,14,0,14,286
07/17/2002,BIL,MT,ANM,WE,Towers with Radar,39,93,37,0,169,0,67,85,0,152,39,160,122,0,321,48,0,48,369
07/18/2002,BIL,MT,ANM,WE,Towers with Radar,37,88,51,0,176,0,46,113,0,159,37,134,164,0,335,72,0,72,407
07/19/2002,BIL,MT,ANM,WE,Towers with Radar,67,93,37,5,202,2,46,81,0,129,69,139,118,5,331,96,0,96,427
07/20/2002,BIL,MT,ANM,WE,Towers with Radar,28,56,26,0,110,0,27,105,0,132,28,83,131,0,242,32,0,32,274
07/21/2002,BIL,MT,ANM,WE,Towers with Radar,25,52,13,0,90,0,15,73,0,88,25,67,86,0,178,26,0,26,204
07/22/2002,BIL,MT,ANM,WE,Towers with Radar,33,77,34,4,148,0,52,74,2,128,33,129,108,6,276,70,0,70,346
07/23/2002,BIL,MT,ANM,WE,Towers with Radar,29,91,38,0,158,0,40,87,0,127,29,131,125,0,285,22,0,22,307
07/24/2002,BIL,MT,ANM,WE,Towers with Radar,39,89,41,0,169,0,35,117,0,152,39,124,158,0,321,52,0,52,373
07/25/2002,BIL,MT,ANM,WE,Towers with Radar,39,103,55,0,197,0,41,76,0,117,39,144,131,0,314,110,0,110,424
07/26/2002,BIL,MT,ANM,WE,Towers with Radar,37,86,41,1,165,0,63,81,2,146,37,149,122,3,311,68,0,68,379
07/27/2002,BIL,MT,ANM,WE,Towers with Radar,35,76,20,0,131,0,12,53,0,65,35,88,73,0,196,24,0,24,220
07/28/2002,BIL,MT,ANM,WE,Towers with Radar,29,47,21,2,99,0,17,80,0,97,29,64,101,2,196,26,0,26,222
07/29/2002,BIL,MT,ANM,WE,Towers with Radar,30,63,36,0,129,0,30,98,4,132,30,93,134,4,261,32,0,32,293
07/30/2002,BIL,MT,ANM,WE,Towers with Radar,38,89,37,0,164,0,47,113,0,160,38,136,150,0,324,60,0,60,384
07/31/2002,BIL,MT,ANM,WE,Towers with Radar,35,88,52,0,175,0,42,90,0,132,35,130,142,0,307,126,0,126,433
08/01/2002,BIL,MT,ANM,WE,Towers with Radar,40,94,59,3,196,1,42,93,2,138,41,136,152,5,334,128,0,128,462
08/02/2002,BIL,MT,ANM,WE,Towers with Radar,36,91,36,2,165,0,37,84,4,125,36,128,120,6,290,90,0,90,380
08/03/2002,BIL,MT,ANM,WE,Towers with Radar,27,65,26,1,119,4,23,108,0,135,31,88,134,1,254,62,0,62,316
08/04/2002,BIL,MT,ANM,WE,Towers with Radar,30,47,38,2,117,0,7,52,1,60,30,54,90,3,177,52,0,52,229
08/05/2002,BIL,MT,ANM,WE,Towers with Radar,35,94,36,2,167,0,9,79,2,90,35,103,115,4,257,28,0,28,285
08/06/2002,BIL,MT,ANM,WE,Towers with Radar,32,115,35,0,182,1,113,0,0,114,33,228,35,0,296,100,0,100,396
08/07/2002,BIL,MT,ANM,WE,Towers with Radar,42,108,23,0,173,1,22,60,0,83,43,130,83,0,256,90,0,90,346
08/08/2002,BIL,MT,ANM,WE,Towers with Radar,31,127,28,0,186,1,24,33,0,58,32,151,61,0,244,12,0,12,256
08/09/2002,BIL,MT,ANM,WE,Towers with Radar,34,110,36,1,181,1,26,66,0,93,35,136,102,1,274,12,0,12,286
08/10/2002,BIL,MT,ANM,WE,Towers with Radar,30,54,20,0,104,1,26,88,0,115,31,80,108,0,219,48,0,48,267
08/11/2002,BIL,MT,ANM,WE,Towers with Radar,24,48,30,0,102,1,8,75,0,84,25,56,105,0,186,48,0,48,234
08/12/2002,BIL,MT,ANM,WE,Towers with Radar,31,66,66,1,164,1,22,90,0,113,32,88,156,1,277,82,0,82,359
08/13/2002,BIL,MT,ANM,WE,Towers with Radar,36,95,37,2,170,0,17,85,15,117,36,112,122,17,287,70,22,92,379
08/14/2002,BIL,MT,ANM,WE,Towers with Radar,35,112,36,0,183,1,43,82,0,126,36,155,118,0,309,42,0,42,351
08/15/2002,BIL,MT,ANM,WE,Towers with Radar,39,96,33,4,172,1,36,98,0,135,40,132,131,4,307,92,4,96,403
08/16/2002,BIL,MT,ANM,WE,Towers with Radar,39,89,30,3,161,1,36,55,0,92,40,125,85,3,253,69,0,69,322
08/17/2002,BIL,MT,ANM,WE,Towers with Radar,36,51,19,0,106,1,17,89,0,107,37,68,108,0,213,32,0,32,245
08/18/2002,BIL,MT,ANM,WE,Towers with Radar,29,58,13,3,103,1,21,59,4,85,30,79,72,7,188,0,0,0,188
08/19/2002,BIL,MT,ANM,WE,Towers with Radar,33,79,18,1,131,1,38,73,2,114,34,117,91,3,245,84,0,84,329
08/20/2002,BIL,MT,ANM,WE,Towers with Radar,32,86,37,0,155,1,44,70,1,116,33,130,107,1,271,132,0,132,403
08/21/2002,BIL,MT,ANM,WE,Towers with Radar,35,96,36,0,167,0,29,47,0,76,35,125,83,0,243,52,0,52,295
08/22/2002,BIL,MT,ANM,WE,Towers with Radar,33,97,37,2,169,0,48,64,0,112,33,145,101,2,281,64,0,64,345
08/23/2002,BIL,MT,ANM,WE,Towers with Radar,31,97,27,18,173,1,34,110,1,146,32,131,137,19,319,50,46,96,415
08/24/2002,BIL,MT,ANM,WE,Towers with Radar,30,72,14,1,117,0,14,59,0,73,30,86,73,1,190,45,0,45,235
08/25/2002,BIL,MT,ANM,WE,Towers with Radar,26,44,14,0,84,0,8,45,0,53,26,52,59,0,137,28,0,28,165
08/26/2002,BIL,MT,ANM,WE,Towers with Radar,24,68,26,0,118,0,26,81,0,107,24,94,107,0,225,24,0,24,249
08/27/2002,BIL,MT,ANM,WE,Towers with Radar,31,91,27,4,153,0,34,72,0,106,31,125,99,4,259,26,0,26,285
08/28/2002,BIL,MT,ANM,WE,Towers with Radar,37,97,37,1,172,0,17,101,0,118,37,114,138,1,290,50,0,50,340
08/29/2002,BIL,MT,ANM,WE,Towers with Radar,40,93,31,0,164,0,27,75,0,102,40,120,106,0,266,114,0,114,380
08/30/2002,BIL,MT,ANM,WE,Towers with Radar,34,101,25,3,163,0,50,54,0,104,34,151,79,3,267,66,0,66,333
08/31/2002,BIL,MT,ANM,WE,Towers with Radar,30,80,21,0,131,0,49,61,17,127,30,129,82,17,258,16,0,16,274
09/01/2002,BIL,MT,ANM,WE,Towers with Radar,24,37,21,2,84,0,12,47,0,59,24,49,68,2,143,28,4,32,175
09/02/2002,BIL,MT,ANM,WE,Towers with Radar,21,50,22,0,93,8,1,82,0,91,29,51,104,0,184,12,0,12,196
09/03/2002,BIL,MT,ANM,WE,Towers with Radar,32,63,32,0,127,0,45,60,2,107,32,108,92,2,234,64,0,64,298
09/04/2002,BIL,MT,ANM,WE,Towers with Radar,38,96,40,0,174,0,45,83,0,128,38,141,123,0,302,22,0,22,324
09/05/2002,BIL,MT,ANM,WE,Towers with Radar,34,94,41,0,169,0,39,90,0,129,34,133,131,0,298,16,0,16,314
09/06/2002,BIL,MT,ANM,WE,Towers with Radar,32,125,58,0,215,0,8,19,0,27,32,133,77,0,242,12,0,12,254
09/07/2002,BIL,MT,ANM,WE,Towers with Radar,25,82,24,2,133,0,4,19,0,23,25,86,43,2,156,24,0,24,180
09/08/2002,BIL,MT,ANM,WE,Towers with Radar,25,39,41,2,107,0,10,44,7,61,25,49,85,9,168,56,2,58,226
09/09/2002,BIL,MT,ANM,WE,Towers with Radar,29,81,55,0,165,0,43,87,0,130,29,124,142,0,295,20,0,20,315
09/10/2002,BIL,MT,ANM,WE,Towers with Radar,33,98,43,0,174,0,41,79,0,120,33,139,122,0,294,42,0,42,336
09/11/2002,BIL,MT,ANM,WE,Towers with Radar,31,89,28,3,151,0,31,83,0,114,31,120,111,3,265,76,0,76,341
09/12/2002,BIL,MT,ANM,WE,Towers with Radar,33,89,30,0,152,0,40,108,0,148,33,129,138,0,300,50,0,50,350
09/13/2002,BIL,MT,ANM,WE,Towers with Radar,37,88,34,1,160,0,40,45,0,85,37,128,79,1,245,14,0,14,259
09/14/2002,BIL,MT,ANM,WE,Towers with Radar,26,59,34,0,119,0,27,107,0,134,26,86,141,0,253,60,0,60,313
09/15/2002,BIL,MT,ANM,WE,Towers with Radar,20,55,23,1,99,5,6,92,4,107,25,61,115,5,206,62,4,66,272
09/16/2002,BIL,MT,ANM,WE,Towers with Radar,26,71,30,1,128,2,21,50,0,73,28,92,80,1,201,10,0,10,211
09/17/2002,BIL,MT,ANM,WE,Towers with Radar,29,116,37,0,182,0,18,36,0,54,29,134,73,0,236,16,0,16,252
09/18/2002,BIL,MT,ANM,WE,Towers with Radar,35,120,52,0,207,0,9,31,0,40,35,129,83,0,247,18,0,18,265
09/19/2002,BIL,MT,ANM,WE,Towers with Radar,34,83,22,0,139,0,45,77,0,122,34,128,99,0,261,14,2,16,277
09/20/2002,BIL,MT,ANM,WE,Towers with Radar,36,97,41,0,174,3,35,59,0,97,39,132,100,0,271,0,0,0,271
09/21/2002,BIL,MT,ANM,WE,Towers with Radar,26,76,32,0,134,0,16,55,2,73,26,92,87,2,207,40,0,40,247
09/22/2002,BIL,MT,ANM,WE,Towers with Radar,25,53,19,0,97,0,5,53,0,58,25,58,72,0,155,8,0,8,163
09/23/2002,BIL,MT,ANM,WE,Towers with Radar,26,77,38,0,141,0,16,88,0,104,26,93,126,0,245,74,0,74,319
09/24/2002,BIL,MT,ANM,WE,Towers with Radar,31,115,32,0,178,0,19,42,0,61,31,134,74,0,239,8,2,10,249
09/25/2002,BIL,MT,ANM,WE,Towers with Radar,34,103,44,0,181,0,24,67,0,91,34,127,111,0,272,54,0,54,326
09/26/2002,BIL,MT,ANM,WE,Towers with Radar,36,99,47,2,184,0,23,90,1,114,36,122,137,3,298,48,0,48,346
09/27/2002,BIL,MT,ANM,WE,Towers with Radar,31,126,50,1,208,0,9,24,0,33,31,135,74,1,241,10,0,10,251
09/28/2002,BIL,MT,ANM,WE,Towers with Radar,26,74,44,0,144,0,6,65,0,71,26,80,109,0,215,60,0,60,275
09/29/2002,BIL,MT,ANM,WE,Towers with Radar,23,56,30,3,112,0,0,41,0,41,23,56,71,3,153,46,2,48,201
09/30/2002,BIL,MT,ANM,WE,Towers with Radar,27,59,28,0,114,0,8,42,0,50,27,67,70,0,164,10,0,10,174
10/01/2002,BIL,MT,ANM,WE,Towers with Radar,36,120,42,0,198,0,23,21,0,44,36,143,63,0,242,46,0,46,288
10/02/2002,BIL,MT,ANM,WE,Towers with Radar,28,121,45,0,194,0,14,37,0,51,28,135,82,0,245,34,0,34,279
10/03/2002,BIL,MT,ANM,WE,Towers with Radar,39,124,40,0,203,0,9,40,0,49,39,133,80,0,252,16,0,16,268
10/04/2002,BIL,MT,ANM,WE,Towers with Radar,35,121,31,0,187,0,12,26,0,38,35,133,57,0,225,16,0,16,241
10/05/2002,BIL,MT,ANM,WE,Towers with Radar,34,76,28,0,138,0,1,39,0,40,34,77,67,0,178,30,0,30,208
10/06/2002,BIL,MT,ANM,WE,Towers with Radar,23,54,32,0,109,0,1,38,5,44,23,55,70,5,153,6,2,8,161
10/07/2002,BIL,MT,ANM,WE,Towers with Radar,32,86,29,1,148,0,22,59,1,82,32,108,88,2,230,12,0,12,242
10/08/2002,BIL,MT,ANM,WE,Towers with Radar,32,112,60,4,208,0,12,79,0,91,32,124,139,4,299,82,14,96,395
10/09/2002,BIL,MT,ANM,WE,Towers with Radar,33,100,36,0,169,4,28,66,0,98,37,128,102,0,267,4,0,4,271
10/10/2002,BIL,MT,ANM,WE,Towers with Radar,35,101,37,0,173,0,26,67,0,93,35,127,104,0,266,46,0,46,312
10/11/2002,BIL,MT,ANM,WE,Towers with Radar,31,137,37,0,205,0,2,31,0,33,31,139,68,0,238,18,0,18,256
10/12/2002,BIL,MT,ANM,WE,Towers with Radar,29,72,27,0,128,0,8,57,0,65,29,80,84,0,193,42,0,42,235
10/13/2002,BIL,MT,ANM,WE,Towers with Radar,21,44,16,0,81,0,7,40,0,47,21,51,56,0,128,26,0,26,154
10/14/2002,BIL,MT,ANM,WE,Towers with Radar,27,63,22,0,112,0,30,66,0,96,27,93,88,0,208,32,0,32,240
10/15/2002,BIL,MT,ANM,WE,Towers with Radar,28,86,43,0,157,0,44,69,0,113,28,130,112,0,270,78,0,78,348
10/16/2002,BIL,MT,ANM,WE,Towers with Radar,37,101,44,0,182,0,22,56,0,78,37,123,100,0,260,40,0,40,300
10/17/2002,BIL,MT,ANM,WE,Towers with Radar,40,96,23,0,159,0,29,78,0,107,40,125,101,0,266,34,0,34,300
10/18/2002,BIL,MT,ANM,WE,Towers with Radar,29,89,31,0,149,3,23,77,0,103,32,112,108,0,252,64,0,64,316
10/19/2002,BIL,MT,ANM,WE,Towers with Radar,26,56,25,0,107,0,32,72,0,104,26,88,97,0,211,94,0,94,305
10/20/2002,BIL,MT,ANM,WE,Towers with Radar,19,48,29,0,96,0,9,64,0,73,19,57,93,0,169,34,0,34,203
10/21/2002,BIL,MT,ANM,WE,Towers with Radar,29,89,32,0,150,0,22,46,0,68,29,111,78,0,218,48,0,48,266
10/22/2002,BIL,MT,ANM,WE,Towers with Radar,37,140,32,0,209,0,0,0,0,0,37,140,32,0,209,0,0,0,209
10/23/2002,BIL,MT,ANM,WE,Towers with Radar,33,140,35,0,208,0,3,10,0,13,33,143,45,0,221,20,0,20,241
10/24/2002,BIL,MT,ANM,WE,Towers with Radar,35,126,61,0,222,0,6,47,0,53,35,132,108,0,275,60,0,60,335
10/25/2002,BIL,MT,ANM,WE,Towers with Radar,27,120,47,0,194,0,26,75,0,101,27,146,122,0,295,82,0,82,377
10/26/2002,BIL,MT,ANM,WE,Towers with Radar,29,62,14,1,106,0,18,66,0,84,29,80,80,1,190,50,0,50,240
10/27/2002,BIL,MT,ANM,WE,Towers with Radar,40,44,13,1,98,0,7,47,0,54,40,51,60,1,152,14,0,14,166
10/28/2002,BIL,MT,ANM,WE,Towers with Radar,28,110,40,2,180,0,1,7,0,8,28,111,47,2,188,16,0,16,204
10/29/2002,BIL,MT,ANM,WE,Towers with Radar,34,134,18,0,186,0,0,0,0,0,34,134,18,0,186,8,0,8,194
10/30/2002,BIL,MT,ANM,WE,Towers with Radar,35,118,27,0,180,0,0,0,0,0,35,118,27,0,180,0,0,0,180
10/31/2002,BIL,MT,ANM,WE,Towers with Radar,35,116,61,0,212,0,3,27,3,33,35,119,88,3,245,28,0,28,273
11/01/2002,BIL,MT,ANM,WE,Towers with Radar,31,118,43,10,202,0,28,63,0,91,31,146,106,10,293,82,8,90,383
11/02/2002,BIL,MT,ANM,WE,Towers with Radar,34,61,29,0,124,0,12,58,0,70,34,73,87,0,194,72,0,72,266
11/03/2002,BIL,MT,ANM,WE,Towers with Radar,26,53,23,0,102,0,9,47,0,56,26,62,70,0,158,22,0,22,180
11/04/2002,BIL,MT,ANM,WE,Towers with Radar,31,92,50,0,173,0,24,53,0,77,31,116,103,0,250,22,0,22,272
11/05/2002,BIL,MT,ANM,WE,Towers with Radar,34,129,54,0,217,0,34,63,0,97,34,163,117,0,314,66,0,66,380
11/06/2002,BIL,MT,ANM,WE,Towers with Radar,44,96,45,0,185,0,25,49,0,74,44,121,94,0,259,30,0,30,289
11/07/2002,BIL,MT,ANM,WE,Towers with Radar,36,111,36,0,183,0,24,49,0,73,36,135,85,0,256,46,0,46,302
11/08/2002,BIL,MT,ANM,WE,Towers with Radar,38,112,72,0,222,0,15,47,0,62,38,127,119,0,284,88,0,88,372
11/09/2002,BIL,MT,ANM,WE,Towers with Radar,33,69,12,0,114,0,6,26,0,32,33,75,38,0,146,14,0,14,160
11/10/2002,BIL,MT,ANM,WE,Towers with Radar,31,46,29,0,106,0,3,44,0,47,31,49,73,0,153,56,0,56,209
11/11/2002,BIL,MT,ANM,WE,Towers with Radar,35,78,54,0,167,0,11,38,0,49,35,89,92,0,216,34,0,34,250
11/12/2002,BIL,MT,ANM,WE,Towers with Radar,34,114,33,0,181,0,25,49,0,74,34,139,82,0,255,54,0,54,309
11/13/2002,BIL,MT,ANM,WE,Towers with Radar,28,122,32,0,182,0,12,32,0,44,28,134,64,0,226,18,0,18,244
11/14/2002,BIL,MT,ANM,WE,Towers with Radar,51,104,56,0,211,2,6,50,0,58,53,110,106,0,269,42,0,42,311
11/15/2002,BIL,MT,ANM,WE,Towers with Radar,34,135,36,0,205,0,18,65,0,83,34,153,101,0,288,32,0,32,320
11/16/2002,BIL,MT,ANM,WE,Towers with Radar,30,70,20,0,120,0,20,24,0,44,30,90,44,0,164,44,0,44,208
11/17/2002,BIL,MT,ANM,WE,Towers with Radar,28,50,14,0,92,0,5,20,0,25,28,55,34,0,117,8,0,8,125
11/18/2002,BIL,MT,ANM,WE,Towers with Radar,37,82,34,0,153,8,14,36,0,58,45,96,70,0,211,50,0,50,261
11/19/2002,BIL,MT,ANM,WE,Towers with Radar,37,115,31,0,183,1,24,41,0,66,38,139,72,0,249,22,0,22,271
11/20/2002,BIL,MT,ANM,WE,Towers with Radar,36,103,59,0,198,0,25,58,0,83,36,128,117,0,281,74,0,74,355
11/21/2002,BIL,MT,ANM,WE,Towers with Radar,50,109,31,0,190,0,20,53,0,73,50,129,84,0,263,20,0,20,283
11/22/2002,BIL,MT,ANM,WE,Towers with Radar,40,118,36,0,194,0,11,43,0,54,40,129,79,0,248,38,0,38,286
11/23/2002,BIL,MT,ANM,WE,Towers with Radar,31,78,10,0,119,0,0,0,0,0,31,78,10,0,119,0,0,0,119
11/24/2002,BIL,MT,ANM,WE,Towers with Radar,27,57,16,0,100,0,7,47,0,54,27,64,63,0,154,62,0,62,216
11/25/2002,BIL,MT,ANM,WE,Towers with Radar,29,87,21,2,139,0,11,14,0,25,29,98,35,2,164,10,0,10,174
11/26/2002,BIL,MT,ANM,WE,Towers with Radar,32,117,50,2,201,0,21,65,0,86,32,138,115,2,287,56,0,56,343
11/27/2002,BIL,MT,ANM,WE,Towers with Radar,36,128,37,0,201,0,11,51,0,62,36,139,88,0,263,38,0,38,301
11/28/2002,BIL,MT,ANM,WE,Towers with Radar,33,66,8,0,107,0,1,14,0,15,33,67,22,0,122,10,0,10,132
11/29/2002,BIL,MT,ANM,WE,Towers with Radar,26,70,26,0,122,4,50,23,0,77,30,120,49,0,199,22,0,22,221
11/30/2002,BIL,MT,ANM,WE,Towers with Radar,36,67,16,0,119,0,14,56,0,70,36,81,72,0,189,22,0,22,211
12/01/2002,BIL,MT,ANM,WE,Towers with Radar,21,24,14,0,59,41,0,47,1,89,62,24,61,1,148,38,0,38,186
12/02/2002,BIL,MT,ANM,WE,Towers with Radar,36,87,32,0,155,0,5,31,0,36,36,92,63,0,191,36,0,36,227
12/03/2002,BIL,MT,ANM,WE,Towers with Radar,30,114,21,0,165,0,0,2,0,2,30,114,23,0,167,0,0,0,167
12/04/2002,BIL,MT,ANM,WE,Towers with Radar,45,113,26,0,184,0,3,2,0,5,45,116,28,0,189,0,0,0,189
12/05/2002,BIL,MT,ANM,WE,Towers with Radar,40,120,37,1,198,0,18,58,5,81,40,138,95,6,279,32,12,44,323
12/06/2002,BIL,MT,ANM,WE,Towers with Radar,42,101,54,2,199,0,25,70,0,95,42,126,124,2,294,132,0,132,426
12/07/2002,BIL,MT,ANM,WE,Towers with Radar,34,69,60,1,164,0,13,83,0,96,34,82,143,1,260,146,0,146,406
12/08/2002,BIL,MT,ANM,WE,Towers with Radar,30,59,29,0,118,0,5,47,0,52,30,64,76,0,170,54,0,54,224
12/09/2002,BIL,MT,ANM,WE,Towers with Radar,25,90,48,0,163,0,9,40,0,49,25,99,88,0,212,68,0,68,280
12/10/2002,BIL,MT,ANM,WE,Towers with Radar,35,115,30,0,180,0,20,40,0,60,35,135,70,0,240,39,4,43,283
12/11/2002,BIL,MT,ANM,WE,Towers with Radar,36,115,35,0,186,0,30,47,0,77,36,145,82,0,263,20,0,20,283
12/12/2002,BIL,MT,ANM,WE,Towers with Radar,45,106,42,0,193,0,27,69,0,96,45,133,111,0,289,52,14,66,355
12/13/2002,BIL,MT,ANM,WE,Towers with Radar,45,112,34,0,191,0,30,32,0,62,45,142,66,0,253,42,0,42,295
12/14/2002,BIL,MT,ANM,WE,Towers with Radar,32,58,10,1,101,0,10,63,1,74,32,68,73,2,175,46,2,48,223
12/15/2002,BIL,MT,ANM,WE,Towers with Radar,24,55,16,0,95,6,0,38,0,44,30,55,54,0,139,54,0,54,193
12/16/2002,BIL,MT,ANM,WE,Towers with Radar,27,83,29,2,141,0,26,43,0,69,27,109,72,2,210,12,2,14,224
12/17/2002,BIL,MT,ANM,WE,Towers with Radar,45,133,47,3,228,0,21,29,0,50,45,154,76,3,278,16,0,16,294
12/18/2002,BIL,MT,ANM,WE,Towers with Radar,48,132,43,8,231,0,25,44,0,69,48,157,87,8,300,8,0,8,308
12/19/2002,BIL,MT,ANM,WE,Towers with Radar,52,132,33,1,218,0,29,49,2,80,52,161,82,3,298,18,0,18,316
12/20/2002,BIL,MT,ANM,WE,Towers with Radar,47,136,23,0,206,0,17,48,0,65,47,153,71,0,271,6,0,6,277
12/21/2002,BIL,MT,ANM,WE,Towers with Radar,44,78,17,0,139,0,11,55,0,66,44,89,72,0,205,52,0,52,257
12/22/2002,BIL,MT,ANM,WE,Towers with Radar,33,53,41,0,127,0,3,28,0,31,33,56,69,0,158,28,0,28,186
12/23/2002,BIL,MT,ANM,WE,Towers with Radar,33,78,25,0,136,3,27,30,0,60,36,105,55,0,196,10,0,10,206
12/24/2002,BIL,MT,ANM,WE,Towers with Radar,39,96,16,0,151,0,29,41,0,70,39,125,57,0,221,26,0,26,247
12/25/2002,BIL,MT,ANM,WE,Towers with Radar,29,37,0,0,66,0,16,8,0,24,29,53,8,0,90,0,0,0,90
12/26/2002,BIL,MT,ANM,WE,Towers with Radar,38,98,12,0,148,0,23,18,0,41,38,121,30,0,189,0,0,0,189
12/27/2002,BIL,MT,ANM,WE,Towers with Radar,40,104,18,0,162,0,15,39,0,54,40,119,57,0,216,3,0,3,219
12/28/2002,BIL,MT,ANM,WE,Towers with Radar,27,64,21,0,112,0,21,18,0,39,27,85,39,0,151,18,0,18,169
12/29/2002,BIL,MT,ANM,WE,Towers with Radar,36,48,16,0,100,0,9,39,0,48,36,57,55,0,148,30,0,30,178
12/30/2002,BIL,MT,ANM,WE,Towers with Radar,31,87,49,0,167,0,15,59,0,74,31,102,108,0,241,58,0,58,299
12/31/2002,BIL,MT,ANM,WE,Towers with Radar,35,101,22,0,158,0,20,46,0,66,35,121,68,0,224,12,0,12,236
01/01/2003,BIL,MT,ANM,WE,Towers with Radar,28,40,4,0,72,1,4,37,0,42,29,44,41,0,114,20,0,20,134
01/02/2003,BIL,MT,ANM,WE,Towers with Radar,38,102,17,0,157,1,20,43,1,65,39,122,60,1,222,18,0,18,240
01/03/2003,BIL,MT,ANM,WE,Towers with Radar,33,135,36,0,204,1,20,26,0,47,34,155,62,0,251,8,0,8,259
01/04/2003,BIL,MT,ANM,WE,Towers with Radar,28,71,37,0,136,1,12,66,0,79,29,83,103,0,215,36,0,36,251
01/05/2003,BIL,MT,ANM,WE,Towers with Radar,25,56,6,0,87,1,2,23,0,26,26,58,29,0,113,34,0,34,147
01/06/2003,BIL,MT,ANM,WE,Towers with Radar,31,77,31,0,139,3,21,30,0,54,34,98,61,0,193,42,4,46,239
01/07/2003,BIL,MT,ANM,WE,Towers with Radar,29,99,29,0,157,1,42,36,0,79,30,141,65,0,236,16,0,16,252
01/08/2003,BIL,MT,ANM,WE,Towers with Radar,38,107,37,0,182,1,33,52,0,86,39,140,89,0,268,28,0,28,296
01/09/2003,BIL,MT,ANM,WE,Towers with Radar,43,108,47,0,198,1,20,63,0,84,44,128,110,0,282,98,0,98,380
01/10/2003,BIL,MT,ANM,WE,Towers with Radar,37,111,65,0,213,1,30,58,0,89,38,141,123,0,302,70,0,70,372
01/11/2003,BIL,MT,ANM,WE,Towers with Radar,31,112,47,0,190,0,0,150,0,150,31,112,197,0,340,80,0,80,420
01/12/2003,BIL,MT,ANM,WE,Towers with Radar,19,54,19,0,92,4,16,65,0,85,23,70,84,0,177,100,0,100,277
01/13/2003,BIL,MT,ANM,WE,Towers with Radar,28,76,18,0,122,1,13,23,0,37,29,89,41,0,159,8,0,8,167
01/14/2003,BIL,MT,ANM,WE,Towers with Radar,30,122,31,0,183,1,12,11,0,24,31,134,42,0,207,16,0,16,223
01/15/2003,BIL,MT,ANM,WE,Towers with Radar,34,118,34,0,186,1,2,38,0,41,35,120,72,0,227,12,0,12,239
01/16/2003,BIL,MT,ANM,WE,Towers with Radar,42,100,43,0,185,0,18,46,0,64,42,118,89,0,249,18,0,18,267
01/17/2003,BIL,MT,ANM,WE,Towers with Radar,37,124,39,1,201,0,12,49,0,61,37,136,88,1,262,18,0,18,280
01/18/2003,BIL,MT,ANM,WE,Towers with Radar,33,67,13,0,113,0,7,28,0,35,33,74,41,0,148,24,0,24,172
01/19/2003,BIL,MT,ANM,WE,Towers with Radar,27,48,34,0,109,0,0,32,0,32,27,48,66,0,141,36,0,36,177
01/20/2003,BIL,MT,ANM,WE,Towers with Radar,31,82,47,0,160,0,1,19,0,20,31,83,66,0,180,18,0,18,198
01/21/2003,BIL,MT,ANM,WE,Towers with Radar,32,114,19,0,165,0,0,0,0,0,32,114,19,0,165,0,0,0,165
01/22/2003,BIL,MT,ANM,WE,Towers with Radar,35,102,29,0,166,0,13,0,0,13,35,115,29,0,179,0,0,0,179
01/23/2003,BIL,MT,ANM,WE,Towers with Radar,49,116,35,0,200,0,8,36,0,44,49,124,71,0,244,2,0,2,246
01/24/2003,BIL,MT,ANM,WE,Towers with Radar,40,109,39,0,188,1,31,31,0,63,41,140,70,0,251,58,0,58,309
01/25/2003,BIL,MT,ANM,WE,Towers with Radar,34,73,18,0,125,0,11,10,0,21,34,84,28,0,146,0,8,8,154
01/26/2003,BIL,MT,ANM,WE,Towers with Radar,26,52,22,0,100,0,24,14,0,38,26,76,36,0,138,18,0,18,156
01/27/2003,BIL,MT,ANM,WE,Towers with Radar,32,93,41,0,166,0,18,28,0,46,32,111,69,0,212,8,0,8,220
01/28/2003,BIL,MT,ANM,WE,Towers with Radar,34,94,33,0,161,1,38,19,2,60,35,132,52,2,221,24,0,24,245
01/29/2003,BIL,MT,ANM,WE,Towers with Radar,34,93,62,4,193,0,11,68,0,79,34,104,130,4,272,72,0,72,344
01/30/2003,BIL,MT,ANM,WE,Towers with Radar,44,96,38,0,178,0,19,22,0,41,44,115,60,0,219,32,0,32,251
01/31/2003,BIL,MT,ANM,WE,Towers with Radar,36,113,49,0,198,0,14,36,1,51,36,127,85,1,249,20,16,36,285
02/01/2003,BIL,MT,ANM,WE,Towers with Radar,32,66,27,10,135,4,11,8,0,23,36,77,35,10,158,86,8,94,252
02/02/2003,BIL,MT,ANM,WE,Towers with Radar,27,49,11,1,88,1,3,0,0,4,28,52,11,1,92,0,0,0,92
02/03/2003,BIL,MT,ANM,WE,Towers with Radar,30,79,31,0,140,1,5,31,0,37,31,84,62,0,177,8,0,8,185
02/04/2003,BIL,MT,ANM,WE,Towers with Radar,32,120,21,1,174,1,16,0,0,17,33,136,21,1,191,0,0,0,191
02/05/2003,BIL,MT,ANM,WE,Towers with Radar,40,127,20,0,187,1,7,2,0,10,41,134,22,0,197,0,0,0,197
02/06/2003,BIL,MT,ANM,WE,Towers with Radar,37,104,72,2,215,1,13,78,1,93,38,117,150,3,308,68,0,68,376
02/07/2003,BIL,MT,ANM,WE,Towers with Radar,38,105,47,1,191,0,20,3,7,30,38,125,50,8,221,8,0,8,229
02/08/2003,BIL,MT,ANM,WE,Towers with Radar,32,76,23,0,131,1,3,7,0,11,33,79,30,0,142,18,0,18,160
02/09/2003,BIL,MT,ANM,WE,Towers with Radar,22,57,30,0,109,1,2,13,0,16,23,59,43,0,125,28,0,28,153
02/10/2003,BIL,MT,ANM,WE,Towers with Radar,39,89,56,0,184,5,4,37,0,46,44,93,93,0,230,24,0,24,254
02/11/2003,BIL,MT,ANM,WE,Towers with Radar,31,110,49,1,191,0,16,77,21,114,31,126,126,22,305,52,0,52,357
02/12/2003,BIL,MT,ANM,WE,Towers with Radar,34,94,85,4,217,1,33,78,0,112,35,127,163,4,329,125,4,129,458
02/13/2003,BIL,MT,ANM,WE,Towers with Radar,38,118,54,1,211,0,0,105,10,115,38,118,159,11,326,94,14,108,434
02/14/2003,BIL,MT,ANM,WE,Towers with Radar,37,125,28,2,192,1,3,7,2,13,38,128,35,4,205,6,0,6,211
02/15/2003,BIL,MT,ANM,WE,Towers with Radar,31,75,28,0,134,1,6,61,0,68,32,81,89,0,202,64,0,64,266
02/16/2003,BIL,MT,ANM,WE,Towers with Radar,29,47,35,0,111,0,0,80,0,80,29,47,115,0,191,94,0,94,285
02/17/2003,BIL,MT,ANM,WE,Towers with Radar,25,67,30,0,122,7,18,12,0,37,32,85,42,0,159,4,0,4,163
02/18/2003,BIL,MT,ANM,WE,Towers with Radar,35,96,50,0,181,1,23,44,0,68,36,119,94,0,249,72,0,72,321
02/19/2003,BIL,MT,ANM,WE,Towers with Radar,38,101,25,0,164,1,27,94,0,122,39,128,119,0,286,68,2,70,356
02/20/2003,BIL,MT,ANM,WE,Towers with Radar,40,112,49,1,202,0,19,82,0,101,40,131,131,1,303,68,0,68,371
02/21/2003,BIL,MT,ANM,WE,Towers with Radar,34,119,31,0,184,1,3,15,0,19,35,122,46,0,203,24,0,24,227
02/22/2003,BIL,MT,ANM,WE,Towers with Radar,30,72,15,0,117,0,3,0,0,3,30,75,15,0,120,0,0,0,120
02/23/2003,BIL,MT,ANM,WE,Towers with Radar,30,46,14,0,90,0,8,8,0,16,30,54,22,0,106,0,0,0,106
02/24/2003,BIL,MT,ANM,WE,Towers with Radar,31,77,24,0,132,0,25,18,0,43,31,102,42,0,175,2,0,2,177
02/25/2003,BIL,MT,ANM,WE,Towers with Radar,34,85,29,0,148,0,22,37,0,59,34,107,66,0,207,34,0,34,241
02/26/2003,BIL,MT,ANM,WE,Towers with Radar,43,84,59,0,186,0,35,68,0,103,43,119,127,0,289,148,0,148,437
02/27/2003,BIL,MT,ANM,WE,Towers with Radar,47,104,56,3,210,0,35,52,0,87,47,139,108,3,297,95,0,95,392
02/28/2003,BIL,MT,ANM,WE,Towers with Radar,40,135,45,0,220,0,15,52,0,67,40,150,97,0,287,106,0,106,393
03/01/2003,BIL,MT,ANM,WE,Towers with Radar,30,72,34,0,136,0,0,28,0,28,30,72,62,0,164,26,0,26,190
03/02/2003,BIL,MT,ANM,WE,Towers with Radar,22,57,27,0,106,0,0,50,0,50,22,57,77,0,156,84,0,84,240
03/03/2003,BIL,MT,ANM,WE,Towers with Radar,32,93,14,0,139,0,0,7,0,7,32,93,21,0,146,0,0,0,146
03/04/2003,BIL,MT,ANM,WE,Towers with Radar,36,109,42,0,187,0,4,40,0,44,36,113,82,0,231,52,0,52,283
03/05/2003,BIL,MT,ANM,WE,Towers with Radar,41,119,34,0,194,0,25,31,0,56,41,144,65,0,250,24,0,24,274
03/06/2003,BIL,MT,ANM,WE,Towers with Radar,37,103,35,0,175,4,14,0,0,18,41,117,35,0,193,30,0,30,223
03/07/2003,BIL,MT,ANM,WE,Towers with Radar,30,128,20,0,178,0,0,2,0,2,30,128,22,0,180,4,0,4,184
03/08/2003,BIL,MT,ANM,WE,Towers with Radar,22,59,6,0,87,8,8,0,0,16,30,67,6,0,103,0,0,0,103
03/09/2003,BIL,MT,ANM,WE,Towers with Radar,26,56,13,0,95,0,0,2,0,2,26,56,15,0,97,10,0,10,107
03/10/2003,BIL,MT,ANM,WE,Towers with Radar,35,63,28,0,126,0,17,34,0,51,35,80,62,0,177,20,0,20,197
03/11/2003,BIL,MT,ANM,WE,Towers with Radar,37,109,69,0,215,0,21,62,0,83,37,130,131,0,298,50,0,50,348
03/12/2003,BIL,MT,ANM,WE,Towers with Radar,41,94,75,0,210,0,21,72,0,93,41,115,147,0,303,58,0,58,361
03/13/2003,BIL,MT,ANM,WE,Towers with Radar,43,90,43,0,176,0,24,57,0,81,43,114,100,0,257,66,0,66,323
03/14/2003,BIL,MT,ANM,WE,Towers with Radar,34,110,62,3,209,0,23,59,0,82,34,133,121,3,291,54,0,54,345
03/15/2003,BIL,MT,ANM,WE,Towers with Radar,27,64,17,0,108,0,9,56,0,65,27,73,73,0,173,104,0,104,277
03/16/2003,BIL,MT,ANM,WE,Towers with Radar,31,46,40,0,117,0,3,35,0,38,31,49,75,0,155,74,0,74,229
03/17/2003,BIL,MT,ANM,WE,Towers with Radar,29,83,29,0,141,0,6,36,0,42,29,89,65,0,183,36,0,36,219
03/18/2003,BIL,MT,ANM,WE,Towers with Radar,30,89,19,0,138,0,20,0,0,20,30,109,19,0,158,3,0,3,161
03/19/2003,BIL,MT,ANM,WE,Towers with Radar,32,118,49,0,199,0,19,58,0,77,32,137,107,0,276,86,0,86,362
03/20/2003,BIL,MT,ANM,WE,Towers with Radar,36,82,67,0,185,0,31,75,0,106,36,113,142,0,291,88,0,88,379
03/21/2003,BIL,MT,ANM,WE,Towers with Radar,32,124,74,0,230,0,21,87,0,108,32,145,161,0,338,124,0,124,462
03/22/2003,BIL,MT,ANM,WE,Towers with Radar,27,79,50,2,158,0,7,51,0,58,27,86,101,2,216,102,2,104,320
03/23/2003,BIL,MT,ANM,WE,Towers with Radar,23,56,12,0,91,0,6,10,0,16,23,62,22,0,107,18,0,18,125
03/24/2003,BIL,MT,ANM,WE,Towers with Radar,28,79,25,0,132,0,18,41,0,59,28,97,66,0,191,30,0,30,221
03/25/2003,BIL,MT,ANM,WE,Towers with Radar,29,111,60,0,200,0,26,70,0,96,29,137,130,0,296,94,0,94,390
03/26/2003,BIL,MT,ANM,WE,Towers with Radar,40,118,40,0,198,0,10,72,0,82,40,128,112,0,280,50,0,50,330
03/27/2003,BIL,MT,ANM,WE,Towers with Radar,37,119,30,0,186,0,4,45,1,50,37,123,75,1,236,74,0,74,310
03/28/2003,BIL,MT,ANM,WE,Towers with Radar,38,111,45,0,194,0,22,51,4,77,38,133,96,4,271,84,4,88,359
03/29/2003,BIL,MT,ANM,WE,Towers with Radar,27,68,17,0,112,0,6,81,0,87,27,74,98,0,199,78,0,78,277
03/30/2003,BIL,MT,ANM,WE,Towers with Radar,32,37,4,0,73,0,0,17,1,18,32,37,21,1,91,20,0,20,111
03/31/2003,BIL,MT,ANM,WE,Towers with Radar,31,80,20,0,131,0,14,39,2,55,31,94,59,2,186,52,0,52,238
04/01/2003,BIL,MT,ANM,WE,Towers with Radar,34,122,54,0,210,0,50,17,2,69,34,172,71,2,279,28,0,28,307
04/02/2003,BIL,MT,ANM,WE,Towers with Radar,37,101,38,3,179,0,0,3,0,3,37,101,41,3,182,2,0,2,184
04/03/2003,BIL,MT,ANM,WE,Towers with Radar,36,124,44,1,205,1,0,37,1,39,37,124,81,2,244,78,0,78,322
04/04/2003,BIL,MT,ANM,WE,Towers with Radar,34,125,47,1,207,1,20,62,0,83,35,145,109,1,290,70,0,70,360
04/05/2003,BIL,MT,ANM,WE,Towers with Radar,33,61,33,0,127,1,9,98,0,108,34,70,131,0,235,96,0,96,331
04/06/2003,BIL,MT,ANM,WE,Towers with Radar,20,54,13,0,87,1,2,38,0,41,21,56,51,0,128,22,0,22,150
04/07/2003,BIL,MT,ANM,WE,Towers with Radar,28,77,34,0,139,1,9,75,0,85,29,86,109,0,224,50,0,50,274
04/08/2003,BIL,MT,ANM,WE,Towers with Radar,31,112,49,0,192,0,43,78,0,121,31,155,127,0,313,66,0,66,379
04/09/2003,BIL,MT,ANM,WE,Towers with Radar,28,104,48,0,180,1,44,86,0,131,29,148,134,0,311,38,0,38,349
04/10/2003,BIL,MT,ANM,WE,Towers with Radar,39,93,75,0,207,1,34,92,0,127,40,127,167,0,334,118,0,118,452
04/11/2003,BIL,MT,ANM,WE,Towers with Radar,33,92,69,0,194,0,27,112,0,139,33,119,181,0,333,56,0,56,389
04/12/2003,BIL,MT,ANM,WE,Towers with Radar,23,70,29,0,122,4,24,109,0,137,27,94,138,0,259,52,0,52,311
04/13/2003,BIL,MT,ANM,WE,Towers with Radar,21,64,14,0,99,0,0,46,0,46,21,64,60,0,145,14,0,14,159
04/14/2003,BIL,MT,ANM,WE,Towers with Radar,27,86,52,0,165,0,6,65,0,71,27,92,117,0,236,92,0,92,328
04/15/2003,BIL,MT,ANM,WE,Towers with Radar,26,36,53,0,115,0,1,31,0,32,26,37,84,0,147,38,0,38,185
04/16/2003,BIL,MT,ANM,WE,Towers with Radar,33,115,77,0,225,0,32,81,0,113,33,147,158,0,338,60,0,60,398
04/17/2003,BIL,MT,ANM,WE,Towers with Radar,34,95,56,1,186,0,21,76,0,97,34,116,132,1,283,116,0,116,399
04/18/2003,BIL,MT,ANM,WE,Towers with Radar,40,128,56,0,224,0,2,44,0,46,40,130,100,0,270,54,0,54,324
04/19/2003,BIL,MT,ANM,WE,Towers with Radar,23,82,17,0,122,0,0,64,0,64,23,82,81,0,186,78,0,78,264
04/20/2003,BIL,MT,ANM,WE,Towers with Radar,23,38,15,0,76,0,21,68,0,89,23,59,83,0,165,40,0,40,205
04/21/2003,BIL,MT,ANM,WE,Towers with Radar,27,62,46,0,135,0,27,90,0,117,27,89,136,0,252,68,0,68,320
04/22/2003,BIL,MT,ANM,WE,Towers with Radar,31,113,45,0,189,0,35,51,0,86,31,148,96,0,275,78,0,78,353
04/23/2003,BIL,MT,ANM,WE,Towers with Radar,27,96,42,0,165,0,38,10,0,48,27,134,52,0,213,12,0,12,225
04/24/2003,BIL,MT,ANM,WE,Towers with Radar,36,107,48,0,191,1,18,47,0,66,37,125,95,0,257,38,0,38,295
04/25/2003,BIL,MT,ANM,WE,Towers with Radar,37,114,51,1,203,0,18,30,2,50,37,132,81,3,253,56,0,56,309
04/26/2003,BIL,MT,ANM,WE,Towers with Radar,27,75,32,0,134,0,0,30,0,30,27,75,62,0,164,20,0,20,184
04/27/2003,BIL,MT,ANM,WE,Towers with Radar,26,47,44,0,117,0,6,69,0,75,26,53,113,0,192,82,0,82,274
04/28/2003,BIL,MT,ANM,WE,Towers with Radar,28,86,26,1,141,0,7,23,0,30,28,93,49,1,171,0,0,0,171
04/29/2003,BIL,MT,ANM,WE,Towers with Radar,31,126,23,0,180,0,0,2,0,2,31,126,25,0,182,0,0,0,182
04/30/2003,BIL,MT,ANM,WE,Towers with Radar,34,123,24,0,181,1,0,2,0,3,35,123,26,0,184,8,0,8,192
05/01/2003,BIL,MT,ANM,WE,Towers with Radar,39,124,50,1,214,2,6,19,0,27,41,130,69,1,241,38,0,38,279
05/02/2003,BIL,MT,ANM,WE,Towers with Radar,34,92,50,0,176,0,31,60,1,92,34,123,110,1,268,40,0,40,308
05/03/2003,BIL,MT,ANM,WE,Towers with Radar,29,70,14,0,113,1,15,58,0,74,30,85,72,0,187,10,0,10,197
05/04/2003,BIL,MT,ANM,WE,Towers with Radar,28,52,18,0,98,0,5,10,0,15,28,57,28,0,113,4,0,4,117
05/05/2003,BIL,MT,ANM,WE,Towers with Radar,32,105,43,0,180,0,6,39,1,46,32,111,82,1,226,18,0,18,244
05/06/2003,BIL,MT,ANM,WE,Towers with Radar,32,112,53,4,201,0,21,50,1,72,32,133,103,5,273,64,2,66,339
05/07/2003,BIL,MT,ANM,WE,Towers with Radar,35,144,77,0,256,0,0,124,0,124,35,144,201,0,380,48,0,48,428
05/08/2003,BIL,MT,ANM,WE,Towers with Radar,46,116,33,0,195,0,7,8,2,17,46,123,41,2,212,18,2,20,232
05/09/2003,BIL,MT,ANM,WE,Towers with Radar,32,128,62,1,223,1,6,39,0,46,33,134,101,1,269,22,0,22,291
05/10/2003,BIL,MT,ANM,WE,Towers with Radar,31,71,12,0,114,0,10,23,0,33,31,81,35,0,147,0,0,0,147
05/11/2003,BIL,MT,ANM,WE,Towers with Radar,22,55,30,0,107,9,5,53,0,67,31,60,83,0,174,32,0,32,206
05/12/2003,BIL,MT,ANM,WE,Towers with Radar,28,93,49,0,170,0,0,79,0,79,28,93,128,0,249,80,0,80,329
05/13/2003,BIL,MT,ANM,WE,Towers with Radar,28,120,48,1,197,4,24,67,5,100,32,144,115,6,297,64,0,64,361
05/14/2003,BIL,MT,ANM,WE,Towers with Radar,42,83,68,0,193,0,50,96,0,146,42,133,164,0,339,76,0,76,415
05/15/2003,BIL,MT,ANM,WE,Towers with Radar,41,84,73,8,206,1,38,70,1,110,42,122,143,9,316,106,2,108,424
05/16/2003,BIL,MT,ANM,WE,Towers with Radar,41,105,45,2,193,1,24,51,0,76,42,129,96,2,269,42,2,44,313
05/17/2003,BIL,MT,ANM,WE,Towers with Radar,30,60,34,0,124,1,13,66,0,80,31,73,100,0,204,52,4,56,260
05/18/2003,BIL,MT,ANM,WE,Towers with Radar,19,51,28,0,98,11,0,0,0,11,30,51,28,0,109,10,0,10,119
05/19/2003,BIL,MT,ANM,WE,Towers with Radar,29,81,62,0,172,1,22,56,0,79,30,103,118,0,251,60,0,60,311
05/20/2003,BIL,MT,ANM,WE,Towers with Radar,27,99,53,0,179,1,47,91,0,139,28,146,144,0,318,104,0,104,422
05/21/2003,BIL,MT,ANM,WE,Towers with Radar,33,115,56,21,225,1,21,108,0,130,34,136,164,21,355,114,16,130,485
05/22/2003,BIL,MT,ANM,WE,Towers with Radar,40,72,65,0,177,1,25,45,0,71,41,97,110,0,248,52,0,52,300
05/23/2003,BIL,MT,ANM,WE,Towers with Radar,37,103,54,2,196,0,49,55,0,104,37,152,109,2,300,52,0,52,352
05/24/2003,BIL,MT,ANM,WE,Towers with Radar,27,60,43,0,130,1,17,88,0,106,28,77,131,0,236,80,0,80,316
05/25/2003,BIL,MT,ANM,WE,Towers with Radar,26,39,22,0,87,1,7,73,0,81,27,46,95,0,168,48,0,48,216
05/26/2003,BIL,MT,ANM,WE,Towers with Radar,32,38,15,4,89,1,7,30,0,38,33,45,45,4,127,48,0,48,175
05/27/2003,BIL,MT,ANM,WE,Towers with Radar,27,82,28,0,137,1,35,55,0,91,28,117,83,0,228,14,0,14,242
05/28/2003,BIL,MT,ANM,WE,Towers with Radar,46,84,62,3,195,1,38,67,0,106,47,122,129,3,301,94,2,96,397
05/29/2003,BIL,MT,ANM,WE,Towers with Radar,39,78,48,0,165,1,44,67,2,114,40,122,115,2,279,46,0,46,325
05/30/2003,BIL,MT,ANM,WE,Towers with Radar,41,95,39,2,177,1,38,62,0,101,42,133,101,2,278,64,2,66,344
05/31/2003,BIL,MT,ANM,WE,Towers with Radar,30,84,9,0,123,1,10,55,0,66,31,94,64,0,189,48,0,48,237
06/01/2003,BIL,MT,ANM,WE,Towers with Radar,29,54,8,2,93,2,11,35,0,48,31,65,43,2,141,0,0,0,141
06/02/2003,BIL,MT,ANM,WE,Towers with Radar,32,74,31,0,137,0,24,37,0,61,32,98,68,0,198,44,0,44,242
06/03/2003,BIL,MT,ANM,WE,Towers with Radar,35,101,56,0,192,0,29,95,0,124,35,130,151,0,316,76,0,76,392
06/04/2003,BIL,MT,ANM,WE,Towers with Radar,44,100,42,0,186,0,15,45,0,60,44,115,87,0,246,62,0,62,308
06/05/2003,BIL,MT,ANM,WE,Towers with Radar,40,90,37,0,167,0,27,35,0,62,40,117,72,0,229,54,0,54,283
06/06/2003,BIL,MT,ANM,WE,Towers with Radar,42,99,18,1,160,0,12,42,2,56,42,111,60,3,216,6,0,6,222
06/07/2003,BIL,MT,ANM,WE,Towers with Radar,30,59,24,0,113,9,41,110,0,160,39,100,134,0,273,48,0,48,321
06/08/2003,BIL,MT,ANM,WE,Towers with Radar,52,44,3,2,101,1,10,66,21,98,53,54,69,23,199,44,44,88,287
06/09/2003,BIL,MT,ANM,WE,Towers with Radar,31,81,38,0,150,0,14,48,0,62,31,95,86,0,212,10,0,10,222
06/10/2003,BIL,MT,ANM,WE,Towers with Radar,43,99,51,10,203,0,22,48,2,72,43,121,99,12,275,48,30,78,353
06/11/2003,BIL,MT,ANM,WE,Towers with Radar,61,94,42,0,197,0,21,60,0,81,61,115,102,0,278,38,0,38,316
06/12/2003,BIL,MT,ANM,WE,Towers with Radar,53,75,65,0,193,0,36,86,0,122,53,111,151,0,315,116,0,116,431
06/13/2003,BIL,MT,ANM,WE,Towers with Radar,49,95,41,0,185,9,30,88,0,127,58,125,129,0,312,82,0,82,394
06/14/2003,BIL,MT,ANM,WE,Towers with Radar,46,69,22,3,140,0,19,354,0,373,46,88,376,3,513,46,0,46,559
06/15/2003,BIL,MT,ANM,WE,Towers with Radar,40,51,24,1,116,0,6,63,0,69,40,57,87,1,185,42,0,42,227
06/16/2003,BIL,MT,ANM,WE,Towers with Radar,37,83,35,8,163,0,34,61,0,95,37,117,96,8,258,10,6,16,274
06/17/2003,BIL,MT,ANM,WE,Towers with Radar,38,101,39,10,188,0,28,68,0,96,38,129,107,10,284,68,0,68,352
06/18/2003,BIL,MT,ANM,WE,Towers with Radar,37,91,53,2,183,0,44,96,0,140,37,135,149,2,323,42,0,42,365
06/19/2003,BIL,MT,ANM,WE,Towers with Radar,46,93,49,0,188,0,26,72,0,98,46,119,121,0,286,24,0,24,310
06/20/2003,BIL,MT,ANM,WE,Towers with Radar,43,94,41,0,178,0,40,56,0,96,43,134,97,0,274,78,0,78,352
06/21/2003,BIL,MT,ANM,WE,Towers with Radar,39,61,25,0,125,1,3,53,0,57,40,64,78,0,182,50,0,50,232
06/22/2003,BIL,MT,ANM,WE,Towers with Radar,40,47,27,3,117,1,3,54,2,60,41,50,81,5,177,18,0,18,195
06/23/2003,BIL,MT,ANM,WE,Towers with Radar,37,78,70,4,189,1,27,81,0,109,38,105,151,4,298,92,0,92,390
06/24/2003,BIL,MT,ANM,WE,Towers with Radar,47,103,45,0,195,0,24,26,0,50,47,127,71,0,245,24,0,24,269
06/25/2003,BIL,MT,ANM,WE,Towers with Radar,40,92,44,0,176,1,22,71,2,96,41,114,115,2,272,50,0,50,322
06/26/2003,BIL,MT,ANM,WE,Towers with Radar,48,119,34,4,205,1,29,82,1,113,49,148,116,5,318,44,4,48,366
06/27/2003,BIL,MT,ANM,WE,Towers with Radar,50,81,40,0,171,1,43,57,0,101,51,124,97,0,272,44,0,44,316
06/28/2003,BIL,MT,ANM,WE,Towers with Radar,41,55,28,0,124,1,16,71,1,89,42,71,99,1,213,64,0,64,277
06/29/2003,BIL,MT,ANM,WE,Towers with Radar,32,43,33,0,108,1,6,79,0,86,33,49,112,0,194,22,0,22,216
06/30/2003,BIL,MT,ANM,WE,Towers with Radar,38,87,33,0,158,1,22,59,0,82,39,109,92,0,240,24,0,24,264
07/01/2003,BIL,MT,ANM,WE,Towers with Radar,42,91,46,0,179,0,33,79,3,115,42,124,125,3,294,96,0,96,390
07/02/2003,BIL,MT,ANM,WE,Towers with Radar,48,104,61,0,213,0,33,87,0,120,48,137,148,0,333,70,0,70,403
07/03/2003,BIL,MT,ANM,WE,Towers with Radar,50,82,22,0,154,0,32,79,0,111,50,114,101,0,265,16,0,16,281
07/04/2003,BIL,MT,ANM,WE,Towers with Radar,38,42,28,2,110,0,12,102,0,114,38,54,130,2,224,28,4,32,256
07/05/2003,BIL,MT,ANM,WE,Towers with Radar,35,55,21,0,111,0,18,66,0,84,35,73,87,0,195,32,0,32,227
07/06/2003,BIL,MT,ANM,WE,Towers with Radar,35,41,14,1,91,0,12,54,0,66,35,53,68,1,157,14,26,40,197
07/07/2003,BIL,MT,ANM,WE,Towers with Radar,39,89,35,0,163,0,18,91,0,109,39,107,126,0,272,106,0,106,378
07/08/2003,BIL,MT,ANM,WE,Towers with Radar,42,90,38,0,170,0,28,61,0,89,42,118,99,0,259,20,0,20,279
07/09/2003,BIL,MT,ANM,WE,Towers with Radar,44,97,45,1,187,0,45,105,0,150,44,142,150,1,337,32,0,32,369
07/10/2003,BIL,MT,ANM,WE,Towers with Radar,52,74,45,0,171,0,31,89,1,121,52,105,134,1,292,78,0,78,370
07/11/2003,BIL,MT,ANM,WE,Towers with Radar,50,91,41,1,183,0,44,104,3,151,50,135,145,4,334,48,0,48,382
07/12/2003,BIL,MT,ANM,WE,Towers with Radar,34,57,27,0,118,4,13,75,0,92,38,70,102,0,210,72,0,72,282
07/13/2003,BIL,MT,ANM,WE,Towers with Radar,40,68,32,1,141,0,3,55,2,60,40,71,87,3,201,64,8,72,273
07/14/2003,BIL,MT,ANM,WE,Towers with Radar,40,83,38,0,161,0,21,94,2,117,40,104,132,2,278,38,0,38,316
07/15/2003,BIL,MT,ANM,WE,Towers with Radar,52,91,42,1,186,0,44,116,1,161,52,135,158,2,347,110,0,110,457
07/16/2003,BIL,MT,ANM,WE,Towers with Radar,44,91,57,0,192,0,30,80,0,110,44,121,137,0,302,62,0,62,364
07/17/2003,BIL,MT,ANM,WE,Towers with Radar,51,97,39,0,187,0,29,63,0,92,51,126,102,0,279,34,0,34,313
07/18/2003,BIL,MT,ANM,WE,Towers with Radar,47,85,32,2,166,0,50,98,0,148,47,135,130,2,314,86,0,86,400
07/19/2003,BIL,MT,ANM,WE,Towers with Radar,37,65,30,1,133,6,19,82,1,108,43,84,112,2,241,44,0,44,285
07/20/2003,BIL,MT,ANM,WE,Towers with Radar,28,43,23,1,95,15,0,93,1,109,43,43,116,2,204,24,0,24,228
07/21/2003,BIL,MT,ANM,WE,Towers with Radar,34,87,42,4,167,0,26,101,0,127,34,113,143,4,294,50,0,50,344
07/22/2003,BIL,MT,ANM,WE,Towers with Radar,49,74,28,0,151,0,39,86,0,125,49,113,114,0,276,46,0,46,322
07/23/2003,BIL,MT,ANM,WE,Towers with Radar,51,87,26,2,166,0,73,97,0,170,51,160,123,2,336,18,0,18,354
07/24/2003,BIL,MT,ANM,WE,Towers with Radar,53,97,52,0,202,0,35,76,0,111,53,132,128,0,313,34,0,34,347
07/25/2003,BIL,MT,ANM,WE,Towers with Radar,48,102,50,4,204,0,26,90,0,116,48,128,140,4,320,44,0,44,364
07/26/2003,BIL,MT,ANM,WE,Towers with Radar,46,65,20,2,133,0,12,73,0,85,46,77,93,2,218,82,0,82,300
07/27/2003,BIL,MT,ANM,WE,Towers with Radar,35,34,21,2,92,0,1,65,0,66,35,35,86,2,158,46,0,46,204
07/28/2003,BIL,MT,ANM,WE,Towers with Radar,39,79,19,1,138,0,26,75,0,101,39,105,94,1,239,28,0,28,267
07/29/2003,BIL,MT,ANM,WE,Towers with Radar,45,95,49,1,190,0,22,98,0,120,45,117,147,1,310,66,2,68,378
07/30/2003,BIL,MT,ANM,WE,Towers with Radar,40,103,40,2,185,0,24,94,0,118,40,127,134,2,303,48,0,48,351
07/31/2003,BIL,MT,ANM,WE,Towers with Radar,51,84,51,2,188,0,51,78,1,130,51,135,129,3,318,70,0,70,388
08/01/2003,BIL,MT,ANM,WE,Towers with Radar,48,85,33,2,168,1,76,94,1,172,49,161,127,3,340,64,6,70,410
08/02/2003,BIL,MT,ANM,WE,Towers with Radar,46,41,17,3,107,1,18,109,5,133,47,59,126,8,240,22,14,36,276
08/03/2003,BIL,MT,ANM,WE,Towers with Radar,32,40,15,3,90,1,34,61,2,98,33,74,76,5,188,10,0,10,198
08/04/2003,BIL,MT,ANM,WE,Towers with Radar,34,76,19,0,129,1,19,45,0,65,35,95,64,0,194,14,0,14,208
08/05/2003,BIL,MT,ANM,WE,Towers with Radar,42,84,27,1,154,1,29,75,0,105,43,113,102,1,259,32,0,32,291
08/06/2003,BIL,MT,ANM,WE,Towers with Radar,48,93,47,1,189,0,25,93,6,124,48,118,140,7,313,56,0,56,369
08/07/2003,BIL,MT,ANM,WE,Towers with Radar,50,79,34,2,165,1,77,64,6,148,51,156,98,8,313,14,0,14,327
08/08/2003,BIL,MT,ANM,WE,Towers with Radar,45,81,41,1,168,0,54,71,2,127,45,135,112,3,295,46,0,46,341
08/09/2003,BIL,MT,ANM,WE,Towers with Radar,42,63,63,0,168,1,55,107,0,163,43,118,170,0,331,88,0,88,419
08/10/2003,BIL,MT,ANM,WE,Towers with Radar,34,34,51,0,119,5,58,59,0,122,39,92,110,0,241,26,0,26,267
08/11/2003,BIL,MT,ANM,WE,Towers with Radar,33,69,32,1,135,1,35,90,0,126,34,104,122,1,261,60,0,60,321
08/12/2003,BIL,MT,ANM,WE,Towers with Radar,44,101,34,0,179,1,60,79,0,140,45,161,113,0,319,70,0,70,389
08/13/2003,BIL,MT,ANM,WE,Towers with Radar,50,77,53,0,180,1,58,122,0,181,51,135,175,0,361,98,0,98,459
08/14/2003,BIL,MT,ANM,WE,Towers with Radar,51,83,34,0,168,1,67,68,0,136,52,150,102,0,304,36,0,36,340
08/15/2003,BIL,MT,ANM,WE,Towers with Radar,53,87,43,2,185,19,56,85,2,162,72,143,128,4,347,70,0,70,417
08/16/2003,BIL,MT,ANM,WE,Towers with Radar,48,58,21,2,129,1,73,100,1,175,49,131,121,3,304,116,2,118,422
08/17/2003,BIL,MT,ANM,WE,Towers with Radar,36,42,38,3,119,0,31,64,6,101,36,73,102,9,220,60,0,60,280
08/18/2003,BIL,MT,ANM,WE,Towers with Radar,42,75,21,0,138,0,65,82,4,151,42,140,103,4,289,32,0,32,321
08/19/2003,BIL,MT,ANM,WE,Towers with Radar,36,96,47,1,180,0,77,75,1,153,36,173,122,2,333,92,2,94,427
08/20/2003,BIL,MT,ANM,WE,Towers with Radar,52,104,36,3,195,0,59,64,1,124,52,163,100,4,319,48,0,48,367
08/21/2003,BIL,MT,ANM,WE,Towers with Radar,49,111,35,2,197,0,33,93,0,126,49,144,128,2,323,56,0,56,379
08/22/2003,BIL,MT,ANM,WE,Towers with Radar,43,102,34,0,179,1,41,77,0,119,44,143,111,0,298,16,0,16,314
08/23/2003,BIL,MT,ANM,WE,Towers with Radar,48,44,25,0,117,0,21,85,0,106,48,65,110,0,223,18,0,18,241
08/24/2003,BIL,MT,ANM,WE,Towers with Radar,40,34,30,0,104,1,37,84,1,123,41,71,114,1,227,46,0,46,273
08/25/2003,BIL,MT,ANM,WE,Towers with Radar,35,73,27,0,135,0,44,73,1,118,35,117,100,1,253,16,0,16,269
08/26/2003,BIL,MT,ANM,WE,Towers with Radar,36,99,50,1,186,0,56,86,0,142,36,155,136,1,328,78,0,78,406
08/27/2003,BIL,MT,ANM,WE,Towers with Radar,41,103,54,2,200,0,25,62,0,87,41,128,116,2,287,36,0,36,323
08/28/2003,BIL,MT,ANM,WE,Towers with Radar,51,95,48,1,195,0,40,106,2,148,51,135,154,3,343,102,0,102,445
08/29/2003,BIL,MT,ANM,WE,Towers with Radar,46,94,58,1,199,0,23,93,0,116,46,117,151,1,315,42,0,42,357
08/30/2003,BIL,MT,ANM,WE,Towers with Radar,40,55,40,1,136,0,25,108,0,133,40,80,148,1,269,36,0,36,305
08/31/2003,BIL,MT,ANM,WE,Towers with Radar,33,29,21,2,85,0,15,86,0,101,33,44,107,2,186,56,0,56,242
09/01/2003,BIL,MT,ANM,WE,Towers with Radar,24,40,19,4,87,1,17,77,2,97,25,57,96,6,184,58,4,62,246
09/02/2003,BIL,MT,ANM,WE,Towers with Radar,30,85,13,0,128,1,41,62,0,104,31,126,75,0,232,0,50,50,282
09/03/2003,BIL,MT,ANM,WE,Towers with Radar,45,75,36,0,156,1,32,58,5,96,46,107,94,5,252,68,0,68,320
09/04/2003,BIL,MT,ANM,WE,Towers with Radar,43,91,34,0,168,1,30,55,7,93,44,121,89,7,261,26,0,26,287
09/05/2003,BIL,MT,ANM,WE,Towers with Radar,39,100,28,2,169,1,54,66,0,121,40,154,94,2,290,24,0,24,314
09/06/2003,BIL,MT,ANM,WE,Towers with Radar,41,44,12,2,99,1,18,88,3,110,42,62,100,5,209,6,0,6,215
09/07/2003,BIL,MT,ANM,WE,Towers with Radar,27,36,20,1,84,1,7,43,1,52,28,43,63,2,136,34,0,34,170
09/08/2003,BIL,MT,ANM,WE,Towers with Radar,25,81,30,0,136,1,20,54,3,78,26,101,84,3,214,32,2,34,248
09/09/2003,BIL,MT,ANM,WE,Towers with Radar,33,89,35,0,157,0,37,75,6,118,33,126,110,6,275,14,0,14,289
09/10/2003,BIL,MT,ANM,WE,Towers with Radar,43,97,74,3,217,1,18,65,0,84,44,115,139,3,301,44,0,44,345
09/11/2003,BIL,MT,ANM,WE,Towers with Radar,46,107,29,4,186,1,27,32,3,63,47,134,61,7,249,12,0,12,261
09/12/2003,BIL,MT,ANM,WE,Towers with Radar,45,103,23,0,171,1,13,24,0,38,46,116,47,0,209,18,0,18,227
09/13/2003,BIL,MT,ANM,WE,Towers with Radar,38,61,32,0,131,1,21,42,0,64,39,82,74,0,195,40,0,40,235
09/14/2003,BIL,MT,ANM,WE,Towers with Radar,28,56,23,0,107,9,14,88,0,111,37,70,111,0,218,100,0,100,318
09/15/2003,BIL,MT,ANM,WE,Towers with Radar,33,70,28,0,131,0,25,65,0,90,33,95,93,0,221,58,0,58,279
09/16/2003,BIL,MT,ANM,WE,Towers with Radar,41,106,37,0,184,0,16,27,0,43,41,122,64,0,227,0,0,0,227
09/17/2003,BIL,MT,ANM,WE,Towers with Radar,53,122,56,0,231,0,11,33,0,44,53,133,89,0,275,60,0,60,335
09/18/2003,BIL,MT,ANM,WE,Towers with Radar,44,96,25,25,190,0,27,66,0,93,44,123,91,25,283,30,46,76,359
09/19/2003,BIL,MT,ANM,WE,Towers with Radar,38,90,49,0,177,0,37,83,0,120,38,127,132,0,297,74,0,74,371
09/20/2003,BIL,MT,ANM,WE,Towers with Radar,39,63,12,0,114,0,16,61,0,77,39,79,73,0,191,36,0,36,227
09/21/2003,BIL,MT,ANM,WE,Towers with Radar,34,39,24,0,97,0,2,52,0,54,34,41,76,0,151,28,0,28,179
09/22/2003,BIL,MT,ANM,WE,Towers with Radar,29,71,20,0,120,0,29,89,0,118,29,100,109,0,238,28,0,28,266
09/23/2003,BIL,MT,ANM,WE,Towers with Radar,38,85,33,0,156,0,29,56,0,85,38,114,89,0,241,18,0,18,259
09/24/2003,BIL,MT,ANM,WE,Towers with Radar,49,91,32,0,172,0,21,62,0,83,49,112,94,0,255,96,0,96,351
09/25/2003,BIL,MT,ANM,WE,Towers with Radar,44,90,31,0,165,0,23,37,0,60,44,113,68,0,225,30,0,30,255
09/26/2003,BIL,MT,ANM,WE,Towers with Radar,44,95,37,0,176,0,34,88,0,122,44,129,125,0,298,46,0,46,344
09/27/2003,BIL,MT,ANM,WE,Towers with Radar,34,67,26,0,127,5,6,118,0,129,39,73,144,0,256,86,0,86,342
09/28/2003,BIL,MT,ANM,WE,Towers with Radar,33,32,11,0,76,0,19,86,0,105,33,51,97,0,181,32,0,32,213
09/29/2003,BIL,MT,ANM,WE,Towers with Radar,29,74,29,0,132,0,25,84,0,109,29,99,113,0,241,60,0,60,301
09/30/2003,BIL,MT,ANM,WE,Towers with Radar,44,76,28,0,148,0,38,104,0,142,44,114,132,0,290,26,0,26,316
10/01/2003,BIL,MT,ANM,WE,Towers with Radar,38,77,35,1,151,0,49,67,2,118,38,126,102,3,269,50,0,50,319
10/02/2003,BIL,MT,ANM,WE,Towers with Radar,39,73,33,1,146,7,31,58,0,96,46,104,91,1,242,72,0,72,314
10/03/2003,BIL,MT,ANM,WE,Towers with Radar,45,88,40,1,174,0,31,94,0,125,45,119,134,1,299,50,0,50,349
10/04/2003,BIL,MT,ANM,WE,Towers with Radar,23,44,20,1,88,14,26,81,0,121,37,70,101,1,209,70,0,70,279
10/05/2003,BIL,MT,ANM,WE,Towers with Radar,21,40,17,1,79,17,8,68,0,93,38,48,85,1,172,24,0,24,196
10/06/2003,BIL,MT,ANM,WE,Towers with Radar,27,66,30,0,123,0,40,90,0,130,27,106,120,0,253,44,0,44,297
10/07/2003,BIL,MT,ANM,WE,Towers with Radar,33,87,40,1,161,0,36,97,1,134,33,123,137,2,295,60,4,64,359
10/08/2003,BIL,MT,ANM,WE,Towers with Radar,39,92,42,0,173,0,21,107,0,128,39,113,149,0,301,90,0,90,391
10/09/2003,BIL,MT,ANM,WE,Towers with Radar,43,97,44,1,185,0,23,95,0,118,43,120,139,1,303,56,0,56,359
10/10/2003,BIL,MT,ANM,WE,Towers with Radar,41,86,39,0,166,0,28,11,0,39,41,114,50,0,205,4,0,4,209
10/11/2003,BIL,MT,ANM,WE,Towers with Radar,29,55,25,0,109,6,11,57,0,74,35,66,82,0,183,62,0,62,245
10/12/2003,BIL,MT,ANM,WE,Towers with Radar,22,28,19,0,69,17,0,45,0,62,39,28,64,0,131,38,0,38,169
10/13/2003,BIL,MT,ANM,WE,Towers with Radar,37,72,32,0,141,0,1,51,0,52,37,73,83,0,193,38,0,38,231
10/14/2003,BIL,MT,ANM,WE,Towers with Radar,37,76,35,1,149,0,25,69,2,96,37,101,104,3,245,82,0,82,327
10/15/2003,BIL,MT,ANM,WE,Towers with Radar,49,98,46,1,194,0,11,59,3,73,49,109,105,4,267,44,0,44,311
10/16/2003,BIL,MT,ANM,WE,Towers with Radar,47,89,42,0,178,0,18,57,0,75,47,107,99,0,253,44,0,44,297
10/17/2003,BIL,MT,ANM,WE,Towers with Radar,41,80,37,0,158,0,37,49,0,86,41,117,86,0,244,36,0,36,280
10/18/2003,BIL,MT,ANM,WE,Towers with Radar,32,59,28,0,119,6,16,92,0,114,38,75,120,0,233,48,0,48,281
10/19/2003,BIL,MT,ANM,WE,Towers with Radar,24,44,21,0,89,11,4,63,0,78,35,48,84,0,167,18,0,18,185
10/20/2003,BIL,MT,ANM,WE,Towers with Radar,36,66,32,1,135,1,18,62,6,87,37,84,94,7,222,66,4,70,292
10/21/2003,BIL,MT,ANM,WE,Towers with Radar,33,76,36,0,145,0,50,38,0,88,33,126,74,0,233,18,0,18,251
10/22/2003,BIL,MT,ANM,WE,Towers with Radar,39,85,40,0,164,0,36,119,0,155,39,121,159,0,319,54,0,54,373
10/23/2003,BIL,MT,ANM,WE,Towers with Radar,48,89,42,0,179,4,19,42,1,66,52,108,84,1,245,36,0,36,281
10/24/2003,BIL,MT,ANM,WE,Towers with Radar,44,82,39,0,165,0,29,39,0,68,44,111,78,0,233,36,0,36,269
10/25/2003,BIL,MT,ANM,WE,Towers with Radar,35,64,30,0,129,4,3,96,0,103,39,67,126,0,232,82,0,82,314
10/26/2003,BIL,MT,ANM,WE,Towers with Radar,21,38,18,0,77,11,9,28,0,48,32,47,46,0,125,54,4,58,183
10/27/2003,BIL,MT,ANM,WE,Towers with Radar,34,72,34,0,140,0,29,12,2,43,34,101,46,2,183,32,2,34,217
10/28/2003,BIL,MT,ANM,WE,Towers with Radar,41,111,52,0,204,0,13,57,0,70,41,124,109,0,274,24,0,24,298
10/29/2003,BIL,MT,ANM,WE,Towers with Radar,42,77,37,0,156,0,20,5,0,25,42,97,42,0,181,4,0,4,185
10/30/2003,BIL,MT,ANM,WE,Towers with Radar,45,81,19,0,145,2,18,0,0,20,47,99,19,0,165,6,0,6,171
10/31/2003,BIL,MT,ANM,WE,Towers with Radar,43,79,17,0,139,0,34,0,0,34,43,113,17,0,173,20,0,20,193
11/01/2003,BIL,MT,ANM,WE,Towers with Radar,31,66,31,0,128,3,1,57,0,61,34,67,88,0,189,60,0,60,249
11/02/2003,BIL,MT,ANM,WE,Towers with Radar,27,31,25,0,83,8,0,48,0,56,35,31,73,0,139,36,0,36,175
11/03/2003,BIL,MT,ANM,WE,Towers with Radar,25,81,31,0,137,0,21,0,0,21,25,102,31,0,158,4,0,4,162
11/04/2003,BIL,MT,ANM,WE,Towers with Radar,35,91,40,0,166,0,21,16,0,37,35,112,56,0,203,26,0,26,229
11/05/2003,BIL,MT,ANM,WE,Towers with Radar,34,108,48,0,190,0,15,67,0,82,34,123,115,0,272,48,0,48,320
11/06/2003,BIL,MT,ANM,WE,Towers with Radar,41,87,38,0,166,1,18,35,0,54,42,105,73,0,220,30,0,30,250
11/07/2003,BIL,MT,ANM,WE,Towers with Radar,38,95,42,1,176,0,25,78,0,103,38,120,120,1,279,72,0,72,351
11/08/2003,BIL,MT,ANM,WE,Towers with Radar,29,58,27,1,115,6,0,66,5,77,35,58,93,6,192,42,16,58,250
11/09/2003,BIL,MT,ANM,WE,Towers with Radar,22,48,20,1,91,9,6,60,3,78,31,54,80,4,169,54,0,54,223
11/10/2003,BIL,MT,ANM,WE,Towers with Radar,34,75,33,0,142,0,24,55,0,79,34,99,88,0,221,48,0,48,269
11/11/2003,BIL,MT,ANM,WE,Towers with Radar,38,94,42,0,174,0,10,28,0,38,38,104,70,0,212,30,0,30,242
11/12/2003,BIL,MT,ANM,WE,Towers with Radar,44,97,44,1,186,0,16,71,2,89,44,113,115,3,275,28,0,28,303
11/13/2003,BIL,MT,ANM,WE,Towers with Radar,40,87,39,0,166,0,9,82,0,91,40,96,121,0,257,66,0,66,323
11/14/2003,BIL,MT,ANM,WE,Towers with Radar,38,83,37,0,158,0,29,73,1,103,38,112,110,1,261,12,0,12,273
11/15/2003,BIL,MT,ANM,WE,Towers with Radar,32,68,30,0,130,5,7,40,0,52,37,75,70,0,182,88,0,88,270
11/16/2003,BIL,MT,ANM,WE,Towers with Radar,20,41,20,0,81,6,0,53,0,59,26,41,73,0,140,26,0,26,166
11/17/2003,BIL,MT,ANM,WE,Towers with Radar,31,66,29,0,126,2,36,8,0,46,33,102,37,0,172,12,0,12,184
11/18/2003,BIL,MT,ANM,WE,Towers with Radar,37,79,36,0,152,0,35,33,0,68,37,114,69,0,220,42,0,42,262
11/19/2003,BIL,MT,ANM,WE,Towers with Radar,37,76,35,0,148,1,20,6,0,27,38,96,41,0,175,4,0,4,179
11/20/2003,BIL,MT,ANM,WE,Towers with Radar,43,94,43,0,180,0,25,7,0,32,43,119,50,0,212,26,0,26,238
11/21/2003,BIL,MT,ANM,WE,Towers with Radar,43,90,36,0,169,0,8,0,0,8,43,98,36,0,177,2,0,2,179
11/22/2003,BIL,MT,ANM,WE,Towers with Radar,29,58,27,0,114,3,11,6,0,20,32,69,33,0,134,6,0,6,140
11/23/2003,BIL,MT,ANM,WE,Towers with Radar,22,44,21,0,87,6,0,27,0,33,28,44,48,0,120,12,0,12,132
11/24/2003,BIL,MT,ANM,WE,Towers with Radar,33,82,37,0,152,0,12,30,0,42,33,94,67,0,194,4,0,4,198
11/25/2003,BIL,MT,ANM,WE,Towers with Radar,39,109,50,0,198,0,21,47,2,70,39,130,97,2,268,78,0,78,346
11/26/2003,BIL,MT,ANM,WE,Towers with Radar,40,82,37,0,159,5,20,37,0,62,45,102,74,0,221,20,0,20,241
11/27/2003,BIL,MT,ANM,WE,Towers with Radar,18,36,17,0,71,10,0,17,0,27,28,36,34,0,98,34,0,34,132
11/28/2003,BIL,MT,ANM,WE,Towers with Radar,30,62,29,0,121,2,27,12,0,41,32,89,41,0,162,22,0,22,184
11/29/2003,BIL,MT,ANM,WE,Towers with Radar,33,68,31,0,132,4,4,44,0,52,37,72,75,0,184,46,0,46,230
11/30/2003,BIL,MT,ANM,WE,Towers with Radar,26,38,24,0,88,8,0,48,0,56,34,38,72,0,144,50,0,50,194
12/01/2003,BIL,MT,ANM,WE,Towers with Radar,38,79,33,1,151,0,6,58,0,64,38,85,91,1,215,54,0,54,269
12/02/2003,BIL,MT,ANM,WE,Towers with Radar,50,95,38,0,183,0,14,71,0,85,50,109,109,0,268,100,0,100,368
12/03/2003,BIL,MT,ANM,WE,Towers with Radar,41,103,42,0,186,0,27,69,0,96,41,130,111,0,282,106,0,106,388
12/04/2003,BIL,MT,ANM,WE,Towers with Radar,44,93,37,0,174,0,17,59,0,76,44,110,96,0,250,60,0,60,310
12/05/2003,BIL,MT,ANM,WE,Towers with Radar,34,78,31,0,143,0,25,71,0,96,34,103,102,0,239,44,0,44,283
12/06/2003,BIL,MT,ANM,WE,Towers with Radar,33,60,24,1,118,3,9,52,2,66,36,69,76,3,184,112,0,112,296
12/07/2003,BIL,MT,ANM,WE,Towers with Radar,26,39,18,0,83,10,0,28,0,38,36,39,46,0,121,24,0,24,145
12/08/2003,BIL,MT,ANM,WE,Towers with Radar,30,71,29,0,130,0,27,8,0,35,30,98,37,0,165,4,0,4,169
12/09/2003,BIL,MT,ANM,WE,Towers with Radar,43,95,38,0,176,0,19,94,0,113,43,114,132,0,289,54,0,54,343
12/10/2003,BIL,MT,ANM,WE,Towers with Radar,43,77,18,0,138,4,12,0,0,16,47,89,18,0,154,0,0,0,154
12/11/2003,BIL,MT,ANM,WE,Towers with Radar,48,96,39,0,183,0,20,37,0,57,48,116,76,0,240,22,0,22,262
12/12/2003,BIL,MT,ANM,WE,Towers with Radar,43,84,34,0,161,0,20,51,5,76,43,104,85,5,237,40,0,40,277
12/13/2003,BIL,MT,ANM,WE,Towers with Radar,39,69,28,0,136,1,7,46,0,54,40,76,74,0,190,40,0,40,230
12/14/2003,BIL,MT,ANM,WE,Towers with Radar,23,34,17,0,74,15,0,29,0,44,38,34,46,0,118,16,0,16,134
12/15/2003,BIL,MT,ANM,WE,Towers with Radar,41,84,35,0,160,0,10,37,2,49,41,94,72,2,209,26,0,26,235
12/16/2003,BIL,MT,ANM,WE,Towers with Radar,51,91,38,0,180,3,26,41,0,70,54,117,79,0,250,22,0,22,272
12/17/2003,BIL,MT,ANM,WE,Towers with Radar,54,94,39,0,187,0,17,45,0,62,54,111,84,0,249,18,0,18,267
12/18/2003,BIL,MT,ANM,WE,Towers with Radar,55,111,47,0,213,0,0,115,0,115,55,111,162,0,328,98,0,98,426
12/19/2003,BIL,MT,ANM,WE,Towers with Radar,50,85,35,0,170,7,29,49,0,85,57,114,84,0,255,38,0,38,293
12/20/2003,BIL,MT,ANM,WE,Towers with Radar,41,68,29,0,138,3,0,90,0,93,44,68,119,0,231,132,0,132,363
12/21/2003,BIL,MT,ANM,WE,Towers with Radar,30,35,22,0,87,14,0,58,0,72,44,35,80,0,159,36,0,36,195
12/22/2003,BIL,MT,ANM,WE,Towers with Radar,38,68,29,0,135,0,21,61,2,84,38,89,90,2,219,22,0,22,241
12/23/2003,BIL,MT,ANM,WE,Towers with Radar,53,91,37,0,181,2,46,55,0,103,55,137,92,0,284,39,0,39,323
12/24/2003,BIL,MT,ANM,WE,Towers with Radar,42,71,30,0,143,7,34,34,0,75,49,105,64,0,218,8,0,8,226
12/25/2003,BIL,MT,ANM,WE,Towers with Radar,16,27,11,0,54,10,11,27,0,48,26,38,38,0,102,38,0,38,140
12/26/2003,BIL,MT,ANM,WE,Towers with Radar,33,65,11,0,109,0,30,0,0,30,33,95,11,0,139,0,0,0,139
12/27/2003,BIL,MT,ANM,WE,Towers with Radar,30,47,7,0,84,16,0,0,0,16,46,47,7,0,100,0,0,0,100
12/28/2003,BIL,MT,ANM,WE,Towers with Radar,31,52,22,0,105,17,8,43,0,68,48,60,65,0,173,12,0,12,185
12/29/2003,BIL,MT,ANM,WE,Towers with Radar,36,71,30,0,137,0,21,17,0,38,36,92,47,0,175,14,0,14,189
12/30/2003,BIL,MT,ANM,WE,Towers with Radar,44,88,36,0,168,0,36,6,0,42,44,124,42,0,210,4,0,4,214
12/31/2003,BIL,MT,ANM,WE,Towers with Radar,47,80,33,0,160,2,28,25,0,55,49,108,58,0,215,20,0,20,235
01/01/2004,BIL,MT,ANM,WE,Towers with Radar,18,35,13,0,66,13,1,34,0,48,31,36,47,0,114,22,0,22,136
01/02/2004,BIL,MT,ANM,WE,Towers with Radar,40,78,13,0,131,14,7,0,0,21,54,85,13,0,152,20,0,20,172
01/03/2004,BIL,MT,ANM,WE,Towers with Radar,32,64,18,0,114,6,13,0,0,19,38,77,18,0,133,0,0,0,133
01/04/2004,BIL,MT,ANM,WE,Towers with Radar,21,24,15,0,60,20,0,5,0,25,41,24,20,0,85,0,0,0,85
01/05/2004,BIL,MT,ANM,WE,Towers with Radar,36,75,27,0,138,0,17,17,0,34,36,92,44,0,172,6,0,6,178
01/06/2004,BIL,MT,ANM,WE,Towers with Radar,39,77,28,0,144,8,23,15,0,46,47,100,43,0,190,8,0,8,198
01/07/2004,BIL,MT,ANM,WE,Towers with Radar,38,80,29,0,147,0,21,19,0,40,38,101,48,0,187,36,0,36,223
01/08/2004,BIL,MT,ANM,WE,Towers with Radar,38,79,28,0,145,0,19,25,0,44,38,98,53,0,189,36,0,36,225
01/09/2004,BIL,MT,ANM,WE,Towers with Radar,35,92,33,0,160,0,33,46,0,79,35,125,79,0,239,24,0,24,263
01/10/2004,BIL,MT,ANM,WE,Towers with Radar,32,64,23,0,119,5,3,74,0,82,37,67,97,0,201,72,0,72,273
01/11/2004,BIL,MT,ANM,WE,Towers with Radar,22,38,15,0,75,9,0,31,0,40,31,38,46,0,115,24,0,24,139
01/12/2004,BIL,MT,ANM,WE,Towers with Radar,32,67,23,0,122,0,7,66,0,73,32,74,89,0,195,24,0,24,219
01/13/2004,BIL,MT,ANM,WE,Towers with Radar,37,81,29,0,147,0,28,50,0,78,37,109,79,0,225,44,0,44,269
01/14/2004,BIL,MT,ANM,WE,Towers with Radar,40,88,32,0,160,0,23,57,0,80,40,111,89,0,240,40,0,40,280
01/15/2004,BIL,MT,ANM,WE,Towers with Radar,42,79,30,0,151,6,14,58,0,78,48,93,88,0,229,26,0,26,255
01/16/2004,BIL,MT,ANM,WE,Towers with Radar,44,94,35,0,173,0,21,72,0,93,44,115,107,0,266,90,0,90,356
01/17/2004,BIL,MT,ANM,WE,Towers with Radar,25,56,21,0,102,0,15,71,0,86,25,71,92,0,188,48,0,48,236
01/18/2004,BIL,MT,ANM,WE,Towers with Radar,20,36,14,0,70,6,0,36,0,42,26,36,50,0,112,20,0,20,132
01/19/2004,BIL,MT,ANM,WE,Towers with Radar,35,74,28,0,137,0,13,35,0,48,35,87,63,0,185,14,0,14,199
01/20/2004,BIL,MT,ANM,WE,Towers with Radar,45,86,28,0,159,4,12,0,0,16,49,98,28,0,175,12,0,12,187
01/21/2004,BIL,MT,ANM,WE,Towers with Radar,44,94,35,0,173,0,9,47,2,58,44,103,82,2,231,36,0,36,267
01/22/2004,BIL,MT,ANM,WE,Towers with Radar,48,94,35,0,177,0,15,60,1,76,48,109,95,1,253,40,18,58,311
01/23/2004,BIL,MT,ANM,WE,Towers with Radar,46,94,35,0,175,0,12,39,3,54,46,106,74,3,229,64,0,64,293
01/24/2004,BIL,MT,ANM,WE,Towers with Radar,35,65,24,0,124,0,7,29,0,36,35,72,53,0,160,24,0,24,184
01/25/2004,BIL,MT,ANM,WE,Towers with Radar,27,52,15,0,94,3,8,0,6,17,30,60,15,6,111,6,0,6,117
01/26/2004,BIL,MT,ANM,WE,Towers with Radar,34,81,31,0,146,0,23,33,1,57,34,104,64,1,203,28,0,28,231
01/27/2004,BIL,MT,ANM,WE,Towers with Radar,39,83,24,0,146,0,19,0,0,19,39,102,24,0,165,2,0,2,167
01/28/2004,BIL,MT,ANM,WE,Towers with Radar,41,85,32,0,158,0,23,16,2,41,41,108,48,2,199,4,0,4,203
01/29/2004,BIL,MT,ANM,WE,Towers with Radar,47,98,37,0,182,0,17,28,3,48,47,115,65,3,230,58,4,62,292
01/30/2004,BIL,MT,ANM,WE,Towers with Radar,37,92,34,0,163,0,19,44,0,63,37,111,78,0,226,20,0,20,246
01/31/2004,BIL,MT,ANM,WE,Towers with Radar,35,69,28,0,132,0,0,78,0,78,35,69,106,0,210,56,0,56,266
02/01/2004,BIL,MT,ANM,WE,Towers with Radar,21,37,16,0,74,13,0,18,0,31,34,37,34,0,105,24,0,24,129
02/02/2004,BIL,MT,ANM,WE,Towers with Radar,26,70,29,0,125,0,28,68,0,96,26,98,97,0,221,36,0,36,257
02/03/2004,BIL,MT,ANM,WE,Towers with Radar,43,83,35,2,163,0,9,56,7,72,43,92,91,9,235,42,0,42,277
02/04/2004,BIL,MT,ANM,WE,Towers with Radar,37,82,34,0,153,0,30,60,0,90,37,112,94,0,243,26,0,26,269
02/05/2004,BIL,MT,ANM,WE,Towers with Radar,47,99,41,0,187,0,3,51,0,54,47,102,92,0,241,56,0,56,297
02/06/2004,BIL,MT,ANM,WE,Towers with Radar,46,87,36,2,171,0,22,80,0,102,46,109,116,2,273,48,0,48,321
02/07/2004,BIL,MT,ANM,WE,Towers with Radar,33,63,26,0,122,4,20,34,0,58,37,83,60,0,180,82,0,82,262
02/08/2004,BIL,MT,ANM,WE,Towers with Radar,30,41,23,1,95,4,0,49,0,53,34,41,72,1,148,14,2,16,164
02/09/2004,BIL,MT,ANM,WE,Towers with Radar,27,74,28,0,129,0,39,0,0,39,27,113,28,0,168,0,0,0,168
02/10/2004,BIL,MT,ANM,WE,Towers with Radar,41,83,35,0,159,0,29,9,0,38,41,112,44,0,197,18,0,18,215
02/11/2004,BIL,MT,ANM,WE,Towers with Radar,41,93,39,2,175,0,19,35,0,54,41,112,74,2,229,28,0,28,257
02/12/2004,BIL,MT,ANM,WE,Towers with Radar,45,83,35,0,163,0,21,21,0,42,45,104,56,0,205,8,0,8,213
02/13/2004,BIL,MT,ANM,WE,Towers with Radar,40,76,31,0,147,4,36,71,0,111,44,112,102,0,258,78,0,78,336
02/14/2004,BIL,MT,ANM,WE,Towers with Radar,34,64,25,0,123,8,7,73,0,88,42,71,98,0,211,47,0,47,258
02/15/2004,BIL,MT,ANM,WE,Towers with Radar,21,41,17,0,79,18,2,30,0,50,39,43,47,0,129,54,0,54,183
02/16/2004,BIL,MT,ANM,WE,Towers with Radar,32,76,33,1,142,0,2,72,11,85,32,78,105,12,227,58,8,66,293
02/17/2004,BIL,MT,ANM,WE,Towers with Radar,41,74,32,0,147,8,19,41,0,68,49,93,73,0,215,86,0,86,301
02/18/2004,BIL,MT,ANM,WE,Towers with Radar,48,87,38,1,174,4,19,58,3,84,52,106,96,4,258,50,0,50,308
02/19/2004,BIL,MT,ANM,WE,Towers with Radar,44,79,34,0,157,7,19,28,0,54,51,98,62,0,211,42,0,42,253
02/20/2004,BIL,MT,ANM,WE,Towers with Radar,48,87,38,0,173,0,28,75,0,103,48,115,113,0,276,78,0,78,354
02/21/2004,BIL,MT,ANM,WE,Towers with Radar,34,61,26,0,121,2,19,106,0,127,36,80,132,0,248,68,0,68,316
02/22/2004,BIL,MT,ANM,WE,Towers with Radar,29,55,24,0,108,0,4,107,1,112,29,59,131,1,220,62,0,62,282
02/23/2004,BIL,MT,ANM,WE,Towers with Radar,31,69,30,1,131,0,25,58,0,83,31,94,88,1,214,48,0,48,262
02/24/2004,BIL,MT,ANM,WE,Towers with Radar,47,86,37,0,170,3,26,69,0,98,50,112,106,0,268,102,0,102,370
02/25/2004,BIL,MT,ANM,WE,Towers with Radar,47,93,40,1,181,0,11,80,10,101,47,104,120,11,282,94,20,114,396
02/26/2004,BIL,MT,ANM,WE,Towers with Radar,43,83,36,1,163,0,27,48,1,76,43,110,84,2,239,16,0,16,255
02/27/2004,BIL,MT,ANM,WE,Towers with Radar,44,88,38,1,171,0,7,54,1,62,44,95,92,2,233,80,0,80,313
02/28/2004,BIL,MT,ANM,WE,Towers with Radar,31,57,11,0,99,8,10,0,0,18,39,67,11,0,117,0,0,0,117
02/29/2004,BIL,MT,ANM,WE,Towers with Radar,25,42,20,0,87,1,0,4,0,5,26,42,24,0,92,2,0,2,94
03/01/2004,BIL,MT,ANM,WE,Towers with Radar,39,82,39,0,160,0,7,4,0,11,39,89,43,0,171,0,0,0,171
03/02/2004,BIL,MT,ANM,WE,Towers with Radar,44,76,25,0,145,5,18,0,0,23,49,94,25,0,168,0,0,0,168
03/03/2004,BIL,MT,ANM,WE,Towers with Radar,51,95,46,0,192,0,26,35,0,61,51,121,81,0,253,44,0,44,297
03/04/2004,BIL,MT,ANM,WE,Towers with Radar,46,82,39,0,167,0,31,22,0,53,46,113,61,0,220,10,0,10,230
03/05/2004,BIL,MT,ANM,WE,Towers with Radar,46,87,41,2,176,0,11,61,8,80,46,98,102,10,256,50,14,64,320
03/06/2004,BIL,MT,ANM,WE,Towers with Radar,32,56,19,0,107,17,9,0,0,26,49,65,19,0,133,2,0,2,135
03/07/2004,BIL,MT,ANM,WE,Towers with Radar,23,29,19,0,71,15,0,20,0,35,38,29,39,0,106,12,0,12,118
03/08/2004,BIL,MT,ANM,WE,Towers with Radar,30,75,35,0,140,0,12,72,0,84,30,87,107,0,224,28,0,28,252
03/09/2004,BIL,MT,ANM,WE,Towers with Radar,44,76,36,0,156,5,55,31,0,91,49,131,67,0,247,52,0,52,299
03/10/2004,BIL,MT,ANM,WE,Towers with Radar,46,79,37,0,162,3,24,30,0,57,49,103,67,0,219,40,0,40,259
03/11/2004,BIL,MT,ANM,WE,Towers with Radar,42,73,34,1,150,11,27,65,1,104,53,100,99,2,254,52,0,52,306
03/12/2004,BIL,MT,ANM,WE,Towers with Radar,35,74,35,0,144,0,43,77,0,120,35,117,112,0,264,46,0,46,310
03/13/2004,BIL,MT,ANM,WE,Towers with Radar,32,56,27,0,115,11,26,7,0,44,43,82,34,0,159,2,0,2,161
03/14/2004,BIL,MT,ANM,WE,Towers with Radar,27,44,22,0,93,9,3,46,0,58,36,47,68,0,151,42,0,42,193
03/15/2004,BIL,MT,ANM,WE,Towers with Radar,34,70,35,1,140,0,28,31,5,64,34,98,66,6,204,4,8,12,216
03/16/2004,BIL,MT,ANM,WE,Towers with Radar,43,84,42,1,170,0,27,30,5,62,43,111,72,6,232,28,0,28,260
03/17/2004,BIL,MT,ANM,WE,Towers with Radar,47,79,39,1,166,0,22,8,3,33,47,101,47,4,199,0,0,0,199
03/18/2004,BIL,MT,ANM,WE,Towers with Radar,46,82,41,1,170,0,28,28,1,57,46,110,69,2,227,26,0,26,253
03/19/2004,BIL,MT,ANM,WE,Towers with Radar,48,79,39,1,167,3,33,17,0,53,51,112,56,1,220,8,0,8,228
03/20/2004,BIL,MT,ANM,WE,Towers with Radar,39,69,34,0,142,0,0,124,0,124,39,69,158,0,266,86,0,86,352
03/21/2004,BIL,MT,ANM,WE,Towers with Radar,28,46,23,0,97,3,6,86,2,97,31,52,109,2,194,58,4,62,256
03/22/2004,BIL,MT,ANM,WE,Towers with Radar,27,68,34,0,129,0,34,81,0,115,27,102,115,0,244,54,0,54,298
03/23/2004,BIL,MT,ANM,WE,Towers with Radar,49,82,41,0,172,3,35,86,0,124,52,117,127,0,296,68,0,68,364
03/24/2004,BIL,MT,ANM,WE,Towers with Radar,49,84,42,1,176,0,26,134,1,161,49,110,176,2,337,68,2,70,407
03/25/2004,BIL,MT,ANM,WE,Towers with Radar,45,84,42,0,171,0,19,79,0,98,45,103,121,0,269,14,0,14,283
03/26/2004,BIL,MT,ANM,WE,Towers with Radar,51,101,50,0,202,0,17,64,0,81,51,118,114,0,283,18,0,18,301
03/27/2004,BIL,MT,ANM,WE,Towers with Radar,35,59,29,0,123,7,6,48,0,61,42,65,77,0,184,82,0,82,266
03/28/2004,BIL,MT,ANM,WE,Towers with Radar,28,38,24,0,90,18,0,48,0,66,46,38,72,0,156,42,0,42,198
03/29/2004,BIL,MT,ANM,WE,Towers with Radar,32,75,36,1,144,0,10,114,1,125,32,85,150,2,269,80,0,80,349
03/30/2004,BIL,MT,ANM,WE,Towers with Radar,51,91,44,1,187,0,17,88,3,108,51,108,132,4,295,164,0,164,459
03/31/2004,BIL,MT,ANM,WE,Towers with Radar,50,87,42,0,179,0,17,99,0,116,50,104,141,0,295,102,0,102,397
04/01/2004,BIL,MT,ANM,WE,Towers with Radar,46,88,41,1,176,0,34,47,1,82,46,122,88,2,258,46,2,48,306
04/02/2004,BIL,MT,ANM,WE,Towers with Radar,42,85,39,1,167,0,22,12,0,34,42,107,51,1,201,6,0,6,207
04/03/2004,BIL,MT,ANM,WE,Towers with Radar,40,70,32,0,142,7,3,61,0,71,47,73,93,0,213,66,0,66,279
04/04/2004,BIL,MT,ANM,WE,Towers with Radar,27,36,21,1,85,10,0,78,5,93,37,36,99,6,178,78,0,78,256
04/05/2004,BIL,MT,ANM,WE,Towers with Radar,38,68,31,0,137,0,18,84,0,102,38,86,115,0,239,46,0,46,285
04/06/2004,BIL,MT,ANM,WE,Towers with Radar,43,86,40,0,169,0,27,77,0,104,43,113,117,0,273,52,0,52,325
04/07/2004,BIL,MT,ANM,WE,Towers with Radar,46,81,37,1,165,4,27,94,1,126,50,108,131,2,291,92,0,92,383
04/08/2004,BIL,MT,ANM,WE,Towers with Radar,50,88,41,1,180,1,21,48,1,71,51,109,89,2,251,24,0,24,275
04/09/2004,BIL,MT,ANM,WE,Towers with Radar,48,85,39,1,173,3,22,53,8,86,51,107,92,9,259,44,0,44,303
04/10/2004,BIL,MT,ANM,WE,Towers with Radar,30,53,23,1,107,15,13,55,1,84,45,66,78,2,191,78,2,80,271
04/11/2004,BIL,MT,ANM,WE,Towers with Radar,26,47,22,0,95,9,1,29,0,39,35,48,51,0,134,48,0,48,182
04/12/2004,BIL,MT,ANM,WE,Towers with Radar,35,61,29,0,125,7,16,64,0,87,42,77,93,0,212,26,0,26,238
04/13/2004,BIL,MT,ANM,WE,Towers with Radar,44,90,42,0,176,0,14,70,0,84,44,104,112,0,260,96,0,96,356
04/14/2004,BIL,MT,ANM,WE,Towers with Radar,49,87,41,0,177,0,17,52,0,69,49,104,93,0,246,106,0,106,352
04/15/2004,BIL,MT,ANM,WE,Towers with Radar,44,86,41,0,171,0,17,38,0,55,44,103,79,0,226,18,0,18,244
04/16/2004,BIL,MT,ANM,WE,Towers with Radar,47,81,39,0,167,15,17,81,0,113,62,98,120,0,280,130,0,130,410
04/17/2004,BIL,MT,ANM,WE,Towers with Radar,38,65,31,0,134,3,5,52,0,60,41,70,83,0,194,44,0,44,238
04/18/2004,BIL,MT,ANM,WE,Towers with Radar,34,51,28,1,114,3,0,19,0,22,37,51,47,1,136,68,0,68,204
04/19/2004,BIL,MT,ANM,WE,Towers with Radar,38,73,34,0,145,0,29,47,0,76,38,102,81,0,221,16,14,30,251
04/20/2004,BIL,MT,ANM,WE,Towers with Radar,48,108,52,0,208,0,14,83,0,97,48,122,135,0,305,94,0,94,399
04/21/2004,BIL,MT,ANM,WE,Towers with Radar,49,85,41,0,175,0,32,7,4,43,49,117,48,4,218,80,0,80,298
04/22/2004,BIL,MT,ANM,WE,Towers with Radar,47,86,41,0,174,0,9,72,0,81,47,95,113,0,255,56,0,56,311
04/23/2004,BIL,MT,ANM,WE,Towers with Radar,50,100,48,0,198,0,21,126,0,147,50,121,174,0,345,170,0,170,515
04/24/2004,BIL,MT,ANM,WE,Towers with Radar,37,67,32,0,136,0,21,61,1,83,37,88,93,1,219,66,0,66,285
04/25/2004,BIL,MT,ANM,WE,Towers with Radar,30,45,24,0,99,2,0,37,0,39,32,45,61,0,138,2,1,3,141
04/26/2004,BIL,MT,ANM,WE,Towers with Radar,44,75,36,0,155,1,25,59,0,85,45,100,95,0,240,74,0,74,314
04/27/2004,BIL,MT,ANM,WE,Towers with Radar,41,69,33,0,143,0,34,18,3,55,41,103,51,3,198,22,0,22,220
04/28/2004,BIL,MT,ANM,WE,Towers with Radar,51,87,35,0,173,1,25,0,0,26,52,112,35,0,199,4,0,4,203
04/29/2004,BIL,MT,ANM,WE,Towers with Radar,55,107,51,0,213,0,13,54,3,70,55,120,105,3,283,60,4,64,347
04/30/2004,BIL,MT,ANM,WE,Towers with Radar,50,93,44,0,187,0,4,95,3,102,50,97,139,3,289,70,0,70,359
05/01/2004,BIL,MT,ANM,WE,Towers with Radar,38,58,37,0,133,6,0,90,0,96,44,58,127,0,229,74,0,74,303
05/02/2004,BIL,MT,ANM,WE,Towers with Radar,26,37,24,0,87,16,0,34,0,50,42,37,58,0,137,12,0,12,149
05/03/2004,BIL,MT,ANM,WE,Towers with Radar,33,69,36,0,138,0,20,47,0,67,33,89,83,0,205,36,0,36,241
05/04/2004,BIL,MT,ANM,WE,Towers with Radar,46,83,44,2,175,2,19,61,6,88,48,102,105,8,263,68,6,74,337
05/05/2004,BIL,MT,ANM,WE,Towers with Radar,44,87,46,0,177,0,24,53,0,77,44,111,99,0,254,102,0,102,356
05/06/2004,BIL,MT,ANM,WE,Towers with Radar,44,110,57,2,213,0,3,131,0,134,44,113,188,2,347,130,0,130,477
05/07/2004,BIL,MT,ANM,WE,Towers with Radar,48,89,47,0,184,0,15,80,0,95,48,104,127,0,279,52,0,52,331
05/08/2004,BIL,MT,ANM,WE,Towers with Radar,36,66,35,1,138,1,12,93,0,106,37,78,128,1,244,140,0,140,384
05/09/2004,BIL,MT,ANM,WE,Towers with Radar,21,39,20,0,80,15,17,50,0,82,36,56,70,0,162,20,0,20,182
05/10/2004,BIL,MT,ANM,WE,Towers with Radar,40,81,41,2,164,0,30,81,0,111,40,111,122,2,275,30,0,30,305
05/11/2004,BIL,MT,ANM,WE,Towers with Radar,42,84,36,2,164,0,18,0,0,18,42,102,36,2,182,0,2,2,184
05/12/2004,BIL,MT,ANM,WE,Towers with Radar,50,95,49,2,196,0,16,2,20,38,50,111,51,22,234,20,20,40,274
05/13/2004,BIL,MT,ANM,WE,Towers with Radar,50,102,52,2,206,0,11,77,9,97,50,113,129,11,303,40,18,58,361
05/14/2004,BIL,MT,ANM,WE,Towers with Radar,44,81,41,2,168,3,20,67,2,92,47,101,108,4,260,74,0,74,334
05/15/2004,BIL,MT,ANM,WE,Towers with Radar,42,62,39,1,144,7,0,136,0,143,49,62,175,1,287,72,0,72,359
05/16/2004,BIL,MT,ANM,WE,Towers with Radar,26,34,24,1,85,16,0,19,0,35,42,34,43,1,120,36,0,36,156
05/17/2004,BIL,MT,ANM,WE,Towers with Radar,33,87,45,2,167,0,8,50,1,59,33,95,95,3,226,62,8,70,296
05/18/2004,BIL,MT,ANM,WE,Towers with Radar,44,82,42,2,170,2,16,31,2,51,46,98,73,4,221,50,20,70,291
05/19/2004,BIL,MT,ANM,WE,Towers with Radar,49,100,52,1,202,0,14,47,1,62,49,114,99,2,264,58,6,64,328
05/20/2004,BIL,MT,ANM,WE,Towers with Radar,51,106,56,1,214,0,12,90,0,102,51,118,146,1,316,81,2,83,399
05/21/2004,BIL,MT,ANM,WE,Towers with Radar,50,89,47,1,187,4,33,28,0,65,54,122,75,1,252,44,0,44,296
05/22/2004,BIL,MT,ANM,WE,Towers with Radar,36,67,35,0,138,0,16,7,0,23,36,83,42,0,161,6,0,6,167
05/23/2004,BIL,MT,ANM,WE,Towers with Radar,31,45,28,0,104,8,0,18,0,26,39,45,46,0,130,12,0,12,142
05/24/2004,BIL,MT,ANM,WE,Towers with Radar,39,80,42,0,161,0,11,30,0,41,39,91,72,0,202,52,0,52,254
05/25/2004,BIL,MT,ANM,WE,Towers with Radar,46,105,55,2,208,0,18,107,2,127,46,123,162,4,335,128,2,130,465
05/26/2004,BIL,MT,ANM,WE,Towers with Radar,49,87,46,1,183,3,21,32,0,56,52,108,78,1,239,2,0,2,241
05/27/2004,BIL,MT,ANM,WE,Towers with Radar,41,92,48,0,181,0,33,73,0,106,41,125,121,0,287,34,0,34,321
05/28/2004,BIL,MT,ANM,WE,Towers with Radar,47,96,51,0,194,0,26,77,0,103,47,122,128,0,297,90,0,90,387
05/29/2004,BIL,MT,ANM,WE,Towers with Radar,38,67,35,0,140,11,19,26,0,56,49,86,61,0,196,40,0,40,236
05/30/2004,BIL,MT,ANM,WE,Towers with Radar,23,40,21,0,84,11,0,13,1,25,34,40,34,1,109,12,0,12,121
05/31/2004,BIL,MT,ANM,WE,Towers with Radar,25,45,24,0,94,6,9,27,1,43,31,54,51,1,137,16,0,16,153
06/01/2004,BIL,MT,ANM,WE,Towers with Radar,34,76,26,1,137,0,9,93,2,104,34,85,119,3,241,96,0,96,337
06/02/2004,BIL,MT,ANM,WE,Towers with Radar,49,89,31,1,170,1,16,82,0,99,50,105,113,1,269,100,0,100,369
06/03/2004,BIL,MT,ANM,WE,Towers with Radar,49,96,34,1,180,0,32,75,1,108,49,128,109,2,288,76,0,76,364
06/04/2004,BIL,MT,ANM,WE,Towers with Radar,40,92,32,1,165,0,25,57,1,83,40,117,89,2,248,78,0,78,326
06/05/2004,BIL,MT,ANM,WE,Towers with Radar,37,68,24,0,129,8,9,205,0,222,45,77,229,0,351,92,0,92,443
06/06/2004,BIL,MT,ANM,WE,Towers with Radar,25,37,16,0,78,12,0,48,0,60,37,37,64,0,138,16,0,16,154
06/07/2004,BIL,MT,ANM,WE,Towers with Radar,39,71,26,0,136,0,23,34,0,57,39,94,60,0,193,20,0,20,213
06/08/2004,BIL,MT,ANM,WE,Towers with Radar,53,96,35,0,184,0,8,42,0,50,53,104,77,0,234,34,0,34,268
06/09/2004,BIL,MT,ANM,WE,Towers with Radar,50,93,34,0,177,0,9,30,0,39,50,102,64,0,216,68,0,68,284
06/10/2004,BIL,MT,ANM,WE,Towers with Radar,56,103,37,0,196,5,14,17,0,36,61,117,54,0,232,10,0,10,242
06/11/2004,BIL,MT,ANM,WE,Towers with Radar,51,98,36,0,185,0,17,38,0,55,51,115,74,0,240,14,0,14,254
06/12/2004,BIL,MT,ANM,WE,Towers with Radar,39,71,26,0,136,5,16,62,0,83,44,87,88,0,219,70,0,70,289
06/13/2004,BIL,MT,ANM,WE,Towers with Radar,28,46,19,0,93,11,0,46,0,57,39,46,65,0,150,64,0,64,214
06/14/2004,BIL,MT,ANM,WE,Towers with Radar,45,83,30,0,158,0,27,64,0,91,45,110,94,0,249,72,0,72,321
06/15/2004,BIL,MT,ANM,WE,Towers with Radar,47,85,31,0,163,0,11,67,0,78,47,96,98,0,241,74,0,74,315
06/16/2004,BIL,MT,ANM,WE,Towers with Radar,50,91,33,0,174,0,19,66,0,85,50,110,99,0,259,82,0,82,341
06/17/2004,BIL,MT,ANM,WE,Towers with Radar,53,104,37,0,194,0,14,47,0,61,53,118,84,0,255,44,0,44,299
06/18/2004,BIL,MT,ANM,WE,Towers with Radar,41,102,37,0,180,0,34,48,0,82,41,136,85,0,262,28,0,28,290
06/19/2004,BIL,MT,ANM,WE,Towers with Radar,49,87,33,0,169,0,0,63,0,63,49,87,96,0,232,62,0,62,294
06/20/2004,BIL,MT,ANM,WE,Towers with Radar,26,42,16,0,84,12,0,63,0,75,38,42,79,0,159,18,0,18,177
06/21/2004,BIL,MT,ANM,WE,Towers with Radar,44,82,30,0,156,0,21,67,6,94,44,103,97,6,250,56,0,56,306
06/22/2004,BIL,MT,ANM,WE,Towers with Radar,45,84,31,0,160,0,27,36,0,63,45,111,67,0,223,38,0,38,261
06/23/2004,BIL,MT,ANM,WE,Towers with Radar,52,92,34,0,178,3,16,79,0,98,55,108,113,0,276,68,0,68,344
06/24/2004,BIL,MT,ANM,WE,Towers with Radar,53,107,39,0,199,0,12,68,0,80,53,119,107,0,279,54,0,54,333
06/25/2004,BIL,MT,ANM,WE,Towers with Radar,50,98,36,0,184,0,23,58,3,84,50,121,94,3,268,62,0,62,330
06/26/2004,BIL,MT,ANM,WE,Towers with Radar,43,76,27,0,146,0,15,75,0,90,43,91,102,0,236,48,0,48,284
06/27/2004,BIL,MT,ANM,WE,Towers with Radar,27,43,17,0,87,9,0,84,0,93,36,43,101,0,180,54,0,54,234
06/28/2004,BIL,MT,ANM,WE,Towers with Radar,40,71,24,0,135,4,13,70,0,87,44,84,94,0,222,48,0,48,270
06/29/2004,BIL,MT,ANM,WE,Towers with Radar,49,88,31,0,168,5,27,65,0,97,54,115,96,0,265,50,0,50,315
06/30/2004,BIL,MT,ANM,WE,Towers with Radar,50,98,35,0,183,0,26,84,0,110,50,124,119,0,293,40,0,40,333
07/01/2004,BIL,MT,ANM,WE,Towers with Radar,56,97,36,0,189,1,20,58,0,79,57,117,94,0,268,16,0,16,284
07/02/2004,BIL,MT,ANM,WE,Towers with Radar,47,88,33,0,168,0,29,79,0,108,47,117,112,0,276,70,0,70,346
07/03/2004,BIL,MT,ANM,WE,Towers with Radar,37,64,24,0,125,0,42,57,0,99,37,106,81,0,224,18,0,18,242
07/04/2004,BIL,MT,ANM,WE,Towers with Radar,24,43,16,0,83,16,8,8,0,32,40,51,24,0,115,34,0,34,149
07/05/2004,BIL,MT,ANM,WE,Towers with Radar,34,59,22,0,115,0,9,23,0,32,34,68,45,0,147,28,0,28,175
07/06/2004,BIL,MT,ANM,WE,Towers with Radar,47,94,36,0,177,0,25,96,0,121,47,119,132,0,298,122,0,122,420
07/07/2004,BIL,MT,ANM,WE,Towers with Radar,50,97,36,0,183,0,13,61,0,74,50,110,97,0,257,74,0,74,331
07/08/2004,BIL,MT,ANM,WE,Towers with Radar,48,101,38,0,187,0,27,95,0,122,48,128,133,0,309,64,0,64,373
07/09/2004,BIL,MT,ANM,WE,Towers with Radar,56,101,38,1,196,0,34,99,0,133,56,135,137,1,329,86,0,86,415
07/10/2004,BIL,MT,ANM,WE,Towers with Radar,38,67,25,1,131,6,9,50,1,66,44,76,75,2,197,46,2,48,245
07/11/2004,BIL,MT,ANM,WE,Towers with Radar,28,42,18,0,88,16,0,73,0,89,44,42,91,0,177,72,0,72,249
07/12/2004,BIL,MT,ANM,WE,Towers with Radar,43,82,31,0,156,0,31,65,0,96,43,113,96,0,252,36,0,36,288
07/13/2004,BIL,MT,ANM,WE,Towers with Radar,52,90,34,1,177,4,28,70,4,106,56,118,104,5,283,74,12,86,369
07/14/2004,BIL,MT,ANM,WE,Towers with Radar,54,91,35,0,180,3,33,73,0,109,57,124,108,0,289,38,0,38,327
07/15/2004,BIL,MT,ANM,WE,Towers with Radar,54,92,35,1,182,0,29,50,2,81,54,121,85,3,263,26,0,26,289
07/16/2004,BIL,MT,ANM,WE,Towers with Radar,49,89,35,0,173,0,47,70,0,117,49,136,105,0,290,100,0,100,390
07/17/2004,BIL,MT,ANM,WE,Towers with Radar,42,71,28,0,141,2,33,49,0,84,44,104,77,0,225,62,0,62,287
07/18/2004,BIL,MT,ANM,WE,Towers with Radar,33,48,22,0,103,16,0,49,0,65,49,48,71,0,168,14,0,14,182
07/19/2004,BIL,MT,ANM,WE,Towers with Radar,47,79,31,0,157,1,14,72,0,87,48,93,103,0,244,58,0,58,302
07/20/2004,BIL,MT,ANM,WE,Towers with Radar,50,88,35,0,173,0,28,55,0,83,50,116,90,0,256,58,0,58,314
07/21/2004,BIL,MT,ANM,WE,Towers with Radar,54,92,36,0,182,2,28,72,0,102,56,120,108,0,284,64,0,64,348
07/22/2004,BIL,MT,ANM,WE,Towers with Radar,51,88,35,1,175,0,14,74,3,91,51,102,109,4,266,60,0,60,326
07/23/2004,BIL,MT,ANM,WE,Towers with Radar,60,102,40,0,202,1,15,100,0,116,61,117,140,0,318,60,0,60,378
07/24/2004,BIL,MT,ANM,WE,Towers with Radar,45,75,30,0,150,1,11,101,2,115,46,86,131,2,265,68,0,68,333
07/25/2004,BIL,MT,ANM,WE,Towers with Radar,32,36,21,0,89,7,0,103,2,112,39,36,124,2,201,40,0,40,241
07/26/2004,BIL,MT,ANM,WE,Towers with Radar,37,71,27,0,135,0,30,58,1,89,37,101,85,1,224,28,22,50,274
07/27/2004,BIL,MT,ANM,WE,Towers with Radar,58,104,41,1,204,0,0,93,3,96,58,104,134,4,300,56,0,56,356
07/28/2004,BIL,MT,ANM,WE,Towers with Radar,60,101,39,1,201,0,19,63,4,86,60,120,102,5,287,58,0,58,345
07/29/2004,BIL,MT,ANM,WE,Towers with Radar,57,126,57,0,240,0,0,162,0,162,57,126,219,0,402,46,0,46,448
07/30/2004,BIL,MT,ANM,WE,Towers with Radar,50,90,35,0,175,0,31,139,0,170,50,121,174,0,345,22,0,22,367
07/31/2004,BIL,MT,ANM,WE,Towers with Radar,46,69,29,0,144,4,0,98,0,102,50,69,127,0,246,82,0,82,328
08/01/2004,BIL,MT,ANM,WE,Towers with Radar,45,44,31,0,120,0,4,74,0,78,45,48,105,0,198,86,0,86,284
08/02/2004,BIL,MT,ANM,WE,Towers with Radar,45,75,30,0,150,1,18,80,0,99,46,93,110,0,249,38,0,38,287
08/03/2004,BIL,MT,ANM,WE,Towers with Radar,66,93,19,0,178,0,26,60,2,88,66,119,79,2,266,46,0,46,312
08/04/2004,BIL,MT,ANM,WE,Towers with Radar,58,106,35,0,199,0,18,66,0,84,58,124,101,0,283,80,0,80,363
08/05/2004,BIL,MT,ANM,WE,Towers with Radar,58,106,24,0,188,0,16,67,2,85,58,122,91,2,273,58,0,58,331
08/06/2004,BIL,MT,ANM,WE,Towers with Radar,57,94,21,2,174,0,22,68,2,92,57,116,89,4,266,66,0,66,332
08/07/2004,BIL,MT,ANM,WE,Towers with Radar,43,88,40,2,173,0,29,70,0,99,43,117,110,2,272,86,0,86,358
08/08/2004,BIL,MT,ANM,WE,Towers with Radar,44,42,30,2,118,0,7,86,2,95,44,49,116,4,213,38,4,42,255
08/09/2004,BIL,MT,ANM,WE,Towers with Radar,45,86,25,0,156,0,5,53,0,58,45,91,78,0,214,18,0,18,232
08/10/2004,BIL,MT,ANM,WE,Towers with Radar,58,76,40,0,174,0,25,84,3,112,58,101,124,3,286,34,0,34,320
08/11/2004,BIL,MT,ANM,WE,Towers with Radar,51,102,32,4,189,0,26,102,1,129,51,128,134,5,318,114,0,114,432
08/12/2004,BIL,MT,ANM,WE,Towers with Radar,54,86,46,2,188,0,18,86,0,104,54,104,132,2,292,43,2,45,337
08/13/2004,BIL,MT,ANM,WE,Towers with Radar,52,102,53,0,207,0,29,93,1,123,52,131,146,1,330,64,10,74,404
08/14/2004,BIL,MT,ANM,WE,Towers with Radar,45,73,25,0,143,0,13,59,10,82,45,86,84,10,225,18,0,18,243
08/15/2004,BIL,MT,ANM,WE,Towers with Radar,33,50,24,2,109,0,1,47,4,52,33,51,71,6,161,36,8,44,205
08/16/2004,BIL,MT,ANM,WE,Towers with Radar,40,85,21,10,156,0,17,58,3,78,40,102,79,13,234,22,6,28,262
08/17/2004,BIL,MT,ANM,WE,Towers with Radar,45,109,24,2,180,0,22,43,0,65,45,131,67,2,245,52,0,52,297
08/18/2004,BIL,MT,ANM,WE,Towers with Radar,44,109,40,0,193,0,21,48,0,69,44,130,88,0,262,54,0,54,316
08/19/2004,BIL,MT,ANM,WE,Towers with Radar,46,101,27,0,174,0,21,70,0,91,46,122,97,0,265,30,0,30,295
08/20/2004,BIL,MT,ANM,WE,Towers with Radar,55,109,51,0,215,0,24,101,0,125,55,133,152,0,340,146,0,146,486
08/21/2004,BIL,MT,ANM,WE,Towers with Radar,36,73,34,0,143,0,11,88,0,99,36,84,122,0,242,64,0,64,306
08/22/2004,BIL,MT,ANM,WE,Towers with Radar,33,40,52,0,125,0,3,40,0,43,33,43,92,0,168,56,0,56,224
08/23/2004,BIL,MT,ANM,WE,Towers with Radar,37,101,46,0,184,0,19,30,0,49,37,120,76,0,233,50,0,50,283
08/24/2004,BIL,MT,ANM,WE,Towers with Radar,44,105,36,0,185,0,25,63,0,88,44,130,99,0,273,76,0,76,349
08/25/2004,BIL,MT,ANM,WE,Towers with Radar,44,108,44,0,196,0,11,46,0,57,44,119,90,0,253,52,0,52,305
08/26/2004,BIL,MT,ANM,WE,Towers with Radar,50,114,17,0,181,0,12,41,0,53,50,126,58,0,234,42,0,42,276
08/27/2004,BIL,MT,ANM,WE,Towers with Radar,52,114,18,0,184,0,18,61,0,79,52,132,79,0,263,52,0,52,315
08/28/2004,BIL,MT,ANM,WE,Towers with Radar,38,75,26,1,140,0,11,79,1,91,38,86,105,2,231,64,0,64,295
08/29/2004,BIL,MT,ANM,WE,Towers with Radar,44,43,78,0,165,0,5,0,0,5,44,48,78,0,170,0,0,0,170
08/30/2004,BIL,MT,ANM,WE,Towers with Radar,36,88,26,3,153,0,18,63,0,81,36,106,89,3,234,26,0,26,260
08/31/2004,BIL,MT,ANM,WE,Towers with Radar,44,110,23,0,177,0,23,57,0,80,44,133,80,0,257,50,0,50,307
09/01/2004,BIL,MT,ANM,WE,Towers with Radar,45,102,45,0,192,2,11,82,0,95,47,113,127,0,287,58,0,58,345
09/02/2004,BIL,MT,ANM,WE,Towers with Radar,38,88,37,0,163,12,15,38,0,65,50,103,75,0,228,38,0,38,266
09/03/2004,BIL,MT,ANM,WE,Towers with Radar,44,101,43,0,188,2,13,18,0,33,46,114,61,0,221,12,0,12,233
09/04/2004,BIL,MT,ANM,WE,Towers with Radar,29,68,29,0,126,5,14,96,0,115,34,82,125,0,241,42,0,42,283
09/05/2004,BIL,MT,ANM,WE,Towers with Radar,21,49,21,0,91,10,2,57,0,69,31,51,78,0,160,32,0,32,192
09/06/2004,BIL,MT,ANM,WE,Towers with Radar,25,59,25,0,109,5,66,4,0,75,30,125,29,0,184,68,0,68,252
09/07/2004,BIL,MT,ANM,WE,Towers with Radar,33,77,33,0,143,11,12,27,0,50,44,89,60,0,193,122,0,122,315
09/08/2004,BIL,MT,ANM,WE,Towers with Radar,39,98,42,0,179,0,19,72,0,91,39,117,114,0,270,94,0,94,364
09/09/2004,BIL,MT,ANM,WE,Towers with Radar,39,90,38,2,169,7,19,44,6,76,46,109,82,8,245,36,0,36,281
09/10/2004,BIL,MT,ANM,WE,Towers with Radar,35,98,42,0,175,0,22,72,0,94,35,120,114,0,269,90,0,90,359
09/11/2004,BIL,MT,ANM,WE,Towers with Radar,32,74,32,1,139,9,3,52,0,64,41,77,84,1,203,42,0,42,245
09/12/2004,BIL,MT,ANM,WE,Towers with Radar,23,50,23,1,97,2,0,56,1,59,25,50,79,2,156,14,0,14,170
09/13/2004,BIL,MT,ANM,WE,Towers with Radar,28,84,35,0,147,0,21,48,0,69,28,105,83,0,216,38,0,38,254
09/14/2004,BIL,MT,ANM,WE,Towers with Radar,39,100,43,0,182,0,30,6,0,36,39,130,49,0,218,10,0,10,228
09/15/2004,BIL,MT,ANM,WE,Towers with Radar,42,94,40,0,176,0,20,61,0,81,42,114,101,0,257,24,0,24,281
09/16/2004,BIL,MT,ANM,WE,Towers with Radar,42,93,41,1,177,5,11,51,1,68,47,104,92,2,245,40,2,42,287
09/17/2004,BIL,MT,ANM,WE,Towers with Radar,42,105,46,1,194,0,15,57,9,81,42,120,103,10,275,74,8,82,357
09/18/2004,BIL,MT,ANM,WE,Towers with Radar,36,80,35,1,152,1,14,39,1,55,37,94,74,2,207,22,0,22,229
09/19/2004,BIL,MT,ANM,WE,Towers with Radar,24,45,24,0,93,9,0,39,9,57,33,45,63,9,150,12,12,24,174
09/20/2004,BIL,MT,ANM,WE,Towers with Radar,34,83,36,0,153,0,11,1,0,12,34,94,37,0,165,2,0,2,167
09/21/2004,BIL,MT,ANM,WE,Towers with Radar,39,101,44,0,184,0,16,3,0,19,39,117,47,0,203,34,0,34,237
09/22/2004,BIL,MT,ANM,WE,Towers with Radar,42,94,41,0,177,0,21,67,0,88,42,115,108,0,265,82,0,82,347
09/23/2004,BIL,MT,ANM,WE,Towers with Radar,39,104,46,0,189,0,5,59,0,64,39,109,105,0,253,94,0,94,347
09/24/2004,BIL,MT,ANM,WE,Towers with Radar,42,100,44,1,187,0,19,79,7,105,42,119,123,8,292,48,10,58,350
09/25/2004,BIL,MT,ANM,WE,Towers with Radar,32,71,31,0,134,5,2,92,0,99,37,73,123,0,233,28,0,28,261
09/26/2004,BIL,MT,ANM,WE,Towers with Radar,25,60,28,0,113,0,0,63,4,67,25,60,91,4,180,24,0,24,204
09/27/2004,BIL,MT,ANM,WE,Towers with Radar,36,97,43,1,177,0,1,66,7,74,36,98,109,8,251,80,0,80,331
09/28/2004,BIL,MT,ANM,WE,Towers with Radar,39,98,43,1,181,0,24,67,1,92,39,122,110,2,273,42,0,42,315
09/29/2004,BIL,MT,ANM,WE,Towers with Radar,36,104,46,0,186,0,19,77,0,96,36,123,123,0,282,60,0,60,342
09/30/2004,BIL,MT,ANM,WE,Towers with Radar,47,118,52,1,218,0,4,75,3,82,47,122,127,4,300,70,2,72,372
10/01/2004,BIL,MT,ANM,WE,Towers with Radar,42,108,63,0,213,0,20,0,0,20,42,128,63,0,233,164,0,164,397
10/02/2004,BIL,MT,ANM,WE,Towers with Radar,27,79,16,0,122,0,12,113,0,125,27,91,129,0,247,38,0,38,285
10/03/2004,BIL,MT,ANM,WE,Towers with Radar,21,58,40,0,119,0,7,75,0,82,21,65,115,0,201,76,0,76,277
10/04/2004,BIL,MT,ANM,WE,Towers with Radar,27,93,36,2,158,0,15,55,0,70,27,108,91,2,228,44,0,44,272
10/05/2004,BIL,MT,ANM,WE,Towers with Radar,29,126,43,2,200,0,15,78,0,93,29,141,121,2,293,82,0,82,375
10/06/2004,BIL,MT,ANM,WE,Towers with Radar,36,109,58,0,203,0,17,73,0,90,36,126,131,0,293,48,0,48,341
10/07/2004,BIL,MT,ANM,WE,Towers with Radar,36,102,53,0,191,0,15,56,0,71,36,117,109,0,262,96,0,96,358
10/08/2004,BIL,MT,ANM,WE,Towers with Radar,30,113,69,0,212,0,20,53,0,73,30,133,122,0,285,80,0,80,365
10/09/2004,BIL,MT,ANM,WE,Towers with Radar,29,81,33,0,143,0,11,67,0,78,29,92,100,0,221,62,0,62,283
10/10/2004,BIL,MT,ANM,WE,Towers with Radar,31,48,18,0,97,0,5,37,0,42,31,53,55,0,139,14,0,14,153
10/11/2004,BIL,MT,ANM,WE,Towers with Radar,27,79,19,3,128,0,13,71,1,85,27,92,90,4,213,30,0,30,243
10/12/2004,BIL,MT,ANM,WE,Towers with Radar,29,105,47,0,181,0,20,55,0,75,29,125,102,0,256,76,0,76,332
10/13/2004,BIL,MT,ANM,WE,Towers with Radar,31,108,49,0,188,0,18,60,2,80,31,126,109,2,268,92,0,92,360
10/14/2004,BIL,MT,ANM,WE,Towers with Radar,39,108,28,0,175,0,19,39,0,58,39,127,67,0,233,24,0,24,257
10/15/2004,BIL,MT,ANM,WE,Towers with Radar,35,111,41,0,187,0,11,15,0,26,35,122,56,0,213,46,0,46,259
10/16/2004,BIL,MT,ANM,WE,Towers with Radar,29,82,35,0,146,0,6,43,0,49,29,88,78,0,195,80,0,80,275
10/17/2004,BIL,MT,ANM,WE,Towers with Radar,28,59,18,0,105,0,1,2,0,3,28,60,20,0,108,6,0,6,114
10/18/2004,BIL,MT,ANM,WE,Towers with Radar,27,95,17,0,139,0,0,0,0,0,27,95,17,0,139,2,0,2,141
10/19/2004,BIL,MT,ANM,WE,Towers with Radar,40,87,40,0,167,0,17,57,2,76,40,104,97,2,243,83,0,83,326
10/20/2004,BIL,MT,ANM,WE,Towers with Radar,31,117,16,0,164,0,6,3,2,11,31,123,19,2,175,0,0,0,175
10/21/2004,BIL,MT,ANM,WE,Towers with Radar,47,94,35,0,176,0,6,25,0,31,47,100,60,0,207,72,0,72,279
10/22/2004,BIL,MT,ANM,WE,Towers with Radar,29,113,47,1,190,0,20,48,0,68,29,133,95,1,258,44,0,44,302
10/23/2004,BIL,MT,ANM,WE,Towers with Radar,29,80,18,0,127,0,4,36,0,40,29,84,54,0,167,6,0,6,173
10/24/2004,BIL,MT,ANM,WE,Towers with Radar,27,47,27,0,101,0,2,34,0,36,27,49,61,0,137,12,0,12,149
10/25/2004,BIL,MT,ANM,WE,Towers with Radar,34,87,38,0,159,0,8,28,0,36,34,95,66,0,195,62,0,62,257
10/26/2004,BIL,MT,ANM,WE,Towers with Radar,32,104,50,0,186,0,21,55,0,76,32,125,105,0,262,22,0,22,284
10/27/2004,BIL,MT,ANM,WE,Towers with Radar,45,109,54,0,208,0,23,46,0,69,45,132,100,0,277,380,0,380,657
10/28/2004,BIL,MT,ANM,WE,Towers with Radar,37,94,25,0,156,0,15,33,2,50,37,109,58,2,206,36,0,36,242
10/29/2004,BIL,MT,ANM,WE,Towers with Radar,36,117,29,0,182,0,13,30,0,43,36,130,59,0,225,2,0,2,227
10/30/2004,BIL,MT,ANM,WE,Towers with Radar,42,71,22,0,135,1,5,78,0,84,43,76,100,0,219,36,0,36,255
10/31/2004,BIL,MT,ANM,WE,Towers with Radar,28,44,29,0,101,0,0,28,0,28,28,44,57,0,129,0,0,0,129
11/01/2004,BIL,MT,ANM,WE,Combined TRACON& Tower with Radar,31,84,33,0,148,0,8,35,0,43,31,92,68,0,191,22,0,22,213
11/02/2004,BIL,MT,ANM,WE,Combined TRACON& Tower with Radar,32,106,13,0,151,0,13,20,0,33,32,119,33,0,184,34,0,34,218
11/03/2004,BIL,MT,ANM,WE,Combined TRACON& Tower with Radar,35,100,35,0,170,0,8,19,1,28,35,108,54,1,198,16,0,16,214
11/04/2004,BIL,MT,ANM,WE,Combined TRACON& Tower with Radar,38,87,41,2,168,0,12,41,4,57,38,99,82,6,225,32,0,32,257
11/05/2004,BIL,MT,ANM,WE,Combined TRACON& Tower with Radar,35,98,42,0,175,0,15,38,0,53,35,113,80,0,228,30,0,30,258
11/06/2004,BIL,MT,ANM,WE,Combined TRACON& Tower with Radar,30,83,23,0,136,0,17,44,0,61,30,100,67,0,197,114,0,114,311
11/07/2004,BIL,MT,ANM,WE,Combined TRACON& Tower with Radar,24,43,21,0,88,0,4,60,0,64,24,47,81,0,152,60,0,60,212
11/08/2004,BIL,MT,ANM,WE,Combined TRACON& Tower with Radar,25,75,37,0,137,0,14,58,0,72,25,89,95,0,209,40,0,40,249
11/09/2004,BIL,MT,ANM,WE,Combined TRACON& Tower with Radar,35,95,50,0,180,0,16,38,0,54,35,111,88,0,234,60,0,60,294
11/10/2004,BIL,MT,ANM,WE,Combined TRACON& Tower with Radar,32,90,36,2,160,288,14,21,0,323,320,104,57,2,483,260,0,260,743
11/11/2004,BIL,MT,ANM,WE,Combined TRACON& Tower with Radar,34,94,39,0,167,0,14,71,0,85,34,108,110,0,252,66,0,66,318
11/12/2004,BIL,MT,ANM,WE,Combined TRACON& Tower with Radar,32,104,47,2,185,0,20,80,0,100,32,124,127,2,285,58,0,58,343
11/13/2004,BIL,MT,ANM,WE,Combined TRACON& Tower with Radar,21,83,40,0,144,0,3,70,0,73,21,86,110,0,217,66,0,66,283
11/14/2004,BIL,MT,ANM,WE,Combined TRACON& Tower with Radar,16,47,54,0,117,0,4,69,0,73,16,51,123,0,190,48,0,48,238
11/15/2004,BIL,MT,ANM,WE,Combined TRACON& Tower with Radar,26,79,33,0,138,0,18,50,0,68,26,97,83,0,206,32,0,32,238
11/16/2004,BIL,MT,ANM,WE,Combined TRACON& Tower with Radar,34,109,41,2,186,0,21,44,0,65,34,130,85,2,251,34,0,34,285
11/17/2004,BIL,MT,ANM,WE,Combined TRACON& Tower with Radar,31,108,45,0,184,0,14,57,0,71,31,122,102,0,255,32,0,32,287
11/18/2004,BIL,MT,ANM,WE,Combined TRACON& Tower with Radar,30,105,47,0,182,0,15,44,0,59,30,120,91,0,241,30,0,30,271
11/19/2004,BIL,MT,ANM,WE,Combined TRACON& Tower with Radar,42,11,35,0,88,0,0,33,0,33,42,11,68,0,121,22,0,22,143
11/20/2004,BIL,MT,ANM,WE,Combined TRACON& Tower with Radar,28,90,26,0,144,0,1,31,0,32,28,91,57,0,176,34,0,34,210
11/21/2004,BIL,MT,ANM,WE,Combined TRACON& Tower with Radar,26,45,8,0,79,0,2,46,0,48,26,47,54,0,127,14,0,14,141
11/22/2004,BIL,MT,ANM,WE,Combined TRACON& Tower with Radar,31,100,29,0,160,0,1,24,0,25,31,101,53,0,185,60,0,60,245
11/23/2004,BIL,MT,ANM,WE,Combined TRACON& Tower with Radar,42,103,39,0,184,0,15,18,0,33,42,118,57,0,217,28,0,28,245
11/24/2004,BIL,MT,ANM,WE,Combined TRACON& Tower with Radar,42,107,27,0,176,0,13,29,0,42,42,120,56,0,218,28,0,28,246
11/25/2004,BIL,MT,ANM,WE,Combined TRACON& Tower with Radar,19,49,3,0,71,0,4,13,0,17,19,53,16,0,88,0,0,0,88
11/26/2004,BIL,MT,ANM,WE,Combined TRACON& Tower with Radar,29,100,43,0,172,0,15,22,0,37,29,115,65,0,209,40,0,40,249
11/27/2004,BIL,MT,ANM,WE,Combined TRACON& Tower with Radar,36,56,19,0,111,0,12,37,0,49,36,68,56,0,160,34,0,34,194
11/28/2004,BIL,MT,ANM,WE,Combined TRACON& Tower with Radar,27,49,28,0,104,0,6,22,0,28,27,55,50,0,132,6,0,6,138
11/29/2004,BIL,MT,ANM,WE,Combined TRACON& Tower with Radar,33,85,29,0,147,0,14,62,0,76,33,99,91,0,223,26,0,26,249
11/30/2004,BIL,MT,ANM,WE,Combined TRACON& Tower with Radar,31,102,41,0,174,0,19,46,1,66,31,121,87,1,240,68,0,68,308
12/01/2004,BIL,MT,ANM,WE,Combined TRACON& Tower with Radar,35,89,42,5,171,0,12,45,2,59,35,101,87,7,230,106,16,122,352
12/02/2004,BIL,MT,ANM,WE,Combined TRACON& Tower with Radar,47,90,35,0,172,0,18,38,0,56,47,108,73,0,228,76,0,76,304
12/03/2004,BIL,MT,ANM,WE,Combined TRACON& Tower with Radar,28,103,26,0,157,0,22,34,2,58,28,125,60,2,215,8,0,8,223
12/04/2004,BIL,MT,ANM,WE,Combined TRACON& Tower with Radar,33,72,41,0,146,0,4,43,0,47,33,76,84,0,193,58,0,58,251
12/05/2004,BIL,MT,ANM,WE,Combined TRACON& Tower with Radar,24,58,54,0,136,0,6,36,0,42,24,64,90,0,178,71,0,71,249
12/06/2004,BIL,MT,ANM,WE,Combined TRACON& Tower with Radar,31,81,31,0,143,0,8,33,0,41,31,89,64,0,184,34,0,34,218
12/07/2004,BIL,MT,ANM,WE,Combined TRACON& Tower with Radar,35,99,38,2,174,0,13,37,0,50,35,112,75,2,224,40,0,40,264
12/08/2004,BIL,MT,ANM,WE,Combined TRACON& Tower with Radar,39,112,79,4,234,0,10,0,0,10,39,122,79,4,244,36,0,36,280
12/09/2004,BIL,MT,ANM,WE,Combined TRACON& Tower with Radar,35,100,24,0,159,0,15,24,0,39,35,115,48,0,198,12,0,12,210
12/10/2004,BIL,MT,ANM,WE,Combined TRACON& Tower with Radar,39,102,44,0,185,0,18,57,0,75,39,120,101,0,260,64,0,64,324
12/11/2004,BIL,MT,ANM,WE,Combined TRACON& Tower with Radar,26,80,14,0,120,0,14,38,0,52,26,94,52,0,172,30,0,30,202
12/12/2004,BIL,MT,ANM,WE,Combined TRACON& Tower with Radar,29,54,54,0,137,0,1,44,0,45,29,55,98,0,182,176,0,176,358
12/13/2004,BIL,MT,ANM,WE,Combined TRACON& Tower with Radar,30,97,61,2,190,0,11,60,2,73,30,108,121,4,263,92,0,92,355
12/14/2004,BIL,MT,ANM,WE,Combined TRACON& Tower with Radar,43,115,34,0,192,0,20,46,0,66,43,135,80,0,258,72,0,72,330
12/15/2004,BIL,MT,ANM,WE,Combined TRACON& Tower with Radar,42,103,54,0,199,0,14,4,4,22,42,117,58,4,221,84,0,84,305
12/16/2004,BIL,MT,ANM,WE,Combined TRACON& Tower with Radar,49,97,43,0,189,0,15,41,0,56,49,112,84,0,245,24,0,24,269
12/17/2004,BIL,MT,ANM,WE,Combined TRACON& Tower with Radar,49,100,31,2,182,0,18,30,0,48,49,118,61,2,230,24,0,24,254
12/18/2004,BIL,MT,ANM,WE,Combined TRACON& Tower with Radar,32,74,24,0,130,0,3,70,0,73,32,77,94,0,203,62,0,62,265
12/19/2004,BIL,MT,ANM,WE,Combined TRACON& Tower with Radar,33,45,20,0,98,0,2,26,0,28,33,47,46,0,126,38,0,38,164
12/20/2004,BIL,MT,ANM,WE,Combined TRACON& Tower with Radar,32,95,24,0,151,0,8,16,0,24,32,103,40,0,175,6,0,6,181
12/21/2004,BIL,MT,ANM,WE,Combined TRACON& Tower with Radar,49,119,19,0,187,0,7,0,0,7,49,126,19,0,194,4,0,4,198
12/22/2004,BIL,MT,ANM,WE,Combined TRACON& Tower with Radar,45,134,14,0,193,0,0,0,0,0,45,134,14,0,193,0,0,0,193
12/23/2004,BIL,MT,ANM,WE,Combined TRACON& Tower with Radar,35,107,19,0,161,0,15,17,0,32,35,122,36,0,193,16,0,16,209
12/24/2004,BIL,MT,ANM,WE,Combined TRACON& Tower with Radar,43,102,7,0,152,0,23,2,0,25,43,125,9,0,177,0,0,0,177
12/25/2004,BIL,MT,ANM,WE,Combined TRACON& Tower with Radar,26,43,5,0,74,0,9,14,0,23,26,52,19,0,97,30,0,30,127
12/26/2004,BIL,MT,ANM,WE,Combined TRACON& Tower with Radar,31,56,9,0,96,0,2,26,0,28,31,58,35,0,124,4,0,4,128
12/27/2004,BIL,MT,ANM,WE,Combined TRACON& Tower with Radar,0,38,17,0,55,0,0,84,21,105,0,38,101,21,160,18,0,18,178
12/28/2004,BIL,MT,ANM,WE,Combined TRACON& Tower with Radar,46,105,36,0,187,0,22,59,0,81,46,127,95,0,268,94,0,94,362
12/29/2004,BIL,MT,ANM,WE,Combined TRACON& Tower with Radar,36,111,27,0,174,0,17,59,0,76,36,128,86,0,250,30,0,30,280
12/30/2004,BIL,MT,ANM,WE,Combined TRACON& Tower with Radar,38,121,18,0,177,0,1,6,0,7,38,122,24,0,184,0,0,0,184
12/31/2004,BIL,MT,ANM,WE,Combined TRACON& Tower with Radar,41,108,10,0,159,0,1,0,0,1,41,109,10,0,160,0,0,0,160
01/01/2005,BIL,MT,ANM,WE,Combined TRACON& Tower with Radar,26,40,4,0,70,0,0,7,0,7,26,40,11,0,77,4,0,4,81
01/02/2005,BIL,MT,ANM,WE,Combined TRACON& Tower with Radar,28,56,9,0,93,0,3,17,0,20,28,59,26,0,113,2,0,2,115
01/03/2005,BIL,MT,ANM,WE,Combined TRACON& Tower with Radar,23,94,18,0,135,2,9,27,0,38,25,103,45,0,173,24,0,24,197
01/04/2005,BIL,MT,ANM,WE,Combined TRACON& Tower with Radar,34,116,22,0,172,0,5,3,0,8,34,121,25,0,180,0,0,0,180
01/05/2005,BIL,MT,ANM,WE,Combined TRACON& Tower with Radar,35,97,31,0,163,0,12,28,0,40,35,109,59,0,203,30,0,30,233
01/06/2005,BIL,MT,ANM,WE,Combined TRACON& Tower with Radar,33,103,23,2,161,0,19,31,0,50,33,122,54,2,211,34,6,40,251
01/07/2005,BIL,MT,ANM,WE,Combined TRACON& Tower with Radar,29,116,18,0,163,0,0,0,0,0,29,116,18,0,163,4,0,4,167
01/08/2005,BIL,MT,ANM,WE,Combined TRACON& Tower with Radar,25,82,21,0,128,0,0,18,0,18,25,82,39,0,146,38,0,38,184
01/09/2005,BIL,MT,ANM,WE,Combined TRACON& Tower with Radar,23,42,18,0,83,0,0,4,0,4,23,42,22,0,87,26,0,26,113
01/10/2005,BIL,MT,ANM,WE,Combined TRACON& Tower with Radar,26,79,42,0,147,0,9,27,0,36,26,88,69,0,183,0,34,34,217
01/11/2005,BIL,MT,ANM,WE,Combined TRACON& Tower with Radar,28,101,41,0,170,0,13,44,0,57,28,114,85,0,227,74,0,74,301
01/12/2005,BIL,MT,ANM,WE,Combined TRACON& Tower with Radar,37,102,26,0,165,0,7,15,0,22,37,109,41,0,187,36,0,36,223
01/13/2005,BIL,MT,ANM,WE,Combined TRACON& Tower with Radar,29,111,12,1,153,0,0,0,0,0,29,111,12,1,153,0,0,0,153
01/14/2005,BIL,MT,ANM,WE,Combined TRACON& Tower with Radar,30,112,16,0,158,0,8,2,0,10,30,120,18,0,168,0,0,0,168
01/15/2005,BIL,MT,ANM,WE,Combined TRACON& Tower with Radar,21,78,4,0,103,0,6,21,0,27,21,84,25,0,130,14,0,14,144
01/16/2005,BIL,MT,ANM,WE,Combined TRACON& Tower with Radar,25,33,8,0,66,0,3,5,0,8,25,36,13,0,74,10,0,10,84
01/17/2005,BIL,MT,ANM,WE,Combined TRACON& Tower with Radar,33,72,31,0,136,0,7,22,0,29,33,79,53,0,165,36,0,36,201
01/18/2005,BIL,MT,ANM,WE,Combined TRACON& Tower with Radar,31,104,36,0,171,0,20,30,2,52,31,124,66,2,223,38,10,48,271
01/19/2005,BIL,MT,ANM,WE,Combined TRACON& Tower with Radar,31,110,68,0,209,0,0,0,0,0,31,110,68,0,209,24,0,24,233
01/20/2005,BIL,MT,ANM,WE,Combined TRACON& Tower with Radar,37,92,63,0,192,0,18,48,0,66,37,110,111,0,258,82,0,82,340
01/21/2005,BIL,MT,ANM,WE,Combined TRACON& Tower with Radar,33,117,51,0,201,0,12,27,0,39,33,129,78,0,240,32,0,32,272
01/22/2005,BIL,MT,ANM,WE,Combined TRACON& Tower with Radar,22,87,43,0,152,0,2,55,0,57,22,89,98,0,209,94,0,94,303
01/23/2005,BIL,MT,ANM,WE,Combined TRACON& Tower with Radar,24,52,53,6,135,0,20,51,0,71,24,72,104,6,206,60,10,70,276
01/24/2005,BIL,MT,ANM,WE,Combined TRACON& Tower with Radar,28,90,46,0,164,0,18,50,0,68,28,108,96,0,232,24,0,24,256
01/25/2005,BIL,MT,ANM,WE,Combined TRACON& Tower with Radar,32,94,41,0,167,0,17,57,0,74,32,111,98,0,241,34,0,34,275
01/26/2005,BIL,MT,ANM,WE,Combined TRACON& Tower with Radar,28,128,87,1,244,0,0,0,0,0,28,128,87,1,244,48,0,48,292
01/27/2005,BIL,MT,ANM,WE,Combined TRACON& Tower with Radar,36,88,67,0,191,0,15,63,0,78,36,103,130,0,269,60,0,60,329
01/28/2005,BIL,MT,ANM,WE,Combined TRACON& Tower with Radar,32,109,87,0,228,0,15,55,2,72,32,124,142,2,300,86,0,86,386
01/29/2005,BIL,MT,ANM,WE,Combined TRACON& Tower with Radar,17,71,31,0,119,0,11,4,0,15,17,82,35,0,134,18,0,18,152
01/30/2005,BIL,MT,ANM,WE,Combined TRACON& Tower with Radar,26,40,33,2,101,0,6,42,0,48,26,46,75,2,149,74,0,74,223
01/31/2005,BIL,MT,ANM,WE,Combined TRACON& Tower with Radar,24,88,53,0,165,0,10,57,0,67,24,98,110,0,232,28,0,28,260
02/01/2005,BIL,MT,ANM,WE,Combined TRACON& Tower with Radar,37,103,27,2,169,0,17,39,0,56,37,120,66,2,225,58,0,58,283
02/02/2005,BIL,MT,ANM,WE,Combined TRACON& Tower with Radar,31,44,0,0,75,0,67,72,0,139,31,111,72,0,214,14,0,14,228
02/03/2005,BIL,MT,ANM,WE,Combined TRACON& Tower with Radar,39,96,37,2,174,0,18,48,0,66,39,114,85,2,240,22,0,22,262
02/04/2005,BIL,MT,ANM,WE,Combined TRACON& Tower with Radar,36,92,47,1,176,0,22,34,0,56,36,114,81,1,232,42,0,42,274
02/05/2005,BIL,MT,ANM,WE,Combined TRACON& Tower with Radar,22,73,17,0,112,0,4,12,0,16,22,77,29,0,128,18,0,18,146
02/06/2005,BIL,MT,ANM,WE,Combined TRACON& Tower with Radar,29,43,8,0,80,0,0,24,0,24,29,43,32,0,104,4,0,4,108
02/07/2005,BIL,MT,ANM,WE,Combined TRACON& Tower with Radar,31,98,20,0,149,0,2,1,0,3,31,100,21,0,152,0,0,0,152
02/08/2005,BIL,MT,ANM,WE,Combined TRACON& Tower with Radar,28,109,58,1,196,0,15,50,1,66,28,124,108,2,262,42,2,44,306
02/09/2005,BIL,MT,ANM,WE,Combined TRACON& Tower with Radar,35,91,52,0,178,0,14,62,0,76,35,105,114,0,254,40,0,40,294
02/10/2005,BIL,MT,ANM,WE,Combined TRACON& Tower with Radar,39,105,52,1,197,0,15,92,0,107,39,120,144,1,304,84,0,84,388
02/11/2005,BIL,MT,ANM,WE,Combined TRACON& Tower with Radar,38,88,43,1,170,0,17,71,0,88,38,105,114,1,258,90,0,90,348
02/12/2005,BIL,MT,ANM,WE,Combined TRACON& Tower with Radar,32,73,26,0,131,0,8,89,1,98,32,81,115,1,229,70,4,74,303
02/13/2005,BIL,MT,ANM,WE,Combined TRACON& Tower with Radar,26,46,27,0,99,0,2,47,1,50,26,48,74,1,149,66,0,66,215
02/14/2005,BIL,MT,ANM,WE,Combined TRACON& Tower with Radar,23,87,50,0,160,0,7,40,1,48,23,94,90,1,208,46,0,46,254
02/15/2005,BIL,MT,ANM,WE,Combined TRACON& Tower with Radar,24,101,77,0,202,0,17,61,0,78,24,118,138,0,280,40,0,40,320
02/16/2005,BIL,MT,ANM,WE,Combined TRACON& Tower with Radar,26,114,49,0,189,0,19,47,0,66,26,133,96,0,255,56,0,56,311
02/17/2005,BIL,MT,ANM,WE,Combined TRACON& Tower with Radar,27,38,0,0,65,0,76,105,0,181,27,114,105,0,246,140,0,140,386
02/18/2005,BIL,MT,ANM,WE,Combined TRACON& Tower with Radar,35,117,35,0,187,0,21,58,0,79,35,138,93,0,266,76,0,76,342
02/19/2005,BIL,MT,ANM,WE,Combined TRACON& Tower with Radar,20,83,24,5,132,0,11,69,0,80,20,94,93,5,212,102,2,104,316
02/20/2005,BIL,MT,ANM,WE,Combined TRACON& Tower with Radar,23,45,21,0,89,0,7,28,0,35,23,52,49,0,124,44,0,44,168
02/21/2005,BIL,MT,ANM,WE,Combined TRACON& Tower with Radar,31,84,38,0,153,0,10,40,0,50,31,94,78,0,203,62,0,62,265
02/22/2005,BIL,MT,ANM,WE,Combined TRACON& Tower with Radar,34,90,45,0,169,0,19,50,0,69,34,109,95,0,238,76,0,76,314
02/23/2005,BIL,MT,ANM,WE,Combined TRACON& Tower with Radar,37,100,59,0,196,0,16,67,0,83,37,116,126,0,279,54,0,54,333
02/24/2005,BIL,MT,ANM,WE,Combined TRACON& Tower with Radar,33,63,53,0,149,0,26,77,1,104,33,89,130,1,253,88,0,88,341
02/25/2005,BIL,MT,ANM,WE,Combined TRACON& Tower with Radar,48,85,39,3,175,0,14,105,0,119,48,99,144,3,294,58,4,62,356
02/26/2005,BIL,MT,ANM,WE,Combined TRACON& Tower with Radar,22,87,14,0,123,0,7,81,1,89,22,94,95,1,212,12,0,12,224
02/27/2005,BIL,MT,ANM,WE,Combined TRACON& Tower with Radar,26,43,23,1,93,0,3,58,0,61,26,46,81,1,154,106,0,106,260
02/28/2005,BIL,MT,ANM,WE,Combined TRACON& Tower with Radar,32,97,68,1,198,0,0,0,0,0,32,97,68,1,198,82,0,82,280
03/01/2005,BIL,MT,ANM,WE,Combined TRACON& Tower with Radar,27,113,21,1,162,0,35,35,1,71,27,148,56,2,233,34,0,34,267
03/02/2005,BIL,MT,ANM,WE,Combined TRACON& Tower with Radar,28,112,40,0,180,0,15,63,0,78,28,127,103,0,258,94,0,94,352
03/03/2005,BIL,MT,ANM,WE,Combined TRACON& Tower with Radar,36,107,26,0,169,0,18,49,0,67,36,125,75,0,236,82,0,82,318
03/04/2005,BIL,MT,ANM,WE,Combined TRACON& Tower with Radar,35,107,24,4,170,0,23,80,0,103,35,130,104,4,273,70,6,76,349
03/05/2005,BIL,MT,ANM,WE,Combined TRACON& Tower with Radar,22,86,35,0,143,0,7,68,0,75,22,93,103,0,218,70,0,70,288
03/06/2005,BIL,MT,ANM,WE,Combined TRACON& Tower with Radar,24,49,12,0,85,0,2,19,0,21,24,51,31,0,106,2,0,2,108
03/07/2005,BIL,MT,ANM,WE,Combined TRACON& Tower with Radar,23,93,23,0,139,0,24,60,0,84,23,117,83,0,223,30,0,30,253
03/08/2005,BIL,MT,ANM,WE,Combined TRACON& Tower with Radar,28,110,25,0,163,0,27,49,0,76,28,137,74,0,239,28,0,28,267
03/09/2005,BIL,MT,ANM,WE,Combined TRACON& Tower with Radar,39,102,28,0,169,0,14,27,0,41,39,116,55,0,210,16,0,16,226
03/10/2005,BIL,MT,ANM,WE,Combined TRACON& Tower with Radar,38,106,32,0,176,0,14,34,0,48,38,120,66,0,224,14,0,14,238
03/11/2005,BIL,MT,ANM,WE,Combined TRACON& Tower with Radar,42,111,34,0,187,0,19,39,0,58,42,130,73,0,245,72,0,72,317
03/12/2005,BIL,MT,ANM,WE,Combined TRACON& Tower with Radar,20,94,7,0,121,0,4,7,0,11,20,98,14,0,132,10,0,10,142
03/13/2005,BIL,MT,ANM,WE,Combined TRACON& Tower with Radar,26,46,34,0,106,0,4,18,0,22,26,50,52,0,128,0,0,0,128
03/14/2005,BIL,MT,ANM,WE,Combined TRACON& Tower with Radar,33,93,39,0,165,0,0,10,0,10,33,93,49,0,175,24,0,24,199
03/15/2005,BIL,MT,ANM,WE,Combined TRACON& Tower with Radar,28,114,42,2,186,0,7,9,0,16,28,121,51,2,202,14,0,14,216
03/16/2005,BIL,MT,ANM,WE,Combined TRACON& Tower with Radar,31,110,72,2,215,0,15,75,0,90,31,125,147,2,305,56,0,56,361
03/17/2005,BIL,MT,ANM,WE,Combined TRACON& Tower with Radar,38,124,32,0,194,0,4,0,0,4,38,128,32,0,198,30,0,30,228
03/18/2005,BIL,MT,ANM,WE,Combined TRACON& Tower with Radar,38,125,34,0,197,0,0,26,0,26,38,125,60,0,223,44,0,44,267
03/19/2005,BIL,MT,ANM,WE,Combined TRACON& Tower with Radar,22,85,46,2,155,0,3,20,0,23,22,88,66,2,178,102,0,102,280
03/20/2005,BIL,MT,ANM,WE,Combined TRACON& Tower with Radar,24,42,44,1,111,0,7,62,3,72,24,49,106,4,183,80,0,80,263
03/21/2005,BIL,MT,ANM,WE,Combined TRACON& Tower with Radar,25,105,62,0,192,0,21,19,2,42,25,126,81,2,234,107,0,107,341
03/22/2005,BIL,MT,ANM,WE,Combined TRACON& Tower with Radar,33,105,61,0,199,0,8,61,2,71,33,113,122,2,270,108,0,108,378
03/23/2005,BIL,MT,ANM,WE,Combined TRACON& Tower with Radar,28,126,17,0,171,0,3,4,1,8,28,129,21,1,179,2,0,2,181
03/24/2005,BIL,MT,ANM,WE,Combined TRACON& Tower with Radar,40,111,20,4,175,0,0,0,0,0,40,111,20,4,175,0,0,0,175
03/25/2005,BIL,MT,ANM,WE,Combined TRACON& Tower with Radar,37,128,66,2,233,0,15,46,0,61,37,143,112,2,294,136,0,136,430
03/26/2005,BIL,MT,ANM,WE,Combined TRACON& Tower with Radar,28,66,27,2,123,0,8,59,0,67,28,74,86,2,190,58,0,58,248
03/27/2005,BIL,MT,ANM,WE,Combined TRACON& Tower with Radar,25,38,10,0,73,0,10,13,0,23,25,48,23,0,96,8,0,8,104
03/28/2005,BIL,MT,ANM,WE,Combined TRACON& Tower with Radar,20,96,61,4,181,0,12,38,0,50,20,108,99,4,231,24,0,24,255
03/29/2005,BIL,MT,ANM,WE,Combined TRACON& Tower with Radar,33,119,45,3,200,0,24,43,0,67,33,143,88,3,267,66,0,66,333
03/30/2005,BIL,MT,ANM,WE,Combined TRACON& Tower with Radar,32,112,31,2,177,0,27,52,0,79,32,139,83,2,256,64,0,64,320
03/31/2005,BIL,MT,ANM,WE,Combined TRACON& Tower with Radar,28,109,60,0,197,0,25,74,0,99,28,134,134,0,296,66,0,66,362
04/01/2005,BIL,MT,ANM,WE,Combined TRACON& Tower with Radar,35,102,59,0,196,0,26,68,0,94,35,128,127,0,290,72,0,72,362
04/02/2005,BIL,MT,ANM,WE,Combined TRACON& Tower with Radar,19,88,32,0,139,0,17,82,0,99,19,105,114,0,238,126,0,126,364
04/03/2005,BIL,MT,ANM,WE,Combined TRACON& Tower with Radar,18,62,17,0,97,0,10,59,0,69,18,72,76,0,166,80,0,80,246
04/04/2005,BIL,MT,ANM,WE,Combined TRACON& Tower with Radar,22,89,18,1,130,0,11,25,0,36,22,100,43,1,166,26,0,26,192
04/05/2005,BIL,MT,ANM,WE,Combined TRACON& Tower with Radar,31,114,58,0,203,0,14,54,0,68,31,128,112,0,271,80,0,80,351
04/06/2005,BIL,MT,ANM,WE,Combined TRACON& Tower with Radar,41,102,50,0,193,0,29,20,0,49,41,131,70,0,242,140,0,140,382
04/07/2005,BIL,MT,ANM,WE,Combined TRACON& Tower with Radar,37,127,54,0,218,0,30,56,0,86,37,157,110,0,304,136,0,136,440
04/08/2005,BIL,MT,ANM,WE,Combined TRACON& Tower with Radar,38,109,31,1,179,0,15,76,0,91,38,124,107,1,270,116,0,116,386
04/09/2005,BIL,MT,ANM,WE,Combined TRACON& Tower with Radar,26,81,18,1,126,0,1,14,0,15,26,82,32,1,141,4,0,4,145
04/10/2005,BIL,MT,ANM,WE,Combined TRACON& Tower with Radar,19,45,5,0,69,0,4,33,0,37,19,49,38,0,106,44,0,44,150
04/11/2005,BIL,MT,ANM,WE,Combined TRACON& Tower with Radar,38,86,38,0,162,0,15,74,3,92,38,101,112,3,254,82,0,82,336
04/12/2005,BIL,MT,ANM,WE,Combined TRACON& Tower with Radar,32,109,65,0,206,0,23,86,0,109,32,132,151,0,315,88,0,88,403
04/13/2005,BIL,MT,ANM,WE,Combined TRACON& Tower with Radar,30,117,37,0,184,0,20,54,0,74,30,137,91,0,258,90,0,90,348
04/14/2005,BIL,MT,ANM,WE,Combined TRACON& Tower with Radar,40,84,24,0,148,0,14,15,0,29,40,98,39,0,177,6,0,6,183
04/15/2005,BIL,MT,ANM,WE,Combined TRACON& Tower with Radar,41,91,49,0,181,0,25,84,0,109,41,116,133,0,290,122,0,122,412
04/16/2005,BIL,MT,ANM,WE,Combined TRACON& Tower with Radar,28,70,21,0,119,0,8,98,0,106,28,78,119,0,225,80,0,80,305
04/17/2005,BIL,MT,ANM,WE,Combined TRACON& Tower with Radar,28,39,7,0,74,0,2,34,0,36,28,41,41,0,110,74,0,74,184
04/18/2005,BIL,MT,ANM,WE,Combined TRACON& Tower with Radar,28,88,40,0,156,0,1,14,0,15,28,89,54,0,171,24,0,24,195
04/19/2005,BIL,MT,ANM,WE,Combined TRACON& Tower with Radar,27,109,30,0,166,0,0,0,0,0,27,109,30,0,166,0,0,0,166
04/20/2005,BIL,MT,ANM,WE,Combined TRACON& Tower with Radar,15,47,3,0,65,0,0,0,0,0,15,47,3,0,65,0,0,0,65
04/21/2005,BIL,MT,ANM,WE,Combined TRACON& Tower with Radar,42,133,19,0,194,0,3,1,0,4,42,136,20,0,198,6,0,6,204
04/22/2005,BIL,MT,ANM,WE,Combined TRACON& Tower with Radar,36,96,75,0,207,0,16,100,0,116,36,112,175,0,323,134,0,134,457
04/23/2005,BIL,MT,ANM,WE,Combined TRACON& Tower with Radar,38,67,59,0,164,0,8,88,0,96,38,75,147,0,260,162,0,162,422
04/24/2005,BIL,MT,ANM,WE,Combined TRACON& Tower with Radar,25,44,36,2,107,0,7,62,0,69,25,51,98,2,176,78,6,84,260
04/25/2005,BIL,MT,ANM,WE,Combined TRACON& Tower with Radar,29,74,52,0,155,0,9,59,0,68,29,83,111,0,223,72,0,72,295
04/26/2005,BIL,MT,ANM,WE,Combined TRACON& Tower with Radar,39,102,40,0,181,0,20,31,0,51,39,122,71,0,232,44,0,44,276
04/27/2005,BIL,MT,ANM,WE,Combined TRACON& Tower with Radar,32,101,27,0,160,0,7,0,0,7,32,108,27,0,167,0,0,0,167
04/28/2005,BIL,MT,ANM,WE,Combined TRACON& Tower with Radar,41,101,37,1,180,0,9,18,4,31,41,110,55,5,211,34,0,34,245
04/29/2005,BIL,MT,ANM,WE,Combined TRACON& Tower with Radar,41,103,48,0,192,0,17,41,2,60,41,120,89,2,252,96,0,96,348
04/30/2005,BIL,MT,ANM,WE,Combined TRACON& Tower with Radar,35,69,36,0,140,0,4,21,0,25,35,73,57,0,165,52,0,52,217
05/01/2005,BIL,MT,ANM,WE,Combined TRACON& Tower with Radar,23,46,32,0,101,0,2,42,4,48,23,48,74,4,149,48,0,48,197
05/02/2005,BIL,MT,ANM,WE,Combined TRACON& Tower with Radar,27,99,30,0,156,0,18,70,2,90,27,117,100,2,246,108,0,108,354
05/03/2005,BIL,MT,ANM,WE,Combined TRACON& Tower with Radar,36,94,57,0,187,0,20,70,0,90,36,114,127,0,277,128,0,128,405
05/04/2005,BIL,MT,ANM,WE,Combined TRACON& Tower with Radar,34,99,53,0,186,0,22,67,0,89,34,121,120,0,275,144,0,144,419
05/05/2005,BIL,MT,ANM,WE,Combined TRACON& Tower with Radar,32,102,42,1,177,0,18,82,0,100,32,120,124,1,277,130,0,130,407
05/06/2005,BIL,MT,ANM,WE,Combined TRACON& Tower with Radar,37,114,40,0,191,0,22,77,0,99,37,136,117,0,290,62,0,62,352
05/07/2005,BIL,MT,ANM,WE,Combined TRACON& Tower with Radar,37,62,21,0,120,0,3,19,0,22,37,65,40,0,142,44,0,44,186
05/08/2005,BIL,MT,ANM,WE,Combined TRACON& Tower with Radar,21,48,16,5,90,0,0,35,0,35,21,48,51,5,125,40,0,40,165
05/09/2005,BIL,MT,ANM,WE,Combined TRACON& Tower with Radar,28,88,78,0,194,0,18,59,0,77,28,106,137,0,271,100,0,100,371
05/10/2005,BIL,MT,ANM,WE,Combined TRACON& Tower with Radar,32,122,34,0,188,0,0,0,0,0,32,122,34,0,188,0,0,0,188
05/11/2005,BIL,MT,ANM,WE,Combined TRACON& Tower with Radar,0,0,0,0,0,370,106,16,0,492,370,106,16,0,492,4,0,4,496
05/12/2005,BIL,MT,ANM,WE,Combined TRACON& Tower with Radar,36,124,33,0,193,0,0,1,0,1,36,124,34,0,194,8,0,8,202
05/13/2005,BIL,MT,ANM,WE,Combined TRACON& Tower with Radar,36,96,57,0,189,0,20,63,0,83,36,116,120,0,272,56,0,56,328
05/14/2005,BIL,MT,ANM,WE,Combined TRACON& Tower with Radar,35,77,49,0,161,0,7,98,0,105,35,84,147,0,266,146,0,146,412
05/15/2005,BIL,MT,ANM,WE,Combined TRACON& Tower with Radar,25,83,10,0,118,0,7,63,2,72,25,90,73,2,190,112,0,112,302
05/16/2005,BIL,MT,ANM,WE,Combined TRACON& Tower with Radar,28,111,45,0,184,0,19,35,0,54,28,130,80,0,238,78,0,78,316
05/17/2005,BIL,MT,ANM,WE,Combined TRACON& Tower with Radar,38,105,53,0,196,0,27,15,0,42,38,132,68,0,238,54,0,54,292
05/18/2005,BIL,MT,ANM,WE,Combined TRACON& Tower with Radar,32,124,74,0,230,0,26,56,0,82,32,150,130,0,312,128,0,128,440
05/19/2005,BIL,MT,ANM,WE,Combined TRACON& Tower with Radar,31,116,51,0,198,0,15,30,0,45,31,131,81,0,243,66,0,66,309
05/20/2005,BIL,MT,ANM,WE,Combined TRACON& Tower with Radar,37,102,55,0,194,0,16,46,0,62,37,118,101,0,256,124,0,124,380
05/21/2005,BIL,MT,ANM,WE,Combined TRACON& Tower with Radar,30,77,20,0,127,0,16,47,2,65,30,93,67,2,192,38,0,38,230
05/22/2005,BIL,MT,ANM,WE,Combined TRACON& Tower with Radar,28,78,35,0,141,0,9,46,0,55,28,87,81,0,196,96,0,96,292
05/23/2005,BIL,MT,ANM,WE,Combined TRACON& Tower with Radar,32,103,46,2,183,0,25,66,0,91,32,128,112,2,274,102,0,102,376
05/24/2005,BIL,MT,ANM,WE,Combined TRACON& Tower with Radar,33,120,66,2,221,0,21,66,0,87,33,141,132,2,308,130,0,130,438
05/25/2005,BIL,MT,ANM,WE,Combined TRACON& Tower with Radar,44,100,45,1,190,0,18,50,0,68,44,118,95,1,258,54,0,54,312
05/26/2005,BIL,MT,ANM,WE,Combined TRACON& Tower with Radar,36,104,59,0,199,0,28,81,0,109,36,132,140,0,308,92,0,92,400
05/27/2005,BIL,MT,ANM,WE,Combined TRACON& Tower with Radar,42,109,41,0,192,0,26,99,0,125,42,135,140,0,317,108,0,108,425
05/28/2005,BIL,MT,ANM,WE,Combined TRACON& Tower with Radar,33,79,14,0,126,0,8,89,0,97,33,87,103,0,223,56,0,56,279
05/29/2005,BIL,MT,ANM,WE,Combined TRACON& Tower with Radar,28,34,17,0,79,0,7,48,0,55,28,41,65,0,134,113,0,113,247
05/30/2005,BIL,MT,ANM,WE,Combined TRACON& Tower with Radar,21,66,21,0,108,0,10,38,0,48,21,76,59,0,156,32,0,32,188
05/31/2005,BIL,MT,ANM,WE,Combined TRACON& Tower with Radar,29,91,54,0,174,0,18,58,0,76,29,109,112,0,250,148,0,148,398
06/01/2005,BIL,MT,ANM,WE,Combined TRACON& Tower with Radar,46,108,24,0,178,0,17,17,0,34,46,125,41,0,212,54,0,54,266
06/02/2005,BIL,MT,ANM,WE,Combined TRACON& Tower with Radar,38,121,29,0,188,0,21,48,0,69,38,142,77,0,257,86,0,86,343
06/03/2005,BIL,MT,ANM,WE,Combined TRACON& Tower with Radar,39,112,26,0,177,0,20,46,0,66,39,132,72,0,243,136,0,136,379
06/04/2005,BIL,MT,ANM,WE,Combined TRACON& Tower with Radar,33,82,14,0,129,0,7,104,0,111,33,89,118,0,240,256,0,256,496
06/05/2005,BIL,MT,ANM,WE,Combined TRACON& Tower with Radar,24,56,14,0,94,0,2,29,0,31,24,58,43,0,125,90,0,90,215
06/06/2005,BIL,MT,ANM,WE,Combined TRACON& Tower with Radar,33,102,36,0,171,0,6,45,0,51,33,108,81,0,222,30,0,30,252
06/07/2005,BIL,MT,ANM,WE,Combined TRACON& Tower with Radar,38,121,32,1,192,3,29,88,1,121,41,150,120,2,313,134,0,134,447
06/08/2005,BIL,MT,ANM,WE,Combined TRACON& Tower with Radar,38,137,38,0,213,0,22,67,0,89,38,159,105,0,302,124,0,124,426
06/09/2005,BIL,MT,ANM,WE,Combined TRACON& Tower with Radar,46,94,29,1,170,0,19,57,1,77,46,113,86,2,247,118,0,118,365
06/10/2005,BIL,MT,ANM,WE,Combined TRACON& Tower with Radar,48,104,38,0,190,0,19,73,0,92,48,123,111,0,282,132,0,132,414
06/11/2005,BIL,MT,ANM,WE,Combined TRACON& Tower with Radar,36,77,17,0,130,0,4,69,0,73,36,81,86,0,203,52,0,52,255
06/12/2005,BIL,MT,ANM,WE,Combined TRACON& Tower with Radar,25,55,18,2,100,0,0,5,3,8,25,55,23,5,108,0,0,0,108
06/13/2005,BIL,MT,ANM,WE,Combined TRACON& Tower with Radar,30,93,29,0,152,0,18,56,0,74,30,111,85,0,226,44,0,44,270
06/14/2005,BIL,MT,ANM,WE,Combined TRACON& Tower with Radar,37,105,38,0,180,0,28,88,0,116,37,133,126,0,296,150,0,150,446
06/15/2005,BIL,MT,ANM,WE,Combined TRACON& Tower with Radar,35,123,47,0,205,0,20,74,0,94,35,143,121,0,299,62,0,62,361
06/16/2005,BIL,MT,ANM,WE,Combined TRACON& Tower with Radar,36,106,25,0,167,0,16,67,0,83,36,122,92,0,250,67,0,67,317
06/17/2005,BIL,MT,ANM,WE,Combined TRACON& Tower with Radar,48,113,17,0,178,0,13,60,0,73,48,126,77,0,251,30,0,30,281
06/18/2005,BIL,MT,ANM,WE,Combined TRACON& Tower with Radar,33,87,9,1,130,0,13,0,0,13,33,100,9,1,143,60,0,60,203
06/19/2005,BIL,MT,ANM,WE,Combined TRACON& Tower with Radar,30,57,17,0,104,0,6,51,0,57,30,63,68,0,161,44,0,44,205
06/20/2005,BIL,MT,ANM,WE,Combined TRACON& Tower with Radar,36,93,20,1,150,0,15,65,0,80,36,108,85,1,230,42,0,42,272
06/21/2005,BIL,MT,ANM,WE,Combined TRACON& Tower with Radar,34,112,35,0,181,0,16,62,0,78,34,128,97,0,259,20,0,20,279
06/22/2005,BIL,MT,ANM,WE,Combined TRACON& Tower with Radar,36,108,30,0,174,0,24,53,0,77,36,132,83,0,251,62,0,62,313
06/23/2005,BIL,MT,ANM,WE,Combined TRACON& Tower with Radar,50,97,27,0,174,0,21,55,0,76,50,118,82,0,250,48,0,48,298
06/24/2005,BIL,MT,ANM,WE,Combined TRACON& Tower with Radar,39,106,30,2,177,0,27,79,0,106,39,133,109,2,283,64,0,64,347
06/25/2005,BIL,MT,ANM,WE,Combined TRACON& Tower with Radar,35,83,19,0,137,0,12,63,0,75,35,95,82,0,212,72,0,72,284
06/26/2005,BIL,MT,ANM,WE,Combined TRACON& Tower with Radar,33,53,11,0,97,0,0,0,0,0,33,53,11,0,97,98,0,98,195
06/27/2005,BIL,MT,ANM,WE,Combined TRACON& Tower with Radar,29,104,39,1,173,0,14,32,3,49,29,118,71,4,222,22,0,22,244
06/28/2005,BIL,MT,ANM,WE,Combined TRACON& Tower with Radar,38,112,42,0,192,0,17,58,0,75,38,129,100,0,267,52,0,52,319
06/29/2005,BIL,MT,ANM,WE,Combined TRACON& Tower with Radar,38,33,2,0,73,0,108,79,2,189,38,141,81,2,262,52,0,52,314
06/30/2005,BIL,MT,ANM,WE,Combined TRACON& Tower with Radar,47,109,44,1,201,0,26,81,0,107,47,135,125,1,308,106,0,106,414
07/01/2005,BIL,MT,ANM,WE,Combined TRACON& Tower with Radar,48,90,47,0,185,0,25,72,0,97,48,115,119,0,282,26,0,26,308
07/02/2005,BIL,MT,ANM,WE,Combined TRACON& Tower with Radar,41,78,12,0,131,0,7,64,0,71,41,85,76,0,202,34,0,34,236
07/03/2005,BIL,MT,ANM,WE,Combined TRACON& Tower with Radar,28,43,9,0,80,0,5,53,0,58,28,48,62,0,138,20,0,20,158
07/04/2005,BIL,MT,ANM,WE,Combined TRACON& Tower with Radar,28,58,9,0,95,0,4,50,0,54,28,62,59,0,149,54,0,54,203
07/05/2005,BIL,MT,ANM,WE,Combined TRACON& Tower with Radar,36,64,23,0,123,0,26,59,0,85,36,90,82,0,208,8,0,8,216
07/06/2005,BIL,MT,ANM,WE,Combined TRACON& Tower with Radar,36,104,27,0,167,0,22,67,1,90,36,126,94,1,257,42,0,42,299
07/07/2005,BIL,MT,ANM,WE,Combined TRACON& Tower with Radar,45,102,40,0,187,0,28,77,1,106,45,130,117,1,293,58,0,58,351
07/08/2005,BIL,MT,ANM,WE,Combined TRACON& Tower with Radar,37,111,37,0,185,0,33,59,0,92,37,144,96,0,277,64,0,64,341
07/09/2005,BIL,MT,ANM,WE,Combined TRACON& Tower with Radar,43,84,44,0,171,0,9,82,0,91,43,93,126,0,262,72,0,72,334
07/10/2005,BIL,MT,ANM,WE,Combined TRACON& Tower with Radar,26,54,17,0,97,0,4,34,0,38,26,58,51,0,135,2,0,2,137
07/11/2005,BIL,MT,ANM,WE,Combined TRACON& Tower with Radar,35,94,62,0,191,0,15,97,0,112,35,109,159,0,303,74,0,74,377
07/12/2005,BIL,MT,ANM,WE,Combined TRACON& Tower with Radar,38,102,47,0,187,0,24,80,0,104,38,126,127,0,291,56,0,56,347
07/13/2005,BIL,MT,ANM,WE,Combined TRACON& Tower with Radar,54,113,41,0,208,2,21,73,0,96,56,134,114,0,304,70,0,70,374
07/14/2005,BIL,MT,ANM,WE,Combined TRACON& Tower with Radar,48,99,71,0,218,0,27,92,0,119,48,126,163,0,337,74,0,74,411
07/15/2005,BIL,MT,ANM,WE,Combined TRACON& Tower with Radar,58,98,30,0,186,0,33,93,0,126,58,131,123,0,312,40,0,40,352
07/16/2005,BIL,MT,ANM,WE,Combined TRACON& Tower with Radar,38,86,19,0,143,0,25,62,0,87,38,111,81,0,230,22,0,22,252
07/17/2005,BIL,MT,ANM,WE,Combined TRACON& Tower with Radar,36,60,50,2,148,1,17,60,0,78,37,77,110,2,226,98,0,98,324
07/18/2005,BIL,MT,ANM,WE,Combined TRACON& Tower with Radar,28,113,51,0,192,0,29,84,0,113,28,142,135,0,305,106,0,106,411
07/19/2005,BIL,MT,ANM,WE,Combined TRACON& Tower with Radar,34,105,35,0,174,0,26,87,0,113,34,131,122,0,287,46,0,46,333
07/20/2005,BIL,MT,ANM,WE,Combined TRACON& Tower with Radar,39,136,55,1,231,0,25,70,0,95,39,161,125,1,326,80,0,80,406
07/21/2005,BIL,MT,ANM,WE,Combined TRACON& Tower with Radar,53,108,36,0,197,0,76,107,0,183,53,184,143,0,380,60,0,60,440
07/22/2005,BIL,MT,ANM,WE,Combined TRACON& Tower with Radar,42,107,27,5,181,0,26,77,0,103,42,133,104,5,284,30,8,38,322
07/23/2005,BIL,MT,ANM,WE,Combined TRACON& Tower with Radar,33,74,44,1,152,0,13,90,0,103,33,87,134,1,255,84,0,84,339
07/24/2005,BIL,MT,ANM,WE,Combined TRACON& Tower with Radar,33,47,13,2,95,0,14,70,0,84,33,61,83,2,179,62,8,70,249
07/25/2005,BIL,MT,ANM,WE,Combined TRACON& Tower with Radar,33,104,49,0,186,0,5,41,0,46,33,109,90,0,232,10,0,10,242
07/26/2005,BIL,MT,ANM,WE,Combined TRACON& Tower with Radar,44,115,37,0,196,0,18,83,0,101,44,133,120,0,297,68,0,68,365
07/27/2005,BIL,MT,ANM,WE,Combined TRACON& Tower with Radar,36,99,36,0,171,0,20,70,0,90,36,119,106,0,261,40,0,40,301
07/28/2005,BIL,MT,ANM,WE,Combined TRACON& Tower with Radar,33,116,35,0,184,0,22,88,0,110,33,138,123,0,294,54,0,54,348
07/29/2005,BIL,MT,ANM,WE,Combined TRACON& Tower with Radar,45,112,37,4,198,0,28,80,0,108,45,140,117,4,306,80,2,82,388
07/30/2005,BIL,MT,ANM,WE,Combined TRACON& Tower with Radar,39,86,27,0,152,0,22,90,5,117,39,108,117,5,269,34,0,34,303
07/31/2005,BIL,MT,ANM,WE,Combined TRACON& Tower with Radar,30,57,21,3,111,0,10,92,3,105,30,67,113,6,216,42,0,42,258
08/01/2005,BIL,MT,ANM,WE,Combined TRACON& Tower with Radar,44,77,33,2,156,0,21,66,2,89,44,98,99,4,245,54,0,54,299
08/02/2005,BIL,MT,ANM,WE,Combined TRACON& Tower with Radar,38,111,31,1,181,0,20,28,3,51,38,131,59,4,232,70,0,70,302
08/03/2005,BIL,MT,ANM,WE,Combined TRACON& Tower with Radar,43,128,40,0,211,0,16,64,0,80,43,144,104,0,291,76,2,78,369
08/04/2005,BIL,MT,ANM,WE,Combined TRACON& Tower with Radar,43,107,32,0,182,0,24,102,0,126,43,131,134,0,308,74,0,74,382
08/05/2005,BIL,MT,ANM,WE,Combined TRACON& Tower with Radar,47,126,30,2,205,2,54,66,0,122,49,180,96,2,327,116,0,116,443
08/06/2005,BIL,MT,ANM,WE,Combined TRACON& Tower with Radar,35,95,46,0,176,0,19,96,0,115,35,114,142,0,291,88,0,88,379
08/07/2005,BIL,MT,ANM,WE,Combined TRACON& Tower with Radar,40,56,17,0,113,0,9,53,2,64,40,65,70,2,177,58,0,58,235
08/08/2005,BIL,MT,ANM,WE,Combined TRACON& Tower with Radar,33,109,36,0,178,0,26,57,0,83,33,135,93,0,261,78,0,78,339
08/09/2005,BIL,MT,ANM,WE,Combined TRACON& Tower with Radar,36,128,103,0,267,0,28,78,0,106,36,156,181,0,373,112,0,112,485
08/10/2005,BIL,MT,ANM,WE,Combined TRACON& Tower with Radar,44,106,53,0,203,0,21,78,0,99,44,127,131,0,302,86,0,86,388
08/11/2005,BIL,MT,ANM,WE,Combined TRACON& Tower with Radar,53,112,60,0,225,0,25,71,0,96,53,137,131,0,321,44,0,44,365
08/12/2005,BIL,MT,ANM,WE,Combined TRACON& Tower with Radar,42,110,51,0,203,0,15,39,0,54,42,125,90,0,257,19,0,19,276
08/13/2005,BIL,MT,ANM,WE,Combined TRACON& Tower with Radar,29,86,54,0,169,0,3,50,0,53,29,89,104,0,222,152,0,152,374
08/14/2005,BIL,MT,ANM,WE,Combined TRACON& Tower with Radar,34,46,47,1,128,0,4,63,0,67,34,50,110,1,195,72,0,72,267
08/15/2005,BIL,MT,ANM,WE,Combined TRACON& Tower with Radar,31,90,65,3,189,1,9,87,1,98,32,99,152,4,287,28,0,28,315
08/16/2005,BIL,MT,ANM,WE,Combined TRACON& Tower with Radar,47,111,60,0,218,0,22,83,0,105,47,133,143,0,323,82,0,82,405
08/17/2005,BIL,MT,ANM,WE,Combined TRACON& Tower with Radar,51,110,51,0,212,0,21,46,0,67,51,131,97,0,279,8,0,8,287
08/18/2005,BIL,MT,ANM,WE,Combined TRACON& Tower with Radar,38,126,52,0,216,0,1,21,0,22,38,127,73,0,238,0,0,0,238
08/19/2005,BIL,MT,ANM,WE,Combined TRACON& Tower with Radar,45,106,44,0,195,0,17,79,1,97,45,123,123,1,292,38,0,38,330
08/20/2005,BIL,MT,ANM,WE,Combined TRACON& Tower with Radar,34,79,29,2,144,0,8,127,0,135,34,87,156,2,279,102,0,102,381
08/21/2005,BIL,MT,ANM,WE,Combined TRACON& Tower with Radar,29,53,20,0,102,0,8,72,0,80,29,61,92,0,182,90,0,90,272
08/22/2005,BIL,MT,ANM,WE,Combined TRACON& Tower with Radar,30,96,34,0,160,0,12,29,6,47,30,108,63,6,207,50,0,50,257
08/23/2005,BIL,MT,ANM,WE,Combined TRACON& Tower with Radar,53,86,49,0,188,0,18,54,0,72,53,104,103,0,260,42,0,42,302
08/24/2005,BIL,MT,ANM,WE,Combined TRACON& Tower with Radar,44,103,46,0,193,0,13,50,0,63,44,116,96,0,256,52,0,52,308
08/25/2005,BIL,MT,ANM,WE,Combined TRACON& Tower with Radar,47,108,47,0,202,0,25,65,0,90,47,133,112,0,292,98,0,98,390
08/26/2005,BIL,MT,ANM,WE,Combined TRACON& Tower with Radar,34,128,37,2,201,0,36,87,0,123,34,164,124,2,324,30,32,62,386
08/27/2005,BIL,MT,ANM,WE,Combined TRACON& Tower with Radar,42,82,24,2,150,0,60,117,0,177,42,142,141,2,327,120,0,120,447
08/28/2005,BIL,MT,ANM,WE,Combined TRACON& Tower with Radar,27,60,22,0,109,3,37,104,0,144,30,97,126,0,253,50,0,50,303
08/29/2005,BIL,MT,ANM,WE,Combined TRACON& Tower with Radar,27,110,38,0,175,0,24,87,0,111,27,134,125,0,286,26,0,26,312
08/30/2005,BIL,MT,ANM,WE,Combined TRACON& Tower with Radar,34,116,40,0,190,0,19,41,0,60,34,135,81,0,250,38,0,38,288
08/31/2005,BIL,MT,ANM,WE,Combined TRACON& Tower with Radar,45,113,44,0,202,0,19,83,0,102,45,132,127,0,304,86,0,86,390
09/01/2005,BIL,MT,ANM,WE,Combined TRACON& Tower with Radar,36,111,48,0,195,0,27,89,0,116,36,138,137,0,311,76,0,76,387
09/02/2005,BIL,MT,ANM,WE,Combined TRACON& Tower with Radar,37,115,38,0,190,0,15,71,0,86,37,130,109,0,276,34,0,34,310
09/03/2005,BIL,MT,ANM,WE,Combined TRACON& Tower with Radar,34,100,17,0,151,0,15,65,0,80,34,115,82,0,231,82,0,82,313
09/04/2005,BIL,MT,ANM,WE,Combined TRACON& Tower with Radar,23,43,18,0,84,0,13,43,0,56,23,56,61,0,140,34,0,34,174
09/05/2005,BIL,MT,ANM,WE,Combined TRACON& Tower with Radar,27,67,25,0,119,0,7,53,0,60,27,74,78,0,179,18,0,18,197
09/06/2005,BIL,MT,ANM,WE,Combined TRACON& Tower with Radar,32,71,39,0,142,0,29,93,0,122,32,100,132,0,264,84,0,84,348
09/07/2005,BIL,MT,ANM,WE,Combined TRACON& Tower with Radar,37,95,44,2,178,0,28,56,1,85,37,123,100,3,263,100,0,100,363
09/08/2005,BIL,MT,ANM,WE,Combined TRACON& Tower with Radar,49,102,42,0,193,0,29,63,0,92,49,131,105,0,285,56,0,56,341
09/09/2005,BIL,MT,ANM,WE,Combined TRACON& Tower with Radar,43,96,63,0,202,0,22,66,0,88,43,118,129,0,290,54,0,54,344
09/10/2005,BIL,MT,ANM,WE,Combined TRACON& Tower with Radar,36,74,31,0,141,0,17,27,0,44,36,91,58,0,185,112,0,112,297
09/11/2005,BIL,MT,ANM,WE,Combined TRACON& Tower with Radar,31,56,13,0,100,0,10,42,0,52,31,66,55,0,152,50,0,50,202
09/12/2005,BIL,MT,ANM,WE,Combined TRACON& Tower with Radar,28,107,36,1,172,0,18,32,0,50,28,125,68,1,222,68,0,68,290
09/13/2005,BIL,MT,ANM,WE,Combined TRACON& Tower with Radar,40,112,47,0,199,0,29,80,0,109,40,141,127,0,308,118,0,118,426
09/14/2005,BIL,MT,ANM,WE,Combined TRACON& Tower with Radar,42,101,26,1,170,0,13,61,0,74,42,114,87,1,244,82,0,82,326
09/15/2005,BIL,MT,ANM,WE,Combined TRACON& Tower with Radar,46,102,38,0,186,0,16,101,0,117,46,118,139,0,303,76,0,76,379
09/16/2005,BIL,MT,ANM,WE,Combined TRACON& Tower with Radar,45,110,48,3,206,5,21,83,2,111,50,131,131,5,317,130,0,130,447
09/17/2005,BIL,MT,ANM,WE,Combined TRACON& Tower with Radar,28,89,27,0,144,0,17,36,0,53,28,106,63,0,197,66,0,66,263
09/18/2005,BIL,MT,ANM,WE,Combined TRACON& Tower with Radar,31,39,15,0,85,0,0,23,0,23,31,39,38,0,108,14,0,14,122
09/19/2005,BIL,MT,ANM,WE,Combined TRACON& Tower with Radar,26,88,29,1,144,0,12,79,0,91,26,100,108,1,235,28,0,28,263
09/20/2005,BIL,MT,ANM,WE,Combined TRACON& Tower with Radar,36,111,55,0,202,0,24,72,0,96,36,135,127,0,298,124,0,124,422
09/21/2005,BIL,MT,ANM,WE,Combined TRACON& Tower with Radar,38,110,46,0,194,0,16,72,0,88,38,126,118,0,282,136,0,136,418
09/22/2005,BIL,MT,ANM,WE,Combined TRACON& Tower with Radar,36,118,61,0,215,0,25,76,0,101,36,143,137,0,316,56,0,56,372
09/23/2005,BIL,MT,ANM,WE,Combined TRACON& Tower with Radar,31,118,60,0,209,0,7,54,3,64,31,125,114,3,273,42,0,42,315
09/24/2005,BIL,MT,ANM,WE,Combined TRACON& Tower with Radar,33,79,14,0,126,0,0,0,0,0,33,79,14,0,126,6,0,6,132
09/25/2005,BIL,MT,ANM,WE,Combined TRACON& Tower with Radar,25,55,18,0,98,0,2,35,1,38,25,57,53,1,136,14,0,14,150
09/26/2005,BIL,MT,ANM,WE,Combined TRACON& Tower with Radar,28,87,34,0,149,0,9,67,0,76,28,96,101,0,225,26,0,26,251
09/27/2005,BIL,MT,ANM,WE,Combined TRACON& Tower with Radar,39,103,33,0,175,0,18,51,0,69,39,121,84,0,244,38,0,38,282
09/28/2005,BIL,MT,ANM,WE,Combined TRACON& Tower with Radar,38,109,57,0,204,0,20,69,0,89,38,129,126,0,293,128,0,128,421
09/29/2005,BIL,MT,ANM,WE,Combined TRACON& Tower with Radar,34,124,48,0,206,0,25,54,0,79,34,149,102,0,285,76,0,76,361
09/30/2005,BIL,MT,ANM,WE,Combined TRACON& Tower with Radar,37,123,34,0,194,0,25,62,0,87,37,148,96,0,281,70,0,70,351
10/01/2005,BIL,MT,ANM,WE,Combined TRACON& Tower with Radar,34,75,35,0,144,0,13,49,2,64,34,88,84,2,208,92,0,92,300
10/02/2005,BIL,MT,ANM,WE,Combined TRACON& Tower with Radar,30,87,38,0,155,0,11,22,0,33,30,98,60,0,188,84,0,84,272
10/03/2005,BIL,MT,ANM,WE,Combined TRACON& Tower with Radar,26,109,32,0,167,0,3,0,0,3,26,112,32,0,170,2,0,2,172
10/04/2005,BIL,MT,ANM,WE,Combined TRACON& Tower with Radar,30,105,12,0,147,0,0,0,0,0,30,105,12,0,147,0,0,0,147
10/05/2005,BIL,MT,ANM,WE,Combined TRACON& Tower with Radar,40,104,32,1,177,0,6,20,0,26,40,110,52,1,203,8,0,8,211
10/06/2005,BIL,MT,ANM,WE,Combined TRACON& Tower with Radar,34,119,14,2,169,0,23,46,0,69,34,142,60,2,238,64,0,64,302
10/07/2005,BIL,MT,ANM,WE,Combined TRACON& Tower with Radar,51,126,40,2,219,2,27,75,0,104,53,153,115,2,323,84,0,84,407
10/08/2005,BIL,MT,ANM,WE,Combined TRACON& Tower with Radar,30,73,32,0,135,0,2,52,0,54,30,75,84,0,189,22,0,22,211
10/09/2005,BIL,MT,ANM,WE,Combined TRACON& Tower with Radar,40,46,15,0,101,0,2,15,1,18,40,48,30,1,119,24,0,24,143
10/10/2005,BIL,MT,ANM,WE,Combined TRACON& Tower with Radar,27,91,32,2,152,0,12,62,4,78,27,103,94,6,230,80,2,82,312
10/11/2005,BIL,MT,ANM,WE,Combined TRACON& Tower with Radar,36,117,38,0,191,0,28,71,0,99,36,145,109,0,290,54,0,54,344
10/12/2005,BIL,MT,ANM,WE,Combined TRACON& Tower with Radar,47,125,50,0,222,0,27,58,0,85,47,152,108,0,307,72,0,72,379
10/13/2005,BIL,MT,ANM,WE,Combined TRACON& Tower with Radar,33,121,50,0,204,0,20,52,0,72,33,141,102,0,276,36,0,36,312
10/14/2005,BIL,MT,ANM,WE,Combined TRACON& Tower with Radar,35,181,27,0,243,0,26,91,0,117,35,207,118,0,360,98,0,98,458
10/15/2005,BIL,MT,ANM,WE,Combined TRACON& Tower with Radar,37,69,31,0,137,0,8,81,0,89,37,77,112,0,226,54,0,54,280
10/16/2005,BIL,MT,ANM,WE,Combined TRACON& Tower with Radar,27,56,9,0,92,0,7,56,0,63,27,63,65,0,155,4,0,4,159
10/17/2005,BIL,MT,ANM,WE,Combined TRACON& Tower with Radar,24,98,49,0,171,0,16,39,0,55,24,114,88,0,226,66,0,66,292
10/18/2005,BIL,MT,ANM,WE,Combined TRACON& Tower with Radar,40,101,47,0,188,0,21,63,0,84,40,122,110,0,272,82,0,82,354
10/19/2005,BIL,MT,ANM,WE,Combined TRACON& Tower with Radar,50,100,43,0,193,0,15,52,0,67,50,115,95,0,260,112,0,112,372
10/20/2005,BIL,MT,ANM,WE,Combined TRACON& Tower with Radar,35,123,28,0,186,0,20,32,1,53,35,143,60,1,239,68,0,68,307
10/21/2005,BIL,MT,ANM,WE,Combined TRACON& Tower with Radar,37,122,44,0,203,0,4,42,0,46,37,126,86,0,249,32,0,32,281
10/22/2005,BIL,MT,ANM,WE,Combined TRACON& Tower with Radar,38,55,38,0,131,0,1,39,0,40,38,56,77,0,171,30,0,30,201
10/23/2005,BIL,MT,ANM,WE,Combined TRACON& Tower with Radar,33,55,18,0,106,0,5,78,0,83,33,60,96,0,189,40,0,40,229
10/24/2005,BIL,MT,ANM,WE,Combined TRACON& Tower with Radar,37,83,40,1,161,0,10,58,0,68,37,93,98,1,229,20,0,20,249
10/25/2005,BIL,MT,ANM,WE,Combined TRACON& Tower with Radar,31,104,57,0,192,0,20,54,0,74,31,124,111,0,266,48,0,48,314
10/26/2005,BIL,MT,ANM,WE,Combined TRACON& Tower with Radar,41,110,50,4,205,0,18,67,0,85,41,128,117,4,290,76,2,78,368
10/27/2005,BIL,MT,ANM,WE,Combined TRACON& Tower with Radar,37,109,51,0,197,0,22,47,6,75,37,131,98,6,272,58,0,58,330
10/28/2005,BIL,MT,ANM,WE,Combined TRACON& Tower with Radar,30,118,42,22,212,0,16,65,6,87,30,134,107,28,299,90,58,148,447
10/29/2005,BIL,MT,ANM,WE,Combined TRACON& Tower with Radar,28,74,46,0,148,0,6,42,0,48,28,80,88,0,196,50,0,50,246
10/30/2005,BIL,MT,ANM,WE,Combined TRACON& Tower with Radar,31,53,26,0,110,0,6,40,0,46,31,59,66,0,156,28,0,28,184
10/31/2005,BIL,MT,ANM,WE,Combined TRACON& Tower with Radar,30,97,27,0,154,0,13,27,0,40,30,110,54,0,194,50,0,50,244
11/01/2005,BIL,MT,ANM,WE,Combined TRACON& Tower with Radar,35,107,55,15,212,0,15,41,13,69,35,122,96,28,281,88,22,110,391
11/02/2005,BIL,MT,ANM,WE,Combined TRACON& Tower with Radar,38,109,58,0,205,0,14,56,0,70,38,123,114,0,275,100,0,100,375
11/03/2005,BIL,MT,ANM,WE,Combined TRACON& Tower with Radar,41,110,49,29,229,0,8,15,0,23,41,118,64,29,252,38,34,72,324
11/04/2005,BIL,MT,ANM,WE,Combined TRACON& Tower with Radar,35,111,48,1,195,0,14,30,0,44,35,125,78,1,239,20,2,22,261
11/05/2005,BIL,MT,ANM,WE,Combined TRACON& Tower with Radar,37,58,37,2,134,0,2,35,0,37,37,60,72,2,171,48,0,48,219
11/06/2005,BIL,MT,ANM,WE,Combined TRACON& Tower with Radar,35,40,28,6,109,0,4,29,1,34,35,44,57,7,143,14,0,14,157
11/07/2005,BIL,MT,ANM,WE,Combined TRACON& Tower with Radar,33,101,31,0,165,0,5,24,1,30,33,106,55,1,195,86,0,86,281
11/08/2005,BIL,MT,ANM,WE,Combined TRACON& Tower with Radar,34,109,41,0,184,0,12,28,0,40,34,121,69,0,224,70,0,70,294
11/09/2005,BIL,MT,ANM,WE,Combined TRACON& Tower with Radar,38,101,68,4,211,0,19,76,0,95,38,120,144,4,306,100,0,100,406
11/10/2005,BIL,MT,ANM,WE,Combined TRACON& Tower with Radar,32,112,29,0,173,0,18,72,0,90,32,130,101,0,263,54,0,54,317
11/11/2005,BIL,MT,ANM,WE,Combined TRACON& Tower with Radar,35,129,45,0,209,0,14,57,0,71,35,143,102,0,280,72,0,72,352
11/12/2005,BIL,MT,ANM,WE,Combined TRACON& Tower with Radar,34,63,21,0,118,0,3,13,0,16,34,66,34,0,134,8,0,8,142
11/13/2005,BIL,MT,ANM,WE,Combined TRACON& Tower with Radar,25,51,14,3,93,0,10,44,0,54,25,61,58,3,147,46,0,46,193
11/14/2005,BIL,MT,ANM,WE,Combined TRACON& Tower with Radar,28,109,29,0,166,0,2,1,0,3,28,111,30,0,169,0,0,0,169
11/15/2005,BIL,MT,ANM,WE,Combined TRACON& Tower with Radar,36,122,43,2,203,0,22,79,0,101,36,144,122,2,304,66,0,66,370
11/16/2005,BIL,MT,ANM,WE,Combined TRACON& Tower with Radar,37,118,51,0,206,0,18,47,0,65,37,136,98,0,271,128,0,128,399
11/17/2005,BIL,MT,ANM,WE,Combined TRACON& Tower with Radar,31,132,39,0,202,0,25,46,0,71,31,157,85,0,273,66,0,66,339
11/18/2005,BIL,MT,ANM,WE,Combined TRACON& Tower with Radar,33,125,53,4,215,0,14,35,2,51,33,139,88,6,266,50,0,50,316
11/19/2005,BIL,MT,ANM,WE,Combined TRACON& Tower with Radar,35,67,42,0,144,0,15,68,0,83,35,82,110,0,227,76,0,76,303
11/20/2005,BIL,MT,ANM,WE,Combined TRACON& Tower with Radar,25,57,11,2,95,0,5,51,0,56,25,62,62,2,151,34,2,36,187
11/21/2005,BIL,MT,ANM,WE,Combined TRACON& Tower with Radar,32,98,39,0,169,0,13,61,0,74,32,111,100,0,243,102,0,102,345
11/22/2005,BIL,MT,ANM,WE,Combined TRACON& Tower with Radar,35,104,59,0,198,0,30,65,0,95,35,134,124,0,293,98,0,98,391
11/23/2005,BIL,MT,ANM,WE,Combined TRACON& Tower with Radar,42,99,54,0,195,0,27,76,0,103,42,126,130,0,298,86,0,86,384
11/24/2005,BIL,MT,ANM,WE,Combined TRACON& Tower with Radar,24,44,2,0,70,0,0,18,0,18,24,44,20,0,88,0,0,0,88
11/25/2005,BIL,MT,ANM,WE,Combined TRACON& Tower with Radar,28,101,18,0,147,0,18,38,0,56,28,119,56,0,203,44,0,44,247
11/26/2005,BIL,MT,ANM,WE,Combined TRACON& Tower with Radar,41,60,4,1,106,0,0,2,0,2,41,60,6,1,108,2,0,2,110
11/27/2005,BIL,MT,ANM,WE,Combined TRACON& Tower with Radar,28,53,12,0,93,0,0,0,0,0,28,53,12,0,93,0,0,0,93
11/28/2005,BIL,MT,ANM,WE,Combined TRACON& Tower with Radar,38,87,49,0,174,0,19,31,0,50,38,106,80,0,224,42,0,42,266
11/29/2005,BIL,MT,ANM,WE,Combined TRACON& Tower with Radar,36,113,42,2,193,0,9,36,1,46,36,122,78,3,239,46,0,46,285
11/30/2005,BIL,MT,ANM,WE,Combined TRACON& Tower with Radar,44,117,23,0,184,0,10,8,0,18,44,127,31,0,202,12,0,12,214
12/01/2005,BIL,MT,ANM,WE,Combined TRACON& Tower with Radar,36,122,29,1,188,0,7,2,0,9,36,129,31,1,197,0,0,0,197
12/02/2005,BIL,MT,ANM,WE,Combined TRACON& Tower with Radar,32,123,21,0,176,0,2,7,0,9,32,125,28,0,185,6,0,6,191
12/03/2005,BIL,MT,ANM,WE,Combined TRACON& Tower with Radar,39,57,17,0,113,0,2,24,4,30,39,59,41,4,143,68,0,68,211
12/04/2005,BIL,MT,ANM,WE,Combined TRACON& Tower with Radar,28,45,19,4,96,0,4,11,0,15,28,49,30,4,111,4,0,4,115
12/05/2005,BIL,MT,ANM,WE,Combined TRACON& Tower with Radar,29,80,37,0,146,0,0,18,0,18,29,80,55,0,164,10,0,10,174
12/06/2005,BIL,MT,ANM,WE,Combined TRACON& Tower with Radar,36,115,83,0,234,0,4,20,0,24,36,119,103,0,258,52,0,52,310
12/07/2005,BIL,MT,ANM,WE,Combined TRACON& Tower with Radar,39,90,63,1,193,0,10,37,0,47,39,100,100,1,240,42,0,42,282
12/08/2005,BIL,MT,ANM,WE,Combined TRACON& Tower with Radar,38,115,39,0,192,0,13,39,0,52,38,128,78,0,244,18,0,18,262
12/09/2005,BIL,MT,ANM,WE,Combined TRACON& Tower with Radar,35,97,40,0,172,0,11,32,0,43,35,108,72,0,215,20,0,20,235
12/10/2005,BIL,MT,ANM,WE,Combined TRACON& Tower with Radar,30,69,43,0,142,0,17,51,0,68,30,86,94,0,210,96,0,96,306
12/11/2005,BIL,MT,ANM,WE,Combined TRACON& Tower with Radar,25,52,19,0,96,0,2,32,0,34,25,54,51,0,130,24,0,24,154
12/12/2005,BIL,MT,ANM,WE,Combined TRACON& Tower with Radar,28,95,28,0,151,0,7,51,0,58,28,102,79,0,209,12,0,12,221
12/13/2005,BIL,MT,ANM,WE,Combined TRACON& Tower with Radar,41,118,34,10,203,0,4,11,0,15,41,122,45,10,218,18,10,28,246
12/14/2005,BIL,MT,ANM,WE,Combined TRACON& Tower with Radar,37,104,36,1,178,0,0,20,0,20,37,104,56,1,198,8,2,10,208
12/15/2005,BIL,MT,ANM,WE,Combined TRACON& Tower with Radar,48,114,34,0,196,0,10,65,0,75,48,124,99,0,271,42,0,42,313
12/16/2005,BIL,MT,ANM,WE,Combined TRACON& Tower with Radar,42,126,30,0,198,0,3,9,0,12,42,129,39,0,210,76,0,76,286
12/17/2005,BIL,MT,ANM,WE,Combined TRACON& Tower with Radar,35,83,34,0,152,0,10,22,0,32,35,93,56,0,184,60,0,60,244
12/18/2005,BIL,MT,ANM,WE,Combined TRACON& Tower with Radar,26,55,16,0,97,0,4,30,2,36,26,59,46,2,133,28,0,28,161
12/19/2005,BIL,MT,ANM,WE,Combined TRACON& Tower with Radar,29,90,40,0,159,0,7,49,0,56,29,97,89,0,215,32,0,32,247
12/20/2005,BIL,MT,ANM,WE,Combined TRACON& Tower with Radar,39,120,30,0,189,0,7,38,5,50,39,127,68,5,239,54,0,54,293
12/21/2005,BIL,MT,ANM,WE,Combined TRACON& Tower with Radar,41,141,45,0,227,0,19,48,0,67,41,160,93,0,294,36,0,36,330
12/22/2005,BIL,MT,ANM,WE,Combined TRACON& Tower with Radar,41,141,46,0,228,0,18,66,0,84,41,159,112,0,312,84,0,84,396
12/23/2005,BIL,MT,ANM,WE,Combined TRACON& Tower with Radar,45,139,22,0,206,0,13,15,0,28,45,152,37,0,234,10,0,10,244
12/24/2005,BIL,MT,ANM,WE,Combined TRACON& Tower with Radar,42,61,6,0,109,0,6,32,0,38,42,67,38,0,147,34,0,34,181
12/25/2005,BIL,MT,ANM,WE,Combined TRACON& Tower with Radar,24,35,2,0,61,0,6,11,0,17,24,41,13,0,78,0,0,0,78
12/26/2005,BIL,MT,ANM,WE,Combined TRACON& Tower with Radar,19,62,18,0,99,0,7,30,0,37,19,69,48,0,136,42,0,42,178
12/27/2005,BIL,MT,ANM,WE,Combined TRACON& Tower with Radar,30,89,20,0,139,0,20,31,0,51,30,109,51,0,190,54,0,54,244
12/28/2005,BIL,MT,ANM,WE,Combined TRACON& Tower with Radar,43,106,43,0,192,0,5,46,0,51,43,111,89,0,243,90,0,90,333
12/29/2005,BIL,MT,ANM,WE,Combined TRACON& Tower with Radar,31,123,17,0,171,0,4,7,0,11,31,127,24,0,182,9,0,9,191
12/30/2005,BIL,MT,ANM,WE,Combined TRACON& Tower with Radar,40,114,15,0,169,0,20,37,0,57,40,134,52,0,226,38,0,38,264
12/31/2005,BIL,MT,ANM,WE,Combined TRACON& Tower with Radar,33,68,20,0,121,0,1,24,0,25,33,69,44,0,146,22,0,22,168
01/01/2006,BIL,MT,ANM,WE,Combined TRACON& Tower with Radar,18,42,6,0,66,0,2,5,0,7,18,44,11,0,73,24,0,24,97
01/02/2006,BIL,MT,ANM,WE,Combined TRACON& Tower with Radar,17,57,24,2,100,0,4,45,0,49,17,61,69,2,149,17,0,17,166
01/03/2006,BIL,MT,ANM,WE,Combined TRACON& Tower with Radar,27,94,21,0,142,0,9,18,0,27,27,103,39,0,169,10,0,10,179
01/04/2006,BIL,MT,ANM,WE,Combined TRACON& Tower with Radar,29,128,26,0,183,0,12,51,0,63,29,140,77,0,246,46,0,46,292
01/05/2006,BIL,MT,ANM,WE,Combined TRACON& Tower with Radar,34,111,19,0,164,0,10,19,0,29,34,121,38,0,193,12,0,12,205
01/06/2006,BIL,MT,ANM,WE,Combined TRACON& Tower with Radar,31,97,19,2,149,0,21,31,0,52,31,118,50,2,201,34,2,36,237
01/07/2006,BIL,MT,ANM,WE,Combined TRACON& Tower with Radar,20,67,16,0,103,0,8,49,0,57,20,75,65,0,160,76,0,76,236
01/08/2006,BIL,MT,ANM,WE,Combined TRACON& Tower with Radar,22,54,11,2,89,0,0,2,0,2,22,54,13,2,91,0,0,0,91
01/09/2006,BIL,MT,ANM,WE,Combined TRACON& Tower with Radar,19,88,38,0,145,0,9,28,0,37,19,97,66,0,182,26,0,26,208
01/10/2006,BIL,MT,ANM,WE,Combined TRACON& Tower with Radar,25,110,30,0,165,0,18,14,0,32,25,128,44,0,197,54,0,54,251
01/11/2006,BIL,MT,ANM,WE,Combined TRACON& Tower with Radar,28,107,34,0,169,0,10,26,0,36,28,117,60,0,205,28,0,28,233
01/12/2006,BIL,MT,ANM,WE,Combined TRACON& Tower with Radar,28,101,48,0,177,0,7,19,2,28,28,108,67,2,205,48,0,48,253
01/13/2006,BIL,MT,ANM,WE,Combined TRACON& Tower with Radar,29,105,40,3,177,0,16,34,1,51,29,121,74,4,228,48,0,48,276
01/14/2006,BIL,MT,ANM,WE,Combined TRACON& Tower with Radar,32,61,31,0,124,0,8,67,0,75,32,69,98,0,199,66,0,66,265
01/15/2006,BIL,MT,ANM,WE,Combined TRACON& Tower with Radar,22,56,11,0,89,0,6,16,0,22,22,62,27,0,111,18,0,18,129
01/16/2006,BIL,MT,ANM,WE,Combined TRACON& Tower with Radar,19,87,25,0,131,1,20,24,0,45,20,107,49,0,176,48,0,48,224
01/17/2006,BIL,MT,ANM,WE,Combined TRACON& Tower with Radar,29,86,15,2,132,0,18,30,0,48,29,104,45,2,180,32,0,32,212
01/18/2006,BIL,MT,ANM,WE,Combined TRACON& Tower with Radar,31,111,56,0,198,0,7,66,0,73,31,118,122,0,271,120,0,120,391
01/19/2006,BIL,MT,ANM,WE,Combined TRACON& Tower with Radar,26,102,35,2,165,0,12,36,0,48,26,114,71,2,213,38,0,38,251
01/20/2006,BIL,MT,ANM,WE,Combined TRACON& Tower with Radar,28,102,42,1,173,0,21,35,1,57,28,123,77,2,230,46,2,48,278
01/21/2006,BIL,MT,ANM,WE,Combined TRACON& Tower with Radar,27,62,13,0,102,0,4,23,0,27,27,66,36,0,129,70,0,70,199
01/22/2006,BIL,MT,ANM,WE,Combined TRACON& Tower with Radar,21,47,14,0,82,0,0,12,0,12,21,47,26,0,94,26,0,26,120
01/23/2006,BIL,MT,ANM,WE,Combined TRACON& Tower with Radar,23,81,24,0,128,0,19,20,0,39,23,100,44,0,167,16,0,16,183
01/24/2006,BIL,MT,ANM,WE,Combined TRACON& Tower with Radar,26,89,40,0,155,0,19,58,0,77,26,108,98,0,232,50,0,50,282
01/25/2006,BIL,MT,ANM,WE,Combined TRACON& Tower with Radar,38,82,56,0,176,0,22,68,0,90,38,104,124,0,266,100,0,100,366
01/26/2006,BIL,MT,ANM,WE,Combined TRACON& Tower with Radar,35,93,42,0,170,0,28,37,0,65,35,121,79,0,235,70,0,70,305
01/27/2006,BIL,MT,ANM,WE,Combined TRACON& Tower with Radar,36,89,59,0,184,0,13,46,0,59,36,102,105,0,243,100,0,100,343
01/28/2006,BIL,MT,ANM,WE,Combined TRACON& Tower with Radar,23,66,23,0,112,0,11,59,0,70,23,77,82,0,182,30,0,30,212
01/29/2006,BIL,MT,ANM,WE,Combined TRACON& Tower with Radar,18,49,7,0,74,0,7,18,0,25,18,56,25,0,99,30,0,30,129
01/30/2006,BIL,MT,ANM,WE,Combined TRACON& Tower with Radar,20,85,54,0,159,0,7,27,0,34,20,92,81,0,193,50,0,50,243
01/31/2006,BIL,MT,ANM,WE,Combined TRACON& Tower with Radar,25,100,23,2,150,0,10,24,0,34,25,110,47,2,184,44,0,44,228
02/01/2006,BIL,MT,ANM,WE,Combined TRACON& Tower with Radar,29,104,27,0,160,0,11,19,0,30,29,115,46,0,190,10,0,10,200
02/02/2006,BIL,MT,ANM,WE,Combined TRACON& Tower with Radar,30,106,32,0,168,0,14,42,0,56,30,120,74,0,224,96,0,96,320
02/03/2006,BIL,MT,ANM,WE,Combined TRACON& Tower with Radar,27,103,47,0,177,0,10,40,0,50,27,113,87,0,227,30,0,30,257
02/04/2006,BIL,MT,ANM,WE,Combined TRACON& Tower with Radar,24,74,41,0,139,0,3,44,0,47,24,77,85,0,186,108,0,108,294
02/05/2006,BIL,MT,ANM,WE,Combined TRACON& Tower with Radar,22,63,11,0,96,0,16,17,0,33,22,79,28,0,129,48,0,48,177
02/06/2006,BIL,MT,ANM,WE,Combined TRACON& Tower with Radar,20,102,45,0,167,0,18,52,0,70,20,120,97,0,237,44,0,44,281
02/07/2006,BIL,MT,ANM,WE,Combined TRACON& Tower with Radar,29,97,60,0,186,0,15,50,0,65,29,112,110,0,251,38,0,38,289
02/08/2006,BIL,MT,ANM,WE,Combined TRACON& Tower with Radar,30,109,80,0,219,0,10,43,0,53,30,119,123,0,272,56,0,56,328
02/09/2006,BIL,MT,ANM,WE,Combined TRACON& Tower with Radar,28,118,39,0,185,0,18,27,0,45,28,136,66,0,230,76,0,76,306
02/10/2006,BIL,MT,ANM,WE,Combined TRACON& Tower with Radar,29,99,40,1,169,0,11,30,0,41,29,110,70,1,210,26,0,26,236
02/11/2006,BIL,MT,ANM,WE,Combined TRACON& Tower with Radar,24,66,22,7,119,0,13,50,0,63,24,79,72,7,182,54,0,54,236
02/12/2006,BIL,MT,ANM,WE,Combined TRACON& Tower with Radar,32,40,8,1,81,0,6,29,0,35,32,46,37,1,116,0,0,0,116
02/13/2006,BIL,MT,ANM,WE,Combined TRACON& Tower with Radar,21,79,39,0,139,0,7,36,0,43,21,86,75,0,182,78,0,78,260
02/14/2006,BIL,MT,ANM,WE,Combined TRACON& Tower with Radar,27,103,29,0,159,0,7,14,0,21,27,110,43,0,180,42,0,42,222
02/15/2006,BIL,MT,ANM,WE,Combined TRACON& Tower with Radar,33,97,45,0,175,0,6,7,0,13,33,103,52,0,188,38,0,38,226
02/16/2006,BIL,MT,ANM,WE,Combined TRACON& Tower with Radar,32,111,29,2,174,0,4,5,0,9,32,115,34,2,183,0,0,0,183
02/17/2006,BIL,MT,ANM,WE,Combined TRACON& Tower with Radar,32,87,23,0,142,1,13,9,0,23,33,100,32,0,165,18,0,18,183
02/18/2006,BIL,MT,ANM,WE,Combined TRACON& Tower with Radar,22,71,18,0,111,0,9,26,0,35,22,80,44,0,146,54,0,54,200
02/19/2006,BIL,MT,ANM,WE,Combined TRACON& Tower with Radar,21,44,13,0,78,0,3,18,0,21,21,47,31,0,99,4,0,4,103
02/20/2006,BIL,MT,ANM,WE,Combined TRACON& Tower with Radar,34,69,58,0,161,3,13,49,0,65,37,82,107,0,226,44,0,44,270
02/21/2006,BIL,MT,ANM,WE,Combined TRACON& Tower with Radar,31,93,27,3,154,0,12,31,0,43,31,105,58,3,197,56,0,56,253
02/22/2006,BIL,MT,ANM,WE,Combined TRACON& Tower with Radar,29,106,23,2,160,0,6,16,2,24,29,112,39,4,184,22,0,22,206
02/23/2006,BIL,MT,ANM,WE,Combined TRACON& Tower with Radar,24,85,61,6,176,0,3,26,1,30,24,88,87,7,206,48,0,48,254
02/24/2006,BIL,MT,ANM,WE,Combined TRACON& Tower with Radar,35,107,22,0,164,0,5,11,0,16,35,112,33,0,180,18,0,18,198
02/25/2006,BIL,MT,ANM,WE,Combined TRACON& Tower with Radar,24,59,23,3,109,0,6,47,2,55,24,65,70,5,164,100,0,100,264
02/26/2006,BIL,MT,ANM,WE,Combined TRACON& Tower with Radar,26,41,19,0,86,0,8,32,0,40,26,49,51,0,126,68,0,68,194
02/27/2006,BIL,MT,ANM,WE,Combined TRACON& Tower with Radar,18,98,29,0,145,0,14,45,0,59,18,112,74,0,204,28,0,28,232
02/28/2006,BIL,MT,ANM,WE,Combined TRACON& Tower with Radar,40,96,35,5,176,0,12,33,0,45,40,108,68,5,221,82,4,86,307
03/01/2006,BIL,MT,ANM,WE,Combined TRACON& Tower with Radar,29,99,54,4,186,0,14,39,0,53,29,113,93,4,239,68,0,68,307
03/02/2006,BIL,MT,ANM,WE,Combined TRACON& Tower with Radar,29,89,52,0,170,0,12,42,0,54,29,101,94,0,224,40,0,40,264
03/03/2006,BIL,MT,ANM,WE,Combined TRACON& Tower with Radar,32,103,44,0,179,0,10,45,0,55,32,113,89,0,234,70,0,70,304
03/04/2006,BIL,MT,ANM,WE,Combined TRACON& Tower with Radar,26,63,18,0,107,1,4,4,0,9,27,67,22,0,116,6,0,6,122
03/05/2006,BIL,MT,ANM,WE,Combined TRACON& Tower with Radar,24,48,16,0,88,0,0,46,0,46,24,48,62,0,134,56,0,56,190
03/06/2006,BIL,MT,ANM,WE,Combined TRACON& Tower with Radar,18,86,47,0,151,0,9,41,0,50,18,95,88,0,201,18,0,18,219
03/07/2006,BIL,MT,ANM,WE,Combined TRACON& Tower with Radar,28,112,53,0,193,2,19,27,0,48,30,131,80,0,241,54,0,54,295
03/08/2006,BIL,MT,ANM,WE,Combined TRACON& Tower with Radar,29,105,41,0,175,0,18,54,0,72,29,123,95,0,247,38,0,38,285
03/09/2006,BIL,MT,ANM,WE,Combined TRACON& Tower with Radar,30,109,25,2,166,0,3,13,0,16,30,112,38,2,182,2,0,2,184
03/10/2006,BIL,MT,ANM,WE,Combined TRACON& Tower with Radar,34,95,38,0,167,0,9,42,1,52,34,104,80,1,219,112,0,112,331
03/11/2006,BIL,MT,ANM,WE,Combined TRACON& Tower with Radar,26,69,15,0,110,0,4,75,0,79,26,73,90,0,189,72,0,72,261
03/12/2006,BIL,MT,ANM,WE,Combined TRACON& Tower with Radar,19,50,8,0,77,0,0,1,0,1,19,50,9,0,78,0,0,0,78
03/13/2006,BIL,MT,ANM,WE,Combined TRACON& Tower with Radar,20,83,46,4,153,0,7,26,0,33,20,90,72,4,186,24,0,24,210
03/14/2006,BIL,MT,ANM,WE,Combined TRACON& Tower with Radar,30,102,59,0,191,0,22,62,0,84,30,124,121,0,275,84,0,84,359
03/15/2006,BIL,MT,ANM,WE,Combined TRACON& Tower with Radar,46,115,50,0,211,0,7,12,0,19,46,122,62,0,230,22,0,22,252
03/16/2006,BIL,MT,ANM,WE,Combined TRACON& Tower with Radar,37,110,63,0,210,0,17,60,0,77,37,127,123,0,287,54,0,54,341
03/17/2006,BIL,MT,ANM,WE,Combined TRACON& Tower with Radar,28,85,45,0,158,0,16,62,0,78,28,101,107,0,236,120,0,120,356
03/18/2006,BIL,MT,ANM,WE,Combined TRACON& Tower with Radar,29,79,20,0,128,0,4,20,0,24,29,83,40,0,152,40,0,40,192
03/19/2006,BIL,MT,ANM,WE,Combined TRACON& Tower with Radar,25,37,4,0,66,0,0,0,0,0,25,37,4,0,66,0,0,0,66
03/20/2006,BIL,MT,ANM,WE,Combined TRACON& Tower with Radar,23,94,30,3,150,0,0,0,0,0,23,94,30,3,150,0,0,0,150
03/21/2006,BIL,MT,ANM,WE,Combined TRACON& Tower with Radar,32,95,54,0,181,0,10,59,0,69,32,105,113,0,250,64,0,64,314
03/22/2006,BIL,MT,ANM,WE,Combined TRACON& Tower with Radar,33,92,58,0,183,0,7,47,0,54,33,99,105,0,237,110,0,110,347
03/23/2006,BIL,MT,ANM,WE,Combined TRACON& Tower with Radar,38,96,62,0,196,0,11,59,0,70,38,107,121,0,266,34,0,34,300
03/24/2006,BIL,MT,ANM,WE,Combined TRACON& Tower with Radar,31,98,55,1,185,3,12,57,0,72,34,110,112,1,257,100,0,100,357
03/25/2006,BIL,MT,ANM,WE,Combined TRACON& Tower with Radar,26,72,53,1,152,0,5,97,0,102,26,77,150,1,254,218,0,218,472
03/26/2006,BIL,MT,ANM,WE,Combined TRACON& Tower with Radar,22,62,8,0,92,0,11,6,0,17,22,73,14,0,109,12,0,12,121
03/27/2006,BIL,MT,ANM,WE,Combined TRACON& Tower with Radar,24,80,46,0,150,0,16,76,0,92,24,96,122,0,242,50,0,50,292
03/28/2006,BIL,MT,ANM,WE,Combined TRACON& Tower with Radar,35,94,53,0,182,0,18,57,0,75,35,112,110,0,257,74,0,74,331
03/29/2006,BIL,MT,ANM,WE,Combined TRACON& Tower with Radar,31,96,59,1,187,0,16,44,1,61,31,112,103,2,248,90,0,90,338
03/30/2006,BIL,MT,ANM,WE,Combined TRACON& Tower with Radar,33,108,28,0,169,0,5,34,0,39,33,113,62,0,208,20,0,20,228
03/31/2006,BIL,MT,ANM,WE,Combined TRACON& Tower with Radar,30,104,53,2,189,0,12,57,0,69,30,116,110,2,258,58,0,58,316
04/01/2006,BIL,MT,ANM,WE,Combined TRACON& Tower with Radar,25,63,34,0,122,0,14,89,0,103,25,77,123,0,225,204,0,204,429
04/02/2006,BIL,MT,ANM,WE,Combined TRACON& Tower with Radar,25,44,10,1,80,0,9,19,0,28,25,53,29,1,108,8,0,8,116
04/03/2006,BIL,MT,ANM,WE,Combined TRACON& Tower with Radar,28,81,35,1,145,0,6,65,0,71,28,87,100,1,216,102,0,102,318
04/04/2006,BIL,MT,ANM,WE,Combined TRACON& Tower with Radar,32,114,41,0,187,0,12,55,0,67,32,126,96,0,254,32,0,32,286
04/05/2006,BIL,MT,ANM,WE,Combined TRACON& Tower with Radar,37,99,54,4,194,0,10,52,0,62,37,109,106,4,256,80,0,80,336
04/06/2006,BIL,MT,ANM,WE,Combined TRACON& Tower with Radar,36,120,46,0,202,0,3,18,0,21,36,123,64,0,223,34,0,34,257
04/07/2006,BIL,MT,ANM,WE,Combined TRACON& Tower with Radar,36,102,59,1,198,0,11,39,0,50,36,113,98,1,248,42,0,42,290
04/08/2006,BIL,MT,ANM,WE,Combined TRACON& Tower with Radar,25,65,43,0,133,0,5,85,0,90,25,70,128,0,223,114,0,114,337
04/09/2006,BIL,MT,ANM,WE,Combined TRACON& Tower with Radar,24,44,31,0,99,0,1,36,0,37,24,45,67,0,136,60,0,60,196
04/10/2006,BIL,MT,ANM,WE,Combined TRACON& Tower with Radar,23,107,39,0,169,0,10,50,0,60,23,117,89,0,229,134,0,134,363
04/11/2006,BIL,MT,ANM,WE,Combined TRACON& Tower with Radar,31,118,42,2,193,0,11,47,0,58,31,129,89,2,251,32,0,32,283
04/12/2006,BIL,MT,ANM,WE,Combined TRACON& Tower with Radar,36,103,43,4,186,0,16,87,0,103,36,119,130,4,289,14,0,14,303
04/13/2006,BIL,MT,ANM,WE,Combined TRACON& Tower with Radar,31,98,60,0,189,0,12,54,0,66,31,110,114,0,255,50,0,50,305
04/14/2006,BIL,MT,ANM,WE,Combined TRACON& Tower with Radar,35,105,42,5,187,0,18,44,0,62,35,123,86,5,249,40,0,40,289
04/15/2006,BIL,MT,ANM,WE,Combined TRACON& Tower with Radar,25,61,24,0,110,0,14,48,0,62,25,75,72,0,172,62,0,62,234
04/16/2006,BIL,MT,ANM,WE,Combined TRACON& Tower with Radar,25,39,12,0,76,0,5,25,0,30,25,44,37,0,106,8,0,8,114
04/17/2006,BIL,MT,ANM,WE,Combined TRACON& Tower with Radar,27,93,21,2,143,0,0,0,0,0,27,93,21,2,143,0,0,0,143
04/18/2006,BIL,MT,ANM,WE,Combined TRACON& Tower with Radar,27,97,51,1,176,0,3,42,0,45,27,100,93,1,221,32,0,32,253
04/19/2006,BIL,MT,ANM,WE,Combined TRACON& Tower with Radar,55,103,63,2,223,2,7,47,0,56,57,110,110,2,279,58,0,58,337
04/20/2006,BIL,MT,ANM,WE,Combined TRACON& Tower with Radar,36,100,63,0,199,1,16,118,4,139,37,116,181,4,338,194,0,194,532
04/21/2006,BIL,MT,ANM,WE,Combined TRACON& Tower with Radar,30,117,62,0,209,0,14,110,1,125,30,131,172,1,334,122,0,122,456
04/22/2006,BIL,MT,ANM,WE,Combined TRACON& Tower with Radar,25,66,43,0,134,0,9,111,2,122,25,75,154,2,256,138,0,138,394
04/23/2006,BIL,MT,ANM,WE,Combined TRACON& Tower with Radar,25,49,16,0,90,0,2,16,1,19,25,51,32,1,109,0,0,0,109
04/24/2006,BIL,MT,ANM,WE,Combined TRACON& Tower with Radar,27,86,41,2,156,0,7,44,0,51,27,93,85,2,207,70,0,70,277
04/25/2006,BIL,MT,ANM,WE,Combined TRACON& Tower with Radar,35,96,40,0,171,0,17,68,0,85,35,113,108,0,256,134,0,134,390
04/26/2006,BIL,MT,ANM,WE,Combined TRACON& Tower with Radar,34,87,38,0,159,0,19,81,1,101,34,106,119,1,260,60,0,60,320
04/27/2006,BIL,MT,ANM,WE,Combined TRACON& Tower with Radar,36,89,56,0,181,0,19,35,0,54,36,108,91,0,235,16,0,16,251
04/28/2006,BIL,MT,ANM,WE,Combined TRACON& Tower with Radar,33,99,80,0,212,0,25,82,0,107,33,124,162,0,319,173,6,179,498
04/29/2006,BIL,MT,ANM,WE,Combined TRACON& Tower with Radar,29,61,23,2,115,0,6,84,1,91,29,67,107,3,206,122,0,122,328
04/30/2006,BIL,MT,ANM,WE,Combined TRACON& Tower with Radar,22,51,19,0,92,0,0,24,2,26,22,51,43,2,118,40,0,40,158
05/01/2006,BIL,MT,ANM,WE,Combined TRACON& Tower with Radar,21,89,45,0,155,0,12,60,0,72,21,101,105,0,227,104,0,104,331
05/02/2006,BIL,MT,ANM,WE,Combined TRACON& Tower with Radar,32,106,33,0,171,0,19,28,0,47,32,125,61,0,218,38,0,38,256
05/03/2006,BIL,MT,ANM,WE,Combined TRACON& Tower with Radar,41,81,45,0,167,0,23,60,0,83,41,104,105,0,250,26,0,26,276
05/04/2006,BIL,MT,ANM,WE,Combined TRACON& Tower with Radar,39,103,49,0,191,0,14,64,0,78,39,117,113,0,269,86,0,86,355
05/05/2006,BIL,MT,ANM,WE,Combined TRACON& Tower with Radar,37,113,43,0,193,0,19,100,0,119,37,132,143,0,312,114,0,114,426
05/06/2006,BIL,MT,ANM,WE,Combined TRACON& Tower with Radar,27,65,5,1,98,0,8,93,0,101,27,73,98,1,199,92,0,92,291
05/07/2006,BIL,MT,ANM,WE,Combined TRACON& Tower with Radar,27,55,23,0,105,0,3,46,0,49,27,58,69,0,154,36,0,36,190
05/08/2006,BIL,MT,ANM,WE,Combined TRACON& Tower with Radar,24,100,22,0,146,0,19,39,0,58,24,119,61,0,204,66,0,66,270
05/09/2006,BIL,MT,ANM,WE,Combined TRACON& Tower with Radar,33,116,38,1,188,0,11,35,0,46,33,127,73,1,234,22,0,22,256
05/10/2006,BIL,MT,ANM,WE,Combined TRACON& Tower with Radar,37,104,28,16,185,0,20,36,4,60,37,124,64,20,245,46,16,62,307
05/11/2006,BIL,MT,ANM,WE,Combined TRACON& Tower with Radar,41,107,48,0,196,0,29,103,0,132,41,136,151,0,328,158,0,158,486
05/12/2006,BIL,MT,ANM,WE,Combined TRACON& Tower with Radar,38,137,44,0,219,0,25,65,0,90,38,162,109,0,309,58,0,58,367
05/13/2006,BIL,MT,ANM,WE,Combined TRACON& Tower with Radar,33,66,28,0,127,0,11,66,0,77,33,77,94,0,204,104,0,104,308
05/14/2006,BIL,MT,ANM,WE,Combined TRACON& Tower with Radar,33,35,10,0,78,0,3,28,0,31,33,38,38,0,109,70,0,70,179
05/15/2006,BIL,MT,ANM,WE,Combined TRACON& Tower with Radar,29,89,43,0,161,0,22,73,0,95,29,111,116,0,256,64,0,64,320
05/16/2006,BIL,MT,ANM,WE,Combined TRACON& Tower with Radar,41,97,25,0,163,0,20,71,0,91,41,117,96,0,254,120,0,120,374
05/17/2006,BIL,MT,ANM,WE,Combined TRACON& Tower with Radar,40,99,46,0,185,2,28,63,0,93,42,127,109,0,278,70,0,70,348
05/18/2006,BIL,MT,ANM,WE,Combined TRACON& Tower with Radar,37,96,45,3,181,0,23,98,1,122,37,119,143,4,303,54,0,54,357
05/19/2006,BIL,MT,ANM,WE,Combined TRACON& Tower with Radar,39,104,35,0,178,0,15,60,0,75,39,119,95,0,253,64,0,64,317
05/20/2006,BIL,MT,ANM,WE,Combined TRACON& Tower with Radar,28,66,32,0,126,0,2,60,0,62,28,68,92,0,188,46,0,46,234
05/21/2006,BIL,MT,ANM,WE,Combined TRACON& Tower with Radar,33,38,21,0,92,0,1,53,0,54,33,39,74,0,146,40,0,40,186
05/22/2006,BIL,MT,ANM,WE,Combined TRACON& Tower with Radar,30,85,33,0,148,0,19,38,0,57,30,104,71,0,205,108,0,108,313
05/23/2006,BIL,MT,ANM,WE,Combined TRACON& Tower with Radar,35,98,44,6,183,0,26,39,0,65,35,124,83,6,248,46,0,46,294
05/24/2006,BIL,MT,ANM,WE,Combined TRACON& Tower with Radar,40,96,49,0,185,0,20,81,1,102,40,116,130,1,287,76,0,76,363
05/25/2006,BIL,MT,ANM,WE,Combined TRACON& Tower with Radar,38,99,40,0,177,0,30,77,0,107,38,129,117,0,284,96,0,96,380
05/26/2006,BIL,MT,ANM,WE,Combined TRACON& Tower with Radar,33,110,42,1,186,0,17,44,2,63,33,127,86,3,249,32,0,32,281
05/27/2006,BIL,MT,ANM,WE,Combined TRACON& Tower with Radar,30,71,15,1,117,0,0,5,0,5,30,71,20,1,122,8,0,8,130
05/28/2006,BIL,MT,ANM,WE,Combined TRACON& Tower with Radar,26,39,18,0,83,0,1,19,1,21,26,40,37,1,104,18,0,18,122
05/29/2006,BIL,MT,ANM,WE,Combined TRACON& Tower with Radar,23,59,24,2,108,0,8,47,0,55,23,67,71,2,163,20,0,20,183
05/30/2006,BIL,MT,ANM,WE,Combined TRACON& Tower with Radar,30,74,45,0,149,0,22,76,1,99,30,96,121,1,248,98,0,98,346
05/31/2006,BIL,MT,ANM,WE,Combined TRACON& Tower with Radar,38,104,47,1,190,0,18,67,0,85,38,122,114,1,275,31,0,31,306
06/01/2006,BIL,MT,ANM,WE,Combined TRACON& Tower with Radar,39,100,21,0,160,0,20,74,1,95,39,120,95,1,255,76,0,76,331
06/02/2006,BIL,MT,ANM,WE,Combined TRACON& Tower with Radar,34,122,42,0,198,0,24,75,0,99,34,146,117,0,297,64,0,64,361
06/03/2006,BIL,MT,ANM,WE,Combined TRACON& Tower with Radar,33,56,17,0,106,0,14,42,0,56,33,70,59,0,162,8,0,8,170
06/04/2006,BIL,MT,ANM,WE,Combined TRACON& Tower with Radar,31,50,17,1,99,0,6,54,0,60,31,56,71,1,159,68,0,68,227
06/05/2006,BIL,MT,ANM,WE,Combined TRACON& Tower with Radar,34,78,41,0,153,0,14,49,0,63,34,92,90,0,216,74,0,74,290
06/06/2006,BIL,MT,ANM,WE,Combined TRACON& Tower with Radar,38,102,35,0,175,0,22,97,0,119,38,124,132,0,294,14,0,14,308
06/07/2006,BIL,MT,ANM,WE,Combined TRACON& Tower with Radar,44,108,40,0,192,0,15,71,0,86,44,123,111,0,278,82,0,82,360
06/08/2006,BIL,MT,ANM,WE,Combined TRACON& Tower with Radar,41,110,62,0,213,0,19,74,2,95,41,129,136,2,308,98,0,98,406
06/09/2006,BIL,MT,ANM,WE,Combined TRACON& Tower with Radar,50,109,48,2,209,0,21,76,0,97,50,130,124,2,306,90,0,90,396
06/10/2006,BIL,MT,ANM,WE,Combined TRACON& Tower with Radar,27,69,28,0,124,0,0,8,2,10,27,69,36,2,134,46,0,46,180
06/11/2006,BIL,MT,ANM,WE,Combined TRACON& Tower with Radar,33,40,19,0,92,0,3,69,3,75,33,43,88,3,167,90,0,90,257
06/12/2006,BIL,MT,ANM,WE,Combined TRACON& Tower with Radar,30,90,43,0,163,0,15,78,0,93,30,105,121,0,256,46,0,46,302
06/13/2006,BIL,MT,ANM,WE,Combined TRACON& Tower with Radar,35,108,59,18,220,0,17,37,4,58,35,125,96,22,278,34,26,60,338
06/14/2006,BIL,MT,ANM,WE,Combined TRACON& Tower with Radar,36,105,50,0,191,0,19,67,2,88,36,124,117,2,279,52,0,52,331
06/15/2006,BIL,MT,ANM,WE,Combined TRACON& Tower with Radar,39,112,54,0,205,0,14,65,4,83,39,126,119,4,288,78,0,78,366
06/16/2006,BIL,MT,ANM,WE,Combined TRACON& Tower with Radar,38,102,32,3,175,0,22,59,2,83,38,124,91,5,258,54,0,54,312
06/17/2006,BIL,MT,ANM,WE,Combined TRACON& Tower with Radar,40,52,5,0,97,0,6,45,0,51,40,58,50,0,148,20,0,20,168
06/18/2006,BIL,MT,ANM,WE,Combined TRACON& Tower with Radar,35,49,8,0,92,0,4,79,2,85,35,53,87,2,177,36,0,36,213
06/19/2006,BIL,MT,ANM,WE,Combined TRACON& Tower with Radar,28,107,50,2,187,0,26,77,0,103,28,133,127,2,290,50,0,50,340
06/20/2006,BIL,MT,ANM,WE,Combined TRACON& Tower with Radar,36,97,53,0,186,0,19,65,5,89,36,116,118,5,275,64,0,64,339
06/21/2006,BIL,MT,ANM,WE,Combined TRACON& Tower with Radar,42,100,39,0,181,0,15,96,3,114,42,115,135,3,295,74,0,74,369
06/22/2006,BIL,MT,ANM,WE,Combined TRACON& Tower with Radar,35,91,69,4,199,0,16,95,8,119,35,107,164,12,318,54,0,54,372
06/23/2006,BIL,MT,ANM,WE,Combined TRACON& Tower with Radar,36,104,35,0,175,0,24,95,2,121,36,128,130,2,296,84,0,84,380
06/24/2006,BIL,MT,ANM,WE,Combined TRACON& Tower with Radar,39,67,16,0,122,0,15,85,1,101,39,82,101,1,223,62,0,62,285
06/25/2006,BIL,MT,ANM,WE,Combined TRACON& Tower with Radar,31,51,17,0,99,0,7,75,4,86,31,58,92,4,185,14,0,14,199
06/26/2006,BIL,MT,ANM,WE,Combined TRACON& Tower with Radar,73,76,45,0,194,0,32,85,0,117,73,108,130,0,311,148,0,148,459
06/27/2006,BIL,MT,ANM,WE,Combined TRACON& Tower with Radar,33,114,37,0,184,0,22,55,1,78,33,136,92,1,262,44,0,44,306
06/28/2006,BIL,MT,ANM,WE,Combined TRACON& Tower with Radar,53,93,51,0,197,0,27,114,0,141,53,120,165,0,338,62,0,62,400
06/29/2006,BIL,MT,ANM,WE,Combined TRACON& Tower with Radar,33,117,59,1,210,0,19,54,1,74,33,136,113,2,284,56,0,56,340
06/30/2006,BIL,MT,ANM,WE,Combined TRACON& Tower with Radar,41,109,52,0,202,0,38,84,1,123,41,147,136,1,325,26,0,26,351
07/01/2006,BIL,MT,ANM,WE,Combined TRACON& Tower with Radar,37,69,24,0,130,0,8,69,0,77,37,77,93,0,207,18,0,18,225
07/02/2006,BIL,MT,ANM,WE,Combined TRACON& Tower with Radar,36,43,19,0,98,0,3,68,2,73,36,46,87,2,171,22,0,22,193
07/03/2006,BIL,MT,ANM,WE,Combined TRACON& Tower with Radar,26,87,22,0,135,0,15,53,0,68,26,102,75,0,203,100,0,100,303
07/04/2006,BIL,MT,ANM,WE,Combined TRACON& Tower with Radar,17,67,16,0,100,0,10,47,0,57,17,77,63,0,157,10,0,10,167
07/05/2006,BIL,MT,ANM,WE,Combined TRACON& Tower with Radar,38,84,54,0,176,0,17,54,0,71,38,101,108,0,247,42,0,42,289
07/06/2006,BIL,MT,ANM,WE,Combined TRACON& Tower with Radar,33,106,32,0,171,0,54,75,0,129,33,160,107,0,300,54,0,54,354
07/07/2006,BIL,MT,ANM,WE,Combined TRACON& Tower with Radar,38,122,44,0,204,0,46,88,0,134,38,168,132,0,338,38,0,38,376
07/08/2006,BIL,MT,ANM,WE,Combined TRACON& Tower with Radar,30,77,50,0,157,0,34,90,2,126,30,111,140,2,283,70,0,70,353
07/09/2006,BIL,MT,ANM,WE,Combined TRACON& Tower with Radar,32,43,19,2,96,0,2,50,0,52,32,45,69,2,148,28,0,28,176
07/10/2006,BIL,MT,ANM,WE,Combined TRACON& Tower with Radar,31,96,39,0,166,0,71,69,0,140,31,167,108,0,306,30,0,30,336
07/11/2006,BIL,MT,ANM,WE,Combined TRACON& Tower with Radar,37,100,45,0,182,0,53,128,0,181,37,153,173,0,363,32,0,32,395
07/12/2006,BIL,MT,ANM,WE,Combined TRACON& Tower with Radar,41,104,30,0,175,0,46,89,0,135,41,150,119,0,310,42,0,42,352
07/13/2006,BIL,MT,ANM,WE,Combined TRACON& Tower with Radar,43,99,46,0,188,0,35,219,0,254,43,134,265,0,442,25,0,25,467
07/14/2006,BIL,MT,ANM,WE,Combined TRACON& Tower with Radar,42,107,47,0,196,0,42,185,2,229,42,149,232,2,425,26,16,42,467
07/15/2006,BIL,MT,ANM,WE,Combined TRACON& Tower with Radar,41,75,23,0,139,1,69,150,0,220,42,144,173,0,359,50,0,50,409
07/16/2006,BIL,MT,ANM,WE,Combined TRACON& Tower with Radar,42,54,30,0,126,0,25,256,0,281,42,79,286,0,407,22,2,24,431
07/17/2006,BIL,MT,ANM,WE,Combined TRACON& Tower with Radar,34,94,58,0,186,0,13,157,0,170,34,107,215,0,356,26,0,26,382
07/18/2006,BIL,MT,ANM,WE,Combined TRACON& Tower with Radar,42,90,63,5,200,1,54,134,4,193,43,144,197,9,393,62,0,62,455
07/19/2006,BIL,MT,ANM,WE,Combined TRACON& Tower with Radar,45,110,70,0,225,0,20,129,0,149,45,130,199,0,374,44,0,44,418
07/20/2006,BIL,MT,ANM,WE,Combined TRACON& Tower with Radar,41,80,49,0,170,0,21,78,0,99,41,101,127,0,269,34,0,34,303
07/21/2006,BIL,MT,ANM,WE,Combined TRACON& Tower with Radar,44,107,58,1,210,0,18,133,1,152,44,125,191,2,362,26,0,26,388
07/22/2006,BIL,MT,ANM,WE,Combined TRACON& Tower with Radar,35,73,35,3,146,0,12,106,0,118,35,85,141,3,264,52,0,52,316
07/23/2006,BIL,MT,ANM,WE,Combined TRACON& Tower with Radar,31,54,33,0,118,0,17,80,0,97,31,71,113,0,215,44,0,44,259
07/24/2006,BIL,MT,ANM,WE,Combined TRACON& Tower with Radar,28,93,43,0,164,0,23,94,0,117,28,116,137,0,281,24,0,24,305
07/25/2006,BIL,MT,ANM,WE,Combined TRACON& Tower with Radar,38,104,43,0,185,0,29,53,4,86,38,133,96,4,271,52,0,52,323
07/26/2006,BIL,MT,ANM,WE,Combined TRACON& Tower with Radar,42,91,47,0,180,0,22,132,0,154,42,113,179,0,334,68,0,68,402
07/27/2006,BIL,MT,ANM,WE,Combined TRACON& Tower with Radar,42,104,53,1,200,0,19,113,2,134,42,123,166,3,334,56,0,56,390
07/28/2006,BIL,MT,ANM,WE,Combined TRACON& Tower with Radar,42,96,40,0,178,0,15,65,2,82,42,111,105,2,260,28,0,28,288
07/29/2006,BIL,MT,ANM,WE,Combined TRACON& Tower with Radar,32,65,21,2,120,0,15,94,5,114,32,80,115,7,234,6,0,6,240
07/30/2006,BIL,MT,ANM,WE,Combined TRACON& Tower with Radar,29,51,16,1,97,0,14,80,2,96,29,65,96,3,193,12,0,12,205
07/31/2006,BIL,MT,ANM,WE,Combined TRACON& Tower with Radar,32,73,33,0,138,0,15,66,0,81,32,88,99,0,219,58,0,58,277
08/01/2006,BIL,MT,ANM,WE,Combined TRACON& Tower with Radar,41,100,32,0,173,0,19,42,0,61,41,119,74,0,234,12,0,12,246
08/02/2006,BIL,MT,ANM,WE,Combined TRACON& Tower with Radar,41,105,38,0,184,0,29,118,0,147,41,134,156,0,331,52,0,52,383
08/03/2006,BIL,MT,ANM,WE,Combined TRACON& Tower with Radar,35,118,44,0,197,0,17,100,0,117,35,135,144,0,314,54,0,54,368
08/04/2006,BIL,MT,ANM,WE,Combined TRACON& Tower with Radar,38,116,36,3,193,1,16,90,2,109,39,132,126,5,302,96,0,96,398
08/05/2006,BIL,MT,ANM,WE,Combined TRACON& Tower with Radar,36,77,25,0,138,0,22,41,4,67,36,99,66,4,205,48,0,48,253
08/06/2006,BIL,MT,ANM,WE,Combined TRACON& Tower with Radar,36,59,19,1,115,0,7,69,6,82,36,66,88,7,197,52,0,52,249
08/07/2006,BIL,MT,ANM,WE,Combined TRACON& Tower with Radar,32,84,60,1,177,0,19,60,3,82,32,103,120,4,259,26,8,34,293
08/08/2006,BIL,MT,ANM,WE,Combined TRACON& Tower with Radar,39,116,49,3,207,0,19,68,5,92,39,135,117,8,299,28,0,28,327
08/09/2006,BIL,MT,ANM,WE,Combined TRACON& Tower with Radar,42,102,57,1,202,0,27,132,0,159,42,129,189,1,361,76,0,76,437
08/10/2006,BIL,MT,ANM,WE,Combined TRACON& Tower with Radar,37,107,49,0,193,0,19,121,0,140,37,126,170,0,333,66,0,66,399
08/11/2006,BIL,MT,ANM,WE,Combined TRACON& Tower with Radar,40,108,23,1,172,0,18,86,0,104,40,126,109,1,276,62,0,62,338
08/12/2006,BIL,MT,ANM,WE,Combined TRACON& Tower with Radar,37,67,13,0,117,0,11,75,0,86,37,78,88,0,203,4,0,4,207
08/13/2006,BIL,MT,ANM,WE,Combined TRACON& Tower with Radar,35,47,25,0,107,0,7,54,0,61,35,54,79,0,168,48,0,48,216
08/14/2006,BIL,MT,ANM,WE,Combined TRACON& Tower with Radar,38,100,55,0,193,0,14,91,0,105,38,114,146,0,298,58,0,58,356
08/15/2006,BIL,MT,ANM,WE,Combined TRACON& Tower with Radar,41,100,39,1,181,0,14,54,2,70,41,114,93,3,251,18,0,18,269
08/16/2006,BIL,MT,ANM,WE,Combined TRACON& Tower with Radar,47,107,52,1,207,0,20,63,3,86,47,127,115,4,293,30,0,30,323
08/17/2006,BIL,MT,ANM,WE,Combined TRACON& Tower with Radar,56,92,45,0,193,0,4,62,1,67,56,96,107,1,260,86,0,86,346
08/18/2006,BIL,MT,ANM,WE,Combined TRACON& Tower with Radar,48,107,54,3,212,0,15,66,4,85,48,122,120,7,297,42,0,42,339
08/19/2006,BIL,MT,ANM,WE,Combined TRACON& Tower with Radar,35,65,21,0,121,0,26,72,1,99,35,91,93,1,220,32,0,32,252
08/20/2006,BIL,MT,ANM,WE,Combined TRACON& Tower with Radar,37,44,32,0,113,0,7,43,4,54,37,51,75,4,167,26,0,26,193
08/21/2006,BIL,MT,ANM,WE,Combined TRACON& Tower with Radar,33,71,62,0,166,0,12,87,0,99,33,83,149,0,265,56,0,56,321
08/22/2006,BIL,MT,ANM,WE,Combined TRACON& Tower with Radar,33,103,46,0,182,0,25,247,0,272,33,128,293,0,454,40,0,40,494
08/23/2006,BIL,MT,ANM,WE,Combined TRACON& Tower with Radar,45,95,49,0,189,0,23,130,0,153,45,118,179,0,342,24,0,24,366
08/24/2006,BIL,MT,ANM,WE,Combined TRACON& Tower with Radar,46,95,48,0,189,0,22,83,0,105,46,117,131,0,294,74,0,74,368
08/25/2006,BIL,MT,ANM,WE,Combined TRACON& Tower with Radar,37,116,53,0,206,0,34,61,0,95,37,150,114,0,301,70,0,70,371
08/26/2006,BIL,MT,ANM,WE,Combined TRACON& Tower with Radar,36,86,31,0,153,0,11,77,0,88,36,97,108,0,241,88,0,88,329
08/27/2006,BIL,MT,ANM,WE,Combined TRACON& Tower with Radar,23,60,37,0,120,0,20,57,0,77,23,80,94,0,197,104,0,104,301
08/28/2006,BIL,MT,ANM,WE,Combined TRACON& Tower with Radar,29,83,40,2,154,5,51,75,0,131,34,134,115,2,285,36,0,36,321
08/29/2006,BIL,MT,ANM,WE,Combined TRACON& Tower with Radar,35,120,56,0,211,0,30,104,0,134,35,150,160,0,345,68,0,68,413
08/30/2006,BIL,MT,ANM,WE,Combined TRACON& Tower with Radar,34,140,54,0,228,0,35,117,0,152,34,175,171,0,380,32,0,32,412
08/31/2006,BIL,MT,ANM,WE,Combined TRACON& Tower with Radar,35,127,51,0,213,0,25,85,0,110,35,152,136,0,323,88,0,88,411
09/01/2006,BIL,MT,ANM,WE,Combined TRACON& Tower with Radar,34,108,33,1,176,0,25,74,0,99,34,133,107,1,275,32,0,32,307
09/02/2006,BIL,MT,ANM,WE,Combined TRACON& Tower with Radar,26,77,7,0,110,0,27,145,3,175,26,104,152,3,285,80,0,80,365
09/03/2006,BIL,MT,ANM,WE,Combined TRACON& Tower with Radar,22,40,11,0,73,0,10,62,0,72,22,50,73,0,145,22,0,22,167
09/04/2006,BIL,MT,ANM,WE,Combined TRACON& Tower with Radar,19,68,16,0,103,0,28,77,0,105,19,96,93,0,208,28,0,28,236
09/05/2006,BIL,MT,ANM,WE,Combined TRACON& Tower with Radar,27,81,46,0,154,0,16,54,0,70,27,97,100,0,224,100,0,100,324
09/06/2006,BIL,MT,ANM,WE,Combined TRACON& Tower with Radar,38,106,50,2,196,0,31,78,0,109,38,137,128,2,305,76,0,76,381
09/07/2006,BIL,MT,ANM,WE,Combined TRACON& Tower with Radar,37,108,42,0,187,0,14,73,0,87,37,122,115,0,274,48,0,48,322
09/08/2006,BIL,MT,ANM,WE,Combined TRACON& Tower with Radar,37,123,35,3,198,0,14,51,6,71,37,137,86,9,269,68,0,68,337
09/09/2006,BIL,MT,ANM,WE,Combined TRACON& Tower with Radar,29,65,15,3,112,0,15,61,1,77,29,80,76,4,189,60,0,60,249
09/10/2006,BIL,MT,ANM,WE,Combined TRACON& Tower with Radar,24,55,23,5,107,0,7,49,1,57,24,62,72,6,164,52,0,52,216
09/11/2006,BIL,MT,ANM,WE,Combined TRACON& Tower with Radar,25,90,34,0,149,0,29,72,0,101,25,119,106,0,250,98,0,98,348
09/12/2006,BIL,MT,ANM,WE,Combined TRACON& Tower with Radar,37,109,53,0,199,0,29,79,0,108,37,138,132,0,307,58,0,58,365
09/13/2006,BIL,MT,ANM,WE,Combined TRACON& Tower with Radar,36,119,62,0,217,0,32,54,0,86,36,151,116,0,303,46,0,46,349
09/14/2006,BIL,MT,ANM,WE,Combined TRACON& Tower with Radar,32,122,38,0,192,0,15,44,3,62,32,137,82,3,254,46,0,46,300
09/15/2006,BIL,MT,ANM,WE,Combined TRACON& Tower with Radar,31,128,57,0,216,0,8,17,0,25,31,136,74,0,241,8,0,8,249
09/16/2006,BIL,MT,ANM,WE,Combined TRACON& Tower with Radar,35,70,20,0,125,0,6,0,0,6,35,76,20,0,131,4,0,4,135
09/17/2006,BIL,MT,ANM,WE,Combined TRACON& Tower with Radar,24,50,12,0,86,0,2,4,0,6,24,52,16,0,92,0,0,0,92
09/18/2006,BIL,MT,ANM,WE,Combined TRACON& Tower with Radar,25,98,58,0,181,0,14,77,0,91,25,112,135,0,272,87,0,87,359
09/19/2006,BIL,MT,ANM,WE,Combined TRACON& Tower with Radar,37,132,29,5,203,0,21,76,0,97,37,153,105,5,300,220,8,228,528
09/20/2006,BIL,MT,ANM,WE,Combined TRACON& Tower with Radar,34,121,55,0,210,2,17,30,0,49,36,138,85,0,259,142,0,142,401
09/21/2006,BIL,MT,ANM,WE,Combined TRACON& Tower with Radar,36,128,33,0,197,4,20,36,0,60,40,148,69,0,257,48,0,48,305
09/22/2006,BIL,MT,ANM,WE,Combined TRACON& Tower with Radar,25,142,34,0,201,0,5,14,0,19,25,147,48,0,220,66,0,66,286
09/23/2006,BIL,MT,ANM,WE,Combined TRACON& Tower with Radar,26,62,34,10,132,0,12,73,3,88,26,74,107,13,220,162,2,164,384
09/24/2006,BIL,MT,ANM,WE,Combined TRACON& Tower with Radar,21,60,26,1,108,0,30,75,0,105,21,90,101,1,213,38,0,38,251
09/25/2006,BIL,MT,ANM,WE,Combined TRACON& Tower with Radar,34,90,70,0,194,0,24,94,0,118,34,114,164,0,312,80,0,80,392
09/26/2006,BIL,MT,ANM,WE,Combined TRACON& Tower with Radar,31,97,50,0,178,0,22,59,0,81,31,119,109,0,259,58,0,58,317
09/27/2006,BIL,MT,ANM,WE,Combined TRACON& Tower with Radar,36,114,51,0,201,0,18,40,0,58,36,132,91,0,259,68,0,68,327
09/28/2006,BIL,MT,ANM,WE,Combined TRACON& Tower with Radar,37,107,55,0,199,0,20,45,1,66,37,127,100,1,265,44,0,44,309
09/29/2006,BIL,MT,ANM,WE,Combined TRACON& Tower with Radar,42,104,44,0,190,0,14,40,9,63,42,118,84,9,253,102,0,102,355
09/30/2006,BIL,MT,ANM,WE,Combined TRACON& Tower with Radar,33,54,25,0,112,0,20,75,0,95,33,74,100,0,207,74,0,74,281
10/01/2006,BIL,MT,ANM,WE,Combined TRACON& Tower with Radar,26,43,25,1,95,0,6,49,0,55,26,49,74,1,150,76,0,76,226
10/02/2006,BIL,MT,ANM,WE,Combined TRACON& Tower with Radar,25,87,36,7,155,0,19,85,0,104,25,106,121,7,259,42,2,44,303
10/03/2006,BIL,MT,ANM,WE,Combined TRACON& Tower with Radar,29,124,37,2,192,0,8,21,0,29,29,132,58,2,221,28,0,28,249
10/04/2006,BIL,MT,ANM,WE,Combined TRACON& Tower with Radar,42,108,44,0,194,0,8,26,0,34,42,116,70,0,228,26,0,26,254
10/05/2006,BIL,MT,ANM,WE,Combined TRACON& Tower with Radar,32,106,68,0,206,0,18,69,0,87,32,124,137,0,293,98,0,98,391
10/06/2006,BIL,MT,ANM,WE,Combined TRACON& Tower with Radar,32,120,53,0,205,0,33,80,0,113,32,153,133,0,318,58,0,58,376
10/07/2006,BIL,MT,ANM,WE,Combined TRACON& Tower with Radar,30,110,11,0,151,0,5,9,0,14,30,115,20,0,165,50,0,50,215
10/08/2006,BIL,MT,ANM,WE,Combined TRACON& Tower with Radar,28,55,19,0,102,0,11,34,0,45,28,66,53,0,147,66,0,66,213
10/09/2006,BIL,MT,ANM,WE,Combined TRACON& Tower with Radar,29,96,10,0,135,0,4,3,0,7,29,100,13,0,142,0,0,0,142
10/10/2006,BIL,MT,ANM,WE,Combined TRACON& Tower with Radar,31,113,67,0,211,0,15,64,2,81,31,128,131,2,292,70,0,70,362
10/11/2006,BIL,MT,ANM,WE,Combined TRACON& Tower with Radar,33,111,27,2,173,0,1,12,0,13,33,112,39,2,186,0,0,0,186
10/12/2006,BIL,MT,ANM,WE,Combined TRACON& Tower with Radar,34,129,26,0,189,0,16,63,0,79,34,145,89,0,268,82,0,82,350
10/13/2006,BIL,MT,ANM,WE,Combined TRACON& Tower with Radar,36,100,58,0,194,0,26,92,4,122,36,126,150,4,316,50,82,132,448
10/14/2006,BIL,MT,ANM,WE,Combined TRACON& Tower with Radar,28,64,39,1,132,0,11,106,4,121,28,75,145,5,253,484,0,484,737
10/15/2006,BIL,MT,ANM,WE,Combined TRACON& Tower with Radar,21,52,23,0,96,0,4,76,14,94,21,56,99,14,190,388,0,388,578
10/16/2006,BIL,MT,ANM,WE,Combined TRACON& Tower with Radar,22,96,22,0,140,0,0,11,0,11,22,96,33,0,151,74,0,74,225
10/17/2006,BIL,MT,ANM,WE,Combined TRACON& Tower with Radar,30,116,29,0,175,0,1,5,0,6,30,117,34,0,181,90,0,90,271
10/18/2006,BIL,MT,ANM,WE,Combined TRACON& Tower with Radar,30,109,40,0,179,0,10,107,7,124,30,119,147,7,303,148,0,148,451
10/19/2006,BIL,MT,ANM,WE,Combined TRACON& Tower with Radar,35,108,44,0,187,0,10,36,0,46,35,118,80,0,233,54,0,54,287
10/20/2006,BIL,MT,ANM,WE,Combined TRACON& Tower with Radar,35,117,22,0,174,0,2,10,0,12,35,119,32,0,186,8,0,8,194
10/21/2006,BIL,MT,ANM,WE,Combined TRACON& Tower with Radar,30,64,12,0,106,0,7,27,0,34,30,71,39,0,140,46,0,46,186
10/22/2006,BIL,MT,ANM,WE,Combined TRACON& Tower with Radar,21,41,17,0,79,0,9,69,5,83,21,50,86,5,162,22,0,22,184
10/23/2006,BIL,MT,ANM,WE,Combined TRACON& Tower with Radar,28,96,42,0,166,0,13,63,17,93,28,109,105,17,259,50,0,50,309
10/24/2006,BIL,MT,ANM,WE,Combined TRACON& Tower with Radar,34,89,34,0,157,0,21,91,0,112,34,110,125,0,269,58,0,58,327
10/25/2006,BIL,MT,ANM,WE,Combined TRACON& Tower with Radar,45,100,55,0,200,0,17,38,0,55,45,117,93,0,255,26,0,26,281
10/26/2006,BIL,MT,ANM,WE,Combined TRACON& Tower with Radar,37,92,53,0,182,0,16,56,0,72,37,108,109,0,254,44,0,44,298
10/27/2006,BIL,MT,ANM,WE,Combined TRACON& Tower with Radar,36,100,31,0,167,0,22,46,0,68,36,122,77,0,235,40,0,40,275
10/28/2006,BIL,MT,ANM,WE,Combined TRACON& Tower with Radar,33,55,15,0,103,0,10,51,0,61,33,65,66,0,164,12,0,12,176
10/29/2006,BIL,MT,ANM,WE,Combined TRACON& Tower with Radar,24,65,28,2,119,0,9,20,1,30,24,74,48,3,149,4,0,4,153
10/30/2006,BIL,MT,ANM,WE,Combined TRACON& Tower with Radar,29,110,40,2,181,0,4,15,0,19,29,114,55,2,200,2,0,2,202
10/31/2006,BIL,MT,ANM,WE,Combined TRACON& Tower with Radar,33,101,42,0,176,0,16,62,0,78,33,117,104,0,254,54,0,54,308
11/01/2006,BIL,MT,ANM,WE,Combined TRACON& Tower with Radar,36,89,68,2,195,0,14,55,8,77,36,103,123,10,272,62,0,62,334
11/02/2006,BIL,MT,ANM,WE,Combined TRACON& Tower with Radar,30,111,60,6,207,0,19,27,1,47,30,130,87,7,254,148,0,148,402
11/03/2006,BIL,MT,ANM,WE,Combined TRACON& Tower with Radar,33,115,25,2,175,0,14,54,0,68,33,129,79,2,243,96,0,96,339
11/04/2006,BIL,MT,ANM,WE,Combined TRACON& Tower with Radar,28,68,25,0,121,0,7,68,0,75,28,75,93,0,196,72,0,72,268
11/05/2006,BIL,MT,ANM,WE,Combined TRACON& Tower with Radar,25,37,13,0,75,0,3,11,0,14,25,40,24,0,89,6,0,6,95
11/06/2006,BIL,MT,ANM,WE,Combined TRACON& Tower with Radar,26,79,44,0,149,0,10,30,0,40,26,89,74,0,189,20,0,20,209
11/07/2006,BIL,MT,ANM,WE,Combined TRACON& Tower with Radar,33,93,38,0,164,0,22,26,0,48,33,115,64,0,212,100,0,100,312
11/08/2006,BIL,MT,ANM,WE,Combined TRACON& Tower with Radar,36,98,38,0,172,0,13,26,0,39,36,111,64,0,211,26,0,26,237
11/09/2006,BIL,MT,ANM,WE,Combined TRACON& Tower with Radar,34,107,20,0,161,0,3,8,0,11,34,110,28,0,172,32,0,32,204
11/10/2006,BIL,MT,ANM,WE,Combined TRACON& Tower with Radar,32,100,28,0,160,0,6,15,0,21,32,106,43,0,181,32,0,32,213
11/11/2006,BIL,MT,ANM,WE,Combined TRACON& Tower with Radar,37,86,47,2,172,0,10,51,0,61,37,96,98,2,233,44,14,58,291
11/12/2006,BIL,MT,ANM,WE,Combined TRACON& Tower with Radar,23,58,27,0,108,0,8,42,0,50,23,66,69,0,158,36,0,36,194
11/13/2006,BIL,MT,ANM,WE,Combined TRACON& Tower with Radar,24,77,21,0,122,0,7,14,0,21,24,84,35,0,143,10,0,10,153
11/14/2006,BIL,MT,ANM,WE,Combined TRACON& Tower with Radar,30,117,54,0,201,0,4,30,0,34,30,121,84,0,235,12,0,12,247
11/15/2006,BIL,MT,ANM,WE,Combined TRACON& Tower with Radar,40,104,49,0,193,0,25,48,0,73,40,129,97,0,266,92,0,92,358
11/16/2006,BIL,MT,ANM,WE,Combined TRACON& Tower with Radar,34,96,57,2,189,0,5,46,0,51,34,101,103,2,240,64,0,64,304
11/17/2006,BIL,MT,ANM,WE,Combined TRACON& Tower with Radar,35,121,70,5,231,0,20,75,0,95,35,141,145,5,326,146,0,146,472
11/18/2006,BIL,MT,ANM,WE,Combined TRACON& Tower with Radar,33,70,22,1,126,0,20,49,1,70,33,90,71,2,196,101,0,101,297
11/19/2006,BIL,MT,ANM,WE,Combined TRACON& Tower with Radar,25,48,36,0,109,0,8,36,0,44,25,56,72,0,153,50,0,50,203
11/20/2006,BIL,MT,ANM,WE,Combined TRACON& Tower with Radar,31,84,53,0,168,0,10,44,0,54,31,94,97,0,222,60,0,60,282
11/21/2006,BIL,MT,ANM,WE,Combined TRACON& Tower with Radar,34,101,30,0,165,0,22,49,0,71,34,123,79,0,236,40,0,40,276
11/22/2006,BIL,MT,ANM,WE,Combined TRACON& Tower with Radar,41,92,58,0,191,0,24,78,0,102,41,116,136,0,293,92,0,92,385
11/23/2006,BIL,MT,ANM,WE,Combined TRACON& Tower with Radar,16,63,8,0,87,0,5,6,0,11,16,68,14,0,98,0,0,0,98
11/24/2006,BIL,MT,ANM,WE,Combined TRACON& Tower with Radar,33,87,10,0,130,0,10,23,0,33,33,97,33,0,163,12,0,12,175
11/25/2006,BIL,MT,ANM,WE,Combined TRACON& Tower with Radar,30,67,18,0,115,0,2,1,0,3,30,69,19,0,118,0,0,0,118
11/26/2006,BIL,MT,ANM,WE,Combined TRACON& Tower with Radar,23,38,17,0,78,0,2,1,0,3,23,40,18,0,81,0,0,0,81
11/27/2006,BIL,MT,ANM,WE,Combined TRACON& Tower with Radar,31,92,43,0,166,0,0,1,0,1,31,92,44,0,167,6,0,6,173
11/28/2006,BIL,MT,ANM,WE,Combined TRACON& Tower with Radar,38,104,33,0,175,2,13,14,0,29,40,117,47,0,204,48,0,48,252
11/29/2006,BIL,MT,ANM,WE,Combined TRACON& Tower with Radar,43,107,58,7,215,0,9,33,0,42,43,116,91,7,257,26,0,26,283
11/30/2006,BIL,MT,ANM,WE,Combined TRACON& Tower with Radar,27,111,31,1,170,1,6,16,0,23,28,117,47,1,193,14,0,14,207
12/01/2006,BIL,MT,ANM,WE,Combined TRACON& Tower with Radar,31,124,27,0,182,0,6,19,0,25,31,130,46,0,207,4,0,4,211
12/02/2006,BIL,MT,ANM,WE,Combined TRACON& Tower with Radar,31,73,28,0,132,0,9,18,0,27,31,82,46,0,159,36,0,36,195
12/03/2006,BIL,MT,ANM,WE,Combined TRACON& Tower with Radar,29,43,25,2,99,0,1,24,0,25,29,44,49,2,124,4,14,18,142
12/04/2006,BIL,MT,ANM,WE,Combined TRACON& Tower with Radar,27,77,41,1,146,0,22,49,0,71,27,99,90,1,217,38,0,38,255
12/05/2006,BIL,MT,ANM,WE,Combined TRACON& Tower with Radar,34,107,51,0,192,0,10,27,0,37,34,117,78,0,229,44,0,44,273
12/06/2006,BIL,MT,ANM,WE,Combined TRACON& Tower with Radar,33,110,32,0,175,0,3,34,0,37,33,113,66,0,212,42,0,42,254
12/07/2006,BIL,MT,ANM,WE,Combined TRACON& Tower with Radar,34,103,46,0,183,0,11,26,0,37,34,114,72,0,220,31,0,31,251
12/08/2006,BIL,MT,ANM,WE,Combined TRACON& Tower with Radar,29,143,60,1,233,0,22,76,0,98,29,165,136,1,331,40,0,40,371
12/09/2006,BIL,MT,ANM,WE,Combined TRACON& Tower with Radar,35,60,16,0,111,1,10,77,0,88,36,70,93,0,199,54,0,54,253
12/10/2006,BIL,MT,ANM,WE,Combined TRACON& Tower with Radar,31,35,10,1,77,0,7,29,0,36,31,42,39,1,113,52,0,52,165
12/11/2006,BIL,MT,ANM,WE,Combined TRACON& Tower with Radar,30,107,58,0,195,0,20,87,0,107,30,127,145,0,302,50,0,50,352
12/12/2006,BIL,MT,ANM,WE,Combined TRACON& Tower with Radar,33,119,54,0,206,0,21,62,0,83,33,140,116,0,289,80,0,80,369
12/13/2006,BIL,MT,ANM,WE,Combined TRACON& Tower with Radar,41,99,48,4,192,0,15,36,0,51,41,114,84,4,243,28,0,28,271
12/14/2006,BIL,MT,ANM,WE,Combined TRACON& Tower with Radar,45,103,50,0,198,0,26,54,2,82,45,129,104,2,280,66,0,66,346
12/15/2006,BIL,MT,ANM,WE,Combined TRACON& Tower with Radar,48,95,28,0,171,0,23,20,0,43,48,118,48,0,214,4,0,4,218
12/16/2006,BIL,MT,ANM,WE,Combined TRACON& Tower with Radar,32,69,28,0,129,0,9,20,0,29,32,78,48,0,158,46,0,46,204
12/17/2006,BIL,MT,ANM,WE,Combined TRACON& Tower with Radar,33,41,20,0,94,0,5,31,0,36,33,46,51,0,130,66,0,66,196
12/18/2006,BIL,MT,ANM,WE,Combined TRACON& Tower with Radar,30,82,28,0,140,0,10,46,0,56,30,92,74,0,196,60,0,60,256
12/19/2006,BIL,MT,ANM,WE,Combined TRACON& Tower with Radar,52,96,36,2,186,0,13,43,3,59,52,109,79,5,245,26,0,26,271
12/20/2006,BIL,MT,ANM,WE,Combined TRACON& Tower with Radar,38,102,53,1,194,0,14,44,2,60,38,116,97,3,254,56,2,58,312
12/21/2006,BIL,MT,ANM,WE,Combined TRACON& Tower with Radar,35,106,48,0,189,0,11,39,0,50,35,117,87,0,239,58,0,58,297
12/22/2006,BIL,MT,ANM,WE,Combined TRACON& Tower with Radar,41,126,23,0,190,0,1,0,0,1,41,127,23,0,191,0,0,0,191
12/23/2006,BIL,MT,ANM,WE,Combined TRACON& Tower with Radar,33,74,16,0,123,0,12,20,0,32,33,86,36,0,155,2,0,2,157
12/24/2006,BIL,MT,ANM,WE,Combined TRACON& Tower with Radar,31,30,9,0,70,0,1,14,0,15,31,31,23,0,85,8,0,8,93
12/25/2006,BIL,MT,ANM,WE,Combined TRACON& Tower with Radar,18,51,9,0,78,0,7,5,0,12,18,58,14,0,90,14,0,14,104
12/26/2006,BIL,MT,ANM,WE,Combined TRACON& Tower with Radar,26,90,14,0,130,0,12,13,0,25,26,102,27,0,155,28,0,28,183
12/27/2006,BIL,MT,ANM,WE,Combined TRACON& Tower with Radar,38,100,26,0,164,0,14,36,0,50,38,114,62,0,214,52,0,52,266
12/28/2006,BIL,MT,ANM,WE,Combined TRACON& Tower with Radar,46,98,6,0,150,0,0,0,0,0,46,98,6,0,150,0,0,0,150
12/29/2006,BIL,MT,ANM,WE,Combined TRACON& Tower with Radar,37,115,23,0,175,0,2,15,0,17,37,117,38,0,192,22,0,22,214
12/30/2006,BIL,MT,ANM,WE,Combined TRACON& Tower with Radar,44,55,10,0,109,0,9,34,0,43,44,64,44,0,152,34,0,34,186
12/31/2006,BIL,MT,ANM,WE,Combined TRACON& Tower with Radar,24,30,4,0,58,0,3,16,0,19,24,33,20,0,77,8,0,8,85
01/01/2007,BIL,MT,ANM,WE,Combined TRACON& Tower with Radar,26,51,13,0,90,0,19,25,0,44,26,70,38,0,134,30,0,30,164
01/02/2007,BIL,MT,ANM,WE,Combined TRACON& Tower with Radar,32,75,14,0,121,0,20,20,0,40,32,95,34,0,161,18,0,18,179
01/03/2007,BIL,MT,ANM,WE,Combined TRACON& Tower with Radar,29,85,36,0,150,0,11,29,0,40,29,96,65,0,190,0,0,0,190
01/04/2007,BIL,MT,ANM,WE,Combined TRACON& Tower with Radar,26,98,34,0,158,0,8,37,3,48,26,106,71,3,206,34,0,34,240
01/05/2007,BIL,MT,ANM,WE,Combined TRACON& Tower with Radar,29,85,33,0,147,0,16,51,0,67,29,101,84,0,214,34,0,34,248
01/06/2007,BIL,MT,ANM,WE,Combined TRACON& Tower with Radar,28,66,6,0,100,0,0,1,0,1,28,66,7,0,101,0,0,0,101
01/07/2007,BIL,MT,ANM,WE,Combined TRACON& Tower with Radar,24,50,30,0,104,0,1,17,0,18,24,51,47,0,122,22,0,22,144
01/08/2007,BIL,MT,ANM,WE,Combined TRACON& Tower with Radar,28,77,21,0,126,0,21,12,0,33,28,98,33,0,159,0,0,0,159
01/09/2007,BIL,MT,ANM,WE,Combined TRACON& Tower with Radar,28,86,34,0,148,0,17,35,0,52,28,103,69,0,200,56,0,56,256
01/10/2007,BIL,MT,ANM,WE,Combined TRACON& Tower with Radar,38,89,25,4,156,0,13,27,0,40,38,102,52,4,196,36,0,36,232
01/11/2007,BIL,MT,ANM,WE,Combined TRACON& Tower with Radar,29,94,6,2,131,0,0,2,0,2,29,94,8,2,133,0,0,0,133
01/12/2007,BIL,MT,ANM,WE,Combined TRACON& Tower with Radar,26,96,18,3,143,0,12,25,0,37,26,108,43,3,180,36,0,36,216
01/13/2007,BIL,MT,ANM,WE,Combined TRACON& Tower with Radar,28,65,40,0,133,0,8,38,0,46,28,73,78,0,179,68,0,68,247
01/14/2007,BIL,MT,ANM,WE,Combined TRACON& Tower with Radar,27,31,22,0,80,0,7,21,0,28,27,38,43,0,108,86,0,86,194
01/15/2007,BIL,MT,ANM,WE,Combined TRACON& Tower with Radar,19,81,30,0,130,0,20,74,0,94,19,101,104,0,224,170,0,170,394
01/16/2007,BIL,MT,ANM,WE,Combined TRACON& Tower with Radar,40,78,29,0,147,7,11,32,0,50,47,89,61,0,197,10,0,10,207
01/17/2007,BIL,MT,ANM,WE,Combined TRACON& Tower with Radar,35,88,43,0,166,0,10,44,0,54,35,98,87,0,220,58,0,58,278
01/18/2007,BIL,MT,ANM,WE,Combined TRACON& Tower with Radar,25,90,51,1,167,0,11,51,0,62,25,101,102,1,229,72,0,72,301
01/19/2007,BIL,MT,ANM,WE,Combined TRACON& Tower with Radar,33,78,48,0,159,0,22,40,0,62,33,100,88,0,221,26,0,26,247
01/20/2007,BIL,MT,ANM,WE,Combined TRACON& Tower with Radar,31,68,42,0,141,0,9,35,0,44,31,77,77,0,185,60,0,60,245
01/21/2007,BIL,MT,ANM,WE,Combined TRACON& Tower with Radar,28,27,7,0,62,0,0,33,0,33,28,27,40,0,95,30,0,30,125
01/22/2007,BIL,MT,ANM,WE,Combined TRACON& Tower with Radar,24,65,39,0,128,0,6,60,0,66,24,71,99,0,194,22,0,22,216
01/23/2007,BIL,MT,ANM,WE,Combined TRACON& Tower with Radar,28,77,32,0,137,0,10,57,0,67,28,87,89,0,204,30,0,30,234
01/24/2007,BIL,MT,ANM,WE,Combined TRACON& Tower with Radar,29,81,33,0,143,0,26,52,0,78,29,107,85,0,221,64,0,64,285
01/25/2007,BIL,MT,ANM,WE,Combined TRACON& Tower with Radar,31,84,52,0,167,0,23,46,0,69,31,107,98,0,236,14,0,14,250
01/26/2007,BIL,MT,ANM,WE,Combined TRACON& Tower with Radar,32,83,19,0,134,0,20,50,0,70,32,103,69,0,204,36,0,36,240
01/27/2007,BIL,MT,ANM,WE,Combined TRACON& Tower with Radar,25,53,23,0,101,0,5,55,0,60,25,58,78,0,161,138,0,138,299
01/28/2007,BIL,MT,ANM,WE,Combined TRACON& Tower with Radar,21,53,13,0,87,0,4,21,0,25,21,57,34,0,112,10,0,10,122
01/29/2007,BIL,MT,ANM,WE,Combined TRACON& Tower with Radar,22,73,25,0,120,1,22,39,0,62,23,95,64,0,182,36,0,36,218
01/30/2007,BIL,MT,ANM,WE,Combined TRACON& Tower with Radar,27,100,24,0,151,0,15,37,0,52,27,115,61,0,203,28,0,28,231
01/31/2007,BIL,MT,ANM,WE,Combined TRACON& Tower with Radar,40,85,30,0,155,0,8,29,0,37,40,93,59,0,192,48,0,48,240
02/01/2007,BIL,MT,ANM,WE,Combined TRACON& Tower with Radar,32,90,28,0,150,0,6,4,0,10,32,96,32,0,160,4,0,4,164
02/02/2007,BIL,MT,ANM,WE,Combined TRACON& Tower with Radar,35,102,26,0,163,2,7,9,0,18,37,109,35,0,181,26,0,26,207
02/03/2007,BIL,MT,ANM,WE,Combined TRACON& Tower with Radar,30,46,31,0,107,0,9,34,0,43,30,55,65,0,150,104,0,104,254
02/04/2007,BIL,MT,ANM,WE,Combined TRACON& Tower with Radar,22,32,18,0,72,0,3,20,0,23,22,35,38,0,95,40,0,40,135
02/05/2007,BIL,MT,ANM,WE,Combined TRACON& Tower with Radar,21,74,51,0,146,0,9,39,0,48,21,83,90,0,194,78,0,78,272
02/06/2007,BIL,MT,ANM,WE,Combined TRACON& Tower with Radar,35,107,29,0,171,0,18,19,0,37,35,125,48,0,208,28,0,28,236
02/07/2007,BIL,MT,ANM,WE,Combined TRACON& Tower with Radar,29,100,34,0,163,0,0,0,0,0,29,100,34,0,163,0,0,0,163
02/08/2007,BIL,MT,ANM,WE,Combined TRACON& Tower with Radar,29,89,22,0,140,0,0,0,0,0,29,89,22,0,140,2,0,2,142
02/09/2007,BIL,MT,ANM,WE,Combined TRACON& Tower with Radar,34,109,35,0,178,0,0,3,0,3,34,109,38,0,181,10,0,10,191
02/10/2007,BIL,MT,ANM,WE,Combined TRACON& Tower with Radar,22,57,30,0,109,0,14,26,2,42,22,71,56,2,151,34,0,34,185
02/11/2007,BIL,MT,ANM,WE,Combined TRACON& Tower with Radar,27,32,19,2,80,0,11,25,1,37,27,43,44,3,117,0,0,0,117
02/12/2007,BIL,MT,ANM,WE,Combined TRACON& Tower with Radar,28,79,14,0,121,0,0,1,0,1,28,79,15,0,122,0,0,0,122
02/13/2007,BIL,MT,ANM,WE,Combined TRACON& Tower with Radar,23,80,41,1,145,0,4,8,0,12,23,84,49,1,157,18,0,18,175
02/14/2007,BIL,MT,ANM,WE,Combined TRACON& Tower with Radar,24,88,62,8,182,0,9,43,0,52,24,97,105,8,234,6,62,68,302
02/15/2007,BIL,MT,ANM,WE,Combined TRACON& Tower with Radar,28,84,36,0,148,0,11,14,0,25,28,95,50,0,173,20,0,20,193
02/16/2007,BIL,MT,ANM,WE,Combined TRACON& Tower with Radar,41,89,24,1,155,0,10,13,0,23,41,99,37,1,178,22,0,22,200
02/17/2007,BIL,MT,ANM,WE,Combined TRACON& Tower with Radar,28,47,32,0,107,0,13,58,0,71,28,60,90,0,178,110,0,110,288
02/18/2007,BIL,MT,ANM,WE,Combined TRACON& Tower with Radar,44,41,17,0,102,0,4,38,0,42,44,45,55,0,144,0,0,0,144
02/19/2007,BIL,MT,ANM,WE,Combined TRACON& Tower with Radar,21,59,36,0,116,0,4,43,0,47,21,63,79,0,163,36,0,36,199
02/20/2007,BIL,MT,ANM,WE,Combined TRACON& Tower with Radar,28,81,20,0,129,0,18,29,0,47,28,99,49,0,176,20,0,20,196
02/21/2007,BIL,MT,ANM,WE,Combined TRACON& Tower with Radar,37,89,63,1,190,0,17,35,0,52,37,106,98,1,242,38,0,38,280
02/22/2007,BIL,MT,ANM,WE,Combined TRACON& Tower with Radar,29,91,33,4,157,0,14,25,0,39,29,105,58,4,196,28,0,28,224
02/23/2007,BIL,MT,ANM,WE,Combined TRACON& Tower with Radar,36,88,17,0,141,0,7,27,0,34,36,95,44,0,175,22,0,22,197
02/24/2007,BIL,MT,ANM,WE,Combined TRACON& Tower with Radar,27,62,33,0,122,0,18,50,0,68,27,80,83,0,190,84,0,84,274
02/25/2007,BIL,MT,ANM,WE,Combined TRACON& Tower with Radar,26,32,32,1,91,0,2,37,0,39,26,34,69,1,130,60,0,60,190
02/26/2007,BIL,MT,ANM,WE,Combined TRACON& Tower with Radar,27,87,40,0,154,0,8,49,0,57,27,95,89,0,211,40,0,40,251
02/27/2007,BIL,MT,ANM,WE,Combined TRACON& Tower with Radar,31,104,23,0,158,0,13,24,0,37,31,117,47,0,195,42,0,42,237
02/28/2007,BIL,MT,ANM,WE,Combined TRACON& Tower with Radar,38,109,52,0,199,0,11,51,0,62,38,120,103,0,261,62,0,62,323
03/01/2007,BIL,MT,ANM,WE,Combined TRACON& Tower with Radar,29,109,25,0,163,0,15,2,0,17,29,124,27,0,180,4,0,4,184
03/02/2007,BIL,MT,ANM,WE,Combined TRACON& Tower with Radar,31,91,38,0,160,0,9,30,0,39,31,100,68,0,199,94,0,94,293
03/03/2007,BIL,MT,ANM,WE,Combined TRACON& Tower with Radar,31,85,17,1,134,0,20,46,1,67,31,105,63,2,201,78,0,78,279
03/04/2007,BIL,MT,ANM,WE,Combined TRACON& Tower with Radar,28,30,29,0,87,0,8,26,0,34,28,38,55,0,121,32,0,32,153
03/05/2007,BIL,MT,ANM,WE,Combined TRACON& Tower with Radar,26,68,24,0,118,0,13,30,0,43,26,81,54,0,161,46,0,46,207
03/06/2007,BIL,MT,ANM,WE,Combined TRACON& Tower with Radar,32,96,38,0,166,0,26,93,0,119,32,122,131,0,285,104,0,104,389
03/07/2007,BIL,MT,ANM,WE,Combined TRACON& Tower with Radar,32,96,45,0,173,0,22,101,0,123,32,118,146,0,296,96,0,96,392
03/08/2007,BIL,MT,ANM,WE,Combined TRACON& Tower with Radar,32,92,37,1,162,0,29,63,1,93,32,121,100,2,255,10,0,10,265
03/09/2007,BIL,MT,ANM,WE,Combined TRACON& Tower with Radar,37,119,65,0,221,0,22,77,0,99,37,141,142,0,320,36,0,36,356
03/10/2007,BIL,MT,ANM,WE,Combined TRACON& Tower with Radar,33,47,20,0,100,0,12,59,0,71,33,59,79,0,171,110,0,110,281
03/11/2007,BIL,MT,ANM,WE,Combined TRACON& Tower with Radar,28,37,23,0,88,0,6,27,0,33,28,43,50,0,121,18,0,18,139
03/12/2007,BIL,MT,ANM,WE,Combined TRACON& Tower with Radar,35,77,32,0,144,4,12,47,1,64,39,89,79,1,208,48,0,48,256
03/13/2007,BIL,MT,ANM,WE,Combined TRACON& Tower with Radar,29,115,43,0,187,0,21,52,0,73,29,136,95,0,260,68,0,68,328
03/14/2007,BIL,MT,ANM,WE,Combined TRACON& Tower with Radar,31,95,34,0,160,0,8,33,0,41,31,103,67,0,201,42,0,42,243
03/15/2007,BIL,MT,ANM,WE,Combined TRACON& Tower with Radar,33,83,49,0,165,0,21,88,0,109,33,104,137,0,274,70,0,70,344
03/16/2007,BIL,MT,ANM,WE,Combined TRACON& Tower with Radar,29,110,74,1,214,0,14,44,0,58,29,124,118,1,272,70,0,70,342
03/17/2007,BIL,MT,ANM,WE,Combined TRACON& Tower with Radar,22,73,56,1,152,0,13,75,1,89,22,86,131,2,241,108,0,108,349
03/18/2007,BIL,MT,ANM,WE,Combined TRACON& Tower with Radar,33,41,14,0,88,0,10,33,0,43,33,51,47,0,131,26,0,26,157
03/19/2007,BIL,MT,ANM,WE,Combined TRACON& Tower with Radar,30,83,42,0,155,0,5,24,0,29,30,88,66,0,184,20,0,20,204
03/20/2007,BIL,MT,ANM,WE,Combined TRACON& Tower with Radar,34,93,37,0,164,0,11,38,0,49,34,104,75,0,213,68,0,68,281
03/21/2007,BIL,MT,ANM,WE,Combined TRACON& Tower with Radar,32,99,71,0,202,0,8,60,0,68,32,107,131,0,270,132,0,132,402
03/22/2007,BIL,MT,ANM,WE,Combined TRACON& Tower with Radar,30,91,41,0,162,2,10,55,0,67,32,101,96,0,229,80,0,80,309
03/23/2007,BIL,MT,ANM,WE,Combined TRACON& Tower with Radar,30,95,54,0,179,0,27,70,2,99,30,122,124,2,278,48,0,48,326
03/24/2007,BIL,MT,ANM,WE,Combined TRACON& Tower with Radar,26,67,30,1,124,0,10,85,0,95,26,77,115,1,219,94,0,94,313
03/25/2007,BIL,MT,ANM,WE,Combined TRACON& Tower with Radar,28,34,11,0,73,0,6,30,0,36,28,40,41,0,109,0,0,0,109
03/26/2007,BIL,MT,ANM,WE,Combined TRACON& Tower with Radar,23,72,46,0,141,0,3,74,1,78,23,75,120,1,219,102,0,102,321
03/27/2007,BIL,MT,ANM,WE,Combined TRACON& Tower with Radar,31,90,53,0,174,0,13,38,2,53,31,103,91,2,227,28,0,28,255
03/28/2007,BIL,MT,ANM,WE,Combined TRACON& Tower with Radar,27,94,20,0,141,0,0,0,0,0,27,94,20,0,141,0,0,0,141
03/29/2007,BIL,MT,ANM,WE,Combined TRACON& Tower with Radar,27,95,25,0,147,0,10,7,0,17,27,105,32,0,164,0,0,0,164
03/30/2007,BIL,MT,ANM,WE,Combined TRACON& Tower with Radar,29,93,19,2,143,0,0,0,0,0,29,93,19,2,143,0,0,0,143
03/31/2007,BIL,MT,ANM,WE,Combined TRACON& Tower with Radar,31,61,11,0,103,0,15,54,1,70,31,76,65,1,173,66,0,66,239
04/01/2007,BIL,MT,ANM,WE,Combined TRACON& Tower with Radar,31,65,18,0,114,0,5,23,0,28,31,70,41,0,142,20,0,20,162
04/02/2007,BIL,MT,ANM,WE,Combined TRACON& Tower with Radar,21,68,16,0,105,0,0,0,0,0,21,68,16,0,105,0,0,0,105
04/03/2007,BIL,MT,ANM,WE,Combined TRACON& Tower with Radar,28,109,40,0,177,0,28,13,0,41,28,137,53,0,218,26,0,26,244
04/04/2007,BIL,MT,ANM,WE,Combined TRACON& Tower with Radar,35,122,38,0,195,0,12,15,0,27,35,134,53,0,222,44,0,44,266
04/05/2007,BIL,MT,ANM,WE,Combined TRACON& Tower with Radar,35,109,29,0,173,0,0,1,0,1,35,109,30,0,174,0,0,0,174
04/06/2007,BIL,MT,ANM,WE,Combined TRACON& Tower with Radar,31,109,31,0,171,0,5,21,0,26,31,114,52,0,197,8,0,8,205
04/07/2007,BIL,MT,ANM,WE,Combined TRACON& Tower with Radar,24,86,14,0,124,0,9,43,0,52,24,95,57,0,176,108,0,108,284
04/08/2007,BIL,MT,ANM,WE,Combined TRACON& Tower with Radar,30,25,10,0,65,0,9,51,0,60,30,34,61,0,125,34,0,34,159
04/09/2007,BIL,MT,ANM,WE,Combined TRACON& Tower with Radar,20,75,53,0,148,0,9,38,0,47,20,84,91,0,195,92,0,92,287
04/10/2007,BIL,MT,ANM,WE,Combined TRACON& Tower with Radar,30,91,46,0,167,0,4,17,0,21,30,95,63,0,188,144,0,144,332
04/11/2007,BIL,MT,ANM,WE,Combined TRACON& Tower with Radar,34,120,22,0,176,0,6,19,0,25,34,126,41,0,201,24,0,24,225
04/12/2007,BIL,MT,ANM,WE,Combined TRACON& Tower with Radar,32,131,43,0,206,0,10,65,0,75,32,141,108,0,281,92,0,92,373
04/13/2007,BIL,MT,ANM,WE,Combined TRACON& Tower with Radar,28,97,44,0,169,0,10,57,0,67,28,107,101,0,236,22,0,22,258
04/14/2007,BIL,MT,ANM,WE,Combined TRACON& Tower with Radar,27,67,38,0,132,0,15,52,0,67,27,82,90,0,199,76,0,76,275
04/15/2007,BIL,MT,ANM,WE,Combined TRACON& Tower with Radar,27,59,13,0,99,0,10,35,0,45,27,69,48,0,144,47,0,47,191
04/16/2007,BIL,MT,ANM,WE,Combined TRACON& Tower with Radar,27,69,59,0,155,0,15,56,0,71,27,84,115,0,226,50,0,50,276
04/17/2007,BIL,MT,ANM,WE,Combined TRACON& Tower with Radar,33,97,50,0,180,0,28,58,0,86,33,125,108,0,266,34,0,34,300
04/18/2007,BIL,MT,ANM,WE,Combined TRACON& Tower with Radar,48,89,84,3,224,0,13,21,0,34,48,102,105,3,258,58,0,58,316
04/19/2007,BIL,MT,ANM,WE,Combined TRACON& Tower with Radar,40,104,17,0,161,0,12,4,0,16,40,116,21,0,177,0,0,0,177
04/20/2007,BIL,MT,ANM,WE,Combined TRACON& Tower with Radar,36,88,65,2,191,0,24,80,5,109,36,112,145,7,300,100,2,102,402
04/21/2007,BIL,MT,ANM,WE,Combined TRACON& Tower with Radar,29,76,29,0,134,0,21,59,0,80,29,97,88,0,214,78,0,78,292
04/22/2007,BIL,MT,ANM,WE,Combined TRACON& Tower with Radar,34,36,28,2,100,0,9,81,0,90,34,45,109,2,190,114,0,114,304
04/23/2007,BIL,MT,ANM,WE,Combined TRACON& Tower with Radar,28,73,46,2,149,0,10,7,0,17,28,83,53,2,166,2,0,2,168
04/24/2007,BIL,MT,ANM,WE,Combined TRACON& Tower with Radar,36,93,62,0,191,0,20,94,0,114,36,113,156,0,305,88,0,88,393
04/25/2007,BIL,MT,ANM,WE,Combined TRACON& Tower with Radar,38,84,57,0,179,0,13,87,0,100,38,97,144,0,279,78,0,78,357
04/26/2007,BIL,MT,ANM,WE,Combined TRACON& Tower with Radar,45,107,39,0,191,0,27,30,0,57,45,134,69,0,248,54,0,54,302
04/27/2007,BIL,MT,ANM,WE,Combined TRACON& Tower with Radar,39,126,36,2,203,0,34,95,0,129,39,160,131,2,332,112,2,114,446
04/28/2007,BIL,MT,ANM,WE,Combined TRACON& Tower with Radar,31,57,33,1,122,0,32,92,1,125,31,89,125,2,247,82,0,82,329
04/29/2007,BIL,MT,ANM,WE,Combined TRACON& Tower with Radar,35,34,14,0,83,0,6,55,0,61,35,40,69,0,144,56,0,56,200
04/30/2007,BIL,MT,ANM,WE,Combined TRACON& Tower with Radar,28,75,44,2,149,0,25,64,0,89,28,100,108,2,238,90,0,90,328
05/01/2007,BIL,MT,ANM,WE,Combined TRACON& Tower with Radar,34,99,43,1,177,0,32,79,0,111,34,131,122,1,288,64,0,64,352
05/02/2007,BIL,MT,ANM,WE,Combined TRACON& Tower with Radar,39,105,40,2,186,0,7,37,0,44,39,112,77,2,230,26,0,26,256
05/03/2007,BIL,MT,ANM,WE,Combined TRACON& Tower with Radar,35,87,21,0,143,0,5,19,0,24,35,92,40,0,167,0,0,0,167
05/04/2007,BIL,MT,ANM,WE,Combined TRACON& Tower with Radar,34,102,39,5,180,0,12,38,0,50,34,114,77,5,230,38,8,46,276
05/05/2007,BIL,MT,ANM,WE,Combined TRACON& Tower with Radar,34,70,22,0,126,0,17,25,0,42,34,87,47,0,168,90,0,90,258
05/06/2007,BIL,MT,ANM,WE,Combined TRACON& Tower with Radar,30,31,11,0,72,0,4,42,1,47,30,35,53,1,119,34,0,34,153
05/07/2007,BIL,MT,ANM,WE,Combined TRACON& Tower with Radar,29,63,30,0,122,0,16,86,0,102,29,79,116,0,224,88,0,88,312
05/08/2007,BIL,MT,ANM,WE,Combined TRACON& Tower with Radar,40,92,42,6,180,0,28,89,6,123,40,120,131,12,303,70,10,80,383
05/09/2007,BIL,MT,ANM,WE,Combined TRACON& Tower with Radar,42,93,41,8,184,0,26,53,18,97,42,119,94,26,281,24,33,57,338
05/10/2007,BIL,MT,ANM,WE,Combined TRACON& Tower with Radar,43,96,26,5,170,0,16,57,14,87,43,112,83,19,257,16,10,26,283
05/11/2007,BIL,MT,ANM,WE,Combined TRACON& Tower with Radar,40,102,46,1,189,0,15,100,0,115,40,117,146,1,304,196,0,196,500
05/12/2007,BIL,MT,ANM,WE,Combined TRACON& Tower with Radar,31,69,26,0,126,0,17,56,0,73,31,86,82,0,199,120,0,120,319
05/13/2007,BIL,MT,ANM,WE,Combined TRACON& Tower with Radar,28,45,14,2,89,0,5,38,0,43,28,50,52,2,132,120,4,124,256
05/14/2007,BIL,MT,ANM,WE,Combined TRACON& Tower with Radar,28,96,37,1,162,0,11,46,0,57,28,107,83,1,219,48,0,48,267
05/15/2007,BIL,MT,ANM,WE,Combined TRACON& Tower with Radar,47,88,36,3,174,0,41,87,1,129,47,129,123,4,303,124,2,126,429
05/16/2007,BIL,MT,ANM,WE,Combined TRACON& Tower with Radar,41,94,37,0,172,0,28,78,0,106,41,122,115,0,278,90,0,90,368
05/17/2007,BIL,MT,ANM,WE,Combined TRACON& Tower with Radar,38,87,34,1,160,0,13,46,0,59,38,100,80,1,219,30,0,30,249
05/18/2007,BIL,MT,ANM,WE,Combined TRACON& Tower with Radar,36,85,24,12,157,0,11,40,2,53,36,96,64,14,210,12,0,12,222
05/19/2007,BIL,MT,ANM,WE,Combined TRACON& Tower with Radar,31,56,42,0,129,0,10,67,0,77,31,66,109,0,206,58,0,58,264
05/20/2007,BIL,MT,ANM,WE,Combined TRACON& Tower with Radar,32,41,18,1,92,0,7,52,0,59,32,48,70,1,151,26,0,26,177
05/21/2007,BIL,MT,ANM,WE,Combined TRACON& Tower with Radar,34,85,47,8,174,0,6,41,0,47,34,91,88,8,221,44,0,44,265
05/22/2007,BIL,MT,ANM,WE,Combined TRACON& Tower with Radar,34,105,31,0,170,0,0,5,0,5,34,105,36,0,175,24,0,24,199
05/23/2007,BIL,MT,ANM,WE,Combined TRACON& Tower with Radar,34,107,49,1,191,0,3,41,0,44,34,110,90,1,235,62,0,62,297
05/24/2007,BIL,MT,ANM,WE,Combined TRACON& Tower with Radar,38,92,66,4,200,0,10,51,1,62,38,102,117,5,262,14,0,14,276
05/25/2007,BIL,MT,ANM,WE,Combined TRACON& Tower with Radar,33,106,53,0,192,0,13,30,0,43,33,119,83,0,235,26,0,26,261
05/26/2007,BIL,MT,ANM,WE,Combined TRACON& Tower with Radar,30,57,18,0,105,0,4,47,0,51,30,61,65,0,156,8,0,8,164
05/27/2007,BIL,MT,ANM,WE,Combined TRACON& Tower with Radar,27,40,7,0,74,0,6,38,0,44,27,46,45,0,118,12,0,12,130
05/28/2007,BIL,MT,ANM,WE,Combined TRACON& Tower with Radar,33,51,17,0,101,0,8,35,0,43,33,59,52,0,144,16,0,16,160
05/29/2007,BIL,MT,ANM,WE,Combined TRACON& Tower with Radar,32,91,33,0,156,0,7,28,0,35,32,98,61,0,191,44,0,44,235
05/30/2007,BIL,MT,ANM,WE,Combined TRACON& Tower with Radar,47,113,40,0,200,0,14,30,0,44,47,127,70,0,244,18,0,18,262
05/31/2007,BIL,MT,ANM,WE,Combined TRACON& Tower with Radar,38,108,48,0,194,0,8,32,0,40,38,116,80,0,234,38,0,38,272
06/01/2007,BIL,MT,ANM,WE,Combined TRACON& Tower with Radar,37,98,62,2,199,0,8,27,0,35,37,106,89,2,234,6,0,6,240
06/02/2007,BIL,MT,ANM,WE,Combined TRACON& Tower with Radar,34,45,19,0,98,0,20,75,5,100,34,65,94,5,198,44,0,44,242
06/03/2007,BIL,MT,ANM,WE,Combined TRACON& Tower with Radar,36,35,19,0,90,0,9,71,0,80,36,44,90,0,170,28,0,28,198
06/04/2007,BIL,MT,ANM,WE,Combined TRACON& Tower with Radar,27,73,41,0,141,0,14,75,0,89,27,87,116,0,230,28,0,28,258
06/05/2007,BIL,MT,ANM,WE,Combined TRACON& Tower with Radar,47,119,45,11,222,0,43,61,0,104,47,162,106,11,326,86,4,90,416
06/06/2007,BIL,MT,ANM,WE,Combined TRACON& Tower with Radar,36,114,40,0,190,0,6,12,0,18,36,120,52,0,208,62,0,62,270
06/07/2007,BIL,MT,ANM,WE,Combined TRACON& Tower with Radar,40,95,37,2,174,0,18,29,0,47,40,113,66,2,221,12,0,12,233
06/08/2007,BIL,MT,ANM,WE,Combined TRACON& Tower with Radar,39,96,49,22,206,0,17,65,0,82,39,113,114,22,288,78,52,130,418
06/09/2007,BIL,MT,ANM,WE,Combined TRACON& Tower with Radar,45,95,17,2,159,0,35,56,2,93,45,130,73,4,252,86,0,86,338
06/10/2007,BIL,MT,ANM,WE,Combined TRACON& Tower with Radar,37,46,26,0,109,0,10,39,0,49,37,56,65,0,158,120,0,120,278
06/11/2007,BIL,MT,ANM,WE,Combined TRACON& Tower with Radar,35,83,39,0,157,0,8,48,0,56,35,91,87,0,213,60,0,60,273
06/12/2007,BIL,MT,ANM,WE,Combined TRACON& Tower with Radar,43,82,52,0,177,0,17,83,2,102,43,99,135,2,279,48,0,48,327
06/13/2007,BIL,MT,ANM,WE,Combined TRACON& Tower with Radar,40,97,47,0,184,0,21,48,1,70,40,118,95,1,254,96,0,96,350
06/14/2007,BIL,MT,ANM,WE,Combined TRACON& Tower with Radar,44,87,37,0,168,2,27,54,0,83,46,114,91,0,251,66,0,66,317
06/15/2007,BIL,MT,ANM,WE,Combined TRACON& Tower with Radar,47,109,85,0,241,0,10,61,0,71,47,119,146,0,312,76,0,76,388
06/16/2007,BIL,MT,ANM,WE,Combined TRACON& Tower with Radar,47,52,13,1,113,0,19,65,0,84,47,71,78,1,197,58,0,58,255
06/17/2007,BIL,MT,ANM,WE,Combined TRACON& Tower with Radar,42,41,21,0,104,0,7,27,0,34,42,48,48,0,138,0,0,0,138
06/18/2007,BIL,MT,ANM,WE,Combined TRACON& Tower with Radar,44,77,40,0,161,0,20,48,0,68,44,97,88,0,229,26,0,26,255
06/19/2007,BIL,MT,ANM,WE,Combined TRACON& Tower with Radar,44,87,33,0,164,0,28,80,0,108,44,115,113,0,272,78,0,78,350
06/20/2007,BIL,MT,ANM,WE,Combined TRACON& Tower with Radar,52,98,53,0,203,0,32,80,0,112,52,130,133,0,315,42,0,42,357
06/21/2007,BIL,MT,ANM,WE,Combined TRACON& Tower with Radar,36,94,44,0,174,4,18,80,3,105,40,112,124,3,279,80,0,80,359
06/22/2007,BIL,MT,ANM,WE,Combined TRACON& Tower with Radar,44,94,44,4,186,0,19,70,5,94,44,113,114,9,280,30,0,30,310
06/23/2007,BIL,MT,ANM,WE,Combined TRACON& Tower with Radar,43,61,28,0,132,0,17,80,0,97,43,78,108,0,229,54,0,54,283
06/24/2007,BIL,MT,ANM,WE,Combined TRACON& Tower with Radar,37,40,17,0,94,0,5,45,0,50,37,45,62,0,144,10,0,10,154
06/25/2007,BIL,MT,ANM,WE,Combined TRACON& Tower with Radar,32,84,44,0,160,0,8,47,2,57,32,92,91,2,217,50,0,50,267
06/26/2007,BIL,MT,ANM,WE,Combined TRACON& Tower with Radar,64,94,84,0,242,0,20,92,0,112,64,114,176,0,354,108,0,108,462
06/27/2007,BIL,MT,ANM,WE,Combined TRACON& Tower with Radar,48,119,63,0,230,0,25,85,0,110,48,144,148,0,340,104,0,104,444
06/28/2007,BIL,MT,ANM,WE,Combined TRACON& Tower with Radar,49,111,57,0,217,0,16,82,1,99,49,127,139,1,316,42,16,58,374
06/29/2007,BIL,MT,ANM,WE,Combined TRACON& Tower with Radar,43,111,45,0,199,0,31,69,1,101,43,142,114,1,300,78,0,78,378
06/30/2007,BIL,MT,ANM,WE,Combined TRACON& Tower with Radar,46,60,26,0,132,0,14,57,0,71,46,74,83,0,203,0,0,0,203
07/01/2007,BIL,MT,ANM,WE,Combined TRACON& Tower with Radar,43,41,20,0,104,0,0,78,0,78,43,41,98,0,182,64,0,64,246
07/02/2007,BIL,MT,ANM,WE,Combined TRACON& Tower with Radar,32,66,53,2,153,0,5,76,0,81,32,71,129,2,234,38,8,46,280
07/03/2007,BIL,MT,ANM,WE,Combined TRACON& Tower with Radar,40,88,46,0,174,0,11,78,0,89,40,99,124,0,263,36,0,36,299
07/04/2007,BIL,MT,ANM,WE,Combined TRACON& Tower with Radar,26,54,17,0,97,0,11,58,1,70,26,65,75,1,167,6,0,6,173
07/05/2007,BIL,MT,ANM,WE,Combined TRACON& Tower with Radar,49,84,52,0,185,0,14,70,0,84,49,98,122,0,269,54,0,54,323
07/06/2007,BIL,MT,ANM,WE,Combined TRACON& Tower with Radar,43,91,26,0,160,0,28,66,2,96,43,119,92,2,256,24,0,24,280
07/07/2007,BIL,MT,ANM,WE,Combined TRACON& Tower with Radar,35,61,21,0,117,0,8,47,0,55,35,69,68,0,172,2,0,2,174
07/08/2007,BIL,MT,ANM,WE,Combined TRACON& Tower with Radar,49,44,35,0,128,0,11,55,9,75,49,55,90,9,203,0,0,0,203
07/09/2007,BIL,MT,ANM,WE,Combined TRACON& Tower with Radar,42,72,33,0,147,0,12,75,0,87,42,84,108,0,234,4,0,4,238
07/10/2007,BIL,MT,ANM,WE,Combined TRACON& Tower with Radar,49,78,80,0,207,0,24,88,0,112,49,102,168,0,319,30,0,30,349
07/11/2007,BIL,MT,ANM,WE,Combined TRACON& Tower with Radar,44,97,56,0,197,0,14,62,0,76,44,111,118,0,273,62,0,62,335
07/12/2007,BIL,MT,ANM,WE,Combined TRACON& Tower with Radar,47,90,48,3,188,0,28,78,0,106,47,118,126,3,294,70,0,70,364
07/13/2007,BIL,MT,ANM,WE,Combined TRACON& Tower with Radar,40,106,37,3,186,0,23,91,1,115,40,129,128,4,301,34,0,34,335
07/14/2007,BIL,MT,ANM,WE,Combined TRACON& Tower with Radar,43,64,17,0,124,0,14,60,0,74,43,78,77,0,198,46,0,46,244
07/15/2007,BIL,MT,ANM,WE,Combined TRACON& Tower with Radar,43,48,18,0,109,0,9,45,0,54,43,57,63,0,163,80,0,80,243
07/16/2007,BIL,MT,ANM,WE,Combined TRACON& Tower with Radar,40,64,20,0,124,0,11,50,0,61,40,75,70,0,185,36,0,36,221
07/17/2007,BIL,MT,ANM,WE,Combined TRACON& Tower with Radar,42,81,25,0,148,0,14,53,2,69,42,95,78,2,217,2,0,2,219
07/18/2007,BIL,MT,ANM,WE,Combined TRACON& Tower with Radar,52,110,52,0,214,0,19,66,0,85,52,129,118,0,299,32,0,32,331
07/19/2007,BIL,MT,ANM,WE,Combined TRACON& Tower with Radar,34,96,43,0,173,1,17,60,1,79,35,113,103,1,252,34,0,34,286
07/20/2007,BIL,MT,ANM,WE,Combined TRACON& Tower with Radar,53,108,47,2,210,0,27,78,0,105,53,135,125,2,315,26,0,26,341
07/21/2007,BIL,MT,ANM,WE,Combined TRACON& Tower with Radar,54,94,26,1,175,0,9,55,0,64,54,103,81,1,239,32,0,32,271
07/22/2007,BIL,MT,ANM,WE,Combined TRACON& Tower with Radar,44,48,31,0,123,0,6,58,0,64,44,54,89,0,187,50,0,50,237
07/23/2007,BIL,MT,ANM,WE,Combined TRACON& Tower with Radar,37,72,30,0,139,0,4,55,0,59,37,76,85,0,198,36,0,36,234
07/24/2007,BIL,MT,ANM,WE,Combined TRACON& Tower with Radar,47,91,45,0,183,0,30,105,0,135,47,121,150,0,318,16,0,16,334
07/25/2007,BIL,MT,ANM,WE,Combined TRACON& Tower with Radar,45,99,46,0,190,0,15,65,1,81,45,114,111,1,271,34,0,34,305
07/26/2007,BIL,MT,ANM,WE,Combined TRACON& Tower with Radar,34,120,39,0,193,0,18,49,0,67,34,138,88,0,260,30,0,30,290
07/27/2007,BIL,MT,ANM,WE,Combined TRACON& Tower with Radar,52,112,53,0,217,0,21,85,0,106,52,133,138,0,323,64,0,64,387
07/28/2007,BIL,MT,ANM,WE,Combined TRACON& Tower with Radar,41,63,23,0,127,0,12,80,0,92,41,75,103,0,219,58,0,58,277
07/29/2007,BIL,MT,ANM,WE,Combined TRACON& Tower with Radar,35,37,35,0,107,0,9,60,0,69,35,46,95,0,176,0,0,0,176
07/30/2007,BIL,MT,ANM,WE,Combined TRACON& Tower with Radar,39,76,40,0,155,0,10,68,0,78,39,86,108,0,233,36,0,36,269
07/31/2007,BIL,MT,ANM,WE,Combined TRACON& Tower with Radar,51,85,52,4,192,0,23,90,1,114,51,108,142,5,306,58,20,78,384
08/01/2007,BIL,MT,ANM,WE,Combined TRACON& Tower with Radar,45,98,63,0,206,0,14,79,0,93,45,112,142,0,299,108,0,108,407
08/02/2007,BIL,MT,ANM,WE,Combined TRACON& Tower with Radar,43,93,41,0,177,0,28,92,0,120,43,121,133,0,297,56,0,56,353
08/03/2007,BIL,MT,ANM,WE,Combined TRACON& Tower with Radar,44,93,42,0,179,0,21,75,0,96,44,114,117,0,275,28,0,28,303
08/04/2007,BIL,MT,ANM,WE,Combined TRACON& Tower with Radar,42,48,29,0,119,0,9,83,0,92,42,57,112,0,211,72,0,72,283
08/05/2007,BIL,MT,ANM,WE,Combined TRACON& Tower with Radar,48,35,19,0,102,0,11,49,0,60,48,46,68,0,162,10,0,10,172
08/06/2007,BIL,MT,ANM,WE,Combined TRACON& Tower with Radar,42,74,50,0,166,0,6,70,0,76,42,80,120,0,242,32,0,32,274
08/07/2007,BIL,MT,ANM,WE,Combined TRACON& Tower with Radar,52,84,31,0,167,1,25,97,0,123,53,109,128,0,290,92,0,92,382
08/08/2007,BIL,MT,ANM,WE,Combined TRACON& Tower with Radar,47,100,46,1,194,0,43,129,0,172,47,143,175,1,366,60,0,60,426
08/09/2007,BIL,MT,ANM,WE,Combined TRACON& Tower with Radar,47,118,45,0,210,0,80,82,0,162,47,198,127,0,372,32,0,32,404
08/10/2007,BIL,MT,ANM,WE,Combined TRACON& Tower with Radar,48,99,35,1,183,0,52,82,1,135,48,151,117,2,318,36,0,36,354
08/11/2007,BIL,MT,ANM,WE,Combined TRACON& Tower with Radar,36,65,21,2,124,0,33,78,1,112,36,98,99,3,236,88,0,88,324
08/12/2007,BIL,MT,ANM,WE,Combined TRACON& Tower with Radar,39,43,25,3,110,0,8,57,0,65,39,51,82,3,175,58,0,58,233
08/13/2007,BIL,MT,ANM,WE,Combined TRACON& Tower with Radar,39,76,44,0,159,0,13,72,0,85,39,89,116,0,244,10,0,10,254
08/14/2007,BIL,MT,ANM,WE,Combined TRACON& Tower with Radar,38,98,33,0,169,0,7,99,0,106,38,105,132,0,275,30,0,30,305
08/15/2007,BIL,MT,ANM,WE,Combined TRACON& Tower with Radar,42,94,72,0,208,0,7,72,0,79,42,101,144,0,287,18,0,18,305
08/16/2007,BIL,MT,ANM,WE,Combined TRACON& Tower with Radar,38,92,76,1,207,0,24,58,0,82,38,116,134,1,289,48,0,48,337
08/17/2007,BIL,MT,ANM,WE,Combined TRACON& Tower with Radar,42,91,48,8,189,0,34,55,1,90,42,125,103,9,279,36,8,44,323
08/18/2007,BIL,MT,ANM,WE,Combined TRACON& Tower with Radar,41,61,28,0,130,0,16,71,0,87,41,77,99,0,217,30,0,30,247
08/19/2007,BIL,MT,ANM,WE,Combined TRACON& Tower with Radar,39,49,27,1,116,0,33,56,0,89,39,82,83,1,205,34,0,34,239
08/20/2007,BIL,MT,ANM,WE,Combined TRACON& Tower with Radar,42,100,46,0,188,1,41,80,0,122,43,141,126,0,310,24,0,24,334
08/21/2007,BIL,MT,ANM,WE,Combined TRACON& Tower with Radar,37,93,48,0,178,0,24,64,0,88,37,117,112,0,266,32,0,32,298
08/22/2007,BIL,MT,ANM,WE,Combined TRACON& Tower with Radar,39,112,48,2,201,0,20,83,2,105,39,132,131,4,306,22,0,22,328
08/23/2007,BIL,MT,ANM,WE,Combined TRACON& Tower with Radar,35,97,47,1,180,0,10,83,0,93,35,107,130,1,273,76,0,76,349
08/24/2007,BIL,MT,ANM,WE,Combined TRACON& Tower with Radar,48,85,38,1,172,0,17,78,0,95,48,102,116,1,267,38,0,38,305
08/25/2007,BIL,MT,ANM,WE,Combined TRACON& Tower with Radar,41,56,37,0,134,0,13,89,0,102,41,69,126,0,236,20,0,20,256
08/26/2007,BIL,MT,ANM,WE,Combined TRACON& Tower with Radar,40,62,27,2,131,0,15,66,0,81,40,77,93,2,212,24,0,24,236
08/27/2007,BIL,MT,ANM,WE,Combined TRACON& Tower with Radar,37,75,54,0,166,0,12,72,2,86,37,87,126,2,252,20,0,20,272
08/28/2007,BIL,MT,ANM,WE,Combined TRACON& Tower with Radar,51,95,64,2,212,0,9,39,0,48,51,104,103,2,260,24,0,24,284
08/29/2007,BIL,MT,ANM,WE,Combined TRACON& Tower with Radar,45,85,51,0,181,0,22,91,2,115,45,107,142,2,296,58,0,58,354
08/30/2007,BIL,MT,ANM,WE,Combined TRACON& Tower with Radar,45,102,50,0,197,0,15,90,0,105,45,117,140,0,302,64,0,64,366
08/31/2007,BIL,MT,ANM,WE,Combined TRACON& Tower with Radar,52,87,29,3,171,0,15,87,0,102,52,102,116,3,273,12,0,12,285
09/01/2007,BIL,MT,ANM,WE,Combined TRACON& Tower with Radar,33,48,33,0,114,0,17,69,0,86,33,65,102,0,200,0,0,0,200
09/02/2007,BIL,MT,ANM,WE,Combined TRACON& Tower with Radar,32,29,16,0,77,0,6,63,0,69,32,35,79,0,146,8,0,8,154
09/03/2007,BIL,MT,ANM,WE,Combined TRACON& Tower with Radar,29,50,27,0,106,0,3,86,0,89,29,53,113,0,195,14,0,14,209
09/04/2007,BIL,MT,ANM,WE,Combined TRACON& Tower with Radar,29,81,43,0,153,0,19,57,0,76,29,100,100,0,229,42,0,42,271
09/05/2007,BIL,MT,ANM,WE,Combined TRACON& Tower with Radar,50,97,46,0,193,0,20,82,0,102,50,117,128,0,295,98,0,98,393
09/06/2007,BIL,MT,ANM,WE,Combined TRACON& Tower with Radar,38,100,34,0,172,0,19,63,0,82,38,119,97,0,254,40,0,40,294
09/07/2007,BIL,MT,ANM,WE,Combined TRACON& Tower with Radar,40,108,40,0,188,0,17,75,0,92,40,125,115,0,280,122,0,122,402
09/08/2007,BIL,MT,ANM,WE,Combined TRACON& Tower with Radar,27,74,34,0,135,0,13,36,0,49,27,87,70,0,184,74,0,74,258
09/09/2007,BIL,MT,ANM,WE,Combined TRACON& Tower with Radar,35,49,33,0,117,0,7,17,0,24,35,56,50,0,141,14,0,14,155
09/10/2007,BIL,MT,ANM,WE,Combined TRACON& Tower with Radar,33,67,40,0,140,0,27,97,1,125,33,94,137,1,265,30,0,30,295
09/11/2007,BIL,MT,ANM,WE,Combined TRACON& Tower with Radar,35,84,34,0,153,0,20,97,0,117,35,104,131,0,270,148,0,148,418
09/12/2007,BIL,MT,ANM,WE,Combined TRACON& Tower with Radar,39,93,76,0,208,0,15,105,0,120,39,108,181,0,328,76,0,76,404
09/13/2007,BIL,MT,ANM,WE,Combined TRACON& Tower with Radar,38,87,34,0,159,0,7,86,0,93,38,94,120,0,252,90,0,90,342
09/14/2007,BIL,MT,ANM,WE,Combined TRACON& Tower with Radar,34,88,47,1,170,0,11,123,2,136,34,99,170,3,306,124,0,124,430
09/15/2007,BIL,MT,ANM,WE,Combined TRACON& Tower with Radar,31,49,37,0,117,0,9,94,0,103,31,58,131,0,220,82,0,82,302
09/16/2007,BIL,MT,ANM,WE,Combined TRACON& Tower with Radar,40,44,18,3,105,1,7,65,0,73,41,51,83,3,178,4,0,4,182
09/17/2007,BIL,MT,ANM,WE,Combined TRACON& Tower with Radar,35,105,40,0,180,0,17,59,0,76,35,122,99,0,256,80,0,80,336
09/18/2007,BIL,MT,ANM,WE,Combined TRACON& Tower with Radar,42,103,46,0,191,0,18,94,0,112,42,121,140,0,303,100,0,100,403
09/19/2007,BIL,MT,ANM,WE,Combined TRACON& Tower with Radar,45,102,66,0,213,0,26,58,0,84,45,128,124,0,297,44,0,44,341
09/20/2007,BIL,MT,ANM,WE,Combined TRACON& Tower with Radar,40,97,77,0,214,0,12,69,0,81,40,109,146,0,295,54,0,54,349
09/21/2007,BIL,MT,ANM,WE,Combined TRACON& Tower with Radar,31,107,44,2,184,0,31,68,0,99,31,138,112,2,283,46,0,46,329
09/22/2007,BIL,MT,ANM,WE,Combined TRACON& Tower with Radar,27,50,49,0,126,0,8,72,0,80,27,58,121,0,206,88,0,88,294
09/23/2007,BIL,MT,ANM,WE,Combined TRACON& Tower with Radar,36,41,9,0,86,0,10,37,0,47,36,51,46,0,133,40,0,40,173
09/24/2007,BIL,MT,ANM,WE,Combined TRACON& Tower with Radar,31,88,34,0,153,0,7,61,0,68,31,95,95,0,221,140,0,140,361
09/25/2007,BIL,MT,ANM,WE,Combined TRACON& Tower with Radar,34,85,56,0,175,0,14,95,0,109,34,99,151,0,284,22,0,22,306
09/26/2007,BIL,MT,ANM,WE,Combined TRACON& Tower with Radar,40,70,57,0,167,0,12,77,0,89,40,82,134,0,256,62,0,62,318
09/27/2007,BIL,MT,ANM,WE,Combined TRACON& Tower with Radar,38,99,40,0,177,0,21,105,0,126,38,120,145,0,303,40,0,40,343
09/28/2007,BIL,MT,ANM,WE,Combined TRACON& Tower with Radar,32,90,38,8,168,0,19,82,0,101,32,109,120,8,269,80,0,80,349
09/29/2007,BIL,MT,ANM,WE,Combined TRACON& Tower with Radar,26,63,30,0,119,0,6,45,0,51,26,69,75,0,170,76,0,76,246
09/30/2007,BIL,MT,ANM,WE,Combined TRACON& Tower with Radar,31,46,29,1,107,0,7,46,0,53,31,53,75,1,160,48,0,48,208
10/01/2007,BIL,MT,ANM,WE,Combined TRACON& Tower with Radar,29,87,32,0,148,0,13,76,0,89,29,100,108,0,237,52,0,52,289
10/02/2007,BIL,MT,ANM,WE,Combined TRACON& Tower with Radar,42,84,43,0,169,0,9,67,0,76,42,93,110,0,245,66,0,66,311
10/03/2007,BIL,MT,ANM,WE,Combined TRACON& Tower with Radar,40,74,42,0,156,1,15,41,0,57,41,89,83,0,213,46,0,46,259
10/04/2007,BIL,MT,ANM,WE,Combined TRACON& Tower with Radar,35,104,50,0,189,0,14,75,2,91,35,118,125,2,280,116,0,116,396
10/05/2007,BIL,MT,ANM,WE,Combined TRACON& Tower with Radar,32,104,21,0,157,0,1,0,0,1,32,105,21,0,158,0,0,0,158
10/06/2007,BIL,MT,ANM,WE,Combined TRACON& Tower with Radar,32,61,11,0,104,0,5,1,0,6,32,66,12,0,110,0,0,0,110
10/07/2007,BIL,MT,ANM,WE,Combined TRACON& Tower with Radar,30,66,26,0,122,0,20,45,0,65,30,86,71,0,187,30,0,30,217
10/08/2007,BIL,MT,ANM,WE,Combined TRACON& Tower with Radar,42,95,31,0,168,9,7,74,2,92,51,102,105,2,260,80,0,80,340
10/09/2007,BIL,MT,ANM,WE,Combined TRACON& Tower with Radar,56,109,44,0,209,8,24,67,0,99,64,133,111,0,308,78,0,78,386
10/10/2007,BIL,MT,ANM,WE,Combined TRACON& Tower with Radar,43,90,46,0,179,0,15,107,0,122,43,105,153,0,301,82,0,82,383
10/11/2007,BIL,MT,ANM,WE,Combined TRACON& Tower with Radar,38,92,48,14,192,0,17,96,4,117,38,109,144,18,309,54,4,58,367
10/12/2007,BIL,MT,ANM,WE,Combined TRACON& Tower with Radar,43,109,34,1,187,0,23,86,0,109,43,132,120,1,296,98,0,98,394
10/13/2007,BIL,MT,ANM,WE,Combined TRACON& Tower with Radar,27,86,19,0,132,0,12,66,0,78,27,98,85,0,210,126,0,126,336
10/14/2007,BIL,MT,ANM,WE,Combined TRACON& Tower with Radar,33,49,17,0,99,0,7,55,0,62,33,56,72,0,161,54,0,54,215
10/15/2007,BIL,MT,ANM,WE,Combined TRACON& Tower with Radar,36,78,45,2,161,0,16,69,1,86,36,94,114,3,247,74,0,74,321
10/16/2007,BIL,MT,ANM,WE,Combined TRACON& Tower with Radar,37,88,86,0,211,0,14,110,0,124,37,102,196,0,335,60,0,60,395
10/17/2007,BIL,MT,ANM,WE,Combined TRACON& Tower with Radar,32,90,48,0,170,0,1,48,0,49,32,91,96,0,219,74,0,74,293
10/18/2007,BIL,MT,ANM,WE,Combined TRACON& Tower with Radar,33,91,64,0,188,0,10,67,0,77,33,101,131,0,265,72,0,72,337
10/19/2007,BIL,MT,ANM,WE,Combined TRACON& Tower with Radar,46,106,46,2,200,0,9,55,0,64,46,115,101,2,264,80,0,80,344
10/20/2007,BIL,MT,ANM,WE,Combined TRACON& Tower with Radar,30,55,29,0,114,0,7,43,0,50,30,62,72,0,164,68,0,68,232
10/21/2007,BIL,MT,ANM,WE,Combined TRACON& Tower with Radar,29,52,16,0,97,0,13,39,0,52,29,65,55,0,149,32,0,32,181
10/22/2007,BIL,MT,ANM,WE,Combined TRACON& Tower with Radar,29,80,43,0,152,0,9,66,0,75,29,89,109,0,227,108,0,108,335
10/23/2007,BIL,MT,ANM,WE,Combined TRACON& Tower with Radar,36,90,69,0,195,0,10,100,0,110,36,100,169,0,305,108,0,108,413
10/24/2007,BIL,MT,ANM,WE,Combined TRACON& Tower with Radar,38,87,83,3,211,0,6,91,0,97,38,93,174,3,308,126,0,126,434
10/25/2007,BIL,MT,ANM,WE,Combined TRACON& Tower with Radar,35,98,62,1,196,0,5,55,0,60,35,103,117,1,256,68,0,68,324
10/26/2007,BIL,MT,ANM,WE,Combined TRACON& Tower with Radar,34,122,50,0,206,0,9,48,0,57,34,131,98,0,263,46,0,46,309
10/27/2007,BIL,MT,ANM,WE,Combined TRACON& Tower with Radar,30,46,12,0,88,0,7,70,0,77,30,53,82,0,165,20,0,20,185
10/28/2007,BIL,MT,ANM,WE,Combined TRACON& Tower with Radar,33,42,19,2,96,0,2,36,0,38,33,44,55,2,134,72,0,72,206
10/29/2007,BIL,MT,ANM,WE,Combined TRACON& Tower with Radar,31,101,54,0,186,0,15,101,0,116,31,116,155,0,302,94,0,94,396
10/30/2007,BIL,MT,ANM,WE,Combined TRACON& Tower with Radar,34,101,38,0,173,0,5,24,0,29,34,106,62,0,202,38,0,38,240
10/31/2007,BIL,MT,ANM,WE,Combined TRACON& Tower with Radar,30,96,40,0,166,0,9,68,0,77,30,105,108,0,243,62,0,62,305
11/01/2007,BIL,MT,ANM,WE,Combined TRACON& Tower with Radar,32,101,46,2,181,0,4,70,0,74,32,105,116,2,255,80,0,80,335
11/02/2007,BIL,MT,ANM,WE,Combined TRACON& Tower with Radar,34,114,28,0,176,0,15,99,0,114,34,129,127,0,290,120,0,120,410
11/03/2007,BIL,MT,ANM,WE,Combined TRACON& Tower with Radar,29,82,32,1,144,0,22,77,2,101,29,104,109,3,245,90,0,90,335
11/04/2007,BIL,MT,ANM,WE,Combined TRACON& Tower with Radar,30,48,21,0,99,0,2,24,0,26,30,50,45,0,125,8,0,8,133
11/05/2007,BIL,MT,ANM,WE,Combined TRACON& Tower with Radar,33,85,48,0,166,0,18,59,0,77,33,103,107,0,243,104,0,104,347
11/06/2007,BIL,MT,ANM,WE,Combined TRACON& Tower with Radar,37,91,67,0,195,0,12,80,0,92,37,103,147,0,287,82,0,82,369
11/07/2007,BIL,MT,ANM,WE,Combined TRACON& Tower with Radar,40,88,71,0,199,0,24,78,0,102,40,112,149,0,301,76,0,76,377
11/08/2007,BIL,MT,ANM,WE,Combined TRACON& Tower with Radar,36,94,68,0,198,0,9,65,2,76,36,103,133,2,274,64,0,64,338
11/09/2007,BIL,MT,ANM,WE,Combined TRACON& Tower with Radar,32,115,61,0,208,0,22,80,0,102,32,137,141,0,310,65,0,65,375
11/10/2007,BIL,MT,ANM,WE,Combined TRACON& Tower with Radar,32,44,25,0,101,0,2,57,0,59,32,46,82,0,160,50,0,50,210
11/11/2007,BIL,MT,ANM,WE,Combined TRACON& Tower with Radar,30,53,25,0,108,0,5,39,0,44,30,58,64,0,152,58,0,58,210
11/12/2007,BIL,MT,ANM,WE,Combined TRACON& Tower with Radar,27,85,42,0,154,0,19,47,0,66,27,104,89,0,220,92,0,92,312
11/13/2007,BIL,MT,ANM,WE,Combined TRACON& Tower with Radar,34,99,19,0,152,0,5,3,0,8,34,104,22,0,160,6,0,6,166
11/14/2007,BIL,MT,ANM,WE,Combined TRACON& Tower with Radar,35,94,64,2,195,0,31,86,0,117,35,125,150,2,312,154,0,154,466
11/15/2007,BIL,MT,ANM,WE,Combined TRACON& Tower with Radar,35,94,64,0,193,0,3,61,0,64,35,97,125,0,257,72,0,72,329
11/16/2007,BIL,MT,ANM,WE,Combined TRACON& Tower with Radar,35,95,47,1,178,0,13,57,0,70,35,108,104,1,248,73,0,73,321
11/17/2007,BIL,MT,ANM,WE,Combined TRACON& Tower with Radar,32,61,26,0,119,0,6,61,1,68,32,67,87,1,187,94,0,94,281
11/18/2007,BIL,MT,ANM,WE,Combined TRACON& Tower with Radar,38,39,18,2,97,0,24,33,0,57,38,63,51,2,154,22,0,22,176
11/19/2007,BIL,MT,ANM,WE,Combined TRACON& Tower with Radar,29,72,23,0,124,0,1,8,0,9,29,73,31,0,133,16,0,16,149
11/20/2007,BIL,MT,ANM,WE,Combined TRACON& Tower with Radar,33,91,39,0,163,0,0,23,0,23,33,91,62,0,186,36,0,36,222
11/21/2007,BIL,MT,ANM,WE,Combined TRACON& Tower with Radar,43,72,40,0,155,0,6,10,0,16,43,78,50,0,171,34,0,34,205
11/22/2007,BIL,MT,ANM,WE,Combined TRACON& Tower with Radar,20,41,6,0,67,0,14,23,0,37,20,55,29,0,104,0,0,0,104
11/23/2007,BIL,MT,ANM,WE,Combined TRACON& Tower with Radar,38,75,18,0,131,0,8,21,0,29,38,83,39,0,160,18,0,18,178
11/24/2007,BIL,MT,ANM,WE,Combined TRACON& Tower with Radar,32,58,26,0,116,0,6,41,0,47,32,64,67,0,163,20,0,20,183
11/25/2007,BIL,MT,ANM,WE,Combined TRACON& Tower with Radar,31,42,37,0,110,0,1,27,0,28,31,43,64,0,138,28,0,28,166
11/26/2007,BIL,MT,ANM,WE,Combined TRACON& Tower with Radar,32,82,37,2,153,0,17,56,1,74,32,99,93,3,227,78,0,78,305
11/27/2007,BIL,MT,ANM,WE,Combined TRACON& Tower with Radar,32,95,41,2,170,0,13,27,0,40,32,108,68,2,210,0,0,0,210
11/28/2007,BIL,MT,ANM,WE,Combined TRACON& Tower with Radar,35,108,54,1,198,0,13,35,2,50,35,121,89,3,248,75,0,75,323
11/29/2007,BIL,MT,ANM,WE,Combined TRACON& Tower with Radar,33,102,27,1,163,0,1,8,0,9,33,103,35,1,172,36,0,36,208
11/30/2007,BIL,MT,ANM,WE,Combined TRACON& Tower with Radar,39,107,26,0,172,0,4,48,0,52,39,111,74,0,224,98,4,102,326
12/01/2007,BIL,MT,ANM,WE,Combined TRACON& Tower with Radar,28,64,9,3,104,0,0,0,0,0,28,64,9,3,104,0,0,0,104
12/02/2007,BIL,MT,ANM,WE,Combined TRACON& Tower with Radar,32,43,29,4,108,0,3,18,0,21,32,46,47,4,129,16,0,16,145
12/03/2007,BIL,MT,ANM,WE,Combined TRACON& Tower with Radar,29,94,42,0,165,0,8,48,0,56,29,102,90,0,221,21,0,21,242
12/04/2007,BIL,MT,ANM,WE,Combined TRACON& Tower with Radar,31,90,47,0,168,0,13,42,0,55,31,103,89,0,223,30,0,30,253
12/05/2007,BIL,MT,ANM,WE,Combined TRACON& Tower with Radar,37,89,73,0,199,0,8,78,0,86,37,97,151,0,285,44,0,44,329
12/06/2007,BIL,MT,ANM,WE,Combined TRACON& Tower with Radar,35,106,54,0,195,0,3,53,0,56,35,109,107,0,251,72,0,72,323
12/07/2007,BIL,MT,ANM,WE,Combined TRACON& Tower with Radar,41,107,42,1,191,0,14,48,0,62,41,121,90,1,253,70,0,70,323
12/08/2007,BIL,MT,ANM,WE,Combined TRACON& Tower with Radar,21,57,40,2,120,1,22,60,0,83,22,79,100,2,203,74,0,74,277
12/09/2007,BIL,MT,ANM,WE,Combined TRACON& Tower with Radar,28,38,11,0,77,0,6,10,0,16,28,44,21,0,93,0,0,0,93
12/10/2007,BIL,MT,ANM,WE,Combined TRACON& Tower with Radar,32,73,24,0,129,0,11,15,1,27,32,84,39,1,156,38,0,38,194
12/11/2007,BIL,MT,ANM,WE,Combined TRACON& Tower with Radar,41,96,52,1,190,0,13,63,0,76,41,109,115,1,266,52,0,52,318
12/12/2007,BIL,MT,ANM,WE,Combined TRACON& Tower with Radar,38,110,62,0,210,0,12,32,0,44,38,122,94,0,254,18,0,18,272
12/13/2007,BIL,MT,ANM,WE,Combined TRACON& Tower with Radar,35,114,50,0,199,0,8,51,0,59,35,122,101,0,258,50,0,50,308
12/14/2007,BIL,MT,ANM,WE,Combined TRACON& Tower with Radar,38,105,23,0,166,0,11,47,0,58,38,116,70,0,224,70,0,70,294
12/15/2007,BIL,MT,ANM,WE,Combined TRACON& Tower with Radar,26,50,35,0,111,0,5,19,0,24,26,55,54,0,135,26,0,26,161
12/16/2007,BIL,MT,ANM,WE,Combined TRACON& Tower with Radar,29,46,23,0,98,0,5,42,0,47,29,51,65,0,145,12,0,12,157
12/17/2007,BIL,MT,ANM,WE,Combined TRACON& Tower with Radar,35,76,70,0,181,0,6,56,0,62,35,82,126,0,243,33,0,33,276
12/18/2007,BIL,MT,ANM,WE,Combined TRACON& Tower with Radar,43,106,30,2,181,0,15,65,2,82,43,121,95,4,263,62,0,62,325
12/19/2007,BIL,MT,ANM,WE,Combined TRACON& Tower with Radar,43,112,53,0,208,0,4,68,1,73,43,116,121,1,281,86,0,86,367
12/20/2007,BIL,MT,ANM,WE,Combined TRACON& Tower with Radar,39,112,45,0,196,0,8,53,0,61,39,120,98,0,257,106,0,106,363
12/21/2007,BIL,MT,ANM,WE,Combined TRACON& Tower with Radar,43,102,14,0,159,0,9,12,0,21,43,111,26,0,180,0,0,0,180
12/22/2007,BIL,MT,ANM,WE,Combined TRACON& Tower with Radar,41,58,18,0,117,0,5,22,0,27,41,63,40,0,144,8,0,8,152
12/23/2007,BIL,MT,ANM,WE,Combined TRACON& Tower with Radar,34,42,16,0,92,0,9,24,0,33,34,51,40,0,125,22,0,22,147
12/24/2007,BIL,MT,ANM,WE,Combined TRACON& Tower with Radar,32,87,15,0,134,0,2,9,0,11,32,89,24,0,145,0,0,0,145
12/25/2007,BIL,MT,ANM,WE,Combined TRACON& Tower with Radar,21,50,5,0,76,0,12,11,0,23,21,62,16,0,99,0,0,0,99
12/26/2007,BIL,MT,ANM,WE,Combined TRACON& Tower with Radar,33,98,8,0,139,0,10,24,0,34,33,108,32,0,173,6,0,6,179
12/27/2007,BIL,MT,ANM,WE,Combined TRACON& Tower with Radar,38,98,15,0,151,0,7,34,0,41,38,105,49,0,192,4,0,4,196
12/28/2007,BIL,MT,ANM,WE,Combined TRACON& Tower with Radar,46,98,21,2,167,0,17,15,2,34,46,115,36,4,201,46,0,46,247
12/29/2007,BIL,MT,ANM,WE,Combined TRACON& Tower with Radar,36,65,23,0,124,0,2,19,0,21,36,67,42,0,145,34,0,34,179
12/30/2007,BIL,MT,ANM,WE,Combined TRACON& Tower with Radar,39,44,16,0,99,0,5,10,0,15,39,49,26,0,114,18,0,18,132
12/31/2007,BIL,MT,ANM,WE,Combined TRACON& Tower with Radar,32,59,33,0,124,0,2,8,0,10,32,61,41,0,134,24,0,24,158
01/01/2008,BIL,MT,ANM,WE,Combined TRACON& Tower with Radar,20,46,12,0,78,0,17,25,0,42,20,63,37,0,120,0,0,0,120
01/02/2008,BIL,MT,ANM,WE,Combined TRACON& Tower with Radar,44,91,38,1,174,0,19,48,0,67,44,110,86,1,241,22,0,22,263
01/03/2008,BIL,MT,ANM,WE,Combined TRACON& Tower with Radar,38,99,30,2,169,0,11,41,0,52,38,110,71,2,221,44,0,44,265
01/04/2008,BIL,MT,ANM,WE,Combined TRACON& Tower with Radar,42,99,39,4,184,0,13,44,0,57,42,112,83,4,241,20,0,20,261
01/05/2008,BIL,MT,ANM,WE,Combined TRACON& Tower with Radar,33,62,32,0,127,0,0,32,0,32,33,62,64,0,159,78,0,78,237
01/06/2008,BIL,MT,ANM,WE,Combined TRACON& Tower with Radar,36,39,22,0,97,0,4,36,0,40,36,43,58,0,137,12,0,12,149
01/07/2008,BIL,MT,ANM,WE,Combined TRACON& Tower with Radar,32,72,37,0,141,0,8,42,0,50,32,80,79,0,191,72,0,72,263
01/08/2008,BIL,MT,ANM,WE,Combined TRACON& Tower with Radar,49,106,43,1,199,0,7,48,2,57,49,113,91,3,256,22,0,22,278
01/09/2008,BIL,MT,ANM,WE,Combined TRACON& Tower with Radar,43,89,52,1,185,0,3,43,1,47,43,92,95,2,232,112,0,112,344
01/10/2008,BIL,MT,ANM,WE,Combined TRACON& Tower with Radar,39,92,57,0,188,0,13,53,0,66,39,105,110,0,254,46,0,46,300
01/11/2008,BIL,MT,ANM,WE,Combined TRACON& Tower with Radar,47,102,73,0,222,0,11,58,0,69,47,113,131,0,291,131,0,131,422
01/12/2008,BIL,MT,ANM,WE,Combined TRACON& Tower with Radar,30,57,42,0,129,0,14,57,0,71,30,71,99,0,200,64,0,64,264
01/13/2008,BIL,MT,ANM,WE,Combined TRACON& Tower with Radar,34,37,13,0,84,0,1,31,0,32,34,38,44,0,116,26,0,26,142
01/14/2008,BIL,MT,ANM,WE,Combined TRACON& Tower with Radar,36,66,34,0,136,0,4,56,0,60,36,70,90,0,196,28,0,28,224
01/15/2008,BIL,MT,ANM,WE,Combined TRACON& Tower with Radar,39,101,9,0,149,0,2,3,0,5,39,103,12,0,154,2,0,2,156
01/16/2008,BIL,MT,ANM,WE,Combined TRACON& Tower with Radar,37,89,69,1,196,0,4,94,0,98,37,93,163,1,294,82,0,82,376
01/17/2008,BIL,MT,ANM,WE,Combined TRACON& Tower with Radar,37,96,28,2,163,0,4,32,0,36,37,100,60,2,199,28,0,28,227
01/18/2008,BIL,MT,ANM,WE,Combined TRACON& Tower with Radar,42,96,47,0,185,0,3,31,0,34,42,99,78,0,219,60,0,60,279
01/19/2008,BIL,MT,ANM,WE,Combined TRACON& Tower with Radar,29,65,7,0,101,0,0,0,0,0,29,65,7,0,101,0,0,0,101
01/20/2008,BIL,MT,ANM,WE,Combined TRACON& Tower with Radar,30,24,9,1,64,0,0,0,0,0,30,24,9,1,64,0,0,0,64
01/21/2008,BIL,MT,ANM,WE,Combined TRACON& Tower with Radar,40,64,23,0,127,0,2,16,0,18,40,66,39,0,145,0,0,0,145
01/22/2008,BIL,MT,ANM,WE,Combined TRACON& Tower with Radar,38,97,27,1,163,0,4,11,0,15,38,101,38,1,178,0,0,0,178
01/23/2008,BIL,MT,ANM,WE,Combined TRACON& Tower with Radar,38,85,54,1,178,0,2,76,1,79,38,87,130,2,257,72,0,72,329
01/24/2008,BIL,MT,ANM,WE,Combined TRACON& Tower with Radar,28,66,33,3,130,0,9,67,0,76,28,75,100,3,206,106,0,106,312
01/25/2008,BIL,MT,ANM,WE,Combined TRACON& Tower with Radar,41,87,58,0,186,0,9,70,0,79,41,96,128,0,265,120,0,120,385
01/26/2008,BIL,MT,ANM,WE,Combined TRACON& Tower with Radar,30,60,13,0,103,0,13,91,0,104,30,73,104,0,207,96,0,96,303
01/27/2008,BIL,MT,ANM,WE,Combined TRACON& Tower with Radar,31,34,5,0,70,0,4,44,0,48,31,38,49,0,118,76,0,76,194
01/28/2008,BIL,MT,ANM,WE,Combined TRACON& Tower with Radar,32,70,13,0,115,0,3,0,0,3,32,73,13,0,118,0,0,0,118
01/29/2008,BIL,MT,ANM,WE,Combined TRACON& Tower with Radar,40,89,36,0,165,0,8,21,0,29,40,97,57,0,194,24,0,24,218
01/30/2008,BIL,MT,ANM,WE,Combined TRACON& Tower with Radar,36,92,50,0,178,0,11,69,0,80,36,103,119,0,258,60,0,60,318
01/31/2008,BIL,MT,ANM,WE,Combined TRACON& Tower with Radar,34,103,39,0,176,0,6,46,0,52,34,109,85,0,228,30,0,30,258
02/01/2008,BIL,MT,ANM,WE,Combined TRACON& Tower with Radar,48,81,41,0,170,0,14,53,0,67,48,95,94,0,237,90,0,90,327
02/02/2008,BIL,MT,ANM,WE,Combined TRACON& Tower with Radar,31,47,43,1,122,0,11,68,0,79,31,58,111,1,201,50,0,50,251
02/03/2008,BIL,MT,ANM,WE,Combined TRACON& Tower with Radar,30,38,13,0,81,0,9,24,0,33,30,47,37,0,114,20,0,20,134
02/04/2008,BIL,MT,ANM,WE,Combined TRACON& Tower with Radar,33,76,34,0,143,0,12,39,0,51,33,88,73,0,194,56,0,56,250
02/05/2008,BIL,MT,ANM,WE,Combined TRACON& Tower with Radar,40,85,41,1,167,0,10,72,0,82,40,95,113,1,249,74,0,74,323
02/06/2008,BIL,MT,ANM,WE,Combined TRACON& Tower with Radar,40,86,50,0,176,0,8,44,0,52,40,94,94,0,228,26,0,26,254
02/07/2008,BIL,MT,ANM,WE,Combined TRACON& Tower with Radar,34,86,30,4,154,0,7,40,0,47,34,93,70,4,201,42,0,42,243
02/08/2008,BIL,MT,ANM,WE,Combined TRACON& Tower with Radar,45,106,36,0,187,0,6,15,0,21,45,112,51,0,208,4,0,4,212
02/09/2008,BIL,MT,ANM,WE,Combined TRACON& Tower with Radar,31,47,31,0,109,0,0,0,0,0,31,47,31,0,109,4,0,4,113
02/10/2008,BIL,MT,ANM,WE,Combined TRACON& Tower with Radar,29,27,15,2,73,0,2,32,1,35,29,29,47,3,108,24,0,24,132
02/11/2008,BIL,MT,ANM,WE,Combined TRACON& Tower with Radar,43,76,27,3,149,0,9,56,0,65,43,85,83,3,214,76,0,76,290
02/12/2008,BIL,MT,ANM,WE,Combined TRACON& Tower with Radar,38,86,32,0,156,0,0,62,0,62,38,86,94,0,218,166,0,166,384
02/13/2008,BIL,MT,ANM,WE,Combined TRACON& Tower with Radar,41,96,29,0,166,0,3,17,0,20,41,99,46,0,186,52,0,52,238
02/14/2008,BIL,MT,ANM,WE,Combined TRACON& Tower with Radar,33,106,51,1,191,0,8,70,2,80,33,114,121,3,271,104,0,104,375
02/15/2008,BIL,MT,ANM,WE,Combined TRACON& Tower with Radar,41,99,49,0,189,0,10,98,0,108,41,109,147,0,297,104,0,104,401
02/16/2008,BIL,MT,ANM,WE,Combined TRACON& Tower with Radar,30,50,23,0,103,0,5,40,0,45,30,55,63,0,148,30,0,30,178
02/17/2008,BIL,MT,ANM,WE,Combined TRACON& Tower with Radar,24,40,11,0,75,0,6,23,0,29,24,46,34,0,104,30,0,30,134
02/18/2008,BIL,MT,ANM,WE,Combined TRACON& Tower with Radar,28,75,21,0,124,0,11,70,1,82,28,86,91,1,206,78,0,78,284
02/19/2008,BIL,MT,ANM,WE,Combined TRACON& Tower with Radar,36,85,61,0,182,0,9,91,0,100,36,94,152,0,282,100,0,100,382
02/20/2008,BIL,MT,ANM,WE,Combined TRACON& Tower with Radar,37,107,52,0,196,0,7,61,0,68,37,114,113,0,264,110,0,110,374
02/21/2008,BIL,MT,ANM,WE,Combined TRACON& Tower with Radar,33,108,33,1,175,0,28,92,0,120,33,136,125,1,295,136,0,136,431
02/22/2008,BIL,MT,ANM,WE,Combined TRACON& Tower with Radar,39,128,46,1,214,0,7,94,2,103,39,135,140,3,317,120,0,120,437
02/23/2008,BIL,MT,ANM,WE,Combined TRACON& Tower with Radar,31,55,30,0,116,0,14,70,0,84,31,69,100,0,200,140,0,140,340
02/24/2008,BIL,MT,ANM,WE,Combined TRACON& Tower with Radar,32,40,6,0,78,0,4,39,8,51,32,44,45,8,129,16,0,16,145
02/25/2008,BIL,MT,ANM,WE,Combined TRACON& Tower with Radar,34,96,26,0,156,2,12,10,0,24,36,108,36,0,180,0,0,0,180
02/26/2008,BIL,MT,ANM,WE,Combined TRACON& Tower with Radar,39,100,54,2,195,0,19,81,8,108,39,119,135,10,303,80,0,80,383
02/27/2008,BIL,MT,ANM,WE,Combined TRACON& Tower with Radar,37,99,55,0,191,0,15,59,0,74,37,114,114,0,265,70,0,70,335
02/28/2008,BIL,MT,ANM,WE,Combined TRACON& Tower with Radar,33,101,54,0,188,0,6,31,0,37,33,107,85,0,225,38,0,38,263
02/29/2008,BIL,MT,ANM,WE,Combined TRACON& Tower with Radar,39,97,40,1,177,0,9,52,0,61,39,106,92,1,238,64,0,64,302
03/01/2008,BIL,MT,ANM,WE,Combined TRACON& Tower with Radar,26,54,14,0,94,0,3,16,3,22,26,57,30,3,116,9,0,9,125
03/02/2008,BIL,MT,ANM,WE,Combined TRACON& Tower with Radar,26,38,33,0,97,0,5,22,0,27,26,43,55,0,124,30,0,30,154
03/03/2008,BIL,MT,ANM,WE,Combined TRACON& Tower with Radar,42,55,18,0,115,0,5,17,0,22,42,60,35,0,137,4,0,4,141
03/04/2008,BIL,MT,ANM,WE,Combined TRACON& Tower with Radar,30,92,12,0,134,0,6,6,0,12,30,98,18,0,146,34,0,34,180
03/05/2008,BIL,MT,ANM,WE,Combined TRACON& Tower with Radar,43,101,34,0,178,0,7,30,0,37,43,108,64,0,215,60,0,60,275
03/06/2008,BIL,MT,ANM,WE,Combined TRACON& Tower with Radar,37,98,30,0,165,0,13,34,2,49,37,111,64,2,214,22,0,22,236
03/07/2008,BIL,MT,ANM,WE,Combined TRACON& Tower with Radar,44,96,45,3,188,0,19,65,0,84,44,115,110,3,272,70,0,70,342
03/08/2008,BIL,MT,ANM,WE,Combined TRACON& Tower with Radar,30,36,16,1,83,0,2,57,8,67,30,38,73,9,150,36,0,36,186
03/09/2008,BIL,MT,ANM,WE,Combined TRACON& Tower with Radar,31,36,6,1,74,0,7,54,0,61,31,43,60,1,135,20,0,20,155
03/10/2008,BIL,MT,ANM,WE,Combined TRACON& Tower with Radar,37,76,41,0,154,0,3,94,0,97,37,79,135,0,251,120,0,120,371
03/11/2008,BIL,MT,ANM,WE,Combined TRACON& Tower with Radar,38,60,16,0,114,0,14,71,0,85,38,74,87,0,199,38,0,38,237
03/12/2008,BIL,MT,ANM,WE,Combined TRACON& Tower with Radar,51,86,32,0,169,0,19,84,0,103,51,105,116,0,272,92,0,92,364
03/13/2008,BIL,MT,ANM,WE,Combined TRACON& Tower with Radar,37,77,27,0,141,0,7,86,0,93,37,84,113,0,234,84,0,84,318
03/14/2008,BIL,MT,ANM,WE,Combined TRACON& Tower with Radar,39,100,33,0,172,0,5,60,0,65,39,105,93,0,237,108,0,108,345
03/15/2008,BIL,MT,ANM,WE,Combined TRACON& Tower with Radar,33,50,33,0,116,0,34,37,0,71,33,84,70,0,187,86,0,86,273
03/16/2008,BIL,MT,ANM,WE,Combined TRACON& Tower with Radar,30,19,21,4,74,0,10,30,0,40,30,29,51,4,114,66,0,66,180
03/17/2008,BIL,MT,ANM,WE,Combined TRACON& Tower with Radar,36,54,70,0,160,0,11,59,0,70,36,65,129,0,230,100,0,100,330
03/18/2008,BIL,MT,ANM,WE,Combined TRACON& Tower with Radar,42,67,63,1,173,0,14,75,1,90,42,81,138,2,263,91,0,91,354
03/19/2008,BIL,MT,ANM,WE,Combined TRACON& Tower with Radar,42,65,49,0,156,0,6,74,0,80,42,71,123,0,236,72,0,72,308
03/20/2008,BIL,MT,ANM,WE,Combined TRACON& Tower with Radar,38,65,43,0,146,0,3,42,0,45,38,68,85,0,191,102,0,102,293
03/21/2008,BIL,MT,ANM,WE,Combined TRACON& Tower with Radar,44,70,32,2,148,0,0,32,0,32,44,70,64,2,180,56,0,56,236
03/22/2008,BIL,MT,ANM,WE,Combined TRACON& Tower with Radar,28,51,14,0,93,0,5,55,0,60,28,56,69,0,153,20,0,20,173
03/23/2008,BIL,MT,ANM,WE,Combined TRACON& Tower with Radar,33,18,8,0,59,0,0,27,0,27,33,18,35,0,86,18,0,18,104
03/24/2008,BIL,MT,ANM,WE,Combined TRACON& Tower with Radar,34,58,28,0,120,0,6,24,0,30,34,64,52,0,150,44,0,44,194
03/25/2008,BIL,MT,ANM,WE,Combined TRACON& Tower with Radar,36,70,56,0,162,0,17,88,0,105,36,87,144,0,267,106,0,106,373
03/26/2008,BIL,MT,ANM,WE,Combined TRACON& Tower with Radar,39,77,32,7,155,0,16,33,0,49,39,93,65,7,204,30,0,30,234
03/27/2008,BIL,MT,ANM,WE,Combined TRACON& Tower with Radar,42,92,23,0,157,0,3,11,0,14,42,95,34,0,171,2,0,2,173
03/28/2008,BIL,MT,ANM,WE,Combined TRACON& Tower with Radar,42,74,28,4,148,0,8,52,0,60,42,82,80,4,208,30,0,30,238
03/29/2008,BIL,MT,ANM,WE,Combined TRACON& Tower with Radar,35,55,9,1,100,0,9,2,18,29,35,64,11,19,129,4,0,4,133
03/30/2008,BIL,MT,ANM,WE,Combined TRACON& Tower with Radar,34,30,17,1,82,0,4,20,0,24,34,34,37,1,106,0,0,0,106
03/31/2008,BIL,MT,ANM,WE,Combined TRACON& Tower with Radar,47,66,15,1,129,0,3,11,0,14,47,69,26,1,143,6,0,6,149
04/01/2008,BIL,MT,ANM,WE,Combined TRACON& Tower with Radar,40,65,38,1,144,0,11,50,9,70,40,76,88,10,214,86,0,86,300
04/02/2008,BIL,MT,ANM,WE,Combined TRACON& Tower with Radar,52,58,47,0,157,0,18,85,5,108,52,76,132,5,265,134,0,134,399
04/03/2008,BIL,MT,ANM,WE,Combined TRACON& Tower with Radar,35,67,60,0,162,0,4,96,0,100,35,71,156,0,262,102,0,102,364
04/04/2008,BIL,MT,ANM,WE,Combined TRACON& Tower with Radar,40,82,32,0,154,0,10,76,0,86,40,92,108,0,240,104,0,104,344
04/05/2008,BIL,MT,ANM,WE,Combined TRACON& Tower with Radar,33,47,27,0,107,0,0,18,0,18,33,47,45,0,125,74,0,74,199
04/06/2008,BIL,MT,ANM,WE,Combined TRACON& Tower with Radar,31,35,13,0,79,0,14,30,0,44,31,49,43,0,123,10,0,10,133
04/07/2008,BIL,MT,ANM,WE,Combined TRACON& Tower with Radar,36,55,36,0,127,0,17,55,0,72,36,72,91,0,199,116,0,116,315
04/08/2008,BIL,MT,ANM,WE,Combined TRACON& Tower with Radar,38,64,35,0,137,0,8,58,0,66,38,72,93,0,203,78,0,78,281
04/09/2008,BIL,MT,ANM,WE,Combined TRACON& Tower with Radar,44,64,51,0,159,0,5,49,0,54,44,69,100,0,213,44,0,44,257
04/10/2008,BIL,MT,ANM,WE,Combined TRACON& Tower with Radar,36,64,23,0,123,0,7,37,0,44,36,71,60,0,167,98,0,98,265
04/11/2008,BIL,MT,ANM,WE,Combined TRACON& Tower with Radar,42,82,29,0,153,0,13,56,0,69,42,95,85,0,222,43,0,43,265
04/12/2008,BIL,MT,ANM,WE,Combined TRACON& Tower with Radar,31,42,48,0,121,0,4,68,0,72,31,46,116,0,193,112,0,112,305
04/13/2008,BIL,MT,ANM,WE,Combined TRACON& Tower with Radar,35,32,16,0,83,0,15,53,0,68,35,47,69,0,151,26,0,26,177
04/14/2008,BIL,MT,ANM,WE,Combined TRACON& Tower with Radar,30,46,52,0,128,0,10,69,0,79,30,56,121,0,207,72,0,72,279
04/15/2008,BIL,MT,ANM,WE,Combined TRACON& Tower with Radar,36,67,41,0,144,0,3,31,0,34,36,70,72,0,178,88,0,88,266
04/16/2008,BIL,MT,ANM,WE,Combined TRACON& Tower with Radar,38,69,35,0,142,0,7,47,0,54,38,76,82,0,196,86,0,86,282
04/17/2008,BIL,MT,ANM,WE,Combined TRACON& Tower with Radar,32,68,55,0,155,0,2,85,0,87,32,70,140,0,242,88,0,88,330
04/18/2008,BIL,MT,ANM,WE,Combined TRACON& Tower with Radar,35,86,47,0,168,0,9,81,0,90,35,95,128,0,258,88,0,88,346
04/19/2008,BIL,MT,ANM,WE,Combined TRACON& Tower with Radar,27,40,22,0,89,0,7,49,0,56,27,47,71,0,145,116,0,116,261
04/20/2008,BIL,MT,ANM,WE,Combined TRACON& Tower with Radar,28,32,8,0,68,1,3,4,0,8,29,35,12,0,76,14,0,14,90
04/21/2008,BIL,MT,ANM,WE,Combined TRACON& Tower with Radar,40,67,37,0,144,0,21,56,1,78,40,88,93,1,222,70,0,70,292
04/22/2008,BIL,MT,ANM,WE,Combined TRACON& Tower with Radar,34,68,39,0,141,0,18,90,2,110,34,86,129,2,251,96,0,96,347
04/23/2008,BIL,MT,ANM,WE,Combined TRACON& Tower with Radar,42,81,39,0,162,0,15,50,3,68,42,96,89,3,230,86,0,86,316
04/24/2008,BIL,MT,ANM,WE,Combined TRACON& Tower with Radar,34,85,37,0,156,0,2,16,0,18,34,87,53,0,174,42,0,42,216
04/25/2008,BIL,MT,ANM,WE,Combined TRACON& Tower with Radar,40,102,28,0,170,0,6,47,1,54,40,108,75,1,224,62,0,62,286
04/26/2008,BIL,MT,ANM,WE,Combined TRACON& Tower with Radar,28,54,30,0,112,0,10,56,2,68,28,64,86,2,180,50,0,50,230
04/27/2008,BIL,MT,ANM,WE,Combined TRACON& Tower with Radar,28,33,13,0,74,0,14,58,0,72,28,47,71,0,146,46,1,47,193
04/28/2008,BIL,MT,ANM,WE,Combined TRACON& Tower with Radar,37,72,44,0,153,0,10,81,0,91,37,82,125,0,244,90,0,90,334
04/29/2008,BIL,MT,ANM,WE,Combined TRACON& Tower with Radar,32,61,50,3,146,0,11,47,0,58,32,72,97,3,204,34,0,34,238
04/30/2008,BIL,MT,ANM,WE,Combined TRACON& Tower with Radar,38,77,35,0,150,0,10,33,0,43,38,87,68,0,193,40,0,40,233
05/01/2008,BIL,MT,ANM,WE,Combined TRACON& Tower with Radar,30,69,26,2,127,0,6,25,1,32,30,75,51,3,159,16,0,16,175
05/02/2008,BIL,MT,ANM,WE,Combined TRACON& Tower with Radar,38,75,25,2,140,0,17,47,3,67,38,92,72,5,207,92,0,92,299
05/03/2008,BIL,MT,ANM,WE,Combined TRACON& Tower with Radar,26,45,21,0,92,0,6,65,6,77,26,51,86,6,169,0,0,0,169
05/04/2008,BIL,MT,ANM,WE,Combined TRACON& Tower with Radar,27,33,28,1,89,0,8,57,0,65,27,41,85,1,154,48,0,48,202
05/05/2008,BIL,MT,ANM,WE,Combined TRACON& Tower with Radar,43,66,29,0,138,0,11,75,3,89,43,77,104,3,227,84,0,84,311
05/06/2008,BIL,MT,ANM,WE,Combined TRACON& Tower with Radar,40,71,42,0,153,0,22,54,0,76,40,93,96,0,229,20,0,20,249
05/07/2008,BIL,MT,ANM,WE,Combined TRACON& Tower with Radar,42,95,43,0,180,0,4,13,0,17,42,99,56,0,197,32,0,32,229
05/08/2008,BIL,MT,ANM,WE,Combined TRACON& Tower with Radar,39,94,65,0,198,0,20,62,0,82,39,114,127,0,280,92,0,92,372
05/09/2008,BIL,MT,ANM,WE,Combined TRACON& Tower with Radar,44,96,37,0,177,0,3,12,0,15,44,99,49,0,192,6,0,6,198
05/10/2008,BIL,MT,ANM,WE,Combined TRACON& Tower with Radar,28,55,16,2,101,0,4,50,0,54,28,59,66,2,155,52,0,52,207
05/11/2008,BIL,MT,ANM,WE,Combined TRACON& Tower with Radar,33,28,18,0,79,0,6,25,0,31,33,34,43,0,110,6,0,6,116
05/12/2008,BIL,MT,ANM,WE,Combined TRACON& Tower with Radar,36,61,25,2,124,0,3,32,0,35,36,64,57,2,159,66,0,66,225
05/13/2008,BIL,MT,ANM,WE,Combined TRACON& Tower with Radar,40,80,43,1,164,0,13,64,0,77,40,93,107,1,241,60,0,60,301
05/14/2008,BIL,MT,ANM,WE,Combined TRACON& Tower with Radar,35,73,45,0,153,0,6,44,0,50,35,79,89,0,203,40,0,40,243
05/15/2008,BIL,MT,ANM,WE,Combined TRACON& Tower with Radar,37,70,39,0,146,0,3,78,0,81,37,73,117,0,227,102,0,102,329
05/16/2008,BIL,MT,ANM,WE,Combined TRACON& Tower with Radar,40,76,40,0,156,0,13,111,0,124,40,89,151,0,280,118,0,118,398
05/17/2008,BIL,MT,ANM,WE,Combined TRACON& Tower with Radar,32,31,8,0,71,0,10,79,0,89,32,41,87,0,160,60,0,60,220
05/18/2008,BIL,MT,ANM,WE,Combined TRACON& Tower with Radar,33,29,25,0,87,0,6,42,0,48,33,35,67,0,135,34,0,34,169
05/19/2008,BIL,MT,ANM,WE,Combined TRACON& Tower with Radar,37,58,56,0,151,0,25,55,0,80,37,83,111,0,231,86,0,86,317
05/20/2008,BIL,MT,ANM,WE,Combined TRACON& Tower with Radar,39,69,31,0,139,0,10,82,1,93,39,79,113,1,232,106,0,106,338
05/21/2008,BIL,MT,ANM,WE,Combined TRACON& Tower with Radar,42,66,26,0,134,0,7,9,0,16,42,73,35,0,150,20,0,20,170
05/22/2008,BIL,MT,ANM,WE,Combined TRACON& Tower with Radar,27,70,27,0,124,0,0,0,0,0,27,70,27,0,124,0,0,0,124
05/23/2008,BIL,MT,ANM,WE,Combined TRACON& Tower with Radar,42,68,23,0,133,0,1,5,0,6,42,69,28,0,139,0,0,0,139
05/24/2008,BIL,MT,ANM,WE,Combined TRACON& Tower with Radar,27,34,11,0,72,0,0,5,0,5,27,34,16,0,77,18,0,18,95
05/25/2008,BIL,MT,ANM,WE,Combined TRACON& Tower with Radar,25,17,16,0,58,0,7,14,0,21,25,24,30,0,79,0,0,0,79
05/26/2008,BIL,MT,ANM,WE,Combined TRACON& Tower with Radar,37,33,13,0,83,0,3,15,2,20,37,36,28,2,103,52,0,52,155
05/27/2008,BIL,MT,ANM,WE,Combined TRACON& Tower with Radar,31,48,20,0,99,0,1,14,0,15,31,49,34,0,114,0,0,0,114
05/28/2008,BIL,MT,ANM,WE,Combined TRACON& Tower with Radar,40,71,37,0,148,0,5,49,0,54,40,76,86,0,202,34,0,34,236
05/29/2008,BIL,MT,ANM,WE,Combined TRACON& Tower with Radar,32,70,31,0,133,0,5,51,1,57,32,75,82,1,190,54,0,54,244
05/30/2008,BIL,MT,ANM,WE,Combined TRACON& Tower with Radar,35,82,61,0,178,0,7,75,0,82,35,89,136,0,260,84,0,84,344
05/31/2008,BIL,MT,ANM,WE,Combined TRACON& Tower with Radar,29,44,12,0,85,0,9,67,0,76,29,53,79,0,161,14,0,14,175
06/01/2008,BIL,MT,ANM,WE,Combined TRACON& Tower with Radar,33,34,9,0,76,0,5,32,0,37,33,39,41,0,113,32,0,32,145
06/02/2008,BIL,MT,ANM,WE,Combined TRACON& Tower with Radar,39,58,46,0,143,0,16,48,0,64,39,74,94,0,207,46,0,46,253
06/03/2008,BIL,MT,ANM,WE,Combined TRACON& Tower with Radar,34,65,27,0,126,0,2,61,0,63,34,67,88,0,189,46,0,46,235
06/04/2008,BIL,MT,ANM,WE,Combined TRACON& Tower with Radar,38,73,35,0,146,0,4,25,0,29,38,77,60,0,175,14,0,14,189
06/05/2008,BIL,MT,ANM,WE,Combined TRACON& Tower with Radar,37,69,31,0,137,0,8,30,0,38,37,77,61,0,175,66,0,66,241
06/06/2008,BIL,MT,ANM,WE,Combined TRACON& Tower with Radar,48,76,32,0,156,0,17,46,0,63,48,93,78,0,219,82,0,82,301
06/07/2008,BIL,MT,ANM,WE,Combined TRACON& Tower with Radar,40,49,20,0,109,0,9,35,0,44,40,58,55,0,153,16,0,16,169
06/08/2008,BIL,MT,ANM,WE,Combined TRACON& Tower with Radar,36,35,10,0,81,0,0,5,0,5,36,35,15,0,86,0,0,0,86
06/09/2008,BIL,MT,ANM,WE,Combined TRACON& Tower with Radar,37,60,31,0,128,0,8,74,0,82,37,68,105,0,210,96,0,96,306
06/10/2008,BIL,MT,ANM,WE,Combined TRACON& Tower with Radar,41,62,33,5,141,0,4,52,0,56,41,66,85,5,197,106,0,106,303
06/11/2008,BIL,MT,ANM,WE,Combined TRACON& Tower with Radar,51,70,46,0,167,0,2,46,0,48,51,72,92,0,215,32,0,32,247
06/12/2008,BIL,MT,ANM,WE,Combined TRACON& Tower with Radar,45,71,27,0,143,0,5,12,0,17,45,76,39,0,160,4,0,4,164
06/13/2008,BIL,MT,ANM,WE,Combined TRACON& Tower with Radar,45,78,22,0,145,0,25,32,0,57,45,103,54,0,202,40,0,40,242
06/14/2008,BIL,MT,ANM,WE,Combined TRACON& Tower with Radar,42,44,18,1,105,0,17,61,0,78,42,61,79,1,183,30,0,30,213
06/15/2008,BIL,MT,ANM,WE,Combined TRACON& Tower with Radar,37,30,9,0,76,0,5,60,0,65,37,35,69,0,141,14,0,14,155
06/16/2008,BIL,MT,ANM,WE,Combined TRACON& Tower with Radar,45,55,49,0,149,0,20,82,0,102,45,75,131,0,251,72,0,72,323
06/17/2008,BIL,MT,ANM,WE,Combined TRACON& Tower with Radar,47,74,50,0,171,0,20,49,2,71,47,94,99,2,242,86,0,86,328
06/18/2008,BIL,MT,ANM,WE,Combined TRACON& Tower with Radar,47,69,30,0,146,0,13,58,0,71,47,82,88,0,217,66,0,66,283
06/19/2008,BIL,MT,ANM,WE,Combined TRACON& Tower with Radar,44,66,34,1,145,0,8,65,2,75,44,74,99,3,220,110,0,110,330
06/20/2008,BIL,MT,ANM,WE,Combined TRACON& Tower with Radar,48,72,40,1,161,0,14,98,3,115,48,86,138,4,276,98,4,102,378
06/21/2008,BIL,MT,ANM,WE,Combined TRACON& Tower with Radar,35,50,14,0,99,0,9,71,0,80,35,59,85,0,179,50,0,50,229
06/22/2008,BIL,MT,ANM,WE,Combined TRACON& Tower with Radar,42,30,21,1,94,1,14,36,0,51,43,44,57,1,145,0,0,0,145
06/23/2008,BIL,MT,ANM,WE,Combined TRACON& Tower with Radar,52,56,26,2,136,0,15,48,1,64,52,71,74,3,200,64,0,64,264
06/24/2008,BIL,MT,ANM,WE,Combined TRACON& Tower with Radar,49,33,23,2,107,0,24,94,3,121,49,57,117,5,228,136,0,136,364
06/25/2008,BIL,MT,ANM,WE,Combined TRACON& Tower with Radar,48,74,36,0,158,0,3,70,2,75,48,77,106,2,233,86,0,86,319
06/26/2008,BIL,MT,ANM,WE,Combined TRACON& Tower with Radar,46,71,42,0,159,0,10,83,2,95,46,81,125,2,254,146,0,146,400
06/27/2008,BIL,MT,ANM,WE,Combined TRACON& Tower with Radar,40,74,31,1,146,0,23,89,3,115,40,97,120,4,261,134,0,134,395
06/28/2008,BIL,MT,ANM,WE,Combined TRACON& Tower with Radar,37,44,36,0,117,0,11,68,1,80,37,55,104,1,197,14,0,14,211
06/29/2008,BIL,MT,ANM,WE,Combined TRACON& Tower with Radar,39,35,20,0,94,0,2,58,0,60,39,37,78,0,154,56,0,56,210
06/30/2008,BIL,MT,ANM,WE,Combined TRACON& Tower with Radar,52,70,33,0,155,0,10,84,0,94,52,80,117,0,249,54,0,54,303
07/01/2008,BIL,MT,ANM,WE,Combined TRACON& Tower with Radar,43,61,14,0,118,0,5,62,0,67,43,66,76,0,185,72,0,72,257
07/02/2008,BIL,MT,ANM,WE,Combined TRACON& Tower with Radar,43,78,44,0,165,0,0,47,0,47,43,78,91,0,212,62,0,62,274
07/03/2008,BIL,MT,ANM,WE,Combined TRACON& Tower with Radar,40,71,25,0,136,0,13,64,0,77,40,84,89,0,213,62,0,62,275
07/04/2008,BIL,MT,ANM,WE,Combined TRACON& Tower with Radar,22,30,5,0,57,0,2,48,0,50,22,32,53,0,107,4,0,4,111
07/05/2008,BIL,MT,ANM,WE,Combined TRACON& Tower with Radar,37,31,14,0,82,0,9,44,0,53,37,40,58,0,135,0,0,0,135
07/06/2008,BIL,MT,ANM,WE,Combined TRACON& Tower with Radar,36,38,20,0,94,0,11,47,0,58,36,49,67,0,152,0,0,0,152
07/07/2008,BIL,MT,ANM,WE,Combined TRACON& Tower with Radar,50,53,28,0,131,0,12,55,0,67,50,65,83,0,198,58,0,58,256
07/08/2008,BIL,MT,ANM,WE,Combined TRACON& Tower with Radar,47,79,42,0,168,0,26,88,0,114,47,105,130,0,282,78,0,78,360
07/09/2008,BIL,MT,ANM,WE,Combined TRACON& Tower with Radar,45,65,34,0,144,0,13,99,0,112,45,78,133,0,256,78,0,78,334
07/10/2008,BIL,MT,ANM,WE,Combined TRACON& Tower with Radar,52,63,26,0,141,0,9,72,0,81,52,72,98,0,222,50,0,50,272
07/11/2008,BIL,MT,ANM,WE,Combined TRACON& Tower with Radar,52,67,20,0,139,0,20,35,0,55,52,87,55,0,194,46,0,46,240
07/12/2008,BIL,MT,ANM,WE,Combined TRACON& Tower with Radar,38,45,18,0,101,0,8,62,0,70,38,53,80,0,171,20,0,20,191
07/13/2008,BIL,MT,ANM,WE,Combined TRACON& Tower with Radar,41,25,23,2,91,0,2,67,0,69,41,27,90,2,160,0,0,0,160
07/14/2008,BIL,MT,ANM,WE,Combined TRACON& Tower with Radar,49,51,29,0,129,0,15,61,0,76,49,66,90,0,205,74,0,74,279
07/15/2008,BIL,MT,ANM,WE,Combined TRACON& Tower with Radar,47,71,42,0,160,0,8,91,0,99,47,79,133,0,259,112,0,112,371
07/16/2008,BIL,MT,ANM,WE,Combined TRACON& Tower with Radar,46,64,43,0,153,0,18,61,0,79,46,82,104,0,232,64,0,64,296
07/17/2008,BIL,MT,ANM,WE,Combined TRACON& Tower with Radar,44,81,21,0,146,0,14,51,0,65,44,95,72,0,211,52,0,52,263
07/18/2008,BIL,MT,ANM,WE,Combined TRACON& Tower with Radar,50,66,37,0,153,0,5,64,0,69,50,71,101,0,222,10,0,10,232
07/19/2008,BIL,MT,ANM,WE,Combined TRACON& Tower with Radar,34,47,15,0,96,0,7,59,0,66,34,54,74,0,162,20,0,20,182
07/20/2008,BIL,MT,ANM,WE,Combined TRACON& Tower with Radar,45,36,6,0,87,0,16,71,0,87,45,52,77,0,174,10,0,10,184
07/21/2008,BIL,MT,ANM,WE,Combined TRACON& Tower with Radar,51,52,40,0,143,0,25,62,0,87,51,77,102,0,230,44,0,44,274
07/22/2008,BIL,MT,ANM,WE,Combined TRACON& Tower with Radar,47,69,34,0,150,0,13,62,0,75,47,82,96,0,225,84,0,84,309
07/23/2008,BIL,MT,ANM,WE,Combined TRACON& Tower with Radar,47,65,43,0,155,0,23,74,0,97,47,88,117,0,252,62,0,62,314
07/24/2008,BIL,MT,ANM,WE,Combined TRACON& Tower with Radar,46,64,40,0,150,0,5,78,0,83,46,69,118,0,233,18,0,18,251
07/25/2008,BIL,MT,ANM,WE,Combined TRACON& Tower with Radar,51,75,32,2,160,0,17,74,0,91,51,92,106,2,251,20,0,20,271
07/26/2008,BIL,MT,ANM,WE,Combined TRACON& Tower with Radar,38,46,12,0,96,0,18,54,0,72,38,64,66,0,168,4,0,4,172
07/27/2008,BIL,MT,ANM,WE,Combined TRACON& Tower with Radar,41,34,19,0,94,0,15,58,0,73,41,49,77,0,167,0,0,0,167
07/28/2008,BIL,MT,ANM,WE,Combined TRACON& Tower with Radar,47,48,30,0,125,0,29,102,0,131,47,77,132,0,256,20,0,20,276
07/29/2008,BIL,MT,ANM,WE,Combined TRACON& Tower with Radar,45,64,32,0,141,0,34,88,0,122,45,98,120,0,263,40,0,40,303
07/30/2008,BIL,MT,ANM,WE,Combined TRACON& Tower with Radar,49,65,40,0,154,0,15,88,3,106,49,80,128,3,260,68,0,68,328
07/31/2008,BIL,MT,ANM,WE,Combined TRACON& Tower with Radar,41,76,50,2,169,0,62,78,0,140,41,138,128,2,309,80,0,80,389
08/01/2008,BIL,MT,ANM,WE,Combined TRACON& Tower with Radar,40,74,40,0,154,0,30,75,0,105,40,104,115,0,259,42,0,42,301
08/02/2008,BIL,MT,ANM,WE,Combined TRACON& Tower with Radar,38,47,27,0,112,0,18,73,0,91,38,65,100,0,203,10,0,10,213
08/03/2008,BIL,MT,ANM,WE,Combined TRACON& Tower with Radar,42,34,14,2,92,0,19,83,4,106,42,53,97,6,198,12,0,12,210
08/04/2008,BIL,MT,ANM,WE,Combined TRACON& Tower with Radar,40,52,35,1,128,0,23,73,5,101,40,75,108,6,229,80,0,80,309
08/05/2008,BIL,MT,ANM,WE,Combined TRACON& Tower with Radar,48,74,42,1,165,0,15,104,9,128,48,89,146,10,293,84,0,84,377
08/06/2008,BIL,MT,ANM,WE,Combined TRACON& Tower with Radar,43,75,33,10,161,0,18,71,3,92,43,93,104,13,253,42,0,42,295
08/07/2008,BIL,MT,ANM,WE,Combined TRACON& Tower with Radar,115,74,50,1,240,0,7,73,0,80,115,81,123,1,320,26,0,26,346
08/08/2008,BIL,MT,ANM,WE,Combined TRACON& Tower with Radar,56,67,61,0,184,0,25,83,0,108,56,92,144,0,292,72,0,72,364
08/09/2008,BIL,MT,ANM,WE,Combined TRACON& Tower with Radar,37,54,19,1,111,0,3,60,1,64,37,57,79,2,175,42,0,42,217
08/10/2008,BIL,MT,ANM,WE,Combined TRACON& Tower with Radar,44,18,17,2,81,0,0,49,0,49,44,18,66,2,130,0,0,0,130
08/11/2008,BIL,MT,ANM,WE,Combined TRACON& Tower with Radar,59,51,59,0,169,0,20,73,0,93,59,71,132,0,262,64,0,64,326
08/12/2008,BIL,MT,ANM,WE,Combined TRACON& Tower with Radar,49,77,43,1,170,0,10,61,1,72,49,87,104,2,242,36,14,50,292
08/13/2008,BIL,MT,ANM,WE,Combined TRACON& Tower with Radar,43,70,60,0,173,0,12,76,0,88,43,82,136,0,261,124,0,124,385
08/14/2008,BIL,MT,ANM,WE,Combined TRACON& Tower with Radar,43,67,51,4,165,0,7,49,0,56,43,74,100,4,221,38,0,38,259
08/15/2008,BIL,MT,ANM,WE,Combined TRACON& Tower with Radar,47,62,28,0,137,0,10,64,1,75,47,72,92,1,212,88,0,88,300
08/16/2008,BIL,MT,ANM,WE,Combined TRACON& Tower with Radar,40,41,9,0,90,0,5,58,0,63,40,46,67,0,153,8,0,8,161
08/17/2008,BIL,MT,ANM,WE,Combined TRACON& Tower with Radar,40,20,20,0,80,0,6,54,0,60,40,26,74,0,140,30,0,30,170
08/18/2008,BIL,MT,ANM,WE,Combined TRACON& Tower with Radar,45,47,35,0,127,0,16,73,0,89,45,63,108,0,216,42,0,42,258
08/19/2008,BIL,MT,ANM,WE,Combined TRACON& Tower with Radar,40,70,24,0,134,0,19,47,0,66,40,89,71,0,200,38,0,38,238
08/20/2008,BIL,MT,ANM,WE,Combined TRACON& Tower with Radar,42,66,24,0,132,0,8,55,0,63,42,74,79,0,195,42,0,42,237
08/21/2008,BIL,MT,ANM,WE,Combined TRACON& Tower with Radar,41,76,24,0,141,0,11,32,0,43,41,87,56,0,184,20,0,20,204
08/22/2008,BIL,MT,ANM,WE,Combined TRACON& Tower with Radar,39,69,49,3,160,0,5,56,0,61,39,74,105,3,221,28,8,36,257
08/23/2008,BIL,MT,ANM,WE,Combined TRACON& Tower with Radar,33,49,14,1,97,0,12,94,0,106,33,61,108,1,203,62,0,62,265
08/24/2008,BIL,MT,ANM,WE,Combined TRACON& Tower with Radar,37,18,17,0,72,0,9,80,0,89,37,27,97,0,161,2,0,2,163
08/25/2008,BIL,MT,ANM,WE,Combined TRACON& Tower with Radar,33,70,18,2,123,0,22,63,2,87,33,92,81,4,210,44,0,44,254
08/26/2008,BIL,MT,ANM,WE,Combined TRACON& Tower with Radar,39,60,33,0,132,0,15,60,0,75,39,75,93,0,207,18,0,18,225
08/27/2008,BIL,MT,ANM,WE,Combined TRACON& Tower with Radar,38,74,36,0,148,0,14,70,0,84,38,88,106,0,232,14,0,14,246
08/28/2008,BIL,MT,ANM,WE,Combined TRACON& Tower with Radar,43,64,29,0,136,0,95,78,0,173,43,159,107,0,309,42,0,42,351
08/29/2008,BIL,MT,ANM,WE,Combined TRACON& Tower with Radar,34,82,28,0,144,0,35,155,0,190,34,117,183,0,334,58,0,58,392
08/30/2008,BIL,MT,ANM,WE,Combined TRACON& Tower with Radar,30,32,16,0,78,0,13,258,0,271,30,45,274,0,349,52,0,52,401
08/31/2008,BIL,MT,ANM,WE,Combined TRACON& Tower with Radar,25,28,23,0,76,0,16,61,0,77,25,44,84,0,153,14,0,14,167
09/01/2008,BIL,MT,ANM,WE,Combined TRACON& Tower with Radar,32,17,26,0,75,0,0,0,0,0,32,17,26,0,75,0,0,0,75
09/02/2008,BIL,MT,ANM,WE,Combined TRACON& Tower with Radar,28,49,30,0,107,0,17,131,0,148,28,66,161,0,255,42,0,42,297
09/03/2008,BIL,MT,ANM,WE,Combined TRACON& Tower with Radar,45,68,55,0,168,0,10,94,0,104,45,78,149,0,272,70,0,70,342
09/04/2008,BIL,MT,ANM,WE,Combined TRACON& Tower with Radar,35,91,30,3,159,0,11,75,0,86,35,102,105,3,245,66,0,66,311
09/05/2008,BIL,MT,ANM,WE,Combined TRACON& Tower with Radar,32,77,24,1,134,0,13,76,0,89,32,90,100,1,223,114,0,114,337
09/06/2008,BIL,MT,ANM,WE,Combined TRACON& Tower with Radar,24,39,13,0,76,0,8,25,0,33,24,47,38,0,109,12,0,12,121
09/07/2008,BIL,MT,ANM,WE,Combined TRACON& Tower with Radar,32,31,31,0,94,0,5,27,0,32,32,36,58,0,126,0,0,0,126
09/08/2008,BIL,MT,ANM,WE,Combined TRACON& Tower with Radar,29,55,36,0,120,0,13,82,0,95,29,68,118,0,215,52,0,52,267
09/09/2008,BIL,MT,ANM,WE,Combined TRACON& Tower with Radar,31,73,33,0,137,0,15,112,0,127,31,88,145,0,264,198,0,198,462
09/10/2008,BIL,MT,ANM,WE,Combined TRACON& Tower with Radar,35,66,32,0,133,0,0,31,0,31,35,66,63,0,164,54,0,54,218
09/11/2008,BIL,MT,ANM,WE,Combined TRACON& Tower with Radar,33,73,35,0,141,0,13,86,0,99,33,86,121,0,240,90,0,90,330
09/12/2008,BIL,MT,ANM,WE,Combined TRACON& Tower with Radar,45,88,50,0,183,0,20,134,0,154,45,108,184,0,337,102,0,102,439
09/13/2008,BIL,MT,ANM,WE,Combined TRACON& Tower with Radar,25,45,18,1,89,0,5,52,0,57,25,50,70,1,146,68,0,68,214
09/14/2008,BIL,MT,ANM,WE,Combined TRACON& Tower with Radar,29,28,13,1,71,0,7,67,0,74,29,35,80,1,145,8,0,8,153
09/15/2008,BIL,MT,ANM,WE,Combined TRACON& Tower with Radar,31,52,53,2,138,0,14,114,0,128,31,66,167,2,266,116,0,116,382
09/16/2008,BIL,MT,ANM,WE,Combined TRACON& Tower with Radar,30,71,24,0,125,0,12,96,3,111,30,83,120,3,236,164,0,164,400
09/17/2008,BIL,MT,ANM,WE,Combined TRACON& Tower with Radar,40,83,58,1,182,0,21,105,0,126,40,104,163,1,308,162,0,162,470
09/18/2008,BIL,MT,ANM,WE,Combined TRACON& Tower with Radar,37,63,33,0,133,0,4,109,0,113,37,67,142,0,246,182,0,182,428
09/19/2008,BIL,MT,ANM,WE,Combined TRACON& Tower with Radar,36,71,64,2,173,1,21,101,0,123,37,92,165,2,296,92,0,92,388
09/20/2008,BIL,MT,ANM,WE,Combined TRACON& Tower with Radar,28,46,32,0,106,0,24,96,0,120,28,70,128,0,226,104,0,104,330
09/21/2008,BIL,MT,ANM,WE,Combined TRACON& Tower with Radar,29,28,22,0,79,0,4,34,0,38,29,32,56,0,117,36,0,36,153
09/22/2008,BIL,MT,ANM,WE,Combined TRACON& Tower with Radar,33,61,45,2,141,0,20,68,0,88,33,81,113,2,229,132,0,132,361
09/23/2008,BIL,MT,ANM,WE,Combined TRACON& Tower with Radar,29,56,30,0,115,0,12,50,0,62,29,68,80,0,177,42,0,42,219
09/24/2008,BIL,MT,ANM,WE,Combined TRACON& Tower with Radar,35,62,47,0,144,0,10,80,0,90,35,72,127,0,234,56,0,56,290
09/25/2008,BIL,MT,ANM,WE,Combined TRACON& Tower with Radar,36,69,34,2,141,0,14,99,3,116,36,83,133,5,257,170,0,170,427
09/26/2008,BIL,MT,ANM,WE,Combined TRACON& Tower with Radar,39,98,60,0,197,0,29,106,0,135,39,127,166,0,332,96,0,96,428
09/27/2008,BIL,MT,ANM,WE,Combined TRACON& Tower with Radar,24,37,9,0,70,0,0,124,0,124,24,37,133,0,194,80,0,80,274
09/28/2008,BIL,MT,ANM,WE,Combined TRACON& Tower with Radar,33,43,15,0,91,0,8,57,0,65,33,51,72,0,156,16,0,16,172
09/29/2008,BIL,MT,ANM,WE,Combined TRACON& Tower with Radar,35,37,33,0,105,0,10,101,0,111,35,47,134,0,216,130,0,130,346
09/30/2008,BIL,MT,ANM,WE,Combined TRACON& Tower with Radar,35,64,31,0,130,0,9,80,0,89,35,73,111,0,219,188,0,188,407
10/01/2008,BIL,MT,ANM,WE,Combined TRACON& Tower with Radar,33,67,29,3,132,0,7,73,0,80,33,74,102,3,212,58,1,59,271
10/02/2008,BIL,MT,ANM,WE,Combined TRACON& Tower with Radar,36,59,34,0,129,0,9,106,0,115,36,68,140,0,244,88,0,88,332
10/03/2008,BIL,MT,ANM,WE,Combined TRACON& Tower with Radar,37,63,41,0,141,0,17,89,0,106,37,80,130,0,247,64,0,64,311
10/04/2008,BIL,MT,ANM,WE,Combined TRACON& Tower with Radar,23,35,11,0,69,0,15,52,0,67,23,50,63,0,136,64,0,64,200
10/05/2008,BIL,MT,ANM,WE,Combined TRACON& Tower with Radar,28,25,13,0,66,0,12,28,0,40,28,37,41,0,106,16,0,16,122
10/06/2008,BIL,MT,ANM,WE,Combined TRACON& Tower with Radar,41,48,53,2,144,0,15,67,0,82,41,63,120,2,226,92,0,92,318
10/07/2008,BIL,MT,ANM,WE,Combined TRACON& Tower with Radar,43,67,34,0,144,0,8,64,0,72,43,75,98,0,216,32,0,32,248
10/08/2008,BIL,MT,ANM,WE,Combined TRACON& Tower with Radar,36,67,65,0,168,0,12,78,0,90,36,79,143,0,258,90,0,90,348
10/09/2008,BIL,MT,ANM,WE,Combined TRACON& Tower with Radar,33,66,42,1,142,0,4,42,0,46,33,70,84,1,188,110,0,110,298
10/10/2008,BIL,MT,ANM,WE,Combined TRACON& Tower with Radar,47,70,22,0,139,0,0,0,0,0,47,70,22,0,139,0,0,0,139
10/11/2008,BIL,MT,ANM,WE,Combined TRACON& Tower with Radar,27,34,7,1,69,0,0,0,0,0,27,34,7,1,69,0,0,0,69
10/12/2008,BIL,MT,ANM,WE,Combined TRACON& Tower with Radar,27,22,5,0,54,0,0,0,0,0,27,22,5,0,54,0,0,0,54
10/13/2008,BIL,MT,ANM,WE,Combined TRACON& Tower with Radar,32,47,23,2,104,0,16,29,0,45,32,63,52,2,149,0,0,0,149
10/14/2008,BIL,MT,ANM,WE,Combined TRACON& Tower with Radar,32,61,41,2,136,0,11,68,0,79,32,72,109,2,215,120,0,120,335
10/15/2008,BIL,MT,ANM,WE,Combined TRACON& Tower with Radar,33,68,63,1,165,0,7,93,0,100,33,75,156,1,265,160,0,160,425
10/16/2008,BIL,MT,ANM,WE,Combined TRACON& Tower with Radar,35,63,51,0,149,0,7,47,4,58,35,70,98,4,207,64,0,64,271
10/17/2008,BIL,MT,ANM,WE,Combined TRACON& Tower with Radar,35,70,59,0,164,0,9,113,0,122,35,79,172,0,286,106,0,106,392
10/18/2008,BIL,MT,ANM,WE,Combined TRACON& Tower with Radar,21,43,19,0,83,0,6,77,0,83,21,49,96,0,166,82,0,82,248
10/19/2008,BIL,MT,ANM,WE,Combined TRACON& Tower with Radar,33,22,9,0,64,0,0,6,0,6,33,22,15,0,70,0,0,0,70
10/20/2008,BIL,MT,ANM,WE,Combined TRACON& Tower with Radar,24,43,29,0,96,0,8,33,0,41,24,51,62,0,137,28,0,28,165
10/21/2008,BIL,MT,ANM,WE,Combined TRACON& Tower with Radar,30,70,41,0,141,0,17,41,0,58,30,87,82,0,199,57,0,57,256
10/22/2008,BIL,MT,ANM,WE,Combined TRACON& Tower with Radar,36,63,64,0,163,0,17,104,0,121,36,80,168,0,284,98,0,98,382
10/23/2008,BIL,MT,ANM,WE,Combined TRACON& Tower with Radar,39,60,51,2,152,0,9,62,0,71,39,69,113,2,223,84,0,84,307
10/24/2008,BIL,MT,ANM,WE,Combined TRACON& Tower with Radar,31,79,60,4,174,0,16,89,3,108,31,95,149,7,282,62,0,62,344
10/25/2008,BIL,MT,ANM,WE,Combined TRACON& Tower with Radar,23,37,18,0,78,0,6,26,0,32,23,43,44,0,110,52,0,52,162
10/26/2008,BIL,MT,ANM,WE,Combined TRACON& Tower with Radar,31,31,22,0,84,0,1,41,0,42,31,32,63,0,126,30,0,30,156
10/27/2008,BIL,MT,ANM,WE,Combined TRACON& Tower with Radar,31,43,28,0,102,0,4,55,0,59,31,47,83,0,161,94,0,94,255
10/28/2008,BIL,MT,ANM,WE,Combined TRACON& Tower with Radar,28,55,40,0,123,0,5,40,0,45,28,60,80,0,168,98,0,98,266
10/29/2008,BIL,MT,ANM,WE,Combined TRACON& Tower with Radar,36,65,38,0,139,0,20,76,6,102,36,85,114,6,241,138,0,138,379
10/30/2008,BIL,MT,ANM,WE,Combined TRACON& Tower with Radar,38,69,38,0,145,0,4,77,0,81,38,73,115,0,226,110,0,110,336
10/31/2008,BIL,MT,ANM,WE,Combined TRACON& Tower with Radar,40,78,48,0,166,0,11,64,0,75,40,89,112,0,241,150,0,150,391
11/01/2008,BIL,MT,ANM,WE,Combined TRACON& Tower with Radar,24,42,18,0,84,0,15,70,1,86,24,57,88,1,170,66,0,66,236
11/02/2008,BIL,MT,ANM,WE,Combined TRACON& Tower with Radar,35,25,14,0,74,0,3,34,0,37,35,28,48,0,111,36,0,36,147
11/03/2008,BIL,MT,ANM,WE,Combined TRACON& Tower with Radar,28,59,25,0,112,0,8,36,0,44,28,67,61,0,156,15,0,15,171
11/04/2008,BIL,MT,ANM,WE,Combined TRACON& Tower with Radar,32,60,30,0,122,0,10,36,0,46,32,70,66,0,168,74,0,74,242
11/05/2008,BIL,MT,ANM,WE,Combined TRACON& Tower with Radar,39,58,27,0,124,0,5,24,0,29,39,63,51,0,153,54,0,54,207
11/06/2008,BIL,MT,ANM,WE,Combined TRACON& Tower with Radar,36,70,47,0,153,0,2,61,0,63,36,72,108,0,216,66,0,66,282
11/07/2008,BIL,MT,ANM,WE,Combined TRACON& Tower with Radar,28,72,50,0,150,0,10,49,0,59,28,82,99,0,209,54,0,54,263
11/08/2008,BIL,MT,ANM,WE,Combined TRACON& Tower with Radar,29,35,32,0,96,0,2,32,0,34,29,37,64,0,130,20,0,20,150
11/09/2008,BIL,MT,ANM,WE,Combined TRACON& Tower with Radar,32,22,19,0,73,0,9,35,0,44,32,31,54,0,117,22,0,22,139
11/10/2008,BIL,MT,ANM,WE,Combined TRACON& Tower with Radar,25,53,47,0,125,0,3,50,4,57,25,56,97,4,182,36,0,36,218
11/11/2008,BIL,MT,ANM,WE,Combined TRACON& Tower with Radar,30,63,67,0,160,0,7,75,0,82,30,70,142,0,242,96,0,96,338
11/12/2008,BIL,MT,ANM,WE,Combined TRACON& Tower with Radar,29,66,42,0,137,0,5,19,0,24,29,71,61,0,161,0,0,0,161
11/13/2008,BIL,MT,ANM,WE,Combined TRACON& Tower with Radar,43,64,21,0,128,0,4,12,0,16,43,68,33,0,144,0,0,0,144
11/14/2008,BIL,MT,ANM,WE,Combined TRACON& Tower with Radar,29,69,44,1,143,0,3,80,1,84,29,72,124,2,227,98,0,98,325
11/15/2008,BIL,MT,ANM,WE,Combined TRACON& Tower with Radar,25,32,8,1,66,0,15,31,2,48,25,47,39,3,114,20,0,20,134
11/16/2008,BIL,MT,ANM,WE,Combined TRACON& Tower with Radar,40,18,8,1,67,6,12,34,0,52,46,30,42,1,119,44,0,44,163
11/17/2008,BIL,MT,ANM,WE,Combined TRACON& Tower with Radar,33,49,49,0,131,0,5,66,0,71,33,54,115,0,202,56,0,56,258
11/18/2008,BIL,MT,ANM,WE,Combined TRACON& Tower with Radar,29,58,57,0,144,0,10,89,0,99,29,68,146,0,243,92,0,92,335
11/19/2008,BIL,MT,ANM,WE,Combined TRACON& Tower with Radar,33,59,31,0,123,0,0,15,0,15,33,59,46,0,138,42,0,42,180
11/20/2008,BIL,MT,ANM,WE,Combined TRACON& Tower with Radar,34,68,53,0,155,0,7,55,0,62,34,75,108,0,217,48,0,48,265
11/21/2008,BIL,MT,ANM,WE,Combined TRACON& Tower with Radar,31,57,46,0,134,0,10,26,0,36,31,67,72,0,170,14,0,14,184
11/22/2008,BIL,MT,ANM,WE,Combined TRACON& Tower with Radar,23,40,35,1,99,0,9,61,0,70,23,49,96,1,169,86,0,86,255
11/23/2008,BIL,MT,ANM,WE,Combined TRACON& Tower with Radar,27,39,26,0,92,0,4,46,0,50,27,43,72,0,142,28,0,28,170
11/24/2008,BIL,MT,ANM,WE,Combined TRACON& Tower with Radar,28,50,25,0,103,0,8,41,0,49,28,58,66,0,152,60,0,60,212
11/25/2008,BIL,MT,ANM,WE,Combined TRACON& Tower with Radar,35,63,55,0,153,0,9,78,0,87,35,72,133,0,240,76,0,76,316
11/26/2008,BIL,MT,ANM,WE,Combined TRACON& Tower with Radar,34,50,24,0,108,0,12,53,0,65,34,62,77,0,173,34,0,34,207
11/27/2008,BIL,MT,ANM,WE,Combined TRACON& Tower with Radar,23,15,1,0,39,0,0,30,0,30,23,15,31,0,69,34,0,34,103
11/28/2008,BIL,MT,ANM,WE,Combined TRACON& Tower with Radar,26,53,16,0,95,0,7,24,0,31,26,60,40,0,126,24,0,24,150
11/29/2008,BIL,MT,ANM,WE,Combined TRACON& Tower with Radar,32,48,9,0,89,0,2,26,0,28,32,50,35,0,117,20,0,20,137
11/30/2008,BIL,MT,ANM,WE,Combined TRACON& Tower with Radar,35,33,27,0,95,0,3,43,0,46,35,36,70,0,141,6,0,6,147
12/01/2008,BIL,MT,ANM,WE,Combined TRACON& Tower with Radar,24,67,22,0,113,0,3,26,0,29,24,70,48,0,142,10,0,10,152
12/02/2008,BIL,MT,ANM,WE,Combined TRACON& Tower with Radar,31,66,22,0,119,0,3,3,0,6,31,69,25,0,125,0,0,0,125
12/03/2008,BIL,MT,ANM,WE,Combined TRACON& Tower with Radar,34,70,32,0,136,0,0,12,0,12,34,70,44,0,148,20,0,20,168
12/04/2008,BIL,MT,ANM,WE,Combined TRACON& Tower with Radar,36,66,34,2,138,0,8,61,0,69,36,74,95,2,207,112,0,112,319
12/05/2008,BIL,MT,ANM,WE,Combined TRACON& Tower with Radar,34,62,36,2,134,0,9,39,2,50,34,71,75,4,184,32,0,32,216
12/06/2008,BIL,MT,ANM,WE,Combined TRACON& Tower with Radar,20,38,26,0,84,0,3,35,0,38,20,41,61,0,122,68,0,68,190
12/07/2008,BIL,MT,ANM,WE,Combined TRACON& Tower with Radar,31,16,12,2,61,0,2,21,0,23,31,18,33,2,84,6,0,6,90
12/08/2008,BIL,MT,ANM,WE,Combined TRACON& Tower with Radar,26,57,24,0,107,0,2,5,0,7,26,59,29,0,114,20,0,20,134
12/09/2008,BIL,MT,ANM,WE,Combined TRACON& Tower with Radar,34,64,29,0,127,0,2,30,0,32,34,66,59,0,159,48,0,48,207
12/10/2008,BIL,MT,ANM,WE,Combined TRACON& Tower with Radar,31,62,34,1,128,0,2,32,0,34,31,64,66,1,162,38,0,38,200
12/11/2008,BIL,MT,ANM,WE,Combined TRACON& Tower with Radar,31,78,40,1,150,0,14,42,0,56,31,92,82,1,206,56,0,56,262
12/12/2008,BIL,MT,ANM,WE,Combined TRACON& Tower with Radar,35,67,49,1,152,0,18,52,2,72,35,85,101,3,224,32,0,32,256
12/13/2008,BIL,MT,ANM,WE,Combined TRACON& Tower with Radar,15,36,12,0,63,0,2,0,0,2,15,38,12,0,65,0,0,0,65
12/14/2008,BIL,MT,ANM,WE,Combined TRACON& Tower with Radar,28,28,11,0,67,0,0,0,0,0,28,28,11,0,67,0,0,0,67
12/15/2008,BIL,MT,ANM,WE,Combined TRACON& Tower with Radar,24,53,20,0,97,0,4,6,0,10,24,57,26,0,107,0,0,0,107
12/16/2008,BIL,MT,ANM,WE,Combined TRACON& Tower with Radar,36,85,34,0,155,0,3,24,0,27,36,88,58,0,182,16,0,16,198
12/17/2008,BIL,MT,ANM,WE,Combined TRACON& Tower with Radar,41,82,32,4,159,0,13,44,0,57,41,95,76,4,216,22,0,22,238
12/18/2008,BIL,MT,ANM,WE,Combined TRACON& Tower with Radar,38,85,30,0,153,0,3,33,0,36,38,88,63,0,189,70,0,70,259
12/19/2008,BIL,MT,ANM,WE,Combined TRACON& Tower with Radar,33,87,11,0,131,0,0,0,0,0,33,87,11,0,131,0,0,0,131
12/20/2008,BIL,MT,ANM,WE,Combined TRACON& Tower with Radar,25,63,7,2,97,0,0,3,0,3,25,63,10,2,100,0,0,0,100
12/21/2008,BIL,MT,ANM,WE,Combined TRACON& Tower with Radar,28,29,6,0,63,0,2,15,0,17,28,31,21,0,80,10,0,10,90
12/22/2008,BIL,MT,ANM,WE,Combined TRACON& Tower with Radar,29,66,16,0,111,0,1,9,0,10,29,67,25,0,121,4,0,4,125
12/23/2008,BIL,MT,ANM,WE,Combined TRACON& Tower with Radar,34,86,18,0,138,0,1,3,0,4,34,87,21,0,142,0,0,0,142
12/24/2008,BIL,MT,ANM,WE,Combined TRACON& Tower with Radar,36,72,17,0,125,0,10,10,0,20,36,82,27,0,145,8,0,8,153
12/25/2008,BIL,MT,ANM,WE,Combined TRACON& Tower with Radar,21,34,0,0,55,0,4,3,0,7,21,38,3,0,62,0,0,0,62
12/26/2008,BIL,MT,ANM,WE,Combined TRACON& Tower with Radar,35,52,14,0,101,0,4,1,0,5,35,56,15,0,106,0,0,0,106
12/27/2008,BIL,MT,ANM,WE,Combined TRACON& Tower with Radar,32,45,9,0,86,0,0,7,0,7,32,45,16,0,93,0,0,0,93
12/28/2008,BIL,MT,ANM,WE,Combined TRACON& Tower with Radar,32,30,14,0,76,0,3,15,0,18,32,33,29,0,94,2,0,2,96
12/29/2008,BIL,MT,ANM,WE,Combined TRACON& Tower with Radar,35,63,8,0,106,0,3,9,0,12,35,66,17,0,118,20,0,20,138
12/30/2008,BIL,MT,ANM,WE,Combined TRACON& Tower with Radar,31,67,27,0,125,0,11,26,0,37,31,78,53,0,162,15,0,15,177
12/31/2008,BIL,MT,ANM,WE,Combined TRACON& Tower with Radar,39,68,20,0,127,0,7,19,0,26,39,75,39,0,153,26,0,26,179
01/01/2009,BIL,MT,ANM,WE,Combined TRACON& Tower with Radar,30,38,12,0,80,0,2,6,0,8,30,40,18,0,88,8,0,8,96
01/02/2009,BIL,MT,ANM,WE,Combined TRACON& Tower with Radar,41,69,18,0,128,0,1,17,0,18,41,70,35,0,146,20,0,20,166
01/03/2009,BIL,MT,ANM,WE,Combined TRACON& Tower with Radar,35,41,6,0,82,0,4,13,0,17,35,45,19,0,99,4,0,4,103
01/04/2009,BIL,MT,ANM,WE,Combined TRACON& Tower with Radar,33,20,13,0,66,0,3,14,0,17,33,23,27,0,83,0,0,0,83
01/05/2009,BIL,MT,ANM,WE,Combined TRACON& Tower with Radar,38,63,19,0,120,0,5,24,0,29,38,68,43,0,149,4,0,4,153
01/06/2009,BIL,MT,ANM,WE,Combined TRACON& Tower with Radar,31,58,23,0,112,0,8,14,0,22,31,66,37,0,134,26,0,26,160
01/07/2009,BIL,MT,ANM,WE,Combined TRACON& Tower with Radar,36,67,32,0,135,0,1,16,0,17,36,68,48,0,152,12,0,12,164
01/08/2009,BIL,MT,ANM,WE,Combined TRACON& Tower with Radar,34,67,27,0,128,0,3,36,0,39,34,70,63,0,167,56,0,56,223
01/09/2009,BIL,MT,ANM,WE,Combined TRACON& Tower with Radar,31,77,24,0,132,0,7,20,0,27,31,84,44,0,159,28,0,28,187
01/10/2009,BIL,MT,ANM,WE,Combined TRACON& Tower with Radar,19,33,10,0,62,0,1,28,0,29,19,34,38,0,91,44,0,44,135
01/11/2009,BIL,MT,ANM,WE,Combined TRACON& Tower with Radar,26,26,9,0,61,0,1,10,0,11,26,27,19,0,72,34,0,34,106
01/12/2009,BIL,MT,ANM,WE,Combined TRACON& Tower with Radar,36,61,32,0,129,0,14,53,0,67,36,75,85,0,196,110,0,110,306
01/13/2009,BIL,MT,ANM,WE,Combined TRACON& Tower with Radar,30,65,26,0,121,0,11,18,0,29,30,76,44,0,150,38,0,38,188
01/14/2009,BIL,MT,ANM,WE,Combined TRACON& Tower with Radar,37,64,15,1,117,0,1,3,0,4,37,65,18,1,121,0,0,0,121
01/15/2009,BIL,MT,ANM,WE,Combined TRACON& Tower with Radar,36,72,29,6,143,0,11,39,0,50,36,83,68,6,193,26,0,26,219
01/16/2009,BIL,MT,ANM,WE,Combined TRACON& Tower with Radar,21,67,30,0,118,0,12,35,4,51,21,79,65,4,169,102,0,102,271
01/17/2009,BIL,MT,ANM,WE,Combined TRACON& Tower with Radar,22,43,26,0,91,0,10,81,0,91,22,53,107,0,182,160,0,160,342
01/18/2009,BIL,MT,ANM,WE,Combined TRACON& Tower with Radar,25,24,3,0,52,0,0,31,0,31,25,24,34,0,83,22,0,22,105
01/19/2009,BIL,MT,ANM,WE,Combined TRACON& Tower with Radar,31,48,42,0,121,0,3,61,0,64,31,51,103,0,185,126,0,126,311
01/20/2009,BIL,MT,ANM,WE,Combined TRACON& Tower with Radar,29,61,30,0,120,0,15,73,0,88,29,76,103,0,208,150,0,150,358
01/21/2009,BIL,MT,ANM,WE,Combined TRACON& Tower with Radar,34,60,54,1,149,0,3,74,1,78,34,63,128,2,227,68,0,68,295
01/22/2009,BIL,MT,ANM,WE,Combined TRACON& Tower with Radar,38,62,27,2,129,0,2,38,0,40,38,64,65,2,169,66,0,66,235
01/23/2009,BIL,MT,ANM,WE,Combined TRACON& Tower with Radar,32,79,34,2,147,0,4,10,0,14,32,83,44,2,161,10,0,10,171
01/24/2009,BIL,MT,ANM,WE,Combined TRACON& Tower with Radar,20,34,19,0,73,0,1,3,0,4,20,35,22,0,77,2,0,2,79
01/25/2009,BIL,MT,ANM,WE,Combined TRACON& Tower with Radar,27,24,15,0,66,0,0,3,0,3,27,24,18,0,69,0,0,0,69
01/26/2009,BIL,MT,ANM,WE,Combined TRACON& Tower with Radar,22,63,21,0,106,0,3,37,0,40,22,66,58,0,146,65,0,65,211
01/27/2009,BIL,MT,ANM,WE,Combined TRACON& Tower with Radar,27,51,13,0,91,0,9,10,0,19,27,60,23,0,110,0,0,0,110
01/28/2009,BIL,MT,ANM,WE,Combined TRACON& Tower with Radar,31,67,32,4,134,0,2,19,0,21,31,69,51,4,155,4,0,4,159
01/29/2009,BIL,MT,ANM,WE,Combined TRACON& Tower with Radar,34,82,30,1,147,0,5,56,0,61,34,87,86,1,208,90,0,90,298
01/30/2009,BIL,MT,ANM,WE,Combined TRACON& Tower with Radar,24,77,56,0,157,0,3,62,0,65,24,80,118,0,222,74,0,74,296
01/31/2009,BIL,MT,ANM,WE,Combined TRACON& Tower with Radar,19,43,13,0,75,0,1,30,0,31,19,44,43,0,106,52,0,52,158
02/01/2009,BIL,MT,ANM,WE,Combined TRACON& Tower with Radar,25,30,4,0,59,0,0,26,1,27,25,30,30,1,86,62,0,62,148
02/02/2009,BIL,MT,ANM,WE,Combined TRACON& Tower with Radar,31,59,36,0,126,0,10,38,0,48,31,69,74,0,174,40,0,40,214
02/03/2009,BIL,MT,ANM,WE,Combined TRACON& Tower with Radar,30,70,45,0,145,0,3,65,0,68,30,73,110,0,213,80,0,80,293
02/04/2009,BIL,MT,ANM,WE,Combined TRACON& Tower with Radar,40,70,46,0,156,0,5,76,0,81,40,75,122,0,237,50,0,50,287
02/05/2009,BIL,MT,ANM,WE,Combined TRACON& Tower with Radar,35,95,37,0,167,0,5,70,0,75,35,100,107,0,242,56,0,56,298
02/06/2009,BIL,MT,ANM,WE,Combined TRACON& Tower with Radar,32,62,23,0,117,0,14,50,0,64,32,76,73,0,181,90,0,90,271
02/07/2009,BIL,MT,ANM,WE,Combined TRACON& Tower with Radar,19,57,12,0,88,0,3,60,0,63,19,60,72,0,151,108,0,108,259
02/08/2009,BIL,MT,ANM,WE,Combined TRACON& Tower with Radar,29,41,8,0,78,0,3,49,0,52,29,44,57,0,130,26,0,26,156
02/09/2009,BIL,MT,ANM,WE,Combined TRACON& Tower with Radar,28,66,35,2,131,0,10,51,0,61,28,76,86,2,192,124,0,124,316
02/10/2009,BIL,MT,ANM,WE,Combined TRACON& Tower with Radar,34,69,32,0,135,0,7,70,0,77,34,76,102,0,212,132,0,132,344
02/11/2009,BIL,MT,ANM,WE,Combined TRACON& Tower with Radar,33,69,37,0,139,0,13,54,0,67,33,82,91,0,206,172,0,172,378
02/12/2009,BIL,MT,ANM,WE,Combined TRACON& Tower with Radar,35,72,40,0,147,0,10,50,0,60,35,82,90,0,207,56,0,56,263
02/13/2009,BIL,MT,ANM,WE,Combined TRACON& Tower with Radar,21,84,27,1,133,0,8,26,0,34,21,92,53,1,167,38,0,38,205
02/14/2009,BIL,MT,ANM,WE,Combined TRACON& Tower with Radar,19,57,9,0,85,0,0,2,0,2,19,57,11,0,87,0,0,0,87
02/15/2009,BIL,MT,ANM,WE,Combined TRACON& Tower with Radar,33,32,12,0,77,0,2,18,0,20,33,34,30,0,97,0,0,0,97
02/16/2009,BIL,MT,ANM,WE,Combined TRACON& Tower with Radar,29,39,77,0,145,0,15,83,0,98,29,54,160,0,243,70,0,70,313
02/17/2009,BIL,MT,ANM,WE,Combined TRACON& Tower with Radar,34,70,43,0,147,0,0,57,0,57,34,70,100,0,204,86,0,86,290
02/18/2009,BIL,MT,ANM,WE,Combined TRACON& Tower with Radar,33,77,32,0,142,0,0,36,0,36,33,77,68,0,178,50,0,50,228
02/19/2009,BIL,MT,ANM,WE,Combined TRACON& Tower with Radar,35,73,46,0,154,0,0,51,0,51,35,73,97,0,205,90,0,90,295
02/20/2009,BIL,MT,ANM,WE,Combined TRACON& Tower with Radar,36,69,25,0,130,0,2,27,0,29,36,71,52,0,159,28,0,28,187
02/21/2009,BIL,MT,ANM,WE,Combined TRACON& Tower with Radar,20,48,6,0,74,0,3,69,0,72,20,51,75,0,146,50,0,50,196
02/22/2009,BIL,MT,ANM,WE,Combined TRACON& Tower with Radar,29,35,27,0,91,0,5,56,1,62,29,40,83,1,153,98,0,98,251
02/23/2009,BIL,MT,ANM,WE,Combined TRACON& Tower with Radar,25,65,37,0,127,0,5,82,0,87,25,70,119,0,214,72,0,72,286
02/24/2009,BIL,MT,ANM,WE,Combined TRACON& Tower with Radar,34,77,36,0,147,0,9,56,0,65,34,86,92,0,212,96,0,96,308
02/25/2009,BIL,MT,ANM,WE,Combined TRACON& Tower with Radar,31,73,28,1,133,0,1,1,1,3,31,74,29,2,136,0,0,0,136
02/26/2009,BIL,MT,ANM,WE,Combined TRACON& Tower with Radar,33,96,30,0,159,0,0,4,0,4,33,96,34,0,163,6,0,6,169
02/27/2009,BIL,MT,ANM,WE,Combined TRACON& Tower with Radar,33,85,39,3,160,0,1,34,0,35,33,86,73,3,195,0,0,0,195
02/28/2009,BIL,MT,ANM,WE,Combined TRACON& Tower with Radar,29,51,28,0,108,0,2,70,0,72,29,53,98,0,180,168,0,168,348
03/01/2009,BIL,MT,ANM,WE,Combined TRACON& Tower with Radar,26,33,14,0,73,0,4,24,0,28,26,37,38,0,101,6,0,6,107
03/02/2009,BIL,MT,ANM,WE,Combined TRACON& Tower with Radar,27,51,31,0,109,0,4,59,0,63,27,55,90,0,172,104,0,104,276
03/03/2009,BIL,MT,ANM,WE,Combined TRACON& Tower with Radar,38,72,38,0,148,0,1,44,0,45,38,73,82,0,193,30,0,30,223
03/04/2009,BIL,MT,ANM,WE,Combined TRACON& Tower with Radar,30,72,49,0,151,0,2,53,0,55,30,74,102,0,206,86,0,86,292
03/05/2009,BIL,MT,ANM,WE,Combined TRACON& Tower with Radar,40,72,30,0,142,0,3,28,0,31,40,75,58,0,173,28,0,28,201
03/06/2009,BIL,MT,ANM,WE,Combined TRACON& Tower with Radar,31,85,15,0,131,0,5,19,0,24,31,90,34,0,155,2,0,2,157
03/07/2009,BIL,MT,ANM,WE,Combined TRACON& Tower with Radar,33,42,34,2,111,0,27,55,0,82,33,69,89,2,193,82,0,82,275
03/08/2009,BIL,MT,ANM,WE,Combined TRACON& Tower with Radar,29,26,18,0,73,0,0,6,0,6,29,26,24,0,79,0,0,0,79
03/09/2009,BIL,MT,ANM,WE,Combined TRACON& Tower with Radar,25,56,20,0,101,0,0,3,0,3,25,56,23,0,104,0,0,0,104
03/10/2009,BIL,MT,ANM,WE,Combined TRACON& Tower with Radar,36,74,37,0,147,0,1,17,0,18,36,75,54,0,165,6,0,6,171
03/11/2009,BIL,MT,ANM,WE,Combined TRACON& Tower with Radar,33,75,44,1,153,0,9,63,0,72,33,84,107,1,225,42,0,42,267
03/12/2009,BIL,MT,ANM,WE,Combined TRACON& Tower with Radar,49,92,38,0,179,0,21,90,0,111,49,113,128,0,290,68,0,68,358
03/13/2009,BIL,MT,ANM,WE,Combined TRACON& Tower with Radar,34,78,56,0,168,0,13,88,0,101,34,91,144,0,269,108,0,108,377
03/14/2009,BIL,MT,ANM,WE,Combined TRACON& Tower with Radar,28,53,17,0,98,0,6,85,0,91,28,59,102,0,189,80,0,80,269
03/15/2009,BIL,MT,ANM,WE,Combined TRACON& Tower with Radar,33,34,27,0,94,0,2,46,0,48,33,36,73,0,142,16,0,16,158
03/16/2009,BIL,MT,ANM,WE,Combined TRACON& Tower with Radar,29,88,32,0,149,0,16,34,0,50,29,104,66,0,199,65,0,65,264
03/17/2009,BIL,MT,ANM,WE,Combined TRACON& Tower with Radar,35,65,35,0,135,0,2,23,0,25,35,67,58,0,160,60,0,60,220
03/18/2009,BIL,MT,ANM,WE,Combined TRACON& Tower with Radar,36,69,84,0,189,0,3,73,0,76,36,72,157,0,265,88,0,88,353
03/19/2009,BIL,MT,ANM,WE,Combined TRACON& Tower with Radar,34,69,56,0,159,0,4,76,0,80,34,73,132,0,239,78,0,78,317
03/20/2009,BIL,MT,ANM,WE,Combined TRACON& Tower with Radar,28,91,101,0,220,1,25,82,0,108,29,116,183,0,328,128,0,128,456
03/21/2009,BIL,MT,ANM,WE,Combined TRACON& Tower with Radar,23,49,51,0,123,0,5,96,0,101,23,54,147,0,224,128,0,128,352
03/22/2009,BIL,MT,ANM,WE,Combined TRACON& Tower with Radar,29,32,39,0,100,0,4,28,0,32,29,36,67,0,132,4,0,4,136
03/23/2009,BIL,MT,ANM,WE,Combined TRACON& Tower with Radar,31,66,44,4,145,0,2,13,0,15,31,68,57,4,160,16,0,16,176
03/24/2009,BIL,MT,ANM,WE,Combined TRACON& Tower with Radar,33,65,54,2,154,0,5,60,1,66,33,70,114,3,220,76,0,76,296
03/25/2009,BIL,MT,ANM,WE,Combined TRACON& Tower with Radar,29,75,20,0,124,0,4,27,1,32,29,79,47,1,156,60,0,60,216
03/26/2009,BIL,MT,ANM,WE,Combined TRACON& Tower with Radar,34,72,21,0,127,3,14,1,0,18,37,86,22,0,145,16,0,16,161
03/27/2009,BIL,MT,ANM,WE,Combined TRACON& Tower with Radar,36,73,90,3,202,0,12,79,0,91,36,85,169,3,293,28,0,28,321
03/28/2009,BIL,MT,ANM,WE,Combined TRACON& Tower with Radar,29,45,16,0,90,0,5,60,8,73,29,50,76,8,163,168,0,168,331
03/29/2009,BIL,MT,ANM,WE,Combined TRACON& Tower with Radar,25,22,5,0,52,0,0,0,0,0,25,22,5,0,52,0,0,0,52
03/30/2009,BIL,MT,ANM,WE,Combined TRACON& Tower with Radar,22,58,61,0,141,0,8,38,0,46,22,66,99,0,187,38,0,38,225
03/31/2009,BIL,MT,ANM,WE,Combined TRACON& Tower with Radar,32,80,27,0,139,0,19,57,1,77,32,99,84,1,216,74,0,74,290
04/01/2009,BIL,MT,ANM,WE,Combined TRACON& Tower with Radar,26,72,30,0,128,0,2,20,0,22,26,74,50,0,150,44,0,44,194
04/02/2009,BIL,MT,ANM,WE,Combined TRACON& Tower with Radar,42,79,41,0,162,0,9,48,0,57,42,88,89,0,219,72,0,72,291
04/03/2009,BIL,MT,ANM,WE,Combined TRACON& Tower with Radar,30,87,7,0,124,0,0,0,0,0,30,87,7,0,124,0,0,0,124
04/04/2009,BIL,MT,ANM,WE,Combined TRACON& Tower with Radar,21,65,7,0,93,0,0,8,2,10,21,65,15,2,103,0,0,0,103
04/05/2009,BIL,MT,ANM,WE,Combined TRACON& Tower with Radar,30,41,37,0,108,0,7,48,0,55,30,48,85,0,163,14,0,14,177
04/06/2009,BIL,MT,ANM,WE,Combined TRACON& Tower with Radar,25,57,60,0,142,0,18,77,0,95,25,75,137,0,237,72,0,72,309
04/07/2009,BIL,MT,ANM,WE,Combined TRACON& Tower with Radar,32,71,50,0,153,0,12,113,0,125,32,83,163,0,278,110,0,110,388
04/08/2009,BIL,MT,ANM,WE,Combined TRACON& Tower with Radar,33,68,55,1,157,0,11,75,0,86,33,79,130,1,243,106,0,106,349
04/09/2009,BIL,MT,ANM,WE,Combined TRACON& Tower with Radar,35,67,33,0,135,0,0,3,0,3,35,67,36,0,138,0,0,0,138
04/10/2009,BIL,MT,ANM,WE,Combined TRACON& Tower with Radar,32,72,58,0,162,0,1,63,0,64,32,73,121,0,226,96,0,96,322
04/11/2009,BIL,MT,ANM,WE,Combined TRACON& Tower with Radar,26,54,13,0,93,0,6,55,0,61,26,60,68,0,154,78,0,78,232
04/12/2009,BIL,MT,ANM,WE,Combined TRACON& Tower with Radar,30,32,5,0,67,0,2,31,0,33,30,34,36,0,100,0,0,0,100
04/13/2009,BIL,MT,ANM,WE,Combined TRACON& Tower with Radar,23,60,38,0,121,0,9,37,0,46,23,69,75,0,167,66,0,66,233
04/14/2009,BIL,MT,ANM,WE,Combined TRACON& Tower with Radar,34,88,34,0,156,0,7,21,0,28,34,95,55,0,184,46,0,46,230
04/15/2009,BIL,MT,ANM,WE,Combined TRACON& Tower with Radar,30,82,17,0,129,0,0,0,0,0,30,82,17,0,129,0,0,0,129
04/16/2009,BIL,MT,ANM,WE,Combined TRACON& Tower with Radar,40,86,23,0,149,0,5,30,0,35,40,91,53,0,184,38,0,38,222
04/17/2009,BIL,MT,ANM,WE,Combined TRACON& Tower with Radar,27,81,62,0,170,0,13,62,0,75,27,94,124,0,245,84,0,84,329
04/18/2009,BIL,MT,ANM,WE,Combined TRACON& Tower with Radar,29,37,24,1,91,0,5,69,0,74,29,42,93,1,165,26,0,26,191
04/19/2009,BIL,MT,ANM,WE,Combined TRACON& Tower with Radar,34,35,21,0,90,0,7,38,0,45,34,42,59,0,135,26,0,26,161
04/20/2009,BIL,MT,ANM,WE,Combined TRACON& Tower with Radar,29,62,37,1,129,0,11,46,0,57,29,73,83,1,186,104,0,104,290
04/21/2009,BIL,MT,ANM,WE,Combined TRACON& Tower with Radar,32,82,46,1,161,0,7,102,0,109,32,89,148,1,270,78,0,78,348
04/22/2009,BIL,MT,ANM,WE,Combined TRACON& Tower with Radar,37,92,60,0,189,0,8,77,0,85,37,100,137,0,274,92,0,92,366
04/23/2009,BIL,MT,ANM,WE,Combined TRACON& Tower with Radar,40,102,44,0,186,0,14,25,0,39,40,116,69,0,225,44,0,44,269
04/24/2009,BIL,MT,ANM,WE,Combined TRACON& Tower with Radar,42,86,21,0,149,0,6,34,0,40,42,92,55,0,189,22,0,22,211
04/25/2009,BIL,MT,ANM,WE,Combined TRACON& Tower with Radar,22,46,29,0,97,0,8,58,0,66,22,54,87,0,163,22,0,22,185
04/26/2009,BIL,MT,ANM,WE,Combined TRACON& Tower with Radar,27,37,13,0,77,0,5,14,0,19,27,42,27,0,96,0,0,0,96
04/27/2009,BIL,MT,ANM,WE,Combined TRACON& Tower with Radar,28,66,38,0,132,0,5,27,0,32,28,71,65,0,164,70,0,70,234
04/28/2009,BIL,MT,ANM,WE,Combined TRACON& Tower with Radar,30,70,23,0,123,0,1,2,0,3,30,71,25,0,126,0,0,0,126
04/29/2009,BIL,MT,ANM,WE,Combined TRACON& Tower with Radar,39,93,34,0,166,0,0,3,0,3,39,93,37,0,169,12,0,12,181
04/30/2009,BIL,MT,ANM,WE,Combined TRACON& Tower with Radar,39,87,25,7,158,0,1,8,0,9,39,88,33,7,167,6,6,12,179
05/01/2009,BIL,MT,ANM,WE,Combined TRACON& Tower with Radar,31,77,48,0,156,0,3,75,0,78,31,80,123,0,234,124,0,124,358
05/02/2009,BIL,MT,ANM,WE,Combined TRACON& Tower with Radar,25,43,27,0,95,0,14,112,0,126,25,57,139,0,221,138,0,138,359
05/03/2009,BIL,MT,ANM,WE,Combined TRACON& Tower with Radar,34,35,16,0,85,0,8,38,2,48,34,43,54,2,133,36,0,36,169
05/04/2009,BIL,MT,ANM,WE,Combined TRACON& Tower with Radar,28,63,22,2,115,0,8,29,2,39,28,71,51,4,154,6,0,6,160
05/05/2009,BIL,MT,ANM,WE,Combined TRACON& Tower with Radar,33,83,44,0,160,0,11,58,3,72,33,94,102,3,232,16,0,16,248
05/06/2009,BIL,MT,ANM,WE,Combined TRACON& Tower with Radar,35,66,60,0,161,0,4,55,1,60,35,70,115,1,221,28,0,28,249
05/07/2009,BIL,MT,ANM,WE,Combined TRACON& Tower with Radar,34,79,62,0,175,0,1,66,0,67,34,80,128,0,242,48,0,48,290
05/08/2009,BIL,MT,ANM,WE,Combined TRACON& Tower with Radar,31,89,26,0,146,0,7,48,0,55,31,96,74,0,201,20,0,20,221
05/09/2009,BIL,MT,ANM,WE,Combined TRACON& Tower with Radar,23,51,25,0,99,0,4,76,0,80,23,55,101,0,179,32,0,32,211
05/10/2009,BIL,MT,ANM,WE,Combined TRACON& Tower with Radar,38,39,11,0,88,0,3,64,0,67,38,42,75,0,155,8,0,8,163
05/11/2009,BIL,MT,ANM,WE,Combined TRACON& Tower with Radar,21,65,38,0,124,0,15,69,2,86,21,80,107,2,210,48,0,48,258
05/12/2009,BIL,MT,ANM,WE,Combined TRACON& Tower with Radar,32,74,39,0,145,0,3,33,2,38,32,77,72,2,183,44,0,44,227
05/13/2009,BIL,MT,ANM,WE,Combined TRACON& Tower with Radar,30,79,37,0,146,0,6,34,2,42,30,85,71,2,188,2,0,2,190
05/14/2009,BIL,MT,ANM,WE,Combined TRACON& Tower with Radar,34,80,55,0,169,0,5,77,0,82,34,85,132,0,251,66,0,66,317
05/15/2009,BIL,MT,ANM,WE,Combined TRACON& Tower with Radar,29,80,39,0,148,0,5,42,0,47,29,85,81,0,195,20,0,20,215
05/16/2009,BIL,MT,ANM,WE,Combined TRACON& Tower with Radar,26,47,14,0,87,0,4,83,0,87,26,51,97,0,174,72,0,72,246
05/17/2009,BIL,MT,ANM,WE,Combined TRACON& Tower with Radar,33,33,7,0,73,0,6,60,0,66,33,39,67,0,139,34,0,34,173
05/18/2009,BIL,MT,ANM,WE,Combined TRACON& Tower with Radar,25,50,39,0,114,0,11,62,1,74,25,61,101,1,188,24,0,24,212
05/19/2009,BIL,MT,ANM,WE,Combined TRACON& Tower with Radar,30,68,37,0,135,0,12,49,0,61,30,80,86,0,196,48,0,48,244
05/20/2009,BIL,MT,ANM,WE,Combined TRACON& Tower with Radar,36,72,41,0,149,0,10,40,0,50,36,82,81,0,199,18,0,18,217
05/21/2009,BIL,MT,ANM,WE,Combined TRACON& Tower with Radar,42,76,37,0,155,0,3,59,2,64,42,79,96,2,219,14,0,14,233
05/22/2009,BIL,MT,ANM,WE,Combined TRACON& Tower with Radar,40,75,41,0,156,0,7,71,3,81,40,82,112,3,237,12,0,12,249
05/23/2009,BIL,MT,ANM,WE,Combined TRACON& Tower with Radar,24,50,27,0,101,0,7,61,0,68,24,57,88,0,169,52,0,52,221
05/24/2009,BIL,MT,ANM,WE,Combined TRACON& Tower with Radar,29,25,15,0,69,0,1,31,0,32,29,26,46,0,101,2,0,2,103
05/25/2009,BIL,MT,ANM,WE,Combined TRACON& Tower with Radar,29,40,17,0,86,0,2,43,0,45,29,42,60,0,131,12,0,12,143
05/26/2009,BIL,MT,ANM,WE,Combined TRACON& Tower with Radar,38,57,53,0,148,0,12,72,0,84,38,69,125,0,232,20,0,20,252
05/27/2009,BIL,MT,ANM,WE,Combined TRACON& Tower with Radar,32,96,35,0,163,0,7,83,0,90,32,103,118,0,253,72,0,72,325
05/28/2009,BIL,MT,ANM,WE,Combined TRACON& Tower with Radar,33,79,39,2,153,0,14,97,0,111,33,93,136,2,264,52,0,52,316
05/29/2009,BIL,MT,ANM,WE,Combined TRACON& Tower with Radar,35,83,29,0,147,0,18,91,0,109,35,101,120,0,256,110,0,110,366
05/30/2009,BIL,MT,ANM,WE,Combined TRACON& Tower with Radar,22,41,22,2,87,0,5,50,0,55,22,46,72,2,142,64,0,64,206
05/31/2009,BIL,MT,ANM,WE,Combined TRACON& Tower with Radar,35,27,14,6,82,0,5,61,0,66,35,32,75,6,148,10,8,18,166
06/01/2009,BIL,MT,ANM,WE,Combined TRACON& Tower with Radar,26,72,19,0,117,0,6,28,4,38,26,78,47,4,155,6,0,6,161
06/02/2009,BIL,MT,ANM,WE,Combined TRACON& Tower with Radar,38,92,20,0,150,0,6,31,0,37,38,98,51,0,187,38,0,38,225
06/03/2009,BIL,MT,ANM,WE,Combined TRACON& Tower with Radar,33,81,39,0,153,0,6,41,0,47,33,87,80,0,200,14,0,14,214
06/04/2009,BIL,MT,ANM,WE,Combined TRACON& Tower with Radar,39,75,37,0,151,0,10,76,0,86,39,85,113,0,237,102,0,102,339
06/05/2009,BIL,MT,ANM,WE,Combined TRACON& Tower with Radar,44,88,41,0,173,0,14,35,0,49,44,102,76,0,222,30,0,30,252
06/06/2009,BIL,MT,ANM,WE,Combined TRACON& Tower with Radar,39,53,14,0,106,0,0,4,0,4,39,53,18,0,110,0,0,0,110
06/07/2009,BIL,MT,ANM,WE,Combined TRACON& Tower with Radar,34,33,12,2,81,0,0,5,0,5,34,33,17,2,86,0,0,0,86
06/08/2009,BIL,MT,ANM,WE,Combined TRACON& Tower with Radar,37,58,27,0,122,0,6,38,0,44,37,64,65,0,166,24,12,36,202
06/09/2009,BIL,MT,ANM,WE,Combined TRACON& Tower with Radar,46,78,29,6,159,0,3,19,0,22,46,81,48,6,181,44,0,44,225
06/10/2009,BIL,MT,ANM,WE,Combined TRACON& Tower with Radar,40,72,72,1,185,0,2,65,3,70,40,74,137,4,255,30,0,30,285
06/11/2009,BIL,MT,ANM,WE,Combined TRACON& Tower with Radar,40,74,55,0,169,0,14,82,1,97,40,88,137,1,266,72,0,72,338
06/12/2009,BIL,MT,ANM,WE,Combined TRACON& Tower with Radar,38,83,39,0,160,0,20,100,2,122,38,103,139,2,282,60,0,60,342
06/13/2009,BIL,MT,ANM,WE,Combined TRACON& Tower with Radar,38,52,34,0,124,0,10,89,1,100,38,62,123,1,224,40,0,40,264
06/14/2009,BIL,MT,ANM,WE,Combined TRACON& Tower with Radar,39,29,21,0,89,0,2,53,0,55,39,31,74,0,144,28,0,28,172
06/15/2009,BIL,MT,ANM,WE,Combined TRACON& Tower with Radar,39,58,29,0,126,0,12,30,2,44,39,70,59,2,170,84,0,84,254
06/16/2009,BIL,MT,ANM,WE,Combined TRACON& Tower with Radar,51,77,57,0,185,0,10,64,0,74,51,87,121,0,259,84,0,84,343
06/17/2009,BIL,MT,ANM,WE,Combined TRACON& Tower with Radar,35,73,73,0,181,0,11,52,0,63,35,84,125,0,244,36,0,36,280
06/18/2009,BIL,MT,ANM,WE,Combined TRACON& Tower with Radar,48,83,35,0,166,0,24,53,0,77,48,107,88,0,243,78,0,78,321
06/19/2009,BIL,MT,ANM,WE,Combined TRACON& Tower with Radar,44,71,23,1,139,0,14,76,1,91,44,85,99,2,230,42,0,42,272
06/20/2009,BIL,MT,ANM,WE,Combined TRACON& Tower with Radar,40,51,26,0,117,0,3,65,0,68,40,54,91,0,185,14,0,14,199
06/21/2009,BIL,MT,ANM,WE,Combined TRACON& Tower with Radar,36,30,12,0,78,0,2,32,0,34,36,32,44,0,112,12,0,12,124
06/22/2009,BIL,MT,ANM,WE,Combined TRACON& Tower with Radar,38,51,36,4,129,0,17,49,0,66,38,68,85,4,195,34,0,34,229
06/23/2009,BIL,MT,ANM,WE,Combined TRACON& Tower with Radar,39,73,44,0,156,0,9,75,0,84,39,82,119,0,240,124,0,124,364
06/24/2009,BIL,MT,ANM,WE,Combined TRACON& Tower with Radar,41,73,55,1,170,0,2,86,0,88,41,75,141,1,258,66,0,66,324
06/25/2009,BIL,MT,ANM,WE,Combined TRACON& Tower with Radar,47,80,41,2,170,0,11,54,0,65,47,91,95,2,235,24,0,24,259
06/26/2009,BIL,MT,ANM,WE,Combined TRACON& Tower with Radar,43,75,49,2,169,0,3,46,0,49,43,78,95,2,218,50,0,50,268
06/27/2009,BIL,MT,ANM,WE,Combined TRACON& Tower with Radar,45,45,18,0,108,0,6,56,0,62,45,51,74,0,170,0,0,0,170
06/28/2009,BIL,MT,ANM,WE,Combined TRACON& Tower with Radar,44,55,17,0,116,0,0,47,1,48,44,55,64,1,164,2,0,2,166
06/29/2009,BIL,MT,ANM,WE,Combined TRACON& Tower with Radar,48,67,31,0,146,0,11,52,2,65,48,78,83,2,211,90,0,90,301
06/30/2009,BIL,MT,ANM,WE,Combined TRACON& Tower with Radar,48,63,22,0,133,0,8,55,0,63,48,71,77,0,196,58,0,58,254
07/01/2009,BIL,MT,ANM,WE,Combined TRACON& Tower with Radar,41,74,23,1,139,0,16,53,0,69,41,90,76,1,208,42,0,42,250
07/02/2009,BIL,MT,ANM,WE,Combined TRACON& Tower with Radar,49,78,19,0,146,0,10,39,0,49,49,88,58,0,195,52,0,52,247
07/03/2009,BIL,MT,ANM,WE,Combined TRACON& Tower with Radar,40,62,47,0,149,0,14,79,0,93,40,76,126,0,242,60,0,60,302
07/04/2009,BIL,MT,ANM,WE,Combined TRACON& Tower with Radar,26,27,12,0,65,0,5,46,0,51,26,32,58,0,116,14,0,14,130
07/05/2009,BIL,MT,ANM,WE,Combined TRACON& Tower with Radar,41,33,35,0,109,0,8,40,0,48,41,41,75,0,157,6,0,6,163
07/06/2009,BIL,MT,ANM,WE,Combined TRACON& Tower with Radar,39,53,51,1,144,0,7,56,0,63,39,60,107,1,207,10,0,10,217
07/07/2009,BIL,MT,ANM,WE,Combined TRACON& Tower with Radar,50,76,73,2,201,0,8,61,1,70,50,84,134,3,271,30,0,30,301
07/08/2009,BIL,MT,ANM,WE,Combined TRACON& Tower with Radar,41,78,48,0,167,0,10,31,0,41,41,88,79,0,208,46,0,46,254
07/09/2009,BIL,MT,ANM,WE,Combined TRACON& Tower with Radar,44,73,58,1,176,0,8,67,0,75,44,81,125,1,251,52,0,52,303
07/10/2009,BIL,MT,ANM,WE,Combined TRACON& Tower with Radar,37,72,45,1,155,0,13,66,0,79,37,85,111,1,234,38,0,38,272
07/11/2009,BIL,MT,ANM,WE,Combined TRACON& Tower with Radar,43,43,14,0,100,0,9,72,0,81,43,52,86,0,181,22,0,22,203
07/12/2009,BIL,MT,ANM,WE,Combined TRACON& Tower with Radar,40,33,12,0,85,0,5,34,0,39,40,38,46,0,124,16,0,16,140
07/13/2009,BIL,MT,ANM,WE,Combined TRACON& Tower with Radar,36,61,39,0,136,0,11,30,0,41,36,72,69,0,177,36,0,36,213
07/14/2009,BIL,MT,ANM,WE,Combined TRACON& Tower with Radar,42,79,23,0,144,0,9,14,0,23,42,88,37,0,167,0,0,0,167
07/15/2009,BIL,MT,ANM,WE,Combined TRACON& Tower with Radar,44,72,84,0,200,0,8,80,0,88,44,80,164,0,288,38,0,38,326
07/16/2009,BIL,MT,ANM,WE,Combined TRACON& Tower with Radar,45,79,64,1,189,0,9,61,1,71,45,88,125,2,260,74,0,74,334
07/17/2009,BIL,MT,ANM,WE,Combined TRACON& Tower with Radar,42,81,59,0,182,0,28,84,0,112,42,109,143,0,294,46,0,46,340
07/18/2009,BIL,MT,ANM,WE,Combined TRACON& Tower with Radar,46,46,11,1,104,0,5,65,0,70,46,51,76,1,174,8,0,8,182
07/19/2009,BIL,MT,ANM,WE,Combined TRACON& Tower with Radar,38,38,13,1,90,0,4,32,1,37,38,42,45,2,127,8,0,8,135
07/20/2009,BIL,MT,ANM,WE,Combined TRACON& Tower with Radar,38,65,19,3,125,0,16,38,0,54,38,81,57,3,179,43,0,43,222
07/21/2009,BIL,MT,ANM,WE,Combined TRACON& Tower with Radar,45,71,18,0,134,0,7,56,1,64,45,78,74,1,198,54,0,54,252
07/22/2009,BIL,MT,ANM,WE,Combined TRACON& Tower with Radar,53,80,50,0,183,0,9,54,4,67,53,89,104,4,250,24,2,26,276
07/23/2009,BIL,MT,ANM,WE,Combined TRACON& Tower with Radar,48,76,50,1,175,0,4,77,0,81,48,80,127,1,256,10,0,10,266
07/24/2009,BIL,MT,ANM,WE,Combined TRACON& Tower with Radar,41,79,26,0,146,0,8,76,0,84,41,87,102,0,230,72,0,72,302
07/25/2009,BIL,MT,ANM,WE,Combined TRACON& Tower with Radar,45,26,13,0,84,0,7,54,0,61,45,33,67,0,145,6,0,6,151
07/26/2009,BIL,MT,ANM,WE,Combined TRACON& Tower with Radar,37,35,14,0,86,0,1,50,2,53,37,36,64,2,139,36,0,36,175
07/27/2009,BIL,MT,ANM,WE,Combined TRACON& Tower with Radar,37,67,38,2,144,0,7,40,0,47,37,74,78,2,191,48,0,48,239
07/28/2009,BIL,MT,ANM,WE,Combined TRACON& Tower with Radar,45,70,36,8,159,0,12,62,2,76,45,82,98,10,235,82,2,84,319
07/29/2009,BIL,MT,ANM,WE,Combined TRACON& Tower with Radar,46,69,41,2,158,0,16,45,0,61,46,85,86,2,219,68,0,68,287
07/30/2009,BIL,MT,ANM,WE,Combined TRACON& Tower with Radar,45,66,69,0,180,0,13,81,0,94,45,79,150,0,274,70,0,70,344
07/31/2009,BIL,MT,ANM,WE,Combined TRACON& Tower with Radar,46,69,51,0,166,0,5,34,0,39,46,74,85,0,205,4,0,4,209
08/01/2009,BIL,MT,ANM,WE,Combined TRACON& Tower with Radar,46,51,18,0,115,0,17,58,0,75,46,68,76,0,190,34,0,34,224
08/02/2009,BIL,MT,ANM,WE,Combined TRACON& Tower with Radar,40,33,15,0,88,0,12,62,0,74,40,45,77,0,162,0,0,0,162
08/03/2009,BIL,MT,ANM,WE,Combined TRACON& Tower with Radar,37,52,28,0,117,0,12,63,2,77,37,64,91,2,194,13,0,13,207
08/04/2009,BIL,MT,ANM,WE,Combined TRACON& Tower with Radar,48,66,24,0,138,0,19,62,0,81,48,85,86,0,219,24,0,24,243
08/05/2009,BIL,MT,ANM,WE,Combined TRACON& Tower with Radar,44,79,36,0,159,0,6,47,0,53,44,85,83,0,212,34,0,34,246
08/06/2009,BIL,MT,ANM,WE,Combined TRACON& Tower with Radar,48,81,25,0,154,0,8,33,0,41,48,89,58,0,195,16,0,16,211
08/07/2009,BIL,MT,ANM,WE,Combined TRACON& Tower with Radar,50,70,30,3,153,0,1,47,0,48,50,71,77,3,201,8,0,8,209
08/08/2009,BIL,MT,ANM,WE,Combined TRACON& Tower with Radar,42,48,43,0,133,0,9,27,5,41,42,57,70,5,174,4,0,4,178
08/09/2009,BIL,MT,ANM,WE,Combined TRACON& Tower with Radar,39,35,21,0,95,0,3,60,0,63,39,38,81,0,158,8,0,8,166
08/10/2009,BIL,MT,ANM,WE,Combined TRACON& Tower with Radar,37,48,34,0,119,0,10,50,0,60,37,58,84,0,179,46,0,46,225
08/11/2009,BIL,MT,ANM,WE,Combined TRACON& Tower with Radar,42,70,60,0,172,0,18,76,0,94,42,88,136,0,266,64,0,64,330
08/12/2009,BIL,MT,ANM,WE,Combined TRACON& Tower with Radar,41,76,71,2,190,0,12,71,0,83,41,88,142,2,273,26,0,26,299
08/13/2009,BIL,MT,ANM,WE,Combined TRACON& Tower with Radar,46,67,64,0,177,0,7,78,0,85,46,74,142,0,262,42,0,42,304
08/14/2009,BIL,MT,ANM,WE,Combined TRACON& Tower with Radar,46,69,63,0,178,0,13,65,0,78,46,82,128,0,256,22,0,22,278
08/15/2009,BIL,MT,ANM,WE,Combined TRACON& Tower with Radar,42,48,36,0,126,0,3,29,0,32,42,51,65,0,158,12,0,12,170
08/16/2009,BIL,MT,ANM,WE,Combined TRACON& Tower with Radar,42,39,21,0,102,0,3,20,0,23,42,42,41,0,125,2,0,2,127
08/17/2009,BIL,MT,ANM,WE,Combined TRACON& Tower with Radar,43,58,46,0,147,0,12,76,0,88,43,70,122,0,235,38,0,38,273
08/18/2009,BIL,MT,ANM,WE,Combined TRACON& Tower with Radar,49,73,34,0,156,0,5,70,0,75,49,78,104,0,231,48,0,48,279
08/19/2009,BIL,MT,ANM,WE,Combined TRACON& Tower with Radar,41,79,26,0,146,0,6,52,1,59,41,85,78,1,205,52,0,52,257
08/20/2009,BIL,MT,ANM,WE,Combined TRACON& Tower with Radar,41,79,31,0,151,0,17,83,0,100,41,96,114,0,251,34,0,34,285
08/21/2009,BIL,MT,ANM,WE,Combined TRACON& Tower with Radar,43,75,44,0,162,0,9,67,0,76,43,84,111,0,238,44,0,44,282
08/22/2009,BIL,MT,ANM,WE,Combined TRACON& Tower with Radar,34,47,10,0,91,0,16,60,0,76,34,63,70,0,167,48,0,48,215
08/23/2009,BIL,MT,ANM,WE,Combined TRACON& Tower with Radar,42,24,24,1,91,0,11,45,0,56,42,35,69,1,147,10,0,10,157
08/24/2009,BIL,MT,ANM,WE,Combined TRACON& Tower with Radar,35,62,36,0,133,0,16,25,0,41,35,78,61,0,174,34,0,34,208
08/25/2009,BIL,MT,ANM,WE,Combined TRACON& Tower with Radar,37,67,36,0,140,0,10,57,0,67,37,77,93,0,207,34,0,34,241
08/26/2009,BIL,MT,ANM,WE,Combined TRACON& Tower with Radar,48,79,34,0,161,1,19,51,0,71,49,98,85,0,232,78,0,78,310
08/27/2009,BIL,MT,ANM,WE,Combined TRACON& Tower with Radar,47,77,30,1,155,0,8,63,0,71,47,85,93,1,226,16,0,16,242
08/28/2009,BIL,MT,ANM,WE,Combined TRACON& Tower with Radar,46,74,52,0,172,0,11,88,0,99,46,85,140,0,271,90,0,90,361
08/29/2009,BIL,MT,ANM,WE,Combined TRACON& Tower with Radar,30,43,15,0,88,0,11,61,0,72,30,54,76,0,160,58,0,58,218
08/30/2009,BIL,MT,ANM,WE,Combined TRACON& Tower with Radar,37,33,15,0,85,0,4,36,0,40,37,37,51,0,125,28,0,28,153
08/31/2009,BIL,MT,ANM,WE,Combined TRACON& Tower with Radar,40,63,31,0,134,0,18,93,0,111,40,81,124,0,245,108,0,108,353
09/01/2009,BIL,MT,ANM,WE,Combined TRACON& Tower with Radar,35,73,26,0,134,2,8,46,0,56,37,81,72,0,190,52,0,52,242
09/02/2009,BIL,MT,ANM,WE,Combined TRACON& Tower with Radar,34,68,44,2,148,0,11,99,0,110,34,79,143,2,258,102,0,102,360
09/03/2009,BIL,MT,ANM,WE,Combined TRACON& Tower with Radar,34,87,39,5,165,0,80,96,1,177,34,167,135,6,342,150,0,150,492
09/04/2009,BIL,MT,ANM,WE,Combined TRACON& Tower with Radar,35,79,26,0,140,0,90,95,0,185,35,169,121,0,325,64,0,64,389
09/05/2009,BIL,MT,ANM,WE,Combined TRACON& Tower with Radar,25,48,6,0,79,0,16,53,0,69,25,64,59,0,148,68,0,68,216
09/06/2009,BIL,MT,ANM,WE,Combined TRACON& Tower with Radar,26,19,12,0,57,0,9,50,0,59,26,28,62,0,116,2,0,2,118
09/07/2009,BIL,MT,ANM,WE,Combined TRACON& Tower with Radar,29,35,22,0,86,0,8,63,0,71,29,43,85,0,157,66,0,66,223
09/08/2009,BIL,MT,ANM,WE,Combined TRACON& Tower with Radar,29,47,32,3,111,0,9,54,0,63,29,56,86,3,174,42,0,42,216
09/09/2009,BIL,MT,ANM,WE,Combined TRACON& Tower with Radar,29,75,27,2,133,0,10,71,0,81,29,85,98,2,214,41,0,41,255
09/10/2009,BIL,MT,ANM,WE,Combined TRACON& Tower with Radar,37,69,23,0,129,0,10,65,1,76,37,79,88,1,205,38,0,38,243
09/11/2009,BIL,MT,ANM,WE,Combined TRACON& Tower with Radar,33,73,26,0,132,0,14,93,0,107,33,87,119,0,239,76,0,76,315
09/12/2009,BIL,MT,ANM,WE,Combined TRACON& Tower with Radar,29,50,18,0,97,0,11,89,0,100,29,61,107,0,197,74,0,74,271
09/13/2009,BIL,MT,ANM,WE,Combined TRACON& Tower with Radar,26,38,12,2,78,0,15,54,0,69,26,53,66,2,147,26,0,26,173
09/14/2009,BIL,MT,ANM,WE,Combined TRACON& Tower with Radar,24,66,24,0,114,0,7,74,0,81,24,73,98,0,195,104,0,104,299
09/15/2009,BIL,MT,ANM,WE,Combined TRACON& Tower with Radar,31,73,24,0,128,0,8,88,0,96,31,81,112,0,224,136,0,136,360
09/16/2009,BIL,MT,ANM,WE,Combined TRACON& Tower with Radar,35,76,38,0,149,0,3,102,0,105,35,79,140,0,254,82,0,82,336
09/17/2009,BIL,MT,ANM,WE,Combined TRACON& Tower with Radar,32,76,39,0,147,0,16,64,0,80,32,92,103,0,227,62,0,62,289
09/18/2009,BIL,MT,ANM,WE,Combined TRACON& Tower with Radar,38,72,24,0,134,0,10,81,0,91,38,82,105,0,225,48,0,48,273
09/19/2009,BIL,MT,ANM,WE,Combined TRACON& Tower with Radar,25,38,6,0,69,0,12,79,0,91,25,50,85,0,160,68,0,68,228
09/20/2009,BIL,MT,ANM,WE,Combined TRACON& Tower with Radar,34,36,12,0,82,0,4,14,0,18,34,40,26,0,100,0,0,0,100
09/21/2009,BIL,MT,ANM,WE,Combined TRACON& Tower with Radar,18,65,43,0,126,0,8,69,0,77,18,73,112,0,203,72,0,72,275
09/22/2009,BIL,MT,ANM,WE,Combined TRACON& Tower with Radar,33,66,53,0,152,0,16,73,0,89,33,82,126,0,241,64,0,64,305
09/23/2009,BIL,MT,ANM,WE,Combined TRACON& Tower with Radar,30,77,29,2,138,0,8,59,1,68,30,85,88,3,206,76,0,76,282
09/24/2009,BIL,MT,ANM,WE,Combined TRACON& Tower with Radar,32,74,37,0,143,0,17,88,0,105,32,91,125,0,248,48,0,48,296
09/25/2009,BIL,MT,ANM,WE,Combined TRACON& Tower with Radar,30,65,43,1,139,0,7,111,0,118,30,72,154,1,257,136,0,136,393
09/26/2009,BIL,MT,ANM,WE,Combined TRACON& Tower with Radar,19,46,16,0,81,0,7,81,0,88,19,53,97,0,169,66,0,66,235
09/27/2009,BIL,MT,ANM,WE,Combined TRACON& Tower with Radar,33,37,15,0,85,0,9,41,0,50,33,46,56,0,135,45,0,45,180
09/28/2009,BIL,MT,ANM,WE,Combined TRACON& Tower with Radar,24,75,39,1,139,0,8,83,0,91,24,83,122,1,230,80,0,80,310
09/29/2009,BIL,MT,ANM,WE,Combined TRACON& Tower with Radar,35,61,24,0,120,0,10,55,10,75,35,71,79,10,195,82,0,82,277
09/30/2009,BIL,MT,ANM,WE,Combined TRACON& Tower with Radar,27,78,28,1,134,0,1,11,2,14,27,79,39,3,148,12,0,12,160
10/01/2009,BIL,MT,ANM,WE,Combined TRACON& Tower with Radar,28,77,26,0,131,0,8,27,0,35,28,85,53,0,166,0,0,0,166
10/02/2009,BIL,MT,ANM,WE,Combined TRACON& Tower with Radar,27,75,31,0,133,0,1,85,0,86,27,76,116,0,219,92,0,92,311
10/03/2009,BIL,MT,ANM,WE,Combined TRACON& Tower with Radar,20,47,15,0,82,0,3,70,0,73,20,50,85,0,155,92,0,92,247
10/04/2009,BIL,MT,ANM,WE,Combined TRACON& Tower with Radar,30,37,14,1,82,0,2,10,0,12,30,39,24,1,94,2,0,2,96
10/05/2009,BIL,MT,ANM,WE,Combined TRACON& Tower with Radar,21,66,17,0,104,0,0,0,0,0,21,66,17,0,104,0,0,0,104
10/06/2009,BIL,MT,ANM,WE,Combined TRACON& Tower with Radar,36,77,32,0,145,0,12,33,2,47,36,89,65,2,192,92,0,92,284
10/07/2009,BIL,MT,ANM,WE,Combined TRACON& Tower with Radar,33,68,20,0,121,0,0,0,0,0,33,68,20,0,121,0,0,0,121
10/08/2009,BIL,MT,ANM,WE,Combined TRACON& Tower with Radar,33,81,50,0,164,1,5,48,0,54,34,86,98,0,218,92,0,92,310
10/09/2009,BIL,MT,ANM,WE,Combined TRACON& Tower with Radar,29,79,16,0,124,0,3,2,0,5,29,82,18,0,129,38,0,38,167
10/10/2009,BIL,MT,ANM,WE,Combined TRACON& Tower with Radar,19,57,19,0,95,0,1,36,0,37,19,58,55,0,132,132,0,132,264
10/11/2009,BIL,MT,ANM,WE,Combined TRACON& Tower with Radar,30,33,15,0,78,0,0,3,0,3,30,33,18,0,81,8,0,8,89
10/12/2009,BIL,MT,ANM,WE,Combined TRACON& Tower with Radar,23,58,27,0,108,0,1,30,0,31,23,59,57,0,139,126,0,126,265
10/13/2009,BIL,MT,ANM,WE,Combined TRACON& Tower with Radar,30,67,10,0,107,0,2,11,0,13,30,69,21,0,120,46,0,46,166
10/14/2009,BIL,MT,ANM,WE,Combined TRACON& Tower with Radar,37,55,38,0,130,0,4,24,0,28,37,59,62,0,158,64,0,64,222
10/15/2009,BIL,MT,ANM,WE,Combined TRACON& Tower with Radar,32,80,27,0,139,0,2,56,0,58,32,82,83,0,197,32,0,32,229
10/16/2009,BIL,MT,ANM,WE,Combined TRACON& Tower with Radar,35,77,19,0,131,0,18,65,0,83,35,95,84,0,214,104,0,104,318
10/17/2009,BIL,MT,ANM,WE,Combined TRACON& Tower with Radar,29,53,7,0,89,0,6,41,0,47,29,59,48,0,136,96,0,96,232
10/18/2009,BIL,MT,ANM,WE,Combined TRACON& Tower with Radar,24,36,19,0,79,0,4,39,0,43,24,40,58,0,122,14,0,14,136
10/19/2009,BIL,MT,ANM,WE,Combined TRACON& Tower with Radar,21,66,15,0,102,0,0,5,0,5,21,66,20,0,107,0,0,0,107
10/20/2009,BIL,MT,ANM,WE,Combined TRACON& Tower with Radar,31,85,32,0,148,0,1,10,1,12,31,86,42,1,160,24,0,24,184
10/21/2009,BIL,MT,ANM,WE,Combined TRACON& Tower with Radar,26,74,36,0,136,0,1,70,0,71,26,75,106,0,207,82,0,82,289
10/22/2009,BIL,MT,ANM,WE,Combined TRACON& Tower with Radar,42,80,61,0,183,0,9,97,0,106,42,89,158,0,289,104,0,104,393
10/23/2009,BIL,MT,ANM,WE,Combined TRACON& Tower with Radar,32,79,41,0,152,0,11,71,1,83,32,90,112,1,235,30,0,30,265
10/24/2009,BIL,MT,ANM,WE,Combined TRACON& Tower with Radar,23,49,15,0,87,0,4,21,0,25,23,53,36,0,112,26,0,26,138
10/25/2009,BIL,MT,ANM,WE,Combined TRACON& Tower with Radar,27,43,23,0,93,0,2,29,0,31,27,45,52,0,124,44,0,44,168
10/26/2009,BIL,MT,ANM,WE,Combined TRACON& Tower with Radar,20,61,20,0,101,0,12,37,0,49,20,73,57,0,150,80,0,80,230
10/27/2009,BIL,MT,ANM,WE,Combined TRACON& Tower with Radar,30,83,30,2,145,0,5,24,0,29,30,88,54,2,174,12,0,12,186
10/28/2009,BIL,MT,ANM,WE,Combined TRACON& Tower with Radar,28,66,43,0,137,0,0,40,0,40,28,66,83,0,177,92,0,92,269
10/29/2009,BIL,MT,ANM,WE,Combined TRACON& Tower with Radar,30,68,70,0,168,0,12,60,0,72,30,80,130,0,240,112,0,112,352
10/30/2009,BIL,MT,ANM,WE,Combined TRACON& Tower with Radar,30,69,32,0,131,0,7,38,0,45,30,76,70,0,176,50,0,50,226
10/31/2009,BIL,MT,ANM,WE,Combined TRACON& Tower with Radar,21,36,5,0,62,0,8,56,0,64,21,44,61,0,126,118,0,118,244
11/01/2009,BIL,MT,ANM,WE,Combined TRACON& Tower with Radar,28,39,17,0,84,0,1,37,0,38,28,40,54,0,122,54,0,54,176
11/02/2009,BIL,MT,ANM,WE,Combined TRACON& Tower with Radar,21,64,64,0,149,0,2,68,0,70,21,66,132,0,219,114,0,114,333
11/03/2009,BIL,MT,ANM,WE,Combined TRACON& Tower with Radar,29,80,32,0,141,0,8,48,0,56,29,88,80,0,197,60,0,60,257
11/04/2009,BIL,MT,ANM,WE,Combined TRACON& Tower with Radar,28,76,86,0,190,0,17,92,1,110,28,93,178,1,300,102,0,102,402
11/05/2009,BIL,MT,ANM,WE,Combined TRACON& Tower with Radar,31,72,21,0,124,0,17,77,4,98,31,89,98,4,222,174,0,174,396
11/06/2009,BIL,MT,ANM,WE,Combined TRACON& Tower with Radar,29,76,28,0,133,0,10,26,0,36,29,86,54,0,169,26,0,26,195
11/07/2009,BIL,MT,ANM,WE,Combined TRACON& Tower with Radar,30,42,8,0,80,0,9,51,0,60,30,51,59,0,140,74,0,74,214
11/08/2009,BIL,MT,ANM,WE,Combined TRACON& Tower with Radar,25,38,28,0,91,0,3,40,0,43,25,41,68,0,134,14,0,14,148
11/09/2009,BIL,MT,ANM,WE,Combined TRACON& Tower with Radar,22,64,48,0,134,0,4,72,0,76,22,68,120,0,210,40,0,40,250
11/10/2009,BIL,MT,ANM,WE,Combined TRACON& Tower with Radar,33,70,47,0,150,0,9,82,1,92,33,79,129,1,242,102,0,102,344
11/11/2009,BIL,MT,ANM,WE,Combined TRACON& Tower with Radar,28,69,53,1,151,0,3,79,0,82,28,72,132,1,233,156,0,156,389
11/12/2009,BIL,MT,ANM,WE,Combined TRACON& Tower with Radar,32,72,20,0,124,0,0,2,0,2,32,72,22,0,126,0,0,0,126
11/13/2009,BIL,MT,ANM,WE,Combined TRACON& Tower with Radar,31,74,68,4,177,0,7,68,0,75,31,81,136,4,252,106,0,106,358
11/14/2009,BIL,MT,ANM,WE,Combined TRACON& Tower with Radar,19,44,24,0,87,0,7,61,0,68,19,51,85,0,155,64,0,64,219
11/15/2009,BIL,MT,ANM,WE,Combined TRACON& Tower with Radar,26,25,19,0,70,0,0,28,0,28,26,25,47,0,98,0,0,0,98
11/16/2009,BIL,MT,ANM,WE,Combined TRACON& Tower with Radar,22,67,37,0,126,0,13,39,0,52,22,80,76,0,178,78,0,78,256
11/17/2009,BIL,MT,ANM,WE,Combined TRACON& Tower with Radar,31,65,33,2,131,0,7,61,2,70,31,72,94,4,201,76,0,76,277
11/18/2009,BIL,MT,ANM,WE,Combined TRACON& Tower with Radar,26,74,60,3,163,0,12,65,0,77,26,86,125,3,240,60,4,64,304
11/19/2009,BIL,MT,ANM,WE,Combined TRACON& Tower with Radar,33,76,39,0,148,0,4,76,0,80,33,80,115,0,228,66,0,66,294
11/20/2009,BIL,MT,ANM,WE,Combined TRACON& Tower with Radar,33,76,52,0,161,0,11,64,0,75,33,87,116,0,236,78,0,78,314
11/21/2009,BIL,MT,ANM,WE,Combined TRACON& Tower with Radar,19,39,17,0,75,0,0,25,2,27,19,39,42,2,102,64,0,64,166
11/22/2009,BIL,MT,ANM,WE,Combined TRACON& Tower with Radar,22,41,11,2,76,0,10,21,0,31,22,51,32,2,107,54,0,54,161
11/23/2009,BIL,MT,ANM,WE,Combined TRACON& Tower with Radar,24,70,25,0,119,0,11,35,0,46,24,81,60,0,165,22,0,22,187
11/24/2009,BIL,MT,ANM,WE,Combined TRACON& Tower with Radar,30,75,29,5,139,0,7,32,3,42,30,82,61,8,181,44,0,44,225
11/25/2009,BIL,MT,ANM,WE,Combined TRACON& Tower with Radar,31,81,35,0,147,0,15,34,0,49,31,96,69,0,196,14,0,14,210
11/26/2009,BIL,MT,ANM,WE,Combined TRACON& Tower with Radar,15,37,4,0,56,0,6,20,0,26,15,43,24,0,82,0,0,0,82
11/27/2009,BIL,MT,ANM,WE,Combined TRACON& Tower with Radar,23,52,9,0,84,0,13,31,0,44,23,65,40,0,128,6,0,6,134
11/28/2009,BIL,MT,ANM,WE,Combined TRACON& Tower with Radar,23,49,23,0,95,0,5,20,0,25,23,54,43,0,120,22,0,22,142
11/29/2009,BIL,MT,ANM,WE,Combined TRACON& Tower with Radar,27,40,28,0,95,0,3,23,0,26,27,43,51,0,121,16,0,16,137
11/30/2009,BIL,MT,ANM,WE,Combined TRACON& Tower with Radar,22,62,40,0,124,0,24,40,0,64,22,86,80,0,188,16,0,16,204
12/01/2009,BIL,MT,ANM,WE,Combined TRACON& Tower with Radar,30,70,34,0,134,0,5,20,0,25,30,75,54,0,159,28,0,28,187
12/02/2009,BIL,MT,ANM,WE,Combined TRACON& Tower with Radar,28,76,52,0,156,0,4,36,0,40,28,80,88,0,196,55,0,55,251
12/03/2009,BIL,MT,ANM,WE,Combined TRACON& Tower with Radar,32,85,30,0,147,0,3,61,2,66,32,88,91,2,213,76,2,78,291
12/04/2009,BIL,MT,ANM,WE,Combined TRACON& Tower with Radar,27,81,22,0,130,0,6,46,2,54,27,87,68,2,184,2,0,2,186
12/05/2009,BIL,MT,ANM,WE,Combined TRACON& Tower with Radar,21,49,11,0,81,0,0,0,0,0,21,49,11,0,81,16,0,16,97
12/06/2009,BIL,MT,ANM,WE,Combined TRACON& Tower with Radar,27,32,19,0,78,0,0,0,0,0,27,32,19,0,78,0,0,0,78
12/07/2009,BIL,MT,ANM,WE,Combined TRACON& Tower with Radar,23,65,28,0,116,0,1,1,0,2,23,66,29,0,118,10,0,10,128
12/08/2009,BIL,MT,ANM,WE,Combined TRACON& Tower with Radar,31,68,14,0,113,0,2,0,0,2,31,70,14,0,115,0,0,0,115
12/09/2009,BIL,MT,ANM,WE,Combined TRACON& Tower with Radar,31,68,42,0,141,0,2,22,0,24,31,70,64,0,165,38,0,38,203
12/10/2009,BIL,MT,ANM,WE,Combined TRACON& Tower with Radar,37,78,59,2,176,0,9,41,0,50,37,87,100,2,226,42,0,42,268
12/11/2009,BIL,MT,ANM,WE,Combined TRACON& Tower with Radar,31,87,55,0,173,0,14,27,0,41,31,101,82,0,214,24,0,24,238
12/12/2009,BIL,MT,ANM,WE,Combined TRACON& Tower with Radar,21,46,19,1,87,0,4,37,0,41,21,50,56,1,128,34,0,34,162
12/13/2009,BIL,MT,ANM,WE,Combined TRACON& Tower with Radar,31,49,4,0,84,0,0,0,0,0,31,49,4,0,84,0,0,0,84
12/14/2009,BIL,MT,ANM,WE,Combined TRACON& Tower with Radar,26,66,25,0,117,0,2,3,0,5,26,68,28,0,122,0,0,0,122
12/15/2009,BIL,MT,ANM,WE,Combined TRACON& Tower with Radar,32,81,53,0,166,0,11,35,0,46,32,92,88,0,212,6,0,6,218
12/16/2009,BIL,MT,ANM,WE,Combined TRACON& Tower with Radar,28,79,47,0,154,0,7,39,0,46,28,86,86,0,200,39,0,39,239
12/17/2009,BIL,MT,ANM,WE,Combined TRACON& Tower with Radar,40,86,67,0,193,0,14,39,0,53,40,100,106,0,246,30,0,30,276
12/18/2009,BIL,MT,ANM,WE,Combined TRACON& Tower with Radar,34,90,41,0,165,0,11,65,0,76,34,101,106,0,241,16,0,16,257
12/19/2009,BIL,MT,ANM,WE,Combined TRACON& Tower with Radar,25,59,18,0,102,0,6,21,1,28,25,65,39,1,130,20,0,20,150
12/20/2009,BIL,MT,ANM,WE,Combined TRACON& Tower with Radar,26,40,12,0,78,0,2,12,0,14,26,42,24,0,92,8,0,8,100
12/21/2009,BIL,MT,ANM,WE,Combined TRACON& Tower with Radar,26,75,28,0,129,0,4,11,0,15,26,79,39,0,144,0,0,0,144
12/22/2009,BIL,MT,ANM,WE,Combined TRACON& Tower with Radar,49,85,11,0,145,0,0,0,0,0,49,85,11,0,145,0,0,0,145
12/23/2009,BIL,MT,ANM,WE,Combined TRACON& Tower with Radar,47,86,10,0,143,0,3,0,0,3,47,89,10,0,146,0,0,0,146
12/24/2009,BIL,MT,ANM,WE,Combined TRACON& Tower with Radar,33,77,9,0,119,0,11,28,0,39,33,88,37,0,158,2,0,2,160
12/25/2009,BIL,MT,ANM,WE,Combined TRACON& Tower with Radar,19,31,3,0,53,0,1,3,0,4,19,32,6,0,57,0,0,0,57
12/26/2009,BIL,MT,ANM,WE,Combined TRACON& Tower with Radar,24,57,13,0,94,0,1,34,0,35,24,58,47,0,129,18,0,18,147
12/27/2009,BIL,MT,ANM,WE,Combined TRACON& Tower with Radar,20,34,8,0,62,0,0,16,0,16,20,34,24,0,78,6,0,6,84
12/28/2009,BIL,MT,ANM,WE,Combined TRACON& Tower with Radar,25,67,30,0,122,0,6,28,0,34,25,73,58,0,156,8,0,8,164
12/29/2009,BIL,MT,ANM,WE,Combined TRACON& Tower with Radar,39,80,19,2,140,0,6,23,0,29,39,86,42,2,169,4,0,4,173
12/30/2009,BIL,MT,ANM,WE,Combined TRACON& Tower with Radar,30,78,12,1,121,0,5,19,0,24,30,83,31,1,145,6,0,6,151
12/31/2009,BIL,MT,ANM,WE,Combined TRACON& Tower with Radar,28,68,12,0,108,0,0,12,0,12,28,68,24,0,120,6,0,6,126
01/01/2010,BIL,MT,ANM,WE,Combined TRACON& Tower with Radar,20,39,5,0,64,0,0,13,0,13,20,39,18,0,77,46,0,46,123
01/02/2010,BIL,MT,ANM,WE,Combined TRACON& Tower with Radar,25,44,13,0,82,0,4,32,0,36,25,48,45,0,118,42,0,42,160
01/03/2010,BIL,MT,ANM,WE,Combined TRACON& Tower with Radar,26,37,20,0,83,0,2,24,0,26,26,39,44,0,109,10,0,10,119
01/04/2010,BIL,MT,ANM,WE,Combined TRACON& Tower with Radar,25,57,31,0,113,0,4,26,0,30,25,61,57,0,143,22,0,22,165
01/05/2010,BIL,MT,ANM,WE,Combined TRACON& Tower with Radar,30,64,13,0,107,0,0,0,0,0,30,64,13,0,107,0,0,0,107
01/06/2010,BIL,MT,ANM,WE,Combined TRACON& Tower with Radar,27,69,14,0,110,0,1,2,0,3,27,70,16,0,113,0,0,0,113
01/07/2010,BIL,MT,ANM,WE,Combined TRACON& Tower with Radar,30,70,30,0,130,0,4,13,0,17,30,74,43,0,147,0,0,0,147
01/08/2010,BIL,MT,ANM,WE,Combined TRACON& Tower with Radar,31,63,22,0,116,0,8,12,0,20,31,71,34,0,136,18,0,18,154
01/09/2010,BIL,MT,ANM,WE,Combined TRACON& Tower with Radar,18,50,15,0,83,0,12,15,0,27,18,62,30,0,110,22,0,22,132
01/10/2010,BIL,MT,ANM,WE,Combined TRACON& Tower with Radar,19,36,27,0,82,0,3,22,0,25,19,39,49,0,107,26,0,26,133
01/11/2010,BIL,MT,ANM,WE,Combined TRACON& Tower with Radar,20,53,46,0,119,0,4,31,0,35,20,57,77,0,154,3,0,3,157
01/12/2010,BIL,MT,ANM,WE,Combined TRACON& Tower with Radar,34,65,33,0,132,0,7,17,0,24,34,72,50,0,156,6,0,6,162
01/13/2010,BIL,MT,ANM,WE,Combined TRACON& Tower with Radar,30,59,45,0,134,0,7,71,0,78,30,66,116,0,212,142,0,142,354
01/14/2010,BIL,MT,ANM,WE,Combined TRACON& Tower with Radar,36,74,30,0,140,0,14,56,0,70,36,88,86,0,210,80,0,80,290
01/15/2010,BIL,MT,ANM,WE,Combined TRACON& Tower with Radar,34,58,38,0,130,0,5,39,0,44,34,63,77,0,174,22,0,22,196
01/16/2010,BIL,MT,ANM,WE,Combined TRACON& Tower with Radar,19,46,36,0,101,0,3,71,0,74,19,49,107,0,175,46,0,46,221
01/17/2010,BIL,MT,ANM,WE,Combined TRACON& Tower with Radar,24,25,20,0,69,0,1,30,0,31,24,26,50,0,100,18,0,18,118
01/18/2010,BIL,MT,ANM,WE,Combined TRACON& Tower with Radar,25,47,31,4,107,0,9,38,0,47,25,56,69,4,154,8,0,8,162
01/19/2010,BIL,MT,ANM,WE,Combined TRACON& Tower with Radar,34,58,36,1,129,0,6,39,0,45,34,64,75,1,174,94,0,94,268
01/20/2010,BIL,MT,ANM,WE,Combined TRACON& Tower with Radar,29,73,47,1,150,0,6,69,0,75,29,79,116,1,225,82,0,82,307
01/21/2010,BIL,MT,ANM,WE,Combined TRACON& Tower with Radar,37,66,27,2,132,0,1,52,0,53,37,67,79,2,185,42,0,42,227
01/22/2010,BIL,MT,ANM,WE,Combined TRACON& Tower with Radar,29,64,10,0,103,0,3,0,0,3,29,67,10,0,106,0,0,0,106
01/23/2010,BIL,MT,ANM,WE,Combined TRACON& Tower with Radar,21,31,2,0,54,0,0,0,0,0,21,31,2,0,54,0,0,0,54
01/24/2010,BIL,MT,ANM,WE,Combined TRACON& Tower with Radar,26,37,6,0,69,0,1,1,0,2,26,38,7,0,71,0,0,0,71
01/25/2010,BIL,MT,ANM,WE,Combined TRACON& Tower with Radar,29,64,41,0,134,0,2,39,0,41,29,66,80,0,175,48,0,48,223
01/26/2010,BIL,MT,ANM,WE,Combined TRACON& Tower with Radar,31,84,23,0,138,0,6,2,0,8,31,90,25,0,146,4,0,4,150
01/27/2010,BIL,MT,ANM,WE,Combined TRACON& Tower with Radar,30,70,31,0,131,0,3,52,0,55,30,73,83,0,186,56,0,56,242
01/28/2010,BIL,MT,ANM,WE,Combined TRACON& Tower with Radar,31,78,48,0,157,0,8,70,0,78,31,86,118,0,235,90,0,90,325
01/29/2010,BIL,MT,ANM,WE,Combined TRACON& Tower with Radar,36,81,40,0,157,0,9,70,0,79,36,90,110,0,236,114,0,114,350
01/30/2010,BIL,MT,ANM,WE,Combined TRACON& Tower with Radar,20,44,19,0,83,0,1,50,0,51,20,45,69,0,134,46,0,46,180
01/31/2010,BIL,MT,ANM,WE,Combined TRACON& Tower with Radar,26,31,7,0,64,0,0,0,0,0,26,31,7,0,64,0,0,0,64
02/01/2010,BIL,MT,ANM,WE,Combined TRACON& Tower with Radar,22,65,21,0,108,0,5,29,0,34,22,70,50,0,142,8,0,8,150
02/02/2010,BIL,MT,ANM,WE,Combined TRACON& Tower with Radar,28,70,27,0,125,0,4,52,0,56,28,74,79,0,181,50,0,50,231
02/03/2010,BIL,MT,ANM,WE,Combined TRACON& Tower with Radar,29,58,55,0,142,0,8,50,0,58,29,66,105,0,200,68,0,68,268
02/04/2010,BIL,MT,ANM,WE,Combined TRACON& Tower with Radar,37,77,26,0,140,0,0,0,0,0,37,77,26,0,140,0,0,0,140
02/05/2010,BIL,MT,ANM,WE,Combined TRACON& Tower with Radar,31,67,23,0,121,0,0,0,0,0,31,67,23,0,121,0,0,0,121
02/06/2010,BIL,MT,ANM,WE,Combined TRACON& Tower with Radar,22,37,4,0,63,0,0,0,0,0,22,37,4,0,63,0,0,0,63
02/07/2010,BIL,MT,ANM,WE,Combined TRACON& Tower with Radar,28,37,2,0,67,0,0,0,0,0,28,37,2,0,67,0,0,0,67
02/08/2010,BIL,MT,ANM,WE,Combined TRACON& Tower with Radar,21,61,35,0,117,0,5,38,0,43,21,66,73,0,160,60,0,60,220
02/09/2010,BIL,MT,ANM,WE,Combined TRACON& Tower with Radar,31,68,32,0,131,0,5,50,0,55,31,73,82,0,186,52,0,52,238
02/10/2010,BIL,MT,ANM,WE,Combined TRACON& Tower with Radar,32,77,46,0,155,0,11,61,0,72,32,88,107,0,227,34,0,34,261
02/11/2010,BIL,MT,ANM,WE,Combined TRACON& Tower with Radar,34,68,40,0,142,0,7,37,0,44,34,75,77,0,186,70,0,70,256
02/12/2010,BIL,MT,ANM,WE,Combined TRACON& Tower with Radar,34,77,22,0,133,0,1,29,4,34,34,78,51,4,167,80,0,80,247
02/13/2010,BIL,MT,ANM,WE,Combined TRACON& Tower with Radar,21,47,7,0,75,0,6,1,0,7,21,53,8,0,82,0,0,0,82
02/14/2010,BIL,MT,ANM,WE,Combined TRACON& Tower with Radar,26,40,13,0,79,0,2,34,0,36,26,42,47,0,115,64,0,64,179
02/15/2010,BIL,MT,ANM,WE,Combined TRACON& Tower with Radar,22,67,35,0,124,0,3,38,0,41,22,70,73,0,165,80,0,80,245
02/16/2010,BIL,MT,ANM,WE,Combined TRACON& Tower with Radar,34,72,31,0,137,0,7,60,0,67,34,79,91,0,204,68,0,68,272
02/17/2010,BIL,MT,ANM,WE,Combined TRACON& Tower with Radar,34,72,45,0,151,0,1,36,0,37,34,73,81,0,188,76,0,76,264
02/18/2010,BIL,MT,ANM,WE,Combined TRACON& Tower with Radar,33,81,33,0,147,0,0,26,1,27,33,81,59,1,174,40,0,40,214
02/19/2010,BIL,MT,ANM,WE,Combined TRACON& Tower with Radar,31,82,18,0,131,0,5,30,0,35,31,87,48,0,166,90,0,90,256
02/20/2010,BIL,MT,ANM,WE,Combined TRACON& Tower with Radar,20,59,16,0,95,0,0,23,0,23,20,59,39,0,118,44,0,44,162
02/21/2010,BIL,MT,ANM,WE,Combined TRACON& Tower with Radar,27,42,16,3,88,0,1,16,0,17,27,43,32,3,105,32,0,32,137
02/22/2010,BIL,MT,ANM,WE,Combined TRACON& Tower with Radar,27,72,56,0,155,0,6,65,5,76,27,78,121,5,231,80,0,80,311
02/23/2010,BIL,MT,ANM,WE,Combined TRACON& Tower with Radar,30,86,26,0,142,0,14,55,0,69,30,100,81,0,211,46,0,46,257
02/24/2010,BIL,MT,ANM,WE,Combined TRACON& Tower with Radar,27,80,41,0,148,0,20,53,0,73,27,100,94,0,221,124,0,124,345
02/25/2010,BIL,MT,ANM,WE,Combined TRACON& Tower with Radar,34,72,32,0,138,0,12,49,0,61,34,84,81,0,199,78,0,78,277
02/26/2010,BIL,MT,ANM,WE,Combined TRACON& Tower with Radar,34,73,72,0,179,0,14,82,0,96,34,87,154,0,275,138,2,140,415
02/27/2010,BIL,MT,ANM,WE,Combined TRACON& Tower with Radar,21,43,17,0,81,0,11,63,0,74,21,54,80,0,155,80,0,80,235
02/28/2010,BIL,MT,ANM,WE,Combined TRACON& Tower with Radar,22,31,15,0,68,0,4,30,0,34,22,35,45,0,102,16,0,16,118
03/01/2010,BIL,MT,ANM,WE,Combined TRACON& Tower with Radar,26,55,15,0,96,0,7,53,0,60,26,62,68,0,156,30,0,30,186
03/02/2010,BIL,MT,ANM,WE,Combined TRACON& Tower with Radar,30,61,21,0,112,0,5,44,0,49,30,66,65,0,161,44,0,44,205
03/03/2010,BIL,MT,ANM,WE,Combined TRACON& Tower with Radar,28,67,38,0,133,0,5,43,0,48,28,72,81,0,181,36,0,36,217
03/04/2010,BIL,MT,ANM,WE,Combined TRACON& Tower with Radar,32,66,27,0,125,0,6,37,0,43,32,72,64,0,168,16,0,16,184
03/05/2010,BIL,MT,ANM,WE,Combined TRACON& Tower with Radar,28,72,23,1,124,0,3,43,0,46,28,75,66,1,170,26,0,26,196
03/06/2010,BIL,MT,ANM,WE,Combined TRACON& Tower with Radar,19,43,22,1,85,0,3,43,0,46,19,46,65,1,131,16,0,16,147
03/07/2010,BIL,MT,ANM,WE,Combined TRACON& Tower with Radar,21,34,14,0,69,0,0,35,1,36,21,34,49,1,105,4,0,4,109
03/08/2010,BIL,MT,ANM,WE,Combined TRACON& Tower with Radar,24,45,28,0,97,0,1,59,2,62,24,46,87,2,159,46,0,46,205
03/09/2010,BIL,MT,ANM,WE,Combined TRACON& Tower with Radar,30,77,21,1,129,0,1,9,0,10,30,78,30,1,139,2,0,2,141
03/10/2010,BIL,MT,ANM,WE,Combined TRACON& Tower with Radar,28,77,21,1,127,0,2,14,0,16,28,79,35,1,143,14,0,14,157
03/11/2010,BIL,MT,ANM,WE,Combined TRACON& Tower with Radar,32,77,23,3,135,0,13,48,3,64,32,90,71,6,199,92,0,92,291
03/12/2010,BIL,MT,ANM,WE,Combined TRACON& Tower with Radar,28,75,41,2,146,0,5,84,2,91,28,80,125,4,237,34,0,34,271
03/13/2010,BIL,MT,ANM,WE,Combined TRACON& Tower with Radar,21,47,11,0,79,0,1,89,0,90,21,48,100,0,169,60,0,60,229
03/14/2010,BIL,MT,ANM,WE,Combined TRACON& Tower with Radar,25,30,13,0,68,0,3,25,0,28,25,33,38,0,96,50,0,50,146
03/15/2010,BIL,MT,ANM,WE,Combined TRACON& Tower with Radar,23,54,22,1,100,0,5,60,1,66,23,59,82,2,166,52,2,54,220
03/16/2010,BIL,MT,ANM,WE,Combined TRACON& Tower with Radar,32,68,20,0,120,0,5,55,1,61,32,73,75,1,181,68,0,68,249
03/17/2010,BIL,MT,ANM,WE,Combined TRACON& Tower with Radar,28,67,21,0,116,0,7,45,3,55,28,74,66,3,171,74,0,74,245
03/18/2010,BIL,MT,ANM,WE,Combined TRACON& Tower with Radar,34,75,23,0,132,0,2,20,1,23,34,77,43,1,155,24,0,24,179
03/19/2010,BIL,MT,ANM,WE,Combined TRACON& Tower with Radar,28,76,18,0,122,0,1,10,0,11,28,77,28,0,133,16,0,16,149
03/20/2010,BIL,MT,ANM,WE,Combined TRACON& Tower with Radar,21,41,5,0,67,0,3,32,0,35,21,44,37,0,102,28,0,28,130
03/21/2010,BIL,MT,ANM,WE,Combined TRACON& Tower with Radar,24,34,5,2,65,0,1,24,0,25,24,35,29,2,90,2,0,2,92
03/22/2010,BIL,MT,ANM,WE,Combined TRACON& Tower with Radar,22,59,25,4,110,0,1,25,0,26,22,60,50,4,136,8,0,8,144
03/23/2010,BIL,MT,ANM,WE,Combined TRACON& Tower with Radar,31,71,23,0,125,0,8,30,0,38,31,79,53,0,163,94,0,94,257
03/24/2010,BIL,MT,ANM,WE,Combined TRACON& Tower with Radar,26,64,31,2,123,0,9,66,3,78,26,73,97,5,201,74,0,74,275
03/25/2010,BIL,MT,ANM,WE,Combined TRACON& Tower with Radar,34,73,27,0,134,0,10,42,0,52,34,83,69,0,186,14,0,14,200
03/26/2010,BIL,MT,ANM,WE,Combined TRACON& Tower with Radar,26,81,37,2,146,0,9,49,1,59,26,90,86,3,205,24,0,24,229
03/27/2010,BIL,MT,ANM,WE,Combined TRACON& Tower with Radar,23,48,24,0,95,0,3,67,1,71,23,51,91,1,166,54,0,54,220
03/28/2010,BIL,MT,ANM,WE,Combined TRACON& Tower with Radar,26,44,8,0,78,0,8,37,0,45,26,52,45,0,123,46,0,46,169
03/29/2010,BIL,MT,ANM,WE,Combined TRACON& Tower with Radar,23,61,30,0,114,0,5,42,0,47,23,66,72,0,161,20,0,20,181
03/30/2010,BIL,MT,ANM,WE,Combined TRACON& Tower with Radar,34,64,16,0,114,0,4,13,0,17,34,68,29,0,131,6,0,6,137
03/31/2010,BIL,MT,ANM,WE,Combined TRACON& Tower with Radar,30,80,31,0,141,0,15,59,1,75,30,95,90,1,216,90,0,90,306
04/01/2010,BIL,MT,ANM,WE,Combined TRACON& Tower with Radar,32,73,17,2,124,0,2,12,0,14,32,75,29,2,138,10,0,10,148
04/02/2010,BIL,MT,ANM,WE,Combined TRACON& Tower with Radar,30,64,25,0,119,0,4,52,2,58,30,68,77,2,177,28,0,28,205
04/03/2010,BIL,MT,ANM,WE,Combined TRACON& Tower with Radar,21,49,8,0,78,0,1,6,0,7,21,50,14,0,85,0,0,0,85
04/04/2010,BIL,MT,ANM,WE,Combined TRACON& Tower with Radar,24,31,4,0,59,0,1,18,0,19,24,32,22,0,78,8,0,8,86
04/05/2010,BIL,MT,ANM,WE,Combined TRACON& Tower with Radar,24,63,34,0,121,0,3,25,0,28,24,66,59,0,149,44,0,44,193
04/06/2010,BIL,MT,ANM,WE,Combined TRACON& Tower with Radar,33,75,22,0,130,0,1,0,0,1,33,76,22,0,131,0,0,0,131
04/07/2010,BIL,MT,ANM,WE,Combined TRACON& Tower with Radar,26,73,31,2,132,0,8,97,0,105,26,81,128,2,237,30,0,30,267
04/08/2010,BIL,MT,ANM,WE,Combined TRACON& Tower with Radar,32,78,39,0,149,0,10,40,0,50,32,88,79,0,199,44,0,44,243
04/09/2010,BIL,MT,ANM,WE,Combined TRACON& Tower with Radar,28,89,29,0,146,0,6,52,0,58,28,95,81,0,204,27,0,27,231
04/10/2010,BIL,MT,ANM,WE,Combined TRACON& Tower with Radar,19,48,15,0,82,0,1,75,2,78,19,49,90,2,160,77,0,77,237
04/11/2010,BIL,MT,ANM,WE,Combined TRACON& Tower with Radar,24,40,9,0,73,0,4,24,0,28,24,44,33,0,101,76,0,76,177
04/12/2010,BIL,MT,ANM,WE,Combined TRACON& Tower with Radar,21,63,27,0,111,0,5,42,0,47,21,68,69,0,158,44,0,44,202
04/13/2010,BIL,MT,ANM,WE,Combined TRACON& Tower with Radar,28,71,23,0,122,0,1,2,0,3,28,72,25,0,125,0,0,0,125
04/14/2010,BIL,MT,ANM,WE,Combined TRACON& Tower with Radar,25,85,26,0,136,0,2,19,0,21,25,87,45,0,157,30,0,30,187
04/15/2010,BIL,MT,ANM,WE,Combined TRACON& Tower with Radar,32,71,36,0,139,0,4,93,0,97,32,75,129,0,236,98,0,98,334
04/16/2010,BIL,MT,ANM,WE,Combined TRACON& Tower with Radar,29,72,32,3,136,0,1,115,3,119,29,73,147,6,255,112,0,112,367
04/17/2010,BIL,MT,ANM,WE,Combined TRACON& Tower with Radar,19,45,26,0,90,0,0,71,0,71,19,45,97,0,161,124,0,124,285
04/18/2010,BIL,MT,ANM,WE,Combined TRACON& Tower with Radar,23,40,15,1,79,0,0,51,0,51,23,40,66,1,130,62,0,62,192
04/19/2010,BIL,MT,ANM,WE,Combined TRACON& Tower with Radar,21,67,43,0,131,0,6,96,1,103,21,73,139,1,234,122,0,122,356
04/20/2010,BIL,MT,ANM,WE,Combined TRACON& Tower with Radar,28,69,38,0,135,0,4,75,0,79,28,73,113,0,214,94,0,94,308
04/21/2010,BIL,MT,ANM,WE,Combined TRACON& Tower with Radar,28,78,51,0,157,0,9,48,1,58,28,87,99,1,215,76,0,76,291
04/22/2010,BIL,MT,ANM,WE,Combined TRACON& Tower with Radar,30,74,35,0,139,0,7,52,1,60,30,81,87,1,199,100,0,100,299
04/23/2010,BIL,MT,ANM,WE,Combined TRACON& Tower with Radar,26,80,26,0,132,0,1,17,0,18,26,81,43,0,150,22,0,22,172
04/24/2010,BIL,MT,ANM,WE,Combined TRACON& Tower with Radar,19,44,34,2,99,0,2,80,3,85,19,46,114,5,184,90,0,90,274
04/25/2010,BIL,MT,ANM,WE,Combined TRACON& Tower with Radar,26,40,12,0,78,0,0,7,0,7,26,40,19,0,85,6,0,6,91
04/26/2010,BIL,MT,ANM,WE,Combined TRACON& Tower with Radar,21,61,44,2,128,0,6,77,0,83,21,67,121,2,211,94,0,94,305
04/27/2010,BIL,MT,ANM,WE,Combined TRACON& Tower with Radar,28,73,36,0,137,0,8,63,2,73,28,81,99,2,210,93,0,93,303
04/28/2010,BIL,MT,ANM,WE,Combined TRACON& Tower with Radar,26,75,26,0,127,0,2,5,0,7,26,77,31,0,134,12,0,12,146
04/29/2010,BIL,MT,ANM,WE,Combined TRACON& Tower with Radar,34,72,17,0,123,0,1,3,0,4,34,73,20,0,127,0,0,0,127
04/30/2010,BIL,MT,ANM,WE,Combined TRACON& Tower with Radar,32,83,14,0,129,0,1,5,0,6,32,84,19,0,135,0,0,0,135
05/01/2010,BIL,MT,ANM,WE,Combined TRACON& Tower with Radar,19,39,7,0,65,0,2,5,0,7,19,41,12,0,72,6,0,6,78
05/02/2010,BIL,MT,ANM,WE,Combined TRACON& Tower with Radar,24,37,8,0,69,0,0,7,0,7,24,37,15,0,76,5,0,5,81
05/03/2010,BIL,MT,ANM,WE,Combined TRACON& Tower with Radar,22,68,24,0,114,0,2,39,0,41,22,70,63,0,155,26,0,26,181
05/04/2010,BIL,MT,ANM,WE,Combined TRACON& Tower with Radar,35,69,17,0,121,0,2,7,0,9,35,71,24,0,130,0,0,0,130
05/05/2010,BIL,MT,ANM,WE,Combined TRACON& Tower with Radar,27,81,33,0,141,0,3,55,0,58,27,84,88,0,199,66,0,66,265
05/06/2010,BIL,MT,ANM,WE,Combined TRACON& Tower with Radar,35,94,27,0,156,0,0,0,0,0,35,94,27,0,156,0,0,0,156
05/07/2010,BIL,MT,ANM,WE,Combined TRACON& Tower with Radar,27,81,44,4,156,0,2,30,0,32,27,83,74,4,188,76,0,76,264
05/08/2010,BIL,MT,ANM,WE,Combined TRACON& Tower with Radar,23,43,8,4,78,0,3,44,0,47,23,46,52,4,125,6,0,6,131
05/09/2010,BIL,MT,ANM,WE,Combined TRACON& Tower with Radar,27,35,9,2,73,0,1,24,0,25,27,36,33,2,98,26,0,26,124
05/10/2010,BIL,MT,ANM,WE,Combined TRACON& Tower with Radar,23,61,28,2,114,0,2,43,0,45,23,63,71,2,159,108,0,108,267
05/11/2010,BIL,MT,ANM,WE,Combined TRACON& Tower with Radar,30,74,28,2,134,0,2,26,0,28,30,76,54,2,162,56,0,56,218
05/12/2010,BIL,MT,ANM,WE,Combined TRACON& Tower with Radar,26,87,39,2,154,0,3,8,1,12,26,90,47,3,166,50,0,50,216
05/13/2010,BIL,MT,ANM,WE,Combined TRACON& Tower with Radar,38,79,41,4,162,2,11,107,1,121,40,90,148,5,283,128,0,128,411
05/14/2010,BIL,MT,ANM,WE,Combined TRACON& Tower with Radar,27,72,27,1,127,0,6,92,2,100,27,78,119,3,227,66,0,66,293
05/15/2010,BIL,MT,ANM,WE,Combined TRACON& Tower with Radar,19,42,19,0,80,0,4,71,2,77,19,46,90,2,157,34,0,34,191
05/16/2010,BIL,MT,ANM,WE,Combined TRACON& Tower with Radar,30,38,28,0,96,0,1,72,0,73,30,39,100,0,169,24,0,24,193
05/17/2010,BIL,MT,ANM,WE,Combined TRACON& Tower with Radar,21,58,26,0,105,0,6,66,0,72,21,64,92,0,177,74,0,74,251
05/18/2010,BIL,MT,ANM,WE,Combined TRACON& Tower with Radar,28,69,19,0,116,0,8,67,0,75,28,77,86,0,191,64,0,64,255
05/19/2010,BIL,MT,ANM,WE,Combined TRACON& Tower with Radar,28,72,37,0,137,0,7,52,0,59,28,79,89,0,196,60,0,60,256
05/20/2010,BIL,MT,ANM,WE,Combined TRACON& Tower with Radar,30,88,35,0,153,0,9,54,1,64,30,97,89,1,217,80,0,80,297
05/21/2010,BIL,MT,ANM,WE,Combined TRACON& Tower with Radar,26,81,46,0,153,0,6,79,0,85,26,87,125,0,238,138,0,138,376
05/22/2010,BIL,MT,ANM,WE,Combined TRACON& Tower with Radar,22,45,42,0,109,0,0,48,0,48,22,45,90,0,157,58,0,58,215
05/23/2010,BIL,MT,ANM,WE,Combined TRACON& Tower with Radar,28,34,17,0,79,0,0,30,0,30,28,34,47,0,109,26,0,26,135
05/24/2010,BIL,MT,ANM,WE,Combined TRACON& Tower with Radar,21,59,30,0,110,0,0,0,0,0,21,59,30,0,110,0,0,0,110
05/25/2010,BIL,MT,ANM,WE,Combined TRACON& Tower with Radar,31,78,45,0,154,0,3,38,0,41,31,81,83,0,195,46,0,46,241
05/26/2010,BIL,MT,ANM,WE,Combined TRACON& Tower with Radar,26,69,51,0,146,0,9,77,0,86,26,78,128,0,232,66,0,66,298
05/27/2010,BIL,MT,ANM,WE,Combined TRACON& Tower with Radar,31,72,40,0,143,0,2,15,0,17,31,74,55,0,160,14,0,14,174
05/28/2010,BIL,MT,ANM,WE,Combined TRACON& Tower with Radar,29,90,44,0,163,0,0,1,0,1,29,90,45,0,164,2,0,2,166
05/29/2010,BIL,MT,ANM,WE,Combined TRACON& Tower with Radar,21,41,12,0,74,0,1,11,0,12,21,42,23,0,86,44,0,44,130
05/30/2010,BIL,MT,ANM,WE,Combined TRACON& Tower with Radar,25,25,16,0,66,0,0,39,0,39,25,25,55,0,105,16,0,16,121
05/31/2010,BIL,MT,ANM,WE,Combined TRACON& Tower with Radar,19,37,23,0,79,0,1,47,0,48,19,38,70,0,127,40,0,40,167
06/01/2010,BIL,MT,ANM,WE,Combined TRACON& Tower with Radar,27,59,36,0,122,0,3,36,0,39,27,62,72,0,161,12,0,12,173
06/02/2010,BIL,MT,ANM,WE,Combined TRACON& Tower with Radar,26,73,39,0,138,0,4,65,0,69,26,77,104,0,207,72,0,72,279
06/03/2010,BIL,MT,ANM,WE,Combined TRACON& Tower with Radar,30,72,39,2,143,0,4,76,0,80,30,76,115,2,223,46,0,46,269
06/04/2010,BIL,MT,ANM,WE,Combined TRACON& Tower with Radar,26,69,33,2,130,0,5,47,3,55,26,74,80,5,185,68,0,68,253
06/05/2010,BIL,MT,ANM,WE,Combined TRACON& Tower with Radar,19,38,21,0,78,0,3,51,0,54,19,41,72,0,132,34,0,34,166
06/06/2010,BIL,MT,ANM,WE,Combined TRACON& Tower with Radar,22,32,10,0,64,0,0,24,0,24,22,32,34,0,88,40,0,40,128
06/07/2010,BIL,MT,ANM,WE,Combined TRACON& Tower with Radar,23,63,48,0,134,0,5,68,0,73,23,68,116,0,207,80,0,80,287
06/08/2010,BIL,MT,ANM,WE,Combined TRACON& Tower with Radar,34,64,45,2,145,0,8,78,0,86,34,72,123,2,231,86,0,86,317
06/09/2010,BIL,MT,ANM,WE,Combined TRACON& Tower with Radar,28,69,50,0,147,0,5,76,0,81,28,74,126,0,228,108,0,108,336
06/10/2010,BIL,MT,ANM,WE,Combined TRACON& Tower with Radar,36,91,42,0,169,0,3,51,0,54,36,94,93,0,223,76,0,76,299
06/11/2010,BIL,MT,ANM,WE,Combined TRACON& Tower with Radar,33,86,38,0,157,0,0,30,0,30,33,86,68,0,187,53,0,53,240
06/12/2010,BIL,MT,ANM,WE,Combined TRACON& Tower with Radar,26,52,32,0,110,0,0,35,0,35,26,52,67,0,145,102,2,104,249
06/13/2010,BIL,MT,ANM,WE,Combined TRACON& Tower with Radar,31,49,19,0,99,0,0,49,0,49,31,49,68,0,148,58,0,58,206
06/14/2010,BIL,MT,ANM,WE,Combined TRACON& Tower with Radar,30,67,53,0,150,0,5,88,3,96,30,72,141,3,246,110,0,110,356
06/15/2010,BIL,MT,ANM,WE,Combined TRACON& Tower with Radar,34,74,26,2,136,0,6,70,0,76,34,80,96,2,212,64,0,64,276
06/16/2010,BIL,MT,ANM,WE,Combined TRACON& Tower with Radar,33,75,30,8,146,0,3,20,0,23,33,78,50,8,169,22,0,22,191
06/17/2010,BIL,MT,ANM,WE,Combined TRACON& Tower with Radar,36,71,26,0,133,0,4,9,0,13,36,75,35,0,146,0,0,0,146
06/18/2010,BIL,MT,ANM,WE,Combined TRACON& Tower with Radar,36,88,18,0,142,0,12,31,2,45,36,100,49,2,187,32,0,32,219
06/19/2010,BIL,MT,ANM,WE,Combined TRACON& Tower with Radar,28,55,29,0,112,0,3,61,0,64,28,58,90,0,176,8,0,8,184
06/20/2010,BIL,MT,ANM,WE,Combined TRACON& Tower with Radar,30,44,18,0,92,0,2,46,0,48,30,46,64,0,140,10,0,10,150
06/21/2010,BIL,MT,ANM,WE,Combined TRACON& Tower with Radar,28,70,23,0,121,0,9,36,0,45,28,79,59,0,166,48,0,48,214
06/22/2010,BIL,MT,ANM,WE,Combined TRACON& Tower with Radar,36,71,37,0,144,0,5,39,0,44,36,76,76,0,188,104,0,104,292
06/23/2010,BIL,MT,ANM,WE,Combined TRACON& Tower with Radar,32,87,49,0,168,0,12,106,5,123,32,99,155,5,291,60,0,60,351
06/24/2010,BIL,MT,ANM,WE,Combined TRACON& Tower with Radar,36,71,26,0,133,0,5,56,0,61,36,76,82,0,194,70,0,70,264
06/25/2010,BIL,MT,ANM,WE,Combined TRACON& Tower with Radar,32,82,32,1,147,0,2,57,0,59,32,84,89,1,206,6,0,6,212
06/26/2010,BIL,MT,ANM,WE,Combined TRACON& Tower with Radar,25,49,13,0,87,0,1,34,1,36,25,50,47,1,123,26,0,26,149
06/27/2010,BIL,MT,ANM,WE,Combined TRACON& Tower with Radar,33,45,14,1,93,0,1,48,1,50,33,46,62,2,143,16,0,16,159
06/28/2010,BIL,MT,ANM,WE,Combined TRACON& Tower with Radar,28,67,14,0,109,0,8,71,0,79,28,75,85,0,188,24,0,24,212
06/29/2010,BIL,MT,ANM,WE,Combined TRACON& Tower with Radar,38,64,15,0,117,0,7,33,0,40,38,71,48,0,157,32,0,32,189
06/30/2010,BIL,MT,ANM,WE,Combined TRACON& Tower with Radar,32,67,21,4,124,0,8,29,0,37,32,75,50,4,161,48,0,48,209
07/01/2010,BIL,MT,ANM,WE,Combined TRACON& Tower with Radar,61,91,36,0,188,0,11,51,0,62,61,102,87,0,250,42,0,42,292
07/02/2010,BIL,MT,ANM,WE,Combined TRACON& Tower with Radar,79,142,59,3,283,0,21,96,0,117,79,163,155,3,400,10,0,10,410
07/03/2010,BIL,MT,ANM,WE,Combined TRACON& Tower with Radar,54,108,24,0,186,0,4,69,1,74,54,112,93,1,260,58,0,58,318
07/04/2010,BIL,MT,ANM,WE,Combined TRACON& Tower with Radar,62,75,25,3,165,0,2,78,1,81,62,77,103,4,246,86,0,86,332
07/05/2010,BIL,MT,ANM,WE,Combined TRACON& Tower with Radar,55,113,25,0,193,0,17,87,0,104,55,130,112,0,297,18,0,18,315
07/06/2010,BIL,MT,ANM,WE,Combined TRACON& Tower with Radar,67,127,47,0,241,0,21,74,0,95,67,148,121,0,336,62,0,62,398
07/07/2010,BIL,MT,ANM,WE,Combined TRACON& Tower with Radar,47,103,38,0,188,0,8,83,0,91,47,111,121,0,279,96,0,96,375
07/08/2010,BIL,MT,ANM,WE,Combined TRACON& Tower with Radar,37,71,43,0,151,0,7,70,0,77,37,78,113,0,228,56,0,56,284
07/09/2010,BIL,MT,ANM,WE,Combined TRACON& Tower with Radar,30,80,31,0,141,0,3,57,0,60,30,83,88,0,201,20,0,20,221
07/10/2010,BIL,MT,ANM,WE,Combined TRACON& Tower with Radar,30,52,9,2,93,0,1,44,1,46,30,53,53,3,139,24,0,24,163
07/11/2010,BIL,MT,ANM,WE,Combined TRACON& Tower with Radar,32,36,13,2,83,0,1,32,2,35,32,37,45,4,118,12,0,12,130
07/12/2010,BIL,MT,ANM,WE,Combined TRACON& Tower with Radar,31,73,20,0,124,0,9,38,1,48,31,82,58,1,172,44,0,44,216
07/13/2010,BIL,MT,ANM,WE,Combined TRACON& Tower with Radar,39,72,16,2,129,0,8,42,0,50,39,80,58,2,179,50,2,52,231
07/14/2010,BIL,MT,ANM,WE,Combined TRACON& Tower with Radar,31,77,32,0,140,0,13,50,0,63,31,90,82,0,203,90,0,90,293
07/15/2010,BIL,MT,ANM,WE,Combined TRACON& Tower with Radar,37,82,34,2,155,0,12,68,0,80,37,94,102,2,235,52,0,52,287
07/16/2010,BIL,MT,ANM,WE,Combined TRACON& Tower with Radar,32,84,17,0,133,0,7,59,1,67,32,91,76,1,200,16,0,16,216
07/17/2010,BIL,MT,ANM,WE,Combined TRACON& Tower with Radar,29,53,13,3,98,0,6,60,2,68,29,59,73,5,166,38,2,40,206
07/18/2010,BIL,MT,ANM,WE,Combined TRACON& Tower with Radar,34,42,19,0,95,0,2,49,0,51,34,44,68,0,146,10,0,10,156
07/19/2010,BIL,MT,ANM,WE,Combined TRACON& Tower with Radar,27,65,29,3,124,0,4,57,0,61,27,69,86,3,185,30,0,30,215
07/20/2010,BIL,MT,ANM,WE,Combined TRACON& Tower with Radar,36,84,26,0,146,0,8,38,2,48,36,92,64,2,194,18,0,18,212
07/21/2010,BIL,MT,ANM,WE,Combined TRACON& Tower with Radar,32,79,35,0,146,0,6,49,0,55,32,85,84,0,201,18,0,18,219
07/22/2010,BIL,MT,ANM,WE,Combined TRACON& Tower with Radar,35,74,29,1,139,0,6,38,1,45,35,80,67,2,184,27,0,27,211
07/23/2010,BIL,MT,ANM,WE,Combined TRACON& Tower with Radar,33,82,36,1,152,0,7,60,6,73,33,89,96,7,225,54,0,54,279
07/24/2010,BIL,MT,ANM,WE,Combined TRACON& Tower with Radar,28,46,22,0,96,0,3,63,2,68,28,49,85,2,164,42,0,42,206
07/25/2010,BIL,MT,ANM,WE,Combined TRACON& Tower with Radar,31,43,25,0,99,0,0,57,0,57,31,43,82,0,156,32,0,32,188
07/26/2010,BIL,MT,ANM,WE,Combined TRACON& Tower with Radar,27,66,24,1,118,0,6,60,0,66,27,72,84,1,184,29,0,29,213
07/27/2010,BIL,MT,ANM,WE,Combined TRACON& Tower with Radar,34,83,30,0,147,0,9,43,3,55,34,92,73,3,202,34,0,34,236
07/28/2010,BIL,MT,ANM,WE,Combined TRACON& Tower with Radar,30,84,50,0,164,0,5,53,0,58,30,89,103,0,222,40,0,40,262
07/29/2010,BIL,MT,ANM,WE,Combined TRACON& Tower with Radar,34,72,32,0,138,0,10,62,1,73,34,82,94,1,211,44,0,44,255
07/30/2010,BIL,MT,ANM,WE,Combined TRACON& Tower with Radar,32,83,28,0,143,0,10,58,1,69,32,93,86,1,212,24,0,24,236
07/31/2010,BIL,MT,ANM,WE,Combined TRACON& Tower with Radar,27,49,18,0,94,0,2,41,0,43,27,51,59,0,137,38,0,38,175
08/01/2010,BIL,MT,ANM,WE,Combined TRACON& Tower with Radar,31,48,27,0,106,0,2,59,1,62,31,50,86,1,168,30,0,30,198
08/02/2010,BIL,MT,ANM,WE,Combined TRACON& Tower with Radar,26,70,33,0,129,0,7,47,1,55,26,77,80,1,184,40,14,54,238
08/03/2010,BIL,MT,ANM,WE,Combined TRACON& Tower with Radar,37,70,43,0,150,0,8,47,1,56,37,78,90,1,206,46,0,46,252
08/04/2010,BIL,MT,ANM,WE,Combined TRACON& Tower with Radar,31,77,57,0,165,0,10,42,0,52,31,87,99,0,217,10,0,10,227
08/05/2010,BIL,MT,ANM,WE,Combined TRACON& Tower with Radar,34,72,46,0,152,0,6,58,0,64,34,78,104,0,216,26,0,26,242
08/06/2010,BIL,MT,ANM,WE,Combined TRACON& Tower with Radar,36,75,28,2,141,0,7,50,0,57,36,82,78,2,198,38,0,38,236
08/07/2010,BIL,MT,ANM,WE,Combined TRACON& Tower with Radar,26,51,16,1,94,0,1,35,2,38,26,52,51,3,132,18,0,18,150
08/08/2010,BIL,MT,ANM,WE,Combined TRACON& Tower with Radar,33,43,27,0,103,0,1,56,0,57,33,44,83,0,160,34,0,34,194
08/09/2010,BIL,MT,ANM,WE,Combined TRACON& Tower with Radar,26,57,23,0,106,0,5,32,0,37,26,62,55,0,143,50,0,50,193
08/10/2010,BIL,MT,ANM,WE,Combined TRACON& Tower with Radar,33,69,44,1,147,0,11,71,0,82,33,80,115,1,229,54,0,54,283
08/11/2010,BIL,MT,ANM,WE,Combined TRACON& Tower with Radar,33,74,28,1,136,0,14,73,1,88,33,88,101,2,224,80,0,80,304
08/12/2010,BIL,MT,ANM,WE,Combined TRACON& Tower with Radar,35,74,36,0,145,0,11,71,5,87,35,85,107,5,232,64,0,64,296
08/13/2010,BIL,MT,ANM,WE,Combined TRACON& Tower with Radar,35,87,38,0,160,0,4,40,1,45,35,91,78,1,205,44,0,44,249
08/14/2010,BIL,MT,ANM,WE,Combined TRACON& Tower with Radar,26,59,13,0,98,0,1,19,1,21,26,60,32,1,119,6,0,6,125
08/15/2010,BIL,MT,ANM,WE,Combined TRACON& Tower with Radar,32,44,26,0,102,0,1,55,0,56,32,45,81,0,158,140,0,140,298
08/16/2010,BIL,MT,ANM,WE,Combined TRACON& Tower with Radar,30,55,29,0,114,0,9,49,0,58,30,64,78,0,172,92,0,92,264
08/17/2010,BIL,MT,ANM,WE,Combined TRACON& Tower with Radar,30,62,34,3,129,0,6,35,0,41,30,68,69,3,170,86,0,86,256
08/18/2010,BIL,MT,ANM,WE,Combined TRACON& Tower with Radar,28,77,36,1,142,0,8,56,0,64,28,85,92,1,206,58,0,58,264
08/19/2010,BIL,MT,ANM,WE,Combined TRACON& Tower with Radar,34,76,24,2,136,0,7,57,0,64,34,83,81,2,200,34,0,34,234
08/20/2010,BIL,MT,ANM,WE,Combined TRACON& Tower with Radar,28,75,38,5,146,0,5,64,0,69,28,80,102,5,215,20,0,20,235
08/21/2010,BIL,MT,ANM,WE,Combined TRACON& Tower with Radar,24,52,9,1,86,0,3,50,3,56,24,55,59,4,142,8,0,8,150
08/22/2010,BIL,MT,ANM,WE,Combined TRACON& Tower with Radar,26,36,19,4,85,0,2,48,3,53,26,38,67,7,138,32,0,32,170
08/23/2010,BIL,MT,ANM,WE,Combined TRACON& Tower with Radar,21,63,15,0,99,0,5,35,0,40,21,68,50,0,139,20,0,20,159
08/24/2010,BIL,MT,ANM,WE,Combined TRACON& Tower with Radar,29,64,17,0,110,0,10,56,0,66,29,74,73,0,176,48,0,48,224
08/25/2010,BIL,MT,ANM,WE,Combined TRACON& Tower with Radar,26,62,39,0,127,0,7,74,2,83,26,69,113,2,210,34,0,34,244
08/26/2010,BIL,MT,ANM,WE,Combined TRACON& Tower with Radar,30,72,29,0,131,0,15,70,0,85,30,87,99,0,216,48,0,48,264
08/27/2010,BIL,MT,ANM,WE,Combined TRACON& Tower with Radar,25,72,28,6,131,0,7,53,2,62,25,79,81,8,193,80,0,80,273
08/28/2010,BIL,MT,ANM,WE,Combined TRACON& Tower with Radar,23,40,19,0,82,0,2,50,0,52,23,42,69,0,134,69,0,69,203
08/29/2010,BIL,MT,ANM,WE,Combined TRACON& Tower with Radar,26,34,13,0,73,0,0,11,0,11,26,34,24,0,84,34,0,34,118
08/30/2010,BIL,MT,ANM,WE,Combined TRACON& Tower with Radar,21,82,20,0,123,0,4,2,0,6,21,86,22,0,129,0,0,0,129
08/31/2010,BIL,MT,ANM,WE,Combined TRACON& Tower with Radar,30,82,45,0,157,0,12,62,0,74,30,94,107,0,231,108,0,108,339
09/01/2010,BIL,MT,ANM,WE,Combined TRACON& Tower with Radar,26,73,46,0,145,0,4,41,2,47,26,77,87,2,192,110,0,110,302
09/02/2010,BIL,MT,ANM,WE,Combined TRACON& Tower with Radar,30,77,28,2,137,0,8,87,2,97,30,85,115,4,234,124,0,124,358
09/03/2010,BIL,MT,ANM,WE,Combined TRACON& Tower with Radar,26,74,34,0,134,0,5,120,0,125,26,79,154,0,259,54,0,54,313
09/04/2010,BIL,MT,ANM,WE,Combined TRACON& Tower with Radar,20,44,15,0,79,0,1,45,0,46,20,45,60,0,125,40,0,40,165
09/05/2010,BIL,MT,ANM,WE,Combined TRACON& Tower with Radar,23,20,8,0,51,0,0,8,0,8,23,20,16,0,59,0,0,0,59
09/06/2010,BIL,MT,ANM,WE,Combined TRACON& Tower with Radar,18,38,13,0,69,0,1,20,0,21,18,39,33,0,90,42,0,42,132
09/07/2010,BIL,MT,ANM,WE,Combined TRACON& Tower with Radar,20,63,19,2,104,0,3,75,0,78,20,66,94,2,182,120,0,120,302
09/08/2010,BIL,MT,ANM,WE,Combined TRACON& Tower with Radar,27,74,33,0,134,0,7,45,0,52,27,81,78,0,186,64,0,64,250
09/09/2010,BIL,MT,ANM,WE,Combined TRACON& Tower with Radar,28,79,25,0,132,0,0,16,0,16,28,79,41,0,148,38,0,38,186
09/10/2010,BIL,MT,ANM,WE,Combined TRACON& Tower with Radar,26,74,30,0,130,0,1,45,0,46,26,75,75,0,176,36,0,36,212
09/11/2010,BIL,MT,ANM,WE,Combined TRACON& Tower with Radar,18,43,11,0,72,0,7,73,0,80,18,50,84,0,152,114,0,114,266
09/12/2010,BIL,MT,ANM,WE,Combined TRACON& Tower with Radar,25,49,23,0,97,0,5,45,0,50,25,54,68,0,147,9,0,9,156
09/13/2010,BIL,MT,ANM,WE,Combined TRACON& Tower with Radar,21,63,13,0,97,0,7,69,1,77,21,70,82,1,174,56,0,56,230
09/14/2010,BIL,MT,ANM,WE,Combined TRACON& Tower with Radar,28,70,29,0,127,0,10,67,0,77,28,80,96,0,204,86,0,86,290
09/15/2010,BIL,MT,ANM,WE,Combined TRACON& Tower with Radar,26,79,50,0,155,0,7,56,2,65,26,86,106,2,220,84,0,84,304
09/16/2010,BIL,MT,ANM,WE,Combined TRACON& Tower with Radar,28,71,45,0,144,0,7,74,0,81,28,78,119,0,225,89,0,89,314
09/17/2010,BIL,MT,ANM,WE,Combined TRACON& Tower with Radar,31,72,11,2,116,0,0,0,0,0,31,72,11,2,116,0,0,0,116
09/18/2010,BIL,MT,ANM,WE,Combined TRACON& Tower with Radar,22,42,16,0,80,0,0,20,0,20,22,42,36,0,100,92,0,92,192
09/19/2010,BIL,MT,ANM,WE,Combined TRACON& Tower with Radar,22,41,17,0,80,0,0,22,0,22,22,41,39,0,102,6,0,6,108
09/20/2010,BIL,MT,ANM,WE,Combined TRACON& Tower with Radar,26,63,29,0,118,0,7,74,1,82,26,70,103,1,200,52,0,52,252
09/21/2010,BIL,MT,ANM,WE,Combined TRACON& Tower with Radar,26,80,37,1,144,0,8,78,6,92,26,88,115,7,236,106,0,106,342
09/22/2010,BIL,MT,ANM,WE,Combined TRACON& Tower with Radar,27,91,49,3,170,0,1,1,2,4,27,92,50,5,174,4,0,4,178
09/23/2010,BIL,MT,ANM,WE,Combined TRACON& Tower with Radar,29,69,28,2,128,0,5,41,0,46,29,74,69,2,174,68,0,68,242
09/24/2010,BIL,MT,ANM,WE,Combined TRACON& Tower with Radar,26,76,30,0,132,0,5,67,1,73,26,81,97,1,205,85,0,85,290
09/25/2010,BIL,MT,ANM,WE,Combined TRACON& Tower with Radar,18,43,15,0,76,0,5,71,0,76,18,48,86,0,152,100,0,100,252
09/26/2010,BIL,MT,ANM,WE,Combined TRACON& Tower with Radar,23,39,26,0,88,0,0,24,0,24,23,39,50,0,112,12,0,12,124
09/27/2010,BIL,MT,ANM,WE,Combined TRACON& Tower with Radar,21,64,35,0,120,0,9,58,0,67,21,73,93,0,187,57,0,57,244
09/28/2010,BIL,MT,ANM,WE,Combined TRACON& Tower with Radar,26,83,23,0,132,0,10,51,0,61,26,93,74,0,193,56,0,56,249
09/29/2010,BIL,MT,ANM,WE,Combined TRACON& Tower with Radar,25,80,35,0,140,0,16,52,0,68,25,96,87,0,208,60,0,60,268
09/30/2010,BIL,MT,ANM,WE,Combined TRACON& Tower with Radar,29,75,32,0,136,0,9,76,2,87,29,84,108,2,223,120,0,120,343
10/01/2010,BIL,MT,ANM,WE,Combined TRACON& Tower with Radar,23,72,46,8,149,0,11,85,0,96,23,83,131,8,245,74,0,74,319
10/02/2010,BIL,MT,ANM,WE,Combined TRACON& Tower with Radar,25,54,27,0,106,0,3,87,0,90,25,57,114,0,196,180,0,180,376
10/03/2010,BIL,MT,ANM,WE,Combined TRACON& Tower with Radar,26,30,18,0,74,0,1,29,0,30,26,31,47,0,104,19,0,19,123
10/04/2010,BIL,MT,ANM,WE,Combined TRACON& Tower with Radar,20,63,33,0,116,0,5,56,0,61,20,68,89,0,177,76,0,76,253
10/05/2010,BIL,MT,ANM,WE,Combined TRACON& Tower with Radar,24,77,42,0,143,0,4,47,0,51,24,81,89,0,194,42,0,42,236
10/06/2010,BIL,MT,ANM,WE,Combined TRACON& Tower with Radar,28,73,34,0,135,0,3,68,0,71,28,76,102,0,206,38,0,38,244
10/07/2010,BIL,MT,ANM,WE,Combined TRACON& Tower with Radar,28,73,20,0,121,0,5,83,0,88,28,78,103,0,209,150,0,150,359
10/08/2010,BIL,MT,ANM,WE,Combined TRACON& Tower with Radar,24,82,34,0,140,0,6,57,0,63,24,88,91,0,203,86,0,86,289
10/09/2010,BIL,MT,ANM,WE,Combined TRACON& Tower with Radar,25,52,15,0,92,0,1,28,2,31,25,53,43,2,123,56,0,56,179
10/10/2010,BIL,MT,ANM,WE,Combined TRACON& Tower with Radar,31,23,21,0,75,0,3,44,0,47,31,26,65,0,122,60,0,60,182
10/11/2010,BIL,MT,ANM,WE,Combined TRACON& Tower with Radar,20,52,19,0,91,0,8,28,0,36,20,60,47,0,127,48,0,48,175
10/12/2010,BIL,MT,ANM,WE,Combined TRACON& Tower with Radar,25,69,31,0,125,0,14,53,0,67,25,83,84,0,192,50,0,50,242
10/13/2010,BIL,MT,ANM,WE,Combined TRACON& Tower with Radar,30,75,30,0,135,0,10,45,1,56,30,85,75,1,191,62,0,62,253
10/14/2010,BIL,MT,ANM,WE,Combined TRACON& Tower with Radar,28,79,30,0,137,0,9,63,1,73,28,88,93,1,210,30,0,30,240
10/15/2010,BIL,MT,ANM,WE,Combined TRACON& Tower with Radar,24,80,29,0,133,0,8,46,0,54,24,88,75,0,187,22,0,22,209
10/16/2010,BIL,MT,ANM,WE,Combined TRACON& Tower with Radar,25,44,24,0,93,0,1,44,0,45,25,45,68,0,138,72,0,72,210
10/17/2010,BIL,MT,ANM,WE,Combined TRACON& Tower with Radar,28,30,20,0,78,0,0,19,1,20,28,30,39,1,98,6,0,6,104
10/18/2010,BIL,MT,ANM,WE,Combined TRACON& Tower with Radar,21,63,38,4,126,0,4,72,1,77,21,67,110,5,203,78,0,78,281
10/19/2010,BIL,MT,ANM,WE,Combined TRACON& Tower with Radar,24,72,35,0,131,0,6,107,1,114,24,78,142,1,245,145,0,145,390
10/20/2010,BIL,MT,ANM,WE,Combined TRACON& Tower with Radar,28,76,35,0,139,0,4,70,1,75,28,80,105,1,214,70,0,70,284
10/21/2010,BIL,MT,ANM,WE,Combined TRACON& Tower with Radar,26,77,32,0,135,0,10,88,0,98,26,87,120,0,233,84,0,84,317
10/22/2010,BIL,MT,ANM,WE,Combined TRACON& Tower with Radar,26,76,36,0,138,0,5,77,0,82,26,81,113,0,220,98,0,98,318
10/23/2010,BIL,MT,ANM,WE,Combined TRACON& Tower with Radar,23,56,17,0,96,0,1,60,0,61,23,57,77,0,157,116,0,116,273
10/24/2010,BIL,MT,ANM,WE,Combined TRACON& Tower with Radar,27,34,17,0,78,0,4,7,0,11,27,38,24,0,89,0,0,0,89
10/25/2010,BIL,MT,ANM,WE,Combined TRACON& Tower with Radar,22,68,21,0,111,0,1,15,0,16,22,69,36,0,127,14,0,14,141
10/26/2010,BIL,MT,ANM,WE,Combined TRACON& Tower with Radar,25,80,25,0,130,0,3,13,3,19,25,83,38,3,149,18,0,18,167
10/27/2010,BIL,MT,ANM,WE,Combined TRACON& Tower with Radar,30,73,30,5,138,0,4,62,5,71,30,77,92,10,209,100,0,100,309
10/28/2010,BIL,MT,ANM,WE,Combined TRACON& Tower with Radar,30,71,29,0,130,0,7,102,1,110,30,78,131,1,240,134,0,134,374
10/29/2010,BIL,MT,ANM,WE,Combined TRACON& Tower with Radar,24,83,37,0,144,0,5,71,2,78,24,88,108,2,222,116,0,116,338
10/30/2010,BIL,MT,ANM,WE,Combined TRACON& Tower with Radar,21,50,18,0,89,0,0,74,0,74,21,50,92,0,163,189,0,189,352
10/31/2010,BIL,MT,ANM,WE,Combined TRACON& Tower with Radar,25,34,26,0,85,0,3,33,0,36,25,37,59,0,121,26,0,26,147
11/01/2010,BIL,MT,ANM,WE,Combined TRACON& Tower with Radar,24,61,31,0,116,0,5,57,0,62,24,66,88,0,178,54,0,54,232
11/02/2010,BIL,MT,ANM,WE,Combined TRACON& Tower with Radar,26,66,26,1,119,0,11,65,0,76,26,77,91,1,195,94,0,94,289
11/03/2010,BIL,MT,ANM,WE,Combined TRACON& Tower with Radar,30,71,37,1,139,0,13,79,0,92,30,84,116,1,231,114,0,114,345
11/04/2010,BIL,MT,ANM,WE,Combined TRACON& Tower with Radar,28,68,40,0,136,0,9,97,0,106,28,77,137,0,242,174,0,174,416
11/05/2010,BIL,MT,ANM,WE,Combined TRACON& Tower with Radar,24,69,46,0,139,0,11,65,0,76,24,80,111,0,215,82,0,82,297
11/06/2010,BIL,MT,ANM,WE,Combined TRACON& Tower with Radar,23,47,25,0,95,0,1,58,0,59,23,48,83,0,154,92,0,92,246
11/07/2010,BIL,MT,ANM,WE,Combined TRACON& Tower with Radar,26,38,22,0,86,0,7,39,0,46,26,45,61,0,132,62,0,62,194
11/08/2010,BIL,MT,ANM,WE,Combined TRACON& Tower with Radar,23,74,25,0,122,0,13,12,0,25,23,87,37,0,147,32,0,32,179
11/09/2010,BIL,MT,ANM,WE,Combined TRACON& Tower with Radar,24,74,20,0,118,0,7,25,0,32,24,81,45,0,150,82,0,82,232
11/10/2010,BIL,MT,ANM,WE,Combined TRACON& Tower with Radar,27,76,51,0,154,0,13,61,3,77,27,89,112,3,231,84,0,84,315
11/11/2010,BIL,MT,ANM,WE,Combined TRACON& Tower with Radar,29,70,27,0,126,0,5,71,0,76,29,75,98,0,202,64,0,64,266
11/12/2010,BIL,MT,ANM,WE,Combined TRACON& Tower with Radar,23,66,40,0,129,0,4,59,0,63,23,70,99,0,192,104,0,104,296
11/13/2010,BIL,MT,ANM,WE,Combined TRACON& Tower with Radar,22,48,21,0,91,0,1,62,0,63,22,49,83,0,154,134,0,134,288
11/14/2010,BIL,MT,ANM,WE,Combined TRACON& Tower with Radar,26,31,26,2,85,0,0,26,0,26,26,31,52,2,111,12,0,12,123
11/15/2010,BIL,MT,ANM,WE,Combined TRACON& Tower with Radar,20,62,20,0,102,0,3,6,0,9,20,65,26,0,111,34,0,34,145
11/16/2010,BIL,MT,ANM,WE,Combined TRACON& Tower with Radar,23,63,15,0,101,0,1,2,0,3,23,64,17,0,104,16,0,16,120
11/17/2010,BIL,MT,ANM,WE,Combined TRACON& Tower with Radar,33,78,36,1,148,13,3,47,0,63,46,81,83,1,211,54,0,54,265
11/18/2010,BIL,MT,ANM,WE,Combined TRACON& Tower with Radar,26,65,40,0,131,0,5,57,0,62,26,70,97,0,193,16,0,16,209
11/19/2010,BIL,MT,ANM,WE,Combined TRACON& Tower with Radar,28,79,16,0,123,0,1,0,0,1,28,80,16,0,124,0,0,0,124
11/20/2010,BIL,MT,ANM,WE,Combined TRACON& Tower with Radar,23,38,7,0,68,0,0,0,0,0,23,38,7,0,68,0,0,0,68
11/21/2010,BIL,MT,ANM,WE,Combined TRACON& Tower with Radar,24,30,11,1,66,0,0,4,1,5,24,30,15,2,71,0,0,0,71
11/22/2010,BIL,MT,ANM,WE,Combined TRACON& Tower with Radar,19,68,7,0,94,0,2,4,0,6,19,70,11,0,100,0,0,0,100
11/23/2010,BIL,MT,ANM,WE,Combined TRACON& Tower with Radar,26,75,20,0,121,0,0,0,0,0,26,75,20,0,121,0,0,0,121
11/24/2010,BIL,MT,ANM,WE,Combined TRACON& Tower with Radar,31,67,19,4,121,0,1,15,0,16,31,68,34,4,137,8,0,8,145
11/25/2010,BIL,MT,ANM,WE,Combined TRACON& Tower with Radar,14,24,4,0,42,0,1,0,0,1,14,25,4,0,43,0,0,0,43
11/26/2010,BIL,MT,ANM,WE,Combined TRACON& Tower with Radar,25,62,11,0,98,0,8,15,0,23,25,70,26,0,121,0,0,0,121
11/27/2010,BIL,MT,ANM,WE,Combined TRACON& Tower with Radar,21,46,6,0,73,0,0,33,0,33,21,46,39,0,106,76,0,76,182
11/28/2010,BIL,MT,ANM,WE,Combined TRACON& Tower with Radar,25,25,12,0,62,0,0,0,0,0,25,25,12,0,62,0,0,0,62
11/29/2010,BIL,MT,ANM,WE,Combined TRACON& Tower with Radar,21,67,25,3,116,0,11,37,1,49,21,78,62,4,165,44,0,44,209
11/30/2010,BIL,MT,ANM,WE,Combined TRACON& Tower with Radar,24,72,29,0,125,0,7,49,0,56,24,79,78,0,181,64,0,64,245
12/01/2010,BIL,MT,ANM,WE,Combined TRACON& Tower with Radar,32,69,31,0,132,0,4,41,0,45,32,73,72,0,177,38,0,38,215
12/02/2010,BIL,MT,ANM,WE,Combined TRACON& Tower with Radar,26,63,36,6,131,0,4,51,1,56,26,67,87,7,187,110,0,110,297
12/03/2010,BIL,MT,ANM,WE,Combined TRACON& Tower with Radar,24,71,20,0,115,0,1,13,0,14,24,72,33,0,129,32,0,32,161
12/04/2010,BIL,MT,ANM,WE,Combined TRACON& Tower with Radar,23,46,3,0,72,0,0,0,0,0,23,46,3,0,72,0,0,0,72
12/05/2010,BIL,MT,ANM,WE,Combined TRACON& Tower with Radar,22,20,14,0,56,0,0,19,0,19,22,20,33,0,75,28,0,28,103
12/06/2010,BIL,MT,ANM,WE,Combined TRACON& Tower with Radar,26,55,26,4,111,0,6,46,0,52,26,61,72,4,163,58,0,58,221
12/07/2010,BIL,MT,ANM,WE,Combined TRACON& Tower with Radar,26,59,31,0,116,0,6,44,0,50,26,65,75,0,166,94,0,94,260
12/08/2010,BIL,MT,ANM,WE,Combined TRACON& Tower with Radar,30,68,39,1,138,0,8,35,1,44,30,76,74,2,182,32,0,32,214
12/09/2010,BIL,MT,ANM,WE,Combined TRACON& Tower with Radar,32,70,51,0,153,0,6,63,0,69,32,76,114,0,222,66,0,66,288
12/10/2010,BIL,MT,ANM,WE,Combined TRACON& Tower with Radar,30,61,31,0,122,0,1,22,0,23,30,62,53,0,145,40,0,40,185
12/11/2010,BIL,MT,ANM,WE,Combined TRACON& Tower with Radar,17,40,22,0,79,0,1,31,0,32,17,41,53,0,111,64,0,64,175
12/12/2010,BIL,MT,ANM,WE,Combined TRACON& Tower with Radar,26,27,18,0,71,0,0,7,0,7,26,27,25,0,78,0,0,0,78
12/13/2010,BIL,MT,ANM,WE,Combined TRACON& Tower with Radar,23,58,24,0,105,0,4,34,0,38,23,62,58,0,143,54,0,54,197
12/14/2010,BIL,MT,ANM,WE,Combined TRACON& Tower with Radar,28,69,38,0,135,0,4,39,0,43,28,73,77,0,178,52,0,52,230
12/15/2010,BIL,MT,ANM,WE,Combined TRACON& Tower with Radar,31,64,25,2,122,0,7,32,0,39,31,71,57,2,161,20,0,20,181
12/16/2010,BIL,MT,ANM,WE,Combined TRACON& Tower with Radar,34,70,37,0,141,0,4,47,1,52,34,74,84,1,193,76,0,76,269
12/17/2010,BIL,MT,ANM,WE,Combined TRACON& Tower with Radar,32,73,22,0,127,0,0,0,0,0,32,73,22,0,127,0,0,0,127
12/18/2010,BIL,MT,ANM,WE,Combined TRACON& Tower with Radar,22,57,26,0,105,0,0,8,0,8,22,57,34,0,113,4,0,4,117
12/19/2010,BIL,MT,ANM,WE,Combined TRACON& Tower with Radar,25,32,6,0,63,0,0,0,0,0,25,32,6,0,63,0,0,0,63
12/20/2010,BIL,MT,ANM,WE,Combined TRACON& Tower with Radar,22,57,14,0,93,0,4,8,0,12,22,61,22,0,105,6,0,6,111
12/21/2010,BIL,MT,ANM,WE,Combined TRACON& Tower with Radar,35,74,19,0,128,0,9,41,1,51,35,83,60,1,179,48,0,48,227
12/22/2010,BIL,MT,ANM,WE,Combined TRACON& Tower with Radar,34,83,24,0,141,0,5,33,1,39,34,88,57,1,180,32,0,32,212
12/23/2010,BIL,MT,ANM,WE,Combined TRACON& Tower with Radar,41,92,19,0,152,0,6,15,0,21,41,98,34,0,173,6,0,6,179
12/24/2010,BIL,MT,ANM,WE,Combined TRACON& Tower with Radar,28,68,13,0,109,0,4,17,0,21,28,72,30,0,130,12,0,12,142
12/25/2010,BIL,MT,ANM,WE,Combined TRACON& Tower with Radar,21,22,4,0,47,0,0,10,0,10,21,22,14,0,57,0,0,0,57
12/26/2010,BIL,MT,ANM,WE,Combined TRACON& Tower with Radar,25,37,13,0,75,0,0,12,0,12,25,37,25,0,87,0,0,0,87
12/27/2010,BIL,MT,ANM,WE,Combined TRACON& Tower with Radar,22,58,22,0,102,0,4,18,0,22,22,62,40,0,124,0,0,0,124
12/28/2010,BIL,MT,ANM,WE,Combined TRACON& Tower with Radar,28,67,9,0,104,0,5,7,0,12,28,72,16,0,116,8,0,8,124
12/29/2010,BIL,MT,ANM,WE,Combined TRACON& Tower with Radar,24,59,10,0,93,0,0,0,0,0,24,59,10,0,93,0,0,0,93
12/30/2010,BIL,MT,ANM,WE,Combined TRACON& Tower with Radar,31,65,20,0,116,0,0,0,0,0,31,65,20,0,116,0,0,0,116
12/31/2010,BIL,MT,ANM,WE,Combined TRACON& Tower with Radar,24,73,10,0,107,0,1,3,0,4,24,74,13,0,111,3,0,3,114
01/01/2011,BIL,MT,ANM,WE,Combined TRACON& Tower with Radar,19,30,6,0,55,0,0,3,0,3,19,30,9,0,58,0,0,0,58
01/02/2011,BIL,MT,ANM,WE,Combined TRACON& Tower with Radar,23,35,14,0,72,0,1,5,0,6,23,36,19,0,78,18,0,18,96
01/03/2011,BIL,MT,ANM,WE,Combined TRACON& Tower with Radar,21,69,19,0,109,0,5,32,0,37,21,74,51,0,146,22,0,22,168
01/04/2011,BIL,MT,ANM,WE,Combined TRACON& Tower with Radar,25,68,17,2,112,0,4,19,0,23,25,72,36,2,135,36,0,36,171
01/05/2011,BIL,MT,ANM,WE,Combined TRACON& Tower with Radar,25,77,16,0,118,0,4,14,0,18,25,81,30,0,136,6,0,6,142
01/06/2011,BIL,MT,ANM,WE,Combined TRACON& Tower with Radar,26,65,13,0,104,0,4,13,0,17,26,69,26,0,121,2,0,2,123
01/07/2011,BIL,MT,ANM,WE,Combined TRACON& Tower with Radar,22,68,15,2,107,0,2,25,3,30,22,70,40,5,137,48,0,48,185
01/08/2011,BIL,MT,ANM,WE,Combined TRACON& Tower with Radar,21,38,10,0,69,0,0,0,0,0,21,38,10,0,69,0,0,0,69
01/09/2011,BIL,MT,ANM,WE,Combined TRACON& Tower with Radar,20,30,1,0,51,0,0,7,0,7,20,30,8,0,58,0,0,0,58
01/10/2011,BIL,MT,ANM,WE,Combined TRACON& Tower with Radar,19,61,21,0,101,0,4,14,0,18,19,65,35,0,119,18,0,18,137
01/11/2011,BIL,MT,ANM,WE,Combined TRACON& Tower with Radar,23,66,34,0,123,0,8,41,0,49,23,74,75,0,172,70,0,70,242
01/12/2011,BIL,MT,ANM,WE,Combined TRACON& Tower with Radar,27,66,30,0,123,0,5,34,2,41,27,71,64,2,164,58,0,58,222
01/13/2011,BIL,MT,ANM,WE,Combined TRACON& Tower with Radar,27,65,35,0,127,0,5,23,1,29,27,70,58,1,156,22,0,22,178
01/14/2011,BIL,MT,ANM,WE,Combined TRACON& Tower with Radar,25,66,20,1,112,0,4,27,0,31,25,70,47,1,143,29,0,29,172
01/15/2011,BIL,MT,ANM,WE,Combined TRACON& Tower with Radar,18,42,6,1,67,0,0,21,0,21,18,42,27,1,88,44,0,44,132
01/16/2011,BIL,MT,ANM,WE,Combined TRACON& Tower with Radar,19,32,5,0,56,0,1,11,0,12,19,33,16,0,68,24,0,24,92
01/17/2011,BIL,MT,ANM,WE,Combined TRACON& Tower with Radar,17,64,14,0,95,0,2,2,0,4,17,66,16,0,99,10,0,10,109
01/18/2011,BIL,MT,ANM,WE,Combined TRACON& Tower with Radar,22,63,19,0,104,0,6,33,0,39,22,69,52,0,143,84,0,84,227
01/19/2011,BIL,MT,ANM,WE,Combined TRACON& Tower with Radar,26,68,28,0,122,0,5,35,0,40,26,73,63,0,162,48,0,48,210
01/20/2011,BIL,MT,ANM,WE,Combined TRACON& Tower with Radar,26,72,27,0,125,0,4,37,0,41,26,76,64,0,166,28,0,28,194
01/21/2011,BIL,MT,ANM,WE,Combined TRACON& Tower with Radar,24,77,24,0,125,0,5,36,1,42,24,82,60,1,167,116,0,116,283
01/22/2011,BIL,MT,ANM,WE,Combined TRACON& Tower with Radar,20,47,4,0,71,0,1,5,0,6,20,48,9,0,77,0,0,0,77
01/23/2011,BIL,MT,ANM,WE,Combined TRACON& Tower with Radar,21,26,8,0,55,0,0,20,0,20,21,26,28,0,75,20,0,20,95
01/24/2011,BIL,MT,ANM,WE,Combined TRACON& Tower with Radar,18,58,27,0,103,0,4,63,2,69,18,62,90,2,172,72,0,72,244
01/25/2011,BIL,MT,ANM,WE,Combined TRACON& Tower with Radar,24,67,30,0,121,0,8,60,0,68,24,75,90,0,189,94,0,94,283
01/26/2011,BIL,MT,ANM,WE,Combined TRACON& Tower with Radar,25,64,42,2,133,0,4,65,0,69,25,68,107,2,202,54,0,54,256
01/27/2011,BIL,MT,ANM,WE,Combined TRACON& Tower with Radar,26,65,44,2,137,0,8,71,0,79,26,73,115,2,216,50,0,50,266
01/28/2011,BIL,MT,ANM,WE,Combined TRACON& Tower with Radar,21,62,43,0,126,0,2,116,0,118,21,64,159,0,244,112,0,112,356
01/29/2011,BIL,MT,ANM,WE,Combined TRACON& Tower with Radar,21,41,16,0,78,0,0,37,0,37,21,41,53,0,115,24,0,24,139
01/30/2011,BIL,MT,ANM,WE,Combined TRACON& Tower with Radar,18,36,5,0,59,0,0,0,0,0,18,36,5,0,59,0,0,0,59
01/31/2011,BIL,MT,ANM,WE,Combined TRACON& Tower with Radar,18,55,6,0,79,0,5,9,0,14,18,60,15,0,93,6,0,6,99
02/01/2011,BIL,MT,ANM,WE,Combined TRACON& Tower with Radar,23,53,24,2,102,0,4,28,1,33,23,57,52,3,135,26,0,26,161
02/02/2011,BIL,MT,ANM,WE,Combined TRACON& Tower with Radar,25,59,45,0,129,0,4,30,0,34,25,63,75,0,163,6,0,6,169
02/03/2011,BIL,MT,ANM,WE,Combined TRACON& Tower with Radar,28,71,29,0,128,0,5,33,0,38,28,76,62,0,166,4,0,4,170
02/04/2011,BIL,MT,ANM,WE,Combined TRACON& Tower with Radar,21,66,26,0,113,0,4,58,1,63,21,70,84,1,176,52,0,52,228
02/05/2011,BIL,MT,ANM,WE,Combined TRACON& Tower with Radar,20,45,8,0,73,0,1,10,0,11,20,46,18,0,84,16,0,16,100
02/06/2011,BIL,MT,ANM,WE,Combined TRACON& Tower with Radar,20,31,9,0,60,0,0,0,0,0,20,31,9,0,60,0,0,0,60
02/07/2011,BIL,MT,ANM,WE,Combined TRACON& Tower with Radar,18,45,12,0,75,0,0,0,0,0,18,45,12,0,75,0,0,0,75
02/08/2011,BIL,MT,ANM,WE,Combined TRACON& Tower with Radar,24,73,16,0,113,0,7,48,2,57,24,80,64,2,170,64,0,64,234
02/09/2011,BIL,MT,ANM,WE,Combined TRACON& Tower with Radar,26,63,32,1,122,0,6,33,1,40,26,69,65,2,162,40,0,40,202
02/10/2011,BIL,MT,ANM,WE,Combined TRACON& Tower with Radar,28,72,34,0,134,0,9,49,1,59,28,81,83,1,193,44,0,44,237
02/11/2011,BIL,MT,ANM,WE,Combined TRACON& Tower with Radar,26,70,24,0,120,0,6,47,1,54,26,76,71,1,174,114,0,114,288
02/12/2011,BIL,MT,ANM,WE,Combined TRACON& Tower with Radar,21,45,28,2,96,0,2,51,0,53,21,47,79,2,149,8,0,8,157
02/13/2011,BIL,MT,ANM,WE,Combined TRACON& Tower with Radar,20,35,19,0,74,0,0,23,0,23,20,35,42,0,97,36,0,36,133
02/14/2011,BIL,MT,ANM,WE,Combined TRACON& Tower with Radar,21,60,40,22,143,0,5,58,0,63,21,65,98,22,206,94,8,102,308
02/15/2011,BIL,MT,ANM,WE,Combined TRACON& Tower with Radar,25,68,27,0,120,0,9,39,2,50,25,77,66,2,170,60,0,60,230
02/16/2011,BIL,MT,ANM,WE,Combined TRACON& Tower with Radar,27,66,32,1,126,0,6,52,1,59,27,72,84,2,185,98,0,98,283
02/17/2011,BIL,MT,ANM,WE,Combined TRACON& Tower with Radar,29,67,26,0,122,0,4,33,0,37,29,71,59,0,159,154,0,154,313
02/18/2011,BIL,MT,ANM,WE,Combined TRACON& Tower with Radar,24,81,26,1,132,0,0,9,1,10,24,81,35,2,142,22,0,22,164
02/19/2011,BIL,MT,ANM,WE,Combined TRACON& Tower with Radar,15,51,10,0,76,0,0,2,0,2,15,51,12,0,78,16,0,16,94
02/20/2011,BIL,MT,ANM,WE,Combined TRACON& Tower with Radar,21,26,13,0,60,0,0,0,0,0,21,26,13,0,60,0,0,0,60
02/21/2011,BIL,MT,ANM,WE,Combined TRACON& Tower with Radar,20,48,28,0,96,0,7,42,0,49,20,55,70,0,145,52,0,52,197
02/22/2011,BIL,MT,ANM,WE,Combined TRACON& Tower with Radar,26,69,29,0,124,0,6,55,0,61,26,75,84,0,185,108,0,108,293
02/23/2011,BIL,MT,ANM,WE,Combined TRACON& Tower with Radar,24,74,23,0,121,0,0,0,0,0,24,74,23,0,121,0,0,0,121
02/24/2011,BIL,MT,ANM,WE,Combined TRACON& Tower with Radar,40,77,20,0,137,0,2,1,0,3,40,79,21,0,140,0,0,0,140
02/25/2011,BIL,MT,ANM,WE,Combined TRACON& Tower with Radar,23,69,12,0,104,0,2,19,0,21,23,71,31,0,125,16,0,16,141
02/26/2011,BIL,MT,ANM,WE,Combined TRACON& Tower with Radar,21,52,11,0,84,0,5,14,0,19,21,57,25,0,103,20,0,20,123
02/27/2011,BIL,MT,ANM,WE,Combined TRACON& Tower with Radar,23,26,10,3,62,0,1,17,0,18,23,27,27,3,80,22,0,22,102
02/28/2011,BIL,MT,ANM,WE,Combined TRACON& Tower with Radar,20,64,37,0,121,0,9,49,2,60,20,73,86,2,181,88,0,88,269
03/01/2011,BIL,MT,ANM,WE,Combined TRACON& Tower with Radar,26,66,21,2,115,0,2,24,2,28,26,68,45,4,143,74,0,74,217
03/02/2011,BIL,MT,ANM,WE,Combined TRACON& Tower with Radar,27,69,25,0,121,0,6,32,0,38,27,75,57,0,159,100,0,100,259
03/03/2011,BIL,MT,ANM,WE,Combined TRACON& Tower with Radar,30,82,26,0,138,0,4,18,0,22,30,86,44,0,160,20,0,20,180
03/04/2011,BIL,MT,ANM,WE,Combined TRACON& Tower with Radar,21,71,13,0,105,0,2,24,0,26,21,73,37,0,131,60,0,60,191
03/05/2011,BIL,MT,ANM,WE,Combined TRACON& Tower with Radar,21,41,12,0,74,0,0,9,0,9,21,41,21,0,83,0,0,0,83
03/06/2011,BIL,MT,ANM,WE,Combined TRACON& Tower with Radar,18,30,10,0,58,0,0,2,0,2,18,30,12,0,60,0,0,0,60
03/07/2011,BIL,MT,ANM,WE,Combined TRACON& Tower with Radar,18,66,35,2,121,0,4,22,0,26,18,70,57,2,147,98,0,98,245
03/08/2011,BIL,MT,ANM,WE,Combined TRACON& Tower with Radar,30,85,31,2,148,0,6,74,0,80,30,91,105,2,228,104,0,104,332
03/09/2011,BIL,MT,ANM,WE,Combined TRACON& Tower with Radar,24,79,41,0,144,0,6,147,0,153,24,85,188,0,297,86,0,86,383
03/10/2011,BIL,MT,ANM,WE,Combined TRACON& Tower with Radar,27,78,24,0,129,0,6,64,2,72,27,84,88,2,201,70,0,70,271
03/11/2011,BIL,MT,ANM,WE,Combined TRACON& Tower with Radar,21,74,19,2,116,0,3,36,0,39,21,77,55,2,155,134,0,134,289
03/12/2011,BIL,MT,ANM,WE,Combined TRACON& Tower with Radar,20,45,18,0,83,0,1,87,0,88,20,46,105,0,171,122,0,122,293
03/13/2011,BIL,MT,ANM,WE,Combined TRACON& Tower with Radar,21,39,14,0,74,0,2,49,0,51,21,41,63,0,125,70,0,70,195
03/14/2011,BIL,MT,ANM,WE,Combined TRACON& Tower with Radar,17,70,46,3,136,0,9,51,0,60,17,79,97,3,196,116,0,116,312
03/15/2011,BIL,MT,ANM,WE,Combined TRACON& Tower with Radar,28,80,42,0,150,0,9,73,0,82,28,89,115,0,232,132,0,132,364
03/16/2011,BIL,MT,ANM,WE,Combined TRACON& Tower with Radar,24,72,52,6,154,0,4,47,0,51,24,76,99,6,205,144,24,168,373
03/17/2011,BIL,MT,ANM,WE,Combined TRACON& Tower with Radar,30,75,14,0,119,0,11,38,2,51,30,86,52,2,170,73,28,101,271
03/18/2011,BIL,MT,ANM,WE,Combined TRACON& Tower with Radar,24,84,67,0,175,0,6,107,0,113,24,90,174,0,288,130,0,130,418
03/19/2011,BIL,MT,ANM,WE,Combined TRACON& Tower with Radar,19,57,11,0,87,0,1,50,0,51,19,58,61,0,138,60,22,82,220
03/20/2011,BIL,MT,ANM,WE,Combined TRACON& Tower with Radar,25,36,23,6,90,0,0,41,0,41,25,36,64,6,131,72,0,72,203
03/21/2011,BIL,MT,ANM,WE,Combined TRACON& Tower with Radar,20,68,50,0,138,0,5,67,1,73,20,73,117,1,211,162,0,162,373
03/22/2011,BIL,MT,ANM,WE,Combined TRACON& Tower with Radar,27,76,18,0,121,0,0,0,0,0,27,76,18,0,121,0,0,0,121
03/23/2011,BIL,MT,ANM,WE,Combined TRACON& Tower with Radar,26,78,43,7,154,0,2,26,1,29,26,80,69,8,183,24,0,24,207
03/24/2011,BIL,MT,ANM,WE,Combined TRACON& Tower with Radar,32,83,51,1,167,0,3,24,0,27,32,86,75,1,194,66,0,66,260
03/25/2011,BIL,MT,ANM,WE,Combined TRACON& Tower with Radar,22,88,14,0,124,0,0,0,1,1,22,88,14,1,125,0,0,0,125
03/26/2011,BIL,MT,ANM,WE,Combined TRACON& Tower with Radar,18,56,28,0,102,0,0,19,1,20,18,56,47,1,122,14,0,14,136
03/27/2011,BIL,MT,ANM,WE,Combined TRACON& Tower with Radar,19,30,9,2,60,0,0,0,0,0,19,30,9,2,60,0,0,0,60
03/28/2011,BIL,MT,ANM,WE,Combined TRACON& Tower with Radar,17,77,19,0,113,0,1,4,0,5,17,78,23,0,118,24,0,24,142
03/29/2011,BIL,MT,ANM,WE,Combined TRACON& Tower with Radar,26,81,56,4,167,0,10,103,0,113,26,91,159,4,280,174,0,174,454
03/30/2011,BIL,MT,ANM,WE,Combined TRACON& Tower with Radar,24,83,49,0,156,0,8,97,0,105,24,91,146,0,261,146,0,146,407
03/31/2011,BIL,MT,ANM,WE,Combined TRACON& Tower with Radar,28,83,33,0,144,0,5,50,0,55,28,88,83,0,199,118,0,118,317
04/01/2011,BIL,MT,ANM,WE,Combined TRACON& Tower with Radar,20,80,45,0,145,0,3,79,3,85,20,83,124,3,230,146,0,146,376
04/02/2011,BIL,MT,ANM,WE,Combined TRACON& Tower with Radar,16,49,15,0,80,0,1,25,0,26,16,50,40,0,106,56,0,56,162
04/03/2011,BIL,MT,ANM,WE,Combined TRACON& Tower with Radar,22,37,7,0,66,0,0,7,0,7,22,37,14,0,73,6,0,6,79
04/04/2011,BIL,MT,ANM,WE,Combined TRACON& Tower with Radar,17,73,50,0,140,0,6,69,1,76,17,79,119,1,216,86,0,86,302
04/05/2011,BIL,MT,ANM,WE,Combined TRACON& Tower with Radar,28,80,28,0,136,3,6,23,0,32,31,86,51,0,168,66,0,66,234
04/06/2011,BIL,MT,ANM,WE,Combined TRACON& Tower with Radar,25,77,74,0,176,0,12,92,1,105,25,89,166,1,281,112,0,112,393
04/07/2011,BIL,MT,ANM,WE,Combined TRACON& Tower with Radar,26,79,39,2,146,0,4,6,0,10,26,83,45,2,156,22,0,22,178
04/08/2011,BIL,MT,ANM,WE,Combined TRACON& Tower with Radar,18,78,13,2,111,0,0,2,0,2,18,78,15,2,113,4,0,4,117
04/09/2011,BIL,MT,ANM,WE,Combined TRACON& Tower with Radar,19,46,6,2,73,0,0,15,0,15,19,46,21,2,88,84,0,84,172
04/10/2011,BIL,MT,ANM,WE,Combined TRACON& Tower with Radar,19,41,16,5,81,0,1,24,0,25,19,42,40,5,106,8,0,8,114
04/11/2011,BIL,MT,ANM,WE,Combined TRACON& Tower with Radar,18,63,43,0,124,0,9,95,0,104,18,72,138,0,228,90,0,90,318
04/12/2011,BIL,MT,ANM,WE,Combined TRACON& Tower with Radar,24,70,35,0,129,0,3,131,0,134,24,73,166,0,263,182,0,182,445
04/13/2011,BIL,MT,ANM,WE,Combined TRACON& Tower with Radar,23,73,42,3,141,0,5,95,1,101,23,78,137,4,242,118,0,118,360
04/14/2011,BIL,MT,ANM,WE,Combined TRACON& Tower with Radar,27,84,17,0,128,0,4,12,0,16,27,88,29,0,144,56,0,56,200
04/15/2011,BIL,MT,ANM,WE,Combined TRACON& Tower with Radar,22,77,34,0,133,0,5,83,1,89,22,82,117,1,222,106,0,106,328
04/16/2011,BIL,MT,ANM,WE,Combined TRACON& Tower with Radar,19,51,31,2,103,0,1,61,0,62,19,52,92,2,165,204,0,204,369
04/17/2011,BIL,MT,ANM,WE,Combined TRACON& Tower with Radar,21,37,13,0,71,0,0,33,0,33,21,37,46,0,104,100,0,100,204
04/18/2011,BIL,MT,ANM,WE,Combined TRACON& Tower with Radar,21,65,28,0,114,0,0,12,0,12,21,65,40,0,126,36,0,36,162
04/19/2011,BIL,MT,ANM,WE,Combined TRACON& Tower with Radar,25,72,25,0,122,0,1,19,2,22,25,73,44,2,144,40,0,40,184
04/20/2011,BIL,MT,ANM,WE,Combined TRACON& Tower with Radar,24,75,47,0,146,0,10,158,0,168,24,85,205,0,314,100,0,100,414
04/21/2011,BIL,MT,ANM,WE,Combined TRACON& Tower with Radar,34,82,33,2,151,3,7,58,2,70,37,89,91,4,221,50,0,50,271
04/22/2011,BIL,MT,ANM,WE,Combined TRACON& Tower with Radar,25,87,19,0,131,0,0,0,0,0,25,87,19,0,131,0,0,0,131
04/23/2011,BIL,MT,ANM,WE,Combined TRACON& Tower with Radar,21,50,16,0,87,0,3,69,0,72,21,53,85,0,159,70,0,70,229
04/24/2011,BIL,MT,ANM,WE,Combined TRACON& Tower with Radar,20,34,16,0,70,0,1,46,0,47,20,35,62,0,117,56,0,56,173
04/25/2011,BIL,MT,ANM,WE,Combined TRACON& Tower with Radar,23,72,25,2,122,0,10,40,0,50,23,82,65,2,172,90,0,90,262
04/26/2011,BIL,MT,ANM,WE,Combined TRACON& Tower with Radar,23,76,30,0,129,0,8,7,0,15,23,84,37,0,144,16,0,16,160
04/27/2011,BIL,MT,ANM,WE,Combined TRACON& Tower with Radar,27,83,43,0,153,0,12,53,4,69,27,95,96,4,222,78,0,78,300
04/28/2011,BIL,MT,ANM,WE,Combined TRACON& Tower with Radar,27,77,28,0,132,0,9,52,0,61,27,86,80,0,193,38,0,38,231
04/29/2011,BIL,MT,ANM,WE,Combined TRACON& Tower with Radar,23,77,36,0,136,0,4,34,0,38,23,81,70,0,174,42,0,42,216
04/30/2011,BIL,MT,ANM,WE,Combined TRACON& Tower with Radar,21,41,11,0,73,0,0,14,0,14,21,41,25,0,87,12,0,12,99
05/01/2011,BIL,MT,ANM,WE,Combined TRACON& Tower with Radar,21,37,14,0,72,0,2,11,0,13,21,39,25,0,85,0,0,0,85
05/02/2011,BIL,MT,ANM,WE,Combined TRACON& Tower with Radar,20,69,31,0,120,0,4,78,0,82,20,73,109,0,202,90,0,90,292
05/03/2011,BIL,MT,ANM,WE,Combined TRACON& Tower with Radar,24,72,23,0,119,0,7,42,0,49,24,79,65,0,168,90,0,90,258
05/04/2011,BIL,MT,ANM,WE,Combined TRACON& Tower with Radar,24,75,41,0,140,0,6,54,0,60,24,81,95,0,200,68,0,68,268
05/05/2011,BIL,MT,ANM,WE,Combined TRACON& Tower with Radar,30,75,37,0,142,0,7,84,1,92,30,82,121,1,234,102,0,102,336
05/06/2011,BIL,MT,ANM,WE,Combined TRACON& Tower with Radar,22,79,25,1,127,0,3,57,0,60,22,82,82,1,187,32,0,32,219
05/07/2011,BIL,MT,ANM,WE,Combined TRACON& Tower with Radar,17,54,11,0,82,0,2,34,0,36,17,56,45,0,118,56,0,56,174
05/08/2011,BIL,MT,ANM,WE,Combined TRACON& Tower with Radar,19,44,12,1,76,0,0,9,0,9,19,44,21,1,85,10,0,10,95
05/09/2011,BIL,MT,ANM,WE,Combined TRACON& Tower with Radar,20,63,15,0,98,0,1,0,0,1,20,64,15,0,99,0,0,0,99
05/10/2011,BIL,MT,ANM,WE,Combined TRACON& Tower with Radar,26,71,23,6,126,0,2,5,0,7,26,73,28,6,133,2,10,12,145
05/11/2011,BIL,MT,ANM,WE,Combined TRACON& Tower with Radar,22,81,60,3,166,0,3,76,4,83,22,84,136,7,249,74,18,92,341
05/12/2011,BIL,MT,ANM,WE,Combined TRACON& Tower with Radar,32,77,35,4,148,0,8,72,4,84,32,85,107,8,232,118,0,118,350
05/13/2011,BIL,MT,ANM,WE,Combined TRACON& Tower with Radar,22,77,25,3,127,0,7,89,0,96,22,84,114,3,223,132,2,134,357
05/14/2011,BIL,MT,ANM,WE,Combined TRACON& Tower with Radar,19,44,27,1,91,0,5,54,0,59,19,49,81,1,150,84,0,84,234
05/15/2011,BIL,MT,ANM,WE,Combined TRACON& Tower with Radar,26,46,16,0,88,0,5,22,0,27,26,51,38,0,115,36,0,36,151
05/16/2011,BIL,MT,ANM,WE,Combined TRACON& Tower with Radar,19,81,32,0,132,0,15,48,0,63,19,96,80,0,195,76,0,76,271
05/17/2011,BIL,MT,ANM,WE,Combined TRACON& Tower with Radar,28,82,47,0,157,0,3,60,0,63,28,85,107,0,220,86,0,86,306
05/18/2011,BIL,MT,ANM,WE,Combined TRACON& Tower with Radar,24,88,53,0,165,0,8,67,0,75,24,96,120,0,240,90,0,90,330
05/19/2011,BIL,MT,ANM,WE,Combined TRACON& Tower with Radar,26,104,58,0,188,0,3,19,1,23,26,107,77,1,211,52,0,52,263
05/20/2011,BIL,MT,ANM,WE,Combined TRACON& Tower with Radar,24,108,38,0,170,0,2,0,1,3,24,110,38,1,173,6,0,6,179
05/21/2011,BIL,MT,ANM,WE,Combined TRACON& Tower with Radar,17,55,15,0,87,0,3,7,1,11,17,58,22,1,98,18,0,18,116
05/22/2011,BIL,MT,ANM,WE,Combined TRACON& Tower with Radar,19,45,19,0,83,0,16,39,1,56,19,61,58,1,139,10,0,10,149
05/23/2011,BIL,MT,ANM,WE,Combined TRACON& Tower with Radar,22,73,25,0,120,0,12,52,0,64,22,85,77,0,184,34,0,34,218
05/24/2011,BIL,MT,ANM,WE,Combined TRACON& Tower with Radar,24,87,28,0,139,0,0,2,0,2,24,87,30,0,141,0,0,0,141
05/25/2011,BIL,MT,ANM,WE,Combined TRACON& Tower with Radar,23,98,41,0,162,0,2,12,0,14,23,100,53,0,176,10,0,10,186
05/26/2011,BIL,MT,ANM,WE,Combined TRACON& Tower with Radar,27,80,48,0,155,0,8,68,0,76,27,88,116,0,231,108,0,108,339
05/27/2011,BIL,MT,ANM,WE,Combined TRACON& Tower with Radar,26,76,22,0,124,0,7,35,0,42,26,83,57,0,166,22,0,22,188
05/28/2011,BIL,MT,ANM,WE,Combined TRACON& Tower with Radar,19,47,18,0,84,0,4,66,0,70,19,51,84,0,154,62,0,62,216
05/29/2011,BIL,MT,ANM,WE,Combined TRACON& Tower with Radar,20,39,10,0,69,0,0,3,0,3,20,39,13,0,72,0,0,0,72
05/30/2011,BIL,MT,ANM,WE,Combined TRACON& Tower with Radar,21,41,9,0,71,0,0,2,0,2,21,41,11,0,73,0,0,0,73
05/31/2011,BIL,MT,ANM,WE,Combined TRACON& Tower with Radar,23,77,28,0,128,0,6,63,1,70,23,83,91,1,198,62,0,62,260
06/01/2011,BIL,MT,ANM,WE,Combined TRACON& Tower with Radar,27,82,30,0,139,0,7,72,2,81,27,89,102,2,220,54,0,54,274
06/02/2011,BIL,MT,ANM,WE,Combined TRACON& Tower with Radar,26,85,30,0,141,0,7,30,1,38,26,92,60,1,179,31,0,31,210
06/03/2011,BIL,MT,ANM,WE,Combined TRACON& Tower with Radar,23,80,23,0,126,0,4,36,0,40,23,84,59,0,166,20,0,20,186
06/04/2011,BIL,MT,ANM,WE,Combined TRACON& Tower with Radar,20,46,20,2,88,0,1,72,0,73,20,47,92,2,161,42,0,42,203
06/05/2011,BIL,MT,ANM,WE,Combined TRACON& Tower with Radar,22,38,17,0,77,0,1,67,0,68,22,39,84,0,145,28,0,28,173
06/06/2011,BIL,MT,ANM,WE,Combined TRACON& Tower with Radar,23,74,28,0,125,0,6,65,0,71,23,80,93,0,196,62,0,62,258
06/07/2011,BIL,MT,ANM,WE,Combined TRACON& Tower with Radar,28,79,31,0,138,0,2,8,0,10,28,81,39,0,148,16,0,16,164
06/08/2011,BIL,MT,ANM,WE,Combined TRACON& Tower with Radar,31,84,29,0,144,0,1,26,0,27,31,85,55,0,171,57,0,57,228
06/09/2011,BIL,MT,ANM,WE,Combined TRACON& Tower with Radar,34,84,28,1,147,0,0,11,0,11,34,84,39,1,158,18,0,18,176
06/10/2011,BIL,MT,ANM,WE,Combined TRACON& Tower with Radar,34,83,41,1,159,0,1,64,0,65,34,84,105,1,224,54,0,54,278
06/11/2011,BIL,MT,ANM,WE,Combined TRACON& Tower with Radar,30,51,15,0,96,0,0,42,0,42,30,51,57,0,138,38,0,38,176
06/12/2011,BIL,MT,ANM,WE,Combined TRACON& Tower with Radar,28,38,17,1,84,0,0,28,0,28,28,38,45,1,112,52,0,52,164
06/13/2011,BIL,MT,ANM,WE,Combined TRACON& Tower with Radar,30,62,25,2,119,0,8,69,1,78,30,70,94,3,197,42,0,42,239
06/14/2011,BIL,MT,ANM,WE,Combined TRACON& Tower with Radar,35,82,35,0,152,0,11,49,1,61,35,93,84,1,213,26,0,26,239
06/15/2011,BIL,MT,ANM,WE,Combined TRACON& Tower with Radar,32,74,60,0,166,0,5,103,2,110,32,79,163,2,276,72,0,72,348
06/16/2011,BIL,MT,ANM,WE,Combined TRACON& Tower with Radar,34,78,51,1,164,0,3,81,1,85,34,81,132,2,249,94,0,94,343
06/17/2011,BIL,MT,ANM,WE,Combined TRACON& Tower with Radar,32,85,46,1,164,0,9,48,2,59,32,94,94,3,223,44,0,44,267
06/18/2011,BIL,MT,ANM,WE,Combined TRACON& Tower with Radar,33,50,24,0,107,0,1,58,0,59,33,51,82,0,166,58,0,58,224
06/19/2011,BIL,MT,ANM,WE,Combined TRACON& Tower with Radar,24,40,16,0,80,0,2,16,0,18,24,42,32,0,98,56,0,56,154
06/20/2011,BIL,MT,ANM,WE,Combined TRACON& Tower with Radar,27,77,53,0,157,0,8,88,0,96,27,85,141,0,253,86,0,86,339
06/21/2011,BIL,MT,ANM,WE,Combined TRACON& Tower with Radar,36,82,29,1,148,0,10,64,2,76,36,92,93,3,224,58,2,60,284
06/22/2011,BIL,MT,ANM,WE,Combined TRACON& Tower with Radar,32,80,39,0,151,0,7,87,0,94,32,87,126,0,245,172,0,172,417
06/23/2011,BIL,MT,ANM,WE,Combined TRACON& Tower with Radar,35,82,33,0,150,0,9,44,0,53,35,91,77,0,203,38,0,38,241
06/24/2011,BIL,MT,ANM,WE,Combined TRACON& Tower with Radar,32,91,40,0,163,0,9,71,2,82,32,100,111,2,245,24,0,24,269
06/25/2011,BIL,MT,ANM,WE,Combined TRACON& Tower with Radar,33,65,35,0,133,0,2,75,0,77,33,67,110,0,210,40,0,40,250
06/26/2011,BIL,MT,ANM,WE,Combined TRACON& Tower with Radar,27,47,18,0,92,0,1,17,0,18,27,48,35,0,110,22,0,22,132
06/27/2011,BIL,MT,ANM,WE,Combined TRACON& Tower with Radar,30,74,36,0,140,0,3,74,0,77,30,77,110,0,217,118,14,132,349
06/28/2011,BIL,MT,ANM,WE,Combined TRACON& Tower with Radar,33,92,40,0,165,0,8,73,0,81,33,100,113,0,246,28,0,28,274
06/29/2011,BIL,MT,ANM,WE,Combined TRACON& Tower with Radar,35,76,29,0,140,0,11,43,0,54,35,87,72,0,194,26,2,28,222
06/30/2011,BIL,MT,ANM,WE,Combined TRACON& Tower with Radar,35,73,37,0,145,0,7,50,0,57,35,80,87,0,202,60,0,60,262
07/01/2011,BIL,MT,ANM,WE,Combined TRACON& Tower with Radar,32,78,23,0,133,0,4,61,0,65,32,82,84,0,198,48,0,48,246
07/02/2011,BIL,MT,ANM,WE,Combined TRACON& Tower with Radar,32,47,14,2,95,0,2,66,0,68,32,49,80,2,163,22,0,22,185
07/03/2011,BIL,MT,ANM,WE,Combined TRACON& Tower with Radar,30,28,6,1,65,0,2,35,1,38,30,30,41,2,103,10,0,10,113
07/04/2011,BIL,MT,ANM,WE,Combined TRACON& Tower with Radar,24,46,11,2,83,0,1,52,0,53,24,47,63,2,136,28,0,28,164
07/05/2011,BIL,MT,ANM,WE,Combined TRACON& Tower with Radar,30,77,15,0,122,0,8,54,3,65,30,85,69,3,187,44,2,46,233
07/06/2011,BIL,MT,ANM,WE,Combined TRACON& Tower with Radar,36,73,40,0,149,0,6,64,0,70,36,79,104,0,219,24,0,24,243
07/07/2011,BIL,MT,ANM,WE,Combined TRACON& Tower with Radar,38,77,33,0,148,0,6,48,0,54,38,83,81,0,202,27,0,27,229
07/08/2011,BIL,MT,ANM,WE,Combined TRACON& Tower with Radar,35,84,34,0,153,0,7,61,0,68,35,91,95,0,221,40,0,40,261
07/09/2011,BIL,MT,ANM,WE,Combined TRACON& Tower with Radar,35,51,10,0,96,0,6,64,0,70,35,57,74,0,166,104,0,104,270
07/10/2011,BIL,MT,ANM,WE,Combined TRACON& Tower with Radar,28,45,21,2,96,0,1,56,0,57,28,46,77,2,153,76,0,76,229
07/11/2011,BIL,MT,ANM,WE,Combined TRACON& Tower with Radar,31,64,41,0,136,0,6,63,0,69,31,70,104,0,205,40,0,40,245
07/12/2011,BIL,MT,ANM,WE,Combined TRACON& Tower with Radar,32,77,26,0,135,0,4,55,1,60,32,81,81,1,195,78,0,78,273
07/13/2011,BIL,MT,ANM,WE,Combined TRACON& Tower with Radar,35,81,36,0,152,0,7,31,1,39,35,88,67,1,191,24,0,24,215
07/14/2011,BIL,MT,ANM,WE,Combined TRACON& Tower with Radar,33,87,45,0,165,0,7,47,2,56,33,94,92,2,221,40,0,40,261
07/15/2011,BIL,MT,ANM,WE,Combined TRACON& Tower with Radar,30,92,23,0,145,0,11,75,1,87,30,103,98,1,232,34,0,34,266
07/16/2011,BIL,MT,ANM,WE,Combined TRACON& Tower with Radar,35,53,11,0,99,0,4,39,0,43,35,57,50,0,142,40,0,40,182
07/17/2011,BIL,MT,ANM,WE,Combined TRACON& Tower with Radar,29,44,17,0,90,0,2,50,0,52,29,46,67,0,142,6,0,6,148
07/18/2011,BIL,MT,ANM,WE,Combined TRACON& Tower with Radar,29,74,24,0,127,0,11,52,0,63,29,85,76,0,190,14,0,14,204
07/19/2011,BIL,MT,ANM,WE,Combined TRACON& Tower with Radar,34,79,22,0,135,0,6,50,0,56,34,85,72,0,191,62,0,62,253
07/20/2011,BIL,MT,ANM,WE,Combined TRACON& Tower with Radar,34,87,46,0,167,0,9,68,0,77,34,96,114,0,244,0,0,0,244
07/21/2011,BIL,MT,ANM,WE,Combined TRACON& Tower with Radar,34,87,57,0,178,0,13,91,0,104,34,100,148,0,282,34,0,34,316
07/22/2011,BIL,MT,ANM,WE,Combined TRACON& Tower with Radar,33,78,49,0,160,0,5,86,0,91,33,83,135,0,251,64,0,64,315
07/23/2011,BIL,MT,ANM,WE,Combined TRACON& Tower with Radar,33,49,26,0,108,0,0,85,0,85,33,49,111,0,193,46,0,46,239
07/24/2011,BIL,MT,ANM,WE,Combined TRACON& Tower with Radar,29,40,27,0,96,0,1,49,0,50,29,41,76,0,146,19,0,19,165
07/25/2011,BIL,MT,ANM,WE,Combined TRACON& Tower with Radar,29,65,47,1,142,0,3,67,3,73,29,68,114,4,215,34,0,34,249
07/26/2011,BIL,MT,ANM,WE,Combined TRACON& Tower with Radar,32,74,27,0,133,0,8,38,0,46,32,82,65,0,179,42,0,42,221
07/27/2011,BIL,MT,ANM,WE,Combined TRACON& Tower with Radar,32,79,32,0,143,0,6,49,0,55,32,85,81,0,198,32,0,32,230
07/28/2011,BIL,MT,ANM,WE,Combined TRACON& Tower with Radar,32,85,48,0,165,0,7,78,0,85,32,92,126,0,250,36,0,36,286
07/29/2011,BIL,MT,ANM,WE,Combined TRACON& Tower with Radar,35,79,19,0,133,0,5,65,0,70,35,84,84,0,203,61,0,61,264
07/30/2011,BIL,MT,ANM,WE,Combined TRACON& Tower with Radar,31,55,20,0,106,0,3,52,1,56,31,58,72,1,162,42,0,42,204
07/31/2011,BIL,MT,ANM,WE,Combined TRACON& Tower with Radar,27,46,19,0,92,0,1,40,0,41,27,47,59,0,133,16,0,16,149
08/01/2011,BIL,MT,ANM,WE,Combined TRACON& Tower with Radar,29,75,27,0,131,0,4,39,0,43,29,79,66,0,174,30,0,30,204
08/02/2011,BIL,MT,ANM,WE,Combined TRACON& Tower with Radar,36,86,39,0,161,0,10,65,0,75,36,96,104,0,236,34,0,34,270
08/03/2011,BIL,MT,ANM,WE,Combined TRACON& Tower with Radar,34,82,37,0,153,0,8,50,0,58,34,90,87,0,211,60,0,60,271
08/04/2011,BIL,MT,ANM,WE,Combined TRACON& Tower with Radar,34,79,24,0,137,0,8,38,0,46,34,87,62,0,183,8,0,8,191
08/05/2011,BIL,MT,ANM,WE,Combined TRACON& Tower with Radar,32,82,24,1,139,1,4,43,0,48,33,86,67,1,187,56,0,56,243
08/06/2011,BIL,MT,ANM,WE,Combined TRACON& Tower with Radar,32,60,22,0,114,0,3,55,0,58,32,63,77,0,172,64,0,64,236
08/07/2011,BIL,MT,ANM,WE,Combined TRACON& Tower with Radar,28,41,16,0,85,0,3,38,0,41,28,44,54,0,126,2,0,2,128
08/08/2011,BIL,MT,ANM,WE,Combined TRACON& Tower with Radar,30,75,39,1,145,0,8,52,0,60,30,83,91,1,205,72,0,72,277
08/09/2011,BIL,MT,ANM,WE,Combined TRACON& Tower with Radar,34,78,48,4,164,0,9,60,0,69,34,87,108,4,233,78,0,78,311
08/10/2011,BIL,MT,ANM,WE,Combined TRACON& Tower with Radar,34,79,42,0,155,0,9,56,0,65,34,88,98,0,220,60,0,60,280
08/11/2011,BIL,MT,ANM,WE,Combined TRACON& Tower with Radar,34,82,40,0,156,0,11,70,0,81,34,93,110,0,237,68,0,68,305
08/12/2011,BIL,MT,ANM,WE,Combined TRACON& Tower with Radar,32,91,33,0,156,0,10,68,1,79,32,101,101,1,235,46,0,46,281
08/13/2011,BIL,MT,ANM,WE,Combined TRACON& Tower with Radar,35,53,19,0,107,0,1,61,0,62,35,54,80,0,169,76,0,76,245
08/14/2011,BIL,MT,ANM,WE,Combined TRACON& Tower with Radar,26,34,20,0,80,0,1,41,6,48,26,35,61,6,128,20,0,20,148
08/15/2011,BIL,MT,ANM,WE,Combined TRACON& Tower with Radar,28,63,36,0,127,4,10,51,3,68,32,73,87,3,195,72,0,72,267
08/16/2011,BIL,MT,ANM,WE,Combined TRACON& Tower with Radar,33,83,37,0,153,1,6,51,0,58,34,89,88,0,211,32,0,32,243
08/17/2011,BIL,MT,ANM,WE,Combined TRACON& Tower with Radar,34,70,34,2,140,0,9,72,0,81,34,79,106,2,221,44,0,44,265
08/18/2011,BIL,MT,ANM,WE,Combined TRACON& Tower with Radar,36,89,34,0,159,1,19,64,0,84,37,108,98,0,243,56,0,56,299
08/19/2011,BIL,MT,ANM,WE,Combined TRACON& Tower with Radar,30,79,33,0,142,0,11,71,0,82,30,90,104,0,224,36,0,36,260
08/20/2011,BIL,MT,ANM,WE,Combined TRACON& Tower with Radar,27,55,25,0,107,0,2,80,0,82,27,57,105,0,189,38,0,38,227
08/21/2011,BIL,MT,ANM,WE,Combined TRACON& Tower with Radar,28,42,16,0,86,0,4,61,0,65,28,46,77,0,151,44,0,44,195
08/22/2011,BIL,MT,ANM,WE,Combined TRACON& Tower with Radar,25,64,21,0,110,0,10,94,7,111,25,74,115,7,221,30,0,30,251
08/23/2011,BIL,MT,ANM,WE,Combined TRACON& Tower with Radar,32,79,25,0,136,0,10,94,4,108,32,89,119,4,244,50,0,50,294
08/24/2011,BIL,MT,ANM,WE,Combined TRACON& Tower with Radar,35,78,54,0,167,0,7,96,5,108,35,85,150,5,275,62,0,62,337
08/25/2011,BIL,MT,ANM,WE,Combined TRACON& Tower with Radar,39,82,50,0,171,0,5,93,9,107,39,87,143,9,278,54,0,54,332
08/26/2011,BIL,MT,ANM,WE,Combined TRACON& Tower with Radar,30,79,28,2,139,0,10,107,0,117,30,89,135,2,256,106,0,106,362
08/27/2011,BIL,MT,ANM,WE,Combined TRACON& Tower with Radar,27,58,15,0,100,0,5,87,1,93,27,63,102,1,193,78,8,86,279
08/28/2011,BIL,MT,ANM,WE,Combined TRACON& Tower with Radar,28,38,19,0,85,0,1,57,1,59,28,39,76,1,144,46,0,46,190
08/29/2011,BIL,MT,ANM,WE,Combined TRACON& Tower with Radar,20,66,40,0,126,0,5,68,0,73,20,71,108,0,199,32,0,32,231
08/30/2011,BIL,MT,ANM,WE,Combined TRACON& Tower with Radar,24,75,32,1,132,0,9,124,3,136,24,84,156,4,268,168,0,168,436
08/31/2011,BIL,MT,ANM,WE,Combined TRACON& Tower with Radar,28,80,25,1,134,0,9,66,0,75,28,89,91,1,209,102,0,102,311
09/01/2011,BIL,MT,ANM,WE,Combined TRACON& Tower with Radar,30,83,44,2,159,0,4,58,0,62,30,87,102,2,221,182,0,182,403
09/02/2011,BIL,MT,ANM,WE,Combined TRACON& Tower with Radar,23,81,28,0,132,0,7,79,1,87,23,88,107,1,219,52,0,52,271
09/03/2011,BIL,MT,ANM,WE,Combined TRACON& Tower with Radar,24,45,21,0,90,0,3,89,0,92,24,48,110,0,182,74,0,74,256
09/04/2011,BIL,MT,ANM,WE,Combined TRACON& Tower with Radar,23,21,18,0,62,0,2,58,0,60,23,23,76,0,122,38,0,38,160
09/05/2011,BIL,MT,ANM,WE,Combined TRACON& Tower with Radar,21,45,30,0,96,0,12,53,0,65,21,57,83,0,161,74,0,74,235
09/06/2011,BIL,MT,ANM,WE,Combined TRACON& Tower with Radar,19,57,26,0,102,0,9,50,1,60,19,66,76,1,162,54,0,54,216
09/07/2011,BIL,MT,ANM,WE,Combined TRACON& Tower with Radar,26,84,34,0,144,0,15,77,3,95,26,99,111,3,239,54,0,54,293
09/08/2011,BIL,MT,ANM,WE,Combined TRACON& Tower with Radar,28,84,53,2,167,0,10,111,1,122,28,94,164,3,289,78,0,78,367
09/09/2011,BIL,MT,ANM,WE,Combined TRACON& Tower with Radar,24,89,38,4,155,0,6,73,2,81,24,95,111,6,236,60,0,60,296
09/10/2011,BIL,MT,ANM,WE,Combined TRACON& Tower with Radar,22,44,21,0,87,0,4,103,0,107,22,48,124,0,194,140,0,140,334
09/11/2011,BIL,MT,ANM,WE,Combined TRACON& Tower with Radar,24,40,26,0,90,0,0,73,3,76,24,40,99,3,166,98,1,99,265
09/12/2011,BIL,MT,ANM,WE,Combined TRACON& Tower with Radar,19,70,44,0,133,0,8,61,2,71,19,78,105,2,204,73,0,73,277
09/13/2011,BIL,MT,ANM,WE,Combined TRACON& Tower with Radar,24,82,34,0,140,0,12,85,0,97,24,94,119,0,237,100,0,100,337
09/14/2011,BIL,MT,ANM,WE,Combined TRACON& Tower with Radar,29,72,60,0,161,0,5,35,0,40,29,77,95,0,201,76,0,76,277
09/15/2011,BIL,MT,ANM,WE,Combined TRACON& Tower with Radar,27,89,47,0,163,0,8,80,0,88,27,97,127,0,251,76,0,76,327
09/16/2011,BIL,MT,ANM,WE,Combined TRACON& Tower with Radar,23,78,44,0,145,0,7,88,0,95,23,85,132,0,240,47,0,47,287
09/17/2011,BIL,MT,ANM,WE,Combined TRACON& Tower with Radar,21,54,24,0,99,0,3,62,0,65,21,57,86,0,164,90,0,90,254
09/18/2011,BIL,MT,ANM,WE,Combined TRACON& Tower with Radar,22,44,30,0,96,0,3,44,0,47,22,47,74,0,143,14,0,14,157
09/19/2011,BIL,MT,ANM,WE,Combined TRACON& Tower with Radar,19,67,26,0,112,0,5,25,0,30,19,72,51,0,142,46,0,46,188
09/20/2011,BIL,MT,ANM,WE,Combined TRACON& Tower with Radar,24,80,43,1,148,0,14,52,1,67,24,94,95,2,215,48,0,48,263
09/21/2011,BIL,MT,ANM,WE,Combined TRACON& Tower with Radar,25,76,37,6,144,0,7,73,0,80,25,83,110,6,224,88,0,88,312
09/22/2011,BIL,MT,ANM,WE,Combined TRACON& Tower with Radar,28,82,32,0,142,0,9,74,2,85,28,91,106,2,227,90,0,90,317
09/23/2011,BIL,MT,ANM,WE,Combined TRACON& Tower with Radar,22,77,35,0,134,0,12,82,0,94,22,89,117,0,228,102,0,102,330
09/24/2011,BIL,MT,ANM,WE,Combined TRACON& Tower with Radar,24,49,21,0,94,0,6,77,0,83,24,55,98,0,177,109,0,109,286
09/25/2011,BIL,MT,ANM,WE,Combined TRACON& Tower with Radar,22,40,33,7,102,0,3,69,1,73,22,43,102,8,175,130,3,133,308
09/26/2011,BIL,MT,ANM,WE,Combined TRACON& Tower with Radar,19,65,35,1,120,0,6,61,0,67,19,71,96,1,187,68,0,68,255
09/27/2011,BIL,MT,ANM,WE,Combined TRACON& Tower with Radar,26,76,41,0,143,0,7,83,0,90,26,83,124,0,233,120,0,120,353
09/28/2011,BIL,MT,ANM,WE,Combined TRACON& Tower with Radar,24,80,57,1,162,0,6,92,10,108,24,86,149,11,270,51,0,51,321
09/29/2011,BIL,MT,ANM,WE,Combined TRACON& Tower with Radar,28,76,49,0,153,0,6,95,0,101,28,82,144,0,254,120,2,122,376
09/30/2011,BIL,MT,ANM,WE,Combined TRACON& Tower with Radar,21,80,58,0,159,0,10,83,0,93,21,90,141,0,252,118,0,118,370
10/01/2011,BIL,MT,ANM,WE,Combined TRACON& Tower with Radar,20,44,25,0,89,0,0,56,0,56,20,44,81,0,145,94,2,96,241
10/02/2011,BIL,MT,ANM,WE,Combined TRACON& Tower with Radar,20,49,15,0,84,0,7,32,1,40,20,56,47,1,124,62,0,62,186
10/03/2011,BIL,MT,ANM,WE,Combined TRACON& Tower with Radar,19,71,40,0,130,0,9,76,0,85,19,80,116,0,215,70,0,70,285
10/04/2011,BIL,MT,ANM,WE,Combined TRACON& Tower with Radar,25,77,41,0,143,0,9,68,0,77,25,86,109,0,220,162,0,162,382
10/05/2011,BIL,MT,ANM,WE,Combined TRACON& Tower with Radar,24,71,54,4,153,0,8,83,4,95,24,79,137,8,248,94,0,94,342
10/06/2011,BIL,MT,ANM,WE,Combined TRACON& Tower with Radar,27,81,57,0,165,0,3,20,0,23,27,84,77,0,188,74,0,74,262
10/07/2011,BIL,MT,ANM,WE,Combined TRACON& Tower with Radar,23,81,35,0,139,0,0,17,0,17,23,81,52,0,156,58,0,58,214
10/08/2011,BIL,MT,ANM,WE,Combined TRACON& Tower with Radar,17,44,34,0,95,0,3,64,0,67,17,47,98,0,162,58,0,58,220
10/09/2011,BIL,MT,ANM,WE,Combined TRACON& Tower with Radar,23,34,14,0,71,0,0,44,0,44,23,34,58,0,115,42,0,42,157
10/10/2011,BIL,MT,ANM,WE,Combined TRACON& Tower with Radar,20,58,27,0,105,0,2,53,0,55,20,60,80,0,160,50,0,50,210
10/11/2011,BIL,MT,ANM,WE,Combined TRACON& Tower with Radar,26,72,23,0,121,0,12,29,0,41,26,84,52,0,162,46,0,46,208
10/12/2011,BIL,MT,ANM,WE,Combined TRACON& Tower with Radar,24,86,31,0,141,0,8,43,0,51,24,94,74,0,192,82,0,82,274
10/13/2011,BIL,MT,ANM,WE,Combined TRACON& Tower with Radar,28,94,33,0,155,0,10,39,0,49,28,104,72,0,204,22,0,22,226
10/14/2011,BIL,MT,ANM,WE,Combined TRACON& Tower with Radar,24,84,30,0,138,0,6,49,0,55,24,90,79,0,193,34,0,34,227
10/15/2011,BIL,MT,ANM,WE,Combined TRACON& Tower with Radar,17,47,33,0,97,0,4,22,0,26,17,51,55,0,123,30,0,30,153
10/16/2011,BIL,MT,ANM,WE,Combined TRACON& Tower with Radar,20,41,28,0,89,0,0,30,0,30,20,41,58,0,119,52,0,52,171
10/17/2011,BIL,MT,ANM,WE,Combined TRACON& Tower with Radar,21,78,39,4,142,0,4,63,0,67,21,82,102,4,209,58,0,58,267
10/18/2011,BIL,MT,ANM,WE,Combined TRACON& Tower with Radar,26,76,35,1,138,0,6,79,0,85,26,82,114,1,223,84,0,84,307
10/19/2011,BIL,MT,ANM,WE,Combined TRACON& Tower with Radar,22,90,45,0,157,0,12,77,2,91,22,102,122,2,248,104,0,104,352
10/20/2011,BIL,MT,ANM,WE,Combined TRACON& Tower with Radar,28,78,33,0,139,0,10,70,0,80,28,88,103,0,219,158,0,158,377
10/21/2011,BIL,MT,ANM,WE,Combined TRACON& Tower with Radar,26,77,41,0,144,0,5,56,0,61,26,82,97,0,205,76,0,76,281
10/22/2011,BIL,MT,ANM,WE,Combined TRACON& Tower with Radar,19,50,29,0,98,0,5,58,0,63,19,55,87,0,161,86,0,86,247
10/23/2011,BIL,MT,ANM,WE,Combined TRACON& Tower with Radar,20,44,10,0,74,0,1,31,0,32,20,45,41,0,106,34,0,34,140
10/24/2011,BIL,MT,ANM,WE,Combined TRACON& Tower with Radar,19,63,46,2,130,0,2,47,0,49,19,65,93,2,179,80,0,80,259
10/25/2011,BIL,MT,ANM,WE,Combined TRACON& Tower with Radar,26,71,19,0,116,0,11,32,0,43,26,82,51,0,159,80,0,80,239
10/26/2011,BIL,MT,ANM,WE,Combined TRACON& Tower with Radar,24,77,26,0,127,0,3,62,0,65,24,80,88,0,192,72,0,72,264
10/27/2011,BIL,MT,ANM,WE,Combined TRACON& Tower with Radar,28,81,47,0,156,0,12,59,0,71,28,93,106,0,227,64,0,64,291
10/28/2011,BIL,MT,ANM,WE,Combined TRACON& Tower with Radar,22,79,46,0,147,0,2,76,0,78,22,81,122,0,225,94,0,94,319
10/29/2011,BIL,MT,ANM,WE,Combined TRACON& Tower with Radar,19,43,11,0,73,0,0,25,0,25,19,43,36,0,98,6,0,6,104
10/30/2011,BIL,MT,ANM,WE,Combined TRACON& Tower with Radar,22,31,17,0,70,0,0,48,0,48,22,31,65,0,118,46,0,46,164
10/31/2011,BIL,MT,ANM,WE,Combined TRACON& Tower with Radar,19,70,26,0,115,0,13,39,0,52,19,83,65,0,167,58,0,58,225
11/01/2011,BIL,MT,ANM,WE,Combined TRACON& Tower with Radar,23,71,26,0,120,0,6,40,0,46,23,77,66,0,166,74,0,74,240
11/02/2011,BIL,MT,ANM,WE,Combined TRACON& Tower with Radar,27,77,37,0,141,0,13,66,0,79,27,90,103,0,220,42,0,42,262
11/03/2011,BIL,MT,ANM,WE,Combined TRACON& Tower with Radar,27,74,48,0,149,0,9,46,0,55,27,83,94,0,204,104,0,104,308
11/04/2011,BIL,MT,ANM,WE,Combined TRACON& Tower with Radar,25,90,29,0,144,0,10,71,0,81,25,100,100,0,225,130,0,130,355
11/05/2011,BIL,MT,ANM,WE,Combined TRACON& Tower with Radar,17,43,3,0,63,0,0,0,0,0,17,43,3,0,63,0,0,0,63
11/06/2011,BIL,MT,ANM,WE,Combined TRACON& Tower with Radar,20,33,19,0,72,0,3,27,0,30,20,36,46,0,102,54,0,54,156
11/07/2011,BIL,MT,ANM,WE,Combined TRACON& Tower with Radar,19,68,22,0,109,0,13,43,0,56,19,81,65,0,165,116,0,116,281
11/08/2011,BIL,MT,ANM,WE,Combined TRACON& Tower with Radar,24,80,26,0,130,0,11,58,0,69,24,91,84,0,199,220,0,220,419
11/09/2011,BIL,MT,ANM,WE,Combined TRACON& Tower with Radar,21,81,38,2,142,0,8,63,1,72,21,89,101,3,214,120,0,120,334
11/10/2011,BIL,MT,ANM,WE,Combined TRACON& Tower with Radar,29,81,24,0,134,0,8,57,1,66,29,89,81,1,200,114,0,114,314
11/11/2011,BIL,MT,ANM,WE,Combined TRACON& Tower with Radar,22,73,20,0,115,0,5,45,0,50,22,78,65,0,165,38,0,38,203
11/12/2011,BIL,MT,ANM,WE,Combined TRACON& Tower with Radar,17,48,8,0,73,0,12,16,0,28,17,60,24,0,101,56,0,56,157
11/13/2011,BIL,MT,ANM,WE,Combined TRACON& Tower with Radar,20,40,17,0,77,0,3,17,0,20,20,43,34,0,97,2,0,2,99
11/14/2011,BIL,MT,ANM,WE,Combined TRACON& Tower with Radar,19,77,21,0,117,0,6,16,0,22,19,83,37,0,139,16,0,16,155
11/15/2011,BIL,MT,ANM,WE,Combined TRACON& Tower with Radar,28,85,40,0,153,0,13,30,2,45,28,98,70,2,198,40,0,40,238
11/16/2011,BIL,MT,ANM,WE,Combined TRACON& Tower with Radar,22,80,44,2,148,0,5,68,1,74,22,85,112,3,222,144,0,144,366
11/17/2011,BIL,MT,ANM,WE,Combined TRACON& Tower with Radar,28,79,36,0,143,0,5,24,0,29,28,84,60,0,172,32,0,32,204
11/18/2011,BIL,MT,ANM,WE,Combined TRACON& Tower with Radar,25,82,21,0,128,0,5,14,0,19,25,87,35,0,147,34,0,34,181
11/19/2011,BIL,MT,ANM,WE,Combined TRACON& Tower with Radar,16,50,23,0,89,0,2,25,0,27,16,52,48,0,116,74,0,74,190
11/20/2011,BIL,MT,ANM,WE,Combined TRACON& Tower with Radar,20,29,14,0,63,0,0,43,0,43,20,29,57,0,106,78,0,78,184
11/21/2011,BIL,MT,ANM,WE,Combined TRACON& Tower with Radar,21,62,32,0,115,0,8,57,0,65,21,70,89,0,180,52,0,52,232
11/22/2011,BIL,MT,ANM,WE,Combined TRACON& Tower with Radar,28,83,13,0,124,0,11,33,1,45,28,94,46,1,169,36,0,36,205
11/23/2011,BIL,MT,ANM,WE,Combined TRACON& Tower with Radar,23,89,34,4,150,0,9,61,0,70,23,98,95,4,220,50,0,50,270
11/24/2011,BIL,MT,ANM,WE,Combined TRACON& Tower with Radar,16,38,3,0,57,0,2,23,0,25,16,40,26,0,82,6,0,6,88
11/25/2011,BIL,MT,ANM,WE,Combined TRACON& Tower with Radar,21,61,5,0,87,0,7,5,0,12,21,68,10,0,99,0,0,0,99
11/26/2011,BIL,MT,ANM,WE,Combined TRACON& Tower with Radar,19,47,8,0,74,0,2,19,0,21,19,49,27,0,95,14,0,14,109
11/27/2011,BIL,MT,ANM,WE,Combined TRACON& Tower with Radar,21,34,13,0,68,0,0,16,0,16,21,34,29,0,84,42,0,42,126
11/28/2011,BIL,MT,ANM,WE,Combined TRACON& Tower with Radar,19,60,32,0,111,0,4,48,0,52,19,64,80,0,163,72,0,72,235
11/29/2011,BIL,MT,ANM,WE,Combined TRACON& Tower with Radar,25,81,22,0,128,0,9,58,0,67,25,90,80,0,195,128,0,128,323
11/30/2011,BIL,MT,ANM,WE,Combined TRACON& Tower with Radar,21,71,27,0,119,0,1,29,0,30,21,72,56,0,149,102,0,102,251
12/01/2011,BIL,MT,ANM,WE,Combined TRACON& Tower with Radar,29,80,35,0,144,0,5,53,0,58,29,85,88,0,202,56,0,56,258
12/02/2011,BIL,MT,ANM,WE,Combined TRACON& Tower with Radar,24,80,33,0,137,0,3,37,0,40,24,83,70,0,177,60,0,60,237
12/03/2011,BIL,MT,ANM,WE,Combined TRACON& Tower with Radar,15,53,27,2,97,0,2,64,0,66,15,55,91,2,163,178,0,178,341
12/04/2011,BIL,MT,ANM,WE,Combined TRACON& Tower with Radar,20,41,21,2,84,0,2,10,0,12,20,43,31,2,96,26,0,26,122
12/05/2011,BIL,MT,ANM,WE,Combined TRACON& Tower with Radar,21,65,22,0,108,0,6,33,0,39,21,71,55,0,147,8,0,8,155
12/06/2011,BIL,MT,ANM,WE,Combined TRACON& Tower with Radar,26,72,26,1,125,0,7,34,2,43,26,79,60,3,168,40,0,40,208
12/07/2011,BIL,MT,ANM,WE,Combined TRACON& Tower with Radar,24,74,36,0,134,0,9,49,0,58,24,83,85,0,192,86,0,86,278
12/08/2011,BIL,MT,ANM,WE,Combined TRACON& Tower with Radar,30,87,45,0,162,0,8,61,0,69,30,95,106,0,231,172,0,172,403
12/09/2011,BIL,MT,ANM,WE,Combined TRACON& Tower with Radar,26,87,34,0,147,0,18,58,0,76,26,105,92,0,223,100,0,100,323
12/10/2011,BIL,MT,ANM,WE,Combined TRACON& Tower with Radar,17,47,17,0,81,0,6,35,0,41,17,53,52,0,122,10,0,10,132
12/11/2011,BIL,MT,ANM,WE,Combined TRACON& Tower with Radar,21,40,8,0,69,0,1,35,0,36,21,41,43,0,105,20,0,20,125
12/12/2011,BIL,MT,ANM,WE,Combined TRACON& Tower with Radar,20,66,18,0,104,0,1,1,0,2,20,67,19,0,106,0,0,0,106
12/13/2011,BIL,MT,ANM,WE,Combined TRACON& Tower with Radar,26,74,29,0,129,0,7,44,0,51,26,81,73,0,180,54,0,54,234
12/14/2011,BIL,MT,ANM,WE,Combined TRACON& Tower with Radar,26,83,47,0,156,0,10,17,0,27,26,93,64,0,183,24,0,24,207
12/15/2011,BIL,MT,ANM,WE,Combined TRACON& Tower with Radar,30,88,38,0,156,0,5,34,0,39,30,93,72,0,195,68,0,68,263
12/16/2011,BIL,MT,ANM,WE,Combined TRACON& Tower with Radar,28,84,21,1,134,0,2,42,0,44,28,86,63,1,178,56,0,56,234
12/17/2011,BIL,MT,ANM,WE,Combined TRACON& Tower with Radar,19,52,7,0,78,0,2,35,0,37,19,54,42,0,115,14,0,14,129
12/18/2011,BIL,MT,ANM,WE,Combined TRACON& Tower with Radar,22,39,13,1,75,0,1,21,0,22,22,40,34,1,97,62,0,62,159
12/19/2011,BIL,MT,ANM,WE,Combined TRACON& Tower with Radar,23,74,28,0,125,0,7,37,0,44,23,81,65,0,169,34,0,34,203
12/20/2011,BIL,MT,ANM,WE,Combined TRACON& Tower with Radar,34,94,25,0,153,0,6,21,0,27,34,100,46,0,180,46,0,46,226
12/21/2011,BIL,MT,ANM,WE,Combined TRACON& Tower with Radar,35,94,29,0,158,0,1,13,0,14,35,95,42,0,172,0,0,0,172
12/22/2011,BIL,MT,ANM,WE,Combined TRACON& Tower with Radar,36,102,32,2,172,0,7,25,0,32,36,109,57,2,204,22,0,22,226
12/23/2011,BIL,MT,ANM,WE,Combined TRACON& Tower with Radar,35,90,11,2,138,0,4,19,0,23,35,94,30,2,161,10,0,10,171
12/24/2011,BIL,MT,ANM,WE,Combined TRACON& Tower with Radar,22,44,3,0,69,0,2,13,0,15,22,46,16,0,84,6,0,6,90
12/25/2011,BIL,MT,ANM,WE,Combined TRACON& Tower with Radar,15,22,7,0,44,0,0,4,0,4,15,22,11,0,48,2,0,2,50
12/26/2011,BIL,MT,ANM,WE,Combined TRACON& Tower with Radar,20,37,10,0,67,0,0,15,0,15,20,37,25,0,82,42,0,42,124
12/27/2011,BIL,MT,ANM,WE,Combined TRACON& Tower with Radar,26,79,18,0,123,0,3,11,0,14,26,82,29,0,137,0,0,0,137
12/28/2011,BIL,MT,ANM,WE,Combined TRACON& Tower with Radar,24,83,18,0,125,0,7,6,0,13,24,90,24,0,138,10,0,10,148
12/29/2011,BIL,MT,ANM,WE,Combined TRACON& Tower with Radar,28,79,5,0,112,0,3,1,0,4,28,82,6,0,116,0,0,0,116
12/30/2011,BIL,MT,ANM,WE,Combined TRACON& Tower with Radar,26,89,18,0,133,0,4,28,0,32,26,93,46,0,165,36,0,36,201
12/31/2011,BIL,MT,ANM,WE,Combined TRACON& Tower with Radar,21,46,6,0,73,0,1,2,0,3,21,47,8,0,76,8,0,8,84
01/01/2012,BIL,MT,ANM,WE,Combined TRACON& Tower with Radar,19,29,6,0,54,0,0,26,0,26,19,29,32,0,80,52,0,52,132
01/02/2012,BIL,MT,ANM,WE,Combined TRACON& Tower with Radar,21,48,14,0,83,0,0,14,0,14,21,48,28,0,97,34,0,34,131
01/03/2012,BIL,MT,ANM,WE,Combined TRACON& Tower with Radar,22,77,14,0,113,0,5,1,0,6,22,82,15,0,119,0,0,0,119
01/04/2012,BIL,MT,ANM,WE,Combined TRACON& Tower with Radar,19,75,31,0,125,0,5,25,0,30,19,80,56,0,155,32,0,32,187
01/05/2012,BIL,MT,ANM,WE,Combined TRACON& Tower with Radar,26,73,24,0,123,0,6,12,0,18,26,79,36,0,141,0,0,0,141
01/06/2012,BIL,MT,ANM,WE,Combined TRACON& Tower with Radar,22,79,25,0,126,0,4,37,0,41,22,83,62,0,167,30,0,30,197
01/07/2012,BIL,MT,ANM,WE,Combined TRACON& Tower with Radar,14,42,13,2,71,0,2,62,0,64,14,44,75,2,135,142,0,142,277
01/08/2012,BIL,MT,ANM,WE,Combined TRACON& Tower with Radar,19,37,11,0,67,0,4,12,0,16,19,41,23,0,83,16,0,16,99
01/09/2012,BIL,MT,ANM,WE,Combined TRACON& Tower with Radar,18,82,16,0,116,0,22,37,2,61,18,104,53,2,177,44,0,44,221
01/10/2012,BIL,MT,ANM,WE,Combined TRACON& Tower with Radar,22,81,33,0,136,0,10,28,0,38,22,91,61,0,174,30,0,30,204
01/11/2012,BIL,MT,ANM,WE,Combined TRACON& Tower with Radar,24,75,38,0,137,0,11,53,0,64,24,86,91,0,201,90,0,90,291
01/12/2012,BIL,MT,ANM,WE,Combined TRACON& Tower with Radar,26,80,34,0,140,0,7,50,0,57,26,87,84,0,197,80,0,80,277
01/13/2012,BIL,MT,ANM,WE,Combined TRACON& Tower with Radar,18,77,19,0,114,0,3,39,0,42,18,80,58,0,156,64,0,64,220
01/14/2012,BIL,MT,ANM,WE,Combined TRACON& Tower with Radar,11,52,21,0,84,0,3,67,0,70,11,55,88,0,154,138,0,138,292
01/15/2012,BIL,MT,ANM,WE,Combined TRACON& Tower with Radar,17,30,16,0,63,0,2,24,0,26,17,32,40,0,89,78,0,78,167
01/16/2012,BIL,MT,ANM,WE,Combined TRACON& Tower with Radar,18,61,24,0,103,0,2,10,0,12,18,63,34,0,115,0,0,0,115
01/17/2012,BIL,MT,ANM,WE,Combined TRACON& Tower with Radar,22,71,27,0,120,0,6,28,0,34,22,77,55,0,154,18,2,20,174
01/18/2012,BIL,MT,ANM,WE,Combined TRACON& Tower with Radar,17,80,24,1,122,0,0,0,0,0,17,80,24,1,122,6,0,6,128
01/19/2012,BIL,MT,ANM,WE,Combined TRACON& Tower with Radar,25,80,18,1,124,0,8,11,0,19,25,88,29,1,143,22,0,22,165
01/20/2012,BIL,MT,ANM,WE,Combined TRACON& Tower with Radar,18,85,31,0,134,0,6,70,1,77,18,91,101,1,211,124,0,124,335
01/21/2012,BIL,MT,ANM,WE,Combined TRACON& Tower with Radar,16,47,18,0,81,0,2,50,0,52,16,49,68,0,133,116,0,116,249
01/22/2012,BIL,MT,ANM,WE,Combined TRACON& Tower with Radar,23,37,10,0,70,0,1,26,0,27,23,38,36,0,97,100,0,100,197
01/23/2012,BIL,MT,ANM,WE,Combined TRACON& Tower with Radar,17,66,35,0,118,0,5,63,0,68,17,71,98,0,186,60,0,60,246
01/24/2012,BIL,MT,ANM,WE,Combined TRACON& Tower with Radar,22,87,28,0,137,0,14,53,0,67,22,101,81,0,204,66,0,66,270
01/25/2012,BIL,MT,ANM,WE,Combined TRACON& Tower with Radar,20,81,24,0,125,0,7,13,0,20,20,88,37,0,145,30,0,30,175
01/26/2012,BIL,MT,ANM,WE,Combined TRACON& Tower with Radar,26,83,37,0,146,0,14,56,0,70,26,97,93,0,216,86,0,86,302
01/27/2012,BIL,MT,ANM,WE,Combined TRACON& Tower with Radar,19,80,38,0,137,0,6,46,0,52,19,86,84,0,189,14,0,14,203
01/28/2012,BIL,MT,ANM,WE,Combined TRACON& Tower with Radar,15,48,18,0,81,0,3,52,0,55,15,51,70,0,136,74,0,74,210
01/29/2012,BIL,MT,ANM,WE,Combined TRACON& Tower with Radar,23,41,5,0,69,0,0,5,0,5,23,41,10,0,74,6,0,6,80
01/30/2012,BIL,MT,ANM,WE,Combined TRACON& Tower with Radar,19,61,18,0,98,0,3,49,0,52,19,64,67,0,150,30,0,30,180
01/31/2012,BIL,MT,ANM,WE,Combined TRACON& Tower with Radar,22,75,28,0,125,0,10,78,0,88,22,85,106,0,213,58,0,58,271
02/01/2012,BIL,MT,ANM,WE,Combined TRACON& Tower with Radar,20,77,34,0,131,0,6,80,0,86,20,83,114,0,217,60,0,60,277
02/02/2012,BIL,MT,ANM,WE,Combined TRACON& Tower with Radar,27,90,24,0,141,0,14,38,1,53,27,104,62,1,194,86,0,86,280
02/03/2012,BIL,MT,ANM,WE,Combined TRACON& Tower with Radar,19,87,48,2,156,0,5,82,1,88,19,92,130,3,244,36,0,36,280
02/04/2012,BIL,MT,ANM,WE,Combined TRACON& Tower with Radar,16,47,22,0,85,0,4,86,1,91,16,51,108,1,176,68,0,68,244
02/05/2012,BIL,MT,ANM,WE,Combined TRACON& Tower with Radar,19,41,8,0,68,0,1,40,0,41,19,42,48,0,109,50,0,50,159
02/06/2012,BIL,MT,ANM,WE,Combined TRACON& Tower with Radar,17,72,19,7,115,0,2,8,0,10,17,74,27,7,125,42,0,42,167
02/07/2012,BIL,MT,ANM,WE,Combined TRACON& Tower with Radar,22,80,10,1,113,0,0,0,0,0,22,80,10,1,113,0,0,0,113
02/08/2012,BIL,MT,ANM,WE,Combined TRACON& Tower with Radar,20,89,45,6,160,0,5,57,0,62,20,94,102,6,222,22,6,28,250
02/09/2012,BIL,MT,ANM,WE,Combined TRACON& Tower with Radar,29,79,42,0,150,0,8,48,0,56,29,87,90,0,206,88,0,88,294
02/10/2012,BIL,MT,ANM,WE,Combined TRACON& Tower with Radar,17,76,23,2,118,0,1,3,0,4,17,77,26,2,122,0,0,0,122
02/11/2012,BIL,MT,ANM,WE,Combined TRACON& Tower with Radar,14,45,16,1,76,0,2,47,0,49,14,47,63,1,125,74,0,74,199
02/12/2012,BIL,MT,ANM,WE,Combined TRACON& Tower with Radar,21,40,14,1,76,0,0,37,0,37,21,40,51,1,113,52,0,52,165
02/13/2012,BIL,MT,ANM,WE,Combined TRACON& Tower with Radar,15,69,36,1,121,0,4,38,2,44,15,73,74,3,165,52,0,52,217
02/14/2012,BIL,MT,ANM,WE,Combined TRACON& Tower with Radar,22,75,44,1,142,0,2,45,2,49,22,77,89,3,191,40,0,40,231
02/15/2012,BIL,MT,ANM,WE,Combined TRACON& Tower with Radar,23,68,37,4,132,0,4,48,0,52,23,72,85,4,184,94,0,94,278
02/16/2012,BIL,MT,ANM,WE,Combined TRACON& Tower with Radar,25,69,29,0,123,0,8,48,0,56,25,77,77,0,179,56,0,56,235
02/17/2012,BIL,MT,ANM,WE,Combined TRACON& Tower with Radar,22,82,31,0,135,0,6,41,0,47,22,88,72,0,182,90,0,90,272
02/18/2012,BIL,MT,ANM,WE,Combined TRACON& Tower with Radar,19,47,21,0,87,0,3,63,0,66,19,50,84,0,153,90,0,90,243
02/19/2012,BIL,MT,ANM,WE,Combined TRACON& Tower with Radar,19,31,11,0,61,0,1,23,0,24,19,32,34,0,85,20,0,20,105
02/20/2012,BIL,MT,ANM,WE,Combined TRACON& Tower with Radar,22,59,28,0,109,0,5,58,0,63,22,64,86,0,172,48,0,48,220
02/21/2012,BIL,MT,ANM,WE,Combined TRACON& Tower with Radar,30,80,14,0,124,0,10,20,0,30,30,90,34,0,154,48,0,48,202
02/22/2012,BIL,MT,ANM,WE,Combined TRACON& Tower with Radar,23,74,16,0,113,0,1,0,0,1,23,75,16,0,114,4,0,4,118
02/23/2012,BIL,MT,ANM,WE,Combined TRACON& Tower with Radar,30,84,24,0,138,0,6,10,2,18,30,90,34,2,156,52,0,52,208
02/24/2012,BIL,MT,ANM,WE,Combined TRACON& Tower with Radar,22,79,51,3,155,0,3,76,1,80,22,82,127,4,235,100,0,100,335
02/25/2012,BIL,MT,ANM,WE,Combined TRACON& Tower with Radar,19,52,11,0,82,0,5,32,0,37,19,57,43,0,119,14,0,14,133
02/26/2012,BIL,MT,ANM,WE,Combined TRACON& Tower with Radar,18,37,13,2,70,0,0,12,0,12,18,37,25,2,82,14,0,14,96
02/27/2012,BIL,MT,ANM,WE,Combined TRACON& Tower with Radar,21,67,32,2,122,0,8,48,0,56,21,75,80,2,178,58,0,58,236
02/28/2012,BIL,MT,ANM,WE,Combined TRACON& Tower with Radar,26,74,23,1,124,0,2,24,0,26,26,76,47,1,150,34,0,34,184
02/29/2012,BIL,MT,ANM,WE,Combined TRACON& Tower with Radar,24,86,45,0,155,0,6,56,0,62,24,92,101,0,217,54,0,54,271
03/01/2012,BIL,MT,ANM,WE,Combined TRACON& Tower with Radar,30,78,28,1,137,0,7,27,2,36,30,85,55,3,173,36,0,36,209
03/02/2012,BIL,MT,ANM,WE,Combined TRACON& Tower with Radar,22,77,19,0,118,0,6,22,0,28,22,83,41,0,146,42,0,42,188
03/03/2012,BIL,MT,ANM,WE,Combined TRACON& Tower with Radar,15,52,11,0,78,0,0,3,0,3,15,52,14,0,81,52,0,52,133
03/04/2012,BIL,MT,ANM,WE,Combined TRACON& Tower with Radar,20,31,16,0,67,0,0,29,0,29,20,31,45,0,96,24,0,24,120
03/05/2012,BIL,MT,ANM,WE,Combined TRACON& Tower with Radar,20,66,35,0,121,0,5,56,0,61,20,71,91,0,182,96,0,96,278
03/06/2012,BIL,MT,ANM,WE,Combined TRACON& Tower with Radar,26,82,16,0,124,0,2,7,0,9,26,84,23,0,133,16,0,16,149
03/07/2012,BIL,MT,ANM,WE,Combined TRACON& Tower with Radar,25,75,48,0,148,0,7,66,0,73,25,82,114,0,221,102,0,102,323
03/08/2012,BIL,MT,ANM,WE,Combined TRACON& Tower with Radar,27,74,51,2,154,0,6,64,0,70,27,80,115,2,224,58,0,58,282
03/09/2012,BIL,MT,ANM,WE,Combined TRACON& Tower with Radar,25,72,32,1,130,0,7,44,2,53,25,79,76,3,183,18,0,18,201
03/10/2012,BIL,MT,ANM,WE,Combined TRACON& Tower with Radar,17,50,38,0,105,0,1,96,0,97,17,51,134,0,202,134,0,134,336
03/11/2012,BIL,MT,ANM,WE,Combined TRACON& Tower with Radar,20,36,19,0,75,0,0,50,0,50,20,36,69,0,125,48,0,48,173
03/12/2012,BIL,MT,ANM,WE,Combined TRACON& Tower with Radar,22,64,44,1,131,0,7,49,1,57,22,71,93,2,188,50,0,50,238
03/13/2012,BIL,MT,ANM,WE,Combined TRACON& Tower with Radar,30,73,26,1,130,0,6,35,0,41,30,79,61,1,171,107,0,107,278
03/14/2012,BIL,MT,ANM,WE,Combined TRACON& Tower with Radar,24,72,51,0,147,0,6,61,0,67,24,78,112,0,214,76,0,76,290
03/15/2012,BIL,MT,ANM,WE,Combined TRACON& Tower with Radar,27,74,31,0,132,0,7,47,1,55,27,81,78,1,187,54,0,54,241
03/16/2012,BIL,MT,ANM,WE,Combined TRACON& Tower with Radar,22,78,33,2,135,0,5,51,3,59,22,83,84,5,194,40,0,40,234
03/17/2012,BIL,MT,ANM,WE,Combined TRACON& Tower with Radar,19,47,19,0,85,0,3,54,0,57,19,50,73,0,142,174,0,174,316
03/18/2012,BIL,MT,ANM,WE,Combined TRACON& Tower with Radar,19,42,15,2,78,0,1,23,0,24,19,43,38,2,102,40,0,40,142
03/19/2012,BIL,MT,ANM,WE,Combined TRACON& Tower with Radar,20,69,18,0,107,0,1,8,0,9,20,70,26,0,116,8,0,8,124
03/20/2012,BIL,MT,ANM,WE,Combined TRACON& Tower with Radar,28,76,33,0,137,0,8,35,0,43,28,84,68,0,180,34,0,34,214
03/21/2012,BIL,MT,ANM,WE,Combined TRACON& Tower with Radar,21,71,33,1,126,0,6,48,1,55,21,77,81,2,181,16,0,16,197
03/22/2012,BIL,MT,ANM,WE,Combined TRACON& Tower with Radar,29,73,48,1,151,0,5,77,0,82,29,78,125,1,233,72,0,72,305
03/23/2012,BIL,MT,ANM,WE,Combined TRACON& Tower with Radar,22,82,32,0,136,0,5,36,0,41,22,87,68,0,177,42,0,42,219
03/24/2012,BIL,MT,ANM,WE,Combined TRACON& Tower with Radar,17,55,9,0,81,0,0,24,0,24,17,55,33,0,105,44,0,44,149
03/25/2012,BIL,MT,ANM,WE,Combined TRACON& Tower with Radar,18,33,10,0,61,0,0,47,2,49,18,33,57,2,110,52,0,52,162
03/26/2012,BIL,MT,ANM,WE,Combined TRACON& Tower with Radar,26,65,22,0,113,0,4,33,0,37,26,69,55,0,150,8,0,8,158
03/27/2012,BIL,MT,ANM,WE,Combined TRACON& Tower with Radar,28,75,28,0,131,0,19,48,0,67,28,94,76,0,198,80,0,80,278
03/28/2012,BIL,MT,ANM,WE,Combined TRACON& Tower with Radar,22,81,42,2,147,0,12,47,0,59,22,93,89,2,206,72,2,74,280
03/29/2012,BIL,MT,ANM,WE,Combined TRACON& Tower with Radar,28,80,33,0,141,0,18,49,0,67,28,98,82,0,208,50,0,50,258
03/30/2012,BIL,MT,ANM,WE,Combined TRACON& Tower with Radar,21,85,33,0,139,0,13,35,0,48,21,98,68,0,187,90,0,90,277
03/31/2012,BIL,MT,ANM,WE,Combined TRACON& Tower with Radar,18,58,14,0,90,0,7,56,0,63,18,65,70,0,153,90,0,90,243
04/01/2012,BIL,MT,ANM,WE,Combined TRACON& Tower with Radar,20,44,5,0,69,0,0,12,2,14,20,44,17,2,83,42,0,42,125
04/02/2012,BIL,MT,ANM,WE,Combined TRACON& Tower with Radar,23,75,52,2,152,0,5,62,10,77,23,80,114,12,229,54,0,54,283
04/03/2012,BIL,MT,ANM,WE,Combined TRACON& Tower with Radar,28,71,42,0,141,0,9,61,0,70,28,80,103,0,211,118,0,118,329
04/04/2012,BIL,MT,ANM,WE,Combined TRACON& Tower with Radar,24,69,40,0,133,0,8,75,0,83,24,77,115,0,216,125,0,125,341
04/05/2012,BIL,MT,ANM,WE,Combined TRACON& Tower with Radar,28,75,41,0,144,0,6,52,0,58,28,81,93,0,202,102,0,102,304
04/06/2012,BIL,MT,ANM,WE,Combined TRACON& Tower with Radar,24,88,8,8,128,0,1,0,0,1,24,89,8,8,129,0,0,0,129
04/07/2012,BIL,MT,ANM,WE,Combined TRACON& Tower with Radar,21,44,8,0,73,0,1,28,0,29,21,45,36,0,102,18,0,18,120
04/08/2012,BIL,MT,ANM,WE,Combined TRACON& Tower with Radar,20,39,8,0,67,0,1,41,1,43,20,40,49,1,110,12,0,12,122
04/09/2012,BIL,MT,ANM,WE,Combined TRACON& Tower with Radar,21,66,38,0,125,0,11,43,1,55,21,77,81,1,180,32,0,32,212
04/10/2012,BIL,MT,ANM,WE,Combined TRACON& Tower with Radar,28,77,33,2,140,0,19,60,2,81,28,96,93,4,221,70,0,70,291
04/11/2012,BIL,MT,ANM,WE,Combined TRACON& Tower with Radar,21,71,48,2,142,0,10,62,0,72,21,81,110,2,214,84,0,84,298
04/12/2012,BIL,MT,ANM,WE,Combined TRACON& Tower with Radar,28,82,28,0,138,0,6,18,2,26,28,88,46,2,164,38,0,38,202
04/13/2012,BIL,MT,ANM,WE,Combined TRACON& Tower with Radar,25,78,30,5,138,0,2,49,2,53,25,80,79,7,191,144,0,144,335
04/14/2012,BIL,MT,ANM,WE,Combined TRACON& Tower with Radar,17,46,10,2,75,0,3,48,1,52,17,49,58,3,127,30,0,30,157
04/15/2012,BIL,MT,ANM,WE,Combined TRACON& Tower with Radar,19,35,9,0,63,0,0,2,0,2,19,35,11,0,65,0,0,0,65
04/16/2012,BIL,MT,ANM,WE,Combined TRACON& Tower with Radar,23,80,26,0,129,0,9,43,0,52,23,89,69,0,181,94,0,94,275
04/17/2012,BIL,MT,ANM,WE,Combined TRACON& Tower with Radar,29,79,34,6,148,0,12,40,1,53,29,91,74,7,201,64,0,64,265
04/18/2012,BIL,MT,ANM,WE,Combined TRACON& Tower with Radar,22,75,29,0,126,0,4,26,0,30,22,79,55,0,156,44,0,44,200
04/19/2012,BIL,MT,ANM,WE,Combined TRACON& Tower with Radar,28,83,24,0,135,0,8,49,0,57,28,91,73,0,192,34,0,34,226
04/20/2012,BIL,MT,ANM,WE,Combined TRACON& Tower with Radar,24,76,36,0,136,0,7,49,1,57,24,83,85,1,193,36,0,36,229
04/21/2012,BIL,MT,ANM,WE,Combined TRACON& Tower with Radar,17,44,22,1,84,0,1,62,0,63,17,45,84,1,147,100,0,100,247
04/22/2012,BIL,MT,ANM,WE,Combined TRACON& Tower with Radar,20,34,17,0,71,0,2,55,2,59,20,36,72,2,130,182,0,182,312
04/23/2012,BIL,MT,ANM,WE,Combined TRACON& Tower with Radar,21,62,32,0,115,0,9,55,0,64,21,71,87,0,179,98,0,98,277
04/24/2012,BIL,MT,ANM,WE,Combined TRACON& Tower with Radar,23,63,16,2,104,0,10,31,0,41,23,73,47,2,145,64,0,64,209
04/25/2012,BIL,MT,ANM,WE,Combined TRACON& Tower with Radar,23,68,42,0,133,0,8,52,0,60,23,76,94,0,193,114,0,114,307
04/26/2012,BIL,MT,ANM,WE,Combined TRACON& Tower with Radar,29,68,35,0,132,0,11,37,0,48,29,79,72,0,180,130,0,130,310
04/27/2012,BIL,MT,ANM,WE,Combined TRACON& Tower with Radar,24,83,8,3,118,0,1,1,0,2,24,84,9,3,120,0,0,0,120
04/28/2012,BIL,MT,ANM,WE,Combined TRACON& Tower with Radar,18,51,5,1,75,0,0,3,0,3,18,51,8,1,78,4,0,4,82
04/29/2012,BIL,MT,ANM,WE,Combined TRACON& Tower with Radar,22,43,10,0,75,0,1,27,0,28,22,44,37,0,103,38,0,38,141
04/30/2012,BIL,MT,ANM,WE,Combined TRACON& Tower with Radar,23,64,40,0,127,0,6,54,2,62,23,70,94,2,189,90,0,90,279
05/01/2012,BIL,MT,ANM,WE,Combined TRACON& Tower with Radar,24,76,30,0,130,0,9,44,0,53,24,85,74,0,183,40,0,40,223
05/02/2012,BIL,MT,ANM,WE,Combined TRACON& Tower with Radar,22,80,38,0,140,0,6,49,0,55,22,86,87,0,195,120,0,120,315
05/03/2012,BIL,MT,ANM,WE,Combined TRACON& Tower with Radar,30,88,42,0,160,0,8,67,2,77,30,96,109,2,237,240,0,240,477
05/04/2012,BIL,MT,ANM,WE,Combined TRACON& Tower with Radar,26,84,31,0,141,0,7,68,0,75,26,91,99,0,216,62,0,62,278
05/05/2012,BIL,MT,ANM,WE,Combined TRACON& Tower with Radar,19,42,13,0,74,0,0,16,0,16,19,42,29,0,90,54,0,54,144
05/06/2012,BIL,MT,ANM,WE,Combined TRACON& Tower with Radar,22,46,11,0,79,0,2,22,0,24,22,48,33,0,103,26,0,26,129
05/07/2012,BIL,MT,ANM,WE,Combined TRACON& Tower with Radar,23,67,31,0,121,0,11,67,0,78,23,78,98,0,199,60,0,60,259
05/08/2012,BIL,MT,ANM,WE,Combined TRACON& Tower with Radar,26,80,32,0,138,0,11,78,0,89,26,91,110,0,227,122,0,122,349
05/09/2012,BIL,MT,ANM,WE,Combined TRACON& Tower with Radar,23,80,37,0,140,0,12,70,0,82,23,92,107,0,222,92,0,92,314
05/10/2012,BIL,MT,ANM,WE,Combined TRACON& Tower with Radar,29,89,35,0,153,0,10,23,2,35,29,99,58,2,188,16,0,16,204
05/11/2012,BIL,MT,ANM,WE,Combined TRACON& Tower with Radar,25,87,47,19,178,0,13,76,1,90,25,100,123,20,268,94,4,98,366
05/12/2012,BIL,MT,ANM,WE,Combined TRACON& Tower with Radar,16,50,26,3,95,0,2,64,0,66,16,52,90,3,161,84,0,84,245
05/13/2012,BIL,MT,ANM,WE,Combined TRACON& Tower with Radar,23,38,8,2,71,0,3,38,0,41,23,41,46,2,112,14,6,20,132
05/14/2012,BIL,MT,ANM,WE,Combined TRACON& Tower with Radar,21,69,32,3,125,0,6,48,0,54,21,75,80,3,179,72,0,72,251
05/15/2012,BIL,MT,ANM,WE,Combined TRACON& Tower with Radar,24,76,25,1,126,0,8,50,0,58,24,84,75,1,184,48,0,48,232
05/16/2012,BIL,MT,ANM,WE,Combined TRACON& Tower with Radar,21,76,34,6,137,0,10,55,1,66,21,86,89,7,203,49,0,49,252
05/17/2012,BIL,MT,ANM,WE,Combined TRACON& Tower with Radar,29,89,31,0,149,0,9,41,1,51,29,98,72,1,200,56,0,56,256
05/18/2012,BIL,MT,ANM,WE,Combined TRACON& Tower with Radar,23,100,30,2,155,0,4,14,0,18,23,104,44,2,173,50,0,50,223
05/19/2012,BIL,MT,ANM,WE,Combined TRACON& Tower with Radar,23,49,9,0,81,0,2,49,0,51,23,51,58,0,132,100,0,100,232
05/20/2012,BIL,MT,ANM,WE,Combined TRACON& Tower with Radar,22,41,20,0,83,0,1,57,0,58,22,42,77,0,141,46,0,46,187
05/21/2012,BIL,MT,ANM,WE,Combined TRACON& Tower with Radar,23,83,37,0,143,0,12,51,0,63,23,95,88,0,206,32,0,32,238
05/22/2012,BIL,MT,ANM,WE,Combined TRACON& Tower with Radar,24,84,28,2,138,0,10,26,0,36,24,94,54,2,174,40,0,40,214
05/23/2012,BIL,MT,ANM,WE,Combined TRACON& Tower with Radar,26,86,47,0,159,0,7,41,0,48,26,93,88,0,207,24,0,24,231
05/24/2012,BIL,MT,ANM,WE,Combined TRACON& Tower with Radar,28,94,36,0,158,0,11,32,0,43,28,105,68,0,201,100,0,100,301
05/25/2012,BIL,MT,ANM,WE,Combined TRACON& Tower with Radar,26,98,15,0,139,0,4,10,0,14,26,102,25,0,153,68,0,68,221
05/26/2012,BIL,MT,ANM,WE,Combined TRACON& Tower with Radar,17,45,10,0,72,0,0,0,0,0,17,45,10,0,72,0,0,0,72
05/27/2012,BIL,MT,ANM,WE,Combined TRACON& Tower with Radar,20,26,10,0,56,0,0,11,0,11,20,26,21,0,67,20,0,20,87
05/28/2012,BIL,MT,ANM,WE,Combined TRACON& Tower with Radar,18,61,16,2,97,0,6,22,0,28,18,67,38,2,125,2,0,2,127
05/29/2012,BIL,MT,ANM,WE,Combined TRACON& Tower with Radar,20,85,41,1,147,0,10,48,1,59,20,95,89,2,206,124,0,124,330
05/30/2012,BIL,MT,ANM,WE,Combined TRACON& Tower with Radar,27,88,41,0,156,0,14,46,0,60,27,102,87,0,216,88,0,88,304
05/31/2012,BIL,MT,ANM,WE,Combined TRACON& Tower with Radar,28,99,34,0,161,0,14,44,0,58,28,113,78,0,219,92,0,92,311
06/01/2012,BIL,MT,ANM,WE,Combined TRACON& Tower with Radar,26,89,22,0,137,0,12,38,0,50,26,101,60,0,187,80,0,80,267
06/02/2012,BIL,MT,ANM,WE,Combined TRACON& Tower with Radar,23,49,22,0,94,0,3,43,0,46,23,52,65,0,140,54,0,54,194
06/03/2012,BIL,MT,ANM,WE,Combined TRACON& Tower with Radar,24,40,10,0,74,0,0,34,0,34,24,40,44,0,108,20,0,20,128
06/04/2012,BIL,MT,ANM,WE,Combined TRACON& Tower with Radar,23,73,18,4,118,0,3,23,0,26,23,76,41,4,144,6,0,6,150
06/05/2012,BIL,MT,ANM,WE,Combined TRACON& Tower with Radar,27,93,20,0,140,0,9,35,0,44,27,102,55,0,184,38,0,38,222
06/06/2012,BIL,MT,ANM,WE,Combined TRACON& Tower with Radar,30,91,18,0,139,0,12,39,0,51,30,103,57,0,190,52,0,52,242
06/07/2012,BIL,MT,ANM,WE,Combined TRACON& Tower with Radar,36,87,26,0,149,27,23,71,0,121,63,110,97,0,270,128,0,128,398
06/08/2012,BIL,MT,ANM,WE,Combined TRACON& Tower with Radar,41,91,22,1,155,0,10,47,0,57,41,101,69,1,212,58,0,58,270
06/09/2012,BIL,MT,ANM,WE,Combined TRACON& Tower with Radar,27,54,23,2,106,0,0,28,1,29,27,54,51,3,135,108,0,108,243
06/10/2012,BIL,MT,ANM,WE,Combined TRACON& Tower with Radar,31,37,7,0,75,0,0,11,0,11,31,37,18,0,86,4,0,4,90
06/11/2012,BIL,MT,ANM,WE,Combined TRACON& Tower with Radar,35,69,25,0,129,0,5,61,0,66,35,74,86,0,195,26,0,26,221
06/12/2012,BIL,MT,ANM,WE,Combined TRACON& Tower with Radar,37,80,29,0,146,0,10,59,0,69,37,90,88,0,215,116,0,116,331
06/13/2012,BIL,MT,ANM,WE,Combined TRACON& Tower with Radar,39,87,36,1,163,0,6,29,0,35,39,93,65,1,198,40,0,40,238
06/14/2012,BIL,MT,ANM,WE,Combined TRACON& Tower with Radar,39,88,52,1,180,0,12,76,0,88,39,100,128,1,268,126,0,126,394
06/15/2012,BIL,MT,ANM,WE,Combined TRACON& Tower with Radar,41,86,29,0,156,0,4,40,0,44,41,90,69,0,200,48,0,48,248
06/16/2012,BIL,MT,ANM,WE,Combined TRACON& Tower with Radar,31,50,13,0,94,0,2,60,0,62,31,52,73,0,156,90,0,90,246
06/17/2012,BIL,MT,ANM,WE,Combined TRACON& Tower with Radar,32,40,19,0,91,0,2,36,0,38,32,42,55,0,129,16,0,16,145
06/18/2012,BIL,MT,ANM,WE,Combined TRACON& Tower with Radar,35,75,27,2,139,0,7,61,0,68,35,82,88,2,207,52,0,52,259
06/19/2012,BIL,MT,ANM,WE,Combined TRACON& Tower with Radar,37,80,17,0,134,0,5,34,0,39,37,85,51,0,173,60,0,60,233
06/20/2012,BIL,MT,ANM,WE,Combined TRACON& Tower with Radar,35,85,32,0,152,0,3,37,0,40,35,88,69,0,192,62,0,62,254
06/21/2012,BIL,MT,ANM,WE,Combined TRACON& Tower with Radar,39,88,40,0,167,0,7,79,0,86,39,95,119,0,253,88,0,88,341
06/22/2012,BIL,MT,ANM,WE,Combined TRACON& Tower with Radar,39,83,31,0,153,0,7,44,0,51,39,90,75,0,204,59,0,59,263
06/23/2012,BIL,MT,ANM,WE,Combined TRACON& Tower with Radar,25,63,12,0,100,0,6,49,0,55,25,69,61,0,155,100,0,100,255
06/24/2012,BIL,MT,ANM,WE,Combined TRACON& Tower with Radar,36,42,16,0,94,0,0,15,0,15,36,42,31,0,109,8,0,8,117
06/25/2012,BIL,MT,ANM,WE,Combined TRACON& Tower with Radar,35,76,33,2,146,0,9,43,0,52,35,85,76,2,198,102,0,102,300
06/26/2012,BIL,MT,ANM,WE,Combined TRACON& Tower with Radar,36,87,21,0,144,0,12,42,2,56,36,99,63,2,200,60,0,60,260
06/27/2012,BIL,MT,ANM,WE,Combined TRACON& Tower with Radar,35,92,46,0,173,0,21,89,1,111,35,113,135,1,284,92,0,92,376
06/28/2012,BIL,MT,ANM,WE,Combined TRACON& Tower with Radar,41,89,27,0,157,0,8,105,0,113,41,97,132,0,270,58,0,58,328
06/29/2012,BIL,MT,ANM,WE,Combined TRACON& Tower with Radar,39,99,26,1,165,1,15,111,0,127,40,114,137,1,292,38,0,38,330
06/30/2012,BIL,MT,ANM,WE,Combined TRACON& Tower with Radar,29,57,21,0,107,0,5,98,9,112,29,62,119,9,219,67,0,67,286
07/01/2012,BIL,MT,ANM,WE,Combined TRACON& Tower with Radar,35,43,8,1,87,0,3,62,6,71,35,46,70,7,158,8,0,8,166
07/02/2012,BIL,MT,ANM,WE,Combined TRACON& Tower with Radar,38,78,18,1,135,2,8,104,10,124,40,86,122,11,259,78,0,78,337
07/03/2012,BIL,MT,ANM,WE,Combined TRACON& Tower with Radar,40,81,15,0,136,0,12,99,10,121,40,93,114,10,257,76,0,76,333
07/04/2012,BIL,MT,ANM,WE,Combined TRACON& Tower with Radar,19,46,8,1,74,0,2,116,12,130,19,48,124,13,204,76,0,76,280
07/05/2012,BIL,MT,ANM,WE,Combined TRACON& Tower with Radar,40,73,14,1,128,1,11,70,11,93,41,84,84,12,221,108,0,108,329
07/06/2012,BIL,MT,ANM,WE,Combined TRACON& Tower with Radar,39,103,27,4,173,0,9,38,0,47,39,112,65,4,220,48,0,48,268
07/07/2012,BIL,MT,ANM,WE,Combined TRACON& Tower with Radar,27,54,9,0,90,0,2,56,1,59,27,56,65,1,149,26,0,26,175
07/08/2012,BIL,MT,ANM,WE,Combined TRACON& Tower with Radar,34,41,19,0,94,0,0,41,0,41,34,41,60,0,135,14,0,14,149
07/09/2012,BIL,MT,ANM,WE,Combined TRACON& Tower with Radar,34,78,45,0,157,1,12,57,3,73,35,90,102,3,230,42,0,42,272
07/10/2012,BIL,MT,ANM,WE,Combined TRACON& Tower with Radar,35,83,35,0,153,0,11,42,0,53,35,94,77,0,206,18,0,18,224
07/11/2012,BIL,MT,ANM,WE,Combined TRACON& Tower with Radar,31,90,20,3,144,0,11,34,2,47,31,101,54,5,191,38,0,38,229
07/12/2012,BIL,MT,ANM,WE,Combined TRACON& Tower with Radar,35,92,39,0,166,0,10,58,0,68,35,102,97,0,234,138,0,138,372
07/13/2012,BIL,MT,ANM,WE,Combined TRACON& Tower with Radar,33,92,30,0,155,1,6,42,3,52,34,98,72,3,207,44,0,44,251
07/14/2012,BIL,MT,ANM,WE,Combined TRACON& Tower with Radar,25,55,13,2,95,0,5,51,0,56,25,60,64,2,151,40,0,40,191
07/15/2012,BIL,MT,ANM,WE,Combined TRACON& Tower with Radar,31,52,29,0,112,0,0,45,0,45,31,52,74,0,157,6,0,6,163
07/16/2012,BIL,MT,ANM,WE,Combined TRACON& Tower with Radar,27,79,33,0,139,0,10,57,2,69,27,89,90,2,208,25,0,25,233
07/17/2012,BIL,MT,ANM,WE,Combined TRACON& Tower with Radar,31,96,28,0,155,0,11,38,0,49,31,107,66,0,204,46,0,46,250
07/18/2012,BIL,MT,ANM,WE,Combined TRACON& Tower with Radar,30,82,42,0,154,0,9,56,1,66,30,91,98,1,220,50,0,50,270
07/19/2012,BIL,MT,ANM,WE,Combined TRACON& Tower with Radar,34,96,38,0,168,0,4,56,0,60,34,100,94,0,228,88,0,88,316
07/20/2012,BIL,MT,ANM,WE,Combined TRACON& Tower with Radar,32,88,32,0,152,1,7,41,1,50,33,95,73,1,202,26,0,26,228
07/21/2012,BIL,MT,ANM,WE,Combined TRACON& Tower with Radar,27,57,15,2,101,2,1,43,8,54,29,58,58,10,155,30,0,30,185
07/22/2012,BIL,MT,ANM,WE,Combined TRACON& Tower with Radar,29,47,19,0,95,0,2,56,0,58,29,49,75,0,153,10,0,10,163
07/23/2012,BIL,MT,ANM,WE,Combined TRACON& Tower with Radar,29,75,21,0,125,0,9,37,5,51,29,84,58,5,176,48,0,48,224
07/24/2012,BIL,MT,ANM,WE,Combined TRACON& Tower with Radar,31,99,32,0,162,0,14,65,1,80,31,113,97,1,242,40,0,40,282
07/25/2012,BIL,MT,ANM,WE,Combined TRACON& Tower with Radar,30,86,43,2,161,0,13,70,0,83,30,99,113,2,244,22,0,22,266
07/26/2012,BIL,MT,ANM,WE,Combined TRACON& Tower with Radar,34,93,36,3,166,0,16,85,4,105,34,109,121,7,271,62,0,62,333
07/27/2012,BIL,MT,ANM,WE,Combined TRACON& Tower with Radar,32,104,36,2,174,0,8,49,1,58,32,112,85,3,232,74,0,74,306
07/28/2012,BIL,MT,ANM,WE,Combined TRACON& Tower with Radar,28,57,28,0,113,0,5,87,4,96,28,62,115,4,209,20,0,20,229
07/29/2012,BIL,MT,ANM,WE,Combined TRACON& Tower with Radar,28,51,21,0,100,1,1,73,0,75,29,52,94,0,175,86,0,86,261
07/30/2012,BIL,MT,ANM,WE,Combined TRACON& Tower with Radar,30,81,34,0,145,0,6,50,6,62,30,87,84,6,207,58,0,58,265
07/31/2012,BIL,MT,ANM,WE,Combined TRACON& Tower with Radar,31,91,30,0,152,0,7,80,5,92,31,98,110,5,244,24,0,24,268
08/01/2012,BIL,MT,ANM,WE,Combined TRACON& Tower with Radar,32,92,44,0,168,0,12,113,2,127,32,104,157,2,295,30,1,31,326
08/02/2012,BIL,MT,ANM,WE,Combined TRACON& Tower with Radar,32,99,31,0,162,0,6,109,3,118,32,105,140,3,280,94,0,94,374
08/03/2012,BIL,MT,ANM,WE,Combined TRACON& Tower with Radar,37,93,23,2,155,0,5,56,2,63,37,98,79,4,218,22,0,22,240
08/04/2012,BIL,MT,ANM,WE,Combined TRACON& Tower with Radar,28,63,16,0,107,0,2,73,0,75,28,65,89,0,182,34,0,34,216
08/05/2012,BIL,MT,ANM,WE,Combined TRACON& Tower with Radar,31,50,12,0,93,0,0,86,5,91,31,50,98,5,184,4,0,4,188
08/06/2012,BIL,MT,ANM,WE,Combined TRACON& Tower with Radar,28,79,26,2,135,0,8,68,0,76,28,87,94,2,211,18,0,18,229
08/07/2012,BIL,MT,ANM,WE,Combined TRACON& Tower with Radar,30,95,22,0,147,0,9,77,0,86,30,104,99,0,233,28,0,28,261
08/08/2012,BIL,MT,ANM,WE,Combined TRACON& Tower with Radar,31,97,34,0,162,0,12,45,0,57,31,109,79,0,219,50,0,50,269
08/09/2012,BIL,MT,ANM,WE,Combined TRACON& Tower with Radar,35,87,47,0,169,0,10,48,0,58,35,97,95,0,227,64,0,64,291
08/10/2012,BIL,MT,ANM,WE,Combined TRACON& Tower with Radar,32,100,25,1,158,0,5,30,1,36,32,105,55,2,194,40,0,40,234
08/11/2012,BIL,MT,ANM,WE,Combined TRACON& Tower with Radar,24,55,8,22,109,0,4,33,1,38,24,59,41,23,147,32,0,32,179
08/12/2012,BIL,MT,ANM,WE,Combined TRACON& Tower with Radar,29,47,13,0,89,0,0,57,0,57,29,47,70,0,146,4,0,4,150
08/13/2012,BIL,MT,ANM,WE,Combined TRACON& Tower with Radar,29,73,23,0,125,0,12,51,0,63,29,85,74,0,188,86,0,86,274
08/14/2012,BIL,MT,ANM,WE,Combined TRACON& Tower with Radar,33,86,28,0,147,0,7,82,0,89,33,93,110,0,236,36,0,36,272
08/15/2012,BIL,MT,ANM,WE,Combined TRACON& Tower with Radar,33,87,39,4,163,0,2,9,0,11,33,89,48,4,174,18,0,18,192
08/16/2012,BIL,MT,ANM,WE,Combined TRACON& Tower with Radar,36,80,33,2,151,0,6,61,0,67,36,86,94,2,218,52,0,52,270
08/17/2012,BIL,MT,ANM,WE,Combined TRACON& Tower with Radar,34,92,33,0,159,0,3,41,1,45,34,95,74,1,204,64,0,64,268
08/18/2012,BIL,MT,ANM,WE,Combined TRACON& Tower with Radar,25,51,16,1,93,0,5,69,0,74,25,56,85,1,167,58,0,58,225
08/19/2012,BIL,MT,ANM,WE,Combined TRACON& Tower with Radar,29,46,16,0,91,0,0,29,1,30,29,46,45,1,121,2,0,2,123
08/20/2012,BIL,MT,ANM,WE,Combined TRACON& Tower with Radar,32,71,25,0,128,0,11,62,0,73,32,82,87,0,201,80,0,80,281
08/21/2012,BIL,MT,ANM,WE,Combined TRACON& Tower with Radar,34,85,40,0,159,0,8,54,0,62,34,93,94,0,221,76,0,76,297
08/22/2012,BIL,MT,ANM,WE,Combined TRACON& Tower with Radar,36,95,55,1,187,0,7,44,0,51,36,102,99,1,238,50,0,50,288
08/23/2012,BIL,MT,ANM,WE,Combined TRACON& Tower with Radar,39,79,38,4,160,0,16,45,0,61,39,95,83,4,221,38,18,56,277
08/24/2012,BIL,MT,ANM,WE,Combined TRACON& Tower with Radar,34,91,10,0,135,0,12,56,1,69,34,103,66,1,204,21,0,21,225
08/25/2012,BIL,MT,ANM,WE,Combined TRACON& Tower with Radar,25,47,25,6,103,0,4,85,3,92,25,51,110,9,195,92,20,112,307
08/26/2012,BIL,MT,ANM,WE,Combined TRACON& Tower with Radar,30,50,28,0,108,0,3,70,5,78,30,53,98,5,186,0,0,0,186
08/27/2012,BIL,MT,ANM,WE,Combined TRACON& Tower with Radar,31,69,21,0,121,0,8,56,0,64,31,77,77,0,185,48,0,48,233
08/28/2012,BIL,MT,ANM,WE,Combined TRACON& Tower with Radar,36,88,27,1,152,0,22,72,5,99,36,110,99,6,251,58,0,58,309
08/29/2012,BIL,MT,ANM,WE,Combined TRACON& Tower with Radar,34,74,39,0,147,0,11,92,1,104,34,85,131,1,251,74,2,76,327
08/30/2012,BIL,MT,ANM,WE,Combined TRACON& Tower with Radar,41,73,38,1,153,0,8,78,2,88,41,81,116,3,241,84,0,84,325
08/31/2012,BIL,MT,ANM,WE,Combined TRACON& Tower with Radar,40,83,24,2,149,0,6,57,0,63,40,89,81,2,212,74,0,74,286
09/01/2012,BIL,MT,ANM,WE,Combined TRACON& Tower with Radar,28,57,12,0,97,0,7,74,1,82,28,64,86,1,179,88,0,88,267
09/02/2012,BIL,MT,ANM,WE,Combined TRACON& Tower with Radar,26,18,10,0,54,1,5,70,0,76,27,23,80,0,130,38,0,38,168
09/03/2012,BIL,MT,ANM,WE,Combined TRACON& Tower with Radar,29,41,19,0,89,0,0,58,0,58,29,41,77,0,147,66,0,66,213
09/04/2012,BIL,MT,ANM,WE,Combined TRACON& Tower with Radar,27,56,26,2,111,0,10,72,1,83,27,66,98,3,194,66,0,66,260
09/05/2012,BIL,MT,ANM,WE,Combined TRACON& Tower with Radar,31,77,35,0,143,0,4,80,0,84,31,81,115,0,227,116,0,116,343
09/06/2012,BIL,MT,ANM,WE,Combined TRACON& Tower with Radar,35,84,34,0,153,0,12,67,1,80,35,96,101,1,233,88,0,88,321
09/07/2012,BIL,MT,ANM,WE,Combined TRACON& Tower with Radar,30,76,34,3,143,0,11,75,1,87,30,87,109,4,230,94,0,94,324
09/08/2012,BIL,MT,ANM,WE,Combined TRACON& Tower with Radar,23,39,13,0,75,0,3,75,5,83,23,42,88,5,158,88,0,88,246
09/09/2012,BIL,MT,ANM,WE,Combined TRACON& Tower with Radar,29,40,20,3,92,1,0,48,1,50,30,40,68,4,142,64,0,64,206
09/10/2012,BIL,MT,ANM,WE,Combined TRACON& Tower with Radar,28,70,37,1,136,0,10,85,0,95,28,80,122,1,231,30,0,30,261
09/11/2012,BIL,MT,ANM,WE,Combined TRACON& Tower with Radar,27,76,26,4,133,0,13,66,0,79,27,89,92,4,212,80,0,80,292
09/12/2012,BIL,MT,ANM,WE,Combined TRACON& Tower with Radar,27,88,40,0,155,0,9,74,0,83,27,97,114,0,238,112,0,112,350
09/13/2012,BIL,MT,ANM,WE,Combined TRACON& Tower with Radar,34,74,34,0,142,0,11,74,2,87,34,85,108,2,229,96,0,96,325
09/14/2012,BIL,MT,ANM,WE,Combined TRACON& Tower with Radar,32,76,39,3,150,0,9,84,4,97,32,85,123,7,247,98,0,98,345
09/15/2012,BIL,MT,ANM,WE,Combined TRACON& Tower with Radar,23,52,12,13,100,0,6,85,1,92,23,58,97,14,192,166,16,182,374
09/16/2012,BIL,MT,ANM,WE,Combined TRACON& Tower with Radar,28,36,22,4,90,0,0,32,3,35,28,36,54,7,125,4,0,4,129
09/17/2012,BIL,MT,ANM,WE,Combined TRACON& Tower with Radar,27,64,33,0,124,0,6,56,0,62,27,70,89,0,186,48,0,48,234
09/18/2012,BIL,MT,ANM,WE,Combined TRACON& Tower with Radar,27,73,39,0,139,0,13,89,0,102,27,86,128,0,241,54,0,54,295
09/19/2012,BIL,MT,ANM,WE,Combined TRACON& Tower with Radar,27,70,36,0,133,0,8,76,0,84,27,78,112,0,217,98,0,98,315
09/20/2012,BIL,MT,ANM,WE,Combined TRACON& Tower with Radar,36,81,28,1,146,0,10,74,0,84,36,91,102,1,230,76,0,76,306
09/21/2012,BIL,MT,ANM,WE,Combined TRACON& Tower with Radar,34,77,26,0,137,0,8,72,0,80,34,85,98,0,217,82,0,82,299
09/22/2012,BIL,MT,ANM,WE,Combined TRACON& Tower with Radar,25,41,21,2,89,0,5,96,1,102,25,46,117,3,191,54,0,54,245
09/23/2012,BIL,MT,ANM,WE,Combined TRACON& Tower with Radar,32,40,24,0,96,0,2,70,1,73,32,42,94,1,169,30,0,30,199
09/24/2012,BIL,MT,ANM,WE,Combined TRACON& Tower with Radar,29,64,28,3,124,0,5,77,0,82,29,69,105,3,206,92,0,92,298
09/25/2012,BIL,MT,ANM,WE,Combined TRACON& Tower with Radar,27,77,28,1,133,0,10,52,1,63,27,87,80,2,196,94,0,94,290
09/26/2012,BIL,MT,ANM,WE,Combined TRACON& Tower with Radar,27,73,27,1,128,0,8,48,1,57,27,81,75,2,185,84,0,84,269
09/27/2012,BIL,MT,ANM,WE,Combined TRACON& Tower with Radar,34,81,37,0,152,0,12,50,1,63,34,93,87,1,215,30,0,30,245
09/28/2012,BIL,MT,ANM,WE,Combined TRACON& Tower with Radar,29,82,36,2,149,0,7,61,3,71,29,89,97,5,220,78,0,78,298
09/29/2012,BIL,MT,ANM,WE,Combined TRACON& Tower with Radar,23,50,20,2,95,0,2,53,0,55,23,52,73,2,150,76,0,76,226
09/30/2012,BIL,MT,ANM,WE,Combined TRACON& Tower with Radar,30,42,13,0,85,0,0,41,0,41,30,42,54,0,126,34,0,34,160
10/01/2012,BIL,MT,ANM,WE,Combined TRACON& Tower with Radar,31,57,36,2,126,0,6,65,0,71,31,63,101,2,197,22,0,22,219
10/02/2012,BIL,MT,ANM,WE,Combined TRACON& Tower with Radar,28,73,24,4,129,0,8,60,0,68,28,81,84,4,197,86,0,86,283
10/03/2012,BIL,MT,ANM,WE,Combined TRACON& Tower with Radar,31,77,36,0,144,0,3,2,0,5,31,80,38,0,149,8,0,8,157
10/04/2012,BIL,MT,ANM,WE,Combined TRACON& Tower with Radar,36,77,33,0,146,0,5,30,0,35,36,82,63,0,181,56,0,56,237
10/05/2012,BIL,MT,ANM,WE,Combined TRACON& Tower with Radar,34,85,20,0,139,0,3,21,0,24,34,88,41,0,163,38,0,38,201
10/06/2012,BIL,MT,ANM,WE,Combined TRACON& Tower with Radar,29,49,9,0,87,0,2,44,0,46,29,51,53,0,133,24,0,24,157
10/07/2012,BIL,MT,ANM,WE,Combined TRACON& Tower with Radar,30,25,24,2,81,0,1,30,2,33,30,26,54,4,114,36,0,36,150
10/08/2012,BIL,MT,ANM,WE,Combined TRACON& Tower with Radar,27,53,27,1,108,0,2,29,0,31,27,55,56,1,139,30,0,30,169
10/09/2012,BIL,MT,ANM,WE,Combined TRACON& Tower with Radar,34,65,24,2,125,0,8,56,0,64,34,73,80,2,189,82,0,82,271
10/10/2012,BIL,MT,ANM,WE,Combined TRACON& Tower with Radar,33,74,32,0,139,0,8,81,0,89,33,82,113,0,228,52,0,52,280
10/11/2012,BIL,MT,ANM,WE,Combined TRACON& Tower with Radar,36,89,44,0,169,0,2,1,0,3,36,91,45,0,172,6,0,6,178
10/12/2012,BIL,MT,ANM,WE,Combined TRACON& Tower with Radar,32,76,36,1,145,0,8,56,1,65,32,84,92,2,210,18,0,18,228
10/13/2012,BIL,MT,ANM,WE,Combined TRACON& Tower with Radar,28,43,23,0,94,0,3,60,0,63,28,46,83,0,157,60,0,60,217
10/14/2012,BIL,MT,ANM,WE,Combined TRACON& Tower with Radar,31,30,17,1,79,0,1,29,0,30,31,31,46,1,109,78,0,78,187
10/15/2012,BIL,MT,ANM,WE,Combined TRACON& Tower with Radar,29,62,51,2,144,0,6,69,0,75,29,68,120,2,219,70,0,70,289
10/16/2012,BIL,MT,ANM,WE,Combined TRACON& Tower with Radar,31,77,25,0,133,0,8,36,0,44,31,85,61,0,177,42,0,42,219
10/17/2012,BIL,MT,ANM,WE,Combined TRACON& Tower with Radar,33,68,41,0,142,0,8,31,0,39,33,76,72,0,181,38,0,38,219
10/18/2012,BIL,MT,ANM,WE,Combined TRACON& Tower with Radar,36,87,46,4,173,0,8,76,2,86,36,95,122,6,259,166,0,166,425
10/19/2012,BIL,MT,ANM,WE,Combined TRACON& Tower with Radar,32,79,20,4,135,0,13,42,2,57,32,92,62,6,192,52,0,52,244
10/20/2012,BIL,MT,ANM,WE,Combined TRACON& Tower with Radar,26,47,16,0,89,0,3,46,0,49,26,50,62,0,138,70,0,70,208
10/21/2012,BIL,MT,ANM,WE,Combined TRACON& Tower with Radar,31,28,24,0,83,0,0,19,0,19,31,28,43,0,102,30,0,30,132
10/22/2012,BIL,MT,ANM,WE,Combined TRACON& Tower with Radar,29,69,22,0,120,0,0,13,0,13,29,69,35,0,133,12,0,12,145
10/23/2012,BIL,MT,ANM,WE,Combined TRACON& Tower with Radar,31,78,17,0,126,0,5,19,0,24,31,83,36,0,150,52,0,52,202
10/24/2012,BIL,MT,ANM,WE,Combined TRACON& Tower with Radar,30,80,50,2,162,0,5,28,0,33,30,85,78,2,195,38,0,38,233
10/25/2012,BIL,MT,ANM,WE,Combined TRACON& Tower with Radar,36,77,29,0,142,0,1,4,0,5,36,78,33,0,147,2,0,2,149
10/26/2012,BIL,MT,ANM,WE,Combined TRACON& Tower with Radar,31,83,25,1,140,0,4,40,0,44,31,87,65,1,184,46,0,46,230
10/27/2012,BIL,MT,ANM,WE,Combined TRACON& Tower with Radar,25,44,9,0,78,0,2,18,0,20,25,46,27,0,98,6,0,6,104
10/28/2012,BIL,MT,ANM,WE,Combined TRACON& Tower with Radar,29,30,18,0,77,0,0,19,0,19,29,30,37,0,96,0,0,0,96
10/29/2012,BIL,MT,ANM,WE,Combined TRACON& Tower with Radar,30,62,25,0,117,0,4,54,0,58,30,66,79,0,175,36,0,36,211
10/30/2012,BIL,MT,ANM,WE,Combined TRACON& Tower with Radar,30,78,46,1,155,0,9,93,2,104,30,87,139,3,259,118,0,118,377
10/31/2012,BIL,MT,ANM,WE,Combined TRACON& Tower with Radar,30,64,35,0,129,0,8,61,5,74,30,72,96,5,203,108,0,108,311
11/01/2012,BIL,MT,ANM,WE,Combined TRACON& Tower with Radar,36,73,33,0,142,0,9,62,0,71,36,82,95,0,213,106,0,106,319
11/02/2012,BIL,MT,ANM,WE,Combined TRACON& Tower with Radar,34,78,38,0,150,0,5,65,0,70,34,83,103,0,220,76,0,76,296
11/03/2012,BIL,MT,ANM,WE,Combined TRACON& Tower with Radar,21,49,29,2,101,0,3,70,2,75,21,52,99,4,176,53,0,53,229
11/04/2012,BIL,MT,ANM,WE,Combined TRACON& Tower with Radar,28,31,18,4,81,0,0,35,0,35,28,31,53,4,116,46,0,46,162
11/05/2012,BIL,MT,ANM,WE,Combined TRACON& Tower with Radar,32,56,31,0,119,0,9,51,0,60,32,65,82,0,179,30,0,30,209
11/06/2012,BIL,MT,ANM,WE,Combined TRACON& Tower with Radar,32,66,36,0,134,0,7,61,0,68,32,73,97,0,202,84,0,84,286
11/07/2012,BIL,MT,ANM,WE,Combined TRACON& Tower with Radar,30,76,55,3,164,0,13,59,0,72,30,89,114,3,236,52,0,52,288
11/08/2012,BIL,MT,ANM,WE,Combined TRACON& Tower with Radar,36,72,30,0,138,0,2,14,0,16,36,74,44,0,154,8,0,8,162
11/09/2012,BIL,MT,ANM,WE,Combined TRACON& Tower with Radar,36,52,12,0,100,0,0,1,0,1,36,52,13,0,101,0,0,0,101
11/10/2012,BIL,MT,ANM,WE,Combined TRACON& Tower with Radar,22,38,4,0,64,0,0,4,0,4,22,38,8,0,68,4,0,4,72
11/11/2012,BIL,MT,ANM,WE,Combined TRACON& Tower with Radar,29,33,23,2,87,0,1,23,0,24,29,34,46,2,111,54,0,54,165
11/12/2012,BIL,MT,ANM,WE,Combined TRACON& Tower with Radar,33,49,32,4,118,0,6,56,0,62,33,55,88,4,180,139,0,139,319
11/13/2012,BIL,MT,ANM,WE,Combined TRACON& Tower with Radar,32,57,35,0,124,0,10,67,0,77,32,67,102,0,201,110,0,110,311
11/14/2012,BIL,MT,ANM,WE,Combined TRACON& Tower with Radar,29,75,37,0,141,0,10,46,0,56,29,85,83,0,197,148,0,148,345
11/15/2012,BIL,MT,ANM,WE,Combined TRACON& Tower with Radar,39,74,30,0,143,0,15,72,0,87,39,89,102,0,230,90,0,90,320
11/16/2012,BIL,MT,ANM,WE,Combined TRACON& Tower with Radar,35,78,44,0,157,0,13,65,0,78,35,91,109,0,235,144,0,144,379
11/17/2012,BIL,MT,ANM,WE,Combined TRACON& Tower with Radar,21,47,11,0,79,0,3,62,1,66,21,50,73,1,145,108,0,108,253
11/18/2012,BIL,MT,ANM,WE,Combined TRACON& Tower with Radar,25,29,13,1,68,0,0,20,0,20,25,29,33,1,88,54,0,54,142
11/19/2012,BIL,MT,ANM,WE,Combined TRACON& Tower with Radar,31,67,28,1,127,0,4,42,0,46,31,71,70,1,173,91,0,91,264
11/20/2012,BIL,MT,ANM,WE,Combined TRACON& Tower with Radar,36,69,21,1,127,0,8,36,2,46,36,77,57,3,173,26,0,26,199
11/21/2012,BIL,MT,ANM,WE,Combined TRACON& Tower with Radar,36,72,22,0,130,0,5,30,0,35,36,77,52,0,165,74,0,74,239
11/22/2012,BIL,MT,ANM,WE,Combined TRACON& Tower with Radar,19,32,3,0,54,0,1,6,0,7,19,33,9,0,61,40,0,40,101
11/23/2012,BIL,MT,ANM,WE,Combined TRACON& Tower with Radar,22,61,21,0,104,0,6,23,0,29,22,67,44,0,133,12,0,12,145
11/24/2012,BIL,MT,ANM,WE,Combined TRACON& Tower with Radar,30,44,16,0,90,0,2,12,0,14,30,46,28,0,104,8,0,8,112
11/25/2012,BIL,MT,ANM,WE,Combined TRACON& Tower with Radar,33,28,9,0,70,0,0,0,0,0,33,28,9,0,70,0,0,0,70
11/26/2012,BIL,MT,ANM,WE,Combined TRACON& Tower with Radar,27,67,44,0,138,0,8,33,0,41,27,75,77,0,179,36,0,36,215
11/27/2012,BIL,MT,ANM,WE,Combined TRACON& Tower with Radar,33,70,27,0,130,0,8,54,0,62,33,78,81,0,192,64,0,64,256
11/28/2012,BIL,MT,ANM,WE,Combined TRACON& Tower with Radar,24,78,38,0,140,0,7,42,0,49,24,85,80,0,189,50,0,50,239
11/29/2012,BIL,MT,ANM,WE,Combined TRACON& Tower with Radar,34,71,40,3,148,0,3,42,1,46,34,74,82,4,194,70,0,70,264
11/30/2012,BIL,MT,ANM,WE,Combined TRACON& Tower with Radar,30,67,28,0,125,0,5,53,0,58,30,72,81,0,183,100,0,100,283
12/01/2012,BIL,MT,ANM,WE,Combined TRACON& Tower with Radar,21,48,17,0,86,0,3,38,0,41,21,51,55,0,127,94,0,94,221
12/02/2012,BIL,MT,ANM,WE,Combined TRACON& Tower with Radar,25,28,12,0,65,0,0,14,0,14,25,28,26,0,79,12,0,12,91
12/03/2012,BIL,MT,ANM,WE,Combined TRACON& Tower with Radar,28,65,37,2,132,0,6,40,0,46,28,71,77,2,178,46,0,46,224
12/04/2012,BIL,MT,ANM,WE,Combined TRACON& Tower with Radar,30,77,24,0,131,0,7,45,0,52,30,84,69,0,183,90,0,90,273
12/05/2012,BIL,MT,ANM,WE,Combined TRACON& Tower with Radar,30,72,29,0,131,0,6,46,0,52,30,78,75,0,183,72,0,72,255
12/06/2012,BIL,MT,ANM,WE,Combined TRACON& Tower with Radar,36,78,40,2,156,0,4,55,0,59,36,82,95,2,215,60,0,60,275
12/07/2012,BIL,MT,ANM,WE,Combined TRACON& Tower with Radar,34,78,29,0,141,0,3,21,0,24,34,81,50,0,165,54,0,54,219
12/08/2012,BIL,MT,ANM,WE,Combined TRACON& Tower with Radar,23,48,6,0,77,0,0,2,0,2,23,48,8,0,79,4,0,4,83
12/09/2012,BIL,MT,ANM,WE,Combined TRACON& Tower with Radar,28,41,18,0,87,0,4,31,0,35,28,45,49,0,122,28,0,28,150
12/10/2012,BIL,MT,ANM,WE,Combined TRACON& Tower with Radar,29,67,20,0,116,0,3,19,2,24,29,70,39,2,140,64,0,64,204
12/11/2012,BIL,MT,ANM,WE,Combined TRACON& Tower with Radar,29,86,22,2,139,0,9,23,0,32,29,95,45,2,171,18,0,18,189
12/12/2012,BIL,MT,ANM,WE,Combined TRACON& Tower with Radar,29,84,42,3,158,0,3,30,5,38,29,87,72,8,196,68,0,68,264
12/13/2012,BIL,MT,ANM,WE,Combined TRACON& Tower with Radar,37,79,39,0,155,0,8,73,3,84,37,87,112,3,239,158,0,158,397
12/14/2012,BIL,MT,ANM,WE,Combined TRACON& Tower with Radar,38,83,42,1,164,0,5,44,1,50,38,88,86,2,214,58,0,58,272
12/15/2012,BIL,MT,ANM,WE,Combined TRACON& Tower with Radar,23,49,23,0,95,0,3,36,0,39,23,52,59,0,134,68,0,68,202
12/16/2012,BIL,MT,ANM,WE,Combined TRACON& Tower with Radar,30,38,12,0,80,0,0,17,0,17,30,38,29,0,97,14,0,14,111
12/17/2012,BIL,MT,ANM,WE,Combined TRACON& Tower with Radar,34,62,38,0,134,0,5,16,0,21,34,67,54,0,155,50,0,50,205
12/18/2012,BIL,MT,ANM,WE,Combined TRACON& Tower with Radar,37,80,17,0,134,0,7,6,0,13,37,87,23,0,147,4,2,6,153
12/19/2012,BIL,MT,ANM,WE,Combined TRACON& Tower with Radar,39,86,35,0,160,0,11,27,0,38,39,97,62,0,198,37,0,37,235
12/20/2012,BIL,MT,ANM,WE,Combined TRACON& Tower with Radar,42,85,27,0,154,0,9,21,0,30,42,94,48,0,184,25,0,25,209
12/21/2012,BIL,MT,ANM,WE,Combined TRACON& Tower with Radar,43,90,27,0,160,0,7,33,0,40,43,97,60,0,200,2,0,2,202
12/22/2012,BIL,MT,ANM,WE,Combined TRACON& Tower with Radar,29,40,3,0,72,0,0,0,0,0,29,40,3,0,72,0,0,0,72
12/23/2012,BIL,MT,ANM,WE,Combined TRACON& Tower with Radar,34,21,16,0,71,0,0,20,0,20,34,21,36,0,91,0,0,0,91
12/24/2012,BIL,MT,ANM,WE,Combined TRACON& Tower with Radar,24,70,4,0,98,0,0,0,0,0,24,70,4,0,98,0,0,0,98
12/25/2012,BIL,MT,ANM,WE,Combined TRACON& Tower with Radar,21,31,2,0,54,0,0,9,0,9,21,31,11,0,63,0,0,0,63
12/26/2012,BIL,MT,ANM,WE,Combined TRACON& Tower with Radar,32,79,28,0,139,0,4,6,0,10,32,83,34,0,149,4,0,4,153
12/27/2012,BIL,MT,ANM,WE,Combined TRACON& Tower with Radar,41,78,29,2,150,0,7,16,0,23,41,85,45,2,173,32,0,32,205
12/28/2012,BIL,MT,ANM,WE,Combined TRACON& Tower with Radar,34,70,10,0,114,0,2,28,0,30,34,72,38,0,144,34,0,34,178
12/29/2012,BIL,MT,ANM,WE,Combined TRACON& Tower with Radar,25,44,11,0,80,0,6,22,0,28,25,50,33,0,108,4,0,4,112
12/30/2012,BIL,MT,ANM,WE,Combined TRACON& Tower with Radar,28,39,20,0,87,0,1,19,0,20,28,40,39,0,107,14,0,14,121
12/31/2012,BIL,MT,ANM,WE,Combined TRACON& Tower with Radar,27,81,20,0,128,0,6,19,0,25,27,87,39,0,153,12,0,12,165
01/01/2013,BIL,MT,ANM,WE,Combined TRACON& Tower with Radar,18,39,5,0,62,0,0,7,0,7,18,39,12,0,69,16,0,16,85
01/02/2013,BIL,MT,ANM,WE,Combined TRACON& Tower with Radar,31,70,23,0,124,0,5,13,0,18,31,75,36,0,142,22,0,22,164
01/03/2013,BIL,MT,ANM,WE,Combined TRACON& Tower with Radar,33,77,20,0,130,0,6,24,0,30,33,83,44,0,160,10,0,10,170
01/04/2013,BIL,MT,ANM,WE,Combined TRACON& Tower with Radar,30,76,24,0,130,0,4,37,0,41,30,80,61,0,171,46,0,46,217
01/05/2013,BIL,MT,ANM,WE,Combined TRACON& Tower with Radar,21,43,16,0,80,0,2,47,0,49,21,45,63,0,129,42,0,42,171
01/06/2013,BIL,MT,ANM,WE,Combined TRACON& Tower with Radar,24,34,19,0,77,0,0,16,0,16,24,34,35,0,93,82,0,82,175
01/07/2013,BIL,MT,ANM,WE,Combined TRACON& Tower with Radar,25,67,20,2,114,0,5,18,0,23,25,72,38,2,137,2,0,2,139
01/08/2013,BIL,MT,ANM,WE,Combined TRACON& Tower with Radar,26,75,28,0,129,0,8,16,0,24,26,83,44,0,153,22,0,22,175
01/09/2013,BIL,MT,ANM,WE,Combined TRACON& Tower with Radar,24,76,39,0,139,0,7,43,0,50,24,83,82,0,189,40,0,40,229
01/10/2013,BIL,MT,ANM,WE,Combined TRACON& Tower with Radar,32,80,31,0,143,0,2,22,0,24,32,82,53,0,167,55,0,55,222
01/11/2013,BIL,MT,ANM,WE,Combined TRACON& Tower with Radar,27,56,4,0,87,0,0,0,0,0,27,56,4,0,87,0,0,0,87
01/12/2013,BIL,MT,ANM,WE,Combined TRACON& Tower with Radar,18,46,17,0,81,0,3,23,0,26,18,49,40,0,107,64,0,64,171
01/13/2013,BIL,MT,ANM,WE,Combined TRACON& Tower with Radar,22,25,12,4,63,0,1,16,0,17,22,26,28,4,80,14,0,14,94
01/14/2013,BIL,MT,ANM,WE,Combined TRACON& Tower with Radar,23,63,28,0,114,0,4,34,0,38,23,67,62,0,152,36,0,36,188
01/15/2013,BIL,MT,ANM,WE,Combined TRACON& Tower with Radar,22,65,24,0,111,0,5,7,0,12,22,70,31,0,123,0,0,0,123
01/16/2013,BIL,MT,ANM,WE,Combined TRACON& Tower with Radar,21,70,28,0,119,0,6,60,0,66,21,76,88,0,185,138,0,138,323
01/17/2013,BIL,MT,ANM,WE,Combined TRACON& Tower with Radar,27,65,27,0,119,0,5,55,0,60,27,70,82,0,179,36,0,36,215
01/18/2013,BIL,MT,ANM,WE,Combined TRACON& Tower with Radar,25,73,14,0,112,0,6,26,0,32,25,79,40,0,144,26,0,26,170
01/19/2013,BIL,MT,ANM,WE,Combined TRACON& Tower with Radar,12,40,11,0,63,0,5,51,0,56,12,45,62,0,119,92,0,92,211
01/20/2013,BIL,MT,ANM,WE,Combined TRACON& Tower with Radar,20,23,5,0,48,0,0,6,0,6,20,23,11,0,54,4,0,4,58
01/21/2013,BIL,MT,ANM,WE,Combined TRACON& Tower with Radar,23,38,30,2,93,0,5,35,0,40,23,43,65,2,133,102,0,102,235
01/22/2013,BIL,MT,ANM,WE,Combined TRACON& Tower with Radar,27,75,28,2,132,0,15,53,0,68,27,90,81,2,200,60,0,60,260
01/23/2013,BIL,MT,ANM,WE,Combined TRACON& Tower with Radar,22,76,37,0,135,0,13,50,0,63,22,89,87,0,198,58,0,58,256
01/24/2013,BIL,MT,ANM,WE,Combined TRACON& Tower with Radar,24,70,25,0,119,0,11,37,0,48,24,81,62,0,167,32,0,32,199
01/25/2013,BIL,MT,ANM,WE,Combined TRACON& Tower with Radar,24,69,31,0,124,0,11,58,0,69,24,80,89,0,193,126,0,126,319
01/26/2013,BIL,MT,ANM,WE,Combined TRACON& Tower with Radar,15,39,22,0,76,0,4,60,0,64,15,43,82,0,140,61,0,61,201
01/27/2013,BIL,MT,ANM,WE,Combined TRACON& Tower with Radar,18,33,9,0,60,0,0,1,0,1,18,33,10,0,61,0,0,0,61
01/28/2013,BIL,MT,ANM,WE,Combined TRACON& Tower with Radar,19,62,25,0,106,0,6,39,0,45,19,68,64,0,151,36,0,36,187
01/29/2013,BIL,MT,ANM,WE,Combined TRACON& Tower with Radar,20,64,22,0,106,0,5,16,0,21,20,69,38,0,127,12,0,12,139
01/30/2013,BIL,MT,ANM,WE,Combined TRACON& Tower with Radar,24,72,22,0,118,0,2,8,0,10,24,74,30,0,128,42,0,42,170
01/31/2013,BIL,MT,ANM,WE,Combined TRACON& Tower with Radar,26,87,18,0,131,0,4,23,0,27,26,91,41,0,158,0,0,0,158
02/01/2013,BIL,MT,ANM,WE,Combined TRACON& Tower with Radar,24,90,36,0,150,0,6,46,0,52,24,96,82,0,202,80,0,80,282
02/02/2013,BIL,MT,ANM,WE,Combined TRACON& Tower with Radar,17,40,15,0,72,0,5,47,0,52,17,45,62,0,124,30,0,30,154
02/03/2013,BIL,MT,ANM,WE,Combined TRACON& Tower with Radar,20,35,9,4,68,0,1,8,0,9,20,36,17,4,77,4,0,4,81
02/04/2013,BIL,MT,ANM,WE,Combined TRACON& Tower with Radar,17,62,35,0,114,0,4,38,0,42,17,66,73,0,156,56,0,56,212
02/05/2013,BIL,MT,ANM,WE,Combined TRACON& Tower with Radar,22,75,29,0,126,0,6,56,0,62,22,81,85,0,188,69,0,69,257
02/06/2013,BIL,MT,ANM,WE,Combined TRACON& Tower with Radar,22,75,39,2,138,0,9,47,0,56,22,84,86,2,194,98,0,98,292
02/07/2013,BIL,MT,ANM,WE,Combined TRACON& Tower with Radar,24,76,31,0,131,0,6,37,0,43,24,82,68,0,174,66,0,66,240
02/08/2013,BIL,MT,ANM,WE,Combined TRACON& Tower with Radar,23,76,40,1,140,0,10,64,0,74,23,86,104,1,214,126,0,126,340
02/09/2013,BIL,MT,ANM,WE,Combined TRACON& Tower with Radar,13,49,17,0,79,0,1,50,0,51,13,50,67,0,130,72,0,72,202
02/10/2013,BIL,MT,ANM,WE,Combined TRACON& Tower with Radar,21,39,13,1,74,0,0,2,0,2,21,39,15,1,76,10,0,10,86
02/11/2013,BIL,MT,ANM,WE,Combined TRACON& Tower with Radar,19,72,26,0,117,0,11,29,0,40,19,83,55,0,157,22,0,22,179
02/12/2013,BIL,MT,ANM,WE,Combined TRACON& Tower with Radar,20,77,33,0,130,0,11,50,0,61,20,88,83,0,191,98,0,98,289
02/13/2013,BIL,MT,ANM,WE,Combined TRACON& Tower with Radar,24,78,16,0,118,0,9,22,0,31,24,87,38,0,149,38,0,38,187
02/14/2013,BIL,MT,ANM,WE,Combined TRACON& Tower with Radar,26,70,25,0,121,0,5,28,0,33,26,75,53,0,154,82,0,82,236
02/15/2013,BIL,MT,ANM,WE,Combined TRACON& Tower with Radar,26,73,47,1,147,0,6,75,1,82,26,79,122,2,229,86,0,86,315
02/16/2013,BIL,MT,ANM,WE,Combined TRACON& Tower with Radar,17,43,16,0,76,0,5,60,0,65,17,48,76,0,141,74,0,74,215
02/17/2013,BIL,MT,ANM,WE,Combined TRACON& Tower with Radar,21,38,3,0,62,0,3,7,0,10,21,41,10,0,72,18,0,18,90
02/18/2013,BIL,MT,ANM,WE,Combined TRACON& Tower with Radar,26,53,33,0,112,0,8,47,0,55,26,61,80,0,167,80,0,80,247
02/19/2013,BIL,MT,ANM,WE,Combined TRACON& Tower with Radar,28,70,39,2,139,0,11,53,0,64,28,81,92,2,203,104,3,107,310
02/20/2013,BIL,MT,ANM,WE,Combined TRACON& Tower with Radar,22,73,53,1,149,0,6,51,0,57,22,79,104,1,206,98,0,98,304
02/21/2013,BIL,MT,ANM,WE,Combined TRACON& Tower with Radar,26,78,40,0,144,0,5,47,0,52,26,83,87,0,196,66,0,66,262
02/22/2013,BIL,MT,ANM,WE,Combined TRACON& Tower with Radar,24,67,49,5,145,0,8,52,0,60,24,75,101,5,205,36,0,36,241
02/23/2013,BIL,MT,ANM,WE,Combined TRACON& Tower with Radar,17,55,10,0,82,0,0,4,0,4,17,55,14,0,86,6,0,6,92
02/24/2013,BIL,MT,ANM,WE,Combined TRACON& Tower with Radar,16,33,9,2,60,0,1,37,0,38,16,34,46,2,98,42,0,42,140
02/25/2013,BIL,MT,ANM,WE,Combined TRACON& Tower with Radar,23,56,44,0,123,0,8,51,0,59,23,64,95,0,182,70,0,70,252
02/26/2013,BIL,MT,ANM,WE,Combined TRACON& Tower with Radar,24,72,40,0,136,0,5,31,0,36,24,77,71,0,172,34,0,34,206
02/27/2013,BIL,MT,ANM,WE,Combined TRACON& Tower with Radar,22,69,37,0,128,0,9,57,0,66,22,78,94,0,194,100,0,100,294
02/28/2013,BIL,MT,ANM,WE,Combined TRACON& Tower with Radar,28,71,31,0,130,0,6,49,1,56,28,77,80,1,186,60,0,60,246
03/01/2013,BIL,MT,ANM,WE,Combined TRACON& Tower with Radar,24,68,20,0,112,0,4,27,0,31,24,72,47,0,143,30,0,30,173
03/02/2013,BIL,MT,ANM,WE,Combined TRACON& Tower with Radar,18,43,18,0,79,0,0,30,0,30,18,43,48,0,109,18,0,18,127
03/03/2013,BIL,MT,ANM,WE,Combined TRACON& Tower with Radar,27,33,11,0,71,0,0,8,0,8,27,33,19,0,79,24,0,24,103
03/04/2013,BIL,MT,ANM,WE,Combined TRACON& Tower with Radar,18,56,11,1,86,0,4,2,0,6,18,60,13,1,92,0,0,0,92
03/05/2013,BIL,MT,ANM,WE,Combined TRACON& Tower with Radar,24,68,23,1,116,0,6,43,1,50,24,74,66,2,166,48,0,48,214
03/06/2013,BIL,MT,ANM,WE,Combined TRACON& Tower with Radar,21,86,27,0,134,0,3,49,0,52,21,89,76,0,186,28,0,28,214
03/07/2013,BIL,MT,ANM,WE,Combined TRACON& Tower with Radar,28,81,26,0,135,0,7,55,0,62,28,88,81,0,197,72,0,72,269
03/08/2013,BIL,MT,ANM,WE,Combined TRACON& Tower with Radar,22,79,25,0,126,0,6,20,0,26,22,85,45,0,152,24,0,24,176
03/09/2013,BIL,MT,ANM,WE,Combined TRACON& Tower with Radar,17,51,14,0,82,0,3,37,0,40,17,54,51,0,122,60,0,60,182
03/10/2013,BIL,MT,ANM,WE,Combined TRACON& Tower with Radar,24,41,22,0,87,0,1,47,0,48,24,42,69,0,135,28,0,28,163
03/11/2013,BIL,MT,ANM,WE,Combined TRACON& Tower with Radar,22,70,25,0,117,0,4,18,0,22,22,74,43,0,139,14,0,14,153
03/12/2013,BIL,MT,ANM,WE,Combined TRACON& Tower with Radar,29,62,34,0,125,0,11,38,0,49,29,73,72,0,174,86,0,86,260
03/13/2013,BIL,MT,ANM,WE,Combined TRACON& Tower with Radar,24,72,33,0,129,0,8,43,0,51,24,80,76,0,180,61,0,61,241
03/14/2013,BIL,MT,ANM,WE,Combined TRACON& Tower with Radar,28,69,34,0,131,0,11,67,0,78,28,80,101,0,209,78,0,78,287
03/15/2013,BIL,MT,ANM,WE,Combined TRACON& Tower with Radar,24,74,28,0,126,0,6,22,1,29,24,80,50,1,155,70,0,70,225
03/16/2013,BIL,MT,ANM,WE,Combined TRACON& Tower with Radar,23,44,24,4,95,0,0,45,0,45,23,44,69,4,140,30,0,30,170
03/17/2013,BIL,MT,ANM,WE,Combined TRACON& Tower with Radar,22,32,9,0,63,0,0,0,0,0,22,32,9,0,63,0,0,0,63
03/18/2013,BIL,MT,ANM,WE,Combined TRACON& Tower with Radar,20,64,21,2,107,0,7,31,0,38,20,71,52,2,145,30,0,30,175
03/19/2013,BIL,MT,ANM,WE,Combined TRACON& Tower with Radar,28,70,35,0,133,0,5,31,0,36,28,75,66,0,169,60,0,60,229
03/20/2013,BIL,MT,ANM,WE,Combined TRACON& Tower with Radar,23,70,42,0,135,0,6,68,0,74,23,76,110,0,209,132,0,132,341
03/21/2013,BIL,MT,ANM,WE,Combined TRACON& Tower with Radar,29,68,37,0,134,0,1,26,0,27,29,69,63,0,161,16,0,16,177
03/22/2013,BIL,MT,ANM,WE,Combined TRACON& Tower with Radar,27,78,30,2,137,0,3,16,0,19,27,81,46,2,156,8,0,8,164
03/23/2013,BIL,MT,ANM,WE,Combined TRACON& Tower with Radar,19,40,24,0,83,0,2,50,0,52,19,42,74,0,135,22,0,22,157
03/24/2013,BIL,MT,ANM,WE,Combined TRACON& Tower with Radar,22,36,13,0,71,0,0,26,0,26,22,36,39,0,97,38,0,38,135
03/25/2013,BIL,MT,ANM,WE,Combined TRACON& Tower with Radar,22,66,42,2,132,0,10,86,0,96,22,76,128,2,228,42,0,42,270
03/26/2013,BIL,MT,ANM,WE,Combined TRACON& Tower with Radar,29,72,37,0,138,0,8,63,0,71,29,80,100,0,209,104,0,104,313
03/27/2013,BIL,MT,ANM,WE,Combined TRACON& Tower with Radar,22,75,52,0,149,0,6,77,2,85,22,81,129,2,234,136,0,136,370
03/28/2013,BIL,MT,ANM,WE,Combined TRACON& Tower with Radar,28,76,48,4,156,0,5,56,0,61,28,81,104,4,217,117,0,117,334
03/29/2013,BIL,MT,ANM,WE,Combined TRACON& Tower with Radar,24,84,10,5,123,0,3,34,0,37,24,87,44,5,160,38,0,38,198
03/30/2013,BIL,MT,ANM,WE,Combined TRACON& Tower with Radar,19,43,7,0,69,0,9,20,0,29,19,52,27,0,98,10,0,10,108
03/31/2013,BIL,MT,ANM,WE,Combined TRACON& Tower with Radar,21,31,7,0,59,0,0,13,0,13,21,31,20,0,72,0,0,0,72
04/01/2013,BIL,MT,ANM,WE,Combined TRACON& Tower with Radar,24,71,16,0,111,0,8,50,0,58,24,79,66,0,169,22,0,22,191
04/02/2013,BIL,MT,ANM,WE,Combined TRACON& Tower with Radar,28,75,35,0,138,0,11,69,2,82,28,86,104,2,220,84,8,92,312
04/03/2013,BIL,MT,ANM,WE,Combined TRACON& Tower with Radar,22,75,32,0,129,0,12,44,0,56,22,87,76,0,185,92,0,92,277
04/04/2013,BIL,MT,ANM,WE,Combined TRACON& Tower with Radar,32,70,34,0,136,0,8,66,0,74,32,78,100,0,210,72,0,72,282
04/05/2013,BIL,MT,ANM,WE,Combined TRACON& Tower with Radar,26,80,11,2,119,0,4,25,0,29,26,84,36,2,148,38,0,38,186
04/06/2013,BIL,MT,ANM,WE,Combined TRACON& Tower with Radar,18,49,15,0,82,0,2,48,0,50,18,51,63,0,132,90,0,90,222
04/07/2013,BIL,MT,ANM,WE,Combined TRACON& Tower with Radar,25,44,13,0,82,0,1,25,0,26,25,45,38,0,108,30,0,30,138
04/08/2013,BIL,MT,ANM,WE,Combined TRACON& Tower with Radar,23,69,19,0,111,0,1,0,0,1,23,70,19,0,112,0,0,0,112
04/09/2013,BIL,MT,ANM,WE,Combined TRACON& Tower with Radar,26,73,29,0,128,0,6,38,0,44,26,79,67,0,172,36,0,36,208
04/10/2013,BIL,MT,ANM,WE,Combined TRACON& Tower with Radar,22,67,39,0,128,0,6,69,0,75,22,73,108,0,203,84,0,84,287
04/11/2013,BIL,MT,ANM,WE,Combined TRACON& Tower with Radar,30,71,29,3,133,0,5,23,1,29,30,76,52,4,162,50,0,50,212
04/12/2013,BIL,MT,ANM,WE,Combined TRACON& Tower with Radar,22,80,41,0,143,0,5,55,0,60,22,85,96,0,203,138,0,138,341
04/13/2013,BIL,MT,ANM,WE,Combined TRACON& Tower with Radar,19,45,16,0,80,0,0,7,0,7,19,45,23,0,87,12,0,12,99
04/14/2013,BIL,MT,ANM,WE,Combined TRACON& Tower with Radar,20,32,14,0,66,0,0,5,0,5,20,32,19,0,71,0,0,0,71
04/15/2013,BIL,MT,ANM,WE,Combined TRACON& Tower with Radar,20,73,15,0,108,0,3,15,0,18,20,76,30,0,126,8,0,8,134
04/16/2013,BIL,MT,ANM,WE,Combined TRACON& Tower with Radar,28,77,26,0,131,0,2,1,0,3,28,79,27,0,134,6,0,6,140
04/17/2013,BIL,MT,ANM,WE,Combined TRACON& Tower with Radar,23,76,26,0,125,0,4,5,0,9,23,80,31,0,134,14,0,14,148
04/18/2013,BIL,MT,ANM,WE,Combined TRACON& Tower with Radar,27,72,36,0,135,0,4,82,1,87,27,76,118,1,222,178,0,178,400
04/19/2013,BIL,MT,ANM,WE,Combined TRACON& Tower with Radar,22,75,18,0,115,0,7,30,0,37,22,82,48,0,152,102,0,102,254
04/20/2013,BIL,MT,ANM,WE,Combined TRACON& Tower with Radar,18,45,22,0,85,0,1,35,0,36,18,46,57,0,121,32,0,32,153
04/21/2013,BIL,MT,ANM,WE,Combined TRACON& Tower with Radar,20,39,10,0,69,0,0,1,0,1,20,39,11,0,70,0,0,0,70
04/22/2013,BIL,MT,ANM,WE,Combined TRACON& Tower with Radar,24,72,10,0,106,0,2,8,0,10,24,74,18,0,116,14,0,14,130
04/23/2013,BIL,MT,ANM,WE,Combined TRACON& Tower with Radar,25,74,33,0,132,0,14,45,0,59,25,88,78,0,191,72,0,72,263
04/24/2013,BIL,MT,ANM,WE,Combined TRACON& Tower with Radar,24,80,39,0,143,0,8,35,0,43,24,88,74,0,186,32,0,32,218
04/25/2013,BIL,MT,ANM,WE,Combined TRACON& Tower with Radar,26,80,35,4,145,0,11,75,2,88,26,91,110,6,233,86,0,86,319
04/26/2013,BIL,MT,ANM,WE,Combined TRACON& Tower with Radar,24,71,34,0,129,0,4,82,0,86,24,75,116,0,215,78,0,78,293
04/27/2013,BIL,MT,ANM,WE,Combined TRACON& Tower with Radar,17,40,18,0,75,0,1,49,0,50,17,41,67,0,125,28,0,28,153
04/28/2013,BIL,MT,ANM,WE,Combined TRACON& Tower with Radar,20,39,13,0,72,0,0,26,0,26,20,39,39,0,98,38,0,38,136
04/29/2013,BIL,MT,ANM,WE,Combined TRACON& Tower with Radar,19,55,23,0,97,0,8,29,0,37,19,63,52,0,134,36,0,36,170
04/30/2013,BIL,MT,ANM,WE,Combined TRACON& Tower with Radar,26,79,16,0,121,0,11,16,1,28,26,90,32,1,149,26,0,26,175
05/01/2013,BIL,MT,ANM,WE,Combined TRACON& Tower with Radar,25,87,35,0,147,0,21,64,1,86,25,108,99,1,233,100,0,100,333
05/02/2013,BIL,MT,ANM,WE,Combined TRACON& Tower with Radar,28,88,37,0,153,0,12,65,0,77,28,100,102,0,230,64,0,64,294
05/03/2013,BIL,MT,ANM,WE,Combined TRACON& Tower with Radar,27,83,30,0,140,0,9,45,0,54,27,92,75,0,194,44,0,44,238
05/04/2013,BIL,MT,ANM,WE,Combined TRACON& Tower with Radar,20,39,10,0,69,0,1,19,0,20,20,40,29,0,89,26,0,26,115
05/05/2013,BIL,MT,ANM,WE,Combined TRACON& Tower with Radar,21,37,35,0,93,0,1,75,1,77,21,38,110,1,170,75,0,75,245
05/06/2013,BIL,MT,ANM,WE,Combined TRACON& Tower with Radar,21,58,17,0,96,0,9,62,0,71,21,67,79,0,167,54,0,54,221
05/07/2013,BIL,MT,ANM,WE,Combined TRACON& Tower with Radar,23,76,28,0,127,0,18,58,0,76,23,94,86,0,203,52,0,52,255
05/08/2013,BIL,MT,ANM,WE,Combined TRACON& Tower with Radar,23,66,41,0,130,0,16,51,0,67,23,82,92,0,197,68,0,68,265
05/09/2013,BIL,MT,ANM,WE,Combined TRACON& Tower with Radar,28,75,43,0,146,0,11,43,0,54,28,86,86,0,200,50,0,50,250
05/10/2013,BIL,MT,ANM,WE,Combined TRACON& Tower with Radar,28,75,27,0,130,0,9,41,0,50,28,84,68,0,180,18,0,18,198
05/11/2013,BIL,MT,ANM,WE,Combined TRACON& Tower with Radar,18,38,14,0,70,0,2,59,0,61,18,40,73,0,131,65,0,65,196
05/12/2013,BIL,MT,ANM,WE,Combined TRACON& Tower with Radar,20,39,9,0,68,0,1,18,0,19,20,40,27,0,87,14,0,14,101
05/13/2013,BIL,MT,ANM,WE,Combined TRACON& Tower with Radar,24,61,22,0,107,0,10,26,1,37,24,71,48,1,144,56,0,56,200
05/14/2013,BIL,MT,ANM,WE,Combined TRACON& Tower with Radar,23,72,24,0,119,0,12,63,1,76,23,84,87,1,195,108,0,108,303
05/15/2013,BIL,MT,ANM,WE,Combined TRACON& Tower with Radar,23,69,53,0,145,0,10,65,0,75,23,79,118,0,220,48,0,48,268
05/16/2013,BIL,MT,ANM,WE,Combined TRACON& Tower with Radar,26,77,37,0,140,0,19,50,0,69,26,96,87,0,209,58,0,58,267
05/17/2013,BIL,MT,ANM,WE,Combined TRACON& Tower with Radar,26,89,30,0,145,0,3,29,2,34,26,92,59,2,179,32,0,32,211
05/18/2013,BIL,MT,ANM,WE,Combined TRACON& Tower with Radar,19,37,23,0,79,0,1,9,0,10,19,38,32,0,89,12,0,12,101
05/19/2013,BIL,MT,ANM,WE,Combined TRACON& Tower with Radar,24,32,26,0,82,0,0,1,0,1,24,32,27,0,83,0,0,0,83
05/20/2013,BIL,MT,ANM,WE,Combined TRACON& Tower with Radar,24,57,31,0,112,0,8,16,1,25,24,65,47,1,137,10,0,10,147
05/21/2013,BIL,MT,ANM,WE,Combined TRACON& Tower with Radar,24,70,44,0,138,0,14,79,0,93,24,84,123,0,231,100,0,100,331
05/22/2013,BIL,MT,ANM,WE,Combined TRACON& Tower with Radar,25,72,44,2,143,0,8,33,1,42,25,80,77,3,185,44,0,44,229
05/23/2013,BIL,MT,ANM,WE,Combined TRACON& Tower with Radar,26,75,32,0,133,0,9,47,0,56,26,84,79,0,189,96,0,96,285
05/24/2013,BIL,MT,ANM,WE,Combined TRACON& Tower with Radar,27,71,25,2,125,0,8,83,1,92,27,79,108,3,217,26,0,26,243
05/25/2013,BIL,MT,ANM,WE,Combined TRACON& Tower with Radar,22,35,18,0,75,0,2,50,0,52,22,37,68,0,127,26,0,26,153
05/26/2013,BIL,MT,ANM,WE,Combined TRACON& Tower with Radar,20,23,20,0,63,0,0,24,0,24,20,23,44,0,87,12,0,12,99
05/27/2013,BIL,MT,ANM,WE,Combined TRACON& Tower with Radar,20,37,9,0,66,0,1,16,0,17,20,38,25,0,83,16,0,16,99
05/28/2013,BIL,MT,ANM,WE,Combined TRACON& Tower with Radar,19,68,38,0,125,0,15,40,0,55,19,83,78,0,180,56,0,56,236
05/29/2013,BIL,MT,ANM,WE,Combined TRACON& Tower with Radar,23,74,33,4,134,0,3,3,0,6,23,77,36,4,140,10,0,10,150
05/30/2013,BIL,MT,ANM,WE,Combined TRACON& Tower with Radar,28,80,33,0,141,0,1,7,0,8,28,81,40,0,149,2,0,2,151
05/31/2013,BIL,MT,ANM,WE,Combined TRACON& Tower with Radar,26,87,24,0,137,0,3,4,0,7,26,90,28,0,144,2,0,2,146
06/01/2013,BIL,MT,ANM,WE,Combined TRACON& Tower with Radar,19,50,13,0,82,0,2,56,0,58,19,52,69,0,140,70,0,70,210
06/02/2013,BIL,MT,ANM,WE,Combined TRACON& Tower with Radar,22,36,16,0,74,0,2,35,0,37,22,38,51,0,111,34,0,34,145
06/03/2013,BIL,MT,ANM,WE,Combined TRACON& Tower with Radar,23,66,24,0,113,0,7,11,0,18,23,73,35,0,131,8,0,8,139
06/04/2013,BIL,MT,ANM,WE,Combined TRACON& Tower with Radar,23,79,35,0,137,0,10,34,0,44,23,89,69,0,181,38,0,38,219
06/05/2013,BIL,MT,ANM,WE,Combined TRACON& Tower with Radar,23,68,41,2,134,0,11,74,3,88,23,79,115,5,222,108,0,108,330
06/06/2013,BIL,MT,ANM,WE,Combined TRACON& Tower with Radar,35,70,33,0,138,0,12,60,2,74,35,82,93,2,212,49,0,49,261
06/07/2013,BIL,MT,ANM,WE,Combined TRACON& Tower with Radar,27,64,24,2,117,0,17,53,0,70,27,81,77,2,187,36,0,36,223
06/08/2013,BIL,MT,ANM,WE,Combined TRACON& Tower with Radar,23,40,26,0,89,0,2,47,0,49,23,42,73,0,138,24,0,24,162
06/09/2013,BIL,MT,ANM,WE,Combined TRACON& Tower with Radar,28,30,18,0,76,0,2,45,0,47,28,32,63,0,123,27,0,27,150
06/10/2013,BIL,MT,ANM,WE,Combined TRACON& Tower with Radar,27,53,22,2,104,0,10,55,4,69,27,63,77,6,173,86,2,88,261
06/11/2013,BIL,MT,ANM,WE,Combined TRACON& Tower with Radar,34,64,23,0,121,0,15,29,0,44,34,79,52,0,165,50,0,50,215
06/12/2013,BIL,MT,ANM,WE,Combined TRACON& Tower with Radar,34,59,32,2,127,0,6,34,0,40,34,65,66,2,167,40,0,40,207
06/13/2013,BIL,MT,ANM,WE,Combined TRACON& Tower with Radar,39,66,31,0,136,0,12,28,0,40,39,78,59,0,176,46,0,46,222
06/14/2013,BIL,MT,ANM,WE,Combined TRACON& Tower with Radar,33,70,28,0,131,0,8,58,0,66,33,78,86,0,197,54,0,54,251
06/15/2013,BIL,MT,ANM,WE,Combined TRACON& Tower with Radar,31,36,12,0,79,0,5,42,0,47,31,41,54,0,126,54,0,54,180
06/16/2013,BIL,MT,ANM,WE,Combined TRACON& Tower with Radar,34,28,26,2,90,0,3,48,0,51,34,31,74,2,141,36,0,36,177
06/17/2013,BIL,MT,ANM,WE,Combined TRACON& Tower with Radar,31,60,53,0,144,0,14,89,0,103,31,74,142,0,247,88,0,88,335
06/18/2013,BIL,MT,ANM,WE,Combined TRACON& Tower with Radar,31,61,40,0,132,0,11,52,0,63,31,72,92,0,195,114,0,114,309
06/19/2013,BIL,MT,ANM,WE,Combined TRACON& Tower with Radar,31,67,40,2,140,0,10,51,1,62,31,77,91,3,202,76,0,76,278
06/20/2013,BIL,MT,ANM,WE,Combined TRACON& Tower with Radar,40,76,34,2,152,0,11,82,1,94,40,87,116,3,246,88,0,88,334
06/21/2013,BIL,MT,ANM,WE,Combined TRACON& Tower with Radar,34,72,25,0,131,0,7,61,0,68,34,79,86,0,199,128,0,128,327
06/22/2013,BIL,MT,ANM,WE,Combined TRACON& Tower with Radar,27,43,20,0,90,0,0,24,0,24,27,43,44,0,114,90,0,90,204
06/23/2013,BIL,MT,ANM,WE,Combined TRACON& Tower with Radar,30,26,31,0,87,0,1,58,0,59,30,27,89,0,146,40,0,40,186
06/24/2013,BIL,MT,ANM,WE,Combined TRACON& Tower with Radar,28,51,27,0,106,0,12,61,0,73,28,63,88,0,179,94,0,94,273
06/25/2013,BIL,MT,ANM,WE,Combined TRACON& Tower with Radar,35,69,36,0,140,0,11,45,2,58,35,80,81,2,198,56,0,56,254
06/26/2013,BIL,MT,ANM,WE,Combined TRACON& Tower with Radar,31,61,33,2,127,0,11,43,0,54,31,72,76,2,181,92,0,92,273
06/27/2013,BIL,MT,ANM,WE,Combined TRACON& Tower with Radar,40,63,33,2,138,0,12,69,0,81,40,75,102,2,219,40,0,40,259
06/28/2013,BIL,MT,ANM,WE,Combined TRACON& Tower with Radar,34,58,27,2,121,0,6,58,0,64,34,64,85,2,185,50,0,50,235
06/29/2013,BIL,MT,ANM,WE,Combined TRACON& Tower with Radar,28,48,23,0,99,0,5,36,0,41,28,53,59,0,140,37,0,37,177
06/30/2013,BIL,MT,ANM,WE,Combined TRACON& Tower with Radar,29,36,22,0,87,0,0,40,0,40,29,36,62,0,127,0,0,0,127
07/01/2013,BIL,MT,ANM,WE,Combined TRACON& Tower with Radar,25,57,22,2,106,0,7,44,0,51,25,64,66,2,157,36,0,36,193
07/02/2013,BIL,MT,ANM,WE,Combined TRACON& Tower with Radar,28,67,38,0,133,0,16,38,0,54,28,83,76,0,187,18,0,18,205
07/03/2013,BIL,MT,ANM,WE,Combined TRACON& Tower with Radar,32,69,26,0,127,0,13,39,0,52,32,82,65,0,179,14,0,14,193
07/04/2013,BIL,MT,ANM,WE,Combined TRACON& Tower with Radar,26,26,0,0,52,0,2,25,0,27,26,28,25,0,79,20,0,20,99
07/05/2013,BIL,MT,ANM,WE,Combined TRACON& Tower with Radar,22,56,14,0,92,0,10,27,0,37,22,66,41,0,129,23,0,23,152
07/06/2013,BIL,MT,ANM,WE,Combined TRACON& Tower with Radar,19,38,20,0,77,0,3,48,2,53,19,41,68,2,130,19,0,19,149
07/07/2013,BIL,MT,ANM,WE,Combined TRACON& Tower with Radar,34,27,20,0,81,0,1,35,2,38,34,28,55,2,119,4,0,4,123
07/08/2013,BIL,MT,ANM,WE,Combined TRACON& Tower with Radar,27,49,33,0,109,0,11,37,2,50,27,60,70,2,159,56,0,56,215
07/09/2013,BIL,MT,ANM,WE,Combined TRACON& Tower with Radar,33,59,30,0,122,0,16,44,4,64,33,75,74,4,186,6,0,6,192
07/10/2013,BIL,MT,ANM,WE,Combined TRACON& Tower with Radar,31,72,52,0,155,0,12,77,0,89,31,84,129,0,244,58,0,58,302
07/11/2013,BIL,MT,ANM,WE,Combined TRACON& Tower with Radar,38,75,28,0,141,0,12,69,0,81,38,87,97,0,222,24,0,24,246
07/12/2013,BIL,MT,ANM,WE,Combined TRACON& Tower with Radar,11,60,44,0,115,0,9,49,0,58,11,69,93,0,173,38,0,38,211
07/13/2013,BIL,MT,ANM,WE,Combined TRACON& Tower with Radar,0,35,17,0,52,0,3,45,2,50,0,38,62,2,102,26,0,26,128
07/14/2013,BIL,MT,ANM,WE,Combined TRACON& Tower with Radar,16,21,16,0,53,0,0,57,0,57,16,21,73,0,110,28,0,28,138
07/15/2013,BIL,MT,ANM,WE,Combined TRACON& Tower with Radar,28,57,37,1,123,0,14,49,0,63,28,71,86,1,186,18,0,18,204
07/16/2013,BIL,MT,ANM,WE,Combined TRACON& Tower with Radar,31,64,41,0,136,0,14,54,0,68,31,78,95,0,204,58,0,58,262
07/17/2013,BIL,MT,ANM,WE,Combined TRACON& Tower with Radar,33,62,33,0,128,0,12,47,0,59,33,74,80,0,187,38,0,38,225
07/18/2013,BIL,MT,ANM,WE,Combined TRACON& Tower with Radar,37,61,42,0,140,0,11,50,0,61,37,72,92,0,201,44,0,44,245
07/19/2013,BIL,MT,ANM,WE,Combined TRACON& Tower with Radar,9,61,13,1,84,0,13,28,0,41,9,74,41,1,125,14,0,14,139
07/20/2013,BIL,MT,ANM,WE,Combined TRACON& Tower with Radar,0,40,14,0,54,0,1,49,0,50,0,41,63,0,104,32,0,32,136
07/21/2013,BIL,MT,ANM,WE,Combined TRACON& Tower with Radar,15,20,23,0,58,0,1,18,0,19,15,21,41,0,77,12,0,12,89
07/22/2013,BIL,MT,ANM,WE,Combined TRACON& Tower with Radar,31,71,31,0,133,0,10,54,0,64,31,81,85,0,197,80,0,80,277
07/23/2013,BIL,MT,ANM,WE,Combined TRACON& Tower with Radar,33,55,29,0,117,0,12,62,0,74,33,67,91,0,191,132,0,132,323
07/24/2013,BIL,MT,ANM,WE,Combined TRACON& Tower with Radar,33,73,35,0,141,0,11,57,0,68,33,84,92,0,209,80,0,80,289
07/25/2013,BIL,MT,ANM,WE,Combined TRACON& Tower with Radar,39,74,42,0,155,0,14,66,1,81,39,88,108,1,236,124,0,124,360
07/26/2013,BIL,MT,ANM,WE,Combined TRACON& Tower with Radar,9,39,16,0,64,0,19,83,0,102,9,58,99,0,166,54,0,54,220
07/27/2013,BIL,MT,ANM,WE,Combined TRACON& Tower with Radar,0,34,12,0,46,0,5,30,0,35,0,39,42,0,81,72,0,72,153
07/28/2013,BIL,MT,ANM,WE,Combined TRACON& Tower with Radar,16,23,9,0,48,0,1,32,0,33,16,24,41,0,81,28,0,28,109
07/29/2013,BIL,MT,ANM,WE,Combined TRACON& Tower with Radar,25,56,40,0,121,0,16,38,2,56,25,72,78,2,177,56,2,58,235
07/30/2013,BIL,MT,ANM,WE,Combined TRACON& Tower with Radar,33,66,37,2,138,0,16,49,1,66,33,82,86,3,204,58,0,58,262
07/31/2013,BIL,MT,ANM,WE,Combined TRACON& Tower with Radar,29,66,44,0,139,0,14,59,0,73,29,80,103,0,212,32,0,32,244
08/01/2013,BIL,MT,ANM,WE,Combined TRACON& Tower with Radar,38,69,22,0,129,0,13,29,0,42,38,82,51,0,171,22,0,22,193
08/02/2013,BIL,MT,ANM,WE,Combined TRACON& Tower with Radar,9,45,24,0,78,0,12,34,0,46,9,57,58,0,124,9,0,9,133
08/03/2013,BIL,MT,ANM,WE,Combined TRACON& Tower with Radar,0,35,9,0,44,0,5,33,0,38,0,40,42,0,82,64,0,64,146
08/04/2013,BIL,MT,ANM,WE,Combined TRACON& Tower with Radar,14,18,12,0,44,0,3,35,0,38,14,21,47,0,82,27,0,27,109
08/05/2013,BIL,MT,ANM,WE,Combined TRACON& Tower with Radar,34,54,34,0,122,0,13,63,0,76,34,67,97,0,198,46,0,46,244
08/06/2013,BIL,MT,ANM,WE,Combined TRACON& Tower with Radar,31,72,30,12,145,0,17,56,0,73,31,89,86,12,218,50,8,58,276
08/07/2013,BIL,MT,ANM,WE,Combined TRACON& Tower with Radar,33,60,32,1,126,0,12,70,0,82,33,72,102,1,208,46,0,46,254
08/08/2013,BIL,MT,ANM,WE,Combined TRACON& Tower with Radar,37,77,35,9,158,0,13,46,0,59,37,90,81,9,217,46,14,60,277
08/09/2013,BIL,MT,ANM,WE,Combined TRACON& Tower with Radar,9,63,28,0,100,0,8,28,0,36,9,71,56,0,136,32,0,32,168
08/10/2013,BIL,MT,ANM,WE,Combined TRACON& Tower with Radar,0,40,20,0,60,0,5,33,0,38,0,45,53,0,98,60,0,60,158
08/11/2013,BIL,MT,ANM,WE,Combined TRACON& Tower with Radar,15,26,17,0,58,0,3,33,0,36,15,29,50,0,94,47,0,47,141
08/12/2013,BIL,MT,ANM,WE,Combined TRACON& Tower with Radar,25,56,28,0,109,0,13,40,0,53,25,69,68,0,162,36,0,36,198
08/13/2013,BIL,MT,ANM,WE,Combined TRACON& Tower with Radar,34,66,29,3,132,0,13,39,1,53,34,79,68,4,185,69,0,69,254
08/14/2013,BIL,MT,ANM,WE,Combined TRACON& Tower with Radar,32,70,42,0,144,0,14,61,1,76,32,84,103,1,220,90,2,92,312
08/15/2013,BIL,MT,ANM,WE,Combined TRACON& Tower with Radar,35,58,30,12,135,0,14,58,0,72,35,72,88,12,207,20,26,46,253
08/16/2013,BIL,MT,ANM,WE,Combined TRACON& Tower with Radar,11,60,29,3,103,0,10,45,0,55,11,70,74,3,158,22,0,22,180
08/17/2013,BIL,MT,ANM,WE,Combined TRACON& Tower with Radar,0,35,16,0,51,0,4,35,0,39,0,39,51,0,90,30,0,30,120
08/18/2013,BIL,MT,ANM,WE,Combined TRACON& Tower with Radar,11,30,16,1,58,0,0,28,0,28,11,30,44,1,86,34,0,34,120
08/19/2013,BIL,MT,ANM,WE,Combined TRACON& Tower with Radar,31,59,30,4,124,0,17,44,0,61,31,76,74,4,185,52,2,54,239
08/20/2013,BIL,MT,ANM,WE,Combined TRACON& Tower with Radar,30,65,28,0,123,0,18,40,8,66,30,83,68,8,189,28,0,28,217
08/21/2013,BIL,MT,ANM,WE,Combined TRACON& Tower with Radar,30,63,37,0,130,0,17,99,4,120,30,80,136,4,250,50,0,50,300
08/22/2013,BIL,MT,ANM,WE,Combined TRACON& Tower with Radar,33,69,31,0,133,0,28,76,2,106,33,97,107,2,239,74,0,74,313
08/23/2013,BIL,MT,ANM,WE,Combined TRACON& Tower with Radar,29,70,36,0,135,0,20,66,1,87,29,90,102,1,222,14,0,14,236
08/24/2013,BIL,MT,ANM,WE,Combined TRACON& Tower with Radar,22,50,18,0,90,0,6,55,0,61,22,56,73,0,151,42,0,42,193
08/25/2013,BIL,MT,ANM,WE,Combined TRACON& Tower with Radar,26,32,23,0,81,0,6,44,2,52,26,38,67,2,133,16,0,16,149
08/26/2013,BIL,MT,ANM,WE,Combined TRACON& Tower with Radar,29,55,43,0,127,0,15,50,0,65,29,70,93,0,192,24,0,24,216
08/27/2013,BIL,MT,ANM,WE,Combined TRACON& Tower with Radar,29,61,28,1,119,0,17,57,0,74,29,78,85,1,193,49,0,49,242
08/28/2013,BIL,MT,ANM,WE,Combined TRACON& Tower with Radar,31,62,26,1,120,0,16,53,1,70,31,78,79,2,190,74,0,74,264
08/29/2013,BIL,MT,ANM,WE,Combined TRACON& Tower with Radar,32,61,41,0,134,0,14,46,0,60,32,75,87,0,194,50,0,50,244
08/30/2013,BIL,MT,ANM,WE,Combined TRACON& Tower with Radar,32,69,25,0,126,0,16,98,3,117,32,85,123,3,243,88,0,88,331
08/31/2013,BIL,MT,ANM,WE,Combined TRACON& Tower with Radar,17,37,12,0,66,0,9,73,2,84,17,46,85,2,150,88,0,88,238
09/01/2013,BIL,MT,ANM,WE,Combined TRACON& Tower with Radar,22,21,13,0,56,2,5,22,1,30,24,26,35,1,86,44,0,44,130
09/02/2013,BIL,MT,ANM,WE,Combined TRACON& Tower with Radar,23,32,21,0,76,0,0,36,0,36,23,32,57,0,112,46,0,46,158
09/03/2013,BIL,MT,ANM,WE,Combined TRACON& Tower with Radar,22,57,40,16,135,0,10,50,0,60,22,67,90,16,195,36,2,38,233
09/04/2013,BIL,MT,ANM,WE,Combined TRACON& Tower with Radar,23,71,40,4,138,0,15,65,0,80,23,86,105,4,218,56,4,60,278
09/05/2013,BIL,MT,ANM,WE,Combined TRACON& Tower with Radar,30,63,30,0,123,0,10,62,0,72,30,73,92,0,195,28,0,28,223
09/06/2013,BIL,MT,ANM,WE,Combined TRACON& Tower with Radar,31,75,28,8,142,0,19,67,0,86,31,94,95,8,228,60,8,68,296
09/07/2013,BIL,MT,ANM,WE,Combined TRACON& Tower with Radar,17,41,20,0,78,0,6,66,3,75,17,47,86,3,153,110,0,110,263
09/08/2013,BIL,MT,ANM,WE,Combined TRACON& Tower with Radar,26,28,25,0,79,0,1,16,0,17,26,29,41,0,96,21,0,21,117
09/09/2013,BIL,MT,ANM,WE,Combined TRACON& Tower with Radar,28,52,34,0,114,0,10,67,1,78,28,62,101,1,192,72,0,72,264
09/10/2013,BIL,MT,ANM,WE,Combined TRACON& Tower with Radar,26,54,30,0,110,0,13,85,0,98,26,67,115,0,208,86,36,122,330
09/11/2013,BIL,MT,ANM,WE,Combined TRACON& Tower with Radar,26,71,46,0,143,0,11,92,1,104,26,82,138,1,247,108,0,108,355
09/12/2013,BIL,MT,ANM,WE,Combined TRACON& Tower with Radar,31,60,62,0,153,0,14,67,2,83,31,74,129,2,236,78,28,106,342
09/13/2013,BIL,MT,ANM,WE,Combined TRACON& Tower with Radar,28,75,27,2,132,0,15,58,2,75,28,90,85,4,207,106,0,106,313
09/14/2013,BIL,MT,ANM,WE,Combined TRACON& Tower with Radar,15,45,21,0,81,0,2,4,0,6,15,47,25,0,87,8,0,8,95
09/15/2013,BIL,MT,ANM,WE,Combined TRACON& Tower with Radar,21,37,27,0,85,0,0,19,0,19,21,37,46,0,104,60,0,60,164
09/16/2013,BIL,MT,ANM,WE,Combined TRACON& Tower with Radar,27,54,43,2,126,0,14,62,0,76,27,68,105,2,202,70,0,70,272
09/17/2013,BIL,MT,ANM,WE,Combined TRACON& Tower with Radar,27,57,29,1,114,0,18,29,0,47,27,75,58,1,161,60,0,60,221
09/18/2013,BIL,MT,ANM,WE,Combined TRACON& Tower with Radar,27,55,26,1,109,0,11,21,0,32,27,66,47,1,141,56,0,56,197
09/19/2013,BIL,MT,ANM,WE,Combined TRACON& Tower with Radar,30,61,53,0,144,0,16,81,0,97,30,77,134,0,241,94,0,94,335
09/20/2013,BIL,MT,ANM,WE,Combined TRACON& Tower with Radar,27,62,38,2,129,0,16,80,4,100,27,78,118,6,229,102,0,102,331
09/21/2013,BIL,MT,ANM,WE,Combined TRACON& Tower with Radar,16,47,16,0,79,0,2,96,0,98,16,49,112,0,177,164,0,164,341
09/22/2013,BIL,MT,ANM,WE,Combined TRACON& Tower with Radar,21,32,19,2,74,0,0,40,0,40,21,32,59,2,114,32,1,33,147
09/23/2013,BIL,MT,ANM,WE,Combined TRACON& Tower with Radar,30,57,19,0,106,0,11,49,0,60,30,68,68,0,166,34,0,34,200
09/24/2013,BIL,MT,ANM,WE,Combined TRACON& Tower with Radar,28,67,30,0,125,0,14,57,0,71,28,81,87,0,196,118,0,118,314
09/25/2013,BIL,MT,ANM,WE,Combined TRACON& Tower with Radar,26,75,29,0,130,0,5,9,0,14,26,80,38,0,144,4,0,4,148
09/26/2013,BIL,MT,ANM,WE,Combined TRACON& Tower with Radar,30,94,39,0,163,0,8,14,0,22,30,102,53,0,185,68,0,68,253
09/27/2013,BIL,MT,ANM,WE,Combined TRACON& Tower with Radar,30,56,35,2,123,0,15,44,0,59,30,71,79,2,182,126,0,126,308
09/28/2013,BIL,MT,ANM,WE,Combined TRACON& Tower with Radar,15,38,28,2,83,0,2,59,1,62,15,40,87,3,145,198,0,198,343
09/29/2013,BIL,MT,ANM,WE,Combined TRACON& Tower with Radar,22,38,14,0,74,0,1,17,0,18,22,39,31,0,92,0,0,0,92
09/30/2013,BIL,MT,ANM,WE,Combined TRACON& Tower with Radar,23,67,19,0,109,0,10,29,0,39,23,77,48,0,148,42,0,42,190
10/01/2013,BIL,MT,ANM,WE,Combined TRACON& Tower with Radar,26,59,24,0,109,0,12,86,0,98,26,71,110,0,207,146,0,146,353
10/02/2013,BIL,MT,ANM,WE,Combined TRACON& Tower with Radar,25,59,32,0,116,0,11,70,0,81,25,70,102,0,197,98,0,98,295
10/03/2013,BIL,MT,ANM,WE,Combined TRACON& Tower with Radar,29,72,19,0,120,0,0,0,0,0,29,72,19,0,120,2,0,2,122
10/04/2013,BIL,MT,ANM,WE,Combined TRACON& Tower with Radar,25,73,16,0,114,0,4,29,0,33,25,77,45,0,147,72,0,72,219
10/05/2013,BIL,MT,ANM,WE,Combined TRACON& Tower with Radar,18,34,12,0,64,0,3,63,0,66,18,37,75,0,130,170,0,170,300
10/06/2013,BIL,MT,ANM,WE,Combined TRACON& Tower with Radar,22,25,14,0,61,0,0,35,0,35,22,25,49,0,96,54,0,54,150
10/07/2013,BIL,MT,ANM,WE,Combined TRACON& Tower with Radar,23,63,35,0,121,0,10,63,0,73,23,73,98,0,194,38,0,38,232
10/08/2013,BIL,MT,ANM,WE,Combined TRACON& Tower with Radar,26,59,37,0,122,0,11,81,0,92,26,70,118,0,214,168,0,168,382
10/09/2013,BIL,MT,ANM,WE,Combined TRACON& Tower with Radar,25,57,33,0,115,0,11,68,0,79,25,68,101,0,194,76,0,76,270
10/10/2013,BIL,MT,ANM,WE,Combined TRACON& Tower with Radar,29,57,27,6,119,0,13,53,1,67,29,70,80,7,186,106,0,106,292
10/11/2013,BIL,MT,ANM,WE,Combined TRACON& Tower with Radar,28,70,37,0,135,0,8,18,0,26,28,78,55,0,161,10,0,10,171
10/12/2013,BIL,MT,ANM,WE,Combined TRACON& Tower with Radar,18,42,26,0,86,0,1,72,0,73,18,43,98,0,159,130,0,130,289
10/13/2013,BIL,MT,ANM,WE,Combined TRACON& Tower with Radar,29,30,19,0,78,0,2,9,0,11,29,32,28,0,89,86,0,86,175
10/14/2013,BIL,MT,ANM,WE,Combined TRACON& Tower with Radar,29,53,24,0,106,0,4,0,0,4,29,57,24,0,110,4,0,4,114
10/15/2013,BIL,MT,ANM,WE,Combined TRACON& Tower with Radar,26,57,39,0,122,0,14,63,0,77,26,71,102,0,199,82,0,82,281
10/16/2013,BIL,MT,ANM,WE,Combined TRACON& Tower with Radar,28,68,31,0,127,0,12,52,0,64,28,80,83,0,191,54,0,54,245
10/17/2013,BIL,MT,ANM,WE,Combined TRACON& Tower with Radar,28,77,42,0,147,0,8,20,0,28,28,85,62,0,175,16,0,16,191
10/18/2013,BIL,MT,ANM,WE,Combined TRACON& Tower with Radar,30,64,26,0,120,0,11,81,0,92,30,75,107,0,212,66,0,66,278
10/19/2013,BIL,MT,ANM,WE,Combined TRACON& Tower with Radar,21,50,14,0,85,0,6,46,1,53,21,56,60,1,138,50,0,50,188
10/20/2013,BIL,MT,ANM,WE,Combined TRACON& Tower with Radar,21,33,28,0,82,0,1,28,0,29,21,34,56,0,111,20,0,20,131
10/21/2013,BIL,MT,ANM,WE,Combined TRACON& Tower with Radar,23,57,31,0,111,0,19,63,0,82,23,76,94,0,193,54,0,54,247
10/22/2013,BIL,MT,ANM,WE,Combined TRACON& Tower with Radar,28,60,31,2,121,0,10,54,0,64,28,70,85,2,185,74,0,74,259
10/23/2013,BIL,MT,ANM,WE,Combined TRACON& Tower with Radar,26,68,40,0,134,0,13,61,0,74,26,81,101,0,208,76,0,76,284
10/24/2013,BIL,MT,ANM,WE,Combined TRACON& Tower with Radar,28,60,33,2,123,0,14,67,1,82,28,74,100,3,205,50,0,50,255
10/25/2013,BIL,MT,ANM,WE,Combined TRACON& Tower with Radar,26,62,34,0,122,0,11,88,0,99,26,73,122,0,221,76,2,78,299
10/26/2013,BIL,MT,ANM,WE,Combined TRACON& Tower with Radar,17,39,15,0,71,0,3,78,0,81,17,42,93,0,152,166,0,166,318
10/27/2013,BIL,MT,ANM,WE,Combined TRACON& Tower with Radar,23,21,20,0,64,0,0,27,0,27,23,21,47,0,91,28,0,28,119
10/28/2013,BIL,MT,ANM,WE,Combined TRACON& Tower with Radar,23,56,16,0,95,0,0,0,0,0,23,56,16,0,95,0,0,0,95
10/29/2013,BIL,MT,ANM,WE,Combined TRACON& Tower with Radar,27,83,23,0,133,0,1,3,0,4,27,84,26,0,137,0,0,0,137
10/30/2013,BIL,MT,ANM,WE,Combined TRACON& Tower with Radar,26,58,41,0,125,0,10,35,0,45,26,68,76,0,170,19,0,19,189
10/31/2013,BIL,MT,ANM,WE,Combined TRACON& Tower with Radar,26,65,19,0,110,0,9,27,0,36,26,74,46,0,146,18,0,18,164
11/01/2013,BIL,MT,ANM,WE,Combined TRACON& Tower with Radar,26,73,31,0,130,0,18,58,0,76,26,91,89,0,206,28,0,28,234
11/02/2013,BIL,MT,ANM,WE,Combined TRACON& Tower with Radar,17,32,9,0,58,0,1,96,0,97,17,33,105,0,155,132,0,132,287
11/03/2013,BIL,MT,ANM,WE,Combined TRACON& Tower with Radar,23,22,11,0,56,0,0,15,0,15,23,22,26,0,71,36,0,36,107
11/04/2013,BIL,MT,ANM,WE,Combined TRACON& Tower with Radar,25,74,12,0,111,0,3,8,0,11,25,77,20,0,122,44,0,44,166
11/05/2013,BIL,MT,ANM,WE,Combined TRACON& Tower with Radar,28,61,27,0,116,0,6,48,3,57,28,67,75,3,173,100,0,100,273
11/06/2013,BIL,MT,ANM,WE,Combined TRACON& Tower with Radar,28,54,38,6,126,0,8,53,0,61,28,62,91,6,187,98,0,98,285
11/07/2013,BIL,MT,ANM,WE,Combined TRACON& Tower with Radar,30,62,30,0,122,0,8,44,0,52,30,70,74,0,174,84,0,84,258
11/08/2013,BIL,MT,ANM,WE,Combined TRACON& Tower with Radar,28,59,18,0,105,0,10,15,0,25,28,69,33,0,130,40,0,40,170
11/09/2013,BIL,MT,ANM,WE,Combined TRACON& Tower with Radar,24,37,18,0,79,0,3,91,4,98,24,40,109,4,177,74,0,74,251
11/10/2013,BIL,MT,ANM,WE,Combined TRACON& Tower with Radar,25,20,15,1,61,0,2,23,1,26,25,22,38,2,87,68,0,68,155
11/11/2013,BIL,MT,ANM,WE,Combined TRACON& Tower with Radar,25,51,13,1,90,0,10,6,0,16,25,61,19,1,106,4,0,4,110
11/12/2013,BIL,MT,ANM,WE,Combined TRACON& Tower with Radar,30,58,35,0,123,0,13,50,1,64,30,71,85,1,187,80,0,80,267
11/13/2013,BIL,MT,ANM,WE,Combined TRACON& Tower with Radar,32,60,34,0,126,0,18,54,0,72,32,78,88,0,198,64,0,64,262
11/14/2013,BIL,MT,ANM,WE,Combined TRACON& Tower with Radar,30,60,28,0,118,0,14,60,0,74,30,74,88,0,192,72,0,72,264
11/15/2013,BIL,MT,ANM,WE,Combined TRACON& Tower with Radar,27,64,51,0,142,0,9,45,0,54,27,73,96,0,196,8,0,8,204
11/16/2013,BIL,MT,ANM,WE,Combined TRACON& Tower with Radar,23,43,20,0,86,0,4,47,0,51,23,47,67,0,137,54,0,54,191
11/17/2013,BIL,MT,ANM,WE,Combined TRACON& Tower with Radar,25,25,25,2,77,0,2,32,0,34,25,27,57,2,111,44,0,44,155
11/18/2013,BIL,MT,ANM,WE,Combined TRACON& Tower with Radar,25,57,28,0,110,0,9,42,0,51,25,66,70,0,161,14,0,14,175
11/19/2013,BIL,MT,ANM,WE,Combined TRACON& Tower with Radar,28,53,39,0,120,0,9,44,0,53,28,62,83,0,173,30,0,30,203
11/20/2013,BIL,MT,ANM,WE,Combined TRACON& Tower with Radar,28,47,16,0,91,0,3,1,0,4,28,50,17,0,95,0,0,0,95
11/21/2013,BIL,MT,ANM,WE,Combined TRACON& Tower with Radar,30,62,22,0,114,0,15,26,2,43,30,77,48,2,157,16,0,16,173
11/22/2013,BIL,MT,ANM,WE,Combined TRACON& Tower with Radar,27,67,38,0,132,0,8,72,1,81,27,75,110,1,213,102,0,102,315
11/23/2013,BIL,MT,ANM,WE,Combined TRACON& Tower with Radar,23,41,15,0,79,0,2,56,0,58,23,43,71,0,137,54,0,54,191
11/24/2013,BIL,MT,ANM,WE,Combined TRACON& Tower with Radar,24,24,11,0,59,0,1,51,0,52,24,25,62,0,111,84,0,84,195
11/25/2013,BIL,MT,ANM,WE,Combined TRACON& Tower with Radar,24,54,28,0,106,0,15,53,0,68,24,69,81,0,174,103,0,103,277
11/26/2013,BIL,MT,ANM,WE,Combined TRACON& Tower with Radar,29,69,31,0,129,0,11,61,2,74,29,80,92,2,203,90,0,90,293
11/27/2013,BIL,MT,ANM,WE,Combined TRACON& Tower with Radar,31,59,32,0,122,0,9,47,0,56,31,68,79,0,178,58,0,58,236
11/28/2013,BIL,MT,ANM,WE,Combined TRACON& Tower with Radar,10,22,5,0,37,0,1,15,0,16,10,23,20,0,53,12,0,12,65
11/29/2013,BIL,MT,ANM,WE,Combined TRACON& Tower with Radar,20,48,13,0,81,0,8,47,0,55,20,56,60,0,136,38,0,38,174
11/30/2013,BIL,MT,ANM,WE,Combined TRACON& Tower with Radar,22,49,18,2,91,0,3,38,0,41,22,52,56,2,132,66,0,66,198
12/01/2013,BIL,MT,ANM,WE,Combined TRACON& Tower with Radar,24,25,24,0,73,0,1,20,0,21,24,26,44,0,94,18,0,18,112
12/02/2013,BIL,MT,ANM,WE,Combined TRACON& Tower with Radar,21,59,17,0,97,0,1,2,0,3,21,60,19,0,100,0,0,0,100
12/03/2013,BIL,MT,ANM,WE,Combined TRACON& Tower with Radar,33,64,14,0,111,0,0,0,0,0,33,64,14,0,111,0,0,0,111
12/04/2013,BIL,MT,ANM,WE,Combined TRACON& Tower with Radar,27,62,23,0,112,0,4,5,0,9,27,66,28,0,121,6,0,6,127
12/05/2013,BIL,MT,ANM,WE,Combined TRACON& Tower with Radar,30,60,15,0,105,0,9,17,1,27,30,69,32,1,132,8,0,8,140
12/06/2013,BIL,MT,ANM,WE,Combined TRACON& Tower with Radar,26,62,24,0,112,0,6,6,0,12,26,68,30,0,124,2,0,2,126
12/07/2013,BIL,MT,ANM,WE,Combined TRACON& Tower with Radar,23,37,7,0,67,0,2,4,0,6,23,39,11,0,73,0,0,0,73
12/08/2013,BIL,MT,ANM,WE,Combined TRACON& Tower with Radar,22,27,8,0,57,0,1,0,0,1,22,28,8,0,58,0,0,0,58
12/09/2013,BIL,MT,ANM,WE,Combined TRACON& Tower with Radar,27,59,28,0,114,0,2,0,0,2,27,61,28,0,116,8,0,8,124
12/10/2013,BIL,MT,ANM,WE,Combined TRACON& Tower with Radar,29,82,28,0,139,0,2,4,0,6,29,84,32,0,145,14,0,14,159
12/11/2013,BIL,MT,ANM,WE,Combined TRACON& Tower with Radar,28,68,34,10,140,0,36,22,2,60,28,104,56,12,200,46,10,56,256
12/12/2013,BIL,MT,ANM,WE,Combined TRACON& Tower with Radar,32,60,44,0,136,0,31,71,0,102,32,91,115,0,238,104,0,104,342
12/13/2013,BIL,MT,ANM,WE,Combined TRACON& Tower with Radar,27,89,35,0,151,0,9,34,1,44,27,98,69,1,195,90,0,90,285
12/14/2013,BIL,MT,ANM,WE,Combined TRACON& Tower with Radar,22,48,11,0,81,0,13,37,0,50,22,61,48,0,131,90,0,90,221
12/15/2013,BIL,MT,ANM,WE,Combined TRACON& Tower with Radar,23,32,8,0,63,0,18,21,0,39,23,50,29,0,102,57,0,57,159
12/16/2013,BIL,MT,ANM,WE,Combined TRACON& Tower with Radar,25,64,28,0,117,0,10,54,0,64,25,74,82,0,181,111,0,111,292
12/17/2013,BIL,MT,ANM,WE,Combined TRACON& Tower with Radar,32,71,47,0,150,0,29,42,0,71,32,100,89,0,221,44,0,44,265
12/18/2013,BIL,MT,ANM,WE,Combined TRACON& Tower with Radar,31,81,25,0,137,0,13,25,0,38,31,94,50,0,175,54,0,54,229
12/19/2013,BIL,MT,ANM,WE,Combined TRACON& Tower with Radar,36,92,26,0,154,0,11,9,0,20,36,103,35,0,174,8,0,8,182
12/20/2013,BIL,MT,ANM,WE,Combined TRACON& Tower with Radar,31,86,26,0,143,0,23,22,0,45,31,109,48,0,188,17,0,17,205
12/21/2013,BIL,MT,ANM,WE,Combined TRACON& Tower with Radar,27,66,8,0,101,0,2,2,0,4,27,68,10,0,105,10,0,10,115
12/22/2013,BIL,MT,ANM,WE,Combined TRACON& Tower with Radar,31,58,8,0,97,0,2,1,0,3,31,60,9,0,100,0,0,0,100
12/23/2013,BIL,MT,ANM,WE,Combined TRACON& Tower with Radar,25,65,18,0,108,0,9,14,2,25,25,74,32,2,133,2,0,2,135
12/24/2013,BIL,MT,ANM,WE,Combined TRACON& Tower with Radar,29,84,6,0,119,0,14,6,0,20,29,98,12,0,139,2,0,2,141
12/25/2013,BIL,MT,ANM,WE,Combined TRACON& Tower with Radar,14,29,3,0,46,0,8,14,0,22,14,37,17,0,68,17,0,17,85
12/26/2013,BIL,MT,ANM,WE,Combined TRACON& Tower with Radar,32,73,12,0,117,0,16,25,1,42,32,89,37,1,159,26,0,26,185
12/27/2013,BIL,MT,ANM,WE,Combined TRACON& Tower with Radar,25,74,19,0,118,0,20,24,0,44,25,94,43,0,162,0,0,0,162
12/28/2013,BIL,MT,ANM,WE,Combined TRACON& Tower with Radar,24,68,8,0,100,0,11,6,0,17,24,79,14,0,117,4,0,4,121
12/29/2013,BIL,MT,ANM,WE,Combined TRACON& Tower with Radar,27,45,27,0,99,0,9,30,0,39,27,54,57,0,138,12,0,12,150
12/30/2013,BIL,MT,ANM,WE,Combined TRACON& Tower with Radar,22,75,11,0,108,0,17,21,0,38,22,92,32,0,146,26,0,26,172
12/31/2013,BIL,MT,ANM,WE,Combined TRACON& Tower with Radar,30,69,9,0,108,0,5,9,0,14,30,74,18,0,122,8,0,8,130
01/01/2014,BIL,MT,ANM,WE,Combined TRACON& Tower with Radar,16,39,15,0,70,0,5,13,0,18,16,44,28,0,88,12,0,12,100
01/02/2014,BIL,MT,ANM,WE,Combined TRACON& Tower with Radar,29,75,10,0,114,0,16,10,0,26,29,91,20,0,140,10,0,10,150
01/03/2014,BIL,MT,ANM,WE,Combined TRACON& Tower with Radar,25,88,25,0,138,0,11,6,0,17,25,99,31,0,155,0,0,0,155
01/04/2014,BIL,MT,ANM,WE,Combined TRACON& Tower with Radar,19,66,9,0,94,0,1,0,0,1,19,67,9,0,95,0,0,0,95
01/05/2014,BIL,MT,ANM,WE,Combined TRACON& Tower with Radar,21,37,2,0,60,0,7,8,0,15,21,44,10,0,75,0,0,0,75
01/06/2014,BIL,MT,ANM,WE,Combined TRACON& Tower with Radar,18,61,14,0,93,0,14,5,0,19,18,75,19,0,112,14,0,14,126
01/07/2014,BIL,MT,ANM,WE,Combined TRACON& Tower with Radar,25,79,19,0,123,0,9,5,0,14,25,88,24,0,137,6,0,6,143
01/08/2014,BIL,MT,ANM,WE,Combined TRACON& Tower with Radar,23,74,18,0,115,0,15,42,1,58,23,89,60,1,173,40,0,40,213
01/09/2014,BIL,MT,ANM,WE,Combined TRACON& Tower with Radar,25,72,21,0,118,0,23,27,0,50,25,95,48,0,168,52,0,52,220
01/10/2014,BIL,MT,ANM,WE,Combined TRACON& Tower with Radar,22,68,15,0,105,0,19,19,0,38,22,87,34,0,143,36,0,36,179
01/11/2014,BIL,MT,ANM,WE,Combined TRACON& Tower with Radar,13,42,3,0,58,0,21,27,0,48,13,63,30,0,106,34,0,34,140
01/12/2014,BIL,MT,ANM,WE,Combined TRACON& Tower with Radar,18,31,8,0,57,0,11,5,0,16,18,42,13,0,73,0,0,0,73
01/13/2014,BIL,MT,ANM,WE,Combined TRACON& Tower with Radar,19,64,18,0,101,0,7,2,0,9,19,71,20,0,110,2,0,2,112
01/14/2014,BIL,MT,ANM,WE,Combined TRACON& Tower with Radar,24,84,34,0,142,0,9,17,0,26,24,93,51,0,168,16,0,16,184
01/15/2014,BIL,MT,ANM,WE,Combined TRACON& Tower with Radar,22,64,29,0,115,0,17,8,0,25,22,81,37,0,140,2,0,2,142
01/16/2014,BIL,MT,ANM,WE,Combined TRACON& Tower with Radar,24,64,38,0,126,0,27,82,2,111,24,91,120,2,237,108,4,112,349
01/17/2014,BIL,MT,ANM,WE,Combined TRACON& Tower with Radar,21,53,34,3,111,0,31,49,0,80,21,84,83,3,191,74,0,74,265
01/18/2014,BIL,MT,ANM,WE,Combined TRACON& Tower with Radar,12,50,32,0,94,0,24,59,0,83,12,74,91,0,177,78,0,78,255
01/19/2014,BIL,MT,ANM,WE,Combined TRACON& Tower with Radar,19,28,17,0,64,0,27,33,0,60,19,55,50,0,124,42,0,42,166
01/20/2014,BIL,MT,ANM,WE,Combined TRACON& Tower with Radar,23,40,31,0,94,0,28,62,0,90,23,68,93,0,184,92,0,92,276
01/21/2014,BIL,MT,ANM,WE,Combined TRACON& Tower with Radar,22,59,35,0,116,0,25,65,0,90,22,84,100,0,206,78,0,78,284
01/22/2014,BIL,MT,ANM,WE,Combined TRACON& Tower with Radar,22,90,22,0,134,0,1,0,0,1,22,91,22,0,135,2,0,2,137
01/23/2014,BIL,MT,ANM,WE,Combined TRACON& Tower with Radar,24,70,21,0,115,0,23,7,0,30,24,93,28,0,145,7,0,7,152
01/24/2014,BIL,MT,ANM,WE,Combined TRACON& Tower with Radar,22,76,36,0,134,0,24,37,0,61,22,100,73,0,195,22,0,22,217
01/25/2014,BIL,MT,ANM,WE,Combined TRACON& Tower with Radar,13,43,11,0,67,0,17,61,0,78,13,60,72,0,145,94,0,94,239
01/26/2014,BIL,MT,ANM,WE,Combined TRACON& Tower with Radar,18,40,12,0,70,0,4,3,0,7,18,44,15,0,77,2,0,2,79
01/27/2014,BIL,MT,ANM,WE,Combined TRACON& Tower with Radar,19,52,20,0,91,0,28,42,0,70,19,80,62,0,161,118,0,118,279
01/28/2014,BIL,MT,ANM,WE,Combined TRACON& Tower with Radar,23,56,32,0,111,0,29,36,0,65,23,85,68,0,176,70,0,70,246
01/29/2014,BIL,MT,ANM,WE,Combined TRACON& Tower with Radar,22,78,20,0,120,0,6,9,0,15,22,84,29,0,135,10,0,10,145
01/30/2014,BIL,MT,ANM,WE,Combined TRACON& Tower with Radar,25,87,18,0,130,0,1,0,0,1,25,88,18,0,131,1,0,1,132
01/31/2014,BIL,MT,ANM,WE,Combined TRACON& Tower with Radar,23,80,18,0,121,0,8,43,0,51,23,88,61,0,172,48,0,48,220
02/01/2014,BIL,MT,ANM,WE,Combined TRACON& Tower with Radar,18,59,14,0,91,33,11,39,0,83,51,70,53,0,174,132,0,132,306
02/02/2014,BIL,MT,ANM,WE,Combined TRACON& Tower with Radar,18,36,21,0,75,0,9,42,0,51,18,45,63,0,126,66,0,66,192
02/03/2014,BIL,MT,ANM,WE,Combined TRACON& Tower with Radar,21,83,20,0,124,0,2,0,0,2,21,85,20,0,126,0,0,0,126
02/04/2014,BIL,MT,ANM,WE,Combined TRACON& Tower with Radar,22,87,27,0,136,0,2,3,0,5,22,89,30,0,141,4,0,4,145
02/05/2014,BIL,MT,ANM,WE,Combined TRACON& Tower with Radar,22,81,28,0,131,0,11,3,0,14,22,92,31,0,145,0,0,0,145
02/06/2014,BIL,MT,ANM,WE,Combined TRACON& Tower with Radar,27,58,19,0,104,0,25,4,0,29,27,83,23,0,133,4,0,4,137
02/07/2014,BIL,MT,ANM,WE,Combined TRACON& Tower with Radar,23,79,25,0,127,0,11,15,0,26,23,90,40,0,153,18,0,18,171
02/08/2014,BIL,MT,ANM,WE,Combined TRACON& Tower with Radar,15,67,5,1,88,0,2,0,0,2,15,69,5,1,90,2,0,2,92
02/09/2014,BIL,MT,ANM,WE,Combined TRACON& Tower with Radar,20,41,9,1,71,0,5,4,0,9,20,46,13,1,80,4,0,4,84
02/10/2014,BIL,MT,ANM,WE,Combined TRACON& Tower with Radar,18,61,23,0,102,0,15,19,0,34,18,76,42,0,136,10,0,10,146
02/11/2014,BIL,MT,ANM,WE,Combined TRACON& Tower with Radar,23,79,32,0,134,0,6,7,0,13,23,85,39,0,147,14,0,14,161
02/12/2014,BIL,MT,ANM,WE,Combined TRACON& Tower with Radar,28,82,17,0,127,3,12,29,1,45,31,94,46,1,172,55,0,55,227
02/13/2014,BIL,MT,ANM,WE,Combined TRACON& Tower with Radar,29,86,35,0,150,0,19,23,0,42,29,105,58,0,192,46,0,46,238
02/14/2014,BIL,MT,ANM,WE,Combined TRACON& Tower with Radar,25,96,20,0,141,0,8,59,0,67,25,104,79,0,208,122,0,122,330
02/15/2014,BIL,MT,ANM,WE,Combined TRACON& Tower with Radar,19,52,19,0,90,0,19,74,0,93,19,71,93,0,183,64,0,64,247
02/16/2014,BIL,MT,ANM,WE,Combined TRACON& Tower with Radar,21,43,12,0,76,0,9,17,0,26,21,52,29,0,102,8,0,8,110
02/17/2014,BIL,MT,ANM,WE,Combined TRACON& Tower with Radar,20,38,23,0,81,0,25,19,0,44,20,63,42,0,125,15,0,15,140
02/18/2014,BIL,MT,ANM,WE,Combined TRACON& Tower with Radar,29,57,21,0,107,0,24,25,0,49,29,81,46,0,156,54,0,54,210
02/19/2014,BIL,MT,ANM,WE,Combined TRACON& Tower with Radar,24,60,34,0,118,0,14,15,0,29,24,74,49,0,147,14,0,14,161
02/20/2014,BIL,MT,ANM,WE,Combined TRACON& Tower with Radar,30,72,40,0,142,0,12,49,0,61,30,84,89,0,203,120,0,120,323
02/21/2014,BIL,MT,ANM,WE,Combined TRACON& Tower with Radar,25,82,18,0,125,0,5,13,0,18,25,87,31,0,143,0,0,0,143
02/22/2014,BIL,MT,ANM,WE,Combined TRACON& Tower with Radar,18,63,22,0,103,0,1,10,0,11,18,64,32,0,114,30,0,30,144
02/23/2014,BIL,MT,ANM,WE,Combined TRACON& Tower with Radar,22,48,13,0,83,0,0,0,0,0,22,48,13,0,83,0,0,0,83
02/24/2014,BIL,MT,ANM,WE,Combined TRACON& Tower with Radar,20,77,21,8,126,0,7,0,0,7,20,84,21,8,133,0,0,0,133
02/25/2014,BIL,MT,ANM,WE,Combined TRACON& Tower with Radar,27,66,23,0,116,0,28,43,0,71,27,94,66,0,187,137,0,137,324
02/26/2014,BIL,MT,ANM,WE,Combined TRACON& Tower with Radar,23,59,25,0,107,0,30,13,2,45,23,89,38,2,152,15,0,15,167
02/27/2014,BIL,MT,ANM,WE,Combined TRACON& Tower with Radar,27,68,32,0,127,0,25,41,0,66,27,93,73,0,193,83,0,83,276
02/28/2014,BIL,MT,ANM,WE,Combined TRACON& Tower with Radar,22,79,9,0,110,0,0,0,0,0,22,79,9,0,110,0,0,0,110
03/01/2014,BIL,MT,ANM,WE,Combined TRACON& Tower with Radar,18,44,7,0,69,0,0,0,0,0,18,44,7,0,69,0,0,0,69
03/02/2014,BIL,MT,ANM,WE,Combined TRACON& Tower with Radar,17,34,11,0,62,0,5,8,0,13,17,39,19,0,75,0,0,0,75
03/03/2014,BIL,MT,ANM,WE,Combined TRACON& Tower with Radar,26,58,12,2,98,0,5,18,1,24,26,63,30,3,122,8,4,12,134
03/04/2014,BIL,MT,ANM,WE,Combined TRACON& Tower with Radar,27,74,35,0,136,0,10,44,0,54,27,84,79,0,190,40,0,40,230
03/05/2014,BIL,MT,ANM,WE,Combined TRACON& Tower with Radar,29,67,32,0,128,0,15,34,0,49,29,82,66,0,177,52,0,52,229
03/06/2014,BIL,MT,ANM,WE,Combined TRACON& Tower with Radar,29,80,27,1,137,0,10,35,0,45,29,90,62,1,182,74,0,74,256
03/07/2014,BIL,MT,ANM,WE,Combined TRACON& Tower with Radar,26,88,21,0,135,0,8,16,0,24,26,96,37,0,159,58,0,58,217
03/08/2014,BIL,MT,ANM,WE,Combined TRACON& Tower with Radar,19,41,20,0,80,0,30,43,0,73,19,71,63,0,153,60,0,60,213
03/09/2014,BIL,MT,ANM,WE,Combined TRACON& Tower with Radar,20,25,11,0,56,0,25,9,0,34,20,50,20,0,90,14,0,14,104
03/10/2014,BIL,MT,ANM,WE,Combined TRACON& Tower with Radar,25,79,39,0,143,0,5,0,0,5,25,84,39,0,148,11,0,11,159
03/11/2014,BIL,MT,ANM,WE,Combined TRACON& Tower with Radar,33,67,29,0,129,0,19,42,0,61,33,86,71,0,190,79,0,79,269
03/12/2014,BIL,MT,ANM,WE,Combined TRACON& Tower with Radar,30,69,34,0,133,0,29,83,0,112,30,98,117,0,245,100,0,100,345
03/13/2014,BIL,MT,ANM,WE,Combined TRACON& Tower with Radar,30,75,21,0,126,0,18,33,0,51,30,93,54,0,177,54,0,54,231
03/14/2014,BIL,MT,ANM,WE,Combined TRACON& Tower with Radar,28,67,23,14,132,0,27,63,3,93,28,94,86,17,225,94,10,104,329
03/15/2014,BIL,MT,ANM,WE,Combined TRACON& Tower with Radar,20,61,22,0,103,0,4,17,0,21,20,65,39,0,124,20,0,20,144
03/16/2014,BIL,MT,ANM,WE,Combined TRACON& Tower with Radar,21,39,22,0,82,0,15,43,0,58,21,54,65,0,140,34,0,34,174
03/17/2014,BIL,MT,ANM,WE,Combined TRACON& Tower with Radar,24,73,17,0,114,0,5,8,0,13,24,78,25,0,127,8,0,8,135
03/18/2014,BIL,MT,ANM,WE,Combined TRACON& Tower with Radar,34,73,24,0,131,0,13,42,3,58,34,86,66,3,189,80,0,80,269
03/19/2014,BIL,MT,ANM,WE,Combined TRACON& Tower with Radar,31,65,39,0,135,0,24,70,1,95,31,89,109,1,230,96,12,108,338
03/20/2014,BIL,MT,ANM,WE,Combined TRACON& Tower with Radar,33,82,26,0,141,0,13,23,2,38,33,95,49,2,179,68,0,68,247
03/21/2014,BIL,MT,ANM,WE,Combined TRACON& Tower with Radar,28,85,21,0,134,0,1,1,0,2,28,86,22,0,136,0,0,0,136
03/22/2014,BIL,MT,ANM,WE,Combined TRACON& Tower with Radar,20,63,13,0,96,0,2,20,0,22,20,65,33,0,118,56,0,56,174
03/23/2014,BIL,MT,ANM,WE,Combined TRACON& Tower with Radar,20,51,11,0,82,0,0,8,0,8,20,51,19,0,90,8,0,8,98
03/24/2014,BIL,MT,ANM,WE,Combined TRACON& Tower with Radar,26,78,19,6,129,0,1,3,1,5,26,79,22,7,134,4,0,4,138
03/25/2014,BIL,MT,ANM,WE,Combined TRACON& Tower with Radar,32,62,33,6,133,0,24,94,1,119,32,86,127,7,252,190,14,204,456
03/26/2014,BIL,MT,ANM,WE,Combined TRACON& Tower with Radar,29,75,26,0,130,0,14,32,0,46,29,89,58,0,176,132,0,132,308
03/27/2014,BIL,MT,ANM,WE,Combined TRACON& Tower with Radar,29,79,23,0,131,0,7,25,0,32,29,86,48,0,163,48,0,48,211
03/28/2014,BIL,MT,ANM,WE,Combined TRACON& Tower with Radar,30,84,40,1,155,0,9,51,0,60,30,93,91,1,215,90,0,90,305
03/29/2014,BIL,MT,ANM,WE,Combined TRACON& Tower with Radar,20,54,9,0,83,0,16,44,0,60,20,70,53,0,143,48,0,48,191
03/30/2014,BIL,MT,ANM,WE,Combined TRACON& Tower with Radar,21,58,18,0,97,0,2,2,0,4,21,60,20,0,101,6,0,6,107
03/31/2014,BIL,MT,ANM,WE,Combined TRACON& Tower with Radar,25,81,16,0,122,0,3,12,0,15,25,84,28,0,137,18,0,18,155
04/01/2014,BIL,MT,ANM,WE,Combined TRACON& Tower with Radar,30,78,14,2,124,0,0,2,0,2,30,78,16,2,126,4,1,5,131
04/02/2014,BIL,MT,ANM,WE,Combined TRACON& Tower with Radar,26,71,31,0,128,0,0,4,0,4,26,71,35,0,132,2,0,2,134
04/03/2014,BIL,MT,ANM,WE,Combined TRACON& Tower with Radar,30,79,33,0,142,0,14,57,0,71,30,93,90,0,213,46,0,46,259
04/04/2014,BIL,MT,ANM,WE,Combined TRACON& Tower with Radar,30,61,29,0,120,0,25,61,0,86,30,86,90,0,206,82,0,82,288
04/05/2014,BIL,MT,ANM,WE,Combined TRACON& Tower with Radar,18,49,24,0,91,0,16,85,0,101,18,65,109,0,192,120,0,120,312
04/06/2014,BIL,MT,ANM,WE,Combined TRACON& Tower with Radar,26,42,9,0,77,0,15,25,0,40,26,57,34,0,117,14,0,14,131
04/07/2014,BIL,MT,ANM,WE,Combined TRACON& Tower with Radar,26,53,25,0,104,0,19,86,0,105,26,72,111,0,209,74,0,74,283
04/08/2014,BIL,MT,ANM,WE,Combined TRACON& Tower with Radar,28,69,33,0,130,0,20,62,2,84,28,89,95,2,214,106,0,106,320
04/09/2014,BIL,MT,ANM,WE,Combined TRACON& Tower with Radar,31,79,32,0,142,0,8,51,0,59,31,87,83,0,201,78,0,78,279
04/10/2014,BIL,MT,ANM,WE,Combined TRACON& Tower with Radar,30,70,38,2,140,0,20,43,0,63,30,90,81,2,203,58,0,58,261
04/11/2014,BIL,MT,ANM,WE,Combined TRACON& Tower with Radar,29,68,19,4,120,0,16,79,0,95,29,84,98,4,215,154,0,154,369
04/12/2014,BIL,MT,ANM,WE,Combined TRACON& Tower with Radar,19,58,13,0,90,0,3,24,0,27,19,61,37,0,117,40,0,40,157
04/13/2014,BIL,MT,ANM,WE,Combined TRACON& Tower with Radar,22,42,13,0,77,0,4,20,0,24,22,46,33,0,101,31,0,31,132
04/14/2014,BIL,MT,ANM,WE,Combined TRACON& Tower with Radar,26,58,36,20,140,0,23,70,0,93,26,81,106,20,233,66,20,86,319
04/15/2014,BIL,MT,ANM,WE,Combined TRACON& Tower with Radar,28,70,31,0,129,0,10,32,0,42,28,80,63,0,171,36,0,36,207
04/16/2014,BIL,MT,ANM,WE,Combined TRACON& Tower with Radar,28,84,23,8,143,0,5,10,0,15,28,89,33,8,158,10,8,18,176
04/17/2014,BIL,MT,ANM,WE,Combined TRACON& Tower with Radar,30,79,36,0,145,0,10,74,0,84,30,89,110,0,229,129,0,129,358
04/18/2014,BIL,MT,ANM,WE,Combined TRACON& Tower with Radar,26,72,28,0,126,0,18,39,0,57,26,90,67,0,183,52,0,52,235
04/19/2014,BIL,MT,ANM,WE,Combined TRACON& Tower with Radar,18,49,22,2,91,0,20,84,0,104,18,69,106,2,195,108,0,108,303
04/20/2014,BIL,MT,ANM,WE,Combined TRACON& Tower with Radar,21,25,7,0,53,0,23,32,0,55,21,48,39,0,108,54,0,54,162
04/21/2014,BIL,MT,ANM,WE,Combined TRACON& Tower with Radar,25,64,19,8,116,0,26,62,0,88,25,90,81,8,204,118,2,120,324
04/22/2014,BIL,MT,ANM,WE,Combined TRACON& Tower with Radar,32,75,28,8,143,2,29,48,0,79,34,104,76,8,222,126,4,130,352
04/23/2014,BIL,MT,ANM,WE,Combined TRACON& Tower with Radar,28,74,34,0,136,0,10,15,0,25,28,84,49,0,161,50,0,50,211
04/24/2014,BIL,MT,ANM,WE,Combined TRACON& Tower with Radar,30,74,40,0,144,0,19,56,0,75,30,93,96,0,219,94,0,94,313
04/25/2014,BIL,MT,ANM,WE,Combined TRACON& Tower with Radar,28,58,35,0,121,0,19,61,0,80,28,77,96,0,201,108,0,108,309
04/26/2014,BIL,MT,ANM,WE,Combined TRACON& Tower with Radar,17,54,16,2,89,0,6,53,0,59,17,60,69,2,148,144,0,144,292
04/27/2014,BIL,MT,ANM,WE,Combined TRACON& Tower with Radar,26,46,22,2,96,0,3,16,0,19,26,49,38,2,115,72,0,72,187
04/28/2014,BIL,MT,ANM,WE,Combined TRACON& Tower with Radar,32,73,35,3,143,0,12,12,1,25,32,85,47,4,168,20,0,20,188
04/29/2014,BIL,MT,ANM,WE,Combined TRACON& Tower with Radar,30,77,28,8,143,0,5,11,0,16,30,82,39,8,159,2,8,10,169
04/30/2014,BIL,MT,ANM,WE,Combined TRACON& Tower with Radar,28,70,28,14,140,0,10,37,0,47,28,80,65,14,187,16,16,32,219
05/01/2014,BIL,MT,ANM,WE,Combined TRACON& Tower with Radar,32,66,39,0,137,0,16,97,0,113,32,82,136,0,250,157,0,157,407
05/02/2014,BIL,MT,ANM,WE,Combined TRACON& Tower with Radar,29,73,24,0,126,0,10,56,1,67,29,83,80,1,193,74,0,74,267
05/03/2014,BIL,MT,ANM,WE,Combined TRACON& Tower with Radar,22,62,13,0,97,0,0,3,0,3,22,62,16,0,100,6,0,6,106
05/04/2014,BIL,MT,ANM,WE,Combined TRACON& Tower with Radar,25,50,29,0,104,0,1,23,0,24,25,51,52,0,128,40,0,40,168
05/05/2014,BIL,MT,ANM,WE,Combined TRACON& Tower with Radar,31,67,36,20,154,0,19,40,0,59,31,86,76,20,213,54,22,76,289
05/06/2014,BIL,MT,ANM,WE,Combined TRACON& Tower with Radar,32,75,19,0,126,0,4,2,0,6,32,79,21,0,132,2,0,2,134
05/07/2014,BIL,MT,ANM,WE,Combined TRACON& Tower with Radar,32,73,25,0,130,0,0,4,0,4,32,73,29,0,134,4,0,4,138
05/08/2014,BIL,MT,ANM,WE,Combined TRACON& Tower with Radar,29,90,42,4,165,0,5,76,1,82,29,95,118,5,247,158,4,162,409
05/09/2014,BIL,MT,ANM,WE,Combined TRACON& Tower with Radar,28,87,29,1,145,0,7,42,1,50,28,94,71,2,195,94,2,96,291
05/10/2014,BIL,MT,ANM,WE,Combined TRACON& Tower with Radar,21,66,30,0,117,0,3,47,0,50,21,69,77,0,167,60,0,60,227
05/11/2014,BIL,MT,ANM,WE,Combined TRACON& Tower with Radar,28,36,6,0,70,0,5,21,0,26,28,41,27,0,96,122,0,122,218
05/12/2014,BIL,MT,ANM,WE,Combined TRACON& Tower with Radar,26,67,40,0,133,0,13,66,0,79,26,80,106,0,212,126,0,126,338
05/13/2014,BIL,MT,ANM,WE,Combined TRACON& Tower with Radar,28,67,43,0,138,0,22,49,6,77,28,89,92,6,215,124,18,142,357
05/14/2014,BIL,MT,ANM,WE,Combined TRACON& Tower with Radar,33,70,47,0,150,0,11,82,0,93,33,81,129,0,243,134,0,134,377
05/15/2014,BIL,MT,ANM,WE,Combined TRACON& Tower with Radar,30,73,37,0,140,0,15,70,1,86,30,88,107,1,226,162,0,162,388
05/16/2014,BIL,MT,ANM,WE,Combined TRACON& Tower with Radar,27,80,35,0,142,0,16,75,0,91,27,96,110,0,233,124,0,124,357
05/17/2014,BIL,MT,ANM,WE,Combined TRACON& Tower with Radar,22,58,29,0,109,0,8,65,0,73,22,66,94,0,182,184,0,184,366
05/18/2014,BIL,MT,ANM,WE,Combined TRACON& Tower with Radar,27,40,15,0,82,0,5,23,0,28,27,45,38,0,110,54,0,54,164
05/19/2014,BIL,MT,ANM,WE,Combined TRACON& Tower with Radar,27,65,38,8,138,0,16,60,2,78,27,81,98,10,216,72,8,80,296
05/20/2014,BIL,MT,ANM,WE,Combined TRACON& Tower with Radar,29,73,46,0,148,0,6,86,5,97,29,79,132,5,245,86,0,86,331
05/21/2014,BIL,MT,ANM,WE,Combined TRACON& Tower with Radar,33,64,32,4,133,0,15,59,0,74,33,79,91,4,207,94,4,98,305
05/22/2014,BIL,MT,ANM,WE,Combined TRACON& Tower with Radar,32,65,42,0,139,0,18,56,0,74,32,83,98,0,213,145,0,145,358
05/23/2014,BIL,MT,ANM,WE,Combined TRACON& Tower with Radar,30,62,34,0,126,0,36,50,0,86,30,98,84,0,212,62,0,62,274
05/24/2014,BIL,MT,ANM,WE,Combined TRACON& Tower with Radar,21,36,32,0,89,0,19,37,0,56,21,55,69,0,145,62,0,62,207
05/25/2014,BIL,MT,ANM,WE,Combined TRACON& Tower with Radar,22,28,9,0,59,0,11,36,0,47,22,39,45,0,106,84,0,84,190
05/26/2014,BIL,MT,ANM,WE,Combined TRACON& Tower with Radar,21,32,30,2,85,0,26,50,0,76,21,58,80,2,161,61,0,61,222
05/27/2014,BIL,MT,ANM,WE,Combined TRACON& Tower with Radar,24,64,31,3,122,0,22,46,1,69,24,86,77,4,191,42,0,42,233
05/28/2014,BIL,MT,ANM,WE,Combined TRACON& Tower with Radar,29,67,28,0,124,0,28,58,2,88,29,95,86,2,212,108,4,112,324
05/29/2014,BIL,MT,ANM,WE,Combined TRACON& Tower with Radar,29,62,38,0,129,0,31,63,0,94,29,93,101,0,223,66,0,66,289
05/30/2014,BIL,MT,ANM,WE,Combined TRACON& Tower with Radar,26,63,20,0,109,0,35,33,4,72,26,98,53,4,181,60,9,69,250
05/31/2014,BIL,MT,ANM,WE,Combined TRACON& Tower with Radar,21,41,8,0,70,0,33,18,0,51,21,74,26,0,121,58,0,58,179
06/01/2014,BIL,MT,ANM,WE,Combined TRACON& Tower with Radar,26,50,6,0,82,0,10,15,0,25,26,60,21,0,107,32,0,32,139
06/02/2014,BIL,MT,ANM,WE,Combined TRACON& Tower with Radar,23,56,24,0,103,0,19,51,0,70,23,75,75,0,173,16,0,16,189
06/03/2014,BIL,MT,ANM,WE,Combined TRACON& Tower with Radar,28,63,29,0,120,0,20,36,0,56,28,83,65,0,176,34,0,34,210
06/04/2014,BIL,MT,ANM,WE,Combined TRACON& Tower with Radar,28,66,38,0,132,0,17,34,0,51,28,83,72,0,183,49,0,49,232
06/05/2014,BIL,MT,ANM,WE,Combined TRACON& Tower with Radar,37,61,33,0,131,0,26,60,0,86,37,87,93,0,217,53,0,53,270
06/06/2014,BIL,MT,ANM,WE,Combined TRACON& Tower with Radar,38,81,31,0,150,0,2,23,0,25,38,83,54,0,175,8,0,8,183
06/07/2014,BIL,MT,ANM,WE,Combined TRACON& Tower with Radar,31,39,37,1,108,0,18,18,1,37,31,57,55,2,145,24,0,24,169
06/08/2014,BIL,MT,ANM,WE,Combined TRACON& Tower with Radar,34,22,18,0,74,0,24,30,0,54,34,46,48,0,128,20,0,20,148
06/09/2014,BIL,MT,ANM,WE,Combined TRACON& Tower with Radar,33,43,23,0,99,0,32,48,0,80,33,75,71,0,179,6,0,6,185
06/10/2014,BIL,MT,ANM,WE,Combined TRACON& Tower with Radar,40,52,26,0,118,0,26,59,0,85,40,78,85,0,203,75,0,75,278
06/11/2014,BIL,MT,ANM,WE,Combined TRACON& Tower with Radar,36,65,38,0,139,0,10,33,2,45,36,75,71,2,184,62,0,62,246
06/12/2014,BIL,MT,ANM,WE,Combined TRACON& Tower with Radar,40,44,45,2,131,0,31,64,0,95,40,75,109,2,226,28,0,28,254
06/13/2014,BIL,MT,ANM,WE,Combined TRACON& Tower with Radar,40,59,44,2,145,0,32,45,0,77,40,91,89,2,222,38,0,38,260
06/14/2014,BIL,MT,ANM,WE,Combined TRACON& Tower with Radar,28,46,31,0,105,0,9,23,1,33,28,55,54,1,138,28,0,28,166
06/15/2014,BIL,MT,ANM,WE,Combined TRACON& Tower with Radar,35,35,28,0,98,0,8,44,0,52,35,43,72,0,150,14,0,14,164
06/16/2014,BIL,MT,ANM,WE,Combined TRACON& Tower with Radar,36,50,29,0,115,0,28,45,0,73,36,78,74,0,188,26,0,26,214
06/17/2014,BIL,MT,ANM,WE,Combined TRACON& Tower with Radar,40,73,26,0,139,0,9,14,0,23,40,82,40,0,162,16,0,16,178
06/18/2014,BIL,MT,ANM,WE,Combined TRACON& Tower with Radar,35,67,30,2,134,0,16,36,0,52,35,83,66,2,186,28,0,28,214
06/19/2014,BIL,MT,ANM,WE,Combined TRACON& Tower with Radar,38,62,33,0,133,0,30,34,0,64,38,92,67,0,197,26,0,26,223
06/20/2014,BIL,MT,ANM,WE,Combined TRACON& Tower with Radar,39,48,34,1,122,0,42,67,1,110,39,90,101,2,232,78,0,78,310
06/21/2014,BIL,MT,ANM,WE,Combined TRACON& Tower with Radar,31,35,19,0,85,0,26,50,0,76,31,61,69,0,161,38,0,38,199
06/22/2014,BIL,MT,ANM,WE,Combined TRACON& Tower with Radar,33,31,20,0,84,0,17,38,0,55,33,48,58,0,139,34,0,34,173
06/23/2014,BIL,MT,ANM,WE,Combined TRACON& Tower with Radar,38,42,25,0,105,0,30,57,2,89,38,72,82,2,194,116,0,116,310
06/24/2014,BIL,MT,ANM,WE,Combined TRACON& Tower with Radar,35,60,37,0,132,0,26,53,0,79,35,86,90,0,211,74,0,74,285
06/25/2014,BIL,MT,ANM,WE,Combined TRACON& Tower with Radar,37,64,19,0,120,0,21,43,0,64,37,85,62,0,184,54,0,54,238
06/26/2014,BIL,MT,ANM,WE,Combined TRACON& Tower with Radar,37,75,32,0,144,0,11,17,0,28,37,86,49,0,172,2,0,2,174
06/27/2014,BIL,MT,ANM,WE,Combined TRACON& Tower with Radar,40,65,31,0,136,0,15,41,0,56,40,80,72,0,192,70,0,70,262
06/28/2014,BIL,MT,ANM,WE,Combined TRACON& Tower with Radar,31,48,24,0,103,0,21,27,0,48,31,69,51,0,151,22,0,22,173
06/29/2014,BIL,MT,ANM,WE,Combined TRACON& Tower with Radar,35,23,14,0,72,0,27,29,3,59,35,50,43,3,131,13,0,13,144
06/30/2014,BIL,MT,ANM,WE,Combined TRACON& Tower with Radar,31,71,28,4,134,0,5,23,0,28,31,76,51,4,162,6,0,6,168
07/01/2014,BIL,MT,ANM,WE,Combined TRACON& Tower with Radar,29,59,24,0,112,0,20,43,4,67,29,79,67,4,179,36,2,38,217
07/02/2014,BIL,MT,ANM,WE,Combined TRACON& Tower with Radar,31,63,38,2,134,0,22,46,0,68,31,85,84,2,202,28,0,28,230
07/03/2014,BIL,MT,ANM,WE,Combined TRACON& Tower with Radar,37,56,31,0,124,0,25,40,0,65,37,81,71,0,189,14,0,14,203
07/04/2014,BIL,MT,ANM,WE,Combined TRACON& Tower with Radar,28,9,11,0,48,0,29,24,0,53,28,38,35,0,101,22,0,22,123
07/05/2014,BIL,MT,ANM,WE,Combined TRACON& Tower with Radar,32,33,23,0,88,0,27,45,0,72,32,60,68,0,160,33,0,33,193
07/06/2014,BIL,MT,ANM,WE,Combined TRACON& Tower with Radar,35,22,23,0,80,0,26,48,1,75,35,48,71,1,155,12,0,12,167
07/07/2014,BIL,MT,ANM,WE,Combined TRACON& Tower with Radar,34,49,23,0,106,0,23,27,2,52,34,72,50,2,158,10,0,10,168
07/08/2014,BIL,MT,ANM,WE,Combined TRACON& Tower with Radar,38,57,35,10,140,0,31,64,0,95,38,88,99,10,235,38,55,93,328
07/09/2014,BIL,MT,ANM,WE,Combined TRACON& Tower with Radar,38,64,28,0,130,0,31,36,0,67,38,95,64,0,197,28,0,28,225
07/10/2014,BIL,MT,ANM,WE,Combined TRACON& Tower with Radar,42,58,36,1,137,0,31,54,1,86,42,89,90,2,223,35,0,35,258
07/11/2014,BIL,MT,ANM,WE,Combined TRACON& Tower with Radar,40,73,38,0,151,0,23,28,0,51,40,96,66,0,202,12,0,12,214
07/12/2014,BIL,MT,ANM,WE,Combined TRACON& Tower with Radar,38,40,15,4,97,0,30,26,0,56,38,70,41,4,153,4,0,4,157
07/13/2014,BIL,MT,ANM,WE,Combined TRACON& Tower with Radar,30,28,22,2,82,0,20,35,1,56,30,48,57,3,138,10,2,12,150
07/14/2014,BIL,MT,ANM,WE,Combined TRACON& Tower with Radar,36,45,33,0,114,0,26,51,0,77,36,71,84,0,191,6,0,6,197
07/15/2014,BIL,MT,ANM,WE,Combined TRACON& Tower with Radar,40,63,19,0,122,0,19,31,0,50,40,82,50,0,172,6,0,6,178
07/16/2014,BIL,MT,ANM,WE,Combined TRACON& Tower with Radar,37,50,52,2,141,0,32,55,4,91,37,82,107,6,232,24,0,24,256
07/17/2014,BIL,MT,ANM,WE,Combined TRACON& Tower with Radar,40,65,35,1,141,0,29,39,1,69,40,94,74,2,210,60,0,60,270
07/18/2014,BIL,MT,ANM,WE,Combined TRACON& Tower with Radar,40,59,18,1,118,0,25,52,3,80,40,84,70,4,198,38,2,40,238
07/19/2014,BIL,MT,ANM,WE,Combined TRACON& Tower with Radar,35,38,14,2,89,0,19,36,0,55,35,57,50,2,144,14,0,14,158
07/20/2014,BIL,MT,ANM,WE,Combined TRACON& Tower with Radar,32,28,15,0,75,0,27,35,0,62,32,55,50,0,137,30,0,30,167
07/21/2014,BIL,MT,ANM,WE,Combined TRACON& Tower with Radar,36,44,37,0,117,0,33,49,1,83,36,77,86,1,200,89,0,89,289
07/22/2014,BIL,MT,ANM,WE,Combined TRACON& Tower with Radar,35,48,37,0,120,0,34,61,2,97,35,82,98,2,217,42,0,42,259
07/23/2014,BIL,MT,ANM,WE,Combined TRACON& Tower with Radar,38,50,38,4,130,0,32,78,2,112,38,82,116,6,242,78,0,78,320
07/24/2014,BIL,MT,ANM,WE,Combined TRACON& Tower with Radar,42,50,34,2,128,0,29,56,0,85,42,79,90,2,213,20,0,20,233
07/25/2014,BIL,MT,ANM,WE,Combined TRACON& Tower with Radar,40,57,31,0,128,1,24,81,0,106,41,81,112,0,234,50,0,50,284
07/26/2014,BIL,MT,ANM,WE,Combined TRACON& Tower with Radar,35,24,23,0,82,0,34,58,2,94,35,58,81,2,176,12,0,12,188
07/27/2014,BIL,MT,ANM,WE,Combined TRACON& Tower with Radar,33,29,19,2,83,0,20,43,1,64,33,49,62,3,147,27,0,27,174
07/28/2014,BIL,MT,ANM,WE,Combined TRACON& Tower with Radar,37,48,16,0,101,0,37,57,0,94,37,85,73,0,195,33,0,33,228
07/29/2014,BIL,MT,ANM,WE,Combined TRACON& Tower with Radar,37,50,24,0,111,0,24,82,0,106,37,74,106,0,217,60,0,60,277
07/30/2014,BIL,MT,ANM,WE,Combined TRACON& Tower with Radar,37,48,49,0,134,0,31,70,0,101,37,79,119,0,235,52,0,52,287
07/31/2014,BIL,MT,ANM,WE,Combined TRACON& Tower with Radar,39,58,46,1,144,0,30,66,0,96,39,88,112,1,240,88,0,88,328
08/01/2014,BIL,MT,ANM,WE,Combined TRACON& Tower with Radar,40,56,24,2,122,0,32,58,1,91,40,88,82,3,213,24,0,24,237
08/02/2014,BIL,MT,ANM,WE,Combined TRACON& Tower with Radar,40,34,12,0,86,0,31,44,2,77,40,65,56,2,163,38,0,38,201
08/03/2014,BIL,MT,ANM,WE,Combined TRACON& Tower with Radar,34,37,23,0,94,0,21,66,1,88,34,58,89,1,182,19,0,19,201
08/04/2014,BIL,MT,ANM,WE,Combined TRACON& Tower with Radar,37,37,39,4,117,0,29,50,0,79,37,66,89,4,196,16,0,16,212
08/05/2014,BIL,MT,ANM,WE,Combined TRACON& Tower with Radar,42,64,24,0,130,0,16,31,0,47,42,80,55,0,177,18,0,18,195
08/06/2014,BIL,MT,ANM,WE,Combined TRACON& Tower with Radar,40,82,49,0,171,0,18,53,0,71,40,100,102,0,242,32,0,32,274
08/07/2014,BIL,MT,ANM,WE,Combined TRACON& Tower with Radar,42,66,51,3,162,0,21,42,1,64,42,87,93,4,226,48,0,48,274
08/08/2014,BIL,MT,ANM,WE,Combined TRACON& Tower with Radar,40,64,32,2,138,0,35,59,1,95,40,99,91,3,233,26,0,26,259
08/09/2014,BIL,MT,ANM,WE,Combined TRACON& Tower with Radar,38,34,20,15,107,0,24,32,0,56,38,58,52,15,163,36,18,54,217
08/10/2014,BIL,MT,ANM,WE,Combined TRACON& Tower with Radar,33,24,22,1,80,0,25,39,0,64,33,49,61,1,144,54,0,54,198
08/11/2014,BIL,MT,ANM,WE,Combined TRACON& Tower with Radar,39,45,30,0,114,0,36,68,2,106,39,81,98,2,220,56,3,59,279
08/12/2014,BIL,MT,ANM,WE,Combined TRACON& Tower with Radar,45,52,38,0,135,0,24,42,4,70,45,76,80,4,205,70,0,70,275
08/13/2014,BIL,MT,ANM,WE,Combined TRACON& Tower with Radar,39,65,45,0,149,0,23,73,0,96,39,88,118,0,245,80,0,80,325
08/14/2014,BIL,MT,ANM,WE,Combined TRACON& Tower with Radar,43,63,41,0,147,0,17,31,0,48,43,80,72,0,195,40,0,40,235
08/15/2014,BIL,MT,ANM,WE,Combined TRACON& Tower with Radar,42,77,24,0,143,0,18,45,0,63,42,95,69,0,206,68,0,68,274
08/16/2014,BIL,MT,ANM,WE,Combined TRACON& Tower with Radar,37,47,35,0,119,0,20,56,0,76,37,67,91,0,195,50,0,50,245
08/17/2014,BIL,MT,ANM,WE,Combined TRACON& Tower with Radar,30,36,24,0,90,0,16,52,0,68,30,52,76,0,158,52,0,52,210
08/18/2014,BIL,MT,ANM,WE,Combined TRACON& Tower with Radar,39,52,27,8,126,0,30,51,4,85,39,82,78,12,211,28,6,34,245
08/19/2014,BIL,MT,ANM,WE,Combined TRACON& Tower with Radar,39,60,50,1,150,0,30,48,1,79,39,90,98,2,229,66,0,66,295
08/20/2014,BIL,MT,ANM,WE,Combined TRACON& Tower with Radar,39,56,43,3,141,0,21,30,4,55,39,77,73,7,196,36,4,40,236
08/21/2014,BIL,MT,ANM,WE,Combined TRACON& Tower with Radar,41,65,43,1,150,0,10,20,1,31,41,75,63,2,181,40,0,40,221
08/22/2014,BIL,MT,ANM,WE,Combined TRACON& Tower with Radar,39,84,20,0,143,0,2,6,0,8,39,86,26,0,151,22,0,22,173
08/23/2014,BIL,MT,ANM,WE,Combined TRACON& Tower with Radar,29,55,1,0,85,0,0,0,0,0,29,55,1,0,85,0,0,0,85
08/24/2014,BIL,MT,ANM,WE,Combined TRACON& Tower with Radar,31,42,11,1,85,0,0,6,0,6,31,42,17,1,91,1,0,1,92
08/25/2014,BIL,MT,ANM,WE,Combined TRACON& Tower with Radar,39,60,41,1,141,0,17,35,0,52,39,77,76,1,193,28,0,28,221
08/26/2014,BIL,MT,ANM,WE,Combined TRACON& Tower with Radar,37,43,32,0,112,0,38,51,0,89,37,81,83,0,201,34,0,34,235
08/27/2014,BIL,MT,ANM,WE,Combined TRACON& Tower with Radar,40,54,38,2,134,0,30,68,0,98,40,84,106,2,232,84,0,84,316
08/28/2014,BIL,MT,ANM,WE,Combined TRACON& Tower with Radar,37,48,30,2,117,0,27,52,0,79,37,75,82,2,196,92,0,92,288
08/29/2014,BIL,MT,ANM,WE,Combined TRACON& Tower with Radar,40,74,22,0,136,0,18,34,0,52,40,92,56,0,188,64,0,64,252
08/30/2014,BIL,MT,ANM,WE,Combined TRACON& Tower with Radar,37,47,35,0,119,0,20,56,0,76,37,67,91,0,195,26,0,26,221
08/31/2014,BIL,MT,ANM,WE,Combined TRACON& Tower with Radar,30,36,24,0,90,0,16,52,0,68,30,52,76,0,158,46,0,46,204
09/01/2014,BIL,MT,ANM,WE,Combined TRACON& Tower with Radar,26,33,25,8,92,0,23,41,2,66,26,56,66,10,158,34,0,34,192
09/02/2014,BIL,MT,ANM,WE,Combined TRACON& Tower with Radar,23,20,11,0,54,0,28,50,0,78,23,48,61,0,132,91,0,91,223
09/03/2014,BIL,MT,ANM,WE,Combined TRACON& Tower with Radar,31,60,32,2,125,0,33,55,0,88,31,93,87,2,213,16,0,16,229
09/04/2014,BIL,MT,ANM,WE,Combined TRACON& Tower with Radar,33,73,38,0,144,0,17,86,0,103,33,90,124,0,247,78,0,78,325
09/05/2014,BIL,MT,ANM,WE,Combined TRACON& Tower with Radar,35,49,45,0,129,0,32,86,0,118,35,81,131,0,247,88,0,88,335
09/06/2014,BIL,MT,ANM,WE,Combined TRACON& Tower with Radar,20,38,26,0,84,0,24,76,0,100,20,62,102,0,184,44,0,44,228
09/07/2014,BIL,MT,ANM,WE,Combined TRACON& Tower with Radar,29,27,21,0,77,0,18,40,0,58,29,45,61,0,135,8,0,8,143
09/08/2014,BIL,MT,ANM,WE,Combined TRACON& Tower with Radar,33,45,41,2,121,0,29,83,3,115,33,74,124,5,236,40,0,40,276
09/09/2014,BIL,MT,ANM,WE,Combined TRACON& Tower with Radar,38,77,43,1,159,0,1,4,0,5,38,78,47,1,164,8,0,8,172
09/10/2014,BIL,MT,ANM,WE,Combined TRACON& Tower with Radar,33,80,29,0,142,0,1,3,0,4,33,81,32,0,146,2,0,2,148
09/11/2014,BIL,MT,ANM,WE,Combined TRACON& Tower with Radar,40,83,30,1,154,0,8,10,0,18,40,91,40,1,172,2,0,2,174
09/12/2014,BIL,MT,ANM,WE,Combined TRACON& Tower with Radar,36,49,31,1,117,0,35,86,0,121,36,84,117,1,238,102,0,102,340
09/13/2014,BIL,MT,ANM,WE,Combined TRACON& Tower with Radar,24,43,32,2,101,0,19,74,3,96,24,62,106,5,197,168,6,174,371
09/14/2014,BIL,MT,ANM,WE,Combined TRACON& Tower with Radar,29,27,27,0,83,0,25,56,0,81,29,52,83,0,164,56,0,56,220
09/15/2014,BIL,MT,ANM,WE,Combined TRACON& Tower with Radar,31,42,34,0,107,0,32,85,0,117,31,74,119,0,224,114,0,114,338
09/16/2014,BIL,MT,ANM,WE,Combined TRACON& Tower with Radar,33,50,40,0,123,0,30,76,0,106,33,80,116,0,229,94,0,94,323
09/17/2014,BIL,MT,ANM,WE,Combined TRACON& Tower with Radar,38,67,42,2,149,0,27,76,0,103,38,94,118,2,252,94,0,94,346
09/18/2014,BIL,MT,ANM,WE,Combined TRACON& Tower with Radar,39,53,35,0,127,0,27,35,0,62,39,80,70,0,189,84,0,84,273
09/19/2014,BIL,MT,ANM,WE,Combined TRACON& Tower with Radar,32,63,25,0,120,0,25,81,0,106,32,88,106,0,226,74,0,74,300
09/20/2014,BIL,MT,ANM,WE,Combined TRACON& Tower with Radar,22,39,24,0,85,0,32,72,0,104,22,71,96,0,189,142,0,142,331
09/21/2014,BIL,MT,ANM,WE,Combined TRACON& Tower with Radar,30,29,21,3,83,0,20,46,8,74,30,49,67,11,157,46,0,46,203
09/22/2014,BIL,MT,ANM,WE,Combined TRACON& Tower with Radar,33,60,26,0,119,0,24,69,0,93,33,84,95,0,212,68,0,68,280
09/23/2014,BIL,MT,ANM,WE,Combined TRACON& Tower with Radar,33,51,30,5,119,0,29,64,0,93,33,80,94,5,212,120,6,126,338
09/24/2014,BIL,MT,ANM,WE,Combined TRACON& Tower with Radar,33,56,38,0,127,0,46,77,0,123,33,102,115,0,250,102,0,102,352
09/25/2014,BIL,MT,ANM,WE,Combined TRACON& Tower with Radar,36,59,44,0,139,0,30,77,0,107,36,89,121,0,246,126,0,126,372
09/26/2014,BIL,MT,ANM,WE,Combined TRACON& Tower with Radar,33,53,41,0,127,0,37,85,0,122,33,90,126,0,249,106,0,106,355
09/27/2014,BIL,MT,ANM,WE,Combined TRACON& Tower with Radar,22,45,16,0,83,0,19,31,0,50,22,64,47,0,133,84,0,84,217
09/28/2014,BIL,MT,ANM,WE,Combined TRACON& Tower with Radar,30,46,14,0,90,0,0,1,0,1,30,46,15,0,91,0,0,0,91
09/29/2014,BIL,MT,ANM,WE,Combined TRACON& Tower with Radar,35,70,27,0,132,0,1,18,0,19,35,71,45,0,151,16,0,16,167
09/30/2014,BIL,MT,ANM,WE,Combined TRACON& Tower with Radar,35,75,38,0,148,0,9,51,1,61,35,84,89,1,209,60,0,60,269
10/01/2014,BIL,MT,ANM,WE,Combined TRACON& Tower with Radar,31,65,44,0,140,0,15,47,0,62,31,80,91,0,202,75,0,75,277
10/02/2014,BIL,MT,ANM,WE,Combined TRACON& Tower with Radar,35,74,44,2,155,0,14,39,0,53,35,88,83,2,208,36,4,40,248
10/03/2014,BIL,MT,ANM,WE,Combined TRACON& Tower with Radar,33,57,40,0,130,0,34,97,3,134,33,91,137,3,264,125,0,125,389
10/04/2014,BIL,MT,ANM,WE,Combined TRACON& Tower with Radar,21,29,18,0,68,0,31,51,0,82,21,60,69,0,150,50,0,50,200
10/05/2014,BIL,MT,ANM,WE,Combined TRACON& Tower with Radar,29,21,14,0,64,0,23,32,0,55,29,44,46,0,119,52,0,52,171
10/06/2014,BIL,MT,ANM,WE,Combined TRACON& Tower with Radar,28,50,20,0,98,0,32,48,0,80,28,82,68,0,178,54,0,54,232
10/07/2014,BIL,MT,ANM,WE,Combined TRACON& Tower with Radar,31,59,32,0,122,0,31,69,0,100,31,90,101,0,222,130,0,130,352
10/08/2014,BIL,MT,ANM,WE,Combined TRACON& Tower with Radar,37,50,53,0,140,0,28,79,0,107,37,78,132,0,247,96,0,96,343
10/09/2014,BIL,MT,ANM,WE,Combined TRACON& Tower with Radar,33,49,37,1,120,0,32,70,2,104,33,81,107,3,224,90,0,90,314
10/10/2014,BIL,MT,ANM,WE,Combined TRACON& Tower with Radar,32,59,60,0,151,0,28,96,0,124,32,87,156,0,275,68,0,68,343
10/11/2014,BIL,MT,ANM,WE,Combined TRACON& Tower with Radar,25,37,8,0,70,0,35,63,0,98,25,72,71,0,168,116,0,116,284
10/12/2014,BIL,MT,ANM,WE,Combined TRACON& Tower with Radar,32,26,16,0,74,0,20,16,0,36,32,46,32,0,110,0,0,0,110
10/13/2014,BIL,MT,ANM,WE,Combined TRACON& Tower with Radar,29,29,40,1,99,0,31,87,0,118,29,60,127,1,217,62,0,62,279
10/14/2014,BIL,MT,ANM,WE,Combined TRACON& Tower with Radar,33,54,39,0,126,0,36,52,1,89,33,90,91,1,215,72,0,72,287
10/15/2014,BIL,MT,ANM,WE,Combined TRACON& Tower with Radar,30,57,55,0,142,0,33,59,0,92,30,90,114,0,234,102,0,102,336
10/16/2014,BIL,MT,ANM,WE,Combined TRACON& Tower with Radar,35,72,45,0,152,0,20,59,0,79,35,92,104,0,231,34,0,34,265
10/17/2014,BIL,MT,ANM,WE,Combined TRACON& Tower with Radar,31,59,37,0,127,0,25,78,0,103,31,84,115,0,230,94,0,94,324
10/18/2014,BIL,MT,ANM,WE,Combined TRACON& Tower with Radar,22,28,12,0,62,0,29,49,0,78,22,57,61,0,140,50,0,50,190
10/19/2014,BIL,MT,ANM,WE,Combined TRACON& Tower with Radar,31,18,28,0,77,0,26,52,0,78,31,44,80,0,155,56,0,56,211
10/20/2014,BIL,MT,ANM,WE,Combined TRACON& Tower with Radar,30,41,45,0,116,0,35,78,0,113,30,76,123,0,229,91,0,91,320
10/21/2014,BIL,MT,ANM,WE,Combined TRACON& Tower with Radar,31,45,31,14,121,0,28,35,1,64,31,73,66,15,185,40,10,50,235
10/22/2014,BIL,MT,ANM,WE,Combined TRACON& Tower with Radar,31,67,43,13,154,0,23,53,0,76,31,90,96,13,230,38,12,50,280
10/23/2014,BIL,MT,ANM,WE,Combined TRACON& Tower with Radar,34,56,34,0,124,0,29,60,0,89,34,85,94,0,213,61,0,61,274
10/24/2014,BIL,MT,ANM,WE,Combined TRACON& Tower with Radar,32,59,43,0,134,0,36,70,0,106,32,95,113,0,240,96,0,96,336
10/25/2014,BIL,MT,ANM,WE,Combined TRACON& Tower with Radar,20,35,20,0,75,0,22,56,0,78,20,57,76,0,153,40,0,40,193
10/26/2014,BIL,MT,ANM,WE,Combined TRACON& Tower with Radar,25,28,20,0,73,0,15,23,2,40,25,43,43,2,113,12,0,12,125
10/27/2014,BIL,MT,ANM,WE,Combined TRACON& Tower with Radar,27,63,26,0,116,0,3,23,0,26,27,66,49,0,142,26,0,26,168
10/28/2014,BIL,MT,ANM,WE,Combined TRACON& Tower with Radar,28,60,30,0,118,0,19,75,2,96,28,79,105,2,214,92,0,92,306
10/29/2014,BIL,MT,ANM,WE,Combined TRACON& Tower with Radar,31,66,27,0,124,0,10,22,0,32,31,76,49,0,156,30,0,30,186
10/30/2014,BIL,MT,ANM,WE,Combined TRACON& Tower with Radar,34,72,46,2,154,0,13,69,0,82,34,85,115,2,236,168,0,168,404
10/31/2014,BIL,MT,ANM,WE,Combined TRACON& Tower with Radar,28,75,31,0,134,0,17,70,1,88,28,92,101,1,222,78,0,78,300
11/01/2014,BIL,MT,ANM,WE,Combined TRACON& Tower with Radar,20,47,16,0,83,0,22,30,0,52,20,69,46,0,135,44,0,44,179
11/02/2014,BIL,MT,ANM,WE,Combined TRACON& Tower with Radar,25,33,12,0,70,0,7,20,0,27,25,40,32,0,97,16,0,16,113
11/03/2014,BIL,MT,ANM,WE,Combined TRACON& Tower with Radar,28,55,27,0,110,0,21,62,0,83,28,76,89,0,193,32,0,32,225
11/04/2014,BIL,MT,ANM,WE,Combined TRACON& Tower with Radar,26,57,24,0,107,0,24,34,0,58,26,81,58,0,165,46,0,46,211
11/05/2014,BIL,MT,ANM,WE,Combined TRACON& Tower with Radar,28,49,52,0,129,0,23,54,0,77,28,72,106,0,206,90,0,90,296
11/06/2014,BIL,MT,ANM,WE,Combined TRACON& Tower with Radar,32,50,40,6,128,0,28,63,4,95,32,78,103,10,223,91,2,93,316
11/07/2014,BIL,MT,ANM,WE,Combined TRACON& Tower with Radar,33,64,27,0,124,0,24,43,0,67,33,88,70,0,191,26,0,26,217
11/08/2014,BIL,MT,ANM,WE,Combined TRACON& Tower with Radar,20,39,13,0,72,0,21,61,0,82,20,60,74,0,154,88,0,88,242
11/09/2014,BIL,MT,ANM,WE,Combined TRACON& Tower with Radar,25,17,14,0,56,0,5,11,0,16,25,22,25,0,72,22,0,22,94
11/10/2014,BIL,MT,ANM,WE,Combined TRACON& Tower with Radar,24,61,16,0,101,0,0,0,0,0,24,61,16,0,101,2,0,2,103
11/11/2014,BIL,MT,ANM,WE,Combined TRACON& Tower with Radar,27,77,26,0,130,0,6,9,0,15,27,83,35,0,145,0,0,0,145
11/12/2014,BIL,MT,ANM,WE,Combined TRACON& Tower with Radar,25,74,40,0,139,0,15,49,0,64,25,89,89,0,203,38,0,38,241
11/13/2014,BIL,MT,ANM,WE,Combined TRACON& Tower with Radar,30,63,39,0,132,0,25,44,2,71,30,88,83,2,203,94,0,94,297
11/14/2014,BIL,MT,ANM,WE,Combined TRACON& Tower with Radar,30,90,33,2,155,0,10,8,0,18,30,100,41,2,173,14,0,14,187
11/15/2014,BIL,MT,ANM,WE,Combined TRACON& Tower with Radar,21,57,17,0,95,0,17,40,0,57,21,74,57,0,152,70,0,70,222
11/16/2014,BIL,MT,ANM,WE,Combined TRACON& Tower with Radar,25,41,16,2,84,0,5,7,0,12,25,46,23,2,96,8,0,8,104
11/17/2014,BIL,MT,ANM,WE,Combined TRACON& Tower with Radar,27,63,32,0,122,0,10,63,0,73,27,73,95,0,195,62,0,62,257
11/18/2014,BIL,MT,ANM,WE,Combined TRACON& Tower with Radar,26,94,50,0,170,0,17,50,4,71,26,111,100,4,241,46,2,48,289
11/19/2014,BIL,MT,ANM,WE,Combined TRACON& Tower with Radar,28,85,43,0,156,0,11,80,0,91,28,96,123,0,247,82,0,82,329
11/20/2014,BIL,MT,ANM,WE,Combined TRACON& Tower with Radar,35,76,36,0,147,0,15,42,0,57,35,91,78,0,204,46,0,46,250
11/21/2014,BIL,MT,ANM,WE,Combined TRACON& Tower with Radar,30,67,48,2,147,0,25,65,0,90,30,92,113,2,237,46,0,46,283
11/22/2014,BIL,MT,ANM,WE,Combined TRACON& Tower with Radar,21,55,17,0,93,0,11,19,0,30,21,66,36,0,123,64,0,64,187
11/23/2014,BIL,MT,ANM,WE,Combined TRACON& Tower with Radar,28,41,5,3,77,0,8,8,0,16,28,49,13,3,93,40,0,40,133
11/24/2014,BIL,MT,ANM,WE,Combined TRACON& Tower with Radar,22,68,21,1,112,0,9,36,0,45,22,77,57,1,157,24,0,24,181
11/25/2014,BIL,MT,ANM,WE,Combined TRACON& Tower with Radar,27,91,28,0,146,0,6,5,0,11,27,97,33,0,157,8,0,8,165
11/26/2014,BIL,MT,ANM,WE,Combined TRACON& Tower with Radar,36,81,12,0,129,0,1,0,0,1,36,82,12,0,130,0,0,0,130
11/27/2014,BIL,MT,ANM,WE,Combined TRACON& Tower with Radar,15,29,5,0,49,0,9,9,0,18,15,38,14,0,67,17,0,17,84
11/28/2014,BIL,MT,ANM,WE,Combined TRACON& Tower with Radar,27,58,10,0,95,0,16,16,0,32,27,74,26,0,127,18,0,18,145
11/29/2014,BIL,MT,ANM,WE,Combined TRACON& Tower with Radar,25,58,7,0,90,0,0,0,0,0,25,58,7,0,90,0,0,0,90
11/30/2014,BIL,MT,ANM,WE,Combined TRACON& Tower with Radar,29,23,25,6,83,0,20,21,0,41,29,43,46,6,124,0,0,0,124
12/01/2014,BIL,MT,ANM,WE,Combined TRACON& Tower with Radar,34,51,30,0,115,0,27,46,1,74,34,78,76,1,189,46,0,46,235
12/02/2014,BIL,MT,ANM,WE,Combined TRACON& Tower with Radar,29,65,34,2,130,0,22,42,1,65,29,87,76,3,195,48,0,48,243
12/03/2014,BIL,MT,ANM,WE,Combined TRACON& Tower with Radar,32,58,25,2,117,0,23,48,2,73,32,81,73,4,190,58,8,66,256
12/04/2014,BIL,MT,ANM,WE,Combined TRACON& Tower with Radar,37,72,35,0,144,0,19,56,0,75,37,91,91,0,219,70,0,70,289
12/05/2014,BIL,MT,ANM,WE,Combined TRACON& Tower with Radar,32,72,39,1,144,0,17,51,3,71,32,89,90,4,215,60,2,62,277
12/06/2014,BIL,MT,ANM,WE,Combined TRACON& Tower with Radar,21,35,16,0,72,0,21,62,1,84,21,56,78,1,156,66,0,66,222
12/07/2014,BIL,MT,ANM,WE,Combined TRACON& Tower with Radar,29,31,24,0,84,0,9,36,0,45,29,40,60,0,129,95,0,95,224
12/08/2014,BIL,MT,ANM,WE,Combined TRACON& Tower with Radar,27,51,38,0,116,0,14,65,0,79,27,65,103,0,195,112,0,112,307
12/09/2014,BIL,MT,ANM,WE,Combined TRACON& Tower with Radar,30,60,44,0,134,0,23,81,0,104,30,83,125,0,238,92,0,92,330
12/10/2014,BIL,MT,ANM,WE,Combined TRACON& Tower with Radar,32,55,42,1,130,0,31,71,1,103,32,86,113,2,233,58,0,58,291
12/11/2014,BIL,MT,ANM,WE,Combined TRACON& Tower with Radar,40,50,31,0,121,0,31,40,6,77,40,81,71,6,198,48,2,50,248
12/12/2014,BIL,MT,ANM,WE,Combined TRACON& Tower with Radar,31,48,28,0,107,0,30,69,2,101,31,78,97,2,208,64,0,64,272
12/13/2014,BIL,MT,ANM,WE,Combined TRACON& Tower with Radar,24,44,11,0,79,0,23,36,0,59,24,67,47,0,138,52,0,52,190
12/14/2014,BIL,MT,ANM,WE,Combined TRACON& Tower with Radar,28,37,6,1,72,0,0,0,0,0,28,37,6,1,72,0,0,0,72
12/15/2014,BIL,MT,ANM,WE,Combined TRACON& Tower with Radar,30,75,21,0,126,0,0,1,0,1,30,75,22,0,127,0,0,0,127
12/16/2014,BIL,MT,ANM,WE,Combined TRACON& Tower with Radar,40,97,20,0,157,0,0,0,0,0,40,97,20,0,157,0,0,0,157
12/17/2014,BIL,MT,ANM,WE,Combined TRACON& Tower with Radar,36,99,44,0,179,0,5,17,0,22,36,104,61,0,201,8,0,8,209
12/18/2014,BIL,MT,ANM,WE,Combined TRACON& Tower with Radar,39,80,36,2,157,0,18,39,2,59,39,98,75,4,216,38,0,38,254
12/19/2014,BIL,MT,ANM,WE,Combined TRACON& Tower with Radar,36,84,26,4,150,0,34,37,0,71,36,118,63,4,221,66,0,66,287
12/20/2014,BIL,MT,ANM,WE,Combined TRACON& Tower with Radar,29,55,20,0,104,0,21,44,0,65,29,76,64,0,169,26,0,26,195
12/21/2014,BIL,MT,ANM,WE,Combined TRACON& Tower with Radar,31,62,8,0,101,0,3,1,0,4,31,65,9,0,105,2,0,2,107
12/22/2014,BIL,MT,ANM,WE,Combined TRACON& Tower with Radar,33,76,25,0,134,0,12,22,0,34,33,88,47,0,168,9,0,9,177
12/23/2014,BIL,MT,ANM,WE,Combined TRACON& Tower with Radar,41,94,24,0,159,0,26,49,0,75,41,120,73,0,234,30,0,30,264
12/24/2014,BIL,MT,ANM,WE,Combined TRACON& Tower with Radar,36,96,8,0,140,0,8,7,0,15,36,104,15,0,155,6,0,6,161
12/25/2014,BIL,MT,ANM,WE,Combined TRACON& Tower with Radar,14,39,3,0,56,0,0,0,0,0,14,39,3,0,56,0,0,0,56
12/26/2014,BIL,MT,ANM,WE,Combined TRACON& Tower with Radar,26,80,15,0,121,0,8,17,0,25,26,88,32,0,146,0,0,0,146
12/27/2014,BIL,MT,ANM,WE,Combined TRACON& Tower with Radar,26,68,21,0,115,0,11,15,0,26,26,79,36,0,141,26,0,26,167
12/28/2014,BIL,MT,ANM,WE,Combined TRACON& Tower with Radar,29,48,10,0,87,0,0,0,0,0,29,48,10,0,87,8,0,8,95
12/29/2014,BIL,MT,ANM,WE,Combined TRACON& Tower with Radar,24,82,14,0,120,0,2,1,0,3,24,84,15,0,123,0,0,0,123
12/30/2014,BIL,MT,ANM,WE,Combined TRACON& Tower with Radar,30,73,23,0,126,0,24,25,0,49,30,97,48,0,175,18,0,18,193
12/31/2014,BIL,MT,ANM,WE,Combined TRACON& Tower with Radar,31,67,20,0,118,0,15,29,0,44,31,82,49,0,162,26,0,26,188
01/01/2015,BIL,MT,ANM,WE,Combined TRACON& Tower with Radar,17,38,16,0,71,0,7,20,0,27,17,45,36,0,98,12,0,12,110
01/02/2015,BIL,MT,ANM,WE,Combined TRACON& Tower with Radar,29,89,25,0,143,0,10,29,0,39,29,99,54,0,182,10,0,10,192
01/03/2015,BIL,MT,ANM,WE,Combined TRACON& Tower with Radar,22,69,11,0,102,0,3,0,0,3,22,72,11,0,105,0,0,0,105
01/04/2015,BIL,MT,ANM,WE,Combined TRACON& Tower with Radar,25,49,3,0,77,0,0,0,0,0,25,49,3,0,77,0,0,0,77
01/05/2015,BIL,MT,ANM,WE,Combined TRACON& Tower with Radar,33,65,12,0,110,0,0,0,0,0,33,65,12,0,110,0,0,0,110
01/06/2015,BIL,MT,ANM,WE,Combined TRACON& Tower with Radar,29,75,14,0,118,0,1,1,0,2,29,76,15,0,120,0,0,0,120
01/07/2015,BIL,MT,ANM,WE,Combined TRACON& Tower with Radar,30,63,33,0,126,0,18,36,0,54,30,81,69,0,180,20,0,20,200
01/08/2015,BIL,MT,ANM,WE,Combined TRACON& Tower with Radar,31,77,17,0,125,0,8,5,0,13,31,85,22,0,138,2,0,2,140
01/09/2015,BIL,MT,ANM,WE,Combined TRACON& Tower with Radar,28,63,33,0,124,0,23,40,3,66,28,86,73,3,190,36,0,36,226
01/10/2015,BIL,MT,ANM,WE,Combined TRACON& Tower with Radar,20,48,12,0,80,0,18,46,0,64,20,66,58,0,144,40,0,40,184
01/11/2015,BIL,MT,ANM,WE,Combined TRACON& Tower with Radar,25,39,12,0,76,0,0,0,0,0,25,39,12,0,76,0,0,0,76
01/12/2015,BIL,MT,ANM,WE,Combined TRACON& Tower with Radar,25,62,24,0,111,0,15,17,0,32,25,77,41,0,143,16,0,16,159
01/13/2015,BIL,MT,ANM,WE,Combined TRACON& Tower with Radar,28,62,31,0,121,0,14,56,0,70,28,76,87,0,191,92,2,94,285
01/14/2015,BIL,MT,ANM,WE,Combined TRACON& Tower with Radar,28,77,48,0,153,0,28,63,0,91,28,105,111,0,244,9,0,9,253
01/15/2015,BIL,MT,ANM,WE,Combined TRACON& Tower with Radar,32,64,24,2,122,0,27,35,0,62,32,91,59,2,184,44,0,44,228
01/16/2015,BIL,MT,ANM,WE,Combined TRACON& Tower with Radar,28,55,20,0,103,0,31,38,1,70,28,86,58,1,173,36,0,36,209
01/17/2015,BIL,MT,ANM,WE,Combined TRACON& Tower with Radar,19,39,18,0,76,0,24,58,0,82,19,63,76,0,158,66,0,66,224
01/18/2015,BIL,MT,ANM,WE,Combined TRACON& Tower with Radar,26,28,19,0,73,0,10,19,0,29,26,38,38,0,102,22,0,22,124
01/19/2015,BIL,MT,ANM,WE,Combined TRACON& Tower with Radar,26,54,28,2,110,0,13,31,2,46,26,67,59,4,156,52,0,52,208
01/20/2015,BIL,MT,ANM,WE,Combined TRACON& Tower with Radar,32,72,29,0,133,0,18,42,0,60,32,90,71,0,193,46,0,46,239
01/21/2015,BIL,MT,ANM,WE,Combined TRACON& Tower with Radar,27,60,34,0,121,0,18,55,0,73,27,78,89,0,194,70,0,70,264
01/22/2015,BIL,MT,ANM,WE,Combined TRACON& Tower with Radar,30,49,20,2,101,0,26,26,0,52,30,75,46,2,153,22,0,22,175
01/23/2015,BIL,MT,ANM,WE,Combined TRACON& Tower with Radar,30,53,22,0,105,0,32,45,0,77,30,85,67,0,182,96,0,96,278
01/24/2015,BIL,MT,ANM,WE,Combined TRACON& Tower with Radar,19,42,6,0,67,0,15,8,0,23,19,57,14,0,90,22,0,22,112
01/25/2015,BIL,MT,ANM,WE,Combined TRACON& Tower with Radar,26,17,10,0,53,0,14,22,0,36,26,31,32,0,89,78,0,78,167
01/26/2015,BIL,MT,ANM,WE,Combined TRACON& Tower with Radar,25,41,21,0,87,0,28,21,0,49,25,69,42,0,136,9,0,9,145
01/27/2015,BIL,MT,ANM,WE,Combined TRACON& Tower with Radar,26,58,21,0,105,0,36,44,2,82,26,94,65,2,187,34,0,34,221
01/28/2015,BIL,MT,ANM,WE,Combined TRACON& Tower with Radar,28,65,42,0,135,0,12,52,0,64,28,77,94,0,199,42,0,42,241
01/29/2015,BIL,MT,ANM,WE,Combined TRACON& Tower with Radar,32,61,38,0,131,0,21,88,0,109,32,82,126,0,240,71,0,71,311
01/30/2015,BIL,MT,ANM,WE,Combined TRACON& Tower with Radar,27,57,34,0,118,0,37,104,0,141,27,94,138,0,259,100,0,100,359
01/31/2015,BIL,MT,ANM,WE,Combined TRACON& Tower with Radar,20,50,14,0,84,0,1,21,0,22,20,51,35,0,106,62,0,62,168
02/01/2015,BIL,MT,ANM,WE,Combined TRACON& Tower with Radar,26,26,10,0,62,0,24,23,0,47,26,50,33,0,109,40,0,40,149
02/02/2015,BIL,MT,ANM,WE,Combined TRACON& Tower with Radar,23,63,21,0,107,0,10,24,0,34,23,73,45,0,141,40,0,40,181
02/03/2015,BIL,MT,ANM,WE,Combined TRACON& Tower with Radar,26,77,23,6,132,0,7,8,1,16,26,84,31,7,148,6,8,14,162
02/04/2015,BIL,MT,ANM,WE,Combined TRACON& Tower with Radar,28,67,37,1,133,0,17,47,2,66,28,84,84,3,199,59,1,60,259
02/05/2015,BIL,MT,ANM,WE,Combined TRACON& Tower with Radar,30,44,33,0,107,0,23,44,0,67,30,67,77,0,174,22,0,22,196
02/06/2015,BIL,MT,ANM,WE,Combined TRACON& Tower with Radar,30,53,31,0,114,0,25,61,0,86,30,78,92,0,200,64,0,64,264
02/07/2015,BIL,MT,ANM,WE,Combined TRACON& Tower with Radar,19,49,7,0,75,0,18,24,0,42,19,67,31,0,117,40,0,40,157
02/08/2015,BIL,MT,ANM,WE,Combined TRACON& Tower with Radar,27,16,16,2,61,0,16,32,0,48,27,32,48,2,109,37,0,37,146
02/09/2015,BIL,MT,ANM,WE,Combined TRACON& Tower with Radar,25,51,37,0,113,0,8,57,0,65,25,59,94,0,178,108,0,108,286
02/10/2015,BIL,MT,ANM,WE,Combined TRACON& Tower with Radar,26,72,24,0,122,0,8,32,0,40,26,80,56,0,162,62,0,62,224
02/11/2015,BIL,MT,ANM,WE,Combined TRACON& Tower with Radar,30,73,22,0,125,0,2,7,0,9,30,75,29,0,134,2,0,2,136
02/12/2015,BIL,MT,ANM,WE,Combined TRACON& Tower with Radar,28,56,35,0,119,0,27,60,0,87,28,83,95,0,206,64,0,64,270
02/13/2015,BIL,MT,ANM,WE,Combined TRACON& Tower with Radar,30,71,39,0,140,0,28,87,0,115,30,99,126,0,255,88,0,88,343
02/14/2015,BIL,MT,ANM,WE,Combined TRACON& Tower with Radar,22,58,15,0,95,0,6,38,0,44,22,64,53,0,139,56,0,56,195
02/15/2015,BIL,MT,ANM,WE,Combined TRACON& Tower with Radar,21,44,10,0,75,0,6,24,0,30,21,50,34,0,105,60,0,60,165
02/16/2015,BIL,MT,ANM,WE,Combined TRACON& Tower with Radar,25,62,23,0,110,0,0,24,0,24,25,62,47,0,134,20,0,20,154
02/17/2015,BIL,MT,ANM,WE,Combined TRACON& Tower with Radar,26,88,28,0,142,0,6,28,0,34,26,94,56,0,176,58,0,58,234
02/18/2015,BIL,MT,ANM,WE,Combined TRACON& Tower with Radar,28,73,30,0,131,0,17,66,0,83,28,90,96,0,214,88,0,88,302
02/19/2015,BIL,MT,ANM,WE,Combined TRACON& Tower with Radar,26,77,25,0,128,0,24,38,0,62,26,101,63,0,190,74,0,74,264
02/20/2015,BIL,MT,ANM,WE,Combined TRACON& Tower with Radar,24,85,33,0,142,0,5,16,2,23,24,90,49,2,165,30,0,30,195
02/21/2015,BIL,MT,ANM,WE,Combined TRACON& Tower with Radar,21,62,14,0,97,0,0,4,0,4,21,62,18,0,101,6,0,6,107
02/22/2015,BIL,MT,ANM,WE,Combined TRACON& Tower with Radar,20,36,22,0,78,0,16,26,0,42,20,52,48,0,120,25,0,25,145
02/23/2015,BIL,MT,ANM,WE,Combined TRACON& Tower with Radar,24,53,29,0,106,0,27,16,0,43,24,80,45,0,149,14,0,14,163
02/24/2015,BIL,MT,ANM,WE,Combined TRACON& Tower with Radar,25,57,28,0,110,0,21,24,2,47,25,78,52,2,157,12,0,12,169
02/25/2015,BIL,MT,ANM,WE,Combined TRACON& Tower with Radar,27,72,22,0,121,0,2,4,0,6,27,74,26,0,127,8,0,8,135
02/26/2015,BIL,MT,ANM,WE,Combined TRACON& Tower with Radar,27,70,23,0,120,0,17,13,0,30,27,87,36,0,150,94,0,94,244
02/27/2015,BIL,MT,ANM,WE,Combined TRACON& Tower with Radar,28,74,27,0,129,0,31,82,1,114,28,105,109,1,243,100,6,106,349
02/28/2015,BIL,MT,ANM,WE,Combined TRACON& Tower with Radar,19,56,15,1,91,0,8,21,0,29,19,64,36,1,120,118,0,118,238
03/01/2015,BIL,MT,ANM,WE,Combined TRACON& Tower with Radar,22,31,12,0,65,0,10,51,0,61,22,41,63,0,126,16,2,18,144
03/02/2015,BIL,MT,ANM,WE,Combined TRACON& Tower with Radar,21,75,22,0,118,0,12,48,0,60,21,87,70,0,178,46,0,46,224
03/03/2015,BIL,MT,ANM,WE,Combined TRACON& Tower with Radar,28,83,12,0,123,0,11,9,1,21,28,94,21,1,144,27,0,27,171
03/04/2015,BIL,MT,ANM,WE,Combined TRACON& Tower with Radar,26,66,43,0,135,0,20,55,0,75,26,86,98,0,210,100,0,100,310
03/05/2015,BIL,MT,ANM,WE,Combined TRACON& Tower with Radar,22,68,38,0,128,0,29,52,0,81,22,97,90,0,209,82,0,82,291
03/06/2015,BIL,MT,ANM,WE,Combined TRACON& Tower with Radar,28,62,34,0,124,0,32,30,0,62,28,94,64,0,186,10,0,10,196
03/07/2015,BIL,MT,ANM,WE,Combined TRACON& Tower with Radar,15,42,5,0,62,0,16,37,1,54,15,58,42,1,116,82,0,82,198
03/08/2015,BIL,MT,ANM,WE,Combined TRACON& Tower with Radar,24,19,12,0,55,0,25,43,3,71,24,44,55,3,126,64,0,64,190
03/09/2015,BIL,MT,ANM,WE,Combined TRACON& Tower with Radar,25,42,37,0,104,0,35,77,0,112,25,77,114,0,216,76,0,76,292
03/10/2015,BIL,MT,ANM,WE,Combined TRACON& Tower with Radar,28,52,52,0,132,0,27,84,0,111,28,79,136,0,243,106,0,106,349
03/11/2015,BIL,MT,ANM,WE,Combined TRACON& Tower with Radar,28,57,50,0,135,0,30,70,3,103,28,87,120,3,238,64,0,64,302
03/12/2015,BIL,MT,ANM,WE,Combined TRACON& Tower with Radar,30,52,27,0,109,0,37,48,0,85,30,89,75,0,194,60,0,60,254
03/13/2015,BIL,MT,ANM,WE,Combined TRACON& Tower with Radar,26,54,27,0,107,0,27,80,1,108,26,81,107,1,215,84,0,84,299
03/14/2015,BIL,MT,ANM,WE,Combined TRACON& Tower with Radar,24,31,8,0,63,0,24,24,0,48,24,55,32,0,111,30,0,30,141
03/15/2015,BIL,MT,ANM,WE,Combined TRACON& Tower with Radar,24,43,11,0,78,0,9,13,0,22,24,52,24,0,100,2,0,2,102
03/16/2015,BIL,MT,ANM,WE,Combined TRACON& Tower with Radar,22,76,19,0,117,0,4,4,0,8,22,80,23,0,125,2,0,2,127
03/17/2015,BIL,MT,ANM,WE,Combined TRACON& Tower with Radar,30,80,12,0,122,0,1,0,0,1,30,81,12,0,123,0,0,0,123
03/18/2015,BIL,MT,ANM,WE,Combined TRACON& Tower with Radar,27,85,38,0,150,0,3,39,0,42,27,88,77,0,192,80,0,80,272
03/19/2015,BIL,MT,ANM,WE,Combined TRACON& Tower with Radar,26,70,31,0,127,0,29,75,0,104,26,99,106,0,231,122,0,122,353
03/20/2015,BIL,MT,ANM,WE,Combined TRACON& Tower with Radar,26,62,48,0,136,0,27,98,0,125,26,89,146,0,261,130,0,130,391
03/21/2015,BIL,MT,ANM,WE,Combined TRACON& Tower with Radar,20,44,13,0,77,0,10,59,0,69,20,54,72,0,146,54,0,54,200
03/22/2015,BIL,MT,ANM,WE,Combined TRACON& Tower with Radar,25,28,9,0,62,0,15,39,0,54,25,43,48,0,116,38,0,38,154
03/23/2015,BIL,MT,ANM,WE,Combined TRACON& Tower with Radar,24,58,38,1,121,0,23,70,0,93,24,81,108,1,214,128,0,128,342
03/24/2015,BIL,MT,ANM,WE,Combined TRACON& Tower with Radar,29,74,30,1,134,0,8,37,0,45,29,82,67,1,179,38,0,38,217
03/25/2015,BIL,MT,ANM,WE,Combined TRACON& Tower with Radar,26,84,40,2,152,0,8,44,0,52,26,92,84,2,204,40,0,40,244
03/26/2015,BIL,MT,ANM,WE,Combined TRACON& Tower with Radar,28,72,46,0,146,0,18,48,0,66,28,90,94,0,212,35,0,35,247
03/27/2015,BIL,MT,ANM,WE,Combined TRACON& Tower with Radar,32,58,30,1,121,0,32,71,2,105,32,90,101,3,226,32,0,32,258
03/28/2015,BIL,MT,ANM,WE,Combined TRACON& Tower with Radar,20,38,9,0,67,0,13,19,0,32,20,51,28,0,99,40,0,40,139
03/29/2015,BIL,MT,ANM,WE,Combined TRACON& Tower with Radar,23,23,14,0,60,0,12,59,0,71,23,35,73,0,131,74,0,74,205
03/30/2015,BIL,MT,ANM,WE,Combined TRACON& Tower with Radar,23,44,30,1,98,0,31,99,1,131,23,75,129,2,229,120,0,120,349
03/31/2015,BIL,MT,ANM,WE,Combined TRACON& Tower with Radar,27,43,31,4,105,0,35,63,0,98,27,78,94,4,203,102,0,102,305
04/01/2015,BIL,MT,ANM,WE,Combined TRACON& Tower with Radar,26,59,26,1,112,0,17,22,3,42,26,76,48,4,154,16,0,16,170
04/02/2015,BIL,MT,ANM,WE,Combined TRACON& Tower with Radar,27,71,32,0,130,0,11,32,0,43,27,82,64,0,173,68,0,68,241
04/03/2015,BIL,MT,ANM,WE,Combined TRACON& Tower with Radar,29,69,32,2,132,0,22,61,0,83,29,91,93,2,215,92,0,92,307
04/04/2015,BIL,MT,ANM,WE,Combined TRACON& Tower with Radar,19,48,21,0,88,0,24,44,0,68,19,72,65,0,156,82,0,82,238
04/05/2015,BIL,MT,ANM,WE,Combined TRACON& Tower with Radar,23,47,11,2,83,0,2,7,0,9,23,49,18,2,92,8,0,8,100
04/06/2015,BIL,MT,ANM,WE,Combined TRACON& Tower with Radar,26,65,32,0,123,0,0,5,0,5,26,65,37,0,128,24,0,24,152
04/07/2015,BIL,MT,ANM,WE,Combined TRACON& Tower with Radar,32,49,49,2,132,0,31,68,0,99,32,80,117,2,231,124,0,124,355
04/08/2015,BIL,MT,ANM,WE,Combined TRACON& Tower with Radar,28,67,30,0,125,0,15,28,0,43,28,82,58,0,168,30,0,30,198
04/09/2015,BIL,MT,ANM,WE,Combined TRACON& Tower with Radar,30,55,38,0,123,0,26,75,0,101,30,81,113,0,224,130,0,130,354
04/10/2015,BIL,MT,ANM,WE,Combined TRACON& Tower with Radar,28,55,33,0,116,0,28,67,3,98,28,83,100,3,214,88,0,88,302
04/11/2015,BIL,MT,ANM,WE,Combined TRACON& Tower with Radar,20,40,7,5,72,0,17,25,1,43,20,57,32,6,115,40,4,44,159
04/12/2015,BIL,MT,ANM,WE,Combined TRACON& Tower with Radar,23,26,15,0,64,0,6,7,2,15,23,32,22,2,79,24,4,28,107
04/13/2015,BIL,MT,ANM,WE,Combined TRACON& Tower with Radar,24,45,43,1,113,0,25,93,0,118,24,70,136,1,231,104,4,108,339
04/14/2015,BIL,MT,ANM,WE,Combined TRACON& Tower with Radar,28,44,30,0,102,0,31,35,1,67,28,75,65,1,169,44,0,44,213
04/15/2015,BIL,MT,ANM,WE,Combined TRACON& Tower with Radar,28,80,27,0,135,0,0,1,0,1,28,80,28,0,136,0,0,0,136
04/16/2015,BIL,MT,ANM,WE,Combined TRACON& Tower with Radar,27,49,36,0,112,0,34,50,2,86,27,83,86,2,198,48,0,48,246
04/17/2015,BIL,MT,ANM,WE,Combined TRACON& Tower with Radar,30,61,54,0,145,0,30,91,0,121,30,91,145,0,266,84,0,84,350
04/18/2015,BIL,MT,ANM,WE,Combined TRACON& Tower with Radar,21,51,10,0,82,0,19,33,0,52,21,70,43,0,134,6,0,6,140
04/19/2015,BIL,MT,ANM,WE,Combined TRACON& Tower with Radar,22,37,26,0,85,0,9,35,0,44,22,46,61,0,129,48,0,48,177
04/20/2015,BIL,MT,ANM,WE,Combined TRACON& Tower with Radar,25,47,48,0,120,0,17,100,0,117,25,64,148,0,237,114,0,114,351
04/21/2015,BIL,MT,ANM,WE,Combined TRACON& Tower with Radar,32,48,32,0,112,0,30,65,2,97,32,78,97,2,209,82,0,82,291
04/22/2015,BIL,MT,ANM,WE,Combined TRACON& Tower with Radar,28,58,40,0,126,0,38,75,0,113,28,96,115,0,239,62,0,62,301
04/23/2015,BIL,MT,ANM,WE,Combined TRACON& Tower with Radar,30,59,39,0,128,0,24,51,0,75,30,83,90,0,203,70,0,70,273
04/24/2015,BIL,MT,ANM,WE,Combined TRACON& Tower with Radar,28,58,31,0,117,0,25,71,0,96,28,83,102,0,213,62,0,62,275
04/25/2015,BIL,MT,ANM,WE,Combined TRACON& Tower with Radar,20,59,11,0,90,0,0,6,0,6,20,59,17,0,96,0,0,0,96
04/26/2015,BIL,MT,ANM,WE,Combined TRACON& Tower with Radar,21,43,6,0,70,0,0,0,0,0,21,43,6,0,70,0,0,0,70
04/27/2015,BIL,MT,ANM,WE,Combined TRACON& Tower with Radar,24,57,39,0,120,0,23,60,0,83,24,80,99,0,203,106,0,106,309
04/28/2015,BIL,MT,ANM,WE,Combined TRACON& Tower with Radar,29,50,40,0,119,0,29,79,0,108,29,79,119,0,227,147,0,147,374
04/29/2015,BIL,MT,ANM,WE,Combined TRACON& Tower with Radar,30,53,36,0,119,0,27,45,0,72,30,80,81,0,191,84,0,84,275
04/30/2015,BIL,MT,ANM,WE,Combined TRACON& Tower with Radar,28,63,32,2,125,0,20,49,0,69,28,83,81,2,194,56,0,56,250
05/01/2015,BIL,MT,ANM,WE,Combined TRACON& Tower with Radar,28,50,43,0,121,0,29,66,3,98,28,79,109,3,219,56,0,56,275
05/02/2015,BIL,MT,ANM,WE,Combined TRACON& Tower with Radar,20,33,16,0,69,0,23,51,4,78,20,56,67,4,147,22,0,22,169
05/03/2015,BIL,MT,ANM,WE,Combined TRACON& Tower with Radar,19,35,24,0,78,0,24,40,0,64,19,59,64,0,142,52,0,52,194
05/04/2015,BIL,MT,ANM,WE,Combined TRACON& Tower with Radar,25,50,28,0,103,0,27,46,0,73,25,77,74,0,176,108,0,108,284
05/05/2015,BIL,MT,ANM,WE,Combined TRACON& Tower with Radar,28,54,40,0,122,0,27,67,0,94,28,81,107,0,216,101,0,101,317
05/06/2015,BIL,MT,ANM,WE,Combined TRACON& Tower with Radar,28,75,31,0,134,0,5,46,0,51,28,80,77,0,185,92,0,92,277
05/07/2015,BIL,MT,ANM,WE,Combined TRACON& Tower with Radar,31,66,47,0,144,0,22,68,2,92,31,88,115,2,236,74,0,74,310
05/08/2015,BIL,MT,ANM,WE,Combined TRACON& Tower with Radar,29,93,37,0,159,0,4,14,0,18,29,97,51,0,177,52,0,52,229
05/09/2015,BIL,MT,ANM,WE,Combined TRACON& Tower with Radar,24,71,14,0,109,0,3,2,0,5,24,74,16,0,114,3,0,3,117
05/10/2015,BIL,MT,ANM,WE,Combined TRACON& Tower with Radar,27,35,19,0,81,0,20,33,1,54,27,55,52,1,135,49,0,49,184
05/11/2015,BIL,MT,ANM,WE,Combined TRACON& Tower with Radar,24,35,40,0,99,0,26,68,0,94,24,61,108,0,193,44,0,44,237
05/12/2015,BIL,MT,ANM,WE,Combined TRACON& Tower with Radar,29,69,37,0,135,0,11,52,0,63,29,80,89,0,198,50,0,50,248
05/13/2015,BIL,MT,ANM,WE,Combined TRACON& Tower with Radar,27,65,42,0,134,0,21,67,2,90,27,86,109,2,224,52,0,52,276
05/14/2015,BIL,MT,ANM,WE,Combined TRACON& Tower with Radar,30,84,55,0,169,0,3,6,1,10,30,87,61,1,179,4,0,4,183
05/15/2015,BIL,MT,ANM,WE,Combined TRACON& Tower with Radar,25,101,35,0,161,0,2,3,2,7,25,103,38,2,168,14,1,15,183
05/16/2015,BIL,MT,ANM,WE,Combined TRACON& Tower with Radar,22,72,24,0,118,0,0,12,0,12,22,72,36,0,130,23,0,23,153
05/17/2015,BIL,MT,ANM,WE,Combined TRACON& Tower with Radar,25,53,17,0,95,0,0,0,0,0,25,53,17,0,95,0,0,0,95
05/18/2015,BIL,MT,ANM,WE,Combined TRACON& Tower with Radar,24,49,54,4,131,0,14,61,0,75,24,63,115,4,206,122,4,126,332
05/19/2015,BIL,MT,ANM,WE,Combined TRACON& Tower with Radar,28,67,61,0,156,0,22,59,0,81,28,89,120,0,237,84,0,84,321
05/20/2015,BIL,MT,ANM,WE,Combined TRACON& Tower with Radar,28,50,53,0,131,0,19,64,0,83,28,69,117,0,214,122,0,122,336
05/21/2015,BIL,MT,ANM,WE,Combined TRACON& Tower with Radar,30,53,43,2,128,0,44,74,0,118,30,97,117,2,246,63,8,71,317
05/22/2015,BIL,MT,ANM,WE,Combined TRACON& Tower with Radar,29,70,27,0,126,0,30,43,0,73,29,100,70,0,199,78,0,78,277
05/23/2015,BIL,MT,ANM,WE,Combined TRACON& Tower with Radar,20,49,17,0,86,0,17,34,2,53,20,66,51,2,139,21,0,21,160
05/24/2015,BIL,MT,ANM,WE,Combined TRACON& Tower with Radar,21,40,21,0,82,0,0,2,1,3,21,40,23,1,85,4,0,4,89
05/25/2015,BIL,MT,ANM,WE,Combined TRACON& Tower with Radar,22,40,25,0,87,0,6,54,2,62,22,46,79,2,149,35,0,35,184
05/26/2015,BIL,MT,ANM,WE,Combined TRACON& Tower with Radar,23,53,30,0,106,0,23,30,0,53,23,76,60,0,159,51,0,51,210
05/27/2015,BIL,MT,ANM,WE,Combined TRACON& Tower with Radar,27,72,27,2,128,0,22,33,0,55,27,94,60,2,183,89,0,89,272
05/28/2015,BIL,MT,ANM,WE,Combined TRACON& Tower with Radar,31,73,33,0,137,0,18,27,0,45,31,91,60,0,182,31,0,31,213
05/29/2015,BIL,MT,ANM,WE,Combined TRACON& Tower with Radar,28,77,25,0,130,0,14,30,0,44,28,91,55,0,174,27,0,27,201
05/30/2015,BIL,MT,ANM,WE,Combined TRACON& Tower with Radar,20,37,17,0,74,0,23,40,2,65,20,60,57,2,139,35,0,35,174
05/31/2015,BIL,MT,ANM,WE,Combined TRACON& Tower with Radar,25,29,16,0,70,0,15,44,0,59,25,44,60,0,129,36,0,36,165
06/01/2015,BIL,MT,ANM,WE,Combined TRACON& Tower with Radar,25,45,11,0,81,0,29,51,0,80,25,74,62,0,161,32,0,32,193
06/02/2015,BIL,MT,ANM,WE,Combined TRACON& Tower with Radar,30,82,44,0,156,0,13,45,0,58,30,95,89,0,214,26,0,26,240
06/03/2015,BIL,MT,ANM,WE,Combined TRACON& Tower with Radar,27,64,48,2,141,0,10,22,0,32,27,74,70,2,173,12,0,12,185
06/04/2015,BIL,MT,ANM,WE,Combined TRACON& Tower with Radar,34,62,45,0,141,0,17,37,0,54,34,79,82,0,195,68,0,68,263
06/05/2015,BIL,MT,ANM,WE,Combined TRACON& Tower with Radar,34,74,35,0,143,0,19,20,0,39,34,93,55,0,182,47,0,47,229
06/06/2015,BIL,MT,ANM,WE,Combined TRACON& Tower with Radar,28,41,21,0,90,0,27,40,0,67,28,68,61,0,157,110,0,110,267
06/07/2015,BIL,MT,ANM,WE,Combined TRACON& Tower with Radar,27,29,27,0,83,0,20,64,0,84,27,49,91,0,167,49,0,49,216
06/08/2015,BIL,MT,ANM,WE,Combined TRACON& Tower with Radar,34,33,23,0,90,0,37,74,1,112,34,70,97,1,202,70,0,70,272
06/09/2015,BIL,MT,ANM,WE,Combined TRACON& Tower with Radar,34,54,27,0,115,0,40,37,0,77,34,94,64,0,192,79,0,79,271
06/10/2015,BIL,MT,ANM,WE,Combined TRACON& Tower with Radar,30,68,22,0,120,0,20,40,0,60,30,88,62,0,180,80,0,80,260
06/11/2015,BIL,MT,ANM,WE,Combined TRACON& Tower with Radar,34,67,36,0,137,0,15,37,1,53,34,82,73,1,190,25,0,25,215
06/12/2015,BIL,MT,ANM,WE,Combined TRACON& Tower with Radar,31,53,20,0,104,0,28,65,0,93,31,81,85,0,197,26,0,26,223
06/13/2015,BIL,MT,ANM,WE,Combined TRACON& Tower with Radar,27,30,15,0,72,0,30,56,1,87,27,60,71,1,159,29,0,29,188
06/14/2015,BIL,MT,ANM,WE,Combined TRACON& Tower with Radar,29,26,11,0,66,0,26,32,0,58,29,52,43,0,124,8,0,8,132
06/15/2015,BIL,MT,ANM,WE,Combined TRACON& Tower with Radar,29,45,39,0,113,0,20,49,0,69,29,65,88,0,182,39,0,39,221
06/16/2015,BIL,MT,ANM,WE,Combined TRACON& Tower with Radar,35,59,29,0,123,0,28,37,0,65,35,87,66,0,188,64,2,66,254
06/17/2015,BIL,MT,ANM,WE,Combined TRACON& Tower with Radar,32,48,36,0,116,0,35,72,1,108,32,83,108,1,224,50,0,50,274
06/18/2015,BIL,MT,ANM,WE,Combined TRACON& Tower with Radar,37,76,40,1,154,0,22,47,2,71,37,98,87,3,225,26,1,27,252
06/19/2015,BIL,MT,ANM,WE,Combined TRACON& Tower with Radar,32,64,21,0,117,0,34,39,0,73,32,98,60,0,190,46,16,62,252
06/20/2015,BIL,MT,ANM,WE,Combined TRACON& Tower with Radar,28,42,9,0,79,0,30,59,1,90,28,72,68,1,169,91,0,91,260
06/21/2015,BIL,MT,ANM,WE,Combined TRACON& Tower with Radar,29,24,11,0,64,0,17,40,0,57,29,41,51,0,121,10,0,10,131
06/22/2015,BIL,MT,ANM,WE,Combined TRACON& Tower with Radar,27,60,42,2,131,0,27,70,2,99,27,87,112,4,230,93,0,93,323
06/23/2015,BIL,MT,ANM,WE,Combined TRACON& Tower with Radar,34,51,44,2,131,0,24,67,0,91,34,75,111,2,222,58,0,58,280
06/24/2015,BIL,MT,ANM,WE,Combined TRACON& Tower with Radar,34,47,35,0,116,0,33,60,0,93,34,80,95,0,209,68,0,68,277
06/25/2015,BIL,MT,ANM,WE,Combined TRACON& Tower with Radar,34,48,33,5,120,0,29,49,0,78,34,77,82,5,198,107,8,115,313
06/26/2015,BIL,MT,ANM,WE,Combined TRACON& Tower with Radar,34,58,43,0,135,0,32,66,4,102,34,90,109,4,237,28,0,28,265
06/27/2015,BIL,MT,ANM,WE,Combined TRACON& Tower with Radar,26,42,24,1,93,0,34,72,1,107,26,76,96,2,200,51,0,51,251
06/28/2015,BIL,MT,ANM,WE,Combined TRACON& Tower with Radar,26,23,18,0,67,0,20,39,1,60,26,43,57,1,127,43,0,43,170
06/29/2015,BIL,MT,ANM,WE,Combined TRACON& Tower with Radar,29,41,34,0,104,0,22,51,0,73,29,63,85,0,177,37,0,37,214
06/30/2015,BIL,MT,ANM,WE,Combined TRACON& Tower with Radar,30,65,45,0,140,0,26,51,0,77,30,91,96,0,217,43,0,43,260
07/01/2015,BIL,MT,ANM,WE,Combined TRACON& Tower with Radar,29,69,46,2,146,0,21,47,1,69,29,90,93,3,215,88,2,90,305
07/02/2015,BIL,MT,ANM,WE,Combined TRACON& Tower with Radar,31,61,28,0,120,0,28,48,0,76,31,89,76,0,196,73,0,73,269
07/03/2015,BIL,MT,ANM,WE,Combined TRACON& Tower with Radar,30,67,26,0,123,0,21,47,0,68,30,88,73,0,191,37,0,37,228
07/04/2015,BIL,MT,ANM,WE,Combined TRACON& Tower with Radar,19,31,12,1,63,0,20,47,2,69,19,51,59,3,132,15,1,16,148
07/05/2015,BIL,MT,ANM,WE,Combined TRACON& Tower with Radar,24,53,18,1,96,0,1,16,1,18,24,54,34,2,114,10,2,12,126
07/06/2015,BIL,MT,ANM,WE,Combined TRACON& Tower with Radar,34,62,45,0,141,0,15,51,0,66,34,77,96,0,207,41,0,41,248
07/07/2015,BIL,MT,ANM,WE,Combined TRACON& Tower with Radar,33,66,27,0,126,0,31,51,0,82,33,97,78,0,208,43,0,43,251
07/08/2015,BIL,MT,ANM,WE,Combined TRACON& Tower with Radar,25,49,47,0,121,0,37,70,1,108,25,86,117,1,229,48,0,48,277
07/09/2015,BIL,MT,ANM,WE,Combined TRACON& Tower with Radar,33,54,44,0,131,0,38,82,0,120,33,92,126,0,251,34,0,34,285
07/10/2015,BIL,MT,ANM,WE,Combined TRACON& Tower with Radar,32,47,26,0,105,0,29,53,0,82,32,76,79,0,187,87,0,87,274
07/11/2015,BIL,MT,ANM,WE,Combined TRACON& Tower with Radar,28,44,19,0,91,0,24,92,5,121,28,68,111,5,212,19,0,19,231
07/12/2015,BIL,MT,ANM,WE,Combined TRACON& Tower with Radar,31,26,19,1,77,0,20,91,3,114,31,46,110,4,191,27,1,28,219
07/13/2015,BIL,MT,ANM,WE,Combined TRACON& Tower with Radar,29,50,29,1,109,0,26,139,2,167,29,76,168,3,276,8,0,8,284
07/14/2015,BIL,MT,ANM,WE,Combined TRACON& Tower with Radar,32,70,27,2,131,0,25,66,0,91,32,95,93,2,222,35,0,35,257
07/15/2015,BIL,MT,ANM,WE,Combined TRACON& Tower with Radar,28,60,35,0,123,0,28,54,0,82,28,88,89,0,205,41,0,41,246
07/16/2015,BIL,MT,ANM,WE,Combined TRACON& Tower with Radar,32,60,35,8,135,0,30,70,1,101,32,90,105,9,236,25,16,41,277
07/17/2015,BIL,MT,ANM,WE,Combined TRACON& Tower with Radar,31,66,29,0,126,0,29,54,0,83,31,95,83,0,209,26,0,26,235
07/18/2015,BIL,MT,ANM,WE,Combined TRACON& Tower with Radar,26,48,25,0,99,0,20,61,0,81,26,68,86,0,180,47,0,47,227
07/19/2015,BIL,MT,ANM,WE,Combined TRACON& Tower with Radar,29,27,23,0,79,0,19,55,0,74,29,46,78,0,153,70,0,70,223
07/20/2015,BIL,MT,ANM,WE,Combined TRACON& Tower with Radar,34,52,31,2,119,0,28,51,1,80,34,80,82,3,199,52,0,52,251
07/21/2015,BIL,MT,ANM,WE,Combined TRACON& Tower with Radar,30,65,32,0,127,0,33,52,0,85,30,98,84,0,212,22,0,22,234
07/22/2015,BIL,MT,ANM,WE,Combined TRACON& Tower with Radar,30,53,27,0,110,0,28,63,1,92,30,81,90,1,202,57,0,57,259
07/23/2015,BIL,MT,ANM,WE,Combined TRACON& Tower with Radar,32,49,39,0,120,0,36,56,1,93,32,85,95,1,213,35,0,35,248
07/24/2015,BIL,MT,ANM,WE,Combined TRACON& Tower with Radar,33,48,28,0,109,0,36,47,0,83,33,84,75,0,192,4,0,4,196
07/25/2015,BIL,MT,ANM,WE,Combined TRACON& Tower with Radar,26,33,19,0,78,0,31,48,2,81,26,64,67,2,159,12,0,12,171
07/26/2015,BIL,MT,ANM,WE,Combined TRACON& Tower with Radar,27,36,22,0,85,0,30,79,1,110,27,66,101,1,195,60,0,60,255
07/27/2015,BIL,MT,ANM,WE,Combined TRACON& Tower with Radar,31,58,35,0,124,0,9,38,0,47,31,67,73,0,171,24,0,24,195
07/28/2015,BIL,MT,ANM,WE,Combined TRACON& Tower with Radar,33,70,26,0,129,0,15,49,1,65,33,85,75,1,194,39,2,41,235
07/29/2015,BIL,MT,ANM,WE,Combined TRACON& Tower with Radar,28,50,37,0,115,0,31,84,1,116,28,81,121,1,231,68,0,68,299
07/30/2015,BIL,MT,ANM,WE,Combined TRACON& Tower with Radar,32,53,31,0,116,0,32,87,1,120,32,85,118,1,236,64,0,64,300
07/31/2015,BIL,MT,ANM,WE,Combined TRACON& Tower with Radar,34,54,34,0,122,0,38,69,8,115,34,92,103,8,237,22,0,22,259
08/01/2015,BIL,MT,ANM,WE,Combined TRACON& Tower with Radar,24,44,27,0,95,0,28,63,0,91,24,72,90,0,186,37,0,37,223
08/02/2015,BIL,MT,ANM,WE,Combined TRACON& Tower with Radar,29,29,32,0,90,0,14,54,0,68,29,43,86,0,158,62,0,62,220
08/03/2015,BIL,MT,ANM,WE,Combined TRACON& Tower with Radar,31,38,33,0,102,1,16,67,1,85,32,54,100,1,187,14,0,14,201
08/04/2015,BIL,MT,ANM,WE,Combined TRACON& Tower with Radar,35,50,23,0,108,0,24,26,0,50,35,74,49,0,158,9,0,9,167
08/05/2015,BIL,MT,ANM,WE,Combined TRACON& Tower with Radar,31,60,28,1,120,0,22,32,0,54,31,82,60,1,174,9,0,9,183
08/06/2015,BIL,MT,ANM,WE,Combined TRACON& Tower with Radar,38,50,38,0,126,0,31,50,3,84,38,81,88,3,210,18,0,18,228
08/07/2015,BIL,MT,ANM,WE,Combined TRACON& Tower with Radar,35,51,25,0,111,0,31,47,0,78,35,82,72,0,189,11,0,11,200
08/08/2015,BIL,MT,ANM,WE,Combined TRACON& Tower with Radar,27,54,24,0,105,0,23,31,0,54,27,77,55,0,159,49,0,49,208
08/09/2015,BIL,MT,ANM,WE,Combined TRACON& Tower with Radar,32,27,21,0,80,0,22,52,2,76,32,49,73,2,156,54,0,54,210
08/10/2015,BIL,MT,ANM,WE,Combined TRACON& Tower with Radar,34,43,28,0,105,0,24,48,0,72,34,67,76,0,177,13,0,13,190
08/11/2015,BIL,MT,ANM,WE,Combined TRACON& Tower with Radar,31,56,22,1,110,0,30,65,4,99,31,86,87,5,209,29,0,29,238
08/12/2015,BIL,MT,ANM,WE,Combined TRACON& Tower with Radar,31,61,33,2,127,0,27,54,6,87,31,88,87,8,214,47,0,47,261
08/13/2015,BIL,MT,ANM,WE,Combined TRACON& Tower with Radar,34,59,42,0,135,0,33,64,2,99,34,92,106,2,234,53,1,54,288
08/14/2015,BIL,MT,ANM,WE,Combined TRACON& Tower with Radar,34,45,18,0,97,0,26,47,0,73,34,71,65,0,170,39,0,39,209
08/15/2015,BIL,MT,ANM,WE,Combined TRACON& Tower with Radar,26,50,20,0,96,0,26,53,1,80,26,76,73,1,176,7,0,7,183
08/16/2015,BIL,MT,ANM,WE,Combined TRACON& Tower with Radar,31,29,23,2,85,0,19,53,1,73,31,48,76,3,158,27,0,27,185
08/17/2015,BIL,MT,ANM,WE,Combined TRACON& Tower with Radar,33,69,34,0,136,0,9,40,1,50,33,78,74,1,186,61,0,61,247
08/18/2015,BIL,MT,ANM,WE,Combined TRACON& Tower with Radar,32,75,31,0,138,0,7,23,0,30,32,82,54,0,168,35,0,35,203
08/19/2015,BIL,MT,ANM,WE,Combined TRACON& Tower with Radar,34,58,29,2,123,0,24,50,1,75,34,82,79,3,198,40,0,40,238
08/20/2015,BIL,MT,ANM,WE,Combined TRACON& Tower with Radar,33,69,38,0,140,0,17,34,1,52,33,86,72,1,192,34,0,34,226
08/21/2015,BIL,MT,ANM,WE,Combined TRACON& Tower with Radar,32,62,21,1,116,0,11,25,2,38,32,73,46,3,154,8,0,8,162
08/22/2015,BIL,MT,ANM,WE,Combined TRACON& Tower with Radar,26,44,2,0,72,0,10,16,3,29,26,54,18,3,101,23,0,23,124
08/23/2015,BIL,MT,ANM,WE,Combined TRACON& Tower with Radar,28,21,17,1,67,0,21,56,1,78,28,42,73,2,145,31,0,31,176
08/24/2015,BIL,MT,ANM,WE,Combined TRACON& Tower with Radar,28,53,40,1,122,0,18,40,0,58,28,71,80,1,180,33,0,33,213
08/25/2015,BIL,MT,ANM,WE,Combined TRACON& Tower with Radar,30,66,49,3,148,0,18,54,0,72,30,84,103,3,220,35,0,35,255
08/26/2015,BIL,MT,ANM,WE,Combined TRACON& Tower with Radar,26,61,58,0,145,0,23,67,1,91,26,84,125,1,236,75,0,75,311
08/27/2015,BIL,MT,ANM,WE,Combined TRACON& Tower with Radar,32,64,43,0,139,0,25,39,2,66,32,89,82,2,205,37,0,37,242
08/28/2015,BIL,MT,ANM,WE,Combined TRACON& Tower with Radar,31,70,32,0,133,0,13,42,1,56,31,83,74,1,189,65,0,65,254
08/29/2015,BIL,MT,ANM,WE,Combined TRACON& Tower with Radar,22,39,32,0,93,3,17,45,5,70,25,56,77,5,163,69,0,69,232
08/30/2015,BIL,MT,ANM,WE,Combined TRACON& Tower with Radar,28,38,12,0,78,0,19,29,5,53,28,57,41,5,131,39,0,39,170
08/31/2015,BIL,MT,ANM,WE,Combined TRACON& Tower with Radar,25,54,36,0,115,0,30,92,1,123,25,84,128,1,238,100,0,100,338
09/01/2015,BIL,MT,ANM,WE,Combined TRACON& Tower with Radar,27,41,32,0,100,0,34,79,0,113,27,75,111,0,213,129,1,130,343
09/02/2015,BIL,MT,ANM,WE,Combined TRACON& Tower with Radar,24,63,43,2,132,0,28,75,4,107,24,91,118,6,239,95,0,95,334
09/03/2015,BIL,MT,ANM,WE,Combined TRACON& Tower with Radar,29,50,21,0,100,0,27,29,0,56,29,77,50,0,156,54,0,54,210
09/04/2015,BIL,MT,ANM,WE,Combined TRACON& Tower with Radar,24,73,26,0,123,0,13,54,0,67,24,86,80,0,190,89,0,89,279
09/05/2015,BIL,MT,ANM,WE,Combined TRACON& Tower with Radar,20,49,11,0,80,0,4,11,0,15,20,53,22,0,95,13,0,13,108
09/06/2015,BIL,MT,ANM,WE,Combined TRACON& Tower with Radar,22,11,13,0,46,0,25,49,0,74,22,36,62,0,120,66,0,66,186
09/07/2015,BIL,MT,ANM,WE,Combined TRACON& Tower with Radar,22,22,27,0,71,0,20,59,0,79,22,42,86,0,150,82,0,82,232
09/08/2015,BIL,MT,ANM,WE,Combined TRACON& Tower with Radar,19,36,28,0,83,0,25,72,0,97,19,61,100,0,180,62,0,62,242
09/09/2015,BIL,MT,ANM,WE,Combined TRACON& Tower with Radar,28,47,40,1,116,0,36,71,2,109,28,83,111,3,225,63,0,63,288
09/10/2015,BIL,MT,ANM,WE,Combined TRACON& Tower with Radar,27,59,34,0,120,0,34,60,1,95,27,93,94,1,215,79,0,79,294
09/11/2015,BIL,MT,ANM,WE,Combined TRACON& Tower with Radar,27,51,42,0,120,0,31,82,1,114,27,82,124,1,234,26,0,26,260
09/12/2015,BIL,MT,ANM,WE,Combined TRACON& Tower with Radar,19,40,28,0,87,0,18,70,0,88,19,58,98,0,175,99,0,99,274
09/13/2015,BIL,MT,ANM,WE,Combined TRACON& Tower with Radar,22,33,22,4,81,0,19,52,0,71,22,52,74,4,152,100,0,100,252
09/14/2015,BIL,MT,ANM,WE,Combined TRACON& Tower with Radar,23,53,37,0,113,0,19,64,4,87,23,72,101,4,200,37,3,40,240
09/15/2015,BIL,MT,ANM,WE,Combined TRACON& Tower with Radar,30,58,35,0,123,0,26,58,0,84,30,84,93,0,207,61,0,61,268
09/16/2015,BIL,MT,ANM,WE,Combined TRACON& Tower with Radar,24,62,38,0,124,0,17,55,0,72,24,79,93,0,196,112,0,112,308
09/17/2015,BIL,MT,ANM,WE,Combined TRACON& Tower with Radar,29,50,41,1,121,0,25,60,0,85,29,75,101,1,206,20,0,20,226
09/18/2015,BIL,MT,ANM,WE,Combined TRACON& Tower with Radar,25,59,47,0,131,0,25,45,0,70,25,84,92,0,201,81,0,81,282
09/19/2015,BIL,MT,ANM,WE,Combined TRACON& Tower with Radar,21,31,16,0,68,2,25,59,0,86,23,56,75,0,154,51,0,51,205
09/20/2015,BIL,MT,ANM,WE,Combined TRACON& Tower with Radar,23,26,26,3,78,0,16,70,0,86,23,42,96,3,164,48,0,48,212
09/21/2015,BIL,MT,ANM,WE,Combined TRACON& Tower with Radar,23,40,50,2,115,0,16,81,0,97,23,56,131,2,212,64,0,64,276
09/22/2015,BIL,MT,ANM,WE,Combined TRACON& Tower with Radar,27,42,31,0,100,0,40,93,0,133,27,82,124,0,233,145,0,145,378
09/23/2015,BIL,MT,ANM,WE,Combined TRACON& Tower with Radar,24,44,43,2,113,0,27,74,3,104,24,71,117,5,217,109,1,110,327
09/24/2015,BIL,MT,ANM,WE,Combined TRACON& Tower with Radar,31,57,47,0,135,0,23,78,0,101,31,80,125,0,236,40,0,40,276
09/25/2015,BIL,MT,ANM,WE,Combined TRACON& Tower with Radar,25,63,36,0,124,0,28,61,2,91,25,91,97,2,215,62,0,62,277
09/26/2015,BIL,MT,ANM,WE,Combined TRACON& Tower with Radar,22,40,15,0,77,0,23,90,0,113,22,63,105,0,190,106,0,106,296
09/27/2015,BIL,MT,ANM,WE,Combined TRACON& Tower with Radar,26,36,19,0,81,0,14,39,1,54,26,50,58,1,135,97,0,97,232
09/28/2015,BIL,MT,ANM,WE,Combined TRACON& Tower with Radar,23,42,38,0,103,0,15,76,0,91,23,57,114,0,194,68,0,68,262
09/29/2015,BIL,MT,ANM,WE,Combined TRACON& Tower with Radar,29,55,39,0,123,0,33,63,0,96,29,88,102,0,219,72,0,72,291
09/30/2015,BIL,MT,ANM,WE,Combined TRACON& Tower with Radar,25,55,33,2,115,0,31,82,1,114,25,86,115,3,229,114,0,114,343
10/01/2015,BIL,MT,ANM,WE,Combined TRACON& Tower with Radar,33,55,32,0,120,0,21,67,0,88,33,76,99,0,208,78,0,78,286
10/02/2015,BIL,MT,ANM,WE,Combined TRACON& Tower with Radar,27,75,40,13,155,0,6,40,0,46,27,81,80,13,201,29,0,29,230
10/03/2015,BIL,MT,ANM,WE,Combined TRACON& Tower with Radar,21,53,21,0,95,0,0,4,0,4,21,53,25,0,99,4,0,4,103
10/04/2015,BIL,MT,ANM,WE,Combined TRACON& Tower with Radar,26,47,25,4,102,0,1,22,0,23,26,48,47,4,125,28,4,32,157
10/05/2015,BIL,MT,ANM,WE,Combined TRACON& Tower with Radar,23,51,34,0,108,0,18,81,4,103,23,69,115,4,211,76,0,76,287
10/06/2015,BIL,MT,ANM,WE,Combined TRACON& Tower with Radar,28,56,53,0,137,0,31,76,2,109,28,87,129,2,246,90,0,90,336
10/07/2015,BIL,MT,ANM,WE,Combined TRACON& Tower with Radar,28,51,25,0,104,0,21,55,0,76,28,72,80,0,180,65,0,65,245
10/08/2015,BIL,MT,ANM,WE,Combined TRACON& Tower with Radar,31,49,44,0,124,0,26,68,0,94,31,75,112,0,218,55,0,55,273
10/09/2015,BIL,MT,ANM,WE,Combined TRACON& Tower with Radar,26,54,30,0,110,0,33,62,0,95,26,87,92,0,205,86,0,86,291
10/10/2015,BIL,MT,ANM,WE,Combined TRACON& Tower with Radar,22,32,13,0,67,0,28,61,0,89,22,60,74,0,156,21,0,21,177
10/11/2015,BIL,MT,ANM,WE,Combined TRACON& Tower with Radar,26,22,6,0,54,0,13,10,0,23,26,35,16,0,77,2,0,2,79
10/12/2015,BIL,MT,ANM,WE,Combined TRACON& Tower with Radar,23,36,36,0,95,0,27,64,2,93,23,63,100,2,188,68,0,68,256
10/13/2015,BIL,MT,ANM,WE,Combined TRACON& Tower with Radar,26,43,37,0,106,0,21,64,0,85,26,64,101,0,191,67,0,67,258
10/14/2015,BIL,MT,ANM,WE,Combined TRACON& Tower with Radar,28,52,51,0,131,0,15,64,0,79,28,67,115,0,210,54,0,54,264
10/15/2015,BIL,MT,ANM,WE,Combined TRACON& Tower with Radar,31,53,33,0,117,0,24,42,2,68,31,77,75,2,185,107,0,107,292
10/16/2015,BIL,MT,ANM,WE,Combined TRACON& Tower with Radar,27,47,26,0,100,0,31,51,0,82,27,78,77,0,182,52,0,52,234
10/17/2015,BIL,MT,ANM,WE,Combined TRACON& Tower with Radar,21,28,17,0,66,0,25,37,0,62,21,53,54,0,128,63,0,63,191
10/18/2015,BIL,MT,ANM,WE,Combined TRACON& Tower with Radar,24,20,31,0,75,0,15,55,0,70,24,35,86,0,145,9,0,9,154
10/19/2015,BIL,MT,ANM,WE,Combined TRACON& Tower with Radar,22,51,62,0,135,0,28,48,2,78,22,79,110,2,213,27,0,27,240
10/20/2015,BIL,MT,ANM,WE,Combined TRACON& Tower with Radar,30,66,45,0,141,0,4,18,0,22,30,70,63,0,163,70,0,70,233
10/21/2015,BIL,MT,ANM,WE,Combined TRACON& Tower with Radar,27,66,59,12,164,0,17,83,2,102,27,83,142,14,266,50,13,63,329
10/22/2015,BIL,MT,ANM,WE,Combined TRACON& Tower with Radar,31,54,56,0,141,0,22,68,1,91,31,76,124,1,232,141,0,141,373
10/23/2015,BIL,MT,ANM,WE,Combined TRACON& Tower with Radar,25,44,34,8,111,0,29,76,0,105,25,73,110,8,216,124,8,132,348
10/24/2015,BIL,MT,ANM,WE,Combined TRACON& Tower with Radar,22,21,21,0,64,0,28,46,2,76,22,49,67,2,140,47,0,47,187
10/25/2015,BIL,MT,ANM,WE,Combined TRACON& Tower with Radar,24,28,15,0,67,0,22,32,0,54,24,50,47,0,121,45,0,45,166
10/26/2015,BIL,MT,ANM,WE,Combined TRACON& Tower with Radar,25,60,31,0,116,0,12,30,0,42,25,72,61,0,158,79,0,79,237
10/27/2015,BIL,MT,ANM,WE,Combined TRACON& Tower with Radar,31,79,22,0,132,0,15,5,0,20,31,94,27,0,152,41,0,41,193
10/28/2015,BIL,MT,ANM,WE,Combined TRACON& Tower with Radar,27,63,44,0,134,0,27,66,0,93,27,90,110,0,227,53,0,53,280
10/29/2015,BIL,MT,ANM,WE,Combined TRACON& Tower with Radar,33,55,44,0,132,0,27,53,0,80,33,82,97,0,212,56,0,56,268
10/30/2015,BIL,MT,ANM,WE,Combined TRACON& Tower with Radar,29,66,27,0,122,0,24,44,0,68,29,90,71,0,190,34,0,34,224
10/31/2015,BIL,MT,ANM,WE,Combined TRACON& Tower with Radar,22,45,10,0,77,0,23,29,0,52,22,68,39,0,129,36,0,36,165
11/01/2015,BIL,MT,ANM,WE,Combined TRACON& Tower with Radar,25,25,13,0,63,0,18,15,2,35,25,43,28,2,98,13,0,13,111
11/02/2015,BIL,MT,ANM,WE,Combined TRACON& Tower with Radar,26,47,32,5,110,0,21,48,0,69,26,68,80,5,179,49,0,49,228
11/03/2015,BIL,MT,ANM,WE,Combined TRACON& Tower with Radar,31,71,24,0,126,0,0,0,0,0,31,71,24,0,126,0,0,0,126
11/04/2015,BIL,MT,ANM,WE,Combined TRACON& Tower with Radar,29,68,18,0,115,0,0,3,0,3,29,68,21,0,118,0,0,0,118
11/05/2015,BIL,MT,ANM,WE,Combined TRACON& Tower with Radar,34,74,45,0,153,0,14,66,0,80,34,88,111,0,233,93,0,93,326
11/06/2015,BIL,MT,ANM,WE,Combined TRACON& Tower with Radar,29,49,49,0,127,0,17,61,2,80,29,66,110,2,207,75,0,75,282
11/07/2015,BIL,MT,ANM,WE,Combined TRACON& Tower with Radar,23,31,21,0,75,0,20,51,0,71,23,51,72,0,146,15,0,15,161
11/08/2015,BIL,MT,ANM,WE,Combined TRACON& Tower with Radar,25,14,14,0,53,0,20,21,2,43,25,34,35,2,96,9,0,9,105
11/09/2015,BIL,MT,ANM,WE,Combined TRACON& Tower with Radar,27,45,60,0,132,0,20,68,6,94,27,65,128,6,226,83,0,83,309
11/10/2015,BIL,MT,ANM,WE,Combined TRACON& Tower with Radar,29,86,18,0,133,0,0,3,0,3,29,86,21,0,136,11,0,11,147
11/11/2015,BIL,MT,ANM,WE,Combined TRACON& Tower with Radar,31,61,26,0,118,0,25,38,0,63,31,86,64,0,181,63,0,63,244
11/12/2015,BIL,MT,ANM,WE,Combined TRACON& Tower with Radar,32,39,49,1,121,0,27,40,1,68,32,66,89,2,189,59,0,59,248
11/13/2015,BIL,MT,ANM,WE,Combined TRACON& Tower with Radar,29,59,24,0,112,0,32,15,0,47,29,91,39,0,159,25,0,25,184
11/14/2015,BIL,MT,ANM,WE,Combined TRACON& Tower with Radar,23,33,24,0,80,0,25,53,0,78,23,58,77,0,158,63,0,63,221
11/15/2015,BIL,MT,ANM,WE,Combined TRACON& Tower with Radar,27,28,26,0,81,0,14,50,2,66,27,42,76,2,147,81,0,81,228
11/16/2015,BIL,MT,ANM,WE,Combined TRACON& Tower with Radar,28,68,20,0,116,0,9,7,0,16,28,77,27,0,132,1,0,1,133
11/17/2015,BIL,MT,ANM,WE,Combined TRACON& Tower with Radar,27,55,22,0,104,0,22,22,0,44,27,77,44,0,148,41,0,41,189
11/18/2015,BIL,MT,ANM,WE,Combined TRACON& Tower with Radar,30,58,19,0,107,0,4,8,0,12,30,62,27,0,119,4,0,4,123
11/19/2015,BIL,MT,ANM,WE,Combined TRACON& Tower with Radar,37,57,44,2,140,0,24,47,0,71,37,81,91,2,211,102,0,102,313
11/20/2015,BIL,MT,ANM,WE,Combined TRACON& Tower with Radar,29,79,27,0,135,0,4,8,0,12,29,83,35,0,147,0,0,0,147
11/21/2015,BIL,MT,ANM,WE,Combined TRACON& Tower with Radar,24,26,13,0,63,0,18,15,0,33,24,44,28,0,96,6,0,6,102
11/22/2015,BIL,MT,ANM,WE,Combined TRACON& Tower with Radar,26,20,12,0,58,0,19,21,0,40,26,39,33,0,98,11,0,11,109
11/23/2015,BIL,MT,ANM,WE,Combined TRACON& Tower with Radar,26,42,40,0,108,0,19,77,0,96,26,61,117,0,204,126,0,126,330
11/24/2015,BIL,MT,ANM,WE,Combined TRACON& Tower with Radar,31,75,28,0,134,0,18,18,0,36,31,93,46,0,170,16,0,16,186
11/25/2015,BIL,MT,ANM,WE,Combined TRACON& Tower with Radar,31,76,7,0,114,0,2,0,0,2,31,78,7,0,116,0,0,0,116
11/26/2015,BIL,MT,ANM,WE,Combined TRACON& Tower with Radar,15,18,7,0,40,0,15,10,0,25,15,33,17,0,65,22,0,22,87
11/27/2015,BIL,MT,ANM,WE,Combined TRACON& Tower with Radar,25,37,13,0,75,0,21,22,0,43,25,58,35,0,118,17,0,17,135
11/28/2015,BIL,MT,ANM,WE,Combined TRACON& Tower with Radar,28,36,14,2,80,0,16,24,0,40,28,52,38,2,120,10,0,10,130
11/29/2015,BIL,MT,ANM,WE,Combined TRACON& Tower with Radar,31,19,23,0,73,0,10,26,0,36,31,29,49,0,109,45,0,45,154
11/30/2015,BIL,MT,ANM,WE,Combined TRACON& Tower with Radar,33,44,37,0,114,0,25,32,0,57,33,69,69,0,171,30,0,30,201
12/01/2015,BIL,MT,ANM,WE,Combined TRACON& Tower with Radar,27,45,26,0,98,0,33,44,0,77,27,78,70,0,175,124,0,124,299
12/02/2015,BIL,MT,ANM,WE,Combined TRACON& Tower with Radar,32,55,19,2,108,0,24,36,0,60,32,79,55,2,168,41,0,41,209
12/03/2015,BIL,MT,ANM,WE,Combined TRACON& Tower with Radar,32,47,30,0,109,0,25,54,0,79,32,72,84,0,188,43,0,43,231
12/04/2015,BIL,MT,ANM,WE,Combined TRACON& Tower with Radar,27,64,32,0,123,0,23,38,0,61,27,87,70,0,184,31,0,31,215
12/05/2015,BIL,MT,ANM,WE,Combined TRACON& Tower with Radar,19,31,28,1,79,0,13,51,1,65,19,44,79,2,144,32,0,32,176
12/06/2015,BIL,MT,ANM,WE,Combined TRACON& Tower with Radar,24,30,13,0,67,0,14,16,0,30,24,44,29,0,97,9,0,9,106
12/07/2015,BIL,MT,ANM,WE,Combined TRACON& Tower with Radar,24,40,17,0,81,0,27,22,0,49,24,67,39,0,130,2,0,2,132
12/08/2015,BIL,MT,ANM,WE,Combined TRACON& Tower with Radar,27,60,30,0,117,0,17,29,0,46,27,77,59,0,163,23,0,23,186
12/09/2015,BIL,MT,ANM,WE,Combined TRACON& Tower with Radar,30,74,21,2,127,0,9,21,4,34,30,83,42,6,161,6,0,6,167
12/10/2015,BIL,MT,ANM,WE,Combined TRACON& Tower with Radar,31,67,32,0,130,0,13,22,0,35,31,80,54,0,165,23,0,23,188
12/11/2015,BIL,MT,ANM,WE,Combined TRACON& Tower with Radar,25,71,42,0,138,0,8,45,0,53,25,79,87,0,191,35,0,35,226
12/12/2015,BIL,MT,ANM,WE,Combined TRACON& Tower with Radar,21,35,19,0,75,0,6,44,2,52,21,41,63,2,127,61,0,61,188
12/13/2015,BIL,MT,ANM,WE,Combined TRACON& Tower with Radar,26,28,22,0,76,0,11,29,0,40,26,39,51,0,116,46,0,46,162
12/14/2015,BIL,MT,ANM,WE,Combined TRACON& Tower with Radar,22,32,19,2,75,0,1,0,0,1,22,33,19,2,76,0,0,0,76
12/15/2015,BIL,MT,ANM,WE,Combined TRACON& Tower with Radar,33,77,24,0,134,0,6,2,0,8,33,83,26,0,142,0,0,0,142
12/16/2015,BIL,MT,ANM,WE,Combined TRACON& Tower with Radar,32,82,33,1,148,0,5,17,0,22,32,87,50,1,170,27,0,27,197
12/17/2015,BIL,MT,ANM,WE,Combined TRACON& Tower with Radar,42,70,22,1,135,0,19,26,0,45,42,89,48,1,180,18,0,18,198
12/18/2015,BIL,MT,ANM,WE,Combined TRACON& Tower with Radar,37,85,29,0,151,0,11,21,0,32,37,96,50,0,183,63,0,63,246
12/19/2015,BIL,MT,ANM,WE,Combined TRACON& Tower with Radar,33,47,22,0,102,0,8,31,0,39,33,55,53,0,141,52,0,52,193
12/20/2015,BIL,MT,ANM,WE,Combined TRACON& Tower with Radar,31,31,12,0,74,0,3,11,0,14,31,34,23,0,88,8,0,8,96
12/21/2015,BIL,MT,ANM,WE,Combined TRACON& Tower with Radar,31,49,28,0,108,0,15,50,0,65,31,64,78,0,173,25,0,25,198
12/22/2015,BIL,MT,ANM,WE,Combined TRACON& Tower with Radar,41,102,25,0,168,0,6,22,0,28,41,108,47,0,196,5,0,5,201
12/23/2015,BIL,MT,ANM,WE,Combined TRACON& Tower with Radar,41,93,23,0,157,0,8,28,0,36,41,101,51,0,193,58,0,58,251
12/24/2015,BIL,MT,ANM,WE,Combined TRACON& Tower with Radar,39,91,13,0,143,0,3,11,2,16,39,94,24,2,159,35,0,35,194
12/25/2015,BIL,MT,ANM,WE,Combined TRACON& Tower with Radar,19,43,5,0,67,0,0,0,0,0,19,43,5,0,67,0,0,0,67
12/26/2015,BIL,MT,ANM,WE,Combined TRACON& Tower with Radar,32,43,12,0,87,0,19,8,0,27,32,62,20,0,114,3,0,3,117
12/27/2015,BIL,MT,ANM,WE,Combined TRACON& Tower with Radar,31,40,14,0,85,0,17,11,0,28,31,57,25,0,113,13,0,13,126
12/28/2015,BIL,MT,ANM,WE,Combined TRACON& Tower with Radar,29,47,23,0,99,0,23,23,0,46,29,70,46,0,145,42,0,42,187
12/29/2015,BIL,MT,ANM,WE,Combined TRACON& Tower with Radar,34,94,28,0,156,0,1,0,0,1,34,95,28,0,157,0,0,0,157
12/30/2015,BIL,MT,ANM,WE,Combined TRACON& Tower with Radar,38,81,16,0,135,0,2,13,0,15,38,83,29,0,150,30,0,30,180
12/31/2015,BIL,MT,ANM,WE,Combined TRACON& Tower with Radar,35,51,12,2,100,0,20,37,0,57,35,71,49,2,157,12,0,12,169
01/01/2016,BIL,MT,ANM,WE,Combined TRACON& Tower with Radar,19,25,11,0,55,0,21,10,0,31,19,46,21,0,86,13,0,13,99
01/02/2016,BIL,MT,ANM,WE,Combined TRACON& Tower with Radar,29,45,25,0,99,0,25,25,0,50,29,70,50,0,149,16,0,16,165
01/03/2016,BIL,MT,ANM,WE,Combined TRACON& Tower with Radar,31,28,11,0,70,0,13,19,0,32,31,41,30,0,102,58,0,58,160
01/04/2016,BIL,MT,ANM,WE,Combined TRACON& Tower with Radar,26,46,12,0,84,0,11,22,0,33,26,57,34,0,117,7,0,7,124
01/05/2016,BIL,MT,ANM,WE,Combined TRACON& Tower with Radar,26,72,15,4,117,0,10,22,0,32,26,82,37,4,149,27,4,31,180
01/06/2016,BIL,MT,ANM,WE,Combined TRACON& Tower with Radar,29,79,19,0,127,0,6,27,0,33,29,85,46,0,160,26,0,26,186
01/07/2016,BIL,MT,ANM,WE,Combined TRACON& Tower with Radar,33,75,23,0,131,0,2,2,0,4,33,77,25,0,135,0,0,0,135
01/08/2016,BIL,MT,ANM,WE,Combined TRACON& Tower with Radar,28,90,13,0,131,0,3,0,0,3,28,93,13,0,134,0,0,0,134
01/09/2016,BIL,MT,ANM,WE,Combined TRACON& Tower with Radar,18,57,4,0,79,0,4,17,0,21,18,61,21,0,100,35,0,35,135
01/10/2016,BIL,MT,ANM,WE,Combined TRACON& Tower with Radar,24,30,3,0,57,0,9,12,0,21,24,39,15,0,78,12,0,12,90
01/11/2016,BIL,MT,ANM,WE,Combined TRACON& Tower with Radar,25,59,28,0,112,0,10,18,0,28,25,69,46,0,140,39,0,39,179
01/12/2016,BIL,MT,ANM,WE,Combined TRACON& Tower with Radar,29,70,20,0,119,0,9,12,0,21,29,79,32,0,140,14,0,14,154
01/13/2016,BIL,MT,ANM,WE,Combined TRACON& Tower with Radar,30,57,33,0,120,0,20,30,0,50,30,77,63,0,170,13,0,13,183
01/14/2016,BIL,MT,ANM,WE,Combined TRACON& Tower with Radar,30,68,18,0,116,0,2,4,0,6,30,70,22,0,122,22,0,22,144
01/15/2016,BIL,MT,ANM,WE,Combined TRACON& Tower with Radar,27,67,25,5,124,0,2,47,0,49,27,69,72,5,173,44,10,54,227
01/16/2016,BIL,MT,ANM,WE,Combined TRACON& Tower with Radar,18,58,8,0,84,0,0,3,0,3,18,58,11,0,87,1,0,1,88
01/17/2016,BIL,MT,ANM,WE,Combined TRACON& Tower with Radar,22,40,10,0,72,0,6,12,0,18,22,46,22,0,90,20,0,20,110
01/18/2016,BIL,MT,ANM,WE,Combined TRACON& Tower with Radar,20,75,25,0,120,0,10,18,0,28,20,85,43,0,148,50,0,50,198
01/19/2016,BIL,MT,ANM,WE,Combined TRACON& Tower with Radar,25,61,51,0,137,0,15,61,0,76,25,76,112,0,213,103,0,103,316
01/20/2016,BIL,MT,ANM,WE,Combined TRACON& Tower with Radar,32,82,21,9,144,0,0,1,0,1,32,82,22,9,145,0,0,0,145
01/21/2016,BIL,MT,ANM,WE,Combined TRACON& Tower with Radar,30,74,49,2,155,0,10,81,0,91,30,84,130,2,246,50,0,50,296
01/22/2016,BIL,MT,ANM,WE,Combined TRACON& Tower with Radar,24,59,24,1,108,0,16,51,2,69,24,75,75,3,177,72,0,72,249
01/23/2016,BIL,MT,ANM,WE,Combined TRACON& Tower with Radar,23,39,15,0,77,0,17,56,2,75,23,56,71,2,152,153,0,153,305
01/24/2016,BIL,MT,ANM,WE,Combined TRACON& Tower with Radar,23,38,10,0,71,0,0,21,0,21,23,38,31,0,92,33,0,33,125
01/25/2016,BIL,MT,ANM,WE,Combined TRACON& Tower with Radar,23,51,37,2,113,0,14,55,0,69,23,65,92,2,182,32,0,32,214
01/26/2016,BIL,MT,ANM,WE,Combined TRACON& Tower with Radar,26,55,19,0,100,0,19,29,0,48,26,74,48,0,148,44,0,44,192
01/27/2016,BIL,MT,ANM,WE,Combined TRACON& Tower with Radar,30,65,43,0,138,0,24,43,0,67,30,89,86,0,205,42,0,42,247
01/28/2016,BIL,MT,ANM,WE,Combined TRACON& Tower with Radar,30,57,36,3,126,0,25,32,2,59,30,82,68,5,185,38,0,38,223
01/29/2016,BIL,MT,ANM,WE,Combined TRACON& Tower with Radar,27,63,17,0,107,0,16,43,0,59,27,79,60,0,166,100,0,100,266
01/30/2016,BIL,MT,ANM,WE,Combined TRACON& Tower with Radar,21,53,13,0,87,0,5,30,0,35,21,58,43,0,122,29,0,29,151
01/31/2016,BIL,MT,ANM,WE,Combined TRACON& Tower with Radar,25,35,22,0,82,0,7,32,0,39,25,42,54,0,121,26,0,26,147
02/01/2016,BIL,MT,ANM,WE,Combined TRACON& Tower with Radar,25,71,30,2,128,0,3,15,0,18,25,74,45,2,146,32,0,32,178
02/02/2016,BIL,MT,ANM,WE,Combined TRACON& Tower with Radar,22,78,19,0,119,0,3,42,2,47,22,81,61,2,166,76,0,76,242
02/03/2016,BIL,MT,ANM,WE,Combined TRACON& Tower with Radar,28,62,31,0,121,0,16,82,0,98,28,78,113,0,219,95,0,95,314
02/04/2016,BIL,MT,ANM,WE,Combined TRACON& Tower with Radar,30,73,32,0,135,0,5,16,0,21,30,78,48,0,156,32,0,32,188
02/05/2016,BIL,MT,ANM,WE,Combined TRACON& Tower with Radar,28,60,20,0,108,0,19,60,0,79,28,79,80,0,187,71,1,72,259
02/06/2016,BIL,MT,ANM,WE,Combined TRACON& Tower with Radar,18,36,9,0,63,0,4,11,0,15,18,40,20,0,78,8,0,8,86
02/07/2016,BIL,MT,ANM,WE,Combined TRACON& Tower with Radar,23,19,11,0,53,0,9,22,0,31,23,28,33,0,84,12,0,12,96
02/08/2016,BIL,MT,ANM,WE,Combined TRACON& Tower with Radar,23,45,34,2,104,0,26,54,1,81,23,71,88,3,185,12,0,12,197
02/09/2016,BIL,MT,ANM,WE,Combined TRACON& Tower with Radar,26,51,28,0,105,0,28,61,0,89,26,79,89,0,194,100,0,100,294
02/10/2016,BIL,MT,ANM,WE,Combined TRACON& Tower with Radar,28,66,41,0,135,0,23,43,0,66,28,89,84,0,201,42,0,42,243
02/11/2016,BIL,MT,ANM,WE,Combined TRACON& Tower with Radar,32,81,34,0,147,0,12,20,0,32,32,93,54,0,179,55,0,55,234
02/12/2016,BIL,MT,ANM,WE,Combined TRACON& Tower with Radar,34,88,30,0,152,0,8,41,0,49,34,96,71,0,201,60,0,60,261
02/13/2016,BIL,MT,ANM,WE,Combined TRACON& Tower with Radar,19,35,12,0,66,0,2,20,0,22,19,37,32,0,88,10,0,10,98
02/14/2016,BIL,MT,ANM,WE,Combined TRACON& Tower with Radar,26,38,9,0,73,0,7,7,0,14,26,45,16,0,87,10,0,10,97
02/15/2016,BIL,MT,ANM,WE,Combined TRACON& Tower with Radar,25,56,11,0,92,0,1,2,0,3,25,57,13,0,95,3,0,3,98
02/16/2016,BIL,MT,ANM,WE,Combined TRACON& Tower with Radar,27,71,27,2,127,0,6,29,1,36,27,77,56,3,163,31,0,31,194
02/17/2016,BIL,MT,ANM,WE,Combined TRACON& Tower with Radar,30,59,49,0,138,0,15,89,0,104,30,74,138,0,242,145,0,145,387
02/18/2016,BIL,MT,ANM,WE,Combined TRACON& Tower with Radar,35,73,45,0,153,0,17,48,0,65,35,90,93,0,218,92,0,92,310
02/19/2016,BIL,MT,ANM,WE,Combined TRACON& Tower with Radar,31,50,26,0,107,0,13,16,0,29,31,63,42,0,136,5,0,5,141
02/20/2016,BIL,MT,ANM,WE,Combined TRACON& Tower with Radar,21,53,11,2,87,0,3,6,0,9,21,56,17,2,96,11,0,11,107
02/21/2016,BIL,MT,ANM,WE,Combined TRACON& Tower with Radar,26,39,8,0,73,0,1,50,0,51,26,40,58,0,124,94,0,94,218
02/22/2016,BIL,MT,ANM,WE,Combined TRACON& Tower with Radar,25,63,29,0,117,0,18,30,2,50,25,81,59,2,167,18,0,18,185
02/23/2016,BIL,MT,ANM,WE,Combined TRACON& Tower with Radar,28,56,39,0,123,0,26,74,0,100,28,82,113,0,223,150,0,150,373
02/24/2016,BIL,MT,ANM,WE,Combined TRACON& Tower with Radar,30,62,39,0,131,0,19,63,0,82,30,81,102,0,213,104,0,104,317
02/25/2016,BIL,MT,ANM,WE,Combined TRACON& Tower with Radar,30,42,43,2,117,0,22,54,2,78,30,64,97,4,195,121,0,121,316
02/26/2016,BIL,MT,ANM,WE,Combined TRACON& Tower with Radar,30,47,25,0,102,0,33,64,3,100,30,80,89,3,202,48,1,49,251
02/27/2016,BIL,MT,ANM,WE,Combined TRACON& Tower with Radar,23,49,10,0,82,0,21,37,2,60,23,70,47,2,142,109,0,109,251
02/28/2016,BIL,MT,ANM,WE,Combined TRACON& Tower with Radar,26,42,15,0,83,0,13,27,2,42,26,55,42,2,125,58,0,58,183
02/29/2016,BIL,MT,ANM,WE,Combined TRACON& Tower with Radar,25,71,22,0,118,0,16,2,1,19,25,87,24,1,137,2,0,2,139
03/01/2016,BIL,MT,ANM,WE,Combined TRACON& Tower with Radar,28,72,31,0,131,0,12,66,1,79,28,84,97,1,210,92,0,92,302
03/02/2016,BIL,MT,ANM,WE,Combined TRACON& Tower with Radar,28,69,28,0,125,0,7,9,3,19,28,76,37,3,144,31,0,31,175
03/03/2016,BIL,MT,ANM,WE,Combined TRACON& Tower with Radar,32,61,31,0,124,0,9,55,1,65,32,70,86,1,189,139,0,139,328
03/04/2016,BIL,MT,ANM,WE,Combined TRACON& Tower with Radar,28,63,36,0,127,0,29,68,2,99,28,92,104,2,226,204,0,204,430
03/05/2016,BIL,MT,ANM,WE,Combined TRACON& Tower with Radar,19,46,9,0,74,0,15,38,0,53,19,61,47,0,127,56,0,56,183
03/06/2016,BIL,MT,ANM,WE,Combined TRACON& Tower with Radar,24,32,12,0,68,0,13,24,2,39,24,45,36,2,107,55,0,55,162
03/07/2016,BIL,MT,ANM,WE,Combined TRACON& Tower with Radar,26,63,15,2,106,0,17,24,4,45,26,80,39,6,151,18,1,19,170
03/08/2016,BIL,MT,ANM,WE,Combined TRACON& Tower with Radar,28,77,24,0,129,0,21,41,1,63,28,98,65,1,192,103,0,103,295
03/09/2016,BIL,MT,ANM,WE,Combined TRACON& Tower with Radar,27,68,37,17,149,0,27,39,1,67,27,95,76,18,216,123,56,179,395
03/10/2016,BIL,MT,ANM,WE,Combined TRACON& Tower with Radar,37,57,38,0,132,0,26,28,0,54,37,83,66,0,186,71,0,71,257
03/11/2016,BIL,MT,ANM,WE,Combined TRACON& Tower with Radar,27,63,28,0,118,0,17,53,0,70,27,80,81,0,188,68,0,68,256
03/12/2016,BIL,MT,ANM,WE,Combined TRACON& Tower with Radar,21,43,20,2,86,0,18,30,0,48,21,61,50,2,134,70,0,70,204
03/13/2016,BIL,MT,ANM,WE,Combined TRACON& Tower with Radar,23,31,12,0,66,0,13,25,0,38,23,44,37,0,104,37,0,37,141
03/14/2016,BIL,MT,ANM,WE,Combined TRACON& Tower with Radar,26,65,38,6,135,0,1,21,0,22,26,66,59,6,157,32,8,40,197
03/15/2016,BIL,MT,ANM,WE,Combined TRACON& Tower with Radar,33,68,39,0,140,0,8,14,0,22,33,76,53,0,162,32,0,32,194
03/16/2016,BIL,MT,ANM,WE,Combined TRACON& Tower with Radar,27,79,33,0,139,0,7,24,0,31,27,86,57,0,170,32,0,32,202
03/17/2016,BIL,MT,ANM,WE,Combined TRACON& Tower with Radar,31,90,22,2,145,0,3,8,0,11,31,93,30,2,156,32,0,32,188
03/18/2016,BIL,MT,ANM,WE,Combined TRACON& Tower with Radar,32,82,35,0,149,0,7,41,0,48,32,89,76,0,197,82,0,82,279
03/19/2016,BIL,MT,ANM,WE,Combined TRACON& Tower with Radar,21,52,19,3,95,0,18,74,0,92,21,70,93,3,187,182,5,187,374
03/20/2016,BIL,MT,ANM,WE,Combined TRACON& Tower with Radar,24,19,23,0,66,0,20,36,0,56,24,39,59,0,122,48,0,48,170
03/21/2016,BIL,MT,ANM,WE,Combined TRACON& Tower with Radar,22,57,33,2,114,0,10,22,0,32,22,67,55,2,146,48,0,48,194
03/22/2016,BIL,MT,ANM,WE,Combined TRACON& Tower with Radar,31,85,40,0,156,0,16,35,2,53,31,101,75,2,209,84,0,84,293
03/23/2016,BIL,MT,ANM,WE,Combined TRACON& Tower with Radar,27,85,39,0,151,0,10,46,1,57,27,95,85,1,208,87,0,87,295
03/24/2016,BIL,MT,ANM,WE,Combined TRACON& Tower with Radar,31,70,45,0,146,0,20,31,0,51,31,90,76,0,197,111,0,111,308
03/25/2016,BIL,MT,ANM,WE,Combined TRACON& Tower with Radar,30,72,19,0,121,0,4,3,0,7,30,76,22,0,128,6,0,6,134
03/26/2016,BIL,MT,ANM,WE,Combined TRACON& Tower with Radar,22,53,11,0,86,0,11,30,0,41,22,64,41,0,127,49,0,49,176
03/27/2016,BIL,MT,ANM,WE,Combined TRACON& Tower with Radar,25,19,11,0,55,0,18,32,0,50,25,37,43,0,105,61,0,61,166
03/28/2016,BIL,MT,ANM,WE,Combined TRACON& Tower with Radar,27,65,32,0,124,0,6,7,0,13,27,71,39,0,137,3,0,3,140
03/29/2016,BIL,MT,ANM,WE,Combined TRACON& Tower with Radar,29,79,21,0,129,0,1,0,0,1,29,80,21,0,130,1,0,1,131
03/30/2016,BIL,MT,ANM,WE,Combined TRACON& Tower with Radar,30,60,43,0,133,0,15,60,0,75,30,75,103,0,208,85,0,85,293
03/31/2016,BIL,MT,ANM,WE,Combined TRACON& Tower with Radar,31,80,31,0,142,0,4,22,2,28,31,84,53,2,170,52,1,53,223
04/01/2016,BIL,MT,ANM,WE,Combined TRACON& Tower with Radar,31,65,39,2,137,0,19,71,0,90,31,84,110,2,227,172,0,172,399
04/02/2016,BIL,MT,ANM,WE,Combined TRACON& Tower with Radar,21,36,11,0,68,0,16,48,2,66,21,52,59,2,134,90,0,90,224
04/03/2016,BIL,MT,ANM,WE,Combined TRACON& Tower with Radar,23,33,20,6,82,0,15,37,2,54,23,48,57,8,136,56,6,62,198
04/04/2016,BIL,MT,ANM,WE,Combined TRACON& Tower with Radar,26,47,20,4,97,0,33,55,3,91,26,80,75,7,188,38,0,38,226
04/05/2016,BIL,MT,ANM,WE,Combined TRACON& Tower with Radar,32,47,13,0,92,0,5,3,0,8,32,52,16,0,100,2,0,2,102
04/06/2016,BIL,MT,ANM,WE,Combined TRACON& Tower with Radar,30,62,28,0,120,0,17,17,0,34,30,79,45,0,154,17,0,17,171
04/07/2016,BIL,MT,ANM,WE,Combined TRACON& Tower with Radar,34,46,35,0,115,0,19,68,3,90,34,65,103,3,205,151,0,151,356
04/08/2016,BIL,MT,ANM,WE,Combined TRACON& Tower with Radar,30,56,38,0,124,0,25,91,0,116,30,81,129,0,240,115,0,115,355
04/09/2016,BIL,MT,ANM,WE,Combined TRACON& Tower with Radar,23,29,9,0,61,0,19,27,2,48,23,48,36,2,109,81,0,81,190
04/10/2016,BIL,MT,ANM,WE,Combined TRACON& Tower with Radar,26,41,15,0,82,0,5,50,2,57,26,46,65,2,139,65,0,65,204
04/11/2016,BIL,MT,ANM,WE,Combined TRACON& Tower with Radar,25,38,41,0,104,0,28,58,1,87,25,66,99,1,191,128,0,128,319
04/12/2016,BIL,MT,ANM,WE,Combined TRACON& Tower with Radar,29,47,36,0,112,0,24,50,0,74,29,71,86,0,186,45,0,45,231
04/13/2016,BIL,MT,ANM,WE,Combined TRACON& Tower with Radar,29,55,34,4,122,0,18,40,2,60,29,73,74,6,182,67,0,67,249
04/14/2016,BIL,MT,ANM,WE,Combined TRACON& Tower with Radar,32,73,30,0,135,0,16,24,0,40,32,89,54,0,175,22,0,22,197
04/15/2016,BIL,MT,ANM,WE,Combined TRACON& Tower with Radar,36,71,16,0,123,0,5,9,0,14,36,76,25,0,137,18,0,18,155
04/16/2016,BIL,MT,ANM,WE,Combined TRACON& Tower with Radar,20,43,25,0,88,0,5,32,0,37,20,48,57,0,125,48,0,48,173
04/17/2016,BIL,MT,ANM,WE,Combined TRACON& Tower with Radar,27,31,13,0,71,0,18,34,3,55,27,49,47,3,126,60,0,60,186
04/18/2016,BIL,MT,ANM,WE,Combined TRACON& Tower with Radar,24,74,17,0,115,0,1,2,0,3,24,75,19,0,118,7,0,7,125
04/19/2016,BIL,MT,ANM,WE,Combined TRACON& Tower with Radar,30,83,40,0,153,0,0,2,0,2,30,83,42,0,155,0,0,0,155
04/20/2016,BIL,MT,ANM,WE,Combined TRACON& Tower with Radar,44,66,59,0,169,6,19,83,0,108,50,85,142,0,277,161,0,161,438
04/21/2016,BIL,MT,ANM,WE,Combined TRACON& Tower with Radar,36,50,40,0,126,0,26,69,2,97,36,76,109,2,223,80,0,80,303
04/22/2016,BIL,MT,ANM,WE,Combined TRACON& Tower with Radar,32,63,47,0,142,0,24,87,0,111,32,87,134,0,253,103,0,103,356
04/23/2016,BIL,MT,ANM,WE,Combined TRACON& Tower with Radar,24,34,12,0,70,0,11,31,0,42,24,45,43,0,112,29,0,29,141
04/24/2016,BIL,MT,ANM,WE,Combined TRACON& Tower with Radar,26,26,9,2,63,0,0,0,0,0,26,26,9,2,63,0,0,0,63
04/25/2016,BIL,MT,ANM,WE,Combined TRACON& Tower with Radar,25,52,21,0,98,0,0,5,0,5,25,52,26,0,103,16,0,16,119
04/26/2016,BIL,MT,ANM,WE,Combined TRACON& Tower with Radar,30,71,27,0,128,0,2,5,0,7,30,73,32,0,135,36,0,36,171
04/27/2016,BIL,MT,ANM,WE,Combined TRACON& Tower with Radar,31,70,23,0,124,0,0,3,0,3,31,70,26,0,127,1,0,1,128
04/28/2016,BIL,MT,ANM,WE,Combined TRACON& Tower with Radar,32,74,30,2,138,0,0,1,0,1,32,74,31,2,139,0,0,0,139
04/29/2016,BIL,MT,ANM,WE,Combined TRACON& Tower with Radar,31,68,41,4,144,0,6,33,2,41,31,74,74,6,185,76,0,76,261
04/30/2016,BIL,MT,ANM,WE,Combined TRACON& Tower with Radar,25,47,11,9,92,0,8,26,0,34,25,55,37,9,126,69,0,69,195
05/01/2016,BIL,MT,ANM,WE,Combined TRACON& Tower with Radar,23,27,12,2,64,0,22,55,1,78,23,49,67,3,142,75,0,75,217
05/02/2016,BIL,MT,ANM,WE,Combined TRACON& Tower with Radar,25,33,33,0,91,0,29,70,0,99,25,62,103,0,190,65,0,65,255
05/03/2016,BIL,MT,ANM,WE,Combined TRACON& Tower with Radar,31,52,32,0,115,0,29,72,1,102,31,81,104,1,217,76,0,76,293
05/04/2016,BIL,MT,ANM,WE,Combined TRACON& Tower with Radar,29,50,30,6,115,0,25,65,0,90,29,75,95,6,205,126,10,136,341
05/05/2016,BIL,MT,ANM,WE,Combined TRACON& Tower with Radar,30,62,33,10,135,0,30,38,0,68,30,92,71,10,203,47,0,47,250
05/06/2016,BIL,MT,ANM,WE,Combined TRACON& Tower with Radar,34,82,29,2,147,0,2,16,0,18,34,84,45,2,165,9,0,9,174
05/07/2016,BIL,MT,ANM,WE,Combined TRACON& Tower with Radar,27,46,13,0,86,0,7,16,0,23,27,53,29,0,109,22,0,22,131
05/08/2016,BIL,MT,ANM,WE,Combined TRACON& Tower with Radar,25,36,17,1,79,0,9,31,3,43,25,45,48,4,122,58,0,58,180
05/09/2016,BIL,MT,ANM,WE,Combined TRACON& Tower with Radar,32,57,15,0,104,0,1,7,0,8,32,58,22,0,112,2,0,2,114
05/10/2016,BIL,MT,ANM,WE,Combined TRACON& Tower with Radar,35,58,22,0,115,0,1,0,0,1,35,59,22,0,116,0,0,0,116
05/11/2016,BIL,MT,ANM,WE,Combined TRACON& Tower with Radar,40,66,44,4,154,13,12,29,0,54,53,78,73,4,208,52,0,52,260
05/12/2016,BIL,MT,ANM,WE,Combined TRACON& Tower with Radar,32,65,48,2,147,0,9,60,0,69,32,74,108,2,216,48,0,48,264
05/13/2016,BIL,MT,ANM,WE,Combined TRACON& Tower with Radar,29,74,35,3,141,0,3,25,4,32,29,77,60,7,173,82,0,82,255
05/14/2016,BIL,MT,ANM,WE,Combined TRACON& Tower with Radar,24,30,14,0,68,0,16,52,0,68,24,46,66,0,136,48,0,48,184
05/15/2016,BIL,MT,ANM,WE,Combined TRACON& Tower with Radar,24,28,15,0,67,0,12,25,2,39,24,40,40,2,106,20,0,20,126
05/16/2016,BIL,MT,ANM,WE,Combined TRACON& Tower with Radar,28,54,41,0,123,0,20,49,0,69,28,74,90,0,192,105,0,105,297
05/17/2016,BIL,MT,ANM,WE,Combined TRACON& Tower with Radar,33,57,28,0,118,0,23,78,0,101,33,80,106,0,219,129,0,129,348
05/18/2016,BIL,MT,ANM,WE,Combined TRACON& Tower with Radar,29,60,43,3,135,0,27,71,3,101,29,87,114,6,236,95,0,95,331
05/19/2016,BIL,MT,ANM,WE,Combined TRACON& Tower with Radar,33,49,41,1,124,0,16,40,0,56,33,65,81,1,180,92,0,92,272
05/20/2016,BIL,MT,ANM,WE,Combined TRACON& Tower with Radar,29,67,42,0,138,0,15,31,0,46,29,82,73,0,184,91,0,91,275
05/21/2016,BIL,MT,ANM,WE,Combined TRACON& Tower with Radar,24,55,24,0,103,0,5,13,0,18,24,60,37,0,121,24,0,24,145
05/22/2016,BIL,MT,ANM,WE,Combined TRACON& Tower with Radar,24,38,15,0,77,0,11,27,2,40,24,49,42,2,117,21,0,21,138
05/23/2016,BIL,MT,ANM,WE,Combined TRACON& Tower with Radar,27,64,29,8,128,0,14,48,2,64,27,78,77,10,192,43,10,53,245
05/24/2016,BIL,MT,ANM,WE,Combined TRACON& Tower with Radar,32,72,41,1,146,0,14,46,0,60,32,86,87,1,206,86,0,86,292
05/25/2016,BIL,MT,ANM,WE,Combined TRACON& Tower with Radar,29,60,37,4,130,0,14,47,0,61,29,74,84,4,191,72,8,80,271
05/26/2016,BIL,MT,ANM,WE,Combined TRACON& Tower with Radar,29,65,47,6,147,0,14,43,0,57,29,79,90,6,204,42,8,50,254
05/27/2016,BIL,MT,ANM,WE,Combined TRACON& Tower with Radar,31,60,25,4,120,0,22,41,0,63,31,82,66,4,183,39,0,39,222
05/28/2016,BIL,MT,ANM,WE,Combined TRACON& Tower with Radar,24,45,22,0,91,0,4,27,0,31,24,49,49,0,122,57,0,57,179
05/29/2016,BIL,MT,ANM,WE,Combined TRACON& Tower with Radar,20,23,15,0,58,0,15,38,1,54,20,38,53,1,112,32,0,32,144
05/30/2016,BIL,MT,ANM,WE,Combined TRACON& Tower with Radar,22,36,18,0,76,0,2,19,0,21,22,38,37,0,97,29,0,29,126
05/31/2016,BIL,MT,ANM,WE,Combined TRACON& Tower with Radar,25,55,40,0,120,0,14,23,0,37,25,69,63,0,157,42,0,42,199
06/01/2016,BIL,MT,ANM,WE,Combined TRACON& Tower with Radar,33,57,41,0,131,0,25,107,1,133,33,82,148,1,264,172,0,172,436
06/02/2016,BIL,MT,ANM,WE,Combined TRACON& Tower with Radar,35,52,27,4,118,0,20,61,4,85,35,72,88,8,203,23,10,33,236
06/03/2016,BIL,MT,ANM,WE,Combined TRACON& Tower with Radar,29,58,25,4,116,0,22,40,0,62,29,80,65,4,178,30,0,30,208
06/04/2016,BIL,MT,ANM,WE,Combined TRACON& Tower with Radar,26,28,24,1,79,0,19,61,0,80,26,47,85,1,159,45,0,45,204
06/05/2016,BIL,MT,ANM,WE,Combined TRACON& Tower with Radar,25,26,27,3,81,0,16,64,0,80,25,42,91,3,161,61,0,61,222
06/06/2016,BIL,MT,ANM,WE,Combined TRACON& Tower with Radar,32,43,29,0,104,0,28,60,0,88,32,71,89,0,192,136,0,136,328
06/07/2016,BIL,MT,ANM,WE,Combined TRACON& Tower with Radar,30,58,25,2,115,0,23,63,2,88,30,81,88,4,203,111,0,111,314
06/08/2016,BIL,MT,ANM,WE,Combined TRACON& Tower with Radar,30,59,43,2,134,0,29,76,4,109,30,88,119,6,243,85,4,89,332
06/09/2016,BIL,MT,ANM,WE,Combined TRACON& Tower with Radar,32,66,59,1,158,0,28,61,0,89,32,94,120,1,247,47,0,47,294
06/10/2016,BIL,MT,ANM,WE,Combined TRACON& Tower with Radar,30,69,23,0,122,0,23,44,0,67,30,92,67,0,189,42,0,42,231
06/11/2016,BIL,MT,ANM,WE,Combined TRACON& Tower with Radar,28,48,22,0,98,0,12,33,1,46,28,60,55,1,144,63,0,63,207
06/12/2016,BIL,MT,ANM,WE,Combined TRACON& Tower with Radar,29,26,20,0,75,0,13,31,0,44,29,39,51,0,119,35,0,35,154
06/13/2016,BIL,MT,ANM,WE,Combined TRACON& Tower with Radar,30,48,33,1,112,0,13,42,2,57,30,61,75,3,169,34,0,34,203
06/14/2016,BIL,MT,ANM,WE,Combined TRACON& Tower with Radar,29,53,26,4,112,0,21,68,0,89,29,74,94,4,201,30,0,30,231
06/15/2016,BIL,MT,ANM,WE,Combined TRACON& Tower with Radar,32,76,32,0,140,0,7,25,0,32,32,83,57,0,172,47,0,47,219
06/16/2016,BIL,MT,ANM,WE,Combined TRACON& Tower with Radar,31,69,49,3,152,0,17,64,1,82,31,86,113,4,234,30,1,31,265
06/17/2016,BIL,MT,ANM,WE,Combined TRACON& Tower with Radar,33,73,32,0,138,0,15,82,0,97,33,88,114,0,235,97,0,97,332
06/18/2016,BIL,MT,ANM,WE,Combined TRACON& Tower with Radar,25,42,10,0,77,0,18,58,2,78,25,60,68,2,155,25,0,25,180
06/19/2016,BIL,MT,ANM,WE,Combined TRACON& Tower with Radar,30,32,21,0,83,0,16,50,1,67,30,48,71,1,150,26,0,26,176
06/20/2016,BIL,MT,ANM,WE,Combined TRACON& Tower with Radar,29,44,31,0,104,0,25,50,2,77,29,69,81,2,181,85,0,85,266
06/21/2016,BIL,MT,ANM,WE,Combined TRACON& Tower with Radar,30,59,33,2,124,0,19,49,2,70,30,78,82,4,194,63,0,63,257
06/22/2016,BIL,MT,ANM,WE,Combined TRACON& Tower with Radar,30,63,19,1,113,0,18,48,1,67,30,81,67,2,180,36,0,36,216
06/23/2016,BIL,MT,ANM,WE,Combined TRACON& Tower with Radar,33,56,44,2,135,0,31,45,0,76,33,87,89,2,211,19,0,19,230
06/24/2016,BIL,MT,ANM,WE,Combined TRACON& Tower with Radar,33,58,24,0,115,0,27,49,4,80,33,85,73,4,195,29,1,30,225
06/25/2016,BIL,MT,ANM,WE,Combined TRACON& Tower with Radar,29,42,19,0,90,0,7,23,2,32,29,49,42,2,122,8,0,8,130
06/26/2016,BIL,MT,ANM,WE,Combined TRACON& Tower with Radar,29,41,15,0,85,0,17,34,0,51,29,58,49,0,136,22,8,30,166
06/27/2016,BIL,MT,ANM,WE,Combined TRACON& Tower with Radar,28,45,28,0,101,0,21,68,2,91,28,66,96,2,192,66,0,66,258
06/28/2016,BIL,MT,ANM,WE,Combined TRACON& Tower with Radar,30,55,39,0,124,2,26,38,1,67,32,81,77,1,191,49,1,50,241
06/29/2016,BIL,MT,ANM,WE,Combined TRACON& Tower with Radar,31,43,26,2,102,0,25,60,1,86,31,68,86,3,188,27,0,27,215
06/30/2016,BIL,MT,ANM,WE,Combined TRACON& Tower with Radar,32,58,30,4,124,0,25,52,0,77,32,83,82,4,201,24,0,24,225
07/01/2016,BIL,MT,ANM,WE,Combined TRACON& Tower with Radar,33,67,20,2,122,0,20,62,1,83,33,87,82,3,205,33,0,33,238
07/02/2016,BIL,MT,ANM,WE,Combined TRACON& Tower with Radar,25,48,19,0,92,0,20,36,1,57,25,68,55,1,149,65,0,65,214
07/03/2016,BIL,MT,ANM,WE,Combined TRACON& Tower with Radar,30,19,6,0,55,0,16,30,1,47,30,35,36,1,102,26,0,26,128
07/04/2016,BIL,MT,ANM,WE,Combined TRACON& Tower with Radar,28,14,16,0,58,0,17,47,3,67,28,31,63,3,125,13,0,13,138
07/05/2016,BIL,MT,ANM,WE,Combined TRACON& Tower with Radar,24,49,18,2,93,0,25,46,1,72,24,74,64,3,165,90,0,90,255
07/06/2016,BIL,MT,ANM,WE,Combined TRACON& Tower with Radar,31,65,33,1,130,0,21,64,1,86,31,86,97,2,216,102,0,102,318
07/07/2016,BIL,MT,ANM,WE,Combined TRACON& Tower with Radar,33,58,25,4,120,0,24,81,2,107,33,82,106,6,227,37,0,37,264
07/08/2016,BIL,MT,ANM,WE,Combined TRACON& Tower with Radar,36,61,13,0,110,1,29,66,0,96,37,90,79,0,206,74,0,74,280
07/09/2016,BIL,MT,ANM,WE,Combined TRACON& Tower with Radar,27,50,17,0,94,0,13,48,0,61,27,63,65,0,155,30,0,30,185
07/10/2016,BIL,MT,ANM,WE,Combined TRACON& Tower with Radar,29,35,19,0,83,0,9,12,0,21,29,44,31,0,104,25,0,25,129
07/11/2016,BIL,MT,ANM,WE,Combined TRACON& Tower with Radar,29,74,39,2,144,0,11,8,0,19,29,85,47,2,163,9,0,9,172
07/12/2016,BIL,MT,ANM,WE,Combined TRACON& Tower with Radar,32,61,36,1,130,0,31,74,4,109,32,92,110,5,239,35,0,35,274
07/13/2016,BIL,MT,ANM,WE,Combined TRACON& Tower with Radar,31,54,27,0,112,0,26,43,2,71,31,80,70,2,183,74,0,74,257
07/14/2016,BIL,MT,ANM,WE,Combined TRACON& Tower with Radar,30,63,29,0,122,0,25,27,0,52,30,88,56,0,174,33,0,33,207
07/15/2016,BIL,MT,ANM,WE,Combined TRACON& Tower with Radar,37,63,24,0,124,0,25,48,0,73,37,88,72,0,197,50,0,50,247
07/16/2016,BIL,MT,ANM,WE,Combined TRACON& Tower with Radar,28,51,15,2,96,0,16,46,4,66,28,67,61,6,162,40,0,40,202
07/17/2016,BIL,MT,ANM,WE,Combined TRACON& Tower with Radar,28,29,16,0,73,0,16,51,2,69,28,45,67,2,142,21,0,21,163
07/18/2016,BIL,MT,ANM,WE,Combined TRACON& Tower with Radar,26,49,30,0,105,0,34,49,1,84,26,83,79,1,189,47,0,47,236
07/19/2016,BIL,MT,ANM,WE,Combined TRACON& Tower with Radar,31,48,28,1,108,0,29,58,2,89,31,77,86,3,197,83,0,83,280
07/20/2016,BIL,MT,ANM,WE,Combined TRACON& Tower with Radar,30,50,46,2,128,0,31,55,6,92,30,81,101,8,220,80,4,84,304
07/21/2016,BIL,MT,ANM,WE,Combined TRACON& Tower with Radar,30,58,31,0,119,0,22,79,1,102,30,80,110,1,221,73,0,73,294
07/22/2016,BIL,MT,ANM,WE,Combined TRACON& Tower with Radar,31,67,30,0,128,0,39,70,2,111,31,106,100,2,239,88,0,88,327
07/23/2016,BIL,MT,ANM,WE,Combined TRACON& Tower with Radar,26,43,36,1,106,0,20,101,4,125,26,63,137,5,231,58,0,58,289
07/24/2016,BIL,MT,ANM,WE,Combined TRACON& Tower with Radar,26,30,27,0,83,0,17,81,2,100,26,47,108,2,183,29,0,29,212
07/25/2016,BIL,MT,ANM,WE,Combined TRACON& Tower with Radar,26,52,33,2,113,1,35,68,5,109,27,87,101,7,222,52,4,56,278
07/26/2016,BIL,MT,ANM,WE,Combined TRACON& Tower with Radar,28,54,33,0,115,0,35,58,1,94,28,89,91,1,209,42,0,42,251
07/27/2016,BIL,MT,ANM,WE,Combined TRACON& Tower with Radar,28,63,35,0,126,0,28,56,0,84,28,91,91,0,210,69,0,69,279
07/28/2016,BIL,MT,ANM,WE,Combined TRACON& Tower with Radar,31,63,47,0,141,0,15,43,1,59,31,78,90,1,200,39,21,60,260
07/29/2016,BIL,MT,ANM,WE,Combined TRACON& Tower with Radar,28,58,24,0,110,0,17,68,0,85,28,75,92,0,195,39,0,39,234
07/30/2016,BIL,MT,ANM,WE,Combined TRACON& Tower with Radar,28,33,23,0,84,0,24,52,0,76,28,57,75,0,160,17,0,17,177
07/31/2016,BIL,MT,ANM,WE,Combined TRACON& Tower with Radar,29,23,21,0,73,0,19,61,0,80,29,42,82,0,153,11,0,11,164
08/01/2016,BIL,MT,ANM,WE,Combined TRACON& Tower with Radar,26,48,26,2,102,0,28,107,6,141,26,76,133,8,243,60,2,62,305
08/02/2016,BIL,MT,ANM,WE,Combined TRACON& Tower with Radar,32,52,32,0,116,0,32,103,2,137,32,84,135,2,253,40,0,40,293
08/03/2016,BIL,MT,ANM,WE,Combined TRACON& Tower with Radar,32,54,28,0,114,0,30,50,3,83,32,84,78,3,197,47,0,47,244
08/04/2016,BIL,MT,ANM,WE,Combined TRACON& Tower with Radar,32,57,46,0,135,0,23,65,2,90,32,80,111,2,225,61,0,61,286
08/05/2016,BIL,MT,ANM,WE,Combined TRACON& Tower with Radar,34,62,30,0,126,1,30,60,2,93,35,92,90,2,219,51,0,51,270
08/06/2016,BIL,MT,ANM,WE,Combined TRACON& Tower with Radar,25,45,18,1,89,0,19,42,6,67,25,64,60,7,156,14,3,17,173
08/07/2016,BIL,MT,ANM,WE,Combined TRACON& Tower with Radar,29,38,24,1,92,0,11,26,5,42,29,49,50,6,134,30,0,30,164
08/08/2016,BIL,MT,ANM,WE,Combined TRACON& Tower with Radar,21,45,30,1,97,0,32,64,10,106,21,77,94,11,203,50,0,50,253
08/09/2016,BIL,MT,ANM,WE,Combined TRACON& Tower with Radar,31,53,32,0,116,0,19,48,0,67,31,72,80,0,183,54,0,54,237
08/10/2016,BIL,MT,ANM,WE,Combined TRACON& Tower with Radar,32,57,39,0,128,0,28,81,2,111,32,85,120,2,239,77,1,78,317
08/11/2016,BIL,MT,ANM,WE,Combined TRACON& Tower with Radar,31,64,36,3,134,0,24,63,2,89,31,88,99,5,223,66,1,67,290
08/12/2016,BIL,MT,ANM,WE,Combined TRACON& Tower with Radar,31,59,23,2,115,0,25,80,0,105,31,84,103,2,220,46,0,46,266
08/13/2016,BIL,MT,ANM,WE,Combined TRACON& Tower with Radar,24,53,18,13,108,0,12,47,4,63,24,65,65,17,171,20,12,32,203
08/14/2016,BIL,MT,ANM,WE,Combined TRACON& Tower with Radar,31,25,16,2,74,0,17,55,2,74,31,42,71,4,148,16,0,16,164
08/15/2016,BIL,MT,ANM,WE,Combined TRACON& Tower with Radar,28,49,18,0,95,0,26,41,2,69,28,75,59,2,164,20,0,20,184
08/16/2016,BIL,MT,ANM,WE,Combined TRACON& Tower with Radar,35,50,15,0,100,2,27,64,2,95,37,77,79,2,195,55,0,55,250
08/17/2016,BIL,MT,ANM,WE,Combined TRACON& Tower with Radar,31,47,19,0,97,0,21,57,2,80,31,68,76,2,177,60,0,60,237
08/18/2016,BIL,MT,ANM,WE,Combined TRACON& Tower with Radar,34,76,36,0,146,0,8,22,0,30,34,84,58,0,176,0,0,0,176
08/19/2016,BIL,MT,ANM,WE,Combined TRACON& Tower with Radar,32,86,26,0,144,0,8,15,0,23,32,94,41,0,167,76,0,76,243
08/20/2016,BIL,MT,ANM,WE,Combined TRACON& Tower with Radar,24,38,14,4,80,0,23,60,2,85,24,61,74,6,165,58,4,62,227
08/21/2016,BIL,MT,ANM,WE,Combined TRACON& Tower with Radar,28,23,12,0,63,0,22,42,4,68,28,45,54,4,131,18,0,18,149
08/22/2016,BIL,MT,ANM,WE,Combined TRACON& Tower with Radar,27,55,39,2,123,0,20,43,0,63,27,75,82,2,186,68,0,68,254
08/23/2016,BIL,MT,ANM,WE,Combined TRACON& Tower with Radar,30,64,36,0,130,0,26,43,0,69,30,90,79,0,199,52,0,52,251
08/24/2016,BIL,MT,ANM,WE,Combined TRACON& Tower with Radar,31,69,43,0,143,0,19,64,0,83,31,88,107,0,226,73,0,73,299
08/25/2016,BIL,MT,ANM,WE,Combined TRACON& Tower with Radar,32,59,43,0,134,0,25,71,1,97,32,84,114,1,231,50,0,50,281
08/26/2016,BIL,MT,ANM,WE,Combined TRACON& Tower with Radar,31,59,32,0,122,0,15,91,0,106,31,74,123,0,228,74,0,74,302
08/27/2016,BIL,MT,ANM,WE,Combined TRACON& Tower with Radar,22,44,13,0,79,0,22,64,0,86,22,66,77,0,165,52,0,52,217
08/28/2016,BIL,MT,ANM,WE,Combined TRACON& Tower with Radar,27,21,23,0,71,0,17,45,1,63,27,38,68,1,134,54,0,54,188
08/29/2016,BIL,MT,ANM,WE,Combined TRACON& Tower with Radar,23,43,24,0,90,0,34,56,1,91,23,77,80,1,181,34,0,34,215
08/30/2016,BIL,MT,ANM,WE,Combined TRACON& Tower with Radar,26,50,34,0,110,0,30,55,0,85,26,80,89,0,195,24,0,24,219
08/31/2016,BIL,MT,ANM,WE,Combined TRACON& Tower with Radar,25,50,26,0,101,0,33,45,0,78,25,83,71,0,179,76,0,76,255
09/01/2016,BIL,MT,ANM,WE,Combined TRACON& Tower with Radar,27,60,32,4,123,0,31,40,0,71,27,91,72,4,194,39,10,49,243
09/02/2016,BIL,MT,ANM,WE,Combined TRACON& Tower with Radar,26,53,33,1,113,0,27,47,0,74,26,80,80,1,187,65,0,65,252
09/03/2016,BIL,MT,ANM,WE,Combined TRACON& Tower with Radar,17,51,18,1,87,0,30,48,0,78,17,81,66,1,165,79,0,79,244
09/04/2016,BIL,MT,ANM,WE,Combined TRACON& Tower with Radar,17,34,12,0,63,0,0,3,0,3,17,34,15,0,66,0,0,0,66
09/05/2016,BIL,MT,ANM,WE,Combined TRACON& Tower with Radar,21,55,33,0,109,0,7,9,0,16,21,62,42,0,125,2,0,2,127
09/06/2016,BIL,MT,ANM,WE,Combined TRACON& Tower with Radar,19,65,37,0,121,0,43,57,1,101,19,108,94,1,222,107,0,107,329
09/07/2016,BIL,MT,ANM,WE,Combined TRACON& Tower with Radar,28,54,41,0,123,0,26,57,0,83,28,80,98,0,206,49,0,49,255
09/08/2016,BIL,MT,ANM,WE,Combined TRACON& Tower with Radar,32,67,33,0,132,0,22,35,3,60,32,89,68,3,192,67,0,67,259
09/09/2016,BIL,MT,ANM,WE,Combined TRACON& Tower with Radar,27,75,27,0,129,0,14,33,1,48,27,89,60,1,177,60,0,60,237
09/10/2016,BIL,MT,ANM,WE,Combined TRACON& Tower with Radar,19,36,17,0,72,0,25,50,0,75,19,61,67,0,147,47,0,47,194
09/11/2016,BIL,MT,ANM,WE,Combined TRACON& Tower with Radar,24,32,13,1,70,0,10,25,2,37,24,42,38,3,107,39,0,39,146
09/12/2016,BIL,MT,ANM,WE,Combined TRACON& Tower with Radar,24,72,26,0,122,0,0,1,2,3,24,72,27,2,125,0,0,0,125
09/13/2016,BIL,MT,ANM,WE,Combined TRACON& Tower with Radar,26,73,31,0,130,0,1,11,0,12,26,74,42,0,142,10,0,10,152
09/14/2016,BIL,MT,ANM,WE,Combined TRACON& Tower with Radar,26,68,39,4,137,0,20,64,1,85,26,88,103,5,222,38,0,38,260
09/15/2016,BIL,MT,ANM,WE,Combined TRACON& Tower with Radar,26,58,41,3,128,0,20,60,3,83,26,78,101,6,211,54,0,54,265
09/16/2016,BIL,MT,ANM,WE,Combined TRACON& Tower with Radar,25,62,21,0,108,0,33,68,0,101,25,95,89,0,209,91,0,91,300
09/17/2016,BIL,MT,ANM,WE,Combined TRACON& Tower with Radar,22,56,17,0,95,0,36,42,0,78,22,92,59,0,173,75,0,75,248
09/18/2016,BIL,MT,ANM,WE,Combined TRACON& Tower with Radar,21,37,8,0,66,0,20,8,0,28,21,57,16,0,94,0,0,0,94
09/19/2016,BIL,MT,ANM,WE,Combined TRACON& Tower with Radar,25,49,24,1,99,0,25,65,1,91,25,74,89,2,190,55,0,55,245
09/20/2016,BIL,MT,ANM,WE,Combined TRACON& Tower with Radar,28,45,35,0,108,0,35,54,0,89,28,80,89,0,197,42,0,42,239
09/21/2016,BIL,MT,ANM,WE,Combined TRACON& Tower with Radar,23,76,53,4,156,0,0,4,0,4,23,76,57,4,160,1,0,1,161
09/22/2016,BIL,MT,ANM,WE,Combined TRACON& Tower with Radar,28,63,56,0,147,0,0,0,0,0,28,63,56,0,147,0,0,0,147
09/23/2016,BIL,MT,ANM,WE,Combined TRACON& Tower with Radar,25,92,27,0,144,0,0,2,0,2,25,92,29,0,146,2,1,3,149
09/24/2016,BIL,MT,ANM,WE,Combined TRACON& Tower with Radar,21,61,14,0,96,0,6,18,0,24,21,67,32,0,120,8,0,8,128
09/25/2016,BIL,MT,ANM,WE,Combined TRACON& Tower with Radar,24,32,23,1,80,0,11,43,0,54,24,43,66,1,134,32,0,32,166
09/26/2016,BIL,MT,ANM,WE,Combined TRACON& Tower with Radar,23,50,18,1,92,0,24,66,2,92,23,74,84,3,184,60,0,60,244
09/27/2016,BIL,MT,ANM,WE,Combined TRACON& Tower with Radar,27,48,33,1,109,0,26,76,1,103,27,74,109,2,212,69,1,70,282
09/28/2016,BIL,MT,ANM,WE,Combined TRACON& Tower with Radar,23,58,43,1,125,0,27,83,2,112,23,85,126,3,237,59,0,59,296
09/29/2016,BIL,MT,ANM,WE,Combined TRACON& Tower with Radar,27,47,37,0,111,0,25,68,0,93,27,72,105,0,204,70,0,70,274
09/30/2016,BIL,MT,ANM,WE,Combined TRACON& Tower with Radar,27,56,16,2,101,0,29,66,0,95,27,85,82,2,196,106,0,106,302
10/01/2016,BIL,MT,ANM,WE,Combined TRACON& Tower with Radar,23,36,24,0,83,0,16,38,1,55,23,52,62,1,138,35,0,35,173
10/02/2016,BIL,MT,ANM,WE,Combined TRACON& Tower with Radar,23,32,13,6,74,0,9,31,2,42,23,41,44,8,116,22,2,24,140
10/03/2016,BIL,MT,ANM,WE,Combined TRACON& Tower with Radar,24,70,22,0,116,0,1,0,0,1,24,71,22,0,117,0,0,0,117
10/04/2016,BIL,MT,ANM,WE,Combined TRACON& Tower with Radar,35,77,23,0,135,0,5,4,2,11,35,82,27,2,146,11,0,11,157
10/05/2016,BIL,MT,ANM,WE,Combined TRACON& Tower with Radar,23,64,39,0,126,0,2,26,0,28,23,66,65,0,154,34,0,34,188
10/06/2016,BIL,MT,ANM,WE,Combined TRACON& Tower with Radar,29,69,35,2,135,0,6,35,1,42,29,75,70,3,177,64,0,64,241
10/07/2016,BIL,MT,ANM,WE,Combined TRACON& Tower with Radar,23,74,30,6,133,0,6,34,0,40,23,80,64,6,173,24,0,24,197
10/08/2016,BIL,MT,ANM,WE,Combined TRACON& Tower with Radar,20,41,21,0,82,0,8,62,2,72,20,49,83,2,154,26,0,26,180
10/09/2016,BIL,MT,ANM,WE,Combined TRACON& Tower with Radar,22,28,13,0,63,0,12,31,0,43,22,40,44,0,106,8,0,8,114
10/10/2016,BIL,MT,ANM,WE,Combined TRACON& Tower with Radar,21,60,15,0,96,0,0,2,0,2,21,60,17,0,98,16,0,16,114
10/11/2016,BIL,MT,ANM,WE,Combined TRACON& Tower with Radar,23,73,31,0,127,0,1,3,0,4,23,74,34,0,131,22,0,22,153
10/12/2016,BIL,MT,ANM,WE,Combined TRACON& Tower with Radar,25,56,50,0,131,0,22,78,4,104,25,78,128,4,235,27,0,27,262
10/13/2016,BIL,MT,ANM,WE,Combined TRACON& Tower with Radar,25,61,46,1,133,0,22,65,0,87,25,83,111,1,220,51,0,51,271
10/14/2016,BIL,MT,ANM,WE,Combined TRACON& Tower with Radar,24,65,41,0,130,0,26,39,0,65,24,91,80,0,195,83,0,83,278
10/15/2016,BIL,MT,ANM,WE,Combined TRACON& Tower with Radar,21,45,13,0,79,0,12,45,4,61,21,57,58,4,140,52,2,54,194
10/16/2016,BIL,MT,ANM,WE,Combined TRACON& Tower with Radar,23,38,18,0,79,0,10,14,0,24,23,48,32,0,103,8,0,8,111
10/17/2016,BIL,MT,ANM,WE,Combined TRACON& Tower with Radar,21,63,24,2,110,0,10,15,0,25,21,73,39,2,135,31,0,31,166
10/18/2016,BIL,MT,ANM,WE,Combined TRACON& Tower with Radar,26,74,36,0,136,0,14,84,0,98,26,88,120,0,234,77,0,77,311
10/19/2016,BIL,MT,ANM,WE,Combined TRACON& Tower with Radar,23,80,49,0,152,0,10,79,0,89,23,90,128,0,241,96,0,96,337
10/20/2016,BIL,MT,ANM,WE,Combined TRACON& Tower with Radar,27,59,56,0,142,0,22,57,2,81,27,81,113,2,223,46,0,46,269
10/21/2016,BIL,MT,ANM,WE,Combined TRACON& Tower with Radar,24,59,34,0,117,0,33,79,0,112,24,92,113,0,229,146,0,146,375
10/22/2016,BIL,MT,ANM,WE,Combined TRACON& Tower with Radar,19,43,14,1,77,0,23,33,0,56,19,66,47,1,133,41,0,41,174
10/23/2016,BIL,MT,ANM,WE,Combined TRACON& Tower with Radar,22,31,18,1,72,0,14,50,0,64,22,45,68,1,136,42,0,42,178
10/24/2016,BIL,MT,ANM,WE,Combined TRACON& Tower with Radar,21,54,43,0,118,0,14,54,0,68,21,68,97,0,186,48,0,48,234
10/25/2016,BIL,MT,ANM,WE,Combined TRACON& Tower with Radar,24,59,45,2,130,0,14,57,1,72,24,73,102,3,202,62,0,62,264
10/26/2016,BIL,MT,ANM,WE,Combined TRACON& Tower with Radar,25,47,47,0,119,0,22,59,0,81,25,69,106,0,200,90,0,90,290
10/27/2016,BIL,MT,ANM,WE,Combined TRACON& Tower with Radar,27,54,44,0,125,0,18,53,1,72,27,72,97,1,197,70,0,70,267
10/28/2016,BIL,MT,ANM,WE,Combined TRACON& Tower with Radar,26,69,28,0,123,0,10,48,0,58,26,79,76,0,181,26,0,26,207
10/29/2016,BIL,MT,ANM,WE,Combined TRACON& Tower with Radar,19,58,19,0,96,0,1,6,0,7,19,59,25,0,103,0,0,0,103
10/30/2016,BIL,MT,ANM,WE,Combined TRACON& Tower with Radar,22,37,21,0,80,0,14,29,0,43,22,51,50,0,123,38,12,50,173
10/31/2016,BIL,MT,ANM,WE,Combined TRACON& Tower with Radar,26,63,9,0,98,0,7,11,0,18,26,70,20,0,116,16,0,16,132
11/01/2016,BIL,MT,ANM,WE,Combined TRACON& Tower with Radar,29,59,36,1,125,0,29,44,0,73,29,88,80,1,198,76,0,76,274
11/02/2016,BIL,MT,ANM,WE,Combined TRACON& Tower with Radar,29,41,28,1,99,0,30,82,0,112,29,71,110,1,211,34,0,34,245
11/03/2016,BIL,MT,ANM,WE,Combined TRACON& Tower with Radar,32,49,37,3,121,0,26,66,1,93,32,75,103,4,214,99,0,99,313
11/04/2016,BIL,MT,ANM,WE,Combined TRACON& Tower with Radar,31,52,32,2,117,0,32,77,4,113,31,84,109,6,230,133,21,154,384
11/05/2016,BIL,MT,ANM,WE,Combined TRACON& Tower with Radar,22,41,11,3,77,0,20,60,3,83,22,61,71,6,160,114,0,114,274
11/06/2016,BIL,MT,ANM,WE,Combined TRACON& Tower with Radar,28,26,9,10,73,0,14,41,1,56,28,40,50,11,129,82,0,82,211
11/07/2016,BIL,MT,ANM,WE,Combined TRACON& Tower with Radar,28,57,22,0,107,0,23,51,0,74,28,80,73,0,181,54,0,54,235
11/08/2016,BIL,MT,ANM,WE,Combined TRACON& Tower with Radar,38,50,36,0,124,6,27,55,0,88,44,77,91,0,212,66,0,66,278
11/09/2016,BIL,MT,ANM,WE,Combined TRACON& Tower with Radar,33,45,28,0,106,0,18,58,2,78,33,63,86,2,184,65,0,65,249
11/10/2016,BIL,MT,ANM,WE,Combined TRACON& Tower with Radar,36,51,35,6,128,0,33,74,2,109,36,84,109,8,237,88,0,88,325
11/11/2016,BIL,MT,ANM,WE,Combined TRACON& Tower with Radar,32,58,30,0,120,0,31,77,0,108,32,89,107,0,228,43,0,43,271
11/12/2016,BIL,MT,ANM,WE,Combined TRACON& Tower with Radar,21,34,14,0,69,0,19,36,0,55,21,53,50,0,124,9,0,9,133
11/13/2016,BIL,MT,ANM,WE,Combined TRACON& Tower with Radar,26,17,7,0,50,0,16,28,1,45,26,33,35,1,95,22,0,22,117
11/14/2016,BIL,MT,ANM,WE,Combined TRACON& Tower with Radar,31,48,24,0,103,0,23,45,0,68,31,71,69,0,171,58,0,58,229
11/15/2016,BIL,MT,ANM,WE,Combined TRACON& Tower with Radar,31,83,33,0,147,0,26,47,0,73,31,109,80,0,220,49,0,49,269
11/16/2016,BIL,MT,ANM,WE,Combined TRACON& Tower with Radar,31,78,37,1,147,0,13,13,1,27,31,91,50,2,174,45,0,45,219
11/17/2016,BIL,MT,ANM,WE,Combined TRACON& Tower with Radar,32,92,26,0,150,0,0,0,0,0,32,92,26,0,150,14,0,14,164
11/18/2016,BIL,MT,ANM,WE,Combined TRACON& Tower with Radar,31,83,29,0,143,0,18,53,0,71,31,101,82,0,214,42,0,42,256
11/19/2016,BIL,MT,ANM,WE,Combined TRACON& Tower with Radar,24,44,19,0,87,12,15,47,3,77,36,59,66,3,164,71,0,71,235
11/20/2016,BIL,MT,ANM,WE,Combined TRACON& Tower with Radar,28,29,16,0,73,0,14,46,0,60,28,43,62,0,133,50,0,50,183
11/21/2016,BIL,MT,ANM,WE,Combined TRACON& Tower with Radar,27,51,17,6,101,0,9,26,2,37,27,60,43,8,138,27,0,27,165
11/22/2016,BIL,MT,ANM,WE,Combined TRACON& Tower with Radar,33,54,31,0,118,0,16,54,2,72,33,70,85,2,190,65,2,67,257
11/23/2016,BIL,MT,ANM,WE,Combined TRACON& Tower with Radar,34,63,22,0,119,0,6,40,0,46,34,69,62,0,165,59,0,59,224
11/24/2016,BIL,MT,ANM,WE,Combined TRACON& Tower with Radar,20,20,5,1,46,0,11,23,2,36,20,31,28,3,82,23,1,24,106
11/25/2016,BIL,MT,ANM,WE,Combined TRACON& Tower with Radar,26,54,12,0,92,0,20,33,0,53,26,74,45,0,145,34,0,34,179
11/26/2016,BIL,MT,ANM,WE,Combined TRACON& Tower with Radar,27,45,16,2,90,0,23,44,0,67,27,68,60,2,157,24,0,24,181
11/27/2016,BIL,MT,ANM,WE,Combined TRACON& Tower with Radar,31,30,11,7,79,0,11,14,0,25,31,41,25,7,104,9,0,9,113
11/28/2016,BIL,MT,ANM,WE,Combined TRACON& Tower with Radar,31,63,11,1,106,0,3,8,0,11,31,66,19,1,117,16,0,16,133
11/29/2016,BIL,MT,ANM,WE,Combined TRACON& Tower with Radar,43,55,24,3,125,0,6,12,0,18,43,61,36,3,143,2,0,2,145
11/30/2016,BIL,MT,ANM,WE,Combined TRACON& Tower with Radar,34,66,30,0,130,0,10,45,1,56,34,76,75,1,186,91,0,91,277
12/01/2016,BIL,MT,ANM,WE,Combined TRACON& Tower with Radar,35,71,30,2,138,0,7,46,0,53,35,78,76,2,191,75,0,75,266
12/02/2016,BIL,MT,ANM,WE,Combined TRACON& Tower with Radar,33,80,40,2,155,0,8,48,0,56,33,88,88,2,211,87,3,90,301
12/03/2016,BIL,MT,ANM,WE,Combined TRACON& Tower with Radar,26,53,11,0,90,0,10,7,0,17,26,63,18,0,107,22,0,22,129
12/04/2016,BIL,MT,ANM,WE,Combined TRACON& Tower with Radar,28,33,14,0,75,0,2,22,0,24,28,35,36,0,99,39,0,39,138
12/05/2016,BIL,MT,ANM,WE,Combined TRACON& Tower with Radar,40,58,22,0,120,0,5,2,0,7,40,63,24,0,127,8,0,8,135
12/06/2016,BIL,MT,ANM,WE,Combined TRACON& Tower with Radar,30,79,21,0,130,0,2,4,0,6,30,81,25,0,136,0,0,0,136
12/07/2016,BIL,MT,ANM,WE,Combined TRACON& Tower with Radar,34,58,37,2,131,0,11,37,0,48,34,69,74,2,179,63,0,63,242
12/08/2016,BIL,MT,ANM,WE,Combined TRACON& Tower with Radar,37,71,41,0,149,0,13,34,0,47,37,84,75,0,196,56,0,56,252
12/09/2016,BIL,MT,ANM,WE,Combined TRACON& Tower with Radar,36,66,28,2,132,18,1,7,0,26,54,67,35,2,158,44,0,44,202
12/10/2016,BIL,MT,ANM,WE,Combined TRACON& Tower with Radar,25,34,3,0,62,0,0,0,0,0,25,34,3,0,62,0,0,0,62
12/11/2016,BIL,MT,ANM,WE,Combined TRACON& Tower with Radar,31,28,14,0,73,0,0,8,0,8,31,28,22,0,81,16,0,16,97
12/12/2016,BIL,MT,ANM,WE,Combined TRACON& Tower with Radar,30,62,27,0,119,0,4,5,0,9,30,66,32,0,128,40,0,40,168
12/13/2016,BIL,MT,ANM,WE,Combined TRACON& Tower with Radar,37,86,31,0,154,0,2,17,0,19,37,88,48,0,173,3,0,3,176
12/14/2016,BIL,MT,ANM,WE,Combined TRACON& Tower with Radar,39,69,28,40,176,0,16,45,0,61,39,85,73,40,237,23,51,74,311
12/15/2016,BIL,MT,ANM,WE,Combined TRACON& Tower with Radar,38,69,31,0,138,0,0,0,0,0,38,69,31,0,138,0,0,0,138
12/16/2016,BIL,MT,ANM,WE,Combined TRACON& Tower with Radar,35,62,18,0,115,0,0,0,0,0,35,62,18,0,115,0,0,0,115
12/17/2016,BIL,MT,ANM,WE,Combined TRACON& Tower with Radar,19,32,6,0,57,0,4,7,0,11,19,36,13,0,68,0,0,0,68
12/18/2016,BIL,MT,ANM,WE,Combined TRACON& Tower with Radar,27,41,10,0,78,0,5,0,0,5,27,46,10,0,83,0,0,0,83
12/19/2016,BIL,MT,ANM,WE,Combined TRACON& Tower with Radar,34,68,23,0,125,0,8,7,0,15,34,76,30,0,140,0,0,0,140
12/20/2016,BIL,MT,ANM,WE,Combined TRACON& Tower with Radar,39,87,17,2,145,0,14,26,0,40,39,101,43,2,185,13,0,13,198
12/21/2016,BIL,MT,ANM,WE,Combined TRACON& Tower with Radar,41,77,19,0,137,0,25,33,0,58,41,102,52,0,195,29,0,29,224
12/22/2016,BIL,MT,ANM,WE,Combined TRACON& Tower with Radar,45,75,32,0,152,0,22,26,0,48,45,97,58,0,200,0,0,0,200
12/23/2016,BIL,MT,ANM,WE,Combined TRACON& Tower with Radar,37,81,18,0,136,0,17,30,0,47,37,98,48,0,183,27,0,27,210
12/24/2016,BIL,MT,ANM,WE,Combined TRACON& Tower with Radar,30,72,7,0,109,0,3,9,1,13,30,75,16,1,122,4,0,4,126
12/25/2016,BIL,MT,ANM,WE,Combined TRACON& Tower with Radar,16,20,4,0,40,0,0,0,0,0,16,20,4,0,40,0,0,0,40
12/26/2016,BIL,MT,ANM,WE,Combined TRACON& Tower with Radar,21,42,11,0,74,0,5,12,0,17,21,47,23,0,91,13,0,13,104
12/27/2016,BIL,MT,ANM,WE,Combined TRACON& Tower with Radar,31,67,19,0,117,0,13,14,0,27,31,80,33,0,144,20,0,20,164
12/28/2016,BIL,MT,ANM,WE,Combined TRACON& Tower with Radar,32,79,31,0,142,0,16,4,0,20,32,95,35,0,162,9,0,9,171
12/29/2016,BIL,MT,ANM,WE,Combined TRACON& Tower with Radar,38,70,16,0,124,0,23,33,0,56,38,93,49,0,180,56,0,56,236
12/30/2016,BIL,MT,ANM,WE,Combined TRACON& Tower with Radar,29,76,10,0,115,0,3,2,0,5,29,79,12,0,120,20,0,20,140
12/31/2016,BIL,MT,ANM,WE,Combined TRACON& Tower with Radar,21,54,11,0,86,0,17,21,0,38,21,71,32,0,124,3,0,3,127
01/01/2017,BIL,MT,ANM,WE,Combined TRACON& Tower with Radar,20,43,8,0,71,0,2,3,0,5,20,45,11,0,76,3,0,3,79
01/02/2017,BIL,MT,ANM,WE,Combined TRACON& Tower with Radar,27,57,22,0,106,0,2,1,0,3,27,59,23,0,109,0,0,0,109
01/03/2017,BIL,MT,ANM,WE,Combined TRACON& Tower with Radar,30,62,20,0,112,0,10,19,0,29,30,72,39,0,141,24,0,24,165
01/04/2017,BIL,MT,ANM,WE,Combined TRACON& Tower with Radar,31,80,20,0,131,0,5,22,0,27,31,85,42,0,158,29,0,29,187
01/05/2017,BIL,MT,ANM,WE,Combined TRACON& Tower with Radar,35,67,30,0,132,0,8,10,0,18,35,75,40,0,150,8,0,8,158
01/06/2017,BIL,MT,ANM,WE,Combined TRACON& Tower with Radar,32,68,23,0,123,0,11,16,1,28,32,79,39,1,151,56,0,56,207
01/07/2017,BIL,MT,ANM,WE,Combined TRACON& Tower with Radar,18,40,11,1,70,0,17,29,0,46,18,57,40,1,116,89,0,89,205
01/08/2017,BIL,MT,ANM,WE,Combined TRACON& Tower with Radar,22,43,9,1,75,0,1,15,0,16,22,44,24,1,91,14,0,14,105
01/09/2017,BIL,MT,ANM,WE,Combined TRACON& Tower with Radar,25,60,21,0,106,0,3,12,0,15,25,63,33,0,121,32,0,32,153
01/10/2017,BIL,MT,ANM,WE,Combined TRACON& Tower with Radar,25,73,23,0,121,0,2,2,0,4,25,75,25,0,125,0,0,0,125
01/11/2017,BIL,MT,ANM,WE,Combined TRACON& Tower with Radar,29,81,25,0,135,0,5,8,0,13,29,86,33,0,148,18,0,18,166
01/12/2017,BIL,MT,ANM,WE,Combined TRACON& Tower with Radar,32,46,41,0,119,0,18,77,0,95,32,64,118,0,214,51,0,51,265
01/13/2017,BIL,MT,ANM,WE,Combined TRACON& Tower with Radar,27,41,23,0,91,0,28,60,0,88,27,69,83,0,179,99,0,99,278
01/14/2017,BIL,MT,ANM,WE,Combined TRACON& Tower with Radar,17,45,23,0,85,0,14,49,0,63,17,59,72,0,148,30,0,30,178
01/15/2017,BIL,MT,ANM,WE,Combined TRACON& Tower with Radar,23,23,8,0,54,0,14,19,0,33,23,37,27,0,87,12,0,12,99
01/16/2017,BIL,MT,ANM,WE,Combined TRACON& Tower with Radar,26,39,25,0,90,0,15,53,0,68,26,54,78,0,158,58,0,58,216
01/17/2017,BIL,MT,ANM,WE,Combined TRACON& Tower with Radar,26,52,24,0,102,0,17,17,0,34,26,69,41,0,136,6,0,6,142
01/18/2017,BIL,MT,ANM,WE,Combined TRACON& Tower with Radar,29,64,27,1,121,0,20,40,1,61,29,84,67,2,182,28,1,29,211
01/19/2017,BIL,MT,ANM,WE,Combined TRACON& Tower with Radar,31,56,24,0,111,0,17,50,1,68,31,73,74,1,179,115,0,115,294
01/20/2017,BIL,MT,ANM,WE,Combined TRACON& Tower with Radar,26,74,25,0,125,0,8,55,0,63,26,82,80,0,188,125,0,125,313
01/21/2017,BIL,MT,ANM,WE,Combined TRACON& Tower with Radar,25,47,20,0,92,0,19,51,0,70,25,66,71,0,162,110,0,110,272
01/22/2017,BIL,MT,ANM,WE,Combined TRACON& Tower with Radar,23,33,25,2,83,0,0,48,1,49,23,33,73,3,132,75,0,75,207
01/23/2017,BIL,MT,ANM,WE,Combined TRACON& Tower with Radar,28,47,23,0,98,0,0,2,0,2,28,47,25,0,100,0,0,0,100
01/24/2017,BIL,MT,ANM,WE,Combined TRACON& Tower with Radar,30,63,30,0,123,0,2,22,0,24,30,65,52,0,147,10,0,10,157
01/25/2017,BIL,MT,ANM,WE,Combined TRACON& Tower with Radar,27,59,43,0,129,0,2,50,0,52,27,61,93,0,181,34,0,34,215
01/26/2017,BIL,MT,ANM,WE,Combined TRACON& Tower with Radar,28,52,44,2,126,0,20,67,3,90,28,72,111,5,216,95,1,96,312
01/27/2017,BIL,MT,ANM,WE,Combined TRACON& Tower with Radar,28,50,27,0,105,0,17,35,2,54,28,67,62,2,159,40,0,40,199
01/28/2017,BIL,MT,ANM,WE,Combined TRACON& Tower with Radar,27,40,10,0,77,0,16,20,0,36,27,56,30,0,113,15,0,15,128
01/29/2017,BIL,MT,ANM,WE,Combined TRACON& Tower with Radar,25,28,6,0,59,0,10,11,0,21,25,38,17,0,80,4,0,4,84
01/30/2017,BIL,MT,ANM,WE,Combined TRACON& Tower with Radar,25,47,15,1,88,0,14,51,1,66,25,61,66,2,154,33,0,33,187
01/31/2017,BIL,MT,ANM,WE,Combined TRACON& Tower with Radar,26,71,21,0,118,0,0,0,0,0,26,71,21,0,118,0,0,0,118
02/01/2017,BIL,MT,ANM,WE,Combined TRACON& Tower with Radar,30,74,21,0,125,0,4,21,0,25,30,78,42,0,150,9,0,9,159
02/02/2017,BIL,MT,ANM,WE,Combined TRACON& Tower with Radar,30,80,24,0,134,0,10,0,1,11,30,90,24,1,145,2,0,2,147
02/03/2017,BIL,MT,ANM,WE,Combined TRACON& Tower with Radar,28,52,24,2,106,0,23,59,1,83,28,75,83,3,189,93,8,101,290
02/04/2017,BIL,MT,ANM,WE,Combined TRACON& Tower with Radar,19,55,15,0,89,0,1,6,0,7,19,56,21,0,96,33,0,33,129
02/05/2017,BIL,MT,ANM,WE,Combined TRACON& Tower with Radar,21,37,20,0,78,0,12,26,0,38,21,49,46,0,116,49,0,49,165
02/06/2017,BIL,MT,ANM,WE,Combined TRACON& Tower with Radar,25,56,17,0,98,0,0,4,0,4,25,56,21,0,102,17,0,17,119
02/07/2017,BIL,MT,ANM,WE,Combined TRACON& Tower with Radar,30,69,11,0,110,0,1,2,0,3,30,70,13,0,113,0,0,0,113
02/08/2017,BIL,MT,ANM,WE,Combined TRACON& Tower with Radar,30,64,24,0,118,0,6,25,2,33,30,70,49,2,151,36,0,36,187
02/09/2017,BIL,MT,ANM,WE,Combined TRACON& Tower with Radar,30,72,32,0,134,0,15,35,2,52,30,87,67,2,186,50,0,50,236
02/10/2017,BIL,MT,ANM,WE,Combined TRACON& Tower with Radar,28,64,28,0,120,0,23,54,0,77,28,87,82,0,197,69,3,72,269
02/11/2017,BIL,MT,ANM,WE,Combined TRACON& Tower with Radar,20,37,6,0,63,0,20,12,0,32,20,57,18,0,95,5,2,7,102
02/12/2017,BIL,MT,ANM,WE,Combined TRACON& Tower with Radar,25,22,17,0,64,0,28,44,0,72,25,50,61,0,136,21,0,21,157
02/13/2017,BIL,MT,ANM,WE,Combined TRACON& Tower with Radar,26,44,31,0,101,0,16,64,0,80,26,60,95,0,181,103,0,103,284
02/14/2017,BIL,MT,ANM,WE,Combined TRACON& Tower with Radar,28,73,28,2,131,0,18,68,2,88,28,91,96,4,219,89,0,89,308
02/15/2017,BIL,MT,ANM,WE,Combined TRACON& Tower with Radar,27,53,31,0,111,0,17,35,0,52,27,70,66,0,163,22,0,22,185
02/16/2017,BIL,MT,ANM,WE,Combined TRACON& Tower with Radar,31,49,28,0,108,0,26,36,0,62,31,75,64,0,170,74,0,74,244
02/17/2017,BIL,MT,ANM,WE,Combined TRACON& Tower with Radar,31,54,33,0,118,0,29,64,0,93,31,83,97,0,211,56,0,56,267
02/18/2017,BIL,MT,ANM,WE,Combined TRACON& Tower with Radar,20,46,20,0,86,0,10,55,0,65,20,56,75,0,151,93,0,93,244
02/19/2017,BIL,MT,ANM,WE,Combined TRACON& Tower with Radar,26,41,19,1,87,0,6,36,1,43,26,47,55,2,130,44,0,44,174
02/20/2017,BIL,MT,ANM,WE,Combined TRACON& Tower with Radar,27,47,20,0,94,0,22,26,0,48,27,69,46,0,142,34,0,34,176
02/21/2017,BIL,MT,ANM,WE,Combined TRACON& Tower with Radar,30,77,32,3,142,0,9,17,3,29,30,86,49,6,171,42,0,42,213
02/22/2017,BIL,MT,ANM,WE,Combined TRACON& Tower with Radar,29,74,31,0,134,0,0,4,0,4,29,74,35,0,138,8,0,8,146
02/23/2017,BIL,MT,ANM,WE,Combined TRACON& Tower with Radar,32,78,29,0,139,0,1,2,0,3,32,79,31,0,142,0,0,0,142
02/24/2017,BIL,MT,ANM,WE,Combined TRACON& Tower with Radar,31,92,23,0,146,0,0,2,0,2,31,92,25,0,148,1,0,1,149
02/25/2017,BIL,MT,ANM,WE,Combined TRACON& Tower with Radar,21,47,9,0,77,0,2,7,0,9,21,49,16,0,86,12,0,12,98
02/26/2017,BIL,MT,ANM,WE,Combined TRACON& Tower with Radar,26,50,17,0,93,0,2,35,0,37,26,52,52,0,130,46,0,46,176
02/27/2017,BIL,MT,ANM,WE,Combined TRACON& Tower with Radar,27,65,35,0,127,0,2,32,0,34,27,67,67,0,161,21,0,21,182
02/28/2017,BIL,MT,ANM,WE,Combined TRACON& Tower with Radar,30,72,25,1,128,0,11,33,0,44,30,83,58,1,172,42,0,42,214
03/01/2017,BIL,MT,ANM,WE,Combined TRACON& Tower with Radar,32,64,21,3,120,0,4,14,0,18,32,68,35,3,138,32,0,32,170
03/02/2017,BIL,MT,ANM,WE,Combined TRACON& Tower with Radar,32,68,43,2,145,0,10,74,0,84,32,78,117,2,229,101,0,101,330
03/03/2017,BIL,MT,ANM,WE,Combined TRACON& Tower with Radar,30,66,32,0,128,0,27,67,0,94,30,93,99,0,222,97,0,97,319
03/04/2017,BIL,MT,ANM,WE,Combined TRACON& Tower with Radar,20,36,9,0,65,0,12,35,0,47,20,48,44,0,112,26,0,26,138
03/05/2017,BIL,MT,ANM,WE,Combined TRACON& Tower with Radar,25,33,6,3,67,0,12,14,5,31,25,45,20,8,98,1,0,1,99
03/06/2017,BIL,MT,ANM,WE,Combined TRACON& Tower with Radar,26,54,15,0,95,0,5,13,0,18,26,59,28,0,113,0,0,0,113
03/07/2017,BIL,MT,ANM,WE,Combined TRACON& Tower with Radar,31,72,35,0,138,0,8,4,0,12,31,80,39,0,150,2,0,2,152
03/08/2017,BIL,MT,ANM,WE,Combined TRACON& Tower with Radar,29,78,30,1,138,0,10,33,0,43,29,88,63,1,181,47,0,47,228
03/09/2017,BIL,MT,ANM,WE,Combined TRACON& Tower with Radar,33,73,16,0,122,0,0,0,0,0,33,73,16,0,122,0,0,0,122
03/10/2017,BIL,MT,ANM,WE,Combined TRACON& Tower with Radar,32,80,18,0,130,0,1,5,0,6,32,81,23,0,136,3,0,3,139
03/11/2017,BIL,MT,ANM,WE,Combined TRACON& Tower with Radar,23,62,31,0,116,0,0,3,0,3,23,62,34,0,119,0,0,0,119
03/12/2017,BIL,MT,ANM,WE,Combined TRACON& Tower with Radar,24,32,11,0,67,0,0,21,0,21,24,32,32,0,88,1,0,1,89
03/13/2017,BIL,MT,ANM,WE,Combined TRACON& Tower with Radar,28,66,35,0,129,0,10,34,3,47,28,76,69,3,176,43,0,43,219
03/14/2017,BIL,MT,ANM,WE,Combined TRACON& Tower with Radar,32,62,31,3,128,0,15,23,1,39,32,77,54,4,167,19,0,19,186
03/15/2017,BIL,MT,ANM,WE,Combined TRACON& Tower with Radar,30,60,41,0,131,0,14,78,0,92,30,74,119,0,223,197,0,197,420
03/16/2017,BIL,MT,ANM,WE,Combined TRACON& Tower with Radar,32,61,47,0,140,0,23,45,0,68,32,84,92,0,208,59,0,59,267
03/17/2017,BIL,MT,ANM,WE,Combined TRACON& Tower with Radar,30,61,38,0,129,0,25,90,0,115,30,86,128,0,244,72,0,72,316
03/18/2017,BIL,MT,ANM,WE,Combined TRACON& Tower with Radar,24,48,17,0,89,0,29,66,2,97,24,77,83,2,186,54,0,54,240
03/19/2017,BIL,MT,ANM,WE,Combined TRACON& Tower with Radar,29,28,10,0,67,0,12,25,0,37,29,40,35,0,104,25,0,25,129
03/20/2017,BIL,MT,ANM,WE,Combined TRACON& Tower with Radar,27,61,33,0,121,0,8,14,0,22,27,69,47,0,143,36,0,36,179
03/21/2017,BIL,MT,ANM,WE,Combined TRACON& Tower with Radar,33,75,27,0,135,0,0,1,0,1,33,75,28,0,136,4,0,4,140
03/22/2017,BIL,MT,ANM,WE,Combined TRACON& Tower with Radar,37,62,48,0,147,0,22,58,2,82,37,84,106,2,229,84,0,84,313
03/23/2017,BIL,MT,ANM,WE,Combined TRACON& Tower with Radar,32,63,64,2,161,0,21,43,0,64,32,84,107,2,225,78,0,78,303
03/24/2017,BIL,MT,ANM,WE,Combined TRACON& Tower with Radar,30,51,32,0,113,0,49,98,1,148,30,100,130,1,261,179,0,179,440
03/25/2017,BIL,MT,ANM,WE,Combined TRACON& Tower with Radar,25,45,17,0,87,0,20,36,1,57,25,65,53,1,144,136,0,136,280
03/26/2017,BIL,MT,ANM,WE,Combined TRACON& Tower with Radar,27,19,8,0,54,0,14,47,4,65,27,33,55,4,119,31,0,31,150
03/27/2017,BIL,MT,ANM,WE,Combined TRACON& Tower with Radar,30,56,40,0,126,0,20,60,0,80,30,76,100,0,206,74,0,74,280
03/28/2017,BIL,MT,ANM,WE,Combined TRACON& Tower with Radar,32,59,26,0,117,0,14,41,0,55,32,73,67,0,172,72,0,72,244
03/29/2017,BIL,MT,ANM,WE,Combined TRACON& Tower with Radar,30,43,34,1,108,0,28,76,1,105,30,71,110,2,213,102,2,104,317
03/30/2017,BIL,MT,ANM,WE,Combined TRACON& Tower with Radar,31,81,14,0,126,0,4,6,0,10,31,85,20,0,136,2,0,2,138
03/31/2017,BIL,MT,ANM,WE,Combined TRACON& Tower with Radar,31,80,36,0,147,0,0,6,0,6,31,80,42,0,153,59,0,59,212
04/01/2017,BIL,MT,ANM,WE,Combined TRACON& Tower with Radar,22,49,22,0,93,0,4,56,0,60,22,53,78,0,153,57,0,57,210
04/02/2017,BIL,MT,ANM,WE,Combined TRACON& Tower with Radar,33,32,10,3,78,0,14,29,1,44,33,46,39,4,122,37,0,37,159
04/03/2017,BIL,MT,ANM,WE,Combined TRACON& Tower with Radar,27,60,14,0,101,0,5,48,0,53,27,65,62,0,154,38,0,38,192
04/04/2017,BIL,MT,ANM,WE,Combined TRACON& Tower with Radar,34,65,33,0,132,0,8,38,0,46,34,73,71,0,178,65,0,65,243
04/05/2017,BIL,MT,ANM,WE,Combined TRACON& Tower with Radar,29,57,42,0,128,0,20,71,0,91,29,77,113,0,219,31,0,31,250
04/06/2017,BIL,MT,ANM,WE,Combined TRACON& Tower with Radar,34,48,33,0,115,0,21,81,0,102,34,69,114,0,217,104,0,104,321
04/07/2017,BIL,MT,ANM,WE,Combined TRACON& Tower with Radar,31,57,23,0,111,0,27,53,0,80,31,84,76,0,191,90,0,90,281
04/08/2017,BIL,MT,ANM,WE,Combined TRACON& Tower with Radar,20,34,12,0,66,0,26,36,2,64,20,60,48,2,130,48,0,48,178
04/09/2017,BIL,MT,ANM,WE,Combined TRACON& Tower with Radar,22,30,9,0,61,0,0,0,0,0,22,30,9,0,61,2,0,2,63
04/10/2017,BIL,MT,ANM,WE,Combined TRACON& Tower with Radar,30,52,22,0,104,0,20,35,0,55,30,72,57,0,159,15,0,15,174
04/11/2017,BIL,MT,ANM,WE,Combined TRACON& Tower with Radar,32,55,47,0,134,0,23,70,0,93,32,78,117,0,227,76,0,76,303
04/12/2017,BIL,MT,ANM,WE,Combined TRACON& Tower with Radar,32,67,36,2,137,0,17,54,2,73,32,84,90,4,210,120,0,120,330
04/13/2017,BIL,MT,ANM,WE,Combined TRACON& Tower with Radar,36,55,44,0,135,0,28,58,2,88,36,83,102,2,223,92,0,92,315
04/14/2017,BIL,MT,ANM,WE,Combined TRACON& Tower with Radar,32,71,32,0,135,0,11,43,0,54,32,82,75,0,189,78,0,78,267
04/15/2017,BIL,MT,ANM,WE,Combined TRACON& Tower with Radar,20,62,11,1,94,0,14,12,0,26,20,76,23,1,120,22,0,22,142
04/16/2017,BIL,MT,ANM,WE,Combined TRACON& Tower with Radar,27,33,10,1,71,0,3,38,4,45,27,36,48,5,116,15,0,15,131
04/17/2017,BIL,MT,ANM,WE,Combined TRACON& Tower with Radar,27,58,20,0,105,0,7,20,0,27,27,65,40,0,132,38,0,38,170
04/18/2017,BIL,MT,ANM,WE,Combined TRACON& Tower with Radar,30,50,31,0,111,0,22,53,1,76,30,72,84,1,187,97,1,98,285
04/19/2017,BIL,MT,ANM,WE,Combined TRACON& Tower with Radar,30,70,36,0,136,0,5,29,0,34,30,75,65,0,170,42,0,42,212
04/20/2017,BIL,MT,ANM,WE,Combined TRACON& Tower with Radar,31,59,36,15,141,0,20,77,0,97,31,79,113,15,238,90,18,108,346
04/21/2017,BIL,MT,ANM,WE,Combined TRACON& Tower with Radar,31,86,23,1,141,0,2,5,0,7,31,88,28,1,148,1,0,1,149
04/22/2017,BIL,MT,ANM,WE,Combined TRACON& Tower with Radar,20,64,37,1,122,0,1,53,1,55,20,65,90,2,177,57,0,57,234
04/23/2017,BIL,MT,ANM,WE,Combined TRACON& Tower with Radar,27,36,19,0,82,0,2,40,0,42,27,38,59,0,124,44,0,44,168
04/24/2017,BIL,MT,ANM,WE,Combined TRACON& Tower with Radar,29,63,16,0,108,0,9,12,0,21,29,72,28,0,129,33,0,33,162
04/25/2017,BIL,MT,ANM,WE,Combined TRACON& Tower with Radar,32,79,21,8,140,0,0,2,1,3,32,79,23,9,143,10,14,24,167
04/26/2017,BIL,MT,ANM,WE,Combined TRACON& Tower with Radar,32,85,28,21,166,0,9,12,0,21,32,94,40,21,187,41,16,57,244
04/27/2017,BIL,MT,ANM,WE,Combined TRACON& Tower with Radar,32,86,30,9,157,0,3,10,0,13,32,89,40,9,170,15,0,15,185
04/28/2017,BIL,MT,ANM,WE,Combined TRACON& Tower with Radar,30,80,24,0,134,0,1,5,0,6,30,81,29,0,140,65,0,65,205
04/29/2017,BIL,MT,ANM,WE,Combined TRACON& Tower with Radar,24,43,31,1,99,0,16,41,2,59,24,59,72,3,158,74,0,74,232
04/30/2017,BIL,MT,ANM,WE,Combined TRACON& Tower with Radar,27,29,12,1,69,0,13,18,1,32,27,42,30,2,101,8,0,8,109
05/01/2017,BIL,MT,ANM,WE,Combined TRACON& Tower with Radar,29,61,11,0,101,0,20,9,0,29,29,81,20,0,130,39,0,39,169
05/02/2017,BIL,MT,ANM,WE,Combined TRACON& Tower with Radar,36,80,26,0,142,0,12,6,0,18,36,92,32,0,160,6,0,6,166
05/03/2017,BIL,MT,ANM,WE,Combined TRACON& Tower with Radar,34,65,58,0,157,0,35,101,0,136,34,100,159,0,293,133,0,133,426
05/04/2017,BIL,MT,ANM,WE,Combined TRACON& Tower with Radar,34,50,29,7,120,0,27,68,3,98,34,77,97,10,218,80,1,81,299
05/05/2017,BIL,MT,ANM,WE,Combined TRACON& Tower with Radar,28,70,35,0,133,0,27,74,0,101,28,97,109,0,234,78,0,78,312
05/06/2017,BIL,MT,ANM,WE,Combined TRACON& Tower with Radar,25,49,36,2,112,0,23,70,0,93,25,72,106,2,205,44,2,46,251
05/07/2017,BIL,MT,ANM,WE,Combined TRACON& Tower with Radar,28,27,20,1,76,0,10,18,1,29,28,37,38,2,105,16,0,16,121
05/08/2017,BIL,MT,ANM,WE,Combined TRACON& Tower with Radar,35,58,32,0,125,0,20,39,0,59,35,78,71,0,184,44,0,44,228
05/09/2017,BIL,MT,ANM,WE,Combined TRACON& Tower with Radar,34,61,28,0,123,0,20,37,0,57,34,81,65,0,180,78,0,78,258
05/10/2017,BIL,MT,ANM,WE,Combined TRACON& Tower with Radar,32,59,31,0,122,0,18,75,4,97,32,77,106,4,219,59,0,59,278
05/11/2017,BIL,MT,ANM,WE,Combined TRACON& Tower with Radar,34,45,39,5,123,0,34,73,2,109,34,79,112,7,232,104,0,104,336
05/12/2017,BIL,MT,ANM,WE,Combined TRACON& Tower with Radar,33,61,33,2,129,0,15,43,1,59,33,76,76,3,188,51,0,51,239
05/13/2017,BIL,MT,ANM,WE,Combined TRACON& Tower with Radar,26,53,20,0,99,0,7,47,0,54,26,60,67,0,153,54,0,54,207
05/14/2017,BIL,MT,ANM,WE,Combined TRACON& Tower with Radar,28,34,15,6,83,0,14,30,3,47,28,48,45,9,130,100,0,100,230
05/15/2017,BIL,MT,ANM,WE,Combined TRACON& Tower with Radar,29,57,39,0,125,0,14,58,1,73,29,71,97,1,198,54,0,54,252
05/16/2017,BIL,MT,ANM,WE,Combined TRACON& Tower with Radar,35,55,34,2,126,0,15,36,1,52,35,70,70,3,178,37,0,37,215
05/17/2017,BIL,MT,ANM,WE,Combined TRACON& Tower with Radar,31,76,39,3,149,0,0,1,0,1,31,76,40,3,150,2,0,2,152
05/18/2017,BIL,MT,ANM,WE,Combined TRACON& Tower with Radar,34,84,49,1,168,0,0,34,5,39,34,84,83,6,207,49,0,49,256
05/19/2017,BIL,MT,ANM,WE,Combined TRACON& Tower with Radar,37,54,34,0,125,0,23,69,11,103,37,77,103,11,228,76,0,76,304
05/20/2017,BIL,MT,ANM,WE,Combined TRACON& Tower with Radar,25,32,26,1,84,0,18,42,2,62,25,50,68,3,146,45,0,45,191
05/21/2017,BIL,MT,ANM,WE,Combined TRACON& Tower with Radar,28,26,21,3,78,0,12,28,0,40,28,38,49,3,118,13,0,13,131
05/22/2017,BIL,MT,ANM,WE,Combined TRACON& Tower with Radar,28,51,18,0,97,0,13,38,0,51,28,64,56,0,148,43,0,43,191
05/23/2017,BIL,MT,ANM,WE,Combined TRACON& Tower with Radar,33,66,46,0,145,0,26,87,3,116,33,92,133,3,261,73,0,73,334
05/24/2017,BIL,MT,ANM,WE,Combined TRACON& Tower with Radar,32,58,30,1,121,0,14,26,0,40,32,72,56,1,161,34,0,34,195
05/25/2017,BIL,MT,ANM,WE,Combined TRACON& Tower with Radar,33,75,35,0,143,0,21,12,4,37,33,96,47,4,180,16,0,16,196
05/26/2017,BIL,MT,ANM,WE,Combined TRACON& Tower with Radar,33,57,45,0,135,0,19,93,0,112,33,76,138,0,247,82,0,82,329
05/27/2017,BIL,MT,ANM,WE,Combined TRACON& Tower with Radar,23,42,10,0,75,0,23,43,0,66,23,65,53,0,141,64,0,64,205
05/28/2017,BIL,MT,ANM,WE,Combined TRACON& Tower with Radar,21,19,21,1,62,0,16,22,3,41,21,35,43,4,103,14,0,14,117
05/29/2017,BIL,MT,ANM,WE,Combined TRACON& Tower with Radar,25,22,36,0,83,0,22,65,4,91,25,44,101,4,174,67,0,67,241
05/30/2017,BIL,MT,ANM,WE,Combined TRACON& Tower with Radar,27,35,46,14,122,0,27,68,4,99,27,62,114,18,221,65,0,65,286
05/31/2017,BIL,MT,ANM,WE,Combined TRACON& Tower with Radar,36,47,24,31,138,0,43,75,1,119,36,90,99,32,257,144,34,178,435
06/01/2017,BIL,MT,ANM,WE,Combined TRACON& Tower with Radar,40,39,43,27,149,0,25,64,2,91,40,64,107,29,240,76,40,116,356
06/02/2017,BIL,MT,ANM,WE,Combined TRACON& Tower with Radar,38,58,29,1,126,0,16,65,2,83,38,74,94,3,209,57,0,57,266
06/03/2017,BIL,MT,ANM,WE,Combined TRACON& Tower with Radar,23,28,16,8,75,0,15,83,1,99,23,43,99,9,174,46,2,48,222
06/04/2017,BIL,MT,ANM,WE,Combined TRACON& Tower with Radar,30,19,20,4,73,0,17,38,1,56,30,36,58,5,129,29,0,29,158
06/05/2017,BIL,MT,ANM,WE,Combined TRACON& Tower with Radar,33,52,27,0,112,0,19,38,1,58,33,71,65,1,170,49,0,49,219
06/06/2017,BIL,MT,ANM,WE,Combined TRACON& Tower with Radar,34,54,40,1,129,0,24,61,1,86,34,78,101,2,215,28,0,28,243
06/07/2017,BIL,MT,ANM,WE,Combined TRACON& Tower with Radar,34,55,41,0,130,0,31,79,0,110,34,86,120,0,240,116,0,116,356
06/08/2017,BIL,MT,ANM,WE,Combined TRACON& Tower with Radar,36,47,33,0,116,0,36,68,1,105,36,83,101,1,221,27,0,27,248
06/09/2017,BIL,MT,ANM,WE,Combined TRACON& Tower with Radar,36,40,24,1,101,0,33,51,5,89,36,73,75,6,190,50,1,51,241
06/10/2017,BIL,MT,ANM,WE,Combined TRACON& Tower with Radar,27,36,21,0,84,0,21,51,8,80,27,57,72,8,164,62,9,71,235
06/11/2017,BIL,MT,ANM,WE,Combined TRACON& Tower with Radar,30,17,25,5,77,0,24,39,2,65,30,41,64,7,142,23,0,23,165
06/12/2017,BIL,MT,ANM,WE,Combined TRACON& Tower with Radar,34,52,29,0,115,0,14,19,1,34,34,66,48,1,149,12,5,17,166
06/13/2017,BIL,MT,ANM,WE,Combined TRACON& Tower with Radar,34,61,28,1,124,0,14,58,1,73,34,75,86,2,197,42,0,42,239
06/14/2017,BIL,MT,ANM,WE,Combined TRACON& Tower with Radar,37,73,34,0,144,0,15,26,2,43,37,88,60,2,187,31,0,31,218
06/15/2017,BIL,MT,ANM,WE,Combined TRACON& Tower with Radar,35,67,51,32,185,0,23,96,0,119,35,90,147,32,304,31,17,48,352
06/16/2017,BIL,MT,ANM,WE,Combined TRACON& Tower with Radar,38,66,30,0,134,0,25,49,1,75,38,91,79,1,209,120,10,130,339
06/17/2017,BIL,MT,ANM,WE,Combined TRACON& Tower with Radar,29,45,11,1,86,0,9,22,1,32,29,54,33,2,118,19,0,19,137
06/18/2017,BIL,MT,ANM,WE,Combined TRACON& Tower with Radar,29,27,11,1,68,0,11,28,2,41,29,38,39,3,109,12,0,12,121
06/19/2017,BIL,MT,ANM,WE,Combined TRACON& Tower with Radar,34,57,41,1,133,0,14,70,2,86,34,71,111,3,219,109,0,109,328
06/20/2017,BIL,MT,ANM,WE,Combined TRACON& Tower with Radar,36,62,44,2,144,0,24,73,1,98,36,86,117,3,242,70,0,70,312
06/21/2017,BIL,MT,ANM,WE,Combined TRACON& Tower with Radar,36,52,39,1,128,0,28,77,2,107,36,80,116,3,235,49,0,49,284
06/22/2017,BIL,MT,ANM,WE,Combined TRACON& Tower with Radar,36,52,49,0,137,0,28,65,1,94,36,80,114,1,231,38,0,38,269
06/23/2017,BIL,MT,ANM,WE,Combined TRACON& Tower with Radar,30,53,36,0,119,0,20,82,3,105,30,73,118,3,224,78,2,80,304
06/24/2017,BIL,MT,ANM,WE,Combined TRACON& Tower with Radar,33,39,15,0,87,0,19,73,1,93,33,58,88,1,180,61,0,61,241
06/25/2017,BIL,MT,ANM,WE,Combined TRACON& Tower with Radar,30,32,20,0,82,0,8,50,4,62,30,40,70,4,144,22,0,22,166
06/26/2017,BIL,MT,ANM,WE,Combined TRACON& Tower with Radar,33,47,30,7,117,0,25,60,1,86,33,72,90,8,203,107,0,107,310
06/27/2017,BIL,MT,ANM,WE,Combined TRACON& Tower with Radar,36,65,17,0,118,0,20,41,0,61,36,85,58,0,179,61,0,61,240
06/28/2017,BIL,MT,ANM,WE,Combined TRACON& Tower with Radar,34,77,37,0,148,0,29,54,2,85,34,106,91,2,233,30,15,45,278
06/29/2017,BIL,MT,ANM,WE,Combined TRACON& Tower with Radar,36,65,35,2,138,0,16,34,3,53,36,81,69,5,191,27,0,27,218
06/30/2017,BIL,MT,ANM,WE,Combined TRACON& Tower with Radar,37,75,33,1,146,0,34,106,0,140,37,109,139,1,286,95,0,95,381
07/01/2017,BIL,MT,ANM,WE,Combined TRACON& Tower with Radar,30,41,14,0,85,0,27,54,0,81,30,68,68,0,166,55,0,55,221
07/02/2017,BIL,MT,ANM,WE,Combined TRACON& Tower with Radar,29,27,14,0,70,0,17,48,0,65,29,44,62,0,135,35,0,35,170
07/03/2017,BIL,MT,ANM,WE,Combined TRACON& Tower with Radar,46,38,12,0,96,5,25,64,1,95,51,63,76,1,191,89,0,89,280
07/04/2017,BIL,MT,ANM,WE,Combined TRACON& Tower with Radar,24,17,14,0,55,0,28,66,7,101,24,45,80,7,156,37,0,37,193
07/05/2017,BIL,MT,ANM,WE,Combined TRACON& Tower with Radar,36,48,31,0,115,0,36,73,4,113,36,84,104,4,228,36,0,36,264
07/06/2017,BIL,MT,ANM,WE,Combined TRACON& Tower with Radar,42,56,29,2,129,0,24,86,5,115,42,80,115,7,244,35,0,35,279
07/07/2017,BIL,MT,ANM,WE,Combined TRACON& Tower with Radar,40,59,21,0,120,0,37,83,4,124,40,96,104,4,244,83,0,83,327
07/08/2017,BIL,MT,ANM,WE,Combined TRACON& Tower with Radar,28,28,21,1,78,0,26,72,3,101,28,54,93,4,179,40,2,42,221
07/09/2017,BIL,MT,ANM,WE,Combined TRACON& Tower with Radar,30,29,20,1,80,0,15,71,4,90,30,44,91,5,170,24,0,24,194
07/10/2017,BIL,MT,ANM,WE,Combined TRACON& Tower with Radar,37,40,26,1,104,0,28,70,2,100,37,68,96,3,204,34,0,34,238
07/11/2017,BIL,MT,ANM,WE,Combined TRACON& Tower with Radar,41,66,31,0,138,0,37,122,2,161,41,103,153,2,299,38,0,38,337
07/12/2017,BIL,MT,ANM,WE,Combined TRACON& Tower with Radar,37,72,35,13,157,0,25,73,2,100,37,97,108,15,257,59,11,70,327
07/13/2017,BIL,MT,ANM,WE,Combined TRACON& Tower with Radar,44,63,49,0,156,0,33,85,0,118,44,96,134,0,274,98,0,98,372
07/14/2017,BIL,MT,ANM,WE,Combined TRACON& Tower with Radar,38,63,31,0,132,1,27,100,4,132,39,90,131,4,264,12,0,12,276
07/15/2017,BIL,MT,ANM,WE,Combined TRACON& Tower with Radar,30,40,20,0,90,0,32,64,0,96,30,72,84,0,186,42,0,42,228
07/16/2017,BIL,MT,ANM,WE,Combined TRACON& Tower with Radar,34,21,18,0,73,0,21,56,1,78,34,42,74,1,151,46,0,46,197
07/17/2017,BIL,MT,ANM,WE,Combined TRACON& Tower with Radar,34,46,40,13,133,0,30,83,3,116,34,76,123,16,249,38,0,38,287
07/18/2017,BIL,MT,ANM,WE,Combined TRACON& Tower with Radar,37,53,34,20,144,0,33,67,0,100,37,86,101,20,244,87,18,105,349
07/19/2017,BIL,MT,ANM,WE,Combined TRACON& Tower with Radar,35,49,45,0,129,0,35,105,5,145,35,84,150,5,274,52,1,53,327
07/20/2017,BIL,MT,ANM,WE,Combined TRACON& Tower with Radar,39,51,46,0,136,0,26,148,8,182,39,77,194,8,318,28,0,28,346
07/21/2017,BIL,MT,ANM,WE,Combined TRACON& Tower with Radar,38,66,43,2,149,0,34,158,6,198,38,100,201,8,347,37,0,37,384
07/22/2017,BIL,MT,ANM,WE,Combined TRACON& Tower with Radar,38,55,27,0,120,0,13,82,1,96,38,68,109,1,216,40,0,40,256
07/23/2017,BIL,MT,ANM,WE,Combined TRACON& Tower with Radar,33,36,33,4,106,0,20,102,6,128,33,56,135,10,234,51,6,57,291
07/24/2017,BIL,MT,ANM,WE,Combined TRACON& Tower with Radar,37,36,32,6,111,0,36,111,2,149,37,72,143,8,260,35,20,55,315
07/25/2017,BIL,MT,ANM,WE,Combined TRACON& Tower with Radar,38,68,43,0,149,0,34,82,2,118,38,102,125,2,267,42,0,42,309
07/26/2017,BIL,MT,ANM,WE,Combined TRACON& Tower with Radar,37,64,43,0,144,0,36,74,4,114,37,100,117,4,258,30,0,30,288
07/27/2017,BIL,MT,ANM,WE,Combined TRACON& Tower with Radar,36,64,44,2,146,0,29,95,4,128,36,93,139,6,274,42,0,42,316
07/28/2017,BIL,MT,ANM,WE,Combined TRACON& Tower with Radar,36,56,44,2,138,0,37,132,0,169,36,93,176,2,307,40,0,40,347
07/29/2017,BIL,MT,ANM,WE,Combined TRACON& Tower with Radar,32,59,18,4,113,0,31,91,1,123,32,90,109,5,236,35,0,35,271
07/30/2017,BIL,MT,ANM,WE,Combined TRACON& Tower with Radar,34,29,32,0,95,0,20,99,2,121,34,49,131,2,216,14,0,14,230
07/31/2017,BIL,MT,ANM,WE,Combined TRACON& Tower with Radar,35,47,37,17,136,0,32,68,6,106,35,79,105,23,242,25,0,25,267
08/01/2017,BIL,MT,ANM,WE,Combined TRACON& Tower with Radar,38,60,22,16,136,0,31,46,2,79,38,91,68,18,215,19,16,35,250
08/02/2017,BIL,MT,ANM,WE,Combined TRACON& Tower with Radar,36,79,36,1,152,0,7,39,2,48,36,86,75,3,200,33,0,33,233
08/03/2017,BIL,MT,ANM,WE,Combined TRACON& Tower with Radar,38,60,46,3,147,0,31,79,2,112,38,91,125,5,259,85,0,85,344
08/04/2017,BIL,MT,ANM,WE,Combined TRACON& Tower with Radar,39,54,39,0,132,0,23,74,1,98,39,77,113,1,230,67,0,67,297
08/05/2017,BIL,MT,ANM,WE,Combined TRACON& Tower with Radar,33,46,23,3,105,0,8,32,3,43,33,54,55,6,148,5,0,5,153
08/06/2017,BIL,MT,ANM,WE,Combined TRACON& Tower with Radar,33,51,12,4,100,0,5,36,0,41,33,56,48,4,141,39,0,39,180
08/07/2017,BIL,MT,ANM,WE,Combined TRACON& Tower with Radar,39,43,39,1,122,0,27,61,0,88,39,70,100,1,210,66,0,66,276
08/08/2017,BIL,MT,ANM,WE,Combined TRACON& Tower with Radar,38,54,27,0,119,0,25,37,0,62,38,79,64,0,181,61,0,61,242
08/09/2017,BIL,MT,ANM,WE,Combined TRACON& Tower with Radar,38,61,22,2,123,0,13,43,0,56,38,74,65,2,179,72,0,72,251
08/10/2017,BIL,MT,ANM,WE,Combined TRACON& Tower with Radar,40,59,56,8,163,0,28,65,5,98,40,87,121,13,261,58,20,78,339
08/11/2017,BIL,MT,ANM,WE,Combined TRACON& Tower with Radar,39,60,36,1,136,0,18,76,6,100,39,78,112,7,236,65,2,67,303
08/12/2017,BIL,MT,ANM,WE,Combined TRACON& Tower with Radar,32,41,9,0,82,0,13,59,1,73,32,54,68,1,155,30,0,30,185
08/13/2017,BIL,MT,ANM,WE,Combined TRACON& Tower with Radar,29,39,21,3,92,0,10,37,6,53,29,49,58,9,145,0,0,0,145
08/14/2017,BIL,MT,ANM,WE,Combined TRACON& Tower with Radar,37,64,34,1,136,0,11,44,9,64,37,75,78,10,200,19,4,23,223
08/15/2017,BIL,MT,ANM,WE,Combined TRACON& Tower with Radar,38,62,27,0,127,0,23,67,2,92,38,85,94,2,219,50,0,50,269
08/16/2017,BIL,MT,ANM,WE,Combined TRACON& Tower with Radar,36,51,41,11,139,0,35,70,0,105,36,86,111,11,244,73,8,81,325
08/17/2017,BIL,MT,ANM,WE,Combined TRACON& Tower with Radar,37,60,40,7,144,0,22,48,0,70,37,82,88,7,214,40,0,40,254
08/18/2017,BIL,MT,ANM,WE,Combined TRACON& Tower with Radar,35,78,40,3,156,0,47,39,0,86,35,125,79,3,242,34,0,34,276
08/19/2017,BIL,MT,ANM,WE,Combined TRACON& Tower with Radar,27,55,29,1,112,0,4,62,4,70,27,59,91,5,182,39,0,39,221
08/20/2017,BIL,MT,ANM,WE,Combined TRACON& Tower with Radar,32,29,27,0,88,0,27,50,0,77,32,56,77,0,165,25,0,25,190
08/21/2017,BIL,MT,ANM,WE,Combined TRACON& Tower with Radar,33,51,39,0,123,0,37,56,2,95,33,88,95,2,218,50,0,50,268
08/22/2017,BIL,MT,ANM,WE,Combined TRACON& Tower with Radar,36,65,44,0,145,0,34,55,0,89,36,99,99,0,234,69,0,69,303
08/23/2017,BIL,MT,ANM,WE,Combined TRACON& Tower with Radar,33,52,43,0,128,0,22,60,0,82,33,74,103,0,210,72,0,72,282
08/24/2017,BIL,MT,ANM,WE,Combined TRACON& Tower with Radar,39,65,52,0,156,0,28,45,1,74,39,93,97,1,230,60,0,60,290
08/25/2017,BIL,MT,ANM,WE,Combined TRACON& Tower with Radar,34,60,30,0,124,0,22,95,1,118,34,82,125,1,242,100,0,100,342
08/26/2017,BIL,MT,ANM,WE,Combined TRACON& Tower with Radar,26,46,27,1,100,0,23,135,2,160,26,69,162,3,260,82,0,82,342
08/27/2017,BIL,MT,ANM,WE,Combined TRACON& Tower with Radar,27,31,20,1,79,0,17,71,2,90,27,48,91,3,169,26,0,26,195
08/28/2017,BIL,MT,ANM,WE,Combined TRACON& Tower with Radar,27,71,49,0,147,0,14,93,7,114,27,85,142,7,261,112,0,112,373
08/29/2017,BIL,MT,ANM,WE,Combined TRACON& Tower with Radar,30,67,40,0,137,0,17,67,1,85,30,84,107,1,222,79,0,79,301
08/30/2017,BIL,MT,ANM,WE,Combined TRACON& Tower with Radar,40,60,25,5,130,8,23,129,0,160,48,83,154,5,290,109,0,109,399
08/31/2017,BIL,MT,ANM,WE,Combined TRACON& Tower with Radar,32,71,33,2,138,0,28,169,2,199,32,99,202,4,337,43,0,43,380
09/01/2017,BIL,MT,ANM,WE,Combined TRACON& Tower with Radar,28,67,44,2,141,0,19,119,3,141,28,86,163,5,282,40,0,40,322
09/02/2017,BIL,MT,ANM,WE,Combined TRACON& Tower with Radar,21,61,24,0,106,0,4,51,3,58,21,65,75,3,164,14,0,14,178
09/03/2017,BIL,MT,ANM,WE,Combined TRACON& Tower with Radar,22,42,15,0,79,0,1,26,4,31,22,43,41,4,110,0,0,0,110
09/04/2017,BIL,MT,ANM,WE,Combined TRACON& Tower with Radar,24,39,32,0,95,0,20,60,2,82,24,59,92,2,177,96,0,96,273
09/05/2017,BIL,MT,ANM,WE,Combined TRACON& Tower with Radar,23,45,42,14,124,0,32,65,2,99,23,77,107,16,223,78,0,78,301
09/06/2017,BIL,MT,ANM,WE,Combined TRACON& Tower with Radar,34,50,39,0,123,0,31,70,0,101,34,81,109,0,224,78,0,78,302
09/07/2017,BIL,MT,ANM,WE,Combined TRACON& Tower with Radar,30,69,49,0,148,0,34,69,0,103,30,103,118,0,251,83,0,83,334
09/08/2017,BIL,MT,ANM,WE,Combined TRACON& Tower with Radar,34,63,36,19,152,0,28,115,4,147,34,91,151,23,299,50,4,54,353
09/09/2017,BIL,MT,ANM,WE,Combined TRACON& Tower with Radar,25,46,17,0,88,0,10,44,1,55,25,56,61,1,143,56,0,56,199
09/10/2017,BIL,MT,ANM,WE,Combined TRACON& Tower with Radar,26,33,13,1,73,0,8,47,0,55,26,41,60,1,128,24,0,24,152
09/11/2017,BIL,MT,ANM,WE,Combined TRACON& Tower with Radar,27,65,28,11,131,0,17,61,1,79,27,82,89,12,210,64,0,64,274
09/12/2017,BIL,MT,ANM,WE,Combined TRACON& Tower with Radar,30,73,35,0,138,0,20,83,3,106,30,93,118,3,244,68,0,68,312
09/13/2017,BIL,MT,ANM,WE,Combined TRACON& Tower with Radar,30,90,57,1,178,0,10,42,2,54,30,100,99,3,232,13,0,13,245
09/14/2017,BIL,MT,ANM,WE,Combined TRACON& Tower with Radar,34,83,50,29,196,0,1,23,4,28,34,84,73,33,224,15,8,23,247
09/15/2017,BIL,MT,ANM,WE,Combined TRACON& Tower with Radar,26,77,34,1,138,0,0,1,0,1,26,77,35,1,139,0,0,0,139
09/16/2017,BIL,MT,ANM,WE,Combined TRACON& Tower with Radar,23,51,32,1,107,0,0,13,0,13,23,51,45,1,120,3,0,3,123
09/17/2017,BIL,MT,ANM,WE,Combined TRACON& Tower with Radar,22,42,34,0,98,0,12,60,0,72,22,54,94,0,170,40,0,40,210
09/18/2017,BIL,MT,ANM,WE,Combined TRACON& Tower with Radar,27,53,47,12,139,0,27,86,5,118,27,80,133,17,257,87,6,93,350
09/19/2017,BIL,MT,ANM,WE,Combined TRACON& Tower with Radar,30,73,56,0,159,0,12,43,0,55,30,85,99,0,214,54,0,54,268
09/20/2017,BIL,MT,ANM,WE,Combined TRACON& Tower with Radar,35,57,26,22,140,0,33,29,0,62,35,90,55,22,202,33,18,51,253
09/21/2017,BIL,MT,ANM,WE,Combined TRACON& Tower with Radar,32,79,36,2,149,0,8,26,0,34,32,87,62,2,183,29,0,29,212
09/22/2017,BIL,MT,ANM,WE,Combined TRACON& Tower with Radar,28,93,34,0,155,0,0,1,0,1,28,93,35,0,156,3,0,3,159
09/23/2017,BIL,MT,ANM,WE,Combined TRACON& Tower with Radar,23,53,14,0,90,0,1,1,1,3,23,54,15,1,93,0,0,0,93
09/24/2017,BIL,MT,ANM,WE,Combined TRACON& Tower with Radar,27,47,9,1,84,0,2,30,1,33,27,49,39,2,117,20,0,20,137
09/25/2017,BIL,MT,ANM,WE,Combined TRACON& Tower with Radar,27,60,30,2,119,0,19,77,2,98,27,79,107,4,217,61,0,61,278
09/26/2017,BIL,MT,ANM,WE,Combined TRACON& Tower with Radar,30,75,29,2,136,0,25,76,0,101,30,100,105,2,237,69,0,69,306
09/27/2017,BIL,MT,ANM,WE,Combined TRACON& Tower with Radar,25,58,40,0,123,0,31,87,0,118,25,89,127,0,241,119,0,119,360
09/28/2017,BIL,MT,ANM,WE,Combined TRACON& Tower with Radar,33,73,36,1,143,0,40,79,0,119,33,113,115,1,262,84,0,84,346
09/29/2017,BIL,MT,ANM,WE,Combined TRACON& Tower with Radar,30,63,37,23,153,0,25,74,2,101,30,88,111,25,254,141,32,173,427
09/30/2017,BIL,MT,ANM,WE,Combined TRACON& Tower with Radar,23,36,19,0,78,0,23,57,0,80,23,59,76,0,158,51,0,51,209
10/01/2017,BIL,MT,ANM,WE,Combined TRACON& Tower with Radar,27,38,12,0,77,0,9,13,0,22,27,47,25,0,99,108,0,108,207
10/02/2017,BIL,MT,ANM,WE,Combined TRACON& Tower with Radar,27,71,26,6,130,0,22,52,0,74,27,93,78,6,204,46,8,54,258
10/03/2017,BIL,MT,ANM,WE,Combined TRACON& Tower with Radar,30,75,27,0,132,0,10,29,4,43,30,85,56,4,175,32,0,32,207
10/04/2017,BIL,MT,ANM,WE,Combined TRACON& Tower with Radar,26,51,41,4,122,0,36,73,3,112,26,87,114,7,234,56,8,64,298
10/05/2017,BIL,MT,ANM,WE,Combined TRACON& Tower with Radar,30,62,40,0,132,0,37,65,1,103,30,99,105,1,235,90,0,90,325
10/06/2017,BIL,MT,ANM,WE,Combined TRACON& Tower with Radar,26,59,30,1,116,0,38,49,4,91,26,97,79,5,207,33,0,33,240
10/07/2017,BIL,MT,ANM,WE,Combined TRACON& Tower with Radar,21,43,17,0,81,0,12,20,0,32,21,55,37,0,113,19,0,19,132
10/08/2017,BIL,MT,ANM,WE,Combined TRACON& Tower with Radar,23,32,11,3,69,0,10,19,0,29,23,42,30,3,98,3,0,3,101
10/09/2017,BIL,MT,ANM,WE,Combined TRACON& Tower with Radar,28,42,42,0,112,0,18,70,0,88,28,60,112,0,200,19,0,19,219
10/10/2017,BIL,MT,ANM,WE,Combined TRACON& Tower with Radar,31,57,21,0,109,0,26,80,0,106,31,83,101,0,215,90,0,90,305
10/11/2017,BIL,MT,ANM,WE,Combined TRACON& Tower with Radar,31,53,32,0,116,0,31,66,0,97,31,84,98,0,213,98,0,98,311
10/12/2017,BIL,MT,ANM,WE,Combined TRACON& Tower with Radar,32,68,41,0,141,0,25,47,0,72,32,93,88,0,213,59,0,59,272
10/13/2017,BIL,MT,ANM,WE,Combined TRACON& Tower with Radar,28,66,40,17,151,0,23,58,0,81,28,89,98,17,232,68,26,94,326
10/14/2017,BIL,MT,ANM,WE,Combined TRACON& Tower with Radar,21,49,17,2,89,0,8,43,2,53,21,57,60,4,142,46,2,48,190
10/15/2017,BIL,MT,ANM,WE,Combined TRACON& Tower with Radar,24,22,20,14,80,0,16,48,1,65,24,38,68,15,145,23,14,37,182
10/16/2017,BIL,MT,ANM,WE,Combined TRACON& Tower with Radar,25,55,35,4,119,0,33,52,6,91,25,88,87,10,210,10,10,20,230
10/17/2017,BIL,MT,ANM,WE,Combined TRACON& Tower with Radar,30,57,25,7,119,0,20,42,0,62,30,77,67,7,181,20,6,26,207
10/18/2017,BIL,MT,ANM,WE,Combined TRACON& Tower with Radar,30,62,40,0,132,0,29,65,1,95,30,91,105,1,227,99,0,99,326
10/19/2017,BIL,MT,ANM,WE,Combined TRACON& Tower with Radar,30,46,52,0,128,0,22,58,0,80,30,68,110,0,208,85,0,85,293
10/20/2017,BIL,MT,ANM,WE,Combined TRACON& Tower with Radar,28,62,32,0,122,0,20,52,0,72,28,82,84,0,194,41,0,41,235
10/21/2017,BIL,MT,ANM,WE,Combined TRACON& Tower with Radar,21,45,5,0,71,0,7,24,1,32,21,52,29,1,103,8,0,8,111
10/22/2017,BIL,MT,ANM,WE,Combined TRACON& Tower with Radar,26,31,12,0,69,0,5,9,0,14,26,36,21,0,83,4,0,4,87
10/23/2017,BIL,MT,ANM,WE,Combined TRACON& Tower with Radar,27,36,25,0,88,0,30,31,0,61,27,66,56,0,149,16,0,16,165
10/24/2017,BIL,MT,ANM,WE,Combined TRACON& Tower with Radar,30,54,40,0,124,0,23,73,1,97,30,77,113,1,221,101,0,101,322
10/25/2017,BIL,MT,ANM,WE,Combined TRACON& Tower with Radar,30,62,37,2,131,0,21,47,0,68,30,83,84,2,199,25,0,25,224
10/26/2017,BIL,MT,ANM,WE,Combined TRACON& Tower with Radar,32,76,50,0,158,0,4,42,0,46,32,80,92,0,204,51,0,51,255
10/27/2017,BIL,MT,ANM,WE,Combined TRACON& Tower with Radar,28,45,49,0,122,0,25,82,0,107,28,70,131,0,229,122,0,122,351
10/28/2017,BIL,MT,ANM,WE,Combined TRACON& Tower with Radar,21,35,26,1,83,0,21,59,3,83,21,56,85,4,166,50,0,50,216
10/29/2017,BIL,MT,ANM,WE,Combined TRACON& Tower with Radar,26,43,11,0,80,0,0,3,0,3,26,43,14,0,83,10,0,10,93
10/30/2017,BIL,MT,ANM,WE,Combined TRACON& Tower with Radar,25,63,39,5,132,0,13,44,0,57,25,76,83,5,189,36,10,46,235
10/31/2017,BIL,MT,ANM,WE,Combined TRACON& Tower with Radar,30,67,26,4,127,0,18,23,2,43,30,85,49,6,170,11,0,11,181
11/01/2017,BIL,MT,ANM,WE,Combined TRACON& Tower with Radar,30,81,35,1,147,0,0,1,0,1,30,81,36,1,148,15,0,15,163
11/02/2017,BIL,MT,ANM,WE,Combined TRACON& Tower with Radar,30,101,39,1,171,0,0,2,0,2,30,101,41,1,173,0,0,0,173
11/03/2017,BIL,MT,ANM,WE,Combined TRACON& Tower with Radar,25,74,22,0,121,0,0,0,0,0,25,74,22,0,121,2,0,2,123
11/04/2017,BIL,MT,ANM,WE,Combined TRACON& Tower with Radar,19,53,7,2,81,0,0,0,0,0,19,53,7,2,81,0,0,0,81
11/05/2017,BIL,MT,ANM,WE,Combined TRACON& Tower with Radar,29,40,14,0,83,0,0,0,0,0,29,40,14,0,83,0,0,0,83
11/06/2017,BIL,MT,ANM,WE,Combined TRACON& Tower with Radar,25,70,12,0,107,0,2,0,0,2,25,72,12,0,109,0,0,0,109
11/07/2017,BIL,MT,ANM,WE,Combined TRACON& Tower with Radar,28,78,34,1,141,0,24,67,1,92,28,102,101,2,233,45,0,45,278
11/08/2017,BIL,MT,ANM,WE,Combined TRACON& Tower with Radar,28,100,48,0,176,0,13,75,0,88,28,113,123,0,264,112,0,112,376
11/09/2017,BIL,MT,ANM,WE,Combined TRACON& Tower with Radar,34,78,24,0,136,0,0,9,0,9,34,78,33,0,145,0,0,0,145
11/10/2017,BIL,MT,ANM,WE,Combined TRACON& Tower with Radar,26,75,30,0,131,0,35,81,0,116,26,110,111,0,247,99,0,99,346
11/11/2017,BIL,MT,ANM,WE,Combined TRACON& Tower with Radar,20,51,9,0,80,0,9,43,0,52,20,60,52,0,132,0,0,0,132
11/12/2017,BIL,MT,ANM,WE,Combined TRACON& Tower with Radar,25,32,24,0,81,0,3,46,0,49,25,35,70,0,130,79,0,79,209
11/13/2017,BIL,MT,ANM,WE,Combined TRACON& Tower with Radar,30,54,64,0,148,5,19,85,0,109,35,73,149,0,257,82,0,82,339
11/14/2017,BIL,MT,ANM,WE,Combined TRACON& Tower with Radar,28,80,48,0,156,0,14,49,0,63,28,94,97,0,219,94,0,94,313
11/15/2017,BIL,MT,ANM,WE,Combined TRACON& Tower with Radar,33,76,45,0,154,34,24,93,0,151,67,100,138,0,305,176,0,176,481
11/16/2017,BIL,MT,ANM,WE,Combined TRACON& Tower with Radar,30,72,46,3,151,0,18,64,1,83,30,90,110,4,234,56,1,57,291
11/17/2017,BIL,MT,ANM,WE,Combined TRACON& Tower with Radar,28,71,39,0,138,0,14,45,0,59,28,85,84,0,197,69,0,69,266
11/18/2017,BIL,MT,ANM,WE,Combined TRACON& Tower with Radar,22,45,17,0,84,0,16,23,1,40,22,61,40,1,124,32,0,32,156
11/19/2017,BIL,MT,ANM,WE,Combined TRACON& Tower with Radar,23,34,8,3,68,0,11,12,2,25,23,45,20,5,93,0,0,0,93
11/20/2017,BIL,MT,ANM,WE,Combined TRACON& Tower with Radar,23,69,19,0,111,0,15,27,0,42,23,84,46,0,153,40,0,40,193
11/21/2017,BIL,MT,ANM,WE,Combined TRACON& Tower with Radar,33,72,46,0,151,3,11,53,0,67,36,83,99,0,218,54,1,55,273
11/22/2017,BIL,MT,ANM,WE,Combined TRACON& Tower with Radar,28,76,20,0,124,0,18,19,1,38,28,94,39,1,162,32,0,32,194
11/23/2017,BIL,MT,ANM,WE,Combined TRACON& Tower with Radar,15,20,7,0,42,0,17,14,0,31,15,37,21,0,73,24,0,24,97
11/24/2017,BIL,MT,ANM,WE,Combined TRACON& Tower with Radar,22,54,14,0,90,0,21,20,0,41,22,75,34,0,131,4,0,4,135
11/25/2017,BIL,MT,ANM,WE,Combined TRACON& Tower with Radar,22,32,8,0,62,0,26,54,1,81,22,58,62,1,143,65,0,65,208
11/26/2017,BIL,MT,ANM,WE,Combined TRACON& Tower with Radar,23,28,15,0,66,0,21,14,0,35,23,49,29,0,101,20,0,20,121
11/27/2017,BIL,MT,ANM,WE,Combined TRACON& Tower with Radar,30,63,20,1,114,0,17,16,2,35,30,80,36,3,149,26,0,26,175
11/28/2017,BIL,MT,ANM,WE,Combined TRACON& Tower with Radar,30,67,52,0,149,0,30,73,0,103,30,97,125,0,252,60,0,60,312
11/29/2017,BIL,MT,ANM,WE,Combined TRACON& Tower with Radar,30,73,20,3,126,0,26,17,0,43,30,99,37,3,169,22,4,26,195
11/30/2017,BIL,MT,ANM,WE,Combined TRACON& Tower with Radar,32,65,43,0,140,0,27,98,1,126,32,92,141,1,266,123,0,123,389
12/01/2017,BIL,MT,ANM,WE,Combined TRACON& Tower with Radar,28,62,38,0,128,0,24,82,1,107,28,86,120,1,235,66,0,66,301
12/02/2017,BIL,MT,ANM,WE,Combined TRACON& Tower with Radar,20,44,28,1,93,0,26,59,3,88,20,70,87,4,181,89,0,89,270
12/03/2017,BIL,MT,ANM,WE,Combined TRACON& Tower with Radar,27,42,8,0,77,0,7,10,0,17,27,49,18,0,94,8,0,8,102
12/04/2017,BIL,MT,ANM,WE,Combined TRACON& Tower with Radar,27,76,18,0,121,0,5,8,0,13,27,81,26,0,134,1,0,1,135
12/05/2017,BIL,MT,ANM,WE,Combined TRACON& Tower with Radar,32,75,31,0,138,0,10,18,0,28,32,85,49,0,166,26,0,26,192
12/06/2017,BIL,MT,ANM,WE,Combined TRACON& Tower with Radar,36,75,33,0,144,16,6,28,0,50,52,81,61,0,194,33,0,33,227
12/07/2017,BIL,MT,ANM,WE,Combined TRACON& Tower with Radar,34,60,29,0,123,0,19,56,0,75,34,79,85,0,198,30,0,30,228
12/08/2017,BIL,MT,ANM,WE,Combined TRACON& Tower with Radar,29,64,29,6,128,0,22,57,0,79,29,86,86,6,207,44,0,44,251
12/09/2017,BIL,MT,ANM,WE,Combined TRACON& Tower with Radar,17,31,15,3,66,0,21,21,2,44,17,52,36,5,110,62,0,62,172
12/10/2017,BIL,MT,ANM,WE,Combined TRACON& Tower with Radar,25,19,15,2,61,0,17,27,0,44,25,36,42,2,105,21,0,21,126
12/11/2017,BIL,MT,ANM,WE,Combined TRACON& Tower with Radar,26,53,39,2,120,0,19,88,0,107,26,72,127,2,227,44,0,44,271
12/12/2017,BIL,MT,ANM,WE,Combined TRACON& Tower with Radar,35,55,26,0,116,0,33,27,0,60,35,88,53,0,176,22,0,22,198
12/13/2017,BIL,MT,ANM,WE,Combined TRACON& Tower with Radar,34,70,34,0,138,0,20,65,2,87,34,90,99,2,225,64,0,64,289
12/14/2017,BIL,MT,ANM,WE,Combined TRACON& Tower with Radar,43,70,45,7,165,0,25,60,0,85,43,95,105,7,250,56,0,56,306
12/15/2017,BIL,MT,ANM,WE,Combined TRACON& Tower with Radar,31,62,18,0,111,0,35,15,0,50,31,97,33,0,161,5,0,5,166
12/16/2017,BIL,MT,ANM,WE,Combined TRACON& Tower with Radar,22,54,11,0,87,0,0,0,0,0,22,54,11,0,87,1,0,1,88
12/17/2017,BIL,MT,ANM,WE,Combined TRACON& Tower with Radar,26,30,16,0,72,0,17,10,0,27,26,47,26,0,99,8,0,8,107
12/18/2017,BIL,MT,ANM,WE,Combined TRACON& Tower with Radar,27,60,31,3,121,0,3,3,0,6,27,63,34,3,127,0,0,0,127
12/19/2017,BIL,MT,ANM,WE,Combined TRACON& Tower with Radar,33,97,16,0,146,0,0,13,0,13,33,97,29,0,159,13,0,13,172
12/20/2017,BIL,MT,ANM,WE,Combined TRACON& Tower with Radar,38,91,16,2,147,0,0,2,0,2,38,91,18,2,149,1,0,1,150
12/21/2017,BIL,MT,ANM,WE,Combined TRACON& Tower with Radar,37,99,49,0,185,0,18,42,0,60,37,117,91,0,245,66,0,66,311
12/22/2017,BIL,MT,ANM,WE,Combined TRACON& Tower with Radar,34,108,19,0,161,0,0,0,0,0,34,108,19,0,161,6,0,6,167
12/23/2017,BIL,MT,ANM,WE,Combined TRACON& Tower with Radar,33,88,14,0,135,0,1,12,0,13,33,89,26,0,148,0,0,0,148
12/24/2017,BIL,MT,ANM,WE,Combined TRACON& Tower with Radar,22,37,4,0,63,0,5,8,3,16,22,42,12,3,79,0,0,0,79
12/25/2017,BIL,MT,ANM,WE,Combined TRACON& Tower with Radar,16,35,3,0,54,0,0,0,0,0,16,35,3,0,54,0,0,0,54
12/26/2017,BIL,MT,ANM,WE,Combined TRACON& Tower with Radar,23,78,11,0,112,0,22,8,0,30,23,100,19,0,142,4,0,4,146
12/27/2017,BIL,MT,ANM,WE,Combined TRACON& Tower with Radar,29,88,27,0,144,0,4,18,0,22,29,92,45,0,166,6,0,6,172
12/28/2017,BIL,MT,ANM,WE,Combined TRACON& Tower with Radar,31,90,12,0,133,0,3,1,0,4,31,93,13,0,137,0,0,0,137
12/29/2017,BIL,MT,ANM,WE,Combined TRACON& Tower with Radar,22,87,9,0,118,0,0,0,0,0,22,87,9,0,118,0,0,0,118
12/30/2017,BIL,MT,ANM,WE,Combined TRACON& Tower with Radar,23,33,8,0,64,0,0,1,0,1,23,33,9,0,65,0,0,0,65
12/31/2017,BIL,MT,ANM,WE,Combined TRACON& Tower with Radar,21,18,5,0,44,0,1,2,0,3,21,19,7,0,47,0,0,0,47
01/01/2018,BIL,MT,ANM,WE,Combined TRACON& Tower with Radar,15,18,7,0,40,0,1,6,0,7,15,19,13,0,47,2,0,2,49
01/02/2018,BIL,MT,ANM,WE,Combined TRACON& Tower with Radar,29,65,7,0,101,0,20,2,0,22,29,85,9,0,123,0,0,0,123
01/03/2018,BIL,MT,ANM,WE,Combined TRACON& Tower with Radar,35,76,34,0,145,0,27,25,0,52,35,103,59,0,197,19,0,19,216
01/04/2018,BIL,MT,ANM,WE,Combined TRACON& Tower with Radar,32,60,30,1,123,0,22,68,1,91,32,82,98,2,214,21,0,21,235
01/05/2018,BIL,MT,ANM,WE,Combined TRACON& Tower with Radar,30,76,14,0,120,0,6,33,0,39,30,82,47,0,159,29,0,29,188
01/06/2018,BIL,MT,ANM,WE,Combined TRACON& Tower with Radar,25,41,13,0,79,0,12,14,0,26,25,53,27,0,105,0,0,0,105
01/07/2018,BIL,MT,ANM,WE,Combined TRACON& Tower with Radar,25,29,15,0,69,0,14,25,0,39,25,43,40,0,108,17,0,17,125
01/08/2018,BIL,MT,ANM,WE,Combined TRACON& Tower with Radar,26,52,35,2,115,0,18,39,0,57,26,70,74,2,172,42,0,42,214
01/09/2018,BIL,MT,ANM,WE,Combined TRACON& Tower with Radar,29,80,28,0,137,0,20,36,0,56,29,100,64,0,193,30,0,30,223
01/10/2018,BIL,MT,ANM,WE,Combined TRACON& Tower with Radar,28,76,23,0,127,0,0,0,0,0,28,76,23,0,127,1,0,1,128
01/11/2018,BIL,MT,ANM,WE,Combined TRACON& Tower with Radar,28,92,23,0,143,0,2,3,0,5,28,94,26,0,148,0,0,0,148
01/12/2018,BIL,MT,ANM,WE,Combined TRACON& Tower with Radar,20,79,11,0,110,0,2,8,0,10,20,81,19,0,120,5,0,5,125
01/13/2018,BIL,MT,ANM,WE,Combined TRACON& Tower with Radar,18,65,20,0,103,0,4,29,1,34,18,69,49,1,137,61,0,61,198
01/14/2018,BIL,MT,ANM,WE,Combined TRACON& Tower with Radar,29,33,15,0,77,0,1,16,1,18,29,34,31,1,95,14,0,14,109
01/15/2018,BIL,MT,ANM,WE,Combined TRACON& Tower with Radar,25,41,40,0,106,0,17,32,0,49,25,58,72,0,155,40,0,40,195
01/16/2018,BIL,MT,ANM,WE,Combined TRACON& Tower with Radar,28,63,28,18,137,0,38,47,2,87,28,101,75,20,224,45,24,69,293
01/17/2018,BIL,MT,ANM,WE,Combined TRACON& Tower with Radar,28,65,43,0,136,0,32,68,0,100,28,97,111,0,236,47,0,47,283
01/18/2018,BIL,MT,ANM,WE,Combined TRACON& Tower with Radar,30,76,49,0,155,0,40,43,0,83,30,116,92,0,238,75,0,75,313
01/19/2018,BIL,MT,ANM,WE,Combined TRACON& Tower with Radar,26,89,21,1,137,0,10,8,0,18,26,99,29,1,155,16,0,16,171
01/20/2018,BIL,MT,ANM,WE,Combined TRACON& Tower with Radar,22,37,26,0,85,0,33,78,1,112,22,70,104,1,197,100,0,100,297
01/21/2018,BIL,MT,ANM,WE,Combined TRACON& Tower with Radar,25,18,12,0,55,0,19,25,2,46,25,37,37,2,101,29,0,29,130
01/22/2018,BIL,MT,ANM,WE,Combined TRACON& Tower with Radar,20,58,37,14,129,0,22,65,0,87,20,80,102,14,216,92,0,92,308
01/23/2018,BIL,MT,ANM,WE,Combined TRACON& Tower with Radar,25,60,29,4,118,0,31,75,0,106,25,91,104,4,224,69,0,69,293
01/24/2018,BIL,MT,ANM,WE,Combined TRACON& Tower with Radar,28,78,40,12,158,0,29,52,0,81,28,107,92,12,239,62,0,62,301
01/25/2018,BIL,MT,ANM,WE,Combined TRACON& Tower with Radar,28,65,40,21,154,0,21,58,0,79,28,86,98,21,233,81,14,95,328
01/26/2018,BIL,MT,ANM,WE,Combined TRACON& Tower with Radar,26,59,34,4,123,0,22,26,0,48,26,81,60,4,171,40,0,40,211
01/27/2018,BIL,MT,ANM,WE,Combined TRACON& Tower with Radar,19,52,28,0,99,0,9,56,0,65,19,61,84,0,164,84,0,84,248
01/28/2018,BIL,MT,ANM,WE,Combined TRACON& Tower with Radar,24,40,10,0,74,0,3,11,0,14,24,43,21,0,88,36,0,36,124
01/29/2018,BIL,MT,ANM,WE,Combined TRACON& Tower with Radar,25,52,25,0,102,0,24,34,0,58,25,76,59,0,160,68,0,68,228
01/30/2018,BIL,MT,ANM,WE,Combined TRACON& Tower with Radar,34,70,13,0,117,0,16,7,0,23,34,86,20,0,140,31,0,31,171
01/31/2018,BIL,MT,ANM,WE,Combined TRACON& Tower with Radar,30,83,31,0,144,0,3,24,0,27,30,86,55,0,171,13,0,13,184
02/01/2018,BIL,MT,ANM,WE,Combined TRACON& Tower with Radar,34,76,31,0,141,0,14,55,0,69,34,90,86,0,210,71,0,71,281
02/02/2018,BIL,MT,ANM,WE,Combined TRACON& Tower with Radar,28,82,38,0,148,0,0,45,0,45,28,82,83,0,193,44,0,44,237
02/03/2018,BIL,MT,ANM,WE,Combined TRACON& Tower with Radar,19,51,10,0,80,0,2,4,0,6,19,53,14,0,86,0,0,0,86
02/04/2018,BIL,MT,ANM,WE,Combined TRACON& Tower with Radar,23,55,14,0,92,0,0,1,0,1,23,55,15,0,93,6,0,6,99
02/05/2018,BIL,MT,ANM,WE,Combined TRACON& Tower with Radar,23,58,19,0,100,0,0,0,0,0,23,58,19,0,100,0,0,0,100
02/06/2018,BIL,MT,ANM,WE,Combined TRACON& Tower with Radar,32,81,15,0,128,0,1,2,0,3,32,82,17,0,131,0,0,0,131
02/07/2018,BIL,MT,ANM,WE,Combined TRACON& Tower with Radar,30,81,41,0,152,0,2,28,1,31,30,83,69,1,183,26,0,26,209
02/08/2018,BIL,MT,ANM,WE,Combined TRACON& Tower with Radar,32,43,17,0,92,0,0,0,0,0,32,43,17,0,92,0,0,0,92
02/09/2018,BIL,MT,ANM,WE,Combined TRACON& Tower with Radar,28,89,33,8,158,0,5,32,0,37,28,94,65,8,195,86,8,94,289
02/10/2018,BIL,MT,ANM,WE,Combined TRACON& Tower with Radar,21,38,15,0,74,0,18,41,0,59,21,56,56,0,133,48,0,48,181
02/11/2018,BIL,MT,ANM,WE,Combined TRACON& Tower with Radar,24,39,14,2,79,0,0,17,0,17,24,39,31,2,96,22,0,22,118
02/12/2018,BIL,MT,ANM,WE,Combined TRACON& Tower with Radar,27,53,33,5,118,0,17,42,0,59,27,70,75,5,177,36,0,36,213
02/13/2018,BIL,MT,ANM,WE,Combined TRACON& Tower with Radar,32,68,27,0,127,0,27,41,1,69,32,95,68,1,196,30,0,30,226
02/14/2018,BIL,MT,ANM,WE,Combined TRACON& Tower with Radar,31,68,58,0,157,0,20,56,0,76,31,88,114,0,233,68,0,68,301
02/15/2018,BIL,MT,ANM,WE,Combined TRACON& Tower with Radar,33,69,33,0,135,0,15,24,0,39,33,84,57,0,174,49,0,49,223
02/16/2018,BIL,MT,ANM,WE,Combined TRACON& Tower with Radar,30,67,30,1,128,0,12,34,0,46,30,79,64,1,174,35,0,35,209
02/17/2018,BIL,MT,ANM,WE,Combined TRACON& Tower with Radar,19,60,14,0,93,0,5,23,0,28,19,65,37,0,121,28,0,28,149
02/18/2018,BIL,MT,ANM,WE,Combined TRACON& Tower with Radar,24,45,11,0,80,0,0,0,0,0,24,45,11,0,80,0,0,0,80
02/19/2018,BIL,MT,ANM,WE,Combined TRACON& Tower with Radar,23,64,29,0,116,0,1,9,0,10,23,65,38,0,126,4,0,4,130
02/20/2018,BIL,MT,ANM,WE,Combined TRACON& Tower with Radar,34,65,34,0,133,0,18,45,0,63,34,83,79,0,196,47,0,47,243
02/21/2018,BIL,MT,ANM,WE,Combined TRACON& Tower with Radar,30,56,33,0,119,0,21,61,0,82,30,77,94,0,201,62,0,62,263
02/22/2018,BIL,MT,ANM,WE,Combined TRACON& Tower with Radar,31,57,44,0,132,0,18,58,0,76,31,75,102,0,208,88,0,88,296
02/23/2018,BIL,MT,ANM,WE,Combined TRACON& Tower with Radar,31,74,32,1,138,0,27,56,0,83,31,101,88,1,221,37,0,37,258
02/24/2018,BIL,MT,ANM,WE,Combined TRACON& Tower with Radar,20,41,13,1,75,0,15,39,1,55,20,56,52,2,130,39,0,39,169
02/25/2018,BIL,MT,ANM,WE,Combined TRACON& Tower with Radar,25,30,8,5,68,0,19,11,0,30,25,49,19,5,98,0,0,0,98
02/26/2018,BIL,MT,ANM,WE,Combined TRACON& Tower with Radar,27,64,32,3,126,0,9,30,0,39,27,73,62,3,165,33,0,33,198
02/27/2018,BIL,MT,ANM,WE,Combined TRACON& Tower with Radar,34,67,33,0,134,0,19,62,0,81,34,86,95,0,215,84,0,84,299
02/28/2018,BIL,MT,ANM,WE,Combined TRACON& Tower with Radar,30,61,39,3,133,0,32,46,0,78,30,93,85,3,211,73,0,73,284
03/01/2018,BIL,MT,ANM,WE,Combined TRACON& Tower with Radar,27,59,36,0,122,0,21,35,1,57,27,80,71,1,179,82,0,82,261
03/02/2018,BIL,MT,ANM,WE,Combined TRACON& Tower with Radar,33,66,29,18,146,0,12,52,0,64,33,78,81,18,210,54,20,74,284
03/03/2018,BIL,MT,ANM,WE,Combined TRACON& Tower with Radar,25,50,12,0,87,0,1,9,0,10,25,51,21,0,97,0,0,0,97
03/04/2018,BIL,MT,ANM,WE,Combined TRACON& Tower with Radar,25,8,5,0,38,0,0,0,0,0,25,8,5,0,38,0,0,0,38
03/05/2018,BIL,MT,ANM,WE,Combined TRACON& Tower with Radar,27,45,20,6,98,0,9,20,0,29,27,54,40,6,127,22,20,42,169
03/06/2018,BIL,MT,ANM,WE,Combined TRACON& Tower with Radar,35,56,33,0,124,0,23,55,3,81,35,79,88,3,205,54,0,54,259
03/07/2018,BIL,MT,ANM,WE,Combined TRACON& Tower with Radar,36,54,33,10,133,0,32,57,1,90,36,86,90,11,223,68,4,72,295
03/08/2018,BIL,MT,ANM,WE,Combined TRACON& Tower with Radar,33,59,27,0,119,0,18,45,1,64,33,77,72,1,183,78,0,78,261
03/09/2018,BIL,MT,ANM,WE,Combined TRACON& Tower with Radar,31,73,33,0,137,0,11,38,0,49,31,84,71,0,186,92,1,93,279
03/10/2018,BIL,MT,ANM,WE,Combined TRACON& Tower with Radar,21,52,23,1,97,0,8,50,0,58,21,60,73,1,155,66,4,70,225
03/11/2018,BIL,MT,ANM,WE,Combined TRACON& Tower with Radar,27,12,22,1,62,0,24,51,1,76,27,36,73,2,138,88,1,89,227
03/12/2018,BIL,MT,ANM,WE,Combined TRACON& Tower with Radar,27,36,34,0,97,0,26,59,0,85,27,62,93,0,182,91,1,92,274
03/13/2018,BIL,MT,ANM,WE,Combined TRACON& Tower with Radar,34,57,35,16,142,0,23,53,0,76,34,80,88,16,218,124,0,124,342
03/14/2018,BIL,MT,ANM,WE,Combined TRACON& Tower with Radar,32,52,61,10,155,0,22,58,0,80,32,74,119,10,235,53,15,68,303
03/15/2018,BIL,MT,ANM,WE,Combined TRACON& Tower with Radar,34,62,44,29,169,0,7,46,6,59,34,69,90,35,228,174,28,202,430
03/16/2018,BIL,MT,ANM,WE,Combined TRACON& Tower with Radar,32,81,21,0,134,0,0,2,0,2,32,81,23,0,136,14,0,14,150
03/17/2018,BIL,MT,ANM,WE,Combined TRACON& Tower with Radar,27,48,6,0,81,0,0,1,0,1,27,48,7,0,82,0,0,0,82
03/18/2018,BIL,MT,ANM,WE,Combined TRACON& Tower with Radar,22,39,16,0,77,0,0,18,0,18,22,39,34,0,95,8,0,8,103
03/19/2018,BIL,MT,ANM,WE,Combined TRACON& Tower with Radar,29,65,32,2,128,0,6,42,0,48,29,71,74,2,176,62,0,62,238
03/20/2018,BIL,MT,ANM,WE,Combined TRACON& Tower with Radar,34,73,34,23,164,0,10,76,0,86,34,83,110,23,250,61,16,77,327
03/21/2018,BIL,MT,ANM,WE,Combined TRACON& Tower with Radar,32,54,54,0,140,0,20,72,0,92,32,74,126,0,232,140,0,140,372
03/22/2018,BIL,MT,ANM,WE,Combined TRACON& Tower with Radar,36,51,42,24,153,0,22,85,5,112,36,73,127,29,265,90,38,128,393
03/23/2018,BIL,MT,ANM,WE,Combined TRACON& Tower with Radar,30,68,37,2,137,0,16,45,0,61,30,84,82,2,198,65,0,65,263
03/24/2018,BIL,MT,ANM,WE,Combined TRACON& Tower with Radar,26,49,18,0,93,0,7,47,0,54,26,56,65,0,147,58,0,58,205
03/25/2018,BIL,MT,ANM,WE,Combined TRACON& Tower with Radar,31,28,12,0,71,0,15,14,0,29,31,43,26,0,100,5,0,5,105
03/26/2018,BIL,MT,ANM,WE,Combined TRACON& Tower with Radar,27,47,20,11,105,0,30,58,3,91,27,77,78,14,196,70,0,70,266
03/27/2018,BIL,MT,ANM,WE,Combined TRACON& Tower with Radar,34,59,34,0,127,0,32,36,0,68,34,91,70,0,195,24,0,24,219
03/28/2018,BIL,MT,ANM,WE,Combined TRACON& Tower with Radar,32,79,25,0,136,0,7,7,0,14,32,86,32,0,150,29,0,29,179
03/29/2018,BIL,MT,ANM,WE,Combined TRACON& Tower with Radar,36,85,28,0,149,0,6,15,0,21,36,91,43,0,170,47,0,47,217
03/30/2018,BIL,MT,ANM,WE,Combined TRACON& Tower with Radar,32,74,21,0,127,0,5,27,0,32,32,79,48,0,159,44,0,44,203
03/31/2018,BIL,MT,ANM,WE,Combined TRACON& Tower with Radar,23,75,8,0,106,0,0,1,0,1,23,75,9,0,107,0,0,0,107
04/01/2018,BIL,MT,ANM,WE,Combined TRACON& Tower with Radar,26,21,10,0,57,0,20,22,1,43,26,41,32,1,100,4,0,4,104
04/02/2018,BIL,MT,ANM,WE,Combined TRACON& Tower with Radar,27,61,16,0,104,0,0,0,0,0,27,61,16,0,104,0,0,0,104
04/03/2018,BIL,MT,ANM,WE,Combined TRACON& Tower with Radar,35,62,30,2,129,0,17,47,4,68,35,79,77,6,197,71,0,71,268
04/04/2018,BIL,MT,ANM,WE,Combined TRACON& Tower with Radar,33,81,38,0,152,0,4,6,0,10,33,85,44,0,162,7,0,7,169
04/05/2018,BIL,MT,ANM,WE,Combined TRACON& Tower with Radar,34,81,13,0,128,0,0,0,0,0,34,81,13,0,128,4,0,4,132
04/06/2018,BIL,MT,ANM,WE,Combined TRACON& Tower with Radar,29,83,17,0,129,0,0,3,1,4,29,83,20,1,133,0,1,1,134
04/07/2018,BIL,MT,ANM,WE,Combined TRACON& Tower with Radar,24,54,11,0,89,0,7,23,1,31,24,61,34,1,120,37,0,37,157
04/08/2018,BIL,MT,ANM,WE,Combined TRACON& Tower with Radar,25,43,15,0,83,0,2,21,0,23,25,45,36,0,106,34,0,34,140
04/09/2018,BIL,MT,ANM,WE,Combined TRACON& Tower with Radar,28,61,32,0,121,0,10,88,0,98,28,71,120,0,219,116,0,116,335
04/10/2018,BIL,MT,ANM,WE,Combined TRACON& Tower with Radar,33,49,39,1,122,0,34,53,2,89,33,83,92,3,211,82,0,82,293
04/11/2018,BIL,MT,ANM,WE,Combined TRACON& Tower with Radar,35,69,45,22,171,0,16,32,1,49,35,85,77,23,220,78,18,96,316
04/12/2018,BIL,MT,ANM,WE,Combined TRACON& Tower with Radar,34,85,18,0,137,0,6,4,0,10,34,91,22,0,147,13,0,13,160
04/13/2018,BIL,MT,ANM,WE,Combined TRACON& Tower with Radar,28,69,17,0,114,0,2,14,0,16,28,71,31,0,130,37,0,37,167
04/14/2018,BIL,MT,ANM,WE,Combined TRACON& Tower with Radar,23,36,25,0,84,0,18,64,0,82,23,54,89,0,166,62,0,62,228
04/15/2018,BIL,MT,ANM,WE,Combined TRACON& Tower with Radar,25,28,29,4,86,0,29,59,1,89,25,57,88,5,175,58,0,58,233
04/16/2018,BIL,MT,ANM,WE,Combined TRACON& Tower with Radar,28,38,32,24,122,0,35,70,0,105,28,73,102,24,227,75,18,93,320
04/17/2018,BIL,MT,ANM,WE,Combined TRACON& Tower with Radar,35,73,29,0,137,0,8,20,0,28,35,81,49,0,165,2,0,2,167
04/18/2018,BIL,MT,ANM,WE,Combined TRACON& Tower with Radar,33,70,40,1,144,0,30,81,1,112,33,100,121,2,256,172,0,172,428
04/19/2018,BIL,MT,ANM,WE,Combined TRACON& Tower with Radar,34,71,39,1,145,0,24,75,0,99,34,95,114,1,244,137,0,137,381
04/20/2018,BIL,MT,ANM,WE,Combined TRACON& Tower with Radar,30,48,31,10,119,0,28,79,0,107,30,76,110,10,226,72,30,102,328
04/21/2018,BIL,MT,ANM,WE,Combined TRACON& Tower with Radar,24,32,34,0,90,0,30,64,1,95,24,62,98,1,185,51,0,51,236
04/22/2018,BIL,MT,ANM,WE,Combined TRACON& Tower with Radar,28,20,21,0,69,0,26,42,2,70,28,46,63,2,139,50,0,50,189
04/23/2018,BIL,MT,ANM,WE,Combined TRACON& Tower with Radar,31,70,14,0,115,0,1,0,0,1,31,71,14,0,116,0,0,0,116
04/24/2018,BIL,MT,ANM,WE,Combined TRACON& Tower with Radar,36,60,37,0,133,0,29,100,1,130,36,89,137,1,263,127,0,127,390
04/25/2018,BIL,MT,ANM,WE,Combined TRACON& Tower with Radar,33,57,42,0,132,0,21,50,3,74,33,78,92,3,206,69,0,69,275
04/26/2018,BIL,MT,ANM,WE,Combined TRACON& Tower with Radar,37,48,39,0,124,0,36,74,0,110,37,84,113,0,234,86,0,86,320
04/27/2018,BIL,MT,ANM,WE,Combined TRACON& Tower with Radar,29,52,43,9,133,0,30,70,0,100,29,82,113,9,233,62,4,66,299
04/28/2018,BIL,MT,ANM,WE,Combined TRACON& Tower with Radar,24,22,23,1,70,0,23,38,1,62,24,45,61,2,132,48,0,48,180
04/29/2018,BIL,MT,ANM,WE,Combined TRACON& Tower with Radar,26,33,15,2,76,0,10,26,0,36,26,43,41,2,112,90,0,90,202
04/30/2018,BIL,MT,ANM,WE,Combined TRACON& Tower with Radar,27,66,32,0,125,0,2,9,0,11,27,68,41,0,136,40,0,40,176
05/01/2018,BIL,MT,ANM,WE,Combined TRACON& Tower with Radar,38,69,28,0,135,0,8,12,1,21,38,77,40,1,156,68,0,68,224
05/02/2018,BIL,MT,ANM,WE,Combined TRACON& Tower with Radar,33,59,57,0,149,0,28,60,0,88,33,87,117,0,237,99,0,99,336
05/03/2018,BIL,MT,ANM,WE,Combined TRACON& Tower with Radar,36,48,47,5,136,0,29,77,0,106,36,77,124,5,242,51,14,65,307
05/04/2018,BIL,MT,ANM,WE,Combined TRACON& Tower with Radar,33,61,26,2,122,0,22,52,0,74,33,83,78,2,196,96,0,96,292
05/05/2018,BIL,MT,ANM,WE,Combined TRACON& Tower with Radar,23,31,19,5,78,0,22,28,6,56,23,53,47,11,134,40,36,76,210
05/06/2018,BIL,MT,ANM,WE,Combined TRACON& Tower with Radar,28,23,19,2,72,0,18,52,0,70,28,41,71,2,142,91,0,91,233
05/07/2018,BIL,MT,ANM,WE,Combined TRACON& Tower with Radar,28,39,32,0,99,0,28,19,0,47,28,67,51,0,146,9,0,9,155
05/08/2018,BIL,MT,ANM,WE,Combined TRACON& Tower with Radar,36,50,41,0,127,0,31,60,0,91,36,81,101,0,218,102,0,102,320
05/09/2018,BIL,MT,ANM,WE,Combined TRACON& Tower with Radar,36,59,33,0,128,0,24,59,0,83,36,83,92,0,211,83,0,83,294
05/10/2018,BIL,MT,ANM,WE,Combined TRACON& Tower with Radar,36,73,48,0,157,0,6,28,0,34,36,79,76,0,191,15,0,15,206
05/11/2018,BIL,MT,ANM,WE,Combined TRACON& Tower with Radar,34,79,28,0,141,0,0,4,0,4,34,79,32,0,145,6,0,6,151
05/12/2018,BIL,MT,ANM,WE,Combined TRACON& Tower with Radar,29,55,22,0,106,0,0,0,0,0,29,55,22,0,106,2,0,2,108
05/13/2018,BIL,MT,ANM,WE,Combined TRACON& Tower with Radar,28,35,14,0,77,0,8,22,0,30,28,43,36,0,107,15,0,15,122
05/14/2018,BIL,MT,ANM,WE,Combined TRACON& Tower with Radar,27,53,50,0,130,0,28,68,1,97,27,81,118,1,227,87,0,87,314
05/15/2018,BIL,MT,ANM,WE,Combined TRACON& Tower with Radar,36,42,51,0,129,0,38,89,3,130,36,80,140,3,259,97,0,97,356
05/16/2018,BIL,MT,ANM,WE,Combined TRACON& Tower with Radar,34,46,54,1,135,0,33,101,1,135,34,79,155,2,270,97,0,97,367
05/17/2018,BIL,MT,ANM,WE,Combined TRACON& Tower with Radar,35,41,32,0,108,0,26,44,0,70,35,67,76,0,178,37,0,37,215
05/18/2018,BIL,MT,ANM,WE,Combined TRACON& Tower with Radar,32,85,28,0,145,0,0,1,0,1,32,85,29,0,146,5,0,5,151
05/19/2018,BIL,MT,ANM,WE,Combined TRACON& Tower with Radar,23,77,12,2,114,0,5,13,0,18,23,82,25,2,132,17,0,17,149
05/20/2018,BIL,MT,ANM,WE,Combined TRACON& Tower with Radar,28,25,30,0,83,0,20,61,1,82,28,45,91,1,165,41,0,41,206
05/21/2018,BIL,MT,ANM,WE,Combined TRACON& Tower with Radar,30,64,30,0,124,0,36,59,2,97,30,100,89,2,221,103,0,103,324
05/22/2018,BIL,MT,ANM,WE,Combined TRACON& Tower with Radar,34,51,51,0,136,0,33,74,0,107,34,84,125,0,243,85,0,85,328
05/23/2018,BIL,MT,ANM,WE,Combined TRACON& Tower with Radar,34,64,24,0,122,0,5,3,1,9,34,69,27,1,131,6,0,6,137
05/24/2018,BIL,MT,ANM,WE,Combined TRACON& Tower with Radar,38,76,38,7,159,0,35,68,6,109,38,111,106,13,268,77,18,95,363
05/25/2018,BIL,MT,ANM,WE,Combined TRACON& Tower with Radar,50,44,26,1,121,0,32,89,1,122,50,76,115,2,243,146,0,146,389
05/26/2018,BIL,MT,ANM,WE,Combined TRACON& Tower with Radar,23,32,15,0,70,0,26,32,1,59,23,58,47,1,129,41,0,41,170
05/27/2018,BIL,MT,ANM,WE,Combined TRACON& Tower with Radar,24,28,13,0,65,0,13,32,0,45,24,41,45,0,110,15,0,15,125
05/28/2018,BIL,MT,ANM,WE,Combined TRACON& Tower with Radar,26,33,21,0,80,0,6,28,0,34,26,39,49,0,114,31,0,31,145
05/29/2018,BIL,MT,ANM,WE,Combined TRACON& Tower with Radar,28,63,28,6,125,0,15,54,0,69,28,78,82,6,194,76,0,76,270
05/30/2018,BIL,MT,ANM,WE,Combined TRACON& Tower with Radar,34,54,41,0,129,0,21,68,0,89,34,75,109,0,218,148,0,148,366
05/31/2018,BIL,MT,ANM,WE,Combined TRACON& Tower with Radar,34,74,40,0,148,0,10,39,0,49,34,84,79,0,197,50,0,50,247
06/01/2018,BIL,MT,ANM,WE,Combined TRACON& Tower with Radar,37,85,24,0,146,0,9,5,0,14,37,94,29,0,160,10,0,10,170
06/02/2018,BIL,MT,ANM,WE,Combined TRACON& Tower with Radar,23,30,22,0,75,0,22,76,0,98,23,52,98,0,173,104,0,104,277
06/03/2018,BIL,MT,ANM,WE,Combined TRACON& Tower with Radar,26,13,12,2,53,0,18,58,0,76,26,31,70,2,129,39,0,39,168
06/04/2018,BIL,MT,ANM,WE,Combined TRACON& Tower with Radar,29,43,34,5,111,0,22,69,6,97,29,65,103,11,208,153,30,183,391
06/05/2018,BIL,MT,ANM,WE,Combined TRACON& Tower with Radar,36,70,23,28,157,0,28,56,0,84,36,98,79,28,241,87,30,117,358
06/06/2018,BIL,MT,ANM,WE,Combined TRACON& Tower with Radar,34,49,23,21,127,0,25,74,0,99,34,74,97,21,226,112,42,154,380
06/07/2018,BIL,MT,ANM,WE,Combined TRACON& Tower with Radar,36,50,24,0,110,0,26,29,4,59,36,76,53,4,169,58,0,58,227
06/08/2018,BIL,MT,ANM,WE,Combined TRACON& Tower with Radar,36,60,26,4,126,0,22,78,0,100,36,82,104,4,226,113,0,113,339
06/09/2018,BIL,MT,ANM,WE,Combined TRACON& Tower with Radar,27,32,19,0,78,0,25,48,2,75,27,57,67,2,153,84,0,84,237
06/10/2018,BIL,MT,ANM,WE,Combined TRACON& Tower with Radar,30,38,20,2,90,0,13,19,1,33,30,51,39,3,123,12,6,18,141
06/11/2018,BIL,MT,ANM,WE,Combined TRACON& Tower with Radar,34,47,32,2,115,0,22,62,5,89,34,69,94,7,204,71,8,79,283
06/12/2018,BIL,MT,ANM,WE,Combined TRACON& Tower with Radar,37,45,53,0,135,0,29,67,2,98,37,74,120,2,233,62,0,62,295
06/13/2018,BIL,MT,ANM,WE,Combined TRACON& Tower with Radar,37,50,47,13,147,0,31,95,0,126,37,81,142,13,273,73,18,91,364
06/14/2018,BIL,MT,ANM,WE,Combined TRACON& Tower with Radar,45,50,45,2,142,0,26,79,4,109,45,76,124,6,251,107,0,107,358
06/15/2018,BIL,MT,ANM,WE,Combined TRACON& Tower with Radar,43,62,40,17,162,0,11,53,1,65,43,73,93,18,227,58,0,58,285
06/16/2018,BIL,MT,ANM,WE,Combined TRACON& Tower with Radar,27,59,24,0,110,0,2,5,1,8,27,61,29,1,118,0,0,0,118
06/17/2018,BIL,MT,ANM,WE,Combined TRACON& Tower with Radar,35,48,13,0,96,0,1,7,0,8,35,49,20,0,104,0,0,0,104
06/18/2018,BIL,MT,ANM,WE,Combined TRACON& Tower with Radar,42,74,25,0,141,0,0,7,0,7,42,74,32,0,148,1,0,1,149
06/19/2018,BIL,MT,ANM,WE,Combined TRACON& Tower with Radar,41,65,44,1,151,0,12,16,0,28,41,77,60,1,179,78,0,78,257
06/20/2018,BIL,MT,ANM,WE,Combined TRACON& Tower with Radar,39,58,53,2,152,0,26,78,7,111,39,84,131,9,263,152,0,152,415
06/21/2018,BIL,MT,ANM,WE,Combined TRACON& Tower with Radar,42,49,20,0,111,0,27,56,3,86,42,76,76,3,197,82,0,82,279
06/22/2018,BIL,MT,ANM,WE,Combined TRACON& Tower with Radar,39,74,30,1,144,0,5,23,1,29,39,79,53,2,173,20,0,20,193
06/23/2018,BIL,MT,ANM,WE,Combined TRACON& Tower with Radar,32,37,25,0,94,0,17,35,1,53,32,54,60,1,147,76,0,76,223
06/24/2018,BIL,MT,ANM,WE,Combined TRACON& Tower with Radar,34,41,22,1,98,0,8,33,0,41,34,49,55,1,139,63,0,63,202
06/25/2018,BIL,MT,ANM,WE,Combined TRACON& Tower with Radar,35,42,45,1,123,0,25,107,1,133,35,67,152,2,256,129,0,129,385
06/26/2018,BIL,MT,ANM,WE,Combined TRACON& Tower with Radar,44,49,41,0,134,0,29,63,0,92,44,78,104,0,226,138,0,138,364
06/27/2018,BIL,MT,ANM,WE,Combined TRACON& Tower with Radar,38,39,37,0,114,0,29,106,4,139,38,68,143,4,253,256,4,260,513
06/28/2018,BIL,MT,ANM,WE,Combined TRACON& Tower with Radar,41,41,38,1,121,0,28,51,0,79,41,69,89,1,200,81,0,81,281
06/29/2018,BIL,MT,ANM,WE,Combined TRACON& Tower with Radar,43,69,16,0,128,0,13,28,0,41,43,82,44,0,169,89,0,89,258
06/30/2018,BIL,MT,ANM,WE,Combined TRACON& Tower with Radar,31,45,12,0,88,0,19,74,0,93,31,64,86,0,181,134,1,135,316
07/01/2018,BIL,MT,ANM,WE,Combined TRACON& Tower with Radar,36,21,13,0,70,0,11,38,0,49,36,32,51,0,119,58,0,58,177
07/02/2018,BIL,MT,ANM,WE,Combined TRACON& Tower with Radar,35,35,25,0,95,0,21,91,0,112,35,56,116,0,207,111,0,111,318
07/03/2018,BIL,MT,ANM,WE,Combined TRACON& Tower with Radar,48,56,20,0,124,0,19,44,1,64,48,75,64,1,188,95,0,95,283
07/04/2018,BIL,MT,ANM,WE,Combined TRACON& Tower with Radar,28,15,18,0,61,0,23,48,1,72,28,38,66,1,133,95,0,95,228
07/05/2018,BIL,MT,ANM,WE,Combined TRACON& Tower with Radar,40,52,32,2,126,0,29,63,0,92,40,81,95,2,218,88,0,88,306
07/06/2018,BIL,MT,ANM,WE,Combined TRACON& Tower with Radar,40,61,30,0,131,0,26,60,3,89,40,87,90,3,220,107,0,107,327
07/07/2018,BIL,MT,ANM,WE,Combined TRACON& Tower with Radar,31,32,18,2,83,0,22,59,0,81,31,54,77,2,164,129,0,129,293
07/08/2018,BIL,MT,ANM,WE,Combined TRACON& Tower with Radar,37,25,25,0,87,0,14,49,1,64,37,39,74,1,151,35,0,35,186
07/09/2018,BIL,MT,ANM,WE,Combined TRACON& Tower with Radar,43,40,37,16,136,0,25,63,1,89,43,65,100,17,225,64,14,78,303
07/10/2018,BIL,MT,ANM,WE,Combined TRACON& Tower with Radar,46,47,30,0,123,0,21,62,0,83,46,68,92,0,206,109,0,109,315
07/11/2018,BIL,MT,ANM,WE,Combined TRACON& Tower with Radar,42,42,52,15,151,0,29,78,0,107,42,71,130,15,258,115,8,123,381
07/12/2018,BIL,MT,ANM,WE,Combined TRACON& Tower with Radar,43,55,32,0,130,0,26,72,0,98,43,81,104,0,228,87,0,87,315
07/13/2018,BIL,MT,ANM,WE,Combined TRACON& Tower with Radar,42,55,25,0,122,0,30,78,0,108,42,85,103,0,230,96,0,96,326
07/14/2018,BIL,MT,ANM,WE,Combined TRACON& Tower with Radar,35,34,21,0,90,1,22,35,0,58,36,56,56,0,148,54,0,54,202
07/15/2018,BIL,MT,ANM,WE,Combined TRACON& Tower with Radar,36,23,18,0,77,0,15,51,2,68,36,38,69,2,145,29,0,29,174
07/16/2018,BIL,MT,ANM,WE,Combined TRACON& Tower with Radar,37,42,44,14,137,0,25,81,0,106,37,67,125,14,243,104,12,116,359
07/17/2018,BIL,MT,ANM,WE,Combined TRACON& Tower with Radar,51,46,32,0,129,0,28,61,1,90,51,74,93,1,219,77,0,77,296
07/18/2018,BIL,MT,ANM,WE,Combined TRACON& Tower with Radar,42,42,38,31,153,0,29,72,0,101,42,71,110,31,254,72,27,99,353
07/19/2018,BIL,MT,ANM,WE,Combined TRACON& Tower with Radar,45,48,38,0,131,0,30,74,0,104,45,78,112,0,235,128,0,128,363
07/20/2018,BIL,MT,ANM,WE,Combined TRACON& Tower with Radar,38,61,44,0,143,0,30,72,2,104,38,91,116,2,247,46,0,46,293
07/21/2018,BIL,MT,ANM,WE,Combined TRACON& Tower with Radar,35,39,20,0,94,0,27,51,0,78,35,66,71,0,172,74,0,74,246
07/22/2018,BIL,MT,ANM,WE,Combined TRACON& Tower with Radar,36,15,34,0,85,0,26,53,2,81,36,41,87,2,166,47,0,47,213
07/23/2018,BIL,MT,ANM,WE,Combined TRACON& Tower with Radar,41,51,27,1,120,0,29,67,1,97,41,80,94,2,217,99,0,99,316
07/24/2018,BIL,MT,ANM,WE,Combined TRACON& Tower with Radar,44,68,33,1,146,0,35,53,0,88,44,103,86,1,234,50,0,50,284
07/25/2018,BIL,MT,ANM,WE,Combined TRACON& Tower with Radar,42,68,54,7,171,0,21,54,2,77,42,89,108,9,248,28,0,28,276
07/26/2018,BIL,MT,ANM,WE,Combined TRACON& Tower with Radar,43,69,41,11,164,0,29,55,1,85,43,98,96,12,249,43,12,55,304
07/27/2018,BIL,MT,ANM,WE,Combined TRACON& Tower with Radar,43,54,46,0,143,0,22,69,0,91,43,76,115,0,234,26,4,30,264
07/28/2018,BIL,MT,ANM,WE,Combined TRACON& Tower with Radar,32,37,29,0,98,0,22,64,0,86,32,59,93,0,184,62,0,62,246
07/29/2018,BIL,MT,ANM,WE,Combined TRACON& Tower with Radar,36,24,33,0,93,0,15,44,0,59,36,39,77,0,152,9,0,9,161
07/30/2018,BIL,MT,ANM,WE,Combined TRACON& Tower with Radar,39,44,26,22,131,0,25,64,0,89,39,69,90,22,220,82,34,116,336
07/31/2018,BIL,MT,ANM,WE,Combined TRACON& Tower with Radar,44,47,31,0,122,0,29,65,0,94,44,76,96,0,216,74,0,74,290
08/01/2018,BIL,MT,ANM,WE,Combined TRACON& Tower with Radar,41,54,41,0,136,0,31,65,2,98,41,85,106,2,234,130,0,130,364
08/02/2018,BIL,MT,ANM,WE,Combined TRACON& Tower with Radar,45,58,31,0,134,0,20,59,0,79,45,78,90,0,213,42,0,42,255
08/03/2018,BIL,MT,ANM,WE,Combined TRACON& Tower with Radar,43,64,30,2,139,0,24,49,1,74,43,88,79,3,213,29,0,29,242
08/04/2018,BIL,MT,ANM,WE,Combined TRACON& Tower with Radar,33,37,18,1,89,0,23,65,9,97,33,60,83,10,186,27,0,27,213
08/05/2018,BIL,MT,ANM,WE,Combined TRACON& Tower with Radar,35,22,27,2,86,0,16,51,2,69,35,38,78,4,155,37,0,37,192
08/06/2018,BIL,MT,ANM,WE,Combined TRACON& Tower with Radar,41,49,34,0,124,0,21,46,0,67,41,70,80,0,191,64,0,64,255
08/07/2018,BIL,MT,ANM,WE,Combined TRACON& Tower with Radar,42,49,35,0,126,0,29,60,2,91,42,78,95,2,217,183,2,185,402
08/08/2018,BIL,MT,ANM,WE,Combined TRACON& Tower with Radar,43,44,59,2,148,0,27,83,1,111,43,71,142,3,259,122,0,122,381
08/09/2018,BIL,MT,ANM,WE,Combined TRACON& Tower with Radar,46,57,37,11,151,0,32,66,4,102,46,89,103,15,253,56,20,76,329
08/10/2018,BIL,MT,ANM,WE,Combined TRACON& Tower with Radar,44,41,19,0,104,0,33,55,0,88,44,74,74,0,192,111,0,111,303
08/11/2018,BIL,MT,ANM,WE,Combined TRACON& Tower with Radar,33,43,19,0,95,0,15,55,2,72,33,58,74,2,167,78,0,78,245
08/12/2018,BIL,MT,ANM,WE,Combined TRACON& Tower with Radar,36,31,22,0,89,0,10,46,2,58,36,41,68,2,147,63,2,65,212
08/13/2018,BIL,MT,ANM,WE,Combined TRACON& Tower with Radar,37,51,37,19,144,2,22,55,3,82,39,73,92,22,226,82,8,90,316
08/14/2018,BIL,MT,ANM,WE,Combined TRACON& Tower with Radar,40,61,35,0,136,0,19,66,3,88,40,80,101,3,224,54,0,54,278
08/15/2018,BIL,MT,ANM,WE,Combined TRACON& Tower with Radar,39,47,33,0,119,0,26,64,2,92,39,73,97,2,211,83,0,83,294
08/16/2018,BIL,MT,ANM,WE,Combined TRACON& Tower with Radar,43,54,44,5,146,0,20,49,3,72,43,74,93,8,218,27,0,27,245
08/17/2018,BIL,MT,ANM,WE,Combined TRACON& Tower with Radar,38,58,32,2,130,0,16,45,0,61,38,74,77,2,191,55,0,55,246
08/18/2018,BIL,MT,ANM,WE,Combined TRACON& Tower with Radar,29,63,33,0,125,0,2,18,0,20,29,65,51,0,145,0,0,0,145
08/19/2018,BIL,MT,ANM,WE,Combined TRACON& Tower with Radar,34,26,28,2,90,0,0,7,0,7,34,26,35,2,97,27,0,27,124
08/20/2018,BIL,MT,ANM,WE,Combined TRACON& Tower with Radar,35,53,31,0,119,0,5,12,0,17,35,58,43,0,136,38,0,38,174
08/21/2018,BIL,MT,ANM,WE,Combined TRACON& Tower with Radar,42,79,45,2,168,0,2,10,0,12,42,81,55,2,180,2,0,2,182
08/22/2018,BIL,MT,ANM,WE,Combined TRACON& Tower with Radar,39,56,48,0,143,0,18,67,0,85,39,74,115,0,228,82,2,84,312
08/23/2018,BIL,MT,ANM,WE,Combined TRACON& Tower with Radar,42,69,39,0,150,0,15,42,0,57,42,84,81,0,207,53,0,53,260
08/24/2018,BIL,MT,ANM,WE,Combined TRACON& Tower with Radar,38,62,34,8,142,0,10,69,1,80,38,72,103,9,222,46,2,48,270
08/25/2018,BIL,MT,ANM,WE,Combined TRACON& Tower with Radar,30,53,30,0,113,1,9,63,0,73,31,62,93,0,186,65,0,65,251
08/26/2018,BIL,MT,ANM,WE,Combined TRACON& Tower with Radar,33,37,28,1,99,0,2,38,0,40,33,39,66,1,139,70,0,70,209
08/27/2018,BIL,MT,ANM,WE,Combined TRACON& Tower with Radar,32,69,47,0,148,0,1,7,0,8,32,70,54,0,156,0,0,0,156
08/28/2018,BIL,MT,ANM,WE,Combined TRACON& Tower with Radar,37,61,34,0,132,0,11,94,1,106,37,72,128,1,238,144,0,144,382
08/29/2018,BIL,MT,ANM,WE,Combined TRACON& Tower with Radar,41,59,38,9,147,0,41,116,9,166,41,100,154,18,313,115,38,153,466
08/30/2018,BIL,MT,ANM,WE,Combined TRACON& Tower with Radar,40,59,42,0,141,0,28,69,1,98,40,87,111,1,239,32,0,32,271
08/31/2018,BIL,MT,ANM,WE,Combined TRACON& Tower with Radar,36,53,34,20,143,0,26,76,0,102,36,79,110,20,245,128,14,142,387
09/01/2018,BIL,MT,ANM,WE,Combined TRACON& Tower with Radar,25,25,12,0,62,0,32,64,0,96,25,57,76,0,158,80,0,80,238
09/02/2018,BIL,MT,ANM,WE,Combined TRACON& Tower with Radar,23,9,9,1,42,0,22,47,1,70,23,31,56,2,112,27,0,27,139
09/03/2018,BIL,MT,ANM,WE,Combined TRACON& Tower with Radar,26,13,16,1,56,0,26,52,0,78,26,39,68,1,134,51,0,51,185
09/04/2018,BIL,MT,ANM,WE,Combined TRACON& Tower with Radar,27,33,28,16,104,0,28,56,2,86,27,61,84,18,190,28,24,52,242
09/05/2018,BIL,MT,ANM,WE,Combined TRACON& Tower with Radar,36,38,36,15,125,0,38,66,0,104,36,76,102,15,229,103,11,114,343
09/06/2018,BIL,MT,ANM,WE,Combined TRACON& Tower with Radar,38,68,21,1,128,0,31,57,0,88,38,99,78,1,216,10,0,10,226
09/07/2018,BIL,MT,ANM,WE,Combined TRACON& Tower with Radar,33,58,27,2,120,0,25,46,0,71,33,83,73,2,191,79,0,79,270
09/08/2018,BIL,MT,ANM,WE,Combined TRACON& Tower with Radar,26,26,20,2,74,0,17,34,0,51,26,43,54,2,125,51,0,51,176
09/09/2018,BIL,MT,ANM,WE,Combined TRACON& Tower with Radar,30,14,25,0,69,0,27,41,0,68,30,41,66,0,137,35,0,35,172
09/10/2018,BIL,MT,ANM,WE,Combined TRACON& Tower with Radar,31,34,37,0,102,0,29,52,0,81,31,63,89,0,183,81,0,81,264
09/11/2018,BIL,MT,ANM,WE,Combined TRACON& Tower with Radar,36,39,41,8,124,0,33,76,0,109,36,72,117,8,233,59,16,75,308
09/12/2018,BIL,MT,ANM,WE,Combined TRACON& Tower with Radar,36,58,34,0,128,0,31,58,0,89,36,89,92,0,217,106,1,107,324
09/13/2018,BIL,MT,ANM,WE,Combined TRACON& Tower with Radar,37,55,46,12,150,0,26,65,0,91,37,81,111,12,241,73,12,85,326
09/14/2018,BIL,MT,ANM,WE,Combined TRACON& Tower with Radar,35,47,33,39,154,0,24,67,0,91,35,71,100,39,245,131,26,157,402
09/15/2018,BIL,MT,ANM,WE,Combined TRACON& Tower with Radar,27,49,16,7,99,0,6,47,3,56,27,55,63,10,155,120,0,120,275
09/16/2018,BIL,MT,ANM,WE,Combined TRACON& Tower with Radar,33,25,14,0,72,0,12,46,0,58,33,37,60,0,130,116,0,116,246
09/17/2018,BIL,MT,ANM,WE,Combined TRACON& Tower with Radar,30,50,38,16,134,0,16,58,1,75,30,66,96,17,209,74,0,74,283
09/18/2018,BIL,MT,ANM,WE,Combined TRACON& Tower with Radar,36,57,46,16,155,0,25,66,1,92,36,82,112,17,247,57,0,57,304
09/19/2018,BIL,MT,ANM,WE,Combined TRACON& Tower with Radar,38,79,51,29,197,0,3,29,0,32,38,82,80,29,229,78,26,104,333
09/20/2018,BIL,MT,ANM,WE,Combined TRACON& Tower with Radar,35,70,45,0,150,0,5,33,0,38,35,75,78,0,188,52,0,52,240
09/21/2018,BIL,MT,ANM,WE,Combined TRACON& Tower with Radar,37,63,32,10,142,0,28,70,2,100,37,91,102,12,242,122,0,122,364
09/22/2018,BIL,MT,ANM,WE,Combined TRACON& Tower with Radar,25,29,32,0,86,0,26,72,0,98,25,55,104,0,184,100,0,100,284
09/23/2018,BIL,MT,ANM,WE,Combined TRACON& Tower with Radar,30,33,20,1,84,0,1,18,1,20,30,34,38,2,104,98,0,98,202
09/24/2018,BIL,MT,ANM,WE,Combined TRACON& Tower with Radar,31,61,35,0,127,0,5,39,0,44,31,66,74,0,171,98,0,98,269
09/25/2018,BIL,MT,ANM,WE,Combined TRACON& Tower with Radar,36,66,43,0,145,0,12,63,0,75,36,78,106,0,220,56,0,56,276
09/26/2018,BIL,MT,ANM,WE,Combined TRACON& Tower with Radar,37,39,41,0,117,0,34,82,0,116,37,73,123,0,233,59,0,59,292
09/27/2018,BIL,MT,ANM,WE,Combined TRACON& Tower with Radar,38,79,48,1,166,0,3,29,1,33,38,82,77,2,199,40,0,40,239
09/28/2018,BIL,MT,ANM,WE,Combined TRACON& Tower with Radar,35,77,30,0,142,0,3,5,0,8,35,80,35,0,150,41,0,41,191
09/29/2018,BIL,MT,ANM,WE,Combined TRACON& Tower with Radar,25,62,20,0,107,0,1,5,2,8,25,63,25,2,115,3,0,3,118
09/30/2018,BIL,MT,ANM,WE,Combined TRACON& Tower with Radar,18,22,1,0,41,0,0,0,0,0,18,22,1,0,41,0,0,0,41
10/01/2018,BIL,MT,ANM,WE,Combined TRACON& Tower with Radar,37,57,56,0,150,0,14,87,2,103,37,71,143,2,253,96,0,96,349
10/02/2018,BIL,MT,ANM,WE,Combined TRACON& Tower with Radar,38,59,37,0,134,0,26,55,0,81,38,85,92,0,215,36,0,36,251
10/03/2018,BIL,MT,ANM,WE,Combined TRACON& Tower with Radar,34,66,40,0,140,0,9,33,0,42,34,75,73,0,182,55,2,57,239
10/04/2018,BIL,MT,ANM,WE,Combined TRACON& Tower with Radar,36,74,29,8,147,0,7,9,0,16,36,81,38,8,163,0,0,0,163
10/05/2018,BIL,MT,ANM,WE,Combined TRACON& Tower with Radar,32,77,33,0,142,0,12,71,0,83,32,89,104,0,225,178,0,178,403
10/06/2018,BIL,MT,ANM,WE,Combined TRACON& Tower with Radar,23,41,22,2,88,0,17,70,9,96,23,58,92,11,184,392,0,392,576
10/07/2018,BIL,MT,ANM,WE,Combined TRACON& Tower with Radar,27,34,12,0,73,0,3,10,0,13,27,37,22,0,86,80,0,80,166
10/08/2018,BIL,MT,ANM,WE,Combined TRACON& Tower with Radar,30,64,34,0,128,0,17,23,3,43,30,81,57,3,171,511,0,511,682
10/09/2018,BIL,MT,ANM,WE,Combined TRACON& Tower with Radar,36,79,26,0,141,0,0,6,0,6,36,79,32,0,147,6,0,6,153
10/10/2018,BIL,MT,ANM,WE,Combined TRACON& Tower with Radar,36,91,16,0,143,0,1,3,0,4,36,92,19,0,147,0,0,0,147
10/11/2018,BIL,MT,ANM,WE,Combined TRACON& Tower with Radar,35,79,30,0,144,0,1,10,0,11,35,80,40,0,155,8,0,8,163
10/12/2018,BIL,MT,ANM,WE,Combined TRACON& Tower with Radar,37,76,44,0,157,0,23,62,5,90,37,99,106,5,247,54,0,54,301
10/13/2018,BIL,MT,ANM,WE,Combined TRACON& Tower with Radar,24,59,20,0,103,0,0,0,0,0,24,59,20,0,103,0,0,0,103
10/14/2018,BIL,MT,ANM,WE,Combined TRACON& Tower with Radar,28,41,20,0,89,0,12,33,0,45,28,53,53,0,134,37,0,37,171
10/15/2018,BIL,MT,ANM,WE,Combined TRACON& Tower with Radar,30,57,17,0,104,0,28,15,2,45,30,85,32,2,149,2,0,2,151
10/16/2018,BIL,MT,ANM,WE,Combined TRACON& Tower with Radar,36,57,34,0,127,0,25,64,0,89,36,82,98,0,216,118,0,118,334
10/17/2018,BIL,MT,ANM,WE,Combined TRACON& Tower with Radar,34,47,30,2,113,0,37,71,0,108,34,84,101,2,221,110,0,110,331
10/18/2018,BIL,MT,ANM,WE,Combined TRACON& Tower with Radar,36,52,39,4,131,0,43,74,1,118,36,95,113,5,249,133,12,145,394
10/19/2018,BIL,MT,ANM,WE,Combined TRACON& Tower with Radar,32,46,35,1,114,0,33,93,3,129,32,79,128,4,243,123,0,123,366
10/20/2018,BIL,MT,ANM,WE,Combined TRACON& Tower with Radar,23,28,19,0,70,0,23,39,0,62,23,51,58,0,132,80,0,80,212
10/21/2018,BIL,MT,ANM,WE,Combined TRACON& Tower with Radar,28,15,22,0,65,0,32,67,0,99,28,47,89,0,164,122,0,122,286
10/22/2018,BIL,MT,ANM,WE,Combined TRACON& Tower with Radar,27,41,19,1,88,0,38,66,0,104,27,79,85,1,192,111,0,111,303
10/23/2018,BIL,MT,ANM,WE,Combined TRACON& Tower with Radar,38,64,47,33,182,0,33,81,0,114,38,97,128,33,296,150,22,172,468
10/24/2018,BIL,MT,ANM,WE,Combined TRACON& Tower with Radar,34,65,48,0,147,0,48,81,0,129,34,113,129,0,276,110,0,110,386
10/25/2018,BIL,MT,ANM,WE,Combined TRACON& Tower with Radar,37,65,46,0,148,0,41,75,0,116,37,106,121,0,264,108,0,108,372
10/26/2018,BIL,MT,ANM,WE,Combined TRACON& Tower with Radar,34,64,25,0,123,0,25,33,0,58,34,89,58,0,181,43,0,43,224
10/27/2018,BIL,MT,ANM,WE,Combined TRACON& Tower with Radar,22,38,25,0,85,0,21,38,0,59,22,59,63,0,144,80,0,80,224
10/28/2018,BIL,MT,ANM,WE,Combined TRACON& Tower with Radar,28,15,14,1,58,0,21,38,5,64,28,36,52,6,122,23,16,39,161
10/29/2018,BIL,MT,ANM,WE,Combined TRACON& Tower with Radar,30,59,38,15,142,0,23,32,0,55,30,82,70,15,197,60,0,60,257
10/30/2018,BIL,MT,ANM,WE,Combined TRACON& Tower with Radar,34,65,38,0,137,0,31,33,0,64,34,96,71,0,201,34,0,34,235
10/31/2018,BIL,MT,ANM,WE,Combined TRACON& Tower with Radar,30,53,30,0,113,0,29,54,0,83,30,82,84,0,196,137,0,137,333
11/01/2018,BIL,MT,ANM,WE,Combined TRACON& Tower with Radar,33,71,24,0,128,0,17,27,0,44,33,88,51,0,172,24,0,24,196
11/02/2018,BIL,MT,ANM,WE,Combined TRACON& Tower with Radar,30,78,21,0,129,0,9,7,0,16,30,87,28,0,145,38,0,38,183
11/03/2018,BIL,MT,ANM,WE,Combined TRACON& Tower with Radar,25,49,14,0,88,0,1,25,0,26,25,50,39,0,114,62,0,62,176
11/04/2018,BIL,MT,ANM,WE,Combined TRACON& Tower with Radar,26,41,24,11,102,0,1,6,0,7,26,42,30,11,109,4,20,24,133
11/05/2018,BIL,MT,ANM,WE,Combined TRACON& Tower with Radar,27,73,21,0,121,0,0,23,0,23,27,73,44,0,144,96,0,96,240
11/06/2018,BIL,MT,ANM,WE,Combined TRACON& Tower with Radar,34,95,32,2,163,0,7,6,0,13,34,102,38,2,176,14,0,14,190
11/07/2018,BIL,MT,ANM,WE,Combined TRACON& Tower with Radar,33,87,26,0,146,0,2,8,0,10,33,89,34,0,156,30,0,30,186
11/08/2018,BIL,MT,ANM,WE,Combined TRACON& Tower with Radar,35,75,40,2,152,0,14,40,1,55,35,89,80,3,207,28,0,28,235
11/09/2018,BIL,MT,ANM,WE,Combined TRACON& Tower with Radar,29,57,20,0,106,0,30,45,1,76,29,87,65,1,182,81,0,81,263
11/10/2018,BIL,MT,ANM,WE,Combined TRACON& Tower with Radar,23,51,6,0,80,0,5,35,0,40,23,56,41,0,120,73,0,73,193
11/11/2018,BIL,MT,ANM,WE,Combined TRACON& Tower with Radar,27,45,6,0,78,0,1,3,0,4,27,46,9,0,82,3,0,3,85
11/12/2018,BIL,MT,ANM,WE,Combined TRACON& Tower with Radar,27,61,41,0,129,0,24,62,0,86,27,85,103,0,215,83,0,83,298
11/13/2018,BIL,MT,ANM,WE,Combined TRACON& Tower with Radar,35,56,40,0,131,0,31,17,0,48,35,87,57,0,179,20,0,20,199
11/14/2018,BIL,MT,ANM,WE,Combined TRACON& Tower with Radar,30,57,43,10,140,0,41,49,1,91,30,98,92,11,231,52,11,63,294
11/15/2018,BIL,MT,ANM,WE,Combined TRACON& Tower with Radar,32,67,58,0,157,0,26,85,0,111,32,93,143,0,268,97,0,97,365
11/16/2018,BIL,MT,ANM,WE,Combined TRACON& Tower with Radar,32,79,23,0,134,0,0,3,0,3,32,79,26,0,137,0,0,0,137
11/17/2018,BIL,MT,ANM,WE,Combined TRACON& Tower with Radar,24,59,34,0,117,0,21,73,0,94,24,80,107,0,211,142,0,142,353
11/18/2018,BIL,MT,ANM,WE,Combined TRACON& Tower with Radar,26,33,26,0,85,0,6,24,2,32,26,39,50,2,117,46,0,46,163
11/19/2018,BIL,MT,ANM,WE,Combined TRACON& Tower with Radar,27,62,27,2,118,0,10,71,0,81,27,72,98,2,199,95,0,95,294
11/20/2018,BIL,MT,ANM,WE,Combined TRACON& Tower with Radar,38,68,28,0,134,0,25,41,0,66,38,93,69,0,200,45,0,45,245
11/21/2018,BIL,MT,ANM,WE,Combined TRACON& Tower with Radar,33,63,23,0,119,0,26,37,1,64,33,89,60,1,183,52,0,52,235
11/22/2018,BIL,MT,ANM,WE,Combined TRACON& Tower with Radar,21,22,2,0,45,0,11,14,2,27,21,33,16,2,72,28,0,28,100
11/23/2018,BIL,MT,ANM,WE,Combined TRACON& Tower with Radar,24,77,14,0,115,0,7,20,0,27,24,84,34,0,142,36,0,36,178
11/24/2018,BIL,MT,ANM,WE,Combined TRACON& Tower with Radar,26,58,6,0,90,0,3,1,1,5,26,61,7,1,95,0,0,0,95
11/25/2018,BIL,MT,ANM,WE,Combined TRACON& Tower with Radar,26,35,17,1,79,0,9,26,1,36,26,44,43,2,115,26,0,26,141
11/26/2018,BIL,MT,ANM,WE,Combined TRACON& Tower with Radar,32,67,36,0,135,0,14,49,0,63,32,81,85,0,198,85,0,85,283
11/27/2018,BIL,MT,ANM,WE,Combined TRACON& Tower with Radar,37,58,20,0,115,0,23,15,2,40,37,81,35,2,155,12,0,12,167
11/28/2018,BIL,MT,ANM,WE,Combined TRACON& Tower with Radar,34,67,38,0,139,0,24,44,1,69,34,91,82,1,208,98,24,122,330
11/29/2018,BIL,MT,ANM,WE,Combined TRACON& Tower with Radar,37,73,26,13,149,0,26,86,2,114,37,99,112,15,263,100,12,112,375
11/30/2018,BIL,MT,ANM,WE,Combined TRACON& Tower with Radar,34,71,30,0,135,0,19,47,0,66,34,90,77,0,201,110,0,110,311
12/01/2018,BIL,MT,ANM,WE,Combined TRACON& Tower with Radar,22,53,12,0,87,0,4,30,0,34,22,57,42,0,121,91,0,91,212
12/02/2018,BIL,MT,ANM,WE,Combined TRACON& Tower with Radar,24,43,6,0,73,0,0,1,0,1,24,43,7,0,74,0,0,0,74
12/03/2018,BIL,MT,ANM,WE,Combined TRACON& Tower with Radar,28,65,16,0,109,0,6,11,0,17,28,71,27,0,126,0,0,0,126
12/04/2018,BIL,MT,ANM,WE,Combined TRACON& Tower with Radar,35,61,35,15,146,0,29,54,0,83,35,90,89,15,229,45,10,55,284
12/05/2018,BIL,MT,ANM,WE,Combined TRACON& Tower with Radar,36,94,43,11,184,0,6,53,0,59,36,100,96,11,243,109,0,109,352
12/06/2018,BIL,MT,ANM,WE,Combined TRACON& Tower with Radar,41,58,26,16,141,0,18,47,0,65,41,76,73,16,206,57,0,57,263
12/07/2018,BIL,MT,ANM,WE,Combined TRACON& Tower with Radar,30,66,31,14,141,0,22,62,0,84,30,88,93,14,225,71,12,83,308
12/08/2018,BIL,MT,ANM,WE,Combined TRACON& Tower with Radar,22,34,31,0,87,0,18,58,0,76,22,52,89,0,163,135,0,135,298
12/09/2018,BIL,MT,ANM,WE,Combined TRACON& Tower with Radar,27,23,17,0,67,0,18,42,1,61,27,41,59,1,128,66,0,66,194
12/10/2018,BIL,MT,ANM,WE,Combined TRACON& Tower with Radar,25,55,43,15,138,0,29,38,3,70,25,84,81,18,208,33,18,51,259
12/11/2018,BIL,MT,ANM,WE,Combined TRACON& Tower with Radar,35,64,47,0,146,0,31,45,0,76,35,95,92,0,222,52,0,52,274
12/12/2018,BIL,MT,ANM,WE,Combined TRACON& Tower with Radar,36,88,28,1,153,0,17,9,3,29,36,105,37,4,182,20,0,20,202
12/13/2018,BIL,MT,ANM,WE,Combined TRACON& Tower with Radar,39,64,31,0,134,0,31,40,0,71,39,95,71,0,205,27,0,27,232
12/14/2018,BIL,MT,ANM,WE,Combined TRACON& Tower with Radar,35,62,32,6,135,0,27,47,0,74,35,89,79,6,209,56,0,56,265
12/15/2018,BIL,MT,ANM,WE,Combined TRACON& Tower with Radar,25,46,23,1,95,0,17,22,0,39,25,63,45,1,134,8,0,8,142
12/16/2018,BIL,MT,ANM,WE,Combined TRACON& Tower with Radar,28,31,12,2,73,0,16,60,1,77,28,47,72,3,150,50,0,50,200
12/17/2018,BIL,MT,ANM,WE,Combined TRACON& Tower with Radar,31,60,33,12,136,0,35,49,2,86,31,95,82,14,222,123,11,134,356
12/18/2018,BIL,MT,ANM,WE,Combined TRACON& Tower with Radar,39,79,34,13,165,0,32,46,0,78,39,111,80,13,243,62,0,62,305
12/19/2018,BIL,MT,ANM,WE,Combined TRACON& Tower with Radar,38,73,25,1,137,0,30,8,1,39,38,103,33,2,176,6,0,6,182
12/20/2018,BIL,MT,ANM,WE,Combined TRACON& Tower with Radar,43,72,33,0,148,0,31,42,2,75,43,103,75,2,223,106,0,106,329
12/21/2018,BIL,MT,ANM,WE,Combined TRACON& Tower with Radar,40,95,20,0,155,0,12,5,0,17,40,107,25,0,172,28,0,28,200
12/22/2018,BIL,MT,ANM,WE,Combined TRACON& Tower with Radar,34,56,13,0,103,0,10,29,0,39,34,66,42,0,142,36,0,36,178
12/23/2018,BIL,MT,ANM,WE,Combined TRACON& Tower with Radar,30,34,8,0,72,0,12,19,3,34,30,46,27,3,106,4,10,14,120
12/24/2018,BIL,MT,ANM,WE,Combined TRACON& Tower with Radar,28,72,14,1,115,0,4,10,0,14,28,76,24,1,129,0,0,0,129
12/25/2018,BIL,MT,ANM,WE,Combined TRACON& Tower with Radar,17,39,5,0,61,0,0,0,0,0,17,39,5,0,61,0,0,0,61
12/26/2018,BIL,MT,ANM,WE,Combined TRACON& Tower with Radar,30,87,17,0,134,0,5,8,0,13,30,92,25,0,147,12,0,12,159
12/27/2018,BIL,MT,ANM,WE,Combined TRACON& Tower with Radar,28,87,22,0,137,0,0,0,0,0,28,87,22,0,137,0,0,0,137
12/28/2018,BIL,MT,ANM,WE,Combined TRACON& Tower with Radar,30,105,13,0,148,0,3,13,0,16,30,108,26,0,164,14,0,14,178
12/29/2018,BIL,MT,ANM,WE,Combined TRACON& Tower with Radar,26,67,10,0,103,0,5,8,0,13,26,72,18,0,116,0,0,0,116
12/30/2018,BIL,MT,ANM,WE,Combined TRACON& Tower with Radar,22,40,9,0,71,0,2,3,0,5,22,42,12,0,76,0,0,0,76
12/31/2018,BIL,MT,ANM,WE,Combined TRACON& Tower with Radar,32,78,10,0,120,0,3,0,0,3,32,81,10,0,123,0,0,0,123
01/01/2019,BIL,MT,ANM,WE,Combined TRACON& Tower with Radar,19,27,8,0,54,0,13,4,0,17,19,40,12,0,71,0,0,0,71
01/02/2019,BIL,MT,ANM,WE,Combined TRACON& Tower with Radar,30,53,25,0,108,0,28,18,0,46,30,81,43,0,154,5,0,5,159
01/03/2019,BIL,MT,ANM,WE,Combined TRACON& Tower with Radar,32,62,22,0,116,0,21,22,0,43,32,83,44,0,159,6,0,6,165
01/04/2019,BIL,MT,ANM,WE,Combined TRACON& Tower with Radar,31,67,15,19,132,0,24,40,0,64,31,91,55,19,196,82,10,92,288
01/05/2019,BIL,MT,ANM,WE,Combined TRACON& Tower with Radar,22,55,21,1,99,0,17,65,2,84,22,72,86,3,183,59,0,59,242
01/06/2019,BIL,MT,ANM,WE,Combined TRACON& Tower with Radar,27,30,22,0,79,0,14,29,0,43,27,44,51,0,122,0,0,0,122
01/07/2019,BIL,MT,ANM,WE,Combined TRACON& Tower with Radar,31,64,12,0,107,0,8,5,0,13,31,72,17,0,120,33,0,33,153
01/08/2019,BIL,MT,ANM,WE,Combined TRACON& Tower with Radar,31,64,38,15,148,0,30,70,0,100,31,94,108,15,248,97,10,107,355
01/09/2019,BIL,MT,ANM,WE,Combined TRACON& Tower with Radar,33,55,37,28,153,0,34,52,0,86,33,89,89,28,239,90,8,98,337
01/10/2019,BIL,MT,ANM,WE,Combined TRACON& Tower with Radar,35,58,38,33,164,0,36,58,0,94,35,94,96,33,258,148,0,148,406
01/11/2019,BIL,MT,ANM,WE,Combined TRACON& Tower with Radar,32,66,24,0,122,0,25,76,0,101,32,91,100,0,223,129,0,129,352
01/12/2019,BIL,MT,ANM,WE,Combined TRACON& Tower with Radar,24,53,12,0,89,0,10,46,0,56,24,63,58,0,145,26,2,28,173
01/13/2019,BIL,MT,ANM,WE,Combined TRACON& Tower with Radar,29,27,17,0,73,0,12,55,1,68,29,39,72,1,141,8,0,8,149
01/14/2019,BIL,MT,ANM,WE,Combined TRACON& Tower with Radar,29,47,29,0,105,0,23,42,0,65,29,70,71,0,170,78,0,78,248
01/15/2019,BIL,MT,ANM,WE,Combined TRACON& Tower with Radar,31,87,43,32,193,0,23,75,0,98,31,110,118,32,291,76,0,76,367
01/16/2019,BIL,MT,ANM,WE,Combined TRACON& Tower with Radar,34,73,30,16,153,0,14,44,0,58,34,87,74,16,211,50,28,78,289
01/17/2019,BIL,MT,ANM,WE,Combined TRACON& Tower with Radar,35,53,21,0,109,0,0,0,0,0,35,53,21,0,109,8,0,8,117
01/18/2019,BIL,MT,ANM,WE,Combined TRACON& Tower with Radar,34,98,19,0,151,0,3,10,0,13,34,101,29,0,164,8,0,8,172
01/19/2019,BIL,MT,ANM,WE,Combined TRACON& Tower with Radar,22,44,24,0,90,0,10,34,1,45,22,54,58,1,135,62,0,62,197
01/20/2019,BIL,MT,ANM,WE,Combined TRACON& Tower with Radar,25,34,21,0,80,0,4,20,0,24,25,38,41,0,104,58,0,58,162
01/21/2019,BIL,MT,ANM,WE,Combined TRACON& Tower with Radar,29,50,13,0,92,0,0,0,0,0,29,50,13,0,92,0,0,0,92
01/22/2019,BIL,MT,ANM,WE,Combined TRACON& Tower with Radar,31,70,30,0,131,0,35,51,0,86,31,105,81,0,217,21,0,21,238
01/23/2019,BIL,MT,ANM,WE,Combined TRACON& Tower with Radar,36,70,15,0,121,0,4,0,0,4,36,74,15,0,125,0,0,0,125
01/24/2019,BIL,MT,ANM,WE,Combined TRACON& Tower with Radar,41,69,32,0,142,0,21,20,0,41,41,90,52,0,183,38,0,38,221
01/25/2019,BIL,MT,ANM,WE,Combined TRACON& Tower with Radar,32,82,27,0,141,0,11,24,0,35,32,93,51,0,176,6,0,6,182
01/26/2019,BIL,MT,ANM,WE,Combined TRACON& Tower with Radar,22,56,12,0,90,0,3,15,0,18,22,59,27,0,108,8,0,8,116
01/27/2019,BIL,MT,ANM,WE,Combined TRACON& Tower with Radar,27,11,11,0,49,0,0,4,0,4,27,11,15,0,53,0,0,0,53
01/28/2019,BIL,MT,ANM,WE,Combined TRACON& Tower with Radar,29,78,30,2,139,0,25,60,1,86,29,103,90,3,225,72,0,72,297
01/29/2019,BIL,MT,ANM,WE,Combined TRACON& Tower with Radar,31,59,44,0,134,0,27,110,0,137,31,86,154,0,271,158,0,158,429
01/30/2019,BIL,MT,ANM,WE,Combined TRACON& Tower with Radar,30,53,27,0,110,0,30,33,0,63,30,83,60,0,173,12,0,12,185
01/31/2019,BIL,MT,ANM,WE,Combined TRACON& Tower with Radar,37,64,30,0,131,0,20,74,0,94,37,84,104,0,225,162,0,162,387
02/01/2019,BIL,MT,ANM,WE,Combined TRACON& Tower with Radar,32,59,31,19,141,0,19,35,0,54,32,78,66,19,195,54,16,70,265
02/02/2019,BIL,MT,ANM,WE,Combined TRACON& Tower with Radar,22,58,9,0,89,0,5,30,0,35,22,63,39,0,124,0,0,0,124
02/03/2019,BIL,MT,ANM,WE,Combined TRACON& Tower with Radar,24,36,12,0,72,0,0,0,0,0,24,36,12,0,72,0,0,0,72
02/04/2019,BIL,MT,ANM,WE,Combined TRACON& Tower with Radar,29,70,25,0,124,0,4,6,0,10,29,74,31,0,134,0,0,0,134
02/05/2019,BIL,MT,ANM,WE,Combined TRACON& Tower with Radar,35,80,18,0,133,0,0,2,0,2,35,80,20,0,135,0,0,0,135
02/06/2019,BIL,MT,ANM,WE,Combined TRACON& Tower with Radar,33,68,26,0,127,0,9,4,0,13,33,77,30,0,140,4,0,4,144
02/07/2019,BIL,MT,ANM,WE,Combined TRACON& Tower with Radar,31,57,41,33,162,0,13,55,0,68,31,70,96,33,230,30,0,30,260
02/08/2019,BIL,MT,ANM,WE,Combined TRACON& Tower with Radar,34,57,36,0,127,0,5,59,0,64,34,62,95,0,191,94,0,94,285
02/09/2019,BIL,MT,ANM,WE,Combined TRACON& Tower with Radar,22,34,11,0,67,0,2,3,0,5,22,36,14,0,72,38,0,38,110
02/10/2019,BIL,MT,ANM,WE,Combined TRACON& Tower with Radar,25,27,18,2,72,0,6,24,0,30,25,33,42,2,102,24,0,24,126
02/11/2019,BIL,MT,ANM,WE,Combined TRACON& Tower with Radar,29,62,23,0,114,0,16,27,0,43,29,78,50,0,157,106,0,106,263
02/12/2019,BIL,MT,ANM,WE,Combined TRACON& Tower with Radar,37,60,20,0,117,0,21,50,0,71,37,81,70,0,188,128,0,128,316
02/13/2019,BIL,MT,ANM,WE,Combined TRACON& Tower with Radar,34,71,24,21,150,0,11,37,0,48,34,82,61,21,198,84,0,84,282
02/14/2019,BIL,MT,ANM,WE,Combined TRACON& Tower with Radar,35,58,27,13,133,0,15,44,0,59,35,73,71,13,192,100,0,100,292
02/15/2019,BIL,MT,ANM,WE,Combined TRACON& Tower with Radar,31,77,28,1,137,0,6,56,0,62,31,83,84,1,199,84,0,84,283
02/16/2019,BIL,MT,ANM,WE,Combined TRACON& Tower with Radar,23,61,10,4,98,0,1,1,0,2,23,62,11,4,100,0,0,0,100
02/17/2019,BIL,MT,ANM,WE,Combined TRACON& Tower with Radar,25,40,10,0,75,0,0,0,0,0,25,40,10,0,75,0,0,0,75
02/18/2019,BIL,MT,ANM,WE,Combined TRACON& Tower with Radar,29,59,29,0,117,0,7,20,0,27,29,66,49,0,144,49,0,49,193
02/19/2019,BIL,MT,ANM,WE,Combined TRACON& Tower with Radar,36,53,52,2,143,0,24,74,0,98,36,77,126,2,241,98,0,98,339
02/20/2019,BIL,MT,ANM,WE,Combined TRACON& Tower with Radar,33,66,36,0,135,0,21,36,0,57,33,87,72,0,192,118,0,118,310
02/21/2019,BIL,MT,ANM,WE,Combined TRACON& Tower with Radar,39,76,24,0,139,0,8,12,0,20,39,84,36,0,159,8,0,8,167
02/22/2019,BIL,MT,ANM,WE,Combined TRACON& Tower with Radar,32,62,22,2,118,4,22,67,0,93,36,84,89,2,211,162,0,162,373
02/23/2019,BIL,MT,ANM,WE,Combined TRACON& Tower with Radar,22,61,30,0,113,2,6,62,0,70,24,67,92,0,183,86,0,86,269
02/24/2019,BIL,MT,ANM,WE,Combined TRACON& Tower with Radar,28,30,13,0,71,0,0,0,0,0,28,30,13,0,71,0,0,0,71
02/25/2019,BIL,MT,ANM,WE,Combined TRACON& Tower with Radar,30,73,16,0,119,0,0,1,0,1,30,73,17,0,120,0,0,0,120
02/26/2019,BIL,MT,ANM,WE,Combined TRACON& Tower with Radar,32,71,16,0,119,0,0,1,0,1,32,71,17,0,120,0,0,0,120
02/27/2019,BIL,MT,ANM,WE,Combined TRACON& Tower with Radar,36,82,30,0,148,0,7,4,0,11,36,89,34,0,159,6,0,6,165
02/28/2019,BIL,MT,ANM,WE,Combined TRACON& Tower with Radar,39,72,23,7,141,0,13,27,0,40,39,85,50,7,181,19,6,25,206
03/01/2019,BIL,MT,ANM,WE,Combined TRACON& Tower with Radar,34,81,22,0,137,0,5,25,0,30,34,86,47,0,167,34,0,34,201
03/02/2019,BIL,MT,ANM,WE,Combined TRACON& Tower with Radar,22,51,16,0,89,0,1,2,0,3,22,52,18,0,92,0,0,0,92
03/03/2019,BIL,MT,ANM,WE,Combined TRACON& Tower with Radar,29,34,16,0,79,0,1,24,0,25,29,35,40,0,104,24,0,24,128
03/04/2019,BIL,MT,ANM,WE,Combined TRACON& Tower with Radar,28,50,21,0,99,0,16,17,0,33,28,66,38,0,132,38,2,40,172
03/05/2019,BIL,MT,ANM,WE,Combined TRACON& Tower with Radar,36,64,39,0,139,0,24,66,1,91,36,88,105,1,230,117,0,117,347
03/06/2019,BIL,MT,ANM,WE,Combined TRACON& Tower with Radar,36,79,23,0,138,0,6,5,0,11,36,85,28,0,149,2,0,2,151
03/07/2019,BIL,MT,ANM,WE,Combined TRACON& Tower with Radar,35,59,29,0,123,0,20,63,0,83,35,79,92,0,206,150,0,150,356
03/08/2019,BIL,MT,ANM,WE,Combined TRACON& Tower with Radar,32,71,27,4,134,0,9,26,0,35,32,80,53,4,169,65,0,65,234
03/09/2019,BIL,MT,ANM,WE,Combined TRACON& Tower with Radar,22,40,18,0,80,0,21,37,0,58,22,61,55,0,138,28,0,28,166
03/10/2019,BIL,MT,ANM,WE,Combined TRACON& Tower with Radar,27,23,13,2,65,0,10,40,0,50,27,33,53,2,115,69,0,69,184
03/11/2019,BIL,MT,ANM,WE,Combined TRACON& Tower with Radar,29,56,32,0,117,0,25,47,0,72,29,81,79,0,189,110,0,110,299
03/12/2019,BIL,MT,ANM,WE,Combined TRACON& Tower with Radar,38,50,30,81,199,0,34,101,0,135,38,84,131,81,334,240,18,258,592
03/13/2019,BIL,MT,ANM,WE,Combined TRACON& Tower with Radar,33,83,40,2,158,0,5,4,0,9,33,88,44,2,167,4,0,4,171
03/14/2019,BIL,MT,ANM,WE,Combined TRACON& Tower with Radar,39,56,35,22,152,0,31,77,0,108,39,87,112,22,260,142,26,168,428
03/15/2019,BIL,MT,ANM,WE,Combined TRACON& Tower with Radar,33,61,30,0,124,0,36,81,0,117,33,97,111,0,241,144,0,144,385
03/16/2019,BIL,MT,ANM,WE,Combined TRACON& Tower with Radar,26,53,31,0,110,0,21,74,0,95,26,74,105,0,205,174,0,174,379
03/17/2019,BIL,MT,ANM,WE,Combined TRACON& Tower with Radar,28,25,24,0,77,0,14,64,0,78,28,39,88,0,155,78,0,78,233
03/18/2019,BIL,MT,ANM,WE,Combined TRACON& Tower with Radar,31,51,19,23,124,0,27,76,1,104,31,78,95,24,228,214,6,220,448
03/19/2019,BIL,MT,ANM,WE,Combined TRACON& Tower with Radar,36,52,34,0,122,0,32,90,0,122,36,84,124,0,244,207,0,207,451
03/20/2019,BIL,MT,ANM,WE,Combined TRACON& Tower with Radar,36,50,42,14,142,0,40,81,0,121,36,90,123,14,263,200,24,224,487
03/21/2019,BIL,MT,ANM,WE,Combined TRACON& Tower with Radar,36,55,36,12,139,0,25,93,1,119,36,80,129,13,258,104,0,104,362
03/22/2019,BIL,MT,ANM,WE,Combined TRACON& Tower with Radar,32,64,30,0,126,0,38,79,1,118,32,102,109,1,244,120,0,120,364
03/23/2019,BIL,MT,ANM,WE,Combined TRACON& Tower with Radar,25,44,32,0,101,0,19,94,0,113,25,63,126,0,214,88,0,88,302
03/24/2019,BIL,MT,ANM,WE,Combined TRACON& Tower with Radar,28,44,16,0,88,0,0,29,0,29,28,44,45,0,117,70,0,70,187
03/25/2019,BIL,MT,ANM,WE,Combined TRACON& Tower with Radar,30,77,37,23,167,0,15,60,3,78,30,92,97,26,245,132,32,164,409
03/26/2019,BIL,MT,ANM,WE,Combined TRACON& Tower with Radar,39,59,35,0,133,0,33,73,0,106,39,92,108,0,239,73,0,73,312
03/27/2019,BIL,MT,ANM,WE,Combined TRACON& Tower with Radar,36,66,33,15,150,0,21,58,2,81,36,87,91,17,231,60,0,60,291
03/28/2019,BIL,MT,ANM,WE,Combined TRACON& Tower with Radar,38,83,24,2,147,0,0,0,0,0,38,83,24,2,147,0,0,0,147
03/29/2019,BIL,MT,ANM,WE,Combined TRACON& Tower with Radar,31,77,20,0,128,0,2,8,0,10,31,79,28,0,138,66,0,66,204
03/30/2019,BIL,MT,ANM,WE,Combined TRACON& Tower with Radar,25,42,22,2,91,0,25,101,1,127,25,67,123,3,218,166,0,166,384
03/31/2019,BIL,MT,ANM,WE,Combined TRACON& Tower with Radar,29,19,13,0,61,0,21,53,1,75,29,40,66,1,136,100,0,100,236
04/01/2019,BIL,MT,ANM,WE,Combined TRACON& Tower with Radar,31,69,13,0,113,0,4,10,0,14,31,73,23,0,127,38,0,38,165
04/02/2019,BIL,MT,ANM,WE,Combined TRACON& Tower with Radar,40,60,20,0,120,0,25,56,2,83,40,85,76,2,203,84,0,84,287
04/03/2019,BIL,MT,ANM,WE,Combined TRACON& Tower with Radar,38,68,36,13,155,0,25,60,1,86,38,93,96,14,241,107,6,113,354
04/04/2019,BIL,MT,ANM,WE,Combined TRACON& Tower with Radar,38,63,30,2,133,0,19,42,2,63,38,82,72,4,196,72,0,72,268
04/05/2019,BIL,MT,ANM,WE,Combined TRACON& Tower with Radar,34,63,23,2,122,0,17,67,0,84,34,80,90,2,206,150,0,150,356
04/06/2019,BIL,MT,ANM,WE,Combined TRACON& Tower with Radar,25,43,10,0,78,0,15,38,0,53,25,58,48,0,131,88,0,88,219
04/07/2019,BIL,MT,ANM,WE,Combined TRACON& Tower with Radar,28,36,16,0,80,0,14,15,0,29,28,50,31,0,109,22,0,22,131
04/08/2019,BIL,MT,ANM,WE,Combined TRACON& Tower with Radar,29,67,22,4,122,0,9,19,0,28,29,76,41,4,150,24,0,24,174
04/09/2019,BIL,MT,ANM,WE,Combined TRACON& Tower with Radar,36,77,18,2,133,0,0,4,0,4,36,77,22,2,137,0,0,0,137
04/10/2019,BIL,MT,ANM,WE,Combined TRACON& Tower with Radar,35,77,17,0,129,0,3,3,0,6,35,80,20,0,135,10,0,10,145
04/11/2019,BIL,MT,ANM,WE,Combined TRACON& Tower with Radar,32,68,35,16,151,0,7,32,0,39,32,75,67,16,190,44,0,44,234
04/12/2019,BIL,MT,ANM,WE,Combined TRACON& Tower with Radar,33,65,23,7,128,0,34,76,0,110,33,99,99,7,238,141,6,147,385
04/13/2019,BIL,MT,ANM,WE,Combined TRACON& Tower with Radar,23,39,24,0,86,0,25,76,1,102,23,64,100,1,188,70,0,70,258
04/14/2019,BIL,MT,ANM,WE,Combined TRACON& Tower with Radar,29,35,7,0,71,0,7,26,0,33,29,42,33,0,104,34,0,34,138
04/15/2019,BIL,MT,ANM,WE,Combined TRACON& Tower with Radar,32,71,40,0,143,0,26,42,1,69,32,97,82,1,212,104,0,104,316
04/16/2019,BIL,MT,ANM,WE,Combined TRACON& Tower with Radar,38,90,31,0,159,0,19,32,1,52,38,109,63,1,211,95,0,95,306
04/17/2019,BIL,MT,ANM,WE,Combined TRACON& Tower with Radar,38,74,30,0,142,0,15,33,0,48,38,89,63,0,190,121,0,121,311
04/18/2019,BIL,MT,ANM,WE,Combined TRACON& Tower with Radar,36,60,45,0,141,0,36,69,0,105,36,96,114,0,246,119,0,119,365
04/19/2019,BIL,MT,ANM,WE,Combined TRACON& Tower with Radar,32,54,13,4,103,0,35,59,0,94,32,89,72,4,197,48,0,48,245
04/20/2019,BIL,MT,ANM,WE,Combined TRACON& Tower with Radar,23,60,17,0,100,0,13,30,0,43,23,73,47,0,143,33,0,33,176
04/21/2019,BIL,MT,ANM,WE,Combined TRACON& Tower with Radar,28,44,10,0,82,0,0,4,0,4,28,44,14,0,86,0,0,0,86
04/22/2019,BIL,MT,ANM,WE,Combined TRACON& Tower with Radar,29,68,18,5,120,0,11,31,2,44,29,79,49,7,164,90,8,98,262
04/23/2019,BIL,MT,ANM,WE,Combined TRACON& Tower with Radar,35,67,27,13,142,0,25,51,2,78,35,92,78,15,220,66,20,86,306
04/24/2019,BIL,MT,ANM,WE,Combined TRACON& Tower with Radar,40,64,40,0,144,0,21,68,0,89,40,85,108,0,233,102,0,102,335
04/25/2019,BIL,MT,ANM,WE,Combined TRACON& Tower with Radar,36,64,34,0,134,0,17,76,1,94,36,81,110,1,228,65,0,65,293
04/26/2019,BIL,MT,ANM,WE,Combined TRACON& Tower with Radar,34,72,25,3,134,0,15,42,3,60,34,87,67,6,194,28,0,28,222
04/27/2019,BIL,MT,ANM,WE,Combined TRACON& Tower with Radar,25,56,21,0,102,0,7,52,0,59,25,63,73,0,161,66,0,66,227
04/28/2019,BIL,MT,ANM,WE,Combined TRACON& Tower with Radar,28,29,13,0,70,0,1,0,0,1,28,30,13,0,71,0,0,0,71
04/29/2019,BIL,MT,ANM,WE,Combined TRACON& Tower with Radar,29,68,9,0,106,0,0,21,0,21,29,68,30,0,127,66,0,66,193
04/30/2019,BIL,MT,ANM,WE,Combined TRACON& Tower with Radar,36,81,19,4,140,0,0,0,0,0,36,81,19,4,140,0,0,0,140
05/01/2019,BIL,MT,ANM,WE,Combined TRACON& Tower with Radar,34,66,33,14,147,0,10,60,5,75,34,76,93,19,222,126,22,148,370
05/02/2019,BIL,MT,ANM,WE,Combined TRACON& Tower with Radar,36,71,30,3,140,0,20,37,0,57,36,91,67,3,197,57,0,57,254
05/03/2019,BIL,MT,ANM,WE,Combined TRACON& Tower with Radar,36,60,35,5,136,0,26,58,3,87,36,86,93,8,223,68,0,68,291
05/04/2019,BIL,MT,ANM,WE,Combined TRACON& Tower with Radar,21,47,15,3,86,0,15,32,2,49,21,62,47,5,135,111,0,111,246
05/05/2019,BIL,MT,ANM,WE,Combined TRACON& Tower with Radar,28,39,11,2,80,0,0,3,2,5,28,39,14,4,85,0,0,0,85
05/06/2019,BIL,MT,ANM,WE,Combined TRACON& Tower with Radar,31,81,17,0,129,0,6,6,0,12,31,87,23,0,141,26,0,26,167
05/07/2019,BIL,MT,ANM,WE,Combined TRACON& Tower with Radar,36,107,38,2,183,0,18,49,0,67,36,125,87,2,250,98,0,98,348
05/08/2019,BIL,MT,ANM,WE,Combined TRACON& Tower with Radar,36,79,36,16,167,0,19,22,0,41,36,98,58,16,208,30,16,46,254
05/09/2019,BIL,MT,ANM,WE,Combined TRACON& Tower with Radar,38,82,38,0,158,0,32,65,0,97,38,114,103,0,255,58,0,58,313
05/10/2019,BIL,MT,ANM,WE,Combined TRACON& Tower with Radar,36,73,26,0,135,0,33,56,4,93,36,106,82,4,228,38,0,38,266
05/11/2019,BIL,MT,ANM,WE,Combined TRACON& Tower with Radar,23,56,16,3,98,0,31,49,3,83,23,87,65,6,181,28,0,28,209
05/12/2019,BIL,MT,ANM,WE,Combined TRACON& Tower with Radar,28,19,12,0,59,0,19,39,2,60,28,38,51,2,119,22,0,22,141
05/13/2019,BIL,MT,ANM,WE,Combined TRACON& Tower with Radar,33,58,26,2,119,0,34,67,0,101,33,92,93,2,220,88,0,88,308
05/14/2019,BIL,MT,ANM,WE,Combined TRACON& Tower with Radar,33,63,45,46,187,0,34,68,0,102,33,97,113,46,289,72,30,102,391
05/15/2019,BIL,MT,ANM,WE,Combined TRACON& Tower with Radar,35,68,39,26,168,0,26,91,12,129,35,94,130,38,297,110,24,134,431
05/16/2019,BIL,MT,ANM,WE,Combined TRACON& Tower with Radar,41,75,39,0,155,0,8,14,2,24,41,83,53,2,179,16,0,16,195
05/17/2019,BIL,MT,ANM,WE,Combined TRACON& Tower with Radar,36,86,16,0,138,0,0,0,0,0,36,86,16,0,138,0,0,0,138
05/18/2019,BIL,MT,ANM,WE,Combined TRACON& Tower with Radar,28,66,11,0,105,0,0,0,0,0,28,66,11,0,105,0,0,0,105
05/19/2019,BIL,MT,ANM,WE,Combined TRACON& Tower with Radar,26,44,16,0,86,0,5,7,0,12,26,49,23,0,98,0,0,0,98
05/20/2019,BIL,MT,ANM,WE,Combined TRACON& Tower with Radar,32,72,29,15,148,0,12,15,0,27,32,84,44,15,175,24,36,60,235
05/21/2019,BIL,MT,ANM,WE,Combined TRACON& Tower with Radar,34,96,26,0,156,0,0,0,0,0,34,96,26,0,156,4,0,4,160
05/22/2019,BIL,MT,ANM,WE,Combined TRACON& Tower with Radar,34,76,34,2,146,0,22,29,0,51,34,98,63,2,197,50,0,50,247
05/23/2019,BIL,MT,ANM,WE,Combined TRACON& Tower with Radar,37,59,49,0,145,0,39,81,0,120,37,98,130,0,265,88,0,88,353
05/24/2019,BIL,MT,ANM,WE,Combined TRACON& Tower with Radar,36,82,22,0,140,0,12,31,0,43,36,94,53,0,183,100,0,100,283
05/25/2019,BIL,MT,ANM,WE,Combined TRACON& Tower with Radar,25,39,40,0,104,0,31,93,4,128,25,70,133,4,232,65,0,65,297
05/26/2019,BIL,MT,ANM,WE,Combined TRACON& Tower with Radar,21,24,14,0,59,0,18,34,0,52,21,42,48,0,111,13,0,13,124
05/27/2019,BIL,MT,ANM,WE,Combined TRACON& Tower with Radar,29,50,18,0,97,0,0,0,0,0,29,50,18,0,97,0,0,0,97
05/28/2019,BIL,MT,ANM,WE,Combined TRACON& Tower with Radar,28,69,41,12,150,0,20,72,0,92,28,89,113,12,242,72,8,80,322
05/29/2019,BIL,MT,ANM,WE,Combined TRACON& Tower with Radar,34,67,65,3,169,0,32,122,2,156,34,99,187,5,325,196,0,196,521
05/30/2019,BIL,MT,ANM,WE,Combined TRACON& Tower with Radar,41,52,35,0,128,0,34,75,0,109,41,86,110,0,237,126,0,126,363
05/31/2019,BIL,MT,ANM,WE,Combined TRACON& Tower with Radar,34,61,13,0,108,0,23,35,0,58,34,84,48,0,166,32,0,32,198
06/01/2019,BIL,MT,ANM,WE,Combined TRACON& Tower with Radar,25,53,20,0,98,0,21,57,0,78,25,74,77,0,176,78,0,78,254
06/02/2019,BIL,MT,ANM,WE,Combined TRACON& Tower with Radar,31,22,14,6,73,0,22,40,0,62,31,44,54,6,135,75,52,127,262
06/03/2019,BIL,MT,ANM,WE,Combined TRACON& Tower with Radar,32,47,24,4,107,0,25,61,1,87,32,72,85,5,194,136,12,148,342
06/04/2019,BIL,MT,ANM,WE,Combined TRACON& Tower with Radar,37,51,33,0,121,0,35,73,0,108,37,86,106,0,229,92,0,92,321
06/05/2019,BIL,MT,ANM,WE,Combined TRACON& Tower with Radar,37,45,40,0,122,0,34,68,0,102,37,79,108,0,224,119,0,119,343
06/06/2019,BIL,MT,ANM,WE,Combined TRACON& Tower with Radar,46,48,28,0,122,0,32,29,0,61,46,80,57,0,183,62,0,62,245
06/07/2019,BIL,MT,ANM,WE,Combined TRACON& Tower with Radar,40,71,28,0,139,0,18,29,0,47,40,89,57,0,186,30,0,30,216
06/08/2019,BIL,MT,ANM,WE,Combined TRACON& Tower with Radar,31,73,15,0,119,0,3,3,0,6,31,76,18,0,125,0,0,0,125
06/09/2019,BIL,MT,ANM,WE,Combined TRACON& Tower with Radar,33,25,24,0,82,0,19,34,0,53,33,44,58,0,135,0,0,0,135
06/10/2019,BIL,MT,ANM,WE,Combined TRACON& Tower with Radar,36,54,40,0,130,0,23,66,2,91,36,77,106,2,221,62,0,62,283
06/11/2019,BIL,MT,ANM,WE,Combined TRACON& Tower with Radar,43,76,32,7,158,0,27,57,0,84,43,103,89,7,242,82,0,82,324
06/12/2019,BIL,MT,ANM,WE,Combined TRACON& Tower with Radar,41,72,39,1,153,0,10,52,2,64,41,82,91,3,217,58,0,58,275
06/13/2019,BIL,MT,ANM,WE,Combined TRACON& Tower with Radar,44,64,36,4,148,0,21,54,0,75,44,85,90,4,223,17,0,17,240
06/14/2019,BIL,MT,ANM,WE,Combined TRACON& Tower with Radar,43,62,27,5,137,0,23,43,0,66,43,85,70,5,203,42,0,42,245
06/15/2019,BIL,MT,ANM,WE,Combined TRACON& Tower with Radar,30,48,32,1,111,0,31,63,6,100,30,79,95,7,211,50,0,50,261
06/16/2019,BIL,MT,ANM,WE,Combined TRACON& Tower with Radar,35,36,17,2,90,0,15,43,0,58,35,51,60,2,148,20,0,20,168
06/17/2019,BIL,MT,ANM,WE,Combined TRACON& Tower with Radar,37,56,22,0,115,0,28,52,0,80,37,84,74,0,195,51,0,51,246
06/18/2019,BIL,MT,ANM,WE,Combined TRACON& Tower with Radar,46,70,44,0,160,0,28,48,2,78,46,98,92,2,238,60,0,60,298
06/19/2019,BIL,MT,ANM,WE,Combined TRACON& Tower with Radar,40,68,48,2,158,0,19,60,4,83,40,87,108,6,241,106,0,106,347
06/20/2019,BIL,MT,ANM,WE,Combined TRACON& Tower with Radar,49,76,37,0,162,0,20,51,0,71,49,96,88,0,233,36,0,36,269
06/21/2019,BIL,MT,ANM,WE,Combined TRACON& Tower with Radar,42,76,29,0,147,0,4,24,0,28,42,80,53,0,175,10,0,10,185
06/22/2019,BIL,MT,ANM,WE,Combined TRACON& Tower with Radar,32,66,19,0,117,0,1,11,0,12,32,67,30,0,129,16,0,16,145
06/23/2019,BIL,MT,ANM,WE,Combined TRACON& Tower with Radar,37,33,13,2,85,0,18,48,0,66,37,51,61,2,151,14,0,14,165
06/24/2019,BIL,MT,ANM,WE,Combined TRACON& Tower with Radar,38,57,46,0,141,0,19,65,0,84,38,76,111,0,225,87,0,87,312
06/25/2019,BIL,MT,ANM,WE,Combined TRACON& Tower with Radar,50,72,47,0,169,0,28,61,0,89,50,100,108,0,258,44,0,44,302
06/26/2019,BIL,MT,ANM,WE,Combined TRACON& Tower with Radar,43,52,30,2,127,0,25,51,0,76,43,77,81,2,203,108,0,108,311
06/27/2019,BIL,MT,ANM,WE,Combined TRACON& Tower with Radar,48,70,29,6,153,0,35,67,1,103,48,105,96,7,256,50,0,50,306
06/28/2019,BIL,MT,ANM,WE,Combined TRACON& Tower with Radar,39,79,46,16,180,0,17,56,0,73,39,96,102,16,253,86,10,96,349
06/29/2019,BIL,MT,ANM,WE,Combined TRACON& Tower with Radar,36,63,13,1,113,0,24,52,1,77,36,87,65,2,190,78,0,78,268
06/30/2019,BIL,MT,ANM,WE,Combined TRACON& Tower with Radar,35,38,23,0,96,0,19,38,0,57,35,57,61,0,153,39,0,39,192
07/01/2019,BIL,MT,ANM,WE,Combined TRACON& Tower with Radar,42,68,16,2,128,0,21,30,0,51,42,89,46,2,179,62,0,62,241
07/02/2019,BIL,MT,ANM,WE,Combined TRACON& Tower with Radar,47,97,29,2,175,0,15,30,2,47,47,112,59,4,222,60,0,60,282
07/03/2019,BIL,MT,ANM,WE,Combined TRACON& Tower with Radar,43,91,31,0,165,0,5,17,0,22,43,96,48,0,187,49,0,49,236
07/04/2019,BIL,MT,ANM,WE,Combined TRACON& Tower with Radar,35,41,19,0,95,0,7,15,0,22,35,48,34,0,117,23,0,23,140
07/05/2019,BIL,MT,ANM,WE,Combined TRACON& Tower with Radar,36,66,21,0,123,0,15,10,0,25,36,81,31,0,148,11,0,11,159
07/06/2019,BIL,MT,ANM,WE,Combined TRACON& Tower with Radar,34,40,34,0,108,0,19,66,0,85,34,59,100,0,193,120,0,120,313
07/07/2019,BIL,MT,ANM,WE,Combined TRACON& Tower with Radar,36,22,17,0,75,0,20,43,0,63,36,42,60,0,138,34,0,34,172
07/08/2019,BIL,MT,ANM,WE,Combined TRACON& Tower with Radar,40,61,29,0,130,0,23,37,0,60,40,84,66,0,190,30,0,30,220
07/09/2019,BIL,MT,ANM,WE,Combined TRACON& Tower with Radar,45,83,48,0,176,0,8,71,0,79,45,91,119,0,255,46,0,46,301
07/10/2019,BIL,MT,ANM,WE,Combined TRACON& Tower with Radar,43,69,51,1,164,0,30,106,1,137,43,99,157,2,301,104,0,104,405
07/11/2019,BIL,MT,ANM,WE,Combined TRACON& Tower with Radar,45,57,37,6,145,0,27,61,0,88,45,84,98,6,233,53,8,61,294
07/12/2019,BIL,MT,ANM,WE,Combined TRACON& Tower with Radar,45,46,39,0,130,0,31,91,0,122,45,77,130,0,252,83,0,83,335
07/13/2019,BIL,MT,ANM,WE,Combined TRACON& Tower with Radar,35,39,25,1,100,0,24,73,2,99,35,63,98,3,199,65,0,65,264
07/14/2019,BIL,MT,ANM,WE,Combined TRACON& Tower with Radar,37,21,25,0,83,0,24,53,0,77,37,45,78,0,160,58,0,58,218
07/15/2019,BIL,MT,ANM,WE,Combined TRACON& Tower with Radar,39,54,30,1,124,0,20,61,1,82,39,74,91,2,206,27,0,27,233
07/16/2019,BIL,MT,ANM,WE,Combined TRACON& Tower with Radar,51,71,33,0,155,0,17,39,0,56,51,88,72,0,211,68,0,68,279
07/17/2019,BIL,MT,ANM,WE,Combined TRACON& Tower with Radar,42,58,32,0,132,0,34,89,0,123,42,92,121,0,255,122,0,122,377
07/18/2019,BIL,MT,ANM,WE,Combined TRACON& Tower with Radar,47,64,36,0,147,0,41,63,0,104,47,105,99,0,251,74,0,74,325
07/19/2019,BIL,MT,ANM,WE,Combined TRACON& Tower with Radar,47,58,35,4,144,0,40,99,4,143,47,98,134,8,287,180,0,180,467
07/20/2019,BIL,MT,ANM,WE,Combined TRACON& Tower with Radar,33,40,14,2,89,0,30,83,1,114,33,70,97,3,203,78,0,78,281
07/21/2019,BIL,MT,ANM,WE,Combined TRACON& Tower with Radar,34,31,17,5,87,0,24,76,0,100,34,55,93,5,187,87,0,87,274
07/22/2019,BIL,MT,ANM,WE,Combined TRACON& Tower with Radar,39,62,35,0,136,0,32,51,0,83,39,94,86,0,219,46,0,46,265
07/23/2019,BIL,MT,ANM,WE,Combined TRACON& Tower with Radar,48,69,31,6,154,0,36,57,12,105,48,105,88,18,259,129,10,139,398
07/24/2019,BIL,MT,ANM,WE,Combined TRACON& Tower with Radar,44,58,44,1,147,0,26,73,4,103,44,84,117,5,250,78,0,78,328
07/25/2019,BIL,MT,ANM,WE,Combined TRACON& Tower with Radar,47,62,50,2,161,0,34,68,0,102,47,96,118,2,263,66,0,66,329
07/26/2019,BIL,MT,ANM,WE,Combined TRACON& Tower with Radar,43,48,28,11,130,0,39,91,0,130,43,87,119,11,260,131,58,189,449
07/27/2019,BIL,MT,ANM,WE,Combined TRACON& Tower with Radar,34,38,29,0,101,0,25,46,0,71,34,63,75,0,172,26,0,26,198
07/28/2019,BIL,MT,ANM,WE,Combined TRACON& Tower with Radar,36,24,29,5,94,0,27,67,0,94,36,51,96,5,188,52,0,52,240
07/29/2019,BIL,MT,ANM,WE,Combined TRACON& Tower with Radar,39,46,33,6,124,0,28,78,0,106,39,74,111,6,230,127,0,127,357
07/30/2019,BIL,MT,ANM,WE,Combined TRACON& Tower with Radar,50,49,40,0,139,0,34,65,0,99,50,83,105,0,238,70,4,74,312
07/31/2019,BIL,MT,ANM,WE,Combined TRACON& Tower with Radar,39,72,36,0,147,0,31,65,0,96,39,103,101,0,243,30,0,30,273
08/01/2019,BIL,MT,ANM,WE,Combined TRACON& Tower with Radar,42,70,41,2,155,0,27,62,0,89,42,97,103,2,244,91,0,91,335
08/02/2019,BIL,MT,ANM,WE,Combined TRACON& Tower with Radar,39,58,21,4,122,0,44,63,0,107,39,102,84,4,229,73,0,73,302
08/03/2019,BIL,MT,ANM,WE,Combined TRACON& Tower with Radar,32,36,26,0,94,0,31,58,0,89,32,67,84,0,183,4,0,4,187
08/04/2019,BIL,MT,ANM,WE,Combined TRACON& Tower with Radar,34,27,13,2,76,0,31,47,0,78,34,58,60,2,154,40,0,40,194
08/05/2019,BIL,MT,ANM,WE,Combined TRACON& Tower with Radar,35,47,32,4,118,0,30,54,2,86,35,77,86,6,204,25,4,29,233
08/06/2019,BIL,MT,ANM,WE,Combined TRACON& Tower with Radar,42,61,29,1,133,0,32,65,2,99,42,93,94,3,232,88,0,88,320
08/07/2019,BIL,MT,ANM,WE,Combined TRACON& Tower with Radar,37,71,39,2,149,0,36,66,1,103,37,107,105,3,252,78,12,90,342
08/08/2019,BIL,MT,ANM,WE,Combined TRACON& Tower with Radar,41,60,39,6,146,0,34,54,1,89,41,94,93,7,235,35,24,59,294
08/09/2019,BIL,MT,ANM,WE,Combined TRACON& Tower with Radar,40,72,30,0,142,0,27,48,0,75,40,99,78,0,217,16,0,16,233
08/10/2019,BIL,MT,ANM,WE,Combined TRACON& Tower with Radar,31,49,20,0,100,0,15,46,2,63,31,64,66,2,163,5,0,5,168
08/11/2019,BIL,MT,ANM,WE,Combined TRACON& Tower with Radar,32,43,23,1,99,0,1,12,1,14,32,44,35,2,113,0,0,0,113
08/12/2019,BIL,MT,ANM,WE,Combined TRACON& Tower with Radar,38,57,39,1,135,0,21,52,0,73,38,78,91,1,208,34,0,34,242
08/13/2019,BIL,MT,ANM,WE,Combined TRACON& Tower with Radar,44,81,29,1,155,0,16,80,1,97,44,97,109,2,252,80,0,80,332
08/14/2019,BIL,MT,ANM,WE,Combined TRACON& Tower with Radar,37,68,32,1,138,0,27,48,1,76,37,95,80,2,214,28,0,28,242
08/15/2019,BIL,MT,ANM,WE,Combined TRACON& Tower with Radar,41,61,31,4,137,0,29,31,1,61,41,90,62,5,198,21,0,21,219
08/16/2019,BIL,MT,ANM,WE,Combined TRACON& Tower with Radar,37,66,30,0,133,0,28,45,2,75,37,94,75,2,208,37,0,37,245
08/17/2019,BIL,MT,ANM,WE,Combined TRACON& Tower with Radar,30,58,25,1,114,0,5,10,2,17,30,63,35,3,131,23,0,23,154
08/18/2019,BIL,MT,ANM,WE,Combined TRACON& Tower with Radar,32,37,35,2,106,0,13,45,0,58,32,50,80,2,164,34,0,34,198
08/19/2019,BIL,MT,ANM,WE,Combined TRACON& Tower with Radar,31,46,39,2,118,0,31,57,0,88,31,77,96,2,206,86,0,86,292
08/20/2019,BIL,MT,ANM,WE,Combined TRACON& Tower with Radar,39,74,37,2,152,0,34,51,0,85,39,108,88,2,237,46,0,46,283
08/21/2019,BIL,MT,ANM,WE,Combined TRACON& Tower with Radar,35,68,43,4,150,0,41,74,3,118,35,109,117,7,268,82,0,82,350
08/22/2019,BIL,MT,ANM,WE,Combined TRACON& Tower with Radar,40,70,36,0,146,0,34,65,2,101,40,104,101,2,247,92,0,92,339
08/23/2019,BIL,MT,ANM,WE,Combined TRACON& Tower with Radar,35,85,42,0,162,0,13,34,1,48,35,98,76,1,210,48,0,48,258
08/24/2019,BIL,MT,ANM,WE,Combined TRACON& Tower with Radar,31,42,24,0,97,0,34,62,0,96,31,76,86,0,193,69,0,69,262
08/25/2019,BIL,MT,ANM,WE,Combined TRACON& Tower with Radar,31,26,11,0,68,0,24,44,0,68,31,50,55,0,136,94,0,94,230
08/26/2019,BIL,MT,ANM,WE,Combined TRACON& Tower with Radar,32,56,27,0,115,0,27,86,0,113,32,83,113,0,228,82,0,82,310
08/27/2019,BIL,MT,ANM,WE,Combined TRACON& Tower with Radar,37,71,42,0,150,0,34,90,0,124,37,105,132,0,274,159,0,159,433
08/28/2019,BIL,MT,ANM,WE,Combined TRACON& Tower with Radar,38,66,35,0,139,0,45,130,0,175,38,111,165,0,314,132,0,132,446
08/29/2019,BIL,MT,ANM,WE,Combined TRACON& Tower with Radar,39,67,36,0,142,0,53,102,0,155,39,120,138,0,297,103,0,103,400
08/30/2019,BIL,MT,ANM,WE,Combined TRACON& Tower with Radar,37,73,33,2,145,0,31,69,2,102,37,104,102,4,247,55,0,55,302
08/31/2019,BIL,MT,ANM,WE,Combined TRACON& Tower with Radar,27,40,15,0,82,0,30,36,0,66,27,70,51,0,148,62,0,62,210
09/01/2019,BIL,MT,ANM,WE,Combined TRACON& Tower with Radar,24,25,25,0,74,1,20,55,2,78,25,45,80,2,152,24,0,24,176
09/02/2019,BIL,MT,ANM,WE,Combined TRACON& Tower with Radar,24,30,18,0,72,0,15,33,1,49,24,45,51,1,121,40,0,40,161
09/03/2019,BIL,MT,ANM,WE,Combined TRACON& Tower with Radar,25,52,46,0,123,0,43,67,0,110,25,95,113,0,233,66,0,66,299
09/04/2019,BIL,MT,ANM,WE,Combined TRACON& Tower with Radar,32,63,38,18,151,0,36,51,2,89,32,99,89,20,240,12,16,28,268
09/05/2019,BIL,MT,ANM,WE,Combined TRACON& Tower with Radar,36,71,41,5,153,0,37,81,1,119,36,108,122,6,272,42,18,60,332
09/06/2019,BIL,MT,ANM,WE,Combined TRACON& Tower with Radar,32,71,43,0,146,0,25,54,0,79,32,96,97,0,225,74,0,74,299
09/07/2019,BIL,MT,ANM,WE,Combined TRACON& Tower with Radar,25,53,55,0,133,0,4,30,0,34,25,57,85,0,167,50,0,50,217
09/08/2019,BIL,MT,ANM,WE,Combined TRACON& Tower with Radar,28,37,19,4,88,0,2,21,1,24,28,39,40,5,112,38,12,50,162
09/09/2019,BIL,MT,ANM,WE,Combined TRACON& Tower with Radar,28,70,22,0,120,0,9,29,0,38,28,79,51,0,158,110,0,110,268
09/10/2019,BIL,MT,ANM,WE,Combined TRACON& Tower with Radar,36,105,28,0,169,0,6,46,0,52,36,111,74,0,221,62,0,62,283
09/11/2019,BIL,MT,ANM,WE,Combined TRACON& Tower with Radar,34,85,44,0,163,0,1,1,0,2,34,86,45,0,165,0,0,0,165
09/12/2019,BIL,MT,ANM,WE,Combined TRACON& Tower with Radar,38,78,36,3,155,0,16,82,0,98,38,94,118,3,253,114,0,114,367
09/13/2019,BIL,MT,ANM,WE,Combined TRACON& Tower with Radar,32,63,48,2,145,0,28,97,1,126,32,91,145,3,271,96,0,96,367
09/14/2019,BIL,MT,ANM,WE,Combined TRACON& Tower with Radar,29,35,23,0,87,0,30,81,3,114,29,65,104,3,201,97,0,97,298
09/15/2019,BIL,MT,ANM,WE,Combined TRACON& Tower with Radar,29,17,20,0,66,0,24,46,0,70,29,41,66,0,136,40,0,40,176
09/16/2019,BIL,MT,ANM,WE,Combined TRACON& Tower with Radar,27,39,38,10,114,0,36,91,1,128,27,75,129,11,242,81,0,81,323
09/17/2019,BIL,MT,ANM,WE,Combined TRACON& Tower with Radar,34,86,39,0,159,0,14,30,1,45,34,100,69,1,204,40,0,40,244
09/18/2019,BIL,MT,ANM,WE,Combined TRACON& Tower with Radar,32,73,62,25,192,0,38,107,0,145,32,111,169,25,337,126,20,146,483
09/19/2019,BIL,MT,ANM,WE,Combined TRACON& Tower with Radar,36,59,42,0,137,0,33,73,0,106,36,92,115,0,243,58,0,58,301
09/20/2019,BIL,MT,ANM,WE,Combined TRACON& Tower with Radar,29,95,25,8,157,0,9,41,0,50,29,104,66,8,207,64,12,76,283
09/21/2019,BIL,MT,ANM,WE,Combined TRACON& Tower with Radar,27,54,10,0,91,0,12,23,0,35,27,66,33,0,126,11,0,11,137
09/22/2019,BIL,MT,ANM,WE,Combined TRACON& Tower with Radar,28,29,23,0,80,0,24,49,0,73,28,53,72,0,153,60,0,60,213
09/23/2019,BIL,MT,ANM,WE,Combined TRACON& Tower with Radar,27,60,42,0,129,0,33,121,0,154,27,93,163,0,283,68,0,68,351
09/24/2019,BIL,MT,ANM,WE,Combined TRACON& Tower with Radar,34,85,23,2,144,0,28,40,9,77,34,113,63,11,221,96,30,126,347
09/25/2019,BIL,MT,ANM,WE,Combined TRACON& Tower with Radar,32,81,34,4,151,0,24,61,0,85,32,105,95,4,236,15,0,15,251
09/26/2019,BIL,MT,ANM,WE,Combined TRACON& Tower with Radar,36,72,34,0,142,0,23,39,4,66,36,95,73,4,208,28,0,28,236
09/27/2019,BIL,MT,ANM,WE,Combined TRACON& Tower with Radar,29,84,34,0,147,0,13,29,0,42,29,97,63,0,189,88,0,88,277
09/28/2019,BIL,MT,ANM,WE,Combined TRACON& Tower with Radar,28,56,5,0,89,0,0,0,0,0,28,56,5,0,89,0,0,0,89
09/29/2019,BIL,MT,ANM,WE,Combined TRACON& Tower with Radar,27,49,12,0,88,0,2,0,0,2,27,51,12,0,90,0,0,0,90
09/30/2019,BIL,MT,ANM,WE,Combined TRACON& Tower with Radar,28,72,40,0,140,0,11,80,2,93,28,83,120,2,233,157,0,157,390
10/01/2019,BIL,MT,ANM,WE,Combined TRACON& Tower with Radar,36,88,30,0,154,0,0,0,0,0,36,88,30,0,154,0,0,0,154
10/02/2019,BIL,MT,ANM,WE,Combined TRACON& Tower with Radar,34,80,33,0,147,0,10,26,0,36,34,90,59,0,183,50,0,50,233
10/03/2019,BIL,MT,ANM,WE,Combined TRACON& Tower with Radar,38,64,33,0,135,0,23,133,0,156,38,87,166,0,291,233,0,233,524
10/04/2019,BIL,MT,ANM,WE,Combined TRACON& Tower with Radar,32,77,35,3,147,0,15,58,0,73,32,92,93,3,220,40,0,40,260
10/05/2019,BIL,MT,ANM,WE,Combined TRACON& Tower with Radar,25,34,7,0,66,0,23,35,0,58,25,57,42,0,124,28,0,28,152
10/06/2019,BIL,MT,ANM,WE,Combined TRACON& Tower with Radar,30,14,12,0,56,0,24,57,2,83,30,38,69,2,139,92,0,92,231
10/07/2019,BIL,MT,ANM,WE,Combined TRACON& Tower with Radar,29,54,41,2,126,0,28,92,0,120,29,82,133,2,246,142,0,142,388
10/08/2019,BIL,MT,ANM,WE,Combined TRACON& Tower with Radar,40,64,46,0,150,0,25,34,0,59,40,89,80,0,209,53,0,53,262
10/09/2019,BIL,MT,ANM,WE,Combined TRACON& Tower with Radar,39,72,17,0,128,0,0,0,0,0,39,72,17,0,128,0,0,0,128
10/10/2019,BIL,MT,ANM,WE,Combined TRACON& Tower with Radar,40,79,40,0,159,0,9,43,0,52,40,88,83,0,211,93,0,93,304
10/11/2019,BIL,MT,ANM,WE,Combined TRACON& Tower with Radar,31,61,33,4,129,0,33,60,0,93,31,94,93,4,222,149,0,149,371
10/12/2019,BIL,MT,ANM,WE,Combined TRACON& Tower with Radar,27,31,24,0,82,0,27,103,1,131,27,58,127,1,213,142,0,142,355
10/13/2019,BIL,MT,ANM,WE,Combined TRACON& Tower with Radar,30,8,14,0,52,0,29,69,0,98,30,37,83,0,150,32,0,32,182
10/14/2019,BIL,MT,ANM,WE,Combined TRACON& Tower with Radar,29,51,25,0,105,0,23,46,0,69,29,74,71,0,174,58,0,58,232
10/15/2019,BIL,MT,ANM,WE,Combined TRACON& Tower with Radar,40,81,36,4,161,0,37,80,0,117,40,118,116,4,278,178,0,178,456
10/16/2019,BIL,MT,ANM,WE,Combined TRACON& Tower with Radar,34,73,31,8,146,0,37,90,0,127,34,110,121,8,273,100,14,114,387
10/17/2019,BIL,MT,ANM,WE,Combined TRACON& Tower with Radar,40,59,32,0,131,0,34,77,0,111,40,93,109,0,242,146,0,146,388
10/18/2019,BIL,MT,ANM,WE,Combined TRACON& Tower with Radar,32,67,16,0,115,0,42,32,0,74,32,109,48,0,189,16,0,16,205
10/19/2019,BIL,MT,ANM,WE,Combined TRACON& Tower with Radar,25,46,23,2,96,0,35,65,4,104,25,81,88,6,200,108,0,108,308
10/20/2019,BIL,MT,ANM,WE,Combined TRACON& Tower with Radar,30,36,16,0,82,0,7,9,0,16,30,43,25,0,98,0,0,0,98
10/21/2019,BIL,MT,ANM,WE,Combined TRACON& Tower with Radar,31,58,29,0,118,0,31,43,0,74,31,89,72,0,192,54,0,54,246
10/22/2019,BIL,MT,ANM,WE,Combined TRACON& Tower with Radar,40,76,18,0,134,0,22,8,0,30,40,98,26,0,164,8,0,8,172
10/23/2019,BIL,MT,ANM,WE,Combined TRACON& Tower with Radar,34,91,28,0,153,0,17,26,2,45,34,108,54,2,198,8,0,8,206
10/24/2019,BIL,MT,ANM,WE,Combined TRACON& Tower with Radar,38,70,39,0,147,0,29,54,0,83,38,99,93,0,230,60,0,60,290
10/25/2019,BIL,MT,ANM,WE,Combined TRACON& Tower with Radar,33,50,26,1,110,0,35,34,2,71,33,85,60,3,181,11,0,11,192
10/26/2019,BIL,MT,ANM,WE,Combined TRACON& Tower with Radar,24,56,7,0,87,0,6,10,0,16,24,62,17,0,103,4,0,4,107
10/27/2019,BIL,MT,ANM,WE,Combined TRACON& Tower with Radar,31,33,9,0,73,0,4,40,2,46,31,37,49,2,119,60,0,60,179
10/28/2019,BIL,MT,ANM,WE,Combined TRACON& Tower with Radar,28,64,16,0,108,0,0,6,0,6,28,64,22,0,114,22,0,22,136
10/29/2019,BIL,MT,ANM,WE,Combined TRACON& Tower with Radar,36,84,39,0,159,0,7,59,0,66,36,91,98,0,225,70,0,70,295
10/30/2019,BIL,MT,ANM,WE,Combined TRACON& Tower with Radar,34,59,27,2,122,1,29,65,0,95,35,88,92,2,217,108,0,108,325
10/31/2019,BIL,MT,ANM,WE,Combined TRACON& Tower with Radar,33,67,21,2,123,0,9,25,0,34,33,76,46,2,157,50,0,50,207
11/01/2019,BIL,MT,ANM,WE,Combined TRACON& Tower with Radar,26,87,32,0,145,0,4,73,1,78,26,91,105,1,223,188,0,188,411
11/02/2019,BIL,MT,ANM,WE,Combined TRACON& Tower with Radar,26,51,23,0,100,0,14,69,0,83,26,65,92,0,183,36,0,36,219
11/03/2019,BIL,MT,ANM,WE,Combined TRACON& Tower with Radar,29,42,17,0,88,0,0,18,0,18,29,42,35,0,106,46,0,46,152
11/04/2019,BIL,MT,ANM,WE,Combined TRACON& Tower with Radar,24,77,17,0,118,0,0,0,0,0,24,77,17,0,118,0,0,0,118
11/05/2019,BIL,MT,ANM,WE,Combined TRACON& Tower with Radar,33,92,32,0,157,0,4,42,0,46,33,96,74,0,203,26,0,26,229
11/06/2019,BIL,MT,ANM,WE,Combined TRACON& Tower with Radar,29,78,31,0,138,0,2,3,0,5,29,80,34,0,143,0,0,0,143
11/07/2019,BIL,MT,ANM,WE,Combined TRACON& Tower with Radar,34,63,31,0,128,0,39,32,1,72,34,102,63,1,200,20,1,21,221
11/08/2019,BIL,MT,ANM,WE,Combined TRACON& Tower with Radar,32,63,29,1,125,0,28,55,1,84,32,91,84,2,209,44,0,44,253
11/09/2019,BIL,MT,ANM,WE,Combined TRACON& Tower with Radar,25,56,18,0,99,0,17,61,0,78,25,73,79,0,177,66,0,66,243
11/10/2019,BIL,MT,ANM,WE,Combined TRACON& Tower with Radar,27,43,5,0,75,0,0,0,0,0,27,43,5,0,75,0,0,0,75
11/11/2019,BIL,MT,ANM,WE,Combined TRACON& Tower with Radar,27,56,29,0,112,0,38,47,0,85,27,94,76,0,197,78,0,78,275
11/12/2019,BIL,MT,ANM,WE,Combined TRACON& Tower with Radar,39,84,35,0,158,0,33,28,0,61,39,117,63,0,219,98,0,98,317
11/13/2019,BIL,MT,ANM,WE,Combined TRACON& Tower with Radar,32,90,49,0,171,0,12,78,5,95,32,102,127,5,266,100,0,100,366
11/14/2019,BIL,MT,ANM,WE,Combined TRACON& Tower with Radar,33,76,31,24,164,0,21,85,0,106,33,97,116,24,270,218,10,228,498
11/15/2019,BIL,MT,ANM,WE,Combined TRACON& Tower with Radar,33,75,32,16,156,0,37,63,0,100,33,112,95,16,256,52,0,52,308
11/16/2019,BIL,MT,ANM,WE,Combined TRACON& Tower with Radar,27,44,14,1,86,0,22,41,0,63,27,66,55,1,149,162,0,162,311
11/17/2019,BIL,MT,ANM,WE,Combined TRACON& Tower with Radar,26,31,9,0,66,0,11,15,0,26,26,42,24,0,92,0,0,0,92
11/18/2019,BIL,MT,ANM,WE,Combined TRACON& Tower with Radar,28,57,38,3,126,0,22,88,3,113,28,79,126,6,239,78,30,108,347
11/19/2019,BIL,MT,ANM,WE,Combined TRACON& Tower with Radar,33,91,33,0,157,0,24,51,2,77,33,115,84,2,234,52,0,52,286
11/20/2019,BIL,MT,ANM,WE,Combined TRACON& Tower with Radar,32,100,42,0,174,0,3,3,0,6,32,103,45,0,180,34,0,34,214
11/21/2019,BIL,MT,ANM,WE,Combined TRACON& Tower with Radar,36,76,46,14,172,0,24,94,1,119,36,100,140,15,291,91,14,105,396
11/22/2019,BIL,MT,ANM,WE,Combined TRACON& Tower with Radar,32,76,29,0,137,0,37,40,0,77,32,113,69,0,214,28,0,28,242
11/23/2019,BIL,MT,ANM,WE,Combined TRACON& Tower with Radar,29,45,20,2,96,0,37,37,0,74,29,82,57,2,170,6,0,6,176
11/24/2019,BIL,MT,ANM,WE,Combined TRACON& Tower with Radar,28,36,8,0,72,0,14,3,0,17,28,50,11,0,89,0,0,0,89
11/25/2019,BIL,MT,ANM,WE,Combined TRACON& Tower with Radar,29,79,16,16,140,0,17,54,0,71,29,96,70,16,211,96,20,116,327
11/26/2019,BIL,MT,ANM,WE,Combined TRACON& Tower with Radar,42,93,43,32,210,0,16,38,0,54,42,109,81,32,264,94,12,106,370
11/27/2019,BIL,MT,ANM,WE,Combined TRACON& Tower with Radar,36,89,47,0,172,0,4,32,0,36,36,93,79,0,208,44,0,44,252
11/28/2019,BIL,MT,ANM,WE,Combined TRACON& Tower with Radar,21,26,4,0,51,0,0,1,0,1,21,26,5,0,52,0,0,0,52
11/29/2019,BIL,MT,ANM,WE,Combined TRACON& Tower with Radar,25,57,9,6,97,0,0,0,0,0,25,57,9,6,97,0,0,0,97
11/30/2019,BIL,MT,ANM,WE,Combined TRACON& Tower with Radar,23,30,4,0,57,0,2,5,0,7,23,32,9,0,64,0,0,0,64
12/01/2019,BIL,MT,ANM,WE,Combined TRACON& Tower with Radar,34,41,13,0,88,0,16,21,0,37,34,57,34,0,125,35,0,35,160
12/02/2019,BIL,MT,ANM,WE,Combined TRACON& Tower with Radar,36,55,25,2,118,0,29,61,0,90,36,84,86,2,208,48,0,48,256
12/03/2019,BIL,MT,ANM,WE,Combined TRACON& Tower with Radar,33,82,41,12,168,0,26,28,0,54,33,108,69,12,222,18,0,18,240
12/04/2019,BIL,MT,ANM,WE,Combined TRACON& Tower with Radar,39,78,49,10,176,0,35,67,1,103,39,113,116,11,279,230,20,250,529
12/05/2019,BIL,MT,ANM,WE,Combined TRACON& Tower with Radar,47,95,42,0,184,0,8,36,0,44,47,103,78,0,228,62,0,62,290
12/06/2019,BIL,MT,ANM,WE,Combined TRACON& Tower with Radar,35,73,39,1,148,0,37,65,0,102,35,110,104,1,250,132,0,132,382
12/07/2019,BIL,MT,ANM,WE,Combined TRACON& Tower with Radar,23,40,21,1,85,0,32,53,0,85,23,72,74,1,170,113,0,113,283
12/08/2019,BIL,MT,ANM,WE,Combined TRACON& Tower with Radar,31,26,10,1,68,0,0,4,0,4,31,26,14,1,72,8,0,8,80
12/09/2019,BIL,MT,ANM,WE,Combined TRACON& Tower with Radar,29,86,27,0,142,0,19,40,0,59,29,105,67,0,201,46,0,46,247
12/10/2019,BIL,MT,ANM,WE,Combined TRACON& Tower with Radar,35,100,38,0,173,0,18,65,0,83,35,118,103,0,256,70,0,70,326
12/11/2019,BIL,MT,ANM,WE,Combined TRACON& Tower with Radar,38,99,42,36,215,0,16,66,0,82,38,115,108,36,297,165,42,207,504
12/12/2019,BIL,MT,ANM,WE,Combined TRACON& Tower with Radar,39,99,51,16,205,0,8,56,1,65,39,107,107,17,270,75,20,95,365
12/13/2019,BIL,MT,ANM,WE,Combined TRACON& Tower with Radar,25,59,23,0,107,1,0,3,1,5,26,59,26,1,112,0,0,0,112
12/14/2019,BIL,MT,ANM,WE,Combined TRACON& Tower with Radar,30,46,39,1,116,0,0,9,0,9,30,46,48,1,125,0,0,0,125
12/15/2019,BIL,MT,ANM,WE,Combined TRACON& Tower with Radar,34,33,7,1,75,0,4,32,0,36,34,37,39,1,111,42,0,42,153
12/16/2019,BIL,MT,ANM,WE,Combined TRACON& Tower with Radar,31,63,24,0,118,0,25,54,1,80,31,88,78,1,198,85,0,85,283
12/17/2019,BIL,MT,ANM,WE,Combined TRACON& Tower with Radar,41,87,44,8,180,0,31,48,2,81,41,118,92,10,261,44,4,48,309
12/18/2019,BIL,MT,ANM,WE,Combined TRACON& Tower with Radar,43,83,39,0,165,0,33,33,3,69,43,116,72,3,234,22,0,22,256
12/19/2019,BIL,MT,ANM,WE,Combined TRACON& Tower with Radar,46,76,27,14,163,0,34,55,2,91,46,110,82,16,254,90,6,96,350
12/20/2019,BIL,MT,ANM,WE,Combined TRACON& Tower with Radar,47,86,25,22,180,0,28,27,0,55,47,114,52,22,235,66,0,66,301
12/21/2019,BIL,MT,ANM,WE,Combined TRACON& Tower with Radar,45,40,22,0,107,2,30,33,0,65,47,70,55,0,172,36,0,36,208
12/22/2019,BIL,MT,ANM,WE,Combined TRACON& Tower with Radar,43,21,11,0,75,0,14,26,0,40,43,35,37,0,115,26,0,26,141
12/23/2019,BIL,MT,ANM,WE,Combined TRACON& Tower with Radar,47,82,15,10,154,0,23,46,0,69,47,105,61,10,223,117,30,147,370
12/24/2019,BIL,MT,ANM,WE,Combined TRACON& Tower with Radar,34,92,17,0,143,0,8,21,3,32,34,100,38,3,175,26,0,26,201
12/25/2019,BIL,MT,ANM,WE,Combined TRACON& Tower with Radar,24,34,3,0,61,0,1,8,0,9,24,35,11,0,70,2,0,2,72
12/26/2019,BIL,MT,ANM,WE,Combined TRACON& Tower with Radar,38,75,33,0,146,0,23,45,0,68,38,98,78,0,214,53,0,53,267
12/27/2019,BIL,MT,ANM,WE,Combined TRACON& Tower with Radar,40,65,25,14,144,0,34,43,0,77,40,99,68,14,221,40,20,60,281
12/28/2019,BIL,MT,ANM,WE,Combined TRACON& Tower with Radar,34,48,14,0,96,0,20,34,0,54,34,68,48,0,150,2,0,2,152
12/29/2019,BIL,MT,ANM,WE,Combined TRACON& Tower with Radar,32,35,16,0,83,0,11,32,0,43,32,46,48,0,126,6,0,6,132
12/30/2019,BIL,MT,ANM,WE,Combined TRACON& Tower with Radar,39,59,11,1,110,0,35,34,3,72,39,94,45,4,182,50,0,50,232
12/31/2019,BIL,MT,ANM,WE,Combined TRACON& Tower with Radar,36,68,22,0,126,0,27,22,0,49,36,95,44,0,175,0,0,0,175
01/01/2020,BIL,MT,ANM,WE,Combined TRACON& Tower with Radar,29,57,9,0,95,0,1,9,0,10,29,58,18,0,105,0,0,0,105
01/02/2020,BIL,MT,ANM,WE,Combined TRACON& Tower with Radar,36,86,29,0,151,0,5,18,0,23,36,91,47,0,174,2,0,2,176
01/03/2020,BIL,MT,ANM,WE,Combined TRACON& Tower with Radar,34,70,20,0,124,0,30,26,2,58,34,100,46,2,182,24,0,24,206
01/04/2020,BIL,MT,ANM,WE,Combined TRACON& Tower with Radar,27,42,8,0,77,0,22,7,0,29,27,64,15,0,106,0,0,0,106
01/05/2020,BIL,MT,ANM,WE,Combined TRACON& Tower with Radar,29,40,11,0,80,0,19,56,0,75,29,59,67,0,155,63,0,63,218
01/06/2020,BIL,MT,ANM,WE,Combined TRACON& Tower with Radar,32,57,15,11,115,0,22,13,3,38,32,79,28,14,153,2,14,16,169
01/07/2020,BIL,MT,ANM,WE,Combined TRACON& Tower with Radar,33,99,23,0,155,0,8,31,0,39,33,107,54,0,194,44,0,44,238
01/08/2020,BIL,MT,ANM,WE,Combined TRACON& Tower with Radar,34,77,23,45,179,0,26,31,13,70,34,103,54,58,249,20,74,94,343
01/09/2020,BIL,MT,ANM,WE,Combined TRACON& Tower with Radar,35,119,19,11,184,0,5,2,1,8,35,124,21,12,192,0,22,22,214
01/10/2020,BIL,MT,ANM,WE,Combined TRACON& Tower with Radar,34,75,26,0,135,0,19,44,0,63,34,94,70,0,198,22,0,22,220
01/11/2020,BIL,MT,ANM,WE,Combined TRACON& Tower with Radar,22,53,12,0,87,0,10,17,0,27,22,63,29,0,114,44,0,44,158
01/12/2020,BIL,MT,ANM,WE,Combined TRACON& Tower with Radar,27,37,13,0,77,0,3,35,0,38,27,40,48,0,115,59,0,59,174
01/13/2020,BIL,MT,ANM,WE,Combined TRACON& Tower with Radar,29,79,19,0,127,0,10,1,0,11,29,89,20,0,138,8,0,8,146
01/14/2020,BIL,MT,ANM,WE,Combined TRACON& Tower with Radar,36,75,21,0,132,0,1,2,2,5,36,76,23,2,137,0,0,0,137
01/15/2020,BIL,MT,ANM,WE,Combined TRACON& Tower with Radar,33,63,30,0,126,0,25,48,0,73,33,88,78,0,199,54,0,54,253
01/16/2020,BIL,MT,ANM,WE,Combined TRACON& Tower with Radar,36,72,37,12,157,0,26,65,0,91,36,98,102,12,248,92,0,92,340
01/17/2020,BIL,MT,ANM,WE,Combined TRACON& Tower with Radar,34,77,11,0,122,0,7,14,0,21,34,84,25,0,143,0,0,0,143
01/18/2020,BIL,MT,ANM,WE,Combined TRACON& Tower with Radar,21,41,11,0,73,0,19,43,0,62,21,60,54,0,135,57,0,57,192
01/19/2020,BIL,MT,ANM,WE,Combined TRACON& Tower with Radar,26,17,12,0,55,0,25,28,2,55,26,42,40,2,110,18,0,18,128
01/20/2020,BIL,MT,ANM,WE,Combined TRACON& Tower with Radar,31,40,48,0,119,0,31,60,0,91,31,71,108,0,210,36,0,36,246
01/21/2020,BIL,MT,ANM,WE,Combined TRACON& Tower with Radar,34,71,14,22,141,0,31,64,4,99,34,102,78,26,240,73,22,95,335
01/22/2020,BIL,MT,ANM,WE,Combined TRACON& Tower with Radar,36,83,31,24,174,0,22,38,0,60,36,105,69,24,234,7,10,17,251
01/23/2020,BIL,MT,ANM,WE,Combined TRACON& Tower with Radar,36,71,33,4,144,0,19,56,0,75,36,90,89,4,219,42,6,48,267
01/24/2020,BIL,MT,ANM,WE,Combined TRACON& Tower with Radar,36,65,32,0,133,0,22,77,0,99,36,87,109,0,232,96,0,96,328
01/25/2020,BIL,MT,ANM,WE,Combined TRACON& Tower with Radar,23,41,19,1,84,0,17,40,1,58,23,58,59,2,142,16,0,16,158
01/26/2020,BIL,MT,ANM,WE,Combined TRACON& Tower with Radar,28,32,10,0,70,0,9,50,0,59,28,41,60,0,129,36,0,36,165
01/27/2020,BIL,MT,ANM,WE,Combined TRACON& Tower with Radar,29,71,23,0,123,0,8,26,1,35,29,79,49,1,158,42,0,42,200
01/28/2020,BIL,MT,ANM,WE,Combined TRACON& Tower with Radar,34,65,33,21,153,0,27,58,3,88,34,92,91,24,241,42,38,80,321
01/29/2020,BIL,MT,ANM,WE,Combined TRACON& Tower with Radar,32,72,45,30,179,0,27,76,4,107,32,99,121,34,286,61,40,101,387
01/30/2020,BIL,MT,ANM,WE,Combined TRACON& Tower with Radar,37,76,33,0,146,0,13,25,0,38,37,89,58,0,184,28,0,28,212
01/31/2020,BIL,MT,ANM,WE,Combined TRACON& Tower with Radar,35,72,12,0,119,0,31,12,0,43,35,103,24,0,162,0,0,0,162
02/01/2020,BIL,MT,ANM,WE,Combined TRACON& Tower with Radar,21,52,8,3,84,0,19,9,0,28,21,71,17,3,112,14,0,14,126
02/02/2020,BIL,MT,ANM,WE,Combined TRACON& Tower with Radar,30,39,6,0,75,0,0,2,0,2,30,39,8,0,77,0,0,0,77
02/03/2020,BIL,MT,ANM,WE,Combined TRACON& Tower with Radar,33,88,18,0,139,0,5,8,0,13,33,93,26,0,152,2,0,2,154
02/04/2020,BIL,MT,ANM,WE,Combined TRACON& Tower with Radar,33,65,41,0,139,0,36,72,0,108,33,101,113,0,247,34,0,34,281
02/05/2020,BIL,MT,ANM,WE,Combined TRACON& Tower with Radar,34,70,38,26,168,0,24,30,2,56,34,94,68,28,224,16,32,48,272
02/06/2020,BIL,MT,ANM,WE,Combined TRACON& Tower with Radar,39,89,21,16,165,0,6,3,2,11,39,95,24,18,176,0,18,18,194
02/07/2020,BIL,MT,ANM,WE,Combined TRACON& Tower with Radar,37,88,23,0,148,0,6,2,0,8,37,94,25,0,156,10,0,10,166
02/08/2020,BIL,MT,ANM,WE,Combined TRACON& Tower with Radar,21,54,14,0,89,0,2,14,0,16,21,56,28,0,105,0,0,0,105
02/09/2020,BIL,MT,ANM,WE,Combined TRACON& Tower with Radar,29,32,9,0,70,0,14,33,0,47,29,46,42,0,117,17,0,17,134
02/10/2020,BIL,MT,ANM,WE,Combined TRACON& Tower with Radar,31,80,36,0,147,0,7,54,0,61,31,87,90,0,208,75,0,75,283
02/11/2020,BIL,MT,ANM,WE,Combined TRACON& Tower with Radar,33,80,27,0,140,0,15,26,0,41,33,95,53,0,181,6,0,6,187
02/12/2020,BIL,MT,ANM,WE,Combined TRACON& Tower with Radar,33,79,29,8,149,0,1,1,1,3,33,80,30,9,152,0,0,0,152
02/13/2020,BIL,MT,ANM,WE,Combined TRACON& Tower with Radar,34,62,42,0,138,0,33,53,1,87,34,95,95,1,225,110,0,110,335
02/14/2020,BIL,MT,ANM,WE,Combined TRACON& Tower with Radar,34,74,24,0,132,0,14,25,0,39,34,88,49,0,171,12,0,12,183
02/15/2020,BIL,MT,ANM,WE,Combined TRACON& Tower with Radar,23,59,29,0,111,0,15,58,1,74,23,74,87,1,185,82,0,82,267
02/16/2020,BIL,MT,ANM,WE,Combined TRACON& Tower with Radar,25,32,16,0,73,0,3,49,0,52,25,35,65,0,125,95,0,95,220
02/17/2020,BIL,MT,ANM,WE,Combined TRACON& Tower with Radar,29,63,30,0,122,0,10,29,1,40,29,73,59,1,162,46,0,46,208
02/18/2020,BIL,MT,ANM,WE,Combined TRACON& Tower with Radar,34,88,22,0,144,0,2,11,0,13,34,90,33,0,157,0,0,0,157
02/19/2020,BIL,MT,ANM,WE,Combined TRACON& Tower with Radar,37,72,53,1,163,0,30,80,1,111,37,102,133,2,274,93,0,93,367
02/20/2020,BIL,MT,ANM,WE,Combined TRACON& Tower with Radar,33,57,19,14,123,0,52,48,1,101,33,109,67,15,224,2,32,34,258
02/21/2020,BIL,MT,ANM,WE,Combined TRACON& Tower with Radar,33,60,39,0,132,0,49,78,0,127,33,109,117,0,259,20,0,20,279
02/22/2020,BIL,MT,ANM,WE,Combined TRACON& Tower with Radar,23,41,19,0,83,0,37,53,2,92,23,78,72,2,175,14,0,14,189
02/23/2020,BIL,MT,ANM,WE,Combined TRACON& Tower with Radar,27,23,20,0,70,0,18,66,1,85,27,41,86,1,155,96,0,96,251
02/24/2020,BIL,MT,ANM,WE,Combined TRACON& Tower with Radar,30,78,18,0,126,0,14,5,0,19,30,92,23,0,145,17,0,17,162
02/25/2020,BIL,MT,ANM,WE,Combined TRACON& Tower with Radar,33,57,48,3,141,0,25,76,3,104,33,82,124,6,245,96,18,114,359
02/26/2020,BIL,MT,ANM,WE,Combined TRACON& Tower with Radar,37,81,35,0,153,0,13,33,0,46,37,94,68,0,199,42,0,42,241
02/27/2020,BIL,MT,ANM,WE,Combined TRACON& Tower with Radar,34,61,29,15,139,0,34,65,7,106,34,95,94,22,245,54,40,94,339
02/28/2020,BIL,MT,ANM,WE,Combined TRACON& Tower with Radar,32,61,31,2,126,0,33,64,0,97,32,94,95,2,223,98,0,98,321
02/29/2020,BIL,MT,ANM,WE,Combined TRACON& Tower with Radar,25,53,11,2,91,0,18,31,0,49,25,71,42,2,140,26,0,26,166
03/01/2020,BIL,MT,ANM,WE,Combined TRACON& Tower with Radar,25,49,26,0,100,0,4,45,0,49,25,53,71,0,149,155,0,155,304
03/02/2020,BIL,MT,ANM,WE,Combined TRACON& Tower with Radar,29,62,15,0,106,0,10,4,0,14,29,72,19,0,120,0,0,0,120
03/03/2020,BIL,MT,ANM,WE,Combined TRACON& Tower with Radar,37,66,24,0,127,0,11,8,0,19,37,77,32,0,146,8,0,8,154
03/04/2020,BIL,MT,ANM,WE,Combined TRACON& Tower with Radar,38,54,20,0,112,0,4,5,0,9,38,58,25,0,121,4,0,4,125
03/05/2020,BIL,MT,ANM,WE,Combined TRACON& Tower with Radar,31,64,40,12,147,0,33,91,2,126,31,97,131,14,273,148,0,148,421
03/06/2020,BIL,MT,ANM,WE,Combined TRACON& Tower with Radar,33,69,23,0,125,0,31,80,2,113,33,100,103,2,238,131,0,131,369
03/07/2020,BIL,MT,ANM,WE,Combined TRACON& Tower with Radar,27,39,16,1,83,0,20,63,0,83,27,59,79,1,166,102,0,102,268
03/08/2020,BIL,MT,ANM,WE,Combined TRACON& Tower with Radar,26,44,11,0,81,0,1,8,1,10,26,45,19,1,91,0,0,0,91
03/09/2020,BIL,MT,ANM,WE,Combined TRACON& Tower with Radar,30,65,29,0,124,0,9,33,0,42,30,74,62,0,166,96,0,96,262
03/10/2020,BIL,MT,ANM,WE,Combined TRACON& Tower with Radar,37,71,23,0,131,0,20,38,0,58,37,91,61,0,189,34,0,34,223
03/11/2020,BIL,MT,ANM,WE,Combined TRACON& Tower with Radar,38,83,32,0,153,0,9,20,1,30,38,92,52,1,183,6,0,6,189
03/12/2020,BIL,MT,ANM,WE,Combined TRACON& Tower with Radar,34,86,29,0,149,0,10,67,0,77,34,96,96,0,226,127,0,127,353
03/13/2020,BIL,MT,ANM,WE,Combined TRACON& Tower with Radar,31,95,14,8,148,0,0,1,0,1,31,95,15,8,149,0,0,0,149
03/14/2020,BIL,MT,ANM,WE,Combined TRACON& Tower with Radar,28,49,11,0,88,0,2,7,0,9,28,51,18,0,97,0,0,0,97
03/15/2020,BIL,MT,ANM,WE,Combined TRACON& Tower with Radar,27,29,8,0,64,0,0,0,0,0,27,29,8,0,64,0,0,0,64
03/16/2020,BIL,MT,ANM,WE,Combined TRACON& Tower with Radar,29,60,15,0,104,0,18,48,0,66,29,78,63,0,170,124,0,124,294
03/17/2020,BIL,MT,ANM,WE,Combined TRACON& Tower with Radar,37,64,23,2,126,0,28,64,0,92,37,92,87,2,218,110,0,110,328
03/18/2020,BIL,MT,ANM,WE,Combined TRACON& Tower with Radar,35,84,16,2,137,0,1,2,0,3,35,85,18,2,140,0,0,0,140
03/19/2020,BIL,MT,ANM,WE,Combined TRACON& Tower with Radar,38,83,18,0,139,0,0,4,0,4,38,83,22,0,143,0,0,0,143
03/20/2020,BIL,MT,ANM,WE,Combined TRACON& Tower with Radar,30,84,11,0,125,0,19,16,2,37,30,103,27,2,162,44,0,44,206
03/21/2020,BIL,MT,ANM,WE,Combined TRACON& Tower with Radar,23,34,13,0,70,0,27,41,0,68,23,61,54,0,138,43,0,43,181
03/22/2020,BIL,MT,ANM,WE,Combined TRACON& Tower with Radar,22,27,15,0,64,0,13,22,0,35,22,40,37,0,99,8,0,8,107
03/23/2020,BIL,MT,ANM,WE,Combined TRACON& Tower with Radar,24,36,15,0,75,0,40,43,1,84,24,76,58,1,159,44,0,44,203
03/24/2020,BIL,MT,ANM,WE,Combined TRACON& Tower with Radar,30,74,7,0,111,0,18,17,0,35,30,92,24,0,146,0,0,0,146
03/25/2020,BIL,MT,ANM,WE,Combined TRACON& Tower with Radar,33,69,5,0,107,0,3,5,0,8,33,72,10,0,115,0,0,0,115
03/26/2020,BIL,MT,ANM,WE,Combined TRACON& Tower with Radar,24,75,5,0,104,0,24,20,0,44,24,99,25,0,148,6,0,6,154
03/27/2020,BIL,MT,ANM,WE,Combined TRACON& Tower with Radar,25,55,16,2,98,0,34,54,0,88,25,89,70,2,186,26,0,26,212
03/28/2020,BIL,MT,ANM,WE,Combined TRACON& Tower with Radar,19,38,13,0,70,0,27,27,0,54,19,65,40,0,124,18,0,18,142
03/29/2020,BIL,MT,ANM,WE,Combined TRACON& Tower with Radar,21,9,4,0,34,0,26,19,0,45,21,35,23,0,79,18,0,18,97
03/30/2020,BIL,MT,ANM,WE,Combined TRACON& Tower with Radar,18,41,2,14,75,0,37,23,1,61,18,78,25,15,136,0,0,0,136
03/31/2020,BIL,MT,ANM,WE,Combined TRACON& Tower with Radar,27,93,4,0,124,0,13,1,0,14,27,106,5,0,138,0,0,0,138
04/01/2020,BIL,MT,ANM,WE,Combined TRACON& Tower with Radar,24,82,2,2,110,0,0,0,0,0,24,82,2,2,110,0,0,0,110
04/02/2020,BIL,MT,ANM,WE,Combined TRACON& Tower with Radar,24,80,9,0,113,0,7,5,0,12,24,87,14,0,125,0,0,0,125
04/03/2020,BIL,MT,ANM,WE,Combined TRACON& Tower with Radar,15,56,16,0,87,0,31,37,0,68,15,87,53,0,155,6,0,6,161
04/04/2020,BIL,MT,ANM,WE,Combined TRACON& Tower with Radar,13,28,7,0,48,0,19,26,1,46,13,47,33,1,94,18,0,18,112
04/05/2020,BIL,MT,ANM,WE,Combined TRACON& Tower with Radar,15,17,7,0,39,0,25,20,0,45,15,42,27,0,84,4,0,4,88
04/06/2020,BIL,MT,ANM,WE,Combined TRACON& Tower with Radar,17,41,10,0,68,0,25,16,0,41,17,66,26,0,109,0,0,0,109
04/07/2020,BIL,MT,ANM,WE,Combined TRACON& Tower with Radar,25,48,5,9,87,0,34,14,0,48,25,82,19,9,135,0,0,0,135
04/08/2020,BIL,MT,ANM,WE,Combined TRACON& Tower with Radar,26,59,11,19,115,0,20,28,5,53,26,79,39,24,168,14,40,54,222
04/09/2020,BIL,MT,ANM,WE,Combined TRACON& Tower with Radar,25,47,13,24,109,0,27,36,0,63,25,74,49,24,172,14,0,14,186
04/10/2020,BIL,MT,ANM,WE,Combined TRACON& Tower with Radar,20,57,13,26,116,0,19,22,0,41,20,76,35,26,157,18,16,34,191
04/11/2020,BIL,MT,ANM,WE,Combined TRACON& Tower with Radar,18,58,4,0,80,0,0,0,0,0,18,58,4,0,80,0,0,0,80
04/12/2020,BIL,MT,ANM,WE,Combined TRACON& Tower with Radar,17,30,4,0,51,0,1,3,0,4,17,31,7,0,55,0,0,0,55
04/13/2020,BIL,MT,ANM,WE,Combined TRACON& Tower with Radar,13,60,8,0,81,0,13,14,0,27,13,73,22,0,108,26,0,26,134
04/14/2020,BIL,MT,ANM,WE,Combined TRACON& Tower with Radar,22,72,4,5,103,0,20,3,0,23,22,92,7,5,126,0,0,0,126
04/15/2020,BIL,MT,ANM,WE,Combined TRACON& Tower with Radar,24,74,3,0,101,0,4,0,0,4,24,78,3,0,105,4,0,4,109
04/16/2020,BIL,MT,ANM,WE,Combined TRACON& Tower with Radar,24,63,18,2,107,0,20,24,3,47,24,83,42,5,154,20,16,36,190
04/17/2020,BIL,MT,ANM,WE,Combined TRACON& Tower with Radar,16,49,8,0,73,0,29,16,0,45,16,78,24,0,118,22,0,22,140
04/18/2020,BIL,MT,ANM,WE,Combined TRACON& Tower with Radar,13,50,10,1,74,0,5,26,0,31,13,55,36,1,105,26,0,26,131
04/19/2020,BIL,MT,ANM,WE,Combined TRACON& Tower with Radar,11,33,16,0,60,0,10,14,1,25,11,43,30,1,85,0,0,0,85
04/20/2020,BIL,MT,ANM,WE,Combined TRACON& Tower with Radar,14,39,17,2,72,0,36,27,1,64,14,75,44,3,136,12,0,12,148
04/21/2020,BIL,MT,ANM,WE,Combined TRACON& Tower with Radar,22,68,9,0,99,0,50,28,1,79,22,118,37,1,178,16,0,16,194
04/22/2020,BIL,MT,ANM,WE,Combined TRACON& Tower with Radar,19,55,14,4,92,0,38,23,0,61,19,93,37,4,153,46,0,46,199
04/23/2020,BIL,MT,ANM,WE,Combined TRACON& Tower with Radar,22,77,6,18,123,0,26,4,0,30,22,103,10,18,153,20,0,20,173
04/24/2020,BIL,MT,ANM,WE,Combined TRACON& Tower with Radar,12,72,6,0,90,0,37,20,0,57,12,109,26,0,147,18,0,18,165
04/25/2020,BIL,MT,ANM,WE,Combined TRACON& Tower with Radar,13,31,16,0,60,0,29,53,0,82,13,60,69,0,142,44,0,44,186
04/26/2020,BIL,MT,ANM,WE,Combined TRACON& Tower with Radar,15,17,17,0,49,0,20,38,0,58,15,37,55,0,107,20,0,20,127
04/27/2020,BIL,MT,ANM,WE,Combined TRACON& Tower with Radar,13,51,6,0,70,0,45,11,0,56,13,96,17,0,126,8,0,8,134
04/28/2020,BIL,MT,ANM,WE,Combined TRACON& Tower with Radar,21,48,13,0,82,0,37,22,0,59,21,85,35,0,141,25,0,25,166
04/29/2020,BIL,MT,ANM,WE,Combined TRACON& Tower with Radar,24,57,17,0,98,0,39,45,0,84,24,96,62,0,182,60,0,60,242
04/30/2020,BIL,MT,ANM,WE,Combined TRACON& Tower with Radar,20,63,8,0,91,0,26,14,0,40,20,89,22,0,131,8,0,8,139
05/01/2020,BIL,MT,ANM,WE,Combined TRACON& Tower with Radar,18,73,12,0,103,0,23,29,2,54,18,96,41,2,157,52,0,52,209
05/02/2020,BIL,MT,ANM,WE,Combined TRACON& Tower with Radar,14,42,13,0,69,0,29,26,0,55,14,71,39,0,124,32,0,32,156
05/03/2020,BIL,MT,ANM,WE,Combined TRACON& Tower with Radar,15,19,11,0,45,0,8,12,0,20,15,27,23,0,65,14,0,14,79
05/04/2020,BIL,MT,ANM,WE,Combined TRACON& Tower with Radar,14,37,17,0,68,0,32,17,0,49,14,69,34,0,117,22,0,22,139
05/05/2020,BIL,MT,ANM,WE,Combined TRACON& Tower with Radar,24,60,11,0,95,0,33,48,2,83,24,93,59,2,178,50,0,50,228
05/06/2020,BIL,MT,ANM,WE,Combined TRACON& Tower with Radar,26,49,16,0,91,0,32,35,0,67,26,81,51,0,158,20,0,20,178
05/07/2020,BIL,MT,ANM,WE,Combined TRACON& Tower with Radar,25,83,12,0,120,0,17,11,0,28,25,100,23,0,148,0,0,0,148
05/08/2020,BIL,MT,ANM,WE,Combined TRACON& Tower with Radar,18,72,7,0,97,0,26,29,0,55,18,98,36,0,152,14,0,14,166
05/09/2020,BIL,MT,ANM,WE,Combined TRACON& Tower with Radar,16,49,16,0,81,0,12,31,0,43,16,61,47,0,124,162,0,162,286
05/10/2020,BIL,MT,ANM,WE,Combined TRACON& Tower with Radar,17,29,11,0,57,0,9,14,1,24,17,38,25,1,81,30,0,30,111
05/11/2020,BIL,MT,ANM,WE,Combined TRACON& Tower with Radar,17,66,17,0,100,0,3,9,0,12,17,69,26,0,112,0,0,0,112
05/12/2020,BIL,MT,ANM,WE,Combined TRACON& Tower with Radar,26,85,6,0,117,0,0,1,0,1,26,85,7,0,118,0,0,0,118
05/13/2020,BIL,MT,ANM,WE,Combined TRACON& Tower with Radar,26,76,26,0,128,0,13,20,0,33,26,89,46,0,161,22,0,22,183
05/14/2020,BIL,MT,ANM,WE,Combined TRACON& Tower with Radar,26,50,23,0,99,0,25,50,3,78,26,75,73,3,177,58,0,58,235
05/15/2020,BIL,MT,ANM,WE,Combined TRACON& Tower with Radar,22,64,16,0,102,0,22,13,0,35,22,86,29,0,137,14,0,14,151
05/16/2020,BIL,MT,ANM,WE,Combined TRACON& Tower with Radar,16,50,26,0,92,0,13,50,0,63,16,63,76,0,155,60,0,60,215
05/17/2020,BIL,MT,ANM,WE,Combined TRACON& Tower with Radar,19,12,8,0,39,0,26,37,0,63,19,38,45,0,102,86,0,86,188
05/18/2020,BIL,MT,ANM,WE,Combined TRACON& Tower with Radar,19,31,25,0,75,0,28,45,1,74,19,59,70,1,149,69,0,69,218
05/19/2020,BIL,MT,ANM,WE,Combined TRACON& Tower with Radar,24,46,20,1,91,0,31,37,2,70,24,77,57,3,161,28,0,28,189
05/20/2020,BIL,MT,ANM,WE,Combined TRACON& Tower with Radar,24,50,22,0,96,0,14,26,0,40,24,64,48,0,136,12,0,12,148
05/21/2020,BIL,MT,ANM,WE,Combined TRACON& Tower with Radar,28,60,25,2,115,0,21,17,0,38,28,81,42,2,153,4,0,4,157
05/22/2020,BIL,MT,ANM,WE,Combined TRACON& Tower with Radar,22,62,14,2,100,0,17,32,0,49,22,79,46,2,149,36,0,36,185
05/23/2020,BIL,MT,ANM,WE,Combined TRACON& Tower with Radar,16,52,8,0,76,0,2,3,1,6,16,54,11,1,82,0,0,0,82
05/24/2020,BIL,MT,ANM,WE,Combined TRACON& Tower with Radar,15,39,16,0,70,0,2,6,0,8,15,41,22,0,78,4,0,4,82
05/25/2020,BIL,MT,ANM,WE,Combined TRACON& Tower with Radar,14,16,17,0,47,6,18,55,1,80,20,34,72,1,127,64,0,64,191
05/26/2020,BIL,MT,ANM,WE,Combined TRACON& Tower with Radar,17,46,27,2,92,8,33,51,0,92,25,79,78,2,184,20,0,20,204
05/27/2020,BIL,MT,ANM,WE,Combined TRACON& Tower with Radar,24,65,25,6,120,0,26,54,0,80,24,91,79,6,200,62,0,62,262
05/28/2020,BIL,MT,ANM,WE,Combined TRACON& Tower with Radar,28,62,21,18,129,0,29,46,5,80,28,91,67,23,209,45,26,71,280
05/29/2020,BIL,MT,ANM,WE,Combined TRACON& Tower with Radar,22,56,18,2,98,0,27,51,0,78,22,83,69,2,176,48,0,48,224
05/30/2020,BIL,MT,ANM,WE,Combined TRACON& Tower with Radar,16,40,9,0,65,0,20,31,1,52,16,60,40,1,117,19,0,19,136
05/31/2020,BIL,MT,ANM,WE,Combined TRACON& Tower with Radar,17,22,15,0,54,0,17,25,0,42,17,39,40,0,96,8,0,8,104
06/01/2020,BIL,MT,ANM,WE,Combined TRACON& Tower with Radar,19,38,25,2,84,0,30,43,0,73,19,68,68,2,157,23,0,23,180
06/02/2020,BIL,MT,ANM,WE,Combined TRACON& Tower with Radar,24,50,23,0,97,0,35,48,1,84,24,85,71,1,181,95,0,95,276
06/03/2020,BIL,MT,ANM,WE,Combined TRACON& Tower with Radar,24,46,36,13,119,0,32,52,1,85,24,78,88,14,204,68,16,84,288
06/04/2020,BIL,MT,ANM,WE,Combined TRACON& Tower with Radar,29,57,26,2,114,0,25,27,0,52,29,82,53,2,166,38,0,38,204
06/05/2020,BIL,MT,ANM,WE,Combined TRACON& Tower with Radar,23,53,12,0,88,0,34,49,0,83,23,87,61,0,171,37,0,37,208
06/06/2020,BIL,MT,ANM,WE,Combined TRACON& Tower with Radar,16,41,16,1,74,0,15,28,0,43,16,56,44,1,117,54,0,54,171
06/07/2020,BIL,MT,ANM,WE,Combined TRACON& Tower with Radar,19,23,13,0,55,0,13,26,0,39,19,36,39,0,94,10,0,10,104
06/08/2020,BIL,MT,ANM,WE,Combined TRACON& Tower with Radar,21,61,23,1,106,0,8,46,0,54,21,69,69,1,160,64,0,64,224
06/09/2020,BIL,MT,ANM,WE,Combined TRACON& Tower with Radar,23,70,32,7,132,0,23,52,0,75,23,93,84,7,207,58,0,58,265
06/10/2020,BIL,MT,ANM,WE,Combined TRACON& Tower with Radar,25,56,31,0,112,0,33,77,1,111,25,89,108,1,223,45,0,45,268
06/11/2020,BIL,MT,ANM,WE,Combined TRACON& Tower with Radar,29,52,34,0,115,0,23,76,2,101,29,75,110,2,216,168,0,168,384
06/12/2020,BIL,MT,ANM,WE,Combined TRACON& Tower with Radar,23,50,38,0,111,0,31,68,0,99,23,81,106,0,210,136,0,136,346
06/13/2020,BIL,MT,ANM,WE,Combined TRACON& Tower with Radar,17,36,10,0,63,3,19,23,4,49,20,55,33,4,112,1,0,1,113
06/14/2020,BIL,MT,ANM,WE,Combined TRACON& Tower with Radar,21,16,21,0,58,0,20,34,0,54,21,36,55,0,112,19,0,19,131
06/15/2020,BIL,MT,ANM,WE,Combined TRACON& Tower with Radar,23,43,35,28,129,0,35,100,5,140,23,78,135,33,269,172,8,180,449
06/16/2020,BIL,MT,ANM,WE,Combined TRACON& Tower with Radar,29,74,32,0,135,0,21,54,0,75,29,95,86,0,210,105,0,105,315
06/17/2020,BIL,MT,ANM,WE,Combined TRACON& Tower with Radar,25,90,44,1,160,0,0,2,0,2,25,90,46,1,162,0,0,0,162
06/18/2020,BIL,MT,ANM,WE,Combined TRACON& Tower with Radar,31,77,23,0,131,0,9,33,0,42,31,86,56,0,173,19,0,19,192
06/19/2020,BIL,MT,ANM,WE,Combined TRACON& Tower with Radar,25,55,38,0,118,0,25,77,0,102,25,80,115,0,220,84,0,84,304
06/20/2020,BIL,MT,ANM,WE,Combined TRACON& Tower with Radar,18,34,22,0,74,0,22,42,0,64,18,56,64,0,138,20,0,20,158
06/21/2020,BIL,MT,ANM,WE,Combined TRACON& Tower with Radar,21,34,12,0,67,0,9,20,0,29,21,43,32,0,96,22,0,22,118
06/22/2020,BIL,MT,ANM,WE,Combined TRACON& Tower with Radar,22,40,32,19,113,0,22,88,4,114,22,62,120,23,227,165,18,183,410
06/23/2020,BIL,MT,ANM,WE,Combined TRACON& Tower with Radar,26,61,55,14,156,0,36,111,0,147,26,97,166,14,303,158,34,192,495
06/24/2020,BIL,MT,ANM,WE,Combined TRACON& Tower with Radar,25,63,40,0,128,0,35,71,1,107,25,98,111,1,235,133,1,134,369
06/25/2020,BIL,MT,ANM,WE,Combined TRACON& Tower with Radar,31,73,44,0,148,0,26,53,2,81,31,99,97,2,229,136,0,136,365
06/26/2020,BIL,MT,ANM,WE,Combined TRACON& Tower with Radar,27,49,32,0,108,0,32,88,0,120,27,81,120,0,228,97,0,97,325
06/27/2020,BIL,MT,ANM,WE,Combined TRACON& Tower with Radar,18,44,18,0,80,0,25,55,0,80,18,69,73,0,160,60,0,60,220
06/28/2020,BIL,MT,ANM,WE,Combined TRACON& Tower with Radar,21,43,16,0,80,0,6,19,0,25,21,49,35,0,105,40,0,40,145
06/29/2020,BIL,MT,ANM,WE,Combined TRACON& Tower with Radar,23,64,55,0,142,0,0,4,0,4,23,64,59,0,146,1,0,1,147
06/30/2020,BIL,MT,ANM,WE,Combined TRACON& Tower with Radar,25,73,46,2,146,0,19,79,1,99,25,92,125,3,245,155,0,155,400
07/01/2020,BIL,MT,ANM,WE,Combined TRACON& Tower with Radar,26,58,53,14,151,0,40,54,0,94,26,98,107,14,245,128,22,150,395
07/02/2020,BIL,MT,ANM,WE,Combined TRACON& Tower with Radar,35,59,45,5,144,0,31,65,3,99,35,90,110,8,243,98,0,98,341
07/03/2020,BIL,MT,ANM,WE,Combined TRACON& Tower with Radar,31,49,14,0,94,0,28,56,2,86,31,77,70,2,180,114,0,114,294
07/04/2020,BIL,MT,ANM,WE,Combined TRACON& Tower with Radar,18,12,6,0,36,0,25,36,0,61,18,37,42,0,97,20,0,20,117
07/05/2020,BIL,MT,ANM,WE,Combined TRACON& Tower with Radar,29,14,23,0,66,0,22,27,0,49,29,36,50,0,115,52,0,52,167
07/06/2020,BIL,MT,ANM,WE,Combined TRACON& Tower with Radar,29,57,41,0,127,0,33,65,0,98,29,90,106,0,225,111,0,111,336
07/07/2020,BIL,MT,ANM,WE,Combined TRACON& Tower with Radar,35,77,36,0,148,0,28,62,0,90,35,105,98,0,238,134,0,134,372
07/08/2020,BIL,MT,ANM,WE,Combined TRACON& Tower with Radar,34,50,39,9,132,0,38,92,7,137,34,88,131,16,269,145,6,151,420
07/09/2020,BIL,MT,ANM,WE,Combined TRACON& Tower with Radar,38,54,42,33,167,0,41,75,3,119,38,95,117,36,286,136,6,142,428
07/10/2020,BIL,MT,ANM,WE,Combined TRACON& Tower with Radar,38,58,30,0,126,0,36,44,0,80,38,94,74,0,206,58,0,58,264
07/11/2020,BIL,MT,ANM,WE,Combined TRACON& Tower with Radar,29,27,27,0,83,0,31,60,1,92,29,58,87,1,175,65,0,65,240
07/12/2020,BIL,MT,ANM,WE,Combined TRACON& Tower with Radar,34,15,19,0,68,0,21,42,0,63,34,36,61,0,131,12,0,12,143
07/13/2020,BIL,MT,ANM,WE,Combined TRACON& Tower with Radar,36,37,56,5,134,0,30,87,5,122,36,67,143,10,256,163,8,171,427
07/14/2020,BIL,MT,ANM,WE,Combined TRACON& Tower with Radar,37,48,40,10,135,0,37,94,3,134,37,85,134,13,269,206,0,206,475
07/15/2020,BIL,MT,ANM,WE,Combined TRACON& Tower with Radar,36,55,44,43,178,7,31,115,3,156,43,86,159,46,334,92,38,130,464
07/16/2020,BIL,MT,ANM,WE,Combined TRACON& Tower with Radar,40,55,28,43,166,0,38,103,1,142,40,93,131,44,308,98,20,118,426
07/17/2020,BIL,MT,ANM,WE,Combined TRACON& Tower with Radar,40,51,29,14,134,0,32,77,0,109,40,83,106,14,243,78,0,78,321
07/18/2020,BIL,MT,ANM,WE,Combined TRACON& Tower with Radar,29,34,11,0,74,0,24,43,2,69,29,58,54,2,143,26,0,26,169
07/19/2020,BIL,MT,ANM,WE,Combined TRACON& Tower with Radar,34,3,17,0,54,0,27,54,1,82,34,30,71,1,136,22,0,22,158
07/20/2020,BIL,MT,ANM,WE,Combined TRACON& Tower with Radar,34,43,33,0,110,0,22,75,11,108,34,65,108,11,218,82,4,86,304
07/21/2020,BIL,MT,ANM,WE,Combined TRACON& Tower with Radar,36,63,27,0,126,0,30,73,0,103,36,93,100,0,229,112,0,112,341
07/22/2020,BIL,MT,ANM,WE,Combined TRACON& Tower with Radar,36,51,55,4,146,0,39,100,2,141,36,90,155,6,287,82,0,82,369
07/23/2020,BIL,MT,ANM,WE,Combined TRACON& Tower with Radar,43,59,27,1,130,0,32,46,1,79,43,91,73,2,209,40,0,40,249
07/24/2020,BIL,MT,ANM,WE,Combined TRACON& Tower with Radar,39,64,44,3,150,0,48,82,3,133,39,112,126,6,283,67,8,75,358
07/25/2020,BIL,MT,ANM,WE,Combined TRACON& Tower with Radar,27,42,14,0,83,0,29,55,2,86,27,71,69,2,169,40,0,40,209
07/26/2020,BIL,MT,ANM,WE,Combined TRACON& Tower with Radar,32,9,15,0,56,0,22,33,1,56,32,31,48,1,112,2,0,2,114
07/27/2020,BIL,MT,ANM,WE,Combined TRACON& Tower with Radar,34,40,21,4,99,0,30,51,2,83,34,70,72,6,182,12,14,26,208
07/28/2020,BIL,MT,ANM,WE,Combined TRACON& Tower with Radar,34,51,22,10,117,0,32,25,4,61,34,83,47,14,178,37,34,71,249
07/29/2020,BIL,MT,ANM,WE,Combined TRACON& Tower with Radar,36,50,24,0,110,0,37,72,0,109,36,87,96,0,219,52,0,52,271
07/30/2020,BIL,MT,ANM,WE,Combined TRACON& Tower with Radar,42,54,40,2,138,1,34,129,4,168,43,88,169,6,306,52,0,52,358
07/31/2020,BIL,MT,ANM,WE,Combined TRACON& Tower with Radar,40,62,33,1,136,0,32,78,3,113,40,94,111,4,249,54,0,54,303
08/01/2020,BIL,MT,ANM,WE,Combined TRACON& Tower with Radar,31,32,22,0,85,0,27,53,1,81,31,59,75,1,166,34,0,34,200
08/02/2020,BIL,MT,ANM,WE,Combined TRACON& Tower with Radar,32,19,29,6,86,0,24,128,2,154,32,43,157,8,240,10,0,10,250
08/03/2020,BIL,MT,ANM,WE,Combined TRACON& Tower with Radar,35,43,34,2,114,0,27,71,1,99,35,70,105,3,213,60,0,60,273
08/04/2020,BIL,MT,ANM,WE,Combined TRACON& Tower with Radar,39,50,37,0,126,0,36,71,0,107,39,86,108,0,233,106,0,106,339
08/05/2020,BIL,MT,ANM,WE,Combined TRACON& Tower with Radar,39,50,32,4,125,1,39,107,10,157,40,89,139,14,282,164,34,198,480
08/06/2020,BIL,MT,ANM,WE,Combined TRACON& Tower with Radar,42,58,38,0,138,1,35,88,2,126,43,93,126,2,264,98,0,98,362
08/07/2020,BIL,MT,ANM,WE,Combined TRACON& Tower with Radar,40,50,22,0,112,0,35,127,3,165,40,85,149,3,277,101,0,101,378
08/08/2020,BIL,MT,ANM,WE,Combined TRACON& Tower with Radar,30,32,27,1,90,0,31,74,1,106,30,63,101,2,196,78,0,78,274
08/09/2020,BIL,MT,ANM,WE,Combined TRACON& Tower with Radar,35,23,13,1,72,0,26,43,0,69,35,49,56,1,141,23,0,23,164
08/10/2020,BIL,MT,ANM,WE,Combined TRACON& Tower with Radar,37,38,23,0,98,0,40,109,0,149,37,78,132,0,247,148,0,148,395
08/11/2020,BIL,MT,ANM,WE,Combined TRACON& Tower with Radar,40,50,37,0,127,0,34,76,2,112,40,84,113,2,239,116,0,116,355
08/12/2020,BIL,MT,ANM,WE,Combined TRACON& Tower with Radar,38,50,34,2,124,0,30,41,0,71,38,80,75,2,195,22,0,22,217
08/13/2020,BIL,MT,ANM,WE,Combined TRACON& Tower with Radar,42,51,23,6,122,0,30,39,4,73,42,81,62,10,195,30,14,44,239
08/14/2020,BIL,MT,ANM,WE,Combined TRACON& Tower with Radar,40,53,16,2,111,2,31,54,0,87,42,84,70,2,198,40,0,40,238
08/15/2020,BIL,MT,ANM,WE,Combined TRACON& Tower with Radar,31,30,18,3,82,0,27,67,0,94,31,57,85,3,176,27,0,27,203
08/16/2020,BIL,MT,ANM,WE,Combined TRACON& Tower with Radar,34,19,22,0,75,0,23,35,0,58,34,42,57,0,133,25,0,25,158
08/17/2020,BIL,MT,ANM,WE,Combined TRACON& Tower with Radar,37,31,33,0,101,0,33,64,1,98,37,64,97,1,199,60,0,60,259
08/18/2020,BIL,MT,ANM,WE,Combined TRACON& Tower with Radar,38,59,31,4,132,0,29,60,1,90,38,88,91,5,222,60,0,60,282
08/19/2020,BIL,MT,ANM,WE,Combined TRACON& Tower with Radar,36,47,36,0,119,0,28,29,0,57,36,75,65,0,176,18,0,18,194
08/20/2020,BIL,MT,ANM,WE,Combined TRACON& Tower with Radar,38,72,45,0,155,0,20,44,2,66,38,92,89,2,221,16,0,16,237
08/21/2020,BIL,MT,ANM,WE,Combined TRACON& Tower with Radar,40,58,49,0,147,0,26,85,2,113,40,84,134,2,260,57,0,57,317
08/22/2020,BIL,MT,ANM,WE,Combined TRACON& Tower with Radar,31,47,20,0,98,0,14,75,1,90,31,61,95,1,188,28,0,28,216
08/23/2020,BIL,MT,ANM,WE,Combined TRACON& Tower with Radar,32,17,24,0,73,0,21,24,0,45,32,38,48,0,118,36,0,36,154
08/24/2020,BIL,MT,ANM,WE,Combined TRACON& Tower with Radar,35,61,39,0,135,0,37,67,3,107,35,98,106,3,242,80,0,80,322
08/25/2020,BIL,MT,ANM,WE,Combined TRACON& Tower with Radar,36,61,27,8,132,0,22,79,2,103,36,83,106,10,235,82,12,94,329
08/26/2020,BIL,MT,ANM,WE,Combined TRACON& Tower with Radar,38,52,33,1,124,0,38,79,4,121,38,90,112,5,245,86,0,86,331
08/27/2020,BIL,MT,ANM,WE,Combined TRACON& Tower with Radar,40,55,36,1,132,0,22,80,6,108,40,77,116,7,240,41,0,41,281
08/28/2020,BIL,MT,ANM,WE,Combined TRACON& Tower with Radar,40,51,27,0,118,0,38,125,3,166,40,89,152,3,284,125,0,125,409
08/29/2020,BIL,MT,ANM,WE,Combined TRACON& Tower with Radar,33,43,18,0,94,0,29,45,2,76,33,72,63,2,170,62,0,62,232
08/30/2020,BIL,MT,ANM,WE,Combined TRACON& Tower with Radar,32,27,14,0,73,0,17,10,0,27,32,44,24,0,100,0,0,0,100
08/31/2020,BIL,MT,ANM,WE,Combined TRACON& Tower with Radar,35,63,42,0,140,0,30,79,0,109,35,93,121,0,249,108,0,108,357
09/01/2020,BIL,MT,ANM,WE,Combined TRACON& Tower with Radar,36,63,22,0,121,0,35,42,0,77,36,98,64,0,198,50,0,50,248
09/02/2020,BIL,MT,ANM,WE,Combined TRACON& Tower with Radar,39,67,38,0,144,0,29,87,0,116,39,96,125,0,260,38,0,38,298
09/03/2020,BIL,MT,ANM,WE,Combined TRACON& Tower with Radar,41,72,35,0,148,1,34,184,7,226,42,106,219,7,374,78,4,82,456
09/04/2020,BIL,MT,ANM,WE,Combined TRACON& Tower with Radar,40,66,33,4,143,1,26,184,3,214,41,92,217,7,357,32,0,32,389
09/05/2020,BIL,MT,ANM,WE,Combined TRACON& Tower with Radar,31,46,14,0,91,0,20,153,3,176,31,66,167,3,267,28,0,28,295
09/06/2020,BIL,MT,ANM,WE,Combined TRACON& Tower with Radar,30,31,19,0,80,0,20,65,0,85,30,51,84,0,165,58,0,58,223
09/07/2020,BIL,MT,ANM,WE,Combined TRACON& Tower with Radar,29,36,16,1,82,0,2,4,0,6,29,38,20,1,88,12,0,12,100
09/08/2020,BIL,MT,ANM,WE,Combined TRACON& Tower with Radar,27,61,37,0,125,0,28,88,0,116,27,89,125,0,241,120,0,120,361
09/09/2020,BIL,MT,ANM,WE,Combined TRACON& Tower with Radar,37,58,36,10,141,0,28,102,10,140,37,86,138,20,281,52,38,90,371
09/10/2020,BIL,MT,ANM,WE,Combined TRACON& Tower with Radar,40,58,32,18,148,0,28,85,0,113,40,86,117,18,261,96,0,96,357
09/11/2020,BIL,MT,ANM,WE,Combined TRACON& Tower with Radar,35,64,31,0,130,0,30,96,0,126,35,94,127,0,256,91,0,91,347
09/12/2020,BIL,MT,ANM,WE,Combined TRACON& Tower with Radar,29,40,21,0,90,0,26,76,1,103,29,66,97,1,193,82,0,82,275
09/13/2020,BIL,MT,ANM,WE,Combined TRACON& Tower with Radar,28,18,23,0,69,0,28,36,0,64,28,46,59,0,133,66,0,66,199
09/14/2020,BIL,MT,ANM,WE,Combined TRACON& Tower with Radar,34,60,43,11,148,0,9,61,3,73,34,69,104,14,221,73,22,95,316
09/15/2020,BIL,MT,ANM,WE,Combined TRACON& Tower with Radar,32,70,23,36,161,0,4,26,0,30,32,74,49,36,191,70,38,108,299
09/16/2020,BIL,MT,ANM,WE,Combined TRACON& Tower with Radar,35,77,40,17,169,0,9,76,3,88,35,86,116,20,257,120,12,132,389
09/17/2020,BIL,MT,ANM,WE,Combined TRACON& Tower with Radar,38,74,27,0,139,0,9,36,0,45,38,83,63,0,184,12,0,12,196
09/18/2020,BIL,MT,ANM,WE,Combined TRACON& Tower with Radar,40,76,37,13,166,0,19,51,3,73,40,95,88,16,239,58,18,76,315
09/19/2020,BIL,MT,ANM,WE,Combined TRACON& Tower with Radar,29,60,23,0,112,0,6,28,0,34,29,66,51,0,146,10,0,10,156
09/20/2020,BIL,MT,ANM,WE,Combined TRACON& Tower with Radar,30,27,18,1,76,0,12,16,0,28,30,39,34,1,104,8,0,8,112
09/21/2020,BIL,MT,ANM,WE,Combined TRACON& Tower with Radar,32,36,42,0,110,0,36,106,2,144,32,72,148,2,254,80,0,80,334
09/22/2020,BIL,MT,ANM,WE,Combined TRACON& Tower with Radar,34,46,24,11,115,0,36,64,5,105,34,82,88,16,220,92,40,132,352
09/23/2020,BIL,MT,ANM,WE,Combined TRACON& Tower with Radar,35,50,39,0,124,1,36,111,1,149,36,86,150,1,273,148,0,148,421
09/24/2020,BIL,MT,ANM,WE,Combined TRACON& Tower with Radar,40,62,23,2,127,5,26,63,5,99,45,88,86,7,226,32,0,32,258
09/25/2020,BIL,MT,ANM,WE,Combined TRACON& Tower with Radar,40,64,38,3,145,0,34,108,4,146,40,98,146,7,291,66,0,66,357
09/26/2020,BIL,MT,ANM,WE,Combined TRACON& Tower with Radar,29,48,17,0,94,0,20,11,3,34,29,68,28,3,128,4,0,4,132
09/27/2020,BIL,MT,ANM,WE,Combined TRACON& Tower with Radar,30,26,9,0,65,0,15,25,0,40,30,41,34,0,105,16,0,16,121
09/28/2020,BIL,MT,ANM,WE,Combined TRACON& Tower with Radar,30,51,39,17,137,0,28,94,1,123,30,79,133,18,260,209,22,231,491
09/29/2020,BIL,MT,ANM,WE,Combined TRACON& Tower with Radar,37,56,23,0,116,0,29,64,2,95,37,85,87,2,211,86,0,86,297
09/30/2020,BIL,MT,ANM,WE,Combined TRACON& Tower with Radar,35,51,43,0,129,0,33,97,0,130,35,84,140,0,259,245,0,245,504
10/01/2020,BIL,MT,ANM,WE,Combined TRACON& Tower with Radar,38,60,26,16,140,0,28,61,1,90,38,88,87,17,230,108,0,108,338
10/02/2020,BIL,MT,ANM,WE,Combined TRACON& Tower with Radar,38,74,32,12,156,0,34,56,1,91,38,108,88,13,247,110,29,139,386
10/03/2020,BIL,MT,ANM,WE,Combined TRACON& Tower with Radar,29,47,26,0,102,0,26,87,2,115,29,73,113,2,217,128,0,128,345
10/04/2020,BIL,MT,ANM,WE,Combined TRACON& Tower with Radar,31,27,20,0,78,0,26,56,2,84,31,53,76,2,162,5,0,5,167
10/05/2020,BIL,MT,ANM,WE,Combined TRACON& Tower with Radar,33,53,20,0,106,0,32,88,1,121,33,85,108,1,227,127,0,127,354
10/06/2020,BIL,MT,ANM,WE,Combined TRACON& Tower with Radar,34,56,27,0,117,1,51,81,1,134,35,107,108,1,251,79,0,79,330
10/07/2020,BIL,MT,ANM,WE,Combined TRACON& Tower with Radar,35,72,40,10,157,0,51,88,6,145,35,123,128,16,302,169,28,197,499
10/08/2020,BIL,MT,ANM,WE,Combined TRACON& Tower with Radar,38,69,34,12,153,0,44,63,0,107,38,113,97,12,260,146,12,158,418
10/09/2020,BIL,MT,ANM,WE,Combined TRACON& Tower with Radar,36,62,42,0,140,0,44,95,2,141,36,106,137,2,281,131,0,131,412
10/10/2020,BIL,MT,ANM,WE,Combined TRACON& Tower with Radar,29,54,10,0,93,1,27,47,3,78,30,81,57,3,171,80,0,80,251
10/11/2020,BIL,MT,ANM,WE,Combined TRACON& Tower with Radar,30,32,12,0,74,0,11,3,2,16,30,43,15,2,90,0,0,0,90
10/12/2020,BIL,MT,ANM,WE,Combined TRACON& Tower with Radar,36,61,23,1,121,0,19,11,0,30,36,80,34,1,151,32,0,32,183
10/13/2020,BIL,MT,ANM,WE,Combined TRACON& Tower with Radar,36,64,33,6,139,0,27,72,2,101,36,91,105,8,240,104,8,112,352
10/14/2020,BIL,MT,ANM,WE,Combined TRACON& Tower with Radar,37,92,19,2,150,0,6,4,1,11,37,98,23,3,161,0,0,0,161
10/15/2020,BIL,MT,ANM,WE,Combined TRACON& Tower with Radar,40,89,31,2,162,0,18,28,0,46,40,107,59,2,208,48,0,48,256
10/16/2020,BIL,MT,ANM,WE,Combined TRACON& Tower with Radar,36,74,12,8,130,0,10,25,0,35,36,84,37,8,165,65,0,65,230
10/17/2020,BIL,MT,ANM,WE,Combined TRACON& Tower with Radar,28,57,3,0,88,0,0,0,0,0,28,57,3,0,88,0,0,0,88
10/18/2020,BIL,MT,ANM,WE,Combined TRACON& Tower with Radar,31,37,4,0,72,0,0,0,0,0,31,37,4,0,72,0,0,0,72
10/19/2020,BIL,MT,ANM,WE,Combined TRACON& Tower with Radar,34,57,20,0,111,0,3,4,0,7,34,60,24,0,118,8,0,8,126
10/20/2020,BIL,MT,ANM,WE,Combined TRACON& Tower with Radar,34,98,30,0,162,0,5,15,2,22,34,103,45,2,184,16,0,16,200
10/21/2020,BIL,MT,ANM,WE,Combined TRACON& Tower with Radar,36,88,19,0,143,0,0,0,0,0,36,88,19,0,143,0,0,0,143
10/22/2020,BIL,MT,ANM,WE,Combined TRACON& Tower with Radar,38,83,27,0,148,0,2,7,0,9,38,85,34,0,157,0,0,0,157
10/23/2020,BIL,MT,ANM,WE,Combined TRACON& Tower with Radar,38,77,33,2,150,0,27,50,0,77,38,104,83,2,227,78,0,78,305
10/24/2020,BIL,MT,ANM,WE,Combined TRACON& Tower with Radar,29,61,1,0,91,0,0,0,0,0,29,61,1,0,91,0,0,0,91
10/25/2020,BIL,MT,ANM,WE,Combined TRACON& Tower with Radar,29,41,13,0,83,0,13,11,0,24,29,54,24,0,107,42,0,42,149
10/26/2020,BIL,MT,ANM,WE,Combined TRACON& Tower with Radar,32,63,18,0,113,0,31,12,0,43,32,94,30,0,156,6,0,6,162
10/27/2020,BIL,MT,ANM,WE,Combined TRACON& Tower with Radar,34,66,18,0,118,0,26,9,0,35,34,92,27,0,153,4,0,4,157
10/28/2020,BIL,MT,ANM,WE,Combined TRACON& Tower with Radar,35,67,37,2,141,0,36,94,1,131,35,103,131,3,272,222,0,222,494
10/29/2020,BIL,MT,ANM,WE,Combined TRACON& Tower with Radar,38,65,32,2,137,0,34,54,0,88,38,99,86,2,225,51,0,51,276
10/30/2020,BIL,MT,ANM,WE,Combined TRACON& Tower with Radar,36,78,33,2,149,0,27,40,1,68,36,105,73,3,217,48,0,48,265
10/31/2020,BIL,MT,ANM,WE,Combined TRACON& Tower with Radar,24,55,18,1,98,0,20,43,1,64,24,75,61,2,162,102,0,102,264
11/01/2020,BIL,MT,ANM,WE,Combined TRACON& Tower with Radar,30,19,24,0,73,0,24,38,0,62,30,43,62,0,135,20,0,20,155
11/02/2020,BIL,MT,ANM,WE,Combined TRACON& Tower with Radar,34,37,21,10,102,0,39,79,0,118,34,76,100,10,220,197,10,207,427
11/03/2020,BIL,MT,ANM,WE,Combined TRACON& Tower with Radar,32,48,41,0,121,0,41,86,0,127,32,89,127,0,248,134,0,134,382
11/04/2020,BIL,MT,ANM,WE,Combined TRACON& Tower with Radar,37,64,40,0,141,0,35,39,0,74,37,99,79,0,215,47,0,47,262
11/05/2020,BIL,MT,ANM,WE,Combined TRACON& Tower with Radar,44,55,39,8,146,0,28,44,4,76,44,83,83,12,222,70,12,82,304
11/06/2020,BIL,MT,ANM,WE,Combined TRACON& Tower with Radar,42,76,42,6,166,0,27,80,1,108,42,103,122,7,274,134,18,152,426
11/07/2020,BIL,MT,ANM,WE,Combined TRACON& Tower with Radar,37,58,24,0,119,0,5,54,0,59,37,63,78,0,178,183,0,183,361
11/08/2020,BIL,MT,ANM,WE,Combined TRACON& Tower with Radar,36,18,3,0,57,0,0,0,0,0,36,18,3,0,57,0,0,0,57
11/09/2020,BIL,MT,ANM,WE,Combined TRACON& Tower with Radar,36,75,18,0,129,0,12,23,0,35,36,87,41,0,164,72,0,72,236
11/10/2020,BIL,MT,ANM,WE,Combined TRACON& Tower with Radar,36,76,41,22,175,0,18,43,1,62,36,94,84,23,237,65,10,75,312
11/11/2020,BIL,MT,ANM,WE,Combined TRACON& Tower with Radar,43,91,29,0,163,0,2,28,0,30,43,93,57,0,193,56,0,56,249
11/12/2020,BIL,MT,ANM,WE,Combined TRACON& Tower with Radar,42,62,30,2,136,0,29,51,0,80,42,91,81,2,216,101,0,101,317
11/13/2020,BIL,MT,ANM,WE,Combined TRACON& Tower with Radar,42,79,16,0,137,0,24,21,0,45,42,103,37,0,182,34,0,34,216
11/14/2020,BIL,MT,ANM,WE,Combined TRACON& Tower with Radar,30,68,10,0,108,0,8,2,0,10,30,76,12,0,118,0,0,0,118
11/15/2020,BIL,MT,ANM,WE,Combined TRACON& Tower with Radar,37,17,17,0,71,0,17,30,0,47,37,34,47,0,118,44,0,44,162
11/16/2020,BIL,MT,ANM,WE,Combined TRACON& Tower with Radar,37,48,44,1,130,0,39,75,0,114,37,87,119,1,244,170,0,170,414
11/17/2020,BIL,MT,ANM,WE,Combined TRACON& Tower with Radar,38,69,32,2,141,0,41,78,2,121,38,110,110,4,262,140,0,140,402
11/18/2020,BIL,MT,ANM,WE,Combined TRACON& Tower with Radar,39,60,24,8,131,0,35,50,0,85,39,95,74,8,216,96,24,120,336
11/19/2020,BIL,MT,ANM,WE,Combined TRACON& Tower with Radar,42,76,36,0,154,0,22,33,0,55,42,98,69,0,209,28,0,28,237
11/20/2020,BIL,MT,ANM,WE,Combined TRACON& Tower with Radar,42,64,46,0,152,0,26,92,0,118,42,90,138,0,270,139,0,139,409
11/21/2020,BIL,MT,ANM,WE,Combined TRACON& Tower with Radar,35,39,22,0,96,0,16,58,2,76,35,55,80,2,172,38,0,38,210
11/22/2020,BIL,MT,ANM,WE,Combined TRACON& Tower with Radar,36,15,16,0,67,0,21,48,1,70,36,36,64,1,137,91,0,91,228
11/23/2020,BIL,MT,ANM,WE,Combined TRACON& Tower with Radar,41,48,18,0,107,0,27,62,0,89,41,75,80,0,196,158,0,158,354
11/24/2020,BIL,MT,ANM,WE,Combined TRACON& Tower with Radar,43,74,37,30,184,0,21,48,5,74,43,95,85,35,258,54,28,82,340
11/25/2020,BIL,MT,ANM,WE,Combined TRACON& Tower with Radar,49,86,24,0,159,0,14,19,0,33,49,100,43,0,192,24,0,24,216
11/26/2020,BIL,MT,ANM,WE,Combined TRACON& Tower with Radar,20,12,6,0,38,0,18,7,0,25,20,30,13,0,63,10,0,10,73
11/27/2020,BIL,MT,ANM,WE,Combined TRACON& Tower with Radar,34,58,9,0,101,0,19,8,0,27,34,77,17,0,128,5,0,5,133
11/28/2020,BIL,MT,ANM,WE,Combined TRACON& Tower with Radar,38,39,18,0,95,14,12,18,0,44,52,51,36,0,139,12,0,12,151
11/29/2020,BIL,MT,ANM,WE,Combined TRACON& Tower with Radar,44,20,27,0,91,0,21,46,0,67,44,41,73,0,158,16,0,16,174
11/30/2020,BIL,MT,ANM,WE,Combined TRACON& Tower with Radar,44,35,27,0,106,0,30,27,0,57,44,65,54,0,163,18,0,18,181
12/01/2020,BIL,MT,ANM,WE,Combined TRACON& Tower with Radar,44,93,30,0,167,0,4,30,0,34,44,97,60,0,201,24,0,24,225
12/02/2020,BIL,MT,ANM,WE,Combined TRACON& Tower with Radar,48,68,35,10,161,0,40,74,2,116,48,108,109,12,277,114,12,126,403
12/03/2020,BIL,MT,ANM,WE,Combined TRACON& Tower with Radar,48,73,25,4,150,0,26,26,0,52,48,99,51,4,202,0,0,0,202
12/04/2020,BIL,MT,ANM,WE,Combined TRACON& Tower with Radar,48,63,26,0,137,0,28,70,0,98,48,91,96,0,235,72,0,72,307
12/05/2020,BIL,MT,ANM,WE,Combined TRACON& Tower with Radar,29,31,20,0,80,0,21,32,0,53,29,52,52,0,133,24,0,24,157
12/06/2020,BIL,MT,ANM,WE,Combined TRACON& Tower with Radar,37,12,13,0,62,0,23,38,0,61,37,35,51,0,123,42,0,42,165
12/07/2020,BIL,MT,ANM,WE,Combined TRACON& Tower with Radar,41,40,17,1,99,0,25,31,2,58,41,65,48,3,157,51,34,85,242
12/08/2020,BIL,MT,ANM,WE,Combined TRACON& Tower with Radar,46,68,25,0,139,0,28,29,0,57,46,96,54,0,196,12,0,12,208
12/09/2020,BIL,MT,ANM,WE,Combined TRACON& Tower with Radar,45,63,31,0,139,0,31,52,0,83,45,94,83,0,222,90,0,90,312
12/10/2020,BIL,MT,ANM,WE,Combined TRACON& Tower with Radar,50,87,39,14,190,0,16,45,0,61,50,103,84,14,251,104,12,116,367
12/11/2020,BIL,MT,ANM,WE,Combined TRACON& Tower with Radar,54,83,19,2,158,0,1,8,0,9,54,84,27,2,167,0,0,0,167
12/12/2020,BIL,MT,ANM,WE,Combined TRACON& Tower with Radar,32,70,11,0,113,0,0,1,0,1,32,70,12,0,114,0,0,0,114
12/13/2020,BIL,MT,ANM,WE,Combined TRACON& Tower with Radar,38,49,16,0,103,0,3,42,0,45,38,52,58,0,148,135,0,135,283
12/14/2020,BIL,MT,ANM,WE,Combined TRACON& Tower with Radar,37,65,24,0,126,0,9,12,0,21,37,74,36,0,147,78,0,78,225
12/15/2020,BIL,MT,ANM,WE,Combined TRACON& Tower with Radar,46,81,33,0,160,0,25,49,0,74,46,106,82,0,234,136,0,136,370
12/16/2020,BIL,MT,ANM,WE,Combined TRACON& Tower with Radar,45,80,38,0,163,0,26,44,0,70,45,106,82,0,233,86,0,86,319
12/17/2020,BIL,MT,ANM,WE,Combined TRACON& Tower with Radar,55,76,35,0,166,0,23,44,0,67,55,99,79,0,233,72,0,72,305
12/18/2020,BIL,MT,ANM,WE,Combined TRACON& Tower with Radar,49,84,47,0,180,0,20,63,0,83,49,104,110,0,263,74,0,74,337
12/19/2020,BIL,MT,ANM,WE,Combined TRACON& Tower with Radar,50,57,19,0,126,0,18,6,0,24,50,75,25,0,150,10,0,10,160
12/20/2020,BIL,MT,ANM,WE,Combined TRACON& Tower with Radar,45,47,12,0,104,0,5,11,0,16,45,52,23,0,120,0,0,0,120
12/21/2020,BIL,MT,ANM,WE,Combined TRACON& Tower with Radar,47,65,14,0,126,0,3,9,0,12,47,68,23,0,138,26,0,26,164
12/22/2020,BIL,MT,ANM,WE,Combined TRACON& Tower with Radar,49,92,15,10,166,0,13,4,0,17,49,105,19,10,183,2,8,10,193
12/23/2020,BIL,MT,ANM,WE,Combined TRACON& Tower with Radar,48,77,20,1,146,0,37,22,3,62,48,114,42,4,208,28,8,36,244
12/24/2020,BIL,MT,ANM,WE,Combined TRACON& Tower with Radar,35,71,11,0,117,0,28,12,0,40,35,99,23,0,157,0,0,0,157
12/25/2020,BIL,MT,ANM,WE,Combined TRACON& Tower with Radar,20,23,3,0,46,0,24,8,2,34,20,47,11,2,80,10,0,10,90
12/26/2020,BIL,MT,ANM,WE,Combined TRACON& Tower with Radar,34,43,14,0,91,0,13,22,1,36,34,56,36,1,127,4,0,4,131
12/27/2020,BIL,MT,ANM,WE,Combined TRACON& Tower with Radar,34,41,18,0,93,0,2,8,0,10,34,43,26,0,103,0,0,0,103
12/28/2020,BIL,MT,ANM,WE,Combined TRACON& Tower with Radar,36,64,12,0,112,0,11,25,0,36,36,75,37,0,148,20,0,20,168
12/29/2020,BIL,MT,ANM,WE,Combined TRACON& Tower with Radar,43,74,36,0,153,0,32,30,0,62,43,106,66,0,215,20,0,20,235
12/30/2020,BIL,MT,ANM,WE,Combined TRACON& Tower with Radar,48,76,19,6,149,0,36,31,4,71,48,112,50,10,220,20,18,38,258
12/31/2020,BIL,MT,ANM,WE,Combined TRACON& Tower with Radar,34,66,15,0,115,0,27,24,0,51,34,93,39,0,166,0,0,0,166
01/01/2021,BIL,MT,ANM,WE,Combined TRACON& Tower with Radar,24,21,7,0,52,0,23,28,1,52,24,44,35,1,104,0,0,0,104
01/02/2021,BIL,MT,ANM,WE,Combined TRACON& Tower with Radar,34,51,13,0,98,0,14,5,0,19,34,65,18,0,117,28,0,28,145
01/03/2021,BIL,MT,ANM,WE,Combined TRACON& Tower with Radar,36,28,17,0,81,0,15,15,0,30,36,43,32,0,111,4,0,4,115
01/04/2021,BIL,MT,ANM,WE,Combined TRACON& Tower with Radar,35,42,13,0,90,0,32,36,0,68,35,74,49,0,158,64,0,64,222
01/05/2021,BIL,MT,ANM,WE,Combined TRACON& Tower with Radar,30,89,16,0,135,0,28,12,0,40,30,117,28,0,175,0,0,0,175
01/06/2021,BIL,MT,ANM,WE,Combined TRACON& Tower with Radar,32,52,35,14,133,0,33,66,4,103,32,85,101,18,236,106,18,124,360
01/07/2021,BIL,MT,ANM,WE,Combined TRACON& Tower with Radar,34,94,31,18,177,0,9,1,0,10,34,103,32,18,187,0,0,0,187
01/08/2021,BIL,MT,ANM,WE,Combined TRACON& Tower with Radar,34,87,21,0,142,0,3,10,0,13,34,90,31,0,155,16,0,16,171
01/09/2021,BIL,MT,ANM,WE,Combined TRACON& Tower with Radar,14,50,14,0,78,0,0,9,0,9,14,50,23,0,87,0,0,0,87
01/10/2021,BIL,MT,ANM,WE,Combined TRACON& Tower with Radar,31,29,18,2,80,0,17,35,2,54,31,46,53,4,134,4,0,4,138
01/11/2021,BIL,MT,ANM,WE,Combined TRACON& Tower with Radar,23,54,25,0,102,0,34,20,0,54,23,88,45,0,156,8,0,8,164
01/12/2021,BIL,MT,ANM,WE,Combined TRACON& Tower with Radar,28,71,22,0,121,0,37,25,0,62,28,108,47,0,183,2,0,2,185
01/13/2021,BIL,MT,ANM,WE,Combined TRACON& Tower with Radar,26,55,13,0,94,0,9,5,0,14,26,64,18,0,108,0,0,0,108
01/14/2021,BIL,MT,ANM,WE,Combined TRACON& Tower with Radar,34,68,15,0,117,0,16,10,0,26,34,84,25,0,143,0,0,0,143
01/15/2021,BIL,MT,ANM,WE,Combined TRACON& Tower with Radar,32,58,18,14,122,0,27,75,0,102,32,85,93,14,224,74,0,74,298
01/16/2021,BIL,MT,ANM,WE,Combined TRACON& Tower with Radar,21,50,15,0,86,0,22,21,2,45,21,72,36,2,131,31,0,31,162
01/17/2021,BIL,MT,ANM,WE,Combined TRACON& Tower with Radar,24,44,13,0,81,0,11,29,0,40,24,55,42,0,121,66,0,66,187
01/18/2021,BIL,MT,ANM,WE,Combined TRACON& Tower with Radar,25,63,22,1,111,0,3,3,0,6,25,66,25,1,117,0,0,0,117
01/19/2021,BIL,MT,ANM,WE,Combined TRACON& Tower with Radar,29,59,31,1,120,0,27,39,0,66,29,86,70,1,186,18,0,18,204
01/20/2021,BIL,MT,ANM,WE,Combined TRACON& Tower with Radar,31,56,27,26,140,0,36,32,0,68,31,92,59,26,208,81,30,111,319
01/21/2021,BIL,MT,ANM,WE,Combined TRACON& Tower with Radar,32,71,31,0,134,0,12,19,0,31,32,83,50,0,165,56,0,56,221
01/22/2021,BIL,MT,ANM,WE,Combined TRACON& Tower with Radar,32,74,23,14,143,0,22,70,1,93,32,96,93,15,236,114,20,134,370
01/23/2021,BIL,MT,ANM,WE,Combined TRACON& Tower with Radar,23,52,17,0,92,0,12,72,0,84,23,64,89,0,176,110,0,110,286
01/24/2021,BIL,MT,ANM,WE,Combined TRACON& Tower with Radar,26,28,12,0,66,0,11,59,0,70,26,39,71,0,136,68,0,68,204
01/25/2021,BIL,MT,ANM,WE,Combined TRACON& Tower with Radar,24,74,25,12,135,0,0,6,0,6,24,74,31,12,141,7,0,7,148
01/26/2021,BIL,MT,ANM,WE,Combined TRACON& Tower with Radar,34,82,25,0,141,0,4,6,0,10,34,86,31,0,151,0,0,0,151
01/27/2021,BIL,MT,ANM,WE,Combined TRACON& Tower with Radar,31,83,23,14,151,0,8,32,0,40,31,91,55,14,191,34,0,34,225
01/28/2021,BIL,MT,ANM,WE,Combined TRACON& Tower with Radar,38,68,41,23,170,0,31,103,3,137,38,99,144,26,307,109,28,137,444
01/29/2021,BIL,MT,ANM,WE,Combined TRACON& Tower with Radar,32,70,26,0,128,0,18,93,0,111,32,88,119,0,239,92,0,92,331
01/30/2021,BIL,MT,ANM,WE,Combined TRACON& Tower with Radar,23,54,15,0,92,0,6,56,0,62,23,60,71,0,154,130,0,130,284
01/31/2021,BIL,MT,ANM,WE,Combined TRACON& Tower with Radar,26,26,19,0,71,0,13,68,0,81,26,39,87,0,152,72,0,72,224
02/01/2021,BIL,MT,ANM,WE,Combined TRACON& Tower with Radar,27,49,40,0,116,0,27,99,0,126,27,76,139,0,242,146,0,146,388
02/02/2021,BIL,MT,ANM,WE,Combined TRACON& Tower with Radar,34,58,26,10,128,0,32,64,0,96,34,90,90,10,224,24,8,32,256
02/03/2021,BIL,MT,ANM,WE,Combined TRACON& Tower with Radar,32,98,28,5,163,0,8,11,3,22,32,106,39,8,185,12,14,26,211
02/04/2021,BIL,MT,ANM,WE,Combined TRACON& Tower with Radar,34,88,34,0,156,0,30,30,0,60,34,118,64,0,216,34,0,34,250
02/05/2021,BIL,MT,ANM,WE,Combined TRACON& Tower with Radar,35,84,9,0,128,0,0,1,0,1,35,84,10,0,129,0,0,0,129
02/06/2021,BIL,MT,ANM,WE,Combined TRACON& Tower with Radar,24,63,2,0,89,0,0,0,0,0,24,63,2,0,89,0,0,0,89
02/07/2021,BIL,MT,ANM,WE,Combined TRACON& Tower with Radar,24,40,10,0,74,0,1,1,0,2,24,41,11,0,76,0,0,0,76
02/08/2021,BIL,MT,ANM,WE,Combined TRACON& Tower with Radar,27,71,15,0,113,0,1,0,0,1,27,72,15,0,114,0,0,0,114
02/09/2021,BIL,MT,ANM,WE,Combined TRACON& Tower with Radar,34,72,27,0,133,0,2,2,0,4,34,74,29,0,137,0,0,0,137
02/10/2021,BIL,MT,ANM,WE,Combined TRACON& Tower with Radar,32,61,30,0,123,0,8,4,0,12,32,69,34,0,135,0,0,0,135
02/11/2021,BIL,MT,ANM,WE,Combined TRACON& Tower with Radar,34,63,25,0,122,0,3,1,0,4,34,66,26,0,126,0,0,0,126
02/12/2021,BIL,MT,ANM,WE,Combined TRACON& Tower with Radar,30,64,21,0,115,0,10,5,0,15,30,74,26,0,130,0,0,0,130
02/13/2021,BIL,MT,ANM,WE,Combined TRACON& Tower with Radar,20,40,8,0,68,0,2,9,0,11,20,42,17,0,79,32,0,32,111
02/14/2021,BIL,MT,ANM,WE,Combined TRACON& Tower with Radar,22,22,11,0,55,0,10,10,0,20,22,32,21,0,75,70,0,70,145
02/15/2021,BIL,MT,ANM,WE,Combined TRACON& Tower with Radar,29,48,22,0,99,1,19,42,0,62,30,67,64,0,161,72,0,72,233
02/16/2021,BIL,MT,ANM,WE,Combined TRACON& Tower with Radar,31,85,26,0,142,0,5,2,0,7,31,90,28,0,149,2,0,2,151
02/17/2021,BIL,MT,ANM,WE,Combined TRACON& Tower with Radar,33,92,25,0,150,0,4,18,0,22,33,96,43,0,172,70,0,70,242
02/18/2021,BIL,MT,ANM,WE,Combined TRACON& Tower with Radar,36,56,36,1,129,0,29,101,1,131,36,85,137,2,260,182,0,182,442
02/19/2021,BIL,MT,ANM,WE,Combined TRACON& Tower with Radar,34,71,20,0,125,0,16,26,0,42,34,87,46,0,167,8,0,8,175
02/20/2021,BIL,MT,ANM,WE,Combined TRACON& Tower with Radar,29,51,16,0,96,0,11,60,0,71,29,62,76,0,167,126,0,126,293
02/21/2021,BIL,MT,ANM,WE,Combined TRACON& Tower with Radar,32,29,11,0,72,0,18,10,0,28,32,47,21,0,100,0,0,0,100
02/22/2021,BIL,MT,ANM,WE,Combined TRACON& Tower with Radar,35,43,18,0,96,0,23,5,0,28,35,66,23,0,124,9,0,9,133
02/23/2021,BIL,MT,ANM,WE,Combined TRACON& Tower with Radar,38,82,24,10,154,0,27,4,0,31,38,109,28,10,185,2,14,16,201
02/24/2021,BIL,MT,ANM,WE,Combined TRACON& Tower with Radar,38,75,45,3,161,0,16,53,2,71,38,91,98,5,232,56,8,64,296
02/25/2021,BIL,MT,ANM,WE,Combined TRACON& Tower with Radar,38,67,23,0,128,0,30,21,0,51,38,97,44,0,179,48,0,48,227
02/26/2021,BIL,MT,ANM,WE,Combined TRACON& Tower with Radar,36,66,24,6,132,0,17,35,0,52,36,83,59,6,184,30,8,38,222
02/27/2021,BIL,MT,ANM,WE,Combined TRACON& Tower with Radar,31,61,14,0,106,0,0,22,0,22,31,61,36,0,128,28,0,28,156
02/28/2021,BIL,MT,ANM,WE,Combined TRACON& Tower with Radar,30,24,9,0,63,0,19,30,0,49,30,43,39,0,112,50,0,50,162
03/01/2021,BIL,MT,ANM,WE,Combined TRACON& Tower with Radar,33,44,27,0,104,0,27,37,0,64,33,71,64,0,168,24,0,24,192
03/02/2021,BIL,MT,ANM,WE,Combined TRACON& Tower with Radar,38,50,27,1,116,0,44,106,1,151,38,94,133,2,267,111,0,111,378
03/03/2021,BIL,MT,ANM,WE,Combined TRACON& Tower with Radar,40,48,25,1,114,0,36,112,1,149,40,84,137,2,263,124,0,124,387
03/04/2021,BIL,MT,ANM,WE,Combined TRACON& Tower with Radar,42,60,39,14,155,0,32,116,0,148,42,92,155,14,303,128,0,128,431
03/05/2021,BIL,MT,ANM,WE,Combined TRACON& Tower with Radar,38,65,33,0,136,0,31,106,0,137,38,96,139,0,273,148,0,148,421
03/06/2021,BIL,MT,ANM,WE,Combined TRACON& Tower with Radar,39,37,14,0,90,0,22,81,0,103,39,59,95,0,193,48,0,48,241
03/07/2021,BIL,MT,ANM,WE,Combined TRACON& Tower with Radar,33,20,11,0,64,0,20,62,0,82,33,40,73,0,146,44,0,44,190
03/08/2021,BIL,MT,ANM,WE,Combined TRACON& Tower with Radar,35,44,29,24,132,0,29,71,0,100,35,73,100,24,232,86,26,112,344
03/09/2021,BIL,MT,ANM,WE,Combined TRACON& Tower with Radar,41,72,40,0,153,0,10,45,0,55,41,82,85,0,208,110,0,110,318
03/10/2021,BIL,MT,ANM,WE,Combined TRACON& Tower with Radar,42,61,30,10,143,0,22,94,1,117,42,83,124,11,260,176,36,212,472
03/11/2021,BIL,MT,ANM,WE,Combined TRACON& Tower with Radar,39,83,46,5,173,0,9,62,3,74,39,92,108,8,247,30,0,30,277
03/12/2021,BIL,MT,ANM,WE,Combined TRACON& Tower with Radar,39,67,30,0,136,0,30,112,0,142,39,97,142,0,278,122,0,122,400
03/13/2021,BIL,MT,ANM,WE,Combined TRACON& Tower with Radar,33,42,15,0,90,0,24,89,0,113,33,66,104,0,203,80,0,80,283
03/14/2021,BIL,MT,ANM,WE,Combined TRACON& Tower with Radar,31,27,24,0,82,0,15,41,0,56,31,42,65,0,138,0,0,0,138
03/15/2021,BIL,MT,ANM,WE,Combined TRACON& Tower with Radar,33,53,28,4,118,0,21,88,2,111,33,74,116,6,229,162,10,172,401
03/16/2021,BIL,MT,ANM,WE,Combined TRACON& Tower with Radar,42,88,22,0,152,0,5,18,0,23,42,93,40,0,175,34,0,34,209
03/17/2021,BIL,MT,ANM,WE,Combined TRACON& Tower with Radar,44,57,36,1,138,0,34,110,1,145,44,91,146,2,283,125,0,125,408
03/18/2021,BIL,MT,ANM,WE,Combined TRACON& Tower with Radar,42,55,38,1,136,0,37,90,2,129,42,92,128,3,265,122,0,122,387
03/19/2021,BIL,MT,ANM,WE,Combined TRACON& Tower with Radar,40,62,34,0,136,0,27,70,0,97,40,89,104,0,233,42,0,42,275
03/20/2021,BIL,MT,ANM,WE,Combined TRACON& Tower with Radar,32,67,7,0,106,0,6,1,0,7,32,73,8,0,113,0,0,0,113
03/21/2021,BIL,MT,ANM,WE,Combined TRACON& Tower with Radar,31,17,16,0,64,0,28,51,0,79,31,45,67,0,143,36,0,36,179
03/22/2021,BIL,MT,ANM,WE,Combined TRACON& Tower with Radar,34,60,30,0,124,0,22,59,1,82,34,82,89,1,206,78,0,78,284
03/23/2021,BIL,MT,ANM,WE,Combined TRACON& Tower with Radar,40,86,30,0,156,0,23,29,0,52,40,109,59,0,208,58,0,58,266
03/24/2021,BIL,MT,ANM,WE,Combined TRACON& Tower with Radar,42,54,36,0,132,0,41,62,3,106,42,95,98,3,238,62,4,66,304
03/25/2021,BIL,MT,ANM,WE,Combined TRACON& Tower with Radar,39,79,38,20,176,0,18,70,2,90,39,97,108,22,266,48,28,76,342
03/26/2021,BIL,MT,ANM,WE,Combined TRACON& Tower with Radar,38,76,13,0,127,0,7,14,0,21,38,83,27,0,148,50,0,50,198
03/27/2021,BIL,MT,ANM,WE,Combined TRACON& Tower with Radar,36,53,19,0,108,0,5,48,1,54,36,58,67,1,162,98,0,98,260
03/28/2021,BIL,MT,ANM,WE,Combined TRACON& Tower with Radar,31,20,11,0,62,0,13,11,0,24,31,33,22,0,86,0,0,0,86
03/29/2021,BIL,MT,ANM,WE,Combined TRACON& Tower with Radar,31,39,8,0,78,0,14,3,0,17,31,53,11,0,95,2,0,2,97
03/30/2021,BIL,MT,ANM,WE,Combined TRACON& Tower with Radar,47,80,33,4,164,0,25,46,0,71,47,105,79,4,235,110,4,114,349
03/31/2021,BIL,MT,ANM,WE,Combined TRACON& Tower with Radar,42,60,43,0,145,0,38,81,0,119,42,98,124,0,264,76,0,76,340
04/01/2021,BIL,MT,ANM,WE,Combined TRACON& Tower with Radar,42,57,25,6,130,0,40,57,4,101,42,97,82,10,231,48,2,50,281
04/02/2021,BIL,MT,ANM,WE,Combined TRACON& Tower with Radar,36,47,26,0,109,0,35,106,0,141,36,82,132,0,250,176,0,176,426
04/03/2021,BIL,MT,ANM,WE,Combined TRACON& Tower with Radar,30,27,18,0,75,0,28,72,1,101,30,55,90,1,176,28,0,28,204
04/04/2021,BIL,MT,ANM,WE,Combined TRACON& Tower with Radar,31,17,16,0,64,0,29,45,0,74,31,46,61,0,138,45,0,45,183
04/05/2021,BIL,MT,ANM,WE,Combined TRACON& Tower with Radar,31,53,28,0,112,0,22,31,0,53,31,75,59,0,165,26,0,26,191
04/06/2021,BIL,MT,ANM,WE,Combined TRACON& Tower with Radar,40,107,25,0,172,0,2,7,0,9,40,109,32,0,181,9,0,9,190
04/07/2021,BIL,MT,ANM,WE,Combined TRACON& Tower with Radar,42,59,45,2,148,0,36,102,0,138,42,95,147,2,286,66,0,66,352
04/08/2021,BIL,MT,ANM,WE,Combined TRACON& Tower with Radar,40,83,39,1,163,0,25,48,0,73,40,108,87,1,236,76,0,76,312
04/09/2021,BIL,MT,ANM,WE,Combined TRACON& Tower with Radar,38,74,23,6,141,0,42,90,5,137,38,116,113,11,278,118,0,118,396
04/10/2021,BIL,MT,ANM,WE,Combined TRACON& Tower with Radar,30,42,12,0,84,0,29,34,0,63,30,71,46,0,147,20,0,20,167
04/11/2021,BIL,MT,ANM,WE,Combined TRACON& Tower with Radar,29,47,15,0,91,0,7,7,0,14,29,54,22,0,105,6,0,6,111
04/12/2021,BIL,MT,ANM,WE,Combined TRACON& Tower with Radar,33,67,24,0,124,0,12,40,0,52,33,79,64,0,176,56,0,56,232
04/13/2021,BIL,MT,ANM,WE,Combined TRACON& Tower with Radar,40,82,31,6,159,0,10,32,6,48,40,92,63,12,207,32,0,32,239
04/14/2021,BIL,MT,ANM,WE,Combined TRACON& Tower with Radar,40,85,35,7,167,0,2,14,2,18,40,87,49,9,185,26,28,54,239
04/15/2021,BIL,MT,ANM,WE,Combined TRACON& Tower with Radar,39,88,34,0,161,0,0,1,0,1,39,88,35,0,162,0,0,0,162
04/16/2021,BIL,MT,ANM,WE,Combined TRACON& Tower with Radar,40,81,13,0,134,0,7,37,0,44,40,88,50,0,178,32,0,32,210
04/17/2021,BIL,MT,ANM,WE,Combined TRACON& Tower with Radar,30,36,24,0,90,0,28,102,0,130,30,64,126,0,220,140,0,140,360
04/18/2021,BIL,MT,ANM,WE,Combined TRACON& Tower with Radar,29,38,15,0,82,0,6,16,0,22,29,44,31,0,104,14,0,14,118
04/19/2021,BIL,MT,ANM,WE,Combined TRACON& Tower with Radar,35,77,19,0,131,0,10,10,1,21,35,87,29,1,152,0,0,0,152
04/20/2021,BIL,MT,ANM,WE,Combined TRACON& Tower with Radar,39,95,15,0,149,0,16,61,0,77,39,111,76,0,226,102,0,102,328
04/21/2021,BIL,MT,ANM,WE,Combined TRACON& Tower with Radar,38,56,46,3,143,5,46,132,3,186,43,102,178,6,329,296,34,330,659
04/22/2021,BIL,MT,ANM,WE,Combined TRACON& Tower with Radar,38,62,43,3,146,0,35,75,11,121,38,97,118,14,267,64,58,122,389
04/23/2021,BIL,MT,ANM,WE,Combined TRACON& Tower with Radar,37,88,28,0,153,0,8,14,0,22,37,96,42,0,175,8,0,8,183
04/24/2021,BIL,MT,ANM,WE,Combined TRACON& Tower with Radar,32,57,15,0,104,0,13,41,0,54,32,70,56,0,158,14,0,14,172
04/25/2021,BIL,MT,ANM,WE,Combined TRACON& Tower with Radar,29,37,24,2,92,0,7,15,0,22,29,44,39,2,114,62,0,62,176
04/26/2021,BIL,MT,ANM,WE,Combined TRACON& Tower with Radar,33,64,26,0,123,0,6,43,0,49,33,70,69,0,172,96,0,96,268
04/27/2021,BIL,MT,ANM,WE,Combined TRACON& Tower with Radar,39,64,58,0,161,0,34,136,0,170,39,98,194,0,331,234,0,234,565
04/28/2021,BIL,MT,ANM,WE,Combined TRACON& Tower with Radar,40,56,40,7,143,0,42,90,6,138,40,98,130,13,281,112,28,140,421
04/29/2021,BIL,MT,ANM,WE,Combined TRACON& Tower with Radar,39,52,32,0,123,0,34,96,0,130,39,86,128,0,253,92,0,92,345
04/30/2021,BIL,MT,ANM,WE,Combined TRACON& Tower with Radar,38,50,30,0,118,0,28,66,0,94,38,78,96,0,212,88,0,88,300
05/01/2021,BIL,MT,ANM,WE,Combined TRACON& Tower with Radar,30,39,19,0,88,0,22,53,0,75,30,61,72,0,163,36,0,36,199
05/02/2021,BIL,MT,ANM,WE,Combined TRACON& Tower with Radar,30,38,29,0,97,0,2,12,5,19,30,40,41,5,116,4,0,4,120
05/03/2021,BIL,MT,ANM,WE,Combined TRACON& Tower with Radar,36,53,33,0,122,0,25,87,0,112,36,78,120,0,234,178,0,178,412
05/04/2021,BIL,MT,ANM,WE,Combined TRACON& Tower with Radar,39,59,31,4,133,0,24,52,0,76,39,83,83,4,209,74,0,74,283
05/05/2021,BIL,MT,ANM,WE,Combined TRACON& Tower with Radar,40,65,45,12,162,1,27,72,2,102,41,92,117,14,264,135,14,149,413
05/06/2021,BIL,MT,ANM,WE,Combined TRACON& Tower with Radar,43,54,29,0,126,0,41,127,0,168,43,95,156,0,294,205,0,205,499
05/07/2021,BIL,MT,ANM,WE,Combined TRACON& Tower with Radar,41,58,33,0,132,0,35,84,0,119,41,93,117,0,251,169,0,169,420
05/08/2021,BIL,MT,ANM,WE,Combined TRACON& Tower with Radar,32,56,13,0,101,0,5,4,0,9,32,61,17,0,110,42,0,42,152
05/09/2021,BIL,MT,ANM,WE,Combined TRACON& Tower with Radar,34,38,19,0,91,0,4,7,0,11,34,42,26,0,102,61,0,61,163
05/10/2021,BIL,MT,ANM,WE,Combined TRACON& Tower with Radar,39,75,34,0,148,0,11,31,0,42,39,86,65,0,190,102,0,102,292
05/11/2021,BIL,MT,ANM,WE,Combined TRACON& Tower with Radar,38,65,35,2,140,0,30,138,0,168,38,95,173,2,308,6,0,6,314
05/12/2021,BIL,MT,ANM,WE,Combined TRACON& Tower with Radar,39,75,40,0,154,0,41,112,0,153,39,116,152,0,307,211,0,211,518
05/13/2021,BIL,MT,ANM,WE,Combined TRACON& Tower with Radar,42,62,46,6,156,0,41,61,3,105,42,103,107,9,261,70,2,72,333
05/14/2021,BIL,MT,ANM,WE,Combined TRACON& Tower with Radar,43,55,30,0,128,0,39,69,1,109,43,94,99,1,237,78,0,78,315
05/15/2021,BIL,MT,ANM,WE,Combined TRACON& Tower with Radar,31,36,17,0,84,0,29,52,2,83,31,65,69,2,167,135,0,135,302
05/16/2021,BIL,MT,ANM,WE,Combined TRACON& Tower with Radar,33,21,30,4,88,4,31,67,0,102,37,52,97,4,190,175,0,175,365
05/17/2021,BIL,MT,ANM,WE,Combined TRACON& Tower with Radar,38,53,36,8,135,0,39,83,2,124,38,92,119,10,259,112,8,120,379
05/18/2021,BIL,MT,ANM,WE,Combined TRACON& Tower with Radar,42,68,28,4,142,0,40,65,0,105,42,108,93,4,247,120,0,120,367
05/19/2021,BIL,MT,ANM,WE,Combined TRACON& Tower with Radar,41,57,32,0,130,0,33,46,0,79,41,90,78,0,209,52,0,52,261
05/20/2021,BIL,MT,ANM,WE,Combined TRACON& Tower with Radar,44,101,29,0,174,0,14,6,1,21,44,115,35,1,195,24,0,24,219
05/21/2021,BIL,MT,ANM,WE,Combined TRACON& Tower with Radar,45,94,20,0,159,0,0,2,1,3,45,94,22,1,162,0,0,0,162
05/22/2021,BIL,MT,ANM,WE,Combined TRACON& Tower with Radar,33,83,15,0,131,0,10,10,1,21,33,93,25,1,152,92,0,92,244
05/23/2021,BIL,MT,ANM,WE,Combined TRACON& Tower with Radar,35,44,25,2,106,0,6,14,2,22,35,50,39,4,128,80,0,80,208
05/24/2021,BIL,MT,ANM,WE,Combined TRACON& Tower with Radar,42,59,26,1,128,0,23,14,2,39,42,82,40,3,167,44,0,44,211
05/25/2021,BIL,MT,ANM,WE,Combined TRACON& Tower with Radar,41,91,40,0,172,0,28,50,0,78,41,119,90,0,250,128,0,128,378
05/26/2021,BIL,MT,ANM,WE,Combined TRACON& Tower with Radar,39,76,56,6,177,0,6,31,3,40,39,82,87,9,217,32,16,48,265
05/27/2021,BIL,MT,ANM,WE,Combined TRACON& Tower with Radar,45,78,51,2,176,0,14,91,0,105,45,92,142,2,281,280,0,280,561
05/28/2021,BIL,MT,ANM,WE,Combined TRACON& Tower with Radar,49,69,39,0,157,0,33,53,0,86,49,102,92,0,243,88,0,88,331
05/29/2021,BIL,MT,ANM,WE,Combined TRACON& Tower with Radar,34,42,24,0,100,0,22,61,0,83,34,64,85,0,183,163,0,163,346
05/30/2021,BIL,MT,ANM,WE,Combined TRACON& Tower with Radar,33,17,18,0,68,0,21,46,0,67,33,38,64,0,135,114,0,114,249
05/31/2021,BIL,MT,ANM,WE,Combined TRACON& Tower with Radar,37,15,18,0,70,0,23,45,0,68,37,38,63,0,138,58,0,58,196
06/01/2021,BIL,MT,ANM,WE,Combined TRACON& Tower with Radar,32,48,29,0,109,0,40,80,1,121,32,88,109,1,230,218,1,219,449
06/02/2021,BIL,MT,ANM,WE,Combined TRACON& Tower with Radar,42,67,33,26,168,0,50,101,0,151,42,117,134,26,319,120,0,120,439
06/03/2021,BIL,MT,ANM,WE,Combined TRACON& Tower with Radar,49,69,26,0,144,0,46,69,1,116,49,115,95,1,260,165,0,165,425
06/04/2021,BIL,MT,ANM,WE,Combined TRACON& Tower with Radar,50,50,27,4,131,0,30,73,0,103,50,80,100,4,234,76,0,76,310
06/05/2021,BIL,MT,ANM,WE,Combined TRACON& Tower with Radar,36,43,18,1,98,0,27,46,4,77,36,70,64,5,175,23,2,25,200
06/06/2021,BIL,MT,ANM,WE,Combined TRACON& Tower with Radar,38,20,22,1,81,0,26,36,0,62,38,46,58,1,143,30,0,30,173
06/07/2021,BIL,MT,ANM,WE,Combined TRACON& Tower with Radar,47,57,28,0,132,0,38,74,1,113,47,95,102,1,245,70,0,70,315
06/08/2021,BIL,MT,ANM,WE,Combined TRACON& Tower with Radar,44,73,27,0,144,0,33,54,0,87,44,106,81,0,231,88,0,88,319
06/09/2021,BIL,MT,ANM,WE,Combined TRACON& Tower with Radar,42,63,42,5,152,6,28,108,8,150,48,91,150,13,302,104,22,126,428
06/10/2021,BIL,MT,ANM,WE,Combined TRACON& Tower with Radar,54,67,44,0,165,0,19,45,0,64,54,86,89,0,229,88,0,88,317
06/11/2021,BIL,MT,ANM,WE,Combined TRACON& Tower with Radar,48,74,41,2,165,0,35,55,4,94,48,109,96,6,259,0,0,0,259
06/12/2021,BIL,MT,ANM,WE,Combined TRACON& Tower with Radar,40,37,23,0,100,0,30,59,0,89,40,67,82,0,189,76,0,76,265
06/13/2021,BIL,MT,ANM,WE,Combined TRACON& Tower with Radar,41,19,16,0,76,0,33,41,1,75,41,52,57,1,151,94,0,94,245
06/14/2021,BIL,MT,ANM,WE,Combined TRACON& Tower with Radar,42,80,33,1,156,0,45,123,5,173,42,125,156,6,329,86,0,86,415
06/15/2021,BIL,MT,ANM,WE,Combined TRACON& Tower with Radar,47,67,31,7,152,2,43,132,6,183,49,110,163,13,335,61,24,85,420
06/16/2021,BIL,MT,ANM,WE,Combined TRACON& Tower with Radar,42,65,46,6,159,4,41,185,9,239,46,106,231,15,398,95,12,107,505
06/17/2021,BIL,MT,ANM,WE,Combined TRACON& Tower with Radar,49,67,33,0,149,1,47,124,4,176,50,114,157,4,325,40,0,40,365
06/18/2021,BIL,MT,ANM,WE,Combined TRACON& Tower with Radar,43,66,51,1,161,0,33,165,10,208,43,99,216,11,369,128,0,128,497
06/19/2021,BIL,MT,ANM,WE,Combined TRACON& Tower with Radar,39,43,18,0,100,0,28,96,9,133,39,71,114,9,233,97,3,100,333
06/20/2021,BIL,MT,ANM,WE,Combined TRACON& Tower with Radar,39,43,14,0,96,0,6,19,0,25,39,49,33,0,121,0,0,0,121
06/21/2021,BIL,MT,ANM,WE,Combined TRACON& Tower with Radar,40,52,38,0,130,0,33,101,1,135,40,85,139,1,265,127,0,127,392
06/22/2021,BIL,MT,ANM,WE,Combined TRACON& Tower with Radar,47,59,30,4,140,2,46,84,2,134,49,105,114,6,274,140,10,150,424
06/23/2021,BIL,MT,ANM,WE,Combined TRACON& Tower with Radar,45,55,37,10,147,0,38,53,3,94,45,93,90,13,241,98,10,108,349
06/24/2021,BIL,MT,ANM,WE,Combined TRACON& Tower with Radar,51,63,40,0,154,0,35,61,0,96,51,98,101,0,250,99,0,99,349
06/25/2021,BIL,MT,ANM,WE,Combined TRACON& Tower with Radar,47,73,52,0,172,0,20,75,1,96,47,93,127,1,268,164,4,168,436
06/26/2021,BIL,MT,ANM,WE,Combined TRACON& Tower with Radar,38,50,18,2,108,0,18,46,2,66,38,68,64,4,174,43,0,43,217
06/27/2021,BIL,MT,ANM,WE,Combined TRACON& Tower with Radar,42,41,20,4,107,1,22,29,0,52,43,63,49,4,159,60,0,60,219
06/28/2021,BIL,MT,ANM,WE,Combined TRACON& Tower with Radar,46,53,38,0,137,0,33,83,0,116,46,86,121,0,253,160,0,160,413
06/29/2021,BIL,MT,ANM,WE,Combined TRACON& Tower with Radar,46,59,50,0,155,0,35,77,0,112,46,94,127,0,267,164,0,164,431
06/30/2021,BIL,MT,ANM,WE,Combined TRACON& Tower with Radar,45,53,52,9,159,0,36,94,6,136,45,89,146,15,295,172,12,184,479
07/01/2021,BIL,MT,ANM,WE,Combined TRACON& Tower with Radar,52,59,46,0,157,0,31,106,2,139,52,90,152,2,296,82,8,90,386
07/02/2021,BIL,MT,ANM,WE,Combined TRACON& Tower with Radar,50,62,32,0,144,0,28,64,0,92,50,90,96,0,236,84,0,84,320
07/03/2021,BIL,MT,ANM,WE,Combined TRACON& Tower with Radar,35,41,25,0,101,0,24,48,1,73,35,65,73,1,174,20,0,20,194
07/04/2021,BIL,MT,ANM,WE,Combined TRACON& Tower with Radar,34,30,8,2,74,0,32,56,1,89,34,62,64,3,163,74,0,74,237
07/05/2021,BIL,MT,ANM,WE,Combined TRACON& Tower with Radar,42,30,16,0,88,0,25,45,1,71,42,55,61,1,159,65,0,65,224
07/06/2021,BIL,MT,ANM,WE,Combined TRACON& Tower with Radar,38,80,31,1,150,0,32,109,2,143,38,112,140,3,293,90,4,94,387
07/07/2021,BIL,MT,ANM,WE,Combined TRACON& Tower with Radar,44,70,23,0,137,2,24,95,0,121,46,94,118,0,258,154,0,154,412
07/08/2021,BIL,MT,ANM,WE,Combined TRACON& Tower with Radar,51,69,39,0,159,0,43,113,0,156,51,112,152,0,315,120,0,120,435
07/09/2021,BIL,MT,ANM,WE,Combined TRACON& Tower with Radar,53,75,39,0,167,0,37,100,2,139,53,112,139,2,306,152,0,152,458
07/10/2021,BIL,MT,ANM,WE,Combined TRACON& Tower with Radar,34,53,26,0,113,0,26,109,5,140,34,79,135,5,253,43,0,43,296
07/11/2021,BIL,MT,ANM,WE,Combined TRACON& Tower with Radar,43,31,23,0,97,4,17,74,1,96,47,48,97,1,193,102,0,102,295
07/12/2021,BIL,MT,ANM,WE,Combined TRACON& Tower with Radar,45,56,30,0,131,0,27,90,2,119,45,83,120,2,250,64,0,64,314
07/13/2021,BIL,MT,ANM,WE,Combined TRACON& Tower with Radar,48,96,43,0,187,0,25,52,0,77,48,121,95,0,264,34,0,34,298
07/14/2021,BIL,MT,ANM,WE,Combined TRACON& Tower with Radar,44,58,37,9,148,0,31,113,1,145,44,89,150,10,293,172,6,178,471
07/15/2021,BIL,MT,ANM,WE,Combined TRACON& Tower with Radar,52,65,38,2,157,0,36,78,0,114,52,101,116,2,271,118,0,118,389
07/16/2021,BIL,MT,ANM,WE,Combined TRACON& Tower with Radar,48,64,39,0,151,0,27,68,2,97,48,91,107,2,248,94,0,94,342
07/17/2021,BIL,MT,ANM,WE,Combined TRACON& Tower with Radar,34,60,29,0,123,0,14,93,3,110,34,74,122,3,233,120,0,120,353
07/18/2021,BIL,MT,ANM,WE,Combined TRACON& Tower with Radar,41,30,23,0,94,0,21,32,0,53,41,51,55,0,147,50,0,50,197
07/19/2021,BIL,MT,ANM,WE,Combined TRACON& Tower with Radar,47,65,33,1,146,0,23,92,2,117,47,88,125,3,263,98,0,98,361
07/20/2021,BIL,MT,ANM,WE,Combined TRACON& Tower with Radar,46,76,39,6,167,0,20,80,1,101,46,96,119,7,268,158,10,168,436
07/21/2021,BIL,MT,ANM,WE,Combined TRACON& Tower with Radar,44,72,45,1,162,0,26,80,1,107,44,98,125,2,269,150,0,150,419
07/22/2021,BIL,MT,ANM,WE,Combined TRACON& Tower with Radar,54,65,42,0,161,2,27,84,0,113,56,92,126,0,274,78,0,78,352
07/23/2021,BIL,MT,ANM,WE,Combined TRACON& Tower with Radar,44,65,42,1,152,0,41,100,2,143,44,106,142,3,295,76,6,82,377
07/24/2021,BIL,MT,ANM,WE,Combined TRACON& Tower with Radar,36,46,26,0,108,0,32,60,2,94,36,78,86,2,202,77,0,77,279
07/25/2021,BIL,MT,ANM,WE,Combined TRACON& Tower with Radar,47,35,37,0,119,0,22,74,13,109,47,57,111,13,228,50,0,50,278
07/26/2021,BIL,MT,ANM,WE,Combined TRACON& Tower with Radar,43,59,49,0,151,0,27,85,10,122,43,86,134,10,273,62,0,62,335
07/27/2021,BIL,MT,ANM,WE,Combined TRACON& Tower with Radar,48,85,35,7,175,0,14,111,14,139,48,99,146,21,314,101,22,123,437
07/28/2021,BIL,MT,ANM,WE,Combined TRACON& Tower with Radar,44,74,36,0,154,0,18,107,3,128,44,92,143,3,282,79,2,81,363
07/29/2021,BIL,MT,ANM,WE,Combined TRACON& Tower with Radar,53,85,50,0,188,0,30,95,6,131,53,115,145,6,319,132,0,132,451
07/30/2021,BIL,MT,ANM,WE,Combined TRACON& Tower with Radar,50,61,53,0,164,0,49,90,2,141,50,110,143,2,305,201,0,201,506
07/31/2021,BIL,MT,ANM,WE,Combined TRACON& Tower with Radar,36,50,45,0,131,0,25,48,5,78,36,75,93,5,209,107,0,107,316
08/01/2021,BIL,MT,ANM,WE,Combined TRACON& Tower with Radar,40,34,27,1,102,0,18,78,10,106,40,52,105,11,208,60,0,60,268
08/02/2021,BIL,MT,ANM,WE,Combined TRACON& Tower with Radar,40,64,42,0,146,0,29,94,2,125,40,93,136,2,271,28,0,28,299
08/03/2021,BIL,MT,ANM,WE,Combined TRACON& Tower with Radar,46,70,31,0,147,0,25,31,0,56,46,95,62,0,203,53,0,53,256
08/04/2021,BIL,MT,ANM,WE,Combined TRACON& Tower with Radar,42,89,30,0,161,0,27,76,4,107,42,116,106,4,268,74,0,74,342
08/05/2021,BIL,MT,ANM,WE,Combined TRACON& Tower with Radar,49,82,23,0,154,0,34,42,4,80,49,116,65,4,234,66,0,66,300
08/06/2021,BIL,MT,ANM,WE,Combined TRACON& Tower with Radar,44,89,31,6,170,0,35,36,4,75,44,124,67,10,245,38,0,38,283
08/07/2021,BIL,MT,ANM,WE,Combined TRACON& Tower with Radar,38,48,18,1,105,0,14,34,6,54,38,62,52,7,159,26,0,26,185
08/08/2021,BIL,MT,ANM,WE,Combined TRACON& Tower with Radar,39,34,31,2,106,0,10,73,4,87,39,44,104,6,193,44,0,44,237
08/09/2021,BIL,MT,ANM,WE,Combined TRACON& Tower with Radar,42,73,28,3,146,0,28,123,14,165,42,101,151,17,311,26,0,26,337
08/10/2021,BIL,MT,ANM,WE,Combined TRACON& Tower with Radar,50,87,43,1,181,4,40,124,22,190,54,127,167,23,371,70,0,70,441
08/11/2021,BIL,MT,ANM,WE,Combined TRACON& Tower with Radar,43,74,43,4,164,1,32,165,27,225,44,106,208,31,389,54,14,68,457
08/12/2021,BIL,MT,ANM,WE,Combined TRACON& Tower with Radar,51,69,34,4,158,0,31,119,9,159,51,100,153,13,317,111,0,111,428
08/13/2021,BIL,MT,ANM,WE,Combined TRACON& Tower with Radar,56,63,18,0,137,6,31,66,1,104,62,94,84,1,241,51,0,51,292
08/14/2021,BIL,MT,ANM,WE,Combined TRACON& Tower with Radar,37,48,20,2,107,0,19,79,0,98,37,67,99,2,205,105,0,105,310
08/15/2021,BIL,MT,ANM,WE,Combined TRACON& Tower with Radar,40,32,26,0,98,0,0,29,9,38,40,32,55,9,136,12,0,12,148
08/16/2021,BIL,MT,ANM,WE,Combined TRACON& Tower with Radar,41,69,38,2,150,0,7,45,3,55,41,76,83,5,205,34,0,34,239
08/17/2021,BIL,MT,ANM,WE,Combined TRACON& Tower with Radar,48,79,34,2,163,0,13,30,4,47,48,92,64,6,210,68,4,72,282
08/18/2021,BIL,MT,ANM,WE,Combined TRACON& Tower with Radar,42,104,45,2,193,0,1,11,5,17,42,105,56,7,210,0,0,0,210
08/19/2021,BIL,MT,ANM,WE,Combined TRACON& Tower with Radar,50,118,56,0,224,0,0,5,0,5,50,118,61,0,229,28,0,28,257
08/20/2021,BIL,MT,ANM,WE,Combined TRACON& Tower with Radar,42,114,56,4,216,0,14,36,0,50,42,128,92,4,266,14,2,16,282
08/21/2021,BIL,MT,ANM,WE,Combined TRACON& Tower with Radar,36,50,21,0,107,0,21,62,0,83,36,71,83,0,190,143,0,143,333
08/22/2021,BIL,MT,ANM,WE,Combined TRACON& Tower with Radar,42,60,24,0,126,0,10,30,0,40,42,70,54,0,166,58,0,58,224
08/23/2021,BIL,MT,ANM,WE,Combined TRACON& Tower with Radar,36,61,41,1,139,13,27,88,5,133,49,88,129,6,272,146,4,150,422
08/24/2021,BIL,MT,ANM,WE,Combined TRACON& Tower with Radar,44,74,32,1,151,0,30,84,2,116,44,104,116,3,267,170,0,170,437
08/25/2021,BIL,MT,ANM,WE,Combined TRACON& Tower with Radar,42,66,29,14,151,2,27,68,0,97,44,93,97,14,248,92,8,100,348
08/26/2021,BIL,MT,ANM,WE,Combined TRACON& Tower with Radar,48,82,35,0,165,0,23,75,6,104,48,105,110,6,269,90,0,90,359
08/27/2021,BIL,MT,ANM,WE,Combined TRACON& Tower with Radar,43,83,30,0,156,12,12,68,0,92,55,95,98,0,248,48,0,48,296
08/28/2021,BIL,MT,ANM,WE,Combined TRACON& Tower with Radar,39,67,19,2,127,0,15,44,1,60,39,82,63,3,187,105,1,106,293
08/29/2021,BIL,MT,ANM,WE,Combined TRACON& Tower with Radar,39,40,33,0,112,0,18,84,0,102,39,58,117,0,214,183,0,183,397
08/30/2021,BIL,MT,ANM,WE,Combined TRACON& Tower with Radar,35,65,34,3,137,0,21,91,4,116,35,86,125,7,253,94,0,94,347
08/31/2021,BIL,MT,ANM,WE,Combined TRACON& Tower with Radar,44,70,34,0,148,0,21,49,0,70,44,91,83,0,218,22,0,22,240
09/01/2021,BIL,MT,ANM,WE,Combined TRACON& Tower with Radar,42,64,51,5,162,0,27,82,0,109,42,91,133,5,271,112,0,112,383
09/02/2021,BIL,MT,ANM,WE,Combined TRACON& Tower with Radar,45,73,31,0,149,0,25,89,1,115,45,98,120,1,264,158,0,158,422
09/03/2021,BIL,MT,ANM,WE,Combined TRACON& Tower with Radar,45,88,31,0,164,0,16,36,1,53,45,104,67,1,217,42,0,42,259
09/04/2021,BIL,MT,ANM,WE,Combined TRACON& Tower with Radar,38,49,34,0,121,0,20,66,3,89,38,69,100,3,210,110,0,110,320
09/05/2021,BIL,MT,ANM,WE,Combined TRACON& Tower with Radar,33,37,15,0,85,0,12,28,1,41,33,49,43,1,126,44,0,44,170
09/06/2021,BIL,MT,ANM,WE,Combined TRACON& Tower with Radar,30,39,27,0,96,0,17,61,0,78,30,56,88,0,174,46,0,46,220
09/07/2021,BIL,MT,ANM,WE,Combined TRACON& Tower with Radar,33,71,34,0,138,0,42,79,4,125,33,113,113,4,263,92,4,96,359
09/08/2021,BIL,MT,ANM,WE,Combined TRACON& Tower with Radar,40,69,57,2,168,0,38,96,0,134,40,107,153,2,302,131,4,135,437
09/09/2021,BIL,MT,ANM,WE,Combined TRACON& Tower with Radar,50,67,39,2,158,0,19,64,0,83,50,86,103,2,241,89,0,89,330
09/10/2021,BIL,MT,ANM,WE,Combined TRACON& Tower with Radar,41,90,46,4,181,0,13,90,0,103,41,103,136,4,284,93,0,93,377
09/11/2021,BIL,MT,ANM,WE,Combined TRACON& Tower with Radar,38,56,22,0,116,0,9,37,7,53,38,65,59,7,169,136,2,138,307
09/12/2021,BIL,MT,ANM,WE,Combined TRACON& Tower with Radar,34,23,24,0,81,0,13,59,0,72,34,36,83,0,153,65,0,65,218
09/13/2021,BIL,MT,ANM,WE,Combined TRACON& Tower with Radar,39,35,20,1,95,0,27,68,2,97,39,62,88,3,192,148,0,148,340
09/14/2021,BIL,MT,ANM,WE,Combined TRACON& Tower with Radar,44,66,37,0,147,0,31,79,0,110,44,97,116,0,257,99,0,99,356
09/15/2021,BIL,MT,ANM,WE,Combined TRACON& Tower with Radar,43,70,38,1,152,0,35,61,1,97,43,105,99,2,249,36,0,36,285
09/16/2021,BIL,MT,ANM,WE,Combined TRACON& Tower with Radar,51,80,34,2,167,0,33,49,0,82,51,113,83,2,249,60,4,64,313
09/17/2021,BIL,MT,ANM,WE,Combined TRACON& Tower with Radar,42,58,58,0,158,0,25,102,2,129,42,83,160,2,287,110,0,110,397
09/18/2021,BIL,MT,ANM,WE,Combined TRACON& Tower with Radar,36,48,20,0,104,0,21,40,0,61,36,69,60,0,165,87,0,87,252
09/19/2021,BIL,MT,ANM,WE,Combined TRACON& Tower with Radar,41,56,21,0,118,0,3,22,0,25,41,59,43,0,143,26,0,26,169
09/20/2021,BIL,MT,ANM,WE,Combined TRACON& Tower with Radar,37,62,39,0,138,0,18,51,0,69,37,80,90,0,207,64,0,64,271
09/21/2021,BIL,MT,ANM,WE,Combined TRACON& Tower with Radar,41,74,35,4,154,0,32,83,0,115,41,106,118,4,269,69,0,69,338
09/22/2021,BIL,MT,ANM,WE,Combined TRACON& Tower with Radar,46,66,38,0,150,0,32,79,0,111,46,98,117,0,261,116,0,116,377
09/23/2021,BIL,MT,ANM,WE,Combined TRACON& Tower with Radar,51,64,54,6,175,0,29,86,0,115,51,93,140,6,290,96,8,104,394
09/24/2021,BIL,MT,ANM,WE,Combined TRACON& Tower with Radar,42,68,28,7,145,0,17,88,3,108,42,85,116,10,253,131,18,149,402
09/25/2021,BIL,MT,ANM,WE,Combined TRACON& Tower with Radar,37,52,14,1,104,0,25,51,2,78,37,77,65,3,182,104,4,108,290
09/26/2021,BIL,MT,ANM,WE,Combined TRACON& Tower with Radar,40,26,16,2,84,0,20,43,0,63,40,46,59,2,147,110,24,134,281
09/27/2021,BIL,MT,ANM,WE,Combined TRACON& Tower with Radar,37,62,36,6,141,0,25,80,7,112,37,87,116,13,253,100,62,162,415
09/28/2021,BIL,MT,ANM,WE,Combined TRACON& Tower with Radar,42,67,22,13,144,0,22,26,4,52,42,89,48,17,196,58,34,92,288
09/29/2021,BIL,MT,ANM,WE,Combined TRACON& Tower with Radar,44,76,26,19,165,0,28,81,3,112,44,104,107,22,277,102,14,116,393
09/30/2021,BIL,MT,ANM,WE,Combined TRACON& Tower with Radar,51,69,35,14,169,0,41,81,2,124,51,110,116,16,293,84,36,120,413
10/01/2021,BIL,MT,ANM,WE,Combined TRACON& Tower with Radar,41,69,24,2,136,0,23,76,0,99,41,92,100,2,235,72,0,72,307
10/02/2021,BIL,MT,ANM,WE,Combined TRACON& Tower with Radar,37,36,23,2,98,0,21,52,2,75,37,57,75,4,173,50,1,51,224
10/03/2021,BIL,MT,ANM,WE,Combined TRACON& Tower with Radar,41,26,16,0,83,0,20,38,0,58,41,46,54,0,141,32,0,32,173
10/04/2021,BIL,MT,ANM,WE,Combined TRACON& Tower with Radar,39,47,45,0,131,0,21,71,0,92,39,68,116,0,223,112,0,112,335
10/05/2021,BIL,MT,ANM,WE,Combined TRACON& Tower with Radar,38,60,34,20,152,0,27,67,2,96,38,87,101,22,248,38,12,50,298
10/06/2021,BIL,MT,ANM,WE,Combined TRACON& Tower with Radar,41,60,54,6,161,0,24,78,1,103,41,84,132,7,264,87,10,97,361
10/07/2021,BIL,MT,ANM,WE,Combined TRACON& Tower with Radar,43,59,47,0,149,0,19,68,5,92,43,78,115,5,241,84,0,84,325
10/08/2021,BIL,MT,ANM,WE,Combined TRACON& Tower with Radar,36,72,43,0,151,0,11,54,0,65,36,83,97,0,216,32,0,32,248
10/09/2021,BIL,MT,ANM,WE,Combined TRACON& Tower with Radar,29,63,16,0,108,0,3,6,0,9,29,66,22,0,117,8,0,8,125
10/10/2021,BIL,MT,ANM,WE,Combined TRACON& Tower with Radar,31,21,31,4,87,0,17,40,0,57,31,38,71,4,144,58,0,58,202
10/11/2021,BIL,MT,ANM,WE,Combined TRACON& Tower with Radar,31,75,15,0,121,0,1,1,0,2,31,76,16,0,123,0,0,0,123
10/12/2021,BIL,MT,ANM,WE,Combined TRACON& Tower with Radar,34,71,22,0,127,0,0,0,0,0,34,71,22,0,127,0,0,0,127
10/13/2021,BIL,MT,ANM,WE,Combined TRACON& Tower with Radar,36,67,46,0,149,0,16,48,0,64,36,83,94,0,213,46,0,46,259
10/14/2021,BIL,MT,ANM,WE,Combined TRACON& Tower with Radar,39,85,43,0,167,0,10,39,0,49,39,95,82,0,216,40,0,40,256
10/15/2021,BIL,MT,ANM,WE,Combined TRACON& Tower with Radar,35,65,34,3,137,0,23,53,3,79,35,88,87,6,216,39,22,61,277
10/16/2021,BIL,MT,ANM,WE,Combined TRACON& Tower with Radar,25,42,19,0,86,0,25,62,0,87,25,67,81,0,173,92,0,92,265
10/17/2021,BIL,MT,ANM,WE,Combined TRACON& Tower with Radar,30,17,27,0,74,0,25,52,0,77,30,42,79,0,151,57,0,57,208
10/18/2021,BIL,MT,ANM,WE,Combined TRACON& Tower with Radar,30,52,36,1,119,0,26,62,4,92,30,78,98,5,211,88,0,88,299
10/19/2021,BIL,MT,ANM,WE,Combined TRACON& Tower with Radar,39,93,24,2,158,0,0,7,2,9,39,93,31,4,167,0,0,0,167
10/20/2021,BIL,MT,ANM,WE,Combined TRACON& Tower with Radar,38,80,53,4,175,0,9,67,4,80,38,89,120,8,255,66,34,100,355
10/21/2021,BIL,MT,ANM,WE,Combined TRACON& Tower with Radar,35,91,46,0,172,0,34,71,0,105,35,125,117,0,277,115,0,115,392
10/22/2021,BIL,MT,ANM,WE,Combined TRACON& Tower with Radar,33,78,55,8,174,0,27,82,0,109,33,105,137,8,283,80,2,82,365
10/23/2021,BIL,MT,ANM,WE,Combined TRACON& Tower with Radar,24,52,26,0,102,0,6,33,0,39,24,58,59,0,141,28,0,28,169
10/24/2021,BIL,MT,ANM,WE,Combined TRACON& Tower with Radar,31,34,23,0,88,0,4,26,0,30,31,38,49,0,118,28,0,28,146
10/25/2021,BIL,MT,ANM,WE,Combined TRACON& Tower with Radar,31,53,27,7,118,0,12,48,3,63,31,65,75,10,181,112,24,136,317
10/26/2021,BIL,MT,ANM,WE,Combined TRACON& Tower with Radar,38,81,36,0,155,0,8,22,0,30,38,89,58,0,185,18,0,18,203
10/27/2021,BIL,MT,ANM,WE,Combined TRACON& Tower with Radar,36,60,36,2,134,0,18,5,0,23,36,78,41,2,157,0,0,0,157
10/28/2021,BIL,MT,ANM,WE,Combined TRACON& Tower with Radar,40,77,49,0,166,0,18,69,1,88,40,95,118,1,254,81,2,83,337
10/29/2021,BIL,MT,ANM,WE,Combined TRACON& Tower with Radar,34,71,23,3,131,0,26,51,1,78,34,97,74,4,209,50,0,50,259
10/30/2021,BIL,MT,ANM,WE,Combined TRACON& Tower with Radar,27,66,15,0,108,0,1,7,2,10,27,67,22,2,118,22,0,22,140
10/31/2021,BIL,MT,ANM,WE,Combined TRACON& Tower with Radar,26,28,14,0,68,0,13,43,0,56,26,41,57,0,124,82,0,82,206
11/01/2021,BIL,MT,ANM,WE,Combined TRACON& Tower with Radar,29,51,44,0,124,0,42,100,0,142,29,93,144,0,266,149,0,149,415
11/02/2021,BIL,MT,ANM,WE,Combined TRACON& Tower with Radar,37,76,25,0,138,0,42,92,0,134,37,118,117,0,272,103,0,103,375
11/03/2021,BIL,MT,ANM,WE,Combined TRACON& Tower with Radar,34,75,43,0,152,0,36,91,0,127,34,111,134,0,279,127,0,127,406
11/04/2021,BIL,MT,ANM,WE,Combined TRACON& Tower with Radar,34,93,39,2,168,0,33,73,1,107,34,126,112,3,275,78,2,80,355
11/05/2021,BIL,MT,ANM,WE,Combined TRACON& Tower with Radar,36,69,37,0,142,0,29,62,0,91,36,98,99,0,233,46,0,46,279
11/06/2021,BIL,MT,ANM,WE,Combined TRACON& Tower with Radar,25,39,17,0,81,0,23,58,0,81,25,62,75,0,162,65,0,65,227
11/07/2021,BIL,MT,ANM,WE,Combined TRACON& Tower with Radar,25,31,17,2,75,0,17,23,0,40,25,48,40,2,115,86,0,86,201
11/08/2021,BIL,MT,ANM,WE,Combined TRACON& Tower with Radar,30,42,33,0,105,0,21,77,2,100,30,63,110,2,205,108,0,108,313
11/09/2021,BIL,MT,ANM,WE,Combined TRACON& Tower with Radar,34,63,48,10,155,0,24,59,4,87,34,87,107,14,242,116,24,140,382
11/10/2021,BIL,MT,ANM,WE,Combined TRACON& Tower with Radar,31,82,30,1,144,0,16,14,1,31,31,98,44,2,175,0,4,4,179
11/11/2021,BIL,MT,ANM,WE,Combined TRACON& Tower with Radar,41,81,50,0,172,0,13,71,0,84,41,94,121,0,256,90,0,90,346
11/12/2021,BIL,MT,ANM,WE,Combined TRACON& Tower with Radar,32,75,24,0,131,0,9,45,0,54,32,84,69,0,185,66,0,66,251
11/13/2021,BIL,MT,ANM,WE,Combined TRACON& Tower with Radar,25,55,20,0,100,0,10,8,0,18,25,65,28,0,118,0,0,0,118
11/14/2021,BIL,MT,ANM,WE,Combined TRACON& Tower with Radar,25,46,11,0,82,0,3,14,0,17,25,49,25,0,99,16,0,16,115
11/15/2021,BIL,MT,ANM,WE,Combined TRACON& Tower with Radar,27,64,27,0,118,0,23,24,0,47,27,87,51,0,165,46,0,46,211
11/16/2021,BIL,MT,ANM,WE,Combined TRACON& Tower with Radar,36,64,26,0,126,0,3,0,0,3,36,67,26,0,129,0,0,0,129
11/17/2021,BIL,MT,ANM,WE,Combined TRACON& Tower with Radar,34,79,63,0,176,0,36,75,2,113,34,115,138,2,289,114,0,114,403
11/18/2021,BIL,MT,ANM,WE,Combined TRACON& Tower with Radar,35,77,50,19,181,0,32,81,3,116,35,109,131,22,297,78,28,106,403
11/19/2021,BIL,MT,ANM,WE,Combined TRACON& Tower with Radar,34,74,50,0,158,0,14,57,0,71,34,88,107,0,229,81,0,81,310
11/20/2021,BIL,MT,ANM,WE,Combined TRACON& Tower with Radar,25,44,25,0,94,0,16,34,0,50,25,60,59,0,144,4,0,4,148
11/21/2021,BIL,MT,ANM,WE,Combined TRACON& Tower with Radar,26,21,25,0,72,0,20,45,0,65,26,41,70,0,137,17,0,17,154
11/22/2021,BIL,MT,ANM,WE,Combined TRACON& Tower with Radar,30,54,42,11,137,0,27,46,3,76,30,81,88,14,213,65,30,95,308
11/23/2021,BIL,MT,ANM,WE,Combined TRACON& Tower with Radar,34,84,63,0,181,0,22,56,0,78,34,106,119,0,259,47,0,47,306
11/24/2021,BIL,MT,ANM,WE,Combined TRACON& Tower with Radar,35,88,17,0,140,0,5,4,0,9,35,93,21,0,149,1,0,1,150
11/25/2021,BIL,MT,ANM,WE,Combined TRACON& Tower with Radar,12,18,3,0,33,0,18,2,0,20,12,36,5,0,53,0,0,0,53
11/26/2021,BIL,MT,ANM,WE,Combined TRACON& Tower with Radar,29,66,7,0,102,0,17,7,0,24,29,83,14,0,126,0,0,0,126
11/27/2021,BIL,MT,ANM,WE,Combined TRACON& Tower with Radar,25,55,21,0,101,0,10,34,0,44,25,65,55,0,145,23,0,23,168
11/28/2021,BIL,MT,ANM,WE,Combined TRACON& Tower with Radar,34,24,18,0,76,0,11,8,0,19,34,35,26,0,95,1,0,1,96
11/29/2021,BIL,MT,ANM,WE,Combined TRACON& Tower with Radar,32,66,34,0,132,0,22,44,0,66,32,88,78,0,198,30,0,30,228
11/30/2021,BIL,MT,ANM,WE,Combined TRACON& Tower with Radar,40,78,24,6,148,0,28,35,0,63,40,106,59,6,211,49,0,49,260
12/01/2021,BIL,MT,ANM,WE,Combined TRACON& Tower with Radar,38,63,19,4,124,0,27,4,1,32,38,90,23,5,156,0,0,0,156
12/02/2021,BIL,MT,ANM,WE,Combined TRACON& Tower with Radar,45,81,30,0,156,0,20,29,0,49,45,101,59,0,205,35,0,35,240
12/03/2021,BIL,MT,ANM,WE,Combined TRACON& Tower with Radar,38,85,41,8,172,0,7,43,0,50,38,92,84,8,222,25,0,25,247
12/04/2021,BIL,MT,ANM,WE,Combined TRACON& Tower with Radar,27,49,13,0,89,0,0,25,0,25,27,49,38,0,114,42,0,42,156
12/05/2021,BIL,MT,ANM,WE,Combined TRACON& Tower with Radar,32,36,8,0,76,0,0,8,4,12,32,36,16,4,88,3,0,3,91
12/06/2021,BIL,MT,ANM,WE,Combined TRACON& Tower with Radar,39,59,24,3,125,0,5,9,2,16,39,64,33,5,141,0,0,0,141
12/07/2021,BIL,MT,ANM,WE,Combined TRACON& Tower with Radar,42,94,32,0,168,0,19,21,0,40,42,113,53,0,208,3,0,3,211
12/08/2021,BIL,MT,ANM,WE,Combined TRACON& Tower with Radar,43,73,22,0,138,0,24,46,1,71,43,97,68,1,209,22,0,22,231
12/09/2021,BIL,MT,ANM,WE,Combined TRACON& Tower with Radar,43,72,43,0,158,0,29,92,0,121,43,101,135,0,279,77,0,77,356
12/10/2021,BIL,MT,ANM,WE,Combined TRACON& Tower with Radar,39,80,28,0,147,0,18,59,0,77,39,98,87,0,224,50,0,50,274
12/11/2021,BIL,MT,ANM,WE,Combined TRACON& Tower with Radar,26,50,12,4,92,0,15,10,0,25,26,65,22,4,117,0,0,0,117
12/12/2021,BIL,MT,ANM,WE,Combined TRACON& Tower with Radar,32,25,18,0,75,0,20,20,0,40,32,45,38,0,115,42,0,42,157
12/13/2021,BIL,MT,ANM,WE,Combined TRACON& Tower with Radar,33,53,43,7,136,0,33,93,9,135,33,86,136,16,271,180,18,198,469
12/14/2021,BIL,MT,ANM,WE,Combined TRACON& Tower with Radar,45,82,41,16,184,0,39,78,2,119,45,121,119,18,303,64,10,74,377
12/15/2021,BIL,MT,ANM,WE,Combined TRACON& Tower with Radar,40,92,19,0,151,0,17,3,0,20,40,109,22,0,171,0,0,0,171
12/16/2021,BIL,MT,ANM,WE,Combined TRACON& Tower with Radar,37,86,62,6,191,0,28,60,6,94,37,114,122,12,285,94,20,114,399
12/17/2021,BIL,MT,ANM,WE,Combined TRACON& Tower with Radar,40,84,30,0,154,0,7,24,2,33,40,91,54,2,187,6,0,6,193
12/18/2021,BIL,MT,ANM,WE,Combined TRACON& Tower with Radar,33,35,8,0,76,0,13,13,0,26,33,48,21,0,102,4,0,4,106
12/19/2021,BIL,MT,ANM,WE,Combined TRACON& Tower with Radar,31,38,27,0,96,0,5,10,0,15,31,43,37,0,111,2,0,2,113
12/20/2021,BIL,MT,ANM,WE,Combined TRACON& Tower with Radar,36,61,37,0,134,0,14,17,0,31,36,75,54,0,165,8,0,8,173
12/21/2021,BIL,MT,ANM,WE,Combined TRACON& Tower with Radar,43,70,26,0,139,0,34,55,0,89,43,104,81,0,228,43,0,43,271
12/22/2021,BIL,MT,ANM,WE,Combined TRACON& Tower with Radar,41,87,39,25,192,0,36,22,0,58,41,123,61,25,250,42,2,44,294
12/23/2021,BIL,MT,ANM,WE,Combined TRACON& Tower with Radar,38,81,18,0,137,0,29,18,0,47,38,110,36,0,184,3,0,3,187
12/24/2021,BIL,MT,ANM,WE,Combined TRACON& Tower with Radar,36,85,5,0,126,0,7,2,0,9,36,92,7,0,135,0,0,0,135
12/25/2021,BIL,MT,ANM,WE,Combined TRACON& Tower with Radar,14,37,9,0,60,0,0,0,0,0,14,37,9,0,60,0,0,0,60
12/26/2021,BIL,MT,ANM,WE,Combined TRACON& Tower with Radar,17,22,16,0,55,0,0,0,0,0,17,22,16,0,55,0,0,0,55
12/27/2021,BIL,MT,ANM,WE,Combined TRACON& Tower with Radar,27,62,20,0,109,0,3,9,0,12,27,65,29,0,121,0,0,0,121
12/28/2021,BIL,MT,ANM,WE,Combined TRACON& Tower with Radar,38,70,17,0,125,0,21,36,0,57,38,91,53,0,182,13,0,13,195
12/29/2021,BIL,MT,ANM,WE,Combined TRACON& Tower with Radar,39,68,16,0,123,0,10,11,0,21,39,78,27,0,144,6,0,6,150
12/30/2021,BIL,MT,ANM,WE,Combined TRACON& Tower with Radar,30,85,22,0,137,0,4,10,0,14,30,89,32,0,151,24,0,24,175
12/31/2021,BIL,MT,ANM,WE,Combined TRACON& Tower with Radar,32,73,10,0,115,0,0,2,0,2,32,73,12,0,117,0,0,0,117
01/01/2022,BIL,MT,ANM,WE,Combined TRACON& Tower with Radar,15,20,7,0,42,0,9,19,0,28,15,29,26,0,70,0,0,0,70
01/02/2022,BIL,MT,ANM,WE,Combined TRACON& Tower with Radar,27,26,30,0,83,0,22,23,0,45,27,48,53,0,128,27,0,27,155
01/03/2022,BIL,MT,ANM,WE,Combined TRACON& Tower with Radar,29,56,33,0,118,0,31,46,0,77,29,87,79,0,195,53,0,53,248
01/04/2022,BIL,MT,ANM,WE,Combined TRACON& Tower with Radar,33,72,18,0,123,0,5,23,0,28,33,77,41,0,151,13,0,13,164
01/05/2022,BIL,MT,ANM,WE,Combined TRACON& Tower with Radar,34,75,20,0,129,0,14,4,0,18,34,89,24,0,147,0,0,0,147
01/06/2022,BIL,MT,ANM,WE,Combined TRACON& Tower with Radar,32,87,15,0,134,0,0,0,0,0,32,87,15,0,134,0,0,0,134
01/07/2022,BIL,MT,ANM,WE,Combined TRACON& Tower with Radar,34,85,22,33,174,0,16,30,7,53,34,101,52,40,227,21,36,57,284
01/08/2022,BIL,MT,ANM,WE,Combined TRACON& Tower with Radar,21,42,23,0,86,0,11,23,0,34,21,53,46,0,120,14,0,14,134
01/09/2022,BIL,MT,ANM,WE,Combined TRACON& Tower with Radar,31,15,25,0,71,0,16,61,0,77,31,31,86,0,148,28,0,28,176
01/10/2022,BIL,MT,ANM,WE,Combined TRACON& Tower with Radar,25,50,29,1,105,0,30,21,1,52,25,80,50,2,157,9,0,9,166
01/11/2022,BIL,MT,ANM,WE,Combined TRACON& Tower with Radar,36,63,27,0,126,0,26,27,0,53,36,89,54,0,179,29,0,29,208
01/12/2022,BIL,MT,ANM,WE,Combined TRACON& Tower with Radar,33,65,33,0,131,2,36,55,0,93,35,101,88,0,224,85,0,85,309
01/13/2022,BIL,MT,ANM,WE,Combined TRACON& Tower with Radar,35,65,31,0,131,0,28,45,0,73,35,93,76,0,204,26,0,26,230
01/14/2022,BIL,MT,ANM,WE,Combined TRACON& Tower with Radar,32,77,43,0,152,2,6,58,0,66,34,83,101,0,218,81,0,81,299
01/15/2022,BIL,MT,ANM,WE,Combined TRACON& Tower with Radar,24,40,19,0,83,0,25,23,0,48,24,65,42,0,131,10,0,10,141
01/16/2022,BIL,MT,ANM,WE,Combined TRACON& Tower with Radar,25,20,23,1,69,0,20,98,1,119,25,40,121,2,188,95,0,95,283
01/17/2022,BIL,MT,ANM,WE,Combined TRACON& Tower with Radar,27,39,45,0,111,0,38,60,1,99,27,77,105,1,210,26,0,26,236
01/18/2022,BIL,MT,ANM,WE,Combined TRACON& Tower with Radar,34,72,21,0,127,0,1,5,0,6,34,73,26,0,133,0,0,0,133
01/19/2022,BIL,MT,ANM,WE,Combined TRACON& Tower with Radar,34,77,37,0,148,0,32,55,0,87,34,109,92,0,235,90,0,90,325
01/20/2022,BIL,MT,ANM,WE,Combined TRACON& Tower with Radar,38,68,37,0,143,0,33,11,0,44,38,101,48,0,187,10,0,10,197
01/21/2022,BIL,MT,ANM,WE,Combined TRACON& Tower with Radar,32,62,39,4,137,0,12,73,4,89,32,74,112,8,226,41,12,53,279
01/22/2022,BIL,MT,ANM,WE,Combined TRACON& Tower with Radar,22,47,9,0,78,0,10,28,0,38,22,57,37,0,116,15,0,15,131
01/23/2022,BIL,MT,ANM,WE,Combined TRACON& Tower with Radar,25,16,18,0,59,0,20,23,0,43,25,36,41,0,102,0,0,0,102
01/24/2022,BIL,MT,ANM,WE,Combined TRACON& Tower with Radar,33,66,15,10,124,0,0,20,0,20,33,66,35,10,144,19,0,19,163
01/25/2022,BIL,MT,ANM,WE,Combined TRACON& Tower with Radar,36,78,46,10,170,2,16,57,0,75,38,94,103,10,245,78,0,78,323
01/26/2022,BIL,MT,ANM,WE,Combined TRACON& Tower with Radar,34,73,23,4,134,0,28,52,7,87,34,101,75,11,221,68,16,84,305
01/27/2022,BIL,MT,ANM,WE,Combined TRACON& Tower with Radar,36,79,39,3,157,0,8,81,5,94,36,87,120,8,251,76,24,100,351
01/28/2022,BIL,MT,ANM,WE,Combined TRACON& Tower with Radar,32,63,25,0,120,0,27,16,0,43,32,90,41,0,163,5,0,5,168
01/29/2022,BIL,MT,ANM,WE,Combined TRACON& Tower with Radar,24,38,30,0,92,0,26,64,0,90,24,64,94,0,182,40,0,40,222
01/30/2022,BIL,MT,ANM,WE,Combined TRACON& Tower with Radar,25,31,22,6,84,0,11,56,0,67,25,42,78,6,151,88,0,88,239
01/31/2022,BIL,MT,ANM,WE,Combined TRACON& Tower with Radar,27,59,19,0,105,0,9,12,0,21,27,68,31,0,126,8,0,8,134
02/01/2022,BIL,MT,ANM,WE,Combined TRACON& Tower with Radar,37,84,28,0,149,0,9,22,0,31,37,93,50,0,180,19,0,19,199
02/02/2022,BIL,MT,ANM,WE,Combined TRACON& Tower with Radar,33,64,31,0,128,0,17,23,0,40,33,81,54,0,168,6,0,6,174
02/03/2022,BIL,MT,ANM,WE,Combined TRACON& Tower with Radar,27,56,42,2,127,0,24,83,0,107,27,80,125,2,234,72,0,72,306
02/04/2022,BIL,MT,ANM,WE,Combined TRACON& Tower with Radar,29,46,18,0,93,0,25,23,0,48,29,71,41,0,141,7,0,7,148
02/05/2022,BIL,MT,ANM,WE,Combined TRACON& Tower with Radar,24,56,13,0,93,0,12,9,0,21,24,68,22,0,114,0,0,0,114
02/06/2022,BIL,MT,ANM,WE,Combined TRACON& Tower with Radar,25,16,36,0,77,0,23,59,0,82,25,39,95,0,159,50,0,50,209
02/07/2022,BIL,MT,ANM,WE,Combined TRACON& Tower with Radar,27,48,13,0,88,0,23,13,0,36,27,71,26,0,124,24,0,24,148
02/08/2022,BIL,MT,ANM,WE,Combined TRACON& Tower with Radar,37,52,41,0,130,0,35,60,0,95,37,87,101,0,225,17,0,17,242
02/09/2022,BIL,MT,ANM,WE,Combined TRACON& Tower with Radar,34,83,42,0,159,0,14,65,0,79,34,97,107,0,238,65,0,65,303
02/10/2022,BIL,MT,ANM,WE,Combined TRACON& Tower with Radar,35,59,23,0,117,0,24,15,0,39,35,83,38,0,156,0,0,0,156
02/11/2022,BIL,MT,ANM,WE,Combined TRACON& Tower with Radar,31,80,31,0,142,0,2,18,0,20,31,82,49,0,162,12,0,12,174
02/12/2022,BIL,MT,ANM,WE,Combined TRACON& Tower with Radar,25,33,31,0,89,0,23,49,0,72,25,56,80,0,161,34,0,34,195
02/13/2022,BIL,MT,ANM,WE,Combined TRACON& Tower with Radar,25,10,13,0,48,0,25,55,0,80,25,35,68,0,128,60,0,60,188
02/14/2022,BIL,MT,ANM,WE,Combined TRACON& Tower with Radar,27,39,46,2,114,0,29,98,0,127,27,68,144,2,241,70,2,72,313
02/15/2022,BIL,MT,ANM,WE,Combined TRACON& Tower with Radar,36,80,27,0,143,0,3,5,0,8,36,83,32,0,151,0,0,0,151
02/16/2022,BIL,MT,ANM,WE,Combined TRACON& Tower with Radar,33,85,22,0,140,0,4,6,0,10,33,89,28,0,150,8,0,8,158
02/17/2022,BIL,MT,ANM,WE,Combined TRACON& Tower with Radar,39,65,29,0,133,0,22,28,0,50,39,87,57,0,183,0,0,0,183
02/18/2022,BIL,MT,ANM,WE,Combined TRACON& Tower with Radar,31,77,37,0,145,0,3,58,0,61,31,80,95,0,206,47,0,47,253
02/19/2022,BIL,MT,ANM,WE,Combined TRACON& Tower with Radar,24,36,18,0,78,0,29,47,2,78,24,65,65,2,156,19,0,19,175
02/20/2022,BIL,MT,ANM,WE,Combined TRACON& Tower with Radar,12,23,16,0,51,0,0,17,0,17,12,23,33,0,68,0,0,0,68
02/21/2022,BIL,MT,ANM,WE,Combined TRACON& Tower with Radar,28,55,27,0,110,0,0,4,0,4,28,55,31,0,114,6,0,6,120
02/22/2022,BIL,MT,ANM,WE,Combined TRACON& Tower with Radar,34,61,22,0,117,0,3,11,0,14,34,64,33,0,131,0,0,0,131
02/23/2022,BIL,MT,ANM,WE,Combined TRACON& Tower with Radar,30,43,45,0,118,0,24,43,0,67,30,67,88,0,185,18,0,18,203
02/24/2022,BIL,MT,ANM,WE,Combined TRACON& Tower with Radar,36,58,43,0,137,0,23,50,0,73,36,81,93,0,210,44,0,44,254
02/25/2022,BIL,MT,ANM,WE,Combined TRACON& Tower with Radar,32,68,43,4,147,0,32,46,4,82,32,100,89,8,229,26,0,26,255
02/26/2022,BIL,MT,ANM,WE,Combined TRACON& Tower with Radar,26,34,34,0,94,0,31,66,0,97,26,65,100,0,191,16,0,16,207
02/27/2022,BIL,MT,ANM,WE,Combined TRACON& Tower with Radar,26,17,27,0,70,0,20,30,0,50,26,37,57,0,120,6,0,6,126
02/28/2022,BIL,MT,ANM,WE,Combined TRACON& Tower with Radar,27,60,52,2,141,0,29,107,2,138,27,89,159,4,279,39,2,41,320
03/01/2022,BIL,MT,ANM,WE,Combined TRACON& Tower with Radar,35,69,33,0,137,0,20,87,0,107,35,89,120,0,244,89,0,89,333
03/02/2022,BIL,MT,ANM,WE,Combined TRACON& Tower with Radar,35,70,26,5,136,0,14,73,3,90,35,84,99,8,226,140,28,168,394
03/03/2022,BIL,MT,ANM,WE,Combined TRACON& Tower with Radar,32,58,20,0,110,0,0,1,0,1,32,58,21,0,111,0,0,0,111
03/04/2022,BIL,MT,ANM,WE,Combined TRACON& Tower with Radar,31,100,34,0,165,0,0,1,0,1,31,100,35,0,166,0,0,0,166
03/05/2022,BIL,MT,ANM,WE,Combined TRACON& Tower with Radar,25,66,16,0,107,0,0,21,0,21,25,66,37,0,128,19,0,19,147
03/06/2022,BIL,MT,ANM,WE,Combined TRACON& Tower with Radar,26,61,21,0,108,0,4,9,0,13,26,65,30,0,121,25,0,25,146
03/07/2022,BIL,MT,ANM,WE,Combined TRACON& Tower with Radar,29,46,38,0,113,0,24,55,0,79,29,70,93,0,192,26,0,26,218
03/08/2022,BIL,MT,ANM,WE,Combined TRACON& Tower with Radar,34,81,21,0,136,0,1,0,0,1,34,82,21,0,137,0,0,0,137
03/09/2022,BIL,MT,ANM,WE,Combined TRACON& Tower with Radar,35,78,24,0,137,0,18,29,0,47,35,96,53,0,184,40,0,40,224
03/10/2022,BIL,MT,ANM,WE,Combined TRACON& Tower with Radar,36,69,28,0,133,0,26,37,2,65,36,95,65,2,198,26,0,26,224
03/11/2022,BIL,MT,ANM,WE,Combined TRACON& Tower with Radar,32,55,27,0,114,0,27,95,0,122,32,82,122,0,236,98,0,98,334
03/12/2022,BIL,MT,ANM,WE,Combined TRACON& Tower with Radar,25,33,14,0,72,0,19,24,0,43,25,52,38,0,115,20,0,20,135
03/13/2022,BIL,MT,ANM,WE,Combined TRACON& Tower with Radar,25,20,11,0,56,0,2,33,0,35,25,22,44,0,91,29,0,29,120
03/14/2022,BIL,MT,ANM,WE,Combined TRACON& Tower with Radar,28,57,31,2,118,1,32,105,0,138,29,89,136,2,256,85,0,85,341
03/15/2022,BIL,MT,ANM,WE,Combined TRACON& Tower with Radar,36,62,45,0,143,0,33,96,0,129,36,95,141,0,272,86,0,86,358
03/16/2022,BIL,MT,ANM,WE,Combined TRACON& Tower with Radar,34,75,33,0,142,0,23,86,4,113,34,98,119,4,255,130,11,141,396
03/17/2022,BIL,MT,ANM,WE,Combined TRACON& Tower with Radar,35,70,41,6,152,0,35,101,8,144,35,105,142,14,296,109,12,121,417
03/18/2022,BIL,MT,ANM,WE,Combined TRACON& Tower with Radar,32,59,25,0,116,0,23,48,0,71,32,82,73,0,187,47,0,47,234
03/19/2022,BIL,MT,ANM,WE,Combined TRACON& Tower with Radar,24,28,24,2,78,0,21,77,0,98,24,49,101,2,176,85,0,85,261
03/20/2022,BIL,MT,ANM,WE,Combined TRACON& Tower with Radar,27,46,17,0,90,0,2,10,0,12,27,48,27,0,102,12,0,12,114
03/21/2022,BIL,MT,ANM,WE,Combined TRACON& Tower with Radar,27,42,36,2,107,0,27,104,0,131,27,69,140,2,238,70,2,72,310
03/22/2022,BIL,MT,ANM,WE,Combined TRACON& Tower with Radar,35,75,33,39,182,0,30,69,5,104,35,105,102,44,286,74,38,112,398
03/23/2022,BIL,MT,ANM,WE,Combined TRACON& Tower with Radar,35,56,50,8,149,0,43,133,3,179,35,99,183,11,328,101,15,116,444
03/24/2022,BIL,MT,ANM,WE,Combined TRACON& Tower with Radar,36,66,41,0,143,0,27,48,4,79,36,93,89,4,222,28,4,32,254
03/25/2022,BIL,MT,ANM,WE,Combined TRACON& Tower with Radar,32,56,27,4,119,0,24,104,0,128,32,80,131,4,247,80,0,80,327
03/26/2022,BIL,MT,ANM,WE,Combined TRACON& Tower with Radar,25,29,16,0,70,0,15,62,0,77,25,44,78,0,147,52,0,52,199
03/27/2022,BIL,MT,ANM,WE,Combined TRACON& Tower with Radar,28,36,16,0,80,0,16,72,0,88,28,52,88,0,168,93,0,93,261
03/28/2022,BIL,MT,ANM,WE,Combined TRACON& Tower with Radar,29,44,38,0,111,0,18,89,0,107,29,62,127,0,218,133,0,133,351
03/29/2022,BIL,MT,ANM,WE,Combined TRACON& Tower with Radar,31,77,31,12,151,0,4,11,0,15,31,81,42,12,166,7,0,7,173
03/30/2022,BIL,MT,ANM,WE,Combined TRACON& Tower with Radar,33,62,34,7,136,0,19,148,3,170,33,81,182,10,306,253,10,263,569
03/31/2022,BIL,MT,ANM,WE,Combined TRACON& Tower with Radar,36,72,29,6,143,0,7,64,4,75,36,79,93,10,218,83,5,88,306
04/01/2022,BIL,MT,ANM,WE,Combined TRACON& Tower with Radar,32,61,28,14,135,0,14,71,0,85,32,75,99,14,220,44,3,47,267
04/02/2022,BIL,MT,ANM,WE,Combined TRACON& Tower with Radar,23,44,6,0,73,0,10,57,1,68,23,54,63,1,141,75,0,75,216
04/03/2022,BIL,MT,ANM,WE,Combined TRACON& Tower with Radar,26,9,11,0,46,0,15,67,0,82,26,24,78,0,128,74,0,74,202
04/04/2022,BIL,MT,ANM,WE,Combined TRACON& Tower with Radar,26,41,17,0,84,0,15,32,0,47,26,56,49,0,131,21,0,21,152
04/05/2022,BIL,MT,ANM,WE,Combined TRACON& Tower with Radar,29,47,11,2,89,0,5,1,6,12,29,52,12,8,101,0,8,8,109
04/06/2022,BIL,MT,ANM,WE,Combined TRACON& Tower with Radar,30,73,28,1,132,0,7,11,2,20,30,80,39,3,152,4,0,4,156
04/07/2022,BIL,MT,ANM,WE,Combined TRACON& Tower with Radar,32,53,31,2,118,0,26,89,2,117,32,79,120,4,235,89,12,101,336
04/08/2022,BIL,MT,ANM,WE,Combined TRACON& Tower with Radar,30,48,27,0,105,0,19,102,2,123,30,67,129,2,228,118,0,118,346
04/09/2022,BIL,MT,ANM,WE,Combined TRACON& Tower with Radar,21,51,14,0,86,0,2,11,2,15,21,53,25,2,101,0,0,0,101
04/10/2022,BIL,MT,ANM,WE,Combined TRACON& Tower with Radar,24,28,14,0,66,0,5,10,2,17,24,33,24,2,83,13,0,13,96
04/11/2022,BIL,MT,ANM,WE,Combined TRACON& Tower with Radar,24,59,22,7,112,0,3,3,2,8,24,62,25,9,120,0,9,9,129
04/12/2022,BIL,MT,ANM,WE,Combined TRACON& Tower with Radar,15,35,0,0,50,0,0,0,0,0,15,35,0,0,50,0,0,0,50
04/13/2022,BIL,MT,ANM,WE,Combined TRACON& Tower with Radar,37,61,18,0,116,0,1,8,0,9,37,62,26,0,125,6,0,6,131
04/14/2022,BIL,MT,ANM,WE,Combined TRACON& Tower with Radar,33,65,27,6,131,0,11,45,10,66,33,76,72,16,197,52,16,68,265
04/15/2022,BIL,MT,ANM,WE,Combined TRACON& Tower with Radar,31,66,18,0,115,0,9,28,0,37,31,75,46,0,152,27,0,27,179
04/16/2022,BIL,MT,ANM,WE,Combined TRACON& Tower with Radar,22,32,15,0,69,0,9,41,2,52,22,41,56,2,121,67,0,67,188
04/17/2022,BIL,MT,ANM,WE,Combined TRACON& Tower with Radar,22,22,5,1,50,0,2,0,1,3,22,24,5,2,53,6,0,6,59
04/18/2022,BIL,MT,ANM,WE,Combined TRACON& Tower with Radar,27,36,37,0,100,0,24,69,0,93,27,60,106,0,193,117,0,117,310
04/19/2022,BIL,MT,ANM,WE,Combined TRACON& Tower with Radar,30,59,26,0,115,0,14,25,0,39,30,73,51,0,154,8,0,8,162
04/20/2022,BIL,MT,ANM,WE,Combined TRACON& Tower with Radar,30,61,31,0,122,0,20,39,0,59,30,81,70,0,181,24,0,24,205
04/21/2022,BIL,MT,ANM,WE,Combined TRACON& Tower with Radar,33,53,40,1,127,0,16,74,0,90,33,69,114,1,217,130,0,130,347
04/22/2022,BIL,MT,ANM,WE,Combined TRACON& Tower with Radar,30,57,13,0,100,0,1,18,0,19,30,58,31,0,119,4,0,4,123
04/23/2022,BIL,MT,ANM,WE,Combined TRACON& Tower with Radar,22,33,10,2,67,0,0,1,0,1,22,33,11,2,68,0,0,0,68
04/24/2022,BIL,MT,ANM,WE,Combined TRACON& Tower with Radar,24,12,32,0,68,0,5,68,3,76,24,17,100,3,144,73,0,73,217
04/25/2022,BIL,MT,ANM,WE,Combined TRACON& Tower with Radar,25,35,30,4,94,0,15,113,8,136,25,50,143,12,230,100,23,123,353
04/26/2022,BIL,MT,ANM,WE,Combined TRACON& Tower with Radar,30,54,30,0,114,0,24,107,0,131,30,78,137,0,245,165,14,179,424
04/27/2022,BIL,MT,ANM,WE,Combined TRACON& Tower with Radar,30,53,33,0,116,0,15,83,2,100,30,68,116,2,216,149,0,149,365
04/28/2022,BIL,MT,ANM,WE,Combined TRACON& Tower with Radar,33,65,44,8,150,0,14,67,0,81,33,79,111,8,231,106,0,106,337
04/29/2022,BIL,MT,ANM,WE,Combined TRACON& Tower with Radar,31,84,24,0,139,0,0,0,0,0,31,84,24,0,139,0,0,0,139
04/30/2022,BIL,MT,ANM,WE,Combined TRACON& Tower with Radar,20,33,21,0,74,0,17,86,0,103,20,50,107,0,177,70,0,70,247
05/01/2022,BIL,MT,ANM,WE,Combined TRACON& Tower with Radar,24,12,7,0,43,0,5,9,1,15,24,17,16,1,58,0,0,0,58
05/02/2022,BIL,MT,ANM,WE,Combined TRACON& Tower with Radar,25,66,46,0,137,0,14,60,0,74,25,80,106,0,211,70,0,70,281
05/03/2022,BIL,MT,ANM,WE,Combined TRACON& Tower with Radar,33,86,34,4,157,0,16,19,0,35,33,102,53,4,192,16,0,16,208
05/04/2022,BIL,MT,ANM,WE,Combined TRACON& Tower with Radar,32,58,46,4,140,0,29,133,10,172,32,87,179,14,312,162,10,172,484
05/05/2022,BIL,MT,ANM,WE,Combined TRACON& Tower with Radar,33,50,33,0,116,0,26,109,1,136,33,76,142,1,252,108,0,108,360
05/06/2022,BIL,MT,ANM,WE,Combined TRACON& Tower with Radar,30,51,38,0,119,0,23,86,0,109,30,74,124,0,228,120,0,120,348
05/07/2022,BIL,MT,ANM,WE,Combined TRACON& Tower with Radar,22,45,19,0,86,0,17,13,0,30,22,62,32,0,116,0,0,0,116
05/08/2022,BIL,MT,ANM,WE,Combined TRACON& Tower with Radar,23,18,21,0,62,0,13,32,0,45,23,31,53,0,107,21,0,21,128
05/09/2022,BIL,MT,ANM,WE,Combined TRACON& Tower with Radar,24,57,25,2,108,0,12,24,0,36,24,69,49,2,144,23,0,23,167
05/10/2022,BIL,MT,ANM,WE,Combined TRACON& Tower with Radar,34,63,48,0,145,0,21,117,0,138,34,84,165,0,283,121,0,121,404
05/11/2022,BIL,MT,ANM,WE,Combined TRACON& Tower with Radar,32,69,32,1,134,0,20,71,0,91,32,89,103,1,225,92,0,92,317
05/12/2022,BIL,MT,ANM,WE,Combined TRACON& Tower with Radar,35,79,17,1,132,0,0,6,0,6,35,79,23,1,138,11,0,11,149
05/13/2022,BIL,MT,ANM,WE,Combined TRACON& Tower with Radar,30,66,21,0,117,0,13,39,0,52,30,79,60,0,169,25,0,25,194
05/14/2022,BIL,MT,ANM,WE,Combined TRACON& Tower with Radar,21,43,22,0,86,0,18,53,0,71,21,61,75,0,157,64,0,64,221
05/15/2022,BIL,MT,ANM,WE,Combined TRACON& Tower with Radar,25,18,23,2,68,0,13,87,2,102,25,31,110,4,170,64,2,66,236
05/16/2022,BIL,MT,ANM,WE,Combined TRACON& Tower with Radar,27,49,22,0,98,0,15,50,3,68,27,64,72,3,166,73,0,73,239
05/17/2022,BIL,MT,ANM,WE,Combined TRACON& Tower with Radar,32,60,43,4,139,0,20,111,0,131,32,80,154,4,270,173,0,173,443
05/18/2022,BIL,MT,ANM,WE,Combined TRACON& Tower with Radar,32,54,44,0,130,0,16,119,0,135,32,70,163,0,265,90,0,90,355
05/19/2022,BIL,MT,ANM,WE,Combined TRACON& Tower with Radar,33,61,31,0,125,0,6,9,0,15,33,67,40,0,140,3,0,3,143
05/20/2022,BIL,MT,ANM,WE,Combined TRACON& Tower with Radar,28,71,28,0,127,0,6,15,0,21,28,77,43,0,148,0,0,0,148
05/21/2022,BIL,MT,ANM,WE,Combined TRACON& Tower with Radar,20,57,29,0,106,0,19,64,0,83,20,76,93,0,189,127,0,127,316
05/22/2022,BIL,MT,ANM,WE,Combined TRACON& Tower with Radar,23,25,32,4,84,0,16,63,0,79,23,41,95,4,163,79,0,79,242
05/23/2022,BIL,MT,ANM,WE,Combined TRACON& Tower with Radar,27,50,44,1,122,0,25,131,1,157,27,75,175,2,279,176,0,176,455
05/24/2022,BIL,MT,ANM,WE,Combined TRACON& Tower with Radar,37,77,43,1,158,0,26,100,1,127,37,103,143,2,285,199,0,199,484
05/25/2022,BIL,MT,ANM,WE,Combined TRACON& Tower with Radar,32,56,37,0,125,0,32,105,0,137,32,88,142,0,262,123,0,123,385
05/26/2022,BIL,MT,ANM,WE,Combined TRACON& Tower with Radar,33,61,40,6,140,0,29,85,0,114,33,90,125,6,254,96,0,96,350
05/27/2022,BIL,MT,ANM,WE,Combined TRACON& Tower with Radar,31,58,25,0,114,0,27,35,0,62,31,85,60,0,176,44,0,44,220
05/28/2022,BIL,MT,ANM,WE,Combined TRACON& Tower with Radar,21,46,12,0,79,0,9,8,0,17,21,55,20,0,96,8,0,8,104
05/29/2022,BIL,MT,ANM,WE,Combined TRACON& Tower with Radar,19,40,10,0,69,0,2,13,0,15,19,42,23,0,84,13,0,13,97
05/30/2022,BIL,MT,ANM,WE,Combined TRACON& Tower with Radar,21,39,11,0,71,0,4,3,0,7,21,43,14,0,78,0,0,0,78
05/31/2022,BIL,MT,ANM,WE,Combined TRACON& Tower with Radar,25,63,39,4,131,0,19,79,1,99,25,82,118,5,230,133,0,133,363
06/01/2022,BIL,MT,ANM,WE,Combined TRACON& Tower with Radar,31,58,43,0,132,0,28,120,0,148,31,86,163,0,280,192,0,192,472
06/02/2022,BIL,MT,ANM,WE,Combined TRACON& Tower with Radar,36,68,32,0,136,0,29,97,0,126,36,97,129,0,262,84,0,84,346
06/03/2022,BIL,MT,ANM,WE,Combined TRACON& Tower with Radar,33,60,17,0,110,0,20,68,3,91,33,80,85,3,201,51,0,51,252
06/04/2022,BIL,MT,ANM,WE,Combined TRACON& Tower with Radar,27,33,19,2,81,0,4,34,4,42,27,37,53,6,123,18,0,18,141
06/05/2022,BIL,MT,ANM,WE,Combined TRACON& Tower with Radar,30,31,21,0,82,0,7,33,1,41,30,38,54,1,123,20,0,20,143
06/06/2022,BIL,MT,ANM,WE,Combined TRACON& Tower with Radar,29,46,24,0,99,0,6,39,0,45,29,52,63,0,144,47,0,47,191
06/07/2022,BIL,MT,ANM,WE,Combined TRACON& Tower with Radar,38,77,23,0,138,0,23,94,0,117,38,100,117,0,255,107,0,107,362
06/08/2022,BIL,MT,ANM,WE,Combined TRACON& Tower with Radar,43,52,50,0,145,0,28,87,0,115,43,80,137,0,260,86,0,86,346
06/09/2022,BIL,MT,ANM,WE,Combined TRACON& Tower with Radar,40,48,24,4,116,0,20,74,1,95,40,68,98,5,211,83,0,83,294
06/10/2022,BIL,MT,ANM,WE,Combined TRACON& Tower with Radar,36,59,26,0,121,0,15,52,0,67,36,74,78,0,188,37,0,37,225
06/11/2022,BIL,MT,ANM,WE,Combined TRACON& Tower with Radar,28,34,20,0,82,0,8,29,2,39,28,42,49,2,121,29,0,29,150
06/12/2022,BIL,MT,ANM,WE,Combined TRACON& Tower with Radar,28,24,19,0,71,0,5,23,0,28,28,29,42,0,99,5,0,5,104
06/13/2022,BIL,MT,ANM,WE,Combined TRACON& Tower with Radar,32,51,30,0,113,0,15,49,5,69,32,66,79,5,182,85,0,85,267
06/14/2022,BIL,MT,ANM,WE,Combined TRACON& Tower with Radar,38,69,27,1,135,0,17,28,17,62,38,86,55,18,197,16,4,20,217
06/15/2022,BIL,MT,ANM,WE,Combined TRACON& Tower with Radar,38,52,31,0,121,0,6,19,8,33,38,58,50,8,154,8,0,8,162
06/16/2022,BIL,MT,ANM,WE,Combined TRACON& Tower with Radar,40,48,39,0,127,0,19,133,1,153,40,67,172,1,280,137,0,137,417
06/17/2022,BIL,MT,ANM,WE,Combined TRACON& Tower with Radar,35,63,37,2,137,0,19,103,4,126,35,82,140,6,263,103,0,103,366
06/18/2022,BIL,MT,ANM,WE,Combined TRACON& Tower with Radar,29,26,9,0,64,0,16,81,2,99,29,42,90,2,163,16,0,16,179
06/19/2022,BIL,MT,ANM,WE,Combined TRACON& Tower with Radar,29,22,11,0,62,0,0,7,0,7,29,22,18,0,69,0,0,0,69
06/20/2022,BIL,MT,ANM,WE,Combined TRACON& Tower with Radar,31,43,35,2,111,0,14,51,0,65,31,57,86,2,176,57,0,57,233
06/21/2022,BIL,MT,ANM,WE,Combined TRACON& Tower with Radar,36,58,38,0,132,0,22,101,0,123,36,80,139,0,255,73,0,73,328
06/22/2022,BIL,MT,ANM,WE,Combined TRACON& Tower with Radar,36,52,31,0,119,0,32,108,0,140,36,84,139,0,259,91,0,91,350
06/23/2022,BIL,MT,ANM,WE,Combined TRACON& Tower with Radar,40,61,32,0,133,0,24,109,0,133,40,85,141,0,266,84,0,84,350
06/24/2022,BIL,MT,ANM,WE,Combined TRACON& Tower with Radar,36,65,31,1,133,0,21,59,0,80,36,86,90,1,213,44,0,44,257
06/25/2022,BIL,MT,ANM,WE,Combined TRACON& Tower with Radar,27,45,17,8,97,0,17,76,2,95,27,62,93,10,192,78,4,82,274
06/26/2022,BIL,MT,ANM,WE,Combined TRACON& Tower with Radar,30,15,17,4,66,0,18,68,0,86,30,33,85,4,152,35,0,35,187
06/27/2022,BIL,MT,ANM,WE,Combined TRACON& Tower with Radar,31,58,38,2,129,0,33,123,1,157,31,91,161,3,286,178,0,178,464
06/28/2022,BIL,MT,ANM,WE,Combined TRACON& Tower with Radar,38,73,30,0,141,0,25,88,1,114,38,98,118,1,255,87,0,87,342
06/29/2022,BIL,MT,ANM,WE,Combined TRACON& Tower with Radar,38,57,43,0,138,3,19,106,6,134,41,76,149,6,272,151,0,151,423
06/30/2022,BIL,MT,ANM,WE,Combined TRACON& Tower with Radar,37,52,35,0,124,0,28,107,1,136,37,80,142,1,260,125,0,125,385
07/01/2022,BIL,MT,ANM,WE,Combined TRACON& Tower with Radar,37,50,31,0,118,0,21,74,0,95,37,71,105,0,213,111,0,111,324
07/02/2022,BIL,MT,ANM,WE,Combined TRACON& Tower with Radar,27,41,13,0,81,0,14,34,0,48,27,55,47,0,129,60,0,60,189
07/03/2022,BIL,MT,ANM,WE,Combined TRACON& Tower with Radar,27,32,17,0,76,0,10,25,0,35,27,42,42,0,111,12,0,12,123
07/04/2022,BIL,MT,ANM,WE,Combined TRACON& Tower with Radar,23,37,16,4,80,0,4,34,0,38,23,41,50,4,118,56,0,56,174
07/05/2022,BIL,MT,ANM,WE,Combined TRACON& Tower with Radar,31,55,50,0,136,0,11,61,0,72,31,66,111,0,208,58,0,58,266
07/06/2022,BIL,MT,ANM,WE,Combined TRACON& Tower with Radar,36,55,31,2,124,0,19,90,0,109,36,74,121,2,233,70,0,70,303
07/07/2022,BIL,MT,ANM,WE,Combined TRACON& Tower with Radar,36,65,29,3,133,0,26,98,0,124,36,91,127,3,257,128,0,128,385
07/08/2022,BIL,MT,ANM,WE,Combined TRACON& Tower with Radar,38,62,32,5,137,0,19,75,0,94,38,81,107,5,231,104,0,104,335
07/09/2022,BIL,MT,ANM,WE,Combined TRACON& Tower with Radar,26,30,21,0,77,1,14,65,0,80,27,44,86,0,157,67,0,67,224
07/10/2022,BIL,MT,ANM,WE,Combined TRACON& Tower with Radar,29,22,22,0,73,0,8,57,0,65,29,30,79,0,138,39,0,39,177
07/11/2022,BIL,MT,ANM,WE,Combined TRACON& Tower with Radar,31,40,33,0,104,0,15,125,0,140,31,55,158,0,244,169,0,169,413
07/12/2022,BIL,MT,ANM,WE,Combined TRACON& Tower with Radar,38,57,41,0,136,0,19,103,2,124,38,76,144,2,260,121,0,121,381
07/13/2022,BIL,MT,ANM,WE,Combined TRACON& Tower with Radar,38,53,40,0,131,0,17,89,1,107,38,70,129,1,238,114,0,114,352
07/14/2022,BIL,MT,ANM,WE,Combined TRACON& Tower with Radar,40,58,36,0,134,0,16,92,1,109,40,74,128,1,243,110,0,110,353
07/15/2022,BIL,MT,ANM,WE,Combined TRACON& Tower with Radar,37,53,27,0,117,0,14,90,0,104,37,67,117,0,221,102,0,102,323
07/16/2022,BIL,MT,ANM,WE,Combined TRACON& Tower with Radar,36,40,23,0,99,0,13,62,0,75,36,53,85,0,174,52,0,52,226
07/17/2022,BIL,MT,ANM,WE,Combined TRACON& Tower with Radar,30,31,28,0,89,0,11,37,0,48,30,42,65,0,137,7,0,7,144
07/18/2022,BIL,MT,ANM,WE,Combined TRACON& Tower with Radar,30,52,29,0,111,0,14,61,0,75,30,66,90,0,186,40,0,40,226
07/19/2022,BIL,MT,ANM,WE,Combined TRACON& Tower with Radar,42,61,26,0,129,0,22,36,3,61,42,83,62,3,190,27,0,27,217
07/20/2022,BIL,MT,ANM,WE,Combined TRACON& Tower with Radar,38,56,41,0,135,0,29,86,2,117,38,85,127,2,252,70,0,70,322
07/21/2022,BIL,MT,ANM,WE,Combined TRACON& Tower with Radar,40,61,34,0,135,1,21,128,2,152,41,82,162,2,287,124,0,124,411
07/22/2022,BIL,MT,ANM,WE,Combined TRACON& Tower with Radar,37,59,45,0,141,0,19,121,6,146,37,78,166,6,287,44,0,44,331
07/23/2022,BIL,MT,ANM,WE,Combined TRACON& Tower with Radar,33,41,13,0,87,0,16,91,8,115,33,57,104,8,202,38,0,38,240
07/24/2022,BIL,MT,ANM,WE,Combined TRACON& Tower with Radar,31,16,20,0,67,0,16,47,1,64,31,32,67,1,131,22,0,22,153
07/25/2022,BIL,MT,ANM,WE,Combined TRACON& Tower with Radar,34,44,26,0,104,0,21,88,0,109,34,65,114,0,213,137,0,137,350
07/26/2022,BIL,MT,ANM,WE,Combined TRACON& Tower with Radar,38,63,33,0,134,0,24,68,0,92,38,87,101,0,226,171,0,171,397
07/27/2022,BIL,MT,ANM,WE,Combined TRACON& Tower with Radar,39,67,35,10,151,0,32,85,0,117,39,99,120,10,268,91,0,91,359
07/28/2022,BIL,MT,ANM,WE,Combined TRACON& Tower with Radar,39,59,36,2,136,0,26,81,0,107,39,85,117,2,243,60,0,60,303
07/29/2022,BIL,MT,ANM,WE,Combined TRACON& Tower with Radar,39,63,29,0,131,0,26,58,0,84,39,89,87,0,215,45,0,45,260
07/30/2022,BIL,MT,ANM,WE,Combined TRACON& Tower with Radar,31,26,12,0,69,0,25,82,7,114,31,51,94,7,183,32,0,32,215
07/31/2022,BIL,MT,ANM,WE,Combined TRACON& Tower with Radar,32,13,25,1,71,0,17,80,2,99,32,30,105,3,170,89,0,89,259
08/01/2022,BIL,MT,ANM,WE,Combined TRACON& Tower with Radar,35,51,37,0,123,0,20,94,1,115,35,71,131,1,238,59,0,59,297
08/02/2022,BIL,MT,ANM,WE,Combined TRACON& Tower with Radar,38,57,30,0,125,0,21,61,0,82,38,78,91,0,207,36,0,36,243
08/03/2022,BIL,MT,ANM,WE,Combined TRACON& Tower with Radar,42,67,49,2,160,0,21,75,0,96,42,88,124,2,256,68,0,68,324
08/04/2022,BIL,MT,ANM,WE,Combined TRACON& Tower with Radar,45,60,38,3,146,0,21,56,1,78,45,81,94,4,224,46,0,46,270
08/05/2022,BIL,MT,ANM,WE,Combined TRACON& Tower with Radar,36,68,32,2,138,0,14,105,3,122,36,82,137,5,260,54,0,54,314
08/06/2022,BIL,MT,ANM,WE,Combined TRACON& Tower with Radar,32,51,27,8,118,0,1,1,1,3,32,52,28,9,121,0,0,0,121
08/07/2022,BIL,MT,ANM,WE,Combined TRACON& Tower with Radar,33,32,18,2,85,0,19,43,1,63,33,51,61,3,148,58,0,58,206
08/08/2022,BIL,MT,ANM,WE,Combined TRACON& Tower with Radar,33,39,29,0,101,0,22,118,0,140,33,61,147,0,241,75,0,75,316
08/09/2022,BIL,MT,ANM,WE,Combined TRACON& Tower with Radar,39,69,36,1,145,0,20,88,1,109,39,89,124,2,254,63,0,63,317
08/10/2022,BIL,MT,ANM,WE,Combined TRACON& Tower with Radar,39,62,37,0,138,0,17,97,1,115,39,79,134,1,253,113,0,113,366
08/11/2022,BIL,MT,ANM,WE,Combined TRACON& Tower with Radar,39,53,29,2,123,0,17,89,1,107,39,70,118,3,230,153,0,153,383
08/12/2022,BIL,MT,ANM,WE,Combined TRACON& Tower with Radar,40,64,37,1,142,0,18,74,0,92,40,82,111,1,234,52,0,52,286
08/13/2022,BIL,MT,ANM,WE,Combined TRACON& Tower with Radar,32,38,11,1,82,0,15,79,4,98,32,53,90,5,180,31,0,31,211
08/14/2022,BIL,MT,ANM,WE,Combined TRACON& Tower with Radar,32,23,19,1,75,4,13,90,4,111,36,36,109,5,186,11,0,11,197
08/15/2022,BIL,MT,ANM,WE,Combined TRACON& Tower with Radar,33,50,51,2,136,0,19,104,2,125,33,69,155,4,261,90,0,90,351
08/16/2022,BIL,MT,ANM,WE,Combined TRACON& Tower with Radar,35,64,45,1,145,0,20,151,0,171,35,84,196,1,316,152,0,152,468
08/17/2022,BIL,MT,ANM,WE,Combined TRACON& Tower with Radar,37,75,34,5,151,0,22,115,1,138,37,97,149,6,289,75,0,75,364
08/18/2022,BIL,MT,ANM,WE,Combined TRACON& Tower with Radar,37,52,41,3,133,0,19,110,0,129,37,71,151,3,262,106,0,106,368
08/19/2022,BIL,MT,ANM,WE,Combined TRACON& Tower with Radar,36,63,33,1,133,0,20,113,1,134,36,83,146,2,267,117,0,117,384
08/20/2022,BIL,MT,ANM,WE,Combined TRACON& Tower with Radar,30,38,21,0,89,0,18,87,0,105,30,56,108,0,194,93,0,93,287
08/21/2022,BIL,MT,ANM,WE,Combined TRACON& Tower with Radar,30,27,36,2,95,0,14,59,0,73,30,41,95,2,168,32,0,32,200
08/22/2022,BIL,MT,ANM,WE,Combined TRACON& Tower with Radar,34,44,30,0,108,0,18,98,2,118,34,62,128,2,226,40,0,40,266
08/23/2022,BIL,MT,ANM,WE,Combined TRACON& Tower with Radar,36,73,29,0,138,0,19,84,3,106,36,92,113,3,244,78,0,78,322
08/24/2022,BIL,MT,ANM,WE,Combined TRACON& Tower with Radar,35,69,27,2,133,0,19,81,0,100,35,88,108,2,233,50,8,58,291
08/25/2022,BIL,MT,ANM,WE,Combined TRACON& Tower with Radar,38,63,75,0,176,0,13,58,0,71,38,76,133,0,247,68,0,68,315
08/26/2022,BIL,MT,ANM,WE,Combined TRACON& Tower with Radar,43,76,42,0,161,12,18,86,0,116,55,94,128,0,277,40,0,40,317
08/27/2022,BIL,MT,ANM,WE,Combined TRACON& Tower with Radar,33,34,25,0,92,0,8,76,0,84,33,42,101,0,176,41,0,41,217
08/28/2022,BIL,MT,ANM,WE,Combined TRACON& Tower with Radar,30,24,12,2,68,0,5,61,0,66,30,29,73,2,134,93,0,93,227
08/29/2022,BIL,MT,ANM,WE,Combined TRACON& Tower with Radar,31,49,42,0,122,0,18,132,0,150,31,67,174,0,272,188,0,188,460
08/30/2022,BIL,MT,ANM,WE,Combined TRACON& Tower with Radar,36,66,23,0,125,0,14,108,0,122,36,80,131,0,247,193,0,193,440
08/31/2022,BIL,MT,ANM,WE,Combined TRACON& Tower with Radar,36,59,16,0,111,0,21,92,4,117,36,80,108,4,228,123,0,123,351
09/01/2022,BIL,MT,ANM,WE,Combined TRACON& Tower with Radar,39,72,38,4,153,0,26,93,1,120,39,98,131,5,273,41,6,47,320
09/02/2022,BIL,MT,ANM,WE,Combined TRACON& Tower with Radar,35,64,20,0,119,0,17,109,0,126,35,81,129,0,245,134,0,134,379
09/03/2022,BIL,MT,ANM,WE,Combined TRACON& Tower with Radar,30,41,21,0,92,0,7,41,0,48,30,48,62,0,140,60,0,60,200
09/04/2022,BIL,MT,ANM,WE,Combined TRACON& Tower with Radar,26,23,10,0,59,0,11,21,0,32,26,34,31,0,91,0,0,0,91
09/05/2022,BIL,MT,ANM,WE,Combined TRACON& Tower with Radar,26,27,18,3,74,0,3,31,0,34,26,30,49,3,108,4,0,4,112
09/06/2022,BIL,MT,ANM,WE,Combined TRACON& Tower with Radar,30,58,20,0,108,0,16,64,0,80,30,74,84,0,188,139,0,139,327
09/07/2022,BIL,MT,ANM,WE,Combined TRACON& Tower with Radar,39,76,40,0,155,0,18,79,0,97,39,94,119,0,252,72,0,72,324
09/08/2022,BIL,MT,ANM,WE,Combined TRACON& Tower with Radar,41,79,29,0,149,0,2,17,0,19,41,81,46,0,168,14,0,14,182
09/09/2022,BIL,MT,ANM,WE,Combined TRACON& Tower with Radar,34,70,39,1,144,0,18,49,0,67,34,88,88,1,211,77,0,77,288
09/10/2022,BIL,MT,ANM,WE,Combined TRACON& Tower with Radar,32,37,31,1,101,0,15,95,0,110,32,52,126,1,211,164,0,164,375
09/11/2022,BIL,MT,ANM,WE,Combined TRACON& Tower with Radar,32,38,22,0,92,0,6,65,0,71,32,44,87,0,163,78,0,78,241
09/12/2022,BIL,MT,ANM,WE,Combined TRACON& Tower with Radar,34,55,35,16,140,0,10,72,6,88,34,65,107,22,228,77,25,102,330
09/13/2022,BIL,MT,ANM,WE,Combined TRACON& Tower with Radar,39,71,53,0,163,0,16,91,1,108,39,87,144,1,271,141,0,141,412
09/14/2022,BIL,MT,ANM,WE,Combined TRACON& Tower with Radar,38,81,47,0,166,0,14,102,0,116,38,95,149,0,282,158,0,158,440
09/15/2022,BIL,MT,ANM,WE,Combined TRACON& Tower with Radar,42,79,38,2,161,0,11,104,0,115,42,90,142,2,276,148,0,148,424
09/16/2022,BIL,MT,ANM,WE,Combined TRACON& Tower with Radar,36,73,30,2,141,0,14,66,0,80,36,87,96,2,221,91,0,91,312
09/17/2022,BIL,MT,ANM,WE,Combined TRACON& Tower with Radar,29,43,18,0,90,0,10,63,0,73,29,53,81,0,163,95,0,95,258
09/18/2022,BIL,MT,ANM,WE,Combined TRACON& Tower with Radar,29,27,12,0,68,0,6,60,0,66,29,33,72,0,134,73,0,73,207
09/19/2022,BIL,MT,ANM,WE,Combined TRACON& Tower with Radar,32,54,33,2,121,0,14,82,0,96,32,68,115,2,217,83,0,83,300
09/20/2022,BIL,MT,ANM,WE,Combined TRACON& Tower with Radar,37,79,48,0,164,0,7,42,0,49,37,86,90,0,213,89,0,89,302
09/21/2022,BIL,MT,ANM,WE,Combined TRACON& Tower with Radar,38,72,34,0,144,0,15,86,0,101,38,87,120,0,245,96,0,96,341
09/22/2022,BIL,MT,ANM,WE,Combined TRACON& Tower with Radar,41,85,30,2,158,0,15,31,0,46,41,100,61,2,204,66,0,66,270
09/23/2022,BIL,MT,ANM,WE,Combined TRACON& Tower with Radar,35,84,37,0,156,0,20,19,0,39,35,104,56,0,195,4,0,4,199
09/24/2022,BIL,MT,ANM,WE,Combined TRACON& Tower with Radar,28,54,21,0,103,0,18,31,0,49,28,72,52,0,152,24,0,24,176
09/25/2022,BIL,MT,ANM,WE,Combined TRACON& Tower with Radar,30,31,10,4,75,0,1,85,0,86,30,32,95,4,161,61,0,61,222
09/26/2022,BIL,MT,ANM,WE,Combined TRACON& Tower with Radar,31,59,31,2,123,0,27,131,0,158,31,86,162,2,281,207,0,207,488
09/27/2022,BIL,MT,ANM,WE,Combined TRACON& Tower with Radar,39,61,38,0,138,0,25,125,0,150,39,86,163,0,288,200,0,200,488
09/28/2022,BIL,MT,ANM,WE,Combined TRACON& Tower with Radar,40,64,37,10,151,0,38,91,1,130,40,102,128,11,281,130,0,130,411
09/29/2022,BIL,MT,ANM,WE,Combined TRACON& Tower with Radar,41,76,32,0,149,0,31,63,0,94,41,107,95,0,243,109,0,109,352
09/30/2022,BIL,MT,ANM,WE,Combined TRACON& Tower with Radar,36,92,28,0,156,0,5,2,0,7,36,97,30,0,163,8,0,8,171
10/01/2022,BIL,MT,ANM,WE,Combined TRACON& Tower with Radar,28,56,17,0,101,0,0,0,0,0,28,56,17,0,101,0,0,0,101
10/02/2022,BIL,MT,ANM,WE,Combined TRACON& Tower with Radar,29,26,18,0,73,0,1,9,0,10,29,27,27,0,83,9,0,9,92
10/03/2022,BIL,MT,ANM,WE,Combined TRACON& Tower with Radar,28,59,29,0,116,0,8,77,0,85,28,67,106,0,201,125,0,125,326
10/04/2022,BIL,MT,ANM,WE,Combined TRACON& Tower with Radar,39,70,38,0,147,0,19,127,6,152,39,89,165,6,299,130,6,136,435
10/05/2022,BIL,MT,ANM,WE,Combined TRACON& Tower with Radar,37,59,52,0,148,0,23,117,0,140,37,82,169,0,288,108,0,108,396
10/06/2022,BIL,MT,ANM,WE,Combined TRACON& Tower with Radar,35,80,62,0,177,0,5,28,0,33,35,85,90,0,210,29,0,29,239
10/07/2022,BIL,MT,ANM,WE,Combined TRACON& Tower with Radar,36,70,26,0,132,0,12,70,0,82,36,82,96,0,214,141,0,141,355
10/08/2022,BIL,MT,ANM,WE,Combined TRACON& Tower with Radar,23,39,13,0,75,0,8,95,0,103,23,47,108,0,178,95,0,95,273
10/09/2022,BIL,MT,ANM,WE,Combined TRACON& Tower with Radar,25,31,15,0,71,0,6,44,0,50,25,37,59,0,121,15,0,15,136
10/10/2022,BIL,MT,ANM,WE,Combined TRACON& Tower with Radar,27,43,37,0,107,0,32,84,0,116,27,75,121,0,223,127,0,127,350
10/11/2022,BIL,MT,ANM,WE,Combined TRACON& Tower with Radar,36,71,33,5,145,0,18,56,10,84,36,89,89,15,229,73,12,85,314
10/12/2022,BIL,MT,ANM,WE,Combined TRACON& Tower with Radar,36,75,38,2,151,0,25,77,0,102,36,100,115,2,253,44,0,44,297
10/13/2022,BIL,MT,ANM,WE,Combined TRACON& Tower with Radar,38,66,30,27,161,0,23,79,0,102,38,89,109,27,263,82,0,82,345
10/14/2022,BIL,MT,ANM,WE,Combined TRACON& Tower with Radar,37,65,28,0,130,0,16,73,0,89,37,81,101,0,219,50,0,50,269
10/15/2022,BIL,MT,ANM,WE,Combined TRACON& Tower with Radar,23,42,15,0,80,0,8,55,0,63,23,50,70,0,143,52,0,52,195
10/16/2022,BIL,MT,ANM,WE,Combined TRACON& Tower with Radar,27,20,12,0,59,0,7,70,0,77,27,27,82,0,136,23,0,23,159
10/17/2022,BIL,MT,ANM,WE,Combined TRACON& Tower with Radar,27,65,37,2,131,0,23,81,1,105,27,88,118,3,236,84,0,84,320
10/18/2022,BIL,MT,ANM,WE,Combined TRACON& Tower with Radar,37,64,29,2,132,0,20,77,0,97,37,84,106,2,229,122,0,122,351
10/19/2022,BIL,MT,ANM,WE,Combined TRACON& Tower with Radar,33,74,39,0,146,0,27,119,3,149,33,101,158,3,295,150,0,150,445
10/20/2022,BIL,MT,ANM,WE,Combined TRACON& Tower with Radar,37,71,46,0,154,0,26,48,0,74,37,97,94,0,228,18,0,18,246
10/21/2022,BIL,MT,ANM,WE,Combined TRACON& Tower with Radar,34,80,34,0,148,0,11,64,2,77,34,91,98,2,225,153,0,153,378
10/22/2022,BIL,MT,ANM,WE,Combined TRACON& Tower with Radar,23,53,9,0,85,0,0,29,0,29,23,53,38,0,114,75,0,75,189
10/23/2022,BIL,MT,ANM,WE,Combined TRACON& Tower with Radar,26,40,13,0,79,0,0,0,0,0,26,40,13,0,79,0,0,0,79
10/24/2022,BIL,MT,ANM,WE,Combined TRACON& Tower with Radar,25,64,33,0,122,0,17,43,1,61,25,81,76,1,183,56,0,56,239
10/25/2022,BIL,MT,ANM,WE,Combined TRACON& Tower with Radar,37,100,29,10,176,0,15,31,2,48,37,115,60,12,224,76,27,103,327
10/26/2022,BIL,MT,ANM,WE,Combined TRACON& Tower with Radar,34,83,54,0,171,0,28,113,0,141,34,111,167,0,312,167,0,167,479
10/27/2022,BIL,MT,ANM,WE,Combined TRACON& Tower with Radar,37,92,34,0,163,0,30,100,0,130,37,122,134,0,293,111,0,111,404
10/28/2022,BIL,MT,ANM,WE,Combined TRACON& Tower with Radar,34,77,25,4,140,0,37,80,1,118,34,114,105,5,258,66,0,66,324
10/29/2022,BIL,MT,ANM,WE,Combined TRACON& Tower with Radar,23,52,21,0,96,0,24,79,5,108,23,76,100,5,204,87,0,87,291
10/30/2022,BIL,MT,ANM,WE,Combined TRACON& Tower with Radar,26,28,14,0,68,0,17,41,1,59,26,45,55,1,127,32,0,32,159
10/31/2022,BIL,MT,ANM,WE,Combined TRACON& Tower with Radar,25,61,26,0,112,0,25,65,0,90,25,86,91,0,202,29,0,29,231
11/01/2022,BIL,MT,ANM,WE,Combined TRACON& Tower with Radar,36,80,27,0,143,0,16,106,0,122,36,96,133,0,265,179,0,179,444
11/02/2022,BIL,MT,ANM,WE,Combined TRACON& Tower with Radar,32,94,44,0,170,0,23,35,0,58,32,117,79,0,228,23,0,23,251
11/03/2022,BIL,MT,ANM,WE,Combined TRACON& Tower with Radar,38,76,40,1,155,0,14,74,7,95,38,90,114,8,250,99,16,115,365
11/04/2022,BIL,MT,ANM,WE,Combined TRACON& Tower with Radar,34,75,28,0,137,0,14,42,0,56,34,89,70,0,193,32,0,32,225
11/05/2022,BIL,MT,ANM,WE,Combined TRACON& Tower with Radar,30,24,18,0,72,0,4,2,0,6,30,28,20,0,78,0,0,0,78
11/06/2022,BIL,MT,ANM,WE,Combined TRACON& Tower with Radar,24,32,34,0,90,0,11,61,0,72,24,43,95,0,162,71,0,71,233
11/07/2022,BIL,MT,ANM,WE,Combined TRACON& Tower with Radar,25,62,39,0,126,0,7,40,0,47,25,69,79,0,173,62,0,62,235
11/08/2022,BIL,MT,ANM,WE,Combined TRACON& Tower with Radar,34,69,19,1,123,0,1,0,0,1,34,70,19,1,124,0,0,0,124
11/09/2022,BIL,MT,ANM,WE,Combined TRACON& Tower with Radar,31,58,16,1,106,0,1,0,0,1,31,59,16,1,107,0,0,0,107
11/10/2022,BIL,MT,ANM,WE,Combined TRACON& Tower with Radar,36,67,23,0,126,0,4,17,0,21,36,71,40,0,147,17,0,17,164
11/11/2022,BIL,MT,ANM,WE,Combined TRACON& Tower with Radar,34,76,33,0,143,0,9,58,0,67,34,85,91,0,210,52,0,52,262
11/12/2022,BIL,MT,ANM,WE,Combined TRACON& Tower with Radar,24,55,19,0,98,0,10,73,0,83,24,65,92,0,181,78,0,78,259
11/13/2022,BIL,MT,ANM,WE,Combined TRACON& Tower with Radar,25,44,23,0,92,0,0,12,0,12,25,44,35,0,104,32,0,32,136
11/14/2022,BIL,MT,ANM,WE,Combined TRACON& Tower with Radar,27,69,19,0,115,0,1,5,0,6,27,70,24,0,121,3,0,3,124
11/15/2022,BIL,MT,ANM,WE,Combined TRACON& Tower with Radar,36,85,50,6,177,0,5,87,0,92,36,90,137,6,269,94,0,94,363
11/16/2022,BIL,MT,ANM,WE,Combined TRACON& Tower with Radar,34,95,36,0,165,0,11,45,0,56,34,106,81,0,221,77,0,77,298
11/17/2022,BIL,MT,ANM,WE,Combined TRACON& Tower with Radar,33,86,27,2,148,0,5,29,0,34,33,91,56,2,182,41,0,41,223
11/18/2022,BIL,MT,ANM,WE,Combined TRACON& Tower with Radar,34,72,23,2,131,0,18,22,0,40,34,90,45,2,171,10,0,10,181
11/19/2022,BIL,MT,ANM,WE,Combined TRACON& Tower with Radar,26,58,13,0,97,0,23,16,0,39,26,81,29,0,136,4,0,4,140
11/20/2022,BIL,MT,ANM,WE,Combined TRACON& Tower with Radar,24,29,21,3,77,0,7,42,0,49,24,36,63,3,126,10,0,10,136
11/21/2022,BIL,MT,ANM,WE,Combined TRACON& Tower with Radar,31,72,44,0,147,0,35,83,1,119,31,107,127,1,266,87,0,87,353
11/22/2022,BIL,MT,ANM,WE,Combined TRACON& Tower with Radar,34,84,31,3,152,0,12,85,5,102,34,96,116,8,254,144,24,168,422
11/23/2022,BIL,MT,ANM,WE,Combined TRACON& Tower with Radar,38,99,22,0,159,0,4,7,0,11,38,103,29,0,170,0,0,0,170
11/24/2022,BIL,MT,ANM,WE,Combined TRACON& Tower with Radar,13,21,7,0,41,0,17,18,0,35,13,38,25,0,76,8,0,8,84
11/25/2022,BIL,MT,ANM,WE,Combined TRACON& Tower with Radar,30,72,17,3,122,0,16,16,0,32,30,88,33,3,154,0,0,0,154
11/26/2022,BIL,MT,ANM,WE,Combined TRACON& Tower with Radar,23,58,4,0,85,0,0,4,0,4,23,58,8,0,89,0,0,0,89
11/27/2022,BIL,MT,ANM,WE,Combined TRACON& Tower with Radar,32,44,19,0,95,0,3,22,0,25,32,47,41,0,120,20,0,20,140
11/28/2022,BIL,MT,ANM,WE,Combined TRACON& Tower with Radar,32,64,28,4,128,0,9,62,0,71,32,73,90,4,199,107,0,107,306
11/29/2022,BIL,MT,ANM,WE,Combined TRACON& Tower with Radar,37,107,33,0,177,0,3,45,2,50,37,110,78,2,227,97,0,97,324
11/30/2022,BIL,MT,ANM,WE,Combined TRACON& Tower with Radar,42,98,37,0,177,0,22,79,6,107,42,120,116,6,284,91,0,91,375
12/01/2022,BIL,MT,ANM,WE,Combined TRACON& Tower with Radar,41,92,48,0,181,0,6,53,0,59,41,98,101,0,240,107,0,107,347
12/02/2022,BIL,MT,ANM,WE,Combined TRACON& Tower with Radar,39,93,29,2,163,0,4,44,0,48,39,97,73,2,211,57,0,57,268
12/03/2022,BIL,MT,ANM,WE,Combined TRACON& Tower with Radar,26,46,9,1,82,0,7,27,1,35,26,53,36,2,117,15,0,15,132
12/04/2022,BIL,MT,ANM,WE,Combined TRACON& Tower with Radar,27,38,12,0,77,0,6,32,0,38,27,44,44,0,115,0,0,0,115
12/05/2022,BIL,MT,ANM,WE,Combined TRACON& Tower with Radar,29,67,22,33,151,0,6,25,7,38,29,73,47,40,189,43,8,51,240
12/06/2022,BIL,MT,ANM,WE,Combined TRACON& Tower with Radar,39,97,20,2,158,0,2,15,0,17,39,99,35,2,175,9,0,9,184
12/07/2022,BIL,MT,ANM,WE,Combined TRACON& Tower with Radar,40,90,38,13,181,0,16,66,11,93,40,106,104,24,274,41,20,61,335
12/08/2022,BIL,MT,ANM,WE,Combined TRACON& Tower with Radar,46,82,35,9,172,0,20,96,9,125,46,102,131,18,297,83,18,101,398
12/09/2022,BIL,MT,ANM,WE,Combined TRACON& Tower with Radar,41,87,34,0,162,0,13,80,2,95,41,100,114,2,257,134,0,134,391
12/10/2022,BIL,MT,ANM,WE,Combined TRACON& Tower with Radar,24,55,11,2,92,0,9,54,0,63,24,64,65,2,155,76,0,76,231
12/11/2022,BIL,MT,ANM,WE,Combined TRACON& Tower with Radar,26,34,15,0,75,0,8,24,0,32,26,42,39,0,107,23,0,23,130
12/12/2022,BIL,MT,ANM,WE,Combined TRACON& Tower with Radar,30,71,16,0,117,0,0,1,0,1,30,71,17,0,118,0,0,0,118
12/13/2022,BIL,MT,ANM,WE,Combined TRACON& Tower with Radar,39,106,21,2,168,0,1,0,3,4,39,107,21,5,172,0,0,0,172
12/14/2022,BIL,MT,ANM,WE,Combined TRACON& Tower with Radar,38,99,20,1,158,0,3,25,3,31,38,102,45,4,189,27,10,37,226
12/15/2022,BIL,MT,ANM,WE,Combined TRACON& Tower with Radar,44,88,28,4,164,0,15,32,2,49,44,103,60,6,213,20,6,26,239
12/16/2022,BIL,MT,ANM,WE,Combined TRACON& Tower with Radar,43,84,39,0,166,0,8,66,2,76,43,92,105,2,242,56,0,56,298
12/17/2022,BIL,MT,ANM,WE,Combined TRACON& Tower with Radar,35,65,15,0,115,0,6,30,0,36,35,71,45,0,151,0,0,0,151
12/18/2022,BIL,MT,ANM,WE,Combined TRACON& Tower with Radar,27,33,14,0,74,0,0,1,0,1,27,33,15,0,75,0,0,0,75
12/19/2022,BIL,MT,ANM,WE,Combined TRACON& Tower with Radar,34,49,24,0,107,0,1,5,0,6,34,50,29,0,113,0,0,0,113
12/20/2022,BIL,MT,ANM,WE,Combined TRACON& Tower with Radar,40,73,22,2,137,0,4,8,0,12,40,77,30,2,149,0,0,0,149
12/21/2022,BIL,MT,ANM,WE,Combined TRACON& Tower with Radar,40,57,10,0,107,0,7,1,0,8,40,64,11,0,115,0,0,0,115
12/22/2022,BIL,MT,ANM,WE,Combined TRACON& Tower with Radar,44,58,23,0,125,0,6,4,0,10,44,64,27,0,135,4,0,4,139
12/23/2022,BIL,MT,ANM,WE,Combined TRACON& Tower with Radar,23,71,19,0,113,0,10,3,0,13,23,81,22,0,126,0,0,0,126
12/24/2022,BIL,MT,ANM,WE,Combined TRACON& Tower with Radar,26,59,5,0,90,0,5,19,0,24,26,64,24,0,114,7,0,7,121
12/25/2022,BIL,MT,ANM,WE,Combined TRACON& Tower with Radar,14,32,5,0,51,0,2,6,0,8,14,34,11,0,59,0,0,0,59
12/26/2022,BIL,MT,ANM,WE,Combined TRACON& Tower with Radar,28,36,11,0,75,0,5,15,0,20,28,41,26,0,95,0,0,0,95
12/27/2022,BIL,MT,ANM,WE,Combined TRACON& Tower with Radar,33,94,20,0,147,0,14,30,0,44,33,108,50,0,191,40,0,40,231
12/28/2022,BIL,MT,ANM,WE,Combined TRACON& Tower with Radar,41,93,18,0,152,0,10,10,0,20,41,103,28,0,172,0,0,0,172
12/29/2022,BIL,MT,ANM,WE,Combined TRACON& Tower with Radar,41,95,21,6,163,0,10,46,2,58,41,105,67,8,221,50,0,50,271
12/30/2022,BIL,MT,ANM,WE,Combined TRACON& Tower with Radar,33,80,13,0,126,0,12,32,0,44,33,92,45,0,170,0,0,0,170
12/31/2022,BIL,MT,ANM,WE,Combined TRACON& Tower with Radar,28,57,12,0,97,0,6,6,0,12,28,63,18,0,109,4,0,4,113
01/01/2023,BIL,MT,ANM,WE,Combined TRACON& Tower with Radar,17,37,8,0,62,0,1,15,0,16,17,38,23,0,78,0,0,0,78
01/02/2023,BIL,MT,ANM,WE,Combined TRACON& Tower with Radar,24,45,28,0,97,0,5,52,0,57,24,50,80,0,154,13,0,13,167
01/03/2023,BIL,MT,ANM,WE,Combined TRACON& Tower with Radar,29,55,18,0,102,0,4,23,0,27,29,59,41,0,129,2,0,2,131
01/04/2023,BIL,MT,ANM,WE,Combined TRACON& Tower with Radar,34,84,17,0,135,0,13,52,0,65,34,97,69,0,200,16,0,16,216
01/05/2023,BIL,MT,ANM,WE,Combined TRACON& Tower with Radar,38,83,35,2,158,0,10,40,0,50,38,93,75,2,208,93,0,93,301
01/06/2023,BIL,MT,ANM,WE,Combined TRACON& Tower with Radar,38,87,24,16,165,0,7,45,0,52,38,94,69,16,217,72,0,72,289
01/07/2023,BIL,MT,ANM,WE,Combined TRACON& Tower with Radar,25,57,12,0,94,0,7,52,0,59,25,64,64,0,153,8,0,8,161
01/08/2023,BIL,MT,ANM,WE,Combined TRACON& Tower with Radar,28,33,6,0,67,0,2,36,0,38,28,35,42,0,105,14,0,14,119
01/09/2023,BIL,MT,ANM,WE,Combined TRACON& Tower with Radar,29,64,35,8,136,0,12,61,0,73,29,76,96,8,209,92,0,92,301
01/10/2023,BIL,MT,ANM,WE,Combined TRACON& Tower with Radar,34,82,27,7,150,0,14,57,3,74,34,96,84,10,224,112,6,118,342
01/11/2023,BIL,MT,ANM,WE,Combined TRACON& Tower with Radar,32,74,34,0,140,0,4,90,0,94,32,78,124,0,234,108,0,108,342
01/12/2023,BIL,MT,ANM,WE,Combined TRACON& Tower with Radar,38,70,30,0,138,0,9,67,0,76,38,79,97,0,214,41,0,41,255
01/13/2023,BIL,MT,ANM,WE,Combined TRACON& Tower with Radar,34,78,16,2,130,0,15,55,0,70,34,93,71,2,200,24,0,24,224
01/14/2023,BIL,MT,ANM,WE,Combined TRACON& Tower with Radar,26,55,20,1,102,0,4,65,0,69,26,59,85,1,171,56,0,56,227
01/15/2023,BIL,MT,ANM,WE,Combined TRACON& Tower with Radar,26,23,19,0,68,0,8,63,2,73,26,31,82,2,141,111,0,111,252
01/16/2023,BIL,MT,ANM,WE,Combined TRACON& Tower with Radar,14,31,16,0,61,0,0,3,0,3,14,31,19,0,64,12,0,12,76
01/17/2023,BIL,MT,ANM,WE,Combined TRACON& Tower with Radar,40,69,27,2,138,0,11,55,4,70,40,80,82,6,208,73,2,75,283
01/18/2023,BIL,MT,ANM,WE,Combined TRACON& Tower with Radar,32,77,46,0,155,0,6,109,0,115,32,83,155,0,270,182,0,182,452
01/19/2023,BIL,MT,ANM,WE,Combined TRACON& Tower with Radar,36,69,35,3,143,0,14,82,5,101,36,83,117,8,244,132,6,138,382
01/20/2023,BIL,MT,ANM,WE,Combined TRACON& Tower with Radar,32,82,27,2,143,0,25,113,4,142,32,107,140,6,285,179,4,183,468
01/21/2023,BIL,MT,ANM,WE,Combined TRACON& Tower with Radar,26,73,28,0,127,0,27,64,0,91,26,100,92,0,218,48,0,48,266
01/22/2023,BIL,MT,ANM,WE,Combined TRACON& Tower with Radar,27,47,8,0,82,0,8,10,0,18,27,55,18,0,100,20,0,20,120
01/23/2023,BIL,MT,ANM,WE,Combined TRACON& Tower with Radar,28,65,19,6,118,0,16,56,0,72,28,81,75,6,190,50,0,50,240
01/24/2023,BIL,MT,ANM,WE,Combined TRACON& Tower with Radar,35,104,26,0,165,0,15,19,2,36,35,119,45,2,201,17,0,17,218
01/25/2023,BIL,MT,ANM,WE,Combined TRACON& Tower with Radar,32,93,20,19,164,0,12,54,13,79,32,105,74,32,243,91,28,119,362
01/26/2023,BIL,MT,ANM,WE,Combined TRACON& Tower with Radar,36,94,25,0,155,0,14,4,3,21,36,108,29,3,176,4,0,4,180
01/27/2023,BIL,MT,ANM,WE,Combined TRACON& Tower with Radar,34,64,15,0,113,0,1,2,0,3,34,65,17,0,116,0,0,0,116
01/28/2023,BIL,MT,ANM,WE,Combined TRACON& Tower with Radar,24,50,11,0,85,0,0,0,0,0,24,50,11,0,85,0,0,0,85
01/29/2023,BIL,MT,ANM,WE,Combined TRACON& Tower with Radar,29,27,14,0,70,0,5,5,0,10,29,32,19,0,80,0,0,0,80
01/30/2023,BIL,MT,ANM,WE,Combined TRACON& Tower with Radar,28,60,6,0,94,0,7,9,0,16,28,67,15,0,110,0,0,0,110
01/31/2023,BIL,MT,ANM,WE,Combined TRACON& Tower with Radar,28,76,15,0,119,0,17,21,1,39,28,93,36,1,158,0,0,0,158
02/01/2023,BIL,MT,ANM,WE,Combined TRACON& Tower with Radar,26,69,34,0,129,0,17,78,0,95,26,86,112,0,224,94,0,94,318
02/02/2023,BIL,MT,ANM,WE,Combined TRACON& Tower with Radar,31,83,37,0,151,0,5,89,3,97,31,88,126,3,248,125,0,125,373
02/03/2023,BIL,MT,ANM,WE,Combined TRACON& Tower with Radar,37,74,20,0,131,0,15,76,1,92,37,89,96,1,223,52,6,58,281
02/04/2023,BIL,MT,ANM,WE,Combined TRACON& Tower with Radar,28,41,11,0,80,0,11,26,2,39,28,52,37,2,119,43,0,43,162
02/05/2023,BIL,MT,ANM,WE,Combined TRACON& Tower with Radar,29,32,15,0,76,0,4,28,1,33,29,36,43,1,109,89,0,89,198
02/06/2023,BIL,MT,ANM,WE,Combined TRACON& Tower with Radar,33,55,24,0,112,0,13,73,0,86,33,68,97,0,198,101,0,101,299
02/07/2023,BIL,MT,ANM,WE,Combined TRACON& Tower with Radar,38,68,31,4,141,0,17,86,13,116,38,85,117,17,257,110,1,111,368
02/08/2023,BIL,MT,ANM,WE,Combined TRACON& Tower with Radar,36,77,17,0,130,0,4,14,3,21,36,81,31,3,151,33,0,33,184
02/09/2023,BIL,MT,ANM,WE,Combined TRACON& Tower with Radar,38,74,32,5,149,0,24,121,4,149,38,98,153,9,298,131,22,153,451
02/10/2023,BIL,MT,ANM,WE,Combined TRACON& Tower with Radar,36,71,22,0,129,0,11,30,1,42,36,82,52,1,171,2,0,2,173
02/11/2023,BIL,MT,ANM,WE,Combined TRACON& Tower with Radar,26,54,30,0,110,0,7,82,2,91,26,61,112,2,201,78,0,78,279
02/12/2023,BIL,MT,ANM,WE,Combined TRACON& Tower with Radar,26,39,15,1,81,0,7,30,2,39,26,46,45,3,120,0,0,0,120
02/13/2023,BIL,MT,ANM,WE,Combined TRACON& Tower with Radar,29,57,19,0,105,0,20,80,2,102,29,77,99,2,207,112,0,112,319
02/14/2023,BIL,MT,ANM,WE,Combined TRACON& Tower with Radar,34,83,13,0,130,0,1,7,1,9,34,84,20,1,139,0,0,0,139
02/15/2023,BIL,MT,ANM,WE,Combined TRACON& Tower with Radar,37,78,26,2,143,0,18,73,2,93,37,96,99,4,236,82,4,86,322
02/16/2023,BIL,MT,ANM,WE,Combined TRACON& Tower with Radar,40,69,29,0,138,0,14,7,5,26,40,83,36,5,164,0,1,1,165
02/17/2023,BIL,MT,ANM,WE,Combined TRACON& Tower with Radar,36,70,23,1,130,0,13,74,0,87,36,83,97,1,217,88,0,88,305
02/18/2023,BIL,MT,ANM,WE,Combined TRACON& Tower with Radar,26,63,19,1,109,0,9,61,1,71,26,72,80,2,180,58,0,58,238
02/19/2023,BIL,MT,ANM,WE,Combined TRACON& Tower with Radar,28,51,9,0,88,0,7,14,0,21,28,58,23,0,109,6,0,6,115
02/20/2023,BIL,MT,ANM,WE,Combined TRACON& Tower with Radar,28,78,29,0,135,0,0,0,0,0,28,78,29,0,135,0,0,0,135
02/21/2023,BIL,MT,ANM,WE,Combined TRACON& Tower with Radar,38,83,15,0,136,0,0,0,0,0,38,83,15,0,136,2,0,2,138
02/22/2023,BIL,MT,ANM,WE,Combined TRACON& Tower with Radar,29,59,10,0,98,0,0,0,0,0,29,59,10,0,98,0,0,0,98
02/23/2023,BIL,MT,ANM,WE,Combined TRACON& Tower with Radar,40,79,27,0,146,0,7,4,0,11,40,86,31,0,157,0,0,0,157
02/24/2023,BIL,MT,ANM,WE,Combined TRACON& Tower with Radar,34,70,25,0,129,0,12,35,2,49,34,82,60,2,178,28,2,30,208
02/25/2023,BIL,MT,ANM,WE,Combined TRACON& Tower with Radar,24,55,20,1,100,0,16,80,0,96,24,71,100,1,196,84,0,84,280
02/26/2023,BIL,MT,ANM,WE,Combined TRACON& Tower with Radar,28,37,19,2,86,0,9,45,2,56,28,46,64,4,142,52,0,52,194
02/27/2023,BIL,MT,ANM,WE,Combined TRACON& Tower with Radar,33,70,36,17,156,0,26,98,6,130,33,96,134,23,286,155,10,165,451
02/28/2023,BIL,MT,ANM,WE,Combined TRACON& Tower with Radar,40,73,27,2,142,0,14,102,1,117,40,87,129,3,259,101,0,101,360
03/01/2023,BIL,MT,ANM,WE,Combined TRACON& Tower with Radar,37,85,33,1,156,0,8,57,2,67,37,93,90,3,223,50,0,50,273
03/02/2023,BIL,MT,ANM,WE,Combined TRACON& Tower with Radar,39,88,32,20,179,0,22,57,2,81,39,110,89,22,260,69,1,70,330
03/03/2023,BIL,MT,ANM,WE,Combined TRACON& Tower with Radar,38,75,25,2,140,0,7,62,2,71,38,82,87,4,211,103,0,103,314
03/04/2023,BIL,MT,ANM,WE,Combined TRACON& Tower with Radar,26,54,18,0,98,0,7,82,0,89,26,61,100,0,187,100,0,100,287
03/05/2023,BIL,MT,ANM,WE,Combined TRACON& Tower with Radar,27,34,11,0,72,0,0,5,0,5,27,34,16,0,77,0,0,0,77
03/06/2023,BIL,MT,ANM,WE,Combined TRACON& Tower with Radar,31,69,14,0,114,0,0,0,0,0,31,69,14,0,114,0,0,0,114
03/07/2023,BIL,MT,ANM,WE,Combined TRACON& Tower with Radar,40,71,14,1,126,0,10,28,2,40,40,81,42,3,166,27,0,27,193
03/08/2023,BIL,MT,ANM,WE,Combined TRACON& Tower with Radar,37,87,18,0,142,0,0,1,0,1,37,87,19,0,143,0,0,0,143
03/09/2023,BIL,MT,ANM,WE,Combined TRACON& Tower with Radar,40,81,32,0,153,0,4,57,1,62,40,85,89,1,215,119,0,119,334
03/10/2023,BIL,MT,ANM,WE,Combined TRACON& Tower with Radar,40,74,25,12,151,0,5,58,6,69,40,79,83,18,220,104,16,120,340
03/11/2023,BIL,MT,ANM,WE,Combined TRACON& Tower with Radar,29,53,16,0,98,0,3,13,0,16,29,56,29,0,114,12,0,12,126
03/12/2023,BIL,MT,ANM,WE,Combined TRACON& Tower with Radar,26,26,21,0,73,0,5,63,2,70,26,31,84,2,143,16,0,16,159
03/13/2023,BIL,MT,ANM,WE,Combined TRACON& Tower with Radar,33,57,38,2,130,0,7,123,0,130,33,64,161,2,260,98,0,98,358
03/14/2023,BIL,MT,ANM,WE,Combined TRACON& Tower with Radar,41,76,27,15,159,0,7,89,3,99,41,83,116,18,258,131,8,139,397
03/15/2023,BIL,MT,ANM,WE,Combined TRACON& Tower with Radar,38,88,14,0,140,0,4,6,0,10,38,92,20,0,150,19,0,19,169
03/16/2023,BIL,MT,ANM,WE,Combined TRACON& Tower with Radar,40,86,34,0,160,0,2,45,4,51,40,88,79,4,211,130,0,130,341
03/17/2023,BIL,MT,ANM,WE,Combined TRACON& Tower with Radar,36,81,42,1,160,0,13,110,1,124,36,94,152,2,284,177,0,177,461
03/18/2023,BIL,MT,ANM,WE,Combined TRACON& Tower with Radar,28,41,15,6,90,0,14,84,0,98,28,55,99,6,188,170,0,170,358
03/19/2023,BIL,MT,ANM,WE,Combined TRACON& Tower with Radar,27,39,19,0,85,0,12,62,0,74,27,51,81,0,159,0,0,0,159
03/20/2023,BIL,MT,ANM,WE,Combined TRACON& Tower with Radar,31,76,31,0,138,0,9,73,1,83,31,85,104,1,221,153,0,153,374
03/21/2023,BIL,MT,ANM,WE,Combined TRACON& Tower with Radar,40,103,22,0,165,0,4,5,0,9,40,107,27,0,174,0,0,0,174
03/22/2023,BIL,MT,ANM,WE,Combined TRACON& Tower with Radar,38,99,36,1,174,0,25,96,3,124,38,124,132,4,298,226,0,226,524
03/23/2023,BIL,MT,ANM,WE,Combined TRACON& Tower with Radar,40,85,28,9,162,0,13,95,7,115,40,98,123,16,277,103,8,111,388
03/24/2023,BIL,MT,ANM,WE,Combined TRACON& Tower with Radar,36,87,31,0,154,0,15,63,1,79,36,102,94,1,233,85,0,85,318
03/25/2023,BIL,MT,ANM,WE,Combined TRACON& Tower with Radar,26,66,4,0,96,0,0,0,0,0,26,66,4,0,96,0,0,0,96
03/26/2023,BIL,MT,ANM,WE,Combined TRACON& Tower with Radar,28,32,3,0,63,0,0,0,0,0,28,32,3,0,63,0,0,0,63
03/27/2023,BIL,MT,ANM,WE,Combined TRACON& Tower with Radar,30,74,37,2,143,0,13,36,0,49,30,87,73,2,192,49,0,49,241
03/28/2023,BIL,MT,ANM,WE,Combined TRACON& Tower with Radar,43,94,27,0,164,0,4,20,0,24,43,98,47,0,188,28,0,28,216
03/29/2023,BIL,MT,ANM,WE,Combined TRACON& Tower with Radar,37,93,41,0,171,0,7,47,0,54,37,100,88,0,225,88,0,88,313
03/30/2023,BIL,MT,ANM,WE,Combined TRACON& Tower with Radar,42,86,23,0,151,0,2,5,0,7,42,88,28,0,158,0,0,0,158
03/31/2023,BIL,MT,ANM,WE,Combined TRACON& Tower with Radar,36,89,42,0,167,0,4,54,0,58,36,93,96,0,225,125,0,125,350
04/01/2023,BIL,MT,ANM,WE,Combined TRACON& Tower with Radar,28,61,15,0,104,0,10,68,0,78,28,71,83,0,182,62,0,62,244
04/02/2023,BIL,MT,ANM,WE,Combined TRACON& Tower with Radar,29,37,15,0,81,0,2,8,2,12,29,39,23,2,93,0,0,0,93
04/03/2023,BIL,MT,ANM,WE,Combined TRACON& Tower with Radar,32,67,25,0,124,0,10,65,1,76,32,77,90,1,200,113,0,113,313
04/04/2023,BIL,MT,ANM,WE,Combined TRACON& Tower with Radar,35,88,18,0,141,0,0,1,1,2,35,88,19,1,143,0,12,12,155
04/05/2023,BIL,MT,ANM,WE,Combined TRACON& Tower with Radar,38,92,46,3,179,0,11,83,4,98,38,103,129,7,277,152,0,152,429
04/06/2023,BIL,MT,ANM,WE,Combined TRACON& Tower with Radar,39,74,25,17,155,0,15,73,5,93,39,89,98,22,248,87,24,111,359
04/07/2023,BIL,MT,ANM,WE,Combined TRACON& Tower with Radar,34,82,22,1,139,0,15,79,2,96,34,97,101,3,235,117,0,117,352
04/08/2023,BIL,MT,ANM,WE,Combined TRACON& Tower with Radar,25,47,7,0,79,0,11,36,0,47,25,58,43,0,126,58,0,58,184
04/09/2023,BIL,MT,ANM,WE,Combined TRACON& Tower with Radar,28,35,7,0,70,0,12,24,0,36,28,47,31,0,106,62,0,62,168
04/10/2023,BIL,MT,ANM,WE,Combined TRACON& Tower with Radar,28,63,27,0,118,0,10,58,0,68,28,73,85,0,186,38,0,38,224
04/11/2023,BIL,MT,ANM,WE,Combined TRACON& Tower with Radar,38,92,27,3,160,0,6,43,4,53,38,98,70,7,213,62,0,62,275
04/12/2023,BIL,MT,ANM,WE,Combined TRACON& Tower with Radar,38,75,25,1,139,0,11,73,7,91,38,86,98,8,230,106,0,106,336
04/13/2023,BIL,MT,ANM,WE,Combined TRACON& Tower with Radar,38,77,14,2,131,0,0,1,0,1,38,77,15,2,132,0,0,0,132
04/14/2023,BIL,MT,ANM,WE,Combined TRACON& Tower with Radar,34,85,37,3,159,0,2,67,4,73,34,87,104,7,232,198,6,204,436
04/15/2023,BIL,MT,ANM,WE,Combined TRACON& Tower with Radar,22,48,16,0,86,0,2,70,3,75,22,50,86,3,161,132,0,132,293
04/16/2023,BIL,MT,ANM,WE,Combined TRACON& Tower with Radar,29,38,25,0,92,0,3,57,0,60,29,41,82,0,152,59,0,59,211
04/17/2023,BIL,MT,ANM,WE,Combined TRACON& Tower with Radar,29,68,28,3,128,0,10,112,1,123,29,78,140,4,251,169,8,177,428
04/18/2023,BIL,MT,ANM,WE,Combined TRACON& Tower with Radar,34,85,32,0,151,0,3,27,1,31,34,88,59,1,182,146,0,146,328
04/19/2023,BIL,MT,ANM,WE,Combined TRACON& Tower with Radar,34,85,20,0,139,0,0,4,2,6,34,85,24,2,145,0,0,0,145
04/20/2023,BIL,MT,ANM,WE,Combined TRACON& Tower with Radar,38,90,20,1,149,0,1,15,0,16,38,91,35,1,165,8,0,8,173
04/21/2023,BIL,MT,ANM,WE,Combined TRACON& Tower with Radar,34,89,18,0,141,0,1,45,2,48,34,90,63,2,189,192,0,192,381
04/22/2023,BIL,MT,ANM,WE,Combined TRACON& Tower with Radar,26,51,17,0,94,0,4,82,0,86,26,55,99,0,180,138,0,138,318
04/23/2023,BIL,MT,ANM,WE,Combined TRACON& Tower with Radar,27,31,22,0,80,0,8,60,0,68,27,39,82,0,148,18,0,18,166
04/24/2023,BIL,MT,ANM,WE,Combined TRACON& Tower with Radar,29,70,30,0,129,0,16,106,0,122,29,86,136,0,251,187,0,187,438
04/25/2023,BIL,MT,ANM,WE,Combined TRACON& Tower with Radar,36,95,36,0,167,0,33,96,2,131,36,128,132,2,298,216,0,216,514
04/26/2023,BIL,MT,ANM,WE,Combined TRACON& Tower with Radar,34,90,37,13,174,0,30,67,4,101,34,120,104,17,275,84,30,114,389
04/27/2023,BIL,MT,ANM,WE,Combined TRACON& Tower with Radar,38,65,16,0,119,0,6,12,1,19,38,71,28,1,138,24,2,26,164
04/28/2023,BIL,MT,ANM,WE,Combined TRACON& Tower with Radar,34,87,28,0,149,0,24,106,0,130,34,111,134,0,279,120,0,120,399
04/29/2023,BIL,MT,ANM,WE,Combined TRACON& Tower with Radar,26,59,24,4,113,0,23,68,0,91,26,82,92,4,204,54,0,54,258
04/30/2023,BIL,MT,ANM,WE,Combined TRACON& Tower with Radar,27,28,16,1,72,0,15,55,1,71,27,43,71,2,143,35,0,35,178
05/01/2023,BIL,MT,ANM,WE,Combined TRACON& Tower with Radar,29,67,19,28,143,0,27,92,0,119,29,94,111,28,262,36,3,39,301
05/02/2023,BIL,MT,ANM,WE,Combined TRACON& Tower with Radar,36,89,17,0,142,0,17,89,1,107,36,106,106,1,249,151,0,151,400
05/03/2023,BIL,MT,ANM,WE,Combined TRACON& Tower with Radar,36,83,12,7,138,0,7,62,20,89,36,90,74,27,227,99,25,124,351
05/04/2023,BIL,MT,ANM,WE,Combined TRACON& Tower with Radar,37,77,24,0,138,0,11,53,7,71,37,88,77,7,209,26,0,26,235
05/05/2023,BIL,MT,ANM,WE,Combined TRACON& Tower with Radar,34,74,13,3,124,0,7,28,6,41,34,81,41,9,165,14,0,14,179
05/06/2023,BIL,MT,ANM,WE,Combined TRACON& Tower with Radar,24,55,13,0,92,0,3,43,6,52,24,58,56,6,144,36,0,36,180
05/07/2023,BIL,MT,ANM,WE,Combined TRACON& Tower with Radar,25,37,10,0,72,0,2,19,0,21,25,39,29,0,93,0,0,0,93
05/08/2023,BIL,MT,ANM,WE,Combined TRACON& Tower with Radar,26,57,29,1,113,0,17,109,0,126,26,74,138,1,239,100,0,100,339
05/09/2023,BIL,MT,ANM,WE,Combined TRACON& Tower with Radar,36,67,27,0,130,0,15,107,1,123,36,82,134,1,253,119,0,119,372
05/10/2023,BIL,MT,ANM,WE,Combined TRACON& Tower with Radar,33,80,25,5,143,0,9,98,5,112,33,89,123,10,255,111,16,127,382
05/11/2023,BIL,MT,ANM,WE,Combined TRACON& Tower with Radar,37,85,26,0,148,0,2,12,0,14,37,87,38,0,162,0,0,0,162
05/12/2023,BIL,MT,ANM,WE,Combined TRACON& Tower with Radar,30,79,28,0,137,0,9,37,3,49,30,88,65,3,186,66,0,66,252
05/13/2023,BIL,MT,ANM,WE,Combined TRACON& Tower with Radar,23,69,25,0,117,0,1,3,0,4,23,70,28,0,121,0,0,0,121
05/14/2023,BIL,MT,ANM,WE,Combined TRACON& Tower with Radar,26,36,20,0,82,0,0,9,0,9,26,36,29,0,91,4,0,4,95
05/15/2023,BIL,MT,ANM,WE,Combined TRACON& Tower with Radar,27,59,37,14,137,0,23,128,0,151,27,82,165,14,288,141,10,151,439
05/16/2023,BIL,MT,ANM,WE,Combined TRACON& Tower with Radar,34,95,31,0,160,0,27,115,5,147,34,122,146,5,307,145,4,149,456
05/17/2023,BIL,MT,ANM,WE,Combined TRACON& Tower with Radar,33,75,40,3,151,0,2,13,0,15,33,77,53,3,166,28,0,28,194
05/18/2023,BIL,MT,ANM,WE,Combined TRACON& Tower with Radar,36,102,46,0,184,0,16,87,1,104,36,118,133,1,288,163,0,163,451
05/19/2023,BIL,MT,ANM,WE,Combined TRACON& Tower with Radar,35,89,43,0,167,0,7,93,0,100,35,96,136,0,267,109,0,109,376
05/20/2023,BIL,MT,ANM,WE,Combined TRACON& Tower with Radar,23,61,24,0,108,0,8,67,0,75,23,69,91,0,183,65,0,65,248
05/21/2023,BIL,MT,ANM,WE,Combined TRACON& Tower with Radar,26,29,27,0,82,0,7,56,0,63,26,36,83,0,145,10,0,10,155
05/22/2023,BIL,MT,ANM,WE,Combined TRACON& Tower with Radar,27,89,28,1,145,0,21,65,1,87,27,110,93,2,232,87,0,87,319
05/23/2023,BIL,MT,ANM,WE,Combined TRACON& Tower with Radar,37,100,41,0,178,0,27,90,1,118,37,127,131,1,296,75,0,75,371
05/24/2023,BIL,MT,ANM,WE,Combined TRACON& Tower with Radar,37,89,31,9,166,0,21,64,9,94,37,110,95,18,260,107,22,129,389
05/25/2023,BIL,MT,ANM,WE,Combined TRACON& Tower with Radar,38,88,37,16,179,0,10,67,0,77,38,98,104,16,256,131,12,143,399
05/26/2023,BIL,MT,ANM,WE,Combined TRACON& Tower with Radar,34,93,49,0,176,0,6,25,0,31,34,99,74,0,207,17,0,17,224
05/27/2023,BIL,MT,ANM,WE,Combined TRACON& Tower with Radar,23,56,21,0,100,0,7,30,0,37,23,63,51,0,137,25,0,25,162
05/28/2023,BIL,MT,ANM,WE,Combined TRACON& Tower with Radar,22,45,13,0,80,0,4,44,0,48,22,49,57,0,128,24,0,24,152
05/29/2023,BIL,MT,ANM,WE,Combined TRACON& Tower with Radar,23,45,19,0,87,0,14,47,1,62,23,59,66,1,149,67,0,67,216
05/30/2023,BIL,MT,ANM,WE,Combined TRACON& Tower with Radar,25,72,37,1,135,0,18,92,1,111,25,90,129,2,246,98,0,98,344
05/31/2023,BIL,MT,ANM,WE,Combined TRACON& Tower with Radar,37,85,41,0,163,0,21,67,2,90,37,106,108,2,253,142,0,142,395
06/01/2023,BIL,MT,ANM,WE,Combined TRACON& Tower with Radar,37,79,39,0,155,0,17,76,2,95,37,96,115,2,250,98,0,98,348
06/02/2023,BIL,MT,ANM,WE,Combined TRACON& Tower with Radar,40,78,23,0,141,0,0,1,0,1,40,78,24,0,142,6,0,6,148
06/03/2023,BIL,MT,ANM,WE,Combined TRACON& Tower with Radar,31,73,24,0,128,0,1,3,0,4,31,74,27,0,132,0,0,0,132
06/04/2023,BIL,MT,ANM,WE,Combined TRACON& Tower with Radar,30,43,20,0,93,0,0,12,0,12,30,43,32,0,105,6,0,6,111
06/05/2023,BIL,MT,ANM,WE,Combined TRACON& Tower with Radar,30,80,39,0,149,0,14,76,3,93,30,94,115,3,242,103,0,103,345
06/06/2023,BIL,MT,ANM,WE,Combined TRACON& Tower with Radar,40,88,25,0,153,0,18,83,0,101,40,106,108,0,254,140,0,140,394
06/07/2023,BIL,MT,ANM,WE,Combined TRACON& Tower with Radar,38,75,30,1,144,0,18,62,0,80,38,93,92,1,224,69,0,69,293
06/08/2023,BIL,MT,ANM,WE,Combined TRACON& Tower with Radar,42,99,30,2,173,0,17,57,7,81,42,116,87,9,254,44,0,44,298
06/09/2023,BIL,MT,ANM,WE,Combined TRACON& Tower with Radar,37,91,38,1,167,0,6,30,4,40,37,97,68,5,207,38,0,38,245
06/10/2023,BIL,MT,ANM,WE,Combined TRACON& Tower with Radar,29,67,14,3,113,0,2,12,7,21,29,69,26,10,134,47,4,51,185
06/11/2023,BIL,MT,ANM,WE,Combined TRACON& Tower with Radar,28,45,38,1,112,0,3,30,1,34,28,48,68,2,146,51,0,51,197
06/12/2023,BIL,MT,ANM,WE,Combined TRACON& Tower with Radar,30,70,47,2,149,0,19,86,0,105,30,89,133,2,254,128,0,128,382
06/13/2023,BIL,MT,ANM,WE,Combined TRACON& Tower with Radar,40,62,41,2,145,0,24,89,8,121,40,86,130,10,266,80,18,98,364
06/14/2023,BIL,MT,ANM,WE,Combined TRACON& Tower with Radar,40,87,27,0,154,0,12,48,1,61,40,99,75,1,215,65,0,65,280
06/15/2023,BIL,MT,ANM,WE,Combined TRACON& Tower with Radar,41,85,47,2,175,0,18,97,4,119,41,103,144,6,294,141,0,141,435
06/16/2023,BIL,MT,ANM,WE,Combined TRACON& Tower with Radar,39,82,31,0,152,0,13,104,1,118,39,95,135,1,270,111,0,111,381
06/17/2023,BIL,MT,ANM,WE,Combined TRACON& Tower with Radar,33,59,12,0,104,0,7,56,0,63,33,66,68,0,167,62,0,62,229
06/18/2023,BIL,MT,ANM,WE,Combined TRACON& Tower with Radar,30,36,16,0,82,0,6,18,0,24,30,42,34,0,106,4,0,4,110
06/19/2023,BIL,MT,ANM,WE,Combined TRACON& Tower with Radar,31,71,31,0,133,0,21,76,0,97,31,92,107,0,230,81,0,81,311
06/20/2023,BIL,MT,ANM,WE,Combined TRACON& Tower with Radar,41,94,35,0,170,0,17,33,2,52,41,111,68,2,222,30,0,30,252
06/21/2023,BIL,MT,ANM,WE,Combined TRACON& Tower with Radar,37,111,33,0,181,0,6,48,2,56,37,117,81,2,237,101,0,101,338
06/22/2023,BIL,MT,ANM,WE,Combined TRACON& Tower with Radar,38,73,42,0,153,0,15,124,2,141,38,88,166,2,294,193,0,193,487
06/23/2023,BIL,MT,ANM,WE,Combined TRACON& Tower with Radar,34,80,43,1,158,0,9,15,0,24,34,89,58,1,182,23,0,23,205
06/24/2023,BIL,MT,ANM,WE,Combined TRACON& Tower with Radar,31,56,11,0,98,0,1,11,0,12,31,57,22,0,110,8,0,8,118
06/25/2023,BIL,MT,ANM,WE,Combined TRACON& Tower with Radar,28,40,27,0,95,0,3,49,1,53,28,43,76,1,148,7,0,7,155
06/26/2023,BIL,MT,ANM,WE,Combined TRACON& Tower with Radar,28,72,34,4,138,0,19,70,4,93,28,91,104,8,231,53,16,69,300
06/27/2023,BIL,MT,ANM,WE,Combined TRACON& Tower with Radar,42,75,40,2,159,0,22,71,4,97,42,97,111,6,256,115,0,115,371
06/28/2023,BIL,MT,ANM,WE,Combined TRACON& Tower with Radar,34,61,45,2,142,0,18,58,0,76,34,79,103,2,218,36,0,36,254
06/29/2023,BIL,MT,ANM,WE,Combined TRACON& Tower with Radar,39,85,46,3,173,0,25,117,3,145,39,110,163,6,318,144,11,155,473
06/30/2023,BIL,MT,ANM,WE,Combined TRACON& Tower with Radar,35,83,44,0,162,0,29,79,1,109,35,112,123,1,271,66,0,66,337
07/01/2023,BIL,MT,ANM,WE,Combined TRACON& Tower with Radar,31,60,27,0,118,0,14,44,0,58,31,74,71,0,176,34,0,34,210
07/02/2023,BIL,MT,ANM,WE,Combined TRACON& Tower with Radar,28,43,25,0,96,0,15,49,0,64,28,58,74,0,160,19,0,19,179
07/03/2023,BIL,MT,ANM,WE,Combined TRACON& Tower with Radar,29,60,27,0,116,0,15,28,0,43,29,75,55,0,159,35,0,35,194
07/04/2023,BIL,MT,ANM,WE,Combined TRACON& Tower with Radar,26,39,17,0,82,0,4,8,2,14,26,43,25,2,96,0,0,0,96
07/05/2023,BIL,MT,ANM,WE,Combined TRACON& Tower with Radar,35,82,39,2,158,0,18,56,3,77,35,100,95,5,235,40,0,40,275
07/06/2023,BIL,MT,ANM,WE,Combined TRACON& Tower with Radar,40,76,29,0,145,0,13,63,1,77,40,89,92,1,222,60,0,60,282
07/07/2023,BIL,MT,ANM,WE,Combined TRACON& Tower with Radar,37,75,36,0,148,0,13,66,1,80,37,88,102,1,228,26,0,26,254
07/08/2023,BIL,MT,ANM,WE,Combined TRACON& Tower with Radar,30,51,11,0,92,0,6,60,0,66,30,57,71,0,158,68,0,68,226
07/09/2023,BIL,MT,ANM,WE,Combined TRACON& Tower with Radar,30,38,20,5,93,0,11,66,3,80,30,49,86,8,173,48,0,48,221
07/10/2023,BIL,MT,ANM,WE,Combined TRACON& Tower with Radar,33,66,18,0,117,0,14,63,1,78,33,80,81,1,195,81,0,81,276
07/11/2023,BIL,MT,ANM,WE,Combined TRACON& Tower with Radar,42,80,37,0,159,0,14,89,3,106,42,94,126,3,265,110,8,118,383
07/12/2023,BIL,MT,ANM,WE,Combined TRACON& Tower with Radar,40,81,43,1,165,0,21,77,5,103,40,102,120,6,268,64,0,64,332
07/13/2023,BIL,MT,ANM,WE,Combined TRACON& Tower with Radar,42,72,49,0,163,0,19,87,1,107,42,91,136,1,270,114,0,114,384
07/14/2023,BIL,MT,ANM,WE,Combined TRACON& Tower with Radar,37,89,47,0,173,0,13,92,4,109,37,102,139,4,282,142,6,148,430
07/15/2023,BIL,MT,ANM,WE,Combined TRACON& Tower with Radar,32,53,13,2,100,0,8,32,0,40,32,61,45,2,140,45,0,45,185
07/16/2023,BIL,MT,ANM,WE,Combined TRACON& Tower with Radar,34,48,25,2,109,0,4,40,0,44,34,52,65,2,153,10,0,10,163
07/17/2023,BIL,MT,ANM,WE,Combined TRACON& Tower with Radar,32,68,30,0,130,0,10,40,0,50,32,78,70,0,180,16,0,16,196
07/18/2023,BIL,MT,ANM,WE,Combined TRACON& Tower with Radar,40,68,45,7,160,0,19,108,7,134,40,87,153,14,294,114,20,134,428
07/19/2023,BIL,MT,ANM,WE,Combined TRACON& Tower with Radar,37,71,63,1,172,0,15,112,0,127,37,86,175,1,299,90,0,90,389
07/20/2023,BIL,MT,ANM,WE,Combined TRACON& Tower with Radar,42,74,38,4,158,0,16,105,0,121,42,90,143,4,279,118,0,118,397
07/21/2023,BIL,MT,ANM,WE,Combined TRACON& Tower with Radar,37,69,49,3,158,0,19,97,0,116,37,88,146,3,274,117,0,117,391
07/22/2023,BIL,MT,ANM,WE,Combined TRACON& Tower with Radar,34,52,24,0,110,0,14,59,0,73,34,66,83,0,183,33,0,33,216
07/23/2023,BIL,MT,ANM,WE,Combined TRACON& Tower with Radar,31,37,21,0,89,0,7,48,0,55,31,44,69,0,144,0,0,0,144
07/24/2023,BIL,MT,ANM,WE,Combined TRACON& Tower with Radar,36,81,28,4,149,0,18,59,4,81,36,99,87,8,230,45,14,59,289
07/25/2023,BIL,MT,ANM,WE,Combined TRACON& Tower with Radar,43,84,31,4,162,0,30,104,13,147,43,114,135,17,309,85,18,103,412
07/26/2023,BIL,MT,ANM,WE,Combined TRACON& Tower with Radar,39,85,32,1,157,0,27,108,5,140,39,112,140,6,297,90,0,90,387
07/27/2023,BIL,MT,ANM,WE,Combined TRACON& Tower with Radar,42,91,35,0,168,0,30,77,0,107,42,121,112,0,275,29,0,29,304
07/28/2023,BIL,MT,ANM,WE,Combined TRACON& Tower with Radar,37,94,26,0,157,0,22,72,0,94,37,116,98,0,251,20,0,20,271
07/29/2023,BIL,MT,ANM,WE,Combined TRACON& Tower with Radar,32,60,28,1,121,0,15,78,1,94,32,75,106,2,215,115,0,115,330
07/30/2023,BIL,MT,ANM,WE,Combined TRACON& Tower with Radar,32,36,22,0,90,0,8,62,2,72,32,44,84,2,162,26,0,26,188
07/31/2023,BIL,MT,ANM,WE,Combined TRACON& Tower with Radar,32,67,30,0,129,0,21,75,0,96,32,88,105,0,225,58,0,58,283
08/01/2023,BIL,MT,ANM,WE,Combined TRACON& Tower with Radar,43,80,35,2,160,0,21,64,4,89,43,101,99,6,249,18,0,18,267
08/02/2023,BIL,MT,ANM,WE,Combined TRACON& Tower with Radar,38,89,34,0,161,0,17,84,0,101,38,106,118,0,262,128,0,128,390
08/03/2023,BIL,MT,ANM,WE,Combined TRACON& Tower with Radar,42,89,38,0,169,0,17,52,2,71,42,106,90,2,240,80,0,80,320
08/04/2023,BIL,MT,ANM,WE,Combined TRACON& Tower with Radar,38,85,32,0,155,0,14,49,0,63,38,99,81,0,218,36,0,36,254
08/05/2023,BIL,MT,ANM,WE,Combined TRACON& Tower with Radar,35,54,16,1,106,0,5,79,1,85,35,59,95,2,191,34,0,34,225
08/06/2023,BIL,MT,ANM,WE,Combined TRACON& Tower with Radar,33,48,17,3,101,0,3,20,2,25,33,51,37,5,126,24,0,24,150
08/07/2023,BIL,MT,ANM,WE,Combined TRACON& Tower with Radar,33,66,37,2,138,0,10,65,0,75,33,76,102,2,213,41,0,41,254
08/08/2023,BIL,MT,ANM,WE,Combined TRACON& Tower with Radar,42,79,32,0,153,0,18,111,1,130,42,97,143,1,283,116,0,116,399
08/09/2023,BIL,MT,ANM,WE,Combined TRACON& Tower with Radar,39,86,33,0,158,0,14,139,8,161,39,100,172,8,319,113,6,119,438
08/10/2023,BIL,MT,ANM,WE,Combined TRACON& Tower with Radar,42,75,30,12,159,0,15,86,14,115,42,90,116,26,274,58,14,72,346
08/11/2023,BIL,MT,ANM,WE,Combined TRACON& Tower with Radar,37,72,13,2,124,0,12,62,3,77,37,84,75,5,201,22,2,24,225
08/12/2023,BIL,MT,ANM,WE,Combined TRACON& Tower with Radar,30,62,11,0,103,0,8,30,6,44,30,70,41,6,147,7,0,7,154
08/13/2023,BIL,MT,ANM,WE,Combined TRACON& Tower with Radar,29,38,9,3,79,0,4,50,7,61,29,42,59,10,140,4,0,4,144
08/14/2023,BIL,MT,ANM,WE,Combined TRACON& Tower with Radar,34,72,26,7,139,0,19,115,1,135,34,91,141,8,274,92,0,92,366
08/15/2023,BIL,MT,ANM,WE,Combined TRACON& Tower with Radar,37,84,36,1,158,0,26,110,1,137,37,110,146,2,295,64,0,64,359
08/16/2023,BIL,MT,ANM,WE,Combined TRACON& Tower with Radar,36,85,38,0,159,0,33,110,0,143,36,118,148,0,302,78,0,78,380
08/17/2023,BIL,MT,ANM,WE,Combined TRACON& Tower with Radar,38,71,28,1,138,0,15,127,5,147,38,86,155,6,285,115,4,119,404
08/18/2023,BIL,MT,ANM,WE,Combined TRACON& Tower with Radar,36,83,22,0,141,0,20,104,0,124,36,103,126,0,265,43,0,43,308
08/19/2023,BIL,MT,ANM,WE,Combined TRACON& Tower with Radar,30,72,21,6,129,0,7,73,1,81,30,79,94,7,210,58,10,68,278
08/20/2023,BIL,MT,ANM,WE,Combined TRACON& Tower with Radar,33,47,51,0,131,0,0,3,0,3,33,47,54,0,134,0,0,0,134
08/21/2023,BIL,MT,ANM,WE,Combined TRACON& Tower with Radar,32,68,40,0,140,0,9,57,0,66,32,77,97,0,206,20,0,20,226
08/22/2023,BIL,MT,ANM,WE,Combined TRACON& Tower with Radar,36,85,44,3,168,0,20,88,4,112,36,105,132,7,280,109,2,111,391
08/23/2023,BIL,MT,ANM,WE,Combined TRACON& Tower with Radar,36,75,36,0,147,0,18,153,3,174,36,93,189,3,321,177,0,177,498
08/24/2023,BIL,MT,ANM,WE,Combined TRACON& Tower with Radar,36,78,42,7,163,0,23,113,4,140,36,101,155,11,303,152,14,166,469
08/25/2023,BIL,MT,ANM,WE,Combined TRACON& Tower with Radar,36,86,21,0,143,0,11,109,6,126,36,97,130,6,269,107,0,107,376
08/26/2023,BIL,MT,ANM,WE,Combined TRACON& Tower with Radar,32,57,29,0,118,0,13,79,5,97,32,70,108,5,215,104,0,104,319
08/27/2023,BIL,MT,ANM,WE,Combined TRACON& Tower with Radar,30,43,22,4,99,0,4,64,0,68,30,47,86,4,167,47,0,47,214
08/28/2023,BIL,MT,ANM,WE,Combined TRACON& Tower with Radar,29,70,40,0,139,0,13,96,0,109,29,83,136,0,248,137,0,137,385
08/29/2023,BIL,MT,ANM,WE,Combined TRACON& Tower with Radar,37,87,45,5,174,2,14,125,8,149,39,101,170,13,323,172,17,189,512
08/30/2023,BIL,MT,ANM,WE,Combined TRACON& Tower with Radar,36,75,35,2,148,0,15,77,4,96,36,90,112,6,244,111,4,115,359
08/31/2023,BIL,MT,ANM,WE,Combined TRACON& Tower with Radar,36,81,42,5,164,0,17,87,5,109,36,98,129,10,273,53,10,63,336
