01/01/2000,BIS,ND,AGL,CE,Towers with Radar,1,8,6,0,15,4,2,4,0,10,5,10,10,0,25,0,0,0,25
01/02/2000,BIS,ND,AGL,CE,Towers with Radar,2,11,8,0,21,3,5,1,1,10,5,16,9,1,31,12,0,12,43
01/03/2000,BIS,ND,AGL,CE,Towers with Radar,8,34,28,0,70,0,1,4,0,5,8,35,32,0,75,12,2,14,89
01/04/2000,BIS,ND,AGL,CE,Towers with Radar,9,36,29,0,74,0,8,27,0,35,9,44,56,0,109,30,0,30,139
01/05/2000,BIS,ND,AGL,CE,Towers with Radar,9,41,33,2,85,0,3,23,0,26,9,44,56,2,111,16,8,24,135
01/06/2000,BIS,ND,AGL,CE,Towers with Radar,9,36,29,2,76,0,4,23,0,27,9,40,52,2,103,16,14,30,133
01/07/2000,BIS,ND,AGL,CE,Towers with Radar,8,31,25,3,67,1,14,26,1,42,9,45,51,4,109,28,0,28,137
01/08/2000,BIS,ND,AGL,CE,Towers with Radar,5,19,16,1,41,4,1,34,6,45,9,20,50,7,86,38,4,42,128
01/09/2000,BIS,ND,AGL,CE,Towers with Radar,4,12,10,0,26,5,6,11,0,22,9,18,21,0,48,34,0,34,82
01/10/2000,BIS,ND,AGL,CE,Towers with Radar,8,29,25,0,62,0,0,20,0,20,8,29,45,0,82,2,4,6,88
01/11/2000,BIS,ND,AGL,CE,Towers with Radar,10,38,29,4,81,1,7,36,6,50,11,45,65,10,131,4,4,8,139
01/12/2000,BIS,ND,AGL,CE,Towers with Radar,9,42,32,5,88,0,14,10,1,25,9,56,42,6,113,22,6,28,141
01/13/2000,BIS,ND,AGL,CE,Towers with Radar,8,46,41,5,100,0,0,27,0,27,8,46,68,5,127,0,0,0,127
01/14/2000,BIS,ND,AGL,CE,Towers with Radar,8,43,34,4,89,0,3,34,2,39,8,46,68,6,128,42,2,44,172
01/15/2000,BIS,ND,AGL,CE,Towers with Radar,5,20,15,2,42,3,5,8,3,19,8,25,23,5,61,28,0,28,89
01/16/2000,BIS,ND,AGL,CE,Towers with Radar,5,16,12,2,35,4,6,14,0,24,9,22,26,2,59,16,0,16,75
01/17/2000,BIS,ND,AGL,CE,Towers with Radar,5,27,23,3,58,0,5,38,4,47,5,32,61,7,105,34,10,44,149
01/18/2000,BIS,ND,AGL,CE,Towers with Radar,10,43,36,5,94,0,3,68,1,72,10,46,104,6,166,44,2,46,212
01/19/2000,BIS,ND,AGL,CE,Towers with Radar,7,42,35,5,89,0,1,32,4,37,7,43,67,9,126,30,4,34,160
01/20/2000,BIS,ND,AGL,CE,Towers with Radar,10,45,37,5,97,0,0,26,0,26,10,45,63,5,123,28,6,34,157
01/21/2000,BIS,ND,AGL,CE,Towers with Radar,9,39,32,4,84,0,0,18,10,28,9,39,50,14,112,68,32,100,212
01/22/2000,BIS,ND,AGL,CE,Towers with Radar,4,13,10,1,28,3,4,7,2,16,7,17,17,3,44,2,8,10,54
01/23/2000,BIS,ND,AGL,CE,Towers with Radar,4,14,11,1,30,7,1,10,0,18,11,15,21,1,48,42,0,42,90
01/24/2000,BIS,ND,AGL,CE,Towers with Radar,7,36,30,4,77,0,3,19,5,27,7,39,49,9,104,16,0,16,120
01/25/2000,BIS,ND,AGL,CE,Towers with Radar,9,36,30,2,77,0,7,41,0,48,9,43,71,2,125,4,0,4,129
01/26/2000,BIS,ND,AGL,CE,Towers with Radar,8,39,37,5,89,0,0,33,7,40,8,39,70,12,129,52,6,58,187
01/27/2000,BIS,ND,AGL,CE,Towers with Radar,9,36,30,4,79,0,9,22,6,37,9,45,52,10,116,2,24,26,142
01/28/2000,BIS,ND,AGL,CE,Towers with Radar,9,35,28,3,75,0,12,3,4,19,9,47,31,7,94,10,0,10,104
01/29/2000,BIS,ND,AGL,CE,Towers with Radar,5,19,15,2,41,3,3,6,0,12,8,22,21,2,53,2,0,2,55
01/30/2000,BIS,ND,AGL,CE,Towers with Radar,4,14,11,0,29,6,1,4,0,11,10,15,15,0,40,6,0,6,46
01/31/2000,BIS,ND,AGL,CE,Towers with Radar,7,30,28,3,68,0,0,32,2,34,7,30,60,5,102,36,32,68,170
02/01/2000,BIS,ND,AGL,CE,Towers with Radar,9,38,36,5,88,0,0,19,3,22,9,38,55,8,110,4,22,26,136
02/02/2000,BIS,ND,AGL,CE,Towers with Radar,9,35,28,4,76,0,4,36,6,46,9,39,64,10,122,44,0,44,166
02/03/2000,BIS,ND,AGL,CE,Towers with Radar,9,39,31,4,83,0,2,11,4,17,9,41,42,8,100,0,2,2,102
02/04/2000,BIS,ND,AGL,CE,Towers with Radar,9,37,29,3,78,0,6,39,1,46,9,43,68,4,124,50,0,50,174
02/05/2000,BIS,ND,AGL,CE,Towers with Radar,4,17,13,2,36,4,4,29,3,40,8,21,42,5,76,62,0,62,138
02/06/2000,BIS,ND,AGL,CE,Towers with Radar,3,14,10,1,28,7,2,34,1,44,10,16,44,2,72,74,16,90,162
02/07/2000,BIS,ND,AGL,CE,Towers with Radar,7,30,25,3,65,0,1,36,3,40,7,31,61,6,105,48,10,58,163
02/08/2000,BIS,ND,AGL,CE,Towers with Radar,9,35,29,3,76,0,11,61,7,79,9,46,90,10,155,24,4,28,183
02/09/2000,BIS,ND,AGL,CE,Towers with Radar,11,38,33,3,85,0,0,15,7,22,11,38,48,10,107,20,10,30,137
02/10/2000,BIS,ND,AGL,CE,Towers with Radar,10,37,31,3,81,0,6,22,3,31,10,43,53,6,112,10,0,10,122
02/11/2000,BIS,ND,AGL,CE,Towers with Radar,10,40,34,3,87,0,2,38,6,46,10,42,72,9,133,42,16,58,191
02/12/2000,BIS,ND,AGL,CE,Towers with Radar,5,19,16,1,41,2,4,11,9,26,7,23,27,10,67,38,12,50,117
02/13/2000,BIS,ND,AGL,CE,Towers with Radar,4,13,11,2,30,5,1,16,4,26,9,14,27,6,56,48,12,60,116
02/14/2000,BIS,ND,AGL,CE,Towers with Radar,8,32,27,3,70,0,4,51,5,60,8,36,78,8,130,18,4,22,152
02/15/2000,BIS,ND,AGL,CE,Towers with Radar,10,43,36,4,93,0,2,16,0,18,10,45,52,4,111,4,0,4,115
02/16/2000,BIS,ND,AGL,CE,Towers with Radar,9,38,32,3,82,0,2,25,0,27,9,40,57,3,109,2,8,10,119
02/17/2000,BIS,ND,AGL,CE,Towers with Radar,9,45,39,4,97,0,0,13,5,18,9,45,52,9,115,0,6,6,121
02/18/2000,BIS,ND,AGL,CE,Towers with Radar,10,35,29,3,77,1,7,46,2,56,11,42,75,5,133,32,2,34,167
02/19/2000,BIS,ND,AGL,CE,Towers with Radar,6,22,20,2,50,3,0,14,2,19,9,22,34,4,69,76,4,80,149
02/20/2000,BIS,ND,AGL,CE,Towers with Radar,5,14,13,2,34,5,0,40,3,48,10,14,53,5,82,70,6,76,158
02/21/2000,BIS,ND,AGL,CE,Towers with Radar,9,30,26,3,68,0,6,27,1,34,9,36,53,4,102,40,0,40,142
02/22/2000,BIS,ND,AGL,CE,Towers with Radar,10,42,35,3,90,0,4,43,17,64,10,46,78,20,154,68,8,76,230
02/23/2000,BIS,ND,AGL,CE,Towers with Radar,7,31,35,3,76,0,0,41,9,50,7,31,76,12,126,38,10,48,174
02/24/2000,BIS,ND,AGL,CE,Towers with Radar,7,33,27,0,67,0,0,3,0,3,7,33,30,0,70,0,0,0,70
02/25/2000,BIS,ND,AGL,CE,Towers with Radar,8,28,12,0,48,2,13,0,0,15,10,41,12,0,63,0,0,0,63
02/26/2000,BIS,ND,AGL,CE,Towers with Radar,4,14,11,2,31,4,6,7,0,17,8,20,18,2,48,2,0,2,50
02/27/2000,BIS,ND,AGL,CE,Towers with Radar,5,17,13,1,36,3,0,36,0,39,8,17,49,1,75,56,0,56,131
02/28/2000,BIS,ND,AGL,CE,Towers with Radar,9,30,23,2,64,0,4,58,11,73,9,34,81,13,137,24,2,26,163
02/29/2000,BIS,ND,AGL,CE,Towers with Radar,9,40,32,3,84,0,6,34,5,45,9,46,66,8,129,34,4,38,167
03/01/2000,BIS,ND,AGL,CE,Towers with Radar,10,38,29,5,82,0,2,51,3,56,10,40,80,8,138,46,2,48,186
03/02/2000,BIS,ND,AGL,CE,Towers with Radar,9,38,28,5,80,4,4,38,4,50,13,42,66,9,130,28,2,30,160
03/03/2000,BIS,ND,AGL,CE,Towers with Radar,10,37,28,5,80,0,3,29,8,40,10,40,57,13,120,20,0,20,140
03/04/2000,BIS,ND,AGL,CE,Towers with Radar,5,19,17,2,43,4,0,46,16,66,9,19,63,18,109,26,20,46,155
03/05/2000,BIS,ND,AGL,CE,Towers with Radar,3,15,10,2,30,6,0,47,9,62,9,15,57,11,92,36,18,54,146
03/06/2000,BIS,ND,AGL,CE,Towers with Radar,9,32,24,3,68,0,1,39,0,40,9,33,63,3,108,6,4,10,118
03/07/2000,BIS,ND,AGL,CE,Towers with Radar,9,39,33,4,85,0,0,14,4,18,9,39,47,8,103,68,20,88,191
03/08/2000,BIS,ND,AGL,CE,Towers with Radar,4,22,9,1,36,0,11,0,0,11,4,33,9,1,47,4,2,6,53
03/09/2000,BIS,ND,AGL,CE,Towers with Radar,8,43,33,4,88,0,0,28,0,28,8,43,61,4,116,20,2,22,138
03/10/2000,BIS,ND,AGL,CE,Towers with Radar,9,35,26,4,74,0,7,32,2,41,9,42,58,6,115,36,8,44,159
03/11/2000,BIS,ND,AGL,CE,Towers with Radar,4,17,13,2,36,6,2,4,2,14,10,19,17,4,50,38,0,38,88
03/12/2000,BIS,ND,AGL,CE,Towers with Radar,4,12,9,1,26,5,2,7,1,15,9,14,16,2,41,0,4,4,45
03/13/2000,BIS,ND,AGL,CE,Towers with Radar,8,31,29,3,71,0,0,44,12,56,8,31,73,15,127,34,4,38,165
03/14/2000,BIS,ND,AGL,CE,Towers with Radar,9,34,28,4,75,0,2,9,3,14,9,36,37,7,89,8,12,20,109
03/15/2000,BIS,ND,AGL,CE,Towers with Radar,10,41,33,4,88,0,0,49,16,65,10,41,82,20,153,8,10,18,171
03/16/2000,BIS,ND,AGL,CE,Towers with Radar,9,43,40,6,98,0,0,60,12,72,9,43,100,18,170,46,42,88,258
03/17/2000,BIS,ND,AGL,CE,Towers with Radar,9,36,34,4,83,0,0,30,17,47,9,36,64,21,130,26,4,30,160
03/18/2000,BIS,ND,AGL,CE,Towers with Radar,7,22,20,2,51,2,0,64,17,83,9,22,84,19,134,50,44,94,228
03/19/2000,BIS,ND,AGL,CE,Towers with Radar,5,15,13,2,35,4,0,13,13,30,9,15,26,15,65,0,28,28,93
03/20/2000,BIS,ND,AGL,CE,Towers with Radar,9,26,26,3,64,0,0,6,4,10,9,26,32,7,74,4,2,6,80
03/21/2000,BIS,ND,AGL,CE,Towers with Radar,9,43,34,4,90,0,6,51,19,76,9,49,85,23,166,20,6,26,192
03/22/2000,BIS,ND,AGL,CE,Towers with Radar,9,32,26,4,71,0,9,55,6,70,9,41,81,10,141,22,0,22,163
03/23/2000,BIS,ND,AGL,CE,Towers with Radar,7,23,19,3,52,4,21,37,5,67,11,44,56,8,119,14,0,14,133
03/24/2000,BIS,ND,AGL,CE,Towers with Radar,9,35,28,4,76,0,9,14,0,23,9,44,42,4,99,8,0,8,107
03/25/2000,BIS,ND,AGL,CE,Towers with Radar,4,13,11,0,28,4,7,32,0,43,8,20,43,0,71,22,0,22,93
03/26/2000,BIS,ND,AGL,CE,Towers with Radar,4,12,10,0,26,6,0,15,0,21,10,12,25,0,47,2,0,2,49
03/27/2000,BIS,ND,AGL,CE,Towers with Radar,7,29,24,3,63,0,2,48,0,50,7,31,72,3,113,6,0,6,119
03/28/2000,BIS,ND,AGL,CE,Towers with Radar,9,39,32,4,84,0,3,45,7,55,9,42,77,11,139,10,8,18,157
03/29/2000,BIS,ND,AGL,CE,Towers with Radar,8,40,32,4,84,0,5,41,10,56,8,45,73,14,140,26,0,26,166
03/30/2000,BIS,ND,AGL,CE,Towers with Radar,9,37,28,3,77,0,8,41,5,54,9,45,69,8,131,8,0,8,139
03/31/2000,BIS,ND,AGL,CE,Towers with Radar,9,40,30,4,83,0,3,35,5,43,9,43,65,9,126,20,2,22,148
04/01/2000,BIS,ND,AGL,CE,Towers with Radar,4,16,13,0,33,3,6,22,0,31,7,22,35,0,64,12,0,12,76
04/02/2000,BIS,ND,AGL,CE,Towers with Radar,2,12,6,0,20,7,1,0,2,10,9,13,6,2,30,2,0,2,32
04/03/2000,BIS,ND,AGL,CE,Towers with Radar,5,24,21,1,51,2,9,17,0,28,7,33,38,1,79,24,0,24,103
04/04/2000,BIS,ND,AGL,CE,Towers with Radar,7,34,29,3,73,0,9,42,1,52,7,43,71,4,125,8,4,12,137
04/05/2000,BIS,ND,AGL,CE,Towers with Radar,7,32,28,4,71,2,0,16,0,18,9,32,44,4,89,2,0,2,91
04/06/2000,BIS,ND,AGL,CE,Towers with Radar,9,40,37,2,88,0,1,44,0,45,9,41,81,2,133,12,0,12,145
04/07/2000,BIS,ND,AGL,CE,Towers with Radar,9,38,35,1,83,0,6,27,2,35,9,44,62,3,118,72,0,72,190
04/08/2000,BIS,ND,AGL,CE,Towers with Radar,5,14,14,1,34,5,8,23,3,39,10,22,37,4,73,34,0,34,107
04/09/2000,BIS,ND,AGL,CE,Towers with Radar,4,13,13,1,31,5,3,31,4,43,9,16,44,5,74,30,4,34,108
04/10/2000,BIS,ND,AGL,CE,Towers with Radar,10,34,35,3,82,0,0,35,1,36,10,34,70,4,118,0,0,0,118
04/11/2000,BIS,ND,AGL,CE,Towers with Radar,8,42,38,3,91,0,0,41,4,45,8,42,79,7,136,2,12,14,150
04/12/2000,BIS,ND,AGL,CE,Towers with Radar,8,41,40,3,92,0,0,54,4,58,8,41,94,7,150,10,0,10,160
04/13/2000,BIS,ND,AGL,CE,Towers with Radar,8,42,38,4,92,0,0,34,4,38,8,42,72,8,130,42,16,58,188
04/14/2000,BIS,ND,AGL,CE,Towers with Radar,7,35,32,3,77,0,0,15,7,22,7,35,47,10,99,40,2,42,141
04/15/2000,BIS,ND,AGL,CE,Towers with Radar,7,20,21,1,49,2,0,28,6,36,9,20,49,7,85,28,2,30,115
04/16/2000,BIS,ND,AGL,CE,Towers with Radar,5,15,14,2,36,4,2,27,14,47,9,17,41,16,83,58,0,58,141
04/17/2000,BIS,ND,AGL,CE,Towers with Radar,7,39,43,3,92,0,0,32,7,39,7,39,75,10,131,52,8,60,191
04/18/2000,BIS,ND,AGL,CE,Towers with Radar,8,40,37,3,88,0,2,29,0,31,8,42,66,3,119,44,0,44,163
04/19/2000,BIS,ND,AGL,CE,Towers with Radar,9,42,38,3,92,0,0,36,9,45,9,42,74,12,137,22,2,24,161
04/20/2000,BIS,ND,AGL,CE,Towers with Radar,9,43,40,3,95,0,0,57,3,60,9,43,97,6,155,68,8,76,231
04/21/2000,BIS,ND,AGL,CE,Towers with Radar,8,31,29,3,71,0,6,32,2,40,8,37,61,5,111,78,0,78,189
04/22/2000,BIS,ND,AGL,CE,Towers with Radar,4,15,12,2,33,4,7,38,24,73,8,22,50,26,106,0,0,0,106
04/23/2000,BIS,ND,AGL,CE,Towers with Radar,4,12,9,0,25,4,4,26,6,40,8,16,35,6,65,0,0,0,65
04/24/2000,BIS,ND,AGL,CE,Towers with Radar,8,31,27,2,68,0,0,25,0,25,8,31,52,2,93,20,2,22,115
04/25/2000,BIS,ND,AGL,CE,Towers with Radar,9,40,36,3,88,0,0,46,5,51,9,40,82,8,139,32,14,46,185
04/26/2000,BIS,ND,AGL,CE,Towers with Radar,9,37,32,3,81,0,1,31,6,38,9,38,63,9,119,44,0,44,163
04/27/2000,BIS,ND,AGL,CE,Towers with Radar,8,42,36,3,89,0,19,50,18,87,8,61,86,21,176,22,4,26,202
04/28/2000,BIS,ND,AGL,CE,Towers with Radar,9,36,31,3,79,0,5,60,3,68,9,41,91,6,147,52,0,52,199
04/29/2000,BIS,ND,AGL,CE,Towers with Radar,6,19,16,0,41,3,12,35,0,50,9,31,51,0,91,42,0,42,133
04/30/2000,BIS,ND,AGL,CE,Towers with Radar,4,13,11,1,29,5,0,24,0,29,9,13,35,1,58,62,0,62,120
05/01/2000,BIS,ND,AGL,CE,Towers with Radar,7,27,27,3,64,0,7,69,2,78,7,34,96,5,142,50,0,50,192
05/02/2000,BIS,ND,AGL,CE,Towers with Radar,8,37,35,3,83,2,3,30,1,36,10,40,65,4,119,28,24,52,171
05/03/2000,BIS,ND,AGL,CE,Towers with Radar,9,36,34,3,82,0,21,40,10,71,9,57,74,13,153,6,14,20,173
05/04/2000,BIS,ND,AGL,CE,Towers with Radar,8,35,31,3,77,3,2,28,0,33,11,37,59,3,110,56,2,58,168
05/05/2000,BIS,ND,AGL,CE,Towers with Radar,8,34,30,3,75,1,5,40,2,48,9,39,70,5,123,64,0,64,187
05/06/2000,BIS,ND,AGL,CE,Towers with Radar,4,22,20,1,47,5,0,18,17,40,9,22,38,18,87,60,2,62,149
05/07/2000,BIS,ND,AGL,CE,Towers with Radar,3,14,15,1,33,5,0,21,6,32,8,14,36,7,65,42,0,42,107
05/08/2000,BIS,ND,AGL,CE,Towers with Radar,8,34,35,3,80,0,0,54,4,58,8,34,89,7,138,20,0,20,158
05/09/2000,BIS,ND,AGL,CE,Towers with Radar,9,40,40,4,93,0,0,44,0,44,9,40,84,4,137,24,18,42,179
05/10/2000,BIS,ND,AGL,CE,Towers with Radar,8,36,38,3,85,0,0,38,10,48,8,36,76,13,133,8,10,18,151
05/11/2000,BIS,ND,AGL,CE,Towers with Radar,10,40,40,4,94,0,0,24,2,26,10,40,64,6,120,0,0,0,120
05/12/2000,BIS,ND,AGL,CE,Towers with Radar,10,34,32,4,80,0,16,16,0,32,10,50,48,4,112,14,2,16,128
05/13/2000,BIS,ND,AGL,CE,Towers with Radar,5,15,15,2,37,4,5,34,2,45,9,20,49,4,82,66,0,66,148
05/14/2000,BIS,ND,AGL,CE,Towers with Radar,4,12,11,0,27,6,4,54,0,64,10,16,65,0,91,44,0,44,135
05/15/2000,BIS,ND,AGL,CE,Towers with Radar,7,32,31,2,72,0,0,25,6,31,7,32,56,8,103,10,0,10,113
05/16/2000,BIS,ND,AGL,CE,Towers with Radar,9,43,42,4,98,0,1,51,0,52,9,44,93,4,150,42,4,46,196
05/17/2000,BIS,ND,AGL,CE,Towers with Radar,9,38,37,2,86,0,0,39,6,45,9,38,76,8,131,30,4,34,165
05/18/2000,BIS,ND,AGL,CE,Towers with Radar,9,35,34,3,81,0,9,58,5,72,9,44,92,8,153,48,2,50,203
05/19/2000,BIS,ND,AGL,CE,Towers with Radar,8,33,32,3,76,0,5,34,1,40,8,38,66,4,116,110,0,110,226
05/20/2000,BIS,ND,AGL,CE,Towers with Radar,5,15,15,2,37,5,5,22,0,32,10,20,37,2,69,0,0,0,69
05/21/2000,BIS,ND,AGL,CE,Towers with Radar,5,15,16,1,37,5,0,22,5,32,10,15,38,6,69,12,0,12,81
05/22/2000,BIS,ND,AGL,CE,Towers with Radar,8,32,31,3,74,0,0,55,6,61,8,32,86,9,135,24,0,24,159
05/23/2000,BIS,ND,AGL,CE,Towers with Radar,8,43,43,5,99,0,0,36,12,48,8,43,79,17,147,20,22,42,189
05/24/2000,BIS,ND,AGL,CE,Towers with Radar,9,37,36,4,86,0,4,40,6,50,9,41,76,10,136,42,0,42,178
05/25/2000,BIS,ND,AGL,CE,Towers with Radar,9,45,48,5,107,0,0,75,17,92,9,45,123,22,199,70,0,70,269
05/26/2000,BIS,ND,AGL,CE,Towers with Radar,10,35,34,3,82,0,5,29,8,42,10,40,63,11,124,0,0,0,124
05/27/2000,BIS,ND,AGL,CE,Towers with Radar,5,15,16,2,38,3,5,46,4,58,8,20,62,6,96,36,0,36,132
05/28/2000,BIS,ND,AGL,CE,Towers with Radar,4,11,11,0,26,4,4,20,0,28,8,15,31,0,54,10,0,10,64
05/29/2000,BIS,ND,AGL,CE,Towers with Radar,4,12,12,2,30,3,1,9,9,22,7,13,21,11,52,0,0,0,52
05/30/2000,BIS,ND,AGL,CE,Towers with Radar,8,36,35,3,82,0,4,21,3,28,8,40,56,6,110,42,26,68,178
05/31/2000,BIS,ND,AGL,CE,Towers with Radar,10,39,38,4,91,0,4,36,4,44,10,43,74,8,135,26,14,40,175
06/01/2000,BIS,ND,AGL,CE,Towers with Radar,9,35,35,5,84,0,5,28,3,36,9,40,63,8,120,32,2,34,154
06/02/2000,BIS,ND,AGL,CE,Towers with Radar,8,37,37,4,86,0,9,43,2,54,8,46,80,6,140,50,0,50,190
06/03/2000,BIS,ND,AGL,CE,Towers with Radar,5,21,20,2,48,5,6,17,7,35,10,27,37,9,83,44,0,44,127
06/04/2000,BIS,ND,AGL,CE,Towers with Radar,5,17,19,2,43,4,0,45,3,52,9,17,64,5,95,44,0,44,139
06/05/2000,BIS,ND,AGL,CE,Towers with Radar,7,26,25,2,60,1,4,26,1,32,8,30,51,3,92,14,2,16,108
06/06/2000,BIS,ND,AGL,CE,Towers with Radar,9,36,40,4,89,0,0,76,3,79,9,36,116,7,168,14,2,16,184
06/07/2000,BIS,ND,AGL,CE,Towers with Radar,11,34,37,4,86,1,0,56,2,59,12,34,93,6,145,36,4,40,185
06/08/2000,BIS,ND,AGL,CE,Towers with Radar,9,38,39,5,91,0,1,40,3,44,9,39,79,8,135,24,6,30,165
06/09/2000,BIS,ND,AGL,CE,Towers with Radar,8,28,28,4,68,2,13,32,1,48,10,41,60,5,116,62,0,62,178
06/10/2000,BIS,ND,AGL,CE,Towers with Radar,5,17,17,2,41,4,6,20,9,39,9,23,37,11,80,64,0,64,144
06/11/2000,BIS,ND,AGL,CE,Towers with Radar,4,13,14,1,32,4,2,10,3,19,8,15,24,4,51,0,0,0,51
06/12/2000,BIS,ND,AGL,CE,Towers with Radar,7,30,31,3,71,0,5,47,0,52,7,35,78,3,123,42,0,42,165
06/13/2000,BIS,ND,AGL,CE,Towers with Radar,13,39,46,4,102,0,0,13,0,13,13,39,59,4,115,2,0,2,117
06/14/2000,BIS,ND,AGL,CE,Towers with Radar,9,49,52,6,116,0,0,29,3,32,9,49,81,9,148,68,2,70,218
06/15/2000,BIS,ND,AGL,CE,Towers with Radar,11,42,48,5,106,0,0,28,0,28,11,42,76,5,134,4,0,4,138
06/16/2000,BIS,ND,AGL,CE,Towers with Radar,8,41,40,1,90,0,1,42,0,43,8,42,82,1,133,106,0,106,239
06/17/2000,BIS,ND,AGL,CE,Towers with Radar,8,21,26,3,58,1,0,36,5,42,9,21,62,8,100,26,0,26,126
06/18/2000,BIS,ND,AGL,CE,Towers with Radar,4,14,13,2,33,6,2,56,0,64,10,16,69,2,97,92,4,96,193
06/19/2000,BIS,ND,AGL,CE,Towers with Radar,7,28,27,3,65,0,8,49,1,58,7,36,76,4,123,10,2,12,135
06/20/2000,BIS,ND,AGL,CE,Towers with Radar,8,43,44,5,100,0,0,22,0,22,8,43,66,5,122,24,2,26,148
06/21/2000,BIS,ND,AGL,CE,Towers with Radar,9,36,36,3,84,0,2,25,0,27,9,38,61,3,111,0,0,0,111
06/22/2000,BIS,ND,AGL,CE,Towers with Radar,9,38,37,2,86,0,7,59,0,66,9,45,96,2,152,48,0,48,200
06/23/2000,BIS,ND,AGL,CE,Towers with Radar,8,38,38,1,85,0,4,43,0,47,8,42,81,1,132,90,0,90,222
06/24/2000,BIS,ND,AGL,CE,Towers with Radar,4,14,13,0,31,6,6,33,0,45,10,20,46,0,76,64,0,64,140
06/25/2000,BIS,ND,AGL,CE,Towers with Radar,4,14,13,0,31,3,1,14,0,18,7,15,27,0,49,40,0,40,89
06/26/2000,BIS,ND,AGL,CE,Towers with Radar,7,32,31,3,73,0,3,52,2,57,7,35,83,5,130,28,0,28,158
06/27/2000,BIS,ND,AGL,CE,Towers with Radar,9,40,49,4,102,0,0,51,0,51,9,40,100,4,153,48,10,58,211
06/28/2000,BIS,ND,AGL,CE,Towers with Radar,9,36,47,2,94,0,4,59,0,63,9,40,106,2,157,34,2,36,193
06/29/2000,BIS,ND,AGL,CE,Towers with Radar,8,39,39,4,90,0,3,67,0,70,8,42,106,4,160,72,0,72,232
06/30/2000,BIS,ND,AGL,CE,Towers with Radar,7,32,31,2,72,0,6,41,0,47,7,38,72,2,119,104,0,104,223
07/01/2000,BIS,ND,AGL,CE,Towers with Radar,4,17,15,0,36,5,2,32,0,39,9,19,47,0,75,68,0,68,143
07/02/2000,BIS,ND,AGL,CE,Towers with Radar,6,12,6,0,24,1,0,9,0,10,7,12,15,0,34,0,0,0,34
07/03/2000,BIS,ND,AGL,CE,Towers with Radar,7,38,14,0,59,1,1,16,0,18,8,39,30,0,77,4,0,4,81
07/04/2000,BIS,ND,AGL,CE,Towers with Radar,6,12,8,2,28,1,1,8,0,10,7,13,16,2,38,6,0,6,44
07/05/2000,BIS,ND,AGL,CE,Towers with Radar,7,34,28,1,70,0,5,41,13,59,7,39,69,14,129,62,6,68,197
07/06/2000,BIS,ND,AGL,CE,Towers with Radar,9,39,27,1,76,0,3,48,7,58,9,42,75,8,134,38,2,40,174
07/07/2000,BIS,ND,AGL,CE,Towers with Radar,8,36,31,1,76,0,9,58,0,67,8,45,89,1,143,90,0,90,233
07/08/2000,BIS,ND,AGL,CE,Towers with Radar,9,15,14,6,44,0,4,44,2,50,9,19,58,8,94,38,2,40,134
07/09/2000,BIS,ND,AGL,CE,Towers with Radar,9,13,11,4,37,0,3,33,0,36,9,16,44,4,73,22,0,22,95
07/10/2000,BIS,ND,AGL,CE,Towers with Radar,7,29,31,0,67,0,2,41,1,44,7,31,72,1,111,18,0,18,129
07/11/2000,BIS,ND,AGL,CE,Towers with Radar,8,46,41,2,97,0,1,23,0,24,8,47,64,2,121,8,0,8,129
07/12/2000,BIS,ND,AGL,CE,Towers with Radar,9,35,39,0,83,0,4,38,0,42,9,39,77,0,125,46,0,46,171
07/13/2000,BIS,ND,AGL,CE,Towers with Radar,9,33,27,3,72,0,7,66,1,74,9,40,93,4,146,100,8,108,254
07/14/2000,BIS,ND,AGL,CE,Towers with Radar,9,36,22,6,73,0,1,51,2,54,9,37,73,8,127,102,2,104,231
07/15/2000,BIS,ND,AGL,CE,Towers with Radar,9,19,6,2,36,0,1,29,1,31,9,20,35,3,67,38,4,42,109
07/16/2000,BIS,ND,AGL,CE,Towers with Radar,8,11,8,0,27,0,2,33,2,37,8,13,41,2,64,42,4,46,110
07/17/2000,BIS,ND,AGL,CE,Towers with Radar,7,32,44,5,88,0,4,20,1,25,7,36,64,6,113,48,18,66,179
07/18/2000,BIS,ND,AGL,CE,Towers with Radar,10,42,47,3,102,0,3,6,2,11,10,45,53,5,113,12,0,12,125
07/19/2000,BIS,ND,AGL,CE,Towers with Radar,9,41,33,2,85,0,1,51,4,56,9,42,84,6,141,48,0,48,189
07/20/2000,BIS,ND,AGL,CE,Towers with Radar,9,40,35,4,88,0,5,56,10,71,9,45,91,14,159,70,2,72,231
07/21/2000,BIS,ND,AGL,CE,Towers with Radar,9,39,30,3,81,0,9,39,9,57,9,48,69,12,138,64,6,70,208
07/22/2000,BIS,ND,AGL,CE,Towers with Radar,9,20,8,1,38,0,0,40,5,45,9,20,48,6,83,52,0,52,135
07/23/2000,BIS,ND,AGL,CE,Towers with Radar,8,14,11,0,33,0,2,49,0,51,8,16,60,0,84,24,0,24,108
07/24/2000,BIS,ND,AGL,CE,Towers with Radar,8,30,15,2,55,0,0,45,5,50,8,30,60,7,105,32,0,32,137
07/25/2000,BIS,ND,AGL,CE,Towers with Radar,8,43,34,2,87,0,0,70,4,74,8,43,104,6,161,44,0,44,205
07/26/2000,BIS,ND,AGL,CE,Towers with Radar,9,35,37,6,87,0,9,57,4,70,9,44,94,10,157,14,0,14,171
07/27/2000,BIS,ND,AGL,CE,Towers with Radar,10,38,35,3,86,0,2,73,1,76,10,40,108,4,162,134,0,134,296
07/28/2000,BIS,ND,AGL,CE,Towers with Radar,10,38,36,3,87,0,0,55,1,56,10,38,91,4,143,120,12,132,275
07/29/2000,BIS,ND,AGL,CE,Towers with Radar,10,20,10,4,44,0,6,65,3,74,10,26,75,7,118,84,6,90,208
07/30/2000,BIS,ND,AGL,CE,Towers with Radar,10,18,15,4,47,0,2,50,2,54,10,20,65,6,101,66,0,66,167
07/31/2000,BIS,ND,AGL,CE,Towers with Radar,7,33,23,2,65,0,1,69,4,74,7,34,92,6,139,24,0,24,163
08/01/2000,BIS,ND,AGL,CE,Towers with Radar,9,35,41,5,90,1,6,74,5,86,10,41,115,10,176,36,8,44,220
08/02/2000,BIS,ND,AGL,CE,Towers with Radar,8,33,32,1,74,1,5,52,3,61,9,38,84,4,135,20,2,22,157
08/03/2000,BIS,ND,AGL,CE,Towers with Radar,7,33,32,3,75,1,4,52,12,69,8,37,84,15,144,42,2,44,188
08/04/2000,BIS,ND,AGL,CE,Towers with Radar,8,31,29,2,70,1,1,43,5,50,9,32,72,7,120,44,0,44,164
08/05/2000,BIS,ND,AGL,CE,Towers with Radar,7,20,10,3,40,1,3,64,20,88,8,23,74,23,128,30,6,36,164
08/06/2000,BIS,ND,AGL,CE,Towers with Radar,9,15,3,3,30,1,2,55,1,59,10,17,58,4,89,74,0,74,163
08/07/2000,BIS,ND,AGL,CE,Towers with Radar,7,30,27,2,66,0,1,43,2,46,7,31,70,4,112,118,0,118,230
08/08/2000,BIS,ND,AGL,CE,Towers with Radar,8,38,51,1,98,0,1,27,2,30,8,39,78,3,128,134,0,134,262
08/09/2000,BIS,ND,AGL,CE,Towers with Radar,8,40,37,4,89,0,8,59,4,71,8,48,96,8,160,52,0,52,212
08/10/2000,BIS,ND,AGL,CE,Towers with Radar,8,34,30,3,75,0,6,60,0,66,8,40,90,3,141,52,0,52,193
08/11/2000,BIS,ND,AGL,CE,Towers with Radar,8,35,31,5,79,0,9,29,1,39,8,44,60,6,118,98,4,102,220
08/12/2000,BIS,ND,AGL,CE,Towers with Radar,9,19,9,2,39,0,5,59,3,67,9,24,68,5,106,100,2,102,208
08/13/2000,BIS,ND,AGL,CE,Towers with Radar,8,12,7,0,27,0,2,29,0,31,8,14,36,0,58,68,0,68,126
08/14/2000,BIS,ND,AGL,CE,Towers with Radar,6,31,30,6,73,0,6,37,0,43,6,37,67,6,116,20,2,22,138
08/15/2000,BIS,ND,AGL,CE,Towers with Radar,8,41,39,1,89,0,1,41,3,45,8,42,80,4,134,98,8,106,240
08/16/2000,BIS,ND,AGL,CE,Towers with Radar,8,37,25,0,70,0,4,28,5,37,8,41,53,5,107,16,0,16,123
08/17/2000,BIS,ND,AGL,CE,Towers with Radar,8,35,31,5,79,0,3,64,2,69,8,38,95,7,148,72,0,72,220
08/18/2000,BIS,ND,AGL,CE,Towers with Radar,10,36,34,0,80,0,7,71,11,89,10,43,105,11,169,168,14,182,351
08/19/2000,BIS,ND,AGL,CE,Towers with Radar,7,23,19,3,52,2,0,23,8,33,9,23,42,11,85,62,6,68,153
08/20/2000,BIS,ND,AGL,CE,Towers with Radar,9,15,26,4,54,0,0,3,15,18,9,15,29,19,72,10,2,12,84
08/21/2000,BIS,ND,AGL,CE,Towers with Radar,7,30,27,4,68,0,0,62,2,64,7,30,89,6,132,70,0,70,202
08/22/2000,BIS,ND,AGL,CE,Towers with Radar,8,44,39,15,106,0,0,34,0,34,8,44,73,15,140,38,10,48,188
08/23/2000,BIS,ND,AGL,CE,Towers with Radar,10,36,27,2,75,0,2,68,16,86,10,38,95,18,161,14,8,22,183
08/24/2000,BIS,ND,AGL,CE,Towers with Radar,10,36,24,17,87,0,5,59,16,80,10,41,83,33,167,126,6,132,299
08/25/2000,BIS,ND,AGL,CE,Towers with Radar,9,37,31,5,82,0,16,51,17,84,9,53,82,22,166,78,14,92,258
08/26/2000,BIS,ND,AGL,CE,Towers with Radar,9,19,2,2,32,0,4,32,5,41,9,23,34,7,73,48,2,50,123
08/27/2000,BIS,ND,AGL,CE,Towers with Radar,8,15,9,3,35,0,0,37,14,51,8,15,46,17,86,10,40,50,136
08/28/2000,BIS,ND,AGL,CE,Towers with Radar,6,32,29,0,67,0,3,23,5,31,6,35,52,5,98,0,14,14,112
08/29/2000,BIS,ND,AGL,CE,Towers with Radar,10,40,30,2,82,0,0,38,2,40,10,40,68,4,122,22,0,22,144
08/30/2000,BIS,ND,AGL,CE,Towers with Radar,8,36,33,3,80,0,4,57,1,62,8,40,90,4,142,34,0,34,176
08/31/2000,BIS,ND,AGL,CE,Towers with Radar,9,36,32,3,80,0,11,53,5,69,9,47,85,8,149,84,0,84,233
09/01/2000,BIS,ND,AGL,CE,Towers with Radar,9,38,33,2,82,0,2,23,3,28,9,40,56,5,110,102,4,106,216
09/02/2000,BIS,ND,AGL,CE,Towers with Radar,7,19,12,0,38,1,0,3,0,4,8,19,15,0,42,4,0,4,46
09/03/2000,BIS,ND,AGL,CE,Towers with Radar,9,13,8,6,36,1,0,4,0,5,10,13,12,6,41,10,0,10,51
09/04/2000,BIS,ND,AGL,CE,Towers with Radar,7,10,2,0,19,1,0,13,0,14,8,10,15,0,33,0,0,0,33
09/05/2000,BIS,ND,AGL,CE,Towers with Radar,6,33,26,0,65,1,0,14,9,24,7,33,40,9,89,2,0,2,91
09/06/2000,BIS,ND,AGL,CE,Towers with Radar,8,41,35,3,87,1,1,39,4,45,9,42,74,7,132,22,2,24,156
09/07/2000,BIS,ND,AGL,CE,Towers with Radar,7,32,44,1,84,1,0,65,7,73,8,32,109,8,157,44,10,54,211
09/08/2000,BIS,ND,AGL,CE,Towers with Radar,8,32,29,1,70,0,10,38,8,56,8,42,67,9,126,34,2,36,162
09/09/2000,BIS,ND,AGL,CE,Towers with Radar,9,17,19,0,45,0,6,31,3,40,9,23,50,3,85,6,2,8,93
09/10/2000,BIS,ND,AGL,CE,Towers with Radar,8,13,16,0,37,0,1,42,2,45,8,14,58,2,82,28,0,28,110
09/11/2000,BIS,ND,AGL,CE,Towers with Radar,7,33,40,0,80,0,5,40,7,52,7,38,80,7,132,60,0,60,192
09/12/2000,BIS,ND,AGL,CE,Towers with Radar,8,39,38,2,87,0,0,49,3,52,8,39,87,5,139,38,4,42,181
09/13/2000,BIS,ND,AGL,CE,Towers with Radar,7,30,42,0,79,0,6,67,18,91,7,36,109,18,170,46,4,50,220
09/14/2000,BIS,ND,AGL,CE,Towers with Radar,9,35,35,2,81,0,11,61,8,80,9,46,96,10,161,12,10,22,183
09/15/2000,BIS,ND,AGL,CE,Towers with Radar,9,30,26,1,66,1,2,53,9,65,10,32,79,10,131,68,12,80,211
09/16/2000,BIS,ND,AGL,CE,Towers with Radar,9,18,7,2,36,0,5,77,46,128,9,23,84,48,164,56,38,94,258
09/17/2000,BIS,ND,AGL,CE,Towers with Radar,9,13,3,0,25,0,2,47,2,51,9,15,50,2,76,76,0,76,152
09/18/2000,BIS,ND,AGL,CE,Towers with Radar,6,28,28,2,64,0,4,67,7,78,6,32,95,9,142,90,0,90,232
09/19/2000,BIS,ND,AGL,CE,Towers with Radar,9,33,36,6,84,0,0,32,15,47,9,33,68,21,131,8,2,10,141
09/20/2000,BIS,ND,AGL,CE,Towers with Radar,9,37,45,2,93,0,1,26,4,31,9,38,71,6,124,0,0,0,124
09/21/2000,BIS,ND,AGL,CE,Towers with Radar,9,37,27,0,73,0,4,30,8,42,9,41,57,8,115,18,2,20,135
09/22/2000,BIS,ND,AGL,CE,Towers with Radar,7,34,24,6,71,0,2,9,0,11,7,36,33,6,82,0,0,0,82
09/23/2000,BIS,ND,AGL,CE,Towers with Radar,8,18,10,2,38,0,0,31,5,36,8,18,41,7,74,34,8,42,116
09/24/2000,BIS,ND,AGL,CE,Towers with Radar,9,12,9,2,32,0,6,45,7,58,9,18,54,9,90,28,4,32,122
09/25/2000,BIS,ND,AGL,CE,Towers with Radar,6,31,21,2,60,0,3,76,6,85,6,34,97,8,145,88,6,94,239
09/26/2000,BIS,ND,AGL,CE,Towers with Radar,9,45,38,10,102,0,0,59,7,66,9,45,97,17,168,112,4,116,284
09/27/2000,BIS,ND,AGL,CE,Towers with Radar,9,43,38,2,92,0,3,48,2,53,9,46,86,4,145,62,2,64,209
09/28/2000,BIS,ND,AGL,CE,Towers with Radar,10,31,37,4,82,0,6,50,0,56,10,37,87,4,138,96,4,100,238
09/29/2000,BIS,ND,AGL,CE,Towers with Radar,9,40,31,0,80,0,0,58,3,61,9,40,89,3,141,106,0,106,247
09/30/2000,BIS,ND,AGL,CE,Towers with Radar,8,20,3,0,31,0,2,37,0,39,8,22,40,0,70,50,0,50,120
10/01/2000,BIS,ND,AGL,CE,Towers with Radar,9,15,11,0,35,0,3,32,0,35,9,18,43,0,70,22,0,22,92
10/02/2000,BIS,ND,AGL,CE,Towers with Radar,7,30,23,2,62,0,0,52,8,60,7,30,75,10,122,60,18,78,200
10/03/2000,BIS,ND,AGL,CE,Towers with Radar,11,41,28,2,82,0,0,38,17,55,11,41,66,19,137,36,68,104,241
10/04/2000,BIS,ND,AGL,CE,Towers with Radar,9,36,56,2,103,0,0,14,5,19,9,36,70,7,122,72,10,82,204
10/05/2000,BIS,ND,AGL,CE,Towers with Radar,9,39,38,9,95,0,0,40,1,41,9,39,78,10,136,62,10,72,208
10/06/2000,BIS,ND,AGL,CE,Towers with Radar,9,34,36,2,81,0,8,35,2,45,9,42,71,4,126,90,4,94,220
10/07/2000,BIS,ND,AGL,CE,Towers with Radar,8,18,5,2,33,0,3,51,0,54,8,21,56,2,87,93,2,95,182
10/08/2000,BIS,ND,AGL,CE,Towers with Radar,9,13,8,2,32,0,7,32,0,39,9,20,40,2,71,16,6,22,93
10/09/2000,BIS,ND,AGL,CE,Towers with Radar,7,32,20,1,60,0,2,56,0,58,7,34,76,1,118,40,0,40,158
10/10/2000,BIS,ND,AGL,CE,Towers with Radar,7,44,39,7,97,0,2,70,15,87,7,46,109,22,184,62,0,62,246
10/11/2000,BIS,ND,AGL,CE,Towers with Radar,9,39,41,3,92,0,2,68,11,81,9,41,109,14,173,116,18,134,307
10/12/2000,BIS,ND,AGL,CE,Towers with Radar,8,38,30,2,78,0,0,31,10,41,8,38,61,12,119,60,28,88,207
10/13/2000,BIS,ND,AGL,CE,Towers with Radar,9,41,38,2,90,0,0,23,4,27,9,41,61,6,117,90,16,106,223
10/14/2000,BIS,ND,AGL,CE,Towers with Radar,8,19,7,4,38,0,2,4,5,11,8,21,11,9,49,46,14,60,109
10/15/2000,BIS,ND,AGL,CE,Towers with Radar,9,13,6,2,30,0,1,16,2,19,9,14,22,4,49,18,8,26,75
10/16/2000,BIS,ND,AGL,CE,Towers with Radar,6,28,30,3,67,0,1,45,5,51,6,29,75,8,118,52,20,72,190
10/17/2000,BIS,ND,AGL,CE,Towers with Radar,9,42,36,6,93,0,0,52,6,58,9,42,88,12,151,52,0,52,203
10/18/2000,BIS,ND,AGL,CE,Towers with Radar,9,42,37,4,92,0,7,78,5,90,9,49,115,9,182,90,0,90,272
10/19/2000,BIS,ND,AGL,CE,Towers with Radar,8,48,33,2,91,0,7,57,8,72,8,55,90,10,163,72,2,74,237
10/20/2000,BIS,ND,AGL,CE,Towers with Radar,9,36,34,1,80,0,6,61,11,78,9,42,95,12,158,40,4,44,202
10/21/2000,BIS,ND,AGL,CE,Towers with Radar,9,16,10,1,36,0,0,12,2,14,9,16,22,3,50,2,0,2,52
10/22/2000,BIS,ND,AGL,CE,Towers with Radar,9,17,21,0,47,0,1,18,5,24,9,18,39,5,71,52,12,64,135
10/23/2000,BIS,ND,AGL,CE,Towers with Radar,9,32,33,0,74,0,6,77,6,89,9,38,110,6,163,114,8,122,285
10/24/2000,BIS,ND,AGL,CE,Towers with Radar,10,35,43,6,94,0,2,26,12,40,10,37,69,18,134,64,32,96,230
10/25/2000,BIS,ND,AGL,CE,Towers with Radar,9,38,47,8,102,0,3,34,20,57,9,41,81,28,159,0,4,4,163
10/26/2000,BIS,ND,AGL,CE,Towers with Radar,8,33,44,2,87,0,13,17,11,41,8,46,61,13,128,2,0,2,130
10/27/2000,BIS,ND,AGL,CE,Towers with Radar,8,35,53,7,103,0,6,48,3,57,8,41,101,10,160,86,0,86,246
10/28/2000,BIS,ND,AGL,CE,Towers with Radar,9,25,6,0,40,0,0,4,0,4,9,25,10,0,44,0,0,0,44
10/29/2000,BIS,ND,AGL,CE,Towers with Radar,8,10,5,2,25,0,0,4,0,4,8,10,9,2,29,4,0,4,33
10/30/2000,BIS,ND,AGL,CE,Towers with Radar,6,35,25,0,66,0,0,1,0,1,6,35,26,0,67,8,0,8,75
10/31/2000,BIS,ND,AGL,CE,Towers with Radar,8,40,52,0,100,0,0,11,0,11,8,40,63,0,111,2,0,2,113
11/01/2000,BIS,ND,AGL,CE,Towers with Radar,6,27,23,2,58,4,18,8,1,31,10,45,31,3,89,6,0,6,95
11/02/2000,BIS,ND,AGL,CE,Towers with Radar,13,48,35,1,97,0,0,6,0,6,13,48,41,1,103,2,0,2,105
11/03/2000,BIS,ND,AGL,CE,Towers with Radar,9,37,43,1,90,0,1,72,7,80,9,38,115,8,170,32,0,32,202
11/04/2000,BIS,ND,AGL,CE,Towers with Radar,8,19,5,3,35,0,0,30,18,48,8,19,35,21,83,32,16,48,131
11/05/2000,BIS,ND,AGL,CE,Towers with Radar,9,11,16,3,39,0,2,10,10,22,9,13,26,13,61,30,66,96,157
11/06/2000,BIS,ND,AGL,CE,Towers with Radar,6,26,25,2,59,0,0,2,0,2,6,26,27,2,61,0,0,0,61
11/07/2000,BIS,ND,AGL,CE,Towers with Radar,9,41,18,0,68,1,0,9,78,88,10,41,27,78,156,0,0,0,156
11/08/2000,BIS,ND,AGL,CE,Towers with Radar,11,58,56,9,134,0,0,25,2,27,11,58,81,11,161,28,8,36,197
11/09/2000,BIS,ND,AGL,CE,Towers with Radar,7,39,35,2,83,0,0,24,4,28,7,39,59,6,111,54,2,56,167
11/10/2000,BIS,ND,AGL,CE,Towers with Radar,10,42,48,0,100,0,2,41,24,67,10,44,89,24,167,0,0,0,167
11/11/2000,BIS,ND,AGL,CE,Towers with Radar,8,19,7,0,34,0,0,8,1,9,8,19,15,1,43,16,8,24,67
11/12/2000,BIS,ND,AGL,CE,Towers with Radar,7,11,4,0,22,0,0,3,0,3,7,11,7,0,25,1,2,3,28
11/13/2000,BIS,ND,AGL,CE,Towers with Radar,6,36,29,2,73,0,1,23,0,24,6,37,52,2,97,44,0,44,141
11/14/2000,BIS,ND,AGL,CE,Towers with Radar,9,49,57,6,121,0,6,40,10,56,9,55,97,16,177,4,10,14,191
11/15/2000,BIS,ND,AGL,CE,Towers with Radar,9,48,55,5,117,0,0,1,0,1,9,48,56,5,118,72,30,102,220
11/16/2000,BIS,ND,AGL,CE,Towers with Radar,8,47,42,5,102,0,1,11,15,27,8,48,53,20,129,52,46,98,227
11/17/2000,BIS,ND,AGL,CE,Towers with Radar,11,33,47,12,103,0,3,16,5,24,11,36,63,17,127,64,45,109,236
11/18/2000,BIS,ND,AGL,CE,Towers with Radar,6,19,7,2,34,0,0,5,0,5,6,19,12,2,39,28,0,28,67
11/19/2000,BIS,ND,AGL,CE,Towers with Radar,8,17,15,2,42,0,0,5,4,9,8,17,20,6,51,38,0,38,89
11/20/2000,BIS,ND,AGL,CE,Towers with Radar,6,31,37,4,78,0,0,30,4,34,6,31,67,8,112,8,0,8,120
11/21/2000,BIS,ND,AGL,CE,Towers with Radar,10,48,62,5,125,0,0,13,3,16,10,48,75,8,141,108,0,108,249
11/22/2000,BIS,ND,AGL,CE,Towers with Radar,10,43,42,0,95,0,0,41,2,43,10,43,83,2,138,100,0,100,238
11/23/2000,BIS,ND,AGL,CE,Towers with Radar,7,12,11,0,30,0,3,3,0,6,7,15,14,0,36,44,0,44,80
11/24/2000,BIS,ND,AGL,CE,Towers with Radar,4,31,10,0,45,0,0,39,4,43,4,31,49,4,88,36,12,48,136
11/25/2000,BIS,ND,AGL,CE,Towers with Radar,9,16,7,0,32,0,0,26,0,26,9,16,33,0,58,71,0,71,129
11/26/2000,BIS,ND,AGL,CE,Towers with Radar,8,13,14,0,35,0,0,30,0,30,8,13,44,0,65,62,0,62,127
11/27/2000,BIS,ND,AGL,CE,Towers with Radar,6,35,30,2,73,0,3,46,1,50,6,38,76,3,123,104,6,110,233
11/28/2000,BIS,ND,AGL,CE,Towers with Radar,7,36,31,0,74,0,4,5,0,9,7,40,36,0,83,0,0,0,83
11/29/2000,BIS,ND,AGL,CE,Towers with Radar,8,36,46,2,92,0,4,13,4,21,8,40,59,6,113,8,32,40,153
11/30/2000,BIS,ND,AGL,CE,Towers with Radar,7,34,30,0,71,0,1,7,0,8,7,35,37,0,79,0,8,8,87
12/01/2000,BIS,ND,AGL,CE,Towers with Radar,9,42,63,9,123,1,0,14,8,23,10,42,77,17,146,40,52,92,238
12/02/2000,BIS,ND,AGL,CE,Towers with Radar,7,21,13,4,45,0,0,3,0,3,7,21,16,4,48,6,0,6,54
12/03/2000,BIS,ND,AGL,CE,Towers with Radar,6,15,15,9,45,0,9,11,2,22,6,24,26,11,67,46,26,72,139
12/04/2000,BIS,ND,AGL,CE,Towers with Radar,5,29,39,0,73,0,3,13,2,18,5,32,52,2,91,14,0,14,105
12/05/2000,BIS,ND,AGL,CE,Towers with Radar,8,37,51,0,96,1,10,56,4,71,9,47,107,4,167,56,30,86,253
12/06/2000,BIS,ND,AGL,CE,Towers with Radar,14,35,32,1,82,0,0,36,7,43,14,35,68,8,125,36,6,42,167
12/07/2000,BIS,ND,AGL,CE,Towers with Radar,11,30,39,0,80,0,12,0,10,22,11,42,39,10,102,10,4,14,116
12/08/2000,BIS,ND,AGL,CE,Towers with Radar,8,31,31,0,70,1,2,46,5,54,9,33,77,5,124,42,22,64,188
12/09/2000,BIS,ND,AGL,CE,Towers with Radar,6,18,7,0,31,1,0,0,0,1,7,18,7,0,32,0,0,0,32
12/10/2000,BIS,ND,AGL,CE,Towers with Radar,8,9,8,0,25,1,0,7,0,8,9,9,15,0,33,0,0,0,33
12/11/2000,BIS,ND,AGL,CE,Towers with Radar,7,30,43,4,84,0,1,17,0,18,7,31,60,4,102,2,0,2,104
12/12/2000,BIS,ND,AGL,CE,Towers with Radar,5,33,33,4,75,0,0,55,0,55,5,33,88,4,130,4,12,16,146
12/13/2000,BIS,ND,AGL,CE,Towers with Radar,8,35,49,3,95,0,2,29,11,42,8,37,78,14,137,10,22,32,169
12/14/2000,BIS,ND,AGL,CE,Towers with Radar,6,34,24,4,68,0,6,26,2,34,6,40,50,6,102,66,22,88,190
12/15/2000,BIS,ND,AGL,CE,Towers with Radar,10,30,37,6,83,0,2,21,0,23,10,32,58,6,106,48,6,54,160
12/16/2000,BIS,ND,AGL,CE,Towers with Radar,8,13,2,0,23,0,0,0,0,0,8,13,2,0,23,0,0,0,23
12/17/2000,BIS,ND,AGL,CE,Towers with Radar,7,11,1,0,19,0,1,6,0,7,7,12,7,0,26,2,0,2,28
12/18/2000,BIS,ND,AGL,CE,Towers with Radar,5,26,33,2,66,0,6,14,0,20,5,32,47,2,86,0,0,0,86
12/19/2000,BIS,ND,AGL,CE,Towers with Radar,6,31,34,13,84,0,0,17,1,18,6,31,51,14,102,13,38,51,153
12/20/2000,BIS,ND,AGL,CE,Towers with Radar,8,40,42,0,90,0,5,11,0,16,8,45,53,0,106,0,0,0,106
12/21/2000,BIS,ND,AGL,CE,Towers with Radar,6,23,27,0,56,0,12,29,0,41,6,35,56,0,97,52,60,112,209
12/22/2000,BIS,ND,AGL,CE,Towers with Radar,5,36,23,1,65,0,0,29,6,35,5,36,52,7,100,6,12,18,118
12/23/2000,BIS,ND,AGL,CE,Towers with Radar,7,22,13,0,42,0,0,20,0,20,7,22,33,0,62,9,0,9,71
12/24/2000,BIS,ND,AGL,CE,Towers with Radar,9,9,0,0,18,0,2,5,0,7,9,11,5,0,25,4,0,4,29
12/25/2000,BIS,ND,AGL,CE,Towers with Radar,6,7,2,0,15,0,3,6,0,9,6,10,8,0,24,0,0,0,24
12/26/2000,BIS,ND,AGL,CE,Towers with Radar,8,29,27,0,64,0,1,12,3,16,8,30,39,3,80,8,4,12,92
12/27/2000,BIS,ND,AGL,CE,Towers with Radar,7,38,42,0,87,0,0,22,7,29,7,38,64,7,116,28,6,34,150
12/28/2000,BIS,ND,AGL,CE,Towers with Radar,2,30,18,0,50,0,4,2,1,7,2,34,20,1,57,0,2,2,59
12/29/2000,BIS,ND,AGL,CE,Towers with Radar,6,35,14,13,68,0,2,15,3,20,6,37,29,16,88,88,30,118,206
12/30/2000,BIS,ND,AGL,CE,Towers with Radar,5,20,16,0,41,0,1,10,0,11,5,21,26,0,52,48,2,50,102
12/31/2000,BIS,ND,AGL,CE,Towers with Radar,8,14,3,0,25,0,2,12,1,15,8,16,15,1,40,16,4,20,60
01/01/2001,BIS,ND,AGL,CE,Towers with Radar,4,7,5,0,16,1,2,11,0,14,5,9,16,0,30,18,0,18,48
01/02/2001,BIS,ND,AGL,CE,Towers with Radar,6,33,24,2,65,2,6,24,5,37,8,39,48,7,102,14,0,14,116
01/03/2001,BIS,ND,AGL,CE,Towers with Radar,6,43,29,0,78,2,1,53,16,72,8,44,82,16,150,48,0,48,198
01/04/2001,BIS,ND,AGL,CE,Towers with Radar,4,32,32,8,76,2,0,34,6,42,6,32,66,14,118,8,12,20,138
01/05/2001,BIS,ND,AGL,CE,Towers with Radar,6,35,29,5,75,1,3,43,23,70,7,38,72,28,145,96,20,116,261
01/06/2001,BIS,ND,AGL,CE,Towers with Radar,5,14,6,6,31,0,2,36,5,43,5,16,42,11,74,64,10,74,148
01/07/2001,BIS,ND,AGL,CE,Towers with Radar,7,10,11,0,28,0,1,11,3,15,7,11,22,3,43,22,8,30,73
01/08/2001,BIS,ND,AGL,CE,Towers with Radar,6,27,34,4,71,0,0,16,0,16,6,27,50,4,87,10,0,10,97
01/09/2001,BIS,ND,AGL,CE,Towers with Radar,6,32,33,4,75,0,3,49,12,64,6,35,82,16,139,38,6,44,183
01/10/2001,BIS,ND,AGL,CE,Towers with Radar,8,36,45,10,99,0,1,50,6,57,8,37,95,16,156,70,36,106,262
01/11/2001,BIS,ND,AGL,CE,Towers with Radar,8,30,30,4,72,0,12,32,4,48,8,42,62,8,120,80,20,100,220
01/12/2001,BIS,ND,AGL,CE,Towers with Radar,8,32,46,3,89,0,2,28,6,36,8,34,74,9,125,52,0,52,177
01/13/2001,BIS,ND,AGL,CE,Towers with Radar,6,17,6,0,29,0,0,0,0,0,6,17,6,0,29,0,0,0,29
01/14/2001,BIS,ND,AGL,CE,Towers with Radar,9,9,5,0,23,0,0,0,0,0,9,9,5,0,23,0,0,0,23
01/15/2001,BIS,ND,AGL,CE,Towers with Radar,6,27,30,1,64,0,0,0,0,0,6,27,30,1,64,0,0,0,64
01/16/2001,BIS,ND,AGL,CE,Towers with Radar,6,33,36,12,87,0,0,22,5,27,6,33,58,17,114,38,22,60,174
01/17/2001,BIS,ND,AGL,CE,Towers with Radar,9,40,42,12,103,0,0,5,19,24,9,40,47,31,127,16,12,28,155
01/18/2001,BIS,ND,AGL,CE,Towers with Radar,11,31,27,1,70,0,3,13,11,27,11,34,40,12,97,34,22,56,153
01/19/2001,BIS,ND,AGL,CE,Towers with Radar,7,37,31,10,85,0,2,34,5,41,7,39,65,15,126,66,50,116,242
01/20/2001,BIS,ND,AGL,CE,Towers with Radar,6,19,10,1,36,0,2,24,7,33,6,21,34,8,69,48,94,142,211
01/21/2001,BIS,ND,AGL,CE,Towers with Radar,7,11,19,2,39,0,2,14,9,25,7,13,33,11,64,48,20,68,132
01/22/2001,BIS,ND,AGL,CE,Towers with Radar,6,26,28,11,71,0,5,19,0,24,6,31,47,11,95,0,12,12,107
01/23/2001,BIS,ND,AGL,CE,Towers with Radar,8,36,45,4,93,0,0,32,4,36,8,36,77,8,129,20,0,20,149
01/24/2001,BIS,ND,AGL,CE,Towers with Radar,8,35,55,4,102,0,0,26,0,26,8,35,81,4,128,54,0,54,182
01/25/2001,BIS,ND,AGL,CE,Towers with Radar,6,30,40,3,79,0,7,25,0,32,6,37,65,3,111,102,10,112,223
01/26/2001,BIS,ND,AGL,CE,Towers with Radar,9,41,38,2,90,0,1,9,2,12,9,42,47,4,102,4,0,4,106
01/27/2001,BIS,ND,AGL,CE,Towers with Radar,6,18,5,0,29,0,1,31,0,32,6,19,36,0,61,72,0,72,133
01/28/2001,BIS,ND,AGL,CE,Towers with Radar,7,13,15,2,37,0,0,29,2,31,7,13,44,4,68,56,26,82,150
01/29/2001,BIS,ND,AGL,CE,Towers with Radar,7,23,20,1,51,0,0,8,0,8,7,23,28,1,59,0,0,0,59
01/30/2001,BIS,ND,AGL,CE,Towers with Radar,7,32,32,2,73,0,8,44,0,52,7,40,76,2,125,0,0,0,125
01/31/2001,BIS,ND,AGL,CE,Towers with Radar,9,29,40,2,80,0,9,32,1,42,9,38,72,3,122,8,0,8,130
02/01/2001,BIS,ND,AGL,CE,Towers with Radar,9,35,36,0,80,1,4,20,3,28,10,39,56,3,108,38,0,38,146
02/02/2001,BIS,ND,AGL,CE,Towers with Radar,8,36,38,4,86,0,0,22,10,32,8,36,60,14,118,82,8,90,208
02/03/2001,BIS,ND,AGL,CE,Towers with Radar,7,16,13,1,37,0,1,5,2,8,7,17,18,3,45,36,0,36,81
02/04/2001,BIS,ND,AGL,CE,Towers with Radar,7,10,9,9,35,0,4,29,0,33,7,14,38,9,68,68,26,94,162
02/05/2001,BIS,ND,AGL,CE,Towers with Radar,5,24,27,2,58,0,5,21,0,26,5,29,48,2,84,12,0,12,96
02/06/2001,BIS,ND,AGL,CE,Towers with Radar,8,30,41,0,79,0,1,37,0,38,8,31,78,0,117,12,0,12,129
02/07/2001,BIS,ND,AGL,CE,Towers with Radar,7,26,44,6,83,0,4,16,0,20,7,30,60,6,103,0,0,0,103
02/08/2001,BIS,ND,AGL,CE,Towers with Radar,6,33,28,5,72,0,7,33,16,56,6,40,61,21,128,0,4,4,132
02/09/2001,BIS,ND,AGL,CE,Towers with Radar,10,30,30,7,77,0,9,36,8,53,10,39,66,15,130,46,54,100,230
02/10/2001,BIS,ND,AGL,CE,Towers with Radar,6,19,15,10,50,0,0,2,5,7,6,19,17,15,57,6,2,8,65
02/11/2001,BIS,ND,AGL,CE,Towers with Radar,9,11,8,2,30,0,0,4,6,10,9,11,12,8,40,0,12,12,52
02/12/2001,BIS,ND,AGL,CE,Towers with Radar,6,28,29,4,67,0,0,20,4,24,6,28,49,8,91,16,0,16,107
02/13/2001,BIS,ND,AGL,CE,Towers with Radar,8,36,50,0,94,0,0,18,0,18,8,36,68,0,112,22,0,22,134
02/14/2001,BIS,ND,AGL,CE,Towers with Radar,7,40,30,4,81,0,0,46,0,46,7,40,76,4,127,48,8,56,183
02/15/2001,BIS,ND,AGL,CE,Towers with Radar,6,35,40,3,84,0,2,22,3,27,6,37,62,6,111,16,48,64,175
02/16/2001,BIS,ND,AGL,CE,Towers with Radar,7,31,33,0,71,0,11,29,0,40,7,42,62,0,111,0,0,0,111
02/17/2001,BIS,ND,AGL,CE,Towers with Radar,6,17,8,0,31,0,0,20,0,20,6,17,28,0,51,32,0,32,83
02/18/2001,BIS,ND,AGL,CE,Towers with Radar,7,11,18,0,36,0,0,39,1,40,7,11,57,1,76,50,0,50,126
02/19/2001,BIS,ND,AGL,CE,Towers with Radar,7,31,33,0,71,0,3,20,0,23,7,34,53,0,94,32,0,32,126
02/20/2001,BIS,ND,AGL,CE,Towers with Radar,8,35,35,4,82,0,2,35,2,39,8,37,70,6,121,4,0,4,125
02/21/2001,BIS,ND,AGL,CE,Towers with Radar,7,34,35,2,78,0,0,42,0,42,7,34,77,2,120,16,0,16,136
02/22/2001,BIS,ND,AGL,CE,Towers with Radar,7,33,31,4,75,0,4,51,0,55,7,37,82,4,130,76,14,90,220
02/23/2001,BIS,ND,AGL,CE,Towers with Radar,6,22,34,8,70,0,0,18,0,18,6,22,52,8,88,38,0,38,126
02/24/2001,BIS,ND,AGL,CE,Towers with Radar,6,17,3,0,26,0,0,0,0,0,6,17,3,0,26,0,0,0,26
02/25/2001,BIS,ND,AGL,CE,Towers with Radar,9,13,4,4,30,0,2,8,0,10,9,15,12,4,40,40,0,40,80
02/26/2001,BIS,ND,AGL,CE,Towers with Radar,8,27,29,0,64,0,2,25,5,32,8,29,54,5,96,4,0,4,100
02/27/2001,BIS,ND,AGL,CE,Towers with Radar,9,44,55,1,109,0,0,21,8,29,9,44,76,9,138,30,12,42,180
02/28/2001,BIS,ND,AGL,CE,Towers with Radar,9,42,49,6,106,0,0,39,3,42,9,42,88,9,148,60,10,70,218
03/01/2001,BIS,ND,AGL,CE,Towers with Radar,10,37,30,6,83,0,3,37,6,46,10,40,67,12,129,14,0,14,143
03/02/2001,BIS,ND,AGL,CE,Towers with Radar,6,31,33,4,74,0,6,59,1,66,6,37,92,5,140,54,0,54,194
03/03/2001,BIS,ND,AGL,CE,Towers with Radar,7,18,14,0,39,0,2,36,1,39,7,20,50,1,78,26,0,26,104
03/04/2001,BIS,ND,AGL,CE,Towers with Radar,4,11,13,0,28,0,0,9,0,9,4,11,22,0,37,10,0,10,47
03/05/2001,BIS,ND,AGL,CE,Towers with Radar,6,27,37,3,73,0,0,14,4,18,6,27,51,7,91,28,16,44,135
03/06/2001,BIS,ND,AGL,CE,Towers with Radar,7,33,40,6,86,0,2,19,0,21,7,35,59,6,107,6,10,16,123
03/07/2001,BIS,ND,AGL,CE,Towers with Radar,8,39,42,3,92,0,0,26,1,27,8,39,68,4,119,34,6,40,159
03/08/2001,BIS,ND,AGL,CE,Towers with Radar,5,33,35,3,76,0,2,30,0,32,5,35,65,3,108,28,0,28,136
03/09/2001,BIS,ND,AGL,CE,Towers with Radar,8,36,47,4,95,0,2,8,0,10,8,38,55,4,105,6,0,6,111
03/10/2001,BIS,ND,AGL,CE,Towers with Radar,6,16,15,1,38,0,4,1,3,8,6,20,16,4,46,14,6,20,66
03/11/2001,BIS,ND,AGL,CE,Towers with Radar,6,13,8,3,30,0,11,23,4,38,6,24,31,7,68,30,0,30,98
03/12/2001,BIS,ND,AGL,CE,Towers with Radar,5,30,40,0,75,0,9,14,0,23,5,39,54,0,98,38,0,38,136
03/13/2001,BIS,ND,AGL,CE,Towers with Radar,8,39,34,0,81,0,0,41,1,42,8,39,75,1,123,96,0,96,219
03/14/2001,BIS,ND,AGL,CE,Towers with Radar,8,38,43,1,90,0,1,20,3,24,8,39,63,4,114,24,0,24,138
03/15/2001,BIS,ND,AGL,CE,Towers with Radar,9,36,31,4,80,0,0,18,5,23,9,36,49,9,103,16,1,17,120
03/16/2001,BIS,ND,AGL,CE,Towers with Radar,7,30,32,8,77,0,6,44,5,55,7,36,76,13,132,76,0,76,208
03/17/2001,BIS,ND,AGL,CE,Towers with Radar,6,17,8,4,35,0,5,33,0,38,6,22,41,4,73,26,8,34,107
03/18/2001,BIS,ND,AGL,CE,Towers with Radar,6,13,12,4,35,0,6,16,0,22,6,19,28,4,57,14,0,14,71
03/19/2001,BIS,ND,AGL,CE,Towers with Radar,7,28,32,2,69,0,0,29,1,30,7,28,61,3,99,12,6,18,117
03/20/2001,BIS,ND,AGL,CE,Towers with Radar,7,32,43,4,86,0,2,39,12,53,7,34,82,16,139,44,0,44,183
03/21/2001,BIS,ND,AGL,CE,Towers with Radar,9,38,49,3,99,0,0,42,13,55,9,38,91,16,154,30,8,38,192
03/22/2001,BIS,ND,AGL,CE,Towers with Radar,8,35,39,3,85,0,0,27,10,37,8,35,66,13,122,50,0,50,172
03/23/2001,BIS,ND,AGL,CE,Towers with Radar,6,32,46,6,90,0,0,44,0,44,6,32,90,6,134,62,17,79,213
03/24/2001,BIS,ND,AGL,CE,Towers with Radar,6,18,12,0,36,0,0,21,2,23,6,18,33,2,59,30,0,30,89
03/25/2001,BIS,ND,AGL,CE,Towers with Radar,6,10,22,2,40,0,0,17,0,17,6,10,39,2,57,42,6,48,105
03/26/2001,BIS,ND,AGL,CE,Towers with Radar,7,23,27,0,57,0,13,36,3,52,7,36,63,3,109,108,0,108,217
03/27/2001,BIS,ND,AGL,CE,Towers with Radar,9,29,48,4,90,0,14,31,4,49,9,43,79,8,139,80,2,82,221
03/28/2001,BIS,ND,AGL,CE,Towers with Radar,8,32,42,0,82,0,6,35,1,42,8,38,77,1,124,38,0,38,162
03/29/2001,BIS,ND,AGL,CE,Towers with Radar,7,37,32,4,80,0,0,20,11,31,7,37,52,15,111,36,10,46,157
03/30/2001,BIS,ND,AGL,CE,Towers with Radar,8,35,37,1,81,0,0,13,3,16,8,35,50,4,97,20,0,20,117
03/31/2001,BIS,ND,AGL,CE,Towers with Radar,7,16,4,0,27,0,0,18,0,18,7,16,22,0,45,86,0,86,131
04/01/2001,BIS,ND,AGL,CE,Towers with Radar,6,11,16,0,33,0,0,20,2,22,6,11,36,2,55,68,0,68,123
04/02/2001,BIS,ND,AGL,CE,Towers with Radar,7,26,29,4,66,0,0,34,0,34,7,26,63,4,100,8,0,8,108
04/03/2001,BIS,ND,AGL,CE,Towers with Radar,8,30,32,0,70,0,1,22,4,27,8,31,54,4,97,6,0,6,103
04/04/2001,BIS,ND,AGL,CE,Towers with Radar,8,30,22,0,60,0,0,5,0,5,8,30,27,0,65,0,0,0,65
04/05/2001,BIS,ND,AGL,CE,Towers with Radar,8,36,38,3,85,0,0,32,9,41,8,36,70,12,126,50,0,50,176
04/06/2001,BIS,ND,AGL,CE,Towers with Radar,7,28,36,4,75,0,1,15,0,16,7,29,51,4,91,32,6,38,129
04/07/2001,BIS,ND,AGL,CE,Towers with Radar,6,14,17,0,37,0,4,1,2,7,6,18,18,2,44,28,0,28,72
04/08/2001,BIS,ND,AGL,CE,Towers with Radar,6,15,7,3,31,0,0,21,4,25,6,15,28,7,56,58,0,58,114
04/09/2001,BIS,ND,AGL,CE,Towers with Radar,7,26,38,0,71,0,0,20,0,20,7,26,58,0,91,68,0,68,159
04/10/2001,BIS,ND,AGL,CE,Towers with Radar,8,34,49,0,91,0,0,42,3,45,8,34,91,3,136,14,2,16,152
04/11/2001,BIS,ND,AGL,CE,Towers with Radar,7,29,45,10,91,0,1,17,6,24,7,30,62,16,115,0,0,0,115
04/12/2001,BIS,ND,AGL,CE,Towers with Radar,8,38,50,0,96,0,0,16,4,20,8,38,66,4,116,68,0,68,184
04/13/2001,BIS,ND,AGL,CE,Towers with Radar,6,29,14,2,51,0,0,19,8,27,6,29,33,10,78,68,0,68,146
04/14/2001,BIS,ND,AGL,CE,Towers with Radar,7,19,6,0,32,0,5,56,4,65,7,24,62,4,97,62,0,62,159
04/15/2001,BIS,ND,AGL,CE,Towers with Radar,3,10,11,0,24,2,4,0,0,6,5,14,11,0,30,0,0,0,30
04/16/2001,BIS,ND,AGL,CE,Towers with Radar,8,25,39,2,74,0,2,17,1,20,8,27,56,3,94,12,0,12,106
04/17/2001,BIS,ND,AGL,CE,Towers with Radar,8,33,46,0,87,0,1,58,2,61,8,34,104,2,148,66,0,66,214
04/18/2001,BIS,ND,AGL,CE,Towers with Radar,7,31,39,0,77,0,0,75,6,81,7,31,114,6,158,22,0,22,180
04/19/2001,BIS,ND,AGL,CE,Towers with Radar,7,39,48,2,96,0,0,28,3,31,7,39,76,5,127,60,0,60,187
04/20/2001,BIS,ND,AGL,CE,Towers with Radar,7,33,53,5,98,0,8,44,6,58,7,41,97,11,156,48,0,48,204
04/21/2001,BIS,ND,AGL,CE,Towers with Radar,7,19,7,2,35,0,0,9,3,12,7,19,16,5,47,32,0,32,79
04/22/2001,BIS,ND,AGL,CE,Towers with Radar,5,8,4,2,19,0,0,16,6,22,5,8,20,8,41,4,0,4,45
04/23/2001,BIS,ND,AGL,CE,Towers with Radar,8,24,32,3,67,0,2,54,3,59,8,26,86,6,126,40,10,50,176
04/24/2001,BIS,ND,AGL,CE,Towers with Radar,8,36,44,0,88,0,2,54,6,62,8,38,98,6,150,2,0,2,152
04/25/2001,BIS,ND,AGL,CE,Towers with Radar,7,30,39,2,78,0,4,62,5,71,7,34,101,7,149,24,2,26,175
04/26/2001,BIS,ND,AGL,CE,Towers with Radar,7,30,32,5,74,0,1,55,6,62,7,31,87,11,136,26,1,27,163
04/27/2001,BIS,ND,AGL,CE,Towers with Radar,7,28,34,2,71,0,8,37,8,53,7,36,71,10,124,34,0,34,158
04/28/2001,BIS,ND,AGL,CE,Towers with Radar,7,20,17,0,44,0,0,39,5,44,7,20,56,5,88,30,22,52,140
04/29/2001,BIS,ND,AGL,CE,Towers with Radar,5,10,13,3,31,0,2,38,4,44,5,12,51,7,75,24,0,24,99
04/30/2001,BIS,ND,AGL,CE,Towers with Radar,9,28,32,0,69,0,0,36,0,36,9,28,68,0,105,22,0,22,127
05/01/2001,BIS,ND,AGL,CE,Towers with Radar,6,29,23,0,58,1,7,20,0,28,7,36,43,0,86,8,0,8,94
05/02/2001,BIS,ND,AGL,CE,Towers with Radar,6,27,39,1,73,2,4,42,12,60,8,31,81,13,133,42,0,42,175
05/03/2001,BIS,ND,AGL,CE,Towers with Radar,6,38,39,0,83,1,0,28,6,35,7,38,67,6,118,70,12,82,200
05/04/2001,BIS,ND,AGL,CE,Towers with Radar,6,34,31,1,72,1,0,43,7,51,7,34,74,8,123,134,4,138,261
05/05/2001,BIS,ND,AGL,CE,Towers with Radar,6,23,20,2,51,1,3,27,12,43,7,26,47,14,94,108,0,108,202
05/06/2001,BIS,ND,AGL,CE,Towers with Radar,6,15,7,2,30,1,0,14,0,15,7,15,21,2,45,0,2,2,47
05/07/2001,BIS,ND,AGL,CE,Towers with Radar,7,27,28,2,64,1,0,23,0,24,8,27,51,2,88,10,0,10,98
05/08/2001,BIS,ND,AGL,CE,Towers with Radar,8,33,40,3,84,0,1,62,1,64,8,34,102,4,148,140,6,146,294
05/09/2001,BIS,ND,AGL,CE,Towers with Radar,8,33,33,5,79,0,3,47,5,55,8,36,80,10,134,42,0,42,176
05/10/2001,BIS,ND,AGL,CE,Towers with Radar,10,38,33,5,86,0,1,43,1,45,10,39,76,6,131,30,0,30,161
05/11/2001,BIS,ND,AGL,CE,Towers with Radar,7,30,28,7,72,0,9,48,5,62,7,39,76,12,134,2,0,2,136
05/12/2001,BIS,ND,AGL,CE,Towers with Radar,7,19,9,1,36,0,40,57,0,97,7,59,66,1,133,56,0,56,189
05/13/2001,BIS,ND,AGL,CE,Towers with Radar,7,14,4,0,25,0,5,39,0,44,7,19,43,0,69,22,0,22,91
05/14/2001,BIS,ND,AGL,CE,Towers with Radar,7,24,31,2,64,0,1,42,2,45,7,25,73,4,109,12,0,12,121
05/15/2001,BIS,ND,AGL,CE,Towers with Radar,8,33,32,2,75,0,0,41,6,47,8,33,73,8,122,34,0,34,156
05/16/2001,BIS,ND,AGL,CE,Towers with Radar,9,34,38,6,87,0,2,52,2,56,9,36,90,8,143,20,8,28,171
05/17/2001,BIS,ND,AGL,CE,Towers with Radar,7,36,49,0,92,0,1,29,2,32,7,37,78,2,124,34,10,44,168
05/18/2001,BIS,ND,AGL,CE,Towers with Radar,7,29,29,2,67,0,1,48,5,54,7,30,77,7,121,50,6,56,177
05/19/2001,BIS,ND,AGL,CE,Towers with Radar,6,19,7,12,44,0,1,29,6,36,6,20,36,18,80,30,6,36,116
05/20/2001,BIS,ND,AGL,CE,Towers with Radar,4,12,13,1,30,4,1,23,1,29,8,13,36,2,59,0,0,0,59
05/21/2001,BIS,ND,AGL,CE,Towers with Radar,7,22,26,3,58,0,0,32,1,33,7,22,58,4,91,8,8,16,107
05/22/2001,BIS,ND,AGL,CE,Towers with Radar,9,30,31,3,73,0,1,34,0,35,9,31,65,3,108,2,0,2,110
05/23/2001,BIS,ND,AGL,CE,Towers with Radar,7,36,40,5,88,0,0,22,9,31,7,36,62,14,119,34,18,52,171
05/24/2001,BIS,ND,AGL,CE,Towers with Radar,7,42,57,7,113,0,0,39,3,42,7,42,96,10,155,80,2,82,237
05/25/2001,BIS,ND,AGL,CE,Towers with Radar,6,31,32,4,73,0,7,68,7,82,6,38,100,11,155,40,8,48,203
05/26/2001,BIS,ND,AGL,CE,Towers with Radar,4,15,16,0,35,2,5,39,0,46,6,20,55,0,81,80,2,82,163
05/27/2001,BIS,ND,AGL,CE,Towers with Radar,4,12,13,2,31,4,7,37,0,48,8,19,50,2,79,42,0,42,121
05/28/2001,BIS,ND,AGL,CE,Towers with Radar,3,12,13,1,29,4,2,37,7,50,7,14,50,8,79,120,0,120,199
05/29/2001,BIS,ND,AGL,CE,Towers with Radar,8,31,31,4,74,0,0,34,4,38,8,31,65,8,112,56,0,56,168
05/30/2001,BIS,ND,AGL,CE,Towers with Radar,7,33,36,4,80,0,0,27,8,35,7,33,63,12,115,22,4,26,141
05/31/2001,BIS,ND,AGL,CE,Towers with Radar,8,35,35,1,79,0,4,52,0,56,8,39,87,1,135,102,2,104,239
06/01/2001,BIS,ND,AGL,CE,Towers with Radar,5,31,22,1,59,1,0,23,4,28,6,31,45,5,87,2,0,2,89
06/02/2001,BIS,ND,AGL,CE,Towers with Radar,6,21,9,2,38,1,3,32,7,43,7,24,41,9,81,42,6,48,129
06/03/2001,BIS,ND,AGL,CE,Towers with Radar,6,14,3,0,23,1,1,9,1,12,7,15,12,1,35,0,4,4,39
06/04/2001,BIS,ND,AGL,CE,Towers with Radar,6,28,33,0,67,1,0,29,1,31,7,28,62,1,98,22,0,22,120
06/05/2001,BIS,ND,AGL,CE,Towers with Radar,7,35,48,2,92,1,0,30,6,37,8,35,78,8,129,20,0,20,149
06/06/2001,BIS,ND,AGL,CE,Towers with Radar,7,35,32,0,74,0,2,25,5,32,7,37,57,5,106,38,0,38,144
06/07/2001,BIS,ND,AGL,CE,Towers with Radar,6,26,40,5,77,0,6,56,2,64,6,32,96,7,141,50,0,50,191
06/08/2001,BIS,ND,AGL,CE,Towers with Radar,7,28,34,3,72,0,7,72,6,85,7,35,106,9,157,77,6,83,240
06/09/2001,BIS,ND,AGL,CE,Towers with Radar,8,17,5,2,32,0,1,26,2,29,8,18,31,4,61,16,10,26,87
06/10/2001,BIS,ND,AGL,CE,Towers with Radar,8,13,9,2,32,0,1,35,0,36,8,14,44,2,68,38,0,38,106
06/11/2001,BIS,ND,AGL,CE,Towers with Radar,6,30,27,0,63,0,3,39,1,43,6,33,66,1,106,8,0,8,114
06/12/2001,BIS,ND,AGL,CE,Towers with Radar,6,33,42,0,81,0,0,27,3,30,6,33,69,3,111,14,0,14,125
06/13/2001,BIS,ND,AGL,CE,Towers with Radar,3,42,48,2,95,0,0,2,1,3,3,42,50,3,98,0,0,0,98
06/14/2001,BIS,ND,AGL,CE,Towers with Radar,6,31,52,2,91,1,5,14,1,21,7,36,66,3,112,0,2,2,114
06/15/2001,BIS,ND,AGL,CE,Towers with Radar,6,31,23,14,74,0,6,47,12,65,6,37,70,26,139,52,34,86,225
06/16/2001,BIS,ND,AGL,CE,Towers with Radar,6,20,3,6,35,0,0,34,4,38,6,20,37,10,73,26,14,40,113
06/17/2001,BIS,ND,AGL,CE,Towers with Radar,8,18,10,0,36,0,3,18,1,22,8,21,28,1,58,52,0,52,110
06/18/2001,BIS,ND,AGL,CE,Towers with Radar,8,28,22,0,58,0,0,12,0,12,8,28,34,0,70,0,0,0,70
06/19/2001,BIS,ND,AGL,CE,Towers with Radar,7,34,42,2,85,0,5,22,2,29,7,39,64,4,114,61,0,61,175
06/20/2001,BIS,ND,AGL,CE,Towers with Radar,8,35,34,5,82,0,1,62,9,72,8,36,96,14,154,58,8,66,220
06/21/2001,BIS,ND,AGL,CE,Towers with Radar,8,46,56,16,126,0,0,42,0,42,8,46,98,16,168,52,30,82,250
06/22/2001,BIS,ND,AGL,CE,Towers with Radar,6,31,37,2,76,0,7,55,5,67,6,38,92,7,143,136,0,136,279
06/23/2001,BIS,ND,AGL,CE,Towers with Radar,7,20,4,0,31,0,2,38,0,40,7,22,42,0,71,58,0,58,129
06/24/2001,BIS,ND,AGL,CE,Towers with Radar,6,12,3,0,21,0,1,18,1,20,6,13,21,1,41,16,0,16,57
06/25/2001,BIS,ND,AGL,CE,Towers with Radar,7,33,33,5,78,0,2,32,2,36,7,35,65,7,114,48,2,50,164
06/26/2001,BIS,ND,AGL,CE,Towers with Radar,9,40,52,2,103,0,0,29,12,41,9,40,81,14,144,25,0,25,169
06/27/2001,BIS,ND,AGL,CE,Towers with Radar,6,37,34,5,82,0,7,32,6,45,6,44,66,11,127,23,0,23,150
06/28/2001,BIS,ND,AGL,CE,Towers with Radar,8,41,43,2,94,0,0,50,9,59,8,41,93,11,153,76,2,78,231
06/29/2001,BIS,ND,AGL,CE,Towers with Radar,8,42,52,4,106,0,0,23,9,32,8,42,75,13,138,110,2,112,250
06/30/2001,BIS,ND,AGL,CE,Towers with Radar,7,21,19,0,47,0,0,18,1,19,7,21,37,1,66,16,0,16,82
07/01/2001,BIS,ND,AGL,CE,Towers with Radar,6,15,6,0,27,1,0,42,1,44,7,15,48,1,71,28,0,28,99
07/02/2001,BIS,ND,AGL,CE,Towers with Radar,7,29,22,2,60,0,1,43,5,49,7,30,65,7,109,70,0,70,179
07/03/2001,BIS,ND,AGL,CE,Towers with Radar,8,43,23,2,76,0,1,67,6,74,8,44,90,8,150,106,0,106,256
07/04/2001,BIS,ND,AGL,CE,Towers with Radar,9,10,5,0,24,0,0,23,1,24,9,10,28,1,48,38,2,40,88
07/05/2001,BIS,ND,AGL,CE,Towers with Radar,8,35,28,2,73,0,8,31,7,46,8,43,59,9,119,24,0,24,143
07/06/2001,BIS,ND,AGL,CE,Towers with Radar,6,30,14,3,53,0,3,49,11,63,6,33,63,14,116,92,12,104,220
07/07/2001,BIS,ND,AGL,CE,Towers with Radar,7,19,1,0,27,0,0,25,5,30,7,19,26,5,57,62,2,64,121
07/08/2001,BIS,ND,AGL,CE,Towers with Radar,8,15,9,1,33,0,3,33,0,36,8,18,42,1,69,74,6,80,149
07/09/2001,BIS,ND,AGL,CE,Towers with Radar,9,29,35,0,73,0,2,50,15,67,9,31,85,15,140,40,0,40,180
07/10/2001,BIS,ND,AGL,CE,Towers with Radar,7,31,28,4,70,0,7,37,9,53,7,38,65,13,123,4,0,4,127
07/11/2001,BIS,ND,AGL,CE,Towers with Radar,7,38,30,5,80,0,1,41,10,52,7,39,71,15,132,62,10,72,204
07/12/2001,BIS,ND,AGL,CE,Towers with Radar,8,41,54,3,106,0,0,44,3,47,8,41,98,6,153,74,24,98,251
07/13/2001,BIS,ND,AGL,CE,Towers with Radar,7,31,35,2,75,0,10,70,2,82,7,41,105,4,157,70,16,86,243
07/14/2001,BIS,ND,AGL,CE,Towers with Radar,7,19,17,4,47,0,1,36,4,41,7,20,53,8,88,24,10,34,122
07/15/2001,BIS,ND,AGL,CE,Towers with Radar,7,17,3,2,29,0,2,24,3,29,7,19,27,5,58,12,2,14,72
07/16/2001,BIS,ND,AGL,CE,Towers with Radar,7,28,31,2,68,0,2,49,3,54,7,30,80,5,122,32,2,34,156
07/17/2001,BIS,ND,AGL,CE,Towers with Radar,8,36,36,6,86,0,2,54,12,68,8,38,90,18,154,24,18,42,196
07/18/2001,BIS,ND,AGL,CE,Towers with Radar,7,37,43,17,104,0,1,55,15,71,7,38,98,32,175,24,6,30,205
07/19/2001,BIS,ND,AGL,CE,Towers with Radar,8,47,35,2,92,0,0,50,9,59,8,47,85,11,151,78,4,82,233
07/20/2001,BIS,ND,AGL,CE,Towers with Radar,7,30,30,1,68,0,9,48,4,61,7,39,78,5,129,74,8,82,211
07/21/2001,BIS,ND,AGL,CE,Towers with Radar,7,18,10,2,37,0,2,36,1,39,7,20,46,3,76,94,0,94,170
07/22/2001,BIS,ND,AGL,CE,Towers with Radar,4,13,12,1,30,2,7,33,1,43,6,20,45,2,73,56,2,58,131
07/23/2001,BIS,ND,AGL,CE,Towers with Radar,8,28,31,2,69,0,4,64,14,82,8,32,95,16,151,68,2,70,221
07/24/2001,BIS,ND,AGL,CE,Towers with Radar,8,38,38,3,87,0,14,40,20,74,8,52,78,23,161,50,0,50,211
07/25/2001,BIS,ND,AGL,CE,Towers with Radar,8,34,39,0,81,0,0,27,8,35,8,34,66,8,116,32,0,32,148
07/26/2001,BIS,ND,AGL,CE,Towers with Radar,6,30,25,0,61,0,5,37,9,51,6,35,62,9,112,82,0,82,194
07/27/2001,BIS,ND,AGL,CE,Towers with Radar,6,28,29,4,67,0,10,53,10,73,6,38,82,14,140,88,0,88,228
07/28/2001,BIS,ND,AGL,CE,Towers with Radar,7,18,11,0,36,0,5,37,0,42,7,23,48,0,78,92,0,92,170
07/29/2001,BIS,ND,AGL,CE,Towers with Radar,9,11,9,2,31,0,4,34,6,44,9,15,43,8,75,90,0,90,165
07/30/2001,BIS,ND,AGL,CE,Towers with Radar,8,32,25,0,65,0,2,58,10,70,8,34,83,10,135,40,2,42,177
07/31/2001,BIS,ND,AGL,CE,Towers with Radar,7,31,2,0,40,24,26,0,0,50,31,57,2,0,90,8,0,8,98
08/01/2001,BIS,ND,AGL,CE,Towers with Radar,8,38,38,2,86,0,0,69,16,85,8,38,107,18,171,90,12,102,273
08/02/2001,BIS,ND,AGL,CE,Towers with Radar,6,35,32,3,76,0,0,41,5,46,6,35,73,8,122,48,12,60,182
08/03/2001,BIS,ND,AGL,CE,Towers with Radar,6,39,28,5,78,0,8,48,12,68,6,47,76,17,146,95,6,101,247
08/04/2001,BIS,ND,AGL,CE,Towers with Radar,5,19,10,0,34,0,1,35,17,53,5,20,45,17,87,36,2,38,125
08/05/2001,BIS,ND,AGL,CE,Towers with Radar,7,16,11,0,34,0,0,15,0,15,7,16,26,0,49,64,0,64,113
08/06/2001,BIS,ND,AGL,CE,Towers with Radar,8,32,30,6,76,0,9,56,15,80,8,41,86,21,156,22,16,38,194
08/07/2001,BIS,ND,AGL,CE,Towers with Radar,7,37,34,7,85,0,0,53,4,57,7,37,87,11,142,14,0,14,156
08/08/2001,BIS,ND,AGL,CE,Towers with Radar,7,38,44,0,89,0,0,40,2,42,7,38,84,2,131,4,0,4,135
08/09/2001,BIS,ND,AGL,CE,Towers with Radar,7,44,32,2,85,0,0,40,1,41,7,44,72,3,126,28,0,28,154
08/10/2001,BIS,ND,AGL,CE,Towers with Radar,7,29,30,0,66,0,7,57,2,66,7,36,87,2,132,4,0,4,136
08/11/2001,BIS,ND,AGL,CE,Towers with Radar,8,20,11,2,41,0,1,37,4,42,8,21,48,6,83,18,0,18,101
08/12/2001,BIS,ND,AGL,CE,Towers with Radar,7,9,7,2,25,0,4,21,2,27,7,13,28,4,52,10,0,10,62
08/13/2001,BIS,ND,AGL,CE,Towers with Radar,7,29,23,0,59,0,0,39,1,40,7,29,62,1,99,30,0,30,129
08/14/2001,BIS,ND,AGL,CE,Towers with Radar,8,38,31,3,80,0,6,61,4,71,8,44,92,7,151,6,2,8,159
08/15/2001,BIS,ND,AGL,CE,Towers with Radar,7,33,28,4,72,0,4,49,0,53,7,37,77,4,125,0,0,0,125
08/16/2001,BIS,ND,AGL,CE,Towers with Radar,7,38,41,4,90,0,3,33,6,42,7,41,74,10,132,60,14,74,206
08/17/2001,BIS,ND,AGL,CE,Towers with Radar,7,34,17,0,58,0,5,59,12,76,7,39,76,12,134,85,14,99,233
08/18/2001,BIS,ND,AGL,CE,Towers with Radar,8,23,9,2,42,0,1,32,1,34,8,24,41,3,76,40,20,60,136
08/19/2001,BIS,ND,AGL,CE,Towers with Radar,7,16,4,2,29,0,2,38,1,41,7,18,42,3,70,76,0,76,146
08/20/2001,BIS,ND,AGL,CE,Towers with Radar,8,33,17,2,60,0,0,59,4,63,8,33,76,6,123,30,0,30,153
08/21/2001,BIS,ND,AGL,CE,Towers with Radar,7,32,40,0,79,0,4,47,11,62,7,36,87,11,141,36,0,36,177
08/22/2001,BIS,ND,AGL,CE,Towers with Radar,6,35,23,2,66,0,6,50,10,66,6,41,73,12,132,16,0,16,148
08/23/2001,BIS,ND,AGL,CE,Towers with Radar,6,32,24,2,64,0,5,21,9,35,6,37,45,11,99,36,2,38,137
08/24/2001,BIS,ND,AGL,CE,Towers with Radar,7,34,21,11,73,0,0,45,8,53,7,34,66,19,126,40,72,112,238
08/25/2001,BIS,ND,AGL,CE,Towers with Radar,7,24,5,4,40,0,0,47,12,59,7,24,52,16,99,14,30,44,143
08/26/2001,BIS,ND,AGL,CE,Towers with Radar,8,13,12,5,38,0,1,34,7,42,8,14,46,12,80,46,42,88,168
08/27/2001,BIS,ND,AGL,CE,Towers with Radar,6,30,33,7,76,0,12,41,3,56,6,42,74,10,132,8,18,26,158
08/28/2001,BIS,ND,AGL,CE,Towers with Radar,9,37,20,4,70,0,0,41,7,48,9,37,61,11,118,18,1,19,137
08/29/2001,BIS,ND,AGL,CE,Towers with Radar,7,34,25,6,72,0,2,38,6,46,7,36,63,12,118,20,4,24,142
08/30/2001,BIS,ND,AGL,CE,Towers with Radar,5,29,18,3,55,0,13,31,11,55,5,42,49,14,110,0,4,4,114
08/31/2001,BIS,ND,AGL,CE,Towers with Radar,9,32,17,0,58,0,7,33,5,45,9,39,50,5,103,47,2,49,152
09/01/2001,BIS,ND,AGL,CE,Towers with Radar,7,21,4,0,32,0,0,30,0,30,7,21,34,0,62,12,0,12,74
09/02/2001,BIS,ND,AGL,CE,Towers with Radar,6,15,6,0,27,0,3,19,4,26,6,18,25,4,53,76,0,76,129
09/03/2001,BIS,ND,AGL,CE,Towers with Radar,7,14,2,0,23,0,0,23,1,24,7,14,25,1,47,63,0,63,110
09/04/2001,BIS,ND,AGL,CE,Towers with Radar,8,31,27,3,69,0,15,39,6,60,8,46,66,9,129,10,6,16,145
09/05/2001,BIS,ND,AGL,CE,Towers with Radar,7,36,21,2,66,0,2,47,8,57,7,38,68,10,123,0,0,0,123
09/06/2001,BIS,ND,AGL,CE,Towers with Radar,5,31,41,0,77,0,6,25,5,36,5,37,66,5,113,2,0,2,115
09/07/2001,BIS,ND,AGL,CE,Towers with Radar,8,37,46,0,91,0,0,32,3,35,8,37,78,3,126,22,0,22,148
09/08/2001,BIS,ND,AGL,CE,Towers with Radar,7,17,8,12,44,0,5,36,3,44,7,22,44,15,88,20,16,36,124
09/09/2001,BIS,ND,AGL,CE,Towers with Radar,5,13,8,5,31,0,1,27,0,28,5,14,35,5,59,14,20,34,93
09/10/2001,BIS,ND,AGL,CE,Towers with Radar,8,29,25,2,64,0,1,50,0,51,8,30,75,2,115,60,0,60,175
09/11/2001,BIS,ND,AGL,CE,Towers with Radar,3,9,8,1,21,0,1,8,2,11,3,10,16,3,32,18,0,18,50
09/12/2001,BIS,ND,AGL,CE,Towers with Radar,0,0,0,2,2,0,0,0,0,0,0,0,0,2,2,0,0,0,2
09/13/2001,BIS,ND,AGL,CE,Towers with Radar,1,30,0,0,31,0,0,2,2,4,1,30,2,2,35,6,0,6,41
09/14/2001,BIS,ND,AGL,CE,Towers with Radar,2,47,9,1,59,0,0,0,1,1,2,47,9,2,60,0,0,0,60
09/15/2001,BIS,ND,AGL,CE,Towers with Radar,7,26,35,0,68,0,0,0,0,0,7,26,35,0,68,8,0,8,76
09/16/2001,BIS,ND,AGL,CE,Towers with Radar,7,16,12,0,35,0,0,0,0,0,7,16,12,0,35,0,0,0,35
09/17/2001,BIS,ND,AGL,CE,Towers with Radar,6,38,35,0,79,0,0,8,0,8,6,38,43,0,87,0,0,0,87
09/18/2001,BIS,ND,AGL,CE,Towers with Radar,6,41,31,0,78,0,0,2,0,2,6,41,33,0,80,0,0,0,80
09/19/2001,BIS,ND,AGL,CE,Towers with Radar,6,35,40,0,81,0,5,7,3,15,6,40,47,3,96,0,0,0,96
09/20/2001,BIS,ND,AGL,CE,Towers with Radar,4,34,43,0,81,0,3,24,6,33,4,37,67,6,114,0,0,0,114
09/21/2001,BIS,ND,AGL,CE,Towers with Radar,8,34,28,0,70,0,0,26,2,28,8,34,54,2,98,22,0,22,120
09/22/2001,BIS,ND,AGL,CE,Towers with Radar,6,19,10,2,37,0,2,17,0,19,6,21,27,2,56,0,2,2,58
09/23/2001,BIS,ND,AGL,CE,Towers with Radar,5,12,12,0,29,0,1,18,0,19,5,13,30,0,48,22,0,22,70
09/24/2001,BIS,ND,AGL,CE,Towers with Radar,7,32,30,3,72,0,0,33,3,36,7,32,63,6,108,12,2,14,122
09/25/2001,BIS,ND,AGL,CE,Towers with Radar,6,35,24,4,69,0,0,32,3,35,6,35,56,7,104,38,12,50,154
09/26/2001,BIS,ND,AGL,CE,Towers with Radar,6,36,37,3,82,0,0,44,3,47,6,36,81,6,129,10,4,14,143
09/27/2001,BIS,ND,AGL,CE,Towers with Radar,6,31,40,1,78,0,0,62,4,66,6,31,102,5,144,76,0,76,220
09/28/2001,BIS,ND,AGL,CE,Towers with Radar,6,30,41,5,82,0,7,38,0,45,6,37,79,5,127,22,14,36,163
09/29/2001,BIS,ND,AGL,CE,Towers with Radar,7,22,10,0,39,0,0,34,0,34,7,22,44,0,73,28,0,28,101
09/30/2001,BIS,ND,AGL,CE,Towers with Radar,5,17,9,4,35,0,0,61,1,62,5,17,70,5,97,44,0,44,141
10/01/2001,BIS,ND,AGL,CE,Towers with Radar,7,27,27,2,63,0,0,28,2,30,7,27,55,4,93,56,10,66,159
10/02/2001,BIS,ND,AGL,CE,Towers with Radar,6,38,17,2,63,0,0,26,4,30,6,38,43,6,93,14,7,21,114
10/03/2001,BIS,ND,AGL,CE,Towers with Radar,6,34,33,8,81,0,2,29,0,31,6,36,62,8,112,18,8,26,138
10/04/2001,BIS,ND,AGL,CE,Towers with Radar,5,31,30,8,74,0,0,25,0,25,5,31,55,8,99,50,4,54,153
10/05/2001,BIS,ND,AGL,CE,Towers with Radar,7,33,35,4,79,0,0,35,5,40,7,33,70,9,119,2,2,4,123
10/06/2001,BIS,ND,AGL,CE,Towers with Radar,6,24,14,0,44,0,0,15,2,17,6,24,29,2,61,44,4,48,109
10/07/2001,BIS,ND,AGL,CE,Towers with Radar,6,11,6,0,23,0,2,43,2,47,6,13,49,2,70,16,0,16,86
10/08/2001,BIS,ND,AGL,CE,Towers with Radar,6,30,41,0,77,0,0,24,0,24,6,30,65,0,101,24,0,24,125
10/09/2001,BIS,ND,AGL,CE,Towers with Radar,6,33,36,16,91,0,2,25,11,38,6,35,61,27,129,2,9,11,140
10/10/2001,BIS,ND,AGL,CE,Towers with Radar,6,27,27,4,64,0,7,37,8,52,6,34,64,12,116,12,0,12,128
10/11/2001,BIS,ND,AGL,CE,Towers with Radar,6,30,41,2,79,1,5,33,18,57,7,35,74,20,136,42,8,50,186
10/12/2001,BIS,ND,AGL,CE,Towers with Radar,6,32,22,5,65,0,0,39,10,49,6,32,61,15,114,16,16,32,146
10/13/2001,BIS,ND,AGL,CE,Towers with Radar,6,16,15,0,37,0,3,5,0,8,6,19,20,0,45,6,0,6,51
10/14/2001,BIS,ND,AGL,CE,Towers with Radar,6,20,15,0,41,0,4,27,0,31,6,24,42,0,72,18,0,18,90
10/15/2001,BIS,ND,AGL,CE,Towers with Radar,6,34,42,0,82,0,3,14,0,17,6,37,56,0,99,12,0,12,111
10/16/2001,BIS,ND,AGL,CE,Towers with Radar,6,40,36,8,90,0,3,40,0,43,6,43,76,8,133,50,14,64,197
10/17/2001,BIS,ND,AGL,CE,Towers with Radar,6,40,30,5,81,0,0,40,0,40,6,40,70,5,121,50,14,64,185
10/18/2001,BIS,ND,AGL,CE,Towers with Radar,6,40,27,9,82,0,0,31,7,38,6,40,58,16,120,28,12,40,160
10/19/2001,BIS,ND,AGL,CE,Towers with Radar,7,31,33,11,82,0,0,26,2,28,7,31,59,13,110,36,14,50,160
10/20/2001,BIS,ND,AGL,CE,Towers with Radar,9,19,24,2,54,0,0,36,6,42,9,19,60,8,96,34,2,36,132
10/21/2001,BIS,ND,AGL,CE,Towers with Radar,4,12,22,3,41,0,0,28,10,38,4,12,50,13,79,74,20,94,173
10/22/2001,BIS,ND,AGL,CE,Towers with Radar,7,30,34,2,73,0,3,23,6,32,7,33,57,8,105,0,2,2,107
10/23/2001,BIS,ND,AGL,CE,Towers with Radar,6,32,42,7,87,0,0,4,3,7,6,32,46,10,94,18,26,44,138
10/24/2001,BIS,ND,AGL,CE,Towers with Radar,7,34,28,1,70,0,0,12,13,25,7,34,40,14,95,0,2,2,97
10/25/2001,BIS,ND,AGL,CE,Towers with Radar,6,30,37,13,86,0,1,16,7,24,6,31,53,20,110,10,8,18,128
10/26/2001,BIS,ND,AGL,CE,Towers with Radar,6,33,29,13,81,0,6,39,1,46,6,39,68,14,127,28,24,52,179
10/27/2001,BIS,ND,AGL,CE,Towers with Radar,6,21,2,3,32,0,2,31,1,34,6,23,33,4,66,48,6,54,120
10/28/2001,BIS,ND,AGL,CE,Towers with Radar,6,13,7,2,28,0,2,16,1,19,6,15,23,3,47,24,0,24,71
10/29/2001,BIS,ND,AGL,CE,Towers with Radar,6,27,28,4,65,0,5,30,3,38,6,32,58,7,103,16,0,16,119
10/30/2001,BIS,ND,AGL,CE,Towers with Radar,6,37,41,3,87,0,0,20,7,27,6,37,61,10,114,10,6,16,130
10/31/2001,BIS,ND,AGL,CE,Towers with Radar,6,33,36,3,78,0,1,16,1,18,6,34,52,4,96,26,14,40,136
11/01/2001,BIS,ND,AGL,CE,Towers with Radar,6,25,21,1,53,1,1,36,6,44,7,26,57,7,97,0,0,0,97
11/02/2001,BIS,ND,AGL,CE,Towers with Radar,6,23,17,10,56,1,0,47,13,61,7,23,64,23,117,26,94,120,237
11/03/2001,BIS,ND,AGL,CE,Towers with Radar,6,16,8,2,32,0,0,50,16,66,6,16,58,18,98,38,20,58,156
11/04/2001,BIS,ND,AGL,CE,Towers with Radar,7,8,5,10,30,0,2,26,3,31,7,10,31,13,61,34,40,74,135
11/05/2001,BIS,ND,AGL,CE,Towers with Radar,7,31,35,1,74,0,0,33,1,34,7,31,68,2,108,28,0,28,136
11/06/2001,BIS,ND,AGL,CE,Towers with Radar,7,25,38,1,71,0,4,24,0,28,7,29,62,1,99,8,0,8,107
11/07/2001,BIS,ND,AGL,CE,Towers with Radar,7,32,50,2,91,0,3,7,6,16,7,35,57,8,107,29,8,37,144
11/08/2001,BIS,ND,AGL,CE,Towers with Radar,7,31,35,1,74,0,0,50,9,59,7,31,85,10,133,2,4,6,139
11/09/2001,BIS,ND,AGL,CE,Towers with Radar,8,30,25,0,63,0,0,47,0,47,8,30,72,0,110,40,0,40,150
11/10/2001,BIS,ND,AGL,CE,Towers with Radar,6,18,9,0,33,0,2,37,2,41,6,20,46,2,74,36,2,38,112
11/11/2001,BIS,ND,AGL,CE,Towers with Radar,7,10,9,1,27,0,1,29,4,34,7,11,38,5,61,42,6,48,109
11/12/2001,BIS,ND,AGL,CE,Towers with Radar,7,28,35,0,70,0,4,21,2,27,7,32,56,2,97,30,2,32,129
11/13/2001,BIS,ND,AGL,CE,Towers with Radar,7,28,25,5,65,0,3,54,10,67,7,31,79,15,132,0,4,4,136
11/14/2001,BIS,ND,AGL,CE,Towers with Radar,7,20,26,12,65,0,8,45,3,56,7,28,71,15,121,18,70,88,209
11/15/2001,BIS,ND,AGL,CE,Towers with Radar,7,26,33,15,81,0,5,47,2,54,7,31,80,17,135,52,18,70,205
11/16/2001,BIS,ND,AGL,CE,Towers with Radar,7,26,26,4,63,0,3,36,3,42,7,29,62,7,105,22,4,26,131
11/17/2001,BIS,ND,AGL,CE,Towers with Radar,7,21,11,0,39,0,3,30,2,35,7,24,41,2,74,28,0,28,102
11/18/2001,BIS,ND,AGL,CE,Towers with Radar,7,10,11,0,28,0,1,15,0,16,7,11,26,0,44,4,0,4,48
11/19/2001,BIS,ND,AGL,CE,Towers with Radar,7,23,35,3,68,0,0,43,3,46,7,23,78,6,114,0,2,2,116
11/20/2001,BIS,ND,AGL,CE,Towers with Radar,7,26,30,5,68,0,1,36,0,37,7,27,66,5,105,18,0,18,123
11/21/2001,BIS,ND,AGL,CE,Towers with Radar,7,26,16,5,54,0,0,34,0,34,7,26,50,5,88,28,2,30,118
11/22/2001,BIS,ND,AGL,CE,Towers with Radar,7,7,2,0,16,0,0,2,0,2,7,7,4,0,18,12,0,12,30
11/23/2001,BIS,ND,AGL,CE,Towers with Radar,7,28,9,0,44,0,1,24,0,25,7,29,33,0,69,42,0,42,111
11/24/2001,BIS,ND,AGL,CE,Towers with Radar,7,17,5,0,29,0,0,0,0,0,7,17,5,0,29,0,0,0,29
11/25/2001,BIS,ND,AGL,CE,Towers with Radar,7,11,7,0,25,0,0,5,0,5,7,11,12,0,30,0,0,0,30
11/26/2001,BIS,ND,AGL,CE,Towers with Radar,7,27,38,1,73,0,0,8,0,8,7,27,46,1,81,0,0,0,81
11/27/2001,BIS,ND,AGL,CE,Towers with Radar,8,28,31,10,77,0,2,11,5,18,8,30,42,15,95,0,0,0,95
11/28/2001,BIS,ND,AGL,CE,Towers with Radar,6,31,45,4,86,0,5,14,8,27,6,36,59,12,113,0,6,6,119
11/29/2001,BIS,ND,AGL,CE,Towers with Radar,6,30,33,15,84,0,0,12,1,13,6,30,45,16,97,16,6,22,119
11/30/2001,BIS,ND,AGL,CE,Towers with Radar,8,27,44,8,87,0,2,8,12,22,8,29,52,20,109,4,4,8,117
12/01/2001,BIS,ND,AGL,CE,Towers with Radar,6,16,13,6,41,0,2,23,0,25,6,18,36,6,66,12,14,26,92
12/02/2001,BIS,ND,AGL,CE,Towers with Radar,6,9,20,3,38,0,1,15,2,18,6,10,35,5,56,58,12,70,126
12/03/2001,BIS,ND,AGL,CE,Towers with Radar,7,31,31,2,71,0,2,38,2,42,7,33,69,4,113,24,4,28,141
12/04/2001,BIS,ND,AGL,CE,Towers with Radar,8,25,42,0,75,0,5,40,5,50,8,30,82,5,125,0,2,2,127
12/05/2001,BIS,ND,AGL,CE,Towers with Radar,7,28,31,4,70,0,4,14,4,22,7,32,45,8,92,0,0,0,92
12/06/2001,BIS,ND,AGL,CE,Towers with Radar,7,27,36,0,70,0,2,26,3,31,7,29,62,3,101,0,0,0,101
12/07/2001,BIS,ND,AGL,CE,Towers with Radar,7,30,43,4,84,0,0,19,4,23,7,30,62,8,107,28,10,38,145
12/08/2001,BIS,ND,AGL,CE,Towers with Radar,6,16,13,1,36,0,2,22,0,24,6,18,35,1,60,36,0,36,96
12/09/2001,BIS,ND,AGL,CE,Towers with Radar,6,8,5,0,19,0,0,19,1,20,6,8,24,1,39,24,0,24,63
12/10/2001,BIS,ND,AGL,CE,Towers with Radar,8,28,38,4,78,0,0,18,5,23,8,28,56,9,101,34,0,34,135
12/11/2001,BIS,ND,AGL,CE,Towers with Radar,7,32,33,3,75,0,0,9,0,9,7,32,42,3,84,0,0,0,84
12/12/2001,BIS,ND,AGL,CE,Towers with Radar,7,28,40,0,75,0,2,10,7,19,7,30,50,7,94,20,10,30,124
12/13/2001,BIS,ND,AGL,CE,Towers with Radar,9,30,34,5,78,0,8,25,1,34,9,38,59,6,112,0,0,0,112
12/14/2001,BIS,ND,AGL,CE,Towers with Radar,7,29,28,2,66,0,0,26,7,33,7,29,54,9,99,14,0,14,113
12/15/2001,BIS,ND,AGL,CE,Towers with Radar,6,18,17,0,41,0,2,16,0,18,6,20,33,0,59,32,0,32,91
12/16/2001,BIS,ND,AGL,CE,Towers with Radar,7,8,1,2,18,0,2,4,0,6,7,10,5,2,24,16,0,16,40
12/17/2001,BIS,ND,AGL,CE,Towers with Radar,6,24,26,0,56,0,6,58,12,76,6,30,84,12,132,54,8,62,194
12/18/2001,BIS,ND,AGL,CE,Towers with Radar,8,31,29,5,73,0,5,28,11,44,8,36,57,16,117,0,0,0,117
12/19/2001,BIS,ND,AGL,CE,Towers with Radar,7,34,30,8,79,0,3,45,6,54,7,37,75,14,133,7,10,17,150
12/20/2001,BIS,ND,AGL,CE,Towers with Radar,7,32,38,4,81,0,3,31,0,34,7,35,69,4,115,28,2,30,145
12/21/2001,BIS,ND,AGL,CE,Towers with Radar,8,33,19,0,60,0,0,24,5,29,8,33,43,5,89,46,2,48,137
12/22/2001,BIS,ND,AGL,CE,Towers with Radar,6,21,10,0,37,0,0,1,0,1,6,21,11,0,38,0,0,0,38
12/23/2001,BIS,ND,AGL,CE,Towers with Radar,6,13,10,2,31,0,0,4,0,4,6,13,14,2,35,2,0,2,37
12/24/2001,BIS,ND,AGL,CE,Towers with Radar,7,27,3,0,37,0,1,20,0,21,7,28,23,0,58,16,0,16,74
12/25/2001,BIS,ND,AGL,CE,Towers with Radar,7,6,4,0,17,0,1,4,0,5,7,7,8,0,22,0,0,0,22
12/26/2001,BIS,ND,AGL,CE,Towers with Radar,5,29,10,0,44,0,2,17,2,21,5,31,27,2,65,0,0,0,65
12/27/2001,BIS,ND,AGL,CE,Towers with Radar,7,27,7,0,41,0,0,20,6,26,7,27,27,6,67,24,0,24,91
12/28/2001,BIS,ND,AGL,CE,Towers with Radar,7,26,9,0,42,0,2,19,2,23,7,28,28,2,65,0,2,2,67
12/29/2001,BIS,ND,AGL,CE,Towers with Radar,6,18,7,1,32,0,0,5,0,5,6,18,12,1,37,0,0,0,37
12/30/2001,BIS,ND,AGL,CE,Towers with Radar,7,11,3,1,22,0,2,12,0,14,7,13,15,1,36,6,0,6,42
12/31/2001,BIS,ND,AGL,CE,Towers with Radar,7,22,5,0,34,0,0,18,1,19,7,22,23,1,53,18,0,18,71
01/01/2002,BIS,ND,AGL,CE,Towers with Radar,7,11,7,0,25,0,0,3,0,3,7,11,10,0,28,0,0,0,28
01/02/2002,BIS,ND,AGL,CE,Towers with Radar,7,26,27,2,62,0,2,10,5,17,7,28,37,7,79,24,2,26,105
01/03/2002,BIS,ND,AGL,CE,Towers with Radar,6,33,32,3,74,0,4,52,9,65,6,37,84,12,139,88,6,94,233
01/04/2002,BIS,ND,AGL,CE,Towers with Radar,4,30,23,5,62,0,0,14,7,21,4,30,37,12,83,26,2,28,111
01/05/2002,BIS,ND,AGL,CE,Towers with Radar,7,15,12,1,35,0,0,12,13,25,7,15,24,14,60,32,4,36,96
01/06/2002,BIS,ND,AGL,CE,Towers with Radar,6,16,10,2,34,0,0,22,10,32,6,16,32,12,66,28,32,60,126
01/07/2002,BIS,ND,AGL,CE,Towers with Radar,8,31,32,9,80,0,0,37,0,37,8,31,69,9,117,10,8,18,135
01/08/2002,BIS,ND,AGL,CE,Towers with Radar,8,27,29,3,67,0,4,46,5,55,8,31,75,8,122,0,2,2,124
01/09/2002,BIS,ND,AGL,CE,Towers with Radar,6,29,26,0,61,0,0,37,3,40,6,29,63,3,101,26,0,26,127
01/10/2002,BIS,ND,AGL,CE,Towers with Radar,7,37,32,3,79,0,0,56,3,59,7,37,88,6,138,28,0,28,166
01/11/2002,BIS,ND,AGL,CE,Towers with Radar,10,28,22,2,62,0,4,30,4,38,10,32,52,6,100,4,0,4,104
01/12/2002,BIS,ND,AGL,CE,Towers with Radar,5,18,10,2,35,0,0,31,2,33,5,18,41,4,68,30,4,34,102
01/13/2002,BIS,ND,AGL,CE,Towers with Radar,10,9,1,3,23,0,0,2,0,2,10,9,3,3,25,0,0,0,25
01/14/2002,BIS,ND,AGL,CE,Towers with Radar,8,29,35,2,74,0,0,9,6,15,8,29,44,8,89,0,0,0,89
01/15/2002,BIS,ND,AGL,CE,Towers with Radar,8,36,43,4,91,0,5,11,10,26,8,41,54,14,117,8,10,18,135
01/16/2002,BIS,ND,AGL,CE,Towers with Radar,6,28,46,13,93,0,4,18,3,25,6,32,64,16,118,36,6,42,160
01/17/2002,BIS,ND,AGL,CE,Towers with Radar,9,28,37,2,76,0,4,31,10,45,9,32,68,12,121,52,40,92,213
01/18/2002,BIS,ND,AGL,CE,Towers with Radar,10,28,41,6,85,0,2,19,7,28,10,30,60,13,113,6,8,14,127
01/19/2002,BIS,ND,AGL,CE,Towers with Radar,6,22,7,0,35,0,0,24,2,26,6,22,31,2,61,6,0,6,67
01/20/2002,BIS,ND,AGL,CE,Towers with Radar,6,10,7,1,24,0,0,7,2,9,6,10,14,3,33,2,4,6,39
01/21/2002,BIS,ND,AGL,CE,Towers with Radar,8,27,29,0,64,0,0,20,0,20,8,27,49,0,84,26,0,26,110
01/22/2002,BIS,ND,AGL,CE,Towers with Radar,8,26,32,4,70,0,6,15,4,25,8,32,47,8,95,2,2,4,99
01/23/2002,BIS,ND,AGL,CE,Towers with Radar,7,32,41,0,80,0,5,23,0,28,7,37,64,0,108,0,0,0,108
01/24/2002,BIS,ND,AGL,CE,Towers with Radar,6,28,37,0,71,0,0,29,0,29,6,28,66,0,100,26,0,26,126
01/25/2002,BIS,ND,AGL,CE,Towers with Radar,7,27,34,6,74,0,3,43,3,49,7,30,77,9,123,58,2,60,183
01/26/2002,BIS,ND,AGL,CE,Towers with Radar,6,17,6,0,29,0,0,0,0,0,6,17,6,0,29,0,0,0,29
01/27/2002,BIS,ND,AGL,CE,Towers with Radar,7,9,8,1,25,0,0,2,0,2,7,9,10,1,27,6,2,8,35
01/28/2002,BIS,ND,AGL,CE,Towers with Radar,7,20,34,2,63,0,0,5,0,5,7,20,39,2,68,2,0,2,70
01/29/2002,BIS,ND,AGL,CE,Towers with Radar,8,35,30,0,73,0,0,14,3,17,8,35,44,3,90,4,0,4,94
01/30/2002,BIS,ND,AGL,CE,Towers with Radar,6,24,35,2,67,0,6,20,4,30,6,30,55,6,97,18,0,18,115
01/31/2002,BIS,ND,AGL,CE,Towers with Radar,9,33,30,2,74,0,0,28,5,33,9,33,58,7,107,40,0,40,147
02/01/2002,BIS,ND,AGL,CE,Towers with Radar,8,29,22,0,59,0,1,24,2,27,8,30,46,2,86,30,0,30,116
02/02/2002,BIS,ND,AGL,CE,Towers with Radar,6,20,10,0,36,0,0,19,5,24,6,20,29,5,60,14,2,16,76
02/03/2002,BIS,ND,AGL,CE,Towers with Radar,6,12,7,7,32,0,0,24,0,24,6,12,31,7,56,44,14,58,114
02/04/2002,BIS,ND,AGL,CE,Towers with Radar,10,20,29,1,60,0,3,6,3,12,10,23,35,4,72,4,0,4,76
02/05/2002,BIS,ND,AGL,CE,Towers with Radar,8,24,33,5,70,0,18,30,0,48,8,42,63,5,118,6,8,14,132
02/06/2002,BIS,ND,AGL,CE,Towers with Radar,7,31,19,3,60,0,0,21,3,24,7,31,40,6,84,40,0,40,124
02/07/2002,BIS,ND,AGL,CE,Towers with Radar,6,28,35,2,71,0,3,46,2,51,6,31,81,4,122,64,2,66,188
02/08/2002,BIS,ND,AGL,CE,Towers with Radar,8,27,27,10,72,0,0,10,0,10,8,27,37,10,82,22,6,28,110
02/09/2002,BIS,ND,AGL,CE,Towers with Radar,5,18,15,4,42,0,0,7,0,7,5,18,22,4,49,0,0,0,49
02/10/2002,BIS,ND,AGL,CE,Towers with Radar,7,9,4,1,21,0,3,19,3,25,7,12,23,4,46,20,8,28,74
02/11/2002,BIS,ND,AGL,CE,Towers with Radar,7,27,17,3,54,0,0,3,0,3,7,27,20,3,57,0,0,0,57
02/12/2002,BIS,ND,AGL,CE,Towers with Radar,8,26,45,0,79,0,0,20,3,23,8,26,65,3,102,24,0,24,126
02/13/2002,BIS,ND,AGL,CE,Towers with Radar,7,32,47,3,89,0,3,53,8,64,7,35,100,11,153,36,6,42,195
02/14/2002,BIS,ND,AGL,CE,Towers with Radar,6,26,34,1,67,0,4,22,3,29,6,30,56,4,96,6,4,10,106
02/15/2002,BIS,ND,AGL,CE,Towers with Radar,8,29,23,1,61,0,4,44,7,55,8,33,67,8,116,28,0,28,144
02/16/2002,BIS,ND,AGL,CE,Towers with Radar,6,17,18,0,41,0,0,33,0,33,6,17,51,0,74,32,0,32,106
02/17/2002,BIS,ND,AGL,CE,Towers with Radar,9,15,5,0,29,0,2,43,2,47,9,17,48,2,76,20,0,20,96
02/18/2002,BIS,ND,AGL,CE,Towers with Radar,7,29,22,0,58,0,0,34,2,36,7,29,56,2,94,90,10,100,194
02/19/2002,BIS,ND,AGL,CE,Towers with Radar,8,30,22,1,61,0,0,28,5,33,8,30,50,6,94,36,0,36,130
02/20/2002,BIS,ND,AGL,CE,Towers with Radar,7,33,23,2,65,0,0,53,6,59,7,33,76,8,124,38,6,44,168
02/21/2002,BIS,ND,AGL,CE,Towers with Radar,7,31,32,5,75,0,2,29,3,34,7,33,61,8,109,46,6,52,161
02/22/2002,BIS,ND,AGL,CE,Towers with Radar,9,29,31,4,73,0,0,29,0,29,9,29,60,4,102,6,2,8,110
02/23/2002,BIS,ND,AGL,CE,Towers with Radar,10,20,8,0,38,0,0,2,1,3,10,20,10,1,41,0,0,0,41
02/24/2002,BIS,ND,AGL,CE,Towers with Radar,6,11,6,4,27,0,0,14,1,15,6,11,20,5,42,4,0,4,46
02/25/2002,BIS,ND,AGL,CE,Towers with Radar,7,23,37,1,68,0,0,15,3,18,7,23,52,4,86,0,0,0,86
02/26/2002,BIS,ND,AGL,CE,Towers with Radar,8,30,30,2,70,0,0,22,8,30,8,30,52,10,100,12,2,14,114
02/27/2002,BIS,ND,AGL,CE,Towers with Radar,7,33,33,2,75,0,0,37,4,41,7,33,70,6,116,10,0,10,126
02/28/2002,BIS,ND,AGL,CE,Towers with Radar,9,29,32,5,75,0,3,12,9,24,9,32,44,14,99,20,10,30,129
03/01/2002,BIS,ND,AGL,CE,Towers with Radar,9,29,30,1,69,1,1,35,16,53,10,30,65,17,122,30,6,36,158
03/02/2002,BIS,ND,AGL,CE,Towers with Radar,6,17,12,4,39,1,2,26,1,30,7,19,38,5,69,18,26,44,113
03/03/2002,BIS,ND,AGL,CE,Towers with Radar,6,11,5,4,26,1,0,21,6,28,7,11,26,10,54,6,6,12,66
03/04/2002,BIS,ND,AGL,CE,Towers with Radar,6,31,42,0,79,1,0,14,2,17,7,31,56,2,96,0,0,0,96
03/05/2002,BIS,ND,AGL,CE,Towers with Radar,6,37,54,0,97,1,0,10,0,11,7,37,64,0,108,0,0,0,108
03/06/2002,BIS,ND,AGL,CE,Towers with Radar,7,31,39,0,77,1,0,33,2,36,8,31,72,2,113,34,0,34,147
03/07/2002,BIS,ND,AGL,CE,Towers with Radar,5,27,40,0,72,1,5,0,1,7,6,32,40,1,79,0,0,0,79
03/08/2002,BIS,ND,AGL,CE,Towers with Radar,5,23,18,2,48,0,2,7,0,9,5,25,25,2,57,0,0,0,57
03/09/2002,BIS,ND,AGL,CE,Towers with Radar,11,18,12,1,42,0,0,20,0,20,11,18,32,1,62,0,0,0,62
03/10/2002,BIS,ND,AGL,CE,Towers with Radar,8,10,12,2,32,0,2,16,2,20,8,12,28,4,52,18,0,18,70
03/11/2002,BIS,ND,AGL,CE,Towers with Radar,8,31,27,1,67,0,0,40,2,42,8,31,67,3,109,36,0,36,145
03/12/2002,BIS,ND,AGL,CE,Towers with Radar,8,28,40,1,77,0,8,40,14,62,8,36,80,15,139,16,0,16,155
03/13/2002,BIS,ND,AGL,CE,Towers with Radar,8,33,34,3,78,0,1,60,14,75,8,34,94,17,153,28,8,36,189
03/14/2002,BIS,ND,AGL,CE,Towers with Radar,4,30,30,1,65,0,2,22,12,36,4,32,52,13,101,28,4,32,133
03/15/2002,BIS,ND,AGL,CE,Towers with Radar,8,26,22,3,59,0,0,24,2,26,8,26,46,5,85,16,46,62,147
03/16/2002,BIS,ND,AGL,CE,Towers with Radar,6,17,8,0,31,0,0,23,4,27,6,17,31,4,58,12,0,12,70
03/17/2002,BIS,ND,AGL,CE,Towers with Radar,7,9,5,0,21,0,0,4,0,4,7,9,9,0,25,2,0,2,27
03/18/2002,BIS,ND,AGL,CE,Towers with Radar,7,25,30,0,62,0,0,14,0,14,7,25,44,0,76,12,0,12,88
03/19/2002,BIS,ND,AGL,CE,Towers with Radar,10,32,36,2,80,0,2,6,0,8,10,34,42,2,88,6,0,6,94
03/20/2002,BIS,ND,AGL,CE,Towers with Radar,7,35,27,0,69,0,2,10,0,12,7,37,37,0,81,0,0,0,81
03/21/2002,BIS,ND,AGL,CE,Towers with Radar,7,29,34,0,70,0,4,28,3,35,7,33,62,3,105,4,0,4,109
03/22/2002,BIS,ND,AGL,CE,Towers with Radar,8,29,28,7,72,0,0,34,5,39,8,29,62,12,111,26,6,32,143
03/23/2002,BIS,ND,AGL,CE,Towers with Radar,7,16,17,3,43,0,0,59,3,62,7,16,76,6,105,28,14,42,147
03/24/2002,BIS,ND,AGL,CE,Towers with Radar,6,9,7,3,25,0,2,24,7,33,6,11,31,10,58,8,10,18,76
03/25/2002,BIS,ND,AGL,CE,Towers with Radar,7,24,36,2,69,0,6,34,4,44,7,30,70,6,113,38,32,70,183
03/26/2002,BIS,ND,AGL,CE,Towers with Radar,8,30,41,2,81,0,4,47,12,63,8,34,88,14,144,12,20,32,176
03/27/2002,BIS,ND,AGL,CE,Towers with Radar,6,33,31,1,71,0,0,52,11,63,6,33,83,12,134,24,4,28,162
03/28/2002,BIS,ND,AGL,CE,Towers with Radar,7,30,31,3,71,0,1,33,11,45,7,31,64,14,116,82,22,104,220
03/29/2002,BIS,ND,AGL,CE,Towers with Radar,7,30,18,1,56,0,0,10,1,11,7,30,28,2,67,0,0,0,67
03/30/2002,BIS,ND,AGL,CE,Towers with Radar,7,21,9,0,37,0,4,20,0,24,7,25,29,0,61,32,0,32,93
03/31/2002,BIS,ND,AGL,CE,Towers with Radar,6,11,2,0,19,0,0,19,0,19,6,11,21,0,38,8,0,8,46
04/01/2002,BIS,ND,AGL,CE,Towers with Radar,7,24,22,10,63,0,0,8,0,8,7,24,30,10,71,2,0,2,73
04/02/2002,BIS,ND,AGL,CE,Towers with Radar,8,29,40,2,79,0,11,28,4,43,8,40,68,6,122,4,2,6,128
04/03/2002,BIS,ND,AGL,CE,Towers with Radar,6,28,42,10,86,0,3,33,6,42,6,31,75,16,128,52,20,72,200
04/04/2002,BIS,ND,AGL,CE,Towers with Radar,8,34,37,1,80,0,0,58,8,66,8,34,95,9,146,26,4,30,176
04/05/2002,BIS,ND,AGL,CE,Towers with Radar,7,27,27,8,69,0,5,63,7,75,7,32,90,15,144,70,16,86,230
04/06/2002,BIS,ND,AGL,CE,Towers with Radar,6,22,9,14,51,0,0,54,7,61,6,22,63,21,112,30,16,46,158
04/07/2002,BIS,ND,AGL,CE,Towers with Radar,7,17,13,3,40,0,3,31,12,46,7,20,44,15,86,64,18,82,168
04/08/2002,BIS,ND,AGL,CE,Towers with Radar,7,22,28,2,59,0,0,13,0,13,7,22,41,2,72,4,0,4,76
04/09/2002,BIS,ND,AGL,CE,Towers with Radar,8,24,32,1,65,0,0,43,0,43,8,24,75,1,108,26,0,26,134
04/10/2002,BIS,ND,AGL,CE,Towers with Radar,7,33,22,0,62,0,7,11,1,19,7,40,33,1,81,0,0,0,81
04/11/2002,BIS,ND,AGL,CE,Towers with Radar,8,39,38,13,98,0,0,31,2,33,8,39,69,15,131,60,16,76,207
04/12/2002,BIS,ND,AGL,CE,Towers with Radar,8,27,28,2,65,0,11,33,0,44,8,38,61,2,109,60,0,60,169
04/13/2002,BIS,ND,AGL,CE,Towers with Radar,4,12,13,1,30,1,8,32,1,42,5,20,45,2,72,80,0,80,152
04/14/2002,BIS,ND,AGL,CE,Towers with Radar,7,10,7,0,24,0,3,29,0,32,7,13,36,0,56,58,0,58,114
04/15/2002,BIS,ND,AGL,CE,Towers with Radar,8,24,23,0,55,0,4,19,0,23,8,28,42,0,78,38,0,38,116
04/16/2002,BIS,ND,AGL,CE,Towers with Radar,7,28,33,0,68,0,2,14,1,17,7,30,47,1,85,44,2,46,131
04/17/2002,BIS,ND,AGL,CE,Towers with Radar,6,22,41,1,70,0,5,71,1,77,6,27,112,2,147,47,6,53,200
04/18/2002,BIS,ND,AGL,CE,Towers with Radar,6,30,39,0,75,0,0,9,0,9,6,30,48,0,84,0,0,0,84
04/19/2002,BIS,ND,AGL,CE,Towers with Radar,7,29,20,4,60,0,2,72,7,81,7,31,92,11,141,42,8,50,191
04/20/2002,BIS,ND,AGL,CE,Towers with Radar,7,17,15,2,41,0,0,20,0,20,7,17,35,2,61,42,0,42,103
04/21/2002,BIS,ND,AGL,CE,Towers with Radar,6,10,16,0,32,0,5,19,1,25,6,15,35,1,57,0,0,0,57
04/22/2002,BIS,ND,AGL,CE,Towers with Radar,8,22,21,1,52,0,6,35,0,41,8,28,56,1,93,46,0,46,139
04/23/2002,BIS,ND,AGL,CE,Towers with Radar,7,27,28,2,64,0,2,40,3,45,7,29,68,5,109,12,16,28,137
04/24/2002,BIS,ND,AGL,CE,Towers with Radar,7,27,34,1,69,0,0,26,1,27,7,27,60,2,96,1,1,2,98
04/25/2002,BIS,ND,AGL,CE,Towers with Radar,7,28,33,0,68,0,2,38,4,44,7,30,71,4,112,40,2,42,154
04/26/2002,BIS,ND,AGL,CE,Towers with Radar,7,27,26,7,67,0,3,44,4,51,7,30,70,11,118,64,10,74,192
04/27/2002,BIS,ND,AGL,CE,Towers with Radar,7,16,17,16,56,0,0,9,0,9,7,16,26,16,65,0,0,0,65
04/28/2002,BIS,ND,AGL,CE,Towers with Radar,6,12,12,4,34,0,5,10,0,15,6,17,22,4,49,10,61,71,120
04/29/2002,BIS,ND,AGL,CE,Towers with Radar,7,24,20,2,53,0,1,52,1,54,7,25,72,3,107,30,4,34,141
04/30/2002,BIS,ND,AGL,CE,Towers with Radar,8,30,32,2,72,0,6,56,4,66,8,36,88,6,138,24,2,26,164
05/01/2002,BIS,ND,AGL,CE,Towers with Radar,6,36,33,2,77,1,0,53,0,54,7,36,86,2,131,12,2,14,145
05/02/2002,BIS,ND,AGL,CE,Towers with Radar,7,28,26,18,79,0,6,35,10,51,7,34,61,28,130,94,18,112,242
05/03/2002,BIS,ND,AGL,CE,Towers with Radar,5,28,25,2,60,1,0,36,2,39,6,28,61,4,99,36,0,36,135
05/04/2002,BIS,ND,AGL,CE,Towers with Radar,9,17,5,0,31,0,0,45,11,56,9,17,50,11,87,75,10,85,172
05/05/2002,BIS,ND,AGL,CE,Towers with Radar,9,12,11,0,32,0,7,38,1,46,9,19,49,1,78,52,8,60,138
05/06/2002,BIS,ND,AGL,CE,Towers with Radar,6,26,30,0,62,0,0,9,4,13,6,26,39,4,75,0,0,0,75
05/07/2002,BIS,ND,AGL,CE,Towers with Radar,10,29,38,2,79,0,0,16,1,17,10,29,54,3,96,6,0,6,102
05/08/2002,BIS,ND,AGL,CE,Towers with Radar,2,14,10,0,26,0,14,18,2,34,2,28,28,2,60,0,0,0,60
05/09/2002,BIS,ND,AGL,CE,Towers with Radar,7,30,47,7,91,0,15,18,9,42,7,45,65,16,133,44,16,60,193
05/10/2002,BIS,ND,AGL,CE,Towers with Radar,7,30,19,4,60,0,4,48,1,53,7,34,67,5,113,58,6,64,177
05/11/2002,BIS,ND,AGL,CE,Towers with Radar,8,18,16,2,44,0,0,7,1,8,8,18,23,3,52,14,0,14,66
05/12/2002,BIS,ND,AGL,CE,Towers with Radar,8,12,13,0,33,0,4,28,0,32,8,16,41,0,65,46,0,46,111
05/13/2002,BIS,ND,AGL,CE,Towers with Radar,8,25,33,5,71,0,0,50,4,54,8,25,83,9,125,22,0,22,147
05/14/2002,BIS,ND,AGL,CE,Towers with Radar,8,28,30,3,69,0,4,45,6,55,8,32,75,9,124,12,14,26,150
05/15/2002,BIS,ND,AGL,CE,Towers with Radar,6,29,23,1,59,0,4,25,3,32,6,33,48,4,91,0,8,8,99
05/16/2002,BIS,ND,AGL,CE,Towers with Radar,7,33,31,0,71,0,4,42,3,49,7,37,73,3,120,60,0,60,180
05/17/2002,BIS,ND,AGL,CE,Towers with Radar,14,26,36,3,79,0,2,74,1,77,14,28,110,4,156,116,32,148,304
05/18/2002,BIS,ND,AGL,CE,Towers with Radar,8,21,19,9,57,0,6,47,23,76,8,27,66,32,133,118,48,166,299
05/19/2002,BIS,ND,AGL,CE,Towers with Radar,9,10,17,4,40,0,3,41,9,53,9,13,58,13,93,42,0,42,135
05/20/2002,BIS,ND,AGL,CE,Towers with Radar,7,21,32,3,63,0,0,28,1,29,7,21,60,4,92,20,0,20,112
05/21/2002,BIS,ND,AGL,CE,Towers with Radar,7,34,43,0,84,0,11,14,0,25,7,45,57,0,109,4,0,4,113
05/22/2002,BIS,ND,AGL,CE,Towers with Radar,7,30,45,5,87,0,2,16,2,20,7,32,61,7,107,12,2,14,121
05/23/2002,BIS,ND,AGL,CE,Towers with Radar,6,31,38,0,75,0,1,20,2,23,6,32,58,2,98,52,0,52,150
05/24/2002,BIS,ND,AGL,CE,Towers with Radar,8,30,36,1,75,0,2,53,3,58,8,32,89,4,133,90,0,90,223
05/25/2002,BIS,ND,AGL,CE,Towers with Radar,10,21,18,0,49,0,0,46,5,51,10,21,64,5,100,30,0,30,130
05/26/2002,BIS,ND,AGL,CE,Towers with Radar,4,13,10,0,27,0,1,14,0,15,4,14,24,0,42,46,0,46,88
05/27/2002,BIS,ND,AGL,CE,Towers with Radar,8,11,8,0,27,0,0,30,9,39,8,11,38,9,66,52,0,52,118
05/28/2002,BIS,ND,AGL,CE,Towers with Radar,7,24,28,2,61,0,3,41,8,52,7,27,69,10,113,18,28,46,159
05/29/2002,BIS,ND,AGL,CE,Towers with Radar,7,28,40,1,76,0,2,46,3,51,7,30,86,4,127,38,0,38,165
05/30/2002,BIS,ND,AGL,CE,Towers with Radar,6,30,41,7,84,0,1,51,6,58,6,31,92,13,142,36,22,58,200
05/31/2002,BIS,ND,AGL,CE,Towers with Radar,7,33,21,4,65,0,0,73,6,79,7,33,94,10,144,74,12,86,230
06/01/2002,BIS,ND,AGL,CE,Towers with Radar,6,21,5,0,32,1,3,31,13,48,7,24,36,13,80,40,2,42,122
06/02/2002,BIS,ND,AGL,CE,Towers with Radar,6,13,8,4,31,1,2,14,2,19,7,15,22,6,50,20,8,28,78
06/03/2002,BIS,ND,AGL,CE,Towers with Radar,6,22,26,2,56,0,1,27,0,28,6,23,53,2,84,24,0,24,108
06/04/2002,BIS,ND,AGL,CE,Towers with Radar,7,31,28,5,71,0,1,47,4,52,7,32,75,9,123,24,6,30,153
06/05/2002,BIS,ND,AGL,CE,Towers with Radar,6,25,31,4,66,0,2,43,11,56,6,27,74,15,122,64,0,64,186
06/06/2002,BIS,ND,AGL,CE,Towers with Radar,7,31,42,2,82,0,1,47,4,52,7,32,89,6,134,38,8,46,180
06/07/2002,BIS,ND,AGL,CE,Towers with Radar,9,34,38,2,83,0,3,35,2,40,9,37,73,4,123,54,2,56,179
06/08/2002,BIS,ND,AGL,CE,Towers with Radar,9,20,12,0,41,0,1,34,1,36,9,21,46,1,77,0,0,0,77
06/09/2002,BIS,ND,AGL,CE,Towers with Radar,10,14,12,2,38,0,0,9,0,9,10,14,21,2,47,0,0,0,47
06/10/2002,BIS,ND,AGL,CE,Towers with Radar,7,22,41,4,74,0,0,20,3,23,7,22,61,7,97,2,0,2,99
06/11/2002,BIS,ND,AGL,CE,Towers with Radar,8,33,32,4,77,0,15,36,0,51,8,48,68,4,128,2,0,2,130
06/12/2002,BIS,ND,AGL,CE,Towers with Radar,8,45,58,4,115,0,1,44,4,49,8,46,102,8,164,48,4,52,216
06/13/2002,BIS,ND,AGL,CE,Towers with Radar,7,29,39,4,79,0,0,36,8,44,7,29,75,12,123,12,0,12,135
06/14/2002,BIS,ND,AGL,CE,Towers with Radar,7,34,28,1,70,0,10,53,2,65,7,44,81,3,135,98,2,100,235
06/15/2002,BIS,ND,AGL,CE,Towers with Radar,9,24,23,1,57,0,4,65,8,77,9,28,88,9,134,78,20,98,232
06/16/2002,BIS,ND,AGL,CE,Towers with Radar,9,12,13,0,34,0,1,48,5,54,9,13,61,5,88,132,2,134,222
06/17/2002,BIS,ND,AGL,CE,Towers with Radar,8,24,38,3,73,0,0,24,3,27,8,24,62,6,100,24,2,26,126
06/18/2002,BIS,ND,AGL,CE,Towers with Radar,8,32,29,3,72,0,3,32,3,38,8,35,61,6,110,26,0,26,136
06/19/2002,BIS,ND,AGL,CE,Towers with Radar,8,31,34,3,76,0,5,40,4,49,8,36,74,7,125,36,18,54,179
06/20/2002,BIS,ND,AGL,CE,Towers with Radar,9,29,45,0,83,0,0,55,4,59,9,29,100,4,142,56,14,70,212
06/21/2002,BIS,ND,AGL,CE,Towers with Radar,9,31,31,4,75,0,0,45,2,47,9,31,76,6,122,38,0,38,160
06/22/2002,BIS,ND,AGL,CE,Towers with Radar,10,21,10,2,43,0,5,28,0,33,10,26,38,2,76,26,0,26,102
06/23/2002,BIS,ND,AGL,CE,Towers with Radar,7,12,3,4,26,0,2,11,0,13,7,14,14,4,39,2,0,2,41
06/24/2002,BIS,ND,AGL,CE,Towers with Radar,8,22,41,11,82,0,6,24,9,39,8,28,65,20,121,12,12,24,145
06/25/2002,BIS,ND,AGL,CE,Towers with Radar,8,28,27,6,69,0,0,39,2,41,8,28,66,8,110,8,4,12,122
06/26/2002,BIS,ND,AGL,CE,Towers with Radar,7,29,52,7,95,0,0,58,7,65,7,29,110,14,160,32,2,34,194
06/27/2002,BIS,ND,AGL,CE,Towers with Radar,8,33,28,4,73,0,0,60,1,61,8,33,88,5,134,46,14,60,194
06/28/2002,BIS,ND,AGL,CE,Towers with Radar,8,28,24,0,60,0,0,44,0,44,8,28,68,0,104,52,0,52,156
06/29/2002,BIS,ND,AGL,CE,Towers with Radar,11,22,22,4,59,0,7,47,0,54,11,29,69,4,113,64,2,66,179
06/30/2002,BIS,ND,AGL,CE,Towers with Radar,9,12,12,1,34,0,2,45,5,52,9,14,57,6,86,54,0,54,140
07/01/2002,BIS,ND,AGL,CE,Towers with Radar,7,22,27,0,56,0,1,47,0,48,7,23,74,0,104,56,0,56,160
07/02/2002,BIS,ND,AGL,CE,Towers with Radar,9,30,34,2,75,0,0,68,0,68,9,30,102,2,143,50,0,50,193
07/03/2002,BIS,ND,AGL,CE,Towers with Radar,7,29,28,0,64,0,0,47,0,47,7,29,75,0,111,28,0,28,139
07/04/2002,BIS,ND,AGL,CE,Towers with Radar,7,14,10,0,31,0,0,23,0,23,7,14,33,0,54,10,2,12,66
07/05/2002,BIS,ND,AGL,CE,Towers with Radar,6,36,8,0,50,0,5,35,7,47,6,41,43,7,97,32,12,44,141
07/06/2002,BIS,ND,AGL,CE,Towers with Radar,9,17,4,0,30,0,1,40,1,42,9,18,44,1,72,8,0,8,80
07/07/2002,BIS,ND,AGL,CE,Towers with Radar,9,13,19,0,41,0,2,17,0,19,9,15,36,0,60,22,0,22,82
07/08/2002,BIS,ND,AGL,CE,Towers with Radar,8,23,43,2,76,0,0,39,5,44,8,23,82,7,120,14,8,22,142
07/09/2002,BIS,ND,AGL,CE,Towers with Radar,8,35,54,17,114,0,0,28,6,34,8,35,82,23,148,18,6,24,172
07/10/2002,BIS,ND,AGL,CE,Towers with Radar,10,29,41,8,88,0,0,20,14,34,10,29,61,22,122,0,8,8,130
07/11/2002,BIS,ND,AGL,CE,Towers with Radar,7,31,51,3,92,0,0,55,5,60,7,31,106,8,152,70,30,100,252
07/12/2002,BIS,ND,AGL,CE,Towers with Radar,8,31,34,6,79,0,0,60,3,63,8,31,94,9,142,98,20,118,260
07/13/2002,BIS,ND,AGL,CE,Towers with Radar,8,20,17,2,47,0,5,61,3,69,8,25,78,5,116,106,4,110,226
07/14/2002,BIS,ND,AGL,CE,Towers with Radar,8,11,9,2,30,0,2,32,1,35,8,13,41,3,65,58,0,58,123
07/15/2002,BIS,ND,AGL,CE,Towers with Radar,9,25,31,0,65,0,0,62,9,71,9,25,93,9,136,34,10,44,180
07/16/2002,BIS,ND,AGL,CE,Towers with Radar,10,29,49,0,88,0,0,42,8,50,10,29,91,8,138,24,0,24,162
07/17/2002,BIS,ND,AGL,CE,Towers with Radar,7,29,44,6,86,0,2,30,0,32,7,31,74,6,118,48,18,66,184
07/18/2002,BIS,ND,AGL,CE,Towers with Radar,8,30,80,9,127,0,3,37,5,45,8,33,117,14,172,96,0,96,268
07/19/2002,BIS,ND,AGL,CE,Towers with Radar,8,34,33,0,75,0,0,32,5,37,8,34,65,5,112,50,0,50,162
07/20/2002,BIS,ND,AGL,CE,Towers with Radar,9,20,15,1,45,0,1,39,4,44,9,21,54,5,89,86,0,86,175
07/21/2002,BIS,ND,AGL,CE,Towers with Radar,7,14,21,0,42,0,5,45,1,51,7,19,66,1,93,41,0,41,134
07/22/2002,BIS,ND,AGL,CE,Towers with Radar,9,22,36,2,69,0,0,35,5,40,9,22,71,7,109,36,0,36,145
07/23/2002,BIS,ND,AGL,CE,Towers with Radar,9,30,36,0,75,0,1,47,1,49,9,31,83,1,124,16,8,24,148
07/24/2002,BIS,ND,AGL,CE,Towers with Radar,7,30,40,0,77,0,8,53,3,64,7,38,93,3,141,56,12,68,209
07/25/2002,BIS,ND,AGL,CE,Towers with Radar,6,27,40,0,73,1,2,56,2,61,7,29,96,2,134,112,2,114,248
07/26/2002,BIS,ND,AGL,CE,Towers with Radar,9,27,30,0,66,0,0,35,0,35,9,27,65,0,101,48,0,48,149
07/27/2002,BIS,ND,AGL,CE,Towers with Radar,8,19,6,5,38,0,4,54,0,58,8,23,60,5,96,28,0,28,124
07/28/2002,BIS,ND,AGL,CE,Towers with Radar,7,14,11,0,32,0,0,31,0,31,7,14,42,0,63,8,0,8,71
07/29/2002,BIS,ND,AGL,CE,Towers with Radar,8,23,34,4,69,0,4,64,0,68,8,27,98,4,137,46,0,46,183
07/30/2002,BIS,ND,AGL,CE,Towers with Radar,9,30,35,1,75,0,0,60,3,63,9,30,95,4,138,18,0,18,156
07/31/2002,BIS,ND,AGL,CE,Towers with Radar,6,32,30,3,71,0,0,48,11,59,6,32,78,14,130,52,8,60,190
08/01/2002,BIS,ND,AGL,CE,Towers with Radar,6,30,16,1,53,1,2,50,3,56,7,32,66,4,109,16,4,20,129
08/02/2002,BIS,ND,AGL,CE,Towers with Radar,7,26,32,3,68,0,8,56,6,70,7,34,88,9,138,116,2,118,256
08/03/2002,BIS,ND,AGL,CE,Towers with Radar,11,18,8,0,37,0,16,62,5,83,11,34,70,5,120,84,4,88,208
08/04/2002,BIS,ND,AGL,CE,Towers with Radar,7,12,11,0,30,1,2,39,4,46,8,14,50,4,76,22,0,22,98
08/05/2002,BIS,ND,AGL,CE,Towers with Radar,8,24,34,4,70,0,0,39,11,50,8,24,73,15,120,16,8,24,144
08/06/2002,BIS,ND,AGL,CE,Towers with Radar,9,31,46,4,90,0,6,30,5,41,9,37,76,9,131,0,8,8,139
08/07/2002,BIS,ND,AGL,CE,Towers with Radar,11,35,45,4,95,0,1,62,16,79,11,36,107,20,174,12,14,26,200
08/08/2002,BIS,ND,AGL,CE,Towers with Radar,6,29,36,2,73,0,6,36,3,45,6,35,72,5,118,96,4,100,218
08/09/2002,BIS,ND,AGL,CE,Towers with Radar,5,34,36,2,77,0,0,38,2,40,5,34,74,4,117,108,0,108,225
08/10/2002,BIS,ND,AGL,CE,Towers with Radar,12,18,7,2,39,0,3,38,1,42,12,21,45,3,81,73,0,73,154
08/11/2002,BIS,ND,AGL,CE,Towers with Radar,10,13,8,2,33,0,1,16,1,18,10,14,24,3,51,56,0,56,107
08/12/2002,BIS,ND,AGL,CE,Towers with Radar,8,21,38,3,70,0,3,30,0,33,8,24,68,3,103,25,0,25,128
08/13/2002,BIS,ND,AGL,CE,Towers with Radar,8,27,39,0,74,0,3,61,2,66,8,30,100,2,140,28,0,28,168
08/14/2002,BIS,ND,AGL,CE,Towers with Radar,7,27,40,2,76,0,1,32,0,33,7,28,72,2,109,30,0,30,139
08/15/2002,BIS,ND,AGL,CE,Towers with Radar,7,25,48,3,83,0,5,25,1,31,7,30,73,4,114,54,16,70,184
08/16/2002,BIS,ND,AGL,CE,Towers with Radar,8,24,30,2,64,0,7,42,4,53,8,31,72,6,117,76,20,96,213
08/17/2002,BIS,ND,AGL,CE,Towers with Radar,7,21,12,5,45,0,4,35,2,41,7,25,47,7,86,60,10,70,156
08/18/2002,BIS,ND,AGL,CE,Towers with Radar,10,9,9,0,28,0,2,33,0,35,10,11,42,0,63,76,0,76,139
08/19/2002,BIS,ND,AGL,CE,Towers with Radar,7,19,28,2,56,0,2,49,4,55,7,21,77,6,111,20,0,20,131
08/20/2002,BIS,ND,AGL,CE,Towers with Radar,10,24,34,6,74,0,0,28,6,34,10,24,62,12,108,24,40,64,172
08/21/2002,BIS,ND,AGL,CE,Towers with Radar,8,29,35,0,72,0,3,15,16,34,8,32,50,16,106,0,4,4,110
08/22/2002,BIS,ND,AGL,CE,Towers with Radar,7,27,58,3,95,0,14,16,7,37,7,41,74,10,132,76,6,82,214
08/23/2002,BIS,ND,AGL,CE,Towers with Radar,8,30,38,0,76,0,1,50,12,63,8,31,88,12,139,92,0,92,231
08/24/2002,BIS,ND,AGL,CE,Towers with Radar,8,20,13,3,44,0,3,54,15,72,8,23,67,18,116,90,8,98,214
08/25/2002,BIS,ND,AGL,CE,Towers with Radar,8,10,3,1,22,0,0,43,7,50,8,10,46,8,72,78,0,78,150
08/26/2002,BIS,ND,AGL,CE,Towers with Radar,8,16,36,2,62,0,1,63,3,67,8,17,99,5,129,49,0,49,178
08/27/2002,BIS,ND,AGL,CE,Towers with Radar,9,30,61,2,102,0,3,46,5,54,9,33,107,7,156,64,0,64,220
08/28/2002,BIS,ND,AGL,CE,Towers with Radar,8,26,45,2,81,0,1,32,6,39,8,27,77,8,120,46,10,56,176
08/29/2002,BIS,ND,AGL,CE,Towers with Radar,8,29,42,7,86,0,0,50,3,53,8,29,92,10,139,82,6,88,227
08/30/2002,BIS,ND,AGL,CE,Towers with Radar,12,28,48,1,89,0,7,41,8,56,12,35,89,9,145,26,6,32,177
08/31/2002,BIS,ND,AGL,CE,Towers with Radar,8,22,9,0,39,0,3,30,1,34,8,25,39,1,73,70,6,76,149
09/01/2002,BIS,ND,AGL,CE,Towers with Radar,8,11,4,2,25,0,0,19,0,19,8,11,23,2,44,60,0,60,104
09/02/2002,BIS,ND,AGL,CE,Towers with Radar,6,10,4,0,20,0,0,18,0,18,6,10,22,0,38,2,0,2,40
09/03/2002,BIS,ND,AGL,CE,Towers with Radar,9,19,28,2,58,0,1,34,18,53,9,20,62,20,111,64,22,86,197
09/04/2002,BIS,ND,AGL,CE,Towers with Radar,7,25,44,1,77,0,3,62,0,65,7,28,106,1,142,22,42,64,206
09/05/2002,BIS,ND,AGL,CE,Towers with Radar,7,27,41,0,75,0,0,33,3,36,7,27,74,3,111,52,0,52,163
09/06/2002,BIS,ND,AGL,CE,Towers with Radar,10,32,31,2,75,0,0,30,4,34,10,32,61,6,109,106,0,106,215
09/07/2002,BIS,ND,AGL,CE,Towers with Radar,9,16,11,0,36,0,0,54,2,56,9,16,65,2,92,42,0,42,134
09/08/2002,BIS,ND,AGL,CE,Towers with Radar,6,12,9,2,29,0,0,16,0,16,6,12,25,2,45,34,0,34,79
09/09/2002,BIS,ND,AGL,CE,Towers with Radar,8,26,37,2,73,0,0,24,3,27,8,26,61,5,100,74,0,74,174
09/10/2002,BIS,ND,AGL,CE,Towers with Radar,7,26,35,0,68,0,0,63,8,71,7,26,98,8,139,6,0,6,145
09/11/2002,BIS,ND,AGL,CE,Towers with Radar,8,32,36,4,80,0,2,61,3,66,8,34,97,7,146,84,0,84,230
09/12/2002,BIS,ND,AGL,CE,Towers with Radar,7,25,34,3,69,0,0,61,5,66,7,25,95,8,135,42,0,42,177
09/13/2002,BIS,ND,AGL,CE,Towers with Radar,8,31,28,3,70,0,0,38,4,42,8,31,66,7,112,100,8,108,220
09/14/2002,BIS,ND,AGL,CE,Towers with Radar,7,17,11,7,42,0,0,40,6,46,7,17,51,13,88,84,0,84,172
09/15/2002,BIS,ND,AGL,CE,Towers with Radar,7,11,15,2,35,0,2,45,4,51,7,13,60,6,86,56,2,58,144
09/16/2002,BIS,ND,AGL,CE,Towers with Radar,8,17,35,5,65,0,2,48,3,53,8,19,83,8,118,56,2,58,176
09/17/2002,BIS,ND,AGL,CE,Towers with Radar,9,26,39,6,80,0,0,31,1,32,9,26,70,7,112,29,12,41,153
09/18/2002,BIS,ND,AGL,CE,Towers with Radar,7,32,47,2,88,0,2,28,8,38,7,34,75,10,126,12,14,26,152
09/19/2002,BIS,ND,AGL,CE,Towers with Radar,8,38,49,0,95,0,0,41,7,48,8,38,90,7,143,126,0,126,269
09/20/2002,BIS,ND,AGL,CE,Towers with Radar,8,30,26,5,69,0,4,60,7,71,8,34,86,12,140,6,6,12,152
09/21/2002,BIS,ND,AGL,CE,Towers with Radar,11,16,17,2,46,0,5,39,21,65,11,21,56,23,111,36,22,58,169
09/22/2002,BIS,ND,AGL,CE,Towers with Radar,5,13,7,5,30,0,0,24,0,24,5,13,31,5,54,70,20,90,144
09/23/2002,BIS,ND,AGL,CE,Towers with Radar,8,20,47,1,76,0,3,27,3,33,8,23,74,4,109,50,0,50,159
09/24/2002,BIS,ND,AGL,CE,Towers with Radar,10,29,53,4,96,0,2,49,4,55,10,31,102,8,151,30,0,30,181
09/25/2002,BIS,ND,AGL,CE,Towers with Radar,7,30,52,2,91,0,2,31,6,39,7,32,83,8,130,94,0,94,224
09/26/2002,BIS,ND,AGL,CE,Towers with Radar,7,27,54,2,90,0,5,80,6,91,7,32,134,8,181,78,4,82,263
09/27/2002,BIS,ND,AGL,CE,Towers with Radar,8,24,38,2,72,0,5,37,0,42,8,29,75,2,114,42,2,44,158
09/28/2002,BIS,ND,AGL,CE,Towers with Radar,9,17,26,0,52,0,5,42,0,47,9,22,68,0,99,84,0,84,183
09/29/2002,BIS,ND,AGL,CE,Towers with Radar,7,12,11,2,32,0,0,12,1,13,7,12,23,3,45,12,0,12,57
09/30/2002,BIS,ND,AGL,CE,Towers with Radar,7,17,24,3,51,0,0,20,5,25,7,17,44,8,76,8,10,18,94
10/01/2002,BIS,ND,AGL,CE,Towers with Radar,8,28,31,8,75,1,1,41,2,45,9,29,72,10,120,8,8,16,136
10/02/2002,BIS,ND,AGL,CE,Towers with Radar,5,29,32,2,68,3,1,53,2,59,8,30,85,4,127,46,2,48,175
10/03/2002,BIS,ND,AGL,CE,Towers with Radar,4,18,31,7,60,3,11,45,0,59,7,29,76,7,119,36,16,52,171
10/04/2002,BIS,ND,AGL,CE,Towers with Radar,5,20,29,4,58,3,4,22,0,29,8,24,51,4,87,74,12,86,173
10/05/2002,BIS,ND,AGL,CE,Towers with Radar,4,17,28,2,51,3,5,22,0,30,7,22,50,2,81,8,0,8,89
10/06/2002,BIS,ND,AGL,CE,Towers with Radar,3,9,4,4,20,3,7,19,0,29,6,16,23,4,49,0,0,0,49
10/07/2002,BIS,ND,AGL,CE,Towers with Radar,8,14,26,15,63,3,7,35,1,46,11,21,61,16,109,6,8,14,123
10/08/2002,BIS,ND,AGL,CE,Towers with Radar,5,22,46,10,83,3,10,21,0,34,8,32,67,10,117,80,0,80,197
10/09/2002,BIS,ND,AGL,CE,Towers with Radar,9,25,42,6,82,3,2,52,0,57,12,27,94,6,139,96,44,140,279
10/10/2002,BIS,ND,AGL,CE,Towers with Radar,7,28,45,9,89,2,4,70,0,76,9,32,115,9,165,104,18,122,287
10/11/2002,BIS,ND,AGL,CE,Towers with Radar,6,23,39,9,77,2,16,38,0,56,8,39,77,9,133,78,0,78,211
10/12/2002,BIS,ND,AGL,CE,Towers with Radar,6,22,9,0,37,2,1,23,0,26,8,23,32,0,63,62,0,62,125
10/13/2002,BIS,ND,AGL,CE,Towers with Radar,6,11,7,0,24,1,3,60,0,64,7,14,67,0,88,82,0,82,170
10/14/2002,BIS,ND,AGL,CE,Towers with Radar,6,12,31,2,51,2,7,22,0,31,8,19,53,2,82,14,0,14,96
10/15/2002,BIS,ND,AGL,CE,Towers with Radar,10,30,56,14,110,2,7,20,0,29,12,37,76,14,139,44,4,48,187
10/16/2002,BIS,ND,AGL,CE,Towers with Radar,6,26,40,9,81,2,3,11,4,20,8,29,51,13,101,44,6,50,151
10/17/2002,BIS,ND,AGL,CE,Towers with Radar,7,27,55,10,99,1,4,12,4,21,8,31,67,14,120,20,0,20,140
10/18/2002,BIS,ND,AGL,CE,Towers with Radar,9,27,38,10,84,1,4,31,6,42,10,31,69,16,126,58,16,74,200
10/19/2002,BIS,ND,AGL,CE,Towers with Radar,7,21,3,10,41,1,4,51,0,56,8,25,54,10,97,42,8,50,147
10/20/2002,BIS,ND,AGL,CE,Towers with Radar,5,10,11,10,36,1,6,14,0,21,6,16,25,10,57,2,6,8,65
10/21/2002,BIS,ND,AGL,CE,Towers with Radar,9,15,45,6,75,1,4,19,0,24,10,19,64,6,99,0,0,0,99
10/22/2002,BIS,ND,AGL,CE,Towers with Radar,8,33,33,1,75,1,2,24,10,37,9,35,57,11,112,26,9,35,147
10/23/2002,BIS,ND,AGL,CE,Towers with Radar,7,20,34,11,72,1,7,48,0,56,8,27,82,11,128,106,12,118,246
10/24/2002,BIS,ND,AGL,CE,Towers with Radar,7,23,47,8,85,1,7,29,0,37,8,30,76,8,122,92,10,102,224
10/25/2002,BIS,ND,AGL,CE,Towers with Radar,8,22,37,2,69,0,8,21,0,29,8,30,58,2,98,34,0,34,132
10/26/2002,BIS,ND,AGL,CE,Towers with Radar,6,13,10,2,31,1,6,19,0,26,7,19,29,2,57,88,0,88,145
10/27/2002,BIS,ND,AGL,CE,Towers with Radar,7,14,16,0,37,1,1,11,0,13,8,15,27,0,50,80,0,80,130
10/28/2002,BIS,ND,AGL,CE,Towers with Radar,10,21,40,4,75,1,5,2,0,8,11,26,42,4,83,4,6,10,93
10/29/2002,BIS,ND,AGL,CE,Towers with Radar,7,30,46,0,83,1,1,1,0,3,8,31,47,0,86,0,0,0,86
10/30/2002,BIS,ND,AGL,CE,Towers with Radar,7,26,55,11,99,1,4,16,0,21,8,30,71,11,120,57,23,80,200
10/31/2002,BIS,ND,AGL,CE,Towers with Radar,8,31,35,5,79,1,4,43,0,48,9,35,78,5,127,32,0,32,159
11/01/2002,BIS,ND,AGL,CE,Towers with Radar,11,35,39,8,93,0,0,45,7,52,11,35,84,15,145,54,0,54,199
11/02/2002,BIS,ND,AGL,CE,Towers with Radar,10,19,15,4,48,0,1,39,10,50,10,20,54,14,98,22,0,22,120
11/03/2002,BIS,ND,AGL,CE,Towers with Radar,8,16,5,5,34,0,0,27,4,31,8,16,32,9,65,48,18,66,131
11/04/2002,BIS,ND,AGL,CE,Towers with Radar,8,26,28,11,73,0,0,31,1,32,8,26,59,12,105,16,8,24,129
11/05/2002,BIS,ND,AGL,CE,Towers with Radar,8,28,48,0,84,0,3,26,6,35,8,31,74,6,119,20,18,38,157
11/06/2002,BIS,ND,AGL,CE,Towers with Radar,8,36,48,3,95,0,0,43,7,50,8,36,91,10,145,40,2,42,187
11/07/2002,BIS,ND,AGL,CE,Towers with Radar,7,33,40,0,80,0,10,64,1,75,7,43,104,1,155,42,0,42,197
11/08/2002,BIS,ND,AGL,CE,Towers with Radar,12,31,38,0,81,0,0,40,2,42,12,31,78,2,123,114,0,114,237
11/09/2002,BIS,ND,AGL,CE,Towers with Radar,4,12,14,2,32,4,9,2,0,15,8,21,16,2,47,50,0,50,97
11/10/2002,BIS,ND,AGL,CE,Towers with Radar,8,14,4,0,26,0,0,7,0,7,8,14,11,0,33,0,0,0,33
11/11/2002,BIS,ND,AGL,CE,Towers with Radar,10,20,28,0,58,0,0,15,3,18,10,20,43,3,76,28,6,34,110
11/12/2002,BIS,ND,AGL,CE,Towers with Radar,8,36,46,6,96,0,0,43,8,51,8,36,89,14,147,14,0,14,161
11/13/2002,BIS,ND,AGL,CE,Towers with Radar,7,26,45,6,84,0,0,21,8,29,7,26,66,14,113,11,2,13,126
11/14/2002,BIS,ND,AGL,CE,Towers with Radar,8,36,49,5,98,0,13,2,4,19,8,49,51,9,117,10,0,10,127
11/15/2002,BIS,ND,AGL,CE,Towers with Radar,8,27,48,3,86,0,6,27,0,33,8,33,75,3,119,18,0,18,137
11/16/2002,BIS,ND,AGL,CE,Towers with Radar,9,19,9,4,41,0,0,21,0,21,9,19,30,4,62,38,0,38,100
11/17/2002,BIS,ND,AGL,CE,Towers with Radar,8,10,10,0,28,0,1,23,0,24,8,11,33,0,52,28,0,28,80
11/18/2002,BIS,ND,AGL,CE,Towers with Radar,8,17,31,2,58,0,2,35,4,41,8,19,66,6,99,26,0,26,125
11/19/2002,BIS,ND,AGL,CE,Towers with Radar,9,23,59,1,92,0,4,33,7,44,9,27,92,8,136,29,0,29,165
11/20/2002,BIS,ND,AGL,CE,Towers with Radar,8,25,55,4,92,0,0,35,21,56,8,25,90,25,148,36,0,36,184
11/21/2002,BIS,ND,AGL,CE,Towers with Radar,7,27,61,3,98,0,2,36,3,41,7,29,97,6,139,72,6,78,217
11/22/2002,BIS,ND,AGL,CE,Towers with Radar,8,25,43,1,77,0,10,22,0,32,8,35,65,1,109,80,0,80,189
11/23/2002,BIS,ND,AGL,CE,Towers with Radar,8,20,12,1,41,0,0,12,0,12,8,20,24,1,53,0,0,0,53
11/24/2002,BIS,ND,AGL,CE,Towers with Radar,8,14,16,0,38,0,0,17,0,17,8,14,33,0,55,44,0,44,99
11/25/2002,BIS,ND,AGL,CE,Towers with Radar,8,27,42,3,80,0,2,23,12,37,8,29,65,15,117,22,4,26,143
11/26/2002,BIS,ND,AGL,CE,Towers with Radar,9,31,63,8,111,0,1,20,9,30,9,32,83,17,141,52,30,82,223
11/27/2002,BIS,ND,AGL,CE,Towers with Radar,8,28,25,1,62,0,0,45,9,54,8,28,70,10,116,38,32,70,186
11/28/2002,BIS,ND,AGL,CE,Towers with Radar,5,10,0,0,15,0,3,12,0,15,5,13,12,0,30,4,0,4,34
11/29/2002,BIS,ND,AGL,CE,Towers with Radar,4,21,14,2,41,0,0,16,2,18,4,21,30,4,59,10,2,12,71
11/30/2002,BIS,ND,AGL,CE,Towers with Radar,8,16,7,0,31,0,0,33,0,33,8,16,40,0,64,24,0,24,88
12/01/2002,BIS,ND,AGL,CE,Towers with Radar,7,12,3,2,24,1,1,20,0,22,8,13,23,2,46,62,0,62,108
12/02/2002,BIS,ND,AGL,CE,Towers with Radar,8,18,29,8,63,2,0,9,0,11,10,18,38,8,74,34,6,40,114
12/03/2002,BIS,ND,AGL,CE,Towers with Radar,7,25,50,4,86,2,0,16,7,25,9,25,66,11,111,32,0,32,143
12/04/2002,BIS,ND,AGL,CE,Towers with Radar,5,29,39,1,74,2,3,34,2,41,7,32,73,3,115,2,0,2,117
12/05/2002,BIS,ND,AGL,CE,Towers with Radar,4,27,36,6,73,2,6,32,6,46,6,33,68,12,119,10,16,26,145
12/06/2002,BIS,ND,AGL,CE,Towers with Radar,6,30,36,5,77,2,13,35,0,50,8,43,71,5,127,46,2,48,175
12/07/2002,BIS,ND,AGL,CE,Towers with Radar,7,19,20,0,46,1,1,14,0,16,8,20,34,0,62,12,0,12,74
12/08/2002,BIS,ND,AGL,CE,Towers with Radar,7,15,8,3,33,1,2,17,3,23,8,17,25,6,56,28,0,28,84
12/09/2002,BIS,ND,AGL,CE,Towers with Radar,9,15,41,2,67,0,8,36,0,44,9,23,77,2,111,4,0,4,115
12/10/2002,BIS,ND,AGL,CE,Towers with Radar,8,28,38,3,77,0,3,43,2,48,8,31,81,5,125,28,0,28,153
12/11/2002,BIS,ND,AGL,CE,Towers with Radar,8,27,37,7,79,0,2,52,6,60,8,29,89,13,139,2,0,2,141
12/12/2002,BIS,ND,AGL,CE,Towers with Radar,8,34,35,6,83,0,3,43,0,46,8,37,78,6,129,109,30,139,268
12/13/2002,BIS,ND,AGL,CE,Towers with Radar,8,30,38,8,84,0,3,35,0,38,8,33,73,8,122,68,8,76,198
12/14/2002,BIS,ND,AGL,CE,Towers with Radar,8,17,16,0,41,0,1,46,0,47,8,18,62,0,88,88,0,88,176
12/15/2002,BIS,ND,AGL,CE,Towers with Radar,13,11,5,5,34,0,8,33,0,41,13,19,38,5,75,76,6,82,157
12/16/2002,BIS,ND,AGL,CE,Towers with Radar,7,20,37,6,70,0,3,3,0,6,7,23,40,6,76,2,2,4,80
12/17/2002,BIS,ND,AGL,CE,Towers with Radar,9,30,48,14,101,0,1,1,1,3,9,31,49,15,104,4,0,4,108
12/18/2002,BIS,ND,AGL,CE,Towers with Radar,7,28,30,4,69,0,1,12,0,13,7,29,42,4,82,0,6,6,88
12/19/2002,BIS,ND,AGL,CE,Towers with Radar,8,28,37,5,78,0,3,8,0,11,8,31,45,5,89,0,0,0,89
12/20/2002,BIS,ND,AGL,CE,Towers with Radar,8,29,31,2,70,0,2,12,0,14,8,31,43,2,84,0,0,0,84
12/21/2002,BIS,ND,AGL,CE,Towers with Radar,8,22,9,1,40,0,0,29,0,29,8,22,38,1,69,36,0,36,105
12/22/2002,BIS,ND,AGL,CE,Towers with Radar,7,13,6,0,26,0,0,7,0,7,7,13,13,0,33,36,0,36,69
12/23/2002,BIS,ND,AGL,CE,Towers with Radar,8,21,16,0,45,0,0,13,0,13,8,21,29,0,58,26,0,26,84
12/24/2002,BIS,ND,AGL,CE,Towers with Radar,8,23,27,0,58,0,0,12,0,12,8,23,39,0,70,20,0,20,90
12/25/2002,BIS,ND,AGL,CE,Towers with Radar,7,11,0,0,18,0,0,14,0,14,7,11,14,0,32,2,0,2,34
12/26/2002,BIS,ND,AGL,CE,Towers with Radar,7,24,14,5,50,0,0,37,5,42,7,24,51,10,92,16,2,18,110
12/27/2002,BIS,ND,AGL,CE,Towers with Radar,8,20,16,6,50,0,4,34,4,42,8,24,50,10,92,22,40,62,154
12/28/2002,BIS,ND,AGL,CE,Towers with Radar,10,21,5,0,36,0,0,14,0,14,10,21,19,0,50,20,0,20,70
12/29/2002,BIS,ND,AGL,CE,Towers with Radar,11,12,1,0,24,0,2,8,0,10,11,14,9,0,34,0,0,0,34
12/30/2002,BIS,ND,AGL,CE,Towers with Radar,7,18,16,6,47,0,5,18,5,28,7,23,34,11,75,12,6,18,93
12/31/2002,BIS,ND,AGL,CE,Towers with Radar,9,25,13,2,49,0,1,20,0,21,9,26,33,2,70,10,0,10,80
01/01/2003,BIS,ND,AGL,CE,Towers with Radar,7,11,3,0,21,1,0,5,0,6,8,11,8,0,27,35,0,35,62
01/02/2003,BIS,ND,AGL,CE,Towers with Radar,7,26,40,5,78,1,3,23,12,39,8,29,63,17,117,36,38,74,191
01/03/2003,BIS,ND,AGL,CE,Towers with Radar,7,21,34,3,65,1,2,30,6,39,8,23,64,9,104,37,10,47,151
01/04/2003,BIS,ND,AGL,CE,Towers with Radar,7,19,11,2,39,1,1,14,7,23,8,20,25,9,62,60,10,70,132
01/05/2003,BIS,ND,AGL,CE,Towers with Radar,7,10,10,6,33,1,4,7,4,16,8,14,17,10,49,0,0,0,49
01/06/2003,BIS,ND,AGL,CE,Towers with Radar,8,21,30,2,61,0,0,14,2,16,8,21,44,4,77,18,13,31,108
01/07/2003,BIS,ND,AGL,CE,Towers with Radar,8,25,43,0,76,0,5,33,5,43,8,30,76,5,119,30,30,60,179
01/08/2003,BIS,ND,AGL,CE,Towers with Radar,8,25,40,4,77,0,0,36,6,42,8,25,76,10,119,34,18,52,171
01/09/2003,BIS,ND,AGL,CE,Towers with Radar,8,27,48,2,85,0,0,7,0,7,8,27,55,2,92,2,2,4,96
01/10/2003,BIS,ND,AGL,CE,Towers with Radar,8,27,30,2,67,0,0,30,7,37,8,27,60,9,104,36,20,56,160
01/11/2003,BIS,ND,AGL,CE,Towers with Radar,9,24,8,4,45,0,0,33,6,39,9,24,41,10,84,59,0,59,143
01/12/2003,BIS,ND,AGL,CE,Towers with Radar,8,16,7,2,33,0,0,13,6,19,8,16,20,8,52,42,0,42,94
01/13/2003,BIS,ND,AGL,CE,Towers with Radar,9,23,43,5,80,0,2,16,3,21,9,25,59,8,101,12,16,28,129
01/14/2003,BIS,ND,AGL,CE,Towers with Radar,8,25,57,11,101,0,4,49,3,56,8,29,106,14,157,28,8,36,193
01/15/2003,BIS,ND,AGL,CE,Towers with Radar,8,25,50,2,85,0,1,47,4,52,8,26,97,6,137,78,4,82,219
01/16/2003,BIS,ND,AGL,CE,Towers with Radar,10,24,40,10,84,0,12,46,8,66,10,36,86,18,150,98,42,140,290
01/17/2003,BIS,ND,AGL,CE,Towers with Radar,8,24,33,4,69,0,6,7,0,13,8,30,40,4,82,22,10,32,114
01/18/2003,BIS,ND,AGL,CE,Towers with Radar,10,19,28,0,57,0,0,9,3,12,10,19,37,3,69,54,2,56,125
01/19/2003,BIS,ND,AGL,CE,Towers with Radar,12,15,5,1,33,0,0,6,2,8,12,15,11,3,41,10,0,10,51
01/20/2003,BIS,ND,AGL,CE,Towers with Radar,9,25,30,0,64,0,0,18,0,18,9,25,48,0,82,46,2,48,130
01/21/2003,BIS,ND,AGL,CE,Towers with Radar,9,27,43,4,83,0,0,9,5,14,9,27,52,9,97,10,1,11,108
01/22/2003,BIS,ND,AGL,CE,Towers with Radar,5,25,46,8,84,0,3,19,7,29,5,28,65,15,113,14,16,30,143
01/23/2003,BIS,ND,AGL,CE,Towers with Radar,7,29,40,8,84,0,0,16,10,26,7,29,56,18,110,2,20,22,132
01/24/2003,BIS,ND,AGL,CE,Towers with Radar,10,33,31,6,80,0,0,27,0,27,10,33,58,6,107,32,6,38,145
01/25/2003,BIS,ND,AGL,CE,Towers with Radar,11,17,8,1,37,0,0,12,3,15,11,17,20,4,52,60,0,60,112
01/26/2003,BIS,ND,AGL,CE,Towers with Radar,8,14,9,4,35,0,0,9,2,11,8,14,18,6,46,10,0,10,56
01/27/2003,BIS,ND,AGL,CE,Towers with Radar,9,18,30,3,60,0,11,30,1,42,9,29,60,4,102,42,0,42,144
01/28/2003,BIS,ND,AGL,CE,Towers with Radar,9,24,39,0,72,0,0,5,1,6,9,24,44,1,78,2,0,2,80
01/29/2003,BIS,ND,AGL,CE,Towers with Radar,9,27,38,6,80,0,3,18,3,24,9,30,56,9,104,14,10,24,128
01/30/2003,BIS,ND,AGL,CE,Towers with Radar,6,29,32,0,67,0,2,28,14,44,6,31,60,14,111,40,0,40,151
01/31/2003,BIS,ND,AGL,CE,Towers with Radar,10,26,21,3,60,0,1,38,6,45,10,27,59,9,105,56,12,68,173
02/01/2003,BIS,ND,AGL,CE,Towers with Radar,9,14,8,3,34,0,0,26,0,26,9,14,34,3,60,94,4,98,158
02/02/2003,BIS,ND,AGL,CE,Towers with Radar,6,12,2,0,20,0,1,1,0,2,6,13,3,0,22,0,0,0,22
02/03/2003,BIS,ND,AGL,CE,Towers with Radar,13,24,34,6,77,0,0,22,8,30,13,24,56,14,107,48,18,66,173
02/04/2003,BIS,ND,AGL,CE,Towers with Radar,9,26,48,0,83,0,3,28,23,54,9,29,76,23,137,12,4,16,153
02/05/2003,BIS,ND,AGL,CE,Towers with Radar,7,25,59,2,93,0,3,7,1,11,7,28,66,3,104,7,0,7,111
02/06/2003,BIS,ND,AGL,CE,Towers with Radar,8,25,47,6,86,0,6,28,10,44,8,31,75,16,130,40,4,44,174
02/07/2003,BIS,ND,AGL,CE,Towers with Radar,8,26,35,4,73,0,3,22,5,30,8,29,57,9,103,8,27,35,138
02/08/2003,BIS,ND,AGL,CE,Towers with Radar,7,17,9,5,38,0,3,18,6,27,7,20,27,11,65,40,8,48,113
02/09/2003,BIS,ND,AGL,CE,Towers with Radar,11,12,4,3,30,0,1,9,18,28,11,13,13,21,58,0,44,44,102
02/10/2003,BIS,ND,AGL,CE,Towers with Radar,11,20,20,0,51,0,0,28,6,34,11,20,48,6,85,21,14,35,120
02/11/2003,BIS,ND,AGL,CE,Towers with Radar,8,26,38,3,75,0,2,2,0,4,8,28,40,3,79,0,0,0,79
02/12/2003,BIS,ND,AGL,CE,Towers with Radar,8,26,46,3,83,0,0,33,2,35,8,26,79,5,118,14,5,19,137
02/13/2003,BIS,ND,AGL,CE,Towers with Radar,6,25,68,5,104,0,6,2,1,9,6,31,70,6,113,0,36,36,149
02/14/2003,BIS,ND,AGL,CE,Towers with Radar,9,24,33,13,79,0,4,2,2,8,9,28,35,15,87,0,6,6,93
02/15/2003,BIS,ND,AGL,CE,Towers with Radar,7,16,6,0,29,0,0,0,0,0,7,16,6,0,29,16,0,16,45
02/16/2003,BIS,ND,AGL,CE,Towers with Radar,9,11,0,0,20,0,1,23,0,24,9,12,23,0,44,80,0,80,124
02/17/2003,BIS,ND,AGL,CE,Towers with Radar,9,24,31,1,65,0,0,2,1,3,9,24,33,2,68,6,0,6,74
02/18/2003,BIS,ND,AGL,CE,Towers with Radar,8,28,46,10,92,0,2,18,7,27,8,30,64,17,119,10,8,18,137
02/19/2003,BIS,ND,AGL,CE,Towers with Radar,8,29,33,1,71,0,5,39,9,53,8,34,72,10,124,40,6,46,170
02/20/2003,BIS,ND,AGL,CE,Towers with Radar,6,26,39,5,76,0,11,28,0,39,6,37,67,5,115,6,8,14,129
02/21/2003,BIS,ND,AGL,CE,Towers with Radar,10,24,36,2,72,0,10,19,3,32,10,34,55,5,104,48,2,50,154
02/22/2003,BIS,ND,AGL,CE,Towers with Radar,9,22,16,0,47,0,1,11,0,12,9,23,27,0,59,62,0,62,121
02/23/2003,BIS,ND,AGL,CE,Towers with Radar,5,12,16,2,35,3,1,5,3,12,8,13,21,5,47,40,10,50,97
02/24/2003,BIS,ND,AGL,CE,Towers with Radar,8,21,25,1,55,0,17,27,8,52,8,38,52,9,107,56,18,74,181
02/25/2003,BIS,ND,AGL,CE,Towers with Radar,9,28,31,0,68,0,0,36,9,45,9,28,67,9,113,27,0,27,140
02/26/2003,BIS,ND,AGL,CE,Towers with Radar,8,30,40,4,82,0,0,51,5,56,8,30,91,9,138,48,8,56,194
02/27/2003,BIS,ND,AGL,CE,Towers with Radar,8,25,29,5,67,0,0,54,6,60,8,25,83,11,127,60,26,86,213
02/28/2003,BIS,ND,AGL,CE,Towers with Radar,10,30,32,1,73,0,1,35,7,43,10,31,67,8,116,86,8,94,210
03/01/2003,BIS,ND,AGL,CE,Towers with Radar,8,16,15,2,41,1,0,6,1,8,9,16,21,3,49,4,4,8,57
03/02/2003,BIS,ND,AGL,CE,Towers with Radar,8,14,10,0,32,0,1,15,3,19,8,15,25,3,51,40,2,42,93
03/03/2003,BIS,ND,AGL,CE,Towers with Radar,8,22,28,0,58,2,0,15,0,17,10,22,43,0,75,0,10,10,85
03/04/2003,BIS,ND,AGL,CE,Towers with Radar,8,29,46,0,83,0,4,24,9,37,8,33,70,9,120,6,4,10,130
03/05/2003,BIS,ND,AGL,CE,Towers with Radar,6,23,31,0,60,1,4,18,5,28,7,27,49,5,88,24,6,30,118
03/06/2003,BIS,ND,AGL,CE,Towers with Radar,7,26,36,1,70,0,7,8,10,25,7,33,44,11,95,0,8,8,103
03/07/2003,BIS,ND,AGL,CE,Towers with Radar,8,34,41,13,96,1,0,0,0,1,9,34,41,13,97,4,4,8,105
03/08/2003,BIS,ND,AGL,CE,Towers with Radar,6,12,10,4,32,0,3,12,6,21,6,15,22,10,53,8,4,12,65
03/09/2003,BIS,ND,AGL,CE,Towers with Radar,9,15,11,5,40,0,1,14,9,24,9,16,25,14,64,28,2,30,94
03/10/2003,BIS,ND,AGL,CE,Towers with Radar,12,20,29,1,62,0,8,9,9,26,12,28,38,10,88,4,0,4,92
03/11/2003,BIS,ND,AGL,CE,Towers with Radar,8,27,54,2,91,0,2,20,7,29,8,29,74,9,120,14,0,14,134
03/12/2003,BIS,ND,AGL,CE,Towers with Radar,10,30,38,1,79,0,1,17,13,31,10,31,55,14,110,18,0,18,128
03/13/2003,BIS,ND,AGL,CE,Towers with Radar,7,21,57,4,89,0,10,12,11,33,7,31,69,15,122,66,6,72,194
03/14/2003,BIS,ND,AGL,CE,Towers with Radar,7,25,30,0,62,0,1,36,9,46,7,26,66,9,108,111,8,119,227
03/15/2003,BIS,ND,AGL,CE,Towers with Radar,9,20,18,0,47,0,10,48,2,60,9,30,66,2,107,66,0,66,173
03/16/2003,BIS,ND,AGL,CE,Towers with Radar,9,11,12,0,32,0,0,39,2,41,9,11,51,2,73,48,0,48,121
03/17/2003,BIS,ND,AGL,CE,Towers with Radar,7,21,30,1,59,0,0,0,1,1,7,21,30,2,60,0,0,0,60
03/18/2003,BIS,ND,AGL,CE,Towers with Radar,8,24,28,0,60,0,0,6,0,6,8,24,34,0,66,0,0,0,66
03/19/2003,BIS,ND,AGL,CE,Towers with Radar,8,23,33,0,64,0,3,1,0,4,8,26,34,0,68,0,0,0,68
03/20/2003,BIS,ND,AGL,CE,Towers with Radar,7,21,47,4,79,0,3,13,3,19,7,24,60,7,98,66,8,74,172
03/21/2003,BIS,ND,AGL,CE,Towers with Radar,9,23,24,1,57,0,1,54,6,61,9,24,78,7,118,28,6,34,152
03/22/2003,BIS,ND,AGL,CE,Towers with Radar,6,16,20,0,42,0,16,44,78,138,6,32,64,78,180,0,0,0,180
03/23/2003,BIS,ND,AGL,CE,Towers with Radar,8,11,13,0,32,0,3,12,0,15,8,14,25,0,47,30,0,30,77
03/24/2003,BIS,ND,AGL,CE,Towers with Radar,8,22,42,4,76,0,0,11,0,11,8,22,53,4,87,22,2,24,111
03/25/2003,BIS,ND,AGL,CE,Towers with Radar,8,25,70,0,103,0,0,45,6,51,8,25,115,6,154,92,0,92,246
03/26/2003,BIS,ND,AGL,CE,Towers with Radar,7,21,50,0,78,0,1,18,8,27,7,22,68,8,105,38,0,38,143
03/27/2003,BIS,ND,AGL,CE,Towers with Radar,7,26,37,4,74,0,3,42,2,47,7,29,79,6,121,48,0,48,169
03/28/2003,BIS,ND,AGL,CE,Towers with Radar,10,26,31,10,77,0,0,26,0,26,10,26,57,10,103,4,8,12,115
03/29/2003,BIS,ND,AGL,CE,Towers with Radar,10,13,12,7,42,0,1,26,0,27,10,14,38,7,69,54,0,54,123
03/30/2003,BIS,ND,AGL,CE,Towers with Radar,8,10,8,7,33,0,3,25,0,28,8,13,33,7,61,64,14,78,139
03/31/2003,BIS,ND,AGL,CE,Towers with Radar,8,18,31,5,62,0,0,14,5,19,8,18,45,10,81,12,2,14,95
04/01/2003,BIS,ND,AGL,CE,Towers with Radar,8,28,39,13,88,0,0,5,6,11,8,28,44,19,99,8,20,28,127
04/02/2003,BIS,ND,AGL,CE,Towers with Radar,9,25,39,1,74,0,0,1,1,2,9,25,40,2,76,0,14,14,90
04/03/2003,BIS,ND,AGL,CE,Towers with Radar,7,23,24,0,54,0,2,1,0,3,7,25,25,0,57,0,0,0,57
04/04/2003,BIS,ND,AGL,CE,Towers with Radar,10,24,31,2,67,0,5,19,3,27,10,29,50,5,94,24,38,62,156
04/05/2003,BIS,ND,AGL,CE,Towers with Radar,10,15,10,4,39,0,0,29,17,46,10,15,39,21,85,18,45,63,148
04/06/2003,BIS,ND,AGL,CE,Towers with Radar,6,12,17,17,52,0,3,13,3,19,6,15,30,20,71,12,36,48,119
04/07/2003,BIS,ND,AGL,CE,Towers with Radar,6,21,32,2,61,0,2,49,3,54,6,23,81,5,115,65,0,65,180
04/08/2003,BIS,ND,AGL,CE,Towers with Radar,7,31,34,10,82,0,0,72,0,72,7,31,106,10,154,58,8,66,220
04/09/2003,BIS,ND,AGL,CE,Towers with Radar,6,25,40,4,75,0,2,66,11,79,6,27,106,15,154,38,6,44,198
04/10/2003,BIS,ND,AGL,CE,Towers with Radar,6,24,45,4,79,0,6,49,15,70,6,30,94,19,149,62,0,62,211
04/11/2003,BIS,ND,AGL,CE,Towers with Radar,6,25,32,3,66,0,7,55,9,71,6,32,87,12,137,82,4,86,223
04/12/2003,BIS,ND,AGL,CE,Towers with Radar,9,15,14,3,41,0,2,30,2,34,9,17,44,5,75,8,0,8,83
04/13/2003,BIS,ND,AGL,CE,Towers with Radar,5,12,6,2,25,0,0,29,0,29,5,12,35,2,54,28,2,30,84
04/14/2003,BIS,ND,AGL,CE,Towers with Radar,6,19,37,8,70,0,0,31,3,34,6,19,68,11,104,24,14,38,142
04/15/2003,BIS,ND,AGL,CE,Towers with Radar,7,24,30,2,63,0,3,27,4,34,7,27,57,6,97,10,2,12,109
04/16/2003,BIS,ND,AGL,CE,Towers with Radar,7,24,30,5,66,0,0,9,3,12,7,24,39,8,78,0,12,12,90
04/17/2003,BIS,ND,AGL,CE,Towers with Radar,6,23,45,4,78,0,6,30,8,44,6,29,75,12,122,16,8,24,146
04/18/2003,BIS,ND,AGL,CE,Towers with Radar,7,25,40,3,75,0,5,10,9,24,7,30,50,12,99,35,14,49,148
04/19/2003,BIS,ND,AGL,CE,Towers with Radar,7,16,5,1,29,0,2,6,1,9,7,18,11,2,38,18,0,18,56
04/20/2003,BIS,ND,AGL,CE,Towers with Radar,6,8,4,0,18,0,3,15,0,18,6,11,19,0,36,12,0,12,48
04/21/2003,BIS,ND,AGL,CE,Towers with Radar,7,16,30,11,64,0,4,41,0,45,7,20,71,11,109,32,6,38,147
04/22/2003,BIS,ND,AGL,CE,Towers with Radar,7,27,45,2,81,2,1,45,11,59,9,28,90,13,140,44,0,44,184
04/23/2003,BIS,ND,AGL,CE,Towers with Radar,6,27,59,6,98,0,0,28,19,47,6,27,87,25,145,12,0,12,157
04/24/2003,BIS,ND,AGL,CE,Towers with Radar,5,26,50,1,82,0,2,48,1,51,5,28,98,2,133,58,16,74,207
04/25/2003,BIS,ND,AGL,CE,Towers with Radar,6,26,35,0,67,0,2,47,9,58,6,28,82,9,125,28,0,28,153
04/26/2003,BIS,ND,AGL,CE,Towers with Radar,8,14,8,0,30,0,3,22,0,25,8,17,30,0,55,0,0,0,55
04/27/2003,BIS,ND,AGL,CE,Towers with Radar,6,10,8,0,24,0,1,20,5,26,6,11,28,5,50,18,0,18,68
04/28/2003,BIS,ND,AGL,CE,Towers with Radar,7,23,42,3,75,0,3,65,6,74,7,26,107,9,149,68,6,74,223
04/29/2003,BIS,ND,AGL,CE,Towers with Radar,6,27,65,2,100,0,5,35,12,52,6,32,100,14,152,91,8,99,251
04/30/2003,BIS,ND,AGL,CE,Towers with Radar,6,26,41,8,81,0,0,18,10,28,6,26,59,18,109,46,6,52,161
05/01/2003,BIS,ND,AGL,CE,Towers with Radar,5,23,51,0,79,1,1,44,13,59,6,24,95,13,138,46,10,56,194
05/02/2003,BIS,ND,AGL,CE,Towers with Radar,9,34,32,1,76,0,2,51,10,63,9,36,83,11,139,58,4,62,201
05/03/2003,BIS,ND,AGL,CE,Towers with Radar,7,15,12,0,34,0,6,24,21,51,7,21,36,21,85,42,0,42,127
05/04/2003,BIS,ND,AGL,CE,Towers with Radar,6,14,18,7,45,1,4,1,1,7,7,18,19,8,52,10,2,12,64
05/05/2003,BIS,ND,AGL,CE,Towers with Radar,7,21,32,5,65,1,1,12,7,21,8,22,44,12,86,0,0,0,86
05/06/2003,BIS,ND,AGL,CE,Towers with Radar,8,34,49,13,104,1,0,28,5,34,9,34,77,18,138,8,0,8,146
05/07/2003,BIS,ND,AGL,CE,Towers with Radar,8,32,41,8,89,0,1,23,0,24,8,33,64,8,113,12,24,36,149
05/08/2003,BIS,ND,AGL,CE,Towers with Radar,8,25,51,8,92,0,4,15,0,19,8,29,66,8,111,8,24,32,143
05/09/2003,BIS,ND,AGL,CE,Towers with Radar,8,25,40,5,78,0,5,8,0,13,8,30,48,5,91,0,0,0,91
05/10/2003,BIS,ND,AGL,CE,Towers with Radar,8,15,13,0,36,0,0,2,0,2,8,15,15,0,38,0,0,0,38
05/11/2003,BIS,ND,AGL,CE,Towers with Radar,6,7,8,0,21,0,2,20,2,24,6,9,28,2,45,4,2,6,51
05/12/2003,BIS,ND,AGL,CE,Towers with Radar,8,16,35,2,61,0,0,56,8,64,8,16,91,10,125,48,12,60,185
05/13/2003,BIS,ND,AGL,CE,Towers with Radar,8,19,68,4,99,0,5,10,0,15,8,24,78,4,114,24,2,26,140
05/14/2003,BIS,ND,AGL,CE,Towers with Radar,7,21,34,5,67,0,0,36,3,39,7,21,70,8,106,66,28,94,200
05/15/2003,BIS,ND,AGL,CE,Towers with Radar,8,29,44,1,82,0,1,59,5,65,8,30,103,6,147,56,10,66,213
05/16/2003,BIS,ND,AGL,CE,Towers with Radar,8,24,35,0,67,0,0,35,5,40,8,24,70,5,107,4,0,4,111
05/17/2003,BIS,ND,AGL,CE,Towers with Radar,4,11,18,0,33,4,4,12,0,20,8,15,30,0,53,30,2,32,85
05/18/2003,BIS,ND,AGL,CE,Towers with Radar,7,10,16,2,35,0,0,10,0,10,7,10,26,2,45,0,8,8,53
05/19/2003,BIS,ND,AGL,CE,Towers with Radar,9,15,47,3,74,0,0,15,7,22,9,15,62,10,96,8,2,10,106
05/20/2003,BIS,ND,AGL,CE,Towers with Radar,8,23,53,1,85,0,4,40,11,55,8,27,93,12,140,37,7,44,184
05/21/2003,BIS,ND,AGL,CE,Towers with Radar,7,23,44,4,78,0,0,58,4,62,7,23,102,8,140,44,10,54,194
05/22/2003,BIS,ND,AGL,CE,Towers with Radar,9,23,52,4,88,0,10,47,9,66,9,33,99,13,154,70,21,91,245
05/23/2003,BIS,ND,AGL,CE,Towers with Radar,8,25,50,4,87,0,4,41,3,48,8,29,91,7,135,65,6,71,206
05/24/2003,BIS,ND,AGL,CE,Towers with Radar,8,16,25,0,49,0,1,29,2,32,8,17,54,2,81,34,0,34,115
05/25/2003,BIS,ND,AGL,CE,Towers with Radar,5,8,6,1,20,0,1,15,2,18,5,9,21,3,38,26,0,26,64
05/26/2003,BIS,ND,AGL,CE,Towers with Radar,8,8,5,1,22,0,1,20,6,27,8,9,25,7,49,0,2,2,51
05/27/2003,BIS,ND,AGL,CE,Towers with Radar,8,21,46,1,76,0,0,35,3,38,8,21,81,4,114,57,12,69,183
05/28/2003,BIS,ND,AGL,CE,Towers with Radar,8,26,46,4,84,0,3,68,2,73,8,29,114,6,157,50,0,50,207
05/29/2003,BIS,ND,AGL,CE,Towers with Radar,8,29,31,8,76,0,0,35,0,35,8,29,66,8,111,62,4,66,177
05/30/2003,BIS,ND,AGL,CE,Towers with Radar,9,26,42,2,79,0,3,24,3,30,9,29,66,5,109,6,0,6,115
05/31/2003,BIS,ND,AGL,CE,Towers with Radar,7,15,13,0,35,0,0,40,0,40,7,15,53,0,75,46,0,46,121
06/01/2003,BIS,ND,AGL,CE,Towers with Radar,5,13,4,0,22,1,1,15,0,17,6,14,19,0,39,38,0,38,77
06/02/2003,BIS,ND,AGL,CE,Towers with Radar,7,16,48,2,73,0,0,18,3,21,7,16,66,5,94,28,0,28,122
06/03/2003,BIS,ND,AGL,CE,Towers with Radar,8,25,62,6,101,0,7,5,7,19,8,32,67,13,120,2,8,10,130
06/04/2003,BIS,ND,AGL,CE,Towers with Radar,8,25,39,0,72,0,3,22,7,32,8,28,61,7,104,47,0,47,151
06/05/2003,BIS,ND,AGL,CE,Towers with Radar,6,29,38,10,83,0,0,29,5,34,6,29,67,15,117,42,14,56,173
06/06/2003,BIS,ND,AGL,CE,Towers with Radar,9,26,29,3,67,0,3,35,15,53,9,29,64,18,120,2,2,4,124
06/07/2003,BIS,ND,AGL,CE,Towers with Radar,6,13,17,1,37,2,6,22,5,35,8,19,39,6,72,45,0,45,117
06/08/2003,BIS,ND,AGL,CE,Towers with Radar,10,12,0,2,24,0,3,26,6,35,10,15,26,8,59,34,8,42,101
06/09/2003,BIS,ND,AGL,CE,Towers with Radar,9,18,29,5,61,0,0,33,7,40,9,18,62,12,101,2,0,2,103
06/10/2003,BIS,ND,AGL,CE,Towers with Radar,8,30,40,0,78,0,0,29,5,34,8,30,69,5,112,22,0,22,134
06/11/2003,BIS,ND,AGL,CE,Towers with Radar,7,22,43,6,78,0,2,18,6,26,7,24,61,12,104,10,0,10,114
06/12/2003,BIS,ND,AGL,CE,Towers with Radar,9,25,47,1,82,0,0,43,6,49,9,25,90,7,131,74,16,90,221
06/13/2003,BIS,ND,AGL,CE,Towers with Radar,9,29,45,0,83,0,0,33,9,42,9,29,78,9,125,27,4,31,156
06/14/2003,BIS,ND,AGL,CE,Towers with Radar,7,16,8,1,32,0,2,28,43,73,7,18,36,44,105,0,0,0,105
06/15/2003,BIS,ND,AGL,CE,Towers with Radar,10,14,10,0,34,0,3,35,0,38,10,17,45,0,72,4,0,4,76
06/16/2003,BIS,ND,AGL,CE,Towers with Radar,9,19,36,3,67,0,0,48,7,55,9,19,84,10,122,34,0,34,156
06/17/2003,BIS,ND,AGL,CE,Towers with Radar,8,26,48,5,87,0,2,46,7,55,8,28,94,12,142,48,6,54,196
06/18/2003,BIS,ND,AGL,CE,Towers with Radar,10,25,53,9,97,0,0,58,4,62,10,25,111,13,159,34,10,44,203
06/19/2003,BIS,ND,AGL,CE,Towers with Radar,8,24,42,1,75,0,0,42,3,45,8,24,84,4,120,22,0,22,142
06/20/2003,BIS,ND,AGL,CE,Towers with Radar,9,30,22,2,63,0,4,44,11,59,9,34,66,13,122,18,0,18,140
06/21/2003,BIS,ND,AGL,CE,Towers with Radar,6,21,6,0,33,0,3,21,8,32,6,24,27,8,65,0,6,6,71
06/22/2003,BIS,ND,AGL,CE,Towers with Radar,9,19,18,0,46,0,3,16,0,19,9,22,34,0,65,52,2,54,119
06/23/2003,BIS,ND,AGL,CE,Towers with Radar,9,14,40,2,65,0,0,24,1,25,9,14,64,3,90,42,0,42,132
06/24/2003,BIS,ND,AGL,CE,Towers with Radar,7,34,30,6,77,0,0,37,15,52,7,34,67,21,129,28,13,41,170
06/25/2003,BIS,ND,AGL,CE,Towers with Radar,7,33,53,0,93,0,0,53,24,77,7,33,106,24,170,25,0,25,195
06/26/2003,BIS,ND,AGL,CE,Towers with Radar,7,24,38,0,69,0,7,53,8,68,7,31,91,8,137,84,0,84,221
06/27/2003,BIS,ND,AGL,CE,Towers with Radar,8,25,30,2,65,0,7,50,0,57,8,32,80,2,122,0,0,0,122
06/28/2003,BIS,ND,AGL,CE,Towers with Radar,8,15,15,0,38,0,1,42,0,43,8,16,57,0,81,26,0,26,107
06/29/2003,BIS,ND,AGL,CE,Towers with Radar,9,18,11,0,38,0,12,37,1,50,9,30,48,1,88,76,0,76,164
06/30/2003,BIS,ND,AGL,CE,Towers with Radar,8,21,42,0,71,0,0,52,6,58,8,21,94,6,129,64,0,64,193
07/01/2003,BIS,ND,AGL,CE,Towers with Radar,9,32,33,1,75,0,2,52,8,62,9,34,85,9,137,64,5,69,206
07/02/2003,BIS,ND,AGL,CE,Towers with Radar,7,35,24,0,66,0,3,44,4,51,7,38,68,4,117,36,0,36,153
07/03/2003,BIS,ND,AGL,CE,Towers with Radar,9,30,24,0,63,0,7,42,4,53,9,37,66,4,116,34,2,36,152
07/04/2003,BIS,ND,AGL,CE,Towers with Radar,6,10,6,0,22,0,0,24,1,25,6,10,30,1,47,14,0,14,61
07/05/2003,BIS,ND,AGL,CE,Towers with Radar,6,17,15,0,38,0,0,31,3,34,6,17,46,3,72,14,0,14,86
07/06/2003,BIS,ND,AGL,CE,Towers with Radar,8,17,14,0,39,0,2,19,0,21,8,19,33,0,60,0,0,0,60
07/07/2003,BIS,ND,AGL,CE,Towers with Radar,7,19,20,0,46,0,0,40,7,47,7,19,60,7,93,40,0,40,133
07/08/2003,BIS,ND,AGL,CE,Towers with Radar,8,28,35,0,71,0,3,44,4,51,8,31,79,4,122,17,0,17,139
07/09/2003,BIS,ND,AGL,CE,Towers with Radar,8,26,63,4,101,0,4,20,6,30,8,30,83,10,131,44,0,44,175
07/10/2003,BIS,ND,AGL,CE,Towers with Radar,7,22,58,13,100,0,13,41,2,56,7,35,99,15,156,68,31,99,255
07/11/2003,BIS,ND,AGL,CE,Towers with Radar,8,22,40,5,75,0,13,36,1,50,8,35,76,6,125,16,4,20,145
07/12/2003,BIS,ND,AGL,CE,Towers with Radar,8,16,25,4,53,0,0,54,3,57,8,16,79,7,110,47,0,47,157
07/13/2003,BIS,ND,AGL,CE,Towers with Radar,9,13,12,2,36,0,1,16,1,18,9,14,28,3,54,0,0,0,54
07/14/2003,BIS,ND,AGL,CE,Towers with Radar,7,23,32,7,69,0,0,25,10,35,7,23,57,17,104,47,18,65,169
07/15/2003,BIS,ND,AGL,CE,Towers with Radar,8,28,50,2,88,0,0,85,6,91,8,28,135,8,179,34,20,54,233
07/16/2003,BIS,ND,AGL,CE,Towers with Radar,10,29,49,8,96,0,1,45,7,53,10,30,94,15,149,36,8,44,193
07/17/2003,BIS,ND,AGL,CE,Towers with Radar,8,29,41,0,78,0,0,18,0,18,8,29,59,0,96,58,2,60,156
07/18/2003,BIS,ND,AGL,CE,Towers with Radar,9,27,34,4,74,0,0,27,7,34,9,27,61,11,108,20,0,20,128
07/19/2003,BIS,ND,AGL,CE,Towers with Radar,7,18,17,0,42,0,0,28,3,31,7,18,45,3,73,16,0,16,89
07/20/2003,BIS,ND,AGL,CE,Towers with Radar,8,14,8,0,30,0,7,40,0,47,8,21,48,0,77,12,0,12,89
07/21/2003,BIS,ND,AGL,CE,Towers with Radar,8,15,37,22,82,0,9,50,3,62,8,24,87,25,144,37,18,55,199
07/22/2003,BIS,ND,AGL,CE,Towers with Radar,7,28,35,6,76,0,1,44,13,58,7,29,79,19,134,68,20,88,222
07/23/2003,BIS,ND,AGL,CE,Towers with Radar,7,28,28,10,73,0,4,54,20,78,7,32,82,30,151,23,8,31,182
07/24/2003,BIS,ND,AGL,CE,Towers with Radar,8,23,29,11,71,0,13,37,0,50,8,36,66,11,121,40,27,67,188
07/25/2003,BIS,ND,AGL,CE,Towers with Radar,8,26,25,4,63,0,0,31,8,39,8,26,56,12,102,12,16,28,130
07/26/2003,BIS,ND,AGL,CE,Towers with Radar,8,17,9,1,35,0,5,53,0,58,8,22,62,1,93,12,0,12,105
07/27/2003,BIS,ND,AGL,CE,Towers with Radar,8,15,9,2,34,0,1,52,4,57,8,16,61,6,91,58,0,58,149
07/28/2003,BIS,ND,AGL,CE,Towers with Radar,8,19,41,1,69,0,1,35,7,43,8,20,76,8,112,42,14,56,168
07/29/2003,BIS,ND,AGL,CE,Towers with Radar,8,37,38,0,83,0,0,40,1,41,8,37,78,1,124,20,0,20,144
07/30/2003,BIS,ND,AGL,CE,Towers with Radar,8,27,46,0,81,0,4,49,15,68,8,31,95,15,149,36,12,48,197
07/31/2003,BIS,ND,AGL,CE,Towers with Radar,8,26,51,4,89,0,3,42,16,61,8,29,93,20,150,30,18,48,198
08/01/2003,BIS,ND,AGL,CE,Towers with Radar,8,25,35,3,71,0,4,33,0,37,8,29,68,3,108,50,6,56,164
08/02/2003,BIS,ND,AGL,CE,Towers with Radar,8,18,11,5,42,0,0,36,4,40,8,18,47,9,82,0,8,8,90
08/03/2003,BIS,ND,AGL,CE,Towers with Radar,8,12,12,2,34,0,2,49,0,51,8,14,61,2,85,42,2,44,129
08/04/2003,BIS,ND,AGL,CE,Towers with Radar,9,23,41,0,73,0,0,32,2,34,9,23,73,2,107,10,0,10,117
08/05/2003,BIS,ND,AGL,CE,Towers with Radar,8,33,49,5,95,0,0,24,6,30,8,33,73,11,125,9,6,15,140
08/06/2003,BIS,ND,AGL,CE,Towers with Radar,8,24,48,5,85,0,0,30,7,37,8,24,78,12,122,16,0,16,138
08/07/2003,BIS,ND,AGL,CE,Towers with Radar,8,25,41,2,76,0,0,30,4,34,8,25,71,6,110,9,9,18,128
08/08/2003,BIS,ND,AGL,CE,Towers with Radar,8,26,35,4,73,0,0,48,6,54,8,26,83,10,127,2,2,4,131
08/09/2003,BIS,ND,AGL,CE,Towers with Radar,8,17,15,3,43,0,0,30,1,31,8,17,45,4,74,16,6,22,96
08/10/2003,BIS,ND,AGL,CE,Towers with Radar,9,10,14,0,33,0,5,27,6,38,9,15,41,6,71,38,66,104,175
08/11/2003,BIS,ND,AGL,CE,Towers with Radar,8,20,33,4,65,0,0,33,9,42,8,20,66,13,107,50,32,82,189
08/12/2003,BIS,ND,AGL,CE,Towers with Radar,8,37,39,11,95,0,0,45,7,52,8,37,84,18,147,44,6,50,197
08/13/2003,BIS,ND,AGL,CE,Towers with Radar,9,33,34,2,78,0,1,47,16,64,9,34,81,18,142,14,4,18,160
08/14/2003,BIS,ND,AGL,CE,Towers with Radar,8,26,35,1,70,0,12,55,18,85,8,38,90,19,155,36,6,42,197
08/15/2003,BIS,ND,AGL,CE,Towers with Radar,8,24,20,1,53,0,4,53,9,66,8,28,73,10,119,22,18,40,159
08/16/2003,BIS,ND,AGL,CE,Towers with Radar,8,17,20,0,45,0,1,42,16,59,8,18,62,16,104,2,0,2,106
08/17/2003,BIS,ND,AGL,CE,Towers with Radar,8,12,12,0,32,0,3,30,0,33,8,15,42,0,65,4,0,4,69
08/18/2003,BIS,ND,AGL,CE,Towers with Radar,7,15,32,5,59,0,14,48,8,70,7,29,80,13,129,44,0,44,173
08/19/2003,BIS,ND,AGL,CE,Towers with Radar,10,37,31,0,78,0,2,44,7,53,10,39,75,7,131,16,0,16,147
08/20/2003,BIS,ND,AGL,CE,Towers with Radar,10,26,30,3,69,0,3,48,7,58,10,29,78,10,127,12,0,12,139
08/21/2003,BIS,ND,AGL,CE,Towers with Radar,8,31,38,3,80,0,0,40,15,55,8,31,78,18,135,72,2,74,209
08/22/2003,BIS,ND,AGL,CE,Towers with Radar,7,30,31,0,68,0,0,30,3,33,7,30,61,3,101,30,0,30,131
08/23/2003,BIS,ND,AGL,CE,Towers with Radar,9,22,6,4,41,0,0,34,0,34,9,22,40,4,75,14,0,14,89
08/24/2003,BIS,ND,AGL,CE,Towers with Radar,8,11,14,4,37,0,5,49,0,54,8,16,63,4,91,0,0,0,91
08/25/2003,BIS,ND,AGL,CE,Towers with Radar,8,19,26,12,65,0,5,52,15,72,8,24,78,27,137,44,20,64,201
08/26/2003,BIS,ND,AGL,CE,Towers with Radar,8,33,35,9,85,0,2,60,13,75,8,35,95,22,160,58,23,81,241
08/27/2003,BIS,ND,AGL,CE,Towers with Radar,7,27,43,14,91,0,4,53,15,72,7,31,96,29,163,12,28,40,203
08/28/2003,BIS,ND,AGL,CE,Towers with Radar,8,28,10,6,52,0,4,87,12,103,8,32,97,18,155,38,20,58,213
08/29/2003,BIS,ND,AGL,CE,Towers with Radar,8,27,54,3,92,0,9,28,10,47,8,36,82,13,139,22,0,22,161
08/30/2003,BIS,ND,AGL,CE,Towers with Radar,6,16,20,2,44,2,4,34,0,40,8,20,54,2,84,30,0,30,114
08/31/2003,BIS,ND,AGL,CE,Towers with Radar,4,14,6,0,24,0,0,29,0,29,4,14,35,0,53,28,0,28,81
09/01/2003,BIS,ND,AGL,CE,Towers with Radar,5,10,6,0,21,0,1,34,4,39,5,11,40,4,60,8,0,8,68
09/02/2003,BIS,ND,AGL,CE,Towers with Radar,9,29,29,12,79,0,1,43,9,53,9,30,72,21,132,44,20,64,196
09/03/2003,BIS,ND,AGL,CE,Towers with Radar,8,30,38,3,79,0,2,50,6,58,8,32,88,9,137,66,0,66,203
09/04/2003,BIS,ND,AGL,CE,Towers with Radar,8,31,51,0,90,0,4,55,8,67,8,35,106,8,157,48,22,70,227
09/05/2003,BIS,ND,AGL,CE,Towers with Radar,9,27,54,0,90,0,1,50,15,66,9,28,104,15,156,32,20,52,208
09/06/2003,BIS,ND,AGL,CE,Towers with Radar,7,18,19,0,44,0,0,54,15,69,7,18,73,15,113,6,2,8,121
09/07/2003,BIS,ND,AGL,CE,Towers with Radar,5,16,13,0,34,0,2,37,3,42,5,18,50,3,76,14,0,14,90
09/08/2003,BIS,ND,AGL,CE,Towers with Radar,7,22,32,6,67,0,1,33,4,38,7,23,65,10,105,24,22,46,151
09/09/2003,BIS,ND,AGL,CE,Towers with Radar,9,34,34,4,81,0,0,57,12,69,9,34,91,16,150,45,28,73,223
09/10/2003,BIS,ND,AGL,CE,Towers with Radar,8,32,44,25,109,0,1,6,3,10,8,33,50,28,119,0,15,15,134
09/11/2003,BIS,ND,AGL,CE,Towers with Radar,8,28,47,2,85,0,6,59,18,83,8,34,106,20,168,52,10,62,230
09/12/2003,BIS,ND,AGL,CE,Towers with Radar,7,30,33,3,73,0,4,60,4,68,7,34,93,7,141,40,2,42,183
09/13/2003,BIS,ND,AGL,CE,Towers with Radar,8,18,16,0,42,0,1,40,3,44,8,19,56,3,86,4,0,4,90
09/14/2003,BIS,ND,AGL,CE,Towers with Radar,7,10,14,1,32,0,1,37,2,40,7,11,51,3,72,38,4,42,114
09/15/2003,BIS,ND,AGL,CE,Towers with Radar,7,20,36,6,69,0,0,47,2,49,7,20,83,8,118,32,0,32,150
09/16/2003,BIS,ND,AGL,CE,Towers with Radar,9,31,39,3,82,0,2,51,9,62,9,33,90,12,144,67,10,77,221
09/17/2003,BIS,ND,AGL,CE,Towers with Radar,8,32,49,2,91,0,2,15,1,18,8,34,64,3,109,8,0,8,117
09/18/2003,BIS,ND,AGL,CE,Towers with Radar,7,28,52,6,93,0,1,13,12,26,7,29,65,18,119,12,0,12,131
09/19/2003,BIS,ND,AGL,CE,Towers with Radar,8,25,32,5,70,0,8,32,9,49,8,33,64,14,119,16,2,18,137
09/20/2003,BIS,ND,AGL,CE,Towers with Radar,8,19,9,2,38,0,1,23,1,25,8,20,32,3,63,36,0,36,99
09/21/2003,BIS,ND,AGL,CE,Towers with Radar,6,8,3,2,19,0,4,23,0,27,6,12,26,2,46,4,0,4,50
09/22/2003,BIS,ND,AGL,CE,Towers with Radar,8,24,57,2,91,0,6,35,2,43,8,30,92,4,134,54,0,54,188
09/23/2003,BIS,ND,AGL,CE,Towers with Radar,8,31,36,1,76,0,5,37,2,44,8,36,73,3,120,38,0,38,158
09/24/2003,BIS,ND,AGL,CE,Towers with Radar,8,31,39,0,78,0,7,21,1,29,8,38,60,1,107,0,0,0,107
09/25/2003,BIS,ND,AGL,CE,Towers with Radar,8,31,46,1,86,0,4,39,9,52,8,35,85,10,138,55,0,55,193
09/26/2003,BIS,ND,AGL,CE,Towers with Radar,8,27,37,4,76,0,12,32,7,51,8,39,69,11,127,28,30,58,185
09/27/2003,BIS,ND,AGL,CE,Towers with Radar,7,18,19,0,44,0,16,35,3,54,7,34,54,3,98,50,0,50,148
09/28/2003,BIS,ND,AGL,CE,Towers with Radar,7,16,7,0,30,0,4,45,2,51,7,20,52,2,81,32,0,32,113
09/29/2003,BIS,ND,AGL,CE,Towers with Radar,9,18,46,0,73,0,0,48,5,53,9,18,94,5,126,76,4,80,206
09/30/2003,BIS,ND,AGL,CE,Towers with Radar,9,31,38,2,80,0,0,53,3,56,9,31,91,5,136,34,5,39,175
10/01/2003,BIS,ND,AGL,CE,Towers with Radar,8,30,39,2,79,0,2,51,65,118,8,32,90,67,197,8,8,16,213
10/02/2003,BIS,ND,AGL,CE,Towers with Radar,7,28,45,3,83,0,0,50,41,91,7,28,95,44,174,14,12,26,200
10/03/2003,BIS,ND,AGL,CE,Towers with Radar,8,28,30,3,69,0,6,49,23,78,8,34,79,26,147,9,10,19,166
10/04/2003,BIS,ND,AGL,CE,Towers with Radar,7,17,17,1,42,0,2,44,37,83,7,19,61,38,125,4,0,4,129
10/05/2003,BIS,ND,AGL,CE,Towers with Radar,5,12,10,2,29,0,4,30,34,68,5,16,40,36,97,11,32,43,140
10/06/2003,BIS,ND,AGL,CE,Towers with Radar,9,20,32,0,61,0,0,39,84,123,9,20,71,84,184,7,2,9,193
10/07/2003,BIS,ND,AGL,CE,Towers with Radar,9,28,31,5,73,0,7,52,88,147,9,35,83,93,220,11,6,17,237
10/08/2003,BIS,ND,AGL,CE,Towers with Radar,8,25,37,4,74,0,0,29,40,69,8,25,66,44,143,5,7,12,155
10/09/2003,BIS,ND,AGL,CE,Towers with Radar,8,24,56,7,95,0,10,36,1,47,8,34,92,8,142,16,4,20,162
10/10/2003,BIS,ND,AGL,CE,Towers with Radar,7,24,45,3,79,0,1,43,25,69,7,25,88,28,148,5,2,7,155
10/11/2003,BIS,ND,AGL,CE,Towers with Radar,7,17,13,1,38,0,0,43,23,66,7,17,56,24,104,4,2,6,110
10/12/2003,BIS,ND,AGL,CE,Towers with Radar,9,11,8,2,30,0,2,27,10,39,9,13,35,12,69,2,0,2,71
10/13/2003,BIS,ND,AGL,CE,Towers with Radar,7,20,46,1,74,0,6,29,27,62,7,26,75,28,136,6,0,6,142
10/14/2003,BIS,ND,AGL,CE,Towers with Radar,9,32,68,6,115,0,5,23,72,100,9,37,91,78,215,18,0,18,233
10/15/2003,BIS,ND,AGL,CE,Towers with Radar,8,21,6,41,76,0,1,74,5,80,8,22,80,46,156,17,8,25,181
10/16/2003,BIS,ND,AGL,CE,Towers with Radar,9,27,64,1,101,0,9,35,77,121,9,36,99,78,222,11,4,15,237
10/17/2003,BIS,ND,AGL,CE,Towers with Radar,8,26,24,5,63,0,2,40,15,57,8,28,64,20,120,5,0,5,125
10/18/2003,BIS,ND,AGL,CE,Towers with Radar,8,18,15,0,41,0,3,34,28,65,8,21,49,28,106,1,0,1,107
10/19/2003,BIS,ND,AGL,CE,Towers with Radar,7,9,11,2,29,0,5,61,24,90,7,14,72,26,119,4,0,4,123
10/20/2003,BIS,ND,AGL,CE,Towers with Radar,8,19,31,0,58,0,4,30,8,42,8,23,61,8,100,2,8,10,110
10/21/2003,BIS,ND,AGL,CE,Towers with Radar,10,27,48,3,88,0,10,46,25,81,10,37,94,28,169,8,16,24,193
10/22/2003,BIS,ND,AGL,CE,Towers with Radar,14,29,58,0,101,0,0,30,20,50,14,29,88,20,151,2,0,2,153
10/23/2003,BIS,ND,AGL,CE,Towers with Radar,8,28,47,3,86,0,5,40,48,93,8,33,87,51,179,9,0,9,188
10/24/2003,BIS,ND,AGL,CE,Towers with Radar,7,26,24,0,57,0,2,13,0,15,7,28,37,0,72,6,1,7,79
10/25/2003,BIS,ND,AGL,CE,Towers with Radar,7,17,4,3,31,0,0,30,29,59,7,17,34,32,90,1,0,1,91
10/26/2003,BIS,ND,AGL,CE,Towers with Radar,6,15,9,2,32,0,2,28,20,50,6,17,37,22,82,5,0,5,87
10/27/2003,BIS,ND,AGL,CE,Towers with Radar,8,25,41,0,74,0,2,13,0,15,8,27,54,0,89,5,2,7,96
10/28/2003,BIS,ND,AGL,CE,Towers with Radar,9,31,47,0,87,0,1,24,20,45,9,32,71,20,132,10,40,50,182
10/29/2003,BIS,ND,AGL,CE,Towers with Radar,7,30,27,0,64,0,1,7,0,8,7,31,34,0,72,2,2,4,76
10/30/2003,BIS,ND,AGL,CE,Towers with Radar,8,31,41,0,80,0,0,8,0,8,8,31,49,0,88,12,2,14,102
10/31/2003,BIS,ND,AGL,CE,Towers with Radar,7,29,28,5,69,0,0,10,17,27,7,29,38,22,96,15,22,37,133
11/01/2003,BIS,ND,AGL,CE,Towers with Radar,8,18,6,3,35,0,0,3,5,8,8,18,9,8,43,0,0,0,43
11/02/2003,BIS,ND,AGL,CE,Towers with Radar,6,14,21,3,44,0,0,23,11,34,6,14,44,14,78,30,8,38,116
11/03/2003,BIS,ND,AGL,CE,Towers with Radar,7,19,29,12,67,0,3,0,0,3,7,22,29,12,70,2,14,16,86
11/04/2003,BIS,ND,AGL,CE,Towers with Radar,10,29,46,6,91,0,0,21,5,26,10,29,67,11,117,0,0,0,117
11/05/2003,BIS,ND,AGL,CE,Towers with Radar,8,31,35,2,76,0,0,33,6,39,8,31,68,8,115,47,0,47,162
11/06/2003,BIS,ND,AGL,CE,Towers with Radar,9,27,54,7,97,0,1,46,4,51,9,28,100,11,148,26,4,30,178
11/07/2003,BIS,ND,AGL,CE,Towers with Radar,11,29,30,1,71,0,1,21,4,26,11,30,51,5,97,8,2,10,107
11/08/2003,BIS,ND,AGL,CE,Towers with Radar,7,17,9,0,33,0,0,8,0,8,7,17,17,0,41,0,0,0,41
11/09/2003,BIS,ND,AGL,CE,Towers with Radar,8,11,8,1,28,0,0,29,0,29,8,11,37,1,57,26,0,26,83
11/10/2003,BIS,ND,AGL,CE,Towers with Radar,8,19,37,1,65,0,3,16,5,24,8,22,53,6,89,20,2,22,111
11/11/2003,BIS,ND,AGL,CE,Towers with Radar,10,30,48,0,88,0,6,38,0,44,10,36,86,0,132,48,10,58,190
11/12/2003,BIS,ND,AGL,CE,Towers with Radar,8,30,29,3,70,0,2,17,11,30,8,32,46,14,100,49,0,49,149
11/13/2003,BIS,ND,AGL,CE,Towers with Radar,6,19,37,6,68,0,0,35,7,42,6,19,72,13,110,20,20,40,150
11/14/2003,BIS,ND,AGL,CE,Towers with Radar,9,29,41,2,81,0,0,41,4,45,9,29,82,6,126,38,10,48,174
11/15/2003,BIS,ND,AGL,CE,Towers with Radar,8,19,13,2,42,0,0,6,0,6,8,19,19,2,48,12,0,12,60
11/16/2003,BIS,ND,AGL,CE,Towers with Radar,6,12,17,4,39,0,2,5,0,7,6,14,22,4,46,0,0,0,46
11/17/2003,BIS,ND,AGL,CE,Towers with Radar,7,23,64,3,97,0,0,24,5,29,7,23,88,8,126,62,10,72,198
11/18/2003,BIS,ND,AGL,CE,Towers with Radar,10,33,39,0,82,0,10,57,0,67,10,43,96,0,149,64,1,65,214
11/19/2003,BIS,ND,AGL,CE,Towers with Radar,8,30,42,4,84,0,2,50,3,55,8,32,92,7,139,20,16,36,175
11/20/2003,BIS,ND,AGL,CE,Towers with Radar,8,27,41,3,79,0,0,27,3,30,8,27,68,6,109,22,0,22,131
11/21/2003,BIS,ND,AGL,CE,Towers with Radar,11,27,39,5,82,0,0,12,0,12,11,27,51,5,94,18,0,18,112
11/22/2003,BIS,ND,AGL,CE,Towers with Radar,9,16,8,0,33,0,0,2,0,2,9,16,10,0,35,0,0,0,35
11/23/2003,BIS,ND,AGL,CE,Towers with Radar,10,19,3,3,35,0,1,15,2,18,10,20,18,5,53,34,0,34,87
11/24/2003,BIS,ND,AGL,CE,Towers with Radar,7,21,43,5,76,0,5,28,13,46,7,26,71,18,122,58,28,86,208
11/25/2003,BIS,ND,AGL,CE,Towers with Radar,10,33,44,10,97,0,4,13,11,28,10,37,57,21,125,45,8,53,178
11/26/2003,BIS,ND,AGL,CE,Towers with Radar,8,28,40,0,76,0,5,45,5,55,8,33,85,5,131,39,10,49,180
11/27/2003,BIS,ND,AGL,CE,Towers with Radar,5,8,5,1,19,0,1,7,0,8,5,9,12,1,27,0,0,0,27
11/28/2003,BIS,ND,AGL,CE,Towers with Radar,3,15,8,1,27,0,0,18,2,20,3,15,26,3,47,26,9,35,82
11/29/2003,BIS,ND,AGL,CE,Towers with Radar,7,16,3,0,26,0,0,19,2,21,7,16,22,2,47,28,0,28,75
11/30/2003,BIS,ND,AGL,CE,Towers with Radar,6,13,11,0,30,0,2,23,0,25,6,15,34,0,55,10,0,10,65
12/01/2003,BIS,ND,AGL,CE,Towers with Radar,9,26,39,2,76,0,0,52,2,54,9,26,91,4,130,74,1,75,205
12/02/2003,BIS,ND,AGL,CE,Towers with Radar,9,30,44,8,91,0,3,36,4,43,9,33,80,12,134,16,0,16,150
12/03/2003,BIS,ND,AGL,CE,Towers with Radar,8,25,43,8,84,0,5,23,11,39,8,30,66,19,123,36,16,52,175
12/04/2003,BIS,ND,AGL,CE,Towers with Radar,7,26,51,4,88,0,0,3,4,7,7,26,54,8,95,3,7,10,105
12/05/2003,BIS,ND,AGL,CE,Towers with Radar,8,26,36,9,79,0,0,15,11,26,8,26,51,20,105,40,20,60,165
12/06/2003,BIS,ND,AGL,CE,Towers with Radar,7,20,8,1,36,0,0,23,1,24,7,20,31,2,60,24,0,24,84
12/07/2003,BIS,ND,AGL,CE,Towers with Radar,7,11,32,3,53,0,3,21,12,36,7,14,53,15,89,40,32,72,161
12/08/2003,BIS,ND,AGL,CE,Towers with Radar,8,19,61,1,89,0,3,30,15,48,8,22,91,16,137,76,12,88,225
12/09/2003,BIS,ND,AGL,CE,Towers with Radar,9,35,47,1,92,0,0,28,2,30,9,35,75,3,122,20,10,30,152
12/10/2003,BIS,ND,AGL,CE,Towers with Radar,10,35,60,1,106,0,1,27,3,31,10,36,87,4,137,32,4,36,173
12/11/2003,BIS,ND,AGL,CE,Towers with Radar,12,26,51,7,96,0,6,37,2,45,12,32,88,9,141,74,10,84,225
12/12/2003,BIS,ND,AGL,CE,Towers with Radar,9,35,40,6,90,0,2,22,6,30,9,37,62,12,120,16,18,34,154
12/13/2003,BIS,ND,AGL,CE,Towers with Radar,7,19,13,3,42,0,3,29,3,35,7,22,42,6,77,126,0,126,203
12/14/2003,BIS,ND,AGL,CE,Towers with Radar,6,11,8,0,25,0,3,27,0,30,6,14,35,0,55,48,0,48,103
12/15/2003,BIS,ND,AGL,CE,Towers with Radar,9,17,42,5,73,0,0,4,13,17,9,17,46,18,90,6,22,28,118
12/16/2003,BIS,ND,AGL,CE,Towers with Radar,10,29,40,7,86,0,6,21,7,34,10,35,61,14,120,28,22,50,170
12/17/2003,BIS,ND,AGL,CE,Towers with Radar,8,31,42,10,91,0,3,7,0,10,8,34,49,10,101,24,17,41,142
12/18/2003,BIS,ND,AGL,CE,Towers with Radar,8,25,45,5,83,0,6,33,3,42,8,31,78,8,125,16,22,38,163
12/19/2003,BIS,ND,AGL,CE,Towers with Radar,7,22,40,2,71,0,7,50,6,63,7,29,90,8,134,36,2,38,172
12/20/2003,BIS,ND,AGL,CE,Towers with Radar,7,20,10,4,41,0,7,56,8,71,7,27,66,12,112,38,2,40,152
12/21/2003,BIS,ND,AGL,CE,Towers with Radar,7,14,11,6,38,0,2,25,2,29,7,16,36,8,67,26,0,26,93
12/22/2003,BIS,ND,AGL,CE,Towers with Radar,9,31,35,6,81,0,0,25,11,36,9,31,60,17,117,34,8,42,159
12/23/2003,BIS,ND,AGL,CE,Towers with Radar,9,31,32,6,78,0,0,43,0,43,9,31,75,6,121,78,14,92,213
12/24/2003,BIS,ND,AGL,CE,Towers with Radar,8,22,14,0,44,0,2,19,2,23,8,24,33,2,67,30,0,30,97
12/25/2003,BIS,ND,AGL,CE,Towers with Radar,9,13,2,0,24,0,0,7,0,7,9,13,9,0,31,10,0,10,41
12/26/2003,BIS,ND,AGL,CE,Towers with Radar,7,26,13,4,50,0,2,32,0,34,7,28,45,4,84,10,0,10,94
12/27/2003,BIS,ND,AGL,CE,Towers with Radar,8,17,3,0,28,0,0,0,0,0,8,17,3,0,28,0,0,0,28
12/28/2003,BIS,ND,AGL,CE,Towers with Radar,5,11,1,0,17,0,0,0,0,0,5,11,1,0,17,0,0,0,17
12/29/2003,BIS,ND,AGL,CE,Towers with Radar,8,22,16,4,50,0,2,15,0,17,8,24,31,4,67,27,4,31,98
12/30/2003,BIS,ND,AGL,CE,Towers with Radar,10,44,31,0,85,0,1,0,0,1,10,45,31,0,86,20,0,20,106
12/31/2003,BIS,ND,AGL,CE,Towers with Radar,8,26,20,0,54,0,2,53,0,55,8,28,73,0,109,34,0,34,143
01/01/2004,BIS,ND,AGL,CE,Towers with Radar,7,12,1,0,20,0,3,22,0,25,7,15,23,0,45,32,0,32,77
01/02/2004,BIS,ND,AGL,CE,Towers with Radar,8,23,19,0,50,0,4,7,0,11,8,27,26,0,61,18,0,18,79
01/03/2004,BIS,ND,AGL,CE,Towers with Radar,7,15,8,0,30,0,1,7,0,8,7,16,15,0,38,8,0,8,46
01/04/2004,BIS,ND,AGL,CE,Towers with Radar,7,14,5,0,26,0,0,7,0,7,7,14,12,0,33,0,0,0,33
01/05/2004,BIS,ND,AGL,CE,Towers with Radar,8,14,27,4,53,0,0,19,0,19,8,14,46,4,72,0,0,0,72
01/06/2004,BIS,ND,AGL,CE,Towers with Radar,9,31,39,4,83,0,9,27,0,36,9,40,66,4,119,34,4,38,157
01/07/2004,BIS,ND,AGL,CE,Towers with Radar,8,24,27,4,63,0,15,38,3,56,8,39,65,7,119,66,10,76,195
01/08/2004,BIS,ND,AGL,CE,Towers with Radar,7,28,45,0,80,0,3,4,1,8,7,31,49,1,88,10,0,10,98
01/09/2004,BIS,ND,AGL,CE,Towers with Radar,8,30,34,2,74,0,1,12,0,13,8,31,46,2,87,0,0,0,87
01/10/2004,BIS,ND,AGL,CE,Towers with Radar,9,17,13,0,39,0,0,41,0,41,9,17,54,0,80,26,0,26,106
01/11/2004,BIS,ND,AGL,CE,Towers with Radar,7,10,18,2,37,0,2,4,2,8,7,12,22,4,45,14,0,14,59
01/12/2004,BIS,ND,AGL,CE,Towers with Radar,7,18,30,9,64,0,4,26,3,33,7,22,56,12,97,38,24,62,159
01/13/2004,BIS,ND,AGL,CE,Towers with Radar,9,43,48,18,118,0,1,18,7,26,9,44,66,25,144,12,4,16,160
01/14/2004,BIS,ND,AGL,CE,Towers with Radar,8,36,52,10,106,0,4,26,12,42,8,40,78,22,148,28,17,45,193
01/15/2004,BIS,ND,AGL,CE,Towers with Radar,9,27,41,10,87,0,12,32,0,44,9,39,73,10,131,50,26,76,207
01/16/2004,BIS,ND,AGL,CE,Towers with Radar,8,29,39,2,78,0,3,13,4,20,8,32,52,6,98,0,0,0,98
01/17/2004,BIS,ND,AGL,CE,Towers with Radar,8,19,12,0,39,0,2,26,0,28,8,21,38,0,67,8,0,8,75
01/18/2004,BIS,ND,AGL,CE,Towers with Radar,8,12,3,0,23,0,0,10,2,12,8,12,13,2,35,2,0,2,37
01/19/2004,BIS,ND,AGL,CE,Towers with Radar,12,26,41,0,79,0,0,26,1,27,12,26,67,1,106,12,0,12,118
01/20/2004,BIS,ND,AGL,CE,Towers with Radar,9,32,47,7,95,0,0,24,9,33,9,32,71,16,128,14,16,30,158
01/21/2004,BIS,ND,AGL,CE,Towers with Radar,8,27,49,1,85,0,0,14,12,26,8,27,63,13,111,27,32,59,170
01/22/2004,BIS,ND,AGL,CE,Towers with Radar,8,32,60,7,107,0,4,5,8,17,8,36,65,15,124,18,4,22,146
01/23/2004,BIS,ND,AGL,CE,Towers with Radar,6,27,39,3,75,0,0,11,4,15,6,27,50,7,90,26,2,28,118
01/24/2004,BIS,ND,AGL,CE,Towers with Radar,7,16,13,0,36,0,0,0,0,0,7,16,13,0,36,0,0,0,36
01/25/2004,BIS,ND,AGL,CE,Towers with Radar,8,10,1,2,21,0,3,1,0,4,8,13,2,2,25,0,0,0,25
01/26/2004,BIS,ND,AGL,CE,Towers with Radar,9,25,32,0,66,0,0,24,0,24,9,25,56,0,90,22,0,22,112
01/27/2004,BIS,ND,AGL,CE,Towers with Radar,10,33,43,0,86,0,12,10,0,22,10,45,53,0,108,0,0,0,108
01/28/2004,BIS,ND,AGL,CE,Towers with Radar,8,30,35,1,74,0,0,15,4,19,8,30,50,5,93,4,0,4,97
01/29/2004,BIS,ND,AGL,CE,Towers with Radar,8,25,36,1,70,0,0,17,0,17,8,25,53,1,87,49,0,49,136
01/30/2004,BIS,ND,AGL,CE,Towers with Radar,7,25,20,4,56,0,3,10,0,13,7,28,30,4,69,2,14,16,85
01/31/2004,BIS,ND,AGL,CE,Towers with Radar,7,17,11,0,35,0,0,0,0,0,7,17,11,0,35,0,0,0,35
02/01/2004,BIS,ND,AGL,CE,Towers with Radar,9,14,3,2,28,0,0,2,0,2,9,14,5,2,30,0,0,0,30
02/02/2004,BIS,ND,AGL,CE,Towers with Radar,8,15,20,3,46,0,0,27,7,34,8,15,47,10,80,16,4,20,100
02/03/2004,BIS,ND,AGL,CE,Towers with Radar,10,29,41,4,84,0,3,36,13,52,10,32,77,17,136,31,8,39,175
02/04/2004,BIS,ND,AGL,CE,Towers with Radar,8,30,48,6,92,0,10,13,14,37,8,40,61,20,129,4,2,6,135
02/05/2004,BIS,ND,AGL,CE,Towers with Radar,6,25,42,9,82,0,7,2,5,14,6,32,44,14,96,0,12,12,108
02/06/2004,BIS,ND,AGL,CE,Towers with Radar,9,27,37,5,78,0,2,34,20,56,9,29,71,25,134,58,16,74,208
02/07/2004,BIS,ND,AGL,CE,Towers with Radar,7,19,9,6,41,0,0,17,14,31,7,19,26,20,72,18,50,68,140
02/08/2004,BIS,ND,AGL,CE,Towers with Radar,10,15,11,12,48,0,0,14,5,19,10,15,25,17,67,14,58,72,139
02/09/2004,BIS,ND,AGL,CE,Towers with Radar,10,18,30,18,76,0,0,11,0,11,10,18,41,18,87,2,48,50,137
02/10/2004,BIS,ND,AGL,CE,Towers with Radar,9,36,38,7,90,0,5,18,7,30,9,41,56,14,120,29,26,55,175
02/11/2004,BIS,ND,AGL,CE,Towers with Radar,8,29,24,0,61,0,1,0,1,2,8,30,24,1,63,0,0,0,63
02/12/2004,BIS,ND,AGL,CE,Towers with Radar,7,33,42,0,82,0,5,40,2,47,7,38,82,2,129,81,0,81,210
02/13/2004,BIS,ND,AGL,CE,Towers with Radar,7,28,27,0,62,0,1,64,5,70,7,29,91,5,132,36,0,36,168
02/14/2004,BIS,ND,AGL,CE,Towers with Radar,10,21,9,0,40,0,2,13,0,15,10,23,22,0,55,24,0,24,79
02/15/2004,BIS,ND,AGL,CE,Towers with Radar,6,17,15,0,38,0,0,9,0,9,6,17,24,0,47,26,0,26,73
02/16/2004,BIS,ND,AGL,CE,Towers with Radar,9,33,41,0,83,0,0,4,3,7,9,33,45,3,90,16,4,20,110
02/17/2004,BIS,ND,AGL,CE,Towers with Radar,9,28,40,1,78,0,6,12,6,24,9,34,52,7,102,20,1,21,123
02/18/2004,BIS,ND,AGL,CE,Towers with Radar,8,31,37,8,84,0,1,27,7,35,8,32,64,15,119,59,7,66,185
02/19/2004,BIS,ND,AGL,CE,Towers with Radar,7,31,49,5,92,0,0,11,7,18,7,31,60,12,110,36,6,42,152
02/20/2004,BIS,ND,AGL,CE,Towers with Radar,8,29,41,7,85,0,3,36,1,40,8,32,77,8,125,60,2,62,187
02/21/2004,BIS,ND,AGL,CE,Towers with Radar,7,18,21,9,55,0,0,36,14,50,7,18,57,23,105,104,34,138,243
02/22/2004,BIS,ND,AGL,CE,Towers with Radar,7,15,14,7,43,0,0,7,5,12,7,15,21,12,55,2,10,12,67
02/23/2004,BIS,ND,AGL,CE,Towers with Radar,10,29,51,5,95,0,0,15,10,25,10,29,66,15,120,48,4,52,172
02/24/2004,BIS,ND,AGL,CE,Towers with Radar,10,36,42,2,90,0,4,19,4,27,10,40,61,6,117,61,0,61,178
02/25/2004,BIS,ND,AGL,CE,Towers with Radar,8,28,36,4,76,0,0,11,5,16,8,28,47,9,92,29,0,29,121
02/26/2004,BIS,ND,AGL,CE,Towers with Radar,7,23,40,8,78,0,9,50,7,66,7,32,90,15,144,36,39,75,219
02/27/2004,BIS,ND,AGL,CE,Towers with Radar,8,27,38,5,78,0,2,27,4,33,8,29,65,9,111,38,0,38,149
02/28/2004,BIS,ND,AGL,CE,Towers with Radar,8,18,4,2,32,0,2,1,0,3,8,20,5,2,35,0,0,0,35
02/29/2004,BIS,ND,AGL,CE,Towers with Radar,6,12,6,2,26,0,0,0,0,0,6,12,6,2,26,0,0,0,26
03/01/2004,BIS,ND,AGL,CE,Towers with Radar,9,22,18,0,49,0,0,2,0,2,9,22,20,0,51,0,0,0,51
03/02/2004,BIS,ND,AGL,CE,Towers with Radar,10,29,49,0,88,0,5,9,3,17,10,34,58,3,105,28,0,28,133
03/03/2004,BIS,ND,AGL,CE,Towers with Radar,8,33,48,2,91,0,3,23,2,28,8,36,71,4,119,2,0,2,121
03/04/2004,BIS,ND,AGL,CE,Towers with Radar,7,34,57,4,102,0,0,7,0,7,7,34,64,4,109,2,0,2,111
03/05/2004,BIS,ND,AGL,CE,Towers with Radar,8,27,41,15,91,0,0,11,1,12,8,27,52,16,103,16,28,44,147
03/06/2004,BIS,ND,AGL,CE,Towers with Radar,6,19,9,9,43,0,3,23,9,35,6,22,32,18,78,40,18,58,136
03/07/2004,BIS,ND,AGL,CE,Towers with Radar,7,17,10,5,39,0,1,33,5,39,7,18,43,10,78,38,4,42,120
03/08/2004,BIS,ND,AGL,CE,Towers with Radar,8,18,39,3,68,0,4,29,3,36,8,22,68,6,104,46,4,50,154
03/09/2004,BIS,ND,AGL,CE,Towers with Radar,9,30,42,11,92,0,1,73,3,77,9,31,115,14,169,88,64,152,321
03/10/2004,BIS,ND,AGL,CE,Towers with Radar,9,26,28,1,64,0,0,18,0,18,9,26,46,1,82,6,0,6,88
03/11/2004,BIS,ND,AGL,CE,Towers with Radar,8,29,41,2,80,0,2,49,5,56,8,31,90,7,136,82,0,82,218
03/12/2004,BIS,ND,AGL,CE,Towers with Radar,7,24,20,5,56,0,3,35,3,41,7,27,55,8,97,64,6,70,167
03/13/2004,BIS,ND,AGL,CE,Towers with Radar,7,16,9,2,34,0,0,5,0,5,7,16,14,2,39,6,0,6,45
03/14/2004,BIS,ND,AGL,CE,Towers with Radar,7,17,14,0,38,0,0,5,0,5,7,17,19,0,43,42,0,42,85
03/15/2004,BIS,ND,AGL,CE,Towers with Radar,7,19,30,7,63,0,3,21,13,37,7,22,51,20,100,20,12,32,132
03/16/2004,BIS,ND,AGL,CE,Towers with Radar,10,32,39,8,89,0,0,17,0,17,10,32,56,8,106,42,26,68,174
03/17/2004,BIS,ND,AGL,CE,Towers with Radar,8,32,27,4,71,0,4,13,9,26,8,36,40,13,97,54,0,54,151
03/18/2004,BIS,ND,AGL,CE,Towers with Radar,7,31,27,3,68,0,1,40,4,45,7,32,67,7,113,102,0,102,215
03/19/2004,BIS,ND,AGL,CE,Towers with Radar,7,23,36,3,69,0,0,20,3,23,7,23,56,6,92,22,0,22,114
03/20/2004,BIS,ND,AGL,CE,Towers with Radar,7,18,10,3,38,0,0,22,3,25,7,18,32,6,63,14,4,18,81
03/21/2004,BIS,ND,AGL,CE,Towers with Radar,7,16,12,3,38,0,3,46,2,51,7,19,58,5,89,118,0,118,207
03/22/2004,BIS,ND,AGL,CE,Towers with Radar,7,16,37,4,64,0,0,49,6,55,7,16,86,10,119,58,32,90,209
03/23/2004,BIS,ND,AGL,CE,Towers with Radar,9,29,46,7,91,0,9,33,14,56,9,38,79,21,147,70,40,110,257
03/24/2004,BIS,ND,AGL,CE,Towers with Radar,8,27,32,3,70,0,2,48,7,57,8,29,80,10,127,30,12,42,169
03/25/2004,BIS,ND,AGL,CE,Towers with Radar,7,29,49,0,85,0,3,34,3,40,7,32,83,3,125,1,0,1,126
03/26/2004,BIS,ND,AGL,CE,Towers with Radar,8,29,42,3,82,0,3,30,4,37,8,32,72,7,119,0,0,0,119
03/27/2004,BIS,ND,AGL,CE,Towers with Radar,8,21,12,2,43,0,3,7,2,12,8,24,19,4,55,10,0,10,65
03/28/2004,BIS,ND,AGL,CE,Towers with Radar,7,14,9,1,31,0,2,5,0,7,7,16,14,1,38,8,0,8,46
03/29/2004,BIS,ND,AGL,CE,Towers with Radar,9,18,31,5,63,0,8,36,6,50,9,26,67,11,113,8,0,8,121
03/30/2004,BIS,ND,AGL,CE,Towers with Radar,10,53,65,2,130,0,0,63,8,71,10,53,128,10,201,98,8,106,307
03/31/2004,BIS,ND,AGL,CE,Towers with Radar,8,28,32,1,69,0,4,38,9,51,8,32,70,10,120,23,1,24,144
04/01/2004,BIS,ND,AGL,CE,Towers with Radar,8,27,33,0,68,0,3,49,6,58,8,30,82,6,126,50,0,50,176
04/02/2004,BIS,ND,AGL,CE,Towers with Radar,7,30,32,4,73,0,4,29,1,34,7,34,61,5,107,6,0,6,113
04/03/2004,BIS,ND,AGL,CE,Towers with Radar,9,19,20,0,48,0,2,34,6,42,9,21,54,6,90,62,8,70,160
04/04/2004,BIS,ND,AGL,CE,Towers with Radar,6,13,5,4,28,0,1,22,2,25,6,14,27,6,53,6,0,6,59
04/05/2004,BIS,ND,AGL,CE,Towers with Radar,9,21,25,1,56,0,5,36,8,49,9,26,61,9,105,30,2,32,137
04/06/2004,BIS,ND,AGL,CE,Towers with Radar,8,39,42,3,92,0,4,51,19,74,8,43,93,22,166,67,0,67,233
04/07/2004,BIS,ND,AGL,CE,Towers with Radar,8,38,39,7,92,0,0,22,4,26,8,38,61,11,118,2,8,10,128
04/08/2004,BIS,ND,AGL,CE,Towers with Radar,7,26,44,2,79,0,7,38,12,57,7,33,82,14,136,26,13,39,175
04/09/2004,BIS,ND,AGL,CE,Towers with Radar,7,33,20,4,64,0,0,20,5,25,7,33,40,9,89,26,2,28,117
04/10/2004,BIS,ND,AGL,CE,Towers with Radar,9,18,7,0,34,0,0,23,2,25,9,18,30,2,59,8,2,10,69
04/11/2004,BIS,ND,AGL,CE,Towers with Radar,7,19,9,0,35,0,3,23,0,26,7,22,32,0,61,4,0,4,65
04/12/2004,BIS,ND,AGL,CE,Towers with Radar,9,33,28,2,72,0,0,28,2,30,9,33,56,4,102,26,0,26,128
04/13/2004,BIS,ND,AGL,CE,Towers with Radar,8,32,41,7,88,0,7,64,9,80,8,39,105,16,168,83,37,120,288
04/14/2004,BIS,ND,AGL,CE,Towers with Radar,8,37,21,5,71,0,5,31,5,41,8,42,52,10,112,6,10,16,128
04/15/2004,BIS,ND,AGL,CE,Towers with Radar,6,28,37,2,73,0,3,32,2,37,6,31,69,4,110,4,0,4,114
04/16/2004,BIS,ND,AGL,CE,Towers with Radar,10,32,36,3,81,0,5,24,0,29,10,37,60,3,110,10,2,12,122
04/17/2004,BIS,ND,AGL,CE,Towers with Radar,7,18,12,1,38,0,2,23,5,30,7,20,35,6,68,0,0,0,68
04/18/2004,BIS,ND,AGL,CE,Towers with Radar,7,13,6,3,29,0,0,20,2,22,7,13,26,5,51,6,0,6,57
04/19/2004,BIS,ND,AGL,CE,Towers with Radar,8,25,28,7,68,0,3,24,2,29,8,28,52,9,97,16,1,17,114
04/20/2004,BIS,ND,AGL,CE,Towers with Radar,8,35,36,2,81,0,2,22,4,28,8,37,58,6,109,12,5,17,126
04/21/2004,BIS,ND,AGL,CE,Towers with Radar,8,38,48,5,99,0,7,39,9,55,8,45,87,14,154,16,10,26,180
04/22/2004,BIS,ND,AGL,CE,Towers with Radar,8,27,59,2,96,0,4,39,7,50,8,31,98,9,146,65,38,103,249
04/23/2004,BIS,ND,AGL,CE,Towers with Radar,9,32,25,3,69,0,5,49,9,63,9,37,74,12,132,36,0,36,168
04/24/2004,BIS,ND,AGL,CE,Towers with Radar,8,17,12,1,38,0,0,21,8,29,8,17,33,9,67,10,34,44,111
04/25/2004,BIS,ND,AGL,CE,Towers with Radar,8,28,22,5,63,0,0,21,10,31,8,28,43,15,94,0,10,10,104
04/26/2004,BIS,ND,AGL,CE,Towers with Radar,11,37,26,1,75,0,0,38,9,47,11,37,64,10,122,52,20,72,194
04/27/2004,BIS,ND,AGL,CE,Towers with Radar,8,35,42,2,87,0,0,68,10,78,8,35,110,12,165,76,0,76,241
04/28/2004,BIS,ND,AGL,CE,Towers with Radar,8,35,39,5,87,0,9,40,10,59,8,44,79,15,146,44,12,56,202
04/29/2004,BIS,ND,AGL,CE,Towers with Radar,7,33,39,2,81,0,0,44,13,57,7,33,83,15,138,39,10,49,187
04/30/2004,BIS,ND,AGL,CE,Towers with Radar,7,36,28,2,73,0,0,38,10,48,7,36,66,12,121,32,14,46,167
05/01/2004,BIS,ND,AGL,CE,Towers with Radar,9,19,9,1,38,0,3,27,2,32,9,22,36,3,70,36,0,36,106
05/02/2004,BIS,ND,AGL,CE,Towers with Radar,7,17,10,4,38,0,3,44,5,52,7,20,54,9,90,82,0,82,172
05/03/2004,BIS,ND,AGL,CE,Towers with Radar,8,33,38,5,84,0,6,37,6,49,8,39,75,11,133,94,20,114,247
05/04/2004,BIS,ND,AGL,CE,Towers with Radar,8,37,45,0,90,0,2,53,6,61,8,39,98,6,151,70,0,70,221
05/05/2004,BIS,ND,AGL,CE,Towers with Radar,8,40,37,0,85,0,1,26,7,34,8,41,63,7,119,47,0,47,166
05/06/2004,BIS,ND,AGL,CE,Towers with Radar,8,33,35,4,80,0,5,41,0,46,8,38,76,4,126,53,2,55,181
05/07/2004,BIS,ND,AGL,CE,Towers with Radar,9,34,42,0,85,0,0,46,2,48,9,34,88,2,133,31,0,31,164
05/08/2004,BIS,ND,AGL,CE,Towers with Radar,7,20,2,0,29,0,0,34,1,35,7,20,36,1,64,44,0,44,108
05/09/2004,BIS,ND,AGL,CE,Towers with Radar,7,25,15,0,47,0,4,16,0,20,7,29,31,0,67,48,0,48,115
05/10/2004,BIS,ND,AGL,CE,Towers with Radar,11,27,47,3,88,0,5,43,10,58,11,32,90,13,146,56,2,58,204
05/11/2004,BIS,ND,AGL,CE,Towers with Radar,7,28,28,2,65,0,0,14,5,19,7,28,42,7,84,0,4,4,88
05/12/2004,BIS,ND,AGL,CE,Towers with Radar,7,41,32,6,86,0,0,12,5,17,7,41,44,11,103,22,8,30,133
05/13/2004,BIS,ND,AGL,CE,Towers with Radar,8,27,42,2,79,0,7,22,7,36,8,34,64,9,115,71,9,80,195
05/14/2004,BIS,ND,AGL,CE,Towers with Radar,10,37,30,2,79,0,0,79,5,84,10,37,109,7,163,82,0,82,245
05/15/2004,BIS,ND,AGL,CE,Towers with Radar,8,11,21,0,40,0,10,24,3,37,8,21,45,3,77,84,0,84,161
05/16/2004,BIS,ND,AGL,CE,Towers with Radar,6,16,8,5,35,0,4,28,3,35,6,20,36,8,70,114,8,122,192
05/17/2004,BIS,ND,AGL,CE,Towers with Radar,11,35,34,4,84,0,0,44,6,50,11,35,78,10,134,112,0,112,246
05/18/2004,BIS,ND,AGL,CE,Towers with Radar,8,36,41,3,88,0,6,41,12,59,8,42,82,15,147,39,11,50,197
05/19/2004,BIS,ND,AGL,CE,Towers with Radar,8,47,34,3,92,0,1,31,5,37,8,48,65,8,129,0,2,2,131
05/20/2004,BIS,ND,AGL,CE,Towers with Radar,6,35,40,2,83,1,1,34,8,44,7,36,74,10,127,54,0,54,181
05/21/2004,BIS,ND,AGL,CE,Towers with Radar,11,48,28,5,92,0,0,33,3,36,11,48,61,8,128,38,16,54,182
05/22/2004,BIS,ND,AGL,CE,Towers with Radar,8,24,17,3,52,0,2,5,1,8,8,26,22,4,60,62,0,62,122
05/23/2004,BIS,ND,AGL,CE,Towers with Radar,6,18,17,1,42,0,4,20,0,24,6,22,37,1,66,90,2,92,158
05/24/2004,BIS,ND,AGL,CE,Towers with Radar,10,32,38,4,84,0,0,12,2,14,10,32,50,6,98,0,0,0,98
05/25/2004,BIS,ND,AGL,CE,Towers with Radar,8,40,47,10,105,0,0,33,10,43,8,40,80,20,148,62,14,76,224
05/26/2004,BIS,ND,AGL,CE,Towers with Radar,8,45,42,0,95,0,5,53,14,72,8,50,95,14,167,70,4,74,241
05/27/2004,BIS,ND,AGL,CE,Towers with Radar,7,34,42,2,85,0,2,32,8,42,7,36,74,10,127,10,0,10,137
05/28/2004,BIS,ND,AGL,CE,Towers with Radar,10,36,36,1,83,0,1,47,2,50,10,37,83,3,133,52,0,52,185
05/29/2004,BIS,ND,AGL,CE,Towers with Radar,8,18,9,0,35,0,1,25,1,27,8,19,34,1,62,64,0,64,126
05/30/2004,BIS,ND,AGL,CE,Towers with Radar,6,17,3,0,26,0,0,10,1,11,6,17,13,1,37,10,0,10,47
05/31/2004,BIS,ND,AGL,CE,Towers with Radar,11,13,1,1,26,0,0,9,4,13,11,13,10,5,39,0,0,0,39
06/01/2004,BIS,ND,AGL,CE,Towers with Radar,10,28,29,3,70,0,0,13,3,16,10,28,42,6,86,2,11,13,99
06/02/2004,BIS,ND,AGL,CE,Towers with Radar,8,37,28,3,76,0,1,51,11,63,8,38,79,14,139,58,3,61,200
06/03/2004,BIS,ND,AGL,CE,Towers with Radar,8,28,29,9,74,0,4,65,10,79,8,32,94,19,153,91,6,97,250
06/04/2004,BIS,ND,AGL,CE,Towers with Radar,10,35,28,0,73,0,0,47,10,57,10,35,75,10,130,37,12,49,179
06/05/2004,BIS,ND,AGL,CE,Towers with Radar,7,22,10,0,39,0,4,45,9,58,7,26,55,9,97,30,0,30,127
06/06/2004,BIS,ND,AGL,CE,Towers with Radar,7,18,6,0,31,0,0,28,3,31,7,18,34,3,62,4,0,4,66
06/07/2004,BIS,ND,AGL,CE,Towers with Radar,10,29,26,3,68,0,17,57,12,86,10,46,83,15,154,12,0,12,166
06/08/2004,BIS,ND,AGL,CE,Towers with Radar,9,41,34,5,89,0,4,34,9,47,9,45,68,14,136,62,8,70,206
06/09/2004,BIS,ND,AGL,CE,Towers with Radar,8,35,40,2,85,0,4,34,11,49,8,39,74,13,134,40,8,48,182
06/10/2004,BIS,ND,AGL,CE,Towers with Radar,7,33,38,2,80,0,1,0,0,1,7,34,38,2,81,7,0,7,88
06/11/2004,BIS,ND,AGL,CE,Towers with Radar,7,34,33,0,74,0,0,23,2,25,7,34,56,2,99,36,0,36,135
06/12/2004,BIS,ND,AGL,CE,Towers with Radar,7,22,8,3,40,0,0,19,5,24,7,22,27,8,64,36,2,38,102
06/13/2004,BIS,ND,AGL,CE,Towers with Radar,9,22,10,1,42,0,4,36,0,40,9,26,46,1,82,2,0,2,84
06/14/2004,BIS,ND,AGL,CE,Towers with Radar,12,45,45,9,111,0,0,45,16,61,12,45,90,25,172,70,0,70,242
06/15/2004,BIS,ND,AGL,CE,Towers with Radar,8,35,61,4,108,0,1,50,11,62,8,36,111,15,170,92,0,92,262
06/16/2004,BIS,ND,AGL,CE,Towers with Radar,8,47,18,3,76,0,0,57,18,75,8,47,75,21,151,96,0,96,247
06/17/2004,BIS,ND,AGL,CE,Towers with Radar,7,35,36,10,88,0,1,52,15,68,7,36,88,25,156,26,6,32,188
06/18/2004,BIS,ND,AGL,CE,Towers with Radar,10,32,28,6,76,0,4,60,8,72,10,36,88,14,148,44,14,58,206
06/19/2004,BIS,ND,AGL,CE,Towers with Radar,7,23,12,0,42,0,0,41,2,43,7,23,53,2,85,60,0,60,145
06/20/2004,BIS,ND,AGL,CE,Towers with Radar,9,25,16,0,50,0,0,24,0,24,9,25,40,0,74,10,0,10,84
06/21/2004,BIS,ND,AGL,CE,Towers with Radar,9,22,33,0,64,0,13,32,3,48,9,35,65,3,112,66,2,68,180
06/22/2004,BIS,ND,AGL,CE,Towers with Radar,10,48,29,1,88,0,0,66,13,79,10,48,95,14,167,17,12,29,196
06/23/2004,BIS,ND,AGL,CE,Towers with Radar,7,41,26,3,77,0,3,45,8,56,7,44,71,11,133,67,2,69,202
06/24/2004,BIS,ND,AGL,CE,Towers with Radar,8,37,50,3,98,0,2,32,8,42,8,39,82,11,140,50,2,52,192
06/25/2004,BIS,ND,AGL,CE,Towers with Radar,12,44,22,3,81,0,1,46,9,56,12,45,68,12,137,44,6,50,187
06/26/2004,BIS,ND,AGL,CE,Towers with Radar,8,25,15,2,50,0,2,29,0,31,8,27,44,2,81,64,0,64,145
06/27/2004,BIS,ND,AGL,CE,Towers with Radar,8,19,22,0,49,0,0,37,1,38,8,19,59,1,87,62,0,62,149
06/28/2004,BIS,ND,AGL,CE,Towers with Radar,11,33,40,3,87,0,7,50,7,64,11,40,90,10,151,112,2,114,265
06/29/2004,BIS,ND,AGL,CE,Towers with Radar,8,41,42,4,95,0,0,59,13,72,8,41,101,17,167,66,26,92,259
06/30/2004,BIS,ND,AGL,CE,Towers with Radar,8,46,58,2,114,0,4,38,13,55,8,50,96,15,169,71,0,71,240
07/01/2004,BIS,ND,AGL,CE,Towers with Radar,8,29,47,2,86,0,0,23,11,34,8,29,70,13,120,28,26,54,174
07/02/2004,BIS,ND,AGL,CE,Towers with Radar,10,42,15,4,71,0,0,51,5,56,10,42,66,9,127,65,0,65,192
07/03/2004,BIS,ND,AGL,CE,Towers with Radar,8,22,3,0,33,0,2,28,0,30,8,24,31,0,63,36,0,36,99
07/04/2004,BIS,ND,AGL,CE,Towers with Radar,4,16,12,1,33,0,2,11,0,13,4,18,23,1,46,24,0,24,70
07/05/2004,BIS,ND,AGL,CE,Towers with Radar,9,16,35,0,60,0,0,3,0,3,9,16,38,0,63,14,0,14,77
07/06/2004,BIS,ND,AGL,CE,Towers with Radar,8,31,29,3,71,0,0,41,11,52,8,31,70,14,123,61,0,61,184
07/07/2004,BIS,ND,AGL,CE,Towers with Radar,8,37,23,1,69,0,3,33,6,42,8,40,56,7,111,16,2,18,129
07/08/2004,BIS,ND,AGL,CE,Towers with Radar,9,35,39,2,85,0,9,7,2,18,9,44,46,4,103,54,0,54,157
07/09/2004,BIS,ND,AGL,CE,Towers with Radar,10,38,32,1,81,0,0,42,2,44,10,38,74,3,125,6,0,6,131
07/10/2004,BIS,ND,AGL,CE,Towers with Radar,9,23,20,1,53,0,2,22,5,29,9,25,42,6,82,8,0,8,90
07/11/2004,BIS,ND,AGL,CE,Towers with Radar,9,19,25,0,53,0,4,41,0,45,9,23,66,0,98,2,0,2,100
07/12/2004,BIS,ND,AGL,CE,Towers with Radar,11,36,37,6,90,0,2,28,5,35,11,38,65,11,125,14,20,34,159
07/13/2004,BIS,ND,AGL,CE,Towers with Radar,10,43,46,2,101,0,11,68,17,96,10,54,114,19,197,58,0,58,255
07/14/2004,BIS,ND,AGL,CE,Towers with Radar,8,36,34,8,86,0,3,66,11,80,8,39,100,19,166,29,8,37,203
07/15/2004,BIS,ND,AGL,CE,Towers with Radar,6,34,44,5,89,0,3,52,7,62,6,37,96,12,151,17,2,19,170
07/16/2004,BIS,ND,AGL,CE,Towers with Radar,8,36,33,1,78,0,0,31,2,33,8,36,64,3,111,42,26,68,179
07/17/2004,BIS,ND,AGL,CE,Towers with Radar,9,23,15,1,48,0,2,24,0,26,9,25,39,1,74,30,0,30,104
07/18/2004,BIS,ND,AGL,CE,Towers with Radar,8,20,14,2,44,0,0,45,0,45,8,20,59,2,89,28,0,28,117
07/19/2004,BIS,ND,AGL,CE,Towers with Radar,11,39,48,1,99,0,0,43,5,48,11,39,91,6,147,10,0,10,157
07/20/2004,BIS,ND,AGL,CE,Towers with Radar,10,42,41,5,98,0,11,60,3,74,10,53,101,8,172,56,36,92,264
07/21/2004,BIS,ND,AGL,CE,Towers with Radar,8,35,37,7,87,0,11,56,11,78,8,46,93,18,165,42,6,48,213
07/22/2004,BIS,ND,AGL,CE,Towers with Radar,7,40,56,5,108,0,0,57,2,59,7,40,113,7,167,60,4,64,231
07/23/2004,BIS,ND,AGL,CE,Towers with Radar,10,33,34,5,82,0,6,71,0,77,10,39,105,5,159,54,0,54,213
07/24/2004,BIS,ND,AGL,CE,Towers with Radar,8,25,15,0,48,0,0,49,4,53,8,25,64,4,101,46,0,46,147
07/25/2004,BIS,ND,AGL,CE,Towers with Radar,7,19,15,2,43,0,0,54,0,54,7,19,69,2,97,32,0,32,129
07/26/2004,BIS,ND,AGL,CE,Towers with Radar,11,31,45,5,92,0,0,58,14,72,11,31,103,19,164,57,50,107,271
07/27/2004,BIS,ND,AGL,CE,Towers with Radar,8,38,39,7,92,0,0,57,22,79,8,38,96,29,171,26,21,47,218
07/28/2004,BIS,ND,AGL,CE,Towers with Radar,8,43,34,4,89,0,2,38,10,50,8,45,72,14,139,6,4,10,149
07/29/2004,BIS,ND,AGL,CE,Towers with Radar,7,35,46,13,101,0,6,43,8,57,7,41,89,21,158,39,22,61,219
07/30/2004,BIS,ND,AGL,CE,Towers with Radar,9,38,35,5,87,0,0,58,2,60,9,38,93,7,147,30,8,38,185
07/31/2004,BIS,ND,AGL,CE,Towers with Radar,9,27,29,1,66,0,1,52,0,53,9,28,81,1,119,52,0,52,171
08/01/2004,BIS,ND,AGL,CE,Towers with Radar,7,24,16,1,48,0,0,33,1,34,7,24,49,2,82,10,0,10,92
08/02/2004,BIS,ND,AGL,CE,Towers with Radar,9,30,13,2,54,0,0,39,7,46,9,30,52,9,100,44,0,44,144
08/03/2004,BIS,ND,AGL,CE,Towers with Radar,10,41,34,5,90,0,0,59,12,71,10,41,93,17,161,44,20,64,225
08/04/2004,BIS,ND,AGL,CE,Towers with Radar,8,41,32,3,84,0,3,61,7,71,8,44,93,10,155,65,4,69,224
08/05/2004,BIS,ND,AGL,CE,Towers with Radar,7,33,38,7,85,0,12,59,8,79,7,45,97,15,164,23,15,38,202
08/06/2004,BIS,ND,AGL,CE,Towers with Radar,10,43,29,3,85,0,0,28,5,33,10,43,57,8,118,11,55,66,184
08/07/2004,BIS,ND,AGL,CE,Towers with Radar,9,20,16,5,50,0,0,17,2,19,9,20,33,7,69,2,2,4,73
08/08/2004,BIS,ND,AGL,CE,Towers with Radar,9,22,19,1,51,0,12,24,3,39,9,34,43,4,90,0,0,0,90
08/09/2004,BIS,ND,AGL,CE,Towers with Radar,10,32,35,14,91,0,2,25,0,27,10,34,60,14,118,56,20,76,194
08/10/2004,BIS,ND,AGL,CE,Towers with Radar,10,40,52,10,112,0,9,45,11,65,10,49,97,21,177,8,18,26,203
08/11/2004,BIS,ND,AGL,CE,Towers with Radar,8,42,42,7,99,0,0,36,10,46,8,42,78,17,145,26,6,32,177
08/12/2004,BIS,ND,AGL,CE,Towers with Radar,7,39,51,12,109,0,0,63,23,86,7,39,114,35,195,41,9,50,245
08/13/2004,BIS,ND,AGL,CE,Towers with Radar,10,41,24,1,76,0,0,52,6,58,10,41,76,7,134,83,7,90,224
08/14/2004,BIS,ND,AGL,CE,Towers with Radar,7,27,19,1,54,0,0,45,0,45,7,27,64,1,99,6,0,6,105
08/15/2004,BIS,ND,AGL,CE,Towers with Radar,9,18,11,0,38,0,0,26,2,28,9,18,37,2,66,18,0,18,84
08/16/2004,BIS,ND,AGL,CE,Towers with Radar,13,30,28,0,71,0,11,39,4,54,13,41,67,4,125,34,2,36,161
08/17/2004,BIS,ND,AGL,CE,Towers with Radar,8,38,51,0,97,0,3,43,38,84,8,41,94,38,181,75,48,123,304
08/18/2004,BIS,ND,AGL,CE,Towers with Radar,8,41,29,2,80,0,3,43,4,50,8,44,72,6,130,6,2,8,138
08/19/2004,BIS,ND,AGL,CE,Towers with Radar,7,31,37,2,77,0,9,44,6,59,7,40,81,8,136,24,14,38,174
08/20/2004,BIS,ND,AGL,CE,Towers with Radar,12,40,26,4,82,0,0,58,21,79,12,40,84,25,161,70,28,98,259
08/21/2004,BIS,ND,AGL,CE,Towers with Radar,9,23,14,0,46,0,0,50,3,53,9,23,64,3,99,44,0,44,143
08/22/2004,BIS,ND,AGL,CE,Towers with Radar,9,19,10,6,44,0,3,29,2,34,9,22,39,8,78,28,6,34,112
08/23/2004,BIS,ND,AGL,CE,Towers with Radar,11,34,43,5,93,0,7,34,11,52,11,41,77,16,145,32,24,56,201
08/24/2004,BIS,ND,AGL,CE,Towers with Radar,8,38,42,9,97,0,7,59,17,83,8,45,101,26,180,91,8,99,279
08/25/2004,BIS,ND,AGL,CE,Towers with Radar,8,39,36,4,87,0,3,29,8,40,8,42,65,12,127,2,0,2,129
08/26/2004,BIS,ND,AGL,CE,Towers with Radar,7,38,52,2,99,0,2,46,24,72,7,40,98,26,171,46,26,72,243
08/27/2004,BIS,ND,AGL,CE,Towers with Radar,10,47,44,0,101,0,1,36,7,44,10,48,80,7,145,28,0,28,173
08/28/2004,BIS,ND,AGL,CE,Towers with Radar,8,24,19,0,51,0,3,56,1,60,8,27,75,1,111,48,0,48,159
08/29/2004,BIS,ND,AGL,CE,Towers with Radar,8,22,18,0,48,0,1,55,1,57,8,23,73,1,105,66,0,66,171
08/30/2004,BIS,ND,AGL,CE,Towers with Radar,11,29,48,2,90,0,6,53,6,65,11,35,101,8,155,106,8,114,269
08/31/2004,BIS,ND,AGL,CE,Towers with Radar,8,40,42,3,93,0,0,70,9,79,8,40,112,12,172,58,9,67,239
09/01/2004,BIS,ND,AGL,CE,Towers with Radar,12,38,34,10,94,0,5,38,5,48,12,43,72,15,142,32,25,57,199
09/02/2004,BIS,ND,AGL,CE,Towers with Radar,10,39,43,2,94,0,3,45,11,59,10,42,88,13,153,10,0,10,163
09/03/2004,BIS,ND,AGL,CE,Towers with Radar,9,36,22,1,68,0,0,30,6,36,9,36,52,7,104,24,2,26,130
09/04/2004,BIS,ND,AGL,CE,Towers with Radar,9,23,6,0,38,0,0,19,0,19,9,23,25,0,57,26,0,26,83
09/05/2004,BIS,ND,AGL,CE,Towers with Radar,4,29,2,0,35,0,5,34,0,39,4,34,36,0,74,22,0,22,96
09/06/2004,BIS,ND,AGL,CE,Towers with Radar,10,18,13,0,41,0,10,45,1,56,10,28,58,1,97,64,0,64,161
09/07/2004,BIS,ND,AGL,CE,Towers with Radar,9,33,38,5,85,0,3,67,4,74,9,36,105,9,159,58,10,68,227
09/08/2004,BIS,ND,AGL,CE,Towers with Radar,8,35,41,2,86,0,1,44,8,53,8,36,85,10,139,38,2,40,179
09/09/2004,BIS,ND,AGL,CE,Towers with Radar,7,37,42,1,87,0,2,43,7,52,7,39,85,8,139,34,0,34,173
09/10/2004,BIS,ND,AGL,CE,Towers with Radar,10,43,21,7,81,0,1,27,5,33,10,44,48,12,114,50,22,72,186
09/11/2004,BIS,ND,AGL,CE,Towers with Radar,8,21,25,9,63,0,7,21,10,38,8,28,46,19,101,52,8,60,161
09/12/2004,BIS,ND,AGL,CE,Towers with Radar,6,19,16,7,48,0,3,39,11,53,6,22,55,18,101,44,4,48,149
09/13/2004,BIS,ND,AGL,CE,Towers with Radar,10,29,39,10,88,0,1,20,12,33,10,30,59,22,121,8,0,8,129
09/14/2004,BIS,ND,AGL,CE,Towers with Radar,8,46,47,9,110,0,0,66,8,74,8,46,113,17,184,36,3,39,223
09/15/2004,BIS,ND,AGL,CE,Towers with Radar,8,42,42,3,95,0,0,29,9,38,8,42,71,12,133,20,10,30,163
09/16/2004,BIS,ND,AGL,CE,Towers with Radar,8,35,44,5,92,0,2,52,2,56,8,37,96,7,148,54,0,54,202
09/17/2004,BIS,ND,AGL,CE,Towers with Radar,9,34,28,6,77,0,2,47,0,49,9,36,75,6,126,56,16,72,198
09/18/2004,BIS,ND,AGL,CE,Towers with Radar,7,20,12,1,40,0,4,35,1,40,7,24,47,2,80,24,0,24,104
09/19/2004,BIS,ND,AGL,CE,Towers with Radar,7,21,19,0,47,0,2,29,3,34,7,23,48,3,81,18,0,18,99
09/20/2004,BIS,ND,AGL,CE,Towers with Radar,11,41,29,2,83,0,4,52,0,56,11,45,81,2,139,66,0,66,205
09/21/2004,BIS,ND,AGL,CE,Towers with Radar,8,39,46,0,93,0,4,53,4,61,8,43,99,4,154,74,0,74,228
09/22/2004,BIS,ND,AGL,CE,Towers with Radar,8,45,48,1,102,0,3,24,4,31,8,48,72,5,133,63,2,65,198
09/23/2004,BIS,ND,AGL,CE,Towers with Radar,7,33,33,0,73,0,0,10,0,10,7,33,43,0,83,10,0,10,93
09/24/2004,BIS,ND,AGL,CE,Towers with Radar,9,36,38,0,83,0,7,52,2,61,9,43,90,2,144,68,2,70,214
09/25/2004,BIS,ND,AGL,CE,Towers with Radar,7,22,10,0,39,0,2,64,1,67,7,24,74,1,106,42,0,42,148
09/26/2004,BIS,ND,AGL,CE,Towers with Radar,7,19,12,0,38,0,7,42,0,49,7,26,54,0,87,56,0,56,143
09/27/2004,BIS,ND,AGL,CE,Towers with Radar,11,35,25,0,71,0,0,55,4,59,11,35,80,4,130,116,0,116,246
09/28/2004,BIS,ND,AGL,CE,Towers with Radar,9,40,33,0,82,0,0,65,9,74,9,40,98,9,156,108,10,118,274
09/29/2004,BIS,ND,AGL,CE,Towers with Radar,8,38,35,2,83,0,0,32,3,35,8,38,67,5,118,48,4,52,170
09/30/2004,BIS,ND,AGL,CE,Towers with Radar,8,33,53,7,101,0,4,19,2,25,8,37,72,9,126,20,2,22,148
10/01/2004,BIS,ND,AGL,CE,Combined TRACON& Tower with Radar,11,30,21,0,62,0,3,33,1,37,11,33,54,1,99,18,6,24,123
10/02/2004,BIS,ND,AGL,CE,Combined TRACON& Tower with Radar,9,24,10,0,43,0,3,56,3,62,9,27,66,3,105,36,0,36,141
10/03/2004,BIS,ND,AGL,CE,Combined TRACON& Tower with Radar,8,19,6,2,35,0,0,54,2,56,8,19,60,4,91,48,4,52,143
10/04/2004,BIS,ND,AGL,CE,Combined TRACON& Tower with Radar,11,31,22,1,65,0,0,47,1,48,11,31,69,2,113,98,0,98,211
10/05/2004,BIS,ND,AGL,CE,Combined TRACON& Tower with Radar,9,43,31,3,86,0,2,79,8,89,9,45,110,11,175,71,0,71,246
10/06/2004,BIS,ND,AGL,CE,Combined TRACON& Tower with Radar,8,44,31,3,86,0,5,32,4,41,8,49,63,7,127,57,28,85,212
10/07/2004,BIS,ND,AGL,CE,Combined TRACON& Tower with Radar,8,36,48,10,102,0,0,29,12,41,8,36,77,22,143,6,18,24,167
10/08/2004,BIS,ND,AGL,CE,Combined TRACON& Tower with Radar,10,30,24,1,65,0,5,50,7,62,10,35,74,8,127,38,2,40,167
10/09/2004,BIS,ND,AGL,CE,Combined TRACON& Tower with Radar,8,23,10,0,41,0,1,13,0,14,8,24,23,0,55,8,0,8,63
10/10/2004,BIS,ND,AGL,CE,Combined TRACON& Tower with Radar,8,18,5,0,31,0,3,36,1,40,8,21,41,1,71,48,0,48,119
10/11/2004,BIS,ND,AGL,CE,Combined TRACON& Tower with Radar,12,33,28,0,73,0,6,54,1,61,12,39,82,1,134,86,0,86,220
10/12/2004,BIS,ND,AGL,CE,Combined TRACON& Tower with Radar,9,46,31,0,86,0,7,56,3,66,9,53,87,3,152,56,0,56,208
10/13/2004,BIS,ND,AGL,CE,Combined TRACON& Tower with Radar,8,44,31,0,83,0,6,42,4,52,8,50,73,4,135,33,0,33,168
10/14/2004,BIS,ND,AGL,CE,Combined TRACON& Tower with Radar,8,30,52,2,92,0,22,16,2,40,8,52,68,4,132,6,0,6,138
10/15/2004,BIS,ND,AGL,CE,Combined TRACON& Tower with Radar,10,34,37,0,81,0,0,19,1,20,10,34,56,1,101,2,4,6,107
10/16/2004,BIS,ND,AGL,CE,Combined TRACON& Tower with Radar,8,23,14,0,45,0,3,19,0,22,8,26,33,0,67,36,0,36,103
10/17/2004,BIS,ND,AGL,CE,Combined TRACON& Tower with Radar,7,20,15,0,42,0,6,15,0,21,7,26,30,0,63,4,0,4,67
10/18/2004,BIS,ND,AGL,CE,Combined TRACON& Tower with Radar,11,28,43,0,82,0,15,22,3,40,11,43,65,3,122,9,6,15,137
10/19/2004,BIS,ND,AGL,CE,Combined TRACON& Tower with Radar,8,41,45,5,99,0,10,34,11,55,8,51,79,16,154,66,0,66,220
10/20/2004,BIS,ND,AGL,CE,Combined TRACON& Tower with Radar,10,49,38,7,104,0,3,6,3,12,10,52,44,10,116,0,10,10,126
10/21/2004,BIS,ND,AGL,CE,Combined TRACON& Tower with Radar,8,28,67,8,111,0,0,12,5,17,8,28,79,13,128,10,0,10,138
10/22/2004,BIS,ND,AGL,CE,Combined TRACON& Tower with Radar,8,32,35,2,77,0,0,0,0,0,8,32,35,2,77,0,0,0,77
10/23/2004,BIS,ND,AGL,CE,Combined TRACON& Tower with Radar,11,26,24,0,61,0,0,43,0,43,11,26,67,0,104,46,0,46,150
10/24/2004,BIS,ND,AGL,CE,Combined TRACON& Tower with Radar,7,20,15,0,42,0,3,31,0,34,7,23,46,0,76,42,0,42,118
10/25/2004,BIS,ND,AGL,CE,Combined TRACON& Tower with Radar,10,35,33,2,80,0,6,56,4,66,10,41,89,6,146,46,6,52,198
10/26/2004,BIS,ND,AGL,CE,Combined TRACON& Tower with Radar,9,45,48,4,106,0,10,53,1,64,9,55,101,5,170,43,6,49,219
10/27/2004,BIS,ND,AGL,CE,Combined TRACON& Tower with Radar,10,42,50,1,103,0,0,5,2,7,10,42,55,3,110,0,0,0,110
10/28/2004,BIS,ND,AGL,CE,Combined TRACON& Tower with Radar,7,32,36,2,77,0,0,1,0,1,7,32,37,2,78,0,0,0,78
10/29/2004,BIS,ND,AGL,CE,Combined TRACON& Tower with Radar,12,34,24,1,71,0,0,6,2,8,12,34,30,3,79,0,0,0,79
10/30/2004,BIS,ND,AGL,CE,Combined TRACON& Tower with Radar,7,25,16,6,54,0,2,21,5,28,7,27,37,11,82,52,0,52,134
10/31/2004,BIS,ND,AGL,CE,Combined TRACON& Tower with Radar,7,18,11,0,36,0,2,23,9,34,7,20,34,9,70,58,0,58,128
11/01/2004,BIS,ND,AGL,CE,Combined TRACON& Tower with Radar,13,34,24,1,72,0,5,48,4,57,13,39,72,5,129,66,0,66,195
11/02/2004,BIS,ND,AGL,CE,Combined TRACON& Tower with Radar,8,41,28,0,77,0,2,49,5,56,8,43,77,5,133,74,0,74,207
11/03/2004,BIS,ND,AGL,CE,Combined TRACON& Tower with Radar,10,37,40,0,87,0,1,54,3,58,10,38,94,3,145,2,0,2,147
11/04/2004,BIS,ND,AGL,CE,Combined TRACON& Tower with Radar,8,33,47,0,88,0,4,51,8,63,8,37,98,8,151,42,4,46,197
11/05/2004,BIS,ND,AGL,CE,Combined TRACON& Tower with Radar,8,30,18,4,60,0,4,47,3,54,8,34,65,7,114,6,2,8,122
11/06/2004,BIS,ND,AGL,CE,Combined TRACON& Tower with Radar,8,25,8,0,41,0,2,43,1,46,8,27,51,1,87,62,0,62,149
11/07/2004,BIS,ND,AGL,CE,Combined TRACON& Tower with Radar,6,21,10,0,37,0,3,38,3,44,6,24,48,3,81,34,2,36,117
11/08/2004,BIS,ND,AGL,CE,Combined TRACON& Tower with Radar,11,32,29,0,72,0,7,47,13,67,11,39,76,13,139,90,0,90,229
11/09/2004,BIS,ND,AGL,CE,Combined TRACON& Tower with Radar,8,38,37,2,85,0,7,61,18,86,8,45,98,20,171,64,12,76,247
11/10/2004,BIS,ND,AGL,CE,Combined TRACON& Tower with Radar,10,43,23,4,80,0,0,39,8,47,10,43,62,12,127,20,2,22,149
11/11/2004,BIS,ND,AGL,CE,Combined TRACON& Tower with Radar,7,31,16,2,56,0,4,34,0,38,7,35,50,2,94,56,0,56,150
11/12/2004,BIS,ND,AGL,CE,Combined TRACON& Tower with Radar,10,38,25,0,73,0,0,36,0,36,10,38,61,0,109,76,0,76,185
11/13/2004,BIS,ND,AGL,CE,Combined TRACON& Tower with Radar,8,23,9,0,40,0,4,32,2,38,8,27,41,2,78,56,0,56,134
11/14/2004,BIS,ND,AGL,CE,Combined TRACON& Tower with Radar,5,18,12,3,38,0,2,42,0,44,5,20,54,3,82,52,8,60,142
11/15/2004,BIS,ND,AGL,CE,Combined TRACON& Tower with Radar,10,32,37,0,79,0,0,49,8,57,10,32,86,8,136,66,4,70,206
11/16/2004,BIS,ND,AGL,CE,Combined TRACON& Tower with Radar,8,32,37,5,82,0,5,71,19,95,8,37,108,24,177,39,8,47,224
11/17/2004,BIS,ND,AGL,CE,Combined TRACON& Tower with Radar,10,38,29,6,83,0,11,66,4,81,10,49,95,10,164,34,6,40,204
11/18/2004,BIS,ND,AGL,CE,Combined TRACON& Tower with Radar,7,37,37,5,86,0,1,52,7,60,7,38,89,12,146,50,2,52,198
11/19/2004,BIS,ND,AGL,CE,Combined TRACON& Tower with Radar,8,35,46,1,90,0,0,23,6,29,8,35,69,7,119,12,2,14,133
11/20/2004,BIS,ND,AGL,CE,Combined TRACON& Tower with Radar,7,21,25,6,59,0,4,23,8,35,7,25,48,14,94,42,30,72,166
11/21/2004,BIS,ND,AGL,CE,Combined TRACON& Tower with Radar,6,18,10,8,42,0,9,23,7,39,6,27,33,15,81,50,18,68,149
11/22/2004,BIS,ND,AGL,CE,Combined TRACON& Tower with Radar,11,35,32,3,81,0,4,30,1,35,11,39,62,4,116,28,0,28,144
11/23/2004,BIS,ND,AGL,CE,Combined TRACON& Tower with Radar,9,43,41,2,95,0,2,49,4,55,9,45,90,6,150,72,0,72,222
11/24/2004,BIS,ND,AGL,CE,Combined TRACON& Tower with Radar,10,36,19,0,65,0,0,39,5,44,10,36,58,5,109,28,0,28,137
11/25/2004,BIS,ND,AGL,CE,Combined TRACON& Tower with Radar,3,12,3,0,18,0,0,5,0,5,3,12,8,0,23,0,0,0,23
11/26/2004,BIS,ND,AGL,CE,Combined TRACON& Tower with Radar,7,28,9,8,52,0,0,2,0,2,7,28,11,8,54,0,14,14,68
11/27/2004,BIS,ND,AGL,CE,Combined TRACON& Tower with Radar,5,21,5,2,33,0,0,29,0,29,5,21,34,2,62,28,4,32,94
11/28/2004,BIS,ND,AGL,CE,Combined TRACON& Tower with Radar,7,18,10,0,35,0,2,20,0,22,7,20,30,0,57,16,0,16,73
11/29/2004,BIS,ND,AGL,CE,Combined TRACON& Tower with Radar,9,27,22,1,59,0,5,58,12,75,9,32,80,13,134,22,4,26,160
11/30/2004,BIS,ND,AGL,CE,Combined TRACON& Tower with Radar,12,41,44,6,103,0,9,45,4,58,12,50,89,10,161,80,10,90,251
12/01/2004,BIS,ND,AGL,CE,Combined TRACON& Tower with Radar,11,36,35,0,82,0,10,17,4,31,11,46,52,4,113,21,0,21,134
12/02/2004,BIS,ND,AGL,CE,Combined TRACON& Tower with Radar,7,37,43,4,91,0,3,20,2,25,7,40,63,6,116,42,2,44,160
12/03/2004,BIS,ND,AGL,CE,Combined TRACON& Tower with Radar,8,30,31,0,69,0,0,32,3,35,8,30,63,3,104,24,0,24,128
12/04/2004,BIS,ND,AGL,CE,Combined TRACON& Tower with Radar,8,20,19,0,47,0,0,27,4,31,8,20,46,4,78,48,4,52,130
12/05/2004,BIS,ND,AGL,CE,Combined TRACON& Tower with Radar,7,17,8,0,32,0,0,19,5,24,7,17,27,5,56,32,10,42,98
12/06/2004,BIS,ND,AGL,CE,Combined TRACON& Tower with Radar,11,32,25,2,70,0,10,13,2,25,11,42,38,4,95,0,20,20,115
12/07/2004,BIS,ND,AGL,CE,Combined TRACON& Tower with Radar,10,57,59,3,129,0,0,14,0,14,10,57,73,3,143,2,0,2,145
12/08/2004,BIS,ND,AGL,CE,Combined TRACON& Tower with Radar,10,55,38,1,104,0,1,11,0,12,10,56,49,1,116,4,0,4,120
12/09/2004,BIS,ND,AGL,CE,Combined TRACON& Tower with Radar,10,49,25,1,85,0,0,3,0,3,10,49,28,1,88,0,0,0,88
12/10/2004,BIS,ND,AGL,CE,Combined TRACON& Tower with Radar,10,34,47,4,95,0,3,10,0,13,10,37,57,4,108,6,0,6,114
12/11/2004,BIS,ND,AGL,CE,Combined TRACON& Tower with Radar,8,21,5,0,34,0,2,29,0,31,8,23,34,0,65,59,0,59,124
12/12/2004,BIS,ND,AGL,CE,Combined TRACON& Tower with Radar,6,19,10,0,35,0,0,34,0,34,6,19,44,0,69,0,0,0,69
12/13/2004,BIS,ND,AGL,CE,Combined TRACON& Tower with Radar,14,41,49,6,110,0,8,53,19,80,14,49,102,25,190,54,14,68,258
12/14/2004,BIS,ND,AGL,CE,Combined TRACON& Tower with Radar,9,43,39,0,91,0,10,60,14,84,9,53,99,14,175,66,18,84,259
12/15/2004,BIS,ND,AGL,CE,Combined TRACON& Tower with Radar,10,41,41,1,93,0,7,46,16,69,10,48,87,17,162,44,0,44,206
12/16/2004,BIS,ND,AGL,CE,Combined TRACON& Tower with Radar,8,37,40,6,91,0,0,27,3,30,8,37,67,9,121,20,9,29,150
12/17/2004,BIS,ND,AGL,CE,Combined TRACON& Tower with Radar,8,47,36,1,92,0,5,31,4,40,8,52,67,5,132,4,2,6,138
12/18/2004,BIS,ND,AGL,CE,Combined TRACON& Tower with Radar,7,27,7,0,41,0,0,14,0,14,7,27,21,0,55,0,0,0,55
12/19/2004,BIS,ND,AGL,CE,Combined TRACON& Tower with Radar,7,16,4,0,27,0,5,25,1,31,7,21,29,1,58,6,0,6,64
12/20/2004,BIS,ND,AGL,CE,Combined TRACON& Tower with Radar,9,33,26,0,68,0,4,18,6,28,9,37,44,6,96,6,0,6,102
12/21/2004,BIS,ND,AGL,CE,Combined TRACON& Tower with Radar,10,47,43,10,110,0,0,21,0,21,10,47,64,10,131,4,8,12,143
12/22/2004,BIS,ND,AGL,CE,Combined TRACON& Tower with Radar,9,46,36,0,91,0,0,32,2,34,9,46,68,2,125,2,2,4,129
12/23/2004,BIS,ND,AGL,CE,Combined TRACON& Tower with Radar,9,32,20,0,61,0,0,25,0,25,9,32,45,0,86,16,0,16,102
12/24/2004,BIS,ND,AGL,CE,Combined TRACON& Tower with Radar,6,32,6,0,44,0,0,3,0,3,6,32,9,0,47,0,0,0,47
12/25/2004,BIS,ND,AGL,CE,Combined TRACON& Tower with Radar,6,8,1,0,15,0,2,0,0,2,6,10,1,0,17,0,0,0,17
12/26/2004,BIS,ND,AGL,CE,Combined TRACON& Tower with Radar,8,17,4,0,29,0,1,2,0,3,8,18,6,0,32,0,0,0,32
12/27/2004,BIS,ND,AGL,CE,Combined TRACON& Tower with Radar,9,34,13,0,56,0,1,9,0,10,9,35,22,0,66,0,0,0,66
12/28/2004,BIS,ND,AGL,CE,Combined TRACON& Tower with Radar,10,42,30,4,86,0,0,22,0,22,10,42,52,4,108,4,0,4,112
12/29/2004,BIS,ND,AGL,CE,Combined TRACON& Tower with Radar,11,34,16,3,64,0,2,25,4,31,11,36,41,7,95,44,4,48,143
12/30/2004,BIS,ND,AGL,CE,Combined TRACON& Tower with Radar,8,25,12,0,45,0,0,2,0,2,8,25,14,0,47,0,0,0,47
12/31/2004,BIS,ND,AGL,CE,Combined TRACON& Tower with Radar,10,32,21,0,63,0,2,8,0,10,10,34,29,0,73,2,0,2,75
01/01/2005,BIS,ND,AGL,CE,Combined TRACON& Tower with Radar,7,9,0,0,16,0,0,0,0,0,7,9,0,0,16,0,0,0,16
01/02/2005,BIS,ND,AGL,CE,Combined TRACON& Tower with Radar,7,13,4,0,24,0,1,19,0,20,7,14,23,0,44,0,0,0,44
01/03/2005,BIS,ND,AGL,CE,Combined TRACON& Tower with Radar,11,35,16,0,62,0,3,34,10,47,11,38,50,10,109,38,0,38,147
01/04/2005,BIS,ND,AGL,CE,Combined TRACON& Tower with Radar,9,49,27,1,86,0,2,35,4,41,9,51,62,5,127,22,4,26,153
01/05/2005,BIS,ND,AGL,CE,Combined TRACON& Tower with Radar,10,39,25,2,76,0,0,18,3,21,10,39,43,5,97,0,4,4,101
01/06/2005,BIS,ND,AGL,CE,Combined TRACON& Tower with Radar,7,31,39,1,78,0,0,29,1,30,7,31,68,2,108,0,44,44,152
01/07/2005,BIS,ND,AGL,CE,Combined TRACON& Tower with Radar,10,30,41,5,86,0,0,23,6,29,10,30,64,11,115,0,0,0,115
01/08/2005,BIS,ND,AGL,CE,Combined TRACON& Tower with Radar,5,22,11,0,38,0,0,3,4,7,5,22,14,4,45,10,0,10,55
01/09/2005,BIS,ND,AGL,CE,Combined TRACON& Tower with Radar,9,13,5,2,29,0,1,16,0,17,9,14,21,2,46,0,0,0,46
01/10/2005,BIS,ND,AGL,CE,Combined TRACON& Tower with Radar,9,28,29,0,66,0,4,51,6,61,9,32,80,6,127,50,20,70,197
01/11/2005,BIS,ND,AGL,CE,Combined TRACON& Tower with Radar,10,44,49,1,104,0,6,38,4,48,10,50,87,5,152,33,14,47,199
01/12/2005,BIS,ND,AGL,CE,Combined TRACON& Tower with Radar,8,41,43,2,94,0,0,19,0,19,8,41,62,2,113,10,0,10,123
01/13/2005,BIS,ND,AGL,CE,Combined TRACON& Tower with Radar,9,31,29,0,69,0,1,6,0,7,9,32,35,0,76,0,0,0,76
01/14/2005,BIS,ND,AGL,CE,Combined TRACON& Tower with Radar,8,39,32,0,79,0,0,26,0,26,8,39,58,0,105,6,0,6,111
01/15/2005,BIS,ND,AGL,CE,Combined TRACON& Tower with Radar,7,23,5,0,35,0,0,12,0,12,7,23,17,0,47,0,0,0,47
01/16/2005,BIS,ND,AGL,CE,Combined TRACON& Tower with Radar,8,14,6,0,28,0,0,10,0,10,8,14,16,0,38,0,0,0,38
01/17/2005,BIS,ND,AGL,CE,Combined TRACON& Tower with Radar,9,26,32,0,67,0,6,28,0,34,9,32,60,0,101,0,0,0,101
01/18/2005,BIS,ND,AGL,CE,Combined TRACON& Tower with Radar,10,41,46,0,97,0,5,27,2,34,10,46,73,2,131,20,4,24,155
01/19/2005,BIS,ND,AGL,CE,Combined TRACON& Tower with Radar,7,32,39,0,78,0,4,0,0,4,7,36,39,0,82,6,0,6,88
01/20/2005,BIS,ND,AGL,CE,Combined TRACON& Tower with Radar,7,37,41,0,85,0,0,1,0,1,7,37,42,0,86,0,0,0,86
01/21/2005,BIS,ND,AGL,CE,Combined TRACON& Tower with Radar,7,20,12,0,39,0,0,0,0,0,7,20,12,0,39,0,0,0,39
01/22/2005,BIS,ND,AGL,CE,Combined TRACON& Tower with Radar,4,18,9,0,31,0,0,5,3,8,4,18,14,3,39,18,0,18,57
01/23/2005,BIS,ND,AGL,CE,Combined TRACON& Tower with Radar,9,19,7,4,39,0,0,27,13,40,9,19,34,17,79,78,20,98,177
01/24/2005,BIS,ND,AGL,CE,Combined TRACON& Tower with Radar,11,35,20,13,79,0,4,35,0,39,11,39,55,13,118,71,60,131,249
01/25/2005,BIS,ND,AGL,CE,Combined TRACON& Tower with Radar,11,42,60,2,115,0,0,25,4,29,11,42,85,6,144,34,2,36,180
01/26/2005,BIS,ND,AGL,CE,Combined TRACON& Tower with Radar,10,44,46,8,108,0,6,10,5,21,10,50,56,13,129,38,4,42,171
01/27/2005,BIS,ND,AGL,CE,Combined TRACON& Tower with Radar,7,34,45,2,88,0,0,2,0,2,7,34,47,2,90,10,4,14,104
01/28/2005,BIS,ND,AGL,CE,Combined TRACON& Tower with Radar,7,34,39,1,81,0,0,3,0,3,7,34,42,1,84,18,0,18,102
01/29/2005,BIS,ND,AGL,CE,Combined TRACON& Tower with Radar,6,21,12,0,39,0,0,8,0,8,6,21,20,0,47,0,0,0,47
01/30/2005,BIS,ND,AGL,CE,Combined TRACON& Tower with Radar,10,16,15,0,41,0,1,0,1,2,10,17,15,1,43,4,0,4,47
01/31/2005,BIS,ND,AGL,CE,Combined TRACON& Tower with Radar,10,37,41,0,88,0,0,6,1,7,10,37,47,1,95,2,0,2,97
02/01/2005,BIS,ND,AGL,CE,Combined TRACON& Tower with Radar,10,43,44,0,97,0,15,46,0,61,10,58,90,0,158,70,0,70,228
02/02/2005,BIS,ND,AGL,CE,Combined TRACON& Tower with Radar,8,35,34,0,77,0,15,28,4,47,8,50,62,4,124,13,0,13,137
02/03/2005,BIS,ND,AGL,CE,Combined TRACON& Tower with Radar,7,30,49,3,89,0,10,31,7,48,7,40,80,10,137,18,0,18,155
02/04/2005,BIS,ND,AGL,CE,Combined TRACON& Tower with Radar,10,32,47,5,94,0,0,25,9,34,10,32,72,14,128,54,0,54,182
02/05/2005,BIS,ND,AGL,CE,Combined TRACON& Tower with Radar,5,20,7,0,32,0,0,2,0,2,5,20,9,0,34,18,0,18,52
02/06/2005,BIS,ND,AGL,CE,Combined TRACON& Tower with Radar,9,16,10,1,36,0,5,32,11,48,9,21,42,12,84,36,0,36,120
02/07/2005,BIS,ND,AGL,CE,Combined TRACON& Tower with Radar,11,35,33,0,79,0,0,36,2,38,11,35,69,2,117,14,0,14,131
02/08/2005,BIS,ND,AGL,CE,Combined TRACON& Tower with Radar,11,38,30,6,85,0,0,20,5,25,11,38,50,11,110,12,0,12,122
02/09/2005,BIS,ND,AGL,CE,Combined TRACON& Tower with Radar,8,33,31,12,84,0,1,44,14,59,8,34,75,26,143,70,2,72,215
02/10/2005,BIS,ND,AGL,CE,Combined TRACON& Tower with Radar,7,24,29,0,60,0,9,33,11,53,7,33,62,11,113,14,4,18,131
02/11/2005,BIS,ND,AGL,CE,Combined TRACON& Tower with Radar,8,38,35,2,83,0,2,38,1,41,8,40,73,3,124,48,3,51,175
02/12/2005,BIS,ND,AGL,CE,Combined TRACON& Tower with Radar,7,24,7,0,38,0,0,54,19,73,7,24,61,19,111,56,12,68,179
02/13/2005,BIS,ND,AGL,CE,Combined TRACON& Tower with Radar,7,15,4,3,29,0,4,23,0,27,7,19,27,3,56,52,0,52,108
02/14/2005,BIS,ND,AGL,CE,Combined TRACON& Tower with Radar,9,27,31,1,68,0,2,48,0,50,9,29,79,1,118,88,0,88,206
02/15/2005,BIS,ND,AGL,CE,Combined TRACON& Tower with Radar,10,29,52,4,95,0,19,34,5,58,10,48,86,9,153,38,10,48,201
02/16/2005,BIS,ND,AGL,CE,Combined TRACON& Tower with Radar,10,32,47,0,89,0,6,46,6,58,10,38,93,6,147,45,0,45,192
02/17/2005,BIS,ND,AGL,CE,Combined TRACON& Tower with Radar,6,28,28,0,62,0,5,45,0,50,6,33,73,0,112,28,0,28,140
02/18/2005,BIS,ND,AGL,CE,Combined TRACON& Tower with Radar,12,31,21,1,65,0,4,36,8,48,12,35,57,9,113,18,0,18,131
02/19/2005,BIS,ND,AGL,CE,Combined TRACON& Tower with Radar,5,22,7,0,34,0,0,9,0,9,5,22,16,0,43,0,0,0,43
02/20/2005,BIS,ND,AGL,CE,Combined TRACON& Tower with Radar,6,9,12,0,27,0,1,16,0,17,6,10,28,0,44,10,0,10,54
02/21/2005,BIS,ND,AGL,CE,Combined TRACON& Tower with Radar,10,20,25,0,55,0,3,39,0,42,10,23,64,0,97,64,0,64,161
02/22/2005,BIS,ND,AGL,CE,Combined TRACON& Tower with Radar,7,33,48,2,90,0,10,39,8,57,7,43,87,10,147,68,14,82,229
02/23/2005,BIS,ND,AGL,CE,Combined TRACON& Tower with Radar,6,31,34,1,72,0,0,30,5,35,6,31,64,6,107,48,0,48,155
02/24/2005,BIS,ND,AGL,CE,Combined TRACON& Tower with Radar,6,23,34,0,63,0,4,48,4,56,6,27,82,4,119,24,0,24,143
02/25/2005,BIS,ND,AGL,CE,Combined TRACON& Tower with Radar,6,31,30,2,69,0,0,24,0,24,6,31,54,2,93,30,2,32,125
02/26/2005,BIS,ND,AGL,CE,Combined TRACON& Tower with Radar,6,23,17,0,46,0,1,21,3,25,6,24,38,3,71,76,0,76,147
02/27/2005,BIS,ND,AGL,CE,Combined TRACON& Tower with Radar,6,10,4,2,22,0,0,22,0,22,6,10,26,2,44,44,0,44,88
02/28/2005,BIS,ND,AGL,CE,Combined TRACON& Tower with Radar,7,25,18,8,58,0,9,28,6,43,7,34,46,14,101,64,12,76,177
03/01/2005,BIS,ND,AGL,CE,Combined TRACON& Tower with Radar,7,39,25,0,71,0,0,44,4,48,7,39,69,4,119,42,0,42,161
03/02/2005,BIS,ND,AGL,CE,Combined TRACON& Tower with Radar,6,30,31,4,71,0,3,44,6,53,6,33,75,10,124,26,0,26,150
03/03/2005,BIS,ND,AGL,CE,Combined TRACON& Tower with Radar,6,26,28,7,67,0,4,60,14,78,6,30,88,21,145,69,10,79,224
03/04/2005,BIS,ND,AGL,CE,Combined TRACON& Tower with Radar,6,33,34,1,74,0,0,38,7,45,6,33,72,8,119,10,0,10,129
03/05/2005,BIS,ND,AGL,CE,Combined TRACON& Tower with Radar,6,23,11,0,40,0,2,47,10,59,6,25,58,10,99,42,12,54,153
03/06/2005,BIS,ND,AGL,CE,Combined TRACON& Tower with Radar,6,14,19,0,39,0,1,17,4,22,6,15,36,4,61,0,0,0,61
03/07/2005,BIS,ND,AGL,CE,Combined TRACON& Tower with Radar,7,19,31,0,57,0,9,16,6,31,7,28,47,6,88,44,0,44,132
03/08/2005,BIS,ND,AGL,CE,Combined TRACON& Tower with Radar,7,43,55,1,106,0,0,7,1,8,7,43,62,2,114,34,1,35,149
03/09/2005,BIS,ND,AGL,CE,Combined TRACON& Tower with Radar,6,27,38,3,74,0,7,39,2,48,6,34,77,5,122,2,1,3,125
03/10/2005,BIS,ND,AGL,CE,Combined TRACON& Tower with Radar,6,27,39,5,77,0,2,5,0,7,6,29,44,5,84,0,0,0,84
03/11/2005,BIS,ND,AGL,CE,Combined TRACON& Tower with Radar,6,28,28,0,62,0,0,7,2,9,6,28,35,2,71,0,0,0,71
03/12/2005,BIS,ND,AGL,CE,Combined TRACON& Tower with Radar,6,22,13,0,41,0,0,0,1,1,6,22,13,1,42,52,0,52,94
03/13/2005,BIS,ND,AGL,CE,Combined TRACON& Tower with Radar,6,11,8,0,25,0,6,22,0,28,6,17,30,0,53,12,6,18,71
03/14/2005,BIS,ND,AGL,CE,Combined TRACON& Tower with Radar,11,27,31,4,73,0,4,25,4,33,11,31,56,8,106,18,0,18,124
03/15/2005,BIS,ND,AGL,CE,Combined TRACON& Tower with Radar,7,32,32,1,72,0,0,29,4,33,7,32,61,5,105,1,12,13,118
03/16/2005,BIS,ND,AGL,CE,Combined TRACON& Tower with Radar,6,30,44,0,80,0,8,20,12,40,6,38,64,12,120,38,0,38,158
03/17/2005,BIS,ND,AGL,CE,Combined TRACON& Tower with Radar,6,27,33,6,72,0,1,6,0,7,6,28,39,6,79,5,0,5,84
03/18/2005,BIS,ND,AGL,CE,Combined TRACON& Tower with Radar,7,22,35,2,66,0,0,13,3,16,7,22,48,5,82,14,2,16,98
03/19/2005,BIS,ND,AGL,CE,Combined TRACON& Tower with Radar,6,22,9,0,37,0,1,33,3,37,6,23,42,3,74,66,0,66,140
03/20/2005,BIS,ND,AGL,CE,Combined TRACON& Tower with Radar,6,11,10,2,29,0,5,23,0,28,6,16,33,2,57,50,0,50,107
03/21/2005,BIS,ND,AGL,CE,Combined TRACON& Tower with Radar,10,32,38,1,81,0,0,35,11,46,10,32,73,12,127,76,24,100,227
03/22/2005,BIS,ND,AGL,CE,Combined TRACON& Tower with Radar,6,35,55,10,106,0,3,8,1,12,6,38,63,11,118,0,5,5,123
03/23/2005,BIS,ND,AGL,CE,Combined TRACON& Tower with Radar,6,29,68,5,108,0,5,31,1,37,6,34,99,6,145,25,16,41,186
03/24/2005,BIS,ND,AGL,CE,Combined TRACON& Tower with Radar,6,29,43,0,78,0,0,10,0,10,6,29,53,0,88,0,0,0,88
03/25/2005,BIS,ND,AGL,CE,Combined TRACON& Tower with Radar,5,28,21,1,55,0,0,60,0,60,5,28,81,1,115,95,0,95,210
03/26/2005,BIS,ND,AGL,CE,Combined TRACON& Tower with Radar,7,25,5,0,37,0,0,50,0,50,7,25,55,0,87,52,0,52,139
03/27/2005,BIS,ND,AGL,CE,Combined TRACON& Tower with Radar,7,9,4,0,20,0,2,31,11,44,7,11,35,11,64,14,12,26,90
03/28/2005,BIS,ND,AGL,CE,Combined TRACON& Tower with Radar,9,30,34,0,73,0,2,85,11,98,9,32,119,11,171,70,0,70,241
03/29/2005,BIS,ND,AGL,CE,Combined TRACON& Tower with Radar,6,31,53,0,90,0,5,50,6,61,6,36,103,6,151,46,0,46,197
03/30/2005,BIS,ND,AGL,CE,Combined TRACON& Tower with Radar,6,29,38,0,73,0,4,31,1,36,6,33,69,1,109,36,6,42,151
03/31/2005,BIS,ND,AGL,CE,Combined TRACON& Tower with Radar,6,27,37,0,70,0,4,56,1,61,6,31,93,1,131,42,0,42,173
04/01/2005,BIS,ND,AGL,CE,Combined TRACON& Tower with Radar,8,23,41,1,73,0,0,39,8,47,8,23,80,9,120,30,2,32,152
04/02/2005,BIS,ND,AGL,CE,Combined TRACON& Tower with Radar,6,23,9,0,38,0,4,29,9,42,6,27,38,9,80,52,2,54,134
04/03/2005,BIS,ND,AGL,CE,Combined TRACON& Tower with Radar,4,11,3,1,19,0,4,18,8,30,4,15,21,9,49,76,4,80,129
04/04/2005,BIS,ND,AGL,CE,Combined TRACON& Tower with Radar,9,20,22,4,55,0,14,46,10,70,9,34,68,14,125,116,28,144,269
04/05/2005,BIS,ND,AGL,CE,Combined TRACON& Tower with Radar,8,26,48,8,90,0,12,43,13,68,8,38,91,21,158,62,6,68,226
04/06/2005,BIS,ND,AGL,CE,Combined TRACON& Tower with Radar,7,26,39,1,73,0,1,46,12,59,7,27,85,13,132,6,12,18,150
04/07/2005,BIS,ND,AGL,CE,Combined TRACON& Tower with Radar,9,25,37,0,71,0,0,47,6,53,9,25,84,6,124,52,22,74,198
04/08/2005,BIS,ND,AGL,CE,Combined TRACON& Tower with Radar,7,29,24,3,63,0,0,20,1,21,7,29,44,4,84,3,0,3,87
04/09/2005,BIS,ND,AGL,CE,Combined TRACON& Tower with Radar,8,20,4,0,32,0,5,25,2,32,8,25,29,2,64,50,0,50,114
04/10/2005,BIS,ND,AGL,CE,Combined TRACON& Tower with Radar,6,8,20,2,36,0,7,27,2,36,6,15,47,4,72,48,0,48,120
04/11/2005,BIS,ND,AGL,CE,Combined TRACON& Tower with Radar,13,28,35,10,86,0,0,29,1,30,13,28,64,11,116,14,12,26,142
04/12/2005,BIS,ND,AGL,CE,Combined TRACON& Tower with Radar,8,34,34,18,94,0,6,15,0,21,8,40,49,18,115,18,12,30,145
04/13/2005,BIS,ND,AGL,CE,Combined TRACON& Tower with Radar,7,23,55,2,87,0,0,16,7,23,7,23,71,9,110,44,8,52,162
04/14/2005,BIS,ND,AGL,CE,Combined TRACON& Tower with Radar,8,28,32,1,69,0,4,20,3,27,8,32,52,4,96,2,3,5,101
04/15/2005,BIS,ND,AGL,CE,Combined TRACON& Tower with Radar,9,27,38,8,82,0,5,45,6,56,9,32,83,14,138,38,8,46,184
04/16/2005,BIS,ND,AGL,CE,Combined TRACON& Tower with Radar,10,22,10,0,42,13,57,3,13,86,23,79,13,13,128,60,4,64,192
04/17/2005,BIS,ND,AGL,CE,Combined TRACON& Tower with Radar,7,10,15,3,35,0,2,38,9,49,7,12,53,12,84,30,0,30,114
04/18/2005,BIS,ND,AGL,CE,Combined TRACON& Tower with Radar,10,20,34,5,69,0,11,32,9,52,10,31,66,14,121,44,6,50,171
04/19/2005,BIS,ND,AGL,CE,Combined TRACON& Tower with Radar,8,28,49,8,93,0,8,27,6,41,8,36,76,14,134,15,0,15,149
04/20/2005,BIS,ND,AGL,CE,Combined TRACON& Tower with Radar,7,25,33,4,69,0,1,46,12,59,7,26,79,16,128,46,46,92,220
04/21/2005,BIS,ND,AGL,CE,Combined TRACON& Tower with Radar,9,28,44,2,83,0,2,42,1,45,9,30,86,3,128,86,42,128,256
04/22/2005,BIS,ND,AGL,CE,Combined TRACON& Tower with Radar,8,21,37,0,66,0,0,50,0,50,8,21,87,0,116,112,24,136,252
04/23/2005,BIS,ND,AGL,CE,Combined TRACON& Tower with Radar,6,16,19,0,41,0,0,55,4,59,6,16,74,4,100,106,0,106,206
04/24/2005,BIS,ND,AGL,CE,Combined TRACON& Tower with Radar,6,12,7,2,27,0,2,39,3,44,6,14,46,5,71,50,8,58,129
04/25/2005,BIS,ND,AGL,CE,Combined TRACON& Tower with Radar,12,19,35,6,72,0,0,33,9,42,12,19,68,15,114,2,8,10,124
04/26/2005,BIS,ND,AGL,CE,Combined TRACON& Tower with Radar,7,25,46,0,78,0,1,37,2,40,7,26,83,2,118,20,0,20,138
04/27/2005,BIS,ND,AGL,CE,Combined TRACON& Tower with Radar,8,28,42,2,80,0,2,33,13,48,8,30,75,15,128,8,12,20,148
04/28/2005,BIS,ND,AGL,CE,Combined TRACON& Tower with Radar,8,26,42,0,76,0,0,40,4,44,8,26,82,4,120,68,0,68,188
04/29/2005,BIS,ND,AGL,CE,Combined TRACON& Tower with Radar,8,29,34,0,71,0,0,50,10,60,8,29,84,10,131,24,0,24,155
04/30/2005,BIS,ND,AGL,CE,Combined TRACON& Tower with Radar,8,19,22,1,50,0,3,21,5,29,8,22,43,6,79,44,0,44,123
05/01/2005,BIS,ND,AGL,CE,Combined TRACON& Tower with Radar,6,12,10,0,28,0,5,29,3,37,6,17,39,3,65,24,6,30,95
05/02/2005,BIS,ND,AGL,CE,Combined TRACON& Tower with Radar,11,27,42,2,82,1,1,53,6,61,12,28,95,8,143,34,0,34,177
05/03/2005,BIS,ND,AGL,CE,Combined TRACON& Tower with Radar,10,28,48,0,86,0,3,62,5,70,10,31,110,5,156,62,0,62,218
05/04/2005,BIS,ND,AGL,CE,Combined TRACON& Tower with Radar,7,29,49,0,85,0,1,70,16,87,7,30,119,16,172,44,22,66,238
05/05/2005,BIS,ND,AGL,CE,Combined TRACON& Tower with Radar,8,23,46,1,78,0,0,37,7,44,8,23,83,8,122,58,0,58,180
05/06/2005,BIS,ND,AGL,CE,Combined TRACON& Tower with Radar,9,26,29,3,67,0,0,27,5,32,9,26,56,8,99,14,0,14,113
05/07/2005,BIS,ND,AGL,CE,Combined TRACON& Tower with Radar,7,16,9,0,32,0,0,10,1,11,7,16,19,1,43,10,0,10,53
05/08/2005,BIS,ND,AGL,CE,Combined TRACON& Tower with Radar,6,14,7,0,27,0,2,18,2,22,6,16,25,2,49,4,0,4,53
05/09/2005,BIS,ND,AGL,CE,Combined TRACON& Tower with Radar,11,21,53,10,95,0,4,17,3,24,11,25,70,13,119,2,14,16,135
05/10/2005,BIS,ND,AGL,CE,Combined TRACON& Tower with Radar,8,34,43,4,89,0,6,47,5,58,8,40,90,9,147,53,2,55,202
05/11/2005,BIS,ND,AGL,CE,Combined TRACON& Tower with Radar,7,26,45,0,78,0,1,13,5,19,7,27,58,5,97,8,0,8,105
05/12/2005,BIS,ND,AGL,CE,Combined TRACON& Tower with Radar,9,26,51,0,86,0,0,0,0,0,9,26,51,0,86,0,0,0,86
05/13/2005,BIS,ND,AGL,CE,Combined TRACON& Tower with Radar,8,27,37,0,72,0,0,17,5,22,8,27,54,5,94,24,4,28,122
05/14/2005,BIS,ND,AGL,CE,Combined TRACON& Tower with Radar,8,18,15,1,42,0,3,24,12,39,8,21,39,13,81,54,6,60,141
05/15/2005,BIS,ND,AGL,CE,Combined TRACON& Tower with Radar,6,14,21,1,42,0,0,41,11,52,6,14,62,12,94,50,0,50,144
05/16/2005,BIS,ND,AGL,CE,Combined TRACON& Tower with Radar,11,24,44,2,81,0,2,53,10,65,11,26,97,12,146,20,6,26,172
05/17/2005,BIS,ND,AGL,CE,Combined TRACON& Tower with Radar,9,27,51,1,88,0,0,24,8,32,9,27,75,9,120,4,0,4,124
05/18/2005,BIS,ND,AGL,CE,Combined TRACON& Tower with Radar,7,26,48,8,89,0,0,25,0,25,7,26,73,8,114,4,0,4,118
05/19/2005,BIS,ND,AGL,CE,Combined TRACON& Tower with Radar,8,28,34,6,76,0,0,49,5,54,8,28,83,11,130,76,4,80,210
05/20/2005,BIS,ND,AGL,CE,Combined TRACON& Tower with Radar,10,28,22,1,61,0,0,49,8,57,10,28,71,9,118,48,18,66,184
05/21/2005,BIS,ND,AGL,CE,Combined TRACON& Tower with Radar,8,24,12,2,46,0,1,19,2,22,8,25,31,4,68,36,0,36,104
05/22/2005,BIS,ND,AGL,CE,Combined TRACON& Tower with Radar,8,18,7,0,33,0,4,36,2,42,8,22,43,2,75,30,0,30,105
05/23/2005,BIS,ND,AGL,CE,Combined TRACON& Tower with Radar,11,21,26,9,67,0,4,43,4,51,11,25,69,13,118,38,4,42,160
05/24/2005,BIS,ND,AGL,CE,Combined TRACON& Tower with Radar,8,26,36,4,74,0,5,38,2,45,8,31,74,6,119,56,0,56,175
05/25/2005,BIS,ND,AGL,CE,Combined TRACON& Tower with Radar,7,28,48,2,85,0,5,24,13,42,7,33,72,15,127,12,0,12,139
05/26/2005,BIS,ND,AGL,CE,Combined TRACON& Tower with Radar,8,23,43,6,80,0,3,22,13,38,8,26,65,19,118,0,0,0,118
05/27/2005,BIS,ND,AGL,CE,Combined TRACON& Tower with Radar,8,24,29,1,62,0,0,7,7,14,8,24,36,8,76,4,0,4,80
05/28/2005,BIS,ND,AGL,CE,Combined TRACON& Tower with Radar,8,16,6,7,37,0,7,34,0,41,8,23,40,7,78,36,6,42,120
05/29/2005,BIS,ND,AGL,CE,Combined TRACON& Tower with Radar,4,12,9,6,31,0,1,56,2,59,4,13,65,8,90,32,14,46,136
05/30/2005,BIS,ND,AGL,CE,Combined TRACON& Tower with Radar,10,12,5,6,33,0,0,38,0,38,10,12,43,6,71,30,8,38,109
05/31/2005,BIS,ND,AGL,CE,Combined TRACON& Tower with Radar,10,25,42,2,79,0,6,13,7,26,10,31,55,9,105,6,2,8,113
06/01/2005,BIS,ND,AGL,CE,Combined TRACON& Tower with Radar,8,27,43,9,87,0,1,18,4,23,8,28,61,13,110,46,24,70,180
06/02/2005,BIS,ND,AGL,CE,Combined TRACON& Tower with Radar,7,27,35,3,72,0,0,25,4,29,7,27,60,7,101,10,2,12,113
06/03/2005,BIS,ND,AGL,CE,Combined TRACON& Tower with Radar,10,26,29,4,69,0,0,28,15,43,10,26,57,19,112,58,0,58,170
06/04/2005,BIS,ND,AGL,CE,Combined TRACON& Tower with Radar,8,23,8,4,43,0,5,47,4,56,8,28,55,8,99,61,0,61,160
06/05/2005,BIS,ND,AGL,CE,Combined TRACON& Tower with Radar,6,22,17,7,52,0,3,24,1,28,6,25,41,8,80,48,0,48,128
06/06/2005,BIS,ND,AGL,CE,Combined TRACON& Tower with Radar,12,19,28,0,59,0,4,50,15,69,12,23,78,15,128,36,0,36,164
06/07/2005,BIS,ND,AGL,CE,Combined TRACON& Tower with Radar,9,20,43,8,80,0,2,44,6,52,9,22,87,14,132,24,3,27,159
06/08/2005,BIS,ND,AGL,CE,Combined TRACON& Tower with Radar,8,29,29,3,69,0,0,14,9,23,8,29,43,12,92,44,4,48,140
06/09/2005,BIS,ND,AGL,CE,Combined TRACON& Tower with Radar,8,29,29,12,78,0,1,0,9,10,8,30,29,21,88,40,36,76,164
06/10/2005,BIS,ND,AGL,CE,Combined TRACON& Tower with Radar,5,28,42,3,78,0,0,58,12,70,5,28,100,15,148,37,0,37,185
06/11/2005,BIS,ND,AGL,CE,Combined TRACON& Tower with Radar,8,17,21,2,48,0,6,55,6,67,8,23,76,8,115,64,0,64,179
06/12/2005,BIS,ND,AGL,CE,Combined TRACON& Tower with Radar,7,12,10,0,29,0,2,46,3,51,7,14,56,3,80,6,0,6,86
06/13/2005,BIS,ND,AGL,CE,Combined TRACON& Tower with Radar,9,20,32,4,65,0,0,35,8,43,9,20,67,12,108,4,0,4,112
06/14/2005,BIS,ND,AGL,CE,Combined TRACON& Tower with Radar,8,32,47,3,90,0,3,36,5,44,8,35,83,8,134,34,0,34,168
06/15/2005,BIS,ND,AGL,CE,Combined TRACON& Tower with Radar,8,27,69,3,107,0,0,42,19,61,8,27,111,22,168,47,14,61,229
06/16/2005,BIS,ND,AGL,CE,Combined TRACON& Tower with Radar,7,25,30,4,66,0,12,64,4,80,7,37,94,8,146,28,2,30,176
06/17/2005,BIS,ND,AGL,CE,Combined TRACON& Tower with Radar,8,27,22,0,57,0,3,37,8,48,8,30,59,8,105,2,4,6,111
06/18/2005,BIS,ND,AGL,CE,Combined TRACON& Tower with Radar,8,16,13,0,37,0,2,37,3,42,8,18,50,3,79,42,0,42,121
06/19/2005,BIS,ND,AGL,CE,Combined TRACON& Tower with Radar,8,12,7,2,29,0,3,40,3,46,8,15,47,5,75,44,0,44,119
06/20/2005,BIS,ND,AGL,CE,Combined TRACON& Tower with Radar,12,23,32,3,70,0,2,46,1,49,12,25,78,4,119,42,0,42,161
06/21/2005,BIS,ND,AGL,CE,Combined TRACON& Tower with Radar,9,25,48,2,84,0,6,66,7,79,9,31,114,9,163,46,0,46,209
06/22/2005,BIS,ND,AGL,CE,Combined TRACON& Tower with Radar,7,26,28,2,63,0,3,61,9,73,7,29,89,11,136,42,8,50,186
06/23/2005,BIS,ND,AGL,CE,Combined TRACON& Tower with Radar,8,28,46,4,86,0,3,48,8,59,8,31,94,12,145,12,11,23,168
06/24/2005,BIS,ND,AGL,CE,Combined TRACON& Tower with Radar,10,25,36,3,74,0,2,81,19,102,10,27,117,22,176,20,8,28,204
06/25/2005,BIS,ND,AGL,CE,Combined TRACON& Tower with Radar,10,18,4,0,32,0,5,33,6,44,10,23,37,6,76,30,0,30,106
06/26/2005,BIS,ND,AGL,CE,Combined TRACON& Tower with Radar,10,13,16,0,39,0,2,26,0,28,10,15,42,0,67,14,0,14,81
06/27/2005,BIS,ND,AGL,CE,Combined TRACON& Tower with Radar,10,28,24,14,76,0,0,41,5,46,10,28,65,19,122,40,8,48,170
06/28/2005,BIS,ND,AGL,CE,Combined TRACON& Tower with Radar,8,26,44,3,81,0,0,17,22,39,8,26,61,25,120,0,6,6,126
06/29/2005,BIS,ND,AGL,CE,Combined TRACON& Tower with Radar,6,26,41,3,76,0,0,10,2,12,6,26,51,5,88,20,0,20,108
06/30/2005,BIS,ND,AGL,CE,Combined TRACON& Tower with Radar,7,23,41,2,73,0,4,33,12,49,7,27,74,14,122,22,2,24,146
07/01/2005,BIS,ND,AGL,CE,Combined TRACON& Tower with Radar,11,27,24,3,65,0,2,46,5,53,11,29,70,8,118,34,2,36,154
07/02/2005,BIS,ND,AGL,CE,Combined TRACON& Tower with Radar,7,17,8,0,32,0,2,58,0,60,7,19,66,0,92,64,0,64,156
07/03/2005,BIS,ND,AGL,CE,Combined TRACON& Tower with Radar,5,12,3,0,20,0,2,21,0,23,5,14,24,0,43,10,0,10,53
07/04/2005,BIS,ND,AGL,CE,Combined TRACON& Tower with Radar,9,9,6,1,25,0,1,32,2,35,9,10,38,3,60,20,0,20,80
07/05/2005,BIS,ND,AGL,CE,Combined TRACON& Tower with Radar,8,21,20,1,50,0,2,51,8,61,8,23,71,9,111,34,2,36,147
07/06/2005,BIS,ND,AGL,CE,Combined TRACON& Tower with Radar,8,26,29,6,69,0,2,59,13,74,8,28,88,19,143,70,18,88,231
07/07/2005,BIS,ND,AGL,CE,Combined TRACON& Tower with Radar,6,24,19,5,54,0,1,38,10,49,6,25,57,15,103,34,30,64,167
07/08/2005,BIS,ND,AGL,CE,Combined TRACON& Tower with Radar,11,30,24,1,66,0,0,42,5,47,11,30,66,6,113,16,0,16,129
07/09/2005,BIS,ND,AGL,CE,Combined TRACON& Tower with Radar,8,25,11,0,44,0,0,45,7,52,8,25,56,7,96,60,0,60,156
07/10/2005,BIS,ND,AGL,CE,Combined TRACON& Tower with Radar,7,14,15,0,36,0,4,45,7,56,7,18,60,7,92,40,0,40,132
07/11/2005,BIS,ND,AGL,CE,Combined TRACON& Tower with Radar,8,21,21,3,53,0,1,67,4,72,8,22,88,7,125,34,8,42,167
07/12/2005,BIS,ND,AGL,CE,Combined TRACON& Tower with Radar,9,31,30,1,71,0,5,71,6,82,9,36,101,7,153,36,0,36,189
07/13/2005,BIS,ND,AGL,CE,Combined TRACON& Tower with Radar,7,23,36,0,66,0,0,50,13,63,7,23,86,13,129,33,0,33,162
07/14/2005,BIS,ND,AGL,CE,Combined TRACON& Tower with Radar,8,25,28,0,61,0,0,32,1,33,8,25,60,1,94,36,0,36,130
07/15/2005,BIS,ND,AGL,CE,Combined TRACON& Tower with Radar,7,26,25,0,58,0,0,35,5,40,7,26,60,5,98,9,0,9,107
07/16/2005,BIS,ND,AGL,CE,Combined TRACON& Tower with Radar,6,18,16,1,41,0,0,28,5,33,6,18,44,6,74,26,0,26,100
07/17/2005,BIS,ND,AGL,CE,Combined TRACON& Tower with Radar,8,12,15,0,35,0,4,39,0,43,8,16,54,0,78,72,0,72,150
07/18/2005,BIS,ND,AGL,CE,Combined TRACON& Tower with Radar,11,19,38,4,72,0,12,47,9,68,11,31,85,13,140,30,0,30,170
07/19/2005,BIS,ND,AGL,CE,Combined TRACON& Tower with Radar,8,26,41,4,79,0,8,50,12,70,8,34,91,16,149,40,0,40,189
07/20/2005,BIS,ND,AGL,CE,Combined TRACON& Tower with Radar,7,22,41,2,72,0,3,68,12,83,7,25,109,14,155,52,6,58,213
07/21/2005,BIS,ND,AGL,CE,Combined TRACON& Tower with Radar,9,23,38,6,76,0,0,42,8,50,9,23,80,14,126,44,0,44,170
07/22/2005,BIS,ND,AGL,CE,Combined TRACON& Tower with Radar,10,28,32,2,72,0,2,72,2,76,10,30,104,4,148,62,0,62,210
07/23/2005,BIS,ND,AGL,CE,Combined TRACON& Tower with Radar,9,17,8,2,36,0,0,30,1,31,9,17,38,3,67,52,0,52,119
07/24/2005,BIS,ND,AGL,CE,Combined TRACON& Tower with Radar,9,10,13,2,34,0,4,44,0,48,9,14,57,2,82,64,0,64,146
07/25/2005,BIS,ND,AGL,CE,Combined TRACON& Tower with Radar,10,23,28,1,62,0,6,40,3,49,10,29,68,4,111,2,0,2,113
07/26/2005,BIS,ND,AGL,CE,Combined TRACON& Tower with Radar,8,26,34,2,70,0,6,66,8,80,8,32,100,10,150,52,0,52,202
07/27/2005,BIS,ND,AGL,CE,Combined TRACON& Tower with Radar,7,23,39,0,69,0,5,36,3,44,7,28,75,3,113,10,0,10,123
07/28/2005,BIS,ND,AGL,CE,Combined TRACON& Tower with Radar,8,29,42,1,80,0,1,49,4,54,8,30,91,5,134,36,0,36,170
07/29/2005,BIS,ND,AGL,CE,Combined TRACON& Tower with Radar,8,26,22,0,56,0,2,50,1,53,8,28,72,1,109,28,0,28,137
07/30/2005,BIS,ND,AGL,CE,Combined TRACON& Tower with Radar,6,19,4,1,30,0,13,84,25,122,6,32,88,26,152,100,0,100,252
07/31/2005,BIS,ND,AGL,CE,Combined TRACON& Tower with Radar,8,14,19,1,42,0,5,40,3,48,8,19,59,4,90,84,0,84,174
08/01/2005,BIS,ND,AGL,CE,Combined TRACON& Tower with Radar,10,24,30,1,65,0,3,54,4,61,10,27,84,5,126,34,0,34,160
08/02/2005,BIS,ND,AGL,CE,Combined TRACON& Tower with Radar,8,31,58,1,98,0,2,69,6,77,8,33,127,7,175,60,0,60,235
08/03/2005,BIS,ND,AGL,CE,Combined TRACON& Tower with Radar,6,21,43,0,70,0,2,31,6,39,6,23,74,6,109,50,0,50,159
08/04/2005,BIS,ND,AGL,CE,Combined TRACON& Tower with Radar,10,29,38,3,80,0,2,52,13,67,10,31,90,16,147,35,0,35,182
08/05/2005,BIS,ND,AGL,CE,Combined TRACON& Tower with Radar,8,23,29,0,60,0,0,30,4,34,8,23,59,4,94,50,2,52,146
08/06/2005,BIS,ND,AGL,CE,Combined TRACON& Tower with Radar,8,19,9,0,36,0,6,45,0,51,8,25,54,0,87,68,0,68,155
08/07/2005,BIS,ND,AGL,CE,Combined TRACON& Tower with Radar,13,14,9,0,36,0,6,39,2,47,13,20,48,2,83,28,0,28,111
08/08/2005,BIS,ND,AGL,CE,Combined TRACON& Tower with Radar,7,16,35,2,60,0,5,52,10,67,7,21,87,12,127,58,0,58,185
08/09/2005,BIS,ND,AGL,CE,Combined TRACON& Tower with Radar,9,25,32,0,66,0,2,43,7,52,9,27,75,7,118,58,2,60,178
08/10/2005,BIS,ND,AGL,CE,Combined TRACON& Tower with Radar,8,29,60,1,98,0,0,22,0,22,8,29,82,1,120,67,0,67,187
08/11/2005,BIS,ND,AGL,CE,Combined TRACON& Tower with Radar,9,26,73,7,115,0,2,32,3,37,9,28,105,10,152,52,0,52,204
08/12/2005,BIS,ND,AGL,CE,Combined TRACON& Tower with Radar,10,27,29,4,70,0,3,43,5,51,10,30,72,9,121,58,0,58,179
08/13/2005,BIS,ND,AGL,CE,Combined TRACON& Tower with Radar,8,18,19,2,47,0,1,53,4,58,8,19,72,6,105,72,0,72,177
08/14/2005,BIS,ND,AGL,CE,Combined TRACON& Tower with Radar,8,13,8,5,34,0,1,55,0,56,8,14,63,5,90,88,0,88,178
08/15/2005,BIS,ND,AGL,CE,Combined TRACON& Tower with Radar,10,19,25,0,54,0,4,41,26,71,10,23,66,26,125,28,32,60,185
08/16/2005,BIS,ND,AGL,CE,Combined TRACON& Tower with Radar,9,27,33,3,72,0,11,49,7,67,9,38,82,10,139,40,0,40,179
08/17/2005,BIS,ND,AGL,CE,Combined TRACON& Tower with Radar,7,25,34,5,71,0,0,20,8,28,7,25,54,13,99,8,0,8,107
08/18/2005,BIS,ND,AGL,CE,Combined TRACON& Tower with Radar,6,28,30,2,66,0,2,16,6,24,6,30,46,8,90,18,0,18,108
08/19/2005,BIS,ND,AGL,CE,Combined TRACON& Tower with Radar,7,20,36,0,63,0,0,39,7,46,7,20,75,7,109,52,0,52,161
08/20/2005,BIS,ND,AGL,CE,Combined TRACON& Tower with Radar,6,16,10,0,32,0,0,31,2,33,6,16,41,2,65,52,0,52,117
08/21/2005,BIS,ND,AGL,CE,Combined TRACON& Tower with Radar,9,12,9,0,30,0,4,34,3,41,9,16,43,3,71,2,0,2,73
08/22/2005,BIS,ND,AGL,CE,Combined TRACON& Tower with Radar,11,18,36,0,65,0,7,37,0,44,11,25,73,0,109,14,0,14,123
08/23/2005,BIS,ND,AGL,CE,Combined TRACON& Tower with Radar,10,23,41,5,79,0,4,57,18,79,10,27,98,23,158,30,4,34,192
08/24/2005,BIS,ND,AGL,CE,Combined TRACON& Tower with Radar,7,30,47,1,85,0,4,19,4,27,7,34,66,5,112,12,10,22,134
08/25/2005,BIS,ND,AGL,CE,Combined TRACON& Tower with Radar,8,26,22,4,60,0,1,59,6,66,8,27,81,10,126,70,26,96,222
08/26/2005,BIS,ND,AGL,CE,Combined TRACON& Tower with Radar,16,23,40,5,84,0,0,45,7,52,16,23,85,12,136,30,0,30,166
08/27/2005,BIS,ND,AGL,CE,Combined TRACON& Tower with Radar,6,16,17,4,43,0,0,52,6,58,6,16,69,10,101,78,0,78,179
08/28/2005,BIS,ND,AGL,CE,Combined TRACON& Tower with Radar,6,14,8,8,36,0,4,51,0,55,6,18,59,8,91,42,10,52,143
08/29/2005,BIS,ND,AGL,CE,Combined TRACON& Tower with Radar,11,25,25,0,61,0,6,54,7,67,11,31,79,7,128,46,10,56,184
08/30/2005,BIS,ND,AGL,CE,Combined TRACON& Tower with Radar,8,28,37,4,77,0,5,38,6,49,8,33,75,10,126,16,0,16,142
08/31/2005,BIS,ND,AGL,CE,Combined TRACON& Tower with Radar,7,25,50,4,86,0,5,25,8,38,7,30,75,12,124,42,0,42,166
09/01/2005,BIS,ND,AGL,CE,Combined TRACON& Tower with Radar,9,38,37,4,88,0,0,52,6,58,9,38,89,10,146,82,0,82,228
09/02/2005,BIS,ND,AGL,CE,Combined TRACON& Tower with Radar,8,25,31,0,64,0,3,33,6,42,8,28,64,6,106,22,6,28,134
09/03/2005,BIS,ND,AGL,CE,Combined TRACON& Tower with Radar,5,18,3,0,26,0,4,30,0,34,5,22,33,0,60,24,0,24,84
09/04/2005,BIS,ND,AGL,CE,Combined TRACON& Tower with Radar,4,15,6,0,25,0,0,22,2,24,4,15,28,2,49,0,0,0,49
09/05/2005,BIS,ND,AGL,CE,Combined TRACON& Tower with Radar,6,10,7,0,23,0,7,34,2,43,6,17,41,2,66,18,0,18,84
09/06/2005,BIS,ND,AGL,CE,Combined TRACON& Tower with Radar,10,23,34,2,69,0,8,84,6,98,10,31,118,8,167,85,0,85,252
09/07/2005,BIS,ND,AGL,CE,Combined TRACON& Tower with Radar,6,28,51,0,85,0,0,39,6,45,6,28,90,6,130,54,0,54,184
09/08/2005,BIS,ND,AGL,CE,Combined TRACON& Tower with Radar,9,27,52,5,93,0,2,24,12,38,9,29,76,17,131,54,8,62,193
09/09/2005,BIS,ND,AGL,CE,Combined TRACON& Tower with Radar,9,34,28,10,81,0,0,36,17,53,9,34,64,27,134,36,0,36,170
09/10/2005,BIS,ND,AGL,CE,Combined TRACON& Tower with Radar,5,12,10,3,30,0,0,29,8,37,5,12,39,11,67,28,0,28,95
09/11/2005,BIS,ND,AGL,CE,Combined TRACON& Tower with Radar,5,16,14,0,35,0,7,64,9,80,5,23,78,9,115,96,0,96,211
09/12/2005,BIS,ND,AGL,CE,Combined TRACON& Tower with Radar,11,19,28,1,59,0,0,18,4,22,11,19,46,5,81,42,0,42,123
09/13/2005,BIS,ND,AGL,CE,Combined TRACON& Tower with Radar,8,25,44,0,77,0,1,30,10,41,8,26,74,10,118,0,0,0,118
09/14/2005,BIS,ND,AGL,CE,Combined TRACON& Tower with Radar,7,27,30,1,65,0,0,41,8,49,7,27,71,9,114,2,0,2,116
09/15/2005,BIS,ND,AGL,CE,Combined TRACON& Tower with Radar,7,27,24,0,58,0,0,42,7,49,7,27,66,7,107,74,0,74,181
09/16/2005,BIS,ND,AGL,CE,Combined TRACON& Tower with Radar,8,20,28,2,58,0,0,59,5,64,8,20,87,7,122,76,2,78,200
09/17/2005,BIS,ND,AGL,CE,Combined TRACON& Tower with Radar,6,14,12,2,34,0,4,20,0,24,6,18,32,2,58,0,0,0,58
09/18/2005,BIS,ND,AGL,CE,Combined TRACON& Tower with Radar,7,19,22,1,49,0,1,15,0,16,7,20,37,1,65,34,0,34,99
09/19/2005,BIS,ND,AGL,CE,Combined TRACON& Tower with Radar,10,18,34,2,64,0,0,46,5,51,10,18,80,7,115,30,0,30,145
09/20/2005,BIS,ND,AGL,CE,Combined TRACON& Tower with Radar,8,29,41,3,81,0,10,76,15,101,8,39,117,18,182,85,12,97,279
09/21/2005,BIS,ND,AGL,CE,Combined TRACON& Tower with Radar,6,28,36,2,72,0,0,59,8,67,6,28,95,10,139,38,12,50,189
09/22/2005,BIS,ND,AGL,CE,Combined TRACON& Tower with Radar,6,27,33,1,67,0,0,62,19,81,6,27,95,20,148,36,4,40,188
09/23/2005,BIS,ND,AGL,CE,Combined TRACON& Tower with Radar,8,19,28,1,56,0,0,30,9,39,8,19,58,10,95,2,4,6,101
09/24/2005,BIS,ND,AGL,CE,Combined TRACON& Tower with Radar,6,17,14,0,37,0,3,31,0,34,6,20,45,0,71,12,0,12,83
09/25/2005,BIS,ND,AGL,CE,Combined TRACON& Tower with Radar,5,13,13,1,32,0,9,38,1,48,5,22,51,2,80,46,6,52,132
09/26/2005,BIS,ND,AGL,CE,Combined TRACON& Tower with Radar,10,16,19,3,48,0,7,63,2,72,10,23,82,5,120,54,4,58,178
09/27/2005,BIS,ND,AGL,CE,Combined TRACON& Tower with Radar,8,19,34,4,65,0,7,21,2,30,8,26,55,6,95,12,0,12,107
09/28/2005,BIS,ND,AGL,CE,Combined TRACON& Tower with Radar,8,25,39,2,74,0,0,41,2,43,8,25,80,4,117,60,14,74,191
09/29/2005,BIS,ND,AGL,CE,Combined TRACON& Tower with Radar,9,28,34,1,72,0,0,44,0,44,9,28,78,1,116,62,0,62,178
09/30/2005,BIS,ND,AGL,CE,Combined TRACON& Tower with Radar,10,23,26,1,60,0,2,46,5,53,10,25,72,6,113,76,4,80,193
10/01/2005,BIS,ND,AGL,CE,Combined TRACON& Tower with Radar,8,18,8,0,34,0,0,16,5,21,8,18,24,5,55,56,0,56,111
10/02/2005,BIS,ND,AGL,CE,Combined TRACON& Tower with Radar,6,11,10,1,28,0,1,35,4,40,6,12,45,5,68,58,0,58,126
10/03/2005,BIS,ND,AGL,CE,Combined TRACON& Tower with Radar,8,27,27,0,62,0,2,44,1,47,8,29,71,1,109,58,0,58,167
10/04/2005,BIS,ND,AGL,CE,Combined TRACON& Tower with Radar,6,26,39,1,72,0,8,15,3,26,6,34,54,4,98,30,0,30,128
10/05/2005,BIS,ND,AGL,CE,Combined TRACON& Tower with Radar,7,27,20,0,54,0,0,11,0,11,7,27,31,0,65,0,0,0,65
10/06/2005,BIS,ND,AGL,CE,Combined TRACON& Tower with Radar,5,32,33,5,75,0,0,48,7,55,5,32,81,12,130,60,4,64,194
10/07/2005,BIS,ND,AGL,CE,Combined TRACON& Tower with Radar,7,25,34,5,71,0,0,37,0,37,7,25,71,5,108,4,0,4,112
10/08/2005,BIS,ND,AGL,CE,Combined TRACON& Tower with Radar,6,21,13,0,40,0,2,38,2,42,6,23,51,2,82,86,0,86,168
10/09/2005,BIS,ND,AGL,CE,Combined TRACON& Tower with Radar,6,14,12,4,36,0,8,29,1,38,6,22,41,5,74,50,18,68,142
10/10/2005,BIS,ND,AGL,CE,Combined TRACON& Tower with Radar,8,13,44,5,70,0,8,31,3,42,8,21,75,8,112,14,20,34,146
10/11/2005,BIS,ND,AGL,CE,Combined TRACON& Tower with Radar,10,26,49,1,86,0,0,26,5,31,10,26,75,6,117,46,0,46,163
10/12/2005,BIS,ND,AGL,CE,Combined TRACON& Tower with Radar,7,22,71,5,105,0,9,46,15,70,7,31,117,20,175,28,0,28,203
10/13/2005,BIS,ND,AGL,CE,Combined TRACON& Tower with Radar,6,25,30,0,61,0,8,42,13,63,6,33,72,13,124,30,26,56,180
10/14/2005,BIS,ND,AGL,CE,Combined TRACON& Tower with Radar,8,28,38,7,81,0,2,59,4,65,8,30,97,11,146,26,2,28,174
10/15/2005,BIS,ND,AGL,CE,Combined TRACON& Tower with Radar,5,18,12,0,35,0,2,36,2,40,5,20,48,2,75,20,4,24,99
10/16/2005,BIS,ND,AGL,CE,Combined TRACON& Tower with Radar,6,12,20,0,38,0,1,20,0,21,6,13,40,0,59,88,0,88,147
10/17/2005,BIS,ND,AGL,CE,Combined TRACON& Tower with Radar,11,32,41,0,84,0,0,55,5,60,11,32,96,5,144,74,0,74,218
10/18/2005,BIS,ND,AGL,CE,Combined TRACON& Tower with Radar,6,24,43,6,79,0,21,48,7,76,6,45,91,13,155,68,14,82,237
10/19/2005,BIS,ND,AGL,CE,Combined TRACON& Tower with Radar,10,24,46,4,84,0,9,68,5,82,10,33,114,9,166,56,30,86,252
10/20/2005,BIS,ND,AGL,CE,Combined TRACON& Tower with Radar,5,25,31,4,65,0,0,30,2,32,5,25,61,6,97,22,0,22,119
10/21/2005,BIS,ND,AGL,CE,Combined TRACON& Tower with Radar,9,25,30,0,64,0,0,17,7,24,9,25,47,7,88,20,0,20,108
10/22/2005,BIS,ND,AGL,CE,Combined TRACON& Tower with Radar,6,19,15,4,44,0,0,16,5,21,6,19,31,9,65,64,16,80,145
10/23/2005,BIS,ND,AGL,CE,Combined TRACON& Tower with Radar,6,12,14,7,39,0,0,11,2,13,6,12,25,9,52,80,4,84,136
10/24/2005,BIS,ND,AGL,CE,Combined TRACON& Tower with Radar,10,27,39,0,76,0,9,49,16,74,10,36,88,16,150,60,0,60,210
10/25/2005,BIS,ND,AGL,CE,Combined TRACON& Tower with Radar,6,30,45,1,82,0,10,75,16,101,6,40,120,17,183,86,24,110,293
10/26/2005,BIS,ND,AGL,CE,Combined TRACON& Tower with Radar,6,23,46,3,78,0,3,45,3,51,6,26,91,6,129,25,0,25,154
10/27/2005,BIS,ND,AGL,CE,Combined TRACON& Tower with Radar,6,19,25,9,59,0,5,53,5,63,6,24,78,14,122,12,10,22,144
10/28/2005,BIS,ND,AGL,CE,Combined TRACON& Tower with Radar,6,26,30,3,65,0,0,43,11,54,6,26,73,14,119,0,8,8,127
10/29/2005,BIS,ND,AGL,CE,Combined TRACON& Tower with Radar,5,22,9,2,38,0,0,19,9,28,5,22,28,11,66,70,0,70,136
10/30/2005,BIS,ND,AGL,CE,Combined TRACON& Tower with Radar,7,12,11,1,31,0,0,25,15,40,7,12,36,16,71,64,10,74,145
10/31/2005,BIS,ND,AGL,CE,Combined TRACON& Tower with Radar,8,20,38,0,66,0,10,43,4,57,8,30,81,4,123,44,6,50,173
11/01/2005,BIS,ND,AGL,CE,Combined TRACON& Tower with Radar,8,28,33,1,70,0,4,46,0,50,8,32,79,1,120,34,0,34,154
11/02/2005,BIS,ND,AGL,CE,Combined TRACON& Tower with Radar,9,20,46,0,75,0,5,26,0,31,9,25,72,0,106,0,0,0,106
11/03/2005,BIS,ND,AGL,CE,Combined TRACON& Tower with Radar,10,24,54,0,88,0,5,15,2,22,10,29,69,2,110,42,0,42,152
11/04/2005,BIS,ND,AGL,CE,Combined TRACON& Tower with Radar,8,19,27,0,54,0,2,8,0,10,8,21,35,0,64,0,0,0,64
11/05/2005,BIS,ND,AGL,CE,Combined TRACON& Tower with Radar,9,20,14,0,43,0,0,18,0,18,9,20,32,0,61,76,0,76,137
11/06/2005,BIS,ND,AGL,CE,Combined TRACON& Tower with Radar,8,15,9,0,32,0,0,40,2,42,8,15,49,2,74,78,2,80,154
11/07/2005,BIS,ND,AGL,CE,Combined TRACON& Tower with Radar,11,23,37,1,72,0,11,16,3,30,11,34,53,4,102,88,1,89,191
11/08/2005,BIS,ND,AGL,CE,Combined TRACON& Tower with Radar,9,30,63,3,105,0,4,53,9,66,9,34,116,12,171,98,0,98,269
11/09/2005,BIS,ND,AGL,CE,Combined TRACON& Tower with Radar,10,20,58,4,92,0,8,37,11,56,10,28,95,15,148,53,0,53,201
11/10/2005,BIS,ND,AGL,CE,Combined TRACON& Tower with Radar,7,23,32,1,63,0,6,39,5,50,7,29,71,6,113,18,0,18,131
11/11/2005,BIS,ND,AGL,CE,Combined TRACON& Tower with Radar,10,21,34,0,65,0,0,61,4,65,10,21,95,4,130,44,0,44,174
11/12/2005,BIS,ND,AGL,CE,Combined TRACON& Tower with Radar,10,16,15,1,42,0,3,7,0,10,10,19,22,1,52,36,0,36,88
11/13/2005,BIS,ND,AGL,CE,Combined TRACON& Tower with Radar,6,16,14,1,37,0,3,24,1,28,6,19,38,2,65,40,0,40,105
11/14/2005,BIS,ND,AGL,CE,Combined TRACON& Tower with Radar,9,21,26,7,63,0,0,21,4,25,9,21,47,11,88,18,0,18,106
11/15/2005,BIS,ND,AGL,CE,Combined TRACON& Tower with Radar,10,34,40,3,87,0,0,24,6,30,10,34,64,9,117,1,4,5,122
11/16/2005,BIS,ND,AGL,CE,Combined TRACON& Tower with Radar,11,32,32,8,83,0,1,36,9,46,11,33,68,17,129,24,2,26,155
11/17/2005,BIS,ND,AGL,CE,Combined TRACON& Tower with Radar,8,31,41,2,82,0,1,19,6,26,8,32,60,8,108,0,0,0,108
11/18/2005,BIS,ND,AGL,CE,Combined TRACON& Tower with Radar,9,21,33,4,67,0,0,31,3,34,9,21,64,7,101,18,2,20,121
11/19/2005,BIS,ND,AGL,CE,Combined TRACON& Tower with Radar,9,15,14,0,38,0,0,7,4,11,9,15,21,4,49,16,0,16,65
11/20/2005,BIS,ND,AGL,CE,Combined TRACON& Tower with Radar,7,20,9,2,38,0,1,43,12,56,7,21,52,14,94,124,0,124,218
11/21/2005,BIS,ND,AGL,CE,Combined TRACON& Tower with Radar,11,29,30,2,72,0,0,46,5,51,11,29,76,7,123,50,28,78,201
11/22/2005,BIS,ND,AGL,CE,Combined TRACON& Tower with Radar,8,22,32,3,65,0,13,54,6,73,8,35,86,9,138,14,4,18,156
11/23/2005,BIS,ND,AGL,CE,Combined TRACON& Tower with Radar,10,26,27,3,66,0,4,24,6,34,10,30,51,9,100,0,2,2,102
11/24/2005,BIS,ND,AGL,CE,Combined TRACON& Tower with Radar,6,7,6,0,19,0,2,10,0,12,6,9,16,0,31,20,0,20,51
11/25/2005,BIS,ND,AGL,CE,Combined TRACON& Tower with Radar,3,17,6,0,26,0,0,13,3,16,3,17,19,3,42,0,4,4,46
11/26/2005,BIS,ND,AGL,CE,Combined TRACON& Tower with Radar,10,22,12,5,49,0,0,29,0,29,10,22,41,5,78,52,0,52,130
11/27/2005,BIS,ND,AGL,CE,Combined TRACON& Tower with Radar,6,12,7,0,25,0,0,8,0,8,6,12,15,0,33,0,0,0,33
11/28/2005,BIS,ND,AGL,CE,Combined TRACON& Tower with Radar,12,21,12,1,46,0,11,24,1,36,12,32,36,2,82,0,0,0,82
11/29/2005,BIS,ND,AGL,CE,Combined TRACON& Tower with Radar,7,30,46,6,89,0,12,27,12,51,7,42,73,18,140,12,115,127,267
11/30/2005,BIS,ND,AGL,CE,Combined TRACON& Tower with Radar,10,27,38,9,84,0,2,23,2,27,10,29,61,11,111,46,58,104,215
12/01/2005,BIS,ND,AGL,CE,Combined TRACON& Tower with Radar,9,28,42,2,81,0,0,15,22,37,9,28,57,24,118,38,88,126,244
12/02/2005,BIS,ND,AGL,CE,Combined TRACON& Tower with Radar,12,19,37,8,76,0,0,10,0,10,12,19,47,8,86,2,18,20,106
12/03/2005,BIS,ND,AGL,CE,Combined TRACON& Tower with Radar,10,10,18,3,41,0,0,15,0,15,10,10,33,3,56,16,0,16,72
12/04/2005,BIS,ND,AGL,CE,Combined TRACON& Tower with Radar,7,12,20,2,41,0,1,24,1,26,7,13,44,3,67,34,0,34,101
12/05/2005,BIS,ND,AGL,CE,Combined TRACON& Tower with Radar,11,26,35,1,73,0,4,43,1,48,11,30,78,2,121,16,0,16,137
12/06/2005,BIS,ND,AGL,CE,Combined TRACON& Tower with Radar,10,40,61,3,114,0,0,37,1,38,10,40,98,4,152,66,0,66,218
12/07/2005,BIS,ND,AGL,CE,Combined TRACON& Tower with Radar,10,27,45,0,82,0,6,32,9,47,10,33,77,9,129,10,10,20,149
12/08/2005,BIS,ND,AGL,CE,Combined TRACON& Tower with Radar,8,29,31,3,71,0,4,23,3,30,8,33,54,6,101,24,0,24,125
12/09/2005,BIS,ND,AGL,CE,Combined TRACON& Tower with Radar,9,25,34,6,74,0,0,22,2,24,9,25,56,8,98,20,20,40,138
12/10/2005,BIS,ND,AGL,CE,Combined TRACON& Tower with Radar,10,19,15,0,44,0,1,9,0,10,10,20,24,0,54,0,0,0,54
12/11/2005,BIS,ND,AGL,CE,Combined TRACON& Tower with Radar,6,12,8,2,28,0,0,14,0,14,6,12,22,2,42,0,0,0,42
12/12/2005,BIS,ND,AGL,CE,Combined TRACON& Tower with Radar,10,35,38,7,90,0,0,47,24,71,10,35,85,31,161,22,36,58,219
12/13/2005,BIS,ND,AGL,CE,Combined TRACON& Tower with Radar,9,22,52,0,83,0,7,29,9,45,9,29,81,9,128,60,26,86,214
12/14/2005,BIS,ND,AGL,CE,Combined TRACON& Tower with Radar,11,27,30,0,68,0,6,13,0,19,11,33,43,0,87,18,0,18,105
12/15/2005,BIS,ND,AGL,CE,Combined TRACON& Tower with Radar,7,27,48,0,82,0,0,2,0,2,7,27,50,0,84,0,0,0,84
12/16/2005,BIS,ND,AGL,CE,Combined TRACON& Tower with Radar,9,26,43,0,78,0,0,3,1,4,9,26,46,1,82,2,2,4,86
12/17/2005,BIS,ND,AGL,CE,Combined TRACON& Tower with Radar,9,16,6,2,33,0,0,9,0,9,9,16,15,2,42,0,14,14,56
12/18/2005,BIS,ND,AGL,CE,Combined TRACON& Tower with Radar,6,14,12,0,32,0,0,8,0,8,6,14,20,0,40,53,0,53,93
12/19/2005,BIS,ND,AGL,CE,Combined TRACON& Tower with Radar,12,27,29,2,70,0,2,33,6,41,12,29,62,8,111,24,0,24,135
12/20/2005,BIS,ND,AGL,CE,Combined TRACON& Tower with Radar,8,33,42,6,89,0,4,32,9,45,8,37,74,15,134,32,16,48,182
12/21/2005,BIS,ND,AGL,CE,Combined TRACON& Tower with Radar,9,28,27,1,65,0,7,51,9,67,9,35,78,10,132,26,16,42,174
12/22/2005,BIS,ND,AGL,CE,Combined TRACON& Tower with Radar,6,28,14,0,48,0,1,47,2,50,6,29,61,2,98,10,0,10,108
12/23/2005,BIS,ND,AGL,CE,Combined TRACON& Tower with Radar,9,23,16,0,48,0,0,19,0,19,9,23,35,0,67,4,2,6,73
12/24/2005,BIS,ND,AGL,CE,Combined TRACON& Tower with Radar,8,18,7,0,33,0,0,34,6,40,8,18,41,6,73,46,0,46,119
12/25/2005,BIS,ND,AGL,CE,Combined TRACON& Tower with Radar,5,12,0,0,17,0,2,22,0,24,5,14,22,0,41,10,0,10,51
12/26/2005,BIS,ND,AGL,CE,Combined TRACON& Tower with Radar,9,11,22,0,42,0,2,49,0,51,9,13,71,0,93,92,0,92,185
12/27/2005,BIS,ND,AGL,CE,Combined TRACON& Tower with Radar,9,23,23,0,55,0,0,18,5,23,9,23,41,5,78,0,2,2,80
12/28/2005,BIS,ND,AGL,CE,Combined TRACON& Tower with Radar,10,24,22,7,63,0,3,27,15,45,10,27,49,22,108,12,24,36,144
12/29/2005,BIS,ND,AGL,CE,Combined TRACON& Tower with Radar,8,0,25,0,33,0,25,0,0,25,8,25,25,0,58,0,2,2,60
12/30/2005,BIS,ND,AGL,CE,Combined TRACON& Tower with Radar,8,19,20,0,47,0,0,0,0,0,8,19,20,0,47,0,0,0,47
12/31/2005,BIS,ND,AGL,CE,Combined TRACON& Tower with Radar,9,15,5,0,29,0,0,3,0,3,9,15,8,0,32,0,0,0,32
01/01/2006,BIS,ND,AGL,CE,Combined TRACON& Tower with Radar,8,11,2,0,21,0,0,0,0,0,8,11,2,0,21,0,0,0,21
01/02/2006,BIS,ND,AGL,CE,Combined TRACON& Tower with Radar,8,10,15,0,33,0,0,7,0,7,8,10,22,0,40,0,0,0,40
01/03/2006,BIS,ND,AGL,CE,Combined TRACON& Tower with Radar,8,27,24,0,59,0,2,3,0,5,8,29,27,0,64,0,2,2,66
01/04/2006,BIS,ND,AGL,CE,Combined TRACON& Tower with Radar,8,27,32,6,73,0,8,52,10,70,8,35,84,16,143,16,6,22,165
01/05/2006,BIS,ND,AGL,CE,Combined TRACON& Tower with Radar,6,28,27,4,65,0,0,42,4,46,6,28,69,8,111,12,0,12,123
01/06/2006,BIS,ND,AGL,CE,Combined TRACON& Tower with Radar,11,21,30,5,67,0,1,25,1,27,11,22,55,6,94,0,0,0,94
01/07/2006,BIS,ND,AGL,CE,Combined TRACON& Tower with Radar,5,17,12,2,36,0,3,32,0,35,5,20,44,2,71,22,0,22,93
01/08/2006,BIS,ND,AGL,CE,Combined TRACON& Tower with Radar,9,11,7,2,29,0,0,7,0,7,9,11,14,2,36,0,0,0,36
01/09/2006,BIS,ND,AGL,CE,Combined TRACON& Tower with Radar,11,28,38,1,78,0,3,31,3,37,11,31,69,4,115,40,0,40,155
01/10/2006,BIS,ND,AGL,CE,Combined TRACON& Tower with Radar,8,29,45,2,84,0,3,46,0,49,8,32,91,2,133,35,0,35,168
01/11/2006,BIS,ND,AGL,CE,Combined TRACON& Tower with Radar,10,24,40,0,74,0,3,20,4,27,10,27,60,4,101,25,0,25,126
01/12/2006,BIS,ND,AGL,CE,Combined TRACON& Tower with Radar,7,25,33,0,65,0,0,15,0,15,7,25,48,0,80,18,0,18,98
01/13/2006,BIS,ND,AGL,CE,Combined TRACON& Tower with Radar,8,23,32,1,64,0,2,41,4,47,8,25,73,5,111,11,0,11,122
01/14/2006,BIS,ND,AGL,CE,Combined TRACON& Tower with Radar,6,19,23,0,48,0,3,44,2,49,6,22,67,2,97,58,0,58,155
01/15/2006,BIS,ND,AGL,CE,Combined TRACON& Tower with Radar,10,12,6,2,30,0,0,1,1,2,10,12,7,3,32,0,0,0,32
01/16/2006,BIS,ND,AGL,CE,Combined TRACON& Tower with Radar,10,20,23,2,55,0,13,31,0,44,10,33,54,2,99,0,0,0,99
01/17/2006,BIS,ND,AGL,CE,Combined TRACON& Tower with Radar,10,24,33,10,77,0,12,30,9,51,10,36,63,19,128,55,18,73,201
01/18/2006,BIS,ND,AGL,CE,Combined TRACON& Tower with Radar,10,22,51,0,83,0,8,32,6,46,10,30,83,6,129,10,2,12,141
01/19/2006,BIS,ND,AGL,CE,Combined TRACON& Tower with Radar,7,20,38,3,68,0,3,3,2,8,7,23,41,5,76,1,3,4,80
01/20/2006,BIS,ND,AGL,CE,Combined TRACON& Tower with Radar,12,25,43,3,83,0,0,7,4,11,12,25,50,7,94,20,8,28,122
01/21/2006,BIS,ND,AGL,CE,Combined TRACON& Tower with Radar,6,20,8,7,41,0,0,16,6,22,6,20,24,13,63,18,18,36,99
01/22/2006,BIS,ND,AGL,CE,Combined TRACON& Tower with Radar,8,15,1,6,30,0,0,29,10,39,8,15,30,16,69,8,20,28,97
01/23/2006,BIS,ND,AGL,CE,Combined TRACON& Tower with Radar,10,31,21,10,72,0,0,37,2,39,10,31,58,12,111,12,0,12,123
01/24/2006,BIS,ND,AGL,CE,Combined TRACON& Tower with Radar,10,27,36,3,76,0,6,46,6,58,10,33,82,9,134,32,6,38,172
01/25/2006,BIS,ND,AGL,CE,Combined TRACON& Tower with Radar,10,22,26,4,62,0,7,41,9,57,10,29,67,13,119,24,0,24,143
01/26/2006,BIS,ND,AGL,CE,Combined TRACON& Tower with Radar,7,24,30,0,61,0,0,36,3,39,7,24,66,3,100,20,0,20,120
01/27/2006,BIS,ND,AGL,CE,Combined TRACON& Tower with Radar,10,24,23,1,58,0,0,38,3,41,10,24,61,4,99,44,0,44,143
01/28/2006,BIS,ND,AGL,CE,Combined TRACON& Tower with Radar,6,18,10,2,36,0,2,2,1,5,6,20,12,3,41,12,0,12,53
01/29/2006,BIS,ND,AGL,CE,Combined TRACON& Tower with Radar,9,12,14,0,35,0,2,3,6,11,9,14,17,6,46,16,2,18,64
01/30/2006,BIS,ND,AGL,CE,Combined TRACON& Tower with Radar,11,26,28,2,67,0,2,27,1,30,11,28,55,3,97,10,0,10,107
01/31/2006,BIS,ND,AGL,CE,Combined TRACON& Tower with Radar,9,26,28,1,64,0,5,37,9,51,9,31,65,10,115,24,36,60,175
02/01/2006,BIS,ND,AGL,CE,Combined TRACON& Tower with Radar,9,23,44,2,78,0,7,31,9,47,9,30,75,11,125,32,12,44,169
02/02/2006,BIS,ND,AGL,CE,Combined TRACON& Tower with Radar,8,20,37,2,67,0,9,9,4,22,8,29,46,6,89,0,0,0,89
02/03/2006,BIS,ND,AGL,CE,Combined TRACON& Tower with Radar,7,26,41,4,78,0,0,27,2,29,7,26,68,6,107,18,0,18,125
02/04/2006,BIS,ND,AGL,CE,Combined TRACON& Tower with Radar,5,21,3,5,34,0,0,43,0,43,5,21,46,5,77,80,2,82,159
02/05/2006,BIS,ND,AGL,CE,Combined TRACON& Tower with Radar,9,11,5,0,25,0,4,13,0,17,9,15,18,0,42,30,0,30,72
02/06/2006,BIS,ND,AGL,CE,Combined TRACON& Tower with Radar,11,20,36,2,69,0,0,37,2,39,11,20,73,4,108,16,0,16,124
02/07/2006,BIS,ND,AGL,CE,Combined TRACON& Tower with Radar,8,24,28,2,62,0,3,31,12,46,8,27,59,14,108,34,6,40,148
02/08/2006,BIS,ND,AGL,CE,Combined TRACON& Tower with Radar,10,27,39,4,80,0,0,29,10,39,10,27,68,14,119,4,26,30,149
02/09/2006,BIS,ND,AGL,CE,Combined TRACON& Tower with Radar,7,34,36,1,78,0,0,14,3,17,7,34,50,4,95,14,0,14,109
02/10/2006,BIS,ND,AGL,CE,Combined TRACON& Tower with Radar,9,31,20,0,60,0,0,4,1,5,9,31,24,1,65,0,0,0,65
02/11/2006,BIS,ND,AGL,CE,Combined TRACON& Tower with Radar,5,20,2,9,36,0,1,28,17,46,5,21,30,26,82,46,36,82,164
02/12/2006,BIS,ND,AGL,CE,Combined TRACON& Tower with Radar,9,14,6,3,32,0,1,24,8,33,9,15,30,11,65,50,14,64,129
02/13/2006,BIS,ND,AGL,CE,Combined TRACON& Tower with Radar,11,22,26,0,59,0,3,44,0,47,11,25,70,0,106,68,0,68,174
02/14/2006,BIS,ND,AGL,CE,Combined TRACON& Tower with Radar,9,28,33,1,71,0,1,35,4,40,9,29,68,5,111,32,4,36,147
02/15/2006,BIS,ND,AGL,CE,Combined TRACON& Tower with Radar,10,27,39,6,82,0,0,33,3,36,10,27,72,9,118,5,2,7,125
02/16/2006,BIS,ND,AGL,CE,Combined TRACON& Tower with Radar,7,23,34,0,64,0,0,10,1,11,7,23,44,1,75,2,0,2,77
02/17/2006,BIS,ND,AGL,CE,Combined TRACON& Tower with Radar,6,24,27,2,59,0,0,21,0,21,6,24,48,2,80,2,0,2,82
02/18/2006,BIS,ND,AGL,CE,Combined TRACON& Tower with Radar,4,15,6,0,25,0,1,11,0,12,4,16,17,0,37,50,0,50,87
02/19/2006,BIS,ND,AGL,CE,Combined TRACON& Tower with Radar,5,16,3,1,25,0,0,14,0,14,5,16,17,1,39,56,0,56,95
02/20/2006,BIS,ND,AGL,CE,Combined TRACON& Tower with Radar,8,22,18,0,48,0,14,38,0,52,8,36,56,0,100,32,0,32,132
02/21/2006,BIS,ND,AGL,CE,Combined TRACON& Tower with Radar,10,31,31,5,77,0,2,24,3,29,10,33,55,8,106,2,18,20,126
02/22/2006,BIS,ND,AGL,CE,Combined TRACON& Tower with Radar,7,27,45,1,80,0,0,13,10,23,7,27,58,11,103,10,6,16,119
02/23/2006,BIS,ND,AGL,CE,Combined TRACON& Tower with Radar,6,25,33,18,82,0,6,30,0,36,6,31,63,18,118,14,12,26,144
02/24/2006,BIS,ND,AGL,CE,Combined TRACON& Tower with Radar,10,24,24,0,58,0,0,9,0,9,10,24,33,0,67,0,0,0,67
02/25/2006,BIS,ND,AGL,CE,Combined TRACON& Tower with Radar,3,22,6,0,31,0,0,22,0,22,3,22,28,0,53,52,0,52,105
02/26/2006,BIS,ND,AGL,CE,Combined TRACON& Tower with Radar,5,18,1,5,29,0,3,19,1,23,5,21,20,6,52,2,8,10,62
02/27/2006,BIS,ND,AGL,CE,Combined TRACON& Tower with Radar,11,23,21,0,55,0,4,22,1,27,11,27,43,1,82,16,1,17,99
02/28/2006,BIS,ND,AGL,CE,Combined TRACON& Tower with Radar,6,28,40,2,76,0,7,43,4,54,6,35,83,6,130,22,2,24,154
03/01/2006,BIS,ND,AGL,CE,Combined TRACON& Tower with Radar,8,34,28,0,70,0,0,10,3,13,8,34,38,3,83,0,0,0,83
03/02/2006,BIS,ND,AGL,CE,Combined TRACON& Tower with Radar,6,30,32,2,70,0,1,36,4,41,6,31,68,6,111,30,0,30,141
03/03/2006,BIS,ND,AGL,CE,Combined TRACON& Tower with Radar,5,19,38,1,63,0,0,9,0,9,5,19,47,1,72,8,0,8,80
03/04/2006,BIS,ND,AGL,CE,Combined TRACON& Tower with Radar,6,20,9,2,37,0,0,32,0,32,6,20,41,2,69,47,0,47,116
03/05/2006,BIS,ND,AGL,CE,Combined TRACON& Tower with Radar,4,10,11,0,25,0,1,20,0,21,4,11,31,0,46,20,0,20,66
03/06/2006,BIS,ND,AGL,CE,Combined TRACON& Tower with Radar,8,33,39,2,82,0,5,38,4,47,8,38,77,6,129,52,0,52,181
03/07/2006,BIS,ND,AGL,CE,Combined TRACON& Tower with Radar,8,26,45,0,79,0,4,28,7,39,8,30,73,7,118,41,0,41,159
03/08/2006,BIS,ND,AGL,CE,Combined TRACON& Tower with Radar,8,21,35,5,69,0,1,48,8,57,8,22,83,13,126,24,0,24,150
03/09/2006,BIS,ND,AGL,CE,Combined TRACON& Tower with Radar,8,27,45,4,84,0,5,42,7,54,8,32,87,11,138,20,6,26,164
03/10/2006,BIS,ND,AGL,CE,Combined TRACON& Tower with Radar,7,19,31,7,64,0,0,19,8,27,7,19,50,15,91,24,6,30,121
03/11/2006,BIS,ND,AGL,CE,Combined TRACON& Tower with Radar,5,20,5,3,33,0,2,19,18,39,5,22,24,21,72,68,12,80,152
03/12/2006,BIS,ND,AGL,CE,Combined TRACON& Tower with Radar,3,14,9,9,35,0,1,27,2,30,3,15,36,11,65,76,4,80,145
03/13/2006,BIS,ND,AGL,CE,Combined TRACON& Tower with Radar,11,20,35,2,68,0,6,19,13,38,11,26,54,15,106,54,0,54,160
03/14/2006,BIS,ND,AGL,CE,Combined TRACON& Tower with Radar,6,34,50,2,92,0,0,29,2,31,6,34,79,4,123,38,0,38,161
03/15/2006,BIS,ND,AGL,CE,Combined TRACON& Tower with Radar,7,24,40,4,75,0,7,28,2,37,7,31,68,6,112,20,0,20,132
03/16/2006,BIS,ND,AGL,CE,Combined TRACON& Tower with Radar,3,26,38,0,67,0,2,38,2,42,3,28,76,2,109,24,0,24,133
03/17/2006,BIS,ND,AGL,CE,Combined TRACON& Tower with Radar,4,25,25,5,59,0,0,31,2,33,4,25,56,7,92,12,0,12,104
03/18/2006,BIS,ND,AGL,CE,Combined TRACON& Tower with Radar,4,23,7,0,34,0,0,0,0,0,4,23,7,0,34,0,0,0,34
03/19/2006,BIS,ND,AGL,CE,Combined TRACON& Tower with Radar,4,15,7,0,26,0,0,10,0,10,4,15,17,0,36,2,0,2,38
03/20/2006,BIS,ND,AGL,CE,Combined TRACON& Tower with Radar,8,23,25,3,59,0,10,38,0,48,8,33,63,3,107,76,0,76,183
03/21/2006,BIS,ND,AGL,CE,Combined TRACON& Tower with Radar,7,30,37,2,76,0,6,39,4,49,7,36,76,6,125,38,0,38,163
03/22/2006,BIS,ND,AGL,CE,Combined TRACON& Tower with Radar,8,26,58,3,95,0,10,33,7,50,8,36,91,10,145,22,8,30,175
03/23/2006,BIS,ND,AGL,CE,Combined TRACON& Tower with Radar,5,23,26,0,54,0,11,28,4,43,5,34,54,4,97,45,0,45,142
03/24/2006,BIS,ND,AGL,CE,Combined TRACON& Tower with Radar,8,22,36,2,68,0,1,30,0,31,8,23,66,2,99,46,4,50,149
03/25/2006,BIS,ND,AGL,CE,Combined TRACON& Tower with Radar,7,22,6,2,37,0,0,34,0,34,7,22,40,2,71,88,0,88,159
03/26/2006,BIS,ND,AGL,CE,Combined TRACON& Tower with Radar,5,14,2,0,21,0,1,22,0,23,5,15,24,0,44,14,0,14,58
03/27/2006,BIS,ND,AGL,CE,Combined TRACON& Tower with Radar,7,19,20,2,48,0,7,34,0,41,7,26,54,2,89,4,0,4,93
03/28/2006,BIS,ND,AGL,CE,Combined TRACON& Tower with Radar,8,31,38,7,84,0,7,38,7,52,8,38,76,14,136,62,33,95,231
03/29/2006,BIS,ND,AGL,CE,Combined TRACON& Tower with Radar,7,26,44,4,81,0,9,25,14,48,7,35,69,18,129,32,2,34,163
03/30/2006,BIS,ND,AGL,CE,Combined TRACON& Tower with Radar,5,28,34,1,68,0,5,9,0,14,5,33,43,1,82,0,0,0,82
03/31/2006,BIS,ND,AGL,CE,Combined TRACON& Tower with Radar,6,27,35,2,70,0,1,16,4,21,6,28,51,6,91,20,0,20,111
04/01/2006,BIS,ND,AGL,CE,Combined TRACON& Tower with Radar,5,23,9,0,37,0,2,50,2,54,5,25,59,2,91,88,34,122,213
04/02/2006,BIS,ND,AGL,CE,Combined TRACON& Tower with Radar,4,13,9,2,28,0,0,24,2,26,4,13,33,4,54,30,24,54,108
04/03/2006,BIS,ND,AGL,CE,Combined TRACON& Tower with Radar,9,26,40,0,75,0,7,59,3,69,9,33,99,3,144,98,6,104,248
04/04/2006,BIS,ND,AGL,CE,Combined TRACON& Tower with Radar,7,30,50,2,89,0,8,49,8,65,7,38,99,10,154,65,5,70,224
04/05/2006,BIS,ND,AGL,CE,Combined TRACON& Tower with Radar,8,26,35,2,71,0,4,39,3,46,8,30,74,5,117,65,6,71,188
04/06/2006,BIS,ND,AGL,CE,Combined TRACON& Tower with Radar,4,29,21,0,54,0,0,17,2,19,4,29,38,2,73,8,18,26,99
04/07/2006,BIS,ND,AGL,CE,Combined TRACON& Tower with Radar,8,24,23,5,60,0,0,54,3,57,8,24,77,8,117,96,0,96,213
04/08/2006,BIS,ND,AGL,CE,Combined TRACON& Tower with Radar,7,30,18,3,58,0,0,63,9,72,7,30,81,12,130,134,4,138,268
04/09/2006,BIS,ND,AGL,CE,Combined TRACON& Tower with Radar,6,14,4,0,24,0,3,51,3,57,6,17,55,3,81,64,0,64,145
04/10/2006,BIS,ND,AGL,CE,Combined TRACON& Tower with Radar,9,21,29,6,65,0,3,43,3,49,9,24,72,9,114,91,0,91,205
04/11/2006,BIS,ND,AGL,CE,Combined TRACON& Tower with Radar,7,25,40,6,78,0,4,39,11,54,7,29,79,17,132,32,20,52,184
04/12/2006,BIS,ND,AGL,CE,Combined TRACON& Tower with Radar,8,23,45,6,82,0,0,39,4,43,8,23,84,10,125,18,4,22,147
04/13/2006,BIS,ND,AGL,CE,Combined TRACON& Tower with Radar,5,25,33,10,73,0,12,64,18,94,5,37,97,28,167,24,14,38,205
04/14/2006,BIS,ND,AGL,CE,Combined TRACON& Tower with Radar,8,27,9,2,46,0,0,49,4,53,8,27,58,6,99,46,0,46,145
04/15/2006,BIS,ND,AGL,CE,Combined TRACON& Tower with Radar,7,21,9,0,37,0,0,18,0,18,7,21,27,0,55,66,0,66,121
04/16/2006,BIS,ND,AGL,CE,Combined TRACON& Tower with Radar,6,15,3,0,24,0,1,24,2,27,6,16,27,2,51,30,0,30,81
04/17/2006,BIS,ND,AGL,CE,Combined TRACON& Tower with Radar,9,26,39,1,75,0,0,18,4,22,9,26,57,5,97,0,0,0,97
04/18/2006,BIS,ND,AGL,CE,Combined TRACON& Tower with Radar,7,27,71,6,111,0,7,4,0,11,7,34,75,6,122,0,10,10,132
04/19/2006,BIS,ND,AGL,CE,Combined TRACON& Tower with Radar,6,21,40,2,69,0,0,13,3,16,6,21,53,5,85,56,0,56,141
04/20/2006,BIS,ND,AGL,CE,Combined TRACON& Tower with Radar,5,28,41,3,77,0,0,20,4,24,5,28,61,7,101,22,0,22,123
04/21/2006,BIS,ND,AGL,CE,Combined TRACON& Tower with Radar,7,23,35,2,67,0,5,33,4,42,7,28,68,6,109,32,0,32,141
04/22/2006,BIS,ND,AGL,CE,Combined TRACON& Tower with Radar,7,23,5,0,35,0,3,56,2,61,7,26,61,2,96,86,0,86,182
04/23/2006,BIS,ND,AGL,CE,Combined TRACON& Tower with Radar,4,14,10,0,28,0,2,28,1,31,4,16,38,1,59,74,46,120,179
04/24/2006,BIS,ND,AGL,CE,Combined TRACON& Tower with Radar,9,22,40,3,74,0,7,24,6,37,9,29,64,9,111,4,0,4,115
04/25/2006,BIS,ND,AGL,CE,Combined TRACON& Tower with Radar,7,29,38,11,85,0,16,62,12,90,7,45,100,23,175,61,34,95,270
04/26/2006,BIS,ND,AGL,CE,Combined TRACON& Tower with Radar,6,28,30,2,66,0,0,37,16,53,6,28,67,18,119,24,12,36,155
04/27/2006,BIS,ND,AGL,CE,Combined TRACON& Tower with Radar,6,27,37,2,72,0,0,30,2,32,6,27,67,4,104,16,4,20,124
04/28/2006,BIS,ND,AGL,CE,Combined TRACON& Tower with Radar,7,24,35,1,67,0,3,27,14,44,7,27,62,15,111,34,14,48,159
04/29/2006,BIS,ND,AGL,CE,Combined TRACON& Tower with Radar,6,23,13,7,49,0,0,14,1,15,6,23,27,8,64,42,18,60,124
04/30/2006,BIS,ND,AGL,CE,Combined TRACON& Tower with Radar,4,15,15,6,40,0,6,18,13,37,4,21,33,19,77,6,6,12,89
05/01/2006,BIS,ND,AGL,CE,Combined TRACON& Tower with Radar,10,29,30,5,74,0,3,7,2,12,10,32,37,7,86,4,2,6,92
05/02/2006,BIS,ND,AGL,CE,Combined TRACON& Tower with Radar,7,26,26,0,59,0,1,24,1,26,7,27,50,1,85,26,0,26,111
05/03/2006,BIS,ND,AGL,CE,Combined TRACON& Tower with Radar,7,22,58,0,87,0,6,17,6,29,7,28,75,6,116,6,0,6,122
05/04/2006,BIS,ND,AGL,CE,Combined TRACON& Tower with Radar,6,20,36,6,68,0,15,0,5,20,6,35,36,11,88,41,10,51,139
05/05/2006,BIS,ND,AGL,CE,Combined TRACON& Tower with Radar,9,21,20,2,52,0,4,34,3,41,9,25,54,5,93,42,8,50,143
05/06/2006,BIS,ND,AGL,CE,Combined TRACON& Tower with Radar,6,19,4,0,29,0,2,30,9,41,6,21,34,9,70,30,0,30,100
05/07/2006,BIS,ND,AGL,CE,Combined TRACON& Tower with Radar,6,11,7,0,24,0,1,18,2,21,6,12,25,2,45,66,0,66,111
05/08/2006,BIS,ND,AGL,CE,Combined TRACON& Tower with Radar,11,23,39,0,73,0,0,40,4,44,11,23,79,4,117,74,0,74,191
05/09/2006,BIS,ND,AGL,CE,Combined TRACON& Tower with Radar,7,25,33,4,69,0,0,54,11,65,7,25,87,15,134,0,13,13,147
05/10/2006,BIS,ND,AGL,CE,Combined TRACON& Tower with Radar,7,25,39,8,79,0,9,17,5,31,7,34,56,13,110,28,2,30,140
05/11/2006,BIS,ND,AGL,CE,Combined TRACON& Tower with Radar,7,27,42,2,78,0,5,36,11,52,7,32,78,13,130,34,1,35,165
05/12/2006,BIS,ND,AGL,CE,Combined TRACON& Tower with Radar,8,21,19,0,48,0,0,68,4,72,8,21,87,4,120,44,0,44,164
05/13/2006,BIS,ND,AGL,CE,Combined TRACON& Tower with Radar,7,20,13,0,40,0,2,32,3,37,7,22,45,3,77,78,0,78,155
05/14/2006,BIS,ND,AGL,CE,Combined TRACON& Tower with Radar,6,13,8,0,27,0,3,20,2,25,6,16,28,2,52,64,0,64,116
05/15/2006,BIS,ND,AGL,CE,Combined TRACON& Tower with Radar,10,21,51,5,87,0,0,44,3,47,10,21,95,8,134,78,0,78,212
05/16/2006,BIS,ND,AGL,CE,Combined TRACON& Tower with Radar,8,22,56,1,87,0,1,46,0,47,8,23,102,1,134,58,0,58,192
05/17/2006,BIS,ND,AGL,CE,Combined TRACON& Tower with Radar,7,22,39,2,70,0,0,45,16,61,7,22,84,18,131,38,12,50,181
05/18/2006,BIS,ND,AGL,CE,Combined TRACON& Tower with Radar,7,24,48,3,82,0,5,35,9,49,7,29,83,12,131,42,0,42,173
05/19/2006,BIS,ND,AGL,CE,Combined TRACON& Tower with Radar,8,21,21,2,52,0,3,30,5,38,8,24,51,7,90,62,10,72,162
05/20/2006,BIS,ND,AGL,CE,Combined TRACON& Tower with Radar,6,20,11,1,38,0,2,31,10,43,6,22,42,11,81,12,4,16,97
05/21/2006,BIS,ND,AGL,CE,Combined TRACON& Tower with Radar,8,10,8,0,26,0,3,25,3,31,8,13,33,3,57,8,8,16,73
05/22/2006,BIS,ND,AGL,CE,Combined TRACON& Tower with Radar,10,29,31,3,73,0,0,39,0,39,10,29,70,3,112,84,2,86,198
05/23/2006,BIS,ND,AGL,CE,Combined TRACON& Tower with Radar,8,22,40,2,72,0,8,42,18,68,8,30,82,20,140,8,10,18,158
05/24/2006,BIS,ND,AGL,CE,Combined TRACON& Tower with Radar,10,26,38,0,74,0,3,19,7,29,10,29,57,7,103,0,0,0,103
05/25/2006,BIS,ND,AGL,CE,Combined TRACON& Tower with Radar,6,21,49,1,77,0,0,39,10,49,6,21,88,11,126,31,4,35,161
05/26/2006,BIS,ND,AGL,CE,Combined TRACON& Tower with Radar,5,23,29,3,60,0,4,12,6,22,5,27,41,9,82,0,2,2,84
05/27/2006,BIS,ND,AGL,CE,Combined TRACON& Tower with Radar,6,17,12,0,35,0,0,0,0,0,6,17,12,0,35,52,0,52,87
05/28/2006,BIS,ND,AGL,CE,Combined TRACON& Tower with Radar,6,10,7,0,23,0,0,7,0,7,6,10,14,0,30,4,0,4,34
05/29/2006,BIS,ND,AGL,CE,Combined TRACON& Tower with Radar,8,11,5,0,24,0,2,20,4,26,8,13,25,4,50,30,0,30,80
05/30/2006,BIS,ND,AGL,CE,Combined TRACON& Tower with Radar,9,20,17,6,52,0,2,33,9,44,9,22,50,15,96,18,6,24,120
05/31/2006,BIS,ND,AGL,CE,Combined TRACON& Tower with Radar,9,24,23,2,58,0,7,39,9,55,9,31,62,11,113,20,0,20,133
06/01/2006,BIS,ND,AGL,CE,Combined TRACON& Tower with Radar,6,24,36,4,70,0,18,51,20,89,6,42,87,24,159,38,4,42,201
06/02/2006,BIS,ND,AGL,CE,Combined TRACON& Tower with Radar,6,21,27,2,56,0,5,68,3,76,6,26,95,5,132,41,0,41,173
06/03/2006,BIS,ND,AGL,CE,Combined TRACON& Tower with Radar,6,19,10,2,37,0,4,24,16,44,6,23,34,18,81,40,0,40,121
06/04/2006,BIS,ND,AGL,CE,Combined TRACON& Tower with Radar,7,11,5,0,23,0,2,26,5,33,7,13,31,5,56,94,0,94,150
06/05/2006,BIS,ND,AGL,CE,Combined TRACON& Tower with Radar,10,25,36,1,72,0,2,38,7,47,10,27,74,8,119,56,2,58,177
06/06/2006,BIS,ND,AGL,CE,Combined TRACON& Tower with Radar,8,24,29,1,62,0,5,56,4,65,8,29,85,5,127,56,4,60,187
06/07/2006,BIS,ND,AGL,CE,Combined TRACON& Tower with Radar,9,26,36,2,73,0,9,51,5,65,9,35,87,7,138,39,6,45,183
06/08/2006,BIS,ND,AGL,CE,Combined TRACON& Tower with Radar,5,19,45,4,73,0,0,25,0,25,5,19,70,4,98,10,5,15,113
06/09/2006,BIS,ND,AGL,CE,Combined TRACON& Tower with Radar,10,21,28,7,66,0,3,9,2,14,10,24,37,9,80,4,2,6,86
06/10/2006,BIS,ND,AGL,CE,Combined TRACON& Tower with Radar,7,20,13,0,40,0,0,15,8,23,7,20,28,8,63,4,0,4,67
06/11/2006,BIS,ND,AGL,CE,Combined TRACON& Tower with Radar,7,14,8,0,29,0,0,19,0,19,7,14,27,0,48,18,0,18,66
06/12/2006,BIS,ND,AGL,CE,Combined TRACON& Tower with Radar,10,25,48,0,83,0,12,37,16,65,10,37,85,16,148,36,10,46,194
06/13/2006,BIS,ND,AGL,CE,Combined TRACON& Tower with Radar,8,33,35,4,80,0,9,51,14,74,8,42,86,18,154,21,2,23,177
06/14/2006,BIS,ND,AGL,CE,Combined TRACON& Tower with Radar,8,23,37,0,68,0,5,31,8,44,8,28,68,8,112,0,6,6,118
06/15/2006,BIS,ND,AGL,CE,Combined TRACON& Tower with Radar,7,26,30,2,65,0,3,58,15,76,7,29,88,17,141,28,50,78,219
06/16/2006,BIS,ND,AGL,CE,Combined TRACON& Tower with Radar,8,18,22,0,48,0,3,44,8,55,8,21,66,8,103,40,0,40,143
06/17/2006,BIS,ND,AGL,CE,Combined TRACON& Tower with Radar,5,24,11,1,41,0,1,39,6,46,5,25,50,7,87,74,0,74,161
06/18/2006,BIS,ND,AGL,CE,Combined TRACON& Tower with Radar,9,18,17,0,44,0,4,26,0,30,9,22,43,0,74,50,0,50,124
06/19/2006,BIS,ND,AGL,CE,Combined TRACON& Tower with Radar,10,20,29,2,61,0,9,45,2,56,10,29,74,4,117,56,4,60,177
06/20/2006,BIS,ND,AGL,CE,Combined TRACON& Tower with Radar,7,21,24,3,55,0,8,46,9,63,7,29,70,12,118,42,8,50,168
06/21/2006,BIS,ND,AGL,CE,Combined TRACON& Tower with Radar,8,23,28,0,59,0,3,20,7,30,8,26,48,7,89,14,14,28,117
06/22/2006,BIS,ND,AGL,CE,Combined TRACON& Tower with Radar,7,27,31,2,67,0,0,66,0,66,7,27,97,2,133,54,0,54,187
06/23/2006,BIS,ND,AGL,CE,Combined TRACON& Tower with Radar,9,19,31,1,60,0,2,37,6,45,9,21,68,7,105,20,0,20,125
06/24/2006,BIS,ND,AGL,CE,Combined TRACON& Tower with Radar,6,19,8,0,33,0,1,19,0,20,6,20,27,0,53,0,0,0,53
06/25/2006,BIS,ND,AGL,CE,Combined TRACON& Tower with Radar,8,13,12,7,40,0,2,39,3,44,8,15,51,10,84,50,8,58,142
06/26/2006,BIS,ND,AGL,CE,Combined TRACON& Tower with Radar,10,22,43,4,79,0,2,37,15,54,10,24,80,19,133,24,0,24,157
06/27/2006,BIS,ND,AGL,CE,Combined TRACON& Tower with Radar,7,28,40,4,79,0,0,39,7,46,7,28,79,11,125,34,0,34,159
06/28/2006,BIS,ND,AGL,CE,Combined TRACON& Tower with Radar,9,22,45,3,79,0,10,50,10,70,9,32,95,13,149,17,0,17,166
06/29/2006,BIS,ND,AGL,CE,Combined TRACON& Tower with Radar,6,22,37,5,70,0,3,59,22,84,6,25,96,27,154,37,0,37,191
06/30/2006,BIS,ND,AGL,CE,Combined TRACON& Tower with Radar,7,18,28,0,53,0,0,42,4,46,7,18,70,4,99,50,0,50,149
07/01/2006,BIS,ND,AGL,CE,Combined TRACON& Tower with Radar,8,24,16,0,48,0,3,45,0,48,8,27,61,0,96,22,0,22,118
07/02/2006,BIS,ND,AGL,CE,Combined TRACON& Tower with Radar,6,14,6,0,26,0,3,55,2,60,6,17,61,2,86,44,0,44,130
07/03/2006,BIS,ND,AGL,CE,Combined TRACON& Tower with Radar,8,17,7,0,32,0,0,25,1,26,8,17,32,1,58,32,4,36,94
07/04/2006,BIS,ND,AGL,CE,Combined TRACON& Tower with Radar,8,9,6,0,23,0,7,12,0,19,8,16,18,0,42,29,0,29,71
07/05/2006,BIS,ND,AGL,CE,Combined TRACON& Tower with Radar,10,18,18,2,48,0,5,37,0,42,10,23,55,2,90,60,0,60,150
07/06/2006,BIS,ND,AGL,CE,Combined TRACON& Tower with Radar,7,20,21,4,52,0,2,35,4,41,7,22,56,8,93,27,0,27,120
07/07/2006,BIS,ND,AGL,CE,Combined TRACON& Tower with Radar,8,21,23,0,52,0,3,34,3,40,8,24,57,3,92,36,0,36,128
07/08/2006,BIS,ND,AGL,CE,Combined TRACON& Tower with Radar,5,19,12,0,36,0,0,41,2,43,5,19,53,2,79,46,0,46,125
07/09/2006,BIS,ND,AGL,CE,Combined TRACON& Tower with Radar,9,12,10,0,31,0,2,28,1,31,9,14,38,1,62,20,0,20,82
07/10/2006,BIS,ND,AGL,CE,Combined TRACON& Tower with Radar,13,22,37,1,73,0,2,33,6,41,13,24,70,7,114,56,4,60,174
07/11/2006,BIS,ND,AGL,CE,Combined TRACON& Tower with Radar,8,24,37,4,73,0,10,63,12,85,8,34,100,16,158,24,8,32,190
07/12/2006,BIS,ND,AGL,CE,Combined TRACON& Tower with Radar,9,27,34,0,70,0,0,33,5,38,9,27,67,5,108,14,0,14,122
07/13/2006,BIS,ND,AGL,CE,Combined TRACON& Tower with Radar,6,21,41,0,68,0,3,37,11,51,6,24,78,11,119,35,0,35,154
07/14/2006,BIS,ND,AGL,CE,Combined TRACON& Tower with Radar,7,27,31,2,67,0,3,27,7,37,7,30,58,9,104,60,6,66,170
07/15/2006,BIS,ND,AGL,CE,Combined TRACON& Tower with Radar,9,22,19,0,50,0,1,20,5,26,9,23,39,5,76,40,2,42,118
07/16/2006,BIS,ND,AGL,CE,Combined TRACON& Tower with Radar,6,11,17,4,38,0,7,46,2,55,6,18,63,6,93,72,0,72,165
07/17/2006,BIS,ND,AGL,CE,Combined TRACON& Tower with Radar,10,24,45,0,79,0,0,30,6,36,10,24,75,6,115,10,22,32,147
07/18/2006,BIS,ND,AGL,CE,Combined TRACON& Tower with Radar,8,24,40,2,74,0,0,50,18,68,8,24,90,20,142,7,8,15,157
07/19/2006,BIS,ND,AGL,CE,Combined TRACON& Tower with Radar,8,25,35,0,68,0,10,49,8,67,8,35,84,8,135,30,0,30,165
07/20/2006,BIS,ND,AGL,CE,Combined TRACON& Tower with Radar,6,27,40,2,75,0,0,29,4,33,6,27,69,6,108,12,0,12,120
07/21/2006,BIS,ND,AGL,CE,Combined TRACON& Tower with Radar,9,25,38,0,72,0,1,36,5,42,9,26,74,5,114,46,0,46,160
07/22/2006,BIS,ND,AGL,CE,Combined TRACON& Tower with Radar,6,25,21,1,53,0,0,35,1,36,6,25,56,2,89,52,0,52,141
07/23/2006,BIS,ND,AGL,CE,Combined TRACON& Tower with Radar,10,14,11,0,35,0,3,45,0,48,10,17,56,0,83,70,0,70,153
07/24/2006,BIS,ND,AGL,CE,Combined TRACON& Tower with Radar,8,17,27,1,53,0,0,26,0,26,8,17,53,1,79,34,0,34,113
07/25/2006,BIS,ND,AGL,CE,Combined TRACON& Tower with Radar,9,40,44,2,95,0,1,61,6,68,9,41,105,8,163,90,0,90,253
07/26/2006,BIS,ND,AGL,CE,Combined TRACON& Tower with Radar,9,23,41,0,73,0,1,38,9,48,9,24,79,9,121,22,0,22,143
07/27/2006,BIS,ND,AGL,CE,Combined TRACON& Tower with Radar,8,19,42,1,70,0,0,43,7,50,8,19,85,8,120,26,0,26,146
07/28/2006,BIS,ND,AGL,CE,Combined TRACON& Tower with Radar,6,24,30,1,61,0,0,32,3,35,6,24,62,4,96,16,0,16,112
07/29/2006,BIS,ND,AGL,CE,Combined TRACON& Tower with Radar,9,20,6,1,36,0,2,28,2,32,9,22,34,3,68,30,0,30,98
07/30/2006,BIS,ND,AGL,CE,Combined TRACON& Tower with Radar,7,12,8,3,30,0,1,40,0,41,7,13,48,3,71,4,0,4,75
07/31/2006,BIS,ND,AGL,CE,Combined TRACON& Tower with Radar,9,25,43,0,77,0,2,30,5,37,9,27,73,5,114,18,0,18,132
08/01/2006,BIS,ND,AGL,CE,Combined TRACON& Tower with Radar,8,31,32,4,75,0,6,57,15,78,8,37,89,19,153,98,0,98,251
08/02/2006,BIS,ND,AGL,CE,Combined TRACON& Tower with Radar,9,25,31,9,74,0,3,30,9,42,9,28,61,18,116,38,4,42,158
08/03/2006,BIS,ND,AGL,CE,Combined TRACON& Tower with Radar,6,15,34,4,59,0,3,35,13,51,6,18,69,17,110,55,2,57,167
08/04/2006,BIS,ND,AGL,CE,Combined TRACON& Tower with Radar,9,24,35,5,73,0,0,32,9,41,9,24,67,14,114,32,8,40,154
08/05/2006,BIS,ND,AGL,CE,Combined TRACON& Tower with Radar,7,22,13,3,45,0,4,42,0,46,7,26,55,3,91,48,0,48,139
08/06/2006,BIS,ND,AGL,CE,Combined TRACON& Tower with Radar,6,12,16,0,34,0,0,41,5,46,6,12,57,5,80,54,0,54,134
08/07/2006,BIS,ND,AGL,CE,Combined TRACON& Tower with Radar,8,14,34,0,56,0,3,54,13,70,8,17,88,13,126,48,0,48,174
08/08/2006,BIS,ND,AGL,CE,Combined TRACON& Tower with Radar,9,26,30,4,69,0,3,61,1,65,9,29,91,5,134,54,0,54,188
08/09/2006,BIS,ND,AGL,CE,Combined TRACON& Tower with Radar,10,24,30,2,66,0,0,45,4,49,10,24,75,6,115,10,0,10,125
08/10/2006,BIS,ND,AGL,CE,Combined TRACON& Tower with Radar,6,18,3,0,27,0,5,74,6,85,6,23,77,6,112,46,1,47,159
08/11/2006,BIS,ND,AGL,CE,Combined TRACON& Tower with Radar,8,17,34,0,59,0,2,63,5,70,8,19,97,5,129,74,0,74,203
08/12/2006,BIS,ND,AGL,CE,Combined TRACON& Tower with Radar,9,20,16,0,45,0,3,17,2,22,9,23,33,2,67,56,0,56,123
08/13/2006,BIS,ND,AGL,CE,Combined TRACON& Tower with Radar,9,12,11,0,32,0,3,18,14,35,9,15,29,14,67,42,14,56,123
08/14/2006,BIS,ND,AGL,CE,Combined TRACON& Tower with Radar,10,18,41,4,73,0,0,38,12,50,10,18,79,16,123,62,0,62,185
08/15/2006,BIS,ND,AGL,CE,Combined TRACON& Tower with Radar,7,41,43,6,97,0,0,40,17,57,7,41,83,23,154,66,10,76,230
08/16/2006,BIS,ND,AGL,CE,Combined TRACON& Tower with Radar,16,21,31,5,73,0,3,17,22,42,16,24,48,27,115,20,4,24,139
08/17/2006,BIS,ND,AGL,CE,Combined TRACON& Tower with Radar,7,20,49,6,82,0,6,36,25,67,7,26,85,31,149,22,33,55,204
08/18/2006,BIS,ND,AGL,CE,Combined TRACON& Tower with Radar,10,20,38,4,72,0,0,23,12,35,10,20,61,16,107,24,18,42,149
08/19/2006,BIS,ND,AGL,CE,Combined TRACON& Tower with Radar,7,19,15,5,46,0,0,54,11,65,7,19,69,16,111,58,0,58,169
08/20/2006,BIS,ND,AGL,CE,Combined TRACON& Tower with Radar,8,13,7,2,30,0,2,24,10,36,8,15,31,12,66,30,28,58,124
08/21/2006,BIS,ND,AGL,CE,Combined TRACON& Tower with Radar,9,17,54,2,82,0,4,52,15,71,9,21,106,17,153,51,14,65,218
08/22/2006,BIS,ND,AGL,CE,Combined TRACON& Tower with Radar,7,29,40,0,76,0,10,53,3,66,7,39,93,3,142,52,0,52,194
08/23/2006,BIS,ND,AGL,CE,Combined TRACON& Tower with Radar,8,22,52,0,82,0,3,27,2,32,8,25,79,2,114,4,0,4,118
08/24/2006,BIS,ND,AGL,CE,Combined TRACON& Tower with Radar,5,22,34,4,65,0,2,1,0,3,5,24,35,4,68,0,0,0,68
08/25/2006,BIS,ND,AGL,CE,Combined TRACON& Tower with Radar,7,23,43,2,75,0,3,27,4,34,7,26,70,6,109,0,0,0,109
08/26/2006,BIS,ND,AGL,CE,Combined TRACON& Tower with Radar,6,23,4,0,33,0,0,32,16,48,6,23,36,16,81,42,4,46,127
08/27/2006,BIS,ND,AGL,CE,Combined TRACON& Tower with Radar,6,22,19,0,47,0,0,72,21,93,6,22,91,21,140,70,18,88,228
08/28/2006,BIS,ND,AGL,CE,Combined TRACON& Tower with Radar,10,32,38,5,85,0,4,82,35,121,10,36,120,40,206,48,0,48,254
08/29/2006,BIS,ND,AGL,CE,Combined TRACON& Tower with Radar,8,27,50,1,86,0,15,62,31,108,8,42,112,32,194,64,0,64,258
08/30/2006,BIS,ND,AGL,CE,Combined TRACON& Tower with Radar,7,29,48,3,87,0,3,22,5,30,7,32,70,8,117,32,0,32,149
08/31/2006,BIS,ND,AGL,CE,Combined TRACON& Tower with Radar,7,26,19,4,56,0,0,16,3,19,7,26,35,7,75,46,0,46,121
09/01/2006,BIS,ND,AGL,CE,Combined TRACON& Tower with Radar,6,20,27,0,53,0,0,27,3,30,6,20,54,3,83,28,0,28,111
09/02/2006,BIS,ND,AGL,CE,Combined TRACON& Tower with Radar,6,18,3,0,27,0,3,39,3,45,6,21,42,3,72,28,2,30,102
09/03/2006,BIS,ND,AGL,CE,Combined TRACON& Tower with Radar,6,9,14,0,29,0,0,25,2,27,6,9,39,2,56,38,0,38,94
09/04/2006,BIS,ND,AGL,CE,Combined TRACON& Tower with Radar,9,11,9,0,29,0,4,16,0,20,9,15,25,0,49,42,0,42,91
09/05/2006,BIS,ND,AGL,CE,Combined TRACON& Tower with Radar,7,24,35,0,66,0,9,49,5,63,7,33,84,5,129,28,2,30,159
09/06/2006,BIS,ND,AGL,CE,Combined TRACON& Tower with Radar,7,30,43,4,84,0,4,40,3,47,7,34,83,7,131,30,2,32,163
09/07/2006,BIS,ND,AGL,CE,Combined TRACON& Tower with Radar,7,28,33,1,69,0,2,50,12,64,7,30,83,13,133,24,0,24,157
09/08/2006,BIS,ND,AGL,CE,Combined TRACON& Tower with Radar,9,20,21,0,50,0,0,42,13,55,9,20,63,13,105,40,0,40,145
09/09/2006,BIS,ND,AGL,CE,Combined TRACON& Tower with Radar,6,16,13,5,40,0,1,54,2,57,6,17,67,7,97,50,6,56,153
09/10/2006,BIS,ND,AGL,CE,Combined TRACON& Tower with Radar,6,16,20,2,44,0,2,32,5,39,6,18,52,7,83,2,10,12,95
09/11/2006,BIS,ND,AGL,CE,Combined TRACON& Tower with Radar,10,22,40,2,74,0,13,45,7,65,10,35,85,9,139,38,22,60,199
09/12/2006,BIS,ND,AGL,CE,Combined TRACON& Tower with Radar,8,24,35,1,68,0,9,48,6,63,8,33,83,7,131,44,2,46,177
09/13/2006,BIS,ND,AGL,CE,Combined TRACON& Tower with Radar,7,23,30,1,61,0,0,20,8,28,7,23,50,9,89,34,4,38,127
09/14/2006,BIS,ND,AGL,CE,Combined TRACON& Tower with Radar,7,22,33,1,63,0,2,33,12,47,7,24,66,13,110,38,2,40,150
09/15/2006,BIS,ND,AGL,CE,Combined TRACON& Tower with Radar,6,18,24,2,50,0,0,37,6,43,6,18,61,8,93,42,0,42,135
09/16/2006,BIS,ND,AGL,CE,Combined TRACON& Tower with Radar,6,23,14,2,45,0,1,13,5,19,6,24,27,7,64,30,0,30,94
09/17/2006,BIS,ND,AGL,CE,Combined TRACON& Tower with Radar,7,14,11,0,32,0,0,16,4,20,7,14,27,4,52,0,0,0,52
09/18/2006,BIS,ND,AGL,CE,Combined TRACON& Tower with Radar,11,26,39,0,76,0,0,10,0,10,11,26,49,0,86,0,0,0,86
09/19/2006,BIS,ND,AGL,CE,Combined TRACON& Tower with Radar,8,29,43,6,86,0,1,46,4,51,8,30,89,10,137,70,4,74,211
09/20/2006,BIS,ND,AGL,CE,Combined TRACON& Tower with Radar,7,24,26,0,57,0,6,51,0,57,7,30,77,0,114,38,0,38,152
09/21/2006,BIS,ND,AGL,CE,Combined TRACON& Tower with Radar,7,26,33,0,66,0,0,30,0,30,7,26,63,0,96,42,0,42,138
09/22/2006,BIS,ND,AGL,CE,Combined TRACON& Tower with Radar,6,22,45,2,75,0,0,0,2,2,6,22,45,4,77,2,0,2,79
09/23/2006,BIS,ND,AGL,CE,Combined TRACON& Tower with Radar,6,19,8,0,33,0,1,27,5,33,6,20,35,5,66,32,0,32,98
09/24/2006,BIS,ND,AGL,CE,Combined TRACON& Tower with Radar,6,13,7,0,26,0,1,50,0,51,6,14,57,0,77,72,0,72,149
09/25/2006,BIS,ND,AGL,CE,Combined TRACON& Tower with Radar,10,23,60,0,93,0,0,30,2,32,10,23,90,2,125,36,0,36,161
09/26/2006,BIS,ND,AGL,CE,Combined TRACON& Tower with Radar,7,25,46,6,84,0,2,39,1,42,7,27,85,7,126,38,5,43,169
09/27/2006,BIS,ND,AGL,CE,Combined TRACON& Tower with Radar,7,25,32,4,68,0,0,18,2,20,7,25,50,6,88,8,12,20,108
09/28/2006,BIS,ND,AGL,CE,Combined TRACON& Tower with Radar,6,23,32,4,65,0,2,36,2,40,6,25,68,6,105,44,9,53,158
09/29/2006,BIS,ND,AGL,CE,Combined TRACON& Tower with Radar,8,23,28,9,68,0,0,40,0,40,8,23,68,9,108,55,20,75,183
09/30/2006,BIS,ND,AGL,CE,Combined TRACON& Tower with Radar,6,18,9,0,33,0,1,41,2,44,6,19,50,2,77,70,12,82,159
10/01/2006,BIS,ND,AGL,CE,Combined TRACON& Tower with Radar,6,12,4,0,22,0,3,51,0,54,6,15,55,0,76,64,0,64,140
10/02/2006,BIS,ND,AGL,CE,Combined TRACON& Tower with Radar,10,25,35,4,74,0,0,27,2,29,10,25,62,6,103,46,2,48,151
10/03/2006,BIS,ND,AGL,CE,Combined TRACON& Tower with Radar,8,31,34,0,73,0,0,25,0,25,8,31,59,0,98,4,7,11,109
10/04/2006,BIS,ND,AGL,CE,Combined TRACON& Tower with Radar,9,23,27,12,71,0,4,41,5,50,9,27,68,17,121,38,16,54,175
10/05/2006,BIS,ND,AGL,CE,Combined TRACON& Tower with Radar,7,23,40,3,73,0,2,30,7,39,7,25,70,10,112,2,0,2,114
10/06/2006,BIS,ND,AGL,CE,Combined TRACON& Tower with Radar,9,32,33,0,74,0,0,34,10,44,9,32,67,10,118,38,0,38,156
10/07/2006,BIS,ND,AGL,CE,Combined TRACON& Tower with Radar,6,18,18,3,45,0,0,0,0,0,6,18,18,3,45,0,0,0,45
10/08/2006,BIS,ND,AGL,CE,Combined TRACON& Tower with Radar,7,14,7,0,28,0,2,27,0,29,7,16,34,0,57,26,0,26,83
10/09/2006,BIS,ND,AGL,CE,Combined TRACON& Tower with Radar,5,19,32,0,56,0,0,30,2,32,5,19,62,2,88,56,6,62,150
10/10/2006,BIS,ND,AGL,CE,Combined TRACON& Tower with Radar,7,24,34,4,69,0,3,28,2,33,7,27,62,6,102,36,44,80,182
10/11/2006,BIS,ND,AGL,CE,Combined TRACON& Tower with Radar,9,20,36,1,66,0,1,7,9,17,9,21,43,10,83,0,14,14,97
10/12/2006,BIS,ND,AGL,CE,Combined TRACON& Tower with Radar,8,22,30,5,65,0,0,39,15,54,8,22,69,20,119,10,8,18,137
10/13/2006,BIS,ND,AGL,CE,Combined TRACON& Tower with Radar,7,23,42,3,75,0,1,32,2,35,7,24,74,5,110,2,0,2,112
10/14/2006,BIS,ND,AGL,CE,Combined TRACON& Tower with Radar,5,23,9,4,41,0,3,48,0,51,5,26,57,4,92,76,0,76,168
10/15/2006,BIS,ND,AGL,CE,Combined TRACON& Tower with Radar,7,14,16,0,37,0,0,0,0,0,7,14,16,0,37,74,0,74,111
10/16/2006,BIS,ND,AGL,CE,Combined TRACON& Tower with Radar,8,24,27,0,59,0,0,30,3,33,8,24,57,3,92,20,0,20,112
10/17/2006,BIS,ND,AGL,CE,Combined TRACON& Tower with Radar,9,26,25,3,63,0,0,3,1,4,9,26,28,4,67,0,0,0,67
10/18/2006,BIS,ND,AGL,CE,Combined TRACON& Tower with Radar,9,24,47,14,94,0,2,26,4,32,9,26,73,18,126,6,14,20,146
10/19/2006,BIS,ND,AGL,CE,Combined TRACON& Tower with Radar,6,21,49,6,82,0,0,7,18,25,6,21,56,24,107,32,4,36,143
10/20/2006,BIS,ND,AGL,CE,Combined TRACON& Tower with Radar,8,20,23,4,55,0,0,6,5,11,8,20,29,9,66,2,4,6,72
10/21/2006,BIS,ND,AGL,CE,Combined TRACON& Tower with Radar,5,19,14,4,42,0,7,42,13,62,5,26,56,17,104,46,0,46,150
10/22/2006,BIS,ND,AGL,CE,Combined TRACON& Tower with Radar,6,16,10,0,32,0,0,28,11,39,6,16,38,11,71,30,0,30,101
10/23/2006,BIS,ND,AGL,CE,Combined TRACON& Tower with Radar,8,32,41,3,84,0,0,51,23,74,8,32,92,26,158,42,8,50,208
10/24/2006,BIS,ND,AGL,CE,Combined TRACON& Tower with Radar,7,29,39,5,80,0,2,65,9,76,7,31,104,14,156,62,2,64,220
10/25/2006,BIS,ND,AGL,CE,Combined TRACON& Tower with Radar,9,31,41,3,84,0,4,40,4,48,9,35,81,7,132,32,2,34,166
10/26/2006,BIS,ND,AGL,CE,Combined TRACON& Tower with Radar,10,20,48,4,82,0,5,42,3,50,10,25,90,7,132,18,0,18,150
10/27/2006,BIS,ND,AGL,CE,Combined TRACON& Tower with Radar,7,17,32,0,56,0,0,37,5,42,7,17,69,5,98,22,2,24,122
10/28/2006,BIS,ND,AGL,CE,Combined TRACON& Tower with Radar,5,24,7,0,36,0,0,38,0,38,5,24,45,0,74,38,0,38,112
10/29/2006,BIS,ND,AGL,CE,Combined TRACON& Tower with Radar,7,14,12,0,33,0,4,37,1,42,7,18,49,1,75,38,0,38,113
10/30/2006,BIS,ND,AGL,CE,Combined TRACON& Tower with Radar,10,28,16,3,57,0,0,17,0,17,10,28,33,3,74,0,0,0,74
10/31/2006,BIS,ND,AGL,CE,Combined TRACON& Tower with Radar,8,35,26,2,71,0,4,25,2,31,8,39,51,4,102,52,2,54,156
11/01/2006,BIS,ND,AGL,CE,Combined TRACON& Tower with Radar,10,23,49,6,88,0,3,20,10,33,10,26,69,16,121,18,8,26,147
11/02/2006,BIS,ND,AGL,CE,Combined TRACON& Tower with Radar,9,25,56,10,100,0,4,38,6,48,9,29,94,16,148,50,2,52,200
11/03/2006,BIS,ND,AGL,CE,Combined TRACON& Tower with Radar,9,23,35,1,68,0,0,38,2,40,9,23,73,3,108,8,0,8,116
11/04/2006,BIS,ND,AGL,CE,Combined TRACON& Tower with Radar,7,15,11,0,33,0,4,71,8,83,7,19,82,8,116,64,4,68,184
11/05/2006,BIS,ND,AGL,CE,Combined TRACON& Tower with Radar,8,15,11,1,35,0,3,47,2,52,8,18,58,3,87,76,0,76,163
11/06/2006,BIS,ND,AGL,CE,Combined TRACON& Tower with Radar,12,22,24,7,65,0,3,57,11,71,12,25,81,18,136,10,18,28,164
11/07/2006,BIS,ND,AGL,CE,Combined TRACON& Tower with Radar,9,21,19,3,52,0,10,41,19,70,9,31,60,22,122,78,18,96,218
11/08/2006,BIS,ND,AGL,CE,Combined TRACON& Tower with Radar,12,16,33,2,63,0,4,14,4,22,12,20,47,6,85,0,0,0,85
11/09/2006,BIS,ND,AGL,CE,Combined TRACON& Tower with Radar,8,32,44,4,88,0,0,26,0,26,8,32,70,4,114,18,0,18,132
11/10/2006,BIS,ND,AGL,CE,Combined TRACON& Tower with Radar,11,19,14,0,44,0,0,21,0,21,11,19,35,0,65,36,0,36,101
11/11/2006,BIS,ND,AGL,CE,Combined TRACON& Tower with Radar,6,23,11,0,40,0,1,31,5,37,6,24,42,5,77,64,0,64,141
11/12/2006,BIS,ND,AGL,CE,Combined TRACON& Tower with Radar,10,9,8,0,27,0,2,21,2,25,10,11,29,2,52,46,0,46,98
11/13/2006,BIS,ND,AGL,CE,Combined TRACON& Tower with Radar,9,18,25,0,52,0,0,27,7,34,9,18,52,7,86,48,0,48,134
11/14/2006,BIS,ND,AGL,CE,Combined TRACON& Tower with Radar,9,29,38,3,79,0,2,23,14,39,9,31,61,17,118,42,24,66,184
11/15/2006,BIS,ND,AGL,CE,Combined TRACON& Tower with Radar,12,30,34,4,80,0,2,39,10,51,12,32,73,14,131,71,9,80,211
11/16/2006,BIS,ND,AGL,CE,Combined TRACON& Tower with Radar,10,23,33,5,71,0,5,44,19,68,10,28,77,24,139,22,6,28,167
11/17/2006,BIS,ND,AGL,CE,Combined TRACON& Tower with Radar,11,18,18,5,52,0,1,54,3,58,11,19,72,8,110,48,0,48,158
11/18/2006,BIS,ND,AGL,CE,Combined TRACON& Tower with Radar,8,23,13,1,45,0,7,33,8,48,8,30,46,9,93,52,0,52,145
11/19/2006,BIS,ND,AGL,CE,Combined TRACON& Tower with Radar,7,9,11,4,31,0,10,23,0,33,7,19,34,4,64,64,4,68,132
11/20/2006,BIS,ND,AGL,CE,Combined TRACON& Tower with Radar,12,14,24,5,55,0,7,43,0,50,12,21,67,5,105,36,2,38,143
11/21/2006,BIS,ND,AGL,CE,Combined TRACON& Tower with Radar,9,25,28,8,70,0,2,50,11,63,9,27,78,19,133,51,26,77,210
11/22/2006,BIS,ND,AGL,CE,Combined TRACON& Tower with Radar,11,26,18,0,55,0,0,45,2,47,11,26,63,2,102,54,8,62,164
11/23/2006,BIS,ND,AGL,CE,Combined TRACON& Tower with Radar,4,8,2,0,14,0,0,10,0,10,4,8,12,0,24,2,0,2,26
11/24/2006,BIS,ND,AGL,CE,Combined TRACON& Tower with Radar,6,19,9,0,34,0,2,34,0,36,6,21,43,0,70,68,0,68,138
11/25/2006,BIS,ND,AGL,CE,Combined TRACON& Tower with Radar,6,18,8,3,35,0,4,24,2,30,6,22,32,5,65,40,0,40,105
11/26/2006,BIS,ND,AGL,CE,Combined TRACON& Tower with Radar,8,12,10,0,30,0,5,22,0,27,8,17,32,0,57,32,0,32,89
11/27/2006,BIS,ND,AGL,CE,Combined TRACON& Tower with Radar,11,15,28,0,54,0,7,6,0,13,11,22,34,0,67,4,0,4,71
11/28/2006,BIS,ND,AGL,CE,Combined TRACON& Tower with Radar,10,30,26,1,67,0,2,11,1,14,10,32,37,2,81,0,0,0,81
11/29/2006,BIS,ND,AGL,CE,Combined TRACON& Tower with Radar,11,23,40,0,74,0,5,26,2,33,11,28,66,2,107,2,0,2,109
11/30/2006,BIS,ND,AGL,CE,Combined TRACON& Tower with Radar,9,28,27,3,67,0,6,33,13,52,9,34,60,16,119,4,4,8,127
12/01/2006,BIS,ND,AGL,CE,Combined TRACON& Tower with Radar,9,18,30,1,58,0,0,14,7,21,9,18,44,8,79,32,0,32,111
12/02/2006,BIS,ND,AGL,CE,Combined TRACON& Tower with Radar,9,16,8,0,33,0,2,2,7,11,9,18,10,7,44,0,0,0,44
12/03/2006,BIS,ND,AGL,CE,Combined TRACON& Tower with Radar,8,14,7,2,31,0,0,8,2,10,8,14,15,4,41,0,0,0,41
12/04/2006,BIS,ND,AGL,CE,Combined TRACON& Tower with Radar,11,24,31,10,76,0,4,27,4,35,11,28,58,14,111,74,14,88,199
12/05/2006,BIS,ND,AGL,CE,Combined TRACON& Tower with Radar,10,25,36,5,76,0,10,31,1,42,10,35,67,6,118,14,28,42,160
12/06/2006,BIS,ND,AGL,CE,Combined TRACON& Tower with Radar,13,23,44,2,82,0,9,25,8,42,13,32,69,10,124,20,8,28,152
12/07/2006,BIS,ND,AGL,CE,Combined TRACON& Tower with Radar,7,20,32,4,63,0,3,26,4,33,7,23,58,8,96,12,2,14,110
12/08/2006,BIS,ND,AGL,CE,Combined TRACON& Tower with Radar,11,18,22,2,53,0,0,47,3,50,11,18,69,5,103,55,4,59,162
12/09/2006,BIS,ND,AGL,CE,Combined TRACON& Tower with Radar,10,18,9,7,44,0,4,33,2,39,10,22,42,9,83,48,6,54,137
12/10/2006,BIS,ND,AGL,CE,Combined TRACON& Tower with Radar,8,14,8,0,30,0,3,30,0,33,8,17,38,0,63,64,0,64,127
12/11/2006,BIS,ND,AGL,CE,Combined TRACON& Tower with Radar,10,23,39,2,74,0,0,10,0,10,10,23,49,2,84,0,0,0,84
12/12/2006,BIS,ND,AGL,CE,Combined TRACON& Tower with Radar,10,27,33,6,76,0,10,22,6,38,10,37,55,12,114,2,6,8,122
12/13/2006,BIS,ND,AGL,CE,Combined TRACON& Tower with Radar,12,25,40,5,82,0,4,38,12,54,12,29,78,17,136,28,10,38,174
12/14/2006,BIS,ND,AGL,CE,Combined TRACON& Tower with Radar,8,20,25,6,59,0,4,19,0,23,8,24,44,6,82,30,16,46,128
12/15/2006,BIS,ND,AGL,CE,Combined TRACON& Tower with Radar,7,20,27,5,59,0,1,26,0,27,7,21,53,5,86,24,2,26,112
12/16/2006,BIS,ND,AGL,CE,Combined TRACON& Tower with Radar,11,27,20,0,58,0,0,20,0,20,11,27,40,0,78,38,0,38,116
12/17/2006,BIS,ND,AGL,CE,Combined TRACON& Tower with Radar,9,9,10,2,30,0,3,27,0,30,9,12,37,2,60,70,0,70,130
12/18/2006,BIS,ND,AGL,CE,Combined TRACON& Tower with Radar,13,19,34,0,66,0,3,32,12,47,13,22,66,12,113,96,8,104,217
12/19/2006,BIS,ND,AGL,CE,Combined TRACON& Tower with Radar,8,33,41,4,86,0,11,65,7,83,8,44,106,11,169,74,6,80,249
12/20/2006,BIS,ND,AGL,CE,Combined TRACON& Tower with Radar,7,23,35,3,68,0,9,49,7,65,7,32,84,10,133,32,4,36,169
12/21/2006,BIS,ND,AGL,CE,Combined TRACON& Tower with Radar,3,23,38,0,64,0,7,33,4,44,3,30,71,4,108,36,0,36,144
12/22/2006,BIS,ND,AGL,CE,Combined TRACON& Tower with Radar,6,24,22,0,52,0,3,31,3,37,6,27,53,3,89,50,0,50,139
12/23/2006,BIS,ND,AGL,CE,Combined TRACON& Tower with Radar,8,25,23,2,58,0,0,29,0,29,8,25,52,2,87,44,2,46,133
12/24/2006,BIS,ND,AGL,CE,Combined TRACON& Tower with Radar,6,14,5,0,25,0,0,0,0,0,6,14,5,0,25,0,0,0,25
12/25/2006,BIS,ND,AGL,CE,Combined TRACON& Tower with Radar,5,15,2,0,22,1,0,16,2,19,6,15,18,2,41,28,20,48,89
12/26/2006,BIS,ND,AGL,CE,Combined TRACON& Tower with Radar,6,19,7,4,36,0,3,34,2,39,6,22,41,6,75,64,10,74,149
12/27/2006,BIS,ND,AGL,CE,Combined TRACON& Tower with Radar,7,23,19,2,51,0,1,38,7,46,7,24,57,9,97,24,14,38,135
12/28/2006,BIS,ND,AGL,CE,Combined TRACON& Tower with Radar,6,20,12,4,42,0,3,14,13,30,6,23,26,17,72,24,20,44,116
12/29/2006,BIS,ND,AGL,CE,Combined TRACON& Tower with Radar,4,20,11,7,42,0,4,0,0,4,4,24,11,7,46,2,12,14,60
12/30/2006,BIS,ND,AGL,CE,Combined TRACON& Tower with Radar,9,13,0,0,22,0,0,0,0,0,9,13,0,0,22,0,0,0,22
12/31/2006,BIS,ND,AGL,CE,Combined TRACON& Tower with Radar,7,14,1,0,22,0,2,8,0,10,7,16,9,0,32,0,0,0,32
01/01/2007,BIS,ND,AGL,CE,Combined TRACON& Tower with Radar,6,11,4,0,21,0,0,34,0,34,6,11,38,0,55,26,0,26,81
01/02/2007,BIS,ND,AGL,CE,Combined TRACON& Tower with Radar,5,21,14,0,40,0,10,35,2,47,5,31,49,2,87,16,0,16,103
01/03/2007,BIS,ND,AGL,CE,Combined TRACON& Tower with Radar,7,22,26,2,57,0,6,40,0,46,7,28,66,2,103,38,0,38,141
01/04/2007,BIS,ND,AGL,CE,Combined TRACON& Tower with Radar,8,21,25,6,60,0,4,22,0,26,8,25,47,6,86,20,10,30,116
01/05/2007,BIS,ND,AGL,CE,Combined TRACON& Tower with Radar,9,25,22,1,57,0,0,37,4,41,9,25,59,5,98,28,6,34,132
01/06/2007,BIS,ND,AGL,CE,Combined TRACON& Tower with Radar,7,22,9,0,38,0,3,12,4,19,7,25,21,4,57,32,0,32,89
01/07/2007,BIS,ND,AGL,CE,Combined TRACON& Tower with Radar,5,14,6,1,26,0,1,0,0,1,5,15,6,1,27,42,2,44,71
01/08/2007,BIS,ND,AGL,CE,Combined TRACON& Tower with Radar,10,15,17,1,43,0,4,19,6,29,10,19,36,7,72,34,0,34,106
01/09/2007,BIS,ND,AGL,CE,Combined TRACON& Tower with Radar,9,22,39,2,72,0,8,43,11,62,9,30,82,13,134,19,0,19,153
01/10/2007,BIS,ND,AGL,CE,Combined TRACON& Tower with Radar,11,21,27,8,67,0,14,50,13,77,11,35,77,21,144,22,28,50,194
01/11/2007,BIS,ND,AGL,CE,Combined TRACON& Tower with Radar,9,22,37,6,74,0,7,3,0,10,9,29,40,6,84,0,4,4,88
01/12/2007,BIS,ND,AGL,CE,Combined TRACON& Tower with Radar,9,17,31,1,58,0,3,27,4,34,9,20,58,5,92,5,4,9,101
01/13/2007,BIS,ND,AGL,CE,Combined TRACON& Tower with Radar,10,18,2,0,30,0,7,25,0,32,10,25,27,0,62,38,0,38,100
01/14/2007,BIS,ND,AGL,CE,Combined TRACON& Tower with Radar,8,12,8,2,30,1,2,24,1,28,9,14,32,3,58,34,0,34,92
01/15/2007,BIS,ND,AGL,CE,Combined TRACON& Tower with Radar,8,21,33,2,64,0,7,44,1,52,8,28,77,3,116,0,0,0,116
01/16/2007,BIS,ND,AGL,CE,Combined TRACON& Tower with Radar,9,26,36,1,72,0,0,46,21,67,9,26,82,22,139,14,33,47,186
01/17/2007,BIS,ND,AGL,CE,Combined TRACON& Tower with Radar,12,21,28,3,64,0,17,34,23,74,12,38,62,26,138,20,28,48,186
01/18/2007,BIS,ND,AGL,CE,Combined TRACON& Tower with Radar,7,25,33,7,72,0,7,17,30,54,7,32,50,37,126,18,0,18,144
01/19/2007,BIS,ND,AGL,CE,Combined TRACON& Tower with Radar,10,22,10,3,45,0,7,32,28,67,10,29,42,31,112,58,28,86,198
01/20/2007,BIS,ND,AGL,CE,Combined TRACON& Tower with Radar,11,22,12,1,46,0,6,35,29,70,11,28,47,30,116,60,46,106,222
01/21/2007,BIS,ND,AGL,CE,Combined TRACON& Tower with Radar,13,8,13,1,35,0,0,21,6,27,13,8,34,7,62,42,6,48,110
01/22/2007,BIS,ND,AGL,CE,Combined TRACON& Tower with Radar,10,24,31,0,65,0,4,24,3,31,10,28,55,3,96,18,0,18,114
01/23/2007,BIS,ND,AGL,CE,Combined TRACON& Tower with Radar,10,22,42,3,77,0,19,22,5,46,10,41,64,8,123,14,18,32,155
01/24/2007,BIS,ND,AGL,CE,Combined TRACON& Tower with Radar,11,21,43,0,75,0,9,35,7,51,11,30,78,7,126,64,8,72,198
01/25/2007,BIS,ND,AGL,CE,Combined TRACON& Tower with Radar,12,20,36,4,72,0,7,12,1,20,12,27,48,5,92,44,6,50,142
01/26/2007,BIS,ND,AGL,CE,Combined TRACON& Tower with Radar,10,20,23,2,55,0,0,19,3,22,10,20,42,5,77,0,2,2,79
01/27/2007,BIS,ND,AGL,CE,Combined TRACON& Tower with Radar,10,16,6,1,33,0,0,2,0,2,10,16,8,1,35,0,0,0,35
01/28/2007,BIS,ND,AGL,CE,Combined TRACON& Tower with Radar,8,10,12,2,32,0,2,26,1,29,8,12,38,3,61,88,0,88,149
01/29/2007,BIS,ND,AGL,CE,Combined TRACON& Tower with Radar,12,22,19,2,55,0,6,12,4,22,12,28,31,6,77,6,5,11,88
01/30/2007,BIS,ND,AGL,CE,Combined TRACON& Tower with Radar,9,27,28,14,78,0,14,61,13,88,9,41,89,27,166,72,0,72,238
01/31/2007,BIS,ND,AGL,CE,Combined TRACON& Tower with Radar,8,24,28,1,61,0,5,11,12,28,8,29,39,13,89,16,0,16,105
02/01/2007,BIS,ND,AGL,CE,Combined TRACON& Tower with Radar,8,27,31,4,70,0,2,12,4,18,8,29,43,8,88,0,0,0,88
02/02/2007,BIS,ND,AGL,CE,Combined TRACON& Tower with Radar,11,27,25,10,73,0,0,8,2,10,11,27,33,12,83,0,10,10,93
02/03/2007,BIS,ND,AGL,CE,Combined TRACON& Tower with Radar,7,16,7,3,33,0,4,32,5,41,7,20,39,8,74,24,4,28,102
02/04/2007,BIS,ND,AGL,CE,Combined TRACON& Tower with Radar,4,14,3,0,21,0,0,25,2,27,4,14,28,2,48,42,0,42,90
02/05/2007,BIS,ND,AGL,CE,Combined TRACON& Tower with Radar,9,25,24,1,59,0,3,28,5,36,9,28,52,6,95,2,0,2,97
02/06/2007,BIS,ND,AGL,CE,Combined TRACON& Tower with Radar,9,22,8,1,40,0,10,19,8,37,9,32,27,9,77,10,2,12,89
02/07/2007,BIS,ND,AGL,CE,Combined TRACON& Tower with Radar,9,30,24,4,67,0,2,34,9,45,9,32,58,13,112,0,0,0,112
02/08/2007,BIS,ND,AGL,CE,Combined TRACON& Tower with Radar,9,24,38,1,72,0,2,22,11,35,9,26,60,12,107,25,4,29,136
02/09/2007,BIS,ND,AGL,CE,Combined TRACON& Tower with Radar,10,19,18,1,48,0,3,29,10,42,10,22,47,11,90,2,0,2,92
02/10/2007,BIS,ND,AGL,CE,Combined TRACON& Tower with Radar,10,20,14,2,46,0,3,27,0,30,10,23,41,2,76,66,2,68,144
02/11/2007,BIS,ND,AGL,CE,Combined TRACON& Tower with Radar,8,9,5,1,23,0,8,44,7,59,8,17,49,8,82,76,4,80,162
02/12/2007,BIS,ND,AGL,CE,Combined TRACON& Tower with Radar,7,24,29,3,63,0,7,10,0,17,7,31,39,3,80,0,12,12,92
02/13/2007,BIS,ND,AGL,CE,Combined TRACON& Tower with Radar,10,25,30,0,65,0,15,45,6,66,10,40,75,6,131,44,12,56,187
02/14/2007,BIS,ND,AGL,CE,Combined TRACON& Tower with Radar,11,28,30,0,69,0,11,33,0,44,11,39,63,0,113,28,0,28,141
02/15/2007,BIS,ND,AGL,CE,Combined TRACON& Tower with Radar,11,23,30,5,69,0,5,30,6,41,11,28,60,11,110,8,0,8,118
02/16/2007,BIS,ND,AGL,CE,Combined TRACON& Tower with Radar,8,16,30,0,54,0,4,0,2,6,8,20,30,2,60,0,0,0,60
02/17/2007,BIS,ND,AGL,CE,Combined TRACON& Tower with Radar,7,20,5,0,32,0,2,22,2,26,7,22,27,2,58,64,4,68,126
02/18/2007,BIS,ND,AGL,CE,Combined TRACON& Tower with Radar,7,11,18,0,36,0,3,29,6,38,7,14,47,6,74,88,22,110,184
02/19/2007,BIS,ND,AGL,CE,Combined TRACON& Tower with Radar,11,14,25,0,50,0,12,48,2,62,11,26,73,2,112,76,2,78,190
02/20/2007,BIS,ND,AGL,CE,Combined TRACON& Tower with Radar,10,18,25,11,64,0,14,51,9,74,10,32,76,20,138,72,0,72,210
02/21/2007,BIS,ND,AGL,CE,Combined TRACON& Tower with Radar,10,20,36,1,67,0,2,17,10,29,10,22,53,11,96,8,2,10,106
02/22/2007,BIS,ND,AGL,CE,Combined TRACON& Tower with Radar,11,15,35,2,63,0,2,13,10,25,11,17,48,12,88,11,0,11,99
02/23/2007,BIS,ND,AGL,CE,Combined TRACON& Tower with Radar,9,18,29,0,56,0,9,6,0,15,9,27,35,0,71,0,10,10,81
02/24/2007,BIS,ND,AGL,CE,Combined TRACON& Tower with Radar,4,12,5,2,23,0,0,16,0,16,4,12,21,2,39,0,0,0,39
02/25/2007,BIS,ND,AGL,CE,Combined TRACON& Tower with Radar,4,8,7,1,20,0,0,8,0,8,4,8,15,1,28,0,0,0,28
02/26/2007,BIS,ND,AGL,CE,Combined TRACON& Tower with Radar,12,21,47,5,85,0,11,15,1,27,12,32,62,6,112,72,0,72,184
02/27/2007,BIS,ND,AGL,CE,Combined TRACON& Tower with Radar,8,32,47,0,87,0,8,34,0,42,8,40,81,0,129,38,0,38,167
02/28/2007,BIS,ND,AGL,CE,Combined TRACON& Tower with Radar,8,22,20,2,52,0,0,5,0,5,8,22,25,2,57,0,0,0,57
03/01/2007,BIS,ND,AGL,CE,Combined TRACON& Tower with Radar,4,18,30,1,53,0,3,10,0,13,4,21,40,1,66,0,0,0,66
03/02/2007,BIS,ND,AGL,CE,Combined TRACON& Tower with Radar,10,18,19,4,51,0,11,2,1,14,10,29,21,5,65,1,18,19,84
03/03/2007,BIS,ND,AGL,CE,Combined TRACON& Tower with Radar,7,24,7,5,43,0,12,25,8,45,7,36,32,13,88,54,24,78,166
03/04/2007,BIS,ND,AGL,CE,Combined TRACON& Tower with Radar,6,12,13,5,36,0,13,40,11,64,6,25,53,16,100,68,48,116,216
03/05/2007,BIS,ND,AGL,CE,Combined TRACON& Tower with Radar,10,20,33,0,63,0,5,13,3,21,10,25,46,3,84,12,0,12,96
03/06/2007,BIS,ND,AGL,CE,Combined TRACON& Tower with Radar,8,38,25,3,74,0,2,11,2,15,8,40,36,5,89,6,0,6,95
03/07/2007,BIS,ND,AGL,CE,Combined TRACON& Tower with Radar,11,24,37,0,72,0,0,0,0,0,11,24,37,0,72,0,0,0,72
03/08/2007,BIS,ND,AGL,CE,Combined TRACON& Tower with Radar,10,20,41,7,78,0,6,15,9,30,10,26,56,16,108,26,10,36,144
03/09/2007,BIS,ND,AGL,CE,Combined TRACON& Tower with Radar,14,26,22,0,62,0,6,46,6,58,14,32,68,6,120,30,0,30,150
03/10/2007,BIS,ND,AGL,CE,Combined TRACON& Tower with Radar,7,23,8,5,43,0,1,48,0,49,7,24,56,5,92,56,10,66,158
03/11/2007,BIS,ND,AGL,CE,Combined TRACON& Tower with Radar,4,14,8,0,26,0,0,20,5,25,4,14,28,5,51,80,14,94,145
03/12/2007,BIS,ND,AGL,CE,Combined TRACON& Tower with Radar,14,26,41,5,86,0,9,28,0,37,14,35,69,5,123,44,0,44,167
03/13/2007,BIS,ND,AGL,CE,Combined TRACON& Tower with Radar,9,21,35,0,65,0,0,52,11,63,9,21,87,11,128,76,24,100,228
03/14/2007,BIS,ND,AGL,CE,Combined TRACON& Tower with Radar,11,13,33,4,61,0,9,26,10,45,11,22,59,14,106,12,2,14,120
03/15/2007,BIS,ND,AGL,CE,Combined TRACON& Tower with Radar,10,17,26,5,58,0,3,25,4,32,10,20,51,9,90,18,6,24,114
03/16/2007,BIS,ND,AGL,CE,Combined TRACON& Tower with Radar,0,22,22,4,48,9,7,34,15,65,9,29,56,19,113,38,4,42,155
03/17/2007,BIS,ND,AGL,CE,Combined TRACON& Tower with Radar,6,20,2,1,29,0,2,27,5,34,6,22,29,6,63,40,10,50,113
03/18/2007,BIS,ND,AGL,CE,Combined TRACON& Tower with Radar,5,10,3,0,18,0,0,39,0,39,5,10,42,0,57,46,0,46,103
03/19/2007,BIS,ND,AGL,CE,Combined TRACON& Tower with Radar,11,16,25,1,53,0,4,57,0,61,11,20,82,1,114,62,30,92,206
03/20/2007,BIS,ND,AGL,CE,Combined TRACON& Tower with Radar,10,17,27,2,56,0,12,51,3,66,10,29,78,5,122,20,2,22,144
03/21/2007,BIS,ND,AGL,CE,Combined TRACON& Tower with Radar,11,19,31,1,62,0,7,30,4,41,11,26,61,5,103,4,0,4,107
03/22/2007,BIS,ND,AGL,CE,Combined TRACON& Tower with Radar,11,23,22,2,58,0,6,38,3,47,11,29,60,5,105,0,0,0,105
03/23/2007,BIS,ND,AGL,CE,Combined TRACON& Tower with Radar,9,18,28,4,59,0,5,38,3,46,9,23,66,7,105,50,6,56,161
03/24/2007,BIS,ND,AGL,CE,Combined TRACON& Tower with Radar,6,24,12,1,43,0,5,58,2,65,6,29,70,3,108,94,8,102,210
03/25/2007,BIS,ND,AGL,CE,Combined TRACON& Tower with Radar,8,12,5,2,27,0,2,19,2,23,8,14,24,4,50,68,0,68,118
03/26/2007,BIS,ND,AGL,CE,Combined TRACON& Tower with Radar,11,26,35,1,73,0,7,41,8,56,11,33,76,9,129,102,32,134,263
03/27/2007,BIS,ND,AGL,CE,Combined TRACON& Tower with Radar,9,28,31,2,70,0,1,30,4,35,9,29,61,6,105,4,2,6,111
03/28/2007,BIS,ND,AGL,CE,Combined TRACON& Tower with Radar,10,29,39,3,81,0,4,1,0,5,10,33,40,3,86,0,0,0,86
03/29/2007,BIS,ND,AGL,CE,Combined TRACON& Tower with Radar,13,18,22,5,58,0,6,7,2,15,13,24,29,7,73,6,0,6,79
03/30/2007,BIS,ND,AGL,CE,Combined TRACON& Tower with Radar,13,15,30,1,59,0,9,0,0,9,13,24,30,1,68,0,2,2,70
03/31/2007,BIS,ND,AGL,CE,Combined TRACON& Tower with Radar,6,24,7,10,47,0,1,10,0,11,6,25,17,10,58,8,18,26,84
04/01/2007,BIS,ND,AGL,CE,Combined TRACON& Tower with Radar,5,12,15,1,33,0,6,23,19,48,5,18,38,20,81,60,36,96,177
04/02/2007,BIS,ND,AGL,CE,Combined TRACON& Tower with Radar,12,18,17,6,53,0,5,42,6,53,12,23,59,12,106,14,12,26,132
04/03/2007,BIS,ND,AGL,CE,Combined TRACON& Tower with Radar,9,21,12,0,42,0,2,11,2,15,9,23,23,2,57,0,0,0,57
04/04/2007,BIS,ND,AGL,CE,Combined TRACON& Tower with Radar,13,21,32,0,66,0,7,24,6,37,13,28,56,6,103,52,0,52,155
04/05/2007,BIS,ND,AGL,CE,Combined TRACON& Tower with Radar,12,18,35,12,77,0,4,35,6,45,12,22,70,18,122,44,10,54,176
04/06/2007,BIS,ND,AGL,CE,Combined TRACON& Tower with Radar,12,22,11,0,45,0,6,32,0,38,12,28,43,0,83,18,0,18,101
04/07/2007,BIS,ND,AGL,CE,Combined TRACON& Tower with Radar,5,21,3,2,31,0,7,32,1,40,5,28,35,3,71,58,0,58,129
04/08/2007,BIS,ND,AGL,CE,Combined TRACON& Tower with Radar,7,13,4,1,25,0,6,43,0,49,7,19,47,1,74,112,12,124,198
04/09/2007,BIS,ND,AGL,CE,Combined TRACON& Tower with Radar,13,25,32,1,71,0,7,21,3,31,13,32,53,4,102,32,0,32,134
04/10/2007,BIS,ND,AGL,CE,Combined TRACON& Tower with Radar,10,21,22,1,54,0,5,9,1,15,10,26,31,2,69,0,0,0,69
04/11/2007,BIS,ND,AGL,CE,Combined TRACON& Tower with Radar,10,20,29,6,65,0,8,0,2,10,10,28,29,8,75,0,0,0,75
04/12/2007,BIS,ND,AGL,CE,Combined TRACON& Tower with Radar,10,20,29,2,61,0,8,24,11,43,10,28,53,13,104,50,0,50,154
04/13/2007,BIS,ND,AGL,CE,Combined TRACON& Tower with Radar,12,22,23,1,58,0,3,57,10,70,12,25,80,11,128,60,4,64,192
04/14/2007,BIS,ND,AGL,CE,Combined TRACON& Tower with Radar,5,22,12,2,41,0,3,39,7,49,5,25,51,9,90,54,0,54,144
04/15/2007,BIS,ND,AGL,CE,Combined TRACON& Tower with Radar,5,10,15,2,32,0,0,18,5,23,5,10,33,7,55,48,8,56,111
04/16/2007,BIS,ND,AGL,CE,Combined TRACON& Tower with Radar,11,14,26,5,56,0,5,28,3,36,11,19,54,8,92,37,4,41,133
04/17/2007,BIS,ND,AGL,CE,Combined TRACON& Tower with Radar,11,27,44,3,85,0,5,54,8,67,11,32,98,11,152,80,2,82,234
04/18/2007,BIS,ND,AGL,CE,Combined TRACON& Tower with Radar,8,22,42,6,78,0,2,25,5,32,8,24,67,11,110,26,2,28,138
04/19/2007,BIS,ND,AGL,CE,Combined TRACON& Tower with Radar,9,17,35,2,63,0,3,15,12,30,9,20,50,14,93,8,0,8,101
04/20/2007,BIS,ND,AGL,CE,Combined TRACON& Tower with Radar,10,16,26,4,56,0,6,40,7,53,10,22,66,11,109,24,0,24,133
04/21/2007,BIS,ND,AGL,CE,Combined TRACON& Tower with Radar,6,22,6,2,36,0,0,10,0,10,6,22,16,2,46,44,2,46,92
04/22/2007,BIS,ND,AGL,CE,Combined TRACON& Tower with Radar,4,11,8,12,35,0,3,22,19,44,4,14,30,31,79,52,32,84,163
04/23/2007,BIS,ND,AGL,CE,Combined TRACON& Tower with Radar,11,28,20,1,60,0,6,37,17,60,11,34,57,18,120,78,22,100,220
04/24/2007,BIS,ND,AGL,CE,Combined TRACON& Tower with Radar,7,25,37,6,75,0,6,39,19,64,7,31,76,25,139,56,0,56,195
04/25/2007,BIS,ND,AGL,CE,Combined TRACON& Tower with Radar,9,19,21,3,52,0,0,42,8,50,9,19,63,11,102,17,0,17,119
04/26/2007,BIS,ND,AGL,CE,Combined TRACON& Tower with Radar,7,23,43,2,75,0,1,34,14,49,7,24,77,16,124,44,30,74,198
04/27/2007,BIS,ND,AGL,CE,Combined TRACON& Tower with Radar,10,22,39,5,76,0,3,26,3,32,10,25,65,8,108,54,4,58,166
04/28/2007,BIS,ND,AGL,CE,Combined TRACON& Tower with Radar,6,18,14,1,39,0,2,30,1,33,6,20,44,2,72,48,24,72,144
04/29/2007,BIS,ND,AGL,CE,Combined TRACON& Tower with Radar,6,14,10,1,31,0,4,26,1,31,6,18,36,2,62,26,1,27,89
04/30/2007,BIS,ND,AGL,CE,Combined TRACON& Tower with Radar,9,26,37,0,72,0,0,43,3,46,9,26,80,3,118,22,0,22,140
05/01/2007,BIS,ND,AGL,CE,Combined TRACON& Tower with Radar,9,29,35,8,81,0,13,52,2,67,9,42,87,10,148,24,4,28,176
05/02/2007,BIS,ND,AGL,CE,Combined TRACON& Tower with Radar,10,22,27,0,59,0,10,25,8,43,10,32,52,8,102,4,4,8,110
05/03/2007,BIS,ND,AGL,CE,Combined TRACON& Tower with Radar,10,20,19,0,49,0,11,16,4,31,10,31,35,4,80,2,0,2,82
05/04/2007,BIS,ND,AGL,CE,Combined TRACON& Tower with Radar,9,19,28,4,60,0,5,14,4,23,9,24,42,8,83,2,0,2,85
05/05/2007,BIS,ND,AGL,CE,Combined TRACON& Tower with Radar,5,16,8,2,31,0,0,0,0,0,5,16,8,2,31,0,0,0,31
05/06/2007,BIS,ND,AGL,CE,Combined TRACON& Tower with Radar,8,12,9,4,33,0,4,10,7,21,8,16,19,11,54,22,30,52,106
05/07/2007,BIS,ND,AGL,CE,Combined TRACON& Tower with Radar,11,15,31,2,59,0,19,65,4,88,11,34,96,6,147,64,4,68,215
05/08/2007,BIS,ND,AGL,CE,Combined TRACON& Tower with Radar,12,30,25,2,69,0,0,90,20,110,12,30,115,22,179,113,0,113,292
05/09/2007,BIS,ND,AGL,CE,Combined TRACON& Tower with Radar,11,20,44,1,76,0,2,33,4,39,11,22,77,5,115,38,12,50,165
05/10/2007,BIS,ND,AGL,CE,Combined TRACON& Tower with Radar,9,23,37,6,75,0,3,29,12,44,9,26,66,18,119,28,0,28,147
05/11/2007,BIS,ND,AGL,CE,Combined TRACON& Tower with Radar,10,18,42,0,70,0,1,25,5,31,10,19,67,5,101,34,2,36,137
05/12/2007,BIS,ND,AGL,CE,Combined TRACON& Tower with Radar,4,18,14,0,36,0,2,24,1,27,4,20,38,1,63,32,0,32,95
05/13/2007,BIS,ND,AGL,CE,Combined TRACON& Tower with Radar,9,13,8,0,30,0,6,25,5,36,9,19,33,5,66,48,18,66,132
05/14/2007,BIS,ND,AGL,CE,Combined TRACON& Tower with Radar,11,18,26,8,63,0,4,3,0,7,11,22,29,8,70,6,12,18,88
05/15/2007,BIS,ND,AGL,CE,Combined TRACON& Tower with Radar,10,26,49,2,87,0,6,44,7,57,10,32,93,9,144,26,0,26,170
05/16/2007,BIS,ND,AGL,CE,Combined TRACON& Tower with Radar,10,20,33,2,65,0,2,31,4,37,10,22,64,6,102,72,0,72,174
05/17/2007,BIS,ND,AGL,CE,Combined TRACON& Tower with Radar,8,19,41,0,68,0,5,25,0,30,8,24,66,0,98,34,0,34,132
05/18/2007,BIS,ND,AGL,CE,Combined TRACON& Tower with Radar,11,16,27,2,56,0,11,51,3,65,11,27,78,5,121,52,0,52,173
05/19/2007,BIS,ND,AGL,CE,Combined TRACON& Tower with Radar,5,14,7,4,30,0,0,6,0,6,5,14,13,4,36,2,2,4,40
05/20/2007,BIS,ND,AGL,CE,Combined TRACON& Tower with Radar,8,13,16,5,42,0,0,24,18,42,8,13,40,23,84,8,16,24,108
05/21/2007,BIS,ND,AGL,CE,Combined TRACON& Tower with Radar,11,21,29,1,62,0,12,33,6,51,11,33,62,7,113,86,2,88,201
05/22/2007,BIS,ND,AGL,CE,Combined TRACON& Tower with Radar,10,22,54,13,99,0,1,11,6,18,10,23,65,19,117,24,4,28,145
05/23/2007,BIS,ND,AGL,CE,Combined TRACON& Tower with Radar,10,20,43,1,74,0,4,22,14,40,10,24,65,15,114,10,0,10,124
05/24/2007,BIS,ND,AGL,CE,Combined TRACON& Tower with Radar,9,14,40,0,63,0,3,23,11,37,9,17,63,11,100,0,0,0,100
05/25/2007,BIS,ND,AGL,CE,Combined TRACON& Tower with Radar,11,24,12,0,47,0,0,6,3,9,11,24,18,3,56,10,0,10,66
05/26/2007,BIS,ND,AGL,CE,Combined TRACON& Tower with Radar,7,19,16,0,42,0,6,16,1,23,7,25,32,1,65,40,8,48,113
05/27/2007,BIS,ND,AGL,CE,Combined TRACON& Tower with Radar,8,10,17,0,35,0,8,41,2,51,8,18,58,2,86,96,0,96,182
05/28/2007,BIS,ND,AGL,CE,Combined TRACON& Tower with Radar,9,10,9,0,28,0,2,16,6,24,9,12,25,6,52,0,0,0,52
05/29/2007,BIS,ND,AGL,CE,Combined TRACON& Tower with Radar,9,16,26,1,52,0,10,37,13,60,9,26,63,14,112,72,2,74,186
05/30/2007,BIS,ND,AGL,CE,Combined TRACON& Tower with Radar,10,18,30,0,58,0,6,14,0,20,10,24,44,0,78,0,0,0,78
05/31/2007,BIS,ND,AGL,CE,Combined TRACON& Tower with Radar,11,20,41,4,76,1,6,19,8,34,12,26,60,12,110,8,2,10,120
06/01/2007,BIS,ND,AGL,CE,Combined TRACON& Tower with Radar,10,16,26,5,57,0,3,13,5,21,10,19,39,10,78,4,10,14,92
06/02/2007,BIS,ND,AGL,CE,Combined TRACON& Tower with Radar,7,20,13,1,41,0,2,24,2,28,7,22,37,3,69,76,0,76,145
06/03/2007,BIS,ND,AGL,CE,Combined TRACON& Tower with Radar,8,12,15,4,39,0,6,42,4,52,8,18,57,8,91,62,0,62,153
06/04/2007,BIS,ND,AGL,CE,Combined TRACON& Tower with Radar,11,18,29,1,59,0,7,23,2,32,11,25,52,3,91,48,2,50,141
06/05/2007,BIS,ND,AGL,CE,Combined TRACON& Tower with Radar,10,17,26,1,54,0,6,59,5,70,10,23,85,6,124,46,4,50,174
06/06/2007,BIS,ND,AGL,CE,Combined TRACON& Tower with Radar,8,18,34,9,69,0,4,21,1,26,8,22,55,10,95,26,0,26,121
06/07/2007,BIS,ND,AGL,CE,Combined TRACON& Tower with Radar,7,19,33,2,61,0,0,0,1,1,7,19,33,3,62,0,0,0,62
06/08/2007,BIS,ND,AGL,CE,Combined TRACON& Tower with Radar,9,19,27,2,57,0,8,32,3,43,9,27,59,5,100,24,0,24,124
06/09/2007,BIS,ND,AGL,CE,Combined TRACON& Tower with Radar,7,20,18,0,45,1,0,35,11,47,8,20,53,11,92,96,0,96,188
06/10/2007,BIS,ND,AGL,CE,Combined TRACON& Tower with Radar,10,7,13,4,34,0,8,40,2,50,10,15,53,6,84,100,35,135,219
06/11/2007,BIS,ND,AGL,CE,Combined TRACON& Tower with Radar,8,19,31,3,61,0,3,27,7,37,8,22,58,10,98,50,0,50,148
06/12/2007,BIS,ND,AGL,CE,Combined TRACON& Tower with Radar,10,24,35,0,69,0,6,30,6,42,10,30,65,6,111,44,0,44,155
06/13/2007,BIS,ND,AGL,CE,Combined TRACON& Tower with Radar,10,23,55,0,88,0,7,30,11,48,10,30,85,11,136,136,0,136,272
06/14/2007,BIS,ND,AGL,CE,Combined TRACON& Tower with Radar,9,23,44,6,82,0,0,40,6,46,9,23,84,12,128,33,4,37,165
06/15/2007,BIS,ND,AGL,CE,Combined TRACON& Tower with Radar,11,22,32,0,65,0,4,20,17,41,11,26,52,17,106,34,0,34,140
06/16/2007,BIS,ND,AGL,CE,Combined TRACON& Tower with Radar,8,19,6,0,33,0,2,36,4,42,8,21,42,4,75,24,6,30,105
06/17/2007,BIS,ND,AGL,CE,Combined TRACON& Tower with Radar,10,14,9,0,33,0,4,5,5,14,10,18,14,5,47,10,2,12,59
06/18/2007,BIS,ND,AGL,CE,Combined TRACON& Tower with Radar,12,19,30,3,64,0,4,41,3,48,12,23,71,6,112,6,0,6,118
06/19/2007,BIS,ND,AGL,CE,Combined TRACON& Tower with Radar,10,17,21,4,52,0,7,59,9,75,10,24,80,13,127,50,0,50,177
06/20/2007,BIS,ND,AGL,CE,Combined TRACON& Tower with Radar,10,22,35,0,67,0,2,68,11,81,10,24,103,11,148,120,0,120,268
06/21/2007,BIS,ND,AGL,CE,Combined TRACON& Tower with Radar,9,26,26,7,68,0,3,31,7,41,9,29,57,14,109,26,10,36,145
06/22/2007,BIS,ND,AGL,CE,Combined TRACON& Tower with Radar,8,19,20,3,50,0,0,23,1,24,8,19,43,4,74,24,0,24,98
06/23/2007,BIS,ND,AGL,CE,Combined TRACON& Tower with Radar,7,20,8,0,35,0,0,40,0,40,7,20,48,0,75,32,0,32,107
06/24/2007,BIS,ND,AGL,CE,Combined TRACON& Tower with Radar,10,13,2,0,25,0,1,27,0,28,10,14,29,0,53,0,0,0,53
06/25/2007,BIS,ND,AGL,CE,Combined TRACON& Tower with Radar,9,30,29,3,71,0,0,20,10,30,9,30,49,13,101,30,0,30,131
06/26/2007,BIS,ND,AGL,CE,Combined TRACON& Tower with Radar,10,28,36,5,79,0,5,50,5,60,10,33,86,10,139,10,0,10,149
06/27/2007,BIS,ND,AGL,CE,Combined TRACON& Tower with Radar,9,23,55,4,91,0,4,33,2,39,9,27,88,6,130,55,4,59,189
06/28/2007,BIS,ND,AGL,CE,Combined TRACON& Tower with Radar,6,19,17,2,44,0,8,0,11,19,6,27,17,13,63,46,0,46,109
06/29/2007,BIS,ND,AGL,CE,Combined TRACON& Tower with Radar,9,21,24,1,55,0,0,12,8,20,9,21,36,9,75,26,2,28,103
06/30/2007,BIS,ND,AGL,CE,Combined TRACON& Tower with Radar,9,24,9,1,43,0,2,37,2,41,9,26,46,3,84,20,0,20,104
07/01/2007,BIS,ND,AGL,CE,Combined TRACON& Tower with Radar,9,11,9,1,30,0,9,42,0,51,9,20,51,1,81,46,0,46,127
07/02/2007,BIS,ND,AGL,CE,Combined TRACON& Tower with Radar,9,27,29,0,65,0,0,20,5,25,9,27,49,5,90,34,0,34,124
07/03/2007,BIS,ND,AGL,CE,Combined TRACON& Tower with Radar,8,26,17,0,51,0,3,36,2,41,8,29,53,2,92,32,0,32,124
07/04/2007,BIS,ND,AGL,CE,Combined TRACON& Tower with Radar,7,8,8,0,23,0,8,32,4,44,7,16,40,4,67,20,0,20,87
07/05/2007,BIS,ND,AGL,CE,Combined TRACON& Tower with Radar,5,16,25,0,46,0,2,56,2,60,5,18,81,2,106,54,0,54,160
07/06/2007,BIS,ND,AGL,CE,Combined TRACON& Tower with Radar,9,15,8,0,32,0,2,37,14,53,9,17,45,14,85,24,4,28,113
07/07/2007,BIS,ND,AGL,CE,Combined TRACON& Tower with Radar,6,20,9,0,35,0,0,25,2,27,6,20,34,2,62,56,0,56,118
07/08/2007,BIS,ND,AGL,CE,Combined TRACON& Tower with Radar,9,14,12,0,35,0,2,19,2,23,9,16,31,2,58,26,2,28,86
07/09/2007,BIS,ND,AGL,CE,Combined TRACON& Tower with Radar,10,16,24,3,53,0,2,32,7,41,10,18,56,10,94,16,8,24,118
07/10/2007,BIS,ND,AGL,CE,Combined TRACON& Tower with Radar,11,22,41,11,85,0,16,41,20,77,11,38,82,31,162,74,16,90,252
07/11/2007,BIS,ND,AGL,CE,Combined TRACON& Tower with Radar,11,24,30,3,68,0,2,52,9,63,11,26,82,12,131,42,6,48,179
07/12/2007,BIS,ND,AGL,CE,Combined TRACON& Tower with Radar,9,19,34,0,62,0,2,54,9,65,9,21,88,9,127,58,2,60,187
07/13/2007,BIS,ND,AGL,CE,Combined TRACON& Tower with Radar,10,23,40,0,73,0,2,48,5,55,10,25,88,5,128,80,0,80,208
07/14/2007,BIS,ND,AGL,CE,Combined TRACON& Tower with Radar,8,23,20,0,51,0,0,31,3,34,8,23,51,3,85,36,0,36,121
07/15/2007,BIS,ND,AGL,CE,Combined TRACON& Tower with Radar,9,15,15,0,39,0,4,48,0,52,9,19,63,0,91,12,0,12,103
07/16/2007,BIS,ND,AGL,CE,Combined TRACON& Tower with Radar,11,18,27,5,61,0,3,25,3,31,11,21,52,8,92,84,10,94,186
07/17/2007,BIS,ND,AGL,CE,Combined TRACON& Tower with Radar,9,24,36,5,74,0,2,28,5,35,9,26,64,10,109,46,14,60,169
07/18/2007,BIS,ND,AGL,CE,Combined TRACON& Tower with Radar,13,21,24,2,60,0,3,25,1,29,13,24,49,3,89,24,0,24,113
07/19/2007,BIS,ND,AGL,CE,Combined TRACON& Tower with Radar,9,17,24,2,52,0,4,41,4,49,9,21,65,6,101,38,0,38,139
07/20/2007,BIS,ND,AGL,CE,Combined TRACON& Tower with Radar,9,18,29,4,60,0,0,28,1,29,9,18,57,5,89,12,0,12,101
07/21/2007,BIS,ND,AGL,CE,Combined TRACON& Tower with Radar,8,24,17,0,49,0,2,21,2,25,8,26,38,2,74,50,2,52,126
07/22/2007,BIS,ND,AGL,CE,Combined TRACON& Tower with Radar,10,12,18,4,44,0,11,27,1,39,10,23,45,5,83,26,0,26,109
07/23/2007,BIS,ND,AGL,CE,Combined TRACON& Tower with Radar,11,25,37,0,73,0,12,47,8,67,11,37,84,8,140,42,12,54,194
07/24/2007,BIS,ND,AGL,CE,Combined TRACON& Tower with Radar,10,23,44,5,82,0,8,26,7,41,10,31,70,12,123,30,6,36,159
07/25/2007,BIS,ND,AGL,CE,Combined TRACON& Tower with Radar,11,22,42,3,78,0,2,26,0,28,11,24,68,3,106,14,0,14,120
07/26/2007,BIS,ND,AGL,CE,Combined TRACON& Tower with Radar,12,20,40,3,75,0,7,45,15,67,12,27,85,18,142,30,4,34,176
07/27/2007,BIS,ND,AGL,CE,Combined TRACON& Tower with Radar,12,26,33,0,71,0,5,46,18,69,12,31,79,18,140,46,4,50,190
07/28/2007,BIS,ND,AGL,CE,Combined TRACON& Tower with Radar,10,24,13,2,49,0,3,43,0,46,10,27,56,2,95,78,0,78,173
07/29/2007,BIS,ND,AGL,CE,Combined TRACON& Tower with Radar,9,12,14,0,35,0,0,25,4,29,9,12,39,4,64,8,0,8,72
07/30/2007,BIS,ND,AGL,CE,Combined TRACON& Tower with Radar,9,16,29,1,55,0,1,51,2,54,9,17,80,3,109,14,0,14,123
07/31/2007,BIS,ND,AGL,CE,Combined TRACON& Tower with Radar,10,20,33,1,64,0,4,43,6,53,10,24,76,7,117,14,6,20,137
08/01/2007,BIS,ND,AGL,CE,Combined TRACON& Tower with Radar,6,26,41,0,73,0,3,42,9,54,6,29,83,9,127,38,0,38,165
08/02/2007,BIS,ND,AGL,CE,Combined TRACON& Tower with Radar,4,26,45,2,77,0,1,44,11,56,4,27,89,13,133,66,6,72,205
08/03/2007,BIS,ND,AGL,CE,Combined TRACON& Tower with Radar,6,27,28,0,61,0,1,24,7,32,6,28,52,7,93,36,2,38,131
08/04/2007,BIS,ND,AGL,CE,Combined TRACON& Tower with Radar,2,24,19,0,45,0,1,33,1,35,2,25,52,1,80,36,0,36,116
08/05/2007,BIS,ND,AGL,CE,Combined TRACON& Tower with Radar,4,14,9,3,30,0,3,25,1,29,4,17,34,4,59,46,0,46,105
08/06/2007,BIS,ND,AGL,CE,Combined TRACON& Tower with Radar,6,23,30,6,65,0,0,19,0,19,6,23,49,6,84,24,0,24,108
08/07/2007,BIS,ND,AGL,CE,Combined TRACON& Tower with Radar,4,27,31,7,69,0,8,40,2,50,4,35,71,9,119,52,10,62,181
08/08/2007,BIS,ND,AGL,CE,Combined TRACON& Tower with Radar,6,22,34,2,64,0,3,12,5,20,6,25,46,7,84,28,4,32,116
08/09/2007,BIS,ND,AGL,CE,Combined TRACON& Tower with Radar,5,24,40,6,75,0,2,48,12,62,5,26,88,18,137,90,4,94,231
08/10/2007,BIS,ND,AGL,CE,Combined TRACON& Tower with Radar,6,26,16,0,48,0,2,36,5,43,6,28,52,5,91,34,0,34,125
08/11/2007,BIS,ND,AGL,CE,Combined TRACON& Tower with Radar,2,25,6,1,34,0,1,47,4,52,2,26,53,5,86,24,0,24,110
08/12/2007,BIS,ND,AGL,CE,Combined TRACON& Tower with Radar,6,19,5,2,32,0,0,44,0,44,6,19,49,2,76,8,0,8,84
08/13/2007,BIS,ND,AGL,CE,Combined TRACON& Tower with Radar,7,33,56,3,99,0,5,31,19,55,7,38,87,22,154,42,0,42,196
08/14/2007,BIS,ND,AGL,CE,Combined TRACON& Tower with Radar,4,27,41,2,74,0,4,33,8,45,4,31,74,10,119,56,9,65,184
08/15/2007,BIS,ND,AGL,CE,Combined TRACON& Tower with Radar,4,24,9,19,56,0,2,52,0,54,4,26,61,19,110,28,8,36,146
08/16/2007,BIS,ND,AGL,CE,Combined TRACON& Tower with Radar,6,25,23,12,66,0,1,38,12,51,6,26,61,24,117,28,6,34,151
08/17/2007,BIS,ND,AGL,CE,Combined TRACON& Tower with Radar,7,29,30,8,74,0,0,21,6,27,7,29,51,14,101,14,4,18,119
08/18/2007,BIS,ND,AGL,CE,Combined TRACON& Tower with Radar,2,20,12,6,40,0,3,0,5,8,2,23,12,11,48,0,0,0,48
08/19/2007,BIS,ND,AGL,CE,Combined TRACON& Tower with Radar,3,8,25,5,41,0,5,0,4,9,3,13,25,9,50,2,0,2,52
08/20/2007,BIS,ND,AGL,CE,Combined TRACON& Tower with Radar,7,19,32,4,62,0,0,18,1,19,7,19,50,5,81,2,0,2,83
08/21/2007,BIS,ND,AGL,CE,Combined TRACON& Tower with Radar,6,16,38,4,64,0,6,45,4,55,6,22,83,8,119,23,0,23,142
08/22/2007,BIS,ND,AGL,CE,Combined TRACON& Tower with Radar,10,27,42,2,81,0,8,42,4,54,10,35,84,6,135,18,2,20,155
08/23/2007,BIS,ND,AGL,CE,Combined TRACON& Tower with Radar,9,18,21,0,48,0,13,53,5,71,9,31,74,5,119,20,0,20,139
08/24/2007,BIS,ND,AGL,CE,Combined TRACON& Tower with Radar,8,20,27,2,57,0,3,54,2,59,8,23,81,4,116,44,14,58,174
08/25/2007,BIS,ND,AGL,CE,Combined TRACON& Tower with Radar,4,23,22,4,53,0,6,56,11,73,4,29,78,15,126,68,8,76,202
08/26/2007,BIS,ND,AGL,CE,Combined TRACON& Tower with Radar,6,12,14,8,40,0,4,22,4,30,6,16,36,12,70,0,26,26,96
08/27/2007,BIS,ND,AGL,CE,Combined TRACON& Tower with Radar,8,25,53,5,91,0,7,6,3,16,8,32,59,8,107,14,2,16,123
08/28/2007,BIS,ND,AGL,CE,Combined TRACON& Tower with Radar,8,24,33,6,71,0,0,35,9,44,8,24,68,15,115,58,10,68,183
08/29/2007,BIS,ND,AGL,CE,Combined TRACON& Tower with Radar,7,26,33,8,74,0,3,66,7,76,7,29,99,15,150,80,18,98,248
08/30/2007,BIS,ND,AGL,CE,Combined TRACON& Tower with Radar,6,22,41,2,71,0,6,48,10,64,6,28,89,12,135,87,16,103,238
08/31/2007,BIS,ND,AGL,CE,Combined TRACON& Tower with Radar,7,23,22,2,54,0,0,36,4,40,7,23,58,6,94,14,6,20,114
09/01/2007,BIS,ND,AGL,CE,Combined TRACON& Tower with Radar,4,20,2,0,26,0,0,27,0,27,4,20,29,0,53,14,0,14,67
09/02/2007,BIS,ND,AGL,CE,Combined TRACON& Tower with Radar,3,16,7,0,26,0,5,34,2,41,3,21,41,2,67,24,0,24,91
09/03/2007,BIS,ND,AGL,CE,Combined TRACON& Tower with Radar,8,19,29,0,56,0,6,17,3,26,8,25,46,3,82,34,0,34,116
09/04/2007,BIS,ND,AGL,CE,Combined TRACON& Tower with Radar,8,21,30,0,59,0,6,37,5,48,8,27,67,5,107,40,8,48,155
09/05/2007,BIS,ND,AGL,CE,Combined TRACON& Tower with Radar,5,25,27,4,61,0,0,36,14,50,5,25,63,18,111,44,8,52,163
09/06/2007,BIS,ND,AGL,CE,Combined TRACON& Tower with Radar,4,24,38,7,73,0,0,30,5,35,4,24,68,12,108,60,6,66,174
09/07/2007,BIS,ND,AGL,CE,Combined TRACON& Tower with Radar,6,27,38,5,76,0,0,40,3,43,6,27,78,8,119,20,0,20,139
09/08/2007,BIS,ND,AGL,CE,Combined TRACON& Tower with Radar,5,22,8,0,35,0,0,6,4,10,5,22,14,4,45,12,0,12,57
09/09/2007,BIS,ND,AGL,CE,Combined TRACON& Tower with Radar,5,16,8,6,35,0,2,24,5,31,5,18,32,11,66,56,0,56,122
09/10/2007,BIS,ND,AGL,CE,Combined TRACON& Tower with Radar,7,32,49,6,94,0,0,34,0,34,7,32,83,6,128,110,22,132,260
09/11/2007,BIS,ND,AGL,CE,Combined TRACON& Tower with Radar,5,24,32,2,63,0,9,77,10,96,5,33,109,12,159,96,0,96,255
09/12/2007,BIS,ND,AGL,CE,Combined TRACON& Tower with Radar,5,22,46,2,75,0,7,46,5,58,5,29,92,7,133,78,4,82,215
09/13/2007,BIS,ND,AGL,CE,Combined TRACON& Tower with Radar,4,24,35,6,69,0,3,27,22,52,4,27,62,28,121,8,20,28,149
09/14/2007,BIS,ND,AGL,CE,Combined TRACON& Tower with Radar,6,27,41,4,78,0,3,48,10,61,6,30,89,14,139,29,6,35,174
09/15/2007,BIS,ND,AGL,CE,Combined TRACON& Tower with Radar,4,22,9,2,37,0,3,39,5,47,4,25,48,7,84,36,6,42,126
09/16/2007,BIS,ND,AGL,CE,Combined TRACON& Tower with Radar,5,15,10,7,37,0,7,24,16,47,5,22,34,23,84,72,6,78,162
09/17/2007,BIS,ND,AGL,CE,Combined TRACON& Tower with Radar,7,23,36,4,70,0,3,45,8,56,7,26,81,12,126,52,6,58,184
09/18/2007,BIS,ND,AGL,CE,Combined TRACON& Tower with Radar,3,26,31,4,64,0,3,55,7,65,3,29,86,11,129,38,6,44,173
09/19/2007,BIS,ND,AGL,CE,Combined TRACON& Tower with Radar,5,25,35,1,66,0,7,52,7,66,5,32,87,8,132,18,0,18,150
09/20/2007,BIS,ND,AGL,CE,Combined TRACON& Tower with Radar,4,23,46,3,76,0,0,20,7,27,4,23,66,10,103,8,6,14,117
09/21/2007,BIS,ND,AGL,CE,Combined TRACON& Tower with Radar,5,28,30,5,68,0,0,25,0,25,5,28,55,5,93,16,0,16,109
09/22/2007,BIS,ND,AGL,CE,Combined TRACON& Tower with Radar,6,22,9,4,41,0,10,49,5,64,6,32,58,9,105,46,0,46,151
09/23/2007,BIS,ND,AGL,CE,Combined TRACON& Tower with Radar,5,18,8,2,33,0,4,25,0,29,5,22,33,2,62,12,0,12,74
09/24/2007,BIS,ND,AGL,CE,Combined TRACON& Tower with Radar,7,23,31,3,64,0,1,7,1,9,7,24,38,4,73,6,0,6,79
09/25/2007,BIS,ND,AGL,CE,Combined TRACON& Tower with Radar,5,28,40,0,73,0,6,48,3,57,5,34,88,3,130,30,0,30,160
09/26/2007,BIS,ND,AGL,CE,Combined TRACON& Tower with Radar,4,27,45,3,79,0,3,25,3,31,4,30,70,6,110,32,10,42,152
09/27/2007,BIS,ND,AGL,CE,Combined TRACON& Tower with Radar,5,30,50,5,90,0,2,55,11,68,5,32,105,16,158,30,4,34,192
09/28/2007,BIS,ND,AGL,CE,Combined TRACON& Tower with Radar,6,23,18,9,56,0,1,42,4,47,6,24,60,13,103,6,0,6,109
09/29/2007,BIS,ND,AGL,CE,Combined TRACON& Tower with Radar,4,21,9,2,36,0,4,36,3,43,4,25,45,5,79,12,8,20,99
09/30/2007,BIS,ND,AGL,CE,Combined TRACON& Tower with Radar,3,13,13,0,29,0,8,16,1,25,3,21,29,1,54,38,0,38,92
10/01/2007,BIS,ND,AGL,CE,Combined TRACON& Tower with Radar,6,28,37,1,72,0,4,59,0,63,6,32,96,1,135,30,0,30,165
10/02/2007,BIS,ND,AGL,CE,Combined TRACON& Tower with Radar,3,22,53,2,80,0,10,45,6,61,3,32,98,8,141,34,4,38,179
10/03/2007,BIS,ND,AGL,CE,Combined TRACON& Tower with Radar,8,26,34,0,68,0,5,39,8,52,8,31,73,8,120,40,0,40,160
10/04/2007,BIS,ND,AGL,CE,Combined TRACON& Tower with Radar,2,25,31,0,58,0,1,48,5,54,2,26,79,5,112,20,0,20,132
10/05/2007,BIS,ND,AGL,CE,Combined TRACON& Tower with Radar,7,27,41,0,75,0,4,8,1,13,7,31,49,1,88,0,0,0,88
10/06/2007,BIS,ND,AGL,CE,Combined TRACON& Tower with Radar,4,17,11,3,35,0,0,12,1,13,4,17,23,4,48,2,0,2,50
10/07/2007,BIS,ND,AGL,CE,Combined TRACON& Tower with Radar,5,16,3,0,24,0,0,14,1,15,5,16,17,1,39,18,0,18,57
10/08/2007,BIS,ND,AGL,CE,Combined TRACON& Tower with Radar,6,23,28,0,57,0,5,18,0,23,6,28,46,0,80,36,0,36,116
10/09/2007,BIS,ND,AGL,CE,Combined TRACON& Tower with Radar,5,31,36,6,78,0,0,36,16,52,5,31,72,22,130,36,16,52,182
10/10/2007,BIS,ND,AGL,CE,Combined TRACON& Tower with Radar,7,22,45,0,74,0,11,40,8,59,7,33,85,8,133,60,8,68,201
10/11/2007,BIS,ND,AGL,CE,Combined TRACON& Tower with Radar,2,23,44,0,69,0,1,23,23,47,2,24,67,23,116,14,10,24,140
10/12/2007,BIS,ND,AGL,CE,Combined TRACON& Tower with Radar,9,29,48,3,89,0,0,38,2,40,9,29,86,5,129,28,12,40,169
10/13/2007,BIS,ND,AGL,CE,Combined TRACON& Tower with Radar,4,18,8,0,30,0,0,12,0,12,4,18,20,0,42,16,0,16,58
10/14/2007,BIS,ND,AGL,CE,Combined TRACON& Tower with Radar,4,19,30,0,53,0,1,39,0,40,4,20,69,0,93,62,0,62,155
10/15/2007,BIS,ND,AGL,CE,Combined TRACON& Tower with Radar,8,32,49,16,105,0,2,36,10,48,8,34,85,26,153,66,40,106,259
10/16/2007,BIS,ND,AGL,CE,Combined TRACON& Tower with Radar,4,26,50,5,85,0,1,5,2,8,4,27,55,7,93,2,8,10,103
10/17/2007,BIS,ND,AGL,CE,Combined TRACON& Tower with Radar,4,30,45,6,85,0,1,16,0,17,4,31,61,6,102,4,4,8,110
10/18/2007,BIS,ND,AGL,CE,Combined TRACON& Tower with Radar,2,34,45,8,89,0,2,10,11,23,2,36,55,19,112,0,24,24,136
10/19/2007,BIS,ND,AGL,CE,Combined TRACON& Tower with Radar,4,43,32,3,82,0,0,46,8,54,4,43,78,11,136,20,0,20,156
10/20/2007,BIS,ND,AGL,CE,Combined TRACON& Tower with Radar,6,22,11,0,39,0,14,35,28,77,6,36,46,28,116,44,12,56,172
10/21/2007,BIS,ND,AGL,CE,Combined TRACON& Tower with Radar,4,22,14,0,40,0,5,24,8,37,4,27,38,8,77,20,10,30,107
10/22/2007,BIS,ND,AGL,CE,Combined TRACON& Tower with Radar,6,29,33,2,70,0,2,30,2,34,6,31,63,4,104,56,0,56,160
10/23/2007,BIS,ND,AGL,CE,Combined TRACON& Tower with Radar,4,33,32,1,70,0,10,65,4,79,4,43,97,5,149,33,0,33,182
10/24/2007,BIS,ND,AGL,CE,Combined TRACON& Tower with Radar,7,27,42,9,85,0,8,45,1,54,7,35,87,10,139,14,0,14,153
10/25/2007,BIS,ND,AGL,CE,Combined TRACON& Tower with Radar,2,24,23,2,51,0,4,41,7,52,2,28,64,9,103,14,0,14,117
10/26/2007,BIS,ND,AGL,CE,Combined TRACON& Tower with Radar,8,24,31,1,64,0,2,44,3,49,8,26,75,4,113,18,0,18,131
10/27/2007,BIS,ND,AGL,CE,Combined TRACON& Tower with Radar,6,19,9,0,34,0,5,25,3,33,6,24,34,3,67,38,0,38,105
10/28/2007,BIS,ND,AGL,CE,Combined TRACON& Tower with Radar,2,16,9,0,27,0,3,44,1,48,2,19,53,1,75,72,0,72,147
10/29/2007,BIS,ND,AGL,CE,Combined TRACON& Tower with Radar,9,26,55,2,92,0,5,39,17,61,9,31,94,19,153,0,0,0,153
10/30/2007,BIS,ND,AGL,CE,Combined TRACON& Tower with Radar,6,39,47,0,92,0,9,43,18,70,6,48,90,18,162,44,0,44,206
10/31/2007,BIS,ND,AGL,CE,Combined TRACON& Tower with Radar,7,39,44,3,93,0,7,44,18,69,7,46,88,21,162,52,8,60,222
11/01/2007,BIS,ND,AGL,CE,Combined TRACON& Tower with Radar,3,26,39,4,72,0,2,33,5,40,3,28,72,9,112,40,0,40,152
11/02/2007,BIS,ND,AGL,CE,Combined TRACON& Tower with Radar,3,29,40,0,72,0,0,37,6,43,3,29,77,6,115,8,0,8,123
11/03/2007,BIS,ND,AGL,CE,Combined TRACON& Tower with Radar,3,22,11,3,39,0,2,22,5,29,3,24,33,8,68,54,0,54,122
11/04/2007,BIS,ND,AGL,CE,Combined TRACON& Tower with Radar,7,14,13,0,34,0,6,30,9,45,7,20,43,9,79,48,0,48,127
11/05/2007,BIS,ND,AGL,CE,Combined TRACON& Tower with Radar,10,25,35,8,78,0,2,31,0,33,10,27,66,8,111,6,4,10,121
11/06/2007,BIS,ND,AGL,CE,Combined TRACON& Tower with Radar,7,23,27,2,59,0,9,53,12,74,7,32,80,14,133,16,12,28,161
11/07/2007,BIS,ND,AGL,CE,Combined TRACON& Tower with Radar,9,20,28,1,58,0,10,27,2,39,9,30,55,3,97,40,0,40,137
11/08/2007,BIS,ND,AGL,CE,Combined TRACON& Tower with Radar,7,26,53,0,86,0,3,21,4,28,7,29,74,4,114,0,0,0,114
11/09/2007,BIS,ND,AGL,CE,Combined TRACON& Tower with Radar,8,19,29,2,58,0,2,18,2,22,8,21,47,4,80,6,0,6,86
11/10/2007,BIS,ND,AGL,CE,Combined TRACON& Tower with Radar,7,23,13,0,43,0,2,32,0,34,7,25,45,0,77,78,18,96,173
11/11/2007,BIS,ND,AGL,CE,Combined TRACON& Tower with Radar,7,14,6,0,27,0,2,18,0,20,7,16,24,0,47,2,0,2,49
11/12/2007,BIS,ND,AGL,CE,Combined TRACON& Tower with Radar,10,17,23,0,50,0,6,36,0,42,10,23,59,0,92,52,0,52,144
11/13/2007,BIS,ND,AGL,CE,Combined TRACON& Tower with Radar,8,21,25,4,58,0,3,24,4,31,8,24,49,8,89,0,0,0,89
11/14/2007,BIS,ND,AGL,CE,Combined TRACON& Tower with Radar,8,29,30,4,71,0,2,25,11,38,8,31,55,15,109,8,4,12,121
11/15/2007,BIS,ND,AGL,CE,Combined TRACON& Tower with Radar,6,31,27,1,65,0,0,37,8,45,6,31,64,9,110,26,0,26,136
11/16/2007,BIS,ND,AGL,CE,Combined TRACON& Tower with Radar,8,27,22,0,57,0,2,43,5,50,8,29,65,5,107,30,0,30,137
11/17/2007,BIS,ND,AGL,CE,Combined TRACON& Tower with Radar,8,25,10,2,45,0,2,6,1,9,8,27,16,3,54,16,0,16,70
11/18/2007,BIS,ND,AGL,CE,Combined TRACON& Tower with Radar,9,15,8,0,32,0,5,17,2,24,9,20,25,2,56,24,0,24,80
11/19/2007,BIS,ND,AGL,CE,Combined TRACON& Tower with Radar,9,24,35,0,68,0,3,32,1,36,9,27,67,1,104,48,0,48,152
11/20/2007,BIS,ND,AGL,CE,Combined TRACON& Tower with Radar,8,26,41,0,75,0,0,28,8,36,8,26,69,8,111,28,0,28,139
11/21/2007,BIS,ND,AGL,CE,Combined TRACON& Tower with Radar,8,26,26,3,63,0,2,37,4,43,8,28,63,7,106,10,8,18,124
11/22/2007,BIS,ND,AGL,CE,Combined TRACON& Tower with Radar,6,7,2,0,15,0,1,4,0,5,6,8,6,0,20,0,0,0,20
11/23/2007,BIS,ND,AGL,CE,Combined TRACON& Tower with Radar,4,19,12,0,35,0,0,9,0,9,4,19,21,0,44,6,0,6,50
11/24/2007,BIS,ND,AGL,CE,Combined TRACON& Tower with Radar,8,22,6,0,36,0,0,18,0,18,8,22,24,0,54,16,0,16,70
11/25/2007,BIS,ND,AGL,CE,Combined TRACON& Tower with Radar,8,18,9,0,35,0,0,18,0,18,8,18,27,0,53,8,0,8,61
11/26/2007,BIS,ND,AGL,CE,Combined TRACON& Tower with Radar,9,20,45,4,78,0,9,34,10,53,9,29,79,14,131,18,14,32,163
11/27/2007,BIS,ND,AGL,CE,Combined TRACON& Tower with Radar,8,26,27,0,61,0,3,31,7,41,8,29,58,7,102,23,23,46,148
11/28/2007,BIS,ND,AGL,CE,Combined TRACON& Tower with Radar,9,26,56,0,91,0,12,20,7,39,9,38,76,7,130,10,0,10,140
11/29/2007,BIS,ND,AGL,CE,Combined TRACON& Tower with Radar,8,26,45,2,81,0,6,32,7,45,8,32,77,9,126,18,2,20,146
11/30/2007,BIS,ND,AGL,CE,Combined TRACON& Tower with Radar,9,25,37,5,76,0,0,18,10,28,9,25,55,15,104,32,6,38,142
12/01/2007,BIS,ND,AGL,CE,Combined TRACON& Tower with Radar,5,18,10,0,33,0,0,0,0,0,5,18,10,0,33,0,0,0,33
12/02/2007,BIS,ND,AGL,CE,Combined TRACON& Tower with Radar,5,16,7,0,28,0,4,26,9,39,5,20,33,9,67,26,6,32,99
12/03/2007,BIS,ND,AGL,CE,Combined TRACON& Tower with Radar,9,18,37,1,65,0,5,32,4,41,9,23,69,5,106,44,2,46,152
12/04/2007,BIS,ND,AGL,CE,Combined TRACON& Tower with Radar,5,30,32,0,67,0,2,26,10,38,5,32,58,10,105,8,6,14,119
12/05/2007,BIS,ND,AGL,CE,Combined TRACON& Tower with Radar,8,25,38,8,79,0,5,24,3,32,8,30,62,11,111,0,0,0,111
12/06/2007,BIS,ND,AGL,CE,Combined TRACON& Tower with Radar,6,25,37,5,73,0,2,27,7,36,6,27,64,12,109,18,3,21,130
12/07/2007,BIS,ND,AGL,CE,Combined TRACON& Tower with Radar,4,29,38,1,72,0,0,21,9,30,4,29,59,10,102,24,4,28,130
12/08/2007,BIS,ND,AGL,CE,Combined TRACON& Tower with Radar,7,20,11,2,40,0,0,11,9,20,7,20,22,11,60,30,11,41,101
12/09/2007,BIS,ND,AGL,CE,Combined TRACON& Tower with Radar,4,14,13,5,36,0,4,32,9,45,4,18,45,14,81,20,10,30,111
12/10/2007,BIS,ND,AGL,CE,Combined TRACON& Tower with Radar,8,28,34,3,73,0,4,49,6,59,8,32,83,9,132,46,16,62,194
12/11/2007,BIS,ND,AGL,CE,Combined TRACON& Tower with Radar,6,30,41,5,82,0,0,32,12,44,6,30,73,17,126,26,8,34,160
12/12/2007,BIS,ND,AGL,CE,Combined TRACON& Tower with Radar,10,27,52,1,90,0,0,36,14,50,10,27,88,15,140,22,0,22,162
12/13/2007,BIS,ND,AGL,CE,Combined TRACON& Tower with Radar,7,24,27,6,64,0,1,14,13,28,7,25,41,19,92,2,2,4,96
12/14/2007,BIS,ND,AGL,CE,Combined TRACON& Tower with Radar,6,29,37,3,75,0,0,16,7,23,6,29,53,10,98,8,0,8,106
12/15/2007,BIS,ND,AGL,CE,Combined TRACON& Tower with Radar,7,20,15,2,44,0,3,35,20,58,7,23,50,22,102,92,22,114,216
12/16/2007,BIS,ND,AGL,CE,Combined TRACON& Tower with Radar,8,17,9,8,42,0,0,35,8,43,8,17,44,16,85,106,4,110,195
12/17/2007,BIS,ND,AGL,CE,Combined TRACON& Tower with Radar,8,32,32,3,75,0,10,37,8,55,8,42,69,11,130,38,14,52,182
12/18/2007,BIS,ND,AGL,CE,Combined TRACON& Tower with Radar,5,29,36,0,70,0,0,60,12,72,5,29,96,12,142,20,6,26,168
12/19/2007,BIS,ND,AGL,CE,Combined TRACON& Tower with Radar,7,35,36,8,86,0,5,45,13,63,7,40,81,21,149,2,10,12,161
12/20/2007,BIS,ND,AGL,CE,Combined TRACON& Tower with Radar,7,27,28,1,63,0,4,57,7,68,7,31,85,8,131,38,0,38,169
12/21/2007,BIS,ND,AGL,CE,Combined TRACON& Tower with Radar,7,26,19,7,59,0,3,16,5,24,7,29,35,12,83,0,2,2,85
12/22/2007,BIS,ND,AGL,CE,Combined TRACON& Tower with Radar,7,28,8,0,43,0,0,18,0,18,7,28,26,0,61,12,0,12,73
12/23/2007,BIS,ND,AGL,CE,Combined TRACON& Tower with Radar,2,14,1,0,17,0,0,12,0,12,2,14,13,0,29,24,0,24,53
12/24/2007,BIS,ND,AGL,CE,Combined TRACON& Tower with Radar,6,19,4,0,29,0,3,21,0,24,6,22,25,0,53,0,0,0,53
12/25/2007,BIS,ND,AGL,CE,Combined TRACON& Tower with Radar,3,16,1,0,20,0,0,6,0,6,3,16,7,0,26,2,0,2,28
12/26/2007,BIS,ND,AGL,CE,Combined TRACON& Tower with Radar,7,21,13,0,41,0,1,9,0,10,7,22,22,0,51,12,0,12,63
12/27/2007,BIS,ND,AGL,CE,Combined TRACON& Tower with Radar,6,19,13,0,38,0,3,2,0,5,6,22,15,0,43,0,0,0,43
12/28/2007,BIS,ND,AGL,CE,Combined TRACON& Tower with Radar,8,22,13,2,45,0,2,9,0,11,8,24,22,2,56,0,4,4,60
12/29/2007,BIS,ND,AGL,CE,Combined TRACON& Tower with Radar,6,21,2,0,29,0,0,32,0,32,6,21,34,0,61,20,0,20,81
12/30/2007,BIS,ND,AGL,CE,Combined TRACON& Tower with Radar,5,16,2,0,23,0,0,26,0,26,5,16,28,0,49,26,0,26,75
12/31/2007,BIS,ND,AGL,CE,Combined TRACON& Tower with Radar,8,28,22,0,58,0,2,20,0,22,8,30,42,0,80,20,0,20,100
01/01/2008,BIS,ND,AGL,CE,Combined TRACON& Tower with Radar,5,18,2,0,25,0,6,20,4,30,5,24,22,4,55,18,0,18,73
01/02/2008,BIS,ND,AGL,CE,Combined TRACON& Tower with Radar,6,18,20,0,44,0,5,29,1,35,6,23,49,1,79,20,0,20,99
01/03/2008,BIS,ND,AGL,CE,Combined TRACON& Tower with Radar,8,20,27,11,66,0,5,48,6,59,8,25,75,17,125,40,10,50,175
01/04/2008,BIS,ND,AGL,CE,Combined TRACON& Tower with Radar,8,24,28,8,68,0,2,23,5,30,8,26,51,13,98,24,0,24,122
01/05/2008,BIS,ND,AGL,CE,Combined TRACON& Tower with Radar,7,20,20,0,47,0,4,28,4,36,7,24,48,4,83,132,12,144,227
01/06/2008,BIS,ND,AGL,CE,Combined TRACON& Tower with Radar,4,13,4,0,21,0,0,25,6,31,4,13,29,6,52,88,6,94,146
01/07/2008,BIS,ND,AGL,CE,Combined TRACON& Tower with Radar,8,26,34,7,75,0,2,43,2,47,8,28,77,9,122,30,0,30,152
01/08/2008,BIS,ND,AGL,CE,Combined TRACON& Tower with Radar,7,21,29,4,61,0,4,60,9,73,7,25,89,13,134,18,8,26,160
01/09/2008,BIS,ND,AGL,CE,Combined TRACON& Tower with Radar,9,23,53,6,91,0,6,31,5,42,9,29,84,11,133,12,18,30,163
01/10/2008,BIS,ND,AGL,CE,Combined TRACON& Tower with Radar,5,24,47,4,80,0,1,19,2,22,5,25,66,6,102,26,0,26,128
01/11/2008,BIS,ND,AGL,CE,Combined TRACON& Tower with Radar,6,21,32,2,61,0,0,2,7,9,6,21,34,9,70,11,2,13,83
01/12/2008,BIS,ND,AGL,CE,Combined TRACON& Tower with Radar,3,15,11,5,34,0,0,16,22,38,3,15,27,27,72,62,18,80,152
01/13/2008,BIS,ND,AGL,CE,Combined TRACON& Tower with Radar,9,12,7,3,31,0,4,15,8,27,9,16,22,11,58,2,42,44,102
01/14/2008,BIS,ND,AGL,CE,Combined TRACON& Tower with Radar,9,27,27,13,76,0,10,15,0,25,9,37,42,13,101,0,6,6,107
01/15/2008,BIS,ND,AGL,CE,Combined TRACON& Tower with Radar,7,23,17,5,52,0,11,42,9,62,7,34,59,14,114,40,6,46,160
01/16/2008,BIS,ND,AGL,CE,Combined TRACON& Tower with Radar,8,18,31,1,58,0,0,23,8,31,8,18,54,9,89,28,2,30,119
01/17/2008,BIS,ND,AGL,CE,Combined TRACON& Tower with Radar,4,27,43,3,77,0,0,20,7,27,4,27,63,10,104,36,4,40,144
01/18/2008,BIS,ND,AGL,CE,Combined TRACON& Tower with Radar,5,21,27,5,58,0,2,22,3,27,5,23,49,8,85,16,2,18,103
01/19/2008,BIS,ND,AGL,CE,Combined TRACON& Tower with Radar,6,21,19,0,46,0,3,28,5,36,6,24,47,5,82,44,0,44,126
01/20/2008,BIS,ND,AGL,CE,Combined TRACON& Tower with Radar,7,11,14,0,32,0,4,6,0,10,7,15,20,0,42,28,0,28,70
01/21/2008,BIS,ND,AGL,CE,Combined TRACON& Tower with Radar,8,19,17,0,44,0,1,27,2,30,8,20,44,2,74,10,0,10,84
01/22/2008,BIS,ND,AGL,CE,Combined TRACON& Tower with Radar,7,20,35,4,66,0,3,20,3,26,7,23,55,7,92,22,0,22,114
01/23/2008,BIS,ND,AGL,CE,Combined TRACON& Tower with Radar,10,25,29,6,70,0,0,24,1,25,10,25,53,7,95,4,0,4,99
01/24/2008,BIS,ND,AGL,CE,Combined TRACON& Tower with Radar,6,25,24,2,57,0,5,34,14,53,6,30,58,16,110,26,6,32,142
01/25/2008,BIS,ND,AGL,CE,Combined TRACON& Tower with Radar,8,21,26,1,56,0,3,24,10,37,8,24,50,11,93,10,0,10,103
01/26/2008,BIS,ND,AGL,CE,Combined TRACON& Tower with Radar,7,22,7,2,38,0,0,25,10,35,7,22,32,12,73,86,18,104,177
01/27/2008,BIS,ND,AGL,CE,Combined TRACON& Tower with Radar,9,11,7,0,27,0,6,24,0,30,9,17,31,0,57,62,0,62,119
01/28/2008,BIS,ND,AGL,CE,Combined TRACON& Tower with Radar,8,23,34,2,67,0,10,18,10,38,8,33,52,12,105,8,0,8,113
01/29/2008,BIS,ND,AGL,CE,Combined TRACON& Tower with Radar,7,21,22,0,50,0,10,28,1,39,7,31,50,1,89,0,0,0,89
01/30/2008,BIS,ND,AGL,CE,Combined TRACON& Tower with Radar,9,22,25,0,56,0,3,28,11,42,9,25,53,11,98,30,0,30,128
01/31/2008,BIS,ND,AGL,CE,Combined TRACON& Tower with Radar,5,21,29,0,55,0,3,20,12,35,5,24,49,12,90,20,10,30,120
02/01/2008,BIS,ND,AGL,CE,Combined TRACON& Tower with Radar,8,18,21,13,60,0,9,15,6,30,8,27,36,19,90,4,14,18,108
02/02/2008,BIS,ND,AGL,CE,Combined TRACON& Tower with Radar,5,16,15,21,57,0,0,2,0,2,5,16,17,21,59,22,33,55,114
02/03/2008,BIS,ND,AGL,CE,Combined TRACON& Tower with Radar,7,15,7,1,30,0,0,0,0,0,7,15,7,1,30,0,0,0,30
02/04/2008,BIS,ND,AGL,CE,Combined TRACON& Tower with Radar,9,27,24,21,81,0,2,1,0,3,9,29,25,21,84,0,0,0,84
02/05/2008,BIS,ND,AGL,CE,Combined TRACON& Tower with Radar,7,23,27,2,59,0,7,25,18,50,7,30,52,20,109,4,12,16,125
02/06/2008,BIS,ND,AGL,CE,Combined TRACON& Tower with Radar,9,10,31,8,58,0,13,24,11,48,9,23,55,19,106,24,0,24,130
02/07/2008,BIS,ND,AGL,CE,Combined TRACON& Tower with Radar,7,21,28,0,56,0,8,38,7,53,7,29,66,7,109,2,10,12,121
02/08/2008,BIS,ND,AGL,CE,Combined TRACON& Tower with Radar,7,20,22,3,52,0,1,0,0,1,7,21,22,3,53,10,2,12,65
02/09/2008,BIS,ND,AGL,CE,Combined TRACON& Tower with Radar,5,17,3,0,25,0,0,2,0,2,5,17,5,0,27,2,0,2,29
02/10/2008,BIS,ND,AGL,CE,Combined TRACON& Tower with Radar,7,12,3,0,22,0,4,6,2,12,7,16,9,2,34,0,0,0,34
02/11/2008,BIS,ND,AGL,CE,Combined TRACON& Tower with Radar,9,19,27,0,55,0,9,12,2,23,9,28,39,2,78,0,0,0,78
02/12/2008,BIS,ND,AGL,CE,Combined TRACON& Tower with Radar,6,24,36,0,66,1,6,40,4,51,7,30,76,4,117,6,0,6,123
02/13/2008,BIS,ND,AGL,CE,Combined TRACON& Tower with Radar,8,28,28,1,65,0,0,7,2,9,8,28,35,3,74,0,0,0,74
02/14/2008,BIS,ND,AGL,CE,Combined TRACON& Tower with Radar,8,21,28,0,57,0,0,12,0,12,8,21,40,0,69,0,0,0,69
02/15/2008,BIS,ND,AGL,CE,Combined TRACON& Tower with Radar,10,25,20,7,62,0,1,22,1,24,10,26,42,8,86,8,18,26,112
02/16/2008,BIS,ND,AGL,CE,Combined TRACON& Tower with Radar,7,22,16,0,45,0,2,2,1,5,7,24,18,1,50,34,0,34,84
02/17/2008,BIS,ND,AGL,CE,Combined TRACON& Tower with Radar,9,11,9,0,29,0,0,21,4,25,9,11,30,4,54,26,0,26,80
02/18/2008,BIS,ND,AGL,CE,Combined TRACON& Tower with Radar,9,24,26,0,59,0,7,36,5,48,9,31,62,5,107,82,0,82,189
02/19/2008,BIS,ND,AGL,CE,Combined TRACON& Tower with Radar,7,20,25,4,56,0,3,29,16,48,7,23,54,20,104,16,22,38,142
02/20/2008,BIS,ND,AGL,CE,Combined TRACON& Tower with Radar,7,17,39,6,69,0,9,19,3,31,7,26,58,9,100,32,0,32,132
02/21/2008,BIS,ND,AGL,CE,Combined TRACON& Tower with Radar,6,25,26,14,71,0,0,38,12,50,6,25,64,26,121,16,22,38,159
02/22/2008,BIS,ND,AGL,CE,Combined TRACON& Tower with Radar,9,26,15,3,53,0,1,30,3,34,9,27,45,6,87,22,20,42,129
02/23/2008,BIS,ND,AGL,CE,Combined TRACON& Tower with Radar,7,20,19,0,46,0,12,24,1,37,7,32,43,1,83,62,0,62,145
02/24/2008,BIS,ND,AGL,CE,Combined TRACON& Tower with Radar,10,15,5,2,32,0,4,29,0,33,10,19,34,2,65,62,0,62,127
02/25/2008,BIS,ND,AGL,CE,Combined TRACON& Tower with Radar,9,21,36,3,69,0,17,27,3,47,9,38,63,6,116,10,4,14,130
02/26/2008,BIS,ND,AGL,CE,Combined TRACON& Tower with Radar,9,20,38,6,73,0,6,22,15,43,9,26,60,21,116,18,14,32,148
02/27/2008,BIS,ND,AGL,CE,Combined TRACON& Tower with Radar,9,24,42,4,79,0,7,24,1,32,9,31,66,5,111,44,0,44,155
02/28/2008,BIS,ND,AGL,CE,Combined TRACON& Tower with Radar,10,28,33,5,76,0,6,6,4,16,10,34,39,9,92,0,0,0,92
02/29/2008,BIS,ND,AGL,CE,Combined TRACON& Tower with Radar,11,23,30,17,81,0,0,40,0,40,11,23,70,17,121,34,16,50,171
03/01/2008,BIS,ND,AGL,CE,Combined TRACON& Tower with Radar,10,22,11,11,54,0,4,56,24,84,10,26,67,35,138,74,26,100,238
03/02/2008,BIS,ND,AGL,CE,Combined TRACON& Tower with Radar,6,9,5,0,20,0,8,15,4,27,6,17,20,4,47,2,4,6,53
03/03/2008,BIS,ND,AGL,CE,Combined TRACON& Tower with Radar,10,23,15,2,50,0,15,59,8,82,10,38,74,10,132,20,10,30,162
03/04/2008,BIS,ND,AGL,CE,Combined TRACON& Tower with Radar,7,20,32,1,60,0,11,32,0,43,7,31,64,1,103,2,0,2,105
03/05/2008,BIS,ND,AGL,CE,Combined TRACON& Tower with Radar,9,20,42,3,74,0,3,9,5,17,9,23,51,8,91,10,2,12,103
03/06/2008,BIS,ND,AGL,CE,Combined TRACON& Tower with Radar,8,25,34,6,73,80,1,13,13,107,88,26,47,19,180,48,0,48,228
03/07/2008,BIS,ND,AGL,CE,Combined TRACON& Tower with Radar,5,25,16,2,48,0,4,42,0,46,5,29,58,2,94,18,2,20,114
03/08/2008,BIS,ND,AGL,CE,Combined TRACON& Tower with Radar,7,23,3,0,33,0,2,8,0,10,7,25,11,0,43,0,0,0,43
03/09/2008,BIS,ND,AGL,CE,Combined TRACON& Tower with Radar,8,10,10,0,28,0,5,57,1,63,8,15,67,1,91,56,0,56,147
03/10/2008,BIS,ND,AGL,CE,Combined TRACON& Tower with Radar,9,28,32,1,70,0,9,51,7,67,9,37,83,8,137,48,26,74,211
03/11/2008,BIS,ND,AGL,CE,Combined TRACON& Tower with Radar,8,26,7,12,53,0,0,86,0,86,8,26,93,12,139,42,16,58,197
03/12/2008,BIS,ND,AGL,CE,Combined TRACON& Tower with Radar,9,19,26,0,54,0,8,26,4,38,9,27,52,4,92,0,0,0,92
03/13/2008,BIS,ND,AGL,CE,Combined TRACON& Tower with Radar,9,22,28,7,66,0,1,28,2,31,9,23,56,9,97,0,0,0,97
03/14/2008,BIS,ND,AGL,CE,Combined TRACON& Tower with Radar,6,29,24,5,64,0,1,40,16,57,6,30,64,21,121,25,0,25,146
03/15/2008,BIS,ND,AGL,CE,Combined TRACON& Tower with Radar,7,19,8,4,38,0,6,45,5,56,7,25,53,9,94,68,6,74,168
03/16/2008,BIS,ND,AGL,CE,Combined TRACON& Tower with Radar,8,10,12,2,32,0,9,28,10,47,8,19,40,12,79,52,2,54,133
03/17/2008,BIS,ND,AGL,CE,Combined TRACON& Tower with Radar,9,20,22,3,54,0,12,46,10,68,9,32,68,13,122,4,12,16,138
03/18/2008,BIS,ND,AGL,CE,Combined TRACON& Tower with Radar,7,22,36,12,77,0,10,32,25,67,7,32,68,37,144,64,12,76,220
03/19/2008,BIS,ND,AGL,CE,Combined TRACON& Tower with Radar,9,25,54,0,88,0,4,36,10,50,9,29,90,10,138,14,4,18,156
03/20/2008,BIS,ND,AGL,CE,Combined TRACON& Tower with Radar,8,27,39,8,82,0,2,14,0,16,8,29,53,8,98,6,10,16,114
03/21/2008,BIS,ND,AGL,CE,Combined TRACON& Tower with Radar,7,28,11,0,46,0,0,11,0,11,7,28,22,0,57,0,0,0,57
03/22/2008,BIS,ND,AGL,CE,Combined TRACON& Tower with Radar,8,20,7,6,41,0,7,11,4,22,8,27,18,10,63,16,10,26,89
03/23/2008,BIS,ND,AGL,CE,Combined TRACON& Tower with Radar,7,14,2,0,23,0,4,24,0,28,7,18,26,0,51,22,0,22,73
03/24/2008,BIS,ND,AGL,CE,Combined TRACON& Tower with Radar,8,25,28,4,65,0,4,29,18,51,8,29,57,22,116,42,0,42,158
03/25/2008,BIS,ND,AGL,CE,Combined TRACON& Tower with Radar,9,21,36,2,68,0,4,39,19,62,9,25,75,21,130,10,4,14,144
03/26/2008,BIS,ND,AGL,CE,Combined TRACON& Tower with Radar,9,22,33,2,66,0,0,42,5,47,9,22,75,7,113,6,10,16,129
03/27/2008,BIS,ND,AGL,CE,Combined TRACON& Tower with Radar,9,22,32,3,66,0,3,29,5,37,9,25,61,8,103,4,8,12,115
03/28/2008,BIS,ND,AGL,CE,Combined TRACON& Tower with Radar,6,23,45,2,76,0,0,21,2,23,6,23,66,4,99,0,8,8,107
03/29/2008,BIS,ND,AGL,CE,Combined TRACON& Tower with Radar,8,17,11,2,38,0,0,21,3,24,8,17,32,5,62,20,0,20,82
03/30/2008,BIS,ND,AGL,CE,Combined TRACON& Tower with Radar,6,13,3,1,23,0,4,23,0,27,6,17,26,1,50,46,0,46,96
03/31/2008,BIS,ND,AGL,CE,Combined TRACON& Tower with Radar,7,16,18,14,55,0,3,33,7,43,7,19,51,21,98,6,20,26,124
04/01/2008,BIS,ND,AGL,CE,Combined TRACON& Tower with Radar,9,23,30,1,63,0,4,47,12,63,9,27,77,13,126,22,0,22,148
04/02/2008,BIS,ND,AGL,CE,Combined TRACON& Tower with Radar,9,29,39,7,84,0,17,38,1,56,9,46,77,8,140,34,14,48,188
04/03/2008,BIS,ND,AGL,CE,Combined TRACON& Tower with Radar,7,22,22,2,53,0,13,46,9,68,7,35,68,11,121,26,10,36,157
04/04/2008,BIS,ND,AGL,CE,Combined TRACON& Tower with Radar,6,23,26,3,58,0,6,65,6,77,6,29,91,9,135,10,4,14,149
04/05/2008,BIS,ND,AGL,CE,Combined TRACON& Tower with Radar,5,21,9,0,35,0,3,20,16,39,5,24,29,16,74,10,0,10,84
04/06/2008,BIS,ND,AGL,CE,Combined TRACON& Tower with Radar,6,13,15,4,38,0,6,33,8,47,6,19,48,12,85,46,20,66,151
04/07/2008,BIS,ND,AGL,CE,Combined TRACON& Tower with Radar,9,27,14,2,52,0,16,71,11,98,9,43,85,13,150,42,12,54,204
04/08/2008,BIS,ND,AGL,CE,Combined TRACON& Tower with Radar,5,22,28,4,59,0,11,54,7,72,5,33,82,11,131,20,14,34,165
04/09/2008,BIS,ND,AGL,CE,Combined TRACON& Tower with Radar,4,28,36,2,70,0,2,19,7,28,4,30,55,9,98,0,4,4,102
04/10/2008,BIS,ND,AGL,CE,Combined TRACON& Tower with Radar,2,29,38,6,75,0,0,9,2,11,2,29,47,8,86,11,4,15,101
04/11/2008,BIS,ND,AGL,CE,Combined TRACON& Tower with Radar,6,21,21,3,51,0,2,14,6,22,6,23,35,9,73,26,0,26,99
04/12/2008,BIS,ND,AGL,CE,Combined TRACON& Tower with Radar,5,31,12,4,52,0,10,44,18,72,5,41,56,22,124,22,4,26,150
04/13/2008,BIS,ND,AGL,CE,Combined TRACON& Tower with Radar,5,18,15,4,42,0,5,63,1,69,5,23,78,5,111,46,6,52,163
04/14/2008,BIS,ND,AGL,CE,Combined TRACON& Tower with Radar,9,21,21,3,54,0,9,40,4,53,9,30,61,7,107,30,0,30,137
04/15/2008,BIS,ND,AGL,CE,Combined TRACON& Tower with Radar,5,21,20,1,47,0,7,46,13,66,5,28,66,14,113,42,4,46,159
04/16/2008,BIS,ND,AGL,CE,Combined TRACON& Tower with Radar,8,26,36,1,71,0,20,36,3,59,8,46,72,4,130,32,0,32,162
04/17/2008,BIS,ND,AGL,CE,Combined TRACON& Tower with Radar,2,33,31,4,70,0,6,53,1,60,2,39,84,5,130,32,0,32,162
04/18/2008,BIS,ND,AGL,CE,Combined TRACON& Tower with Radar,9,22,19,4,54,0,11,54,10,75,9,33,73,14,129,18,2,20,149
04/19/2008,BIS,ND,AGL,CE,Combined TRACON& Tower with Radar,6,22,8,2,38,0,3,47,4,54,6,25,55,6,92,82,0,82,174
04/20/2008,BIS,ND,AGL,CE,Combined TRACON& Tower with Radar,5,17,7,1,30,0,7,17,3,27,5,24,24,4,57,12,0,12,69
04/21/2008,BIS,ND,AGL,CE,Combined TRACON& Tower with Radar,8,30,39,7,84,0,5,33,23,61,8,35,72,30,145,29,12,41,186
04/22/2008,BIS,ND,AGL,CE,Combined TRACON& Tower with Radar,6,25,29,2,62,0,6,40,11,57,6,31,69,13,119,34,20,54,173
04/23/2008,BIS,ND,AGL,CE,Combined TRACON& Tower with Radar,7,25,14,4,50,19,48,0,0,67,26,73,14,4,117,4,4,8,125
04/24/2008,BIS,ND,AGL,CE,Combined TRACON& Tower with Radar,4,26,38,6,74,0,4,3,8,15,4,30,41,14,89,0,0,0,89
04/25/2008,BIS,ND,AGL,CE,Combined TRACON& Tower with Radar,7,23,34,0,64,0,1,18,13,32,7,24,52,13,96,18,2,20,116
04/26/2008,BIS,ND,AGL,CE,Combined TRACON& Tower with Radar,9,22,8,1,40,0,2,26,0,28,9,24,34,1,68,32,0,32,100
04/27/2008,BIS,ND,AGL,CE,Combined TRACON& Tower with Radar,5,16,14,2,37,0,3,33,0,36,5,19,47,2,73,28,0,28,101
04/28/2008,BIS,ND,AGL,CE,Combined TRACON& Tower with Radar,6,22,18,0,46,0,2,31,2,35,6,24,49,2,81,34,0,34,115
04/29/2008,BIS,ND,AGL,CE,Combined TRACON& Tower with Radar,9,21,24,3,57,0,13,50,10,73,9,34,74,13,130,41,4,45,175
04/30/2008,BIS,ND,AGL,CE,Combined TRACON& Tower with Radar,7,23,34,2,66,0,1,31,7,39,7,24,65,9,105,10,6,16,121
05/01/2008,BIS,ND,AGL,CE,Combined TRACON& Tower with Radar,4,26,29,2,61,0,4,16,5,25,4,30,45,7,86,2,2,4,90
05/02/2008,BIS,ND,AGL,CE,Combined TRACON& Tower with Radar,7,27,20,0,54,0,1,14,4,19,7,28,34,4,73,0,0,0,73
05/03/2008,BIS,ND,AGL,CE,Combined TRACON& Tower with Radar,7,30,11,5,53,0,8,48,21,77,7,38,59,26,130,50,32,82,212
05/04/2008,BIS,ND,AGL,CE,Combined TRACON& Tower with Radar,5,16,6,3,30,0,4,37,10,51,5,20,43,13,81,44,18,62,143
05/05/2008,BIS,ND,AGL,CE,Combined TRACON& Tower with Radar,7,23,30,4,64,0,16,66,9,91,7,39,96,13,155,64,6,70,225
05/06/2008,BIS,ND,AGL,CE,Combined TRACON& Tower with Radar,6,24,21,2,53,0,4,38,7,49,6,28,59,9,102,64,0,64,166
05/07/2008,BIS,ND,AGL,CE,Combined TRACON& Tower with Radar,7,23,31,6,67,0,6,39,6,51,7,29,70,12,118,24,4,28,146
05/08/2008,BIS,ND,AGL,CE,Combined TRACON& Tower with Radar,5,29,36,3,73,0,2,16,4,22,5,31,52,7,95,30,6,36,131
05/09/2008,BIS,ND,AGL,CE,Combined TRACON& Tower with Radar,7,23,33,6,69,0,1,16,4,21,7,24,49,10,90,2,0,2,92
05/10/2008,BIS,ND,AGL,CE,Combined TRACON& Tower with Radar,5,21,5,0,31,0,0,4,0,4,5,21,9,0,35,58,0,58,93
05/11/2008,BIS,ND,AGL,CE,Combined TRACON& Tower with Radar,4,14,11,0,29,1,10,30,0,41,5,24,41,0,70,96,0,96,166
05/12/2008,BIS,ND,AGL,CE,Combined TRACON& Tower with Radar,5,29,39,2,75,0,4,18,6,28,5,33,57,8,103,6,4,10,113
05/13/2008,BIS,ND,AGL,CE,Combined TRACON& Tower with Radar,7,30,47,2,86,0,8,21,12,41,7,38,68,14,127,16,2,18,145
05/14/2008,BIS,ND,AGL,CE,Combined TRACON& Tower with Radar,7,29,46,1,83,0,3,44,4,51,7,32,90,5,134,30,2,32,166
05/15/2008,BIS,ND,AGL,CE,Combined TRACON& Tower with Radar,4,26,48,0,78,0,7,42,4,53,4,33,90,4,131,0,0,0,131
05/16/2008,BIS,ND,AGL,CE,Combined TRACON& Tower with Radar,6,22,37,0,65,0,2,49,0,51,6,24,86,0,116,42,0,42,158
05/17/2008,BIS,ND,AGL,CE,Combined TRACON& Tower with Radar,7,22,15,0,44,0,3,30,7,40,7,25,45,7,84,24,16,40,124
05/18/2008,BIS,ND,AGL,CE,Combined TRACON& Tower with Radar,5,15,7,0,27,0,3,19,3,25,5,18,26,3,52,12,0,12,64
05/19/2008,BIS,ND,AGL,CE,Combined TRACON& Tower with Radar,11,28,26,4,69,0,10,61,10,81,11,38,87,14,150,0,0,0,150
05/20/2008,BIS,ND,AGL,CE,Combined TRACON& Tower with Radar,6,24,36,4,70,0,15,46,4,65,6,39,82,8,135,60,4,64,199
05/21/2008,BIS,ND,AGL,CE,Combined TRACON& Tower with Radar,7,25,34,2,68,0,9,36,1,46,7,34,70,3,114,0,0,0,114
05/22/2008,BIS,ND,AGL,CE,Combined TRACON& Tower with Radar,4,26,35,2,67,0,6,34,9,49,4,32,69,11,116,12,8,20,136
05/23/2008,BIS,ND,AGL,CE,Combined TRACON& Tower with Radar,7,29,22,2,60,0,0,30,6,36,7,29,52,8,96,2,0,2,98
05/24/2008,BIS,ND,AGL,CE,Combined TRACON& Tower with Radar,9,25,3,0,37,0,3,11,1,15,9,28,14,1,52,10,0,10,62
05/25/2008,BIS,ND,AGL,CE,Combined TRACON& Tower with Radar,7,13,5,0,25,0,0,11,0,11,7,13,16,0,36,10,0,10,46
05/26/2008,BIS,ND,AGL,CE,Combined TRACON& Tower with Radar,6,20,3,0,29,0,7,9,3,19,6,27,12,3,48,0,0,0,48
05/27/2008,BIS,ND,AGL,CE,Combined TRACON& Tower with Radar,4,27,23,0,54,0,7,77,3,87,4,34,100,3,141,124,0,124,265
05/28/2008,BIS,ND,AGL,CE,Combined TRACON& Tower with Radar,10,20,40,0,70,0,11,56,0,67,10,31,96,0,137,16,8,24,161
05/29/2008,BIS,ND,AGL,CE,Combined TRACON& Tower with Radar,3,25,42,2,72,0,6,16,1,23,3,31,58,3,95,4,0,4,99
05/30/2008,BIS,ND,AGL,CE,Combined TRACON& Tower with Radar,4,31,26,0,61,0,0,29,8,37,4,31,55,8,98,36,0,36,134
05/31/2008,BIS,ND,AGL,CE,Combined TRACON& Tower with Radar,6,23,10,1,40,0,5,54,5,64,6,28,64,6,104,70,0,70,174
06/01/2008,BIS,ND,AGL,CE,Combined TRACON& Tower with Radar,9,14,8,0,31,0,1,46,8,55,9,15,54,8,86,64,2,66,152
06/02/2008,BIS,ND,AGL,CE,Combined TRACON& Tower with Radar,7,29,30,0,66,0,5,51,5,61,7,34,81,5,127,18,0,18,145
06/03/2008,BIS,ND,AGL,CE,Combined TRACON& Tower with Radar,5,20,39,2,66,0,14,16,3,33,5,34,55,5,99,4,0,4,103
06/04/2008,BIS,ND,AGL,CE,Combined TRACON& Tower with Radar,7,20,49,0,76,0,6,38,4,48,7,26,87,4,124,44,0,44,168
06/05/2008,BIS,ND,AGL,CE,Combined TRACON& Tower with Radar,6,16,46,1,69,0,5,3,0,8,6,21,49,1,77,4,0,4,81
06/06/2008,BIS,ND,AGL,CE,Combined TRACON& Tower with Radar,8,15,21,0,44,0,6,9,4,19,8,21,30,4,63,32,0,32,95
06/07/2008,BIS,ND,AGL,CE,Combined TRACON& Tower with Radar,6,27,23,1,57,0,0,45,10,55,6,27,68,11,112,104,20,124,236
06/08/2008,BIS,ND,AGL,CE,Combined TRACON& Tower with Radar,8,13,14,0,35,0,6,29,4,39,8,19,43,4,74,112,0,112,186
06/09/2008,BIS,ND,AGL,CE,Combined TRACON& Tower with Radar,12,19,23,3,57,0,12,25,6,43,12,31,48,9,100,2,4,6,106
06/10/2008,BIS,ND,AGL,CE,Combined TRACON& Tower with Radar,9,22,53,3,87,0,9,30,5,44,9,31,83,8,131,16,0,16,147
06/11/2008,BIS,ND,AGL,CE,Combined TRACON& Tower with Radar,8,26,29,9,72,0,7,14,1,22,8,33,43,10,94,0,0,0,94
06/12/2008,BIS,ND,AGL,CE,Combined TRACON& Tower with Radar,8,19,25,2,54,0,5,35,14,54,8,24,60,16,108,58,4,62,170
06/13/2008,BIS,ND,AGL,CE,Combined TRACON& Tower with Radar,10,22,19,0,51,0,2,19,4,25,10,24,38,4,76,12,0,12,88
06/14/2008,BIS,ND,AGL,CE,Combined TRACON& Tower with Radar,5,19,2,0,26,0,4,47,8,59,5,23,49,8,85,80,0,80,165
06/15/2008,BIS,ND,AGL,CE,Combined TRACON& Tower with Radar,9,11,7,0,27,0,4,28,0,32,9,15,35,0,59,64,0,64,123
06/16/2008,BIS,ND,AGL,CE,Combined TRACON& Tower with Radar,11,20,33,2,66,0,12,59,3,74,11,32,92,5,140,78,0,78,218
06/17/2008,BIS,ND,AGL,CE,Combined TRACON& Tower with Radar,8,22,36,0,66,0,5,52,0,57,8,27,88,0,123,76,0,76,199
06/18/2008,BIS,ND,AGL,CE,Combined TRACON& Tower with Radar,9,23,35,0,67,0,5,36,2,43,9,28,71,2,110,14,0,14,124
06/19/2008,BIS,ND,AGL,CE,Combined TRACON& Tower with Radar,9,17,20,2,48,0,3,47,1,51,9,20,67,3,99,26,0,26,125
06/20/2008,BIS,ND,AGL,CE,Combined TRACON& Tower with Radar,6,25,28,0,59,0,2,46,5,53,6,27,74,5,112,40,0,40,152
06/21/2008,BIS,ND,AGL,CE,Combined TRACON& Tower with Radar,8,24,16,0,48,0,2,66,2,70,8,26,82,2,118,66,0,66,184
06/22/2008,BIS,ND,AGL,CE,Combined TRACON& Tower with Radar,9,11,7,1,28,0,5,34,2,41,9,16,41,3,69,28,0,28,97
06/23/2008,BIS,ND,AGL,CE,Combined TRACON& Tower with Radar,9,19,28,3,59,0,10,42,11,63,9,29,70,14,122,20,18,38,160
06/24/2008,BIS,ND,AGL,CE,Combined TRACON& Tower with Radar,7,21,42,3,73,0,8,42,6,56,7,29,84,9,129,57,0,57,186
06/25/2008,BIS,ND,AGL,CE,Combined TRACON& Tower with Radar,9,26,21,8,64,0,8,61,17,86,9,34,82,25,150,12,20,32,182
06/26/2008,BIS,ND,AGL,CE,Combined TRACON& Tower with Radar,8,19,33,8,68,0,0,27,3,30,8,19,60,11,98,2,8,10,108
06/27/2008,BIS,ND,AGL,CE,Combined TRACON& Tower with Radar,10,20,30,0,60,0,3,16,2,21,10,23,46,2,81,52,0,52,133
06/28/2008,BIS,ND,AGL,CE,Combined TRACON& Tower with Radar,7,22,10,2,41,0,0,9,7,16,7,22,19,9,57,8,10,18,75
06/29/2008,BIS,ND,AGL,CE,Combined TRACON& Tower with Radar,7,14,6,1,28,0,2,29,2,33,7,16,35,3,61,25,1,26,87
06/30/2008,BIS,ND,AGL,CE,Combined TRACON& Tower with Radar,11,19,33,2,65,0,7,34,4,45,11,26,67,6,110,12,60,72,182
07/01/2008,BIS,ND,AGL,CE,Combined TRACON& Tower with Radar,9,24,46,0,79,0,1,34,0,35,9,25,80,0,114,18,0,18,132
07/02/2008,BIS,ND,AGL,CE,Combined TRACON& Tower with Radar,7,34,30,5,76,0,1,32,10,43,7,35,62,15,119,24,0,24,143
07/03/2008,BIS,ND,AGL,CE,Combined TRACON& Tower with Radar,7,21,35,1,64,0,0,40,3,43,7,21,75,4,107,44,0,44,151
07/04/2008,BIS,ND,AGL,CE,Combined TRACON& Tower with Radar,8,11,10,0,29,0,0,19,3,22,8,11,29,3,51,0,0,0,51
07/05/2008,BIS,ND,AGL,CE,Combined TRACON& Tower with Radar,9,15,2,0,26,0,0,22,0,22,9,15,24,0,48,26,0,26,74
07/06/2008,BIS,ND,AGL,CE,Combined TRACON& Tower with Radar,7,14,4,0,25,0,2,26,0,28,7,16,30,0,53,34,0,34,87
07/07/2008,BIS,ND,AGL,CE,Combined TRACON& Tower with Radar,10,25,19,4,58,0,0,33,2,35,10,25,52,6,93,38,0,38,131
07/08/2008,BIS,ND,AGL,CE,Combined TRACON& Tower with Radar,10,24,32,0,66,0,1,42,4,47,10,25,74,4,113,38,0,38,151
07/09/2008,BIS,ND,AGL,CE,Combined TRACON& Tower with Radar,11,21,40,2,74,0,0,52,2,54,11,21,92,4,128,29,2,31,159
07/10/2008,BIS,ND,AGL,CE,Combined TRACON& Tower with Radar,9,19,22,0,50,0,0,30,7,37,9,19,52,7,87,2,2,4,91
07/11/2008,BIS,ND,AGL,CE,Combined TRACON& Tower with Radar,9,22,37,6,74,0,0,32,5,37,9,22,69,11,111,8,0,8,119
07/12/2008,BIS,ND,AGL,CE,Combined TRACON& Tower with Radar,8,22,14,0,44,0,0,2,0,2,8,22,16,0,46,0,0,0,46
07/13/2008,BIS,ND,AGL,CE,Combined TRACON& Tower with Radar,10,18,20,4,52,0,4,21,6,31,10,22,41,10,83,56,4,60,143
07/14/2008,BIS,ND,AGL,CE,Combined TRACON& Tower with Radar,10,17,26,0,53,0,0,30,2,32,10,17,56,2,85,24,0,24,109
07/15/2008,BIS,ND,AGL,CE,Combined TRACON& Tower with Radar,7,25,28,1,61,0,2,39,5,46,7,27,67,6,107,30,0,30,137
07/16/2008,BIS,ND,AGL,CE,Combined TRACON& Tower with Radar,11,29,33,2,75,0,0,32,5,37,11,29,65,7,112,50,0,50,162
07/17/2008,BIS,ND,AGL,CE,Combined TRACON& Tower with Radar,9,24,29,9,71,0,0,21,3,24,9,24,50,12,95,18,0,18,113
07/18/2008,BIS,ND,AGL,CE,Combined TRACON& Tower with Radar,10,29,25,2,66,0,0,46,3,49,10,29,71,5,115,24,0,24,139
07/19/2008,BIS,ND,AGL,CE,Combined TRACON& Tower with Radar,6,22,4,0,32,0,0,27,1,28,6,22,31,1,60,22,0,22,82
07/20/2008,BIS,ND,AGL,CE,Combined TRACON& Tower with Radar,7,16,3,0,26,0,0,25,0,25,7,16,28,0,51,18,0,18,69
07/21/2008,BIS,ND,AGL,CE,Combined TRACON& Tower with Radar,10,18,25,2,55,0,6,49,6,61,10,24,74,8,116,68,10,78,194
07/22/2008,BIS,ND,AGL,CE,Combined TRACON& Tower with Radar,23,25,28,1,77,0,0,59,17,76,23,25,87,18,153,66,22,88,241
07/23/2008,BIS,ND,AGL,CE,Combined TRACON& Tower with Radar,12,26,32,7,77,0,0,19,11,30,12,26,51,18,107,0,18,18,125
07/24/2008,BIS,ND,AGL,CE,Combined TRACON& Tower with Radar,6,29,38,0,73,0,0,62,11,73,6,29,100,11,146,36,4,40,186
07/25/2008,BIS,ND,AGL,CE,Combined TRACON& Tower with Radar,14,24,19,2,59,0,0,36,2,38,14,24,55,4,97,12,4,16,113
07/26/2008,BIS,ND,AGL,CE,Combined TRACON& Tower with Radar,4,16,10,11,41,4,6,27,7,44,8,22,37,18,85,21,18,39,124
07/27/2008,BIS,ND,AGL,CE,Combined TRACON& Tower with Radar,8,15,14,1,38,1,3,45,0,49,9,18,59,1,87,39,2,41,128
07/28/2008,BIS,ND,AGL,CE,Combined TRACON& Tower with Radar,10,19,31,4,64,0,0,25,5,30,10,19,56,9,94,34,6,40,134
07/29/2008,BIS,ND,AGL,CE,Combined TRACON& Tower with Radar,9,29,59,4,101,0,6,50,16,72,9,35,109,20,173,32,26,58,231
07/30/2008,BIS,ND,AGL,CE,Combined TRACON& Tower with Radar,10,27,33,0,70,0,0,43,11,54,10,27,76,11,124,22,6,28,152
07/31/2008,BIS,ND,AGL,CE,Combined TRACON& Tower with Radar,9,32,37,1,79,0,1,63,9,73,9,33,100,10,152,32,10,42,194
08/01/2008,BIS,ND,AGL,CE,Combined TRACON& Tower with Radar,8,24,15,0,47,0,0,18,4,22,8,24,33,4,69,12,14,26,95
08/02/2008,BIS,ND,AGL,CE,Combined TRACON& Tower with Radar,5,20,8,2,35,0,1,17,6,24,5,21,25,8,59,1,11,12,71
08/03/2008,BIS,ND,AGL,CE,Combined TRACON& Tower with Radar,5,16,15,3,39,0,1,18,11,30,5,17,33,14,69,33,37,70,139
08/04/2008,BIS,ND,AGL,CE,Combined TRACON& Tower with Radar,8,19,22,2,51,0,2,18,9,29,8,21,40,11,80,12,34,46,126
08/05/2008,BIS,ND,AGL,CE,Combined TRACON& Tower with Radar,7,27,34,4,72,0,10,36,11,57,7,37,70,15,129,10,0,10,139
08/06/2008,BIS,ND,AGL,CE,Combined TRACON& Tower with Radar,11,20,29,1,61,0,0,33,10,43,11,20,62,11,104,12,6,18,122
08/07/2008,BIS,ND,AGL,CE,Combined TRACON& Tower with Radar,9,21,38,1,69,0,1,29,7,37,9,22,67,8,106,27,2,29,135
08/08/2008,BIS,ND,AGL,CE,Combined TRACON& Tower with Radar,9,19,19,1,48,0,0,20,3,23,9,19,39,4,71,0,0,0,71
08/09/2008,BIS,ND,AGL,CE,Combined TRACON& Tower with Radar,7,20,9,0,36,0,0,9,0,9,7,20,18,0,45,0,0,0,45
08/10/2008,BIS,ND,AGL,CE,Combined TRACON& Tower with Radar,7,16,10,1,34,0,0,22,0,22,7,16,32,1,56,46,0,46,102
08/11/2008,BIS,ND,AGL,CE,Combined TRACON& Tower with Radar,14,13,29,3,59,0,0,29,7,36,14,13,58,10,95,20,0,20,115
08/12/2008,BIS,ND,AGL,CE,Combined TRACON& Tower with Radar,7,27,37,5,76,0,4,71,8,83,7,31,108,13,159,64,18,82,241
08/13/2008,BIS,ND,AGL,CE,Combined TRACON& Tower with Radar,9,28,33,4,74,0,4,46,6,56,9,32,79,10,130,12,10,22,152
08/14/2008,BIS,ND,AGL,CE,Combined TRACON& Tower with Radar,10,20,33,2,65,0,0,35,6,41,10,20,68,8,106,4,0,4,110
08/15/2008,BIS,ND,AGL,CE,Combined TRACON& Tower with Radar,10,26,44,2,82,0,0,29,1,30,10,26,73,3,112,21,0,21,133
08/16/2008,BIS,ND,AGL,CE,Combined TRACON& Tower with Radar,6,26,10,0,42,0,0,44,0,44,6,26,54,0,86,122,0,122,208
08/17/2008,BIS,ND,AGL,CE,Combined TRACON& Tower with Radar,6,14,19,0,39,0,3,41,0,44,6,17,60,0,83,74,0,74,157
08/18/2008,BIS,ND,AGL,CE,Combined TRACON& Tower with Radar,12,19,34,2,67,0,3,54,1,58,12,22,88,3,125,76,0,76,201
08/19/2008,BIS,ND,AGL,CE,Combined TRACON& Tower with Radar,9,25,43,2,79,0,0,45,1,46,9,25,88,3,125,30,0,30,155
08/20/2008,BIS,ND,AGL,CE,Combined TRACON& Tower with Radar,9,24,51,5,89,0,2,36,1,39,9,26,87,6,128,4,2,6,134
08/21/2008,BIS,ND,AGL,CE,Combined TRACON& Tower with Radar,10,20,39,1,70,0,0,27,2,29,10,20,66,3,99,18,0,18,117
08/22/2008,BIS,ND,AGL,CE,Combined TRACON& Tower with Radar,13,15,46,1,75,0,0,30,3,33,13,15,76,4,108,38,8,46,154
08/23/2008,BIS,ND,AGL,CE,Combined TRACON& Tower with Radar,6,20,22,0,48,0,0,43,1,44,6,20,65,1,92,72,0,72,164
08/24/2008,BIS,ND,AGL,CE,Combined TRACON& Tower with Radar,6,15,13,4,38,0,1,46,1,48,6,16,59,5,86,98,14,112,198
08/25/2008,BIS,ND,AGL,CE,Combined TRACON& Tower with Radar,10,15,30,2,57,0,0,60,16,76,10,15,90,18,133,56,44,100,233
08/26/2008,BIS,ND,AGL,CE,Combined TRACON& Tower with Radar,6,28,46,3,83,0,4,51,7,62,6,32,97,10,145,18,0,18,163
08/27/2008,BIS,ND,AGL,CE,Combined TRACON& Tower with Radar,9,14,39,7,69,0,0,30,8,38,9,14,69,15,107,44,16,60,167
08/28/2008,BIS,ND,AGL,CE,Combined TRACON& Tower with Radar,8,20,37,3,68,0,0,57,10,67,8,20,94,13,135,24,3,27,162
08/29/2008,BIS,ND,AGL,CE,Combined TRACON& Tower with Radar,7,27,32,2,68,0,0,38,2,40,7,27,70,4,108,6,0,6,114
08/30/2008,BIS,ND,AGL,CE,Combined TRACON& Tower with Radar,3,17,1,1,22,0,0,24,0,24,3,17,25,1,46,58,0,58,104
08/31/2008,BIS,ND,AGL,CE,Combined TRACON& Tower with Radar,3,10,1,0,14,1,0,8,0,9,4,10,9,0,23,2,0,2,25
09/01/2008,BIS,ND,AGL,CE,Combined TRACON& Tower with Radar,8,14,9,0,31,0,0,3,0,3,8,14,12,0,34,0,0,0,34
09/02/2008,BIS,ND,AGL,CE,Combined TRACON& Tower with Radar,6,19,43,17,85,0,0,21,3,24,6,19,64,20,109,8,34,42,151
09/03/2008,BIS,ND,AGL,CE,Combined TRACON& Tower with Radar,7,22,49,8,86,0,1,43,12,56,7,23,92,20,142,76,0,76,218
09/04/2008,BIS,ND,AGL,CE,Combined TRACON& Tower with Radar,7,24,57,3,91,0,1,9,8,18,7,25,66,11,109,0,10,10,119
09/05/2008,BIS,ND,AGL,CE,Combined TRACON& Tower with Radar,7,26,40,4,77,0,0,27,7,34,7,26,67,11,111,31,0,31,142
09/06/2008,BIS,ND,AGL,CE,Combined TRACON& Tower with Radar,5,19,9,5,38,0,10,37,24,71,5,29,46,29,109,68,18,86,195
09/07/2008,BIS,ND,AGL,CE,Combined TRACON& Tower with Radar,7,12,15,2,36,0,0,1,0,1,7,12,16,2,37,44,0,44,81
09/08/2008,BIS,ND,AGL,CE,Combined TRACON& Tower with Radar,8,18,30,2,58,0,8,27,0,35,8,26,57,2,93,40,0,40,133
09/09/2008,BIS,ND,AGL,CE,Combined TRACON& Tower with Radar,8,18,42,2,70,0,0,43,9,52,8,18,85,11,122,24,4,28,150
09/10/2008,BIS,ND,AGL,CE,Combined TRACON& Tower with Radar,7,27,36,3,73,0,0,41,3,44,7,27,77,6,117,44,0,44,161
09/11/2008,BIS,ND,AGL,CE,Combined TRACON& Tower with Radar,5,26,65,3,99,0,2,15,1,18,5,28,80,4,117,34,0,34,151
09/12/2008,BIS,ND,AGL,CE,Combined TRACON& Tower with Radar,0,30,29,5,64,0,4,50,4,58,0,34,79,9,122,44,12,56,178
09/13/2008,BIS,ND,AGL,CE,Combined TRACON& Tower with Radar,4,29,20,2,55,0,0,19,2,21,4,29,39,4,76,30,0,30,106
09/14/2008,BIS,ND,AGL,CE,Combined TRACON& Tower with Radar,6,13,20,4,43,0,0,40,4,44,6,13,60,8,87,54,0,54,141
09/15/2008,BIS,ND,AGL,CE,Combined TRACON& Tower with Radar,9,21,23,6,59,0,1,53,1,55,9,22,76,7,114,76,0,76,190
09/16/2008,BIS,ND,AGL,CE,Combined TRACON& Tower with Radar,7,22,31,2,62,0,0,45,2,47,7,22,76,4,109,34,0,34,143
09/17/2008,BIS,ND,AGL,CE,Combined TRACON& Tower with Radar,6,21,28,3,58,0,0,43,0,43,6,21,71,3,101,60,0,60,161
09/18/2008,BIS,ND,AGL,CE,Combined TRACON& Tower with Radar,7,25,29,2,63,0,1,45,4,50,7,26,74,6,113,14,0,14,127
09/19/2008,BIS,ND,AGL,CE,Combined TRACON& Tower with Radar,11,22,29,4,66,0,5,30,2,37,11,27,59,6,103,38,0,38,141
09/20/2008,BIS,ND,AGL,CE,Combined TRACON& Tower with Radar,6,21,16,13,56,0,3,41,4,48,6,24,57,17,104,62,4,66,170
09/21/2008,BIS,ND,AGL,CE,Combined TRACON& Tower with Radar,7,15,13,1,36,0,3,15,4,22,7,18,28,5,58,56,0,56,114
09/22/2008,BIS,ND,AGL,CE,Combined TRACON& Tower with Radar,10,17,28,3,58,0,0,24,3,27,10,17,52,6,85,36,0,36,121
09/23/2008,BIS,ND,AGL,CE,Combined TRACON& Tower with Radar,7,24,40,8,79,0,0,40,7,47,7,24,80,15,126,20,0,20,146
09/24/2008,BIS,ND,AGL,CE,Combined TRACON& Tower with Radar,8,18,41,4,71,0,0,49,10,59,8,18,90,14,130,82,21,103,233
09/25/2008,BIS,ND,AGL,CE,Combined TRACON& Tower with Radar,7,22,28,3,60,0,4,41,4,49,7,26,69,7,109,10,0,10,119
09/26/2008,BIS,ND,AGL,CE,Combined TRACON& Tower with Radar,7,24,26,1,58,0,0,28,8,36,7,24,54,9,94,12,2,14,108
09/27/2008,BIS,ND,AGL,CE,Combined TRACON& Tower with Radar,7,25,12,1,45,0,0,33,0,33,7,25,45,1,78,86,0,86,164
09/28/2008,BIS,ND,AGL,CE,Combined TRACON& Tower with Radar,7,11,7,0,25,0,0,17,0,17,7,11,24,0,42,6,0,6,48
09/29/2008,BIS,ND,AGL,CE,Combined TRACON& Tower with Radar,9,19,25,0,53,0,4,35,5,44,9,23,60,5,97,52,2,54,151
09/30/2008,BIS,ND,AGL,CE,Combined TRACON& Tower with Radar,7,25,33,0,65,0,2,40,0,42,7,27,73,0,107,46,0,46,153
10/01/2008,BIS,ND,AGL,CE,Combined TRACON& Tower with Radar,7,23,34,3,67,0,0,55,2,57,7,23,89,5,124,38,2,40,164
10/02/2008,BIS,ND,AGL,CE,Combined TRACON& Tower with Radar,8,22,36,1,67,0,2,35,4,41,8,24,71,5,108,66,2,68,176
10/03/2008,BIS,ND,AGL,CE,Combined TRACON& Tower with Radar,9,21,28,1,59,0,4,52,0,56,9,25,80,1,115,52,0,52,167
10/04/2008,BIS,ND,AGL,CE,Combined TRACON& Tower with Radar,6,19,5,2,32,0,0,19,0,19,6,19,24,2,51,22,0,22,73
10/05/2008,BIS,ND,AGL,CE,Combined TRACON& Tower with Radar,7,12,12,1,32,0,0,2,0,2,7,12,14,1,34,0,0,0,34
10/06/2008,BIS,ND,AGL,CE,Combined TRACON& Tower with Radar,9,21,41,4,75,0,0,38,10,48,9,21,79,14,123,78,14,92,215
10/07/2008,BIS,ND,AGL,CE,Combined TRACON& Tower with Radar,6,21,42,3,72,0,2,59,7,68,6,23,101,10,140,90,0,90,230
10/08/2008,BIS,ND,AGL,CE,Combined TRACON& Tower with Radar,7,22,38,4,71,0,0,37,6,43,7,22,75,10,114,0,0,0,114
10/09/2008,BIS,ND,AGL,CE,Combined TRACON& Tower with Radar,6,23,49,1,79,0,1,54,3,58,6,24,103,4,137,70,4,74,211
10/10/2008,BIS,ND,AGL,CE,Combined TRACON& Tower with Radar,10,27,23,1,61,0,0,10,1,11,10,27,33,2,72,0,0,0,72
10/11/2008,BIS,ND,AGL,CE,Combined TRACON& Tower with Radar,5,20,3,0,28,0,0,2,4,6,5,20,5,4,34,10,0,10,44
10/12/2008,BIS,ND,AGL,CE,Combined TRACON& Tower with Radar,7,12,4,0,23,0,0,0,6,6,7,12,4,6,29,0,0,0,29
10/13/2008,BIS,ND,AGL,CE,Combined TRACON& Tower with Radar,11,26,34,1,72,0,0,43,10,53,11,26,77,11,125,50,30,80,205
10/14/2008,BIS,ND,AGL,CE,Combined TRACON& Tower with Radar,9,24,27,0,60,0,1,43,1,45,9,25,70,1,105,48,0,48,153
10/15/2008,BIS,ND,AGL,CE,Combined TRACON& Tower with Radar,9,23,56,9,97,0,1,37,0,38,9,24,93,9,135,62,6,68,203
10/16/2008,BIS,ND,AGL,CE,Combined TRACON& Tower with Radar,8,24,36,2,70,0,2,42,1,45,8,26,78,3,115,70,0,70,185
10/17/2008,BIS,ND,AGL,CE,Combined TRACON& Tower with Radar,11,19,16,1,47,0,0,36,11,47,11,19,52,12,94,40,2,42,136
10/18/2008,BIS,ND,AGL,CE,Combined TRACON& Tower with Radar,12,23,15,6,56,0,0,36,17,53,12,23,51,23,109,50,14,64,173
10/19/2008,BIS,ND,AGL,CE,Combined TRACON& Tower with Radar,10,14,15,6,45,0,6,22,5,33,10,20,37,11,78,30,18,48,126
10/20/2008,BIS,ND,AGL,CE,Combined TRACON& Tower with Radar,8,23,30,4,65,0,1,44,4,49,8,24,74,8,114,62,34,96,210
10/21/2008,BIS,ND,AGL,CE,Combined TRACON& Tower with Radar,7,25,34,7,73,0,1,20,1,22,7,26,54,8,95,0,0,0,95
10/22/2008,BIS,ND,AGL,CE,Combined TRACON& Tower with Radar,11,25,41,13,90,0,0,29,4,33,11,25,70,17,123,0,16,16,139
10/23/2008,BIS,ND,AGL,CE,Combined TRACON& Tower with Radar,7,27,54,5,93,0,0,14,0,14,7,27,68,5,107,14,0,14,121
10/24/2008,BIS,ND,AGL,CE,Combined TRACON& Tower with Radar,9,28,24,9,70,0,2,45,3,50,9,30,69,12,120,18,16,34,154
10/25/2008,BIS,ND,AGL,CE,Combined TRACON& Tower with Radar,8,24,7,0,39,0,0,12,2,14,8,24,19,2,53,24,0,24,77
10/26/2008,BIS,ND,AGL,CE,Combined TRACON& Tower with Radar,6,19,5,0,30,0,0,2,1,3,6,19,7,1,33,0,0,0,33
10/27/2008,BIS,ND,AGL,CE,Combined TRACON& Tower with Radar,12,23,32,4,71,0,0,43,3,46,12,23,75,7,117,70,4,74,191
10/28/2008,BIS,ND,AGL,CE,Combined TRACON& Tower with Radar,8,34,47,4,93,0,2,57,10,69,8,36,104,14,162,32,2,34,196
10/29/2008,BIS,ND,AGL,CE,Combined TRACON& Tower with Radar,10,42,31,2,85,0,4,53,3,60,10,46,84,5,145,76,22,98,243
10/30/2008,BIS,ND,AGL,CE,Combined TRACON& Tower with Radar,6,33,27,6,72,0,8,51,13,72,6,41,78,19,144,81,4,85,229
10/31/2008,BIS,ND,AGL,CE,Combined TRACON& Tower with Radar,9,27,22,5,63,0,2,56,12,70,9,29,78,17,133,52,10,62,195
11/01/2008,BIS,ND,AGL,CE,Combined TRACON& Tower with Radar,8,23,17,2,50,0,2,45,15,62,8,25,62,17,112,56,26,82,194
11/02/2008,BIS,ND,AGL,CE,Combined TRACON& Tower with Radar,7,16,8,16,47,0,4,32,10,46,7,20,40,26,93,44,36,80,173
11/03/2008,BIS,ND,AGL,CE,Combined TRACON& Tower with Radar,10,22,19,9,60,0,0,31,4,35,10,22,50,13,95,40,8,48,143
11/04/2008,BIS,ND,AGL,CE,Combined TRACON& Tower with Radar,6,25,25,6,62,0,0,57,7,64,6,25,82,13,126,38,18,56,182
11/05/2008,BIS,ND,AGL,CE,Combined TRACON& Tower with Radar,11,26,43,2,82,0,0,3,0,3,11,26,46,2,85,6,0,6,91
11/06/2008,BIS,ND,AGL,CE,Combined TRACON& Tower with Radar,9,22,25,0,56,0,0,0,0,0,9,22,25,0,56,0,0,0,56
11/07/2008,BIS,ND,AGL,CE,Combined TRACON& Tower with Radar,4,22,21,0,47,0,0,4,0,4,4,22,25,0,51,0,0,0,51
11/08/2008,BIS,ND,AGL,CE,Combined TRACON& Tower with Radar,6,26,9,0,41,0,0,8,0,8,6,26,17,0,49,12,0,12,61
11/09/2008,BIS,ND,AGL,CE,Combined TRACON& Tower with Radar,9,13,15,0,37,0,0,3,0,3,9,13,18,0,40,0,0,0,40
11/10/2008,BIS,ND,AGL,CE,Combined TRACON& Tower with Radar,11,15,28,2,56,0,0,11,10,21,11,15,39,12,77,10,8,18,95
11/11/2008,BIS,ND,AGL,CE,Combined TRACON& Tower with Radar,7,23,43,0,73,0,0,22,2,24,7,23,65,2,97,16,22,38,135
11/12/2008,BIS,ND,AGL,CE,Combined TRACON& Tower with Radar,12,23,30,1,66,0,0,19,5,24,12,23,49,6,90,20,0,20,110
11/13/2008,BIS,ND,AGL,CE,Combined TRACON& Tower with Radar,5,19,38,5,67,0,2,22,8,32,5,21,60,13,99,6,0,6,105
11/14/2008,BIS,ND,AGL,CE,Combined TRACON& Tower with Radar,9,15,20,1,45,0,0,4,1,5,9,15,24,2,50,0,0,0,50
11/15/2008,BIS,ND,AGL,CE,Combined TRACON& Tower with Radar,10,27,9,3,49,0,1,29,1,31,10,28,38,4,80,14,0,14,94
11/16/2008,BIS,ND,AGL,CE,Combined TRACON& Tower with Radar,3,19,9,1,32,0,0,23,0,23,3,19,32,1,55,54,0,54,109
11/17/2008,BIS,ND,AGL,CE,Combined TRACON& Tower with Radar,10,21,14,2,47,0,0,27,5,32,10,21,41,7,79,24,12,36,115
11/18/2008,BIS,ND,AGL,CE,Combined TRACON& Tower with Radar,7,26,31,2,66,0,0,39,6,45,7,26,70,8,111,15,8,23,134
11/19/2008,BIS,ND,AGL,CE,Combined TRACON& Tower with Radar,13,17,39,2,71,0,0,11,4,15,13,17,50,6,86,15,0,15,101
11/20/2008,BIS,ND,AGL,CE,Combined TRACON& Tower with Radar,6,25,43,2,76,0,0,29,4,33,6,25,72,6,109,0,0,0,109
11/21/2008,BIS,ND,AGL,CE,Combined TRACON& Tower with Radar,9,21,22,10,62,0,0,12,6,18,9,21,34,16,80,0,0,0,80
11/22/2008,BIS,ND,AGL,CE,Combined TRACON& Tower with Radar,9,21,15,1,46,0,2,8,1,11,9,23,23,2,57,4,0,4,61
11/23/2008,BIS,ND,AGL,CE,Combined TRACON& Tower with Radar,6,22,24,7,59,0,9,29,4,42,6,31,53,11,101,4,104,108,209
11/24/2008,BIS,ND,AGL,CE,Combined TRACON& Tower with Radar,16,19,13,3,51,0,0,40,3,43,16,19,53,6,94,40,6,46,140
11/25/2008,BIS,ND,AGL,CE,Combined TRACON& Tower with Radar,7,25,43,8,83,0,4,46,1,51,7,29,89,9,134,38,6,44,178
11/26/2008,BIS,ND,AGL,CE,Combined TRACON& Tower with Radar,14,17,12,2,45,0,2,33,7,42,14,19,45,9,87,31,4,35,122
11/27/2008,BIS,ND,AGL,CE,Combined TRACON& Tower with Radar,9,2,1,0,12,0,0,7,0,7,9,2,8,0,19,4,0,4,23
11/28/2008,BIS,ND,AGL,CE,Combined TRACON& Tower with Radar,7,20,4,0,31,0,2,32,0,34,7,22,36,0,65,48,0,48,113
11/29/2008,BIS,ND,AGL,CE,Combined TRACON& Tower with Radar,10,21,6,0,37,0,0,0,0,0,10,21,6,0,37,0,0,0,37
11/30/2008,BIS,ND,AGL,CE,Combined TRACON& Tower with Radar,8,13,11,1,33,0,0,3,2,5,8,13,14,3,38,16,0,16,54
12/01/2008,BIS,ND,AGL,CE,Combined TRACON& Tower with Radar,12,24,27,4,67,0,0,32,2,34,12,24,59,6,101,20,2,22,123
12/02/2008,BIS,ND,AGL,CE,Combined TRACON& Tower with Radar,10,23,44,1,78,0,0,11,0,11,10,23,55,1,89,0,0,0,89
12/03/2008,BIS,ND,AGL,CE,Combined TRACON& Tower with Radar,13,15,33,2,63,0,0,8,3,11,13,15,41,5,74,12,2,14,88
12/04/2008,BIS,ND,AGL,CE,Combined TRACON& Tower with Radar,7,20,32,6,65,0,0,16,5,21,7,20,48,11,86,2,10,12,98
12/05/2008,BIS,ND,AGL,CE,Combined TRACON& Tower with Radar,9,21,19,7,56,0,0,2,5,7,9,21,21,12,63,0,0,0,63
12/06/2008,BIS,ND,AGL,CE,Combined TRACON& Tower with Radar,13,18,11,3,45,0,0,21,3,24,13,18,32,6,69,30,2,32,101
12/07/2008,BIS,ND,AGL,CE,Combined TRACON& Tower with Radar,10,12,17,0,39,0,0,2,0,2,10,12,19,0,41,8,0,8,49
12/08/2008,BIS,ND,AGL,CE,Combined TRACON& Tower with Radar,10,19,10,2,41,0,0,0,8,8,10,19,10,10,49,0,0,0,49
12/09/2008,BIS,ND,AGL,CE,Combined TRACON& Tower with Radar,7,20,49,7,83,0,0,33,20,53,7,20,82,27,136,26,20,46,182
12/10/2008,BIS,ND,AGL,CE,Combined TRACON& Tower with Radar,15,14,26,7,62,0,0,13,18,31,15,14,39,25,93,0,6,6,99
12/11/2008,BIS,ND,AGL,CE,Combined TRACON& Tower with Radar,13,28,39,0,80,0,0,19,15,34,13,28,58,15,114,0,10,10,124
12/12/2008,BIS,ND,AGL,CE,Combined TRACON& Tower with Radar,11,22,26,12,71,0,0,28,7,35,11,22,54,19,106,54,32,86,192
12/13/2008,BIS,ND,AGL,CE,Combined TRACON& Tower with Radar,7,18,10,13,48,0,0,0,7,7,7,18,10,20,55,0,0,0,55
12/14/2008,BIS,ND,AGL,CE,Combined TRACON& Tower with Radar,7,8,0,0,15,0,0,0,0,0,7,8,0,0,15,0,0,0,15
12/15/2008,BIS,ND,AGL,CE,Combined TRACON& Tower with Radar,13,18,15,3,49,0,0,14,0,14,13,18,29,3,63,8,0,8,71
12/16/2008,BIS,ND,AGL,CE,Combined TRACON& Tower with Radar,7,21,34,7,69,0,0,15,3,18,7,21,49,10,87,16,14,30,117
12/17/2008,BIS,ND,AGL,CE,Combined TRACON& Tower with Radar,15,19,29,1,64,0,3,27,6,36,15,22,56,7,100,46,0,46,146
12/18/2008,BIS,ND,AGL,CE,Combined TRACON& Tower with Radar,5,23,34,13,75,0,0,28,11,39,5,23,62,24,114,22,27,49,163
12/19/2008,BIS,ND,AGL,CE,Combined TRACON& Tower with Radar,10,21,22,4,57,0,0,0,0,0,10,21,22,4,57,0,0,0,57
12/20/2008,BIS,ND,AGL,CE,Combined TRACON& Tower with Radar,8,20,10,2,40,0,0,0,0,0,8,20,10,2,40,0,0,0,40
12/21/2008,BIS,ND,AGL,CE,Combined TRACON& Tower with Radar,6,10,3,0,19,0,0,9,0,9,6,10,12,0,28,14,0,14,42
12/22/2008,BIS,ND,AGL,CE,Combined TRACON& Tower with Radar,8,25,17,0,50,0,1,10,0,11,8,26,27,0,61,12,0,12,73
12/23/2008,BIS,ND,AGL,CE,Combined TRACON& Tower with Radar,11,23,15,0,49,0,0,9,0,9,11,23,24,0,58,0,0,0,58
12/24/2008,BIS,ND,AGL,CE,Combined TRACON& Tower with Radar,10,26,15,1,52,0,0,2,0,2,10,26,17,1,54,4,2,6,60
12/25/2008,BIS,ND,AGL,CE,Combined TRACON& Tower with Radar,6,12,2,0,20,0,0,0,1,1,6,12,2,1,21,6,0,6,27
12/26/2008,BIS,ND,AGL,CE,Combined TRACON& Tower with Radar,9,20,2,0,31,0,0,0,0,0,9,20,2,0,31,0,0,0,31
12/27/2008,BIS,ND,AGL,CE,Combined TRACON& Tower with Radar,9,21,5,5,40,0,0,13,5,18,9,21,18,10,58,38,16,54,112
12/28/2008,BIS,ND,AGL,CE,Combined TRACON& Tower with Radar,3,19,9,1,32,0,3,13,0,16,3,22,22,1,48,60,32,92,140
12/29/2008,BIS,ND,AGL,CE,Combined TRACON& Tower with Radar,12,21,4,0,37,0,0,15,2,17,12,21,19,2,54,32,0,32,86
12/30/2008,BIS,ND,AGL,CE,Combined TRACON& Tower with Radar,13,22,10,2,47,0,0,5,2,7,13,22,15,4,54,0,0,0,54
12/31/2008,BIS,ND,AGL,CE,Combined TRACON& Tower with Radar,11,20,7,0,38,0,0,8,0,8,11,20,15,0,46,4,0,4,50
01/01/2009,BIS,ND,AGL,CE,Combined TRACON& Tower with Radar,7,10,4,0,21,0,0,5,0,5,7,10,9,0,26,0,0,0,26
01/02/2009,BIS,ND,AGL,CE,Combined TRACON& Tower with Radar,9,19,5,0,33,0,0,9,0,9,9,19,14,0,42,16,0,16,58
01/03/2009,BIS,ND,AGL,CE,Combined TRACON& Tower with Radar,9,23,1,0,33,0,0,2,0,2,9,23,3,0,35,0,0,0,35
01/04/2009,BIS,ND,AGL,CE,Combined TRACON& Tower with Radar,6,13,7,0,26,0,0,13,0,13,6,13,20,0,39,4,0,4,43
01/05/2009,BIS,ND,AGL,CE,Combined TRACON& Tower with Radar,7,18,20,2,47,0,2,19,2,23,7,20,39,4,70,22,0,22,92
01/06/2009,BIS,ND,AGL,CE,Combined TRACON& Tower with Radar,9,17,28,2,56,0,0,13,9,22,9,17,41,11,78,0,14,14,92
01/07/2009,BIS,ND,AGL,CE,Combined TRACON& Tower with Radar,15,19,32,1,67,0,0,9,6,15,15,19,41,7,82,4,0,4,86
01/08/2009,BIS,ND,AGL,CE,Combined TRACON& Tower with Radar,10,23,23,2,58,0,0,11,0,11,10,23,34,2,69,4,0,4,73
01/09/2009,BIS,ND,AGL,CE,Combined TRACON& Tower with Radar,8,23,10,1,42,0,0,4,3,7,8,23,14,4,49,0,0,0,49
01/10/2009,BIS,ND,AGL,CE,Combined TRACON& Tower with Radar,9,19,10,3,41,0,3,19,20,42,9,22,29,23,83,16,14,30,113
01/11/2009,BIS,ND,AGL,CE,Combined TRACON& Tower with Radar,6,13,12,22,53,0,0,9,9,18,6,13,21,31,71,2,18,20,91
01/12/2009,BIS,ND,AGL,CE,Combined TRACON& Tower with Radar,9,16,8,2,35,0,0,3,3,6,9,16,11,5,41,8,12,20,61
01/13/2009,BIS,ND,AGL,CE,Combined TRACON& Tower with Radar,7,24,31,2,64,0,0,0,0,0,7,24,31,2,64,0,0,0,64
01/14/2009,BIS,ND,AGL,CE,Combined TRACON& Tower with Radar,13,16,28,5,62,0,0,5,1,6,13,16,33,6,68,0,0,0,68
01/15/2009,BIS,ND,AGL,CE,Combined TRACON& Tower with Radar,6,19,26,3,54,0,0,5,0,5,6,19,31,3,59,0,0,0,59
01/16/2009,BIS,ND,AGL,CE,Combined TRACON& Tower with Radar,10,19,9,10,48,0,0,7,5,12,10,19,16,15,60,0,4,4,64
01/17/2009,BIS,ND,AGL,CE,Combined TRACON& Tower with Radar,7,20,8,7,42,0,0,7,0,7,7,20,15,7,49,0,12,12,61
01/18/2009,BIS,ND,AGL,CE,Combined TRACON& Tower with Radar,6,13,14,0,33,0,0,18,4,22,6,13,32,4,55,52,0,52,107
01/19/2009,BIS,ND,AGL,CE,Combined TRACON& Tower with Radar,9,16,18,0,43,0,0,22,0,22,9,16,40,0,65,12,0,12,77
01/20/2009,BIS,ND,AGL,CE,Combined TRACON& Tower with Radar,9,20,30,10,69,0,5,21,8,34,9,25,51,18,103,27,0,27,130
01/21/2009,BIS,ND,AGL,CE,Combined TRACON& Tower with Radar,11,20,32,0,63,0,3,39,7,49,11,23,71,7,112,51,0,51,163
01/22/2009,BIS,ND,AGL,CE,Combined TRACON& Tower with Radar,7,16,32,16,71,0,0,27,5,32,7,16,59,21,103,38,8,46,149
01/23/2009,BIS,ND,AGL,CE,Combined TRACON& Tower with Radar,10,26,26,6,68,0,0,23,9,32,10,26,49,15,100,0,6,6,106
01/24/2009,BIS,ND,AGL,CE,Combined TRACON& Tower with Radar,8,22,8,0,38,0,0,2,0,2,8,22,10,0,40,6,6,12,52
01/25/2009,BIS,ND,AGL,CE,Combined TRACON& Tower with Radar,9,15,11,2,37,0,0,20,1,21,9,15,31,3,58,22,0,22,80
01/26/2009,BIS,ND,AGL,CE,Combined TRACON& Tower with Radar,9,19,23,0,51,0,0,4,11,15,9,19,27,11,66,0,6,6,72
01/27/2009,BIS,ND,AGL,CE,Combined TRACON& Tower with Radar,7,20,41,2,70,0,0,24,10,34,7,20,65,12,104,32,4,36,140
01/28/2009,BIS,ND,AGL,CE,Combined TRACON& Tower with Radar,10,23,28,7,68,0,0,11,10,21,10,23,39,17,89,8,2,10,99
01/29/2009,BIS,ND,AGL,CE,Combined TRACON& Tower with Radar,8,21,14,4,47,0,0,13,3,16,8,21,27,7,63,10,2,12,75
01/30/2009,BIS,ND,AGL,CE,Combined TRACON& Tower with Radar,9,16,24,2,51,0,1,18,7,26,9,17,42,9,77,63,0,63,140
01/31/2009,BIS,ND,AGL,CE,Combined TRACON& Tower with Radar,10,17,2,0,29,0,0,7,1,8,10,17,9,1,37,0,0,0,37
02/01/2009,BIS,ND,AGL,CE,Combined TRACON& Tower with Radar,7,13,0,0,20,0,0,6,0,6,7,13,6,0,26,0,0,0,26
02/02/2009,BIS,ND,AGL,CE,Combined TRACON& Tower with Radar,10,18,15,4,47,0,0,22,8,30,10,18,37,12,77,40,64,104,181
02/03/2009,BIS,ND,AGL,CE,Combined TRACON& Tower with Radar,8,21,30,16,75,0,0,27,12,39,8,21,57,28,114,77,17,94,208
02/04/2009,BIS,ND,AGL,CE,Combined TRACON& Tower with Radar,12,25,26,4,67,0,0,14,9,23,12,25,40,13,90,16,4,20,110
02/05/2009,BIS,ND,AGL,CE,Combined TRACON& Tower with Radar,7,20,29,1,57,0,6,36,5,47,7,26,65,6,104,44,0,44,148
02/06/2009,BIS,ND,AGL,CE,Combined TRACON& Tower with Radar,7,23,15,8,53,0,0,18,18,36,7,23,33,26,89,0,16,16,105
02/07/2009,BIS,ND,AGL,CE,Combined TRACON& Tower with Radar,9,17,3,3,32,0,0,13,4,17,9,17,16,7,49,24,12,36,85
02/08/2009,BIS,ND,AGL,CE,Combined TRACON& Tower with Radar,8,12,19,3,42,0,0,29,23,52,8,12,48,26,94,42,90,132,226
02/09/2009,BIS,ND,AGL,CE,Combined TRACON& Tower with Radar,9,20,11,0,40,0,0,0,0,0,9,20,11,0,40,0,0,0,40
02/10/2009,BIS,ND,AGL,CE,Combined TRACON& Tower with Radar,10,27,17,0,54,0,0,0,0,0,10,27,17,0,54,0,0,0,54
02/11/2009,BIS,ND,AGL,CE,Combined TRACON& Tower with Radar,11,29,19,0,59,0,0,7,1,8,11,29,26,1,67,8,0,8,75
02/12/2009,BIS,ND,AGL,CE,Combined TRACON& Tower with Radar,6,25,30,3,64,0,3,26,12,41,6,28,56,15,105,10,6,16,121
02/13/2009,BIS,ND,AGL,CE,Combined TRACON& Tower with Radar,6,24,24,2,56,0,0,48,5,53,6,24,72,7,109,59,2,61,170
02/14/2009,BIS,ND,AGL,CE,Combined TRACON& Tower with Radar,8,20,6,0,34,0,8,22,1,31,8,28,28,1,65,26,0,26,91
02/15/2009,BIS,ND,AGL,CE,Combined TRACON& Tower with Radar,3,15,8,0,26,0,0,0,0,0,3,15,8,0,26,0,0,0,26
02/16/2009,BIS,ND,AGL,CE,Combined TRACON& Tower with Radar,7,21,22,2,52,0,0,0,0,0,7,21,22,2,52,0,0,0,52
02/17/2009,BIS,ND,AGL,CE,Combined TRACON& Tower with Radar,8,29,30,3,70,0,0,0,0,0,8,29,30,3,70,0,0,0,70
02/18/2009,BIS,ND,AGL,CE,Combined TRACON& Tower with Radar,12,26,20,4,62,0,3,17,2,22,12,29,37,6,84,34,0,34,118
02/19/2009,BIS,ND,AGL,CE,Combined TRACON& Tower with Radar,5,27,38,1,71,0,1,24,12,37,5,28,62,13,108,0,8,8,116
02/20/2009,BIS,ND,AGL,CE,Combined TRACON& Tower with Radar,9,26,14,6,55,0,0,0,0,0,9,26,14,6,55,0,0,0,55
02/21/2009,BIS,ND,AGL,CE,Combined TRACON& Tower with Radar,7,24,31,0,62,0,6,35,0,41,7,30,66,0,103,66,4,70,173
02/22/2009,BIS,ND,AGL,CE,Combined TRACON& Tower with Radar,6,14,7,0,27,0,11,14,0,25,6,25,21,0,52,52,0,52,104
02/23/2009,BIS,ND,AGL,CE,Combined TRACON& Tower with Radar,8,32,21,5,66,0,3,22,16,41,8,35,43,21,107,20,14,34,141
02/24/2009,BIS,ND,AGL,CE,Combined TRACON& Tower with Radar,3,29,31,4,67,0,0,7,6,13,3,29,38,10,80,4,12,16,96
02/25/2009,BIS,ND,AGL,CE,Combined TRACON& Tower with Radar,7,24,28,2,61,0,0,10,13,23,7,24,38,15,84,4,4,8,92
02/26/2009,BIS,ND,AGL,CE,Combined TRACON& Tower with Radar,4,27,25,8,64,0,0,5,4,9,4,27,30,12,73,0,2,2,75
02/27/2009,BIS,ND,AGL,CE,Combined TRACON& Tower with Radar,7,22,15,7,51,0,6,14,5,25,7,28,29,12,76,2,8,10,86
02/28/2009,BIS,ND,AGL,CE,Combined TRACON& Tower with Radar,6,22,6,2,36,0,0,15,0,15,6,22,21,2,51,52,0,52,103
03/01/2009,BIS,ND,AGL,CE,Combined TRACON& Tower with Radar,6,14,5,0,25,0,2,9,0,11,6,16,14,0,36,38,0,38,74
03/02/2009,BIS,ND,AGL,CE,Combined TRACON& Tower with Radar,8,17,30,0,55,0,2,29,15,46,8,19,59,15,101,21,35,56,157
03/03/2009,BIS,ND,AGL,CE,Combined TRACON& Tower with Radar,6,26,27,6,65,0,0,29,2,31,6,26,56,8,96,40,4,44,140
03/04/2009,BIS,ND,AGL,CE,Combined TRACON& Tower with Radar,9,24,25,1,59,0,0,11,4,15,9,24,36,5,74,12,0,12,86
03/05/2009,BIS,ND,AGL,CE,Combined TRACON& Tower with Radar,5,24,24,2,55,0,0,8,0,8,5,24,32,2,63,10,0,10,73
03/06/2009,BIS,ND,AGL,CE,Combined TRACON& Tower with Radar,5,23,8,2,38,0,0,15,4,19,5,23,23,6,57,0,12,12,69
03/07/2009,BIS,ND,AGL,CE,Combined TRACON& Tower with Radar,9,24,2,0,35,0,4,22,8,34,9,28,24,8,69,108,20,128,197
03/08/2009,BIS,ND,AGL,CE,Combined TRACON& Tower with Radar,7,12,13,3,35,0,0,1,1,2,7,12,14,4,37,0,18,18,55
03/09/2009,BIS,ND,AGL,CE,Combined TRACON& Tower with Radar,8,19,25,0,52,0,0,0,0,0,8,19,25,0,52,0,0,0,52
03/10/2009,BIS,ND,AGL,CE,Combined TRACON& Tower with Radar,4,31,22,0,57,0,0,0,0,0,4,31,22,0,57,0,0,0,57
03/11/2009,BIS,ND,AGL,CE,Combined TRACON& Tower with Radar,11,23,25,1,60,0,0,14,0,14,11,23,39,1,74,8,0,8,82
03/12/2009,BIS,ND,AGL,CE,Combined TRACON& Tower with Radar,5,22,19,6,52,0,3,27,6,36,5,25,46,12,88,8,0,8,96
03/13/2009,BIS,ND,AGL,CE,Combined TRACON& Tower with Radar,5,22,12,3,42,0,1,30,0,31,5,23,42,3,73,20,0,20,93
03/14/2009,BIS,ND,AGL,CE,Combined TRACON& Tower with Radar,6,22,14,5,47,0,17,36,4,57,6,39,50,9,104,76,20,96,200
03/15/2009,BIS,ND,AGL,CE,Combined TRACON& Tower with Radar,6,14,10,0,30,0,5,36,3,44,6,19,46,3,74,86,0,86,160
03/16/2009,BIS,ND,AGL,CE,Combined TRACON& Tower with Radar,7,27,23,4,61,0,2,36,6,44,7,29,59,10,105,76,4,80,185
03/17/2009,BIS,ND,AGL,CE,Combined TRACON& Tower with Radar,8,26,41,0,75,0,3,16,11,30,8,29,57,11,105,6,0,6,111
03/18/2009,BIS,ND,AGL,CE,Combined TRACON& Tower with Radar,8,31,41,0,80,0,2,12,7,21,8,33,53,7,101,46,8,54,155
03/19/2009,BIS,ND,AGL,CE,Combined TRACON& Tower with Radar,4,23,38,4,69,0,0,42,10,52,4,23,80,14,121,39,2,41,162
03/20/2009,BIS,ND,AGL,CE,Combined TRACON& Tower with Radar,6,25,24,4,59,0,5,26,1,32,6,30,50,5,91,36,0,36,127
03/21/2009,BIS,ND,AGL,CE,Combined TRACON& Tower with Radar,10,24,13,4,51,0,0,16,0,16,10,24,29,4,67,36,0,36,103
03/22/2009,BIS,ND,AGL,CE,Combined TRACON& Tower with Radar,6,13,6,3,28,0,0,0,2,2,6,13,6,5,30,0,0,0,30
03/23/2009,BIS,ND,AGL,CE,Combined TRACON& Tower with Radar,10,19,8,9,46,0,0,9,5,14,10,19,17,14,60,0,14,14,74
03/24/2009,BIS,ND,AGL,CE,Combined TRACON& Tower with Radar,2,18,9,0,29,0,0,0,0,0,2,18,9,0,29,0,0,0,29
03/25/2009,BIS,ND,AGL,CE,Combined TRACON& Tower with Radar,8,22,28,5,63,0,0,29,59,88,8,22,57,64,151,12,16,28,179
03/26/2009,BIS,ND,AGL,CE,Combined TRACON& Tower with Radar,5,27,19,18,69,0,0,5,14,19,5,27,24,32,88,0,10,10,98
03/27/2009,BIS,ND,AGL,CE,Combined TRACON& Tower with Radar,11,34,26,12,83,0,7,31,9,47,11,41,57,21,130,6,0,6,136
03/28/2009,BIS,ND,AGL,CE,Combined TRACON& Tower with Radar,6,23,13,2,44,0,5,37,11,53,6,28,50,13,97,62,0,62,159
03/29/2009,BIS,ND,AGL,CE,Combined TRACON& Tower with Radar,4,11,9,9,33,0,0,0,0,0,4,11,9,9,33,0,0,0,33
03/30/2009,BIS,ND,AGL,CE,Combined TRACON& Tower with Radar,7,12,4,1,24,0,0,0,0,0,7,12,4,1,24,0,0,0,24
03/31/2009,BIS,ND,AGL,CE,Combined TRACON& Tower with Radar,4,25,12,4,45,0,0,5,0,5,4,25,17,4,50,0,0,0,50
04/01/2009,BIS,ND,AGL,CE,Combined TRACON& Tower with Radar,8,30,27,5,70,0,1,14,9,24,8,31,41,14,94,27,8,35,129
04/02/2009,BIS,ND,AGL,CE,Combined TRACON& Tower with Radar,7,36,36,7,86,0,3,42,10,55,7,39,78,17,141,40,4,44,185
04/03/2009,BIS,ND,AGL,CE,Combined TRACON& Tower with Radar,5,28,24,5,62,0,6,20,10,36,5,34,44,15,98,52,0,52,150
04/04/2009,BIS,ND,AGL,CE,Combined TRACON& Tower with Radar,8,28,7,0,43,0,0,7,4,11,8,28,14,4,54,46,0,46,100
04/05/2009,BIS,ND,AGL,CE,Combined TRACON& Tower with Radar,7,16,11,0,34,0,2,14,4,20,7,18,25,4,54,38,0,38,92
04/06/2009,BIS,ND,AGL,CE,Combined TRACON& Tower with Radar,7,25,21,0,53,0,4,35,11,50,7,29,56,11,103,22,0,22,125
04/07/2009,BIS,ND,AGL,CE,Combined TRACON& Tower with Radar,7,26,30,5,68,0,2,26,6,34,7,28,56,11,102,12,0,12,114
04/08/2009,BIS,ND,AGL,CE,Combined TRACON& Tower with Radar,9,27,34,0,70,0,2,37,15,54,9,29,71,15,124,78,4,82,206
04/09/2009,BIS,ND,AGL,CE,Combined TRACON& Tower with Radar,8,30,48,0,86,0,4,44,26,74,8,34,92,26,160,16,6,22,182
04/10/2009,BIS,ND,AGL,CE,Combined TRACON& Tower with Radar,7,29,11,3,50,0,11,14,3,28,7,40,25,6,78,25,0,25,103
04/11/2009,BIS,ND,AGL,CE,Combined TRACON& Tower with Radar,6,20,4,0,30,0,1,14,3,18,6,21,18,3,48,56,0,56,104
04/12/2009,BIS,ND,AGL,CE,Combined TRACON& Tower with Radar,5,16,13,0,34,0,0,3,4,7,5,16,16,4,41,0,0,0,41
04/13/2009,BIS,ND,AGL,CE,Combined TRACON& Tower with Radar,9,23,24,2,58,0,2,32,4,38,9,25,56,6,96,76,5,81,177
04/14/2009,BIS,ND,AGL,CE,Combined TRACON& Tower with Radar,5,24,30,2,61,0,1,53,15,69,5,25,83,17,130,52,0,52,182
04/15/2009,BIS,ND,AGL,CE,Combined TRACON& Tower with Radar,8,25,31,1,65,0,0,19,8,27,8,25,50,9,92,9,0,9,101
04/16/2009,BIS,ND,AGL,CE,Combined TRACON& Tower with Radar,6,35,36,2,79,0,0,21,4,25,6,35,57,6,104,2,0,2,106
04/17/2009,BIS,ND,AGL,CE,Combined TRACON& Tower with Radar,7,30,29,0,66,0,2,24,7,33,7,32,53,7,99,2,0,2,101
04/18/2009,BIS,ND,AGL,CE,Combined TRACON& Tower with Radar,4,22,5,2,33,0,0,6,0,6,4,22,11,2,39,51,0,51,90
04/19/2009,BIS,ND,AGL,CE,Combined TRACON& Tower with Radar,6,16,4,2,28,0,0,33,5,38,6,16,37,7,66,52,6,58,124
04/20/2009,BIS,ND,AGL,CE,Combined TRACON& Tower with Radar,6,24,28,2,60,0,2,30,13,45,6,26,58,15,105,59,0,59,164
04/21/2009,BIS,ND,AGL,CE,Combined TRACON& Tower with Radar,4,26,36,9,75,0,0,60,4,64,4,26,96,13,139,40,10,50,189
04/22/2009,BIS,ND,AGL,CE,Combined TRACON& Tower with Radar,9,34,30,0,73,0,2,37,3,42,9,36,67,3,115,34,12,46,161
04/23/2009,BIS,ND,AGL,CE,Combined TRACON& Tower with Radar,5,25,28,2,60,0,1,36,6,43,5,26,64,8,103,14,0,14,117
04/24/2009,BIS,ND,AGL,CE,Combined TRACON& Tower with Radar,10,24,18,0,52,0,1,7,1,9,10,25,25,1,61,10,0,10,71
04/25/2009,BIS,ND,AGL,CE,Combined TRACON& Tower with Radar,4,33,26,7,70,0,3,33,10,46,4,36,59,17,116,92,16,108,224
04/26/2009,BIS,ND,AGL,CE,Combined TRACON& Tower with Radar,6,16,1,3,26,0,0,0,0,0,6,16,1,3,26,0,0,0,26
04/27/2009,BIS,ND,AGL,CE,Combined TRACON& Tower with Radar,7,20,32,2,61,0,4,54,2,60,7,24,86,4,121,52,0,52,173
04/28/2009,BIS,ND,AGL,CE,Combined TRACON& Tower with Radar,4,24,40,1,69,0,0,45,8,53,4,24,85,9,122,68,30,98,220
04/29/2009,BIS,ND,AGL,CE,Combined TRACON& Tower with Radar,6,33,16,1,56,0,0,2,1,3,6,33,18,2,59,0,2,2,61
04/30/2009,BIS,ND,AGL,CE,Combined TRACON& Tower with Radar,5,25,37,7,74,0,0,10,5,15,5,25,47,12,89,16,6,22,111
05/01/2009,BIS,ND,AGL,CE,Combined TRACON& Tower with Radar,6,22,12,6,46,0,1,25,5,31,6,23,37,11,77,8,6,14,91
05/02/2009,BIS,ND,AGL,CE,Combined TRACON& Tower with Radar,4,22,9,1,36,0,2,20,10,32,4,24,29,11,68,10,0,10,78
05/03/2009,BIS,ND,AGL,CE,Combined TRACON& Tower with Radar,7,14,9,1,31,0,2,46,3,51,7,16,55,4,82,110,0,110,192
05/04/2009,BIS,ND,AGL,CE,Combined TRACON& Tower with Radar,8,22,27,2,59,0,0,23,9,32,8,22,50,11,91,30,2,32,123
05/05/2009,BIS,ND,AGL,CE,Combined TRACON& Tower with Radar,6,26,41,1,74,0,1,52,7,60,6,27,93,8,134,46,0,46,180
05/06/2009,BIS,ND,AGL,CE,Combined TRACON& Tower with Radar,9,29,29,1,68,0,0,51,10,61,9,29,80,11,129,25,2,27,156
05/07/2009,BIS,ND,AGL,CE,Combined TRACON& Tower with Radar,3,32,40,2,77,0,0,38,18,56,3,32,78,20,133,18,0,18,151
05/08/2009,BIS,ND,AGL,CE,Combined TRACON& Tower with Radar,10,29,34,1,74,0,0,9,0,9,10,29,43,1,83,8,0,8,91
05/09/2009,BIS,ND,AGL,CE,Combined TRACON& Tower with Radar,6,24,13,0,43,0,0,21,0,21,6,24,34,0,64,16,0,16,80
05/10/2009,BIS,ND,AGL,CE,Combined TRACON& Tower with Radar,7,14,12,0,33,0,0,43,0,43,7,14,55,0,76,62,0,62,138
05/11/2009,BIS,ND,AGL,CE,Combined TRACON& Tower with Radar,7,19,22,2,50,0,0,41,7,48,7,19,63,9,98,88,14,102,200
05/12/2009,BIS,ND,AGL,CE,Combined TRACON& Tower with Radar,7,22,42,0,71,0,0,47,0,47,7,22,89,0,118,36,0,36,154
05/13/2009,BIS,ND,AGL,CE,Combined TRACON& Tower with Radar,10,21,37,0,68,0,0,33,6,39,10,21,70,6,107,8,0,8,115
05/14/2009,BIS,ND,AGL,CE,Combined TRACON& Tower with Radar,4,24,42,11,81,0,4,50,6,60,4,28,92,17,141,36,4,40,181
05/15/2009,BIS,ND,AGL,CE,Combined TRACON& Tower with Radar,6,22,24,0,52,0,0,14,1,15,6,22,38,1,67,6,0,6,73
05/16/2009,BIS,ND,AGL,CE,Combined TRACON& Tower with Radar,5,33,21,1,60,0,7,36,0,43,5,40,57,1,103,74,0,74,177
05/17/2009,BIS,ND,AGL,CE,Combined TRACON& Tower with Radar,8,18,11,1,38,0,3,23,0,26,8,21,34,1,64,58,0,58,122
05/18/2009,BIS,ND,AGL,CE,Combined TRACON& Tower with Radar,7,23,19,1,50,0,0,34,2,36,7,23,53,3,86,2,0,2,88
05/19/2009,BIS,ND,AGL,CE,Combined TRACON& Tower with Radar,8,25,25,4,62,0,1,32,6,39,8,26,57,10,101,28,0,28,129
05/20/2009,BIS,ND,AGL,CE,Combined TRACON& Tower with Radar,9,23,29,4,65,0,2,22,7,31,9,25,51,11,96,30,8,38,134
05/21/2009,BIS,ND,AGL,CE,Combined TRACON& Tower with Radar,4,21,40,4,69,0,7,66,6,79,4,28,106,10,148,52,0,52,200
05/22/2009,BIS,ND,AGL,CE,Combined TRACON& Tower with Radar,12,17,34,0,63,0,0,36,2,38,12,17,70,2,101,22,0,22,123
05/23/2009,BIS,ND,AGL,CE,Combined TRACON& Tower with Radar,11,25,13,1,50,0,3,21,1,25,11,28,34,2,75,40,8,48,123
05/24/2009,BIS,ND,AGL,CE,Combined TRACON& Tower with Radar,1,18,15,0,34,0,1,9,7,17,1,19,24,7,51,28,0,28,79
05/25/2009,BIS,ND,AGL,CE,Combined TRACON& Tower with Radar,7,14,8,2,31,0,0,2,3,5,7,14,10,5,36,0,0,0,36
05/26/2009,BIS,ND,AGL,CE,Combined TRACON& Tower with Radar,6,22,35,3,66,0,0,32,8,40,6,22,67,11,106,36,6,42,148
05/27/2009,BIS,ND,AGL,CE,Combined TRACON& Tower with Radar,11,36,30,4,81,0,18,40,2,60,11,54,70,6,141,45,0,45,186
05/28/2009,BIS,ND,AGL,CE,Combined TRACON& Tower with Radar,5,24,43,2,74,0,0,47,5,52,5,24,90,7,126,30,0,30,156
05/29/2009,BIS,ND,AGL,CE,Combined TRACON& Tower with Radar,8,27,14,4,53,0,2,37,15,54,8,29,51,19,107,18,0,18,125
05/30/2009,BIS,ND,AGL,CE,Combined TRACON& Tower with Radar,7,25,14,0,46,0,19,44,2,65,7,44,58,2,111,76,0,76,187
05/31/2009,BIS,ND,AGL,CE,Combined TRACON& Tower with Radar,6,14,7,0,27,0,4,21,2,27,6,18,28,2,54,68,0,68,122
06/01/2009,BIS,ND,AGL,CE,Combined TRACON& Tower with Radar,8,19,18,3,48,0,0,38,4,42,8,19,56,7,90,80,2,82,172
06/02/2009,BIS,ND,AGL,CE,Combined TRACON& Tower with Radar,7,23,27,2,59,0,4,55,7,66,7,27,82,9,125,61,0,61,186
06/03/2009,BIS,ND,AGL,CE,Combined TRACON& Tower with Radar,9,25,45,0,79,0,4,56,6,66,9,29,101,6,145,84,0,84,229
06/04/2009,BIS,ND,AGL,CE,Combined TRACON& Tower with Radar,7,27,36,2,72,0,0,41,10,51,7,27,77,12,123,52,0,52,175
06/05/2009,BIS,ND,AGL,CE,Combined TRACON& Tower with Radar,9,25,19,0,53,0,3,25,7,35,9,28,44,7,88,56,0,56,144
06/06/2009,BIS,ND,AGL,CE,Combined TRACON& Tower with Radar,13,27,7,0,47,0,0,3,4,7,13,27,10,4,54,0,0,0,54
06/07/2009,BIS,ND,AGL,CE,Combined TRACON& Tower with Radar,6,18,21,0,45,0,0,4,0,4,6,18,25,0,49,16,0,16,65
06/08/2009,BIS,ND,AGL,CE,Combined TRACON& Tower with Radar,9,37,36,9,91,0,0,18,5,23,9,37,54,14,114,16,56,72,186
06/09/2009,BIS,ND,AGL,CE,Combined TRACON& Tower with Radar,8,30,42,5,85,0,0,19,3,22,8,30,61,8,107,70,6,76,183
06/10/2009,BIS,ND,AGL,CE,Combined TRACON& Tower with Radar,11,28,43,1,83,0,2,41,6,49,11,30,84,7,132,87,0,87,219
06/11/2009,BIS,ND,AGL,CE,Combined TRACON& Tower with Radar,8,24,29,5,66,0,3,44,5,52,8,27,73,10,118,121,2,123,241
06/12/2009,BIS,ND,AGL,CE,Combined TRACON& Tower with Radar,6,31,13,3,53,0,10,61,2,73,6,41,74,5,126,61,0,61,187
06/13/2009,BIS,ND,AGL,CE,Combined TRACON& Tower with Radar,10,26,16,1,53,0,16,60,4,80,10,42,76,5,133,110,10,120,253
06/14/2009,BIS,ND,AGL,CE,Combined TRACON& Tower with Radar,7,20,14,0,41,0,11,42,0,53,7,31,56,0,94,36,0,36,130
06/15/2009,BIS,ND,AGL,CE,Combined TRACON& Tower with Radar,9,14,32,5,60,0,0,19,6,25,9,14,51,11,85,40,4,44,129
06/16/2009,BIS,ND,AGL,CE,Combined TRACON& Tower with Radar,7,26,34,2,69,0,0,10,7,17,7,26,44,9,86,0,0,0,86
06/17/2009,BIS,ND,AGL,CE,Combined TRACON& Tower with Radar,11,25,42,2,80,0,0,18,9,27,11,25,60,11,107,59,18,77,184
06/18/2009,BIS,ND,AGL,CE,Combined TRACON& Tower with Radar,7,26,21,0,54,0,0,13,3,16,7,26,34,3,70,38,0,38,108
06/19/2009,BIS,ND,AGL,CE,Combined TRACON& Tower with Radar,8,27,24,0,59,0,4,35,7,46,8,31,59,7,105,40,1,41,146
06/20/2009,BIS,ND,AGL,CE,Combined TRACON& Tower with Radar,9,26,7,4,46,0,14,34,1,49,9,40,41,5,95,50,0,50,145
06/21/2009,BIS,ND,AGL,CE,Combined TRACON& Tower with Radar,4,27,8,1,40,0,5,21,3,29,4,32,29,4,69,0,0,0,69
06/22/2009,BIS,ND,AGL,CE,Combined TRACON& Tower with Radar,10,30,44,12,96,0,2,31,12,45,10,32,75,24,141,32,34,66,207
06/23/2009,BIS,ND,AGL,CE,Combined TRACON& Tower with Radar,7,28,44,7,86,0,6,55,16,77,7,34,99,23,163,38,10,48,211
06/24/2009,BIS,ND,AGL,CE,Combined TRACON& Tower with Radar,10,31,35,5,81,0,0,48,12,60,10,31,83,17,141,42,12,54,195
06/25/2009,BIS,ND,AGL,CE,Combined TRACON& Tower with Radar,6,30,27,0,63,0,4,52,14,70,6,34,79,14,133,56,4,60,193
06/26/2009,BIS,ND,AGL,CE,Combined TRACON& Tower with Radar,10,28,25,4,67,0,3,29,3,35,10,31,54,7,102,37,0,37,139
06/27/2009,BIS,ND,AGL,CE,Combined TRACON& Tower with Radar,9,27,8,4,48,0,3,16,1,20,9,30,24,5,68,4,10,14,82
06/28/2009,BIS,ND,AGL,CE,Combined TRACON& Tower with Radar,6,17,10,1,34,0,0,47,0,47,6,17,57,1,81,60,0,60,141
06/29/2009,BIS,ND,AGL,CE,Combined TRACON& Tower with Radar,9,22,28,3,62,0,2,50,7,59,9,24,78,10,121,56,1,57,178
06/30/2009,BIS,ND,AGL,CE,Combined TRACON& Tower with Radar,9,28,21,1,59,0,6,65,3,74,9,34,86,4,133,44,0,44,177
07/01/2009,BIS,ND,AGL,CE,Combined TRACON& Tower with Radar,12,32,26,0,70,0,5,34,4,43,12,37,60,4,113,0,0,0,113
07/02/2009,BIS,ND,AGL,CE,Combined TRACON& Tower with Radar,7,27,29,1,64,0,1,35,0,36,7,28,64,1,100,6,0,6,106
07/03/2009,BIS,ND,AGL,CE,Combined TRACON& Tower with Radar,8,22,15,0,45,0,0,45,0,45,8,22,60,0,90,69,0,69,159
07/04/2009,BIS,ND,AGL,CE,Combined TRACON& Tower with Radar,12,11,4,0,27,0,0,11,2,13,12,11,15,2,40,32,0,32,72
07/05/2009,BIS,ND,AGL,CE,Combined TRACON& Tower with Radar,7,14,7,0,28,0,0,31,0,31,7,14,38,0,59,87,0,87,146
07/06/2009,BIS,ND,AGL,CE,Combined TRACON& Tower with Radar,9,30,24,9,72,0,4,60,14,78,9,34,84,23,150,66,10,76,226
07/07/2009,BIS,ND,AGL,CE,Combined TRACON& Tower with Radar,8,35,29,2,74,0,0,26,2,28,8,35,55,4,102,6,0,6,108
07/08/2009,BIS,ND,AGL,CE,Combined TRACON& Tower with Radar,12,28,32,1,73,0,8,35,2,45,12,36,67,3,118,14,24,38,156
07/09/2009,BIS,ND,AGL,CE,Combined TRACON& Tower with Radar,7,37,40,0,84,0,1,49,4,54,7,38,89,4,138,48,6,54,192
07/10/2009,BIS,ND,AGL,CE,Combined TRACON& Tower with Radar,8,26,16,1,51,0,1,37,7,45,8,27,53,8,96,82,16,98,194
07/11/2009,BIS,ND,AGL,CE,Combined TRACON& Tower with Radar,10,25,12,0,47,0,9,30,6,45,10,34,42,6,92,58,10,68,160
07/12/2009,BIS,ND,AGL,CE,Combined TRACON& Tower with Radar,6,18,10,5,39,0,0,0,0,0,6,18,10,5,39,73,0,73,112
07/13/2009,BIS,ND,AGL,CE,Combined TRACON& Tower with Radar,10,23,32,4,69,0,0,6,0,6,10,23,38,4,75,0,0,0,75
07/14/2009,BIS,ND,AGL,CE,Combined TRACON& Tower with Radar,9,35,26,5,75,0,1,23,4,28,9,36,49,9,103,15,0,15,118
07/15/2009,BIS,ND,AGL,CE,Combined TRACON& Tower with Radar,10,24,39,15,88,0,0,46,8,54,10,24,85,23,142,40,24,64,206
07/16/2009,BIS,ND,AGL,CE,Combined TRACON& Tower with Radar,7,30,40,12,89,0,4,46,9,59,7,34,86,21,148,52,12,64,212
07/17/2009,BIS,ND,AGL,CE,Combined TRACON& Tower with Radar,8,30,26,0,64,0,12,44,5,61,8,42,70,5,125,107,0,107,232
07/18/2009,BIS,ND,AGL,CE,Combined TRACON& Tower with Radar,11,25,15,0,51,0,21,42,1,64,11,46,57,1,115,58,0,58,173
07/19/2009,BIS,ND,AGL,CE,Combined TRACON& Tower with Radar,6,19,16,0,41,0,7,17,0,24,6,26,33,0,65,30,0,30,95
07/20/2009,BIS,ND,AGL,CE,Combined TRACON& Tower with Radar,7,21,25,1,54,0,1,29,10,40,7,22,54,11,94,16,0,16,110
07/21/2009,BIS,ND,AGL,CE,Combined TRACON& Tower with Radar,7,29,31,2,69,0,8,54,8,70,7,37,85,10,139,18,2,20,159
07/22/2009,BIS,ND,AGL,CE,Combined TRACON& Tower with Radar,11,27,42,0,80,0,5,54,11,70,11,32,96,11,150,19,5,24,174
07/23/2009,BIS,ND,AGL,CE,Combined TRACON& Tower with Radar,11,32,47,6,96,0,3,52,17,72,11,35,99,23,168,47,4,51,219
07/24/2009,BIS,ND,AGL,CE,Combined TRACON& Tower with Radar,9,22,18,0,49,0,3,38,9,50,9,25,56,9,99,26,0,26,125
07/25/2009,BIS,ND,AGL,CE,Combined TRACON& Tower with Radar,11,26,16,0,53,0,24,52,14,90,11,50,68,14,143,96,0,96,239
07/26/2009,BIS,ND,AGL,CE,Combined TRACON& Tower with Radar,8,17,10,2,37,0,19,19,0,38,8,36,29,2,75,32,0,32,107
07/27/2009,BIS,ND,AGL,CE,Combined TRACON& Tower with Radar,9,22,35,1,67,0,0,37,5,42,9,22,72,6,109,22,0,22,131
07/28/2009,BIS,ND,AGL,CE,Combined TRACON& Tower with Radar,6,24,41,0,71,0,5,49,5,59,6,29,90,5,130,56,4,60,190
07/29/2009,BIS,ND,AGL,CE,Combined TRACON& Tower with Radar,9,25,40,0,74,0,0,26,2,28,9,25,66,2,102,12,0,12,114
07/30/2009,BIS,ND,AGL,CE,Combined TRACON& Tower with Radar,7,29,42,1,79,0,0,33,4,37,7,29,75,5,116,14,0,14,130
07/31/2009,BIS,ND,AGL,CE,Combined TRACON& Tower with Radar,6,24,13,6,49,0,0,32,17,49,6,24,45,23,98,6,0,6,104
08/01/2009,BIS,ND,AGL,CE,Combined TRACON& Tower with Radar,9,24,14,0,47,0,30,68,0,98,9,54,82,0,145,22,0,22,167
08/02/2009,BIS,ND,AGL,CE,Combined TRACON& Tower with Radar,7,19,17,1,44,0,10,29,5,44,7,29,46,6,88,8,5,13,101
08/03/2009,BIS,ND,AGL,CE,Combined TRACON& Tower with Radar,9,21,18,1,49,0,0,35,16,51,9,21,53,17,100,32,6,38,138
08/04/2009,BIS,ND,AGL,CE,Combined TRACON& Tower with Radar,9,26,38,0,73,0,5,51,5,61,9,31,89,5,134,58,0,58,192
08/05/2009,BIS,ND,AGL,CE,Combined TRACON& Tower with Radar,11,26,29,2,68,0,1,26,8,35,11,27,55,10,103,77,0,77,180
08/06/2009,BIS,ND,AGL,CE,Combined TRACON& Tower with Radar,8,32,32,1,73,0,0,33,8,41,8,32,65,9,114,40,11,51,165
08/07/2009,BIS,ND,AGL,CE,Combined TRACON& Tower with Radar,8,28,23,12,71,0,0,1,2,3,8,28,24,14,74,0,0,0,74
08/08/2009,BIS,ND,AGL,CE,Combined TRACON& Tower with Radar,8,25,10,0,43,0,0,3,0,3,8,25,13,0,46,16,0,16,62
08/09/2009,BIS,ND,AGL,CE,Combined TRACON& Tower with Radar,8,21,21,0,50,0,0,39,0,39,8,21,60,0,89,38,0,38,127
08/10/2009,BIS,ND,AGL,CE,Combined TRACON& Tower with Radar,9,19,24,0,52,0,2,46,5,53,9,21,70,5,105,52,2,54,159
08/11/2009,BIS,ND,AGL,CE,Combined TRACON& Tower with Radar,8,24,17,3,52,0,0,44,2,46,8,24,61,5,98,4,0,4,102
08/12/2009,BIS,ND,AGL,CE,Combined TRACON& Tower with Radar,9,29,24,4,66,0,0,49,2,51,9,29,73,6,117,16,0,16,133
08/13/2009,BIS,ND,AGL,CE,Combined TRACON& Tower with Radar,7,32,58,1,98,0,4,30,9,43,7,36,88,10,141,10,14,24,165
08/14/2009,BIS,ND,AGL,CE,Combined TRACON& Tower with Radar,10,22,16,3,51,0,0,5,4,9,10,22,21,7,60,2,12,14,74
08/15/2009,BIS,ND,AGL,CE,Combined TRACON& Tower with Radar,9,23,10,3,45,0,0,7,4,11,9,23,17,7,56,10,2,12,68
08/16/2009,BIS,ND,AGL,CE,Combined TRACON& Tower with Radar,10,23,16,1,50,0,6,11,3,20,10,29,27,4,70,32,0,32,102
08/17/2009,BIS,ND,AGL,CE,Combined TRACON& Tower with Radar,11,18,18,1,48,0,0,14,1,15,11,18,32,2,63,10,12,22,85
08/18/2009,BIS,ND,AGL,CE,Combined TRACON& Tower with Radar,9,24,50,0,83,0,10,70,2,82,9,34,120,2,165,46,0,46,211
08/19/2009,BIS,ND,AGL,CE,Combined TRACON& Tower with Radar,14,26,30,2,72,0,0,24,1,25,14,26,54,3,97,14,0,14,111
08/20/2009,BIS,ND,AGL,CE,Combined TRACON& Tower with Radar,6,25,38,0,69,0,0,11,0,11,6,25,49,0,80,0,0,0,80
08/21/2009,BIS,ND,AGL,CE,Combined TRACON& Tower with Radar,10,29,20,0,59,0,1,44,4,49,10,30,64,4,108,10,0,10,118
08/22/2009,BIS,ND,AGL,CE,Combined TRACON& Tower with Radar,7,31,14,4,56,0,0,24,6,30,7,31,38,10,86,64,2,66,152
08/23/2009,BIS,ND,AGL,CE,Combined TRACON& Tower with Radar,7,17,11,1,36,0,6,32,4,42,7,23,43,5,78,10,0,10,88
08/24/2009,BIS,ND,AGL,CE,Combined TRACON& Tower with Radar,8,19,29,4,60,0,0,30,0,30,8,19,59,4,90,20,0,20,110
08/25/2009,BIS,ND,AGL,CE,Combined TRACON& Tower with Radar,8,25,50,0,83,0,4,30,3,37,8,29,80,3,120,10,0,10,130
08/26/2009,BIS,ND,AGL,CE,Combined TRACON& Tower with Radar,10,25,23,0,58,0,6,56,1,63,10,31,79,1,121,74,0,74,195
08/27/2009,BIS,ND,AGL,CE,Combined TRACON& Tower with Radar,7,29,44,3,83,0,0,46,1,47,7,29,90,4,130,23,6,29,159
08/28/2009,BIS,ND,AGL,CE,Combined TRACON& Tower with Radar,7,25,22,4,58,0,1,25,4,30,7,26,47,8,88,24,0,24,112
08/29/2009,BIS,ND,AGL,CE,Combined TRACON& Tower with Radar,7,29,13,4,53,0,6,47,3,56,7,35,60,7,109,92,0,92,201
08/30/2009,BIS,ND,AGL,CE,Combined TRACON& Tower with Radar,8,23,15,0,46,0,3,64,1,68,8,26,79,1,114,88,0,88,202
08/31/2009,BIS,ND,AGL,CE,Combined TRACON& Tower with Radar,8,20,24,4,56,0,5,28,1,34,8,25,52,5,90,38,0,38,128
09/01/2009,BIS,ND,AGL,CE,Combined TRACON& Tower with Radar,4,27,22,0,53,0,0,17,2,19,4,27,39,2,72,0,0,0,72
09/02/2009,BIS,ND,AGL,CE,Combined TRACON& Tower with Radar,5,29,38,2,74,0,1,17,2,20,5,30,55,4,94,0,0,0,94
09/03/2009,BIS,ND,AGL,CE,Combined TRACON& Tower with Radar,6,33,31,2,72,0,0,9,3,12,6,33,40,5,84,0,0,0,84
09/04/2009,BIS,ND,AGL,CE,Combined TRACON& Tower with Radar,6,29,14,2,51,0,0,7,1,8,6,29,21,3,59,0,0,0,59
09/05/2009,BIS,ND,AGL,CE,Combined TRACON& Tower with Radar,6,20,15,0,41,0,7,42,0,49,6,27,57,0,90,30,12,42,132
09/06/2009,BIS,ND,AGL,CE,Combined TRACON& Tower with Radar,4,14,2,0,20,0,0,7,0,7,4,14,9,0,27,12,0,12,39
09/07/2009,BIS,ND,AGL,CE,Combined TRACON& Tower with Radar,6,20,3,0,29,0,0,6,0,6,6,20,9,0,35,60,0,60,95
09/08/2009,BIS,ND,AGL,CE,Combined TRACON& Tower with Radar,3,22,25,0,50,0,0,5,8,13,3,22,30,8,63,0,0,0,63
09/09/2009,BIS,ND,AGL,CE,Combined TRACON& Tower with Radar,5,26,21,0,52,0,7,58,5,70,5,33,79,5,122,30,0,30,152
09/10/2009,BIS,ND,AGL,CE,Combined TRACON& Tower with Radar,4,30,28,0,62,0,0,26,5,31,4,30,54,5,93,36,0,36,129
09/11/2009,BIS,ND,AGL,CE,Combined TRACON& Tower with Radar,6,27,18,2,53,0,0,22,5,27,6,27,40,7,80,11,0,11,91
09/12/2009,BIS,ND,AGL,CE,Combined TRACON& Tower with Radar,6,31,15,0,52,0,1,20,1,22,6,32,35,1,74,44,0,44,118
09/13/2009,BIS,ND,AGL,CE,Combined TRACON& Tower with Radar,4,17,9,0,30,0,3,27,6,36,4,20,36,6,66,60,0,60,126
09/14/2009,BIS,ND,AGL,CE,Combined TRACON& Tower with Radar,6,24,30,3,63,0,0,26,11,37,6,24,56,14,100,22,8,30,130
09/15/2009,BIS,ND,AGL,CE,Combined TRACON& Tower with Radar,4,27,35,2,68,0,0,51,7,58,4,27,86,9,126,66,4,70,196
09/16/2009,BIS,ND,AGL,CE,Combined TRACON& Tower with Radar,6,27,38,3,74,0,3,46,8,57,6,30,84,11,131,76,0,76,207
09/17/2009,BIS,ND,AGL,CE,Combined TRACON& Tower with Radar,4,31,44,2,81,2,1,49,3,55,6,32,93,5,136,54,2,56,192
09/18/2009,BIS,ND,AGL,CE,Combined TRACON& Tower with Radar,8,27,22,4,61,0,9,48,7,64,8,36,70,11,125,66,0,66,191
09/19/2009,BIS,ND,AGL,CE,Combined TRACON& Tower with Radar,8,25,8,0,41,0,3,22,9,34,8,28,30,9,75,12,4,16,91
09/20/2009,BIS,ND,AGL,CE,Combined TRACON& Tower with Radar,4,19,6,9,38,0,0,27,0,27,4,19,33,9,65,34,4,38,103
09/21/2009,BIS,ND,AGL,CE,Combined TRACON& Tower with Radar,6,29,32,6,73,0,0,2,2,4,6,29,34,8,77,0,0,0,77
09/22/2009,BIS,ND,AGL,CE,Combined TRACON& Tower with Radar,4,31,28,17,80,0,0,21,7,28,4,31,49,24,108,26,0,26,134
09/23/2009,BIS,ND,AGL,CE,Combined TRACON& Tower with Radar,6,24,20,6,56,0,1,41,0,42,6,25,61,6,98,18,8,26,124
09/24/2009,BIS,ND,AGL,CE,Combined TRACON& Tower with Radar,4,32,35,5,76,0,4,46,5,55,4,36,81,10,131,36,0,36,167
09/25/2009,BIS,ND,AGL,CE,Combined TRACON& Tower with Radar,4,28,29,4,65,0,5,35,4,44,4,33,64,8,109,24,0,24,133
09/26/2009,BIS,ND,AGL,CE,Combined TRACON& Tower with Radar,6,24,14,0,44,0,1,46,2,49,6,25,60,2,93,18,0,18,111
09/27/2009,BIS,ND,AGL,CE,Combined TRACON& Tower with Radar,3,17,5,0,25,0,0,21,1,22,3,17,26,1,47,22,2,24,71
09/28/2009,BIS,ND,AGL,CE,Combined TRACON& Tower with Radar,6,27,33,0,66,0,0,9,3,12,6,27,42,3,78,20,0,20,98
09/29/2009,BIS,ND,AGL,CE,Combined TRACON& Tower with Radar,4,27,35,0,66,0,2,24,2,28,4,29,59,2,94,20,0,20,114
09/30/2009,BIS,ND,AGL,CE,Combined TRACON& Tower with Radar,8,28,25,3,64,0,0,23,4,27,8,28,48,7,91,8,4,12,103
10/01/2009,BIS,ND,AGL,CE,Combined TRACON& Tower with Radar,4,25,33,4,66,0,0,4,1,5,4,25,37,5,71,6,0,6,77
10/02/2009,BIS,ND,AGL,CE,Combined TRACON& Tower with Radar,6,32,39,2,79,0,0,8,3,11,6,32,47,5,90,0,0,0,90
10/03/2009,BIS,ND,AGL,CE,Combined TRACON& Tower with Radar,4,27,13,6,50,0,0,13,6,19,4,27,26,12,69,32,0,32,101
10/04/2009,BIS,ND,AGL,CE,Combined TRACON& Tower with Radar,6,19,5,0,30,0,0,14,1,15,6,19,19,1,45,44,0,44,89
10/05/2009,BIS,ND,AGL,CE,Combined TRACON& Tower with Radar,6,25,8,5,44,0,0,4,0,4,6,25,12,5,48,0,0,0,48
10/06/2009,BIS,ND,AGL,CE,Combined TRACON& Tower with Radar,4,32,26,1,63,0,1,11,6,18,4,33,37,7,81,34,28,62,143
10/07/2009,BIS,ND,AGL,CE,Combined TRACON& Tower with Radar,8,24,24,1,57,0,0,7,3,10,8,24,31,4,67,0,0,0,67
10/08/2009,BIS,ND,AGL,CE,Combined TRACON& Tower with Radar,4,28,29,7,68,0,4,13,4,21,4,32,42,11,89,8,2,10,99
10/09/2009,BIS,ND,AGL,CE,Combined TRACON& Tower with Radar,6,29,15,0,50,0,0,5,1,6,6,29,20,1,56,0,0,0,56
10/10/2009,BIS,ND,AGL,CE,Combined TRACON& Tower with Radar,3,26,4,0,33,0,0,13,0,13,3,26,17,0,46,0,0,0,46
10/11/2009,BIS,ND,AGL,CE,Combined TRACON& Tower with Radar,5,18,11,0,34,0,0,30,0,30,5,18,41,0,64,56,0,56,120
10/12/2009,BIS,ND,AGL,CE,Combined TRACON& Tower with Radar,6,23,20,0,49,0,0,8,0,8,6,23,28,0,57,4,0,4,61
10/13/2009,BIS,ND,AGL,CE,Combined TRACON& Tower with Radar,6,26,31,2,65,0,0,27,0,27,6,26,58,2,92,49,0,49,141
10/14/2009,BIS,ND,AGL,CE,Combined TRACON& Tower with Radar,8,30,23,4,65,0,0,0,0,0,8,30,23,4,65,0,0,0,65
10/15/2009,BIS,ND,AGL,CE,Combined TRACON& Tower with Radar,4,32,35,2,73,0,0,5,14,19,4,32,40,16,92,24,0,24,116
10/16/2009,BIS,ND,AGL,CE,Combined TRACON& Tower with Radar,4,34,29,2,69,0,0,2,0,2,4,34,31,2,71,6,0,6,77
10/17/2009,BIS,ND,AGL,CE,Combined TRACON& Tower with Radar,4,26,9,0,39,0,5,34,0,39,4,31,43,0,78,43,0,43,121
10/18/2009,BIS,ND,AGL,CE,Combined TRACON& Tower with Radar,4,18,19,0,41,0,6,36,0,42,4,24,55,0,83,58,0,58,141
10/19/2009,BIS,ND,AGL,CE,Combined TRACON& Tower with Radar,6,23,40,0,69,0,0,15,2,17,6,23,55,2,86,42,0,42,128
10/20/2009,BIS,ND,AGL,CE,Combined TRACON& Tower with Radar,2,29,29,2,62,0,0,0,0,0,2,29,29,2,62,0,0,0,62
10/21/2009,BIS,ND,AGL,CE,Combined TRACON& Tower with Radar,10,29,26,2,67,0,2,10,1,13,10,31,36,3,80,50,4,54,134
10/22/2009,BIS,ND,AGL,CE,Combined TRACON& Tower with Radar,6,33,35,3,77,0,0,34,1,35,6,33,69,4,112,57,0,57,169
10/23/2009,BIS,ND,AGL,CE,Combined TRACON& Tower with Radar,4,27,32,2,65,0,0,17,5,22,4,27,49,7,87,44,8,52,139
10/24/2009,BIS,ND,AGL,CE,Combined TRACON& Tower with Radar,6,28,8,0,42,0,0,4,0,4,6,28,12,0,46,16,0,16,62
10/25/2009,BIS,ND,AGL,CE,Combined TRACON& Tower with Radar,6,18,6,0,30,0,0,4,0,4,6,18,10,0,34,0,0,0,34
10/26/2009,BIS,ND,AGL,CE,Combined TRACON& Tower with Radar,9,18,43,8,78,0,1,30,2,33,9,19,73,10,111,38,6,44,155
10/27/2009,BIS,ND,AGL,CE,Combined TRACON& Tower with Radar,8,24,49,0,81,0,0,29,0,29,8,24,78,0,110,72,0,72,182
10/28/2009,BIS,ND,AGL,CE,Combined TRACON& Tower with Radar,9,21,22,2,54,0,0,10,0,10,9,21,32,2,64,12,2,14,78
10/29/2009,BIS,ND,AGL,CE,Combined TRACON& Tower with Radar,5,26,18,0,49,0,0,1,0,1,5,26,19,0,50,0,0,0,50
10/30/2009,BIS,ND,AGL,CE,Combined TRACON& Tower with Radar,10,22,35,0,67,0,0,26,0,26,10,22,61,0,93,26,0,26,119
10/31/2009,BIS,ND,AGL,CE,Combined TRACON& Tower with Radar,6,20,11,0,37,0,4,16,2,22,6,24,27,2,59,88,0,88,147
11/01/2009,BIS,ND,AGL,CE,Combined TRACON& Tower with Radar,6,14,13,2,35,0,0,21,2,23,6,14,34,4,58,0,0,0,58
11/02/2009,BIS,ND,AGL,CE,Combined TRACON& Tower with Radar,10,18,28,3,59,0,0,55,0,55,10,18,83,3,114,60,0,60,174
11/03/2009,BIS,ND,AGL,CE,Combined TRACON& Tower with Radar,9,30,25,4,68,0,2,33,11,46,9,32,58,15,114,42,34,76,190
11/04/2009,BIS,ND,AGL,CE,Combined TRACON& Tower with Radar,14,27,46,0,87,0,1,42,2,45,14,28,88,2,132,24,0,24,156
11/05/2009,BIS,ND,AGL,CE,Combined TRACON& Tower with Radar,8,24,39,6,77,0,4,38,2,44,8,28,77,8,121,40,0,40,161
11/06/2009,BIS,ND,AGL,CE,Combined TRACON& Tower with Radar,10,20,20,3,53,0,0,29,2,31,10,20,49,5,84,32,3,35,119
11/07/2009,BIS,ND,AGL,CE,Combined TRACON& Tower with Radar,6,21,12,0,39,0,1,18,0,19,6,22,30,0,58,32,16,48,106
11/08/2009,BIS,ND,AGL,CE,Combined TRACON& Tower with Radar,6,15,7,2,30,0,0,30,0,30,6,15,37,2,60,75,0,75,135
11/09/2009,BIS,ND,AGL,CE,Combined TRACON& Tower with Radar,10,18,32,2,62,0,2,45,2,49,10,20,77,4,111,32,0,32,143
11/10/2009,BIS,ND,AGL,CE,Combined TRACON& Tower with Radar,8,25,43,2,78,0,0,19,1,20,8,25,62,3,98,28,0,28,126
11/11/2009,BIS,ND,AGL,CE,Combined TRACON& Tower with Radar,12,21,29,3,65,0,4,35,0,39,12,25,64,3,104,32,0,32,136
11/12/2009,BIS,ND,AGL,CE,Combined TRACON& Tower with Radar,8,27,41,2,78,0,0,9,0,9,8,27,50,2,87,0,0,0,87
11/13/2009,BIS,ND,AGL,CE,Combined TRACON& Tower with Radar,9,19,31,1,60,0,2,32,0,34,9,21,63,1,94,46,0,46,140
11/14/2009,BIS,ND,AGL,CE,Combined TRACON& Tower with Radar,5,20,7,1,33,0,1,48,8,57,5,21,55,9,90,88,18,106,196
11/15/2009,BIS,ND,AGL,CE,Combined TRACON& Tower with Radar,6,17,10,0,33,0,0,38,4,42,6,17,48,4,75,66,20,86,161
11/16/2009,BIS,ND,AGL,CE,Combined TRACON& Tower with Radar,10,16,19,0,45,0,0,24,5,29,10,16,43,5,74,35,10,45,119
11/17/2009,BIS,ND,AGL,CE,Combined TRACON& Tower with Radar,8,25,28,1,62,0,0,20,2,22,8,25,48,3,84,62,10,72,156
11/18/2009,BIS,ND,AGL,CE,Combined TRACON& Tower with Radar,12,25,25,1,63,0,9,47,9,65,12,34,72,10,128,35,0,35,163
11/19/2009,BIS,ND,AGL,CE,Combined TRACON& Tower with Radar,8,21,34,1,64,0,6,34,12,52,8,27,68,13,116,36,2,38,154
11/20/2009,BIS,ND,AGL,CE,Combined TRACON& Tower with Radar,10,21,19,0,50,0,5,38,7,50,10,26,57,7,100,24,6,30,130
11/21/2009,BIS,ND,AGL,CE,Combined TRACON& Tower with Radar,5,21,6,0,32,0,0,14,0,14,5,21,20,0,46,22,0,22,68
11/22/2009,BIS,ND,AGL,CE,Combined TRACON& Tower with Radar,9,12,5,2,28,0,0,54,0,54,9,12,59,2,82,102,0,102,184
11/23/2009,BIS,ND,AGL,CE,Combined TRACON& Tower with Radar,12,18,28,8,66,0,0,20,4,24,12,18,48,12,90,24,12,36,126
11/24/2009,BIS,ND,AGL,CE,Combined TRACON& Tower with Radar,8,25,36,0,69,0,2,21,4,27,8,27,57,4,96,16,0,16,112
11/25/2009,BIS,ND,AGL,CE,Combined TRACON& Tower with Radar,12,29,24,6,71,0,0,26,2,28,12,29,50,8,99,26,18,44,143
11/26/2009,BIS,ND,AGL,CE,Combined TRACON& Tower with Radar,5,9,5,0,19,0,0,3,0,3,5,9,8,0,22,0,0,0,22
11/27/2009,BIS,ND,AGL,CE,Combined TRACON& Tower with Radar,7,21,2,0,30,0,6,25,0,31,7,27,27,0,61,66,0,66,127
11/28/2009,BIS,ND,AGL,CE,Combined TRACON& Tower with Radar,5,23,4,0,32,0,0,7,0,7,5,23,11,0,39,19,0,19,58
11/29/2009,BIS,ND,AGL,CE,Combined TRACON& Tower with Radar,7,18,9,0,34,0,0,26,0,26,7,18,35,0,60,42,0,42,102
11/30/2009,BIS,ND,AGL,CE,Combined TRACON& Tower with Radar,12,20,29,2,63,0,0,46,3,49,12,20,75,5,112,98,0,98,210
12/01/2009,BIS,ND,AGL,CE,Combined TRACON& Tower with Radar,8,25,39,0,72,0,0,6,0,6,8,25,45,0,78,0,0,0,78
12/02/2009,BIS,ND,AGL,CE,Combined TRACON& Tower with Radar,12,22,43,0,77,0,0,14,2,16,12,22,57,2,93,4,0,4,97
12/03/2009,BIS,ND,AGL,CE,Combined TRACON& Tower with Radar,10,22,25,15,72,0,0,6,6,12,10,22,31,21,84,4,0,4,88
12/04/2009,BIS,ND,AGL,CE,Combined TRACON& Tower with Radar,10,19,23,8,60,0,0,24,2,26,10,19,47,10,86,30,12,42,128
12/05/2009,BIS,ND,AGL,CE,Combined TRACON& Tower with Radar,6,19,12,4,41,0,0,2,0,2,6,19,14,4,43,30,0,30,73
12/06/2009,BIS,ND,AGL,CE,Combined TRACON& Tower with Radar,8,15,6,0,29,0,0,1,0,1,8,15,7,0,30,0,0,0,30
12/07/2009,BIS,ND,AGL,CE,Combined TRACON& Tower with Radar,10,15,32,6,63,0,0,8,5,13,10,15,40,11,76,20,0,20,96
12/08/2009,BIS,ND,AGL,CE,Combined TRACON& Tower with Radar,6,16,26,1,49,0,0,7,5,12,6,16,33,6,61,0,10,10,71
12/09/2009,BIS,ND,AGL,CE,Combined TRACON& Tower with Radar,14,24,28,0,66,0,0,3,6,9,14,24,31,6,75,14,21,35,110
12/10/2009,BIS,ND,AGL,CE,Combined TRACON& Tower with Radar,10,19,24,11,64,0,0,10,6,16,10,19,34,17,80,0,0,0,80
12/11/2009,BIS,ND,AGL,CE,Combined TRACON& Tower with Radar,8,24,16,4,52,0,1,21,4,26,8,25,37,8,78,19,8,27,105
12/12/2009,BIS,ND,AGL,CE,Combined TRACON& Tower with Radar,5,19,6,0,30,0,0,19,0,19,5,19,25,0,49,29,0,29,78
12/13/2009,BIS,ND,AGL,CE,Combined TRACON& Tower with Radar,9,13,7,0,29,0,0,1,0,1,9,13,8,0,30,8,0,8,38
12/14/2009,BIS,ND,AGL,CE,Combined TRACON& Tower with Radar,10,14,11,0,35,0,0,29,0,29,10,14,40,0,64,0,0,0,64
12/15/2009,BIS,ND,AGL,CE,Combined TRACON& Tower with Radar,8,20,27,0,55,0,2,15,2,19,8,22,42,2,74,0,0,0,74
12/16/2009,BIS,ND,AGL,CE,Combined TRACON& Tower with Radar,9,22,45,0,76,0,1,38,2,41,9,23,83,2,117,33,0,33,150
12/17/2009,BIS,ND,AGL,CE,Combined TRACON& Tower with Radar,12,17,29,5,63,0,1,43,7,51,12,18,72,12,114,22,0,22,136
12/18/2009,BIS,ND,AGL,CE,Combined TRACON& Tower with Radar,10,26,22,0,58,0,0,0,0,0,10,26,22,0,58,0,0,0,58
12/19/2009,BIS,ND,AGL,CE,Combined TRACON& Tower with Radar,8,29,7,0,44,0,0,0,0,0,8,29,7,0,44,0,0,0,44
12/20/2009,BIS,ND,AGL,CE,Combined TRACON& Tower with Radar,9,14,6,1,30,0,0,0,0,0,9,14,6,1,30,0,0,0,30
12/21/2009,BIS,ND,AGL,CE,Combined TRACON& Tower with Radar,8,16,19,11,54,0,0,2,0,2,8,16,21,11,56,0,0,0,56
12/22/2009,BIS,ND,AGL,CE,Combined TRACON& Tower with Radar,12,22,14,0,48,0,0,0,1,1,12,22,14,1,49,0,0,0,49
12/23/2009,BIS,ND,AGL,CE,Combined TRACON& Tower with Radar,11,22,12,0,45,0,0,0,0,0,11,22,12,0,45,0,0,0,45
12/24/2009,BIS,ND,AGL,CE,Combined TRACON& Tower with Radar,6,22,5,0,33,0,0,0,0,0,6,22,5,0,33,0,0,0,33
12/25/2009,BIS,ND,AGL,CE,Combined TRACON& Tower with Radar,3,1,0,0,4,0,0,0,0,0,3,1,0,0,4,0,0,0,4
12/26/2009,BIS,ND,AGL,CE,Combined TRACON& Tower with Radar,7,12,0,0,19,0,0,0,0,0,7,12,0,0,19,0,0,0,19
12/27/2009,BIS,ND,AGL,CE,Combined TRACON& Tower with Radar,12,17,7,0,36,0,0,16,0,16,12,17,23,0,52,5,0,5,57
12/28/2009,BIS,ND,AGL,CE,Combined TRACON& Tower with Radar,10,18,7,2,37,0,0,43,4,47,10,18,50,6,84,46,0,46,130
12/29/2009,BIS,ND,AGL,CE,Combined TRACON& Tower with Radar,12,20,27,3,62,0,0,20,5,25,12,20,47,8,87,10,0,10,97
12/30/2009,BIS,ND,AGL,CE,Combined TRACON& Tower with Radar,12,21,15,4,52,0,0,13,2,15,12,21,28,6,67,8,0,8,75
12/31/2009,BIS,ND,AGL,CE,Combined TRACON& Tower with Radar,7,20,6,1,34,0,2,15,3,20,7,22,21,4,54,0,0,0,54
01/01/2010,BIS,ND,AGL,CE,Combined TRACON& Tower with Radar,8,9,4,0,21,0,0,2,0,2,8,9,6,0,23,0,0,0,23
01/02/2010,BIS,ND,AGL,CE,Combined TRACON& Tower with Radar,10,25,2,0,37,0,0,1,0,1,10,25,3,0,38,0,0,0,38
01/03/2010,BIS,ND,AGL,CE,Combined TRACON& Tower with Radar,10,13,3,0,26,0,0,0,0,0,10,13,3,0,26,0,0,0,26
01/04/2010,BIS,ND,AGL,CE,Combined TRACON& Tower with Radar,10,15,12,0,37,0,0,16,0,16,10,15,28,0,53,34,0,34,87
01/05/2010,BIS,ND,AGL,CE,Combined TRACON& Tower with Radar,5,23,22,0,50,0,0,6,0,6,5,23,28,0,56,0,0,0,56
01/06/2010,BIS,ND,AGL,CE,Combined TRACON& Tower with Radar,8,26,24,4,62,0,0,0,0,0,8,26,24,4,62,0,0,0,62
01/07/2010,BIS,ND,AGL,CE,Combined TRACON& Tower with Radar,6,24,16,4,50,0,0,7,2,9,6,24,23,6,59,6,0,6,65
01/08/2010,BIS,ND,AGL,CE,Combined TRACON& Tower with Radar,6,29,14,0,49,0,0,8,1,9,6,29,22,1,58,0,0,0,58
01/09/2010,BIS,ND,AGL,CE,Combined TRACON& Tower with Radar,4,22,14,2,42,0,0,18,2,20,4,22,32,4,62,26,0,26,88
01/10/2010,BIS,ND,AGL,CE,Combined TRACON& Tower with Radar,12,14,15,0,41,0,0,13,0,13,12,14,28,0,54,12,0,12,66
01/11/2010,BIS,ND,AGL,CE,Combined TRACON& Tower with Radar,6,19,25,2,52,0,0,9,0,9,6,19,34,2,61,2,0,2,63
01/12/2010,BIS,ND,AGL,CE,Combined TRACON& Tower with Radar,4,24,31,0,59,0,0,55,2,57,4,24,86,2,116,44,0,44,160
01/13/2010,BIS,ND,AGL,CE,Combined TRACON& Tower with Radar,10,23,31,3,67,0,2,25,2,29,10,25,56,5,96,32,8,40,136
01/14/2010,BIS,ND,AGL,CE,Combined TRACON& Tower with Radar,4,24,44,5,77,0,0,10,2,12,4,24,54,7,89,28,0,28,117
01/15/2010,BIS,ND,AGL,CE,Combined TRACON& Tower with Radar,6,21,38,5,70,0,2,25,5,32,6,23,63,10,102,56,0,56,158
01/16/2010,BIS,ND,AGL,CE,Combined TRACON& Tower with Radar,4,21,7,4,36,0,0,24,0,24,4,21,31,4,60,54,0,54,114
01/17/2010,BIS,ND,AGL,CE,Combined TRACON& Tower with Radar,6,12,17,0,35,0,0,14,0,14,6,12,31,0,49,56,0,56,105
01/18/2010,BIS,ND,AGL,CE,Combined TRACON& Tower with Radar,7,17,15,0,39,0,1,0,0,1,7,18,15,0,40,2,0,2,42
01/19/2010,BIS,ND,AGL,CE,Combined TRACON& Tower with Radar,5,30,22,0,57,0,0,0,0,0,5,30,22,0,57,0,0,0,57
01/20/2010,BIS,ND,AGL,CE,Combined TRACON& Tower with Radar,8,32,26,0,66,0,0,0,0,0,8,32,26,0,66,0,0,0,66
01/21/2010,BIS,ND,AGL,CE,Combined TRACON& Tower with Radar,1,32,19,0,52,0,0,0,0,0,1,32,19,0,52,0,0,0,52
01/22/2010,BIS,ND,AGL,CE,Combined TRACON& Tower with Radar,4,22,13,0,39,0,0,0,0,0,4,22,13,0,39,0,0,0,39
01/23/2010,BIS,ND,AGL,CE,Combined TRACON& Tower with Radar,4,20,3,0,27,0,0,3,2,5,4,20,6,2,32,16,0,16,48
01/24/2010,BIS,ND,AGL,CE,Combined TRACON& Tower with Radar,8,15,3,0,26,0,0,0,0,0,8,15,3,0,26,0,0,0,26
01/25/2010,BIS,ND,AGL,CE,Combined TRACON& Tower with Radar,8,18,13,0,39,0,0,2,0,2,8,18,15,0,41,0,0,0,41
01/26/2010,BIS,ND,AGL,CE,Combined TRACON& Tower with Radar,4,26,41,1,72,0,0,22,10,32,4,26,63,11,104,51,0,51,155
01/27/2010,BIS,ND,AGL,CE,Combined TRACON& Tower with Radar,8,22,28,3,61,0,0,10,1,11,8,22,38,4,72,4,0,4,76
01/28/2010,BIS,ND,AGL,CE,Combined TRACON& Tower with Radar,4,22,24,4,54,0,0,20,6,26,4,22,44,10,80,0,0,0,80
01/29/2010,BIS,ND,AGL,CE,Combined TRACON& Tower with Radar,6,27,30,0,63,0,0,19,2,21,6,27,49,2,84,10,0,10,94
01/30/2010,BIS,ND,AGL,CE,Combined TRACON& Tower with Radar,4,20,14,2,40,0,0,16,0,16,4,20,30,2,56,30,0,30,86
01/31/2010,BIS,ND,AGL,CE,Combined TRACON& Tower with Radar,8,14,12,0,34,0,1,16,0,17,8,15,28,0,51,28,0,28,79
02/01/2010,BIS,ND,AGL,CE,Combined TRACON& Tower with Radar,5,17,27,4,53,0,0,4,0,4,5,17,31,4,57,8,0,8,65
02/02/2010,BIS,ND,AGL,CE,Combined TRACON& Tower with Radar,4,28,25,5,62,0,0,16,8,24,4,28,41,13,86,4,0,4,90
02/03/2010,BIS,ND,AGL,CE,Combined TRACON& Tower with Radar,6,24,34,0,64,0,0,18,8,26,6,24,52,8,90,28,16,44,134
02/04/2010,BIS,ND,AGL,CE,Combined TRACON& Tower with Radar,6,28,20,4,58,0,0,0,0,0,6,28,20,4,58,0,0,0,58
02/05/2010,BIS,ND,AGL,CE,Combined TRACON& Tower with Radar,6,29,21,0,56,0,0,0,0,0,6,29,21,0,56,0,0,0,56
02/06/2010,BIS,ND,AGL,CE,Combined TRACON& Tower with Radar,4,27,4,2,37,0,0,0,0,0,4,27,4,2,37,0,0,0,37
02/07/2010,BIS,ND,AGL,CE,Combined TRACON& Tower with Radar,6,15,4,0,25,0,0,0,0,0,6,15,4,0,25,0,0,0,25
02/08/2010,BIS,ND,AGL,CE,Combined TRACON& Tower with Radar,5,24,18,1,48,0,0,4,3,7,5,24,22,4,55,12,12,24,79
02/09/2010,BIS,ND,AGL,CE,Combined TRACON& Tower with Radar,4,25,26,3,58,0,2,26,9,37,4,27,52,12,95,38,0,38,133
02/10/2010,BIS,ND,AGL,CE,Combined TRACON& Tower with Radar,6,24,19,2,51,0,0,17,3,20,6,24,36,5,71,16,0,16,87
02/11/2010,BIS,ND,AGL,CE,Combined TRACON& Tower with Radar,13,30,25,2,70,0,0,12,2,14,13,30,37,4,84,22,0,22,106
02/12/2010,BIS,ND,AGL,CE,Combined TRACON& Tower with Radar,11,26,14,3,54,0,0,2,0,2,11,26,16,3,56,14,0,14,70
02/13/2010,BIS,ND,AGL,CE,Combined TRACON& Tower with Radar,7,22,1,3,33,0,0,2,0,2,7,22,3,3,35,4,0,4,39
02/14/2010,BIS,ND,AGL,CE,Combined TRACON& Tower with Radar,9,11,5,2,27,0,0,25,0,25,9,11,30,2,52,26,0,26,78
02/15/2010,BIS,ND,AGL,CE,Combined TRACON& Tower with Radar,13,14,22,0,49,0,0,46,0,46,13,14,68,0,95,60,0,60,155
02/16/2010,BIS,ND,AGL,CE,Combined TRACON& Tower with Radar,10,20,22,2,54,0,8,32,7,47,10,28,54,9,101,56,0,56,157
02/17/2010,BIS,ND,AGL,CE,Combined TRACON& Tower with Radar,14,19,29,3,65,0,0,20,1,21,14,19,49,4,86,14,0,14,100
02/18/2010,BIS,ND,AGL,CE,Combined TRACON& Tower with Radar,13,22,18,4,57,0,0,1,2,3,13,22,19,6,60,0,0,0,60
02/19/2010,BIS,ND,AGL,CE,Combined TRACON& Tower with Radar,13,21,25,1,60,0,0,0,0,0,13,21,25,1,60,0,0,0,60
02/20/2010,BIS,ND,AGL,CE,Combined TRACON& Tower with Radar,5,20,9,2,36,0,0,3,0,3,5,20,12,2,39,0,0,0,39
02/21/2010,BIS,ND,AGL,CE,Combined TRACON& Tower with Radar,7,16,4,4,31,0,0,8,2,10,7,16,12,6,41,26,8,34,75
02/22/2010,BIS,ND,AGL,CE,Combined TRACON& Tower with Radar,12,17,22,1,52,0,0,34,22,56,12,17,56,23,108,8,46,54,162
02/23/2010,BIS,ND,AGL,CE,Combined TRACON& Tower with Radar,10,19,26,1,56,0,0,31,34,65,10,19,57,35,121,6,22,28,149
02/24/2010,BIS,ND,AGL,CE,Combined TRACON& Tower with Radar,14,22,26,0,62,0,2,36,17,55,14,24,62,17,117,52,0,52,169
02/25/2010,BIS,ND,AGL,CE,Combined TRACON& Tower with Radar,16,24,44,5,89,0,2,21,12,35,16,26,65,17,124,20,0,20,144
02/26/2010,BIS,ND,AGL,CE,Combined TRACON& Tower with Radar,13,21,38,2,74,0,0,6,0,6,13,21,44,2,80,0,0,0,80
02/27/2010,BIS,ND,AGL,CE,Combined TRACON& Tower with Radar,4,23,3,0,30,0,0,0,0,0,4,23,3,0,30,0,0,0,30
02/28/2010,BIS,ND,AGL,CE,Combined TRACON& Tower with Radar,8,14,9,0,31,0,0,10,0,10,8,14,19,0,41,50,0,50,91
03/01/2010,BIS,ND,AGL,CE,Combined TRACON& Tower with Radar,14,20,38,0,72,0,0,11,2,13,14,20,49,2,85,42,0,42,127
03/02/2010,BIS,ND,AGL,CE,Combined TRACON& Tower with Radar,10,29,20,4,63,0,0,0,0,0,10,29,20,4,63,0,4,4,67
03/03/2010,BIS,ND,AGL,CE,Combined TRACON& Tower with Radar,14,29,28,1,72,0,0,0,0,0,14,29,28,1,72,0,0,0,72
03/04/2010,BIS,ND,AGL,CE,Combined TRACON& Tower with Radar,12,34,34,2,82,0,0,0,0,0,12,34,34,2,82,0,0,0,82
03/05/2010,BIS,ND,AGL,CE,Combined TRACON& Tower with Radar,10,30,23,1,64,0,0,0,0,0,10,30,23,1,64,0,0,0,64
03/06/2010,BIS,ND,AGL,CE,Combined TRACON& Tower with Radar,7,19,3,6,35,0,0,2,23,25,7,19,5,29,60,12,32,44,104
03/07/2010,BIS,ND,AGL,CE,Combined TRACON& Tower with Radar,7,16,14,0,37,0,0,0,0,0,7,16,14,0,37,10,0,10,47
03/08/2010,BIS,ND,AGL,CE,Combined TRACON& Tower with Radar,7,12,20,4,43,0,0,0,0,0,7,12,20,4,43,0,0,0,43
03/09/2010,BIS,ND,AGL,CE,Combined TRACON& Tower with Radar,18,26,32,3,79,0,0,0,0,0,18,26,32,3,79,0,0,0,79
03/10/2010,BIS,ND,AGL,CE,Combined TRACON& Tower with Radar,14,26,18,2,60,0,0,0,0,0,14,26,18,2,60,0,0,0,60
03/11/2010,BIS,ND,AGL,CE,Combined TRACON& Tower with Radar,12,15,45,2,74,0,0,0,1,1,12,15,45,3,75,0,0,0,75
03/12/2010,BIS,ND,AGL,CE,Combined TRACON& Tower with Radar,15,25,34,3,77,0,1,29,0,30,15,26,63,3,107,60,0,60,167
03/13/2010,BIS,ND,AGL,CE,Combined TRACON& Tower with Radar,9,16,12,2,39,0,0,0,0,0,9,16,12,2,39,0,0,0,39
03/14/2010,BIS,ND,AGL,CE,Combined TRACON& Tower with Radar,4,16,14,2,36,0,0,6,0,6,4,16,20,2,42,46,0,46,88
03/15/2010,BIS,ND,AGL,CE,Combined TRACON& Tower with Radar,15,20,30,0,65,0,0,10,10,20,15,20,40,10,85,0,6,6,91
03/16/2010,BIS,ND,AGL,CE,Combined TRACON& Tower with Radar,8,27,33,3,71,0,0,15,3,18,8,27,48,6,89,12,4,16,105
03/17/2010,BIS,ND,AGL,CE,Combined TRACON& Tower with Radar,14,19,25,11,69,0,3,54,8,65,14,22,79,19,134,75,22,97,231
03/18/2010,BIS,ND,AGL,CE,Combined TRACON& Tower with Radar,13,19,35,0,67,0,0,46,4,50,13,19,81,4,117,44,0,44,161
03/19/2010,BIS,ND,AGL,CE,Combined TRACON& Tower with Radar,11,17,18,4,50,0,0,16,4,20,11,17,34,8,70,42,0,42,112
03/20/2010,BIS,ND,AGL,CE,Combined TRACON& Tower with Radar,6,20,12,2,40,0,0,39,0,39,6,20,51,2,79,70,0,70,149
03/21/2010,BIS,ND,AGL,CE,Combined TRACON& Tower with Radar,7,15,8,6,36,0,2,65,2,69,7,17,73,8,105,58,8,66,171
03/22/2010,BIS,ND,AGL,CE,Combined TRACON& Tower with Radar,16,14,21,4,55,0,1,17,23,41,16,15,38,27,96,0,26,26,122
03/23/2010,BIS,ND,AGL,CE,Combined TRACON& Tower with Radar,9,21,34,10,74,1,0,35,21,57,10,21,69,31,131,30,22,52,183
03/24/2010,BIS,ND,AGL,CE,Combined TRACON& Tower with Radar,11,21,36,3,71,0,1,46,9,56,11,22,82,12,127,39,0,39,166
03/25/2010,BIS,ND,AGL,CE,Combined TRACON& Tower with Radar,11,22,30,2,65,0,0,8,5,13,11,22,38,7,78,0,0,0,78
03/26/2010,BIS,ND,AGL,CE,Combined TRACON& Tower with Radar,13,19,13,11,56,0,0,23,9,32,13,19,36,20,88,28,0,28,116
03/27/2010,BIS,ND,AGL,CE,Combined TRACON& Tower with Radar,7,22,12,0,41,0,0,5,0,5,7,22,17,0,46,16,0,16,62
03/28/2010,BIS,ND,AGL,CE,Combined TRACON& Tower with Radar,7,17,12,0,36,0,2,57,3,62,7,19,69,3,98,102,0,102,200
03/29/2010,BIS,ND,AGL,CE,Combined TRACON& Tower with Radar,12,16,27,9,64,0,4,28,10,42,12,20,55,19,106,46,34,80,186
03/30/2010,BIS,ND,AGL,CE,Combined TRACON& Tower with Radar,8,28,28,0,64,0,0,29,5,34,8,28,57,5,98,81,0,81,179
03/31/2010,BIS,ND,AGL,CE,Combined TRACON& Tower with Radar,10,26,27,6,69,0,0,24,6,30,10,26,51,12,99,56,0,56,155
04/01/2010,BIS,ND,AGL,CE,Combined TRACON& Tower with Radar,10,21,28,6,65,0,1,3,3,7,10,22,31,9,72,15,0,15,87
04/02/2010,BIS,ND,AGL,CE,Combined TRACON& Tower with Radar,9,22,8,0,39,0,0,0,0,0,9,22,8,0,39,0,0,0,39
04/03/2010,BIS,ND,AGL,CE,Combined TRACON& Tower with Radar,7,19,8,0,34,0,1,44,0,45,7,20,52,0,79,36,0,36,115
04/04/2010,BIS,ND,AGL,CE,Combined TRACON& Tower with Radar,6,15,7,0,28,0,0,14,0,14,6,15,21,0,42,8,0,8,50
04/05/2010,BIS,ND,AGL,CE,Combined TRACON& Tower with Radar,12,17,21,4,54,0,0,28,0,28,12,17,49,4,82,40,0,40,122
04/06/2010,BIS,ND,AGL,CE,Combined TRACON& Tower with Radar,5,32,43,3,83,0,0,26,2,28,5,32,69,5,111,32,6,38,149
04/07/2010,BIS,ND,AGL,CE,Combined TRACON& Tower with Radar,6,28,32,0,66,0,0,29,0,29,6,28,61,0,95,46,0,46,141
04/08/2010,BIS,ND,AGL,CE,Combined TRACON& Tower with Radar,6,35,28,2,71,0,0,28,0,28,6,35,56,2,99,46,0,46,145
04/09/2010,BIS,ND,AGL,CE,Combined TRACON& Tower with Radar,6,25,22,2,55,0,0,26,5,31,6,25,48,7,86,22,6,28,114
04/10/2010,BIS,ND,AGL,CE,Combined TRACON& Tower with Radar,4,22,5,2,33,0,0,14,8,22,4,22,19,10,55,31,0,31,86
04/11/2010,BIS,ND,AGL,CE,Combined TRACON& Tower with Radar,6,20,10,5,41,0,1,27,10,38,6,21,37,15,79,36,24,60,139
04/12/2010,BIS,ND,AGL,CE,Combined TRACON& Tower with Radar,12,19,23,2,56,0,0,0,5,5,12,19,23,7,61,0,0,0,61
04/13/2010,BIS,ND,AGL,CE,Combined TRACON& Tower with Radar,4,30,19,0,53,0,0,2,0,2,4,30,21,0,55,0,0,0,55
04/14/2010,BIS,ND,AGL,CE,Combined TRACON& Tower with Radar,6,27,17,4,54,0,0,11,6,17,6,27,28,10,71,0,0,0,71
04/15/2010,BIS,ND,AGL,CE,Combined TRACON& Tower with Radar,6,29,37,0,72,0,0,9,11,20,6,29,46,11,92,0,4,4,96
04/16/2010,BIS,ND,AGL,CE,Combined TRACON& Tower with Radar,12,24,20,7,63,0,1,63,4,68,12,25,83,11,131,28,8,36,167
04/17/2010,BIS,ND,AGL,CE,Combined TRACON& Tower with Radar,6,26,22,1,55,0,0,40,0,40,6,26,62,1,95,84,0,84,179
04/18/2010,BIS,ND,AGL,CE,Combined TRACON& Tower with Radar,6,18,5,2,31,0,0,24,0,24,6,18,29,2,55,56,0,56,111
04/19/2010,BIS,ND,AGL,CE,Combined TRACON& Tower with Radar,6,19,20,0,45,0,0,29,4,33,6,19,49,4,78,24,22,46,124
04/20/2010,BIS,ND,AGL,CE,Combined TRACON& Tower with Radar,4,31,22,3,60,0,0,52,0,52,4,31,74,3,112,41,6,47,159
04/21/2010,BIS,ND,AGL,CE,Combined TRACON& Tower with Radar,8,24,17,11,60,0,0,63,0,63,8,24,80,11,123,32,0,32,155
04/22/2010,BIS,ND,AGL,CE,Combined TRACON& Tower with Radar,4,26,33,4,67,0,6,40,11,57,4,32,73,15,124,15,0,15,139
04/23/2010,BIS,ND,AGL,CE,Combined TRACON& Tower with Radar,6,29,29,2,66,0,7,28,1,36,6,36,57,3,102,14,0,14,116
04/24/2010,BIS,ND,AGL,CE,Combined TRACON& Tower with Radar,4,23,10,2,39,0,0,10,0,10,4,23,20,2,49,0,0,0,49
04/25/2010,BIS,ND,AGL,CE,Combined TRACON& Tower with Radar,4,18,9,5,36,0,0,10,4,14,4,18,19,9,50,36,16,52,102
04/26/2010,BIS,ND,AGL,CE,Combined TRACON& Tower with Radar,6,22,16,5,49,0,0,1,0,1,6,22,17,5,50,6,0,6,56
04/27/2010,BIS,ND,AGL,CE,Combined TRACON& Tower with Radar,4,33,32,6,75,0,3,33,0,36,4,36,65,6,111,18,0,18,129
04/28/2010,BIS,ND,AGL,CE,Combined TRACON& Tower with Radar,8,27,29,8,72,0,0,8,4,12,8,27,37,12,84,12,4,16,100
04/29/2010,BIS,ND,AGL,CE,Combined TRACON& Tower with Radar,4,27,43,1,75,0,0,28,6,34,4,27,71,7,109,51,6,57,166
04/30/2010,BIS,ND,AGL,CE,Combined TRACON& Tower with Radar,6,22,16,4,48,0,0,16,13,29,6,22,32,17,77,16,7,23,100
05/01/2010,BIS,ND,AGL,CE,Combined TRACON& Tower with Radar,6,22,12,6,46,0,0,1,6,7,6,22,13,12,53,0,0,0,53
05/02/2010,BIS,ND,AGL,CE,Combined TRACON& Tower with Radar,4,26,34,0,64,0,0,10,4,14,4,26,44,4,78,0,0,0,78
05/03/2010,BIS,ND,AGL,CE,Combined TRACON& Tower with Radar,6,23,34,0,63,0,0,33,17,50,6,23,67,17,113,47,14,61,174
05/04/2010,BIS,ND,AGL,CE,Combined TRACON& Tower with Radar,4,36,36,0,76,0,0,19,4,23,4,36,55,4,99,18,6,24,123
05/05/2010,BIS,ND,AGL,CE,Combined TRACON& Tower with Radar,8,30,28,0,66,0,0,12,29,41,8,30,40,29,107,4,12,16,123
05/06/2010,BIS,ND,AGL,CE,Combined TRACON& Tower with Radar,4,37,22,5,68,0,0,8,1,9,4,37,30,6,77,2,0,2,79
05/07/2010,BIS,ND,AGL,CE,Combined TRACON& Tower with Radar,6,36,14,0,56,0,0,1,0,1,6,36,15,0,57,0,0,0,57
05/08/2010,BIS,ND,AGL,CE,Combined TRACON& Tower with Radar,6,24,14,2,46,0,2,51,0,53,6,26,65,2,99,62,0,62,161
05/09/2010,BIS,ND,AGL,CE,Combined TRACON& Tower with Radar,4,20,6,2,32,0,0,27,0,27,4,20,33,2,59,3,0,3,62
05/10/2010,BIS,ND,AGL,CE,Combined TRACON& Tower with Radar,6,25,16,6,53,0,0,3,18,21,6,25,19,24,74,0,14,14,88
05/11/2010,BIS,ND,AGL,CE,Combined TRACON& Tower with Radar,4,32,28,2,66,0,0,9,4,13,4,32,37,6,79,26,0,26,105
05/12/2010,BIS,ND,AGL,CE,Combined TRACON& Tower with Radar,9,36,34,3,82,0,0,16,5,21,9,36,50,8,103,10,0,10,113
05/13/2010,BIS,ND,AGL,CE,Combined TRACON& Tower with Radar,4,29,40,9,82,0,0,16,0,16,4,29,56,9,98,58,0,58,156
05/14/2010,BIS,ND,AGL,CE,Combined TRACON& Tower with Radar,6,28,36,1,71,0,0,56,12,68,6,28,92,13,139,38,0,38,177
05/15/2010,BIS,ND,AGL,CE,Combined TRACON& Tower with Radar,6,22,9,1,38,0,0,40,1,41,6,22,49,2,79,136,0,136,215
05/16/2010,BIS,ND,AGL,CE,Combined TRACON& Tower with Radar,4,22,16,0,42,0,0,26,0,26,4,22,42,0,68,42,0,42,110
05/17/2010,BIS,ND,AGL,CE,Combined TRACON& Tower with Radar,6,23,12,2,43,0,1,40,2,43,6,24,52,4,86,46,0,46,132
05/18/2010,BIS,ND,AGL,CE,Combined TRACON& Tower with Radar,4,31,36,0,71,0,0,43,5,48,4,31,79,5,119,42,0,42,161
05/19/2010,BIS,ND,AGL,CE,Combined TRACON& Tower with Radar,8,26,34,0,68,0,1,40,2,43,8,27,74,2,111,22,0,22,133
05/20/2010,BIS,ND,AGL,CE,Combined TRACON& Tower with Radar,4,24,31,2,61,0,0,55,1,56,4,24,86,3,117,24,0,24,141
05/21/2010,BIS,ND,AGL,CE,Combined TRACON& Tower with Radar,6,29,28,4,67,0,0,36,2,38,6,29,64,6,105,30,0,30,135
05/22/2010,BIS,ND,AGL,CE,Combined TRACON& Tower with Radar,6,24,5,0,35,0,0,7,1,8,6,24,12,1,43,58,0,58,101
05/23/2010,BIS,ND,AGL,CE,Combined TRACON& Tower with Radar,4,23,11,0,38,0,0,30,2,32,4,23,41,2,70,18,0,18,88
05/24/2010,BIS,ND,AGL,CE,Combined TRACON& Tower with Radar,6,19,16,0,41,0,0,4,0,4,6,19,20,0,45,12,0,12,57
05/25/2010,BIS,ND,AGL,CE,Combined TRACON& Tower with Radar,4,31,25,0,60,0,0,16,6,22,4,31,41,6,82,0,6,6,88
05/26/2010,BIS,ND,AGL,CE,Combined TRACON& Tower with Radar,6,30,31,3,70,0,0,75,8,83,6,30,106,11,153,78,0,78,231
05/27/2010,BIS,ND,AGL,CE,Combined TRACON& Tower with Radar,6,29,27,0,62,0,0,19,4,23,6,29,46,4,85,4,0,4,89
05/28/2010,BIS,ND,AGL,CE,Combined TRACON& Tower with Radar,8,29,21,0,58,0,0,15,0,15,8,29,36,0,73,62,0,62,135
05/29/2010,BIS,ND,AGL,CE,Combined TRACON& Tower with Radar,6,21,3,0,30,0,0,9,0,9,6,21,12,0,39,0,0,0,39
05/30/2010,BIS,ND,AGL,CE,Combined TRACON& Tower with Radar,6,13,2,0,21,0,0,18,0,18,6,13,20,0,39,8,0,8,47
05/31/2010,BIS,ND,AGL,CE,Combined TRACON& Tower with Radar,8,20,12,0,40,0,0,33,0,33,8,20,45,0,73,98,0,98,171
06/01/2010,BIS,ND,AGL,CE,Combined TRACON& Tower with Radar,4,25,27,0,56,0,0,29,9,38,4,25,56,9,94,42,0,42,136
06/02/2010,BIS,ND,AGL,CE,Combined TRACON& Tower with Radar,8,27,30,0,65,0,0,56,3,59,8,27,86,3,124,56,0,56,180
06/03/2010,BIS,ND,AGL,CE,Combined TRACON& Tower with Radar,6,24,34,2,66,0,0,22,0,22,6,24,56,2,88,9,0,9,97
06/04/2010,BIS,ND,AGL,CE,Combined TRACON& Tower with Radar,6,27,24,2,59,0,2,30,1,33,6,29,54,3,92,82,0,82,174
06/05/2010,BIS,ND,AGL,CE,Combined TRACON& Tower with Radar,6,22,11,0,39,0,0,16,24,40,6,22,27,24,79,46,0,46,125
06/06/2010,BIS,ND,AGL,CE,Combined TRACON& Tower with Radar,8,19,11,4,42,0,0,31,3,34,8,19,42,7,76,50,16,66,142
06/07/2010,BIS,ND,AGL,CE,Combined TRACON& Tower with Radar,6,25,18,0,49,0,0,31,4,35,6,25,49,4,84,70,0,70,154
06/08/2010,BIS,ND,AGL,CE,Combined TRACON& Tower with Radar,4,27,27,11,69,0,0,20,1,21,4,27,47,12,90,40,12,52,142
06/09/2010,BIS,ND,AGL,CE,Combined TRACON& Tower with Radar,6,31,38,8,83,0,0,49,3,52,6,31,87,11,135,83,6,89,224
06/10/2010,BIS,ND,AGL,CE,Combined TRACON& Tower with Radar,6,34,48,6,94,0,0,7,6,13,6,34,55,12,107,19,0,19,126
06/11/2010,BIS,ND,AGL,CE,Combined TRACON& Tower with Radar,6,33,37,2,78,0,0,1,0,1,6,33,38,2,79,6,0,6,85
06/12/2010,BIS,ND,AGL,CE,Combined TRACON& Tower with Radar,6,25,22,0,53,0,0,10,9,19,6,25,32,9,72,16,0,16,88
06/13/2010,BIS,ND,AGL,CE,Combined TRACON& Tower with Radar,6,22,8,1,37,0,2,69,20,91,6,24,77,21,128,56,4,60,188
06/14/2010,BIS,ND,AGL,CE,Combined TRACON& Tower with Radar,8,29,40,3,80,0,0,52,31,83,8,29,92,34,163,179,26,205,368
06/15/2010,BIS,ND,AGL,CE,Combined TRACON& Tower with Radar,2,35,32,0,69,0,5,41,32,78,2,40,73,32,147,114,14,128,275
06/16/2010,BIS,ND,AGL,CE,Combined TRACON& Tower with Radar,6,35,29,3,73,0,0,35,7,42,6,35,64,10,115,24,8,32,147
06/17/2010,BIS,ND,AGL,CE,Combined TRACON& Tower with Radar,6,30,32,3,71,0,0,4,2,6,6,30,36,5,77,0,0,0,77
06/18/2010,BIS,ND,AGL,CE,Combined TRACON& Tower with Radar,5,31,13,2,51,0,0,9,1,10,5,31,22,3,61,2,0,2,63
06/19/2010,BIS,ND,AGL,CE,Combined TRACON& Tower with Radar,5,25,15,0,45,0,3,34,1,38,5,28,49,1,83,33,0,33,116
06/20/2010,BIS,ND,AGL,CE,Combined TRACON& Tower with Radar,6,22,9,0,37,0,0,37,1,38,6,22,46,1,75,72,0,72,147
06/21/2010,BIS,ND,AGL,CE,Combined TRACON& Tower with Radar,8,25,20,2,55,0,0,19,1,20,8,25,39,3,75,36,0,36,111
06/22/2010,BIS,ND,AGL,CE,Combined TRACON& Tower with Radar,4,34,27,2,67,0,0,68,3,71,4,34,95,5,138,119,0,119,257
06/23/2010,BIS,ND,AGL,CE,Combined TRACON& Tower with Radar,6,34,33,2,75,0,0,39,1,40,6,34,72,3,115,62,0,62,177
06/24/2010,BIS,ND,AGL,CE,Combined TRACON& Tower with Radar,6,33,32,2,73,0,0,42,4,46,6,33,74,6,119,52,0,52,171
06/25/2010,BIS,ND,AGL,CE,Combined TRACON& Tower with Radar,5,29,23,2,59,0,0,39,3,42,5,29,62,5,101,50,22,72,173
06/26/2010,BIS,ND,AGL,CE,Combined TRACON& Tower with Radar,6,26,21,3,56,0,0,18,1,19,6,26,39,4,75,44,0,44,119
06/27/2010,BIS,ND,AGL,CE,Combined TRACON& Tower with Radar,6,23,28,1,58,0,0,47,0,47,6,23,75,1,105,310,0,310,415
06/28/2010,BIS,ND,AGL,CE,Combined TRACON& Tower with Radar,6,34,36,1,77,0,0,70,16,86,6,34,106,17,163,528,12,540,703
06/29/2010,BIS,ND,AGL,CE,Combined TRACON& Tower with Radar,2,38,32,1,73,0,4,63,14,81,2,42,95,15,154,409,4,413,567
06/30/2010,BIS,ND,AGL,CE,Combined TRACON& Tower with Radar,6,32,19,7,64,0,0,36,13,49,6,32,55,20,113,2,0,2,115
07/01/2010,BIS,ND,AGL,CE,Combined TRACON& Tower with Radar,6,36,31,2,75,0,0,41,10,51,6,36,72,12,126,70,0,70,196
07/02/2010,BIS,ND,AGL,CE,Combined TRACON& Tower with Radar,6,36,27,0,69,0,0,33,1,34,6,36,60,1,103,34,0,34,137
07/03/2010,BIS,ND,AGL,CE,Combined TRACON& Tower with Radar,4,27,4,0,35,0,0,13,0,13,4,27,17,0,48,12,0,12,60
07/04/2010,BIS,ND,AGL,CE,Combined TRACON& Tower with Radar,6,13,4,0,23,0,0,7,0,7,6,13,11,0,30,26,0,26,56
07/05/2010,BIS,ND,AGL,CE,Combined TRACON& Tower with Radar,10,22,9,1,42,0,0,37,1,38,10,22,46,2,80,35,0,35,115
07/06/2010,BIS,ND,AGL,CE,Combined TRACON& Tower with Radar,4,29,19,2,54,0,0,42,6,48,4,29,61,8,102,88,0,88,190
07/07/2010,BIS,ND,AGL,CE,Combined TRACON& Tower with Radar,6,33,52,1,92,0,0,48,11,59,6,33,100,12,151,118,4,122,273
07/08/2010,BIS,ND,AGL,CE,Combined TRACON& Tower with Radar,4,39,46,2,91,0,1,40,5,46,4,40,86,7,137,82,29,111,248
07/09/2010,BIS,ND,AGL,CE,Combined TRACON& Tower with Radar,6,31,32,6,75,0,1,45,1,47,6,32,77,7,122,63,0,63,185
07/10/2010,BIS,ND,AGL,CE,Combined TRACON& Tower with Radar,6,29,6,0,41,0,0,21,2,23,6,29,27,2,64,68,0,68,132
07/11/2010,BIS,ND,AGL,CE,Combined TRACON& Tower with Radar,5,23,16,2,46,0,1,23,0,24,5,24,39,2,70,98,0,98,168
07/12/2010,BIS,ND,AGL,CE,Combined TRACON& Tower with Radar,6,28,38,2,74,0,0,40,2,42,6,28,78,4,116,70,0,70,186
07/13/2010,BIS,ND,AGL,CE,Combined TRACON& Tower with Radar,5,30,24,0,59,0,0,25,17,42,5,30,49,17,101,30,0,30,131
07/14/2010,BIS,ND,AGL,CE,Combined TRACON& Tower with Radar,6,30,36,2,74,0,0,23,6,29,6,30,59,8,103,23,0,23,126
07/15/2010,BIS,ND,AGL,CE,Combined TRACON& Tower with Radar,6,34,42,4,86,0,0,52,9,61,6,34,94,13,147,55,0,55,202
07/16/2010,BIS,ND,AGL,CE,Combined TRACON& Tower with Radar,6,33,19,0,58,0,0,85,9,94,6,33,104,9,152,133,0,133,285
07/17/2010,BIS,ND,AGL,CE,Combined TRACON& Tower with Radar,6,24,21,3,54,0,0,29,0,29,6,24,50,3,83,50,0,50,133
07/18/2010,BIS,ND,AGL,CE,Combined TRACON& Tower with Radar,4,27,10,1,42,0,0,37,0,37,4,27,47,1,79,52,0,52,131
07/19/2010,BIS,ND,AGL,CE,Combined TRACON& Tower with Radar,10,29,31,2,72,0,0,40,0,40,10,29,71,2,112,161,0,161,273
07/20/2010,BIS,ND,AGL,CE,Combined TRACON& Tower with Radar,2,33,28,8,71,0,0,46,8,54,2,33,74,16,125,103,18,121,246
07/21/2010,BIS,ND,AGL,CE,Combined TRACON& Tower with Radar,6,32,26,2,66,0,2,46,2,50,6,34,72,4,116,32,0,32,148
07/22/2010,BIS,ND,AGL,CE,Combined TRACON& Tower with Radar,6,33,81,0,120,0,6,34,0,40,6,39,115,0,160,54,0,54,214
07/23/2010,BIS,ND,AGL,CE,Combined TRACON& Tower with Radar,10,32,28,0,70,0,0,11,0,11,10,32,39,0,81,12,0,12,93
07/24/2010,BIS,ND,AGL,CE,Combined TRACON& Tower with Radar,8,26,19,0,53,0,1,64,3,68,8,27,83,3,121,108,0,108,229
07/25/2010,BIS,ND,AGL,CE,Combined TRACON& Tower with Radar,4,24,17,2,47,0,0,29,1,30,4,24,46,3,77,50,0,50,127
07/26/2010,BIS,ND,AGL,CE,Combined TRACON& Tower with Radar,10,25,22,2,59,0,0,31,5,36,10,25,53,7,95,18,0,18,113
07/27/2010,BIS,ND,AGL,CE,Combined TRACON& Tower with Radar,2,32,43,1,78,0,0,18,10,28,2,32,61,11,106,27,4,31,137
07/28/2010,BIS,ND,AGL,CE,Combined TRACON& Tower with Radar,6,33,31,2,72,0,0,47,13,60,6,33,78,15,132,12,0,12,144
07/29/2010,BIS,ND,AGL,CE,Combined TRACON& Tower with Radar,4,31,30,4,69,0,0,37,9,46,4,31,67,13,115,34,0,34,149
07/30/2010,BIS,ND,AGL,CE,Combined TRACON& Tower with Radar,6,32,15,0,53,0,0,38,2,40,6,32,53,2,93,24,0,24,117
07/31/2010,BIS,ND,AGL,CE,Combined TRACON& Tower with Radar,6,24,17,0,47,0,0,24,1,25,6,24,41,1,72,50,0,50,122
08/01/2010,BIS,ND,AGL,CE,Combined TRACON& Tower with Radar,6,20,8,0,34,0,0,24,1,25,6,20,32,1,59,74,0,74,133
08/02/2010,BIS,ND,AGL,CE,Combined TRACON& Tower with Radar,8,33,17,7,65,0,1,38,4,43,8,34,55,11,108,52,0,52,160
08/03/2010,BIS,ND,AGL,CE,Combined TRACON& Tower with Radar,4,36,27,0,67,0,0,58,4,62,4,36,85,4,129,62,0,62,191
08/04/2010,BIS,ND,AGL,CE,Combined TRACON& Tower with Radar,6,41,22,2,71,0,0,43,3,46,6,41,65,5,117,46,0,46,163
08/05/2010,BIS,ND,AGL,CE,Combined TRACON& Tower with Radar,7,35,42,4,88,0,0,49,3,52,7,35,91,7,140,24,0,24,164
08/06/2010,BIS,ND,AGL,CE,Combined TRACON& Tower with Radar,4,38,35,3,80,0,0,53,3,56,4,38,88,6,136,60,0,60,196
08/07/2010,BIS,ND,AGL,CE,Combined TRACON& Tower with Radar,6,24,24,0,54,0,0,30,12,42,6,24,54,12,96,50,18,68,164
08/08/2010,BIS,ND,AGL,CE,Combined TRACON& Tower with Radar,6,21,10,2,39,0,0,23,14,37,6,21,33,16,76,48,4,52,128
08/09/2010,BIS,ND,AGL,CE,Combined TRACON& Tower with Radar,6,27,28,0,61,0,0,29,2,31,6,27,57,2,92,20,0,20,112
08/10/2010,BIS,ND,AGL,CE,Combined TRACON& Tower with Radar,4,33,36,1,74,0,0,31,1,32,4,33,67,2,106,64,0,64,170
08/11/2010,BIS,ND,AGL,CE,Combined TRACON& Tower with Radar,4,36,31,1,72,0,0,45,1,46,4,36,76,2,118,50,0,50,168
08/12/2010,BIS,ND,AGL,CE,Combined TRACON& Tower with Radar,6,34,30,0,70,0,0,18,2,20,6,34,48,2,90,0,2,2,92
08/13/2010,BIS,ND,AGL,CE,Combined TRACON& Tower with Radar,6,34,34,2,76,0,0,32,1,33,6,34,66,3,109,52,0,52,161
08/14/2010,BIS,ND,AGL,CE,Combined TRACON& Tower with Radar,6,24,4,1,35,0,0,17,2,19,6,24,21,3,54,12,0,12,66
08/15/2010,BIS,ND,AGL,CE,Combined TRACON& Tower with Radar,6,22,15,2,45,0,0,34,0,34,6,22,49,2,79,36,0,36,115
08/16/2010,BIS,ND,AGL,CE,Combined TRACON& Tower with Radar,7,23,25,0,55,0,0,54,3,57,7,23,79,3,112,138,0,138,250
08/17/2010,BIS,ND,AGL,CE,Combined TRACON& Tower with Radar,5,28,23,3,59,0,0,58,4,62,5,28,81,7,121,134,0,134,255
08/18/2010,BIS,ND,AGL,CE,Combined TRACON& Tower with Radar,5,40,38,5,88,0,0,38,1,39,5,40,76,6,127,78,20,98,225
08/19/2010,BIS,ND,AGL,CE,Combined TRACON& Tower with Radar,5,35,39,0,79,0,0,12,0,12,5,35,51,0,91,36,0,36,127
08/20/2010,BIS,ND,AGL,CE,Combined TRACON& Tower with Radar,6,33,28,2,69,0,0,36,3,39,6,33,64,5,108,14,0,14,122
08/21/2010,BIS,ND,AGL,CE,Combined TRACON& Tower with Radar,6,29,12,0,47,0,0,19,1,20,6,29,31,1,67,24,0,24,91
08/22/2010,BIS,ND,AGL,CE,Combined TRACON& Tower with Radar,8,20,6,0,34,0,0,9,0,9,8,20,15,0,43,46,0,46,89
08/23/2010,BIS,ND,AGL,CE,Combined TRACON& Tower with Radar,6,28,25,0,59,0,0,8,14,22,6,28,33,14,81,28,16,44,125
08/24/2010,BIS,ND,AGL,CE,Combined TRACON& Tower with Radar,4,32,50,2,88,0,0,48,14,62,4,32,98,16,150,50,4,54,204
08/25/2010,BIS,ND,AGL,CE,Combined TRACON& Tower with Radar,8,38,28,0,74,0,1,61,16,78,8,39,89,16,152,61,10,71,223
08/26/2010,BIS,ND,AGL,CE,Combined TRACON& Tower with Radar,4,33,51,0,88,0,0,51,11,62,4,33,102,11,150,64,2,66,216
08/27/2010,BIS,ND,AGL,CE,Combined TRACON& Tower with Radar,6,32,32,0,70,0,0,41,5,46,6,32,73,5,116,74,0,74,190
08/28/2010,BIS,ND,AGL,CE,Combined TRACON& Tower with Radar,6,24,7,4,41,0,0,23,0,23,6,24,30,4,64,12,0,12,76
08/29/2010,BIS,ND,AGL,CE,Combined TRACON& Tower with Radar,6,23,11,0,40,0,0,19,0,19,6,23,30,0,59,60,0,60,119
08/30/2010,BIS,ND,AGL,CE,Combined TRACON& Tower with Radar,8,33,30,0,71,0,0,9,0,9,8,33,39,0,80,4,0,4,84
08/31/2010,BIS,ND,AGL,CE,Combined TRACON& Tower with Radar,6,36,36,9,87,0,0,33,10,43,6,36,69,19,130,32,10,42,172
09/01/2010,BIS,ND,AGL,CE,Combined TRACON& Tower with Radar,8,32,31,2,73,0,0,42,5,47,8,32,73,7,120,74,2,76,196
09/02/2010,BIS,ND,AGL,CE,Combined TRACON& Tower with Radar,4,28,38,2,72,0,0,12,2,14,4,28,50,4,86,0,0,0,86
09/03/2010,BIS,ND,AGL,CE,Combined TRACON& Tower with Radar,8,28,14,1,51,0,0,51,2,53,8,28,65,3,104,70,0,70,174
09/04/2010,BIS,ND,AGL,CE,Combined TRACON& Tower with Radar,5,23,8,0,36,0,0,31,0,31,5,23,39,0,67,32,0,32,99
09/05/2010,BIS,ND,AGL,CE,Combined TRACON& Tower with Radar,7,16,12,0,35,0,0,20,0,20,7,16,32,0,55,54,0,54,109
09/06/2010,BIS,ND,AGL,CE,Combined TRACON& Tower with Radar,7,19,8,0,34,0,0,2,0,2,7,19,10,0,36,0,0,0,36
09/07/2010,BIS,ND,AGL,CE,Combined TRACON& Tower with Radar,3,28,21,0,52,0,0,42,11,53,3,28,63,11,105,102,0,102,207
09/08/2010,BIS,ND,AGL,CE,Combined TRACON& Tower with Radar,6,31,37,1,75,0,0,43,4,47,6,31,80,5,122,16,0,16,138
09/09/2010,BIS,ND,AGL,CE,Combined TRACON& Tower with Radar,4,35,35,2,76,0,0,3,2,5,4,35,38,4,81,0,0,0,81
09/10/2010,BIS,ND,AGL,CE,Combined TRACON& Tower with Radar,6,34,15,2,57,0,0,30,12,42,6,34,45,14,99,44,0,44,143
09/11/2010,BIS,ND,AGL,CE,Combined TRACON& Tower with Radar,6,22,13,0,41,0,0,21,14,35,6,22,34,14,76,24,0,24,100
09/12/2010,BIS,ND,AGL,CE,Combined TRACON& Tower with Radar,2,24,23,0,49,0,0,45,8,53,2,24,68,8,102,84,2,86,188
09/13/2010,BIS,ND,AGL,CE,Combined TRACON& Tower with Radar,4,32,33,4,73,0,0,41,16,57,4,32,74,20,130,104,0,104,234
09/14/2010,BIS,ND,AGL,CE,Combined TRACON& Tower with Radar,2,33,41,3,79,0,0,39,15,54,2,33,80,18,133,97,0,97,230
09/15/2010,BIS,ND,AGL,CE,Combined TRACON& Tower with Radar,7,33,34,3,77,0,0,8,8,16,7,33,42,11,93,40,0,40,133
09/16/2010,BIS,ND,AGL,CE,Combined TRACON& Tower with Radar,2,35,42,3,82,0,6,33,15,54,2,41,75,18,136,26,0,26,162
09/17/2010,BIS,ND,AGL,CE,Combined TRACON& Tower with Radar,4,34,28,6,72,0,0,15,3,18,4,34,43,9,90,8,0,8,98
09/18/2010,BIS,ND,AGL,CE,Combined TRACON& Tower with Radar,4,25,8,0,37,0,0,55,0,55,4,25,63,0,92,84,0,84,176
09/19/2010,BIS,ND,AGL,CE,Combined TRACON& Tower with Radar,2,25,21,0,48,0,3,37,2,42,2,28,58,2,90,88,0,88,178
09/20/2010,BIS,ND,AGL,CE,Combined TRACON& Tower with Radar,4,30,21,0,55,0,0,3,0,3,4,30,24,0,58,8,0,8,66
09/21/2010,BIS,ND,AGL,CE,Combined TRACON& Tower with Radar,2,36,34,0,72,0,0,54,3,57,2,36,88,3,129,56,0,56,185
09/22/2010,BIS,ND,AGL,CE,Combined TRACON& Tower with Radar,6,35,44,7,92,0,0,4,7,11,6,35,48,14,103,0,0,0,103
09/23/2010,BIS,ND,AGL,CE,Combined TRACON& Tower with Radar,2,37,35,4,78,0,0,2,0,2,2,37,37,4,80,0,6,6,86
09/24/2010,BIS,ND,AGL,CE,Combined TRACON& Tower with Radar,4,40,25,4,73,0,0,52,5,57,4,40,77,9,130,76,0,76,206
09/25/2010,BIS,ND,AGL,CE,Combined TRACON& Tower with Radar,4,22,13,0,39,0,1,56,4,61,4,23,69,4,100,70,0,70,170
09/26/2010,BIS,ND,AGL,CE,Combined TRACON& Tower with Radar,2,24,22,4,52,0,0,53,0,53,2,24,75,4,105,92,0,92,197
09/27/2010,BIS,ND,AGL,CE,Combined TRACON& Tower with Radar,4,27,22,6,59,0,0,63,1,64,4,27,85,7,123,91,0,91,214
09/28/2010,BIS,ND,AGL,CE,Combined TRACON& Tower with Radar,4,35,34,5,78,0,2,61,7,70,4,37,95,12,148,97,10,107,255
09/29/2010,BIS,ND,AGL,CE,Combined TRACON& Tower with Radar,6,35,26,0,67,0,0,39,1,40,6,35,65,1,107,52,0,52,159
09/30/2010,BIS,ND,AGL,CE,Combined TRACON& Tower with Radar,2,32,41,7,82,0,5,95,0,100,2,37,136,7,182,52,0,52,234
10/01/2010,BIS,ND,AGL,CE,Combined TRACON& Tower with Radar,2,30,24,5,61,0,0,43,3,46,2,30,67,8,107,46,0,46,153
10/02/2010,BIS,ND,AGL,CE,Combined TRACON& Tower with Radar,2,21,11,0,34,0,0,41,0,41,2,21,52,0,75,22,0,22,97
10/03/2010,BIS,ND,AGL,CE,Combined TRACON& Tower with Radar,6,22,8,2,38,0,1,43,0,44,6,23,51,2,82,52,0,52,134
10/04/2010,BIS,ND,AGL,CE,Combined TRACON& Tower with Radar,2,24,23,6,55,0,0,50,17,67,2,24,73,23,122,97,4,101,223
10/05/2010,BIS,ND,AGL,CE,Combined TRACON& Tower with Radar,4,27,22,5,58,0,0,48,12,60,4,27,70,17,118,84,0,84,202
10/06/2010,BIS,ND,AGL,CE,Combined TRACON& Tower with Radar,2,31,24,4,61,0,1,51,9,61,2,32,75,13,122,50,0,50,172
10/07/2010,BIS,ND,AGL,CE,Combined TRACON& Tower with Radar,6,31,45,2,84,0,1,65,10,76,6,32,110,12,160,72,0,72,232
10/08/2010,BIS,ND,AGL,CE,Combined TRACON& Tower with Radar,4,32,34,2,72,0,0,46,4,50,4,32,80,6,122,62,0,62,184
10/09/2010,BIS,ND,AGL,CE,Combined TRACON& Tower with Radar,1,22,13,0,36,0,0,31,0,31,1,22,44,0,67,42,0,42,109
10/10/2010,BIS,ND,AGL,CE,Combined TRACON& Tower with Radar,6,21,9,0,36,0,1,17,0,18,6,22,26,0,54,12,0,12,66
10/11/2010,BIS,ND,AGL,CE,Combined TRACON& Tower with Radar,4,25,27,0,56,0,0,43,0,43,4,25,70,0,99,69,0,69,168
10/12/2010,BIS,ND,AGL,CE,Combined TRACON& Tower with Radar,2,32,33,3,70,0,0,46,3,49,2,32,79,6,119,56,0,56,175
10/13/2010,BIS,ND,AGL,CE,Combined TRACON& Tower with Radar,2,35,34,2,73,0,0,54,4,58,2,35,88,6,131,77,0,77,208
10/14/2010,BIS,ND,AGL,CE,Combined TRACON& Tower with Radar,6,31,48,7,92,0,3,48,2,53,6,34,96,9,145,16,0,16,161
10/15/2010,BIS,ND,AGL,CE,Combined TRACON& Tower with Radar,4,34,37,4,79,0,0,66,9,75,4,34,103,13,154,50,0,50,204
10/16/2010,BIS,ND,AGL,CE,Combined TRACON& Tower with Radar,2,22,11,2,37,0,0,33,9,42,2,22,44,11,79,34,0,34,113
10/17/2010,BIS,ND,AGL,CE,Combined TRACON& Tower with Radar,6,25,13,2,46,0,0,29,11,40,6,25,42,13,86,24,10,34,120
10/18/2010,BIS,ND,AGL,CE,Combined TRACON& Tower with Radar,6,31,24,3,64,0,0,15,11,26,6,31,39,14,90,20,20,40,130
10/19/2010,BIS,ND,AGL,CE,Combined TRACON& Tower with Radar,2,34,37,5,78,0,0,36,11,47,2,34,73,16,125,28,0,28,153
10/20/2010,BIS,ND,AGL,CE,Combined TRACON& Tower with Radar,4,36,35,6,81,0,0,37,7,44,4,36,72,13,125,28,4,32,157
10/21/2010,BIS,ND,AGL,CE,Combined TRACON& Tower with Radar,6,35,38,2,81,0,0,49,7,56,6,35,87,9,137,69,12,81,218
10/22/2010,BIS,ND,AGL,CE,Combined TRACON& Tower with Radar,4,36,32,1,73,0,0,56,2,58,4,36,88,3,131,110,0,110,241
10/23/2010,BIS,ND,AGL,CE,Combined TRACON& Tower with Radar,2,24,13,0,39,0,0,34,0,34,2,24,47,0,73,36,0,36,109
10/24/2010,BIS,ND,AGL,CE,Combined TRACON& Tower with Radar,7,26,23,0,56,0,0,2,0,2,7,26,25,0,58,22,0,22,80
10/25/2010,BIS,ND,AGL,CE,Combined TRACON& Tower with Radar,5,37,30,1,73,0,0,0,0,0,5,37,30,1,73,0,0,0,73
10/26/2010,BIS,ND,AGL,CE,Combined TRACON& Tower with Radar,1,25,23,0,49,0,0,0,0,0,1,25,23,0,49,0,0,0,49
10/27/2010,BIS,ND,AGL,CE,Combined TRACON& Tower with Radar,1,24,12,2,39,0,0,0,0,0,1,24,12,2,39,0,0,0,39
10/28/2010,BIS,ND,AGL,CE,Combined TRACON& Tower with Radar,8,27,41,0,76,0,0,40,7,47,8,27,81,7,123,68,6,74,197
10/29/2010,BIS,ND,AGL,CE,Combined TRACON& Tower with Radar,2,31,21,3,57,0,2,49,6,57,2,33,70,9,114,36,0,36,150
10/30/2010,BIS,ND,AGL,CE,Combined TRACON& Tower with Radar,2,22,15,9,48,0,0,6,1,7,2,22,21,10,55,20,0,20,75
10/31/2010,BIS,ND,AGL,CE,Combined TRACON& Tower with Radar,6,26,22,5,59,0,0,15,1,16,6,26,37,6,75,63,0,63,138
11/01/2010,BIS,ND,AGL,CE,Combined TRACON& Tower with Radar,2,30,30,1,63,0,1,14,0,15,2,31,44,1,78,35,0,35,113
11/02/2010,BIS,ND,AGL,CE,Combined TRACON& Tower with Radar,2,32,42,1,77,0,0,53,6,59,2,32,95,7,136,2,0,2,138
11/03/2010,BIS,ND,AGL,CE,Combined TRACON& Tower with Radar,2,32,33,1,68,0,0,33,4,37,2,32,66,5,105,0,0,0,105
11/04/2010,BIS,ND,AGL,CE,Combined TRACON& Tower with Radar,6,35,43,0,84,0,3,34,4,41,6,38,77,4,125,10,0,10,135
11/05/2010,BIS,ND,AGL,CE,Combined TRACON& Tower with Radar,2,28,10,5,45,0,0,42,2,44,2,28,52,7,89,10,0,10,99
11/06/2010,BIS,ND,AGL,CE,Combined TRACON& Tower with Radar,1,26,15,14,56,0,0,28,0,28,1,26,43,14,84,12,4,16,100
11/07/2010,BIS,ND,AGL,CE,Combined TRACON& Tower with Radar,5,26,7,6,44,0,0,30,1,31,5,26,37,7,75,31,0,31,106
11/08/2010,BIS,ND,AGL,CE,Combined TRACON& Tower with Radar,2,25,20,2,49,0,0,34,5,39,2,25,54,7,88,77,0,77,165
11/09/2010,BIS,ND,AGL,CE,Combined TRACON& Tower with Radar,2,33,41,2,78,0,2,11,4,17,2,35,52,6,95,16,0,16,111
11/10/2010,BIS,ND,AGL,CE,Combined TRACON& Tower with Radar,2,29,31,5,67,0,0,0,0,0,2,29,31,5,67,0,0,0,67
11/11/2010,BIS,ND,AGL,CE,Combined TRACON& Tower with Radar,6,28,51,2,87,0,0,33,1,34,6,28,84,3,121,24,0,24,145
11/12/2010,BIS,ND,AGL,CE,Combined TRACON& Tower with Radar,4,30,28,0,62,0,0,31,0,31,4,30,59,0,93,15,0,15,108
11/13/2010,BIS,ND,AGL,CE,Combined TRACON& Tower with Radar,1,24,19,0,44,0,0,22,1,23,1,24,41,1,67,34,0,34,101
11/14/2010,BIS,ND,AGL,CE,Combined TRACON& Tower with Radar,5,23,13,0,41,0,0,11,0,11,5,23,24,0,52,30,0,30,82
11/15/2010,BIS,ND,AGL,CE,Combined TRACON& Tower with Radar,4,28,16,4,52,0,0,4,0,4,4,28,20,4,56,0,0,0,56
11/16/2010,BIS,ND,AGL,CE,Combined TRACON& Tower with Radar,3,32,27,2,64,0,0,20,8,28,3,32,47,10,92,26,0,26,118
11/17/2010,BIS,ND,AGL,CE,Combined TRACON& Tower with Radar,2,35,23,2,62,0,0,7,11,18,2,35,30,13,80,0,6,6,86
11/18/2010,BIS,ND,AGL,CE,Combined TRACON& Tower with Radar,6,39,25,3,73,0,0,0,15,15,6,39,25,18,88,16,4,20,108
11/19/2010,BIS,ND,AGL,CE,Combined TRACON& Tower with Radar,2,31,21,4,58,0,1,20,16,37,2,32,41,20,95,12,2,14,109
11/20/2010,BIS,ND,AGL,CE,Combined TRACON& Tower with Radar,1,25,0,3,29,0,0,1,3,4,1,25,1,6,33,0,0,0,33
11/21/2010,BIS,ND,AGL,CE,Combined TRACON& Tower with Radar,5,22,8,2,37,0,0,13,0,13,5,22,21,2,50,6,0,6,56
11/22/2010,BIS,ND,AGL,CE,Combined TRACON& Tower with Radar,2,29,22,1,54,0,0,4,0,4,2,29,26,1,58,4,0,4,62
11/23/2010,BIS,ND,AGL,CE,Combined TRACON& Tower with Radar,4,32,29,6,71,0,0,5,7,12,4,32,34,13,83,0,0,0,83
11/24/2010,BIS,ND,AGL,CE,Combined TRACON& Tower with Radar,4,37,10,8,59,0,0,0,0,0,4,37,10,8,59,0,0,0,59
11/25/2010,BIS,ND,AGL,CE,Combined TRACON& Tower with Radar,3,9,0,0,12,0,0,2,0,2,3,9,2,0,14,0,0,0,14
11/26/2010,BIS,ND,AGL,CE,Combined TRACON& Tower with Radar,2,19,6,0,27,0,0,6,0,6,2,19,12,0,33,0,0,0,33
11/27/2010,BIS,ND,AGL,CE,Combined TRACON& Tower with Radar,2,28,9,0,39,0,0,28,0,28,2,28,37,0,67,38,0,38,105
11/28/2010,BIS,ND,AGL,CE,Combined TRACON& Tower with Radar,4,27,7,0,38,0,0,0,0,0,4,27,7,0,38,0,0,0,38
11/29/2010,BIS,ND,AGL,CE,Combined TRACON& Tower with Radar,1,26,29,2,58,0,0,0,0,0,1,26,29,2,58,0,0,0,58
11/30/2010,BIS,ND,AGL,CE,Combined TRACON& Tower with Radar,4,31,23,9,67,0,0,5,15,20,4,31,28,24,87,0,10,10,97
12/01/2010,BIS,ND,AGL,CE,Combined TRACON& Tower with Radar,4,36,31,2,73,0,0,5,1,6,4,36,36,3,79,0,0,0,79
12/02/2010,BIS,ND,AGL,CE,Combined TRACON& Tower with Radar,6,33,29,0,68,0,0,19,3,22,6,33,48,3,90,26,0,26,116
12/03/2010,BIS,ND,AGL,CE,Combined TRACON& Tower with Radar,4,32,20,4,60,0,0,0,0,0,4,32,20,4,60,0,0,0,60
12/04/2010,BIS,ND,AGL,CE,Combined TRACON& Tower with Radar,3,22,16,4,45,0,0,0,0,0,3,22,16,4,45,0,0,0,45
12/05/2010,BIS,ND,AGL,CE,Combined TRACON& Tower with Radar,6,19,15,4,44,0,0,11,5,16,6,19,26,9,60,23,0,23,83
12/06/2010,BIS,ND,AGL,CE,Combined TRACON& Tower with Radar,4,25,30,4,63,0,0,22,7,29,4,25,52,11,92,74,0,74,166
12/07/2010,BIS,ND,AGL,CE,Combined TRACON& Tower with Radar,2,42,47,5,96,0,0,2,0,2,2,42,49,5,98,6,0,6,104
12/08/2010,BIS,ND,AGL,CE,Combined TRACON& Tower with Radar,4,36,27,4,71,0,0,4,0,4,4,36,31,4,75,0,0,0,75
12/09/2010,BIS,ND,AGL,CE,Combined TRACON& Tower with Radar,6,36,43,5,90,0,0,42,11,53,6,36,85,16,143,30,0,30,173
12/10/2010,BIS,ND,AGL,CE,Combined TRACON& Tower with Radar,4,37,17,3,61,0,0,1,0,1,4,37,18,3,62,0,0,0,62
12/11/2010,BIS,ND,AGL,CE,Combined TRACON& Tower with Radar,2,20,0,0,22,0,0,10,0,10,2,20,10,0,32,44,0,44,76
12/12/2010,BIS,ND,AGL,CE,Combined TRACON& Tower with Radar,6,18,5,1,30,0,0,14,0,14,6,18,19,1,44,44,0,44,88
12/13/2010,BIS,ND,AGL,CE,Combined TRACON& Tower with Radar,6,28,15,2,51,0,0,4,6,10,6,28,19,8,61,6,36,42,103
12/14/2010,BIS,ND,AGL,CE,Combined TRACON& Tower with Radar,2,28,22,15,67,0,0,27,8,35,2,28,49,23,102,14,34,48,150
12/15/2010,BIS,ND,AGL,CE,Combined TRACON& Tower with Radar,2,36,23,0,61,0,0,19,7,26,2,36,42,7,87,16,6,22,109
12/16/2010,BIS,ND,AGL,CE,Combined TRACON& Tower with Radar,8,30,14,0,52,0,0,0,0,0,8,30,14,0,52,0,0,0,52
12/17/2010,BIS,ND,AGL,CE,Combined TRACON& Tower with Radar,2,30,29,4,65,0,1,46,6,53,2,31,75,10,118,6,6,12,130
12/18/2010,BIS,ND,AGL,CE,Combined TRACON& Tower with Radar,1,32,28,0,61,0,0,12,0,12,1,32,40,0,73,8,0,8,81
12/19/2010,BIS,ND,AGL,CE,Combined TRACON& Tower with Radar,4,22,8,1,35,0,0,27,0,27,4,22,35,1,62,10,0,10,72
12/20/2010,BIS,ND,AGL,CE,Combined TRACON& Tower with Radar,0,26,10,1,37,0,0,0,0,0,0,26,10,1,37,0,0,0,37
12/21/2010,BIS,ND,AGL,CE,Combined TRACON& Tower with Radar,2,36,27,2,67,0,0,23,3,26,2,36,50,5,93,74,2,76,169
12/22/2010,BIS,ND,AGL,CE,Combined TRACON& Tower with Radar,2,36,21,0,59,0,0,19,0,19,2,36,40,0,78,0,0,0,78
12/23/2010,BIS,ND,AGL,CE,Combined TRACON& Tower with Radar,4,37,10,0,51,0,0,0,0,0,4,37,10,0,51,0,0,0,51
12/24/2010,BIS,ND,AGL,CE,Combined TRACON& Tower with Radar,2,32,7,0,41,0,0,0,0,0,2,32,7,0,41,0,0,0,41
12/25/2010,BIS,ND,AGL,CE,Combined TRACON& Tower with Radar,4,22,1,0,27,0,0,0,0,0,4,22,1,0,27,0,0,0,27
12/26/2010,BIS,ND,AGL,CE,Combined TRACON& Tower with Radar,6,23,15,0,44,0,0,2,0,2,6,23,17,0,46,0,0,0,46
12/27/2010,BIS,ND,AGL,CE,Combined TRACON& Tower with Radar,0,29,19,2,50,0,0,37,10,47,0,29,56,12,97,31,4,35,132
12/28/2010,BIS,ND,AGL,CE,Combined TRACON& Tower with Radar,2,34,21,1,58,0,0,41,3,44,2,34,62,4,102,34,0,34,136
12/29/2010,BIS,ND,AGL,CE,Combined TRACON& Tower with Radar,2,39,16,2,59,0,1,19,4,24,2,40,35,6,83,0,0,0,83
12/30/2010,BIS,ND,AGL,CE,Combined TRACON& Tower with Radar,4,33,0,0,37,0,0,0,0,0,4,33,0,0,37,0,0,0,37
12/31/2010,BIS,ND,AGL,CE,Combined TRACON& Tower with Radar,2,29,1,0,32,0,0,2,0,2,2,29,3,0,34,0,0,0,34
01/01/2011,BIS,ND,AGL,CE,Combined TRACON& Tower with Radar,2,23,4,0,29,0,0,21,0,21,2,23,25,0,50,12,0,12,62
01/02/2011,BIS,ND,AGL,CE,Combined TRACON& Tower with Radar,6,23,1,0,30,0,1,5,0,6,6,24,6,0,36,0,0,0,36
01/03/2011,BIS,ND,AGL,CE,Combined TRACON& Tower with Radar,3,30,21,1,55,0,0,10,4,14,3,30,31,5,69,12,0,12,81
01/04/2011,BIS,ND,AGL,CE,Combined TRACON& Tower with Radar,4,28,21,4,57,0,1,27,8,36,4,29,48,12,93,35,0,35,128
01/05/2011,BIS,ND,AGL,CE,Combined TRACON& Tower with Radar,2,31,22,2,57,0,0,15,12,27,2,31,37,14,84,2,14,16,100
01/06/2011,BIS,ND,AGL,CE,Combined TRACON& Tower with Radar,6,25,32,9,72,0,0,13,6,19,6,25,45,15,91,8,6,14,105
01/07/2011,BIS,ND,AGL,CE,Combined TRACON& Tower with Radar,2,30,23,5,60,0,0,8,4,12,2,30,31,9,72,0,0,0,72
01/08/2011,BIS,ND,AGL,CE,Combined TRACON& Tower with Radar,2,24,7,2,35,0,0,0,4,4,2,24,7,6,39,0,0,0,39
01/09/2011,BIS,ND,AGL,CE,Combined TRACON& Tower with Radar,10,17,11,2,40,0,0,2,2,4,10,17,13,4,44,0,12,12,56
01/10/2011,BIS,ND,AGL,CE,Combined TRACON& Tower with Radar,2,24,22,0,48,0,0,0,10,10,2,24,22,10,58,0,0,0,58
01/11/2011,BIS,ND,AGL,CE,Combined TRACON& Tower with Radar,2,28,31,6,67,0,0,15,5,20,2,28,46,11,87,4,0,4,91
01/12/2011,BIS,ND,AGL,CE,Combined TRACON& Tower with Radar,2,33,18,4,57,0,0,19,6,25,2,33,37,10,82,22,0,22,104
01/13/2011,BIS,ND,AGL,CE,Combined TRACON& Tower with Radar,6,32,29,4,71,0,0,13,10,23,6,32,42,14,94,6,16,22,116
01/14/2011,BIS,ND,AGL,CE,Combined TRACON& Tower with Radar,2,33,18,0,53,0,0,3,0,3,2,33,21,0,56,2,0,2,58
01/15/2011,BIS,ND,AGL,CE,Combined TRACON& Tower with Radar,4,25,8,0,37,0,0,2,2,4,4,25,10,2,41,0,0,0,41
01/16/2011,BIS,ND,AGL,CE,Combined TRACON& Tower with Radar,8,18,5,0,31,0,0,0,0,0,8,18,5,0,31,0,0,0,31
01/17/2011,BIS,ND,AGL,CE,Combined TRACON& Tower with Radar,2,26,16,0,44,0,0,4,0,4,2,26,20,0,48,8,0,8,56
01/18/2011,BIS,ND,AGL,CE,Combined TRACON& Tower with Radar,2,29,21,3,55,0,1,13,5,19,2,30,34,8,74,4,0,4,78
01/19/2011,BIS,ND,AGL,CE,Combined TRACON& Tower with Radar,4,31,46,5,86,0,0,22,5,27,4,31,68,10,113,32,2,34,147
01/20/2011,BIS,ND,AGL,CE,Combined TRACON& Tower with Radar,6,30,27,2,65,0,0,29,12,41,6,30,56,14,106,30,0,30,136
01/21/2011,BIS,ND,AGL,CE,Combined TRACON& Tower with Radar,4,29,37,4,74,0,0,9,8,17,4,29,46,12,91,58,16,74,165
01/22/2011,BIS,ND,AGL,CE,Combined TRACON& Tower with Radar,4,22,8,0,34,0,0,3,0,3,4,22,11,0,37,4,0,4,41
01/23/2011,BIS,ND,AGL,CE,Combined TRACON& Tower with Radar,8,20,22,0,50,0,0,30,0,30,8,20,52,0,80,70,8,78,158
01/24/2011,BIS,ND,AGL,CE,Combined TRACON& Tower with Radar,2,23,19,4,48,0,0,1,2,3,2,23,20,6,51,0,2,2,53
01/25/2011,BIS,ND,AGL,CE,Combined TRACON& Tower with Radar,4,26,44,3,77,0,0,44,5,49,4,26,88,8,126,28,4,32,158
01/26/2011,BIS,ND,AGL,CE,Combined TRACON& Tower with Radar,2,28,49,0,79,0,0,47,9,56,2,28,96,9,135,74,0,74,209
01/27/2011,BIS,ND,AGL,CE,Combined TRACON& Tower with Radar,6,32,37,4,79,0,1,44,20,65,6,33,81,24,144,99,0,99,243
01/28/2011,BIS,ND,AGL,CE,Combined TRACON& Tower with Radar,2,30,18,0,50,0,0,14,1,15,2,30,32,1,65,6,4,10,75
01/29/2011,BIS,ND,AGL,CE,Combined TRACON& Tower with Radar,2,29,12,0,43,0,0,3,0,3,2,29,15,0,46,2,0,2,48
01/30/2011,BIS,ND,AGL,CE,Combined TRACON& Tower with Radar,8,19,37,0,64,0,0,2,0,2,8,19,39,0,66,34,0,34,100
01/31/2011,BIS,ND,AGL,CE,Combined TRACON& Tower with Radar,2,25,22,2,51,0,0,0,0,0,2,25,22,2,51,0,0,0,51
02/01/2011,BIS,ND,AGL,CE,Combined TRACON& Tower with Radar,2,26,25,0,53,0,0,28,2,30,2,26,53,2,83,1,0,1,84
02/02/2011,BIS,ND,AGL,CE,Combined TRACON& Tower with Radar,4,28,13,4,49,0,0,22,1,23,4,28,35,5,72,14,0,14,86
02/03/2011,BIS,ND,AGL,CE,Combined TRACON& Tower with Radar,4,30,34,6,74,0,0,33,11,44,4,30,67,17,118,47,4,51,169
02/04/2011,BIS,ND,AGL,CE,Combined TRACON& Tower with Radar,6,27,16,10,59,0,0,30,10,40,6,27,46,20,99,72,2,74,173
02/05/2011,BIS,ND,AGL,CE,Combined TRACON& Tower with Radar,6,22,13,0,41,0,0,0,0,0,6,22,13,0,41,0,0,0,41
02/06/2011,BIS,ND,AGL,CE,Combined TRACON& Tower with Radar,8,21,5,0,34,0,0,0,0,0,8,21,5,0,34,0,0,0,34
02/07/2011,BIS,ND,AGL,CE,Combined TRACON& Tower with Radar,4,26,21,2,53,0,0,22,3,25,4,26,43,5,78,64,12,76,154
02/08/2011,BIS,ND,AGL,CE,Combined TRACON& Tower with Radar,4,24,35,0,63,0,0,18,2,20,4,24,53,2,83,43,0,43,126
02/09/2011,BIS,ND,AGL,CE,Combined TRACON& Tower with Radar,4,30,43,7,84,0,0,31,5,36,4,30,74,12,120,52,0,52,172
02/10/2011,BIS,ND,AGL,CE,Combined TRACON& Tower with Radar,4,28,50,10,92,0,0,22,20,42,4,28,72,30,134,12,25,37,171
02/11/2011,BIS,ND,AGL,CE,Combined TRACON& Tower with Radar,5,31,30,5,71,0,0,27,16,43,5,31,57,21,114,18,16,34,148
02/12/2011,BIS,ND,AGL,CE,Combined TRACON& Tower with Radar,6,22,12,7,47,0,0,33,17,50,6,22,45,24,97,34,4,38,135
02/13/2011,BIS,ND,AGL,CE,Combined TRACON& Tower with Radar,8,18,14,3,43,0,0,13,3,16,8,18,27,6,59,0,6,6,65
02/14/2011,BIS,ND,AGL,CE,Combined TRACON& Tower with Radar,4,24,19,0,47,0,0,43,5,48,4,24,62,5,95,41,0,41,136
02/15/2011,BIS,ND,AGL,CE,Combined TRACON& Tower with Radar,6,24,33,1,64,0,3,69,5,77,6,27,102,6,141,44,8,52,193
02/16/2011,BIS,ND,AGL,CE,Combined TRACON& Tower with Radar,4,29,32,5,70,0,0,68,20,88,4,29,100,25,158,82,19,101,259
02/17/2011,BIS,ND,AGL,CE,Combined TRACON& Tower with Radar,4,31,22,0,57,0,0,1,2,3,4,31,23,2,60,0,0,0,60
02/18/2011,BIS,ND,AGL,CE,Combined TRACON& Tower with Radar,6,32,37,4,79,0,0,20,3,23,6,32,57,7,102,0,0,0,102
02/19/2011,BIS,ND,AGL,CE,Combined TRACON& Tower with Radar,6,19,11,0,36,0,0,12,0,12,6,19,23,0,48,0,0,0,48
02/20/2011,BIS,ND,AGL,CE,Combined TRACON& Tower with Radar,3,10,4,0,17,0,0,1,0,1,3,10,5,0,18,0,0,0,18
02/21/2011,BIS,ND,AGL,CE,Combined TRACON& Tower with Radar,5,13,15,2,35,0,0,9,0,9,5,13,24,2,44,0,0,0,44
02/22/2011,BIS,ND,AGL,CE,Combined TRACON& Tower with Radar,2,24,42,3,71,0,0,29,14,43,2,24,71,17,114,84,12,96,210
02/23/2011,BIS,ND,AGL,CE,Combined TRACON& Tower with Radar,4,29,43,2,78,0,0,21,1,22,4,29,64,3,100,36,0,36,136
02/24/2011,BIS,ND,AGL,CE,Combined TRACON& Tower with Radar,4,28,35,18,85,0,0,21,30,51,4,28,56,48,136,4,39,43,179
02/25/2011,BIS,ND,AGL,CE,Combined TRACON& Tower with Radar,6,29,16,7,58,0,0,41,16,57,6,29,57,23,115,30,4,34,149
02/26/2011,BIS,ND,AGL,CE,Combined TRACON& Tower with Radar,3,22,21,12,58,0,2,43,11,56,3,24,64,23,114,52,8,60,174
02/27/2011,BIS,ND,AGL,CE,Combined TRACON& Tower with Radar,3,19,13,4,39,0,2,34,8,44,3,21,47,12,83,34,6,40,123
02/28/2011,BIS,ND,AGL,CE,Combined TRACON& Tower with Radar,5,30,21,7,63,0,0,12,6,18,5,30,33,13,81,4,0,4,85
03/01/2011,BIS,ND,AGL,CE,Combined TRACON& Tower with Radar,6,30,20,3,59,0,0,14,10,24,6,30,34,13,83,4,8,12,95
03/02/2011,BIS,ND,AGL,CE,Combined TRACON& Tower with Radar,5,31,22,3,61,0,0,30,2,32,5,31,52,5,93,14,6,20,113
03/03/2011,BIS,ND,AGL,CE,Combined TRACON& Tower with Radar,8,31,30,3,72,0,0,30,21,51,8,31,60,24,123,42,20,62,185
03/04/2011,BIS,ND,AGL,CE,Combined TRACON& Tower with Radar,8,25,30,0,63,0,0,33,17,50,8,25,63,17,113,66,46,112,225
03/05/2011,BIS,ND,AGL,CE,Combined TRACON& Tower with Radar,5,25,11,0,41,0,0,7,15,22,5,25,18,15,63,12,56,68,131
03/06/2011,BIS,ND,AGL,CE,Combined TRACON& Tower with Radar,5,18,8,0,31,0,0,2,9,11,5,18,10,9,42,0,4,4,46
03/07/2011,BIS,ND,AGL,CE,Combined TRACON& Tower with Radar,10,22,29,12,73,0,0,24,7,31,10,22,53,19,104,4,2,6,110
03/08/2011,BIS,ND,AGL,CE,Combined TRACON& Tower with Radar,4,33,30,0,67,0,0,4,4,8,4,33,34,4,75,0,0,0,75
03/09/2011,BIS,ND,AGL,CE,Combined TRACON& Tower with Radar,6,29,38,5,78,0,0,40,8,48,6,29,78,13,126,155,0,155,281
03/10/2011,BIS,ND,AGL,CE,Combined TRACON& Tower with Radar,6,27,56,4,93,0,0,49,12,61,6,27,105,16,154,69,2,71,225
03/11/2011,BIS,ND,AGL,CE,Combined TRACON& Tower with Radar,10,24,8,4,46,0,1,4,1,6,10,25,12,5,52,4,0,4,56
03/12/2011,BIS,ND,AGL,CE,Combined TRACON& Tower with Radar,5,21,13,6,45,0,0,30,1,31,5,21,43,7,76,20,0,20,96
03/13/2011,BIS,ND,AGL,CE,Combined TRACON& Tower with Radar,3,19,11,9,42,0,0,13,0,13,3,19,24,9,55,34,18,52,107
03/14/2011,BIS,ND,AGL,CE,Combined TRACON& Tower with Radar,10,38,44,0,92,0,0,28,5,33,10,38,72,5,125,50,0,50,175
03/15/2011,BIS,ND,AGL,CE,Combined TRACON& Tower with Radar,4,30,27,4,65,0,1,48,2,51,4,31,75,6,116,44,2,46,162
03/16/2011,BIS,ND,AGL,CE,Combined TRACON& Tower with Radar,8,27,37,2,74,0,1,50,16,67,8,28,87,18,141,70,8,78,219
03/17/2011,BIS,ND,AGL,CE,Combined TRACON& Tower with Radar,4,32,38,6,80,0,1,31,20,52,4,33,69,26,132,30,8,38,170
03/18/2011,BIS,ND,AGL,CE,Combined TRACON& Tower with Radar,8,26,25,4,63,0,1,38,20,59,8,27,63,24,122,52,12,64,186
03/19/2011,BIS,ND,AGL,CE,Combined TRACON& Tower with Radar,7,25,9,1,42,0,0,142,0,142,7,25,151,1,184,48,0,48,232
03/20/2011,BIS,ND,AGL,CE,Combined TRACON& Tower with Radar,3,19,17,2,41,0,0,39,0,39,3,19,56,2,80,22,0,22,102
03/21/2011,BIS,ND,AGL,CE,Combined TRACON& Tower with Radar,8,25,25,2,60,0,0,0,0,0,8,25,25,2,60,2,2,4,64
03/22/2011,BIS,ND,AGL,CE,Combined TRACON& Tower with Radar,2,17,11,0,30,0,0,0,0,0,2,17,11,0,30,0,0,0,30
03/23/2011,BIS,ND,AGL,CE,Combined TRACON& Tower with Radar,8,35,25,0,68,0,0,1,1,2,8,35,26,1,70,0,0,0,70
03/24/2011,BIS,ND,AGL,CE,Combined TRACON& Tower with Radar,4,27,44,2,77,0,0,30,21,51,4,27,74,23,128,42,6,48,176
03/25/2011,BIS,ND,AGL,CE,Combined TRACON& Tower with Radar,8,28,30,3,69,0,0,22,5,27,8,28,52,8,96,6,0,6,102
03/26/2011,BIS,ND,AGL,CE,Combined TRACON& Tower with Radar,7,22,8,2,39,0,1,21,0,22,7,23,29,2,61,36,0,36,97
03/27/2011,BIS,ND,AGL,CE,Combined TRACON& Tower with Radar,3,19,19,0,41,0,0,13,0,13,3,19,32,0,54,80,0,80,134
03/28/2011,BIS,ND,AGL,CE,Combined TRACON& Tower with Radar,10,24,30,8,72,0,0,1,1,2,10,24,31,9,74,2,6,8,82
03/29/2011,BIS,ND,AGL,CE,Combined TRACON& Tower with Radar,4,33,32,3,72,0,0,2,2,4,4,33,34,5,76,21,4,25,101
03/30/2011,BIS,ND,AGL,CE,Combined TRACON& Tower with Radar,8,33,36,6,83,0,0,2,5,7,8,33,38,11,90,12,14,26,116
03/31/2011,BIS,ND,AGL,CE,Combined TRACON& Tower with Radar,5,36,24,5,70,0,0,39,11,50,5,36,63,16,120,90,0,90,210
04/01/2011,BIS,ND,AGL,CE,Combined TRACON& Tower with Radar,4,30,27,8,69,0,4,61,11,76,4,34,88,19,145,106,5,111,256
04/02/2011,BIS,ND,AGL,CE,Combined TRACON& Tower with Radar,5,24,7,5,41,0,1,41,19,61,5,25,48,24,102,48,2,50,152
04/03/2011,BIS,ND,AGL,CE,Combined TRACON& Tower with Radar,3,20,4,4,31,0,0,0,0,0,3,20,4,4,31,0,0,0,31
04/04/2011,BIS,ND,AGL,CE,Combined TRACON& Tower with Radar,6,24,16,2,48,0,0,33,7,40,6,24,49,9,88,128,0,128,216
04/05/2011,BIS,ND,AGL,CE,Combined TRACON& Tower with Radar,2,29,40,2,73,0,0,43,11,54,2,29,83,13,127,48,28,76,203
04/06/2011,BIS,ND,AGL,CE,Combined TRACON& Tower with Radar,6,31,50,4,91,0,3,52,8,63,6,34,102,12,154,42,0,42,196
04/07/2011,BIS,ND,AGL,CE,Combined TRACON& Tower with Radar,6,29,30,3,68,0,0,52,12,64,6,29,82,15,132,30,0,30,162
04/08/2011,BIS,ND,AGL,CE,Combined TRACON& Tower with Radar,6,34,23,3,66,0,0,2,3,5,6,34,25,6,71,0,0,0,71
04/09/2011,BIS,ND,AGL,CE,Combined TRACON& Tower with Radar,3,24,24,2,53,0,0,10,1,11,3,24,34,3,64,14,0,14,78
04/10/2011,BIS,ND,AGL,CE,Combined TRACON& Tower with Radar,3,20,6,2,31,0,0,14,0,14,3,20,20,2,45,158,0,158,203
04/11/2011,BIS,ND,AGL,CE,Combined TRACON& Tower with Radar,6,24,26,4,60,0,1,73,5,79,6,25,99,9,139,148,8,156,295
04/12/2011,BIS,ND,AGL,CE,Combined TRACON& Tower with Radar,4,25,52,2,83,0,1,63,7,71,4,26,115,9,154,136,4,140,294
04/13/2011,BIS,ND,AGL,CE,Combined TRACON& Tower with Radar,7,30,27,6,70,0,4,69,4,77,7,34,96,10,147,119,4,123,270
04/14/2011,BIS,ND,AGL,CE,Combined TRACON& Tower with Radar,6,28,48,1,83,0,4,39,6,49,6,32,87,7,132,20,0,20,152
04/15/2011,BIS,ND,AGL,CE,Combined TRACON& Tower with Radar,6,26,12,0,44,0,0,0,0,0,6,26,12,0,44,0,0,0,44
04/16/2011,BIS,ND,AGL,CE,Combined TRACON& Tower with Radar,3,25,21,2,51,0,0,3,0,3,3,25,24,2,54,13,0,13,67
04/17/2011,BIS,ND,AGL,CE,Combined TRACON& Tower with Radar,3,21,6,2,32,0,0,0,0,0,3,21,6,2,32,0,0,0,32
04/18/2011,BIS,ND,AGL,CE,Combined TRACON& Tower with Radar,8,24,26,1,59,0,1,10,1,12,8,25,36,2,71,22,0,22,93
04/19/2011,BIS,ND,AGL,CE,Combined TRACON& Tower with Radar,4,34,21,0,59,0,0,0,0,0,4,34,21,0,59,0,0,0,59
04/20/2011,BIS,ND,AGL,CE,Combined TRACON& Tower with Radar,5,29,43,14,91,0,0,58,4,62,5,29,101,18,153,132,5,137,290
04/21/2011,BIS,ND,AGL,CE,Combined TRACON& Tower with Radar,6,32,33,0,71,0,4,10,1,15,6,36,43,1,86,0,0,0,86
04/22/2011,BIS,ND,AGL,CE,Combined TRACON& Tower with Radar,8,29,15,0,52,0,0,0,0,0,8,29,15,0,52,4,0,4,56
04/23/2011,BIS,ND,AGL,CE,Combined TRACON& Tower with Radar,3,23,9,2,37,0,0,49,4,53,3,23,58,6,90,78,0,78,168
04/24/2011,BIS,ND,AGL,CE,Combined TRACON& Tower with Radar,3,19,11,0,33,0,0,26,6,32,3,19,37,6,65,50,0,50,115
04/25/2011,BIS,ND,AGL,CE,Combined TRACON& Tower with Radar,8,20,43,1,72,0,2,60,8,70,8,22,103,9,142,134,0,134,276
04/26/2011,BIS,ND,AGL,CE,Combined TRACON& Tower with Radar,4,27,38,2,71,0,2,45,8,55,4,29,83,10,126,100,0,100,226
04/27/2011,BIS,ND,AGL,CE,Combined TRACON& Tower with Radar,6,33,29,1,69,0,2,23,4,29,6,35,52,5,98,48,0,48,146
04/28/2011,BIS,ND,AGL,CE,Combined TRACON& Tower with Radar,6,26,40,7,79,0,0,69,32,101,6,26,109,39,180,91,14,105,285
04/29/2011,BIS,ND,AGL,CE,Combined TRACON& Tower with Radar,4,24,22,3,53,0,0,12,16,28,4,24,34,19,81,6,12,18,99
04/30/2011,BIS,ND,AGL,CE,Combined TRACON& Tower with Radar,3,17,5,0,25,0,0,0,0,0,3,17,5,0,25,0,0,0,25
05/01/2011,BIS,ND,AGL,CE,Combined TRACON& Tower with Radar,1,20,14,2,37,0,0,10,6,16,1,20,24,8,53,0,34,34,87
05/02/2011,BIS,ND,AGL,CE,Combined TRACON& Tower with Radar,4,25,48,4,81,0,5,65,12,82,4,30,113,16,163,214,0,214,377
05/03/2011,BIS,ND,AGL,CE,Combined TRACON& Tower with Radar,2,36,42,9,89,0,3,46,7,56,2,39,88,16,145,41,6,47,192
05/04/2011,BIS,ND,AGL,CE,Combined TRACON& Tower with Radar,4,28,28,1,61,0,0,25,16,41,4,28,53,17,102,12,14,26,128
05/05/2011,BIS,ND,AGL,CE,Combined TRACON& Tower with Radar,4,40,34,10,88,0,5,50,28,83,4,45,84,38,171,89,30,119,290
05/06/2011,BIS,ND,AGL,CE,Combined TRACON& Tower with Radar,4,30,17,7,58,0,0,45,12,57,4,30,62,19,115,54,0,54,169
05/07/2011,BIS,ND,AGL,CE,Combined TRACON& Tower with Radar,5,23,5,2,35,0,1,55,0,56,5,24,60,2,91,52,0,52,143
05/08/2011,BIS,ND,AGL,CE,Combined TRACON& Tower with Radar,3,21,9,1,34,0,5,15,1,21,3,26,24,2,55,25,6,31,86
05/09/2011,BIS,ND,AGL,CE,Combined TRACON& Tower with Radar,2,25,26,4,57,0,0,5,4,9,2,25,31,8,66,0,22,22,88
05/10/2011,BIS,ND,AGL,CE,Combined TRACON& Tower with Radar,2,35,41,4,82,0,0,6,2,8,2,35,47,6,90,0,0,0,90
05/11/2011,BIS,ND,AGL,CE,Combined TRACON& Tower with Radar,4,33,41,4,82,0,1,25,9,35,4,34,66,13,117,32,0,32,149
05/12/2011,BIS,ND,AGL,CE,Combined TRACON& Tower with Radar,4,29,56,6,95,0,2,29,9,40,4,31,85,15,135,6,6,12,147
05/13/2011,BIS,ND,AGL,CE,Combined TRACON& Tower with Radar,2,28,31,4,65,0,0,9,6,15,2,28,40,10,80,0,4,4,84
05/14/2011,BIS,ND,AGL,CE,Combined TRACON& Tower with Radar,3,24,9,0,36,0,0,5,0,5,3,24,14,0,41,0,0,0,41
05/15/2011,BIS,ND,AGL,CE,Combined TRACON& Tower with Radar,3,20,12,0,35,0,3,29,0,32,3,23,41,0,67,76,0,76,143
05/16/2011,BIS,ND,AGL,CE,Combined TRACON& Tower with Radar,4,24,32,2,62,0,3,44,8,55,4,27,76,10,117,28,6,34,151
05/17/2011,BIS,ND,AGL,CE,Combined TRACON& Tower with Radar,2,28,36,12,78,0,0,36,3,39,2,28,72,15,117,60,8,68,185
05/18/2011,BIS,ND,AGL,CE,Combined TRACON& Tower with Radar,4,29,25,0,58,0,4,37,5,46,4,33,62,5,104,62,0,62,166
05/19/2011,BIS,ND,AGL,CE,Combined TRACON& Tower with Radar,2,28,42,2,74,0,0,31,8,39,2,28,73,10,113,16,8,24,137
05/20/2011,BIS,ND,AGL,CE,Combined TRACON& Tower with Radar,4,30,24,4,62,0,0,0,1,1,4,30,24,5,63,0,0,0,63
05/21/2011,BIS,ND,AGL,CE,Combined TRACON& Tower with Radar,3,18,2,0,23,0,1,2,0,3,3,19,4,0,26,28,0,28,54
05/22/2011,BIS,ND,AGL,CE,Combined TRACON& Tower with Radar,1,20,11,2,34,0,0,9,0,9,1,20,20,2,43,34,0,34,77
05/23/2011,BIS,ND,AGL,CE,Combined TRACON& Tower with Radar,4,23,43,4,74,0,1,24,4,29,4,24,67,8,103,42,0,42,145
05/24/2011,BIS,ND,AGL,CE,Combined TRACON& Tower with Radar,2,30,32,1,65,0,0,13,12,25,2,30,45,13,90,32,12,44,134
05/25/2011,BIS,ND,AGL,CE,Combined TRACON& Tower with Radar,4,28,40,1,73,0,0,77,17,94,4,28,117,18,167,30,12,42,209
05/26/2011,BIS,ND,AGL,CE,Combined TRACON& Tower with Radar,2,31,40,3,76,0,1,50,14,65,2,32,90,17,141,35,24,59,200
05/27/2011,BIS,ND,AGL,CE,Combined TRACON& Tower with Radar,6,32,11,6,55,0,0,22,7,29,6,32,33,13,84,4,0,4,88
05/28/2011,BIS,ND,AGL,CE,Combined TRACON& Tower with Radar,3,22,7,0,32,0,0,11,2,13,3,22,18,2,45,0,34,34,79
05/29/2011,BIS,ND,AGL,CE,Combined TRACON& Tower with Radar,2,16,6,0,24,0,0,28,1,29,2,16,34,1,53,22,0,22,75
05/30/2011,BIS,ND,AGL,CE,Combined TRACON& Tower with Radar,10,18,5,2,35,0,1,0,0,1,10,19,5,2,36,0,0,0,36
05/31/2011,BIS,ND,AGL,CE,Combined TRACON& Tower with Radar,2,27,14,4,47,0,0,12,8,20,2,27,26,12,67,12,10,22,89
06/01/2011,BIS,ND,AGL,CE,Combined TRACON& Tower with Radar,3,39,18,0,60,0,1,69,36,106,3,40,87,36,166,36,22,58,224
06/02/2011,BIS,ND,AGL,CE,Combined TRACON& Tower with Radar,2,33,31,4,70,0,6,38,10,54,2,39,69,14,124,4,0,4,128
06/03/2011,BIS,ND,AGL,CE,Combined TRACON& Tower with Radar,5,42,15,1,63,0,4,50,16,70,5,46,65,17,133,110,6,116,249
06/04/2011,BIS,ND,AGL,CE,Combined TRACON& Tower with Radar,3,24,14,3,44,0,0,61,7,68,3,24,75,10,112,18,0,18,130
06/05/2011,BIS,ND,AGL,CE,Combined TRACON& Tower with Radar,1,20,7,4,32,0,2,49,8,59,1,22,56,12,91,314,0,314,405
06/06/2011,BIS,ND,AGL,CE,Combined TRACON& Tower with Radar,4,30,25,0,59,0,2,30,23,55,4,32,55,23,114,48,36,84,198
06/07/2011,BIS,ND,AGL,CE,Combined TRACON& Tower with Radar,2,26,19,2,49,0,0,31,5,36,2,26,50,7,85,8,4,12,97
06/08/2011,BIS,ND,AGL,CE,Combined TRACON& Tower with Radar,4,31,28,6,69,0,0,53,8,61,4,31,81,14,130,74,54,128,258
06/09/2011,BIS,ND,AGL,CE,Combined TRACON& Tower with Radar,4,28,40,0,72,0,0,40,8,48,4,28,80,8,120,10,6,16,136
06/10/2011,BIS,ND,AGL,CE,Combined TRACON& Tower with Radar,6,24,20,2,52,0,0,18,9,27,6,24,38,11,79,29,0,29,108
06/11/2011,BIS,ND,AGL,CE,Combined TRACON& Tower with Radar,4,28,33,0,65,0,2,66,8,76,4,30,99,8,141,16,14,30,171
06/12/2011,BIS,ND,AGL,CE,Combined TRACON& Tower with Radar,3,19,4,1,27,0,0,6,0,6,3,19,10,1,33,88,0,88,121
06/13/2011,BIS,ND,AGL,CE,Combined TRACON& Tower with Radar,6,26,30,0,62,0,2,61,9,72,6,28,91,9,134,94,0,94,228
06/14/2011,BIS,ND,AGL,CE,Combined TRACON& Tower with Radar,4,31,31,1,67,0,4,6,0,10,4,35,37,1,77,0,0,0,77
06/15/2011,BIS,ND,AGL,CE,Combined TRACON& Tower with Radar,6,26,32,2,66,0,0,42,12,54,6,26,74,14,120,44,18,62,182
06/16/2011,BIS,ND,AGL,CE,Combined TRACON& Tower with Radar,4,33,39,2,78,0,6,56,8,70,4,39,95,10,148,17,0,17,165
06/17/2011,BIS,ND,AGL,CE,Combined TRACON& Tower with Radar,8,30,23,0,61,0,0,18,10,28,8,30,41,10,89,64,0,64,153
06/18/2011,BIS,ND,AGL,CE,Combined TRACON& Tower with Radar,3,23,4,3,33,0,3,42,6,51,3,26,46,9,84,28,4,32,116
06/19/2011,BIS,ND,AGL,CE,Combined TRACON& Tower with Radar,4,17,15,0,36,0,1,40,7,48,4,18,55,7,84,58,30,88,172
06/20/2011,BIS,ND,AGL,CE,Combined TRACON& Tower with Radar,5,27,30,4,66,0,0,4,5,9,5,27,34,9,75,36,0,36,111
06/21/2011,BIS,ND,AGL,CE,Combined TRACON& Tower with Radar,2,28,30,5,65,0,8,10,5,23,2,36,40,10,88,6,4,10,98
06/22/2011,BIS,ND,AGL,CE,Combined TRACON& Tower with Radar,3,31,41,2,77,0,2,14,13,29,3,33,55,15,106,10,12,22,128
06/23/2011,BIS,ND,AGL,CE,Combined TRACON& Tower with Radar,2,34,30,0,66,0,4,62,19,85,2,38,92,19,151,104,0,104,255
06/24/2011,BIS,ND,AGL,CE,Combined TRACON& Tower with Radar,4,28,20,1,53,0,0,38,11,49,4,28,58,12,102,40,0,40,142
06/25/2011,BIS,ND,AGL,CE,Combined TRACON& Tower with Radar,4,32,7,0,43,0,2,38,6,46,4,34,45,6,89,78,26,104,193
06/26/2011,BIS,ND,AGL,CE,Combined TRACON& Tower with Radar,4,23,12,0,39,0,0,19,9,28,4,23,31,9,67,0,0,0,67
06/27/2011,BIS,ND,AGL,CE,Combined TRACON& Tower with Radar,6,26,29,0,61,0,0,44,15,59,6,26,73,15,120,16,8,24,144
06/28/2011,BIS,ND,AGL,CE,Combined TRACON& Tower with Radar,2,32,40,4,78,0,0,65,21,86,2,32,105,25,164,58,4,62,226
06/29/2011,BIS,ND,AGL,CE,Combined TRACON& Tower with Radar,4,27,40,2,73,0,2,53,15,70,4,29,93,17,143,40,0,40,183
06/30/2011,BIS,ND,AGL,CE,Combined TRACON& Tower with Radar,6,31,39,3,79,0,6,21,12,39,6,37,60,15,118,44,0,44,162
07/01/2011,BIS,ND,AGL,CE,Combined TRACON& Tower with Radar,7,26,20,0,53,0,0,44,12,56,7,26,64,12,109,20,0,20,129
07/02/2011,BIS,ND,AGL,CE,Combined TRACON& Tower with Radar,5,24,3,0,32,0,2,46,4,52,5,26,49,4,84,66,0,66,150
07/03/2011,BIS,ND,AGL,CE,Combined TRACON& Tower with Radar,7,18,10,0,35,0,1,42,5,48,7,19,52,5,83,76,0,76,159
07/04/2011,BIS,ND,AGL,CE,Combined TRACON& Tower with Radar,8,13,2,0,23,0,2,16,5,23,8,15,18,5,46,42,0,42,88
07/05/2011,BIS,ND,AGL,CE,Combined TRACON& Tower with Radar,4,23,28,5,60,0,0,61,10,71,4,23,89,15,131,94,0,94,225
07/06/2011,BIS,ND,AGL,CE,Combined TRACON& Tower with Radar,7,29,13,0,49,0,0,30,5,35,7,29,43,5,84,10,0,10,94
07/07/2011,BIS,ND,AGL,CE,Combined TRACON& Tower with Radar,6,33,24,2,65,0,0,58,6,64,6,33,82,8,129,40,0,40,169
07/08/2011,BIS,ND,AGL,CE,Combined TRACON& Tower with Radar,8,29,17,2,56,0,1,15,4,20,8,30,32,6,76,24,0,24,100
07/09/2011,BIS,ND,AGL,CE,Combined TRACON& Tower with Radar,9,22,10,0,41,0,3,54,2,59,9,25,64,2,100,16,0,16,116
07/10/2011,BIS,ND,AGL,CE,Combined TRACON& Tower with Radar,7,14,4,0,25,0,0,26,0,26,7,14,30,0,51,46,0,46,97
07/11/2011,BIS,ND,AGL,CE,Combined TRACON& Tower with Radar,6,23,24,6,59,0,1,48,7,56,6,24,72,13,115,44,0,44,159
07/12/2011,BIS,ND,AGL,CE,Combined TRACON& Tower with Radar,4,29,26,3,62,0,0,56,9,65,4,29,82,12,127,25,4,29,156
07/13/2011,BIS,ND,AGL,CE,Combined TRACON& Tower with Radar,6,29,31,0,66,0,2,19,8,29,6,31,50,8,95,12,0,12,107
07/14/2011,BIS,ND,AGL,CE,Combined TRACON& Tower with Radar,6,27,42,4,79,0,0,7,8,15,6,27,49,12,94,12,14,26,120
07/15/2011,BIS,ND,AGL,CE,Combined TRACON& Tower with Radar,6,25,18,5,54,0,0,78,2,80,6,25,96,7,134,126,6,132,266
07/16/2011,BIS,ND,AGL,CE,Combined TRACON& Tower with Radar,7,22,21,1,51,0,4,23,0,27,7,26,44,1,78,46,0,46,124
07/17/2011,BIS,ND,AGL,CE,Combined TRACON& Tower with Radar,7,19,6,3,35,0,0,20,0,20,7,19,26,3,55,42,0,42,97
07/18/2011,BIS,ND,AGL,CE,Combined TRACON& Tower with Radar,6,26,23,5,60,0,0,11,4,15,6,26,34,9,75,10,0,10,85
07/19/2011,BIS,ND,AGL,CE,Combined TRACON& Tower with Radar,4,40,29,11,84,0,2,14,5,21,4,42,43,16,105,12,12,24,129
07/20/2011,BIS,ND,AGL,CE,Combined TRACON& Tower with Radar,6,27,33,13,79,0,1,37,17,55,6,28,70,30,134,8,6,14,148
07/21/2011,BIS,ND,AGL,CE,Combined TRACON& Tower with Radar,5,31,26,6,68,0,1,51,11,63,5,32,77,17,131,26,0,26,157
07/22/2011,BIS,ND,AGL,CE,Combined TRACON& Tower with Radar,5,26,14,7,52,0,2,31,5,38,5,28,45,12,90,14,0,14,104
07/23/2011,BIS,ND,AGL,CE,Combined TRACON& Tower with Radar,5,23,10,0,38,0,0,24,3,27,5,23,34,3,65,74,0,74,139
07/24/2011,BIS,ND,AGL,CE,Combined TRACON& Tower with Radar,7,15,15,2,39,0,1,34,2,37,7,16,49,4,76,48,0,48,124
07/25/2011,BIS,ND,AGL,CE,Combined TRACON& Tower with Radar,7,23,36,2,68,0,0,44,10,54,7,23,80,12,122,89,4,93,215
07/26/2011,BIS,ND,AGL,CE,Combined TRACON& Tower with Radar,5,28,23,3,59,0,3,35,10,48,5,31,58,13,107,80,0,80,187
07/27/2011,BIS,ND,AGL,CE,Combined TRACON& Tower with Radar,6,40,25,11,82,0,0,49,16,65,6,40,74,27,147,72,28,100,247
07/28/2011,BIS,ND,AGL,CE,Combined TRACON& Tower with Radar,6,25,51,0,82,0,0,51,5,56,6,25,102,5,138,18,4,22,160
07/29/2011,BIS,ND,AGL,CE,Combined TRACON& Tower with Radar,6,23,23,0,52,0,1,55,4,60,6,24,78,4,112,88,0,88,200
07/30/2011,BIS,ND,AGL,CE,Combined TRACON& Tower with Radar,5,23,9,0,37,0,2,44,1,47,5,25,53,1,84,10,0,10,94
07/31/2011,BIS,ND,AGL,CE,Combined TRACON& Tower with Radar,4,18,15,0,37,0,3,37,3,43,4,21,52,3,80,101,0,101,181
08/01/2011,BIS,ND,AGL,CE,Combined TRACON& Tower with Radar,5,24,26,2,57,0,2,27,3,32,5,26,53,5,89,21,0,21,110
08/02/2011,BIS,ND,AGL,CE,Combined TRACON& Tower with Radar,4,28,31,0,63,0,0,70,1,71,4,28,101,1,134,82,0,82,216
08/03/2011,BIS,ND,AGL,CE,Combined TRACON& Tower with Radar,6,31,31,2,70,0,1,24,4,29,6,32,55,6,99,10,0,10,109
08/04/2011,BIS,ND,AGL,CE,Combined TRACON& Tower with Radar,4,28,27,3,62,0,1,43,5,49,4,29,70,8,111,16,0,16,127
08/05/2011,BIS,ND,AGL,CE,Combined TRACON& Tower with Radar,4,29,14,0,47,0,0,26,9,35,4,29,40,9,82,58,4,62,144
08/06/2011,BIS,ND,AGL,CE,Combined TRACON& Tower with Radar,5,18,8,0,31,0,0,14,0,14,5,18,22,0,45,0,0,0,45
08/07/2011,BIS,ND,AGL,CE,Combined TRACON& Tower with Radar,3,19,22,0,44,0,2,34,1,37,3,21,56,1,81,96,0,96,177
08/08/2011,BIS,ND,AGL,CE,Combined TRACON& Tower with Radar,6,23,18,7,54,0,0,30,11,41,6,23,48,18,95,38,8,46,141
08/09/2011,BIS,ND,AGL,CE,Combined TRACON& Tower with Radar,4,31,35,6,76,0,6,93,12,111,4,37,128,18,187,119,3,122,309
08/10/2011,BIS,ND,AGL,CE,Combined TRACON& Tower with Radar,6,27,31,7,71,0,1,72,12,85,6,28,103,19,156,44,20,64,220
08/11/2011,BIS,ND,AGL,CE,Combined TRACON& Tower with Radar,4,29,36,9,78,0,0,33,17,50,4,29,69,26,128,18,26,44,172
08/12/2011,BIS,ND,AGL,CE,Combined TRACON& Tower with Radar,5,29,30,6,70,0,5,17,3,25,5,34,47,9,95,6,4,10,105
08/13/2011,BIS,ND,AGL,CE,Combined TRACON& Tower with Radar,5,27,11,0,43,0,1,41,10,52,5,28,52,10,95,64,0,64,159
08/14/2011,BIS,ND,AGL,CE,Combined TRACON& Tower with Radar,7,18,16,2,43,0,0,20,2,22,7,18,36,4,65,42,0,42,107
08/15/2011,BIS,ND,AGL,CE,Combined TRACON& Tower with Radar,6,27,26,2,61,0,0,40,1,41,6,27,66,3,102,56,0,56,158
08/16/2011,BIS,ND,AGL,CE,Combined TRACON& Tower with Radar,1,33,38,0,72,0,1,49,7,57,1,34,87,7,129,50,4,54,183
08/17/2011,BIS,ND,AGL,CE,Combined TRACON& Tower with Radar,2,29,39,0,70,0,0,56,6,62,2,29,95,6,132,34,4,38,170
08/18/2011,BIS,ND,AGL,CE,Combined TRACON& Tower with Radar,4,32,38,0,74,0,2,24,7,33,4,34,62,7,107,26,10,36,143
08/19/2011,BIS,ND,AGL,CE,Combined TRACON& Tower with Radar,5,31,26,2,64,0,2,55,3,60,5,33,81,5,124,52,0,52,176
08/20/2011,BIS,ND,AGL,CE,Combined TRACON& Tower with Radar,0,22,18,2,42,0,1,26,2,29,0,23,44,4,71,2,0,2,73
08/21/2011,BIS,ND,AGL,CE,Combined TRACON& Tower with Radar,3,18,18,4,43,0,0,43,0,43,3,18,61,4,86,84,0,84,170
08/22/2011,BIS,ND,AGL,CE,Combined TRACON& Tower with Radar,6,24,37,3,70,0,0,53,4,57,6,24,90,7,127,30,0,30,157
08/23/2011,BIS,ND,AGL,CE,Combined TRACON& Tower with Radar,2,32,43,3,80,0,1,63,1,65,2,33,106,4,145,18,4,22,167
08/24/2011,BIS,ND,AGL,CE,Combined TRACON& Tower with Radar,2,29,25,3,59,0,1,66,7,74,2,30,91,10,133,65,0,65,198
08/25/2011,BIS,ND,AGL,CE,Combined TRACON& Tower with Radar,2,39,27,4,72,0,0,42,7,49,2,39,69,11,121,20,0,20,141
08/26/2011,BIS,ND,AGL,CE,Combined TRACON& Tower with Radar,5,32,23,4,64,0,0,39,5,44,5,32,62,9,108,5,0,5,113
08/27/2011,BIS,ND,AGL,CE,Combined TRACON& Tower with Radar,2,27,5,0,34,0,3,20,0,23,2,30,25,0,57,34,0,34,91
08/28/2011,BIS,ND,AGL,CE,Combined TRACON& Tower with Radar,1,18,3,0,22,0,1,26,0,27,1,19,29,0,49,76,0,76,125
08/29/2011,BIS,ND,AGL,CE,Combined TRACON& Tower with Radar,8,22,11,4,45,0,0,48,6,54,8,22,59,10,99,45,0,45,144
08/30/2011,BIS,ND,AGL,CE,Combined TRACON& Tower with Radar,2,35,52,1,90,0,1,19,2,22,2,36,71,3,112,14,0,14,126
08/31/2011,BIS,ND,AGL,CE,Combined TRACON& Tower with Radar,4,33,42,5,84,0,1,43,4,48,4,34,85,9,132,8,120,128,260
09/01/2011,BIS,ND,AGL,CE,Combined TRACON& Tower with Radar,2,34,31,3,70,0,0,16,6,22,2,34,47,9,92,0,0,0,92
09/02/2011,BIS,ND,AGL,CE,Combined TRACON& Tower with Radar,5,38,26,0,69,0,1,59,7,67,5,39,85,7,136,18,28,46,182
09/03/2011,BIS,ND,AGL,CE,Combined TRACON& Tower with Radar,2,21,3,0,26,0,0,5,0,5,2,21,8,0,31,6,0,6,37
09/04/2011,BIS,ND,AGL,CE,Combined TRACON& Tower with Radar,0,11,11,0,22,0,1,34,0,35,0,12,45,0,57,60,16,76,133
09/05/2011,BIS,ND,AGL,CE,Combined TRACON& Tower with Radar,5,21,8,0,34,0,1,30,0,31,5,22,38,0,65,6,0,6,71
09/06/2011,BIS,ND,AGL,CE,Combined TRACON& Tower with Radar,1,24,27,0,52,0,2,42,16,60,1,26,69,16,112,80,38,118,230
09/07/2011,BIS,ND,AGL,CE,Combined TRACON& Tower with Radar,1,30,39,2,72,0,1,37,6,44,1,31,76,8,116,44,0,44,160
09/08/2011,BIS,ND,AGL,CE,Combined TRACON& Tower with Radar,2,28,32,1,63,0,0,33,13,46,2,28,65,14,109,50,0,50,159
09/09/2011,BIS,ND,AGL,CE,Combined TRACON& Tower with Radar,6,31,29,1,67,0,5,69,16,90,6,36,98,17,157,60,8,68,225
09/10/2011,BIS,ND,AGL,CE,Combined TRACON& Tower with Radar,2,21,9,0,32,0,0,63,1,64,2,21,72,1,96,129,0,129,225
09/11/2011,BIS,ND,AGL,CE,Combined TRACON& Tower with Radar,2,18,18,2,40,0,1,162,2,165,2,19,180,4,205,140,0,140,345
09/12/2011,BIS,ND,AGL,CE,Combined TRACON& Tower with Radar,6,23,29,2,60,0,2,22,5,29,6,25,51,7,89,42,0,42,131
09/13/2011,BIS,ND,AGL,CE,Combined TRACON& Tower with Radar,2,26,29,0,57,0,2,32,13,47,2,28,61,13,104,24,14,38,142
09/14/2011,BIS,ND,AGL,CE,Combined TRACON& Tower with Radar,2,26,32,1,61,0,1,44,5,50,2,27,76,6,111,28,4,32,143
09/15/2011,BIS,ND,AGL,CE,Combined TRACON& Tower with Radar,2,35,48,8,93,0,0,31,4,35,2,35,79,12,128,4,28,32,160
09/16/2011,BIS,ND,AGL,CE,Combined TRACON& Tower with Radar,6,30,45,2,83,0,0,7,3,10,6,30,52,5,93,0,4,4,97
09/17/2011,BIS,ND,AGL,CE,Combined TRACON& Tower with Radar,2,22,18,0,42,0,0,5,0,5,2,22,23,0,47,2,0,2,49
09/18/2011,BIS,ND,AGL,CE,Combined TRACON& Tower with Radar,2,20,10,0,32,0,1,37,2,40,2,21,47,2,72,134,0,134,206
09/19/2011,BIS,ND,AGL,CE,Combined TRACON& Tower with Radar,6,25,22,8,61,0,3,23,8,34,6,28,45,16,95,32,0,32,127
09/20/2011,BIS,ND,AGL,CE,Combined TRACON& Tower with Radar,2,42,25,2,71,0,0,1,1,2,2,42,26,3,73,0,0,0,73
09/21/2011,BIS,ND,AGL,CE,Combined TRACON& Tower with Radar,2,28,31,1,62,0,2,11,13,26,2,30,42,14,88,8,2,10,98
09/22/2011,BIS,ND,AGL,CE,Combined TRACON& Tower with Radar,2,30,45,7,84,0,4,49,22,75,2,34,94,29,159,20,4,24,183
09/23/2011,BIS,ND,AGL,CE,Combined TRACON& Tower with Radar,6,33,26,2,67,0,1,59,2,62,6,34,85,4,129,38,0,38,167
09/24/2011,BIS,ND,AGL,CE,Combined TRACON& Tower with Radar,2,21,12,3,38,0,6,43,6,55,2,27,55,9,93,84,0,84,177
09/25/2011,BIS,ND,AGL,CE,Combined TRACON& Tower with Radar,2,20,11,1,34,0,1,18,0,19,2,21,29,1,53,32,0,32,85
09/26/2011,BIS,ND,AGL,CE,Combined TRACON& Tower with Radar,6,21,34,1,62,0,0,30,3,33,6,21,64,4,95,0,0,0,95
09/27/2011,BIS,ND,AGL,CE,Combined TRACON& Tower with Radar,2,32,43,2,79,0,2,76,5,83,2,34,119,7,162,12,0,12,174
09/28/2011,BIS,ND,AGL,CE,Combined TRACON& Tower with Radar,2,31,23,11,67,0,1,55,6,62,2,32,78,17,129,36,2,38,167
09/29/2011,BIS,ND,AGL,CE,Combined TRACON& Tower with Radar,2,30,30,2,64,0,0,12,0,12,2,30,42,2,76,0,0,0,76
09/30/2011,BIS,ND,AGL,CE,Combined TRACON& Tower with Radar,6,31,13,2,52,0,2,44,6,52,6,33,57,8,104,43,0,43,147
10/01/2011,BIS,ND,AGL,CE,Combined TRACON& Tower with Radar,1,23,14,5,43,0,3,43,18,64,1,26,57,23,107,22,8,30,137
10/02/2011,BIS,ND,AGL,CE,Combined TRACON& Tower with Radar,1,21,10,6,38,0,2,30,6,38,1,23,40,12,76,36,12,48,124
10/03/2011,BIS,ND,AGL,CE,Combined TRACON& Tower with Radar,6,22,15,0,43,0,0,18,0,18,6,22,33,0,61,0,0,0,61
10/04/2011,BIS,ND,AGL,CE,Combined TRACON& Tower with Radar,2,33,36,1,72,0,0,40,0,40,2,33,76,1,112,39,0,39,151
10/05/2011,BIS,ND,AGL,CE,Combined TRACON& Tower with Radar,2,28,42,0,72,0,2,21,1,24,2,30,63,1,96,12,0,12,108
10/06/2011,BIS,ND,AGL,CE,Combined TRACON& Tower with Radar,2,28,26,0,56,0,0,18,8,26,2,28,44,8,82,13,6,19,101
10/07/2011,BIS,ND,AGL,CE,Combined TRACON& Tower with Radar,6,35,32,0,73,0,0,17,2,19,6,35,49,2,92,10,0,10,102
10/08/2011,BIS,ND,AGL,CE,Combined TRACON& Tower with Radar,1,25,16,0,42,0,5,21,0,26,1,30,37,0,68,8,0,8,76
10/09/2011,BIS,ND,AGL,CE,Combined TRACON& Tower with Radar,1,23,14,0,38,0,0,6,0,6,1,23,20,0,44,0,0,0,44
10/10/2011,BIS,ND,AGL,CE,Combined TRACON& Tower with Radar,6,25,37,0,68,0,0,13,0,13,6,25,50,0,81,46,0,46,127
10/11/2011,BIS,ND,AGL,CE,Combined TRACON& Tower with Radar,2,28,25,4,59,0,3,70,3,76,2,31,95,7,135,61,0,61,196
10/12/2011,BIS,ND,AGL,CE,Combined TRACON& Tower with Radar,4,27,34,2,67,0,0,36,4,40,4,27,70,6,107,28,14,42,149
10/13/2011,BIS,ND,AGL,CE,Combined TRACON& Tower with Radar,2,33,39,5,79,0,5,11,7,23,2,38,50,12,102,4,4,8,110
10/14/2011,BIS,ND,AGL,CE,Combined TRACON& Tower with Radar,6,32,34,1,73,0,1,31,4,36,6,33,65,5,109,63,0,63,172
10/15/2011,BIS,ND,AGL,CE,Combined TRACON& Tower with Radar,6,22,8,0,36,0,0,27,0,27,6,22,35,0,63,38,0,38,101
10/16/2011,BIS,ND,AGL,CE,Combined TRACON& Tower with Radar,2,18,13,0,33,0,0,26,0,26,2,18,39,0,59,81,0,81,140
10/17/2011,BIS,ND,AGL,CE,Combined TRACON& Tower with Radar,6,22,28,2,58,0,0,22,2,24,6,22,50,4,82,12,0,12,94
10/18/2011,BIS,ND,AGL,CE,Combined TRACON& Tower with Radar,4,33,39,6,82,0,0,60,6,66,4,33,99,12,148,58,6,64,212
10/19/2011,BIS,ND,AGL,CE,Combined TRACON& Tower with Radar,2,26,24,3,55,0,2,62,25,89,2,28,86,28,144,56,16,72,216
10/20/2011,BIS,ND,AGL,CE,Combined TRACON& Tower with Radar,2,36,57,1,96,0,2,57,14,73,2,38,114,15,169,26,28,54,223
10/21/2011,BIS,ND,AGL,CE,Combined TRACON& Tower with Radar,6,28,28,4,66,0,0,34,4,38,6,28,62,8,104,72,2,74,178
10/22/2011,BIS,ND,AGL,CE,Combined TRACON& Tower with Radar,1,22,11,2,36,0,2,27,0,29,1,24,38,2,65,25,0,25,90
10/23/2011,BIS,ND,AGL,CE,Combined TRACON& Tower with Radar,1,24,8,2,35,0,3,29,1,33,1,27,37,3,68,18,0,18,86
10/24/2011,BIS,ND,AGL,CE,Combined TRACON& Tower with Radar,6,24,33,1,64,0,2,17,2,21,6,26,50,3,85,8,0,8,93
10/25/2011,BIS,ND,AGL,CE,Combined TRACON& Tower with Radar,2,27,41,1,71,0,0,4,4,8,2,27,45,5,79,0,0,0,79
10/26/2011,BIS,ND,AGL,CE,Combined TRACON& Tower with Radar,4,27,35,2,68,0,0,39,3,42,4,27,74,5,110,28,0,28,138
10/27/2011,BIS,ND,AGL,CE,Combined TRACON& Tower with Radar,2,34,40,0,76,0,0,34,18,52,2,34,74,18,128,76,10,86,214
10/28/2011,BIS,ND,AGL,CE,Combined TRACON& Tower with Radar,6,28,48,0,82,0,2,49,9,60,6,30,97,9,142,40,6,46,188
10/29/2011,BIS,ND,AGL,CE,Combined TRACON& Tower with Radar,3,24,15,0,42,0,3,38,15,56,3,27,53,15,98,30,0,30,128
10/30/2011,BIS,ND,AGL,CE,Combined TRACON& Tower with Radar,1,21,4,0,26,0,0,15,0,15,1,21,19,0,41,0,0,0,41
10/31/2011,BIS,ND,AGL,CE,Combined TRACON& Tower with Radar,5,25,17,2,49,0,2,30,0,32,5,27,47,2,81,46,0,46,127
11/01/2011,BIS,ND,AGL,CE,Combined TRACON& Tower with Radar,1,28,41,0,70,0,0,44,2,46,1,28,85,2,116,42,0,42,158
11/02/2011,BIS,ND,AGL,CE,Combined TRACON& Tower with Radar,2,29,22,2,55,0,2,47,4,53,2,31,69,6,108,89,0,89,197
11/03/2011,BIS,ND,AGL,CE,Combined TRACON& Tower with Radar,2,33,38,3,76,0,1,29,11,41,2,34,67,14,117,32,0,32,149
11/04/2011,BIS,ND,AGL,CE,Combined TRACON& Tower with Radar,6,29,23,1,59,0,2,26,0,28,6,31,49,1,87,0,0,0,87
11/05/2011,BIS,ND,AGL,CE,Combined TRACON& Tower with Radar,1,21,5,0,27,0,3,26,0,29,1,24,31,0,56,16,0,16,72
11/06/2011,BIS,ND,AGL,CE,Combined TRACON& Tower with Radar,1,25,8,0,34,0,0,0,0,0,1,25,8,0,34,0,0,0,34
11/07/2011,BIS,ND,AGL,CE,Combined TRACON& Tower with Radar,6,25,29,2,62,0,2,41,5,48,6,27,70,7,110,83,0,83,193
11/08/2011,BIS,ND,AGL,CE,Combined TRACON& Tower with Radar,5,27,40,0,72,0,0,53,0,53,5,27,93,0,125,38,36,74,199
11/09/2011,BIS,ND,AGL,CE,Combined TRACON& Tower with Radar,2,31,38,0,71,0,1,23,3,27,2,32,61,3,98,2,0,2,100
11/10/2011,BIS,ND,AGL,CE,Combined TRACON& Tower with Radar,2,27,44,0,73,0,0,39,6,45,2,27,83,6,118,12,42,54,172
11/11/2011,BIS,ND,AGL,CE,Combined TRACON& Tower with Radar,6,27,11,0,44,0,0,40,0,40,6,27,51,0,84,16,6,22,106
11/12/2011,BIS,ND,AGL,CE,Combined TRACON& Tower with Radar,2,22,6,0,30,0,1,41,0,42,2,23,47,0,72,92,0,92,164
11/13/2011,BIS,ND,AGL,CE,Combined TRACON& Tower with Radar,2,20,7,0,29,0,2,20,2,24,2,22,27,2,53,16,0,16,69
11/14/2011,BIS,ND,AGL,CE,Combined TRACON& Tower with Radar,8,23,34,2,67,0,3,20,2,25,8,26,54,4,92,22,0,22,114
11/15/2011,BIS,ND,AGL,CE,Combined TRACON& Tower with Radar,3,30,33,3,69,0,0,20,0,20,3,30,53,3,89,44,0,44,133
11/16/2011,BIS,ND,AGL,CE,Combined TRACON& Tower with Radar,4,35,38,8,85,0,2,25,7,34,4,37,63,15,119,32,0,32,151
11/17/2011,BIS,ND,AGL,CE,Combined TRACON& Tower with Radar,2,32,54,5,93,0,0,26,17,43,2,32,80,22,136,30,12,42,178
11/18/2011,BIS,ND,AGL,CE,Combined TRACON& Tower with Radar,6,32,31,5,74,0,2,24,6,32,6,34,55,11,106,4,0,4,110
11/19/2011,BIS,ND,AGL,CE,Combined TRACON& Tower with Radar,2,22,8,0,32,0,0,2,0,2,2,22,10,0,34,0,0,0,34
11/20/2011,BIS,ND,AGL,CE,Combined TRACON& Tower with Radar,2,18,14,2,36,0,1,10,0,11,2,19,24,2,47,72,0,72,119
11/21/2011,BIS,ND,AGL,CE,Combined TRACON& Tower with Radar,6,25,22,4,57,0,1,23,0,24,6,26,45,4,81,39,0,39,120
11/22/2011,BIS,ND,AGL,CE,Combined TRACON& Tower with Radar,1,30,41,0,72,0,0,57,0,57,1,30,98,0,129,24,0,24,153
11/23/2011,BIS,ND,AGL,CE,Combined TRACON& Tower with Radar,6,32,14,3,55,0,1,46,5,52,6,33,60,8,107,42,0,42,149
11/24/2011,BIS,ND,AGL,CE,Combined TRACON& Tower with Radar,1,8,1,0,10,0,3,8,0,11,1,11,9,0,21,11,0,11,32
11/25/2011,BIS,ND,AGL,CE,Combined TRACON& Tower with Radar,2,25,12,0,39,0,0,6,0,6,2,25,18,0,45,0,0,0,45
11/26/2011,BIS,ND,AGL,CE,Combined TRACON& Tower with Radar,6,28,4,0,38,0,1,5,0,6,6,29,9,0,44,0,0,0,44
11/27/2011,BIS,ND,AGL,CE,Combined TRACON& Tower with Radar,0,25,17,0,42,0,0,22,0,22,0,25,39,0,64,64,0,64,128
11/28/2011,BIS,ND,AGL,CE,Combined TRACON& Tower with Radar,5,24,15,8,52,0,0,32,8,40,5,24,47,16,92,26,2,28,120
11/29/2011,BIS,ND,AGL,CE,Combined TRACON& Tower with Radar,2,35,38,3,78,0,0,51,9,60,2,35,89,12,138,16,27,43,181
11/30/2011,BIS,ND,AGL,CE,Combined TRACON& Tower with Radar,2,33,36,3,74,0,0,8,3,11,2,33,44,6,85,16,6,22,107
12/01/2011,BIS,ND,AGL,CE,Combined TRACON& Tower with Radar,4,29,21,10,64,0,2,19,22,43,4,31,40,32,107,22,2,24,131
12/02/2011,BIS,ND,AGL,CE,Combined TRACON& Tower with Radar,5,29,23,4,61,0,0,17,4,21,5,29,40,8,82,24,2,26,108
12/03/2011,BIS,ND,AGL,CE,Combined TRACON& Tower with Radar,1,22,9,5,37,0,0,8,3,11,1,22,17,8,48,0,0,0,48
12/04/2011,BIS,ND,AGL,CE,Combined TRACON& Tower with Radar,4,20,4,4,32,0,0,0,0,0,4,20,4,4,32,0,0,0,32
12/05/2011,BIS,ND,AGL,CE,Combined TRACON& Tower with Radar,6,22,43,9,80,0,0,19,0,19,6,22,62,9,99,101,6,107,206
12/06/2011,BIS,ND,AGL,CE,Combined TRACON& Tower with Radar,6,26,33,8,73,0,0,29,3,32,6,26,62,11,105,28,0,28,133
12/07/2011,BIS,ND,AGL,CE,Combined TRACON& Tower with Radar,4,23,37,4,68,0,0,23,5,28,4,23,60,9,96,23,11,34,130
12/08/2011,BIS,ND,AGL,CE,Combined TRACON& Tower with Radar,6,31,35,7,79,0,0,17,13,30,6,31,52,20,109,14,0,14,123
12/09/2011,BIS,ND,AGL,CE,Combined TRACON& Tower with Radar,7,28,30,1,66,0,2,21,0,23,7,30,51,1,89,58,0,58,147
12/10/2011,BIS,ND,AGL,CE,Combined TRACON& Tower with Radar,1,20,22,0,43,0,2,45,0,47,1,22,67,0,90,42,0,42,132
12/11/2011,BIS,ND,AGL,CE,Combined TRACON& Tower with Radar,3,20,21,0,44,0,3,25,0,28,3,23,46,0,72,84,0,84,156
12/12/2011,BIS,ND,AGL,CE,Combined TRACON& Tower with Radar,7,30,16,2,55,0,0,0,0,0,7,30,16,2,55,0,2,2,57
12/13/2011,BIS,ND,AGL,CE,Combined TRACON& Tower with Radar,2,33,48,2,85,0,0,0,0,0,2,33,48,2,85,0,0,0,85
12/14/2011,BIS,ND,AGL,CE,Combined TRACON& Tower with Radar,4,34,37,4,79,0,0,0,0,0,4,34,37,4,79,14,0,14,93
12/15/2011,BIS,ND,AGL,CE,Combined TRACON& Tower with Radar,2,30,43,9,84,0,4,24,16,44,2,34,67,25,128,22,6,28,156
12/16/2011,BIS,ND,AGL,CE,Combined TRACON& Tower with Radar,5,34,33,3,75,0,0,3,8,11,5,34,36,11,86,9,7,16,102
12/17/2011,BIS,ND,AGL,CE,Combined TRACON& Tower with Radar,3,26,5,0,34,0,5,36,0,41,3,31,41,0,75,63,0,63,138
12/18/2011,BIS,ND,AGL,CE,Combined TRACON& Tower with Radar,1,21,7,2,31,0,2,27,0,29,1,23,34,2,60,46,0,46,106
12/19/2011,BIS,ND,AGL,CE,Combined TRACON& Tower with Radar,5,24,20,2,51,0,2,21,0,23,5,26,41,2,74,8,0,8,82
12/20/2011,BIS,ND,AGL,CE,Combined TRACON& Tower with Radar,2,32,25,9,68,0,0,52,4,56,2,32,77,13,124,82,0,82,206
12/21/2011,BIS,ND,AGL,CE,Combined TRACON& Tower with Radar,4,36,35,8,83,0,0,12,3,15,4,36,47,11,98,42,1,43,141
12/22/2011,BIS,ND,AGL,CE,Combined TRACON& Tower with Radar,5,35,27,10,77,0,0,36,15,51,5,35,63,25,128,14,6,20,148
12/23/2011,BIS,ND,AGL,CE,Combined TRACON& Tower with Radar,4,33,16,5,58,0,0,38,1,39,4,33,54,6,97,66,6,72,169
12/24/2011,BIS,ND,AGL,CE,Combined TRACON& Tower with Radar,6,17,5,0,28,0,0,12,0,12,6,17,17,0,40,24,0,24,64
12/25/2011,BIS,ND,AGL,CE,Combined TRACON& Tower with Radar,2,16,2,0,20,0,0,5,0,5,2,16,7,0,25,0,0,0,25
12/26/2011,BIS,ND,AGL,CE,Combined TRACON& Tower with Radar,4,19,10,0,33,0,4,3,0,7,4,23,13,0,40,0,0,0,40
12/27/2011,BIS,ND,AGL,CE,Combined TRACON& Tower with Radar,6,27,27,4,64,0,4,20,6,30,6,31,47,10,94,16,8,24,118
12/28/2011,BIS,ND,AGL,CE,Combined TRACON& Tower with Radar,4,42,20,4,70,0,4,21,9,34,4,46,41,13,104,18,0,18,122
12/29/2011,BIS,ND,AGL,CE,Combined TRACON& Tower with Radar,6,34,8,0,48,0,0,1,0,1,6,34,9,0,49,8,0,8,57
12/30/2011,BIS,ND,AGL,CE,Combined TRACON& Tower with Radar,4,31,18,2,55,0,0,2,2,4,4,31,20,4,59,8,4,12,71
12/31/2011,BIS,ND,AGL,CE,Combined TRACON& Tower with Radar,8,18,9,0,35,0,1,7,0,8,8,19,16,0,43,6,0,6,49
01/01/2012,BIS,ND,AGL,CE,Combined TRACON& Tower with Radar,2,27,4,0,33,0,0,6,0,6,2,27,10,0,39,0,0,0,39
01/02/2012,BIS,ND,AGL,CE,Combined TRACON& Tower with Radar,4,22,11,0,37,0,0,38,0,38,4,22,49,0,75,76,0,76,151
01/03/2012,BIS,ND,AGL,CE,Combined TRACON& Tower with Radar,6,27,13,0,46,0,2,15,7,24,6,29,28,7,70,4,0,4,74
01/04/2012,BIS,ND,AGL,CE,Combined TRACON& Tower with Radar,4,31,15,3,53,0,0,38,5,43,4,31,53,8,96,24,4,28,124
01/05/2012,BIS,ND,AGL,CE,Combined TRACON& Tower with Radar,2,31,21,6,60,0,1,30,3,34,2,32,51,9,94,28,8,36,130
01/06/2012,BIS,ND,AGL,CE,Combined TRACON& Tower with Radar,6,33,12,8,59,0,0,34,11,45,6,33,46,19,104,24,12,36,140
01/07/2012,BIS,ND,AGL,CE,Combined TRACON& Tower with Radar,3,18,22,11,54,0,1,28,18,47,3,19,50,29,101,46,132,178,279
01/08/2012,BIS,ND,AGL,CE,Combined TRACON& Tower with Radar,2,18,5,1,26,0,1,28,1,30,2,19,33,2,56,59,0,59,115
01/09/2012,BIS,ND,AGL,CE,Combined TRACON& Tower with Radar,6,27,22,2,57,0,0,25,0,25,6,27,47,2,82,34,0,34,116
01/10/2012,BIS,ND,AGL,CE,Combined TRACON& Tower with Radar,2,24,45,0,71,0,0,37,3,40,2,24,82,3,111,22,0,22,133
01/11/2012,BIS,ND,AGL,CE,Combined TRACON& Tower with Radar,4,29,44,11,88,0,1,3,2,6,4,30,47,13,94,0,0,0,94
01/12/2012,BIS,ND,AGL,CE,Combined TRACON& Tower with Radar,2,28,49,2,81,0,0,25,7,32,2,28,74,9,113,32,0,32,145
01/13/2012,BIS,ND,AGL,CE,Combined TRACON& Tower with Radar,6,30,36,0,72,0,1,28,0,29,6,31,64,0,101,36,0,36,137
01/14/2012,BIS,ND,AGL,CE,Combined TRACON& Tower with Radar,7,18,19,2,46,0,5,64,0,69,7,23,83,2,115,155,0,155,270
01/15/2012,BIS,ND,AGL,CE,Combined TRACON& Tower with Radar,3,18,11,0,32,0,0,40,0,40,3,18,51,0,72,102,0,102,174
01/16/2012,BIS,ND,AGL,CE,Combined TRACON& Tower with Radar,6,19,19,0,44,0,0,5,0,5,6,19,24,0,49,18,0,18,67
01/17/2012,BIS,ND,AGL,CE,Combined TRACON& Tower with Radar,2,23,34,1,60,0,1,30,3,34,2,24,64,4,94,40,0,40,134
01/18/2012,BIS,ND,AGL,CE,Combined TRACON& Tower with Radar,5,29,26,0,60,0,0,7,0,7,5,29,33,0,67,8,0,8,75
01/19/2012,BIS,ND,AGL,CE,Combined TRACON& Tower with Radar,2,32,42,8,84,0,1,38,13,52,2,33,80,21,136,20,2,22,158
01/20/2012,BIS,ND,AGL,CE,Combined TRACON& Tower with Radar,6,24,22,7,59,0,3,18,3,24,6,27,40,10,83,7,4,11,94
01/21/2012,BIS,ND,AGL,CE,Combined TRACON& Tower with Radar,7,17,6,0,30,0,0,19,0,19,7,17,25,0,49,6,0,6,55
01/22/2012,BIS,ND,AGL,CE,Combined TRACON& Tower with Radar,2,20,7,0,29,0,1,5,3,9,2,21,12,3,38,18,0,18,56
01/23/2012,BIS,ND,AGL,CE,Combined TRACON& Tower with Radar,6,25,22,1,54,0,0,25,1,26,6,25,47,2,80,30,0,30,110
01/24/2012,BIS,ND,AGL,CE,Combined TRACON& Tower with Radar,2,26,45,6,79,0,4,49,4,57,2,30,94,10,136,45,0,45,181
01/25/2012,BIS,ND,AGL,CE,Combined TRACON& Tower with Radar,4,29,19,8,60,0,0,18,2,20,4,29,37,10,80,24,0,24,104
01/26/2012,BIS,ND,AGL,CE,Combined TRACON& Tower with Radar,2,27,32,4,65,0,0,17,14,31,2,27,49,18,96,8,18,26,122
01/27/2012,BIS,ND,AGL,CE,Combined TRACON& Tower with Radar,6,26,29,8,69,0,0,18,7,25,6,26,47,15,94,42,0,42,136
01/28/2012,BIS,ND,AGL,CE,Combined TRACON& Tower with Radar,5,20,9,2,36,0,2,18,0,20,5,22,27,2,56,28,0,28,84
01/29/2012,BIS,ND,AGL,CE,Combined TRACON& Tower with Radar,2,21,5,0,28,0,0,1,0,1,2,21,6,0,29,0,0,0,29
01/30/2012,BIS,ND,AGL,CE,Combined TRACON& Tower with Radar,8,21,17,4,50,0,0,51,2,53,8,21,68,6,103,108,18,126,229
01/31/2012,BIS,ND,AGL,CE,Combined TRACON& Tower with Radar,2,24,34,4,64,0,0,42,1,43,2,24,76,5,107,28,0,28,135
02/01/2012,BIS,ND,AGL,CE,Combined TRACON& Tower with Radar,4,26,26,1,57,0,1,41,5,47,4,27,67,6,104,30,0,30,134
02/02/2012,BIS,ND,AGL,CE,Combined TRACON& Tower with Radar,3,36,28,5,72,0,0,41,13,54,3,36,69,18,126,30,6,36,162
02/03/2012,BIS,ND,AGL,CE,Combined TRACON& Tower with Radar,8,30,9,0,47,0,0,0,0,0,8,30,9,0,47,0,0,0,47
02/04/2012,BIS,ND,AGL,CE,Combined TRACON& Tower with Radar,5,24,5,0,34,0,0,0,0,0,5,24,5,0,34,0,0,0,34
02/05/2012,BIS,ND,AGL,CE,Combined TRACON& Tower with Radar,4,21,3,0,28,0,1,15,0,16,4,22,18,0,44,72,0,72,116
02/06/2012,BIS,ND,AGL,CE,Combined TRACON& Tower with Radar,5,26,32,2,65,0,1,6,0,7,5,27,38,2,72,24,0,24,96
02/07/2012,BIS,ND,AGL,CE,Combined TRACON& Tower with Radar,1,24,33,0,58,0,1,43,4,48,1,25,76,4,106,100,0,100,206
02/08/2012,BIS,ND,AGL,CE,Combined TRACON& Tower with Radar,4,27,19,2,52,0,3,41,2,46,4,30,60,4,98,84,0,84,182
02/09/2012,BIS,ND,AGL,CE,Combined TRACON& Tower with Radar,4,31,33,7,75,0,0,11,16,27,4,31,44,23,102,0,10,10,112
02/10/2012,BIS,ND,AGL,CE,Combined TRACON& Tower with Radar,6,27,33,0,66,0,1,24,1,26,6,28,57,1,92,14,0,14,106
02/11/2012,BIS,ND,AGL,CE,Combined TRACON& Tower with Radar,6,23,14,0,43,0,1,19,2,22,6,24,33,2,65,74,10,84,149
02/12/2012,BIS,ND,AGL,CE,Combined TRACON& Tower with Radar,1,19,17,0,37,0,1,28,1,30,1,20,45,1,67,42,0,42,109
02/13/2012,BIS,ND,AGL,CE,Combined TRACON& Tower with Radar,6,21,22,5,54,0,3,36,10,49,6,24,58,15,103,86,18,104,207
02/14/2012,BIS,ND,AGL,CE,Combined TRACON& Tower with Radar,2,31,20,5,58,0,0,32,7,39,2,31,52,12,97,50,6,56,153
02/15/2012,BIS,ND,AGL,CE,Combined TRACON& Tower with Radar,4,28,42,3,77,0,0,37,6,43,4,28,79,9,120,18,0,18,138
02/16/2012,BIS,ND,AGL,CE,Combined TRACON& Tower with Radar,3,33,30,7,73,0,0,38,14,52,3,33,68,21,125,8,4,12,137
02/17/2012,BIS,ND,AGL,CE,Combined TRACON& Tower with Radar,3,29,21,2,55,0,0,22,2,24,3,29,43,4,79,8,0,8,87
02/18/2012,BIS,ND,AGL,CE,Combined TRACON& Tower with Radar,7,25,19,0,51,0,0,33,2,35,7,25,52,2,86,14,0,14,100
02/19/2012,BIS,ND,AGL,CE,Combined TRACON& Tower with Radar,4,14,10,0,28,0,2,58,0,60,4,16,68,0,88,112,0,112,200
02/20/2012,BIS,ND,AGL,CE,Combined TRACON& Tower with Radar,4,22,14,0,40,0,0,31,0,31,4,22,45,0,71,99,0,99,170
02/21/2012,BIS,ND,AGL,CE,Combined TRACON& Tower with Radar,4,28,30,1,63,0,0,11,5,16,4,28,41,6,79,0,0,0,79
02/22/2012,BIS,ND,AGL,CE,Combined TRACON& Tower with Radar,5,30,27,19,81,0,0,36,10,46,5,30,63,29,127,18,10,28,155
02/23/2012,BIS,ND,AGL,CE,Combined TRACON& Tower with Radar,4,36,46,8,94,0,0,6,2,8,4,36,52,10,102,0,2,2,104
02/24/2012,BIS,ND,AGL,CE,Combined TRACON& Tower with Radar,3,31,42,8,84,0,1,10,8,19,3,32,52,16,103,12,0,12,115
02/25/2012,BIS,ND,AGL,CE,Combined TRACON& Tower with Radar,6,22,5,0,33,0,0,8,0,8,6,22,13,0,41,0,0,0,41
02/26/2012,BIS,ND,AGL,CE,Combined TRACON& Tower with Radar,4,19,11,0,34,0,0,0,0,0,4,19,11,0,34,0,0,0,34
02/27/2012,BIS,ND,AGL,CE,Combined TRACON& Tower with Radar,4,26,35,0,65,0,2,34,5,41,4,28,69,5,106,6,2,8,114
02/28/2012,BIS,ND,AGL,CE,Combined TRACON& Tower with Radar,4,31,31,2,68,0,0,0,0,0,4,31,31,2,68,0,0,0,68
02/29/2012,BIS,ND,AGL,CE,Combined TRACON& Tower with Radar,4,32,16,1,53,0,0,10,2,12,4,32,26,3,65,2,0,2,67
03/01/2012,BIS,ND,AGL,CE,Combined TRACON& Tower with Radar,4,31,41,8,84,0,2,12,10,24,4,33,53,18,108,10,10,20,128
03/02/2012,BIS,ND,AGL,CE,Combined TRACON& Tower with Radar,4,30,21,2,57,0,0,3,0,3,4,30,24,2,60,0,0,0,60
03/03/2012,BIS,ND,AGL,CE,Combined TRACON& Tower with Radar,5,21,10,2,38,0,0,27,0,27,5,21,37,2,65,107,0,107,172
03/04/2012,BIS,ND,AGL,CE,Combined TRACON& Tower with Radar,3,21,3,2,29,0,0,12,0,12,3,21,15,2,41,8,0,8,49
03/05/2012,BIS,ND,AGL,CE,Combined TRACON& Tower with Radar,4,29,22,0,55,0,2,36,2,40,4,31,58,2,95,62,0,62,157
03/06/2012,BIS,ND,AGL,CE,Combined TRACON& Tower with Radar,6,32,48,8,94,0,1,28,6,35,6,33,76,14,129,16,10,26,155
03/07/2012,BIS,ND,AGL,CE,Combined TRACON& Tower with Radar,6,29,31,7,73,0,0,22,0,22,6,29,53,7,95,58,0,58,153
03/08/2012,BIS,ND,AGL,CE,Combined TRACON& Tower with Radar,4,26,37,0,67,0,1,40,0,41,4,27,77,0,108,14,0,14,122
03/09/2012,BIS,ND,AGL,CE,Combined TRACON& Tower with Radar,5,32,18,2,57,0,3,36,3,42,5,35,54,5,99,9,0,9,108
03/10/2012,BIS,ND,AGL,CE,Combined TRACON& Tower with Radar,5,20,21,0,46,0,0,50,0,50,5,20,71,0,96,146,0,146,242
03/11/2012,BIS,ND,AGL,CE,Combined TRACON& Tower with Radar,1,19,13,0,33,0,1,40,0,41,1,20,53,0,74,96,0,96,170
03/12/2012,BIS,ND,AGL,CE,Combined TRACON& Tower with Radar,6,22,13,2,43,0,0,11,5,16,6,22,24,7,59,12,0,12,71
03/13/2012,BIS,ND,AGL,CE,Combined TRACON& Tower with Radar,2,30,36,3,71,0,2,37,5,44,2,32,73,8,115,28,2,30,145
03/14/2012,BIS,ND,AGL,CE,Combined TRACON& Tower with Radar,4,31,41,6,82,0,2,46,9,57,4,33,87,15,139,20,2,22,161
03/15/2012,BIS,ND,AGL,CE,Combined TRACON& Tower with Radar,5,33,49,2,89,0,2,40,5,47,5,35,89,7,136,8,2,10,146
03/16/2012,BIS,ND,AGL,CE,Combined TRACON& Tower with Radar,3,29,20,0,52,0,0,29,3,32,3,29,49,3,84,0,0,0,84
03/17/2012,BIS,ND,AGL,CE,Combined TRACON& Tower with Radar,4,22,17,1,44,0,7,104,1,112,4,29,121,2,156,132,0,132,288
03/18/2012,BIS,ND,AGL,CE,Combined TRACON& Tower with Radar,5,19,11,1,36,0,1,112,1,114,5,20,123,2,150,178,0,178,328
03/19/2012,BIS,ND,AGL,CE,Combined TRACON& Tower with Radar,4,23,30,1,58,0,3,10,3,16,4,26,40,4,74,0,0,0,74
03/20/2012,BIS,ND,AGL,CE,Combined TRACON& Tower with Radar,4,27,32,2,65,0,0,44,0,44,4,27,76,2,109,54,0,54,163
03/21/2012,BIS,ND,AGL,CE,Combined TRACON& Tower with Radar,4,35,38,2,79,0,10,57,6,73,4,45,95,8,152,36,0,36,188
03/22/2012,BIS,ND,AGL,CE,Combined TRACON& Tower with Radar,4,38,46,9,97,0,2,50,12,64,4,40,96,21,161,26,30,56,217
03/23/2012,BIS,ND,AGL,CE,Combined TRACON& Tower with Radar,3,30,35,0,68,0,0,11,0,11,3,30,46,0,79,16,0,16,95
03/24/2012,BIS,ND,AGL,CE,Combined TRACON& Tower with Radar,4,24,18,0,46,0,0,8,0,8,4,24,26,0,54,0,0,0,54
03/25/2012,BIS,ND,AGL,CE,Combined TRACON& Tower with Radar,5,18,8,1,32,0,0,11,0,11,5,18,19,1,43,30,0,30,73
03/26/2012,BIS,ND,AGL,CE,Combined TRACON& Tower with Radar,5,24,24,2,55,0,0,15,0,15,5,24,39,2,70,12,2,14,84
03/27/2012,BIS,ND,AGL,CE,Combined TRACON& Tower with Radar,4,29,39,0,72,0,1,6,5,12,4,30,45,5,84,0,2,2,86
03/28/2012,BIS,ND,AGL,CE,Combined TRACON& Tower with Radar,6,39,57,2,104,0,1,27,2,30,6,40,84,4,134,30,0,30,164
03/29/2012,BIS,ND,AGL,CE,Combined TRACON& Tower with Radar,2,28,33,6,69,0,2,49,12,63,2,30,82,18,132,38,19,57,189
03/30/2012,BIS,ND,AGL,CE,Combined TRACON& Tower with Radar,7,31,35,2,75,0,0,52,3,55,7,31,87,5,130,8,0,8,138
03/31/2012,BIS,ND,AGL,CE,Combined TRACON& Tower with Radar,6,20,12,0,38,0,0,28,0,28,6,20,40,0,66,36,0,36,102
04/01/2012,BIS,ND,AGL,CE,Combined TRACON& Tower with Radar,1,21,15,1,38,0,1,12,0,13,1,22,27,1,51,44,0,44,95
04/02/2012,BIS,ND,AGL,CE,Combined TRACON& Tower with Radar,8,23,19,0,50,0,4,4,2,10,8,27,23,2,60,10,0,10,70
04/03/2012,BIS,ND,AGL,CE,Combined TRACON& Tower with Radar,4,31,56,4,95,0,1,78,3,82,4,32,134,7,177,84,0,84,261
04/04/2012,BIS,ND,AGL,CE,Combined TRACON& Tower with Radar,6,37,44,1,88,0,1,48,6,55,6,38,92,7,143,47,0,47,190
04/05/2012,BIS,ND,AGL,CE,Combined TRACON& Tower with Radar,4,35,30,7,76,0,2,29,10,41,4,37,59,17,117,32,0,32,149
04/06/2012,BIS,ND,AGL,CE,Combined TRACON& Tower with Radar,5,31,11,2,49,0,0,18,5,23,5,31,29,7,72,14,10,24,96
04/07/2012,BIS,ND,AGL,CE,Combined TRACON& Tower with Radar,4,23,0,0,27,0,0,1,0,1,4,23,1,0,28,0,0,0,28
04/08/2012,BIS,ND,AGL,CE,Combined TRACON& Tower with Radar,1,22,1,0,24,0,0,9,0,9,1,22,10,0,33,28,0,28,61
04/09/2012,BIS,ND,AGL,CE,Combined TRACON& Tower with Radar,8,23,31,6,68,0,0,29,0,29,8,23,60,6,97,7,0,7,104
04/10/2012,BIS,ND,AGL,CE,Combined TRACON& Tower with Radar,2,30,34,0,66,0,2,55,4,61,2,32,89,4,127,91,0,91,218
04/11/2012,BIS,ND,AGL,CE,Combined TRACON& Tower with Radar,2,37,39,0,78,0,2,27,2,31,2,39,66,2,109,10,0,10,119
04/12/2012,BIS,ND,AGL,CE,Combined TRACON& Tower with Radar,2,37,38,0,77,0,0,19,4,23,2,37,57,4,100,0,0,0,100
04/13/2012,BIS,ND,AGL,CE,Combined TRACON& Tower with Radar,6,30,44,3,83,0,0,9,3,12,6,30,53,6,95,0,0,0,95
04/14/2012,BIS,ND,AGL,CE,Combined TRACON& Tower with Radar,2,22,20,4,48,0,0,65,4,69,2,22,85,8,117,136,13,149,266
04/15/2012,BIS,ND,AGL,CE,Combined TRACON& Tower with Radar,2,22,8,2,34,0,0,4,0,4,2,22,12,2,38,0,0,0,38
04/16/2012,BIS,ND,AGL,CE,Combined TRACON& Tower with Radar,6,24,24,6,60,0,2,18,6,26,6,26,42,12,86,16,0,16,102
04/17/2012,BIS,ND,AGL,CE,Combined TRACON& Tower with Radar,4,36,43,4,87,0,3,36,15,54,4,39,79,19,141,20,4,24,165
04/18/2012,BIS,ND,AGL,CE,Combined TRACON& Tower with Radar,2,37,53,2,94,0,0,38,9,47,2,37,91,11,141,51,8,59,200
04/19/2012,BIS,ND,AGL,CE,Combined TRACON& Tower with Radar,4,34,44,5,87,0,0,2,3,5,4,34,46,8,92,0,0,0,92
04/20/2012,BIS,ND,AGL,CE,Combined TRACON& Tower with Radar,6,34,34,2,76,0,0,34,7,41,6,34,68,9,117,30,0,30,147
04/21/2012,BIS,ND,AGL,CE,Combined TRACON& Tower with Radar,2,22,6,0,30,0,0,5,0,5,2,22,11,0,35,0,0,0,35
04/22/2012,BIS,ND,AGL,CE,Combined TRACON& Tower with Radar,2,25,22,2,51,0,1,73,0,74,2,26,95,2,125,108,0,108,233
04/23/2012,BIS,ND,AGL,CE,Combined TRACON& Tower with Radar,6,25,31,2,64,0,0,42,2,44,6,25,73,4,108,62,0,62,170
04/24/2012,BIS,ND,AGL,CE,Combined TRACON& Tower with Radar,2,30,55,4,91,0,3,50,10,63,2,33,105,14,154,31,4,35,189
04/25/2012,BIS,ND,AGL,CE,Combined TRACON& Tower with Radar,2,31,35,6,74,0,2,39,17,58,2,33,74,23,132,10,2,12,144
04/26/2012,BIS,ND,AGL,CE,Combined TRACON& Tower with Radar,2,32,45,7,86,0,4,42,10,56,2,36,87,17,142,16,0,16,158
04/27/2012,BIS,ND,AGL,CE,Combined TRACON& Tower with Radar,6,36,33,4,79,0,0,1,0,1,6,36,34,4,80,0,0,0,80
04/28/2012,BIS,ND,AGL,CE,Combined TRACON& Tower with Radar,2,24,7,5,38,0,2,0,0,2,2,26,7,5,40,0,0,0,40
04/29/2012,BIS,ND,AGL,CE,Combined TRACON& Tower with Radar,2,23,10,0,35,0,0,7,0,7,2,23,17,0,42,0,0,0,42
04/30/2012,BIS,ND,AGL,CE,Combined TRACON& Tower with Radar,8,24,60,0,92,0,3,72,2,77,8,27,132,2,169,34,0,34,203
05/01/2012,BIS,ND,AGL,CE,Combined TRACON& Tower with Radar,4,28,43,0,75,0,0,42,6,48,4,28,85,6,123,26,0,26,149
05/02/2012,BIS,ND,AGL,CE,Combined TRACON& Tower with Radar,1,37,23,2,63,0,4,54,7,65,1,41,77,9,128,22,0,22,150
05/03/2012,BIS,ND,AGL,CE,Combined TRACON& Tower with Radar,2,29,36,2,69,0,3,41,12,56,2,32,77,14,125,18,0,18,143
05/04/2012,BIS,ND,AGL,CE,Combined TRACON& Tower with Radar,8,32,46,0,86,0,0,39,22,61,8,32,85,22,147,51,2,53,200
05/05/2012,BIS,ND,AGL,CE,Combined TRACON& Tower with Radar,1,23,5,0,29,0,0,0,0,0,1,23,5,0,29,0,0,0,29
05/06/2012,BIS,ND,AGL,CE,Combined TRACON& Tower with Radar,1,23,12,0,36,0,0,16,13,29,1,23,28,13,65,62,24,86,151
05/07/2012,BIS,ND,AGL,CE,Combined TRACON& Tower with Radar,6,26,37,0,69,0,0,16,0,16,6,26,53,0,85,26,0,26,111
05/08/2012,BIS,ND,AGL,CE,Combined TRACON& Tower with Radar,2,36,45,2,85,0,1,51,4,56,2,37,96,6,141,46,34,80,221
05/09/2012,BIS,ND,AGL,CE,Combined TRACON& Tower with Radar,1,31,31,1,64,0,3,66,3,72,1,34,97,4,136,35,0,35,171
05/10/2012,BIS,ND,AGL,CE,Combined TRACON& Tower with Radar,2,34,27,3,66,0,1,28,4,33,2,35,55,7,99,10,0,10,109
05/11/2012,BIS,ND,AGL,CE,Combined TRACON& Tower with Radar,6,33,32,2,73,0,0,39,0,39,6,33,71,2,112,37,0,37,149
05/12/2012,BIS,ND,AGL,CE,Combined TRACON& Tower with Radar,2,20,11,2,35,0,4,99,0,103,2,24,110,2,138,92,0,92,230
05/13/2012,BIS,ND,AGL,CE,Combined TRACON& Tower with Radar,2,25,9,3,39,0,0,45,0,45,2,25,54,3,84,86,0,86,170
05/14/2012,BIS,ND,AGL,CE,Combined TRACON& Tower with Radar,6,24,29,2,61,0,4,69,1,74,6,28,98,3,135,98,0,98,233
05/15/2012,BIS,ND,AGL,CE,Combined TRACON& Tower with Radar,2,31,49,5,87,0,0,48,3,51,2,31,97,8,138,41,0,41,179
05/16/2012,BIS,ND,AGL,CE,Combined TRACON& Tower with Radar,2,35,31,4,72,0,0,28,8,36,2,35,59,12,108,14,0,14,122
05/17/2012,BIS,ND,AGL,CE,Combined TRACON& Tower with Radar,6,39,54,5,104,0,0,69,10,79,6,39,123,15,183,58,0,58,241
05/18/2012,BIS,ND,AGL,CE,Combined TRACON& Tower with Radar,8,28,42,0,78,0,0,31,2,33,8,28,73,2,111,6,0,6,117
05/19/2012,BIS,ND,AGL,CE,Combined TRACON& Tower with Radar,1,23,3,0,27,0,3,13,0,16,1,26,16,0,43,28,0,28,71
05/20/2012,BIS,ND,AGL,CE,Combined TRACON& Tower with Radar,5,27,12,0,44,0,17,48,0,65,5,44,60,0,109,68,0,68,177
05/21/2012,BIS,ND,AGL,CE,Combined TRACON& Tower with Radar,8,35,56,3,102,0,0,43,4,47,8,35,99,7,149,8,0,8,157
05/22/2012,BIS,ND,AGL,CE,Combined TRACON& Tower with Radar,4,33,71,2,110,0,0,47,0,47,4,33,118,2,157,22,0,22,179
05/23/2012,BIS,ND,AGL,CE,Combined TRACON& Tower with Radar,1,38,87,2,128,0,3,51,8,62,1,41,138,10,190,43,12,55,245
05/24/2012,BIS,ND,AGL,CE,Combined TRACON& Tower with Radar,6,44,100,3,153,0,3,58,4,65,6,47,158,7,218,20,0,20,238
05/25/2012,BIS,ND,AGL,CE,Combined TRACON& Tower with Radar,7,35,22,1,65,0,0,51,3,54,7,35,73,4,119,56,28,84,203
05/26/2012,BIS,ND,AGL,CE,Combined TRACON& Tower with Radar,4,22,5,0,31,0,0,13,0,13,4,22,18,0,44,84,0,84,128
05/27/2012,BIS,ND,AGL,CE,Combined TRACON& Tower with Radar,6,16,7,2,31,0,0,7,0,7,6,16,14,2,38,42,0,42,80
05/28/2012,BIS,ND,AGL,CE,Combined TRACON& Tower with Radar,8,22,11,0,41,0,0,23,0,23,8,22,34,0,64,22,4,26,90
05/29/2012,BIS,ND,AGL,CE,Combined TRACON& Tower with Radar,4,28,37,0,69,0,0,21,4,25,4,28,58,4,94,18,26,44,138
05/30/2012,BIS,ND,AGL,CE,Combined TRACON& Tower with Radar,4,32,41,0,77,0,0,38,6,44,4,32,79,6,121,16,0,16,137
05/31/2012,BIS,ND,AGL,CE,Combined TRACON& Tower with Radar,6,41,90,3,140,0,4,52,8,64,6,45,142,11,204,22,10,32,236
06/01/2012,BIS,ND,AGL,CE,Combined TRACON& Tower with Radar,7,32,22,2,63,0,3,28,7,38,7,35,50,9,101,6,0,6,107
06/02/2012,BIS,ND,AGL,CE,Combined TRACON& Tower with Radar,2,21,8,0,31,0,1,51,0,52,2,22,59,0,83,107,0,107,190
06/03/2012,BIS,ND,AGL,CE,Combined TRACON& Tower with Radar,5,22,12,0,39,0,0,28,0,28,5,22,40,0,67,24,0,24,91
06/04/2012,BIS,ND,AGL,CE,Combined TRACON& Tower with Radar,8,30,20,1,59,0,6,67,0,73,8,36,87,1,132,122,0,122,254
06/05/2012,BIS,ND,AGL,CE,Combined TRACON& Tower with Radar,4,27,27,0,58,0,0,32,0,32,4,27,59,0,90,44,0,44,134
06/06/2012,BIS,ND,AGL,CE,Combined TRACON& Tower with Radar,2,34,14,0,50,0,1,35,0,36,2,35,49,0,86,22,0,22,108
06/07/2012,BIS,ND,AGL,CE,Combined TRACON& Tower with Radar,7,27,33,0,67,0,2,28,5,35,7,29,61,5,102,0,0,0,102
06/08/2012,BIS,ND,AGL,CE,Combined TRACON& Tower with Radar,9,30,28,4,71,0,0,52,16,68,9,30,80,20,139,52,8,60,199
06/09/2012,BIS,ND,AGL,CE,Combined TRACON& Tower with Radar,3,23,8,0,34,0,0,17,2,19,3,23,25,2,53,2,0,2,55
06/10/2012,BIS,ND,AGL,CE,Combined TRACON& Tower with Radar,6,17,14,3,40,0,0,53,3,56,6,17,67,6,96,20,0,20,116
06/11/2012,BIS,ND,AGL,CE,Combined TRACON& Tower with Radar,9,21,21,4,55,0,1,10,5,16,9,22,31,9,71,2,2,4,75
06/12/2012,BIS,ND,AGL,CE,Combined TRACON& Tower with Radar,5,28,48,9,90,0,0,40,4,44,5,28,88,13,134,0,0,0,134
06/13/2012,BIS,ND,AGL,CE,Combined TRACON& Tower with Radar,2,30,34,2,68,0,0,39,5,44,2,30,73,7,112,16,0,16,128
06/14/2012,BIS,ND,AGL,CE,Combined TRACON& Tower with Radar,7,24,46,10,87,0,0,23,16,39,7,24,69,26,126,14,8,22,148
06/15/2012,BIS,ND,AGL,CE,Combined TRACON& Tower with Radar,9,32,37,0,78,0,0,43,5,48,9,32,80,5,126,18,2,20,146
06/16/2012,BIS,ND,AGL,CE,Combined TRACON& Tower with Radar,2,21,21,0,44,0,5,56,3,64,2,26,77,3,108,74,14,88,196
06/17/2012,BIS,ND,AGL,CE,Combined TRACON& Tower with Radar,6,17,8,0,31,0,0,18,0,18,6,17,26,0,49,0,0,0,49
06/18/2012,BIS,ND,AGL,CE,Combined TRACON& Tower with Radar,9,19,40,1,69,0,1,41,3,45,9,20,81,4,114,50,0,50,164
06/19/2012,BIS,ND,AGL,CE,Combined TRACON& Tower with Radar,5,27,47,2,81,0,1,15,0,16,5,28,62,2,97,29,0,29,126
06/20/2012,BIS,ND,AGL,CE,Combined TRACON& Tower with Radar,5,27,38,1,71,0,1,33,2,36,5,28,71,3,107,28,0,28,135
06/21/2012,BIS,ND,AGL,CE,Combined TRACON& Tower with Radar,5,28,43,1,77,0,3,47,10,60,5,31,90,11,137,28,37,65,202
06/22/2012,BIS,ND,AGL,CE,Combined TRACON& Tower with Radar,7,26,39,2,74,0,5,81,2,88,7,31,120,4,162,26,0,26,188
06/23/2012,BIS,ND,AGL,CE,Combined TRACON& Tower with Radar,4,23,9,2,38,0,1,23,2,26,4,24,32,4,64,32,0,32,96
06/24/2012,BIS,ND,AGL,CE,Combined TRACON& Tower with Radar,6,18,16,0,40,0,2,55,0,57,6,20,71,0,97,160,0,160,257
06/25/2012,BIS,ND,AGL,CE,Combined TRACON& Tower with Radar,9,23,27,2,61,0,1,47,1,49,9,24,74,3,110,134,4,138,248
06/26/2012,BIS,ND,AGL,CE,Combined TRACON& Tower with Radar,5,32,39,4,80,0,2,40,7,49,5,34,79,11,129,38,4,42,171
06/27/2012,BIS,ND,AGL,CE,Combined TRACON& Tower with Radar,6,29,63,2,100,0,1,65,16,82,6,30,128,18,182,22,34,56,238
06/28/2012,BIS,ND,AGL,CE,Combined TRACON& Tower with Radar,5,30,53,12,100,0,9,49,14,72,5,39,102,26,172,16,14,30,202
06/29/2012,BIS,ND,AGL,CE,Combined TRACON& Tower with Radar,9,27,30,6,72,0,2,36,0,38,9,29,66,6,110,42,2,44,154
06/30/2012,BIS,ND,AGL,CE,Combined TRACON& Tower with Radar,2,21,9,0,32,0,0,60,0,60,2,21,69,0,92,144,0,144,236
07/01/2012,BIS,ND,AGL,CE,Combined TRACON& Tower with Radar,3,21,8,0,32,0,0,19,0,19,3,21,27,0,51,82,0,82,133
07/02/2012,BIS,ND,AGL,CE,Combined TRACON& Tower with Radar,7,25,30,4,66,0,3,24,5,32,7,28,54,9,98,88,0,88,186
07/03/2012,BIS,ND,AGL,CE,Combined TRACON& Tower with Radar,6,30,26,4,66,0,3,28,0,31,6,33,54,4,97,62,0,62,159
07/04/2012,BIS,ND,AGL,CE,Combined TRACON& Tower with Radar,2,18,13,0,33,0,1,26,2,29,2,19,39,2,62,32,0,32,94
07/05/2012,BIS,ND,AGL,CE,Combined TRACON& Tower with Radar,4,28,34,3,69,0,0,46,1,47,4,28,80,4,116,28,24,52,168
07/06/2012,BIS,ND,AGL,CE,Combined TRACON& Tower with Radar,8,33,20,2,63,0,1,19,0,20,8,34,39,2,83,14,0,14,97
07/07/2012,BIS,ND,AGL,CE,Combined TRACON& Tower with Radar,1,26,19,0,46,0,0,60,2,62,1,26,79,2,108,62,0,62,170
07/08/2012,BIS,ND,AGL,CE,Combined TRACON& Tower with Radar,3,17,11,3,34,0,2,56,1,59,3,19,67,4,93,176,0,176,269
07/09/2012,BIS,ND,AGL,CE,Combined TRACON& Tower with Radar,8,22,26,4,60,0,2,43,4,49,8,24,69,8,109,42,10,52,161
07/10/2012,BIS,ND,AGL,CE,Combined TRACON& Tower with Radar,5,33,33,0,71,0,2,54,6,62,5,35,87,6,133,150,16,166,299
07/11/2012,BIS,ND,AGL,CE,Combined TRACON& Tower with Radar,4,30,58,3,95,0,1,52,7,60,4,31,110,10,155,20,0,20,175
07/12/2012,BIS,ND,AGL,CE,Combined TRACON& Tower with Radar,7,28,75,2,112,0,0,52,8,60,7,28,127,10,172,42,0,42,214
07/13/2012,BIS,ND,AGL,CE,Combined TRACON& Tower with Radar,13,27,33,2,75,0,0,42,6,48,13,27,75,8,123,92,0,92,215
07/14/2012,BIS,ND,AGL,CE,Combined TRACON& Tower with Radar,5,31,31,3,70,0,3,68,13,84,5,34,99,16,154,72,14,86,240
07/15/2012,BIS,ND,AGL,CE,Combined TRACON& Tower with Radar,7,16,9,2,34,0,1,31,2,34,7,17,40,4,68,134,0,134,202
07/16/2012,BIS,ND,AGL,CE,Combined TRACON& Tower with Radar,11,19,44,2,76,0,0,41,2,43,11,19,85,4,119,24,9,33,152
07/17/2012,BIS,ND,AGL,CE,Combined TRACON& Tower with Radar,7,33,31,4,75,0,0,18,3,21,7,33,49,7,96,0,0,0,96
07/18/2012,BIS,ND,AGL,CE,Combined TRACON& Tower with Radar,4,35,41,3,83,0,0,46,5,51,4,35,87,8,134,72,2,74,208
07/19/2012,BIS,ND,AGL,CE,Combined TRACON& Tower with Radar,8,30,36,2,76,0,0,29,6,35,8,30,65,8,111,5,0,5,116
07/20/2012,BIS,ND,AGL,CE,Combined TRACON& Tower with Radar,10,22,29,0,61,0,5,46,4,55,10,27,75,4,116,0,0,0,116
07/21/2012,BIS,ND,AGL,CE,Combined TRACON& Tower with Radar,5,26,10,2,43,0,0,45,2,47,5,26,55,4,90,82,0,82,172
07/22/2012,BIS,ND,AGL,CE,Combined TRACON& Tower with Radar,7,19,13,6,45,0,0,40,8,48,7,19,53,14,93,134,24,158,251
07/23/2012,BIS,ND,AGL,CE,Combined TRACON& Tower with Radar,10,21,40,0,71,0,0,31,2,33,10,21,71,2,104,48,10,58,162
07/24/2012,BIS,ND,AGL,CE,Combined TRACON& Tower with Radar,8,28,42,2,80,0,3,34,1,38,8,31,76,3,118,30,0,30,148
07/25/2012,BIS,ND,AGL,CE,Combined TRACON& Tower with Radar,6,26,28,3,63,0,0,44,10,54,6,26,72,13,117,24,4,28,145
07/26/2012,BIS,ND,AGL,CE,Combined TRACON& Tower with Radar,7,29,59,1,96,0,2,43,8,53,7,31,102,9,149,0,2,2,151
07/27/2012,BIS,ND,AGL,CE,Combined TRACON& Tower with Radar,10,28,47,2,87,0,3,82,3,88,10,31,129,5,175,60,6,66,241
07/28/2012,BIS,ND,AGL,CE,Combined TRACON& Tower with Radar,5,26,23,0,54,0,0,41,0,41,5,26,64,0,95,62,0,62,157
07/29/2012,BIS,ND,AGL,CE,Combined TRACON& Tower with Radar,5,17,14,0,36,0,0,37,0,37,5,17,51,0,73,50,0,50,123
07/30/2012,BIS,ND,AGL,CE,Combined TRACON& Tower with Radar,10,21,31,0,62,0,1,58,3,62,10,22,89,3,124,82,10,92,216
07/31/2012,BIS,ND,AGL,CE,Combined TRACON& Tower with Radar,7,28,46,4,85,0,2,46,6,54,7,30,92,10,139,56,6,62,201
08/01/2012,BIS,ND,AGL,CE,Combined TRACON& Tower with Radar,5,25,49,2,81,0,0,53,2,55,5,25,102,4,136,45,0,45,181
08/02/2012,BIS,ND,AGL,CE,Combined TRACON& Tower with Radar,7,28,42,6,83,0,0,50,17,67,7,28,92,23,150,4,18,22,172
08/03/2012,BIS,ND,AGL,CE,Combined TRACON& Tower with Radar,11,29,19,5,64,0,0,37,1,38,11,29,56,6,102,64,0,64,166
08/04/2012,BIS,ND,AGL,CE,Combined TRACON& Tower with Radar,6,25,7,0,38,0,0,17,0,17,6,25,24,0,55,68,0,68,123
08/05/2012,BIS,ND,AGL,CE,Combined TRACON& Tower with Radar,7,15,10,2,34,0,8,43,0,51,7,23,53,2,85,103,0,103,188
08/06/2012,BIS,ND,AGL,CE,Combined TRACON& Tower with Radar,11,21,43,3,78,0,1,47,2,50,11,22,90,5,128,24,0,24,152
08/07/2012,BIS,ND,AGL,CE,Combined TRACON& Tower with Radar,6,30,32,2,70,0,0,67,5,72,6,30,99,7,142,107,0,107,249
08/08/2012,BIS,ND,AGL,CE,Combined TRACON& Tower with Radar,5,26,73,12,116,0,0,53,9,62,5,26,126,21,178,38,4,42,220
08/09/2012,BIS,ND,AGL,CE,Combined TRACON& Tower with Radar,8,35,56,4,103,0,2,44,2,48,8,37,100,6,151,43,0,43,194
08/10/2012,BIS,ND,AGL,CE,Combined TRACON& Tower with Radar,11,25,48,6,90,0,3,52,0,55,11,28,100,6,145,116,4,120,265
08/11/2012,BIS,ND,AGL,CE,Combined TRACON& Tower with Radar,7,23,12,0,42,0,0,7,0,7,7,23,19,0,49,0,0,0,49
08/12/2012,BIS,ND,AGL,CE,Combined TRACON& Tower with Radar,7,14,32,2,55,0,0,12,0,12,7,14,44,2,67,18,0,18,85
08/13/2012,BIS,ND,AGL,CE,Combined TRACON& Tower with Radar,10,22,38,2,72,0,3,47,6,56,10,25,85,8,128,2,0,2,130
08/14/2012,BIS,ND,AGL,CE,Combined TRACON& Tower with Radar,7,27,37,4,75,0,1,56,9,66,7,28,93,13,141,14,4,18,159
08/15/2012,BIS,ND,AGL,CE,Combined TRACON& Tower with Radar,7,24,42,0,73,0,0,20,18,38,7,24,62,18,111,6,8,14,125
08/16/2012,BIS,ND,AGL,CE,Combined TRACON& Tower with Radar,7,25,33,2,67,0,0,58,9,67,7,25,91,11,134,6,0,6,140
08/17/2012,BIS,ND,AGL,CE,Combined TRACON& Tower with Radar,11,28,20,0,59,0,0,32,3,35,11,28,52,3,94,6,0,6,100
08/18/2012,BIS,ND,AGL,CE,Combined TRACON& Tower with Radar,7,22,10,0,39,0,0,43,9,52,7,22,53,9,91,142,0,142,233
08/19/2012,BIS,ND,AGL,CE,Combined TRACON& Tower with Radar,8,23,17,3,51,0,0,56,8,64,8,23,73,11,115,184,0,184,299
08/20/2012,BIS,ND,AGL,CE,Combined TRACON& Tower with Radar,11,20,24,0,55,0,0,56,5,61,11,20,80,5,116,102,0,102,218
08/21/2012,BIS,ND,AGL,CE,Combined TRACON& Tower with Radar,7,27,26,0,60,0,3,51,5,59,7,30,77,5,119,20,0,20,139
08/22/2012,BIS,ND,AGL,CE,Combined TRACON& Tower with Radar,5,33,44,2,84,0,2,53,15,70,5,35,97,17,154,6,0,6,160
08/23/2012,BIS,ND,AGL,CE,Combined TRACON& Tower with Radar,7,28,54,5,94,0,0,53,10,63,7,28,107,15,157,4,0,4,161
08/24/2012,BIS,ND,AGL,CE,Combined TRACON& Tower with Radar,11,31,31,2,75,0,0,24,2,26,11,31,55,4,101,0,0,0,101
08/25/2012,BIS,ND,AGL,CE,Combined TRACON& Tower with Radar,5,21,6,0,32,0,0,34,0,34,5,21,40,0,66,138,0,138,204
08/26/2012,BIS,ND,AGL,CE,Combined TRACON& Tower with Radar,8,17,12,0,37,0,2,22,0,24,8,19,34,0,61,32,0,32,93
08/27/2012,BIS,ND,AGL,CE,Combined TRACON& Tower with Radar,11,23,24,0,58,0,2,48,1,51,11,25,72,1,109,26,20,46,155
08/28/2012,BIS,ND,AGL,CE,Combined TRACON& Tower with Radar,13,30,56,3,102,0,3,46,0,49,13,33,102,3,151,36,0,36,187
08/29/2012,BIS,ND,AGL,CE,Combined TRACON& Tower with Radar,5,31,43,13,92,0,1,43,4,48,5,32,86,17,140,14,14,28,168
08/30/2012,BIS,ND,AGL,CE,Combined TRACON& Tower with Radar,7,35,37,3,82,0,3,40,2,45,7,38,77,5,127,16,0,16,143
08/31/2012,BIS,ND,AGL,CE,Combined TRACON& Tower with Radar,11,29,29,1,70,0,1,44,6,51,11,30,73,7,121,12,0,12,133
09/01/2012,BIS,ND,AGL,CE,Combined TRACON& Tower with Radar,4,21,4,1,30,0,0,4,1,5,4,21,8,2,35,42,0,42,77
09/02/2012,BIS,ND,AGL,CE,Combined TRACON& Tower with Radar,6,11,9,1,27,0,4,21,3,28,6,15,30,4,55,62,0,62,117
09/03/2012,BIS,ND,AGL,CE,Combined TRACON& Tower with Radar,11,17,6,0,34,0,0,23,0,23,11,17,29,0,57,10,0,10,67
09/04/2012,BIS,ND,AGL,CE,Combined TRACON& Tower with Radar,7,24,35,0,66,0,2,32,4,38,7,26,67,4,104,8,10,18,122
09/05/2012,BIS,ND,AGL,CE,Combined TRACON& Tower with Radar,5,28,47,4,84,0,2,44,10,56,5,30,91,14,140,22,0,22,162
09/06/2012,BIS,ND,AGL,CE,Combined TRACON& Tower with Radar,6,29,38,1,74,0,0,21,13,34,6,29,59,14,108,19,10,29,137
09/07/2012,BIS,ND,AGL,CE,Combined TRACON& Tower with Radar,11,30,41,3,85,0,1,27,10,38,11,31,68,13,123,40,0,40,163
09/08/2012,BIS,ND,AGL,CE,Combined TRACON& Tower with Radar,4,20,13,0,37,0,2,32,7,41,4,22,45,7,78,54,0,54,132
09/09/2012,BIS,ND,AGL,CE,Combined TRACON& Tower with Radar,5,26,13,4,48,0,4,91,5,100,5,30,104,9,148,74,0,74,222
09/10/2012,BIS,ND,AGL,CE,Combined TRACON& Tower with Radar,11,24,31,2,68,0,0,20,4,24,11,24,51,6,92,38,4,42,134
09/11/2012,BIS,ND,AGL,CE,Combined TRACON& Tower with Radar,7,26,23,2,58,0,0,22,2,24,7,26,45,4,82,0,0,0,82
09/12/2012,BIS,ND,AGL,CE,Combined TRACON& Tower with Radar,4,33,61,3,101,0,0,39,3,42,4,33,100,6,143,6,0,6,149
09/13/2012,BIS,ND,AGL,CE,Combined TRACON& Tower with Radar,7,27,44,9,87,0,0,57,6,63,7,27,101,15,150,23,2,25,175
09/14/2012,BIS,ND,AGL,CE,Combined TRACON& Tower with Radar,11,28,38,0,77,0,3,29,7,39,11,31,67,7,116,16,0,16,132
09/15/2012,BIS,ND,AGL,CE,Combined TRACON& Tower with Radar,2,23,16,2,43,0,4,48,0,52,2,27,64,2,95,112,8,120,215
09/16/2012,BIS,ND,AGL,CE,Combined TRACON& Tower with Radar,5,21,7,0,33,0,0,11,1,12,5,21,18,1,45,0,0,0,45
09/17/2012,BIS,ND,AGL,CE,Combined TRACON& Tower with Radar,11,20,46,1,78,0,0,51,7,58,11,20,97,8,136,32,6,38,174
09/18/2012,BIS,ND,AGL,CE,Combined TRACON& Tower with Radar,7,24,55,5,91,0,3,54,11,68,7,27,109,16,159,24,2,26,185
09/19/2012,BIS,ND,AGL,CE,Combined TRACON& Tower with Radar,4,27,37,6,74,0,0,29,6,35,4,27,66,12,109,0,6,6,115
09/20/2012,BIS,ND,AGL,CE,Combined TRACON& Tower with Radar,7,33,45,6,91,0,2,63,5,70,7,35,108,11,161,34,0,34,195
09/21/2012,BIS,ND,AGL,CE,Combined TRACON& Tower with Radar,11,23,29,0,63,0,0,53,6,59,11,23,82,6,122,42,4,46,168
09/22/2012,BIS,ND,AGL,CE,Combined TRACON& Tower with Radar,4,23,18,0,45,0,0,42,1,43,4,23,60,1,88,76,4,80,168
09/23/2012,BIS,ND,AGL,CE,Combined TRACON& Tower with Radar,5,22,10,2,39,0,4,37,1,42,5,26,47,3,81,86,0,86,167
09/24/2012,BIS,ND,AGL,CE,Combined TRACON& Tower with Radar,11,26,40,3,80,0,1,37,2,40,11,27,77,5,120,14,0,14,134
09/25/2012,BIS,ND,AGL,CE,Combined TRACON& Tower with Radar,7,28,45,3,83,0,0,44,3,47,7,28,89,6,130,8,0,8,138
09/26/2012,BIS,ND,AGL,CE,Combined TRACON& Tower with Radar,5,32,44,2,83,0,2,73,3,78,5,34,117,5,161,8,4,12,173
09/27/2012,BIS,ND,AGL,CE,Combined TRACON& Tower with Radar,7,34,46,3,90,0,2,56,7,65,7,36,102,10,155,18,6,24,179
09/28/2012,BIS,ND,AGL,CE,Combined TRACON& Tower with Radar,9,32,19,9,69,0,2,33,8,43,9,34,52,17,112,12,6,18,130
09/29/2012,BIS,ND,AGL,CE,Combined TRACON& Tower with Radar,4,23,3,0,30,0,1,29,0,30,4,24,32,0,60,16,0,16,76
09/30/2012,BIS,ND,AGL,CE,Combined TRACON& Tower with Radar,5,20,9,2,36,0,0,80,0,80,5,20,89,2,116,62,0,62,178
10/01/2012,BIS,ND,AGL,CE,Combined TRACON& Tower with Radar,11,24,35,3,73,0,0,45,6,51,11,24,80,9,124,88,0,88,212
10/02/2012,BIS,ND,AGL,CE,Combined TRACON& Tower with Radar,9,23,34,7,73,0,0,41,11,52,9,23,75,18,125,78,8,86,211
10/03/2012,BIS,ND,AGL,CE,Combined TRACON& Tower with Radar,7,25,48,3,83,0,0,7,0,7,7,25,55,3,90,0,0,0,90
10/04/2012,BIS,ND,AGL,CE,Combined TRACON& Tower with Radar,9,30,36,2,77,0,0,5,3,8,9,30,41,5,85,0,0,0,85
10/05/2012,BIS,ND,AGL,CE,Combined TRACON& Tower with Radar,13,24,28,9,74,0,0,34,2,36,13,24,62,11,110,12,14,26,136
10/06/2012,BIS,ND,AGL,CE,Combined TRACON& Tower with Radar,6,21,11,4,42,0,5,57,0,62,6,26,68,4,104,16,0,16,120
10/07/2012,BIS,ND,AGL,CE,Combined TRACON& Tower with Radar,9,14,11,4,38,0,0,47,0,47,9,14,58,4,85,68,0,68,153
10/08/2012,BIS,ND,AGL,CE,Combined TRACON& Tower with Radar,13,20,23,2,58,0,0,10,0,10,13,20,33,2,68,8,0,8,76
10/09/2012,BIS,ND,AGL,CE,Combined TRACON& Tower with Radar,9,21,30,6,66,0,0,17,4,21,9,21,47,10,87,36,0,36,123
10/10/2012,BIS,ND,AGL,CE,Combined TRACON& Tower with Radar,9,22,45,7,83,0,0,38,3,41,9,22,83,10,124,7,4,11,135
10/11/2012,BIS,ND,AGL,CE,Combined TRACON& Tower with Radar,9,25,40,8,82,0,2,33,16,51,9,27,73,24,133,8,6,14,147
10/12/2012,BIS,ND,AGL,CE,Combined TRACON& Tower with Radar,11,28,38,3,80,0,1,29,5,35,11,29,67,8,115,34,0,34,149
10/13/2012,BIS,ND,AGL,CE,Combined TRACON& Tower with Radar,10,21,5,0,36,0,0,52,0,52,10,21,57,0,88,22,0,22,110
10/14/2012,BIS,ND,AGL,CE,Combined TRACON& Tower with Radar,9,17,9,0,35,0,0,36,0,36,9,17,45,0,71,118,0,118,189
10/15/2012,BIS,ND,AGL,CE,Combined TRACON& Tower with Radar,13,27,31,1,72,0,3,36,1,40,13,30,67,2,112,32,0,32,144
10/16/2012,BIS,ND,AGL,CE,Combined TRACON& Tower with Radar,9,23,47,0,79,0,0,55,1,56,9,23,102,1,135,0,0,0,135
10/17/2012,BIS,ND,AGL,CE,Combined TRACON& Tower with Radar,9,28,33,1,71,0,0,4,0,4,9,28,37,1,75,0,0,0,75
10/18/2012,BIS,ND,AGL,CE,Combined TRACON& Tower with Radar,9,29,27,2,67,0,0,2,0,2,9,29,29,2,69,4,0,4,73
10/19/2012,BIS,ND,AGL,CE,Combined TRACON& Tower with Radar,11,29,38,8,86,0,0,38,1,39,11,29,76,9,125,18,0,18,143
10/20/2012,BIS,ND,AGL,CE,Combined TRACON& Tower with Radar,6,20,6,4,36,0,0,57,8,65,6,20,63,12,101,63,10,73,174
10/21/2012,BIS,ND,AGL,CE,Combined TRACON& Tower with Radar,9,18,16,1,44,0,2,24,0,26,9,20,40,1,70,22,0,22,92
10/22/2012,BIS,ND,AGL,CE,Combined TRACON& Tower with Radar,13,19,24,2,58,0,4,46,4,54,13,23,70,6,112,42,0,42,154
10/23/2012,BIS,ND,AGL,CE,Combined TRACON& Tower with Radar,9,25,60,0,94,0,0,0,1,1,9,25,60,1,95,0,2,2,97
10/24/2012,BIS,ND,AGL,CE,Combined TRACON& Tower with Radar,7,28,31,2,68,0,2,27,0,29,7,30,58,2,97,8,0,8,105
10/25/2012,BIS,ND,AGL,CE,Combined TRACON& Tower with Radar,9,24,43,9,85,0,0,6,11,17,9,24,49,20,102,0,0,0,102
10/26/2012,BIS,ND,AGL,CE,Combined TRACON& Tower with Radar,13,24,29,2,68,0,0,22,2,24,13,24,51,4,92,5,0,5,97
10/27/2012,BIS,ND,AGL,CE,Combined TRACON& Tower with Radar,6,25,10,2,43,0,1,9,0,10,6,26,19,2,53,0,0,0,53
10/28/2012,BIS,ND,AGL,CE,Combined TRACON& Tower with Radar,9,17,18,1,45,0,0,1,0,1,9,17,19,1,46,8,0,8,54
10/29/2012,BIS,ND,AGL,CE,Combined TRACON& Tower with Radar,11,23,28,3,65,0,0,20,0,20,11,23,48,3,85,54,0,54,139
10/30/2012,BIS,ND,AGL,CE,Combined TRACON& Tower with Radar,9,28,39,2,78,0,0,45,6,51,9,28,84,8,129,84,2,86,215
10/31/2012,BIS,ND,AGL,CE,Combined TRACON& Tower with Radar,6,23,25,0,54,0,0,44,0,44,6,23,69,0,98,22,0,22,120
11/01/2012,BIS,ND,AGL,CE,Combined TRACON& Tower with Radar,9,28,35,6,78,0,0,25,13,38,9,28,60,19,116,20,0,20,136
11/02/2012,BIS,ND,AGL,CE,Combined TRACON& Tower with Radar,13,34,24,2,73,0,0,6,0,6,13,34,30,2,79,0,0,0,79
11/03/2012,BIS,ND,AGL,CE,Combined TRACON& Tower with Radar,4,23,7,0,34,0,0,10,5,15,4,23,17,5,49,127,70,197,246
11/04/2012,BIS,ND,AGL,CE,Combined TRACON& Tower with Radar,7,16,8,0,31,0,0,1,0,1,7,16,9,0,32,0,0,0,32
11/05/2012,BIS,ND,AGL,CE,Combined TRACON& Tower with Radar,11,25,34,0,70,0,0,9,2,11,11,25,43,2,81,60,0,60,141
11/06/2012,BIS,ND,AGL,CE,Combined TRACON& Tower with Radar,7,23,49,2,81,0,0,39,6,45,7,23,88,8,126,6,0,6,132
11/07/2012,BIS,ND,AGL,CE,Combined TRACON& Tower with Radar,7,25,53,11,96,0,0,36,14,50,7,25,89,25,146,36,0,36,182
11/08/2012,BIS,ND,AGL,CE,Combined TRACON& Tower with Radar,7,29,60,0,96,0,4,11,2,17,7,33,71,2,113,0,0,0,113
11/09/2012,BIS,ND,AGL,CE,Combined TRACON& Tower with Radar,8,35,10,0,53,0,0,2,0,2,8,35,12,0,55,0,0,0,55
11/10/2012,BIS,ND,AGL,CE,Combined TRACON& Tower with Radar,6,9,3,0,18,0,0,0,0,0,6,9,3,0,18,0,0,0,18
11/11/2012,BIS,ND,AGL,CE,Combined TRACON& Tower with Radar,8,23,9,0,40,0,0,3,0,3,8,23,12,0,43,0,0,0,43
11/12/2012,BIS,ND,AGL,CE,Combined TRACON& Tower with Radar,11,23,16,0,50,0,0,20,0,20,11,23,36,0,70,10,0,10,80
11/13/2012,BIS,ND,AGL,CE,Combined TRACON& Tower with Radar,7,27,51,2,87,0,0,28,4,32,7,27,79,6,119,0,7,7,126
11/14/2012,BIS,ND,AGL,CE,Combined TRACON& Tower with Radar,7,21,46,3,77,0,0,26,2,28,7,21,72,5,105,14,0,14,119
11/15/2012,BIS,ND,AGL,CE,Combined TRACON& Tower with Radar,7,27,39,5,78,0,2,36,12,50,7,29,75,17,128,4,0,4,132
11/16/2012,BIS,ND,AGL,CE,Combined TRACON& Tower with Radar,11,27,32,6,76,0,2,46,2,50,11,29,78,8,126,10,0,10,136
11/17/2012,BIS,ND,AGL,CE,Combined TRACON& Tower with Radar,4,25,9,0,38,0,6,37,0,43,4,31,46,0,81,150,0,150,231
11/18/2012,BIS,ND,AGL,CE,Combined TRACON& Tower with Radar,5,23,9,0,37,0,0,28,0,28,5,23,37,0,65,19,0,19,84
11/19/2012,BIS,ND,AGL,CE,Combined TRACON& Tower with Radar,10,24,35,6,75,0,7,41,1,49,10,31,76,7,124,47,0,47,171
11/20/2012,BIS,ND,AGL,CE,Combined TRACON& Tower with Radar,15,33,45,13,106,0,0,42,17,59,15,33,87,30,165,26,0,26,191
11/21/2012,BIS,ND,AGL,CE,Combined TRACON& Tower with Radar,5,28,15,8,56,0,2,46,5,53,5,30,61,13,109,28,4,32,141
11/22/2012,BIS,ND,AGL,CE,Combined TRACON& Tower with Radar,6,10,0,0,16,0,0,0,0,0,6,10,0,0,16,0,0,0,16
11/23/2012,BIS,ND,AGL,CE,Combined TRACON& Tower with Radar,5,19,13,0,37,0,0,8,0,8,5,19,21,0,45,0,0,0,45
11/24/2012,BIS,ND,AGL,CE,Combined TRACON& Tower with Radar,8,28,12,0,48,0,0,6,0,6,8,28,18,0,54,0,0,0,54
11/25/2012,BIS,ND,AGL,CE,Combined TRACON& Tower with Radar,10,19,10,0,39,0,0,23,0,23,10,19,33,0,62,60,0,60,122
11/26/2012,BIS,ND,AGL,CE,Combined TRACON& Tower with Radar,7,19,23,5,54,0,1,10,4,15,7,20,33,9,69,26,0,26,95
11/27/2012,BIS,ND,AGL,CE,Combined TRACON& Tower with Radar,7,29,57,0,93,0,0,16,3,19,7,29,73,3,112,4,0,4,116
11/28/2012,BIS,ND,AGL,CE,Combined TRACON& Tower with Radar,7,25,21,5,58,0,1,27,21,49,7,26,48,26,107,0,0,0,107
11/29/2012,BIS,ND,AGL,CE,Combined TRACON& Tower with Radar,5,33,23,7,68,0,0,19,12,31,5,33,42,19,99,0,0,0,99
11/30/2012,BIS,ND,AGL,CE,Combined TRACON& Tower with Radar,7,29,25,2,63,0,0,22,0,22,7,29,47,2,85,4,0,4,89
12/01/2012,BIS,ND,AGL,CE,Combined TRACON& Tower with Radar,4,25,19,2,50,0,0,5,3,8,4,25,24,5,58,14,0,14,72
12/02/2012,BIS,ND,AGL,CE,Combined TRACON& Tower with Radar,7,24,7,3,41,0,1,43,3,47,7,25,50,6,88,103,0,103,191
12/03/2012,BIS,ND,AGL,CE,Combined TRACON& Tower with Radar,9,23,25,3,60,0,5,18,0,23,9,28,43,3,83,0,0,0,83
12/04/2012,BIS,ND,AGL,CE,Combined TRACON& Tower with Radar,7,30,40,3,80,0,5,45,2,52,7,35,85,5,132,46,0,46,178
12/05/2012,BIS,ND,AGL,CE,Combined TRACON& Tower with Radar,6,28,41,3,78,0,2,37,5,44,6,30,78,8,122,10,6,16,138
12/06/2012,BIS,ND,AGL,CE,Combined TRACON& Tower with Radar,7,32,41,2,82,0,0,15,13,28,7,32,56,15,110,0,0,0,110
12/07/2012,BIS,ND,AGL,CE,Combined TRACON& Tower with Radar,7,36,44,2,89,0,0,1,1,2,7,36,45,3,91,0,2,2,93
12/08/2012,BIS,ND,AGL,CE,Combined TRACON& Tower with Radar,2,25,11,4,42,0,0,1,0,1,2,25,12,4,43,0,0,0,43
12/09/2012,BIS,ND,AGL,CE,Combined TRACON& Tower with Radar,6,15,6,3,30,0,4,7,4,15,6,19,13,7,45,2,0,2,47
12/10/2012,BIS,ND,AGL,CE,Combined TRACON& Tower with Radar,9,27,36,5,77,0,1,15,1,17,9,28,51,6,94,8,0,8,102
12/11/2012,BIS,ND,AGL,CE,Combined TRACON& Tower with Radar,7,28,49,12,96,0,0,15,15,30,7,28,64,27,126,8,8,16,142
12/12/2012,BIS,ND,AGL,CE,Combined TRACON& Tower with Radar,7,27,40,8,82,0,1,22,8,31,7,28,62,16,113,6,0,6,119
12/13/2012,BIS,ND,AGL,CE,Combined TRACON& Tower with Radar,8,38,50,15,111,0,0,5,7,12,8,38,55,22,123,5,10,15,138
12/14/2012,BIS,ND,AGL,CE,Combined TRACON& Tower with Radar,7,35,57,0,99,0,0,0,0,0,7,35,57,0,99,2,0,2,101
12/15/2012,BIS,ND,AGL,CE,Combined TRACON& Tower with Radar,3,28,21,0,52,0,0,9,0,9,3,28,30,0,61,12,0,12,73
12/16/2012,BIS,ND,AGL,CE,Combined TRACON& Tower with Radar,5,22,30,1,58,0,0,6,0,6,5,22,36,1,64,20,0,20,84
12/17/2012,BIS,ND,AGL,CE,Combined TRACON& Tower with Radar,6,26,34,3,69,0,0,0,0,0,6,26,34,3,69,0,0,0,69
12/18/2012,BIS,ND,AGL,CE,Combined TRACON& Tower with Radar,6,32,43,14,95,0,0,37,3,40,6,32,80,17,135,10,0,10,145
12/19/2012,BIS,ND,AGL,CE,Combined TRACON& Tower with Radar,6,31,49,5,91,0,0,39,12,51,6,31,88,17,142,44,4,48,190
12/20/2012,BIS,ND,AGL,CE,Combined TRACON& Tower with Radar,8,37,46,13,104,0,1,57,23,81,8,38,103,36,185,12,4,16,201
12/21/2012,BIS,ND,AGL,CE,Combined TRACON& Tower with Radar,8,32,18,2,60,0,0,49,7,56,8,32,67,9,116,44,4,48,164
12/22/2012,BIS,ND,AGL,CE,Combined TRACON& Tower with Radar,4,24,5,0,33,0,0,20,0,20,4,24,25,0,53,30,0,30,83
12/23/2012,BIS,ND,AGL,CE,Combined TRACON& Tower with Radar,8,17,16,0,41,0,0,0,0,0,8,17,16,0,41,28,0,28,69
12/24/2012,BIS,ND,AGL,CE,Combined TRACON& Tower with Radar,8,24,3,0,35,0,0,5,0,5,8,24,8,0,40,0,0,0,40
12/25/2012,BIS,ND,AGL,CE,Combined TRACON& Tower with Radar,5,17,2,0,24,0,2,0,0,2,5,19,2,0,26,0,0,0,26
12/26/2012,BIS,ND,AGL,CE,Combined TRACON& Tower with Radar,9,30,4,0,43,0,0,12,0,12,9,30,16,0,55,4,0,4,59
12/27/2012,BIS,ND,AGL,CE,Combined TRACON& Tower with Radar,5,29,30,3,67,0,0,9,9,18,5,29,39,12,85,26,0,26,111
12/28/2012,BIS,ND,AGL,CE,Combined TRACON& Tower with Radar,9,27,20,0,56,0,1,14,0,15,9,28,34,0,71,0,0,0,71
12/29/2012,BIS,ND,AGL,CE,Combined TRACON& Tower with Radar,3,26,17,0,46,0,1,41,0,42,3,27,58,0,88,44,0,44,132
12/30/2012,BIS,ND,AGL,CE,Combined TRACON& Tower with Radar,3,22,1,0,26,0,0,18,0,18,3,22,19,0,44,12,0,12,56
12/31/2012,BIS,ND,AGL,CE,Combined TRACON& Tower with Radar,8,17,16,1,42,0,0,6,0,6,8,17,22,1,48,8,7,15,63
01/01/2013,BIS,ND,AGL,CE,Combined TRACON& Tower with Radar,5,20,6,0,31,0,0,10,0,10,5,20,16,0,41,12,0,12,53
01/02/2013,BIS,ND,AGL,CE,Combined TRACON& Tower with Radar,9,35,17,0,61,0,0,1,5,6,9,35,18,5,67,4,38,42,109
01/03/2013,BIS,ND,AGL,CE,Combined TRACON& Tower with Radar,4,35,30,11,80,0,5,22,16,43,4,40,52,27,123,30,0,30,153
01/04/2013,BIS,ND,AGL,CE,Combined TRACON& Tower with Radar,7,33,18,0,58,0,2,35,6,43,7,35,53,6,101,18,0,18,119
01/05/2013,BIS,ND,AGL,CE,Combined TRACON& Tower with Radar,3,25,17,0,45,0,0,2,0,2,3,25,19,0,47,0,0,0,47
01/06/2013,BIS,ND,AGL,CE,Combined TRACON& Tower with Radar,4,24,16,2,46,0,0,10,3,13,4,24,26,5,59,0,0,0,59
01/07/2013,BIS,ND,AGL,CE,Combined TRACON& Tower with Radar,8,30,18,8,64,0,0,31,0,31,8,30,49,8,95,26,4,30,125
01/08/2013,BIS,ND,AGL,CE,Combined TRACON& Tower with Radar,3,36,43,6,88,0,2,8,6,16,3,38,51,12,104,4,10,14,118
01/09/2013,BIS,ND,AGL,CE,Combined TRACON& Tower with Radar,3,28,35,13,79,0,0,38,14,52,3,28,73,27,131,38,12,50,181
01/10/2013,BIS,ND,AGL,CE,Combined TRACON& Tower with Radar,3,32,35,9,79,0,1,13,12,26,3,33,48,21,105,15,20,35,140
01/11/2013,BIS,ND,AGL,CE,Combined TRACON& Tower with Radar,8,23,6,0,37,0,0,0,0,0,8,23,6,0,37,0,0,0,37
01/12/2013,BIS,ND,AGL,CE,Combined TRACON& Tower with Radar,3,26,22,3,54,0,0,7,10,17,3,26,29,13,71,0,61,61,132
01/13/2013,BIS,ND,AGL,CE,Combined TRACON& Tower with Radar,4,25,7,0,36,0,0,12,1,13,4,25,19,1,49,0,0,0,49
01/14/2013,BIS,ND,AGL,CE,Combined TRACON& Tower with Radar,7,28,21,0,56,0,1,13,3,17,7,29,34,3,73,14,0,14,87
01/15/2013,BIS,ND,AGL,CE,Combined TRACON& Tower with Radar,3,29,52,4,88,0,0,15,4,19,3,29,67,8,107,0,0,0,107
01/16/2013,BIS,ND,AGL,CE,Combined TRACON& Tower with Radar,2,26,38,2,68,0,0,9,5,14,2,26,47,7,82,9,0,9,91
01/17/2013,BIS,ND,AGL,CE,Combined TRACON& Tower with Radar,3,30,45,2,80,0,0,16,13,29,3,30,61,15,109,18,13,31,140
01/18/2013,BIS,ND,AGL,CE,Combined TRACON& Tower with Radar,7,30,26,0,63,0,0,27,0,27,7,30,53,0,90,26,0,26,116
01/19/2013,BIS,ND,AGL,CE,Combined TRACON& Tower with Radar,3,23,5,0,31,0,0,1,0,1,3,23,6,0,32,0,0,0,32
01/20/2013,BIS,ND,AGL,CE,Combined TRACON& Tower with Radar,3,19,2,0,24,0,0,1,0,1,3,19,3,0,25,0,0,0,25
01/21/2013,BIS,ND,AGL,CE,Combined TRACON& Tower with Radar,6,26,34,0,66,0,1,18,0,19,6,27,52,0,85,4,0,4,89
01/22/2013,BIS,ND,AGL,CE,Combined TRACON& Tower with Radar,3,30,31,3,67,0,0,9,5,14,3,30,40,8,81,0,0,0,81
01/23/2013,BIS,ND,AGL,CE,Combined TRACON& Tower with Radar,4,32,27,4,67,0,0,26,6,32,4,32,53,10,99,12,4,16,115
01/24/2013,BIS,ND,AGL,CE,Combined TRACON& Tower with Radar,5,35,34,11,85,0,0,13,3,16,5,35,47,14,101,6,14,20,121
01/25/2013,BIS,ND,AGL,CE,Combined TRACON& Tower with Radar,7,31,20,11,69,0,0,27,3,30,7,31,47,14,99,68,0,68,167
01/26/2013,BIS,ND,AGL,CE,Combined TRACON& Tower with Radar,3,27,15,0,45,0,0,24,0,24,3,27,39,0,69,14,0,14,83
01/27/2013,BIS,ND,AGL,CE,Combined TRACON& Tower with Radar,4,27,29,0,60,0,1,39,0,40,4,28,68,0,100,42,0,42,142
01/28/2013,BIS,ND,AGL,CE,Combined TRACON& Tower with Radar,9,29,34,1,73,0,0,12,2,14,9,29,46,3,87,38,0,38,125
01/29/2013,BIS,ND,AGL,CE,Combined TRACON& Tower with Radar,3,40,42,1,86,0,0,1,0,1,3,40,43,1,87,5,0,5,92
01/30/2013,BIS,ND,AGL,CE,Combined TRACON& Tower with Radar,6,26,24,0,56,0,0,10,0,10,6,26,34,0,66,8,0,8,74
01/31/2013,BIS,ND,AGL,CE,Combined TRACON& Tower with Radar,4,32,38,1,75,0,0,9,2,11,4,32,47,3,86,0,0,0,86
02/01/2013,BIS,ND,AGL,CE,Combined TRACON& Tower with Radar,7,34,28,6,75,0,0,6,2,8,7,34,34,8,83,4,0,4,87
02/02/2013,BIS,ND,AGL,CE,Combined TRACON& Tower with Radar,5,31,7,0,43,0,1,1,0,2,5,32,8,0,45,0,0,0,45
02/03/2013,BIS,ND,AGL,CE,Combined TRACON& Tower with Radar,5,22,14,0,41,0,0,10,0,10,5,22,24,0,51,18,0,18,69
02/04/2013,BIS,ND,AGL,CE,Combined TRACON& Tower with Radar,5,15,18,2,40,0,0,4,2,6,5,15,22,4,46,7,40,47,93
02/05/2013,BIS,ND,AGL,CE,Combined TRACON& Tower with Radar,3,32,49,1,85,0,2,15,6,23,3,34,64,7,108,0,4,4,112
02/06/2013,BIS,ND,AGL,CE,Combined TRACON& Tower with Radar,3,29,45,8,85,0,2,34,8,44,3,31,79,16,129,22,26,48,177
02/07/2013,BIS,ND,AGL,CE,Combined TRACON& Tower with Radar,3,34,29,3,69,0,0,0,0,0,3,34,29,3,69,0,0,0,69
02/08/2013,BIS,ND,AGL,CE,Combined TRACON& Tower with Radar,7,36,26,1,70,0,0,0,0,0,7,36,26,1,70,0,0,0,70
02/09/2013,BIS,ND,AGL,CE,Combined TRACON& Tower with Radar,3,25,8,0,36,0,0,0,0,0,3,25,8,0,36,0,0,0,36
02/10/2013,BIS,ND,AGL,CE,Combined TRACON& Tower with Radar,4,22,7,0,33,0,0,0,0,0,4,22,7,0,33,0,0,0,33
02/11/2013,BIS,ND,AGL,CE,Combined TRACON& Tower with Radar,7,27,25,3,62,0,0,5,0,5,7,27,30,3,67,0,0,0,67
02/12/2013,BIS,ND,AGL,CE,Combined TRACON& Tower with Radar,3,32,45,5,85,0,1,36,4,41,3,33,81,9,126,57,4,61,187
02/13/2013,BIS,ND,AGL,CE,Combined TRACON& Tower with Radar,3,37,43,9,92,0,0,6,1,7,3,37,49,10,99,0,0,0,99
02/14/2013,BIS,ND,AGL,CE,Combined TRACON& Tower with Radar,7,31,43,11,92,0,0,16,11,27,7,31,59,22,119,8,22,30,149
02/15/2013,BIS,ND,AGL,CE,Combined TRACON& Tower with Radar,7,33,22,3,65,0,0,23,9,32,7,33,45,12,97,14,6,20,117
02/16/2013,BIS,ND,AGL,CE,Combined TRACON& Tower with Radar,3,28,9,0,40,0,0,22,0,22,3,28,31,0,62,102,0,102,164
02/17/2013,BIS,ND,AGL,CE,Combined TRACON& Tower with Radar,7,21,12,2,42,0,0,15,0,15,7,21,27,2,57,39,0,39,96
02/18/2013,BIS,ND,AGL,CE,Combined TRACON& Tower with Radar,7,29,17,0,53,0,0,4,0,4,7,29,21,0,57,10,0,10,67
02/19/2013,BIS,ND,AGL,CE,Combined TRACON& Tower with Radar,3,31,38,1,73,0,0,27,4,31,3,31,65,5,104,46,6,52,156
02/20/2013,BIS,ND,AGL,CE,Combined TRACON& Tower with Radar,3,33,24,2,62,0,0,23,0,23,3,33,47,2,85,0,0,0,85
02/21/2013,BIS,ND,AGL,CE,Combined TRACON& Tower with Radar,6,33,30,12,81,0,0,5,13,18,6,33,35,25,99,12,0,12,111
02/22/2013,BIS,ND,AGL,CE,Combined TRACON& Tower with Radar,7,34,17,1,59,0,3,21,3,27,7,37,38,4,86,14,0,14,100
02/23/2013,BIS,ND,AGL,CE,Combined TRACON& Tower with Radar,3,28,21,0,52,4,0,45,0,49,7,28,66,0,101,66,0,66,167
02/24/2013,BIS,ND,AGL,CE,Combined TRACON& Tower with Radar,5,21,16,0,42,0,0,23,0,23,5,21,39,0,65,48,0,48,113
02/25/2013,BIS,ND,AGL,CE,Combined TRACON& Tower with Radar,7,25,30,2,64,0,4,56,2,62,7,29,86,4,126,70,0,70,196
02/26/2013,BIS,ND,AGL,CE,Combined TRACON& Tower with Radar,5,32,28,4,69,0,0,40,11,51,5,32,68,15,120,48,4,52,172
02/27/2013,BIS,ND,AGL,CE,Combined TRACON& Tower with Radar,3,30,40,7,80,0,0,11,11,22,3,30,51,18,102,0,12,12,114
02/28/2013,BIS,ND,AGL,CE,Combined TRACON& Tower with Radar,5,36,62,8,111,0,0,22,7,29,5,36,84,15,140,14,10,24,164
03/01/2013,BIS,ND,AGL,CE,Combined TRACON& Tower with Radar,7,31,33,3,74,0,1,7,8,16,7,32,40,11,90,0,6,6,96
03/02/2013,BIS,ND,AGL,CE,Combined TRACON& Tower with Radar,4,30,23,4,61,0,2,47,7,56,4,32,70,11,117,6,2,8,125
03/03/2013,BIS,ND,AGL,CE,Combined TRACON& Tower with Radar,8,19,4,2,33,0,2,4,0,6,8,21,8,2,39,0,0,0,39
03/04/2013,BIS,ND,AGL,CE,Combined TRACON& Tower with Radar,9,23,13,1,46,0,0,1,0,1,9,23,14,1,47,0,0,0,47
03/05/2013,BIS,ND,AGL,CE,Combined TRACON& Tower with Radar,5,26,30,4,65,0,0,7,1,8,5,26,37,5,73,0,0,0,73
03/06/2013,BIS,ND,AGL,CE,Combined TRACON& Tower with Radar,6,29,39,2,76,0,0,20,1,21,6,29,59,3,97,10,0,10,107
03/07/2013,BIS,ND,AGL,CE,Combined TRACON& Tower with Radar,9,29,36,0,74,0,0,6,5,11,9,29,42,5,85,8,34,42,127
03/08/2013,BIS,ND,AGL,CE,Combined TRACON& Tower with Radar,10,25,29,0,64,0,0,21,0,21,10,25,50,0,85,24,0,24,109
03/09/2013,BIS,ND,AGL,CE,Combined TRACON& Tower with Radar,6,26,11,0,43,0,0,4,0,4,6,26,15,0,47,0,0,0,47
03/10/2013,BIS,ND,AGL,CE,Combined TRACON& Tower with Radar,9,20,29,0,58,0,0,57,4,61,9,20,86,4,119,110,0,110,229
03/11/2013,BIS,ND,AGL,CE,Combined TRACON& Tower with Radar,11,21,36,6,74,0,0,15,5,20,11,21,51,11,94,20,0,20,114
03/12/2013,BIS,ND,AGL,CE,Combined TRACON& Tower with Radar,7,28,41,1,77,0,0,14,1,15,7,28,55,2,92,30,0,30,122
03/13/2013,BIS,ND,AGL,CE,Combined TRACON& Tower with Radar,5,27,62,0,94,0,0,39,4,43,5,27,101,4,137,28,0,28,165
03/14/2013,BIS,ND,AGL,CE,Combined TRACON& Tower with Radar,9,30,44,3,86,0,0,33,7,40,9,30,77,10,126,20,0,20,146
03/15/2013,BIS,ND,AGL,CE,Combined TRACON& Tower with Radar,10,27,31,0,68,0,0,6,0,6,10,27,37,0,74,17,20,37,111
03/16/2013,BIS,ND,AGL,CE,Combined TRACON& Tower with Radar,7,28,6,0,41,0,0,16,0,16,7,28,22,0,57,48,0,48,105
03/17/2013,BIS,ND,AGL,CE,Combined TRACON& Tower with Radar,7,20,7,0,34,0,0,1,0,1,7,20,8,0,35,0,0,0,35
03/18/2013,BIS,ND,AGL,CE,Combined TRACON& Tower with Radar,9,25,20,0,54,0,0,23,1,24,9,25,43,1,78,42,4,46,124
03/19/2013,BIS,ND,AGL,CE,Combined TRACON& Tower with Radar,7,28,49,0,84,0,0,27,2,29,7,28,76,2,113,34,6,40,153
03/20/2013,BIS,ND,AGL,CE,Combined TRACON& Tower with Radar,5,28,57,8,98,0,6,47,7,60,5,34,104,15,158,44,0,44,202
03/21/2013,BIS,ND,AGL,CE,Combined TRACON& Tower with Radar,9,26,55,7,97,0,3,23,8,34,9,29,78,15,131,4,0,4,135
03/22/2013,BIS,ND,AGL,CE,Combined TRACON& Tower with Radar,12,27,23,0,62,0,0,2,0,2,12,27,25,0,64,0,0,0,64
03/23/2013,BIS,ND,AGL,CE,Combined TRACON& Tower with Radar,6,25,16,0,47,0,2,0,0,2,6,27,16,0,49,0,0,0,49
03/24/2013,BIS,ND,AGL,CE,Combined TRACON& Tower with Radar,7,18,8,3,36,0,0,0,0,0,7,18,8,3,36,0,0,0,36
03/25/2013,BIS,ND,AGL,CE,Combined TRACON& Tower with Radar,9,19,40,2,70,0,2,34,2,38,9,21,74,4,108,42,0,42,150
03/26/2013,BIS,ND,AGL,CE,Combined TRACON& Tower with Radar,5,31,66,3,105,0,0,97,5,102,5,31,163,8,207,74,22,96,303
03/27/2013,BIS,ND,AGL,CE,Combined TRACON& Tower with Radar,5,25,55,7,92,0,2,47,0,49,5,27,102,7,141,32,0,32,173
03/28/2013,BIS,ND,AGL,CE,Combined TRACON& Tower with Radar,13,35,58,0,106,0,0,8,16,24,13,35,66,16,130,4,10,14,144
03/29/2013,BIS,ND,AGL,CE,Combined TRACON& Tower with Radar,11,22,11,2,46,0,0,7,0,7,11,22,18,2,53,0,0,0,53
03/30/2013,BIS,ND,AGL,CE,Combined TRACON& Tower with Radar,5,35,11,0,51,0,0,13,0,13,5,35,24,0,64,20,4,24,88
03/31/2013,BIS,ND,AGL,CE,Combined TRACON& Tower with Radar,8,14,7,0,29,0,0,15,1,16,8,14,22,1,45,42,0,42,87
04/01/2013,BIS,ND,AGL,CE,Combined TRACON& Tower with Radar,8,20,30,0,58,0,1,46,0,47,8,21,76,0,105,91,0,91,196
04/02/2013,BIS,ND,AGL,CE,Combined TRACON& Tower with Radar,3,30,65,1,99,0,7,37,3,47,3,37,102,4,146,18,2,20,166
04/03/2013,BIS,ND,AGL,CE,Combined TRACON& Tower with Radar,3,31,29,1,64,0,1,27,5,33,3,32,56,6,97,18,4,22,119
04/04/2013,BIS,ND,AGL,CE,Combined TRACON& Tower with Radar,5,26,38,11,80,0,2,35,9,46,5,28,73,20,126,18,0,18,144
04/05/2013,BIS,ND,AGL,CE,Combined TRACON& Tower with Radar,7,32,35,3,77,0,1,20,0,21,7,33,55,3,98,8,0,8,106
04/06/2013,BIS,ND,AGL,CE,Combined TRACON& Tower with Radar,2,32,12,2,48,0,2,9,0,11,2,34,21,2,59,34,0,34,93
04/07/2013,BIS,ND,AGL,CE,Combined TRACON& Tower with Radar,7,24,15,0,46,0,3,5,0,8,7,27,20,0,54,8,0,8,62
04/08/2013,BIS,ND,AGL,CE,Combined TRACON& Tower with Radar,11,25,16,2,54,0,0,2,0,2,11,25,18,2,56,0,0,0,56
04/09/2013,BIS,ND,AGL,CE,Combined TRACON& Tower with Radar,7,21,28,3,59,0,1,31,11,43,7,22,59,14,102,4,4,8,110
04/10/2013,BIS,ND,AGL,CE,Combined TRACON& Tower with Radar,4,28,39,4,75,0,0,40,0,40,4,28,79,4,115,8,0,8,123
04/11/2013,BIS,ND,AGL,CE,Combined TRACON& Tower with Radar,7,30,38,5,80,0,1,25,5,31,7,31,63,10,111,50,0,50,161
04/12/2013,BIS,ND,AGL,CE,Combined TRACON& Tower with Radar,10,24,35,0,69,0,0,7,3,10,10,24,42,3,79,14,0,14,93
04/13/2013,BIS,ND,AGL,CE,Combined TRACON& Tower with Radar,3,24,8,0,35,0,0,2,0,2,3,24,10,0,37,0,0,0,37
04/14/2013,BIS,ND,AGL,CE,Combined TRACON& Tower with Radar,0,2,0,0,2,0,0,0,0,0,0,2,0,0,2,0,0,0,2
04/15/2013,BIS,ND,AGL,CE,Combined TRACON& Tower with Radar,10,24,13,0,47,0,0,0,0,0,10,24,13,0,47,0,0,0,47
04/16/2013,BIS,ND,AGL,CE,Combined TRACON& Tower with Radar,7,27,36,2,72,0,2,14,3,19,7,29,50,5,91,0,30,30,121
04/17/2013,BIS,ND,AGL,CE,Combined TRACON& Tower with Radar,5,34,50,1,90,0,0,22,12,34,5,34,72,13,124,16,17,33,157
04/18/2013,BIS,ND,AGL,CE,Combined TRACON& Tower with Radar,6,26,37,10,79,0,1,22,13,36,6,27,59,23,115,14,8,22,137
04/19/2013,BIS,ND,AGL,CE,Combined TRACON& Tower with Radar,11,29,42,1,83,0,0,25,4,29,11,29,67,5,112,8,0,8,120
04/20/2013,BIS,ND,AGL,CE,Combined TRACON& Tower with Radar,5,24,5,1,35,0,0,10,12,22,5,24,15,13,57,32,26,58,115
04/21/2013,BIS,ND,AGL,CE,Combined TRACON& Tower with Radar,7,16,8,1,32,0,0,0,0,0,7,16,8,1,32,0,0,0,32
04/22/2013,BIS,ND,AGL,CE,Combined TRACON& Tower with Radar,11,25,24,1,61,0,1,21,3,25,11,26,45,4,86,74,0,74,160
04/23/2013,BIS,ND,AGL,CE,Combined TRACON& Tower with Radar,9,32,37,1,79,0,2,59,9,70,9,34,96,10,149,92,0,92,241
04/24/2013,BIS,ND,AGL,CE,Combined TRACON& Tower with Radar,5,31,38,1,75,0,0,11,1,12,5,31,49,2,87,4,0,4,91
04/25/2013,BIS,ND,AGL,CE,Combined TRACON& Tower with Radar,7,32,31,11,81,0,2,49,13,64,7,34,80,24,145,45,13,58,203
04/26/2013,BIS,ND,AGL,CE,Combined TRACON& Tower with Radar,12,36,37,0,85,0,2,89,1,92,12,38,126,1,177,74,8,82,259
04/27/2013,BIS,ND,AGL,CE,Combined TRACON& Tower with Radar,3,26,27,2,58,0,3,60,0,63,3,29,87,2,121,28,0,28,149
04/28/2013,BIS,ND,AGL,CE,Combined TRACON& Tower with Radar,7,18,6,2,33,0,0,32,0,32,7,18,38,2,65,63,0,63,128
04/29/2013,BIS,ND,AGL,CE,Combined TRACON& Tower with Radar,12,23,29,2,66,0,2,18,0,20,12,25,47,2,86,2,0,2,88
04/30/2013,BIS,ND,AGL,CE,Combined TRACON& Tower with Radar,7,31,33,3,74,0,0,12,0,12,7,31,45,3,86,14,0,14,100
05/01/2013,BIS,ND,AGL,CE,Combined TRACON& Tower with Radar,7,29,34,5,75,0,1,49,11,61,7,30,83,16,136,34,0,34,170
05/02/2013,BIS,ND,AGL,CE,Combined TRACON& Tower with Radar,11,25,40,9,85,0,1,51,6,58,11,26,91,15,143,46,0,46,189
05/03/2013,BIS,ND,AGL,CE,Combined TRACON& Tower with Radar,11,29,34,4,78,0,0,66,4,70,11,29,100,8,148,64,0,64,212
05/04/2013,BIS,ND,AGL,CE,Combined TRACON& Tower with Radar,5,21,20,6,52,0,2,107,13,122,5,23,127,19,174,72,12,84,258
05/05/2013,BIS,ND,AGL,CE,Combined TRACON& Tower with Radar,7,18,10,3,38,0,0,51,22,73,7,18,61,25,111,104,8,112,223
05/06/2013,BIS,ND,AGL,CE,Combined TRACON& Tower with Radar,11,25,33,4,73,0,0,39,7,46,11,25,72,11,119,31,0,31,150
05/07/2013,BIS,ND,AGL,CE,Combined TRACON& Tower with Radar,7,30,30,7,74,0,2,57,4,63,7,32,87,11,137,46,0,46,183
05/08/2013,BIS,ND,AGL,CE,Combined TRACON& Tower with Radar,7,30,34,1,72,0,1,40,2,43,7,31,74,3,115,50,0,50,165
05/09/2013,BIS,ND,AGL,CE,Combined TRACON& Tower with Radar,7,30,44,7,88,0,0,32,16,48,7,30,76,23,136,15,0,15,151
05/10/2013,BIS,ND,AGL,CE,Combined TRACON& Tower with Radar,11,33,30,0,74,0,3,15,0,18,11,36,45,0,92,10,0,10,102
05/11/2013,BIS,ND,AGL,CE,Combined TRACON& Tower with Radar,5,25,8,0,38,0,1,32,0,33,5,26,40,0,71,48,0,48,119
05/12/2013,BIS,ND,AGL,CE,Combined TRACON& Tower with Radar,9,16,7,0,32,0,1,38,0,39,9,17,45,0,71,101,0,101,172
05/13/2013,BIS,ND,AGL,CE,Combined TRACON& Tower with Radar,11,27,40,0,78,0,0,16,0,16,11,27,56,0,94,0,0,0,94
05/14/2013,BIS,ND,AGL,CE,Combined TRACON& Tower with Radar,7,29,45,4,85,0,0,12,3,15,7,29,57,7,100,4,10,14,114
05/15/2013,BIS,ND,AGL,CE,Combined TRACON& Tower with Radar,5,17,28,0,50,0,0,42,2,44,5,17,70,2,94,57,28,85,179
05/16/2013,BIS,ND,AGL,CE,Combined TRACON& Tower with Radar,8,30,49,6,93,0,0,11,9,20,8,30,60,15,113,12,16,28,141
05/17/2013,BIS,ND,AGL,CE,Combined TRACON& Tower with Radar,11,33,38,2,84,0,2,21,7,30,11,35,59,9,114,17,4,21,135
05/18/2013,BIS,ND,AGL,CE,Combined TRACON& Tower with Radar,5,22,3,0,30,0,0,11,0,11,5,22,14,0,41,73,0,73,114
05/19/2013,BIS,ND,AGL,CE,Combined TRACON& Tower with Radar,9,14,4,2,29,0,0,0,1,1,9,14,4,3,30,0,0,0,30
05/20/2013,BIS,ND,AGL,CE,Combined TRACON& Tower with Radar,11,23,28,2,64,0,0,0,0,0,11,23,28,2,64,0,0,0,64
05/21/2013,BIS,ND,AGL,CE,Combined TRACON& Tower with Radar,11,29,60,6,106,0,0,6,0,6,11,29,66,6,112,78,6,84,196
05/22/2013,BIS,ND,AGL,CE,Combined TRACON& Tower with Radar,9,29,54,4,96,0,0,53,5,58,9,29,107,9,154,71,4,75,229
05/23/2013,BIS,ND,AGL,CE,Combined TRACON& Tower with Radar,9,29,58,4,100,0,2,77,12,91,9,31,135,16,191,34,0,34,225
05/24/2013,BIS,ND,AGL,CE,Combined TRACON& Tower with Radar,11,35,21,5,72,0,1,17,2,20,11,36,38,7,92,31,0,31,123
05/25/2013,BIS,ND,AGL,CE,Combined TRACON& Tower with Radar,6,22,20,0,48,0,0,9,0,9,6,22,29,0,57,26,0,26,83
05/26/2013,BIS,ND,AGL,CE,Combined TRACON& Tower with Radar,10,10,8,0,28,0,0,8,0,8,10,10,16,0,36,48,0,48,84
05/27/2013,BIS,ND,AGL,CE,Combined TRACON& Tower with Radar,11,18,7,0,36,0,0,0,0,0,11,18,7,0,36,0,0,0,36
05/28/2013,BIS,ND,AGL,CE,Combined TRACON& Tower with Radar,7,25,33,0,65,0,3,33,0,36,7,28,66,0,101,74,0,74,175
05/29/2013,BIS,ND,AGL,CE,Combined TRACON& Tower with Radar,7,29,51,4,91,0,2,44,8,54,7,31,95,12,145,49,14,63,208
05/30/2013,BIS,ND,AGL,CE,Combined TRACON& Tower with Radar,9,38,44,2,93,0,0,9,1,10,9,38,53,3,103,0,0,0,103
05/31/2013,BIS,ND,AGL,CE,Combined TRACON& Tower with Radar,10,34,36,2,82,0,0,4,1,5,10,34,40,3,87,0,12,12,99
06/01/2013,BIS,ND,AGL,CE,Combined TRACON& Tower with Radar,6,22,18,3,49,0,0,13,10,23,6,22,31,13,72,2,46,48,120
06/02/2013,BIS,ND,AGL,CE,Combined TRACON& Tower with Radar,9,17,14,0,40,0,1,58,5,64,9,18,72,5,104,88,48,136,240
06/03/2013,BIS,ND,AGL,CE,Combined TRACON& Tower with Radar,11,21,28,0,60,0,0,6,0,6,11,21,34,0,66,14,0,14,80
06/04/2013,BIS,ND,AGL,CE,Combined TRACON& Tower with Radar,7,33,38,4,82,0,0,14,2,16,7,33,52,6,98,3,18,21,119
06/05/2013,BIS,ND,AGL,CE,Combined TRACON& Tower with Radar,7,27,38,0,72,0,0,13,5,18,7,27,51,5,90,24,0,24,114
06/06/2013,BIS,ND,AGL,CE,Combined TRACON& Tower with Radar,9,35,35,8,87,0,5,69,16,90,9,40,104,24,177,8,14,22,199
06/07/2013,BIS,ND,AGL,CE,Combined TRACON& Tower with Radar,11,31,42,1,85,0,0,41,1,42,11,31,83,2,127,50,2,52,179
06/08/2013,BIS,ND,AGL,CE,Combined TRACON& Tower with Radar,6,22,19,3,50,0,0,6,8,14,6,22,25,11,64,0,0,0,64
06/09/2013,BIS,ND,AGL,CE,Combined TRACON& Tower with Radar,9,17,14,0,40,0,1,64,3,68,9,18,78,3,108,131,0,131,239
06/10/2013,BIS,ND,AGL,CE,Combined TRACON& Tower with Radar,7,24,35,3,69,0,1,42,2,45,7,25,77,5,114,44,0,44,158
06/11/2013,BIS,ND,AGL,CE,Combined TRACON& Tower with Radar,5,33,48,3,89,0,5,40,11,56,5,38,88,14,145,26,0,26,171
06/12/2013,BIS,ND,AGL,CE,Combined TRACON& Tower with Radar,4,41,49,5,99,0,11,48,3,62,4,52,97,8,161,0,34,34,195
06/13/2013,BIS,ND,AGL,CE,Combined TRACON& Tower with Radar,6,34,63,10,113,0,5,60,25,90,6,39,123,35,203,14,26,40,243
06/14/2013,BIS,ND,AGL,CE,Combined TRACON& Tower with Radar,10,40,45,4,99,0,0,38,2,40,10,40,83,6,139,36,0,36,175
06/15/2013,BIS,ND,AGL,CE,Combined TRACON& Tower with Radar,2,27,10,0,39,0,1,28,0,29,2,28,38,0,68,37,0,37,105
06/16/2013,BIS,ND,AGL,CE,Combined TRACON& Tower with Radar,6,26,4,0,36,0,4,25,0,29,6,30,29,0,65,54,0,54,119
06/17/2013,BIS,ND,AGL,CE,Combined TRACON& Tower with Radar,8,27,38,4,77,0,0,12,0,12,8,27,50,4,89,0,0,0,89
06/18/2013,BIS,ND,AGL,CE,Combined TRACON& Tower with Radar,6,30,43,2,81,0,6,46,4,56,6,36,89,6,137,32,0,32,169
06/19/2013,BIS,ND,AGL,CE,Combined TRACON& Tower with Radar,4,33,42,2,81,0,0,29,3,32,4,33,71,5,113,12,0,12,125
06/20/2013,BIS,ND,AGL,CE,Combined TRACON& Tower with Radar,4,32,36,0,72,0,2,24,3,29,4,34,60,3,101,16,0,16,117
06/21/2013,BIS,ND,AGL,CE,Combined TRACON& Tower with Radar,7,32,54,2,95,0,0,3,0,3,7,32,57,2,98,0,0,0,98
06/22/2013,BIS,ND,AGL,CE,Combined TRACON& Tower with Radar,3,34,12,0,49,0,0,23,0,23,3,34,35,0,72,0,0,0,72
06/23/2013,BIS,ND,AGL,CE,Combined TRACON& Tower with Radar,5,22,7,0,34,0,0,10,0,10,5,22,17,0,44,10,0,10,54
06/24/2013,BIS,ND,AGL,CE,Combined TRACON& Tower with Radar,8,24,59,6,97,0,1,73,3,77,8,25,132,9,174,72,4,76,250
06/25/2013,BIS,ND,AGL,CE,Combined TRACON& Tower with Radar,4,34,44,0,82,0,2,17,4,23,4,36,61,4,105,4,0,4,109
06/26/2013,BIS,ND,AGL,CE,Combined TRACON& Tower with Radar,8,36,41,0,85,0,2,49,0,51,8,38,90,0,136,10,0,10,146
06/27/2013,BIS,ND,AGL,CE,Combined TRACON& Tower with Radar,4,33,39,2,78,0,1,52,8,61,4,34,91,10,139,30,0,30,169
06/28/2013,BIS,ND,AGL,CE,Combined TRACON& Tower with Radar,10,28,34,4,76,0,3,59,1,63,10,31,93,5,139,72,0,72,211
06/29/2013,BIS,ND,AGL,CE,Combined TRACON& Tower with Radar,2,27,12,0,41,0,4,38,0,42,2,31,50,0,83,60,0,60,143
06/30/2013,BIS,ND,AGL,CE,Combined TRACON& Tower with Radar,3,16,15,0,34,0,2,54,0,56,3,18,69,0,90,96,0,96,186
07/01/2013,BIS,ND,AGL,CE,Combined TRACON& Tower with Radar,9,24,25,4,62,0,2,61,6,69,9,26,86,10,131,51,6,57,188
07/02/2013,BIS,ND,AGL,CE,Combined TRACON& Tower with Radar,9,29,30,0,68,0,2,68,2,72,9,31,98,2,140,60,0,60,200
07/03/2013,BIS,ND,AGL,CE,Combined TRACON& Tower with Radar,7,30,19,0,56,0,4,51,0,55,7,34,70,0,111,48,0,48,159
07/04/2013,BIS,ND,AGL,CE,Combined TRACON& Tower with Radar,5,12,8,0,25,0,0,23,0,23,5,12,31,0,48,16,0,16,64
07/05/2013,BIS,ND,AGL,CE,Combined TRACON& Tower with Radar,11,28,17,0,56,0,0,30,0,30,11,28,47,0,86,26,0,26,112
07/06/2013,BIS,ND,AGL,CE,Combined TRACON& Tower with Radar,2,30,19,0,51,0,4,34,0,38,2,34,53,0,89,66,0,66,155
07/07/2013,BIS,ND,AGL,CE,Combined TRACON& Tower with Radar,4,22,19,0,45,0,1,27,0,28,4,23,46,0,73,87,0,87,160
07/08/2013,BIS,ND,AGL,CE,Combined TRACON& Tower with Radar,8,28,39,2,77,0,2,49,0,51,8,30,88,2,128,88,0,88,216
07/09/2013,BIS,ND,AGL,CE,Combined TRACON& Tower with Radar,4,38,54,5,101,0,1,39,4,44,4,39,93,9,145,54,8,62,207
07/10/2013,BIS,ND,AGL,CE,Combined TRACON& Tower with Radar,8,39,42,0,89,0,0,67,6,73,8,39,109,6,162,96,0,96,258
07/11/2013,BIS,ND,AGL,CE,Combined TRACON& Tower with Radar,4,38,54,0,96,0,0,51,11,62,4,38,105,11,158,8,25,33,191
07/12/2013,BIS,ND,AGL,CE,Combined TRACON& Tower with Radar,8,33,29,4,74,0,0,40,8,48,8,33,69,12,122,32,4,36,158
07/13/2013,BIS,ND,AGL,CE,Combined TRACON& Tower with Radar,2,25,21,3,51,0,1,34,4,39,2,26,55,7,90,28,0,28,118
07/14/2013,BIS,ND,AGL,CE,Combined TRACON& Tower with Radar,4,20,30,2,56,0,1,24,1,26,4,21,54,3,82,30,0,30,112
07/15/2013,BIS,ND,AGL,CE,Combined TRACON& Tower with Radar,9,26,53,2,90,0,8,7,2,17,9,34,60,4,107,12,0,12,119
07/16/2013,BIS,ND,AGL,CE,Combined TRACON& Tower with Radar,4,42,52,3,101,0,1,58,8,67,4,43,110,11,168,52,80,132,300
07/17/2013,BIS,ND,AGL,CE,Combined TRACON& Tower with Radar,4,36,41,2,83,0,3,42,19,64,4,39,83,21,147,82,4,86,233
07/18/2013,BIS,ND,AGL,CE,Combined TRACON& Tower with Radar,4,34,47,1,86,0,3,46,7,56,4,37,93,8,142,6,8,14,156
07/19/2013,BIS,ND,AGL,CE,Combined TRACON& Tower with Radar,7,31,36,2,76,0,0,52,1,53,7,31,88,3,129,54,0,54,183
07/20/2013,BIS,ND,AGL,CE,Combined TRACON& Tower with Radar,2,26,9,0,37,0,1,19,0,20,2,27,28,0,57,82,0,82,139
07/21/2013,BIS,ND,AGL,CE,Combined TRACON& Tower with Radar,4,20,5,2,31,0,1,30,1,32,4,21,35,3,63,68,0,68,131
07/22/2013,BIS,ND,AGL,CE,Combined TRACON& Tower with Radar,8,24,35,0,67,0,8,52,2,62,8,32,87,2,129,72,0,72,201
07/23/2013,BIS,ND,AGL,CE,Combined TRACON& Tower with Radar,4,30,43,3,80,0,4,55,5,64,4,34,98,8,144,50,12,62,206
07/24/2013,BIS,ND,AGL,CE,Combined TRACON& Tower with Radar,4,28,65,4,101,0,2,48,13,63,4,30,113,17,164,34,8,42,206
07/25/2013,BIS,ND,AGL,CE,Combined TRACON& Tower with Radar,4,34,58,2,98,0,4,36,9,49,4,38,94,11,147,4,0,4,151
07/26/2013,BIS,ND,AGL,CE,Combined TRACON& Tower with Radar,8,36,35,0,79,0,1,45,1,47,8,37,80,1,126,16,4,20,146
07/27/2013,BIS,ND,AGL,CE,Combined TRACON& Tower with Radar,4,28,23,0,55,0,0,87,0,87,4,28,110,0,142,102,0,102,244
07/28/2013,BIS,ND,AGL,CE,Combined TRACON& Tower with Radar,4,27,22,0,53,0,0,48,0,48,4,27,70,0,101,28,10,38,139
07/29/2013,BIS,ND,AGL,CE,Combined TRACON& Tower with Radar,8,28,37,2,75,0,0,28,6,34,8,28,65,8,109,50,2,52,161
07/30/2013,BIS,ND,AGL,CE,Combined TRACON& Tower with Radar,4,33,36,0,73,0,2,30,8,40,4,35,66,8,113,52,52,104,217
07/31/2013,BIS,ND,AGL,CE,Combined TRACON& Tower with Radar,4,32,43,2,81,0,2,50,6,58,4,34,93,8,139,26,2,28,167
08/01/2013,BIS,ND,AGL,CE,Combined TRACON& Tower with Radar,4,35,29,0,68,0,2,76,6,84,4,37,105,6,152,28,10,38,190
08/02/2013,BIS,ND,AGL,CE,Combined TRACON& Tower with Radar,8,35,26,0,69,0,1,38,3,42,8,36,64,3,111,56,0,56,167
08/03/2013,BIS,ND,AGL,CE,Combined TRACON& Tower with Radar,2,27,27,0,56,0,0,34,0,34,2,27,61,0,90,58,0,58,148
08/04/2013,BIS,ND,AGL,CE,Combined TRACON& Tower with Radar,4,17,13,0,34,0,0,28,0,28,4,17,41,0,62,102,0,102,164
08/05/2013,BIS,ND,AGL,CE,Combined TRACON& Tower with Radar,8,29,51,0,88,0,2,37,4,43,8,31,88,4,131,46,4,50,181
08/06/2013,BIS,ND,AGL,CE,Combined TRACON& Tower with Radar,4,31,33,3,71,0,0,38,2,40,4,31,71,5,111,36,8,44,155
08/07/2013,BIS,ND,AGL,CE,Combined TRACON& Tower with Radar,4,33,50,0,87,0,10,33,1,44,4,43,83,1,131,34,38,72,203
08/08/2013,BIS,ND,AGL,CE,Combined TRACON& Tower with Radar,4,32,58,2,96,0,1,40,7,48,4,33,98,9,144,32,0,32,176
08/09/2013,BIS,ND,AGL,CE,Combined TRACON& Tower with Radar,8,30,36,4,78,0,0,47,1,48,8,30,83,5,126,26,0,26,152
08/10/2013,BIS,ND,AGL,CE,Combined TRACON& Tower with Radar,2,25,18,0,45,0,0,43,0,43,2,25,61,0,88,4,0,4,92
08/11/2013,BIS,ND,AGL,CE,Combined TRACON& Tower with Radar,4,19,12,0,35,0,4,34,0,38,4,23,46,0,73,89,0,89,162
08/12/2013,BIS,ND,AGL,CE,Combined TRACON& Tower with Radar,8,24,25,1,58,0,2,38,1,41,8,26,63,2,99,12,0,12,111
08/13/2013,BIS,ND,AGL,CE,Combined TRACON& Tower with Radar,4,29,51,1,85,0,7,54,0,61,4,36,105,1,146,58,0,58,204
08/14/2013,BIS,ND,AGL,CE,Combined TRACON& Tower with Radar,4,36,46,0,86,0,2,38,6,46,4,38,84,6,132,36,0,36,168
08/15/2013,BIS,ND,AGL,CE,Combined TRACON& Tower with Radar,8,32,41,2,83,0,3,38,31,72,8,35,79,33,155,44,0,44,199
08/16/2013,BIS,ND,AGL,CE,Combined TRACON& Tower with Radar,4,27,43,0,74,0,3,29,5,37,4,30,72,5,111,12,0,12,123
08/17/2013,BIS,ND,AGL,CE,Combined TRACON& Tower with Radar,2,27,19,2,50,0,3,33,0,36,2,30,52,2,86,96,0,96,182
08/18/2013,BIS,ND,AGL,CE,Combined TRACON& Tower with Radar,6,17,5,2,30,0,7,39,1,47,6,24,44,3,77,82,0,82,159
08/19/2013,BIS,ND,AGL,CE,Combined TRACON& Tower with Radar,6,24,42,0,72,0,0,38,1,39,6,24,80,1,111,42,0,42,153
08/20/2013,BIS,ND,AGL,CE,Combined TRACON& Tower with Radar,6,33,37,2,78,0,2,72,2,76,6,35,109,4,154,118,0,118,272
08/21/2013,BIS,ND,AGL,CE,Combined TRACON& Tower with Radar,7,31,28,0,66,0,3,46,0,49,7,34,74,0,115,50,0,50,165
08/22/2013,BIS,ND,AGL,CE,Combined TRACON& Tower with Radar,13,31,61,0,105,0,2,56,11,69,13,33,117,11,174,30,26,56,230
08/23/2013,BIS,ND,AGL,CE,Combined TRACON& Tower with Radar,7,26,60,4,97,0,0,40,3,43,7,26,100,7,140,4,0,4,144
08/24/2013,BIS,ND,AGL,CE,Combined TRACON& Tower with Radar,2,26,31,0,59,0,0,21,4,25,2,26,52,4,84,28,0,28,112
08/25/2013,BIS,ND,AGL,CE,Combined TRACON& Tower with Radar,11,16,6,2,35,0,0,44,2,46,11,16,50,4,81,67,0,67,148
08/26/2013,BIS,ND,AGL,CE,Combined TRACON& Tower with Radar,7,22,32,2,63,0,0,16,5,21,7,22,48,7,84,12,7,19,103
08/27/2013,BIS,ND,AGL,CE,Combined TRACON& Tower with Radar,7,40,39,11,97,0,2,37,0,39,7,42,76,11,136,8,10,18,154
08/28/2013,BIS,ND,AGL,CE,Combined TRACON& Tower with Radar,7,32,50,6,95,0,0,43,9,52,7,32,93,15,147,48,22,70,217
08/29/2013,BIS,ND,AGL,CE,Combined TRACON& Tower with Radar,11,30,30,1,72,0,3,40,10,53,11,33,70,11,125,0,12,12,137
08/30/2013,BIS,ND,AGL,CE,Combined TRACON& Tower with Radar,7,28,20,0,55,0,0,23,2,25,7,28,43,2,80,8,0,8,88
08/31/2013,BIS,ND,AGL,CE,Combined TRACON& Tower with Radar,2,25,10,0,37,0,2,15,0,17,2,27,25,0,54,54,0,54,108
09/01/2013,BIS,ND,AGL,CE,Combined TRACON& Tower with Radar,10,13,15,0,38,0,5,41,0,46,10,18,56,0,84,80,5,85,169
09/02/2013,BIS,ND,AGL,CE,Combined TRACON& Tower with Radar,4,16,15,0,35,0,1,61,0,62,4,17,76,0,97,24,0,24,121
09/03/2013,BIS,ND,AGL,CE,Combined TRACON& Tower with Radar,3,29,37,2,71,0,3,35,2,40,3,32,72,4,111,50,2,52,163
09/04/2013,BIS,ND,AGL,CE,Combined TRACON& Tower with Radar,4,29,56,2,91,0,1,52,3,56,4,30,108,5,147,26,0,26,173
09/05/2013,BIS,ND,AGL,CE,Combined TRACON& Tower with Radar,10,35,48,4,97,0,0,33,9,42,10,35,81,13,139,22,6,28,167
09/06/2013,BIS,ND,AGL,CE,Combined TRACON& Tower with Radar,2,35,34,0,71,0,0,25,3,28,2,35,59,3,99,8,0,8,107
09/07/2013,BIS,ND,AGL,CE,Combined TRACON& Tower with Radar,1,27,10,0,38,0,2,14,0,16,1,29,24,0,54,16,0,16,70
09/08/2013,BIS,ND,AGL,CE,Combined TRACON& Tower with Radar,10,13,15,0,38,0,3,51,0,54,10,16,66,0,92,26,0,26,118
09/09/2013,BIS,ND,AGL,CE,Combined TRACON& Tower with Radar,5,25,43,1,74,0,1,24,0,25,5,26,67,1,99,50,0,50,149
09/10/2013,BIS,ND,AGL,CE,Combined TRACON& Tower with Radar,2,36,63,4,105,0,0,49,6,55,2,36,112,10,160,62,16,78,238
09/11/2013,BIS,ND,AGL,CE,Combined TRACON& Tower with Radar,3,29,55,2,89,0,4,57,5,66,3,33,112,7,155,64,4,68,223
09/12/2013,BIS,ND,AGL,CE,Combined TRACON& Tower with Radar,8,32,41,3,84,0,0,50,12,62,8,32,91,15,146,34,6,40,186
09/13/2013,BIS,ND,AGL,CE,Combined TRACON& Tower with Radar,4,32,31,0,67,0,7,38,3,48,4,39,69,3,115,26,0,26,141
09/14/2013,BIS,ND,AGL,CE,Combined TRACON& Tower with Radar,2,29,28,0,59,0,0,3,0,3,2,29,31,0,62,22,0,22,84
09/15/2013,BIS,ND,AGL,CE,Combined TRACON& Tower with Radar,5,25,24,0,54,0,7,68,2,77,5,32,92,2,131,124,0,124,255
09/16/2013,BIS,ND,AGL,CE,Combined TRACON& Tower with Radar,6,23,58,0,87,0,0,22,0,22,6,23,80,0,109,14,0,14,123
09/17/2013,BIS,ND,AGL,CE,Combined TRACON& Tower with Radar,2,35,74,1,112,0,1,50,2,53,2,36,124,3,165,34,0,34,199
09/18/2013,BIS,ND,AGL,CE,Combined TRACON& Tower with Radar,5,34,59,0,98,0,0,13,0,13,5,34,72,0,111,8,0,8,119
09/19/2013,BIS,ND,AGL,CE,Combined TRACON& Tower with Radar,8,30,64,2,104,0,2,10,8,20,8,32,74,10,124,24,0,24,148
09/20/2013,BIS,ND,AGL,CE,Combined TRACON& Tower with Radar,4,29,38,0,71,0,4,46,2,52,4,33,84,2,123,50,0,50,173
09/21/2013,BIS,ND,AGL,CE,Combined TRACON& Tower with Radar,2,26,25,1,54,0,2,70,12,84,2,28,95,13,138,162,2,164,302
09/22/2013,BIS,ND,AGL,CE,Combined TRACON& Tower with Radar,8,21,26,0,55,0,3,57,2,62,8,24,83,2,117,206,0,206,323
09/23/2013,BIS,ND,AGL,CE,Combined TRACON& Tower with Radar,6,23,55,2,86,0,0,15,3,18,6,23,70,5,104,74,14,88,192
09/24/2013,BIS,ND,AGL,CE,Combined TRACON& Tower with Radar,2,44,63,0,109,0,0,72,3,75,2,44,135,3,184,155,46,201,385
09/25/2013,BIS,ND,AGL,CE,Combined TRACON& Tower with Radar,5,34,38,3,80,0,2,35,2,39,5,36,73,5,119,0,6,6,125
09/26/2013,BIS,ND,AGL,CE,Combined TRACON& Tower with Radar,12,38,75,0,125,0,2,26,5,33,12,40,101,5,158,22,6,28,186
09/27/2013,BIS,ND,AGL,CE,Combined TRACON& Tower with Radar,4,30,42,0,76,0,2,9,0,11,4,32,51,0,87,16,0,16,103
09/28/2013,BIS,ND,AGL,CE,Combined TRACON& Tower with Radar,2,26,10,0,38,0,2,41,2,45,2,28,51,2,83,18,0,18,101
09/29/2013,BIS,ND,AGL,CE,Combined TRACON& Tower with Radar,5,23,10,2,40,0,2,23,0,25,5,25,33,2,65,36,0,36,101
09/30/2013,BIS,ND,AGL,CE,Combined TRACON& Tower with Radar,7,22,25,2,56,0,0,49,1,50,7,22,74,3,106,139,0,139,245
10/01/2013,BIS,ND,AGL,CE,Combined TRACON& Tower with Radar,6,29,41,0,76,0,0,35,0,35,6,29,76,0,111,34,0,34,145
10/02/2013,BIS,ND,AGL,CE,Combined TRACON& Tower with Radar,6,28,58,0,92,0,0,47,0,47,6,28,105,0,139,58,0,58,197
10/03/2013,BIS,ND,AGL,CE,Combined TRACON& Tower with Radar,11,28,43,0,82,0,0,16,0,16,11,28,59,0,98,18,0,18,116
10/04/2013,BIS,ND,AGL,CE,Combined TRACON& Tower with Radar,4,29,20,0,53,0,0,0,0,0,4,29,20,0,53,0,0,0,53
10/05/2013,BIS,ND,AGL,CE,Combined TRACON& Tower with Radar,4,23,14,0,41,0,0,5,0,5,4,23,19,0,46,40,0,40,86
10/06/2013,BIS,ND,AGL,CE,Combined TRACON& Tower with Radar,10,16,10,0,36,0,2,75,0,77,10,18,85,0,113,137,0,137,250
10/07/2013,BIS,ND,AGL,CE,Combined TRACON& Tower with Radar,7,23,36,0,66,0,1,80,0,81,7,24,116,0,147,124,0,124,271
10/08/2013,BIS,ND,AGL,CE,Combined TRACON& Tower with Radar,6,32,59,0,97,0,6,55,2,63,6,38,114,2,160,36,8,44,204
10/09/2013,BIS,ND,AGL,CE,Combined TRACON& Tower with Radar,7,27,39,0,73,0,1,54,0,55,7,28,93,0,128,34,0,34,162
10/10/2013,BIS,ND,AGL,CE,Combined TRACON& Tower with Radar,11,30,29,0,70,0,2,31,10,43,11,32,60,10,113,44,0,44,157
10/11/2013,BIS,ND,AGL,CE,Combined TRACON& Tower with Radar,7,30,18,0,55,0,0,3,0,3,7,30,21,0,58,2,0,2,60
10/12/2013,BIS,ND,AGL,CE,Combined TRACON& Tower with Radar,6,19,18,0,43,0,5,31,0,36,6,24,49,0,79,98,0,98,177
10/13/2013,BIS,ND,AGL,CE,Combined TRACON& Tower with Radar,10,12,14,0,36,0,3,34,0,37,10,15,48,0,73,160,0,160,233
10/14/2013,BIS,ND,AGL,CE,Combined TRACON& Tower with Radar,7,24,38,0,69,0,0,0,0,0,7,24,38,0,69,0,0,0,69
10/15/2013,BIS,ND,AGL,CE,Combined TRACON& Tower with Radar,5,29,77,0,111,0,0,35,0,35,5,29,112,0,146,40,0,40,186
10/16/2013,BIS,ND,AGL,CE,Combined TRACON& Tower with Radar,6,26,41,0,73,0,1,44,2,47,6,27,85,2,120,70,4,74,194
10/17/2013,BIS,ND,AGL,CE,Combined TRACON& Tower with Radar,13,26,49,0,88,0,0,38,0,38,13,26,87,0,126,34,0,34,160
10/18/2013,BIS,ND,AGL,CE,Combined TRACON& Tower with Radar,7,29,35,0,71,0,6,23,10,39,7,35,58,10,110,20,35,55,165
10/19/2013,BIS,ND,AGL,CE,Combined TRACON& Tower with Radar,5,25,31,0,61,0,4,40,0,44,5,29,71,0,105,102,36,138,243
10/20/2013,BIS,ND,AGL,CE,Combined TRACON& Tower with Radar,12,16,22,0,50,0,0,0,0,0,12,16,22,0,50,0,12,12,62
10/21/2013,BIS,ND,AGL,CE,Combined TRACON& Tower with Radar,7,22,31,1,61,0,0,19,4,23,7,22,50,5,84,8,0,8,92
10/22/2013,BIS,ND,AGL,CE,Combined TRACON& Tower with Radar,6,31,60,3,100,0,0,15,7,22,6,31,75,10,122,18,4,22,144
10/23/2013,BIS,ND,AGL,CE,Combined TRACON& Tower with Radar,6,29,51,2,88,0,0,41,8,49,6,29,92,10,137,16,0,16,153
10/24/2013,BIS,ND,AGL,CE,Combined TRACON& Tower with Radar,11,32,40,3,86,0,0,30,5,35,11,32,70,8,121,0,6,6,127
10/25/2013,BIS,ND,AGL,CE,Combined TRACON& Tower with Radar,5,31,50,2,88,0,3,48,0,51,5,34,98,2,139,26,0,26,165
10/26/2013,BIS,ND,AGL,CE,Combined TRACON& Tower with Radar,7,23,29,0,59,0,1,62,2,65,7,24,91,2,124,90,2,92,216
10/27/2013,BIS,ND,AGL,CE,Combined TRACON& Tower with Radar,10,20,15,0,45,0,0,28,0,28,10,20,43,0,73,68,0,68,141
10/28/2013,BIS,ND,AGL,CE,Combined TRACON& Tower with Radar,10,24,47,0,81,0,0,30,7,37,10,24,77,7,118,32,30,62,180
10/29/2013,BIS,ND,AGL,CE,Combined TRACON& Tower with Radar,8,34,67,2,111,0,1,34,0,35,8,35,101,2,146,130,0,130,276
10/30/2013,BIS,ND,AGL,CE,Combined TRACON& Tower with Radar,6,31,58,5,100,0,2,15,14,31,6,33,73,19,131,0,32,32,163
10/31/2013,BIS,ND,AGL,CE,Combined TRACON& Tower with Radar,4,29,59,5,97,0,4,30,3,37,4,33,89,8,134,44,14,58,192
11/01/2013,BIS,ND,AGL,CE,Combined TRACON& Tower with Radar,11,27,33,1,72,0,0,13,13,26,11,27,46,14,98,0,0,0,98
11/02/2013,BIS,ND,AGL,CE,Combined TRACON& Tower with Radar,2,31,19,2,54,0,2,80,7,89,2,33,99,9,143,164,10,174,317
11/03/2013,BIS,ND,AGL,CE,Combined TRACON& Tower with Radar,2,24,13,1,40,0,3,34,0,37,2,27,47,1,77,106,0,106,183
11/04/2013,BIS,ND,AGL,CE,Combined TRACON& Tower with Radar,7,24,28,1,60,0,0,35,5,40,7,24,63,6,100,8,8,16,116
11/05/2013,BIS,ND,AGL,CE,Combined TRACON& Tower with Radar,4,30,75,2,111,0,0,69,6,75,4,30,144,8,186,81,18,99,285
11/06/2013,BIS,ND,AGL,CE,Combined TRACON& Tower with Radar,4,26,71,4,105,0,7,73,11,91,4,33,144,15,196,32,8,40,236
11/07/2013,BIS,ND,AGL,CE,Combined TRACON& Tower with Radar,5,26,58,2,91,0,2,76,18,96,5,28,134,20,187,58,2,60,247
11/08/2013,BIS,ND,AGL,CE,Combined TRACON& Tower with Radar,10,30,33,0,73,0,2,14,7,23,10,32,47,7,96,0,0,0,96
11/09/2013,BIS,ND,AGL,CE,Combined TRACON& Tower with Radar,2,27,22,0,51,0,2,29,0,31,2,29,51,0,82,24,4,28,110
11/10/2013,BIS,ND,AGL,CE,Combined TRACON& Tower with Radar,5,17,34,6,62,0,2,36,2,40,5,19,70,8,102,30,8,38,140
11/11/2013,BIS,ND,AGL,CE,Combined TRACON& Tower with Radar,7,24,47,0,78,0,0,43,0,43,7,24,90,0,121,40,0,40,161
11/12/2013,BIS,ND,AGL,CE,Combined TRACON& Tower with Radar,2,31,50,0,83,0,4,33,8,45,2,35,83,8,128,4,8,12,140
11/13/2013,BIS,ND,AGL,CE,Combined TRACON& Tower with Radar,2,31,49,4,86,0,0,52,4,56,2,31,101,8,142,70,4,74,216
11/14/2013,BIS,ND,AGL,CE,Combined TRACON& Tower with Radar,5,36,72,0,113,0,4,43,9,56,5,40,115,9,169,24,6,30,199
11/15/2013,BIS,ND,AGL,CE,Combined TRACON& Tower with Radar,6,38,43,6,93,0,2,50,4,56,6,40,93,10,149,20,4,24,173
11/16/2013,BIS,ND,AGL,CE,Combined TRACON& Tower with Radar,2,32,18,0,52,0,1,53,0,54,2,33,71,0,106,98,0,98,204
11/17/2013,BIS,ND,AGL,CE,Combined TRACON& Tower with Radar,3,23,9,0,35,0,0,1,0,1,3,23,10,0,36,24,0,24,60
11/18/2013,BIS,ND,AGL,CE,Combined TRACON& Tower with Radar,7,25,54,1,87,0,2,57,1,60,7,27,111,2,147,96,0,96,243
11/19/2013,BIS,ND,AGL,CE,Combined TRACON& Tower with Radar,2,35,51,1,89,0,0,61,1,62,2,35,112,2,151,114,0,114,265
11/20/2013,BIS,ND,AGL,CE,Combined TRACON& Tower with Radar,2,31,56,2,91,0,0,17,0,17,2,31,73,2,108,6,0,6,114
11/21/2013,BIS,ND,AGL,CE,Combined TRACON& Tower with Radar,3,32,81,4,120,0,1,36,7,44,3,33,117,11,164,8,2,10,174
11/22/2013,BIS,ND,AGL,CE,Combined TRACON& Tower with Radar,9,29,32,0,70,0,2,21,0,23,9,31,53,0,93,12,0,12,105
11/23/2013,BIS,ND,AGL,CE,Combined TRACON& Tower with Radar,4,28,10,0,42,0,2,21,0,23,4,30,31,0,65,2,0,2,67
11/24/2013,BIS,ND,AGL,CE,Combined TRACON& Tower with Radar,2,18,9,0,29,0,3,45,0,48,2,21,54,0,77,96,0,96,173
11/25/2013,BIS,ND,AGL,CE,Combined TRACON& Tower with Radar,9,17,43,0,69,0,0,20,0,20,9,17,63,0,89,12,0,12,101
11/26/2013,BIS,ND,AGL,CE,Combined TRACON& Tower with Radar,6,39,37,2,84,0,1,42,5,48,6,40,79,7,132,30,6,36,168
11/27/2013,BIS,ND,AGL,CE,Combined TRACON& Tower with Radar,7,39,44,0,90,0,3,53,4,60,7,42,97,4,150,76,0,76,226
11/28/2013,BIS,ND,AGL,CE,Combined TRACON& Tower with Radar,1,14,7,0,22,0,0,10,0,10,1,14,17,0,32,0,0,0,32
11/29/2013,BIS,ND,AGL,CE,Combined TRACON& Tower with Radar,3,25,11,0,39,0,0,36,0,36,3,25,47,0,75,0,0,0,75
11/30/2013,BIS,ND,AGL,CE,Combined TRACON& Tower with Radar,5,31,16,0,52,0,5,17,0,22,5,36,33,0,74,36,0,36,110
12/01/2013,BIS,ND,AGL,CE,Combined TRACON& Tower with Radar,4,24,17,1,46,0,0,34,0,34,4,24,51,1,80,92,0,92,172
12/02/2013,BIS,ND,AGL,CE,Combined TRACON& Tower with Radar,9,31,33,0,73,0,0,0,0,0,9,31,33,0,73,0,0,0,73
12/03/2013,BIS,ND,AGL,CE,Combined TRACON& Tower with Radar,4,34,22,0,60,0,0,0,0,0,4,34,22,0,60,0,0,0,60
12/04/2013,BIS,ND,AGL,CE,Combined TRACON& Tower with Radar,8,38,18,0,64,0,0,0,0,0,8,38,18,0,64,0,0,0,64
12/05/2013,BIS,ND,AGL,CE,Combined TRACON& Tower with Radar,6,35,46,1,88,0,0,8,0,8,6,35,54,1,96,8,0,8,104
12/06/2013,BIS,ND,AGL,CE,Combined TRACON& Tower with Radar,8,36,21,0,65,0,1,21,0,22,8,37,42,0,87,12,0,12,99
12/07/2013,BIS,ND,AGL,CE,Combined TRACON& Tower with Radar,8,18,20,2,48,0,4,6,0,10,8,22,26,2,58,0,0,0,58
12/08/2013,BIS,ND,AGL,CE,Combined TRACON& Tower with Radar,5,20,9,0,34,0,1,8,0,9,5,21,17,0,43,36,0,36,79
12/09/2013,BIS,ND,AGL,CE,Combined TRACON& Tower with Radar,8,26,38,0,72,0,0,4,0,4,8,26,42,0,76,0,0,0,76
12/10/2013,BIS,ND,AGL,CE,Combined TRACON& Tower with Radar,6,29,40,2,77,0,1,7,0,8,6,30,47,2,85,0,0,0,85
12/11/2013,BIS,ND,AGL,CE,Combined TRACON& Tower with Radar,8,28,25,0,61,0,2,30,3,35,8,30,55,3,96,16,0,16,112
12/12/2013,BIS,ND,AGL,CE,Combined TRACON& Tower with Radar,7,29,67,3,106,0,1,45,2,48,7,30,112,5,154,40,2,42,196
12/13/2013,BIS,ND,AGL,CE,Combined TRACON& Tower with Radar,9,37,29,0,75,0,0,1,0,1,9,37,30,0,76,0,0,0,76
12/14/2013,BIS,ND,AGL,CE,Combined TRACON& Tower with Radar,8,21,15,0,44,0,0,27,3,30,8,21,42,3,74,58,0,58,132
12/15/2013,BIS,ND,AGL,CE,Combined TRACON& Tower with Radar,7,25,8,0,40,0,0,20,0,20,7,25,28,0,60,28,0,28,88
12/16/2013,BIS,ND,AGL,CE,Combined TRACON& Tower with Radar,7,30,22,1,60,0,2,51,0,53,7,32,73,1,113,110,0,110,223
12/17/2013,BIS,ND,AGL,CE,Combined TRACON& Tower with Radar,3,33,53,1,90,0,0,76,3,79,3,33,129,4,169,120,4,124,293
12/18/2013,BIS,ND,AGL,CE,Combined TRACON& Tower with Radar,12,34,49,2,97,0,1,34,5,40,12,35,83,7,137,38,0,38,175
12/19/2013,BIS,ND,AGL,CE,Combined TRACON& Tower with Radar,12,33,51,3,99,0,0,10,0,10,12,33,61,3,109,0,0,0,109
12/20/2013,BIS,ND,AGL,CE,Combined TRACON& Tower with Radar,15,27,22,0,64,0,0,54,5,59,15,27,76,5,123,42,0,42,165
12/21/2013,BIS,ND,AGL,CE,Combined TRACON& Tower with Radar,10,30,18,0,58,0,0,37,0,37,10,30,55,0,95,90,0,90,185
12/22/2013,BIS,ND,AGL,CE,Combined TRACON& Tower with Radar,9,14,3,0,26,0,1,40,0,41,9,15,43,0,67,128,0,128,195
12/23/2013,BIS,ND,AGL,CE,Combined TRACON& Tower with Radar,12,13,15,0,40,0,3,37,0,40,12,16,52,0,80,164,0,164,244
12/24/2013,BIS,ND,AGL,CE,Combined TRACON& Tower with Radar,11,25,3,0,39,0,0,1,0,1,11,25,4,0,40,26,0,26,66
12/25/2013,BIS,ND,AGL,CE,Combined TRACON& Tower with Radar,6,9,3,0,18,0,2,6,0,8,6,11,9,0,26,0,0,0,26
12/26/2013,BIS,ND,AGL,CE,Combined TRACON& Tower with Radar,10,23,6,0,39,0,3,16,0,19,10,26,22,0,58,28,0,28,86
12/27/2013,BIS,ND,AGL,CE,Combined TRACON& Tower with Radar,12,24,14,0,50,0,0,45,0,45,12,24,59,0,95,76,0,76,171
12/28/2013,BIS,ND,AGL,CE,Combined TRACON& Tower with Radar,6,29,6,0,41,0,0,2,0,2,6,29,8,0,43,10,0,10,53
12/29/2013,BIS,ND,AGL,CE,Combined TRACON& Tower with Radar,8,17,0,0,25,0,0,20,0,20,8,17,20,0,45,154,0,154,199
12/30/2013,BIS,ND,AGL,CE,Combined TRACON& Tower with Radar,10,13,18,0,41,0,2,28,6,36,10,15,46,6,77,78,0,78,155
12/31/2013,BIS,ND,AGL,CE,Combined TRACON& Tower with Radar,9,24,10,0,43,0,2,5,0,7,9,26,15,0,50,22,0,22,72
01/01/2014,BIS,ND,AGL,CE,Combined TRACON& Tower with Radar,8,11,5,0,24,0,2,8,0,10,8,13,13,0,34,6,0,6,40
01/02/2014,BIS,ND,AGL,CE,Combined TRACON& Tower with Radar,8,24,23,1,56,0,0,10,1,11,8,24,33,2,67,10,4,14,81
01/03/2014,BIS,ND,AGL,CE,Combined TRACON& Tower with Radar,12,24,11,4,51,0,0,4,4,8,12,24,15,8,59,0,4,4,63
01/04/2014,BIS,ND,AGL,CE,Combined TRACON& Tower with Radar,6,32,15,0,53,0,0,0,0,0,6,32,15,0,53,0,0,0,53
01/05/2014,BIS,ND,AGL,CE,Combined TRACON& Tower with Radar,7,14,2,0,23,0,0,0,0,0,7,14,2,0,23,0,0,0,23
01/06/2014,BIS,ND,AGL,CE,Combined TRACON& Tower with Radar,6,21,10,0,37,0,0,12,0,12,6,21,22,0,49,26,0,26,75
01/07/2014,BIS,ND,AGL,CE,Combined TRACON& Tower with Radar,2,27,42,3,74,0,4,6,5,15,2,31,48,8,89,14,4,18,107
01/08/2014,BIS,ND,AGL,CE,Combined TRACON& Tower with Radar,6,34,23,1,64,0,1,26,4,31,6,35,49,5,95,32,0,32,127
01/09/2014,BIS,ND,AGL,CE,Combined TRACON& Tower with Radar,2,30,57,5,94,0,3,52,10,65,2,33,109,15,159,40,0,40,199
01/10/2014,BIS,ND,AGL,CE,Combined TRACON& Tower with Radar,7,29,31,0,67,0,0,23,6,29,7,29,54,6,96,34,0,34,130
01/11/2014,BIS,ND,AGL,CE,Combined TRACON& Tower with Radar,7,24,15,1,47,0,2,74,0,76,7,26,89,1,123,230,0,230,353
01/12/2014,BIS,ND,AGL,CE,Combined TRACON& Tower with Radar,3,21,12,1,37,0,5,25,1,31,3,26,37,2,68,38,0,38,106
01/13/2014,BIS,ND,AGL,CE,Combined TRACON& Tower with Radar,4,19,25,0,48,0,0,34,3,37,4,19,59,3,85,58,0,58,143
01/14/2014,BIS,ND,AGL,CE,Combined TRACON& Tower with Radar,6,33,38,7,84,0,0,13,10,23,6,33,51,17,107,2,0,2,109
01/15/2014,BIS,ND,AGL,CE,Combined TRACON& Tower with Radar,5,34,50,2,91,0,0,21,5,26,5,34,71,7,117,18,10,28,145
01/16/2014,BIS,ND,AGL,CE,Combined TRACON& Tower with Radar,4,33,21,0,58,0,2,16,3,21,4,35,37,3,79,8,0,8,87
01/17/2014,BIS,ND,AGL,CE,Combined TRACON& Tower with Radar,6,31,44,2,83,0,0,28,0,28,6,31,72,2,111,48,0,48,159
01/18/2014,BIS,ND,AGL,CE,Combined TRACON& Tower with Radar,9,25,9,0,43,0,0,7,0,7,9,25,16,0,50,28,0,28,78
01/19/2014,BIS,ND,AGL,CE,Combined TRACON& Tower with Radar,2,22,5,0,29,0,3,4,0,7,2,25,9,0,36,12,0,12,48
01/20/2014,BIS,ND,AGL,CE,Combined TRACON& Tower with Radar,6,21,35,0,62,0,0,14,0,14,6,21,49,0,76,8,0,8,84
01/21/2014,BIS,ND,AGL,CE,Combined TRACON& Tower with Radar,2,32,45,2,81,0,0,15,0,15,2,32,60,2,96,0,0,0,96
01/22/2014,BIS,ND,AGL,CE,Combined TRACON& Tower with Radar,6,37,45,0,88,0,2,10,2,14,6,39,55,2,102,12,0,12,114
01/23/2014,BIS,ND,AGL,CE,Combined TRACON& Tower with Radar,2,31,45,3,81,0,0,24,12,36,2,31,69,15,117,24,0,24,141
01/24/2014,BIS,ND,AGL,CE,Combined TRACON& Tower with Radar,5,28,28,2,63,0,0,20,5,25,5,28,48,7,88,0,0,0,88
01/25/2014,BIS,ND,AGL,CE,Combined TRACON& Tower with Radar,9,26,9,1,45,0,2,6,0,8,9,28,15,1,53,0,0,0,53
01/26/2014,BIS,ND,AGL,CE,Combined TRACON& Tower with Radar,2,14,0,0,16,0,0,0,0,0,2,14,0,0,16,0,0,0,16
01/27/2014,BIS,ND,AGL,CE,Combined TRACON& Tower with Radar,7,24,27,0,58,0,0,7,2,9,7,24,34,2,67,0,0,0,67
01/28/2014,BIS,ND,AGL,CE,Combined TRACON& Tower with Radar,2,26,43,2,73,0,1,32,3,36,2,27,75,5,109,80,0,80,189
01/29/2014,BIS,ND,AGL,CE,Combined TRACON& Tower with Radar,6,36,35,0,77,0,1,33,7,41,6,37,68,7,118,6,4,10,128
01/30/2014,BIS,ND,AGL,CE,Combined TRACON& Tower with Radar,2,31,41,5,79,0,2,24,28,54,2,33,65,33,133,30,12,42,175
01/31/2014,BIS,ND,AGL,CE,Combined TRACON& Tower with Radar,7,30,48,5,90,0,1,32,8,41,7,31,80,13,131,12,10,22,153
02/01/2014,BIS,ND,AGL,CE,Combined TRACON& Tower with Radar,7,25,16,0,48,0,0,19,0,19,7,25,35,0,67,12,0,12,79
02/02/2014,BIS,ND,AGL,CE,Combined TRACON& Tower with Radar,2,15,5,0,22,0,1,17,0,18,2,16,22,0,40,39,0,39,79
02/03/2014,BIS,ND,AGL,CE,Combined TRACON& Tower with Radar,6,25,33,4,68,0,0,6,5,11,6,25,39,9,79,0,0,0,79
02/04/2014,BIS,ND,AGL,CE,Combined TRACON& Tower with Radar,2,26,26,2,56,0,1,11,4,16,2,27,37,6,72,16,4,20,92
02/05/2014,BIS,ND,AGL,CE,Combined TRACON& Tower with Radar,6,30,22,4,62,0,0,3,7,10,6,30,25,11,72,0,0,0,72
02/06/2014,BIS,ND,AGL,CE,Combined TRACON& Tower with Radar,2,31,32,0,65,0,1,15,10,26,2,32,47,10,91,0,6,6,97
02/07/2014,BIS,ND,AGL,CE,Combined TRACON& Tower with Radar,5,33,28,2,68,0,2,25,0,27,5,35,53,2,95,26,0,26,121
02/08/2014,BIS,ND,AGL,CE,Combined TRACON& Tower with Radar,6,27,16,0,49,0,2,27,1,30,6,29,43,1,79,8,0,8,87
02/09/2014,BIS,ND,AGL,CE,Combined TRACON& Tower with Radar,3,19,7,6,35,0,0,10,4,14,3,19,17,10,49,32,0,32,81
02/10/2014,BIS,ND,AGL,CE,Combined TRACON& Tower with Radar,6,21,32,1,60,0,2,17,8,27,6,23,49,9,87,0,0,0,87
02/11/2014,BIS,ND,AGL,CE,Combined TRACON& Tower with Radar,4,31,36,4,75,0,2,26,3,31,4,33,62,7,106,60,0,60,166
02/12/2014,BIS,ND,AGL,CE,Combined TRACON& Tower with Radar,6,36,55,0,97,0,0,20,0,20,6,36,75,0,117,0,0,0,117
02/13/2014,BIS,ND,AGL,CE,Combined TRACON& Tower with Radar,8,32,43,2,85,0,0,31,8,39,8,32,74,10,124,16,0,16,140
02/14/2014,BIS,ND,AGL,CE,Combined TRACON& Tower with Radar,4,39,34,3,80,0,1,25,0,26,4,40,59,3,106,16,0,16,122
02/15/2014,BIS,ND,AGL,CE,Combined TRACON& Tower with Radar,7,25,9,0,41,0,2,10,0,12,7,27,19,0,53,1,0,1,54
02/16/2014,BIS,ND,AGL,CE,Combined TRACON& Tower with Radar,4,17,7,0,28,0,0,10,0,10,4,17,17,0,38,66,0,66,104
02/17/2014,BIS,ND,AGL,CE,Combined TRACON& Tower with Radar,8,26,41,0,75,0,4,55,0,59,8,30,96,0,134,90,0,90,224
02/18/2014,BIS,ND,AGL,CE,Combined TRACON& Tower with Radar,4,33,40,2,79,0,2,38,2,42,4,35,78,4,121,46,0,46,167
02/19/2014,BIS,ND,AGL,CE,Combined TRACON& Tower with Radar,5,28,37,4,74,0,0,39,4,43,5,28,76,8,117,14,4,18,135
02/20/2014,BIS,ND,AGL,CE,Combined TRACON& Tower with Radar,4,24,53,0,81,0,0,5,6,11,4,24,58,6,92,0,0,0,92
02/21/2014,BIS,ND,AGL,CE,Combined TRACON& Tower with Radar,8,24,38,0,70,0,2,29,7,38,8,26,67,7,108,38,0,38,146
02/22/2014,BIS,ND,AGL,CE,Combined TRACON& Tower with Radar,5,27,19,5,56,0,7,28,9,44,5,34,47,14,100,62,2,64,164
02/23/2014,BIS,ND,AGL,CE,Combined TRACON& Tower with Radar,6,21,15,4,46,0,0,16,2,18,6,21,31,6,64,14,0,14,78
02/24/2014,BIS,ND,AGL,CE,Combined TRACON& Tower with Radar,8,29,40,2,79,0,0,11,0,11,8,29,51,2,90,32,0,32,122
02/25/2014,BIS,ND,AGL,CE,Combined TRACON& Tower with Radar,5,32,49,0,86,0,0,38,3,41,5,32,87,3,127,4,0,4,131
02/26/2014,BIS,ND,AGL,CE,Combined TRACON& Tower with Radar,6,39,43,0,88,0,0,31,5,36,6,39,74,5,124,12,0,12,136
02/27/2014,BIS,ND,AGL,CE,Combined TRACON& Tower with Radar,5,32,59,2,98,0,0,41,11,52,5,32,100,13,150,16,0,16,166
02/28/2014,BIS,ND,AGL,CE,Combined TRACON& Tower with Radar,5,34,43,1,83,0,5,7,0,12,5,39,50,1,95,4,0,4,99
03/01/2014,BIS,ND,AGL,CE,Combined TRACON& Tower with Radar,5,26,9,2,42,0,0,2,0,2,5,26,11,2,44,0,0,0,44
03/02/2014,BIS,ND,AGL,CE,Combined TRACON& Tower with Radar,4,18,8,0,30,0,0,5,0,5,4,18,13,0,35,6,0,6,41
03/03/2014,BIS,ND,AGL,CE,Combined TRACON& Tower with Radar,6,26,42,0,74,0,2,21,2,25,6,28,63,2,99,78,20,98,197
03/04/2014,BIS,ND,AGL,CE,Combined TRACON& Tower with Radar,2,29,36,2,69,0,0,10,0,10,2,29,46,2,79,0,0,0,79
03/05/2014,BIS,ND,AGL,CE,Combined TRACON& Tower with Radar,6,36,34,0,76,0,4,10,3,17,6,40,44,3,93,0,0,0,93
03/06/2014,BIS,ND,AGL,CE,Combined TRACON& Tower with Radar,6,32,61,2,101,0,0,38,17,55,6,32,99,19,156,48,46,94,250
03/07/2014,BIS,ND,AGL,CE,Combined TRACON& Tower with Radar,5,29,38,4,76,0,0,20,3,23,5,29,58,7,99,40,0,40,139
03/08/2014,BIS,ND,AGL,CE,Combined TRACON& Tower with Radar,5,24,18,0,47,0,0,43,0,43,5,24,61,0,90,54,0,54,144
03/09/2014,BIS,ND,AGL,CE,Combined TRACON& Tower with Radar,4,23,27,0,54,0,7,38,3,48,4,30,65,3,102,48,0,48,150
03/10/2014,BIS,ND,AGL,CE,Combined TRACON& Tower with Radar,8,25,48,2,83,0,3,47,0,50,8,28,95,2,133,102,0,102,235
03/11/2014,BIS,ND,AGL,CE,Combined TRACON& Tower with Radar,4,31,54,2,91,0,0,38,2,40,4,31,92,4,131,66,0,66,197
03/12/2014,BIS,ND,AGL,CE,Combined TRACON& Tower with Radar,6,35,65,1,107,0,3,54,4,61,6,38,119,5,168,60,0,60,228
03/13/2014,BIS,ND,AGL,CE,Combined TRACON& Tower with Radar,4,31,59,4,98,0,0,39,4,43,4,31,98,8,141,82,0,82,223
03/14/2014,BIS,ND,AGL,CE,Combined TRACON& Tower with Radar,5,34,43,3,85,0,2,38,6,46,5,36,81,9,131,62,10,72,203
03/15/2014,BIS,ND,AGL,CE,Combined TRACON& Tower with Radar,5,25,7,1,38,0,0,16,6,22,5,25,23,7,60,92,24,116,176
03/16/2014,BIS,ND,AGL,CE,Combined TRACON& Tower with Radar,6,21,13,0,40,0,0,3,3,6,6,21,16,3,46,0,0,0,46
03/17/2014,BIS,ND,AGL,CE,Combined TRACON& Tower with Radar,8,24,33,0,65,0,2,24,2,28,8,26,57,2,93,64,0,64,157
03/18/2014,BIS,ND,AGL,CE,Combined TRACON& Tower with Radar,7,29,42,2,80,0,2,20,0,22,7,31,62,2,102,90,0,90,192
03/19/2014,BIS,ND,AGL,CE,Combined TRACON& Tower with Radar,6,30,40,0,76,0,0,41,10,51,6,30,81,10,127,68,6,74,201
03/20/2014,BIS,ND,AGL,CE,Combined TRACON& Tower with Radar,5,27,44,0,76,0,0,40,11,51,5,27,84,11,127,28,2,30,157
03/21/2014,BIS,ND,AGL,CE,Combined TRACON& Tower with Radar,8,30,17,0,55,0,0,0,0,0,8,30,17,0,55,0,0,0,55
03/22/2014,BIS,ND,AGL,CE,Combined TRACON& Tower with Radar,9,21,15,0,45,0,0,46,0,46,9,21,61,0,91,148,0,148,239
03/23/2014,BIS,ND,AGL,CE,Combined TRACON& Tower with Radar,6,18,11,1,36,0,0,39,3,42,6,18,50,4,78,142,4,146,224
03/24/2014,BIS,ND,AGL,CE,Combined TRACON& Tower with Radar,11,23,25,3,62,0,2,19,6,27,11,25,44,9,89,26,0,26,115
03/25/2014,BIS,ND,AGL,CE,Combined TRACON& Tower with Radar,6,28,71,5,110,0,6,71,5,82,6,34,142,10,192,132,0,132,324
03/26/2014,BIS,ND,AGL,CE,Combined TRACON& Tower with Radar,9,31,47,0,87,0,4,39,2,45,9,35,86,2,132,16,0,16,148
03/27/2014,BIS,ND,AGL,CE,Combined TRACON& Tower with Radar,4,31,63,1,99,0,2,37,10,49,4,33,100,11,148,28,0,28,176
03/28/2014,BIS,ND,AGL,CE,Combined TRACON& Tower with Radar,5,37,32,0,74,0,6,20,5,31,5,43,52,5,105,22,0,22,127
03/29/2014,BIS,ND,AGL,CE,Combined TRACON& Tower with Radar,5,25,14,0,44,0,4,23,0,27,5,29,37,0,71,12,0,12,83
03/30/2014,BIS,ND,AGL,CE,Combined TRACON& Tower with Radar,3,21,4,0,28,0,6,5,0,11,3,27,9,0,39,2,0,2,41
03/31/2014,BIS,ND,AGL,CE,Combined TRACON& Tower with Radar,2,13,4,0,19,0,2,0,0,2,2,15,4,0,21,0,0,0,21
04/01/2014,BIS,ND,AGL,CE,Combined TRACON& Tower with Radar,7,31,44,0,82,0,0,41,0,41,7,31,85,0,123,70,0,70,193
04/02/2014,BIS,ND,AGL,CE,Combined TRACON& Tower with Radar,8,24,46,0,78,0,0,19,2,21,8,24,65,2,99,28,0,28,127
04/03/2014,BIS,ND,AGL,CE,Combined TRACON& Tower with Radar,4,31,31,0,66,0,2,4,1,7,4,33,35,1,73,0,0,0,73
04/04/2014,BIS,ND,AGL,CE,Combined TRACON& Tower with Radar,7,34,47,2,90,0,1,20,4,25,7,35,67,6,115,10,0,10,125
04/05/2014,BIS,ND,AGL,CE,Combined TRACON& Tower with Radar,6,25,26,2,59,0,6,55,16,77,6,31,81,18,136,58,22,80,216
04/06/2014,BIS,ND,AGL,CE,Combined TRACON& Tower with Radar,6,20,2,0,28,0,0,13,1,14,6,20,15,1,42,8,0,8,50
04/07/2014,BIS,ND,AGL,CE,Combined TRACON& Tower with Radar,10,23,38,0,71,0,5,18,1,24,10,28,56,1,95,22,0,22,117
04/08/2014,BIS,ND,AGL,CE,Combined TRACON& Tower with Radar,4,26,67,0,97,0,9,75,2,86,4,35,142,2,183,140,0,140,323
04/09/2014,BIS,ND,AGL,CE,Combined TRACON& Tower with Radar,6,25,30,1,62,0,0,21,2,23,6,25,51,3,85,4,0,4,89
04/10/2014,BIS,ND,AGL,CE,Combined TRACON& Tower with Radar,4,24,51,2,81,0,0,33,7,40,4,24,84,9,121,32,4,36,157
04/11/2014,BIS,ND,AGL,CE,Combined TRACON& Tower with Radar,8,28,37,4,77,0,0,57,4,61,8,28,94,8,138,20,10,30,168
04/12/2014,BIS,ND,AGL,CE,Combined TRACON& Tower with Radar,6,21,11,1,39,0,1,9,2,12,6,22,20,3,51,0,0,0,51
04/13/2014,BIS,ND,AGL,CE,Combined TRACON& Tower with Radar,4,20,9,0,33,0,0,25,2,27,4,20,34,2,60,83,0,83,143
04/14/2014,BIS,ND,AGL,CE,Combined TRACON& Tower with Radar,8,25,42,3,78,0,4,15,0,19,8,29,57,3,97,0,0,0,97
04/15/2014,BIS,ND,AGL,CE,Combined TRACON& Tower with Radar,4,28,39,0,71,0,4,18,3,25,4,32,57,3,96,23,0,23,119
04/16/2014,BIS,ND,AGL,CE,Combined TRACON& Tower with Radar,6,30,40,1,77,0,2,6,1,9,6,32,46,2,86,24,0,24,110
04/17/2014,BIS,ND,AGL,CE,Combined TRACON& Tower with Radar,4,34,43,2,83,0,0,24,4,28,4,34,67,6,111,76,0,76,187
04/18/2014,BIS,ND,AGL,CE,Combined TRACON& Tower with Radar,7,28,10,1,46,0,0,31,7,38,7,28,41,8,84,6,4,10,94
04/19/2014,BIS,ND,AGL,CE,Combined TRACON& Tower with Radar,4,21,12,0,37,0,2,41,0,43,4,23,53,0,80,46,0,46,126
04/20/2014,BIS,ND,AGL,CE,Combined TRACON& Tower with Radar,4,15,4,0,23,0,0,18,0,18,4,15,22,0,41,2,0,2,43
04/21/2014,BIS,ND,AGL,CE,Combined TRACON& Tower with Radar,10,21,45,0,76,0,1,49,2,52,10,22,94,2,128,110,0,110,238
04/22/2014,BIS,ND,AGL,CE,Combined TRACON& Tower with Radar,4,27,67,0,98,0,3,55,11,69,4,30,122,11,167,38,10,48,215
04/23/2014,BIS,ND,AGL,CE,Combined TRACON& Tower with Radar,6,33,54,1,94,0,0,17,3,20,6,33,71,4,114,0,0,0,114
04/24/2014,BIS,ND,AGL,CE,Combined TRACON& Tower with Radar,6,30,47,6,89,0,0,50,9,59,6,30,97,15,148,62,0,62,210
04/25/2014,BIS,ND,AGL,CE,Combined TRACON& Tower with Radar,4,40,36,2,82,0,0,78,5,83,4,40,114,7,165,122,6,128,293
04/26/2014,BIS,ND,AGL,CE,Combined TRACON& Tower with Radar,8,22,10,0,40,0,0,4,2,6,8,22,14,2,46,0,0,0,46
04/27/2014,BIS,ND,AGL,CE,Combined TRACON& Tower with Radar,4,18,15,1,38,0,0,0,0,0,4,18,15,1,38,0,0,0,38
04/28/2014,BIS,ND,AGL,CE,Combined TRACON& Tower with Radar,8,24,18,9,59,0,0,0,2,2,8,24,18,11,61,0,4,4,65
04/29/2014,BIS,ND,AGL,CE,Combined TRACON& Tower with Radar,4,31,51,3,89,0,7,33,4,44,4,38,84,7,133,100,0,100,233
04/30/2014,BIS,ND,AGL,CE,Combined TRACON& Tower with Radar,4,24,29,5,62,0,4,31,7,42,4,28,60,12,104,22,16,38,142
05/01/2014,BIS,ND,AGL,CE,Combined TRACON& Tower with Radar,4,29,31,0,64,0,0,68,13,81,4,29,99,13,145,83,0,83,228
05/02/2014,BIS,ND,AGL,CE,Combined TRACON& Tower with Radar,7,24,43,1,75,0,1,26,11,38,7,25,69,12,113,9,18,27,140
05/03/2014,BIS,ND,AGL,CE,Combined TRACON& Tower with Radar,9,24,25,6,64,0,9,64,15,88,9,33,89,21,152,46,0,46,198
05/04/2014,BIS,ND,AGL,CE,Combined TRACON& Tower with Radar,6,19,9,2,36,0,0,15,6,21,6,19,24,8,57,0,4,4,61
05/05/2014,BIS,ND,AGL,CE,Combined TRACON& Tower with Radar,9,26,45,5,85,0,2,69,7,78,9,28,114,12,163,70,10,80,243
05/06/2014,BIS,ND,AGL,CE,Combined TRACON& Tower with Radar,6,33,63,4,106,0,1,28,5,34,6,34,91,9,140,12,4,16,156
05/07/2014,BIS,ND,AGL,CE,Combined TRACON& Tower with Radar,4,35,55,2,96,0,0,12,1,13,4,35,67,3,109,18,0,18,127
05/08/2014,BIS,ND,AGL,CE,Combined TRACON& Tower with Radar,5,34,55,3,97,0,4,21,7,32,5,38,76,10,129,16,0,16,145
05/09/2014,BIS,ND,AGL,CE,Combined TRACON& Tower with Radar,9,30,29,1,69,0,3,82,6,91,9,33,111,7,160,106,0,106,266
05/10/2014,BIS,ND,AGL,CE,Combined TRACON& Tower with Radar,6,24,12,0,42,0,2,16,0,18,6,26,28,0,60,3,0,3,63
05/11/2014,BIS,ND,AGL,CE,Combined TRACON& Tower with Radar,3,13,8,0,24,0,0,3,0,3,3,13,11,0,27,0,0,0,27
05/12/2014,BIS,ND,AGL,CE,Combined TRACON& Tower with Radar,8,19,53,1,81,0,0,11,2,13,8,19,64,3,94,52,0,52,146
05/13/2014,BIS,ND,AGL,CE,Combined TRACON& Tower with Radar,4,27,50,1,82,0,0,35,3,38,4,27,85,4,120,26,0,26,146
05/14/2014,BIS,ND,AGL,CE,Combined TRACON& Tower with Radar,4,36,49,0,89,0,3,70,13,86,4,39,119,13,175,26,0,26,201
05/15/2014,BIS,ND,AGL,CE,Combined TRACON& Tower with Radar,6,27,43,4,80,0,6,54,11,71,6,33,97,15,151,43,0,43,194
05/16/2014,BIS,ND,AGL,CE,Combined TRACON& Tower with Radar,9,27,22,1,59,0,1,44,1,46,9,28,66,2,105,66,0,66,171
05/17/2014,BIS,ND,AGL,CE,Combined TRACON& Tower with Radar,5,24,20,0,49,0,6,32,0,38,5,30,52,0,87,104,0,104,191
05/18/2014,BIS,ND,AGL,CE,Combined TRACON& Tower with Radar,5,19,10,0,34,0,3,46,1,50,5,22,56,1,84,50,0,50,134
05/19/2014,BIS,ND,AGL,CE,Combined TRACON& Tower with Radar,9,25,44,0,78,0,0,59,1,60,9,25,103,1,138,92,0,92,230
05/20/2014,BIS,ND,AGL,CE,Combined TRACON& Tower with Radar,7,46,66,0,119,0,8,58,4,70,7,54,124,4,189,84,0,84,273
05/21/2014,BIS,ND,AGL,CE,Combined TRACON& Tower with Radar,8,38,69,0,115,0,1,131,14,146,8,39,200,14,261,156,4,160,421
05/22/2014,BIS,ND,AGL,CE,Combined TRACON& Tower with Radar,5,39,104,3,151,0,0,93,7,100,5,39,197,10,251,72,0,72,323
05/23/2014,BIS,ND,AGL,CE,Combined TRACON& Tower with Radar,8,33,34,0,75,0,2,56,2,60,8,35,90,2,135,116,0,116,251
05/24/2014,BIS,ND,AGL,CE,Combined TRACON& Tower with Radar,7,23,7,0,37,0,0,26,0,26,7,23,33,0,63,24,0,24,87
05/25/2014,BIS,ND,AGL,CE,Combined TRACON& Tower with Radar,2,14,13,0,29,0,4,26,4,34,2,18,39,4,63,80,26,106,169
05/26/2014,BIS,ND,AGL,CE,Combined TRACON& Tower with Radar,10,19,13,0,42,0,2,20,2,24,10,21,33,2,66,61,0,61,127
05/27/2014,BIS,ND,AGL,CE,Combined TRACON& Tower with Radar,6,21,33,3,63,0,0,49,2,51,6,21,82,5,114,52,0,52,166
05/28/2014,BIS,ND,AGL,CE,Combined TRACON& Tower with Radar,5,32,55,6,98,0,7,56,4,67,5,39,111,10,165,129,0,129,294
05/29/2014,BIS,ND,AGL,CE,Combined TRACON& Tower with Radar,4,36,38,5,83,0,2,38,10,50,4,38,76,15,133,0,0,0,133
05/30/2014,BIS,ND,AGL,CE,Combined TRACON& Tower with Radar,8,33,18,0,59,0,0,23,4,27,8,33,41,4,86,26,0,26,112
05/31/2014,BIS,ND,AGL,CE,Combined TRACON& Tower with Radar,7,25,13,1,46,0,0,16,3,19,7,25,29,4,65,74,0,74,139
06/01/2014,BIS,ND,AGL,CE,Combined TRACON& Tower with Radar,6,19,8,3,36,0,0,20,0,20,6,19,28,3,56,82,0,82,138
06/02/2014,BIS,ND,AGL,CE,Combined TRACON& Tower with Radar,9,23,42,5,79,0,4,13,1,18,9,27,55,6,97,5,0,5,102
06/03/2014,BIS,ND,AGL,CE,Combined TRACON& Tower with Radar,5,29,34,6,74,0,4,52,11,67,5,33,86,17,141,74,2,76,217
06/04/2014,BIS,ND,AGL,CE,Combined TRACON& Tower with Radar,8,33,41,0,82,0,0,45,0,45,8,33,86,0,127,62,0,62,189
06/05/2014,BIS,ND,AGL,CE,Combined TRACON& Tower with Radar,6,31,62,1,100,0,1,43,7,51,6,32,105,8,151,92,0,92,243
06/06/2014,BIS,ND,AGL,CE,Combined TRACON& Tower with Radar,7,27,38,0,72,0,0,23,2,25,7,27,61,2,97,23,0,23,120
06/07/2014,BIS,ND,AGL,CE,Combined TRACON& Tower with Radar,6,28,17,2,53,0,0,42,7,49,6,28,59,9,102,54,0,54,156
06/08/2014,BIS,ND,AGL,CE,Combined TRACON& Tower with Radar,7,15,15,1,38,0,0,48,8,56,7,15,63,9,94,29,0,29,123
06/09/2014,BIS,ND,AGL,CE,Combined TRACON& Tower with Radar,8,21,38,1,68,0,1,35,3,39,8,22,73,4,107,2,0,2,109
06/10/2014,BIS,ND,AGL,CE,Combined TRACON& Tower with Radar,6,28,37,4,75,0,0,50,5,55,6,28,87,9,130,76,0,76,206
06/11/2014,BIS,ND,AGL,CE,Combined TRACON& Tower with Radar,8,27,58,2,95,0,3,20,11,34,8,30,78,13,129,2,0,2,131
06/12/2014,BIS,ND,AGL,CE,Combined TRACON& Tower with Radar,6,31,62,4,103,0,0,75,13,88,6,31,137,17,191,92,0,92,283
06/13/2014,BIS,ND,AGL,CE,Combined TRACON& Tower with Radar,8,33,38,7,86,0,2,18,10,30,8,35,56,17,116,0,0,0,116
06/14/2014,BIS,ND,AGL,CE,Combined TRACON& Tower with Radar,5,26,16,4,51,0,4,9,0,13,5,30,25,4,64,0,0,0,64
06/15/2014,BIS,ND,AGL,CE,Combined TRACON& Tower with Radar,4,20,23,0,47,0,0,10,1,11,4,20,33,1,58,0,0,0,58
06/16/2014,BIS,ND,AGL,CE,Combined TRACON& Tower with Radar,8,22,40,3,73,0,4,34,14,52,8,26,74,17,125,43,17,60,185
06/17/2014,BIS,ND,AGL,CE,Combined TRACON& Tower with Radar,4,32,51,2,89,0,0,24,12,36,4,32,75,14,125,0,0,0,125
06/18/2014,BIS,ND,AGL,CE,Combined TRACON& Tower with Radar,7,36,36,0,79,0,0,12,4,16,7,36,48,4,95,26,0,26,121
06/19/2014,BIS,ND,AGL,CE,Combined TRACON& Tower with Radar,6,30,69,4,109,0,2,23,2,27,6,32,92,6,136,31,0,31,167
06/20/2014,BIS,ND,AGL,CE,Combined TRACON& Tower with Radar,9,27,43,2,81,0,4,40,0,44,9,31,83,2,125,4,0,4,129
06/21/2014,BIS,ND,AGL,CE,Combined TRACON& Tower with Radar,6,25,9,2,42,0,2,19,1,22,6,27,28,3,64,6,0,6,70
06/22/2014,BIS,ND,AGL,CE,Combined TRACON& Tower with Radar,7,21,18,1,47,0,0,28,0,28,7,21,46,1,75,36,0,36,111
06/23/2014,BIS,ND,AGL,CE,Combined TRACON& Tower with Radar,10,23,43,2,78,0,4,53,16,73,10,27,96,18,151,118,4,122,273
06/24/2014,BIS,ND,AGL,CE,Combined TRACON& Tower with Radar,4,28,81,2,115,0,12,39,0,51,4,40,120,2,166,44,0,44,210
06/25/2014,BIS,ND,AGL,CE,Combined TRACON& Tower with Radar,7,32,63,5,107,0,2,36,2,40,7,34,99,7,147,32,0,32,179
06/26/2014,BIS,ND,AGL,CE,Combined TRACON& Tower with Radar,4,34,65,0,103,0,0,28,7,35,4,34,93,7,138,18,0,18,156
06/27/2014,BIS,ND,AGL,CE,Combined TRACON& Tower with Radar,12,29,35,2,78,0,2,16,0,18,12,31,51,2,96,12,0,12,108
06/28/2014,BIS,ND,AGL,CE,Combined TRACON& Tower with Radar,5,24,11,0,40,0,0,0,0,0,5,24,11,0,40,0,0,0,40
06/29/2014,BIS,ND,AGL,CE,Combined TRACON& Tower with Radar,4,12,3,0,19,0,0,5,1,6,4,12,8,1,25,2,0,2,27
06/30/2014,BIS,ND,AGL,CE,Combined TRACON& Tower with Radar,10,16,34,2,62,0,0,12,3,15,10,16,46,5,77,8,4,12,89
07/01/2014,BIS,ND,AGL,CE,Combined TRACON& Tower with Radar,7,19,42,8,76,0,4,20,19,43,7,23,62,27,119,3,0,3,122
07/02/2014,BIS,ND,AGL,CE,Combined TRACON& Tower with Radar,11,25,32,2,70,0,0,58,5,63,11,25,90,7,133,51,0,51,184
07/03/2014,BIS,ND,AGL,CE,Combined TRACON& Tower with Radar,7,31,38,1,77,0,0,63,5,68,7,31,101,6,145,80,4,84,229
07/04/2014,BIS,ND,AGL,CE,Combined TRACON& Tower with Radar,9,6,0,0,15,0,0,20,1,21,9,6,20,1,36,0,0,0,36
07/05/2014,BIS,ND,AGL,CE,Combined TRACON& Tower with Radar,6,22,2,0,30,0,3,24,1,28,6,25,26,1,58,10,0,10,68
07/06/2014,BIS,ND,AGL,CE,Combined TRACON& Tower with Radar,5,17,14,0,36,0,0,25,0,25,5,17,39,0,61,0,0,0,61
07/07/2014,BIS,ND,AGL,CE,Combined TRACON& Tower with Radar,11,18,31,3,63,0,4,54,3,61,11,22,85,6,124,41,16,57,181
07/08/2014,BIS,ND,AGL,CE,Combined TRACON& Tower with Radar,7,24,35,7,73,0,5,76,14,95,7,29,111,21,168,112,14,126,294
07/09/2014,BIS,ND,AGL,CE,Combined TRACON& Tower with Radar,11,26,39,7,83,0,0,65,30,95,11,26,104,37,178,50,16,66,244
07/10/2014,BIS,ND,AGL,CE,Combined TRACON& Tower with Radar,5,30,50,7,92,0,3,59,17,79,5,33,109,24,171,86,14,100,271
07/11/2014,BIS,ND,AGL,CE,Combined TRACON& Tower with Radar,8,26,20,4,58,0,2,23,3,28,8,28,43,7,86,14,0,14,100
07/12/2014,BIS,ND,AGL,CE,Combined TRACON& Tower with Radar,8,24,14,2,48,0,7,20,0,27,8,31,34,2,75,54,0,54,129
07/13/2014,BIS,ND,AGL,CE,Combined TRACON& Tower with Radar,5,17,11,1,34,0,0,40,1,41,5,17,51,2,75,2,0,2,77
07/14/2014,BIS,ND,AGL,CE,Combined TRACON& Tower with Radar,11,20,41,0,72,0,1,42,4,47,11,21,83,4,119,4,0,4,123
07/15/2014,BIS,ND,AGL,CE,Combined TRACON& Tower with Radar,7,22,43,0,72,0,2,78,2,82,7,24,121,2,154,50,0,50,204
07/16/2014,BIS,ND,AGL,CE,Combined TRACON& Tower with Radar,9,22,48,0,79,0,2,61,7,70,9,24,109,7,149,48,0,48,197
07/17/2014,BIS,ND,AGL,CE,Combined TRACON& Tower with Radar,5,25,68,0,98,0,2,72,5,79,5,27,140,5,177,22,0,22,199
07/18/2014,BIS,ND,AGL,CE,Combined TRACON& Tower with Radar,9,23,45,2,79,0,7,44,3,54,9,30,89,5,133,66,0,66,199
07/19/2014,BIS,ND,AGL,CE,Combined TRACON& Tower with Radar,8,21,13,0,42,0,16,48,3,67,8,37,61,3,109,63,0,63,172
07/20/2014,BIS,ND,AGL,CE,Combined TRACON& Tower with Radar,5,19,19,0,43,0,0,23,2,25,5,19,42,2,68,26,0,26,94
07/21/2014,BIS,ND,AGL,CE,Combined TRACON& Tower with Radar,11,18,22,2,53,0,2,41,0,43,11,20,63,2,96,32,0,32,128
07/22/2014,BIS,ND,AGL,CE,Combined TRACON& Tower with Radar,7,30,43,2,82,0,0,81,2,83,7,30,124,4,165,54,0,54,219
07/23/2014,BIS,ND,AGL,CE,Combined TRACON& Tower with Radar,9,22,56,1,88,0,3,38,6,47,9,25,94,7,135,56,0,56,191
07/24/2014,BIS,ND,AGL,CE,Combined TRACON& Tower with Radar,5,28,40,0,73,0,2,30,8,40,5,30,70,8,113,44,0,44,157
07/25/2014,BIS,ND,AGL,CE,Combined TRACON& Tower with Radar,9,25,43,1,78,0,5,48,4,57,9,30,91,5,135,52,11,63,198
07/26/2014,BIS,ND,AGL,CE,Combined TRACON& Tower with Radar,8,25,21,0,54,0,4,28,0,32,8,29,49,0,86,36,0,36,122
07/27/2014,BIS,ND,AGL,CE,Combined TRACON& Tower with Radar,5,24,24,0,53,0,2,21,0,23,5,26,45,0,76,16,0,16,92
07/28/2014,BIS,ND,AGL,CE,Combined TRACON& Tower with Radar,11,15,36,0,62,0,0,54,2,56,11,15,90,2,118,66,0,66,184
07/29/2014,BIS,ND,AGL,CE,Combined TRACON& Tower with Radar,8,23,48,1,80,0,2,35,5,42,8,25,83,6,122,36,0,36,158
07/30/2014,BIS,ND,AGL,CE,Combined TRACON& Tower with Radar,9,27,66,0,102,0,5,64,4,73,9,32,130,4,175,2,0,2,177
07/31/2014,BIS,ND,AGL,CE,Combined TRACON& Tower with Radar,5,26,61,3,95,0,2,84,24,110,5,28,145,27,205,104,14,118,323
08/01/2014,BIS,ND,AGL,CE,Combined TRACON& Tower with Radar,11,30,38,0,79,0,1,50,2,53,11,31,88,2,132,84,0,84,216
08/02/2014,BIS,ND,AGL,CE,Combined TRACON& Tower with Radar,8,23,17,0,48,0,5,62,2,69,8,28,79,2,117,30,0,30,147
08/03/2014,BIS,ND,AGL,CE,Combined TRACON& Tower with Radar,5,21,19,0,45,0,6,34,3,43,5,27,53,3,88,131,0,131,219
08/04/2014,BIS,ND,AGL,CE,Combined TRACON& Tower with Radar,13,16,38,2,69,0,4,36,3,43,13,20,74,5,112,62,0,62,174
08/05/2014,BIS,ND,AGL,CE,Combined TRACON& Tower with Radar,7,24,36,0,67,0,1,34,5,40,7,25,70,5,107,32,0,32,139
08/06/2014,BIS,ND,AGL,CE,Combined TRACON& Tower with Radar,9,27,41,0,77,0,2,45,4,51,9,29,86,4,128,30,0,30,158
08/07/2014,BIS,ND,AGL,CE,Combined TRACON& Tower with Radar,5,29,65,3,102,0,0,39,9,48,5,29,104,12,150,28,0,28,178
08/08/2014,BIS,ND,AGL,CE,Combined TRACON& Tower with Radar,9,27,49,4,89,0,2,48,8,58,9,29,97,12,147,16,0,16,163
08/09/2014,BIS,ND,AGL,CE,Combined TRACON& Tower with Radar,8,22,12,0,42,0,3,11,0,14,8,25,23,0,56,12,0,12,68
08/10/2014,BIS,ND,AGL,CE,Combined TRACON& Tower with Radar,7,18,21,2,48,0,4,26,0,30,7,22,47,2,78,98,0,98,176
08/11/2014,BIS,ND,AGL,CE,Combined TRACON& Tower with Radar,11,16,42,3,72,0,4,55,7,66,11,20,97,10,138,124,0,124,262
08/12/2014,BIS,ND,AGL,CE,Combined TRACON& Tower with Radar,7,22,48,0,77,0,0,62,14,76,7,22,110,14,153,56,0,56,209
08/13/2014,BIS,ND,AGL,CE,Combined TRACON& Tower with Radar,7,28,60,1,96,0,2,56,9,67,7,30,116,10,163,38,0,38,201
08/14/2014,BIS,ND,AGL,CE,Combined TRACON& Tower with Radar,13,31,59,0,103,0,4,56,8,68,13,35,115,8,171,43,0,43,214
08/15/2014,BIS,ND,AGL,CE,Combined TRACON& Tower with Radar,7,23,60,0,90,0,5,22,3,30,7,28,82,3,120,30,0,30,150
08/16/2014,BIS,ND,AGL,CE,Combined TRACON& Tower with Radar,6,25,15,1,47,0,0,8,1,9,6,25,23,2,56,8,0,8,64
08/17/2014,BIS,ND,AGL,CE,Combined TRACON& Tower with Radar,7,20,17,0,44,0,0,29,1,30,7,20,46,1,74,78,0,78,152
08/18/2014,BIS,ND,AGL,CE,Combined TRACON& Tower with Radar,9,17,75,1,102,0,0,29,7,36,9,17,104,8,138,22,0,22,160
08/19/2014,BIS,ND,AGL,CE,Combined TRACON& Tower with Radar,8,21,52,2,83,0,0,73,5,78,8,21,125,7,161,66,1,67,228
08/20/2014,BIS,ND,AGL,CE,Combined TRACON& Tower with Radar,8,23,36,1,68,0,2,22,1,25,8,25,58,2,93,10,0,10,103
08/21/2014,BIS,ND,AGL,CE,Combined TRACON& Tower with Radar,11,25,40,4,80,0,0,31,3,34,11,25,71,7,114,42,0,42,156
08/22/2014,BIS,ND,AGL,CE,Combined TRACON& Tower with Radar,7,23,28,2,60,0,0,7,0,7,7,23,35,2,67,4,0,4,71
08/23/2014,BIS,ND,AGL,CE,Combined TRACON& Tower with Radar,10,17,14,2,43,0,0,0,0,0,10,17,14,2,43,0,0,0,43
08/24/2014,BIS,ND,AGL,CE,Combined TRACON& Tower with Radar,9,17,35,2,63,0,0,2,1,3,9,17,37,3,66,0,0,0,66
08/25/2014,BIS,ND,AGL,CE,Combined TRACON& Tower with Radar,7,16,41,2,66,0,3,23,0,26,7,19,64,2,92,14,0,14,106
08/26/2014,BIS,ND,AGL,CE,Combined TRACON& Tower with Radar,10,31,45,2,88,0,3,86,0,89,10,34,131,2,177,32,0,32,209
08/27/2014,BIS,ND,AGL,CE,Combined TRACON& Tower with Radar,8,24,39,2,73,0,3,65,0,68,8,27,104,2,141,70,0,70,211
08/28/2014,BIS,ND,AGL,CE,Combined TRACON& Tower with Radar,10,31,65,3,109,0,6,34,0,40,10,37,99,3,149,52,0,52,201
08/29/2014,BIS,ND,AGL,CE,Combined TRACON& Tower with Radar,5,25,38,1,69,0,0,23,4,27,5,25,61,5,96,70,0,70,166
08/30/2014,BIS,ND,AGL,CE,Combined TRACON& Tower with Radar,3,22,21,1,47,0,2,26,0,28,3,24,47,1,75,80,0,80,155
08/31/2014,BIS,ND,AGL,CE,Combined TRACON& Tower with Radar,7,12,14,0,33,0,2,16,0,18,7,14,30,0,51,16,0,16,67
09/01/2014,BIS,ND,AGL,CE,Combined TRACON& Tower with Radar,3,16,15,0,34,0,1,23,0,24,3,17,38,0,58,18,0,18,76
09/02/2014,BIS,ND,AGL,CE,Combined TRACON& Tower with Radar,4,22,39,0,65,0,2,49,0,51,4,24,88,0,116,82,0,82,198
09/03/2014,BIS,ND,AGL,CE,Combined TRACON& Tower with Radar,5,29,63,2,99,0,2,98,4,104,5,31,161,6,203,150,1,151,354
09/04/2014,BIS,ND,AGL,CE,Combined TRACON& Tower with Radar,7,30,44,0,81,0,4,18,2,24,7,34,62,2,105,12,0,12,117
09/05/2014,BIS,ND,AGL,CE,Combined TRACON& Tower with Radar,2,29,30,0,61,0,3,65,1,69,2,32,95,1,130,80,0,80,210
09/06/2014,BIS,ND,AGL,CE,Combined TRACON& Tower with Radar,3,23,17,0,43,0,1,54,6,61,3,24,71,6,104,36,0,36,140
09/07/2014,BIS,ND,AGL,CE,Combined TRACON& Tower with Radar,11,18,17,0,46,0,3,52,5,60,11,21,69,5,106,64,12,76,182
09/08/2014,BIS,ND,AGL,CE,Combined TRACON& Tower with Radar,6,19,46,1,72,0,1,72,6,79,6,20,118,7,151,74,4,78,229
09/09/2014,BIS,ND,AGL,CE,Combined TRACON& Tower with Radar,4,28,40,0,72,0,1,4,0,5,4,29,44,0,77,0,0,0,77
09/10/2014,BIS,ND,AGL,CE,Combined TRACON& Tower with Radar,6,22,55,2,85,0,2,23,3,28,6,24,78,5,113,14,0,14,127
09/11/2014,BIS,ND,AGL,CE,Combined TRACON& Tower with Radar,10,29,55,0,94,0,0,61,9,70,10,29,116,9,164,56,0,56,220
09/12/2014,BIS,ND,AGL,CE,Combined TRACON& Tower with Radar,6,29,45,1,81,0,3,85,18,106,6,32,130,19,187,34,0,34,221
09/13/2014,BIS,ND,AGL,CE,Combined TRACON& Tower with Radar,7,22,10,1,40,0,5,36,5,46,7,27,46,6,86,66,74,140,226
09/14/2014,BIS,ND,AGL,CE,Combined TRACON& Tower with Radar,7,17,12,0,36,0,5,55,6,66,7,22,67,6,102,86,0,86,188
09/15/2014,BIS,ND,AGL,CE,Combined TRACON& Tower with Radar,5,18,38,0,61,0,0,27,0,27,5,18,65,0,88,30,0,30,118
09/16/2014,BIS,ND,AGL,CE,Combined TRACON& Tower with Radar,3,31,54,0,88,0,8,77,0,85,3,39,131,0,173,11,0,11,184
09/17/2014,BIS,ND,AGL,CE,Combined TRACON& Tower with Radar,8,24,40,0,72,0,7,81,9,97,8,31,121,9,169,75,0,75,244
09/18/2014,BIS,ND,AGL,CE,Combined TRACON& Tower with Radar,6,31,58,0,95,0,2,72,8,82,6,33,130,8,177,33,22,55,232
09/19/2014,BIS,ND,AGL,CE,Combined TRACON& Tower with Radar,6,26,37,7,76,0,2,61,0,63,6,28,98,7,139,22,0,22,161
09/20/2014,BIS,ND,AGL,CE,Combined TRACON& Tower with Radar,2,21,22,0,45,0,2,28,0,30,2,23,50,0,75,52,0,52,127
09/21/2014,BIS,ND,AGL,CE,Combined TRACON& Tower with Radar,11,15,29,1,56,0,3,65,0,68,11,18,94,1,124,141,0,141,265
09/22/2014,BIS,ND,AGL,CE,Combined TRACON& Tower with Radar,5,18,44,0,67,0,0,56,2,58,5,18,100,2,125,90,0,90,215
09/23/2014,BIS,ND,AGL,CE,Combined TRACON& Tower with Radar,2,30,44,0,76,0,0,39,0,39,2,30,83,0,115,8,0,8,123
09/24/2014,BIS,ND,AGL,CE,Combined TRACON& Tower with Radar,1,35,45,1,82,0,6,49,1,56,1,41,94,2,138,30,0,30,168
09/25/2014,BIS,ND,AGL,CE,Combined TRACON& Tower with Radar,7,27,52,0,86,0,4,57,3,64,7,31,109,3,150,74,0,74,224
09/26/2014,BIS,ND,AGL,CE,Combined TRACON& Tower with Radar,3,32,32,1,68,0,1,53,3,57,3,33,85,4,125,48,0,48,173
09/27/2014,BIS,ND,AGL,CE,Combined TRACON& Tower with Radar,3,24,13,0,40,0,9,56,0,65,3,33,69,0,105,48,0,48,153
09/28/2014,BIS,ND,AGL,CE,Combined TRACON& Tower with Radar,11,21,12,0,44,0,1,15,0,16,11,22,27,0,60,10,0,10,70
09/29/2014,BIS,ND,AGL,CE,Combined TRACON& Tower with Radar,5,17,60,0,82,0,0,5,0,5,5,17,65,0,87,46,0,46,133
09/30/2014,BIS,ND,AGL,CE,Combined TRACON& Tower with Radar,1,44,45,0,90,0,0,1,0,1,1,44,46,0,91,0,0,0,91
10/01/2014,BIS,ND,AGL,CE,Combined TRACON& Tower with Radar,4,29,43,0,76,0,2,20,1,23,4,31,63,1,99,0,0,0,99
10/02/2014,BIS,ND,AGL,CE,Combined TRACON& Tower with Radar,11,28,35,3,77,0,2,37,18,57,11,30,72,21,134,18,0,18,152
10/03/2014,BIS,ND,AGL,CE,Combined TRACON& Tower with Radar,6,27,42,0,75,0,0,16,14,30,6,27,58,14,105,6,0,6,111
10/04/2014,BIS,ND,AGL,CE,Combined TRACON& Tower with Radar,8,24,12,1,45,0,8,56,27,91,8,32,68,28,136,102,62,164,300
10/05/2014,BIS,ND,AGL,CE,Combined TRACON& Tower with Radar,11,23,14,1,49,0,4,11,9,24,11,27,25,10,73,0,7,7,80
10/06/2014,BIS,ND,AGL,CE,Combined TRACON& Tower with Radar,5,24,33,3,65,0,2,31,3,36,5,26,64,6,101,8,0,8,109
10/07/2014,BIS,ND,AGL,CE,Combined TRACON& Tower with Radar,5,35,59,4,103,0,2,71,12,85,5,37,130,16,188,36,0,36,224
10/08/2014,BIS,ND,AGL,CE,Combined TRACON& Tower with Radar,5,30,42,4,81,0,0,65,14,79,5,30,107,18,160,100,0,100,260
10/09/2014,BIS,ND,AGL,CE,Combined TRACON& Tower with Radar,11,29,54,2,96,0,3,85,17,105,11,32,139,19,201,130,0,130,331
10/10/2014,BIS,ND,AGL,CE,Combined TRACON& Tower with Radar,8,28,36,1,73,0,3,84,4,91,8,31,120,5,164,70,6,76,240
10/11/2014,BIS,ND,AGL,CE,Combined TRACON& Tower with Radar,8,20,20,0,48,0,2,48,0,50,8,22,68,0,98,70,0,70,168
10/12/2014,BIS,ND,AGL,CE,Combined TRACON& Tower with Radar,11,18,10,0,39,0,1,23,0,24,11,19,33,0,63,72,0,72,135
10/13/2014,BIS,ND,AGL,CE,Combined TRACON& Tower with Radar,9,24,60,0,93,0,1,56,2,59,9,25,116,2,152,38,0,38,190
10/14/2014,BIS,ND,AGL,CE,Combined TRACON& Tower with Radar,5,30,51,7,93,0,1,66,6,73,5,31,117,13,166,94,0,94,260
10/15/2014,BIS,ND,AGL,CE,Combined TRACON& Tower with Radar,5,29,36,2,72,0,6,38,15,59,5,35,74,17,131,22,0,22,153
10/16/2014,BIS,ND,AGL,CE,Combined TRACON& Tower with Radar,11,30,67,0,108,0,0,8,8,16,11,30,75,8,124,0,0,0,124
10/17/2014,BIS,ND,AGL,CE,Combined TRACON& Tower with Radar,17,33,24,3,77,0,0,13,1,14,17,33,37,4,91,4,0,4,95
10/18/2014,BIS,ND,AGL,CE,Combined TRACON& Tower with Radar,8,18,19,0,45,0,1,51,0,52,8,19,70,0,97,158,0,158,255
10/19/2014,BIS,ND,AGL,CE,Combined TRACON& Tower with Radar,11,19,12,0,42,0,1,46,0,47,11,20,58,0,89,155,0,155,244
10/20/2014,BIS,ND,AGL,CE,Combined TRACON& Tower with Radar,7,21,29,3,60,0,11,69,13,93,7,32,98,16,153,146,0,146,299
10/21/2014,BIS,ND,AGL,CE,Combined TRACON& Tower with Radar,5,26,39,2,72,0,2,56,9,67,5,28,95,11,139,8,0,8,147
10/22/2014,BIS,ND,AGL,CE,Combined TRACON& Tower with Radar,5,34,55,1,95,0,5,36,9,50,5,39,91,10,145,26,0,26,171
10/23/2014,BIS,ND,AGL,CE,Combined TRACON& Tower with Radar,13,31,60,0,104,0,0,54,9,63,13,31,114,9,167,34,0,34,201
10/24/2014,BIS,ND,AGL,CE,Combined TRACON& Tower with Radar,8,26,39,0,73,0,1,48,0,49,8,27,87,0,122,34,0,34,156
10/25/2014,BIS,ND,AGL,CE,Combined TRACON& Tower with Radar,8,20,18,2,48,0,0,52,0,52,8,20,70,2,100,66,0,66,166
10/26/2014,BIS,ND,AGL,CE,Combined TRACON& Tower with Radar,13,21,8,1,43,0,5,40,0,45,13,26,48,1,88,118,0,118,206
10/27/2014,BIS,ND,AGL,CE,Combined TRACON& Tower with Radar,7,25,29,3,64,0,1,22,2,25,7,26,51,5,89,26,8,34,123
10/28/2014,BIS,ND,AGL,CE,Combined TRACON& Tower with Radar,5,28,45,3,81,0,0,13,0,13,5,28,58,3,94,16,0,16,110
10/29/2014,BIS,ND,AGL,CE,Combined TRACON& Tower with Radar,7,28,43,1,79,0,0,52,0,52,7,28,95,1,131,42,0,42,173
10/30/2014,BIS,ND,AGL,CE,Combined TRACON& Tower with Radar,11,28,44,2,85,0,0,11,6,17,11,28,55,8,102,0,2,2,104
10/31/2014,BIS,ND,AGL,CE,Combined TRACON& Tower with Radar,7,28,34,0,69,0,0,48,5,53,7,28,82,5,122,26,0,26,148
11/01/2014,BIS,ND,AGL,CE,Combined TRACON& Tower with Radar,5,25,5,1,36,0,3,14,18,35,5,28,19,19,71,44,0,44,115
11/02/2014,BIS,ND,AGL,CE,Combined TRACON& Tower with Radar,12,24,9,0,45,0,0,29,3,32,12,24,38,3,77,46,0,46,123
11/03/2014,BIS,ND,AGL,CE,Combined TRACON& Tower with Radar,8,20,44,0,72,0,0,39,0,39,8,20,83,0,111,112,0,112,223
11/04/2014,BIS,ND,AGL,CE,Combined TRACON& Tower with Radar,8,25,56,3,92,0,1,47,11,59,8,26,103,14,151,130,0,130,281
11/05/2014,BIS,ND,AGL,CE,Combined TRACON& Tower with Radar,6,37,35,0,78,0,0,2,0,2,6,37,37,0,80,0,0,0,80
11/06/2014,BIS,ND,AGL,CE,Combined TRACON& Tower with Radar,11,29,49,2,91,0,3,75,18,96,11,32,124,20,187,108,2,110,297
11/07/2014,BIS,ND,AGL,CE,Combined TRACON& Tower with Radar,8,25,20,2,55,0,0,4,0,4,8,25,24,2,59,0,0,0,59
11/08/2014,BIS,ND,AGL,CE,Combined TRACON& Tower with Radar,6,22,8,0,36,0,1,42,0,43,6,23,50,0,79,84,0,84,163
11/09/2014,BIS,ND,AGL,CE,Combined TRACON& Tower with Radar,14,19,11,0,44,0,0,0,0,0,14,19,11,0,44,0,0,0,44
11/10/2014,BIS,ND,AGL,CE,Combined TRACON& Tower with Radar,8,19,28,0,55,0,0,3,0,3,8,19,31,0,58,10,0,10,68
11/11/2014,BIS,ND,AGL,CE,Combined TRACON& Tower with Radar,7,27,36,0,70,0,0,19,0,19,7,27,55,0,89,26,0,26,115
11/12/2014,BIS,ND,AGL,CE,Combined TRACON& Tower with Radar,6,28,52,0,86,0,0,2,0,2,6,28,54,0,88,0,0,0,88
11/13/2014,BIS,ND,AGL,CE,Combined TRACON& Tower with Radar,14,24,53,1,92,0,0,29,4,33,14,24,82,5,125,42,0,42,167
11/14/2014,BIS,ND,AGL,CE,Combined TRACON& Tower with Radar,8,26,54,2,90,0,1,29,1,31,8,27,83,3,121,40,0,40,161
11/15/2014,BIS,ND,AGL,CE,Combined TRACON& Tower with Radar,8,20,10,0,38,0,0,6,0,6,8,20,16,0,44,10,0,10,54
11/16/2014,BIS,ND,AGL,CE,Combined TRACON& Tower with Radar,12,18,8,2,40,0,0,0,0,0,12,18,8,2,40,0,0,0,40
11/17/2014,BIS,ND,AGL,CE,Combined TRACON& Tower with Radar,8,20,31,2,61,0,0,12,9,21,8,20,43,11,82,0,0,0,82
11/18/2014,BIS,ND,AGL,CE,Combined TRACON& Tower with Radar,6,32,56,2,96,0,1,23,3,27,6,33,79,5,123,6,20,26,149
11/19/2014,BIS,ND,AGL,CE,Combined TRACON& Tower with Radar,6,29,38,9,82,0,1,5,1,7,6,30,43,10,89,0,10,10,99
11/20/2014,BIS,ND,AGL,CE,Combined TRACON& Tower with Radar,10,27,57,2,96,0,1,39,12,52,10,28,96,14,148,28,0,28,176
11/21/2014,BIS,ND,AGL,CE,Combined TRACON& Tower with Radar,10,29,29,1,69,0,0,45,9,54,10,29,74,10,123,50,0,50,173
11/22/2014,BIS,ND,AGL,CE,Combined TRACON& Tower with Radar,10,20,9,2,41,0,1,17,0,18,10,21,26,2,59,4,0,4,63
11/23/2014,BIS,ND,AGL,CE,Combined TRACON& Tower with Radar,10,18,10,0,38,0,0,11,0,11,10,18,21,0,49,36,0,36,85
11/24/2014,BIS,ND,AGL,CE,Combined TRACON& Tower with Radar,10,23,39,0,72,0,4,29,6,39,10,27,68,6,111,38,4,42,153
11/25/2014,BIS,ND,AGL,CE,Combined TRACON& Tower with Radar,8,37,54,0,99,0,1,1,0,2,8,38,55,0,101,0,0,0,101
11/26/2014,BIS,ND,AGL,CE,Combined TRACON& Tower with Radar,11,31,19,0,61,0,1,15,0,16,11,32,34,0,77,32,0,32,109
11/27/2014,BIS,ND,AGL,CE,Combined TRACON& Tower with Radar,4,17,8,0,29,0,0,2,0,2,4,17,10,0,31,0,0,0,31
11/28/2014,BIS,ND,AGL,CE,Combined TRACON& Tower with Radar,9,21,9,0,39,0,2,22,0,24,9,23,31,0,63,14,0,14,77
11/29/2014,BIS,ND,AGL,CE,Combined TRACON& Tower with Radar,11,29,8,0,48,0,0,12,0,12,11,29,20,0,60,2,0,2,62
11/30/2014,BIS,ND,AGL,CE,Combined TRACON& Tower with Radar,10,19,12,0,41,0,1,18,0,19,10,20,30,0,60,40,0,40,100
12/01/2014,BIS,ND,AGL,CE,Combined TRACON& Tower with Radar,10,23,42,0,75,0,3,23,2,28,10,26,65,2,103,18,0,18,121
12/02/2014,BIS,ND,AGL,CE,Combined TRACON& Tower with Radar,4,38,56,2,100,0,4,61,7,72,4,42,117,9,172,64,0,64,236
12/03/2014,BIS,ND,AGL,CE,Combined TRACON& Tower with Radar,3,37,68,4,112,0,1,55,0,56,3,38,123,4,168,54,4,58,226
12/04/2014,BIS,ND,AGL,CE,Combined TRACON& Tower with Radar,10,36,44,1,91,0,1,37,6,44,10,37,81,7,135,46,0,46,181
12/05/2014,BIS,ND,AGL,CE,Combined TRACON& Tower with Radar,8,30,33,1,72,0,3,24,0,27,8,33,57,1,99,42,0,42,141
12/06/2014,BIS,ND,AGL,CE,Combined TRACON& Tower with Radar,5,27,12,0,44,0,2,29,2,33,5,29,41,2,77,4,0,4,81
12/07/2014,BIS,ND,AGL,CE,Combined TRACON& Tower with Radar,10,20,18,0,48,0,0,27,2,29,10,20,45,2,77,68,0,68,145
12/08/2014,BIS,ND,AGL,CE,Combined TRACON& Tower with Radar,6,25,28,0,59,0,2,3,0,5,6,27,31,0,64,24,0,24,88
12/09/2014,BIS,ND,AGL,CE,Combined TRACON& Tower with Radar,4,34,29,0,67,0,1,22,0,23,4,35,51,0,90,36,0,36,126
12/10/2014,BIS,ND,AGL,CE,Combined TRACON& Tower with Radar,6,34,52,4,96,0,12,75,1,88,6,46,127,5,184,82,0,82,266
12/11/2014,BIS,ND,AGL,CE,Combined TRACON& Tower with Radar,10,35,75,6,126,0,2,95,20,117,10,37,170,26,243,60,0,60,303
12/12/2014,BIS,ND,AGL,CE,Combined TRACON& Tower with Radar,21,33,42,3,99,0,0,21,5,26,21,33,63,8,125,0,0,0,125
12/13/2014,BIS,ND,AGL,CE,Combined TRACON& Tower with Radar,5,21,8,0,34,0,0,61,0,61,5,21,69,0,95,148,0,148,243
12/14/2014,BIS,ND,AGL,CE,Combined TRACON& Tower with Radar,12,26,11,0,49,0,0,0,0,0,12,26,11,0,49,0,0,0,49
12/15/2014,BIS,ND,AGL,CE,Combined TRACON& Tower with Radar,6,28,26,1,61,0,0,2,0,2,6,28,28,1,63,0,0,0,63
12/16/2014,BIS,ND,AGL,CE,Combined TRACON& Tower with Radar,4,36,51,1,92,0,4,15,5,24,4,40,66,6,116,42,0,42,158
12/17/2014,BIS,ND,AGL,CE,Combined TRACON& Tower with Radar,8,41,58,2,109,0,0,17,0,17,8,41,75,2,126,26,0,26,152
12/18/2014,BIS,ND,AGL,CE,Combined TRACON& Tower with Radar,6,33,36,0,75,0,0,6,0,6,6,33,42,0,81,40,0,40,121
12/19/2014,BIS,ND,AGL,CE,Combined TRACON& Tower with Radar,8,47,29,5,89,0,0,65,4,69,8,47,94,9,158,26,0,26,184
12/20/2014,BIS,ND,AGL,CE,Combined TRACON& Tower with Radar,8,32,18,0,58,0,1,40,0,41,8,33,58,0,99,10,0,10,109
12/21/2014,BIS,ND,AGL,CE,Combined TRACON& Tower with Radar,10,24,9,0,43,0,2,49,0,51,10,26,58,0,94,104,0,104,198
12/22/2014,BIS,ND,AGL,CE,Combined TRACON& Tower with Radar,8,27,11,0,46,0,0,0,0,0,8,27,11,0,46,0,0,0,46
12/23/2014,BIS,ND,AGL,CE,Combined TRACON& Tower with Radar,7,36,19,0,62,0,4,35,5,44,7,40,54,5,106,32,0,32,138
12/24/2014,BIS,ND,AGL,CE,Combined TRACON& Tower with Radar,8,36,12,0,56,0,2,18,0,20,8,38,30,0,76,0,0,0,76
12/25/2014,BIS,ND,AGL,CE,Combined TRACON& Tower with Radar,2,14,2,0,18,0,2,0,0,2,2,16,2,0,20,32,0,32,52
12/26/2014,BIS,ND,AGL,CE,Combined TRACON& Tower with Radar,11,26,17,0,54,0,2,2,0,4,11,28,19,0,58,0,0,0,58
12/27/2014,BIS,ND,AGL,CE,Combined TRACON& Tower with Radar,8,27,11,0,46,0,2,39,0,41,8,29,50,0,87,16,0,16,103
12/28/2014,BIS,ND,AGL,CE,Combined TRACON& Tower with Radar,8,23,19,0,50,0,0,2,0,2,8,23,21,0,52,0,0,0,52
12/29/2014,BIS,ND,AGL,CE,Combined TRACON& Tower with Radar,10,20,23,0,53,0,1,25,2,28,10,21,48,2,81,65,0,65,146
12/30/2014,BIS,ND,AGL,CE,Combined TRACON& Tower with Radar,7,30,27,0,64,0,0,17,0,17,7,30,44,0,81,20,0,20,101
12/31/2014,BIS,ND,AGL,CE,Combined TRACON& Tower with Radar,7,25,25,0,57,0,1,17,3,21,7,26,42,3,78,66,0,66,144
01/01/2015,BIS,ND,AGL,CE,Combined TRACON& Tower with Radar,4,16,4,0,24,0,0,5,0,5,4,16,9,0,29,26,0,26,55
01/02/2015,BIS,ND,AGL,CE,Combined TRACON& Tower with Radar,10,33,10,2,55,0,0,36,2,38,10,33,46,4,93,52,0,52,145
01/03/2015,BIS,ND,AGL,CE,Combined TRACON& Tower with Radar,5,36,8,0,49,0,2,0,0,2,5,38,8,0,51,0,0,0,51
01/04/2015,BIS,ND,AGL,CE,Combined TRACON& Tower with Radar,8,29,10,0,47,0,0,11,0,11,8,29,21,0,58,20,0,20,78
01/05/2015,BIS,ND,AGL,CE,Combined TRACON& Tower with Radar,11,22,31,1,65,0,0,5,0,5,11,22,36,1,70,0,0,0,70
01/06/2015,BIS,ND,AGL,CE,Combined TRACON& Tower with Radar,5,23,20,1,49,0,2,8,0,10,5,25,28,1,59,10,0,10,69
01/07/2015,BIS,ND,AGL,CE,Combined TRACON& Tower with Radar,7,29,28,0,64,0,0,34,0,34,7,29,62,0,98,14,0,14,112
01/08/2015,BIS,ND,AGL,CE,Combined TRACON& Tower with Radar,9,30,25,0,64,0,0,0,0,0,9,30,25,0,64,0,0,0,64
01/09/2015,BIS,ND,AGL,CE,Combined TRACON& Tower with Radar,7,29,32,0,68,0,0,14,0,14,7,29,46,0,82,34,0,34,116
01/10/2015,BIS,ND,AGL,CE,Combined TRACON& Tower with Radar,6,17,15,7,45,0,0,24,28,52,6,17,39,35,97,28,40,68,165
01/11/2015,BIS,ND,AGL,CE,Combined TRACON& Tower with Radar,13,18,6,0,37,0,0,23,0,23,13,18,29,0,60,8,0,8,68
01/12/2015,BIS,ND,AGL,CE,Combined TRACON& Tower with Radar,7,23,25,2,57,0,5,30,0,35,7,28,55,2,92,26,0,26,118
01/13/2015,BIS,ND,AGL,CE,Combined TRACON& Tower with Radar,5,32,43,1,81,0,0,31,3,34,5,32,74,4,115,74,0,74,189
01/14/2015,BIS,ND,AGL,CE,Combined TRACON& Tower with Radar,6,24,42,6,78,0,2,29,4,35,6,26,71,10,113,14,0,14,127
01/15/2015,BIS,ND,AGL,CE,Combined TRACON& Tower with Radar,15,27,47,6,95,0,0,61,0,61,15,27,108,6,156,100,0,100,256
01/16/2015,BIS,ND,AGL,CE,Combined TRACON& Tower with Radar,7,29,40,0,76,0,0,10,1,11,7,29,50,1,87,28,0,28,115
01/17/2015,BIS,ND,AGL,CE,Combined TRACON& Tower with Radar,8,20,3,0,31,0,1,1,0,2,8,21,4,0,33,0,0,0,33
01/18/2015,BIS,ND,AGL,CE,Combined TRACON& Tower with Radar,11,15,17,5,48,0,1,19,0,20,11,16,36,5,68,14,0,14,82
01/19/2015,BIS,ND,AGL,CE,Combined TRACON& Tower with Radar,7,24,32,0,63,0,0,11,0,11,7,24,43,0,74,10,0,10,84
01/20/2015,BIS,ND,AGL,CE,Combined TRACON& Tower with Radar,5,25,37,0,67,0,0,0,0,0,5,25,37,0,67,0,0,0,67
01/21/2015,BIS,ND,AGL,CE,Combined TRACON& Tower with Radar,9,25,43,7,84,0,2,25,3,30,9,27,68,10,114,26,0,26,140
01/22/2015,BIS,ND,AGL,CE,Combined TRACON& Tower with Radar,13,32,65,3,113,0,2,64,18,84,13,34,129,21,197,96,4,100,297
01/23/2015,BIS,ND,AGL,CE,Combined TRACON& Tower with Radar,7,25,24,1,57,0,0,30,5,35,7,25,54,6,92,60,0,60,152
01/24/2015,BIS,ND,AGL,CE,Combined TRACON& Tower with Radar,7,22,5,2,36,0,0,5,0,5,7,22,10,2,41,12,0,12,53
01/25/2015,BIS,ND,AGL,CE,Combined TRACON& Tower with Radar,12,19,20,0,51,0,4,39,0,43,12,23,59,0,94,44,0,44,138
01/26/2015,BIS,ND,AGL,CE,Combined TRACON& Tower with Radar,7,25,36,2,70,0,1,38,1,40,7,26,74,3,110,96,0,96,206
01/27/2015,BIS,ND,AGL,CE,Combined TRACON& Tower with Radar,7,24,44,2,77,0,2,51,0,53,7,26,95,2,130,76,0,76,206
01/28/2015,BIS,ND,AGL,CE,Combined TRACON& Tower with Radar,7,31,36,2,76,0,0,7,0,7,7,31,43,2,83,12,0,12,95
01/29/2015,BIS,ND,AGL,CE,Combined TRACON& Tower with Radar,11,25,27,4,67,0,0,36,15,51,11,25,63,19,118,98,4,102,220
01/30/2015,BIS,ND,AGL,CE,Combined TRACON& Tower with Radar,7,31,38,2,78,0,1,55,6,62,7,32,93,8,140,28,0,28,168
01/31/2015,BIS,ND,AGL,CE,Combined TRACON& Tower with Radar,6,24,4,0,34,0,0,4,0,4,6,24,8,0,38,0,0,0,38
02/01/2015,BIS,ND,AGL,CE,Combined TRACON& Tower with Radar,13,14,7,0,34,0,0,16,0,16,13,14,23,0,50,12,0,12,62
02/02/2015,BIS,ND,AGL,CE,Combined TRACON& Tower with Radar,8,19,26,0,53,0,2,21,0,23,8,21,47,0,76,14,0,14,90
02/03/2015,BIS,ND,AGL,CE,Combined TRACON& Tower with Radar,4,27,25,1,57,0,2,10,0,12,4,29,35,1,69,8,0,8,77
02/04/2015,BIS,ND,AGL,CE,Combined TRACON& Tower with Radar,7,28,23,6,64,0,2,54,12,68,7,30,77,18,132,34,8,42,174
02/05/2015,BIS,ND,AGL,CE,Combined TRACON& Tower with Radar,11,27,54,4,96,0,3,81,9,93,11,30,135,13,189,36,2,38,227
02/06/2015,BIS,ND,AGL,CE,Combined TRACON& Tower with Radar,7,26,26,2,61,0,0,65,17,82,7,26,91,19,143,84,8,92,235
02/07/2015,BIS,ND,AGL,CE,Combined TRACON& Tower with Radar,7,24,14,6,51,0,0,68,26,94,7,24,82,32,145,73,0,73,218
02/08/2015,BIS,ND,AGL,CE,Combined TRACON& Tower with Radar,12,18,7,0,37,0,0,0,0,0,12,18,7,0,37,0,0,0,37
02/09/2015,BIS,ND,AGL,CE,Combined TRACON& Tower with Radar,9,26,18,4,57,0,0,0,0,0,9,26,18,4,57,0,0,0,57
02/10/2015,BIS,ND,AGL,CE,Combined TRACON& Tower with Radar,5,31,31,2,69,0,0,2,0,2,5,31,33,2,71,0,0,0,71
02/11/2015,BIS,ND,AGL,CE,Combined TRACON& Tower with Radar,9,31,39,0,79,0,0,6,0,6,9,31,45,0,85,0,0,0,85
02/12/2015,BIS,ND,AGL,CE,Combined TRACON& Tower with Radar,8,31,44,2,85,0,1,10,0,11,8,32,54,2,96,0,0,0,96
02/13/2015,BIS,ND,AGL,CE,Combined TRACON& Tower with Radar,5,37,36,2,80,0,0,37,0,37,5,37,73,2,117,108,0,108,225
02/14/2015,BIS,ND,AGL,CE,Combined TRACON& Tower with Radar,6,31,8,0,45,0,0,7,0,7,6,31,15,0,52,32,0,32,84
02/15/2015,BIS,ND,AGL,CE,Combined TRACON& Tower with Radar,6,15,21,0,42,0,1,17,0,18,6,16,38,0,60,18,0,18,78
02/16/2015,BIS,ND,AGL,CE,Combined TRACON& Tower with Radar,4,30,35,0,69,0,0,5,0,5,4,30,40,0,74,20,0,20,94
02/17/2015,BIS,ND,AGL,CE,Combined TRACON& Tower with Radar,2,32,38,0,72,0,0,7,0,7,2,32,45,0,79,8,0,8,87
02/18/2015,BIS,ND,AGL,CE,Combined TRACON& Tower with Radar,6,28,39,0,73,0,0,44,0,44,6,28,83,0,117,2,0,2,119
02/19/2015,BIS,ND,AGL,CE,Combined TRACON& Tower with Radar,5,34,51,0,90,0,0,9,3,12,5,34,60,3,102,6,0,6,108
02/20/2015,BIS,ND,AGL,CE,Combined TRACON& Tower with Radar,4,31,42,0,77,0,0,0,2,2,4,31,42,2,79,0,0,0,79
02/21/2015,BIS,ND,AGL,CE,Combined TRACON& Tower with Radar,7,28,5,0,40,0,1,4,0,5,7,29,9,0,45,0,0,0,45
02/22/2015,BIS,ND,AGL,CE,Combined TRACON& Tower with Radar,7,21,11,0,39,0,0,30,0,30,7,21,41,0,69,4,0,4,73
02/23/2015,BIS,ND,AGL,CE,Combined TRACON& Tower with Radar,6,23,29,2,60,0,0,20,3,23,6,23,49,5,83,0,0,0,83
02/24/2015,BIS,ND,AGL,CE,Combined TRACON& Tower with Radar,2,27,37,0,66,0,1,3,0,4,2,28,40,0,70,0,0,0,70
02/25/2015,BIS,ND,AGL,CE,Combined TRACON& Tower with Radar,6,34,30,2,72,0,0,19,1,20,6,34,49,3,92,57,0,57,149
02/26/2015,BIS,ND,AGL,CE,Combined TRACON& Tower with Radar,6,27,75,0,108,0,0,25,2,27,6,27,100,2,135,18,0,18,153
02/27/2015,BIS,ND,AGL,CE,Combined TRACON& Tower with Radar,5,27,43,1,76,0,0,54,4,58,5,27,97,5,134,22,0,22,156
02/28/2015,BIS,ND,AGL,CE,Combined TRACON& Tower with Radar,7,27,7,0,41,0,0,51,5,56,7,27,58,5,97,34,0,34,131
03/01/2015,BIS,ND,AGL,CE,Combined TRACON& Tower with Radar,7,22,15,1,45,0,0,25,1,26,7,22,40,2,71,28,0,28,99
03/02/2015,BIS,ND,AGL,CE,Combined TRACON& Tower with Radar,7,23,49,1,80,0,2,26,4,32,7,25,75,5,112,40,4,44,156
03/03/2015,BIS,ND,AGL,CE,Combined TRACON& Tower with Radar,5,26,34,0,65,0,0,16,4,20,5,26,50,4,85,8,2,10,95
03/04/2015,BIS,ND,AGL,CE,Combined TRACON& Tower with Radar,6,35,34,3,78,0,3,25,15,43,6,38,59,18,121,20,16,36,157
03/05/2015,BIS,ND,AGL,CE,Combined TRACON& Tower with Radar,8,28,28,2,66,0,2,50,27,79,8,30,78,29,145,28,8,36,181
03/06/2015,BIS,ND,AGL,CE,Combined TRACON& Tower with Radar,7,26,33,2,68,0,1,52,4,57,7,27,85,6,125,22,2,24,149
03/07/2015,BIS,ND,AGL,CE,Combined TRACON& Tower with Radar,9,22,7,4,42,0,0,40,8,48,9,22,47,12,90,69,8,77,167
03/08/2015,BIS,ND,AGL,CE,Combined TRACON& Tower with Radar,9,25,17,0,51,0,1,64,21,86,9,26,81,21,137,150,2,152,289
03/09/2015,BIS,ND,AGL,CE,Combined TRACON& Tower with Radar,7,23,43,3,76,0,0,64,0,64,7,23,107,3,140,78,0,78,218
03/10/2015,BIS,ND,AGL,CE,Combined TRACON& Tower with Radar,5,26,46,1,78,0,0,47,0,47,5,26,93,1,125,28,0,28,153
03/11/2015,BIS,ND,AGL,CE,Combined TRACON& Tower with Radar,7,31,52,3,93,0,0,45,3,48,7,31,97,6,141,14,0,14,155
03/12/2015,BIS,ND,AGL,CE,Combined TRACON& Tower with Radar,11,27,54,4,96,0,1,58,13,72,11,28,112,17,168,38,4,42,210
03/13/2015,BIS,ND,AGL,CE,Combined TRACON& Tower with Radar,7,25,39,0,71,0,0,58,1,59,7,25,97,1,130,79,0,79,209
03/14/2015,BIS,ND,AGL,CE,Combined TRACON& Tower with Radar,9,22,16,0,47,0,2,57,0,59,9,24,73,0,106,32,0,32,138
03/15/2015,BIS,ND,AGL,CE,Combined TRACON& Tower with Radar,7,22,7,0,36,0,3,19,3,25,7,25,26,3,61,14,0,14,75
03/16/2015,BIS,ND,AGL,CE,Combined TRACON& Tower with Radar,7,31,41,0,79,0,0,13,0,13,7,31,54,0,92,12,0,12,104
03/17/2015,BIS,ND,AGL,CE,Combined TRACON& Tower with Radar,3,28,54,2,87,0,0,47,4,51,3,28,101,6,138,52,0,52,190
03/18/2015,BIS,ND,AGL,CE,Combined TRACON& Tower with Radar,8,30,34,2,74,0,0,0,0,0,8,30,34,2,74,0,0,0,74
03/19/2015,BIS,ND,AGL,CE,Combined TRACON& Tower with Radar,9,29,63,2,103,0,1,42,4,47,9,30,105,6,150,62,0,62,212
03/20/2015,BIS,ND,AGL,CE,Combined TRACON& Tower with Radar,7,29,56,0,92,0,2,49,7,58,7,31,105,7,150,32,4,36,186
03/21/2015,BIS,ND,AGL,CE,Combined TRACON& Tower with Radar,6,22,13,0,41,0,0,17,0,17,6,22,30,0,58,10,0,10,68
03/22/2015,BIS,ND,AGL,CE,Combined TRACON& Tower with Radar,6,24,14,0,44,0,0,9,0,9,6,24,23,0,53,66,0,66,119
03/23/2015,BIS,ND,AGL,CE,Combined TRACON& Tower with Radar,7,23,55,2,87,9,0,34,1,44,16,23,89,3,131,53,0,53,184
03/24/2015,BIS,ND,AGL,CE,Combined TRACON& Tower with Radar,3,28,53,1,85,5,0,3,0,8,8,28,56,1,93,0,0,0,93
03/25/2015,BIS,ND,AGL,CE,Combined TRACON& Tower with Radar,7,29,41,3,80,0,0,4,0,4,7,29,45,3,84,6,0,6,90
03/26/2015,BIS,ND,AGL,CE,Combined TRACON& Tower with Radar,9,28,85,5,127,0,0,66,12,78,9,28,151,17,205,100,19,119,324
03/27/2015,BIS,ND,AGL,CE,Combined TRACON& Tower with Radar,7,27,41,4,79,0,0,14,0,14,7,27,55,4,93,28,0,28,121
03/28/2015,BIS,ND,AGL,CE,Combined TRACON& Tower with Radar,7,24,10,0,41,0,0,1,0,1,7,24,11,0,42,0,0,0,42
03/29/2015,BIS,ND,AGL,CE,Combined TRACON& Tower with Radar,7,24,10,0,41,0,0,18,0,18,7,24,28,0,59,20,0,20,79
03/30/2015,BIS,ND,AGL,CE,Combined TRACON& Tower with Radar,8,22,33,0,63,0,1,42,0,43,8,23,75,0,106,0,0,0,106
03/31/2015,BIS,ND,AGL,CE,Combined TRACON& Tower with Radar,4,26,51,2,83,0,2,93,4,99,4,28,144,6,182,80,10,90,272
04/01/2015,BIS,ND,AGL,CE,Combined TRACON& Tower with Radar,4,30,38,0,72,0,0,28,4,32,4,30,66,4,104,4,0,4,108
04/02/2015,BIS,ND,AGL,CE,Combined TRACON& Tower with Radar,9,31,47,0,87,0,2,15,6,23,9,33,62,6,110,12,14,26,136
04/03/2015,BIS,ND,AGL,CE,Combined TRACON& Tower with Radar,5,32,26,0,63,0,0,36,0,36,5,32,62,0,99,86,0,86,185
04/04/2015,BIS,ND,AGL,CE,Combined TRACON& Tower with Radar,5,16,8,0,29,0,0,26,0,26,5,16,34,0,55,4,0,4,59
04/05/2015,BIS,ND,AGL,CE,Combined TRACON& Tower with Radar,11,14,6,0,31,0,2,4,0,6,11,16,10,0,37,0,0,0,37
04/06/2015,BIS,ND,AGL,CE,Combined TRACON& Tower with Radar,6,19,31,0,56,0,0,6,2,8,6,19,37,2,64,0,0,0,64
04/07/2015,BIS,ND,AGL,CE,Combined TRACON& Tower with Radar,5,25,33,1,64,0,0,7,0,7,5,25,40,1,71,1,0,1,72
04/08/2015,BIS,ND,AGL,CE,Combined TRACON& Tower with Radar,5,37,72,3,117,0,3,27,13,43,5,40,99,16,160,48,16,64,224
04/09/2015,BIS,ND,AGL,CE,Combined TRACON& Tower with Radar,11,30,77,0,118,0,0,46,20,66,11,30,123,20,184,30,8,38,222
04/10/2015,BIS,ND,AGL,CE,Combined TRACON& Tower with Radar,9,26,28,3,66,0,5,87,14,106,9,31,115,17,172,24,8,32,204
04/11/2015,BIS,ND,AGL,CE,Combined TRACON& Tower with Radar,5,23,14,8,50,0,4,74,16,94,5,27,88,24,144,64,16,80,224
04/12/2015,BIS,ND,AGL,CE,Combined TRACON& Tower with Radar,7,22,14,0,43,0,0,3,4,7,7,22,17,4,50,0,0,0,50
04/13/2015,BIS,ND,AGL,CE,Combined TRACON& Tower with Radar,5,24,43,1,73,0,2,49,7,58,5,26,92,8,131,12,38,50,181
04/14/2015,BIS,ND,AGL,CE,Combined TRACON& Tower with Radar,7,31,38,1,77,0,0,43,33,76,7,31,81,34,153,0,84,84,237
04/15/2015,BIS,ND,AGL,CE,Combined TRACON& Tower with Radar,5,29,36,0,70,0,1,30,6,37,5,30,66,6,107,26,0,26,133
04/16/2015,BIS,ND,AGL,CE,Combined TRACON& Tower with Radar,9,28,57,1,95,0,0,59,7,66,9,28,116,8,161,99,6,105,266
04/17/2015,BIS,ND,AGL,CE,Combined TRACON& Tower with Radar,9,24,41,0,74,0,0,52,5,57,9,24,93,5,131,37,0,37,168
04/18/2015,BIS,ND,AGL,CE,Combined TRACON& Tower with Radar,7,19,7,0,33,0,0,63,1,64,7,19,70,1,97,52,0,52,149
04/19/2015,BIS,ND,AGL,CE,Combined TRACON& Tower with Radar,10,24,13,0,47,0,0,0,0,0,10,24,13,0,47,0,0,0,47
04/20/2015,BIS,ND,AGL,CE,Combined TRACON& Tower with Radar,5,25,27,0,57,0,0,22,1,23,5,25,49,1,80,6,0,6,86
04/21/2015,BIS,ND,AGL,CE,Combined TRACON& Tower with Radar,7,24,61,1,93,0,0,46,0,46,7,24,107,1,139,42,0,42,181
04/22/2015,BIS,ND,AGL,CE,Combined TRACON& Tower with Radar,7,33,51,3,94,0,10,96,5,111,7,43,147,8,205,92,3,95,300
04/23/2015,BIS,ND,AGL,CE,Combined TRACON& Tower with Radar,9,33,47,8,97,0,7,71,30,108,9,40,118,38,205,93,6,99,304
04/24/2015,BIS,ND,AGL,CE,Combined TRACON& Tower with Radar,9,34,28,5,76,0,0,54,4,58,9,34,82,9,134,45,6,51,185
04/25/2015,BIS,ND,AGL,CE,Combined TRACON& Tower with Radar,5,21,19,0,45,0,0,0,0,0,5,21,19,0,45,0,0,0,45
04/26/2015,BIS,ND,AGL,CE,Combined TRACON& Tower with Radar,7,20,18,0,45,0,0,27,0,27,7,20,45,0,72,58,0,58,130
04/27/2015,BIS,ND,AGL,CE,Combined TRACON& Tower with Radar,5,25,45,3,78,0,0,15,1,16,5,25,60,4,94,3,0,3,97
04/28/2015,BIS,ND,AGL,CE,Combined TRACON& Tower with Radar,7,30,36,2,75,0,3,62,3,68,7,33,98,5,143,63,2,65,208
04/29/2015,BIS,ND,AGL,CE,Combined TRACON& Tower with Radar,5,34,42,7,88,0,3,89,18,110,5,37,131,25,198,88,2,90,288
04/30/2015,BIS,ND,AGL,CE,Combined TRACON& Tower with Radar,6,31,23,3,63,0,2,32,15,49,6,33,55,18,112,81,14,95,207
05/01/2015,BIS,ND,AGL,CE,Combined TRACON& Tower with Radar,5,32,37,1,75,0,1,63,9,73,5,33,100,10,148,78,0,78,226
05/02/2015,BIS,ND,AGL,CE,Combined TRACON& Tower with Radar,6,20,11,2,39,0,0,20,13,33,6,20,31,15,72,20,0,20,92
05/03/2015,BIS,ND,AGL,CE,Combined TRACON& Tower with Radar,10,23,7,1,41,0,0,33,8,41,10,23,40,9,82,84,0,84,166
05/04/2015,BIS,ND,AGL,CE,Combined TRACON& Tower with Radar,5,25,29,2,61,0,0,48,10,58,5,25,77,12,119,12,4,16,135
05/05/2015,BIS,ND,AGL,CE,Combined TRACON& Tower with Radar,6,28,36,0,70,0,2,47,3,52,6,30,83,3,122,76,0,76,198
05/06/2015,BIS,ND,AGL,CE,Combined TRACON& Tower with Radar,7,35,46,0,88,0,2,12,0,14,7,37,58,0,102,16,0,16,118
05/07/2015,BIS,ND,AGL,CE,Combined TRACON& Tower with Radar,7,41,65,0,113,0,0,8,5,13,7,41,73,5,126,0,0,0,126
05/08/2015,BIS,ND,AGL,CE,Combined TRACON& Tower with Radar,2,37,28,1,68,0,5,38,0,43,2,42,66,1,111,26,0,26,137
05/09/2015,BIS,ND,AGL,CE,Combined TRACON& Tower with Radar,5,23,10,2,40,0,4,35,0,39,5,27,45,2,79,24,4,28,107
05/10/2015,BIS,ND,AGL,CE,Combined TRACON& Tower with Radar,7,25,3,0,35,0,0,0,0,0,7,25,3,0,35,0,0,0,35
05/11/2015,BIS,ND,AGL,CE,Combined TRACON& Tower with Radar,5,21,36,2,64,0,0,15,2,17,5,21,51,4,81,22,0,22,103
05/12/2015,BIS,ND,AGL,CE,Combined TRACON& Tower with Radar,5,34,39,2,80,0,0,80,3,83,5,34,119,5,163,57,0,57,220
05/13/2015,BIS,ND,AGL,CE,Combined TRACON& Tower with Radar,5,35,44,1,85,0,1,57,5,63,5,36,101,6,148,4,0,4,152
05/14/2015,BIS,ND,AGL,CE,Combined TRACON& Tower with Radar,7,35,66,5,113,0,0,1,1,2,7,35,67,6,115,2,0,2,117
05/15/2015,BIS,ND,AGL,CE,Combined TRACON& Tower with Radar,5,31,32,3,71,0,0,11,0,11,5,31,43,3,82,36,0,36,118
05/16/2015,BIS,ND,AGL,CE,Combined TRACON& Tower with Radar,6,20,18,1,45,0,0,0,0,0,6,20,18,1,45,0,0,0,45
05/17/2015,BIS,ND,AGL,CE,Combined TRACON& Tower with Radar,8,21,3,0,32,0,10,0,0,10,8,31,3,0,42,0,0,0,42
05/18/2015,BIS,ND,AGL,CE,Combined TRACON& Tower with Radar,5,25,28,0,58,0,0,27,0,27,5,25,55,0,85,42,0,42,127
05/19/2015,BIS,ND,AGL,CE,Combined TRACON& Tower with Radar,6,35,56,1,98,0,0,73,4,77,6,35,129,5,175,124,8,132,307
05/20/2015,BIS,ND,AGL,CE,Combined TRACON& Tower with Radar,10,28,43,2,83,0,5,82,1,88,10,33,125,3,171,98,0,98,269
05/21/2015,BIS,ND,AGL,CE,Combined TRACON& Tower with Radar,7,35,55,2,99,0,2,63,13,78,7,37,118,15,177,46,0,46,223
05/22/2015,BIS,ND,AGL,CE,Combined TRACON& Tower with Radar,5,34,32,1,72,0,4,82,2,88,5,38,114,3,160,22,0,22,182
05/23/2015,BIS,ND,AGL,CE,Combined TRACON& Tower with Radar,6,22,9,0,37,0,9,36,0,45,6,31,45,0,82,44,0,44,126
05/24/2015,BIS,ND,AGL,CE,Combined TRACON& Tower with Radar,10,12,7,0,29,0,1,10,0,11,10,13,17,0,40,2,0,2,42
05/25/2015,BIS,ND,AGL,CE,Combined TRACON& Tower with Radar,6,18,6,0,30,0,0,20,0,20,6,18,26,0,50,18,0,18,68
05/26/2015,BIS,ND,AGL,CE,Combined TRACON& Tower with Radar,5,29,39,0,73,0,0,54,3,57,5,29,93,3,130,30,0,30,160
05/27/2015,BIS,ND,AGL,CE,Combined TRACON& Tower with Radar,5,33,48,0,86,0,0,64,0,64,5,33,112,0,150,28,0,28,178
05/28/2015,BIS,ND,AGL,CE,Combined TRACON& Tower with Radar,9,33,66,1,109,0,0,49,7,56,9,33,115,8,165,72,48,120,285
05/29/2015,BIS,ND,AGL,CE,Combined TRACON& Tower with Radar,7,31,21,1,60,0,3,3,4,10,7,34,24,5,70,10,0,10,80
05/30/2015,BIS,ND,AGL,CE,Combined TRACON& Tower with Radar,8,18,12,0,38,0,3,37,0,40,8,21,49,0,78,60,0,60,138
05/31/2015,BIS,ND,AGL,CE,Combined TRACON& Tower with Radar,9,25,12,0,46,0,0,19,2,21,9,25,31,2,67,0,0,0,67
06/01/2015,BIS,ND,AGL,CE,Combined TRACON& Tower with Radar,9,22,37,2,70,0,1,55,0,56,9,23,92,2,126,30,0,30,156
06/02/2015,BIS,ND,AGL,CE,Combined TRACON& Tower with Radar,7,31,35,3,76,0,0,20,2,22,7,31,55,5,98,52,6,58,156
06/03/2015,BIS,ND,AGL,CE,Combined TRACON& Tower with Radar,7,35,58,4,104,0,1,76,12,89,7,36,134,16,193,20,0,20,213
06/04/2015,BIS,ND,AGL,CE,Combined TRACON& Tower with Radar,11,37,57,0,105,0,0,42,7,49,11,37,99,7,154,89,0,89,243
06/05/2015,BIS,ND,AGL,CE,Combined TRACON& Tower with Radar,7,37,31,1,76,0,3,41,0,44,7,40,72,1,120,32,0,32,152
06/06/2015,BIS,ND,AGL,CE,Combined TRACON& Tower with Radar,7,23,4,0,34,0,1,8,0,9,7,24,12,0,43,4,0,4,47
06/07/2015,BIS,ND,AGL,CE,Combined TRACON& Tower with Radar,7,17,10,0,34,0,3,58,0,61,7,20,68,0,95,58,0,58,153
06/08/2015,BIS,ND,AGL,CE,Combined TRACON& Tower with Radar,8,24,39,0,71,0,0,75,2,77,8,24,114,2,148,36,0,36,184
06/09/2015,BIS,ND,AGL,CE,Combined TRACON& Tower with Radar,7,34,56,0,97,0,3,63,10,76,7,37,119,10,173,56,0,56,229
06/10/2015,BIS,ND,AGL,CE,Combined TRACON& Tower with Radar,7,33,43,3,86,0,1,35,6,42,7,34,78,9,128,74,2,76,204
06/11/2015,BIS,ND,AGL,CE,Combined TRACON& Tower with Radar,9,31,70,1,111,0,0,67,11,78,9,31,137,12,189,32,0,32,221
06/12/2015,BIS,ND,AGL,CE,Combined TRACON& Tower with Radar,7,35,35,0,77,0,0,69,20,89,7,35,104,20,166,30,0,30,196
06/13/2015,BIS,ND,AGL,CE,Combined TRACON& Tower with Radar,7,21,10,0,38,0,0,21,5,26,7,21,31,5,64,64,0,64,128
06/14/2015,BIS,ND,AGL,CE,Combined TRACON& Tower with Radar,8,24,9,0,41,0,2,26,2,30,8,26,35,2,71,94,0,94,165
06/15/2015,BIS,ND,AGL,CE,Combined TRACON& Tower with Radar,5,25,36,0,66,12,1,73,7,93,17,26,109,7,159,60,0,60,219
06/16/2015,BIS,ND,AGL,CE,Combined TRACON& Tower with Radar,7,33,51,5,96,0,2,1,0,3,7,35,52,5,99,6,0,6,105
06/17/2015,BIS,ND,AGL,CE,Combined TRACON& Tower with Radar,8,38,79,3,128,3,0,54,16,73,11,38,133,19,201,8,12,20,221
06/18/2015,BIS,ND,AGL,CE,Combined TRACON& Tower with Radar,8,35,58,5,106,0,1,53,19,73,8,36,111,24,179,56,0,56,235
06/19/2015,BIS,ND,AGL,CE,Combined TRACON& Tower with Radar,7,31,26,1,65,0,2,35,6,43,7,33,61,7,108,24,82,106,214
06/20/2015,BIS,ND,AGL,CE,Combined TRACON& Tower with Radar,7,22,20,1,50,0,0,65,2,67,7,22,85,3,117,88,0,88,205
06/21/2015,BIS,ND,AGL,CE,Combined TRACON& Tower with Radar,8,28,13,1,50,0,2,37,2,41,8,30,50,3,91,66,0,66,157
06/22/2015,BIS,ND,AGL,CE,Combined TRACON& Tower with Radar,8,25,43,1,77,0,1,57,0,58,8,26,100,1,135,64,0,64,199
06/23/2015,BIS,ND,AGL,CE,Combined TRACON& Tower with Radar,7,39,52,1,99,0,0,52,3,55,7,39,104,4,154,86,0,86,240
06/24/2015,BIS,ND,AGL,CE,Combined TRACON& Tower with Radar,7,41,32,0,80,0,5,59,3,67,7,46,91,3,147,70,0,70,217
06/25/2015,BIS,ND,AGL,CE,Combined TRACON& Tower with Radar,10,31,54,5,100,0,8,41,17,66,10,39,95,22,166,18,0,18,184
06/26/2015,BIS,ND,AGL,CE,Combined TRACON& Tower with Radar,7,35,31,2,75,0,0,86,3,89,7,35,117,5,164,74,6,80,244
06/27/2015,BIS,ND,AGL,CE,Combined TRACON& Tower with Radar,9,22,19,0,50,0,2,76,0,78,9,24,95,0,128,62,0,62,190
06/28/2015,BIS,ND,AGL,CE,Combined TRACON& Tower with Radar,10,21,12,0,43,0,2,38,0,40,10,23,50,0,83,74,0,74,157
06/29/2015,BIS,ND,AGL,CE,Combined TRACON& Tower with Radar,6,24,41,0,71,0,0,44,14,58,6,24,85,14,129,62,9,71,200
06/30/2015,BIS,ND,AGL,CE,Combined TRACON& Tower with Radar,8,29,30,2,69,0,0,43,4,47,8,29,73,6,116,36,8,44,160
07/01/2015,BIS,ND,AGL,CE,Combined TRACON& Tower with Radar,7,37,36,2,82,0,8,21,15,44,7,45,57,17,126,60,2,62,188
07/02/2015,BIS,ND,AGL,CE,Combined TRACON& Tower with Radar,10,34,27,2,73,0,2,14,3,19,10,36,41,5,92,28,0,28,120
07/03/2015,BIS,ND,AGL,CE,Combined TRACON& Tower with Radar,7,21,16,6,50,0,0,16,0,16,7,21,32,6,66,34,0,34,100
07/04/2015,BIS,ND,AGL,CE,Combined TRACON& Tower with Radar,6,16,7,0,29,0,8,14,0,22,6,24,21,0,51,6,0,6,57
07/05/2015,BIS,ND,AGL,CE,Combined TRACON& Tower with Radar,9,21,9,0,39,0,4,5,0,9,9,25,14,0,48,4,0,4,52
07/06/2015,BIS,ND,AGL,CE,Combined TRACON& Tower with Radar,7,24,39,1,71,0,4,41,7,52,7,28,80,8,123,72,0,72,195
07/07/2015,BIS,ND,AGL,CE,Combined TRACON& Tower with Radar,9,30,39,2,80,0,4,66,5,75,9,34,105,7,155,58,2,60,215
07/08/2015,BIS,ND,AGL,CE,Combined TRACON& Tower with Radar,7,31,65,6,109,0,3,66,10,79,7,34,131,16,188,60,0,60,248
07/09/2015,BIS,ND,AGL,CE,Combined TRACON& Tower with Radar,11,33,48,6,98,0,5,71,36,112,11,38,119,42,210,38,16,54,264
07/10/2015,BIS,ND,AGL,CE,Combined TRACON& Tower with Radar,7,31,37,3,78,0,3,64,10,77,7,34,101,13,155,42,6,48,203
07/11/2015,BIS,ND,AGL,CE,Combined TRACON& Tower with Radar,6,24,15,0,45,0,2,36,0,38,6,26,51,0,83,0,0,0,83
07/12/2015,BIS,ND,AGL,CE,Combined TRACON& Tower with Radar,11,22,8,0,41,0,3,27,3,33,11,25,35,3,74,92,0,92,166
07/13/2015,BIS,ND,AGL,CE,Combined TRACON& Tower with Radar,7,24,31,4,66,0,1,61,12,74,7,25,92,16,140,22,0,22,162
07/14/2015,BIS,ND,AGL,CE,Combined TRACON& Tower with Radar,14,27,72,2,115,0,1,72,8,81,14,28,144,10,196,100,4,104,300
07/15/2015,BIS,ND,AGL,CE,Combined TRACON& Tower with Radar,14,36,46,2,98,0,1,30,9,40,14,37,76,11,138,48,2,50,188
07/16/2015,BIS,ND,AGL,CE,Combined TRACON& Tower with Radar,16,27,45,2,90,0,1,30,14,45,16,28,75,16,135,14,0,14,149
07/17/2015,BIS,ND,AGL,CE,Combined TRACON& Tower with Radar,7,32,25,0,64,0,3,35,2,40,7,35,60,2,104,32,4,36,140
07/18/2015,BIS,ND,AGL,CE,Combined TRACON& Tower with Radar,8,23,9,0,40,0,0,52,1,53,8,23,61,1,93,72,0,72,165
07/19/2015,BIS,ND,AGL,CE,Combined TRACON& Tower with Radar,9,25,15,0,49,0,0,42,0,42,9,25,57,0,91,104,0,104,195
07/20/2015,BIS,ND,AGL,CE,Combined TRACON& Tower with Radar,7,31,45,3,86,0,0,90,9,99,7,31,135,12,185,74,0,74,259
07/21/2015,BIS,ND,AGL,CE,Combined TRACON& Tower with Radar,22,40,59,3,124,0,0,50,5,55,22,40,109,8,179,96,0,96,275
07/22/2015,BIS,ND,AGL,CE,Combined TRACON& Tower with Radar,18,44,31,0,93,0,37,62,8,107,18,81,93,8,200,56,0,56,256
07/23/2015,BIS,ND,AGL,CE,Combined TRACON& Tower with Radar,8,29,56,8,101,0,0,49,5,54,8,29,105,13,155,0,4,4,159
07/24/2015,BIS,ND,AGL,CE,Combined TRACON& Tower with Radar,7,32,27,2,68,0,0,81,1,82,7,32,108,3,150,26,0,26,176
07/25/2015,BIS,ND,AGL,CE,Combined TRACON& Tower with Radar,6,24,15,0,45,0,8,47,0,55,6,32,62,0,100,70,0,70,170
07/26/2015,BIS,ND,AGL,CE,Combined TRACON& Tower with Radar,11,25,12,0,48,0,3,46,0,49,11,28,58,0,97,16,0,16,113
07/27/2015,BIS,ND,AGL,CE,Combined TRACON& Tower with Radar,6,27,30,1,64,0,1,38,0,39,6,28,68,1,103,16,0,16,119
07/28/2015,BIS,ND,AGL,CE,Combined TRACON& Tower with Radar,8,31,37,1,77,0,1,11,0,12,8,32,48,1,89,0,0,0,89
07/29/2015,BIS,ND,AGL,CE,Combined TRACON& Tower with Radar,7,34,46,4,91,0,9,63,5,77,7,43,109,9,168,94,0,94,262
07/30/2015,BIS,ND,AGL,CE,Combined TRACON& Tower with Radar,11,31,56,3,101,0,7,97,30,134,11,38,153,33,235,129,16,145,380
07/31/2015,BIS,ND,AGL,CE,Combined TRACON& Tower with Radar,7,30,27,4,68,0,4,93,0,97,7,34,120,4,165,82,0,82,247
08/01/2015,BIS,ND,AGL,CE,Combined TRACON& Tower with Radar,6,23,15,0,44,0,8,41,0,49,6,31,56,0,93,67,0,67,160
08/02/2015,BIS,ND,AGL,CE,Combined TRACON& Tower with Radar,9,25,11,0,45,0,3,45,0,48,9,28,56,0,93,28,0,28,121
08/03/2015,BIS,ND,AGL,CE,Combined TRACON& Tower with Radar,7,27,37,2,73,0,0,74,6,80,7,27,111,8,153,38,8,46,199
08/04/2015,BIS,ND,AGL,CE,Combined TRACON& Tower with Radar,7,33,40,3,83,0,3,26,6,35,7,36,66,9,118,6,0,6,124
08/05/2015,BIS,ND,AGL,CE,Combined TRACON& Tower with Radar,7,33,36,2,78,0,0,41,0,41,7,33,77,2,119,14,0,14,133
08/06/2015,BIS,ND,AGL,CE,Combined TRACON& Tower with Radar,8,29,45,4,86,0,0,13,11,24,8,29,58,15,110,24,0,24,134
08/07/2015,BIS,ND,AGL,CE,Combined TRACON& Tower with Radar,6,35,38,2,81,0,0,50,1,51,6,35,88,3,132,18,0,18,150
08/08/2015,BIS,ND,AGL,CE,Combined TRACON& Tower with Radar,8,23,27,0,58,0,0,47,0,47,8,23,74,0,105,12,0,12,117
08/09/2015,BIS,ND,AGL,CE,Combined TRACON& Tower with Radar,8,24,6,0,38,0,2,38,0,40,8,26,44,0,78,16,0,16,94
08/10/2015,BIS,ND,AGL,CE,Combined TRACON& Tower with Radar,7,26,42,0,75,0,1,76,2,79,7,27,118,2,154,100,0,100,254
08/11/2015,BIS,ND,AGL,CE,Combined TRACON& Tower with Radar,6,32,44,0,82,0,0,52,2,54,6,32,96,2,136,32,0,32,168
08/12/2015,BIS,ND,AGL,CE,Combined TRACON& Tower with Radar,7,34,55,3,99,0,3,40,13,56,7,37,95,16,155,56,12,68,223
08/13/2015,BIS,ND,AGL,CE,Combined TRACON& Tower with Radar,9,31,61,4,105,0,2,53,22,77,9,33,114,26,182,30,0,30,212
08/14/2015,BIS,ND,AGL,CE,Combined TRACON& Tower with Radar,7,32,33,5,77,0,0,46,2,48,7,32,79,7,125,10,0,10,135
08/15/2015,BIS,ND,AGL,CE,Combined TRACON& Tower with Radar,6,24,7,0,37,0,10,19,0,29,6,34,26,0,66,16,0,16,82
08/16/2015,BIS,ND,AGL,CE,Combined TRACON& Tower with Radar,8,25,6,0,39,0,0,25,0,25,8,25,31,0,64,8,0,8,72
08/17/2015,BIS,ND,AGL,CE,Combined TRACON& Tower with Radar,7,22,34,2,65,0,3,32,4,39,7,25,66,6,104,32,0,32,136
08/18/2015,BIS,ND,AGL,CE,Combined TRACON& Tower with Radar,6,33,44,3,86,0,4,25,5,34,6,37,69,8,120,60,0,60,180
08/19/2015,BIS,ND,AGL,CE,Combined TRACON& Tower with Radar,3,35,53,1,92,3,6,67,5,81,6,41,120,6,173,36,76,112,285
08/20/2015,BIS,ND,AGL,CE,Combined TRACON& Tower with Radar,7,37,61,3,108,2,5,87,27,121,9,42,148,30,229,24,6,30,259
08/21/2015,BIS,ND,AGL,CE,Combined TRACON& Tower with Radar,5,34,43,3,85,0,0,37,22,59,5,34,80,25,144,30,0,30,174
08/22/2015,BIS,ND,AGL,CE,Combined TRACON& Tower with Radar,5,20,5,0,30,0,1,0,1,2,5,21,5,1,32,0,0,0,32
08/23/2015,BIS,ND,AGL,CE,Combined TRACON& Tower with Radar,8,24,8,0,40,0,0,35,5,40,8,24,43,5,80,34,0,34,114
08/24/2015,BIS,ND,AGL,CE,Combined TRACON& Tower with Radar,4,25,37,1,67,0,1,70,8,79,4,26,107,9,146,78,6,84,230
08/25/2015,BIS,ND,AGL,CE,Combined TRACON& Tower with Radar,5,32,52,0,89,0,0,70,4,74,5,32,122,4,163,40,0,40,203
08/26/2015,BIS,ND,AGL,CE,Combined TRACON& Tower with Radar,5,31,35,6,77,0,0,51,7,58,5,31,86,13,135,32,0,32,167
08/27/2015,BIS,ND,AGL,CE,Combined TRACON& Tower with Radar,7,37,63,3,110,0,3,55,18,76,7,40,118,21,186,72,18,90,276
08/28/2015,BIS,ND,AGL,CE,Combined TRACON& Tower with Radar,4,31,39,5,79,0,0,43,12,55,4,31,82,17,134,14,0,14,148
08/29/2015,BIS,ND,AGL,CE,Combined TRACON& Tower with Radar,7,20,35,0,62,0,1,34,0,35,7,21,69,0,97,34,0,34,131
08/30/2015,BIS,ND,AGL,CE,Combined TRACON& Tower with Radar,8,24,12,0,44,0,5,52,0,57,8,29,64,0,101,180,0,180,281
08/31/2015,BIS,ND,AGL,CE,Combined TRACON& Tower with Radar,6,27,28,2,63,0,5,41,3,49,6,32,69,5,112,28,0,28,140
09/01/2015,BIS,ND,AGL,CE,Combined TRACON& Tower with Radar,6,30,43,0,79,0,1,55,9,65,6,31,98,9,144,86,18,104,248
09/02/2015,BIS,ND,AGL,CE,Combined TRACON& Tower with Radar,5,33,36,0,74,0,4,39,6,49,5,37,75,6,123,0,0,0,123
09/03/2015,BIS,ND,AGL,CE,Combined TRACON& Tower with Radar,8,34,58,2,102,0,0,51,8,59,8,34,109,10,161,26,0,26,187
09/04/2015,BIS,ND,AGL,CE,Combined TRACON& Tower with Radar,5,29,30,0,64,0,2,36,0,38,5,31,66,0,102,8,0,8,110
09/05/2015,BIS,ND,AGL,CE,Combined TRACON& Tower with Radar,6,22,9,0,37,0,0,3,0,3,6,22,12,0,40,16,0,16,56
09/06/2015,BIS,ND,AGL,CE,Combined TRACON& Tower with Radar,6,16,6,0,28,0,0,14,0,14,6,16,20,0,42,14,0,14,56
09/07/2015,BIS,ND,AGL,CE,Combined TRACON& Tower with Radar,6,21,17,0,44,0,0,26,0,26,6,21,43,0,70,20,0,20,90
09/08/2015,BIS,ND,AGL,CE,Combined TRACON& Tower with Radar,6,29,40,2,77,0,0,37,4,41,6,29,77,6,118,30,2,32,150
09/09/2015,BIS,ND,AGL,CE,Combined TRACON& Tower with Radar,3,38,44,6,91,0,3,40,15,58,3,41,84,21,149,18,26,44,193
09/10/2015,BIS,ND,AGL,CE,Combined TRACON& Tower with Radar,5,36,49,0,90,0,5,31,28,64,5,41,80,28,154,26,0,26,180
09/11/2015,BIS,ND,AGL,CE,Combined TRACON& Tower with Radar,5,32,49,2,88,0,0,71,22,93,5,32,120,24,181,82,14,96,277
09/12/2015,BIS,ND,AGL,CE,Combined TRACON& Tower with Radar,6,20,35,3,64,0,4,52,9,65,6,24,87,12,129,80,0,80,209
09/13/2015,BIS,ND,AGL,CE,Combined TRACON& Tower with Radar,7,23,18,1,49,0,0,225,3,228,7,23,243,4,277,102,0,102,379
09/14/2015,BIS,ND,AGL,CE,Combined TRACON& Tower with Radar,5,26,22,2,55,0,3,56,5,64,5,29,78,7,119,95,0,95,214
09/15/2015,BIS,ND,AGL,CE,Combined TRACON& Tower with Radar,5,36,53,3,97,0,0,34,4,38,5,36,87,7,135,40,0,40,175
09/16/2015,BIS,ND,AGL,CE,Combined TRACON& Tower with Radar,3,31,34,2,70,0,0,74,8,82,3,31,108,10,152,76,0,76,228
09/17/2015,BIS,ND,AGL,CE,Combined TRACON& Tower with Radar,9,34,53,3,99,0,0,30,42,72,9,34,83,45,171,56,76,132,303
09/18/2015,BIS,ND,AGL,CE,Combined TRACON& Tower with Radar,5,30,33,4,72,0,11,40,3,54,5,41,73,7,126,32,14,46,172
09/19/2015,BIS,ND,AGL,CE,Combined TRACON& Tower with Radar,5,27,16,0,48,0,6,59,0,65,5,33,75,0,113,44,0,44,157
09/20/2015,BIS,ND,AGL,CE,Combined TRACON& Tower with Radar,5,27,15,1,48,0,0,54,0,54,5,27,69,1,102,116,0,116,218
09/21/2015,BIS,ND,AGL,CE,Combined TRACON& Tower with Radar,5,27,34,0,66,0,6,18,0,24,5,33,52,0,90,61,0,61,151
09/22/2015,BIS,ND,AGL,CE,Combined TRACON& Tower with Radar,3,35,60,1,99,0,0,42,4,46,3,35,102,5,145,80,0,80,225
09/23/2015,BIS,ND,AGL,CE,Combined TRACON& Tower with Radar,3,35,70,2,110,0,7,22,0,29,3,42,92,2,139,12,0,12,151
09/24/2015,BIS,ND,AGL,CE,Combined TRACON& Tower with Radar,7,37,85,0,129,0,12,36,2,50,7,49,121,2,179,50,0,50,229
09/25/2015,BIS,ND,AGL,CE,Combined TRACON& Tower with Radar,5,33,45,0,83,0,1,23,0,24,5,34,68,0,107,22,0,22,129
09/26/2015,BIS,ND,AGL,CE,Combined TRACON& Tower with Radar,5,26,2,0,33,0,2,30,5,37,5,28,32,5,70,16,0,16,86
09/27/2015,BIS,ND,AGL,CE,Combined TRACON& Tower with Radar,5,27,16,0,48,0,0,55,1,56,5,27,71,1,104,76,0,76,180
09/28/2015,BIS,ND,AGL,CE,Combined TRACON& Tower with Radar,5,29,29,3,66,0,0,36,1,37,5,29,65,4,103,71,0,71,174
09/29/2015,BIS,ND,AGL,CE,Combined TRACON& Tower with Radar,17,38,36,2,93,0,1,46,1,48,17,39,82,3,141,100,0,100,241
09/30/2015,BIS,ND,AGL,CE,Combined TRACON& Tower with Radar,5,36,59,1,101,0,8,51,4,63,5,44,110,5,164,14,0,14,178
10/01/2015,BIS,ND,AGL,CE,Combined TRACON& Tower with Radar,6,33,49,3,91,0,1,28,5,34,6,34,77,8,125,4,6,10,135
10/02/2015,BIS,ND,AGL,CE,Combined TRACON& Tower with Radar,5,29,35,6,75,0,0,12,14,26,5,29,47,20,101,0,32,32,133
10/03/2015,BIS,ND,AGL,CE,Combined TRACON& Tower with Radar,9,28,30,2,69,0,0,22,32,54,9,28,52,34,123,61,198,259,382
10/04/2015,BIS,ND,AGL,CE,Combined TRACON& Tower with Radar,7,22,21,0,50,0,0,3,1,4,7,22,24,1,54,0,0,0,54
10/05/2015,BIS,ND,AGL,CE,Combined TRACON& Tower with Radar,7,29,62,2,100,0,1,33,1,35,7,30,95,3,135,56,0,56,191
10/06/2015,BIS,ND,AGL,CE,Combined TRACON& Tower with Radar,3,34,52,2,91,0,4,57,0,61,3,38,109,2,152,66,0,66,218
10/07/2015,BIS,ND,AGL,CE,Combined TRACON& Tower with Radar,4,35,58,2,99,0,1,30,5,36,4,36,88,7,135,24,12,36,171
10/08/2015,BIS,ND,AGL,CE,Combined TRACON& Tower with Radar,9,36,67,7,119,0,5,33,31,69,9,41,100,38,188,40,58,98,286
10/09/2015,BIS,ND,AGL,CE,Combined TRACON& Tower with Radar,7,28,33,3,71,0,0,60,1,61,7,28,93,4,132,32,0,32,164
10/10/2015,BIS,ND,AGL,CE,Combined TRACON& Tower with Radar,7,25,15,0,47,0,1,51,0,52,7,26,66,0,99,40,18,58,157
10/11/2015,BIS,ND,AGL,CE,Combined TRACON& Tower with Radar,9,22,4,0,35,0,1,6,0,7,9,23,10,0,42,0,0,0,42
10/12/2015,BIS,ND,AGL,CE,Combined TRACON& Tower with Radar,5,27,30,0,62,0,2,15,0,17,5,29,45,0,79,2,0,2,81
10/13/2015,BIS,ND,AGL,CE,Combined TRACON& Tower with Radar,5,31,46,4,86,0,6,36,4,46,5,37,82,8,132,36,0,36,168
10/14/2015,BIS,ND,AGL,CE,Combined TRACON& Tower with Radar,4,30,44,3,81,0,1,70,9,80,4,31,114,12,161,74,0,74,235
10/15/2015,BIS,ND,AGL,CE,Combined TRACON& Tower with Radar,8,32,48,10,98,0,1,38,11,50,8,33,86,21,148,36,0,36,184
10/16/2015,BIS,ND,AGL,CE,Combined TRACON& Tower with Radar,5,31,39,0,75,0,0,60,4,64,5,31,99,4,139,62,0,62,201
10/17/2015,BIS,ND,AGL,CE,Combined TRACON& Tower with Radar,7,25,22,0,54,0,0,56,0,56,7,25,78,0,110,108,0,108,218
10/18/2015,BIS,ND,AGL,CE,Combined TRACON& Tower with Radar,11,22,18,2,53,0,0,19,0,19,11,22,37,2,72,52,0,52,124
10/19/2015,BIS,ND,AGL,CE,Combined TRACON& Tower with Radar,5,26,49,5,85,0,7,51,2,60,5,33,100,7,145,74,0,74,219
10/20/2015,BIS,ND,AGL,CE,Combined TRACON& Tower with Radar,5,34,43,0,82,0,4,52,4,60,5,38,95,4,142,102,12,114,256
10/21/2015,BIS,ND,AGL,CE,Combined TRACON& Tower with Radar,6,34,48,2,90,0,0,55,5,60,6,34,103,7,150,22,0,22,172
10/22/2015,BIS,ND,AGL,CE,Combined TRACON& Tower with Radar,9,33,70,2,114,0,3,56,21,80,9,36,126,23,194,44,8,52,246
10/23/2015,BIS,ND,AGL,CE,Combined TRACON& Tower with Radar,5,29,35,2,71,0,0,1,2,3,5,29,36,4,74,0,0,0,74
10/24/2015,BIS,ND,AGL,CE,Combined TRACON& Tower with Radar,7,28,8,0,43,0,2,51,2,55,7,30,59,2,98,34,0,34,132
10/25/2015,BIS,ND,AGL,CE,Combined TRACON& Tower with Radar,11,22,10,0,43,0,0,26,0,26,11,22,36,0,69,16,0,16,85
10/26/2015,BIS,ND,AGL,CE,Combined TRACON& Tower with Radar,5,27,52,2,86,0,0,27,0,27,5,27,79,2,113,16,0,16,129
10/27/2015,BIS,ND,AGL,CE,Combined TRACON& Tower with Radar,5,36,71,1,113,0,0,21,4,25,5,36,92,5,138,26,28,54,192
10/28/2015,BIS,ND,AGL,CE,Combined TRACON& Tower with Radar,5,33,35,5,78,0,0,5,7,12,5,33,40,12,90,0,0,0,90
10/29/2015,BIS,ND,AGL,CE,Combined TRACON& Tower with Radar,11,33,68,3,115,0,0,29,17,46,11,33,97,20,161,62,10,72,233
10/30/2015,BIS,ND,AGL,CE,Combined TRACON& Tower with Radar,5,30,57,5,97,0,2,59,21,82,5,32,116,26,179,50,10,60,239
10/31/2015,BIS,ND,AGL,CE,Combined TRACON& Tower with Radar,7,24,14,1,46,0,2,7,10,19,7,26,21,11,65,4,8,12,77
11/01/2015,BIS,ND,AGL,CE,Combined TRACON& Tower with Radar,8,24,25,1,58,0,3,42,6,51,8,27,67,7,109,89,0,89,198
11/02/2015,BIS,ND,AGL,CE,Combined TRACON& Tower with Radar,4,29,45,6,84,0,0,61,3,64,4,29,106,9,148,70,2,72,220
11/03/2015,BIS,ND,AGL,CE,Combined TRACON& Tower with Radar,4,31,62,2,99,0,0,10,1,11,4,31,72,3,110,20,32,52,162
11/04/2015,BIS,ND,AGL,CE,Combined TRACON& Tower with Radar,6,34,43,0,83,0,0,0,0,0,6,34,43,0,83,0,0,0,83
11/05/2015,BIS,ND,AGL,CE,Combined TRACON& Tower with Radar,8,36,50,0,94,0,0,6,9,15,8,36,56,9,109,0,2,2,111
11/06/2015,BIS,ND,AGL,CE,Combined TRACON& Tower with Radar,4,33,34,2,73,0,10,56,9,75,4,43,90,11,148,60,0,60,208
11/07/2015,BIS,ND,AGL,CE,Combined TRACON& Tower with Radar,7,24,17,0,48,0,0,36,0,36,7,24,53,0,84,36,0,36,120
11/08/2015,BIS,ND,AGL,CE,Combined TRACON& Tower with Radar,8,25,15,0,48,0,0,55,0,55,8,25,70,0,103,164,0,164,267
11/09/2015,BIS,ND,AGL,CE,Combined TRACON& Tower with Radar,4,26,43,1,74,0,2,61,16,79,4,28,104,17,153,90,58,148,301
11/10/2015,BIS,ND,AGL,CE,Combined TRACON& Tower with Radar,4,36,39,2,81,0,0,0,0,0,4,36,39,2,81,0,0,0,81
11/11/2015,BIS,ND,AGL,CE,Combined TRACON& Tower with Radar,8,37,42,0,87,0,5,27,0,32,8,42,69,0,119,32,0,32,151
11/12/2015,BIS,ND,AGL,CE,Combined TRACON& Tower with Radar,10,32,45,4,91,0,0,27,11,38,10,32,72,15,129,4,0,4,133
11/13/2015,BIS,ND,AGL,CE,Combined TRACON& Tower with Radar,4,32,41,18,95,0,5,94,1,100,4,37,135,19,195,74,4,78,273
11/14/2015,BIS,ND,AGL,CE,Combined TRACON& Tower with Radar,6,24,26,1,57,0,10,74,0,84,6,34,100,1,141,108,0,108,249
11/15/2015,BIS,ND,AGL,CE,Combined TRACON& Tower with Radar,10,27,14,1,52,0,3,35,0,38,10,30,49,1,90,76,0,76,166
11/16/2015,BIS,ND,AGL,CE,Combined TRACON& Tower with Radar,5,30,38,2,75,0,0,25,0,25,5,30,63,2,100,34,0,34,134
11/17/2015,BIS,ND,AGL,CE,Combined TRACON& Tower with Radar,4,36,47,1,88,0,0,30,3,33,4,36,77,4,121,22,0,22,143
11/18/2015,BIS,ND,AGL,CE,Combined TRACON& Tower with Radar,2,34,32,0,68,0,1,4,0,5,2,35,36,0,73,0,0,0,73
11/19/2015,BIS,ND,AGL,CE,Combined TRACON& Tower with Radar,8,34,37,6,85,0,0,32,26,58,8,34,69,32,143,22,6,28,171
11/20/2015,BIS,ND,AGL,CE,Combined TRACON& Tower with Radar,6,34,47,2,89,0,0,48,3,51,6,34,95,5,140,70,0,70,210
11/21/2015,BIS,ND,AGL,CE,Combined TRACON& Tower with Radar,2,21,26,0,49,0,2,16,4,22,2,23,42,4,71,28,0,28,99
11/22/2015,BIS,ND,AGL,CE,Combined TRACON& Tower with Radar,8,24,10,0,42,0,0,15,0,15,8,24,25,0,57,0,0,0,57
11/23/2015,BIS,ND,AGL,CE,Combined TRACON& Tower with Radar,6,27,35,0,68,0,2,32,12,46,6,29,67,12,114,92,6,98,212
11/24/2015,BIS,ND,AGL,CE,Combined TRACON& Tower with Radar,4,36,51,14,105,0,1,19,11,31,4,37,70,25,136,38,6,44,180
11/25/2015,BIS,ND,AGL,CE,Combined TRACON& Tower with Radar,8,38,16,0,62,0,0,5,0,5,8,38,21,0,67,0,0,0,67
11/26/2015,BIS,ND,AGL,CE,Combined TRACON& Tower with Radar,3,11,9,0,23,0,2,0,0,2,3,13,9,0,25,0,0,0,25
11/27/2015,BIS,ND,AGL,CE,Combined TRACON& Tower with Radar,3,23,14,0,40,0,0,24,0,24,3,23,38,0,64,74,0,74,138
11/28/2015,BIS,ND,AGL,CE,Combined TRACON& Tower with Radar,6,36,11,0,53,0,0,32,0,32,6,36,43,0,85,22,0,22,107
11/29/2015,BIS,ND,AGL,CE,Combined TRACON& Tower with Radar,8,33,20,0,61,0,2,29,0,31,8,35,49,0,92,64,0,64,156
11/30/2015,BIS,ND,AGL,CE,Combined TRACON& Tower with Radar,5,36,33,3,77,0,1,1,3,5,5,37,34,6,82,0,36,36,118
12/01/2015,BIS,ND,AGL,CE,Combined TRACON& Tower with Radar,4,35,29,1,69,0,6,10,4,20,4,41,39,5,89,50,0,50,139
12/02/2015,BIS,ND,AGL,CE,Combined TRACON& Tower with Radar,7,36,30,0,73,0,4,55,8,67,7,40,85,8,140,68,0,68,208
12/03/2015,BIS,ND,AGL,CE,Combined TRACON& Tower with Radar,9,37,35,3,84,0,4,63,21,88,9,41,98,24,172,56,0,56,228
12/04/2015,BIS,ND,AGL,CE,Combined TRACON& Tower with Radar,5,36,33,2,76,0,4,64,8,76,5,40,97,10,152,30,0,30,182
12/05/2015,BIS,ND,AGL,CE,Combined TRACON& Tower with Radar,4,24,14,4,46,0,4,28,5,37,4,28,42,9,83,44,0,44,127
12/06/2015,BIS,ND,AGL,CE,Combined TRACON& Tower with Radar,9,23,14,0,46,0,3,37,2,42,9,26,51,2,88,126,0,126,214
12/07/2015,BIS,ND,AGL,CE,Combined TRACON& Tower with Radar,5,23,51,4,83,0,0,38,3,41,5,23,89,7,124,90,0,90,214
12/08/2015,BIS,ND,AGL,CE,Combined TRACON& Tower with Radar,7,42,54,0,103,0,5,43,9,57,7,47,97,9,160,52,0,52,212
12/09/2015,BIS,ND,AGL,CE,Combined TRACON& Tower with Radar,3,25,36,2,66,0,10,57,13,80,3,35,93,15,146,82,4,86,232
12/10/2015,BIS,ND,AGL,CE,Combined TRACON& Tower with Radar,12,41,45,0,98,0,0,20,11,31,12,41,65,11,129,38,12,50,179
12/11/2015,BIS,ND,AGL,CE,Combined TRACON& Tower with Radar,3,38,23,2,66,0,0,0,0,0,3,38,23,2,66,0,0,0,66
12/12/2015,BIS,ND,AGL,CE,Combined TRACON& Tower with Radar,4,22,10,1,37,0,0,0,0,0,4,22,10,1,37,0,0,0,37
12/13/2015,BIS,ND,AGL,CE,Combined TRACON& Tower with Radar,8,13,2,1,24,0,0,0,0,0,8,13,2,1,24,0,0,0,24
12/14/2015,BIS,ND,AGL,CE,Combined TRACON& Tower with Radar,6,37,35,0,78,0,0,0,0,0,6,37,35,0,78,0,0,0,78
12/15/2015,BIS,ND,AGL,CE,Combined TRACON& Tower with Radar,3,38,33,0,74,0,0,3,0,3,3,38,36,0,77,4,0,4,81
12/16/2015,BIS,ND,AGL,CE,Combined TRACON& Tower with Radar,7,37,22,0,66,0,0,0,0,0,7,37,22,0,66,0,0,0,66
12/17/2015,BIS,ND,AGL,CE,Combined TRACON& Tower with Radar,7,34,59,2,102,0,2,27,22,51,7,36,86,24,153,0,4,4,157
12/18/2015,BIS,ND,AGL,CE,Combined TRACON& Tower with Radar,6,31,30,0,67,0,0,44,0,44,6,31,74,0,111,52,0,52,163
12/19/2015,BIS,ND,AGL,CE,Combined TRACON& Tower with Radar,6,37,9,0,52,0,2,54,0,56,6,39,63,0,108,90,0,90,198
12/20/2015,BIS,ND,AGL,CE,Combined TRACON& Tower with Radar,9,24,28,0,61,0,0,2,0,2,9,24,30,0,63,0,0,0,63
12/21/2015,BIS,ND,AGL,CE,Combined TRACON& Tower with Radar,7,26,43,0,76,0,1,0,0,1,7,27,43,0,77,0,0,0,77
12/22/2015,BIS,ND,AGL,CE,Combined TRACON& Tower with Radar,7,38,35,2,82,0,0,7,0,7,7,38,42,2,89,4,0,4,93
12/23/2015,BIS,ND,AGL,CE,Combined TRACON& Tower with Radar,7,35,17,0,59,0,1,33,0,34,7,36,50,0,93,72,0,72,165
12/24/2015,BIS,ND,AGL,CE,Combined TRACON& Tower with Radar,10,29,7,0,46,0,0,2,0,2,10,29,9,0,48,24,0,24,72
12/25/2015,BIS,ND,AGL,CE,Combined TRACON& Tower with Radar,6,12,4,0,22,0,0,0,0,0,6,12,4,0,22,0,0,0,22
12/26/2015,BIS,ND,AGL,CE,Combined TRACON& Tower with Radar,7,31,5,0,43,0,0,42,0,42,7,31,47,0,85,166,0,166,251
12/27/2015,BIS,ND,AGL,CE,Combined TRACON& Tower with Radar,11,21,11,0,43,0,0,21,0,21,11,21,32,0,64,82,0,82,146
12/28/2015,BIS,ND,AGL,CE,Combined TRACON& Tower with Radar,6,23,18,0,47,0,0,27,0,27,6,23,45,0,74,6,0,6,80
12/29/2015,BIS,ND,AGL,CE,Combined TRACON& Tower with Radar,10,33,30,0,73,0,0,24,3,27,10,33,54,3,100,50,2,52,152
12/30/2015,BIS,ND,AGL,CE,Combined TRACON& Tower with Radar,5,34,16,3,58,0,2,4,2,8,5,36,20,5,66,28,0,28,94
12/31/2015,BIS,ND,AGL,CE,Combined TRACON& Tower with Radar,11,27,18,0,56,0,3,11,0,14,11,30,29,0,70,0,0,0,70
01/01/2016,BIS,ND,AGL,CE,Combined TRACON& Tower with Radar,6,12,18,0,36,0,3,18,0,21,6,15,36,0,57,20,0,20,77
01/02/2016,BIS,ND,AGL,CE,Combined TRACON& Tower with Radar,7,34,5,0,46,0,3,13,0,16,7,37,18,0,62,18,0,18,80
01/03/2016,BIS,ND,AGL,CE,Combined TRACON& Tower with Radar,11,24,13,0,48,0,1,23,0,24,11,25,36,0,72,0,0,0,72
01/04/2016,BIS,ND,AGL,CE,Combined TRACON& Tower with Radar,7,24,18,0,49,0,1,35,0,36,7,25,53,0,85,40,0,40,125
01/05/2016,BIS,ND,AGL,CE,Combined TRACON& Tower with Radar,6,29,24,0,59,0,1,28,8,37,6,30,52,8,96,26,0,26,122
01/06/2016,BIS,ND,AGL,CE,Combined TRACON& Tower with Radar,6,25,31,2,64,0,0,0,0,0,6,25,31,2,64,0,0,0,64
01/07/2016,BIS,ND,AGL,CE,Combined TRACON& Tower with Radar,12,29,34,0,75,0,0,0,0,0,12,29,34,0,75,0,0,0,75
01/08/2016,BIS,ND,AGL,CE,Combined TRACON& Tower with Radar,7,24,42,6,79,0,2,12,9,23,7,26,54,15,102,24,0,24,126
01/09/2016,BIS,ND,AGL,CE,Combined TRACON& Tower with Radar,8,24,14,1,47,0,0,20,18,38,8,24,34,19,85,92,28,120,205
01/10/2016,BIS,ND,AGL,CE,Combined TRACON& Tower with Radar,9,16,19,1,45,0,0,5,0,5,9,16,24,1,50,0,0,0,50
01/11/2016,BIS,ND,AGL,CE,Combined TRACON& Tower with Radar,9,18,23,3,53,0,0,4,2,6,9,18,27,5,59,0,0,0,59
01/12/2016,BIS,ND,AGL,CE,Combined TRACON& Tower with Radar,7,26,38,2,73,0,0,14,8,22,7,26,52,10,95,6,0,6,101
01/13/2016,BIS,ND,AGL,CE,Combined TRACON& Tower with Radar,7,27,49,1,84,0,5,48,4,57,7,32,97,5,141,100,0,100,241
01/14/2016,BIS,ND,AGL,CE,Combined TRACON& Tower with Radar,10,27,41,1,79,0,0,4,7,11,10,27,45,8,90,6,0,6,96
01/15/2016,BIS,ND,AGL,CE,Combined TRACON& Tower with Radar,5,25,26,1,57,0,0,2,4,6,5,25,28,5,63,0,0,0,63
01/16/2016,BIS,ND,AGL,CE,Combined TRACON& Tower with Radar,7,25,11,0,43,0,2,9,0,11,7,27,20,0,54,4,0,4,58
01/17/2016,BIS,ND,AGL,CE,Combined TRACON& Tower with Radar,7,20,6,0,33,0,1,3,0,4,7,21,9,0,37,56,0,56,93
01/18/2016,BIS,ND,AGL,CE,Combined TRACON& Tower with Radar,7,17,29,0,53,0,2,3,0,5,7,19,32,0,58,0,0,0,58
01/19/2016,BIS,ND,AGL,CE,Combined TRACON& Tower with Radar,6,48,45,1,100,0,0,0,0,0,6,48,45,1,100,0,0,0,100
01/20/2016,BIS,ND,AGL,CE,Combined TRACON& Tower with Radar,8,34,52,1,95,0,0,0,0,0,8,34,52,1,95,0,0,0,95
01/21/2016,BIS,ND,AGL,CE,Combined TRACON& Tower with Radar,8,29,43,5,85,0,0,2,25,27,8,29,45,30,112,18,12,30,142
01/22/2016,BIS,ND,AGL,CE,Combined TRACON& Tower with Radar,9,27,28,4,68,0,0,6,1,7,9,27,34,5,75,43,0,43,118
01/23/2016,BIS,ND,AGL,CE,Combined TRACON& Tower with Radar,6,27,9,0,42,0,1,48,5,54,6,28,57,5,96,186,14,200,296
01/24/2016,BIS,ND,AGL,CE,Combined TRACON& Tower with Radar,9,20,9,0,38,0,2,9,2,13,9,22,18,2,51,24,0,24,75
01/25/2016,BIS,ND,AGL,CE,Combined TRACON& Tower with Radar,7,19,17,0,43,0,2,3,0,5,7,21,20,0,48,0,0,0,48
01/26/2016,BIS,ND,AGL,CE,Combined TRACON& Tower with Radar,8,34,60,1,103,0,1,30,7,38,8,35,90,8,141,75,4,79,220
01/27/2016,BIS,ND,AGL,CE,Combined TRACON& Tower with Radar,7,28,35,0,70,0,5,8,7,20,7,33,43,7,90,4,0,4,94
01/28/2016,BIS,ND,AGL,CE,Combined TRACON& Tower with Radar,9,33,48,5,95,0,3,68,24,95,9,36,116,29,190,134,16,150,340
01/29/2016,BIS,ND,AGL,CE,Combined TRACON& Tower with Radar,7,33,35,0,75,0,0,24,14,38,7,33,59,14,113,0,20,20,133
01/30/2016,BIS,ND,AGL,CE,Combined TRACON& Tower with Radar,7,26,24,0,57,0,0,38,0,38,7,26,62,0,95,22,0,22,117
01/31/2016,BIS,ND,AGL,CE,Combined TRACON& Tower with Radar,9,19,19,0,47,0,1,61,0,62,9,20,80,0,109,199,0,199,308
02/01/2016,BIS,ND,AGL,CE,Combined TRACON& Tower with Radar,7,12,47,1,67,0,2,32,2,36,7,14,79,3,103,39,40,79,182
02/02/2016,BIS,ND,AGL,CE,Combined TRACON& Tower with Radar,6,28,34,1,69,0,9,40,5,54,6,37,74,6,123,72,0,72,195
02/03/2016,BIS,ND,AGL,CE,Combined TRACON& Tower with Radar,8,25,21,3,57,0,1,40,9,50,8,26,61,12,107,34,0,34,141
02/04/2016,BIS,ND,AGL,CE,Combined TRACON& Tower with Radar,13,29,59,5,106,0,2,64,32,98,13,31,123,37,204,70,64,134,338
02/05/2016,BIS,ND,AGL,CE,Combined TRACON& Tower with Radar,8,27,22,0,57,0,2,58,6,66,8,29,80,6,123,72,12,84,207
02/06/2016,BIS,ND,AGL,CE,Combined TRACON& Tower with Radar,6,31,11,2,50,0,2,14,2,18,6,33,25,4,68,4,0,4,72
02/07/2016,BIS,ND,AGL,CE,Combined TRACON& Tower with Radar,9,14,3,0,26,0,0,0,0,0,9,14,3,0,26,0,0,0,26
02/08/2016,BIS,ND,AGL,CE,Combined TRACON& Tower with Radar,13,21,24,0,58,0,0,24,0,24,13,21,48,0,82,56,0,56,138
02/09/2016,BIS,ND,AGL,CE,Combined TRACON& Tower with Radar,7,24,37,2,70,0,2,43,8,53,7,26,80,10,123,46,0,46,169
02/10/2016,BIS,ND,AGL,CE,Combined TRACON& Tower with Radar,7,25,42,0,74,0,0,6,3,9,7,25,48,3,83,22,0,22,105
02/11/2016,BIS,ND,AGL,CE,Combined TRACON& Tower with Radar,8,30,58,2,98,0,0,2,15,17,8,30,60,17,115,0,0,0,115
02/12/2016,BIS,ND,AGL,CE,Combined TRACON& Tower with Radar,5,35,36,0,76,0,3,46,4,53,5,38,82,4,129,52,0,52,181
02/13/2016,BIS,ND,AGL,CE,Combined TRACON& Tower with Radar,4,25,11,0,40,0,0,2,0,2,4,25,13,0,42,0,0,0,42
02/14/2016,BIS,ND,AGL,CE,Combined TRACON& Tower with Radar,4,24,9,0,37,0,0,17,0,17,4,24,26,0,54,54,0,54,108
02/15/2016,BIS,ND,AGL,CE,Combined TRACON& Tower with Radar,2,23,29,2,56,0,0,30,0,30,2,23,59,2,86,82,0,82,168
02/16/2016,BIS,ND,AGL,CE,Combined TRACON& Tower with Radar,2,30,46,2,80,0,0,6,1,7,2,30,52,3,87,0,0,0,87
02/17/2016,BIS,ND,AGL,CE,Combined TRACON& Tower with Radar,7,38,28,4,77,0,0,0,0,0,7,38,28,4,77,0,0,0,77
02/18/2016,BIS,ND,AGL,CE,Combined TRACON& Tower with Radar,5,60,61,2,128,0,0,0,0,0,5,60,61,2,128,0,0,0,128
02/19/2016,BIS,ND,AGL,CE,Combined TRACON& Tower with Radar,3,34,28,2,67,0,0,8,1,9,3,34,36,3,76,0,0,0,76
02/20/2016,BIS,ND,AGL,CE,Combined TRACON& Tower with Radar,4,28,12,3,47,0,0,71,11,82,4,28,83,14,129,154,0,154,283
02/21/2016,BIS,ND,AGL,CE,Combined TRACON& Tower with Radar,5,22,15,0,42,0,0,2,3,5,5,22,17,3,47,22,30,52,99
02/22/2016,BIS,ND,AGL,CE,Combined TRACON& Tower with Radar,4,23,34,4,65,0,2,46,7,55,4,25,80,11,120,54,38,92,212
02/23/2016,BIS,ND,AGL,CE,Combined TRACON& Tower with Radar,4,31,53,2,90,0,2,30,15,47,4,33,83,17,137,46,20,66,203
02/24/2016,BIS,ND,AGL,CE,Combined TRACON& Tower with Radar,8,31,29,7,75,0,5,20,4,29,8,36,49,11,104,70,0,70,174
02/25/2016,BIS,ND,AGL,CE,Combined TRACON& Tower with Radar,6,31,48,2,87,0,0,56,24,80,6,31,104,26,167,48,34,82,249
02/26/2016,BIS,ND,AGL,CE,Combined TRACON& Tower with Radar,4,29,31,1,65,0,1,63,16,80,4,30,94,17,145,18,2,20,165
02/27/2016,BIS,ND,AGL,CE,Combined TRACON& Tower with Radar,4,29,8,0,41,0,3,52,1,56,4,32,60,1,97,62,0,62,159
02/28/2016,BIS,ND,AGL,CE,Combined TRACON& Tower with Radar,5,22,9,0,36,0,0,31,0,31,5,22,40,0,67,108,0,108,175
02/29/2016,BIS,ND,AGL,CE,Combined TRACON& Tower with Radar,5,26,36,4,71,0,1,8,8,17,5,27,44,12,88,14,4,18,106
03/01/2016,BIS,ND,AGL,CE,Combined TRACON& Tower with Radar,5,29,26,4,64,0,0,25,10,35,5,29,51,14,99,100,2,102,201
03/02/2016,BIS,ND,AGL,CE,Combined TRACON& Tower with Radar,11,35,44,0,90,0,2,7,2,11,11,37,51,2,101,2,0,2,103
03/03/2016,BIS,ND,AGL,CE,Combined TRACON& Tower with Radar,14,32,41,0,87,0,0,21,16,37,14,32,62,16,124,6,22,28,152
03/04/2016,BIS,ND,AGL,CE,Combined TRACON& Tower with Radar,7,32,32,0,71,0,0,22,21,43,7,32,54,21,114,18,8,26,140
03/05/2016,BIS,ND,AGL,CE,Combined TRACON& Tower with Radar,7,23,21,0,51,0,0,19,15,34,7,23,40,15,85,0,20,20,105
03/06/2016,BIS,ND,AGL,CE,Combined TRACON& Tower with Radar,11,22,13,4,50,0,1,70,3,74,11,23,83,7,124,132,2,134,258
03/07/2016,BIS,ND,AGL,CE,Combined TRACON& Tower with Radar,11,18,48,3,80,0,2,32,7,41,11,20,80,10,121,35,0,35,156
03/08/2016,BIS,ND,AGL,CE,Combined TRACON& Tower with Radar,7,36,38,4,85,0,4,6,3,13,7,40,44,7,98,0,1,1,99
03/09/2016,BIS,ND,AGL,CE,Combined TRACON& Tower with Radar,13,32,47,2,94,0,1,59,6,66,13,33,106,8,160,34,0,34,194
03/10/2016,BIS,ND,AGL,CE,Combined TRACON& Tower with Radar,9,34,39,7,89,0,0,52,10,62,9,34,91,17,151,46,44,90,241
03/11/2016,BIS,ND,AGL,CE,Combined TRACON& Tower with Radar,7,28,26,2,63,0,10,53,16,79,7,38,79,18,142,36,0,36,178
03/12/2016,BIS,ND,AGL,CE,Combined TRACON& Tower with Radar,7,30,10,0,47,0,4,62,13,79,7,34,72,13,126,26,0,26,152
03/13/2016,BIS,ND,AGL,CE,Combined TRACON& Tower with Radar,9,27,11,0,47,0,6,62,0,68,9,33,73,0,115,118,0,118,233
03/14/2016,BIS,ND,AGL,CE,Combined TRACON& Tower with Radar,9,27,37,1,74,0,0,20,1,21,9,27,57,2,95,36,0,36,131
03/15/2016,BIS,ND,AGL,CE,Combined TRACON& Tower with Radar,7,33,49,1,90,0,3,45,2,50,7,36,94,3,140,32,0,32,172
03/16/2016,BIS,ND,AGL,CE,Combined TRACON& Tower with Radar,13,30,36,2,81,0,16,19,2,37,13,46,55,4,118,8,0,8,126
03/17/2016,BIS,ND,AGL,CE,Combined TRACON& Tower with Radar,9,30,42,4,85,0,0,2,0,2,9,30,44,4,87,8,0,8,95
03/18/2016,BIS,ND,AGL,CE,Combined TRACON& Tower with Radar,7,24,33,2,66,0,0,0,0,0,7,24,33,2,66,0,0,0,66
03/19/2016,BIS,ND,AGL,CE,Combined TRACON& Tower with Radar,7,23,15,0,45,0,0,23,0,23,7,23,38,0,68,62,0,62,130
03/20/2016,BIS,ND,AGL,CE,Combined TRACON& Tower with Radar,9,22,16,0,47,0,3,73,0,76,9,25,89,0,123,190,4,194,317
03/21/2016,BIS,ND,AGL,CE,Combined TRACON& Tower with Radar,9,23,25,4,61,0,2,39,3,44,9,25,64,7,105,46,2,48,153
03/22/2016,BIS,ND,AGL,CE,Combined TRACON& Tower with Radar,7,33,51,3,94,0,4,11,1,16,7,37,62,4,110,6,0,6,116
03/23/2016,BIS,ND,AGL,CE,Combined TRACON& Tower with Radar,7,28,49,2,86,0,3,42,4,49,7,31,91,6,135,14,0,14,149
03/24/2016,BIS,ND,AGL,CE,Combined TRACON& Tower with Radar,11,31,36,5,83,0,6,70,32,108,11,37,106,37,191,74,36,110,301
03/25/2016,BIS,ND,AGL,CE,Combined TRACON& Tower with Radar,7,25,18,1,51,0,1,1,0,2,7,26,19,1,53,0,0,0,53
03/26/2016,BIS,ND,AGL,CE,Combined TRACON& Tower with Radar,7,26,23,0,56,0,1,53,2,56,7,27,76,2,112,102,0,102,214
03/27/2016,BIS,ND,AGL,CE,Combined TRACON& Tower with Radar,11,22,2,0,35,0,1,32,0,33,11,23,34,0,68,62,0,62,130
03/28/2016,BIS,ND,AGL,CE,Combined TRACON& Tower with Radar,7,21,37,1,66,0,2,62,1,65,7,23,99,2,131,94,0,94,225
03/29/2016,BIS,ND,AGL,CE,Combined TRACON& Tower with Radar,7,30,40,3,80,0,0,47,1,48,7,30,87,4,128,32,0,32,160
03/30/2016,BIS,ND,AGL,CE,Combined TRACON& Tower with Radar,9,31,43,4,87,0,1,34,22,57,9,32,77,26,144,26,22,48,192
03/31/2016,BIS,ND,AGL,CE,Combined TRACON& Tower with Radar,9,31,29,2,71,0,0,4,13,17,9,31,33,15,88,0,36,36,124
04/01/2016,BIS,ND,AGL,CE,Combined TRACON& Tower with Radar,7,24,20,0,51,0,0,34,3,37,7,24,54,3,88,30,0,30,118
04/02/2016,BIS,ND,AGL,CE,Combined TRACON& Tower with Radar,7,24,13,0,44,0,1,51,0,52,7,25,64,0,96,68,0,68,164
04/03/2016,BIS,ND,AGL,CE,Combined TRACON& Tower with Radar,9,23,8,0,40,0,6,33,0,39,9,29,41,0,79,44,0,44,123
04/04/2016,BIS,ND,AGL,CE,Combined TRACON& Tower with Radar,7,23,38,2,70,0,3,36,7,46,7,26,74,9,116,16,2,18,134
04/05/2016,BIS,ND,AGL,CE,Combined TRACON& Tower with Radar,5,27,46,3,81,0,2,13,0,15,5,29,59,3,96,32,16,48,144
04/06/2016,BIS,ND,AGL,CE,Combined TRACON& Tower with Radar,7,31,23,6,67,0,1,20,2,23,7,32,43,8,90,28,0,28,118
04/07/2016,BIS,ND,AGL,CE,Combined TRACON& Tower with Radar,11,30,41,1,83,0,0,11,9,20,11,30,52,10,103,0,0,0,103
04/08/2016,BIS,ND,AGL,CE,Combined TRACON& Tower with Radar,9,33,16,4,62,0,3,44,15,62,9,36,60,19,124,46,16,62,186
04/09/2016,BIS,ND,AGL,CE,Combined TRACON& Tower with Radar,5,25,0,1,31,0,0,4,5,9,5,25,4,6,40,0,0,0,40
04/10/2016,BIS,ND,AGL,CE,Combined TRACON& Tower with Radar,8,20,5,1,34,0,2,15,10,27,8,22,20,11,61,8,12,20,81
04/11/2016,BIS,ND,AGL,CE,Combined TRACON& Tower with Radar,13,29,33,0,75,0,1,26,0,27,13,30,59,0,102,50,0,50,152
04/12/2016,BIS,ND,AGL,CE,Combined TRACON& Tower with Radar,5,34,35,2,76,0,5,29,6,40,5,39,64,8,116,38,14,52,168
04/13/2016,BIS,ND,AGL,CE,Combined TRACON& Tower with Radar,9,30,33,4,76,0,3,27,3,33,9,33,60,7,109,6,2,8,117
04/14/2016,BIS,ND,AGL,CE,Combined TRACON& Tower with Radar,10,32,57,9,108,0,3,58,37,98,10,35,115,46,206,28,6,34,240
04/15/2016,BIS,ND,AGL,CE,Combined TRACON& Tower with Radar,11,27,32,1,71,0,0,18,7,25,11,27,50,8,96,52,12,64,160
04/16/2016,BIS,ND,AGL,CE,Combined TRACON& Tower with Radar,5,19,11,0,35,0,0,0,0,0,5,19,11,0,35,0,0,0,35
04/17/2016,BIS,ND,AGL,CE,Combined TRACON& Tower with Radar,11,26,34,0,71,0,1,0,0,1,11,27,34,0,72,0,0,0,72
04/18/2016,BIS,ND,AGL,CE,Combined TRACON& Tower with Radar,9,26,25,2,62,0,0,0,0,0,9,26,25,2,62,0,0,0,62
04/19/2016,BIS,ND,AGL,CE,Combined TRACON& Tower with Radar,7,36,33,0,76,0,0,8,0,8,7,36,41,0,84,34,0,34,118
04/20/2016,BIS,ND,AGL,CE,Combined TRACON& Tower with Radar,9,33,37,1,80,0,5,86,5,96,9,38,123,6,176,122,16,138,314
04/21/2016,BIS,ND,AGL,CE,Combined TRACON& Tower with Radar,9,36,49,3,97,0,0,58,13,71,9,36,107,16,168,46,0,46,214
04/22/2016,BIS,ND,AGL,CE,Combined TRACON& Tower with Radar,9,34,24,2,69,0,4,57,4,65,9,38,81,6,134,36,0,36,170
04/23/2016,BIS,ND,AGL,CE,Combined TRACON& Tower with Radar,5,25,12,0,42,0,3,27,3,33,5,28,39,3,75,34,0,34,109
04/24/2016,BIS,ND,AGL,CE,Combined TRACON& Tower with Radar,10,26,15,0,51,0,0,0,0,0,10,26,15,0,51,0,0,0,51
04/25/2016,BIS,ND,AGL,CE,Combined TRACON& Tower with Radar,10,23,31,0,64,0,2,2,0,4,10,25,33,0,68,8,0,8,76
04/26/2016,BIS,ND,AGL,CE,Combined TRACON& Tower with Radar,7,37,45,1,90,0,0,4,1,5,7,37,49,2,95,0,0,0,95
04/27/2016,BIS,ND,AGL,CE,Combined TRACON& Tower with Radar,8,35,50,1,94,0,2,8,1,11,8,37,58,2,105,0,0,0,105
04/28/2016,BIS,ND,AGL,CE,Combined TRACON& Tower with Radar,9,42,50,8,109,0,0,45,39,84,9,42,95,47,193,86,25,111,304
04/29/2016,BIS,ND,AGL,CE,Combined TRACON& Tower with Radar,9,29,23,3,64,0,2,89,12,103,9,31,112,15,167,106,0,106,273
04/30/2016,BIS,ND,AGL,CE,Combined TRACON& Tower with Radar,5,22,18,0,45,0,1,27,6,34,5,23,45,6,79,106,0,106,185
05/01/2016,BIS,ND,AGL,CE,Combined TRACON& Tower with Radar,6,21,8,0,35,0,4,52,0,56,6,25,60,0,91,156,0,156,247
05/02/2016,BIS,ND,AGL,CE,Combined TRACON& Tower with Radar,7,22,31,2,62,0,0,28,3,31,7,22,59,5,93,68,0,68,161
05/03/2016,BIS,ND,AGL,CE,Combined TRACON& Tower with Radar,7,30,32,4,73,0,0,74,14,88,7,30,106,18,161,40,0,40,201
05/04/2016,BIS,ND,AGL,CE,Combined TRACON& Tower with Radar,9,35,48,1,93,0,1,105,9,115,9,36,153,10,208,78,2,80,288
05/05/2016,BIS,ND,AGL,CE,Combined TRACON& Tower with Radar,8,34,51,6,99,0,0,62,33,95,8,34,113,39,194,34,8,42,236
05/06/2016,BIS,ND,AGL,CE,Combined TRACON& Tower with Radar,5,37,37,3,82,0,0,39,14,53,5,37,76,17,135,12,10,22,157
05/07/2016,BIS,ND,AGL,CE,Combined TRACON& Tower with Radar,6,23,21,0,50,0,0,55,0,55,6,23,76,0,105,88,0,88,193
05/08/2016,BIS,ND,AGL,CE,Combined TRACON& Tower with Radar,10,22,15,0,47,0,0,32,0,32,10,22,47,0,79,30,0,30,109
05/09/2016,BIS,ND,AGL,CE,Combined TRACON& Tower with Radar,7,24,27,2,60,0,2,8,3,13,7,26,35,5,73,16,0,16,89
05/10/2016,BIS,ND,AGL,CE,Combined TRACON& Tower with Radar,7,36,54,0,97,0,0,14,2,16,7,36,68,2,113,20,0,20,133
05/11/2016,BIS,ND,AGL,CE,Combined TRACON& Tower with Radar,7,33,42,2,84,0,2,20,10,32,7,35,62,12,116,0,0,0,116
05/12/2016,BIS,ND,AGL,CE,Combined TRACON& Tower with Radar,9,35,35,0,79,0,9,43,0,52,9,44,78,0,131,82,0,82,213
05/13/2016,BIS,ND,AGL,CE,Combined TRACON& Tower with Radar,5,37,45,0,87,0,1,11,4,16,5,38,56,4,103,36,0,36,139
05/14/2016,BIS,ND,AGL,CE,Combined TRACON& Tower with Radar,8,24,11,0,43,0,0,30,7,37,8,24,41,7,80,16,0,16,96
05/15/2016,BIS,ND,AGL,CE,Combined TRACON& Tower with Radar,9,23,15,0,47,0,0,42,4,46,9,23,57,4,93,20,0,20,113
05/16/2016,BIS,ND,AGL,CE,Combined TRACON& Tower with Radar,7,24,37,2,70,0,0,43,20,63,7,24,80,22,133,66,2,68,201
05/17/2016,BIS,ND,AGL,CE,Combined TRACON& Tower with Radar,10,41,45,0,96,0,6,66,13,85,10,47,111,13,181,16,0,16,197
05/18/2016,BIS,ND,AGL,CE,Combined TRACON& Tower with Radar,11,36,31,3,81,0,2,65,3,70,11,38,96,6,151,56,14,70,221
05/19/2016,BIS,ND,AGL,CE,Combined TRACON& Tower with Radar,9,34,40,2,85,0,1,40,10,51,9,35,80,12,136,40,0,40,176
05/20/2016,BIS,ND,AGL,CE,Combined TRACON& Tower with Radar,7,30,30,3,70,1,0,38,5,44,8,30,68,8,114,62,14,76,190
05/21/2016,BIS,ND,AGL,CE,Combined TRACON& Tower with Radar,11,20,11,0,42,0,2,27,0,29,11,22,38,0,71,2,0,2,73
05/22/2016,BIS,ND,AGL,CE,Combined TRACON& Tower with Radar,8,19,16,0,43,0,2,15,0,17,8,21,31,0,60,12,0,12,72
05/23/2016,BIS,ND,AGL,CE,Combined TRACON& Tower with Radar,9,25,52,14,100,0,7,50,7,64,9,32,102,21,164,148,12,160,324
05/24/2016,BIS,ND,AGL,CE,Combined TRACON& Tower with Radar,9,37,54,0,100,0,4,60,14,78,9,41,114,14,178,26,54,80,258
05/25/2016,BIS,ND,AGL,CE,Combined TRACON& Tower with Radar,7,35,38,0,80,0,2,23,4,29,7,37,61,4,109,36,0,36,145
05/26/2016,BIS,ND,AGL,CE,Combined TRACON& Tower with Radar,9,36,61,0,106,0,1,32,5,38,9,37,93,5,144,34,8,42,186
05/27/2016,BIS,ND,AGL,CE,Combined TRACON& Tower with Radar,9,34,43,1,87,0,0,11,0,11,9,34,54,1,98,0,0,0,98
05/28/2016,BIS,ND,AGL,CE,Combined TRACON& Tower with Radar,7,21,19,1,48,0,0,28,0,28,7,21,47,1,76,14,0,14,90
05/29/2016,BIS,ND,AGL,CE,Combined TRACON& Tower with Radar,8,18,12,0,38,0,0,46,1,47,8,18,58,1,85,96,0,96,181
05/30/2016,BIS,ND,AGL,CE,Combined TRACON& Tower with Radar,7,20,6,0,33,0,0,14,8,22,7,20,20,8,55,0,6,6,61
05/31/2016,BIS,ND,AGL,CE,Combined TRACON& Tower with Radar,7,27,26,0,60,0,8,8,2,18,7,35,34,2,78,6,0,6,84
06/01/2016,BIS,ND,AGL,CE,Combined TRACON& Tower with Radar,7,33,31,11,82,0,0,14,3,17,7,33,45,14,99,4,10,14,113
06/02/2016,BIS,ND,AGL,CE,Combined TRACON& Tower with Radar,9,29,43,2,83,0,1,55,13,69,9,30,98,15,152,34,0,34,186
06/03/2016,BIS,ND,AGL,CE,Combined TRACON& Tower with Radar,7,29,18,2,56,0,5,29,12,46,7,34,47,14,102,16,12,28,130
06/04/2016,BIS,ND,AGL,CE,Combined TRACON& Tower with Radar,7,21,16,1,45,0,2,22,4,28,7,23,38,5,73,8,0,8,81
06/05/2016,BIS,ND,AGL,CE,Combined TRACON& Tower with Radar,7,22,5,0,34,0,1,15,3,19,7,23,20,3,53,0,0,0,53
06/06/2016,BIS,ND,AGL,CE,Combined TRACON& Tower with Radar,8,26,40,3,77,0,3,59,7,69,8,29,99,10,146,72,0,72,218
06/07/2016,BIS,ND,AGL,CE,Combined TRACON& Tower with Radar,8,36,33,1,78,0,4,45,2,51,8,40,78,3,129,36,0,36,165
06/08/2016,BIS,ND,AGL,CE,Combined TRACON& Tower with Radar,7,33,50,3,93,0,0,36,9,45,7,33,86,12,138,36,4,40,178
06/09/2016,BIS,ND,AGL,CE,Combined TRACON& Tower with Radar,11,34,69,3,117,0,4,75,11,90,11,38,144,14,207,36,0,36,243
06/10/2016,BIS,ND,AGL,CE,Combined TRACON& Tower with Radar,9,33,19,0,61,0,0,40,11,51,9,33,59,11,112,12,0,12,124
06/11/2016,BIS,ND,AGL,CE,Combined TRACON& Tower with Radar,6,23,8,0,37,0,5,22,3,30,6,28,30,3,67,31,0,31,98
06/12/2016,BIS,ND,AGL,CE,Combined TRACON& Tower with Radar,10,23,14,0,47,0,1,9,4,14,10,24,23,4,61,0,0,0,61
06/13/2016,BIS,ND,AGL,CE,Combined TRACON& Tower with Radar,7,20,46,8,81,0,1,37,2,40,7,21,83,10,121,14,0,14,135
06/14/2016,BIS,ND,AGL,CE,Combined TRACON& Tower with Radar,11,30,27,0,68,0,3,17,5,25,11,33,44,5,93,30,2,32,125
06/15/2016,BIS,ND,AGL,CE,Combined TRACON& Tower with Radar,9,34,47,4,94,0,9,35,5,49,9,43,82,9,143,50,10,60,203
06/16/2016,BIS,ND,AGL,CE,Combined TRACON& Tower with Radar,11,32,48,2,93,0,5,39,11,55,11,37,87,13,148,24,0,24,172
06/17/2016,BIS,ND,AGL,CE,Combined TRACON& Tower with Radar,9,32,25,0,66,0,4,19,4,27,9,36,44,4,93,10,0,10,103
06/18/2016,BIS,ND,AGL,CE,Combined TRACON& Tower with Radar,6,28,15,0,49,0,1,24,0,25,6,29,39,0,74,48,0,48,122
06/19/2016,BIS,ND,AGL,CE,Combined TRACON& Tower with Radar,8,25,23,0,56,0,1,33,3,37,8,26,56,3,93,18,0,18,111
06/20/2016,BIS,ND,AGL,CE,Combined TRACON& Tower with Radar,6,20,36,2,64,0,0,49,1,50,6,20,85,3,114,90,2,92,206
06/21/2016,BIS,ND,AGL,CE,Combined TRACON& Tower with Radar,11,30,53,1,95,0,0,34,3,37,11,30,87,4,132,46,16,62,194
06/22/2016,BIS,ND,AGL,CE,Combined TRACON& Tower with Radar,9,31,47,6,93,0,8,31,0,39,9,39,78,6,132,22,0,22,154
06/23/2016,BIS,ND,AGL,CE,Combined TRACON& Tower with Radar,11,38,48,4,101,0,6,61,18,85,11,44,109,22,186,26,10,36,222
06/24/2016,BIS,ND,AGL,CE,Combined TRACON& Tower with Radar,9,29,24,2,64,0,0,15,0,15,9,29,39,2,79,16,0,16,95
06/25/2016,BIS,ND,AGL,CE,Combined TRACON& Tower with Radar,6,25,12,0,43,0,0,3,0,3,6,25,15,0,46,0,0,0,46
06/26/2016,BIS,ND,AGL,CE,Combined TRACON& Tower with Radar,10,23,23,0,56,0,0,11,0,11,10,23,34,0,67,0,0,0,67
06/27/2016,BIS,ND,AGL,CE,Combined TRACON& Tower with Radar,11,31,57,5,104,0,2,15,3,20,11,33,72,8,124,94,12,106,230
06/28/2016,BIS,ND,AGL,CE,Combined TRACON& Tower with Radar,10,32,46,3,91,0,4,63,5,72,10,36,109,8,163,64,8,72,235
06/29/2016,BIS,ND,AGL,CE,Combined TRACON& Tower with Radar,10,35,42,1,88,0,0,37,10,47,10,35,79,11,135,44,0,44,179
06/30/2016,BIS,ND,AGL,CE,Combined TRACON& Tower with Radar,11,27,50,3,91,0,2,40,18,60,11,29,90,21,151,36,2,38,189
07/01/2016,BIS,ND,AGL,CE,Combined TRACON& Tower with Radar,11,30,15,0,56,0,3,35,4,42,11,33,50,4,98,18,0,18,116
07/02/2016,BIS,ND,AGL,CE,Combined TRACON& Tower with Radar,6,25,4,0,35,0,1,6,0,7,6,26,10,0,42,0,0,0,42
07/03/2016,BIS,ND,AGL,CE,Combined TRACON& Tower with Radar,13,12,14,0,39,0,4,7,0,11,13,16,21,0,50,2,0,2,52
07/04/2016,BIS,ND,AGL,CE,Combined TRACON& Tower with Radar,10,10,9,0,29,0,6,22,0,28,10,16,31,0,57,12,0,12,69
07/05/2016,BIS,ND,AGL,CE,Combined TRACON& Tower with Radar,11,24,18,1,54,0,0,28,2,30,11,24,46,3,84,54,0,54,138
07/06/2016,BIS,ND,AGL,CE,Combined TRACON& Tower with Radar,11,33,46,5,95,0,5,17,12,34,11,38,63,17,129,0,0,0,129
07/07/2016,BIS,ND,AGL,CE,Combined TRACON& Tower with Radar,13,27,36,4,80,0,6,20,8,34,13,33,56,12,114,74,0,74,188
07/08/2016,BIS,ND,AGL,CE,Combined TRACON& Tower with Radar,13,33,25,2,73,0,6,35,5,46,13,39,60,7,119,92,12,104,223
07/09/2016,BIS,ND,AGL,CE,Combined TRACON& Tower with Radar,8,23,10,0,41,0,1,21,0,22,8,24,31,0,63,4,0,4,67
07/10/2016,BIS,ND,AGL,CE,Combined TRACON& Tower with Radar,9,21,13,0,43,0,2,21,1,24,9,23,34,1,67,50,0,50,117
07/11/2016,BIS,ND,AGL,CE,Combined TRACON& Tower with Radar,10,19,32,5,66,0,0,24,3,27,10,19,56,8,93,24,0,24,117
07/12/2016,BIS,ND,AGL,CE,Combined TRACON& Tower with Radar,11,31,44,1,87,0,0,20,4,24,11,31,64,5,111,40,0,40,151
07/13/2016,BIS,ND,AGL,CE,Combined TRACON& Tower with Radar,10,27,46,0,83,0,5,26,0,31,10,32,72,0,114,12,0,12,126
07/14/2016,BIS,ND,AGL,CE,Combined TRACON& Tower with Radar,13,33,53,3,102,0,1,22,18,41,13,34,75,21,143,14,0,14,157
07/15/2016,BIS,ND,AGL,CE,Combined TRACON& Tower with Radar,11,34,27,0,72,0,0,31,5,36,11,34,58,5,108,14,0,14,122
07/16/2016,BIS,ND,AGL,CE,Combined TRACON& Tower with Radar,8,22,4,1,35,0,0,7,0,7,8,22,11,1,42,0,0,0,42
07/17/2016,BIS,ND,AGL,CE,Combined TRACON& Tower with Radar,13,18,18,1,50,0,8,69,0,77,13,26,87,1,127,168,0,168,295
07/18/2016,BIS,ND,AGL,CE,Combined TRACON& Tower with Radar,11,28,35,2,76,0,6,61,0,67,11,34,96,2,143,82,0,82,225
07/19/2016,BIS,ND,AGL,CE,Combined TRACON& Tower with Radar,11,27,54,0,92,0,3,46,0,49,11,30,100,0,141,6,0,6,147
07/20/2016,BIS,ND,AGL,CE,Combined TRACON& Tower with Radar,11,37,42,5,95,0,4,29,0,33,11,41,71,5,128,14,0,14,142
07/21/2016,BIS,ND,AGL,CE,Combined TRACON& Tower with Radar,7,36,62,1,106,0,6,16,17,39,7,42,78,18,145,2,0,2,147
07/22/2016,BIS,ND,AGL,CE,Combined TRACON& Tower with Radar,6,29,16,0,51,0,0,36,0,36,6,29,52,0,87,26,0,26,113
07/23/2016,BIS,ND,AGL,CE,Combined TRACON& Tower with Radar,5,28,6,0,39,0,2,10,0,12,5,30,16,0,51,0,0,0,51
07/24/2016,BIS,ND,AGL,CE,Combined TRACON& Tower with Radar,9,20,17,0,46,0,1,49,8,58,9,21,66,8,104,72,0,72,176
07/25/2016,BIS,ND,AGL,CE,Combined TRACON& Tower with Radar,5,24,45,0,74,0,3,31,10,44,5,27,76,10,118,46,0,46,164
07/26/2016,BIS,ND,AGL,CE,Combined TRACON& Tower with Radar,10,30,53,0,93,0,0,22,8,30,10,30,75,8,123,10,0,10,133
07/27/2016,BIS,ND,AGL,CE,Combined TRACON& Tower with Radar,6,41,31,2,80,0,2,18,6,26,6,43,49,8,106,0,0,0,106
07/28/2016,BIS,ND,AGL,CE,Combined TRACON& Tower with Radar,9,37,47,2,95,0,8,49,13,70,9,45,96,15,165,101,31,132,297
07/29/2016,BIS,ND,AGL,CE,Combined TRACON& Tower with Radar,9,31,35,1,76,0,1,48,1,50,9,32,83,2,126,30,0,30,156
07/30/2016,BIS,ND,AGL,CE,Combined TRACON& Tower with Radar,12,23,22,0,57,0,4,52,10,66,12,27,74,10,123,26,0,26,149
07/31/2016,BIS,ND,AGL,CE,Combined TRACON& Tower with Radar,5,26,14,0,45,0,6,12,0,18,5,32,26,0,63,0,0,0,63
08/01/2016,BIS,ND,AGL,CE,Combined TRACON& Tower with Radar,8,26,42,2,78,0,0,29,0,29,8,26,71,2,107,44,0,44,151
08/02/2016,BIS,ND,AGL,CE,Combined TRACON& Tower with Radar,7,34,60,1,102,0,4,68,2,74,7,38,128,3,176,56,0,56,232
08/03/2016,BIS,ND,AGL,CE,Combined TRACON& Tower with Radar,4,33,33,4,74,0,7,26,9,42,4,40,59,13,116,0,4,4,120
08/04/2016,BIS,ND,AGL,CE,Combined TRACON& Tower with Radar,8,31,27,1,67,0,4,13,12,29,8,35,40,13,96,8,0,8,104
08/05/2016,BIS,ND,AGL,CE,Combined TRACON& Tower with Radar,13,31,25,0,69,0,13,81,6,100,13,44,106,6,169,76,0,76,245
08/06/2016,BIS,ND,AGL,CE,Combined TRACON& Tower with Radar,6,23,11,0,40,0,16,56,0,72,6,39,67,0,112,70,0,70,182
08/07/2016,BIS,ND,AGL,CE,Combined TRACON& Tower with Radar,9,23,14,0,46,0,0,35,0,35,9,23,49,0,81,128,0,128,209
08/08/2016,BIS,ND,AGL,CE,Combined TRACON& Tower with Radar,7,24,48,1,80,0,5,31,1,37,7,29,79,2,117,26,0,26,143
08/09/2016,BIS,ND,AGL,CE,Combined TRACON& Tower with Radar,5,34,57,2,98,0,4,34,12,50,5,38,91,14,148,56,6,62,210
08/10/2016,BIS,ND,AGL,CE,Combined TRACON& Tower with Radar,6,32,41,1,80,0,0,10,0,10,6,32,51,1,90,25,0,25,115
08/11/2016,BIS,ND,AGL,CE,Combined TRACON& Tower with Radar,10,34,38,3,85,0,21,53,12,86,10,55,91,15,171,68,0,68,239
08/12/2016,BIS,ND,AGL,CE,Combined TRACON& Tower with Radar,6,35,33,0,74,0,7,67,7,81,6,42,100,7,155,28,0,28,183
08/13/2016,BIS,ND,AGL,CE,Combined TRACON& Tower with Radar,7,24,14,0,45,0,5,41,1,47,7,29,55,1,92,114,0,114,206
08/14/2016,BIS,ND,AGL,CE,Combined TRACON& Tower with Radar,7,22,11,0,40,0,1,55,2,58,7,23,66,2,98,22,0,22,120
08/15/2016,BIS,ND,AGL,CE,Combined TRACON& Tower with Radar,6,23,23,0,52,0,1,39,0,40,6,24,62,0,92,40,0,40,132
08/16/2016,BIS,ND,AGL,CE,Combined TRACON& Tower with Radar,8,30,47,2,87,0,19,69,5,93,8,49,116,7,180,8,0,8,188
08/17/2016,BIS,ND,AGL,CE,Combined TRACON& Tower with Radar,1,39,39,0,79,0,7,61,8,76,1,46,100,8,155,44,2,46,201
08/18/2016,BIS,ND,AGL,CE,Combined TRACON& Tower with Radar,7,38,45,1,91,0,8,38,14,60,7,46,83,15,151,12,0,12,163
08/19/2016,BIS,ND,AGL,CE,Combined TRACON& Tower with Radar,8,30,30,1,69,0,0,16,4,20,8,30,46,5,89,0,0,0,89
08/20/2016,BIS,ND,AGL,CE,Combined TRACON& Tower with Radar,4,26,14,0,44,0,12,45,8,65,4,38,59,8,109,50,0,50,159
08/21/2016,BIS,ND,AGL,CE,Combined TRACON& Tower with Radar,8,21,13,4,46,0,0,41,11,52,8,21,54,15,98,60,14,74,172
08/22/2016,BIS,ND,AGL,CE,Combined TRACON& Tower with Radar,4,26,39,0,69,0,1,22,7,30,4,27,61,7,99,24,0,24,123
08/23/2016,BIS,ND,AGL,CE,Combined TRACON& Tower with Radar,3,38,35,3,79,0,2,25,12,39,3,40,60,15,118,12,4,16,134
08/24/2016,BIS,ND,AGL,CE,Combined TRACON& Tower with Radar,6,27,44,0,77,0,5,37,6,48,6,32,81,6,125,16,0,16,141
08/25/2016,BIS,ND,AGL,CE,Combined TRACON& Tower with Radar,6,35,39,4,84,0,8,36,10,54,6,43,75,14,138,26,6,32,170
08/26/2016,BIS,ND,AGL,CE,Combined TRACON& Tower with Radar,11,31,28,0,70,0,0,49,4,53,11,31,77,4,123,0,0,0,123
08/27/2016,BIS,ND,AGL,CE,Combined TRACON& Tower with Radar,2,27,21,0,50,0,2,65,0,67,2,29,86,0,117,124,0,124,241
08/28/2016,BIS,ND,AGL,CE,Combined TRACON& Tower with Radar,7,22,13,0,42,0,3,45,0,48,7,25,58,0,90,56,0,56,146
08/29/2016,BIS,ND,AGL,CE,Combined TRACON& Tower with Radar,5,26,51,4,86,0,21,62,10,93,5,47,113,14,179,84,0,84,263
08/30/2016,BIS,ND,AGL,CE,Combined TRACON& Tower with Radar,7,31,45,0,83,0,0,47,4,51,7,31,92,4,134,4,8,12,146
08/31/2016,BIS,ND,AGL,CE,Combined TRACON& Tower with Radar,5,33,37,2,77,0,2,49,10,61,5,35,86,12,138,30,8,38,176
09/01/2016,BIS,ND,AGL,CE,Combined TRACON& Tower with Radar,7,31,45,2,85,0,3,47,19,69,7,34,92,21,154,38,0,38,192
09/02/2016,BIS,ND,AGL,CE,Combined TRACON& Tower with Radar,7,30,9,0,46,0,0,11,4,15,7,30,20,4,61,0,0,0,61
09/03/2016,BIS,ND,AGL,CE,Combined TRACON& Tower with Radar,2,26,13,0,41,0,5,42,0,47,2,31,55,0,88,8,0,8,96
09/04/2016,BIS,ND,AGL,CE,Combined TRACON& Tower with Radar,6,17,2,0,25,0,0,1,0,1,6,17,3,0,26,0,0,0,26
09/05/2016,BIS,ND,AGL,CE,Combined TRACON& Tower with Radar,4,19,28,0,51,0,7,20,0,27,4,26,48,0,78,16,0,16,94
09/06/2016,BIS,ND,AGL,CE,Combined TRACON& Tower with Radar,4,29,56,1,90,0,1,42,6,49,4,30,98,7,139,44,0,44,183
09/07/2016,BIS,ND,AGL,CE,Combined TRACON& Tower with Radar,5,30,46,0,81,0,13,8,2,23,5,43,54,2,104,0,0,0,104
09/08/2016,BIS,ND,AGL,CE,Combined TRACON& Tower with Radar,7,38,43,2,90,0,5,48,11,64,7,43,91,13,154,22,224,246,400
09/09/2016,BIS,ND,AGL,CE,Combined TRACON& Tower with Radar,5,32,49,0,86,0,0,13,3,16,5,32,62,3,102,0,0,0,102
09/10/2016,BIS,ND,AGL,CE,Combined TRACON& Tower with Radar,2,25,21,1,49,0,3,51,9,63,2,28,72,10,112,48,0,48,160
09/11/2016,BIS,ND,AGL,CE,Combined TRACON& Tower with Radar,6,22,12,2,42,0,1,118,15,134,6,23,130,17,176,160,4,164,340
09/12/2016,BIS,ND,AGL,CE,Combined TRACON& Tower with Radar,7,21,44,0,72,0,0,28,19,47,7,21,72,19,119,52,0,52,171
09/13/2016,BIS,ND,AGL,CE,Combined TRACON& Tower with Radar,7,34,46,0,87,0,0,60,8,68,7,34,106,8,155,38,0,38,193
09/14/2016,BIS,ND,AGL,CE,Combined TRACON& Tower with Radar,5,33,61,2,101,0,8,73,33,114,5,41,134,35,215,38,12,50,265
09/15/2016,BIS,ND,AGL,CE,Combined TRACON& Tower with Radar,9,35,59,0,103,0,0,0,9,9,9,35,59,9,112,0,6,6,118
09/16/2016,BIS,ND,AGL,CE,Combined TRACON& Tower with Radar,7,30,29,2,68,0,1,8,1,10,7,31,37,3,78,14,0,14,92
09/17/2016,BIS,ND,AGL,CE,Combined TRACON& Tower with Radar,2,28,12,0,42,0,6,48,7,61,2,34,60,7,103,92,0,92,195
09/18/2016,BIS,ND,AGL,CE,Combined TRACON& Tower with Radar,8,23,9,0,40,0,1,19,0,20,8,24,28,0,60,0,0,0,60
09/19/2016,BIS,ND,AGL,CE,Combined TRACON& Tower with Radar,5,26,55,0,86,0,1,41,8,50,5,27,96,8,136,0,0,0,136
09/20/2016,BIS,ND,AGL,CE,Combined TRACON& Tower with Radar,8,42,52,0,102,0,0,45,25,70,8,42,97,25,172,376,10,386,558
09/21/2016,BIS,ND,AGL,CE,Combined TRACON& Tower with Radar,4,33,34,0,71,0,10,61,36,107,4,43,95,36,178,131,56,187,365
09/22/2016,BIS,ND,AGL,CE,Combined TRACON& Tower with Radar,11,36,54,5,106,0,4,36,22,62,11,40,90,27,168,36,48,84,252
09/23/2016,BIS,ND,AGL,CE,Combined TRACON& Tower with Radar,6,35,19,0,60,0,0,6,0,6,6,35,25,0,66,0,0,0,66
09/24/2016,BIS,ND,AGL,CE,Combined TRACON& Tower with Radar,3,26,17,0,46,0,6,29,0,35,3,32,46,0,81,154,0,154,235
09/25/2016,BIS,ND,AGL,CE,Combined TRACON& Tower with Radar,7,22,11,0,40,0,1,17,0,18,7,23,28,0,58,4,0,4,62
09/26/2016,BIS,ND,AGL,CE,Combined TRACON& Tower with Radar,5,31,25,0,61,0,2,28,6,36,5,33,53,6,97,62,0,62,159
09/27/2016,BIS,ND,AGL,CE,Combined TRACON& Tower with Radar,7,32,47,0,86,0,3,65,0,68,7,35,112,0,154,124,0,124,278
09/28/2016,BIS,ND,AGL,CE,Combined TRACON& Tower with Radar,7,39,71,1,118,0,0,63,3,66,7,39,134,4,184,44,0,44,228
09/29/2016,BIS,ND,AGL,CE,Combined TRACON& Tower with Radar,9,30,32,7,78,0,2,35,19,56,9,32,67,26,134,52,0,52,186
09/30/2016,BIS,ND,AGL,CE,Combined TRACON& Tower with Radar,7,32,22,0,61,0,2,21,0,23,7,34,43,0,84,8,0,8,92
10/01/2016,BIS,ND,AGL,CE,Combined TRACON& Tower with Radar,3,30,10,1,44,0,0,34,13,47,3,30,44,14,91,114,16,130,221
10/02/2016,BIS,ND,AGL,CE,Combined TRACON& Tower with Radar,18,23,13,4,58,0,1,22,13,36,18,24,35,17,94,22,0,22,116
10/03/2016,BIS,ND,AGL,CE,Combined TRACON& Tower with Radar,5,27,30,0,62,0,0,11,0,11,5,27,41,0,73,6,0,6,79
10/04/2016,BIS,ND,AGL,CE,Combined TRACON& Tower with Radar,4,34,37,2,77,0,0,11,3,14,4,34,48,5,91,6,4,10,101
10/05/2016,BIS,ND,AGL,CE,Combined TRACON& Tower with Radar,7,35,27,0,69,0,0,1,0,1,7,35,28,0,70,0,0,0,70
10/06/2016,BIS,ND,AGL,CE,Combined TRACON& Tower with Radar,7,37,49,2,95,0,3,33,19,55,7,40,82,21,150,14,34,48,198
10/07/2016,BIS,ND,AGL,CE,Combined TRACON& Tower with Radar,5,38,36,9,88,0,2,22,0,24,5,40,58,9,112,6,0,6,118
10/08/2016,BIS,ND,AGL,CE,Combined TRACON& Tower with Radar,3,26,12,0,41,0,0,27,0,27,3,26,39,0,68,16,0,16,84
10/09/2016,BIS,ND,AGL,CE,Combined TRACON& Tower with Radar,7,29,15,2,53,0,0,13,0,13,7,29,28,2,66,0,0,0,66
10/10/2016,BIS,ND,AGL,CE,Combined TRACON& Tower with Radar,5,27,63,0,95,0,0,67,0,67,5,27,130,0,162,38,0,38,200
10/11/2016,BIS,ND,AGL,CE,Combined TRACON& Tower with Radar,5,43,48,0,96,0,2,10,0,12,5,45,58,0,108,0,0,0,108
10/12/2016,BIS,ND,AGL,CE,Combined TRACON& Tower with Radar,5,32,45,0,82,0,0,31,8,39,5,32,76,8,121,0,0,0,121
10/13/2016,BIS,ND,AGL,CE,Combined TRACON& Tower with Radar,11,38,59,2,110,0,5,75,13,93,11,43,134,15,203,53,14,67,270
10/14/2016,BIS,ND,AGL,CE,Combined TRACON& Tower with Radar,5,35,27,0,67,0,0,29,4,33,5,35,56,4,100,16,0,16,116
10/15/2016,BIS,ND,AGL,CE,Combined TRACON& Tower with Radar,5,27,5,0,37,0,0,47,4,51,5,27,52,4,88,40,0,40,128
10/16/2016,BIS,ND,AGL,CE,Combined TRACON& Tower with Radar,10,19,17,0,46,0,2,22,0,24,10,21,39,0,70,4,0,4,74
10/17/2016,BIS,ND,AGL,CE,Combined TRACON& Tower with Radar,5,22,39,0,66,0,0,46,4,50,5,22,85,4,116,8,0,8,124
10/18/2016,BIS,ND,AGL,CE,Combined TRACON& Tower with Radar,5,38,42,0,85,0,1,28,3,32,5,39,70,3,117,4,0,4,121
10/19/2016,BIS,ND,AGL,CE,Combined TRACON& Tower with Radar,5,36,51,2,94,0,0,12,0,12,5,36,63,2,106,6,0,6,112
10/20/2016,BIS,ND,AGL,CE,Combined TRACON& Tower with Radar,9,34,54,8,105,0,2,27,24,53,9,36,81,32,158,16,4,20,178
10/21/2016,BIS,ND,AGL,CE,Combined TRACON& Tower with Radar,7,34,30,0,71,0,0,27,2,29,7,34,57,2,100,0,0,0,100
10/22/2016,BIS,ND,AGL,CE,Combined TRACON& Tower with Radar,5,30,24,2,61,0,0,38,1,39,5,30,62,3,100,132,0,132,232
10/23/2016,BIS,ND,AGL,CE,Combined TRACON& Tower with Radar,10,21,19,0,50,0,0,42,0,42,10,21,61,0,92,28,0,28,120
10/24/2016,BIS,ND,AGL,CE,Combined TRACON& Tower with Radar,7,25,16,1,49,0,0,35,2,37,7,25,51,3,86,2,0,2,88
10/25/2016,BIS,ND,AGL,CE,Combined TRACON& Tower with Radar,5,40,50,0,95,0,0,5,0,5,5,40,55,0,100,0,0,0,100
10/26/2016,BIS,ND,AGL,CE,Combined TRACON& Tower with Radar,5,35,36,1,77,0,0,5,0,5,5,35,41,1,82,0,0,0,82
10/27/2016,BIS,ND,AGL,CE,Combined TRACON& Tower with Radar,9,38,46,0,93,0,4,52,13,69,9,42,98,13,162,26,0,26,188
10/28/2016,BIS,ND,AGL,CE,Combined TRACON& Tower with Radar,5,34,47,0,86,0,4,84,19,107,5,38,131,19,193,0,0,0,193
10/29/2016,BIS,ND,AGL,CE,Combined TRACON& Tower with Radar,5,33,32,1,71,0,0,22,13,35,5,33,54,14,106,30,16,46,152
10/30/2016,BIS,ND,AGL,CE,Combined TRACON& Tower with Radar,11,20,8,1,40,0,0,3,2,5,11,20,11,3,45,0,0,0,45
10/31/2016,BIS,ND,AGL,CE,Combined TRACON& Tower with Radar,4,22,22,0,48,0,1,21,0,22,4,23,43,0,70,0,0,0,70
11/01/2016,BIS,ND,AGL,CE,Combined TRACON& Tower with Radar,3,32,39,3,77,0,2,37,8,47,3,34,76,11,124,4,0,4,128
11/02/2016,BIS,ND,AGL,CE,Combined TRACON& Tower with Radar,5,28,54,3,90,0,7,115,10,132,5,35,169,13,222,45,26,71,293
11/03/2016,BIS,ND,AGL,CE,Combined TRACON& Tower with Radar,9,26,48,2,85,0,5,82,15,102,9,31,130,17,187,64,22,86,273
11/04/2016,BIS,ND,AGL,CE,Combined TRACON& Tower with Radar,7,29,12,2,50,0,0,95,2,97,7,29,107,4,147,65,0,65,212
11/05/2016,BIS,ND,AGL,CE,Combined TRACON& Tower with Radar,5,21,4,27,57,0,1,69,2,72,5,22,73,29,129,78,42,120,249
11/06/2016,BIS,ND,AGL,CE,Combined TRACON& Tower with Radar,10,18,27,1,56,0,0,45,0,45,10,18,72,1,101,26,0,26,127
11/07/2016,BIS,ND,AGL,CE,Combined TRACON& Tower with Radar,5,20,16,0,41,0,0,35,2,37,5,20,51,2,78,2,0,2,80
11/08/2016,BIS,ND,AGL,CE,Combined TRACON& Tower with Radar,7,30,48,3,88,0,0,44,14,58,7,30,92,17,146,14,16,30,176
11/09/2016,BIS,ND,AGL,CE,Combined TRACON& Tower with Radar,5,34,51,0,90,0,1,55,2,58,5,35,106,2,148,26,0,26,174
11/10/2016,BIS,ND,AGL,CE,Combined TRACON& Tower with Radar,9,31,54,2,96,0,0,52,4,56,9,31,106,6,152,16,0,16,168
11/11/2016,BIS,ND,AGL,CE,Combined TRACON& Tower with Radar,5,30,25,0,60,0,1,53,0,54,5,31,78,0,114,68,0,68,182
11/12/2016,BIS,ND,AGL,CE,Combined TRACON& Tower with Radar,4,25,17,0,46,0,1,122,0,123,4,26,139,0,169,28,0,28,197
11/13/2016,BIS,ND,AGL,CE,Combined TRACON& Tower with Radar,9,19,5,0,33,0,0,29,0,29,9,19,34,0,62,24,0,24,86
11/14/2016,BIS,ND,AGL,CE,Combined TRACON& Tower with Radar,5,25,34,4,68,0,2,47,8,57,5,27,81,12,125,126,12,138,263
11/15/2016,BIS,ND,AGL,CE,Combined TRACON& Tower with Radar,7,35,51,2,95,0,11,94,7,112,7,46,145,9,207,22,18,40,247
11/16/2016,BIS,ND,AGL,CE,Combined TRACON& Tower with Radar,5,37,41,2,85,0,2,36,4,42,5,39,77,6,127,22,0,22,149
11/17/2016,BIS,ND,AGL,CE,Combined TRACON& Tower with Radar,9,28,61,8,106,0,0,23,3,26,9,28,84,11,132,8,4,12,144
11/18/2016,BIS,ND,AGL,CE,Combined TRACON& Tower with Radar,4,31,14,0,49,0,4,32,2,38,4,35,46,2,87,68,0,68,155
11/19/2016,BIS,ND,AGL,CE,Combined TRACON& Tower with Radar,4,24,17,0,45,0,0,35,7,42,4,24,52,7,87,16,0,16,103
11/20/2016,BIS,ND,AGL,CE,Combined TRACON& Tower with Radar,9,20,14,0,43,0,0,29,2,31,9,20,43,2,74,14,0,14,88
11/21/2016,BIS,ND,AGL,CE,Combined TRACON& Tower with Radar,5,23,27,2,57,0,1,45,0,46,5,24,72,2,103,35,0,35,138
11/22/2016,BIS,ND,AGL,CE,Combined TRACON& Tower with Radar,7,32,40,2,81,0,3,12,6,21,7,35,52,8,102,38,0,38,140
11/23/2016,BIS,ND,AGL,CE,Combined TRACON& Tower with Radar,6,37,30,0,73,0,0,26,0,26,6,37,56,0,99,42,0,42,141
11/24/2016,BIS,ND,AGL,CE,Combined TRACON& Tower with Radar,6,15,5,0,26,0,0,2,0,2,6,15,7,0,28,4,0,4,32
11/25/2016,BIS,ND,AGL,CE,Combined TRACON& Tower with Radar,5,26,7,0,38,0,0,27,1,28,5,26,34,1,66,12,0,12,78
11/26/2016,BIS,ND,AGL,CE,Combined TRACON& Tower with Radar,5,31,14,0,50,0,2,56,0,58,5,33,70,0,108,99,0,99,207
11/27/2016,BIS,ND,AGL,CE,Combined TRACON& Tower with Radar,9,24,11,0,44,0,0,0,0,0,9,24,11,0,44,0,0,0,44
11/28/2016,BIS,ND,AGL,CE,Combined TRACON& Tower with Radar,12,16,14,0,42,0,0,0,0,0,12,16,14,0,42,0,0,0,42
11/29/2016,BIS,ND,AGL,CE,Combined TRACON& Tower with Radar,5,41,16,2,64,0,0,0,0,0,5,41,16,2,64,0,0,0,64
11/30/2016,BIS,ND,AGL,CE,Combined TRACON& Tower with Radar,7,41,30,0,78,0,0,0,0,0,7,41,30,0,78,0,0,0,78
12/01/2016,BIS,ND,AGL,CE,Combined TRACON& Tower with Radar,9,35,41,0,85,0,0,0,0,0,9,35,41,0,85,0,0,0,85
12/02/2016,BIS,ND,AGL,CE,Combined TRACON& Tower with Radar,6,34,28,2,70,0,0,8,0,8,6,34,36,2,78,0,0,0,78
12/03/2016,BIS,ND,AGL,CE,Combined TRACON& Tower with Radar,5,27,26,0,58,0,5,19,2,26,5,32,45,2,84,30,0,30,114
12/04/2016,BIS,ND,AGL,CE,Combined TRACON& Tower with Radar,10,19,18,0,47,0,0,56,0,56,10,19,74,0,103,96,0,96,199
12/05/2016,BIS,ND,AGL,CE,Combined TRACON& Tower with Radar,5,25,28,0,58,0,0,1,0,1,5,25,29,0,59,0,0,0,59
12/06/2016,BIS,ND,AGL,CE,Combined TRACON& Tower with Radar,7,24,12,0,43,0,0,0,0,0,7,24,12,0,43,0,0,0,43
12/07/2016,BIS,ND,AGL,CE,Combined TRACON& Tower with Radar,8,39,29,2,78,0,0,7,0,7,8,39,36,2,85,0,0,0,85
12/08/2016,BIS,ND,AGL,CE,Combined TRACON& Tower with Radar,8,37,49,0,94,0,0,6,2,8,8,37,55,2,102,6,0,6,108
12/09/2016,BIS,ND,AGL,CE,Combined TRACON& Tower with Radar,10,32,27,4,73,0,1,5,0,6,10,33,32,4,79,0,10,10,89
12/10/2016,BIS,ND,AGL,CE,Combined TRACON& Tower with Radar,5,20,12,0,37,0,0,3,0,3,5,20,15,0,40,0,0,0,40
12/11/2016,BIS,ND,AGL,CE,Combined TRACON& Tower with Radar,9,15,13,0,37,0,0,12,8,20,9,15,25,8,57,2,0,2,59
12/12/2016,BIS,ND,AGL,CE,Combined TRACON& Tower with Radar,5,23,37,4,69,0,0,10,1,11,5,23,47,5,80,0,0,0,80
12/13/2016,BIS,ND,AGL,CE,Combined TRACON& Tower with Radar,4,34,22,1,61,0,0,23,6,29,4,34,45,7,90,26,8,34,124
12/14/2016,BIS,ND,AGL,CE,Combined TRACON& Tower with Radar,6,35,37,0,78,0,3,13,3,19,6,38,50,3,97,20,23,43,140
12/15/2016,BIS,ND,AGL,CE,Combined TRACON& Tower with Radar,8,32,46,1,87,0,0,14,11,25,8,32,60,12,112,20,6,26,138
12/16/2016,BIS,ND,AGL,CE,Combined TRACON& Tower with Radar,3,26,18,4,51,0,0,8,1,9,3,26,26,5,60,0,0,0,60
12/17/2016,BIS,ND,AGL,CE,Combined TRACON& Tower with Radar,5,28,12,0,45,0,0,5,0,5,5,28,17,0,50,0,0,0,50
12/18/2016,BIS,ND,AGL,CE,Combined TRACON& Tower with Radar,8,19,13,0,40,0,0,17,0,17,8,19,30,0,57,14,0,14,71
12/19/2016,BIS,ND,AGL,CE,Combined TRACON& Tower with Radar,4,29,36,1,70,0,2,37,0,39,4,31,73,1,109,16,0,16,125
12/20/2016,BIS,ND,AGL,CE,Combined TRACON& Tower with Radar,8,35,55,1,99,0,3,57,21,81,8,38,112,22,180,50,6,56,236
12/21/2016,BIS,ND,AGL,CE,Combined TRACON& Tower with Radar,2,44,21,0,67,0,0,15,0,15,2,44,36,0,82,8,0,8,90
12/22/2016,BIS,ND,AGL,CE,Combined TRACON& Tower with Radar,9,35,37,1,82,0,5,70,7,82,9,40,107,8,164,18,0,18,182
12/23/2016,BIS,ND,AGL,CE,Combined TRACON& Tower with Radar,8,32,13,0,53,0,2,44,5,51,8,34,57,5,104,220,2,222,326
12/24/2016,BIS,ND,AGL,CE,Combined TRACON& Tower with Radar,5,20,0,0,25,0,0,0,0,0,5,20,0,0,25,0,0,0,25
12/25/2016,BIS,ND,AGL,CE,Combined TRACON& Tower with Radar,2,4,0,0,6,0,0,0,0,0,2,4,0,0,6,0,0,0,6
12/26/2016,BIS,ND,AGL,CE,Combined TRACON& Tower with Radar,0,1,0,0,1,0,0,0,0,0,0,1,0,0,1,0,0,0,1
12/27/2016,BIS,ND,AGL,CE,Combined TRACON& Tower with Radar,11,25,19,0,55,0,0,11,0,11,11,25,30,0,66,0,0,0,66
12/28/2016,BIS,ND,AGL,CE,Combined TRACON& Tower with Radar,2,30,19,0,51,0,0,38,0,38,2,30,57,0,89,0,0,0,89
12/29/2016,BIS,ND,AGL,CE,Combined TRACON& Tower with Radar,10,31,25,0,66,0,6,18,16,40,10,37,43,16,106,4,2,6,112
12/30/2016,BIS,ND,AGL,CE,Combined TRACON& Tower with Radar,4,31,10,0,45,0,2,20,0,22,4,33,30,0,67,10,0,10,77
12/31/2016,BIS,ND,AGL,CE,Combined TRACON& Tower with Radar,5,21,12,0,38,0,2,26,0,28,5,23,38,0,66,62,0,62,128
01/01/2017,BIS,ND,AGL,CE,Combined TRACON& Tower with Radar,7,18,10,0,35,0,0,11,0,11,7,18,21,0,46,14,0,14,60
01/02/2017,BIS,ND,AGL,CE,Combined TRACON& Tower with Radar,4,17,4,0,25,0,0,0,0,0,4,17,4,0,25,0,0,0,25
01/03/2017,BIS,ND,AGL,CE,Combined TRACON& Tower with Radar,8,24,19,0,51,0,5,14,0,19,8,29,33,0,70,10,0,10,80
01/04/2017,BIS,ND,AGL,CE,Combined TRACON& Tower with Radar,4,31,44,0,79,0,1,19,0,20,4,32,63,0,99,16,0,16,115
01/05/2017,BIS,ND,AGL,CE,Combined TRACON& Tower with Radar,5,27,43,1,76,0,0,9,0,9,5,27,52,1,85,0,0,0,85
01/06/2017,BIS,ND,AGL,CE,Combined TRACON& Tower with Radar,4,30,17,1,52,0,3,8,3,14,4,33,25,4,66,2,0,2,68
01/07/2017,BIS,ND,AGL,CE,Combined TRACON& Tower with Radar,5,19,12,4,40,0,0,13,0,13,5,19,25,4,53,0,0,0,53
01/08/2017,BIS,ND,AGL,CE,Combined TRACON& Tower with Radar,11,17,23,0,51,0,0,6,11,17,11,17,29,11,68,0,14,14,82
01/09/2017,BIS,ND,AGL,CE,Combined TRACON& Tower with Radar,6,19,14,0,39,0,0,0,0,0,6,19,14,0,39,0,0,0,39
01/10/2017,BIS,ND,AGL,CE,Combined TRACON& Tower with Radar,6,23,53,0,82,0,0,2,0,2,6,23,55,0,84,0,2,2,86
01/11/2017,BIS,ND,AGL,CE,Combined TRACON& Tower with Radar,7,28,33,1,69,0,1,22,1,24,7,29,55,2,93,8,0,8,101
01/12/2017,BIS,ND,AGL,CE,Combined TRACON& Tower with Radar,9,28,43,0,80,0,2,5,0,7,9,30,48,0,87,0,0,0,87
01/13/2017,BIS,ND,AGL,CE,Combined TRACON& Tower with Radar,8,35,23,1,67,0,2,35,3,40,8,37,58,4,107,30,0,30,137
01/14/2017,BIS,ND,AGL,CE,Combined TRACON& Tower with Radar,7,23,16,0,46,0,0,70,0,70,7,23,86,0,116,60,0,60,176
01/15/2017,BIS,ND,AGL,CE,Combined TRACON& Tower with Radar,8,11,16,0,35,0,0,43,0,43,8,11,59,0,78,84,0,84,162
01/16/2017,BIS,ND,AGL,CE,Combined TRACON& Tower with Radar,7,17,32,0,56,0,1,43,2,46,7,18,75,2,102,34,0,34,136
01/17/2017,BIS,ND,AGL,CE,Combined TRACON& Tower with Radar,7,25,20,3,55,0,2,60,10,72,7,27,80,13,127,36,4,40,167
01/18/2017,BIS,ND,AGL,CE,Combined TRACON& Tower with Radar,7,31,32,0,70,0,2,91,8,101,7,33,123,8,171,92,4,96,267
01/19/2017,BIS,ND,AGL,CE,Combined TRACON& Tower with Radar,11,23,49,1,84,0,2,59,29,90,11,25,108,30,174,55,31,86,260
01/20/2017,BIS,ND,AGL,CE,Combined TRACON& Tower with Radar,7,27,10,0,44,0,0,0,0,0,7,27,10,0,44,0,0,0,44
01/21/2017,BIS,ND,AGL,CE,Combined TRACON& Tower with Radar,7,20,2,0,29,0,0,0,0,0,7,20,2,0,29,0,0,0,29
01/22/2017,BIS,ND,AGL,CE,Combined TRACON& Tower with Radar,10,12,10,2,34,0,0,1,0,1,10,12,11,2,35,0,0,0,35
01/23/2017,BIS,ND,AGL,CE,Combined TRACON& Tower with Radar,7,20,27,2,56,0,0,1,0,1,7,20,28,2,57,0,0,0,57
01/24/2017,BIS,ND,AGL,CE,Combined TRACON& Tower with Radar,7,23,60,2,92,0,0,8,3,11,7,23,68,5,103,54,2,56,159
01/25/2017,BIS,ND,AGL,CE,Combined TRACON& Tower with Radar,7,24,36,3,70,0,0,4,0,4,7,24,40,3,74,0,42,42,116
01/26/2017,BIS,ND,AGL,CE,Combined TRACON& Tower with Radar,9,21,40,4,74,0,2,32,36,70,9,23,72,40,144,30,50,80,224
01/27/2017,BIS,ND,AGL,CE,Combined TRACON& Tower with Radar,7,20,34,5,66,0,2,31,4,37,7,22,65,9,103,20,0,20,123
01/28/2017,BIS,ND,AGL,CE,Combined TRACON& Tower with Radar,7,21,12,0,40,0,0,5,0,5,7,21,17,0,45,0,0,0,45
01/29/2017,BIS,ND,AGL,CE,Combined TRACON& Tower with Radar,8,13,13,0,34,0,0,62,0,62,8,13,75,0,96,96,0,96,192
01/30/2017,BIS,ND,AGL,CE,Combined TRACON& Tower with Radar,7,19,21,0,47,0,0,4,0,4,7,19,25,0,51,2,0,2,53
01/31/2017,BIS,ND,AGL,CE,Combined TRACON& Tower with Radar,6,23,30,2,61,0,0,42,26,68,6,23,72,28,129,60,34,94,223
02/01/2017,BIS,ND,AGL,CE,Combined TRACON& Tower with Radar,9,25,45,3,82,0,2,39,6,47,9,27,84,9,129,50,0,50,179
02/02/2017,BIS,ND,AGL,CE,Combined TRACON& Tower with Radar,10,23,55,5,93,0,0,82,13,95,10,23,137,18,188,65,0,65,253
02/03/2017,BIS,ND,AGL,CE,Combined TRACON& Tower with Radar,7,24,26,5,62,0,1,16,7,24,7,25,42,12,86,0,0,0,86
02/04/2017,BIS,ND,AGL,CE,Combined TRACON& Tower with Radar,9,19,7,0,35,0,0,12,0,12,9,19,19,0,47,46,0,46,93
02/05/2017,BIS,ND,AGL,CE,Combined TRACON& Tower with Radar,8,13,11,0,32,0,0,15,0,15,8,13,26,0,47,28,0,28,75
02/06/2017,BIS,ND,AGL,CE,Combined TRACON& Tower with Radar,7,23,26,0,56,0,0,0,0,0,7,23,26,0,56,0,0,0,56
02/07/2017,BIS,ND,AGL,CE,Combined TRACON& Tower with Radar,7,28,35,10,80,0,0,8,0,8,7,28,43,10,88,0,0,0,88
02/08/2017,BIS,ND,AGL,CE,Combined TRACON& Tower with Radar,9,29,37,0,75,0,3,30,0,33,9,32,67,0,108,6,0,6,114
02/09/2017,BIS,ND,AGL,CE,Combined TRACON& Tower with Radar,9,29,56,0,94,0,5,34,6,45,9,34,90,6,139,10,4,14,153
02/10/2017,BIS,ND,AGL,CE,Combined TRACON& Tower with Radar,9,27,23,2,61,0,0,67,17,84,9,27,90,19,145,44,0,44,189
02/11/2017,BIS,ND,AGL,CE,Combined TRACON& Tower with Radar,9,23,32,3,67,0,0,96,31,127,9,23,128,34,194,78,0,78,272
02/12/2017,BIS,ND,AGL,CE,Combined TRACON& Tower with Radar,10,12,25,1,48,0,0,76,32,108,10,12,101,33,156,56,10,66,222
02/13/2017,BIS,ND,AGL,CE,Combined TRACON& Tower with Radar,7,16,46,2,71,0,7,74,2,83,7,23,120,4,154,58,0,58,212
02/14/2017,BIS,ND,AGL,CE,Combined TRACON& Tower with Radar,7,31,27,2,67,0,0,33,15,48,7,31,60,17,115,18,22,40,155
02/15/2017,BIS,ND,AGL,CE,Combined TRACON& Tower with Radar,8,25,54,3,90,0,2,63,6,71,8,27,117,9,161,72,0,72,233
02/16/2017,BIS,ND,AGL,CE,Combined TRACON& Tower with Radar,10,23,69,6,108,0,0,66,17,83,10,23,135,23,191,12,0,12,203
02/17/2017,BIS,ND,AGL,CE,Combined TRACON& Tower with Radar,6,27,22,3,58,0,2,55,2,59,6,29,77,5,117,81,0,81,198
02/18/2017,BIS,ND,AGL,CE,Combined TRACON& Tower with Radar,6,24,9,0,39,0,0,97,0,97,6,24,106,0,136,86,0,86,222
02/19/2017,BIS,ND,AGL,CE,Combined TRACON& Tower with Radar,9,20,7,0,36,0,0,42,0,42,9,20,49,0,78,112,0,112,190
02/20/2017,BIS,ND,AGL,CE,Combined TRACON& Tower with Radar,4,24,23,1,52,0,0,32,0,32,4,24,55,1,84,32,0,32,116
02/21/2017,BIS,ND,AGL,CE,Combined TRACON& Tower with Radar,5,26,43,1,75,0,0,64,3,67,5,26,107,4,142,94,0,94,236
02/22/2017,BIS,ND,AGL,CE,Combined TRACON& Tower with Radar,6,37,33,2,78,0,0,1,0,1,6,37,34,2,79,0,0,0,79
02/23/2017,BIS,ND,AGL,CE,Combined TRACON& Tower with Radar,5,30,39,0,74,0,0,28,14,42,5,30,67,14,116,34,0,34,150
02/24/2017,BIS,ND,AGL,CE,Combined TRACON& Tower with Radar,7,28,13,3,51,0,2,27,0,29,7,30,40,3,80,22,0,22,102
02/25/2017,BIS,ND,AGL,CE,Combined TRACON& Tower with Radar,6,25,7,0,38,0,0,11,0,11,6,25,18,0,49,14,0,14,63
02/26/2017,BIS,ND,AGL,CE,Combined TRACON& Tower with Radar,8,19,14,0,41,0,5,39,3,47,8,24,53,3,88,89,12,101,189
02/27/2017,BIS,ND,AGL,CE,Combined TRACON& Tower with Radar,5,24,26,2,57,0,0,6,0,6,5,24,32,2,63,4,6,10,73
02/28/2017,BIS,ND,AGL,CE,Combined TRACON& Tower with Radar,5,32,44,2,83,0,0,21,0,21,5,32,65,2,104,44,0,44,148
03/01/2017,BIS,ND,AGL,CE,Combined TRACON& Tower with Radar,5,29,38,0,72,0,0,23,1,24,5,29,61,1,96,32,0,32,128
03/02/2017,BIS,ND,AGL,CE,Combined TRACON& Tower with Radar,9,37,66,1,113,0,2,87,30,119,9,39,153,31,232,50,6,56,288
03/03/2017,BIS,ND,AGL,CE,Combined TRACON& Tower with Radar,5,31,18,3,57,0,0,100,26,126,5,31,118,29,183,66,0,66,249
03/04/2017,BIS,ND,AGL,CE,Combined TRACON& Tower with Radar,6,26,11,5,48,0,0,75,44,119,6,26,86,49,167,44,224,268,435
03/05/2017,BIS,ND,AGL,CE,Combined TRACON& Tower with Radar,7,17,33,2,59,0,0,85,30,115,7,17,118,32,174,98,216,314,488
03/06/2017,BIS,ND,AGL,CE,Combined TRACON& Tower with Radar,4,23,26,0,53,0,0,0,0,0,4,23,26,0,53,0,0,0,53
03/07/2017,BIS,ND,AGL,CE,Combined TRACON& Tower with Radar,5,33,21,0,59,0,0,5,0,5,5,33,26,0,64,0,0,0,64
03/08/2017,BIS,ND,AGL,CE,Combined TRACON& Tower with Radar,6,36,37,5,84,0,0,26,0,26,6,36,63,5,110,12,0,12,122
03/09/2017,BIS,ND,AGL,CE,Combined TRACON& Tower with Radar,9,35,43,1,88,0,0,1,21,22,9,35,44,22,110,0,24,24,134
03/10/2017,BIS,ND,AGL,CE,Combined TRACON& Tower with Radar,7,28,16,1,52,0,0,2,0,2,7,28,18,1,54,48,0,48,102
03/11/2017,BIS,ND,AGL,CE,Combined TRACON& Tower with Radar,9,23,8,0,40,0,0,0,0,0,9,23,8,0,40,0,0,0,40
03/12/2017,BIS,ND,AGL,CE,Combined TRACON& Tower with Radar,8,16,4,0,28,0,0,0,0,0,8,16,4,0,28,0,0,0,28
03/13/2017,BIS,ND,AGL,CE,Combined TRACON& Tower with Radar,6,25,22,1,54,0,0,21,1,22,6,25,43,2,76,28,0,28,104
03/14/2017,BIS,ND,AGL,CE,Combined TRACON& Tower with Radar,6,26,31,1,64,0,0,10,4,14,6,26,41,5,78,24,0,24,102
03/15/2017,BIS,ND,AGL,CE,Combined TRACON& Tower with Radar,8,29,41,0,78,0,4,35,6,45,8,33,76,6,123,24,0,24,147
03/16/2017,BIS,ND,AGL,CE,Combined TRACON& Tower with Radar,11,35,51,0,97,0,3,23,16,42,11,38,74,16,139,4,0,4,143
03/17/2017,BIS,ND,AGL,CE,Combined TRACON& Tower with Radar,7,30,21,0,58,0,0,9,0,9,7,30,30,0,67,0,0,0,67
03/18/2017,BIS,ND,AGL,CE,Combined TRACON& Tower with Radar,9,22,13,0,44,0,0,74,0,74,9,22,87,0,118,56,0,56,174
03/19/2017,BIS,ND,AGL,CE,Combined TRACON& Tower with Radar,8,17,11,0,36,0,0,25,0,25,8,17,36,0,61,18,0,18,79
03/20/2017,BIS,ND,AGL,CE,Combined TRACON& Tower with Radar,6,23,30,4,63,0,3,53,4,60,6,26,83,8,123,30,4,34,157
03/21/2017,BIS,ND,AGL,CE,Combined TRACON& Tower with Radar,7,28,31,2,68,0,0,93,2,95,7,28,124,4,163,100,0,100,263
03/22/2017,BIS,ND,AGL,CE,Combined TRACON& Tower with Radar,7,24,24,2,57,0,0,5,4,9,7,24,29,6,66,0,0,0,66
03/23/2017,BIS,ND,AGL,CE,Combined TRACON& Tower with Radar,9,25,83,2,119,0,0,23,2,25,9,25,106,4,144,10,0,10,154
03/24/2017,BIS,ND,AGL,CE,Combined TRACON& Tower with Radar,10,26,39,2,77,0,0,74,0,74,10,26,113,2,151,88,0,88,239
03/25/2017,BIS,ND,AGL,CE,Combined TRACON& Tower with Radar,10,19,19,0,48,0,0,33,0,33,10,19,52,0,81,86,0,86,167
03/26/2017,BIS,ND,AGL,CE,Combined TRACON& Tower with Radar,9,15,15,0,39,0,2,42,0,44,9,17,57,0,83,58,0,58,141
03/27/2017,BIS,ND,AGL,CE,Combined TRACON& Tower with Radar,7,19,43,2,71,0,0,57,0,57,7,19,100,2,128,68,0,68,196
03/28/2017,BIS,ND,AGL,CE,Combined TRACON& Tower with Radar,9,26,61,0,96,0,3,37,8,48,9,29,98,8,144,36,14,50,194
03/29/2017,BIS,ND,AGL,CE,Combined TRACON& Tower with Radar,7,32,46,6,91,0,0,59,6,65,7,32,105,12,156,18,0,18,174
03/30/2017,BIS,ND,AGL,CE,Combined TRACON& Tower with Radar,9,31,42,3,85,0,2,28,14,44,9,33,70,17,129,24,8,32,161
03/31/2017,BIS,ND,AGL,CE,Combined TRACON& Tower with Radar,7,23,20,2,52,0,0,27,1,28,7,23,47,3,80,22,0,22,102
04/01/2017,BIS,ND,AGL,CE,Combined TRACON& Tower with Radar,7,18,19,0,44,0,0,55,0,55,7,18,74,0,99,12,0,12,111
04/02/2017,BIS,ND,AGL,CE,Combined TRACON& Tower with Radar,7,18,21,1,47,0,0,58,4,62,7,18,79,5,109,60,0,60,169
04/03/2017,BIS,ND,AGL,CE,Combined TRACON& Tower with Radar,5,23,41,2,71,0,6,31,9,46,5,29,72,11,117,0,0,0,117
04/04/2017,BIS,ND,AGL,CE,Combined TRACON& Tower with Radar,7,30,43,0,80,0,0,18,3,21,7,30,61,3,101,30,0,30,131
04/05/2017,BIS,ND,AGL,CE,Combined TRACON& Tower with Radar,9,28,44,1,82,0,2,74,11,87,9,30,118,12,169,61,0,61,230
04/06/2017,BIS,ND,AGL,CE,Combined TRACON& Tower with Radar,12,29,45,3,89,0,0,35,19,54,12,29,80,22,143,42,18,60,203
04/07/2017,BIS,ND,AGL,CE,Combined TRACON& Tower with Radar,5,26,41,3,75,0,0,63,16,79,5,26,104,19,154,24,8,32,186
04/08/2017,BIS,ND,AGL,CE,Combined TRACON& Tower with Radar,7,18,22,2,49,0,2,66,14,82,7,20,88,16,131,29,87,116,247
04/09/2017,BIS,ND,AGL,CE,Combined TRACON& Tower with Radar,13,21,31,4,69,0,0,40,11,51,13,21,71,15,120,14,0,14,134
04/10/2017,BIS,ND,AGL,CE,Combined TRACON& Tower with Radar,7,25,56,1,89,0,0,51,0,51,7,25,107,1,140,72,1,73,213
04/11/2017,BIS,ND,AGL,CE,Combined TRACON& Tower with Radar,7,31,53,2,93,0,2,58,4,64,7,33,111,6,157,18,0,18,175
04/12/2017,BIS,ND,AGL,CE,Combined TRACON& Tower with Radar,7,33,33,6,79,0,4,80,7,91,7,37,113,13,170,76,2,78,248
04/13/2017,BIS,ND,AGL,CE,Combined TRACON& Tower with Radar,9,30,38,6,83,0,4,22,12,38,9,34,60,18,121,0,0,0,121
04/14/2017,BIS,ND,AGL,CE,Combined TRACON& Tower with Radar,7,29,7,0,43,0,0,2,0,2,7,29,9,0,45,0,0,0,45
04/15/2017,BIS,ND,AGL,CE,Combined TRACON& Tower with Radar,8,20,16,0,44,0,0,20,0,20,8,20,36,0,64,40,0,40,104
04/16/2017,BIS,ND,AGL,CE,Combined TRACON& Tower with Radar,9,15,4,0,28,0,0,5,0,5,9,15,9,0,33,0,0,0,33
04/17/2017,BIS,ND,AGL,CE,Combined TRACON& Tower with Radar,10,22,44,4,80,0,0,71,0,71,10,22,115,4,151,20,0,20,171
04/18/2017,BIS,ND,AGL,CE,Combined TRACON& Tower with Radar,10,29,51,1,91,0,0,8,0,8,10,29,59,1,99,20,0,20,119
04/19/2017,BIS,ND,AGL,CE,Combined TRACON& Tower with Radar,9,26,40,4,79,0,6,14,3,23,9,32,54,7,102,44,10,54,156
04/20/2017,BIS,ND,AGL,CE,Combined TRACON& Tower with Radar,9,27,63,5,104,0,4,22,14,40,9,31,85,19,144,62,14,76,220
04/21/2017,BIS,ND,AGL,CE,Combined TRACON& Tower with Radar,7,27,29,1,64,0,0,79,0,79,7,27,108,1,143,86,0,86,229
04/22/2017,BIS,ND,AGL,CE,Combined TRACON& Tower with Radar,11,18,21,0,50,0,0,42,0,42,11,18,63,0,92,30,0,30,122
04/23/2017,BIS,ND,AGL,CE,Combined TRACON& Tower with Radar,11,22,15,0,48,0,0,8,0,8,11,22,23,0,56,0,0,0,56
04/24/2017,BIS,ND,AGL,CE,Combined TRACON& Tower with Radar,5,23,28,0,56,0,0,1,0,1,5,23,29,0,57,0,0,0,57
04/25/2017,BIS,ND,AGL,CE,Combined TRACON& Tower with Radar,10,31,35,0,76,0,0,11,0,11,10,31,46,0,87,0,0,0,87
04/26/2017,BIS,ND,AGL,CE,Combined TRACON& Tower with Radar,7,37,42,0,86,0,3,34,0,37,7,40,76,0,123,12,6,18,141
04/27/2017,BIS,ND,AGL,CE,Combined TRACON& Tower with Radar,11,29,45,2,87,0,3,93,43,139,11,32,138,45,226,44,36,80,306
04/28/2017,BIS,ND,AGL,CE,Combined TRACON& Tower with Radar,7,30,22,2,61,0,4,82,3,89,7,34,104,5,150,66,0,66,216
04/29/2017,BIS,ND,AGL,CE,Combined TRACON& Tower with Radar,7,19,12,0,38,0,0,48,3,51,7,19,60,3,89,58,0,58,147
04/30/2017,BIS,ND,AGL,CE,Combined TRACON& Tower with Radar,13,20,3,3,39,0,0,29,0,29,13,20,32,3,68,66,0,66,134
05/01/2017,BIS,ND,AGL,CE,Combined TRACON& Tower with Radar,9,20,34,0,63,0,0,46,5,51,9,20,80,5,114,16,8,24,138
05/02/2017,BIS,ND,AGL,CE,Combined TRACON& Tower with Radar,9,26,42,2,79,0,5,42,0,47,9,31,84,2,126,72,2,74,200
05/03/2017,BIS,ND,AGL,CE,Combined TRACON& Tower with Radar,8,28,52,3,91,0,2,48,3,53,8,30,100,6,144,45,6,51,195
05/04/2017,BIS,ND,AGL,CE,Combined TRACON& Tower with Radar,11,27,47,2,87,0,0,99,29,128,11,27,146,31,215,46,12,58,273
05/05/2017,BIS,ND,AGL,CE,Combined TRACON& Tower with Radar,7,30,32,4,73,0,0,126,17,143,7,30,158,21,216,74,6,80,296
05/06/2017,BIS,ND,AGL,CE,Combined TRACON& Tower with Radar,11,15,11,0,37,0,2,46,6,54,11,17,57,6,91,24,0,24,115
05/07/2017,BIS,ND,AGL,CE,Combined TRACON& Tower with Radar,13,18,9,0,40,0,1,23,28,52,13,19,32,28,92,0,0,0,92
05/08/2017,BIS,ND,AGL,CE,Combined TRACON& Tower with Radar,7,20,28,1,56,0,0,4,0,4,7,20,32,1,60,0,0,0,60
05/09/2017,BIS,ND,AGL,CE,Combined TRACON& Tower with Radar,9,28,36,0,73,0,2,63,3,68,9,30,99,3,141,100,4,104,245
05/10/2017,BIS,ND,AGL,CE,Combined TRACON& Tower with Radar,11,29,52,0,92,0,2,67,8,77,11,31,119,8,169,73,4,77,246
05/11/2017,BIS,ND,AGL,CE,Combined TRACON& Tower with Radar,13,35,38,0,86,0,1,40,12,53,13,36,78,12,139,76,0,76,215
05/12/2017,BIS,ND,AGL,CE,Combined TRACON& Tower with Radar,7,33,12,0,52,0,4,41,3,48,7,37,53,3,100,70,0,70,170
05/13/2017,BIS,ND,AGL,CE,Combined TRACON& Tower with Radar,12,13,10,2,37,0,0,63,0,63,12,13,73,2,100,40,0,40,140
05/14/2017,BIS,ND,AGL,CE,Combined TRACON& Tower with Radar,11,17,6,0,34,0,0,18,0,18,11,17,24,0,52,4,0,4,56
05/15/2017,BIS,ND,AGL,CE,Combined TRACON& Tower with Radar,7,20,32,2,61,0,1,82,9,92,7,21,114,11,153,62,6,68,221
05/16/2017,BIS,ND,AGL,CE,Combined TRACON& Tower with Radar,9,32,39,2,82,0,0,16,8,24,9,32,55,10,106,28,14,42,148
05/17/2017,BIS,ND,AGL,CE,Combined TRACON& Tower with Radar,11,33,56,2,102,0,0,5,1,6,11,33,61,3,108,0,0,0,108
05/18/2017,BIS,ND,AGL,CE,Combined TRACON& Tower with Radar,16,29,36,4,85,0,1,38,4,43,16,30,74,8,128,48,0,48,176
05/19/2017,BIS,ND,AGL,CE,Combined TRACON& Tower with Radar,7,31,32,0,70,0,2,81,0,83,7,33,113,0,153,144,0,144,297
05/20/2017,BIS,ND,AGL,CE,Combined TRACON& Tower with Radar,11,15,16,0,42,0,0,33,0,33,11,15,49,0,75,66,0,66,141
05/21/2017,BIS,ND,AGL,CE,Combined TRACON& Tower with Radar,11,14,10,0,35,0,0,27,0,27,11,14,37,0,62,74,0,74,136
05/22/2017,BIS,ND,AGL,CE,Combined TRACON& Tower with Radar,7,23,29,2,61,0,0,15,0,15,7,23,44,2,76,18,0,18,94
05/23/2017,BIS,ND,AGL,CE,Combined TRACON& Tower with Radar,9,31,48,0,88,0,0,47,3,50,9,31,95,3,138,38,0,38,176
05/24/2017,BIS,ND,AGL,CE,Combined TRACON& Tower with Radar,11,38,42,1,92,0,0,48,2,50,11,38,90,3,142,28,0,28,170
05/25/2017,BIS,ND,AGL,CE,Combined TRACON& Tower with Radar,9,32,46,1,88,0,0,69,16,85,9,32,115,17,173,22,8,30,203
05/26/2017,BIS,ND,AGL,CE,Combined TRACON& Tower with Radar,9,28,23,0,60,0,0,26,0,26,9,28,49,0,86,56,0,56,142
05/27/2017,BIS,ND,AGL,CE,Combined TRACON& Tower with Radar,11,15,3,0,29,0,1,41,0,42,11,16,44,0,71,90,0,90,161
05/28/2017,BIS,ND,AGL,CE,Combined TRACON& Tower with Radar,11,9,0,0,20,0,0,10,0,10,11,9,10,0,30,2,0,2,32
05/29/2017,BIS,ND,AGL,CE,Combined TRACON& Tower with Radar,7,19,13,0,39,0,0,8,0,8,7,19,21,0,47,2,0,2,49
05/30/2017,BIS,ND,AGL,CE,Combined TRACON& Tower with Radar,9,24,25,3,61,0,0,51,6,57,9,24,76,9,118,27,1,28,146
05/31/2017,BIS,ND,AGL,CE,Combined TRACON& Tower with Radar,13,32,46,0,91,0,0,64,16,80,13,32,110,16,171,82,8,90,261
06/01/2017,BIS,ND,AGL,CE,Combined TRACON& Tower with Radar,11,32,42,2,87,0,3,61,5,69,11,35,103,7,156,8,0,8,164
06/02/2017,BIS,ND,AGL,CE,Combined TRACON& Tower with Radar,9,32,24,6,71,0,0,24,2,26,9,32,48,8,97,6,0,6,103
06/03/2017,BIS,ND,AGL,CE,Combined TRACON& Tower with Radar,14,17,9,0,40,0,0,29,2,31,14,17,38,2,71,44,0,44,115
06/04/2017,BIS,ND,AGL,CE,Combined TRACON& Tower with Radar,11,16,9,0,36,0,0,151,0,151,11,16,160,0,187,250,0,250,437
06/05/2017,BIS,ND,AGL,CE,Combined TRACON& Tower with Radar,7,25,28,3,63,0,0,48,3,51,7,25,76,6,114,18,0,18,132
06/06/2017,BIS,ND,AGL,CE,Combined TRACON& Tower with Radar,8,30,27,2,67,0,0,94,8,102,8,30,121,10,169,56,0,56,225
06/07/2017,BIS,ND,AGL,CE,Combined TRACON& Tower with Radar,13,27,37,0,77,0,0,38,5,43,13,27,75,5,120,56,0,56,176
06/08/2017,BIS,ND,AGL,CE,Combined TRACON& Tower with Radar,11,32,33,2,78,0,0,32,0,32,11,32,65,2,110,50,0,50,160
06/09/2017,BIS,ND,AGL,CE,Combined TRACON& Tower with Radar,7,27,12,0,46,0,4,10,6,20,7,31,22,6,66,0,6,6,72
06/10/2017,BIS,ND,AGL,CE,Combined TRACON& Tower with Radar,11,17,9,1,38,0,0,46,14,60,11,17,55,15,98,78,0,78,176
06/11/2017,BIS,ND,AGL,CE,Combined TRACON& Tower with Radar,13,15,20,0,48,0,0,65,0,65,13,15,85,0,113,26,0,26,139
06/12/2017,BIS,ND,AGL,CE,Combined TRACON& Tower with Radar,5,29,42,0,76,0,0,27,4,31,5,29,69,4,107,48,0,48,155
06/13/2017,BIS,ND,AGL,CE,Combined TRACON& Tower with Radar,7,34,44,2,87,0,0,23,0,23,7,34,67,2,110,38,0,38,148
06/14/2017,BIS,ND,AGL,CE,Combined TRACON& Tower with Radar,11,33,45,1,90,0,6,32,22,60,11,39,77,23,150,88,32,120,270
06/15/2017,BIS,ND,AGL,CE,Combined TRACON& Tower with Radar,10,28,58,1,97,0,0,33,8,41,10,28,91,9,138,4,4,8,146
06/16/2017,BIS,ND,AGL,CE,Combined TRACON& Tower with Radar,8,28,17,3,56,0,0,129,21,150,8,28,146,24,206,98,0,98,304
06/17/2017,BIS,ND,AGL,CE,Combined TRACON& Tower with Radar,10,20,11,0,41,0,0,10,0,10,10,20,21,0,51,14,0,14,65
06/18/2017,BIS,ND,AGL,CE,Combined TRACON& Tower with Radar,11,18,12,0,41,0,0,12,0,12,11,18,24,0,53,38,0,38,91
06/19/2017,BIS,ND,AGL,CE,Combined TRACON& Tower with Radar,6,26,31,2,65,0,0,52,0,52,6,26,83,2,117,18,6,24,141
06/20/2017,BIS,ND,AGL,CE,Combined TRACON& Tower with Radar,9,33,43,1,86,0,0,130,7,137,9,33,173,8,223,100,0,100,323
06/21/2017,BIS,ND,AGL,CE,Combined TRACON& Tower with Radar,9,36,45,4,94,0,0,47,68,115,9,36,92,72,209,50,30,80,289
06/22/2017,BIS,ND,AGL,CE,Combined TRACON& Tower with Radar,11,38,45,0,94,0,8,32,6,46,11,46,77,6,140,106,0,106,246
06/23/2017,BIS,ND,AGL,CE,Combined TRACON& Tower with Radar,8,29,15,0,52,0,0,30,4,34,8,29,45,4,86,80,0,80,166
06/24/2017,BIS,ND,AGL,CE,Combined TRACON& Tower with Radar,13,20,15,0,48,0,1,31,0,32,13,21,46,0,80,26,0,26,106
06/25/2017,BIS,ND,AGL,CE,Combined TRACON& Tower with Radar,11,19,8,0,38,0,0,63,0,63,11,19,71,0,101,48,0,48,149
06/26/2017,BIS,ND,AGL,CE,Combined TRACON& Tower with Radar,7,25,45,2,79,0,2,69,4,75,7,27,114,6,154,56,0,56,210
06/27/2017,BIS,ND,AGL,CE,Combined TRACON& Tower with Radar,9,32,36,0,77,0,0,20,5,25,9,32,56,5,102,24,0,24,126
06/28/2017,BIS,ND,AGL,CE,Combined TRACON& Tower with Radar,11,31,45,0,87,0,3,65,28,96,11,34,110,28,183,86,10,96,279
06/29/2017,BIS,ND,AGL,CE,Combined TRACON& Tower with Radar,13,35,34,0,82,0,0,28,0,28,13,35,62,0,110,38,0,38,148
06/30/2017,BIS,ND,AGL,CE,Combined TRACON& Tower with Radar,7,31,23,0,61,0,0,36,3,39,7,31,59,3,100,58,0,58,158
07/01/2017,BIS,ND,AGL,CE,Combined TRACON& Tower with Radar,12,19,9,0,40,0,0,44,0,44,12,19,53,0,84,18,0,18,102
07/02/2017,BIS,ND,AGL,CE,Combined TRACON& Tower with Radar,14,10,14,0,38,0,0,28,0,28,14,10,42,0,66,26,0,26,92
07/03/2017,BIS,ND,AGL,CE,Combined TRACON& Tower with Radar,10,16,16,0,42,0,1,37,3,41,10,17,53,3,83,64,0,64,147
07/04/2017,BIS,ND,AGL,CE,Combined TRACON& Tower with Radar,11,15,8,0,34,0,1,30,0,31,11,16,38,0,65,66,0,66,131
07/05/2017,BIS,ND,AGL,CE,Combined TRACON& Tower with Radar,12,27,22,0,61,0,0,38,5,43,12,27,60,5,104,24,0,24,128
07/06/2017,BIS,ND,AGL,CE,Combined TRACON& Tower with Radar,16,23,38,1,78,0,0,65,28,93,16,23,103,29,171,100,54,154,325
07/07/2017,BIS,ND,AGL,CE,Combined TRACON& Tower with Radar,8,29,20,4,61,0,1,108,2,111,8,30,128,6,172,86,2,88,260
07/08/2017,BIS,ND,AGL,CE,Combined TRACON& Tower with Radar,12,19,5,0,36,0,0,44,0,44,12,19,49,0,80,62,0,62,142
07/09/2017,BIS,ND,AGL,CE,Combined TRACON& Tower with Radar,13,17,6,0,36,0,0,44,10,54,13,17,50,10,90,32,0,32,122
07/10/2017,BIS,ND,AGL,CE,Combined TRACON& Tower with Radar,9,21,33,4,67,0,3,51,18,72,9,24,84,22,139,50,20,70,209
07/11/2017,BIS,ND,AGL,CE,Combined TRACON& Tower with Radar,9,31,24,2,66,0,0,44,1,45,9,31,68,3,111,38,0,38,149
07/12/2017,BIS,ND,AGL,CE,Combined TRACON& Tower with Radar,13,29,48,7,97,0,0,50,8,58,13,29,98,15,155,68,0,68,223
07/13/2017,BIS,ND,AGL,CE,Combined TRACON& Tower with Radar,13,33,34,1,81,0,0,98,4,102,13,33,132,5,183,88,0,88,271
07/14/2017,BIS,ND,AGL,CE,Combined TRACON& Tower with Radar,8,34,15,2,59,0,0,54,6,60,8,34,69,8,119,46,0,46,165
07/15/2017,BIS,ND,AGL,CE,Combined TRACON& Tower with Radar,12,18,12,0,42,0,0,27,0,27,12,18,39,0,69,0,0,0,69
07/16/2017,BIS,ND,AGL,CE,Combined TRACON& Tower with Radar,13,17,3,0,33,0,0,23,0,23,13,17,26,0,56,6,0,6,62
07/17/2017,BIS,ND,AGL,CE,Combined TRACON& Tower with Radar,8,25,37,0,70,0,1,55,2,58,8,26,92,2,128,26,0,26,154
07/18/2017,BIS,ND,AGL,CE,Combined TRACON& Tower with Radar,11,32,47,6,96,0,8,117,14,139,11,40,164,20,235,138,12,150,385
07/19/2017,BIS,ND,AGL,CE,Combined TRACON& Tower with Radar,15,30,46,2,93,0,1,83,25,109,15,31,129,27,202,66,0,66,268
07/20/2017,BIS,ND,AGL,CE,Combined TRACON& Tower with Radar,13,32,49,1,95,0,0,46,5,51,13,32,95,6,146,82,0,82,228
07/21/2017,BIS,ND,AGL,CE,Combined TRACON& Tower with Radar,9,27,31,0,67,0,0,42,8,50,9,27,73,8,117,46,0,46,163
07/22/2017,BIS,ND,AGL,CE,Combined TRACON& Tower with Radar,14,21,11,0,46,0,0,44,0,44,14,21,55,0,90,2,0,2,92
07/23/2017,BIS,ND,AGL,CE,Combined TRACON& Tower with Radar,13,25,12,0,50,0,1,30,6,37,13,26,42,6,87,8,0,8,95
07/24/2017,BIS,ND,AGL,CE,Combined TRACON& Tower with Radar,9,22,34,2,67,0,0,43,0,43,9,22,77,2,110,20,0,20,130
07/25/2017,BIS,ND,AGL,CE,Combined TRACON& Tower with Radar,8,27,52,2,89,0,2,26,1,29,8,29,78,3,118,24,0,24,142
07/26/2017,BIS,ND,AGL,CE,Combined TRACON& Tower with Radar,13,29,32,7,81,0,2,53,2,57,13,31,85,9,138,100,0,100,238
07/27/2017,BIS,ND,AGL,CE,Combined TRACON& Tower with Radar,13,31,47,0,91,0,0,24,10,34,13,31,71,10,125,12,0,12,137
07/28/2017,BIS,ND,AGL,CE,Combined TRACON& Tower with Radar,9,27,17,0,53,0,4,46,0,50,9,31,63,0,103,2,0,2,105
07/29/2017,BIS,ND,AGL,CE,Combined TRACON& Tower with Radar,12,20,17,0,49,0,1,29,7,37,12,21,46,7,86,12,0,12,98
07/30/2017,BIS,ND,AGL,CE,Combined TRACON& Tower with Radar,14,17,13,0,44,0,0,16,0,16,14,17,29,0,60,0,0,0,60
07/31/2017,BIS,ND,AGL,CE,Combined TRACON& Tower with Radar,9,23,32,0,64,0,1,51,9,61,9,24,83,9,125,34,0,34,159
08/01/2017,BIS,ND,AGL,CE,Combined TRACON& Tower with Radar,10,29,32,0,71,0,5,72,2,79,10,34,104,2,150,18,0,18,168
08/02/2017,BIS,ND,AGL,CE,Combined TRACON& Tower with Radar,13,28,32,0,73,0,0,5,15,20,13,28,37,15,93,44,8,52,145
08/03/2017,BIS,ND,AGL,CE,Combined TRACON& Tower with Radar,12,28,59,0,99,0,0,22,1,23,12,28,81,1,122,22,0,22,144
08/04/2017,BIS,ND,AGL,CE,Combined TRACON& Tower with Radar,9,40,17,0,66,0,1,69,0,70,9,41,86,0,136,24,0,24,160
08/05/2017,BIS,ND,AGL,CE,Combined TRACON& Tower with Radar,12,18,12,0,42,0,0,28,1,29,12,18,40,1,71,24,0,24,95
08/06/2017,BIS,ND,AGL,CE,Combined TRACON& Tower with Radar,14,19,13,0,46,0,0,20,0,20,14,19,33,0,66,26,0,26,92
08/07/2017,BIS,ND,AGL,CE,Combined TRACON& Tower with Radar,8,24,32,1,65,0,0,49,2,51,8,24,81,3,116,38,0,38,154
08/08/2017,BIS,ND,AGL,CE,Combined TRACON& Tower with Radar,10,29,29,3,71,0,1,48,0,49,10,30,77,3,120,56,0,56,176
08/09/2017,BIS,ND,AGL,CE,Combined TRACON& Tower with Radar,13,33,27,0,73,0,0,16,13,29,13,33,43,13,102,16,24,40,142
08/10/2017,BIS,ND,AGL,CE,Combined TRACON& Tower with Radar,13,30,40,3,86,0,1,74,4,79,13,31,114,7,165,82,0,82,247
08/11/2017,BIS,ND,AGL,CE,Combined TRACON& Tower with Radar,9,25,32,0,66,0,4,61,0,65,9,29,93,0,131,34,0,34,165
08/12/2017,BIS,ND,AGL,CE,Combined TRACON& Tower with Radar,12,28,8,0,48,0,0,18,0,18,12,28,26,0,66,34,0,34,100
08/13/2017,BIS,ND,AGL,CE,Combined TRACON& Tower with Radar,13,15,11,0,39,0,0,59,0,59,13,15,70,0,98,120,0,120,218
08/14/2017,BIS,ND,AGL,CE,Combined TRACON& Tower with Radar,7,21,39,3,70,0,0,42,0,42,7,21,81,3,112,34,2,36,148
08/15/2017,BIS,ND,AGL,CE,Combined TRACON& Tower with Radar,11,27,40,0,78,0,0,19,0,19,11,27,59,0,97,16,0,16,113
08/16/2017,BIS,ND,AGL,CE,Combined TRACON& Tower with Radar,12,24,68,9,113,0,4,34,12,50,12,28,102,21,163,18,4,22,185
08/17/2017,BIS,ND,AGL,CE,Combined TRACON& Tower with Radar,17,31,44,4,96,0,2,57,1,60,17,33,101,5,156,48,0,48,204
08/18/2017,BIS,ND,AGL,CE,Combined TRACON& Tower with Radar,8,31,26,3,68,0,1,67,18,86,8,32,93,21,154,32,0,32,186
08/19/2017,BIS,ND,AGL,CE,Combined TRACON& Tower with Radar,10,22,10,0,42,0,0,58,10,68,10,22,68,10,110,44,0,44,154
08/20/2017,BIS,ND,AGL,CE,Combined TRACON& Tower with Radar,17,18,11,0,46,0,0,20,2,22,17,18,31,2,68,8,0,8,76
08/21/2017,BIS,ND,AGL,CE,Combined TRACON& Tower with Radar,7,19,27,0,53,0,0,36,4,40,7,19,63,4,93,45,4,49,142
08/22/2017,BIS,ND,AGL,CE,Combined TRACON& Tower with Radar,12,29,39,0,80,0,1,86,12,99,12,30,125,12,179,96,20,116,295
08/23/2017,BIS,ND,AGL,CE,Combined TRACON& Tower with Radar,13,25,44,5,87,0,0,66,24,90,13,25,110,29,177,142,8,150,327
08/24/2017,BIS,ND,AGL,CE,Combined TRACON& Tower with Radar,18,24,50,0,92,0,11,92,27,130,18,35,142,27,222,132,2,134,356
08/25/2017,BIS,ND,AGL,CE,Combined TRACON& Tower with Radar,7,28,29,3,67,0,0,0,0,0,7,28,29,3,67,6,0,6,73
08/26/2017,BIS,ND,AGL,CE,Combined TRACON& Tower with Radar,5,22,18,0,45,0,0,27,0,27,5,22,45,0,72,14,0,14,86
08/27/2017,BIS,ND,AGL,CE,Combined TRACON& Tower with Radar,11,16,9,0,36,0,4,31,0,35,11,20,40,0,71,40,0,40,111
08/28/2017,BIS,ND,AGL,CE,Combined TRACON& Tower with Radar,8,17,38,0,63,0,2,44,8,54,8,19,82,8,117,58,0,58,175
08/29/2017,BIS,ND,AGL,CE,Combined TRACON& Tower with Radar,10,27,42,1,80,0,8,40,9,57,10,35,82,10,137,16,0,16,153
08/30/2017,BIS,ND,AGL,CE,Combined TRACON& Tower with Radar,10,29,37,7,83,0,4,59,41,104,10,33,96,48,187,96,28,124,311
08/31/2017,BIS,ND,AGL,CE,Combined TRACON& Tower with Radar,14,28,33,4,79,0,3,58,21,82,14,31,91,25,161,42,6,48,209
09/01/2017,BIS,ND,AGL,CE,Combined TRACON& Tower with Radar,7,27,16,0,50,0,1,48,1,50,7,28,64,1,100,24,8,32,132
09/02/2017,BIS,ND,AGL,CE,Combined TRACON& Tower with Radar,10,20,6,0,36,0,0,49,0,49,10,20,55,0,85,12,0,12,97
09/03/2017,BIS,ND,AGL,CE,Combined TRACON& Tower with Radar,14,8,6,3,31,0,6,19,3,28,14,14,25,6,59,8,4,12,71
09/04/2017,BIS,ND,AGL,CE,Combined TRACON& Tower with Radar,7,11,8,2,28,0,0,17,0,17,7,11,25,2,45,30,0,30,75
09/05/2017,BIS,ND,AGL,CE,Combined TRACON& Tower with Radar,10,24,30,2,66,0,0,55,20,75,10,24,85,22,141,20,0,20,161
09/06/2017,BIS,ND,AGL,CE,Combined TRACON& Tower with Radar,11,26,54,8,99,0,0,61,50,111,11,26,115,58,210,56,0,56,266
09/07/2017,BIS,ND,AGL,CE,Combined TRACON& Tower with Radar,12,26,48,4,90,0,5,82,18,105,12,31,130,22,195,76,12,88,283
09/08/2017,BIS,ND,AGL,CE,Combined TRACON& Tower with Radar,9,32,40,6,87,0,4,34,17,55,9,36,74,23,142,24,0,24,166
09/09/2017,BIS,ND,AGL,CE,Combined TRACON& Tower with Radar,14,20,14,1,49,0,4,43,20,67,14,24,57,21,116,28,0,28,144
09/10/2017,BIS,ND,AGL,CE,Combined TRACON& Tower with Radar,13,15,17,0,45,0,2,127,6,135,13,17,144,6,180,40,4,44,224
09/11/2017,BIS,ND,AGL,CE,Combined TRACON& Tower with Radar,10,18,33,5,66,0,2,60,6,68,10,20,93,11,134,16,24,40,174
09/12/2017,BIS,ND,AGL,CE,Combined TRACON& Tower with Radar,12,22,28,8,70,0,0,32,4,36,12,22,60,12,106,64,4,68,174
09/13/2017,BIS,ND,AGL,CE,Combined TRACON& Tower with Radar,8,36,64,0,108,0,4,6,27,37,8,40,70,27,145,8,2,10,155
09/14/2017,BIS,ND,AGL,CE,Combined TRACON& Tower with Radar,16,31,45,2,94,0,5,42,3,50,16,36,87,5,144,70,0,70,214
09/15/2017,BIS,ND,AGL,CE,Combined TRACON& Tower with Radar,9,25,27,0,61,0,0,2,0,2,9,25,29,0,63,12,0,12,75
09/16/2017,BIS,ND,AGL,CE,Combined TRACON& Tower with Radar,12,19,16,0,47,0,0,0,0,0,12,19,16,0,47,0,0,0,47
09/17/2017,BIS,ND,AGL,CE,Combined TRACON& Tower with Radar,13,16,24,0,53,0,2,18,0,20,13,18,42,0,73,4,0,4,77
09/18/2017,BIS,ND,AGL,CE,Combined TRACON& Tower with Radar,11,19,34,0,64,0,0,34,0,34,11,19,68,0,98,26,0,26,124
09/19/2017,BIS,ND,AGL,CE,Combined TRACON& Tower with Radar,11,24,38,2,75,0,1,17,1,19,11,25,55,3,94,0,0,0,94
09/20/2017,BIS,ND,AGL,CE,Combined TRACON& Tower with Radar,13,21,42,0,76,0,3,43,5,51,13,24,85,5,127,61,8,69,196
09/21/2017,BIS,ND,AGL,CE,Combined TRACON& Tower with Radar,17,25,43,0,85,0,1,45,6,52,17,26,88,6,137,48,12,60,197
09/22/2017,BIS,ND,AGL,CE,Combined TRACON& Tower with Radar,9,24,17,0,50,0,0,6,12,18,9,24,23,12,68,0,0,0,68
09/23/2017,BIS,ND,AGL,CE,Combined TRACON& Tower with Radar,12,17,18,6,53,0,0,11,5,16,12,17,29,11,69,0,0,0,69
09/24/2017,BIS,ND,AGL,CE,Combined TRACON& Tower with Radar,13,14,7,0,34,0,0,0,0,0,13,14,7,0,34,0,0,0,34
09/25/2017,BIS,ND,AGL,CE,Combined TRACON& Tower with Radar,9,23,30,0,62,0,2,16,0,18,9,25,46,0,80,35,0,35,115
09/26/2017,BIS,ND,AGL,CE,Combined TRACON& Tower with Radar,11,24,44,4,83,0,1,34,3,38,11,25,78,7,121,18,2,20,141
09/27/2017,BIS,ND,AGL,CE,Combined TRACON& Tower with Radar,12,24,28,2,66,0,0,109,28,137,12,24,137,30,203,102,0,102,305
09/28/2017,BIS,ND,AGL,CE,Combined TRACON& Tower with Radar,15,23,46,2,86,0,0,60,0,60,15,23,106,2,146,34,24,58,204
09/29/2017,BIS,ND,AGL,CE,Combined TRACON& Tower with Radar,9,25,28,2,64,0,3,55,0,58,9,28,83,2,122,54,0,54,176
09/30/2017,BIS,ND,AGL,CE,Combined TRACON& Tower with Radar,12,21,10,2,45,0,0,26,2,28,12,21,36,4,73,12,0,12,85
10/01/2017,BIS,ND,AGL,CE,Combined TRACON& Tower with Radar,13,21,15,0,49,0,0,24,0,24,13,21,39,0,73,18,0,18,91
10/02/2017,BIS,ND,AGL,CE,Combined TRACON& Tower with Radar,9,18,23,2,52,0,0,45,0,45,9,18,68,2,97,24,0,24,121
10/03/2017,BIS,ND,AGL,CE,Combined TRACON& Tower with Radar,11,24,28,3,66,0,0,28,25,53,11,24,56,28,119,16,20,36,155
10/04/2017,BIS,ND,AGL,CE,Combined TRACON& Tower with Radar,10,27,50,4,91,0,1,74,24,99,10,28,124,28,190,28,43,71,261
10/05/2017,BIS,ND,AGL,CE,Combined TRACON& Tower with Radar,7,34,36,0,77,0,11,39,4,54,7,45,75,4,131,30,0,30,161
10/06/2017,BIS,ND,AGL,CE,Combined TRACON& Tower with Radar,7,27,31,0,65,0,0,66,0,66,7,27,97,0,131,66,0,66,197
10/07/2017,BIS,ND,AGL,CE,Combined TRACON& Tower with Radar,7,18,11,0,36,0,1,27,1,29,7,19,38,1,65,0,0,0,65
10/08/2017,BIS,ND,AGL,CE,Combined TRACON& Tower with Radar,10,16,11,0,37,0,5,29,0,34,10,21,40,0,71,38,0,38,109
10/09/2017,BIS,ND,AGL,CE,Combined TRACON& Tower with Radar,6,20,26,0,52,0,0,57,0,57,6,20,83,0,109,0,0,0,109
10/10/2017,BIS,ND,AGL,CE,Combined TRACON& Tower with Radar,7,30,39,6,82,0,0,46,11,57,7,30,85,17,139,10,12,22,161
10/11/2017,BIS,ND,AGL,CE,Combined TRACON& Tower with Radar,7,30,38,2,77,0,1,62,50,113,7,31,100,52,190,22,12,34,224
10/12/2017,BIS,ND,AGL,CE,Combined TRACON& Tower with Radar,9,30,54,0,93,0,1,78,0,79,9,31,132,0,172,32,0,32,204
10/13/2017,BIS,ND,AGL,CE,Combined TRACON& Tower with Radar,7,28,23,0,58,0,3,30,8,41,7,31,53,8,99,4,0,4,103
10/14/2017,BIS,ND,AGL,CE,Combined TRACON& Tower with Radar,7,19,8,0,34,0,2,22,3,27,7,21,30,3,61,10,0,10,71
10/15/2017,BIS,ND,AGL,CE,Combined TRACON& Tower with Radar,7,17,12,0,36,0,4,24,0,28,7,21,36,0,64,14,0,14,78
10/16/2017,BIS,ND,AGL,CE,Combined TRACON& Tower with Radar,7,25,32,2,66,0,0,19,0,19,7,25,51,2,85,16,0,16,101
10/17/2017,BIS,ND,AGL,CE,Combined TRACON& Tower with Radar,7,29,31,2,69,0,3,43,0,46,7,32,74,2,115,16,0,16,131
10/18/2017,BIS,ND,AGL,CE,Combined TRACON& Tower with Radar,7,31,31,8,77,0,0,51,19,70,7,31,82,27,147,72,24,96,243
10/19/2017,BIS,ND,AGL,CE,Combined TRACON& Tower with Radar,7,29,41,2,79,0,0,98,16,114,7,29,139,18,193,84,76,160,353
10/20/2017,BIS,ND,AGL,CE,Combined TRACON& Tower with Radar,7,27,30,1,65,0,0,31,6,37,7,27,61,7,102,2,0,2,104
10/21/2017,BIS,ND,AGL,CE,Combined TRACON& Tower with Radar,9,17,9,0,35,0,2,6,7,15,9,19,15,7,50,0,78,78,128
10/22/2017,BIS,ND,AGL,CE,Combined TRACON& Tower with Radar,8,18,15,0,41,0,2,14,0,16,8,20,29,0,57,28,0,28,85
10/23/2017,BIS,ND,AGL,CE,Combined TRACON& Tower with Radar,9,24,16,0,49,0,1,3,2,6,9,25,19,2,55,0,0,0,55
10/24/2017,BIS,ND,AGL,CE,Combined TRACON& Tower with Radar,9,27,47,0,83,0,1,45,2,48,9,28,92,2,131,10,0,10,141
10/25/2017,BIS,ND,AGL,CE,Combined TRACON& Tower with Radar,7,32,48,1,88,0,1,43,16,60,7,33,91,17,148,26,4,30,178
10/26/2017,BIS,ND,AGL,CE,Combined TRACON& Tower with Radar,7,40,31,0,78,0,0,2,0,2,7,40,33,0,80,6,0,6,86
10/27/2017,BIS,ND,AGL,CE,Combined TRACON& Tower with Radar,7,31,25,3,66,0,2,49,4,55,7,33,74,7,121,18,0,18,139
10/28/2017,BIS,ND,AGL,CE,Combined TRACON& Tower with Radar,8,26,12,0,46,0,8,77,0,85,8,34,89,0,131,58,0,58,189
10/29/2017,BIS,ND,AGL,CE,Combined TRACON& Tower with Radar,9,12,14,0,35,0,2,16,0,18,9,14,30,0,53,0,0,0,53
10/30/2017,BIS,ND,AGL,CE,Combined TRACON& Tower with Radar,10,22,27,2,61,0,1,2,0,3,10,23,29,2,64,0,0,0,64
10/31/2017,BIS,ND,AGL,CE,Combined TRACON& Tower with Radar,8,32,42,6,88,0,0,63,2,65,8,32,105,8,153,82,0,82,235
11/01/2017,BIS,ND,AGL,CE,Combined TRACON& Tower with Radar,7,30,33,2,72,0,0,4,0,4,7,30,37,2,76,2,0,2,78
11/02/2017,BIS,ND,AGL,CE,Combined TRACON& Tower with Radar,7,30,45,1,83,0,2,1,2,5,7,32,46,3,88,0,0,0,88
11/03/2017,BIS,ND,AGL,CE,Combined TRACON& Tower with Radar,6,33,30,0,69,0,0,0,0,0,6,33,30,0,69,0,0,0,69
11/04/2017,BIS,ND,AGL,CE,Combined TRACON& Tower with Radar,15,25,5,0,45,0,0,0,2,2,15,25,5,2,47,0,0,0,47
11/05/2017,BIS,ND,AGL,CE,Combined TRACON& Tower with Radar,7,20,16,0,43,0,0,6,1,7,7,20,22,1,50,2,0,2,52
11/06/2017,BIS,ND,AGL,CE,Combined TRACON& Tower with Radar,7,24,20,2,53,0,2,1,0,3,7,26,21,2,56,0,0,0,56
11/07/2017,BIS,ND,AGL,CE,Combined TRACON& Tower with Radar,7,38,39,0,84,0,1,68,1,70,7,39,107,1,154,48,0,48,202
11/08/2017,BIS,ND,AGL,CE,Combined TRACON& Tower with Radar,7,39,45,3,94,0,0,22,22,44,7,39,67,25,138,36,0,36,174
11/09/2017,BIS,ND,AGL,CE,Combined TRACON& Tower with Radar,7,33,44,1,85,0,0,32,4,36,7,33,76,5,121,24,0,24,145
11/10/2017,BIS,ND,AGL,CE,Combined TRACON& Tower with Radar,6,25,15,0,46,0,0,3,0,3,6,25,18,0,49,0,0,0,49
11/11/2017,BIS,ND,AGL,CE,Combined TRACON& Tower with Radar,7,22,4,1,34,0,1,16,1,18,7,23,20,2,52,2,0,2,54
11/12/2017,BIS,ND,AGL,CE,Combined TRACON& Tower with Radar,6,19,16,0,41,0,2,13,0,15,6,21,29,0,56,0,0,0,56
11/13/2017,BIS,ND,AGL,CE,Combined TRACON& Tower with Radar,7,24,32,1,64,0,1,46,2,49,7,25,78,3,113,72,0,72,185
11/14/2017,BIS,ND,AGL,CE,Combined TRACON& Tower with Radar,8,32,39,3,82,0,0,38,1,39,8,32,77,4,121,4,0,4,125
11/15/2017,BIS,ND,AGL,CE,Combined TRACON& Tower with Radar,12,29,33,6,80,0,6,31,36,73,12,35,64,42,153,73,74,147,300
11/16/2017,BIS,ND,AGL,CE,Combined TRACON& Tower with Radar,9,31,50,2,92,0,0,9,8,17,9,31,59,10,109,0,0,0,109
11/17/2017,BIS,ND,AGL,CE,Combined TRACON& Tower with Radar,11,37,30,2,80,0,0,36,3,39,11,37,66,5,119,36,8,44,163
11/18/2017,BIS,ND,AGL,CE,Combined TRACON& Tower with Radar,6,22,19,0,47,0,1,44,0,45,6,23,63,0,92,54,0,54,146
11/19/2017,BIS,ND,AGL,CE,Combined TRACON& Tower with Radar,9,20,5,0,34,0,2,58,2,62,9,22,63,2,96,80,0,80,176
11/20/2017,BIS,ND,AGL,CE,Combined TRACON& Tower with Radar,10,24,27,1,62,0,1,35,3,39,10,25,62,4,101,48,0,48,149
11/21/2017,BIS,ND,AGL,CE,Combined TRACON& Tower with Radar,14,32,33,6,85,0,7,39,19,65,14,39,72,25,150,38,0,38,188
11/22/2017,BIS,ND,AGL,CE,Combined TRACON& Tower with Radar,9,32,18,0,59,0,2,33,0,35,9,34,51,0,94,30,0,30,124
11/23/2017,BIS,ND,AGL,CE,Combined TRACON& Tower with Radar,6,9,4,0,19,0,3,22,0,25,6,12,26,0,44,8,0,8,52
11/24/2017,BIS,ND,AGL,CE,Combined TRACON& Tower with Radar,11,18,2,0,31,0,4,14,0,18,11,22,16,0,49,0,0,0,49
11/25/2017,BIS,ND,AGL,CE,Combined TRACON& Tower with Radar,9,28,6,0,43,0,0,27,0,27,9,28,33,0,70,0,0,0,70
11/26/2017,BIS,ND,AGL,CE,Combined TRACON& Tower with Radar,11,23,14,0,48,0,1,45,0,46,11,24,59,0,94,70,0,70,164
11/27/2017,BIS,ND,AGL,CE,Combined TRACON& Tower with Radar,8,29,31,2,70,0,0,12,2,14,8,29,43,4,84,4,0,4,88
11/28/2017,BIS,ND,AGL,CE,Combined TRACON& Tower with Radar,7,29,39,1,76,0,0,48,4,52,7,29,87,5,128,30,0,30,158
11/29/2017,BIS,ND,AGL,CE,Combined TRACON& Tower with Radar,9,34,31,2,76,0,0,49,10,59,9,34,80,12,135,0,0,0,135
11/30/2017,BIS,ND,AGL,CE,Combined TRACON& Tower with Radar,11,34,39,7,91,0,4,76,20,100,11,38,115,27,191,36,30,66,257
12/01/2017,BIS,ND,AGL,CE,Combined TRACON& Tower with Radar,9,31,20,5,65,0,5,40,13,58,9,36,60,18,123,3,6,9,132
12/02/2017,BIS,ND,AGL,CE,Combined TRACON& Tower with Radar,7,22,15,0,44,0,3,47,0,50,7,25,62,0,94,36,0,36,130
12/03/2017,BIS,ND,AGL,CE,Combined TRACON& Tower with Radar,10,15,3,0,28,0,5,13,10,28,10,20,16,10,56,12,0,12,68
12/04/2017,BIS,ND,AGL,CE,Combined TRACON& Tower with Radar,9,25,23,2,59,0,0,4,0,4,9,25,27,2,63,0,0,0,63
12/05/2017,BIS,ND,AGL,CE,Combined TRACON& Tower with Radar,6,33,28,2,69,0,0,6,0,6,6,33,34,2,75,22,0,22,97
12/06/2017,BIS,ND,AGL,CE,Combined TRACON& Tower with Radar,10,39,44,5,98,0,0,10,16,26,10,39,54,21,124,2,0,2,126
12/07/2017,BIS,ND,AGL,CE,Combined TRACON& Tower with Radar,8,34,43,0,85,0,0,32,2,34,8,34,75,2,119,32,0,32,151
12/08/2017,BIS,ND,AGL,CE,Combined TRACON& Tower with Radar,6,30,20,2,58,0,1,16,0,17,6,31,36,2,75,0,0,0,75
12/09/2017,BIS,ND,AGL,CE,Combined TRACON& Tower with Radar,5,21,16,0,42,0,3,29,0,32,5,24,45,0,74,20,0,20,94
12/10/2017,BIS,ND,AGL,CE,Combined TRACON& Tower with Radar,11,17,6,0,34,0,0,13,0,13,11,17,19,0,47,34,0,34,81
12/11/2017,BIS,ND,AGL,CE,Combined TRACON& Tower with Radar,9,23,37,0,69,0,4,15,0,19,9,27,52,0,88,22,0,22,110
12/12/2017,BIS,ND,AGL,CE,Combined TRACON& Tower with Radar,7,37,56,2,102,0,2,55,0,57,7,39,111,2,159,62,0,62,221
12/13/2017,BIS,ND,AGL,CE,Combined TRACON& Tower with Radar,11,35,28,5,79,0,0,13,16,29,11,35,41,21,108,0,4,4,112
12/14/2017,BIS,ND,AGL,CE,Combined TRACON& Tower with Radar,8,37,45,0,90,0,0,14,6,20,8,37,59,6,110,8,12,20,130
12/15/2017,BIS,ND,AGL,CE,Combined TRACON& Tower with Radar,12,31,32,3,78,0,3,47,5,55,12,34,79,8,133,62,0,62,195
12/16/2017,BIS,ND,AGL,CE,Combined TRACON& Tower with Radar,10,22,17,0,49,0,3,93,2,98,10,25,110,2,147,40,8,48,195
12/17/2017,BIS,ND,AGL,CE,Combined TRACON& Tower with Radar,8,15,16,0,39,0,0,70,0,70,8,15,86,0,109,182,0,182,291
12/18/2017,BIS,ND,AGL,CE,Combined TRACON& Tower with Radar,9,25,26,2,62,0,3,13,6,22,9,28,39,8,84,10,0,10,94
12/19/2017,BIS,ND,AGL,CE,Combined TRACON& Tower with Radar,5,32,53,5,95,0,0,48,8,56,5,32,101,13,151,28,0,28,179
12/20/2017,BIS,ND,AGL,CE,Combined TRACON& Tower with Radar,9,32,18,0,59,0,0,0,0,0,9,32,18,0,59,0,0,0,59
12/21/2017,BIS,ND,AGL,CE,Combined TRACON& Tower with Radar,7,34,38,0,79,0,0,108,4,112,7,34,146,4,191,40,0,40,231
12/22/2017,BIS,ND,AGL,CE,Combined TRACON& Tower with Radar,9,33,8,2,52,0,0,80,0,80,9,33,88,2,132,4,0,4,136
12/23/2017,BIS,ND,AGL,CE,Combined TRACON& Tower with Radar,9,28,3,0,40,0,0,78,0,78,9,28,81,0,118,228,0,228,346
12/24/2017,BIS,ND,AGL,CE,Combined TRACON& Tower with Radar,7,12,6,0,25,0,0,0,0,0,7,12,6,0,25,0,0,0,25
12/25/2017,BIS,ND,AGL,CE,Combined TRACON& Tower with Radar,7,12,4,0,23,0,0,4,0,4,7,12,8,0,27,0,0,0,27
12/26/2017,BIS,ND,AGL,CE,Combined TRACON& Tower with Radar,9,21,21,0,51,0,0,7,0,7,9,21,28,0,58,28,0,28,86
12/27/2017,BIS,ND,AGL,CE,Combined TRACON& Tower with Radar,9,31,10,1,51,0,2,15,11,28,9,33,25,12,79,4,0,4,83
12/28/2017,BIS,ND,AGL,CE,Combined TRACON& Tower with Radar,7,30,14,2,53,0,0,36,0,36,7,30,50,2,89,8,0,8,97
12/29/2017,BIS,ND,AGL,CE,Combined TRACON& Tower with Radar,9,29,12,0,50,0,0,9,0,9,9,29,21,0,59,2,0,2,61
12/30/2017,BIS,ND,AGL,CE,Combined TRACON& Tower with Radar,11,31,4,0,46,0,0,0,0,0,11,31,4,0,46,0,0,0,46
12/31/2017,BIS,ND,AGL,CE,Combined TRACON& Tower with Radar,3,11,2,0,16,0,0,5,0,5,3,11,7,0,21,0,0,0,21
01/01/2018,BIS,ND,AGL,CE,Combined TRACON& Tower with Radar,11,15,4,0,30,0,3,1,0,4,11,18,5,0,34,16,0,16,50
01/02/2018,BIS,ND,AGL,CE,Combined TRACON& Tower with Radar,7,19,12,0,38,0,3,5,2,10,7,22,17,2,48,0,2,2,50
01/03/2018,BIS,ND,AGL,CE,Combined TRACON& Tower with Radar,11,23,33,2,69,0,0,19,8,27,11,23,52,10,96,10,0,10,106
01/04/2018,BIS,ND,AGL,CE,Combined TRACON& Tower with Radar,9,21,31,3,64,0,0,14,4,18,9,21,45,7,82,30,10,40,122
01/05/2018,BIS,ND,AGL,CE,Combined TRACON& Tower with Radar,9,27,14,2,52,0,0,2,1,3,9,27,16,3,55,90,0,90,145
01/06/2018,BIS,ND,AGL,CE,Combined TRACON& Tower with Radar,10,20,6,0,36,0,0,3,0,3,10,20,9,0,39,10,0,10,49
01/07/2018,BIS,ND,AGL,CE,Combined TRACON& Tower with Radar,5,15,12,2,34,0,0,19,0,19,5,15,31,2,53,98,0,98,151
01/08/2018,BIS,ND,AGL,CE,Combined TRACON& Tower with Radar,9,18,32,1,60,0,1,50,16,67,9,19,82,17,127,92,4,96,223
01/09/2018,BIS,ND,AGL,CE,Combined TRACON& Tower with Radar,4,24,22,2,52,0,0,17,0,17,4,24,39,2,69,22,0,22,91
01/10/2018,BIS,ND,AGL,CE,Combined TRACON& Tower with Radar,10,31,24,0,65,0,0,0,0,0,10,31,24,0,65,0,0,0,65
01/11/2018,BIS,ND,AGL,CE,Combined TRACON& Tower with Radar,7,27,17,1,52,0,14,10,1,25,7,41,27,2,77,0,0,0,77
01/12/2018,BIS,ND,AGL,CE,Combined TRACON& Tower with Radar,12,17,10,2,41,0,4,8,0,12,12,21,18,2,53,2,0,2,55
01/13/2018,BIS,ND,AGL,CE,Combined TRACON& Tower with Radar,11,22,11,0,44,0,4,5,0,9,11,26,16,0,53,0,0,0,53
01/14/2018,BIS,ND,AGL,CE,Combined TRACON& Tower with Radar,8,8,3,0,19,0,0,1,0,1,8,8,4,0,20,0,0,0,20
01/15/2018,BIS,ND,AGL,CE,Combined TRACON& Tower with Radar,12,15,18,0,45,0,1,14,0,15,12,16,32,0,60,2,0,2,62
01/16/2018,BIS,ND,AGL,CE,Combined TRACON& Tower with Radar,7,19,47,3,76,0,2,31,0,33,7,21,78,3,109,0,0,0,109
01/17/2018,BIS,ND,AGL,CE,Combined TRACON& Tower with Radar,10,26,31,3,70,0,6,27,31,64,10,32,58,34,134,36,16,52,186
01/18/2018,BIS,ND,AGL,CE,Combined TRACON& Tower with Radar,10,32,32,0,74,0,0,24,4,28,10,32,56,4,102,4,0,4,106
01/19/2018,BIS,ND,AGL,CE,Combined TRACON& Tower with Radar,9,30,17,8,64,0,5,27,0,32,9,35,44,8,96,10,18,28,124
01/20/2018,BIS,ND,AGL,CE,Combined TRACON& Tower with Radar,11,18,14,0,43,0,3,36,0,39,11,21,50,0,82,22,0,22,104
01/21/2018,BIS,ND,AGL,CE,Combined TRACON& Tower with Radar,8,18,7,0,33,0,0,20,0,20,8,18,27,0,53,5,0,5,58
01/22/2018,BIS,ND,AGL,CE,Combined TRACON& Tower with Radar,7,18,11,0,36,0,0,0,0,0,7,18,11,0,36,0,0,0,36
01/23/2018,BIS,ND,AGL,CE,Combined TRACON& Tower with Radar,4,28,38,1,71,0,2,16,0,18,4,30,54,1,89,40,0,40,129
01/24/2018,BIS,ND,AGL,CE,Combined TRACON& Tower with Radar,9,28,38,6,81,0,3,50,22,75,9,31,88,28,156,48,0,48,204
01/25/2018,BIS,ND,AGL,CE,Combined TRACON& Tower with Radar,7,30,35,3,75,0,18,39,3,60,7,48,74,6,135,68,16,84,219
01/26/2018,BIS,ND,AGL,CE,Combined TRACON& Tower with Radar,9,21,25,4,59,0,2,5,9,16,9,23,30,13,75,10,0,10,85
01/27/2018,BIS,ND,AGL,CE,Combined TRACON& Tower with Radar,9,20,9,0,38,0,0,6,2,8,9,20,15,2,46,28,0,28,74
01/28/2018,BIS,ND,AGL,CE,Combined TRACON& Tower with Radar,6,17,14,2,39,0,1,26,0,27,6,18,40,2,66,8,0,8,74
01/29/2018,BIS,ND,AGL,CE,Combined TRACON& Tower with Radar,11,18,22,0,51,0,3,33,3,39,11,21,55,3,90,40,0,40,130
01/30/2018,BIS,ND,AGL,CE,Combined TRACON& Tower with Radar,5,29,29,1,64,0,1,4,4,9,5,30,33,5,73,4,0,4,77
01/31/2018,BIS,ND,AGL,CE,Combined TRACON& Tower with Radar,9,27,32,1,69,0,13,11,32,56,9,40,43,33,125,12,30,42,167
02/01/2018,BIS,ND,AGL,CE,Combined TRACON& Tower with Radar,6,27,62,2,97,0,7,34,9,50,6,34,96,11,147,26,0,26,173
02/02/2018,BIS,ND,AGL,CE,Combined TRACON& Tower with Radar,9,30,23,0,62,0,3,32,4,39,9,33,55,4,101,14,0,14,115
02/03/2018,BIS,ND,AGL,CE,Combined TRACON& Tower with Radar,10,18,4,0,32,0,0,0,0,0,10,18,4,0,32,0,0,0,32
02/04/2018,BIS,ND,AGL,CE,Combined TRACON& Tower with Radar,8,14,14,0,36,0,0,28,0,28,8,14,42,0,64,12,0,12,76
02/05/2018,BIS,ND,AGL,CE,Combined TRACON& Tower with Radar,9,18,22,2,51,0,0,20,2,22,9,18,42,4,73,12,0,12,85
02/06/2018,BIS,ND,AGL,CE,Combined TRACON& Tower with Radar,8,30,18,2,58,0,2,13,5,20,8,32,31,7,78,0,0,0,78
02/07/2018,BIS,ND,AGL,CE,Combined TRACON& Tower with Radar,9,29,48,1,87,0,0,12,31,43,9,29,60,32,130,8,44,52,182
02/08/2018,BIS,ND,AGL,CE,Combined TRACON& Tower with Radar,7,32,31,2,72,0,0,7,12,19,7,32,38,14,91,38,3,41,132
02/09/2018,BIS,ND,AGL,CE,Combined TRACON& Tower with Radar,8,22,31,0,61,0,0,26,9,35,8,22,57,9,96,10,0,10,106
02/10/2018,BIS,ND,AGL,CE,Combined TRACON& Tower with Radar,9,19,27,6,61,0,13,51,54,118,9,32,78,60,179,44,34,78,257
02/11/2018,BIS,ND,AGL,CE,Combined TRACON& Tower with Radar,7,14,20,2,43,0,0,3,9,12,7,14,23,11,55,0,0,0,55
02/12/2018,BIS,ND,AGL,CE,Combined TRACON& Tower with Radar,10,19,30,0,59,0,2,22,12,36,10,21,52,12,95,14,8,22,117
02/13/2018,BIS,ND,AGL,CE,Combined TRACON& Tower with Radar,7,35,35,0,77,0,7,47,9,63,7,42,82,9,140,54,24,78,218
02/14/2018,BIS,ND,AGL,CE,Combined TRACON& Tower with Radar,9,32,28,3,72,0,6,28,14,48,9,38,56,17,120,34,0,34,154
02/15/2018,BIS,ND,AGL,CE,Combined TRACON& Tower with Radar,7,31,46,2,86,0,2,12,23,37,7,33,58,25,123,4,0,4,127
02/16/2018,BIS,ND,AGL,CE,Combined TRACON& Tower with Radar,9,19,11,0,39,0,4,21,2,27,9,23,32,2,66,22,0,22,88
02/17/2018,BIS,ND,AGL,CE,Combined TRACON& Tower with Radar,11,19,11,3,44,0,0,14,1,15,11,19,25,4,59,10,0,10,69
02/18/2018,BIS,ND,AGL,CE,Combined TRACON& Tower with Radar,5,19,13,0,37,0,0,0,0,0,5,19,13,0,37,0,0,0,37
02/19/2018,BIS,ND,AGL,CE,Combined TRACON& Tower with Radar,9,17,29,0,55,0,0,22,1,23,9,17,51,1,78,26,0,26,104
02/20/2018,BIS,ND,AGL,CE,Combined TRACON& Tower with Radar,6,28,28,0,62,0,2,21,16,39,6,30,49,16,101,42,0,42,143
02/21/2018,BIS,ND,AGL,CE,Combined TRACON& Tower with Radar,10,28,28,3,69,0,5,32,58,95,10,33,60,61,164,44,6,50,214
02/22/2018,BIS,ND,AGL,CE,Combined TRACON& Tower with Radar,6,29,36,7,78,0,4,17,25,46,6,33,53,32,124,30,16,46,170
02/23/2018,BIS,ND,AGL,CE,Combined TRACON& Tower with Radar,9,21,35,0,65,0,7,28,7,42,9,28,63,7,107,30,22,52,159
02/24/2018,BIS,ND,AGL,CE,Combined TRACON& Tower with Radar,11,17,10,0,38,0,5,11,0,16,11,22,21,0,54,4,0,4,58
02/25/2018,BIS,ND,AGL,CE,Combined TRACON& Tower with Radar,7,19,20,0,46,0,6,30,0,36,7,25,50,0,82,84,0,84,166
02/26/2018,BIS,ND,AGL,CE,Combined TRACON& Tower with Radar,11,24,47,2,84,0,3,72,9,84,11,27,119,11,168,54,4,58,226
02/27/2018,BIS,ND,AGL,CE,Combined TRACON& Tower with Radar,7,27,30,3,67,0,1,28,3,32,7,28,58,6,99,58,0,58,157
02/28/2018,BIS,ND,AGL,CE,Combined TRACON& Tower with Radar,10,28,25,8,71,0,4,45,35,84,10,32,70,43,155,48,18,66,221
03/01/2018,BIS,ND,AGL,CE,Combined TRACON& Tower with Radar,7,25,27,6,65,0,4,44,29,77,7,29,71,35,142,46,10,56,198
03/02/2018,BIS,ND,AGL,CE,Combined TRACON& Tower with Radar,15,22,19,4,60,0,0,33,18,51,15,22,52,22,111,2,16,18,129
03/03/2018,BIS,ND,AGL,CE,Combined TRACON& Tower with Radar,10,23,11,3,47,0,6,12,43,61,10,29,23,46,108,12,0,12,120
03/04/2018,BIS,ND,AGL,CE,Combined TRACON& Tower with Radar,9,13,8,0,30,0,0,0,0,0,9,13,8,0,30,0,0,0,30
03/05/2018,BIS,ND,AGL,CE,Combined TRACON& Tower with Radar,0,5,2,0,7,0,0,0,0,0,0,5,2,0,7,0,0,0,7
03/06/2018,BIS,ND,AGL,CE,Combined TRACON& Tower with Radar,14,26,16,2,58,0,1,0,0,1,14,27,16,2,59,0,0,0,59
03/07/2018,BIS,ND,AGL,CE,Combined TRACON& Tower with Radar,15,26,28,1,70,0,3,30,19,52,15,29,58,20,122,0,20,20,142
03/08/2018,BIS,ND,AGL,CE,Combined TRACON& Tower with Radar,11,41,33,4,89,0,1,36,20,57,11,42,69,24,146,36,30,66,212
03/09/2018,BIS,ND,AGL,CE,Combined TRACON& Tower with Radar,13,24,28,2,67,0,1,10,8,19,13,25,38,10,86,24,0,24,110
03/10/2018,BIS,ND,AGL,CE,Combined TRACON& Tower with Radar,10,20,3,0,33,0,0,1,0,1,10,20,4,0,34,2,0,2,36
03/11/2018,BIS,ND,AGL,CE,Combined TRACON& Tower with Radar,9,17,17,0,43,0,0,41,0,41,9,17,58,0,84,20,0,20,104
03/12/2018,BIS,ND,AGL,CE,Combined TRACON& Tower with Radar,12,23,33,1,69,0,3,39,4,46,12,26,72,5,115,72,0,72,187
03/13/2018,BIS,ND,AGL,CE,Combined TRACON& Tower with Radar,11,26,35,1,73,0,6,43,5,54,11,32,78,6,127,22,0,22,149
03/14/2018,BIS,ND,AGL,CE,Combined TRACON& Tower with Radar,17,34,45,2,98,0,2,52,18,72,17,36,97,20,170,60,6,66,236
03/15/2018,BIS,ND,AGL,CE,Combined TRACON& Tower with Radar,11,25,42,5,83,0,0,33,9,42,11,25,75,14,125,44,10,54,179
03/16/2018,BIS,ND,AGL,CE,Combined TRACON& Tower with Radar,11,23,23,5,62,0,5,39,12,56,11,28,62,17,118,26,0,26,144
03/17/2018,BIS,ND,AGL,CE,Combined TRACON& Tower with Radar,10,20,17,0,47,0,4,6,0,10,10,24,23,0,57,32,0,32,89
03/18/2018,BIS,ND,AGL,CE,Combined TRACON& Tower with Radar,9,20,6,0,35,0,0,2,0,2,9,20,8,0,37,0,0,0,37
03/19/2018,BIS,ND,AGL,CE,Combined TRACON& Tower with Radar,13,19,21,0,53,0,0,4,0,4,13,19,25,0,57,20,0,20,77
03/20/2018,BIS,ND,AGL,CE,Combined TRACON& Tower with Radar,11,28,19,0,58,0,0,6,2,8,11,28,25,2,66,8,6,14,80
03/21/2018,BIS,ND,AGL,CE,Combined TRACON& Tower with Radar,14,24,37,2,77,0,2,13,24,39,14,26,50,26,116,24,12,36,152
03/22/2018,BIS,ND,AGL,CE,Combined TRACON& Tower with Radar,11,28,30,2,71,0,0,0,0,0,11,28,30,2,71,0,0,0,71
03/23/2018,BIS,ND,AGL,CE,Combined TRACON& Tower with Radar,12,20,10,0,42,0,0,0,0,0,12,20,10,0,42,0,0,0,42
03/24/2018,BIS,ND,AGL,CE,Combined TRACON& Tower with Radar,10,25,2,2,39,0,0,0,0,0,10,25,2,2,39,0,0,0,39
03/25/2018,BIS,ND,AGL,CE,Combined TRACON& Tower with Radar,9,15,12,0,36,0,1,2,0,3,9,16,14,0,39,6,0,6,45
03/26/2018,BIS,ND,AGL,CE,Combined TRACON& Tower with Radar,12,24,34,0,70,0,0,10,0,10,12,24,44,0,80,24,0,24,104
03/27/2018,BIS,ND,AGL,CE,Combined TRACON& Tower with Radar,11,27,55,3,96,0,3,30,11,44,11,30,85,14,140,98,0,98,238
03/28/2018,BIS,ND,AGL,CE,Combined TRACON& Tower with Radar,13,22,29,2,66,0,0,1,21,22,13,22,30,23,88,0,0,0,88
03/29/2018,BIS,ND,AGL,CE,Combined TRACON& Tower with Radar,11,25,30,2,68,0,1,4,5,10,11,26,34,7,78,0,6,6,84
03/30/2018,BIS,ND,AGL,CE,Combined TRACON& Tower with Radar,12,25,6,0,43,0,0,0,0,0,12,25,6,0,43,0,0,0,43
03/31/2018,BIS,ND,AGL,CE,Combined TRACON& Tower with Radar,9,17,4,0,30,0,0,22,0,22,9,17,26,0,52,20,0,20,72
04/01/2018,BIS,ND,AGL,CE,Combined TRACON& Tower with Radar,9,14,2,0,25,0,7,7,0,14,9,21,9,0,39,2,0,2,41
04/02/2018,BIS,ND,AGL,CE,Combined TRACON& Tower with Radar,13,21,4,0,38,0,0,0,0,0,13,21,4,0,38,0,0,0,38
04/03/2018,BIS,ND,AGL,CE,Combined TRACON& Tower with Radar,10,28,30,2,70,0,5,20,8,33,10,33,50,10,103,6,0,6,109
04/04/2018,BIS,ND,AGL,CE,Combined TRACON& Tower with Radar,13,22,53,0,88,0,1,54,44,99,13,23,107,44,187,42,14,56,243
04/05/2018,BIS,ND,AGL,CE,Combined TRACON& Tower with Radar,13,27,34,0,74,0,0,5,1,6,13,27,39,1,80,0,0,0,80
04/06/2018,BIS,ND,AGL,CE,Combined TRACON& Tower with Radar,13,23,28,0,64,0,0,27,52,79,13,23,55,52,143,30,34,64,207
04/07/2018,BIS,ND,AGL,CE,Combined TRACON& Tower with Radar,13,20,22,2,57,0,4,71,30,105,13,24,93,32,162,82,0,82,244
04/08/2018,BIS,ND,AGL,CE,Combined TRACON& Tower with Radar,13,12,4,0,29,0,0,0,0,0,13,12,4,0,29,0,0,0,29
04/09/2018,BIS,ND,AGL,CE,Combined TRACON& Tower with Radar,14,18,40,2,74,0,0,16,0,16,14,18,56,2,90,37,0,37,127
04/10/2018,BIS,ND,AGL,CE,Combined TRACON& Tower with Radar,12,31,59,1,103,0,6,81,27,114,12,37,140,28,217,66,40,106,323
04/11/2018,BIS,ND,AGL,CE,Combined TRACON& Tower with Radar,14,28,28,4,74,0,3,7,0,10,14,31,35,4,84,0,0,0,84
04/12/2018,BIS,ND,AGL,CE,Combined TRACON& Tower with Radar,15,29,28,2,74,0,0,0,0,0,15,29,28,2,74,0,0,0,74
04/13/2018,BIS,ND,AGL,CE,Combined TRACON& Tower with Radar,14,27,14,0,55,0,3,12,2,17,14,30,26,2,72,0,0,0,72
04/14/2018,BIS,ND,AGL,CE,Combined TRACON& Tower with Radar,9,12,24,0,45,0,4,52,2,58,9,16,76,2,103,106,0,106,209
04/15/2018,BIS,ND,AGL,CE,Combined TRACON& Tower with Radar,15,8,8,2,33,0,0,25,0,25,15,8,33,2,58,20,0,20,78
04/16/2018,BIS,ND,AGL,CE,Combined TRACON& Tower with Radar,18,17,30,0,65,0,1,27,0,28,18,18,57,0,93,0,0,0,93
04/17/2018,BIS,ND,AGL,CE,Combined TRACON& Tower with Radar,12,32,22,2,68,0,0,15,6,21,12,32,37,8,89,8,0,8,97
04/18/2018,BIS,ND,AGL,CE,Combined TRACON& Tower with Radar,14,21,42,8,85,0,9,49,49,107,14,30,91,57,192,38,42,80,272
04/19/2018,BIS,ND,AGL,CE,Combined TRACON& Tower with Radar,15,35,41,2,93,0,4,52,24,80,15,39,93,26,173,54,0,54,227
04/20/2018,BIS,ND,AGL,CE,Combined TRACON& Tower with Radar,20,24,21,3,68,0,6,33,3,42,20,30,54,6,110,36,0,36,146
04/21/2018,BIS,ND,AGL,CE,Combined TRACON& Tower with Radar,10,24,7,0,41,0,1,57,6,64,10,25,64,6,105,38,12,50,155
04/22/2018,BIS,ND,AGL,CE,Combined TRACON& Tower with Radar,15,13,14,0,42,0,0,29,0,29,15,13,43,0,71,0,0,0,71
04/23/2018,BIS,ND,AGL,CE,Combined TRACON& Tower with Radar,13,21,20,1,55,0,2,59,21,82,13,23,79,22,137,74,24,98,235
04/24/2018,BIS,ND,AGL,CE,Combined TRACON& Tower with Radar,11,25,43,2,81,0,5,37,2,44,11,30,80,4,125,14,0,14,139
04/25/2018,BIS,ND,AGL,CE,Combined TRACON& Tower with Radar,13,36,32,0,81,0,5,38,25,68,13,41,70,25,149,30,16,46,195
04/26/2018,BIS,ND,AGL,CE,Combined TRACON& Tower with Radar,13,30,41,2,86,0,6,38,15,59,13,36,79,17,145,16,2,18,163
04/27/2018,BIS,ND,AGL,CE,Combined TRACON& Tower with Radar,13,25,39,3,80,0,0,69,0,69,13,25,108,3,149,20,0,20,169
04/28/2018,BIS,ND,AGL,CE,Combined TRACON& Tower with Radar,9,20,21,0,50,0,6,31,11,48,9,26,52,11,98,0,0,0,98
04/29/2018,BIS,ND,AGL,CE,Combined TRACON& Tower with Radar,16,15,11,0,42,0,3,23,0,26,16,18,34,0,68,20,0,20,88
04/30/2018,BIS,ND,AGL,CE,Combined TRACON& Tower with Radar,13,22,43,2,80,0,0,42,2,44,13,22,85,4,124,68,2,70,194
05/01/2018,BIS,ND,AGL,CE,Combined TRACON& Tower with Radar,7,31,29,2,69,0,5,4,2,11,7,36,33,4,80,0,0,0,80
05/02/2018,BIS,ND,AGL,CE,Combined TRACON& Tower with Radar,8,28,27,1,64,0,6,42,16,64,8,34,69,17,128,2,64,66,194
05/03/2018,BIS,ND,AGL,CE,Combined TRACON& Tower with Radar,11,35,48,7,101,0,6,41,16,63,11,41,89,23,164,10,0,10,174
05/04/2018,BIS,ND,AGL,CE,Combined TRACON& Tower with Radar,11,31,19,4,65,0,13,37,12,62,11,44,56,16,127,66,10,76,203
05/05/2018,BIS,ND,AGL,CE,Combined TRACON& Tower with Radar,7,21,13,2,43,0,0,33,3,36,7,21,46,5,79,0,0,0,79
05/06/2018,BIS,ND,AGL,CE,Combined TRACON& Tower with Radar,10,18,10,2,40,0,2,35,0,37,10,20,45,2,77,50,0,50,127
05/07/2018,BIS,ND,AGL,CE,Combined TRACON& Tower with Radar,9,25,26,2,62,0,3,15,0,18,9,28,41,2,80,0,0,0,80
05/08/2018,BIS,ND,AGL,CE,Combined TRACON& Tower with Radar,9,30,43,0,82,0,4,17,0,21,9,34,60,0,103,40,0,40,143
05/09/2018,BIS,ND,AGL,CE,Combined TRACON& Tower with Radar,9,35,40,3,87,0,0,17,19,36,9,35,57,22,123,0,106,106,229
05/10/2018,BIS,ND,AGL,CE,Combined TRACON& Tower with Radar,9,35,32,0,76,0,2,45,14,61,9,37,77,14,137,4,0,4,141
05/11/2018,BIS,ND,AGL,CE,Combined TRACON& Tower with Radar,11,41,43,0,95,0,4,10,6,20,11,45,53,6,115,6,0,6,121
05/12/2018,BIS,ND,AGL,CE,Combined TRACON& Tower with Radar,8,21,12,0,41,0,2,4,0,6,8,23,16,0,47,0,0,0,47
05/13/2018,BIS,ND,AGL,CE,Combined TRACON& Tower with Radar,10,18,8,0,36,0,2,6,0,8,10,20,14,0,44,22,0,22,66
05/14/2018,BIS,ND,AGL,CE,Combined TRACON& Tower with Radar,9,28,28,0,65,0,7,32,0,39,9,35,60,0,104,64,2,66,170
05/15/2018,BIS,ND,AGL,CE,Combined TRACON& Tower with Radar,7,30,33,0,70,0,0,73,5,78,7,30,106,5,148,54,0,54,202
05/16/2018,BIS,ND,AGL,CE,Combined TRACON& Tower with Radar,6,33,27,0,66,0,6,64,0,70,6,39,91,0,136,46,0,46,182
05/17/2018,BIS,ND,AGL,CE,Combined TRACON& Tower with Radar,9,33,38,0,80,0,1,8,0,9,9,34,46,0,89,0,0,0,89
05/18/2018,BIS,ND,AGL,CE,Combined TRACON& Tower with Radar,6,34,37,2,79,0,0,2,0,2,6,34,39,2,81,16,0,16,97
05/19/2018,BIS,ND,AGL,CE,Combined TRACON& Tower with Radar,8,28,6,2,44,0,0,22,5,27,8,28,28,7,71,28,0,28,99
05/20/2018,BIS,ND,AGL,CE,Combined TRACON& Tower with Radar,8,19,9,2,38,0,0,55,1,56,8,19,64,3,94,40,0,40,134
05/21/2018,BIS,ND,AGL,CE,Combined TRACON& Tower with Radar,5,28,23,2,58,0,3,45,5,53,5,31,68,7,111,26,12,38,149
05/22/2018,BIS,ND,AGL,CE,Combined TRACON& Tower with Radar,7,35,31,2,75,0,4,55,3,62,7,39,86,5,137,82,0,82,219
05/23/2018,BIS,ND,AGL,CE,Combined TRACON& Tower with Radar,7,36,39,3,85,0,12,20,24,56,7,48,59,27,141,66,40,106,247
05/24/2018,BIS,ND,AGL,CE,Combined TRACON& Tower with Radar,9,38,54,2,103,0,7,57,5,69,9,45,111,7,172,56,0,56,228
05/25/2018,BIS,ND,AGL,CE,Combined TRACON& Tower with Radar,7,31,16,0,54,0,9,51,1,61,7,40,67,1,115,46,0,46,161
05/26/2018,BIS,ND,AGL,CE,Combined TRACON& Tower with Radar,8,23,9,0,40,0,18,13,0,31,8,41,22,0,71,0,0,0,71
05/27/2018,BIS,ND,AGL,CE,Combined TRACON& Tower with Radar,10,16,11,0,37,0,0,11,0,11,10,16,22,0,48,0,0,0,48
05/28/2018,BIS,ND,AGL,CE,Combined TRACON& Tower with Radar,8,19,7,0,34,0,1,7,4,12,8,20,14,4,46,6,0,6,52
05/29/2018,BIS,ND,AGL,CE,Combined TRACON& Tower with Radar,6,33,18,2,59,0,3,23,2,28,6,36,41,4,87,22,0,22,109
05/30/2018,BIS,ND,AGL,CE,Combined TRACON& Tower with Radar,7,29,24,0,60,0,0,13,12,25,7,29,37,12,85,10,26,36,121
05/31/2018,BIS,ND,AGL,CE,Combined TRACON& Tower with Radar,11,34,37,2,84,0,0,13,1,14,11,34,50,3,98,8,0,8,106
06/01/2018,BIS,ND,AGL,CE,Combined TRACON& Tower with Radar,8,35,7,0,50,0,2,2,0,4,8,37,9,0,54,0,0,0,54
06/02/2018,BIS,ND,AGL,CE,Combined TRACON& Tower with Radar,7,21,12,0,40,0,0,1,0,1,7,21,13,0,41,0,0,0,41
06/03/2018,BIS,ND,AGL,CE,Combined TRACON& Tower with Radar,10,17,8,0,35,0,1,18,0,19,10,18,26,0,54,30,0,30,84
06/04/2018,BIS,ND,AGL,CE,Combined TRACON& Tower with Radar,9,23,17,2,51,0,9,28,0,37,9,32,45,2,88,28,0,28,116
06/05/2018,BIS,ND,AGL,CE,Combined TRACON& Tower with Radar,7,35,37,1,80,0,1,33,9,43,7,36,70,10,123,58,0,58,181
06/06/2018,BIS,ND,AGL,CE,Combined TRACON& Tower with Radar,7,32,23,2,64,0,5,46,24,75,7,37,69,26,139,72,48,120,259
06/07/2018,BIS,ND,AGL,CE,Combined TRACON& Tower with Radar,13,36,33,1,83,0,0,17,15,32,13,36,50,16,115,10,0,10,125
06/08/2018,BIS,ND,AGL,CE,Combined TRACON& Tower with Radar,12,27,11,1,51,0,0,34,3,37,12,27,45,4,88,24,0,24,112
06/09/2018,BIS,ND,AGL,CE,Combined TRACON& Tower with Radar,9,26,8,1,44,0,7,33,21,61,9,33,41,22,105,68,0,68,173
06/10/2018,BIS,ND,AGL,CE,Combined TRACON& Tower with Radar,11,19,7,0,37,0,1,22,3,26,11,20,29,3,63,8,0,8,71
06/11/2018,BIS,ND,AGL,CE,Combined TRACON& Tower with Radar,13,26,23,0,62,0,3,19,0,22,13,29,42,0,84,22,0,22,106
06/12/2018,BIS,ND,AGL,CE,Combined TRACON& Tower with Radar,12,29,28,0,69,0,3,24,1,28,12,32,52,1,97,24,0,24,121
06/13/2018,BIS,ND,AGL,CE,Combined TRACON& Tower with Radar,11,41,26,2,80,0,3,44,4,51,11,44,70,6,131,26,0,26,157
06/14/2018,BIS,ND,AGL,CE,Combined TRACON& Tower with Radar,13,39,32,3,87,0,7,16,10,33,13,46,48,13,120,6,0,6,126
06/15/2018,BIS,ND,AGL,CE,Combined TRACON& Tower with Radar,10,28,26,1,65,0,1,48,1,50,10,29,74,2,115,34,6,40,155
06/16/2018,BIS,ND,AGL,CE,Combined TRACON& Tower with Radar,8,24,6,0,38,0,0,5,0,5,8,24,11,0,43,28,0,28,71
06/17/2018,BIS,ND,AGL,CE,Combined TRACON& Tower with Radar,16,15,18,0,49,0,0,25,0,25,16,15,43,0,74,2,0,2,76
06/18/2018,BIS,ND,AGL,CE,Combined TRACON& Tower with Radar,11,33,27,4,75,0,1,18,3,22,11,34,45,7,97,22,0,22,119
06/19/2018,BIS,ND,AGL,CE,Combined TRACON& Tower with Radar,13,40,39,2,94,0,2,27,3,32,13,42,66,5,126,43,2,45,171
06/20/2018,BIS,ND,AGL,CE,Combined TRACON& Tower with Radar,11,33,42,4,90,0,1,68,28,97,11,34,110,32,187,48,52,100,287
06/21/2018,BIS,ND,AGL,CE,Combined TRACON& Tower with Radar,13,37,44,1,95,0,0,44,24,68,13,37,88,25,163,78,24,102,265
06/22/2018,BIS,ND,AGL,CE,Combined TRACON& Tower with Radar,11,37,24,0,72,0,3,40,2,45,11,40,64,2,117,0,0,0,117
06/23/2018,BIS,ND,AGL,CE,Combined TRACON& Tower with Radar,9,27,8,0,44,0,1,9,0,10,9,28,17,0,54,6,0,6,60
06/24/2018,BIS,ND,AGL,CE,Combined TRACON& Tower with Radar,16,18,6,0,40,0,1,17,0,18,16,19,23,0,58,38,0,38,96
06/25/2018,BIS,ND,AGL,CE,Combined TRACON& Tower with Radar,11,30,28,2,71,0,3,14,1,18,11,33,42,3,89,41,0,41,130
06/26/2018,BIS,ND,AGL,CE,Combined TRACON& Tower with Radar,12,27,31,7,77,0,3,18,1,22,12,30,49,8,99,8,6,14,113
06/27/2018,BIS,ND,AGL,CE,Combined TRACON& Tower with Radar,9,39,32,1,81,0,2,51,20,73,9,41,83,21,154,62,6,68,222
06/28/2018,BIS,ND,AGL,CE,Combined TRACON& Tower with Radar,13,34,32,0,79,0,10,34,5,49,13,44,66,5,128,48,0,48,176
06/29/2018,BIS,ND,AGL,CE,Combined TRACON& Tower with Radar,11,30,24,4,69,0,25,19,7,51,11,55,43,11,120,6,2,8,128
06/30/2018,BIS,ND,AGL,CE,Combined TRACON& Tower with Radar,9,25,6,0,40,0,20,54,0,74,9,45,60,0,114,84,0,84,198
07/01/2018,BIS,ND,AGL,CE,Combined TRACON& Tower with Radar,16,15,10,0,41,0,12,34,0,46,16,27,44,0,87,84,0,84,171
07/02/2018,BIS,ND,AGL,CE,Combined TRACON& Tower with Radar,11,19,20,0,50,1,2,58,1,62,12,21,78,1,112,18,0,18,130
07/03/2018,BIS,ND,AGL,CE,Combined TRACON& Tower with Radar,11,34,10,2,57,0,0,19,0,19,11,34,29,2,76,10,0,10,86
07/04/2018,BIS,ND,AGL,CE,Combined TRACON& Tower with Radar,11,11,1,0,23,0,7,11,3,21,11,18,12,3,44,0,0,0,44
07/05/2018,BIS,ND,AGL,CE,Combined TRACON& Tower with Radar,13,32,22,2,69,0,8,50,4,62,13,40,72,6,131,14,0,14,145
07/06/2018,BIS,ND,AGL,CE,Combined TRACON& Tower with Radar,11,26,7,0,44,0,1,41,0,42,11,27,48,0,86,18,0,18,104
07/07/2018,BIS,ND,AGL,CE,Combined TRACON& Tower with Radar,13,24,0,0,37,0,5,27,0,32,13,29,27,0,69,0,0,0,69
07/08/2018,BIS,ND,AGL,CE,Combined TRACON& Tower with Radar,14,25,12,0,51,0,0,12,2,14,14,25,24,2,65,4,0,4,69
07/09/2018,BIS,ND,AGL,CE,Combined TRACON& Tower with Radar,9,28,27,2,66,0,0,23,2,25,9,28,50,4,91,28,0,28,119
07/10/2018,BIS,ND,AGL,CE,Combined TRACON& Tower with Radar,7,39,23,2,71,0,5,26,1,32,7,44,49,3,103,0,0,0,103
07/11/2018,BIS,ND,AGL,CE,Combined TRACON& Tower with Radar,9,44,35,3,91,0,6,43,22,71,9,50,78,25,162,38,10,48,210
07/12/2018,BIS,ND,AGL,CE,Combined TRACON& Tower with Radar,9,38,30,6,83,0,9,36,9,54,9,47,66,15,137,22,0,22,159
07/13/2018,BIS,ND,AGL,CE,Combined TRACON& Tower with Radar,7,36,12,2,57,0,5,31,2,38,7,41,43,4,95,14,0,14,109
07/14/2018,BIS,ND,AGL,CE,Combined TRACON& Tower with Radar,4,33,6,0,43,0,5,14,0,19,4,38,20,0,62,0,0,0,62
07/15/2018,BIS,ND,AGL,CE,Combined TRACON& Tower with Radar,8,27,6,0,41,0,2,11,0,13,8,29,17,0,54,10,0,10,64
07/16/2018,BIS,ND,AGL,CE,Combined TRACON& Tower with Radar,12,34,21,2,69,0,5,43,1,49,12,39,64,3,118,44,0,44,162
07/17/2018,BIS,ND,AGL,CE,Combined TRACON& Tower with Radar,6,35,36,4,81,0,2,29,2,33,6,37,65,6,114,42,0,42,156
07/18/2018,BIS,ND,AGL,CE,Combined TRACON& Tower with Radar,8,34,16,2,60,0,4,21,6,31,8,38,37,8,91,20,2,22,113
07/19/2018,BIS,ND,AGL,CE,Combined TRACON& Tower with Radar,9,44,34,1,88,0,2,29,7,38,9,46,63,8,126,0,14,14,140
07/20/2018,BIS,ND,AGL,CE,Combined TRACON& Tower with Radar,7,34,26,4,71,0,3,23,1,27,7,37,49,5,98,68,0,68,166
07/21/2018,BIS,ND,AGL,CE,Combined TRACON& Tower with Radar,4,32,13,0,49,0,4,23,2,29,4,36,36,2,78,20,0,20,98
07/22/2018,BIS,ND,AGL,CE,Combined TRACON& Tower with Radar,8,24,7,0,39,0,2,12,0,14,8,26,19,0,53,6,0,6,59
07/23/2018,BIS,ND,AGL,CE,Combined TRACON& Tower with Radar,9,28,27,0,64,0,0,26,2,28,9,28,53,2,92,8,0,8,100
07/24/2018,BIS,ND,AGL,CE,Combined TRACON& Tower with Radar,6,38,49,1,94,0,0,40,2,42,6,38,89,3,136,58,6,64,200
07/25/2018,BIS,ND,AGL,CE,Combined TRACON& Tower with Radar,6,38,30,2,76,0,1,31,3,35,6,39,61,5,111,26,0,26,137
07/26/2018,BIS,ND,AGL,CE,Combined TRACON& Tower with Radar,9,42,42,2,95,0,4,38,5,47,9,46,80,7,142,60,0,60,202
07/27/2018,BIS,ND,AGL,CE,Combined TRACON& Tower with Radar,7,33,21,2,63,0,4,37,0,41,7,37,58,2,104,24,0,24,128
07/28/2018,BIS,ND,AGL,CE,Combined TRACON& Tower with Radar,4,29,7,0,40,0,0,21,4,25,4,29,28,4,65,21,0,21,86
07/29/2018,BIS,ND,AGL,CE,Combined TRACON& Tower with Radar,5,23,7,0,35,0,3,43,0,46,5,26,50,0,81,8,0,8,89
07/30/2018,BIS,ND,AGL,CE,Combined TRACON& Tower with Radar,9,27,22,0,58,0,2,28,3,33,9,29,50,3,91,24,0,24,115
07/31/2018,BIS,ND,AGL,CE,Combined TRACON& Tower with Radar,7,34,24,0,65,0,7,25,1,33,7,41,49,1,98,6,0,6,104
08/01/2018,BIS,ND,AGL,CE,Combined TRACON& Tower with Radar,7,40,34,1,82,0,2,22,10,34,7,42,56,11,116,0,0,0,116
08/02/2018,BIS,ND,AGL,CE,Combined TRACON& Tower with Radar,9,45,24,2,80,0,1,21,6,28,9,46,45,8,108,10,0,10,118
08/03/2018,BIS,ND,AGL,CE,Combined TRACON& Tower with Radar,6,38,16,0,60,0,2,28,0,30,6,40,44,0,90,12,0,12,102
08/04/2018,BIS,ND,AGL,CE,Combined TRACON& Tower with Radar,5,31,21,0,57,0,0,23,2,25,5,31,44,2,82,48,0,48,130
08/05/2018,BIS,ND,AGL,CE,Combined TRACON& Tower with Radar,10,23,11,5,49,0,1,16,0,17,10,24,27,5,66,16,0,16,82
08/06/2018,BIS,ND,AGL,CE,Combined TRACON& Tower with Radar,9,25,29,2,65,0,2,36,0,38,9,27,65,2,103,24,0,24,127
08/07/2018,BIS,ND,AGL,CE,Combined TRACON& Tower with Radar,7,37,33,1,78,0,3,26,4,33,7,40,59,5,111,0,0,0,111
08/08/2018,BIS,ND,AGL,CE,Combined TRACON& Tower with Radar,5,47,46,2,100,0,4,28,12,44,5,51,74,14,144,36,2,38,182
08/09/2018,BIS,ND,AGL,CE,Combined TRACON& Tower with Radar,9,38,33,2,82,0,6,35,2,43,9,44,68,4,125,44,0,44,169
08/10/2018,BIS,ND,AGL,CE,Combined TRACON& Tower with Radar,7,45,16,0,68,0,1,15,5,21,7,46,31,5,89,2,0,2,91
08/11/2018,BIS,ND,AGL,CE,Combined TRACON& Tower with Radar,5,35,16,0,56,0,0,12,2,14,5,35,28,2,70,2,0,2,72
08/12/2018,BIS,ND,AGL,CE,Combined TRACON& Tower with Radar,9,22,19,0,50,0,0,5,2,7,9,22,24,2,57,8,0,8,65
08/13/2018,BIS,ND,AGL,CE,Combined TRACON& Tower with Radar,9,29,45,2,85,0,7,17,0,24,9,36,62,2,109,15,0,15,124
08/14/2018,BIS,ND,AGL,CE,Combined TRACON& Tower with Radar,10,42,34,4,90,0,5,28,2,35,10,47,62,6,125,30,0,30,155
08/15/2018,BIS,ND,AGL,CE,Combined TRACON& Tower with Radar,7,35,25,5,72,0,3,41,9,53,7,38,66,14,125,24,0,24,149
08/16/2018,BIS,ND,AGL,CE,Combined TRACON& Tower with Radar,11,35,18,1,65,0,6,15,2,23,11,41,33,3,88,2,0,2,90
08/17/2018,BIS,ND,AGL,CE,Combined TRACON& Tower with Radar,9,35,15,0,59,0,0,23,6,29,9,35,38,6,88,12,0,12,100
08/18/2018,BIS,ND,AGL,CE,Combined TRACON& Tower with Radar,8,23,8,1,40,0,0,25,1,26,8,23,33,2,66,4,0,4,70
08/19/2018,BIS,ND,AGL,CE,Combined TRACON& Tower with Radar,11,21,14,0,46,0,0,7,2,9,11,21,21,2,55,0,0,0,55
08/20/2018,BIS,ND,AGL,CE,Combined TRACON& Tower with Radar,9,30,14,0,53,0,1,24,4,29,9,31,38,4,82,13,0,13,95
08/21/2018,BIS,ND,AGL,CE,Combined TRACON& Tower with Radar,9,33,42,0,84,0,0,24,1,25,9,33,66,1,109,16,0,16,125
08/22/2018,BIS,ND,AGL,CE,Combined TRACON& Tower with Radar,7,41,18,0,66,0,2,35,10,47,7,43,53,10,113,66,0,66,179
08/23/2018,BIS,ND,AGL,CE,Combined TRACON& Tower with Radar,11,39,33,1,84,0,0,18,4,22,11,39,51,5,106,44,0,44,150
08/24/2018,BIS,ND,AGL,CE,Combined TRACON& Tower with Radar,9,34,32,0,75,0,1,32,3,36,9,35,64,3,111,20,11,31,142
08/25/2018,BIS,ND,AGL,CE,Combined TRACON& Tower with Radar,7,22,14,0,43,0,0,18,9,27,7,22,32,9,70,17,3,20,90
08/26/2018,BIS,ND,AGL,CE,Combined TRACON& Tower with Radar,10,21,10,0,41,0,0,4,4,8,10,21,14,4,49,0,0,0,49
08/27/2018,BIS,ND,AGL,CE,Combined TRACON& Tower with Radar,11,25,34,0,70,0,2,3,0,5,11,27,37,0,75,0,0,0,75
08/28/2018,BIS,ND,AGL,CE,Combined TRACON& Tower with Radar,9,35,66,3,113,0,3,12,5,20,9,38,78,8,133,8,0,8,141
08/29/2018,BIS,ND,AGL,CE,Combined TRACON& Tower with Radar,6,29,32,0,67,0,1,29,5,35,6,30,61,5,102,62,0,62,164
08/30/2018,BIS,ND,AGL,CE,Combined TRACON& Tower with Radar,9,35,40,2,86,0,1,24,7,32,9,36,64,9,118,8,0,8,126
08/31/2018,BIS,ND,AGL,CE,Combined TRACON& Tower with Radar,13,34,19,2,68,0,2,13,0,15,13,36,32,2,83,8,0,8,91
09/01/2018,BIS,ND,AGL,CE,Combined TRACON& Tower with Radar,4,22,2,0,28,0,0,17,0,17,4,22,19,0,45,0,0,0,45
09/02/2018,BIS,ND,AGL,CE,Combined TRACON& Tower with Radar,7,17,3,0,27,0,0,17,0,17,7,17,20,0,44,20,0,20,64
09/03/2018,BIS,ND,AGL,CE,Combined TRACON& Tower with Radar,9,26,14,0,49,0,2,10,0,12,9,28,24,0,61,0,0,0,61
09/04/2018,BIS,ND,AGL,CE,Combined TRACON& Tower with Radar,7,35,15,0,57,0,4,14,5,23,7,39,29,5,80,16,0,16,96
09/05/2018,BIS,ND,AGL,CE,Combined TRACON& Tower with Radar,5,33,17,4,59,0,2,26,22,50,5,35,43,26,109,52,0,52,161
09/06/2018,BIS,ND,AGL,CE,Combined TRACON& Tower with Radar,9,38,39,0,86,0,3,12,7,22,9,41,51,7,108,0,0,0,108
09/07/2018,BIS,ND,AGL,CE,Combined TRACON& Tower with Radar,8,35,23,0,66,0,0,19,7,26,8,35,42,7,92,52,0,52,144
09/08/2018,BIS,ND,AGL,CE,Combined TRACON& Tower with Radar,7,25,21,0,53,0,2,6,1,9,7,27,27,1,62,0,0,0,62
09/09/2018,BIS,ND,AGL,CE,Combined TRACON& Tower with Radar,12,24,33,0,69,0,1,54,0,55,12,25,87,0,124,26,0,26,150
09/10/2018,BIS,ND,AGL,CE,Combined TRACON& Tower with Radar,13,24,20,0,57,0,4,42,4,50,13,28,62,4,107,46,0,46,153
09/11/2018,BIS,ND,AGL,CE,Combined TRACON& Tower with Radar,10,33,39,4,86,0,1,19,3,23,10,34,58,7,109,17,0,17,126
09/12/2018,BIS,ND,AGL,CE,Combined TRACON& Tower with Radar,8,35,32,0,75,0,4,20,13,37,8,39,52,13,112,0,28,28,140
09/13/2018,BIS,ND,AGL,CE,Combined TRACON& Tower with Radar,15,41,42,5,103,0,3,31,1,35,15,44,73,6,138,50,4,54,192
09/14/2018,BIS,ND,AGL,CE,Combined TRACON& Tower with Radar,11,27,20,4,62,0,1,28,2,31,11,28,48,6,93,52,6,58,151
09/15/2018,BIS,ND,AGL,CE,Combined TRACON& Tower with Radar,7,28,24,3,62,0,0,9,2,11,7,28,33,5,73,2,0,2,75
09/16/2018,BIS,ND,AGL,CE,Combined TRACON& Tower with Radar,12,22,16,0,50,0,0,16,5,21,12,22,32,5,71,2,2,4,75
09/17/2018,BIS,ND,AGL,CE,Combined TRACON& Tower with Radar,11,31,34,2,78,0,0,20,0,20,11,31,54,2,98,18,0,18,116
09/18/2018,BIS,ND,AGL,CE,Combined TRACON& Tower with Radar,9,32,37,2,80,0,0,37,2,39,9,32,74,4,119,18,0,18,137
09/19/2018,BIS,ND,AGL,CE,Combined TRACON& Tower with Radar,8,35,37,0,80,0,1,7,10,18,8,36,44,10,98,8,0,8,106
09/20/2018,BIS,ND,AGL,CE,Combined TRACON& Tower with Radar,12,35,37,2,86,0,0,0,0,0,12,35,37,2,86,12,0,12,98
09/21/2018,BIS,ND,AGL,CE,Combined TRACON& Tower with Radar,11,37,30,1,79,0,5,20,3,28,11,42,50,4,107,22,0,22,129
09/22/2018,BIS,ND,AGL,CE,Combined TRACON& Tower with Radar,7,27,16,2,52,0,0,35,4,39,7,27,51,6,91,32,0,32,123
09/23/2018,BIS,ND,AGL,CE,Combined TRACON& Tower with Radar,12,21,14,0,47,0,0,2,0,2,12,21,16,0,49,0,0,0,49
09/24/2018,BIS,ND,AGL,CE,Combined TRACON& Tower with Radar,11,30,36,6,83,0,0,8,0,8,11,30,44,6,91,34,0,34,125
09/25/2018,BIS,ND,AGL,CE,Combined TRACON& Tower with Radar,10,33,34,2,79,0,0,10,1,11,10,33,44,3,90,18,2,20,110
09/26/2018,BIS,ND,AGL,CE,Combined TRACON& Tower with Radar,8,32,45,2,87,0,2,30,11,43,8,34,75,13,130,22,0,22,152
09/27/2018,BIS,ND,AGL,CE,Combined TRACON& Tower with Radar,13,30,31,0,74,0,0,45,2,47,13,30,76,2,121,26,0,26,147
09/28/2018,BIS,ND,AGL,CE,Combined TRACON& Tower with Radar,10,29,16,0,55,0,2,44,0,46,10,31,60,0,101,16,0,16,117
09/29/2018,BIS,ND,AGL,CE,Combined TRACON& Tower with Radar,7,27,9,0,43,0,0,7,2,9,7,27,16,2,52,7,0,7,59
09/30/2018,BIS,ND,AGL,CE,Combined TRACON& Tower with Radar,12,19,20,0,51,0,0,13,0,13,12,19,33,0,64,14,0,14,78
10/01/2018,BIS,ND,AGL,CE,Combined TRACON& Tower with Radar,11,23,17,0,51,0,1,5,0,6,11,24,22,0,57,13,0,13,70
10/02/2018,BIS,ND,AGL,CE,Combined TRACON& Tower with Radar,10,36,31,0,77,0,3,7,0,10,10,39,38,0,87,0,0,0,87
10/03/2018,BIS,ND,AGL,CE,Combined TRACON& Tower with Radar,6,36,31,0,73,0,6,4,9,19,6,42,35,9,92,0,0,0,92
10/04/2018,BIS,ND,AGL,CE,Combined TRACON& Tower with Radar,11,33,43,0,87,0,5,18,2,25,11,38,61,2,112,10,0,10,122
10/05/2018,BIS,ND,AGL,CE,Combined TRACON& Tower with Radar,9,36,13,0,58,0,0,0,0,0,9,36,13,0,58,0,0,0,58
10/06/2018,BIS,ND,AGL,CE,Combined TRACON& Tower with Radar,4,26,13,0,43,0,1,16,0,17,4,27,29,0,60,14,0,14,74
10/07/2018,BIS,ND,AGL,CE,Combined TRACON& Tower with Radar,11,20,2,0,33,0,0,1,0,1,11,20,3,0,34,0,0,0,34
10/08/2018,BIS,ND,AGL,CE,Combined TRACON& Tower with Radar,9,37,30,0,76,0,0,0,0,0,9,37,30,0,76,0,0,0,76
10/09/2018,BIS,ND,AGL,CE,Combined TRACON& Tower with Radar,9,37,27,0,73,0,0,1,0,1,9,37,28,0,74,0,0,0,74
10/10/2018,BIS,ND,AGL,CE,Combined TRACON& Tower with Radar,11,45,36,0,92,0,1,13,1,15,11,46,49,1,107,0,0,0,107
10/11/2018,BIS,ND,AGL,CE,Combined TRACON& Tower with Radar,21,34,34,0,89,0,1,33,5,39,21,35,67,5,128,12,0,12,140
10/12/2018,BIS,ND,AGL,CE,Combined TRACON& Tower with Radar,9,34,33,0,76,0,2,16,1,19,9,36,49,1,95,24,0,24,119
10/13/2018,BIS,ND,AGL,CE,Combined TRACON& Tower with Radar,2,26,8,0,36,0,0,6,0,6,2,26,14,0,42,0,0,0,42
10/14/2018,BIS,ND,AGL,CE,Combined TRACON& Tower with Radar,11,24,9,0,44,0,0,2,0,2,11,24,11,0,46,0,0,0,46
10/15/2018,BIS,ND,AGL,CE,Combined TRACON& Tower with Radar,7,27,34,4,72,0,3,8,2,13,7,30,42,6,85,18,0,18,103
10/16/2018,BIS,ND,AGL,CE,Combined TRACON& Tower with Radar,9,36,30,0,75,0,1,21,2,24,9,37,51,2,99,34,0,34,133
10/17/2018,BIS,ND,AGL,CE,Combined TRACON& Tower with Radar,9,32,20,1,62,0,2,37,12,51,9,34,57,13,113,25,0,25,138
10/18/2018,BIS,ND,AGL,CE,Combined TRACON& Tower with Radar,11,32,31,2,76,0,5,33,9,47,11,37,64,11,123,12,11,23,146
10/19/2018,BIS,ND,AGL,CE,Combined TRACON& Tower with Radar,9,31,15,2,57,0,0,22,4,26,9,31,37,6,83,9,0,9,92
10/20/2018,BIS,ND,AGL,CE,Combined TRACON& Tower with Radar,4,28,23,0,55,0,1,29,3,33,4,29,52,3,88,54,0,54,142
10/21/2018,BIS,ND,AGL,CE,Combined TRACON& Tower with Radar,11,22,15,0,48,0,2,43,0,45,11,24,58,0,93,22,0,22,115
10/22/2018,BIS,ND,AGL,CE,Combined TRACON& Tower with Radar,13,29,38,1,81,0,4,39,3,46,13,33,77,4,127,48,0,48,175
10/23/2018,BIS,ND,AGL,CE,Combined TRACON& Tower with Radar,11,33,60,0,104,0,0,20,4,24,11,33,80,4,128,25,0,25,153
10/24/2018,BIS,ND,AGL,CE,Combined TRACON& Tower with Radar,9,33,47,1,90,0,4,25,9,38,9,37,72,10,128,0,0,0,128
10/25/2018,BIS,ND,AGL,CE,Combined TRACON& Tower with Radar,9,35,47,2,93,0,5,29,6,40,9,40,76,8,133,44,0,44,177
10/26/2018,BIS,ND,AGL,CE,Combined TRACON& Tower with Radar,9,32,23,1,65,0,2,32,6,40,9,34,55,7,105,36,0,36,141
10/27/2018,BIS,ND,AGL,CE,Combined TRACON& Tower with Radar,4,28,13,0,45,0,4,16,3,23,4,32,29,3,68,10,47,57,125
10/28/2018,BIS,ND,AGL,CE,Combined TRACON& Tower with Radar,8,25,15,0,48,0,0,44,3,47,8,25,59,3,95,18,0,18,113
10/29/2018,BIS,ND,AGL,CE,Combined TRACON& Tower with Radar,7,29,30,1,67,0,0,13,1,14,7,29,43,2,81,14,0,14,95
10/30/2018,BIS,ND,AGL,CE,Combined TRACON& Tower with Radar,9,39,36,0,84,0,4,26,8,38,9,43,62,8,122,31,4,35,157
10/31/2018,BIS,ND,AGL,CE,Combined TRACON& Tower with Radar,4,30,27,0,61,0,2,34,5,41,4,32,61,5,102,33,0,33,135
11/01/2018,BIS,ND,AGL,CE,Combined TRACON& Tower with Radar,11,27,31,1,70,0,4,4,17,25,11,31,35,18,95,6,26,32,127
11/02/2018,BIS,ND,AGL,CE,Combined TRACON& Tower with Radar,9,35,29,0,73,0,4,0,0,4,9,39,29,0,77,0,0,0,77
11/03/2018,BIS,ND,AGL,CE,Combined TRACON& Tower with Radar,4,29,2,0,35,0,0,0,0,0,4,29,2,0,35,0,0,0,35
11/04/2018,BIS,ND,AGL,CE,Combined TRACON& Tower with Radar,11,17,9,0,37,0,0,2,0,2,11,17,11,0,39,6,0,6,45
11/05/2018,BIS,ND,AGL,CE,Combined TRACON& Tower with Radar,9,28,18,0,55,0,0,0,0,0,9,28,18,0,55,0,0,0,55
11/06/2018,BIS,ND,AGL,CE,Combined TRACON& Tower with Radar,9,30,27,0,66,0,0,1,0,1,9,30,28,0,67,0,0,0,67
11/07/2018,BIS,ND,AGL,CE,Combined TRACON& Tower with Radar,11,32,37,1,81,0,7,15,18,40,11,39,52,19,121,28,16,44,165
11/08/2018,BIS,ND,AGL,CE,Combined TRACON& Tower with Radar,10,35,39,0,84,0,2,3,1,6,10,37,42,1,90,26,10,36,126
11/09/2018,BIS,ND,AGL,CE,Combined TRACON& Tower with Radar,8,30,12,0,50,0,2,15,0,17,8,32,27,0,67,30,0,30,97
11/10/2018,BIS,ND,AGL,CE,Combined TRACON& Tower with Radar,12,23,5,0,40,0,0,0,0,0,12,23,5,0,40,0,0,0,40
11/11/2018,BIS,ND,AGL,CE,Combined TRACON& Tower with Radar,9,19,4,0,32,0,0,3,0,3,9,19,7,0,35,6,0,6,41
11/12/2018,BIS,ND,AGL,CE,Combined TRACON& Tower with Radar,9,27,47,0,83,0,0,2,0,2,9,27,49,0,85,14,0,14,99
11/13/2018,BIS,ND,AGL,CE,Combined TRACON& Tower with Radar,11,31,48,0,90,0,0,31,1,32,11,31,79,1,122,32,0,32,154
11/14/2018,BIS,ND,AGL,CE,Combined TRACON& Tower with Radar,11,36,45,2,94,0,1,19,13,33,11,37,64,15,127,12,10,22,149
11/15/2018,BIS,ND,AGL,CE,Combined TRACON& Tower with Radar,9,33,44,1,87,0,1,12,10,23,9,34,56,11,110,0,0,0,110
11/16/2018,BIS,ND,AGL,CE,Combined TRACON& Tower with Radar,11,29,5,0,45,0,0,0,0,0,11,29,5,0,45,0,0,0,45
11/17/2018,BIS,ND,AGL,CE,Combined TRACON& Tower with Radar,8,25,6,0,39,0,1,10,0,11,8,26,16,0,50,16,0,16,66
11/18/2018,BIS,ND,AGL,CE,Combined TRACON& Tower with Radar,9,23,8,0,40,0,1,14,0,15,9,24,22,0,55,14,0,14,69
11/19/2018,BIS,ND,AGL,CE,Combined TRACON& Tower with Radar,9,28,22,0,59,0,0,1,2,3,9,28,23,2,62,0,0,0,62
11/20/2018,BIS,ND,AGL,CE,Combined TRACON& Tower with Radar,12,33,29,4,78,0,0,32,16,48,12,33,61,20,126,16,20,36,162
11/21/2018,BIS,ND,AGL,CE,Combined TRACON& Tower with Radar,11,36,4,0,51,0,0,0,0,0,11,36,4,0,51,0,0,0,51
11/22/2018,BIS,ND,AGL,CE,Combined TRACON& Tower with Radar,3,10,3,0,16,0,0,0,0,0,3,10,3,0,16,0,0,0,16
11/23/2018,BIS,ND,AGL,CE,Combined TRACON& Tower with Radar,8,22,3,0,33,0,1,22,0,23,8,23,25,0,56,4,0,4,60
11/24/2018,BIS,ND,AGL,CE,Combined TRACON& Tower with Radar,11,26,8,0,45,0,0,0,0,0,11,26,8,0,45,0,0,0,45
11/25/2018,BIS,ND,AGL,CE,Combined TRACON& Tower with Radar,9,18,11,0,38,0,0,0,0,0,9,18,11,0,38,0,0,0,38
11/26/2018,BIS,ND,AGL,CE,Combined TRACON& Tower with Radar,13,22,32,0,67,0,2,6,0,8,13,24,38,0,75,1,1,2,77
11/27/2018,BIS,ND,AGL,CE,Combined TRACON& Tower with Radar,7,30,28,0,65,0,2,1,0,3,7,32,29,0,68,0,0,0,68
11/28/2018,BIS,ND,AGL,CE,Combined TRACON& Tower with Radar,7,39,19,0,65,0,4,13,8,25,7,43,32,8,90,0,0,0,90
11/29/2018,BIS,ND,AGL,CE,Combined TRACON& Tower with Radar,8,38,22,4,72,0,0,0,0,0,8,38,22,4,72,18,0,18,90
11/30/2018,BIS,ND,AGL,CE,Combined TRACON& Tower with Radar,13,35,14,0,62,0,0,0,0,0,13,35,14,0,62,0,0,0,62
12/01/2018,BIS,ND,AGL,CE,Combined TRACON& Tower with Radar,12,22,3,0,37,0,0,0,0,0,12,22,3,0,37,0,0,0,37
12/02/2018,BIS,ND,AGL,CE,Combined TRACON& Tower with Radar,11,16,11,1,39,0,0,5,0,5,11,16,16,1,44,0,0,0,44
12/03/2018,BIS,ND,AGL,CE,Combined TRACON& Tower with Radar,10,29,34,0,73,0,2,10,1,13,10,31,44,1,86,6,0,6,92
12/04/2018,BIS,ND,AGL,CE,Combined TRACON& Tower with Radar,8,34,39,0,81,0,0,7,3,10,8,34,46,3,91,23,0,23,114
12/05/2018,BIS,ND,AGL,CE,Combined TRACON& Tower with Radar,10,43,34,1,88,0,0,4,0,4,10,43,38,1,92,0,0,0,92
12/06/2018,BIS,ND,AGL,CE,Combined TRACON& Tower with Radar,12,31,47,2,92,0,0,12,16,28,12,31,59,18,120,46,3,49,169
12/07/2018,BIS,ND,AGL,CE,Combined TRACON& Tower with Radar,12,39,28,2,81,0,0,24,5,29,12,39,52,7,110,55,0,55,165
12/08/2018,BIS,ND,AGL,CE,Combined TRACON& Tower with Radar,12,22,23,0,57,0,4,22,2,28,12,26,45,2,85,24,0,24,109
12/09/2018,BIS,ND,AGL,CE,Combined TRACON& Tower with Radar,9,17,13,0,39,0,1,15,1,17,9,18,28,1,56,36,0,36,92
12/10/2018,BIS,ND,AGL,CE,Combined TRACON& Tower with Radar,12,32,37,0,81,0,5,32,2,39,12,37,69,2,120,10,0,10,130
12/11/2018,BIS,ND,AGL,CE,Combined TRACON& Tower with Radar,8,35,33,1,77,0,5,16,5,26,8,40,49,6,103,57,4,61,164
12/12/2018,BIS,ND,AGL,CE,Combined TRACON& Tower with Radar,10,39,35,4,88,0,2,8,19,29,10,41,43,23,117,8,6,14,131
12/13/2018,BIS,ND,AGL,CE,Combined TRACON& Tower with Radar,10,34,27,0,71,0,3,25,6,34,10,37,52,6,105,5,0,5,110
12/14/2018,BIS,ND,AGL,CE,Combined TRACON& Tower with Radar,11,33,20,0,64,0,0,51,4,55,11,33,71,4,119,22,0,22,141
12/15/2018,BIS,ND,AGL,CE,Combined TRACON& Tower with Radar,12,21,5,0,38,0,0,34,0,34,12,21,39,0,72,20,0,20,92
12/16/2018,BIS,ND,AGL,CE,Combined TRACON& Tower with Radar,9,17,13,0,39,0,2,41,0,43,9,19,54,0,82,20,0,20,102
12/17/2018,BIS,ND,AGL,CE,Combined TRACON& Tower with Radar,14,26,23,1,64,0,2,20,0,22,14,28,43,1,86,4,0,4,90
12/18/2018,BIS,ND,AGL,CE,Combined TRACON& Tower with Radar,8,42,34,3,87,0,3,39,4,46,8,45,73,7,133,42,28,70,203
12/19/2018,BIS,ND,AGL,CE,Combined TRACON& Tower with Radar,11,46,26,1,84,0,0,14,13,27,11,46,40,14,111,65,7,72,183
12/20/2018,BIS,ND,AGL,CE,Combined TRACON& Tower with Radar,13,30,24,2,69,0,3,37,0,40,13,33,61,2,109,25,0,25,134
12/21/2018,BIS,ND,AGL,CE,Combined TRACON& Tower with Radar,14,36,18,1,69,0,0,39,1,40,14,36,57,2,109,6,6,12,121
12/22/2018,BIS,ND,AGL,CE,Combined TRACON& Tower with Radar,10,22,13,0,45,0,2,23,0,25,10,24,36,0,70,16,0,16,86
12/23/2018,BIS,ND,AGL,CE,Combined TRACON& Tower with Radar,14,18,3,0,35,0,0,9,0,9,14,18,12,0,44,0,0,0,44
12/24/2018,BIS,ND,AGL,CE,Combined TRACON& Tower with Radar,11,18,0,0,29,0,0,5,0,5,11,18,5,0,34,4,0,4,38
12/25/2018,BIS,ND,AGL,CE,Combined TRACON& Tower with Radar,6,12,7,0,25,0,0,3,0,3,6,12,10,0,28,0,0,0,28
12/26/2018,BIS,ND,AGL,CE,Combined TRACON& Tower with Radar,9,23,6,0,38,0,0,0,0,0,9,23,6,0,38,0,0,0,38
12/27/2018,BIS,ND,AGL,CE,Combined TRACON& Tower with Radar,15,27,2,0,44,0,0,0,0,0,15,27,2,0,44,0,0,0,44
12/28/2018,BIS,ND,AGL,CE,Combined TRACON& Tower with Radar,14,34,8,3,59,0,0,16,7,23,14,34,24,10,82,3,0,3,85
12/29/2018,BIS,ND,AGL,CE,Combined TRACON& Tower with Radar,12,22,8,0,42,0,0,6,0,6,12,22,14,0,48,0,0,0,48
12/30/2018,BIS,ND,AGL,CE,Combined TRACON& Tower with Radar,11,19,5,0,35,0,0,3,0,3,11,19,8,0,38,4,0,4,42
12/31/2018,BIS,ND,AGL,CE,Combined TRACON& Tower with Radar,11,22,8,0,41,0,1,14,0,15,11,23,22,0,56,12,0,12,68
01/01/2019,BIS,ND,AGL,CE,Combined TRACON& Tower with Radar,9,18,1,0,28,0,0,4,0,4,9,18,5,0,32,0,0,0,32
01/02/2019,BIS,ND,AGL,CE,Combined TRACON& Tower with Radar,12,32,9,1,54,0,0,13,8,21,12,32,22,9,75,8,0,8,83
01/03/2019,BIS,ND,AGL,CE,Combined TRACON& Tower with Radar,10,33,29,1,73,0,0,20,7,27,10,33,49,8,100,15,2,17,117
01/04/2019,BIS,ND,AGL,CE,Combined TRACON& Tower with Radar,14,32,18,1,65,0,1,41,0,42,14,33,59,1,107,48,0,48,155
01/05/2019,BIS,ND,AGL,CE,Combined TRACON& Tower with Radar,11,21,7,0,39,0,0,2,0,2,11,21,9,0,41,0,0,0,41
01/06/2019,BIS,ND,AGL,CE,Combined TRACON& Tower with Radar,10,20,6,2,38,0,0,0,0,0,10,20,6,2,38,0,0,0,38
01/07/2019,BIS,ND,AGL,CE,Combined TRACON& Tower with Radar,10,27,31,0,68,0,3,16,1,20,10,30,47,1,88,42,0,42,130
01/08/2019,BIS,ND,AGL,CE,Combined TRACON& Tower with Radar,5,29,25,0,59,0,1,10,2,13,5,30,35,2,72,0,0,0,72
01/09/2019,BIS,ND,AGL,CE,Combined TRACON& Tower with Radar,7,33,19,9,68,0,2,24,17,43,7,35,43,26,111,32,2,34,145
01/10/2019,BIS,ND,AGL,CE,Combined TRACON& Tower with Radar,11,35,37,2,85,0,3,32,10,45,11,38,69,12,130,40,0,40,170
01/11/2019,BIS,ND,AGL,CE,Combined TRACON& Tower with Radar,9,33,9,4,55,0,1,13,1,15,9,34,22,5,70,15,20,35,105
01/12/2019,BIS,ND,AGL,CE,Combined TRACON& Tower with Radar,9,19,6,4,38,0,0,1,0,1,9,19,7,4,39,0,0,0,39
01/13/2019,BIS,ND,AGL,CE,Combined TRACON& Tower with Radar,13,18,5,1,37,0,0,11,0,11,13,18,16,1,48,12,0,12,60
01/14/2019,BIS,ND,AGL,CE,Combined TRACON& Tower with Radar,8,33,23,0,64,0,0,12,0,12,8,33,35,0,76,22,0,22,98
01/15/2019,BIS,ND,AGL,CE,Combined TRACON& Tower with Radar,6,36,29,2,73,0,2,5,0,7,6,38,34,2,80,10,0,10,90
01/16/2019,BIS,ND,AGL,CE,Combined TRACON& Tower with Radar,11,33,22,3,69,0,0,2,2,4,11,33,24,5,73,0,0,0,73
01/17/2019,BIS,ND,AGL,CE,Combined TRACON& Tower with Radar,11,37,29,0,77,0,0,1,0,1,11,37,30,0,78,0,0,0,78
01/18/2019,BIS,ND,AGL,CE,Combined TRACON& Tower with Radar,9,38,14,0,61,0,0,0,0,0,9,38,14,0,61,0,0,0,61
01/19/2019,BIS,ND,AGL,CE,Combined TRACON& Tower with Radar,10,21,1,0,32,0,1,6,0,7,10,22,7,0,39,10,0,10,49
01/20/2019,BIS,ND,AGL,CE,Combined TRACON& Tower with Radar,9,13,14,0,36,0,0,1,0,1,9,13,15,0,37,0,0,0,37
01/21/2019,BIS,ND,AGL,CE,Combined TRACON& Tower with Radar,11,27,16,0,54,0,0,0,0,0,11,27,16,0,54,0,0,0,54
01/22/2019,BIS,ND,AGL,CE,Combined TRACON& Tower with Radar,5,30,28,0,63,0,0,13,2,15,5,30,41,2,78,18,0,18,96
01/23/2019,BIS,ND,AGL,CE,Combined TRACON& Tower with Radar,6,31,38,2,77,0,0,24,19,43,6,31,62,21,120,12,41,53,173
01/24/2019,BIS,ND,AGL,CE,Combined TRACON& Tower with Radar,11,31,34,0,76,0,0,9,8,17,11,31,43,8,93,2,2,4,97
01/25/2019,BIS,ND,AGL,CE,Combined TRACON& Tower with Radar,11,29,8,1,49,0,3,5,7,15,11,32,13,8,64,19,3,22,86
01/26/2019,BIS,ND,AGL,CE,Combined TRACON& Tower with Radar,9,22,11,0,42,0,0,4,0,4,9,22,15,0,46,0,0,0,46
01/27/2019,BIS,ND,AGL,CE,Combined TRACON& Tower with Radar,7,15,6,0,28,0,0,0,0,0,7,15,6,0,28,0,0,0,28
01/28/2019,BIS,ND,AGL,CE,Combined TRACON& Tower with Radar,8,26,17,0,51,0,0,0,0,0,8,26,17,0,51,0,0,0,51
01/29/2019,BIS,ND,AGL,CE,Combined TRACON& Tower with Radar,4,32,15,0,51,0,0,0,0,0,4,32,15,0,51,0,0,0,51
01/30/2019,BIS,ND,AGL,CE,Combined TRACON& Tower with Radar,8,18,18,0,44,0,0,8,0,8,8,18,26,0,52,0,0,0,52
01/31/2019,BIS,ND,AGL,CE,Combined TRACON& Tower with Radar,15,19,13,0,47,0,0,5,6,11,15,19,18,6,58,0,16,16,74
02/01/2019,BIS,ND,AGL,CE,Combined TRACON& Tower with Radar,11,29,22,1,63,0,5,33,9,47,11,34,55,10,110,42,0,42,152
02/02/2019,BIS,ND,AGL,CE,Combined TRACON& Tower with Radar,11,18,5,0,34,0,1,11,0,12,11,19,16,0,46,8,0,8,54
02/03/2019,BIS,ND,AGL,CE,Combined TRACON& Tower with Radar,11,13,5,0,29,0,0,0,0,0,11,13,5,0,29,0,0,0,29
02/04/2019,BIS,ND,AGL,CE,Combined TRACON& Tower with Radar,12,25,9,0,46,0,1,9,0,10,12,26,18,0,56,1,0,1,57
02/05/2019,BIS,ND,AGL,CE,Combined TRACON& Tower with Radar,6,34,16,0,56,0,3,2,0,5,6,37,18,0,61,12,0,12,73
02/06/2019,BIS,ND,AGL,CE,Combined TRACON& Tower with Radar,9,27,7,1,44,0,0,2,4,6,9,27,9,5,50,0,21,21,71
02/07/2019,BIS,ND,AGL,CE,Combined TRACON& Tower with Radar,12,28,7,1,48,0,0,1,0,1,12,28,8,1,49,0,0,0,49
02/08/2019,BIS,ND,AGL,CE,Combined TRACON& Tower with Radar,9,25,17,0,51,0,1,7,0,8,9,26,24,0,59,2,0,2,61
02/09/2019,BIS,ND,AGL,CE,Combined TRACON& Tower with Radar,12,21,6,0,39,0,0,0,1,1,12,21,6,1,40,0,4,4,44
02/10/2019,BIS,ND,AGL,CE,Combined TRACON& Tower with Radar,11,17,5,2,35,0,0,3,0,3,11,17,8,2,38,0,0,0,38
02/11/2019,BIS,ND,AGL,CE,Combined TRACON& Tower with Radar,11,25,21,0,57,0,0,0,0,0,11,25,21,0,57,0,0,0,57
02/12/2019,BIS,ND,AGL,CE,Combined TRACON& Tower with Radar,6,37,29,0,72,0,2,17,4,23,6,39,46,4,95,9,0,9,104
02/13/2019,BIS,ND,AGL,CE,Combined TRACON& Tower with Radar,12,35,13,2,62,0,1,18,15,34,12,36,31,17,96,2,0,2,98
02/14/2019,BIS,ND,AGL,CE,Combined TRACON& Tower with Radar,8,37,20,2,67,0,0,4,6,10,8,37,24,8,77,0,9,9,86
02/15/2019,BIS,ND,AGL,CE,Combined TRACON& Tower with Radar,11,36,16,1,64,0,0,6,8,14,11,36,22,9,78,6,0,6,84
02/16/2019,BIS,ND,AGL,CE,Combined TRACON& Tower with Radar,11,23,0,0,34,0,0,3,4,7,11,23,3,4,41,12,0,12,53
02/17/2019,BIS,ND,AGL,CE,Combined TRACON& Tower with Radar,9,11,1,0,21,0,0,3,2,5,9,11,4,2,26,0,0,0,26
02/18/2019,BIS,ND,AGL,CE,Combined TRACON& Tower with Radar,12,24,22,0,58,0,0,7,5,12,12,24,29,5,70,0,0,0,70
02/19/2019,BIS,ND,AGL,CE,Combined TRACON& Tower with Radar,8,37,31,0,76,0,2,15,5,22,8,39,46,5,98,0,0,0,98
02/20/2019,BIS,ND,AGL,CE,Combined TRACON& Tower with Radar,13,29,34,2,78,0,1,6,3,10,13,30,40,5,88,22,29,51,139
02/21/2019,BIS,ND,AGL,CE,Combined TRACON& Tower with Radar,9,31,24,3,67,0,2,14,7,23,9,33,38,10,90,4,0,4,94
02/22/2019,BIS,ND,AGL,CE,Combined TRACON& Tower with Radar,11,32,29,5,77,0,0,0,0,0,11,32,29,5,77,0,0,0,77
02/23/2019,BIS,ND,AGL,CE,Combined TRACON& Tower with Radar,11,22,11,0,44,0,0,14,4,18,11,22,25,4,62,28,0,28,90
02/24/2019,BIS,ND,AGL,CE,Combined TRACON& Tower with Radar,10,18,4,0,32,0,0,1,2,3,10,18,5,2,35,0,0,0,35
02/25/2019,BIS,ND,AGL,CE,Combined TRACON& Tower with Radar,10,31,33,0,74,0,0,7,2,9,10,31,40,2,83,4,0,4,87
02/26/2019,BIS,ND,AGL,CE,Combined TRACON& Tower with Radar,8,31,29,0,68,0,2,1,0,3,8,33,30,0,71,0,0,0,71
02/27/2019,BIS,ND,AGL,CE,Combined TRACON& Tower with Radar,13,35,35,1,84,0,1,18,19,38,13,36,53,20,122,4,4,8,130
02/28/2019,BIS,ND,AGL,CE,Combined TRACON& Tower with Radar,9,34,30,3,76,0,4,22,15,41,9,38,52,18,117,24,6,30,147
03/01/2019,BIS,ND,AGL,CE,Combined TRACON& Tower with Radar,10,32,9,0,51,0,0,4,1,5,10,32,13,1,56,4,0,4,60
03/02/2019,BIS,ND,AGL,CE,Combined TRACON& Tower with Radar,11,26,4,0,41,0,1,6,3,10,11,27,10,3,51,10,11,21,72
03/03/2019,BIS,ND,AGL,CE,Combined TRACON& Tower with Radar,10,19,7,0,36,0,0,3,0,3,10,19,10,0,39,0,0,0,39
03/04/2019,BIS,ND,AGL,CE,Combined TRACON& Tower with Radar,10,35,19,0,64,0,0,0,0,0,10,35,19,0,64,0,0,0,64
03/05/2019,BIS,ND,AGL,CE,Combined TRACON& Tower with Radar,8,43,17,0,68,0,1,12,4,17,8,44,29,4,85,10,0,10,95
03/06/2019,BIS,ND,AGL,CE,Combined TRACON& Tower with Radar,15,33,31,0,79,0,0,22,14,36,15,33,53,14,115,18,12,30,145
03/07/2019,BIS,ND,AGL,CE,Combined TRACON& Tower with Radar,10,33,30,0,73,0,1,8,7,16,10,34,38,7,89,0,0,0,89
03/08/2019,BIS,ND,AGL,CE,Combined TRACON& Tower with Radar,13,32,19,0,64,0,0,1,0,1,13,32,20,0,65,0,0,0,65
03/09/2019,BIS,ND,AGL,CE,Combined TRACON& Tower with Radar,12,18,1,0,31,0,0,0,0,0,12,18,1,0,31,0,0,0,31
03/10/2019,BIS,ND,AGL,CE,Combined TRACON& Tower with Radar,10,20,5,0,35,0,0,1,0,1,10,20,6,0,36,0,0,0,36
03/11/2019,BIS,ND,AGL,CE,Combined TRACON& Tower with Radar,11,25,22,0,58,0,3,23,0,26,11,28,45,0,84,18,0,18,102
03/12/2019,BIS,ND,AGL,CE,Combined TRACON& Tower with Radar,8,31,39,1,79,0,3,45,2,50,8,34,84,3,129,42,0,42,171
03/13/2019,BIS,ND,AGL,CE,Combined TRACON& Tower with Radar,14,34,15,0,63,0,2,5,3,10,14,36,20,3,73,0,3,3,76
03/14/2019,BIS,ND,AGL,CE,Combined TRACON& Tower with Radar,7,26,4,1,38,0,6,5,8,19,7,32,9,9,57,0,0,0,57
03/15/2019,BIS,ND,AGL,CE,Combined TRACON& Tower with Radar,11,32,28,0,71,0,0,34,5,39,11,32,62,5,110,14,0,14,124
03/16/2019,BIS,ND,AGL,CE,Combined TRACON& Tower with Radar,11,28,13,0,52,0,2,3,0,5,11,30,16,0,57,0,0,0,57
03/17/2019,BIS,ND,AGL,CE,Combined TRACON& Tower with Radar,10,22,11,0,43,0,3,24,0,27,10,25,35,0,70,3,0,3,73
03/18/2019,BIS,ND,AGL,CE,Combined TRACON& Tower with Radar,16,27,21,0,64,0,3,33,3,39,16,30,54,3,103,80,0,80,183
03/19/2019,BIS,ND,AGL,CE,Combined TRACON& Tower with Radar,9,34,44,2,89,0,2,7,8,17,9,36,51,10,106,31,0,31,137
03/20/2019,BIS,ND,AGL,CE,Combined TRACON& Tower with Radar,14,38,34,2,88,0,6,32,20,58,14,44,66,22,146,14,4,18,164
03/21/2019,BIS,ND,AGL,CE,Combined TRACON& Tower with Radar,11,33,33,0,77,0,3,35,6,44,11,36,68,6,121,44,0,44,165
03/22/2019,BIS,ND,AGL,CE,Combined TRACON& Tower with Radar,14,37,18,1,70,0,4,35,8,47,14,41,53,9,117,38,0,38,155
03/23/2019,BIS,ND,AGL,CE,Combined TRACON& Tower with Radar,10,27,10,1,48,0,1,23,0,24,10,28,33,1,72,18,0,18,90
03/24/2019,BIS,ND,AGL,CE,Combined TRACON& Tower with Radar,10,19,16,0,45,0,0,0,0,0,10,19,16,0,45,0,0,0,45
03/25/2019,BIS,ND,AGL,CE,Combined TRACON& Tower with Radar,11,31,20,0,62,0,0,16,9,25,11,31,36,9,87,18,2,20,107
03/26/2019,BIS,ND,AGL,CE,Combined TRACON& Tower with Radar,7,40,32,0,79,0,0,1,0,1,7,40,33,0,80,0,0,0,80
03/27/2019,BIS,ND,AGL,CE,Combined TRACON& Tower with Radar,16,31,24,1,72,0,5,18,31,54,16,36,42,32,126,2,52,54,180
03/28/2019,BIS,ND,AGL,CE,Combined TRACON& Tower with Radar,11,33,47,2,93,0,0,19,8,27,11,33,66,10,120,55,0,55,175
03/29/2019,BIS,ND,AGL,CE,Combined TRACON& Tower with Radar,10,34,12,0,56,0,2,43,10,55,10,36,55,10,111,36,3,39,150
03/30/2019,BIS,ND,AGL,CE,Combined TRACON& Tower with Radar,10,30,34,0,74,0,0,36,0,36,10,30,70,0,110,54,0,54,164
03/31/2019,BIS,ND,AGL,CE,Combined TRACON& Tower with Radar,10,21,17,0,48,0,0,18,0,18,10,21,35,0,66,4,0,4,70
04/01/2019,BIS,ND,AGL,CE,Combined TRACON& Tower with Radar,11,28,25,1,65,0,2,20,1,23,11,30,45,2,88,2,0,2,90
04/02/2019,BIS,ND,AGL,CE,Combined TRACON& Tower with Radar,9,31,31,1,72,0,2,13,2,17,9,33,44,3,89,36,0,36,125
04/03/2019,BIS,ND,AGL,CE,Combined TRACON& Tower with Radar,11,34,25,3,73,0,5,55,43,103,11,39,80,46,176,38,14,52,228
04/04/2019,BIS,ND,AGL,CE,Combined TRACON& Tower with Radar,10,31,39,0,80,0,2,2,5,9,10,33,41,5,89,2,0,2,91
04/05/2019,BIS,ND,AGL,CE,Combined TRACON& Tower with Radar,11,34,17,0,62,0,0,27,7,34,11,34,44,7,96,9,0,9,105
04/06/2019,BIS,ND,AGL,CE,Combined TRACON& Tower with Radar,9,26,2,0,37,0,0,0,0,0,9,26,2,0,37,0,0,0,37
04/07/2019,BIS,ND,AGL,CE,Combined TRACON& Tower with Radar,12,22,11,3,48,0,1,21,5,27,12,23,32,8,75,18,0,18,93
04/08/2019,BIS,ND,AGL,CE,Combined TRACON& Tower with Radar,10,36,42,4,92,0,0,16,4,20,10,36,58,8,112,22,0,22,134
04/09/2019,BIS,ND,AGL,CE,Combined TRACON& Tower with Radar,9,46,30,1,86,0,0,2,1,3,9,46,32,2,89,0,0,0,89
04/10/2019,BIS,ND,AGL,CE,Combined TRACON& Tower with Radar,12,41,17,2,72,0,0,4,11,15,12,41,21,13,87,2,0,2,89
04/11/2019,BIS,ND,AGL,CE,Combined TRACON& Tower with Radar,13,17,13,0,43,0,0,1,0,1,13,17,14,0,44,0,0,0,44
04/12/2019,BIS,ND,AGL,CE,Combined TRACON& Tower with Radar,13,34,16,2,65,0,5,2,0,7,13,39,18,2,72,0,0,0,72
04/13/2019,BIS,ND,AGL,CE,Combined TRACON& Tower with Radar,9,26,16,0,51,0,0,55,1,56,9,26,71,1,107,87,0,87,194
04/14/2019,BIS,ND,AGL,CE,Combined TRACON& Tower with Radar,11,17,5,0,33,0,4,5,0,9,11,21,10,0,42,8,0,8,50
04/15/2019,BIS,ND,AGL,CE,Combined TRACON& Tower with Radar,13,27,30,1,71,0,3,32,3,38,13,30,62,4,109,23,0,23,132
04/16/2019,BIS,ND,AGL,CE,Combined TRACON& Tower with Radar,9,38,31,0,78,0,0,31,1,32,9,38,62,1,110,18,0,18,128
04/17/2019,BIS,ND,AGL,CE,Combined TRACON& Tower with Radar,11,34,31,0,76,0,5,2,14,21,11,39,33,14,97,4,0,4,101
04/18/2019,BIS,ND,AGL,CE,Combined TRACON& Tower with Radar,11,34,35,0,80,0,0,22,4,26,11,34,57,4,106,6,5,11,117
04/19/2019,BIS,ND,AGL,CE,Combined TRACON& Tower with Radar,14,39,10,0,63,0,1,32,1,34,14,40,42,1,97,18,0,18,115
04/20/2019,BIS,ND,AGL,CE,Combined TRACON& Tower with Radar,10,22,16,0,48,0,2,17,0,19,10,24,33,0,67,30,0,30,97
04/21/2019,BIS,ND,AGL,CE,Combined TRACON& Tower with Radar,11,20,1,0,32,0,0,5,0,5,11,20,6,0,37,4,0,4,41
04/22/2019,BIS,ND,AGL,CE,Combined TRACON& Tower with Radar,11,30,30,0,71,0,2,47,1,50,11,32,77,1,121,60,0,60,181
04/23/2019,BIS,ND,AGL,CE,Combined TRACON& Tower with Radar,11,35,30,0,76,0,3,10,5,18,11,38,40,5,94,38,0,38,132
04/24/2019,BIS,ND,AGL,CE,Combined TRACON& Tower with Radar,9,35,18,0,62,0,0,32,22,54,9,35,50,22,116,14,25,39,155
04/25/2019,BIS,ND,AGL,CE,Combined TRACON& Tower with Radar,9,37,48,1,95,0,1,4,2,7,9,38,52,3,102,0,0,0,102
04/26/2019,BIS,ND,AGL,CE,Combined TRACON& Tower with Radar,13,35,13,0,61,0,5,26,1,32,13,40,39,1,93,16,4,20,113
04/27/2019,BIS,ND,AGL,CE,Combined TRACON& Tower with Radar,9,25,28,0,62,0,2,1,1,4,9,27,29,1,66,8,0,8,74
04/28/2019,BIS,ND,AGL,CE,Combined TRACON& Tower with Radar,10,22,4,0,36,0,0,1,0,1,10,22,5,0,37,0,0,0,37
04/29/2019,BIS,ND,AGL,CE,Combined TRACON& Tower with Radar,11,32,17,0,60,0,0,4,0,4,11,32,21,0,64,2,0,2,66
04/30/2019,BIS,ND,AGL,CE,Combined TRACON& Tower with Radar,9,33,32,0,74,0,0,8,6,14,9,33,40,6,88,10,0,10,98
05/01/2019,BIS,ND,AGL,CE,Combined TRACON& Tower with Radar,8,37,28,0,73,0,0,6,7,13,8,37,34,7,86,0,0,0,86
05/02/2019,BIS,ND,AGL,CE,Combined TRACON& Tower with Radar,12,29,38,0,79,0,2,21,0,23,12,31,59,0,102,8,0,8,110
05/03/2019,BIS,ND,AGL,CE,Combined TRACON& Tower with Radar,12,31,22,0,65,0,2,24,2,28,12,33,46,2,93,16,2,18,111
05/04/2019,BIS,ND,AGL,CE,Combined TRACON& Tower with Radar,13,22,11,0,46,0,3,12,2,17,13,25,23,2,63,6,0,6,69
05/05/2019,BIS,ND,AGL,CE,Combined TRACON& Tower with Radar,12,17,14,0,43,0,2,12,3,17,12,19,26,3,60,4,0,4,64
05/06/2019,BIS,ND,AGL,CE,Combined TRACON& Tower with Radar,13,26,24,0,63,0,2,18,1,21,13,28,42,1,84,0,0,0,84
05/07/2019,BIS,ND,AGL,CE,Combined TRACON& Tower with Radar,10,35,29,0,74,0,0,16,3,19,10,35,45,3,93,0,0,0,93
05/08/2019,BIS,ND,AGL,CE,Combined TRACON& Tower with Radar,9,34,24,0,67,0,0,23,10,33,9,34,47,10,100,4,0,4,104
05/09/2019,BIS,ND,AGL,CE,Combined TRACON& Tower with Radar,11,41,41,1,94,0,2,36,6,44,11,43,77,7,138,24,10,34,172
05/10/2019,BIS,ND,AGL,CE,Combined TRACON& Tower with Radar,13,31,16,2,62,0,4,24,5,33,13,35,40,7,95,24,6,30,125
05/11/2019,BIS,ND,AGL,CE,Combined TRACON& Tower with Radar,12,22,20,0,54,0,2,3,1,6,12,24,23,1,60,0,0,0,60
05/12/2019,BIS,ND,AGL,CE,Combined TRACON& Tower with Radar,11,18,12,0,41,0,2,16,0,18,11,20,28,0,59,0,0,0,59
05/13/2019,BIS,ND,AGL,CE,Combined TRACON& Tower with Radar,14,22,16,0,52,0,4,21,4,29,14,26,37,4,81,0,6,6,87
05/14/2019,BIS,ND,AGL,CE,Combined TRACON& Tower with Radar,9,31,31,1,72,0,5,43,2,50,9,36,74,3,122,44,0,44,166
05/15/2019,BIS,ND,AGL,CE,Combined TRACON& Tower with Radar,13,33,32,0,78,0,0,14,7,21,13,33,46,7,99,0,0,0,99
05/16/2019,BIS,ND,AGL,CE,Combined TRACON& Tower with Radar,13,33,35,0,81,0,1,16,6,23,13,34,51,6,104,8,0,8,112
05/17/2019,BIS,ND,AGL,CE,Combined TRACON& Tower with Radar,10,33,13,1,57,0,0,10,5,15,10,33,23,6,72,28,2,30,102
05/18/2019,BIS,ND,AGL,CE,Combined TRACON& Tower with Radar,11,24,10,0,45,0,0,0,0,0,11,24,10,0,45,0,0,0,45
05/19/2019,BIS,ND,AGL,CE,Combined TRACON& Tower with Radar,16,15,10,2,43,0,2,14,2,18,16,17,24,4,61,4,0,4,65
05/20/2019,BIS,ND,AGL,CE,Combined TRACON& Tower with Radar,10,30,28,0,68,0,3,23,5,31,10,33,51,5,99,28,0,28,127
05/21/2019,BIS,ND,AGL,CE,Combined TRACON& Tower with Radar,12,35,18,0,65,0,4,28,3,35,12,39,46,3,100,12,0,12,112
05/22/2019,BIS,ND,AGL,CE,Combined TRACON& Tower with Radar,15,35,28,0,78,0,0,2,9,11,15,35,30,9,89,0,2,2,91
05/23/2019,BIS,ND,AGL,CE,Combined TRACON& Tower with Radar,11,36,20,3,70,0,3,30,6,39,11,39,50,9,109,22,14,36,145
05/24/2019,BIS,ND,AGL,CE,Combined TRACON& Tower with Radar,10,36,22,0,68,0,0,1,0,1,10,36,23,0,69,0,0,0,69
05/25/2019,BIS,ND,AGL,CE,Combined TRACON& Tower with Radar,10,27,15,0,52,0,5,34,0,39,10,32,49,0,91,33,0,33,124
05/26/2019,BIS,ND,AGL,CE,Combined TRACON& Tower with Radar,10,13,7,2,32,0,0,1,0,1,10,13,8,2,33,6,0,6,39
05/27/2019,BIS,ND,AGL,CE,Combined TRACON& Tower with Radar,13,25,13,0,51,0,0,7,3,10,13,25,20,3,61,10,0,10,71
05/28/2019,BIS,ND,AGL,CE,Combined TRACON& Tower with Radar,13,28,28,1,70,0,6,41,4,51,13,34,69,5,121,8,0,8,129
05/29/2019,BIS,ND,AGL,CE,Combined TRACON& Tower with Radar,12,39,27,3,81,0,3,23,16,42,12,42,50,19,123,40,0,40,163
05/30/2019,BIS,ND,AGL,CE,Combined TRACON& Tower with Radar,13,35,41,4,93,0,3,13,13,29,13,38,54,17,122,10,0,10,132
05/31/2019,BIS,ND,AGL,CE,Combined TRACON& Tower with Radar,11,32,16,0,59,0,0,32,0,32,11,32,48,0,91,11,0,11,102
06/01/2019,BIS,ND,AGL,CE,Combined TRACON& Tower with Radar,11,25,8,0,44,0,5,81,0,86,11,30,89,0,130,16,0,16,146
06/02/2019,BIS,ND,AGL,CE,Combined TRACON& Tower with Radar,14,18,9,0,41,0,2,21,0,23,14,20,30,0,64,6,0,6,70
06/03/2019,BIS,ND,AGL,CE,Combined TRACON& Tower with Radar,11,29,14,0,54,0,1,5,2,8,11,30,19,2,62,8,2,10,72
06/04/2019,BIS,ND,AGL,CE,Combined TRACON& Tower with Radar,11,35,22,2,70,0,5,27,5,37,11,40,49,7,107,18,0,18,125
06/05/2019,BIS,ND,AGL,CE,Combined TRACON& Tower with Radar,15,32,37,0,84,0,2,37,21,60,15,34,74,21,144,30,0,30,174
06/06/2019,BIS,ND,AGL,CE,Combined TRACON& Tower with Radar,13,31,32,2,78,0,6,34,8,48,13,37,66,10,126,28,2,30,156
06/07/2019,BIS,ND,AGL,CE,Combined TRACON& Tower with Radar,11,35,20,0,66,0,1,15,12,28,11,36,35,12,94,20,0,20,114
06/08/2019,BIS,ND,AGL,CE,Combined TRACON& Tower with Radar,6,23,4,0,33,0,1,3,3,7,6,24,7,3,40,0,0,0,40
06/09/2019,BIS,ND,AGL,CE,Combined TRACON& Tower with Radar,10,22,14,3,49,0,1,50,8,59,10,23,64,11,108,6,5,11,119
06/10/2019,BIS,ND,AGL,CE,Combined TRACON& Tower with Radar,12,27,26,0,65,0,1,17,4,22,12,28,43,4,87,4,8,12,99
06/11/2019,BIS,ND,AGL,CE,Combined TRACON& Tower with Radar,10,39,20,6,75,0,2,28,9,39,10,41,48,15,114,18,0,18,132
06/12/2019,BIS,ND,AGL,CE,Combined TRACON& Tower with Radar,13,42,25,2,82,0,0,24,24,48,13,42,49,26,130,2,58,60,190
06/13/2019,BIS,ND,AGL,CE,Combined TRACON& Tower with Radar,15,33,26,3,77,0,4,28,9,41,15,37,54,12,118,2,0,2,120
06/14/2019,BIS,ND,AGL,CE,Combined TRACON& Tower with Radar,13,41,11,3,68,0,1,3,1,5,13,42,14,4,73,28,0,28,101
06/15/2019,BIS,ND,AGL,CE,Combined TRACON& Tower with Radar,7,21,10,0,38,0,0,3,0,3,7,21,13,0,41,6,0,6,47
06/16/2019,BIS,ND,AGL,CE,Combined TRACON& Tower with Radar,14,17,15,0,46,0,2,2,0,4,14,19,17,0,50,0,0,0,50
06/17/2019,BIS,ND,AGL,CE,Combined TRACON& Tower with Radar,9,29,21,0,59,0,2,24,1,27,9,31,45,1,86,26,0,26,112
06/18/2019,BIS,ND,AGL,CE,Combined TRACON& Tower with Radar,10,35,34,0,79,0,2,24,11,37,10,37,58,11,116,34,0,34,150
06/19/2019,BIS,ND,AGL,CE,Combined TRACON& Tower with Radar,13,33,43,8,97,0,1,7,13,21,13,34,50,21,118,0,0,0,118
06/20/2019,BIS,ND,AGL,CE,Combined TRACON& Tower with Radar,13,33,36,2,84,0,2,22,5,29,13,35,58,7,113,20,48,68,181
06/21/2019,BIS,ND,AGL,CE,Combined TRACON& Tower with Radar,10,37,9,0,56,0,4,6,0,10,10,41,15,0,66,0,0,0,66
06/22/2019,BIS,ND,AGL,CE,Combined TRACON& Tower with Radar,6,28,13,0,47,0,2,16,0,18,6,30,29,0,65,18,0,18,83
06/23/2019,BIS,ND,AGL,CE,Combined TRACON& Tower with Radar,13,17,19,0,49,0,6,23,0,29,13,23,42,0,78,10,0,10,88
06/24/2019,BIS,ND,AGL,CE,Combined TRACON& Tower with Radar,11,29,23,0,63,0,0,23,5,28,11,29,46,5,91,34,0,34,125
06/25/2019,BIS,ND,AGL,CE,Combined TRACON& Tower with Radar,11,39,23,0,73,0,3,49,8,60,11,42,72,8,133,24,0,24,157
06/26/2019,BIS,ND,AGL,CE,Combined TRACON& Tower with Radar,13,45,35,0,93,0,1,33,23,57,13,46,68,23,150,0,16,16,166
06/27/2019,BIS,ND,AGL,CE,Combined TRACON& Tower with Radar,17,35,35,0,87,0,1,38,9,48,17,36,73,9,135,52,38,90,225
06/28/2019,BIS,ND,AGL,CE,Combined TRACON& Tower with Radar,11,38,19,0,68,0,0,20,1,21,11,38,39,1,89,10,0,10,99
06/29/2019,BIS,ND,AGL,CE,Combined TRACON& Tower with Radar,7,23,2,0,32,0,0,8,0,8,7,23,10,0,40,8,0,8,48
06/30/2019,BIS,ND,AGL,CE,Combined TRACON& Tower with Radar,13,16,18,0,47,0,0,44,0,44,13,16,62,0,91,36,0,36,127
07/01/2019,BIS,ND,AGL,CE,Combined TRACON& Tower with Radar,8,29,16,3,56,0,8,48,2,58,8,37,64,5,114,10,0,10,124
07/02/2019,BIS,ND,AGL,CE,Combined TRACON& Tower with Radar,12,34,30,2,78,0,2,28,4,34,12,36,58,6,112,45,0,45,157
07/03/2019,BIS,ND,AGL,CE,Combined TRACON& Tower with Radar,14,30,11,2,57,0,4,17,3,24,14,34,28,5,81,30,0,30,111
07/04/2019,BIS,ND,AGL,CE,Combined TRACON& Tower with Radar,11,11,3,0,25,0,2,15,0,17,11,13,18,0,42,6,0,6,48
07/05/2019,BIS,ND,AGL,CE,Combined TRACON& Tower with Radar,9,24,4,0,37,0,2,16,0,18,9,26,20,0,55,26,0,26,81
07/06/2019,BIS,ND,AGL,CE,Combined TRACON& Tower with Radar,7,23,11,0,41,0,4,16,0,20,7,27,27,0,61,0,0,0,61
07/07/2019,BIS,ND,AGL,CE,Combined TRACON& Tower with Radar,15,16,16,0,47,0,2,10,1,13,15,18,26,1,60,4,0,4,64
07/08/2019,BIS,ND,AGL,CE,Combined TRACON& Tower with Radar,13,32,17,3,65,0,2,13,5,20,13,34,30,8,85,6,2,8,93
07/09/2019,BIS,ND,AGL,CE,Combined TRACON& Tower with Radar,10,37,37,2,86,0,4,13,1,18,10,41,50,3,104,34,0,34,138
07/10/2019,BIS,ND,AGL,CE,Combined TRACON& Tower with Radar,13,32,46,2,93,0,0,40,21,61,13,32,86,23,154,22,6,28,182
07/11/2019,BIS,ND,AGL,CE,Combined TRACON& Tower with Radar,12,39,39,2,92,0,2,28,7,37,12,41,67,9,129,17,5,22,151
07/12/2019,BIS,ND,AGL,CE,Combined TRACON& Tower with Radar,11,37,25,0,73,0,2,21,4,27,11,39,46,4,100,10,0,10,110
07/13/2019,BIS,ND,AGL,CE,Combined TRACON& Tower with Radar,7,24,9,0,40,0,0,35,0,35,7,24,44,0,75,20,0,20,95
07/14/2019,BIS,ND,AGL,CE,Combined TRACON& Tower with Radar,11,23,10,0,44,0,1,12,0,13,11,24,22,0,57,0,0,0,57
07/15/2019,BIS,ND,AGL,CE,Combined TRACON& Tower with Radar,9,29,30,0,68,0,3,22,6,31,9,32,52,6,99,22,0,22,121
07/16/2019,BIS,ND,AGL,CE,Combined TRACON& Tower with Radar,13,39,42,7,101,0,5,22,6,33,13,44,64,13,134,6,0,6,140
07/17/2019,BIS,ND,AGL,CE,Combined TRACON& Tower with Radar,12,39,33,4,88,0,13,25,24,62,12,52,58,28,150,12,24,36,186
07/18/2019,BIS,ND,AGL,CE,Combined TRACON& Tower with Radar,17,33,46,6,102,0,1,31,11,43,17,34,77,17,145,2,8,10,155
07/19/2019,BIS,ND,AGL,CE,Combined TRACON& Tower with Radar,13,38,21,0,72,0,5,45,6,56,13,43,66,6,128,40,0,40,168
07/20/2019,BIS,ND,AGL,CE,Combined TRACON& Tower with Radar,6,24,19,0,49,0,3,33,3,39,6,27,52,3,88,2,0,2,90
07/21/2019,BIS,ND,AGL,CE,Combined TRACON& Tower with Radar,15,18,8,0,41,0,1,25,1,27,15,19,33,1,68,0,0,0,68
07/22/2019,BIS,ND,AGL,CE,Combined TRACON& Tower with Radar,11,29,26,1,67,0,3,23,2,28,11,32,49,3,95,10,0,10,105
07/23/2019,BIS,ND,AGL,CE,Combined TRACON& Tower with Radar,11,37,33,2,83,0,1,22,9,32,11,38,55,11,115,22,0,22,137
07/24/2019,BIS,ND,AGL,CE,Combined TRACON& Tower with Radar,14,40,28,0,82,0,1,28,14,43,14,41,56,14,125,0,0,0,125
07/25/2019,BIS,ND,AGL,CE,Combined TRACON& Tower with Radar,12,35,29,6,82,0,5,48,9,62,12,40,77,15,144,20,0,20,164
07/26/2019,BIS,ND,AGL,CE,Combined TRACON& Tower with Radar,11,37,19,0,67,0,3,33,9,45,11,40,52,9,112,28,0,28,140
07/27/2019,BIS,ND,AGL,CE,Combined TRACON& Tower with Radar,7,33,12,1,53,0,7,33,6,46,7,40,45,7,99,4,2,6,105
07/28/2019,BIS,ND,AGL,CE,Combined TRACON& Tower with Radar,13,19,4,0,36,0,0,14,0,14,13,19,18,0,50,2,0,2,52
07/29/2019,BIS,ND,AGL,CE,Combined TRACON& Tower with Radar,13,32,32,4,81,0,2,58,2,62,13,34,90,6,143,14,4,18,161
07/30/2019,BIS,ND,AGL,CE,Combined TRACON& Tower with Radar,11,32,30,0,73,0,0,38,1,39,11,32,68,1,112,18,0,18,130
07/31/2019,BIS,ND,AGL,CE,Combined TRACON& Tower with Radar,13,37,25,2,77,0,1,12,28,41,13,38,37,30,118,0,52,52,170
08/01/2019,BIS,ND,AGL,CE,Combined TRACON& Tower with Radar,12,32,31,1,76,1,3,7,9,20,13,35,38,10,96,12,16,28,124
08/02/2019,BIS,ND,AGL,CE,Combined TRACON& Tower with Radar,11,42,24,0,77,0,0,3,6,9,11,42,27,6,86,20,0,20,106
08/03/2019,BIS,ND,AGL,CE,Combined TRACON& Tower with Radar,6,28,5,0,39,0,0,16,0,16,6,28,21,0,55,24,0,24,79
08/04/2019,BIS,ND,AGL,CE,Combined TRACON& Tower with Radar,11,17,8,0,36,0,4,5,0,9,11,21,13,0,45,0,0,0,45
08/05/2019,BIS,ND,AGL,CE,Combined TRACON& Tower with Radar,10,28,9,5,52,0,3,25,7,35,10,31,34,12,87,8,0,8,95
08/06/2019,BIS,ND,AGL,CE,Combined TRACON& Tower with Radar,11,35,26,4,76,0,4,28,4,36,11,39,54,8,112,4,0,4,116
08/07/2019,BIS,ND,AGL,CE,Combined TRACON& Tower with Radar,9,31,24,10,74,0,5,25,18,48,9,36,49,28,122,30,18,48,170
08/08/2019,BIS,ND,AGL,CE,Combined TRACON& Tower with Radar,11,38,29,2,80,0,1,44,11,56,11,39,73,13,136,23,0,23,159
08/09/2019,BIS,ND,AGL,CE,Combined TRACON& Tower with Radar,10,29,12,0,51,0,1,16,0,17,10,30,28,0,68,36,0,36,104
08/10/2019,BIS,ND,AGL,CE,Combined TRACON& Tower with Radar,9,25,13,0,47,0,1,9,2,12,9,26,22,2,59,8,0,8,67
08/11/2019,BIS,ND,AGL,CE,Combined TRACON& Tower with Radar,13,17,11,0,41,0,0,2,0,2,13,17,13,0,43,0,0,0,43
08/12/2019,BIS,ND,AGL,CE,Combined TRACON& Tower with Radar,14,26,38,2,80,0,0,15,2,17,14,26,53,4,97,0,0,0,97
08/13/2019,BIS,ND,AGL,CE,Combined TRACON& Tower with Radar,12,31,56,1,100,0,0,11,0,11,12,31,67,1,111,0,0,0,111
08/14/2019,BIS,ND,AGL,CE,Combined TRACON& Tower with Radar,10,32,38,7,87,0,0,37,23,60,10,32,75,30,147,12,34,46,193
08/15/2019,BIS,ND,AGL,CE,Combined TRACON& Tower with Radar,16,30,35,0,81,0,0,16,4,20,16,30,51,4,101,12,0,12,113
08/16/2019,BIS,ND,AGL,CE,Combined TRACON& Tower with Radar,13,31,12,1,57,0,3,48,8,59,13,34,60,9,116,13,0,13,129
08/17/2019,BIS,ND,AGL,CE,Combined TRACON& Tower with Radar,6,22,12,0,40,0,0,14,7,21,6,22,26,7,61,0,0,0,61
08/18/2019,BIS,ND,AGL,CE,Combined TRACON& Tower with Radar,13,14,13,0,40,0,5,36,0,41,13,19,49,0,81,12,0,12,93
08/19/2019,BIS,ND,AGL,CE,Combined TRACON& Tower with Radar,14,27,18,0,59,0,2,23,4,29,14,29,41,4,88,16,0,16,104
08/20/2019,BIS,ND,AGL,CE,Combined TRACON& Tower with Radar,12,29,41,6,88,0,0,32,5,37,12,29,73,11,125,6,0,6,131
08/21/2019,BIS,ND,AGL,CE,Combined TRACON& Tower with Radar,10,30,38,5,83,0,2,41,15,58,10,32,79,20,141,64,5,69,210
08/22/2019,BIS,ND,AGL,CE,Combined TRACON& Tower with Radar,17,28,36,4,85,0,2,26,6,34,17,30,62,10,119,2,0,2,121
08/23/2019,BIS,ND,AGL,CE,Combined TRACON& Tower with Radar,13,31,20,0,64,0,0,3,5,8,13,31,23,5,72,6,0,6,78
08/24/2019,BIS,ND,AGL,CE,Combined TRACON& Tower with Radar,7,25,8,0,40,0,1,5,1,7,7,26,13,1,47,0,0,0,47
08/25/2019,BIS,ND,AGL,CE,Combined TRACON& Tower with Radar,11,23,7,0,41,0,0,9,0,9,11,23,16,0,50,0,0,0,50
08/26/2019,BIS,ND,AGL,CE,Combined TRACON& Tower with Radar,13,22,20,2,57,0,2,19,6,27,13,24,39,8,84,0,0,0,84
08/27/2019,BIS,ND,AGL,CE,Combined TRACON& Tower with Radar,14,26,31,2,73,0,5,14,5,24,14,31,45,7,97,4,0,4,101
08/28/2019,BIS,ND,AGL,CE,Combined TRACON& Tower with Radar,11,33,24,2,70,0,4,48,23,75,11,37,72,25,145,12,54,66,211
08/29/2019,BIS,ND,AGL,CE,Combined TRACON& Tower with Radar,11,32,49,3,95,0,4,36,9,49,11,36,85,12,144,17,0,17,161
08/30/2019,BIS,ND,AGL,CE,Combined TRACON& Tower with Radar,12,28,32,0,72,0,2,26,2,30,12,30,58,2,102,14,0,14,116
08/31/2019,BIS,ND,AGL,CE,Combined TRACON& Tower with Radar,6,23,14,0,43,0,1,13,0,14,6,24,27,0,57,6,0,6,63
09/01/2019,BIS,ND,AGL,CE,Combined TRACON& Tower with Radar,11,16,7,0,34,0,1,14,0,15,11,17,21,0,49,0,0,0,49
09/02/2019,BIS,ND,AGL,CE,Combined TRACON& Tower with Radar,14,18,11,0,43,0,0,1,0,1,14,18,12,0,44,0,0,0,44
09/03/2019,BIS,ND,AGL,CE,Combined TRACON& Tower with Radar,12,28,20,2,62,0,7,10,1,18,12,35,30,3,80,0,2,2,82
09/04/2019,BIS,ND,AGL,CE,Combined TRACON& Tower with Radar,10,26,27,1,64,0,0,51,14,65,10,26,78,15,129,8,10,18,147
09/05/2019,BIS,ND,AGL,CE,Combined TRACON& Tower with Radar,17,31,41,2,91,0,1,88,4,93,17,32,129,6,184,30,0,30,214
09/06/2019,BIS,ND,AGL,CE,Combined TRACON& Tower with Radar,12,26,23,0,61,0,1,90,7,98,12,27,113,7,159,12,0,12,171
09/07/2019,BIS,ND,AGL,CE,Combined TRACON& Tower with Radar,7,26,10,4,47,0,0,0,0,0,7,26,10,4,47,0,0,0,47
09/08/2019,BIS,ND,AGL,CE,Combined TRACON& Tower with Radar,15,20,30,0,65,0,0,18,0,18,15,20,48,0,83,38,0,38,121
09/09/2019,BIS,ND,AGL,CE,Combined TRACON& Tower with Radar,13,25,22,8,68,0,0,0,0,0,13,25,22,8,68,0,0,0,68
09/10/2019,BIS,ND,AGL,CE,Combined TRACON& Tower with Radar,15,36,45,2,98,0,0,26,7,33,15,36,71,9,131,4,0,4,135
09/11/2019,BIS,ND,AGL,CE,Combined TRACON& Tower with Radar,9,28,38,3,78,0,3,5,16,24,9,31,43,19,102,2,14,16,118
09/12/2019,BIS,ND,AGL,CE,Combined TRACON& Tower with Radar,16,28,21,2,67,0,0,0,0,0,16,28,21,2,67,0,0,0,67
09/13/2019,BIS,ND,AGL,CE,Combined TRACON& Tower with Radar,14,29,27,2,72,0,1,29,1,31,14,30,56,3,103,8,0,8,111
09/14/2019,BIS,ND,AGL,CE,Combined TRACON& Tower with Radar,14,24,8,1,47,0,2,28,3,33,14,26,36,4,80,6,0,6,86
09/15/2019,BIS,ND,AGL,CE,Combined TRACON& Tower with Radar,17,16,10,0,43,0,0,24,2,26,17,16,34,2,69,0,0,0,69
09/16/2019,BIS,ND,AGL,CE,Combined TRACON& Tower with Radar,13,29,29,2,73,0,1,31,6,38,13,30,60,8,111,26,0,26,137
09/17/2019,BIS,ND,AGL,CE,Combined TRACON& Tower with Radar,15,29,27,4,75,0,5,25,9,39,15,34,52,13,114,12,6,18,132
09/18/2019,BIS,ND,AGL,CE,Combined TRACON& Tower with Radar,13,28,25,7,73,0,3,38,15,56,13,31,63,22,129,0,26,26,155
09/19/2019,BIS,ND,AGL,CE,Combined TRACON& Tower with Radar,17,28,33,5,83,0,3,45,7,55,17,31,78,12,138,21,0,21,159
09/20/2019,BIS,ND,AGL,CE,Combined TRACON& Tower with Radar,12,31,13,0,56,0,0,1,1,2,12,31,14,1,58,0,0,0,58
09/21/2019,BIS,ND,AGL,CE,Combined TRACON& Tower with Radar,7,23,9,0,39,0,0,11,9,20,7,23,20,9,59,2,52,54,113
09/22/2019,BIS,ND,AGL,CE,Combined TRACON& Tower with Radar,15,16,16,0,47,0,0,28,3,31,15,16,44,3,78,6,0,6,84
09/23/2019,BIS,ND,AGL,CE,Combined TRACON& Tower with Radar,12,22,34,0,68,0,0,34,5,39,12,22,68,5,107,50,0,50,157
09/24/2019,BIS,ND,AGL,CE,Combined TRACON& Tower with Radar,13,38,19,2,72,0,4,20,8,32,13,42,39,10,104,6,4,10,114
09/25/2019,BIS,ND,AGL,CE,Combined TRACON& Tower with Radar,11,31,31,2,75,0,0,8,16,24,11,31,39,18,99,0,26,26,125
09/26/2019,BIS,ND,AGL,CE,Combined TRACON& Tower with Radar,15,35,33,2,85,0,1,10,4,15,15,36,43,6,100,20,0,20,120
09/27/2019,BIS,ND,AGL,CE,Combined TRACON& Tower with Radar,13,30,24,0,67,0,0,14,0,14,13,30,38,0,81,14,0,14,95
09/28/2019,BIS,ND,AGL,CE,Combined TRACON& Tower with Radar,7,26,6,0,39,0,2,60,0,62,7,28,66,0,101,23,0,23,124
09/29/2019,BIS,ND,AGL,CE,Combined TRACON& Tower with Radar,12,18,17,0,47,0,0,0,0,0,12,18,17,0,47,0,0,0,47
09/30/2019,BIS,ND,AGL,CE,Combined TRACON& Tower with Radar,13,27,29,2,71,0,1,2,0,3,13,28,31,2,74,2,0,2,76
10/01/2019,BIS,ND,AGL,CE,Combined TRACON& Tower with Radar,11,34,33,6,84,0,3,8,2,13,11,37,41,8,97,0,0,0,97
10/02/2019,BIS,ND,AGL,CE,Combined TRACON& Tower with Radar,9,32,29,0,70,0,0,0,0,0,9,32,29,0,70,0,0,0,70
10/03/2019,BIS,ND,AGL,CE,Combined TRACON& Tower with Radar,12,39,26,6,83,0,2,5,6,13,12,41,31,12,96,0,0,0,96
10/04/2019,BIS,ND,AGL,CE,Combined TRACON& Tower with Radar,12,33,28,4,77,0,1,7,16,24,12,34,35,20,101,0,12,12,113
10/05/2019,BIS,ND,AGL,CE,Combined TRACON& Tower with Radar,11,28,15,0,54,0,0,0,3,3,11,28,15,3,57,0,0,0,57
10/06/2019,BIS,ND,AGL,CE,Combined TRACON& Tower with Radar,15,23,15,1,54,0,0,5,5,10,15,23,20,6,64,0,0,0,64
10/07/2019,BIS,ND,AGL,CE,Combined TRACON& Tower with Radar,13,28,25,0,66,0,2,36,2,40,13,30,61,2,106,10,0,10,116
10/08/2019,BIS,ND,AGL,CE,Combined TRACON& Tower with Radar,11,38,22,8,79,0,7,25,5,37,11,45,47,13,116,28,0,28,144
10/09/2019,BIS,ND,AGL,CE,Combined TRACON& Tower with Radar,9,39,24,2,74,0,0,1,0,1,9,39,25,2,75,0,0,0,75
10/10/2019,BIS,ND,AGL,CE,Combined TRACON& Tower with Radar,7,18,9,0,34,0,0,2,0,2,7,18,11,0,36,0,0,0,36
10/11/2019,BIS,ND,AGL,CE,Combined TRACON& Tower with Radar,8,37,11,0,56,0,0,0,6,6,8,37,11,6,62,0,0,0,62
10/12/2019,BIS,ND,AGL,CE,Combined TRACON& Tower with Radar,10,27,13,0,50,0,0,0,0,0,10,27,13,0,50,0,0,0,50
10/13/2019,BIS,ND,AGL,CE,Combined TRACON& Tower with Radar,13,21,23,0,57,0,1,4,0,5,13,22,27,0,62,0,0,0,62
10/14/2019,BIS,ND,AGL,CE,Combined TRACON& Tower with Radar,10,30,21,0,61,0,1,15,0,16,10,31,36,0,77,0,0,0,77
10/15/2019,BIS,ND,AGL,CE,Combined TRACON& Tower with Radar,10,35,27,4,76,0,2,4,1,7,10,37,31,5,83,0,0,0,83
10/16/2019,BIS,ND,AGL,CE,Combined TRACON& Tower with Radar,11,37,35,6,89,0,0,21,20,41,11,37,56,26,130,19,4,23,153
10/17/2019,BIS,ND,AGL,CE,Combined TRACON& Tower with Radar,13,28,44,8,93,0,0,21,10,31,13,28,65,18,124,40,0,40,164
10/18/2019,BIS,ND,AGL,CE,Combined TRACON& Tower with Radar,10,33,14,0,57,0,0,11,3,14,10,33,25,3,71,0,0,0,71
10/19/2019,BIS,ND,AGL,CE,Combined TRACON& Tower with Radar,10,24,8,0,42,0,2,16,1,19,10,26,24,1,61,0,0,0,61
10/20/2019,BIS,ND,AGL,CE,Combined TRACON& Tower with Radar,12,18,16,0,46,0,0,2,0,2,12,18,18,0,48,0,0,0,48
10/21/2019,BIS,ND,AGL,CE,Combined TRACON& Tower with Radar,10,29,19,2,60,0,0,16,2,18,10,29,35,4,78,0,0,0,78
10/22/2019,BIS,ND,AGL,CE,Combined TRACON& Tower with Radar,11,35,35,10,91,0,4,19,12,35,11,39,54,22,126,4,28,32,158
10/23/2019,BIS,ND,AGL,CE,Combined TRACON& Tower with Radar,11,33,50,7,101,0,1,17,26,44,11,34,67,33,145,2,8,10,155
10/24/2019,BIS,ND,AGL,CE,Combined TRACON& Tower with Radar,12,37,41,9,99,0,0,9,17,26,12,37,50,26,125,8,4,12,137
10/25/2019,BIS,ND,AGL,CE,Combined TRACON& Tower with Radar,13,33,23,2,71,0,7,38,12,57,13,40,61,14,128,10,0,10,138
10/26/2019,BIS,ND,AGL,CE,Combined TRACON& Tower with Radar,8,22,7,0,37,0,0,2,5,7,8,22,9,5,44,0,0,0,44
10/27/2019,BIS,ND,AGL,CE,Combined TRACON& Tower with Radar,13,20,13,0,46,0,0,10,3,13,13,20,23,3,59,0,0,0,59
10/28/2019,BIS,ND,AGL,CE,Combined TRACON& Tower with Radar,14,20,28,0,62,0,6,17,4,27,14,26,45,4,89,2,0,2,91
10/29/2019,BIS,ND,AGL,CE,Combined TRACON& Tower with Radar,11,33,31,0,75,0,0,12,2,14,11,33,43,2,89,4,0,4,93
10/30/2019,BIS,ND,AGL,CE,Combined TRACON& Tower with Radar,11,31,19,1,62,0,1,19,12,32,11,32,38,13,94,0,0,0,94
10/31/2019,BIS,ND,AGL,CE,Combined TRACON& Tower with Radar,10,27,37,0,74,0,5,18,2,25,10,32,55,2,99,0,0,0,99
11/01/2019,BIS,ND,AGL,CE,Combined TRACON& Tower with Radar,9,27,19,4,59,0,3,9,2,14,9,30,28,6,73,22,4,26,99
11/02/2019,BIS,ND,AGL,CE,Combined TRACON& Tower with Radar,7,25,11,0,43,0,2,13,0,15,7,27,24,0,58,0,0,0,58
11/03/2019,BIS,ND,AGL,CE,Combined TRACON& Tower with Radar,11,21,15,0,47,0,0,0,0,0,11,21,15,0,47,2,0,2,49
11/04/2019,BIS,ND,AGL,CE,Combined TRACON& Tower with Radar,11,23,18,4,56,0,2,13,5,20,11,25,31,9,76,0,10,10,86
11/05/2019,BIS,ND,AGL,CE,Combined TRACON& Tower with Radar,12,30,39,4,85,0,0,12,8,20,12,30,51,12,105,22,0,22,127
11/06/2019,BIS,ND,AGL,CE,Combined TRACON& Tower with Radar,11,30,29,3,73,0,0,23,14,37,11,30,52,17,110,10,0,10,120
11/07/2019,BIS,ND,AGL,CE,Combined TRACON& Tower with Radar,13,31,50,3,97,0,1,16,4,21,13,32,66,7,118,15,14,29,147
11/08/2019,BIS,ND,AGL,CE,Combined TRACON& Tower with Radar,11,29,17,3,60,0,2,22,0,24,11,31,39,3,84,13,0,13,97
11/09/2019,BIS,ND,AGL,CE,Combined TRACON& Tower with Radar,10,29,9,0,48,0,4,8,0,12,10,33,17,0,60,0,0,0,60
11/10/2019,BIS,ND,AGL,CE,Combined TRACON& Tower with Radar,12,22,4,0,38,0,3,0,0,3,12,25,4,0,41,2,0,2,43
11/11/2019,BIS,ND,AGL,CE,Combined TRACON& Tower with Radar,9,22,29,0,60,0,0,10,1,11,9,22,39,1,71,2,0,2,73
11/12/2019,BIS,ND,AGL,CE,Combined TRACON& Tower with Radar,14,33,25,2,74,0,1,10,0,11,14,34,35,2,85,0,0,0,85
11/13/2019,BIS,ND,AGL,CE,Combined TRACON& Tower with Radar,13,29,37,2,81,0,0,15,4,19,13,29,52,6,100,0,78,78,178
11/14/2019,BIS,ND,AGL,CE,Combined TRACON& Tower with Radar,12,35,21,0,68,0,3,9,3,15,12,38,30,3,83,4,3,7,90
11/15/2019,BIS,ND,AGL,CE,Combined TRACON& Tower with Radar,11,31,15,2,59,0,0,4,0,4,11,31,19,2,63,10,0,10,73
11/16/2019,BIS,ND,AGL,CE,Combined TRACON& Tower with Radar,12,25,10,0,47,0,0,6,11,17,12,25,16,11,64,0,0,0,64
11/17/2019,BIS,ND,AGL,CE,Combined TRACON& Tower with Radar,15,17,13,0,45,0,0,18,6,24,15,17,31,6,69,2,4,6,75
11/18/2019,BIS,ND,AGL,CE,Combined TRACON& Tower with Radar,11,26,38,0,75,0,7,24,4,35,11,33,62,4,110,6,0,6,116
11/19/2019,BIS,ND,AGL,CE,Combined TRACON& Tower with Radar,9,38,38,1,86,0,0,10,4,14,9,38,48,5,100,16,0,16,116
11/20/2019,BIS,ND,AGL,CE,Combined TRACON& Tower with Radar,13,35,30,0,78,0,0,0,0,0,13,35,30,0,78,0,10,10,88
11/21/2019,BIS,ND,AGL,CE,Combined TRACON& Tower with Radar,13,32,41,7,93,0,2,22,6,30,13,34,63,13,123,32,0,32,155
11/22/2019,BIS,ND,AGL,CE,Combined TRACON& Tower with Radar,11,30,21,1,63,0,2,18,5,25,11,32,39,6,88,26,4,30,118
11/23/2019,BIS,ND,AGL,CE,Combined TRACON& Tower with Radar,13,21,21,0,55,0,6,33,0,39,13,27,54,0,94,4,0,4,98
11/24/2019,BIS,ND,AGL,CE,Combined TRACON& Tower with Radar,12,20,11,0,43,0,1,15,0,16,12,21,26,0,59,5,0,5,64
11/25/2019,BIS,ND,AGL,CE,Combined TRACON& Tower with Radar,10,22,28,0,60,0,6,1,1,8,10,28,29,1,68,0,0,0,68
11/26/2019,BIS,ND,AGL,CE,Combined TRACON& Tower with Radar,9,40,19,4,72,0,1,13,18,32,9,41,32,22,104,10,8,18,122
11/27/2019,BIS,ND,AGL,CE,Combined TRACON& Tower with Radar,16,34,13,10,73,0,2,0,1,3,16,36,13,11,76,0,0,0,76
11/28/2019,BIS,ND,AGL,CE,Combined TRACON& Tower with Radar,9,11,2,0,22,0,2,0,0,2,9,13,2,0,24,0,0,0,24
11/29/2019,BIS,ND,AGL,CE,Combined TRACON& Tower with Radar,10,20,6,0,36,0,0,0,0,0,10,20,6,0,36,0,0,0,36
11/30/2019,BIS,ND,AGL,CE,Combined TRACON& Tower with Radar,14,12,0,0,26,0,0,0,0,0,14,12,0,0,26,0,0,0,26
12/01/2019,BIS,ND,AGL,CE,Combined TRACON& Tower with Radar,7,19,11,0,37,0,0,0,0,0,7,19,11,0,37,0,0,0,37
12/02/2019,BIS,ND,AGL,CE,Combined TRACON& Tower with Radar,11,26,30,2,69,0,0,10,1,11,11,26,40,3,80,15,0,15,95
12/03/2019,BIS,ND,AGL,CE,Combined TRACON& Tower with Radar,10,30,46,7,93,0,0,19,7,26,10,30,65,14,119,28,0,28,147
12/04/2019,BIS,ND,AGL,CE,Combined TRACON& Tower with Radar,12,34,35,0,81,0,3,15,18,36,12,37,50,18,117,8,0,8,125
12/05/2019,BIS,ND,AGL,CE,Combined TRACON& Tower with Radar,13,30,28,2,73,0,0,5,2,7,13,30,33,4,80,0,6,6,86
12/06/2019,BIS,ND,AGL,CE,Combined TRACON& Tower with Radar,13,26,29,4,72,0,0,1,0,1,13,26,30,4,73,0,0,0,73
12/07/2019,BIS,ND,AGL,CE,Combined TRACON& Tower with Radar,14,31,14,0,59,0,5,33,0,38,14,36,47,0,97,3,0,3,100
12/08/2019,BIS,ND,AGL,CE,Combined TRACON& Tower with Radar,12,13,8,0,33,0,0,0,0,0,12,13,8,0,33,0,0,0,33
12/09/2019,BIS,ND,AGL,CE,Combined TRACON& Tower with Radar,15,28,23,10,76,0,0,4,1,5,15,28,27,11,81,0,0,0,81
12/10/2019,BIS,ND,AGL,CE,Combined TRACON& Tower with Radar,12,33,41,2,88,0,1,6,3,10,12,34,47,5,98,0,8,8,106
12/11/2019,BIS,ND,AGL,CE,Combined TRACON& Tower with Radar,16,36,23,0,75,0,3,6,12,21,16,39,29,12,96,10,0,10,106
12/12/2019,BIS,ND,AGL,CE,Combined TRACON& Tower with Radar,12,30,26,4,72,0,0,0,4,4,12,30,26,8,76,0,92,92,168
12/13/2019,BIS,ND,AGL,CE,Combined TRACON& Tower with Radar,13,35,9,0,57,0,2,1,5,8,13,37,10,5,65,26,0,26,91
12/14/2019,BIS,ND,AGL,CE,Combined TRACON& Tower with Radar,13,27,27,1,68,0,0,16,15,31,13,27,43,16,99,18,7,25,124
12/15/2019,BIS,ND,AGL,CE,Combined TRACON& Tower with Radar,12,21,19,0,52,0,0,1,1,2,12,21,20,1,54,0,20,20,74
12/16/2019,BIS,ND,AGL,CE,Combined TRACON& Tower with Radar,15,23,31,2,71,0,1,30,2,33,15,24,61,4,104,4,0,4,108
12/17/2019,BIS,ND,AGL,CE,Combined TRACON& Tower with Radar,10,30,29,5,74,0,5,37,8,50,10,35,66,13,124,50,0,50,174
12/18/2019,BIS,ND,AGL,CE,Combined TRACON& Tower with Radar,12,31,35,6,84,0,7,39,26,72,12,38,74,32,156,32,24,56,212
12/19/2019,BIS,ND,AGL,CE,Combined TRACON& Tower with Radar,12,24,32,1,69,0,5,20,14,39,12,29,52,15,108,30,22,52,160
12/20/2019,BIS,ND,AGL,CE,Combined TRACON& Tower with Radar,14,28,17,0,59,0,1,35,0,36,14,29,52,0,95,8,0,8,103
12/21/2019,BIS,ND,AGL,CE,Combined TRACON& Tower with Radar,11,28,25,0,64,0,8,71,0,79,11,36,96,0,143,16,0,16,159
12/22/2019,BIS,ND,AGL,CE,Combined TRACON& Tower with Radar,10,20,10,0,40,0,4,25,0,29,10,24,35,0,69,10,0,10,79
12/23/2019,BIS,ND,AGL,CE,Combined TRACON& Tower with Radar,8,33,21,0,62,0,3,6,0,9,8,36,27,0,71,0,0,0,71
12/24/2019,BIS,ND,AGL,CE,Combined TRACON& Tower with Radar,12,23,5,0,40,0,0,0,0,0,12,23,5,0,40,0,0,0,40
12/25/2019,BIS,ND,AGL,CE,Combined TRACON& Tower with Radar,12,13,2,0,27,0,0,0,0,0,12,13,2,0,27,0,0,0,27
12/26/2019,BIS,ND,AGL,CE,Combined TRACON& Tower with Radar,11,30,10,0,51,0,4,5,2,11,11,34,15,2,62,12,12,24,86
12/27/2019,BIS,ND,AGL,CE,Combined TRACON& Tower with Radar,9,30,10,0,49,0,1,30,4,35,9,31,40,4,84,17,0,17,101
12/28/2019,BIS,ND,AGL,CE,Combined TRACON& Tower with Radar,9,28,2,0,39,0,0,9,0,9,9,28,11,0,48,0,0,0,48
12/29/2019,BIS,ND,AGL,CE,Combined TRACON& Tower with Radar,11,22,1,0,34,0,0,0,0,0,11,22,1,0,34,0,0,0,34
12/30/2019,BIS,ND,AGL,CE,Combined TRACON& Tower with Radar,9,26,6,1,42,0,4,9,3,16,9,30,15,4,58,0,0,0,58
12/31/2019,BIS,ND,AGL,CE,Combined TRACON& Tower with Radar,14,23,8,0,45,0,2,23,3,28,14,25,31,3,73,4,2,6,79
01/01/2020,BIS,ND,AGL,CE,Combined TRACON& Tower with Radar,12,16,3,0,31,0,6,1,0,7,12,22,4,0,38,0,0,0,38
01/02/2020,BIS,ND,AGL,CE,Combined TRACON& Tower with Radar,9,26,15,2,52,0,1,2,8,11,9,27,17,10,63,0,0,0,63
01/03/2020,BIS,ND,AGL,CE,Combined TRACON& Tower with Radar,9,32,23,4,68,0,0,11,0,11,9,32,34,4,79,0,0,0,79
01/04/2020,BIS,ND,AGL,CE,Combined TRACON& Tower with Radar,11,21,3,0,35,0,0,14,0,14,11,21,17,0,49,6,0,6,55
01/05/2020,BIS,ND,AGL,CE,Combined TRACON& Tower with Radar,9,22,12,0,43,0,2,10,0,12,9,24,22,0,55,0,0,0,55
01/06/2020,BIS,ND,AGL,CE,Combined TRACON& Tower with Radar,8,28,9,0,45,0,3,27,1,31,8,31,36,1,76,10,0,10,86
01/07/2020,BIS,ND,AGL,CE,Combined TRACON& Tower with Radar,6,37,17,1,61,0,3,17,3,23,6,40,34,4,84,8,0,8,92
01/08/2020,BIS,ND,AGL,CE,Combined TRACON& Tower with Radar,8,34,22,1,65,0,2,10,14,26,8,36,32,15,91,0,2,2,93
01/09/2020,BIS,ND,AGL,CE,Combined TRACON& Tower with Radar,12,42,25,2,81,0,2,9,2,13,12,44,34,4,94,0,0,0,94
01/10/2020,BIS,ND,AGL,CE,Combined TRACON& Tower with Radar,10,36,15,1,62,0,1,26,14,41,10,37,41,15,103,14,10,24,127
01/11/2020,BIS,ND,AGL,CE,Combined TRACON& Tower with Radar,10,41,10,10,71,0,0,11,5,16,10,41,21,15,87,0,6,6,93
01/12/2020,BIS,ND,AGL,CE,Combined TRACON& Tower with Radar,10,20,18,1,49,0,0,12,9,21,10,20,30,10,70,0,0,0,70
01/13/2020,BIS,ND,AGL,CE,Combined TRACON& Tower with Radar,9,22,18,0,49,0,0,0,0,0,9,22,18,0,49,0,0,0,49
01/14/2020,BIS,ND,AGL,CE,Combined TRACON& Tower with Radar,8,34,27,0,69,0,1,4,0,5,8,35,31,0,74,0,0,0,74
01/15/2020,BIS,ND,AGL,CE,Combined TRACON& Tower with Radar,7,34,29,0,70,0,0,3,0,3,7,34,32,0,73,8,0,8,81
01/16/2020,BIS,ND,AGL,CE,Combined TRACON& Tower with Radar,11,31,34,0,76,0,0,10,0,10,11,31,44,0,86,12,0,12,98
01/17/2020,BIS,ND,AGL,CE,Combined TRACON& Tower with Radar,12,25,17,0,54,0,0,0,0,0,12,25,17,0,54,0,0,0,54
01/18/2020,BIS,ND,AGL,CE,Combined TRACON& Tower with Radar,12,22,7,0,41,0,0,1,0,1,12,22,8,0,42,0,0,0,42
01/19/2020,BIS,ND,AGL,CE,Combined TRACON& Tower with Radar,10,19,4,0,33,0,0,15,0,15,10,19,19,0,48,0,0,0,48
01/20/2020,BIS,ND,AGL,CE,Combined TRACON& Tower with Radar,11,29,27,0,67,0,1,21,0,22,11,30,48,0,89,12,0,12,101
01/21/2020,BIS,ND,AGL,CE,Combined TRACON& Tower with Radar,9,36,32,2,79,0,9,24,11,44,9,45,56,13,123,6,6,12,135
01/22/2020,BIS,ND,AGL,CE,Combined TRACON& Tower with Radar,7,36,36,1,80,0,1,26,6,33,7,37,62,7,113,22,18,40,153
01/23/2020,BIS,ND,AGL,CE,Combined TRACON& Tower with Radar,12,33,21,0,66,0,0,0,0,0,12,33,21,0,66,0,0,0,66
01/24/2020,BIS,ND,AGL,CE,Combined TRACON& Tower with Radar,12,35,16,2,65,0,0,0,0,0,12,35,16,2,65,0,0,0,65
01/25/2020,BIS,ND,AGL,CE,Combined TRACON& Tower with Radar,11,30,6,0,47,0,1,15,2,18,11,31,21,2,65,0,0,0,65
01/26/2020,BIS,ND,AGL,CE,Combined TRACON& Tower with Radar,13,22,9,0,44,0,0,0,0,0,13,22,9,0,44,0,0,0,44
01/27/2020,BIS,ND,AGL,CE,Combined TRACON& Tower with Radar,10,31,26,2,69,0,0,0,0,0,10,31,26,2,69,0,0,0,69
01/28/2020,BIS,ND,AGL,CE,Combined TRACON& Tower with Radar,7,37,22,3,69,0,0,21,2,23,7,37,43,5,92,22,0,22,114
01/29/2020,BIS,ND,AGL,CE,Combined TRACON& Tower with Radar,9,32,7,2,50,0,0,0,0,0,9,32,7,2,50,0,0,0,50
01/30/2020,BIS,ND,AGL,CE,Combined TRACON& Tower with Radar,16,29,18,6,69,0,0,0,0,0,16,29,18,6,69,0,0,0,69
01/31/2020,BIS,ND,AGL,CE,Combined TRACON& Tower with Radar,11,32,19,2,64,0,1,26,7,34,11,33,45,9,98,2,0,2,100
02/01/2020,BIS,ND,AGL,CE,Combined TRACON& Tower with Radar,11,27,8,0,46,0,4,18,0,22,11,31,26,0,68,0,0,0,68
02/02/2020,BIS,ND,AGL,CE,Combined TRACON& Tower with Radar,13,15,7,0,35,0,3,14,0,17,13,18,21,0,52,15,0,15,67
02/03/2020,BIS,ND,AGL,CE,Combined TRACON& Tower with Radar,12,23,22,2,59,0,6,25,7,38,12,29,47,9,97,28,2,30,127
02/04/2020,BIS,ND,AGL,CE,Combined TRACON& Tower with Radar,8,35,30,6,79,0,3,34,2,39,8,38,64,8,118,42,0,42,160
02/05/2020,BIS,ND,AGL,CE,Combined TRACON& Tower with Radar,12,34,27,2,75,0,3,28,18,49,12,37,55,20,124,12,8,20,144
02/06/2020,BIS,ND,AGL,CE,Combined TRACON& Tower with Radar,12,31,30,5,78,0,0,1,7,8,12,31,31,12,86,0,0,0,86
02/07/2020,BIS,ND,AGL,CE,Combined TRACON& Tower with Radar,12,35,20,0,67,0,0,23,11,34,12,35,43,11,101,0,0,0,101
02/08/2020,BIS,ND,AGL,CE,Combined TRACON& Tower with Radar,13,30,7,0,50,0,1,8,3,12,13,31,15,3,62,22,0,22,84
02/09/2020,BIS,ND,AGL,CE,Combined TRACON& Tower with Radar,12,18,10,1,41,0,2,14,1,17,12,20,24,2,58,0,0,0,58
02/10/2020,BIS,ND,AGL,CE,Combined TRACON& Tower with Radar,12,29,24,0,65,0,5,6,2,13,12,34,30,2,78,8,0,8,86
02/11/2020,BIS,ND,AGL,CE,Combined TRACON& Tower with Radar,9,35,19,4,67,0,0,24,0,24,9,35,43,4,91,6,0,6,97
02/12/2020,BIS,ND,AGL,CE,Combined TRACON& Tower with Radar,11,30,22,0,63,0,1,2,0,3,11,31,24,0,66,0,0,0,66
02/13/2020,BIS,ND,AGL,CE,Combined TRACON& Tower with Radar,13,41,32,2,88,0,3,18,10,31,13,44,50,12,119,18,6,24,143
02/14/2020,BIS,ND,AGL,CE,Combined TRACON& Tower with Radar,12,35,14,0,61,0,3,27,0,30,12,38,41,0,91,6,0,6,97
02/15/2020,BIS,ND,AGL,CE,Combined TRACON& Tower with Radar,10,25,5,1,41,0,3,6,0,9,10,28,11,1,50,20,0,20,70
02/16/2020,BIS,ND,AGL,CE,Combined TRACON& Tower with Radar,13,17,1,0,31,0,1,8,0,9,13,18,9,0,40,0,0,0,40
02/17/2020,BIS,ND,AGL,CE,Combined TRACON& Tower with Radar,10,26,10,1,47,0,0,4,0,4,10,26,14,1,51,0,0,0,51
02/18/2020,BIS,ND,AGL,CE,Combined TRACON& Tower with Radar,12,31,30,0,73,0,0,3,2,5,12,31,33,2,78,0,0,0,78
02/19/2020,BIS,ND,AGL,CE,Combined TRACON& Tower with Radar,11,35,22,0,68,0,0,8,8,16,11,35,30,8,84,4,0,4,88
02/20/2020,BIS,ND,AGL,CE,Combined TRACON& Tower with Radar,13,30,23,0,66,0,3,23,4,30,13,33,46,4,96,42,0,42,138
02/21/2020,BIS,ND,AGL,CE,Combined TRACON& Tower with Radar,14,30,12,3,59,0,6,21,5,32,14,36,33,8,91,8,0,8,99
02/22/2020,BIS,ND,AGL,CE,Combined TRACON& Tower with Radar,11,28,19,2,60,0,2,21,0,23,11,30,40,2,83,20,0,20,103
02/23/2020,BIS,ND,AGL,CE,Combined TRACON& Tower with Radar,12,20,13,0,45,0,0,15,0,15,12,20,28,0,60,24,0,24,84
02/24/2020,BIS,ND,AGL,CE,Combined TRACON& Tower with Radar,12,26,19,0,57,0,2,0,0,2,12,28,19,0,59,0,0,0,59
02/25/2020,BIS,ND,AGL,CE,Combined TRACON& Tower with Radar,10,37,26,0,73,0,2,0,0,2,10,39,26,0,75,0,0,0,75
02/26/2020,BIS,ND,AGL,CE,Combined TRACON& Tower with Radar,13,30,38,4,85,0,2,6,9,17,13,32,44,13,102,0,2,2,104
02/27/2020,BIS,ND,AGL,CE,Combined TRACON& Tower with Radar,12,35,27,1,75,0,0,0,3,3,12,35,27,4,78,33,2,35,113
02/28/2020,BIS,ND,AGL,CE,Combined TRACON& Tower with Radar,12,32,17,2,63,0,2,30,0,32,12,34,47,2,95,16,0,16,111
02/29/2020,BIS,ND,AGL,CE,Combined TRACON& Tower with Radar,13,28,8,0,49,0,1,23,0,24,13,29,31,0,73,18,0,18,91
03/01/2020,BIS,ND,AGL,CE,Combined TRACON& Tower with Radar,11,20,8,0,39,0,0,1,0,1,11,20,9,0,40,4,0,4,44
03/02/2020,BIS,ND,AGL,CE,Combined TRACON& Tower with Radar,13,26,14,0,53,0,5,12,0,17,13,31,26,0,70,18,0,18,88
03/03/2020,BIS,ND,AGL,CE,Combined TRACON& Tower with Radar,8,33,20,5,66,0,1,4,5,10,8,34,24,10,76,12,0,12,88
03/04/2020,BIS,ND,AGL,CE,Combined TRACON& Tower with Radar,16,34,21,2,73,0,1,14,13,28,16,35,35,15,101,6,0,6,107
03/05/2020,BIS,ND,AGL,CE,Combined TRACON& Tower with Radar,9,33,30,0,72,0,1,7,5,13,9,34,37,5,85,16,6,22,107
03/06/2020,BIS,ND,AGL,CE,Combined TRACON& Tower with Radar,11,29,26,2,68,0,4,15,6,25,11,33,41,8,93,12,0,12,105
03/07/2020,BIS,ND,AGL,CE,Combined TRACON& Tower with Radar,10,27,12,0,49,0,3,43,20,66,10,30,55,20,115,36,2,38,153
03/08/2020,BIS,ND,AGL,CE,Combined TRACON& Tower with Radar,11,26,4,1,42,0,0,1,1,2,11,26,5,2,44,0,0,0,44
03/09/2020,BIS,ND,AGL,CE,Combined TRACON& Tower with Radar,9,32,36,0,77,0,2,10,3,15,9,34,46,3,92,10,18,28,120
03/10/2020,BIS,ND,AGL,CE,Combined TRACON& Tower with Radar,7,33,27,0,67,0,0,11,4,15,7,33,38,4,82,0,2,2,84
03/11/2020,BIS,ND,AGL,CE,Combined TRACON& Tower with Radar,14,35,31,8,88,0,8,16,16,40,14,43,47,24,128,8,2,10,138
03/12/2020,BIS,ND,AGL,CE,Combined TRACON& Tower with Radar,14,26,29,2,71,0,4,13,1,18,14,30,42,3,89,4,0,4,93
03/13/2020,BIS,ND,AGL,CE,Combined TRACON& Tower with Radar,13,29,15,2,59,0,3,17,4,24,13,32,32,6,83,20,0,20,103
03/14/2020,BIS,ND,AGL,CE,Combined TRACON& Tower with Radar,18,24,7,0,49,0,3,7,0,10,18,27,14,0,59,6,0,6,65
03/15/2020,BIS,ND,AGL,CE,Combined TRACON& Tower with Radar,13,16,4,0,33,0,0,0,0,0,13,16,4,0,33,0,0,0,33
03/16/2020,BIS,ND,AGL,CE,Combined TRACON& Tower with Radar,14,23,9,0,46,0,0,0,0,0,14,23,9,0,46,4,0,4,50
03/17/2020,BIS,ND,AGL,CE,Combined TRACON& Tower with Radar,10,28,17,0,55,0,0,21,1,22,10,28,38,1,77,30,0,30,107
03/18/2020,BIS,ND,AGL,CE,Combined TRACON& Tower with Radar,16,26,22,0,64,0,0,0,0,0,16,26,22,0,64,0,0,0,64
03/19/2020,BIS,ND,AGL,CE,Combined TRACON& Tower with Radar,10,33,9,0,52,0,0,0,8,8,10,33,9,8,60,0,0,0,60
03/20/2020,BIS,ND,AGL,CE,Combined TRACON& Tower with Radar,9,29,4,2,44,0,5,21,2,28,9,34,25,4,72,6,0,6,78
03/21/2020,BIS,ND,AGL,CE,Combined TRACON& Tower with Radar,11,22,3,0,36,0,1,6,0,7,11,23,9,0,43,5,0,5,48
03/22/2020,BIS,ND,AGL,CE,Combined TRACON& Tower with Radar,8,18,6,0,32,0,1,11,0,12,8,19,17,0,44,21,0,21,65
03/23/2020,BIS,ND,AGL,CE,Combined TRACON& Tower with Radar,10,21,10,2,43,0,0,8,3,11,10,21,18,5,54,4,0,4,58
03/24/2020,BIS,ND,AGL,CE,Combined TRACON& Tower with Radar,9,25,8,0,42,0,1,21,5,27,9,26,29,5,69,8,0,8,77
03/25/2020,BIS,ND,AGL,CE,Combined TRACON& Tower with Radar,6,21,8,0,35,0,4,1,5,10,6,25,9,5,45,2,0,2,47
03/26/2020,BIS,ND,AGL,CE,Combined TRACON& Tower with Radar,3,19,4,0,26,0,0,11,0,11,3,19,15,0,37,0,0,0,37
03/27/2020,BIS,ND,AGL,CE,Combined TRACON& Tower with Radar,3,20,10,0,33,0,0,10,2,12,3,20,20,2,45,0,0,0,45
03/28/2020,BIS,ND,AGL,CE,Combined TRACON& Tower with Radar,5,20,5,0,30,0,0,54,0,54,5,20,59,0,84,58,0,58,142
03/29/2020,BIS,ND,AGL,CE,Combined TRACON& Tower with Radar,2,13,6,0,21,0,1,18,0,19,2,14,24,0,40,8,0,8,48
03/30/2020,BIS,ND,AGL,CE,Combined TRACON& Tower with Radar,4,21,8,0,33,0,1,10,1,12,4,22,18,1,45,0,0,0,45
03/31/2020,BIS,ND,AGL,CE,Combined TRACON& Tower with Radar,5,26,6,2,39,0,0,4,2,6,5,26,10,4,45,0,0,0,45
04/01/2020,BIS,ND,AGL,CE,Combined TRACON& Tower with Radar,4,15,3,7,29,0,2,2,4,8,4,17,5,11,37,2,0,2,39
04/02/2020,BIS,ND,AGL,CE,Combined TRACON& Tower with Radar,7,4,1,0,12,0,0,0,0,0,7,4,1,0,12,0,0,0,12
04/03/2020,BIS,ND,AGL,CE,Combined TRACON& Tower with Radar,8,13,1,2,24,0,8,7,0,15,8,21,8,2,39,14,0,14,53
04/04/2020,BIS,ND,AGL,CE,Combined TRACON& Tower with Radar,6,10,2,0,18,0,1,8,0,9,6,11,10,0,27,4,0,4,31
04/05/2020,BIS,ND,AGL,CE,Combined TRACON& Tower with Radar,7,3,3,0,13,0,0,3,0,3,7,3,6,0,16,6,0,6,22
04/06/2020,BIS,ND,AGL,CE,Combined TRACON& Tower with Radar,7,7,5,3,22,0,2,8,1,11,7,9,13,4,33,14,0,14,47
04/07/2020,BIS,ND,AGL,CE,Combined TRACON& Tower with Radar,8,14,6,5,33,0,0,19,3,22,8,14,25,8,55,6,12,18,73
04/08/2020,BIS,ND,AGL,CE,Combined TRACON& Tower with Radar,8,14,2,0,24,0,0,3,4,7,8,14,5,4,31,0,4,4,35
04/09/2020,BIS,ND,AGL,CE,Combined TRACON& Tower with Radar,9,16,7,1,33,0,4,15,1,20,9,20,22,2,53,4,0,4,57
04/10/2020,BIS,ND,AGL,CE,Combined TRACON& Tower with Radar,7,12,14,0,33,0,1,40,0,41,7,13,54,0,74,22,0,22,96
04/11/2020,BIS,ND,AGL,CE,Combined TRACON& Tower with Radar,6,9,7,0,22,0,0,3,0,3,6,9,10,0,25,10,0,10,35
04/12/2020,BIS,ND,AGL,CE,Combined TRACON& Tower with Radar,4,2,1,0,7,0,1,2,0,3,4,3,3,0,10,0,0,0,10
04/13/2020,BIS,ND,AGL,CE,Combined TRACON& Tower with Radar,6,11,6,0,23,0,2,2,0,4,6,13,8,0,27,0,0,0,27
04/14/2020,BIS,ND,AGL,CE,Combined TRACON& Tower with Radar,7,15,1,0,23,0,6,8,0,14,7,21,9,0,37,2,0,2,39
04/15/2020,BIS,ND,AGL,CE,Combined TRACON& Tower with Radar,8,11,6,4,29,0,4,13,3,20,8,15,19,7,49,0,0,0,49
04/16/2020,BIS,ND,AGL,CE,Combined TRACON& Tower with Radar,7,14,12,0,33,0,2,12,4,18,7,16,24,4,51,0,0,0,51
04/17/2020,BIS,ND,AGL,CE,Combined TRACON& Tower with Radar,5,13,7,2,27,0,2,19,0,21,5,15,26,2,48,0,0,0,48
04/18/2020,BIS,ND,AGL,CE,Combined TRACON& Tower with Radar,9,10,5,0,24,0,6,11,0,17,9,16,16,0,41,10,0,10,51
04/19/2020,BIS,ND,AGL,CE,Combined TRACON& Tower with Radar,8,0,19,0,27,0,8,26,0,34,8,8,45,0,61,2,0,2,63
04/20/2020,BIS,ND,AGL,CE,Combined TRACON& Tower with Radar,7,9,8,0,24,0,2,17,2,21,7,11,25,2,45,2,0,2,47
04/21/2020,BIS,ND,AGL,CE,Combined TRACON& Tower with Radar,7,10,11,2,30,0,1,8,0,9,7,11,19,2,39,6,0,6,45
04/22/2020,BIS,ND,AGL,CE,Combined TRACON& Tower with Radar,6,13,11,2,32,0,0,22,9,31,6,13,33,11,63,0,0,0,63
04/23/2020,BIS,ND,AGL,CE,Combined TRACON& Tower with Radar,8,14,10,2,34,0,0,10,1,11,8,14,20,3,45,10,0,10,55
04/24/2020,BIS,ND,AGL,CE,Combined TRACON& Tower with Radar,6,14,9,0,29,0,0,18,0,18,6,14,27,0,47,16,0,16,63
04/25/2020,BIS,ND,AGL,CE,Combined TRACON& Tower with Radar,6,9,11,0,26,0,3,23,0,26,6,12,34,0,52,21,0,21,73
04/26/2020,BIS,ND,AGL,CE,Combined TRACON& Tower with Radar,6,2,9,0,17,0,0,10,0,10,6,2,19,0,27,0,0,0,27
04/27/2020,BIS,ND,AGL,CE,Combined TRACON& Tower with Radar,9,11,11,2,33,0,4,17,1,22,9,15,28,3,55,32,12,44,99
04/28/2020,BIS,ND,AGL,CE,Combined TRACON& Tower with Radar,4,12,9,2,27,0,1,10,2,13,4,13,19,4,40,0,0,0,40
04/29/2020,BIS,ND,AGL,CE,Combined TRACON& Tower with Radar,9,12,8,5,34,0,4,36,15,55,9,16,44,20,89,2,4,6,95
04/30/2020,BIS,ND,AGL,CE,Combined TRACON& Tower with Radar,4,7,9,2,22,0,9,15,1,25,4,16,24,3,47,0,0,0,47
05/01/2020,BIS,ND,AGL,CE,Combined TRACON& Tower with Radar,4,7,16,1,28,0,0,17,0,17,4,7,33,1,45,0,0,0,45
05/02/2020,BIS,ND,AGL,CE,Combined TRACON& Tower with Radar,6,11,1,0,18,0,0,15,0,15,6,11,16,0,33,22,0,22,55
05/03/2020,BIS,ND,AGL,CE,Combined TRACON& Tower with Radar,2,2,8,0,12,0,1,10,4,15,2,3,18,4,27,10,0,10,37
05/04/2020,BIS,ND,AGL,CE,Combined TRACON& Tower with Radar,7,6,5,0,18,0,1,4,0,5,7,7,9,0,23,16,0,16,39
05/05/2020,BIS,ND,AGL,CE,Combined TRACON& Tower with Radar,3,11,6,2,22,0,2,0,0,2,3,13,6,2,24,0,0,0,24
05/06/2020,BIS,ND,AGL,CE,Combined TRACON& Tower with Radar,6,10,7,1,24,0,5,17,3,25,6,15,24,4,49,2,0,2,51
05/07/2020,BIS,ND,AGL,CE,Combined TRACON& Tower with Radar,6,11,19,2,38,0,4,7,5,16,6,15,26,7,54,12,0,12,66
05/08/2020,BIS,ND,AGL,CE,Combined TRACON& Tower with Radar,8,8,5,0,21,0,6,37,8,51,8,14,42,8,72,60,0,60,132
05/09/2020,BIS,ND,AGL,CE,Combined TRACON& Tower with Radar,7,11,0,0,18,0,0,1,0,1,7,11,1,0,19,0,0,0,19
05/10/2020,BIS,ND,AGL,CE,Combined TRACON& Tower with Radar,4,0,8,0,12,0,4,9,0,13,4,4,17,0,25,2,0,2,27
05/11/2020,BIS,ND,AGL,CE,Combined TRACON& Tower with Radar,8,4,15,3,30,0,8,20,4,32,8,12,35,7,62,41,0,41,103
05/12/2020,BIS,ND,AGL,CE,Combined TRACON& Tower with Radar,6,16,8,2,32,0,3,3,3,9,6,19,11,5,41,10,16,26,67
05/13/2020,BIS,ND,AGL,CE,Combined TRACON& Tower with Radar,6,13,23,8,50,0,2,3,3,8,6,15,26,11,58,8,0,8,66
05/14/2020,BIS,ND,AGL,CE,Combined TRACON& Tower with Radar,8,10,16,2,36,0,0,10,3,13,8,10,26,5,49,0,0,0,49
05/15/2020,BIS,ND,AGL,CE,Combined TRACON& Tower with Radar,8,7,12,1,28,0,0,19,6,25,8,7,31,7,53,12,0,12,65
05/16/2020,BIS,ND,AGL,CE,Combined TRACON& Tower with Radar,10,9,8,1,28,0,1,5,3,9,10,10,13,4,37,0,0,0,37
05/17/2020,BIS,ND,AGL,CE,Combined TRACON& Tower with Radar,8,0,17,0,25,0,0,14,0,14,8,0,31,0,39,22,0,22,61
05/18/2020,BIS,ND,AGL,CE,Combined TRACON& Tower with Radar,6,2,4,0,12,0,8,6,0,14,6,10,10,0,26,0,0,0,26
05/19/2020,BIS,ND,AGL,CE,Combined TRACON& Tower with Radar,8,11,15,6,40,0,6,8,3,17,8,17,23,9,57,0,0,0,57
05/20/2020,BIS,ND,AGL,CE,Combined TRACON& Tower with Radar,8,10,24,5,47,0,6,4,9,19,8,16,28,14,66,0,0,0,66
05/21/2020,BIS,ND,AGL,CE,Combined TRACON& Tower with Radar,10,9,12,1,32,0,6,6,3,15,10,15,18,4,47,6,0,6,53
05/22/2020,BIS,ND,AGL,CE,Combined TRACON& Tower with Radar,8,16,36,5,65,0,1,18,3,22,8,17,54,8,87,22,0,22,109
05/23/2020,BIS,ND,AGL,CE,Combined TRACON& Tower with Radar,8,9,19,0,36,0,0,8,0,8,8,9,27,0,44,12,0,12,56
05/24/2020,BIS,ND,AGL,CE,Combined TRACON& Tower with Radar,8,0,13,0,21,0,0,1,0,1,8,0,14,0,22,0,0,0,22
05/25/2020,BIS,ND,AGL,CE,Combined TRACON& Tower with Radar,8,1,19,0,28,0,0,11,6,17,8,1,30,6,45,0,0,0,45
05/26/2020,BIS,ND,AGL,CE,Combined TRACON& Tower with Radar,8,4,15,0,27,0,2,27,2,31,8,6,42,2,58,46,0,46,104
05/27/2020,BIS,ND,AGL,CE,Combined TRACON& Tower with Radar,8,13,22,6,49,0,1,41,9,51,8,14,63,15,100,20,0,20,120
05/28/2020,BIS,ND,AGL,CE,Combined TRACON& Tower with Radar,10,10,18,1,39,0,2,15,0,17,10,12,33,1,56,16,0,16,72
05/29/2020,BIS,ND,AGL,CE,Combined TRACON& Tower with Radar,8,9,9,0,26,0,5,33,3,41,8,14,42,3,67,59,0,59,126
05/30/2020,BIS,ND,AGL,CE,Combined TRACON& Tower with Radar,9,9,8,0,26,0,1,12,0,13,9,10,20,0,39,0,0,0,39
05/31/2020,BIS,ND,AGL,CE,Combined TRACON& Tower with Radar,10,0,4,0,14,0,1,9,0,10,10,1,13,0,24,0,0,0,24
06/01/2020,BIS,ND,AGL,CE,Combined TRACON& Tower with Radar,6,7,7,0,20,0,1,8,4,13,6,8,15,4,33,0,0,0,33
06/02/2020,BIS,ND,AGL,CE,Combined TRACON& Tower with Radar,8,11,13,4,36,0,1,25,7,33,8,12,38,11,69,16,6,22,91
06/03/2020,BIS,ND,AGL,CE,Combined TRACON& Tower with Radar,10,14,11,0,35,0,0,16,7,23,10,14,27,7,58,4,0,4,62
06/04/2020,BIS,ND,AGL,CE,Combined TRACON& Tower with Radar,8,10,15,6,39,0,5,31,6,42,8,15,46,12,81,26,0,26,107
06/05/2020,BIS,ND,AGL,CE,Combined TRACON& Tower with Radar,6,8,4,2,20,0,2,25,7,34,6,10,29,9,54,41,8,49,103
06/06/2020,BIS,ND,AGL,CE,Combined TRACON& Tower with Radar,7,12,11,1,31,0,0,3,6,9,7,12,14,7,40,0,0,0,40
06/07/2020,BIS,ND,AGL,CE,Combined TRACON& Tower with Radar,6,3,6,0,15,0,1,18,6,25,6,4,24,6,40,24,0,24,64
06/08/2020,BIS,ND,AGL,CE,Combined TRACON& Tower with Radar,6,5,13,0,24,0,2,7,3,12,6,7,20,3,36,0,0,0,36
06/09/2020,BIS,ND,AGL,CE,Combined TRACON& Tower with Radar,6,12,12,2,32,0,0,20,5,25,6,12,32,7,57,0,0,0,57
06/10/2020,BIS,ND,AGL,CE,Combined TRACON& Tower with Radar,10,12,14,1,37,0,2,14,15,31,10,14,28,16,68,0,4,4,72
06/11/2020,BIS,ND,AGL,CE,Combined TRACON& Tower with Radar,8,13,18,0,39,0,7,13,4,24,8,20,31,4,63,36,0,36,99
06/12/2020,BIS,ND,AGL,CE,Combined TRACON& Tower with Radar,6,8,7,0,21,0,0,16,6,22,6,8,23,6,43,20,0,20,63
06/13/2020,BIS,ND,AGL,CE,Combined TRACON& Tower with Radar,8,12,8,0,28,0,3,13,0,16,8,15,21,0,44,4,0,4,48
06/14/2020,BIS,ND,AGL,CE,Combined TRACON& Tower with Radar,8,2,0,0,10,0,0,1,0,1,8,2,1,0,11,0,0,0,11
06/15/2020,BIS,ND,AGL,CE,Combined TRACON& Tower with Radar,6,6,18,0,30,0,1,8,2,11,6,7,26,2,41,6,0,6,47
06/16/2020,BIS,ND,AGL,CE,Combined TRACON& Tower with Radar,6,12,18,3,39,0,3,18,4,25,6,15,36,7,64,30,0,30,94
06/17/2020,BIS,ND,AGL,CE,Combined TRACON& Tower with Radar,9,11,27,3,50,0,2,16,8,26,9,13,43,11,76,78,0,78,154
06/18/2020,BIS,ND,AGL,CE,Combined TRACON& Tower with Radar,8,15,21,0,44,0,0,11,5,16,8,15,32,5,60,10,0,10,70
06/19/2020,BIS,ND,AGL,CE,Combined TRACON& Tower with Radar,6,11,10,0,27,0,0,38,1,39,6,11,48,1,66,12,0,12,78
06/20/2020,BIS,ND,AGL,CE,Combined TRACON& Tower with Radar,6,10,5,0,21,0,0,30,1,31,6,10,35,1,52,24,0,24,76
06/21/2020,BIS,ND,AGL,CE,Combined TRACON& Tower with Radar,6,4,10,0,20,0,4,26,3,33,6,8,36,3,53,22,8,30,83
06/22/2020,BIS,ND,AGL,CE,Combined TRACON& Tower with Radar,6,8,23,0,37,0,0,44,1,45,6,8,67,1,82,30,0,30,112
06/23/2020,BIS,ND,AGL,CE,Combined TRACON& Tower with Radar,6,10,30,0,46,0,4,50,1,55,6,14,80,1,101,4,0,4,105
06/24/2020,BIS,ND,AGL,CE,Combined TRACON& Tower with Radar,10,10,24,0,44,0,1,34,5,40,10,11,58,5,84,56,0,56,140
06/25/2020,BIS,ND,AGL,CE,Combined TRACON& Tower with Radar,8,14,29,0,51,0,3,24,12,39,8,17,53,12,90,24,0,24,114
06/26/2020,BIS,ND,AGL,CE,Combined TRACON& Tower with Radar,6,10,23,0,39,0,1,40,0,41,6,11,63,0,80,30,0,30,110
06/27/2020,BIS,ND,AGL,CE,Combined TRACON& Tower with Radar,8,13,6,0,27,0,1,14,0,15,8,14,20,0,42,16,0,16,58
06/28/2020,BIS,ND,AGL,CE,Combined TRACON& Tower with Radar,8,0,15,0,23,0,0,9,0,9,8,0,24,0,32,0,0,0,32
06/29/2020,BIS,ND,AGL,CE,Combined TRACON& Tower with Radar,8,3,39,0,50,0,3,14,3,20,8,6,53,3,70,22,0,22,92
06/30/2020,BIS,ND,AGL,CE,Combined TRACON& Tower with Radar,6,8,0,2,16,0,0,2,0,2,6,8,2,2,18,0,0,0,18
07/01/2020,BIS,ND,AGL,CE,Combined TRACON& Tower with Radar,9,16,11,1,37,0,6,34,12,52,9,22,45,13,89,50,20,70,159
07/02/2020,BIS,ND,AGL,CE,Combined TRACON& Tower with Radar,9,10,20,2,41,0,0,17,4,21,9,10,37,6,62,24,0,24,86
07/03/2020,BIS,ND,AGL,CE,Combined TRACON& Tower with Radar,6,6,5,0,17,2,4,12,0,18,8,10,17,0,35,48,0,48,83
07/04/2020,BIS,ND,AGL,CE,Combined TRACON& Tower with Radar,8,2,13,0,23,0,2,16,0,18,8,4,29,0,41,6,0,6,47
07/05/2020,BIS,ND,AGL,CE,Combined TRACON& Tower with Radar,9,4,7,0,20,0,0,23,0,23,9,4,30,0,43,24,0,24,67
07/06/2020,BIS,ND,AGL,CE,Combined TRACON& Tower with Radar,6,6,20,0,32,0,0,15,3,18,6,6,35,3,50,38,0,38,88
07/07/2020,BIS,ND,AGL,CE,Combined TRACON& Tower with Radar,5,10,26,5,46,0,2,19,5,26,5,12,45,10,72,8,0,8,80
07/08/2020,BIS,ND,AGL,CE,Combined TRACON& Tower with Radar,7,19,27,0,53,0,1,21,4,26,7,20,48,4,79,36,0,36,115
07/09/2020,BIS,ND,AGL,CE,Combined TRACON& Tower with Radar,10,15,17,0,42,0,4,21,0,25,10,19,38,0,67,6,0,6,73
07/10/2020,BIS,ND,AGL,CE,Combined TRACON& Tower with Radar,6,10,17,1,34,0,1,23,2,26,6,11,40,3,60,40,0,40,100
07/11/2020,BIS,ND,AGL,CE,Combined TRACON& Tower with Radar,8,16,24,2,50,0,1,19,2,22,8,17,43,4,72,0,0,0,72
07/12/2020,BIS,ND,AGL,CE,Combined TRACON& Tower with Radar,9,3,12,0,24,0,1,23,0,24,9,4,35,0,48,0,0,0,48
07/13/2020,BIS,ND,AGL,CE,Combined TRACON& Tower with Radar,6,5,13,5,29,0,1,16,3,20,6,6,29,8,49,39,0,39,88
07/14/2020,BIS,ND,AGL,CE,Combined TRACON& Tower with Radar,6,17,16,0,39,0,2,13,0,15,6,19,29,0,54,60,4,64,118
07/15/2020,BIS,ND,AGL,CE,Combined TRACON& Tower with Radar,7,19,17,0,43,0,6,27,4,37,7,25,44,4,80,34,0,34,114
07/16/2020,BIS,ND,AGL,CE,Combined TRACON& Tower with Radar,10,16,16,0,42,0,0,21,4,25,10,16,37,4,67,36,12,48,115
07/17/2020,BIS,ND,AGL,CE,Combined TRACON& Tower with Radar,6,14,15,0,35,0,5,21,5,31,6,19,36,5,66,48,0,48,114
07/18/2020,BIS,ND,AGL,CE,Combined TRACON& Tower with Radar,8,19,11,0,38,0,11,9,1,21,8,30,20,1,59,10,0,10,69
07/19/2020,BIS,ND,AGL,CE,Combined TRACON& Tower with Radar,8,3,18,0,29,0,7,17,0,24,8,10,35,0,53,6,0,6,59
07/20/2020,BIS,ND,AGL,CE,Combined TRACON& Tower with Radar,8,8,21,0,37,0,2,7,2,11,8,10,28,2,48,22,0,22,70
07/21/2020,BIS,ND,AGL,CE,Combined TRACON& Tower with Radar,7,9,35,4,55,0,0,9,2,11,7,9,44,6,66,0,0,0,66
07/22/2020,BIS,ND,AGL,CE,Combined TRACON& Tower with Radar,8,16,32,2,58,0,3,19,0,22,8,19,51,2,80,8,0,8,88
07/23/2020,BIS,ND,AGL,CE,Combined TRACON& Tower with Radar,11,14,27,4,56,0,2,12,3,17,11,16,39,7,73,2,0,2,75
07/24/2020,BIS,ND,AGL,CE,Combined TRACON& Tower with Radar,7,14,22,0,43,0,0,16,1,17,7,14,38,1,60,11,0,11,71
07/25/2020,BIS,ND,AGL,CE,Combined TRACON& Tower with Radar,8,18,12,0,38,0,1,23,4,28,8,19,35,4,66,42,0,42,108
07/26/2020,BIS,ND,AGL,CE,Combined TRACON& Tower with Radar,8,9,12,0,29,0,1,18,0,19,8,10,30,0,48,14,0,14,62
07/27/2020,BIS,ND,AGL,CE,Combined TRACON& Tower with Radar,7,8,17,3,35,0,3,30,1,34,7,11,47,4,69,72,0,72,141
07/28/2020,BIS,ND,AGL,CE,Combined TRACON& Tower with Radar,7,17,19,3,46,1,2,21,5,29,8,19,40,8,75,26,0,26,101
07/29/2020,BIS,ND,AGL,CE,Combined TRACON& Tower with Radar,8,14,25,1,48,0,5,20,5,30,8,19,45,6,78,34,0,34,112
07/30/2020,BIS,ND,AGL,CE,Combined TRACON& Tower with Radar,11,18,27,0,56,0,2,23,2,27,11,20,50,2,83,40,0,40,123
07/31/2020,BIS,ND,AGL,CE,Combined TRACON& Tower with Radar,6,15,17,1,39,0,3,16,5,24,6,18,33,6,63,6,0,6,69
08/01/2020,BIS,ND,AGL,CE,Combined TRACON& Tower with Radar,9,18,19,0,46,0,1,35,3,39,9,19,54,3,85,0,0,0,85
08/02/2020,BIS,ND,AGL,CE,Combined TRACON& Tower with Radar,12,5,13,0,30,0,11,28,12,51,12,16,41,12,81,28,16,44,125
08/03/2020,BIS,ND,AGL,CE,Combined TRACON& Tower with Radar,8,11,19,2,40,0,4,19,7,30,8,15,38,9,70,36,0,36,106
08/04/2020,BIS,ND,AGL,CE,Combined TRACON& Tower with Radar,8,13,11,0,32,0,3,16,4,23,8,16,27,4,55,6,12,18,73
08/05/2020,BIS,ND,AGL,CE,Combined TRACON& Tower with Radar,7,14,48,2,71,0,1,9,3,13,7,15,57,5,84,16,0,16,100
08/06/2020,BIS,ND,AGL,CE,Combined TRACON& Tower with Radar,14,13,21,0,48,0,3,13,2,18,14,16,34,2,66,0,0,0,66
08/07/2020,BIS,ND,AGL,CE,Combined TRACON& Tower with Radar,8,10,19,1,38,0,1,11,5,17,8,11,30,6,55,0,0,0,55
08/08/2020,BIS,ND,AGL,CE,Combined TRACON& Tower with Radar,10,18,11,0,39,0,3,22,3,28,10,21,33,3,67,0,0,0,67
08/09/2020,BIS,ND,AGL,CE,Combined TRACON& Tower with Radar,12,9,12,2,35,0,0,3,2,5,12,9,15,4,40,0,0,0,40
08/10/2020,BIS,ND,AGL,CE,Combined TRACON& Tower with Radar,10,12,24,2,48,0,7,25,6,38,10,19,49,8,86,16,0,16,102
08/11/2020,BIS,ND,AGL,CE,Combined TRACON& Tower with Radar,8,15,16,0,39,0,0,34,5,39,8,15,50,5,78,52,0,52,130
08/12/2020,BIS,ND,AGL,CE,Combined TRACON& Tower with Radar,9,17,15,1,42,0,4,28,10,42,9,21,43,11,84,46,10,56,140
08/13/2020,BIS,ND,AGL,CE,Combined TRACON& Tower with Radar,12,16,29,3,60,0,9,13,3,25,12,25,42,6,85,0,0,0,85
08/14/2020,BIS,ND,AGL,CE,Combined TRACON& Tower with Radar,8,15,21,0,44,0,5,13,1,19,8,20,34,1,63,0,0,0,63
08/15/2020,BIS,ND,AGL,CE,Combined TRACON& Tower with Radar,10,18,5,0,33,0,3,16,4,23,10,21,21,4,56,0,0,0,56
08/16/2020,BIS,ND,AGL,CE,Combined TRACON& Tower with Radar,12,4,10,0,26,0,4,17,3,24,12,8,27,3,50,2,0,2,52
08/17/2020,BIS,ND,AGL,CE,Combined TRACON& Tower with Radar,8,8,23,3,42,0,2,41,6,49,8,10,64,9,91,24,0,24,115
08/18/2020,BIS,ND,AGL,CE,Combined TRACON& Tower with Radar,8,14,28,0,50,0,5,16,1,22,8,19,44,1,72,0,8,8,80
08/19/2020,BIS,ND,AGL,CE,Combined TRACON& Tower with Radar,8,11,24,2,45,0,4,14,2,20,8,15,38,4,65,40,0,40,105
08/20/2020,BIS,ND,AGL,CE,Combined TRACON& Tower with Radar,10,11,25,4,50,0,2,12,0,14,10,13,37,4,64,38,0,38,102
08/21/2020,BIS,ND,AGL,CE,Combined TRACON& Tower with Radar,10,14,9,0,33,0,3,22,0,25,10,17,31,0,58,0,0,0,58
08/22/2020,BIS,ND,AGL,CE,Combined TRACON& Tower with Radar,7,18,16,0,41,0,0,27,0,27,7,18,43,0,68,0,0,0,68
08/23/2020,BIS,ND,AGL,CE,Combined TRACON& Tower with Radar,9,4,16,0,29,0,2,27,2,31,9,6,43,2,60,0,6,6,66
08/24/2020,BIS,ND,AGL,CE,Combined TRACON& Tower with Radar,10,9,10,0,29,0,1,13,0,14,10,10,23,0,43,9,0,9,52
08/25/2020,BIS,ND,AGL,CE,Combined TRACON& Tower with Radar,8,16,20,0,44,0,2,18,1,21,8,18,38,1,65,11,0,11,76
08/26/2020,BIS,ND,AGL,CE,Combined TRACON& Tower with Radar,8,19,24,3,54,0,3,17,3,23,8,22,41,6,77,11,0,11,88
08/27/2020,BIS,ND,AGL,CE,Combined TRACON& Tower with Radar,10,12,25,1,48,0,0,5,0,5,10,12,30,1,53,0,0,0,53
08/28/2020,BIS,ND,AGL,CE,Combined TRACON& Tower with Radar,10,11,31,0,52,0,1,12,0,13,10,12,43,0,65,24,0,24,89
08/29/2020,BIS,ND,AGL,CE,Combined TRACON& Tower with Radar,8,13,7,2,30,0,3,44,3,50,8,16,51,5,80,20,0,20,100
08/30/2020,BIS,ND,AGL,CE,Combined TRACON& Tower with Radar,10,7,9,0,26,0,5,4,0,9,10,12,13,0,35,0,0,0,35
08/31/2020,BIS,ND,AGL,CE,Combined TRACON& Tower with Radar,10,7,19,0,36,0,3,25,0,28,10,10,44,0,64,4,0,4,68
09/01/2020,BIS,ND,AGL,CE,Combined TRACON& Tower with Radar,8,15,17,5,45,0,4,19,1,24,8,19,36,6,69,0,0,0,69
09/02/2020,BIS,ND,AGL,CE,Combined TRACON& Tower with Radar,8,15,20,2,45,0,0,11,6,17,8,15,31,8,62,6,0,6,68
09/03/2020,BIS,ND,AGL,CE,Combined TRACON& Tower with Radar,10,14,20,2,46,0,5,17,4,26,10,19,37,6,72,23,2,25,97
09/04/2020,BIS,ND,AGL,CE,Combined TRACON& Tower with Radar,15,13,13,7,48,0,4,23,7,34,15,17,36,14,82,42,0,42,124
09/05/2020,BIS,ND,AGL,CE,Combined TRACON& Tower with Radar,8,12,0,0,20,0,0,21,0,21,8,12,21,0,41,16,0,16,57
09/06/2020,BIS,ND,AGL,CE,Combined TRACON& Tower with Radar,9,3,0,0,12,0,5,7,0,12,9,8,7,0,24,0,0,0,24
09/07/2020,BIS,ND,AGL,CE,Combined TRACON& Tower with Radar,11,5,2,0,18,0,2,2,0,4,11,7,4,0,22,0,0,0,22
09/08/2020,BIS,ND,AGL,CE,Combined TRACON& Tower with Radar,12,8,17,7,44,0,6,10,4,20,12,14,27,11,64,4,0,4,68
09/09/2020,BIS,ND,AGL,CE,Combined TRACON& Tower with Radar,10,17,7,2,36,0,5,14,5,24,10,22,21,7,60,12,0,12,72
09/10/2020,BIS,ND,AGL,CE,Combined TRACON& Tower with Radar,15,16,24,3,58,0,5,19,9,33,15,21,43,12,91,6,6,12,103
09/11/2020,BIS,ND,AGL,CE,Combined TRACON& Tower with Radar,15,16,19,2,52,0,6,20,12,38,15,22,39,14,90,30,2,32,122
09/12/2020,BIS,ND,AGL,CE,Combined TRACON& Tower with Radar,11,15,20,2,48,0,1,29,6,36,11,16,49,8,84,12,0,12,96
09/13/2020,BIS,ND,AGL,CE,Combined TRACON& Tower with Radar,16,5,6,0,27,0,2,41,0,43,16,7,47,0,70,20,0,20,90
09/14/2020,BIS,ND,AGL,CE,Combined TRACON& Tower with Radar,14,14,19,3,50,0,1,19,3,23,14,15,38,6,73,24,0,24,97
09/15/2020,BIS,ND,AGL,CE,Combined TRACON& Tower with Radar,12,17,16,6,51,0,3,19,1,23,12,20,35,7,74,42,0,42,116
09/16/2020,BIS,ND,AGL,CE,Combined TRACON& Tower with Radar,12,23,25,5,65,0,7,35,7,49,12,30,60,12,114,18,0,18,132
09/17/2020,BIS,ND,AGL,CE,Combined TRACON& Tower with Radar,16,17,36,1,70,0,0,23,1,24,16,17,59,2,94,20,0,20,114
09/18/2020,BIS,ND,AGL,CE,Combined TRACON& Tower with Radar,16,19,24,0,59,0,4,25,8,37,16,23,49,8,96,23,4,27,123
09/19/2020,BIS,ND,AGL,CE,Combined TRACON& Tower with Radar,12,14,10,1,37,0,3,6,4,13,12,17,16,5,50,56,0,56,106
09/20/2020,BIS,ND,AGL,CE,Combined TRACON& Tower with Radar,16,5,7,0,28,0,1,5,4,10,16,6,12,4,38,0,0,0,38
09/21/2020,BIS,ND,AGL,CE,Combined TRACON& Tower with Radar,13,15,17,2,47,0,0,23,0,23,13,15,40,2,70,16,22,38,108
09/22/2020,BIS,ND,AGL,CE,Combined TRACON& Tower with Radar,13,16,30,6,65,0,3,22,3,28,13,19,52,9,93,8,2,10,103
09/23/2020,BIS,ND,AGL,CE,Combined TRACON& Tower with Radar,12,16,28,3,59,0,3,11,4,18,12,19,39,7,77,0,0,0,77
09/24/2020,BIS,ND,AGL,CE,Combined TRACON& Tower with Radar,16,16,16,4,52,0,4,12,4,20,16,20,28,8,72,18,0,18,90
09/25/2020,BIS,ND,AGL,CE,Combined TRACON& Tower with Radar,14,18,24,2,58,0,1,23,10,34,14,19,47,12,92,12,0,12,104
09/26/2020,BIS,ND,AGL,CE,Combined TRACON& Tower with Radar,8,13,1,0,22,0,1,2,7,10,8,14,3,7,32,0,0,0,32
09/27/2020,BIS,ND,AGL,CE,Combined TRACON& Tower with Radar,10,7,10,0,27,0,1,0,0,1,10,8,10,0,28,0,0,0,28
09/28/2020,BIS,ND,AGL,CE,Combined TRACON& Tower with Radar,11,8,3,0,22,0,3,10,0,13,11,11,13,0,35,20,0,20,55
09/29/2020,BIS,ND,AGL,CE,Combined TRACON& Tower with Radar,12,25,15,2,54,0,2,12,2,16,12,27,27,4,70,22,0,22,92
09/30/2020,BIS,ND,AGL,CE,Combined TRACON& Tower with Radar,12,30,32,4,78,0,0,3,13,16,12,30,35,17,94,0,0,0,94
10/01/2020,BIS,ND,AGL,CE,Combined TRACON& Tower with Radar,18,22,26,2,68,0,4,12,0,16,18,26,38,2,84,74,0,74,158
10/02/2020,BIS,ND,AGL,CE,Combined TRACON& Tower with Radar,18,16,13,2,49,0,4,25,2,31,18,20,38,4,80,44,0,44,124
10/03/2020,BIS,ND,AGL,CE,Combined TRACON& Tower with Radar,15,17,11,0,43,0,7,9,0,16,15,24,20,0,59,4,0,4,63
10/04/2020,BIS,ND,AGL,CE,Combined TRACON& Tower with Radar,19,5,13,0,37,0,8,24,0,32,19,13,37,0,69,8,0,8,77
10/05/2020,BIS,ND,AGL,CE,Combined TRACON& Tower with Radar,16,13,17,0,46,0,3,13,0,16,16,16,30,0,62,6,0,6,68
10/06/2020,BIS,ND,AGL,CE,Combined TRACON& Tower with Radar,14,28,19,2,63,0,0,19,0,19,14,28,38,2,82,0,0,0,82
10/07/2020,BIS,ND,AGL,CE,Combined TRACON& Tower with Radar,16,19,36,2,73,0,2,19,3,24,16,21,55,5,97,0,0,0,97
10/08/2020,BIS,ND,AGL,CE,Combined TRACON& Tower with Radar,18,16,22,7,63,0,2,12,2,16,18,18,34,9,79,0,0,0,79
10/09/2020,BIS,ND,AGL,CE,Combined TRACON& Tower with Radar,14,22,19,2,57,0,1,16,2,19,14,23,35,4,76,14,0,14,90
10/10/2020,BIS,ND,AGL,CE,Combined TRACON& Tower with Radar,14,13,6,0,33,0,1,26,0,27,14,14,32,0,60,0,0,0,60
10/11/2020,BIS,ND,AGL,CE,Combined TRACON& Tower with Radar,16,4,8,0,28,1,3,2,0,6,17,7,10,0,34,16,0,16,50
10/12/2020,BIS,ND,AGL,CE,Combined TRACON& Tower with Radar,17,10,28,0,55,0,2,19,0,21,17,12,47,0,76,10,0,10,86
10/13/2020,BIS,ND,AGL,CE,Combined TRACON& Tower with Radar,15,16,11,4,46,0,3,8,1,12,15,19,19,5,58,16,0,16,74
10/14/2020,BIS,ND,AGL,CE,Combined TRACON& Tower with Radar,16,21,30,0,67,0,0,3,7,10,16,21,33,7,77,0,0,0,77
10/15/2020,BIS,ND,AGL,CE,Combined TRACON& Tower with Radar,18,22,19,0,59,0,3,11,1,15,18,25,30,1,74,20,2,22,96
10/16/2020,BIS,ND,AGL,CE,Combined TRACON& Tower with Radar,17,19,17,2,55,0,0,16,0,16,17,19,33,2,71,14,0,14,85
10/17/2020,BIS,ND,AGL,CE,Combined TRACON& Tower with Radar,14,13,7,0,34,0,4,14,0,18,14,17,21,0,52,4,0,4,56
10/18/2020,BIS,ND,AGL,CE,Combined TRACON& Tower with Radar,19,8,7,0,34,0,2,17,0,19,19,10,24,0,53,8,0,8,61
10/19/2020,BIS,ND,AGL,CE,Combined TRACON& Tower with Radar,14,9,20,2,45,1,0,4,4,9,15,9,24,6,54,20,0,20,74
10/20/2020,BIS,ND,AGL,CE,Combined TRACON& Tower with Radar,17,21,11,0,49,0,0,0,2,2,17,21,11,2,51,0,0,0,51
10/21/2020,BIS,ND,AGL,CE,Combined TRACON& Tower with Radar,15,20,15,2,52,0,2,13,4,19,15,22,28,6,71,20,0,20,91
10/22/2020,BIS,ND,AGL,CE,Combined TRACON& Tower with Radar,18,21,5,0,44,0,0,0,0,0,18,21,5,0,44,0,0,0,44
10/23/2020,BIS,ND,AGL,CE,Combined TRACON& Tower with Radar,14,16,37,1,68,1,1,15,0,17,15,17,52,1,85,0,0,0,85
10/24/2020,BIS,ND,AGL,CE,Combined TRACON& Tower with Radar,14,18,4,0,36,0,0,1,0,1,14,18,5,0,37,0,0,0,37
10/25/2020,BIS,ND,AGL,CE,Combined TRACON& Tower with Radar,16,2,14,0,32,0,1,0,0,1,16,3,14,0,33,0,0,0,33
10/26/2020,BIS,ND,AGL,CE,Combined TRACON& Tower with Radar,15,14,21,0,50,0,4,35,1,40,15,18,56,1,90,10,0,10,100
10/27/2020,BIS,ND,AGL,CE,Combined TRACON& Tower with Radar,15,19,17,0,51,0,0,8,3,11,15,19,25,3,62,8,0,8,70
10/28/2020,BIS,ND,AGL,CE,Combined TRACON& Tower with Radar,15,15,25,2,57,0,4,38,14,56,15,19,63,16,113,0,58,58,171
10/29/2020,BIS,ND,AGL,CE,Combined TRACON& Tower with Radar,18,19,30,0,67,0,2,7,0,9,18,21,37,0,76,24,4,28,104
10/30/2020,BIS,ND,AGL,CE,Combined TRACON& Tower with Radar,15,20,4,2,41,0,0,0,0,0,15,20,4,2,41,0,0,0,41
10/31/2020,BIS,ND,AGL,CE,Combined TRACON& Tower with Radar,14,17,6,0,37,0,0,1,0,1,14,17,7,0,38,0,0,0,38
11/01/2020,BIS,ND,AGL,CE,Combined TRACON& Tower with Radar,17,5,17,0,39,0,1,37,0,38,17,6,54,0,77,29,0,29,106
11/02/2020,BIS,ND,AGL,CE,Combined TRACON& Tower with Radar,15,15,15,0,45,0,4,27,6,37,15,19,42,6,82,44,12,56,138
11/03/2020,BIS,ND,AGL,CE,Combined TRACON& Tower with Radar,13,19,18,0,50,0,3,17,4,24,13,22,35,4,74,6,0,6,80
11/04/2020,BIS,ND,AGL,CE,Combined TRACON& Tower with Radar,15,21,20,1,57,0,2,29,14,45,15,23,49,15,102,28,2,30,132
11/05/2020,BIS,ND,AGL,CE,Combined TRACON& Tower with Radar,19,18,31,4,72,0,4,28,5,37,19,22,59,9,109,40,0,40,149
11/06/2020,BIS,ND,AGL,CE,Combined TRACON& Tower with Radar,16,14,4,2,36,0,2,22,0,24,16,16,26,2,60,20,0,20,80
11/07/2020,BIS,ND,AGL,CE,Combined TRACON& Tower with Radar,15,18,2,0,35,0,1,3,0,4,15,19,5,0,39,20,0,20,59
11/08/2020,BIS,ND,AGL,CE,Combined TRACON& Tower with Radar,19,8,2,0,29,0,1,4,1,6,19,9,6,1,35,28,0,28,63
11/09/2020,BIS,ND,AGL,CE,Combined TRACON& Tower with Radar,17,7,3,0,27,0,4,5,0,9,17,11,8,0,36,0,0,0,36
11/10/2020,BIS,ND,AGL,CE,Combined TRACON& Tower with Radar,14,17,15,0,46,1,3,22,10,36,15,20,37,10,82,46,2,48,130
11/11/2020,BIS,ND,AGL,CE,Combined TRACON& Tower with Radar,16,20,10,0,46,0,0,6,0,6,16,20,16,0,52,0,0,0,52
11/12/2020,BIS,ND,AGL,CE,Combined TRACON& Tower with Radar,17,24,12,0,53,0,0,12,9,21,17,24,24,9,74,0,6,6,80
11/13/2020,BIS,ND,AGL,CE,Combined TRACON& Tower with Radar,17,17,11,0,45,0,0,33,0,33,17,17,44,0,78,6,0,6,84
11/14/2020,BIS,ND,AGL,CE,Combined TRACON& Tower with Radar,15,15,4,1,35,0,0,21,1,22,15,15,25,2,57,2,0,2,59
11/15/2020,BIS,ND,AGL,CE,Combined TRACON& Tower with Radar,19,4,9,0,32,0,5,20,0,25,19,9,29,0,57,37,0,37,94
11/16/2020,BIS,ND,AGL,CE,Combined TRACON& Tower with Radar,17,13,13,4,47,0,4,5,0,9,17,17,18,4,56,0,6,6,62
11/17/2020,BIS,ND,AGL,CE,Combined TRACON& Tower with Radar,15,25,15,2,57,0,6,15,1,22,15,31,30,3,79,12,0,12,91
11/18/2020,BIS,ND,AGL,CE,Combined TRACON& Tower with Radar,17,17,32,1,67,0,3,34,5,42,17,20,66,6,109,71,0,71,180
11/19/2020,BIS,ND,AGL,CE,Combined TRACON& Tower with Radar,16,22,20,0,58,0,1,2,0,3,16,23,22,0,61,0,0,0,61
11/20/2020,BIS,ND,AGL,CE,Combined TRACON& Tower with Radar,16,22,8,0,46,0,7,13,2,22,16,29,21,2,68,14,0,14,82
11/21/2020,BIS,ND,AGL,CE,Combined TRACON& Tower with Radar,17,12,18,3,50,0,4,36,4,44,17,16,54,7,94,46,0,46,140
11/22/2020,BIS,ND,AGL,CE,Combined TRACON& Tower with Radar,19,5,12,0,36,0,4,20,4,28,19,9,32,4,64,16,0,16,80
11/23/2020,BIS,ND,AGL,CE,Combined TRACON& Tower with Radar,19,9,12,0,40,0,2,16,0,18,19,11,28,0,58,6,0,6,64
11/24/2020,BIS,ND,AGL,CE,Combined TRACON& Tower with Radar,18,17,9,0,44,0,0,6,8,14,18,17,15,8,58,6,0,6,64
11/25/2020,BIS,ND,AGL,CE,Combined TRACON& Tower with Radar,20,15,15,0,50,0,0,17,2,19,20,15,32,2,69,10,0,10,79
11/26/2020,BIS,ND,AGL,CE,Combined TRACON& Tower with Radar,10,5,2,0,17,0,1,17,0,18,10,6,19,0,35,10,0,10,45
11/27/2020,BIS,ND,AGL,CE,Combined TRACON& Tower with Radar,17,17,4,0,38,0,0,8,0,8,17,17,12,0,46,0,0,0,46
11/28/2020,BIS,ND,AGL,CE,Combined TRACON& Tower with Radar,18,16,8,0,42,0,0,14,0,14,18,16,22,0,56,0,0,0,56
11/29/2020,BIS,ND,AGL,CE,Combined TRACON& Tower with Radar,17,5,11,0,33,1,4,7,0,12,18,9,18,0,45,0,0,0,45
11/30/2020,BIS,ND,AGL,CE,Combined TRACON& Tower with Radar,16,11,23,0,50,0,3,36,0,39,16,14,59,0,89,22,0,22,111
12/01/2020,BIS,ND,AGL,CE,Combined TRACON& Tower with Radar,16,20,19,0,55,0,1,11,0,12,16,21,30,0,67,22,0,22,89
12/02/2020,BIS,ND,AGL,CE,Combined TRACON& Tower with Radar,16,16,19,0,51,0,5,12,8,25,16,21,31,8,76,0,0,0,76
12/03/2020,BIS,ND,AGL,CE,Combined TRACON& Tower with Radar,15,12,12,3,42,0,2,25,2,29,15,14,37,5,71,24,0,24,95
12/04/2020,BIS,ND,AGL,CE,Combined TRACON& Tower with Radar,11,15,15,1,42,0,0,21,2,23,11,15,36,3,65,4,0,4,69
12/05/2020,BIS,ND,AGL,CE,Combined TRACON& Tower with Radar,13,12,14,1,40,0,0,27,7,34,13,12,41,8,74,22,0,22,96
12/06/2020,BIS,ND,AGL,CE,Combined TRACON& Tower with Radar,13,5,10,0,28,0,1,26,2,29,13,6,36,2,57,30,0,30,87
12/07/2020,BIS,ND,AGL,CE,Combined TRACON& Tower with Radar,17,9,18,0,44,0,5,28,3,36,17,14,46,3,80,10,0,10,90
12/08/2020,BIS,ND,AGL,CE,Combined TRACON& Tower with Radar,13,14,16,2,45,0,1,19,5,25,13,15,35,7,70,10,0,10,80
12/09/2020,BIS,ND,AGL,CE,Combined TRACON& Tower with Radar,15,26,11,6,58,0,1,17,11,29,15,27,28,17,87,24,6,30,117
12/10/2020,BIS,ND,AGL,CE,Combined TRACON& Tower with Radar,17,15,11,0,43,0,6,10,4,20,17,21,21,4,63,0,0,0,63
12/11/2020,BIS,ND,AGL,CE,Combined TRACON& Tower with Radar,13,14,4,0,31,0,0,0,0,0,13,14,4,0,31,0,0,0,31
12/12/2020,BIS,ND,AGL,CE,Combined TRACON& Tower with Radar,13,18,1,0,32,0,0,0,0,0,13,18,1,0,32,0,0,0,32
12/13/2020,BIS,ND,AGL,CE,Combined TRACON& Tower with Radar,15,8,4,0,27,0,0,3,0,3,15,8,7,0,30,0,0,0,30
12/14/2020,BIS,ND,AGL,CE,Combined TRACON& Tower with Radar,17,7,17,1,42,0,5,19,5,29,17,12,36,6,71,26,0,26,97
12/15/2020,BIS,ND,AGL,CE,Combined TRACON& Tower with Radar,15,19,21,3,58,0,0,10,0,10,15,19,31,3,68,2,0,2,70
12/16/2020,BIS,ND,AGL,CE,Combined TRACON& Tower with Radar,13,14,28,1,56,0,3,18,11,32,13,17,46,12,88,2,0,2,90
12/17/2020,BIS,ND,AGL,CE,Combined TRACON& Tower with Radar,13,18,17,0,48,0,6,12,7,25,13,24,29,7,73,14,0,14,87
12/18/2020,BIS,ND,AGL,CE,Combined TRACON& Tower with Radar,14,20,14,0,48,0,2,2,0,4,14,22,16,0,52,0,0,0,52
12/19/2020,BIS,ND,AGL,CE,Combined TRACON& Tower with Radar,16,13,15,0,44,0,0,10,0,10,16,13,25,0,54,35,0,35,89
12/20/2020,BIS,ND,AGL,CE,Combined TRACON& Tower with Radar,12,7,9,1,29,0,3,5,0,8,12,10,14,1,37,10,0,10,47
12/21/2020,BIS,ND,AGL,CE,Combined TRACON& Tower with Radar,12,17,12,3,44,0,1,8,1,10,12,18,20,4,54,0,0,0,54
12/22/2020,BIS,ND,AGL,CE,Combined TRACON& Tower with Radar,12,18,17,0,47,0,0,21,0,21,12,18,38,0,68,24,0,24,92
12/23/2020,BIS,ND,AGL,CE,Combined TRACON& Tower with Radar,15,8,5,0,28,0,0,0,0,0,15,8,5,0,28,0,0,0,28
12/24/2020,BIS,ND,AGL,CE,Combined TRACON& Tower with Radar,11,18,5,0,34,0,4,10,0,14,11,22,15,0,48,4,0,4,52
12/25/2020,BIS,ND,AGL,CE,Combined TRACON& Tower with Radar,11,10,3,0,24,0,2,22,0,24,11,12,25,0,48,6,0,6,54
12/26/2020,BIS,ND,AGL,CE,Combined TRACON& Tower with Radar,14,22,4,0,40,0,0,11,0,11,14,22,15,0,51,0,0,0,51
12/27/2020,BIS,ND,AGL,CE,Combined TRACON& Tower with Radar,12,6,1,0,19,0,0,4,0,4,12,6,5,0,23,24,0,24,47
12/28/2020,BIS,ND,AGL,CE,Combined TRACON& Tower with Radar,15,14,7,2,38,0,1,15,0,16,15,15,22,2,54,22,0,22,76
12/29/2020,BIS,ND,AGL,CE,Combined TRACON& Tower with Radar,13,17,4,0,34,0,0,1,0,1,13,17,5,0,35,0,0,0,35
12/30/2020,BIS,ND,AGL,CE,Combined TRACON& Tower with Radar,17,24,12,0,53,0,1,8,5,14,17,25,20,5,67,4,0,4,71
12/31/2020,BIS,ND,AGL,CE,Combined TRACON& Tower with Radar,10,16,15,0,41,0,0,23,0,23,10,16,38,0,64,0,0,0,64
01/01/2021,BIS,ND,AGL,CE,Combined TRACON& Tower with Radar,10,5,10,0,25,0,2,18,0,20,10,7,28,0,45,10,0,10,55
01/02/2021,BIS,ND,AGL,CE,Combined TRACON& Tower with Radar,16,17,9,0,42,0,1,13,0,14,16,18,22,0,56,10,0,10,66
01/03/2021,BIS,ND,AGL,CE,Combined TRACON& Tower with Radar,12,9,9,0,30,0,4,19,0,23,12,13,28,0,53,18,0,18,71
01/04/2021,BIS,ND,AGL,CE,Combined TRACON& Tower with Radar,15,14,14,0,43,0,9,38,2,49,15,23,52,2,92,30,0,30,122
01/05/2021,BIS,ND,AGL,CE,Combined TRACON& Tower with Radar,11,20,22,1,54,0,6,31,1,38,11,26,53,2,92,24,0,24,116
01/06/2021,BIS,ND,AGL,CE,Combined TRACON& Tower with Radar,11,20,10,0,41,0,0,6,0,6,11,20,16,0,47,8,4,12,59
01/07/2021,BIS,ND,AGL,CE,Combined TRACON& Tower with Radar,12,19,12,8,51,0,0,0,0,0,12,19,12,8,51,0,0,0,51
01/08/2021,BIS,ND,AGL,CE,Combined TRACON& Tower with Radar,9,24,0,6,39,0,0,0,0,0,9,24,0,6,39,0,0,0,39
01/09/2021,BIS,ND,AGL,CE,Combined TRACON& Tower with Radar,12,11,2,2,27,0,0,0,5,5,12,11,2,7,32,0,0,0,32
01/10/2021,BIS,ND,AGL,CE,Combined TRACON& Tower with Radar,17,5,8,0,30,0,1,10,8,19,17,6,18,8,49,0,0,0,49
01/11/2021,BIS,ND,AGL,CE,Combined TRACON& Tower with Radar,10,10,12,5,37,0,0,17,4,21,10,10,29,9,58,26,8,34,92
01/12/2021,BIS,ND,AGL,CE,Combined TRACON& Tower with Radar,10,18,24,2,54,0,0,42,1,43,10,18,66,3,97,58,0,58,155
01/13/2021,BIS,ND,AGL,CE,Combined TRACON& Tower with Radar,10,21,15,3,49,0,2,21,9,32,10,23,36,12,81,8,0,8,89
01/14/2021,BIS,ND,AGL,CE,Combined TRACON& Tower with Radar,11,11,5,0,27,0,0,0,0,0,11,11,5,0,27,0,0,0,27
01/15/2021,BIS,ND,AGL,CE,Combined TRACON& Tower with Radar,13,20,19,5,57,0,4,0,0,4,13,24,19,5,61,0,0,0,61
01/16/2021,BIS,ND,AGL,CE,Combined TRACON& Tower with Radar,11,14,10,2,37,0,0,18,0,18,11,14,28,2,55,20,0,20,75
01/17/2021,BIS,ND,AGL,CE,Combined TRACON& Tower with Radar,12,5,5,0,22,0,1,19,0,20,12,6,24,0,42,76,0,76,118
01/18/2021,BIS,ND,AGL,CE,Combined TRACON& Tower with Radar,11,14,14,0,39,0,0,0,0,0,11,14,14,0,39,0,0,0,39
01/19/2021,BIS,ND,AGL,CE,Combined TRACON& Tower with Radar,11,17,23,0,51,0,1,10,0,11,11,18,33,0,62,28,0,28,90
01/20/2021,BIS,ND,AGL,CE,Combined TRACON& Tower with Radar,9,20,23,0,52,0,0,7,8,15,9,20,30,8,67,10,1,11,78
01/21/2021,BIS,ND,AGL,CE,Combined TRACON& Tower with Radar,13,21,18,0,52,0,2,8,5,15,13,23,26,5,67,24,0,24,91
01/22/2021,BIS,ND,AGL,CE,Combined TRACON& Tower with Radar,11,15,30,0,56,0,0,27,4,31,11,15,57,4,87,50,0,50,137
01/23/2021,BIS,ND,AGL,CE,Combined TRACON& Tower with Radar,12,14,1,0,27,0,0,25,1,26,12,14,26,1,53,41,0,41,94
01/24/2021,BIS,ND,AGL,CE,Combined TRACON& Tower with Radar,13,7,6,3,29,0,0,5,1,6,13,7,11,4,35,12,0,12,47
01/25/2021,BIS,ND,AGL,CE,Combined TRACON& Tower with Radar,9,17,9,0,35,0,0,1,0,1,9,17,10,0,36,0,0,0,36
01/26/2021,BIS,ND,AGL,CE,Combined TRACON& Tower with Radar,12,17,19,1,49,0,2,3,5,10,12,19,22,6,59,2,8,10,69
01/27/2021,BIS,ND,AGL,CE,Combined TRACON& Tower with Radar,11,20,24,0,55,0,0,2,9,11,11,20,26,9,66,20,2,22,88
01/28/2021,BIS,ND,AGL,CE,Combined TRACON& Tower with Radar,15,15,19,2,51,0,0,20,2,22,15,15,39,4,73,26,0,26,99
01/29/2021,BIS,ND,AGL,CE,Combined TRACON& Tower with Radar,11,22,24,2,59,0,0,0,0,0,11,22,24,2,59,0,0,0,59
01/30/2021,BIS,ND,AGL,CE,Combined TRACON& Tower with Radar,14,20,1,0,35,0,0,0,0,0,14,20,1,0,35,0,0,0,35
01/31/2021,BIS,ND,AGL,CE,Combined TRACON& Tower with Radar,12,3,18,0,33,0,0,0,0,0,12,3,18,0,33,0,0,0,33
02/01/2021,BIS,ND,AGL,CE,Combined TRACON& Tower with Radar,10,9,15,0,34,0,1,5,0,6,10,10,20,0,40,20,0,20,60
02/02/2021,BIS,ND,AGL,CE,Combined TRACON& Tower with Radar,10,15,10,0,35,0,0,0,0,0,10,15,10,0,35,0,0,0,35
02/03/2021,BIS,ND,AGL,CE,Combined TRACON& Tower with Radar,10,18,17,0,45,0,0,0,0,0,10,18,17,0,45,0,0,0,45
02/04/2021,BIS,ND,AGL,CE,Combined TRACON& Tower with Radar,14,18,22,0,54,0,1,8,4,13,14,19,30,4,67,4,0,4,71
02/05/2021,BIS,ND,AGL,CE,Combined TRACON& Tower with Radar,9,18,10,0,37,0,1,2,0,3,9,19,12,0,40,10,0,10,50
02/06/2021,BIS,ND,AGL,CE,Combined TRACON& Tower with Radar,12,15,8,0,35,0,0,6,0,6,12,15,14,0,41,0,0,0,41
02/07/2021,BIS,ND,AGL,CE,Combined TRACON& Tower with Radar,12,7,8,0,27,0,0,0,0,0,12,7,8,0,27,4,0,4,31
02/08/2021,BIS,ND,AGL,CE,Combined TRACON& Tower with Radar,12,12,18,2,44,0,0,5,0,5,12,12,23,2,49,0,0,0,49
02/09/2021,BIS,ND,AGL,CE,Combined TRACON& Tower with Radar,10,21,16,2,49,0,3,10,0,13,10,24,26,2,62,0,0,0,62
02/10/2021,BIS,ND,AGL,CE,Combined TRACON& Tower with Radar,15,19,22,2,58,0,0,10,5,15,15,19,32,7,73,70,0,70,143
02/11/2021,BIS,ND,AGL,CE,Combined TRACON& Tower with Radar,14,13,31,0,58,0,0,0,0,0,14,13,31,0,58,0,0,0,58
02/12/2021,BIS,ND,AGL,CE,Combined TRACON& Tower with Radar,12,17,9,0,38,0,2,1,0,3,12,19,10,0,41,8,0,8,49
02/13/2021,BIS,ND,AGL,CE,Combined TRACON& Tower with Radar,12,12,4,0,28,0,0,0,0,0,12,12,4,0,28,0,0,0,28
02/14/2021,BIS,ND,AGL,CE,Combined TRACON& Tower with Radar,11,3,10,0,24,0,0,10,0,10,11,3,20,0,34,6,0,6,40
02/15/2021,BIS,ND,AGL,CE,Combined TRACON& Tower with Radar,14,12,13,0,39,0,0,15,0,15,14,12,28,0,54,46,0,46,100
02/16/2021,BIS,ND,AGL,CE,Combined TRACON& Tower with Radar,11,12,25,0,48,0,2,13,5,20,11,14,38,5,68,0,0,0,68
02/17/2021,BIS,ND,AGL,CE,Combined TRACON& Tower with Radar,17,11,20,2,50,0,0,10,12,22,17,11,30,14,72,12,0,12,84
02/18/2021,BIS,ND,AGL,CE,Combined TRACON& Tower with Radar,14,18,24,0,56,0,0,4,3,7,14,18,28,3,63,4,0,4,67
02/19/2021,BIS,ND,AGL,CE,Combined TRACON& Tower with Radar,11,12,10,0,33,0,11,8,6,25,11,23,18,6,58,90,0,90,148
02/20/2021,BIS,ND,AGL,CE,Combined TRACON& Tower with Radar,12,11,15,1,39,0,1,21,3,25,12,12,36,4,64,12,2,14,78
02/21/2021,BIS,ND,AGL,CE,Combined TRACON& Tower with Radar,14,2,6,0,22,0,3,15,2,20,14,5,21,2,42,0,4,4,46
02/22/2021,BIS,ND,AGL,CE,Combined TRACON& Tower with Radar,14,12,11,2,39,0,0,3,0,3,14,12,14,2,42,0,0,0,42
02/23/2021,BIS,ND,AGL,CE,Combined TRACON& Tower with Radar,12,15,19,0,46,0,0,1,0,1,12,15,20,0,47,0,0,0,47
02/24/2021,BIS,ND,AGL,CE,Combined TRACON& Tower with Radar,16,20,28,3,67,0,0,7,5,12,16,20,35,8,79,2,2,4,83
02/25/2021,BIS,ND,AGL,CE,Combined TRACON& Tower with Radar,13,17,18,11,59,0,0,13,11,24,13,17,31,22,83,12,0,12,95
02/26/2021,BIS,ND,AGL,CE,Combined TRACON& Tower with Radar,12,15,22,2,51,3,1,8,0,12,15,16,30,2,63,6,6,12,75
02/27/2021,BIS,ND,AGL,CE,Combined TRACON& Tower with Radar,14,13,9,0,36,0,0,0,0,0,14,13,9,0,36,0,0,0,36
02/28/2021,BIS,ND,AGL,CE,Combined TRACON& Tower with Radar,14,3,7,0,24,0,4,10,2,16,14,7,17,2,40,0,0,0,40
03/01/2021,BIS,ND,AGL,CE,Combined TRACON& Tower with Radar,13,10,13,2,38,0,3,14,4,21,13,13,27,6,59,6,0,6,65
03/02/2021,BIS,ND,AGL,CE,Combined TRACON& Tower with Radar,10,25,21,4,60,0,9,13,3,25,10,34,34,7,85,50,0,50,135
03/03/2021,BIS,ND,AGL,CE,Combined TRACON& Tower with Radar,14,23,19,0,56,0,4,35,5,44,14,27,54,5,100,90,2,92,192
03/04/2021,BIS,ND,AGL,CE,Combined TRACON& Tower with Radar,11,25,20,3,59,0,1,25,4,30,11,26,45,7,89,0,0,0,89
03/05/2021,BIS,ND,AGL,CE,Combined TRACON& Tower with Radar,11,20,14,0,45,0,0,7,0,7,11,20,21,0,52,40,0,40,92
03/06/2021,BIS,ND,AGL,CE,Combined TRACON& Tower with Radar,12,20,5,0,37,0,0,1,0,1,12,20,6,0,38,10,0,10,48
03/07/2021,BIS,ND,AGL,CE,Combined TRACON& Tower with Radar,13,9,6,0,28,0,3,8,0,11,13,12,14,0,39,0,0,0,39
03/08/2021,BIS,ND,AGL,CE,Combined TRACON& Tower with Radar,11,13,17,1,42,0,0,18,3,21,11,13,35,4,63,8,0,8,71
03/09/2021,BIS,ND,AGL,CE,Combined TRACON& Tower with Radar,9,26,15,1,51,0,0,20,3,23,9,26,35,4,74,14,0,14,88
03/10/2021,BIS,ND,AGL,CE,Combined TRACON& Tower with Radar,13,28,23,3,67,0,1,2,5,8,13,29,25,8,75,22,0,22,97
03/11/2021,BIS,ND,AGL,CE,Combined TRACON& Tower with Radar,11,27,17,0,55,0,3,5,4,12,11,30,22,4,67,10,0,10,77
03/12/2021,BIS,ND,AGL,CE,Combined TRACON& Tower with Radar,11,18,14,1,44,0,4,18,0,22,11,22,32,1,66,30,0,30,96
03/13/2021,BIS,ND,AGL,CE,Combined TRACON& Tower with Radar,14,18,11,0,43,0,2,31,3,36,14,20,42,3,79,50,0,50,129
03/14/2021,BIS,ND,AGL,CE,Combined TRACON& Tower with Radar,11,8,2,0,21,1,2,8,0,11,12,10,10,0,32,0,0,0,32
03/15/2021,BIS,ND,AGL,CE,Combined TRACON& Tower with Radar,8,12,5,2,27,0,0,1,0,1,8,12,6,2,28,0,0,0,28
03/16/2021,BIS,ND,AGL,CE,Combined TRACON& Tower with Radar,7,23,13,2,45,0,0,0,1,1,7,23,13,3,46,0,0,0,46
03/17/2021,BIS,ND,AGL,CE,Combined TRACON& Tower with Radar,11,27,16,0,54,1,0,2,5,8,12,27,18,5,62,0,0,0,62
03/18/2021,BIS,ND,AGL,CE,Combined TRACON& Tower with Radar,9,28,20,2,59,0,1,10,1,12,9,29,30,3,71,26,0,26,97
03/19/2021,BIS,ND,AGL,CE,Combined TRACON& Tower with Radar,11,21,9,0,41,0,1,15,0,16,11,22,24,0,57,0,0,0,57
03/20/2021,BIS,ND,AGL,CE,Combined TRACON& Tower with Radar,10,17,11,0,38,0,1,22,1,24,10,18,33,1,62,10,0,10,72
03/21/2021,BIS,ND,AGL,CE,Combined TRACON& Tower with Radar,11,12,9,0,32,0,0,22,2,24,11,12,31,2,56,20,0,20,76
03/22/2021,BIS,ND,AGL,CE,Combined TRACON& Tower with Radar,11,17,19,0,47,0,4,14,2,20,11,21,33,2,67,0,0,0,67
03/23/2021,BIS,ND,AGL,CE,Combined TRACON& Tower with Radar,7,23,14,2,46,0,5,18,0,23,7,28,32,2,69,18,0,18,87
03/24/2021,BIS,ND,AGL,CE,Combined TRACON& Tower with Radar,12,27,14,0,53,0,0,9,5,14,12,27,23,5,67,16,0,16,83
03/25/2021,BIS,ND,AGL,CE,Combined TRACON& Tower with Radar,10,26,15,0,51,0,8,11,1,20,10,34,26,1,71,14,0,14,85
03/26/2021,BIS,ND,AGL,CE,Combined TRACON& Tower with Radar,11,19,12,3,45,0,1,10,2,13,11,20,22,5,58,4,0,4,62
03/27/2021,BIS,ND,AGL,CE,Combined TRACON& Tower with Radar,9,21,9,0,39,0,2,5,0,7,9,23,14,0,46,0,0,0,46
03/28/2021,BIS,ND,AGL,CE,Combined TRACON& Tower with Radar,13,12,5,1,31,0,2,4,1,7,13,14,9,2,38,13,0,13,51
03/29/2021,BIS,ND,AGL,CE,Combined TRACON& Tower with Radar,11,17,6,1,35,0,1,8,0,9,11,18,14,1,44,0,0,0,44
03/30/2021,BIS,ND,AGL,CE,Combined TRACON& Tower with Radar,9,30,7,0,46,0,0,2,0,2,9,30,9,0,48,0,0,0,48
03/31/2021,BIS,ND,AGL,CE,Combined TRACON& Tower with Radar,14,29,15,0,58,0,1,29,5,35,14,30,44,5,93,20,0,20,113
04/01/2021,BIS,ND,AGL,CE,Combined TRACON& Tower with Radar,13,25,18,0,56,0,1,6,8,15,13,26,24,8,71,0,0,0,71
04/02/2021,BIS,ND,AGL,CE,Combined TRACON& Tower with Radar,9,21,24,0,54,0,4,19,2,25,9,25,43,2,79,28,0,28,107
04/03/2021,BIS,ND,AGL,CE,Combined TRACON& Tower with Radar,10,18,5,0,33,0,1,24,0,25,10,19,29,0,58,16,0,16,74
04/04/2021,BIS,ND,AGL,CE,Combined TRACON& Tower with Radar,11,14,9,0,34,0,0,5,0,5,11,14,14,0,39,3,0,3,42
04/05/2021,BIS,ND,AGL,CE,Combined TRACON& Tower with Radar,11,17,24,0,52,0,1,9,0,10,11,18,33,0,62,0,0,0,62
04/06/2021,BIS,ND,AGL,CE,Combined TRACON& Tower with Radar,7,26,44,0,77,0,2,17,2,21,7,28,61,2,98,12,0,12,110
04/07/2021,BIS,ND,AGL,CE,Combined TRACON& Tower with Radar,11,28,22,0,61,0,2,26,13,41,11,30,48,13,102,8,0,8,110
04/08/2021,BIS,ND,AGL,CE,Combined TRACON& Tower with Radar,13,31,25,0,69,0,1,26,0,27,13,32,51,0,96,6,0,6,102
04/09/2021,BIS,ND,AGL,CE,Combined TRACON& Tower with Radar,11,26,18,2,57,0,4,4,6,14,11,30,22,8,71,0,0,0,71
04/10/2021,BIS,ND,AGL,CE,Combined TRACON& Tower with Radar,10,18,24,1,53,0,2,63,6,71,10,20,87,7,124,42,0,42,166
04/11/2021,BIS,ND,AGL,CE,Combined TRACON& Tower with Radar,13,13,9,0,35,0,0,1,3,4,13,13,10,3,39,6,0,6,45
04/12/2021,BIS,ND,AGL,CE,Combined TRACON& Tower with Radar,15,16,10,0,41,0,0,0,0,0,15,16,10,0,41,0,0,0,41
04/13/2021,BIS,ND,AGL,CE,Combined TRACON& Tower with Radar,11,27,19,0,57,0,4,1,0,5,11,31,20,0,62,0,0,0,62
04/14/2021,BIS,ND,AGL,CE,Combined TRACON& Tower with Radar,14,31,24,2,71,0,0,12,4,16,14,31,36,6,87,0,0,0,87
04/15/2021,BIS,ND,AGL,CE,Combined TRACON& Tower with Radar,15,22,14,0,51,0,0,2,0,2,15,22,16,0,53,19,0,19,72
04/16/2021,BIS,ND,AGL,CE,Combined TRACON& Tower with Radar,13,18,12,0,43,0,0,17,0,17,13,18,29,0,60,50,0,50,110
04/17/2021,BIS,ND,AGL,CE,Combined TRACON& Tower with Radar,10,17,16,0,43,0,12,32,0,44,10,29,48,0,87,14,0,14,101
04/18/2021,BIS,ND,AGL,CE,Combined TRACON& Tower with Radar,15,8,9,0,32,0,2,7,0,9,15,10,16,0,41,0,0,0,41
04/19/2021,BIS,ND,AGL,CE,Combined TRACON& Tower with Radar,16,16,28,5,65,0,1,22,3,26,16,17,50,8,91,2,8,10,101
04/20/2021,BIS,ND,AGL,CE,Combined TRACON& Tower with Radar,14,29,20,0,63,0,3,1,0,4,14,32,21,0,67,0,0,0,67
04/21/2021,BIS,ND,AGL,CE,Combined TRACON& Tower with Radar,12,29,25,2,68,0,1,23,8,32,12,30,48,10,100,28,0,28,128
04/22/2021,BIS,ND,AGL,CE,Combined TRACON& Tower with Radar,16,26,19,0,61,0,0,29,5,34,16,26,48,5,95,16,0,16,111
04/23/2021,BIS,ND,AGL,CE,Combined TRACON& Tower with Radar,11,22,11,1,45,0,0,12,0,12,11,22,23,1,57,0,0,0,57
04/24/2021,BIS,ND,AGL,CE,Combined TRACON& Tower with Radar,12,14,15,0,41,0,3,43,6,52,12,17,58,6,93,14,0,14,107
04/25/2021,BIS,ND,AGL,CE,Combined TRACON& Tower with Radar,16,8,9,0,33,0,2,1,0,3,16,10,10,0,36,0,0,0,36
04/26/2021,BIS,ND,AGL,CE,Combined TRACON& Tower with Radar,13,18,15,2,48,0,0,0,0,0,13,18,15,2,48,0,0,0,48
04/27/2021,BIS,ND,AGL,CE,Combined TRACON& Tower with Radar,12,24,24,4,64,0,7,23,0,30,12,31,47,4,94,14,0,14,108
04/28/2021,BIS,ND,AGL,CE,Combined TRACON& Tower with Radar,12,21,22,1,56,0,4,42,6,52,12,25,64,7,108,50,0,50,158
04/29/2021,BIS,ND,AGL,CE,Combined TRACON& Tower with Radar,16,22,15,0,53,0,6,14,0,20,16,28,29,0,73,30,0,30,103
04/30/2021,BIS,ND,AGL,CE,Combined TRACON& Tower with Radar,14,22,21,0,57,0,0,15,2,17,14,22,36,2,74,11,0,11,85
05/01/2021,BIS,ND,AGL,CE,Combined TRACON& Tower with Radar,10,18,10,1,39,0,1,16,6,23,10,19,26,7,62,0,0,0,62
05/02/2021,BIS,ND,AGL,CE,Combined TRACON& Tower with Radar,16,8,17,0,41,0,0,7,4,11,16,8,24,4,52,4,0,4,56
05/03/2021,BIS,ND,AGL,CE,Combined TRACON& Tower with Radar,13,21,27,0,61,0,0,11,4,15,13,21,38,4,76,0,0,0,76
05/04/2021,BIS,ND,AGL,CE,Combined TRACON& Tower with Radar,12,21,20,0,53,0,0,16,0,16,12,21,36,0,69,20,0,20,89
05/05/2021,BIS,ND,AGL,CE,Combined TRACON& Tower with Radar,10,29,25,1,65,0,0,3,9,12,10,29,28,10,77,0,0,0,77
05/06/2021,BIS,ND,AGL,CE,Combined TRACON& Tower with Radar,14,22,20,2,58,0,0,8,4,12,14,22,28,6,70,20,0,20,90
05/07/2021,BIS,ND,AGL,CE,Combined TRACON& Tower with Radar,11,26,18,0,55,0,0,43,0,43,11,26,61,0,98,44,0,44,142
05/08/2021,BIS,ND,AGL,CE,Combined TRACON& Tower with Radar,11,18,2,0,31,0,0,1,0,1,11,18,3,0,32,0,0,0,32
05/09/2021,BIS,ND,AGL,CE,Combined TRACON& Tower with Radar,14,12,12,0,38,0,0,6,0,6,14,12,18,0,44,6,0,6,50
05/10/2021,BIS,ND,AGL,CE,Combined TRACON& Tower with Radar,11,21,27,3,62,0,10,26,6,42,11,31,53,9,104,22,0,22,126
05/11/2021,BIS,ND,AGL,CE,Combined TRACON& Tower with Radar,11,28,28,0,67,0,2,59,1,62,11,30,87,1,129,82,0,82,211
05/12/2021,BIS,ND,AGL,CE,Combined TRACON& Tower with Radar,11,30,18,3,62,0,0,15,2,17,11,30,33,5,79,32,12,44,123
05/13/2021,BIS,ND,AGL,CE,Combined TRACON& Tower with Radar,14,33,33,2,82,0,1,22,7,30,14,34,55,9,112,23,0,23,135
05/14/2021,BIS,ND,AGL,CE,Combined TRACON& Tower with Radar,13,25,12,0,50,0,1,23,4,28,13,26,35,4,78,27,0,27,105
05/15/2021,BIS,ND,AGL,CE,Combined TRACON& Tower with Radar,11,18,8,0,37,0,0,20,1,21,11,18,28,1,58,0,0,0,58
05/16/2021,BIS,ND,AGL,CE,Combined TRACON& Tower with Radar,15,14,8,0,37,0,4,11,1,16,15,18,19,1,53,4,1,5,58
05/17/2021,BIS,ND,AGL,CE,Combined TRACON& Tower with Radar,12,16,19,1,48,0,6,29,4,39,12,22,48,5,87,0,0,0,87
05/18/2021,BIS,ND,AGL,CE,Combined TRACON& Tower with Radar,12,25,28,0,65,0,3,2,0,5,12,28,30,0,70,2,0,2,72
05/19/2021,BIS,ND,AGL,CE,Combined TRACON& Tower with Radar,12,21,29,0,62,0,2,20,3,25,12,23,49,3,87,56,0,56,143
05/20/2021,BIS,ND,AGL,CE,Combined TRACON& Tower with Radar,16,31,23,0,70,0,10,13,3,26,16,41,36,3,96,92,0,92,188
05/21/2021,BIS,ND,AGL,CE,Combined TRACON& Tower with Radar,12,24,27,1,64,0,1,2,0,3,12,25,29,1,67,8,0,8,75
05/22/2021,BIS,ND,AGL,CE,Combined TRACON& Tower with Radar,11,16,22,0,49,0,4,2,1,7,11,20,24,1,56,0,0,0,56
05/23/2021,BIS,ND,AGL,CE,Combined TRACON& Tower with Radar,16,17,24,0,57,0,2,0,0,2,16,19,24,0,59,0,0,0,59
05/24/2021,BIS,ND,AGL,CE,Combined TRACON& Tower with Radar,12,22,15,2,51,0,4,34,1,39,12,26,49,3,90,16,0,16,106
05/25/2021,BIS,ND,AGL,CE,Combined TRACON& Tower with Radar,13,28,21,2,64,0,0,1,5,6,13,28,22,7,70,16,0,16,86
05/26/2021,BIS,ND,AGL,CE,Combined TRACON& Tower with Radar,16,25,32,2,75,0,0,26,1,27,16,25,58,3,102,71,0,71,173
05/27/2021,BIS,ND,AGL,CE,Combined TRACON& Tower with Radar,14,23,22,0,59,0,0,7,0,7,14,23,29,0,66,12,0,12,78
05/28/2021,BIS,ND,AGL,CE,Combined TRACON& Tower with Radar,11,29,22,0,62,0,0,15,0,15,11,29,37,0,77,0,0,0,77
05/29/2021,BIS,ND,AGL,CE,Combined TRACON& Tower with Radar,14,21,25,0,60,0,3,10,0,13,14,24,35,0,73,0,0,0,73
05/30/2021,BIS,ND,AGL,CE,Combined TRACON& Tower with Radar,14,7,7,0,28,0,2,5,0,7,14,9,12,0,35,0,0,0,35
05/31/2021,BIS,ND,AGL,CE,Combined TRACON& Tower with Radar,10,11,12,0,33,0,2,42,8,52,10,13,54,8,85,8,0,8,93
06/01/2021,BIS,ND,AGL,CE,Combined TRACON& Tower with Radar,14,18,19,6,57,0,2,31,0,33,14,20,50,6,90,0,0,0,90
06/02/2021,BIS,ND,AGL,CE,Combined TRACON& Tower with Radar,18,28,36,2,84,0,2,53,2,57,18,30,89,4,141,22,0,22,163
06/03/2021,BIS,ND,AGL,CE,Combined TRACON& Tower with Radar,14,26,26,2,68,0,1,31,2,34,14,27,57,4,102,0,26,26,128
06/04/2021,BIS,ND,AGL,CE,Combined TRACON& Tower with Radar,12,29,13,2,56,0,3,25,4,32,12,32,38,6,88,0,0,0,88
06/05/2021,BIS,ND,AGL,CE,Combined TRACON& Tower with Radar,6,28,4,0,38,0,4,21,3,28,6,32,25,3,66,0,0,0,66
06/06/2021,BIS,ND,AGL,CE,Combined TRACON& Tower with Radar,13,14,7,0,34,0,1,19,0,20,13,15,26,0,54,0,0,0,54
06/07/2021,BIS,ND,AGL,CE,Combined TRACON& Tower with Radar,5,28,18,1,52,0,1,30,6,37,5,29,48,7,89,10,0,10,99
06/08/2021,BIS,ND,AGL,CE,Combined TRACON& Tower with Radar,9,28,20,2,59,0,0,3,2,5,9,28,23,4,64,2,0,2,66
06/09/2021,BIS,ND,AGL,CE,Combined TRACON& Tower with Radar,9,32,23,1,65,0,0,30,7,37,9,32,53,8,102,44,56,100,202
06/10/2021,BIS,ND,AGL,CE,Combined TRACON& Tower with Radar,9,29,26,4,68,0,0,24,1,25,9,29,50,5,93,0,0,0,93
06/11/2021,BIS,ND,AGL,CE,Combined TRACON& Tower with Radar,9,32,12,1,54,0,0,6,0,6,9,32,18,1,60,0,0,0,60
06/12/2021,BIS,ND,AGL,CE,Combined TRACON& Tower with Radar,9,26,10,1,46,0,1,36,8,45,9,27,46,9,91,32,4,36,127
06/13/2021,BIS,ND,AGL,CE,Combined TRACON& Tower with Radar,11,16,7,0,34,0,1,54,5,60,11,17,61,5,94,10,0,10,104
06/14/2021,BIS,ND,AGL,CE,Combined TRACON& Tower with Radar,7,29,17,4,57,0,1,49,0,50,7,30,66,4,107,14,0,14,121
06/15/2021,BIS,ND,AGL,CE,Combined TRACON& Tower with Radar,7,31,36,3,77,0,0,24,3,27,7,31,60,6,104,0,0,0,104
06/16/2021,BIS,ND,AGL,CE,Combined TRACON& Tower with Radar,9,32,35,2,78,0,0,23,15,38,9,32,58,17,116,12,8,20,136
06/17/2021,BIS,ND,AGL,CE,Combined TRACON& Tower with Radar,9,31,17,2,59,0,1,41,2,44,9,32,58,4,103,20,0,20,123
06/18/2021,BIS,ND,AGL,CE,Combined TRACON& Tower with Radar,7,27,10,4,48,0,0,18,0,18,7,27,28,4,66,19,0,19,85
06/19/2021,BIS,ND,AGL,CE,Combined TRACON& Tower with Radar,7,26,14,0,47,0,1,32,0,33,7,27,46,0,80,17,0,17,97
06/20/2021,BIS,ND,AGL,CE,Combined TRACON& Tower with Radar,9,20,17,1,47,0,0,12,0,12,9,20,29,1,59,10,0,10,69
06/21/2021,BIS,ND,AGL,CE,Combined TRACON& Tower with Radar,7,19,21,2,49,0,2,17,2,21,7,21,38,4,70,8,1,9,79
06/22/2021,BIS,ND,AGL,CE,Combined TRACON& Tower with Radar,9,28,32,0,69,0,2,32,0,34,9,30,64,0,103,16,0,16,119
06/23/2021,BIS,ND,AGL,CE,Combined TRACON& Tower with Radar,9,29,23,2,63,0,1,34,4,39,9,30,57,6,102,36,0,36,138
06/24/2021,BIS,ND,AGL,CE,Combined TRACON& Tower with Radar,9,29,29,1,68,0,1,13,5,19,9,30,42,6,87,0,0,0,87
06/25/2021,BIS,ND,AGL,CE,Combined TRACON& Tower with Radar,7,36,24,0,67,0,1,7,1,9,7,37,31,1,76,46,0,46,122
06/26/2021,BIS,ND,AGL,CE,Combined TRACON& Tower with Radar,6,29,5,0,40,0,1,10,0,11,6,30,15,0,51,6,0,6,57
06/27/2021,BIS,ND,AGL,CE,Combined TRACON& Tower with Radar,10,18,16,0,44,0,0,4,0,4,10,18,20,0,48,0,0,0,48
06/28/2021,BIS,ND,AGL,CE,Combined TRACON& Tower with Radar,5,28,21,2,56,0,10,29,0,39,5,38,50,2,95,35,0,35,130
06/29/2021,BIS,ND,AGL,CE,Combined TRACON& Tower with Radar,9,31,26,3,69,0,1,37,7,45,9,32,63,10,114,20,0,20,134
06/30/2021,BIS,ND,AGL,CE,Combined TRACON& Tower with Radar,9,33,33,0,75,0,6,32,8,46,9,39,65,8,121,30,0,30,151
07/01/2021,BIS,ND,AGL,CE,Combined TRACON& Tower with Radar,11,32,39,4,86,17,0,17,3,37,28,32,56,7,123,48,0,48,171
07/02/2021,BIS,ND,AGL,CE,Combined TRACON& Tower with Radar,6,32,17,2,57,0,0,16,0,16,6,32,33,2,73,0,0,0,73
07/03/2021,BIS,ND,AGL,CE,Combined TRACON& Tower with Radar,6,32,2,0,40,0,2,13,0,15,6,34,15,0,55,20,0,20,75
07/04/2021,BIS,ND,AGL,CE,Combined TRACON& Tower with Radar,9,17,4,0,30,0,0,5,0,5,9,17,9,0,35,12,0,12,47
07/05/2021,BIS,ND,AGL,CE,Combined TRACON& Tower with Radar,5,26,9,14,54,0,0,16,0,16,5,26,25,14,70,26,8,34,104
07/06/2021,BIS,ND,AGL,CE,Combined TRACON& Tower with Radar,9,32,27,0,68,0,0,15,0,15,9,32,42,0,83,0,0,0,83
07/07/2021,BIS,ND,AGL,CE,Combined TRACON& Tower with Radar,10,27,39,4,80,0,2,17,6,25,10,29,56,10,105,38,0,38,143
07/08/2021,BIS,ND,AGL,CE,Combined TRACON& Tower with Radar,8,27,26,1,62,0,0,16,0,16,8,27,42,1,78,52,0,52,130
07/09/2021,BIS,ND,AGL,CE,Combined TRACON& Tower with Radar,8,22,18,0,48,0,0,11,0,11,8,22,29,0,59,0,0,0,59
07/10/2021,BIS,ND,AGL,CE,Combined TRACON& Tower with Radar,7,37,13,10,67,0,9,20,0,29,7,46,33,10,96,54,0,54,150
07/11/2021,BIS,ND,AGL,CE,Combined TRACON& Tower with Radar,9,20,8,0,37,0,1,39,0,40,9,21,47,0,77,12,0,12,89
07/12/2021,BIS,ND,AGL,CE,Combined TRACON& Tower with Radar,7,25,19,2,53,0,4,25,0,29,7,29,44,2,82,15,0,15,97
07/13/2021,BIS,ND,AGL,CE,Combined TRACON& Tower with Radar,8,35,26,1,70,0,6,25,4,35,8,41,51,5,105,36,0,36,141
07/14/2021,BIS,ND,AGL,CE,Combined TRACON& Tower with Radar,11,26,26,4,67,0,2,16,4,22,11,28,42,8,89,16,0,16,105
07/15/2021,BIS,ND,AGL,CE,Combined TRACON& Tower with Radar,9,26,19,2,56,0,1,16,2,19,9,27,35,4,75,12,0,12,87
07/16/2021,BIS,ND,AGL,CE,Combined TRACON& Tower with Radar,7,26,23,0,56,0,1,7,0,8,7,27,30,0,64,0,0,0,64
07/17/2021,BIS,ND,AGL,CE,Combined TRACON& Tower with Radar,8,31,10,0,49,0,0,17,0,17,8,31,27,0,66,34,0,34,100
07/18/2021,BIS,ND,AGL,CE,Combined TRACON& Tower with Radar,6,17,13,1,37,0,0,18,0,18,6,17,31,1,55,55,0,55,110
07/19/2021,BIS,ND,AGL,CE,Combined TRACON& Tower with Radar,4,27,19,3,53,0,3,26,2,31,4,30,45,5,84,0,0,0,84
07/20/2021,BIS,ND,AGL,CE,Combined TRACON& Tower with Radar,9,37,30,0,76,0,2,16,4,22,9,39,46,4,98,0,12,12,110
07/21/2021,BIS,ND,AGL,CE,Combined TRACON& Tower with Radar,10,36,43,3,92,0,0,13,10,23,10,36,56,13,115,70,2,72,187
07/22/2021,BIS,ND,AGL,CE,Combined TRACON& Tower with Radar,9,35,33,5,82,0,0,16,0,16,9,35,49,5,98,6,0,6,104
07/23/2021,BIS,ND,AGL,CE,Combined TRACON& Tower with Radar,4,24,18,4,50,0,2,28,4,34,4,26,46,8,84,37,0,37,121
07/24/2021,BIS,ND,AGL,CE,Combined TRACON& Tower with Radar,8,29,14,0,51,0,2,18,0,20,8,31,32,0,71,0,0,0,71
07/25/2021,BIS,ND,AGL,CE,Combined TRACON& Tower with Radar,11,17,11,0,39,0,7,18,0,25,11,24,29,0,64,34,0,34,98
07/26/2021,BIS,ND,AGL,CE,Combined TRACON& Tower with Radar,7,21,26,3,57,0,2,19,8,29,7,23,45,11,86,12,0,12,98
07/27/2021,BIS,ND,AGL,CE,Combined TRACON& Tower with Radar,8,34,21,6,69,0,3,29,2,34,8,37,50,8,103,12,0,12,115
07/28/2021,BIS,ND,AGL,CE,Combined TRACON& Tower with Radar,8,31,36,1,76,0,3,27,6,36,8,34,63,7,112,22,4,26,138
07/29/2021,BIS,ND,AGL,CE,Combined TRACON& Tower with Radar,9,27,22,2,60,0,0,29,7,36,9,27,51,9,96,27,0,27,123
07/30/2021,BIS,ND,AGL,CE,Combined TRACON& Tower with Radar,6,27,34,3,70,0,0,4,1,5,6,27,38,4,75,12,0,12,87
07/31/2021,BIS,ND,AGL,CE,Combined TRACON& Tower with Radar,8,28,16,0,52,0,0,25,0,25,8,28,41,0,77,12,0,12,89
08/01/2021,BIS,ND,AGL,CE,Combined TRACON& Tower with Radar,10,16,24,0,50,0,4,33,0,37,10,20,57,0,87,0,0,0,87
08/02/2021,BIS,ND,AGL,CE,Combined TRACON& Tower with Radar,7,28,31,0,66,0,3,10,0,13,7,31,41,0,79,0,0,0,79
08/03/2021,BIS,ND,AGL,CE,Combined TRACON& Tower with Radar,7,31,34,3,75,0,0,24,3,27,7,31,58,6,102,16,9,25,127
08/04/2021,BIS,ND,AGL,CE,Combined TRACON& Tower with Radar,9,31,28,4,72,0,0,18,3,21,9,31,46,7,93,10,0,10,103
08/05/2021,BIS,ND,AGL,CE,Combined TRACON& Tower with Radar,8,30,50,3,91,0,2,22,3,27,8,32,72,6,118,30,8,38,156
08/06/2021,BIS,ND,AGL,CE,Combined TRACON& Tower with Radar,4,28,29,2,63,0,3,21,0,24,4,31,50,2,87,12,0,12,99
08/07/2021,BIS,ND,AGL,CE,Combined TRACON& Tower with Radar,7,40,6,0,53,0,0,10,0,10,7,40,16,0,63,14,0,14,77
08/08/2021,BIS,ND,AGL,CE,Combined TRACON& Tower with Radar,10,21,16,0,47,0,2,17,0,19,10,23,33,0,66,0,0,0,66
08/09/2021,BIS,ND,AGL,CE,Combined TRACON& Tower with Radar,8,25,29,2,64,0,0,5,3,8,8,25,34,5,72,6,2,8,80
08/10/2021,BIS,ND,AGL,CE,Combined TRACON& Tower with Radar,6,31,26,0,63,0,0,29,1,30,6,31,55,1,93,0,0,0,93
08/11/2021,BIS,ND,AGL,CE,Combined TRACON& Tower with Radar,6,32,26,0,64,0,2,20,4,26,6,34,46,4,90,22,11,33,123
08/12/2021,BIS,ND,AGL,CE,Combined TRACON& Tower with Radar,8,39,31,2,80,0,3,19,4,26,8,42,50,6,106,0,0,0,106
08/13/2021,BIS,ND,AGL,CE,Combined TRACON& Tower with Radar,6,27,10,2,45,0,2,27,2,31,6,29,37,4,76,18,0,18,94
08/14/2021,BIS,ND,AGL,CE,Combined TRACON& Tower with Radar,7,34,9,0,50,0,1,16,0,17,7,35,25,0,67,0,0,0,67
08/15/2021,BIS,ND,AGL,CE,Combined TRACON& Tower with Radar,8,16,13,0,37,0,3,15,0,18,8,19,28,0,55,6,0,6,61
08/16/2021,BIS,ND,AGL,CE,Combined TRACON& Tower with Radar,8,28,37,0,73,0,0,12,0,12,8,28,49,0,85,2,0,2,87
08/17/2021,BIS,ND,AGL,CE,Combined TRACON& Tower with Radar,7,33,19,2,61,0,0,18,0,18,7,33,37,2,79,24,0,24,103
08/18/2021,BIS,ND,AGL,CE,Combined TRACON& Tower with Radar,4,37,36,3,80,0,3,14,7,24,4,40,50,10,104,15,0,15,119
08/19/2021,BIS,ND,AGL,CE,Combined TRACON& Tower with Radar,8,26,20,0,54,0,0,12,3,15,8,26,32,3,69,32,0,32,101
08/20/2021,BIS,ND,AGL,CE,Combined TRACON& Tower with Radar,7,27,23,2,59,0,0,1,0,1,7,27,24,2,60,0,0,0,60
08/21/2021,BIS,ND,AGL,CE,Combined TRACON& Tower with Radar,5,31,8,0,44,0,1,23,2,26,5,32,31,2,70,29,0,29,99
08/22/2021,BIS,ND,AGL,CE,Combined TRACON& Tower with Radar,9,19,10,0,38,0,0,5,0,5,9,19,15,0,43,0,0,0,43
08/23/2021,BIS,ND,AGL,CE,Combined TRACON& Tower with Radar,7,28,14,2,51,0,2,44,2,48,7,30,58,4,99,50,0,50,149
08/24/2021,BIS,ND,AGL,CE,Combined TRACON& Tower with Radar,5,35,23,6,69,0,2,14,6,22,5,37,37,12,91,6,0,6,97
08/25/2021,BIS,ND,AGL,CE,Combined TRACON& Tower with Radar,5,33,31,5,74,0,2,23,8,33,5,35,54,13,107,2,0,2,109
08/26/2021,BIS,ND,AGL,CE,Combined TRACON& Tower with Radar,8,31,35,4,78,0,0,2,2,4,8,31,37,6,82,8,6,14,96
08/27/2021,BIS,ND,AGL,CE,Combined TRACON& Tower with Radar,7,35,17,1,60,0,0,1,2,3,7,35,18,3,63,4,0,4,67
08/28/2021,BIS,ND,AGL,CE,Combined TRACON& Tower with Radar,5,30,14,0,49,0,0,27,5,32,5,30,41,5,81,18,0,18,99
08/29/2021,BIS,ND,AGL,CE,Combined TRACON& Tower with Radar,8,21,22,0,51,0,0,22,0,22,8,21,44,0,73,26,0,26,99
08/30/2021,BIS,ND,AGL,CE,Combined TRACON& Tower with Radar,9,23,19,3,54,0,2,20,7,29,9,25,39,10,83,24,8,32,115
08/31/2021,BIS,ND,AGL,CE,Combined TRACON& Tower with Radar,7,46,29,4,86,0,1,27,6,34,7,47,56,10,120,30,0,30,150
09/01/2021,BIS,ND,AGL,CE,Combined TRACON& Tower with Radar,5,36,36,4,81,0,0,10,4,14,5,36,46,8,95,57,2,59,154
09/02/2021,BIS,ND,AGL,CE,Combined TRACON& Tower with Radar,9,35,35,4,83,0,2,0,0,2,9,37,35,4,85,0,0,0,85
09/03/2021,BIS,ND,AGL,CE,Combined TRACON& Tower with Radar,7,31,27,2,67,0,3,19,0,22,7,34,46,2,89,53,6,59,148
09/04/2021,BIS,ND,AGL,CE,Combined TRACON& Tower with Radar,6,29,13,0,48,0,3,25,0,28,6,32,38,0,76,0,0,0,76
09/05/2021,BIS,ND,AGL,CE,Combined TRACON& Tower with Radar,8,18,4,0,30,0,3,16,0,19,8,21,20,0,49,0,0,0,49
09/06/2021,BIS,ND,AGL,CE,Combined TRACON& Tower with Radar,7,21,18,0,46,0,3,10,0,13,7,24,28,0,59,8,0,8,67
09/07/2021,BIS,ND,AGL,CE,Combined TRACON& Tower with Radar,7,27,26,1,61,0,2,21,3,26,7,29,47,4,87,57,0,57,144
09/08/2021,BIS,ND,AGL,CE,Combined TRACON& Tower with Radar,5,37,27,5,74,0,7,33,14,54,5,44,60,19,128,15,2,17,145
09/09/2021,BIS,ND,AGL,CE,Combined TRACON& Tower with Radar,9,32,42,3,86,0,2,19,6,27,9,34,61,9,113,4,0,4,117
09/10/2021,BIS,ND,AGL,CE,Combined TRACON& Tower with Radar,6,29,14,2,51,0,3,16,11,30,6,32,30,13,81,0,4,4,85
09/11/2021,BIS,ND,AGL,CE,Combined TRACON& Tower with Radar,5,34,19,1,59,0,8,14,7,29,5,42,33,8,88,10,0,10,98
09/12/2021,BIS,ND,AGL,CE,Combined TRACON& Tower with Radar,10,23,23,2,58,0,1,101,3,105,10,24,124,5,163,12,0,12,175
09/13/2021,BIS,ND,AGL,CE,Combined TRACON& Tower with Radar,10,27,15,0,52,0,0,1,0,1,10,27,16,0,53,0,0,0,53
09/14/2021,BIS,ND,AGL,CE,Combined TRACON& Tower with Radar,7,33,25,4,69,0,0,25,2,27,7,33,50,6,96,20,0,20,116
09/15/2021,BIS,ND,AGL,CE,Combined TRACON& Tower with Radar,7,39,31,1,78,0,0,21,4,25,7,39,52,5,103,6,8,14,117
09/16/2021,BIS,ND,AGL,CE,Combined TRACON& Tower with Radar,12,39,19,2,72,0,0,32,0,32,12,39,51,2,104,18,0,18,122
09/17/2021,BIS,ND,AGL,CE,Combined TRACON& Tower with Radar,8,32,27,0,67,0,1,32,0,33,8,33,59,0,100,44,0,44,144
09/18/2021,BIS,ND,AGL,CE,Combined TRACON& Tower with Radar,8,23,5,0,36,0,0,15,0,15,8,23,20,0,51,0,0,0,51
09/19/2021,BIS,ND,AGL,CE,Combined TRACON& Tower with Radar,10,20,16,0,46,0,2,14,0,16,10,22,30,0,62,4,0,4,66
09/20/2021,BIS,ND,AGL,CE,Combined TRACON& Tower with Radar,8,27,26,1,62,0,0,11,0,11,8,27,37,1,73,6,0,6,79
09/21/2021,BIS,ND,AGL,CE,Combined TRACON& Tower with Radar,7,28,36,0,71,0,0,47,6,53,7,28,83,6,124,41,0,41,165
09/22/2021,BIS,ND,AGL,CE,Combined TRACON& Tower with Radar,7,33,31,5,76,0,6,53,9,68,7,39,84,14,144,48,0,48,192
09/23/2021,BIS,ND,AGL,CE,Combined TRACON& Tower with Radar,11,32,19,1,63,0,1,22,3,26,11,33,41,4,89,16,0,16,105
09/24/2021,BIS,ND,AGL,CE,Combined TRACON& Tower with Radar,9,30,30,4,73,0,0,22,0,22,9,30,52,4,95,8,0,8,103
09/25/2021,BIS,ND,AGL,CE,Combined TRACON& Tower with Radar,9,27,17,0,53,0,3,37,0,40,9,30,54,0,93,1,0,1,94
09/26/2021,BIS,ND,AGL,CE,Combined TRACON& Tower with Radar,11,23,14,0,48,0,2,24,0,26,11,25,38,0,74,28,0,28,102
09/27/2021,BIS,ND,AGL,CE,Combined TRACON& Tower with Radar,9,24,26,0,59,0,2,10,0,12,9,26,36,0,71,8,0,8,79
09/28/2021,BIS,ND,AGL,CE,Combined TRACON& Tower with Radar,4,36,21,0,61,0,2,21,3,26,4,38,42,3,87,0,0,0,87
09/29/2021,BIS,ND,AGL,CE,Combined TRACON& Tower with Radar,6,34,35,2,77,0,2,17,0,19,6,36,52,2,96,10,0,10,106
09/30/2021,BIS,ND,AGL,CE,Combined TRACON& Tower with Radar,11,36,29,0,76,0,4,35,1,40,11,40,64,1,116,0,0,0,116
10/01/2021,BIS,ND,AGL,CE,Combined TRACON& Tower with Radar,9,26,29,1,65,0,0,24,1,25,9,26,53,2,90,0,0,0,90
10/02/2021,BIS,ND,AGL,CE,Combined TRACON& Tower with Radar,9,25,9,2,45,0,0,22,0,22,9,25,31,2,67,7,0,7,74
10/03/2021,BIS,ND,AGL,CE,Combined TRACON& Tower with Radar,11,16,22,0,49,0,1,9,0,10,11,17,31,0,59,6,0,6,65
10/04/2021,BIS,ND,AGL,CE,Combined TRACON& Tower with Radar,11,18,14,3,46,0,2,14,1,17,11,20,28,4,63,10,0,10,73
10/05/2021,BIS,ND,AGL,CE,Combined TRACON& Tower with Radar,8,23,18,2,51,0,4,24,0,28,8,27,42,2,79,4,0,4,83
10/06/2021,BIS,ND,AGL,CE,Combined TRACON& Tower with Radar,11,25,19,2,57,0,2,17,9,28,11,27,36,11,85,0,8,8,93
10/07/2021,BIS,ND,AGL,CE,Combined TRACON& Tower with Radar,11,25,35,4,75,0,1,21,7,29,11,26,56,11,104,2,0,2,106
10/08/2021,BIS,ND,AGL,CE,Combined TRACON& Tower with Radar,13,25,23,0,61,0,2,12,4,18,13,27,35,4,79,12,0,12,91
10/09/2021,BIS,ND,AGL,CE,Combined TRACON& Tower with Radar,17,27,6,0,50,0,0,0,0,0,17,27,6,0,50,0,0,0,50
10/10/2021,BIS,ND,AGL,CE,Combined TRACON& Tower with Radar,11,13,8,0,32,0,1,10,0,11,11,14,18,0,43,12,0,12,55
10/11/2021,BIS,ND,AGL,CE,Combined TRACON& Tower with Radar,13,24,20,2,59,0,4,13,0,17,13,28,33,2,76,16,0,16,92
10/12/2021,BIS,ND,AGL,CE,Combined TRACON& Tower with Radar,8,27,12,6,53,0,1,16,3,20,8,28,28,9,73,0,0,0,73
10/13/2021,BIS,ND,AGL,CE,Combined TRACON& Tower with Radar,11,41,10,2,64,0,0,0,0,0,11,41,10,2,64,0,0,0,64
10/14/2021,BIS,ND,AGL,CE,Combined TRACON& Tower with Radar,9,31,37,3,80,0,3,1,5,9,9,34,38,8,89,0,0,0,89
10/15/2021,BIS,ND,AGL,CE,Combined TRACON& Tower with Radar,13,24,20,0,57,0,0,14,2,16,13,24,34,2,73,16,0,16,89
10/16/2021,BIS,ND,AGL,CE,Combined TRACON& Tower with Radar,13,22,11,4,50,0,2,34,0,36,13,24,45,4,86,0,0,0,86
10/17/2021,BIS,ND,AGL,CE,Combined TRACON& Tower with Radar,13,10,15,0,38,0,0,11,0,11,13,10,26,0,49,0,0,0,49
10/18/2021,BIS,ND,AGL,CE,Combined TRACON& Tower with Radar,11,18,28,0,57,0,2,13,10,25,11,20,41,10,82,16,0,16,98
10/19/2021,BIS,ND,AGL,CE,Combined TRACON& Tower with Radar,11,27,25,10,73,0,0,0,2,2,11,27,25,12,75,0,0,0,75
10/20/2021,BIS,ND,AGL,CE,Combined TRACON& Tower with Radar,11,34,31,3,79,2,3,17,19,41,13,37,48,22,120,4,56,60,180
10/21/2021,BIS,ND,AGL,CE,Combined TRACON& Tower with Radar,8,24,34,4,70,0,4,16,4,24,8,28,50,8,94,8,0,8,102
10/22/2021,BIS,ND,AGL,CE,Combined TRACON& Tower with Radar,9,24,31,4,68,0,2,27,13,42,9,26,58,17,110,30,0,30,140
10/23/2021,BIS,ND,AGL,CE,Combined TRACON& Tower with Radar,13,24,11,1,49,0,2,17,8,27,13,26,28,9,76,44,0,44,120
10/24/2021,BIS,ND,AGL,CE,Combined TRACON& Tower with Radar,12,12,11,2,37,0,0,0,0,0,12,12,11,2,37,0,0,0,37
10/25/2021,BIS,ND,AGL,CE,Combined TRACON& Tower with Radar,9,21,28,1,59,0,0,5,0,5,9,21,33,1,64,8,0,8,72
10/26/2021,BIS,ND,AGL,CE,Combined TRACON& Tower with Radar,9,30,28,2,69,0,0,0,0,0,9,30,28,2,69,6,0,6,75
10/27/2021,BIS,ND,AGL,CE,Combined TRACON& Tower with Radar,12,26,29,4,71,0,2,33,8,43,12,28,62,12,114,10,0,10,124
10/28/2021,BIS,ND,AGL,CE,Combined TRACON& Tower with Radar,13,29,38,3,83,0,0,27,0,27,13,29,65,3,110,0,0,0,110
10/29/2021,BIS,ND,AGL,CE,Combined TRACON& Tower with Radar,12,25,25,0,62,0,1,29,4,34,12,26,54,4,96,44,0,44,140
10/30/2021,BIS,ND,AGL,CE,Combined TRACON& Tower with Radar,12,21,14,0,47,0,0,6,0,6,12,21,20,0,53,2,0,2,55
10/31/2021,BIS,ND,AGL,CE,Combined TRACON& Tower with Radar,11,15,17,0,43,0,1,24,0,25,11,16,41,0,68,0,0,0,68
11/01/2021,BIS,ND,AGL,CE,Combined TRACON& Tower with Radar,11,23,26,0,60,0,1,14,0,15,11,24,40,0,75,0,0,0,75
11/02/2021,BIS,ND,AGL,CE,Combined TRACON& Tower with Radar,8,30,26,2,66,0,2,25,5,32,8,32,51,7,98,30,0,30,128
11/03/2021,BIS,ND,AGL,CE,Combined TRACON& Tower with Radar,9,29,24,1,63,0,3,31,18,52,9,32,55,19,115,16,0,16,131
11/04/2021,BIS,ND,AGL,CE,Combined TRACON& Tower with Radar,8,36,23,6,73,0,4,40,1,45,8,40,63,7,118,12,0,12,130
11/05/2021,BIS,ND,AGL,CE,Combined TRACON& Tower with Radar,9,22,25,2,58,0,2,15,2,19,9,24,40,4,77,0,0,0,77
11/06/2021,BIS,ND,AGL,CE,Combined TRACON& Tower with Radar,9,28,15,0,52,0,4,17,1,22,9,32,32,1,74,16,0,16,90
11/07/2021,BIS,ND,AGL,CE,Combined TRACON& Tower with Radar,10,13,13,0,36,0,2,33,0,35,10,15,46,0,71,0,0,0,71
11/08/2021,BIS,ND,AGL,CE,Combined TRACON& Tower with Radar,9,17,33,3,62,0,0,30,3,33,9,17,63,6,95,0,0,0,95
11/09/2021,BIS,ND,AGL,CE,Combined TRACON& Tower with Radar,10,32,35,6,83,0,0,9,13,22,10,32,44,19,105,0,0,0,105
11/10/2021,BIS,ND,AGL,CE,Combined TRACON& Tower with Radar,10,26,25,2,63,0,2,6,1,9,10,28,31,3,72,22,0,22,94
11/11/2021,BIS,ND,AGL,CE,Combined TRACON& Tower with Radar,12,25,28,0,65,0,0,0,0,0,12,25,28,0,65,0,0,0,65
11/12/2021,BIS,ND,AGL,CE,Combined TRACON& Tower with Radar,10,24,28,0,62,0,0,2,0,2,10,24,30,0,64,0,0,0,64
11/13/2021,BIS,ND,AGL,CE,Combined TRACON& Tower with Radar,12,14,1,0,27,0,0,24,0,24,12,14,25,0,51,4,0,4,55
11/14/2021,BIS,ND,AGL,CE,Combined TRACON& Tower with Radar,10,13,19,0,42,0,1,9,0,10,10,14,28,0,52,20,0,20,72
11/15/2021,BIS,ND,AGL,CE,Combined TRACON& Tower with Radar,10,20,26,4,60,0,0,13,0,13,10,20,39,4,73,8,0,8,81
11/16/2021,BIS,ND,AGL,CE,Combined TRACON& Tower with Radar,8,29,39,0,76,0,2,2,2,6,8,31,41,2,82,0,0,0,82
11/17/2021,BIS,ND,AGL,CE,Combined TRACON& Tower with Radar,14,22,32,0,68,0,1,3,0,4,14,23,35,0,72,1,0,1,73
11/18/2021,BIS,ND,AGL,CE,Combined TRACON& Tower with Radar,12,28,27,1,68,0,2,33,2,37,12,30,60,3,105,12,0,12,117
11/19/2021,BIS,ND,AGL,CE,Combined TRACON& Tower with Radar,12,21,27,1,61,0,3,51,5,59,12,24,78,6,120,60,0,60,180
11/20/2021,BIS,ND,AGL,CE,Combined TRACON& Tower with Radar,13,22,20,0,55,0,5,31,4,40,13,27,51,4,95,37,0,37,132
11/21/2021,BIS,ND,AGL,CE,Combined TRACON& Tower with Radar,10,14,13,0,37,0,6,11,0,17,10,20,24,0,54,4,0,4,58
11/22/2021,BIS,ND,AGL,CE,Combined TRACON& Tower with Radar,12,19,25,5,61,0,0,18,0,18,12,19,43,5,79,7,0,7,86
11/23/2021,BIS,ND,AGL,CE,Combined TRACON& Tower with Radar,16,27,38,6,87,0,2,16,39,57,16,29,54,45,144,14,58,72,216
11/24/2021,BIS,ND,AGL,CE,Combined TRACON& Tower with Radar,13,28,21,2,64,0,0,3,0,3,13,28,24,2,67,0,0,0,67
11/25/2021,BIS,ND,AGL,CE,Combined TRACON& Tower with Radar,7,7,5,0,19,0,0,1,0,1,7,7,6,0,20,12,0,12,32
11/26/2021,BIS,ND,AGL,CE,Combined TRACON& Tower with Radar,12,20,11,1,44,0,1,29,4,34,12,21,40,5,78,14,0,14,92
11/27/2021,BIS,ND,AGL,CE,Combined TRACON& Tower with Radar,13,23,14,0,50,0,0,13,0,13,13,23,27,0,63,8,0,8,71
11/28/2021,BIS,ND,AGL,CE,Combined TRACON& Tower with Radar,14,11,15,0,40,0,1,13,0,14,14,12,28,0,54,7,0,7,61
11/29/2021,BIS,ND,AGL,CE,Combined TRACON& Tower with Radar,15,21,24,0,60,0,5,34,0,39,15,26,58,0,99,1,2,3,102
11/30/2021,BIS,ND,AGL,CE,Combined TRACON& Tower with Radar,9,20,17,3,49,0,5,37,6,48,9,25,54,9,97,14,4,18,115
12/01/2021,BIS,ND,AGL,CE,Combined TRACON& Tower with Radar,10,27,34,6,77,0,0,4,7,11,10,27,38,13,88,0,4,4,92
12/02/2021,BIS,ND,AGL,CE,Combined TRACON& Tower with Radar,10,24,22,2,58,0,0,24,5,29,10,24,46,7,87,40,0,40,127
12/03/2021,BIS,ND,AGL,CE,Combined TRACON& Tower with Radar,14,22,35,2,73,0,3,20,3,26,14,25,55,5,99,10,0,10,109
12/04/2021,BIS,ND,AGL,CE,Combined TRACON& Tower with Radar,12,20,6,0,38,0,0,2,1,3,12,20,8,1,41,6,0,6,47
12/05/2021,BIS,ND,AGL,CE,Combined TRACON& Tower with Radar,10,14,14,2,40,0,1,0,0,1,10,15,14,2,41,0,0,0,41
12/06/2021,BIS,ND,AGL,CE,Combined TRACON& Tower with Radar,14,22,32,22,90,0,0,6,2,8,14,22,38,24,98,4,0,4,102
12/07/2021,BIS,ND,AGL,CE,Combined TRACON& Tower with Radar,8,22,19,6,55,0,0,4,4,8,8,22,23,10,63,0,0,0,63
12/08/2021,BIS,ND,AGL,CE,Combined TRACON& Tower with Radar,10,28,36,1,75,0,1,19,21,41,10,29,55,22,116,25,12,37,153
12/09/2021,BIS,ND,AGL,CE,Combined TRACON& Tower with Radar,10,25,52,8,95,0,2,14,5,21,10,27,66,13,116,28,0,28,144
12/10/2021,BIS,ND,AGL,CE,Combined TRACON& Tower with Radar,16,18,26,6,66,0,1,46,1,48,16,19,72,7,114,48,0,48,162
12/11/2021,BIS,ND,AGL,CE,Combined TRACON& Tower with Radar,12,21,17,0,50,0,1,19,0,20,12,22,36,0,70,2,0,2,72
12/12/2021,BIS,ND,AGL,CE,Combined TRACON& Tower with Radar,11,8,12,2,33,0,3,20,0,23,11,11,32,2,56,28,0,28,84
12/13/2021,BIS,ND,AGL,CE,Combined TRACON& Tower with Radar,12,14,23,0,49,0,0,16,0,16,12,14,39,0,65,30,0,30,95
12/14/2021,BIS,ND,AGL,CE,Combined TRACON& Tower with Radar,8,30,29,5,72,0,5,30,5,40,8,35,59,10,112,47,2,49,161
12/15/2021,BIS,ND,AGL,CE,Combined TRACON& Tower with Radar,9,24,17,2,52,0,0,0,0,0,9,24,17,2,52,0,0,0,52
12/16/2021,BIS,ND,AGL,CE,Combined TRACON& Tower with Radar,12,29,32,3,76,0,2,18,20,40,12,31,50,23,116,33,5,38,154
12/17/2021,BIS,ND,AGL,CE,Combined TRACON& Tower with Radar,12,24,20,0,56,0,0,2,0,2,12,24,22,0,58,0,0,0,58
12/18/2021,BIS,ND,AGL,CE,Combined TRACON& Tower with Radar,15,21,20,0,56,0,1,21,0,22,15,22,41,0,78,31,0,31,109
12/19/2021,BIS,ND,AGL,CE,Combined TRACON& Tower with Radar,11,9,8,0,28,0,0,12,0,12,11,9,20,0,40,0,0,0,40
12/20/2021,BIS,ND,AGL,CE,Combined TRACON& Tower with Radar,13,17,22,0,52,0,1,21,0,22,13,18,43,0,74,12,0,12,86
12/21/2021,BIS,ND,AGL,CE,Combined TRACON& Tower with Radar,13,20,20,0,53,0,0,7,2,9,13,20,27,2,62,7,0,7,69
12/22/2021,BIS,ND,AGL,CE,Combined TRACON& Tower with Radar,13,24,32,2,71,0,0,31,21,52,13,24,63,23,123,26,2,28,151
12/23/2021,BIS,ND,AGL,CE,Combined TRACON& Tower with Radar,16,24,17,0,57,0,0,29,0,29,16,24,46,0,86,19,0,19,105
12/24/2021,BIS,ND,AGL,CE,Combined TRACON& Tower with Radar,8,18,3,0,29,0,0,3,0,3,8,18,6,0,32,0,0,0,32
12/25/2021,BIS,ND,AGL,CE,Combined TRACON& Tower with Radar,12,3,1,0,16,0,0,0,0,0,12,3,1,0,16,0,0,0,16
12/26/2021,BIS,ND,AGL,CE,Combined TRACON& Tower with Radar,9,12,5,0,26,0,0,0,0,0,9,12,5,0,26,0,0,0,26
12/27/2021,BIS,ND,AGL,CE,Combined TRACON& Tower with Radar,13,12,18,0,43,0,1,16,0,17,13,13,34,0,60,0,0,0,60
12/28/2021,BIS,ND,AGL,CE,Combined TRACON& Tower with Radar,10,24,13,0,47,0,0,10,2,12,10,24,23,2,59,2,0,2,61
12/29/2021,BIS,ND,AGL,CE,Combined TRACON& Tower with Radar,14,26,13,4,57,0,0,11,7,18,14,26,24,11,75,4,0,4,79
12/30/2021,BIS,ND,AGL,CE,Combined TRACON& Tower with Radar,11,21,8,0,40,0,4,9,0,13,11,25,17,0,53,0,0,0,53
12/31/2021,BIS,ND,AGL,CE,Combined TRACON& Tower with Radar,8,22,8,0,38,0,0,0,0,0,8,22,8,0,38,0,0,0,38
01/01/2022,BIS,ND,AGL,CE,Combined TRACON& Tower with Radar,12,9,4,0,25,0,2,1,0,3,12,11,5,0,28,0,0,0,28
01/02/2022,BIS,ND,AGL,CE,Combined TRACON& Tower with Radar,12,6,15,0,33,0,3,10,0,13,12,9,25,0,46,5,0,5,51
01/03/2022,BIS,ND,AGL,CE,Combined TRACON& Tower with Radar,9,14,13,0,36,0,1,16,6,23,9,15,29,6,59,6,0,6,65
01/04/2022,BIS,ND,AGL,CE,Combined TRACON& Tower with Radar,8,21,16,0,45,0,0,3,0,3,8,21,19,0,48,0,0,0,48
01/05/2022,BIS,ND,AGL,CE,Combined TRACON& Tower with Radar,6,14,17,0,37,0,1,9,0,10,6,15,26,0,47,0,0,0,47
01/06/2022,BIS,ND,AGL,CE,Combined TRACON& Tower with Radar,12,17,17,0,46,0,0,2,0,2,12,17,19,0,48,0,0,0,48
01/07/2022,BIS,ND,AGL,CE,Combined TRACON& Tower with Radar,11,25,17,0,53,0,0,2,3,5,11,25,19,3,58,2,0,2,60
01/08/2022,BIS,ND,AGL,CE,Combined TRACON& Tower with Radar,15,18,6,1,40,0,0,0,4,4,15,18,6,5,44,0,0,0,44
01/09/2022,BIS,ND,AGL,CE,Combined TRACON& Tower with Radar,11,6,7,2,26,0,1,9,2,12,11,7,16,4,38,0,0,0,38
01/10/2022,BIS,ND,AGL,CE,Combined TRACON& Tower with Radar,9,15,14,0,38,0,0,8,0,8,9,15,22,0,46,11,0,11,57
01/11/2022,BIS,ND,AGL,CE,Combined TRACON& Tower with Radar,7,17,17,0,41,0,2,5,5,12,7,19,22,5,53,0,0,0,53
01/12/2022,BIS,ND,AGL,CE,Combined TRACON& Tower with Radar,10,22,32,5,69,0,2,17,8,27,10,24,49,13,96,9,0,9,105
01/13/2022,BIS,ND,AGL,CE,Combined TRACON& Tower with Radar,10,22,24,4,60,0,0,2,0,2,10,22,26,4,62,0,0,0,62
01/14/2022,BIS,ND,AGL,CE,Combined TRACON& Tower with Radar,8,20,7,0,35,0,2,0,0,2,8,22,7,0,37,0,0,0,37
01/15/2022,BIS,ND,AGL,CE,Combined TRACON& Tower with Radar,9,13,6,0,28,0,0,8,0,8,9,13,14,0,36,4,0,4,40
01/16/2022,BIS,ND,AGL,CE,Combined TRACON& Tower with Radar,9,7,14,0,30,0,2,11,0,13,9,9,25,0,43,0,0,0,43
01/17/2022,BIS,ND,AGL,CE,Combined TRACON& Tower with Radar,10,16,16,0,42,0,6,24,0,30,10,22,40,0,72,0,0,0,72
01/18/2022,BIS,ND,AGL,CE,Combined TRACON& Tower with Radar,12,31,15,0,58,0,0,0,0,0,12,31,15,0,58,0,0,0,58
01/19/2022,BIS,ND,AGL,CE,Combined TRACON& Tower with Radar,11,19,16,0,46,0,0,11,0,11,11,19,27,0,57,12,0,12,69
01/20/2022,BIS,ND,AGL,CE,Combined TRACON& Tower with Radar,9,19,17,0,45,0,0,9,0,9,9,19,26,0,54,10,0,10,64
01/21/2022,BIS,ND,AGL,CE,Combined TRACON& Tower with Radar,8,20,13,6,47,0,0,3,0,3,8,20,16,6,50,8,0,8,58
01/22/2022,BIS,ND,AGL,CE,Combined TRACON& Tower with Radar,13,16,9,0,38,0,0,0,0,0,13,16,9,0,38,0,0,0,38
01/23/2022,BIS,ND,AGL,CE,Combined TRACON& Tower with Radar,9,12,5,0,26,0,0,3,0,3,9,12,8,0,29,2,0,2,31
01/24/2022,BIS,ND,AGL,CE,Combined TRACON& Tower with Radar,10,21,17,2,50,0,3,7,0,10,10,24,24,2,60,0,0,0,60
01/25/2022,BIS,ND,AGL,CE,Combined TRACON& Tower with Radar,8,22,30,0,60,0,0,13,0,13,8,22,43,0,73,0,0,0,73
01/26/2022,BIS,ND,AGL,CE,Combined TRACON& Tower with Radar,12,20,31,2,65,0,7,8,11,26,12,27,39,13,91,2,42,44,135
01/27/2022,BIS,ND,AGL,CE,Combined TRACON& Tower with Radar,13,21,31,2,67,0,4,6,0,10,13,25,37,2,77,0,0,0,77
01/28/2022,BIS,ND,AGL,CE,Combined TRACON& Tower with Radar,11,16,23,2,52,0,2,32,7,41,11,18,55,9,93,16,8,24,117
01/29/2022,BIS,ND,AGL,CE,Combined TRACON& Tower with Radar,14,15,3,0,32,0,2,9,0,11,14,17,12,0,43,0,0,0,43
01/30/2022,BIS,ND,AGL,CE,Combined TRACON& Tower with Radar,12,7,15,0,34,0,2,13,0,15,12,9,28,0,49,4,0,4,53
01/31/2022,BIS,ND,AGL,CE,Combined TRACON& Tower with Radar,10,18,16,5,49,0,1,2,0,3,10,19,18,5,52,0,0,0,52
02/01/2022,BIS,ND,AGL,CE,Combined TRACON& Tower with Radar,10,16,21,0,47,0,1,0,0,1,10,17,21,0,48,0,0,0,48
02/02/2022,BIS,ND,AGL,CE,Combined TRACON& Tower with Radar,10,24,26,4,64,0,3,9,11,23,10,27,35,15,87,20,1,21,108
02/03/2022,BIS,ND,AGL,CE,Combined TRACON& Tower with Radar,11,25,28,0,64,0,2,11,2,15,11,27,39,2,79,0,0,0,79
02/04/2022,BIS,ND,AGL,CE,Combined TRACON& Tower with Radar,14,20,19,3,56,0,0,14,3,17,14,20,33,6,73,12,0,12,85
02/05/2022,BIS,ND,AGL,CE,Combined TRACON& Tower with Radar,13,15,11,0,39,0,0,1,0,1,13,15,12,0,40,10,0,10,50
02/06/2022,BIS,ND,AGL,CE,Combined TRACON& Tower with Radar,10,10,27,2,49,0,2,16,0,18,10,12,43,2,67,36,0,36,103
02/07/2022,BIS,ND,AGL,CE,Combined TRACON& Tower with Radar,12,17,24,4,57,0,0,13,4,17,12,17,37,8,74,38,15,53,127
02/08/2022,BIS,ND,AGL,CE,Combined TRACON& Tower with Radar,10,24,18,3,55,0,1,1,0,2,10,25,19,3,57,0,0,0,57
02/09/2022,BIS,ND,AGL,CE,Combined TRACON& Tower with Radar,8,27,22,6,63,0,0,10,20,30,8,27,32,26,93,16,4,20,113
02/10/2022,BIS,ND,AGL,CE,Combined TRACON& Tower with Radar,11,20,14,0,45,0,2,7,0,9,11,22,21,0,54,0,0,0,54
02/11/2022,BIS,ND,AGL,CE,Combined TRACON& Tower with Radar,12,18,21,5,56,0,1,3,3,7,12,19,24,8,63,0,0,0,63
02/12/2022,BIS,ND,AGL,CE,Combined TRACON& Tower with Radar,13,18,14,0,45,0,2,9,0,11,13,20,23,0,56,0,0,0,56
02/13/2022,BIS,ND,AGL,CE,Combined TRACON& Tower with Radar,11,12,6,0,29,0,2,5,1,8,11,14,11,1,37,1,0,1,38
02/14/2022,BIS,ND,AGL,CE,Combined TRACON& Tower with Radar,10,16,22,6,54,0,2,10,0,12,10,18,32,6,66,30,0,30,96
02/15/2022,BIS,ND,AGL,CE,Combined TRACON& Tower with Radar,7,27,37,2,73,0,5,15,0,20,7,32,52,2,93,34,0,34,127
02/16/2022,BIS,ND,AGL,CE,Combined TRACON& Tower with Radar,11,26,33,14,84,0,0,10,11,21,11,26,43,25,105,14,3,17,122
02/17/2022,BIS,ND,AGL,CE,Combined TRACON& Tower with Radar,9,24,15,6,54,0,0,2,2,4,9,24,17,8,58,6,0,6,64
02/18/2022,BIS,ND,AGL,CE,Combined TRACON& Tower with Radar,12,25,16,0,53,0,0,0,0,0,12,25,16,0,53,0,0,0,53
02/19/2022,BIS,ND,AGL,CE,Combined TRACON& Tower with Radar,14,16,13,0,43,0,0,6,0,6,14,16,19,0,49,60,0,60,109
02/20/2022,BIS,ND,AGL,CE,Combined TRACON& Tower with Radar,12,7,16,0,35,0,0,1,0,1,12,7,17,0,36,0,0,0,36
02/21/2022,BIS,ND,AGL,CE,Combined TRACON& Tower with Radar,11,10,13,0,34,0,0,0,0,0,11,10,13,0,34,0,0,0,34
02/22/2022,BIS,ND,AGL,CE,Combined TRACON& Tower with Radar,8,21,29,2,60,0,1,4,0,5,8,22,33,2,65,0,0,0,65
02/23/2022,BIS,ND,AGL,CE,Combined TRACON& Tower with Radar,12,23,30,4,69,0,3,10,13,26,12,26,40,17,95,12,1,13,108
02/24/2022,BIS,ND,AGL,CE,Combined TRACON& Tower with Radar,10,22,18,6,56,0,0,13,4,17,10,22,31,10,73,13,1,14,87
02/25/2022,BIS,ND,AGL,CE,Combined TRACON& Tower with Radar,13,20,30,3,66,0,4,12,5,21,13,24,42,8,87,34,0,34,121
02/26/2022,BIS,ND,AGL,CE,Combined TRACON& Tower with Radar,11,16,15,0,42,0,1,14,0,15,11,17,29,0,57,57,0,57,114
02/27/2022,BIS,ND,AGL,CE,Combined TRACON& Tower with Radar,10,14,23,0,47,4,2,15,0,21,14,16,38,0,68,30,0,30,98
02/28/2022,BIS,ND,AGL,CE,Combined TRACON& Tower with Radar,10,20,15,2,47,0,10,13,4,27,10,30,28,6,74,4,0,4,78
03/01/2022,BIS,ND,AGL,CE,Combined TRACON& Tower with Radar,7,36,10,2,55,0,0,4,0,4,7,36,14,2,59,1,0,1,60
03/02/2022,BIS,ND,AGL,CE,Combined TRACON& Tower with Radar,12,26,18,3,59,0,0,1,5,6,12,26,19,8,65,3,24,27,92
03/03/2022,BIS,ND,AGL,CE,Combined TRACON& Tower with Radar,14,24,18,0,56,0,1,3,4,8,14,25,21,4,64,6,0,6,70
03/04/2022,BIS,ND,AGL,CE,Combined TRACON& Tower with Radar,12,20,6,2,40,0,0,6,7,13,12,20,12,9,53,14,2,16,69
03/05/2022,BIS,ND,AGL,CE,Combined TRACON& Tower with Radar,16,18,4,0,38,0,0,0,0,0,16,18,4,0,38,0,0,0,38
03/06/2022,BIS,ND,AGL,CE,Combined TRACON& Tower with Radar,10,13,6,0,29,0,0,10,0,10,10,13,16,0,39,6,0,6,45
03/07/2022,BIS,ND,AGL,CE,Combined TRACON& Tower with Radar,14,13,31,6,64,0,5,22,0,27,14,18,53,6,91,0,0,0,91
03/08/2022,BIS,ND,AGL,CE,Combined TRACON& Tower with Radar,7,20,29,4,60,0,0,3,4,7,7,20,32,8,67,0,6,6,73
03/09/2022,BIS,ND,AGL,CE,Combined TRACON& Tower with Radar,16,22,33,7,78,0,1,7,20,28,16,23,40,27,106,32,8,40,146
03/10/2022,BIS,ND,AGL,CE,Combined TRACON& Tower with Radar,14,28,10,2,54,0,2,9,0,11,14,30,19,2,65,0,11,11,76
03/11/2022,BIS,ND,AGL,CE,Combined TRACON& Tower with Radar,10,23,22,10,65,0,2,2,1,5,10,25,24,11,70,0,0,0,70
03/12/2022,BIS,ND,AGL,CE,Combined TRACON& Tower with Radar,15,14,11,0,40,0,2,14,0,16,15,16,25,0,56,56,0,56,112
03/13/2022,BIS,ND,AGL,CE,Combined TRACON& Tower with Radar,11,12,12,0,35,0,2,7,0,9,11,14,19,0,44,20,0,20,64
03/14/2022,BIS,ND,AGL,CE,Combined TRACON& Tower with Radar,15,16,22,0,53,0,0,7,0,7,15,16,29,0,60,16,0,16,76
03/15/2022,BIS,ND,AGL,CE,Combined TRACON& Tower with Radar,7,24,17,3,51,0,0,31,7,38,7,24,48,10,89,13,0,13,102
03/16/2022,BIS,ND,AGL,CE,Combined TRACON& Tower with Radar,14,22,21,7,64,0,2,18,21,41,14,24,39,28,105,24,0,24,129
03/17/2022,BIS,ND,AGL,CE,Combined TRACON& Tower with Radar,8,25,41,0,74,0,1,27,1,29,8,26,68,1,103,31,0,31,134
03/18/2022,BIS,ND,AGL,CE,Combined TRACON& Tower with Radar,15,20,22,0,57,0,3,37,2,42,15,23,59,2,99,4,0,4,103
03/19/2022,BIS,ND,AGL,CE,Combined TRACON& Tower with Radar,13,16,21,2,52,0,1,41,0,42,13,17,62,2,94,0,0,0,94
03/20/2022,BIS,ND,AGL,CE,Combined TRACON& Tower with Radar,9,13,14,0,36,0,1,24,0,25,9,14,38,0,61,14,0,14,75
03/21/2022,BIS,ND,AGL,CE,Combined TRACON& Tower with Radar,14,20,17,2,53,0,2,16,2,20,14,22,33,4,73,4,0,4,77
03/22/2022,BIS,ND,AGL,CE,Combined TRACON& Tower with Radar,6,21,28,5,60,0,7,10,2,19,6,28,38,7,79,0,0,0,79
03/23/2022,BIS,ND,AGL,CE,Combined TRACON& Tower with Radar,11,25,24,5,65,0,2,16,7,25,11,27,40,12,90,54,0,54,144
03/24/2022,BIS,ND,AGL,CE,Combined TRACON& Tower with Radar,9,25,44,3,81,0,4,26,5,35,9,29,70,8,116,6,0,6,122
03/25/2022,BIS,ND,AGL,CE,Combined TRACON& Tower with Radar,12,22,19,1,54,0,0,5,5,10,12,22,24,6,64,1,0,1,65
03/26/2022,BIS,ND,AGL,CE,Combined TRACON& Tower with Radar,13,15,24,0,52,0,3,26,0,29,13,18,50,0,81,16,0,16,97
03/27/2022,BIS,ND,AGL,CE,Combined TRACON& Tower with Radar,10,8,13,0,31,0,1,16,0,17,10,9,29,0,48,14,0,14,62
03/28/2022,BIS,ND,AGL,CE,Combined TRACON& Tower with Radar,14,17,19,1,51,0,0,14,6,20,14,17,33,7,71,2,6,8,79
03/29/2022,BIS,ND,AGL,CE,Combined TRACON& Tower with Radar,7,23,31,2,63,0,0,6,2,8,7,23,37,4,71,24,0,24,95
03/30/2022,BIS,ND,AGL,CE,Combined TRACON& Tower with Radar,14,16,12,0,42,0,0,3,24,27,14,16,15,24,69,6,8,14,83
03/31/2022,BIS,ND,AGL,CE,Combined TRACON& Tower with Radar,9,30,35,3,77,0,0,32,6,38,9,30,67,9,115,2,0,2,117
04/01/2022,BIS,ND,AGL,CE,Combined TRACON& Tower with Radar,13,21,32,1,67,0,2,21,2,25,13,23,53,3,92,26,8,34,126
04/02/2022,BIS,ND,AGL,CE,Combined TRACON& Tower with Radar,13,18,22,0,53,0,0,53,0,53,13,18,75,0,106,26,0,26,132
04/03/2022,BIS,ND,AGL,CE,Combined TRACON& Tower with Radar,10,12,8,0,30,0,0,1,0,1,10,12,9,0,31,0,0,0,31
04/04/2022,BIS,ND,AGL,CE,Combined TRACON& Tower with Radar,13,16,24,2,55,0,3,17,0,20,13,19,41,2,75,0,0,0,75
04/05/2022,BIS,ND,AGL,CE,Combined TRACON& Tower with Radar,6,23,42,2,73,0,0,11,3,14,6,23,53,5,87,8,0,8,95
04/06/2022,BIS,ND,AGL,CE,Combined TRACON& Tower with Radar,10,19,17,4,50,0,3,10,0,13,10,22,27,4,63,0,0,0,63
04/07/2022,BIS,ND,AGL,CE,Combined TRACON& Tower with Radar,12,27,19,4,62,0,0,9,2,11,12,27,28,6,73,7,0,7,80
04/08/2022,BIS,ND,AGL,CE,Combined TRACON& Tower with Radar,14,20,34,0,68,0,1,47,2,50,14,21,81,2,118,40,0,40,158
04/09/2022,BIS,ND,AGL,CE,Combined TRACON& Tower with Radar,13,20,8,0,41,0,4,16,0,20,13,24,24,0,61,20,0,20,81
04/10/2022,BIS,ND,AGL,CE,Combined TRACON& Tower with Radar,9,10,15,1,35,0,2,8,2,12,9,12,23,3,47,2,4,6,53
04/11/2022,BIS,ND,AGL,CE,Combined TRACON& Tower with Radar,15,21,23,2,61,0,4,27,2,33,15,25,50,4,94,4,0,4,98
04/12/2022,BIS,ND,AGL,CE,Combined TRACON& Tower with Radar,3,0,1,0,4,0,0,0,0,0,3,0,1,0,4,0,0,0,4
04/13/2022,BIS,ND,AGL,CE,Combined TRACON& Tower with Radar,0,1,0,0,1,0,0,0,0,0,0,1,0,0,1,0,0,0,1
04/14/2022,BIS,ND,AGL,CE,Combined TRACON& Tower with Radar,2,8,5,0,15,0,0,0,0,0,2,8,5,0,15,0,0,0,15
04/15/2022,BIS,ND,AGL,CE,Combined TRACON& Tower with Radar,13,21,14,0,48,0,0,1,0,1,13,21,15,0,49,0,0,0,49
04/16/2022,BIS,ND,AGL,CE,Combined TRACON& Tower with Radar,11,15,15,0,41,0,1,8,0,9,11,16,23,0,50,11,0,11,61
04/17/2022,BIS,ND,AGL,CE,Combined TRACON& Tower with Radar,11,8,2,0,21,0,0,0,0,0,11,8,2,0,21,0,0,0,21
04/18/2022,BIS,ND,AGL,CE,Combined TRACON& Tower with Radar,13,19,20,0,52,0,1,18,0,19,13,20,38,0,71,6,0,6,77
04/19/2022,BIS,ND,AGL,CE,Combined TRACON& Tower with Radar,14,23,39,4,80,0,1,10,1,12,14,24,49,5,92,2,0,2,94
04/20/2022,BIS,ND,AGL,CE,Combined TRACON& Tower with Radar,13,25,23,7,68,0,2,19,38,59,13,27,42,45,127,14,6,20,147
04/21/2022,BIS,ND,AGL,CE,Combined TRACON& Tower with Radar,11,33,46,13,103,0,2,14,0,16,11,35,60,13,119,4,0,4,123
04/22/2022,BIS,ND,AGL,CE,Combined TRACON& Tower with Radar,16,22,9,7,54,0,0,0,0,0,16,22,9,7,54,0,0,0,54
04/23/2022,BIS,ND,AGL,CE,Combined TRACON& Tower with Radar,15,5,4,0,24,0,0,0,0,0,15,5,4,0,24,0,0,0,24
04/24/2022,BIS,ND,AGL,CE,Combined TRACON& Tower with Radar,11,9,10,0,30,0,0,0,0,0,11,9,10,0,30,0,0,0,30
04/25/2022,BIS,ND,AGL,CE,Combined TRACON& Tower with Radar,12,17,23,6,58,0,10,23,1,34,12,27,46,7,92,0,0,0,92
04/26/2022,BIS,ND,AGL,CE,Combined TRACON& Tower with Radar,10,24,38,4,76,0,1,16,0,17,10,25,54,4,93,10,0,10,103
04/27/2022,BIS,ND,AGL,CE,Combined TRACON& Tower with Radar,13,23,29,8,73,0,3,32,14,49,13,26,61,22,122,0,4,4,126
04/28/2022,BIS,ND,AGL,CE,Combined TRACON& Tower with Radar,16,22,37,4,79,0,2,54,7,63,16,24,91,11,142,22,0,22,164
04/29/2022,BIS,ND,AGL,CE,Combined TRACON& Tower with Radar,13,27,15,2,57,0,0,0,0,0,13,27,15,2,57,0,0,0,57
04/30/2022,BIS,ND,AGL,CE,Combined TRACON& Tower with Radar,13,14,2,0,29,0,0,2,0,2,13,14,4,0,31,0,0,0,31
05/01/2022,BIS,ND,AGL,CE,Combined TRACON& Tower with Radar,13,12,11,2,38,0,0,2,1,3,13,12,13,3,41,0,0,0,41
05/02/2022,BIS,ND,AGL,CE,Combined TRACON& Tower with Radar,12,21,32,6,71,0,0,18,1,19,12,21,50,7,90,0,0,0,90
05/03/2022,BIS,ND,AGL,CE,Combined TRACON& Tower with Radar,11,27,30,2,70,0,3,21,5,29,11,30,51,7,99,6,0,6,105
05/04/2022,BIS,ND,AGL,CE,Combined TRACON& Tower with Radar,15,17,24,1,57,0,0,20,20,40,15,17,44,21,97,19,0,19,116
05/05/2022,BIS,ND,AGL,CE,Combined TRACON& Tower with Radar,15,22,34,10,81,0,0,46,1,47,15,22,80,11,128,17,0,17,145
05/06/2022,BIS,ND,AGL,CE,Combined TRACON& Tower with Radar,15,18,15,11,59,0,0,19,6,25,15,18,34,17,84,0,0,0,84
05/07/2022,BIS,ND,AGL,CE,Combined TRACON& Tower with Radar,10,17,10,2,39,0,3,8,0,11,10,20,18,2,50,0,0,0,50
05/08/2022,BIS,ND,AGL,CE,Combined TRACON& Tower with Radar,14,9,22,1,46,0,3,9,0,12,14,12,31,1,58,20,0,20,78
05/09/2022,BIS,ND,AGL,CE,Combined TRACON& Tower with Radar,14,14,33,2,63,0,0,1,0,1,14,14,34,2,64,6,0,6,70
05/10/2022,BIS,ND,AGL,CE,Combined TRACON& Tower with Radar,9,24,41,3,77,0,0,39,0,39,9,24,80,3,116,16,0,16,132
05/11/2022,BIS,ND,AGL,CE,Combined TRACON& Tower with Radar,10,26,23,1,60,0,0,7,20,27,10,26,30,21,87,8,12,20,107
05/12/2022,BIS,ND,AGL,CE,Combined TRACON& Tower with Radar,15,29,34,4,82,0,1,1,0,2,15,30,35,4,84,0,0,0,84
05/13/2022,BIS,ND,AGL,CE,Combined TRACON& Tower with Radar,12,19,9,1,41,0,3,3,1,7,12,22,12,2,48,0,0,0,48
05/14/2022,BIS,ND,AGL,CE,Combined TRACON& Tower with Radar,12,14,9,1,36,0,0,13,5,18,12,14,22,6,54,2,0,2,56
05/15/2022,BIS,ND,AGL,CE,Combined TRACON& Tower with Radar,14,10,13,0,37,0,0,10,0,10,14,10,23,0,47,8,0,8,55
05/16/2022,BIS,ND,AGL,CE,Combined TRACON& Tower with Radar,16,19,31,0,66,0,3,26,3,32,16,22,57,3,98,6,0,6,104
05/17/2022,BIS,ND,AGL,CE,Combined TRACON& Tower with Radar,9,22,35,3,69,0,7,27,7,41,9,29,62,10,110,20,0,20,130
05/18/2022,BIS,ND,AGL,CE,Combined TRACON& Tower with Radar,10,22,33,4,69,0,2,27,12,41,10,24,60,16,110,6,36,42,152
05/19/2022,BIS,ND,AGL,CE,Combined TRACON& Tower with Radar,14,26,23,4,67,0,0,1,0,1,14,26,24,4,68,11,6,17,85
05/20/2022,BIS,ND,AGL,CE,Combined TRACON& Tower with Radar,13,22,15,0,50,0,0,2,2,4,13,22,17,2,54,0,0,0,54
05/21/2022,BIS,ND,AGL,CE,Combined TRACON& Tower with Radar,11,18,5,2,36,0,1,6,5,12,11,19,11,7,48,0,0,0,48
05/22/2022,BIS,ND,AGL,CE,Combined TRACON& Tower with Radar,14,7,6,0,27,0,2,29,5,36,14,9,35,5,63,0,0,0,63
05/23/2022,BIS,ND,AGL,CE,Combined TRACON& Tower with Radar,14,15,27,3,59,0,6,13,5,24,14,21,40,8,83,0,2,2,85
05/24/2022,BIS,ND,AGL,CE,Combined TRACON& Tower with Radar,9,21,31,3,64,0,6,22,25,53,9,27,53,28,117,14,2,16,133
05/25/2022,BIS,ND,AGL,CE,Combined TRACON& Tower with Radar,14,26,57,4,101,0,0,50,16,66,14,26,107,20,167,0,0,0,167
05/26/2022,BIS,ND,AGL,CE,Combined TRACON& Tower with Radar,14,23,42,4,83,0,3,44,0,47,14,26,86,4,130,0,0,0,130
05/27/2022,BIS,ND,AGL,CE,Combined TRACON& Tower with Radar,14,17,14,4,49,0,0,16,0,16,14,17,30,4,65,8,0,8,73
05/28/2022,BIS,ND,AGL,CE,Combined TRACON& Tower with Radar,11,16,4,0,31,0,1,15,0,16,11,17,19,0,47,0,0,0,47
05/29/2022,BIS,ND,AGL,CE,Combined TRACON& Tower with Radar,14,5,5,0,24,0,0,6,0,6,14,5,11,0,30,0,0,0,30
05/30/2022,BIS,ND,AGL,CE,Combined TRACON& Tower with Radar,12,13,5,2,32,0,0,0,0,0,12,13,5,2,32,0,0,0,32
05/31/2022,BIS,ND,AGL,CE,Combined TRACON& Tower with Radar,11,19,19,0,49,0,3,8,1,12,11,22,27,1,61,0,0,0,61
06/01/2022,BIS,ND,AGL,CE,Combined TRACON& Tower with Radar,12,20,34,4,70,0,4,16,16,36,12,24,50,20,106,0,2,2,108
06/02/2022,BIS,ND,AGL,CE,Combined TRACON& Tower with Radar,14,19,42,2,77,0,4,8,1,13,14,23,50,3,90,0,0,0,90
06/03/2022,BIS,ND,AGL,CE,Combined TRACON& Tower with Radar,13,20,13,2,48,0,4,30,2,36,13,24,43,4,84,14,0,14,98
06/04/2022,BIS,ND,AGL,CE,Combined TRACON& Tower with Radar,10,17,28,2,57,0,4,22,5,31,10,21,50,7,88,16,0,16,104
06/05/2022,BIS,ND,AGL,CE,Combined TRACON& Tower with Radar,15,14,17,2,48,0,1,9,0,10,15,15,26,2,58,0,0,0,58
06/06/2022,BIS,ND,AGL,CE,Combined TRACON& Tower with Radar,13,14,17,2,46,0,4,17,0,21,13,18,34,2,67,10,0,10,77
06/07/2022,BIS,ND,AGL,CE,Combined TRACON& Tower with Radar,11,18,22,1,52,0,0,20,0,20,11,18,42,1,72,6,0,6,78
06/08/2022,BIS,ND,AGL,CE,Combined TRACON& Tower with Radar,14,21,27,3,65,0,0,43,8,51,14,21,70,11,116,22,0,22,138
06/09/2022,BIS,ND,AGL,CE,Combined TRACON& Tower with Radar,15,21,29,0,65,0,1,22,4,27,15,22,51,4,92,22,3,25,117
06/10/2022,BIS,ND,AGL,CE,Combined TRACON& Tower with Radar,14,22,40,3,79,0,0,28,2,30,14,22,68,5,109,2,0,2,111
06/11/2022,BIS,ND,AGL,CE,Combined TRACON& Tower with Radar,11,18,14,0,43,0,2,47,0,49,11,20,61,0,92,30,0,30,122
06/12/2022,BIS,ND,AGL,CE,Combined TRACON& Tower with Radar,16,7,23,0,46,0,1,29,0,30,16,8,52,0,76,0,0,0,76
06/13/2022,BIS,ND,AGL,CE,Combined TRACON& Tower with Radar,17,13,23,2,55,0,2,10,1,13,17,15,33,3,68,10,0,10,78
06/14/2022,BIS,ND,AGL,CE,Combined TRACON& Tower with Radar,13,19,38,4,74,0,2,12,0,14,13,21,50,4,88,14,0,14,102
06/15/2022,BIS,ND,AGL,CE,Combined TRACON& Tower with Radar,16,20,25,2,63,0,3,4,1,8,16,23,29,3,71,0,0,0,71
06/16/2022,BIS,ND,AGL,CE,Combined TRACON& Tower with Radar,17,22,37,2,78,0,0,11,8,19,17,22,48,10,97,0,0,0,97
06/17/2022,BIS,ND,AGL,CE,Combined TRACON& Tower with Radar,14,21,24,2,61,0,3,17,1,21,14,24,41,3,82,14,0,14,96
06/18/2022,BIS,ND,AGL,CE,Combined TRACON& Tower with Radar,11,19,7,0,37,0,4,7,0,11,11,23,14,0,48,0,0,0,48
06/19/2022,BIS,ND,AGL,CE,Combined TRACON& Tower with Radar,15,11,13,0,39,0,4,8,0,12,15,15,21,0,51,0,0,0,51
06/20/2022,BIS,ND,AGL,CE,Combined TRACON& Tower with Radar,14,14,27,0,55,0,9,11,0,20,14,23,38,0,75,6,0,6,81
06/21/2022,BIS,ND,AGL,CE,Combined TRACON& Tower with Radar,13,18,28,6,65,0,4,11,4,19,13,22,39,10,84,23,0,23,107
06/22/2022,BIS,ND,AGL,CE,Combined TRACON& Tower with Radar,15,18,38,3,74,0,11,38,5,54,15,29,76,8,128,4,0,4,132
06/23/2022,BIS,ND,AGL,CE,Combined TRACON& Tower with Radar,18,20,34,1,73,0,5,30,2,37,18,25,64,3,110,41,0,41,151
06/24/2022,BIS,ND,AGL,CE,Combined TRACON& Tower with Radar,14,21,21,1,57,0,0,13,2,15,14,21,34,3,72,10,0,10,82
06/25/2022,BIS,ND,AGL,CE,Combined TRACON& Tower with Radar,11,17,10,0,38,0,0,5,0,5,11,17,15,0,43,0,0,0,43
06/26/2022,BIS,ND,AGL,CE,Combined TRACON& Tower with Radar,17,9,19,0,45,0,1,24,0,25,17,10,43,0,70,10,0,10,80
06/27/2022,BIS,ND,AGL,CE,Combined TRACON& Tower with Radar,15,15,21,2,53,0,0,32,3,35,15,15,53,5,88,20,0,20,108
06/28/2022,BIS,ND,AGL,CE,Combined TRACON& Tower with Radar,11,19,33,2,65,0,5,29,2,36,11,24,62,4,101,17,0,17,118
06/29/2022,BIS,ND,AGL,CE,Combined TRACON& Tower with Radar,14,19,26,2,61,0,8,28,9,45,14,27,54,11,106,26,0,26,132
06/30/2022,BIS,ND,AGL,CE,Combined TRACON& Tower with Radar,17,23,26,0,66,0,3,21,2,26,17,26,47,2,92,18,0,18,110
07/01/2022,BIS,ND,AGL,CE,Combined TRACON& Tower with Radar,14,18,16,0,48,0,3,24,2,29,14,21,40,2,77,10,1,11,88
07/02/2022,BIS,ND,AGL,CE,Combined TRACON& Tower with Radar,13,17,3,0,33,0,6,19,0,25,13,23,22,0,58,0,0,0,58
07/03/2022,BIS,ND,AGL,CE,Combined TRACON& Tower with Radar,15,7,8,0,30,0,1,5,0,6,15,8,13,0,36,0,0,0,36
07/04/2022,BIS,ND,AGL,CE,Combined TRACON& Tower with Radar,13,9,8,0,30,0,1,5,0,6,13,10,13,0,36,2,0,2,38
07/05/2022,BIS,ND,AGL,CE,Combined TRACON& Tower with Radar,13,14,20,0,47,0,2,20,0,22,13,16,40,0,69,15,0,15,84
07/06/2022,BIS,ND,AGL,CE,Combined TRACON& Tower with Radar,15,21,25,3,64,0,7,18,7,32,15,28,43,10,96,22,2,24,120
07/07/2022,BIS,ND,AGL,CE,Combined TRACON& Tower with Radar,17,17,22,0,56,0,1,6,1,8,17,18,28,1,64,26,5,31,95
07/08/2022,BIS,ND,AGL,CE,Combined TRACON& Tower with Radar,13,22,20,1,56,0,1,22,2,25,13,23,42,3,81,40,5,45,126
07/09/2022,BIS,ND,AGL,CE,Combined TRACON& Tower with Radar,13,17,3,0,33,0,1,12,0,13,13,18,15,0,46,0,0,0,46
07/10/2022,BIS,ND,AGL,CE,Combined TRACON& Tower with Radar,17,8,12,0,37,0,0,6,0,6,17,8,18,0,43,0,0,0,43
07/11/2022,BIS,ND,AGL,CE,Combined TRACON& Tower with Radar,15,13,15,4,47,0,0,23,3,26,15,13,38,7,73,12,0,12,85
07/12/2022,BIS,ND,AGL,CE,Combined TRACON& Tower with Radar,11,23,47,0,81,0,1,35,1,37,11,24,82,1,118,58,0,58,176
07/13/2022,BIS,ND,AGL,CE,Combined TRACON& Tower with Radar,15,25,18,0,58,0,6,23,10,39,15,31,41,10,97,10,0,10,107
07/14/2022,BIS,ND,AGL,CE,Combined TRACON& Tower with Radar,16,22,27,4,69,0,4,32,2,38,16,26,59,6,107,48,0,48,155
07/15/2022,BIS,ND,AGL,CE,Combined TRACON& Tower with Radar,14,14,27,2,57,0,0,6,0,6,14,14,33,2,63,67,0,67,130
07/16/2022,BIS,ND,AGL,CE,Combined TRACON& Tower with Radar,13,15,14,0,42,0,2,17,0,19,13,17,31,0,61,26,0,26,87
07/17/2022,BIS,ND,AGL,CE,Combined TRACON& Tower with Radar,18,7,16,0,41,0,2,14,0,16,18,9,30,0,57,0,0,0,57
07/18/2022,BIS,ND,AGL,CE,Combined TRACON& Tower with Radar,14,20,19,0,53,0,0,12,1,13,14,20,31,1,66,16,0,16,82
07/19/2022,BIS,ND,AGL,CE,Combined TRACON& Tower with Radar,12,22,42,7,83,0,0,2,5,7,12,22,44,12,90,0,0,0,90
07/20/2022,BIS,ND,AGL,CE,Combined TRACON& Tower with Radar,15,17,33,9,74,0,5,17,15,37,15,22,50,24,111,23,2,25,136
07/21/2022,BIS,ND,AGL,CE,Combined TRACON& Tower with Radar,18,19,39,0,76,0,2,23,7,32,18,21,62,7,108,14,0,14,122
07/22/2022,BIS,ND,AGL,CE,Combined TRACON& Tower with Radar,14,16,33,3,66,0,1,49,0,50,14,17,82,3,116,12,0,12,128
07/23/2022,BIS,ND,AGL,CE,Combined TRACON& Tower with Radar,13,20,16,0,49,0,1,30,0,31,13,21,46,0,80,18,0,18,98
07/24/2022,BIS,ND,AGL,CE,Combined TRACON& Tower with Radar,16,7,19,0,42,0,1,49,0,50,16,8,68,0,92,38,0,38,130
07/25/2022,BIS,ND,AGL,CE,Combined TRACON& Tower with Radar,13,13,34,4,64,0,2,25,4,31,13,15,59,8,95,26,0,26,121
07/26/2022,BIS,ND,AGL,CE,Combined TRACON& Tower with Radar,13,19,33,0,65,0,0,26,0,26,13,19,59,0,91,6,0,6,97
07/27/2022,BIS,ND,AGL,CE,Combined TRACON& Tower with Radar,15,17,33,0,65,0,4,20,10,34,15,21,53,10,99,8,2,10,109
07/28/2022,BIS,ND,AGL,CE,Combined TRACON& Tower with Radar,19,28,35,1,83,0,2,41,9,52,19,30,76,10,135,23,0,23,158
07/29/2022,BIS,ND,AGL,CE,Combined TRACON& Tower with Radar,14,17,29,2,62,0,0,48,2,50,14,17,77,4,112,40,0,40,152
07/30/2022,BIS,ND,AGL,CE,Combined TRACON& Tower with Radar,14,18,15,2,49,0,5,18,0,23,14,23,33,2,72,8,0,8,80
07/31/2022,BIS,ND,AGL,CE,Combined TRACON& Tower with Radar,16,6,16,0,38,0,4,8,1,13,16,10,24,1,51,0,0,0,51
08/01/2022,BIS,ND,AGL,CE,Combined TRACON& Tower with Radar,14,13,28,0,55,0,0,29,0,29,14,13,57,0,84,20,0,20,104
08/02/2022,BIS,ND,AGL,CE,Combined TRACON& Tower with Radar,11,17,29,2,59,0,4,29,1,34,11,21,58,3,93,30,0,30,123
08/03/2022,BIS,ND,AGL,CE,Combined TRACON& Tower with Radar,14,23,34,5,76,3,1,37,12,53,17,24,71,17,129,12,52,64,193
08/04/2022,BIS,ND,AGL,CE,Combined TRACON& Tower with Radar,18,21,28,2,69,0,0,12,2,14,18,21,40,4,83,9,0,9,92
08/05/2022,BIS,ND,AGL,CE,Combined TRACON& Tower with Radar,14,15,21,2,52,0,2,14,1,17,14,17,35,3,69,22,0,22,91
08/06/2022,BIS,ND,AGL,CE,Combined TRACON& Tower with Radar,13,17,8,0,38,0,0,7,4,11,13,17,15,4,49,2,0,2,51
08/07/2022,BIS,ND,AGL,CE,Combined TRACON& Tower with Radar,17,9,24,0,50,0,0,13,0,13,17,9,37,0,63,32,0,32,95
08/08/2022,BIS,ND,AGL,CE,Combined TRACON& Tower with Radar,15,14,31,1,61,0,0,20,4,24,15,14,51,5,85,40,0,40,125
08/09/2022,BIS,ND,AGL,CE,Combined TRACON& Tower with Radar,11,18,22,2,53,0,0,20,1,21,11,18,42,3,74,42,0,42,116
08/10/2022,BIS,ND,AGL,CE,Combined TRACON& Tower with Radar,15,21,29,2,67,0,3,17,20,40,15,24,46,22,107,31,16,47,154
08/11/2022,BIS,ND,AGL,CE,Combined TRACON& Tower with Radar,17,22,20,2,61,0,2,12,12,26,17,24,32,14,87,3,0,3,90
08/12/2022,BIS,ND,AGL,CE,Combined TRACON& Tower with Radar,16,20,33,2,71,0,2,15,0,17,16,22,48,2,88,10,0,10,98
08/13/2022,BIS,ND,AGL,CE,Combined TRACON& Tower with Radar,13,18,21,4,56,0,1,9,1,11,13,19,30,5,67,0,0,0,67
08/14/2022,BIS,ND,AGL,CE,Combined TRACON& Tower with Radar,17,11,13,2,43,1,0,10,0,11,18,11,23,2,54,0,0,0,54
08/15/2022,BIS,ND,AGL,CE,Combined TRACON& Tower with Radar,17,12,24,4,57,0,2,17,2,21,17,14,41,6,78,18,0,18,96
08/16/2022,BIS,ND,AGL,CE,Combined TRACON& Tower with Radar,11,23,32,0,66,0,1,18,3,22,11,24,50,3,88,14,0,14,102
08/17/2022,BIS,ND,AGL,CE,Combined TRACON& Tower with Radar,11,23,34,0,68,0,3,17,3,23,11,26,51,3,91,15,0,15,106
08/18/2022,BIS,ND,AGL,CE,Combined TRACON& Tower with Radar,15,21,34,0,70,0,0,22,3,25,15,21,56,3,95,4,0,4,99
08/19/2022,BIS,ND,AGL,CE,Combined TRACON& Tower with Radar,15,19,19,4,57,0,0,10,1,11,15,19,29,5,68,0,0,0,68
08/20/2022,BIS,ND,AGL,CE,Combined TRACON& Tower with Radar,11,20,15,0,46,0,2,43,2,47,11,22,58,2,93,21,0,21,114
08/21/2022,BIS,ND,AGL,CE,Combined TRACON& Tower with Radar,16,5,12,0,33,0,0,29,3,32,16,5,41,3,65,0,6,6,71
08/22/2022,BIS,ND,AGL,CE,Combined TRACON& Tower with Radar,16,13,18,2,49,0,4,29,1,34,16,17,47,3,83,20,0,20,103
08/23/2022,BIS,ND,AGL,CE,Combined TRACON& Tower with Radar,11,19,51,4,85,0,4,30,0,34,11,23,81,4,119,13,0,13,132
08/24/2022,BIS,ND,AGL,CE,Combined TRACON& Tower with Radar,10,26,42,3,81,0,1,18,15,34,10,27,60,18,115,27,0,27,142
08/25/2022,BIS,ND,AGL,CE,Combined TRACON& Tower with Radar,13,19,39,6,77,0,4,37,9,50,13,23,76,15,127,47,0,47,174
08/26/2022,BIS,ND,AGL,CE,Combined TRACON& Tower with Radar,11,21,27,2,61,0,4,15,1,20,11,25,42,3,81,13,0,13,94
08/27/2022,BIS,ND,AGL,CE,Combined TRACON& Tower with Radar,9,21,16,0,46,0,0,11,0,11,9,21,27,0,57,0,0,0,57
08/28/2022,BIS,ND,AGL,CE,Combined TRACON& Tower with Radar,13,12,13,0,38,0,0,7,0,7,13,12,20,0,45,0,0,0,45
08/29/2022,BIS,ND,AGL,CE,Combined TRACON& Tower with Radar,12,16,22,2,52,0,3,14,2,19,12,19,36,4,71,14,0,14,85
08/30/2022,BIS,ND,AGL,CE,Combined TRACON& Tower with Radar,9,25,25,3,62,0,2,23,4,29,9,27,48,7,91,26,0,26,117
08/31/2022,BIS,ND,AGL,CE,Combined TRACON& Tower with Radar,9,23,34,1,67,0,0,39,15,54,9,23,73,16,121,16,10,26,147
09/01/2022,BIS,ND,AGL,CE,Combined TRACON& Tower with Radar,14,19,33,2,68,0,3,28,0,31,14,22,61,2,99,13,0,13,112
09/02/2022,BIS,ND,AGL,CE,Combined TRACON& Tower with Radar,13,19,23,0,55,0,0,11,0,11,13,19,34,0,66,0,0,0,66
09/03/2022,BIS,ND,AGL,CE,Combined TRACON& Tower with Radar,8,17,13,0,38,0,2,14,0,16,8,19,27,0,54,35,0,35,89
09/04/2022,BIS,ND,AGL,CE,Combined TRACON& Tower with Radar,12,6,10,0,28,0,0,8,0,8,12,6,18,0,36,0,0,0,36
09/05/2022,BIS,ND,AGL,CE,Combined TRACON& Tower with Radar,17,7,14,0,38,0,2,21,0,23,17,9,35,0,61,4,0,4,65
09/06/2022,BIS,ND,AGL,CE,Combined TRACON& Tower with Radar,12,16,19,4,51,0,0,13,0,13,12,16,32,4,64,21,0,21,85
09/07/2022,BIS,ND,AGL,CE,Combined TRACON& Tower with Radar,11,20,22,11,64,0,4,21,19,44,11,24,43,30,108,0,7,7,115
09/08/2022,BIS,ND,AGL,CE,Combined TRACON& Tower with Radar,15,23,45,10,93,0,5,20,4,29,15,28,65,14,122,17,0,17,139
09/09/2022,BIS,ND,AGL,CE,Combined TRACON& Tower with Radar,14,18,23,4,59,0,0,16,1,17,14,18,39,5,76,10,0,10,86
09/10/2022,BIS,ND,AGL,CE,Combined TRACON& Tower with Radar,10,17,19,0,46,0,1,17,2,20,10,18,36,2,66,16,0,16,82
09/11/2022,BIS,ND,AGL,CE,Combined TRACON& Tower with Radar,18,10,14,2,44,0,2,92,18,112,18,12,106,20,156,4,0,4,160
09/12/2022,BIS,ND,AGL,CE,Combined TRACON& Tower with Radar,17,12,29,5,63,0,1,20,6,27,17,13,49,11,90,2,0,2,92
09/13/2022,BIS,ND,AGL,CE,Combined TRACON& Tower with Radar,10,23,32,2,67,0,1,38,3,42,10,24,70,5,109,32,0,32,141
09/14/2022,BIS,ND,AGL,CE,Combined TRACON& Tower with Radar,10,19,30,8,67,0,1,18,9,28,10,20,48,17,95,0,0,0,95
09/15/2022,BIS,ND,AGL,CE,Combined TRACON& Tower with Radar,17,28,63,0,108,0,0,2,0,2,17,28,65,0,110,0,0,0,110
09/16/2022,BIS,ND,AGL,CE,Combined TRACON& Tower with Radar,15,21,23,3,62,0,0,2,0,2,15,21,25,3,64,8,0,8,72
09/17/2022,BIS,ND,AGL,CE,Combined TRACON& Tower with Radar,11,23,22,2,58,0,1,1,0,2,11,24,23,2,60,0,0,0,60
09/18/2022,BIS,ND,AGL,CE,Combined TRACON& Tower with Radar,17,6,20,4,47,0,0,30,0,30,17,6,50,4,77,12,0,12,89
09/19/2022,BIS,ND,AGL,CE,Combined TRACON& Tower with Radar,14,22,39,0,75,0,3,16,7,26,14,25,55,7,101,12,0,12,113
09/20/2022,BIS,ND,AGL,CE,Combined TRACON& Tower with Radar,12,21,33,0,66,0,3,25,2,30,12,24,58,2,96,15,0,15,111
09/21/2022,BIS,ND,AGL,CE,Combined TRACON& Tower with Radar,10,18,45,4,77,0,4,34,8,46,10,22,79,12,123,12,0,12,135
09/22/2022,BIS,ND,AGL,CE,Combined TRACON& Tower with Radar,16,18,29,0,63,0,0,25,3,28,16,18,54,3,91,31,0,31,122
09/23/2022,BIS,ND,AGL,CE,Combined TRACON& Tower with Radar,16,20,30,4,70,0,2,16,0,18,16,22,46,4,88,18,0,18,106
09/24/2022,BIS,ND,AGL,CE,Combined TRACON& Tower with Radar,12,15,19,2,48,0,2,14,0,16,12,17,33,2,64,4,0,4,68
09/25/2022,BIS,ND,AGL,CE,Combined TRACON& Tower with Radar,16,7,12,0,35,0,1,6,0,7,16,8,18,0,42,4,0,4,46
09/26/2022,BIS,ND,AGL,CE,Combined TRACON& Tower with Radar,15,15,20,2,52,0,6,21,5,32,15,21,41,7,84,42,0,42,126
09/27/2022,BIS,ND,AGL,CE,Combined TRACON& Tower with Radar,13,30,35,3,81,0,2,35,0,37,13,32,70,3,118,54,0,54,172
09/28/2022,BIS,ND,AGL,CE,Combined TRACON& Tower with Radar,10,20,42,2,74,0,2,27,0,29,10,22,69,2,103,18,12,30,133
09/29/2022,BIS,ND,AGL,CE,Combined TRACON& Tower with Radar,17,16,33,2,68,0,0,29,0,29,17,16,62,2,97,106,0,106,203
09/30/2022,BIS,ND,AGL,CE,Combined TRACON& Tower with Radar,17,20,33,0,70,0,2,19,0,21,17,22,52,0,91,26,0,26,117
10/01/2022,BIS,ND,AGL,CE,Combined TRACON& Tower with Radar,12,20,21,0,53,0,0,8,0,8,12,20,29,0,61,0,0,0,61
10/02/2022,BIS,ND,AGL,CE,Combined TRACON& Tower with Radar,16,10,31,0,57,0,0,14,0,14,16,10,45,0,71,2,0,2,73
10/03/2022,BIS,ND,AGL,CE,Combined TRACON& Tower with Radar,15,20,26,0,61,0,1,8,0,9,15,21,34,0,70,10,0,10,80
10/04/2022,BIS,ND,AGL,CE,Combined TRACON& Tower with Radar,11,18,29,5,63,0,0,9,3,12,11,18,38,8,75,0,6,6,81
10/05/2022,BIS,ND,AGL,CE,Combined TRACON& Tower with Radar,13,21,38,3,75,0,0,34,0,34,13,21,72,3,109,12,0,12,121
10/06/2022,BIS,ND,AGL,CE,Combined TRACON& Tower with Radar,14,26,43,4,87,0,0,14,0,14,14,26,57,4,101,22,0,22,123
10/07/2022,BIS,ND,AGL,CE,Combined TRACON& Tower with Radar,12,22,35,3,72,0,2,16,0,18,12,24,51,3,90,14,0,14,104
10/08/2022,BIS,ND,AGL,CE,Combined TRACON& Tower with Radar,12,21,14,0,47,0,1,7,0,8,12,22,21,0,55,0,0,0,55
10/09/2022,BIS,ND,AGL,CE,Combined TRACON& Tower with Radar,16,14,20,0,50,0,5,14,1,20,16,19,34,1,70,10,0,10,80
10/10/2022,BIS,ND,AGL,CE,Combined TRACON& Tower with Radar,15,21,30,0,66,0,2,26,0,28,15,23,56,0,94,12,0,12,106
10/11/2022,BIS,ND,AGL,CE,Combined TRACON& Tower with Radar,14,21,28,4,67,0,0,10,0,10,14,21,38,4,77,22,0,22,99
10/12/2022,BIS,ND,AGL,CE,Combined TRACON& Tower with Radar,13,22,25,2,62,0,3,10,4,17,13,25,35,6,79,0,0,0,79
10/13/2022,BIS,ND,AGL,CE,Combined TRACON& Tower with Radar,15,22,21,2,60,0,5,2,0,7,15,27,23,2,67,0,0,0,67
10/14/2022,BIS,ND,AGL,CE,Combined TRACON& Tower with Radar,14,19,23,0,56,0,2,6,2,10,14,21,29,2,66,3,0,3,69
10/15/2022,BIS,ND,AGL,CE,Combined TRACON& Tower with Radar,12,18,12,1,43,0,0,5,0,5,12,18,17,1,48,4,0,4,52
10/16/2022,BIS,ND,AGL,CE,Combined TRACON& Tower with Radar,16,7,13,0,36,0,1,9,0,10,16,8,22,0,46,0,0,0,46
10/17/2022,BIS,ND,AGL,CE,Combined TRACON& Tower with Radar,14,18,33,2,67,0,2,9,0,11,14,20,42,2,78,50,0,50,128
10/18/2022,BIS,ND,AGL,CE,Combined TRACON& Tower with Radar,13,20,28,4,65,0,0,17,1,18,13,20,45,5,83,8,0,8,91
10/19/2022,BIS,ND,AGL,CE,Combined TRACON& Tower with Radar,14,25,44,18,101,0,2,13,6,21,14,27,57,24,122,27,0,27,149
10/20/2022,BIS,ND,AGL,CE,Combined TRACON& Tower with Radar,15,25,42,3,85,0,5,34,1,40,15,30,76,4,125,4,0,4,129
10/21/2022,BIS,ND,AGL,CE,Combined TRACON& Tower with Radar,12,26,19,1,58,0,5,30,1,36,12,31,49,2,94,13,0,13,107
10/22/2022,BIS,ND,AGL,CE,Combined TRACON& Tower with Radar,13,22,18,0,53,0,2,8,0,10,13,24,26,0,63,0,0,0,63
10/23/2022,BIS,ND,AGL,CE,Combined TRACON& Tower with Radar,14,10,13,0,37,0,2,3,0,5,14,12,16,0,42,6,0,6,48
10/24/2022,BIS,ND,AGL,CE,Combined TRACON& Tower with Radar,12,21,12,3,48,0,0,0,0,0,12,21,12,3,48,0,0,0,48
10/25/2022,BIS,ND,AGL,CE,Combined TRACON& Tower with Radar,10,25,33,3,71,0,2,14,0,16,10,27,47,3,87,16,0,16,103
10/26/2022,BIS,ND,AGL,CE,Combined TRACON& Tower with Radar,12,17,38,3,70,0,0,30,2,32,12,17,68,5,102,63,0,63,165
10/27/2022,BIS,ND,AGL,CE,Combined TRACON& Tower with Radar,21,21,39,11,92,0,1,30,1,32,21,22,69,12,124,12,2,14,138
10/28/2022,BIS,ND,AGL,CE,Combined TRACON& Tower with Radar,13,18,19,0,50,0,0,20,2,22,13,18,39,2,72,0,0,0,72
10/29/2022,BIS,ND,AGL,CE,Combined TRACON& Tower with Radar,13,21,23,0,57,0,0,21,5,26,13,21,44,5,83,0,0,0,83
10/30/2022,BIS,ND,AGL,CE,Combined TRACON& Tower with Radar,17,8,30,2,57,0,2,23,1,26,17,10,53,3,83,26,0,26,109
10/31/2022,BIS,ND,AGL,CE,Combined TRACON& Tower with Radar,14,14,13,0,41,0,2,25,2,29,14,16,38,2,70,34,0,34,104
11/01/2022,BIS,ND,AGL,CE,Combined TRACON& Tower with Radar,11,22,41,2,76,0,2,21,0,23,11,24,62,2,99,0,0,0,99
11/02/2022,BIS,ND,AGL,CE,Combined TRACON& Tower with Radar,13,18,30,6,67,0,2,17,2,21,13,20,47,8,88,10,16,26,114
11/03/2022,BIS,ND,AGL,CE,Combined TRACON& Tower with Radar,15,17,36,6,74,0,4,2,0,6,15,21,38,6,80,0,0,0,80
11/04/2022,BIS,ND,AGL,CE,Combined TRACON& Tower with Radar,12,23,27,3,65,0,3,21,1,25,12,26,48,4,90,30,0,30,120
11/05/2022,BIS,ND,AGL,CE,Combined TRACON& Tower with Radar,12,15,6,0,33,0,4,5,0,9,12,19,11,0,42,40,0,40,82
11/06/2022,BIS,ND,AGL,CE,Combined TRACON& Tower with Radar,12,13,13,0,38,0,0,0,0,0,12,13,13,0,38,0,0,0,38
11/07/2022,BIS,ND,AGL,CE,Combined TRACON& Tower with Radar,13,20,29,0,62,0,0,7,0,7,13,20,36,0,69,0,0,0,69
11/08/2022,BIS,ND,AGL,CE,Combined TRACON& Tower with Radar,11,22,21,2,56,0,2,9,1,12,11,24,30,3,68,14,0,14,82
11/09/2022,BIS,ND,AGL,CE,Combined TRACON& Tower with Radar,10,15,23,2,50,0,0,0,0,0,10,15,23,2,50,0,0,0,50
11/10/2022,BIS,ND,AGL,CE,Combined TRACON& Tower with Radar,0,0,0,0,0,0,0,0,0,0,0,0,0,0,0,0,0,0,0
11/11/2022,BIS,ND,AGL,CE,Combined TRACON& Tower with Radar,14,17,26,4,61,0,0,1,0,1,14,17,27,4,62,0,0,0,62
11/12/2022,BIS,ND,AGL,CE,Combined TRACON& Tower with Radar,12,9,4,0,25,0,0,0,0,0,12,9,4,0,25,0,0,0,25
11/13/2022,BIS,ND,AGL,CE,Combined TRACON& Tower with Radar,15,10,4,0,29,0,0,0,0,0,15,10,4,0,29,0,0,0,29
11/14/2022,BIS,ND,AGL,CE,Combined TRACON& Tower with Radar,15,22,9,0,46,0,0,0,0,0,15,22,9,0,46,0,0,0,46
11/15/2022,BIS,ND,AGL,CE,Combined TRACON& Tower with Radar,15,24,28,2,69,0,0,3,0,3,15,24,31,2,72,0,0,0,72
11/16/2022,BIS,ND,AGL,CE,Combined TRACON& Tower with Radar,13,18,24,8,63,0,0,0,5,5,13,18,24,13,68,0,28,28,96
11/17/2022,BIS,ND,AGL,CE,Combined TRACON& Tower with Radar,14,22,17,0,53,0,3,0,1,4,14,25,17,1,57,0,0,0,57
11/18/2022,BIS,ND,AGL,CE,Combined TRACON& Tower with Radar,15,21,14,2,52,0,2,5,0,7,15,23,19,2,59,0,0,0,59
11/19/2022,BIS,ND,AGL,CE,Combined TRACON& Tower with Radar,15,22,11,0,48,0,5,4,1,10,15,27,15,1,58,10,0,10,68
11/20/2022,BIS,ND,AGL,CE,Combined TRACON& Tower with Radar,13,7,28,0,48,0,3,14,0,17,13,10,42,0,65,32,0,32,97
11/21/2022,BIS,ND,AGL,CE,Combined TRACON& Tower with Radar,13,12,29,2,56,0,3,24,0,27,13,15,53,2,83,31,0,31,114
11/22/2022,BIS,ND,AGL,CE,Combined TRACON& Tower with Radar,13,24,46,4,87,0,1,31,5,37,13,25,77,9,124,0,0,0,124
11/23/2022,BIS,ND,AGL,CE,Combined TRACON& Tower with Radar,13,20,27,2,62,0,0,16,0,16,13,20,43,2,78,6,0,6,84
11/24/2022,BIS,ND,AGL,CE,Combined TRACON& Tower with Radar,8,3,6,0,17,0,6,4,0,10,8,9,10,0,27,4,0,4,31
11/25/2022,BIS,ND,AGL,CE,Combined TRACON& Tower with Radar,12,21,19,0,52,0,2,23,0,25,12,23,42,0,77,5,0,5,82
11/26/2022,BIS,ND,AGL,CE,Combined TRACON& Tower with Radar,15,14,8,0,37,0,0,15,0,15,15,14,23,0,52,12,0,12,64
11/27/2022,BIS,ND,AGL,CE,Combined TRACON& Tower with Radar,13,8,11,0,32,0,2,8,0,10,13,10,19,0,42,6,0,6,48
11/28/2022,BIS,ND,AGL,CE,Combined TRACON& Tower with Radar,15,12,14,0,41,0,1,3,0,4,15,13,17,0,45,0,0,0,45
11/29/2022,BIS,ND,AGL,CE,Combined TRACON& Tower with Radar,11,16,21,2,50,0,2,1,6,9,11,18,22,8,59,0,0,0,59
11/30/2022,BIS,ND,AGL,CE,Combined TRACON& Tower with Radar,15,17,23,2,57,0,8,19,6,33,15,25,42,8,90,6,4,10,100
12/01/2022,BIS,ND,AGL,CE,Combined TRACON& Tower with Radar,13,24,48,0,85,0,3,17,0,20,13,27,65,0,105,18,0,18,123
12/02/2022,BIS,ND,AGL,CE,Combined TRACON& Tower with Radar,15,17,13,0,45,0,0,0,0,0,15,17,13,0,45,0,0,0,45
12/03/2022,BIS,ND,AGL,CE,Combined TRACON& Tower with Radar,12,14,11,1,38,0,7,29,0,36,12,21,40,1,74,30,0,30,104
12/04/2022,BIS,ND,AGL,CE,Combined TRACON& Tower with Radar,13,13,11,0,37,0,0,1,0,1,13,13,12,0,38,12,0,12,50
12/05/2022,BIS,ND,AGL,CE,Combined TRACON& Tower with Radar,14,15,26,1,56,0,5,19,0,24,14,20,45,1,80,4,0,4,84
12/06/2022,BIS,ND,AGL,CE,Combined TRACON& Tower with Radar,11,15,26,2,54,0,1,2,1,4,11,16,28,3,58,16,0,16,74
12/07/2022,BIS,ND,AGL,CE,Combined TRACON& Tower with Radar,14,18,34,3,69,0,1,5,1,7,14,19,39,4,76,0,0,0,76
12/08/2022,BIS,ND,AGL,CE,Combined TRACON& Tower with Radar,13,16,25,4,58,0,0,10,2,12,13,16,35,6,70,0,0,0,70
12/09/2022,BIS,ND,AGL,CE,Combined TRACON& Tower with Radar,18,26,19,2,65,0,5,11,1,17,18,31,30,3,82,26,0,26,108
12/10/2022,BIS,ND,AGL,CE,Combined TRACON& Tower with Radar,11,14,9,0,34,0,5,15,0,20,11,19,24,0,54,6,0,6,60
12/11/2022,BIS,ND,AGL,CE,Combined TRACON& Tower with Radar,13,9,18,2,42,0,3,13,0,16,13,12,31,2,58,30,0,30,88
12/12/2022,BIS,ND,AGL,CE,Combined TRACON& Tower with Radar,13,12,11,0,36,0,0,0,0,0,13,12,11,0,36,0,0,0,36
12/13/2022,BIS,ND,AGL,CE,Combined TRACON& Tower with Radar,2,13,0,0,15,0,0,0,0,0,2,13,0,0,15,0,0,0,15
12/14/2022,BIS,ND,AGL,CE,Combined TRACON& Tower with Radar,10,9,2,0,21,0,0,0,0,0,10,9,2,0,21,0,0,0,21
12/15/2022,BIS,ND,AGL,CE,Combined TRACON& Tower with Radar,13,12,0,0,25,0,0,0,0,0,13,12,0,0,25,0,0,0,25
12/16/2022,BIS,ND,AGL,CE,Combined TRACON& Tower with Radar,4,7,7,0,18,0,0,0,0,0,4,7,7,0,18,0,0,0,18
12/17/2022,BIS,ND,AGL,CE,Combined TRACON& Tower with Radar,13,21,17,0,51,0,0,0,0,0,13,21,17,0,51,0,0,0,51
12/18/2022,BIS,ND,AGL,CE,Combined TRACON& Tower with Radar,19,8,12,0,39,0,0,0,0,0,19,8,12,0,39,0,0,0,39
12/19/2022,BIS,ND,AGL,CE,Combined TRACON& Tower with Radar,12,13,18,4,47,0,0,6,0,6,12,13,24,4,53,6,0,6,59
12/20/2022,BIS,ND,AGL,CE,Combined TRACON& Tower with Radar,16,22,23,2,63,0,3,11,0,14,16,25,34,2,77,0,0,0,77
12/21/2022,BIS,ND,AGL,CE,Combined TRACON& Tower with Radar,11,16,12,2,41,0,0,0,0,0,11,16,12,2,41,0,0,0,41
12/22/2022,BIS,ND,AGL,CE,Combined TRACON& Tower with Radar,14,16,9,0,39,0,0,0,0,0,14,16,9,0,39,0,0,0,39
12/23/2022,BIS,ND,AGL,CE,Combined TRACON& Tower with Radar,15,13,20,0,48,0,1,3,0,4,15,14,23,0,52,0,0,0,52
12/24/2022,BIS,ND,AGL,CE,Combined TRACON& Tower with Radar,12,13,7,0,32,0,1,1,0,2,12,14,8,0,34,0,0,0,34
12/25/2022,BIS,ND,AGL,CE,Combined TRACON& Tower with Radar,14,3,0,0,17,0,0,0,0,0,14,3,0,0,17,0,0,0,17
12/26/2022,BIS,ND,AGL,CE,Combined TRACON& Tower with Radar,17,9,10,0,36,0,0,3,0,3,17,9,13,0,39,0,0,0,39
12/27/2022,BIS,ND,AGL,CE,Combined TRACON& Tower with Radar,15,18,14,1,48,0,8,21,2,31,15,26,35,3,79,8,0,8,87
12/28/2022,BIS,ND,AGL,CE,Combined TRACON& Tower with Radar,22,23,22,0,67,0,9,19,4,32,22,32,41,4,99,19,0,19,118
12/29/2022,BIS,ND,AGL,CE,Combined TRACON& Tower with Radar,17,24,21,0,62,0,2,2,0,4,17,26,23,0,66,24,0,24,90
12/30/2022,BIS,ND,AGL,CE,Combined TRACON& Tower with Radar,17,21,15,0,53,0,1,3,0,4,17,22,18,0,57,0,0,0,57
12/31/2022,BIS,ND,AGL,CE,Combined TRACON& Tower with Radar,15,19,10,0,44,0,2,0,0,2,15,21,10,0,46,0,0,0,46
01/01/2023,BIS,ND,AGL,CE,Combined TRACON& Tower with Radar,13,6,12,0,31,0,2,8,0,10,13,8,20,0,41,0,0,0,41
01/02/2023,BIS,ND,AGL,CE,Combined TRACON& Tower with Radar,15,12,19,0,46,0,3,24,0,27,15,15,43,0,73,34,0,34,107
01/03/2023,BIS,ND,AGL,CE,Combined TRACON& Tower with Radar,11,12,13,0,36,0,0,0,0,0,11,12,13,0,36,0,0,0,36
01/04/2023,BIS,ND,AGL,CE,Combined TRACON& Tower with Radar,10,23,8,2,43,0,1,1,7,9,10,24,9,9,52,12,0,12,64
01/05/2023,BIS,ND,AGL,CE,Combined TRACON& Tower with Radar,8,23,32,2,65,0,4,10,1,15,8,27,42,3,80,34,0,34,114
01/06/2023,BIS,ND,AGL,CE,Combined TRACON& Tower with Radar,12,26,18,0,56,0,0,0,0,0,12,26,18,0,56,0,0,0,56
01/07/2023,BIS,ND,AGL,CE,Combined TRACON& Tower with Radar,11,16,9,0,36,0,0,7,0,7,11,16,16,0,43,20,0,20,63
01/08/2023,BIS,ND,AGL,CE,Combined TRACON& Tower with Radar,9,10,13,0,32,0,1,25,0,26,9,11,38,0,58,50,0,50,108
01/09/2023,BIS,ND,AGL,CE,Combined TRACON& Tower with Radar,13,12,19,3,47,0,2,24,3,29,13,14,43,6,76,28,0,28,104
01/10/2023,BIS,ND,AGL,CE,Combined TRACON& Tower with Radar,10,22,22,0,54,0,2,17,0,19,10,24,39,0,73,0,0,0,73
01/11/2023,BIS,ND,AGL,CE,Combined TRACON& Tower with Radar,13,31,27,2,73,0,0,0,0,0,13,31,27,2,73,0,0,0,73
01/12/2023,BIS,ND,AGL,CE,Combined TRACON& Tower with Radar,11,23,45,4,83,0,0,20,1,21,11,23,65,5,104,20,0,20,124
01/13/2023,BIS,ND,AGL,CE,Combined TRACON& Tower with Radar,15,19,28,0,62,0,6,16,0,22,15,25,44,0,84,28,0,28,112
01/14/2023,BIS,ND,AGL,CE,Combined TRACON& Tower with Radar,14,17,18,0,49,0,2,29,0,31,14,19,47,0,80,0,0,0,80
01/15/2023,BIS,ND,AGL,CE,Combined TRACON& Tower with Radar,8,9,5,0,22,0,0,1,0,1,8,9,6,0,23,16,0,16,39
01/16/2023,BIS,ND,AGL,CE,Combined TRACON& Tower with Radar,18,8,16,0,42,0,0,0,0,0,18,8,16,0,42,0,0,0,42
01/17/2023,BIS,ND,AGL,CE,Combined TRACON& Tower with Radar,12,27,26,7,72,0,0,0,0,0,12,27,26,7,72,0,0,0,72
01/18/2023,BIS,ND,AGL,CE,Combined TRACON& Tower with Radar,13,26,25,0,64,0,0,0,0,0,13,26,25,0,64,0,0,0,64
01/19/2023,BIS,ND,AGL,CE,Combined TRACON& Tower with Radar,13,27,26,0,66,0,0,0,0,0,13,27,26,0,66,0,0,0,66
01/20/2023,BIS,ND,AGL,CE,Combined TRACON& Tower with Radar,17,20,22,0,59,0,0,0,0,0,17,20,22,0,59,0,0,0,59
01/21/2023,BIS,ND,AGL,CE,Combined TRACON& Tower with Radar,14,15,14,2,45,0,0,29,0,29,14,15,43,2,74,26,0,26,100
01/22/2023,BIS,ND,AGL,CE,Combined TRACON& Tower with Radar,12,11,13,1,37,0,4,16,0,20,12,15,29,1,57,8,0,8,65
01/23/2023,BIS,ND,AGL,CE,Combined TRACON& Tower with Radar,15,14,16,0,45,0,1,8,0,9,15,15,24,0,54,0,0,0,54
01/24/2023,BIS,ND,AGL,CE,Combined TRACON& Tower with Radar,10,23,28,3,64,0,4,3,0,7,10,27,31,3,71,0,0,0,71
01/25/2023,BIS,ND,AGL,CE,Combined TRACON& Tower with Radar,14,27,16,0,57,0,2,0,6,8,14,29,16,6,65,0,14,14,79
01/26/2023,BIS,ND,AGL,CE,Combined TRACON& Tower with Radar,12,30,11,4,57,0,0,1,0,1,12,30,12,4,58,37,0,37,95
01/27/2023,BIS,ND,AGL,CE,Combined TRACON& Tower with Radar,14,21,24,4,63,0,4,6,1,11,14,25,30,5,74,20,0,20,94
01/28/2023,BIS,ND,AGL,CE,Combined TRACON& Tower with Radar,14,13,9,0,36,0,2,0,0,2,14,15,9,0,38,18,0,18,56
01/29/2023,BIS,ND,AGL,CE,Combined TRACON& Tower with Radar,11,6,9,0,26,0,2,2,0,4,11,8,11,0,30,8,0,8,38
01/30/2023,BIS,ND,AGL,CE,Combined TRACON& Tower with Radar,14,18,24,4,60,0,1,6,2,9,14,19,30,6,69,8,0,8,77
01/31/2023,BIS,ND,AGL,CE,Combined TRACON& Tower with Radar,12,12,21,2,47,0,0,17,1,18,12,12,38,3,65,0,0,0,65
02/01/2023,BIS,ND,AGL,CE,Combined TRACON& Tower with Radar,11,14,26,2,53,0,0,12,4,16,11,14,38,6,69,18,0,18,87
02/02/2023,BIS,ND,AGL,CE,Combined TRACON& Tower with Radar,13,21,35,2,71,0,5,12,0,17,13,26,47,2,88,2,0,2,90
02/03/2023,BIS,ND,AGL,CE,Combined TRACON& Tower with Radar,15,17,26,2,60,0,0,9,0,9,15,17,35,2,69,18,0,18,87
02/04/2023,BIS,ND,AGL,CE,Combined TRACON& Tower with Radar,13,14,3,0,30,0,0,7,0,7,13,14,10,0,37,28,0,28,65
02/05/2023,BIS,ND,AGL,CE,Combined TRACON& Tower with Radar,13,10,13,0,36,0,0,10,0,10,13,10,23,0,46,54,0,54,100
02/06/2023,BIS,ND,AGL,CE,Combined TRACON& Tower with Radar,15,15,23,6,59,0,1,16,6,23,15,16,39,12,82,0,0,0,82
02/07/2023,BIS,ND,AGL,CE,Combined TRACON& Tower with Radar,11,20,14,2,47,0,9,20,0,29,11,29,34,2,76,29,0,29,105
02/08/2023,BIS,ND,AGL,CE,Combined TRACON& Tower with Radar,14,24,20,0,58,0,4,28,4,36,14,28,48,4,94,52,2,54,148
02/09/2023,BIS,ND,AGL,CE,Combined TRACON& Tower with Radar,13,26,16,3,58,0,11,18,0,29,13,37,34,3,87,6,0,6,93
02/10/2023,BIS,ND,AGL,CE,Combined TRACON& Tower with Radar,16,18,24,0,58,0,2,13,4,19,16,20,37,4,77,14,0,14,91
02/11/2023,BIS,ND,AGL,CE,Combined TRACON& Tower with Radar,13,19,17,0,49,0,4,6,0,10,13,23,23,0,59,0,0,0,59
02/12/2023,BIS,ND,AGL,CE,Combined TRACON& Tower with Radar,12,9,11,0,32,0,3,9,0,12,12,12,20,0,44,0,0,0,44
02/13/2023,BIS,ND,AGL,CE,Combined TRACON& Tower with Radar,14,16,19,1,50,0,6,17,0,23,14,22,36,1,73,0,0,0,73
02/14/2023,BIS,ND,AGL,CE,Combined TRACON& Tower with Radar,10,18,15,0,43,0,0,0,1,1,10,18,15,1,44,0,2,2,46
02/15/2023,BIS,ND,AGL,CE,Combined TRACON& Tower with Radar,13,20,23,2,58,0,1,10,7,18,13,21,33,9,76,14,6,20,96
02/16/2023,BIS,ND,AGL,CE,Combined TRACON& Tower with Radar,17,21,47,2,87,0,2,10,2,14,17,23,57,4,101,12,0,12,113
02/17/2023,BIS,ND,AGL,CE,Combined TRACON& Tower with Radar,15,16,12,2,45,0,1,10,0,11,15,17,22,2,56,14,0,14,70
02/18/2023,BIS,ND,AGL,CE,Combined TRACON& Tower with Radar,13,18,11,0,42,0,0,8,0,8,13,18,19,0,50,32,0,32,82
02/19/2023,BIS,ND,AGL,CE,Combined TRACON& Tower with Radar,14,13,12,0,39,0,0,1,0,1,14,13,13,0,40,0,0,0,40
02/20/2023,BIS,ND,AGL,CE,Combined TRACON& Tower with Radar,17,15,19,0,51,0,0,3,0,3,17,15,22,0,54,0,0,0,54
02/21/2023,BIS,ND,AGL,CE,Combined TRACON& Tower with Radar,12,27,8,0,47,0,0,0,0,0,12,27,8,0,47,0,0,0,47
02/22/2023,BIS,ND,AGL,CE,Combined TRACON& Tower with Radar,11,18,12,0,41,0,0,5,0,5,11,18,17,0,46,0,0,0,46
02/23/2023,BIS,ND,AGL,CE,Combined TRACON& Tower with Radar,6,20,11,0,37,0,0,0,0,0,6,20,11,0,37,0,0,0,37
02/24/2023,BIS,ND,AGL,CE,Combined TRACON& Tower with Radar,15,26,27,8,76,0,0,5,5,10,15,26,32,13,86,6,0,6,92
02/25/2023,BIS,ND,AGL,CE,Combined TRACON& Tower with Radar,13,18,12,0,43,0,6,13,0,19,13,24,25,0,62,21,0,21,83
02/26/2023,BIS,ND,AGL,CE,Combined TRACON& Tower with Radar,11,10,20,0,41,0,2,20,0,22,11,12,40,0,63,0,0,0,63
02/27/2023,BIS,ND,AGL,CE,Combined TRACON& Tower with Radar,18,13,26,4,61,0,4,22,0,26,18,17,48,4,87,2,0,2,89
02/28/2023,BIS,ND,AGL,CE,Combined TRACON& Tower with Radar,11,17,20,1,49,0,0,2,2,4,11,17,22,3,53,21,0,21,74
03/01/2023,BIS,ND,AGL,CE,Combined TRACON& Tower with Radar,12,17,20,0,49,0,2,15,3,20,12,19,35,3,69,0,0,0,69
03/02/2023,BIS,ND,AGL,CE,Combined TRACON& Tower with Radar,10,26,21,2,59,0,1,12,0,13,10,27,33,2,72,22,0,22,94
03/03/2023,BIS,ND,AGL,CE,Combined TRACON& Tower with Radar,12,16,19,0,47,0,4,20,1,25,12,20,39,1,72,8,20,28,100
03/04/2023,BIS,ND,AGL,CE,Combined TRACON& Tower with Radar,11,18,15,0,44,0,1,23,0,24,11,19,38,0,68,6,0,6,74
03/05/2023,BIS,ND,AGL,CE,Combined TRACON& Tower with Radar,8,4,5,0,17,0,0,0,0,0,8,4,5,0,17,0,0,0,17
03/06/2023,BIS,ND,AGL,CE,Combined TRACON& Tower with Radar,15,24,25,0,64,0,0,8,0,8,15,24,33,0,72,12,0,12,84
03/07/2023,BIS,ND,AGL,CE,Combined TRACON& Tower with Radar,9,20,15,0,44,0,0,0,0,0,9,20,15,0,44,0,0,0,44
03/08/2023,BIS,ND,AGL,CE,Combined TRACON& Tower with Radar,13,31,21,2,67,0,2,0,0,2,13,33,21,2,69,0,21,21,90
03/09/2023,BIS,ND,AGL,CE,Combined TRACON& Tower with Radar,13,25,6,8,52,0,0,0,0,0,13,25,6,8,52,2,0,2,54
03/10/2023,BIS,ND,AGL,CE,Combined TRACON& Tower with Radar,10,18,14,0,42,0,0,0,0,0,10,18,14,0,42,0,0,0,42
03/11/2023,BIS,ND,AGL,CE,Combined TRACON& Tower with Radar,21,6,8,0,35,0,2,2,4,8,21,8,10,4,43,0,0,0,43
03/12/2023,BIS,ND,AGL,CE,Combined TRACON& Tower with Radar,14,7,9,2,32,0,2,6,0,8,14,9,15,2,40,0,0,0,40
03/13/2023,BIS,ND,AGL,CE,Combined TRACON& Tower with Radar,12,16,27,4,59,0,2,13,5,20,12,18,40,9,79,0,0,0,79
03/14/2023,BIS,ND,AGL,CE,Combined TRACON& Tower with Radar,10,19,25,4,58,0,3,20,5,28,10,22,45,9,86,4,6,10,96
03/15/2023,BIS,ND,AGL,CE,Combined TRACON& Tower with Radar,15,30,24,0,69,0,0,1,2,3,15,30,25,2,72,2,14,16,88
03/16/2023,BIS,ND,AGL,CE,Combined TRACON& Tower with Radar,12,28,23,0,63,0,0,10,0,10,12,28,33,0,73,20,0,20,93
03/17/2023,BIS,ND,AGL,CE,Combined TRACON& Tower with Radar,12,24,6,2,44,0,1,4,1,6,12,25,10,3,50,0,0,0,50
03/18/2023,BIS,ND,AGL,CE,Combined TRACON& Tower with Radar,13,19,12,8,52,0,2,17,0,19,13,21,29,8,71,23,0,23,94
03/19/2023,BIS,ND,AGL,CE,Combined TRACON& Tower with Radar,12,8,11,0,31,0,2,12,0,14,12,10,23,0,45,20,0,20,65
03/20/2023,BIS,ND,AGL,CE,Combined TRACON& Tower with Radar,12,15,28,4,59,0,0,4,1,5,12,15,32,5,64,6,0,6,70
03/21/2023,BIS,ND,AGL,CE,Combined TRACON& Tower with Radar,9,19,13,0,41,0,2,4,1,7,9,21,17,1,48,0,0,0,48
03/22/2023,BIS,ND,AGL,CE,Combined TRACON& Tower with Radar,13,26,19,2,60,0,0,3,3,6,13,26,22,5,66,0,8,8,74
03/23/2023,BIS,ND,AGL,CE,Combined TRACON& Tower with Radar,11,19,23,2,55,0,2,15,1,18,11,21,38,3,73,12,0,12,85
03/24/2023,BIS,ND,AGL,CE,Combined TRACON& Tower with Radar,12,18,20,0,50,0,0,1,0,1,12,18,21,0,51,0,0,0,51
03/25/2023,BIS,ND,AGL,CE,Combined TRACON& Tower with Radar,13,17,12,1,43,0,0,0,0,0,13,17,12,1,43,0,0,0,43
03/26/2023,BIS,ND,AGL,CE,Combined TRACON& Tower with Radar,11,8,8,0,27,0,0,0,0,0,11,8,8,0,27,0,0,0,27
03/27/2023,BIS,ND,AGL,CE,Combined TRACON& Tower with Radar,13,22,25,5,65,0,0,3,0,3,13,22,28,5,68,16,0,16,84
03/28/2023,BIS,ND,AGL,CE,Combined TRACON& Tower with Radar,9,23,33,4,69,0,2,16,1,19,9,25,49,5,88,8,0,8,96
03/29/2023,BIS,ND,AGL,CE,Combined TRACON& Tower with Radar,13,24,44,0,81,0,0,27,5,32,13,24,71,5,113,10,2,12,125
03/30/2023,BIS,ND,AGL,CE,Combined TRACON& Tower with Radar,11,21,41,4,77,0,3,15,0,18,11,24,56,4,95,26,0,26,121
03/31/2023,BIS,ND,AGL,CE,Combined TRACON& Tower with Radar,12,20,24,0,56,0,3,10,0,13,12,23,34,0,69,0,0,0,69
04/01/2023,BIS,ND,AGL,CE,Combined TRACON& Tower with Radar,13,23,20,2,58,0,0,18,0,18,13,23,38,2,76,41,0,41,117
04/02/2023,BIS,ND,AGL,CE,Combined TRACON& Tower with Radar,13,8,9,1,31,0,0,7,0,7,13,8,16,1,38,0,0,0,38
04/03/2023,BIS,ND,AGL,CE,Combined TRACON& Tower with Radar,13,26,22,0,61,0,0,0,0,0,13,26,22,0,61,22,0,22,83
04/04/2023,BIS,ND,AGL,CE,Combined TRACON& Tower with Radar,7,10,3,0,20,0,0,0,0,0,7,10,3,0,20,0,0,0,20
04/05/2023,BIS,ND,AGL,CE,Combined TRACON& Tower with Radar,14,19,7,0,40,0,1,1,0,2,14,20,8,0,42,0,0,0,42
04/06/2023,BIS,ND,AGL,CE,Combined TRACON& Tower with Radar,15,24,29,6,74,0,0,12,0,12,15,24,41,6,86,4,0,4,90
04/07/2023,BIS,ND,AGL,CE,Combined TRACON& Tower with Radar,16,20,10,4,50,0,0,9,0,9,16,20,19,4,59,0,2,2,61
04/08/2023,BIS,ND,AGL,CE,Combined TRACON& Tower with Radar,13,17,8,0,38,0,4,15,0,19,13,21,23,0,57,48,0,48,105
04/09/2023,BIS,ND,AGL,CE,Combined TRACON& Tower with Radar,14,9,2,0,25,0,1,6,0,7,14,10,8,0,32,0,0,0,32
04/10/2023,BIS,ND,AGL,CE,Combined TRACON& Tower with Radar,15,18,29,0,62,0,1,34,0,35,15,19,63,0,97,25,0,25,122
04/11/2023,BIS,ND,AGL,CE,Combined TRACON& Tower with Radar,14,22,35,5,76,0,4,64,3,71,14,26,99,8,147,91,0,91,238
04/12/2023,BIS,ND,AGL,CE,Combined TRACON& Tower with Radar,13,26,27,0,66,0,6,47,14,67,13,32,74,14,133,28,12,40,173
04/13/2023,BIS,ND,AGL,CE,Combined TRACON& Tower with Radar,12,27,26,2,67,0,0,11,2,13,12,27,37,4,80,4,0,4,84
04/14/2023,BIS,ND,AGL,CE,Combined TRACON& Tower with Radar,14,24,36,0,74,0,0,7,3,10,14,24,43,3,84,20,12,32,116
04/15/2023,BIS,ND,AGL,CE,Combined TRACON& Tower with Radar,11,21,12,0,44,0,0,4,13,17,11,21,16,13,61,22,12,34,95
04/16/2023,BIS,ND,AGL,CE,Combined TRACON& Tower with Radar,10,6,9,0,25,0,0,25,15,40,10,6,34,15,65,65,0,65,130
04/17/2023,BIS,ND,AGL,CE,Combined TRACON& Tower with Radar,16,23,29,4,72,0,1,34,0,35,16,24,63,4,107,9,0,9,116
04/18/2023,BIS,ND,AGL,CE,Combined TRACON& Tower with Radar,12,19,24,0,55,0,0,8,0,8,12,19,32,0,63,22,0,22,85
04/19/2023,BIS,ND,AGL,CE,Combined TRACON& Tower with Radar,13,27,49,5,94,0,0,11,16,27,13,27,60,21,121,10,6,16,137
04/20/2023,BIS,ND,AGL,CE,Combined TRACON& Tower with Radar,10,22,20,4,56,0,0,9,0,9,10,22,29,4,65,14,0,14,79
04/21/2023,BIS,ND,AGL,CE,Combined TRACON& Tower with Radar,16,27,21,0,64,0,0,1,0,1,16,27,22,0,65,0,0,0,65
04/22/2023,BIS,ND,AGL,CE,Combined TRACON& Tower with Radar,11,19,12,1,43,0,0,14,2,16,11,19,26,3,59,11,0,11,70
04/23/2023,BIS,ND,AGL,CE,Combined TRACON& Tower with Radar,10,8,16,1,35,0,0,52,0,52,10,8,68,1,87,76,0,76,163
04/24/2023,BIS,ND,AGL,CE,Combined TRACON& Tower with Radar,14,14,28,2,58,0,1,39,4,44,14,15,67,6,102,6,12,18,120
04/25/2023,BIS,ND,AGL,CE,Combined TRACON& Tower with Radar,11,21,46,4,82,0,5,30,1,36,11,26,76,5,118,89,0,89,207
04/26/2023,BIS,ND,AGL,CE,Combined TRACON& Tower with Radar,15,25,38,3,81,0,1,35,6,42,15,26,73,9,123,81,18,99,222
04/27/2023,BIS,ND,AGL,CE,Combined TRACON& Tower with Radar,10,29,25,4,68,0,1,10,0,11,10,30,35,4,79,4,0,4,83
04/28/2023,BIS,ND,AGL,CE,Combined TRACON& Tower with Radar,14,22,35,4,75,0,0,23,6,29,14,22,58,10,104,0,0,0,104
04/29/2023,BIS,ND,AGL,CE,Combined TRACON& Tower with Radar,11,22,9,0,42,0,0,5,0,5,11,22,14,0,47,0,0,0,47
04/30/2023,BIS,ND,AGL,CE,Combined TRACON& Tower with Radar,13,6,8,0,27,0,0,20,0,20,13,6,28,0,47,34,0,34,81
05/01/2023,BIS,ND,AGL,CE,Combined TRACON& Tower with Radar,17,14,34,2,67,0,3,41,0,44,17,17,75,2,111,37,0,37,148
05/02/2023,BIS,ND,AGL,CE,Combined TRACON& Tower with Radar,11,20,18,2,51,0,1,52,0,53,11,21,70,2,104,48,0,48,152
05/03/2023,BIS,ND,AGL,CE,Combined TRACON& Tower with Radar,12,21,20,0,53,0,1,55,1,57,12,22,75,1,110,46,0,46,156
05/04/2023,BIS,ND,AGL,CE,Combined TRACON& Tower with Radar,9,20,24,4,57,0,3,53,5,61,9,23,77,9,118,68,0,68,186
05/05/2023,BIS,ND,AGL,CE,Combined TRACON& Tower with Radar,14,19,21,2,56,0,5,23,2,30,14,24,44,4,86,73,0,73,159
05/06/2023,BIS,ND,AGL,CE,Combined TRACON& Tower with Radar,11,12,7,0,30,0,0,0,0,0,11,12,7,0,30,18,0,18,48
05/07/2023,BIS,ND,AGL,CE,Combined TRACON& Tower with Radar,12,7,12,0,31,0,2,2,0,4,12,9,14,0,35,6,0,6,41
05/08/2023,BIS,ND,AGL,CE,Combined TRACON& Tower with Radar,14,17,51,2,84,0,3,15,0,18,14,20,66,2,102,44,0,44,146
05/09/2023,BIS,ND,AGL,CE,Combined TRACON& Tower with Radar,10,24,31,2,67,0,0,14,0,14,10,24,45,2,81,6,0,6,87
05/10/2023,BIS,ND,AGL,CE,Combined TRACON& Tower with Radar,13,23,21,4,61,0,1,43,1,45,13,24,64,5,106,30,0,30,136
05/11/2023,BIS,ND,AGL,CE,Combined TRACON& Tower with Radar,11,27,24,6,68,0,1,22,0,23,11,28,46,6,91,8,0,8,99
05/12/2023,BIS,ND,AGL,CE,Combined TRACON& Tower with Radar,17,17,17,3,54,0,0,1,1,2,17,17,18,4,56,0,0,0,56
05/13/2023,BIS,ND,AGL,CE,Combined TRACON& Tower with Radar,11,16,20,0,47,0,0,4,0,4,11,16,24,0,51,0,0,0,51
05/14/2023,BIS,ND,AGL,CE,Combined TRACON& Tower with Radar,10,8,4,0,22,0,2,22,0,24,10,10,26,0,46,12,0,12,58
05/15/2023,BIS,ND,AGL,CE,Combined TRACON& Tower with Radar,15,14,32,2,63,2,1,44,1,48,17,15,76,3,111,8,0,8,119
05/16/2023,BIS,ND,AGL,CE,Combined TRACON& Tower with Radar,12,23,21,4,60,0,7,61,5,73,12,30,82,9,133,82,0,82,215
05/17/2023,BIS,ND,AGL,CE,Combined TRACON& Tower with Radar,14,21,45,0,80,0,0,3,1,4,14,21,48,1,84,0,0,0,84
05/18/2023,BIS,ND,AGL,CE,Combined TRACON& Tower with Radar,12,23,30,3,68,0,0,3,2,5,12,23,33,5,73,8,0,8,81
05/19/2023,BIS,ND,AGL,CE,Combined TRACON& Tower with Radar,12,18,27,2,59,0,2,50,0,52,12,20,77,2,111,24,0,24,135
05/20/2023,BIS,ND,AGL,CE,Combined TRACON& Tower with Radar,11,18,16,0,45,0,5,27,0,32,11,23,43,0,77,20,0,20,97
05/21/2023,BIS,ND,AGL,CE,Combined TRACON& Tower with Radar,13,7,14,0,34,0,10,18,0,28,13,17,32,0,62,57,0,57,119
05/22/2023,BIS,ND,AGL,CE,Combined TRACON& Tower with Radar,13,15,20,2,50,0,15,61,8,84,13,30,81,10,134,138,8,146,280
05/23/2023,BIS,ND,AGL,CE,Combined TRACON& Tower with Radar,10,21,35,2,68,0,3,39,2,44,10,24,74,4,112,60,12,72,184
05/24/2023,BIS,ND,AGL,CE,Combined TRACON& Tower with Radar,13,23,26,4,66,0,2,53,2,57,13,25,79,6,123,122,8,130,253
05/25/2023,BIS,ND,AGL,CE,Combined TRACON& Tower with Radar,13,23,24,9,69,0,0,17,8,25,13,23,41,17,94,7,0,7,101
05/26/2023,BIS,ND,AGL,CE,Combined TRACON& Tower with Radar,12,19,19,0,50,0,1,14,1,16,12,20,33,1,66,0,0,0,66
05/27/2023,BIS,ND,AGL,CE,Combined TRACON& Tower with Radar,12,13,3,0,28,0,2,14,2,18,12,15,17,2,46,6,0,6,52
05/28/2023,BIS,ND,AGL,CE,Combined TRACON& Tower with Radar,11,7,6,0,24,0,1,15,0,16,11,8,21,0,40,10,0,10,50
05/29/2023,BIS,ND,AGL,CE,Combined TRACON& Tower with Radar,13,9,12,0,34,0,2,13,8,23,13,11,25,8,57,14,0,14,71
05/30/2023,BIS,ND,AGL,CE,Combined TRACON& Tower with Radar,11,20,41,3,75,0,3,25,2,30,11,23,66,5,105,26,0,26,131
05/31/2023,BIS,ND,AGL,CE,Combined TRACON& Tower with Radar,15,21,34,0,70,0,0,20,1,21,15,21,54,1,91,68,2,70,161
06/01/2023,BIS,ND,AGL,CE,Combined TRACON& Tower with Radar,13,26,27,0,66,0,2,34,0,36,13,28,61,0,102,59,0,59,161
06/02/2023,BIS,ND,AGL,CE,Combined TRACON& Tower with Radar,17,15,24,0,56,0,0,13,3,16,17,15,37,3,72,30,0,30,102
06/03/2023,BIS,ND,AGL,CE,Combined TRACON& Tower with Radar,15,10,16,0,41,0,2,22,0,24,15,12,38,0,65,8,0,8,73
06/04/2023,BIS,ND,AGL,CE,Combined TRACON& Tower with Radar,17,6,16,0,39,0,2,5,0,7,17,8,21,0,46,6,0,6,52
06/05/2023,BIS,ND,AGL,CE,Combined TRACON& Tower with Radar,16,12,31,4,63,0,0,43,3,46,16,12,74,7,109,96,0,96,205
06/06/2023,BIS,ND,AGL,CE,Combined TRACON& Tower with Radar,14,21,27,2,64,0,2,21,1,24,14,23,48,3,88,20,0,20,108
06/07/2023,BIS,ND,AGL,CE,Combined TRACON& Tower with Radar,18,22,33,2,75,0,0,32,3,35,18,22,65,5,110,58,0,58,168
06/08/2023,BIS,ND,AGL,CE,Combined TRACON& Tower with Radar,19,29,23,6,77,0,0,20,1,21,19,29,43,7,98,20,0,20,118
06/09/2023,BIS,ND,AGL,CE,Combined TRACON& Tower with Radar,16,17,37,0,70,0,1,11,1,13,16,18,48,1,83,16,0,16,99
06/10/2023,BIS,ND,AGL,CE,Combined TRACON& Tower with Radar,16,19,12,0,47,0,0,24,1,25,16,19,36,1,72,38,0,38,110
06/11/2023,BIS,ND,AGL,CE,Combined TRACON& Tower with Radar,14,10,15,0,39,0,3,55,1,59,14,13,70,1,98,0,0,0,98
06/12/2023,BIS,ND,AGL,CE,Combined TRACON& Tower with Radar,19,13,25,0,57,0,3,53,0,56,19,16,78,0,113,52,0,52,165
06/13/2023,BIS,ND,AGL,CE,Combined TRACON& Tower with Radar,15,20,29,0,64,0,4,22,3,29,15,24,51,3,93,29,0,29,122
06/14/2023,BIS,ND,AGL,CE,Combined TRACON& Tower with Radar,19,21,39,2,81,0,8,50,5,63,19,29,89,7,144,34,60,94,238
06/15/2023,BIS,ND,AGL,CE,Combined TRACON& Tower with Radar,19,27,33,10,89,0,0,17,0,17,19,27,50,10,106,5,0,5,111
06/16/2023,BIS,ND,AGL,CE,Combined TRACON& Tower with Radar,20,17,55,0,92,0,1,16,0,17,20,18,71,0,109,0,0,0,109
06/17/2023,BIS,ND,AGL,CE,Combined TRACON& Tower with Radar,16,15,14,0,45,0,3,31,0,34,16,18,45,0,79,24,0,24,103
06/18/2023,BIS,ND,AGL,CE,Combined TRACON& Tower with Radar,19,5,10,1,35,0,4,29,0,33,19,9,39,1,68,30,0,30,98
06/19/2023,BIS,ND,AGL,CE,Combined TRACON& Tower with Radar,16,15,29,2,62,0,4,27,0,31,16,19,56,2,93,33,0,33,126
06/20/2023,BIS,ND,AGL,CE,Combined TRACON& Tower with Radar,14,16,32,1,63,0,0,28,3,31,14,16,60,4,94,6,0,6,100
06/21/2023,BIS,ND,AGL,CE,Combined TRACON& Tower with Radar,19,18,50,4,91,0,0,13,4,17,19,18,63,8,108,90,40,130,238
06/22/2023,BIS,ND,AGL,CE,Combined TRACON& Tower with Radar,13,20,43,2,78,0,0,9,0,9,13,20,52,2,87,38,0,38,125
06/23/2023,BIS,ND,AGL,CE,Combined TRACON& Tower with Radar,11,15,12,0,38,0,0,0,0,0,11,15,12,0,38,0,0,0,38
06/24/2023,BIS,ND,AGL,CE,Combined TRACON& Tower with Radar,13,13,9,0,35,0,0,1,0,1,13,13,10,0,36,0,0,0,36
06/25/2023,BIS,ND,AGL,CE,Combined TRACON& Tower with Radar,12,6,26,0,44,0,1,27,2,30,12,7,53,2,74,8,0,8,82
06/26/2023,BIS,ND,AGL,CE,Combined TRACON& Tower with Radar,10,15,27,2,54,0,0,61,0,61,10,15,88,2,115,67,0,67,182
06/27/2023,BIS,ND,AGL,CE,Combined TRACON& Tower with Radar,10,24,25,0,59,0,0,41,1,42,10,24,66,1,101,66,0,66,167
06/28/2023,BIS,ND,AGL,CE,Combined TRACON& Tower with Radar,14,26,43,0,83,0,5,23,6,34,14,31,66,6,117,35,12,47,164
06/29/2023,BIS,ND,AGL,CE,Combined TRACON& Tower with Radar,13,26,30,3,72,0,0,45,1,46,13,26,75,4,118,88,0,88,206
06/30/2023,BIS,ND,AGL,CE,Combined TRACON& Tower with Radar,14,21,38,0,73,0,1,30,0,31,14,22,68,0,104,37,0,37,141
07/01/2023,BIS,ND,AGL,CE,Combined TRACON& Tower with Radar,16,15,8,0,39,0,0,28,0,28,16,15,36,0,67,8,0,8,75
07/02/2023,BIS,ND,AGL,CE,Combined TRACON& Tower with Radar,16,5,10,0,31,0,1,27,0,28,16,6,37,0,59,46,0,46,105
07/03/2023,BIS,ND,AGL,CE,Combined TRACON& Tower with Radar,15,10,10,0,35,0,0,9,0,9,15,10,19,0,44,8,0,8,52
07/04/2023,BIS,ND,AGL,CE,Combined TRACON& Tower with Radar,11,8,7,0,26,0,0,7,0,7,11,8,14,0,33,51,0,51,84
07/05/2023,BIS,ND,AGL,CE,Combined TRACON& Tower with Radar,18,19,23,2,62,0,5,26,2,33,18,24,49,4,95,38,6,44,139
07/06/2023,BIS,ND,AGL,CE,Combined TRACON& Tower with Radar,15,21,33,2,71,0,2,38,0,40,15,23,71,2,111,44,0,44,155
07/07/2023,BIS,ND,AGL,CE,Combined TRACON& Tower with Radar,16,20,12,2,50,0,3,32,1,36,16,23,44,3,86,61,0,61,147
07/08/2023,BIS,ND,AGL,CE,Combined TRACON& Tower with Radar,17,13,5,0,35,0,1,23,0,24,17,14,28,0,59,0,0,0,59
07/09/2023,BIS,ND,AGL,CE,Combined TRACON& Tower with Radar,16,5,15,0,36,0,0,22,0,22,16,5,37,0,58,0,0,0,58
07/10/2023,BIS,ND,AGL,CE,Combined TRACON& Tower with Radar,17,13,25,0,55,0,1,31,0,32,17,14,56,0,87,80,0,80,167
07/11/2023,BIS,ND,AGL,CE,Combined TRACON& Tower with Radar,14,18,34,0,66,0,2,6,1,9,14,20,40,1,75,32,2,34,109
07/12/2023,BIS,ND,AGL,CE,Combined TRACON& Tower with Radar,19,19,40,9,87,0,3,16,9,28,19,22,56,18,115,58,26,84,199
07/13/2023,BIS,ND,AGL,CE,Combined TRACON& Tower with Radar,16,20,32,4,72,0,3,33,4,40,16,23,65,8,112,57,3,60,172
07/14/2023,BIS,ND,AGL,CE,Combined TRACON& Tower with Radar,16,19,28,5,68,0,3,13,1,17,16,22,41,6,85,98,0,98,183
07/15/2023,BIS,ND,AGL,CE,Combined TRACON& Tower with Radar,17,14,17,9,57,0,2,8,0,10,17,16,25,9,67,0,0,0,67
07/16/2023,BIS,ND,AGL,CE,Combined TRACON& Tower with Radar,14,5,15,0,34,0,2,10,0,12,14,7,25,0,46,32,0,32,78
07/17/2023,BIS,ND,AGL,CE,Combined TRACON& Tower with Radar,16,14,29,0,59,0,4,56,0,60,16,18,85,0,119,79,0,79,198
07/18/2023,BIS,ND,AGL,CE,Combined TRACON& Tower with Radar,14,25,37,2,78,0,0,17,0,17,14,25,54,2,95,16,0,16,111
07/19/2023,BIS,ND,AGL,CE,Combined TRACON& Tower with Radar,18,23,39,6,86,0,1,41,2,44,18,24,80,8,130,18,1,19,149
07/20/2023,BIS,ND,AGL,CE,Combined TRACON& Tower with Radar,17,21,39,2,79,0,2,46,1,49,17,23,85,3,128,46,0,46,174
07/21/2023,BIS,ND,AGL,CE,Combined TRACON& Tower with Radar,17,16,13,8,54,0,1,26,1,28,17,17,39,9,82,50,0,50,132
07/22/2023,BIS,ND,AGL,CE,Combined TRACON& Tower with Radar,16,13,7,1,37,0,1,40,0,41,16,14,47,1,78,0,0,0,78
07/23/2023,BIS,ND,AGL,CE,Combined TRACON& Tower with Radar,17,8,18,2,45,0,1,18,0,19,17,9,36,2,64,0,0,0,64
07/24/2023,BIS,ND,AGL,CE,Combined TRACON& Tower with Radar,16,22,28,4,70,0,6,33,7,46,16,28,61,11,116,36,0,36,152
07/25/2023,BIS,ND,AGL,CE,Combined TRACON& Tower with Radar,16,23,26,14,79,0,0,31,2,33,16,23,57,16,112,31,0,31,143
07/26/2023,BIS,ND,AGL,CE,Combined TRACON& Tower with Radar,18,16,32,6,72,0,2,25,14,41,18,18,57,20,113,72,4,76,189
07/27/2023,BIS,ND,AGL,CE,Combined TRACON& Tower with Radar,16,19,34,2,71,0,0,33,2,35,16,19,67,4,106,24,0,24,130
07/28/2023,BIS,ND,AGL,CE,Combined TRACON& Tower with Radar,16,16,34,4,70,0,0,21,0,21,16,16,55,4,91,0,0,0,91
07/29/2023,BIS,ND,AGL,CE,Combined TRACON& Tower with Radar,17,12,14,1,44,0,0,17,0,17,17,12,31,1,61,30,0,30,91
07/30/2023,BIS,ND,AGL,CE,Combined TRACON& Tower with Radar,14,5,15,0,34,0,0,36,0,36,14,5,51,0,70,12,0,12,82
07/31/2023,BIS,ND,AGL,CE,Combined TRACON& Tower with Radar,16,13,35,2,66,0,0,27,0,27,16,13,62,2,93,33,0,33,126
08/01/2023,BIS,ND,AGL,CE,Combined TRACON& Tower with Radar,15,21,18,4,58,0,2,43,1,46,15,23,61,5,104,66,4,70,174
08/02/2023,BIS,ND,AGL,CE,Combined TRACON& Tower with Radar,21,25,14,2,62,0,0,48,4,52,21,25,62,6,114,110,10,120,234
08/03/2023,BIS,ND,AGL,CE,Combined TRACON& Tower with Radar,15,18,24,4,61,0,0,41,6,47,15,18,65,10,108,32,0,32,140
08/04/2023,BIS,ND,AGL,CE,Combined TRACON& Tower with Radar,16,19,17,0,52,0,0,2,2,4,16,19,19,2,56,16,0,16,72
08/05/2023,BIS,ND,AGL,CE,Combined TRACON& Tower with Radar,17,15,7,0,39,0,0,12,0,12,17,15,19,0,51,6,0,6,57
08/06/2023,BIS,ND,AGL,CE,Combined TRACON& Tower with Radar,16,4,18,3,41,0,0,17,0,17,16,4,35,3,58,18,0,18,76
08/07/2023,BIS,ND,AGL,CE,Combined TRACON& Tower with Radar,16,14,24,4,58,0,0,26,4,30,16,14,50,8,88,22,0,22,110
08/08/2023,BIS,ND,AGL,CE,Combined TRACON& Tower with Radar,14,20,27,4,65,0,5,27,3,35,14,25,54,7,100,92,0,92,192
08/09/2023,BIS,ND,AGL,CE,Combined TRACON& Tower with Radar,20,16,35,10,81,0,3,13,5,21,20,19,48,15,102,16,6,22,124
08/10/2023,BIS,ND,AGL,CE,Combined TRACON& Tower with Radar,15,20,25,0,60,0,2,23,0,25,15,22,48,0,85,26,0,26,111
08/11/2023,BIS,ND,AGL,CE,Combined TRACON& Tower with Radar,16,20,19,1,56,0,2,18,1,21,16,22,37,2,77,24,0,24,101
08/12/2023,BIS,ND,AGL,CE,Combined TRACON& Tower with Radar,16,14,16,0,46,0,1,18,0,19,16,15,34,0,65,0,0,0,65
08/13/2023,BIS,ND,AGL,CE,Combined TRACON& Tower with Radar,15,7,9,0,31,0,0,8,0,8,15,7,17,0,39,30,0,30,69
08/14/2023,BIS,ND,AGL,CE,Combined TRACON& Tower with Radar,17,9,25,0,51,0,2,28,0,30,17,11,53,0,81,39,0,39,120
08/15/2023,BIS,ND,AGL,CE,Combined TRACON& Tower with Radar,14,17,33,0,64,0,4,19,0,23,14,21,52,0,87,14,0,14,101
08/16/2023,BIS,ND,AGL,CE,Combined TRACON& Tower with Radar,14,21,32,2,69,0,2,7,6,15,14,23,39,8,84,0,18,18,102
08/17/2023,BIS,ND,AGL,CE,Combined TRACON& Tower with Radar,13,15,35,4,67,0,0,65,2,67,13,15,100,6,134,48,0,48,182
08/18/2023,BIS,ND,AGL,CE,Combined TRACON& Tower with Radar,14,21,24,2,61,0,0,15,2,17,14,21,39,4,78,16,1,17,95
08/19/2023,BIS,ND,AGL,CE,Combined TRACON& Tower with Radar,13,15,10,0,38,0,0,11,1,12,13,15,21,1,50,0,0,0,50
08/20/2023,BIS,ND,AGL,CE,Combined TRACON& Tower with Radar,14,5,10,4,33,0,0,6,1,7,14,5,16,5,40,0,0,0,40
08/21/2023,BIS,ND,AGL,CE,Combined TRACON& Tower with Radar,15,14,36,4,69,0,0,5,0,5,15,14,41,4,74,20,0,20,94
08/22/2023,BIS,ND,AGL,CE,Combined TRACON& Tower with Radar,12,24,24,0,60,0,2,14,0,16,12,26,38,0,76,16,0,16,92
08/23/2023,BIS,ND,AGL,CE,Combined TRACON& Tower with Radar,14,18,22,0,54,0,1,15,3,19,14,19,37,3,73,47,0,47,120
08/24/2023,BIS,ND,AGL,CE,Combined TRACON& Tower with Radar,14,18,29,0,61,0,3,28,0,31,14,21,57,0,92,16,0,16,108
08/25/2023,BIS,ND,AGL,CE,Combined TRACON& Tower with Radar,14,14,39,3,70,0,2,26,0,28,14,16,65,3,98,42,0,42,140
08/26/2023,BIS,ND,AGL,CE,Combined TRACON& Tower with Radar,13,11,18,0,42,0,0,13,0,13,13,11,31,0,55,8,0,8,63
08/27/2023,BIS,ND,AGL,CE,Combined TRACON& Tower with Radar,14,2,25,0,41,0,0,29,0,29,14,2,54,0,70,70,0,70,140
08/28/2023,BIS,ND,AGL,CE,Combined TRACON& Tower with Radar,14,14,22,2,52,0,3,38,1,42,14,17,60,3,94,85,0,85,179
08/29/2023,BIS,ND,AGL,CE,Combined TRACON& Tower with Radar,14,22,24,5,65,0,0,32,0,32,14,22,56,5,97,81,0,81,178
08/30/2023,BIS,ND,AGL,CE,Combined TRACON& Tower with Radar,19,22,31,4,76,0,2,20,8,30,19,24,51,12,106,16,0,16,122
08/31/2023,BIS,ND,AGL,CE,Combined TRACON& Tower with Radar,15,18,22,1,56,0,2,16,3,21,15,20,38,4,77,11,0,11,88
