01/01/2000,BKL,OH,AGL,CE,Federal Contract Tower,0,1,6,0,7,0,2,35,0,37,0,3,41,0,44,44,0,44,88
01/02/2000,BKL,OH,AGL,CE,Federal Contract Tower,0,2,6,0,8,0,0,19,0,19,0,2,25,0,27,40,0,40,67
01/03/2000,BKL,OH,AGL,CE,Federal Contract Tower,1,8,14,0,23,1,1,0,0,2,2,9,14,0,25,2,0,2,27
01/04/2000,BKL,OH,AGL,CE,Federal Contract Tower,0,22,43,0,65,0,2,53,0,55,0,24,96,0,120,6,0,6,126
01/05/2000,BKL,OH,AGL,CE,Federal Contract Tower,1,16,32,0,49,1,7,124,1,133,2,23,156,1,182,112,6,118,300
01/06/2000,BKL,OH,AGL,CE,Federal Contract Tower,0,19,40,0,59,0,9,113,0,122,0,28,153,0,181,62,0,62,243
01/07/2000,BKL,OH,AGL,CE,Federal Contract Tower,0,16,34,0,50,0,10,79,0,89,0,26,113,0,139,46,0,46,185
01/08/2000,BKL,OH,AGL,CE,Federal Contract Tower,0,6,13,0,19,0,4,107,0,111,0,10,120,0,130,38,0,38,168
01/09/2000,BKL,OH,AGL,CE,Federal Contract Tower,0,3,12,0,15,0,0,82,0,82,0,3,94,0,97,122,0,122,219
01/10/2000,BKL,OH,AGL,CE,Federal Contract Tower,0,10,34,1,45,0,0,42,1,43,0,10,76,2,88,8,0,8,96
01/11/2000,BKL,OH,AGL,CE,Federal Contract Tower,0,19,38,1,58,0,11,42,1,54,0,30,80,2,112,20,2,22,134
01/12/2000,BKL,OH,AGL,CE,Federal Contract Tower,0,24,48,0,72,0,1,114,0,115,0,25,162,0,187,130,0,130,317
01/13/2000,BKL,OH,AGL,CE,Federal Contract Tower,0,19,39,0,58,0,9,19,0,28,0,28,58,0,86,0,0,0,86
01/14/2000,BKL,OH,AGL,CE,Federal Contract Tower,0,21,44,0,65,0,3,83,0,86,0,24,127,0,151,106,0,106,257
01/15/2000,BKL,OH,AGL,CE,Federal Contract Tower,0,2,8,0,10,0,0,71,0,71,0,2,79,0,81,104,0,104,185
01/16/2000,BKL,OH,AGL,CE,Federal Contract Tower,0,4,14,0,18,0,0,30,0,30,0,4,44,0,48,46,0,46,94
01/17/2000,BKL,OH,AGL,CE,Federal Contract Tower,0,4,13,1,18,0,0,74,1,75,0,4,87,2,93,104,0,104,197
01/18/2000,BKL,OH,AGL,CE,Federal Contract Tower,0,10,24,0,34,0,0,63,0,63,0,10,87,0,97,60,0,60,157
01/19/2000,BKL,OH,AGL,CE,Federal Contract Tower,0,15,32,0,47,0,6,80,0,86,0,21,112,0,133,134,0,134,267
01/20/2000,BKL,OH,AGL,CE,Federal Contract Tower,0,12,25,0,37,0,4,58,0,62,0,16,83,0,99,2,0,2,101
01/21/2000,BKL,OH,AGL,CE,Federal Contract Tower,0,10,21,0,31,0,12,6,0,18,0,22,27,0,49,0,0,0,49
01/22/2000,BKL,OH,AGL,CE,Federal Contract Tower,0,0,9,0,9,0,0,45,0,45,0,0,54,0,54,52,0,52,106
01/23/2000,BKL,OH,AGL,CE,Federal Contract Tower,0,3,14,0,17,0,0,38,3,41,0,3,52,3,58,8,6,14,72
01/24/2000,BKL,OH,AGL,CE,Federal Contract Tower,0,10,28,0,38,1,0,56,0,57,1,10,84,0,95,114,0,114,209
01/25/2000,BKL,OH,AGL,CE,Federal Contract Tower,0,16,34,0,50,1,6,91,0,98,1,22,125,0,148,26,0,26,174
01/26/2000,BKL,OH,AGL,CE,Federal Contract Tower,0,25,63,0,88,0,0,67,1,68,0,25,130,1,156,2,0,2,158
01/27/2000,BKL,OH,AGL,CE,Federal Contract Tower,0,25,62,0,87,0,0,39,0,39,0,25,101,0,126,6,0,6,132
01/28/2000,BKL,OH,AGL,CE,Federal Contract Tower,0,17,37,0,54,0,11,74,4,89,0,28,111,4,143,34,0,34,177
01/29/2000,BKL,OH,AGL,CE,Federal Contract Tower,0,0,11,0,11,0,0,139,1,140,0,0,150,1,151,132,0,132,283
01/30/2000,BKL,OH,AGL,CE,Federal Contract Tower,0,0,11,0,11,0,0,42,0,42,0,0,53,0,53,50,0,50,103
01/31/2000,BKL,OH,AGL,CE,Federal Contract Tower,0,15,33,0,48,2,1,52,0,55,2,16,85,0,103,34,2,36,139
02/01/2000,BKL,OH,AGL,CE,Federal Contract Tower,1,18,41,0,60,1,12,0,0,13,2,30,41,0,73,10,0,10,83
02/02/2000,BKL,OH,AGL,CE,Federal Contract Tower,0,19,45,0,64,0,3,82,3,88,0,22,127,3,152,158,0,158,310
02/03/2000,BKL,OH,AGL,CE,Federal Contract Tower,0,16,38,0,54,0,3,25,0,28,0,19,63,0,82,6,0,6,88
02/04/2000,BKL,OH,AGL,CE,Federal Contract Tower,0,20,44,0,64,0,2,46,0,48,0,22,90,0,112,8,0,8,120
02/05/2000,BKL,OH,AGL,CE,Federal Contract Tower,0,7,17,0,24,0,3,68,0,71,0,10,85,0,95,34,0,34,129
02/06/2000,BKL,OH,AGL,CE,Federal Contract Tower,0,6,13,0,19,0,1,106,0,107,0,7,119,0,126,152,0,152,278
02/07/2000,BKL,OH,AGL,CE,Federal Contract Tower,0,15,33,0,48,0,8,69,0,77,0,23,102,0,125,56,0,56,181
02/08/2000,BKL,OH,AGL,CE,Federal Contract Tower,1,21,49,0,71,1,12,117,0,130,2,33,166,0,201,180,2,182,383
02/09/2000,BKL,OH,AGL,CE,Federal Contract Tower,0,24,58,0,82,0,0,112,0,112,0,24,170,0,194,74,0,74,268
02/10/2000,BKL,OH,AGL,CE,Federal Contract Tower,0,21,48,0,69,0,1,67,0,68,0,22,115,0,137,102,0,102,239
02/11/2000,BKL,OH,AGL,CE,Federal Contract Tower,0,14,32,0,46,0,7,47,0,54,0,21,79,0,100,0,38,38,138
02/12/2000,BKL,OH,AGL,CE,Federal Contract Tower,0,7,15,0,22,2,1,187,0,190,2,8,202,0,212,216,0,216,428
02/13/2000,BKL,OH,AGL,CE,Federal Contract Tower,0,1,6,1,8,0,0,23,2,25,0,1,29,3,33,22,0,22,55
02/14/2000,BKL,OH,AGL,CE,Federal Contract Tower,0,8,19,0,27,0,3,11,0,14,0,11,30,0,41,0,0,0,41
02/15/2000,BKL,OH,AGL,CE,Federal Contract Tower,0,25,56,0,81,0,4,120,2,126,0,29,176,2,207,88,0,88,295
02/16/2000,BKL,OH,AGL,CE,Federal Contract Tower,0,23,54,0,77,0,9,21,0,30,0,32,75,0,107,36,0,36,143
02/17/2000,BKL,OH,AGL,CE,Federal Contract Tower,0,25,57,0,82,0,2,167,0,169,0,27,224,0,251,196,0,196,447
02/18/2000,BKL,OH,AGL,CE,Federal Contract Tower,0,10,22,0,32,0,9,0,0,9,0,19,22,0,41,0,0,0,41
02/19/2000,BKL,OH,AGL,CE,Federal Contract Tower,0,4,18,0,22,0,0,37,2,39,0,4,55,2,61,18,0,18,79
02/20/2000,BKL,OH,AGL,CE,Federal Contract Tower,0,2,14,0,16,0,0,58,0,58,0,2,72,0,74,100,0,100,174
02/21/2000,BKL,OH,AGL,CE,Federal Contract Tower,0,7,29,0,36,1,0,150,0,151,1,7,179,0,187,108,0,108,295
02/22/2000,BKL,OH,AGL,CE,Federal Contract Tower,0,11,38,0,49,0,0,107,0,107,0,11,145,0,156,78,2,80,236
02/23/2000,BKL,OH,AGL,CE,Federal Contract Tower,0,26,60,0,86,0,6,128,4,138,0,32,188,4,224,146,6,152,376
02/24/2000,BKL,OH,AGL,CE,Federal Contract Tower,0,25,57,0,82,0,11,72,0,83,0,36,129,0,165,72,0,72,237
02/25/2000,BKL,OH,AGL,CE,Federal Contract Tower,0,19,52,0,71,2,0,66,0,68,2,19,118,0,139,42,0,42,181
02/26/2000,BKL,OH,AGL,CE,Federal Contract Tower,0,7,17,0,24,1,2,121,0,124,1,9,138,0,148,64,0,64,212
02/27/2000,BKL,OH,AGL,CE,Federal Contract Tower,0,4,16,0,20,0,0,73,0,73,0,4,89,0,93,102,0,102,195
02/28/2000,BKL,OH,AGL,CE,Federal Contract Tower,0,20,45,0,65,0,1,123,6,130,0,21,168,6,195,118,0,118,313
02/29/2000,BKL,OH,AGL,CE,Federal Contract Tower,0,23,54,0,77,1,4,160,2,167,1,27,214,2,244,164,2,166,410
03/01/2000,BKL,OH,AGL,CE,Federal Contract Tower,0,17,36,0,53,0,11,74,0,85,0,28,110,0,138,46,0,46,184
03/02/2000,BKL,OH,AGL,CE,Federal Contract Tower,0,23,51,0,74,0,7,99,0,106,0,30,150,0,180,100,0,100,280
03/03/2000,BKL,OH,AGL,CE,Federal Contract Tower,0,18,38,0,56,0,5,139,0,144,0,23,177,0,200,196,0,196,396
03/04/2000,BKL,OH,AGL,CE,Federal Contract Tower,0,1,11,0,12,0,0,145,0,145,0,1,156,0,157,178,0,178,335
03/05/2000,BKL,OH,AGL,CE,Federal Contract Tower,1,11,30,0,42,1,0,177,0,178,2,11,207,0,220,194,0,194,414
03/06/2000,BKL,OH,AGL,CE,Federal Contract Tower,0,12,40,0,52,0,0,132,0,132,0,12,172,0,184,130,0,130,314
03/07/2000,BKL,OH,AGL,CE,Federal Contract Tower,0,23,48,0,71,0,10,143,4,157,0,33,191,4,228,180,4,184,412
03/08/2000,BKL,OH,AGL,CE,Federal Contract Tower,0,32,67,0,99,0,2,153,0,155,0,34,220,0,254,170,0,170,424
03/09/2000,BKL,OH,AGL,CE,Federal Contract Tower,0,19,42,1,62,0,4,37,5,46,0,23,79,6,108,54,0,54,162
03/10/2000,BKL,OH,AGL,CE,Federal Contract Tower,0,18,39,0,57,0,13,32,0,45,0,31,71,0,102,66,0,66,168
03/11/2000,BKL,OH,AGL,CE,Federal Contract Tower,0,1,8,0,9,0,0,28,0,28,0,1,36,0,37,54,0,54,91
03/12/2000,BKL,OH,AGL,CE,Federal Contract Tower,0,5,12,0,17,0,0,51,0,51,0,5,63,0,68,8,0,8,76
03/13/2000,BKL,OH,AGL,CE,Federal Contract Tower,0,7,32,1,40,0,0,103,1,104,0,7,135,2,144,216,0,216,360
03/14/2000,BKL,OH,AGL,CE,Federal Contract Tower,0,22,49,0,71,0,9,97,0,106,0,31,146,0,177,190,0,190,367
03/15/2000,BKL,OH,AGL,CE,Federal Contract Tower,0,22,47,0,69,0,7,76,0,83,0,29,123,0,152,78,0,78,230
03/16/2000,BKL,OH,AGL,CE,Federal Contract Tower,0,22,49,0,71,0,0,1,0,1,0,22,50,0,72,0,0,0,72
03/17/2000,BKL,OH,AGL,CE,Federal Contract Tower,0,21,45,0,66,1,7,117,0,125,1,28,162,0,191,74,0,74,265
03/18/2000,BKL,OH,AGL,CE,Federal Contract Tower,0,0,22,0,22,0,0,109,0,109,0,0,131,0,131,190,0,190,321
03/19/2000,BKL,OH,AGL,CE,Federal Contract Tower,0,4,13,0,17,0,0,73,0,73,0,4,86,0,90,72,0,72,162
03/20/2000,BKL,OH,AGL,CE,Federal Contract Tower,0,10,33,0,43,0,0,51,0,51,0,10,84,0,94,68,0,68,162
03/21/2000,BKL,OH,AGL,CE,Federal Contract Tower,0,21,45,0,66,0,7,103,0,110,0,28,148,0,176,202,0,202,378
03/22/2000,BKL,OH,AGL,CE,Federal Contract Tower,0,25,55,0,80,0,7,56,0,63,0,32,111,0,143,104,0,104,247
03/23/2000,BKL,OH,AGL,CE,Federal Contract Tower,0,30,65,0,95,0,6,117,0,123,0,36,182,0,218,234,0,234,452
03/24/2000,BKL,OH,AGL,CE,Federal Contract Tower,0,14,32,0,46,0,11,142,4,157,0,25,174,4,203,202,8,210,413
03/25/2000,BKL,OH,AGL,CE,Federal Contract Tower,0,10,24,0,34,0,0,75,2,77,0,10,99,2,111,60,0,60,171
03/26/2000,BKL,OH,AGL,CE,Federal Contract Tower,0,3,20,0,23,0,0,134,0,134,0,3,154,0,157,178,0,178,335
03/27/2000,BKL,OH,AGL,CE,Federal Contract Tower,0,14,32,0,46,0,14,62,0,76,0,28,94,0,122,78,0,78,200
03/28/2000,BKL,OH,AGL,CE,Federal Contract Tower,0,19,43,0,62,2,15,91,0,108,2,34,134,0,170,80,0,80,250
03/29/2000,BKL,OH,AGL,CE,Federal Contract Tower,0,22,49,0,71,0,6,74,0,80,0,28,123,0,151,62,0,62,213
03/30/2000,BKL,OH,AGL,CE,Federal Contract Tower,0,22,56,0,78,0,0,131,4,135,0,22,187,4,213,138,0,138,351
03/31/2000,BKL,OH,AGL,CE,Federal Contract Tower,0,18,40,0,58,0,30,140,0,170,0,48,180,0,228,184,0,184,412
04/01/2000,BKL,OH,AGL,CE,Federal Contract Tower,0,8,24,0,32,0,2,183,4,189,0,10,207,4,221,188,6,194,415
04/02/2000,BKL,OH,AGL,CE,Federal Contract Tower,0,2,26,0,28,0,0,40,0,40,0,2,66,0,68,8,0,8,76
04/03/2000,BKL,OH,AGL,CE,Federal Contract Tower,0,17,43,0,60,0,0,0,3,3,0,17,43,3,63,0,0,0,63
04/04/2000,BKL,OH,AGL,CE,Federal Contract Tower,0,13,35,0,48,0,19,22,0,41,0,32,57,0,89,28,0,28,117
04/05/2000,BKL,OH,AGL,CE,Federal Contract Tower,0,22,56,0,78,0,22,107,8,137,0,44,163,8,215,76,8,84,299
04/06/2000,BKL,OH,AGL,CE,Federal Contract Tower,0,23,59,0,82,0,9,105,3,117,0,32,164,3,199,64,0,64,263
04/07/2000,BKL,OH,AGL,CE,Federal Contract Tower,0,19,46,0,65,0,2,70,0,72,0,21,116,0,137,100,0,100,237
04/08/2000,BKL,OH,AGL,CE,Federal Contract Tower,1,2,18,0,21,0,0,21,0,21,1,2,39,0,42,0,0,0,42
04/09/2000,BKL,OH,AGL,CE,Federal Contract Tower,0,3,17,0,20,0,0,37,0,37,0,3,54,0,57,56,0,56,113
04/10/2000,BKL,OH,AGL,CE,Federal Contract Tower,0,21,50,0,71,0,3,93,4,100,0,24,143,4,171,146,0,146,317
04/11/2000,BKL,OH,AGL,CE,Federal Contract Tower,1,22,52,0,75,1,18,61,0,80,2,40,113,0,155,138,0,138,293
04/12/2000,BKL,OH,AGL,CE,Federal Contract Tower,1,25,61,0,87,1,6,89,2,98,2,31,150,2,185,256,4,260,445
04/13/2000,BKL,OH,AGL,CE,Federal Contract Tower,0,27,66,1,94,0,11,146,1,158,0,38,212,2,252,162,0,162,414
04/14/2000,BKL,OH,AGL,CE,Federal Contract Tower,0,25,62,2,89,0,10,218,0,228,0,35,280,2,317,202,2,204,521
04/15/2000,BKL,OH,AGL,CE,Federal Contract Tower,0,4,24,1,29,0,0,163,1,164,0,4,187,2,193,240,0,240,433
04/16/2000,BKL,OH,AGL,CE,Federal Contract Tower,0,13,43,0,56,1,0,32,0,33,1,13,75,0,89,42,0,42,131
04/17/2000,BKL,OH,AGL,CE,Federal Contract Tower,0,17,43,1,61,4,0,29,6,39,4,17,72,7,100,46,0,46,146
04/18/2000,BKL,OH,AGL,CE,Federal Contract Tower,0,23,68,2,93,1,0,15,2,18,1,23,83,4,111,12,0,12,123
04/19/2000,BKL,OH,AGL,CE,Federal Contract Tower,0,30,72,0,102,0,16,129,0,145,0,46,201,0,247,234,0,234,481
04/20/2000,BKL,OH,AGL,CE,Federal Contract Tower,0,16,39,0,55,0,25,37,0,62,0,41,76,0,117,42,0,42,159
04/21/2000,BKL,OH,AGL,CE,Federal Contract Tower,0,20,46,0,66,0,13,56,0,69,0,33,102,0,135,150,0,150,285
04/22/2000,BKL,OH,AGL,CE,Federal Contract Tower,0,4,27,0,31,0,0,30,0,30,0,4,57,0,61,12,0,12,73
04/23/2000,BKL,OH,AGL,CE,Federal Contract Tower,0,6,13,0,19,0,1,42,0,43,0,7,55,0,62,34,0,34,96
04/24/2000,BKL,OH,AGL,CE,Federal Contract Tower,0,20,47,0,67,0,1,197,0,198,0,21,244,0,265,242,0,242,507
04/25/2000,BKL,OH,AGL,CE,Federal Contract Tower,0,28,67,0,95,0,8,205,0,213,0,36,272,0,308,236,0,236,544
04/26/2000,BKL,OH,AGL,CE,Federal Contract Tower,0,19,45,0,64,0,19,170,0,189,0,38,215,0,253,332,0,332,585
04/27/2000,BKL,OH,AGL,CE,Federal Contract Tower,0,24,57,1,82,0,10,174,8,192,0,34,231,9,274,362,0,362,636
04/28/2000,BKL,OH,AGL,CE,Federal Contract Tower,0,19,45,0,64,0,6,155,0,161,0,25,200,0,225,380,0,380,605
04/29/2000,BKL,OH,AGL,CE,Federal Contract Tower,0,6,14,0,20,2,1,200,0,203,2,7,214,0,223,164,0,164,387
04/30/2000,BKL,OH,AGL,CE,Federal Contract Tower,0,7,19,0,26,0,7,182,2,191,0,14,201,2,217,158,2,160,377
05/01/2000,BKL,OH,AGL,CE,Federal Contract Tower,0,11,34,0,45,0,0,51,0,51,0,11,85,0,96,58,0,58,154
05/02/2000,BKL,OH,AGL,CE,Federal Contract Tower,0,22,68,1,91,0,6,84,1,91,0,28,152,2,182,68,0,68,250
05/03/2000,BKL,OH,AGL,CE,Federal Contract Tower,0,24,72,0,96,0,8,144,0,152,0,32,216,0,248,284,0,284,532
05/04/2000,BKL,OH,AGL,CE,Federal Contract Tower,0,17,49,0,66,0,12,125,2,139,0,29,174,2,205,248,0,248,453
05/05/2000,BKL,OH,AGL,CE,Federal Contract Tower,0,19,58,0,77,0,3,130,3,136,0,22,188,3,213,206,0,206,419
05/06/2000,BKL,OH,AGL,CE,Federal Contract Tower,0,6,20,0,26,0,3,126,0,129,0,9,146,0,155,330,0,330,485
05/07/2000,BKL,OH,AGL,CE,Federal Contract Tower,1,6,22,0,29,1,11,129,0,141,2,17,151,0,170,98,0,98,268
05/08/2000,BKL,OH,AGL,CE,Federal Contract Tower,1,14,43,0,58,1,9,95,0,105,2,23,138,0,163,142,0,142,305
05/09/2000,BKL,OH,AGL,CE,Federal Contract Tower,0,25,71,0,96,0,5,116,0,121,0,30,187,0,217,144,0,144,361
05/10/2000,BKL,OH,AGL,CE,Federal Contract Tower,0,23,66,0,89,0,15,67,0,82,0,38,133,0,171,92,0,92,263
05/11/2000,BKL,OH,AGL,CE,Federal Contract Tower,0,31,87,1,119,0,8,156,5,169,0,39,243,6,288,178,0,178,466
05/12/2000,BKL,OH,AGL,CE,Federal Contract Tower,0,20,55,1,76,0,16,103,4,123,0,36,158,5,199,100,0,100,299
05/13/2000,BKL,OH,AGL,CE,Federal Contract Tower,0,3,9,0,12,0,2,88,0,90,0,5,97,0,102,94,0,94,196
05/14/2000,BKL,OH,AGL,CE,Federal Contract Tower,0,10,28,1,39,0,8,113,1,122,0,18,141,2,161,64,2,66,227
05/15/2000,BKL,OH,AGL,CE,Federal Contract Tower,0,10,29,0,39,2,5,124,0,131,2,15,153,0,170,208,0,208,378
05/16/2000,BKL,OH,AGL,CE,Federal Contract Tower,0,19,51,1,71,0,12,115,1,128,0,31,166,2,199,144,0,144,343
05/17/2000,BKL,OH,AGL,CE,Federal Contract Tower,0,22,62,1,85,0,1,100,2,103,0,23,162,3,188,138,8,146,334
05/18/2000,BKL,OH,AGL,CE,Federal Contract Tower,0,18,48,1,67,2,6,37,1,46,2,24,85,2,113,26,0,26,139
05/19/2000,BKL,OH,AGL,CE,Federal Contract Tower,0,26,72,2,100,1,4,36,1,42,1,30,108,3,142,12,4,16,158
05/20/2000,BKL,OH,AGL,CE,Federal Contract Tower,0,3,29,1,33,0,0,86,1,87,0,3,115,2,120,26,0,26,146
05/21/2000,BKL,OH,AGL,CE,Federal Contract Tower,0,12,41,0,53,0,0,156,0,156,0,12,197,0,209,172,0,172,381
05/22/2000,BKL,OH,AGL,CE,Federal Contract Tower,0,16,42,0,58,0,2,111,0,113,0,18,153,0,171,208,0,208,379
05/23/2000,BKL,OH,AGL,CE,Federal Contract Tower,0,14,39,0,53,0,18,62,0,80,0,32,101,0,133,116,0,116,249
05/24/2000,BKL,OH,AGL,CE,Federal Contract Tower,0,23,67,2,92,0,10,132,4,146,0,33,199,6,238,220,6,226,464
05/25/2000,BKL,OH,AGL,CE,Federal Contract Tower,0,28,78,0,106,0,19,165,0,184,0,47,243,0,290,88,0,88,378
05/26/2000,BKL,OH,AGL,CE,Federal Contract Tower,0,17,46,0,63,0,17,203,5,225,0,34,249,5,288,134,0,134,422
05/27/2000,BKL,OH,AGL,CE,Federal Contract Tower,0,4,13,0,17,0,6,78,0,84,0,10,91,0,101,82,0,82,183
05/28/2000,BKL,OH,AGL,CE,Federal Contract Tower,0,5,17,0,22,0,20,55,1,76,0,25,72,1,98,8,0,8,106
05/29/2000,BKL,OH,AGL,CE,Federal Contract Tower,0,4,14,0,18,0,1,112,2,115,0,5,126,2,133,194,0,194,327
05/30/2000,BKL,OH,AGL,CE,Federal Contract Tower,0,19,52,0,71,2,3,139,0,144,2,22,191,0,215,120,0,120,335
05/31/2000,BKL,OH,AGL,CE,Federal Contract Tower,0,21,58,0,79,0,15,114,0,129,0,36,172,0,208,166,0,166,374
06/01/2000,BKL,OH,AGL,CE,Federal Contract Tower,0,23,69,0,92,0,0,73,0,73,0,23,142,0,165,54,0,54,219
06/02/2000,BKL,OH,AGL,CE,Federal Contract Tower,0,18,48,0,66,0,18,136,0,154,0,36,184,0,220,244,0,244,464
06/03/2000,BKL,OH,AGL,CE,Federal Contract Tower,0,9,22,0,31,0,2,139,0,141,0,11,161,0,172,206,0,206,378
06/04/2000,BKL,OH,AGL,CE,Federal Contract Tower,0,8,20,0,28,0,6,149,0,155,0,14,169,0,183,100,0,100,283
06/05/2000,BKL,OH,AGL,CE,Federal Contract Tower,0,17,41,1,59,0,5,34,0,39,0,22,75,1,98,40,0,40,138
06/06/2000,BKL,OH,AGL,CE,Federal Contract Tower,0,18,43,0,61,0,8,116,0,124,0,26,159,0,185,44,0,44,229
06/07/2000,BKL,OH,AGL,CE,Federal Contract Tower,0,25,63,1,89,0,18,219,0,237,0,43,282,1,326,198,0,198,524
06/08/2000,BKL,OH,AGL,CE,Federal Contract Tower,0,24,60,1,85,0,23,192,1,216,0,47,252,2,301,224,0,224,525
06/09/2000,BKL,OH,AGL,CE,Federal Contract Tower,0,22,55,1,78,0,10,227,3,240,0,32,282,4,318,154,2,156,474
06/10/2000,BKL,OH,AGL,CE,Federal Contract Tower,0,9,24,0,33,0,10,187,0,197,0,19,211,0,230,182,2,184,414
06/11/2000,BKL,OH,AGL,CE,Federal Contract Tower,0,7,29,0,36,1,0,76,0,77,1,7,105,0,113,64,0,64,177
06/12/2000,BKL,OH,AGL,CE,Federal Contract Tower,0,12,46,0,58,0,0,17,0,17,0,12,63,0,75,52,0,52,127
06/13/2000,BKL,OH,AGL,CE,Federal Contract Tower,0,22,55,0,77,0,19,21,0,40,0,41,76,0,117,86,0,86,203
06/14/2000,BKL,OH,AGL,CE,Federal Contract Tower,0,17,42,0,59,1,15,83,0,99,1,32,125,0,158,128,0,128,286
06/15/2000,BKL,OH,AGL,CE,Federal Contract Tower,0,26,63,0,89,0,13,166,0,179,0,39,229,0,268,114,0,114,382
06/16/2000,BKL,OH,AGL,CE,Federal Contract Tower,0,20,50,0,70,0,5,96,0,101,0,25,146,0,171,82,0,82,253
06/17/2000,BKL,OH,AGL,CE,Federal Contract Tower,0,10,25,0,35,0,5,155,0,160,0,15,180,0,195,170,0,170,365
06/18/2000,BKL,OH,AGL,CE,Federal Contract Tower,0,3,19,0,22,0,0,56,0,56,0,3,75,0,78,120,0,120,198
06/19/2000,BKL,OH,AGL,CE,Federal Contract Tower,0,21,54,0,75,0,16,238,2,256,0,37,292,2,331,102,2,104,435
06/20/2000,BKL,OH,AGL,CE,Federal Contract Tower,0,28,69,0,97,0,12,219,12,243,0,40,288,12,340,102,10,112,452
06/21/2000,BKL,OH,AGL,CE,Federal Contract Tower,0,24,60,0,84,0,25,86,0,111,0,49,146,0,195,30,0,30,225
06/22/2000,BKL,OH,AGL,CE,Federal Contract Tower,0,39,98,0,137,0,35,286,0,321,0,74,384,0,458,48,0,48,506
06/23/2000,BKL,OH,AGL,CE,Federal Contract Tower,0,18,44,0,62,0,14,183,4,201,0,32,227,4,263,18,2,20,283
06/24/2000,BKL,OH,AGL,CE,Federal Contract Tower,0,9,30,0,39,0,0,95,0,95,0,9,125,0,134,36,0,36,170
06/25/2000,BKL,OH,AGL,CE,Federal Contract Tower,0,18,47,0,65,0,0,95,0,95,0,18,142,0,160,22,2,24,184
06/26/2000,BKL,OH,AGL,CE,Federal Contract Tower,0,23,57,0,80,0,9,123,4,136,0,32,180,4,216,22,0,22,238
06/27/2000,BKL,OH,AGL,CE,Federal Contract Tower,0,28,69,0,97,0,16,202,2,220,0,44,271,2,317,18,6,24,341
06/28/2000,BKL,OH,AGL,CE,Federal Contract Tower,0,22,56,0,78,0,9,176,0,185,0,31,232,0,263,34,0,34,297
06/29/2000,BKL,OH,AGL,CE,Federal Contract Tower,0,23,58,0,81,0,11,55,8,74,0,34,113,8,155,12,0,12,167
06/30/2000,BKL,OH,AGL,CE,Federal Contract Tower,0,2,8,0,10,1,7,70,0,78,1,9,78,0,88,78,0,78,166
07/01/2000,BKL,OH,AGL,CE,Federal Contract Tower,0,0,0,0,0,0,17,78,2,97,0,17,78,2,97,90,0,90,187
07/02/2000,BKL,OH,AGL,CE,Federal Contract Tower,0,2,4,0,6,0,13,77,0,90,0,15,81,0,96,60,0,60,156
07/03/2000,BKL,OH,AGL,CE,Federal Contract Tower,1,5,12,0,18,0,3,15,0,18,1,8,27,0,36,6,0,6,42
07/04/2000,BKL,OH,AGL,CE,Federal Contract Tower,0,7,20,0,27,0,10,61,8,79,0,17,81,8,106,14,10,24,130
07/05/2000,BKL,OH,AGL,CE,Federal Contract Tower,0,18,44,0,62,0,8,170,8,186,0,26,214,8,248,46,2,48,296
07/06/2000,BKL,OH,AGL,CE,Federal Contract Tower,0,20,54,0,74,0,33,179,0,212,0,53,233,0,286,100,0,100,386
07/07/2000,BKL,OH,AGL,CE,Federal Contract Tower,0,21,52,0,73,1,11,170,2,184,1,32,222,2,257,100,0,100,357
07/08/2000,BKL,OH,AGL,CE,Federal Contract Tower,0,5,14,0,19,0,4,194,2,200,0,9,208,2,219,156,0,156,375
07/09/2000,BKL,OH,AGL,CE,Federal Contract Tower,0,5,14,0,19,0,7,76,0,83,0,12,90,0,102,102,0,102,204
07/10/2000,BKL,OH,AGL,CE,Federal Contract Tower,0,16,40,0,56,0,12,64,0,76,0,28,104,0,132,50,0,50,182
07/11/2000,BKL,OH,AGL,CE,Federal Contract Tower,0,25,63,0,88,0,2,188,0,190,0,27,251,0,278,156,0,156,434
07/12/2000,BKL,OH,AGL,CE,Federal Contract Tower,0,29,72,0,101,0,7,218,0,225,0,36,290,0,326,184,0,184,510
07/13/2000,BKL,OH,AGL,CE,Federal Contract Tower,0,20,51,0,71,0,29,155,2,186,0,49,206,2,257,160,2,162,419
07/14/2000,BKL,OH,AGL,CE,Federal Contract Tower,0,21,53,0,74,0,9,57,5,71,0,30,110,5,145,108,0,108,253
07/15/2000,BKL,OH,AGL,CE,Federal Contract Tower,0,12,32,0,44,0,4,153,2,159,0,16,185,2,203,172,4,176,379
07/16/2000,BKL,OH,AGL,CE,Federal Contract Tower,0,14,35,0,49,0,10,136,0,146,0,24,171,0,195,210,0,210,405
07/17/2000,BKL,OH,AGL,CE,Federal Contract Tower,0,13,34,0,47,0,14,176,0,190,0,27,210,0,237,220,0,220,457
07/18/2000,BKL,OH,AGL,CE,Federal Contract Tower,0,28,71,2,101,0,15,184,2,201,0,43,255,4,302,114,8,122,424
07/19/2000,BKL,OH,AGL,CE,Federal Contract Tower,0,22,55,2,79,0,12,176,0,188,0,34,231,2,267,2,194,196,463
07/20/2000,BKL,OH,AGL,CE,Federal Contract Tower,0,27,67,0,94,0,4,152,0,156,0,31,219,0,250,162,0,162,412
07/21/2000,BKL,OH,AGL,CE,Federal Contract Tower,0,21,53,2,76,0,10,112,0,122,0,31,165,2,198,162,0,162,360
07/22/2000,BKL,OH,AGL,CE,Federal Contract Tower,0,7,17,0,24,0,0,133,0,133,0,7,150,0,157,92,0,92,249
07/23/2000,BKL,OH,AGL,CE,Federal Contract Tower,0,18,46,0,64,0,19,230,19,268,0,37,276,19,332,136,16,152,484
07/24/2000,BKL,OH,AGL,CE,Federal Contract Tower,0,19,48,0,67,0,8,220,0,228,0,27,268,0,295,144,0,144,439
07/25/2000,BKL,OH,AGL,CE,Federal Contract Tower,0,21,51,0,72,0,17,130,4,151,0,38,181,4,223,104,8,112,335
07/26/2000,BKL,OH,AGL,CE,Federal Contract Tower,0,25,62,0,87,0,14,144,0,158,0,39,206,0,245,194,0,194,439
07/27/2000,BKL,OH,AGL,CE,Federal Contract Tower,0,30,74,2,106,0,2,77,4,83,0,32,151,6,189,70,0,70,259
07/28/2000,BKL,OH,AGL,CE,Federal Contract Tower,0,25,63,0,88,0,11,50,0,61,0,36,113,0,149,114,0,114,263
07/29/2000,BKL,OH,AGL,CE,Federal Contract Tower,0,10,24,0,34,0,12,94,4,110,0,22,118,4,144,24,8,32,176
07/30/2000,BKL,OH,AGL,CE,Federal Contract Tower,0,14,36,0,50,0,11,81,0,92,0,25,117,0,142,18,0,18,160
07/31/2000,BKL,OH,AGL,CE,Federal Contract Tower,0,21,53,0,74,0,7,77,0,84,0,28,130,0,158,86,0,86,244
08/01/2000,BKL,OH,AGL,CE,Federal Contract Tower,0,21,53,0,74,0,12,137,2,151,0,33,190,2,225,84,0,84,309
08/02/2000,BKL,OH,AGL,CE,Federal Contract Tower,0,19,47,0,66,0,7,160,0,167,0,26,207,0,233,150,0,150,383
08/03/2000,BKL,OH,AGL,CE,Federal Contract Tower,0,23,59,0,82,0,5,69,0,74,0,28,128,0,156,146,0,146,302
08/04/2000,BKL,OH,AGL,CE,Federal Contract Tower,0,20,49,0,69,0,10,168,0,178,0,30,217,0,247,204,0,204,451
08/05/2000,BKL,OH,AGL,CE,Federal Contract Tower,0,20,52,0,72,0,2,190,0,192,0,22,242,0,264,164,0,164,428
08/06/2000,BKL,OH,AGL,CE,Federal Contract Tower,0,10,26,0,36,0,11,46,0,57,0,21,72,0,93,10,0,10,103
08/07/2000,BKL,OH,AGL,CE,Federal Contract Tower,0,11,47,0,58,0,0,148,0,148,0,11,195,0,206,158,0,158,364
08/08/2000,BKL,OH,AGL,CE,Federal Contract Tower,0,19,49,1,69,0,21,111,1,133,0,40,160,2,202,78,4,82,284
08/09/2000,BKL,OH,AGL,CE,Federal Contract Tower,0,27,68,1,96,0,12,82,3,97,0,39,150,4,193,142,2,144,337
08/10/2000,BKL,OH,AGL,CE,Federal Contract Tower,0,19,46,1,66,0,14,165,5,184,0,33,211,6,250,206,2,208,458
08/11/2000,BKL,OH,AGL,CE,Federal Contract Tower,0,26,62,1,89,0,26,178,5,209,0,52,240,6,298,194,0,194,492
08/12/2000,BKL,OH,AGL,CE,Federal Contract Tower,0,15,35,1,51,0,13,326,1,340,0,28,361,2,391,152,0,152,543
08/13/2000,BKL,OH,AGL,CE,Federal Contract Tower,0,6,18,1,25,0,0,147,0,147,0,6,165,1,172,150,0,150,322
08/14/2000,BKL,OH,AGL,CE,Federal Contract Tower,0,14,34,0,48,0,8,190,0,198,0,22,224,0,246,130,0,130,376
08/15/2000,BKL,OH,AGL,CE,Federal Contract Tower,0,27,63,1,91,0,28,99,1,128,0,55,162,2,219,168,0,168,387
08/16/2000,BKL,OH,AGL,CE,Federal Contract Tower,0,22,53,0,75,0,21,165,0,186,0,43,218,0,261,218,0,218,479
08/17/2000,BKL,OH,AGL,CE,Federal Contract Tower,0,25,59,1,85,2,8,91,1,102,2,33,150,2,187,104,2,106,293
08/18/2000,BKL,OH,AGL,CE,Federal Contract Tower,0,20,46,0,66,0,11,119,0,130,0,31,165,0,196,182,0,182,378
08/19/2000,BKL,OH,AGL,CE,Federal Contract Tower,0,19,45,1,65,1,6,232,2,241,1,25,277,3,306,144,4,148,454
08/20/2000,BKL,OH,AGL,CE,Federal Contract Tower,0,11,35,1,47,1,0,176,2,179,1,11,211,3,226,76,20,96,322
08/21/2000,BKL,OH,AGL,CE,Federal Contract Tower,0,17,41,1,59,0,8,160,1,169,0,25,201,2,228,118,0,118,346
08/22/2000,BKL,OH,AGL,CE,Federal Contract Tower,0,26,61,1,88,2,17,133,1,153,2,43,194,2,241,124,0,124,365
08/23/2000,BKL,OH,AGL,CE,Federal Contract Tower,0,22,53,0,75,0,19,175,0,194,0,41,228,0,269,236,0,236,505
08/24/2000,BKL,OH,AGL,CE,Federal Contract Tower,0,26,61,0,87,0,16,191,0,207,0,42,252,0,294,292,0,292,586
08/25/2000,BKL,OH,AGL,CE,Federal Contract Tower,0,21,51,1,73,0,12,220,2,234,0,33,271,3,307,68,4,72,379
08/26/2000,BKL,OH,AGL,CE,Federal Contract Tower,0,8,20,1,29,0,6,148,1,155,0,14,168,2,184,30,2,32,216
08/27/2000,BKL,OH,AGL,CE,Federal Contract Tower,0,12,28,0,40,0,13,60,0,73,0,25,88,0,113,6,0,6,119
08/28/2000,BKL,OH,AGL,CE,Federal Contract Tower,0,20,48,0,68,0,7,99,4,110,0,27,147,4,178,42,6,48,226
08/29/2000,BKL,OH,AGL,CE,Federal Contract Tower,0,25,61,0,86,0,4,168,0,172,0,29,229,0,258,74,0,74,332
08/30/2000,BKL,OH,AGL,CE,Federal Contract Tower,0,16,40,0,56,0,9,145,4,158,0,25,185,4,214,78,12,90,304
08/31/2000,BKL,OH,AGL,CE,Federal Contract Tower,0,21,50,0,71,0,29,164,10,203,0,50,214,10,274,116,46,162,436
09/01/2000,BKL,OH,AGL,CE,Federal Contract Tower,1,14,35,2,52,2,23,175,55,255,3,37,210,57,307,118,90,208,515
09/02/2000,BKL,OH,AGL,CE,Federal Contract Tower,1,5,15,0,21,0,8,18,2,28,1,13,33,2,49,19,0,19,68
09/03/2000,BKL,OH,AGL,CE,Federal Contract Tower,0,0,4,0,4,0,3,56,10,69,0,3,60,10,73,66,42,108,181
09/04/2000,BKL,OH,AGL,CE,Federal Contract Tower,1,4,12,0,17,1,5,12,7,25,2,9,24,7,42,24,16,40,82
09/05/2000,BKL,OH,AGL,CE,Federal Contract Tower,1,16,41,2,60,0,14,130,46,190,1,30,171,48,250,32,16,48,298
09/06/2000,BKL,OH,AGL,CE,Federal Contract Tower,0,22,54,3,79,0,8,182,0,190,0,30,236,3,269,126,2,128,397
09/07/2000,BKL,OH,AGL,CE,Federal Contract Tower,0,23,54,0,77,0,30,187,0,217,0,53,241,0,294,154,0,154,448
09/08/2000,BKL,OH,AGL,CE,Federal Contract Tower,1,20,46,3,70,0,16,156,0,172,1,36,202,3,242,176,8,184,426
09/09/2000,BKL,OH,AGL,CE,Federal Contract Tower,0,7,27,1,35,0,0,86,1,87,0,7,113,2,122,214,0,214,336
09/10/2000,BKL,OH,AGL,CE,Federal Contract Tower,1,13,30,1,45,0,4,30,1,35,1,17,60,2,80,22,0,22,102
09/11/2000,BKL,OH,AGL,CE,Federal Contract Tower,0,18,41,2,61,0,14,84,1,99,0,32,125,3,160,108,0,108,268
09/12/2000,BKL,OH,AGL,CE,Federal Contract Tower,0,19,44,2,65,0,14,73,0,87,0,33,117,2,152,130,0,130,282
09/13/2000,BKL,OH,AGL,CE,Federal Contract Tower,0,25,58,0,83,0,14,240,0,254,0,39,298,0,337,376,0,376,713
09/14/2000,BKL,OH,AGL,CE,Federal Contract Tower,0,24,54,3,81,0,13,149,6,168,0,37,203,9,249,170,8,178,427
09/15/2000,BKL,OH,AGL,CE,Federal Contract Tower,0,21,48,0,69,0,4,69,0,73,0,25,117,0,142,32,0,32,174
09/16/2000,BKL,OH,AGL,CE,Federal Contract Tower,0,5,12,0,17,0,5,73,0,78,0,10,85,0,95,72,0,72,167
09/17/2000,BKL,OH,AGL,CE,Federal Contract Tower,0,16,38,3,57,0,4,145,2,151,0,20,183,5,208,68,5,73,281
09/18/2000,BKL,OH,AGL,CE,Federal Contract Tower,0,13,30,2,45,0,2,140,1,143,0,15,170,3,188,172,0,172,360
09/19/2000,BKL,OH,AGL,CE,Federal Contract Tower,0,20,46,0,66,0,22,155,0,177,0,42,201,0,243,146,0,146,389
09/20/2000,BKL,OH,AGL,CE,Federal Contract Tower,0,26,60,4,90,2,27,129,0,158,2,53,189,4,248,36,0,36,284
09/21/2000,BKL,OH,AGL,CE,Federal Contract Tower,0,21,48,2,71,0,9,142,0,151,0,30,190,2,222,66,0,66,288
09/22/2000,BKL,OH,AGL,CE,Federal Contract Tower,0,18,40,0,58,0,7,153,0,160,0,25,193,0,218,198,0,198,416
09/23/2000,BKL,OH,AGL,CE,Federal Contract Tower,0,2,12,0,14,0,0,30,0,30,0,2,42,0,44,12,0,12,56
09/24/2000,BKL,OH,AGL,CE,Federal Contract Tower,0,2,18,0,20,1,0,36,0,37,1,2,54,0,57,18,0,18,75
09/25/2000,BKL,OH,AGL,CE,Federal Contract Tower,0,20,45,0,65,1,4,115,0,120,1,24,160,0,185,136,0,136,321
09/26/2000,BKL,OH,AGL,CE,Federal Contract Tower,0,22,52,2,76,0,5,143,0,148,0,27,195,2,224,168,8,176,400
09/27/2000,BKL,OH,AGL,CE,Federal Contract Tower,0,24,56,2,82,0,6,147,0,153,0,30,203,2,235,170,0,170,405
09/28/2000,BKL,OH,AGL,CE,Federal Contract Tower,0,32,75,2,109,0,4,144,0,148,0,36,219,2,257,166,0,166,423
09/29/2000,BKL,OH,AGL,CE,Federal Contract Tower,0,24,55,2,81,2,5,173,0,180,2,29,228,2,261,192,2,194,455
09/30/2000,BKL,OH,AGL,CE,Federal Contract Tower,0,10,27,0,37,0,0,135,0,135,0,10,162,0,172,208,0,208,380
10/01/2000,BKL,OH,AGL,CE,Federal Contract Tower,1,18,43,0,62,0,0,218,1,219,1,18,261,1,281,142,0,142,423
10/02/2000,BKL,OH,AGL,CE,Federal Contract Tower,0,14,34,0,48,0,8,117,0,125,0,22,151,0,173,128,0,128,301
10/03/2000,BKL,OH,AGL,CE,Federal Contract Tower,0,29,64,0,93,0,8,134,0,142,0,37,198,0,235,230,0,230,465
10/04/2000,BKL,OH,AGL,CE,Federal Contract Tower,0,19,44,0,63,0,23,79,0,102,0,42,123,0,165,200,0,200,365
10/05/2000,BKL,OH,AGL,CE,Federal Contract Tower,0,28,61,0,89,0,3,29,0,32,0,31,90,0,121,50,0,50,171
10/06/2000,BKL,OH,AGL,CE,Federal Contract Tower,0,24,50,0,74,0,17,67,0,84,0,41,117,0,158,82,0,82,240
10/07/2000,BKL,OH,AGL,CE,Federal Contract Tower,0,6,13,0,19,0,11,22,0,33,0,17,35,0,52,62,0,62,114
10/08/2000,BKL,OH,AGL,CE,Federal Contract Tower,0,5,11,0,16,0,0,24,0,24,0,5,35,0,40,14,0,14,54
10/09/2000,BKL,OH,AGL,CE,Federal Contract Tower,0,8,21,0,29,0,0,82,0,82,0,8,103,0,111,130,0,130,241
10/10/2000,BKL,OH,AGL,CE,Federal Contract Tower,0,26,56,0,82,0,13,121,0,134,0,39,177,0,216,128,0,128,344
10/11/2000,BKL,OH,AGL,CE,Federal Contract Tower,0,28,60,1,89,0,11,156,7,174,0,39,216,8,263,126,2,128,391
10/12/2000,BKL,OH,AGL,CE,Federal Contract Tower,0,23,48,1,72,0,8,157,3,168,0,31,205,4,240,172,2,174,414
10/13/2000,BKL,OH,AGL,CE,Federal Contract Tower,0,22,46,1,69,0,10,179,3,192,0,32,225,4,261,222,10,232,493
10/14/2000,BKL,OH,AGL,CE,Federal Contract Tower,0,10,23,1,34,0,2,151,1,154,0,12,174,2,188,148,0,148,336
10/15/2000,BKL,OH,AGL,CE,Federal Contract Tower,0,10,27,1,38,0,0,66,1,67,0,10,93,2,105,104,0,104,209
10/16/2000,BKL,OH,AGL,CE,Federal Contract Tower,0,19,42,0,61,0,10,59,0,69,0,29,101,0,130,92,0,92,222
10/17/2000,BKL,OH,AGL,CE,Federal Contract Tower,0,24,50,0,74,0,15,52,0,67,0,39,102,0,141,80,0,80,221
10/18/2000,BKL,OH,AGL,CE,Federal Contract Tower,0,25,54,0,79,0,9,59,0,68,0,34,113,0,147,148,0,148,295
10/19/2000,BKL,OH,AGL,CE,Federal Contract Tower,0,25,53,1,79,0,8,147,3,158,0,33,200,4,237,246,4,250,487
10/20/2000,BKL,OH,AGL,CE,Federal Contract Tower,0,22,48,1,71,0,9,143,1,153,0,31,191,2,224,172,2,174,398
10/21/2000,BKL,OH,AGL,CE,Federal Contract Tower,0,6,14,0,20,0,6,128,2,136,0,12,142,2,156,152,0,152,308
10/22/2000,BKL,OH,AGL,CE,Federal Contract Tower,0,8,19,0,27,0,4,165,2,171,0,12,184,2,198,292,4,296,494
10/23/2000,BKL,OH,AGL,CE,Federal Contract Tower,0,16,60,0,76,0,0,104,4,108,0,16,164,4,184,130,0,130,314
10/24/2000,BKL,OH,AGL,CE,Federal Contract Tower,0,26,57,0,83,0,6,15,0,21,0,32,72,0,104,22,0,22,126
10/25/2000,BKL,OH,AGL,CE,Federal Contract Tower,0,35,78,0,113,0,2,71,0,73,0,37,149,0,186,18,0,18,204
10/26/2000,BKL,OH,AGL,CE,Federal Contract Tower,0,26,57,0,83,0,11,125,0,136,0,37,182,0,219,192,0,192,411
10/27/2000,BKL,OH,AGL,CE,Federal Contract Tower,0,26,56,0,82,0,22,111,0,133,0,48,167,0,215,104,0,104,319
10/28/2000,BKL,OH,AGL,CE,Federal Contract Tower,0,9,22,0,31,0,2,67,0,69,0,11,89,0,100,106,0,106,206
10/29/2000,BKL,OH,AGL,CE,Federal Contract Tower,0,17,39,0,56,0,1,139,0,140,0,18,178,0,196,72,0,72,268
10/30/2000,BKL,OH,AGL,CE,Federal Contract Tower,0,12,26,0,38,0,6,109,0,115,0,18,135,0,153,170,0,170,323
10/31/2000,BKL,OH,AGL,CE,Federal Contract Tower,0,24,53,0,77,0,23,158,4,185,0,47,211,4,262,130,0,130,392
11/01/2000,BKL,OH,AGL,CE,Federal Contract Tower,0,29,61,0,90,0,29,159,4,192,0,58,220,4,282,234,4,238,520
11/02/2000,BKL,OH,AGL,CE,Federal Contract Tower,0,26,56,0,82,0,22,130,0,152,0,48,186,0,234,130,0,130,364
11/03/2000,BKL,OH,AGL,CE,Federal Contract Tower,0,22,47,0,69,0,18,92,1,111,0,40,139,1,180,126,0,126,306
11/04/2000,BKL,OH,AGL,CE,Federal Contract Tower,0,6,16,0,22,0,21,107,6,134,0,27,123,6,156,58,0,58,214
11/05/2000,BKL,OH,AGL,CE,Federal Contract Tower,0,17,42,0,59,0,0,149,2,151,0,17,191,2,210,52,0,52,262
11/06/2000,BKL,OH,AGL,CE,Federal Contract Tower,0,13,38,1,52,0,0,92,4,96,0,13,130,5,148,138,6,144,292
11/07/2000,BKL,OH,AGL,CE,Federal Contract Tower,0,22,45,1,68,0,17,48,1,66,0,39,93,2,134,72,0,72,206
11/08/2000,BKL,OH,AGL,CE,Federal Contract Tower,0,29,58,0,87,0,6,17,0,23,0,35,75,0,110,20,0,20,130
11/09/2000,BKL,OH,AGL,CE,Federal Contract Tower,0,29,58,0,87,0,19,99,0,118,0,48,157,0,205,84,0,84,289
11/10/2000,BKL,OH,AGL,CE,Federal Contract Tower,0,26,51,1,78,0,4,64,1,69,0,30,115,2,147,0,0,0,147
11/11/2000,BKL,OH,AGL,CE,Federal Contract Tower,0,4,22,0,26,1,0,81,0,82,1,4,103,0,108,146,0,146,254
11/12/2000,BKL,OH,AGL,CE,Federal Contract Tower,0,15,36,1,52,0,0,144,2,146,0,15,180,3,198,56,0,56,254
11/13/2000,BKL,OH,AGL,CE,Federal Contract Tower,0,17,33,0,50,0,11,58,0,69,0,28,91,0,119,32,0,32,151
11/14/2000,BKL,OH,AGL,CE,Federal Contract Tower,0,25,49,0,74,0,1,74,0,75,0,26,123,0,149,60,0,60,209
11/15/2000,BKL,OH,AGL,CE,Federal Contract Tower,0,21,42,0,63,0,15,133,0,148,0,36,175,0,211,184,0,184,395
11/16/2000,BKL,OH,AGL,CE,Federal Contract Tower,0,31,63,0,94,0,3,103,0,106,0,34,166,0,200,92,0,92,292
11/17/2000,BKL,OH,AGL,CE,Federal Contract Tower,0,25,51,0,76,0,12,45,0,57,0,37,96,0,133,20,0,20,153
11/18/2000,BKL,OH,AGL,CE,Federal Contract Tower,0,8,18,0,26,0,2,83,2,87,0,10,101,2,113,186,0,186,299
11/19/2000,BKL,OH,AGL,CE,Federal Contract Tower,0,6,12,0,18,0,3,102,2,107,0,9,114,2,125,130,0,130,255
11/20/2000,BKL,OH,AGL,CE,Federal Contract Tower,0,13,28,0,41,1,1,26,0,28,1,14,54,0,69,56,0,56,125
11/21/2000,BKL,OH,AGL,CE,Federal Contract Tower,0,16,34,0,50,1,10,9,0,20,1,26,43,0,70,6,0,6,76
11/22/2000,BKL,OH,AGL,CE,Federal Contract Tower,0,18,36,0,54,0,13,33,2,48,0,31,69,2,102,10,2,12,114
11/23/2000,BKL,OH,AGL,CE,Federal Contract Tower,0,8,17,0,25,1,13,32,0,46,1,21,49,0,71,14,0,14,85
11/24/2000,BKL,OH,AGL,CE,Federal Contract Tower,0,7,16,0,23,1,11,172,0,184,1,18,188,0,207,216,0,216,423
11/25/2000,BKL,OH,AGL,CE,Federal Contract Tower,0,6,12,0,18,0,5,53,0,58,0,11,65,0,76,90,0,90,166
11/26/2000,BKL,OH,AGL,CE,Federal Contract Tower,0,9,20,0,29,0,4,9,0,13,0,13,29,0,42,22,0,22,64
11/27/2000,BKL,OH,AGL,CE,Federal Contract Tower,0,19,40,0,59,0,0,55,0,55,0,19,95,0,114,62,0,62,176
11/28/2000,BKL,OH,AGL,CE,Federal Contract Tower,0,28,56,0,84,0,14,48,0,62,0,42,104,0,146,100,0,100,246
11/29/2000,BKL,OH,AGL,CE,Federal Contract Tower,0,26,54,0,80,0,8,37,0,45,0,34,91,0,125,84,0,84,209
11/30/2000,BKL,OH,AGL,CE,Federal Contract Tower,0,23,46,0,69,0,15,83,0,98,0,38,129,0,167,80,0,80,247
12/01/2000,BKL,OH,AGL,CE,Federal Contract Tower,0,25,34,0,59,0,0,4,0,4,0,25,38,0,63,66,0,66,129
12/02/2000,BKL,OH,AGL,CE,Federal Contract Tower,0,10,13,0,23,0,3,106,0,109,0,13,119,0,132,198,0,198,330
12/03/2000,BKL,OH,AGL,CE,Federal Contract Tower,0,16,21,0,37,0,2,117,0,119,0,18,138,0,156,188,0,188,344
12/04/2000,BKL,OH,AGL,CE,Federal Contract Tower,0,19,26,0,45,0,6,138,0,144,0,25,164,0,189,154,0,154,343
12/05/2000,BKL,OH,AGL,CE,Federal Contract Tower,2,19,26,0,47,0,11,64,0,75,2,30,90,0,122,6,0,6,128
12/06/2000,BKL,OH,AGL,CE,Federal Contract Tower,0,35,46,0,81,0,7,82,2,91,0,42,128,2,172,76,0,76,248
12/07/2000,BKL,OH,AGL,CE,Federal Contract Tower,0,29,38,0,67,0,9,4,0,13,0,38,42,0,80,0,0,0,80
12/08/2000,BKL,OH,AGL,CE,Federal Contract Tower,0,29,37,0,66,0,5,61,0,66,0,34,98,0,132,50,0,50,182
12/09/2000,BKL,OH,AGL,CE,Federal Contract Tower,0,11,16,0,27,0,18,94,0,112,0,29,110,0,139,140,0,140,279
12/10/2000,BKL,OH,AGL,CE,Federal Contract Tower,0,16,20,0,36,0,5,105,0,110,0,21,125,0,146,72,0,72,218
12/11/2000,BKL,OH,AGL,CE,Federal Contract Tower,0,21,26,0,47,0,11,17,0,28,0,32,43,0,75,0,0,0,75
12/12/2000,BKL,OH,AGL,CE,Federal Contract Tower,0,21,26,0,47,0,6,54,0,60,0,27,80,0,107,10,0,10,117
12/13/2000,BKL,OH,AGL,CE,Federal Contract Tower,0,36,44,0,80,0,2,52,0,54,0,38,96,0,134,22,0,22,156
12/14/2000,BKL,OH,AGL,CE,Federal Contract Tower,0,22,29,0,51,0,0,30,0,30,0,22,59,0,81,30,0,30,111
12/15/2000,BKL,OH,AGL,CE,Federal Contract Tower,0,30,37,1,68,0,7,65,1,73,0,37,102,2,141,154,4,158,299
12/16/2000,BKL,OH,AGL,CE,Federal Contract Tower,0,7,8,0,15,1,1,14,0,16,1,8,22,0,31,4,0,4,35
12/17/2000,BKL,OH,AGL,CE,Federal Contract Tower,0,9,12,0,21,0,0,10,0,10,0,9,22,0,31,0,0,0,31
12/18/2000,BKL,OH,AGL,CE,Federal Contract Tower,1,17,27,1,46,1,0,88,3,92,2,17,115,4,138,32,0,32,170
12/19/2000,BKL,OH,AGL,CE,Federal Contract Tower,0,24,31,1,56,0,0,56,1,57,0,24,87,2,113,68,0,68,181
12/20/2000,BKL,OH,AGL,CE,Federal Contract Tower,0,30,47,1,78,0,0,94,3,97,0,30,141,4,175,152,0,152,327
12/21/2000,BKL,OH,AGL,CE,Federal Contract Tower,0,22,26,0,48,0,25,43,0,68,0,47,69,0,116,88,0,88,204
12/22/2000,BKL,OH,AGL,CE,Federal Contract Tower,0,19,23,1,43,0,15,37,1,53,0,34,60,2,96,38,0,38,134
12/23/2000,BKL,OH,AGL,CE,Federal Contract Tower,0,7,8,0,15,0,10,72,0,82,0,17,80,0,97,210,0,210,307
12/24/2000,BKL,OH,AGL,CE,Federal Contract Tower,0,6,8,0,14,0,3,14,0,17,0,9,22,0,31,58,0,58,89
12/25/2000,BKL,OH,AGL,CE,Federal Contract Tower,0,0,1,0,1,0,2,21,0,23,0,2,22,0,24,6,0,6,30
12/26/2000,BKL,OH,AGL,CE,Federal Contract Tower,0,12,15,1,28,0,4,87,1,92,0,16,102,2,120,160,0,160,280
12/27/2000,BKL,OH,AGL,CE,Federal Contract Tower,0,14,17,0,31,0,6,11,0,17,0,20,28,0,48,0,0,0,48
12/28/2000,BKL,OH,AGL,CE,Federal Contract Tower,1,21,26,0,48,1,4,44,2,51,2,25,70,2,99,20,0,20,119
12/29/2000,BKL,OH,AGL,CE,Federal Contract Tower,0,16,21,0,37,0,12,61,0,73,0,28,82,0,110,12,0,12,122
12/30/2000,BKL,OH,AGL,CE,Federal Contract Tower,0,4,6,0,10,0,5,48,0,53,0,9,54,0,63,58,0,58,121
12/31/2000,BKL,OH,AGL,CE,Federal Contract Tower,0,3,4,0,7,0,4,36,0,40,0,7,40,0,47,22,0,22,69
01/01/2001,BKL,OH,AGL,CE,Federal Contract Tower,0,0,4,0,4,0,18,23,0,41,0,18,27,0,45,20,0,20,65
01/02/2001,BKL,OH,AGL,CE,Federal Contract Tower,0,14,28,0,42,0,4,88,2,94,0,18,116,2,136,165,0,165,301
01/03/2001,BKL,OH,AGL,CE,Federal Contract Tower,0,14,23,0,37,0,14,50,6,70,0,28,73,6,107,34,2,36,143
01/04/2001,BKL,OH,AGL,CE,Federal Contract Tower,0,25,43,0,68,0,2,44,4,50,0,27,87,4,118,58,0,58,176
01/05/2001,BKL,OH,AGL,CE,Federal Contract Tower,0,21,36,0,57,0,9,15,0,24,0,30,51,0,81,10,0,10,91
01/06/2001,BKL,OH,AGL,CE,Federal Contract Tower,0,12,22,0,34,0,0,75,0,75,0,12,97,0,109,76,0,76,185
01/07/2001,BKL,OH,AGL,CE,Federal Contract Tower,0,6,11,1,18,2,3,52,0,57,2,9,63,1,75,138,2,140,215
01/08/2001,BKL,OH,AGL,CE,Federal Contract Tower,0,17,28,0,45,0,8,26,0,34,0,25,54,0,79,58,0,58,137
01/09/2001,BKL,OH,AGL,CE,Federal Contract Tower,0,27,47,1,75,0,4,76,5,85,0,31,123,6,160,58,0,58,218
01/10/2001,BKL,OH,AGL,CE,Federal Contract Tower,0,26,45,0,71,0,8,150,0,158,0,34,195,0,229,145,0,145,374
01/11/2001,BKL,OH,AGL,CE,Federal Contract Tower,0,24,41,1,66,0,8,150,1,159,0,32,191,2,225,170,10,180,405
01/12/2001,BKL,OH,AGL,CE,Federal Contract Tower,0,19,40,1,60,0,0,69,3,72,0,19,109,4,132,86,8,94,226
01/13/2001,BKL,OH,AGL,CE,Federal Contract Tower,0,5,16,0,21,0,0,16,0,16,0,5,32,0,37,0,0,0,37
01/14/2001,BKL,OH,AGL,CE,Federal Contract Tower,0,7,13,0,20,0,1,51,0,52,0,8,64,0,72,116,0,116,188
01/15/2001,BKL,OH,AGL,CE,Federal Contract Tower,0,11,20,0,31,0,1,24,0,25,0,12,44,0,56,50,0,50,106
01/16/2001,BKL,OH,AGL,CE,Federal Contract Tower,0,20,34,1,55,0,5,62,3,70,0,25,96,4,125,58,2,60,185
01/17/2001,BKL,OH,AGL,CE,Federal Contract Tower,0,21,36,1,58,0,10,74,1,85,0,31,110,2,143,82,0,82,225
01/18/2001,BKL,OH,AGL,CE,Federal Contract Tower,0,27,46,0,73,0,14,109,0,123,0,41,155,0,196,140,0,140,336
01/19/2001,BKL,OH,AGL,CE,Federal Contract Tower,0,17,29,0,46,0,16,41,0,57,0,33,70,0,103,18,0,18,121
01/20/2001,BKL,OH,AGL,CE,Federal Contract Tower,0,7,13,0,20,0,9,22,0,31,0,16,35,0,51,36,0,36,87
01/21/2001,BKL,OH,AGL,CE,Federal Contract Tower,0,6,18,0,24,0,0,144,2,146,0,6,162,2,170,226,2,228,398
01/22/2001,BKL,OH,AGL,CE,Federal Contract Tower,0,12,31,0,43,0,0,71,0,71,0,12,102,0,114,28,0,28,142
01/23/2001,BKL,OH,AGL,CE,Federal Contract Tower,0,26,46,0,72,0,0,108,0,108,0,26,154,0,180,48,0,48,228
01/24/2001,BKL,OH,AGL,CE,Federal Contract Tower,0,40,69,0,109,2,12,17,2,33,2,52,86,2,142,34,0,34,176
01/25/2001,BKL,OH,AGL,CE,Federal Contract Tower,0,27,47,0,74,0,21,63,2,86,0,48,110,2,160,62,0,62,222
01/26/2001,BKL,OH,AGL,CE,Federal Contract Tower,0,19,34,0,53,0,12,67,0,79,0,31,101,0,132,60,0,60,192
01/27/2001,BKL,OH,AGL,CE,Federal Contract Tower,0,4,12,0,16,0,0,24,0,24,0,4,36,0,40,0,0,0,40
01/28/2001,BKL,OH,AGL,CE,Federal Contract Tower,0,6,11,0,17,0,3,50,0,53,0,9,61,0,70,172,0,172,242
01/29/2001,BKL,OH,AGL,CE,Federal Contract Tower,0,18,31,0,49,0,3,65,0,68,0,21,96,0,117,64,0,64,181
01/30/2001,BKL,OH,AGL,CE,Federal Contract Tower,0,24,41,0,65,0,12,62,2,76,0,36,103,2,141,92,10,102,243
01/31/2001,BKL,OH,AGL,CE,Federal Contract Tower,0,25,44,0,69,0,22,58,4,84,0,47,102,4,153,90,0,90,243
02/01/2001,BKL,OH,AGL,CE,Federal Contract Tower,0,19,40,0,59,0,22,77,4,103,0,41,117,4,162,98,0,98,260
02/02/2001,BKL,OH,AGL,CE,Federal Contract Tower,0,19,39,0,58,0,7,63,0,70,0,26,102,0,128,28,0,28,156
02/03/2001,BKL,OH,AGL,CE,Federal Contract Tower,1,6,16,0,23,0,9,86,0,95,1,15,102,0,118,146,0,146,264
02/04/2001,BKL,OH,AGL,CE,Federal Contract Tower,0,6,14,0,20,0,5,45,0,50,0,11,59,0,70,70,0,70,140
02/05/2001,BKL,OH,AGL,CE,Federal Contract Tower,0,17,32,0,49,0,6,9,0,15,0,23,41,0,64,20,0,20,84
02/06/2001,BKL,OH,AGL,CE,Federal Contract Tower,0,26,50,0,76,0,4,19,0,23,0,30,69,0,99,18,0,18,117
02/07/2001,BKL,OH,AGL,CE,Federal Contract Tower,0,37,73,0,110,0,19,138,2,159,0,56,211,2,269,148,0,148,417
02/08/2001,BKL,OH,AGL,CE,Federal Contract Tower,0,21,39,0,60,0,11,85,0,96,0,32,124,0,156,54,0,54,210
02/09/2001,BKL,OH,AGL,CE,Federal Contract Tower,1,18,36,0,55,0,15,30,0,45,1,33,66,0,100,14,0,14,114
02/10/2001,BKL,OH,AGL,CE,Federal Contract Tower,1,6,13,0,20,4,3,44,0,51,5,9,57,0,71,6,0,6,77
02/11/2001,BKL,OH,AGL,CE,Federal Contract Tower,0,10,18,1,29,0,0,109,1,110,0,10,127,2,139,146,2,148,287
02/12/2001,BKL,OH,AGL,CE,Federal Contract Tower,0,17,32,1,50,1,0,90,1,92,1,17,122,2,142,74,0,74,216
02/13/2001,BKL,OH,AGL,CE,Federal Contract Tower,0,26,49,1,76,1,11,114,3,129,1,37,163,4,205,158,0,158,363
02/14/2001,BKL,OH,AGL,CE,Federal Contract Tower,0,16,32,0,48,0,6,14,0,20,0,22,46,0,68,8,0,8,76
02/15/2001,BKL,OH,AGL,CE,Federal Contract Tower,0,28,53,1,82,0,11,74,5,90,0,39,127,6,172,90,12,102,274
02/16/2001,BKL,OH,AGL,CE,Federal Contract Tower,0,12,23,0,35,0,5,52,0,57,0,17,75,0,92,34,0,34,126
02/17/2001,BKL,OH,AGL,CE,Federal Contract Tower,0,4,7,0,11,0,0,49,0,49,0,4,56,0,60,72,0,72,132
02/18/2001,BKL,OH,AGL,CE,Federal Contract Tower,0,13,25,0,38,2,0,102,0,104,2,13,127,0,142,64,2,66,208
02/19/2001,BKL,OH,AGL,CE,Federal Contract Tower,0,16,31,0,47,2,2,66,0,70,2,18,97,0,117,20,0,20,137
02/20/2001,BKL,OH,AGL,CE,Federal Contract Tower,0,19,42,0,61,0,0,131,1,132,0,19,173,1,193,46,0,46,239
02/21/2001,BKL,OH,AGL,CE,Federal Contract Tower,0,18,38,0,56,0,0,95,0,95,0,18,133,0,151,86,0,86,237
02/22/2001,BKL,OH,AGL,CE,Federal Contract Tower,0,31,62,0,93,0,5,68,0,73,0,36,130,0,166,76,0,76,242
02/23/2001,BKL,OH,AGL,CE,Federal Contract Tower,0,17,35,0,52,0,10,105,0,115,0,27,140,0,167,78,0,78,245
02/24/2001,BKL,OH,AGL,CE,Federal Contract Tower,0,6,12,0,18,0,2,36,0,38,0,8,48,0,56,12,0,12,68
02/25/2001,BKL,OH,AGL,CE,Federal Contract Tower,0,2,4,0,6,0,7,14,0,21,0,9,18,0,27,0,0,0,27
02/26/2001,BKL,OH,AGL,CE,Federal Contract Tower,0,22,43,0,65,0,1,117,0,118,0,23,160,0,183,56,0,56,239
02/27/2001,BKL,OH,AGL,CE,Federal Contract Tower,0,21,42,0,63,0,7,68,0,75,0,28,110,0,138,130,0,130,268
02/28/2001,BKL,OH,AGL,CE,Federal Contract Tower,0,21,40,0,61,1,9,109,0,119,1,30,149,0,180,160,0,160,340
03/01/2001,BKL,OH,AGL,CE,Federal Contract Tower,1,20,34,0,55,0,13,86,0,99,1,33,120,0,154,82,0,82,236
03/02/2001,BKL,OH,AGL,CE,Federal Contract Tower,0,17,30,0,47,0,17,41,4,62,0,34,71,4,109,26,0,26,135
03/03/2001,BKL,OH,AGL,CE,Federal Contract Tower,0,8,15,0,23,0,2,69,0,71,0,10,84,0,94,144,0,144,238
03/04/2001,BKL,OH,AGL,CE,Federal Contract Tower,1,2,10,0,13,0,0,37,0,37,1,2,47,0,50,194,0,194,244
03/05/2001,BKL,OH,AGL,CE,Federal Contract Tower,0,10,19,0,29,0,6,35,0,41,0,16,54,0,70,8,0,8,78
03/06/2001,BKL,OH,AGL,CE,Federal Contract Tower,0,15,25,0,40,0,17,7,0,24,0,32,32,0,64,0,0,0,64
03/07/2001,BKL,OH,AGL,CE,Federal Contract Tower,0,26,43,0,69,0,14,65,2,81,0,40,108,2,150,114,0,114,264
03/08/2001,BKL,OH,AGL,CE,Federal Contract Tower,1,24,37,0,62,1,2,61,0,64,2,26,98,0,126,56,0,56,182
03/09/2001,BKL,OH,AGL,CE,Federal Contract Tower,0,22,34,0,56,0,16,48,0,64,0,38,82,0,120,36,0,36,156
03/10/2001,BKL,OH,AGL,CE,Federal Contract Tower,0,10,18,0,28,0,0,169,0,169,0,10,187,0,197,170,0,170,367
03/11/2001,BKL,OH,AGL,CE,Federal Contract Tower,0,2,14,0,16,0,0,64,0,64,0,2,78,0,80,70,0,70,150
03/12/2001,BKL,OH,AGL,CE,Federal Contract Tower,0,15,24,0,39,2,0,88,0,90,2,15,112,0,129,112,0,112,241
03/13/2001,BKL,OH,AGL,CE,Federal Contract Tower,0,23,35,1,59,0,12,57,1,70,0,35,92,2,129,20,2,22,151
03/14/2001,BKL,OH,AGL,CE,Federal Contract Tower,0,27,41,1,69,0,0,121,7,128,0,27,162,8,197,120,0,120,317
03/15/2001,BKL,OH,AGL,CE,Federal Contract Tower,0,26,41,0,67,1,6,93,0,100,1,32,134,0,167,162,0,162,329
03/16/2001,BKL,OH,AGL,CE,Federal Contract Tower,0,20,31,0,51,1,4,22,0,27,1,24,53,0,78,2,0,2,80
03/17/2001,BKL,OH,AGL,CE,Federal Contract Tower,0,2,0,0,2,0,26,0,0,26,0,28,0,0,28,20,0,20,48
03/18/2001,BKL,OH,AGL,CE,Federal Contract Tower,0,3,16,0,19,0,0,181,0,181,0,3,197,0,200,188,0,188,388
03/19/2001,BKL,OH,AGL,CE,Federal Contract Tower,0,20,30,1,51,0,12,149,11,172,0,32,179,12,223,164,0,164,387
03/20/2001,BKL,OH,AGL,CE,Federal Contract Tower,0,17,27,1,45,0,13,113,1,127,0,30,140,2,172,138,0,138,310
03/21/2001,BKL,OH,AGL,CE,Federal Contract Tower,0,22,33,0,55,0,20,110,0,130,0,42,143,0,185,106,0,106,291
03/22/2001,BKL,OH,AGL,CE,Federal Contract Tower,0,26,40,1,67,0,12,129,1,142,0,38,169,2,209,74,2,76,285
03/23/2001,BKL,OH,AGL,CE,Federal Contract Tower,0,18,29,0,47,0,11,89,0,100,0,29,118,0,147,72,0,72,219
03/24/2001,BKL,OH,AGL,CE,Federal Contract Tower,0,1,7,1,9,0,0,31,1,32,0,1,38,2,41,50,0,50,91
03/25/2001,BKL,OH,AGL,CE,Federal Contract Tower,0,7,19,0,26,0,0,54,0,54,0,7,73,0,80,60,0,60,140
03/26/2001,BKL,OH,AGL,CE,Federal Contract Tower,0,16,27,0,43,0,6,51,0,57,0,22,78,0,100,74,0,74,174
03/27/2001,BKL,OH,AGL,CE,Federal Contract Tower,0,33,52,0,85,0,9,86,0,95,0,42,138,0,180,96,0,96,276
03/28/2001,BKL,OH,AGL,CE,Federal Contract Tower,0,29,47,0,76,0,15,120,6,141,0,44,167,6,217,210,0,210,427
03/29/2001,BKL,OH,AGL,CE,Federal Contract Tower,0,30,47,0,77,0,6,93,0,99,0,36,140,0,176,102,0,102,278
03/30/2001,BKL,OH,AGL,CE,Federal Contract Tower,0,26,43,0,69,0,0,18,0,18,0,26,61,0,87,12,0,12,99
03/31/2001,BKL,OH,AGL,CE,Federal Contract Tower,0,12,24,0,36,2,0,71,0,73,2,12,95,0,109,158,0,158,267
04/01/2001,BKL,OH,AGL,CE,Federal Contract Tower,0,1,18,0,19,0,4,24,0,28,0,5,42,0,47,82,0,82,129
04/02/2001,BKL,OH,AGL,CE,Federal Contract Tower,0,17,36,2,55,0,3,152,6,161,0,20,188,8,216,70,0,70,286
04/03/2001,BKL,OH,AGL,CE,Federal Contract Tower,0,45,54,0,99,0,10,61,0,71,0,55,115,0,170,56,0,56,226
04/04/2001,BKL,OH,AGL,CE,Federal Contract Tower,4,22,42,0,68,0,12,186,0,198,4,34,228,0,266,216,0,216,482
04/05/2001,BKL,OH,AGL,CE,Federal Contract Tower,0,34,56,2,92,0,8,121,2,131,0,42,177,4,223,114,14,128,351
04/06/2001,BKL,OH,AGL,CE,Federal Contract Tower,2,26,30,0,58,0,0,0,0,0,2,26,30,0,58,28,0,28,86
04/07/2001,BKL,OH,AGL,CE,Federal Contract Tower,0,0,20,0,20,0,7,82,0,89,0,7,102,0,109,100,0,100,209
04/08/2001,BKL,OH,AGL,CE,Federal Contract Tower,2,8,15,0,25,0,4,79,0,83,2,12,94,0,108,36,0,36,144
04/09/2001,BKL,OH,AGL,CE,Federal Contract Tower,0,16,44,0,60,0,10,39,0,49,0,26,83,0,109,18,0,18,127
04/10/2001,BKL,OH,AGL,CE,Federal Contract Tower,0,36,61,0,97,0,26,81,2,109,0,62,142,2,206,20,2,22,228
04/11/2001,BKL,OH,AGL,CE,Federal Contract Tower,0,37,58,0,95,0,8,60,0,68,0,45,118,0,163,110,0,110,273
04/12/2001,BKL,OH,AGL,CE,Federal Contract Tower,0,29,24,0,53,0,1,70,0,71,0,30,94,0,124,42,0,42,166
04/13/2001,BKL,OH,AGL,CE,Federal Contract Tower,0,18,40,0,58,0,4,112,2,118,0,22,152,2,176,210,0,210,386
04/14/2001,BKL,OH,AGL,CE,Federal Contract Tower,0,1,26,0,27,0,8,100,0,108,0,9,126,0,135,112,0,112,247
04/15/2001,BKL,OH,AGL,CE,Federal Contract Tower,0,7,26,0,33,0,6,14,0,20,0,13,40,0,53,0,2,2,55
04/16/2001,BKL,OH,AGL,CE,Federal Contract Tower,0,14,35,0,49,0,1,62,2,65,0,15,97,2,114,2,0,2,116
04/17/2001,BKL,OH,AGL,CE,Federal Contract Tower,0,27,53,0,80,0,8,89,0,97,0,35,142,0,177,8,0,8,185
04/18/2001,BKL,OH,AGL,CE,Federal Contract Tower,0,32,52,0,84,0,15,118,0,133,0,47,170,0,217,160,0,160,377
04/19/2001,BKL,OH,AGL,CE,Federal Contract Tower,1,28,42,4,75,0,9,148,8,165,1,37,190,12,240,92,12,104,344
04/20/2001,BKL,OH,AGL,CE,Federal Contract Tower,1,24,38,0,63,0,4,57,2,63,1,28,95,2,126,68,4,72,198
04/21/2001,BKL,OH,AGL,CE,Federal Contract Tower,0,2,10,0,12,0,8,55,0,63,0,10,65,0,75,32,0,32,107
04/22/2001,BKL,OH,AGL,CE,Federal Contract Tower,0,4,31,0,35,0,19,64,2,85,0,23,95,2,120,116,0,116,236
04/23/2001,BKL,OH,AGL,CE,Federal Contract Tower,0,15,58,0,73,0,11,95,0,106,0,26,153,0,179,96,0,96,275
04/24/2001,BKL,OH,AGL,CE,Federal Contract Tower,0,25,58,0,83,0,5,89,0,94,0,30,147,0,177,154,0,154,331
04/25/2001,BKL,OH,AGL,CE,Federal Contract Tower,0,26,41,0,67,0,2,153,0,155,0,28,194,0,222,222,0,222,444
04/26/2001,BKL,OH,AGL,CE,Federal Contract Tower,0,28,48,4,80,0,11,119,0,130,0,39,167,4,210,144,6,150,360
04/27/2001,BKL,OH,AGL,CE,Federal Contract Tower,0,23,45,1,69,0,20,148,0,168,0,43,193,1,237,210,2,212,449
04/28/2001,BKL,OH,AGL,CE,Federal Contract Tower,0,3,21,1,25,0,11,129,0,140,0,14,150,1,165,96,0,96,261
04/29/2001,BKL,OH,AGL,CE,Federal Contract Tower,0,6,28,0,34,0,12,117,0,129,0,18,145,0,163,84,0,84,247
04/30/2001,BKL,OH,AGL,CE,Federal Contract Tower,0,20,45,2,67,0,12,112,0,124,0,32,157,2,191,72,10,82,273
05/01/2001,BKL,OH,AGL,CE,Federal Contract Tower,0,31,30,3,64,0,0,100,1,101,0,31,130,4,165,134,10,144,309
05/02/2001,BKL,OH,AGL,CE,Federal Contract Tower,0,42,58,0,100,0,2,110,0,112,0,44,168,0,212,130,0,130,342
05/03/2001,BKL,OH,AGL,CE,Federal Contract Tower,1,35,47,2,85,0,11,116,2,129,1,46,163,4,214,162,0,162,376
05/04/2001,BKL,OH,AGL,CE,Federal Contract Tower,1,26,44,0,71,0,5,87,4,96,1,31,131,4,167,208,4,212,379
05/05/2001,BKL,OH,AGL,CE,Federal Contract Tower,0,7,12,0,19,0,1,74,0,75,0,8,86,0,94,18,0,18,112
05/06/2001,BKL,OH,AGL,CE,Federal Contract Tower,1,4,14,2,21,0,0,112,3,115,1,4,126,5,136,102,0,102,238
05/07/2001,BKL,OH,AGL,CE,Federal Contract Tower,2,13,45,0,60,0,4,63,0,67,2,17,108,0,127,48,0,48,175
05/08/2001,BKL,OH,AGL,CE,Federal Contract Tower,0,30,57,2,89,0,9,79,0,88,0,39,136,2,177,82,2,84,261
05/09/2001,BKL,OH,AGL,CE,Federal Contract Tower,0,29,55,0,84,0,1,97,0,98,0,30,152,0,182,132,0,132,314
05/10/2001,BKL,OH,AGL,CE,Federal Contract Tower,0,29,65,0,94,0,4,119,3,126,0,33,184,3,220,136,0,136,356
05/11/2001,BKL,OH,AGL,CE,Federal Contract Tower,0,36,39,0,75,0,5,111,1,117,0,41,150,1,192,98,0,98,290
05/12/2001,BKL,OH,AGL,CE,Federal Contract Tower,0,3,24,1,28,0,1,61,3,65,0,4,85,4,93,8,2,10,103
05/13/2001,BKL,OH,AGL,CE,Federal Contract Tower,0,4,9,1,14,0,2,125,0,127,0,6,134,1,141,120,0,120,261
05/14/2001,BKL,OH,AGL,CE,Federal Contract Tower,0,13,37,0,50,0,2,98,0,100,0,15,135,0,150,138,0,138,288
05/15/2001,BKL,OH,AGL,CE,Federal Contract Tower,0,36,46,0,82,0,9,84,0,93,0,45,130,0,175,40,0,40,215
05/16/2001,BKL,OH,AGL,CE,Federal Contract Tower,0,33,60,0,93,0,2,70,0,72,0,35,130,0,165,120,0,120,285
05/17/2001,BKL,OH,AGL,CE,Federal Contract Tower,0,31,71,0,102,0,3,32,2,37,0,34,103,2,139,96,0,96,235
05/18/2001,BKL,OH,AGL,CE,Federal Contract Tower,0,36,45,0,81,0,4,14,0,18,0,40,59,0,99,0,0,0,99
05/19/2001,BKL,OH,AGL,CE,Federal Contract Tower,0,1,40,0,41,0,1,259,0,260,0,2,299,0,301,100,0,100,401
05/20/2001,BKL,OH,AGL,CE,Federal Contract Tower,2,2,37,0,41,0,0,89,0,89,2,2,126,0,130,48,0,48,178
05/21/2001,BKL,OH,AGL,CE,Federal Contract Tower,0,14,24,0,38,0,2,49,0,51,0,16,73,0,89,46,0,46,135
05/22/2001,BKL,OH,AGL,CE,Federal Contract Tower,0,30,50,0,80,0,11,84,0,95,0,41,134,0,175,148,0,148,323
05/23/2001,BKL,OH,AGL,CE,Federal Contract Tower,0,41,45,8,94,0,12,131,6,149,0,53,176,14,243,94,0,94,337
05/24/2001,BKL,OH,AGL,CE,Federal Contract Tower,2,30,70,0,102,0,0,73,1,74,2,30,143,1,176,100,2,102,278
05/25/2001,BKL,OH,AGL,CE,Federal Contract Tower,0,21,33,0,54,0,11,120,0,131,0,32,153,0,185,138,0,138,323
05/26/2001,BKL,OH,AGL,CE,Federal Contract Tower,0,3,11,0,14,0,1,74,0,75,0,4,85,0,89,72,0,72,161
05/27/2001,BKL,OH,AGL,CE,Federal Contract Tower,0,0,8,0,8,0,0,58,2,60,0,0,66,2,68,36,4,40,108
05/28/2001,BKL,OH,AGL,CE,Federal Contract Tower,0,6,15,3,24,0,3,40,1,44,0,9,55,4,68,70,2,72,140
05/29/2001,BKL,OH,AGL,CE,Federal Contract Tower,0,19,56,0,75,0,24,141,2,167,0,43,197,2,242,152,0,152,394
05/30/2001,BKL,OH,AGL,CE,Federal Contract Tower,0,37,39,2,78,0,11,222,0,233,0,48,261,2,311,216,0,216,527
05/31/2001,BKL,OH,AGL,CE,Federal Contract Tower,0,26,56,2,84,0,5,134,0,139,0,31,190,2,223,104,2,106,329
06/01/2001,BKL,OH,AGL,CE,Federal Contract Tower,0,32,40,0,72,0,3,59,2,64,0,35,99,2,136,8,4,12,148
06/02/2001,BKL,OH,AGL,CE,Federal Contract Tower,0,3,23,0,26,0,2,29,0,31,0,5,52,0,57,42,0,42,99
06/03/2001,BKL,OH,AGL,CE,Federal Contract Tower,0,7,24,0,31,0,3,42,0,45,0,10,66,0,76,22,0,22,98
06/04/2001,BKL,OH,AGL,CE,Federal Contract Tower,0,11,61,0,72,0,10,113,0,123,0,21,174,0,195,36,2,38,233
06/05/2001,BKL,OH,AGL,CE,Federal Contract Tower,0,26,72,0,98,0,10,113,0,123,0,36,185,0,221,96,0,96,317
06/06/2001,BKL,OH,AGL,CE,Federal Contract Tower,0,32,45,0,77,0,13,95,0,108,0,45,140,0,185,104,0,104,289
06/07/2001,BKL,OH,AGL,CE,Federal Contract Tower,2,27,59,4,92,0,8,164,0,172,2,35,223,4,264,182,2,184,448
06/08/2001,BKL,OH,AGL,CE,Federal Contract Tower,0,22,36,0,58,0,12,223,0,235,0,34,259,0,293,120,8,128,421
06/09/2001,BKL,OH,AGL,CE,Federal Contract Tower,0,2,29,0,31,0,4,145,0,149,0,6,174,0,180,130,0,130,310
06/10/2001,BKL,OH,AGL,CE,Federal Contract Tower,2,5,20,0,27,0,5,132,0,137,2,10,152,0,164,94,0,94,258
06/11/2001,BKL,OH,AGL,CE,Federal Contract Tower,0,18,44,2,64,0,8,108,2,118,0,26,152,4,182,132,6,138,320
06/12/2001,BKL,OH,AGL,CE,Federal Contract Tower,0,24,72,0,96,0,10,166,8,184,0,34,238,8,280,172,0,172,452
06/13/2001,BKL,OH,AGL,CE,Federal Contract Tower,0,28,42,0,70,0,3,193,0,196,0,31,235,0,266,116,0,116,382
06/14/2001,BKL,OH,AGL,CE,Federal Contract Tower,0,27,45,2,74,0,5,183,4,192,0,32,228,6,266,98,4,102,368
06/15/2001,BKL,OH,AGL,CE,Federal Contract Tower,0,19,27,0,46,0,10,121,4,135,0,29,148,4,181,20,0,20,201
06/16/2001,BKL,OH,AGL,CE,Federal Contract Tower,0,3,21,0,24,0,0,116,0,116,0,3,137,0,140,48,0,48,188
06/17/2001,BKL,OH,AGL,CE,Federal Contract Tower,0,6,28,0,34,0,7,182,0,189,0,13,210,0,223,50,0,50,273
06/18/2001,BKL,OH,AGL,CE,Federal Contract Tower,0,13,30,0,43,0,6,147,0,153,0,19,177,0,196,24,0,24,220
06/19/2001,BKL,OH,AGL,CE,Federal Contract Tower,0,40,58,0,98,0,7,115,0,122,0,47,173,0,220,122,0,122,342
06/20/2001,BKL,OH,AGL,CE,Federal Contract Tower,0,25,52,0,77,0,7,154,0,161,0,32,206,0,238,134,0,134,372
06/21/2001,BKL,OH,AGL,CE,Federal Contract Tower,0,28,44,0,72,0,1,72,0,73,0,29,116,0,145,24,0,24,169
06/22/2001,BKL,OH,AGL,CE,Federal Contract Tower,0,17,57,0,74,0,3,93,0,96,0,20,150,0,170,38,2,40,210
06/23/2001,BKL,OH,AGL,CE,Federal Contract Tower,0,2,35,0,37,0,21,190,0,211,0,23,225,0,248,50,0,50,298
06/24/2001,BKL,OH,AGL,CE,Federal Contract Tower,0,5,36,0,41,0,9,167,2,178,0,14,203,2,219,86,0,86,305
06/25/2001,BKL,OH,AGL,CE,Federal Contract Tower,0,14,40,2,56,0,6,130,0,136,0,20,170,2,192,56,0,56,248
06/26/2001,BKL,OH,AGL,CE,Federal Contract Tower,0,31,45,4,80,0,18,139,2,159,0,49,184,6,239,43,2,45,284
06/27/2001,BKL,OH,AGL,CE,Federal Contract Tower,0,31,33,0,64,0,13,93,0,106,0,44,126,0,170,6,0,6,176
06/28/2001,BKL,OH,AGL,CE,Federal Contract Tower,1,29,47,6,83,0,6,145,4,155,1,35,192,10,238,12,6,18,256
06/29/2001,BKL,OH,AGL,CE,Federal Contract Tower,0,8,1,0,9,0,14,62,0,76,0,22,63,0,85,44,0,44,129
06/30/2001,BKL,OH,AGL,CE,Federal Contract Tower,0,0,0,0,0,0,13,34,0,47,0,13,34,0,47,46,0,46,93
07/01/2001,BKL,OH,AGL,CE,Federal Contract Tower,0,3,5,0,8,0,1,63,2,66,0,4,68,2,74,0,0,0,74
07/02/2001,BKL,OH,AGL,CE,Federal Contract Tower,1,9,23,2,35,0,5,93,0,98,1,14,116,2,133,68,6,74,207
07/03/2001,BKL,OH,AGL,CE,Federal Contract Tower,0,17,37,2,56,0,5,113,0,118,0,22,150,2,174,90,0,90,264
07/04/2001,BKL,OH,AGL,CE,Federal Contract Tower,0,12,7,0,19,0,4,48,0,52,0,16,55,0,71,60,0,60,131
07/05/2001,BKL,OH,AGL,CE,Federal Contract Tower,0,8,23,3,34,0,10,145,1,156,0,18,168,4,190,190,0,190,380
07/06/2001,BKL,OH,AGL,CE,Federal Contract Tower,0,17,30,0,47,0,6,140,0,146,0,23,170,0,193,132,0,132,325
07/07/2001,BKL,OH,AGL,CE,Federal Contract Tower,0,3,22,0,25,0,24,77,0,101,0,27,99,0,126,88,0,88,214
07/08/2001,BKL,OH,AGL,CE,Federal Contract Tower,0,3,52,0,55,0,7,122,0,129,0,10,174,0,184,54,0,54,238
07/09/2001,BKL,OH,AGL,CE,Federal Contract Tower,0,13,33,0,46,0,6,102,0,108,0,19,135,0,154,104,0,104,258
07/10/2001,BKL,OH,AGL,CE,Federal Contract Tower,0,26,47,2,75,0,6,135,0,141,0,32,182,2,216,132,8,140,356
07/11/2001,BKL,OH,AGL,CE,Federal Contract Tower,0,24,39,0,63,0,26,184,6,216,0,50,223,6,279,152,8,160,439
07/12/2001,BKL,OH,AGL,CE,Federal Contract Tower,0,35,41,1,77,0,33,195,0,228,0,68,236,1,305,162,0,162,467
07/13/2001,BKL,OH,AGL,CE,Federal Contract Tower,0,26,43,1,70,0,19,212,8,239,0,45,255,9,309,210,0,210,519
07/14/2001,BKL,OH,AGL,CE,Federal Contract Tower,0,4,23,0,27,0,34,196,14,244,0,38,219,14,271,204,0,204,475
07/15/2001,BKL,OH,AGL,CE,Federal Contract Tower,0,8,30,0,38,0,3,197,0,200,0,11,227,0,238,240,0,240,478
07/16/2001,BKL,OH,AGL,CE,Federal Contract Tower,0,16,44,0,60,0,5,132,5,142,0,21,176,5,202,180,0,180,382
07/17/2001,BKL,OH,AGL,CE,Federal Contract Tower,0,36,37,0,73,0,13,189,0,202,0,49,226,0,275,110,0,110,385
07/18/2001,BKL,OH,AGL,CE,Federal Contract Tower,0,38,62,2,102,0,20,130,0,150,0,58,192,2,252,224,0,224,476
07/19/2001,BKL,OH,AGL,CE,Federal Contract Tower,2,36,71,0,109,0,39,101,0,140,2,75,172,0,249,122,0,122,371
07/20/2001,BKL,OH,AGL,CE,Federal Contract Tower,3,21,44,2,70,1,14,128,0,143,4,35,172,2,213,182,0,182,395
07/21/2001,BKL,OH,AGL,CE,Federal Contract Tower,0,6,32,2,40,0,22,116,0,138,0,28,148,2,178,234,0,234,412
07/22/2001,BKL,OH,AGL,CE,Federal Contract Tower,4,1,36,0,41,0,11,124,0,135,4,12,160,0,176,220,2,222,398
07/23/2001,BKL,OH,AGL,CE,Federal Contract Tower,0,17,56,0,73,0,14,91,2,107,0,31,147,2,180,146,0,146,326
07/24/2001,BKL,OH,AGL,CE,Federal Contract Tower,0,38,53,0,91,0,30,134,1,165,0,68,187,1,256,254,0,254,510
07/25/2001,BKL,OH,AGL,CE,Federal Contract Tower,0,22,51,0,73,0,13,129,0,142,0,35,180,0,215,68,0,68,283
07/26/2001,BKL,OH,AGL,CE,Federal Contract Tower,2,21,42,0,65,0,1,137,0,138,2,22,179,0,203,158,0,158,361
07/27/2001,BKL,OH,AGL,CE,Federal Contract Tower,0,22,54,0,76,0,3,174,0,177,0,25,228,0,253,78,0,78,331
07/28/2001,BKL,OH,AGL,CE,Federal Contract Tower,0,1,20,0,21,0,12,130,0,142,0,13,150,0,163,146,0,146,309
07/29/2001,BKL,OH,AGL,CE,Federal Contract Tower,0,1,22,0,23,0,3,106,2,111,0,4,128,2,134,132,0,132,266
07/30/2001,BKL,OH,AGL,CE,Federal Contract Tower,1,12,34,0,47,0,4,124,1,129,1,16,158,1,176,212,0,212,388
07/31/2001,BKL,OH,AGL,CE,Federal Contract Tower,0,27,45,0,72,0,20,200,0,220,0,47,245,0,292,260,0,260,552
08/01/2001,BKL,OH,AGL,CE,Federal Contract Tower,0,30,57,1,88,0,12,163,3,178,0,42,220,4,266,224,2,226,492
08/02/2001,BKL,OH,AGL,CE,Federal Contract Tower,2,26,51,1,80,0,18,159,3,180,2,44,210,4,260,178,0,178,438
08/03/2001,BKL,OH,AGL,CE,Federal Contract Tower,0,23,40,1,64,0,9,88,2,99,0,32,128,3,163,76,0,76,239
08/04/2001,BKL,OH,AGL,CE,Federal Contract Tower,1,1,32,4,38,0,9,196,5,210,1,10,228,9,248,114,0,114,362
08/05/2001,BKL,OH,AGL,CE,Federal Contract Tower,0,8,33,2,43,0,3,118,0,121,0,11,151,2,164,148,0,148,312
08/06/2001,BKL,OH,AGL,CE,Federal Contract Tower,0,14,51,0,65,0,10,116,0,126,0,24,167,0,191,136,0,136,327
08/07/2001,BKL,OH,AGL,CE,Federal Contract Tower,0,37,51,0,88,0,8,206,0,214,0,45,257,0,302,184,0,184,486
08/08/2001,BKL,OH,AGL,CE,Federal Contract Tower,0,29,61,4,94,0,15,153,4,172,0,44,214,8,266,190,0,190,456
08/09/2001,BKL,OH,AGL,CE,Federal Contract Tower,0,31,39,4,74,0,10,102,4,116,0,41,141,8,190,92,0,92,282
08/10/2001,BKL,OH,AGL,CE,Federal Contract Tower,0,34,42,0,76,0,10,138,3,151,0,44,180,3,227,200,0,200,427
08/11/2001,BKL,OH,AGL,CE,Federal Contract Tower,0,9,29,0,38,0,8,184,0,192,0,17,213,0,230,54,0,54,284
08/12/2001,BKL,OH,AGL,CE,Federal Contract Tower,0,7,38,2,47,0,11,213,2,226,0,18,251,4,273,54,0,54,327
08/13/2001,BKL,OH,AGL,CE,Federal Contract Tower,0,14,43,3,60,0,15,88,2,105,0,29,131,5,165,120,4,124,289
08/14/2001,BKL,OH,AGL,CE,Federal Contract Tower,0,31,34,0,65,0,19,172,0,191,0,50,206,0,256,222,2,224,480
08/15/2001,BKL,OH,AGL,CE,Federal Contract Tower,0,28,55,2,85,0,6,166,8,180,0,34,221,10,265,224,12,236,501
08/16/2001,BKL,OH,AGL,CE,Federal Contract Tower,0,28,52,1,81,0,9,104,0,113,0,37,156,1,194,164,0,164,358
08/17/2001,BKL,OH,AGL,CE,Federal Contract Tower,0,32,42,2,76,0,6,111,0,117,0,38,153,2,193,124,6,130,323
08/18/2001,BKL,OH,AGL,CE,Federal Contract Tower,0,1,18,0,19,0,1,130,2,133,0,2,148,2,152,138,2,140,292
08/19/2001,BKL,OH,AGL,CE,Federal Contract Tower,0,1,26,1,28,0,3,68,1,72,0,4,94,2,100,120,0,120,220
08/20/2001,BKL,OH,AGL,CE,Federal Contract Tower,0,11,55,0,66,0,7,57,0,64,0,18,112,0,130,46,0,46,176
08/21/2001,BKL,OH,AGL,CE,Federal Contract Tower,0,30,53,3,86,0,5,164,3,172,0,35,217,6,258,118,8,126,384
08/22/2001,BKL,OH,AGL,CE,Federal Contract Tower,0,28,42,2,72,0,7,151,4,162,0,35,193,6,234,198,0,198,432
08/23/2001,BKL,OH,AGL,CE,Federal Contract Tower,0,28,59,0,87,0,12,67,0,79,0,40,126,0,166,216,0,216,382
08/24/2001,BKL,OH,AGL,CE,Federal Contract Tower,0,27,58,0,85,0,4,85,16,105,0,31,143,16,190,72,0,72,262
08/25/2001,BKL,OH,AGL,CE,Federal Contract Tower,0,3,19,4,26,0,12,93,0,105,0,15,112,4,131,50,4,54,185
08/26/2001,BKL,OH,AGL,CE,Federal Contract Tower,0,4,15,0,19,0,5,54,0,59,0,9,69,0,78,16,0,16,94
08/27/2001,BKL,OH,AGL,CE,Federal Contract Tower,0,15,53,0,68,0,10,111,0,121,0,25,164,0,189,120,0,120,309
08/28/2001,BKL,OH,AGL,CE,Federal Contract Tower,0,37,67,0,104,0,8,122,0,130,0,45,189,0,234,112,0,112,346
08/29/2001,BKL,OH,AGL,CE,Federal Contract Tower,0,21,59,6,86,0,11,172,19,202,0,32,231,25,288,54,0,54,342
08/30/2001,BKL,OH,AGL,CE,Federal Contract Tower,2,26,39,8,75,0,2,172,11,185,2,28,211,19,260,76,8,84,344
08/31/2001,BKL,OH,AGL,CE,Federal Contract Tower,1,20,29,28,78,0,5,117,0,122,1,25,146,28,200,28,70,98,298
09/01/2001,BKL,OH,AGL,CE,Federal Contract Tower,2,0,4,2,8,0,2,63,0,65,2,2,67,2,73,28,18,46,119
09/02/2001,BKL,OH,AGL,CE,Federal Contract Tower,0,0,1,0,1,0,4,36,0,40,0,4,37,0,41,10,0,10,51
09/03/2001,BKL,OH,AGL,CE,Federal Contract Tower,2,0,4,10,16,0,15,50,18,83,2,15,54,28,99,24,2,26,125
09/04/2001,BKL,OH,AGL,CE,Federal Contract Tower,1,13,37,2,53,0,33,164,0,197,1,46,201,2,250,118,22,140,390
09/05/2001,BKL,OH,AGL,CE,Federal Contract Tower,0,39,35,1,75,0,7,137,7,151,0,46,172,8,226,134,0,134,360
09/06/2001,BKL,OH,AGL,CE,Federal Contract Tower,1,31,47,0,79,0,2,173,0,175,1,33,220,0,254,174,0,174,428
09/07/2001,BKL,OH,AGL,CE,Federal Contract Tower,0,30,37,2,69,0,5,96,1,102,0,35,133,3,171,64,0,64,235
09/08/2001,BKL,OH,AGL,CE,Federal Contract Tower,0,12,37,0,49,0,7,69,0,76,0,19,106,0,125,56,0,56,181
09/09/2001,BKL,OH,AGL,CE,Federal Contract Tower,1,12,76,0,89,0,13,127,4,144,1,25,203,4,233,100,0,100,333
09/10/2001,BKL,OH,AGL,CE,Federal Contract Tower,0,19,59,3,81,0,15,110,0,125,0,34,169,3,206,80,6,86,292
09/11/2001,BKL,OH,AGL,CE,Federal Contract Tower,1,21,16,0,38,0,17,39,0,56,1,38,55,0,94,10,0,10,104
09/12/2001,BKL,OH,AGL,CE,Federal Contract Tower,0,2,0,0,2,0,9,42,0,51,0,11,42,0,53,0,0,0,53
09/13/2001,BKL,OH,AGL,CE,Federal Contract Tower,0,9,0,3,12,0,1,16,0,17,0,10,16,3,29,32,0,32,61
09/14/2001,BKL,OH,AGL,CE,Federal Contract Tower,0,25,9,0,34,0,10,74,0,84,0,35,83,0,118,146,0,146,264
09/15/2001,BKL,OH,AGL,CE,Federal Contract Tower,0,15,19,2,36,0,16,32,0,48,0,31,51,2,84,20,0,20,104
09/16/2001,BKL,OH,AGL,CE,Federal Contract Tower,0,36,33,0,69,0,10,28,2,40,0,46,61,2,109,4,0,4,113
09/17/2001,BKL,OH,AGL,CE,Federal Contract Tower,0,19,40,0,59,0,26,22,0,48,0,45,62,0,107,4,0,4,111
09/18/2001,BKL,OH,AGL,CE,Federal Contract Tower,0,39,41,0,80,0,19,18,0,37,0,58,59,0,117,0,0,0,117
09/19/2001,BKL,OH,AGL,CE,Federal Contract Tower,0,45,26,0,71,0,11,22,0,33,0,56,48,0,104,0,0,0,104
09/20/2001,BKL,OH,AGL,CE,Federal Contract Tower,0,38,67,0,105,0,17,50,0,67,0,55,117,0,172,0,0,0,172
09/21/2001,BKL,OH,AGL,CE,Federal Contract Tower,0,41,44,0,85,0,1,36,0,37,0,42,80,0,122,0,0,0,122
09/22/2001,BKL,OH,AGL,CE,Federal Contract Tower,0,14,46,0,60,0,1,40,0,41,0,15,86,0,101,22,0,22,123
09/23/2001,BKL,OH,AGL,CE,Federal Contract Tower,0,7,48,0,55,0,2,41,0,43,0,9,89,0,98,32,0,32,130
09/24/2001,BKL,OH,AGL,CE,Federal Contract Tower,0,43,51,0,94,0,4,8,0,12,0,47,59,0,106,28,0,28,134
09/25/2001,BKL,OH,AGL,CE,Federal Contract Tower,0,54,72,0,126,0,17,41,0,58,0,71,113,0,184,12,0,12,196
09/26/2001,BKL,OH,AGL,CE,Federal Contract Tower,0,37,48,0,85,0,18,58,0,76,0,55,106,0,161,56,0,56,217
09/27/2001,BKL,OH,AGL,CE,Federal Contract Tower,0,39,49,0,88,0,23,75,0,98,0,62,124,0,186,88,0,88,274
09/28/2001,BKL,OH,AGL,CE,Federal Contract Tower,0,36,71,2,109,0,23,82,0,105,0,59,153,2,214,78,2,80,294
09/29/2001,BKL,OH,AGL,CE,Federal Contract Tower,0,1,28,0,29,0,7,56,0,63,0,8,84,0,92,30,0,30,122
09/30/2001,BKL,OH,AGL,CE,Federal Contract Tower,0,6,49,0,55,0,4,80,0,84,0,10,129,0,139,48,0,48,187
10/01/2001,BKL,OH,AGL,CE,Federal Contract Tower,0,14,57,0,71,0,16,99,0,115,0,30,156,0,186,110,0,110,296
10/02/2001,BKL,OH,AGL,CE,Federal Contract Tower,0,26,57,0,83,0,4,132,0,136,0,30,189,0,219,300,0,300,519
10/03/2001,BKL,OH,AGL,CE,Federal Contract Tower,0,33,66,2,101,0,9,99,0,108,0,42,165,2,209,152,0,152,361
10/04/2001,BKL,OH,AGL,CE,Federal Contract Tower,0,39,55,3,97,0,13,66,6,85,0,52,121,9,182,76,0,76,258
10/05/2001,BKL,OH,AGL,CE,Federal Contract Tower,0,25,30,0,55,0,7,16,0,23,0,32,46,0,78,32,0,32,110
10/06/2001,BKL,OH,AGL,CE,Federal Contract Tower,0,7,18,0,25,0,3,48,0,51,0,10,66,0,76,26,0,26,102
10/07/2001,BKL,OH,AGL,CE,Federal Contract Tower,0,8,69,0,77,0,8,51,0,59,0,16,120,0,136,50,0,50,186
10/08/2001,BKL,OH,AGL,CE,Federal Contract Tower,0,13,47,0,60,0,4,97,0,101,0,17,144,0,161,198,0,198,359
10/09/2001,BKL,OH,AGL,CE,Federal Contract Tower,0,27,49,0,76,0,2,94,1,97,0,29,143,1,173,122,0,122,295
10/10/2001,BKL,OH,AGL,CE,Federal Contract Tower,0,30,45,0,75,0,18,110,0,128,0,48,155,0,203,84,0,84,287
10/11/2001,BKL,OH,AGL,CE,Federal Contract Tower,0,31,44,3,78,0,17,49,1,67,0,48,93,4,145,128,8,136,281
10/12/2001,BKL,OH,AGL,CE,Federal Contract Tower,0,29,54,0,83,0,17,33,0,50,0,46,87,0,133,52,0,52,185
10/13/2001,BKL,OH,AGL,CE,Federal Contract Tower,0,7,12,0,19,0,8,65,0,73,0,15,77,0,92,44,0,44,136
10/14/2001,BKL,OH,AGL,CE,Federal Contract Tower,0,4,18,0,22,0,2,22,0,24,0,6,40,0,46,6,0,6,52
10/15/2001,BKL,OH,AGL,CE,Federal Contract Tower,0,21,53,0,74,0,13,75,0,88,0,34,128,0,162,94,0,94,256
10/16/2001,BKL,OH,AGL,CE,Federal Contract Tower,0,35,30,0,65,0,12,41,4,57,0,47,71,4,122,6,0,6,128
10/17/2001,BKL,OH,AGL,CE,Federal Contract Tower,0,38,57,0,95,0,23,54,4,81,0,61,111,4,176,16,0,16,192
10/18/2001,BKL,OH,AGL,CE,Federal Contract Tower,0,39,69,0,108,0,20,159,0,179,0,59,228,0,287,160,0,160,447
10/19/2001,BKL,OH,AGL,CE,Federal Contract Tower,0,24,51,0,75,0,9,70,0,79,0,33,121,0,154,166,0,166,320
10/20/2001,BKL,OH,AGL,CE,Federal Contract Tower,0,15,25,0,40,0,7,110,2,119,0,22,135,2,159,76,0,76,235
10/21/2001,BKL,OH,AGL,CE,Federal Contract Tower,0,19,55,0,74,0,6,52,0,58,0,25,107,0,132,22,0,22,154
10/22/2001,BKL,OH,AGL,CE,Federal Contract Tower,0,21,42,0,63,0,3,68,0,71,0,24,110,0,134,84,0,84,218
10/23/2001,BKL,OH,AGL,CE,Federal Contract Tower,0,41,52,4,97,0,22,89,0,111,0,63,141,4,208,64,0,64,272
10/24/2001,BKL,OH,AGL,CE,Federal Contract Tower,0,30,58,0,88,0,33,142,0,175,0,63,200,0,263,218,0,218,481
10/25/2001,BKL,OH,AGL,CE,Federal Contract Tower,0,48,30,0,78,0,12,40,0,52,0,60,70,0,130,12,0,12,142
10/26/2001,BKL,OH,AGL,CE,Federal Contract Tower,0,34,43,0,77,0,12,25,0,37,0,46,68,0,114,16,0,16,130
10/27/2001,BKL,OH,AGL,CE,Federal Contract Tower,0,6,5,4,15,0,6,43,0,49,0,12,48,4,64,56,0,56,120
10/28/2001,BKL,OH,AGL,CE,Federal Contract Tower,0,4,30,0,34,0,12,87,6,105,0,16,117,6,139,202,0,202,341
10/29/2001,BKL,OH,AGL,CE,Federal Contract Tower,0,11,72,0,83,0,14,132,0,146,0,25,204,0,229,108,0,108,337
10/30/2001,BKL,OH,AGL,CE,Federal Contract Tower,0,38,56,0,94,0,28,120,0,148,0,66,176,0,242,226,0,226,468
10/31/2001,BKL,OH,AGL,CE,Federal Contract Tower,0,43,47,0,90,0,16,113,2,131,0,59,160,2,221,110,0,110,331
11/01/2001,BKL,OH,AGL,CE,Federal Contract Tower,0,43,45,0,88,0,27,78,2,107,0,70,123,2,195,102,0,102,297
11/02/2001,BKL,OH,AGL,CE,Federal Contract Tower,0,34,25,0,59,0,16,41,0,57,0,50,66,0,116,64,0,64,180
11/03/2001,BKL,OH,AGL,CE,Federal Contract Tower,0,3,18,1,22,0,5,136,1,142,0,8,154,2,164,250,0,250,414
11/04/2001,BKL,OH,AGL,CE,Federal Contract Tower,0,11,26,1,38,0,5,92,0,97,0,16,118,1,135,172,0,172,307
11/05/2001,BKL,OH,AGL,CE,Federal Contract Tower,0,37,45,2,84,0,30,70,0,100,0,67,115,2,184,124,0,124,308
11/06/2001,BKL,OH,AGL,CE,Federal Contract Tower,0,44,46,2,92,0,27,124,0,151,0,71,170,2,243,160,0,160,403
11/07/2001,BKL,OH,AGL,CE,Federal Contract Tower,0,36,38,0,74,0,16,110,0,126,0,52,148,0,200,252,0,252,452
11/08/2001,BKL,OH,AGL,CE,Federal Contract Tower,0,40,56,0,96,0,3,60,0,63,0,43,116,0,159,106,0,106,265
11/09/2001,BKL,OH,AGL,CE,Federal Contract Tower,0,30,35,0,65,0,6,119,0,125,0,36,154,0,190,188,0,188,378
11/10/2001,BKL,OH,AGL,CE,Federal Contract Tower,0,4,23,0,27,0,12,160,2,174,0,16,183,2,201,122,0,122,323
11/11/2001,BKL,OH,AGL,CE,Federal Contract Tower,0,23,64,0,87,0,20,130,0,150,0,43,194,0,237,88,0,88,325
11/12/2001,BKL,OH,AGL,CE,Federal Contract Tower,0,15,37,2,54,0,21,127,0,148,0,36,164,2,202,272,0,272,474
11/13/2001,BKL,OH,AGL,CE,Federal Contract Tower,1,31,68,9,109,0,15,100,0,115,1,46,168,9,224,132,2,134,358
11/14/2001,BKL,OH,AGL,CE,Federal Contract Tower,1,41,61,0,103,0,14,90,0,104,1,55,151,0,207,162,0,162,369
11/15/2001,BKL,OH,AGL,CE,Federal Contract Tower,0,43,56,0,99,0,26,127,2,155,0,69,183,2,254,168,0,168,422
11/16/2001,BKL,OH,AGL,CE,Federal Contract Tower,0,37,50,0,87,0,9,2,0,11,0,46,52,0,98,16,0,16,114
11/17/2001,BKL,OH,AGL,CE,Federal Contract Tower,0,13,32,0,45,0,5,53,0,58,0,18,85,0,103,108,0,108,211
11/18/2001,BKL,OH,AGL,CE,Federal Contract Tower,0,7,25,2,34,0,25,111,0,136,0,32,136,2,170,162,0,162,332
11/19/2001,BKL,OH,AGL,CE,Federal Contract Tower,0,28,56,0,84,0,17,30,0,47,0,45,86,0,131,62,0,62,193
11/20/2001,BKL,OH,AGL,CE,Federal Contract Tower,0,38,49,2,89,0,5,103,0,108,0,43,152,2,197,150,0,150,347
11/21/2001,BKL,OH,AGL,CE,Federal Contract Tower,0,25,46,6,77,0,22,151,2,175,0,47,197,8,252,90,8,98,350
11/22/2001,BKL,OH,AGL,CE,Federal Contract Tower,0,13,7,0,20,0,8,37,0,45,0,21,44,0,65,14,0,14,79
11/23/2001,BKL,OH,AGL,CE,Federal Contract Tower,0,8,19,0,27,0,15,121,0,136,0,23,140,0,163,170,0,170,333
11/24/2001,BKL,OH,AGL,CE,Federal Contract Tower,0,4,9,0,13,0,6,68,0,74,0,10,77,0,87,72,0,72,159
11/25/2001,BKL,OH,AGL,CE,Federal Contract Tower,0,13,42,0,55,0,1,36,0,37,0,14,78,0,92,28,0,28,120
11/26/2001,BKL,OH,AGL,CE,Federal Contract Tower,0,17,52,0,69,0,13,104,0,117,0,30,156,0,186,124,0,124,310
11/27/2001,BKL,OH,AGL,CE,Federal Contract Tower,0,31,43,0,74,0,21,30,0,51,0,52,73,0,125,54,0,54,179
11/28/2001,BKL,OH,AGL,CE,Federal Contract Tower,0,40,42,0,82,0,12,37,0,49,0,52,79,0,131,30,0,30,161
11/29/2001,BKL,OH,AGL,CE,Federal Contract Tower,2,43,43,0,88,0,8,14,0,22,2,51,57,0,110,0,0,0,110
11/30/2001,BKL,OH,AGL,CE,Federal Contract Tower,0,28,44,0,72,0,14,71,80,165,0,42,115,80,237,0,0,0,237
12/01/2001,BKL,OH,AGL,CE,Federal Contract Tower,0,14,33,0,47,0,3,95,0,98,0,17,128,0,145,242,2,244,389
12/02/2001,BKL,OH,AGL,CE,Federal Contract Tower,0,6,55,0,61,0,9,99,0,108,0,15,154,0,169,74,0,74,243
12/03/2001,BKL,OH,AGL,CE,Federal Contract Tower,1,16,49,0,66,0,11,111,0,122,1,27,160,0,188,80,0,80,268
12/04/2001,BKL,OH,AGL,CE,Federal Contract Tower,1,33,51,0,85,0,6,94,0,100,1,39,145,0,185,52,0,52,237
12/05/2001,BKL,OH,AGL,CE,Federal Contract Tower,0,32,47,2,81,0,16,96,0,112,0,48,143,2,193,108,6,114,307
12/06/2001,BKL,OH,AGL,CE,Federal Contract Tower,0,27,44,2,73,0,24,72,0,96,0,51,116,2,169,134,0,134,303
12/07/2001,BKL,OH,AGL,CE,Federal Contract Tower,0,21,49,0,70,0,20,70,0,90,0,41,119,0,160,154,0,154,314
12/08/2001,BKL,OH,AGL,CE,Federal Contract Tower,0,1,23,0,24,0,3,57,0,60,0,4,80,0,84,119,0,119,203
12/09/2001,BKL,OH,AGL,CE,Federal Contract Tower,0,0,19,0,19,0,2,60,0,62,0,2,79,0,81,144,0,144,225
12/10/2001,BKL,OH,AGL,CE,Federal Contract Tower,0,21,25,2,48,0,4,92,0,96,0,25,117,2,144,80,0,80,224
12/11/2001,BKL,OH,AGL,CE,Federal Contract Tower,0,27,56,0,83,0,16,101,0,117,0,43,157,0,200,154,0,154,354
12/12/2001,BKL,OH,AGL,CE,Federal Contract Tower,0,32,54,2,88,0,15,69,0,84,0,47,123,2,172,112,0,112,284
12/13/2001,BKL,OH,AGL,CE,Federal Contract Tower,0,31,46,1,78,0,8,59,3,70,0,39,105,4,148,36,0,36,184
12/14/2001,BKL,OH,AGL,CE,Federal Contract Tower,0,30,35,0,65,0,4,39,0,43,0,34,74,0,108,2,0,2,110
12/15/2001,BKL,OH,AGL,CE,Federal Contract Tower,0,4,25,0,29,0,3,99,0,102,0,7,124,0,131,162,0,162,293
12/16/2001,BKL,OH,AGL,CE,Federal Contract Tower,0,6,63,0,69,0,2,67,0,69,0,8,130,0,138,12,0,12,150
12/17/2001,BKL,OH,AGL,CE,Federal Contract Tower,0,16,56,0,72,0,0,27,0,27,0,16,83,0,99,0,0,0,99
12/18/2001,BKL,OH,AGL,CE,Federal Contract Tower,0,24,41,0,65,0,11,116,0,127,0,35,157,0,192,112,0,112,304
12/19/2001,BKL,OH,AGL,CE,Federal Contract Tower,0,25,41,3,69,0,34,94,1,129,0,59,135,4,198,52,0,52,250
12/20/2001,BKL,OH,AGL,CE,Federal Contract Tower,0,31,30,0,61,0,15,72,0,87,0,46,102,0,148,2,0,2,150
12/21/2001,BKL,OH,AGL,CE,Federal Contract Tower,0,29,25,0,54,0,14,106,0,120,0,43,131,0,174,112,0,112,286
12/22/2001,BKL,OH,AGL,CE,Federal Contract Tower,0,9,15,0,24,0,1,105,0,106,0,10,120,0,130,72,0,72,202
12/23/2001,BKL,OH,AGL,CE,Federal Contract Tower,0,13,14,0,27,0,5,14,0,19,0,18,28,0,46,4,0,4,50
12/24/2001,BKL,OH,AGL,CE,Federal Contract Tower,0,13,10,0,23,0,8,17,0,25,0,21,27,0,48,8,0,8,56
12/25/2001,BKL,OH,AGL,CE,Federal Contract Tower,0,19,4,0,23,0,12,24,0,36,0,31,28,0,59,8,0,8,67
12/26/2001,BKL,OH,AGL,CE,Federal Contract Tower,0,15,21,0,36,0,21,82,0,103,0,36,103,0,139,26,0,26,165
12/27/2001,BKL,OH,AGL,CE,Federal Contract Tower,0,27,19,0,46,0,4,30,0,34,0,31,49,0,80,6,0,6,86
12/28/2001,BKL,OH,AGL,CE,Federal Contract Tower,0,22,15,0,37,0,9,52,0,61,0,31,67,0,98,24,0,24,122
12/29/2001,BKL,OH,AGL,CE,Federal Contract Tower,0,2,14,0,16,0,0,10,0,10,0,2,24,0,26,16,0,16,42
12/30/2001,BKL,OH,AGL,CE,Federal Contract Tower,0,2,23,0,25,0,0,48,0,48,0,2,71,0,73,58,0,58,131
12/31/2001,BKL,OH,AGL,CE,Federal Contract Tower,0,7,6,0,13,0,4,24,0,28,0,11,30,0,41,30,0,30,71
01/01/2002,BKL,OH,AGL,CE,Federal Contract Tower,0,18,11,0,29,0,3,20,0,23,0,21,31,0,52,20,0,20,72
01/02/2002,BKL,OH,AGL,CE,Federal Contract Tower,0,8,22,2,32,0,12,68,0,80,0,20,90,2,112,46,2,48,160
01/03/2002,BKL,OH,AGL,CE,Federal Contract Tower,0,25,31,0,56,0,7,74,0,81,0,32,105,0,137,86,0,86,223
01/04/2002,BKL,OH,AGL,CE,Federal Contract Tower,0,19,19,0,38,0,5,104,2,111,0,24,123,2,149,54,0,54,203
01/05/2002,BKL,OH,AGL,CE,Federal Contract Tower,0,2,20,0,22,0,2,90,0,92,0,4,110,0,114,74,0,74,188
01/06/2002,BKL,OH,AGL,CE,Federal Contract Tower,0,3,7,0,10,0,0,0,0,0,0,3,7,0,10,2,0,2,12
01/07/2002,BKL,OH,AGL,CE,Federal Contract Tower,0,15,19,0,34,0,3,37,0,40,0,18,56,0,74,8,0,8,82
01/08/2002,BKL,OH,AGL,CE,Federal Contract Tower,0,35,39,6,80,0,9,95,0,104,0,44,134,6,184,28,0,28,212
01/09/2002,BKL,OH,AGL,CE,Federal Contract Tower,0,30,27,0,57,0,9,73,4,86,0,39,100,4,143,46,0,46,189
01/10/2002,BKL,OH,AGL,CE,Federal Contract Tower,0,28,26,2,56,0,7,96,0,103,0,35,122,2,159,116,0,116,275
01/11/2002,BKL,OH,AGL,CE,Federal Contract Tower,0,35,50,2,87,0,16,66,6,88,0,51,116,8,175,14,2,16,191
01/12/2002,BKL,OH,AGL,CE,Federal Contract Tower,0,1,13,0,14,0,5,101,0,106,0,6,114,0,120,78,0,78,198
01/13/2002,BKL,OH,AGL,CE,Federal Contract Tower,0,2,15,3,20,0,6,137,1,144,0,8,152,4,164,84,0,84,248
01/14/2002,BKL,OH,AGL,CE,Federal Contract Tower,0,16,36,0,52,0,4,74,0,78,0,20,110,0,130,44,0,44,174
01/15/2002,BKL,OH,AGL,CE,Federal Contract Tower,0,30,25,0,55,0,7,43,0,50,0,37,68,0,105,10,0,10,115
01/16/2002,BKL,OH,AGL,CE,Federal Contract Tower,0,33,37,4,74,0,10,50,2,62,0,43,87,6,136,36,0,36,172
01/17/2002,BKL,OH,AGL,CE,Federal Contract Tower,0,31,36,0,67,0,4,75,2,81,0,35,111,2,148,86,0,86,234
01/18/2002,BKL,OH,AGL,CE,Federal Contract Tower,0,31,37,0,68,0,24,92,2,118,0,55,129,2,186,80,0,80,266
01/19/2002,BKL,OH,AGL,CE,Federal Contract Tower,0,1,26,0,27,0,1,82,0,83,0,2,108,0,110,240,0,240,350
01/20/2002,BKL,OH,AGL,CE,Federal Contract Tower,1,3,30,0,34,0,9,120,0,129,1,12,150,0,163,170,0,170,333
01/21/2002,BKL,OH,AGL,CE,Federal Contract Tower,1,10,18,0,29,0,4,47,0,51,1,14,65,0,80,48,0,48,128
01/22/2002,BKL,OH,AGL,CE,Federal Contract Tower,0,35,52,0,87,0,17,138,0,155,0,52,190,0,242,82,0,82,324
01/23/2002,BKL,OH,AGL,CE,Federal Contract Tower,0,31,52,0,83,0,7,39,0,46,0,38,91,0,129,156,0,156,285
01/24/2002,BKL,OH,AGL,CE,Federal Contract Tower,0,33,40,0,73,0,4,17,0,21,0,37,57,0,94,8,0,8,102
01/25/2002,BKL,OH,AGL,CE,Federal Contract Tower,0,26,40,0,66,0,13,168,10,191,0,39,208,10,257,166,0,166,423
01/26/2002,BKL,OH,AGL,CE,Federal Contract Tower,0,10,38,2,50,0,19,170,3,192,0,29,208,5,242,188,16,204,446
01/27/2002,BKL,OH,AGL,CE,Federal Contract Tower,0,3,23,0,26,0,4,120,0,124,0,7,143,0,150,110,0,110,260
01/28/2002,BKL,OH,AGL,CE,Federal Contract Tower,0,15,32,0,47,0,8,101,0,109,0,23,133,0,156,170,0,170,326
01/29/2002,BKL,OH,AGL,CE,Federal Contract Tower,0,40,33,0,73,0,5,15,0,20,0,45,48,0,93,12,0,12,105
01/30/2002,BKL,OH,AGL,CE,Federal Contract Tower,0,28,28,0,56,0,0,7,0,7,0,28,35,0,63,0,0,0,63
01/31/2002,BKL,OH,AGL,CE,Federal Contract Tower,0,28,25,0,53,0,1,3,0,4,0,29,28,0,57,0,0,0,57
02/01/2002,BKL,OH,AGL,CE,Federal Contract Tower,0,8,10,0,18,0,19,34,0,53,0,27,44,0,71,0,0,0,71
02/02/2002,BKL,OH,AGL,CE,Federal Contract Tower,1,7,21,0,29,0,0,92,0,92,1,7,113,0,121,94,0,94,215
02/03/2002,BKL,OH,AGL,CE,Federal Contract Tower,0,13,23,0,36,0,0,45,0,45,0,13,68,0,81,64,0,64,145
02/04/2002,BKL,OH,AGL,CE,Federal Contract Tower,0,18,13,0,31,0,0,19,0,19,0,18,32,0,50,4,0,4,54
02/05/2002,BKL,OH,AGL,CE,Federal Contract Tower,0,49,29,0,78,0,14,91,0,105,0,63,120,0,183,100,0,100,283
02/06/2002,BKL,OH,AGL,CE,Federal Contract Tower,0,43,47,0,90,0,10,131,0,141,0,53,178,0,231,164,0,164,395
02/07/2002,BKL,OH,AGL,CE,Federal Contract Tower,0,32,37,2,71,0,13,110,4,127,0,45,147,6,198,210,0,210,408
02/08/2002,BKL,OH,AGL,CE,Federal Contract Tower,0,23,43,0,66,0,3,85,0,88,0,26,128,0,154,58,0,58,212
02/09/2002,BKL,OH,AGL,CE,Federal Contract Tower,0,0,20,0,20,0,2,109,0,111,0,2,129,0,131,98,0,98,229
02/10/2002,BKL,OH,AGL,CE,Federal Contract Tower,0,4,9,0,13,0,0,35,0,35,0,4,44,0,48,56,0,56,104
02/11/2002,BKL,OH,AGL,CE,Federal Contract Tower,1,15,31,0,47,0,10,39,4,53,1,25,70,4,100,46,0,46,146
02/12/2002,BKL,OH,AGL,CE,Federal Contract Tower,1,33,45,0,79,0,15,44,0,59,1,48,89,0,138,12,0,12,150
02/13/2002,BKL,OH,AGL,CE,Federal Contract Tower,0,26,41,0,67,0,8,83,0,91,0,34,124,0,158,114,0,114,272
02/14/2002,BKL,OH,AGL,CE,Federal Contract Tower,0,29,36,0,65,0,16,112,0,128,0,45,148,0,193,70,0,70,263
02/15/2002,BKL,OH,AGL,CE,Federal Contract Tower,0,22,32,0,54,0,12,73,0,85,0,34,105,0,139,44,0,44,183
02/16/2002,BKL,OH,AGL,CE,Federal Contract Tower,0,8,13,0,21,0,4,37,0,41,0,12,50,0,62,68,0,68,130
02/17/2002,BKL,OH,AGL,CE,Federal Contract Tower,0,1,16,0,17,0,0,2,0,2,0,1,18,0,19,2,0,2,21
02/18/2002,BKL,OH,AGL,CE,Federal Contract Tower,0,2,25,0,27,0,2,87,0,89,0,4,112,0,116,156,0,156,272
02/19/2002,BKL,OH,AGL,CE,Federal Contract Tower,0,17,53,0,70,0,19,119,6,144,0,36,172,6,214,84,0,84,298
02/20/2002,BKL,OH,AGL,CE,Federal Contract Tower,0,35,28,0,63,0,27,71,0,98,0,62,99,0,161,8,0,8,169
02/21/2002,BKL,OH,AGL,CE,Federal Contract Tower,0,29,27,0,56,0,7,16,4,27,0,36,43,4,83,32,0,32,115
02/22/2002,BKL,OH,AGL,CE,Federal Contract Tower,0,23,16,2,41,0,18,65,0,83,0,41,81,2,124,20,0,20,144
02/23/2002,BKL,OH,AGL,CE,Federal Contract Tower,0,3,26,2,31,0,10,128,1,139,0,13,154,3,170,240,2,242,412
02/24/2002,BKL,OH,AGL,CE,Federal Contract Tower,0,6,20,0,26,0,7,102,0,109,0,13,122,0,135,160,0,160,295
02/25/2002,BKL,OH,AGL,CE,Federal Contract Tower,1,20,49,0,70,0,4,78,0,82,1,24,127,0,152,40,0,40,192
02/26/2002,BKL,OH,AGL,CE,Federal Contract Tower,1,26,46,2,75,0,7,29,2,38,1,33,75,4,113,0,4,4,117
02/27/2002,BKL,OH,AGL,CE,Federal Contract Tower,0,29,37,0,66,0,10,40,0,50,0,39,77,0,116,20,0,20,136
02/28/2002,BKL,OH,AGL,CE,Federal Contract Tower,2,37,49,0,88,0,19,115,0,134,2,56,164,0,222,68,0,68,290
03/01/2002,BKL,OH,AGL,CE,Federal Contract Tower,0,29,32,0,61,0,7,154,0,161,0,36,186,0,222,174,0,174,396
03/02/2002,BKL,OH,AGL,CE,Federal Contract Tower,2,2,10,0,14,0,2,43,0,45,2,4,53,0,59,26,0,26,85
03/03/2002,BKL,OH,AGL,CE,Federal Contract Tower,1,1,8,0,10,0,6,18,0,24,1,7,26,0,34,4,0,4,38
03/04/2002,BKL,OH,AGL,CE,Federal Contract Tower,1,13,40,0,54,0,5,75,0,80,1,18,115,0,134,54,0,54,188
03/05/2002,BKL,OH,AGL,CE,Federal Contract Tower,4,27,54,0,85,0,13,37,0,50,4,40,91,0,135,132,0,132,267
03/06/2002,BKL,OH,AGL,CE,Federal Contract Tower,0,30,55,2,87,0,10,108,0,118,0,40,163,2,205,110,0,110,315
03/07/2002,BKL,OH,AGL,CE,Federal Contract Tower,0,47,69,0,116,0,16,28,0,44,0,63,97,0,160,92,0,92,252
03/08/2002,BKL,OH,AGL,CE,Federal Contract Tower,0,24,35,0,59,0,8,142,2,152,0,32,177,2,211,68,0,68,279
03/09/2002,BKL,OH,AGL,CE,Federal Contract Tower,0,2,8,0,10,0,7,29,0,36,0,9,37,0,46,20,0,20,66
03/10/2002,BKL,OH,AGL,CE,Federal Contract Tower,0,6,9,0,15,0,5,12,0,17,0,11,21,0,32,8,0,8,40
03/11/2002,BKL,OH,AGL,CE,Federal Contract Tower,0,18,42,0,60,0,8,76,0,84,0,26,118,0,144,118,0,118,262
03/12/2002,BKL,OH,AGL,CE,Federal Contract Tower,0,26,66,0,92,0,2,96,2,100,0,28,162,2,192,158,0,158,350
03/13/2002,BKL,OH,AGL,CE,Federal Contract Tower,0,30,58,0,88,0,23,101,0,124,0,53,159,0,212,162,0,162,374
03/14/2002,BKL,OH,AGL,CE,Federal Contract Tower,0,39,45,0,84,0,12,78,0,90,0,51,123,0,174,148,0,148,322
03/15/2002,BKL,OH,AGL,CE,Federal Contract Tower,0,23,38,0,61,0,5,84,0,89,0,28,122,0,150,136,0,136,286
03/16/2002,BKL,OH,AGL,CE,Federal Contract Tower,0,4,26,0,30,0,8,96,0,104,0,12,122,0,134,232,0,232,366
03/17/2002,BKL,OH,AGL,CE,Federal Contract Tower,0,2,17,0,19,0,8,66,0,74,0,10,83,0,93,86,0,86,179
03/18/2002,BKL,OH,AGL,CE,Federal Contract Tower,0,22,39,0,61,0,14,77,0,91,0,36,116,0,152,90,0,90,242
03/19/2002,BKL,OH,AGL,CE,Federal Contract Tower,0,28,57,0,85,0,17,61,0,78,0,45,118,0,163,74,0,74,237
03/20/2002,BKL,OH,AGL,CE,Federal Contract Tower,1,39,29,0,69,0,0,21,0,21,1,39,50,0,90,30,0,30,120
03/21/2002,BKL,OH,AGL,CE,Federal Contract Tower,0,30,26,0,56,0,2,34,0,36,0,32,60,0,92,0,0,0,92
03/22/2002,BKL,OH,AGL,CE,Federal Contract Tower,1,20,35,2,58,0,9,46,0,55,1,29,81,2,113,32,2,34,147
03/23/2002,BKL,OH,AGL,CE,Federal Contract Tower,0,2,9,0,11,0,0,68,0,68,0,2,77,0,79,82,0,82,161
03/24/2002,BKL,OH,AGL,CE,Federal Contract Tower,0,2,8,0,10,0,0,31,0,31,0,2,39,0,41,70,0,70,111
03/25/2002,BKL,OH,AGL,CE,Federal Contract Tower,0,10,3,0,13,0,1,2,0,3,0,11,5,0,16,0,0,0,16
03/26/2002,BKL,OH,AGL,CE,Federal Contract Tower,0,12,15,0,27,0,0,2,0,2,0,12,17,0,29,4,0,4,33
03/27/2002,BKL,OH,AGL,CE,Federal Contract Tower,0,29,30,2,61,0,0,80,0,80,0,29,110,2,141,130,6,136,277
03/28/2002,BKL,OH,AGL,CE,Federal Contract Tower,0,33,45,0,78,0,10,104,0,114,0,43,149,0,192,162,0,162,354
03/29/2002,BKL,OH,AGL,CE,Federal Contract Tower,0,21,16,0,37,0,13,92,0,105,0,34,108,0,142,182,0,182,324
03/30/2002,BKL,OH,AGL,CE,Federal Contract Tower,2,1,20,0,23,0,3,87,8,98,2,4,107,8,121,90,0,90,211
03/31/2002,BKL,OH,AGL,CE,Federal Contract Tower,0,1,15,0,16,0,0,37,0,37,0,1,52,0,53,44,0,44,97
04/01/2002,BKL,OH,AGL,CE,Federal Contract Tower,1,14,27,0,42,0,0,90,0,90,1,14,117,0,132,192,0,192,324
04/02/2002,BKL,OH,AGL,CE,Federal Contract Tower,1,20,30,0,51,0,5,39,0,44,1,25,69,0,95,52,0,52,147
04/03/2002,BKL,OH,AGL,CE,Federal Contract Tower,0,29,28,0,57,0,7,77,2,86,0,36,105,2,143,98,0,98,241
04/04/2002,BKL,OH,AGL,CE,Federal Contract Tower,0,25,42,0,67,0,7,163,1,171,0,32,205,1,238,124,0,124,362
04/05/2002,BKL,OH,AGL,CE,Federal Contract Tower,0,25,49,4,78,0,2,72,2,76,0,27,121,6,154,68,0,68,222
04/06/2002,BKL,OH,AGL,CE,Federal Contract Tower,0,3,30,0,33,0,14,144,0,158,0,17,174,0,191,276,0,276,467
04/07/2002,BKL,OH,AGL,CE,Federal Contract Tower,0,14,26,0,40,0,6,73,0,79,0,20,99,0,119,76,0,76,195
04/08/2002,BKL,OH,AGL,CE,Federal Contract Tower,0,16,36,0,52,0,4,44,2,50,0,20,80,2,102,76,0,76,178
04/09/2002,BKL,OH,AGL,CE,Federal Contract Tower,0,32,51,0,83,0,7,32,0,39,0,39,83,0,122,76,0,76,198
04/10/2002,BKL,OH,AGL,CE,Federal Contract Tower,2,31,76,2,111,0,11,159,2,172,2,42,235,4,283,210,2,212,495
04/11/2002,BKL,OH,AGL,CE,Federal Contract Tower,2,35,50,2,89,0,21,158,2,181,2,56,208,4,270,168,0,168,438
04/12/2002,BKL,OH,AGL,CE,Federal Contract Tower,0,30,34,0,64,0,26,74,0,100,0,56,108,0,164,74,0,74,238
04/13/2002,BKL,OH,AGL,CE,Federal Contract Tower,0,3,15,0,18,0,0,3,0,3,0,3,18,0,21,0,0,0,21
04/14/2002,BKL,OH,AGL,CE,Federal Contract Tower,0,2,21,0,23,0,0,17,0,17,0,2,38,0,40,2,0,2,42
04/15/2002,BKL,OH,AGL,CE,Federal Contract Tower,0,20,30,3,53,0,2,58,0,60,0,22,88,3,113,92,0,92,205
04/16/2002,BKL,OH,AGL,CE,Federal Contract Tower,0,37,41,3,81,0,12,119,4,135,0,49,160,7,216,166,4,170,386
04/17/2002,BKL,OH,AGL,CE,Federal Contract Tower,0,32,55,0,87,0,12,187,0,199,0,44,242,0,286,78,0,78,364
04/18/2002,BKL,OH,AGL,CE,Federal Contract Tower,0,37,50,2,89,0,13,176,2,191,0,50,226,4,280,178,0,178,458
04/19/2002,BKL,OH,AGL,CE,Federal Contract Tower,0,28,29,2,59,0,18,84,2,104,0,46,113,4,163,142,0,142,305
04/20/2002,BKL,OH,AGL,CE,Federal Contract Tower,0,4,30,2,36,0,21,72,1,94,0,25,102,3,130,90,0,90,220
04/21/2002,BKL,OH,AGL,CE,Federal Contract Tower,0,6,17,2,25,0,2,47,0,49,0,8,64,2,74,72,0,72,146
04/22/2002,BKL,OH,AGL,CE,Federal Contract Tower,0,21,44,0,65,0,8,40,0,48,0,29,84,0,113,24,0,24,137
04/23/2002,BKL,OH,AGL,CE,Federal Contract Tower,0,34,48,0,82,0,25,181,2,208,0,59,229,2,290,144,0,144,434
04/24/2002,BKL,OH,AGL,CE,Federal Contract Tower,0,36,65,2,103,0,11,133,2,146,0,47,198,4,249,140,0,140,389
04/25/2002,BKL,OH,AGL,CE,Federal Contract Tower,0,37,47,0,84,0,6,89,6,101,0,43,136,6,185,34,0,34,219
04/26/2002,BKL,OH,AGL,CE,Federal Contract Tower,0,35,53,0,88,0,10,172,0,182,0,45,225,0,270,232,0,232,502
04/27/2002,BKL,OH,AGL,CE,Federal Contract Tower,0,3,25,0,28,0,2,134,0,136,0,5,159,0,164,176,0,176,340
04/28/2002,BKL,OH,AGL,CE,Federal Contract Tower,0,8,12,0,20,0,0,31,0,31,0,8,43,0,51,26,0,26,77
04/29/2002,BKL,OH,AGL,CE,Federal Contract Tower,0,18,39,0,57,0,10,81,0,91,0,28,120,0,148,72,0,72,220
04/30/2002,BKL,OH,AGL,CE,Federal Contract Tower,0,34,44,0,78,0,9,139,0,148,0,43,183,0,226,128,0,128,354
05/01/2002,BKL,OH,AGL,CE,Federal Contract Tower,0,30,71,2,103,0,16,158,1,175,0,46,229,3,278,214,0,214,492
05/02/2002,BKL,OH,AGL,CE,Federal Contract Tower,0,32,31,3,66,0,8,68,0,76,0,40,99,3,142,4,0,4,146
05/03/2002,BKL,OH,AGL,CE,Federal Contract Tower,0,32,71,2,105,0,5,139,2,146,0,37,210,4,251,196,0,196,447
05/04/2002,BKL,OH,AGL,CE,Federal Contract Tower,0,5,16,0,21,0,8,185,0,193,0,13,201,0,214,236,0,236,450
05/05/2002,BKL,OH,AGL,CE,Federal Contract Tower,0,10,25,0,35,0,15,167,2,184,0,25,192,2,219,214,0,214,433
05/06/2002,BKL,OH,AGL,CE,Federal Contract Tower,0,22,23,0,45,0,12,49,0,61,0,34,72,0,106,32,0,32,138
05/07/2002,BKL,OH,AGL,CE,Federal Contract Tower,0,29,35,0,64,0,1,50,0,51,0,30,85,0,115,18,0,18,133
05/08/2002,BKL,OH,AGL,CE,Federal Contract Tower,0,32,48,0,80,0,3,70,0,73,0,35,118,0,153,48,0,48,201
05/09/2002,BKL,OH,AGL,CE,Federal Contract Tower,0,26,34,0,60,0,7,58,0,65,0,33,92,0,125,116,0,116,241
05/10/2002,BKL,OH,AGL,CE,Federal Contract Tower,0,38,43,0,81,0,2,135,0,137,0,40,178,0,218,172,0,172,390
05/11/2002,BKL,OH,AGL,CE,Federal Contract Tower,0,4,35,0,39,0,20,148,0,168,0,24,183,0,207,226,0,226,433
05/12/2002,BKL,OH,AGL,CE,Federal Contract Tower,0,10,12,0,22,0,5,35,0,40,0,15,47,0,62,80,0,80,142
05/13/2002,BKL,OH,AGL,CE,Federal Contract Tower,0,27,35,3,65,0,3,14,1,18,0,30,49,4,83,8,0,8,91
05/14/2002,BKL,OH,AGL,CE,Federal Contract Tower,0,35,42,0,77,0,3,97,0,100,0,38,139,0,177,64,0,64,241
05/15/2002,BKL,OH,AGL,CE,Federal Contract Tower,0,32,61,1,94,0,6,193,0,199,0,38,254,1,293,238,2,240,533
05/16/2002,BKL,OH,AGL,CE,Federal Contract Tower,0,35,58,0,93,0,6,83,0,89,0,41,141,0,182,40,0,40,222
05/17/2002,BKL,OH,AGL,CE,Federal Contract Tower,0,31,52,0,83,0,12,120,0,132,0,43,172,0,215,176,8,184,399
05/18/2002,BKL,OH,AGL,CE,Federal Contract Tower,0,7,24,1,32,0,5,87,0,92,0,12,111,1,124,108,4,112,236
05/19/2002,BKL,OH,AGL,CE,Federal Contract Tower,0,4,22,0,26,0,5,66,1,72,0,9,88,1,98,160,0,160,258
05/20/2002,BKL,OH,AGL,CE,Federal Contract Tower,0,21,29,0,50,0,3,98,0,101,0,24,127,0,151,148,0,148,299
05/21/2002,BKL,OH,AGL,CE,Federal Contract Tower,0,29,41,0,70,0,3,154,0,157,0,32,195,0,227,134,0,134,361
05/22/2002,BKL,OH,AGL,CE,Federal Contract Tower,0,30,55,0,85,0,6,103,0,109,0,36,158,0,194,112,2,114,308
05/23/2002,BKL,OH,AGL,CE,Federal Contract Tower,0,29,34,0,63,0,12,250,2,264,0,41,284,2,327,194,4,198,525
05/24/2002,BKL,OH,AGL,CE,Federal Contract Tower,0,30,45,2,77,0,12,111,0,123,0,42,156,2,200,52,0,52,252
05/25/2002,BKL,OH,AGL,CE,Federal Contract Tower,0,6,27,0,33,0,8,107,0,115,0,14,134,0,148,98,0,98,246
05/26/2002,BKL,OH,AGL,CE,Federal Contract Tower,2,0,23,0,25,0,7,102,0,109,2,7,125,0,134,226,0,226,360
05/27/2002,BKL,OH,AGL,CE,Federal Contract Tower,0,3,20,2,25,0,6,160,0,166,0,9,180,2,191,86,0,86,277
05/28/2002,BKL,OH,AGL,CE,Federal Contract Tower,0,18,37,0,55,0,9,113,0,122,0,27,150,0,177,214,0,214,391
05/29/2002,BKL,OH,AGL,CE,Federal Contract Tower,0,36,45,0,81,0,3,84,0,87,0,39,129,0,168,70,0,70,238
05/30/2002,BKL,OH,AGL,CE,Federal Contract Tower,2,42,38,4,86,0,14,67,6,87,2,56,105,10,173,150,4,154,327
05/31/2002,BKL,OH,AGL,CE,Federal Contract Tower,0,30,45,1,76,0,7,147,0,154,0,37,192,1,230,202,0,202,432
06/01/2002,BKL,OH,AGL,CE,Federal Contract Tower,0,11,71,0,82,0,0,132,3,135,0,11,203,3,217,72,2,74,291
06/02/2002,BKL,OH,AGL,CE,Federal Contract Tower,0,12,52,0,64,0,6,144,0,150,0,18,196,0,214,214,0,214,428
06/03/2002,BKL,OH,AGL,CE,Federal Contract Tower,0,16,36,0,52,0,4,118,0,122,0,20,154,0,174,114,0,114,288
06/04/2002,BKL,OH,AGL,CE,Federal Contract Tower,0,35,50,0,85,0,9,99,0,108,0,44,149,0,193,72,0,72,265
06/05/2002,BKL,OH,AGL,CE,Federal Contract Tower,0,35,56,0,91,0,11,77,0,88,0,46,133,0,179,86,0,86,265
06/06/2002,BKL,OH,AGL,CE,Federal Contract Tower,0,24,66,0,90,0,8,72,0,80,0,32,138,0,170,38,0,38,208
06/07/2002,BKL,OH,AGL,CE,Federal Contract Tower,0,26,69,1,96,0,8,164,4,176,0,34,233,5,272,226,0,226,498
06/08/2002,BKL,OH,AGL,CE,Federal Contract Tower,0,5,39,0,44,0,6,191,0,197,0,11,230,0,241,196,0,196,437
06/09/2002,BKL,OH,AGL,CE,Federal Contract Tower,0,4,35,1,40,0,10,82,0,92,0,14,117,1,132,190,0,190,322
06/10/2002,BKL,OH,AGL,CE,Federal Contract Tower,0,11,41,1,53,0,5,108,3,116,0,16,149,4,169,222,0,222,391
06/11/2002,BKL,OH,AGL,CE,Federal Contract Tower,0,40,48,0,88,0,19,129,0,148,0,59,177,0,236,114,0,114,350
06/12/2002,BKL,OH,AGL,CE,Federal Contract Tower,0,30,62,1,93,0,9,118,1,128,0,39,180,2,221,116,0,116,337
06/13/2002,BKL,OH,AGL,CE,Federal Contract Tower,0,27,57,0,84,0,11,95,0,106,0,38,152,0,190,74,0,74,264
06/14/2002,BKL,OH,AGL,CE,Federal Contract Tower,0,20,46,0,66,0,14,91,0,105,0,34,137,0,171,174,0,174,345
06/15/2002,BKL,OH,AGL,CE,Federal Contract Tower,0,3,26,0,29,0,10,47,0,57,0,13,73,0,86,82,0,82,168
06/16/2002,BKL,OH,AGL,CE,Federal Contract Tower,0,8,16,0,24,0,12,58,0,70,0,20,74,0,94,66,0,66,160
06/17/2002,BKL,OH,AGL,CE,Federal Contract Tower,0,10,31,0,41,0,3,139,0,142,0,13,170,0,183,80,0,80,263
06/18/2002,BKL,OH,AGL,CE,Federal Contract Tower,0,30,42,0,72,0,12,177,2,191,0,42,219,2,263,154,0,154,417
06/19/2002,BKL,OH,AGL,CE,Federal Contract Tower,0,25,48,0,73,0,12,193,1,206,0,37,241,1,279,210,0,210,489
06/20/2002,BKL,OH,AGL,CE,Federal Contract Tower,0,26,72,0,98,0,9,163,8,180,0,35,235,8,278,166,0,166,444
06/21/2002,BKL,OH,AGL,CE,Federal Contract Tower,0,28,47,2,77,0,4,150,0,154,0,32,197,2,231,118,0,118,349
06/22/2002,BKL,OH,AGL,CE,Federal Contract Tower,1,5,27,0,33,0,3,122,0,125,1,8,149,0,158,140,0,140,298
06/23/2002,BKL,OH,AGL,CE,Federal Contract Tower,1,5,51,0,57,0,16,128,0,144,1,21,179,0,201,90,2,92,293
06/24/2002,BKL,OH,AGL,CE,Federal Contract Tower,0,19,45,2,66,0,3,102,0,105,0,22,147,2,171,58,0,58,229
06/25/2002,BKL,OH,AGL,CE,Federal Contract Tower,0,31,56,2,89,0,12,144,1,157,0,43,200,3,246,102,2,104,350
06/26/2002,BKL,OH,AGL,CE,Federal Contract Tower,0,41,31,0,72,0,18,159,3,180,0,59,190,3,252,100,2,102,354
06/27/2002,BKL,OH,AGL,CE,Federal Contract Tower,0,36,49,0,85,0,19,148,0,167,0,55,197,0,252,66,0,66,318
06/28/2002,BKL,OH,AGL,CE,Federal Contract Tower,0,31,71,0,102,0,16,190,0,206,0,47,261,0,308,92,0,92,400
06/29/2002,BKL,OH,AGL,CE,Federal Contract Tower,0,9,33,0,42,0,4,168,0,172,0,13,201,0,214,40,4,44,258
06/30/2002,BKL,OH,AGL,CE,Federal Contract Tower,0,10,36,0,46,0,2,165,0,167,0,12,201,0,213,30,0,30,243
07/01/2002,BKL,OH,AGL,CE,Federal Contract Tower,0,17,37,0,54,0,7,94,2,103,0,24,131,2,157,4,6,10,167
07/02/2002,BKL,OH,AGL,CE,Federal Contract Tower,0,28,34,0,62,0,10,175,0,185,0,38,209,0,247,10,0,10,257
07/03/2002,BKL,OH,AGL,CE,Federal Contract Tower,0,25,33,0,58,0,10,221,2,233,0,35,254,2,291,14,0,14,305
07/04/2002,BKL,OH,AGL,CE,Federal Contract Tower,0,14,11,0,25,0,9,127,6,142,0,23,138,6,167,12,0,12,179
07/05/2002,BKL,OH,AGL,CE,Federal Contract Tower,0,13,30,0,43,0,0,150,0,150,0,13,180,0,193,50,0,50,243
07/06/2002,BKL,OH,AGL,CE,Federal Contract Tower,0,1,16,0,17,0,1,108,0,109,0,2,124,0,126,20,2,22,148
07/07/2002,BKL,OH,AGL,CE,Federal Contract Tower,0,10,21,0,31,0,3,135,0,138,0,13,156,0,169,32,4,36,205
07/08/2002,BKL,OH,AGL,CE,Federal Contract Tower,0,15,31,0,46,0,14,128,0,142,0,29,159,0,188,16,0,16,204
07/09/2002,BKL,OH,AGL,CE,Federal Contract Tower,0,32,41,0,73,0,17,139,8,164,0,49,180,8,237,32,0,32,269
07/10/2002,BKL,OH,AGL,CE,Federal Contract Tower,0,38,33,0,71,0,15,121,0,136,0,53,154,0,207,22,0,22,229
07/11/2002,BKL,OH,AGL,CE,Federal Contract Tower,0,30,34,0,64,0,5,98,0,103,0,35,132,0,167,10,0,10,177
07/12/2002,BKL,OH,AGL,CE,Federal Contract Tower,0,8,4,0,12,0,3,44,1,48,0,11,48,1,60,20,0,20,80
07/13/2002,BKL,OH,AGL,CE,Federal Contract Tower,0,0,0,0,0,0,2,47,0,49,0,2,47,0,49,22,0,22,71
07/14/2002,BKL,OH,AGL,CE,Federal Contract Tower,0,1,2,0,3,0,1,47,0,48,0,2,49,0,51,28,4,32,83
07/15/2002,BKL,OH,AGL,CE,Federal Contract Tower,0,19,35,2,56,0,25,123,0,148,0,44,158,2,204,92,0,92,296
07/16/2002,BKL,OH,AGL,CE,Federal Contract Tower,0,44,74,0,118,0,44,161,2,207,0,88,235,2,325,64,0,64,389
07/17/2002,BKL,OH,AGL,CE,Federal Contract Tower,0,36,63,2,101,0,22,144,6,172,0,58,207,8,273,86,0,86,359
07/18/2002,BKL,OH,AGL,CE,Federal Contract Tower,0,34,71,0,105,0,6,104,7,117,0,40,175,7,222,68,0,68,290
07/19/2002,BKL,OH,AGL,CE,Federal Contract Tower,0,27,45,0,72,0,3,58,4,65,0,30,103,4,137,182,0,182,319
07/20/2002,BKL,OH,AGL,CE,Federal Contract Tower,0,1,28,0,29,0,2,130,0,132,0,3,158,0,161,70,0,70,231
07/21/2002,BKL,OH,AGL,CE,Federal Contract Tower,0,4,23,0,27,0,8,108,0,116,0,12,131,0,143,150,0,150,293
07/22/2002,BKL,OH,AGL,CE,Federal Contract Tower,0,15,69,0,84,0,7,119,0,126,0,22,188,0,210,200,0,200,410
07/23/2002,BKL,OH,AGL,CE,Federal Contract Tower,0,39,62,0,101,0,12,135,0,147,0,51,197,0,248,162,0,162,410
07/24/2002,BKL,OH,AGL,CE,Federal Contract Tower,0,41,58,0,99,0,17,165,0,182,0,58,223,0,281,150,0,150,431
07/25/2002,BKL,OH,AGL,CE,Federal Contract Tower,2,41,57,0,100,0,7,171,0,178,2,48,228,0,278,176,0,176,454
07/26/2002,BKL,OH,AGL,CE,Federal Contract Tower,0,32,47,1,80,0,13,106,3,122,0,45,153,4,202,36,0,36,238
07/27/2002,BKL,OH,AGL,CE,Federal Contract Tower,0,5,23,0,28,0,7,94,0,101,0,12,117,0,129,170,0,170,299
07/28/2002,BKL,OH,AGL,CE,Federal Contract Tower,2,9,21,0,32,0,7,56,0,63,2,16,77,0,95,62,0,62,157
07/29/2002,BKL,OH,AGL,CE,Federal Contract Tower,0,29,23,1,53,0,13,77,0,90,0,42,100,1,143,112,0,112,255
07/30/2002,BKL,OH,AGL,CE,Federal Contract Tower,0,26,31,0,57,0,12,124,2,138,0,38,155,2,195,112,0,112,307
07/31/2002,BKL,OH,AGL,CE,Federal Contract Tower,0,32,38,2,72,0,16,176,2,194,0,48,214,4,266,90,0,90,356
08/01/2002,BKL,OH,AGL,CE,Federal Contract Tower,0,33,29,0,62,0,7,146,0,153,0,40,175,0,215,118,0,118,333
08/02/2002,BKL,OH,AGL,CE,Federal Contract Tower,0,22,26,1,49,0,0,174,1,175,0,22,200,2,224,210,0,210,434
08/03/2002,BKL,OH,AGL,CE,Federal Contract Tower,0,7,34,0,41,0,13,160,0,173,0,20,194,0,214,128,0,128,342
08/04/2002,BKL,OH,AGL,CE,Federal Contract Tower,0,6,22,0,28,0,10,119,6,135,0,16,141,6,163,106,0,106,269
08/05/2002,BKL,OH,AGL,CE,Federal Contract Tower,0,14,27,0,41,0,6,79,0,85,0,20,106,0,126,144,0,144,270
08/06/2002,BKL,OH,AGL,CE,Federal Contract Tower,0,37,45,0,82,0,14,156,4,174,0,51,201,4,256,168,0,168,424
08/07/2002,BKL,OH,AGL,CE,Federal Contract Tower,0,29,42,2,73,0,0,192,6,198,0,29,234,8,271,330,6,336,607
08/08/2002,BKL,OH,AGL,CE,Federal Contract Tower,0,40,44,0,84,0,17,197,0,214,0,57,241,0,298,182,0,182,480
08/09/2002,BKL,OH,AGL,CE,Federal Contract Tower,0,30,48,3,81,0,6,191,4,201,0,36,239,7,282,184,0,184,466
08/10/2002,BKL,OH,AGL,CE,Federal Contract Tower,0,7,30,1,38,0,11,232,0,243,0,18,262,1,281,68,0,68,349
08/11/2002,BKL,OH,AGL,CE,Federal Contract Tower,0,6,30,0,36,0,7,139,0,146,0,13,169,0,182,76,0,76,258
08/12/2002,BKL,OH,AGL,CE,Federal Contract Tower,0,16,47,0,63,0,13,82,0,95,0,29,129,0,158,2,0,2,160
08/13/2002,BKL,OH,AGL,CE,Federal Contract Tower,0,30,50,0,80,0,8,102,0,110,0,38,152,0,190,110,0,110,300
08/14/2002,BKL,OH,AGL,CE,Federal Contract Tower,1,36,40,2,79,0,12,94,3,109,1,48,134,5,188,50,0,50,238
08/15/2002,BKL,OH,AGL,CE,Federal Contract Tower,1,26,48,0,75,0,2,67,0,69,1,28,115,0,144,122,0,122,266
08/16/2002,BKL,OH,AGL,CE,Federal Contract Tower,0,26,37,2,65,0,15,89,1,105,0,41,126,3,170,90,4,94,264
08/17/2002,BKL,OH,AGL,CE,Federal Contract Tower,0,5,34,0,39,0,13,98,0,111,0,18,132,0,150,130,0,130,280
08/18/2002,BKL,OH,AGL,CE,Federal Contract Tower,0,1,17,0,18,0,14,69,0,83,0,15,86,0,101,36,2,38,139
08/19/2002,BKL,OH,AGL,CE,Federal Contract Tower,0,17,30,0,47,0,5,26,0,31,0,22,56,0,78,78,0,78,156
08/20/2002,BKL,OH,AGL,CE,Federal Contract Tower,0,12,20,0,32,0,30,162,0,192,0,42,182,0,224,120,0,120,344
08/21/2002,BKL,OH,AGL,CE,Federal Contract Tower,0,27,58,0,85,0,4,147,5,156,0,31,205,5,241,116,0,116,357
08/22/2002,BKL,OH,AGL,CE,Federal Contract Tower,0,26,36,0,62,0,10,80,0,90,0,36,116,0,152,86,0,86,238
08/23/2002,BKL,OH,AGL,CE,Federal Contract Tower,2,26,56,7,91,0,8,64,0,72,2,34,120,7,163,52,0,52,215
08/24/2002,BKL,OH,AGL,CE,Federal Contract Tower,0,0,23,0,23,0,5,49,0,54,0,5,72,0,77,40,2,42,119
08/25/2002,BKL,OH,AGL,CE,Federal Contract Tower,4,4,23,1,32,0,4,156,0,160,4,8,179,1,192,58,0,58,250
08/26/2002,BKL,OH,AGL,CE,Federal Contract Tower,0,15,36,2,53,0,13,91,1,105,0,28,127,3,158,102,0,102,260
08/27/2002,BKL,OH,AGL,CE,Federal Contract Tower,0,30,66,3,99,0,6,141,0,147,0,36,207,3,246,42,0,42,288
08/28/2002,BKL,OH,AGL,CE,Federal Contract Tower,2,35,46,2,85,0,33,101,1,135,2,68,147,3,220,102,4,106,326
08/29/2002,BKL,OH,AGL,CE,Federal Contract Tower,0,32,49,8,89,0,14,120,4,138,0,46,169,12,227,68,24,92,319
08/30/2002,BKL,OH,AGL,CE,Federal Contract Tower,1,19,41,18,79,0,18,178,33,229,1,37,219,51,308,64,74,138,446
08/31/2002,BKL,OH,AGL,CE,Federal Contract Tower,1,0,2,0,3,0,2,16,0,18,1,2,18,0,21,10,2,12,33
09/01/2002,BKL,OH,AGL,CE,Federal Contract Tower,0,0,1,0,1,0,15,25,2,42,0,15,26,2,43,20,0,20,63
09/02/2002,BKL,OH,AGL,CE,Federal Contract Tower,1,0,1,6,8,0,5,16,6,27,1,5,17,12,35,12,6,18,53
09/03/2002,BKL,OH,AGL,CE,Federal Contract Tower,1,19,44,25,89,0,7,60,9,76,1,26,104,34,165,12,20,32,197
09/04/2002,BKL,OH,AGL,CE,Federal Contract Tower,0,36,38,7,81,0,21,157,0,178,0,57,195,7,259,80,4,84,343
09/05/2002,BKL,OH,AGL,CE,Federal Contract Tower,0,26,60,0,86,0,15,187,4,206,0,41,247,4,292,194,0,194,486
09/06/2002,BKL,OH,AGL,CE,Federal Contract Tower,0,24,53,3,80,0,20,188,1,209,0,44,241,4,289,174,0,174,463
09/07/2002,BKL,OH,AGL,CE,Federal Contract Tower,0,12,22,0,34,0,21,129,0,150,0,33,151,0,184,150,0,150,334
09/08/2002,BKL,OH,AGL,CE,Federal Contract Tower,1,18,46,3,68,0,10,121,0,131,1,28,167,3,199,72,0,72,271
09/09/2002,BKL,OH,AGL,CE,Federal Contract Tower,0,19,27,3,49,0,6,122,1,129,0,25,149,4,178,84,0,84,262
09/10/2002,BKL,OH,AGL,CE,Federal Contract Tower,0,47,65,0,112,0,6,105,0,111,0,53,170,0,223,126,0,126,349
09/11/2002,BKL,OH,AGL,CE,Federal Contract Tower,0,29,37,0,66,0,26,116,0,142,0,55,153,0,208,128,0,128,336
09/12/2002,BKL,OH,AGL,CE,Federal Contract Tower,1,37,48,0,86,0,15,142,4,161,1,52,190,4,247,100,0,100,347
09/13/2002,BKL,OH,AGL,CE,Federal Contract Tower,0,31,58,0,89,0,15,173,0,188,0,46,231,0,277,188,0,188,465
09/14/2002,BKL,OH,AGL,CE,Federal Contract Tower,0,8,37,0,45,0,12,38,0,50,0,20,75,0,95,64,0,64,159
09/15/2002,BKL,OH,AGL,CE,Federal Contract Tower,0,8,32,0,40,0,18,20,0,38,0,26,52,0,78,2,0,2,80
09/16/2002,BKL,OH,AGL,CE,Federal Contract Tower,0,22,43,0,65,0,10,63,0,73,0,32,106,0,138,112,0,112,250
09/17/2002,BKL,OH,AGL,CE,Federal Contract Tower,0,36,56,2,94,0,8,125,0,133,0,44,181,2,227,138,0,138,365
09/18/2002,BKL,OH,AGL,CE,Federal Contract Tower,0,41,63,0,104,0,23,139,2,164,0,64,202,2,268,222,0,222,490
09/19/2002,BKL,OH,AGL,CE,Federal Contract Tower,0,30,62,0,92,0,31,74,0,105,0,61,136,0,197,88,0,88,285
09/20/2002,BKL,OH,AGL,CE,Federal Contract Tower,0,30,55,0,85,0,12,52,2,66,0,42,107,2,151,106,0,106,257
09/21/2002,BKL,OH,AGL,CE,Federal Contract Tower,0,11,23,0,34,0,17,89,0,106,0,28,112,0,140,116,0,116,256
09/22/2002,BKL,OH,AGL,CE,Federal Contract Tower,0,8,32,0,40,0,17,64,4,85,0,25,96,4,125,106,4,110,235
09/23/2002,BKL,OH,AGL,CE,Federal Contract Tower,0,19,49,3,71,0,32,102,0,134,0,51,151,3,205,150,0,150,355
09/24/2002,BKL,OH,AGL,CE,Federal Contract Tower,0,37,68,1,106,0,27,141,14,182,0,64,209,15,288,232,0,232,520
09/25/2002,BKL,OH,AGL,CE,Federal Contract Tower,0,36,52,2,90,0,21,115,6,142,0,57,167,8,232,174,0,174,406
09/26/2002,BKL,OH,AGL,CE,Federal Contract Tower,0,30,64,0,94,0,17,117,4,138,0,47,181,4,232,168,0,168,400
09/27/2002,BKL,OH,AGL,CE,Federal Contract Tower,0,29,56,0,85,0,6,33,0,39,0,35,89,0,124,4,0,4,128
09/28/2002,BKL,OH,AGL,CE,Federal Contract Tower,0,4,20,0,24,0,37,104,0,141,0,41,124,0,165,72,0,72,237
09/29/2002,BKL,OH,AGL,CE,Federal Contract Tower,0,12,22,2,36,0,22,82,0,104,0,34,104,2,140,132,4,136,276
09/30/2002,BKL,OH,AGL,CE,Federal Contract Tower,0,21,50,0,71,0,27,147,0,174,0,48,197,0,245,168,0,168,413
10/01/2002,BKL,OH,AGL,CE,Federal Contract Tower,0,35,65,3,103,0,12,124,1,137,0,47,189,4,240,136,4,140,380
10/02/2002,BKL,OH,AGL,CE,Federal Contract Tower,0,32,61,0,93,0,9,103,0,112,0,41,164,0,205,128,0,128,333
10/03/2002,BKL,OH,AGL,CE,Federal Contract Tower,0,42,59,1,102,0,13,47,0,60,0,55,106,1,162,78,0,78,240
10/04/2002,BKL,OH,AGL,CE,Federal Contract Tower,0,36,56,0,92,0,18,54,0,72,0,54,110,0,164,70,0,70,234
10/05/2002,BKL,OH,AGL,CE,Federal Contract Tower,1,2,20,1,24,0,30,92,0,122,1,32,112,1,146,86,0,86,232
10/06/2002,BKL,OH,AGL,CE,Federal Contract Tower,0,15,60,1,76,0,20,61,0,81,0,35,121,1,157,102,0,102,259
10/07/2002,BKL,OH,AGL,CE,Federal Contract Tower,0,17,60,1,78,0,17,137,0,154,0,34,197,1,232,70,0,70,302
10/08/2002,BKL,OH,AGL,CE,Federal Contract Tower,0,35,56,0,91,0,30,165,0,195,0,65,221,0,286,134,0,134,420
10/09/2002,BKL,OH,AGL,CE,Federal Contract Tower,0,32,50,0,82,0,12,94,0,106,0,44,144,0,188,106,0,106,294
10/10/2002,BKL,OH,AGL,CE,Federal Contract Tower,0,43,53,0,96,0,12,111,0,123,0,55,164,0,219,148,0,148,367
10/11/2002,BKL,OH,AGL,CE,Federal Contract Tower,0,31,53,0,84,0,13,138,0,151,0,44,191,0,235,224,0,224,459
10/12/2002,BKL,OH,AGL,CE,Federal Contract Tower,0,4,22,0,26,0,21,56,0,77,0,25,78,0,103,124,0,124,227
10/13/2002,BKL,OH,AGL,CE,Federal Contract Tower,1,3,18,0,22,0,21,48,0,69,1,24,66,0,91,62,0,62,153
10/14/2002,BKL,OH,AGL,CE,Federal Contract Tower,0,16,32,1,49,0,10,125,5,140,0,26,157,6,189,166,0,166,355
10/15/2002,BKL,OH,AGL,CE,Federal Contract Tower,1,23,52,1,77,0,19,121,3,143,1,42,173,4,220,224,0,224,444
10/16/2002,BKL,OH,AGL,CE,Federal Contract Tower,0,42,38,0,80,0,16,49,0,65,0,58,87,0,145,22,0,22,167
10/17/2002,BKL,OH,AGL,CE,Federal Contract Tower,0,46,53,0,99,0,28,132,0,160,0,74,185,0,259,82,0,82,341
10/18/2002,BKL,OH,AGL,CE,Federal Contract Tower,0,29,0,0,29,0,26,0,176,202,0,55,0,176,231,58,0,58,289
10/19/2002,BKL,OH,AGL,CE,Federal Contract Tower,0,6,15,0,21,0,13,31,0,44,0,19,46,0,65,48,0,48,113
10/20/2002,BKL,OH,AGL,CE,Federal Contract Tower,0,9,62,0,71,0,7,162,2,171,0,16,224,2,242,132,0,132,374
10/21/2002,BKL,OH,AGL,CE,Federal Contract Tower,0,19,47,2,68,0,22,140,0,162,0,41,187,2,230,248,0,248,478
10/22/2002,BKL,OH,AGL,CE,Federal Contract Tower,0,42,67,0,109,0,22,105,0,127,0,64,172,0,236,166,0,166,402
10/23/2002,BKL,OH,AGL,CE,Federal Contract Tower,0,38,63,4,105,0,11,60,0,71,0,49,123,4,176,108,0,108,284
10/24/2002,BKL,OH,AGL,CE,Federal Contract Tower,0,27,54,0,81,0,14,127,0,141,0,41,181,0,222,108,0,108,330
10/25/2002,BKL,OH,AGL,CE,Federal Contract Tower,0,44,82,7,133,0,18,87,4,109,0,62,169,11,242,52,0,52,294
10/26/2002,BKL,OH,AGL,CE,Federal Contract Tower,0,6,36,0,42,0,8,6,0,14,0,14,42,0,56,52,0,52,108
10/27/2002,BKL,OH,AGL,CE,Federal Contract Tower,0,4,27,0,31,0,29,43,0,72,0,33,70,0,103,94,0,94,197
10/28/2002,BKL,OH,AGL,CE,Federal Contract Tower,0,27,53,0,80,0,17,99,0,116,0,44,152,0,196,134,0,134,330
10/29/2002,BKL,OH,AGL,CE,Federal Contract Tower,0,37,55,0,92,0,15,67,0,82,0,52,122,0,174,46,0,46,220
10/30/2002,BKL,OH,AGL,CE,Federal Contract Tower,0,31,51,0,82,0,8,88,1,97,0,39,139,1,179,108,0,108,287
10/31/2002,BKL,OH,AGL,CE,Federal Contract Tower,0,25,59,2,86,0,10,131,2,143,0,35,190,4,229,106,0,106,335
11/01/2002,BKL,OH,AGL,CE,Federal Contract Tower,0,24,44,0,68,0,2,64,2,68,0,26,108,2,136,12,10,22,158
11/02/2002,BKL,OH,AGL,CE,Federal Contract Tower,0,8,26,2,36,0,27,77,2,106,0,35,103,4,142,84,0,84,226
11/03/2002,BKL,OH,AGL,CE,Federal Contract Tower,0,15,70,5,90,0,11,162,0,173,0,26,232,5,263,70,0,70,333
11/04/2002,BKL,OH,AGL,CE,Federal Contract Tower,0,19,43,4,66,0,16,64,6,86,0,35,107,10,152,98,2,100,252
11/05/2002,BKL,OH,AGL,CE,Federal Contract Tower,0,25,53,0,78,0,14,60,4,78,0,39,113,4,156,92,0,92,248
11/06/2002,BKL,OH,AGL,CE,Federal Contract Tower,0,28,45,0,73,0,22,50,2,74,0,50,95,2,147,32,4,36,183
11/07/2002,BKL,OH,AGL,CE,Federal Contract Tower,0,36,51,0,87,0,35,116,2,153,0,71,167,2,240,188,0,188,428
11/08/2002,BKL,OH,AGL,CE,Federal Contract Tower,0,24,45,2,71,0,32,97,0,129,0,56,142,2,200,78,0,78,278
11/09/2002,BKL,OH,AGL,CE,Federal Contract Tower,0,7,21,2,30,0,33,69,0,102,0,40,90,2,132,122,2,124,256
11/10/2002,BKL,OH,AGL,CE,Federal Contract Tower,0,7,12,0,19,0,16,30,0,46,0,23,42,0,65,52,0,52,117
11/11/2002,BKL,OH,AGL,CE,Federal Contract Tower,0,15,56,0,71,0,19,92,0,111,0,34,148,0,182,110,0,110,292
11/12/2002,BKL,OH,AGL,CE,Federal Contract Tower,1,29,55,9,94,0,16,112,5,133,1,45,167,14,227,92,8,100,327
11/13/2002,BKL,OH,AGL,CE,Federal Contract Tower,1,33,59,2,95,0,26,140,0,166,1,59,199,2,261,124,0,124,385
11/14/2002,BKL,OH,AGL,CE,Federal Contract Tower,0,42,58,2,102,0,31,127,0,158,0,73,185,2,260,140,0,140,400
11/15/2002,BKL,OH,AGL,CE,Federal Contract Tower,0,29,34,0,63,0,13,55,0,68,0,42,89,0,131,0,0,0,131
11/16/2002,BKL,OH,AGL,CE,Federal Contract Tower,0,9,7,0,16,0,4,12,2,18,0,13,19,2,34,50,0,50,84
11/17/2002,BKL,OH,AGL,CE,Federal Contract Tower,0,7,11,0,18,0,5,9,0,14,0,12,20,0,32,2,0,2,34
11/18/2002,BKL,OH,AGL,CE,Federal Contract Tower,0,14,60,2,76,0,16,69,0,85,0,30,129,2,161,138,2,140,301
11/19/2002,BKL,OH,AGL,CE,Federal Contract Tower,0,43,45,0,88,0,14,52,2,68,0,57,97,2,156,106,0,106,262
11/20/2002,BKL,OH,AGL,CE,Federal Contract Tower,0,44,72,0,116,0,24,161,0,185,0,68,233,0,301,180,0,180,481
11/21/2002,BKL,OH,AGL,CE,Federal Contract Tower,0,38,48,0,86,0,14,99,0,113,0,52,147,0,199,106,0,106,305
11/22/2002,BKL,OH,AGL,CE,Federal Contract Tower,0,26,29,0,55,0,5,34,0,39,0,31,63,0,94,4,0,4,98
11/23/2002,BKL,OH,AGL,CE,Federal Contract Tower,1,4,19,0,24,0,13,62,0,75,1,17,81,0,99,60,0,60,159
11/24/2002,BKL,OH,AGL,CE,Federal Contract Tower,0,3,16,0,19,0,15,96,0,111,0,18,112,0,130,140,0,140,270
11/25/2002,BKL,OH,AGL,CE,Federal Contract Tower,0,21,32,0,53,0,7,58,0,65,0,28,90,0,118,78,0,78,196
11/26/2002,BKL,OH,AGL,CE,Federal Contract Tower,0,30,48,0,78,0,3,90,0,93,0,33,138,0,171,96,0,96,267
11/27/2002,BKL,OH,AGL,CE,Federal Contract Tower,0,26,29,0,55,0,15,88,0,103,0,41,117,0,158,70,0,70,228
11/28/2002,BKL,OH,AGL,CE,Federal Contract Tower,0,15,7,0,22,0,4,23,0,27,0,19,30,0,49,2,0,2,51
11/29/2002,BKL,OH,AGL,CE,Federal Contract Tower,0,8,10,0,18,0,11,41,0,52,0,19,51,0,70,8,0,8,78
11/30/2002,BKL,OH,AGL,CE,Federal Contract Tower,0,7,5,0,12,0,8,10,0,18,0,15,15,0,30,18,0,18,48
12/01/2002,BKL,OH,AGL,CE,Federal Contract Tower,0,13,51,0,64,0,9,35,0,44,0,22,86,0,108,0,0,0,108
12/02/2002,BKL,OH,AGL,CE,Federal Contract Tower,0,12,28,2,42,0,4,42,0,46,0,16,70,2,88,0,0,0,88
12/03/2002,BKL,OH,AGL,CE,Federal Contract Tower,0,33,57,0,90,0,29,100,0,129,0,62,157,0,219,8,0,8,227
12/04/2002,BKL,OH,AGL,CE,Federal Contract Tower,2,33,43,0,78,0,29,122,0,151,2,62,165,0,229,90,0,90,319
12/05/2002,BKL,OH,AGL,CE,Federal Contract Tower,0,38,36,0,74,0,25,57,2,84,0,63,93,2,158,76,0,76,234
12/06/2002,BKL,OH,AGL,CE,Federal Contract Tower,0,26,58,0,84,0,30,96,0,126,0,56,154,0,210,100,0,100,310
12/07/2002,BKL,OH,AGL,CE,Federal Contract Tower,0,3,16,0,19,0,4,45,0,49,0,7,61,0,68,30,0,30,98
12/08/2002,BKL,OH,AGL,CE,Federal Contract Tower,2,11,10,0,23,0,15,23,0,38,2,26,33,0,61,94,0,94,155
12/09/2002,BKL,OH,AGL,CE,Federal Contract Tower,2,21,63,0,86,0,33,112,0,145,2,54,175,0,231,124,2,126,357
12/10/2002,BKL,OH,AGL,CE,Federal Contract Tower,1,34,74,0,109,0,20,93,0,113,1,54,167,0,222,242,0,242,464
12/11/2002,BKL,OH,AGL,CE,Federal Contract Tower,1,34,53,0,88,0,9,26,0,35,1,43,79,0,123,50,0,50,173
12/12/2002,BKL,OH,AGL,CE,Federal Contract Tower,0,33,49,0,82,0,7,68,0,75,0,40,117,0,157,114,0,114,271
12/13/2002,BKL,OH,AGL,CE,Federal Contract Tower,0,40,39,0,79,0,15,48,0,63,0,55,87,0,142,104,0,104,246
12/14/2002,BKL,OH,AGL,CE,Federal Contract Tower,0,5,9,0,14,0,3,15,0,18,0,8,24,0,32,10,0,10,42
12/15/2002,BKL,OH,AGL,CE,Federal Contract Tower,0,4,32,0,36,0,19,52,1,72,0,23,84,1,108,40,0,40,148
12/16/2002,BKL,OH,AGL,CE,Federal Contract Tower,0,13,71,4,88,0,50,54,0,104,0,63,125,4,192,156,0,156,348
12/17/2002,BKL,OH,AGL,CE,Federal Contract Tower,1,26,58,2,87,0,15,100,0,115,1,41,158,2,202,160,0,160,362
12/18/2002,BKL,OH,AGL,CE,Federal Contract Tower,1,26,52,0,79,0,10,61,2,73,1,36,113,2,152,54,0,54,206
12/19/2002,BKL,OH,AGL,CE,Federal Contract Tower,0,27,57,0,84,0,16,52,0,68,0,43,109,0,152,20,0,20,172
12/20/2002,BKL,OH,AGL,CE,Federal Contract Tower,0,22,39,2,63,0,32,87,0,119,0,54,126,2,182,54,0,54,236
12/21/2002,BKL,OH,AGL,CE,Federal Contract Tower,0,14,10,0,24,0,7,31,0,38,0,21,41,0,62,28,0,28,90
12/22/2002,BKL,OH,AGL,CE,Federal Contract Tower,0,5,8,0,13,0,12,5,0,17,0,17,13,0,30,0,0,0,30
12/23/2002,BKL,OH,AGL,CE,Federal Contract Tower,1,12,10,0,23,0,24,44,2,70,1,36,54,2,93,42,0,42,135
12/24/2002,BKL,OH,AGL,CE,Federal Contract Tower,0,22,13,0,35,0,26,60,0,86,0,48,73,0,121,106,0,106,227
12/25/2002,BKL,OH,AGL,CE,Federal Contract Tower,0,1,2,0,3,0,1,0,0,1,0,2,2,0,4,0,0,0,4
12/26/2002,BKL,OH,AGL,CE,Federal Contract Tower,0,17,25,0,42,0,6,52,0,58,0,23,77,0,100,52,0,52,152
12/27/2002,BKL,OH,AGL,CE,Federal Contract Tower,0,24,29,2,55,0,9,73,0,82,0,33,102,2,137,48,0,48,185
12/28/2002,BKL,OH,AGL,CE,Federal Contract Tower,0,0,12,0,12,0,6,8,0,14,0,6,20,0,26,10,0,10,36
12/29/2002,BKL,OH,AGL,CE,Federal Contract Tower,0,3,24,0,27,0,2,23,0,25,0,5,47,0,52,0,0,0,52
12/30/2002,BKL,OH,AGL,CE,Federal Contract Tower,0,12,17,2,31,0,13,24,0,37,0,25,41,2,68,0,0,0,68
12/31/2002,BKL,OH,AGL,CE,Federal Contract Tower,0,22,12,0,34,0,6,21,0,27,0,28,33,0,61,0,0,0,61
01/01/2003,BKL,OH,AGL,CE,Federal Contract Tower,0,13,8,0,21,0,3,13,0,16,0,16,21,0,37,6,0,6,43
01/02/2003,BKL,OH,AGL,CE,Federal Contract Tower,0,17,12,0,29,0,11,18,0,29,0,28,30,0,58,62,0,62,120
01/03/2003,BKL,OH,AGL,CE,Federal Contract Tower,0,32,29,0,61,0,11,10,0,21,0,43,39,0,82,6,0,6,88
01/04/2003,BKL,OH,AGL,CE,Federal Contract Tower,0,3,8,0,11,0,14,12,0,26,0,17,20,0,37,18,0,18,55
01/05/2003,BKL,OH,AGL,CE,Federal Contract Tower,1,3,8,0,12,0,6,7,0,13,1,9,15,0,25,12,0,12,37
01/06/2003,BKL,OH,AGL,CE,Federal Contract Tower,1,16,9,0,26,0,4,6,0,10,1,20,15,0,36,0,0,0,36
01/07/2003,BKL,OH,AGL,CE,Federal Contract Tower,0,29,56,0,85,0,21,52,0,73,0,50,108,0,158,104,2,106,264
01/08/2003,BKL,OH,AGL,CE,Federal Contract Tower,0,27,32,0,59,0,20,132,0,152,0,47,164,0,211,222,0,222,433
01/09/2003,BKL,OH,AGL,CE,Federal Contract Tower,0,32,39,2,73,0,12,99,2,113,0,44,138,4,186,109,0,109,295
01/10/2003,BKL,OH,AGL,CE,Federal Contract Tower,0,36,37,0,73,0,19,24,0,43,0,55,61,0,116,92,0,92,208
01/11/2003,BKL,OH,AGL,CE,Federal Contract Tower,0,7,9,0,16,0,7,64,0,71,0,14,73,0,87,38,0,38,125
01/12/2003,BKL,OH,AGL,CE,Federal Contract Tower,0,10,9,0,19,0,22,87,0,109,0,32,96,0,128,84,0,84,212
01/13/2003,BKL,OH,AGL,CE,Federal Contract Tower,0,15,22,0,37,0,18,29,0,47,0,33,51,0,84,64,0,64,148
01/14/2003,BKL,OH,AGL,CE,Federal Contract Tower,0,26,50,2,78,0,20,71,4,95,0,46,121,6,173,200,2,202,375
01/15/2003,BKL,OH,AGL,CE,Federal Contract Tower,0,31,42,0,73,0,10,42,0,52,0,41,84,0,125,154,0,154,279
01/16/2003,BKL,OH,AGL,CE,Federal Contract Tower,0,27,45,0,72,0,24,80,0,104,0,51,125,0,176,110,0,110,286
01/17/2003,BKL,OH,AGL,CE,Federal Contract Tower,0,25,34,0,59,0,15,39,0,54,0,40,73,0,113,2,0,2,115
01/18/2003,BKL,OH,AGL,CE,Federal Contract Tower,0,2,11,0,13,0,10,73,2,85,0,12,84,2,98,104,0,104,202
01/19/2003,BKL,OH,AGL,CE,Federal Contract Tower,0,7,8,0,15,0,19,24,0,43,0,26,32,0,58,30,0,30,88
01/20/2003,BKL,OH,AGL,CE,Federal Contract Tower,0,15,19,0,34,0,24,60,0,84,0,39,79,0,118,144,0,144,262
01/21/2003,BKL,OH,AGL,CE,Federal Contract Tower,0,17,41,0,58,0,26,81,8,115,0,43,122,8,173,128,8,136,309
01/22/2003,BKL,OH,AGL,CE,Federal Contract Tower,0,26,44,0,70,0,13,65,0,78,0,39,109,0,148,76,0,76,224
01/23/2003,BKL,OH,AGL,CE,Federal Contract Tower,0,24,41,0,65,0,10,22,0,32,0,34,63,0,97,16,0,16,113
01/24/2003,BKL,OH,AGL,CE,Federal Contract Tower,0,21,22,4,47,0,22,84,0,106,0,43,106,4,153,0,0,0,153
01/25/2003,BKL,OH,AGL,CE,Federal Contract Tower,3,4,10,0,17,0,26,51,0,77,3,30,61,0,94,160,0,160,254
01/26/2003,BKL,OH,AGL,CE,Federal Contract Tower,0,1,1,0,2,0,16,0,0,16,0,17,1,0,18,0,0,0,18
01/27/2003,BKL,OH,AGL,CE,Federal Contract Tower,0,17,36,0,53,0,20,56,0,76,0,37,92,0,129,124,0,124,253
01/28/2003,BKL,OH,AGL,CE,Federal Contract Tower,0,29,49,1,79,0,16,29,0,45,0,45,78,1,124,76,0,76,200
01/29/2003,BKL,OH,AGL,CE,Federal Contract Tower,0,21,37,1,59,0,23,49,0,72,0,44,86,1,131,82,0,82,213
01/30/2003,BKL,OH,AGL,CE,Federal Contract Tower,0,24,58,0,82,0,7,64,0,71,0,31,122,0,153,120,0,120,273
01/31/2003,BKL,OH,AGL,CE,Federal Contract Tower,0,25,27,0,52,0,27,58,0,85,0,52,85,0,137,120,0,120,257
02/01/2003,BKL,OH,AGL,CE,Federal Contract Tower,0,2,4,0,6,0,0,0,0,0,0,2,4,0,6,6,0,6,12
02/02/2003,BKL,OH,AGL,CE,Federal Contract Tower,0,2,7,0,9,0,29,7,0,36,0,31,14,0,45,34,0,34,79
02/03/2003,BKL,OH,AGL,CE,Federal Contract Tower,0,17,24,0,41,0,25,44,0,69,0,42,68,0,110,44,0,44,154
02/04/2003,BKL,OH,AGL,CE,Federal Contract Tower,0,34,21,0,55,0,14,24,0,38,0,48,45,0,93,6,0,6,99
02/05/2003,BKL,OH,AGL,CE,Federal Contract Tower,0,28,31,0,59,0,8,68,0,76,0,36,99,0,135,64,0,64,199
02/06/2003,BKL,OH,AGL,CE,Federal Contract Tower,0,24,36,0,60,0,13,73,0,86,0,37,109,0,146,100,0,100,246
02/07/2003,BKL,OH,AGL,CE,Federal Contract Tower,0,18,33,0,51,0,12,44,0,56,0,30,77,0,107,80,0,80,187
02/08/2003,BKL,OH,AGL,CE,Federal Contract Tower,0,3,9,0,12,0,14,57,0,71,0,17,66,0,83,60,0,60,143
02/09/2003,BKL,OH,AGL,CE,Federal Contract Tower,0,9,13,0,22,0,23,43,2,68,0,32,56,2,90,40,4,44,134
02/10/2003,BKL,OH,AGL,CE,Federal Contract Tower,0,19,22,0,41,0,1,6,0,7,0,20,28,0,48,112,0,112,160
02/11/2003,BKL,OH,AGL,CE,Federal Contract Tower,0,31,34,0,65,0,27,46,1,74,0,58,80,1,139,78,0,78,217
02/12/2003,BKL,OH,AGL,CE,Federal Contract Tower,0,36,23,0,59,0,25,35,0,60,0,61,58,0,119,36,0,36,155
02/13/2003,BKL,OH,AGL,CE,Federal Contract Tower,0,32,43,0,75,0,26,62,0,88,0,58,105,0,163,44,0,44,207
02/14/2003,BKL,OH,AGL,CE,Federal Contract Tower,0,19,35,0,54,0,23,113,2,138,0,42,148,2,192,100,0,100,292
02/15/2003,BKL,OH,AGL,CE,Federal Contract Tower,0,1,14,0,15,0,27,39,2,68,0,28,53,2,83,48,0,48,131
02/16/2003,BKL,OH,AGL,CE,Federal Contract Tower,1,4,6,0,11,0,5,25,0,30,1,9,31,0,41,56,0,56,97
02/17/2003,BKL,OH,AGL,CE,Federal Contract Tower,0,5,4,0,9,0,3,13,0,16,0,8,17,0,25,18,0,18,43
02/18/2003,BKL,OH,AGL,CE,Federal Contract Tower,0,15,36,0,51,0,34,43,0,77,0,49,79,0,128,94,0,94,222
02/19/2003,BKL,OH,AGL,CE,Federal Contract Tower,0,30,53,0,83,0,39,52,0,91,0,69,105,0,174,74,0,74,248
02/20/2003,BKL,OH,AGL,CE,Federal Contract Tower,0,29,50,0,79,0,175,0,0,175,0,204,50,0,254,258,0,258,512
02/21/2003,BKL,OH,AGL,CE,Federal Contract Tower,0,19,32,4,55,0,26,114,2,142,0,45,146,6,197,102,0,102,299
02/22/2003,BKL,OH,AGL,CE,Federal Contract Tower,0,2,0,0,2,0,0,0,0,0,0,2,0,0,2,0,0,0,2
02/23/2003,BKL,OH,AGL,CE,Federal Contract Tower,0,3,8,0,11,0,13,5,0,18,0,16,13,0,29,0,0,0,29
02/24/2003,BKL,OH,AGL,CE,Federal Contract Tower,0,15,39,0,54,0,10,0,2,12,0,25,39,2,66,0,0,0,66
02/25/2003,BKL,OH,AGL,CE,Federal Contract Tower,0,34,54,0,88,0,36,84,2,122,0,70,138,2,210,0,0,0,210
02/26/2003,BKL,OH,AGL,CE,Federal Contract Tower,0,21,64,0,85,0,25,124,0,149,0,46,188,0,234,184,0,184,418
02/27/2003,BKL,OH,AGL,CE,Federal Contract Tower,0,32,39,0,71,0,20,82,0,102,0,52,121,0,173,124,0,124,297
02/28/2003,BKL,OH,AGL,CE,Federal Contract Tower,0,26,20,0,46,0,0,9,0,9,0,26,29,0,55,0,0,0,55
03/01/2003,BKL,OH,AGL,CE,Federal Contract Tower,0,9,17,0,26,0,4,22,0,26,0,13,39,0,52,24,0,24,76
03/02/2003,BKL,OH,AGL,CE,Federal Contract Tower,2,5,7,0,14,0,0,5,0,5,2,5,12,0,19,2,0,2,21
03/03/2003,BKL,OH,AGL,CE,Federal Contract Tower,0,21,38,0,59,0,27,64,6,97,0,48,102,6,156,170,0,170,326
03/04/2003,BKL,OH,AGL,CE,Federal Contract Tower,0,35,38,0,73,0,31,86,0,117,0,66,124,0,190,222,0,222,412
03/05/2003,BKL,OH,AGL,CE,Federal Contract Tower,3,28,18,0,49,0,13,33,0,46,3,41,51,0,95,56,0,56,151
03/06/2003,BKL,OH,AGL,CE,Federal Contract Tower,1,33,30,0,64,0,16,60,0,76,1,49,90,0,140,110,0,110,250
03/07/2003,BKL,OH,AGL,CE,Federal Contract Tower,0,21,47,0,68,0,45,149,0,194,0,66,196,0,262,208,0,208,470
03/08/2003,BKL,OH,AGL,CE,Federal Contract Tower,0,2,11,0,13,0,26,84,0,110,0,28,95,0,123,148,0,148,271
03/09/2003,BKL,OH,AGL,CE,Federal Contract Tower,0,6,16,0,22,0,30,45,0,75,0,36,61,0,97,80,0,80,177
03/10/2003,BKL,OH,AGL,CE,Federal Contract Tower,0,21,29,0,50,0,23,90,2,115,0,44,119,2,165,116,0,116,281
03/11/2003,BKL,OH,AGL,CE,Federal Contract Tower,2,37,39,0,78,0,13,90,0,103,2,50,129,0,181,122,0,122,303
03/12/2003,BKL,OH,AGL,CE,Federal Contract Tower,0,35,47,0,82,0,19,93,2,114,0,54,140,2,196,120,0,120,316
03/13/2003,BKL,OH,AGL,CE,Federal Contract Tower,0,33,28,0,61,0,17,28,0,45,0,50,56,0,106,34,0,34,140
03/14/2003,BKL,OH,AGL,CE,Federal Contract Tower,0,24,59,0,83,0,38,141,4,183,0,62,200,4,266,0,0,0,266
03/15/2003,BKL,OH,AGL,CE,Federal Contract Tower,0,8,32,0,40,0,25,145,0,170,0,33,177,0,210,284,2,286,496
03/16/2003,BKL,OH,AGL,CE,Federal Contract Tower,0,6,37,0,43,0,19,110,0,129,0,25,147,0,172,94,0,94,266
03/17/2003,BKL,OH,AGL,CE,Federal Contract Tower,0,31,48,0,79,0,19,91,0,110,0,50,139,0,189,170,0,170,359
03/18/2003,BKL,OH,AGL,CE,Federal Contract Tower,0,32,27,0,59,0,14,46,0,60,0,46,73,0,119,94,0,94,213
03/19/2003,BKL,OH,AGL,CE,Federal Contract Tower,0,43,36,0,79,0,50,65,0,115,0,93,101,0,194,54,0,54,248
03/20/2003,BKL,OH,AGL,CE,Federal Contract Tower,0,40,20,0,60,0,39,70,2,111,0,79,90,2,171,164,0,164,335
03/21/2003,BKL,OH,AGL,CE,Federal Contract Tower,0,33,22,0,55,0,16,30,0,46,0,49,52,0,101,66,0,66,167
03/22/2003,BKL,OH,AGL,CE,Federal Contract Tower,0,1,32,0,33,0,11,69,0,80,0,12,101,0,113,84,0,84,197
03/23/2003,BKL,OH,AGL,CE,Federal Contract Tower,0,12,25,1,38,0,13,43,0,56,0,25,68,1,94,138,0,138,232
03/24/2003,BKL,OH,AGL,CE,Federal Contract Tower,0,15,45,5,65,0,13,85,1,99,0,28,130,6,164,152,2,154,318
03/25/2003,BKL,OH,AGL,CE,Federal Contract Tower,0,34,47,0,81,0,27,49,2,78,0,61,96,2,159,100,0,100,259
03/26/2003,BKL,OH,AGL,CE,Federal Contract Tower,0,33,58,0,91,0,31,134,0,165,0,64,192,0,256,172,0,172,428
03/27/2003,BKL,OH,AGL,CE,Federal Contract Tower,0,25,28,0,53,0,46,90,4,140,0,71,118,4,193,104,0,104,297
03/28/2003,BKL,OH,AGL,CE,Federal Contract Tower,0,31,26,0,57,0,37,53,2,92,0,68,79,2,149,60,0,60,209
03/29/2003,BKL,OH,AGL,CE,Federal Contract Tower,0,0,10,0,10,0,9,31,0,40,0,9,41,0,50,48,0,48,98
03/30/2003,BKL,OH,AGL,CE,Federal Contract Tower,0,6,3,0,9,0,9,16,0,25,0,15,19,0,34,42,0,42,76
03/31/2003,BKL,OH,AGL,CE,Federal Contract Tower,1,17,29,0,47,0,12,51,2,65,1,29,80,2,112,58,0,58,170
04/01/2003,BKL,OH,AGL,CE,Federal Contract Tower,1,29,34,0,64,0,50,56,2,108,1,79,90,2,172,116,0,116,288
04/02/2003,BKL,OH,AGL,CE,Federal Contract Tower,0,28,28,0,56,0,20,88,0,108,0,48,116,0,164,236,2,238,402
04/03/2003,BKL,OH,AGL,CE,Federal Contract Tower,0,40,50,0,90,0,13,75,0,88,0,53,125,0,178,122,0,122,300
04/04/2003,BKL,OH,AGL,CE,Federal Contract Tower,1,33,14,0,48,0,6,20,0,26,1,39,34,0,74,8,0,8,82
04/05/2003,BKL,OH,AGL,CE,Federal Contract Tower,1,4,11,0,16,0,0,8,0,8,1,4,19,0,24,4,0,4,28
04/06/2003,BKL,OH,AGL,CE,Federal Contract Tower,0,7,12,0,19,0,16,62,0,78,0,23,74,0,97,56,0,56,153
04/07/2003,BKL,OH,AGL,CE,Federal Contract Tower,0,10,12,0,22,0,3,7,0,10,0,13,19,0,32,22,0,22,54
04/08/2003,BKL,OH,AGL,CE,Federal Contract Tower,0,36,23,0,59,0,2,4,0,6,0,38,27,0,65,2,0,2,67
04/09/2003,BKL,OH,AGL,CE,Federal Contract Tower,0,42,61,2,105,0,13,30,0,43,0,55,91,2,148,24,0,24,172
04/10/2003,BKL,OH,AGL,CE,Federal Contract Tower,0,39,43,2,84,0,36,57,0,93,0,75,100,2,177,14,0,14,191
04/11/2003,BKL,OH,AGL,CE,Federal Contract Tower,0,21,44,2,67,0,31,159,1,191,0,52,203,3,258,168,4,172,430
04/12/2003,BKL,OH,AGL,CE,Federal Contract Tower,0,6,29,1,36,0,20,59,1,80,0,26,88,2,116,202,4,206,322
04/13/2003,BKL,OH,AGL,CE,Federal Contract Tower,0,9,27,2,38,0,12,116,2,130,0,21,143,4,168,46,0,46,214
04/14/2003,BKL,OH,AGL,CE,Federal Contract Tower,0,24,25,0,49,0,26,119,2,147,0,50,144,2,196,130,0,130,326
04/15/2003,BKL,OH,AGL,CE,Federal Contract Tower,0,29,47,0,76,0,46,98,6,150,0,75,145,6,226,40,0,40,266
04/16/2003,BKL,OH,AGL,CE,Federal Contract Tower,2,27,61,0,90,0,29,72,2,103,2,56,133,2,193,130,0,130,323
04/17/2003,BKL,OH,AGL,CE,Federal Contract Tower,0,40,33,0,73,0,35,62,0,97,0,75,95,0,170,64,0,64,234
04/18/2003,BKL,OH,AGL,CE,Federal Contract Tower,0,33,24,3,60,0,27,47,3,77,0,60,71,6,137,48,0,48,185
04/19/2003,BKL,OH,AGL,CE,Federal Contract Tower,0,1,15,0,16,0,30,108,0,138,0,31,123,0,154,244,0,244,398
04/20/2003,BKL,OH,AGL,CE,Federal Contract Tower,0,2,3,0,5,0,16,17,0,33,0,18,20,0,38,8,0,8,46
04/21/2003,BKL,OH,AGL,CE,Federal Contract Tower,0,19,45,0,64,0,30,82,0,112,0,49,127,0,176,160,0,160,336
04/22/2003,BKL,OH,AGL,CE,Federal Contract Tower,0,42,60,0,102,0,19,33,0,52,0,61,93,0,154,74,0,74,228
04/23/2003,BKL,OH,AGL,CE,Federal Contract Tower,0,33,42,0,75,0,18,77,0,95,0,51,119,0,170,158,0,158,328
04/24/2003,BKL,OH,AGL,CE,Federal Contract Tower,0,35,33,0,68,0,21,123,6,150,0,56,156,6,218,172,0,172,390
04/25/2003,BKL,OH,AGL,CE,Federal Contract Tower,0,33,37,0,70,0,22,107,0,129,0,55,144,0,199,168,0,168,367
04/26/2003,BKL,OH,AGL,CE,Federal Contract Tower,0,7,24,0,31,0,21,82,2,105,0,28,106,2,136,170,4,174,310
04/27/2003,BKL,OH,AGL,CE,Federal Contract Tower,0,13,21,0,34,0,36,113,5,154,0,49,134,5,188,228,0,228,416
04/28/2003,BKL,OH,AGL,CE,Federal Contract Tower,0,20,41,0,61,0,11,149,4,164,0,31,190,4,225,122,0,122,347
04/29/2003,BKL,OH,AGL,CE,Federal Contract Tower,0,50,71,1,122,0,22,115,5,142,0,72,186,6,264,214,0,214,478
04/30/2003,BKL,OH,AGL,CE,Federal Contract Tower,0,35,50,0,85,0,32,66,0,98,0,67,116,0,183,90,0,90,273
05/01/2003,BKL,OH,AGL,CE,Federal Contract Tower,0,25,32,0,57,0,29,56,0,85,0,54,88,0,142,110,0,110,252
05/02/2003,BKL,OH,AGL,CE,Federal Contract Tower,0,23,50,0,73,0,17,24,0,41,0,40,74,0,114,68,0,68,182
05/03/2003,BKL,OH,AGL,CE,Federal Contract Tower,0,4,20,0,24,0,32,102,4,138,0,36,122,4,162,178,0,178,340
05/04/2003,BKL,OH,AGL,CE,Federal Contract Tower,0,8,33,2,43,0,21,126,2,149,0,29,159,4,192,76,6,82,274
05/05/2003,BKL,OH,AGL,CE,Federal Contract Tower,0,19,23,0,42,0,18,15,0,33,0,37,38,0,75,16,0,16,91
05/06/2003,BKL,OH,AGL,CE,Federal Contract Tower,0,34,45,2,81,0,12,66,4,82,0,46,111,6,163,140,0,140,303
05/07/2003,BKL,OH,AGL,CE,Federal Contract Tower,0,45,38,0,83,0,16,33,0,49,0,61,71,0,132,8,0,8,140
05/08/2003,BKL,OH,AGL,CE,Federal Contract Tower,0,28,73,0,101,0,19,60,0,79,0,47,133,0,180,14,0,14,194
05/09/2003,BKL,OH,AGL,CE,Federal Contract Tower,0,31,26,0,57,0,128,30,0,158,0,159,56,0,215,116,0,116,331
05/10/2003,BKL,OH,AGL,CE,Federal Contract Tower,0,1,18,0,19,0,13,70,0,83,0,14,88,0,102,156,0,156,258
05/11/2003,BKL,OH,AGL,CE,Federal Contract Tower,1,6,7,0,14,0,13,6,0,19,1,19,13,0,33,10,0,10,43
05/12/2003,BKL,OH,AGL,CE,Federal Contract Tower,1,16,26,1,44,0,16,20,0,36,1,32,46,1,80,0,0,0,80
05/13/2003,BKL,OH,AGL,CE,Federal Contract Tower,0,30,46,0,76,0,18,78,0,96,0,48,124,0,172,70,0,70,242
05/14/2003,BKL,OH,AGL,CE,Federal Contract Tower,0,37,31,0,68,0,12,174,0,186,0,49,205,0,254,256,0,256,510
05/15/2003,BKL,OH,AGL,CE,Federal Contract Tower,2,36,34,0,72,0,46,79,4,129,2,82,113,4,201,0,0,0,201
05/16/2003,BKL,OH,AGL,CE,Federal Contract Tower,1,40,37,3,81,0,42,113,0,155,1,82,150,3,236,88,0,88,324
05/17/2003,BKL,OH,AGL,CE,Federal Contract Tower,0,2,33,0,35,0,33,109,0,142,0,35,142,0,177,82,0,82,259
05/18/2003,BKL,OH,AGL,CE,Federal Contract Tower,2,12,28,2,44,0,70,49,0,119,2,82,77,2,163,144,0,144,307
05/19/2003,BKL,OH,AGL,CE,Federal Contract Tower,0,12,59,0,71,0,27,121,0,148,0,39,180,0,219,124,0,124,343
05/20/2003,BKL,OH,AGL,CE,Federal Contract Tower,0,29,41,0,70,0,19,63,0,82,0,48,104,0,152,30,0,30,182
05/21/2003,BKL,OH,AGL,CE,Federal Contract Tower,2,43,55,0,100,0,42,113,0,155,2,85,168,0,255,70,0,70,325
05/22/2003,BKL,OH,AGL,CE,Federal Contract Tower,2,44,56,0,102,0,39,104,0,143,2,83,160,0,245,224,0,224,469
05/23/2003,BKL,OH,AGL,CE,Federal Contract Tower,0,36,42,0,78,0,12,85,0,97,0,48,127,0,175,146,0,146,321
05/24/2003,BKL,OH,AGL,CE,Federal Contract Tower,0,5,19,0,24,0,24,61,0,85,0,29,80,0,109,160,0,160,269
05/25/2003,BKL,OH,AGL,CE,Federal Contract Tower,0,10,18,0,28,0,19,51,0,70,0,29,69,0,98,120,0,120,218
05/26/2003,BKL,OH,AGL,CE,Federal Contract Tower,0,5,14,0,19,0,28,63,0,91,0,33,77,0,110,20,0,20,130
05/27/2003,BKL,OH,AGL,CE,Federal Contract Tower,0,22,65,0,87,0,14,67,0,81,0,36,132,0,168,130,0,130,298
05/28/2003,BKL,OH,AGL,CE,Federal Contract Tower,0,40,59,2,101,0,29,77,2,108,0,69,136,4,209,252,0,252,461
05/29/2003,BKL,OH,AGL,CE,Federal Contract Tower,2,38,54,0,94,0,55,93,2,150,2,93,147,2,244,250,0,250,494
05/30/2003,BKL,OH,AGL,CE,Federal Contract Tower,0,23,40,0,63,0,42,94,3,139,0,65,134,3,202,180,6,186,388
05/31/2003,BKL,OH,AGL,CE,Federal Contract Tower,0,4,13,0,17,0,2,1,0,3,0,6,14,0,20,0,0,0,20
06/01/2003,BKL,OH,AGL,CE,Federal Contract Tower,0,3,16,0,19,0,44,116,2,162,0,47,132,2,181,120,0,120,301
06/02/2003,BKL,OH,AGL,CE,Federal Contract Tower,0,14,49,0,63,0,25,155,0,180,0,39,204,0,243,226,0,226,469
06/03/2003,BKL,OH,AGL,CE,Federal Contract Tower,0,39,44,0,83,0,22,82,0,104,0,61,126,0,187,290,0,290,477
06/04/2003,BKL,OH,AGL,CE,Federal Contract Tower,0,38,64,0,102,0,19,37,0,56,0,57,101,0,158,74,0,74,232
06/05/2003,BKL,OH,AGL,CE,Federal Contract Tower,0,39,62,0,101,0,13,74,0,87,0,52,136,0,188,174,0,174,362
06/06/2003,BKL,OH,AGL,CE,Federal Contract Tower,0,36,34,3,73,0,28,128,0,156,0,64,162,3,229,228,6,234,463
06/07/2003,BKL,OH,AGL,CE,Federal Contract Tower,0,4,24,1,29,0,27,110,0,137,0,31,134,1,166,130,0,130,296
06/08/2003,BKL,OH,AGL,CE,Federal Contract Tower,0,2,16,4,22,0,20,72,0,92,0,22,88,4,114,144,0,144,258
06/09/2003,BKL,OH,AGL,CE,Federal Contract Tower,1,22,60,0,83,0,28,135,0,163,1,50,195,0,246,132,0,132,378
06/10/2003,BKL,OH,AGL,CE,Federal Contract Tower,0,30,43,0,73,0,25,123,0,148,0,55,166,0,221,164,2,166,387
06/11/2003,BKL,OH,AGL,CE,Federal Contract Tower,0,49,62,0,111,0,31,82,2,115,0,80,144,2,226,162,0,162,388
06/12/2003,BKL,OH,AGL,CE,Federal Contract Tower,0,39,53,2,94,0,16,39,0,55,0,55,92,2,149,112,4,116,265
06/13/2003,BKL,OH,AGL,CE,Federal Contract Tower,1,30,51,0,82,0,32,56,0,88,1,62,107,0,170,60,0,60,230
06/14/2003,BKL,OH,AGL,CE,Federal Contract Tower,0,11,39,0,50,0,12,83,0,95,0,23,122,0,145,74,0,74,219
06/15/2003,BKL,OH,AGL,CE,Federal Contract Tower,0,6,27,0,33,0,35,109,0,144,0,41,136,0,177,164,0,164,341
06/16/2003,BKL,OH,AGL,CE,Federal Contract Tower,0,28,41,2,71,0,22,140,0,162,0,50,181,2,233,190,4,194,427
06/17/2003,BKL,OH,AGL,CE,Federal Contract Tower,0,41,64,0,105,0,44,113,2,159,0,85,177,2,264,278,0,278,542
06/18/2003,BKL,OH,AGL,CE,Federal Contract Tower,0,36,68,1,105,0,44,94,2,140,0,80,162,3,245,260,2,262,507
06/19/2003,BKL,OH,AGL,CE,Federal Contract Tower,0,35,48,0,83,0,21,85,0,106,0,56,133,0,189,62,0,62,251
06/20/2003,BKL,OH,AGL,CE,Federal Contract Tower,0,27,53,6,86,0,33,133,0,166,0,60,186,6,252,178,10,188,440
06/21/2003,BKL,OH,AGL,CE,Federal Contract Tower,0,3,28,1,32,0,45,115,5,165,0,48,143,6,197,154,0,154,351
06/22/2003,BKL,OH,AGL,CE,Federal Contract Tower,0,7,30,0,37,0,29,179,2,210,0,36,209,2,247,108,0,108,355
06/23/2003,BKL,OH,AGL,CE,Federal Contract Tower,0,29,39,0,68,0,57,166,4,227,0,86,205,4,295,66,0,66,361
06/24/2003,BKL,OH,AGL,CE,Federal Contract Tower,0,35,61,1,97,0,38,216,1,255,0,73,277,2,352,8,0,8,360
06/25/2003,BKL,OH,AGL,CE,Federal Contract Tower,0,32,47,0,79,0,24,140,0,164,0,56,187,0,243,22,0,22,265
06/26/2003,BKL,OH,AGL,CE,Federal Contract Tower,0,31,57,0,88,0,26,80,2,108,0,57,137,2,196,30,0,30,226
06/27/2003,BKL,OH,AGL,CE,Federal Contract Tower,0,26,41,1,68,0,25,140,0,165,0,51,181,1,233,42,8,50,283
06/28/2003,BKL,OH,AGL,CE,Federal Contract Tower,0,11,36,0,47,0,50,118,0,168,0,61,154,0,215,38,0,38,253
06/29/2003,BKL,OH,AGL,CE,Federal Contract Tower,0,3,32,1,36,0,28,104,0,132,0,31,136,1,168,0,0,0,168
06/30/2003,BKL,OH,AGL,CE,Federal Contract Tower,0,23,32,0,55,0,37,122,0,159,0,60,154,0,214,0,0,0,214
07/01/2003,BKL,OH,AGL,CE,Federal Contract Tower,0,38,37,0,75,0,37,100,0,137,0,75,137,0,212,34,0,34,246
07/02/2003,BKL,OH,AGL,CE,Federal Contract Tower,0,29,29,0,58,0,26,67,0,93,0,55,96,0,151,34,0,34,185
07/03/2003,BKL,OH,AGL,CE,Federal Contract Tower,0,9,4,0,13,0,20,59,2,81,0,29,63,2,94,26,0,26,120
07/04/2003,BKL,OH,AGL,CE,Federal Contract Tower,0,0,0,0,0,0,14,38,0,52,0,14,38,0,52,16,0,16,68
07/05/2003,BKL,OH,AGL,CE,Federal Contract Tower,0,0,0,0,0,0,29,29,0,58,0,29,29,0,58,0,0,0,58
07/06/2003,BKL,OH,AGL,CE,Federal Contract Tower,0,4,10,0,14,0,18,18,0,36,0,22,28,0,50,18,0,18,68
07/07/2003,BKL,OH,AGL,CE,Federal Contract Tower,0,19,14,0,33,0,42,49,0,91,0,61,63,0,124,6,0,6,130
07/08/2003,BKL,OH,AGL,CE,Federal Contract Tower,0,29,47,0,76,0,31,97,0,128,0,60,144,0,204,30,0,30,234
07/09/2003,BKL,OH,AGL,CE,Federal Contract Tower,0,30,53,6,89,0,10,69,0,79,0,40,122,6,168,28,6,34,202
07/10/2003,BKL,OH,AGL,CE,Federal Contract Tower,2,45,53,0,100,0,20,86,6,112,2,65,139,6,212,44,6,50,262
07/11/2003,BKL,OH,AGL,CE,Federal Contract Tower,1,30,46,0,77,0,18,80,0,98,1,48,126,0,175,6,0,6,181
07/12/2003,BKL,OH,AGL,CE,Federal Contract Tower,1,2,43,4,50,0,13,149,0,162,1,15,192,4,212,42,0,42,254
07/13/2003,BKL,OH,AGL,CE,Federal Contract Tower,0,8,37,0,45,0,23,136,0,159,0,31,173,0,204,94,0,94,298
07/14/2003,BKL,OH,AGL,CE,Federal Contract Tower,0,34,46,0,80,0,40,131,4,175,0,74,177,4,255,258,0,258,513
07/15/2003,BKL,OH,AGL,CE,Federal Contract Tower,0,29,63,0,92,0,30,94,8,132,0,59,157,8,224,122,4,126,350
07/16/2003,BKL,OH,AGL,CE,Federal Contract Tower,0,29,62,0,91,0,32,117,0,149,0,61,179,0,240,228,0,228,468
07/17/2003,BKL,OH,AGL,CE,Federal Contract Tower,0,35,56,1,92,0,41,178,2,221,0,76,234,3,313,302,0,302,615
07/18/2003,BKL,OH,AGL,CE,Federal Contract Tower,0,27,52,3,82,0,36,89,0,125,0,63,141,3,207,258,2,260,467
07/19/2003,BKL,OH,AGL,CE,Federal Contract Tower,0,3,23,0,26,0,31,125,4,160,0,34,148,4,186,188,0,188,374
07/20/2003,BKL,OH,AGL,CE,Federal Contract Tower,0,6,25,0,31,0,34,67,0,101,0,40,92,0,132,144,0,144,276
07/21/2003,BKL,OH,AGL,CE,Federal Contract Tower,0,34,30,0,64,0,9,25,0,34,0,43,55,0,98,42,0,42,140
07/22/2003,BKL,OH,AGL,CE,Federal Contract Tower,0,45,50,0,95,0,28,43,2,73,0,73,93,2,168,38,0,38,206
07/23/2003,BKL,OH,AGL,CE,Federal Contract Tower,1,43,61,0,105,0,28,123,0,151,1,71,184,0,256,292,0,292,548
07/24/2003,BKL,OH,AGL,CE,Federal Contract Tower,1,43,52,2,98,0,22,159,0,181,1,65,211,2,279,230,0,230,509
07/25/2003,BKL,OH,AGL,CE,Federal Contract Tower,0,35,45,1,81,0,24,164,3,191,0,59,209,4,272,184,0,184,456
07/26/2003,BKL,OH,AGL,CE,Federal Contract Tower,0,10,28,0,38,0,36,113,0,149,0,46,141,0,187,218,0,218,405
07/27/2003,BKL,OH,AGL,CE,Federal Contract Tower,0,13,16,1,30,0,20,53,0,73,0,33,69,1,103,54,0,54,157
07/28/2003,BKL,OH,AGL,CE,Federal Contract Tower,0,28,36,0,64,0,28,126,0,154,0,56,162,0,218,128,0,128,346
07/29/2003,BKL,OH,AGL,CE,Federal Contract Tower,0,45,44,2,91,0,21,162,0,183,0,66,206,2,274,178,0,178,452
07/30/2003,BKL,OH,AGL,CE,Federal Contract Tower,0,46,62,0,108,0,29,167,4,200,0,75,229,4,308,246,6,252,560
07/31/2003,BKL,OH,AGL,CE,Federal Contract Tower,0,30,38,0,68,0,47,66,4,117,0,77,104,4,185,182,4,186,371
08/01/2003,BKL,OH,AGL,CE,Federal Contract Tower,0,7,25,0,32,0,29,69,0,98,0,36,94,0,130,36,0,36,166
08/02/2003,BKL,OH,AGL,CE,Federal Contract Tower,0,20,32,0,52,0,27,93,0,120,0,47,125,0,172,50,0,50,222
08/03/2003,BKL,OH,AGL,CE,Federal Contract Tower,0,1,18,0,19,0,18,40,0,58,0,19,58,0,77,4,0,4,81
08/04/2003,BKL,OH,AGL,CE,Federal Contract Tower,3,25,53,0,81,0,37,49,0,86,3,62,102,0,167,112,0,112,279
08/05/2003,BKL,OH,AGL,CE,Federal Contract Tower,1,41,50,1,93,0,38,130,1,169,1,79,180,2,262,232,0,232,494
08/06/2003,BKL,OH,AGL,CE,Federal Contract Tower,1,32,55,0,88,0,29,110,0,139,1,61,165,0,227,234,0,234,461
08/07/2003,BKL,OH,AGL,CE,Federal Contract Tower,1,32,44,1,78,0,46,112,1,159,1,78,156,2,237,268,0,268,505
08/08/2003,BKL,OH,AGL,CE,Federal Contract Tower,0,29,47,7,83,0,50,89,1,140,0,79,136,8,223,46,2,48,271
08/09/2003,BKL,OH,AGL,CE,Federal Contract Tower,0,9,41,0,50,0,25,33,0,58,0,34,74,0,108,44,0,44,152
08/10/2003,BKL,OH,AGL,CE,Federal Contract Tower,0,4,33,0,37,0,25,143,7,175,0,29,176,7,212,234,2,236,448
08/11/2003,BKL,OH,AGL,CE,Federal Contract Tower,0,26,40,0,66,0,19,92,0,111,0,45,132,0,177,298,0,298,475
08/12/2003,BKL,OH,AGL,CE,Federal Contract Tower,0,29,68,0,97,0,20,121,4,145,0,49,189,4,242,156,0,156,398
08/13/2003,BKL,OH,AGL,CE,Federal Contract Tower,0,41,68,0,109,0,51,160,2,213,0,92,228,2,322,168,4,172,494
08/14/2003,BKL,OH,AGL,CE,Federal Contract Tower,0,34,55,0,89,0,52,184,8,244,0,86,239,8,333,164,0,164,497
08/15/2003,BKL,OH,AGL,CE,Federal Contract Tower,0,28,51,0,79,0,26,79,0,105,0,54,130,0,184,50,0,50,234
08/16/2003,BKL,OH,AGL,CE,Federal Contract Tower,0,6,20,0,26,0,21,22,0,43,0,27,42,0,69,20,0,20,89
08/17/2003,BKL,OH,AGL,CE,Federal Contract Tower,0,9,48,0,57,0,23,94,0,117,0,32,142,0,174,142,2,144,318
08/18/2003,BKL,OH,AGL,CE,Federal Contract Tower,0,21,55,0,76,0,33,112,0,145,0,54,167,0,221,139,0,139,360
08/19/2003,BKL,OH,AGL,CE,Federal Contract Tower,0,42,59,2,103,0,74,216,2,292,0,116,275,4,395,180,0,180,575
08/20/2003,BKL,OH,AGL,CE,Federal Contract Tower,0,46,51,0,97,0,56,245,0,301,0,102,296,0,398,150,0,150,548
08/21/2003,BKL,OH,AGL,CE,Federal Contract Tower,0,36,44,4,84,0,29,72,4,105,0,65,116,8,189,28,0,28,217
08/22/2003,BKL,OH,AGL,CE,Federal Contract Tower,0,28,46,0,74,0,30,114,0,144,0,58,160,0,218,24,0,24,242
08/23/2003,BKL,OH,AGL,CE,Federal Contract Tower,0,7,23,2,32,0,21,138,0,159,0,28,161,2,191,46,0,46,237
08/24/2003,BKL,OH,AGL,CE,Federal Contract Tower,0,9,25,0,34,0,35,99,2,136,0,44,124,2,170,124,0,124,294
08/25/2003,BKL,OH,AGL,CE,Federal Contract Tower,0,32,47,0,79,0,44,107,2,153,0,76,154,2,232,2,0,2,234
08/26/2003,BKL,OH,AGL,CE,Federal Contract Tower,0,50,53,0,103,0,24,76,2,102,0,74,129,2,205,14,0,14,219
08/27/2003,BKL,OH,AGL,CE,Federal Contract Tower,0,50,27,5,82,0,50,86,4,140,0,100,113,9,222,24,0,24,246
08/28/2003,BKL,OH,AGL,CE,Federal Contract Tower,2,38,46,17,103,0,16,84,9,109,2,54,130,26,212,50,24,74,286
08/29/2003,BKL,OH,AGL,CE,Federal Contract Tower,1,31,16,22,70,0,3,45,12,60,1,34,61,34,130,24,26,50,180
08/30/2003,BKL,OH,AGL,CE,Federal Contract Tower,1,2,5,3,11,0,9,24,8,41,1,11,29,11,52,22,4,26,78
08/31/2003,BKL,OH,AGL,CE,Federal Contract Tower,0,0,1,1,2,0,15,4,0,19,0,15,5,1,21,0,0,0,21
09/01/2003,BKL,OH,AGL,CE,Federal Contract Tower,1,1,6,17,25,0,4,3,0,7,1,5,9,17,32,2,0,2,34
09/02/2003,BKL,OH,AGL,CE,Federal Contract Tower,1,24,49,27,101,0,36,88,8,132,1,60,137,35,233,22,10,32,265
09/03/2003,BKL,OH,AGL,CE,Federal Contract Tower,0,36,53,4,93,0,18,97,3,118,0,54,150,7,211,100,0,100,311
09/04/2003,BKL,OH,AGL,CE,Federal Contract Tower,0,45,45,4,94,0,20,106,4,130,0,65,151,8,224,104,0,104,328
09/05/2003,BKL,OH,AGL,CE,Federal Contract Tower,0,32,27,3,62,0,37,162,13,212,0,69,189,16,274,132,0,132,406
09/06/2003,BKL,OH,AGL,CE,Federal Contract Tower,2,5,28,1,36,0,37,146,7,190,2,42,174,8,226,124,8,132,358
09/07/2003,BKL,OH,AGL,CE,Federal Contract Tower,0,4,64,0,68,0,30,173,12,215,0,34,237,12,283,98,10,108,391
09/08/2003,BKL,OH,AGL,CE,Federal Contract Tower,0,15,45,4,64,0,17,89,6,112,0,32,134,10,176,86,0,86,262
09/09/2003,BKL,OH,AGL,CE,Federal Contract Tower,0,41,58,2,101,0,41,131,0,172,0,82,189,2,273,112,0,112,385
09/10/2003,BKL,OH,AGL,CE,Federal Contract Tower,0,35,60,2,97,0,41,141,0,182,0,76,201,2,279,84,0,84,363
09/11/2003,BKL,OH,AGL,CE,Federal Contract Tower,0,32,45,0,77,0,19,173,0,192,0,51,218,0,269,126,0,126,395
09/12/2003,BKL,OH,AGL,CE,Federal Contract Tower,0,37,40,1,78,0,30,132,0,162,0,67,172,1,240,72,0,72,312
09/13/2003,BKL,OH,AGL,CE,Federal Contract Tower,0,4,35,0,39,0,33,161,2,196,0,37,196,2,235,110,0,110,345
09/14/2003,BKL,OH,AGL,CE,Federal Contract Tower,0,11,28,1,40,0,47,144,4,195,0,58,172,5,235,132,0,132,367
09/15/2003,BKL,OH,AGL,CE,Federal Contract Tower,0,16,55,0,71,0,19,56,0,75,0,35,111,0,146,130,0,130,276
09/16/2003,BKL,OH,AGL,CE,Federal Contract Tower,0,39,66,0,105,0,17,166,2,185,0,56,232,2,290,138,0,138,428
09/17/2003,BKL,OH,AGL,CE,Federal Contract Tower,0,44,82,0,126,0,27,155,0,182,0,71,237,0,308,82,0,82,390
09/18/2003,BKL,OH,AGL,CE,Federal Contract Tower,0,39,50,0,89,0,37,104,0,141,0,76,154,0,230,182,0,182,412
09/19/2003,BKL,OH,AGL,CE,Federal Contract Tower,0,34,16,0,50,0,8,30,0,38,0,42,46,0,88,24,0,24,112
09/20/2003,BKL,OH,AGL,CE,Federal Contract Tower,0,8,28,1,37,0,53,224,4,281,0,61,252,5,318,144,0,144,462
09/21/2003,BKL,OH,AGL,CE,Federal Contract Tower,0,11,29,0,40,0,9,81,0,90,0,20,110,0,130,52,0,52,182
09/22/2003,BKL,OH,AGL,CE,Federal Contract Tower,0,27,42,0,69,0,8,21,0,29,0,35,63,0,98,0,0,0,98
09/23/2003,BKL,OH,AGL,CE,Federal Contract Tower,0,39,77,0,116,0,42,74,2,118,0,81,151,2,234,122,0,122,356
09/24/2003,BKL,OH,AGL,CE,Federal Contract Tower,0,29,63,0,92,0,16,88,0,104,0,45,151,0,196,54,0,54,250
09/25/2003,BKL,OH,AGL,CE,Federal Contract Tower,0,39,48,0,87,0,39,67,0,106,0,78,115,0,193,102,2,104,297
09/26/2003,BKL,OH,AGL,CE,Federal Contract Tower,0,33,36,1,70,0,45,163,0,208,0,78,199,1,278,140,0,140,418
09/27/2003,BKL,OH,AGL,CE,Federal Contract Tower,1,3,26,2,32,0,19,50,0,69,1,22,76,2,101,68,0,68,169
09/28/2003,BKL,OH,AGL,CE,Federal Contract Tower,1,14,78,1,94,0,28,128,0,156,1,42,206,1,250,80,0,80,330
09/29/2003,BKL,OH,AGL,CE,Federal Contract Tower,0,22,21,0,43,0,6,41,0,47,0,28,62,0,90,14,0,14,104
09/30/2003,BKL,OH,AGL,CE,Federal Contract Tower,0,39,45,0,84,0,8,49,0,57,0,47,94,0,141,120,0,120,261
10/01/2003,BKL,OH,AGL,CE,Federal Contract Tower,0,32,56,0,88,0,43,113,0,156,0,75,169,0,244,150,0,150,394
10/02/2003,BKL,OH,AGL,CE,Federal Contract Tower,0,39,65,0,104,0,28,82,5,115,0,67,147,5,219,80,2,82,301
10/03/2003,BKL,OH,AGL,CE,Federal Contract Tower,0,26,44,0,70,0,42,97,3,142,0,68,141,3,212,82,0,82,294
10/04/2003,BKL,OH,AGL,CE,Federal Contract Tower,0,6,11,0,17,0,45,34,0,79,0,51,45,0,96,16,0,16,112
10/05/2003,BKL,OH,AGL,CE,Federal Contract Tower,0,11,20,1,32,0,11,95,2,108,0,22,115,3,140,116,6,122,262
10/06/2003,BKL,OH,AGL,CE,Federal Contract Tower,0,29,50,0,79,0,19,94,0,113,0,48,144,0,192,128,2,130,322
10/07/2003,BKL,OH,AGL,CE,Federal Contract Tower,0,36,61,0,97,0,25,163,0,188,0,61,224,0,285,208,0,208,493
10/08/2003,BKL,OH,AGL,CE,Federal Contract Tower,0,46,78,0,124,0,51,128,0,179,0,97,206,0,303,172,0,172,475
10/09/2003,BKL,OH,AGL,CE,Federal Contract Tower,0,34,58,1,93,0,26,151,1,178,0,60,209,2,271,180,0,180,451
10/10/2003,BKL,OH,AGL,CE,Federal Contract Tower,0,34,58,0,92,0,43,112,0,155,0,77,170,0,247,104,0,104,351
10/11/2003,BKL,OH,AGL,CE,Federal Contract Tower,0,15,26,0,41,0,2,133,0,135,0,17,159,0,176,172,0,172,348
10/12/2003,BKL,OH,AGL,CE,Federal Contract Tower,0,22,37,1,60,1,4,50,0,55,1,26,87,1,115,86,0,86,201
10/13/2003,BKL,OH,AGL,CE,Federal Contract Tower,0,16,37,0,53,1,0,127,0,128,1,16,164,0,181,90,0,90,271
10/14/2003,BKL,OH,AGL,CE,Federal Contract Tower,0,20,33,0,53,0,7,61,0,68,0,27,94,0,121,26,0,26,147
10/15/2003,BKL,OH,AGL,CE,Federal Contract Tower,0,31,53,0,84,0,31,100,0,131,0,62,153,0,215,70,0,70,285
10/16/2003,BKL,OH,AGL,CE,Federal Contract Tower,0,38,64,0,102,0,44,127,0,171,0,82,191,0,273,140,0,140,413
10/17/2003,BKL,OH,AGL,CE,Federal Contract Tower,0,30,51,1,82,0,47,103,0,150,0,77,154,1,232,110,0,110,342
10/18/2003,BKL,OH,AGL,CE,Federal Contract Tower,0,12,22,0,34,0,10,72,0,82,0,22,94,0,116,88,0,88,204
10/19/2003,BKL,OH,AGL,CE,Federal Contract Tower,0,17,29,0,46,0,5,86,0,91,0,22,115,0,137,52,0,52,189
10/20/2003,BKL,OH,AGL,CE,Federal Contract Tower,0,24,41,0,65,2,17,76,0,95,2,41,117,0,160,88,0,88,248
10/21/2003,BKL,OH,AGL,CE,Federal Contract Tower,0,44,76,0,120,0,31,71,2,104,0,75,147,2,224,42,0,42,266
10/22/2003,BKL,OH,AGL,CE,Federal Contract Tower,0,33,56,0,89,0,31,75,0,106,0,64,131,0,195,74,0,74,269
10/23/2003,BKL,OH,AGL,CE,Federal Contract Tower,0,37,65,0,102,0,48,72,0,120,0,85,137,0,222,106,0,106,328
10/24/2003,BKL,OH,AGL,CE,Federal Contract Tower,0,22,39,0,61,0,35,132,0,167,0,57,171,0,228,170,0,170,398
10/25/2003,BKL,OH,AGL,CE,Federal Contract Tower,0,8,16,0,24,0,22,38,2,62,0,30,54,2,86,54,0,54,140
10/26/2003,BKL,OH,AGL,CE,Federal Contract Tower,0,7,13,0,20,0,2,13,0,15,0,9,26,0,35,28,0,28,63
10/27/2003,BKL,OH,AGL,CE,Federal Contract Tower,0,27,48,0,75,0,22,74,0,96,0,49,122,0,171,138,0,138,309
10/28/2003,BKL,OH,AGL,CE,Federal Contract Tower,0,34,58,0,92,0,18,82,0,100,0,52,140,0,192,42,0,42,234
10/29/2003,BKL,OH,AGL,CE,Federal Contract Tower,0,40,70,0,110,0,13,102,12,127,0,53,172,12,237,208,2,210,447
10/30/2003,BKL,OH,AGL,CE,Federal Contract Tower,0,37,63,0,100,0,36,108,2,146,0,73,171,2,246,100,0,100,346
10/31/2003,BKL,OH,AGL,CE,Federal Contract Tower,0,22,38,0,60,0,23,92,0,115,0,45,130,0,175,140,0,140,315
11/01/2003,BKL,OH,AGL,CE,Federal Contract Tower,0,19,29,0,48,0,11,35,9,55,0,30,64,9,103,86,2,88,191
11/02/2003,BKL,OH,AGL,CE,Federal Contract Tower,0,10,17,0,27,0,39,59,0,98,0,49,76,0,125,52,0,52,177
11/03/2003,BKL,OH,AGL,CE,Federal Contract Tower,0,37,55,0,92,0,18,60,0,78,0,55,115,0,170,26,0,26,196
11/04/2003,BKL,OH,AGL,CE,Federal Contract Tower,0,32,49,1,82,0,23,88,3,114,0,55,137,4,196,146,0,146,342
11/05/2003,BKL,OH,AGL,CE,Federal Contract Tower,0,39,57,0,96,0,48,70,0,118,0,87,127,0,214,102,0,102,316
11/06/2003,BKL,OH,AGL,CE,Federal Contract Tower,0,48,70,2,120,0,21,77,2,100,0,69,147,4,220,160,0,160,380
11/07/2003,BKL,OH,AGL,CE,Federal Contract Tower,0,34,49,0,83,0,23,114,0,137,0,57,163,0,220,44,0,44,264
11/08/2003,BKL,OH,AGL,CE,Federal Contract Tower,0,16,23,0,39,0,15,70,0,85,0,31,93,0,124,122,0,122,246
11/09/2003,BKL,OH,AGL,CE,Federal Contract Tower,0,14,21,0,35,0,18,146,0,164,0,32,167,0,199,108,0,108,307
11/10/2003,BKL,OH,AGL,CE,Federal Contract Tower,0,33,49,0,82,0,15,100,0,115,0,48,149,0,197,120,0,120,317
11/11/2003,BKL,OH,AGL,CE,Federal Contract Tower,0,30,43,0,73,0,40,37,0,77,0,70,80,0,150,64,0,64,214
11/12/2003,BKL,OH,AGL,CE,Federal Contract Tower,0,24,35,0,59,0,13,48,0,61,0,37,83,0,120,66,0,66,186
11/13/2003,BKL,OH,AGL,CE,Federal Contract Tower,0,24,36,0,60,0,23,0,0,23,0,47,36,0,83,4,0,4,87
11/14/2003,BKL,OH,AGL,CE,Federal Contract Tower,0,28,41,1,70,0,37,60,5,102,0,65,101,6,172,48,0,48,220
11/15/2003,BKL,OH,AGL,CE,Federal Contract Tower,0,9,13,0,22,0,6,48,0,54,0,15,61,0,76,144,0,144,220
11/16/2003,BKL,OH,AGL,CE,Federal Contract Tower,0,18,26,0,44,0,8,32,0,40,0,26,58,0,84,18,0,18,102
11/17/2003,BKL,OH,AGL,CE,Federal Contract Tower,0,27,40,1,68,0,29,73,3,105,0,56,113,4,173,120,4,124,297
11/18/2003,BKL,OH,AGL,CE,Federal Contract Tower,0,37,54,0,91,0,45,60,1,106,0,82,114,1,197,32,0,32,229
11/19/2003,BKL,OH,AGL,CE,Federal Contract Tower,0,44,64,0,108,0,20,49,0,69,0,64,113,0,177,30,0,30,207
11/20/2003,BKL,OH,AGL,CE,Federal Contract Tower,0,42,61,0,103,1,31,111,3,146,1,73,172,3,249,140,0,140,389
11/21/2003,BKL,OH,AGL,CE,Federal Contract Tower,0,23,35,0,58,0,18,109,2,129,0,41,144,2,187,134,0,134,321
11/22/2003,BKL,OH,AGL,CE,Federal Contract Tower,0,9,14,0,23,1,13,114,0,128,1,22,128,0,151,192,0,192,343
11/23/2003,BKL,OH,AGL,CE,Federal Contract Tower,0,25,37,0,62,0,23,116,3,142,0,48,153,3,204,118,0,118,322
11/24/2003,BKL,OH,AGL,CE,Federal Contract Tower,0,22,33,0,55,0,31,32,2,65,0,53,65,2,120,0,0,0,120
11/25/2003,BKL,OH,AGL,CE,Federal Contract Tower,0,29,44,0,73,0,26,79,0,105,0,55,123,0,178,140,0,140,318
11/26/2003,BKL,OH,AGL,CE,Federal Contract Tower,0,27,40,0,67,0,26,86,0,112,0,53,126,0,179,144,0,144,323
11/27/2003,BKL,OH,AGL,CE,Federal Contract Tower,0,10,12,0,22,0,30,0,0,30,0,40,12,0,52,0,0,0,52
11/28/2003,BKL,OH,AGL,CE,Federal Contract Tower,0,8,7,0,15,0,7,0,0,7,0,15,7,0,22,0,0,0,22
11/29/2003,BKL,OH,AGL,CE,Federal Contract Tower,0,3,5,0,8,0,25,9,0,34,0,28,14,0,42,0,0,0,42
11/30/2003,BKL,OH,AGL,CE,Federal Contract Tower,0,15,22,0,37,0,30,58,0,88,0,45,80,0,125,54,0,54,179
12/01/2003,BKL,OH,AGL,CE,Federal Contract Tower,0,16,20,0,36,0,11,32,2,45,0,27,52,2,81,4,0,4,85
12/02/2003,BKL,OH,AGL,CE,Federal Contract Tower,0,30,37,0,67,0,15,48,2,65,0,45,85,2,132,28,0,28,160
12/03/2003,BKL,OH,AGL,CE,Federal Contract Tower,0,38,45,0,83,0,39,73,0,112,0,77,118,0,195,116,0,116,311
12/04/2003,BKL,OH,AGL,CE,Federal Contract Tower,0,38,44,0,82,0,20,65,0,85,0,58,109,0,167,90,0,90,257
12/05/2003,BKL,OH,AGL,CE,Federal Contract Tower,0,31,35,0,66,0,11,2,2,15,0,42,37,2,81,0,0,0,81
12/06/2003,BKL,OH,AGL,CE,Federal Contract Tower,1,7,9,0,17,0,4,47,0,51,1,11,56,0,68,100,0,100,168
12/07/2003,BKL,OH,AGL,CE,Federal Contract Tower,0,10,12,0,22,0,17,65,0,82,0,27,77,0,104,122,0,122,226
12/08/2003,BKL,OH,AGL,CE,Federal Contract Tower,2,42,51,0,95,0,8,68,2,78,2,50,119,2,173,180,0,180,353
12/09/2003,BKL,OH,AGL,CE,Federal Contract Tower,2,53,62,0,117,0,24,46,0,70,2,77,108,0,187,86,0,86,273
12/10/2003,BKL,OH,AGL,CE,Federal Contract Tower,1,37,44,0,82,0,22,41,0,63,1,59,85,0,145,6,0,6,151
12/11/2003,BKL,OH,AGL,CE,Federal Contract Tower,1,40,47,0,88,0,45,46,0,91,1,85,93,0,179,44,0,44,223
12/12/2003,BKL,OH,AGL,CE,Federal Contract Tower,0,33,39,0,72,0,54,45,1,100,0,87,84,1,172,0,0,0,172
12/13/2003,BKL,OH,AGL,CE,Federal Contract Tower,1,15,18,0,34,1,8,69,1,79,2,23,87,1,113,148,0,148,261
12/14/2003,BKL,OH,AGL,CE,Federal Contract Tower,0,7,9,0,16,0,12,1,0,13,0,19,10,0,29,0,0,0,29
12/15/2003,BKL,OH,AGL,CE,Federal Contract Tower,1,35,40,0,76,1,17,32,2,52,2,52,72,2,128,54,0,54,182
12/16/2003,BKL,OH,AGL,CE,Federal Contract Tower,0,38,44,0,82,0,18,86,0,104,0,56,130,0,186,24,0,24,210
12/17/2003,BKL,OH,AGL,CE,Federal Contract Tower,1,44,53,0,98,1,34,28,0,63,2,78,81,0,161,42,0,42,203
12/18/2003,BKL,OH,AGL,CE,Federal Contract Tower,0,38,46,0,84,0,14,8,0,22,0,52,54,0,106,2,0,2,108
12/19/2003,BKL,OH,AGL,CE,Federal Contract Tower,0,33,39,0,72,0,11,12,1,24,0,44,51,1,96,62,0,62,158
12/20/2003,BKL,OH,AGL,CE,Federal Contract Tower,0,15,18,0,33,0,7,32,0,39,0,22,50,0,72,52,0,52,124
12/21/2003,BKL,OH,AGL,CE,Federal Contract Tower,0,18,21,0,39,0,16,82,0,98,0,34,103,0,137,32,0,32,169
12/22/2003,BKL,OH,AGL,CE,Federal Contract Tower,0,19,24,0,43,1,30,59,0,90,1,49,83,0,133,98,0,98,231
12/23/2003,BKL,OH,AGL,CE,Federal Contract Tower,0,32,39,0,71,1,16,30,0,47,1,48,69,0,118,62,0,62,180
12/24/2003,BKL,OH,AGL,CE,Federal Contract Tower,0,20,12,0,32,0,31,0,0,31,0,51,12,0,63,4,0,4,67
12/25/2003,BKL,OH,AGL,CE,Federal Contract Tower,0,9,1,0,10,1,11,0,0,12,1,20,1,0,22,0,0,0,22
12/26/2003,BKL,OH,AGL,CE,Federal Contract Tower,0,12,14,0,26,1,23,51,2,77,1,35,65,2,103,76,0,76,179
12/27/2003,BKL,OH,AGL,CE,Federal Contract Tower,0,8,10,0,18,1,14,100,6,121,1,22,110,6,139,108,0,108,247
12/28/2003,BKL,OH,AGL,CE,Federal Contract Tower,0,4,5,0,9,1,12,93,2,108,1,16,98,2,117,44,0,44,161
12/29/2003,BKL,OH,AGL,CE,Federal Contract Tower,0,16,19,0,35,0,25,61,0,86,0,41,80,0,121,38,0,38,159
12/30/2003,BKL,OH,AGL,CE,Federal Contract Tower,0,0,0,0,0,0,96,84,0,180,0,96,84,0,180,74,0,74,254
12/31/2003,BKL,OH,AGL,CE,Federal Contract Tower,0,0,0,0,0,0,79,62,12,153,0,79,62,12,153,58,6,64,217
01/01/2004,BKL,OH,AGL,CE,Federal Contract Tower,0,10,13,0,23,0,16,48,0,64,0,26,61,0,87,26,0,26,113
01/02/2004,BKL,OH,AGL,CE,Federal Contract Tower,0,14,15,0,29,0,23,19,0,42,0,37,34,0,71,46,0,46,117
01/03/2004,BKL,OH,AGL,CE,Federal Contract Tower,0,11,12,1,24,0,25,58,1,84,0,36,70,2,108,144,0,144,252
01/04/2004,BKL,OH,AGL,CE,Federal Contract Tower,0,2,2,1,5,0,7,0,1,8,0,9,2,2,13,0,0,0,13
01/05/2004,BKL,OH,AGL,CE,Federal Contract Tower,0,19,18,0,37,0,20,0,0,20,0,39,18,0,57,0,0,0,57
01/06/2004,BKL,OH,AGL,CE,Federal Contract Tower,0,30,28,1,59,0,37,23,1,61,0,67,51,2,120,14,0,14,134
01/07/2004,BKL,OH,AGL,CE,Federal Contract Tower,0,35,33,0,68,0,28,57,0,85,0,63,90,0,153,66,0,66,219
01/08/2004,BKL,OH,AGL,CE,Federal Contract Tower,0,31,29,0,60,0,35,75,0,110,0,66,104,0,170,106,0,106,276
01/09/2004,BKL,OH,AGL,CE,Federal Contract Tower,0,34,32,0,66,0,14,42,0,56,0,48,74,0,122,30,0,30,152
01/10/2004,BKL,OH,AGL,CE,Federal Contract Tower,0,18,19,1,38,0,26,41,0,67,0,44,60,1,105,54,0,54,159
01/11/2004,BKL,OH,AGL,CE,Federal Contract Tower,0,7,8,0,15,0,6,39,0,45,0,13,47,0,60,58,0,58,118
01/12/2004,BKL,OH,AGL,CE,Federal Contract Tower,0,23,24,0,47,0,12,21,0,33,0,35,45,0,80,18,0,18,98
01/13/2004,BKL,OH,AGL,CE,Federal Contract Tower,0,46,46,0,92,0,23,44,0,67,0,69,90,0,159,66,0,66,225
01/14/2004,BKL,OH,AGL,CE,Federal Contract Tower,0,37,38,0,75,0,16,17,0,33,0,53,55,0,108,98,0,98,206
01/15/2004,BKL,OH,AGL,CE,Federal Contract Tower,0,37,37,1,75,0,28,4,1,33,0,65,41,2,108,12,0,12,120
01/16/2004,BKL,OH,AGL,CE,Federal Contract Tower,0,37,38,1,76,0,28,49,0,77,0,65,87,1,153,74,2,76,229
01/17/2004,BKL,OH,AGL,CE,Federal Contract Tower,0,3,3,0,6,0,7,20,0,27,0,10,23,0,33,50,0,50,83
01/18/2004,BKL,OH,AGL,CE,Federal Contract Tower,0,8,9,0,17,0,4,47,0,51,0,12,56,0,68,48,0,48,116
01/19/2004,BKL,OH,AGL,CE,Federal Contract Tower,0,17,19,0,36,0,15,15,0,30,0,32,34,0,66,52,0,52,118
01/20/2004,BKL,OH,AGL,CE,Federal Contract Tower,0,40,41,0,81,0,23,73,2,98,0,63,114,2,179,110,0,110,289
01/21/2004,BKL,OH,AGL,CE,Federal Contract Tower,0,33,34,0,67,0,32,77,0,109,0,65,111,0,176,80,0,80,256
01/22/2004,BKL,OH,AGL,CE,Federal Contract Tower,0,37,39,0,76,0,8,16,0,24,0,45,55,0,100,10,0,10,110
01/23/2004,BKL,OH,AGL,CE,Federal Contract Tower,0,31,33,0,64,0,6,10,0,16,0,37,43,0,80,14,0,14,94
01/24/2004,BKL,OH,AGL,CE,Federal Contract Tower,0,5,6,0,11,0,17,73,0,90,0,22,79,0,101,86,0,86,187
01/25/2004,BKL,OH,AGL,CE,Federal Contract Tower,0,9,11,0,20,0,19,24,0,43,0,28,35,0,63,114,0,114,177
01/26/2004,BKL,OH,AGL,CE,Federal Contract Tower,0,16,17,0,33,0,5,0,0,5,0,21,17,0,38,0,0,0,38
01/27/2004,BKL,OH,AGL,CE,Federal Contract Tower,0,26,26,0,52,1,19,0,0,20,1,45,26,0,72,0,0,0,72
01/28/2004,BKL,OH,AGL,CE,Federal Contract Tower,0,38,40,0,78,1,14,22,0,37,1,52,62,0,115,0,0,0,115
01/29/2004,BKL,OH,AGL,CE,Federal Contract Tower,0,39,41,0,80,0,0,16,0,16,0,39,57,0,96,8,0,8,104
01/30/2004,BKL,OH,AGL,CE,Federal Contract Tower,0,24,25,0,49,0,15,38,0,53,0,39,63,0,102,34,0,34,136
01/31/2004,BKL,OH,AGL,CE,Federal Contract Tower,0,11,13,0,24,0,0,55,0,55,0,11,68,0,79,76,0,76,155
02/01/2004,BKL,OH,AGL,CE,Federal Contract Tower,0,7,13,0,20,0,19,41,2,62,0,26,54,2,82,116,0,116,198
02/02/2004,BKL,OH,AGL,CE,Federal Contract Tower,0,28,39,0,67,0,29,78,2,109,0,57,117,2,176,52,0,52,228
02/03/2004,BKL,OH,AGL,CE,Federal Contract Tower,0,17,24,0,41,0,21,18,0,39,0,38,42,0,80,4,0,4,84
02/04/2004,BKL,OH,AGL,CE,Federal Contract Tower,0,37,52,0,89,0,16,105,0,121,0,53,157,0,210,142,0,142,352
02/05/2004,BKL,OH,AGL,CE,Federal Contract Tower,0,27,39,0,66,0,26,63,0,89,0,53,102,0,155,160,0,160,315
02/06/2004,BKL,OH,AGL,CE,Federal Contract Tower,0,24,35,0,59,0,30,11,0,41,0,54,46,0,100,10,0,10,110
02/07/2004,BKL,OH,AGL,CE,Federal Contract Tower,0,7,11,0,18,0,5,16,2,23,0,12,27,2,41,82,0,82,123
02/08/2004,BKL,OH,AGL,CE,Federal Contract Tower,1,10,15,0,26,0,27,88,4,119,1,37,103,4,145,180,0,180,325
02/09/2004,BKL,OH,AGL,CE,Federal Contract Tower,0,23,33,0,56,0,13,60,2,75,0,36,93,2,131,62,6,68,199
02/10/2004,BKL,OH,AGL,CE,Federal Contract Tower,1,28,40,0,69,1,15,53,8,77,2,43,93,8,146,66,0,66,212
02/11/2004,BKL,OH,AGL,CE,Federal Contract Tower,0,32,46,0,78,0,31,135,8,174,0,63,181,8,252,72,0,72,324
02/12/2004,BKL,OH,AGL,CE,Federal Contract Tower,0,31,45,1,77,0,24,78,1,103,0,55,123,2,180,104,0,104,284
02/13/2004,BKL,OH,AGL,CE,Federal Contract Tower,0,27,38,0,65,0,30,54,0,84,0,57,92,0,149,24,0,24,173
02/14/2004,BKL,OH,AGL,CE,Federal Contract Tower,0,4,6,0,10,0,28,85,0,113,0,32,91,0,123,142,0,142,265
02/15/2004,BKL,OH,AGL,CE,Federal Contract Tower,0,7,10,1,18,0,15,53,1,69,0,22,63,2,87,90,2,92,179
02/16/2004,BKL,OH,AGL,CE,Federal Contract Tower,0,16,22,0,38,0,30,96,0,126,0,46,118,0,164,110,0,110,274
02/17/2004,BKL,OH,AGL,CE,Federal Contract Tower,0,29,42,0,71,0,29,80,0,109,0,58,122,0,180,84,0,84,264
02/18/2004,BKL,OH,AGL,CE,Federal Contract Tower,0,46,65,1,112,2,15,105,5,127,2,61,170,6,239,164,4,168,407
02/19/2004,BKL,OH,AGL,CE,Federal Contract Tower,0,38,54,0,92,0,23,96,0,119,0,61,150,0,211,162,0,162,373
02/20/2004,BKL,OH,AGL,CE,Federal Contract Tower,0,27,40,0,67,0,52,67,0,119,0,79,107,0,186,73,0,73,259
02/21/2004,BKL,OH,AGL,CE,Federal Contract Tower,0,5,9,0,14,0,16,5,0,21,0,21,14,0,35,0,0,0,35
02/22/2004,BKL,OH,AGL,CE,Federal Contract Tower,0,8,13,0,21,1,19,67,0,87,1,27,80,0,108,212,0,212,320
02/23/2004,BKL,OH,AGL,CE,Federal Contract Tower,0,25,36,0,61,1,7,76,0,84,1,32,112,0,145,78,0,78,223
02/24/2004,BKL,OH,AGL,CE,Federal Contract Tower,0,48,69,0,117,1,31,28,2,62,1,79,97,2,179,26,4,30,209
02/25/2004,BKL,OH,AGL,CE,Federal Contract Tower,0,53,78,0,131,1,24,86,6,117,1,77,164,6,248,52,0,52,300
02/26/2004,BKL,OH,AGL,CE,Federal Contract Tower,0,29,43,0,72,0,42,116,2,160,0,71,159,2,232,76,14,90,322
02/27/2004,BKL,OH,AGL,CE,Federal Contract Tower,0,27,39,0,66,0,22,144,4,170,0,49,183,4,236,98,0,98,334
02/28/2004,BKL,OH,AGL,CE,Federal Contract Tower,0,13,19,0,32,2,13,239,2,256,2,26,258,2,288,126,0,126,414
02/29/2004,BKL,OH,AGL,CE,Federal Contract Tower,0,21,30,0,51,0,24,137,2,163,0,45,167,2,214,128,2,130,344
03/01/2004,BKL,OH,AGL,CE,Federal Contract Tower,1,17,26,0,44,1,18,46,0,65,2,35,72,0,109,34,0,34,143
03/02/2004,BKL,OH,AGL,CE,Federal Contract Tower,0,37,56,0,93,0,32,76,0,108,0,69,132,0,201,104,0,104,305
03/03/2004,BKL,OH,AGL,CE,Federal Contract Tower,1,42,62,1,106,1,22,65,1,89,2,64,127,2,195,74,2,76,271
03/04/2004,BKL,OH,AGL,CE,Federal Contract Tower,1,39,57,1,98,1,16,27,1,45,2,55,84,2,143,12,0,12,155
03/05/2004,BKL,OH,AGL,CE,Federal Contract Tower,0,22,33,0,55,0,29,13,0,42,0,51,46,0,97,16,0,16,113
03/06/2004,BKL,OH,AGL,CE,Federal Contract Tower,1,10,16,0,27,0,6,44,0,50,1,16,60,0,77,110,0,110,187
03/07/2004,BKL,OH,AGL,CE,Federal Contract Tower,1,9,15,0,25,0,15,21,0,36,1,24,36,0,61,24,0,24,85
03/08/2004,BKL,OH,AGL,CE,Federal Contract Tower,0,17,25,0,42,0,14,31,2,47,0,31,56,2,89,34,0,34,123
03/09/2004,BKL,OH,AGL,CE,Federal Contract Tower,0,33,50,0,83,0,45,104,3,152,0,78,154,3,235,90,10,100,335
03/10/2004,BKL,OH,AGL,CE,Federal Contract Tower,0,35,53,0,88,0,53,114,4,171,0,88,167,4,259,170,0,170,429
03/11/2004,BKL,OH,AGL,CE,Federal Contract Tower,0,44,65,1,110,0,18,52,0,70,0,62,117,1,180,30,0,30,210
03/12/2004,BKL,OH,AGL,CE,Federal Contract Tower,0,23,31,0,54,0,16,5,6,27,0,39,36,6,81,2,4,6,87
03/13/2004,BKL,OH,AGL,CE,Federal Contract Tower,0,18,25,0,43,0,2,103,2,107,0,20,128,2,150,212,0,212,362
03/14/2004,BKL,OH,AGL,CE,Federal Contract Tower,0,2,2,0,4,0,11,21,0,32,0,13,23,0,36,24,0,24,60
03/15/2004,BKL,OH,AGL,CE,Federal Contract Tower,1,25,36,0,62,0,26,48,0,74,1,51,84,0,136,112,0,112,248
03/16/2004,BKL,OH,AGL,CE,Federal Contract Tower,1,20,8,0,29,0,12,0,0,12,1,32,8,0,41,0,0,0,41
03/17/2004,BKL,OH,AGL,CE,Federal Contract Tower,0,33,48,0,81,0,25,17,0,42,0,58,65,0,123,2,0,2,125
03/18/2004,BKL,OH,AGL,CE,Federal Contract Tower,0,41,58,0,99,2,27,27,0,56,2,68,85,0,155,154,0,154,309
03/19/2004,BKL,OH,AGL,CE,Federal Contract Tower,0,35,50,0,85,0,19,70,0,89,0,54,120,0,174,110,0,110,284
03/20/2004,BKL,OH,AGL,CE,Federal Contract Tower,0,7,12,1,20,1,0,8,0,9,1,7,20,1,29,8,0,8,37
03/21/2004,BKL,OH,AGL,CE,Federal Contract Tower,0,5,6,1,12,1,24,11,1,37,1,29,17,2,49,40,0,40,89
03/22/2004,BKL,OH,AGL,CE,Federal Contract Tower,0,25,36,0,61,1,36,105,0,142,1,61,141,0,203,80,0,80,283
03/23/2004,BKL,OH,AGL,CE,Federal Contract Tower,0,42,59,2,103,1,50,101,0,152,1,92,160,2,255,134,0,134,389
03/24/2004,BKL,OH,AGL,CE,Federal Contract Tower,0,33,48,0,81,0,45,36,0,81,0,78,84,0,162,70,0,70,232
03/25/2004,BKL,OH,AGL,CE,Federal Contract Tower,0,36,52,1,89,0,66,57,1,124,0,102,109,2,213,112,4,116,329
03/26/2004,BKL,OH,AGL,CE,Federal Contract Tower,0,30,43,0,73,0,38,27,0,65,0,68,70,0,138,90,0,90,228
03/27/2004,BKL,OH,AGL,CE,Federal Contract Tower,0,11,15,1,27,0,12,10,2,24,0,23,25,3,51,16,2,18,69
03/28/2004,BKL,OH,AGL,CE,Federal Contract Tower,0,16,22,1,39,0,24,102,0,126,0,40,124,1,165,286,0,286,451
03/29/2004,BKL,OH,AGL,CE,Federal Contract Tower,0,26,36,1,63,0,16,31,0,47,0,42,67,1,110,2,0,2,112
03/30/2004,BKL,OH,AGL,CE,Federal Contract Tower,0,30,43,0,73,0,0,2,0,2,0,30,45,0,75,2,0,2,77
03/31/2004,BKL,OH,AGL,CE,Federal Contract Tower,0,12,10,0,22,0,10,0,0,10,0,22,10,0,32,0,0,0,32
04/01/2004,BKL,OH,AGL,CE,Federal Contract Tower,0,28,38,0,66,0,7,3,0,10,0,35,41,0,76,0,0,0,76
04/02/2004,BKL,OH,AGL,CE,Federal Contract Tower,0,26,29,0,55,0,11,0,2,13,0,37,29,2,68,2,0,2,70
04/03/2004,BKL,OH,AGL,CE,Federal Contract Tower,1,15,21,0,37,0,23,87,0,110,1,38,108,0,147,178,0,178,325
04/04/2004,BKL,OH,AGL,CE,Federal Contract Tower,1,7,11,0,19,0,15,4,0,19,1,22,15,0,38,16,0,16,54
04/05/2004,BKL,OH,AGL,CE,Federal Contract Tower,1,26,36,0,63,0,34,76,0,110,1,60,112,0,173,124,0,124,297
04/06/2004,BKL,OH,AGL,CE,Federal Contract Tower,1,30,41,0,72,0,35,91,0,126,1,65,132,0,198,134,0,134,332
04/07/2004,BKL,OH,AGL,CE,Federal Contract Tower,1,43,58,0,102,0,40,55,0,95,1,83,113,0,197,144,0,144,341
04/08/2004,BKL,OH,AGL,CE,Federal Contract Tower,0,35,48,0,83,0,31,81,0,112,0,66,129,0,195,114,0,114,309
04/09/2004,BKL,OH,AGL,CE,Federal Contract Tower,0,22,32,0,54,0,22,123,2,147,0,44,155,2,201,162,0,162,363
04/10/2004,BKL,OH,AGL,CE,Federal Contract Tower,1,9,15,0,25,0,39,77,0,116,1,48,92,0,141,182,0,182,323
04/11/2004,BKL,OH,AGL,CE,Federal Contract Tower,1,7,9,0,17,0,18,27,0,45,1,25,36,0,62,32,0,32,94
04/12/2004,BKL,OH,AGL,CE,Federal Contract Tower,1,23,29,0,53,1,28,67,0,96,2,51,96,0,149,138,0,138,287
04/13/2004,BKL,OH,AGL,CE,Federal Contract Tower,0,22,19,0,41,0,10,0,2,12,0,32,19,2,53,6,0,6,59
04/14/2004,BKL,OH,AGL,CE,Federal Contract Tower,0,28,36,0,64,0,46,75,0,121,0,74,111,0,185,116,0,116,301
04/15/2004,BKL,OH,AGL,CE,Federal Contract Tower,0,36,46,0,82,2,31,138,0,171,2,67,184,0,253,130,0,130,383
04/16/2004,BKL,OH,AGL,CE,Federal Contract Tower,0,33,44,0,77,0,41,118,0,159,0,74,162,0,236,134,0,134,370
04/17/2004,BKL,OH,AGL,CE,Federal Contract Tower,0,16,20,1,37,0,7,89,1,97,0,23,109,2,134,80,0,80,214
04/18/2004,BKL,OH,AGL,CE,Federal Contract Tower,0,8,10,0,18,0,49,72,0,121,0,57,82,0,139,50,0,50,189
04/19/2004,BKL,OH,AGL,CE,Federal Contract Tower,0,21,27,1,49,1,35,44,1,81,1,56,71,2,130,18,0,18,148
04/20/2004,BKL,OH,AGL,CE,Federal Contract Tower,0,46,61,0,107,1,14,62,0,77,1,60,123,0,184,110,0,110,294
04/21/2004,BKL,OH,AGL,CE,Federal Contract Tower,0,32,42,1,75,0,13,31,1,45,0,45,73,2,120,16,0,16,136
04/22/2004,BKL,OH,AGL,CE,Federal Contract Tower,0,49,64,1,114,0,32,81,3,116,0,81,145,4,230,50,6,56,286
04/23/2004,BKL,OH,AGL,CE,Federal Contract Tower,0,27,35,0,62,0,24,67,0,91,0,51,102,0,153,84,0,84,237
04/24/2004,BKL,OH,AGL,CE,Federal Contract Tower,0,12,16,0,28,0,39,131,2,172,0,51,147,2,200,110,0,110,310
04/25/2004,BKL,OH,AGL,CE,Federal Contract Tower,0,8,11,0,19,0,14,8,0,22,0,22,19,0,41,40,0,40,81
04/26/2004,BKL,OH,AGL,CE,Federal Contract Tower,0,30,40,0,70,0,36,74,2,112,0,66,114,2,182,120,2,122,304
04/27/2004,BKL,OH,AGL,CE,Federal Contract Tower,0,52,70,0,122,0,12,69,2,83,0,64,139,2,205,64,0,64,269
04/28/2004,BKL,OH,AGL,CE,Federal Contract Tower,0,35,47,0,82,0,19,96,0,115,0,54,143,0,197,122,0,122,319
04/29/2004,BKL,OH,AGL,CE,Federal Contract Tower,0,39,51,0,90,0,36,95,4,135,0,75,146,4,225,100,0,100,325
04/30/2004,BKL,OH,AGL,CE,Federal Contract Tower,0,32,42,0,74,0,33,94,0,127,0,65,136,0,201,36,0,36,237
05/01/2004,BKL,OH,AGL,CE,Federal Contract Tower,0,18,27,0,45,0,16,41,5,62,0,34,68,5,107,66,0,66,173
05/02/2004,BKL,OH,AGL,CE,Federal Contract Tower,0,8,13,0,21,0,19,5,3,27,0,27,18,3,48,0,0,0,48
05/03/2004,BKL,OH,AGL,CE,Federal Contract Tower,1,37,51,0,89,0,19,55,8,82,1,56,106,8,171,26,0,26,197
05/04/2004,BKL,OH,AGL,CE,Federal Contract Tower,0,33,44,0,77,0,21,96,8,125,0,54,140,8,202,88,0,88,290
05/05/2004,BKL,OH,AGL,CE,Federal Contract Tower,0,43,59,1,103,0,54,127,1,182,0,97,186,2,285,100,4,104,389
05/06/2004,BKL,OH,AGL,CE,Federal Contract Tower,0,41,54,0,95,2,48,125,0,175,2,89,179,0,270,32,0,32,302
05/07/2004,BKL,OH,AGL,CE,Federal Contract Tower,0,26,35,1,62,0,28,44,4,76,0,54,79,5,138,96,0,96,234
05/08/2004,BKL,OH,AGL,CE,Federal Contract Tower,0,8,10,0,18,0,30,85,0,115,0,38,95,0,133,174,0,174,307
05/09/2004,BKL,OH,AGL,CE,Federal Contract Tower,0,10,13,0,23,0,54,45,0,99,0,64,58,0,122,80,0,80,202
05/10/2004,BKL,OH,AGL,CE,Federal Contract Tower,0,24,32,0,56,0,34,72,0,106,0,58,104,0,162,120,0,120,282
05/11/2004,BKL,OH,AGL,CE,Federal Contract Tower,0,42,56,2,100,0,37,65,0,102,0,79,121,2,202,130,0,130,332
05/12/2004,BKL,OH,AGL,CE,Federal Contract Tower,0,36,47,0,83,0,65,128,0,193,0,101,175,0,276,180,0,180,456
05/13/2004,BKL,OH,AGL,CE,Federal Contract Tower,0,45,62,0,107,0,32,87,0,119,0,77,149,0,226,122,0,122,348
05/14/2004,BKL,OH,AGL,CE,Federal Contract Tower,0,30,40,1,71,0,61,111,0,172,0,91,151,1,243,116,0,116,359
05/15/2004,BKL,OH,AGL,CE,Federal Contract Tower,0,12,17,1,30,0,4,11,1,16,0,16,28,2,46,12,0,12,58
05/16/2004,BKL,OH,AGL,CE,Federal Contract Tower,0,16,21,0,37,0,18,87,0,105,0,34,108,0,142,78,0,78,220
05/17/2004,BKL,OH,AGL,CE,Federal Contract Tower,0,31,42,1,74,0,41,61,0,102,0,72,103,1,176,112,0,112,288
05/18/2004,BKL,OH,AGL,CE,Federal Contract Tower,0,39,53,1,93,0,18,41,0,59,0,57,94,1,152,100,0,100,252
05/19/2004,BKL,OH,AGL,CE,Federal Contract Tower,0,39,53,0,92,0,39,106,0,145,0,78,159,0,237,96,0,96,333
05/20/2004,BKL,OH,AGL,CE,Federal Contract Tower,0,38,50,1,89,0,42,123,7,172,0,80,173,8,261,150,0,150,411
05/21/2004,BKL,OH,AGL,CE,Federal Contract Tower,0,41,57,1,99,0,27,28,3,58,0,68,85,4,157,6,0,6,163
05/22/2004,BKL,OH,AGL,CE,Federal Contract Tower,0,11,16,0,27,0,39,84,0,123,0,50,100,0,150,130,0,130,280
05/23/2004,BKL,OH,AGL,CE,Federal Contract Tower,0,6,9,0,15,0,35,39,0,74,0,41,48,0,89,150,0,150,239
05/24/2004,BKL,OH,AGL,CE,Federal Contract Tower,0,27,36,0,63,1,33,46,0,80,1,60,82,0,143,68,0,68,211
05/25/2004,BKL,OH,AGL,CE,Federal Contract Tower,0,36,49,0,85,0,50,74,0,124,0,86,123,0,209,144,2,146,355
05/26/2004,BKL,OH,AGL,CE,Federal Contract Tower,0,48,65,0,113,0,43,128,0,171,0,91,193,0,284,176,0,176,460
05/27/2004,BKL,OH,AGL,CE,Federal Contract Tower,0,40,56,0,96,1,32,100,0,133,1,72,156,0,229,108,0,108,337
05/28/2004,BKL,OH,AGL,CE,Federal Contract Tower,0,31,43,0,74,0,36,54,1,91,0,67,97,1,165,104,0,104,269
05/29/2004,BKL,OH,AGL,CE,Federal Contract Tower,0,11,16,0,27,0,34,113,0,147,0,45,129,0,174,64,0,64,238
05/30/2004,BKL,OH,AGL,CE,Federal Contract Tower,0,7,11,0,18,0,56,68,0,124,0,63,79,0,142,32,0,32,174
05/31/2004,BKL,OH,AGL,CE,Federal Contract Tower,0,8,12,0,20,0,20,19,1,40,0,28,31,1,60,16,0,16,76
06/01/2004,BKL,OH,AGL,CE,Federal Contract Tower,0,27,40,0,67,0,32,89,2,123,0,59,129,2,190,38,0,38,228
06/02/2004,BKL,OH,AGL,CE,Federal Contract Tower,0,39,58,0,97,0,33,130,0,163,0,72,188,0,260,80,0,80,340
06/03/2004,BKL,OH,AGL,CE,Federal Contract Tower,0,35,53,0,88,0,16,94,0,110,0,51,147,0,198,174,0,174,372
06/04/2004,BKL,OH,AGL,CE,Federal Contract Tower,0,28,42,0,70,0,34,134,2,170,0,62,176,2,240,240,2,242,482
06/05/2004,BKL,OH,AGL,CE,Federal Contract Tower,0,8,11,1,20,0,35,146,2,183,0,43,157,3,203,128,0,128,331
06/06/2004,BKL,OH,AGL,CE,Federal Contract Tower,0,17,25,1,43,1,20,80,3,104,1,37,105,4,147,84,0,84,231
06/07/2004,BKL,OH,AGL,CE,Federal Contract Tower,0,29,44,1,74,0,40,97,3,140,0,69,141,4,214,170,0,170,384
06/08/2004,BKL,OH,AGL,CE,Federal Contract Tower,0,37,54,1,92,0,29,113,0,142,0,66,167,1,234,12,0,12,246
06/09/2004,BKL,OH,AGL,CE,Federal Contract Tower,0,28,41,1,70,0,34,54,1,89,0,62,95,2,159,60,0,60,219
06/10/2004,BKL,OH,AGL,CE,Federal Contract Tower,0,35,52,0,87,1,26,27,0,54,1,61,79,0,141,24,0,24,165
06/11/2004,BKL,OH,AGL,CE,Federal Contract Tower,0,34,50,0,84,0,25,6,0,31,0,59,56,0,115,56,0,56,171
06/12/2004,BKL,OH,AGL,CE,Federal Contract Tower,0,13,20,0,33,0,21,156,0,177,0,34,176,0,210,72,0,72,282
06/13/2004,BKL,OH,AGL,CE,Federal Contract Tower,0,21,32,0,53,2,43,44,0,89,2,64,76,0,142,58,0,58,200
06/14/2004,BKL,OH,AGL,CE,Federal Contract Tower,0,31,46,0,77,0,20,132,0,152,0,51,178,0,229,64,0,64,293
06/15/2004,BKL,OH,AGL,CE,Federal Contract Tower,0,40,59,0,99,0,35,79,0,114,0,75,138,0,213,86,0,86,299
06/16/2004,BKL,OH,AGL,CE,Federal Contract Tower,0,34,51,1,86,0,33,73,0,106,0,67,124,1,192,42,10,52,244
06/17/2004,BKL,OH,AGL,CE,Federal Contract Tower,0,35,54,0,89,0,42,45,1,88,0,77,99,1,177,32,0,32,209
06/18/2004,BKL,OH,AGL,CE,Federal Contract Tower,0,30,46,0,76,0,16,40,1,57,0,46,86,1,133,34,0,34,167
06/19/2004,BKL,OH,AGL,CE,Federal Contract Tower,0,10,15,0,25,0,28,106,4,138,0,38,121,4,163,128,0,128,291
06/20/2004,BKL,OH,AGL,CE,Federal Contract Tower,0,10,17,0,27,0,62,143,2,207,0,72,160,2,234,56,0,56,290
06/21/2004,BKL,OH,AGL,CE,Federal Contract Tower,0,23,34,0,57,0,29,69,6,104,0,52,103,6,161,86,10,96,257
06/22/2004,BKL,OH,AGL,CE,Federal Contract Tower,0,38,58,0,96,0,43,81,2,126,0,81,139,2,222,50,0,50,272
06/23/2004,BKL,OH,AGL,CE,Federal Contract Tower,0,38,58,0,96,0,27,173,2,202,0,65,231,2,298,28,0,28,326
06/24/2004,BKL,OH,AGL,CE,Federal Contract Tower,0,36,54,0,90,0,26,106,0,132,0,62,160,0,222,28,0,28,250
06/25/2004,BKL,OH,AGL,CE,Federal Contract Tower,0,31,47,0,78,0,24,82,2,108,0,55,129,2,186,6,0,6,192
06/26/2004,BKL,OH,AGL,CE,Federal Contract Tower,0,13,21,0,34,0,31,120,0,151,0,44,141,0,185,4,0,4,189
06/27/2004,BKL,OH,AGL,CE,Federal Contract Tower,0,12,18,0,30,0,53,91,0,144,0,65,109,0,174,14,0,14,188
06/28/2004,BKL,OH,AGL,CE,Federal Contract Tower,0,25,37,0,62,0,9,52,4,65,0,34,89,4,127,20,4,24,151
06/29/2004,BKL,OH,AGL,CE,Federal Contract Tower,0,30,45,0,75,0,26,66,2,94,0,56,111,2,169,26,0,26,195
06/30/2004,BKL,OH,AGL,CE,Federal Contract Tower,0,37,55,0,92,0,36,25,2,63,0,73,80,2,155,50,0,50,205
07/01/2004,BKL,OH,AGL,CE,Federal Contract Tower,0,3,8,0,11,0,67,43,0,110,0,70,51,0,121,4,0,4,125
07/02/2004,BKL,OH,AGL,CE,Federal Contract Tower,0,0,0,0,0,0,44,62,0,106,0,44,62,0,106,18,0,18,124
07/03/2004,BKL,OH,AGL,CE,Federal Contract Tower,0,0,0,0,0,0,37,47,0,84,0,37,47,0,84,0,0,0,84
07/04/2004,BKL,OH,AGL,CE,Federal Contract Tower,0,3,6,0,9,0,38,17,0,55,0,41,23,0,64,0,0,0,64
07/05/2004,BKL,OH,AGL,CE,Federal Contract Tower,0,8,12,0,20,0,19,41,0,60,0,27,53,0,80,28,0,28,108
07/06/2004,BKL,OH,AGL,CE,Federal Contract Tower,0,19,29,0,48,0,38,92,0,130,0,57,121,0,178,0,0,0,178
07/07/2004,BKL,OH,AGL,CE,Federal Contract Tower,1,34,50,0,85,3,59,87,0,149,4,93,137,0,234,24,0,24,258
07/08/2004,BKL,OH,AGL,CE,Federal Contract Tower,0,42,63,0,105,0,49,143,0,192,0,91,206,0,297,114,0,114,411
07/09/2004,BKL,OH,AGL,CE,Federal Contract Tower,1,32,48,0,81,1,31,120,0,152,2,63,168,0,233,98,0,98,331
07/10/2004,BKL,OH,AGL,CE,Federal Contract Tower,0,11,16,0,27,0,30,70,0,100,0,41,86,0,127,114,0,114,241
07/11/2004,BKL,OH,AGL,CE,Federal Contract Tower,0,9,15,1,25,0,28,114,3,145,0,37,129,4,170,56,0,56,226
07/12/2004,BKL,OH,AGL,CE,Federal Contract Tower,0,35,55,1,91,0,15,46,0,61,0,50,101,1,152,64,0,64,216
07/13/2004,BKL,OH,AGL,CE,Federal Contract Tower,0,39,60,1,100,0,41,78,0,119,0,80,138,1,219,98,0,98,317
07/14/2004,BKL,OH,AGL,CE,Federal Contract Tower,0,36,56,0,92,0,49,44,0,93,0,85,100,0,185,114,0,114,299
07/15/2004,BKL,OH,AGL,CE,Federal Contract Tower,0,44,67,0,111,0,56,91,0,147,0,100,158,0,258,104,0,104,362
07/16/2004,BKL,OH,AGL,CE,Federal Contract Tower,0,28,45,0,73,0,59,97,3,159,0,87,142,3,232,138,16,154,386
07/17/2004,BKL,OH,AGL,CE,Federal Contract Tower,0,12,19,0,31,0,21,26,0,47,0,33,45,0,78,44,0,44,122
07/18/2004,BKL,OH,AGL,CE,Federal Contract Tower,0,13,22,0,35,0,21,51,0,72,0,34,73,0,107,26,0,26,133
07/19/2004,BKL,OH,AGL,CE,Federal Contract Tower,0,29,45,0,74,0,43,167,0,210,0,72,212,0,284,162,0,162,446
07/20/2004,BKL,OH,AGL,CE,Federal Contract Tower,0,48,74,0,122,0,48,181,4,233,0,96,255,4,355,234,0,234,589
07/21/2004,BKL,OH,AGL,CE,Federal Contract Tower,0,41,65,0,106,0,75,154,2,231,0,116,219,2,337,46,0,46,383
07/22/2004,BKL,OH,AGL,CE,Federal Contract Tower,0,40,63,0,103,0,35,58,2,95,0,75,121,2,198,54,0,54,252
07/23/2004,BKL,OH,AGL,CE,Federal Contract Tower,0,25,39,0,64,0,63,61,1,125,0,88,100,1,189,36,10,46,235
07/24/2004,BKL,OH,AGL,CE,Federal Contract Tower,0,12,20,0,32,0,19,151,1,171,0,31,171,1,203,22,0,22,225
07/25/2004,BKL,OH,AGL,CE,Federal Contract Tower,0,16,25,0,41,0,22,82,4,108,0,38,107,4,149,44,0,44,193
07/26/2004,BKL,OH,AGL,CE,Federal Contract Tower,0,32,51,0,83,0,39,54,0,93,0,71,105,0,176,76,0,76,252
07/27/2004,BKL,OH,AGL,CE,Federal Contract Tower,0,39,60,0,99,0,43,64,0,107,0,82,124,0,206,20,0,20,226
07/28/2004,BKL,OH,AGL,CE,Federal Contract Tower,0,50,78,0,128,0,43,123,2,168,0,93,201,2,296,22,0,22,318
07/29/2004,BKL,OH,AGL,CE,Federal Contract Tower,0,39,62,0,101,0,29,146,2,177,0,68,208,2,278,140,2,142,420
07/30/2004,BKL,OH,AGL,CE,Federal Contract Tower,0,27,44,0,71,1,43,35,4,83,1,70,79,4,154,30,0,30,184
07/31/2004,BKL,OH,AGL,CE,Federal Contract Tower,0,13,21,0,34,1,28,38,2,69,1,41,59,2,103,50,0,50,153
08/01/2004,BKL,OH,AGL,CE,Federal Contract Tower,0,12,18,0,30,0,40,111,1,152,0,52,129,1,182,64,0,64,246
08/02/2004,BKL,OH,AGL,CE,Federal Contract Tower,0,27,40,0,67,0,12,163,0,175,0,39,203,0,242,154,0,154,396
08/03/2004,BKL,OH,AGL,CE,Federal Contract Tower,0,31,46,0,77,0,45,113,0,158,0,76,159,0,235,134,0,134,369
08/04/2004,BKL,OH,AGL,CE,Federal Contract Tower,0,30,45,0,75,0,35,50,0,85,0,65,95,0,160,16,0,16,176
08/05/2004,BKL,OH,AGL,CE,Federal Contract Tower,0,38,56,2,96,0,34,110,0,144,0,72,166,2,240,232,0,232,472
08/06/2004,BKL,OH,AGL,CE,Federal Contract Tower,0,28,41,0,69,0,34,70,0,104,0,62,111,0,173,46,0,46,219
08/07/2004,BKL,OH,AGL,CE,Federal Contract Tower,0,9,11,0,20,0,6,94,0,100,0,15,105,0,120,122,0,122,242
08/08/2004,BKL,OH,AGL,CE,Federal Contract Tower,0,13,18,0,31,0,58,163,0,221,0,71,181,0,252,106,0,106,358
08/09/2004,BKL,OH,AGL,CE,Federal Contract Tower,0,36,51,0,87,1,92,107,0,200,1,128,158,0,287,142,0,142,429
08/10/2004,BKL,OH,AGL,CE,Federal Contract Tower,0,39,54,0,93,0,61,87,0,148,0,100,141,0,241,72,0,72,313
08/11/2004,BKL,OH,AGL,CE,Federal Contract Tower,0,40,57,0,97,0,58,62,0,120,0,98,119,0,217,82,0,82,299
08/12/2004,BKL,OH,AGL,CE,Federal Contract Tower,0,40,55,1,96,1,50,93,0,144,1,90,148,1,240,86,0,86,326
08/13/2004,BKL,OH,AGL,CE,Federal Contract Tower,0,34,47,0,81,0,55,77,0,132,0,89,124,0,213,50,0,50,263
08/14/2004,BKL,OH,AGL,CE,Federal Contract Tower,0,15,21,0,36,0,20,104,0,124,0,35,125,0,160,74,0,74,234
08/15/2004,BKL,OH,AGL,CE,Federal Contract Tower,0,15,19,0,34,0,4,109,0,113,0,19,128,0,147,22,0,22,169
08/16/2004,BKL,OH,AGL,CE,Federal Contract Tower,0,25,34,0,59,0,42,115,0,157,0,67,149,0,216,168,0,168,384
08/17/2004,BKL,OH,AGL,CE,Federal Contract Tower,0,31,45,3,79,0,27,105,1,133,0,58,150,4,212,56,0,56,268
08/18/2004,BKL,OH,AGL,CE,Federal Contract Tower,0,31,43,0,74,1,38,65,0,104,1,69,108,0,178,30,0,30,208
08/19/2004,BKL,OH,AGL,CE,Federal Contract Tower,0,33,47,3,83,1,19,48,1,69,1,52,95,4,152,6,0,6,158
08/20/2004,BKL,OH,AGL,CE,Federal Contract Tower,0,24,33,0,57,0,26,27,0,53,0,50,60,0,110,18,0,18,128
08/21/2004,BKL,OH,AGL,CE,Federal Contract Tower,0,15,21,1,37,0,26,101,0,127,0,41,122,1,164,82,0,82,246
08/22/2004,BKL,OH,AGL,CE,Federal Contract Tower,0,20,28,0,48,0,4,125,0,129,0,24,153,0,177,74,0,74,251
08/23/2004,BKL,OH,AGL,CE,Federal Contract Tower,0,35,50,0,85,0,33,106,0,139,0,68,156,0,224,64,0,64,288
08/24/2004,BKL,OH,AGL,CE,Federal Contract Tower,0,46,67,2,115,0,46,94,0,140,0,92,161,2,255,44,0,44,299
08/25/2004,BKL,OH,AGL,CE,Federal Contract Tower,0,46,66,0,112,2,33,76,0,111,2,79,142,0,223,36,8,44,267
08/26/2004,BKL,OH,AGL,CE,Federal Contract Tower,0,51,73,0,124,0,27,46,0,73,0,78,119,0,197,16,0,16,213
08/27/2004,BKL,OH,AGL,CE,Federal Contract Tower,0,31,44,0,75,0,51,62,0,113,0,82,106,0,188,76,0,76,264
08/28/2004,BKL,OH,AGL,CE,Federal Contract Tower,0,4,7,0,11,0,7,31,0,38,0,11,38,0,49,52,0,52,101
08/29/2004,BKL,OH,AGL,CE,Federal Contract Tower,0,10,14,0,24,0,12,13,0,25,0,22,27,0,49,4,0,4,53
08/30/2004,BKL,OH,AGL,CE,Federal Contract Tower,0,31,44,0,75,0,24,15,0,39,0,55,59,0,114,62,0,62,176
08/31/2004,BKL,OH,AGL,CE,Federal Contract Tower,0,30,43,0,73,0,52,136,0,188,0,82,179,0,261,102,0,102,363
09/01/2004,BKL,OH,AGL,CE,Federal Contract Tower,0,30,45,5,80,0,62,73,3,138,0,92,118,8,218,40,0,40,258
09/02/2004,BKL,OH,AGL,CE,Federal Contract Tower,0,38,56,7,101,0,32,69,0,101,0,70,125,7,202,80,0,80,282
09/03/2004,BKL,OH,AGL,CE,Federal Contract Tower,0,31,48,6,85,0,35,32,30,97,0,66,80,36,182,20,132,152,334
09/04/2004,BKL,OH,AGL,CE,Federal Contract Tower,1,2,5,0,8,0,12,28,6,46,1,14,33,6,54,44,0,44,98
09/05/2004,BKL,OH,AGL,CE,Federal Contract Tower,0,0,0,0,0,0,11,37,1,49,0,11,37,1,49,0,0,0,49
09/06/2004,BKL,OH,AGL,CE,Federal Contract Tower,1,4,8,0,13,0,50,29,4,83,1,54,37,4,96,4,0,4,100
09/07/2004,BKL,OH,AGL,CE,Federal Contract Tower,0,35,54,7,96,0,38,26,21,85,0,73,80,28,181,50,0,50,231
09/08/2004,BKL,OH,AGL,CE,Federal Contract Tower,0,22,33,1,56,0,46,13,0,59,0,68,46,1,115,0,0,0,115
09/09/2004,BKL,OH,AGL,CE,Federal Contract Tower,1,31,44,2,78,1,35,51,0,87,2,66,95,2,165,24,0,24,189
09/10/2004,BKL,OH,AGL,CE,Federal Contract Tower,0,35,50,3,88,0,71,144,0,215,0,106,194,3,303,56,14,70,373
09/11/2004,BKL,OH,AGL,CE,Federal Contract Tower,0,18,26,4,48,1,30,118,3,152,1,48,144,7,200,102,8,110,310
09/12/2004,BKL,OH,AGL,CE,Federal Contract Tower,0,24,33,4,61,1,21,124,0,146,1,45,157,4,207,50,8,58,265
09/13/2004,BKL,OH,AGL,CE,Federal Contract Tower,0,27,39,6,72,0,30,69,4,103,0,57,108,10,175,76,18,94,269
09/14/2004,BKL,OH,AGL,CE,Federal Contract Tower,0,47,68,10,125,2,36,81,4,123,2,83,149,14,248,90,0,90,338
09/15/2004,BKL,OH,AGL,CE,Federal Contract Tower,0,40,57,8,105,0,33,80,13,126,0,73,137,21,231,108,12,120,351
09/16/2004,BKL,OH,AGL,CE,Federal Contract Tower,0,31,44,0,75,0,53,98,0,151,0,84,142,0,226,64,0,64,290
09/17/2004,BKL,OH,AGL,CE,Federal Contract Tower,0,28,41,5,74,2,35,49,0,86,2,63,90,5,160,38,0,38,198
09/18/2004,BKL,OH,AGL,CE,Federal Contract Tower,0,17,25,4,46,0,31,88,6,125,0,48,113,10,171,60,0,60,231
09/19/2004,BKL,OH,AGL,CE,Federal Contract Tower,0,11,15,0,26,0,6,103,0,109,0,17,118,0,135,44,0,44,179
09/20/2004,BKL,OH,AGL,CE,Federal Contract Tower,0,17,24,0,41,0,31,149,0,180,0,48,173,0,221,172,0,172,393
09/21/2004,BKL,OH,AGL,CE,Federal Contract Tower,0,45,65,0,110,0,41,164,0,205,0,86,229,0,315,246,0,246,561
09/22/2004,BKL,OH,AGL,CE,Federal Contract Tower,0,40,59,0,99,0,55,166,0,221,0,95,225,0,320,198,0,198,518
09/23/2004,BKL,OH,AGL,CE,Federal Contract Tower,0,39,56,2,97,0,39,165,0,204,0,78,221,2,301,122,0,122,423
09/24/2004,BKL,OH,AGL,CE,Federal Contract Tower,0,39,57,5,101,0,87,184,0,271,0,126,241,5,372,118,0,118,490
09/25/2004,BKL,OH,AGL,CE,Federal Contract Tower,0,15,22,0,37,0,51,93,0,144,0,66,115,0,181,134,0,134,315
09/26/2004,BKL,OH,AGL,CE,Federal Contract Tower,0,15,22,3,40,0,20,92,1,113,0,35,114,4,153,58,2,60,213
09/27/2004,BKL,OH,AGL,CE,Federal Contract Tower,0,22,32,3,57,0,4,105,0,109,0,26,137,3,166,66,0,66,232
09/28/2004,BKL,OH,AGL,CE,Federal Contract Tower,0,30,44,0,74,0,31,63,0,94,0,61,107,0,168,114,0,114,282
09/29/2004,BKL,OH,AGL,CE,Federal Contract Tower,0,38,55,2,95,0,45,91,0,136,0,83,146,2,231,54,0,54,285
09/30/2004,BKL,OH,AGL,CE,Federal Contract Tower,0,37,54,1,92,0,46,141,0,187,0,83,195,1,279,140,0,140,419
10/01/2004,BKL,OH,AGL,CE,Federal Contract Tower,0,36,54,0,90,0,60,114,1,175,0,96,168,1,265,158,0,158,423
10/02/2004,BKL,OH,AGL,CE,Federal Contract Tower,0,18,37,0,55,0,28,17,0,45,0,46,54,0,100,66,0,66,166
10/03/2004,BKL,OH,AGL,CE,Federal Contract Tower,0,14,62,0,76,0,35,124,0,159,0,49,186,0,235,77,0,77,312
10/04/2004,BKL,OH,AGL,CE,Federal Contract Tower,1,16,55,0,72,0,37,63,10,110,1,53,118,10,182,43,0,43,225
10/05/2004,BKL,OH,AGL,CE,Federal Contract Tower,0,46,69,2,117,0,25,81,7,113,0,71,150,9,230,36,0,36,266
10/06/2004,BKL,OH,AGL,CE,Federal Contract Tower,1,67,65,1,134,1,41,116,1,159,2,108,181,2,293,144,0,144,437
10/07/2004,BKL,OH,AGL,CE,Federal Contract Tower,0,45,48,1,94,0,47,130,5,182,0,92,178,6,276,204,0,204,480
10/08/2004,BKL,OH,AGL,CE,Federal Contract Tower,0,45,49,0,94,0,29,107,2,138,0,74,156,2,232,82,0,82,314
10/09/2004,BKL,OH,AGL,CE,Federal Contract Tower,0,14,34,0,48,0,41,78,0,119,0,55,112,0,167,60,0,60,227
10/10/2004,BKL,OH,AGL,CE,Federal Contract Tower,0,3,24,0,27,0,15,69,0,84,0,18,93,0,111,92,0,92,203
10/11/2004,BKL,OH,AGL,CE,Federal Contract Tower,0,15,43,0,58,0,36,129,0,165,0,51,172,0,223,138,0,138,361
10/12/2004,BKL,OH,AGL,CE,Federal Contract Tower,0,28,61,0,89,0,49,140,0,189,0,77,201,0,278,94,0,94,372
10/13/2004,BKL,OH,AGL,CE,Federal Contract Tower,0,40,59,0,99,0,52,96,0,148,0,92,155,0,247,144,0,144,391
10/14/2004,BKL,OH,AGL,CE,Federal Contract Tower,0,36,59,0,95,0,41,75,0,116,0,77,134,0,211,124,0,124,335
10/15/2004,BKL,OH,AGL,CE,Federal Contract Tower,2,39,40,0,81,0,22,43,0,65,2,61,83,0,146,20,0,20,166
10/16/2004,BKL,OH,AGL,CE,Federal Contract Tower,0,12,16,0,28,0,16,6,0,22,0,28,22,0,50,10,0,10,60
10/17/2004,BKL,OH,AGL,CE,Federal Contract Tower,0,13,36,2,51,0,12,21,0,33,0,25,57,2,84,10,0,10,94
10/18/2004,BKL,OH,AGL,CE,Federal Contract Tower,0,16,65,0,81,0,17,38,0,55,0,33,103,0,136,44,0,44,180
10/19/2004,BKL,OH,AGL,CE,Federal Contract Tower,0,45,75,0,120,0,19,19,0,38,0,64,94,0,158,2,0,2,160
10/20/2004,BKL,OH,AGL,CE,Federal Contract Tower,0,40,80,0,120,0,8,23,0,31,0,48,103,0,151,6,0,6,157
10/21/2004,BKL,OH,AGL,CE,Federal Contract Tower,0,42,61,0,103,0,30,33,0,63,0,72,94,0,166,130,0,130,296
10/22/2004,BKL,OH,AGL,CE,Federal Contract Tower,0,40,60,0,100,0,35,83,0,118,0,75,143,0,218,142,0,142,360
10/23/2004,BKL,OH,AGL,CE,Federal Contract Tower,0,13,25,0,38,0,22,25,0,47,0,35,50,0,85,96,0,96,181
10/24/2004,BKL,OH,AGL,CE,Federal Contract Tower,0,10,50,0,60,0,24,45,2,71,0,34,95,2,131,58,8,66,197
10/25/2004,BKL,OH,AGL,CE,Federal Contract Tower,0,11,81,2,94,0,26,80,0,106,0,37,161,2,200,130,0,130,330
10/26/2004,BKL,OH,AGL,CE,Federal Contract Tower,0,49,84,0,133,0,37,142,0,179,0,86,226,0,312,70,0,70,382
10/27/2004,BKL,OH,AGL,CE,Federal Contract Tower,2,43,82,5,132,0,15,94,3,112,2,58,176,8,244,100,0,100,344
10/28/2004,BKL,OH,AGL,CE,Federal Contract Tower,0,43,49,0,92,0,30,75,0,105,0,73,124,0,197,38,0,38,235
10/29/2004,BKL,OH,AGL,CE,Federal Contract Tower,0,47,48,0,95,0,19,30,0,49,0,66,78,0,144,0,0,0,144
10/30/2004,BKL,OH,AGL,CE,Federal Contract Tower,0,13,13,0,26,0,22,15,0,37,0,35,28,0,63,8,0,8,71
10/31/2004,BKL,OH,AGL,CE,Federal Contract Tower,0,6,21,0,27,0,21,33,0,54,0,27,54,0,81,8,0,8,89
11/01/2004,BKL,OH,AGL,CE,Federal Contract Tower,0,16,30,0,46,0,50,48,0,98,0,66,78,0,144,82,0,82,226
11/02/2004,BKL,OH,AGL,CE,Federal Contract Tower,4,42,50,0,96,0,15,39,0,54,4,57,89,0,150,0,0,0,150
11/03/2004,BKL,OH,AGL,CE,Federal Contract Tower,0,57,56,0,113,0,42,74,0,116,0,99,130,0,229,100,0,100,329
11/04/2004,BKL,OH,AGL,CE,Federal Contract Tower,0,33,52,0,85,0,28,38,0,66,0,61,90,0,151,14,0,14,165
11/05/2004,BKL,OH,AGL,CE,Federal Contract Tower,0,43,25,0,68,0,45,66,0,111,0,88,91,0,179,16,0,16,195
11/06/2004,BKL,OH,AGL,CE,Federal Contract Tower,0,8,23,0,31,0,30,79,0,109,0,38,102,0,140,132,0,132,272
11/07/2004,BKL,OH,AGL,CE,Federal Contract Tower,0,6,30,0,36,0,33,54,2,89,0,39,84,2,125,76,0,76,201
11/08/2004,BKL,OH,AGL,CE,Federal Contract Tower,0,12,41,0,53,0,41,57,0,98,0,53,98,0,151,50,0,50,201
11/09/2004,BKL,OH,AGL,CE,Federal Contract Tower,0,41,61,0,102,0,38,67,0,105,0,79,128,0,207,56,0,56,263
11/10/2004,BKL,OH,AGL,CE,Federal Contract Tower,1,43,43,0,87,0,43,64,0,107,1,86,107,0,194,106,0,106,300
11/11/2004,BKL,OH,AGL,CE,Federal Contract Tower,1,46,48,0,95,0,22,49,0,71,1,68,97,0,166,30,0,30,196
11/12/2004,BKL,OH,AGL,CE,Federal Contract Tower,0,17,46,1,64,0,59,97,0,156,0,76,143,1,220,106,0,106,326
11/13/2004,BKL,OH,AGL,CE,Federal Contract Tower,0,16,31,0,47,0,50,79,2,131,0,66,110,2,178,114,0,114,292
11/14/2004,BKL,OH,AGL,CE,Federal Contract Tower,0,11,50,0,61,0,28,81,0,109,0,39,131,0,170,36,0,36,206
11/15/2004,BKL,OH,AGL,CE,Federal Contract Tower,0,21,40,0,61,0,15,64,4,83,0,36,104,4,144,108,0,108,252
11/16/2004,BKL,OH,AGL,CE,Federal Contract Tower,0,46,65,1,112,0,32,41,2,75,0,78,106,3,187,118,0,118,305
11/17/2004,BKL,OH,AGL,CE,Federal Contract Tower,0,57,57,0,114,0,28,29,2,59,0,85,86,2,173,34,4,38,211
11/18/2004,BKL,OH,AGL,CE,Federal Contract Tower,0,33,34,4,71,0,5,6,0,11,0,38,40,4,82,0,0,0,82
11/19/2004,BKL,OH,AGL,CE,Federal Contract Tower,0,24,36,2,62,0,17,18,1,36,0,41,54,3,98,52,0,52,150
11/20/2004,BKL,OH,AGL,CE,Federal Contract Tower,0,10,29,0,39,0,11,10,0,21,0,21,39,0,60,102,0,102,162
11/21/2004,BKL,OH,AGL,CE,Federal Contract Tower,0,15,35,0,50,0,17,38,0,55,0,32,73,0,105,8,0,8,113
11/22/2004,BKL,OH,AGL,CE,Federal Contract Tower,0,17,47,0,64,0,30,56,0,86,0,47,103,0,150,180,0,180,330
11/23/2004,BKL,OH,AGL,CE,Federal Contract Tower,0,40,46,0,86,0,26,62,0,88,0,66,108,0,174,44,0,44,218
11/24/2004,BKL,OH,AGL,CE,Federal Contract Tower,1,34,16,0,51,0,3,2,0,5,1,37,18,0,56,16,0,16,72
11/25/2004,BKL,OH,AGL,CE,Federal Contract Tower,1,22,6,0,29,0,11,2,0,13,1,33,8,0,42,0,0,0,42
11/26/2004,BKL,OH,AGL,CE,Federal Contract Tower,1,8,19,0,28,0,9,47,0,56,1,17,66,0,84,18,0,18,102
11/27/2004,BKL,OH,AGL,CE,Federal Contract Tower,0,10,10,0,20,0,20,32,0,52,0,30,42,0,72,46,0,46,118
11/28/2004,BKL,OH,AGL,CE,Federal Contract Tower,1,8,29,0,38,0,14,19,0,33,1,22,48,0,71,34,0,34,105
11/29/2004,BKL,OH,AGL,CE,Federal Contract Tower,0,9,35,0,44,0,20,51,0,71,0,29,86,0,115,30,0,30,145
11/30/2004,BKL,OH,AGL,CE,Federal Contract Tower,0,39,38,0,77,0,18,46,0,64,0,57,84,0,141,42,0,42,183
12/01/2004,BKL,OH,AGL,CE,Federal Contract Tower,0,44,28,0,72,0,15,17,0,32,0,59,45,0,104,12,0,12,116
12/02/2004,BKL,OH,AGL,CE,Federal Contract Tower,0,47,47,0,94,0,14,79,2,95,0,61,126,2,189,116,0,116,305
12/03/2004,BKL,OH,AGL,CE,Federal Contract Tower,0,49,33,0,82,0,54,58,0,112,0,103,91,0,194,4,0,4,198
12/04/2004,BKL,OH,AGL,CE,Federal Contract Tower,0,13,25,0,38,0,25,15,0,40,0,38,40,0,78,58,0,58,136
12/05/2004,BKL,OH,AGL,CE,Federal Contract Tower,1,10,40,0,51,0,39,79,1,119,1,49,119,1,170,70,0,70,240
12/06/2004,BKL,OH,AGL,CE,Federal Contract Tower,0,13,37,0,50,0,20,8,0,28,0,33,45,0,78,10,0,10,88
12/07/2004,BKL,OH,AGL,CE,Federal Contract Tower,0,47,33,0,80,0,15,13,0,28,0,62,46,0,108,0,0,0,108
12/08/2004,BKL,OH,AGL,CE,Federal Contract Tower,0,32,42,0,74,0,20,76,2,98,0,52,118,2,172,146,0,146,318
12/09/2004,BKL,OH,AGL,CE,Federal Contract Tower,0,42,48,0,90,0,10,51,0,61,0,52,99,0,151,48,8,56,207
12/10/2004,BKL,OH,AGL,CE,Federal Contract Tower,0,46,30,0,76,0,9,6,0,15,0,55,36,0,91,0,0,0,91
12/11/2004,BKL,OH,AGL,CE,Federal Contract Tower,0,15,15,0,30,0,7,1,0,8,0,22,16,0,38,6,0,6,44
12/12/2004,BKL,OH,AGL,CE,Federal Contract Tower,0,3,8,0,11,0,9,2,0,11,0,12,10,0,22,2,0,2,24
12/13/2004,BKL,OH,AGL,CE,Federal Contract Tower,0,11,31,0,42,0,5,3,0,8,0,16,34,0,50,2,0,2,52
12/14/2004,BKL,OH,AGL,CE,Federal Contract Tower,0,19,47,0,66,0,12,37,0,49,0,31,84,0,115,18,0,18,133
12/15/2004,BKL,OH,AGL,CE,Federal Contract Tower,1,46,53,0,100,0,36,67,0,103,1,82,120,0,203,86,0,86,289
12/16/2004,BKL,OH,AGL,CE,Federal Contract Tower,1,36,40,0,77,0,38,48,0,86,1,74,88,0,163,10,0,10,173
12/17/2004,BKL,OH,AGL,CE,Federal Contract Tower,0,40,29,0,69,0,26,36,4,66,0,66,65,4,135,68,0,68,203
12/18/2004,BKL,OH,AGL,CE,Federal Contract Tower,0,1,11,0,12,0,5,0,0,5,0,6,11,0,17,0,0,0,17
12/19/2004,BKL,OH,AGL,CE,Federal Contract Tower,0,1,11,0,12,0,5,0,0,5,0,6,11,0,17,0,0,0,17
12/20/2004,BKL,OH,AGL,CE,Federal Contract Tower,1,9,31,0,41,0,4,28,0,32,1,13,59,0,73,8,0,8,81
12/21/2004,BKL,OH,AGL,CE,Federal Contract Tower,0,35,46,0,81,0,32,73,0,105,0,67,119,0,186,52,0,52,238
12/22/2004,BKL,OH,AGL,CE,Federal Contract Tower,1,26,13,0,40,0,27,7,0,34,1,53,20,0,74,0,0,0,74
12/23/2004,BKL,OH,AGL,CE,Federal Contract Tower,0,7,6,0,13,0,0,2,0,2,0,7,8,0,15,0,0,0,15
12/24/2004,BKL,OH,AGL,CE,Federal Contract Tower,0,34,18,0,52,0,24,21,0,45,0,58,39,0,97,4,0,4,101
12/25/2004,BKL,OH,AGL,CE,Federal Contract Tower,0,12,8,0,20,0,12,6,0,18,0,24,14,0,38,4,0,4,42
12/26/2004,BKL,OH,AGL,CE,Federal Contract Tower,0,2,11,0,13,0,4,0,0,4,0,6,11,0,17,10,0,10,27
12/27/2004,BKL,OH,AGL,CE,Federal Contract Tower,0,8,17,0,25,0,17,23,0,40,0,25,40,0,65,42,0,42,107
12/28/2004,BKL,OH,AGL,CE,Federal Contract Tower,0,32,23,0,55,0,43,44,0,87,0,75,67,0,142,4,0,4,146
12/29/2004,BKL,OH,AGL,CE,Federal Contract Tower,0,33,19,0,52,0,28,37,0,65,0,61,56,0,117,40,0,40,157
12/30/2004,BKL,OH,AGL,CE,Federal Contract Tower,0,33,17,0,50,0,35,27,0,62,0,68,44,0,112,60,0,60,172
12/31/2004,BKL,OH,AGL,CE,Federal Contract Tower,0,31,8,0,39,0,24,11,0,35,0,55,19,0,74,10,0,10,84
01/01/2005,BKL,OH,AGL,CE,Federal Contract Tower,0,5,8,0,13,0,25,28,0,53,0,30,36,0,66,38,0,38,104
01/02/2005,BKL,OH,AGL,CE,Federal Contract Tower,0,4,11,0,15,0,15,11,0,26,0,19,22,0,41,14,0,14,55
01/03/2005,BKL,OH,AGL,CE,Federal Contract Tower,0,12,10,0,22,0,0,0,0,0,0,12,10,0,22,0,0,0,22
01/04/2005,BKL,OH,AGL,CE,Federal Contract Tower,0,26,35,0,61,0,1,0,0,1,0,27,35,0,62,2,0,2,64
01/05/2005,BKL,OH,AGL,CE,Federal Contract Tower,1,32,16,0,49,0,9,5,0,14,1,41,21,0,63,2,0,2,65
01/06/2005,BKL,OH,AGL,CE,Federal Contract Tower,0,8,17,0,25,0,4,10,0,14,0,12,27,0,39,22,0,22,61
01/07/2005,BKL,OH,AGL,CE,Federal Contract Tower,0,30,26,0,56,0,28,49,0,77,0,58,75,0,133,82,0,82,215
01/08/2005,BKL,OH,AGL,CE,Federal Contract Tower,0,10,11,0,21,0,7,5,0,12,0,17,16,0,33,18,0,18,51
01/09/2005,BKL,OH,AGL,CE,Federal Contract Tower,0,6,7,0,13,0,17,12,4,33,0,23,19,4,46,110,0,110,156
01/10/2005,BKL,OH,AGL,CE,Federal Contract Tower,0,8,29,0,37,0,19,26,0,45,0,27,55,0,82,0,0,0,82
01/11/2005,BKL,OH,AGL,CE,Federal Contract Tower,0,44,41,0,85,0,7,7,0,14,0,51,48,0,99,0,0,0,99
01/12/2005,BKL,OH,AGL,CE,Federal Contract Tower,0,33,45,0,78,0,10,29,0,39,0,43,74,0,117,28,0,28,145
01/13/2005,BKL,OH,AGL,CE,Federal Contract Tower,0,39,40,0,79,0,28,28,0,56,0,67,68,0,135,20,0,20,155
01/14/2005,BKL,OH,AGL,CE,Federal Contract Tower,0,38,34,0,72,0,16,45,0,61,0,54,79,0,133,8,0,8,141
01/15/2005,BKL,OH,AGL,CE,Federal Contract Tower,0,14,22,0,36,0,14,44,2,60,0,28,66,2,96,108,0,108,204
01/16/2005,BKL,OH,AGL,CE,Federal Contract Tower,0,4,8,0,12,0,14,9,0,23,0,18,17,0,35,0,0,0,35
01/17/2005,BKL,OH,AGL,CE,Federal Contract Tower,0,3,26,0,29,0,20,10,0,30,0,23,36,0,59,6,0,6,65
01/18/2005,BKL,OH,AGL,CE,Federal Contract Tower,0,7,22,0,29,0,15,39,2,56,0,22,61,2,85,22,0,22,107
01/19/2005,BKL,OH,AGL,CE,Federal Contract Tower,0,30,26,0,56,0,13,19,0,32,0,43,45,0,88,6,0,6,94
01/20/2005,BKL,OH,AGL,CE,Federal Contract Tower,0,35,35,0,70,0,19,21,0,40,0,54,56,0,110,22,0,22,132
01/21/2005,BKL,OH,AGL,CE,Federal Contract Tower,0,35,54,0,89,0,35,51,0,86,0,70,105,0,175,60,0,60,235
01/22/2005,BKL,OH,AGL,CE,Federal Contract Tower,0,8,5,0,13,0,4,13,0,17,0,12,18,0,30,0,0,0,30
01/23/2005,BKL,OH,AGL,CE,Federal Contract Tower,0,2,13,0,15,0,14,4,0,18,0,16,17,0,33,2,0,2,35
01/24/2005,BKL,OH,AGL,CE,Federal Contract Tower,0,10,34,0,44,0,23,21,2,46,0,33,55,2,90,6,0,6,96
01/25/2005,BKL,OH,AGL,CE,Federal Contract Tower,0,43,68,0,111,0,36,54,0,90,0,79,122,0,201,76,0,76,277
01/26/2005,BKL,OH,AGL,CE,Federal Contract Tower,0,34,46,0,80,0,9,29,0,38,0,43,75,0,118,8,0,8,126
01/27/2005,BKL,OH,AGL,CE,Federal Contract Tower,0,39,35,0,74,0,26,37,2,65,0,65,72,2,139,54,0,54,193
01/28/2005,BKL,OH,AGL,CE,Federal Contract Tower,0,29,51,0,80,0,43,84,0,127,0,72,135,0,207,34,0,34,241
01/29/2005,BKL,OH,AGL,CE,Federal Contract Tower,2,6,25,1,34,0,16,45,2,63,2,22,70,3,97,58,2,60,157
01/30/2005,BKL,OH,AGL,CE,Federal Contract Tower,0,11,15,0,26,0,11,60,2,73,0,22,75,2,99,24,0,24,123
01/31/2005,BKL,OH,AGL,CE,Federal Contract Tower,2,15,37,0,54,0,14,22,0,36,2,29,59,0,90,20,0,20,110
02/01/2005,BKL,OH,AGL,CE,Federal Contract Tower,0,31,31,0,62,0,0,8,0,8,0,31,39,0,70,10,0,10,80
02/02/2005,BKL,OH,AGL,CE,Federal Contract Tower,0,38,41,0,79,0,4,1,0,5,0,42,42,0,84,0,0,0,84
02/03/2005,BKL,OH,AGL,CE,Federal Contract Tower,0,22,36,0,58,0,1,12,0,13,0,23,48,0,71,2,0,2,73
02/04/2005,BKL,OH,AGL,CE,Federal Contract Tower,0,26,26,0,52,0,16,46,0,62,0,42,72,0,114,56,0,56,170
02/05/2005,BKL,OH,AGL,CE,Federal Contract Tower,1,13,22,0,36,0,24,62,0,86,1,37,84,0,122,150,0,150,272
02/06/2005,BKL,OH,AGL,CE,Federal Contract Tower,1,5,10,0,16,0,19,42,0,61,1,24,52,0,77,66,0,66,143
02/07/2005,BKL,OH,AGL,CE,Federal Contract Tower,1,4,35,0,40,0,11,44,5,60,1,15,79,5,100,30,0,30,130
02/08/2005,BKL,OH,AGL,CE,Federal Contract Tower,0,26,23,0,49,0,18,2,1,21,0,44,25,1,70,8,0,8,78
02/09/2005,BKL,OH,AGL,CE,Federal Contract Tower,1,24,28,0,53,0,1,0,2,3,1,25,28,2,56,0,0,0,56
02/10/2005,BKL,OH,AGL,CE,Federal Contract Tower,3,36,27,1,67,0,3,21,1,25,3,39,48,2,92,30,0,30,122
02/11/2005,BKL,OH,AGL,CE,Federal Contract Tower,0,34,33,0,67,0,13,40,0,53,0,47,73,0,120,20,0,20,140
02/12/2005,BKL,OH,AGL,CE,Federal Contract Tower,0,12,15,0,27,0,22,34,0,56,0,34,49,0,83,71,8,79,162
02/13/2005,BKL,OH,AGL,CE,Federal Contract Tower,0,8,26,0,34,0,21,36,0,57,0,29,62,0,91,74,0,74,165
02/14/2005,BKL,OH,AGL,CE,Federal Contract Tower,0,3,30,0,33,0,6,16,0,22,0,9,46,0,55,4,0,4,59
02/15/2005,BKL,OH,AGL,CE,Federal Contract Tower,0,43,47,0,90,0,26,63,5,94,0,69,110,5,184,132,0,132,316
02/16/2005,BKL,OH,AGL,CE,Federal Contract Tower,0,36,22,0,58,0,50,34,0,84,0,86,56,0,142,30,0,30,172
02/17/2005,BKL,OH,AGL,CE,Federal Contract Tower,0,38,39,0,77,0,23,42,0,65,0,61,81,0,142,46,0,46,188
02/18/2005,BKL,OH,AGL,CE,Federal Contract Tower,0,37,34,0,71,0,28,35,2,65,0,65,69,2,136,32,0,32,168
02/19/2005,BKL,OH,AGL,CE,Federal Contract Tower,0,13,15,0,28,0,15,23,4,42,0,28,38,4,70,38,4,42,112
02/20/2005,BKL,OH,AGL,CE,Federal Contract Tower,0,1,7,0,8,0,25,4,0,29,0,26,11,0,37,0,0,0,37
02/21/2005,BKL,OH,AGL,CE,Federal Contract Tower,0,3,23,0,26,0,6,10,0,16,0,9,33,0,42,2,0,2,44
02/22/2005,BKL,OH,AGL,CE,Federal Contract Tower,0,9,53,0,62,0,32,9,0,41,0,41,62,0,103,68,0,68,171
02/23/2005,BKL,OH,AGL,CE,Federal Contract Tower,0,44,56,0,100,0,27,34,0,61,0,71,90,0,161,114,0,114,275
02/24/2005,BKL,OH,AGL,CE,Federal Contract Tower,0,38,35,0,73,0,13,43,0,56,0,51,78,0,129,30,0,30,159
02/25/2005,BKL,OH,AGL,CE,Federal Contract Tower,0,27,27,0,54,0,19,41,0,60,0,46,68,0,114,46,0,46,160
02/26/2005,BKL,OH,AGL,CE,Federal Contract Tower,0,18,19,0,37,0,7,27,0,34,0,25,46,0,71,48,0,48,119
02/27/2005,BKL,OH,AGL,CE,Federal Contract Tower,0,5,20,0,25,0,46,44,0,90,0,51,64,0,115,76,0,76,191
02/28/2005,BKL,OH,AGL,CE,Federal Contract Tower,0,11,51,0,62,0,15,15,0,30,0,26,66,0,92,42,0,42,134
03/01/2005,BKL,OH,AGL,CE,Federal Contract Tower,0,35,27,0,62,0,10,14,0,24,0,45,41,0,86,0,0,0,86
03/02/2005,BKL,OH,AGL,CE,Federal Contract Tower,0,31,37,0,68,0,7,2,0,9,0,38,39,0,77,0,0,0,77
03/03/2005,BKL,OH,AGL,CE,Federal Contract Tower,0,52,53,0,105,0,18,34,2,54,0,70,87,2,159,36,0,36,195
03/04/2005,BKL,OH,AGL,CE,Federal Contract Tower,0,38,43,0,81,0,41,61,4,106,0,79,104,4,187,40,0,40,227
03/05/2005,BKL,OH,AGL,CE,Federal Contract Tower,0,14,21,2,37,0,10,42,0,52,0,24,63,2,89,52,2,54,143
03/06/2005,BKL,OH,AGL,CE,Federal Contract Tower,0,4,22,0,26,0,11,14,0,25,0,15,36,0,51,28,0,28,79
03/07/2005,BKL,OH,AGL,CE,Federal Contract Tower,0,10,35,0,45,0,36,29,0,65,0,46,64,0,110,8,0,8,118
03/08/2005,BKL,OH,AGL,CE,Federal Contract Tower,0,34,36,0,70,0,19,19,0,38,0,53,55,0,108,28,0,28,136
03/09/2005,BKL,OH,AGL,CE,Federal Contract Tower,0,39,40,0,79,0,34,58,0,92,0,73,98,0,171,0,0,0,171
03/10/2005,BKL,OH,AGL,CE,Federal Contract Tower,0,44,39,0,83,0,28,53,0,81,0,72,92,0,164,68,0,68,232
03/11/2005,BKL,OH,AGL,CE,Federal Contract Tower,0,28,17,0,45,0,10,5,0,15,0,38,22,0,60,10,0,10,70
03/12/2005,BKL,OH,AGL,CE,Federal Contract Tower,0,11,13,0,24,0,12,15,0,27,0,23,28,0,51,4,0,4,55
03/13/2005,BKL,OH,AGL,CE,Federal Contract Tower,1,3,14,1,19,0,40,38,1,79,1,43,52,2,98,124,0,124,222
03/14/2005,BKL,OH,AGL,CE,Federal Contract Tower,2,9,33,0,44,0,36,39,0,75,2,45,72,0,119,80,0,80,199
03/15/2005,BKL,OH,AGL,CE,Federal Contract Tower,0,37,49,0,86,0,34,73,0,107,0,71,122,0,193,86,0,86,279
03/16/2005,BKL,OH,AGL,CE,Federal Contract Tower,1,43,46,0,90,0,31,82,0,113,1,74,128,0,203,34,6,40,243
03/17/2005,BKL,OH,AGL,CE,Federal Contract Tower,0,39,52,2,93,0,36,86,1,123,0,75,138,3,216,78,2,80,296
03/18/2005,BKL,OH,AGL,CE,Federal Contract Tower,0,41,50,0,91,0,21,59,3,83,0,62,109,3,174,80,0,80,254
03/19/2005,BKL,OH,AGL,CE,Federal Contract Tower,0,16,19,0,35,0,18,28,3,49,0,34,47,3,84,115,0,115,199
03/20/2005,BKL,OH,AGL,CE,Federal Contract Tower,0,2,14,0,16,0,4,0,0,4,0,6,14,0,20,0,0,0,20
03/21/2005,BKL,OH,AGL,CE,Federal Contract Tower,1,11,25,0,37,0,37,33,0,70,1,48,58,0,107,14,0,14,121
03/22/2005,BKL,OH,AGL,CE,Federal Contract Tower,1,50,44,0,95,0,37,93,2,132,1,87,137,2,227,32,0,32,259
03/23/2005,BKL,OH,AGL,CE,Federal Contract Tower,2,37,31,0,70,0,4,30,2,36,2,41,61,2,106,0,0,0,106
03/24/2005,BKL,OH,AGL,CE,Federal Contract Tower,0,51,36,0,87,0,17,27,0,44,0,68,63,0,131,36,0,36,167
03/25/2005,BKL,OH,AGL,CE,Federal Contract Tower,0,41,22,0,63,0,22,28,0,50,0,63,50,0,113,48,0,48,161
03/26/2005,BKL,OH,AGL,CE,Federal Contract Tower,0,10,27,0,37,0,20,46,0,66,0,30,73,0,103,40,0,40,143
03/27/2005,BKL,OH,AGL,CE,Federal Contract Tower,0,5,10,0,15,0,17,3,0,20,0,22,13,0,35,8,0,8,43
03/28/2005,BKL,OH,AGL,CE,Federal Contract Tower,0,4,25,0,29,0,18,32,0,50,0,22,57,0,79,0,4,4,83
03/29/2005,BKL,OH,AGL,CE,Federal Contract Tower,0,40,46,0,86,0,22,79,0,101,0,62,125,0,187,102,0,102,289
03/30/2005,BKL,OH,AGL,CE,Federal Contract Tower,0,43,35,0,78,0,22,93,0,115,0,65,128,0,193,112,0,112,305
03/31/2005,BKL,OH,AGL,CE,Federal Contract Tower,3,30,23,0,56,0,40,102,0,142,3,70,125,0,198,34,0,34,232
04/01/2005,BKL,OH,AGL,CE,Federal Contract Tower,1,40,35,2,78,0,29,33,0,62,1,69,68,2,140,64,0,64,204
04/02/2005,BKL,OH,AGL,CE,Federal Contract Tower,0,11,6,0,17,0,8,3,0,11,0,19,9,0,28,0,0,0,28
04/03/2005,BKL,OH,AGL,CE,Federal Contract Tower,4,9,7,0,20,0,10,2,0,12,4,19,9,0,32,2,0,2,34
04/04/2005,BKL,OH,AGL,CE,Federal Contract Tower,0,21,33,0,54,0,26,68,0,94,0,47,101,0,148,76,0,76,224
04/05/2005,BKL,OH,AGL,CE,Federal Contract Tower,0,39,47,4,90,0,33,67,0,100,0,72,114,4,190,30,0,30,220
04/06/2005,BKL,OH,AGL,CE,Federal Contract Tower,1,41,52,0,94,0,26,75,1,102,1,67,127,1,196,38,0,38,234
04/07/2005,BKL,OH,AGL,CE,Federal Contract Tower,1,40,48,0,89,0,14,36,0,50,1,54,84,0,139,2,0,2,141
04/08/2005,BKL,OH,AGL,CE,Federal Contract Tower,0,36,50,0,86,0,34,71,0,105,0,70,121,0,191,42,0,42,233
04/09/2005,BKL,OH,AGL,CE,Federal Contract Tower,1,8,32,0,41,0,18,109,0,127,1,26,141,0,168,34,0,34,202
04/10/2005,BKL,OH,AGL,CE,Federal Contract Tower,2,4,33,0,39,0,35,101,0,136,2,39,134,0,175,56,0,56,231
04/11/2005,BKL,OH,AGL,CE,Federal Contract Tower,1,13,56,0,70,0,47,79,0,126,1,60,135,0,196,26,0,26,222
04/12/2005,BKL,OH,AGL,CE,Federal Contract Tower,0,39,44,0,83,0,53,62,0,115,0,92,106,0,198,30,0,30,228
04/13/2005,BKL,OH,AGL,CE,Federal Contract Tower,0,49,57,2,108,0,10,66,8,84,0,59,123,10,192,62,4,66,258
04/14/2005,BKL,OH,AGL,CE,Federal Contract Tower,0,42,61,0,103,0,52,94,0,146,0,94,155,0,249,74,0,74,323
04/15/2005,BKL,OH,AGL,CE,Federal Contract Tower,2,45,39,0,86,0,23,55,4,82,2,68,94,4,168,14,24,38,206
04/16/2005,BKL,OH,AGL,CE,Federal Contract Tower,0,13,27,0,40,0,28,117,2,147,0,41,144,2,187,52,0,52,239
04/17/2005,BKL,OH,AGL,CE,Federal Contract Tower,0,11,18,2,31,0,32,59,2,93,0,43,77,4,124,32,0,32,156
04/18/2005,BKL,OH,AGL,CE,Federal Contract Tower,2,5,46,0,53,0,27,91,2,120,2,32,137,2,173,94,4,98,271
04/19/2005,BKL,OH,AGL,CE,Federal Contract Tower,0,52,66,0,118,0,34,63,1,98,0,86,129,1,216,76,4,80,296
04/20/2005,BKL,OH,AGL,CE,Federal Contract Tower,2,60,53,0,115,0,28,54,4,86,2,88,107,4,201,12,0,12,213
04/21/2005,BKL,OH,AGL,CE,Federal Contract Tower,0,47,60,0,107,0,49,68,2,119,0,96,128,2,226,40,0,40,266
04/22/2005,BKL,OH,AGL,CE,Federal Contract Tower,0,43,41,0,84,0,30,43,6,79,0,73,84,6,163,42,0,42,205
04/23/2005,BKL,OH,AGL,CE,Federal Contract Tower,0,0,7,0,7,0,0,0,14,14,0,0,7,14,21,0,0,0,21
04/24/2005,BKL,OH,AGL,CE,Federal Contract Tower,0,6,9,0,15,0,5,0,0,5,0,11,9,0,20,0,0,0,20
04/25/2005,BKL,OH,AGL,CE,Federal Contract Tower,1,10,44,0,55,0,15,57,0,72,1,25,101,0,127,22,0,22,149
04/26/2005,BKL,OH,AGL,CE,Federal Contract Tower,0,38,61,0,99,0,32,62,0,94,0,70,123,0,193,14,0,14,207
04/27/2005,BKL,OH,AGL,CE,Federal Contract Tower,0,44,63,0,107,0,33,74,0,107,0,77,137,0,214,32,0,32,246
04/28/2005,BKL,OH,AGL,CE,Federal Contract Tower,0,57,63,0,120,0,17,85,4,106,0,74,148,4,226,74,0,74,300
04/29/2005,BKL,OH,AGL,CE,Federal Contract Tower,1,42,55,0,98,0,40,72,0,112,1,82,127,0,210,66,0,66,276
04/30/2005,BKL,OH,AGL,CE,Federal Contract Tower,0,13,30,0,43,0,4,16,0,20,0,17,46,0,63,0,0,0,63
05/01/2005,BKL,OH,AGL,CE,Federal Contract Tower,0,8,21,0,29,0,19,67,0,86,0,27,88,0,115,18,0,18,133
05/02/2005,BKL,OH,AGL,CE,Federal Contract Tower,0,14,35,0,49,0,21,31,0,52,0,35,66,0,101,8,0,8,109
05/03/2005,BKL,OH,AGL,CE,Federal Contract Tower,0,56,34,0,90,0,14,59,2,75,0,70,93,2,165,76,0,76,241
05/04/2005,BKL,OH,AGL,CE,Federal Contract Tower,0,40,58,0,98,0,40,84,0,124,0,80,142,0,222,96,0,96,318
05/05/2005,BKL,OH,AGL,CE,Federal Contract Tower,0,42,53,0,95,0,55,113,2,170,0,97,166,2,265,136,0,136,401
05/06/2005,BKL,OH,AGL,CE,Federal Contract Tower,0,39,51,1,91,0,35,89,6,130,0,74,140,7,221,58,2,60,281
05/07/2005,BKL,OH,AGL,CE,Federal Contract Tower,0,11,18,0,29,0,18,56,0,74,0,29,74,0,103,110,0,110,213
05/08/2005,BKL,OH,AGL,CE,Federal Contract Tower,0,3,15,1,19,0,58,53,0,111,0,61,68,1,130,66,0,66,196
05/09/2005,BKL,OH,AGL,CE,Federal Contract Tower,0,15,44,2,61,0,27,106,2,135,0,42,150,4,196,96,0,96,292
05/10/2005,BKL,OH,AGL,CE,Federal Contract Tower,0,42,58,0,100,0,37,108,0,145,0,79,166,0,245,70,0,70,315
05/11/2005,BKL,OH,AGL,CE,Federal Contract Tower,0,41,57,2,100,0,53,91,0,144,0,94,148,2,244,78,0,78,322
05/12/2005,BKL,OH,AGL,CE,Federal Contract Tower,0,50,58,0,108,0,28,55,0,83,0,78,113,0,191,36,0,36,227
05/13/2005,BKL,OH,AGL,CE,Federal Contract Tower,1,42,45,0,88,0,25,88,0,113,1,67,133,0,201,42,0,42,243
05/14/2005,BKL,OH,AGL,CE,Federal Contract Tower,0,10,17,2,29,0,16,22,0,38,0,26,39,2,67,78,0,78,145
05/15/2005,BKL,OH,AGL,CE,Federal Contract Tower,1,8,27,0,36,0,39,79,0,118,1,47,106,0,154,80,0,80,234
05/16/2005,BKL,OH,AGL,CE,Federal Contract Tower,0,17,57,0,74,0,30,69,0,99,0,47,126,0,173,64,0,64,237
05/17/2005,BKL,OH,AGL,CE,Federal Contract Tower,0,52,59,0,111,0,22,127,0,149,0,74,186,0,260,48,0,48,308
05/18/2005,BKL,OH,AGL,CE,Federal Contract Tower,0,49,63,0,112,0,19,109,0,128,0,68,172,0,240,22,0,22,262
05/19/2005,BKL,OH,AGL,CE,Federal Contract Tower,0,46,49,0,95,0,39,70,2,111,0,85,119,2,206,30,0,30,236
05/20/2005,BKL,OH,AGL,CE,Federal Contract Tower,0,43,62,0,105,0,25,51,0,76,0,68,113,0,181,58,0,58,239
05/21/2005,BKL,OH,AGL,CE,Federal Contract Tower,0,18,47,0,65,0,29,114,0,143,0,47,161,0,208,110,0,110,318
05/22/2005,BKL,OH,AGL,CE,Federal Contract Tower,0,4,40,0,44,0,43,81,0,124,0,47,121,0,168,48,0,48,216
05/23/2005,BKL,OH,AGL,CE,Federal Contract Tower,0,13,41,0,54,0,30,27,0,57,0,43,68,0,111,12,0,12,123
05/24/2005,BKL,OH,AGL,CE,Federal Contract Tower,0,49,55,0,104,0,4,44,0,48,0,53,99,0,152,12,0,12,164
05/25/2005,BKL,OH,AGL,CE,Federal Contract Tower,0,58,57,1,116,0,26,118,2,146,0,84,175,3,262,66,0,66,328
05/26/2005,BKL,OH,AGL,CE,Federal Contract Tower,0,55,62,1,118,0,31,94,0,125,0,86,156,1,243,88,0,88,331
05/27/2005,BKL,OH,AGL,CE,Federal Contract Tower,2,61,38,1,102,0,49,72,1,122,2,110,110,2,224,26,8,34,258
05/28/2005,BKL,OH,AGL,CE,Federal Contract Tower,0,13,28,0,41,0,32,28,0,60,0,45,56,0,101,50,0,50,151
05/29/2005,BKL,OH,AGL,CE,Federal Contract Tower,0,8,13,2,23,0,28,104,3,135,0,36,117,5,158,48,0,48,206
05/30/2005,BKL,OH,AGL,CE,Federal Contract Tower,0,4,28,0,32,0,40,56,2,98,0,44,84,2,130,80,0,80,210
05/31/2005,BKL,OH,AGL,CE,Federal Contract Tower,0,16,28,0,44,0,23,122,1,146,0,39,150,1,190,134,0,134,324
06/01/2005,BKL,OH,AGL,CE,Federal Contract Tower,0,63,58,0,121,0,52,106,2,160,0,115,164,2,281,68,0,68,349
06/02/2005,BKL,OH,AGL,CE,Federal Contract Tower,0,47,68,0,115,0,30,144,0,174,0,77,212,0,289,86,2,88,377
06/03/2005,BKL,OH,AGL,CE,Federal Contract Tower,0,49,52,0,101,0,28,62,0,90,0,77,114,0,191,112,0,112,303
06/04/2005,BKL,OH,AGL,CE,Federal Contract Tower,0,14,28,0,42,0,28,75,0,103,0,42,103,0,145,76,0,76,221
06/05/2005,BKL,OH,AGL,CE,Federal Contract Tower,0,7,25,2,34,0,26,56,0,82,0,33,81,2,116,72,2,74,190
06/06/2005,BKL,OH,AGL,CE,Federal Contract Tower,0,11,26,0,37,0,46,79,2,127,0,57,105,2,164,48,0,48,212
06/07/2005,BKL,OH,AGL,CE,Federal Contract Tower,0,53,48,0,101,0,45,145,0,190,0,98,193,0,291,36,0,36,327
06/08/2005,BKL,OH,AGL,CE,Federal Contract Tower,0,50,43,0,93,0,33,103,2,138,0,83,146,2,231,98,0,98,329
06/09/2005,BKL,OH,AGL,CE,Federal Contract Tower,0,51,39,0,90,0,21,72,0,93,0,72,111,0,183,46,0,46,229
06/10/2005,BKL,OH,AGL,CE,Federal Contract Tower,0,52,32,2,86,0,47,71,0,118,0,99,103,2,204,54,0,54,258
06/11/2005,BKL,OH,AGL,CE,Federal Contract Tower,0,17,27,0,44,0,23,65,0,88,0,40,92,0,132,72,0,72,204
06/12/2005,BKL,OH,AGL,CE,Federal Contract Tower,0,11,31,0,42,0,43,36,0,79,0,54,67,0,121,128,0,128,249
06/13/2005,BKL,OH,AGL,CE,Federal Contract Tower,0,7,53,0,60,0,16,58,1,75,0,23,111,1,135,44,0,44,179
06/14/2005,BKL,OH,AGL,CE,Federal Contract Tower,0,52,56,0,108,0,37,89,1,127,0,89,145,1,235,32,0,32,267
06/15/2005,BKL,OH,AGL,CE,Federal Contract Tower,0,49,50,1,100,0,56,72,0,128,0,105,122,1,228,30,0,30,258
06/16/2005,BKL,OH,AGL,CE,Federal Contract Tower,2,50,52,2,106,0,21,50,2,73,2,71,102,4,179,32,0,32,211
06/17/2005,BKL,OH,AGL,CE,Federal Contract Tower,0,50,62,3,115,0,33,99,0,132,0,83,161,3,247,48,0,48,295
06/18/2005,BKL,OH,AGL,CE,Federal Contract Tower,0,16,51,0,67,0,8,43,0,51,0,24,94,0,118,82,0,82,200
06/19/2005,BKL,OH,AGL,CE,Federal Contract Tower,1,10,28,0,39,0,28,67,0,95,1,38,95,0,134,24,0,24,158
06/20/2005,BKL,OH,AGL,CE,Federal Contract Tower,1,14,32,0,47,0,21,63,0,84,1,35,95,0,131,12,0,12,143
06/21/2005,BKL,OH,AGL,CE,Federal Contract Tower,0,50,47,0,97,0,33,74,0,107,0,83,121,0,204,26,0,26,230
06/22/2005,BKL,OH,AGL,CE,Federal Contract Tower,0,47,53,0,100,0,25,43,2,70,0,72,96,2,170,2,0,2,172
06/23/2005,BKL,OH,AGL,CE,Federal Contract Tower,2,52,43,2,99,0,28,47,0,75,2,80,90,2,174,16,4,20,194
06/24/2005,BKL,OH,AGL,CE,Federal Contract Tower,0,29,8,0,37,0,30,20,0,50,0,59,28,0,87,0,0,0,87
06/25/2005,BKL,OH,AGL,CE,Federal Contract Tower,0,0,0,0,0,0,27,23,0,50,0,27,23,0,50,0,0,0,50
06/26/2005,BKL,OH,AGL,CE,Federal Contract Tower,0,0,0,0,0,0,61,22,0,83,0,61,22,0,83,2,0,2,85
06/27/2005,BKL,OH,AGL,CE,Federal Contract Tower,0,12,38,0,50,0,25,27,2,54,0,37,65,2,104,16,0,16,120
06/28/2005,BKL,OH,AGL,CE,Federal Contract Tower,0,35,50,0,85,0,28,56,0,84,0,63,106,0,169,16,0,16,185
06/29/2005,BKL,OH,AGL,CE,Federal Contract Tower,0,41,55,3,99,0,45,41,1,87,0,86,96,4,186,40,10,50,236
06/30/2005,BKL,OH,AGL,CE,Federal Contract Tower,0,37,41,1,79,0,16,70,1,87,0,53,111,2,166,14,0,14,180
07/01/2005,BKL,OH,AGL,CE,Federal Contract Tower,0,34,40,0,74,0,7,75,0,82,0,41,115,0,156,56,0,56,212
07/02/2005,BKL,OH,AGL,CE,Federal Contract Tower,1,14,28,0,43,0,14,68,0,82,1,28,96,0,125,60,2,62,187
07/03/2005,BKL,OH,AGL,CE,Federal Contract Tower,2,4,12,0,18,0,27,58,0,85,2,31,70,0,103,42,0,42,145
07/04/2005,BKL,OH,AGL,CE,Federal Contract Tower,0,9,20,0,29,0,17,73,6,96,0,26,93,6,125,36,0,36,161
07/05/2005,BKL,OH,AGL,CE,Federal Contract Tower,0,13,42,0,55,0,29,57,4,90,0,42,99,4,145,70,0,70,215
07/06/2005,BKL,OH,AGL,CE,Federal Contract Tower,0,66,57,1,124,0,31,75,0,106,0,97,132,1,230,160,0,160,390
07/07/2005,BKL,OH,AGL,CE,Federal Contract Tower,1,60,53,1,115,0,38,84,0,122,1,98,137,1,237,164,0,164,401
07/08/2005,BKL,OH,AGL,CE,Federal Contract Tower,0,50,56,0,106,0,62,105,0,167,0,112,161,0,273,140,2,142,415
07/09/2005,BKL,OH,AGL,CE,Federal Contract Tower,0,18,41,0,59,0,17,93,2,112,0,35,134,2,171,126,0,126,297
07/10/2005,BKL,OH,AGL,CE,Federal Contract Tower,0,5,15,0,20,0,4,82,0,86,0,9,97,0,106,96,0,96,202
07/11/2005,BKL,OH,AGL,CE,Federal Contract Tower,0,20,47,0,67,0,33,71,0,104,0,53,118,0,171,24,0,24,195
07/12/2005,BKL,OH,AGL,CE,Federal Contract Tower,0,50,46,0,96,0,76,106,0,182,0,126,152,0,278,74,0,74,352
07/13/2005,BKL,OH,AGL,CE,Federal Contract Tower,1,50,63,0,114,0,50,68,2,120,1,100,131,2,234,112,0,112,346
07/14/2005,BKL,OH,AGL,CE,Federal Contract Tower,3,48,79,0,130,0,44,48,0,92,3,92,127,0,222,110,0,110,332
07/15/2005,BKL,OH,AGL,CE,Federal Contract Tower,0,43,48,0,91,0,37,61,0,98,0,80,109,0,189,42,0,42,231
07/16/2005,BKL,OH,AGL,CE,Federal Contract Tower,0,17,30,0,47,0,16,30,0,46,0,33,60,0,93,42,0,42,135
07/17/2005,BKL,OH,AGL,CE,Federal Contract Tower,2,11,37,0,50,0,23,11,1,35,2,34,48,1,85,12,0,12,97
07/18/2005,BKL,OH,AGL,CE,Federal Contract Tower,0,8,47,0,55,0,24,75,0,99,0,32,122,0,154,66,0,66,220
07/19/2005,BKL,OH,AGL,CE,Federal Contract Tower,0,49,42,0,91,0,25,78,0,103,0,74,120,0,194,78,0,78,272
07/20/2005,BKL,OH,AGL,CE,Federal Contract Tower,0,54,82,0,136,0,35,157,0,192,0,89,239,0,328,70,0,70,398
07/21/2005,BKL,OH,AGL,CE,Federal Contract Tower,1,50,60,0,111,0,26,84,0,110,1,76,144,0,221,58,0,58,279
07/22/2005,BKL,OH,AGL,CE,Federal Contract Tower,0,62,58,1,121,0,15,78,0,93,0,77,136,1,214,114,4,118,332
07/23/2005,BKL,OH,AGL,CE,Federal Contract Tower,0,15,34,3,52,0,11,114,0,125,0,26,148,3,177,42,0,42,219
07/24/2005,BKL,OH,AGL,CE,Federal Contract Tower,1,1,29,2,33,0,38,41,0,79,1,39,70,2,112,32,0,32,144
07/25/2005,BKL,OH,AGL,CE,Federal Contract Tower,0,19,41,0,60,0,11,33,0,44,0,30,74,0,104,16,0,16,120
07/26/2005,BKL,OH,AGL,CE,Federal Contract Tower,0,43,60,0,103,0,14,52,0,66,0,57,112,0,169,88,0,88,257
07/27/2005,BKL,OH,AGL,CE,Federal Contract Tower,0,54,58,0,112,0,35,38,0,73,0,89,96,0,185,10,0,10,195
07/28/2005,BKL,OH,AGL,CE,Federal Contract Tower,0,54,66,0,120,0,38,108,1,147,0,92,174,1,267,122,0,122,389
07/29/2005,BKL,OH,AGL,CE,Federal Contract Tower,0,42,67,0,109,0,18,87,1,106,0,60,154,1,215,86,0,86,301
07/30/2005,BKL,OH,AGL,CE,Federal Contract Tower,0,19,24,0,43,0,17,100,0,117,0,36,124,0,160,68,0,68,228
07/31/2005,BKL,OH,AGL,CE,Federal Contract Tower,0,10,23,0,33,0,39,85,2,126,0,49,108,2,159,24,0,24,183
08/01/2005,BKL,OH,AGL,CE,Federal Contract Tower,0,18,63,0,81,0,39,108,0,147,0,57,171,0,228,76,0,76,304
08/02/2005,BKL,OH,AGL,CE,Federal Contract Tower,0,45,47,0,92,0,48,140,1,189,0,93,187,1,281,112,0,112,393
08/03/2005,BKL,OH,AGL,CE,Federal Contract Tower,0,49,65,0,114,0,29,89,0,118,0,78,154,0,232,80,0,80,312
08/04/2005,BKL,OH,AGL,CE,Federal Contract Tower,0,47,64,0,111,0,35,82,2,119,0,82,146,2,230,80,0,80,310
08/05/2005,BKL,OH,AGL,CE,Federal Contract Tower,2,51,51,1,105,0,47,63,2,112,2,98,114,3,217,38,4,42,259
08/06/2005,BKL,OH,AGL,CE,Federal Contract Tower,0,11,30,0,41,0,20,105,2,127,0,31,135,2,168,50,0,50,218
08/07/2005,BKL,OH,AGL,CE,Federal Contract Tower,0,3,28,1,32,0,34,60,2,96,0,37,88,3,128,84,0,84,212
08/08/2005,BKL,OH,AGL,CE,Federal Contract Tower,0,9,42,0,51,0,25,44,0,69,0,34,86,0,120,34,0,34,154
08/09/2005,BKL,OH,AGL,CE,Federal Contract Tower,0,50,78,3,131,0,38,81,5,124,0,88,159,8,255,80,0,80,335
08/10/2005,BKL,OH,AGL,CE,Federal Contract Tower,0,54,64,4,122,0,31,80,3,114,0,85,144,7,236,36,2,38,274
08/11/2005,BKL,OH,AGL,CE,Federal Contract Tower,0,55,55,0,110,0,22,74,2,98,0,77,129,2,208,70,0,70,278
08/12/2005,BKL,OH,AGL,CE,Federal Contract Tower,0,45,56,1,102,0,33,66,0,99,0,78,122,1,201,46,0,46,247
08/13/2005,BKL,OH,AGL,CE,Federal Contract Tower,0,10,30,1,41,0,7,43,0,50,0,17,73,1,91,66,0,66,157
08/14/2005,BKL,OH,AGL,CE,Federal Contract Tower,0,6,21,0,27,0,11,9,0,20,0,17,30,0,47,12,0,12,59
08/15/2005,BKL,OH,AGL,CE,Federal Contract Tower,2,14,26,0,42,0,35,53,2,90,2,49,79,2,132,76,0,76,208
08/16/2005,BKL,OH,AGL,CE,Federal Contract Tower,0,49,52,0,101,0,35,121,0,156,0,84,173,0,257,122,0,122,379
08/17/2005,BKL,OH,AGL,CE,Federal Contract Tower,0,48,53,0,101,0,40,105,0,145,0,88,158,0,246,60,0,60,306
08/18/2005,BKL,OH,AGL,CE,Federal Contract Tower,0,52,55,0,107,0,36,85,0,121,0,88,140,0,228,38,0,38,266
08/19/2005,BKL,OH,AGL,CE,Federal Contract Tower,0,52,52,0,104,0,37,42,0,79,0,89,94,0,183,38,0,38,221
08/20/2005,BKL,OH,AGL,CE,Federal Contract Tower,0,13,25,0,38,0,19,24,4,47,0,32,49,4,85,28,0,28,113
08/21/2005,BKL,OH,AGL,CE,Federal Contract Tower,0,1,20,0,21,0,32,87,2,121,0,33,107,2,142,36,0,36,178
08/22/2005,BKL,OH,AGL,CE,Federal Contract Tower,0,11,40,2,53,0,52,83,2,137,0,63,123,4,190,78,0,78,268
08/23/2005,BKL,OH,AGL,CE,Federal Contract Tower,0,46,72,0,118,0,38,74,2,114,0,84,146,2,232,62,0,62,294
08/24/2005,BKL,OH,AGL,CE,Federal Contract Tower,0,56,51,2,109,0,27,120,1,148,0,83,171,3,257,54,14,68,325
08/25/2005,BKL,OH,AGL,CE,Federal Contract Tower,0,45,60,0,105,0,27,111,2,140,0,72,171,2,245,32,0,32,277
08/26/2005,BKL,OH,AGL,CE,Federal Contract Tower,0,42,58,0,100,0,51,72,0,123,0,93,130,0,223,64,0,64,287
08/27/2005,BKL,OH,AGL,CE,Federal Contract Tower,0,16,32,0,48,0,17,14,0,31,0,33,46,0,79,18,0,18,97
08/28/2005,BKL,OH,AGL,CE,Federal Contract Tower,0,6,21,1,28,0,41,81,1,123,0,47,102,2,151,28,0,28,179
08/29/2005,BKL,OH,AGL,CE,Federal Contract Tower,2,17,36,0,55,0,44,73,0,117,2,61,109,0,172,28,0,28,200
08/30/2005,BKL,OH,AGL,CE,Federal Contract Tower,0,50,54,0,104,0,16,29,0,45,0,66,83,0,149,12,0,12,161
08/31/2005,BKL,OH,AGL,CE,Federal Contract Tower,0,39,41,2,82,0,10,37,0,47,0,49,78,2,129,34,0,34,163
09/01/2005,BKL,OH,AGL,CE,Federal Contract Tower,2,45,53,8,108,0,40,76,0,116,2,85,129,8,224,62,18,80,304
09/02/2005,BKL,OH,AGL,CE,Federal Contract Tower,0,42,35,15,92,0,30,88,19,137,0,72,123,34,229,24,116,140,369
09/03/2005,BKL,OH,AGL,CE,Federal Contract Tower,1,9,4,4,18,0,12,8,2,22,1,21,12,6,40,2,6,8,48
09/04/2005,BKL,OH,AGL,CE,Federal Contract Tower,0,2,5,0,7,0,5,0,3,8,0,7,5,3,15,0,0,0,15
09/05/2005,BKL,OH,AGL,CE,Federal Contract Tower,1,1,4,5,11,0,29,25,4,58,1,30,29,9,69,0,12,12,81
09/06/2005,BKL,OH,AGL,CE,Federal Contract Tower,0,5,29,21,55,0,34,77,8,119,0,39,106,29,174,14,12,26,200
09/07/2005,BKL,OH,AGL,CE,Federal Contract Tower,0,54,68,1,123,0,40,81,2,123,0,94,149,3,246,24,0,24,270
09/08/2005,BKL,OH,AGL,CE,Federal Contract Tower,1,41,56,1,99,0,52,75,0,127,1,93,131,1,226,12,0,12,238
09/09/2005,BKL,OH,AGL,CE,Federal Contract Tower,1,40,46,0,87,0,41,94,0,135,1,81,140,0,222,20,0,20,242
09/10/2005,BKL,OH,AGL,CE,Federal Contract Tower,0,15,26,2,43,0,38,81,0,119,0,53,107,2,162,22,4,26,188
09/11/2005,BKL,OH,AGL,CE,Federal Contract Tower,0,19,59,0,78,0,54,98,0,152,0,73,157,0,230,50,6,56,286
09/12/2005,BKL,OH,AGL,CE,Federal Contract Tower,1,9,28,0,38,0,25,107,2,134,1,34,135,2,172,8,0,8,180
09/13/2005,BKL,OH,AGL,CE,Federal Contract Tower,0,53,64,1,118,0,33,86,0,119,0,86,150,1,237,40,0,40,277
09/14/2005,BKL,OH,AGL,CE,Federal Contract Tower,0,50,59,1,110,0,49,42,2,93,0,99,101,3,203,54,0,54,257
09/15/2005,BKL,OH,AGL,CE,Federal Contract Tower,1,47,56,0,104,0,25,64,8,97,1,72,120,8,201,36,0,36,237
09/16/2005,BKL,OH,AGL,CE,Federal Contract Tower,0,61,49,0,110,0,68,38,0,106,0,129,87,0,216,68,0,68,284
09/17/2005,BKL,OH,AGL,CE,Federal Contract Tower,0,8,27,0,35,0,7,10,0,17,0,15,37,0,52,0,0,0,52
09/18/2005,BKL,OH,AGL,CE,Federal Contract Tower,0,5,36,0,41,0,30,46,0,76,0,35,82,0,117,54,0,54,171
09/19/2005,BKL,OH,AGL,CE,Federal Contract Tower,0,8,40,0,48,0,36,54,0,90,0,44,94,0,138,34,0,34,172
09/20/2005,BKL,OH,AGL,CE,Federal Contract Tower,0,50,58,0,108,0,35,87,0,122,0,85,145,0,230,132,0,132,362
09/21/2005,BKL,OH,AGL,CE,Federal Contract Tower,0,49,62,1,112,0,33,115,3,151,0,82,177,4,263,156,0,156,419
09/22/2005,BKL,OH,AGL,CE,Federal Contract Tower,0,50,65,0,115,0,48,84,0,132,0,98,149,0,247,78,0,78,325
09/23/2005,BKL,OH,AGL,CE,Federal Contract Tower,0,52,53,2,107,0,25,35,0,60,0,77,88,2,167,28,4,32,199
09/24/2005,BKL,OH,AGL,CE,Federal Contract Tower,0,18,26,1,45,0,13,89,0,102,0,31,115,1,147,172,0,172,319
09/25/2005,BKL,OH,AGL,CE,Federal Contract Tower,0,5,22,3,30,0,3,16,0,19,0,8,38,3,49,72,0,72,121
09/26/2005,BKL,OH,AGL,CE,Federal Contract Tower,0,18,44,0,62,0,13,22,0,35,0,31,66,0,97,42,0,42,139
09/27/2005,BKL,OH,AGL,CE,Federal Contract Tower,0,60,73,0,133,0,33,96,0,129,0,93,169,0,262,98,0,98,360
09/28/2005,BKL,OH,AGL,CE,Federal Contract Tower,0,52,67,3,122,0,42,105,1,148,0,94,172,4,270,61,0,61,331
09/29/2005,BKL,OH,AGL,CE,Federal Contract Tower,0,38,62,0,100,0,39,38,0,77,0,77,100,0,177,50,0,50,227
09/30/2005,BKL,OH,AGL,CE,Federal Contract Tower,0,43,61,0,104,0,27,111,0,138,0,70,172,0,242,38,0,38,280
10/01/2005,BKL,OH,AGL,CE,Federal Contract Tower,0,21,37,0,58,0,23,81,0,104,0,44,118,0,162,42,0,42,204
10/02/2005,BKL,OH,AGL,CE,Federal Contract Tower,2,2,30,0,34,0,33,94,0,127,2,35,124,0,161,30,0,30,191
10/03/2005,BKL,OH,AGL,CE,Federal Contract Tower,0,11,54,0,65,0,15,63,2,80,0,26,117,2,145,56,2,58,203
10/04/2005,BKL,OH,AGL,CE,Federal Contract Tower,0,53,69,0,122,0,31,95,0,126,0,84,164,0,248,98,0,98,346
10/05/2005,BKL,OH,AGL,CE,Federal Contract Tower,0,47,62,0,109,0,45,60,0,105,0,92,122,0,214,112,0,112,326
10/06/2005,BKL,OH,AGL,CE,Federal Contract Tower,0,57,55,0,112,0,80,71,2,153,0,137,126,2,265,52,0,52,317
10/07/2005,BKL,OH,AGL,CE,Federal Contract Tower,0,47,52,1,100,0,30,28,3,61,0,77,80,4,161,58,0,58,219
10/08/2005,BKL,OH,AGL,CE,Federal Contract Tower,2,11,24,0,37,0,28,11,0,39,2,39,35,0,76,46,0,46,122
10/09/2005,BKL,OH,AGL,CE,Federal Contract Tower,2,14,50,0,66,0,19,8,0,27,2,33,58,0,93,10,0,10,103
10/10/2005,BKL,OH,AGL,CE,Federal Contract Tower,0,4,39,0,43,0,7,44,0,51,0,11,83,0,94,90,0,90,184
10/11/2005,BKL,OH,AGL,CE,Federal Contract Tower,0,28,67,0,95,0,22,37,0,59,0,50,104,0,154,88,0,88,242
10/12/2005,BKL,OH,AGL,CE,Federal Contract Tower,0,41,68,5,114,0,17,71,1,89,0,58,139,6,203,78,2,80,283
10/13/2005,BKL,OH,AGL,CE,Federal Contract Tower,0,46,65,2,113,0,32,70,2,104,0,78,135,4,217,24,0,24,241
10/14/2005,BKL,OH,AGL,CE,Federal Contract Tower,0,52,68,2,122,0,43,78,4,125,0,95,146,6,247,50,2,52,299
10/15/2005,BKL,OH,AGL,CE,Federal Contract Tower,0,14,27,0,41,0,41,58,0,99,0,55,85,0,140,22,0,22,162
10/16/2005,BKL,OH,AGL,CE,Federal Contract Tower,0,4,18,0,22,0,37,30,0,67,0,41,48,0,89,30,2,32,121
10/17/2005,BKL,OH,AGL,CE,Federal Contract Tower,0,11,37,1,49,0,30,68,0,98,0,41,105,1,147,82,0,82,229
10/18/2005,BKL,OH,AGL,CE,Federal Contract Tower,0,44,57,3,104,0,50,94,0,144,0,94,151,3,248,80,0,80,328
10/19/2005,BKL,OH,AGL,CE,Federal Contract Tower,0,52,64,0,116,0,42,83,0,125,0,94,147,0,241,58,0,58,299
10/20/2005,BKL,OH,AGL,CE,Federal Contract Tower,0,48,57,0,105,0,28,77,0,105,0,76,134,0,210,58,0,58,268
10/21/2005,BKL,OH,AGL,CE,Federal Contract Tower,0,45,49,1,95,0,73,61,1,135,0,118,110,2,230,80,0,80,310
10/22/2005,BKL,OH,AGL,CE,Federal Contract Tower,0,12,13,3,28,0,32,4,0,36,0,44,17,3,64,20,0,20,84
10/23/2005,BKL,OH,AGL,CE,Federal Contract Tower,0,9,45,0,54,0,52,43,0,95,0,61,88,0,149,26,0,26,175
10/24/2005,BKL,OH,AGL,CE,Federal Contract Tower,0,18,52,0,70,0,29,27,2,58,0,47,79,2,128,56,0,56,184
10/25/2005,BKL,OH,AGL,CE,Federal Contract Tower,0,55,47,0,102,0,17,20,3,40,0,72,67,3,142,8,0,8,150
10/26/2005,BKL,OH,AGL,CE,Federal Contract Tower,0,61,67,2,130,0,50,42,2,94,0,111,109,4,224,36,0,36,260
10/27/2005,BKL,OH,AGL,CE,Federal Contract Tower,0,53,56,2,111,0,44,36,4,84,0,97,92,6,195,78,0,78,273
10/28/2005,BKL,OH,AGL,CE,Federal Contract Tower,0,38,51,0,89,0,25,50,2,77,0,63,101,2,166,54,0,54,220
10/29/2005,BKL,OH,AGL,CE,Federal Contract Tower,0,12,26,5,43,0,28,107,0,135,0,40,133,5,178,154,0,154,332
10/30/2005,BKL,OH,AGL,CE,Federal Contract Tower,0,1,30,3,34,0,23,92,0,115,0,24,122,3,149,92,0,92,241
10/31/2005,BKL,OH,AGL,CE,Federal Contract Tower,0,17,37,0,54,0,30,59,0,89,0,47,96,0,143,60,0,60,203
11/01/2005,BKL,OH,AGL,CE,Federal Contract Tower,0,53,52,0,105,0,25,30,2,57,0,78,82,2,162,26,6,32,194
11/02/2005,BKL,OH,AGL,CE,Federal Contract Tower,2,54,61,0,117,0,30,84,2,116,2,84,145,2,233,68,2,70,303
11/03/2005,BKL,OH,AGL,CE,Federal Contract Tower,2,51,67,0,120,0,72,64,2,138,2,123,131,2,258,68,0,68,326
11/04/2005,BKL,OH,AGL,CE,Federal Contract Tower,0,55,35,3,93,0,53,82,3,138,0,108,117,6,231,48,0,48,279
11/05/2005,BKL,OH,AGL,CE,Federal Contract Tower,0,27,32,2,61,0,50,53,0,103,0,77,85,2,164,176,2,178,342
11/06/2005,BKL,OH,AGL,CE,Federal Contract Tower,0,9,32,1,42,0,23,6,8,37,0,32,38,9,79,6,0,6,85
11/07/2005,BKL,OH,AGL,CE,Federal Contract Tower,0,15,30,4,49,0,9,63,0,72,0,24,93,4,121,42,8,50,171
11/08/2005,BKL,OH,AGL,CE,Federal Contract Tower,0,49,64,0,113,0,41,48,1,90,0,90,112,1,203,112,0,112,315
11/09/2005,BKL,OH,AGL,CE,Federal Contract Tower,0,40,61,0,101,0,26,39,5,70,0,66,100,5,171,30,0,30,201
11/10/2005,BKL,OH,AGL,CE,Federal Contract Tower,0,40,43,0,83,0,34,23,0,57,0,74,66,0,140,4,0,4,144
11/11/2005,BKL,OH,AGL,CE,Federal Contract Tower,1,17,44,0,62,0,51,71,0,122,1,68,115,0,184,168,0,168,352
11/12/2005,BKL,OH,AGL,CE,Federal Contract Tower,1,2,20,0,23,0,31,115,0,146,1,33,135,0,169,90,0,90,259
11/13/2005,BKL,OH,AGL,CE,Federal Contract Tower,0,4,16,0,20,0,34,15,0,49,0,38,31,0,69,40,0,40,109
11/14/2005,BKL,OH,AGL,CE,Federal Contract Tower,0,11,37,2,50,0,31,55,0,86,0,42,92,2,136,66,0,66,202
11/15/2005,BKL,OH,AGL,CE,Federal Contract Tower,0,41,55,0,96,0,35,29,0,64,0,76,84,0,160,26,0,26,186
11/16/2005,BKL,OH,AGL,CE,Federal Contract Tower,0,54,37,0,91,0,31,22,2,55,0,85,59,2,146,10,0,10,156
11/17/2005,BKL,OH,AGL,CE,Federal Contract Tower,0,63,62,1,126,0,24,17,1,42,0,87,79,2,168,6,0,6,174
11/18/2005,BKL,OH,AGL,CE,Federal Contract Tower,0,51,45,0,96,0,29,44,0,73,0,80,89,0,169,60,0,60,229
11/19/2005,BKL,OH,AGL,CE,Federal Contract Tower,1,16,27,0,44,0,53,78,0,131,1,69,105,0,175,126,0,126,301
11/20/2005,BKL,OH,AGL,CE,Federal Contract Tower,1,4,29,0,34,0,26,89,0,115,1,30,118,0,149,72,0,72,221
11/21/2005,BKL,OH,AGL,CE,Federal Contract Tower,1,15,41,0,57,0,21,53,4,78,1,36,94,4,135,82,0,82,217
11/22/2005,BKL,OH,AGL,CE,Federal Contract Tower,3,47,47,2,99,0,14,33,0,47,3,61,80,2,146,20,0,20,166
11/23/2005,BKL,OH,AGL,CE,Federal Contract Tower,2,46,43,0,91,0,16,27,0,43,2,62,70,0,134,18,0,18,152
11/24/2005,BKL,OH,AGL,CE,Federal Contract Tower,0,26,15,0,41,0,5,0,0,5,0,31,15,0,46,2,0,2,48
11/25/2005,BKL,OH,AGL,CE,Federal Contract Tower,0,7,9,0,16,0,24,31,0,55,0,31,40,0,71,20,0,20,91
11/26/2005,BKL,OH,AGL,CE,Federal Contract Tower,0,17,20,0,37,0,73,47,0,120,0,90,67,0,157,108,0,108,265
11/27/2005,BKL,OH,AGL,CE,Federal Contract Tower,0,6,30,0,36,0,16,36,0,52,0,22,66,0,88,70,0,70,158
11/28/2005,BKL,OH,AGL,CE,Federal Contract Tower,0,11,29,2,42,0,18,25,0,43,0,29,54,2,85,26,0,26,111
11/29/2005,BKL,OH,AGL,CE,Federal Contract Tower,0,51,38,0,89,0,22,39,0,61,0,73,77,0,150,46,0,46,196
11/30/2005,BKL,OH,AGL,CE,Federal Contract Tower,0,51,41,0,92,0,15,29,0,44,0,66,70,0,136,32,0,32,168
12/01/2005,BKL,OH,AGL,CE,Federal Contract Tower,0,57,43,0,100,0,24,21,0,45,0,81,64,0,145,20,0,20,165
12/02/2005,BKL,OH,AGL,CE,Federal Contract Tower,0,39,21,0,60,0,6,1,0,7,0,45,22,0,67,0,0,0,67
12/03/2005,BKL,OH,AGL,CE,Federal Contract Tower,0,6,19,0,25,0,13,30,0,43,0,19,49,0,68,76,0,76,144
12/04/2005,BKL,OH,AGL,CE,Federal Contract Tower,0,10,19,0,29,0,10,2,0,12,0,20,21,0,41,12,0,12,53
12/05/2005,BKL,OH,AGL,CE,Federal Contract Tower,0,13,25,0,38,0,30,30,0,60,0,43,55,0,98,94,0,94,192
12/06/2005,BKL,OH,AGL,CE,Federal Contract Tower,0,53,35,5,93,0,34,54,0,88,0,87,89,5,181,62,0,62,243
12/07/2005,BKL,OH,AGL,CE,Federal Contract Tower,0,48,66,3,117,0,22,29,0,51,0,70,95,3,168,44,0,44,212
12/08/2005,BKL,OH,AGL,CE,Federal Contract Tower,0,51,63,2,116,0,31,50,0,81,0,82,113,2,197,50,0,50,247
12/09/2005,BKL,OH,AGL,CE,Federal Contract Tower,0,41,21,0,62,0,16,17,0,33,0,57,38,0,95,2,0,2,97
12/10/2005,BKL,OH,AGL,CE,Federal Contract Tower,0,21,24,0,45,0,19,36,0,55,0,40,60,0,100,48,0,48,148
12/11/2005,BKL,OH,AGL,CE,Federal Contract Tower,0,6,11,0,17,0,4,1,0,5,0,10,12,0,22,14,0,14,36
12/12/2005,BKL,OH,AGL,CE,Federal Contract Tower,0,15,32,0,47,0,25,12,0,37,0,40,44,0,84,18,0,18,102
12/13/2005,BKL,OH,AGL,CE,Federal Contract Tower,1,41,51,0,93,0,23,59,0,82,1,64,110,0,175,72,0,72,247
12/14/2005,BKL,OH,AGL,CE,Federal Contract Tower,3,48,45,0,96,0,87,48,0,135,3,135,93,0,231,40,0,40,271
12/15/2005,BKL,OH,AGL,CE,Federal Contract Tower,0,45,37,0,82,0,14,8,0,22,0,59,45,0,104,0,0,0,104
12/16/2005,BKL,OH,AGL,CE,Federal Contract Tower,0,50,35,2,87,0,18,27,0,45,0,68,62,2,132,8,0,8,140
12/17/2005,BKL,OH,AGL,CE,Federal Contract Tower,1,15,26,0,42,0,18,47,0,65,1,33,73,0,107,68,2,70,177
12/18/2005,BKL,OH,AGL,CE,Federal Contract Tower,2,5,6,0,13,0,35,30,0,65,2,40,36,0,78,54,0,54,132
12/19/2005,BKL,OH,AGL,CE,Federal Contract Tower,0,10,32,0,42,0,21,27,2,50,0,31,59,2,92,62,0,62,154
12/20/2005,BKL,OH,AGL,CE,Federal Contract Tower,0,59,62,0,121,0,39,29,0,68,0,98,91,0,189,12,0,12,201
12/21/2005,BKL,OH,AGL,CE,Federal Contract Tower,2,49,50,0,101,0,20,38,0,58,2,69,88,0,159,26,0,26,185
12/22/2005,BKL,OH,AGL,CE,Federal Contract Tower,0,44,53,1,98,0,51,45,4,100,0,95,98,5,198,78,2,80,278
12/23/2005,BKL,OH,AGL,CE,Federal Contract Tower,0,41,22,0,63,0,42,50,0,92,0,83,72,0,155,40,0,40,195
12/24/2005,BKL,OH,AGL,CE,Federal Contract Tower,0,12,16,0,28,0,39,20,0,59,0,51,36,0,87,0,0,0,87
12/25/2005,BKL,OH,AGL,CE,Federal Contract Tower,0,3,5,0,8,0,15,3,0,18,0,18,8,0,26,2,0,2,28
12/26/2005,BKL,OH,AGL,CE,Federal Contract Tower,0,8,10,0,18,0,7,11,0,18,0,15,21,0,36,14,0,14,50
12/27/2005,BKL,OH,AGL,CE,Federal Contract Tower,0,11,23,0,34,0,45,52,0,97,0,56,75,0,131,62,0,62,193
12/28/2005,BKL,OH,AGL,CE,Federal Contract Tower,0,48,26,0,74,0,38,50,0,88,0,86,76,0,162,36,0,36,198
12/29/2005,BKL,OH,AGL,CE,Federal Contract Tower,0,38,14,0,52,0,8,9,0,17,0,46,23,0,69,0,0,0,69
12/30/2005,BKL,OH,AGL,CE,Federal Contract Tower,1,43,21,0,65,0,22,41,0,63,1,65,62,0,128,108,0,108,236
12/31/2005,BKL,OH,AGL,CE,Federal Contract Tower,3,16,17,0,36,0,10,8,0,18,3,26,25,0,54,26,0,26,80
01/01/2006,BKL,OH,AGL,CE,Federal Contract Tower,0,3,8,0,11,0,22,17,0,39,0,25,25,0,50,4,0,4,54
01/02/2006,BKL,OH,AGL,CE,Federal Contract Tower,0,3,10,0,13,0,22,12,0,34,0,25,22,0,47,22,0,22,69
01/03/2006,BKL,OH,AGL,CE,Federal Contract Tower,0,11,28,0,39,0,7,8,2,17,0,18,36,2,56,94,0,94,150
01/04/2006,BKL,OH,AGL,CE,Federal Contract Tower,0,38,50,0,88,0,5,5,0,10,0,43,55,0,98,0,0,0,98
01/05/2006,BKL,OH,AGL,CE,Federal Contract Tower,0,37,48,0,85,0,6,16,0,22,0,43,64,0,107,44,0,44,151
01/06/2006,BKL,OH,AGL,CE,Federal Contract Tower,0,44,29,0,73,0,9,20,0,29,0,53,49,0,102,14,0,14,116
01/07/2006,BKL,OH,AGL,CE,Federal Contract Tower,1,15,13,0,29,0,9,7,0,16,1,24,20,0,45,6,0,6,51
01/08/2006,BKL,OH,AGL,CE,Federal Contract Tower,2,3,15,0,20,0,30,43,2,75,2,33,58,2,95,84,0,84,179
01/09/2006,BKL,OH,AGL,CE,Federal Contract Tower,0,12,30,0,42,0,33,38,0,71,0,45,68,0,113,0,0,0,113
01/10/2006,BKL,OH,AGL,CE,Federal Contract Tower,1,41,42,0,84,0,24,76,0,100,1,65,118,0,184,80,0,80,264
01/11/2006,BKL,OH,AGL,CE,Federal Contract Tower,1,41,39,0,81,0,47,34,0,81,1,88,73,0,162,34,0,34,196
01/12/2006,BKL,OH,AGL,CE,Federal Contract Tower,0,43,47,1,91,0,53,64,3,120,0,96,111,4,211,114,10,124,335
01/13/2006,BKL,OH,AGL,CE,Federal Contract Tower,0,42,40,0,82,0,54,51,0,105,0,96,91,0,187,68,4,72,259
01/14/2006,BKL,OH,AGL,CE,Federal Contract Tower,0,13,9,0,22,0,6,7,0,13,0,19,16,0,35,6,0,6,41
01/15/2006,BKL,OH,AGL,CE,Federal Contract Tower,0,7,18,0,25,0,40,29,0,69,0,47,47,0,94,44,0,44,138
01/16/2006,BKL,OH,AGL,CE,Federal Contract Tower,0,18,21,0,39,0,27,53,0,80,0,45,74,0,119,22,0,22,141
01/17/2006,BKL,OH,AGL,CE,Federal Contract Tower,0,17,38,0,55,0,30,23,0,53,0,47,61,0,108,54,0,54,162
01/18/2006,BKL,OH,AGL,CE,Federal Contract Tower,0,55,41,0,96,0,12,5,0,17,0,67,46,0,113,14,0,14,127
01/19/2006,BKL,OH,AGL,CE,Federal Contract Tower,0,53,48,0,101,0,19,57,0,76,0,72,105,0,177,28,2,30,207
01/20/2006,BKL,OH,AGL,CE,Federal Contract Tower,0,43,48,0,91,0,36,40,0,76,0,79,88,0,167,62,0,62,229
01/21/2006,BKL,OH,AGL,CE,Federal Contract Tower,0,13,11,0,24,0,26,8,0,34,0,39,19,0,58,18,0,18,76
01/22/2006,BKL,OH,AGL,CE,Federal Contract Tower,0,3,20,0,23,0,23,65,0,88,0,26,85,0,111,88,0,88,199
01/23/2006,BKL,OH,AGL,CE,Federal Contract Tower,0,14,27,0,41,0,24,46,0,70,0,38,73,0,111,26,2,28,139
01/24/2006,BKL,OH,AGL,CE,Federal Contract Tower,0,62,45,0,107,0,45,30,0,75,0,107,75,0,182,12,0,12,194
01/25/2006,BKL,OH,AGL,CE,Federal Contract Tower,0,47,46,0,93,0,18,16,0,34,0,65,62,0,127,2,0,2,129
01/26/2006,BKL,OH,AGL,CE,Federal Contract Tower,0,49,43,0,92,0,28,42,0,70,0,77,85,0,162,92,2,94,256
01/27/2006,BKL,OH,AGL,CE,Federal Contract Tower,0,37,46,0,83,0,51,61,0,112,0,88,107,0,195,140,0,140,335
01/28/2006,BKL,OH,AGL,CE,Federal Contract Tower,1,19,25,0,45,0,49,62,4,115,1,68,87,4,160,122,0,122,282
01/29/2006,BKL,OH,AGL,CE,Federal Contract Tower,1,13,16,0,30,0,21,20,0,41,1,34,36,0,71,44,0,44,115
01/30/2006,BKL,OH,AGL,CE,Federal Contract Tower,0,13,23,0,36,0,60,44,0,104,0,73,67,0,140,58,0,58,198
01/31/2006,BKL,OH,AGL,CE,Federal Contract Tower,0,38,31,0,69,0,37,36,0,73,0,75,67,0,142,14,0,14,156
02/01/2006,BKL,OH,AGL,CE,Federal Contract Tower,0,43,39,0,82,0,49,65,0,114,0,92,104,0,196,30,0,30,226
02/02/2006,BKL,OH,AGL,CE,Federal Contract Tower,0,46,56,0,102,0,16,52,0,68,0,62,108,0,170,76,0,76,246
02/03/2006,BKL,OH,AGL,CE,Federal Contract Tower,0,42,47,2,91,0,14,2,0,16,0,56,49,2,107,20,0,20,127
02/04/2006,BKL,OH,AGL,CE,Federal Contract Tower,0,13,13,0,26,0,5,1,0,6,0,18,14,0,32,0,0,0,32
02/05/2006,BKL,OH,AGL,CE,Federal Contract Tower,1,4,9,0,14,0,0,0,0,0,1,4,9,0,14,0,0,0,14
02/06/2006,BKL,OH,AGL,CE,Federal Contract Tower,0,6,22,0,28,0,20,25,0,45,0,26,47,0,73,4,0,4,77
02/07/2006,BKL,OH,AGL,CE,Federal Contract Tower,1,55,47,0,103,0,24,38,2,64,1,79,85,2,167,10,0,10,177
02/08/2006,BKL,OH,AGL,CE,Federal Contract Tower,0,49,43,2,94,0,19,37,0,56,0,68,80,2,150,4,0,4,154
02/09/2006,BKL,OH,AGL,CE,Federal Contract Tower,0,52,48,0,100,0,57,51,0,108,0,109,99,0,208,80,0,80,288
02/10/2006,BKL,OH,AGL,CE,Federal Contract Tower,0,44,33,0,77,0,64,24,0,88,0,108,57,0,165,66,0,66,231
02/11/2006,BKL,OH,AGL,CE,Federal Contract Tower,1,15,23,0,39,0,23,17,0,40,1,38,40,0,79,56,0,56,135
02/12/2006,BKL,OH,AGL,CE,Federal Contract Tower,1,12,6,0,19,0,25,9,0,34,1,37,15,0,53,30,0,30,83
02/13/2006,BKL,OH,AGL,CE,Federal Contract Tower,0,18,28,0,46,0,31,45,0,76,0,49,73,0,122,26,0,26,148
02/14/2006,BKL,OH,AGL,CE,Federal Contract Tower,0,57,48,0,105,0,56,81,0,137,0,113,129,0,242,46,0,46,288
02/15/2006,BKL,OH,AGL,CE,Federal Contract Tower,0,54,55,0,109,0,39,75,0,114,0,93,130,0,223,90,0,90,313
02/16/2006,BKL,OH,AGL,CE,Federal Contract Tower,0,43,45,0,88,0,42,23,0,65,0,85,68,0,153,16,0,16,169
02/17/2006,BKL,OH,AGL,CE,Federal Contract Tower,0,46,32,0,78,0,30,10,0,40,0,76,42,0,118,8,0,8,126
02/18/2006,BKL,OH,AGL,CE,Federal Contract Tower,0,21,12,0,33,0,21,7,0,28,0,42,19,0,61,22,0,22,83
02/19/2006,BKL,OH,AGL,CE,Federal Contract Tower,0,4,8,0,12,0,10,25,0,35,0,14,33,0,47,82,0,82,129
02/20/2006,BKL,OH,AGL,CE,Federal Contract Tower,0,10,26,0,36,0,44,55,2,101,0,54,81,2,137,70,0,70,207
02/21/2006,BKL,OH,AGL,CE,Federal Contract Tower,0,16,62,0,78,0,20,79,0,99,0,36,141,0,177,26,0,26,203
02/22/2006,BKL,OH,AGL,CE,Federal Contract Tower,0,59,51,0,110,0,30,98,0,128,0,89,149,0,238,114,0,114,352
02/23/2006,BKL,OH,AGL,CE,Federal Contract Tower,0,51,48,0,99,0,26,27,4,57,0,77,75,4,156,52,0,52,208
02/24/2006,BKL,OH,AGL,CE,Federal Contract Tower,1,44,38,0,83,0,14,75,0,89,1,58,113,0,172,78,0,78,250
02/25/2006,BKL,OH,AGL,CE,Federal Contract Tower,1,16,17,0,34,0,31,16,0,47,1,47,33,0,81,0,0,0,81
02/26/2006,BKL,OH,AGL,CE,Federal Contract Tower,1,3,11,0,15,0,34,21,0,55,1,37,32,0,70,18,0,18,88
02/27/2006,BKL,OH,AGL,CE,Federal Contract Tower,0,7,48,0,55,0,15,3,0,18,0,22,51,0,73,0,0,0,73
02/28/2006,BKL,OH,AGL,CE,Federal Contract Tower,3,44,42,0,89,0,38,65,0,103,3,82,107,0,192,80,0,80,272
03/01/2006,BKL,OH,AGL,CE,Federal Contract Tower,0,61,49,2,112,0,48,46,4,98,0,109,95,6,210,88,0,88,298
03/02/2006,BKL,OH,AGL,CE,Federal Contract Tower,0,54,30,0,84,0,24,14,0,38,0,78,44,0,122,12,0,12,134
03/03/2006,BKL,OH,AGL,CE,Federal Contract Tower,0,45,41,0,86,0,41,42,0,83,0,86,83,0,169,84,2,86,255
03/04/2006,BKL,OH,AGL,CE,Federal Contract Tower,0,18,21,0,39,0,33,39,4,76,0,51,60,4,115,114,0,114,229
03/05/2006,BKL,OH,AGL,CE,Federal Contract Tower,0,3,20,0,23,0,31,49,0,80,0,34,69,0,103,136,0,136,239
03/06/2006,BKL,OH,AGL,CE,Federal Contract Tower,1,11,24,0,36,0,50,47,0,97,1,61,71,0,133,54,0,54,187
03/07/2006,BKL,OH,AGL,CE,Federal Contract Tower,0,60,36,0,96,0,28,47,2,77,0,88,83,2,173,92,0,92,265
03/08/2006,BKL,OH,AGL,CE,Federal Contract Tower,1,63,48,0,112,0,64,48,0,112,1,127,96,0,224,64,0,64,288
03/09/2006,BKL,OH,AGL,CE,Federal Contract Tower,0,49,35,0,84,0,57,20,0,77,0,106,55,0,161,0,0,0,161
03/10/2006,BKL,OH,AGL,CE,Federal Contract Tower,0,51,35,0,86,0,36,24,0,60,0,87,59,0,146,10,0,10,156
03/11/2006,BKL,OH,AGL,CE,Federal Contract Tower,0,15,17,0,32,0,30,20,0,50,0,45,37,0,82,74,0,74,156
03/12/2006,BKL,OH,AGL,CE,Federal Contract Tower,0,2,13,0,15,0,25,0,0,25,0,27,13,0,40,6,0,6,46
03/13/2006,BKL,OH,AGL,CE,Federal Contract Tower,0,12,13,0,25,0,8,4,0,12,0,20,17,0,37,16,0,16,53
03/14/2006,BKL,OH,AGL,CE,Federal Contract Tower,0,45,39,0,84,0,18,13,0,31,0,63,52,0,115,8,0,8,123
03/15/2006,BKL,OH,AGL,CE,Federal Contract Tower,0,38,45,0,83,0,41,34,2,77,0,79,79,2,160,44,0,44,204
03/16/2006,BKL,OH,AGL,CE,Federal Contract Tower,0,46,40,0,86,0,44,53,4,101,0,90,93,4,187,150,0,150,337
03/17/2006,BKL,OH,AGL,CE,Federal Contract Tower,1,48,37,0,86,0,59,52,4,115,1,107,89,4,201,64,6,70,271
03/18/2006,BKL,OH,AGL,CE,Federal Contract Tower,1,16,28,0,45,0,46,27,0,73,1,62,55,0,118,6,0,6,124
03/19/2006,BKL,OH,AGL,CE,Federal Contract Tower,2,7,34,0,43,0,32,34,0,66,2,39,68,0,109,24,0,24,133
03/20/2006,BKL,OH,AGL,CE,Federal Contract Tower,0,12,20,2,34,0,38,39,9,86,0,50,59,11,120,56,0,56,176
03/21/2006,BKL,OH,AGL,CE,Federal Contract Tower,1,47,42,0,90,0,28,36,0,64,1,75,78,0,154,76,0,76,230
03/22/2006,BKL,OH,AGL,CE,Federal Contract Tower,0,49,41,0,90,0,65,36,0,101,0,114,77,0,191,18,0,18,209
03/23/2006,BKL,OH,AGL,CE,Federal Contract Tower,1,47,39,0,87,0,42,36,0,78,1,89,75,0,165,88,0,88,253
03/24/2006,BKL,OH,AGL,CE,Federal Contract Tower,2,46,37,2,87,0,41,52,0,93,2,87,89,2,180,110,0,110,290
03/25/2006,BKL,OH,AGL,CE,Federal Contract Tower,1,14,11,0,26,0,12,2,0,14,1,26,13,0,40,0,0,0,40
03/26/2006,BKL,OH,AGL,CE,Federal Contract Tower,0,2,30,0,32,0,17,28,0,45,0,19,58,0,77,174,0,174,251
03/27/2006,BKL,OH,AGL,CE,Federal Contract Tower,0,6,24,0,30,0,55,70,0,125,0,61,94,0,155,82,0,82,237
03/28/2006,BKL,OH,AGL,CE,Federal Contract Tower,0,53,56,0,109,0,21,45,0,66,0,74,101,0,175,56,0,56,231
03/29/2006,BKL,OH,AGL,CE,Federal Contract Tower,1,55,60,0,116,0,27,63,0,90,1,82,123,0,206,90,2,92,298
03/30/2006,BKL,OH,AGL,CE,Federal Contract Tower,2,42,46,0,90,0,53,82,2,137,2,95,128,2,227,226,2,228,455
03/31/2006,BKL,OH,AGL,CE,Federal Contract Tower,0,52,32,0,84,0,38,40,0,78,0,90,72,0,162,24,0,24,186
04/01/2006,BKL,OH,AGL,CE,Federal Contract Tower,1,18,38,0,57,0,50,18,0,68,1,68,56,0,125,42,0,42,167
04/02/2006,BKL,OH,AGL,CE,Federal Contract Tower,0,2,30,2,34,0,14,51,0,65,0,16,81,2,99,58,0,58,157
04/03/2006,BKL,OH,AGL,CE,Federal Contract Tower,0,13,29,0,42,0,20,23,0,43,0,33,52,0,85,18,2,20,105
04/04/2006,BKL,OH,AGL,CE,Federal Contract Tower,0,69,36,0,105,0,53,40,3,96,0,122,76,3,201,128,4,132,333
04/05/2006,BKL,OH,AGL,CE,Federal Contract Tower,0,53,64,0,117,0,23,52,1,76,0,76,116,1,193,66,0,66,259
04/06/2006,BKL,OH,AGL,CE,Federal Contract Tower,0,50,41,0,91,0,36,64,0,100,0,86,105,0,191,138,0,138,329
04/07/2006,BKL,OH,AGL,CE,Federal Contract Tower,0,36,34,0,70,0,25,19,0,44,0,61,53,0,114,4,0,4,118
04/08/2006,BKL,OH,AGL,CE,Federal Contract Tower,0,15,16,0,31,0,34,34,0,68,0,49,50,0,99,130,0,130,229
04/09/2006,BKL,OH,AGL,CE,Federal Contract Tower,0,7,15,0,22,0,42,62,0,104,0,49,77,0,126,62,0,62,188
04/10/2006,BKL,OH,AGL,CE,Federal Contract Tower,1,12,39,0,52,0,41,71,0,112,1,53,110,0,164,96,0,96,260
04/11/2006,BKL,OH,AGL,CE,Federal Contract Tower,0,49,48,0,97,0,41,77,2,120,0,90,125,2,217,134,0,134,351
04/12/2006,BKL,OH,AGL,CE,Federal Contract Tower,0,46,32,0,78,0,43,49,2,94,0,89,81,2,172,80,0,80,252
04/13/2006,BKL,OH,AGL,CE,Federal Contract Tower,0,49,47,0,96,0,63,62,0,125,0,112,109,0,221,66,2,68,289
04/14/2006,BKL,OH,AGL,CE,Federal Contract Tower,1,40,36,0,77,0,37,64,0,101,1,77,100,0,178,126,0,126,304
04/15/2006,BKL,OH,AGL,CE,Federal Contract Tower,0,15,26,0,41,0,26,80,0,106,0,41,106,0,147,102,0,102,249
04/16/2006,BKL,OH,AGL,CE,Federal Contract Tower,0,2,11,0,13,0,22,22,0,44,0,24,33,0,57,0,0,0,57
04/17/2006,BKL,OH,AGL,CE,Federal Contract Tower,0,8,27,0,35,0,21,33,0,54,0,29,60,0,89,28,0,28,117
04/18/2006,BKL,OH,AGL,CE,Federal Contract Tower,0,60,47,2,109,0,54,85,7,146,0,114,132,9,255,136,2,138,393
04/19/2006,BKL,OH,AGL,CE,Federal Contract Tower,0,43,43,0,86,0,49,91,4,144,0,92,134,4,230,116,0,116,346
04/20/2006,BKL,OH,AGL,CE,Federal Contract Tower,0,52,59,0,111,0,45,79,0,124,0,97,138,0,235,68,2,70,305
04/21/2006,BKL,OH,AGL,CE,Federal Contract Tower,0,53,56,0,109,0,53,49,0,102,0,106,105,0,211,84,0,84,295
04/22/2006,BKL,OH,AGL,CE,Federal Contract Tower,0,20,33,0,53,0,18,25,0,43,0,38,58,0,96,24,0,24,120
04/23/2006,BKL,OH,AGL,CE,Federal Contract Tower,0,9,32,0,41,0,41,22,0,63,0,50,54,0,104,92,0,92,196
04/24/2006,BKL,OH,AGL,CE,Federal Contract Tower,0,21,41,0,62,0,25,28,0,53,0,46,69,0,115,108,0,108,223
04/25/2006,BKL,OH,AGL,CE,Federal Contract Tower,1,54,80,0,135,0,60,38,0,98,1,114,118,0,233,38,0,38,271
04/26/2006,BKL,OH,AGL,CE,Federal Contract Tower,1,56,51,0,108,0,31,88,0,119,1,87,139,0,227,62,0,62,289
04/27/2006,BKL,OH,AGL,CE,Federal Contract Tower,0,50,65,0,115,0,33,99,2,134,0,83,164,2,249,64,2,66,315
04/28/2006,BKL,OH,AGL,CE,Federal Contract Tower,0,53,52,0,105,0,22,72,0,94,0,75,124,0,199,28,0,28,227
04/29/2006,BKL,OH,AGL,CE,Federal Contract Tower,0,15,27,0,42,0,33,79,0,112,0,48,106,0,154,98,0,98,252
04/30/2006,BKL,OH,AGL,CE,Federal Contract Tower,0,8,26,0,34,0,22,45,0,67,0,30,71,0,101,74,0,74,175
05/01/2006,BKL,OH,AGL,CE,Federal Contract Tower,0,13,36,0,49,0,36,75,0,111,0,49,111,0,160,34,0,34,194
05/02/2006,BKL,OH,AGL,CE,Federal Contract Tower,2,51,43,0,96,0,44,54,2,100,2,95,97,2,196,40,0,40,236
05/03/2006,BKL,OH,AGL,CE,Federal Contract Tower,0,55,68,0,123,0,32,20,2,54,0,87,88,2,177,70,0,70,247
05/04/2006,BKL,OH,AGL,CE,Federal Contract Tower,0,58,56,4,118,0,71,76,0,147,0,129,132,4,265,162,2,164,429
05/05/2006,BKL,OH,AGL,CE,Federal Contract Tower,0,42,54,2,98,0,51,82,0,133,0,93,136,2,231,136,6,142,373
05/06/2006,BKL,OH,AGL,CE,Federal Contract Tower,0,14,25,0,39,0,53,65,0,118,0,67,90,0,157,98,0,98,255
05/07/2006,BKL,OH,AGL,CE,Federal Contract Tower,0,12,24,0,36,0,16,63,0,79,0,28,87,0,115,106,0,106,221
05/08/2006,BKL,OH,AGL,CE,Federal Contract Tower,0,8,53,0,61,0,37,45,0,82,0,45,98,0,143,90,0,90,233
05/09/2006,BKL,OH,AGL,CE,Federal Contract Tower,0,47,51,0,98,0,80,88,2,170,0,127,139,2,268,90,0,90,358
05/10/2006,BKL,OH,AGL,CE,Federal Contract Tower,0,48,48,0,96,0,63,79,0,142,0,111,127,0,238,58,0,58,296
05/11/2006,BKL,OH,AGL,CE,Federal Contract Tower,0,48,39,0,87,0,34,39,0,73,0,82,78,0,160,24,0,24,184
05/12/2006,BKL,OH,AGL,CE,Federal Contract Tower,3,47,56,0,106,0,39,39,1,79,3,86,95,1,185,18,2,20,205
05/13/2006,BKL,OH,AGL,CE,Federal Contract Tower,3,17,31,0,51,0,27,24,4,55,3,44,55,4,106,28,2,30,136
05/14/2006,BKL,OH,AGL,CE,Federal Contract Tower,3,5,13,0,21,0,6,7,0,13,3,11,20,0,34,46,0,46,80
05/15/2006,BKL,OH,AGL,CE,Federal Contract Tower,2,17,42,1,62,0,19,7,0,26,2,36,49,1,88,28,2,30,118
05/16/2006,BKL,OH,AGL,CE,Federal Contract Tower,2,51,76,0,129,0,20,2,1,23,2,71,78,1,152,18,2,20,172
05/17/2006,BKL,OH,AGL,CE,Federal Contract Tower,0,48,63,2,113,0,23,34,0,57,0,71,97,2,170,66,0,66,236
05/18/2006,BKL,OH,AGL,CE,Federal Contract Tower,1,55,55,0,111,0,32,34,2,68,1,87,89,2,179,6,0,6,185
05/19/2006,BKL,OH,AGL,CE,Federal Contract Tower,1,52,52,0,105,0,9,20,0,29,1,61,72,0,134,22,0,22,156
05/20/2006,BKL,OH,AGL,CE,Federal Contract Tower,1,25,53,0,79,0,21,58,0,79,1,46,111,0,158,72,0,72,230
05/21/2006,BKL,OH,AGL,CE,Federal Contract Tower,0,10,0,0,10,47,43,0,0,90,47,53,0,0,100,0,0,0,100
05/22/2006,BKL,OH,AGL,CE,Federal Contract Tower,1,9,44,1,55,0,19,57,2,78,1,28,101,3,133,52,4,56,189
05/23/2006,BKL,OH,AGL,CE,Federal Contract Tower,0,49,46,0,95,0,25,91,2,118,0,74,137,2,213,172,0,172,385
05/24/2006,BKL,OH,AGL,CE,Federal Contract Tower,0,46,56,0,102,0,39,116,0,155,0,85,172,0,257,208,0,208,465
05/25/2006,BKL,OH,AGL,CE,Federal Contract Tower,0,44,45,2,91,0,23,44,2,69,0,67,89,4,160,76,4,80,240
05/26/2006,BKL,OH,AGL,CE,Federal Contract Tower,0,53,44,2,99,0,11,27,0,38,0,64,71,2,137,30,0,30,167
05/27/2006,BKL,OH,AGL,CE,Federal Contract Tower,0,15,20,0,35,0,13,47,0,60,0,28,67,0,95,86,0,86,181
05/28/2006,BKL,OH,AGL,CE,Federal Contract Tower,2,6,12,0,20,0,69,69,0,138,2,75,81,0,158,80,2,82,240
05/29/2006,BKL,OH,AGL,CE,Federal Contract Tower,0,9,11,0,20,0,24,64,0,88,0,33,75,0,108,64,0,64,172
05/30/2006,BKL,OH,AGL,CE,Federal Contract Tower,0,13,36,0,49,0,23,60,0,83,0,36,96,0,132,100,0,100,232
05/31/2006,BKL,OH,AGL,CE,Federal Contract Tower,0,51,51,2,104,0,25,35,0,60,0,76,86,2,164,34,0,34,198
06/01/2006,BKL,OH,AGL,CE,Federal Contract Tower,2,46,56,0,104,0,30,10,2,42,2,76,66,2,146,10,0,10,156
06/02/2006,BKL,OH,AGL,CE,Federal Contract Tower,2,47,43,0,92,0,33,16,0,49,2,80,59,0,141,0,0,0,141
06/03/2006,BKL,OH,AGL,CE,Federal Contract Tower,0,12,27,3,42,0,4,12,0,16,0,16,39,3,58,0,0,0,58
06/04/2006,BKL,OH,AGL,CE,Federal Contract Tower,0,8,29,1,38,0,36,11,0,47,0,44,40,1,85,18,0,18,103
06/05/2006,BKL,OH,AGL,CE,Federal Contract Tower,0,3,16,0,19,3,42,94,0,139,3,45,110,0,158,58,0,58,216
06/06/2006,BKL,OH,AGL,CE,Federal Contract Tower,0,46,76,0,122,0,36,87,0,123,0,82,163,0,245,102,0,102,347
06/07/2006,BKL,OH,AGL,CE,Federal Contract Tower,0,46,59,0,105,0,38,58,0,96,0,84,117,0,201,94,0,94,295
06/08/2006,BKL,OH,AGL,CE,Federal Contract Tower,2,58,66,0,126,0,25,71,0,96,2,83,137,0,222,34,0,34,256
06/09/2006,BKL,OH,AGL,CE,Federal Contract Tower,0,44,72,0,116,0,39,54,0,93,0,83,126,0,209,42,0,42,251
06/10/2006,BKL,OH,AGL,CE,Federal Contract Tower,0,11,23,0,34,0,22,74,0,96,0,33,97,0,130,82,0,82,212
06/11/2006,BKL,OH,AGL,CE,Federal Contract Tower,0,8,17,0,25,0,18,54,2,74,0,26,71,2,99,48,0,48,147
06/12/2006,BKL,OH,AGL,CE,Federal Contract Tower,0,15,35,0,50,0,46,36,0,82,0,61,71,0,132,72,0,72,204
06/13/2006,BKL,OH,AGL,CE,Federal Contract Tower,0,59,53,0,112,0,39,78,2,119,0,98,131,2,231,130,0,130,361
06/14/2006,BKL,OH,AGL,CE,Federal Contract Tower,0,58,51,0,109,0,43,85,0,128,0,101,136,0,237,52,0,52,289
06/15/2006,BKL,OH,AGL,CE,Federal Contract Tower,0,45,49,2,96,0,21,112,0,133,0,66,161,2,229,108,0,108,337
06/16/2006,BKL,OH,AGL,CE,Federal Contract Tower,0,42,65,0,107,0,25,102,0,127,0,67,167,0,234,62,0,62,296
06/17/2006,BKL,OH,AGL,CE,Federal Contract Tower,0,17,42,0,59,0,28,79,0,107,0,45,121,0,166,54,0,54,220
06/18/2006,BKL,OH,AGL,CE,Federal Contract Tower,0,4,18,0,22,0,40,37,0,77,0,44,55,0,99,12,0,12,111
06/19/2006,BKL,OH,AGL,CE,Federal Contract Tower,2,19,37,0,58,0,56,25,2,83,2,75,62,2,141,64,0,64,205
06/20/2006,BKL,OH,AGL,CE,Federal Contract Tower,0,53,60,0,113,0,40,57,0,97,0,93,117,0,210,56,0,56,266
06/21/2006,BKL,OH,AGL,CE,Federal Contract Tower,0,48,49,0,97,0,29,34,0,63,0,77,83,0,160,26,0,26,186
06/22/2006,BKL,OH,AGL,CE,Federal Contract Tower,2,48,48,0,98,0,19,31,0,50,2,67,79,0,148,10,0,10,158
06/23/2006,BKL,OH,AGL,CE,Federal Contract Tower,0,28,17,0,45,0,15,21,0,36,0,43,38,0,81,18,0,18,99
06/24/2006,BKL,OH,AGL,CE,Federal Contract Tower,0,0,0,0,0,0,24,14,0,38,0,24,14,0,38,0,0,0,38
06/25/2006,BKL,OH,AGL,CE,Federal Contract Tower,0,1,0,0,1,0,7,11,0,18,0,8,11,0,19,0,0,0,19
06/26/2006,BKL,OH,AGL,CE,Federal Contract Tower,0,11,21,0,32,0,12,11,2,25,0,23,32,2,57,8,6,14,71
06/27/2006,BKL,OH,AGL,CE,Federal Contract Tower,0,50,66,0,116,0,45,39,1,85,0,95,105,1,201,60,0,60,261
06/28/2006,BKL,OH,AGL,CE,Federal Contract Tower,0,58,49,0,107,0,28,53,1,82,0,86,102,1,189,50,0,50,239
06/29/2006,BKL,OH,AGL,CE,Federal Contract Tower,0,53,68,2,123,0,47,58,0,105,0,100,126,2,228,84,0,84,312
06/30/2006,BKL,OH,AGL,CE,Federal Contract Tower,0,47,45,0,92,0,52,68,0,120,0,99,113,0,212,156,0,156,368
07/01/2006,BKL,OH,AGL,CE,Federal Contract Tower,0,18,35,0,53,0,47,55,0,102,0,65,90,0,155,48,0,48,203
07/02/2006,BKL,OH,AGL,CE,Federal Contract Tower,0,0,11,0,11,0,29,7,0,36,0,29,18,0,47,8,0,8,55
07/03/2006,BKL,OH,AGL,CE,Federal Contract Tower,0,7,20,0,27,0,49,70,1,120,0,56,90,1,147,180,0,180,327
07/04/2006,BKL,OH,AGL,CE,Federal Contract Tower,0,37,21,0,58,0,14,19,0,33,0,51,40,0,91,56,0,56,147
07/05/2006,BKL,OH,AGL,CE,Federal Contract Tower,0,17,25,2,44,0,34,51,2,87,0,51,76,4,131,74,0,74,205
07/06/2006,BKL,OH,AGL,CE,Federal Contract Tower,0,52,50,1,103,0,36,97,2,135,0,88,147,3,238,136,0,136,374
07/07/2006,BKL,OH,AGL,CE,Federal Contract Tower,0,49,45,3,97,0,48,114,1,163,0,97,159,4,260,124,0,124,384
07/08/2006,BKL,OH,AGL,CE,Federal Contract Tower,0,13,20,0,33,0,17,105,0,122,0,30,125,0,155,94,0,94,249
07/09/2006,BKL,OH,AGL,CE,Federal Contract Tower,0,7,21,4,32,0,37,64,1,102,0,44,85,5,134,88,6,94,228
07/10/2006,BKL,OH,AGL,CE,Federal Contract Tower,0,15,32,0,47,0,29,29,0,58,0,44,61,0,105,86,0,86,191
07/11/2006,BKL,OH,AGL,CE,Federal Contract Tower,0,53,34,0,87,0,45,67,2,114,0,98,101,2,201,160,0,160,361
07/12/2006,BKL,OH,AGL,CE,Federal Contract Tower,0,55,46,0,101,0,23,57,6,86,0,78,103,6,187,36,0,36,223
07/13/2006,BKL,OH,AGL,CE,Federal Contract Tower,0,38,52,0,90,0,25,52,0,77,0,63,104,0,167,216,0,216,383
07/14/2006,BKL,OH,AGL,CE,Federal Contract Tower,0,51,37,0,88,0,40,44,0,84,0,91,81,0,172,104,6,110,282
07/15/2006,BKL,OH,AGL,CE,Federal Contract Tower,0,15,23,0,38,0,17,26,0,43,0,32,49,0,81,64,0,64,145
07/16/2006,BKL,OH,AGL,CE,Federal Contract Tower,0,10,28,0,38,0,37,90,0,127,0,47,118,0,165,190,6,196,361
07/17/2006,BKL,OH,AGL,CE,Federal Contract Tower,0,25,33,2,60,0,46,59,6,111,0,71,92,8,171,50,0,50,221
07/18/2006,BKL,OH,AGL,CE,Federal Contract Tower,0,61,33,0,94,0,43,79,2,124,0,104,112,2,218,176,0,176,394
07/19/2006,BKL,OH,AGL,CE,Federal Contract Tower,0,53,45,0,98,0,66,91,0,157,0,119,136,0,255,122,0,122,377
07/20/2006,BKL,OH,AGL,CE,Federal Contract Tower,0,49,55,0,104,0,40,57,0,97,0,89,112,0,201,70,4,74,275
07/21/2006,BKL,OH,AGL,CE,Federal Contract Tower,0,54,52,0,106,0,50,30,0,80,0,104,82,0,186,106,2,108,294
07/22/2006,BKL,OH,AGL,CE,Federal Contract Tower,0,12,34,2,48,0,11,120,0,131,0,23,154,2,179,14,0,14,193
07/23/2006,BKL,OH,AGL,CE,Federal Contract Tower,1,4,27,0,32,0,22,49,0,71,1,26,76,0,103,64,0,64,167
07/24/2006,BKL,OH,AGL,CE,Federal Contract Tower,0,14,53,0,67,0,54,66,4,124,0,68,119,4,191,72,0,72,263
07/25/2006,BKL,OH,AGL,CE,Federal Contract Tower,0,49,67,0,116,0,47,74,0,121,0,96,141,0,237,88,0,88,325
07/26/2006,BKL,OH,AGL,CE,Federal Contract Tower,1,49,51,0,101,0,43,80,0,123,1,92,131,0,224,38,0,38,262
07/27/2006,BKL,OH,AGL,CE,Federal Contract Tower,1,43,60,0,104,0,41,19,2,62,1,84,79,2,166,16,0,16,182
07/28/2006,BKL,OH,AGL,CE,Federal Contract Tower,0,52,68,1,121,0,18,62,5,85,0,70,130,6,206,24,0,24,230
07/29/2006,BKL,OH,AGL,CE,Federal Contract Tower,0,17,29,0,46,0,19,68,2,89,0,36,97,2,135,138,0,138,273
07/30/2006,BKL,OH,AGL,CE,Federal Contract Tower,0,6,28,1,35,0,11,40,0,51,0,17,68,1,86,62,0,62,148
07/31/2006,BKL,OH,AGL,CE,Federal Contract Tower,0,17,55,4,76,0,16,36,8,60,0,33,91,12,136,48,0,48,184
08/01/2006,BKL,OH,AGL,CE,Federal Contract Tower,0,46,48,5,99,0,40,70,1,111,0,86,118,6,210,98,0,98,308
08/02/2006,BKL,OH,AGL,CE,Federal Contract Tower,0,51,50,3,104,0,41,54,5,100,0,92,104,8,204,118,18,136,340
08/03/2006,BKL,OH,AGL,CE,Federal Contract Tower,0,48,58,0,106,0,44,43,2,89,0,92,101,2,195,70,0,70,265
08/04/2006,BKL,OH,AGL,CE,Federal Contract Tower,0,51,71,1,123,0,39,93,0,132,0,90,164,1,255,86,0,86,341
08/05/2006,BKL,OH,AGL,CE,Federal Contract Tower,0,17,35,0,52,0,23,109,0,132,0,40,144,0,184,64,0,64,248
08/06/2006,BKL,OH,AGL,CE,Federal Contract Tower,0,5,31,0,36,0,21,58,0,79,0,26,89,0,115,58,0,58,173
08/07/2006,BKL,OH,AGL,CE,Federal Contract Tower,0,12,42,0,54,0,34,46,0,80,0,46,88,0,134,68,0,68,202
08/08/2006,BKL,OH,AGL,CE,Federal Contract Tower,2,50,48,0,100,0,50,80,1,131,2,100,128,1,231,82,0,82,313
08/09/2006,BKL,OH,AGL,CE,Federal Contract Tower,0,52,51,0,103,0,60,92,0,152,0,112,143,0,255,122,0,122,377
08/10/2006,BKL,OH,AGL,CE,Federal Contract Tower,0,47,55,2,104,0,38,64,4,106,0,85,119,6,210,118,0,118,328
08/11/2006,BKL,OH,AGL,CE,Federal Contract Tower,2,60,50,0,112,0,55,70,0,125,2,115,120,0,237,20,0,20,257
08/12/2006,BKL,OH,AGL,CE,Federal Contract Tower,0,14,24,0,38,0,46,78,0,124,0,60,102,0,162,36,0,36,198
08/13/2006,BKL,OH,AGL,CE,Federal Contract Tower,0,6,29,0,35,0,50,64,0,114,0,56,93,0,149,114,0,114,263
08/14/2006,BKL,OH,AGL,CE,Federal Contract Tower,0,35,39,0,74,0,40,60,0,100,0,75,99,0,174,76,0,76,250
08/15/2006,BKL,OH,AGL,CE,Federal Contract Tower,0,55,58,0,113,0,56,99,0,155,0,111,157,0,268,92,0,92,360
08/16/2006,BKL,OH,AGL,CE,Federal Contract Tower,0,49,61,0,110,0,53,84,4,141,0,102,145,4,251,92,0,92,343
08/17/2006,BKL,OH,AGL,CE,Federal Contract Tower,0,56,55,2,113,0,49,100,0,149,0,105,155,2,262,46,6,52,314
08/18/2006,BKL,OH,AGL,CE,Federal Contract Tower,0,53,49,0,102,0,54,85,2,141,0,107,134,2,243,62,0,62,305
08/19/2006,BKL,OH,AGL,CE,Federal Contract Tower,0,21,28,0,49,0,17,5,0,22,0,38,33,0,71,0,0,0,71
08/20/2006,BKL,OH,AGL,CE,Federal Contract Tower,0,11,13,1,25,0,28,34,1,63,0,39,47,2,88,18,0,18,106
08/21/2006,BKL,OH,AGL,CE,Federal Contract Tower,0,17,41,2,60,0,38,77,0,115,0,55,118,2,175,94,2,96,271
08/22/2006,BKL,OH,AGL,CE,Federal Contract Tower,0,52,61,0,113,0,55,81,0,136,0,107,142,0,249,96,0,96,345
08/23/2006,BKL,OH,AGL,CE,Federal Contract Tower,0,58,64,1,123,0,72,87,4,163,0,130,151,5,286,36,0,36,322
08/24/2006,BKL,OH,AGL,CE,Federal Contract Tower,1,59,61,0,121,0,38,64,2,104,1,97,125,2,225,58,0,58,283
08/25/2006,BKL,OH,AGL,CE,Federal Contract Tower,0,50,51,0,101,0,38,86,0,124,0,88,137,0,225,46,0,46,271
08/26/2006,BKL,OH,AGL,CE,Federal Contract Tower,0,22,33,2,57,0,16,52,7,75,0,38,85,9,132,51,12,63,195
08/27/2006,BKL,OH,AGL,CE,Federal Contract Tower,1,12,18,0,31,0,8,4,0,12,1,20,22,0,43,2,0,2,45
08/28/2006,BKL,OH,AGL,CE,Federal Contract Tower,1,3,35,3,42,0,26,9,2,37,1,29,44,5,79,6,0,6,85
08/29/2006,BKL,OH,AGL,CE,Federal Contract Tower,0,36,58,2,96,0,13,16,0,29,0,49,74,2,125,46,0,46,171
08/30/2006,BKL,OH,AGL,CE,Federal Contract Tower,2,52,66,7,127,0,29,86,2,117,2,81,152,9,244,50,20,70,314
08/31/2006,BKL,OH,AGL,CE,Federal Contract Tower,1,47,35,5,88,0,29,54,7,90,1,76,89,12,178,8,0,8,186
09/01/2006,BKL,OH,AGL,CE,Federal Contract Tower,2,38,28,16,84,0,20,60,13,93,2,58,88,29,177,10,44,54,231
09/02/2006,BKL,OH,AGL,CE,Federal Contract Tower,1,11,14,0,26,0,20,5,0,25,1,31,19,0,51,0,0,0,51
09/03/2006,BKL,OH,AGL,CE,Federal Contract Tower,0,0,5,1,6,0,5,12,0,17,0,5,17,1,23,2,0,2,25
09/04/2006,BKL,OH,AGL,CE,Federal Contract Tower,1,1,2,14,18,0,13,15,3,31,1,14,17,17,49,0,2,2,51
09/05/2006,BKL,OH,AGL,CE,Federal Contract Tower,0,21,37,17,75,0,36,75,3,114,0,57,112,20,189,34,24,58,247
09/06/2006,BKL,OH,AGL,CE,Federal Contract Tower,0,49,59,0,108,0,42,95,0,137,0,91,154,0,245,88,0,88,333
09/07/2006,BKL,OH,AGL,CE,Federal Contract Tower,0,51,61,0,112,0,32,52,0,84,0,83,113,0,196,126,0,126,322
09/08/2006,BKL,OH,AGL,CE,Federal Contract Tower,0,49,37,0,86,0,33,75,0,108,0,82,112,0,194,70,0,70,264
09/09/2006,BKL,OH,AGL,CE,Federal Contract Tower,0,15,16,4,35,0,16,61,0,77,0,31,77,4,112,128,0,128,240
09/10/2006,BKL,OH,AGL,CE,Federal Contract Tower,0,7,58,0,65,0,4,61,12,77,0,11,119,12,142,62,0,62,204
09/11/2006,BKL,OH,AGL,CE,Federal Contract Tower,0,15,38,4,57,0,23,62,5,90,0,38,100,9,147,30,4,34,181
09/12/2006,BKL,OH,AGL,CE,Federal Contract Tower,0,56,51,0,107,0,16,13,1,30,0,72,64,1,137,0,0,0,137
09/13/2006,BKL,OH,AGL,CE,Federal Contract Tower,0,40,60,0,100,0,17,26,0,43,0,57,86,0,143,28,0,28,171
09/14/2006,BKL,OH,AGL,CE,Federal Contract Tower,0,54,68,0,122,0,24,58,0,82,0,78,126,0,204,18,0,18,222
09/15/2006,BKL,OH,AGL,CE,Federal Contract Tower,0,54,55,2,111,0,25,60,0,85,0,79,115,2,196,44,6,50,246
09/16/2006,BKL,OH,AGL,CE,Federal Contract Tower,0,17,33,0,50,0,24,49,0,73,0,41,82,0,123,110,0,110,233
09/17/2006,BKL,OH,AGL,CE,Federal Contract Tower,0,1,39,0,40,0,19,68,0,87,0,20,107,0,127,40,0,40,167
09/18/2006,BKL,OH,AGL,CE,Federal Contract Tower,0,14,32,0,46,0,44,36,0,80,0,58,68,0,126,16,0,16,142
09/19/2006,BKL,OH,AGL,CE,Federal Contract Tower,0,62,49,0,111,0,21,61,2,84,0,83,110,2,195,42,0,42,237
09/20/2006,BKL,OH,AGL,CE,Federal Contract Tower,0,68,59,1,128,0,40,33,0,73,0,108,92,1,201,14,0,14,215
09/21/2006,BKL,OH,AGL,CE,Federal Contract Tower,0,54,52,0,106,0,29,90,1,120,0,83,142,1,226,128,0,128,354
09/22/2006,BKL,OH,AGL,CE,Federal Contract Tower,0,49,39,0,88,0,48,84,0,132,0,97,123,0,220,50,0,50,270
09/23/2006,BKL,OH,AGL,CE,Federal Contract Tower,0,18,22,0,40,0,18,12,0,30,0,36,34,0,70,30,0,30,100
09/24/2006,BKL,OH,AGL,CE,Federal Contract Tower,0,4,40,0,44,0,29,18,0,47,0,33,58,0,91,0,0,0,91
09/25/2006,BKL,OH,AGL,CE,Federal Contract Tower,2,12,41,0,55,0,38,76,0,114,2,50,117,0,169,62,0,62,231
09/26/2006,BKL,OH,AGL,CE,Federal Contract Tower,0,47,60,0,107,0,36,100,1,137,0,83,160,1,244,106,4,110,354
09/27/2006,BKL,OH,AGL,CE,Federal Contract Tower,1,37,53,0,91,0,51,44,0,95,1,88,97,0,186,0,0,0,186
09/28/2006,BKL,OH,AGL,CE,Federal Contract Tower,3,59,52,1,115,0,31,26,2,59,3,90,78,3,174,72,0,72,246
09/29/2006,BKL,OH,AGL,CE,Federal Contract Tower,0,48,45,1,94,0,51,68,7,126,0,99,113,8,220,66,2,68,288
09/30/2006,BKL,OH,AGL,CE,Federal Contract Tower,0,12,17,0,29,0,28,10,0,38,0,40,27,0,67,42,0,42,109
10/01/2006,BKL,OH,AGL,CE,Federal Contract Tower,0,1,23,0,24,0,18,49,0,67,0,19,72,0,91,14,0,14,105
10/02/2006,BKL,OH,AGL,CE,Federal Contract Tower,0,8,31,2,41,0,29,60,2,91,0,37,91,4,132,100,0,100,232
10/03/2006,BKL,OH,AGL,CE,Federal Contract Tower,0,46,57,0,103,0,51,52,4,107,0,97,109,4,210,10,2,12,222
10/04/2006,BKL,OH,AGL,CE,Federal Contract Tower,0,50,52,0,102,0,36,54,0,90,0,86,106,0,192,50,0,50,242
10/05/2006,BKL,OH,AGL,CE,Federal Contract Tower,0,50,50,0,100,0,69,72,0,141,0,119,122,0,241,90,0,90,331
10/06/2006,BKL,OH,AGL,CE,Federal Contract Tower,0,47,53,0,100,0,36,72,0,108,0,83,125,0,208,94,0,94,302
10/07/2006,BKL,OH,AGL,CE,Federal Contract Tower,0,17,26,0,43,0,31,114,0,145,0,48,140,0,188,272,0,272,460
10/08/2006,BKL,OH,AGL,CE,Federal Contract Tower,0,10,18,1,29,0,16,76,0,92,0,26,94,1,121,86,0,86,207
10/09/2006,BKL,OH,AGL,CE,Federal Contract Tower,2,14,33,0,49,0,65,83,0,148,2,79,116,0,197,174,0,174,371
10/10/2006,BKL,OH,AGL,CE,Federal Contract Tower,0,26,55,0,81,0,36,61,0,97,0,62,116,0,178,74,0,74,252
10/11/2006,BKL,OH,AGL,CE,Federal Contract Tower,2,48,40,0,90,0,33,23,1,57,2,81,63,1,147,60,0,60,207
10/12/2006,BKL,OH,AGL,CE,Federal Contract Tower,0,52,53,0,105,0,49,33,4,86,0,101,86,4,191,6,0,6,197
10/13/2006,BKL,OH,AGL,CE,Federal Contract Tower,0,44,38,0,82,0,34,35,0,69,0,78,73,0,151,14,0,14,165
10/14/2006,BKL,OH,AGL,CE,Federal Contract Tower,0,13,13,0,26,0,21,9,2,32,0,34,22,2,58,20,0,20,78
10/15/2006,BKL,OH,AGL,CE,Federal Contract Tower,0,3,20,0,23,0,18,88,2,108,0,21,108,2,131,106,0,106,237
10/16/2006,BKL,OH,AGL,CE,Federal Contract Tower,0,17,38,0,55,0,30,41,0,71,0,47,79,0,126,36,0,36,162
10/17/2006,BKL,OH,AGL,CE,Federal Contract Tower,0,57,52,0,109,0,23,18,0,41,0,80,70,0,150,0,0,0,150
10/18/2006,BKL,OH,AGL,CE,Federal Contract Tower,0,50,51,0,101,0,38,43,0,81,0,88,94,0,182,66,0,66,248
10/19/2006,BKL,OH,AGL,CE,Federal Contract Tower,0,50,50,0,100,0,21,27,0,48,0,71,77,0,148,10,0,10,158
10/20/2006,BKL,OH,AGL,CE,Federal Contract Tower,0,47,49,0,96,0,29,50,0,79,0,76,99,0,175,28,0,28,203
10/21/2006,BKL,OH,AGL,CE,Federal Contract Tower,0,20,28,0,48,0,13,54,0,67,0,33,82,0,115,76,0,76,191
10/22/2006,BKL,OH,AGL,CE,Federal Contract Tower,0,4,24,0,28,0,13,21,0,34,0,17,45,0,62,14,0,14,76
10/23/2006,BKL,OH,AGL,CE,Federal Contract Tower,0,13,45,0,58,0,11,8,0,19,0,24,53,0,77,0,0,0,77
10/24/2006,BKL,OH,AGL,CE,Federal Contract Tower,0,53,50,0,103,0,20,42,2,64,0,73,92,2,167,2,0,2,169
10/25/2006,BKL,OH,AGL,CE,Federal Contract Tower,0,54,65,1,120,0,33,61,0,94,0,87,126,1,214,68,0,68,282
10/26/2006,BKL,OH,AGL,CE,Federal Contract Tower,0,48,42,1,91,0,54,81,2,137,0,102,123,3,228,160,0,160,388
10/27/2006,BKL,OH,AGL,CE,Federal Contract Tower,0,45,35,0,80,0,23,33,0,56,0,68,68,0,136,72,0,72,208
10/28/2006,BKL,OH,AGL,CE,Federal Contract Tower,0,15,13,0,28,0,9,1,0,10,0,24,14,0,38,12,0,12,50
10/29/2006,BKL,OH,AGL,CE,Federal Contract Tower,0,9,16,2,27,0,14,11,0,25,0,23,27,2,52,0,0,0,52
10/30/2006,BKL,OH,AGL,CE,Federal Contract Tower,2,26,53,0,81,0,37,84,0,121,2,63,137,0,202,80,0,80,282
10/31/2006,BKL,OH,AGL,CE,Federal Contract Tower,0,52,37,0,89,0,15,41,2,58,0,67,78,2,147,4,0,4,151
11/01/2006,BKL,OH,AGL,CE,Federal Contract Tower,1,56,46,0,103,0,61,101,0,162,1,117,147,0,265,146,0,146,411
11/02/2006,BKL,OH,AGL,CE,Federal Contract Tower,0,53,35,0,88,0,51,45,0,96,0,104,80,0,184,40,0,40,224
11/03/2006,BKL,OH,AGL,CE,Federal Contract Tower,0,53,40,0,93,0,31,49,0,80,0,84,89,0,173,86,0,86,259
11/04/2006,BKL,OH,AGL,CE,Federal Contract Tower,0,21,34,0,55,0,32,93,0,125,0,53,127,0,180,120,0,120,300
11/05/2006,BKL,OH,AGL,CE,Federal Contract Tower,0,7,19,0,26,0,37,75,0,112,0,44,94,0,138,54,0,54,192
11/06/2006,BKL,OH,AGL,CE,Federal Contract Tower,0,15,47,0,62,0,46,73,0,119,0,61,120,0,181,50,0,50,231
11/07/2006,BKL,OH,AGL,CE,Federal Contract Tower,0,53,47,0,100,0,34,30,0,64,0,87,77,0,164,10,0,10,174
11/08/2006,BKL,OH,AGL,CE,Federal Contract Tower,0,56,47,2,105,0,13,7,1,21,0,69,54,3,126,2,0,2,128
11/09/2006,BKL,OH,AGL,CE,Federal Contract Tower,0,40,53,1,94,0,41,73,5,119,0,81,126,6,213,90,0,90,303
11/10/2006,BKL,OH,AGL,CE,Federal Contract Tower,0,50,45,0,95,0,25,123,0,148,0,75,168,0,243,140,0,140,383
11/11/2006,BKL,OH,AGL,CE,Federal Contract Tower,0,17,18,0,35,0,17,7,0,24,0,34,25,0,59,16,0,16,75
11/12/2006,BKL,OH,AGL,CE,Federal Contract Tower,0,14,16,2,32,0,15,41,0,56,0,29,57,2,88,74,0,74,162
11/13/2006,BKL,OH,AGL,CE,Federal Contract Tower,0,19,33,2,54,0,28,32,0,60,0,47,65,2,114,16,0,16,130
11/14/2006,BKL,OH,AGL,CE,Federal Contract Tower,0,47,42,0,89,0,35,53,0,88,0,82,95,0,177,58,0,58,235
11/15/2006,BKL,OH,AGL,CE,Federal Contract Tower,1,52,64,2,119,0,42,48,0,90,1,94,112,2,209,54,0,54,263
11/16/2006,BKL,OH,AGL,CE,Federal Contract Tower,3,52,36,0,91,0,5,11,0,16,3,57,47,0,107,0,0,0,107
11/17/2006,BKL,OH,AGL,CE,Federal Contract Tower,1,46,43,2,92,0,17,29,0,46,1,63,72,2,138,4,0,4,142
11/18/2006,BKL,OH,AGL,CE,Federal Contract Tower,1,17,20,4,42,0,15,26,0,41,1,32,46,4,83,38,20,58,141
11/19/2006,BKL,OH,AGL,CE,Federal Contract Tower,0,2,28,1,31,0,11,37,4,52,0,13,65,5,83,16,4,20,103
11/20/2006,BKL,OH,AGL,CE,Federal Contract Tower,0,9,32,1,42,0,35,48,0,83,0,44,80,1,125,58,0,58,183
11/21/2006,BKL,OH,AGL,CE,Federal Contract Tower,0,43,50,3,96,0,41,70,2,113,0,84,120,5,209,96,0,96,305
11/22/2006,BKL,OH,AGL,CE,Federal Contract Tower,0,47,52,0,99,0,48,54,1,103,0,95,106,1,202,140,0,140,342
11/23/2006,BKL,OH,AGL,CE,Federal Contract Tower,0,27,13,0,40,0,35,27,0,62,0,62,40,0,102,70,0,70,172
11/24/2006,BKL,OH,AGL,CE,Federal Contract Tower,0,1,17,0,18,0,23,74,0,97,0,24,91,0,115,96,0,96,211
11/25/2006,BKL,OH,AGL,CE,Federal Contract Tower,0,13,19,0,32,0,22,86,0,108,0,35,105,0,140,144,0,144,284
11/26/2006,BKL,OH,AGL,CE,Federal Contract Tower,0,8,31,0,39,0,22,82,0,104,0,30,113,0,143,50,0,50,193
11/27/2006,BKL,OH,AGL,CE,Federal Contract Tower,0,8,33,0,41,0,32,62,0,94,0,40,95,0,135,56,0,56,191
11/28/2006,BKL,OH,AGL,CE,Federal Contract Tower,0,53,42,0,95,0,27,70,0,97,0,80,112,0,192,76,0,76,268
11/29/2006,BKL,OH,AGL,CE,Federal Contract Tower,0,51,69,0,120,0,63,61,2,126,0,114,130,2,246,50,0,50,296
11/30/2006,BKL,OH,AGL,CE,Federal Contract Tower,0,57,48,0,105,0,17,39,0,56,0,74,87,0,161,0,0,0,161
12/01/2006,BKL,OH,AGL,CE,Federal Contract Tower,0,42,27,1,70,0,9,4,0,13,0,51,31,1,83,0,0,0,83
12/02/2006,BKL,OH,AGL,CE,Federal Contract Tower,0,6,21,0,27,0,44,15,0,59,0,50,36,0,86,66,0,66,152
12/03/2006,BKL,OH,AGL,CE,Federal Contract Tower,0,6,29,0,35,0,19,32,0,51,0,25,61,0,86,24,0,24,110
12/04/2006,BKL,OH,AGL,CE,Federal Contract Tower,0,7,29,0,36,0,20,26,0,46,0,27,55,0,82,30,0,30,112
12/05/2006,BKL,OH,AGL,CE,Federal Contract Tower,2,30,45,0,77,0,29,47,2,78,2,59,92,2,155,28,0,28,183
12/06/2006,BKL,OH,AGL,CE,Federal Contract Tower,0,49,55,2,106,0,40,84,0,124,0,89,139,2,230,10,0,10,240
12/07/2006,BKL,OH,AGL,CE,Federal Contract Tower,2,44,25,0,71,0,15,6,0,21,2,59,31,0,92,0,0,0,92
12/08/2006,BKL,OH,AGL,CE,Federal Contract Tower,0,43,28,1,72,0,20,40,0,60,0,63,68,1,132,30,0,30,162
12/09/2006,BKL,OH,AGL,CE,Federal Contract Tower,0,13,20,0,33,0,16,50,0,66,0,29,70,0,99,78,0,78,177
12/10/2006,BKL,OH,AGL,CE,Federal Contract Tower,2,11,20,0,33,0,13,39,0,52,2,24,59,0,85,58,0,58,143
12/11/2006,BKL,OH,AGL,CE,Federal Contract Tower,0,15,53,2,70,0,21,58,0,79,0,36,111,2,149,100,0,100,249
12/12/2006,BKL,OH,AGL,CE,Federal Contract Tower,0,54,47,0,101,0,62,52,0,114,0,116,99,0,215,98,0,98,313
12/13/2006,BKL,OH,AGL,CE,Federal Contract Tower,0,53,66,0,119,0,38,55,0,93,0,91,121,0,212,8,0,8,220
12/14/2006,BKL,OH,AGL,CE,Federal Contract Tower,0,52,57,0,109,0,53,105,0,158,0,105,162,0,267,52,0,52,319
12/15/2006,BKL,OH,AGL,CE,Federal Contract Tower,0,43,37,1,81,0,47,78,0,125,0,90,115,1,206,14,0,14,220
12/16/2006,BKL,OH,AGL,CE,Federal Contract Tower,0,17,32,0,49,0,32,77,0,109,0,49,109,0,158,164,0,164,322
12/17/2006,BKL,OH,AGL,CE,Federal Contract Tower,0,8,24,0,32,0,10,33,0,43,0,18,57,0,75,74,0,74,149
12/18/2006,BKL,OH,AGL,CE,Federal Contract Tower,0,18,33,0,51,0,39,85,0,124,0,57,118,0,175,76,0,76,251
12/19/2006,BKL,OH,AGL,CE,Federal Contract Tower,0,53,45,2,100,0,41,75,0,116,0,94,120,2,216,96,0,96,312
12/20/2006,BKL,OH,AGL,CE,Federal Contract Tower,1,51,52,0,104,0,43,72,0,115,1,94,124,0,219,134,0,134,353
12/21/2006,BKL,OH,AGL,CE,Federal Contract Tower,0,47,43,0,90,0,22,45,0,67,0,69,88,0,157,16,0,16,173
12/22/2006,BKL,OH,AGL,CE,Federal Contract Tower,1,46,27,0,74,0,30,30,0,60,1,76,57,0,134,36,0,36,170
12/23/2006,BKL,OH,AGL,CE,Federal Contract Tower,0,18,15,0,33,0,11,12,0,23,0,29,27,0,56,68,0,68,124
12/24/2006,BKL,OH,AGL,CE,Federal Contract Tower,0,4,14,0,18,0,18,17,0,35,0,22,31,0,53,8,0,8,61
12/25/2006,BKL,OH,AGL,CE,Federal Contract Tower,0,0,1,0,1,0,20,0,0,20,0,20,1,0,21,0,0,0,21
12/26/2006,BKL,OH,AGL,CE,Federal Contract Tower,0,8,16,0,24,0,11,7,0,18,0,19,23,0,42,0,0,0,42
12/27/2006,BKL,OH,AGL,CE,Federal Contract Tower,0,45,22,0,67,0,40,45,0,85,0,85,67,0,152,86,0,86,238
12/28/2006,BKL,OH,AGL,CE,Federal Contract Tower,2,41,19,0,62,0,62,72,0,134,2,103,91,0,196,36,0,36,232
12/29/2006,BKL,OH,AGL,CE,Federal Contract Tower,1,42,21,0,64,0,37,87,0,124,1,79,108,0,188,110,0,110,298
12/30/2006,BKL,OH,AGL,CE,Federal Contract Tower,0,14,12,0,26,0,12,13,0,25,0,26,25,0,51,50,0,50,101
12/31/2006,BKL,OH,AGL,CE,Federal Contract Tower,0,5,8,0,13,0,14,8,0,22,0,19,16,0,35,48,0,48,83
01/01/2007,BKL,OH,AGL,CE,Federal Contract Tower,0,2,3,0,5,0,14,3,0,17,0,16,6,0,22,6,0,6,28
01/02/2007,BKL,OH,AGL,CE,Federal Contract Tower,0,3,27,0,30,0,43,60,0,103,0,46,87,0,133,30,0,30,163
01/03/2007,BKL,OH,AGL,CE,Federal Contract Tower,0,47,41,2,90,0,52,74,0,126,0,99,115,2,216,44,4,48,264
01/04/2007,BKL,OH,AGL,CE,Federal Contract Tower,0,46,46,0,92,0,58,49,0,107,0,104,95,0,199,12,0,12,211
01/05/2007,BKL,OH,AGL,CE,Federal Contract Tower,0,40,22,0,62,0,16,10,0,26,0,56,32,0,88,0,0,0,88
01/06/2007,BKL,OH,AGL,CE,Federal Contract Tower,0,14,26,0,40,0,16,35,0,51,0,30,61,0,91,66,0,66,157
01/07/2007,BKL,OH,AGL,CE,Federal Contract Tower,0,2,16,0,18,0,26,49,0,75,0,28,65,0,93,102,0,102,195
01/08/2007,BKL,OH,AGL,CE,Federal Contract Tower,0,5,23,0,28,0,24,6,0,30,0,29,29,0,58,0,0,0,58
01/09/2007,BKL,OH,AGL,CE,Federal Contract Tower,0,44,38,0,82,0,67,27,0,94,0,111,65,0,176,8,0,8,184
01/10/2007,BKL,OH,AGL,CE,Federal Contract Tower,0,47,42,0,89,0,40,30,0,70,0,87,72,0,159,2,0,2,161
01/11/2007,BKL,OH,AGL,CE,Federal Contract Tower,0,55,31,0,86,0,31,48,0,79,0,86,79,0,165,0,0,0,165
01/12/2007,BKL,OH,AGL,CE,Federal Contract Tower,0,48,36,0,84,0,30,48,2,80,0,78,84,2,164,34,0,34,198
01/13/2007,BKL,OH,AGL,CE,Federal Contract Tower,0,7,17,0,24,0,4,10,0,14,0,11,27,0,38,0,0,0,38
01/14/2007,BKL,OH,AGL,CE,Federal Contract Tower,0,4,4,0,8,0,0,0,0,0,0,4,4,0,8,0,0,0,8
01/15/2007,BKL,OH,AGL,CE,Federal Contract Tower,0,8,22,0,30,0,4,0,0,4,0,12,22,0,34,0,0,0,34
01/16/2007,BKL,OH,AGL,CE,Federal Contract Tower,0,6,27,0,33,0,8,1,0,9,0,14,28,0,42,0,0,0,42
01/17/2007,BKL,OH,AGL,CE,Federal Contract Tower,0,47,37,0,84,0,37,56,0,93,0,84,93,0,177,104,0,104,281
01/18/2007,BKL,OH,AGL,CE,Federal Contract Tower,0,58,34,0,92,0,53,91,3,147,0,111,125,3,239,78,10,88,327
01/19/2007,BKL,OH,AGL,CE,Federal Contract Tower,0,41,23,0,64,0,23,36,0,59,0,64,59,0,123,0,0,0,123
01/20/2007,BKL,OH,AGL,CE,Federal Contract Tower,0,13,15,0,28,0,12,44,0,56,0,25,59,0,84,72,0,72,156
01/21/2007,BKL,OH,AGL,CE,Federal Contract Tower,0,1,10,0,11,0,28,30,0,58,0,29,40,0,69,20,0,20,89
01/22/2007,BKL,OH,AGL,CE,Federal Contract Tower,0,2,36,0,38,0,5,1,0,6,0,7,37,0,44,0,0,0,44
01/23/2007,BKL,OH,AGL,CE,Federal Contract Tower,0,50,42,0,92,0,49,19,0,68,0,99,61,0,160,2,0,2,162
01/24/2007,BKL,OH,AGL,CE,Federal Contract Tower,0,52,44,0,96,0,20,25,0,45,0,72,69,0,141,0,0,0,141
01/25/2007,BKL,OH,AGL,CE,Federal Contract Tower,0,48,36,0,84,0,15,16,0,31,0,63,52,0,115,2,0,2,117
01/26/2007,BKL,OH,AGL,CE,Federal Contract Tower,0,40,28,0,68,0,23,31,0,54,0,63,59,0,122,8,0,8,130
01/27/2007,BKL,OH,AGL,CE,Federal Contract Tower,0,11,9,0,20,0,12,23,0,35,0,23,32,0,55,10,0,10,65
01/28/2007,BKL,OH,AGL,CE,Federal Contract Tower,0,10,12,1,23,0,6,7,0,13,0,16,19,1,36,20,0,20,56
01/29/2007,BKL,OH,AGL,CE,Federal Contract Tower,0,10,41,0,51,0,17,27,5,49,0,27,68,5,100,24,0,24,124
01/30/2007,BKL,OH,AGL,CE,Federal Contract Tower,0,49,17,0,66,0,4,4,0,8,0,53,21,0,74,0,0,0,74
01/31/2007,BKL,OH,AGL,CE,Federal Contract Tower,0,49,38,0,87,0,22,56,0,78,0,71,94,0,165,72,0,72,237
02/01/2007,BKL,OH,AGL,CE,Federal Contract Tower,0,39,45,0,84,0,44,42,0,86,0,83,87,0,170,58,0,58,228
02/02/2007,BKL,OH,AGL,CE,Federal Contract Tower,0,43,31,0,74,0,15,34,0,49,0,58,65,0,123,0,0,0,123
02/03/2007,BKL,OH,AGL,CE,Federal Contract Tower,1,14,8,0,23,0,13,20,0,33,1,27,28,0,56,72,0,72,128
02/04/2007,BKL,OH,AGL,CE,Federal Contract Tower,1,11,26,0,38,0,18,8,0,26,1,29,34,0,64,56,0,56,120
02/05/2007,BKL,OH,AGL,CE,Federal Contract Tower,0,18,20,0,38,0,7,15,0,22,0,25,35,0,60,0,0,0,60
02/06/2007,BKL,OH,AGL,CE,Federal Contract Tower,0,54,31,0,85,0,22,56,0,78,0,76,87,0,163,90,0,90,253
02/07/2007,BKL,OH,AGL,CE,Federal Contract Tower,0,51,40,0,91,0,44,27,0,71,0,95,67,0,162,50,4,54,216
02/08/2007,BKL,OH,AGL,CE,Federal Contract Tower,2,54,38,0,94,0,47,55,0,102,2,101,93,0,196,48,0,48,244
02/09/2007,BKL,OH,AGL,CE,Federal Contract Tower,0,42,38,0,80,0,79,44,0,123,0,121,82,0,203,42,0,42,245
02/10/2007,BKL,OH,AGL,CE,Federal Contract Tower,0,14,18,0,32,0,25,27,0,52,0,39,45,0,84,60,0,60,144
02/11/2007,BKL,OH,AGL,CE,Federal Contract Tower,0,12,23,0,35,0,26,22,0,48,0,38,45,0,83,36,0,36,119
02/12/2007,BKL,OH,AGL,CE,Federal Contract Tower,0,10,28,0,38,0,6,7,0,13,0,16,35,0,51,4,0,4,55
02/13/2007,BKL,OH,AGL,CE,Federal Contract Tower,0,42,14,0,56,0,5,0,0,5,0,47,14,0,61,0,2,2,63
02/14/2007,BKL,OH,AGL,CE,Federal Contract Tower,0,3,7,0,10,0,16,4,0,20,0,19,11,0,30,0,0,0,30
02/15/2007,BKL,OH,AGL,CE,Federal Contract Tower,0,42,21,0,63,0,30,38,2,70,0,72,59,2,133,14,0,14,147
02/16/2007,BKL,OH,AGL,CE,Federal Contract Tower,0,41,22,0,63,0,48,41,0,89,0,89,63,0,152,22,0,22,174
02/17/2007,BKL,OH,AGL,CE,Federal Contract Tower,0,13,12,0,25,0,22,3,0,25,0,35,15,0,50,2,0,2,52
02/18/2007,BKL,OH,AGL,CE,Federal Contract Tower,0,5,7,0,12,0,12,1,0,13,0,17,8,0,25,0,0,0,25
02/19/2007,BKL,OH,AGL,CE,Federal Contract Tower,0,9,16,0,25,0,27,41,0,68,0,36,57,0,93,4,0,4,97
02/20/2007,BKL,OH,AGL,CE,Federal Contract Tower,0,15,29,0,44,0,29,53,2,84,0,44,82,2,128,130,4,134,262
02/21/2007,BKL,OH,AGL,CE,Federal Contract Tower,0,35,38,0,73,0,21,35,0,56,0,56,73,0,129,48,0,48,177
02/22/2007,BKL,OH,AGL,CE,Federal Contract Tower,0,57,40,0,97,0,35,37,3,75,0,92,77,3,172,2,0,2,174
02/23/2007,BKL,OH,AGL,CE,Federal Contract Tower,0,43,37,0,80,0,53,55,0,108,0,96,92,0,188,76,0,76,264
02/24/2007,BKL,OH,AGL,CE,Federal Contract Tower,0,13,28,0,41,0,31,66,0,97,0,44,94,0,138,90,0,90,228
02/25/2007,BKL,OH,AGL,CE,Federal Contract Tower,0,1,10,0,11,0,6,4,0,10,0,7,14,0,21,16,0,16,37
02/26/2007,BKL,OH,AGL,CE,Federal Contract Tower,0,13,43,0,56,0,34,40,0,74,0,47,83,0,130,6,0,6,136
02/27/2007,BKL,OH,AGL,CE,Federal Contract Tower,0,54,44,0,98,0,37,19,0,56,0,91,63,0,154,30,0,30,184
02/28/2007,BKL,OH,AGL,CE,Federal Contract Tower,0,57,50,1,108,0,22,40,2,64,0,79,90,3,172,14,0,14,186
03/01/2007,BKL,OH,AGL,CE,Federal Contract Tower,0,53,31,0,84,0,6,26,0,32,0,59,57,0,116,8,0,8,124
03/02/2007,BKL,OH,AGL,CE,Federal Contract Tower,0,45,37,2,84,0,17,32,2,51,0,62,69,4,135,20,0,20,155
03/03/2007,BKL,OH,AGL,CE,Federal Contract Tower,0,12,15,0,27,0,28,35,0,63,0,40,50,0,90,104,0,104,194
03/04/2007,BKL,OH,AGL,CE,Federal Contract Tower,0,4,9,0,13,0,16,25,2,43,0,20,34,2,56,58,0,58,114
03/05/2007,BKL,OH,AGL,CE,Federal Contract Tower,0,8,20,0,28,0,32,44,0,76,0,40,64,0,104,10,0,10,114
03/06/2007,BKL,OH,AGL,CE,Federal Contract Tower,0,47,31,0,78,0,43,74,0,117,0,90,105,0,195,82,0,82,277
03/07/2007,BKL,OH,AGL,CE,Federal Contract Tower,0,45,48,0,93,0,15,42,0,57,0,60,90,0,150,34,0,34,184
03/08/2007,BKL,OH,AGL,CE,Federal Contract Tower,0,50,48,0,98,0,42,63,0,105,0,92,111,0,203,156,0,156,359
03/09/2007,BKL,OH,AGL,CE,Federal Contract Tower,0,48,53,0,101,0,31,69,0,100,0,79,122,0,201,160,0,160,361
03/10/2007,BKL,OH,AGL,CE,Federal Contract Tower,0,13,18,0,31,0,13,8,0,21,0,26,26,0,52,28,0,28,80
03/11/2007,BKL,OH,AGL,CE,Federal Contract Tower,0,11,24,0,35,0,28,76,0,104,0,39,100,0,139,90,0,90,229
03/12/2007,BKL,OH,AGL,CE,Federal Contract Tower,0,16,33,0,49,0,28,59,4,91,0,44,92,4,140,80,0,80,220
03/13/2007,BKL,OH,AGL,CE,Federal Contract Tower,0,47,58,0,105,0,57,66,0,123,0,104,124,0,228,80,0,80,308
03/14/2007,BKL,OH,AGL,CE,Federal Contract Tower,0,42,53,0,95,0,39,31,0,70,0,81,84,0,165,34,0,34,199
03/15/2007,BKL,OH,AGL,CE,Federal Contract Tower,0,43,25,0,68,0,31,11,2,44,0,74,36,2,112,22,2,24,136
03/16/2007,BKL,OH,AGL,CE,Federal Contract Tower,0,43,28,0,71,0,41,19,0,60,0,84,47,0,131,12,0,12,143
03/17/2007,BKL,OH,AGL,CE,Federal Contract Tower,0,19,21,0,40,0,23,8,0,31,0,42,29,0,71,0,0,0,71
03/18/2007,BKL,OH,AGL,CE,Federal Contract Tower,0,4,17,0,21,0,22,36,0,58,0,26,53,0,79,66,0,66,145
03/19/2007,BKL,OH,AGL,CE,Federal Contract Tower,0,6,15,0,21,0,29,19,0,48,0,35,34,0,69,10,0,10,79
03/20/2007,BKL,OH,AGL,CE,Federal Contract Tower,0,47,33,1,81,0,30,68,0,98,0,77,101,1,179,88,0,88,267
03/21/2007,BKL,OH,AGL,CE,Federal Contract Tower,1,49,55,1,106,0,45,60,2,107,1,94,115,3,213,80,0,80,293
03/22/2007,BKL,OH,AGL,CE,Federal Contract Tower,1,57,37,0,95,0,41,27,0,68,1,98,64,0,163,6,0,6,169
03/23/2007,BKL,OH,AGL,CE,Federal Contract Tower,0,44,29,0,73,0,60,35,0,95,0,104,64,0,168,154,0,154,322
03/24/2007,BKL,OH,AGL,CE,Federal Contract Tower,0,12,10,0,22,0,19,3,0,22,0,31,13,0,44,0,0,0,44
03/25/2007,BKL,OH,AGL,CE,Federal Contract Tower,0,9,20,0,29,0,32,94,0,126,0,41,114,0,155,142,0,142,297
03/26/2007,BKL,OH,AGL,CE,Federal Contract Tower,0,9,28,0,37,0,69,41,0,110,0,78,69,0,147,50,0,50,197
03/27/2007,BKL,OH,AGL,CE,Federal Contract Tower,0,47,22,0,69,0,64,66,0,130,0,111,88,0,199,136,0,136,335
03/28/2007,BKL,OH,AGL,CE,Federal Contract Tower,0,46,36,0,82,0,29,43,0,72,0,75,79,0,154,16,0,16,170
03/29/2007,BKL,OH,AGL,CE,Federal Contract Tower,4,50,43,0,97,0,61,53,0,114,4,111,96,0,211,36,0,36,247
03/30/2007,BKL,OH,AGL,CE,Federal Contract Tower,6,47,29,0,82,0,25,59,4,88,6,72,88,4,170,162,0,162,332
03/31/2007,BKL,OH,AGL,CE,Federal Contract Tower,0,11,22,0,33,0,29,47,0,76,0,40,69,0,109,36,0,36,145
04/01/2007,BKL,OH,AGL,CE,Federal Contract Tower,0,4,26,0,30,0,20,56,0,76,0,24,82,0,106,58,0,58,164
04/02/2007,BKL,OH,AGL,CE,Federal Contract Tower,4,9,18,0,31,0,25,46,0,71,4,34,64,0,102,122,0,122,224
04/03/2007,BKL,OH,AGL,CE,Federal Contract Tower,0,60,37,1,98,0,46,57,5,108,0,106,94,6,206,82,2,84,290
04/04/2007,BKL,OH,AGL,CE,Federal Contract Tower,4,61,40,0,105,0,41,19,0,60,4,102,59,0,165,4,0,4,169
04/05/2007,BKL,OH,AGL,CE,Federal Contract Tower,1,43,54,0,98,0,15,10,0,25,1,58,64,0,123,0,0,0,123
04/06/2007,BKL,OH,AGL,CE,Federal Contract Tower,1,43,17,0,61,0,10,15,0,25,1,53,32,0,86,0,0,0,86
04/07/2007,BKL,OH,AGL,CE,Federal Contract Tower,0,15,5,0,20,0,1,0,0,1,0,16,5,0,21,0,0,0,21
04/08/2007,BKL,OH,AGL,CE,Federal Contract Tower,0,1,2,0,3,0,0,0,0,0,0,1,2,0,3,0,0,0,3
04/09/2007,BKL,OH,AGL,CE,Federal Contract Tower,0,9,25,0,34,0,36,20,0,56,0,45,45,0,90,2,0,2,92
04/10/2007,BKL,OH,AGL,CE,Federal Contract Tower,0,50,38,0,88,0,38,58,1,97,0,88,96,1,185,86,0,86,271
04/11/2007,BKL,OH,AGL,CE,Federal Contract Tower,0,47,30,0,77,0,49,38,0,87,0,96,68,0,164,46,0,46,210
04/12/2007,BKL,OH,AGL,CE,Federal Contract Tower,2,53,37,0,92,0,24,33,0,57,2,77,70,0,149,30,0,30,179
04/13/2007,BKL,OH,AGL,CE,Federal Contract Tower,0,47,37,0,84,0,15,64,0,79,0,62,101,0,163,4,0,4,167
04/14/2007,BKL,OH,AGL,CE,Federal Contract Tower,0,18,19,0,37,0,11,34,0,45,0,29,53,0,82,56,0,56,138
04/15/2007,BKL,OH,AGL,CE,Federal Contract Tower,0,1,6,0,7,0,12,9,0,21,0,13,15,0,28,20,0,20,48
04/16/2007,BKL,OH,AGL,CE,Federal Contract Tower,0,8,27,0,35,0,43,31,0,74,0,51,58,0,109,4,0,4,113
04/17/2007,BKL,OH,AGL,CE,Federal Contract Tower,1,43,24,0,68,0,42,113,5,160,1,85,137,5,228,100,0,100,328
04/18/2007,BKL,OH,AGL,CE,Federal Contract Tower,2,43,56,0,101,0,60,62,1,123,2,103,118,1,224,104,0,104,328
04/19/2007,BKL,OH,AGL,CE,Federal Contract Tower,3,49,35,0,87,0,49,70,3,122,3,98,105,3,209,60,0,60,269
04/20/2007,BKL,OH,AGL,CE,Federal Contract Tower,0,50,44,0,94,0,51,122,0,173,0,101,166,0,267,108,0,108,375
04/21/2007,BKL,OH,AGL,CE,Federal Contract Tower,0,17,34,0,51,0,39,93,0,132,0,56,127,0,183,88,0,88,271
04/22/2007,BKL,OH,AGL,CE,Federal Contract Tower,2,17,27,0,46,0,33,59,0,92,2,50,86,0,138,136,0,136,274
04/23/2007,BKL,OH,AGL,CE,Federal Contract Tower,0,10,47,0,57,0,31,29,0,60,0,41,76,0,117,6,0,6,123
04/24/2007,BKL,OH,AGL,CE,Federal Contract Tower,0,45,62,0,107,0,56,86,0,142,0,101,148,0,249,126,0,126,375
04/25/2007,BKL,OH,AGL,CE,Federal Contract Tower,0,49,60,0,109,0,17,27,0,44,0,66,87,0,153,16,0,16,169
04/26/2007,BKL,OH,AGL,CE,Federal Contract Tower,0,53,35,0,88,0,11,42,0,53,0,64,77,0,141,0,0,0,141
04/27/2007,BKL,OH,AGL,CE,Federal Contract Tower,0,52,40,1,93,0,34,63,3,100,0,86,103,4,193,130,4,134,327
04/28/2007,BKL,OH,AGL,CE,Federal Contract Tower,0,20,19,0,39,0,14,21,0,35,0,34,40,0,74,6,0,6,80
04/29/2007,BKL,OH,AGL,CE,Federal Contract Tower,0,10,9,1,20,0,23,66,0,89,0,33,75,1,109,72,0,72,181
04/30/2007,BKL,OH,AGL,CE,Federal Contract Tower,0,13,38,0,51,0,41,59,0,100,0,54,97,0,151,100,0,100,251
05/01/2007,BKL,OH,AGL,CE,Federal Contract Tower,1,46,23,0,70,0,51,52,0,103,1,97,75,0,173,58,0,58,231
05/02/2007,BKL,OH,AGL,CE,Federal Contract Tower,0,46,50,0,96,0,22,65,0,87,0,68,115,0,183,36,0,36,219
05/03/2007,BKL,OH,AGL,CE,Federal Contract Tower,0,46,44,2,92,0,42,61,4,107,0,88,105,6,199,72,0,72,271
05/04/2007,BKL,OH,AGL,CE,Federal Contract Tower,1,41,33,4,79,0,37,103,0,140,1,78,136,4,219,112,0,112,331
05/05/2007,BKL,OH,AGL,CE,Federal Contract Tower,0,11,18,0,29,0,37,36,2,75,0,48,54,2,104,40,0,40,144
05/06/2007,BKL,OH,AGL,CE,Federal Contract Tower,0,14,22,0,36,0,19,76,0,95,0,33,98,0,131,36,0,36,167
05/07/2007,BKL,OH,AGL,CE,Federal Contract Tower,0,8,57,0,65,0,46,66,0,112,0,54,123,0,177,104,0,104,281
05/08/2007,BKL,OH,AGL,CE,Federal Contract Tower,0,54,63,2,119,0,58,136,0,194,0,112,199,2,313,104,14,118,431
05/09/2007,BKL,OH,AGL,CE,Federal Contract Tower,0,55,74,0,129,0,50,120,0,170,0,105,194,0,299,102,0,102,401
05/10/2007,BKL,OH,AGL,CE,Federal Contract Tower,0,41,39,0,80,0,33,26,0,59,0,74,65,0,139,18,0,18,157
05/11/2007,BKL,OH,AGL,CE,Federal Contract Tower,0,49,47,0,96,0,53,76,0,129,0,102,123,0,225,124,0,124,349
05/12/2007,BKL,OH,AGL,CE,Federal Contract Tower,0,9,20,2,31,0,41,39,0,80,0,50,59,2,111,60,1,61,172
05/13/2007,BKL,OH,AGL,CE,Federal Contract Tower,0,2,25,0,27,0,14,53,0,67,0,16,78,0,94,32,0,32,126
05/14/2007,BKL,OH,AGL,CE,Federal Contract Tower,0,10,38,0,48,0,36,59,0,95,0,46,97,0,143,54,0,54,197
05/15/2007,BKL,OH,AGL,CE,Federal Contract Tower,0,45,60,0,105,0,84,81,0,165,0,129,141,0,270,26,0,26,296
05/16/2007,BKL,OH,AGL,CE,Federal Contract Tower,0,55,72,0,127,0,21,14,0,35,0,76,86,0,162,30,0,30,192
05/17/2007,BKL,OH,AGL,CE,Federal Contract Tower,2,53,63,0,118,0,51,54,0,105,2,104,117,0,223,60,0,60,283
05/18/2007,BKL,OH,AGL,CE,Federal Contract Tower,0,58,47,13,118,0,51,105,2,158,0,109,152,15,276,120,0,120,396
05/19/2007,BKL,OH,AGL,CE,Federal Contract Tower,0,22,29,2,53,0,37,54,0,91,0,59,83,2,144,42,0,42,186
05/20/2007,BKL,OH,AGL,CE,Federal Contract Tower,2,9,32,14,57,0,18,19,0,37,2,27,51,14,94,0,0,0,94
05/21/2007,BKL,OH,AGL,CE,Federal Contract Tower,0,12,39,1,52,0,62,57,1,120,0,74,96,2,172,108,0,108,280
05/22/2007,BKL,OH,AGL,CE,Federal Contract Tower,1,38,53,7,99,0,50,68,1,119,1,88,121,8,218,78,0,78,296
05/23/2007,BKL,OH,AGL,CE,Federal Contract Tower,0,38,36,4,78,0,65,95,4,164,0,103,131,8,242,144,2,146,388
05/24/2007,BKL,OH,AGL,CE,Federal Contract Tower,2,44,43,0,89,0,46,62,1,109,2,90,105,1,198,132,0,132,330
05/25/2007,BKL,OH,AGL,CE,Federal Contract Tower,2,39,35,1,77,0,66,45,0,111,2,105,80,1,188,82,0,82,270
05/26/2007,BKL,OH,AGL,CE,Federal Contract Tower,1,8,20,0,29,0,28,4,2,34,1,36,24,2,63,6,0,6,69
05/27/2007,BKL,OH,AGL,CE,Federal Contract Tower,1,3,16,0,20,0,23,39,0,62,1,26,55,0,82,34,0,34,116
05/28/2007,BKL,OH,AGL,CE,Federal Contract Tower,1,11,28,0,40,0,15,75,0,90,1,26,103,0,130,92,0,92,222
05/29/2007,BKL,OH,AGL,CE,Federal Contract Tower,0,6,36,0,42,0,39,73,3,115,0,45,109,3,157,64,0,64,221
05/30/2007,BKL,OH,AGL,CE,Federal Contract Tower,3,36,52,0,91,0,50,100,10,160,3,86,152,10,251,84,0,84,335
05/31/2007,BKL,OH,AGL,CE,Federal Contract Tower,2,40,40,0,82,0,68,49,0,117,2,108,89,0,199,90,0,90,289
06/01/2007,BKL,OH,AGL,CE,Federal Contract Tower,1,37,31,0,69,1,21,34,0,56,2,58,65,0,125,24,0,24,149
06/02/2007,BKL,OH,AGL,CE,Federal Contract Tower,1,17,37,0,55,0,20,55,0,75,1,37,92,0,130,74,0,74,204
06/03/2007,BKL,OH,AGL,CE,Federal Contract Tower,0,4,12,0,16,0,40,7,1,48,0,44,19,1,64,10,0,10,74
06/04/2007,BKL,OH,AGL,CE,Federal Contract Tower,0,12,45,2,59,0,30,62,5,97,0,42,107,7,156,64,0,64,220
06/05/2007,BKL,OH,AGL,CE,Federal Contract Tower,1,49,50,0,100,1,29,36,0,66,2,78,86,0,166,44,0,44,210
06/06/2007,BKL,OH,AGL,CE,Federal Contract Tower,0,35,50,1,86,0,64,97,5,166,0,99,147,6,252,70,0,70,322
06/07/2007,BKL,OH,AGL,CE,Federal Contract Tower,0,34,52,0,86,0,61,96,0,157,0,95,148,0,243,10,0,10,253
06/08/2007,BKL,OH,AGL,CE,Federal Contract Tower,0,32,31,0,63,0,32,36,4,72,0,64,67,4,135,26,0,26,161
06/09/2007,BKL,OH,AGL,CE,Federal Contract Tower,0,13,18,0,31,0,14,56,0,70,0,27,74,0,101,38,0,38,139
06/10/2007,BKL,OH,AGL,CE,Federal Contract Tower,0,2,36,0,38,0,27,112,0,139,0,29,148,0,177,82,0,82,259
06/11/2007,BKL,OH,AGL,CE,Federal Contract Tower,1,22,51,0,74,0,40,84,0,124,1,62,135,0,198,46,0,46,244
06/12/2007,BKL,OH,AGL,CE,Federal Contract Tower,1,44,70,0,115,0,34,110,0,144,1,78,180,0,259,72,0,72,331
06/13/2007,BKL,OH,AGL,CE,Federal Contract Tower,0,59,69,2,130,0,58,92,0,150,0,117,161,2,280,80,0,80,360
06/14/2007,BKL,OH,AGL,CE,Federal Contract Tower,1,44,64,0,109,0,38,97,0,135,1,82,161,0,244,52,0,52,296
06/15/2007,BKL,OH,AGL,CE,Federal Contract Tower,1,49,62,0,112,0,29,77,0,106,1,78,139,0,218,76,0,76,294
06/16/2007,BKL,OH,AGL,CE,Federal Contract Tower,0,15,16,0,31,0,30,51,0,81,0,45,67,0,112,50,0,50,162
06/17/2007,BKL,OH,AGL,CE,Federal Contract Tower,0,7,13,0,20,0,27,21,0,48,0,34,34,0,68,36,0,36,104
06/18/2007,BKL,OH,AGL,CE,Federal Contract Tower,0,10,27,4,41,0,35,47,1,83,0,45,74,5,124,62,0,62,186
06/19/2007,BKL,OH,AGL,CE,Federal Contract Tower,0,39,48,0,87,0,22,52,0,74,0,61,100,0,161,0,0,0,161
06/20/2007,BKL,OH,AGL,CE,Federal Contract Tower,0,36,38,0,74,0,43,55,2,100,0,79,93,2,174,0,0,0,174
06/21/2007,BKL,OH,AGL,CE,Federal Contract Tower,0,36,49,0,85,0,29,79,0,108,0,65,128,0,193,2,0,2,195
06/22/2007,BKL,OH,AGL,CE,Federal Contract Tower,0,18,10,0,28,0,35,67,4,106,0,53,77,4,134,0,0,0,134
06/23/2007,BKL,OH,AGL,CE,Federal Contract Tower,0,0,0,0,0,0,34,27,1,62,0,34,27,1,62,0,0,0,62
06/24/2007,BKL,OH,AGL,CE,Federal Contract Tower,0,0,0,0,0,0,20,28,4,52,0,20,28,4,52,0,0,0,52
06/25/2007,BKL,OH,AGL,CE,Federal Contract Tower,0,11,33,0,44,0,25,43,0,68,0,36,76,0,112,0,4,4,116
06/26/2007,BKL,OH,AGL,CE,Federal Contract Tower,0,37,44,0,81,0,59,77,0,136,0,96,121,0,217,54,0,54,271
06/27/2007,BKL,OH,AGL,CE,Federal Contract Tower,0,40,45,4,89,0,35,71,0,106,0,75,116,4,195,50,4,54,249
06/28/2007,BKL,OH,AGL,CE,Federal Contract Tower,0,48,43,6,97,0,55,60,3,118,0,103,103,9,215,22,0,22,237
06/29/2007,BKL,OH,AGL,CE,Federal Contract Tower,2,38,36,2,78,0,60,129,0,189,2,98,165,2,267,138,0,138,405
06/30/2007,BKL,OH,AGL,CE,Federal Contract Tower,0,23,23,1,47,0,48,85,0,133,0,71,108,1,180,46,0,46,226
07/01/2007,BKL,OH,AGL,CE,Federal Contract Tower,0,5,20,0,25,0,40,75,0,115,0,45,95,0,140,44,0,44,184
07/02/2007,BKL,OH,AGL,CE,Federal Contract Tower,0,3,22,0,25,0,53,69,2,124,0,56,91,2,149,116,0,116,265
07/03/2007,BKL,OH,AGL,CE,Federal Contract Tower,2,24,29,0,55,0,46,84,0,130,2,70,113,0,185,108,0,108,293
07/04/2007,BKL,OH,AGL,CE,Federal Contract Tower,0,23,19,0,42,0,32,19,0,51,0,55,38,0,93,18,0,18,111
07/05/2007,BKL,OH,AGL,CE,Federal Contract Tower,0,6,31,0,37,0,40,53,4,97,0,46,84,4,134,122,0,122,256
07/06/2007,BKL,OH,AGL,CE,Federal Contract Tower,0,34,31,0,65,0,31,75,0,106,0,65,106,0,171,86,0,86,257
07/07/2007,BKL,OH,AGL,CE,Federal Contract Tower,0,16,15,0,31,0,24,82,0,106,0,40,97,0,137,84,0,84,221
07/08/2007,BKL,OH,AGL,CE,Federal Contract Tower,0,2,23,0,25,0,44,68,0,112,0,46,91,0,137,46,0,46,183
07/09/2007,BKL,OH,AGL,CE,Federal Contract Tower,0,17,41,0,58,0,37,48,0,85,0,54,89,0,143,92,0,92,235
07/10/2007,BKL,OH,AGL,CE,Federal Contract Tower,0,39,22,0,61,0,36,29,6,71,0,75,51,6,132,34,0,34,166
07/11/2007,BKL,OH,AGL,CE,Federal Contract Tower,0,30,19,1,50,0,47,64,0,111,0,77,83,1,161,58,6,64,225
07/12/2007,BKL,OH,AGL,CE,Federal Contract Tower,0,43,45,1,89,0,33,55,0,88,0,76,100,1,177,140,10,150,327
07/13/2007,BKL,OH,AGL,CE,Federal Contract Tower,0,36,36,0,72,0,59,76,0,135,0,95,112,0,207,108,0,108,315
07/14/2007,BKL,OH,AGL,CE,Federal Contract Tower,0,19,26,0,45,0,28,83,0,111,0,47,109,0,156,62,0,62,218
07/15/2007,BKL,OH,AGL,CE,Federal Contract Tower,1,6,21,0,28,0,25,48,0,73,1,31,69,0,101,22,0,22,123
07/16/2007,BKL,OH,AGL,CE,Federal Contract Tower,1,15,42,0,58,0,46,68,0,114,1,61,110,0,172,90,0,90,262
07/17/2007,BKL,OH,AGL,CE,Federal Contract Tower,0,50,46,0,96,0,29,50,0,79,0,79,96,0,175,126,0,126,301
07/18/2007,BKL,OH,AGL,CE,Federal Contract Tower,2,37,41,4,84,0,35,44,0,79,2,72,85,4,163,24,0,24,187
07/19/2007,BKL,OH,AGL,CE,Federal Contract Tower,0,44,40,0,84,0,15,27,0,42,0,59,67,0,126,16,0,16,142
07/20/2007,BKL,OH,AGL,CE,Federal Contract Tower,0,34,44,0,78,0,37,66,8,111,0,71,110,8,189,80,0,80,269
07/21/2007,BKL,OH,AGL,CE,Federal Contract Tower,0,15,31,2,48,0,14,278,0,292,0,29,309,2,340,56,4,60,400
07/22/2007,BKL,OH,AGL,CE,Federal Contract Tower,0,9,17,0,26,0,32,61,0,93,0,41,78,0,119,132,0,132,251
07/23/2007,BKL,OH,AGL,CE,Federal Contract Tower,2,23,34,0,59,0,16,89,2,107,2,39,123,2,166,124,0,124,290
07/24/2007,BKL,OH,AGL,CE,Federal Contract Tower,0,36,61,0,97,0,43,64,0,107,0,79,125,0,204,72,0,72,276
07/25/2007,BKL,OH,AGL,CE,Federal Contract Tower,0,41,55,0,96,0,59,48,0,107,0,100,103,0,203,22,0,22,225
07/26/2007,BKL,OH,AGL,CE,Federal Contract Tower,0,48,42,6,96,0,42,52,12,106,0,90,94,18,202,32,6,38,240
07/27/2007,BKL,OH,AGL,CE,Federal Contract Tower,0,42,43,0,85,0,22,66,0,88,0,64,109,0,173,70,0,70,243
07/28/2007,BKL,OH,AGL,CE,Federal Contract Tower,0,13,23,0,36,0,7,40,0,47,0,20,63,0,83,32,0,32,115
07/29/2007,BKL,OH,AGL,CE,Federal Contract Tower,0,5,20,2,27,0,28,65,2,95,0,33,85,4,122,0,0,0,122
07/30/2007,BKL,OH,AGL,CE,Federal Contract Tower,0,17,23,3,43,0,60,72,3,135,0,77,95,6,178,104,0,104,282
07/31/2007,BKL,OH,AGL,CE,Federal Contract Tower,0,44,64,0,108,0,55,90,3,148,0,99,154,3,256,112,0,112,368
08/01/2007,BKL,OH,AGL,CE,Federal Contract Tower,0,46,47,1,94,0,51,118,0,169,0,97,165,1,263,42,10,52,315
08/02/2007,BKL,OH,AGL,CE,Federal Contract Tower,0,33,30,3,66,0,67,63,2,132,0,100,93,5,198,28,6,34,232
08/03/2007,BKL,OH,AGL,CE,Federal Contract Tower,0,37,43,0,80,0,40,40,0,80,0,77,83,0,160,58,0,58,218
08/04/2007,BKL,OH,AGL,CE,Federal Contract Tower,0,12,29,0,41,0,44,49,1,94,0,56,78,1,135,74,0,74,209
08/05/2007,BKL,OH,AGL,CE,Federal Contract Tower,0,8,26,0,34,0,25,37,0,62,0,33,63,0,96,58,0,58,154
08/06/2007,BKL,OH,AGL,CE,Federal Contract Tower,0,8,33,6,47,0,8,31,0,39,0,16,64,6,86,22,0,22,108
08/07/2007,BKL,OH,AGL,CE,Federal Contract Tower,0,38,39,1,78,0,29,44,1,74,0,67,83,2,152,4,0,4,156
08/08/2007,BKL,OH,AGL,CE,Federal Contract Tower,0,34,37,4,75,0,33,57,0,90,0,67,94,4,165,38,0,38,203
08/09/2007,BKL,OH,AGL,CE,Federal Contract Tower,0,35,30,0,65,0,21,23,0,44,0,56,53,0,109,8,0,8,117
08/10/2007,BKL,OH,AGL,CE,Federal Contract Tower,0,42,44,1,87,0,32,47,0,79,0,74,91,1,166,24,0,24,190
08/11/2007,BKL,OH,AGL,CE,Federal Contract Tower,0,20,23,0,43,0,52,79,5,136,0,72,102,5,179,46,0,46,225
08/12/2007,BKL,OH,AGL,CE,Federal Contract Tower,2,5,34,1,42,0,26,53,0,79,2,31,87,1,121,28,0,28,149
08/13/2007,BKL,OH,AGL,CE,Federal Contract Tower,0,17,35,0,52,0,25,65,0,90,0,42,100,0,142,42,0,42,184
08/14/2007,BKL,OH,AGL,CE,Federal Contract Tower,1,48,61,0,110,0,58,91,0,149,1,106,152,0,259,20,0,20,279
08/15/2007,BKL,OH,AGL,CE,Federal Contract Tower,0,45,57,0,102,0,46,78,0,124,0,91,135,0,226,70,0,70,296
08/16/2007,BKL,OH,AGL,CE,Federal Contract Tower,1,40,42,0,83,0,43,63,0,106,1,83,105,0,189,92,0,92,281
08/17/2007,BKL,OH,AGL,CE,Federal Contract Tower,0,46,31,1,78,0,50,80,2,132,0,96,111,3,210,48,0,48,258
08/18/2007,BKL,OH,AGL,CE,Federal Contract Tower,0,19,25,1,45,0,21,53,0,74,0,40,78,1,119,36,0,36,155
08/19/2007,BKL,OH,AGL,CE,Federal Contract Tower,0,6,14,0,20,0,7,13,0,20,0,13,27,0,40,6,0,6,46
08/20/2007,BKL,OH,AGL,CE,Federal Contract Tower,0,10,29,2,41,0,0,0,0,0,0,10,29,2,41,0,0,0,41
08/21/2007,BKL,OH,AGL,CE,Federal Contract Tower,0,39,33,1,73,0,4,15,0,19,0,43,48,1,92,14,0,14,106
08/22/2007,BKL,OH,AGL,CE,Federal Contract Tower,0,49,31,1,81,0,41,24,0,65,0,90,55,1,146,16,0,16,162
08/23/2007,BKL,OH,AGL,CE,Federal Contract Tower,0,36,48,0,84,0,41,58,0,99,0,77,106,0,183,34,0,34,217
08/24/2007,BKL,OH,AGL,CE,Federal Contract Tower,0,41,39,0,80,0,46,67,0,113,0,87,106,0,193,10,0,10,203
08/25/2007,BKL,OH,AGL,CE,Federal Contract Tower,0,19,16,0,35,0,60,23,0,83,0,79,39,0,118,48,0,48,166
08/26/2007,BKL,OH,AGL,CE,Federal Contract Tower,0,3,23,0,26,0,17,41,0,58,0,20,64,0,84,24,0,24,108
08/27/2007,BKL,OH,AGL,CE,Federal Contract Tower,0,8,22,0,30,0,33,54,8,95,0,41,76,8,125,58,0,58,183
08/28/2007,BKL,OH,AGL,CE,Federal Contract Tower,0,37,43,0,80,0,48,79,0,127,0,85,122,0,207,46,0,46,253
08/29/2007,BKL,OH,AGL,CE,Federal Contract Tower,0,41,43,0,84,0,26,74,0,100,0,67,117,0,184,62,0,62,246
08/30/2007,BKL,OH,AGL,CE,Federal Contract Tower,2,38,48,2,90,0,16,65,0,81,2,54,113,2,171,24,4,28,199
08/31/2007,BKL,OH,AGL,CE,Federal Contract Tower,4,39,25,19,87,0,29,97,7,133,4,68,122,26,220,44,22,66,286
09/01/2007,BKL,OH,AGL,CE,Federal Contract Tower,1,12,2,0,15,0,19,34,24,77,1,31,36,24,92,0,0,0,92
09/02/2007,BKL,OH,AGL,CE,Federal Contract Tower,1,1,3,0,5,0,16,11,4,31,1,17,14,4,36,0,0,0,36
09/03/2007,BKL,OH,AGL,CE,Federal Contract Tower,1,3,8,1,13,0,11,41,7,59,1,14,49,8,72,0,0,0,72
09/04/2007,BKL,OH,AGL,CE,Federal Contract Tower,1,4,43,15,63,0,30,69,25,124,1,34,112,40,187,28,10,38,225
09/05/2007,BKL,OH,AGL,CE,Federal Contract Tower,0,35,46,0,81,0,45,84,4,133,0,80,130,4,214,68,0,68,282
09/06/2007,BKL,OH,AGL,CE,Federal Contract Tower,0,40,51,0,91,0,38,82,0,120,0,78,133,0,211,112,0,112,323
09/07/2007,BKL,OH,AGL,CE,Federal Contract Tower,0,35,61,0,96,0,54,64,0,118,0,89,125,0,214,46,0,46,260
09/08/2007,BKL,OH,AGL,CE,Federal Contract Tower,0,12,28,0,40,0,31,31,0,62,0,43,59,0,102,64,0,64,166
09/09/2007,BKL,OH,AGL,CE,Federal Contract Tower,0,11,43,0,54,0,15,14,0,29,0,26,57,0,83,2,0,2,85
09/10/2007,BKL,OH,AGL,CE,Federal Contract Tower,0,17,46,0,63,0,28,47,0,75,0,45,93,0,138,64,0,64,202
09/11/2007,BKL,OH,AGL,CE,Federal Contract Tower,0,34,56,2,92,0,33,45,0,78,0,67,101,2,170,48,0,48,218
09/12/2007,BKL,OH,AGL,CE,Federal Contract Tower,0,46,39,0,85,0,42,70,2,114,0,88,109,2,199,82,6,88,287
09/13/2007,BKL,OH,AGL,CE,Federal Contract Tower,0,37,54,2,93,0,32,74,0,106,0,69,128,2,199,42,2,44,243
09/14/2007,BKL,OH,AGL,CE,Federal Contract Tower,0,31,47,1,79,0,28,74,0,102,0,59,121,1,181,28,0,28,209
09/15/2007,BKL,OH,AGL,CE,Federal Contract Tower,0,18,30,0,48,0,43,38,0,81,0,61,68,0,129,10,6,16,145
09/16/2007,BKL,OH,AGL,CE,Federal Contract Tower,0,14,57,3,74,0,14,82,0,96,0,28,139,3,170,26,0,26,196
09/17/2007,BKL,OH,AGL,CE,Federal Contract Tower,0,15,36,1,52,0,35,45,1,81,0,50,81,2,133,58,0,58,191
09/18/2007,BKL,OH,AGL,CE,Federal Contract Tower,0,44,66,2,112,0,33,60,0,93,0,77,126,2,205,64,0,64,269
09/19/2007,BKL,OH,AGL,CE,Federal Contract Tower,2,36,61,2,101,0,78,46,0,124,2,114,107,2,225,46,0,46,271
09/20/2007,BKL,OH,AGL,CE,Federal Contract Tower,2,46,68,2,118,0,57,62,0,119,2,103,130,2,237,112,0,112,349
09/21/2007,BKL,OH,AGL,CE,Federal Contract Tower,0,30,54,1,85,0,27,78,8,113,0,57,132,9,198,80,0,80,278
09/22/2007,BKL,OH,AGL,CE,Federal Contract Tower,0,11,23,0,34,0,69,89,0,158,0,80,112,0,192,34,0,34,226
09/23/2007,BKL,OH,AGL,CE,Federal Contract Tower,2,5,16,1,24,0,21,62,0,83,2,26,78,1,107,44,0,44,151
09/24/2007,BKL,OH,AGL,CE,Federal Contract Tower,0,8,38,1,47,0,21,68,9,98,0,29,106,10,145,100,0,100,245
09/25/2007,BKL,OH,AGL,CE,Federal Contract Tower,0,32,62,2,96,0,39,73,0,112,0,71,135,2,208,64,0,64,272
09/26/2007,BKL,OH,AGL,CE,Federal Contract Tower,0,35,61,0,96,0,33,22,0,55,0,68,83,0,151,28,0,28,179
09/27/2007,BKL,OH,AGL,CE,Federal Contract Tower,0,35,41,0,76,0,37,29,0,66,0,72,70,0,142,44,0,44,186
09/28/2007,BKL,OH,AGL,CE,Federal Contract Tower,0,31,52,0,83,0,57,70,0,127,0,88,122,0,210,72,0,72,282
09/29/2007,BKL,OH,AGL,CE,Federal Contract Tower,1,18,35,0,54,0,21,70,0,91,1,39,105,0,145,78,0,78,223
09/30/2007,BKL,OH,AGL,CE,Federal Contract Tower,1,5,42,0,48,0,20,65,2,87,1,25,107,2,135,22,0,22,157
10/01/2007,BKL,OH,AGL,CE,Federal Contract Tower,0,21,45,1,67,0,18,40,2,60,0,39,85,3,127,18,0,18,145
10/02/2007,BKL,OH,AGL,CE,Federal Contract Tower,1,29,50,2,82,0,27,76,2,105,1,56,126,4,187,68,0,68,255
10/03/2007,BKL,OH,AGL,CE,Federal Contract Tower,1,41,46,1,89,0,79,81,13,173,1,120,127,14,262,60,0,60,322
10/04/2007,BKL,OH,AGL,CE,Federal Contract Tower,0,39,53,4,96,0,32,86,14,132,0,71,139,18,228,66,34,100,328
10/05/2007,BKL,OH,AGL,CE,Federal Contract Tower,1,40,41,2,84,0,49,69,0,118,1,89,110,2,202,36,0,36,238
10/06/2007,BKL,OH,AGL,CE,Federal Contract Tower,0,15,31,0,46,0,38,53,0,91,0,53,84,0,137,72,0,72,209
10/07/2007,BKL,OH,AGL,CE,Federal Contract Tower,0,7,16,4,27,0,29,49,0,78,0,36,65,4,105,104,0,104,209
10/08/2007,BKL,OH,AGL,CE,Federal Contract Tower,0,11,25,0,36,0,46,44,0,90,0,57,69,0,126,68,0,68,194
10/09/2007,BKL,OH,AGL,CE,Federal Contract Tower,0,19,17,0,36,0,38,41,0,79,0,57,58,0,115,40,0,40,155
10/10/2007,BKL,OH,AGL,CE,Federal Contract Tower,0,35,35,0,70,0,48,41,0,89,0,83,76,0,159,56,0,56,215
10/11/2007,BKL,OH,AGL,CE,Federal Contract Tower,0,37,44,0,81,1,16,42,0,59,1,53,86,0,140,44,0,44,184
10/12/2007,BKL,OH,AGL,CE,Federal Contract Tower,1,32,33,0,66,0,36,32,0,68,1,68,65,0,134,36,0,36,170
10/13/2007,BKL,OH,AGL,CE,Federal Contract Tower,0,15,18,0,33,0,15,43,0,58,0,30,61,0,91,54,0,54,145
10/14/2007,BKL,OH,AGL,CE,Federal Contract Tower,2,7,38,0,47,0,27,46,0,73,2,34,84,0,120,20,0,20,140
10/15/2007,BKL,OH,AGL,CE,Federal Contract Tower,0,9,58,0,67,0,23,55,2,80,0,32,113,2,147,18,0,18,165
10/16/2007,BKL,OH,AGL,CE,Federal Contract Tower,0,57,67,2,126,0,54,66,0,120,0,111,133,2,246,16,2,18,264
10/17/2007,BKL,OH,AGL,CE,Federal Contract Tower,0,41,68,0,109,0,21,48,0,69,0,62,116,0,178,8,0,8,186
10/18/2007,BKL,OH,AGL,CE,Federal Contract Tower,0,36,54,0,90,0,31,47,0,78,0,67,101,0,168,12,0,12,180
10/19/2007,BKL,OH,AGL,CE,Federal Contract Tower,0,39,59,0,98,0,26,55,0,81,0,65,114,0,179,0,0,0,179
10/20/2007,BKL,OH,AGL,CE,Federal Contract Tower,0,10,21,0,31,0,20,33,0,53,0,30,54,0,84,46,0,46,130
10/21/2007,BKL,OH,AGL,CE,Federal Contract Tower,0,1,10,0,11,0,29,58,2,89,0,30,68,2,100,40,0,40,140
10/22/2007,BKL,OH,AGL,CE,Federal Contract Tower,0,18,44,0,62,0,30,44,0,74,0,48,88,0,136,38,0,38,174
10/23/2007,BKL,OH,AGL,CE,Federal Contract Tower,0,29,62,0,91,0,12,15,0,27,0,41,77,0,118,12,0,12,130
10/24/2007,BKL,OH,AGL,CE,Federal Contract Tower,0,40,60,0,100,0,49,30,0,79,0,89,90,0,179,22,0,22,201
10/25/2007,BKL,OH,AGL,CE,Federal Contract Tower,0,45,44,0,89,0,41,69,0,110,0,86,113,0,199,74,0,74,273
10/26/2007,BKL,OH,AGL,CE,Federal Contract Tower,0,46,34,0,80,0,27,53,0,80,0,73,87,0,160,26,0,26,186
10/27/2007,BKL,OH,AGL,CE,Federal Contract Tower,0,14,15,0,29,0,10,8,0,18,0,24,23,0,47,24,0,24,71
10/28/2007,BKL,OH,AGL,CE,Federal Contract Tower,0,1,20,0,21,0,38,47,0,85,0,39,67,0,106,82,0,82,188
10/29/2007,BKL,OH,AGL,CE,Federal Contract Tower,0,8,40,0,48,0,25,61,0,86,0,33,101,0,134,40,0,40,174
10/30/2007,BKL,OH,AGL,CE,Federal Contract Tower,2,42,46,0,90,0,25,75,0,100,2,67,121,0,190,100,0,100,290
10/31/2007,BKL,OH,AGL,CE,Federal Contract Tower,1,45,56,0,102,0,30,46,0,76,1,75,102,0,178,2,0,2,180
11/01/2007,BKL,OH,AGL,CE,Federal Contract Tower,1,40,61,0,102,0,54,49,0,103,1,94,110,0,205,54,0,54,259
11/02/2007,BKL,OH,AGL,CE,Federal Contract Tower,0,34,42,2,78,0,24,73,2,99,0,58,115,4,177,18,0,18,195
11/03/2007,BKL,OH,AGL,CE,Federal Contract Tower,0,13,20,1,34,0,24,54,7,85,0,37,74,8,119,58,20,78,197
11/04/2007,BKL,OH,AGL,CE,Federal Contract Tower,1,11,32,0,44,0,13,42,6,61,1,24,74,6,105,48,4,52,157
11/05/2007,BKL,OH,AGL,CE,Federal Contract Tower,0,8,46,2,56,0,23,38,0,61,0,31,84,2,117,2,0,2,119
11/06/2007,BKL,OH,AGL,CE,Federal Contract Tower,0,35,32,0,67,0,29,22,0,51,0,64,54,0,118,0,0,0,118
11/07/2007,BKL,OH,AGL,CE,Federal Contract Tower,0,32,34,0,66,0,19,38,0,57,0,51,72,0,123,30,0,30,153
11/08/2007,BKL,OH,AGL,CE,Federal Contract Tower,0,34,41,0,75,0,24,27,0,51,0,58,68,0,126,68,0,68,194
11/09/2007,BKL,OH,AGL,CE,Federal Contract Tower,0,30,39,0,69,0,22,57,0,79,0,52,96,0,148,42,0,42,190
11/10/2007,BKL,OH,AGL,CE,Federal Contract Tower,0,18,26,0,44,0,19,29,0,48,0,37,55,0,92,52,0,52,144
11/11/2007,BKL,OH,AGL,CE,Federal Contract Tower,0,4,22,0,26,0,21,41,0,62,0,25,63,0,88,40,0,40,128
11/12/2007,BKL,OH,AGL,CE,Federal Contract Tower,0,6,30,0,36,0,23,18,0,41,0,29,48,0,77,2,0,2,79
11/13/2007,BKL,OH,AGL,CE,Federal Contract Tower,0,16,49,0,65,0,14,67,0,81,0,30,116,0,146,68,0,68,214
11/14/2007,BKL,OH,AGL,CE,Federal Contract Tower,0,35,50,0,85,0,36,26,0,62,0,71,76,0,147,40,0,40,187
11/15/2007,BKL,OH,AGL,CE,Federal Contract Tower,0,37,34,0,71,0,30,24,0,54,0,67,58,0,125,6,0,6,131
11/16/2007,BKL,OH,AGL,CE,Federal Contract Tower,0,34,46,0,80,0,37,17,0,54,0,71,63,0,134,14,0,14,148
11/17/2007,BKL,OH,AGL,CE,Federal Contract Tower,0,16,31,0,47,0,34,16,0,50,0,50,47,0,97,44,0,44,141
11/18/2007,BKL,OH,AGL,CE,Federal Contract Tower,0,5,19,2,26,0,17,40,0,57,0,22,59,2,83,108,2,110,193
11/19/2007,BKL,OH,AGL,CE,Federal Contract Tower,2,7,31,0,40,0,31,45,0,76,2,38,76,0,116,24,0,24,140
11/20/2007,BKL,OH,AGL,CE,Federal Contract Tower,1,37,65,0,103,0,22,13,0,35,1,59,78,0,138,2,0,2,140
11/21/2007,BKL,OH,AGL,CE,Federal Contract Tower,1,48,41,0,90,0,14,14,0,28,1,62,55,0,118,4,0,4,122
11/22/2007,BKL,OH,AGL,CE,Federal Contract Tower,0,20,11,0,31,0,2,0,0,2,0,22,11,0,33,0,0,0,33
11/23/2007,BKL,OH,AGL,CE,Federal Contract Tower,2,3,12,0,17,0,19,22,0,41,2,22,34,0,58,20,0,20,78
11/24/2007,BKL,OH,AGL,CE,Federal Contract Tower,2,16,25,0,43,0,19,48,0,67,2,35,73,0,110,96,0,96,206
11/25/2007,BKL,OH,AGL,CE,Federal Contract Tower,0,2,31,0,33,0,15,69,0,84,0,17,100,0,117,44,0,44,161
11/26/2007,BKL,OH,AGL,CE,Federal Contract Tower,1,12,22,0,35,0,5,2,0,7,1,17,24,0,42,0,0,0,42
11/27/2007,BKL,OH,AGL,CE,Federal Contract Tower,1,28,43,0,72,0,19,22,0,41,1,47,65,0,113,4,0,4,117
11/28/2007,BKL,OH,AGL,CE,Federal Contract Tower,2,28,49,0,79,0,30,30,0,60,2,58,79,0,139,4,0,4,143
11/29/2007,BKL,OH,AGL,CE,Federal Contract Tower,0,30,47,0,77,0,22,30,0,52,0,52,77,0,129,26,0,26,155
11/30/2007,BKL,OH,AGL,CE,Federal Contract Tower,0,27,40,0,67,0,30,34,2,66,0,57,74,2,133,6,0,6,139
12/01/2007,BKL,OH,AGL,CE,Federal Contract Tower,0,9,23,0,32,0,32,59,0,91,0,41,82,0,123,112,0,112,235
12/02/2007,BKL,OH,AGL,CE,Federal Contract Tower,0,4,10,0,14,0,4,7,0,11,0,8,17,0,25,12,0,12,37
12/03/2007,BKL,OH,AGL,CE,Federal Contract Tower,0,4,24,0,28,0,4,1,0,5,0,8,25,0,33,0,0,0,33
12/04/2007,BKL,OH,AGL,CE,Federal Contract Tower,0,23,57,0,80,0,11,10,0,21,0,34,67,0,101,0,4,4,105
12/05/2007,BKL,OH,AGL,CE,Federal Contract Tower,0,31,48,0,79,0,6,12,0,18,0,37,60,0,97,0,0,0,97
12/06/2007,BKL,OH,AGL,CE,Federal Contract Tower,0,32,51,0,83,0,21,43,0,64,0,53,94,0,147,62,0,62,209
12/07/2007,BKL,OH,AGL,CE,Federal Contract Tower,0,30,44,0,74,0,18,26,0,44,0,48,70,0,118,30,0,30,148
12/08/2007,BKL,OH,AGL,CE,Federal Contract Tower,0,12,19,0,31,0,10,35,0,45,0,22,54,0,76,120,0,120,196
12/09/2007,BKL,OH,AGL,CE,Federal Contract Tower,0,5,5,0,10,0,5,8,0,13,0,10,13,0,23,28,0,28,51
12/10/2007,BKL,OH,AGL,CE,Federal Contract Tower,0,13,30,0,43,0,12,14,0,26,0,25,44,0,69,4,0,4,73
12/11/2007,BKL,OH,AGL,CE,Federal Contract Tower,0,35,40,0,75,0,23,10,0,33,0,58,50,0,108,0,0,0,108
12/12/2007,BKL,OH,AGL,CE,Federal Contract Tower,2,39,49,0,90,0,8,25,0,33,2,47,74,0,123,22,0,22,145
12/13/2007,BKL,OH,AGL,CE,Federal Contract Tower,0,22,38,0,60,0,13,7,0,20,0,35,45,0,80,8,0,8,88
12/14/2007,BKL,OH,AGL,CE,Federal Contract Tower,2,21,52,0,75,0,31,40,0,71,2,52,92,0,146,28,0,28,174
12/15/2007,BKL,OH,AGL,CE,Federal Contract Tower,0,13,15,0,28,0,12,25,0,37,0,25,40,0,65,100,0,100,165
12/16/2007,BKL,OH,AGL,CE,Federal Contract Tower,0,0,7,0,7,0,2,1,0,3,0,2,8,0,10,0,0,0,10
12/17/2007,BKL,OH,AGL,CE,Federal Contract Tower,1,7,35,0,43,0,14,12,0,26,1,21,47,0,69,26,0,26,95
12/18/2007,BKL,OH,AGL,CE,Federal Contract Tower,1,30,58,2,91,0,29,44,0,73,1,59,102,2,164,36,0,36,200
12/19/2007,BKL,OH,AGL,CE,Federal Contract Tower,0,25,57,0,82,0,25,15,0,40,0,50,72,0,122,0,0,0,122
12/20/2007,BKL,OH,AGL,CE,Federal Contract Tower,0,36,40,0,76,0,28,38,0,66,0,64,78,0,142,98,0,98,240
12/21/2007,BKL,OH,AGL,CE,Federal Contract Tower,0,42,21,0,63,0,21,43,0,64,0,63,64,0,127,56,0,56,183
12/22/2007,BKL,OH,AGL,CE,Federal Contract Tower,0,12,21,0,33,0,31,25,0,56,0,43,46,0,89,12,0,12,101
12/23/2007,BKL,OH,AGL,CE,Federal Contract Tower,0,4,3,0,7,0,4,5,0,9,0,8,8,0,16,0,0,0,16
12/24/2007,BKL,OH,AGL,CE,Federal Contract Tower,0,5,11,0,16,0,11,1,0,12,0,16,12,0,28,0,0,0,28
12/25/2007,BKL,OH,AGL,CE,Federal Contract Tower,1,21,10,0,32,0,20,5,0,25,1,41,15,0,57,8,0,8,65
12/26/2007,BKL,OH,AGL,CE,Federal Contract Tower,0,1,22,0,23,0,14,43,0,57,0,15,65,0,80,60,0,60,140
12/27/2007,BKL,OH,AGL,CE,Federal Contract Tower,0,30,26,0,56,0,9,22,0,31,0,39,48,0,87,12,0,12,99
12/28/2007,BKL,OH,AGL,CE,Federal Contract Tower,0,32,17,0,49,0,11,33,0,44,0,43,50,0,93,36,0,36,129
12/29/2007,BKL,OH,AGL,CE,Federal Contract Tower,0,10,16,0,26,0,22,21,0,43,0,32,37,0,69,42,0,42,111
12/30/2007,BKL,OH,AGL,CE,Federal Contract Tower,0,8,13,0,21,0,14,40,0,54,0,22,53,0,75,64,0,64,139
12/31/2007,BKL,OH,AGL,CE,Federal Contract Tower,0,1,13,0,14,0,28,18,0,46,0,29,31,0,60,96,0,96,156
01/01/2008,BKL,OH,AGL,CE,Federal Contract Tower,0,22,12,0,34,0,19,3,0,22,0,41,15,0,56,0,0,0,56
01/02/2008,BKL,OH,AGL,CE,Federal Contract Tower,0,2,15,0,17,0,13,10,0,23,0,15,25,0,40,28,0,28,68
01/03/2008,BKL,OH,AGL,CE,Federal Contract Tower,0,30,36,0,66,0,18,38,0,56,0,48,74,0,122,34,0,34,156
01/04/2008,BKL,OH,AGL,CE,Federal Contract Tower,0,38,28,0,66,0,31,69,0,100,0,69,97,0,166,68,0,68,234
01/05/2008,BKL,OH,AGL,CE,Federal Contract Tower,0,15,14,0,29,0,9,23,0,32,0,24,37,0,61,26,0,26,87
01/06/2008,BKL,OH,AGL,CE,Federal Contract Tower,0,3,8,0,11,0,4,28,0,32,0,7,36,0,43,38,0,38,81
01/07/2008,BKL,OH,AGL,CE,Federal Contract Tower,0,3,13,0,16,0,34,27,0,61,0,37,40,0,77,38,2,40,117
01/08/2008,BKL,OH,AGL,CE,Federal Contract Tower,0,31,30,0,61,0,34,21,0,55,0,65,51,0,116,16,0,16,132
01/09/2008,BKL,OH,AGL,CE,Federal Contract Tower,0,32,30,0,62,0,25,14,0,39,0,57,44,0,101,20,0,20,121
01/10/2008,BKL,OH,AGL,CE,Federal Contract Tower,0,32,44,1,77,0,30,46,1,77,0,62,90,2,154,44,0,44,198
01/11/2008,BKL,OH,AGL,CE,Federal Contract Tower,0,30,32,0,62,0,31,13,0,44,0,61,45,0,106,14,0,14,120
01/12/2008,BKL,OH,AGL,CE,Federal Contract Tower,0,9,17,0,26,0,17,62,0,79,0,26,79,0,105,72,0,72,177
01/13/2008,BKL,OH,AGL,CE,Federal Contract Tower,0,6,2,0,8,0,18,44,0,62,0,24,46,0,70,76,0,76,146
01/14/2008,BKL,OH,AGL,CE,Federal Contract Tower,0,12,33,0,45,0,24,12,0,36,0,36,45,0,81,0,0,0,81
01/15/2008,BKL,OH,AGL,CE,Federal Contract Tower,0,33,37,0,70,0,19,12,0,31,0,52,49,0,101,0,0,0,101
01/16/2008,BKL,OH,AGL,CE,Federal Contract Tower,0,34,48,0,82,0,32,53,0,85,0,66,101,0,167,124,0,124,291
01/17/2008,BKL,OH,AGL,CE,Federal Contract Tower,0,32,38,0,70,0,36,25,10,71,0,68,63,10,141,6,10,16,157
01/18/2008,BKL,OH,AGL,CE,Federal Contract Tower,0,38,45,0,83,0,24,29,0,53,0,62,74,0,136,24,0,24,160
01/19/2008,BKL,OH,AGL,CE,Federal Contract Tower,0,15,13,0,28,0,24,10,0,34,0,39,23,0,62,6,0,6,68
01/20/2008,BKL,OH,AGL,CE,Federal Contract Tower,0,2,8,0,10,0,7,0,0,7,0,9,8,0,17,0,0,0,17
01/21/2008,BKL,OH,AGL,CE,Federal Contract Tower,0,9,14,0,23,0,43,24,0,67,0,52,38,0,90,62,0,62,152
01/22/2008,BKL,OH,AGL,CE,Federal Contract Tower,0,7,29,0,36,0,37,10,0,47,0,44,39,0,83,12,0,12,95
01/23/2008,BKL,OH,AGL,CE,Federal Contract Tower,0,46,50,0,96,0,38,42,0,80,0,84,92,0,176,94,0,94,270
01/24/2008,BKL,OH,AGL,CE,Federal Contract Tower,2,38,32,0,72,0,9,14,0,23,2,47,46,0,95,22,0,22,117
01/25/2008,BKL,OH,AGL,CE,Federal Contract Tower,0,29,34,0,63,0,32,51,0,83,0,61,85,0,146,68,0,68,214
01/26/2008,BKL,OH,AGL,CE,Federal Contract Tower,2,13,18,0,33,0,16,31,0,47,2,29,49,0,80,26,0,26,106
01/27/2008,BKL,OH,AGL,CE,Federal Contract Tower,0,2,5,0,7,0,12,5,0,17,0,14,10,0,24,0,0,0,24
01/28/2008,BKL,OH,AGL,CE,Federal Contract Tower,0,2,24,0,26,0,36,38,2,76,0,38,62,2,102,54,0,54,156
01/29/2008,BKL,OH,AGL,CE,Federal Contract Tower,0,34,23,0,57,0,27,9,0,36,0,61,32,0,93,8,0,8,101
01/30/2008,BKL,OH,AGL,CE,Federal Contract Tower,0,36,28,0,64,0,12,20,0,32,0,48,48,0,96,0,0,0,96
01/31/2008,BKL,OH,AGL,CE,Federal Contract Tower,0,40,37,0,77,0,27,46,0,73,0,67,83,0,150,92,0,92,242
02/01/2008,BKL,OH,AGL,CE,Federal Contract Tower,0,24,21,0,45,0,20,16,0,36,0,44,37,0,81,6,0,6,87
02/02/2008,BKL,OH,AGL,CE,Federal Contract Tower,0,23,12,0,35,0,7,7,0,14,0,30,19,0,49,58,0,58,107
02/03/2008,BKL,OH,AGL,CE,Federal Contract Tower,0,11,13,0,24,0,24,10,0,34,0,35,23,0,58,12,0,12,70
02/04/2008,BKL,OH,AGL,CE,Federal Contract Tower,1,7,32,0,40,0,7,6,0,13,1,14,38,0,53,4,0,4,57
02/05/2008,BKL,OH,AGL,CE,Federal Contract Tower,0,21,14,0,35,0,4,4,0,8,0,25,18,0,43,0,0,0,43
02/06/2008,BKL,OH,AGL,CE,Federal Contract Tower,1,25,11,0,37,0,0,0,0,0,1,25,11,0,37,0,0,0,37
02/07/2008,BKL,OH,AGL,CE,Federal Contract Tower,0,38,54,0,92,0,20,2,0,22,0,58,56,0,114,4,0,4,118
02/08/2008,BKL,OH,AGL,CE,Federal Contract Tower,0,39,26,0,65,0,28,14,0,42,0,67,40,0,107,20,0,20,127
02/09/2008,BKL,OH,AGL,CE,Federal Contract Tower,1,14,27,0,42,0,24,25,0,49,1,38,52,0,91,62,0,62,153
02/10/2008,BKL,OH,AGL,CE,Federal Contract Tower,0,1,8,0,9,0,5,5,0,10,0,6,13,0,19,0,0,0,19
02/11/2008,BKL,OH,AGL,CE,Federal Contract Tower,1,11,33,0,45,0,14,16,0,30,1,25,49,0,75,94,0,94,169
02/12/2008,BKL,OH,AGL,CE,Federal Contract Tower,0,27,25,0,52,0,5,8,0,13,0,32,33,0,65,0,0,0,65
02/13/2008,BKL,OH,AGL,CE,Federal Contract Tower,0,37,40,0,77,0,10,16,0,26,0,47,56,0,103,24,0,24,127
02/14/2008,BKL,OH,AGL,CE,Federal Contract Tower,0,39,43,0,82,0,38,56,0,94,0,77,99,0,176,26,0,26,202
02/15/2008,BKL,OH,AGL,CE,Federal Contract Tower,0,37,25,0,62,0,45,19,0,64,0,82,44,0,126,0,0,0,126
02/16/2008,BKL,OH,AGL,CE,Federal Contract Tower,0,16,27,0,43,0,31,55,0,86,0,47,82,0,129,98,0,98,227
02/17/2008,BKL,OH,AGL,CE,Federal Contract Tower,0,0,7,0,7,0,14,16,0,30,0,14,23,0,37,16,0,16,53
02/18/2008,BKL,OH,AGL,CE,Federal Contract Tower,0,5,21,0,26,0,28,18,0,46,0,33,39,0,72,0,0,0,72
02/19/2008,BKL,OH,AGL,CE,Federal Contract Tower,0,8,36,0,44,0,23,38,0,61,0,31,74,0,105,0,0,0,105
02/20/2008,BKL,OH,AGL,CE,Federal Contract Tower,0,31,39,3,73,0,12,11,0,23,0,43,50,3,96,0,0,0,96
02/21/2008,BKL,OH,AGL,CE,Federal Contract Tower,0,34,57,1,92,0,42,31,0,73,0,76,88,1,165,38,0,38,203
02/22/2008,BKL,OH,AGL,CE,Federal Contract Tower,0,36,19,0,55,0,19,8,0,27,0,55,27,0,82,0,0,0,82
02/23/2008,BKL,OH,AGL,CE,Federal Contract Tower,0,16,25,0,41,0,24,44,0,68,0,40,69,0,109,54,0,54,163
02/24/2008,BKL,OH,AGL,CE,Federal Contract Tower,0,4,19,0,23,0,27,60,0,87,0,31,79,0,110,66,0,66,176
02/25/2008,BKL,OH,AGL,CE,Federal Contract Tower,0,12,28,0,40,0,26,13,0,39,0,38,41,0,79,4,0,4,83
02/26/2008,BKL,OH,AGL,CE,Federal Contract Tower,0,38,19,0,57,0,4,0,0,4,0,42,19,0,61,0,0,0,61
02/27/2008,BKL,OH,AGL,CE,Federal Contract Tower,0,28,39,0,67,0,18,9,0,27,0,46,48,0,94,0,0,0,94
02/28/2008,BKL,OH,AGL,CE,Federal Contract Tower,2,41,29,0,72,0,29,24,0,53,2,70,53,0,125,16,0,16,141
02/29/2008,BKL,OH,AGL,CE,Federal Contract Tower,0,37,48,0,85,0,25,18,0,43,0,62,66,0,128,2,0,2,130
03/01/2008,BKL,OH,AGL,CE,Federal Contract Tower,2,10,27,0,39,0,20,44,0,64,2,30,71,0,103,38,0,38,141
03/02/2008,BKL,OH,AGL,CE,Federal Contract Tower,0,4,25,0,29,0,24,30,0,54,0,28,55,0,83,30,0,30,113
03/03/2008,BKL,OH,AGL,CE,Federal Contract Tower,0,9,30,0,39,0,27,17,0,44,0,36,47,0,83,6,0,6,89
03/04/2008,BKL,OH,AGL,CE,Federal Contract Tower,0,34,29,0,63,0,2,0,0,2,0,36,29,0,65,0,0,0,65
03/05/2008,BKL,OH,AGL,CE,Federal Contract Tower,0,25,23,0,48,0,12,5,0,17,0,37,28,0,65,0,0,0,65
03/06/2008,BKL,OH,AGL,CE,Federal Contract Tower,0,59,50,0,109,0,47,16,2,65,0,106,66,2,174,17,0,17,191
03/07/2008,BKL,OH,AGL,CE,Federal Contract Tower,0,35,15,0,50,0,20,5,0,25,0,55,20,0,75,0,0,0,75
03/08/2008,BKL,OH,AGL,CE,Federal Contract Tower,0,8,1,0,9,0,0,0,0,0,0,8,1,0,9,0,0,0,9
03/09/2008,BKL,OH,AGL,CE,Federal Contract Tower,0,1,17,0,18,0,19,14,0,33,0,20,31,0,51,4,0,4,55
03/10/2008,BKL,OH,AGL,CE,Federal Contract Tower,0,16,29,0,45,0,11,13,0,24,0,27,42,0,69,20,0,20,89
03/11/2008,BKL,OH,AGL,CE,Federal Contract Tower,0,37,30,0,67,0,6,21,0,27,0,43,51,0,94,14,2,16,110
03/12/2008,BKL,OH,AGL,CE,Federal Contract Tower,0,34,45,0,79,0,31,27,0,58,0,65,72,0,137,48,0,48,185
03/13/2008,BKL,OH,AGL,CE,Federal Contract Tower,0,35,56,0,91,0,25,42,0,67,0,60,98,0,158,8,0,8,166
03/14/2008,BKL,OH,AGL,CE,Federal Contract Tower,0,35,33,0,68,0,55,25,0,80,0,90,58,0,148,98,0,98,246
03/15/2008,BKL,OH,AGL,CE,Federal Contract Tower,0,25,33,0,58,0,12,17,0,29,0,37,50,0,87,42,0,42,129
03/16/2008,BKL,OH,AGL,CE,Federal Contract Tower,0,2,23,0,25,0,18,36,0,54,0,20,59,0,79,80,0,80,159
03/17/2008,BKL,OH,AGL,CE,Federal Contract Tower,0,13,10,0,23,0,38,51,3,92,0,51,61,3,115,58,0,58,173
03/18/2008,BKL,OH,AGL,CE,Federal Contract Tower,0,40,37,0,77,0,46,12,0,58,0,86,49,0,135,18,0,18,153
03/19/2008,BKL,OH,AGL,CE,Federal Contract Tower,1,25,21,0,47,0,2,4,0,6,1,27,25,0,53,0,0,0,53
03/20/2008,BKL,OH,AGL,CE,Federal Contract Tower,2,43,36,0,81,0,34,42,2,78,2,77,78,2,159,42,0,42,201
03/21/2008,BKL,OH,AGL,CE,Federal Contract Tower,0,38,18,1,57,0,31,23,0,54,0,69,41,1,111,106,0,106,217
03/22/2008,BKL,OH,AGL,CE,Federal Contract Tower,1,4,15,0,20,0,14,24,0,38,1,18,39,0,58,66,0,66,124
03/23/2008,BKL,OH,AGL,CE,Federal Contract Tower,0,1,6,0,7,0,23,31,0,54,0,24,37,0,61,30,0,30,91
03/24/2008,BKL,OH,AGL,CE,Federal Contract Tower,0,4,26,0,30,0,38,29,0,67,0,42,55,0,97,26,0,26,123
03/25/2008,BKL,OH,AGL,CE,Federal Contract Tower,0,39,34,0,73,0,35,33,0,68,0,74,67,0,141,18,0,18,159
03/26/2008,BKL,OH,AGL,CE,Federal Contract Tower,1,30,43,0,74,0,29,57,2,88,1,59,100,2,162,66,0,66,228
03/27/2008,BKL,OH,AGL,CE,Federal Contract Tower,1,45,25,0,71,0,67,16,2,85,1,112,41,2,156,76,0,76,232
03/28/2008,BKL,OH,AGL,CE,Federal Contract Tower,0,31,28,2,61,0,23,15,0,38,0,54,43,2,99,34,0,34,133
03/29/2008,BKL,OH,AGL,CE,Federal Contract Tower,0,17,24,0,41,0,18,90,0,108,0,35,114,0,149,76,0,76,225
03/30/2008,BKL,OH,AGL,CE,Federal Contract Tower,0,2,9,0,11,0,13,37,0,50,0,15,46,0,61,10,0,10,71
03/31/2008,BKL,OH,AGL,CE,Federal Contract Tower,0,14,13,0,27,0,37,9,0,46,0,51,22,0,73,2,0,2,75
04/01/2008,BKL,OH,AGL,CE,Federal Contract Tower,0,28,42,0,70,0,36,20,0,56,0,64,62,0,126,0,0,0,126
04/02/2008,BKL,OH,AGL,CE,Federal Contract Tower,0,44,49,0,93,0,56,60,0,116,0,100,109,0,209,154,18,172,381
04/03/2008,BKL,OH,AGL,CE,Federal Contract Tower,2,39,54,0,95,0,26,63,0,89,2,65,117,0,184,54,0,54,238
04/04/2008,BKL,OH,AGL,CE,Federal Contract Tower,0,37,23,0,60,0,9,6,0,15,0,46,29,0,75,20,0,20,95
04/05/2008,BKL,OH,AGL,CE,Federal Contract Tower,0,6,28,0,34,0,26,94,0,120,0,32,122,0,154,134,0,134,288
04/06/2008,BKL,OH,AGL,CE,Federal Contract Tower,0,10,31,0,41,0,19,77,0,96,0,29,108,0,137,170,0,170,307
04/07/2008,BKL,OH,AGL,CE,Federal Contract Tower,0,9,33,0,42,0,37,39,2,78,0,46,72,2,120,64,0,64,184
04/08/2008,BKL,OH,AGL,CE,Federal Contract Tower,0,42,33,1,76,0,78,93,1,172,0,120,126,2,248,152,0,152,400
04/09/2008,BKL,OH,AGL,CE,Federal Contract Tower,0,41,31,0,72,0,47,86,2,135,0,88,117,2,207,168,0,168,375
04/10/2008,BKL,OH,AGL,CE,Federal Contract Tower,0,44,35,0,79,0,47,82,0,129,0,91,117,0,208,40,0,40,248
04/11/2008,BKL,OH,AGL,CE,Federal Contract Tower,2,44,33,0,79,0,38,44,0,82,2,82,77,0,161,120,0,120,281
04/12/2008,BKL,OH,AGL,CE,Federal Contract Tower,2,7,18,0,27,0,17,20,0,37,2,24,38,0,64,84,0,84,148
04/13/2008,BKL,OH,AGL,CE,Federal Contract Tower,2,3,12,0,17,0,16,4,0,20,2,19,16,0,37,0,0,0,37
04/14/2008,BKL,OH,AGL,CE,Federal Contract Tower,1,14,24,0,39,0,39,56,0,95,1,53,80,0,134,124,0,124,258
04/15/2008,BKL,OH,AGL,CE,Federal Contract Tower,0,43,52,1,96,0,63,81,0,144,0,106,133,1,240,76,0,76,316
04/16/2008,BKL,OH,AGL,CE,Federal Contract Tower,5,42,50,0,97,0,44,68,0,112,5,86,118,0,209,94,0,94,303
04/17/2008,BKL,OH,AGL,CE,Federal Contract Tower,2,47,46,0,95,0,77,80,3,160,2,124,126,3,255,82,12,94,349
04/18/2008,BKL,OH,AGL,CE,Federal Contract Tower,1,38,41,0,80,0,51,88,0,139,1,89,129,0,219,130,0,130,349
04/19/2008,BKL,OH,AGL,CE,Federal Contract Tower,0,18,26,0,44,0,22,43,3,68,0,40,69,3,112,106,2,108,220
04/20/2008,BKL,OH,AGL,CE,Federal Contract Tower,0,7,26,0,33,0,24,4,0,28,0,31,30,0,61,84,0,84,145
04/21/2008,BKL,OH,AGL,CE,Federal Contract Tower,0,20,45,0,65,0,14,41,0,55,0,34,86,0,120,62,0,62,182
04/22/2008,BKL,OH,AGL,CE,Federal Contract Tower,0,53,46,0,99,0,35,76,4,115,0,88,122,4,214,92,0,92,306
04/23/2008,BKL,OH,AGL,CE,Federal Contract Tower,0,49,65,0,114,0,51,64,1,116,0,100,129,1,230,120,0,120,350
04/24/2008,BKL,OH,AGL,CE,Federal Contract Tower,0,40,35,0,75,0,26,104,3,133,0,66,139,3,208,278,0,278,486
04/25/2008,BKL,OH,AGL,CE,Federal Contract Tower,2,40,30,1,73,0,22,62,1,85,2,62,92,2,158,96,0,96,254
04/26/2008,BKL,OH,AGL,CE,Federal Contract Tower,0,22,32,0,54,0,16,42,0,58,0,38,74,0,112,128,0,128,240
04/27/2008,BKL,OH,AGL,CE,Federal Contract Tower,0,12,26,1,39,1,19,39,0,59,1,31,65,1,98,54,4,58,156
04/28/2008,BKL,OH,AGL,CE,Federal Contract Tower,0,16,33,0,49,0,11,6,0,17,0,27,39,0,66,0,0,0,66
04/29/2008,BKL,OH,AGL,CE,Federal Contract Tower,2,53,48,0,103,0,34,60,0,94,2,87,108,0,197,92,0,92,289
04/30/2008,BKL,OH,AGL,CE,Federal Contract Tower,1,40,53,0,94,0,40,88,0,128,1,80,141,0,222,154,0,154,376
05/01/2008,BKL,OH,AGL,CE,Federal Contract Tower,1,42,38,0,81,0,26,66,0,92,1,68,104,0,173,44,0,44,217
05/02/2008,BKL,OH,AGL,CE,Federal Contract Tower,2,41,33,0,76,0,11,19,0,30,2,52,52,0,106,28,0,28,134
05/03/2008,BKL,OH,AGL,CE,Federal Contract Tower,0,15,18,0,33,0,14,16,0,30,0,29,34,0,63,22,0,22,85
05/04/2008,BKL,OH,AGL,CE,Federal Contract Tower,0,12,25,0,37,0,26,78,6,110,0,38,103,6,147,32,0,32,179
05/05/2008,BKL,OH,AGL,CE,Federal Contract Tower,0,18,35,0,53,0,22,67,2,91,0,40,102,2,144,108,0,108,252
05/06/2008,BKL,OH,AGL,CE,Federal Contract Tower,0,40,40,2,82,0,45,66,0,111,0,85,106,2,193,132,0,132,325
05/07/2008,BKL,OH,AGL,CE,Federal Contract Tower,0,35,45,0,80,0,37,40,0,77,0,72,85,0,157,32,0,32,189
05/08/2008,BKL,OH,AGL,CE,Federal Contract Tower,0,46,53,4,103,0,23,42,0,65,0,69,95,4,168,130,10,140,308
05/09/2008,BKL,OH,AGL,CE,Federal Contract Tower,3,43,44,0,90,0,29,46,0,75,3,72,90,0,165,10,0,10,175
05/10/2008,BKL,OH,AGL,CE,Federal Contract Tower,0,16,27,0,43,0,24,79,0,103,0,40,106,0,146,128,0,128,274
05/11/2008,BKL,OH,AGL,CE,Federal Contract Tower,1,2,21,0,24,0,26,20,0,46,1,28,41,0,70,12,0,12,82
05/12/2008,BKL,OH,AGL,CE,Federal Contract Tower,2,21,38,0,61,0,28,19,0,47,2,49,57,0,108,0,0,0,108
05/13/2008,BKL,OH,AGL,CE,Federal Contract Tower,2,54,54,1,111,0,46,82,5,133,2,100,136,6,244,138,4,142,386
05/14/2008,BKL,OH,AGL,CE,Federal Contract Tower,0,45,49,0,94,0,51,38,1,90,0,96,87,1,184,12,0,12,196
05/15/2008,BKL,OH,AGL,CE,Federal Contract Tower,2,36,48,0,86,0,37,60,3,100,2,73,108,3,186,22,0,22,208
05/16/2008,BKL,OH,AGL,CE,Federal Contract Tower,1,33,60,0,94,0,26,54,0,80,1,59,114,0,174,62,0,62,236
05/17/2008,BKL,OH,AGL,CE,Federal Contract Tower,1,12,35,0,48,0,29,36,2,67,1,41,71,2,115,26,0,26,141
05/18/2008,BKL,OH,AGL,CE,Federal Contract Tower,0,10,26,0,36,0,22,32,2,56,0,32,58,2,92,14,0,14,106
05/19/2008,BKL,OH,AGL,CE,Federal Contract Tower,0,20,26,0,46,0,28,21,0,49,0,48,47,0,95,56,0,56,151
05/20/2008,BKL,OH,AGL,CE,Federal Contract Tower,0,43,44,0,87,0,34,51,0,85,0,77,95,0,172,188,0,188,360
05/21/2008,BKL,OH,AGL,CE,Federal Contract Tower,0,39,44,2,85,0,49,62,0,111,0,88,106,2,196,40,0,40,236
05/22/2008,BKL,OH,AGL,CE,Federal Contract Tower,0,39,46,2,87,0,33,26,1,60,0,72,72,3,147,104,0,104,251
05/23/2008,BKL,OH,AGL,CE,Federal Contract Tower,0,42,56,2,100,0,42,59,4,105,0,84,115,6,205,66,12,78,283
05/24/2008,BKL,OH,AGL,CE,Federal Contract Tower,0,11,31,0,42,0,21,60,1,82,0,32,91,1,124,70,0,70,194
05/25/2008,BKL,OH,AGL,CE,Federal Contract Tower,0,5,12,0,17,0,20,69,0,89,0,25,81,0,106,0,0,0,106
05/26/2008,BKL,OH,AGL,CE,Federal Contract Tower,0,11,17,2,30,0,15,42,7,64,0,26,59,9,94,42,48,90,184
05/27/2008,BKL,OH,AGL,CE,Federal Contract Tower,0,18,41,1,60,0,28,20,0,48,0,46,61,1,108,6,0,6,114
05/28/2008,BKL,OH,AGL,CE,Federal Contract Tower,2,36,49,1,88,0,63,107,2,172,2,99,156,3,260,114,0,114,374
05/29/2008,BKL,OH,AGL,CE,Federal Contract Tower,0,43,36,2,81,0,59,88,0,147,0,102,124,2,228,128,2,130,358
05/30/2008,BKL,OH,AGL,CE,Federal Contract Tower,0,38,46,0,84,0,70,92,1,163,0,108,138,1,247,70,0,70,317
05/31/2008,BKL,OH,AGL,CE,Federal Contract Tower,0,16,21,0,37,0,25,32,0,57,0,41,53,0,94,58,0,58,152
06/01/2008,BKL,OH,AGL,CE,Federal Contract Tower,0,16,26,0,42,0,19,44,0,63,0,35,70,0,105,64,0,64,169
06/02/2008,BKL,OH,AGL,CE,Federal Contract Tower,0,16,31,0,47,0,25,88,0,113,0,41,119,0,160,146,0,146,306
06/03/2008,BKL,OH,AGL,CE,Federal Contract Tower,0,43,44,0,87,0,18,36,0,54,0,61,80,0,141,50,0,50,191
06/04/2008,BKL,OH,AGL,CE,Federal Contract Tower,0,38,60,0,98,0,16,23,1,40,0,54,83,1,138,48,0,48,186
06/05/2008,BKL,OH,AGL,CE,Federal Contract Tower,0,38,32,0,70,0,28,39,0,67,0,66,71,0,137,82,0,82,219
06/06/2008,BKL,OH,AGL,CE,Federal Contract Tower,0,36,38,0,74,0,32,58,0,90,0,68,96,0,164,164,0,164,328
06/07/2008,BKL,OH,AGL,CE,Federal Contract Tower,0,20,33,0,53,0,33,59,0,92,0,53,92,0,145,120,0,120,265
06/08/2008,BKL,OH,AGL,CE,Federal Contract Tower,0,14,25,0,39,0,28,31,0,59,0,42,56,0,98,122,0,122,220
06/09/2008,BKL,OH,AGL,CE,Federal Contract Tower,0,7,40,0,47,0,26,56,0,82,0,33,96,0,129,14,0,14,143
06/10/2008,BKL,OH,AGL,CE,Federal Contract Tower,0,36,43,0,79,0,29,22,1,52,0,65,65,1,131,4,0,4,135
06/11/2008,BKL,OH,AGL,CE,Federal Contract Tower,0,36,54,0,90,0,33,51,0,84,0,69,105,0,174,140,0,140,314
06/12/2008,BKL,OH,AGL,CE,Federal Contract Tower,0,47,46,0,93,0,21,56,0,77,0,68,102,0,170,76,0,76,246
06/13/2008,BKL,OH,AGL,CE,Federal Contract Tower,2,40,21,0,63,0,9,33,0,42,2,49,54,0,105,26,0,26,131
06/14/2008,BKL,OH,AGL,CE,Federal Contract Tower,1,12,29,1,43,0,17,20,0,37,1,29,49,1,80,96,0,96,176
06/15/2008,BKL,OH,AGL,CE,Federal Contract Tower,1,9,26,1,37,0,40,44,1,85,1,49,70,2,122,40,2,42,164
06/16/2008,BKL,OH,AGL,CE,Federal Contract Tower,0,8,27,2,37,0,20,56,17,93,0,28,83,19,130,8,0,8,138
06/17/2008,BKL,OH,AGL,CE,Federal Contract Tower,0,34,45,0,79,0,31,60,0,91,0,65,105,0,170,20,0,20,190
06/18/2008,BKL,OH,AGL,CE,Federal Contract Tower,0,37,45,0,82,0,44,45,6,95,0,81,90,6,177,78,0,78,255
06/19/2008,BKL,OH,AGL,CE,Federal Contract Tower,0,37,41,0,78,0,53,109,0,162,0,90,150,0,240,134,0,134,374
06/20/2008,BKL,OH,AGL,CE,Federal Contract Tower,9,37,38,0,84,0,63,98,0,161,9,100,136,0,245,144,0,144,389
06/21/2008,BKL,OH,AGL,CE,Federal Contract Tower,0,17,23,0,40,0,46,50,0,96,0,63,73,0,136,114,0,114,250
06/22/2008,BKL,OH,AGL,CE,Federal Contract Tower,0,5,14,0,19,0,13,40,0,53,0,18,54,0,72,44,0,44,116
06/23/2008,BKL,OH,AGL,CE,Federal Contract Tower,2,8,36,1,47,0,31,41,0,72,2,39,77,1,119,78,0,78,197
06/24/2008,BKL,OH,AGL,CE,Federal Contract Tower,0,36,46,5,87,0,38,94,0,132,0,74,140,5,219,120,0,120,339
06/25/2008,BKL,OH,AGL,CE,Federal Contract Tower,0,33,41,1,75,0,39,75,1,115,0,72,116,2,190,96,0,96,286
06/26/2008,BKL,OH,AGL,CE,Federal Contract Tower,1,36,35,0,72,0,36,55,0,91,1,72,90,0,163,172,0,172,335
06/27/2008,BKL,OH,AGL,CE,Federal Contract Tower,4,43,46,2,95,0,58,81,0,139,4,101,127,2,234,58,0,58,292
06/28/2008,BKL,OH,AGL,CE,Federal Contract Tower,1,10,27,0,38,0,31,31,0,62,1,41,58,0,100,50,0,50,150
06/29/2008,BKL,OH,AGL,CE,Federal Contract Tower,2,13,15,0,30,0,31,33,0,64,2,44,48,0,94,20,0,20,114
06/30/2008,BKL,OH,AGL,CE,Federal Contract Tower,0,12,19,0,31,0,25,3,0,28,0,37,22,0,59,2,0,2,61
07/01/2008,BKL,OH,AGL,CE,Federal Contract Tower,0,28,46,0,74,0,66,93,12,171,0,94,139,12,245,92,0,92,337
07/02/2008,BKL,OH,AGL,CE,Federal Contract Tower,1,35,38,0,74,0,46,87,0,133,1,81,125,0,207,114,0,114,321
07/03/2008,BKL,OH,AGL,CE,Federal Contract Tower,0,28,25,0,53,0,28,34,1,63,0,56,59,1,116,34,0,34,150
07/04/2008,BKL,OH,AGL,CE,Federal Contract Tower,0,19,16,0,35,0,29,61,0,90,0,48,77,0,125,26,0,26,151
07/05/2008,BKL,OH,AGL,CE,Federal Contract Tower,0,2,9,0,11,0,37,89,0,126,0,39,98,0,137,76,0,76,213
07/06/2008,BKL,OH,AGL,CE,Federal Contract Tower,0,4,18,0,22,0,24,83,0,107,0,28,101,0,129,142,0,142,271
07/07/2008,BKL,OH,AGL,CE,Federal Contract Tower,0,8,31,0,39,0,37,76,0,113,0,45,107,0,152,126,0,126,278
07/08/2008,BKL,OH,AGL,CE,Federal Contract Tower,0,29,50,0,79,0,43,60,0,103,0,72,110,0,182,16,0,16,198
07/09/2008,BKL,OH,AGL,CE,Federal Contract Tower,0,37,50,0,87,0,62,59,0,121,0,99,109,0,208,60,0,60,268
07/10/2008,BKL,OH,AGL,CE,Federal Contract Tower,2,39,43,0,84,0,44,76,2,122,2,83,119,2,206,100,0,100,306
07/11/2008,BKL,OH,AGL,CE,Federal Contract Tower,0,31,47,0,78,0,51,41,0,92,0,82,88,0,170,60,0,60,230
07/12/2008,BKL,OH,AGL,CE,Federal Contract Tower,0,16,22,0,38,0,57,52,0,109,0,73,74,0,147,54,0,54,201
07/13/2008,BKL,OH,AGL,CE,Federal Contract Tower,2,18,26,0,46,0,27,70,0,97,2,45,96,0,143,6,0,6,149
07/14/2008,BKL,OH,AGL,CE,Federal Contract Tower,0,12,25,0,37,0,91,76,0,167,0,103,101,0,204,188,2,190,394
07/15/2008,BKL,OH,AGL,CE,Federal Contract Tower,0,37,37,0,74,0,80,92,0,172,0,117,129,0,246,152,0,152,398
07/16/2008,BKL,OH,AGL,CE,Federal Contract Tower,0,36,61,0,97,0,82,113,0,195,0,118,174,0,292,166,2,168,460
07/17/2008,BKL,OH,AGL,CE,Federal Contract Tower,0,36,48,0,84,0,49,129,0,178,0,85,177,0,262,66,0,66,328
07/18/2008,BKL,OH,AGL,CE,Federal Contract Tower,0,39,45,2,86,0,77,106,0,183,0,116,151,2,269,146,0,146,415
07/19/2008,BKL,OH,AGL,CE,Federal Contract Tower,0,18,23,1,42,0,18,57,0,75,0,36,80,1,117,100,0,100,217
07/20/2008,BKL,OH,AGL,CE,Federal Contract Tower,0,6,15,1,22,0,11,22,0,33,0,17,37,1,55,18,0,18,73
07/21/2008,BKL,OH,AGL,CE,Federal Contract Tower,0,13,24,0,37,0,67,49,4,120,0,80,73,4,157,102,0,102,259
07/22/2008,BKL,OH,AGL,CE,Federal Contract Tower,0,33,29,4,66,0,70,59,0,129,0,103,88,4,195,90,0,90,285
07/23/2008,BKL,OH,AGL,CE,Federal Contract Tower,0,33,38,0,71,0,42,36,2,80,0,75,74,2,151,108,0,108,259
07/24/2008,BKL,OH,AGL,CE,Federal Contract Tower,0,30,53,5,88,0,47,76,0,123,0,77,129,5,211,84,2,86,297
07/25/2008,BKL,OH,AGL,CE,Federal Contract Tower,0,31,53,2,86,0,57,105,0,162,0,88,158,2,248,132,0,132,380
07/26/2008,BKL,OH,AGL,CE,Federal Contract Tower,0,12,22,1,35,0,41,59,0,100,0,53,81,1,135,64,0,64,199
07/27/2008,BKL,OH,AGL,CE,Federal Contract Tower,2,2,19,1,24,0,32,63,2,97,2,34,82,3,121,48,0,48,169
07/28/2008,BKL,OH,AGL,CE,Federal Contract Tower,0,8,23,2,33,0,74,62,4,140,0,82,85,6,173,40,0,40,213
07/29/2008,BKL,OH,AGL,CE,Federal Contract Tower,0,30,33,1,64,0,52,50,12,114,0,82,83,13,178,60,2,62,240
07/30/2008,BKL,OH,AGL,CE,Federal Contract Tower,0,31,54,0,85,0,47,61,0,108,0,78,115,0,193,70,0,70,263
07/31/2008,BKL,OH,AGL,CE,Federal Contract Tower,0,40,45,0,85,0,59,72,0,131,0,99,117,0,216,18,0,18,234
08/01/2008,BKL,OH,AGL,CE,Federal Contract Tower,0,38,28,0,66,0,44,64,0,108,0,82,92,0,174,46,0,46,220
08/02/2008,BKL,OH,AGL,CE,Federal Contract Tower,0,15,27,0,42,0,23,49,0,72,0,38,76,0,114,116,0,116,230
08/03/2008,BKL,OH,AGL,CE,Federal Contract Tower,0,11,30,1,42,4,58,43,0,105,4,69,73,1,147,140,0,140,287
08/04/2008,BKL,OH,AGL,CE,Federal Contract Tower,0,7,36,0,43,0,53,67,0,120,0,60,103,0,163,88,0,88,251
08/05/2008,BKL,OH,AGL,CE,Federal Contract Tower,0,44,45,0,89,0,65,68,0,133,0,109,113,0,222,102,0,102,324
08/06/2008,BKL,OH,AGL,CE,Federal Contract Tower,0,28,61,0,89,0,65,83,0,148,0,93,144,0,237,84,0,84,321
08/07/2008,BKL,OH,AGL,CE,Federal Contract Tower,0,37,57,0,94,0,48,48,0,96,0,85,105,0,190,10,0,10,200
08/08/2008,BKL,OH,AGL,CE,Federal Contract Tower,0,42,40,1,83,0,28,64,0,92,0,70,104,1,175,56,0,56,231
08/09/2008,BKL,OH,AGL,CE,Federal Contract Tower,0,18,25,0,43,0,44,66,0,110,0,62,91,0,153,156,0,156,309
08/10/2008,BKL,OH,AGL,CE,Federal Contract Tower,0,13,15,6,34,0,40,15,0,55,0,53,30,6,89,94,16,110,199
08/11/2008,BKL,OH,AGL,CE,Federal Contract Tower,0,8,23,1,32,0,53,55,0,108,0,61,78,1,140,62,0,62,202
08/12/2008,BKL,OH,AGL,CE,Federal Contract Tower,0,31,69,0,100,0,68,99,0,167,0,99,168,0,267,84,0,84,351
08/13/2008,BKL,OH,AGL,CE,Federal Contract Tower,0,33,63,0,96,0,60,90,0,150,0,93,153,0,246,142,0,142,388
08/14/2008,BKL,OH,AGL,CE,Federal Contract Tower,2,27,66,0,95,0,62,83,0,145,2,89,149,0,240,68,0,68,308
08/15/2008,BKL,OH,AGL,CE,Federal Contract Tower,0,34,44,0,78,0,47,77,0,124,0,81,121,0,202,92,0,92,294
08/16/2008,BKL,OH,AGL,CE,Federal Contract Tower,0,13,18,0,31,0,19,52,0,71,0,32,70,0,102,32,0,32,134
08/17/2008,BKL,OH,AGL,CE,Federal Contract Tower,2,7,12,0,21,0,34,55,0,89,2,41,67,0,110,50,0,50,160
08/18/2008,BKL,OH,AGL,CE,Federal Contract Tower,0,12,30,0,42,0,95,54,0,149,0,107,84,0,191,58,0,58,249
08/19/2008,BKL,OH,AGL,CE,Federal Contract Tower,4,37,45,0,86,0,106,56,0,162,4,143,101,0,248,34,0,34,282
08/20/2008,BKL,OH,AGL,CE,Federal Contract Tower,0,35,66,1,102,0,90,81,0,171,0,125,147,1,273,96,0,96,369
08/21/2008,BKL,OH,AGL,CE,Federal Contract Tower,0,32,64,2,98,0,45,75,0,120,0,77,139,2,218,34,0,34,252
08/22/2008,BKL,OH,AGL,CE,Federal Contract Tower,0,30,31,0,61,0,51,55,0,106,0,81,86,0,167,38,0,38,205
08/23/2008,BKL,OH,AGL,CE,Federal Contract Tower,0,15,28,0,43,0,50,41,0,91,0,65,69,0,134,38,0,38,172
08/24/2008,BKL,OH,AGL,CE,Federal Contract Tower,0,11,14,2,27,0,66,47,0,113,0,77,61,2,140,92,0,92,232
08/25/2008,BKL,OH,AGL,CE,Federal Contract Tower,0,10,40,3,53,0,57,59,3,119,0,67,99,6,172,6,0,6,178
08/26/2008,BKL,OH,AGL,CE,Federal Contract Tower,0,32,33,0,65,2,64,65,1,132,2,96,98,1,197,22,0,22,219
08/27/2008,BKL,OH,AGL,CE,Federal Contract Tower,1,34,40,15,90,0,43,78,5,126,1,77,118,20,216,28,8,36,252
08/28/2008,BKL,OH,AGL,CE,Federal Contract Tower,3,34,30,6,73,0,18,50,18,86,3,52,80,24,159,4,12,16,175
08/29/2008,BKL,OH,AGL,CE,Federal Contract Tower,4,10,29,25,68,0,15,56,17,88,4,25,85,42,156,24,14,38,194
08/30/2008,BKL,OH,AGL,CE,Federal Contract Tower,0,1,5,1,7,0,27,5,0,32,0,28,10,1,39,0,0,0,39
08/31/2008,BKL,OH,AGL,CE,Federal Contract Tower,0,1,1,0,2,0,37,4,0,41,0,38,5,0,43,0,0,0,43
09/01/2008,BKL,OH,AGL,CE,Federal Contract Tower,3,3,3,3,12,0,14,9,0,23,3,17,12,3,35,0,0,0,35
09/02/2008,BKL,OH,AGL,CE,Federal Contract Tower,1,4,25,24,54,0,35,64,12,111,1,39,89,36,165,20,14,34,199
09/03/2008,BKL,OH,AGL,CE,Federal Contract Tower,3,33,35,5,76,0,63,59,1,123,3,96,94,6,199,76,4,80,279
09/04/2008,BKL,OH,AGL,CE,Federal Contract Tower,0,33,52,4,89,0,50,54,1,105,0,83,106,5,194,26,2,28,222
09/05/2008,BKL,OH,AGL,CE,Federal Contract Tower,0,35,42,4,81,0,47,33,0,80,0,82,75,4,161,150,0,150,311
09/06/2008,BKL,OH,AGL,CE,Federal Contract Tower,1,16,29,1,47,0,25,35,11,71,1,41,64,12,118,46,36,82,200
09/07/2008,BKL,OH,AGL,CE,Federal Contract Tower,0,22,42,2,66,0,31,95,5,131,0,53,137,7,197,20,4,24,221
09/08/2008,BKL,OH,AGL,CE,Federal Contract Tower,0,11,50,2,63,0,58,94,2,154,0,69,144,4,217,92,0,92,309
09/09/2008,BKL,OH,AGL,CE,Federal Contract Tower,0,40,43,1,84,0,36,59,0,95,0,76,102,1,179,26,0,26,205
09/10/2008,BKL,OH,AGL,CE,Federal Contract Tower,0,35,50,2,87,0,57,102,10,169,0,92,152,12,256,92,0,92,348
09/11/2008,BKL,OH,AGL,CE,Federal Contract Tower,0,33,43,2,78,0,72,77,0,149,0,105,120,2,227,164,0,164,391
09/12/2008,BKL,OH,AGL,CE,Federal Contract Tower,0,39,43,1,83,0,19,6,0,25,0,58,49,1,108,0,0,0,108
09/13/2008,BKL,OH,AGL,CE,Federal Contract Tower,0,12,23,0,35,0,24,15,0,39,0,36,38,0,74,0,0,0,74
09/14/2008,BKL,OH,AGL,CE,Federal Contract Tower,0,7,15,1,23,0,12,29,2,43,0,19,44,3,66,0,0,0,66
09/15/2008,BKL,OH,AGL,CE,Federal Contract Tower,0,15,59,2,76,0,71,56,2,129,0,86,115,4,205,42,0,42,247
09/16/2008,BKL,OH,AGL,CE,Federal Contract Tower,1,29,70,0,100,0,70,66,0,136,1,99,136,0,236,64,0,64,300
09/17/2008,BKL,OH,AGL,CE,Federal Contract Tower,1,42,51,0,94,0,67,97,0,164,1,109,148,0,258,124,0,124,382
09/18/2008,BKL,OH,AGL,CE,Federal Contract Tower,1,30,33,2,66,0,30,72,2,104,1,60,105,4,170,12,8,20,190
09/19/2008,BKL,OH,AGL,CE,Federal Contract Tower,1,32,47,0,80,0,61,102,2,165,1,93,149,2,245,112,0,112,357
09/20/2008,BKL,OH,AGL,CE,Federal Contract Tower,0,9,28,0,37,0,18,59,0,77,0,27,87,0,114,30,0,30,144
09/21/2008,BKL,OH,AGL,CE,Federal Contract Tower,1,9,9,2,21,0,23,55,0,78,1,32,64,2,99,38,0,38,137
09/22/2008,BKL,OH,AGL,CE,Federal Contract Tower,0,14,26,2,42,0,34,61,0,95,0,48,87,2,137,68,0,68,205
09/23/2008,BKL,OH,AGL,CE,Federal Contract Tower,0,31,33,0,64,0,70,104,0,174,0,101,137,0,238,186,0,186,424
09/24/2008,BKL,OH,AGL,CE,Federal Contract Tower,0,35,47,2,84,0,65,67,2,134,0,100,114,4,218,62,2,64,282
09/25/2008,BKL,OH,AGL,CE,Federal Contract Tower,0,29,51,0,80,0,64,62,0,126,0,93,113,0,206,92,0,92,298
09/26/2008,BKL,OH,AGL,CE,Federal Contract Tower,0,29,32,0,61,0,99,61,15,175,0,128,93,15,236,74,0,74,310
09/27/2008,BKL,OH,AGL,CE,Federal Contract Tower,0,18,32,0,50,0,16,20,18,54,0,34,52,18,104,52,0,52,156
09/28/2008,BKL,OH,AGL,CE,Federal Contract Tower,0,7,15,0,22,0,25,28,12,65,0,32,43,12,87,0,0,0,87
09/29/2008,BKL,OH,AGL,CE,Federal Contract Tower,0,6,23,1,30,0,35,35,1,71,0,41,58,2,101,68,0,68,169
09/30/2008,BKL,OH,AGL,CE,Federal Contract Tower,0,38,52,1,91,0,37,25,0,62,0,75,77,1,153,14,0,14,167
10/01/2008,BKL,OH,AGL,CE,Federal Contract Tower,0,37,50,0,87,0,47,36,0,83,0,84,86,0,170,12,0,12,182
10/02/2008,BKL,OH,AGL,CE,Federal Contract Tower,0,25,52,0,77,0,33,47,1,81,0,58,99,1,158,2,0,2,160
10/03/2008,BKL,OH,AGL,CE,Federal Contract Tower,0,38,30,0,68,0,44,63,0,107,0,82,93,0,175,44,0,44,219
10/04/2008,BKL,OH,AGL,CE,Federal Contract Tower,0,14,13,0,27,0,22,61,2,85,0,36,74,2,112,60,2,62,174
10/05/2008,BKL,OH,AGL,CE,Federal Contract Tower,0,7,23,2,32,0,35,42,0,77,0,42,65,2,109,82,0,82,191
10/06/2008,BKL,OH,AGL,CE,Federal Contract Tower,1,16,34,0,51,0,42,55,0,97,1,58,89,0,148,20,0,20,168
10/07/2008,BKL,OH,AGL,CE,Federal Contract Tower,0,35,46,2,83,0,44,78,0,122,0,79,124,2,205,68,0,68,273
10/08/2008,BKL,OH,AGL,CE,Federal Contract Tower,1,34,45,2,82,1,48,53,0,102,2,82,98,2,184,32,0,32,216
10/09/2008,BKL,OH,AGL,CE,Federal Contract Tower,0,31,42,4,77,0,51,69,1,121,0,82,111,5,198,40,0,40,238
10/10/2008,BKL,OH,AGL,CE,Federal Contract Tower,0,29,36,0,65,0,41,76,0,117,0,70,112,0,182,28,0,28,210
10/11/2008,BKL,OH,AGL,CE,Federal Contract Tower,0,13,19,2,34,0,32,70,0,102,0,45,89,2,136,78,0,78,214
10/12/2008,BKL,OH,AGL,CE,Federal Contract Tower,0,1,19,0,20,0,57,126,0,183,0,58,145,0,203,100,0,100,303
10/13/2008,BKL,OH,AGL,CE,Federal Contract Tower,0,23,45,0,68,0,59,68,2,129,0,82,113,2,197,62,0,62,259
10/14/2008,BKL,OH,AGL,CE,Federal Contract Tower,0,13,52,0,65,0,97,102,0,199,0,110,154,0,264,64,0,64,328
10/15/2008,BKL,OH,AGL,CE,Federal Contract Tower,0,34,54,0,88,0,121,59,0,180,0,155,113,0,268,44,0,44,312
10/16/2008,BKL,OH,AGL,CE,Federal Contract Tower,0,27,32,0,59,0,26,38,0,64,0,53,70,0,123,0,0,0,123
10/17/2008,BKL,OH,AGL,CE,Federal Contract Tower,0,38,52,2,92,0,35,86,0,121,0,73,138,2,213,70,0,70,283
10/18/2008,BKL,OH,AGL,CE,Federal Contract Tower,0,11,11,0,22,0,20,59,2,81,0,31,70,2,103,72,0,72,175
10/19/2008,BKL,OH,AGL,CE,Federal Contract Tower,0,7,25,0,32,0,66,66,2,134,0,73,91,2,166,30,0,30,196
10/20/2008,BKL,OH,AGL,CE,Federal Contract Tower,0,14,24,0,38,0,30,47,0,77,0,44,71,0,115,32,0,32,147
10/21/2008,BKL,OH,AGL,CE,Federal Contract Tower,0,54,52,0,106,0,63,42,0,105,0,117,94,0,211,2,0,2,213
10/22/2008,BKL,OH,AGL,CE,Federal Contract Tower,0,49,55,0,104,0,32,65,2,99,0,81,120,2,203,36,0,36,239
10/23/2008,BKL,OH,AGL,CE,Federal Contract Tower,0,39,33,0,72,0,44,63,0,107,0,83,96,0,179,14,0,14,193
10/24/2008,BKL,OH,AGL,CE,Federal Contract Tower,0,36,40,3,79,0,22,36,7,65,0,58,76,10,144,14,2,16,160
10/25/2008,BKL,OH,AGL,CE,Federal Contract Tower,0,17,19,0,36,0,31,11,1,43,0,48,30,1,79,62,0,62,141
10/26/2008,BKL,OH,AGL,CE,Federal Contract Tower,0,7,18,1,26,0,26,11,1,38,0,33,29,2,64,58,0,58,122
10/27/2008,BKL,OH,AGL,CE,Federal Contract Tower,2,10,29,0,41,0,58,6,0,64,2,68,35,0,105,2,0,2,107
10/28/2008,BKL,OH,AGL,CE,Federal Contract Tower,0,40,29,2,71,0,57,13,0,70,0,97,42,2,141,38,0,38,179
10/29/2008,BKL,OH,AGL,CE,Federal Contract Tower,0,43,25,0,68,0,27,11,0,38,0,70,36,0,106,12,0,12,118
10/30/2008,BKL,OH,AGL,CE,Federal Contract Tower,0,34,42,0,76,0,46,68,0,114,0,80,110,0,190,92,0,92,282
10/31/2008,BKL,OH,AGL,CE,Federal Contract Tower,0,34,43,2,79,0,26,54,0,80,0,60,97,2,159,50,2,52,211
11/01/2008,BKL,OH,AGL,CE,Federal Contract Tower,0,13,23,0,36,0,26,51,0,77,0,39,74,0,113,140,6,146,259
11/02/2008,BKL,OH,AGL,CE,Federal Contract Tower,1,12,35,1,49,0,14,72,1,87,1,26,107,2,136,0,4,4,140
11/03/2008,BKL,OH,AGL,CE,Federal Contract Tower,3,12,22,2,39,0,49,31,2,82,3,61,53,4,121,0,2,2,123
11/04/2008,BKL,OH,AGL,CE,Federal Contract Tower,0,40,29,0,69,0,55,53,0,108,0,95,82,0,177,72,8,80,257
11/05/2008,BKL,OH,AGL,CE,Federal Contract Tower,0,49,58,0,107,0,69,115,0,184,0,118,173,0,291,134,0,134,425
11/06/2008,BKL,OH,AGL,CE,Federal Contract Tower,0,40,48,0,88,0,92,69,0,161,0,132,117,0,249,74,0,74,323
11/07/2008,BKL,OH,AGL,CE,Federal Contract Tower,0,45,50,0,95,0,48,28,0,76,0,93,78,0,171,12,0,12,183
11/08/2008,BKL,OH,AGL,CE,Federal Contract Tower,0,17,19,0,36,0,24,26,1,51,0,41,45,1,87,24,0,24,111
11/09/2008,BKL,OH,AGL,CE,Federal Contract Tower,0,5,5,0,10,0,29,3,0,32,0,34,8,0,42,0,0,0,42
11/10/2008,BKL,OH,AGL,CE,Federal Contract Tower,1,15,27,0,43,0,41,15,0,56,1,56,42,0,99,0,0,0,99
11/11/2008,BKL,OH,AGL,CE,Federal Contract Tower,0,36,44,0,80,0,59,36,0,95,0,95,80,0,175,62,0,62,237
11/12/2008,BKL,OH,AGL,CE,Federal Contract Tower,3,21,40,0,64,0,97,78,0,175,3,118,118,0,239,94,0,94,333
11/13/2008,BKL,OH,AGL,CE,Federal Contract Tower,0,28,38,0,66,0,62,7,0,69,0,90,45,0,135,4,0,4,139
11/14/2008,BKL,OH,AGL,CE,Federal Contract Tower,2,33,39,1,75,0,53,23,7,83,2,86,62,8,158,28,0,28,186
11/15/2008,BKL,OH,AGL,CE,Federal Contract Tower,0,12,21,0,33,0,7,8,0,15,0,19,29,0,48,6,0,6,54
11/16/2008,BKL,OH,AGL,CE,Federal Contract Tower,1,9,10,0,20,0,10,2,0,12,1,19,12,0,32,0,0,0,32
11/17/2008,BKL,OH,AGL,CE,Federal Contract Tower,0,9,18,0,27,0,13,8,0,21,0,22,26,0,48,26,0,26,74
11/18/2008,BKL,OH,AGL,CE,Federal Contract Tower,0,38,42,0,80,0,56,16,0,72,0,94,58,0,152,16,0,16,168
11/19/2008,BKL,OH,AGL,CE,Federal Contract Tower,0,37,29,0,66,0,47,26,2,75,0,84,55,2,141,30,0,30,171
11/20/2008,BKL,OH,AGL,CE,Federal Contract Tower,0,38,35,0,73,0,35,5,0,40,0,73,40,0,113,2,0,2,115
11/21/2008,BKL,OH,AGL,CE,Federal Contract Tower,0,33,23,0,56,0,18,2,4,24,0,51,25,4,80,0,0,0,80
11/22/2008,BKL,OH,AGL,CE,Federal Contract Tower,0,14,25,0,39,0,37,13,0,50,0,51,38,0,89,40,0,40,129
11/23/2008,BKL,OH,AGL,CE,Federal Contract Tower,0,0,21,0,21,0,14,75,0,89,0,14,96,0,110,12,0,12,122
11/24/2008,BKL,OH,AGL,CE,Federal Contract Tower,0,11,22,0,33,0,40,6,0,46,0,51,28,0,79,6,0,6,85
11/25/2008,BKL,OH,AGL,CE,Federal Contract Tower,0,41,30,0,71,0,26,0,0,26,0,67,30,0,97,0,0,0,97
11/26/2008,BKL,OH,AGL,CE,Federal Contract Tower,0,42,29,0,71,0,42,15,12,69,0,84,44,12,140,12,0,12,152
11/27/2008,BKL,OH,AGL,CE,Federal Contract Tower,0,26,12,0,38,0,39,3,0,42,0,65,15,0,80,22,2,24,104
11/28/2008,BKL,OH,AGL,CE,Federal Contract Tower,0,8,16,0,24,0,46,28,0,74,0,54,44,0,98,30,0,30,128
11/29/2008,BKL,OH,AGL,CE,Federal Contract Tower,0,12,18,0,30,0,23,49,0,72,0,35,67,0,102,116,0,116,218
11/30/2008,BKL,OH,AGL,CE,Federal Contract Tower,0,8,15,0,23,0,12,6,0,18,0,20,21,0,41,0,0,0,41
12/01/2008,BKL,OH,AGL,CE,Federal Contract Tower,0,16,11,0,27,0,8,5,0,13,0,24,16,0,40,8,0,8,48
12/02/2008,BKL,OH,AGL,CE,Federal Contract Tower,0,33,29,0,62,0,42,19,1,62,0,75,48,1,124,0,0,0,124
12/03/2008,BKL,OH,AGL,CE,Federal Contract Tower,0,31,28,0,59,0,65,37,0,102,0,96,65,0,161,16,0,16,177
12/04/2008,BKL,OH,AGL,CE,Federal Contract Tower,0,40,39,0,79,0,42,11,2,55,0,82,50,2,134,0,0,0,134
12/05/2008,BKL,OH,AGL,CE,Federal Contract Tower,0,35,40,0,75,0,59,17,0,76,0,94,57,0,151,52,0,52,203
12/06/2008,BKL,OH,AGL,CE,Federal Contract Tower,0,7,14,0,21,0,32,2,0,34,0,39,16,0,55,8,0,8,63
12/07/2008,BKL,OH,AGL,CE,Federal Contract Tower,0,8,12,0,20,0,1,0,0,1,0,9,12,0,21,0,0,0,21
12/08/2008,BKL,OH,AGL,CE,Federal Contract Tower,2,12,16,0,30,0,27,12,0,39,2,39,28,0,69,0,0,0,69
12/09/2008,BKL,OH,AGL,CE,Federal Contract Tower,1,35,32,0,68,0,13,5,0,18,1,48,37,0,86,0,0,0,86
12/10/2008,BKL,OH,AGL,CE,Federal Contract Tower,1,38,36,0,75,0,24,4,0,28,1,62,40,0,103,36,0,36,139
12/11/2008,BKL,OH,AGL,CE,Federal Contract Tower,0,43,36,0,79,0,45,35,2,82,0,88,71,2,161,160,0,160,321
12/12/2008,BKL,OH,AGL,CE,Federal Contract Tower,0,48,27,0,75,0,41,12,0,53,0,89,39,0,128,4,0,4,132
12/13/2008,BKL,OH,AGL,CE,Federal Contract Tower,0,11,17,2,30,0,50,28,4,82,0,61,45,6,112,104,4,108,220
12/14/2008,BKL,OH,AGL,CE,Federal Contract Tower,0,8,12,0,20,0,25,15,0,40,0,33,27,0,60,4,0,4,64
12/15/2008,BKL,OH,AGL,CE,Federal Contract Tower,0,11,19,0,30,0,15,1,0,16,0,26,20,0,46,2,0,2,48
12/16/2008,BKL,OH,AGL,CE,Federal Contract Tower,0,39,40,0,79,0,17,13,0,30,0,56,53,0,109,12,0,12,121
12/17/2008,BKL,OH,AGL,CE,Federal Contract Tower,0,39,36,0,75,0,5,1,0,6,0,44,37,0,81,0,0,0,81
12/18/2008,BKL,OH,AGL,CE,Federal Contract Tower,0,32,30,0,62,0,48,14,0,62,0,80,44,0,124,42,0,42,166
12/19/2008,BKL,OH,AGL,CE,Federal Contract Tower,0,34,19,0,53,0,27,4,0,31,0,61,23,0,84,0,0,0,84
12/20/2008,BKL,OH,AGL,CE,Federal Contract Tower,3,17,7,0,27,0,58,0,0,58,3,75,7,0,85,46,0,46,131
12/21/2008,BKL,OH,AGL,CE,Federal Contract Tower,0,5,7,0,12,0,16,3,0,19,0,21,10,0,31,4,0,4,35
12/22/2008,BKL,OH,AGL,CE,Federal Contract Tower,0,7,14,2,23,0,11,5,0,16,0,18,19,2,39,10,0,10,49
12/23/2008,BKL,OH,AGL,CE,Federal Contract Tower,0,33,26,0,59,0,22,15,0,37,0,55,41,0,96,14,4,18,114
12/24/2008,BKL,OH,AGL,CE,Federal Contract Tower,0,28,17,0,45,0,9,5,0,14,0,37,22,0,59,0,0,0,59
12/25/2008,BKL,OH,AGL,CE,Federal Contract Tower,0,17,7,0,24,0,24,0,0,24,0,41,7,0,48,0,0,0,48
12/26/2008,BKL,OH,AGL,CE,Federal Contract Tower,0,14,9,0,23,0,29,21,0,50,0,43,30,0,73,18,0,18,91
12/27/2008,BKL,OH,AGL,CE,Federal Contract Tower,1,11,11,0,23,0,36,1,0,37,1,47,12,0,60,0,0,0,60
12/28/2008,BKL,OH,AGL,CE,Federal Contract Tower,1,8,5,0,14,0,39,4,0,43,1,47,9,0,57,16,0,16,73
12/29/2008,BKL,OH,AGL,CE,Federal Contract Tower,2,7,13,0,22,0,26,26,0,52,2,33,39,0,74,34,2,36,110
12/30/2008,BKL,OH,AGL,CE,Federal Contract Tower,0,22,29,0,51,0,20,52,0,72,0,42,81,0,123,122,0,122,245
12/31/2008,BKL,OH,AGL,CE,Federal Contract Tower,0,30,10,0,40,0,25,2,0,27,0,55,12,0,67,44,0,44,111
01/01/2009,BKL,OH,AGL,CE,Federal Contract Tower,0,22,6,0,28,0,21,27,0,48,0,43,33,0,76,14,0,14,90
01/02/2009,BKL,OH,AGL,CE,Federal Contract Tower,0,6,8,0,14,0,22,17,0,39,0,28,25,0,53,20,0,20,73
01/03/2009,BKL,OH,AGL,CE,Federal Contract Tower,0,8,11,0,19,0,43,26,0,69,0,51,37,0,88,76,0,76,164
01/04/2009,BKL,OH,AGL,CE,Federal Contract Tower,0,4,6,0,10,0,20,0,0,20,0,24,6,0,30,18,0,18,48
01/05/2009,BKL,OH,AGL,CE,Federal Contract Tower,0,9,19,0,28,0,33,40,0,73,0,42,59,0,101,90,0,90,191
01/06/2009,BKL,OH,AGL,CE,Federal Contract Tower,0,33,29,0,62,0,43,16,0,59,0,76,45,0,121,44,0,44,165
01/07/2009,BKL,OH,AGL,CE,Federal Contract Tower,0,33,23,0,56,0,3,0,0,3,0,36,23,0,59,0,0,0,59
01/08/2009,BKL,OH,AGL,CE,Federal Contract Tower,2,21,29,0,52,0,19,3,0,22,2,40,32,0,74,0,0,0,74
01/09/2009,BKL,OH,AGL,CE,Federal Contract Tower,2,33,18,0,53,0,24,0,0,24,2,57,18,0,77,6,0,6,83
01/10/2009,BKL,OH,AGL,CE,Federal Contract Tower,1,6,7,0,14,0,1,0,0,1,1,7,7,0,15,0,0,0,15
01/11/2009,BKL,OH,AGL,CE,Federal Contract Tower,0,7,13,0,20,0,10,1,0,11,0,17,14,0,31,0,0,0,31
01/12/2009,BKL,OH,AGL,CE,Federal Contract Tower,0,4,10,0,14,0,36,5,4,45,0,40,15,4,59,70,0,70,129
01/13/2009,BKL,OH,AGL,CE,Federal Contract Tower,0,31,24,0,55,0,28,4,0,32,0,59,28,0,87,0,0,0,87
01/14/2009,BKL,OH,AGL,CE,Federal Contract Tower,0,25,18,0,43,0,18,1,0,19,0,43,19,0,62,0,0,0,62
01/15/2009,BKL,OH,AGL,CE,Federal Contract Tower,0,21,36,0,57,0,26,12,0,38,0,47,48,0,95,0,0,0,95
01/16/2009,BKL,OH,AGL,CE,Federal Contract Tower,0,34,20,0,54,0,20,4,6,30,0,54,24,6,84,0,0,0,84
01/17/2009,BKL,OH,AGL,CE,Federal Contract Tower,0,8,12,0,20,0,10,0,0,10,0,18,12,0,30,0,0,0,30
01/18/2009,BKL,OH,AGL,CE,Federal Contract Tower,0,8,3,1,12,0,5,2,0,7,0,13,5,1,19,0,0,0,19
01/19/2009,BKL,OH,AGL,CE,Federal Contract Tower,0,12,12,6,30,0,17,1,0,18,0,29,13,6,48,6,0,6,54
01/20/2009,BKL,OH,AGL,CE,Federal Contract Tower,0,8,15,2,25,1,33,4,0,38,1,41,19,2,63,0,2,2,65
01/21/2009,BKL,OH,AGL,CE,Federal Contract Tower,0,36,34,0,70,0,30,12,0,42,0,66,46,0,112,38,0,38,150
01/22/2009,BKL,OH,AGL,CE,Federal Contract Tower,0,28,25,0,53,0,35,24,0,59,0,63,49,0,112,80,0,80,192
01/23/2009,BKL,OH,AGL,CE,Federal Contract Tower,0,24,24,0,48,0,36,17,0,53,0,60,41,0,101,6,0,6,107
01/24/2009,BKL,OH,AGL,CE,Federal Contract Tower,0,7,21,0,28,0,22,24,0,46,0,29,45,0,74,24,0,24,98
01/25/2009,BKL,OH,AGL,CE,Federal Contract Tower,0,6,16,0,22,0,9,25,0,34,0,15,41,0,56,6,0,6,62
01/26/2009,BKL,OH,AGL,CE,Federal Contract Tower,1,13,17,0,31,0,40,27,0,67,1,53,44,0,98,78,0,78,176
01/27/2009,BKL,OH,AGL,CE,Federal Contract Tower,1,29,44,0,74,0,51,14,0,65,1,80,58,0,139,42,0,42,181
01/28/2009,BKL,OH,AGL,CE,Federal Contract Tower,2,26,21,0,49,0,5,0,0,5,2,31,21,0,54,0,0,0,54
01/29/2009,BKL,OH,AGL,CE,Federal Contract Tower,0,24,34,0,58,0,48,11,0,59,0,72,45,0,117,0,0,0,117
01/30/2009,BKL,OH,AGL,CE,Federal Contract Tower,0,31,20,0,51,0,33,5,0,38,0,64,25,0,89,24,0,24,113
01/31/2009,BKL,OH,AGL,CE,Federal Contract Tower,0,11,13,1,25,0,13,24,0,37,0,24,37,1,62,14,2,16,78
02/01/2009,BKL,OH,AGL,CE,Federal Contract Tower,0,2,16,1,19,0,45,37,0,82,0,47,53,1,101,108,0,108,209
02/02/2009,BKL,OH,AGL,CE,Federal Contract Tower,1,8,20,0,29,0,28,28,0,56,1,36,48,0,85,24,0,24,109
02/03/2009,BKL,OH,AGL,CE,Federal Contract Tower,0,37,37,0,74,0,47,20,0,67,0,84,57,0,141,20,0,20,161
02/04/2009,BKL,OH,AGL,CE,Federal Contract Tower,1,26,27,0,54,0,9,2,0,11,1,35,29,0,65,40,0,40,105
02/05/2009,BKL,OH,AGL,CE,Federal Contract Tower,0,24,29,0,53,0,15,11,0,26,0,39,40,0,79,6,0,6,85
02/06/2009,BKL,OH,AGL,CE,Federal Contract Tower,0,29,37,2,68,0,18,43,0,61,0,47,80,2,129,64,0,64,193
02/07/2009,BKL,OH,AGL,CE,Federal Contract Tower,0,8,17,0,25,0,13,8,0,21,0,21,25,0,46,0,0,0,46
02/08/2009,BKL,OH,AGL,CE,Federal Contract Tower,0,5,31,0,36,0,27,31,0,58,0,32,62,0,94,134,0,134,228
02/09/2009,BKL,OH,AGL,CE,Federal Contract Tower,0,15,29,0,44,0,25,14,0,39,0,40,43,0,83,18,0,18,101
02/10/2009,BKL,OH,AGL,CE,Federal Contract Tower,1,32,39,0,72,0,36,17,0,53,1,68,56,0,125,0,0,0,125
02/11/2009,BKL,OH,AGL,CE,Federal Contract Tower,0,32,29,0,61,0,40,11,0,51,0,72,40,0,112,6,0,6,118
02/12/2009,BKL,OH,AGL,CE,Federal Contract Tower,2,30,33,0,65,0,20,5,0,25,2,50,38,0,90,0,0,0,90
02/13/2009,BKL,OH,AGL,CE,Federal Contract Tower,0,37,28,0,65,0,20,13,3,36,0,57,41,3,101,6,0,6,107
02/14/2009,BKL,OH,AGL,CE,Federal Contract Tower,0,20,14,0,34,0,2,9,0,11,0,22,23,0,45,0,0,0,45
02/15/2009,BKL,OH,AGL,CE,Federal Contract Tower,0,1,11,0,12,0,14,5,0,19,0,15,16,0,31,8,0,8,39
02/16/2009,BKL,OH,AGL,CE,Federal Contract Tower,0,11,15,0,26,0,32,29,0,61,0,43,44,0,87,38,0,38,125
02/17/2009,BKL,OH,AGL,CE,Federal Contract Tower,0,19,23,0,42,0,51,31,0,82,0,70,54,0,124,0,0,0,124
02/18/2009,BKL,OH,AGL,CE,Federal Contract Tower,0,34,31,0,65,0,40,9,0,49,0,74,40,0,114,0,0,0,114
02/19/2009,BKL,OH,AGL,CE,Federal Contract Tower,0,29,30,0,59,0,4,0,0,4,0,33,30,0,63,0,0,0,63
02/20/2009,BKL,OH,AGL,CE,Federal Contract Tower,0,27,25,0,52,0,16,6,0,22,0,43,31,0,74,2,0,2,76
02/21/2009,BKL,OH,AGL,CE,Federal Contract Tower,1,9,15,0,25,0,16,22,0,38,1,25,37,0,63,34,0,34,97
02/22/2009,BKL,OH,AGL,CE,Federal Contract Tower,0,9,17,0,26,0,0,0,0,0,0,9,17,0,26,0,0,0,26
02/23/2009,BKL,OH,AGL,CE,Federal Contract Tower,1,13,36,0,50,0,19,23,0,42,1,32,59,0,92,14,0,14,106
02/24/2009,BKL,OH,AGL,CE,Federal Contract Tower,0,29,48,0,77,0,42,34,0,76,0,71,82,0,153,42,0,42,195
02/25/2009,BKL,OH,AGL,CE,Federal Contract Tower,0,31,50,0,81,0,48,49,0,97,0,79,99,0,178,70,0,70,248
02/26/2009,BKL,OH,AGL,CE,Federal Contract Tower,0,25,21,0,46,0,24,12,2,38,0,49,33,2,84,12,0,12,96
02/27/2009,BKL,OH,AGL,CE,Federal Contract Tower,0,32,23,0,55,0,18,12,0,30,0,50,35,0,85,0,0,0,85
02/28/2009,BKL,OH,AGL,CE,Federal Contract Tower,0,14,22,0,36,0,16,11,0,27,0,30,33,0,63,10,0,10,73
03/01/2009,BKL,OH,AGL,CE,Federal Contract Tower,0,4,10,0,14,0,26,11,0,37,0,30,21,0,51,0,0,0,51
03/02/2009,BKL,OH,AGL,CE,Federal Contract Tower,2,10,18,0,30,0,15,6,0,21,2,25,24,0,51,2,0,2,53
03/03/2009,BKL,OH,AGL,CE,Federal Contract Tower,0,33,29,0,62,0,40,16,0,56,0,73,45,0,118,34,0,34,152
03/04/2009,BKL,OH,AGL,CE,Federal Contract Tower,1,32,27,0,60,0,43,55,0,98,1,75,82,0,158,90,0,90,248
03/05/2009,BKL,OH,AGL,CE,Federal Contract Tower,1,30,33,0,64,0,47,39,0,86,1,77,72,0,150,52,0,52,202
03/06/2009,BKL,OH,AGL,CE,Federal Contract Tower,0,34,31,0,65,0,25,27,0,52,0,59,58,0,117,0,0,0,117
03/07/2009,BKL,OH,AGL,CE,Federal Contract Tower,0,10,17,0,27,0,22,26,0,48,0,32,43,0,75,54,0,54,129
03/08/2009,BKL,OH,AGL,CE,Federal Contract Tower,0,9,11,0,20,0,1,4,0,5,0,10,15,0,25,0,0,0,25
03/09/2009,BKL,OH,AGL,CE,Federal Contract Tower,0,4,22,0,26,0,21,8,1,30,0,25,30,1,56,28,2,30,86
03/10/2009,BKL,OH,AGL,CE,Federal Contract Tower,0,32,32,0,64,0,31,19,0,50,0,63,51,0,114,8,0,8,122
03/11/2009,BKL,OH,AGL,CE,Federal Contract Tower,0,29,32,0,61,0,58,14,0,72,0,87,46,0,133,0,0,0,133
03/12/2009,BKL,OH,AGL,CE,Federal Contract Tower,0,26,37,0,63,0,69,20,0,89,0,95,57,0,152,24,0,24,176
03/13/2009,BKL,OH,AGL,CE,Federal Contract Tower,0,34,40,0,74,0,56,58,0,114,0,90,98,0,188,84,0,84,272
03/14/2009,BKL,OH,AGL,CE,Federal Contract Tower,0,6,19,0,25,0,27,68,0,95,0,33,87,0,120,50,0,50,170
03/15/2009,BKL,OH,AGL,CE,Federal Contract Tower,0,6,13,0,19,0,34,58,0,92,0,40,71,0,111,146,0,146,257
03/16/2009,BKL,OH,AGL,CE,Federal Contract Tower,0,6,19,0,25,0,20,33,0,53,0,26,52,0,78,120,0,120,198
03/17/2009,BKL,OH,AGL,CE,Federal Contract Tower,0,29,40,0,69,0,47,46,0,93,0,76,86,0,162,38,0,38,200
03/18/2009,BKL,OH,AGL,CE,Federal Contract Tower,0,30,47,0,77,0,39,22,0,61,0,69,69,0,138,10,0,10,148
03/19/2009,BKL,OH,AGL,CE,Federal Contract Tower,1,29,38,0,68,0,44,25,0,69,1,73,63,0,137,28,0,28,165
03/20/2009,BKL,OH,AGL,CE,Federal Contract Tower,1,30,27,0,58,0,53,34,0,87,1,83,61,0,145,8,0,8,153
03/21/2009,BKL,OH,AGL,CE,Federal Contract Tower,0,10,10,0,20,0,27,61,0,88,0,37,71,0,108,58,0,58,166
03/22/2009,BKL,OH,AGL,CE,Federal Contract Tower,0,9,26,0,35,0,44,49,0,93,0,53,75,0,128,112,0,112,240
03/23/2009,BKL,OH,AGL,CE,Federal Contract Tower,0,10,36,0,46,0,55,45,0,100,0,65,81,0,146,68,0,68,214
03/24/2009,BKL,OH,AGL,CE,Federal Contract Tower,0,29,24,0,53,0,44,41,0,85,0,73,65,0,138,56,0,56,194
03/25/2009,BKL,OH,AGL,CE,Federal Contract Tower,0,23,35,0,58,0,35,4,0,39,0,58,39,0,97,12,0,12,109
03/26/2009,BKL,OH,AGL,CE,Federal Contract Tower,0,29,40,1,70,0,37,6,0,43,0,66,46,1,113,10,0,10,123
03/27/2009,BKL,OH,AGL,CE,Federal Contract Tower,0,29,32,0,61,0,49,33,0,82,0,78,65,0,143,90,0,90,233
03/28/2009,BKL,OH,AGL,CE,Federal Contract Tower,0,9,23,0,32,0,28,26,0,54,0,37,49,0,86,36,0,36,122
03/29/2009,BKL,OH,AGL,CE,Federal Contract Tower,1,8,11,0,20,0,22,5,0,27,1,30,16,0,47,0,0,0,47
03/30/2009,BKL,OH,AGL,CE,Federal Contract Tower,1,15,18,0,34,0,17,14,0,31,1,32,32,0,65,84,0,84,149
03/31/2009,BKL,OH,AGL,CE,Federal Contract Tower,0,31,29,0,60,0,22,39,0,61,0,53,68,0,121,36,0,36,157
04/01/2009,BKL,OH,AGL,CE,Federal Contract Tower,1,32,33,0,66,0,28,33,0,61,1,60,66,0,127,40,0,40,167
04/02/2009,BKL,OH,AGL,CE,Federal Contract Tower,0,17,25,3,45,0,59,57,0,116,0,76,82,3,161,10,0,10,171
04/03/2009,BKL,OH,AGL,CE,Federal Contract Tower,0,29,24,0,53,0,29,18,0,47,0,58,42,0,100,0,0,0,100
04/04/2009,BKL,OH,AGL,CE,Federal Contract Tower,0,14,25,0,39,0,32,4,0,36,0,46,29,0,75,0,0,0,75
04/05/2009,BKL,OH,AGL,CE,Federal Contract Tower,0,15,32,0,47,0,35,75,0,110,0,50,107,0,157,118,0,118,275
04/06/2009,BKL,OH,AGL,CE,Federal Contract Tower,0,7,20,0,27,0,10,0,0,10,0,17,20,0,37,0,0,0,37
04/07/2009,BKL,OH,AGL,CE,Federal Contract Tower,0,40,33,0,73,0,23,1,0,24,0,63,34,0,97,0,0,0,97
04/08/2009,BKL,OH,AGL,CE,Federal Contract Tower,0,31,30,2,63,0,23,32,0,55,0,54,62,2,118,22,2,24,142
04/09/2009,BKL,OH,AGL,CE,Federal Contract Tower,1,33,39,0,73,0,28,49,0,77,1,61,88,0,150,48,0,48,198
04/10/2009,BKL,OH,AGL,CE,Federal Contract Tower,1,29,23,2,55,0,22,23,0,45,1,51,46,2,100,54,0,54,154
04/11/2009,BKL,OH,AGL,CE,Federal Contract Tower,2,10,13,0,25,0,30,24,0,54,2,40,37,0,79,16,0,16,95
04/12/2009,BKL,OH,AGL,CE,Federal Contract Tower,3,2,19,0,24,0,24,45,0,69,3,26,64,0,93,36,0,36,129
04/13/2009,BKL,OH,AGL,CE,Federal Contract Tower,0,10,25,2,37,0,27,25,0,52,0,37,50,2,89,10,0,10,99
04/14/2009,BKL,OH,AGL,CE,Federal Contract Tower,0,22,27,0,49,0,29,13,0,42,0,51,40,0,91,34,0,34,125
04/15/2009,BKL,OH,AGL,CE,Federal Contract Tower,0,30,33,0,63,0,8,10,0,18,0,38,43,0,81,24,0,24,105
04/16/2009,BKL,OH,AGL,CE,Federal Contract Tower,0,38,40,0,78,0,20,57,0,77,0,58,97,0,155,42,0,42,197
04/17/2009,BKL,OH,AGL,CE,Federal Contract Tower,1,32,22,0,55,0,40,98,0,138,1,72,120,0,193,100,0,100,293
04/18/2009,BKL,OH,AGL,CE,Federal Contract Tower,0,8,22,0,30,0,30,100,0,130,0,38,122,0,160,136,0,136,296
04/19/2009,BKL,OH,AGL,CE,Federal Contract Tower,0,7,15,0,22,0,34,29,0,63,0,41,44,0,85,62,0,62,147
04/20/2009,BKL,OH,AGL,CE,Federal Contract Tower,0,5,25,0,30,0,30,0,0,30,0,35,25,0,60,2,0,2,62
04/21/2009,BKL,OH,AGL,CE,Federal Contract Tower,0,26,54,3,83,0,32,15,0,47,0,58,69,3,130,4,0,4,134
04/22/2009,BKL,OH,AGL,CE,Federal Contract Tower,0,33,54,0,87,0,54,24,3,81,0,87,78,3,168,10,0,10,178
04/23/2009,BKL,OH,AGL,CE,Federal Contract Tower,0,27,38,0,65,1,27,78,0,106,1,54,116,0,171,46,0,46,217
04/24/2009,BKL,OH,AGL,CE,Federal Contract Tower,0,34,19,0,53,0,28,33,0,61,0,62,52,0,114,56,0,56,170
04/25/2009,BKL,OH,AGL,CE,Federal Contract Tower,0,9,11,0,20,0,42,32,0,74,0,51,43,0,94,62,0,62,156
04/26/2009,BKL,OH,AGL,CE,Federal Contract Tower,0,4,15,0,19,0,37,41,0,78,0,41,56,0,97,38,0,38,135
04/27/2009,BKL,OH,AGL,CE,Federal Contract Tower,0,7,20,1,28,0,53,16,0,69,0,60,36,1,97,10,0,10,107
04/28/2009,BKL,OH,AGL,CE,Federal Contract Tower,0,24,34,2,60,0,12,7,0,19,0,36,41,2,79,0,0,0,79
04/29/2009,BKL,OH,AGL,CE,Federal Contract Tower,0,47,52,0,99,0,30,36,0,66,0,77,88,0,165,56,0,56,221
04/30/2009,BKL,OH,AGL,CE,Federal Contract Tower,2,26,34,0,62,0,10,11,0,21,2,36,45,0,83,8,0,8,91
05/01/2009,BKL,OH,AGL,CE,Federal Contract Tower,0,33,20,0,53,0,42,39,0,81,0,75,59,0,134,30,0,30,164
05/02/2009,BKL,OH,AGL,CE,Federal Contract Tower,0,16,15,0,31,0,16,47,0,63,0,32,62,0,94,56,0,56,150
05/03/2009,BKL,OH,AGL,CE,Federal Contract Tower,0,7,13,0,20,0,26,80,0,106,0,33,93,0,126,98,0,98,224
05/04/2009,BKL,OH,AGL,CE,Federal Contract Tower,0,8,27,0,35,0,14,23,0,37,0,22,50,0,72,68,0,68,140
05/05/2009,BKL,OH,AGL,CE,Federal Contract Tower,0,37,35,0,72,0,34,29,0,63,0,71,64,0,135,82,0,82,217
05/06/2009,BKL,OH,AGL,CE,Federal Contract Tower,0,36,23,0,59,0,26,20,3,49,0,62,43,3,108,12,0,12,120
05/07/2009,BKL,OH,AGL,CE,Federal Contract Tower,0,30,35,1,66,0,20,15,0,35,0,50,50,1,101,2,0,2,103
05/08/2009,BKL,OH,AGL,CE,Federal Contract Tower,0,35,42,0,77,0,27,37,0,64,0,62,79,0,141,20,0,20,161
05/09/2009,BKL,OH,AGL,CE,Federal Contract Tower,0,11,17,0,28,0,10,6,0,16,0,21,23,0,44,0,0,0,44
05/10/2009,BKL,OH,AGL,CE,Federal Contract Tower,1,5,13,0,19,0,25,41,0,66,1,30,54,0,85,0,0,0,85
05/11/2009,BKL,OH,AGL,CE,Federal Contract Tower,1,12,33,0,46,0,68,44,0,112,1,80,77,0,158,38,0,38,196
05/12/2009,BKL,OH,AGL,CE,Federal Contract Tower,0,37,43,0,80,0,68,57,0,125,0,105,100,0,205,30,0,30,235
05/13/2009,BKL,OH,AGL,CE,Federal Contract Tower,2,37,38,2,79,0,58,26,0,84,2,95,64,2,163,12,4,16,179
05/14/2009,BKL,OH,AGL,CE,Federal Contract Tower,0,28,43,0,71,0,35,26,0,61,0,63,69,0,132,8,0,8,140
05/15/2009,BKL,OH,AGL,CE,Federal Contract Tower,0,32,31,0,63,0,50,48,1,99,0,82,79,1,162,52,2,54,216
05/16/2009,BKL,OH,AGL,CE,Federal Contract Tower,0,12,17,0,29,0,22,15,0,37,0,34,32,0,66,0,0,0,66
05/17/2009,BKL,OH,AGL,CE,Federal Contract Tower,0,5,16,0,21,0,6,32,0,38,0,11,48,0,59,18,0,18,77
05/18/2009,BKL,OH,AGL,CE,Federal Contract Tower,0,12,32,0,44,0,26,30,0,56,0,38,62,0,100,52,0,52,152
05/19/2009,BKL,OH,AGL,CE,Federal Contract Tower,0,33,41,0,74,0,56,50,0,106,0,89,91,0,180,150,0,150,330
05/20/2009,BKL,OH,AGL,CE,Federal Contract Tower,0,38,48,2,88,0,44,61,0,105,0,82,109,2,193,58,0,58,251
05/21/2009,BKL,OH,AGL,CE,Federal Contract Tower,3,57,33,0,93,0,85,65,0,150,3,142,98,0,243,46,0,46,289
05/22/2009,BKL,OH,AGL,CE,Federal Contract Tower,0,33,37,0,70,0,53,59,0,112,0,86,96,0,182,66,0,66,248
05/23/2009,BKL,OH,AGL,CE,Federal Contract Tower,0,18,14,0,32,0,24,78,0,102,0,42,92,0,134,60,0,60,194
05/24/2009,BKL,OH,AGL,CE,Federal Contract Tower,0,6,6,0,12,0,24,41,0,65,0,30,47,0,77,66,0,66,143
05/25/2009,BKL,OH,AGL,CE,Federal Contract Tower,0,5,18,2,25,0,47,36,0,83,0,52,54,2,108,32,0,32,140
05/26/2009,BKL,OH,AGL,CE,Federal Contract Tower,0,14,26,0,40,0,30,18,0,48,0,44,44,0,88,26,0,26,114
05/27/2009,BKL,OH,AGL,CE,Federal Contract Tower,0,29,28,0,57,0,58,12,0,70,0,87,40,0,127,0,0,0,127
05/28/2009,BKL,OH,AGL,CE,Federal Contract Tower,2,32,43,0,77,0,22,17,0,39,2,54,60,0,116,0,0,0,116
05/29/2009,BKL,OH,AGL,CE,Federal Contract Tower,0,33,38,0,71,0,30,33,0,63,0,63,71,0,134,48,0,48,182
05/30/2009,BKL,OH,AGL,CE,Federal Contract Tower,0,6,19,0,25,0,23,53,0,76,0,29,72,0,101,68,0,68,169
05/31/2009,BKL,OH,AGL,CE,Federal Contract Tower,0,5,16,0,21,0,55,93,0,148,0,60,109,0,169,88,0,88,257
06/01/2009,BKL,OH,AGL,CE,Federal Contract Tower,1,6,32,0,39,0,24,28,0,52,1,30,60,0,91,12,0,12,103
06/02/2009,BKL,OH,AGL,CE,Federal Contract Tower,1,16,34,0,51,0,2,5,0,7,1,18,39,0,58,0,0,0,58
06/03/2009,BKL,OH,AGL,CE,Federal Contract Tower,0,23,46,0,69,0,19,19,0,38,0,42,65,0,107,8,0,8,115
06/04/2009,BKL,OH,AGL,CE,Federal Contract Tower,0,30,54,0,84,0,37,40,0,77,0,67,94,0,161,56,0,56,217
06/05/2009,BKL,OH,AGL,CE,Federal Contract Tower,0,32,41,0,73,0,55,71,0,126,0,87,112,0,199,124,0,124,323
06/06/2009,BKL,OH,AGL,CE,Federal Contract Tower,0,7,33,0,40,0,43,42,0,85,0,50,75,0,125,154,0,154,279
06/07/2009,BKL,OH,AGL,CE,Federal Contract Tower,0,9,20,0,29,0,42,51,0,93,0,51,71,0,122,108,0,108,230
06/08/2009,BKL,OH,AGL,CE,Federal Contract Tower,0,11,24,0,35,0,10,36,0,46,0,21,60,0,81,44,0,44,125
06/09/2009,BKL,OH,AGL,CE,Federal Contract Tower,0,21,63,0,84,0,36,50,0,86,0,57,113,0,170,62,0,62,232
06/10/2009,BKL,OH,AGL,CE,Federal Contract Tower,0,26,55,0,81,0,42,47,0,89,0,68,102,0,170,70,0,70,240
06/11/2009,BKL,OH,AGL,CE,Federal Contract Tower,0,28,44,0,72,0,1,15,0,16,0,29,59,0,88,6,0,6,94
06/12/2009,BKL,OH,AGL,CE,Federal Contract Tower,0,21,52,4,77,0,27,39,0,66,0,48,91,4,143,44,6,50,193
06/13/2009,BKL,OH,AGL,CE,Federal Contract Tower,0,11,32,0,43,0,49,67,0,116,0,60,99,0,159,74,0,74,233
06/14/2009,BKL,OH,AGL,CE,Federal Contract Tower,0,4,21,0,25,0,39,86,0,125,0,43,107,0,150,6,0,6,156
06/15/2009,BKL,OH,AGL,CE,Federal Contract Tower,0,9,29,0,38,0,22,72,2,96,0,31,101,2,134,52,0,52,186
06/16/2009,BKL,OH,AGL,CE,Federal Contract Tower,0,17,46,0,63,0,24,67,0,91,0,41,113,0,154,70,0,70,224
06/17/2009,BKL,OH,AGL,CE,Federal Contract Tower,0,26,48,0,74,0,31,23,0,54,0,57,71,0,128,74,0,74,202
06/18/2009,BKL,OH,AGL,CE,Federal Contract Tower,0,23,59,0,82,0,39,16,0,55,0,62,75,0,137,64,0,64,201
06/19/2009,BKL,OH,AGL,CE,Federal Contract Tower,0,19,40,0,59,0,30,28,0,58,0,49,68,0,117,2,0,2,119
06/20/2009,BKL,OH,AGL,CE,Federal Contract Tower,0,3,28,0,31,0,43,37,0,80,0,46,65,0,111,90,0,90,201
06/21/2009,BKL,OH,AGL,CE,Federal Contract Tower,0,7,25,0,32,0,53,52,0,105,0,60,77,0,137,126,0,126,263
06/22/2009,BKL,OH,AGL,CE,Federal Contract Tower,0,10,28,0,38,0,24,46,2,72,0,34,74,2,110,56,0,56,166
06/23/2009,BKL,OH,AGL,CE,Federal Contract Tower,0,18,46,4,68,0,26,80,0,106,0,44,126,4,174,98,0,98,272
06/24/2009,BKL,OH,AGL,CE,Federal Contract Tower,0,19,39,0,58,0,28,65,13,106,0,47,104,13,164,162,0,162,326
06/25/2009,BKL,OH,AGL,CE,Federal Contract Tower,0,28,55,0,83,0,28,41,0,69,0,56,96,0,152,80,0,80,232
06/26/2009,BKL,OH,AGL,CE,Federal Contract Tower,2,22,52,0,76,0,33,32,0,65,2,55,84,0,141,48,0,48,189
06/27/2009,BKL,OH,AGL,CE,Federal Contract Tower,0,4,31,0,35,0,55,56,0,111,0,59,87,0,146,150,0,150,296
06/28/2009,BKL,OH,AGL,CE,Federal Contract Tower,3,11,10,0,24,0,40,51,0,91,3,51,61,0,115,6,0,6,121
06/29/2009,BKL,OH,AGL,CE,Federal Contract Tower,1,8,34,2,45,0,15,18,0,33,1,23,52,2,78,28,0,28,106
06/30/2009,BKL,OH,AGL,CE,Federal Contract Tower,0,22,40,0,62,0,27,20,0,47,0,49,60,0,109,22,0,22,131
07/01/2009,BKL,OH,AGL,CE,Federal Contract Tower,0,24,34,0,58,0,35,21,0,56,0,59,55,0,114,36,0,36,150
07/02/2009,BKL,OH,AGL,CE,Federal Contract Tower,3,24,49,0,76,0,14,26,0,40,3,38,75,0,116,20,0,20,136
07/03/2009,BKL,OH,AGL,CE,Federal Contract Tower,0,13,35,0,48,0,24,44,0,68,0,37,79,0,116,56,0,56,172
07/04/2009,BKL,OH,AGL,CE,Federal Contract Tower,0,4,18,0,22,0,21,57,0,78,0,25,75,0,100,48,0,48,148
07/05/2009,BKL,OH,AGL,CE,Federal Contract Tower,0,8,18,0,26,0,11,72,0,83,0,19,90,0,109,14,0,14,123
07/06/2009,BKL,OH,AGL,CE,Federal Contract Tower,0,3,23,0,26,0,12,24,0,36,0,15,47,0,62,18,0,18,80
07/07/2009,BKL,OH,AGL,CE,Federal Contract Tower,0,16,47,0,63,0,23,37,0,60,0,39,84,0,123,96,0,96,219
07/08/2009,BKL,OH,AGL,CE,Federal Contract Tower,0,30,70,1,101,0,23,70,0,93,0,53,140,1,194,96,0,96,290
07/09/2009,BKL,OH,AGL,CE,Federal Contract Tower,0,20,59,0,79,0,22,70,0,92,0,42,129,0,171,66,0,66,237
07/10/2009,BKL,OH,AGL,CE,Federal Contract Tower,0,20,57,0,77,0,18,48,0,66,0,38,105,0,143,60,0,60,203
07/11/2009,BKL,OH,AGL,CE,Federal Contract Tower,0,6,21,0,27,0,24,41,0,65,0,30,62,0,92,64,0,64,156
07/12/2009,BKL,OH,AGL,CE,Federal Contract Tower,0,4,10,0,14,0,33,66,8,107,0,37,76,8,121,50,0,50,171
07/13/2009,BKL,OH,AGL,CE,Federal Contract Tower,0,15,24,3,42,0,39,34,4,77,0,54,58,7,119,42,0,42,161
07/14/2009,BKL,OH,AGL,CE,Federal Contract Tower,0,18,40,2,60,0,36,31,0,67,0,54,71,2,127,114,12,126,253
07/15/2009,BKL,OH,AGL,CE,Federal Contract Tower,1,26,62,1,90,0,45,47,0,92,1,71,109,1,182,106,0,106,288
07/16/2009,BKL,OH,AGL,CE,Federal Contract Tower,1,22,38,4,65,0,44,45,0,89,1,66,83,4,154,98,0,98,252
07/17/2009,BKL,OH,AGL,CE,Federal Contract Tower,0,21,47,3,71,0,37,46,0,83,0,58,93,3,154,48,0,48,202
07/18/2009,BKL,OH,AGL,CE,Federal Contract Tower,0,4,33,0,37,0,14,81,0,95,0,18,114,0,132,48,0,48,180
07/19/2009,BKL,OH,AGL,CE,Federal Contract Tower,2,8,9,0,19,0,22,84,0,106,2,30,93,0,125,12,0,12,137
07/20/2009,BKL,OH,AGL,CE,Federal Contract Tower,0,8,29,2,39,0,21,35,4,60,0,29,64,6,99,36,0,36,135
07/21/2009,BKL,OH,AGL,CE,Federal Contract Tower,0,22,48,0,70,0,47,21,0,68,0,69,69,0,138,44,0,44,182
07/22/2009,BKL,OH,AGL,CE,Federal Contract Tower,0,33,45,0,78,0,27,26,0,53,0,60,71,0,131,86,0,86,217
07/23/2009,BKL,OH,AGL,CE,Federal Contract Tower,1,20,45,1,67,0,10,14,14,38,1,30,59,15,105,14,0,14,119
07/24/2009,BKL,OH,AGL,CE,Federal Contract Tower,1,29,53,0,83,0,55,77,0,132,1,84,130,0,215,158,0,158,373
07/25/2009,BKL,OH,AGL,CE,Federal Contract Tower,0,12,25,0,37,0,18,35,0,53,0,30,60,0,90,4,0,4,94
07/26/2009,BKL,OH,AGL,CE,Federal Contract Tower,0,12,19,0,31,0,12,58,0,70,0,24,77,0,101,70,0,70,171
07/27/2009,BKL,OH,AGL,CE,Federal Contract Tower,0,14,23,0,37,0,62,57,0,119,0,76,80,0,156,152,0,152,308
07/28/2009,BKL,OH,AGL,CE,Federal Contract Tower,0,23,55,1,79,0,46,56,0,102,0,69,111,1,181,88,0,88,269
07/29/2009,BKL,OH,AGL,CE,Federal Contract Tower,0,20,53,0,73,0,23,25,0,48,0,43,78,0,121,50,2,52,173
07/30/2009,BKL,OH,AGL,CE,Federal Contract Tower,5,19,50,1,75,0,29,40,0,69,5,48,90,1,144,160,10,170,314
07/31/2009,BKL,OH,AGL,CE,Federal Contract Tower,0,27,39,4,70,0,25,58,0,83,0,52,97,4,153,46,0,46,199
08/01/2009,BKL,OH,AGL,CE,Federal Contract Tower,0,7,30,2,39,0,26,38,0,64,0,33,68,2,103,44,0,44,147
08/02/2009,BKL,OH,AGL,CE,Federal Contract Tower,2,12,39,1,54,0,60,32,0,92,2,72,71,1,146,48,0,48,194
08/03/2009,BKL,OH,AGL,CE,Federal Contract Tower,0,12,17,0,29,0,57,62,0,119,0,69,79,0,148,88,0,88,236
08/04/2009,BKL,OH,AGL,CE,Federal Contract Tower,0,19,35,0,54,0,22,29,0,51,0,41,64,0,105,50,0,50,155
08/05/2009,BKL,OH,AGL,CE,Federal Contract Tower,0,14,45,0,59,0,64,68,0,132,0,78,113,0,191,144,0,144,335
08/06/2009,BKL,OH,AGL,CE,Federal Contract Tower,0,19,52,0,71,0,24,67,0,91,0,43,119,0,162,84,2,86,248
08/07/2009,BKL,OH,AGL,CE,Federal Contract Tower,1,12,45,0,58,0,27,54,0,81,1,39,99,0,139,104,0,104,243
08/08/2009,BKL,OH,AGL,CE,Federal Contract Tower,0,3,23,0,26,0,28,14,0,42,0,31,37,0,68,48,0,48,116
08/09/2009,BKL,OH,AGL,CE,Federal Contract Tower,0,12,19,0,31,0,30,59,0,89,0,42,78,0,120,80,0,80,200
08/10/2009,BKL,OH,AGL,CE,Federal Contract Tower,0,7,25,1,33,0,27,35,0,62,0,34,60,1,95,34,0,34,129
08/11/2009,BKL,OH,AGL,CE,Federal Contract Tower,0,15,51,4,70,0,28,39,0,67,0,43,90,4,137,20,0,20,157
08/12/2009,BKL,OH,AGL,CE,Federal Contract Tower,0,26,57,1,84,0,26,48,0,74,0,52,105,1,158,76,0,76,234
08/13/2009,BKL,OH,AGL,CE,Federal Contract Tower,0,24,55,0,79,0,19,50,0,69,0,43,105,0,148,114,2,116,264
08/14/2009,BKL,OH,AGL,CE,Federal Contract Tower,0,23,43,2,68,0,39,54,0,93,0,62,97,2,161,72,2,74,235
08/15/2009,BKL,OH,AGL,CE,Federal Contract Tower,0,7,30,1,38,0,29,56,0,85,0,36,86,1,123,108,0,108,231
08/16/2009,BKL,OH,AGL,CE,Federal Contract Tower,0,10,25,2,37,0,31,34,2,67,0,41,59,4,104,56,2,58,162
08/17/2009,BKL,OH,AGL,CE,Federal Contract Tower,0,13,28,0,41,0,33,35,2,70,0,46,63,2,111,66,0,66,177
08/18/2009,BKL,OH,AGL,CE,Federal Contract Tower,2,18,42,0,62,0,35,46,0,81,2,53,88,0,143,56,0,56,199
08/19/2009,BKL,OH,AGL,CE,Federal Contract Tower,0,22,45,0,67,0,38,66,0,104,0,60,111,0,171,96,0,96,267
08/20/2009,BKL,OH,AGL,CE,Federal Contract Tower,1,25,54,2,82,0,19,14,0,33,1,44,68,2,115,18,0,18,133
08/21/2009,BKL,OH,AGL,CE,Federal Contract Tower,1,27,48,5,81,0,15,34,2,51,1,42,82,7,132,36,2,38,170
08/22/2009,BKL,OH,AGL,CE,Federal Contract Tower,0,6,24,0,30,0,17,22,0,39,0,23,46,0,69,74,0,74,143
08/23/2009,BKL,OH,AGL,CE,Federal Contract Tower,2,11,18,8,39,0,35,20,0,55,2,46,38,8,94,20,0,20,114
08/24/2009,BKL,OH,AGL,CE,Federal Contract Tower,0,14,35,2,51,0,36,65,0,101,0,50,100,2,152,156,0,156,308
08/25/2009,BKL,OH,AGL,CE,Federal Contract Tower,0,18,35,0,53,0,45,62,2,109,0,63,97,2,162,180,0,180,342
08/26/2009,BKL,OH,AGL,CE,Federal Contract Tower,0,21,48,0,69,0,31,36,4,71,0,52,84,4,140,42,0,42,182
08/27/2009,BKL,OH,AGL,CE,Federal Contract Tower,0,24,55,7,86,0,18,11,0,29,0,42,66,7,115,34,0,34,149
08/28/2009,BKL,OH,AGL,CE,Federal Contract Tower,0,19,34,1,54,0,23,19,1,43,0,42,53,2,97,18,0,18,115
08/29/2009,BKL,OH,AGL,CE,Federal Contract Tower,0,7,23,0,30,0,9,13,0,22,0,16,36,0,52,34,0,34,86
08/30/2009,BKL,OH,AGL,CE,Federal Contract Tower,0,4,15,0,19,0,35,9,0,44,0,39,24,0,63,0,0,0,63
08/31/2009,BKL,OH,AGL,CE,Federal Contract Tower,0,8,23,0,31,0,30,66,2,98,0,38,89,2,129,96,0,96,225
09/01/2009,BKL,OH,AGL,CE,Federal Contract Tower,0,9,41,0,50,0,25,60,0,85,0,34,101,0,135,128,0,128,263
09/02/2009,BKL,OH,AGL,CE,Federal Contract Tower,0,17,35,0,52,0,40,62,4,106,0,57,97,4,158,48,4,52,210
09/03/2009,BKL,OH,AGL,CE,Federal Contract Tower,0,11,43,13,67,0,33,59,2,94,0,44,102,15,161,48,14,62,223
09/04/2009,BKL,OH,AGL,CE,Federal Contract Tower,0,5,28,11,44,0,25,40,6,71,0,30,68,17,115,10,12,22,137
09/05/2009,BKL,OH,AGL,CE,Federal Contract Tower,0,2,1,0,3,0,3,11,3,17,0,5,12,3,20,0,0,0,20
09/06/2009,BKL,OH,AGL,CE,Federal Contract Tower,0,1,1,1,3,0,4,8,0,12,0,5,9,1,15,0,0,0,15
09/07/2009,BKL,OH,AGL,CE,Federal Contract Tower,1,1,2,0,4,0,10,3,2,15,1,11,5,2,19,0,0,0,19
09/08/2009,BKL,OH,AGL,CE,Federal Contract Tower,0,21,52,15,88,0,14,24,4,42,0,35,76,19,130,10,0,10,140
09/09/2009,BKL,OH,AGL,CE,Federal Contract Tower,0,21,46,4,71,0,38,59,0,97,0,59,105,4,168,50,0,50,218
09/10/2009,BKL,OH,AGL,CE,Federal Contract Tower,0,30,68,3,101,0,32,51,0,83,0,62,119,3,184,42,0,42,226
09/11/2009,BKL,OH,AGL,CE,Federal Contract Tower,0,20,41,5,66,0,44,51,0,95,0,64,92,5,161,60,0,60,221
09/12/2009,BKL,OH,AGL,CE,Federal Contract Tower,0,8,30,3,41,0,48,60,7,115,0,56,90,10,156,60,6,66,222
09/13/2009,BKL,OH,AGL,CE,Federal Contract Tower,0,12,48,0,60,0,8,55,3,66,0,20,103,3,126,38,2,40,166
09/14/2009,BKL,OH,AGL,CE,Federal Contract Tower,0,12,17,2,31,0,12,50,0,62,0,24,67,2,93,82,0,82,175
09/15/2009,BKL,OH,AGL,CE,Federal Contract Tower,0,21,36,2,59,0,62,65,2,129,0,83,101,4,188,120,12,132,320
09/16/2009,BKL,OH,AGL,CE,Federal Contract Tower,0,25,52,0,77,0,34,32,0,66,0,59,84,0,143,32,0,32,175
09/17/2009,BKL,OH,AGL,CE,Federal Contract Tower,0,24,49,0,73,0,82,63,0,145,0,106,112,0,218,206,0,206,424
09/18/2009,BKL,OH,AGL,CE,Federal Contract Tower,0,22,49,2,73,0,37,62,0,99,0,59,111,2,172,72,0,72,244
09/19/2009,BKL,OH,AGL,CE,Federal Contract Tower,0,12,46,1,59,0,53,106,0,159,0,65,152,1,218,32,0,32,250
09/20/2009,BKL,OH,AGL,CE,Federal Contract Tower,0,6,25,0,31,0,53,77,0,130,0,59,102,0,161,90,8,98,259
09/21/2009,BKL,OH,AGL,CE,Federal Contract Tower,0,16,28,0,44,0,3,21,0,24,0,19,49,0,68,18,0,18,86
09/22/2009,BKL,OH,AGL,CE,Federal Contract Tower,0,23,43,0,66,0,15,11,0,26,0,38,54,0,92,52,0,52,144
09/23/2009,BKL,OH,AGL,CE,Federal Contract Tower,0,18,56,0,74,0,32,12,0,44,0,50,68,0,118,66,0,66,184
09/24/2009,BKL,OH,AGL,CE,Federal Contract Tower,0,18,53,0,71,0,42,30,0,72,0,60,83,0,143,74,0,74,217
09/25/2009,BKL,OH,AGL,CE,Federal Contract Tower,0,21,54,0,75,0,16,49,0,65,0,37,103,0,140,84,0,84,224
09/26/2009,BKL,OH,AGL,CE,Federal Contract Tower,3,8,26,0,37,0,5,7,0,12,3,13,33,0,49,0,0,0,49
09/27/2009,BKL,OH,AGL,CE,Federal Contract Tower,4,4,7,0,15,0,20,12,0,32,4,24,19,0,47,10,0,10,57
09/28/2009,BKL,OH,AGL,CE,Federal Contract Tower,1,10,21,0,32,0,7,4,0,11,1,17,25,0,43,0,0,0,43
09/29/2009,BKL,OH,AGL,CE,Federal Contract Tower,0,23,44,2,69,0,32,0,0,32,0,55,44,2,101,0,0,0,101
09/30/2009,BKL,OH,AGL,CE,Federal Contract Tower,0,25,46,0,71,0,45,12,0,57,0,70,58,0,128,14,0,14,142
10/01/2009,BKL,OH,AGL,CE,Federal Contract Tower,2,20,63,4,89,0,53,62,0,115,2,73,125,4,204,58,0,58,262
10/02/2009,BKL,OH,AGL,CE,Federal Contract Tower,0,24,46,0,70,0,36,21,0,57,0,60,67,0,127,16,0,16,143
10/03/2009,BKL,OH,AGL,CE,Federal Contract Tower,2,4,20,0,26,0,34,30,0,64,2,38,50,0,90,48,0,48,138
10/04/2009,BKL,OH,AGL,CE,Federal Contract Tower,2,9,35,0,46,0,29,49,0,78,2,38,84,0,124,18,0,18,142
10/05/2009,BKL,OH,AGL,CE,Federal Contract Tower,0,13,33,0,46,0,7,42,0,49,0,20,75,0,95,154,0,154,249
10/06/2009,BKL,OH,AGL,CE,Federal Contract Tower,0,11,52,0,63,0,24,23,0,47,0,35,75,0,110,36,0,36,146
10/07/2009,BKL,OH,AGL,CE,Federal Contract Tower,0,21,37,0,58,0,26,6,0,32,0,47,43,0,90,0,0,0,90
10/08/2009,BKL,OH,AGL,CE,Federal Contract Tower,0,26,43,0,69,0,29,46,0,75,0,55,89,0,144,100,0,100,244
10/09/2009,BKL,OH,AGL,CE,Federal Contract Tower,0,21,57,0,78,0,15,7,0,22,0,36,64,0,100,14,0,14,114
10/10/2009,BKL,OH,AGL,CE,Federal Contract Tower,0,9,32,0,41,0,8,39,0,47,0,17,71,0,88,70,0,70,158
10/11/2009,BKL,OH,AGL,CE,Federal Contract Tower,0,6,24,0,30,0,39,53,0,92,0,45,77,0,122,100,0,100,222
10/12/2009,BKL,OH,AGL,CE,Federal Contract Tower,0,7,12,0,19,0,16,24,0,40,0,23,36,0,59,20,0,20,79
10/13/2009,BKL,OH,AGL,CE,Federal Contract Tower,0,20,35,4,59,0,33,10,0,43,0,53,45,4,102,14,0,14,116
10/14/2009,BKL,OH,AGL,CE,Federal Contract Tower,0,20,45,2,67,0,54,42,0,96,0,74,87,2,163,60,6,66,229
10/15/2009,BKL,OH,AGL,CE,Federal Contract Tower,0,17,40,0,57,0,7,15,0,22,0,24,55,0,79,14,0,14,93
10/16/2009,BKL,OH,AGL,CE,Federal Contract Tower,0,26,35,0,61,0,12,20,0,32,0,38,55,0,93,20,0,20,113
10/17/2009,BKL,OH,AGL,CE,Federal Contract Tower,0,8,15,0,23,0,27,13,0,40,0,35,28,0,63,44,0,44,107
10/18/2009,BKL,OH,AGL,CE,Federal Contract Tower,0,14,17,4,35,0,14,43,0,57,0,28,60,4,92,96,0,96,188
10/19/2009,BKL,OH,AGL,CE,Federal Contract Tower,0,21,35,0,56,0,19,40,0,59,0,40,75,0,115,90,0,90,205
10/20/2009,BKL,OH,AGL,CE,Federal Contract Tower,0,19,41,0,60,0,31,57,0,88,0,50,98,0,148,138,0,138,286
10/21/2009,BKL,OH,AGL,CE,Federal Contract Tower,0,17,45,0,62,0,34,54,2,90,0,51,99,2,152,140,0,140,292
10/22/2009,BKL,OH,AGL,CE,Federal Contract Tower,0,14,44,1,59,0,20,62,2,84,0,34,106,3,143,102,0,102,245
10/23/2009,BKL,OH,AGL,CE,Federal Contract Tower,0,12,34,2,48,0,18,22,2,42,0,30,56,4,90,36,0,36,126
10/24/2009,BKL,OH,AGL,CE,Federal Contract Tower,0,4,29,0,33,0,41,4,0,45,0,45,33,0,78,0,0,0,78
10/25/2009,BKL,OH,AGL,CE,Federal Contract Tower,0,22,35,0,57,0,27,22,0,49,0,49,57,0,106,0,0,0,106
10/26/2009,BKL,OH,AGL,CE,Federal Contract Tower,0,8,25,2,35,0,13,17,7,37,0,21,42,9,72,2,2,4,76
10/27/2009,BKL,OH,AGL,CE,Federal Contract Tower,0,25,65,0,90,0,50,53,4,107,0,75,118,4,197,84,8,92,289
10/28/2009,BKL,OH,AGL,CE,Federal Contract Tower,1,20,63,0,84,0,20,7,0,27,1,40,70,0,111,18,0,18,129
10/29/2009,BKL,OH,AGL,CE,Federal Contract Tower,0,24,61,2,87,1,32,53,0,86,1,56,114,2,173,142,0,142,315
10/30/2009,BKL,OH,AGL,CE,Federal Contract Tower,0,13,36,4,53,0,27,11,0,38,0,40,47,4,91,14,0,14,105
10/31/2009,BKL,OH,AGL,CE,Federal Contract Tower,0,4,22,0,26,0,9,8,8,25,0,13,30,8,51,0,0,0,51
11/01/2009,BKL,OH,AGL,CE,Federal Contract Tower,0,5,17,0,22,0,27,44,0,71,0,32,61,0,93,108,0,108,201
11/02/2009,BKL,OH,AGL,CE,Federal Contract Tower,0,6,21,0,27,0,15,38,0,53,0,21,59,0,80,66,0,66,146
11/03/2009,BKL,OH,AGL,CE,Federal Contract Tower,0,13,50,0,63,0,39,41,0,80,0,52,91,0,143,68,0,68,211
11/04/2009,BKL,OH,AGL,CE,Federal Contract Tower,2,20,50,2,74,0,34,44,0,78,2,54,94,2,152,52,0,52,204
11/05/2009,BKL,OH,AGL,CE,Federal Contract Tower,0,19,60,0,79,0,26,14,0,40,0,45,74,0,119,0,0,0,119
11/06/2009,BKL,OH,AGL,CE,Federal Contract Tower,0,21,48,0,69,0,32,59,0,91,0,53,107,0,160,66,0,66,226
11/07/2009,BKL,OH,AGL,CE,Federal Contract Tower,0,7,27,0,34,0,19,51,0,70,0,26,78,0,104,26,0,26,130
11/08/2009,BKL,OH,AGL,CE,Federal Contract Tower,0,2,24,0,26,0,20,74,0,94,0,22,98,0,120,84,0,84,204
11/09/2009,BKL,OH,AGL,CE,Federal Contract Tower,0,15,26,0,41,0,42,27,0,69,0,57,53,0,110,30,0,30,140
11/10/2009,BKL,OH,AGL,CE,Federal Contract Tower,1,23,64,0,88,0,30,26,0,56,1,53,90,0,144,8,0,8,152
11/11/2009,BKL,OH,AGL,CE,Federal Contract Tower,1,17,59,0,77,0,30,52,0,82,1,47,111,0,159,36,0,36,195
11/12/2009,BKL,OH,AGL,CE,Federal Contract Tower,0,18,33,0,51,0,20,46,0,66,0,38,79,0,117,108,0,108,225
11/13/2009,BKL,OH,AGL,CE,Federal Contract Tower,0,25,55,0,80,0,27,47,0,74,0,52,102,0,154,114,0,114,268
11/14/2009,BKL,OH,AGL,CE,Federal Contract Tower,0,8,26,0,34,0,26,44,0,70,0,34,70,0,104,56,0,56,160
11/15/2009,BKL,OH,AGL,CE,Federal Contract Tower,0,6,20,0,26,0,5,32,1,38,0,11,52,1,64,12,0,12,76
11/16/2009,BKL,OH,AGL,CE,Federal Contract Tower,0,19,41,0,60,0,39,29,0,68,0,58,70,0,128,36,0,36,164
11/17/2009,BKL,OH,AGL,CE,Federal Contract Tower,0,18,58,0,76,0,40,44,0,84,0,58,102,0,160,112,0,112,272
11/18/2009,BKL,OH,AGL,CE,Federal Contract Tower,0,15,47,0,62,0,24,51,0,75,0,39,98,0,137,10,0,10,147
11/19/2009,BKL,OH,AGL,CE,Federal Contract Tower,0,21,44,0,65,0,20,8,0,28,0,41,52,0,93,82,0,82,175
11/20/2009,BKL,OH,AGL,CE,Federal Contract Tower,0,14,43,0,57,0,19,28,0,47,0,33,71,0,104,150,0,150,254
11/21/2009,BKL,OH,AGL,CE,Federal Contract Tower,0,4,26,0,30,0,8,28,0,36,0,12,54,0,66,12,0,12,78
11/22/2009,BKL,OH,AGL,CE,Federal Contract Tower,0,4,8,0,12,0,8,65,0,73,0,12,73,0,85,20,0,20,105
11/23/2009,BKL,OH,AGL,CE,Federal Contract Tower,0,16,16,0,32,0,27,45,0,72,0,43,61,0,104,52,0,52,156
11/24/2009,BKL,OH,AGL,CE,Federal Contract Tower,0,18,41,0,59,0,24,45,0,69,0,42,86,0,128,92,0,92,220
11/25/2009,BKL,OH,AGL,CE,Federal Contract Tower,0,25,39,0,64,0,24,29,0,53,0,49,68,0,117,38,0,38,155
11/26/2009,BKL,OH,AGL,CE,Federal Contract Tower,0,16,16,0,32,0,4,5,0,9,0,20,21,0,41,2,0,2,43
11/27/2009,BKL,OH,AGL,CE,Federal Contract Tower,0,12,8,0,20,0,14,19,0,33,0,26,27,0,53,0,0,0,53
11/28/2009,BKL,OH,AGL,CE,Federal Contract Tower,0,3,18,0,21,0,5,52,0,57,0,8,70,0,78,108,0,108,186
11/29/2009,BKL,OH,AGL,CE,Federal Contract Tower,0,12,9,0,21,0,15,36,0,51,0,27,45,0,72,62,0,62,134
11/30/2009,BKL,OH,AGL,CE,Federal Contract Tower,0,3,10,0,13,0,15,13,0,28,0,18,23,0,41,18,0,18,59
12/01/2009,BKL,OH,AGL,CE,Federal Contract Tower,0,19,38,0,57,0,12,22,0,34,0,31,60,0,91,68,0,68,159
12/02/2009,BKL,OH,AGL,CE,Federal Contract Tower,1,14,39,0,54,0,24,28,0,52,1,38,67,0,106,118,0,118,224
12/03/2009,BKL,OH,AGL,CE,Federal Contract Tower,1,22,54,0,77,0,18,6,0,24,1,40,60,0,101,62,0,62,163
12/04/2009,BKL,OH,AGL,CE,Federal Contract Tower,0,17,41,0,58,0,26,35,0,61,0,43,76,0,119,76,0,76,195
12/05/2009,BKL,OH,AGL,CE,Federal Contract Tower,0,12,24,2,38,0,38,20,0,58,0,50,44,2,96,142,0,142,238
12/06/2009,BKL,OH,AGL,CE,Federal Contract Tower,0,6,15,0,21,0,30,34,0,64,0,36,49,0,85,10,0,10,95
12/07/2009,BKL,OH,AGL,CE,Federal Contract Tower,0,16,29,0,45,0,18,15,0,33,0,34,44,0,78,20,0,20,98
12/08/2009,BKL,OH,AGL,CE,Federal Contract Tower,0,18,47,3,68,0,29,44,0,73,0,47,91,3,141,26,0,26,167
12/09/2009,BKL,OH,AGL,CE,Federal Contract Tower,0,18,26,0,44,0,2,1,0,3,0,20,27,0,47,0,0,0,47
12/10/2009,BKL,OH,AGL,CE,Federal Contract Tower,0,15,40,0,55,0,8,1,0,9,0,23,41,0,64,0,0,0,64
12/11/2009,BKL,OH,AGL,CE,Federal Contract Tower,0,16,40,0,56,0,29,12,0,41,0,45,52,0,97,0,0,0,97
12/12/2009,BKL,OH,AGL,CE,Federal Contract Tower,0,5,33,0,38,0,35,34,0,69,0,40,67,0,107,64,0,64,171
12/13/2009,BKL,OH,AGL,CE,Federal Contract Tower,0,3,8,0,11,0,6,8,0,14,0,9,16,0,25,18,0,18,43
12/14/2009,BKL,OH,AGL,CE,Federal Contract Tower,0,6,21,0,27,0,11,11,0,22,0,17,32,0,49,42,0,42,91
12/15/2009,BKL,OH,AGL,CE,Federal Contract Tower,2,10,51,0,63,0,2,1,0,3,2,12,52,0,66,18,0,18,84
12/16/2009,BKL,OH,AGL,CE,Federal Contract Tower,0,11,45,0,56,0,15,33,0,48,0,26,78,0,104,64,0,64,168
12/17/2009,BKL,OH,AGL,CE,Federal Contract Tower,1,9,51,3,64,0,41,47,0,88,1,50,98,3,152,90,16,106,258
12/18/2009,BKL,OH,AGL,CE,Federal Contract Tower,0,18,34,0,52,0,41,56,0,97,0,59,90,0,149,16,0,16,165
12/19/2009,BKL,OH,AGL,CE,Federal Contract Tower,1,13,29,0,43,0,8,14,0,22,1,21,43,0,65,2,0,2,67
12/20/2009,BKL,OH,AGL,CE,Federal Contract Tower,0,8,12,0,20,0,28,0,0,28,0,36,12,0,48,20,0,20,68
12/21/2009,BKL,OH,AGL,CE,Federal Contract Tower,0,10,26,0,36,0,7,6,0,13,0,17,32,0,49,24,0,24,73
12/22/2009,BKL,OH,AGL,CE,Federal Contract Tower,0,19,30,0,49,0,9,2,0,11,0,28,32,0,60,18,0,18,78
12/23/2009,BKL,OH,AGL,CE,Federal Contract Tower,0,17,34,0,51,0,32,10,0,42,0,49,44,0,93,22,0,22,115
12/24/2009,BKL,OH,AGL,CE,Federal Contract Tower,0,14,22,0,36,0,69,12,0,81,0,83,34,0,117,24,4,28,145
12/25/2009,BKL,OH,AGL,CE,Federal Contract Tower,0,5,11,0,16,0,29,11,0,40,0,34,22,0,56,0,0,0,56
12/26/2009,BKL,OH,AGL,CE,Federal Contract Tower,0,6,5,0,11,0,49,24,0,73,0,55,29,0,84,126,0,126,210
12/27/2009,BKL,OH,AGL,CE,Federal Contract Tower,0,6,4,0,10,0,19,9,0,28,0,25,13,0,38,22,0,22,60
12/28/2009,BKL,OH,AGL,CE,Federal Contract Tower,0,13,11,2,26,0,3,1,0,4,0,16,12,2,30,10,0,10,40
12/29/2009,BKL,OH,AGL,CE,Federal Contract Tower,0,9,24,0,33,0,19,2,0,21,0,28,26,0,54,16,0,16,70
12/30/2009,BKL,OH,AGL,CE,Federal Contract Tower,0,7,41,0,48,0,22,23,0,45,0,29,64,0,93,58,0,58,151
12/31/2009,BKL,OH,AGL,CE,Federal Contract Tower,0,18,29,0,47,0,17,3,0,20,0,35,32,0,67,6,0,6,73
01/01/2010,BKL,OH,AGL,CE,Federal Contract Tower,0,5,15,0,20,0,0,0,0,0,0,5,15,0,20,0,0,0,20
01/02/2010,BKL,OH,AGL,CE,Federal Contract Tower,0,2,4,0,6,0,8,2,0,10,0,10,6,0,16,0,0,0,16
01/03/2010,BKL,OH,AGL,CE,Federal Contract Tower,0,9,3,0,12,0,2,5,0,7,0,11,8,0,19,0,0,0,19
01/04/2010,BKL,OH,AGL,CE,Federal Contract Tower,0,13,10,0,23,0,4,4,0,8,0,17,14,0,31,6,0,6,37
01/05/2010,BKL,OH,AGL,CE,Federal Contract Tower,0,13,33,0,46,0,6,0,0,6,0,19,33,0,52,0,0,0,52
01/06/2010,BKL,OH,AGL,CE,Federal Contract Tower,1,8,33,0,42,0,2,0,0,2,1,10,33,0,44,0,0,0,44
01/07/2010,BKL,OH,AGL,CE,Federal Contract Tower,0,18,29,0,47,0,2,0,0,2,0,20,29,0,49,0,0,0,49
01/08/2010,BKL,OH,AGL,CE,Federal Contract Tower,0,10,22,0,32,0,0,0,0,0,0,10,22,0,32,0,0,0,32
01/09/2010,BKL,OH,AGL,CE,Federal Contract Tower,0,6,13,0,19,0,12,20,0,32,0,18,33,0,51,28,0,28,79
01/10/2010,BKL,OH,AGL,CE,Federal Contract Tower,0,11,10,0,21,0,35,46,0,81,0,46,56,0,102,80,0,80,182
01/11/2010,BKL,OH,AGL,CE,Federal Contract Tower,0,9,17,0,26,0,10,7,0,17,0,19,24,0,43,6,0,6,49
01/12/2010,BKL,OH,AGL,CE,Federal Contract Tower,0,13,42,0,55,0,4,0,0,4,0,17,42,0,59,0,0,0,59
01/13/2010,BKL,OH,AGL,CE,Federal Contract Tower,0,13,41,0,54,0,28,30,0,58,0,41,71,0,112,28,0,28,140
01/14/2010,BKL,OH,AGL,CE,Federal Contract Tower,0,11,39,0,50,0,23,55,0,78,0,34,94,0,128,52,0,52,180
01/15/2010,BKL,OH,AGL,CE,Federal Contract Tower,0,9,38,0,47,0,9,9,0,18,0,18,47,0,65,0,0,0,65
01/16/2010,BKL,OH,AGL,CE,Federal Contract Tower,0,15,14,6,35,0,1,4,0,5,0,16,18,6,40,22,0,22,62
01/17/2010,BKL,OH,AGL,CE,Federal Contract Tower,0,2,2,0,4,0,0,2,0,2,0,2,4,0,6,0,0,0,6
01/18/2010,BKL,OH,AGL,CE,Federal Contract Tower,1,5,10,0,16,0,0,0,0,0,1,5,10,0,16,0,0,0,16
01/19/2010,BKL,OH,AGL,CE,Federal Contract Tower,0,8,32,0,40,0,5,2,4,11,0,13,34,4,51,0,0,0,51
01/20/2010,BKL,OH,AGL,CE,Federal Contract Tower,1,29,34,0,64,0,6,14,0,20,1,35,48,0,84,54,0,54,138
01/21/2010,BKL,OH,AGL,CE,Federal Contract Tower,0,21,47,0,68,0,34,46,0,80,0,55,93,0,148,106,0,106,254
01/22/2010,BKL,OH,AGL,CE,Federal Contract Tower,0,24,41,0,65,0,8,11,2,21,0,32,52,2,86,6,0,6,92
01/23/2010,BKL,OH,AGL,CE,Federal Contract Tower,0,1,23,0,24,0,10,40,0,50,0,11,63,0,74,80,0,80,154
01/24/2010,BKL,OH,AGL,CE,Federal Contract Tower,0,7,7,0,14,0,10,5,0,15,0,17,12,0,29,0,0,0,29
01/25/2010,BKL,OH,AGL,CE,Federal Contract Tower,0,13,15,0,28,0,16,2,0,18,0,29,17,0,46,30,0,30,76
01/26/2010,BKL,OH,AGL,CE,Federal Contract Tower,0,23,40,0,63,0,15,2,0,17,0,38,42,0,80,26,0,26,106
01/27/2010,BKL,OH,AGL,CE,Federal Contract Tower,0,25,58,0,83,0,34,10,0,44,0,59,68,0,127,24,0,24,151
01/28/2010,BKL,OH,AGL,CE,Federal Contract Tower,0,25,52,0,77,0,5,7,0,12,0,30,59,0,89,0,0,0,89
01/29/2010,BKL,OH,AGL,CE,Federal Contract Tower,0,21,34,1,56,0,22,30,0,52,0,43,64,1,108,48,0,48,156
01/30/2010,BKL,OH,AGL,CE,Federal Contract Tower,0,7,31,1,39,0,8,37,0,45,0,15,68,1,84,102,0,102,186
01/31/2010,BKL,OH,AGL,CE,Federal Contract Tower,0,3,3,0,6,0,22,53,0,75,0,25,56,0,81,110,0,110,191
02/01/2010,BKL,OH,AGL,CE,Federal Contract Tower,0,2,18,0,20,0,19,17,0,36,0,21,35,0,56,58,0,58,114
02/02/2010,BKL,OH,AGL,CE,Federal Contract Tower,0,9,41,0,50,0,10,11,0,21,0,19,52,0,71,18,0,18,89
02/03/2010,BKL,OH,AGL,CE,Federal Contract Tower,0,25,29,0,54,0,2,0,0,2,0,27,29,0,56,0,0,0,56
02/04/2010,BKL,OH,AGL,CE,Federal Contract Tower,1,21,42,3,67,0,2,42,0,44,1,23,84,3,111,40,0,40,151
02/05/2010,BKL,OH,AGL,CE,Federal Contract Tower,1,13,31,0,45,0,27,13,0,40,1,40,44,0,85,42,0,42,127
02/06/2010,BKL,OH,AGL,CE,Federal Contract Tower,0,2,19,0,21,0,5,2,0,7,0,7,21,0,28,2,0,2,30
02/07/2010,BKL,OH,AGL,CE,Federal Contract Tower,0,8,7,0,15,0,15,26,0,41,0,23,33,0,56,24,0,24,80
02/08/2010,BKL,OH,AGL,CE,Federal Contract Tower,0,12,15,0,27,0,31,26,0,57,0,43,41,0,84,98,0,98,182
02/09/2010,BKL,OH,AGL,CE,Federal Contract Tower,0,12,24,0,36,0,28,5,0,33,0,40,29,0,69,40,0,40,109
02/10/2010,BKL,OH,AGL,CE,Federal Contract Tower,0,11,24,0,35,0,2,0,0,2,0,13,24,0,37,0,0,0,37
02/11/2010,BKL,OH,AGL,CE,Federal Contract Tower,0,20,44,0,64,0,14,3,0,17,0,34,47,0,81,0,0,0,81
02/12/2010,BKL,OH,AGL,CE,Federal Contract Tower,0,16,43,0,59,0,10,8,0,18,0,26,51,0,77,24,0,24,101
02/13/2010,BKL,OH,AGL,CE,Federal Contract Tower,0,7,15,0,22,0,8,12,0,20,0,15,27,0,42,28,0,28,70
02/14/2010,BKL,OH,AGL,CE,Federal Contract Tower,0,5,5,0,10,0,0,4,0,4,0,5,9,0,14,32,0,32,46
02/15/2010,BKL,OH,AGL,CE,Federal Contract Tower,0,14,13,0,27,0,34,26,0,60,0,48,39,0,87,80,0,80,167
02/16/2010,BKL,OH,AGL,CE,Federal Contract Tower,0,24,19,0,43,0,2,0,0,2,0,26,19,0,45,0,0,0,45
02/17/2010,BKL,OH,AGL,CE,Federal Contract Tower,1,19,42,0,62,0,0,0,4,4,1,19,42,4,66,0,0,0,66
02/18/2010,BKL,OH,AGL,CE,Federal Contract Tower,0,21,39,0,60,0,13,20,0,33,0,34,59,0,93,38,0,38,131
02/19/2010,BKL,OH,AGL,CE,Federal Contract Tower,1,23,38,0,62,0,14,34,0,48,1,37,72,0,110,30,0,30,140
02/20/2010,BKL,OH,AGL,CE,Federal Contract Tower,0,8,24,0,32,0,21,55,0,76,0,29,79,0,108,148,0,148,256
02/21/2010,BKL,OH,AGL,CE,Federal Contract Tower,0,10,16,0,26,0,22,32,0,54,0,32,48,0,80,30,0,30,110
02/22/2010,BKL,OH,AGL,CE,Federal Contract Tower,0,11,30,0,41,0,15,9,0,24,0,26,39,0,65,18,0,18,83
02/23/2010,BKL,OH,AGL,CE,Federal Contract Tower,0,20,29,0,49,0,0,0,0,0,0,20,29,0,49,0,0,0,49
02/24/2010,BKL,OH,AGL,CE,Federal Contract Tower,0,24,41,0,65,0,15,1,0,16,0,39,42,0,81,0,0,0,81
02/25/2010,BKL,OH,AGL,CE,Federal Contract Tower,0,17,38,0,55,0,4,1,0,5,0,21,39,0,60,22,0,22,82
02/26/2010,BKL,OH,AGL,CE,Federal Contract Tower,0,13,21,0,34,0,4,0,0,4,0,17,21,0,38,0,0,0,38
02/27/2010,BKL,OH,AGL,CE,Federal Contract Tower,0,4,15,0,19,0,0,0,0,0,0,4,15,0,19,0,0,0,19
02/28/2010,BKL,OH,AGL,CE,Federal Contract Tower,0,11,14,0,25,0,4,2,0,6,0,15,16,0,31,0,0,0,31
03/01/2010,BKL,OH,AGL,CE,Federal Contract Tower,0,3,31,0,34,0,15,13,0,28,0,18,44,0,62,66,0,66,128
03/02/2010,BKL,OH,AGL,CE,Federal Contract Tower,0,31,45,0,76,0,6,5,0,11,0,37,50,0,87,44,0,44,131
03/03/2010,BKL,OH,AGL,CE,Federal Contract Tower,0,25,38,0,63,0,15,33,0,48,0,40,71,0,111,60,0,60,171
03/04/2010,BKL,OH,AGL,CE,Federal Contract Tower,1,21,60,0,82,0,41,47,2,90,1,62,107,2,172,188,0,188,360
03/05/2010,BKL,OH,AGL,CE,Federal Contract Tower,0,21,52,0,73,0,46,61,0,107,0,67,113,0,180,110,0,110,290
03/06/2010,BKL,OH,AGL,CE,Federal Contract Tower,1,11,29,0,41,0,18,85,0,103,1,29,114,0,144,152,0,152,296
03/07/2010,BKL,OH,AGL,CE,Federal Contract Tower,0,3,17,0,20,0,3,36,0,39,0,6,53,0,59,94,0,94,153
03/08/2010,BKL,OH,AGL,CE,Federal Contract Tower,0,14,32,0,46,0,6,26,0,32,0,20,58,0,78,36,0,36,114
03/09/2010,BKL,OH,AGL,CE,Federal Contract Tower,0,16,55,3,74,0,11,18,0,29,0,27,73,3,103,36,6,42,145
03/10/2010,BKL,OH,AGL,CE,Federal Contract Tower,0,25,34,0,59,0,44,17,0,61,0,69,51,0,120,72,0,72,192
03/11/2010,BKL,OH,AGL,CE,Federal Contract Tower,0,25,39,0,64,0,42,23,0,65,0,67,62,0,129,36,0,36,165
03/12/2010,BKL,OH,AGL,CE,Federal Contract Tower,0,19,40,1,60,0,27,16,4,47,0,46,56,5,107,38,0,38,145
03/13/2010,BKL,OH,AGL,CE,Federal Contract Tower,1,5,29,0,35,0,8,8,0,16,1,13,37,0,51,0,0,0,51
03/14/2010,BKL,OH,AGL,CE,Federal Contract Tower,1,10,29,0,40,0,0,2,0,2,1,10,31,0,42,40,0,40,82
03/15/2010,BKL,OH,AGL,CE,Federal Contract Tower,0,17,9,0,26,0,8,0,12,20,0,25,9,12,46,0,0,0,46
03/16/2010,BKL,OH,AGL,CE,Federal Contract Tower,0,22,48,0,70,0,31,35,0,66,0,53,83,0,136,144,0,144,280
03/17/2010,BKL,OH,AGL,CE,Federal Contract Tower,0,24,52,3,79,0,37,54,0,91,0,61,106,3,170,124,0,124,294
03/18/2010,BKL,OH,AGL,CE,Federal Contract Tower,0,19,56,2,77,0,56,59,0,115,0,75,115,2,192,116,0,116,308
03/19/2010,BKL,OH,AGL,CE,Federal Contract Tower,0,25,37,1,63,0,57,65,0,122,0,82,102,1,185,164,0,164,349
03/20/2010,BKL,OH,AGL,CE,Federal Contract Tower,0,11,26,0,37,0,28,66,0,94,0,39,92,0,131,108,0,108,239
03/21/2010,BKL,OH,AGL,CE,Federal Contract Tower,0,10,15,0,25,0,10,21,0,31,0,20,36,0,56,10,0,10,66
03/22/2010,BKL,OH,AGL,CE,Federal Contract Tower,0,9,24,0,33,0,6,1,0,7,0,15,25,0,40,0,0,0,40
03/23/2010,BKL,OH,AGL,CE,Federal Contract Tower,0,23,42,0,65,0,10,5,0,15,0,33,47,0,80,12,0,12,92
03/24/2010,BKL,OH,AGL,CE,Federal Contract Tower,0,24,34,4,62,0,18,62,6,86,0,42,96,10,148,158,0,158,306
03/25/2010,BKL,OH,AGL,CE,Federal Contract Tower,0,26,42,0,68,0,15,26,0,41,0,41,68,0,109,104,0,104,213
03/26/2010,BKL,OH,AGL,CE,Federal Contract Tower,0,19,35,0,54,0,10,19,0,29,0,29,54,0,83,8,0,8,91
03/27/2010,BKL,OH,AGL,CE,Federal Contract Tower,0,4,35,0,39,0,14,42,0,56,0,18,77,0,95,92,0,92,187
03/28/2010,BKL,OH,AGL,CE,Federal Contract Tower,0,4,17,0,21,0,11,5,0,16,0,15,22,0,37,0,0,0,37
03/29/2010,BKL,OH,AGL,CE,Federal Contract Tower,0,2,26,0,28,0,3,14,0,17,0,5,40,0,45,36,0,36,81
03/30/2010,BKL,OH,AGL,CE,Federal Contract Tower,0,21,39,0,60,0,3,2,0,5,0,24,41,0,65,0,0,0,65
03/31/2010,BKL,OH,AGL,CE,Federal Contract Tower,1,24,40,0,65,0,49,53,0,102,1,73,93,0,167,62,0,62,229
04/01/2010,BKL,OH,AGL,CE,Federal Contract Tower,1,17,40,0,58,0,36,59,2,97,1,53,99,2,155,22,0,22,177
04/02/2010,BKL,OH,AGL,CE,Federal Contract Tower,0,14,44,2,60,0,55,42,1,98,0,69,86,3,158,34,0,34,192
04/03/2010,BKL,OH,AGL,CE,Federal Contract Tower,0,2,26,0,28,0,19,17,0,36,0,21,43,0,64,2,0,2,66
04/04/2010,BKL,OH,AGL,CE,Federal Contract Tower,0,9,8,0,17,0,30,13,0,43,0,39,21,0,60,28,0,28,88
04/05/2010,BKL,OH,AGL,CE,Federal Contract Tower,1,14,19,2,36,0,14,34,0,48,1,28,53,2,84,10,0,10,94
04/06/2010,BKL,OH,AGL,CE,Federal Contract Tower,0,18,41,0,59,0,26,29,0,55,0,44,70,0,114,10,0,10,124
04/07/2010,BKL,OH,AGL,CE,Federal Contract Tower,1,18,37,0,56,0,19,24,2,45,1,37,61,2,101,14,0,14,115
04/08/2010,BKL,OH,AGL,CE,Federal Contract Tower,0,18,45,0,63,0,12,4,1,17,0,30,49,1,80,0,0,0,80
04/09/2010,BKL,OH,AGL,CE,Federal Contract Tower,0,23,50,0,73,0,20,15,2,37,0,43,65,2,110,32,0,32,142
04/10/2010,BKL,OH,AGL,CE,Federal Contract Tower,0,12,47,1,60,0,26,67,0,93,0,38,114,1,153,96,0,96,249
04/11/2010,BKL,OH,AGL,CE,Federal Contract Tower,1,10,19,0,30,0,24,68,0,92,1,34,87,0,122,206,0,206,328
04/12/2010,BKL,OH,AGL,CE,Federal Contract Tower,1,6,35,0,42,0,15,36,4,55,1,21,71,4,97,76,0,76,173
04/13/2010,BKL,OH,AGL,CE,Federal Contract Tower,0,19,40,0,59,0,19,19,0,38,0,38,59,0,97,6,0,6,103
04/14/2010,BKL,OH,AGL,CE,Federal Contract Tower,0,15,41,5,61,0,30,39,2,71,0,45,80,7,132,20,0,20,152
04/15/2010,BKL,OH,AGL,CE,Federal Contract Tower,1,15,38,1,55,0,24,33,0,57,1,39,71,1,112,42,0,42,154
04/16/2010,BKL,OH,AGL,CE,Federal Contract Tower,0,26,54,0,80,0,35,9,0,44,0,61,63,0,124,12,0,12,136
04/17/2010,BKL,OH,AGL,CE,Federal Contract Tower,0,6,26,0,32,0,15,13,0,28,0,21,39,0,60,14,0,14,74
04/18/2010,BKL,OH,AGL,CE,Federal Contract Tower,2,5,9,0,16,0,24,20,0,44,2,29,29,0,60,40,0,40,100
04/19/2010,BKL,OH,AGL,CE,Federal Contract Tower,0,4,40,2,46,0,28,30,0,58,0,32,70,2,104,94,0,94,198
04/20/2010,BKL,OH,AGL,CE,Federal Contract Tower,0,12,59,0,71,0,43,54,0,97,0,55,113,0,168,206,0,206,374
04/21/2010,BKL,OH,AGL,CE,Federal Contract Tower,0,16,46,0,62,0,35,35,0,70,0,51,81,0,132,86,0,86,218
04/22/2010,BKL,OH,AGL,CE,Federal Contract Tower,0,21,58,0,79,0,24,39,0,63,0,45,97,0,142,98,0,98,240
04/23/2010,BKL,OH,AGL,CE,Federal Contract Tower,0,20,57,0,77,0,25,44,0,69,0,45,101,0,146,64,0,64,210
04/24/2010,BKL,OH,AGL,CE,Federal Contract Tower,0,12,29,0,41,0,12,13,0,25,0,24,42,0,66,24,0,24,90
04/25/2010,BKL,OH,AGL,CE,Federal Contract Tower,0,4,11,1,16,0,2,3,0,5,0,6,14,1,21,32,0,32,53
04/26/2010,BKL,OH,AGL,CE,Federal Contract Tower,0,12,17,1,30,0,8,9,0,17,0,20,26,1,47,0,0,0,47
04/27/2010,BKL,OH,AGL,CE,Federal Contract Tower,0,19,68,0,87,0,24,32,0,56,0,43,100,0,143,4,0,4,147
04/28/2010,BKL,OH,AGL,CE,Federal Contract Tower,0,20,72,0,92,0,31,47,0,78,0,51,119,0,170,40,0,40,210
04/29/2010,BKL,OH,AGL,CE,Federal Contract Tower,0,17,39,0,56,0,27,35,0,62,0,44,74,0,118,76,0,76,194
04/30/2010,BKL,OH,AGL,CE,Federal Contract Tower,2,20,47,0,69,0,62,60,0,122,2,82,107,0,191,18,0,18,209
05/01/2010,BKL,OH,AGL,CE,Federal Contract Tower,0,7,33,0,40,0,22,16,0,38,0,29,49,0,78,34,0,34,112
05/02/2010,BKL,OH,AGL,CE,Federal Contract Tower,2,11,20,0,33,0,7,16,0,23,2,18,36,0,56,10,0,10,66
05/03/2010,BKL,OH,AGL,CE,Federal Contract Tower,0,14,41,0,55,0,32,53,0,85,0,46,94,0,140,54,0,54,194
05/04/2010,BKL,OH,AGL,CE,Federal Contract Tower,2,28,46,4,80,0,22,60,0,82,2,50,106,4,162,62,0,62,224
05/05/2010,BKL,OH,AGL,CE,Federal Contract Tower,2,22,71,0,95,0,67,45,0,112,2,89,116,0,207,30,0,30,237
05/06/2010,BKL,OH,AGL,CE,Federal Contract Tower,0,14,44,2,60,0,26,45,4,75,0,40,89,6,135,100,0,100,235
05/07/2010,BKL,OH,AGL,CE,Federal Contract Tower,0,18,36,0,54,0,12,33,0,45,0,30,69,0,99,60,0,60,159
05/08/2010,BKL,OH,AGL,CE,Federal Contract Tower,0,12,13,0,25,0,11,4,0,15,0,23,17,0,40,0,0,0,40
05/09/2010,BKL,OH,AGL,CE,Federal Contract Tower,1,9,9,0,19,0,10,22,0,32,1,19,31,0,51,2,0,2,53
05/10/2010,BKL,OH,AGL,CE,Federal Contract Tower,1,9,22,0,32,0,24,46,0,70,1,33,68,0,102,46,0,46,148
05/11/2010,BKL,OH,AGL,CE,Federal Contract Tower,0,18,50,1,69,0,0,0,0,0,0,18,50,1,69,16,0,16,85
05/12/2010,BKL,OH,AGL,CE,Federal Contract Tower,1,26,56,0,83,0,13,13,0,26,1,39,69,0,109,50,0,50,159
05/13/2010,BKL,OH,AGL,CE,Federal Contract Tower,0,23,37,0,60,0,8,13,0,21,0,31,50,0,81,34,0,34,115
05/14/2010,BKL,OH,AGL,CE,Federal Contract Tower,0,12,40,0,52,0,29,22,0,51,0,41,62,0,103,60,0,60,163
05/15/2010,BKL,OH,AGL,CE,Federal Contract Tower,0,4,41,0,45,0,25,67,0,92,0,29,108,0,137,106,0,106,243
05/16/2010,BKL,OH,AGL,CE,Federal Contract Tower,0,5,17,0,22,0,19,44,0,63,0,24,61,0,85,90,0,90,175
05/17/2010,BKL,OH,AGL,CE,Federal Contract Tower,0,1,45,0,46,0,11,19,0,30,0,12,64,0,76,22,0,22,98
05/18/2010,BKL,OH,AGL,CE,Federal Contract Tower,0,21,49,0,70,0,10,4,0,14,0,31,53,0,84,14,0,14,98
05/19/2010,BKL,OH,AGL,CE,Federal Contract Tower,0,21,50,0,71,0,26,38,0,64,0,47,88,0,135,118,0,118,253
05/20/2010,BKL,OH,AGL,CE,Federal Contract Tower,1,26,58,0,85,0,26,78,0,104,1,52,136,0,189,48,0,48,237
05/21/2010,BKL,OH,AGL,CE,Federal Contract Tower,1,18,44,0,63,0,20,46,0,66,1,38,90,0,129,62,0,62,191
05/22/2010,BKL,OH,AGL,CE,Federal Contract Tower,0,5,46,0,51,0,10,30,0,40,0,15,76,0,91,22,0,22,113
05/23/2010,BKL,OH,AGL,CE,Federal Contract Tower,2,11,20,0,33,0,14,50,0,64,2,25,70,0,97,10,0,10,107
05/24/2010,BKL,OH,AGL,CE,Federal Contract Tower,2,11,24,0,37,0,43,63,0,106,2,54,87,0,143,22,0,22,165
05/25/2010,BKL,OH,AGL,CE,Federal Contract Tower,0,28,65,0,93,0,48,77,0,125,0,76,142,0,218,68,0,68,286
05/26/2010,BKL,OH,AGL,CE,Federal Contract Tower,2,31,65,1,99,0,39,61,0,100,2,70,126,1,199,20,0,20,219
05/27/2010,BKL,OH,AGL,CE,Federal Contract Tower,0,23,62,0,85,0,18,55,0,73,0,41,117,0,158,150,0,150,308
05/28/2010,BKL,OH,AGL,CE,Federal Contract Tower,0,27,45,0,72,0,29,67,1,97,0,56,112,1,169,157,0,157,326
05/29/2010,BKL,OH,AGL,CE,Federal Contract Tower,0,2,22,0,24,0,23,57,0,80,0,25,79,0,104,40,0,40,144
05/30/2010,BKL,OH,AGL,CE,Federal Contract Tower,0,6,14,0,20,0,12,61,0,73,0,18,75,0,93,110,0,110,203
05/31/2010,BKL,OH,AGL,CE,Federal Contract Tower,0,5,10,0,15,0,15,20,0,35,0,20,30,0,50,32,0,32,82
06/01/2010,BKL,OH,AGL,CE,Federal Contract Tower,0,15,23,2,40,0,11,18,0,29,0,26,41,2,69,18,0,18,87
06/02/2010,BKL,OH,AGL,CE,Federal Contract Tower,0,19,51,0,70,0,43,22,0,65,0,62,73,0,135,42,0,42,177
06/03/2010,BKL,OH,AGL,CE,Federal Contract Tower,1,30,44,0,75,0,17,34,0,51,1,47,78,0,126,40,0,40,166
06/04/2010,BKL,OH,AGL,CE,Federal Contract Tower,0,19,31,1,51,0,29,33,0,62,0,48,64,1,113,126,0,126,239
06/05/2010,BKL,OH,AGL,CE,Federal Contract Tower,0,5,22,0,27,0,17,28,0,45,0,22,50,0,72,124,0,124,196
06/06/2010,BKL,OH,AGL,CE,Federal Contract Tower,0,8,3,0,11,0,26,7,0,33,0,34,10,0,44,0,0,0,44
06/07/2010,BKL,OH,AGL,CE,Federal Contract Tower,2,18,33,4,57,0,21,34,0,55,2,39,67,4,112,78,2,80,192
06/08/2010,BKL,OH,AGL,CE,Federal Contract Tower,0,30,72,0,102,0,39,42,0,81,0,69,114,0,183,96,0,96,279
06/09/2010,BKL,OH,AGL,CE,Federal Contract Tower,0,23,49,1,73,0,22,16,1,39,0,45,65,2,112,68,0,68,180
06/10/2010,BKL,OH,AGL,CE,Federal Contract Tower,0,33,60,0,93,0,39,62,0,101,0,72,122,0,194,112,0,112,306
06/11/2010,BKL,OH,AGL,CE,Federal Contract Tower,2,14,56,2,74,0,46,72,0,118,2,60,128,2,192,86,0,86,278
06/12/2010,BKL,OH,AGL,CE,Federal Contract Tower,0,9,27,0,36,0,40,35,0,75,0,49,62,0,111,84,0,84,195
06/13/2010,BKL,OH,AGL,CE,Federal Contract Tower,1,13,14,0,28,0,11,4,2,17,1,24,18,2,45,6,0,6,51
06/14/2010,BKL,OH,AGL,CE,Federal Contract Tower,1,12,20,0,33,0,9,18,4,31,1,21,38,4,64,2,0,2,66
06/15/2010,BKL,OH,AGL,CE,Federal Contract Tower,0,28,49,2,79,0,13,43,0,56,0,41,92,2,135,36,0,36,171
06/16/2010,BKL,OH,AGL,CE,Federal Contract Tower,0,17,57,3,77,0,29,24,0,53,0,46,81,3,130,4,0,4,134
06/17/2010,BKL,OH,AGL,CE,Federal Contract Tower,0,27,54,0,81,0,30,57,4,91,0,57,111,4,172,54,0,54,226
06/18/2010,BKL,OH,AGL,CE,Federal Contract Tower,2,18,46,1,67,0,46,55,0,101,2,64,101,1,168,68,0,68,236
06/19/2010,BKL,OH,AGL,CE,Federal Contract Tower,0,10,27,0,37,0,45,30,0,75,0,55,57,0,112,96,0,96,208
06/20/2010,BKL,OH,AGL,CE,Federal Contract Tower,0,7,12,0,19,0,23,51,0,74,0,30,63,0,93,112,0,112,205
06/21/2010,BKL,OH,AGL,CE,Federal Contract Tower,0,10,31,0,41,0,11,37,0,48,0,21,68,0,89,64,0,64,153
06/22/2010,BKL,OH,AGL,CE,Federal Contract Tower,0,19,49,0,68,0,26,29,0,55,0,45,78,0,123,10,0,10,133
06/23/2010,BKL,OH,AGL,CE,Federal Contract Tower,0,26,50,0,76,0,29,30,0,59,0,55,80,0,135,50,0,50,185
06/24/2010,BKL,OH,AGL,CE,Federal Contract Tower,0,17,48,0,65,0,40,74,0,114,0,57,122,0,179,68,0,68,247
06/25/2010,BKL,OH,AGL,CE,Federal Contract Tower,0,14,39,0,53,0,41,84,0,125,0,55,123,0,178,66,0,66,244
06/26/2010,BKL,OH,AGL,CE,Federal Contract Tower,0,8,21,0,29,0,30,60,0,90,0,38,81,0,119,120,0,120,239
06/27/2010,BKL,OH,AGL,CE,Federal Contract Tower,0,2,9,0,11,0,20,52,0,72,0,22,61,0,83,132,0,132,215
06/28/2010,BKL,OH,AGL,CE,Federal Contract Tower,1,11,36,0,48,0,37,13,0,50,1,48,49,0,98,0,0,0,98
06/29/2010,BKL,OH,AGL,CE,Federal Contract Tower,0,19,50,0,69,0,30,28,0,58,0,49,78,0,127,34,0,34,161
06/30/2010,BKL,OH,AGL,CE,Federal Contract Tower,0,24,44,3,71,0,37,42,4,83,0,61,86,7,154,6,0,6,160
07/01/2010,BKL,OH,AGL,CE,Federal Contract Tower,2,14,47,1,64,0,40,86,7,133,2,54,133,8,197,68,0,68,265
07/02/2010,BKL,OH,AGL,CE,Federal Contract Tower,0,23,35,0,58,0,50,65,0,115,0,73,100,0,173,102,0,102,275
07/03/2010,BKL,OH,AGL,CE,Federal Contract Tower,0,4,27,0,31,0,26,78,0,104,0,30,105,0,135,128,0,128,263
07/04/2010,BKL,OH,AGL,CE,Federal Contract Tower,0,8,13,0,21,0,10,31,1,42,0,18,44,1,63,24,0,24,87
07/05/2010,BKL,OH,AGL,CE,Federal Contract Tower,0,10,16,0,26,0,21,56,0,77,0,31,72,0,103,4,0,4,107
07/06/2010,BKL,OH,AGL,CE,Federal Contract Tower,0,9,34,0,43,0,33,20,0,53,0,42,54,0,96,16,0,16,112
07/07/2010,BKL,OH,AGL,CE,Federal Contract Tower,0,32,37,2,71,0,26,58,4,88,0,58,95,6,159,64,0,64,223
07/08/2010,BKL,OH,AGL,CE,Federal Contract Tower,0,20,45,2,67,0,21,59,0,80,0,41,104,2,147,30,12,42,189
07/09/2010,BKL,OH,AGL,CE,Federal Contract Tower,0,19,43,3,65,0,16,36,9,61,0,35,79,12,126,36,0,36,162
07/10/2010,BKL,OH,AGL,CE,Federal Contract Tower,0,7,20,0,27,0,26,118,0,144,0,33,138,0,171,122,0,122,293
07/11/2010,BKL,OH,AGL,CE,Federal Contract Tower,0,3,27,0,30,0,18,72,0,90,0,21,99,0,120,16,0,16,136
07/12/2010,BKL,OH,AGL,CE,Federal Contract Tower,0,14,25,0,39,0,22,25,0,47,0,36,50,0,86,28,0,28,114
07/13/2010,BKL,OH,AGL,CE,Federal Contract Tower,0,21,18,2,41,0,17,7,0,24,0,38,25,2,65,20,0,20,85
07/14/2010,BKL,OH,AGL,CE,Federal Contract Tower,0,36,28,0,64,0,20,38,0,58,0,56,66,0,122,20,0,20,142
07/15/2010,BKL,OH,AGL,CE,Federal Contract Tower,1,24,30,1,56,0,22,82,1,105,1,46,112,2,161,80,0,80,241
07/16/2010,BKL,OH,AGL,CE,Federal Contract Tower,0,31,33,2,66,0,40,71,0,111,0,71,104,2,177,74,0,74,251
07/17/2010,BKL,OH,AGL,CE,Federal Contract Tower,0,15,10,0,25,0,15,74,0,89,0,30,84,0,114,84,0,84,198
07/18/2010,BKL,OH,AGL,CE,Federal Contract Tower,1,13,17,0,31,0,10,69,0,79,1,23,86,0,110,46,0,46,156
07/19/2010,BKL,OH,AGL,CE,Federal Contract Tower,0,19,29,0,48,0,23,42,5,70,0,42,71,5,118,112,0,112,230
07/20/2010,BKL,OH,AGL,CE,Federal Contract Tower,0,31,28,0,59,0,28,41,1,70,0,59,69,1,129,86,2,88,217
07/21/2010,BKL,OH,AGL,CE,Federal Contract Tower,0,36,26,1,63,0,36,54,2,92,0,72,80,3,155,98,0,98,253
07/22/2010,BKL,OH,AGL,CE,Federal Contract Tower,0,34,36,0,70,0,46,78,0,124,0,80,114,0,194,180,0,180,374
07/23/2010,BKL,OH,AGL,CE,Federal Contract Tower,0,38,26,0,64,0,13,45,2,60,0,51,71,2,124,68,0,68,192
07/24/2010,BKL,OH,AGL,CE,Federal Contract Tower,0,11,20,0,31,0,11,45,3,59,0,22,65,3,90,56,0,56,146
07/25/2010,BKL,OH,AGL,CE,Federal Contract Tower,0,11,14,0,25,0,12,25,4,41,0,23,39,4,66,22,0,22,88
07/26/2010,BKL,OH,AGL,CE,Federal Contract Tower,2,16,36,2,56,0,20,63,0,83,2,36,99,2,139,22,0,22,161
07/27/2010,BKL,OH,AGL,CE,Federal Contract Tower,0,33,39,4,76,0,26,44,0,70,0,59,83,4,146,52,0,52,198
07/28/2010,BKL,OH,AGL,CE,Federal Contract Tower,0,29,30,2,61,0,30,33,0,63,0,59,63,2,124,30,0,30,154
07/29/2010,BKL,OH,AGL,CE,Federal Contract Tower,0,38,34,0,72,0,23,53,2,78,0,61,87,2,150,92,2,94,244
07/30/2010,BKL,OH,AGL,CE,Federal Contract Tower,2,33,23,0,58,0,23,68,0,91,2,56,91,0,149,86,0,86,235
07/31/2010,BKL,OH,AGL,CE,Federal Contract Tower,0,19,15,0,34,0,20,45,0,65,0,39,60,0,99,90,0,90,189
08/01/2010,BKL,OH,AGL,CE,Federal Contract Tower,0,5,18,0,23,0,12,54,2,68,0,17,72,2,91,90,0,90,181
08/02/2010,BKL,OH,AGL,CE,Federal Contract Tower,0,22,26,0,48,0,21,38,0,59,0,43,64,0,107,34,0,34,141
08/03/2010,BKL,OH,AGL,CE,Federal Contract Tower,0,32,32,0,64,0,33,45,0,78,0,65,77,0,142,108,0,108,250
08/04/2010,BKL,OH,AGL,CE,Federal Contract Tower,0,33,31,0,64,0,20,24,3,47,0,53,55,3,111,38,0,38,149
08/05/2010,BKL,OH,AGL,CE,Federal Contract Tower,0,46,27,0,73,0,11,46,0,57,0,57,73,0,130,46,0,46,176
08/06/2010,BKL,OH,AGL,CE,Federal Contract Tower,0,36,28,0,64,0,18,53,0,71,0,54,81,0,135,48,0,48,183
08/07/2010,BKL,OH,AGL,CE,Federal Contract Tower,0,11,19,0,30,0,11,66,0,77,0,22,85,0,107,44,0,44,151
08/08/2010,BKL,OH,AGL,CE,Federal Contract Tower,0,9,11,0,20,0,9,44,0,53,0,18,55,0,73,40,0,40,113
08/09/2010,BKL,OH,AGL,CE,Federal Contract Tower,0,15,18,0,33,0,12,42,0,54,0,27,60,0,87,42,0,42,129
08/10/2010,BKL,OH,AGL,CE,Federal Contract Tower,0,31,41,2,74,0,14,59,0,73,0,45,100,2,147,62,0,62,209
08/11/2010,BKL,OH,AGL,CE,Federal Contract Tower,0,24,35,0,59,0,53,38,0,91,0,77,73,0,150,18,0,18,168
08/12/2010,BKL,OH,AGL,CE,Federal Contract Tower,2,33,30,1,66,0,12,40,1,53,2,45,70,2,119,30,0,30,149
08/13/2010,BKL,OH,AGL,CE,Federal Contract Tower,0,33,29,0,62,0,30,54,0,84,0,63,83,0,146,60,0,60,206
08/14/2010,BKL,OH,AGL,CE,Federal Contract Tower,0,19,13,0,32,0,21,26,0,47,0,40,39,0,79,6,0,6,85
08/15/2010,BKL,OH,AGL,CE,Federal Contract Tower,2,8,16,0,26,0,16,38,2,56,2,24,54,2,82,46,0,46,128
08/16/2010,BKL,OH,AGL,CE,Federal Contract Tower,0,21,27,0,48,0,24,61,6,91,0,45,88,6,139,156,0,156,295
08/17/2010,BKL,OH,AGL,CE,Federal Contract Tower,0,35,42,0,77,0,43,53,0,96,0,78,95,0,173,98,0,98,271
08/18/2010,BKL,OH,AGL,CE,Federal Contract Tower,0,27,38,0,65,0,50,47,0,97,0,77,85,0,162,128,2,130,292
08/19/2010,BKL,OH,AGL,CE,Federal Contract Tower,2,25,36,0,63,0,22,59,0,81,2,47,95,0,144,82,0,82,226
08/20/2010,BKL,OH,AGL,CE,Federal Contract Tower,0,26,30,4,60,0,16,27,0,43,0,42,57,4,103,50,0,50,153
08/21/2010,BKL,OH,AGL,CE,Federal Contract Tower,0,8,19,0,27,0,15,21,0,36,0,23,40,0,63,34,0,34,97
08/22/2010,BKL,OH,AGL,CE,Federal Contract Tower,0,7,18,1,26,0,6,22,0,28,0,13,40,1,54,56,0,56,110
08/23/2010,BKL,OH,AGL,CE,Federal Contract Tower,3,18,25,1,47,0,17,37,1,55,3,35,62,2,102,140,0,140,242
08/24/2010,BKL,OH,AGL,CE,Federal Contract Tower,0,31,34,0,65,0,20,31,0,51,0,51,65,0,116,124,0,124,240
08/25/2010,BKL,OH,AGL,CE,Federal Contract Tower,0,32,29,0,61,0,8,57,1,66,0,40,86,1,127,84,0,84,211
08/26/2010,BKL,OH,AGL,CE,Federal Contract Tower,0,31,23,1,55,0,8,40,0,48,0,39,63,1,103,6,0,6,109
08/27/2010,BKL,OH,AGL,CE,Federal Contract Tower,1,18,19,1,39,0,11,49,0,60,1,29,68,1,99,40,0,40,139
08/28/2010,BKL,OH,AGL,CE,Federal Contract Tower,0,15,19,0,34,0,14,62,0,76,0,29,81,0,110,78,0,78,188
08/29/2010,BKL,OH,AGL,CE,Federal Contract Tower,0,6,21,0,27,0,12,48,0,60,0,18,69,0,87,46,0,46,133
08/30/2010,BKL,OH,AGL,CE,Federal Contract Tower,2,14,24,0,40,0,12,24,0,36,2,26,48,0,76,38,0,38,114
08/31/2010,BKL,OH,AGL,CE,Federal Contract Tower,0,29,31,3,63,0,26,28,2,56,0,55,59,5,119,24,0,24,143
09/01/2010,BKL,OH,AGL,CE,Federal Contract Tower,4,19,40,9,72,0,34,24,0,58,4,53,64,9,130,2,2,4,134
09/02/2010,BKL,OH,AGL,CE,Federal Contract Tower,0,21,33,3,57,0,26,25,6,57,0,47,58,9,114,2,40,42,156
09/03/2010,BKL,OH,AGL,CE,Federal Contract Tower,6,21,14,8,49,0,32,34,0,66,6,53,48,8,115,0,16,16,131
09/04/2010,BKL,OH,AGL,CE,Federal Contract Tower,0,8,1,1,10,0,10,4,3,17,0,18,5,4,27,0,0,0,27
09/05/2010,BKL,OH,AGL,CE,Federal Contract Tower,0,0,1,0,1,0,6,3,0,9,0,6,4,0,10,16,0,16,26
09/06/2010,BKL,OH,AGL,CE,Federal Contract Tower,1,2,1,3,7,0,9,6,1,16,1,11,7,4,23,4,0,4,27
09/07/2010,BKL,OH,AGL,CE,Federal Contract Tower,1,18,18,18,55,0,19,20,19,58,1,37,38,37,113,0,0,0,113
09/08/2010,BKL,OH,AGL,CE,Federal Contract Tower,0,29,16,3,48,0,14,5,4,23,0,43,21,7,71,0,0,0,71
09/09/2010,BKL,OH,AGL,CE,Federal Contract Tower,0,33,20,5,58,0,44,36,2,82,0,77,56,7,140,24,0,24,164
09/10/2010,BKL,OH,AGL,CE,Federal Contract Tower,0,27,28,0,55,0,50,62,0,112,0,77,90,0,167,78,0,78,245
09/11/2010,BKL,OH,AGL,CE,Federal Contract Tower,0,21,15,0,36,0,22,41,0,63,0,43,56,0,99,46,0,46,145
09/12/2010,BKL,OH,AGL,CE,Federal Contract Tower,0,9,18,0,27,0,9,35,0,44,0,18,53,0,71,12,0,12,83
09/13/2010,BKL,OH,AGL,CE,Federal Contract Tower,1,19,26,0,46,0,16,31,0,47,1,35,57,0,93,38,0,38,131
09/14/2010,BKL,OH,AGL,CE,Federal Contract Tower,1,34,45,0,80,0,24,44,0,68,1,58,89,0,148,14,0,14,162
09/15/2010,BKL,OH,AGL,CE,Federal Contract Tower,0,36,29,0,65,0,46,37,0,83,0,82,66,0,148,46,0,46,194
09/16/2010,BKL,OH,AGL,CE,Federal Contract Tower,0,34,28,0,62,0,18,11,0,29,0,52,39,0,91,0,0,0,91
09/17/2010,BKL,OH,AGL,CE,Federal Contract Tower,2,30,24,0,56,0,37,45,0,82,2,67,69,0,138,146,4,150,288
09/18/2010,BKL,OH,AGL,CE,Federal Contract Tower,0,14,16,2,32,0,48,71,0,119,0,62,87,2,151,56,0,56,207
09/19/2010,BKL,OH,AGL,CE,Federal Contract Tower,0,6,25,0,31,0,19,26,0,45,0,25,51,0,76,36,8,44,120
09/20/2010,BKL,OH,AGL,CE,Federal Contract Tower,0,20,14,1,35,0,15,47,0,62,0,35,61,1,97,90,0,90,187
09/21/2010,BKL,OH,AGL,CE,Federal Contract Tower,0,33,25,0,58,0,21,36,0,57,0,54,61,0,115,10,0,10,125
09/22/2010,BKL,OH,AGL,CE,Federal Contract Tower,0,25,26,0,51,0,27,29,0,56,0,52,55,0,107,38,0,38,145
09/23/2010,BKL,OH,AGL,CE,Federal Contract Tower,0,43,29,0,72,0,20,26,0,46,0,63,55,0,118,32,0,32,150
09/24/2010,BKL,OH,AGL,CE,Federal Contract Tower,0,25,24,0,49,0,41,13,0,54,0,66,37,0,103,0,0,0,103
09/25/2010,BKL,OH,AGL,CE,Federal Contract Tower,0,19,19,3,41,0,25,22,2,49,0,44,41,5,90,10,0,10,100
09/26/2010,BKL,OH,AGL,CE,Federal Contract Tower,2,10,12,0,24,0,17,33,0,50,2,27,45,0,74,24,0,24,98
09/27/2010,BKL,OH,AGL,CE,Federal Contract Tower,2,16,31,0,49,0,13,13,0,26,2,29,44,0,75,4,0,4,79
09/28/2010,BKL,OH,AGL,CE,Federal Contract Tower,0,38,36,0,74,0,0,1,0,1,0,38,37,0,75,0,0,0,75
09/29/2010,BKL,OH,AGL,CE,Federal Contract Tower,1,27,45,0,73,0,28,42,0,70,1,55,87,0,143,24,0,24,167
09/30/2010,BKL,OH,AGL,CE,Federal Contract Tower,1,30,32,1,64,0,37,36,2,75,1,67,68,3,139,74,0,74,213
10/01/2010,BKL,OH,AGL,CE,Federal Contract Tower,0,27,16,0,43,0,33,29,5,67,0,60,45,5,110,18,0,18,128
10/02/2010,BKL,OH,AGL,CE,Federal Contract Tower,2,14,16,0,32,0,9,23,0,32,2,23,39,0,64,104,0,104,168
10/03/2010,BKL,OH,AGL,CE,Federal Contract Tower,2,9,23,0,34,0,15,31,0,46,2,24,54,0,80,68,0,68,148
10/04/2010,BKL,OH,AGL,CE,Federal Contract Tower,0,19,26,0,45,0,16,11,0,27,0,35,37,0,72,20,0,20,92
10/05/2010,BKL,OH,AGL,CE,Federal Contract Tower,0,30,17,0,47,0,23,9,0,32,0,53,26,0,79,4,0,4,83
10/06/2010,BKL,OH,AGL,CE,Federal Contract Tower,0,46,37,0,83,0,20,21,0,41,0,66,58,0,124,62,0,62,186
10/07/2010,BKL,OH,AGL,CE,Federal Contract Tower,0,25,37,0,62,0,22,38,0,60,0,47,75,0,122,124,0,124,246
10/08/2010,BKL,OH,AGL,CE,Federal Contract Tower,0,25,25,2,52,0,21,63,0,84,0,46,88,2,136,162,2,164,300
10/09/2010,BKL,OH,AGL,CE,Federal Contract Tower,0,17,21,1,39,0,19,92,0,111,0,36,113,1,150,170,0,170,320
10/10/2010,BKL,OH,AGL,CE,Federal Contract Tower,0,5,27,0,32,0,29,94,0,123,0,34,121,0,155,74,0,74,229
10/11/2010,BKL,OH,AGL,CE,Federal Contract Tower,0,11,27,0,38,0,19,33,0,52,0,30,60,0,90,46,0,46,136
10/12/2010,BKL,OH,AGL,CE,Federal Contract Tower,0,26,30,1,57,0,19,40,2,61,0,45,70,3,118,60,0,60,178
10/13/2010,BKL,OH,AGL,CE,Federal Contract Tower,0,34,24,0,58,0,32,51,5,88,0,66,75,5,146,34,0,34,180
10/14/2010,BKL,OH,AGL,CE,Federal Contract Tower,0,37,27,0,64,0,12,29,0,41,0,49,56,0,105,42,0,42,147
10/15/2010,BKL,OH,AGL,CE,Federal Contract Tower,0,29,26,2,57,0,19,37,0,56,0,48,63,2,113,36,2,38,151
10/16/2010,BKL,OH,AGL,CE,Federal Contract Tower,0,18,28,0,46,0,9,65,0,74,0,27,93,0,120,30,0,30,150
10/17/2010,BKL,OH,AGL,CE,Federal Contract Tower,0,12,17,0,29,0,16,45,9,70,0,28,62,9,99,74,0,74,173
10/18/2010,BKL,OH,AGL,CE,Federal Contract Tower,0,14,23,0,37,0,19,30,0,49,0,33,53,0,86,4,0,4,90
10/19/2010,BKL,OH,AGL,CE,Federal Contract Tower,0,26,28,1,55,0,36,41,0,77,0,62,69,1,132,70,2,72,204
10/20/2010,BKL,OH,AGL,CE,Federal Contract Tower,0,34,30,4,68,0,38,40,0,78,0,72,70,4,146,2,0,2,148
10/21/2010,BKL,OH,AGL,CE,Federal Contract Tower,0,36,30,4,70,0,22,31,1,54,0,58,61,5,124,0,0,0,124
10/22/2010,BKL,OH,AGL,CE,Federal Contract Tower,0,28,27,1,56,0,20,46,2,68,0,48,73,3,124,102,8,110,234
10/23/2010,BKL,OH,AGL,CE,Federal Contract Tower,0,18,13,3,34,0,25,30,0,55,0,43,43,3,89,88,10,98,187
10/24/2010,BKL,OH,AGL,CE,Federal Contract Tower,0,5,14,1,20,0,9,29,0,38,0,14,43,1,58,14,4,18,76
10/25/2010,BKL,OH,AGL,CE,Federal Contract Tower,0,12,20,0,32,0,20,30,1,51,0,32,50,1,83,28,0,28,111
10/26/2010,BKL,OH,AGL,CE,Federal Contract Tower,0,31,29,0,60,0,15,1,0,16,0,46,30,0,76,0,0,0,76
10/27/2010,BKL,OH,AGL,CE,Federal Contract Tower,1,28,35,0,64,0,19,18,0,37,1,47,53,0,101,16,0,16,117
10/28/2010,BKL,OH,AGL,CE,Federal Contract Tower,1,26,34,0,61,0,11,18,3,32,1,37,52,3,93,20,0,20,113
10/29/2010,BKL,OH,AGL,CE,Federal Contract Tower,0,24,16,0,40,0,34,32,0,66,0,58,48,0,106,72,0,72,178
10/30/2010,BKL,OH,AGL,CE,Federal Contract Tower,0,8,14,0,22,0,13,37,0,50,0,21,51,0,72,78,0,78,150
10/31/2010,BKL,OH,AGL,CE,Federal Contract Tower,0,5,18,0,23,0,22,14,5,41,0,27,32,5,64,0,0,0,64
11/01/2010,BKL,OH,AGL,CE,Federal Contract Tower,0,13,34,2,49,0,26,44,0,70,0,39,78,2,119,36,0,36,155
11/02/2010,BKL,OH,AGL,CE,Federal Contract Tower,0,33,36,0,69,0,16,20,2,38,0,49,56,2,107,78,0,78,185
11/03/2010,BKL,OH,AGL,CE,Federal Contract Tower,0,32,48,3,83,0,33,37,0,70,0,65,85,3,153,138,0,138,291
11/04/2010,BKL,OH,AGL,CE,Federal Contract Tower,0,28,30,0,58,0,36,18,0,54,0,64,48,0,112,22,0,22,134
11/05/2010,BKL,OH,AGL,CE,Federal Contract Tower,0,28,13,0,41,0,22,15,0,37,0,50,28,0,78,26,0,26,104
11/06/2010,BKL,OH,AGL,CE,Federal Contract Tower,0,12,14,0,26,0,12,16,0,28,0,24,30,0,54,32,0,32,86
11/07/2010,BKL,OH,AGL,CE,Federal Contract Tower,0,20,37,0,57,0,17,71,0,88,0,37,108,0,145,96,4,100,245
11/08/2010,BKL,OH,AGL,CE,Federal Contract Tower,0,17,27,0,44,0,52,31,0,83,0,69,58,0,127,26,0,26,153
11/09/2010,BKL,OH,AGL,CE,Federal Contract Tower,0,38,24,0,62,0,32,51,0,83,0,70,75,0,145,50,0,50,195
11/10/2010,BKL,OH,AGL,CE,Federal Contract Tower,0,35,32,2,69,0,35,49,0,84,0,70,81,2,153,86,0,86,239
11/11/2010,BKL,OH,AGL,CE,Federal Contract Tower,0,29,33,0,62,0,37,38,0,75,0,66,71,0,137,146,0,146,283
11/12/2010,BKL,OH,AGL,CE,Federal Contract Tower,0,17,21,0,38,0,13,44,1,58,0,30,65,1,96,88,0,88,184
11/13/2010,BKL,OH,AGL,CE,Federal Contract Tower,0,13,24,0,37,0,23,95,0,118,0,36,119,0,155,98,0,98,253
11/14/2010,BKL,OH,AGL,CE,Federal Contract Tower,0,20,23,0,43,0,9,33,0,42,0,29,56,0,85,0,0,0,85
11/15/2010,BKL,OH,AGL,CE,Federal Contract Tower,0,20,36,0,56,0,12,30,0,42,0,32,66,0,98,24,0,24,122
11/16/2010,BKL,OH,AGL,CE,Federal Contract Tower,0,41,35,0,76,0,23,37,0,60,0,64,72,0,136,78,0,78,214
11/17/2010,BKL,OH,AGL,CE,Federal Contract Tower,0,36,19,1,56,0,23,13,0,36,0,59,32,1,92,4,0,4,96
11/18/2010,BKL,OH,AGL,CE,Federal Contract Tower,0,40,21,1,62,0,16,12,0,28,0,56,33,1,90,44,0,44,134
11/19/2010,BKL,OH,AGL,CE,Federal Contract Tower,0,29,17,1,47,0,24,42,0,66,0,53,59,1,113,58,0,58,171
11/20/2010,BKL,OH,AGL,CE,Federal Contract Tower,0,18,11,0,29,0,16,65,0,81,0,34,76,0,110,190,0,190,300
11/21/2010,BKL,OH,AGL,CE,Federal Contract Tower,0,7,9,0,16,0,20,30,0,50,0,27,39,0,66,18,0,18,84
11/22/2010,BKL,OH,AGL,CE,Federal Contract Tower,0,17,18,1,36,0,9,11,0,20,0,26,29,1,56,0,2,2,58
11/23/2010,BKL,OH,AGL,CE,Federal Contract Tower,1,37,19,0,57,0,21,12,2,35,1,58,31,2,92,0,0,0,92
11/24/2010,BKL,OH,AGL,CE,Federal Contract Tower,0,32,19,0,51,0,25,40,0,65,0,57,59,0,116,112,0,112,228
11/25/2010,BKL,OH,AGL,CE,Federal Contract Tower,1,19,5,0,25,0,0,0,0,0,1,19,5,0,25,0,0,0,25
11/26/2010,BKL,OH,AGL,CE,Federal Contract Tower,0,8,7,0,15,0,5,15,0,20,0,13,22,0,35,36,0,36,71
11/27/2010,BKL,OH,AGL,CE,Federal Contract Tower,2,6,12,0,20,0,15,10,0,25,2,21,22,0,45,30,0,30,75
11/28/2010,BKL,OH,AGL,CE,Federal Contract Tower,2,8,20,0,30,0,26,60,0,86,2,34,80,0,116,114,0,114,230
11/29/2010,BKL,OH,AGL,CE,Federal Contract Tower,2,19,15,1,37,0,9,19,1,29,2,28,34,2,66,96,0,96,162
11/30/2010,BKL,OH,AGL,CE,Federal Contract Tower,0,29,23,2,54,0,21,2,1,24,0,50,25,3,78,8,2,10,88
12/01/2010,BKL,OH,AGL,CE,Federal Contract Tower,2,31,25,0,58,0,10,1,0,11,2,41,26,0,69,0,0,0,69
12/02/2010,BKL,OH,AGL,CE,Federal Contract Tower,1,35,28,0,64,0,20,11,0,31,1,55,39,0,95,24,0,24,119
12/03/2010,BKL,OH,AGL,CE,Federal Contract Tower,0,38,32,0,70,0,14,29,0,43,0,52,61,0,113,30,0,30,143
12/04/2010,BKL,OH,AGL,CE,Federal Contract Tower,0,12,11,2,25,0,28,34,0,62,0,40,45,2,87,116,0,116,203
12/05/2010,BKL,OH,AGL,CE,Federal Contract Tower,0,9,9,0,18,0,7,0,0,7,0,16,9,0,25,0,0,0,25
12/06/2010,BKL,OH,AGL,CE,Federal Contract Tower,0,10,15,0,25,0,2,0,0,2,0,12,15,0,27,0,0,0,27
12/07/2010,BKL,OH,AGL,CE,Federal Contract Tower,0,35,17,0,52,0,0,0,0,0,0,35,17,0,52,0,0,0,52
12/08/2010,BKL,OH,AGL,CE,Federal Contract Tower,0,19,8,0,27,0,15,1,0,16,0,34,9,0,43,0,0,0,43
12/09/2010,BKL,OH,AGL,CE,Federal Contract Tower,0,24,27,0,51,0,29,25,0,54,0,53,52,0,105,40,0,40,145
12/10/2010,BKL,OH,AGL,CE,Federal Contract Tower,0,22,15,0,37,0,19,21,0,40,0,41,36,0,77,76,0,76,153
12/11/2010,BKL,OH,AGL,CE,Federal Contract Tower,0,12,18,1,31,0,23,39,0,62,0,35,57,1,93,78,0,78,171
12/12/2010,BKL,OH,AGL,CE,Federal Contract Tower,0,2,4,0,6,0,2,3,0,5,0,4,7,0,11,0,0,0,11
12/13/2010,BKL,OH,AGL,CE,Federal Contract Tower,0,6,2,0,8,0,0,0,0,0,0,6,2,0,8,0,0,0,8
12/14/2010,BKL,OH,AGL,CE,Federal Contract Tower,0,22,8,0,30,0,18,1,0,19,0,40,9,0,49,0,0,0,49
12/15/2010,BKL,OH,AGL,CE,Federal Contract Tower,0,31,10,0,41,0,26,8,0,34,0,57,18,0,75,20,0,20,95
12/16/2010,BKL,OH,AGL,CE,Federal Contract Tower,0,30,29,0,59,0,21,27,0,48,0,51,56,0,107,68,0,68,175
12/17/2010,BKL,OH,AGL,CE,Federal Contract Tower,0,39,16,0,55,0,14,20,0,34,0,53,36,0,89,60,0,60,149
12/18/2010,BKL,OH,AGL,CE,Federal Contract Tower,0,16,8,0,24,0,15,39,0,54,0,31,47,0,78,94,0,94,172
12/19/2010,BKL,OH,AGL,CE,Federal Contract Tower,1,10,3,0,14,0,8,9,0,17,1,18,12,0,31,24,0,24,55
12/20/2010,BKL,OH,AGL,CE,Federal Contract Tower,0,10,20,0,30,0,4,4,0,8,0,14,24,0,38,14,0,14,52
12/21/2010,BKL,OH,AGL,CE,Federal Contract Tower,0,20,25,0,45,0,15,4,0,19,0,35,29,0,64,12,0,12,76
12/22/2010,BKL,OH,AGL,CE,Federal Contract Tower,0,35,15,0,50,0,16,5,0,21,0,51,20,0,71,0,0,0,71
12/23/2010,BKL,OH,AGL,CE,Federal Contract Tower,0,25,7,0,32,0,27,7,0,34,0,52,14,0,66,0,0,0,66
12/24/2010,BKL,OH,AGL,CE,Federal Contract Tower,0,21,13,0,34,0,18,3,0,21,0,39,16,0,55,0,0,0,55
12/25/2010,BKL,OH,AGL,CE,Federal Contract Tower,0,6,5,0,11,0,8,2,0,10,0,14,7,0,21,0,0,0,21
12/26/2010,BKL,OH,AGL,CE,Federal Contract Tower,0,11,6,0,17,0,2,2,0,4,0,13,8,0,21,0,0,0,21
12/27/2010,BKL,OH,AGL,CE,Federal Contract Tower,0,14,2,0,16,0,4,3,0,7,0,18,5,0,23,6,0,6,29
12/28/2010,BKL,OH,AGL,CE,Federal Contract Tower,0,25,16,2,43,0,29,36,0,65,0,54,52,2,108,90,0,90,198
12/29/2010,BKL,OH,AGL,CE,Federal Contract Tower,0,27,11,0,38,0,34,53,0,87,0,61,64,0,125,120,2,122,247
12/30/2010,BKL,OH,AGL,CE,Federal Contract Tower,0,15,9,0,24,0,31,8,0,39,0,46,17,0,63,32,0,32,95
12/31/2010,BKL,OH,AGL,CE,Federal Contract Tower,0,24,6,0,30,0,21,25,0,46,0,45,31,0,76,26,0,26,102
01/01/2011,BKL,OH,AGL,CE,Federal Contract Tower,0,13,8,0,21,0,12,6,0,18,0,25,14,0,39,0,0,0,39
01/02/2011,BKL,OH,AGL,CE,Federal Contract Tower,0,4,22,0,26,0,10,17,0,27,0,14,39,0,53,34,0,34,87
01/03/2011,BKL,OH,AGL,CE,Federal Contract Tower,0,9,12,0,21,0,13,34,0,47,0,22,46,0,68,84,0,84,152
01/04/2011,BKL,OH,AGL,CE,Federal Contract Tower,0,21,19,0,40,0,15,26,0,41,0,36,45,0,81,56,0,56,137
01/05/2011,BKL,OH,AGL,CE,Federal Contract Tower,0,30,23,1,54,0,17,24,0,41,0,47,47,1,95,44,0,44,139
01/06/2011,BKL,OH,AGL,CE,Federal Contract Tower,0,22,14,0,36,0,11,6,0,17,0,33,20,0,53,8,0,8,61
01/07/2011,BKL,OH,AGL,CE,Federal Contract Tower,0,10,12,0,22,0,12,6,0,18,0,22,18,0,40,18,0,18,58
01/08/2011,BKL,OH,AGL,CE,Federal Contract Tower,0,15,4,0,19,0,11,2,0,13,0,26,6,0,32,0,0,0,32
01/09/2011,BKL,OH,AGL,CE,Federal Contract Tower,0,7,11,4,22,0,9,18,0,27,0,16,29,4,49,4,0,4,53
01/10/2011,BKL,OH,AGL,CE,Federal Contract Tower,0,7,15,0,22,0,14,14,0,28,0,21,29,0,50,56,0,56,106
01/11/2011,BKL,OH,AGL,CE,Federal Contract Tower,0,26,6,0,32,0,3,8,0,11,0,29,14,0,43,50,0,50,93
01/12/2011,BKL,OH,AGL,CE,Federal Contract Tower,0,14,5,0,19,0,0,0,0,0,0,14,5,0,19,0,0,0,19
01/13/2011,BKL,OH,AGL,CE,Federal Contract Tower,0,33,21,0,54,0,6,9,0,15,0,39,30,0,69,70,0,70,139
01/14/2011,BKL,OH,AGL,CE,Federal Contract Tower,0,21,22,0,43,0,10,7,0,17,0,31,29,0,60,16,0,16,76
01/15/2011,BKL,OH,AGL,CE,Federal Contract Tower,0,12,5,0,17,0,10,5,0,15,0,22,10,0,32,12,0,12,44
01/16/2011,BKL,OH,AGL,CE,Federal Contract Tower,0,7,4,0,11,0,11,27,0,38,0,18,31,0,49,66,0,66,115
01/17/2011,BKL,OH,AGL,CE,Federal Contract Tower,1,6,18,0,25,0,29,41,0,70,1,35,59,0,95,140,0,140,235
01/18/2011,BKL,OH,AGL,CE,Federal Contract Tower,0,18,18,0,36,0,5,3,0,8,0,23,21,0,44,0,0,0,44
01/19/2011,BKL,OH,AGL,CE,Federal Contract Tower,0,14,12,0,26,0,6,6,0,12,0,20,18,0,38,18,0,18,56
01/20/2011,BKL,OH,AGL,CE,Federal Contract Tower,2,15,14,0,31,0,14,0,0,14,2,29,14,0,45,50,0,50,95
01/21/2011,BKL,OH,AGL,CE,Federal Contract Tower,1,16,15,0,32,0,4,5,1,10,1,20,20,1,42,20,0,20,62
01/22/2011,BKL,OH,AGL,CE,Federal Contract Tower,0,11,6,0,17,0,17,38,0,55,0,28,44,0,72,88,0,88,160
01/23/2011,BKL,OH,AGL,CE,Federal Contract Tower,0,5,5,0,10,0,7,24,0,31,0,12,29,0,41,26,0,26,67
01/24/2011,BKL,OH,AGL,CE,Federal Contract Tower,0,13,22,0,35,0,9,6,0,15,0,22,28,0,50,4,0,4,54
01/25/2011,BKL,OH,AGL,CE,Federal Contract Tower,0,21,36,0,57,0,21,9,0,30,0,42,45,0,87,30,0,30,117
01/26/2011,BKL,OH,AGL,CE,Federal Contract Tower,0,31,23,0,54,0,10,5,0,15,0,41,28,0,69,26,0,26,95
01/27/2011,BKL,OH,AGL,CE,Federal Contract Tower,2,31,18,0,51,0,7,6,0,13,2,38,24,0,64,32,0,32,96
01/28/2011,BKL,OH,AGL,CE,Federal Contract Tower,0,21,16,0,37,0,6,2,0,8,0,27,18,0,45,26,0,26,71
01/29/2011,BKL,OH,AGL,CE,Federal Contract Tower,1,19,4,0,24,0,15,10,0,25,1,34,14,0,49,6,0,6,55
01/30/2011,BKL,OH,AGL,CE,Federal Contract Tower,0,7,7,0,14,0,12,43,0,55,0,19,50,0,69,102,0,102,171
01/31/2011,BKL,OH,AGL,CE,Federal Contract Tower,0,11,17,0,28,0,11,23,0,34,0,22,40,0,62,138,0,138,200
02/01/2011,BKL,OH,AGL,CE,Federal Contract Tower,0,19,8,0,27,0,6,2,0,8,0,25,10,0,35,4,0,4,39
02/02/2011,BKL,OH,AGL,CE,Federal Contract Tower,0,3,4,0,7,0,2,0,0,2,0,5,4,0,9,0,0,0,9
02/03/2011,BKL,OH,AGL,CE,Federal Contract Tower,0,10,25,1,36,0,10,14,0,24,0,20,39,1,60,136,0,136,196
02/04/2011,BKL,OH,AGL,CE,Federal Contract Tower,0,26,25,1,52,0,18,33,2,53,0,44,58,3,105,76,0,76,181
02/05/2011,BKL,OH,AGL,CE,Federal Contract Tower,0,11,3,0,14,0,3,19,0,22,0,14,22,0,36,58,0,58,94
02/06/2011,BKL,OH,AGL,CE,Federal Contract Tower,0,4,4,0,8,0,6,0,0,6,0,10,4,0,14,80,0,80,94
02/07/2011,BKL,OH,AGL,CE,Federal Contract Tower,0,6,16,0,22,0,5,0,0,5,0,11,16,0,27,0,0,0,27
02/08/2011,BKL,OH,AGL,CE,Federal Contract Tower,0,25,26,0,51,0,16,31,0,47,0,41,57,0,98,76,0,76,174
02/09/2011,BKL,OH,AGL,CE,Federal Contract Tower,0,21,27,0,48,0,14,19,0,33,0,35,46,0,81,88,0,88,169
02/10/2011,BKL,OH,AGL,CE,Federal Contract Tower,0,20,32,0,52,0,16,39,0,55,0,36,71,0,107,114,0,114,221
02/11/2011,BKL,OH,AGL,CE,Federal Contract Tower,0,20,37,0,57,0,16,34,0,50,0,36,71,0,107,40,0,40,147
02/12/2011,BKL,OH,AGL,CE,Federal Contract Tower,0,9,4,0,13,0,6,23,0,29,0,15,27,0,42,84,0,84,126
02/13/2011,BKL,OH,AGL,CE,Federal Contract Tower,0,7,6,0,13,0,29,7,0,36,0,36,13,0,49,4,0,4,53
02/14/2011,BKL,OH,AGL,CE,Federal Contract Tower,0,16,13,0,29,0,14,0,0,14,0,30,13,0,43,0,0,0,43
02/15/2011,BKL,OH,AGL,CE,Federal Contract Tower,0,31,20,0,51,0,23,30,0,53,0,54,50,0,104,28,0,28,132
02/16/2011,BKL,OH,AGL,CE,Federal Contract Tower,0,24,23,0,47,0,35,53,0,88,0,59,76,0,135,48,0,48,183
02/17/2011,BKL,OH,AGL,CE,Federal Contract Tower,0,20,16,2,38,0,20,17,1,38,0,40,33,3,76,2,0,2,78
02/18/2011,BKL,OH,AGL,CE,Federal Contract Tower,0,31,11,4,46,0,29,27,3,59,0,60,38,7,105,16,0,16,121
02/19/2011,BKL,OH,AGL,CE,Federal Contract Tower,0,15,6,0,21,0,9,19,0,28,0,24,25,0,49,72,0,72,121
02/20/2011,BKL,OH,AGL,CE,Federal Contract Tower,0,8,16,0,24,0,16,28,0,44,0,24,44,0,68,62,0,62,130
02/21/2011,BKL,OH,AGL,CE,Federal Contract Tower,0,5,14,0,19,0,4,0,0,4,0,9,14,0,23,0,0,0,23
02/22/2011,BKL,OH,AGL,CE,Federal Contract Tower,0,19,13,0,32,0,12,6,5,23,0,31,19,5,55,0,0,0,55
02/23/2011,BKL,OH,AGL,CE,Federal Contract Tower,0,31,32,0,63,0,35,14,0,49,0,66,46,0,112,48,0,48,160
02/24/2011,BKL,OH,AGL,CE,Federal Contract Tower,1,25,29,2,57,0,8,14,0,22,1,33,43,2,79,66,0,66,145
02/25/2011,BKL,OH,AGL,CE,Federal Contract Tower,0,20,9,0,29,0,4,0,0,4,0,24,9,0,33,0,0,0,33
02/26/2011,BKL,OH,AGL,CE,Federal Contract Tower,1,14,4,0,19,0,9,10,0,19,1,23,14,0,38,52,0,52,90
02/27/2011,BKL,OH,AGL,CE,Federal Contract Tower,0,6,15,0,21,0,6,4,0,10,0,12,19,0,31,16,0,16,47
02/28/2011,BKL,OH,AGL,CE,Federal Contract Tower,0,19,14,0,33,0,10,4,0,14,0,29,18,0,47,0,0,0,47
03/01/2011,BKL,OH,AGL,CE,Federal Contract Tower,0,19,12,5,36,0,26,22,0,48,0,45,34,5,84,26,8,34,118
03/02/2011,BKL,OH,AGL,CE,Federal Contract Tower,0,31,32,4,67,0,32,29,0,61,0,63,61,4,128,72,0,72,200
03/03/2011,BKL,OH,AGL,CE,Federal Contract Tower,0,18,26,2,46,0,30,35,0,65,0,48,61,2,111,156,0,156,267
03/04/2011,BKL,OH,AGL,CE,Federal Contract Tower,0,18,35,0,53,0,29,25,0,54,0,47,60,0,107,6,0,6,113
03/05/2011,BKL,OH,AGL,CE,Federal Contract Tower,0,17,4,0,21,0,18,3,0,21,0,35,7,0,42,0,0,0,42
03/06/2011,BKL,OH,AGL,CE,Federal Contract Tower,0,9,5,0,14,0,2,0,0,2,0,11,5,0,16,0,0,0,16
03/07/2011,BKL,OH,AGL,CE,Federal Contract Tower,0,13,13,4,30,0,16,27,0,43,0,29,40,4,73,100,0,100,173
03/08/2011,BKL,OH,AGL,CE,Federal Contract Tower,0,24,24,0,48,0,23,54,0,77,0,47,78,0,125,84,0,84,209
03/09/2011,BKL,OH,AGL,CE,Federal Contract Tower,0,25,18,0,43,0,9,7,0,16,0,34,25,0,59,0,0,0,59
03/10/2011,BKL,OH,AGL,CE,Federal Contract Tower,0,16,22,0,38,0,2,0,0,2,0,18,22,0,40,0,0,0,40
03/11/2011,BKL,OH,AGL,CE,Federal Contract Tower,0,9,6,0,15,0,5,2,0,7,0,14,8,0,22,0,0,0,22
03/12/2011,BKL,OH,AGL,CE,Federal Contract Tower,0,16,9,1,26,0,28,23,4,55,0,44,32,5,81,46,0,46,127
03/13/2011,BKL,OH,AGL,CE,Federal Contract Tower,0,9,11,1,21,0,6,33,0,39,0,15,44,1,60,92,0,92,152
03/14/2011,BKL,OH,AGL,CE,Federal Contract Tower,0,15,14,0,29,0,14,30,0,44,0,29,44,0,73,98,0,98,171
03/15/2011,BKL,OH,AGL,CE,Federal Contract Tower,0,30,20,0,50,0,5,28,0,33,0,35,48,0,83,98,0,98,181
03/16/2011,BKL,OH,AGL,CE,Federal Contract Tower,0,28,36,0,64,0,15,16,0,31,0,43,52,0,95,66,0,66,161
03/17/2011,BKL,OH,AGL,CE,Federal Contract Tower,0,29,16,0,45,0,35,44,0,79,0,64,60,0,124,122,4,126,250
03/18/2011,BKL,OH,AGL,CE,Federal Contract Tower,0,22,26,0,48,0,48,58,0,106,0,70,84,0,154,88,0,88,242
03/19/2011,BKL,OH,AGL,CE,Federal Contract Tower,0,21,18,0,39,0,16,67,0,83,0,37,85,0,122,118,0,118,240
03/20/2011,BKL,OH,AGL,CE,Federal Contract Tower,0,8,16,0,24,0,21,60,6,87,0,29,76,6,111,102,0,102,213
03/21/2011,BKL,OH,AGL,CE,Federal Contract Tower,0,20,23,0,43,0,12,6,0,18,0,32,29,0,61,0,0,0,61
03/22/2011,BKL,OH,AGL,CE,Federal Contract Tower,0,16,22,0,38,0,21,23,0,44,0,37,45,0,82,70,0,70,152
03/23/2011,BKL,OH,AGL,CE,Federal Contract Tower,0,29,13,0,42,0,3,0,0,3,0,32,13,0,45,0,0,0,45
03/24/2011,BKL,OH,AGL,CE,Federal Contract Tower,0,25,19,0,44,0,16,23,0,39,0,41,42,0,83,22,0,22,105
03/25/2011,BKL,OH,AGL,CE,Federal Contract Tower,0,22,25,4,51,0,30,29,1,60,0,52,54,5,111,38,0,38,149
03/26/2011,BKL,OH,AGL,CE,Federal Contract Tower,0,14,6,0,20,0,30,54,1,85,0,44,60,1,105,90,8,98,203
03/27/2011,BKL,OH,AGL,CE,Federal Contract Tower,0,6,8,0,14,0,19,37,0,56,0,25,45,0,70,70,0,70,140
03/28/2011,BKL,OH,AGL,CE,Federal Contract Tower,1,15,26,2,44,0,22,35,0,57,1,37,61,2,101,82,0,82,183
03/29/2011,BKL,OH,AGL,CE,Federal Contract Tower,0,34,30,0,64,0,22,34,0,56,0,56,64,0,120,122,0,122,242
03/30/2011,BKL,OH,AGL,CE,Federal Contract Tower,1,12,27,0,40,0,14,29,0,43,1,26,56,0,83,22,0,22,105
03/31/2011,BKL,OH,AGL,CE,Federal Contract Tower,2,16,24,0,42,0,14,20,0,34,2,30,44,0,76,26,0,26,102
04/01/2011,BKL,OH,AGL,CE,Federal Contract Tower,0,25,23,0,48,0,19,57,0,76,0,44,80,0,124,54,0,54,178
04/02/2011,BKL,OH,AGL,CE,Federal Contract Tower,0,11,11,0,22,0,5,24,0,29,0,16,35,0,51,6,2,8,59
04/03/2011,BKL,OH,AGL,CE,Federal Contract Tower,2,9,13,0,24,0,4,15,0,19,2,13,28,0,43,30,0,30,73
04/04/2011,BKL,OH,AGL,CE,Federal Contract Tower,0,13,13,0,26,0,1,1,0,2,0,14,14,0,28,0,0,0,28
04/05/2011,BKL,OH,AGL,CE,Federal Contract Tower,0,27,22,0,49,0,21,29,0,50,0,48,51,0,99,22,0,22,121
04/06/2011,BKL,OH,AGL,CE,Federal Contract Tower,0,33,26,0,59,0,32,18,0,50,0,65,44,0,109,16,0,16,125
04/07/2011,BKL,OH,AGL,CE,Federal Contract Tower,0,16,15,0,31,0,5,0,0,5,0,21,15,0,36,2,0,2,38
04/08/2011,BKL,OH,AGL,CE,Federal Contract Tower,0,17,17,0,34,0,56,16,0,72,0,73,33,0,106,12,0,12,118
04/09/2011,BKL,OH,AGL,CE,Federal Contract Tower,0,11,25,0,36,0,18,32,0,50,0,29,57,0,86,44,0,44,130
04/10/2011,BKL,OH,AGL,CE,Federal Contract Tower,0,5,6,0,11,0,46,18,0,64,0,51,24,0,75,0,0,0,75
04/11/2011,BKL,OH,AGL,CE,Federal Contract Tower,0,17,22,0,39,0,11,4,0,15,0,28,26,0,54,4,0,4,58
04/12/2011,BKL,OH,AGL,CE,Federal Contract Tower,0,33,26,4,63,0,16,9,1,26,0,49,35,5,89,18,0,18,107
04/13/2011,BKL,OH,AGL,CE,Federal Contract Tower,0,40,40,4,84,0,25,62,0,87,0,65,102,4,171,84,4,88,259
04/14/2011,BKL,OH,AGL,CE,Federal Contract Tower,0,31,32,0,63,0,29,73,0,102,0,60,105,0,165,190,0,190,355
04/15/2011,BKL,OH,AGL,CE,Federal Contract Tower,1,27,25,0,53,0,29,53,2,84,1,56,78,2,137,88,2,90,227
04/16/2011,BKL,OH,AGL,CE,Federal Contract Tower,0,17,8,0,25,0,2,4,0,6,0,19,12,0,31,0,0,0,31
04/17/2011,BKL,OH,AGL,CE,Federal Contract Tower,1,10,14,0,25,0,5,10,0,15,1,15,24,0,40,0,0,0,40
04/18/2011,BKL,OH,AGL,CE,Federal Contract Tower,0,14,30,2,46,0,17,8,0,25,0,31,38,2,71,14,0,14,85
04/19/2011,BKL,OH,AGL,CE,Federal Contract Tower,0,34,25,0,59,0,3,2,0,5,0,37,27,0,64,0,0,0,64
04/20/2011,BKL,OH,AGL,CE,Federal Contract Tower,0,30,26,0,56,0,23,3,0,26,0,53,29,0,82,0,0,0,82
04/21/2011,BKL,OH,AGL,CE,Federal Contract Tower,0,36,15,0,51,0,22,61,0,83,0,58,76,0,134,112,0,112,246
04/22/2011,BKL,OH,AGL,CE,Federal Contract Tower,0,26,17,0,43,0,5,10,0,15,0,31,27,0,58,12,0,12,70
04/23/2011,BKL,OH,AGL,CE,Federal Contract Tower,0,11,14,0,25,0,13,29,0,42,0,24,43,0,67,86,0,86,153
04/24/2011,BKL,OH,AGL,CE,Federal Contract Tower,0,8,14,0,22,0,3,0,0,3,0,11,14,0,25,0,0,0,25
04/25/2011,BKL,OH,AGL,CE,Federal Contract Tower,0,8,17,1,26,0,0,0,0,0,0,8,17,1,26,0,0,0,26
04/26/2011,BKL,OH,AGL,CE,Federal Contract Tower,0,28,33,0,61,0,7,9,0,16,0,35,42,0,77,8,0,8,85
04/27/2011,BKL,OH,AGL,CE,Federal Contract Tower,0,36,28,0,64,0,33,7,0,40,0,69,35,0,104,0,0,0,104
04/28/2011,BKL,OH,AGL,CE,Federal Contract Tower,0,41,11,0,52,0,6,2,0,8,0,47,13,0,60,0,0,0,60
04/29/2011,BKL,OH,AGL,CE,Federal Contract Tower,0,27,31,0,58,0,19,32,0,51,0,46,63,0,109,64,0,64,173
04/30/2011,BKL,OH,AGL,CE,Federal Contract Tower,0,19,17,0,36,0,19,82,0,101,0,38,99,0,137,156,0,156,293
05/01/2011,BKL,OH,AGL,CE,Federal Contract Tower,0,10,16,0,26,0,11,27,0,38,0,21,43,0,64,12,0,12,76
05/02/2011,BKL,OH,AGL,CE,Federal Contract Tower,0,24,20,0,44,0,9,26,0,35,0,33,46,0,79,44,0,44,123
05/03/2011,BKL,OH,AGL,CE,Federal Contract Tower,0,27,18,0,45,0,5,1,0,6,0,32,19,0,51,2,0,2,53
05/04/2011,BKL,OH,AGL,CE,Federal Contract Tower,0,35,14,3,52,0,13,35,0,48,0,48,49,3,100,38,6,44,144
05/05/2011,BKL,OH,AGL,CE,Federal Contract Tower,0,19,21,6,46,0,33,69,2,104,0,52,90,8,150,226,16,242,392
05/06/2011,BKL,OH,AGL,CE,Federal Contract Tower,0,24,22,6,52,0,34,35,2,71,0,58,57,8,123,56,4,60,183
05/07/2011,BKL,OH,AGL,CE,Federal Contract Tower,0,12,6,0,18,0,11,33,0,44,0,23,39,0,62,64,0,64,126
05/08/2011,BKL,OH,AGL,CE,Federal Contract Tower,0,4,7,0,11,0,23,35,0,58,0,27,42,0,69,48,0,48,117
05/09/2011,BKL,OH,AGL,CE,Federal Contract Tower,0,16,28,0,44,0,25,59,2,86,0,41,87,2,130,90,0,90,220
05/10/2011,BKL,OH,AGL,CE,Federal Contract Tower,0,31,37,2,70,0,23,45,0,68,0,54,82,2,138,64,4,68,206
05/11/2011,BKL,OH,AGL,CE,Federal Contract Tower,0,26,29,2,57,0,13,52,0,65,0,39,81,2,122,30,0,30,152
05/12/2011,BKL,OH,AGL,CE,Federal Contract Tower,0,29,29,1,59,0,10,29,0,39,0,39,58,1,98,0,0,0,98
05/13/2011,BKL,OH,AGL,CE,Federal Contract Tower,2,28,19,4,53,0,27,20,0,47,2,55,39,4,100,62,0,62,162
05/14/2011,BKL,OH,AGL,CE,Federal Contract Tower,0,11,9,0,20,0,11,2,0,13,0,22,11,0,33,0,0,0,33
05/15/2011,BKL,OH,AGL,CE,Federal Contract Tower,0,2,7,0,9,0,0,0,0,0,0,2,7,0,9,0,0,0,9
05/16/2011,BKL,OH,AGL,CE,Federal Contract Tower,0,10,21,0,31,0,0,0,0,0,0,10,21,0,31,0,0,0,31
05/17/2011,BKL,OH,AGL,CE,Federal Contract Tower,0,24,16,4,44,0,0,0,0,0,0,24,16,4,44,0,0,0,44
05/18/2011,BKL,OH,AGL,CE,Federal Contract Tower,0,27,14,0,41,0,3,8,1,12,0,30,22,1,53,12,0,12,65
05/19/2011,BKL,OH,AGL,CE,Federal Contract Tower,2,27,26,0,55,0,27,27,4,58,2,54,53,4,113,96,0,96,209
05/20/2011,BKL,OH,AGL,CE,Federal Contract Tower,0,33,27,0,60,0,9,17,0,26,0,42,44,0,86,46,0,46,132
05/21/2011,BKL,OH,AGL,CE,Federal Contract Tower,0,10,15,2,27,0,12,62,0,74,0,22,77,2,101,88,0,88,189
05/22/2011,BKL,OH,AGL,CE,Federal Contract Tower,2,4,8,0,14,0,21,23,0,44,2,25,31,0,58,22,0,22,80
05/23/2011,BKL,OH,AGL,CE,Federal Contract Tower,0,16,20,0,36,0,23,19,0,42,0,39,39,0,78,32,0,32,110
05/24/2011,BKL,OH,AGL,CE,Federal Contract Tower,0,41,24,2,67,0,19,46,0,65,0,60,70,2,132,96,0,96,228
05/25/2011,BKL,OH,AGL,CE,Federal Contract Tower,2,26,22,4,54,0,16,41,0,57,2,42,63,4,111,34,0,34,145
05/26/2011,BKL,OH,AGL,CE,Federal Contract Tower,0,27,29,0,56,0,13,9,0,22,0,40,38,0,78,4,0,4,82
05/27/2011,BKL,OH,AGL,CE,Federal Contract Tower,0,39,18,0,57,0,4,5,0,9,0,43,23,0,66,0,0,0,66
05/28/2011,BKL,OH,AGL,CE,Federal Contract Tower,0,5,16,0,21,0,12,35,0,47,0,17,51,0,68,6,0,6,74
05/29/2011,BKL,OH,AGL,CE,Federal Contract Tower,0,0,6,0,6,0,11,29,0,40,0,11,35,0,46,22,0,22,68
05/30/2011,BKL,OH,AGL,CE,Federal Contract Tower,0,2,5,0,7,0,16,28,0,44,0,18,33,0,51,0,0,0,51
05/31/2011,BKL,OH,AGL,CE,Federal Contract Tower,0,12,23,0,35,0,25,41,0,66,0,37,64,0,101,64,0,64,165
06/01/2011,BKL,OH,AGL,CE,Federal Contract Tower,0,18,36,1,55,0,40,51,0,91,0,58,87,1,146,44,0,44,190
06/02/2011,BKL,OH,AGL,CE,Federal Contract Tower,1,32,31,0,64,0,50,66,0,116,1,82,97,0,180,32,0,32,212
06/03/2011,BKL,OH,AGL,CE,Federal Contract Tower,0,28,30,2,60,0,12,19,0,31,0,40,49,2,91,12,0,12,103
06/04/2011,BKL,OH,AGL,CE,Federal Contract Tower,0,18,6,0,24,0,18,45,0,63,0,36,51,0,87,82,0,82,169
06/05/2011,BKL,OH,AGL,CE,Federal Contract Tower,1,4,12,2,19,0,12,63,0,75,1,16,75,2,94,38,0,38,132
06/06/2011,BKL,OH,AGL,CE,Federal Contract Tower,0,12,32,1,45,0,17,48,2,67,0,29,80,3,112,78,0,78,190
06/07/2011,BKL,OH,AGL,CE,Federal Contract Tower,0,32,19,0,51,0,16,42,0,58,0,48,61,0,109,28,0,28,137
06/08/2011,BKL,OH,AGL,CE,Federal Contract Tower,0,30,46,1,77,0,13,55,0,68,0,43,101,1,145,20,0,20,165
06/09/2011,BKL,OH,AGL,CE,Federal Contract Tower,0,31,39,0,70,0,33,35,0,68,0,64,74,0,138,38,0,38,176
06/10/2011,BKL,OH,AGL,CE,Federal Contract Tower,0,24,25,0,49,0,18,60,0,78,0,42,85,0,127,28,0,28,155
06/11/2011,BKL,OH,AGL,CE,Federal Contract Tower,0,10,8,2,20,0,14,48,0,62,0,24,56,2,82,58,0,58,140
06/12/2011,BKL,OH,AGL,CE,Federal Contract Tower,0,1,17,0,18,0,10,31,0,41,0,11,48,0,59,148,0,148,207
06/13/2011,BKL,OH,AGL,CE,Federal Contract Tower,0,13,23,0,36,0,11,59,0,70,0,24,82,0,106,120,0,120,226
06/14/2011,BKL,OH,AGL,CE,Federal Contract Tower,0,33,21,1,55,0,13,52,0,65,0,46,73,1,120,124,0,124,244
06/15/2011,BKL,OH,AGL,CE,Federal Contract Tower,0,34,30,0,64,0,29,63,2,94,0,63,93,2,158,88,0,88,246
06/16/2011,BKL,OH,AGL,CE,Federal Contract Tower,0,29,26,0,55,0,36,37,2,75,0,65,63,2,130,72,0,72,202
06/17/2011,BKL,OH,AGL,CE,Federal Contract Tower,2,32,26,0,60,0,13,71,2,86,2,45,97,2,146,170,0,170,316
06/18/2011,BKL,OH,AGL,CE,Federal Contract Tower,0,13,14,0,27,0,32,46,0,78,0,45,60,0,105,102,0,102,207
06/19/2011,BKL,OH,AGL,CE,Federal Contract Tower,0,6,13,0,19,0,24,18,0,42,0,30,31,0,61,88,0,88,149
06/20/2011,BKL,OH,AGL,CE,Federal Contract Tower,0,17,32,0,49,0,9,23,0,32,0,26,55,0,81,78,0,78,159
06/21/2011,BKL,OH,AGL,CE,Federal Contract Tower,0,31,26,0,57,0,28,23,0,51,0,59,49,0,108,68,0,68,176
06/22/2011,BKL,OH,AGL,CE,Federal Contract Tower,0,25,26,2,53,0,39,30,0,69,0,64,56,2,122,78,0,78,200
06/23/2011,BKL,OH,AGL,CE,Federal Contract Tower,0,18,25,0,43,0,22,38,0,60,0,40,63,0,103,104,0,104,207
06/24/2011,BKL,OH,AGL,CE,Federal Contract Tower,0,22,32,0,54,0,8,18,0,26,0,30,50,0,80,18,0,18,98
06/25/2011,BKL,OH,AGL,CE,Federal Contract Tower,0,11,14,0,25,0,7,169,2,178,0,18,183,2,203,106,2,108,311
06/26/2011,BKL,OH,AGL,CE,Federal Contract Tower,0,5,15,0,20,0,25,75,0,100,0,30,90,0,120,154,0,154,274
06/27/2011,BKL,OH,AGL,CE,Federal Contract Tower,0,10,17,0,27,0,26,43,2,71,0,36,60,2,98,106,0,106,204
06/28/2011,BKL,OH,AGL,CE,Federal Contract Tower,0,28,35,0,63,0,42,72,0,114,0,70,107,0,177,118,0,118,295
06/29/2011,BKL,OH,AGL,CE,Federal Contract Tower,0,34,27,1,62,0,39,108,5,152,0,73,135,6,214,162,4,166,380
06/30/2011,BKL,OH,AGL,CE,Federal Contract Tower,0,25,23,1,49,0,46,87,1,134,0,71,110,2,183,182,0,182,365
07/01/2011,BKL,OH,AGL,CE,Federal Contract Tower,0,23,19,0,42,0,23,77,0,100,0,46,96,0,142,96,0,96,238
07/02/2011,BKL,OH,AGL,CE,Federal Contract Tower,0,12,4,1,17,0,16,35,0,51,0,28,39,1,68,50,0,50,118
07/03/2011,BKL,OH,AGL,CE,Federal Contract Tower,0,6,4,0,10,0,19,52,0,71,0,25,56,0,81,62,0,62,143
07/04/2011,BKL,OH,AGL,CE,Federal Contract Tower,2,5,14,0,21,0,37,58,0,95,2,42,72,0,116,62,0,62,178
07/05/2011,BKL,OH,AGL,CE,Federal Contract Tower,0,19,18,2,39,0,49,58,0,107,0,68,76,2,146,174,0,174,320
07/06/2011,BKL,OH,AGL,CE,Federal Contract Tower,0,29,24,5,58,0,42,57,2,101,0,71,81,7,159,50,0,50,209
07/07/2011,BKL,OH,AGL,CE,Federal Contract Tower,3,29,17,2,51,0,33,69,1,103,3,62,86,3,154,98,0,98,252
07/08/2011,BKL,OH,AGL,CE,Federal Contract Tower,0,31,15,1,47,0,30,101,0,131,0,61,116,1,178,286,0,286,464
07/09/2011,BKL,OH,AGL,CE,Federal Contract Tower,0,16,11,0,27,0,24,93,0,117,0,40,104,0,144,162,0,162,306
07/10/2011,BKL,OH,AGL,CE,Federal Contract Tower,1,4,14,2,21,0,23,64,0,87,1,27,78,2,108,48,0,48,156
07/11/2011,BKL,OH,AGL,CE,Federal Contract Tower,0,15,12,0,27,0,50,22,0,72,0,65,34,0,99,42,0,42,141
07/12/2011,BKL,OH,AGL,CE,Federal Contract Tower,0,33,32,0,65,0,48,83,4,135,0,81,115,4,200,186,0,186,386
07/13/2011,BKL,OH,AGL,CE,Federal Contract Tower,0,28,24,0,52,0,40,60,0,100,0,68,84,0,152,182,0,182,334
07/14/2011,BKL,OH,AGL,CE,Federal Contract Tower,0,29,21,3,53,0,34,88,0,122,0,63,109,3,175,92,0,92,267
07/15/2011,BKL,OH,AGL,CE,Federal Contract Tower,0,27,22,1,50,0,32,78,0,110,0,59,100,1,160,154,0,154,314
07/16/2011,BKL,OH,AGL,CE,Federal Contract Tower,0,11,12,1,24,0,21,77,0,98,0,32,89,1,122,84,0,84,206
07/17/2011,BKL,OH,AGL,CE,Federal Contract Tower,0,2,5,0,7,0,18,73,0,91,0,20,78,0,98,118,0,118,216
07/18/2011,BKL,OH,AGL,CE,Federal Contract Tower,0,26,12,0,38,0,39,24,1,64,0,65,36,1,102,70,0,70,172
07/19/2011,BKL,OH,AGL,CE,Federal Contract Tower,0,33,22,0,55,0,13,40,0,53,0,46,62,0,108,170,0,170,278
07/20/2011,BKL,OH,AGL,CE,Federal Contract Tower,0,41,25,0,66,0,26,53,0,79,0,67,78,0,145,118,0,118,263
07/21/2011,BKL,OH,AGL,CE,Federal Contract Tower,2,23,20,2,47,0,19,62,0,81,2,42,82,2,128,198,0,198,326
07/22/2011,BKL,OH,AGL,CE,Federal Contract Tower,0,29,25,2,56,0,28,38,0,66,0,57,63,2,122,90,0,90,212
07/23/2011,BKL,OH,AGL,CE,Federal Contract Tower,0,19,10,0,29,0,21,39,0,60,0,40,49,0,89,52,0,52,141
07/24/2011,BKL,OH,AGL,CE,Federal Contract Tower,4,1,7,0,12,0,20,23,0,43,4,21,30,0,55,36,0,36,91
07/25/2011,BKL,OH,AGL,CE,Federal Contract Tower,0,15,27,0,42,0,28,56,0,84,0,43,83,0,126,180,0,180,306
07/26/2011,BKL,OH,AGL,CE,Federal Contract Tower,0,36,31,0,67,0,64,88,0,152,0,100,119,0,219,12,0,12,231
07/27/2011,BKL,OH,AGL,CE,Federal Contract Tower,2,32,19,2,55,0,36,70,0,106,2,68,89,2,161,84,0,84,245
07/28/2011,BKL,OH,AGL,CE,Federal Contract Tower,0,26,22,0,48,0,35,65,0,100,0,61,87,0,148,116,0,116,264
07/29/2011,BKL,OH,AGL,CE,Federal Contract Tower,0,26,15,0,41,0,14,52,4,70,0,40,67,4,111,174,0,174,285
07/30/2011,BKL,OH,AGL,CE,Federal Contract Tower,0,12,21,0,33,0,34,79,0,113,0,46,100,0,146,132,0,132,278
07/31/2011,BKL,OH,AGL,CE,Federal Contract Tower,0,5,18,0,23,0,21,48,1,70,0,26,66,1,93,64,0,64,157
08/01/2011,BKL,OH,AGL,CE,Federal Contract Tower,0,18,16,0,34,0,24,47,7,78,0,42,63,7,112,100,0,100,212
08/02/2011,BKL,OH,AGL,CE,Federal Contract Tower,0,30,23,0,53,0,18,47,0,65,0,48,70,0,118,54,0,54,172
08/03/2011,BKL,OH,AGL,CE,Federal Contract Tower,0,26,19,0,45,0,4,13,0,17,0,30,32,0,62,42,0,42,104
08/04/2011,BKL,OH,AGL,CE,Federal Contract Tower,0,27,22,0,49,0,20,18,0,38,0,47,40,0,87,70,0,70,157
08/05/2011,BKL,OH,AGL,CE,Federal Contract Tower,0,26,26,0,52,0,47,67,0,114,0,73,93,0,166,128,0,128,294
08/06/2011,BKL,OH,AGL,CE,Federal Contract Tower,0,12,10,0,22,0,37,27,0,64,0,49,37,0,86,48,0,48,134
08/07/2011,BKL,OH,AGL,CE,Federal Contract Tower,0,0,18,0,18,0,11,55,0,66,0,11,73,0,84,8,0,8,92
08/08/2011,BKL,OH,AGL,CE,Federal Contract Tower,0,12,23,0,35,0,26,39,0,65,0,38,62,0,100,162,0,162,262
08/09/2011,BKL,OH,AGL,CE,Federal Contract Tower,0,32,16,0,48,0,27,29,3,59,0,59,45,3,107,124,0,124,231
08/10/2011,BKL,OH,AGL,CE,Federal Contract Tower,0,24,30,0,54,0,12,27,0,39,0,36,57,0,93,64,0,64,157
08/11/2011,BKL,OH,AGL,CE,Federal Contract Tower,1,27,33,4,65,0,19,79,2,100,1,46,112,6,165,72,0,72,237
08/12/2011,BKL,OH,AGL,CE,Federal Contract Tower,1,25,40,3,69,0,8,89,3,100,1,33,129,6,169,28,0,28,197
08/13/2011,BKL,OH,AGL,CE,Federal Contract Tower,0,11,9,0,20,0,16,50,0,66,0,27,59,0,86,82,0,82,168
08/14/2011,BKL,OH,AGL,CE,Federal Contract Tower,0,2,8,0,10,0,9,9,0,18,0,11,17,0,28,16,0,16,44
08/15/2011,BKL,OH,AGL,CE,Federal Contract Tower,0,13,32,0,45,0,15,48,0,63,0,28,80,0,108,72,0,72,180
08/16/2011,BKL,OH,AGL,CE,Federal Contract Tower,0,29,22,0,51,0,30,85,2,117,0,59,107,2,168,154,0,154,322
08/17/2011,BKL,OH,AGL,CE,Federal Contract Tower,0,25,21,0,46,0,29,62,0,91,0,54,83,0,137,34,0,34,171
08/18/2011,BKL,OH,AGL,CE,Federal Contract Tower,0,24,21,6,51,0,21,55,0,76,0,45,76,6,127,72,0,72,199
08/19/2011,BKL,OH,AGL,CE,Federal Contract Tower,0,26,25,2,53,0,30,47,0,77,0,56,72,2,130,34,0,34,164
08/20/2011,BKL,OH,AGL,CE,Federal Contract Tower,0,10,6,0,16,0,16,47,0,63,0,26,53,0,79,118,0,118,197
08/21/2011,BKL,OH,AGL,CE,Federal Contract Tower,0,4,17,0,21,0,20,8,0,28,0,24,25,0,49,12,0,12,61
08/22/2011,BKL,OH,AGL,CE,Federal Contract Tower,2,17,24,0,43,0,31,57,0,88,2,48,81,0,131,76,0,76,207
08/23/2011,BKL,OH,AGL,CE,Federal Contract Tower,0,28,31,4,63,0,50,79,0,129,0,78,110,4,192,10,0,10,202
08/24/2011,BKL,OH,AGL,CE,Federal Contract Tower,2,33,46,4,85,0,43,22,0,65,2,76,68,4,150,20,0,20,170
08/25/2011,BKL,OH,AGL,CE,Federal Contract Tower,0,28,27,5,60,0,27,32,2,61,0,55,59,7,121,82,0,82,203
08/26/2011,BKL,OH,AGL,CE,Federal Contract Tower,0,24,27,2,53,0,46,44,0,90,0,70,71,2,143,58,0,58,201
08/27/2011,BKL,OH,AGL,CE,Federal Contract Tower,0,15,17,0,32,0,25,60,2,87,0,40,77,2,119,58,0,58,177
08/28/2011,BKL,OH,AGL,CE,Federal Contract Tower,0,7,10,0,17,0,12,17,0,29,0,19,27,0,46,0,0,0,46
08/29/2011,BKL,OH,AGL,CE,Federal Contract Tower,0,18,27,5,50,0,21,79,6,106,0,39,106,11,156,4,0,4,160
08/30/2011,BKL,OH,AGL,CE,Federal Contract Tower,0,25,28,0,53,0,40,58,0,98,0,65,86,0,151,58,0,58,209
08/31/2011,BKL,OH,AGL,CE,Federal Contract Tower,0,35,14,2,51,0,53,75,0,128,0,88,89,2,179,72,0,72,251
09/01/2011,BKL,OH,AGL,CE,Federal Contract Tower,0,21,16,6,43,0,18,55,8,81,0,39,71,14,124,52,4,56,180
09/02/2011,BKL,OH,AGL,CE,Federal Contract Tower,1,20,8,8,37,0,39,22,4,65,1,59,30,12,102,0,28,28,130
09/03/2011,BKL,OH,AGL,CE,Federal Contract Tower,0,11,3,0,14,0,21,4,0,25,0,32,7,0,39,0,0,0,39
09/04/2011,BKL,OH,AGL,CE,Federal Contract Tower,0,1,1,0,2,0,13,5,0,18,0,14,6,0,20,0,0,0,20
09/05/2011,BKL,OH,AGL,CE,Federal Contract Tower,1,6,5,1,13,0,8,5,2,15,1,14,10,3,28,2,6,8,36
09/06/2011,BKL,OH,AGL,CE,Federal Contract Tower,1,16,20,15,52,0,32,30,5,67,1,48,50,20,119,0,8,8,127
09/07/2011,BKL,OH,AGL,CE,Federal Contract Tower,2,26,34,3,65,0,23,17,0,40,2,49,51,3,105,0,0,0,105
09/08/2011,BKL,OH,AGL,CE,Federal Contract Tower,0,35,19,0,54,0,10,7,0,17,0,45,26,0,71,42,0,42,113
09/09/2011,BKL,OH,AGL,CE,Federal Contract Tower,0,50,29,0,79,0,0,4,0,4,0,50,33,0,83,22,0,22,105
09/10/2011,BKL,OH,AGL,CE,Federal Contract Tower,2,18,14,0,34,0,4,16,0,20,2,22,30,0,54,10,0,10,64
09/11/2011,BKL,OH,AGL,CE,Federal Contract Tower,2,9,22,0,33,0,9,40,0,49,2,18,62,0,82,20,0,20,102
09/12/2011,BKL,OH,AGL,CE,Federal Contract Tower,0,9,23,0,32,0,49,56,0,105,0,58,79,0,137,48,0,48,185
09/13/2011,BKL,OH,AGL,CE,Federal Contract Tower,0,30,30,0,60,0,27,44,0,71,0,57,74,0,131,28,0,28,159
09/14/2011,BKL,OH,AGL,CE,Federal Contract Tower,0,41,27,0,68,0,31,34,0,65,0,72,61,0,133,48,0,48,181
09/15/2011,BKL,OH,AGL,CE,Federal Contract Tower,0,28,26,0,54,0,56,25,6,87,0,84,51,6,141,24,0,24,165
09/16/2011,BKL,OH,AGL,CE,Federal Contract Tower,0,29,30,0,59,0,43,72,0,115,0,72,102,0,174,94,0,94,268
09/17/2011,BKL,OH,AGL,CE,Federal Contract Tower,0,20,9,0,29,0,27,66,7,100,0,47,75,7,129,72,0,72,201
09/18/2011,BKL,OH,AGL,CE,Federal Contract Tower,0,9,7,0,16,0,22,50,1,73,0,31,57,1,89,62,0,62,151
09/19/2011,BKL,OH,AGL,CE,Federal Contract Tower,3,19,23,0,45,0,11,17,0,28,3,30,40,0,73,2,0,2,75
09/20/2011,BKL,OH,AGL,CE,Federal Contract Tower,1,30,35,5,71,0,42,23,4,69,1,72,58,9,140,64,0,64,204
09/21/2011,BKL,OH,AGL,CE,Federal Contract Tower,0,31,25,1,57,0,36,24,1,61,0,67,49,2,118,36,0,36,154
09/22/2011,BKL,OH,AGL,CE,Federal Contract Tower,0,30,23,0,53,0,26,74,0,100,0,56,97,0,153,158,0,158,311
09/23/2011,BKL,OH,AGL,CE,Federal Contract Tower,2,33,26,0,61,0,43,30,0,73,2,76,56,0,134,0,0,0,134
09/24/2011,BKL,OH,AGL,CE,Federal Contract Tower,1,18,17,0,36,0,27,52,0,79,1,45,69,0,115,26,0,26,141
09/25/2011,BKL,OH,AGL,CE,Federal Contract Tower,1,6,27,0,34,0,12,96,0,108,1,18,123,0,142,8,0,8,150
09/26/2011,BKL,OH,AGL,CE,Federal Contract Tower,0,11,18,0,29,0,16,18,0,34,0,27,36,0,63,4,0,4,67
09/27/2011,BKL,OH,AGL,CE,Federal Contract Tower,0,39,31,0,70,0,23,52,0,75,0,62,83,0,145,82,0,82,227
09/28/2011,BKL,OH,AGL,CE,Federal Contract Tower,0,30,24,0,54,0,52,40,0,92,0,82,64,0,146,93,0,93,239
09/29/2011,BKL,OH,AGL,CE,Federal Contract Tower,0,37,20,1,58,0,32,34,3,69,0,69,54,4,127,28,0,28,155
09/30/2011,BKL,OH,AGL,CE,Federal Contract Tower,0,24,25,0,49,0,19,4,1,24,0,43,29,1,73,0,0,0,73
10/01/2011,BKL,OH,AGL,CE,Federal Contract Tower,0,13,14,0,27,0,1,10,2,13,0,14,24,2,40,0,0,0,40
10/02/2011,BKL,OH,AGL,CE,Federal Contract Tower,0,4,16,0,20,0,10,17,1,28,0,14,33,1,48,36,0,36,84
10/03/2011,BKL,OH,AGL,CE,Federal Contract Tower,0,22,34,0,56,0,3,0,0,3,0,25,34,0,59,0,0,0,59
10/04/2011,BKL,OH,AGL,CE,Federal Contract Tower,0,35,20,4,59,0,13,44,0,57,0,48,64,4,116,100,0,100,216
10/05/2011,BKL,OH,AGL,CE,Federal Contract Tower,0,36,28,0,64,0,18,80,0,98,0,54,108,0,162,186,0,186,348
10/06/2011,BKL,OH,AGL,CE,Federal Contract Tower,0,36,21,0,57,0,29,96,0,125,0,65,117,0,182,230,0,230,412
10/07/2011,BKL,OH,AGL,CE,Federal Contract Tower,0,26,22,0,48,0,32,79,0,111,0,58,101,0,159,150,0,150,309
10/08/2011,BKL,OH,AGL,CE,Federal Contract Tower,0,11,11,0,22,0,17,71,0,88,0,28,82,0,110,178,0,178,288
10/09/2011,BKL,OH,AGL,CE,Federal Contract Tower,0,8,19,0,27,0,11,61,0,72,0,19,80,0,99,104,0,104,203
10/10/2011,BKL,OH,AGL,CE,Federal Contract Tower,0,11,26,0,37,0,20,40,0,60,0,31,66,0,97,88,0,88,185
10/11/2011,BKL,OH,AGL,CE,Federal Contract Tower,0,23,20,0,43,0,22,76,9,107,0,45,96,9,150,138,0,138,288
10/12/2011,BKL,OH,AGL,CE,Federal Contract Tower,0,41,35,0,76,0,23,19,2,44,0,64,54,2,120,20,0,20,140
10/13/2011,BKL,OH,AGL,CE,Federal Contract Tower,0,32,30,0,62,0,29,59,0,88,0,61,89,0,150,90,0,90,240
10/14/2011,BKL,OH,AGL,CE,Federal Contract Tower,0,33,13,4,50,0,17,2,2,21,0,50,15,6,71,8,0,8,79
10/15/2011,BKL,OH,AGL,CE,Federal Contract Tower,0,10,5,0,15,0,22,5,0,27,0,32,10,0,42,24,0,24,66
10/16/2011,BKL,OH,AGL,CE,Federal Contract Tower,0,9,16,0,25,0,15,0,0,15,0,24,16,0,40,0,0,0,40
10/17/2011,BKL,OH,AGL,CE,Federal Contract Tower,0,19,21,0,40,0,33,30,0,63,0,52,51,0,103,2,0,2,105
10/18/2011,BKL,OH,AGL,CE,Federal Contract Tower,0,37,25,0,62,0,29,26,0,55,0,66,51,0,117,68,0,68,185
10/19/2011,BKL,OH,AGL,CE,Federal Contract Tower,0,34,40,4,78,0,16,9,0,25,0,50,49,4,103,4,0,4,107
10/20/2011,BKL,OH,AGL,CE,Federal Contract Tower,0,24,26,0,50,0,0,1,0,1,0,24,27,0,51,0,0,0,51
10/21/2011,BKL,OH,AGL,CE,Federal Contract Tower,0,29,27,0,56,0,12,5,13,30,0,41,32,13,86,14,0,14,100
10/22/2011,BKL,OH,AGL,CE,Federal Contract Tower,0,10,16,0,26,0,22,80,4,106,0,32,96,4,132,158,0,158,290
10/23/2011,BKL,OH,AGL,CE,Federal Contract Tower,0,9,21,0,30,0,23,62,0,85,0,32,83,0,115,78,0,78,193
10/24/2011,BKL,OH,AGL,CE,Federal Contract Tower,0,16,28,0,44,0,19,7,0,26,0,35,35,0,70,6,0,6,76
10/25/2011,BKL,OH,AGL,CE,Federal Contract Tower,0,27,34,0,61,0,30,69,0,99,0,57,103,0,160,140,0,140,300
10/26/2011,BKL,OH,AGL,CE,Federal Contract Tower,0,35,35,2,72,0,23,34,2,59,0,58,69,4,131,74,0,74,205
10/27/2011,BKL,OH,AGL,CE,Federal Contract Tower,0,34,34,0,68,0,9,3,0,12,0,43,37,0,80,0,0,0,80
10/28/2011,BKL,OH,AGL,CE,Federal Contract Tower,0,26,21,0,47,0,22,40,0,62,0,48,61,0,109,142,0,142,251
10/29/2011,BKL,OH,AGL,CE,Federal Contract Tower,0,8,17,0,25,0,21,67,0,88,0,29,84,0,113,124,0,124,237
10/30/2011,BKL,OH,AGL,CE,Federal Contract Tower,0,9,8,0,17,0,13,60,0,73,0,22,68,0,90,188,0,188,278
10/31/2011,BKL,OH,AGL,CE,Federal Contract Tower,0,9,9,0,18,0,32,38,0,70,0,41,47,0,88,18,0,18,106
11/01/2011,BKL,OH,AGL,CE,Federal Contract Tower,0,22,19,4,45,0,25,46,0,71,0,47,65,4,116,152,0,152,268
11/02/2011,BKL,OH,AGL,CE,Federal Contract Tower,0,24,23,1,48,0,42,50,0,92,0,66,73,1,140,58,0,58,198
11/03/2011,BKL,OH,AGL,CE,Federal Contract Tower,0,21,12,0,33,0,36,32,0,68,0,57,44,0,101,50,0,50,151
11/04/2011,BKL,OH,AGL,CE,Federal Contract Tower,0,26,16,0,42,0,25,32,0,57,0,51,48,0,99,42,0,42,141
11/05/2011,BKL,OH,AGL,CE,Federal Contract Tower,0,21,16,0,37,0,31,56,0,87,0,52,72,0,124,24,0,24,148
11/06/2011,BKL,OH,AGL,CE,Federal Contract Tower,0,9,16,0,25,0,22,28,0,50,0,31,44,0,75,22,0,22,97
11/07/2011,BKL,OH,AGL,CE,Federal Contract Tower,0,11,25,2,38,0,23,38,0,61,0,34,63,2,99,50,0,50,149
11/08/2011,BKL,OH,AGL,CE,Federal Contract Tower,0,33,41,0,74,0,42,69,0,111,0,75,110,0,185,146,0,146,331
11/09/2011,BKL,OH,AGL,CE,Federal Contract Tower,0,33,21,0,54,0,10,34,0,44,0,43,55,0,98,30,0,30,128
11/10/2011,BKL,OH,AGL,CE,Federal Contract Tower,0,39,13,0,52,0,39,26,0,65,0,78,39,0,117,14,0,14,131
11/11/2011,BKL,OH,AGL,CE,Federal Contract Tower,0,17,19,0,36,0,11,11,0,22,0,28,30,0,58,2,0,2,60
11/12/2011,BKL,OH,AGL,CE,Federal Contract Tower,0,7,10,0,17,0,22,70,0,92,0,29,80,0,109,0,0,0,109
11/13/2011,BKL,OH,AGL,CE,Federal Contract Tower,0,10,10,0,20,0,29,15,0,44,0,39,25,0,64,20,0,20,84
11/14/2011,BKL,OH,AGL,CE,Federal Contract Tower,0,13,17,1,31,0,22,1,3,26,0,35,18,4,57,0,0,0,57
11/15/2011,BKL,OH,AGL,CE,Federal Contract Tower,0,30,21,4,55,0,28,4,7,39,0,58,25,11,94,0,0,0,94
11/16/2011,BKL,OH,AGL,CE,Federal Contract Tower,0,34,27,0,61,0,37,19,0,56,0,71,46,0,117,98,0,98,215
11/17/2011,BKL,OH,AGL,CE,Federal Contract Tower,2,24,24,0,50,0,34,22,0,56,2,58,46,0,106,4,0,4,110
11/18/2011,BKL,OH,AGL,CE,Federal Contract Tower,0,14,9,0,23,0,22,22,0,44,0,36,31,0,67,0,0,0,67
11/19/2011,BKL,OH,AGL,CE,Federal Contract Tower,0,27,28,2,57,0,44,43,2,89,0,71,71,4,146,74,0,74,220
11/20/2011,BKL,OH,AGL,CE,Federal Contract Tower,0,5,22,0,27,0,10,24,0,34,0,15,46,0,61,12,0,12,73
11/21/2011,BKL,OH,AGL,CE,Federal Contract Tower,0,7,20,0,27,0,34,32,0,66,0,41,52,0,93,130,0,130,223
11/22/2011,BKL,OH,AGL,CE,Federal Contract Tower,0,28,22,0,50,0,21,14,0,35,0,49,36,0,85,42,0,42,127
11/23/2011,BKL,OH,AGL,CE,Federal Contract Tower,0,30,24,2,56,0,14,23,0,37,0,44,47,2,93,108,0,108,201
11/24/2011,BKL,OH,AGL,CE,Federal Contract Tower,0,14,3,0,17,0,30,8,0,38,0,44,11,0,55,2,0,2,57
11/25/2011,BKL,OH,AGL,CE,Federal Contract Tower,0,6,10,0,16,0,25,29,0,54,0,31,39,0,70,15,0,15,85
11/26/2011,BKL,OH,AGL,CE,Federal Contract Tower,0,13,5,0,18,0,27,36,0,63,0,40,41,0,81,45,0,45,126
11/27/2011,BKL,OH,AGL,CE,Federal Contract Tower,0,4,9,0,13,0,15,6,0,21,0,19,15,0,34,6,0,6,40
11/28/2011,BKL,OH,AGL,CE,Federal Contract Tower,0,12,13,0,25,0,7,5,0,12,0,19,18,0,37,22,0,22,59
11/29/2011,BKL,OH,AGL,CE,Federal Contract Tower,0,58,7,0,65,0,5,0,0,5,0,63,7,0,70,0,0,0,70
11/30/2011,BKL,OH,AGL,CE,Federal Contract Tower,0,36,10,0,46,0,24,5,0,29,0,60,15,0,75,22,0,22,97
12/01/2011,BKL,OH,AGL,CE,Federal Contract Tower,0,35,19,2,56,0,33,29,2,64,0,68,48,4,120,148,0,148,268
12/02/2011,BKL,OH,AGL,CE,Federal Contract Tower,0,24,18,0,42,0,41,22,0,63,0,65,40,0,105,112,0,112,217
12/03/2011,BKL,OH,AGL,CE,Federal Contract Tower,0,16,15,0,31,0,15,61,0,76,0,31,76,0,107,268,0,268,375
12/04/2011,BKL,OH,AGL,CE,Federal Contract Tower,0,5,12,0,17,0,12,6,0,18,0,17,18,0,35,14,0,14,49
12/05/2011,BKL,OH,AGL,CE,Federal Contract Tower,0,17,26,0,43,0,4,0,0,4,0,21,26,0,47,2,0,2,49
12/06/2011,BKL,OH,AGL,CE,Federal Contract Tower,0,28,21,0,49,0,0,0,0,0,0,28,21,0,49,0,0,0,49
12/07/2011,BKL,OH,AGL,CE,Federal Contract Tower,0,29,21,0,50,0,2,4,0,6,0,31,25,0,56,24,0,24,80
12/08/2011,BKL,OH,AGL,CE,Federal Contract Tower,0,25,20,0,45,0,21,40,0,61,0,46,60,0,106,104,0,104,210
12/09/2011,BKL,OH,AGL,CE,Federal Contract Tower,0,32,14,0,46,0,9,21,0,30,0,41,35,0,76,78,0,78,154
12/10/2011,BKL,OH,AGL,CE,Federal Contract Tower,0,13,14,0,27,0,12,48,0,60,0,25,62,0,87,78,0,78,165
12/11/2011,BKL,OH,AGL,CE,Federal Contract Tower,0,4,7,0,11,0,7,27,0,34,0,11,34,0,45,70,0,70,115
12/12/2011,BKL,OH,AGL,CE,Federal Contract Tower,0,9,17,0,26,0,16,38,0,54,0,25,55,0,80,92,0,92,172
12/13/2011,BKL,OH,AGL,CE,Federal Contract Tower,0,27,18,0,45,0,24,67,2,93,0,51,85,2,138,92,0,92,230
12/14/2011,BKL,OH,AGL,CE,Federal Contract Tower,0,26,22,1,49,0,13,5,1,19,0,39,27,2,68,10,0,10,78
12/15/2011,BKL,OH,AGL,CE,Federal Contract Tower,0,30,22,0,52,0,34,5,0,39,0,64,27,0,91,0,0,0,91
12/16/2011,BKL,OH,AGL,CE,Federal Contract Tower,0,23,14,1,38,0,30,28,1,59,0,53,42,2,97,38,0,38,135
12/17/2011,BKL,OH,AGL,CE,Federal Contract Tower,0,16,16,0,32,0,8,3,0,11,0,24,19,0,43,0,0,0,43
12/18/2011,BKL,OH,AGL,CE,Federal Contract Tower,0,1,6,0,7,0,8,20,0,28,0,9,26,0,35,16,0,16,51
12/19/2011,BKL,OH,AGL,CE,Federal Contract Tower,0,15,9,0,24,0,21,7,0,28,0,36,16,0,52,0,0,0,52
12/20/2011,BKL,OH,AGL,CE,Federal Contract Tower,0,24,23,0,47,0,14,17,0,31,0,38,40,0,78,64,0,64,142
12/21/2011,BKL,OH,AGL,CE,Federal Contract Tower,0,23,17,0,40,0,11,4,0,15,0,34,21,0,55,2,0,2,57
12/22/2011,BKL,OH,AGL,CE,Federal Contract Tower,0,26,6,0,32,0,34,21,0,55,0,60,27,0,87,116,0,116,203
12/23/2011,BKL,OH,AGL,CE,Federal Contract Tower,0,20,9,0,29,0,12,3,0,15,0,32,12,0,44,2,0,2,46
12/24/2011,BKL,OH,AGL,CE,Federal Contract Tower,0,14,4,0,18,0,21,8,0,29,0,35,12,0,47,20,0,20,67
12/25/2011,BKL,OH,AGL,CE,Federal Contract Tower,0,1,3,0,4,0,5,3,0,8,0,6,6,0,12,0,0,0,12
12/26/2011,BKL,OH,AGL,CE,Federal Contract Tower,2,3,8,0,13,0,26,38,1,65,2,29,46,1,78,110,0,110,188
12/27/2011,BKL,OH,AGL,CE,Federal Contract Tower,1,8,2,0,11,0,8,3,0,11,1,16,5,0,22,0,0,0,22
12/28/2011,BKL,OH,AGL,CE,Federal Contract Tower,0,21,3,0,24,0,4,4,0,8,0,25,7,0,32,0,0,0,32
12/29/2011,BKL,OH,AGL,CE,Federal Contract Tower,0,16,13,0,29,0,14,11,0,25,0,30,24,0,54,56,0,56,110
12/30/2011,BKL,OH,AGL,CE,Federal Contract Tower,0,25,5,0,30,0,24,2,0,26,0,49,7,0,56,34,0,34,90
12/31/2011,BKL,OH,AGL,CE,Federal Contract Tower,0,12,1,0,13,0,2,0,0,2,0,14,1,0,15,0,0,0,15
01/01/2012,BKL,OH,AGL,CE,Federal Contract Tower,0,3,6,0,9,0,9,0,0,9,0,12,6,0,18,0,0,0,18
01/02/2012,BKL,OH,AGL,CE,Federal Contract Tower,0,4,10,0,14,0,1,0,0,1,0,5,10,0,15,0,0,0,15
01/03/2012,BKL,OH,AGL,CE,Federal Contract Tower,0,15,6,0,21,0,1,0,0,1,0,16,6,0,22,0,0,0,22
01/04/2012,BKL,OH,AGL,CE,Federal Contract Tower,0,23,12,0,35,0,10,3,0,13,0,33,15,0,48,0,0,0,48
01/05/2012,BKL,OH,AGL,CE,Federal Contract Tower,0,31,20,0,51,0,29,31,0,60,0,60,51,0,111,116,0,116,227
01/06/2012,BKL,OH,AGL,CE,Federal Contract Tower,0,22,13,3,38,0,27,47,0,74,0,49,60,3,112,54,0,54,166
01/07/2012,BKL,OH,AGL,CE,Federal Contract Tower,0,9,13,0,22,0,25,60,2,87,0,34,73,2,109,180,0,180,289
01/08/2012,BKL,OH,AGL,CE,Federal Contract Tower,0,2,7,0,9,0,23,58,0,81,0,25,65,0,90,176,0,176,266
01/09/2012,BKL,OH,AGL,CE,Federal Contract Tower,0,9,15,0,24,0,12,28,0,40,0,21,43,0,64,68,0,68,132
01/10/2012,BKL,OH,AGL,CE,Federal Contract Tower,0,24,10,0,34,0,19,43,0,62,0,43,53,0,96,140,0,140,236
01/11/2012,BKL,OH,AGL,CE,Federal Contract Tower,0,21,20,0,41,0,25,30,3,58,0,46,50,3,99,6,6,12,111
01/12/2012,BKL,OH,AGL,CE,Federal Contract Tower,0,17,9,0,26,0,2,0,0,2,0,19,9,0,28,0,0,0,28
01/13/2012,BKL,OH,AGL,CE,Federal Contract Tower,0,20,5,0,25,0,1,0,0,1,0,21,5,0,26,0,0,0,26
01/14/2012,BKL,OH,AGL,CE,Federal Contract Tower,0,15,2,0,17,0,0,0,0,0,0,15,2,0,17,0,0,0,17
01/15/2012,BKL,OH,AGL,CE,Federal Contract Tower,0,9,5,0,14,0,28,27,9,64,0,37,32,9,78,54,0,54,132
01/16/2012,BKL,OH,AGL,CE,Federal Contract Tower,0,15,15,0,30,0,13,14,0,27,0,28,29,0,57,0,0,0,57
01/17/2012,BKL,OH,AGL,CE,Federal Contract Tower,0,4,18,0,22,0,4,1,0,5,0,8,19,0,27,0,0,0,27
01/18/2012,BKL,OH,AGL,CE,Federal Contract Tower,0,18,16,0,34,0,23,11,0,34,0,41,27,0,68,26,0,26,94
01/19/2012,BKL,OH,AGL,CE,Federal Contract Tower,0,21,28,0,49,0,8,0,0,8,0,29,28,0,57,0,0,0,57
01/20/2012,BKL,OH,AGL,CE,Federal Contract Tower,0,22,16,0,38,0,31,26,0,57,0,53,42,0,95,110,0,110,205
01/21/2012,BKL,OH,AGL,CE,Federal Contract Tower,0,14,1,0,15,0,5,29,0,34,0,19,30,0,49,54,0,54,103
01/22/2012,BKL,OH,AGL,CE,Federal Contract Tower,0,8,13,0,21,0,16,13,0,29,0,24,26,0,50,172,0,172,222
01/23/2012,BKL,OH,AGL,CE,Federal Contract Tower,0,5,13,0,18,0,18,1,0,19,0,23,14,0,37,0,0,0,37
01/24/2012,BKL,OH,AGL,CE,Federal Contract Tower,0,8,21,0,29,0,28,19,0,47,0,36,40,0,76,82,0,82,158
01/25/2012,BKL,OH,AGL,CE,Federal Contract Tower,0,18,20,0,38,0,34,23,0,57,0,52,43,0,95,42,0,42,137
01/26/2012,BKL,OH,AGL,CE,Federal Contract Tower,0,18,10,0,28,0,14,0,0,14,0,32,10,0,42,0,0,0,42
01/27/2012,BKL,OH,AGL,CE,Federal Contract Tower,0,16,16,0,32,0,12,5,0,17,0,28,21,0,49,38,0,38,87
01/28/2012,BKL,OH,AGL,CE,Federal Contract Tower,0,12,2,2,16,0,24,4,0,28,0,36,6,2,44,2,0,2,46
01/29/2012,BKL,OH,AGL,CE,Federal Contract Tower,0,1,5,0,6,0,14,8,0,22,0,15,13,0,28,24,0,24,52
01/30/2012,BKL,OH,AGL,CE,Federal Contract Tower,2,5,8,2,17,0,13,20,2,35,2,18,28,4,52,6,0,6,58
01/31/2012,BKL,OH,AGL,CE,Federal Contract Tower,0,23,17,1,41,0,22,30,2,54,0,45,47,3,95,10,0,10,105
02/01/2012,BKL,OH,AGL,CE,Federal Contract Tower,2,24,22,2,50,0,25,30,2,57,2,49,52,4,107,54,2,56,163
02/02/2012,BKL,OH,AGL,CE,Federal Contract Tower,0,25,23,0,48,0,21,22,0,43,0,46,45,0,91,68,0,68,159
02/03/2012,BKL,OH,AGL,CE,Federal Contract Tower,0,18,19,0,37,0,16,47,0,63,0,34,66,0,100,106,0,106,206
02/04/2012,BKL,OH,AGL,CE,Federal Contract Tower,0,13,4,0,17,0,6,27,0,33,0,19,31,0,50,120,0,120,170
02/05/2012,BKL,OH,AGL,CE,Federal Contract Tower,0,9,8,0,17,0,12,47,0,59,0,21,55,0,76,134,0,134,210
02/06/2012,BKL,OH,AGL,CE,Federal Contract Tower,0,8,11,0,19,0,17,32,0,49,0,25,43,0,68,94,0,94,162
02/07/2012,BKL,OH,AGL,CE,Federal Contract Tower,0,28,15,0,43,0,24,17,0,41,0,52,32,0,84,28,0,28,112
02/08/2012,BKL,OH,AGL,CE,Federal Contract Tower,0,29,14,0,43,0,35,10,0,45,0,64,24,0,88,22,0,22,110
02/09/2012,BKL,OH,AGL,CE,Federal Contract Tower,2,25,29,0,56,0,57,45,0,102,2,82,74,0,158,82,0,82,240
02/10/2012,BKL,OH,AGL,CE,Federal Contract Tower,0,27,28,0,55,0,26,20,0,46,0,53,48,0,101,80,0,80,181
02/11/2012,BKL,OH,AGL,CE,Federal Contract Tower,0,11,3,0,14,0,0,0,0,0,0,11,3,0,14,0,0,0,14
02/12/2012,BKL,OH,AGL,CE,Federal Contract Tower,0,6,3,0,9,0,6,9,0,15,0,12,12,0,24,12,0,12,36
02/13/2012,BKL,OH,AGL,CE,Federal Contract Tower,0,16,18,0,34,0,27,28,0,55,0,43,46,0,89,96,0,96,185
02/14/2012,BKL,OH,AGL,CE,Federal Contract Tower,0,23,11,0,34,0,18,4,0,22,0,41,15,0,56,42,0,42,98
02/15/2012,BKL,OH,AGL,CE,Federal Contract Tower,0,24,20,0,44,0,25,35,0,60,0,49,55,0,104,134,0,134,238
02/16/2012,BKL,OH,AGL,CE,Federal Contract Tower,0,28,18,0,46,0,9,15,0,24,0,37,33,0,70,24,0,24,94
02/17/2012,BKL,OH,AGL,CE,Federal Contract Tower,0,22,40,0,62,0,37,51,0,88,0,59,91,0,150,112,0,112,262
02/18/2012,BKL,OH,AGL,CE,Federal Contract Tower,0,16,5,0,21,0,17,27,1,45,0,33,32,1,66,38,0,38,104
02/19/2012,BKL,OH,AGL,CE,Federal Contract Tower,0,2,10,0,12,0,10,24,0,34,0,12,34,0,46,12,0,12,58
02/20/2012,BKL,OH,AGL,CE,Federal Contract Tower,0,12,19,0,31,0,14,59,0,73,0,26,78,0,104,204,0,204,308
02/21/2012,BKL,OH,AGL,CE,Federal Contract Tower,0,14,23,0,37,0,21,8,0,29,0,35,31,0,66,0,0,0,66
02/22/2012,BKL,OH,AGL,CE,Federal Contract Tower,0,17,32,0,49,0,23,44,0,67,0,40,76,0,116,48,0,48,164
02/23/2012,BKL,OH,AGL,CE,Federal Contract Tower,0,13,13,0,26,0,18,10,0,28,0,31,23,0,54,48,0,48,102
02/24/2012,BKL,OH,AGL,CE,Federal Contract Tower,0,21,11,0,32,0,16,4,0,20,0,37,15,0,52,0,0,0,52
02/25/2012,BKL,OH,AGL,CE,Federal Contract Tower,0,13,4,0,17,0,0,1,2,3,0,13,5,2,20,0,0,0,20
02/26/2012,BKL,OH,AGL,CE,Federal Contract Tower,0,5,7,0,12,0,12,22,0,34,0,17,29,0,46,42,0,42,88
02/27/2012,BKL,OH,AGL,CE,Federal Contract Tower,2,14,9,0,25,0,34,55,0,89,2,48,64,0,114,104,0,104,218
02/28/2012,BKL,OH,AGL,CE,Federal Contract Tower,0,25,28,0,53,0,27,46,0,73,0,52,74,0,126,72,0,72,198
02/29/2012,BKL,OH,AGL,CE,Federal Contract Tower,2,25,31,4,62,0,24,9,0,33,2,49,40,4,95,50,0,50,145
03/01/2012,BKL,OH,AGL,CE,Federal Contract Tower,0,36,35,0,71,0,13,37,0,50,0,49,72,0,121,48,0,48,169
03/02/2012,BKL,OH,AGL,CE,Federal Contract Tower,0,31,10,0,41,0,21,28,0,49,0,52,38,0,90,24,0,24,114
03/03/2012,BKL,OH,AGL,CE,Federal Contract Tower,0,13,3,1,17,0,23,0,0,23,0,36,3,1,40,0,0,0,40
03/04/2012,BKL,OH,AGL,CE,Federal Contract Tower,0,8,5,0,13,0,10,3,0,13,0,18,8,0,26,14,0,14,40
03/05/2012,BKL,OH,AGL,CE,Federal Contract Tower,0,11,14,0,25,0,13,2,0,15,0,24,16,0,40,0,0,0,40
03/06/2012,BKL,OH,AGL,CE,Federal Contract Tower,0,31,14,0,45,0,32,45,0,77,0,63,59,0,122,22,0,22,144
03/07/2012,BKL,OH,AGL,CE,Federal Contract Tower,0,25,16,0,41,0,18,20,0,38,0,43,36,0,79,8,0,8,87
03/08/2012,BKL,OH,AGL,CE,Federal Contract Tower,0,20,26,0,46,0,6,4,0,10,0,26,30,0,56,0,0,0,56
03/09/2012,BKL,OH,AGL,CE,Federal Contract Tower,0,21,11,0,32,0,24,17,0,41,0,45,28,0,73,26,0,26,99
03/10/2012,BKL,OH,AGL,CE,Federal Contract Tower,0,14,9,0,23,0,4,53,0,57,0,18,62,0,80,164,0,164,244
03/11/2012,BKL,OH,AGL,CE,Federal Contract Tower,0,1,5,0,6,0,12,35,0,47,0,13,40,0,53,76,0,76,129
03/12/2012,BKL,OH,AGL,CE,Federal Contract Tower,2,12,15,0,29,0,16,0,0,16,2,28,15,0,45,0,0,0,45
03/13/2012,BKL,OH,AGL,CE,Federal Contract Tower,0,24,17,0,41,0,23,68,0,91,0,47,85,0,132,192,0,192,324
03/14/2012,BKL,OH,AGL,CE,Federal Contract Tower,2,25,22,0,49,0,21,64,4,89,2,46,86,4,138,188,0,188,326
03/15/2012,BKL,OH,AGL,CE,Federal Contract Tower,0,23,13,5,41,0,22,21,6,49,0,45,34,11,90,46,0,46,136
03/16/2012,BKL,OH,AGL,CE,Federal Contract Tower,0,23,17,0,40,25,59,2,0,86,25,82,19,0,126,238,0,238,364
03/17/2012,BKL,OH,AGL,CE,Federal Contract Tower,0,18,12,0,30,0,26,55,0,81,0,44,67,0,111,130,0,130,241
03/18/2012,BKL,OH,AGL,CE,Federal Contract Tower,0,8,8,0,16,0,14,8,0,22,0,22,16,0,38,52,0,52,90
03/19/2012,BKL,OH,AGL,CE,Federal Contract Tower,0,19,13,0,32,0,19,35,4,58,0,38,48,4,90,76,0,76,166
03/20/2012,BKL,OH,AGL,CE,Federal Contract Tower,0,33,15,0,48,0,19,39,0,58,0,52,54,0,106,134,0,134,240
03/21/2012,BKL,OH,AGL,CE,Federal Contract Tower,0,24,15,6,45,0,20,39,2,61,0,44,54,8,106,74,0,74,180
03/22/2012,BKL,OH,AGL,CE,Federal Contract Tower,0,28,14,3,45,0,17,54,2,73,0,45,68,5,118,68,0,68,186
03/23/2012,BKL,OH,AGL,CE,Federal Contract Tower,0,25,9,0,34,0,31,34,1,66,0,56,43,1,100,188,0,188,288
03/24/2012,BKL,OH,AGL,CE,Federal Contract Tower,0,14,5,1,20,0,9,38,0,47,0,23,43,1,67,104,2,106,173
03/25/2012,BKL,OH,AGL,CE,Federal Contract Tower,2,6,8,1,17,0,14,6,1,21,2,20,14,2,38,0,0,0,38
03/26/2012,BKL,OH,AGL,CE,Federal Contract Tower,0,10,10,0,20,0,30,42,1,73,0,40,52,1,93,120,0,120,213
03/27/2012,BKL,OH,AGL,CE,Federal Contract Tower,0,36,11,1,48,0,24,78,1,103,0,60,89,2,151,222,0,222,373
03/28/2012,BKL,OH,AGL,CE,Federal Contract Tower,0,29,11,2,42,0,9,36,2,47,0,38,47,4,89,18,0,18,107
03/29/2012,BKL,OH,AGL,CE,Federal Contract Tower,0,27,18,1,46,0,29,35,0,64,0,56,53,1,110,110,0,110,220
03/30/2012,BKL,OH,AGL,CE,Federal Contract Tower,0,23,11,1,35,0,23,25,0,48,0,46,36,1,83,12,0,12,95
03/31/2012,BKL,OH,AGL,CE,Federal Contract Tower,2,20,15,0,37,0,2,2,0,4,2,22,17,0,41,0,0,0,41
04/01/2012,BKL,OH,AGL,CE,Federal Contract Tower,0,6,13,0,19,0,34,35,2,71,0,40,48,2,90,102,0,102,192
04/02/2012,BKL,OH,AGL,CE,Federal Contract Tower,2,11,14,0,27,0,19,44,0,63,2,30,58,0,90,68,6,74,164
04/03/2012,BKL,OH,AGL,CE,Federal Contract Tower,1,27,13,0,41,0,42,55,0,97,1,69,68,0,138,78,0,78,216
04/04/2012,BKL,OH,AGL,CE,Federal Contract Tower,1,27,13,0,41,0,41,85,0,126,1,68,98,0,167,228,0,228,395
04/05/2012,BKL,OH,AGL,CE,Federal Contract Tower,0,22,13,1,36,0,41,48,7,96,0,63,61,8,132,16,0,16,148
04/06/2012,BKL,OH,AGL,CE,Federal Contract Tower,0,20,11,2,33,0,34,29,4,67,0,54,40,6,100,184,0,184,284
04/07/2012,BKL,OH,AGL,CE,Federal Contract Tower,0,9,12,0,21,0,20,70,0,90,0,29,82,0,111,38,0,38,149
04/08/2012,BKL,OH,AGL,CE,Federal Contract Tower,2,3,15,0,20,0,14,22,0,36,2,17,37,0,56,42,0,42,98
04/09/2012,BKL,OH,AGL,CE,Federal Contract Tower,0,15,14,0,29,0,12,20,0,32,0,27,34,0,61,30,0,30,91
04/10/2012,BKL,OH,AGL,CE,Federal Contract Tower,0,25,19,0,44,0,15,10,0,25,0,40,29,0,69,2,0,2,71
04/11/2012,BKL,OH,AGL,CE,Federal Contract Tower,1,25,26,0,52,0,31,4,0,35,1,56,30,0,87,10,0,10,97
04/12/2012,BKL,OH,AGL,CE,Federal Contract Tower,0,28,20,3,51,0,23,43,0,66,0,51,63,3,117,56,34,90,207
04/13/2012,BKL,OH,AGL,CE,Federal Contract Tower,0,33,36,0,69,0,33,57,2,92,0,66,93,2,161,128,0,128,289
04/14/2012,BKL,OH,AGL,CE,Federal Contract Tower,0,25,16,0,41,0,19,30,0,49,0,44,46,0,90,70,0,70,160
04/15/2012,BKL,OH,AGL,CE,Federal Contract Tower,0,8,26,0,34,0,15,8,0,23,0,23,34,0,57,0,0,0,57
04/16/2012,BKL,OH,AGL,CE,Federal Contract Tower,0,10,10,0,20,0,29,6,3,38,0,39,16,3,58,6,0,6,64
04/17/2012,BKL,OH,AGL,CE,Federal Contract Tower,1,25,21,0,47,0,38,52,0,90,1,63,73,0,137,82,0,82,219
04/18/2012,BKL,OH,AGL,CE,Federal Contract Tower,1,18,15,0,34,0,32,45,0,77,1,50,60,0,111,190,0,190,301
04/19/2012,BKL,OH,AGL,CE,Federal Contract Tower,0,27,20,3,50,0,59,46,2,107,0,86,66,5,157,112,6,118,275
04/20/2012,BKL,OH,AGL,CE,Federal Contract Tower,0,24,9,1,34,0,26,35,0,61,0,50,44,1,95,32,0,32,127
04/21/2012,BKL,OH,AGL,CE,Federal Contract Tower,0,16,15,0,31,0,17,9,0,26,0,33,24,0,57,12,0,12,69
04/22/2012,BKL,OH,AGL,CE,Federal Contract Tower,0,4,13,0,17,0,20,12,0,32,0,24,25,0,49,2,0,2,51
04/23/2012,BKL,OH,AGL,CE,Federal Contract Tower,0,9,18,0,27,0,26,6,0,32,0,35,24,0,59,0,0,0,59
04/24/2012,BKL,OH,AGL,CE,Federal Contract Tower,0,23,31,0,54,0,31,17,2,50,0,54,48,2,104,18,8,26,130
04/25/2012,BKL,OH,AGL,CE,Federal Contract Tower,0,36,44,0,80,0,57,77,0,134,0,93,121,0,214,202,0,202,416
04/26/2012,BKL,OH,AGL,CE,Federal Contract Tower,0,30,32,0,62,0,17,13,0,30,0,47,45,0,92,20,0,20,112
04/27/2012,BKL,OH,AGL,CE,Federal Contract Tower,2,28,21,0,51,0,36,39,0,75,2,64,60,0,126,124,0,124,250
04/28/2012,BKL,OH,AGL,CE,Federal Contract Tower,0,13,12,0,25,0,34,31,0,65,0,47,43,0,90,16,0,16,106
04/29/2012,BKL,OH,AGL,CE,Federal Contract Tower,2,6,16,0,24,0,18,46,0,64,2,24,62,0,88,4,0,4,92
04/30/2012,BKL,OH,AGL,CE,Federal Contract Tower,0,15,25,0,40,0,33,33,0,66,0,48,58,0,106,22,0,22,128
05/01/2012,BKL,OH,AGL,CE,Federal Contract Tower,0,29,32,2,63,0,12,21,0,33,0,41,53,2,96,160,0,160,256
05/02/2012,BKL,OH,AGL,CE,Federal Contract Tower,0,32,24,0,56,0,39,36,0,75,0,71,60,0,131,90,0,90,221
05/03/2012,BKL,OH,AGL,CE,Federal Contract Tower,0,37,27,4,68,0,43,44,0,87,0,80,71,4,155,138,10,148,303
05/04/2012,BKL,OH,AGL,CE,Federal Contract Tower,0,22,12,0,34,0,25,38,2,65,0,47,50,2,99,200,0,200,299
05/05/2012,BKL,OH,AGL,CE,Federal Contract Tower,0,14,10,0,24,0,11,33,0,44,0,25,43,0,68,16,0,16,84
05/06/2012,BKL,OH,AGL,CE,Federal Contract Tower,0,8,16,0,24,0,16,77,2,95,0,24,93,2,119,96,0,96,215
05/07/2012,BKL,OH,AGL,CE,Federal Contract Tower,0,18,14,0,32,0,11,5,0,16,0,29,19,0,48,6,0,6,54
05/08/2012,BKL,OH,AGL,CE,Federal Contract Tower,0,33,22,0,55,0,2,3,0,5,0,35,25,0,60,0,0,0,60
05/09/2012,BKL,OH,AGL,CE,Federal Contract Tower,0,27,22,0,49,0,23,39,0,62,0,50,61,0,111,76,0,76,187
05/10/2012,BKL,OH,AGL,CE,Federal Contract Tower,2,24,26,0,52,0,34,30,1,65,2,58,56,1,117,104,0,104,221
05/11/2012,BKL,OH,AGL,CE,Federal Contract Tower,0,27,14,0,41,0,20,51,1,72,0,47,65,1,113,114,0,114,227
05/12/2012,BKL,OH,AGL,CE,Federal Contract Tower,0,13,11,0,24,0,8,47,0,55,0,21,58,0,79,94,0,94,173
05/13/2012,BKL,OH,AGL,CE,Federal Contract Tower,0,2,9,0,11,0,19,38,0,57,0,21,47,0,68,50,0,50,118
05/14/2012,BKL,OH,AGL,CE,Federal Contract Tower,0,20,27,2,49,0,20,47,1,68,0,40,74,3,117,186,18,204,321
05/15/2012,BKL,OH,AGL,CE,Federal Contract Tower,0,29,27,0,56,0,17,67,3,87,0,46,94,3,143,246,0,246,389
05/16/2012,BKL,OH,AGL,CE,Federal Contract Tower,2,36,24,6,68,0,26,53,2,81,2,62,77,8,149,192,0,192,341
05/17/2012,BKL,OH,AGL,CE,Federal Contract Tower,2,40,33,1,76,0,31,78,2,111,2,71,111,3,187,86,0,86,273
05/18/2012,BKL,OH,AGL,CE,Federal Contract Tower,2,27,35,2,66,0,20,67,5,92,2,47,102,7,158,128,0,128,286
05/19/2012,BKL,OH,AGL,CE,Federal Contract Tower,0,11,12,0,23,0,11,63,0,74,0,22,75,0,97,140,0,140,237
05/20/2012,BKL,OH,AGL,CE,Federal Contract Tower,2,1,26,0,29,0,9,49,0,58,2,10,75,0,87,72,0,72,159
05/21/2012,BKL,OH,AGL,CE,Federal Contract Tower,0,22,28,1,51,0,38,49,0,87,0,60,77,1,138,94,0,94,232
05/22/2012,BKL,OH,AGL,CE,Federal Contract Tower,1,26,26,2,55,0,17,12,1,30,1,43,38,3,85,0,0,0,85
05/23/2012,BKL,OH,AGL,CE,Federal Contract Tower,0,43,25,2,70,0,44,69,5,118,0,87,94,7,188,152,0,152,340
05/24/2012,BKL,OH,AGL,CE,Federal Contract Tower,0,25,28,0,53,0,43,65,0,108,0,68,93,0,161,64,0,64,225
05/25/2012,BKL,OH,AGL,CE,Federal Contract Tower,0,18,27,0,45,0,35,49,0,84,0,53,76,0,129,30,0,30,159
05/26/2012,BKL,OH,AGL,CE,Federal Contract Tower,0,11,7,0,18,0,7,38,0,45,0,18,45,0,63,80,0,80,143
05/27/2012,BKL,OH,AGL,CE,Federal Contract Tower,0,4,7,0,11,0,14,27,0,41,0,18,34,0,52,112,0,112,164
05/28/2012,BKL,OH,AGL,CE,Federal Contract Tower,0,5,13,0,18,0,14,27,0,41,0,19,40,0,59,46,0,46,105
05/29/2012,BKL,OH,AGL,CE,Federal Contract Tower,0,17,9,0,26,0,15,24,0,39,0,32,33,0,65,44,0,44,109
05/30/2012,BKL,OH,AGL,CE,Federal Contract Tower,0,31,19,0,50,0,19,57,0,76,0,50,76,0,126,58,0,58,184
05/31/2012,BKL,OH,AGL,CE,Federal Contract Tower,0,24,23,0,47,0,27,55,0,82,0,51,78,0,129,84,0,84,213
06/01/2012,BKL,OH,AGL,CE,Federal Contract Tower,1,26,19,0,46,0,15,10,0,25,1,41,29,0,71,0,0,0,71
06/02/2012,BKL,OH,AGL,CE,Federal Contract Tower,0,15,6,0,21,0,27,60,0,87,0,42,66,0,108,16,0,16,124
06/03/2012,BKL,OH,AGL,CE,Federal Contract Tower,2,1,7,2,12,0,22,45,0,67,2,23,52,2,79,0,0,0,79
06/04/2012,BKL,OH,AGL,CE,Federal Contract Tower,0,10,24,3,37,0,30,56,0,86,0,40,80,3,123,162,0,162,285
06/05/2012,BKL,OH,AGL,CE,Federal Contract Tower,0,31,19,0,50,0,22,32,0,54,0,53,51,0,104,74,0,74,178
06/06/2012,BKL,OH,AGL,CE,Federal Contract Tower,0,27,19,0,46,0,27,58,1,86,0,54,77,1,132,64,0,64,196
06/07/2012,BKL,OH,AGL,CE,Federal Contract Tower,0,24,15,0,39,0,25,65,2,92,0,49,80,2,131,216,0,216,347
06/08/2012,BKL,OH,AGL,CE,Federal Contract Tower,0,25,26,0,51,0,70,86,0,156,0,95,112,0,207,96,0,96,303
06/09/2012,BKL,OH,AGL,CE,Federal Contract Tower,0,17,7,0,24,0,34,72,0,106,0,51,79,0,130,104,0,104,234
06/10/2012,BKL,OH,AGL,CE,Federal Contract Tower,0,4,10,2,16,0,39,59,25,123,0,43,69,27,139,48,0,48,187
06/11/2012,BKL,OH,AGL,CE,Federal Contract Tower,0,18,19,1,38,0,54,45,6,105,0,72,64,7,143,78,2,80,223
06/12/2012,BKL,OH,AGL,CE,Federal Contract Tower,0,25,28,0,53,0,31,49,16,96,0,56,77,16,149,8,14,22,171
06/13/2012,BKL,OH,AGL,CE,Federal Contract Tower,0,24,20,3,47,0,24,73,21,118,0,48,93,24,165,20,10,30,195
06/14/2012,BKL,OH,AGL,CE,Federal Contract Tower,0,16,17,0,33,0,36,53,4,93,0,52,70,4,126,64,0,64,190
06/15/2012,BKL,OH,AGL,CE,Federal Contract Tower,2,25,13,4,44,0,24,47,15,86,2,49,60,19,130,78,4,82,212
06/16/2012,BKL,OH,AGL,CE,Federal Contract Tower,0,16,6,3,25,0,25,30,5,60,0,41,36,8,85,38,0,38,123
06/17/2012,BKL,OH,AGL,CE,Federal Contract Tower,2,1,6,6,15,0,34,11,4,49,2,35,17,10,64,0,4,4,68
06/18/2012,BKL,OH,AGL,CE,Federal Contract Tower,0,18,16,10,44,0,20,25,12,57,0,38,41,22,101,42,8,50,151
06/19/2012,BKL,OH,AGL,CE,Federal Contract Tower,0,32,28,0,60,0,33,29,7,69,0,65,57,7,129,42,0,42,171
06/20/2012,BKL,OH,AGL,CE,Federal Contract Tower,0,33,34,1,68,0,26,78,0,104,0,59,112,1,172,140,2,142,314
06/21/2012,BKL,OH,AGL,CE,Federal Contract Tower,2,26,29,0,57,0,33,73,0,106,2,59,102,0,163,40,0,40,203
06/22/2012,BKL,OH,AGL,CE,Federal Contract Tower,0,24,15,0,39,0,54,51,0,105,0,78,66,0,144,82,0,82,226
06/23/2012,BKL,OH,AGL,CE,Federal Contract Tower,0,14,3,0,17,0,26,207,2,235,0,40,210,2,252,100,0,100,352
06/24/2012,BKL,OH,AGL,CE,Federal Contract Tower,0,7,11,0,18,0,21,58,0,79,0,28,69,0,97,84,0,84,181
06/25/2012,BKL,OH,AGL,CE,Federal Contract Tower,0,13,8,0,21,0,49,15,0,64,0,62,23,0,85,12,0,12,97
06/26/2012,BKL,OH,AGL,CE,Federal Contract Tower,0,35,21,0,56,0,41,40,0,81,0,76,61,0,137,68,0,68,205
06/27/2012,BKL,OH,AGL,CE,Federal Contract Tower,0,26,16,0,42,0,37,81,0,118,0,63,97,0,160,198,0,198,358
06/28/2012,BKL,OH,AGL,CE,Federal Contract Tower,0,13,15,0,28,0,31,56,0,87,0,44,71,0,115,100,0,100,215
06/29/2012,BKL,OH,AGL,CE,Federal Contract Tower,0,22,16,2,40,0,55,59,1,115,0,77,75,3,155,206,2,208,363
06/30/2012,BKL,OH,AGL,CE,Federal Contract Tower,0,18,8,0,26,0,23,54,0,77,0,41,62,0,103,166,0,166,269
07/01/2012,BKL,OH,AGL,CE,Federal Contract Tower,0,4,9,0,13,0,17,32,0,49,0,21,41,0,62,78,0,78,140
07/02/2012,BKL,OH,AGL,CE,Federal Contract Tower,0,7,17,0,24,0,25,61,0,86,0,32,78,0,110,134,0,134,244
07/03/2012,BKL,OH,AGL,CE,Federal Contract Tower,0,22,2,0,24,0,44,35,0,79,0,66,37,0,103,58,0,58,161
07/04/2012,BKL,OH,AGL,CE,Federal Contract Tower,1,10,3,0,14,0,24,23,0,47,1,34,26,0,61,44,0,44,105
07/05/2012,BKL,OH,AGL,CE,Federal Contract Tower,4,4,5,0,13,0,26,20,6,52,4,30,25,6,65,66,0,66,131
07/06/2012,BKL,OH,AGL,CE,Federal Contract Tower,0,13,9,0,22,0,30,63,0,93,0,43,72,0,115,114,0,114,229
07/07/2012,BKL,OH,AGL,CE,Federal Contract Tower,0,15,10,0,25,0,24,61,0,85,0,39,71,0,110,58,0,58,168
07/08/2012,BKL,OH,AGL,CE,Federal Contract Tower,2,8,12,0,22,0,9,47,0,56,2,17,59,0,78,18,0,18,96
07/09/2012,BKL,OH,AGL,CE,Federal Contract Tower,0,8,18,0,26,0,15,51,0,66,0,23,69,0,92,70,0,70,162
07/10/2012,BKL,OH,AGL,CE,Federal Contract Tower,0,24,22,1,47,0,26,56,0,82,0,50,78,1,129,226,0,226,355
07/11/2012,BKL,OH,AGL,CE,Federal Contract Tower,0,29,19,1,49,0,35,70,0,105,0,64,89,1,154,84,0,84,238
07/12/2012,BKL,OH,AGL,CE,Federal Contract Tower,0,28,25,0,53,0,52,80,0,132,0,80,105,0,185,164,0,164,349
07/13/2012,BKL,OH,AGL,CE,Federal Contract Tower,0,28,16,0,44,0,29,69,0,98,0,57,85,0,142,116,0,116,258
07/14/2012,BKL,OH,AGL,CE,Federal Contract Tower,0,11,14,2,27,0,15,51,0,66,0,26,65,2,93,104,0,104,197
07/15/2012,BKL,OH,AGL,CE,Federal Contract Tower,0,7,18,0,25,0,20,34,0,54,0,27,52,0,79,24,0,24,103
07/16/2012,BKL,OH,AGL,CE,Federal Contract Tower,0,17,23,0,40,0,19,38,0,57,0,36,61,0,97,106,0,106,203
07/17/2012,BKL,OH,AGL,CE,Federal Contract Tower,0,32,27,0,59,0,28,34,0,62,0,60,61,0,121,148,0,148,269
07/18/2012,BKL,OH,AGL,CE,Federal Contract Tower,0,27,25,4,56,0,40,47,0,87,0,67,72,4,143,116,4,120,263
07/19/2012,BKL,OH,AGL,CE,Federal Contract Tower,0,28,30,0,58,0,26,39,0,65,0,54,69,0,123,90,0,90,213
07/20/2012,BKL,OH,AGL,CE,Federal Contract Tower,2,34,37,0,73,0,25,66,0,91,2,59,103,0,164,76,0,76,240
07/21/2012,BKL,OH,AGL,CE,Federal Contract Tower,0,23,23,0,46,0,22,84,0,106,0,45,107,0,152,170,0,170,322
07/22/2012,BKL,OH,AGL,CE,Federal Contract Tower,0,11,8,0,19,0,17,49,0,66,0,28,57,0,85,18,0,18,103
07/23/2012,BKL,OH,AGL,CE,Federal Contract Tower,0,11,13,0,24,0,23,52,0,75,0,34,65,0,99,72,0,72,171
07/24/2012,BKL,OH,AGL,CE,Federal Contract Tower,1,25,21,0,47,0,41,69,0,110,1,66,90,0,157,186,0,186,343
07/25/2012,BKL,OH,AGL,CE,Federal Contract Tower,0,19,24,0,43,0,31,92,0,123,0,50,116,0,166,132,0,132,298
07/26/2012,BKL,OH,AGL,CE,Federal Contract Tower,0,30,14,0,44,0,15,30,0,45,0,45,44,0,89,32,0,32,121
07/27/2012,BKL,OH,AGL,CE,Federal Contract Tower,1,28,16,0,45,0,24,52,0,76,1,52,68,0,121,146,0,146,267
07/28/2012,BKL,OH,AGL,CE,Federal Contract Tower,0,17,14,0,31,0,13,16,0,29,0,30,30,0,60,10,0,10,70
07/29/2012,BKL,OH,AGL,CE,Federal Contract Tower,0,3,25,0,28,0,19,62,0,81,0,22,87,0,109,72,0,72,181
07/30/2012,BKL,OH,AGL,CE,Federal Contract Tower,0,11,14,0,25,0,15,82,0,97,0,26,96,0,122,130,0,130,252
07/31/2012,BKL,OH,AGL,CE,Federal Contract Tower,0,18,20,2,40,0,26,47,0,73,0,44,67,2,113,134,0,134,247
08/01/2012,BKL,OH,AGL,CE,Federal Contract Tower,0,20,28,2,50,0,51,63,0,114,0,71,91,2,164,126,0,126,290
08/02/2012,BKL,OH,AGL,CE,Federal Contract Tower,1,29,32,2,64,0,37,78,0,115,1,66,110,2,179,232,6,238,417
08/03/2012,BKL,OH,AGL,CE,Federal Contract Tower,0,25,15,2,42,0,37,57,4,98,0,62,72,6,140,120,8,128,268
08/04/2012,BKL,OH,AGL,CE,Federal Contract Tower,0,8,16,0,24,0,32,54,0,86,0,40,70,0,110,196,0,196,306
08/05/2012,BKL,OH,AGL,CE,Federal Contract Tower,0,8,6,0,14,0,21,16,0,37,0,29,22,0,51,48,0,48,99
08/06/2012,BKL,OH,AGL,CE,Federal Contract Tower,2,17,24,1,44,0,13,62,0,75,2,30,86,1,119,70,0,70,189
08/07/2012,BKL,OH,AGL,CE,Federal Contract Tower,0,30,31,1,62,0,19,96,0,115,0,49,127,1,177,156,0,156,333
08/08/2012,BKL,OH,AGL,CE,Federal Contract Tower,2,23,44,2,71,0,17,59,0,76,2,40,103,2,147,130,0,130,277
08/09/2012,BKL,OH,AGL,CE,Federal Contract Tower,2,40,22,0,64,0,38,35,0,73,2,78,57,0,137,106,0,106,243
08/10/2012,BKL,OH,AGL,CE,Federal Contract Tower,0,29,15,0,44,0,19,13,1,33,0,48,28,1,77,14,0,14,91
08/11/2012,BKL,OH,AGL,CE,Federal Contract Tower,0,15,14,1,30,0,30,8,0,38,0,45,22,1,68,36,0,36,104
08/12/2012,BKL,OH,AGL,CE,Federal Contract Tower,2,4,12,2,20,0,32,56,0,88,2,36,68,2,108,42,0,42,150
08/13/2012,BKL,OH,AGL,CE,Federal Contract Tower,0,20,20,0,40,0,18,52,0,70,0,38,72,0,110,140,0,140,250
08/14/2012,BKL,OH,AGL,CE,Federal Contract Tower,0,35,19,1,55,0,14,19,2,35,0,49,38,3,90,72,0,72,162
08/15/2012,BKL,OH,AGL,CE,Federal Contract Tower,0,31,29,1,61,0,33,51,0,84,0,64,80,1,145,282,0,282,427
08/16/2012,BKL,OH,AGL,CE,Federal Contract Tower,0,35,28,4,67,0,35,64,0,99,0,70,92,4,166,154,0,154,320
08/17/2012,BKL,OH,AGL,CE,Federal Contract Tower,0,32,23,0,55,0,36,73,0,109,0,68,96,0,164,60,0,60,224
08/18/2012,BKL,OH,AGL,CE,Federal Contract Tower,0,12,13,1,26,0,22,42,0,64,0,34,55,1,90,74,1,75,165
08/19/2012,BKL,OH,AGL,CE,Federal Contract Tower,0,7,20,0,27,0,35,60,0,95,0,42,80,0,122,124,0,124,246
08/20/2012,BKL,OH,AGL,CE,Federal Contract Tower,0,21,20,0,41,0,18,33,0,51,0,39,53,0,92,56,0,56,148
08/21/2012,BKL,OH,AGL,CE,Federal Contract Tower,0,26,27,0,53,0,32,51,0,83,0,58,78,0,136,88,0,88,224
08/22/2012,BKL,OH,AGL,CE,Federal Contract Tower,0,34,28,3,65,0,47,53,4,104,0,81,81,7,169,162,2,164,333
08/23/2012,BKL,OH,AGL,CE,Federal Contract Tower,2,33,21,0,56,0,40,71,0,111,2,73,92,0,167,146,0,146,313
08/24/2012,BKL,OH,AGL,CE,Federal Contract Tower,0,30,31,0,61,0,24,69,0,93,0,54,100,0,154,104,0,104,258
08/25/2012,BKL,OH,AGL,CE,Federal Contract Tower,0,5,13,0,18,0,33,92,0,125,0,38,105,0,143,114,0,114,257
08/26/2012,BKL,OH,AGL,CE,Federal Contract Tower,1,4,18,1,24,0,25,88,1,114,1,29,106,2,138,62,0,62,200
08/27/2012,BKL,OH,AGL,CE,Federal Contract Tower,0,17,16,4,37,0,10,15,0,25,0,27,31,4,62,0,0,0,62
08/28/2012,BKL,OH,AGL,CE,Federal Contract Tower,0,27,25,7,59,0,9,29,1,39,0,36,54,8,98,68,4,72,170
08/29/2012,BKL,OH,AGL,CE,Federal Contract Tower,2,33,13,2,50,0,37,53,0,90,2,70,66,2,140,68,0,68,208
08/30/2012,BKL,OH,AGL,CE,Federal Contract Tower,0,35,22,10,67,0,44,51,0,95,0,79,73,10,162,56,0,56,218
08/31/2012,BKL,OH,AGL,CE,Federal Contract Tower,0,28,11,5,44,0,11,43,10,64,0,39,54,15,108,0,10,10,118
09/01/2012,BKL,OH,AGL,CE,Federal Contract Tower,1,3,1,1,6,0,8,2,1,11,1,11,3,2,17,0,0,0,17
09/02/2012,BKL,OH,AGL,CE,Federal Contract Tower,0,0,0,0,0,0,6,2,0,8,0,6,2,0,8,0,0,0,8
09/03/2012,BKL,OH,AGL,CE,Federal Contract Tower,1,2,2,8,13,0,3,6,0,9,1,5,8,8,22,0,0,0,22
09/04/2012,BKL,OH,AGL,CE,Federal Contract Tower,0,19,20,13,52,0,8,16,5,29,0,27,36,18,81,0,0,0,81
09/05/2012,BKL,OH,AGL,CE,Federal Contract Tower,0,26,20,0,46,0,15,57,2,74,0,41,77,2,120,114,2,116,236
09/06/2012,BKL,OH,AGL,CE,Federal Contract Tower,0,19,30,1,50,0,23,46,1,70,0,42,76,2,120,140,0,140,260
09/07/2012,BKL,OH,AGL,CE,Federal Contract Tower,0,25,18,1,44,0,24,31,0,55,0,49,49,1,99,88,6,94,193
09/08/2012,BKL,OH,AGL,CE,Federal Contract Tower,2,10,10,3,25,0,12,3,0,15,2,22,13,3,40,0,0,0,40
09/09/2012,BKL,OH,AGL,CE,Federal Contract Tower,2,20,21,0,43,0,6,51,0,57,2,26,72,0,100,14,0,14,114
09/10/2012,BKL,OH,AGL,CE,Federal Contract Tower,0,16,23,0,39,0,38,49,2,89,0,54,72,2,128,112,0,112,240
09/11/2012,BKL,OH,AGL,CE,Federal Contract Tower,0,25,26,0,51,0,38,38,0,76,0,63,64,0,127,52,0,52,179
09/12/2012,BKL,OH,AGL,CE,Federal Contract Tower,0,28,29,4,61,0,48,55,1,104,0,76,84,5,165,132,0,132,297
09/13/2012,BKL,OH,AGL,CE,Federal Contract Tower,0,36,22,2,60,0,54,67,2,123,0,90,89,4,183,138,0,138,321
09/14/2012,BKL,OH,AGL,CE,Federal Contract Tower,2,29,18,2,51,0,22,15,3,40,2,51,33,5,91,20,0,20,111
09/15/2012,BKL,OH,AGL,CE,Federal Contract Tower,0,12,13,2,27,0,26,80,1,107,0,38,93,3,134,64,6,70,204
09/16/2012,BKL,OH,AGL,CE,Federal Contract Tower,0,3,14,0,17,0,18,79,0,97,0,21,93,0,114,24,0,24,138
09/17/2012,BKL,OH,AGL,CE,Federal Contract Tower,1,10,12,3,26,0,32,62,1,95,1,42,74,4,121,102,0,102,223
09/18/2012,BKL,OH,AGL,CE,Federal Contract Tower,2,21,27,2,52,0,23,11,0,34,2,44,38,2,86,24,0,24,110
09/19/2012,BKL,OH,AGL,CE,Federal Contract Tower,0,39,30,0,69,0,31,69,0,100,0,70,99,0,169,68,0,68,237
09/20/2012,BKL,OH,AGL,CE,Federal Contract Tower,2,35,20,0,57,0,31,51,0,82,2,66,71,0,139,18,0,18,157
09/21/2012,BKL,OH,AGL,CE,Federal Contract Tower,0,33,19,0,52,0,30,67,0,97,0,63,86,0,149,158,0,158,307
09/22/2012,BKL,OH,AGL,CE,Federal Contract Tower,0,15,8,0,23,0,6,22,0,28,0,21,30,0,51,94,0,94,145
09/23/2012,BKL,OH,AGL,CE,Federal Contract Tower,0,9,23,0,32,0,21,34,0,55,0,30,57,0,87,0,0,0,87
09/24/2012,BKL,OH,AGL,CE,Federal Contract Tower,0,21,11,0,32,0,17,29,0,46,0,38,40,0,78,46,0,46,124
09/25/2012,BKL,OH,AGL,CE,Federal Contract Tower,0,36,29,6,71,0,36,37,0,73,0,72,66,6,144,20,0,20,164
09/26/2012,BKL,OH,AGL,CE,Federal Contract Tower,0,29,18,0,47,0,13,0,0,13,0,42,18,0,60,0,0,0,60
09/27/2012,BKL,OH,AGL,CE,Federal Contract Tower,0,24,15,0,39,0,24,41,2,67,0,48,56,2,106,52,0,52,158
09/28/2012,BKL,OH,AGL,CE,Federal Contract Tower,0,25,22,2,49,0,38,68,0,106,0,63,90,2,155,122,0,122,277
09/29/2012,BKL,OH,AGL,CE,Federal Contract Tower,0,18,11,0,29,0,21,51,0,72,0,39,62,0,101,66,0,66,167
09/30/2012,BKL,OH,AGL,CE,Federal Contract Tower,0,2,12,0,14,0,18,48,0,66,0,20,60,0,80,56,0,56,136
10/01/2012,BKL,OH,AGL,CE,Federal Contract Tower,2,15,22,3,42,0,29,66,0,95,2,44,88,3,137,94,0,94,231
10/02/2012,BKL,OH,AGL,CE,Federal Contract Tower,0,20,19,2,41,0,10,6,1,17,0,30,25,3,58,0,0,0,58
10/03/2012,BKL,OH,AGL,CE,Federal Contract Tower,0,16,17,6,39,0,18,31,0,49,0,34,48,6,88,68,0,68,156
10/04/2012,BKL,OH,AGL,CE,Federal Contract Tower,2,24,17,3,46,0,20,37,3,60,2,44,54,6,106,50,6,56,162
10/05/2012,BKL,OH,AGL,CE,Federal Contract Tower,0,18,13,1,32,0,21,12,1,34,0,39,25,2,66,46,0,46,112
10/06/2012,BKL,OH,AGL,CE,Federal Contract Tower,0,12,18,0,30,0,14,25,0,39,0,26,43,0,69,90,0,90,159
10/07/2012,BKL,OH,AGL,CE,Federal Contract Tower,0,1,14,0,15,0,33,9,0,42,0,34,23,0,57,14,0,14,71
10/08/2012,BKL,OH,AGL,CE,Federal Contract Tower,0,11,21,0,32,0,36,43,0,79,0,47,64,0,111,124,0,124,235
10/09/2012,BKL,OH,AGL,CE,Federal Contract Tower,0,22,22,2,46,0,38,67,0,105,0,60,89,2,151,152,0,152,303
10/10/2012,BKL,OH,AGL,CE,Federal Contract Tower,0,29,17,0,46,0,38,11,0,49,0,67,28,0,95,22,0,22,117
10/11/2012,BKL,OH,AGL,CE,Federal Contract Tower,0,29,15,0,44,0,28,22,0,50,0,57,37,0,94,90,0,90,184
10/12/2012,BKL,OH,AGL,CE,Federal Contract Tower,0,29,13,0,42,0,36,44,0,80,0,65,57,0,122,172,0,172,294
10/13/2012,BKL,OH,AGL,CE,Federal Contract Tower,2,21,13,2,38,0,35,50,0,85,2,56,63,2,123,90,0,90,213
10/14/2012,BKL,OH,AGL,CE,Federal Contract Tower,2,6,13,0,21,0,17,16,0,33,2,23,29,0,54,0,0,0,54
10/15/2012,BKL,OH,AGL,CE,Federal Contract Tower,0,14,21,0,35,0,14,7,0,21,0,28,28,0,56,6,0,6,62
10/16/2012,BKL,OH,AGL,CE,Federal Contract Tower,0,29,19,0,48,0,42,53,0,95,0,71,72,0,143,168,0,168,311
10/17/2012,BKL,OH,AGL,CE,Federal Contract Tower,0,27,27,0,54,0,32,41,0,73,0,59,68,0,127,138,0,138,265
10/18/2012,BKL,OH,AGL,CE,Federal Contract Tower,0,30,19,0,49,0,17,13,0,30,0,47,32,0,79,8,0,8,87
10/19/2012,BKL,OH,AGL,CE,Federal Contract Tower,0,27,33,3,63,0,31,29,0,60,0,58,62,3,123,66,2,68,191
10/20/2012,BKL,OH,AGL,CE,Federal Contract Tower,0,9,11,0,20,0,19,21,0,40,0,28,32,0,60,34,0,34,94
10/21/2012,BKL,OH,AGL,CE,Federal Contract Tower,0,7,13,0,20,0,22,48,0,70,0,29,61,0,90,140,0,140,230
10/22/2012,BKL,OH,AGL,CE,Federal Contract Tower,0,13,25,1,39,0,20,65,0,85,0,33,90,1,124,184,0,184,308
10/23/2012,BKL,OH,AGL,CE,Federal Contract Tower,0,22,21,3,46,0,33,15,3,51,0,55,36,6,97,26,4,30,127
10/24/2012,BKL,OH,AGL,CE,Federal Contract Tower,0,28,25,2,55,0,24,60,0,84,0,52,85,2,139,144,0,144,283
10/25/2012,BKL,OH,AGL,CE,Federal Contract Tower,1,21,16,0,38,0,29,31,1,61,1,50,47,1,99,46,0,46,145
10/26/2012,BKL,OH,AGL,CE,Federal Contract Tower,1,22,23,0,46,0,7,5,1,13,1,29,28,1,59,14,0,14,73
10/27/2012,BKL,OH,AGL,CE,Federal Contract Tower,0,15,3,0,18,0,0,0,0,0,0,15,3,0,18,0,0,0,18
10/28/2012,BKL,OH,AGL,CE,Federal Contract Tower,0,10,21,1,32,0,2,4,0,6,0,12,25,1,38,4,0,4,42
10/29/2012,BKL,OH,AGL,CE,Federal Contract Tower,0,11,7,0,18,0,2,0,0,2,0,13,7,0,20,0,0,0,20
10/30/2012,BKL,OH,AGL,CE,Federal Contract Tower,0,7,0,0,7,0,1,0,0,1,0,8,0,0,8,0,0,0,8
10/31/2012,BKL,OH,AGL,CE,Federal Contract Tower,0,26,11,2,39,0,1,0,3,4,0,27,11,5,43,0,2,2,45
11/01/2012,BKL,OH,AGL,CE,Federal Contract Tower,0,41,21,0,62,0,12,7,8,27,0,53,28,8,89,0,0,0,89
11/02/2012,BKL,OH,AGL,CE,Federal Contract Tower,0,27,17,0,44,0,26,9,0,35,0,53,26,0,79,0,0,0,79
11/03/2012,BKL,OH,AGL,CE,Federal Contract Tower,0,13,20,4,37,0,11,13,9,33,0,24,33,13,70,36,0,36,106
11/04/2012,BKL,OH,AGL,CE,Federal Contract Tower,0,14,24,2,40,0,30,40,8,78,0,44,64,10,118,14,4,18,136
11/05/2012,BKL,OH,AGL,CE,Federal Contract Tower,0,14,11,0,25,0,14,36,0,50,0,28,47,0,75,76,0,76,151
11/06/2012,BKL,OH,AGL,CE,Federal Contract Tower,0,31,15,0,46,0,29,73,0,102,0,60,88,0,148,124,0,124,272
11/07/2012,BKL,OH,AGL,CE,Federal Contract Tower,0,27,31,0,58,0,35,44,4,83,0,62,75,4,141,148,0,148,289
11/08/2012,BKL,OH,AGL,CE,Federal Contract Tower,0,30,24,0,54,0,34,34,2,70,0,64,58,2,124,88,2,90,214
11/09/2012,BKL,OH,AGL,CE,Federal Contract Tower,0,27,22,1,50,0,35,32,2,69,0,62,54,3,119,62,0,62,181
11/10/2012,BKL,OH,AGL,CE,Federal Contract Tower,0,6,22,0,28,0,22,70,0,92,0,28,92,0,120,98,0,98,218
11/11/2012,BKL,OH,AGL,CE,Federal Contract Tower,0,3,5,0,8,0,35,42,0,77,0,38,47,0,85,6,0,6,91
11/12/2012,BKL,OH,AGL,CE,Federal Contract Tower,0,4,21,0,25,0,4,1,0,5,0,8,22,0,30,0,0,0,30
11/13/2012,BKL,OH,AGL,CE,Federal Contract Tower,0,12,6,0,18,0,17,9,2,28,0,29,15,2,46,10,0,10,56
11/14/2012,BKL,OH,AGL,CE,Federal Contract Tower,0,25,19,2,46,0,46,44,0,90,0,71,63,2,136,120,0,120,256
11/15/2012,BKL,OH,AGL,CE,Federal Contract Tower,0,24,17,4,45,0,28,30,0,58,0,52,47,4,103,122,0,122,225
11/16/2012,BKL,OH,AGL,CE,Federal Contract Tower,0,30,18,0,48,0,44,46,0,90,0,74,64,0,138,74,0,74,212
11/17/2012,BKL,OH,AGL,CE,Federal Contract Tower,0,20,21,0,41,0,23,71,0,94,0,43,92,0,135,112,0,112,247
11/18/2012,BKL,OH,AGL,CE,Federal Contract Tower,1,5,4,2,12,0,18,50,0,68,1,23,54,2,80,42,0,42,122
11/19/2012,BKL,OH,AGL,CE,Federal Contract Tower,0,14,14,8,36,0,18,50,0,68,0,32,64,8,104,134,4,138,242
11/20/2012,BKL,OH,AGL,CE,Federal Contract Tower,0,29,15,0,44,0,33,48,0,81,0,62,63,0,125,118,0,118,243
11/21/2012,BKL,OH,AGL,CE,Federal Contract Tower,0,20,17,0,37,0,74,48,0,122,0,94,65,0,159,112,0,112,271
11/22/2012,BKL,OH,AGL,CE,Federal Contract Tower,0,24,3,0,27,0,34,18,0,52,0,58,21,0,79,12,0,12,91
11/23/2012,BKL,OH,AGL,CE,Federal Contract Tower,0,12,2,0,14,0,33,21,0,54,0,45,23,0,68,116,0,116,184
11/24/2012,BKL,OH,AGL,CE,Federal Contract Tower,0,21,7,0,28,0,7,3,0,10,0,28,10,0,38,10,0,10,48
11/25/2012,BKL,OH,AGL,CE,Federal Contract Tower,0,5,24,3,32,0,15,19,0,34,0,20,43,3,66,6,0,6,72
11/26/2012,BKL,OH,AGL,CE,Federal Contract Tower,0,6,16,0,22,0,16,18,0,34,0,22,34,0,56,78,0,78,134
11/27/2012,BKL,OH,AGL,CE,Federal Contract Tower,0,25,23,0,48,0,12,29,0,41,0,37,52,0,89,48,0,48,137
11/28/2012,BKL,OH,AGL,CE,Federal Contract Tower,0,28,22,0,50,0,32,31,0,63,0,60,53,0,113,40,0,40,153
11/29/2012,BKL,OH,AGL,CE,Federal Contract Tower,0,34,23,2,59,0,29,53,0,82,0,63,76,2,141,50,0,50,191
11/30/2012,BKL,OH,AGL,CE,Federal Contract Tower,0,24,27,0,51,0,24,20,0,44,0,48,47,0,95,66,0,66,161
12/01/2012,BKL,OH,AGL,CE,Federal Contract Tower,0,14,14,0,28,0,19,38,0,57,0,33,52,0,85,74,0,74,159
12/02/2012,BKL,OH,AGL,CE,Federal Contract Tower,0,2,4,0,6,0,3,0,0,3,0,5,4,0,9,0,0,0,9
12/03/2012,BKL,OH,AGL,CE,Federal Contract Tower,0,13,9,0,22,0,0,0,0,0,0,13,9,0,22,0,0,0,22
12/04/2012,BKL,OH,AGL,CE,Federal Contract Tower,0,25,33,0,58,0,13,9,0,22,0,38,42,0,80,0,0,0,80
12/05/2012,BKL,OH,AGL,CE,Federal Contract Tower,0,20,29,4,53,0,24,16,0,40,0,44,45,4,93,34,0,34,127
12/06/2012,BKL,OH,AGL,CE,Federal Contract Tower,0,29,24,0,53,0,35,44,1,80,0,64,68,1,133,98,0,98,231
12/07/2012,BKL,OH,AGL,CE,Federal Contract Tower,0,21,12,0,33,0,8,3,0,11,0,29,15,0,44,2,0,2,46
12/08/2012,BKL,OH,AGL,CE,Federal Contract Tower,0,16,9,0,25,0,0,0,0,0,0,16,9,0,25,0,0,0,25
12/09/2012,BKL,OH,AGL,CE,Federal Contract Tower,0,3,14,0,17,0,11,23,0,34,0,14,37,0,51,0,0,0,51
12/10/2012,BKL,OH,AGL,CE,Federal Contract Tower,0,10,17,0,27,0,2,2,0,4,0,12,19,0,31,0,0,0,31
12/11/2012,BKL,OH,AGL,CE,Federal Contract Tower,0,18,31,0,49,0,34,12,0,46,0,52,43,0,95,16,0,16,111
12/12/2012,BKL,OH,AGL,CE,Federal Contract Tower,0,21,35,0,56,0,31,48,0,79,0,52,83,0,135,54,0,54,189
12/13/2012,BKL,OH,AGL,CE,Federal Contract Tower,2,27,25,0,54,0,37,54,0,91,2,64,79,0,145,152,0,152,297
12/14/2012,BKL,OH,AGL,CE,Federal Contract Tower,0,27,20,0,47,0,13,57,0,70,0,40,77,0,117,138,0,138,255
12/15/2012,BKL,OH,AGL,CE,Federal Contract Tower,0,19,10,0,29,0,13,38,0,51,0,32,48,0,80,84,0,84,164
12/16/2012,BKL,OH,AGL,CE,Federal Contract Tower,0,3,30,0,33,0,33,47,0,80,0,36,77,0,113,40,0,40,153
12/17/2012,BKL,OH,AGL,CE,Federal Contract Tower,1,7,15,2,25,0,5,17,1,23,1,12,32,3,48,64,0,64,112
12/18/2012,BKL,OH,AGL,CE,Federal Contract Tower,0,26,23,0,49,0,3,10,1,14,0,29,33,1,63,34,0,34,97
12/19/2012,BKL,OH,AGL,CE,Federal Contract Tower,1,21,31,0,53,0,49,31,2,82,1,70,62,2,135,140,0,140,275
12/20/2012,BKL,OH,AGL,CE,Federal Contract Tower,0,20,23,0,43,0,27,3,0,30,0,47,26,0,73,0,0,0,73
12/21/2012,BKL,OH,AGL,CE,Federal Contract Tower,0,23,5,0,28,0,0,0,0,0,0,23,5,0,28,0,0,0,28
12/22/2012,BKL,OH,AGL,CE,Federal Contract Tower,0,11,5,0,16,0,9,0,0,9,0,20,5,0,25,0,0,0,25
12/23/2012,BKL,OH,AGL,CE,Federal Contract Tower,0,1,5,0,6,0,25,23,0,48,0,26,28,0,54,146,0,146,200
12/24/2012,BKL,OH,AGL,CE,Federal Contract Tower,0,11,3,0,14,0,25,24,0,49,0,36,27,0,63,132,0,132,195
12/25/2012,BKL,OH,AGL,CE,Federal Contract Tower,0,14,3,0,17,0,8,1,0,9,0,22,4,0,26,0,0,0,26
12/26/2012,BKL,OH,AGL,CE,Federal Contract Tower,0,1,0,0,1,0,5,2,0,7,0,6,2,0,8,0,0,0,8
12/27/2012,BKL,OH,AGL,CE,Federal Contract Tower,0,8,8,0,16,0,14,0,0,14,0,22,8,0,30,2,0,2,32
12/28/2012,BKL,OH,AGL,CE,Federal Contract Tower,0,14,10,2,26,0,15,28,0,43,0,29,38,2,69,0,0,0,69
12/29/2012,BKL,OH,AGL,CE,Federal Contract Tower,0,16,0,0,16,0,2,0,0,2,0,18,0,0,18,0,0,0,18
12/30/2012,BKL,OH,AGL,CE,Federal Contract Tower,0,2,6,0,8,0,8,0,0,8,0,10,6,0,16,0,0,0,16
12/31/2012,BKL,OH,AGL,CE,Federal Contract Tower,0,13,5,0,18,0,12,2,0,14,0,25,7,0,32,0,0,0,32
01/01/2013,BKL,OH,AGL,CE,Federal Contract Tower,0,15,2,0,17,0,9,3,0,12,0,24,5,0,29,6,0,6,35
01/02/2013,BKL,OH,AGL,CE,Federal Contract Tower,0,5,6,0,11,0,24,24,0,48,0,29,30,0,59,86,0,86,145
01/03/2013,BKL,OH,AGL,CE,Federal Contract Tower,0,15,14,1,30,0,36,18,2,56,0,51,32,3,86,132,0,132,218
01/04/2013,BKL,OH,AGL,CE,Federal Contract Tower,0,21,10,2,33,0,45,15,0,60,0,66,25,2,93,0,0,0,93
01/05/2013,BKL,OH,AGL,CE,Federal Contract Tower,0,18,5,0,23,0,27,18,0,45,0,45,23,0,68,82,0,82,150
01/06/2013,BKL,OH,AGL,CE,Federal Contract Tower,0,2,6,0,8,0,7,1,0,8,0,9,7,0,16,0,0,0,16
01/07/2013,BKL,OH,AGL,CE,Federal Contract Tower,0,13,12,0,25,0,12,26,0,38,0,25,38,0,63,80,0,80,143
01/08/2013,BKL,OH,AGL,CE,Federal Contract Tower,0,23,18,4,45,0,22,35,0,57,0,45,53,4,102,132,4,136,238
01/09/2013,BKL,OH,AGL,CE,Federal Contract Tower,0,18,16,4,38,0,19,22,0,41,0,37,38,4,79,44,0,44,123
01/10/2013,BKL,OH,AGL,CE,Federal Contract Tower,0,16,12,1,29,0,33,23,0,56,0,49,35,1,85,12,0,12,97
01/11/2013,BKL,OH,AGL,CE,Federal Contract Tower,0,20,16,0,36,0,37,1,0,38,0,57,17,0,74,8,0,8,82
01/12/2013,BKL,OH,AGL,CE,Federal Contract Tower,0,18,6,0,24,0,40,60,0,100,0,58,66,0,124,162,0,162,286
01/13/2013,BKL,OH,AGL,CE,Federal Contract Tower,0,9,3,0,12,0,9,3,0,12,0,18,6,0,24,28,0,28,52
01/14/2013,BKL,OH,AGL,CE,Federal Contract Tower,0,13,14,0,27,0,24,37,0,61,0,37,51,0,88,176,0,176,264
01/15/2013,BKL,OH,AGL,CE,Federal Contract Tower,0,35,21,0,56,0,34,24,0,58,0,69,45,0,114,174,0,174,288
01/16/2013,BKL,OH,AGL,CE,Federal Contract Tower,0,20,19,1,40,0,30,30,1,61,0,50,49,2,101,86,0,86,187
01/17/2013,BKL,OH,AGL,CE,Federal Contract Tower,0,15,23,0,38,0,27,16,0,43,0,42,39,0,81,30,0,30,111
01/18/2013,BKL,OH,AGL,CE,Federal Contract Tower,0,18,16,0,34,0,42,27,2,71,0,60,43,2,105,92,8,100,205
01/19/2013,BKL,OH,AGL,CE,Federal Contract Tower,0,12,10,0,22,0,25,21,0,46,0,37,31,0,68,8,0,8,76
01/20/2013,BKL,OH,AGL,CE,Federal Contract Tower,0,2,8,0,10,0,36,7,0,43,0,38,15,0,53,0,0,0,53
01/21/2013,BKL,OH,AGL,CE,Federal Contract Tower,0,5,11,2,18,0,9,6,0,15,0,14,17,2,33,0,0,0,33
01/22/2013,BKL,OH,AGL,CE,Federal Contract Tower,0,7,11,0,18,0,0,0,0,0,0,7,11,0,18,0,0,0,18
01/23/2013,BKL,OH,AGL,CE,Federal Contract Tower,1,20,17,0,38,0,16,2,0,18,1,36,19,0,56,0,0,0,56
01/24/2013,BKL,OH,AGL,CE,Federal Contract Tower,0,19,20,0,39,0,21,18,0,39,0,40,38,0,78,72,0,72,150
01/25/2013,BKL,OH,AGL,CE,Federal Contract Tower,0,17,11,0,28,0,20,3,0,23,0,37,14,0,51,0,0,0,51
01/26/2013,BKL,OH,AGL,CE,Federal Contract Tower,2,15,10,0,27,0,4,3,0,7,2,19,13,0,34,0,0,0,34
01/27/2013,BKL,OH,AGL,CE,Federal Contract Tower,0,2,5,0,7,0,21,21,0,42,0,23,26,0,49,88,0,88,137
01/28/2013,BKL,OH,AGL,CE,Federal Contract Tower,0,10,9,0,19,0,8,0,0,8,0,18,9,0,27,0,0,0,27
01/29/2013,BKL,OH,AGL,CE,Federal Contract Tower,0,30,10,0,40,0,17,10,0,27,0,47,20,0,67,24,0,24,91
01/30/2013,BKL,OH,AGL,CE,Federal Contract Tower,0,19,9,0,28,0,26,8,0,34,0,45,17,0,62,0,0,0,62
01/31/2013,BKL,OH,AGL,CE,Federal Contract Tower,0,8,17,0,25,0,12,1,0,13,0,20,18,0,38,0,0,0,38
02/01/2013,BKL,OH,AGL,CE,Federal Contract Tower,0,22,8,0,30,0,20,0,0,20,0,42,8,0,50,0,0,0,50
02/02/2013,BKL,OH,AGL,CE,Federal Contract Tower,0,13,1,0,14,0,13,0,0,13,0,26,1,0,27,0,0,0,27
02/03/2013,BKL,OH,AGL,CE,Federal Contract Tower,0,3,7,0,10,0,0,1,0,1,0,3,8,0,11,20,0,20,31
02/04/2013,BKL,OH,AGL,CE,Federal Contract Tower,0,8,5,0,13,0,0,0,0,0,0,8,5,0,13,0,0,0,13
02/05/2013,BKL,OH,AGL,CE,Federal Contract Tower,0,31,4,0,35,0,17,3,0,20,0,48,7,0,55,0,0,0,55
02/06/2013,BKL,OH,AGL,CE,Federal Contract Tower,0,28,10,0,38,0,21,27,0,48,0,49,37,0,86,74,0,74,160
02/07/2013,BKL,OH,AGL,CE,Federal Contract Tower,0,20,5,0,25,0,13,20,0,33,0,33,25,0,58,80,0,80,138
02/08/2013,BKL,OH,AGL,CE,Federal Contract Tower,0,19,7,0,26,0,20,3,0,23,0,39,10,0,49,0,0,0,49
02/09/2013,BKL,OH,AGL,CE,Federal Contract Tower,0,15,7,0,22,0,6,53,0,59,0,21,60,0,81,94,0,94,175
02/10/2013,BKL,OH,AGL,CE,Federal Contract Tower,0,8,8,0,16,0,13,35,0,48,0,21,43,0,64,18,0,18,82
02/11/2013,BKL,OH,AGL,CE,Federal Contract Tower,0,10,17,0,27,0,19,1,0,20,0,29,18,0,47,0,0,0,47
02/12/2013,BKL,OH,AGL,CE,Federal Contract Tower,0,27,15,0,42,0,33,4,0,37,0,60,19,0,79,10,0,10,89
02/13/2013,BKL,OH,AGL,CE,Federal Contract Tower,0,25,22,5,52,0,28,17,0,45,0,53,39,5,97,94,0,94,191
02/14/2013,BKL,OH,AGL,CE,Federal Contract Tower,0,18,30,0,48,0,23,12,0,35,0,41,42,0,83,34,0,34,117
02/15/2013,BKL,OH,AGL,CE,Federal Contract Tower,0,21,11,0,32,0,18,7,0,25,0,39,18,0,57,8,0,8,65
02/16/2013,BKL,OH,AGL,CE,Federal Contract Tower,0,14,2,0,16,0,16,29,0,45,0,30,31,0,61,24,0,24,85
02/17/2013,BKL,OH,AGL,CE,Federal Contract Tower,0,3,12,0,15,0,10,2,0,12,0,13,14,0,27,18,0,18,45
02/18/2013,BKL,OH,AGL,CE,Federal Contract Tower,0,5,5,0,10,0,12,9,0,21,0,17,14,0,31,8,0,8,39
02/19/2013,BKL,OH,AGL,CE,Federal Contract Tower,0,19,13,0,32,0,21,1,0,22,0,40,14,0,54,0,0,0,54
02/20/2013,BKL,OH,AGL,CE,Federal Contract Tower,0,20,20,0,40,0,4,1,0,5,0,24,21,0,45,0,0,0,45
02/21/2013,BKL,OH,AGL,CE,Federal Contract Tower,0,9,17,0,26,0,14,10,0,24,0,23,27,0,50,8,0,8,58
02/22/2013,BKL,OH,AGL,CE,Federal Contract Tower,1,14,11,0,26,0,14,1,0,15,1,28,12,0,41,0,0,0,41
02/23/2013,BKL,OH,AGL,CE,Federal Contract Tower,0,13,3,0,16,0,14,25,0,39,0,27,28,0,55,74,0,74,129
02/24/2013,BKL,OH,AGL,CE,Federal Contract Tower,0,9,1,0,10,0,8,8,0,16,0,17,9,0,26,2,0,2,28
02/25/2013,BKL,OH,AGL,CE,Federal Contract Tower,0,8,9,2,19,0,25,43,0,68,0,33,52,2,87,158,0,158,245
02/26/2013,BKL,OH,AGL,CE,Federal Contract Tower,0,22,13,0,35,0,43,20,0,63,0,65,33,0,98,98,0,98,196
02/27/2013,BKL,OH,AGL,CE,Federal Contract Tower,0,31,10,0,41,0,18,4,0,22,0,49,14,0,63,12,0,12,75
02/28/2013,BKL,OH,AGL,CE,Federal Contract Tower,2,23,26,0,51,0,7,1,0,8,2,30,27,0,59,0,0,0,59
03/01/2013,BKL,OH,AGL,CE,Federal Contract Tower,0,15,23,0,38,0,9,2,0,11,0,24,25,0,49,2,0,2,51
03/02/2013,BKL,OH,AGL,CE,Federal Contract Tower,0,25,7,0,32,0,19,14,0,33,0,44,21,0,65,0,0,0,65
03/03/2013,BKL,OH,AGL,CE,Federal Contract Tower,0,3,10,0,13,0,13,0,0,13,0,16,10,0,26,0,0,0,26
03/04/2013,BKL,OH,AGL,CE,Federal Contract Tower,0,11,15,1,27,0,18,43,0,61,0,29,58,1,88,98,0,98,186
03/05/2013,BKL,OH,AGL,CE,Federal Contract Tower,1,16,12,0,29,0,10,27,0,37,1,26,39,0,66,114,0,114,180
03/06/2013,BKL,OH,AGL,CE,Federal Contract Tower,0,18,17,0,35,0,23,31,1,55,0,41,48,1,90,108,0,108,198
03/07/2013,BKL,OH,AGL,CE,Federal Contract Tower,0,25,17,0,42,0,21,3,0,24,0,46,20,0,66,4,0,4,70
03/08/2013,BKL,OH,AGL,CE,Federal Contract Tower,0,20,24,1,45,0,14,22,0,36,0,34,46,1,81,60,0,60,141
03/09/2013,BKL,OH,AGL,CE,Federal Contract Tower,0,14,24,0,38,0,31,106,0,137,0,45,130,0,175,232,0,232,407
03/10/2013,BKL,OH,AGL,CE,Federal Contract Tower,0,4,16,0,20,0,24,37,0,61,0,28,53,0,81,58,0,58,139
03/11/2013,BKL,OH,AGL,CE,Federal Contract Tower,0,8,19,0,27,0,15,2,0,17,0,23,21,0,44,0,0,0,44
03/12/2013,BKL,OH,AGL,CE,Federal Contract Tower,0,24,31,0,55,0,14,5,0,19,0,38,36,0,74,0,0,0,74
03/13/2013,BKL,OH,AGL,CE,Federal Contract Tower,0,18,21,2,41,0,27,7,0,34,0,45,28,2,75,18,0,18,93
03/14/2013,BKL,OH,AGL,CE,Federal Contract Tower,0,24,26,0,50,0,43,33,0,76,0,67,59,0,126,76,0,76,202
03/15/2013,BKL,OH,AGL,CE,Federal Contract Tower,0,26,16,0,42,0,44,45,0,89,0,70,61,0,131,152,0,152,283
03/16/2013,BKL,OH,AGL,CE,Federal Contract Tower,0,16,0,0,16,0,0,0,0,0,0,16,0,0,16,0,0,0,16
03/17/2013,BKL,OH,AGL,CE,Federal Contract Tower,0,10,10,0,20,0,38,26,0,64,0,48,36,0,84,118,0,118,202
03/18/2013,BKL,OH,AGL,CE,Federal Contract Tower,0,10,5,0,15,0,5,1,0,6,0,15,6,0,21,0,0,0,21
03/19/2013,BKL,OH,AGL,CE,Federal Contract Tower,2,25,22,0,49,0,5,1,0,6,2,30,23,0,55,22,0,22,77
03/20/2013,BKL,OH,AGL,CE,Federal Contract Tower,1,26,35,0,62,0,51,36,0,87,1,77,71,0,149,74,0,74,223
03/21/2013,BKL,OH,AGL,CE,Federal Contract Tower,1,32,14,0,47,0,12,6,0,18,1,44,20,0,65,32,0,32,97
03/22/2013,BKL,OH,AGL,CE,Federal Contract Tower,0,23,6,0,29,0,9,13,0,22,0,32,19,0,51,74,0,74,125
03/23/2013,BKL,OH,AGL,CE,Federal Contract Tower,0,8,5,0,13,0,47,59,0,106,0,55,64,0,119,168,0,168,287
03/24/2013,BKL,OH,AGL,CE,Federal Contract Tower,0,9,10,2,21,0,30,31,0,61,0,39,41,2,82,118,0,118,200
03/25/2013,BKL,OH,AGL,CE,Federal Contract Tower,0,8,7,0,15,0,2,0,0,2,0,10,7,0,17,0,0,0,17
03/26/2013,BKL,OH,AGL,CE,Federal Contract Tower,0,20,12,2,34,0,11,14,0,25,0,31,26,2,59,28,0,28,87
03/27/2013,BKL,OH,AGL,CE,Federal Contract Tower,2,24,14,2,42,0,8,14,2,24,2,32,28,4,66,0,0,0,66
03/28/2013,BKL,OH,AGL,CE,Federal Contract Tower,0,25,20,1,46,0,35,29,0,64,0,60,49,1,110,44,0,44,154
03/29/2013,BKL,OH,AGL,CE,Federal Contract Tower,0,19,26,0,45,0,27,37,0,64,0,46,63,0,109,88,0,88,197
03/30/2013,BKL,OH,AGL,CE,Federal Contract Tower,1,7,11,0,19,0,34,65,0,99,1,41,76,0,118,176,0,176,294
03/31/2013,BKL,OH,AGL,CE,Federal Contract Tower,0,2,5,0,7,0,27,17,4,48,0,29,22,4,55,0,0,0,55
04/01/2013,BKL,OH,AGL,CE,Federal Contract Tower,0,18,11,0,29,0,26,22,0,48,0,44,33,0,77,40,0,40,117
04/02/2013,BKL,OH,AGL,CE,Federal Contract Tower,0,20,18,1,39,0,29,24,0,53,0,49,42,1,92,54,0,54,146
04/03/2013,BKL,OH,AGL,CE,Federal Contract Tower,0,21,15,0,36,0,29,37,2,68,0,50,52,2,104,44,0,44,148
04/04/2013,BKL,OH,AGL,CE,Federal Contract Tower,0,24,24,3,51,0,34,43,2,79,0,58,67,5,130,54,0,54,184
04/05/2013,BKL,OH,AGL,CE,Federal Contract Tower,0,23,8,1,32,0,33,47,0,80,0,56,55,1,112,84,0,84,196
04/06/2013,BKL,OH,AGL,CE,Federal Contract Tower,0,17,6,0,23,0,10,45,0,55,0,27,51,0,78,28,0,28,106
04/07/2013,BKL,OH,AGL,CE,Federal Contract Tower,1,6,5,0,12,0,15,15,0,30,1,21,20,0,42,0,0,0,42
04/08/2013,BKL,OH,AGL,CE,Federal Contract Tower,1,7,11,0,19,0,29,18,0,47,1,36,29,0,66,38,0,38,104
04/09/2013,BKL,OH,AGL,CE,Federal Contract Tower,0,19,21,0,40,0,56,39,0,95,0,75,60,0,135,34,2,36,171
04/10/2013,BKL,OH,AGL,CE,Federal Contract Tower,0,21,27,0,48,0,34,1,0,35,0,55,28,0,83,0,0,0,83
04/11/2013,BKL,OH,AGL,CE,Federal Contract Tower,0,18,10,0,28,0,10,1,0,11,0,28,11,0,39,0,0,0,39
04/12/2013,BKL,OH,AGL,CE,Federal Contract Tower,5,27,12,0,44,0,15,9,0,24,5,42,21,0,68,14,0,14,82
04/13/2013,BKL,OH,AGL,CE,Federal Contract Tower,0,17,2,0,19,0,5,19,0,24,0,22,21,0,43,10,0,10,53
04/14/2013,BKL,OH,AGL,CE,Federal Contract Tower,2,6,6,0,14,0,11,50,0,61,2,17,56,0,75,6,0,6,81
04/15/2013,BKL,OH,AGL,CE,Federal Contract Tower,3,6,19,0,28,0,21,35,0,56,3,27,54,0,84,20,0,20,104
04/16/2013,BKL,OH,AGL,CE,Federal Contract Tower,0,19,20,0,39,0,44,16,0,60,0,63,36,0,99,10,0,10,109
04/17/2013,BKL,OH,AGL,CE,Federal Contract Tower,0,22,20,0,42,0,41,55,0,96,0,63,75,0,138,52,0,52,190
04/18/2013,BKL,OH,AGL,CE,Federal Contract Tower,0,24,23,0,47,0,40,25,0,65,0,64,48,0,112,12,0,12,124
04/19/2013,BKL,OH,AGL,CE,Federal Contract Tower,2,30,10,0,42,0,27,6,0,33,2,57,16,0,75,4,0,4,79
04/20/2013,BKL,OH,AGL,CE,Federal Contract Tower,0,21,13,0,34,0,26,11,0,37,0,47,24,0,71,4,0,4,75
04/21/2013,BKL,OH,AGL,CE,Federal Contract Tower,0,7,9,0,16,0,19,65,0,84,0,26,74,0,100,88,0,88,188
04/22/2013,BKL,OH,AGL,CE,Federal Contract Tower,0,14,26,2,42,0,19,48,0,67,0,33,74,2,109,70,0,70,179
04/23/2013,BKL,OH,AGL,CE,Federal Contract Tower,0,24,30,0,54,0,32,57,0,89,0,56,87,0,143,140,0,140,283
04/24/2013,BKL,OH,AGL,CE,Federal Contract Tower,0,19,24,0,43,0,14,6,0,20,0,33,30,0,63,0,0,0,63
04/25/2013,BKL,OH,AGL,CE,Federal Contract Tower,0,24,38,0,62,0,36,42,0,78,0,60,80,0,140,76,0,76,216
04/26/2013,BKL,OH,AGL,CE,Federal Contract Tower,0,25,15,0,40,0,39,73,0,112,0,64,88,0,152,174,0,174,326
04/27/2013,BKL,OH,AGL,CE,Federal Contract Tower,0,14,4,0,18,0,13,79,0,92,0,27,83,0,110,88,0,88,198
04/28/2013,BKL,OH,AGL,CE,Federal Contract Tower,1,5,11,0,17,0,10,10,0,20,1,15,21,0,37,36,0,36,73
04/29/2013,BKL,OH,AGL,CE,Federal Contract Tower,1,9,18,0,28,0,28,40,0,68,1,37,58,0,96,98,0,98,194
04/30/2013,BKL,OH,AGL,CE,Federal Contract Tower,0,21,15,0,36,0,64,112,1,177,0,85,127,1,213,214,0,214,427
05/01/2013,BKL,OH,AGL,CE,Federal Contract Tower,0,17,20,2,39,0,45,67,0,112,0,62,87,2,151,58,0,58,209
05/02/2013,BKL,OH,AGL,CE,Federal Contract Tower,2,27,13,0,42,0,38,82,0,120,2,65,95,0,162,82,0,82,244
05/03/2013,BKL,OH,AGL,CE,Federal Contract Tower,0,21,14,0,35,0,27,64,0,91,0,48,78,0,126,130,0,130,256
05/04/2013,BKL,OH,AGL,CE,Federal Contract Tower,0,23,13,0,36,0,27,42,0,69,0,50,55,0,105,74,4,78,183
05/05/2013,BKL,OH,AGL,CE,Federal Contract Tower,1,8,17,0,26,0,33,45,0,78,1,41,62,0,104,86,0,86,190
05/06/2013,BKL,OH,AGL,CE,Federal Contract Tower,0,16,12,4,32,0,34,53,0,87,0,50,65,4,119,144,0,144,263
05/07/2013,BKL,OH,AGL,CE,Federal Contract Tower,0,19,17,0,36,0,47,32,1,80,0,66,49,1,116,56,0,56,172
05/08/2013,BKL,OH,AGL,CE,Federal Contract Tower,0,23,14,0,37,0,17,41,1,59,0,40,55,1,96,28,0,28,124
05/09/2013,BKL,OH,AGL,CE,Federal Contract Tower,1,23,21,1,46,0,24,56,0,80,1,47,77,1,126,0,0,0,126
05/10/2013,BKL,OH,AGL,CE,Federal Contract Tower,0,19,20,0,39,0,15,36,1,52,0,34,56,1,91,46,0,46,137
05/11/2013,BKL,OH,AGL,CE,Federal Contract Tower,0,16,24,1,41,0,11,17,6,34,0,27,41,7,75,0,0,0,75
05/12/2013,BKL,OH,AGL,CE,Federal Contract Tower,0,12,15,0,27,0,24,16,2,42,0,36,31,2,69,44,10,54,123
05/13/2013,BKL,OH,AGL,CE,Federal Contract Tower,1,12,13,0,26,0,35,67,0,102,1,47,80,0,128,26,0,26,154
05/14/2013,BKL,OH,AGL,CE,Federal Contract Tower,1,25,20,0,46,0,48,29,0,77,1,73,49,0,123,14,0,14,137
05/15/2013,BKL,OH,AGL,CE,Federal Contract Tower,0,15,20,0,35,0,26,40,0,66,0,41,60,0,101,32,0,32,133
05/16/2013,BKL,OH,AGL,CE,Federal Contract Tower,0,19,24,0,43,0,53,53,0,106,0,72,77,0,149,144,0,144,293
05/17/2013,BKL,OH,AGL,CE,Federal Contract Tower,2,24,13,0,39,0,42,61,0,103,2,66,74,0,142,120,0,120,262
05/18/2013,BKL,OH,AGL,CE,Federal Contract Tower,0,21,21,0,42,0,40,67,0,107,0,61,88,0,149,76,0,76,225
05/19/2013,BKL,OH,AGL,CE,Federal Contract Tower,0,8,12,0,20,0,30,30,0,60,0,38,42,0,80,50,0,50,130
05/20/2013,BKL,OH,AGL,CE,Federal Contract Tower,0,8,19,2,29,0,36,55,0,91,0,44,74,2,120,40,2,42,162
05/21/2013,BKL,OH,AGL,CE,Federal Contract Tower,0,31,14,0,45,0,32,58,0,90,0,63,72,0,135,62,0,62,197
05/22/2013,BKL,OH,AGL,CE,Federal Contract Tower,0,26,22,0,48,0,28,39,0,67,0,54,61,0,115,14,0,14,129
05/23/2013,BKL,OH,AGL,CE,Federal Contract Tower,1,28,20,0,49,0,8,19,0,27,1,36,39,0,76,60,0,60,136
05/24/2013,BKL,OH,AGL,CE,Federal Contract Tower,0,26,20,0,46,0,48,36,0,84,0,74,56,0,130,78,0,78,208
05/25/2013,BKL,OH,AGL,CE,Federal Contract Tower,0,12,7,0,19,0,25,72,0,97,0,37,79,0,116,154,0,154,270
05/26/2013,BKL,OH,AGL,CE,Federal Contract Tower,0,6,10,0,16,0,39,61,0,100,0,45,71,0,116,128,0,128,244
05/27/2013,BKL,OH,AGL,CE,Federal Contract Tower,0,6,11,0,17,0,28,98,0,126,0,34,109,0,143,112,0,112,255
05/28/2013,BKL,OH,AGL,CE,Federal Contract Tower,0,18,26,0,44,0,20,19,0,39,0,38,45,0,83,38,0,38,121
05/29/2013,BKL,OH,AGL,CE,Federal Contract Tower,2,23,16,0,41,0,30,54,0,84,2,53,70,0,125,12,0,12,137
05/30/2013,BKL,OH,AGL,CE,Federal Contract Tower,0,25,16,1,42,0,40,68,0,108,0,65,84,1,150,128,6,134,284
05/31/2013,BKL,OH,AGL,CE,Federal Contract Tower,2,25,16,2,45,0,29,44,1,74,2,54,60,3,119,84,6,90,209
06/01/2013,BKL,OH,AGL,CE,Federal Contract Tower,0,11,7,0,18,0,28,31,0,59,0,39,38,0,77,2,0,2,79
06/02/2013,BKL,OH,AGL,CE,Federal Contract Tower,2,4,10,0,16,0,42,68,0,110,2,46,78,0,126,44,0,44,170
06/03/2013,BKL,OH,AGL,CE,Federal Contract Tower,0,8,9,0,17,0,18,24,0,42,0,26,33,0,59,120,4,124,183
06/04/2013,BKL,OH,AGL,CE,Federal Contract Tower,0,26,21,0,47,0,42,68,0,110,0,68,89,0,157,232,0,232,389
06/05/2013,BKL,OH,AGL,CE,Federal Contract Tower,0,29,25,0,54,0,55,51,0,106,0,84,76,0,160,90,0,90,250
06/06/2013,BKL,OH,AGL,CE,Federal Contract Tower,0,27,20,0,47,0,18,0,0,18,0,45,20,0,65,0,0,0,65
06/07/2013,BKL,OH,AGL,CE,Federal Contract Tower,0,32,33,0,65,0,4,7,0,11,0,36,40,0,76,4,0,4,80
06/08/2013,BKL,OH,AGL,CE,Federal Contract Tower,0,16,17,0,33,0,5,64,0,69,0,21,81,0,102,60,0,60,162
06/09/2013,BKL,OH,AGL,CE,Federal Contract Tower,0,8,7,0,15,0,10,91,0,101,0,18,98,0,116,44,0,44,160
06/10/2013,BKL,OH,AGL,CE,Federal Contract Tower,0,7,12,0,19,0,9,12,0,21,0,16,24,0,40,6,0,6,46
06/11/2013,BKL,OH,AGL,CE,Federal Contract Tower,0,11,30,0,41,0,26,46,2,74,0,37,76,2,115,42,6,48,163
06/12/2013,BKL,OH,AGL,CE,Federal Contract Tower,0,14,26,0,40,0,29,39,0,68,0,43,65,0,108,18,0,18,126
06/13/2013,BKL,OH,AGL,CE,Federal Contract Tower,0,20,19,0,39,0,3,36,1,40,0,23,55,1,79,10,0,10,89
06/14/2013,BKL,OH,AGL,CE,Federal Contract Tower,0,21,15,3,39,0,15,51,2,68,0,36,66,5,107,52,6,58,165
06/15/2013,BKL,OH,AGL,CE,Federal Contract Tower,0,13,14,2,29,0,27,123,0,150,0,40,137,2,179,358,2,360,539
06/16/2013,BKL,OH,AGL,CE,Federal Contract Tower,0,4,8,0,12,0,12,39,0,51,0,16,47,0,63,24,0,24,87
06/17/2013,BKL,OH,AGL,CE,Federal Contract Tower,0,8,13,1,22,0,38,36,0,74,0,46,49,1,96,30,0,30,126
06/18/2013,BKL,OH,AGL,CE,Federal Contract Tower,0,32,14,2,48,0,32,31,0,63,0,64,45,2,111,22,0,22,133
06/19/2013,BKL,OH,AGL,CE,Federal Contract Tower,0,24,34,1,59,0,32,75,3,110,0,56,109,4,169,110,4,114,283
06/20/2013,BKL,OH,AGL,CE,Federal Contract Tower,1,31,17,6,55,0,55,89,0,144,1,86,106,6,199,152,0,152,351
06/21/2013,BKL,OH,AGL,CE,Federal Contract Tower,1,27,17,0,45,0,45,88,0,133,1,72,105,0,178,158,0,158,336
06/22/2013,BKL,OH,AGL,CE,Federal Contract Tower,0,8,19,0,27,0,39,225,0,264,0,47,244,0,291,46,0,46,337
06/23/2013,BKL,OH,AGL,CE,Federal Contract Tower,2,7,11,1,21,0,25,76,0,101,2,32,87,1,122,38,0,38,160
06/24/2013,BKL,OH,AGL,CE,Federal Contract Tower,0,10,19,0,29,0,24,56,0,80,0,34,75,0,109,64,0,64,173
06/25/2013,BKL,OH,AGL,CE,Federal Contract Tower,0,24,34,0,58,0,24,59,0,83,0,48,93,0,141,108,0,108,249
06/26/2013,BKL,OH,AGL,CE,Federal Contract Tower,0,31,31,1,63,0,35,31,0,66,0,66,62,1,129,40,0,40,169
06/27/2013,BKL,OH,AGL,CE,Federal Contract Tower,0,34,28,5,67,0,34,46,0,80,0,68,74,5,147,32,0,32,179
06/28/2013,BKL,OH,AGL,CE,Federal Contract Tower,0,22,20,1,43,0,45,27,6,78,0,67,47,7,121,54,0,54,175
06/29/2013,BKL,OH,AGL,CE,Federal Contract Tower,0,19,9,0,28,0,7,32,0,39,0,26,41,0,67,104,0,104,171
06/30/2013,BKL,OH,AGL,CE,Federal Contract Tower,0,4,9,0,13,0,27,45,0,72,0,31,54,0,85,12,0,12,97
07/01/2013,BKL,OH,AGL,CE,Federal Contract Tower,0,9,21,0,30,0,22,6,0,28,0,31,27,0,58,0,0,0,58
07/02/2013,BKL,OH,AGL,CE,Federal Contract Tower,0,19,22,0,41,0,8,55,0,63,0,27,77,0,104,46,0,46,150
07/03/2013,BKL,OH,AGL,CE,Federal Contract Tower,0,21,13,0,34,0,13,55,0,68,0,34,68,0,102,78,4,82,184
07/04/2013,BKL,OH,AGL,CE,Federal Contract Tower,0,17,3,0,20,0,23,28,0,51,0,40,31,0,71,12,0,12,83
07/05/2013,BKL,OH,AGL,CE,Federal Contract Tower,1,10,14,0,25,0,13,36,0,49,1,23,50,0,74,2,0,2,76
07/06/2013,BKL,OH,AGL,CE,Federal Contract Tower,0,15,6,0,21,0,10,41,0,51,0,25,47,0,72,28,0,28,100
07/07/2013,BKL,OH,AGL,CE,Federal Contract Tower,0,4,16,0,20,0,26,77,0,103,0,30,93,0,123,56,0,56,179
07/08/2013,BKL,OH,AGL,CE,Federal Contract Tower,0,10,20,0,30,0,14,35,0,49,0,24,55,0,79,62,0,62,141
07/09/2013,BKL,OH,AGL,CE,Federal Contract Tower,1,20,23,2,46,0,13,14,1,28,1,33,37,3,74,34,0,34,108
07/10/2013,BKL,OH,AGL,CE,Federal Contract Tower,0,32,23,1,56,0,13,27,0,40,0,45,50,1,96,60,0,60,156
07/11/2013,BKL,OH,AGL,CE,Federal Contract Tower,1,30,22,1,54,0,18,82,2,102,1,48,104,3,156,62,0,62,218
07/12/2013,BKL,OH,AGL,CE,Federal Contract Tower,0,36,21,3,60,0,40,55,1,96,0,76,76,4,156,82,0,82,238
07/13/2013,BKL,OH,AGL,CE,Federal Contract Tower,0,12,17,0,29,0,13,45,2,60,0,25,62,2,89,78,0,78,167
07/14/2013,BKL,OH,AGL,CE,Federal Contract Tower,0,10,23,0,33,0,28,67,2,97,0,38,90,2,130,54,0,54,184
07/15/2013,BKL,OH,AGL,CE,Federal Contract Tower,0,9,23,2,34,0,23,30,0,53,0,32,53,2,87,98,0,98,185
07/16/2013,BKL,OH,AGL,CE,Federal Contract Tower,0,31,16,3,50,0,18,39,2,59,0,49,55,5,109,158,0,158,267
07/17/2013,BKL,OH,AGL,CE,Federal Contract Tower,0,26,22,0,48,0,56,43,0,99,0,82,65,0,147,70,0,70,217
07/18/2013,BKL,OH,AGL,CE,Federal Contract Tower,0,29,31,2,62,0,44,45,2,91,0,73,76,4,153,108,0,108,261
07/19/2013,BKL,OH,AGL,CE,Federal Contract Tower,0,20,21,2,43,0,31,42,0,73,0,51,63,2,116,98,0,98,214
07/20/2013,BKL,OH,AGL,CE,Federal Contract Tower,0,17,17,0,34,0,10,19,0,29,0,27,36,0,63,88,0,88,151
07/21/2013,BKL,OH,AGL,CE,Federal Contract Tower,0,6,12,0,18,0,15,52,0,67,0,21,64,0,85,54,0,54,139
07/22/2013,BKL,OH,AGL,CE,Federal Contract Tower,0,11,19,0,30,0,16,37,0,53,0,27,56,0,83,60,0,60,143
07/23/2013,BKL,OH,AGL,CE,Federal Contract Tower,0,21,22,0,43,0,11,43,0,54,0,32,65,0,97,88,0,88,185
07/24/2013,BKL,OH,AGL,CE,Federal Contract Tower,22,26,0,3,51,0,27,71,1,99,22,53,71,4,150,102,0,102,252
07/25/2013,BKL,OH,AGL,CE,Federal Contract Tower,0,20,31,5,56,0,28,102,1,131,0,48,133,6,187,222,0,222,409
07/26/2013,BKL,OH,AGL,CE,Federal Contract Tower,0,18,26,0,44,0,17,72,2,91,0,35,98,2,135,208,0,208,343
07/27/2013,BKL,OH,AGL,CE,Federal Contract Tower,0,7,11,0,18,0,15,27,0,42,0,22,38,0,60,16,0,16,76
07/28/2013,BKL,OH,AGL,CE,Federal Contract Tower,0,11,12,0,23,0,23,128,0,151,0,34,140,0,174,92,0,92,266
07/29/2013,BKL,OH,AGL,CE,Federal Contract Tower,2,6,18,0,26,0,10,56,0,66,2,16,74,0,92,84,0,84,176
07/30/2013,BKL,OH,AGL,CE,Federal Contract Tower,0,24,32,1,57,0,28,96,0,124,0,52,128,1,181,58,0,58,239
07/31/2013,BKL,OH,AGL,CE,Federal Contract Tower,0,22,22,2,46,0,32,68,0,100,0,54,90,2,146,116,0,116,262
08/01/2013,BKL,OH,AGL,CE,Federal Contract Tower,2,18,22,3,45,0,23,68,2,93,2,41,90,5,138,46,0,46,184
08/02/2013,BKL,OH,AGL,CE,Federal Contract Tower,0,13,15,4,32,0,37,46,0,83,0,50,61,4,115,72,0,72,187
08/03/2013,BKL,OH,AGL,CE,Federal Contract Tower,0,7,14,3,24,0,11,39,0,50,0,18,53,3,74,100,0,100,174
08/04/2013,BKL,OH,AGL,CE,Federal Contract Tower,1,1,13,0,15,0,23,67,0,90,1,24,80,0,105,58,0,58,163
08/05/2013,BKL,OH,AGL,CE,Federal Contract Tower,0,5,18,2,25,0,22,49,0,71,0,27,67,2,96,64,0,64,160
08/06/2013,BKL,OH,AGL,CE,Federal Contract Tower,0,12,30,0,42,0,17,55,0,72,0,29,85,0,114,58,0,58,172
08/07/2013,BKL,OH,AGL,CE,Federal Contract Tower,0,16,20,0,36,0,37,37,0,74,0,53,57,0,110,34,0,34,144
08/08/2013,BKL,OH,AGL,CE,Federal Contract Tower,2,10,26,0,38,0,25,6,0,31,2,35,32,0,69,6,0,6,75
08/09/2013,BKL,OH,AGL,CE,Federal Contract Tower,1,17,23,0,41,0,35,75,0,110,1,52,98,0,151,60,0,60,211
08/10/2013,BKL,OH,AGL,CE,Federal Contract Tower,0,9,13,0,22,0,35,79,0,114,0,44,92,0,136,132,0,132,268
08/11/2013,BKL,OH,AGL,CE,Federal Contract Tower,2,4,14,0,20,0,18,65,0,83,2,22,79,0,103,30,0,30,133
08/12/2013,BKL,OH,AGL,CE,Federal Contract Tower,0,11,22,0,33,0,21,23,0,44,0,32,45,0,77,84,0,84,161
08/13/2013,BKL,OH,AGL,CE,Federal Contract Tower,0,16,24,3,43,0,32,53,0,85,0,48,77,3,128,124,0,124,252
08/14/2013,BKL,OH,AGL,CE,Federal Contract Tower,0,11,14,0,25,0,28,65,0,93,0,39,79,0,118,172,0,172,290
08/15/2013,BKL,OH,AGL,CE,Federal Contract Tower,0,12,16,0,28,0,41,99,0,140,0,53,115,0,168,186,0,186,354
08/16/2013,BKL,OH,AGL,CE,Federal Contract Tower,0,9,16,0,25,0,49,87,0,136,0,58,103,0,161,146,0,146,307
08/17/2013,BKL,OH,AGL,CE,Federal Contract Tower,0,7,8,0,15,0,39,62,0,101,0,46,70,0,116,62,0,62,178
08/18/2013,BKL,OH,AGL,CE,Federal Contract Tower,0,4,4,1,9,0,46,82,0,128,0,50,86,1,137,72,0,72,209
08/19/2013,BKL,OH,AGL,CE,Federal Contract Tower,0,8,13,1,22,0,24,34,0,58,0,32,47,1,80,96,0,96,176
08/20/2013,BKL,OH,AGL,CE,Federal Contract Tower,0,13,13,1,27,0,42,73,2,117,0,55,86,3,144,170,0,170,314
08/21/2013,BKL,OH,AGL,CE,Federal Contract Tower,0,18,15,0,33,0,37,85,0,122,0,55,100,0,155,138,0,138,293
08/22/2013,BKL,OH,AGL,CE,Federal Contract Tower,0,14,11,0,25,0,47,55,0,102,0,61,66,0,127,42,0,42,169
08/23/2013,BKL,OH,AGL,CE,Federal Contract Tower,0,6,18,0,24,0,40,53,1,94,0,46,71,1,118,60,0,60,178
08/24/2013,BKL,OH,AGL,CE,Federal Contract Tower,0,2,11,0,13,0,66,62,0,128,0,68,73,0,141,112,0,112,253
08/25/2013,BKL,OH,AGL,CE,Federal Contract Tower,0,6,7,0,13,0,34,54,0,88,0,40,61,0,101,40,0,40,141
08/26/2013,BKL,OH,AGL,CE,Federal Contract Tower,0,9,16,0,25,0,34,52,0,86,0,43,68,0,111,40,0,40,151
08/27/2013,BKL,OH,AGL,CE,Federal Contract Tower,0,14,19,0,33,0,18,49,0,67,0,32,68,0,100,50,0,50,150
08/28/2013,BKL,OH,AGL,CE,Federal Contract Tower,0,16,18,2,36,0,23,13,0,36,0,39,31,2,72,10,0,10,82
08/29/2013,BKL,OH,AGL,CE,Federal Contract Tower,0,11,16,0,27,0,18,56,0,74,0,29,72,0,101,32,0,32,133
08/30/2013,BKL,OH,AGL,CE,Federal Contract Tower,0,12,17,0,29,0,34,63,0,97,0,46,80,0,126,146,0,146,272
08/31/2013,BKL,OH,AGL,CE,Federal Contract Tower,0,5,8,0,13,0,18,40,0,58,0,23,48,0,71,84,0,84,155
09/01/2013,BKL,OH,AGL,CE,Federal Contract Tower,0,5,6,0,11,0,9,14,0,23,0,14,20,0,34,34,0,34,68
09/02/2013,BKL,OH,AGL,CE,Federal Contract Tower,0,2,10,0,12,0,25,24,0,49,0,27,34,0,61,8,0,8,69
09/03/2013,BKL,OH,AGL,CE,Federal Contract Tower,0,9,9,0,18,0,59,34,0,93,0,68,43,0,111,24,0,24,135
09/04/2013,BKL,OH,AGL,CE,Federal Contract Tower,0,9,11,0,20,0,31,41,1,73,0,40,52,1,93,48,0,48,141
09/05/2013,BKL,OH,AGL,CE,Federal Contract Tower,0,12,13,0,25,0,52,47,0,99,0,64,60,0,124,66,0,66,190
09/06/2013,BKL,OH,AGL,CE,Federal Contract Tower,0,5,7,0,12,0,25,38,0,63,0,30,45,0,75,20,0,20,95
09/07/2013,BKL,OH,AGL,CE,Federal Contract Tower,0,7,8,0,15,0,11,62,0,73,0,18,70,0,88,56,0,56,144
09/08/2013,BKL,OH,AGL,CE,Federal Contract Tower,0,4,31,0,35,0,10,50,0,60,0,14,81,0,95,44,0,44,139
09/09/2013,BKL,OH,AGL,CE,Federal Contract Tower,0,6,17,0,23,0,30,38,0,68,0,36,55,0,91,42,0,42,133
09/10/2013,BKL,OH,AGL,CE,Federal Contract Tower,0,16,22,0,38,0,55,30,0,85,0,71,52,0,123,28,0,28,151
09/11/2013,BKL,OH,AGL,CE,Federal Contract Tower,0,10,29,0,39,0,32,30,0,62,0,42,59,0,101,0,0,0,101
09/12/2013,BKL,OH,AGL,CE,Federal Contract Tower,0,12,18,0,30,0,38,14,0,52,0,50,32,0,82,40,0,40,122
09/13/2013,BKL,OH,AGL,CE,Federal Contract Tower,0,11,20,0,31,0,15,39,0,54,0,26,59,0,85,34,0,34,119
09/14/2013,BKL,OH,AGL,CE,Federal Contract Tower,0,2,5,0,7,0,18,59,0,77,0,20,64,0,84,130,0,130,214
09/15/2013,BKL,OH,AGL,CE,Federal Contract Tower,0,4,15,0,19,0,23,60,0,83,0,27,75,0,102,60,0,60,162
09/16/2013,BKL,OH,AGL,CE,Federal Contract Tower,0,7,23,2,32,0,27,73,4,104,0,34,96,6,136,112,16,128,264
09/17/2013,BKL,OH,AGL,CE,Federal Contract Tower,0,13,35,2,50,0,45,72,0,117,0,58,107,2,167,146,2,148,315
09/18/2013,BKL,OH,AGL,CE,Federal Contract Tower,0,14,25,1,40,0,47,81,4,132,0,61,106,5,172,156,16,172,344
09/19/2013,BKL,OH,AGL,CE,Federal Contract Tower,0,14,26,1,41,0,26,37,0,63,0,40,63,1,104,118,0,118,222
09/20/2013,BKL,OH,AGL,CE,Federal Contract Tower,0,15,11,4,30,0,13,21,0,34,0,28,32,4,64,18,0,18,82
09/21/2013,BKL,OH,AGL,CE,Federal Contract Tower,0,5,10,0,15,0,14,4,0,18,0,19,14,0,33,0,0,0,33
09/22/2013,BKL,OH,AGL,CE,Federal Contract Tower,0,13,20,0,33,0,27,34,0,61,0,40,54,0,94,18,0,18,112
09/23/2013,BKL,OH,AGL,CE,Federal Contract Tower,0,3,16,4,23,0,23,60,0,83,0,26,76,4,106,116,0,116,222
09/24/2013,BKL,OH,AGL,CE,Federal Contract Tower,0,12,29,0,41,0,22,70,0,92,0,34,99,0,133,122,0,122,255
09/25/2013,BKL,OH,AGL,CE,Federal Contract Tower,0,10,26,0,36,0,10,89,0,99,0,20,115,0,135,144,0,144,279
09/26/2013,BKL,OH,AGL,CE,Federal Contract Tower,0,14,29,1,44,0,19,50,0,69,0,33,79,1,113,56,0,56,169
09/27/2013,BKL,OH,AGL,CE,Federal Contract Tower,0,14,8,0,22,0,33,46,1,80,0,47,54,1,102,74,0,74,176
09/28/2013,BKL,OH,AGL,CE,Federal Contract Tower,0,5,9,0,14,0,27,69,0,96,0,32,78,0,110,78,0,78,188
09/29/2013,BKL,OH,AGL,CE,Federal Contract Tower,0,3,26,0,29,0,22,67,0,89,0,25,93,0,118,58,0,58,176
09/30/2013,BKL,OH,AGL,CE,Federal Contract Tower,0,8,17,2,27,0,27,4,0,31,0,35,21,2,58,8,0,8,66
10/01/2013,BKL,OH,AGL,CE,Federal Contract Tower,0,9,19,0,28,0,23,52,0,75,0,32,71,0,103,188,0,188,291
10/02/2013,BKL,OH,AGL,CE,Federal Contract Tower,0,11,37,0,48,0,52,49,0,101,0,63,86,0,149,132,0,132,281
10/03/2013,BKL,OH,AGL,CE,Federal Contract Tower,0,24,29,0,53,0,50,48,0,98,0,74,77,0,151,114,0,114,265
10/04/2013,BKL,OH,AGL,CE,Federal Contract Tower,0,8,14,0,22,0,41,60,0,101,0,49,74,0,123,108,0,108,231
10/05/2013,BKL,OH,AGL,CE,Federal Contract Tower,0,4,8,0,12,0,26,37,0,63,0,30,45,0,75,134,0,134,209
10/06/2013,BKL,OH,AGL,CE,Federal Contract Tower,0,10,1,0,11,0,43,19,0,62,0,53,20,0,73,78,0,78,151
10/07/2013,BKL,OH,AGL,CE,Federal Contract Tower,0,5,13,0,18,0,14,7,0,21,0,19,20,0,39,0,0,0,39
10/08/2013,BKL,OH,AGL,CE,Federal Contract Tower,0,10,18,0,28,0,24,51,0,75,0,34,69,0,103,138,0,138,241
10/09/2013,BKL,OH,AGL,CE,Federal Contract Tower,0,8,35,0,43,0,20,90,0,110,0,28,125,0,153,200,0,200,353
10/10/2013,BKL,OH,AGL,CE,Federal Contract Tower,0,15,27,0,42,0,40,49,0,89,0,55,76,0,131,154,0,154,285
10/11/2013,BKL,OH,AGL,CE,Federal Contract Tower,0,17,15,1,33,0,41,59,0,100,0,58,74,1,133,32,0,32,165
10/12/2013,BKL,OH,AGL,CE,Federal Contract Tower,0,14,22,0,36,0,32,72,0,104,0,46,94,0,140,114,0,114,254
10/13/2013,BKL,OH,AGL,CE,Federal Contract Tower,0,8,50,0,58,0,36,31,0,67,0,44,81,0,125,12,0,12,137
10/14/2013,BKL,OH,AGL,CE,Federal Contract Tower,0,14,9,0,23,0,11,33,0,44,0,25,42,0,67,24,0,24,91
10/15/2013,BKL,OH,AGL,CE,Federal Contract Tower,0,8,15,0,23,0,21,29,0,50,0,29,44,0,73,78,0,78,151
10/16/2013,BKL,OH,AGL,CE,Federal Contract Tower,0,5,37,0,42,0,9,15,0,24,0,14,52,0,66,14,0,14,80
10/17/2013,BKL,OH,AGL,CE,Federal Contract Tower,0,13,25,0,38,0,34,18,0,52,0,47,43,0,90,94,0,94,184
10/18/2013,BKL,OH,AGL,CE,Federal Contract Tower,0,8,22,2,32,0,39,77,0,116,0,47,99,2,148,166,0,166,314
10/19/2013,BKL,OH,AGL,CE,Federal Contract Tower,0,2,13,0,15,0,19,15,0,34,0,21,28,0,49,14,0,14,63
10/20/2013,BKL,OH,AGL,CE,Federal Contract Tower,0,9,12,0,21,0,29,27,0,56,0,38,39,0,77,68,0,68,145
10/21/2013,BKL,OH,AGL,CE,Federal Contract Tower,0,9,10,0,19,0,13,43,0,56,0,22,53,0,75,70,0,70,145
10/22/2013,BKL,OH,AGL,CE,Federal Contract Tower,0,8,15,4,27,0,20,55,0,75,0,28,70,4,102,218,0,218,320
10/23/2013,BKL,OH,AGL,CE,Federal Contract Tower,0,15,13,0,28,0,18,25,0,43,0,33,38,0,71,58,6,64,135
10/24/2013,BKL,OH,AGL,CE,Federal Contract Tower,0,7,16,0,23,0,30,13,0,43,0,37,29,0,66,0,0,0,66
10/25/2013,BKL,OH,AGL,CE,Federal Contract Tower,0,11,7,0,18,0,40,27,0,67,0,51,34,0,85,0,0,0,85
10/26/2013,BKL,OH,AGL,CE,Federal Contract Tower,0,9,11,0,20,0,29,11,0,40,0,38,22,0,60,10,0,10,70
10/27/2013,BKL,OH,AGL,CE,Federal Contract Tower,0,4,11,0,15,0,28,46,0,74,0,32,57,0,89,118,0,118,207
10/28/2013,BKL,OH,AGL,CE,Federal Contract Tower,0,6,17,0,23,0,24,44,0,68,0,30,61,0,91,138,0,138,229
10/29/2013,BKL,OH,AGL,CE,Federal Contract Tower,0,9,21,0,30,0,31,38,5,74,0,40,59,5,104,44,0,44,148
10/30/2013,BKL,OH,AGL,CE,Federal Contract Tower,0,15,26,0,41,0,44,37,0,81,0,59,63,0,122,184,0,184,306
10/31/2013,BKL,OH,AGL,CE,Federal Contract Tower,0,16,19,0,35,0,12,3,0,15,0,28,22,0,50,0,0,0,50
11/01/2013,BKL,OH,AGL,CE,Federal Contract Tower,0,8,8,1,17,0,16,10,1,27,0,24,18,2,44,0,0,0,44
11/02/2013,BKL,OH,AGL,CE,Federal Contract Tower,0,13,6,0,19,0,8,0,0,8,0,21,6,0,27,0,0,0,27
11/03/2013,BKL,OH,AGL,CE,Federal Contract Tower,0,4,17,0,21,0,10,63,0,73,0,14,80,0,94,34,0,34,128
11/04/2013,BKL,OH,AGL,CE,Federal Contract Tower,0,13,22,0,35,0,22,57,3,82,0,35,79,3,117,44,0,44,161
11/05/2013,BKL,OH,AGL,CE,Federal Contract Tower,0,9,16,0,25,0,43,36,1,80,0,52,52,1,105,134,0,134,239
11/06/2013,BKL,OH,AGL,CE,Federal Contract Tower,0,14,19,0,33,0,42,13,0,55,0,56,32,0,88,0,0,0,88
11/07/2013,BKL,OH,AGL,CE,Federal Contract Tower,0,8,17,0,25,0,15,29,2,46,0,23,46,2,71,0,0,0,71
11/08/2013,BKL,OH,AGL,CE,Federal Contract Tower,0,5,13,0,18,0,29,23,0,52,0,34,36,0,70,34,0,34,104
11/09/2013,BKL,OH,AGL,CE,Federal Contract Tower,0,8,4,0,12,0,8,33,0,41,0,16,37,0,53,0,0,0,53
11/10/2013,BKL,OH,AGL,CE,Federal Contract Tower,0,2,5,0,7,0,14,18,0,32,0,16,23,0,39,4,0,4,43
11/11/2013,BKL,OH,AGL,CE,Federal Contract Tower,0,2,11,0,13,0,18,25,0,43,0,20,36,0,56,18,0,18,74
11/12/2013,BKL,OH,AGL,CE,Federal Contract Tower,0,4,8,0,12,0,32,7,0,39,0,36,15,0,51,0,0,0,51
11/13/2013,BKL,OH,AGL,CE,Federal Contract Tower,0,15,24,0,39,0,35,34,2,71,0,50,58,2,110,30,0,30,140
11/14/2013,BKL,OH,AGL,CE,Federal Contract Tower,0,12,14,1,27,0,18,20,3,41,0,30,34,4,68,30,0,30,98
11/15/2013,BKL,OH,AGL,CE,Federal Contract Tower,0,7,11,0,18,0,39,39,3,81,0,46,50,3,99,74,0,74,173
11/16/2013,BKL,OH,AGL,CE,Federal Contract Tower,0,3,8,0,11,0,15,78,0,93,0,18,86,0,104,128,0,128,232
11/17/2013,BKL,OH,AGL,CE,Federal Contract Tower,0,2,6,0,8,0,14,7,0,21,0,16,13,0,29,2,0,2,31
11/18/2013,BKL,OH,AGL,CE,Federal Contract Tower,0,3,11,0,14,0,36,12,0,48,0,39,23,0,62,0,0,0,62
11/19/2013,BKL,OH,AGL,CE,Federal Contract Tower,0,15,17,0,32,0,53,29,0,82,0,68,46,0,114,108,0,108,222
11/20/2013,BKL,OH,AGL,CE,Federal Contract Tower,0,15,23,0,38,0,50,51,0,101,0,65,74,0,139,112,0,112,251
11/21/2013,BKL,OH,AGL,CE,Federal Contract Tower,0,9,22,0,31,0,11,32,0,43,0,20,54,0,74,42,0,42,116
11/22/2013,BKL,OH,AGL,CE,Federal Contract Tower,0,4,3,0,7,0,7,1,0,8,0,11,4,0,15,0,0,0,15
11/23/2013,BKL,OH,AGL,CE,Federal Contract Tower,0,6,4,0,10,0,8,6,0,14,0,14,10,0,24,0,0,0,24
11/24/2013,BKL,OH,AGL,CE,Federal Contract Tower,0,6,19,0,25,0,9,19,0,28,0,15,38,0,53,0,0,0,53
11/25/2013,BKL,OH,AGL,CE,Federal Contract Tower,0,3,14,0,17,0,29,23,0,52,0,32,37,0,69,48,0,48,117
11/26/2013,BKL,OH,AGL,CE,Federal Contract Tower,0,14,14,0,28,0,22,31,0,53,0,36,45,0,81,128,0,128,209
11/27/2013,BKL,OH,AGL,CE,Federal Contract Tower,0,7,13,0,20,0,20,0,0,20,0,27,13,0,40,0,0,0,40
11/28/2013,BKL,OH,AGL,CE,Federal Contract Tower,0,6,5,0,11,0,8,3,0,11,0,14,8,0,22,30,0,30,52
11/29/2013,BKL,OH,AGL,CE,Federal Contract Tower,0,3,5,0,8,0,15,45,0,60,0,18,50,0,68,104,0,104,172
11/30/2013,BKL,OH,AGL,CE,Federal Contract Tower,0,9,5,0,14,0,13,49,0,62,0,22,54,0,76,86,0,86,162
12/01/2013,BKL,OH,AGL,CE,Federal Contract Tower,0,5,13,0,18,0,28,54,0,82,0,33,67,0,100,6,0,6,106
12/02/2013,BKL,OH,AGL,CE,Federal Contract Tower,0,12,12,0,24,0,29,35,0,64,0,41,47,0,88,134,0,134,222
12/03/2013,BKL,OH,AGL,CE,Federal Contract Tower,0,12,6,0,18,0,27,50,0,77,0,39,56,0,95,254,0,254,349
12/04/2013,BKL,OH,AGL,CE,Federal Contract Tower,0,8,18,2,28,0,22,57,0,79,0,30,75,2,107,66,0,66,173
12/05/2013,BKL,OH,AGL,CE,Federal Contract Tower,0,6,13,0,19,0,18,13,0,31,0,24,26,0,50,0,0,0,50
12/06/2013,BKL,OH,AGL,CE,Federal Contract Tower,0,5,5,0,10,0,16,13,0,29,0,21,18,0,39,44,0,44,83
12/07/2013,BKL,OH,AGL,CE,Federal Contract Tower,0,0,1,0,1,0,36,32,0,68,0,36,33,0,69,0,0,0,69
12/08/2013,BKL,OH,AGL,CE,Federal Contract Tower,0,1,8,0,9,0,15,17,0,32,0,16,25,0,41,40,0,40,81
12/09/2013,BKL,OH,AGL,CE,Federal Contract Tower,0,7,6,0,13,0,22,3,0,25,0,29,9,0,38,0,0,0,38
12/10/2013,BKL,OH,AGL,CE,Federal Contract Tower,0,7,11,0,18,0,35,27,0,62,0,42,38,0,80,100,0,100,180
12/11/2013,BKL,OH,AGL,CE,Federal Contract Tower,0,5,12,0,17,0,12,14,0,26,0,17,26,0,43,46,0,46,89
12/12/2013,BKL,OH,AGL,CE,Federal Contract Tower,0,5,16,0,21,0,3,8,0,11,0,8,24,0,32,6,0,6,38
12/13/2013,BKL,OH,AGL,CE,Federal Contract Tower,0,10,15,0,25,0,12,29,0,41,0,22,44,0,66,104,0,104,170
12/14/2013,BKL,OH,AGL,CE,Federal Contract Tower,0,2,2,0,4,0,6,8,0,14,0,8,10,0,18,0,0,0,18
12/15/2013,BKL,OH,AGL,CE,Federal Contract Tower,0,3,12,0,15,0,4,0,0,4,0,7,12,0,19,0,0,0,19
12/16/2013,BKL,OH,AGL,CE,Federal Contract Tower,0,4,14,0,18,0,23,12,0,35,0,27,26,0,53,60,0,60,113
12/17/2013,BKL,OH,AGL,CE,Federal Contract Tower,0,5,9,0,14,0,7,4,0,11,0,12,13,0,25,30,0,30,55
12/18/2013,BKL,OH,AGL,CE,Federal Contract Tower,0,8,16,0,24,0,1,15,0,16,0,9,31,0,40,14,0,14,54
12/19/2013,BKL,OH,AGL,CE,Federal Contract Tower,0,7,13,0,20,0,6,42,2,50,0,13,55,2,70,58,0,58,128
12/20/2013,BKL,OH,AGL,CE,Federal Contract Tower,0,8,11,2,21,0,21,11,0,32,0,29,22,2,53,0,0,0,53
12/21/2013,BKL,OH,AGL,CE,Federal Contract Tower,0,4,3,0,7,0,2,0,0,2,0,6,3,0,9,0,0,0,9
12/22/2013,BKL,OH,AGL,CE,Federal Contract Tower,0,3,3,0,6,0,30,13,0,43,0,33,16,0,49,20,0,20,69
12/23/2013,BKL,OH,AGL,CE,Federal Contract Tower,0,3,1,0,4,0,10,6,0,16,0,13,7,0,20,34,0,34,54
12/24/2013,BKL,OH,AGL,CE,Federal Contract Tower,0,4,1,0,5,0,13,6,0,19,0,17,7,0,24,0,0,0,24
12/25/2013,BKL,OH,AGL,CE,Federal Contract Tower,0,10,0,0,10,0,16,5,0,21,0,26,5,0,31,0,0,0,31
12/26/2013,BKL,OH,AGL,CE,Federal Contract Tower,0,9,5,0,14,0,8,8,0,16,0,17,13,0,30,0,0,0,30
12/27/2013,BKL,OH,AGL,CE,Federal Contract Tower,0,4,18,2,24,0,14,41,0,55,0,18,59,2,79,94,0,94,173
12/28/2013,BKL,OH,AGL,CE,Federal Contract Tower,0,5,8,0,13,0,41,66,0,107,0,46,74,0,120,80,0,80,200
12/29/2013,BKL,OH,AGL,CE,Federal Contract Tower,0,3,7,0,10,0,27,14,0,41,0,30,21,0,51,6,0,6,57
12/30/2013,BKL,OH,AGL,CE,Federal Contract Tower,0,3,2,0,5,0,2,0,0,2,0,5,2,0,7,0,0,0,7
12/31/2013,BKL,OH,AGL,CE,Federal Contract Tower,0,10,3,0,13,0,10,2,0,12,0,20,5,0,25,0,0,0,25
01/01/2014,BKL,OH,AGL,CE,Federal Contract Tower,0,8,5,0,13,0,6,8,0,14,0,14,13,0,27,4,0,4,31
01/02/2014,BKL,OH,AGL,CE,Federal Contract Tower,0,1,3,0,4,0,2,0,0,2,0,3,3,0,6,0,0,0,6
01/03/2014,BKL,OH,AGL,CE,Federal Contract Tower,0,2,2,2,6,0,2,8,0,10,0,4,10,2,16,22,0,22,38
01/04/2014,BKL,OH,AGL,CE,Federal Contract Tower,0,6,1,0,7,0,14,8,0,22,0,20,9,0,29,0,0,0,29
01/05/2014,BKL,OH,AGL,CE,Federal Contract Tower,0,4,1,0,5,0,9,1,0,10,0,13,2,0,15,0,0,0,15
01/06/2014,BKL,OH,AGL,CE,Federal Contract Tower,0,3,4,0,7,0,2,0,0,2,0,5,4,0,9,0,0,0,9
01/07/2014,BKL,OH,AGL,CE,Federal Contract Tower,0,7,6,0,13,0,2,5,0,7,0,9,11,0,20,0,0,0,20
01/08/2014,BKL,OH,AGL,CE,Federal Contract Tower,0,12,16,1,29,0,15,11,0,26,0,27,27,1,55,12,0,12,67
01/09/2014,BKL,OH,AGL,CE,Federal Contract Tower,0,9,17,1,27,0,6,13,0,19,0,15,30,1,46,76,0,76,122
01/10/2014,BKL,OH,AGL,CE,Federal Contract Tower,0,7,7,0,14,0,1,2,0,3,0,8,9,0,17,0,0,0,17
01/11/2014,BKL,OH,AGL,CE,Federal Contract Tower,0,6,6,0,12,0,10,1,0,11,0,16,7,0,23,36,0,36,59
01/12/2014,BKL,OH,AGL,CE,Federal Contract Tower,0,3,8,0,11,0,12,16,0,28,0,15,24,0,39,0,0,0,39
01/13/2014,BKL,OH,AGL,CE,Federal Contract Tower,0,6,3,0,9,0,28,19,0,47,0,34,22,0,56,24,0,24,80
01/14/2014,BKL,OH,AGL,CE,Federal Contract Tower,0,14,16,2,32,0,25,47,0,72,0,39,63,2,104,144,0,144,248
01/15/2014,BKL,OH,AGL,CE,Federal Contract Tower,0,13,18,0,31,0,40,33,0,73,0,53,51,0,104,48,0,48,152
01/16/2014,BKL,OH,AGL,CE,Federal Contract Tower,0,12,27,0,39,0,34,8,0,42,0,46,35,0,81,12,0,12,93
01/17/2014,BKL,OH,AGL,CE,Federal Contract Tower,0,9,9,0,18,0,20,22,0,42,0,29,31,0,60,32,0,32,92
01/18/2014,BKL,OH,AGL,CE,Federal Contract Tower,0,5,14,0,19,0,17,12,0,29,0,22,26,0,48,52,0,52,100
01/19/2014,BKL,OH,AGL,CE,Federal Contract Tower,1,11,9,0,21,0,15,11,0,26,1,26,20,0,47,4,0,4,51
01/20/2014,BKL,OH,AGL,CE,Federal Contract Tower,0,6,11,0,17,0,12,4,0,16,0,18,15,0,33,0,0,0,33
01/21/2014,BKL,OH,AGL,CE,Federal Contract Tower,0,12,18,0,30,0,22,9,0,31,0,34,27,0,61,0,0,0,61
01/22/2014,BKL,OH,AGL,CE,Federal Contract Tower,0,19,32,0,51,0,50,9,0,59,0,69,41,0,110,40,0,40,150
01/23/2014,BKL,OH,AGL,CE,Federal Contract Tower,2,11,11,0,24,0,4,0,0,4,2,15,11,0,28,0,0,0,28
01/24/2014,BKL,OH,AGL,CE,Federal Contract Tower,0,3,4,0,7,0,26,3,0,29,0,29,7,0,36,22,0,22,58
01/25/2014,BKL,OH,AGL,CE,Federal Contract Tower,2,3,0,0,5,0,0,0,0,0,2,3,0,0,5,0,0,0,5
01/26/2014,BKL,OH,AGL,CE,Federal Contract Tower,0,6,6,0,12,0,0,0,0,0,0,6,6,0,12,0,0,0,12
01/27/2014,BKL,OH,AGL,CE,Federal Contract Tower,0,6,4,0,10,0,14,1,0,15,0,20,5,0,25,0,0,0,25
01/28/2014,BKL,OH,AGL,CE,Federal Contract Tower,0,12,15,0,27,0,2,7,0,9,0,14,22,0,36,0,0,0,36
01/29/2014,BKL,OH,AGL,CE,Federal Contract Tower,0,14,9,0,23,0,18,10,0,28,0,32,19,0,51,0,0,0,51
01/30/2014,BKL,OH,AGL,CE,Federal Contract Tower,0,9,19,0,28,0,37,7,0,44,0,46,26,0,72,0,0,0,72
01/31/2014,BKL,OH,AGL,CE,Federal Contract Tower,0,8,7,0,15,0,15,9,0,24,0,23,16,0,39,126,0,126,165
02/01/2014,BKL,OH,AGL,CE,Federal Contract Tower,0,9,5,0,14,0,6,1,0,7,0,15,6,0,21,0,0,0,21
02/02/2014,BKL,OH,AGL,CE,Federal Contract Tower,0,3,10,0,13,0,2,2,0,4,0,5,12,0,17,0,0,0,17
02/03/2014,BKL,OH,AGL,CE,Federal Contract Tower,0,7,12,0,19,0,32,21,0,53,0,39,33,0,72,34,0,34,106
02/04/2014,BKL,OH,AGL,CE,Federal Contract Tower,0,5,7,2,14,0,30,14,2,46,0,35,21,4,60,0,0,0,60
02/05/2014,BKL,OH,AGL,CE,Federal Contract Tower,0,1,4,0,5,0,0,0,0,0,0,1,4,0,5,0,0,0,5
02/06/2014,BKL,OH,AGL,CE,Federal Contract Tower,0,5,15,2,22,0,16,10,0,26,0,21,25,2,48,30,0,30,78
02/07/2014,BKL,OH,AGL,CE,Federal Contract Tower,0,8,8,0,16,0,20,13,0,33,0,28,21,0,49,12,0,12,61
02/08/2014,BKL,OH,AGL,CE,Federal Contract Tower,0,6,3,0,9,0,7,18,0,25,0,13,21,0,34,20,0,20,54
02/09/2014,BKL,OH,AGL,CE,Federal Contract Tower,0,1,2,0,3,0,4,1,0,5,0,5,3,0,8,0,0,0,8
02/10/2014,BKL,OH,AGL,CE,Federal Contract Tower,0,15,13,0,28,0,14,10,0,24,0,29,23,0,52,20,0,20,72
02/11/2014,BKL,OH,AGL,CE,Federal Contract Tower,0,14,16,0,30,0,20,2,0,22,0,34,18,0,52,0,0,0,52
02/12/2014,BKL,OH,AGL,CE,Federal Contract Tower,0,12,12,3,27,0,27,26,1,54,0,39,38,4,81,30,2,32,113
02/13/2014,BKL,OH,AGL,CE,Federal Contract Tower,0,10,16,0,26,0,50,46,2,98,0,60,62,2,124,94,0,94,218
02/14/2014,BKL,OH,AGL,CE,Federal Contract Tower,0,8,9,0,17,0,14,8,0,22,0,22,17,0,39,4,0,4,43
02/15/2014,BKL,OH,AGL,CE,Federal Contract Tower,0,3,1,0,4,0,2,9,0,11,0,5,10,0,15,14,0,14,29
02/16/2014,BKL,OH,AGL,CE,Federal Contract Tower,0,0,3,0,3,0,9,1,0,10,0,9,4,0,13,0,0,0,13
02/17/2014,BKL,OH,AGL,CE,Federal Contract Tower,0,11,8,0,19,0,18,4,0,22,0,29,12,0,41,22,0,22,63
02/18/2014,BKL,OH,AGL,CE,Federal Contract Tower,0,6,9,0,15,0,19,6,4,29,0,25,15,4,44,0,0,0,44
02/19/2014,BKL,OH,AGL,CE,Federal Contract Tower,0,14,31,0,45,0,28,23,2,53,0,42,54,2,98,0,0,0,98
02/20/2014,BKL,OH,AGL,CE,Federal Contract Tower,0,14,14,0,28,0,27,7,0,34,0,41,21,0,62,0,0,0,62
02/21/2014,BKL,OH,AGL,CE,Federal Contract Tower,0,13,5,2,20,0,31,10,0,41,0,44,15,2,61,0,0,0,61
02/22/2014,BKL,OH,AGL,CE,Federal Contract Tower,0,4,12,0,16,0,17,16,0,33,0,21,28,0,49,18,0,18,67
02/23/2014,BKL,OH,AGL,CE,Federal Contract Tower,0,5,7,0,12,0,15,23,0,38,0,20,30,0,50,74,0,74,124
02/24/2014,BKL,OH,AGL,CE,Federal Contract Tower,0,6,12,0,18,0,17,14,0,31,0,23,26,0,49,8,0,8,57
02/25/2014,BKL,OH,AGL,CE,Federal Contract Tower,0,13,13,1,27,0,33,18,0,51,0,46,31,1,78,0,0,0,78
02/26/2014,BKL,OH,AGL,CE,Federal Contract Tower,0,10,20,2,32,0,20,6,0,26,0,30,26,2,58,0,0,0,58
02/27/2014,BKL,OH,AGL,CE,Federal Contract Tower,0,8,13,0,21,0,24,8,0,32,0,32,21,0,53,0,0,0,53
02/28/2014,BKL,OH,AGL,CE,Federal Contract Tower,0,8,13,1,22,0,32,30,5,67,0,40,43,6,89,28,0,28,117
03/01/2014,BKL,OH,AGL,CE,Federal Contract Tower,0,8,9,0,17,0,28,53,0,81,0,36,62,0,98,64,0,64,162
03/02/2014,BKL,OH,AGL,CE,Federal Contract Tower,0,6,5,0,11,0,14,0,0,14,0,20,5,0,25,0,0,0,25
03/03/2014,BKL,OH,AGL,CE,Federal Contract Tower,0,5,4,0,9,0,18,16,0,34,0,23,20,0,43,2,0,2,45
03/04/2014,BKL,OH,AGL,CE,Federal Contract Tower,0,21,15,0,36,0,36,19,0,55,0,57,34,0,91,44,0,44,135
03/05/2014,BKL,OH,AGL,CE,Federal Contract Tower,0,16,23,0,39,0,33,44,4,81,0,49,67,4,120,36,0,36,156
03/06/2014,BKL,OH,AGL,CE,Federal Contract Tower,0,20,18,0,38,0,35,33,2,70,0,55,51,2,108,30,0,30,138
03/07/2014,BKL,OH,AGL,CE,Federal Contract Tower,0,24,20,1,45,0,51,47,2,100,0,75,67,3,145,116,0,116,261
03/08/2014,BKL,OH,AGL,CE,Federal Contract Tower,2,9,7,1,19,0,2,0,0,2,2,11,7,1,21,0,0,0,21
03/09/2014,BKL,OH,AGL,CE,Federal Contract Tower,0,12,9,0,21,0,27,23,0,50,0,39,32,0,71,52,0,52,123
03/10/2014,BKL,OH,AGL,CE,Federal Contract Tower,0,8,11,0,19,0,21,23,0,44,0,29,34,0,63,14,0,14,77
03/11/2014,BKL,OH,AGL,CE,Federal Contract Tower,0,7,15,1,23,0,29,13,0,42,0,36,28,1,65,14,0,14,79
03/12/2014,BKL,OH,AGL,CE,Federal Contract Tower,0,5,4,0,9,0,8,12,0,20,0,13,16,0,29,0,0,0,29
03/13/2014,BKL,OH,AGL,CE,Federal Contract Tower,0,21,20,1,42,0,23,16,2,41,0,44,36,3,83,38,0,38,121
03/14/2014,BKL,OH,AGL,CE,Federal Contract Tower,0,12,9,0,21,0,36,14,0,50,0,48,23,0,71,24,0,24,95
03/15/2014,BKL,OH,AGL,CE,Federal Contract Tower,0,10,15,0,25,0,32,33,0,65,0,42,48,0,90,60,0,60,150
03/16/2014,BKL,OH,AGL,CE,Federal Contract Tower,0,10,14,0,24,0,34,23,0,57,0,44,37,0,81,30,0,30,111
03/17/2014,BKL,OH,AGL,CE,Federal Contract Tower,2,9,8,1,20,0,15,21,1,37,2,24,29,2,57,40,0,40,97
03/18/2014,BKL,OH,AGL,CE,Federal Contract Tower,1,11,28,0,40,0,20,38,1,59,1,31,66,1,99,84,0,84,183
03/19/2014,BKL,OH,AGL,CE,Federal Contract Tower,0,20,20,0,40,0,30,14,0,44,0,50,34,0,84,0,0,0,84
03/20/2014,BKL,OH,AGL,CE,Federal Contract Tower,0,17,19,0,36,0,25,27,2,54,0,42,46,2,90,16,0,16,106
03/21/2014,BKL,OH,AGL,CE,Federal Contract Tower,0,20,18,0,38,0,57,42,0,99,0,77,60,0,137,84,0,84,221
03/22/2014,BKL,OH,AGL,CE,Federal Contract Tower,0,5,7,0,12,0,27,23,0,50,0,32,30,0,62,0,0,0,62
03/23/2014,BKL,OH,AGL,CE,Federal Contract Tower,0,3,2,0,5,0,18,3,0,21,0,21,5,0,26,0,0,0,26
03/24/2014,BKL,OH,AGL,CE,Federal Contract Tower,0,3,7,0,10,0,11,31,0,42,0,14,38,0,52,44,0,44,96
03/25/2014,BKL,OH,AGL,CE,Federal Contract Tower,0,9,11,0,20,0,11,17,2,30,0,20,28,2,50,48,0,48,98
03/26/2014,BKL,OH,AGL,CE,Federal Contract Tower,0,15,12,3,30,0,22,30,0,52,0,37,42,3,82,46,0,46,128
03/27/2014,BKL,OH,AGL,CE,Federal Contract Tower,0,20,16,0,36,0,24,38,0,62,0,44,54,0,98,18,0,18,116
03/28/2014,BKL,OH,AGL,CE,Federal Contract Tower,0,18,7,2,27,0,30,2,3,35,0,48,9,5,62,0,0,0,62
03/29/2014,BKL,OH,AGL,CE,Federal Contract Tower,0,6,0,0,6,0,4,0,0,4,0,10,0,0,10,0,0,0,10
03/30/2014,BKL,OH,AGL,CE,Federal Contract Tower,0,5,5,1,11,0,16,29,0,45,0,21,34,1,56,4,0,4,60
03/31/2014,BKL,OH,AGL,CE,Federal Contract Tower,0,9,12,0,21,0,24,44,0,68,0,33,56,0,89,116,0,116,205
04/01/2014,BKL,OH,AGL,CE,Federal Contract Tower,0,21,9,0,30,0,12,16,0,28,0,33,25,0,58,0,0,0,58
04/02/2014,BKL,OH,AGL,CE,Federal Contract Tower,0,4,15,2,21,0,19,28,0,47,0,23,43,2,68,42,0,42,110
04/03/2014,BKL,OH,AGL,CE,Federal Contract Tower,0,6,13,0,19,0,14,2,4,20,0,20,15,4,39,0,0,0,39
04/04/2014,BKL,OH,AGL,CE,Federal Contract Tower,0,4,5,0,9,0,0,2,0,2,0,4,7,0,11,0,0,0,11
04/05/2014,BKL,OH,AGL,CE,Federal Contract Tower,0,10,3,0,13,0,7,0,0,7,0,17,3,0,20,0,0,0,20
04/06/2014,BKL,OH,AGL,CE,Federal Contract Tower,0,8,7,0,15,0,10,39,0,49,0,18,46,0,64,6,0,6,70
04/07/2014,BKL,OH,AGL,CE,Federal Contract Tower,0,4,25,0,29,0,19,16,3,38,0,23,41,3,67,30,0,30,97
04/08/2014,BKL,OH,AGL,CE,Federal Contract Tower,0,14,13,0,27,0,24,10,5,39,0,38,23,5,66,0,0,0,66
04/09/2014,BKL,OH,AGL,CE,Federal Contract Tower,0,8,28,0,36,0,38,33,1,72,0,46,61,1,108,6,2,8,116
04/10/2014,BKL,OH,AGL,CE,Federal Contract Tower,0,13,21,1,35,0,63,27,0,90,0,76,48,1,125,0,6,6,131
04/11/2014,BKL,OH,AGL,CE,Federal Contract Tower,0,9,16,2,27,0,25,29,0,54,0,34,45,2,81,60,0,60,141
04/12/2014,BKL,OH,AGL,CE,Federal Contract Tower,0,9,6,0,15,0,25,42,0,67,0,34,48,0,82,74,0,74,156
04/13/2014,BKL,OH,AGL,CE,Federal Contract Tower,2,4,13,0,19,0,15,14,0,29,2,19,27,0,48,22,0,22,70
04/14/2014,BKL,OH,AGL,CE,Federal Contract Tower,0,13,18,0,31,0,27,2,0,29,0,40,20,0,60,0,0,0,60
04/15/2014,BKL,OH,AGL,CE,Federal Contract Tower,0,24,15,0,39,0,26,4,0,30,0,50,19,0,69,0,0,0,69
04/16/2014,BKL,OH,AGL,CE,Federal Contract Tower,0,18,23,0,41,0,33,44,0,77,0,51,67,0,118,72,0,72,190
04/17/2014,BKL,OH,AGL,CE,Federal Contract Tower,0,21,22,0,43,0,32,20,0,52,0,53,42,0,95,4,0,4,99
04/18/2014,BKL,OH,AGL,CE,Federal Contract Tower,2,24,17,0,43,0,51,58,2,111,2,75,75,2,154,196,0,196,350
04/19/2014,BKL,OH,AGL,CE,Federal Contract Tower,0,3,9,0,12,0,14,44,0,58,0,17,53,0,70,50,0,50,120
04/20/2014,BKL,OH,AGL,CE,Federal Contract Tower,2,3,5,0,10,0,18,33,0,51,2,21,38,0,61,32,0,32,93
04/21/2014,BKL,OH,AGL,CE,Federal Contract Tower,0,10,17,0,27,0,28,54,0,82,0,38,71,0,109,104,0,104,213
04/22/2014,BKL,OH,AGL,CE,Federal Contract Tower,0,20,19,2,41,0,25,8,0,33,0,45,27,2,74,0,0,0,74
04/23/2014,BKL,OH,AGL,CE,Federal Contract Tower,0,13,24,1,38,0,44,17,6,67,0,57,41,7,105,78,0,78,183
04/24/2014,BKL,OH,AGL,CE,Federal Contract Tower,0,15,10,4,29,0,45,43,2,90,0,60,53,6,119,36,0,36,155
04/25/2014,BKL,OH,AGL,CE,Federal Contract Tower,0,24,7,1,32,0,37,6,0,43,0,61,13,1,75,10,0,10,85
04/26/2014,BKL,OH,AGL,CE,Federal Contract Tower,0,8,10,0,18,0,18,40,0,58,0,26,50,0,76,116,0,116,192
04/27/2014,BKL,OH,AGL,CE,Federal Contract Tower,0,8,10,0,18,0,15,44,0,59,0,23,54,0,77,56,0,56,133
04/28/2014,BKL,OH,AGL,CE,Federal Contract Tower,0,7,13,4,24,0,33,15,0,48,0,40,28,4,72,4,0,4,76
04/29/2014,BKL,OH,AGL,CE,Federal Contract Tower,0,20,14,0,34,0,23,2,0,25,0,43,16,0,59,2,0,2,61
04/30/2014,BKL,OH,AGL,CE,Federal Contract Tower,0,19,22,0,41,0,31,4,0,35,0,50,26,0,76,0,0,0,76
05/01/2014,BKL,OH,AGL,CE,Federal Contract Tower,0,13,33,4,50,0,17,28,2,47,0,30,61,6,97,18,0,18,115
05/02/2014,BKL,OH,AGL,CE,Federal Contract Tower,2,24,15,1,42,0,29,20,1,50,2,53,35,2,92,18,0,18,110
05/03/2014,BKL,OH,AGL,CE,Federal Contract Tower,0,9,13,0,22,0,42,17,0,59,0,51,30,0,81,26,0,26,107
05/04/2014,BKL,OH,AGL,CE,Federal Contract Tower,2,2,8,0,12,0,50,50,0,100,2,52,58,0,112,64,0,64,176
05/05/2014,BKL,OH,AGL,CE,Federal Contract Tower,0,7,8,0,15,0,47,29,2,78,0,54,37,2,93,60,0,60,153
05/06/2014,BKL,OH,AGL,CE,Federal Contract Tower,0,8,27,2,37,0,49,48,2,99,0,57,75,4,136,58,0,58,194
05/07/2014,BKL,OH,AGL,CE,Federal Contract Tower,0,22,22,1,45,0,44,35,1,80,0,66,57,2,125,32,0,32,157
05/08/2014,BKL,OH,AGL,CE,Federal Contract Tower,2,18,23,1,44,0,72,35,0,107,2,90,58,1,151,98,0,98,249
05/09/2014,BKL,OH,AGL,CE,Federal Contract Tower,0,9,16,2,27,0,61,45,3,109,0,70,61,5,136,64,0,64,200
05/10/2014,BKL,OH,AGL,CE,Federal Contract Tower,0,5,11,0,16,0,31,47,4,82,0,36,58,4,98,72,0,72,170
05/11/2014,BKL,OH,AGL,CE,Federal Contract Tower,0,3,16,0,19,0,31,33,1,65,0,34,49,1,84,186,0,186,270
05/12/2014,BKL,OH,AGL,CE,Federal Contract Tower,0,10,12,0,22,0,27,4,0,31,0,37,16,0,53,18,0,18,71
05/13/2014,BKL,OH,AGL,CE,Federal Contract Tower,0,6,14,0,20,0,28,8,2,38,0,34,22,2,58,0,0,0,58
05/14/2014,BKL,OH,AGL,CE,Federal Contract Tower,0,16,28,1,45,0,2,0,0,2,0,18,28,1,47,0,0,0,47
05/15/2014,BKL,OH,AGL,CE,Federal Contract Tower,0,16,19,0,35,0,10,4,2,16,0,26,23,2,51,0,0,0,51
05/16/2014,BKL,OH,AGL,CE,Federal Contract Tower,0,14,12,0,26,0,42,30,0,72,0,56,42,0,98,84,0,84,182
05/17/2014,BKL,OH,AGL,CE,Federal Contract Tower,0,6,7,0,13,0,28,42,0,70,0,34,49,0,83,78,0,78,161
05/18/2014,BKL,OH,AGL,CE,Federal Contract Tower,0,5,7,0,12,0,21,86,0,107,0,26,93,0,119,26,0,26,145
05/19/2014,BKL,OH,AGL,CE,Federal Contract Tower,2,11,15,3,31,0,34,72,0,106,2,45,87,3,137,66,0,66,203
05/20/2014,BKL,OH,AGL,CE,Federal Contract Tower,0,8,16,0,24,0,27,54,0,81,0,35,70,0,105,8,0,8,113
05/21/2014,BKL,OH,AGL,CE,Federal Contract Tower,1,7,12,0,20,0,30,24,0,54,1,37,36,0,74,18,0,18,92
05/22/2014,BKL,OH,AGL,CE,Federal Contract Tower,0,6,20,0,26,0,30,49,5,84,0,36,69,5,110,136,0,136,246
05/23/2014,BKL,OH,AGL,CE,Federal Contract Tower,0,16,21,0,37,0,31,74,0,105,0,47,95,0,142,130,0,130,272
05/24/2014,BKL,OH,AGL,CE,Federal Contract Tower,0,10,8,0,18,0,38,97,0,135,0,48,105,0,153,242,0,242,395
05/25/2014,BKL,OH,AGL,CE,Federal Contract Tower,0,3,13,0,16,0,30,93,0,123,0,33,106,0,139,296,0,296,435
05/26/2014,BKL,OH,AGL,CE,Federal Contract Tower,0,5,7,0,12,0,11,35,0,46,0,16,42,0,58,28,0,28,86
05/27/2014,BKL,OH,AGL,CE,Federal Contract Tower,0,10,11,2,23,0,32,18,0,50,0,42,29,2,73,38,0,38,111
05/28/2014,BKL,OH,AGL,CE,Federal Contract Tower,0,12,20,5,37,0,22,19,0,41,0,34,39,5,78,118,0,118,196
05/29/2014,BKL,OH,AGL,CE,Federal Contract Tower,0,19,23,3,45,0,31,82,2,115,0,50,105,5,160,136,0,136,296
05/30/2014,BKL,OH,AGL,CE,Federal Contract Tower,0,10,22,2,34,0,28,54,1,83,0,38,76,3,117,106,0,106,223
05/31/2014,BKL,OH,AGL,CE,Federal Contract Tower,0,1,12,0,13,0,9,59,0,68,0,10,71,0,81,168,0,168,249
06/01/2014,BKL,OH,AGL,CE,Federal Contract Tower,0,2,7,1,10,0,21,43,2,66,0,23,50,3,76,34,0,34,110
06/02/2014,BKL,OH,AGL,CE,Federal Contract Tower,0,3,6,0,9,0,41,13,0,54,0,44,19,0,63,0,0,0,63
06/03/2014,BKL,OH,AGL,CE,Federal Contract Tower,0,9,35,0,44,0,50,42,0,92,0,59,77,0,136,78,0,78,214
06/04/2014,BKL,OH,AGL,CE,Federal Contract Tower,0,22,19,0,41,0,40,42,0,82,0,62,61,0,123,82,0,82,205
06/05/2014,BKL,OH,AGL,CE,Federal Contract Tower,0,14,39,2,55,0,43,82,0,125,0,57,121,2,180,246,0,246,426
06/06/2014,BKL,OH,AGL,CE,Federal Contract Tower,0,14,19,0,33,0,26,82,0,108,0,40,101,0,141,176,0,176,317
06/07/2014,BKL,OH,AGL,CE,Federal Contract Tower,0,9,9,0,18,0,32,85,0,117,0,41,94,0,135,228,2,230,365
06/08/2014,BKL,OH,AGL,CE,Federal Contract Tower,0,4,12,0,16,0,12,21,0,33,0,16,33,0,49,2,0,2,51
06/09/2014,BKL,OH,AGL,CE,Federal Contract Tower,0,11,13,0,24,0,18,81,0,99,0,29,94,0,123,154,0,154,277
06/10/2014,BKL,OH,AGL,CE,Federal Contract Tower,0,15,17,2,34,0,43,72,20,135,0,58,89,22,169,312,0,312,481
06/11/2014,BKL,OH,AGL,CE,Federal Contract Tower,0,10,20,0,30,0,46,56,2,104,0,56,76,2,134,132,2,134,268
06/12/2014,BKL,OH,AGL,CE,Federal Contract Tower,0,18,29,0,47,0,32,75,0,107,0,50,104,0,154,264,0,264,418
06/13/2014,BKL,OH,AGL,CE,Federal Contract Tower,0,16,19,4,39,0,29,49,4,82,0,45,68,8,121,230,0,230,351
06/14/2014,BKL,OH,AGL,CE,Federal Contract Tower,0,10,11,0,21,0,24,55,0,79,0,34,66,0,100,180,0,180,280
06/15/2014,BKL,OH,AGL,CE,Federal Contract Tower,0,14,16,1,31,0,30,91,0,121,0,44,107,1,152,244,0,244,396
06/16/2014,BKL,OH,AGL,CE,Federal Contract Tower,0,11,20,0,31,0,29,33,0,62,0,40,53,0,93,62,0,62,155
06/17/2014,BKL,OH,AGL,CE,Federal Contract Tower,0,18,32,2,52,0,31,21,0,52,0,49,53,2,104,22,0,22,126
06/18/2014,BKL,OH,AGL,CE,Federal Contract Tower,0,15,31,0,46,0,19,40,0,59,0,34,71,0,105,112,0,112,217
06/19/2014,BKL,OH,AGL,CE,Federal Contract Tower,2,12,17,0,31,0,22,16,1,39,2,34,33,1,70,24,0,24,94
06/20/2014,BKL,OH,AGL,CE,Federal Contract Tower,0,14,23,0,37,0,40,27,0,67,0,54,50,0,104,76,0,76,180
06/21/2014,BKL,OH,AGL,CE,Federal Contract Tower,0,12,23,0,35,0,20,186,0,206,0,32,209,0,241,50,0,50,291
06/22/2014,BKL,OH,AGL,CE,Federal Contract Tower,0,9,11,0,20,0,14,52,0,66,0,23,63,0,86,102,0,102,188
06/23/2014,BKL,OH,AGL,CE,Federal Contract Tower,0,6,19,0,25,0,34,35,0,69,0,40,54,0,94,58,0,58,152
06/24/2014,BKL,OH,AGL,CE,Federal Contract Tower,0,21,29,0,50,0,42,33,0,75,0,63,62,0,125,52,0,52,177
06/25/2014,BKL,OH,AGL,CE,Federal Contract Tower,0,16,23,2,41,0,14,17,0,31,0,30,40,2,72,42,0,42,114
06/26/2014,BKL,OH,AGL,CE,Federal Contract Tower,0,17,32,0,49,0,26,43,2,71,0,43,75,2,120,96,0,96,216
06/27/2014,BKL,OH,AGL,CE,Federal Contract Tower,0,8,23,3,34,0,33,76,2,111,0,41,99,5,145,166,0,166,311
06/28/2014,BKL,OH,AGL,CE,Federal Contract Tower,0,3,9,0,12,0,33,81,0,114,0,36,90,0,126,150,0,150,276
06/29/2014,BKL,OH,AGL,CE,Federal Contract Tower,0,6,13,1,20,0,17,36,2,55,0,23,49,3,75,114,4,118,193
06/30/2014,BKL,OH,AGL,CE,Federal Contract Tower,0,16,21,1,38,0,40,70,2,112,0,56,91,3,150,92,0,92,242
07/01/2014,BKL,OH,AGL,CE,Federal Contract Tower,0,14,9,2,25,0,43,41,0,84,0,57,50,2,109,124,0,124,233
07/02/2014,BKL,OH,AGL,CE,Federal Contract Tower,0,8,23,1,32,0,16,50,0,66,0,24,73,1,98,212,0,212,310
07/03/2014,BKL,OH,AGL,CE,Federal Contract Tower,0,7,18,0,25,0,8,29,1,38,0,15,47,1,63,106,0,106,169
07/04/2014,BKL,OH,AGL,CE,Federal Contract Tower,0,9,12,0,21,0,27,43,0,70,0,36,55,0,91,150,0,150,241
07/05/2014,BKL,OH,AGL,CE,Federal Contract Tower,0,4,18,0,22,0,22,72,0,94,0,26,90,0,116,134,0,134,250
07/06/2014,BKL,OH,AGL,CE,Federal Contract Tower,0,9,7,0,16,0,26,79,0,105,0,35,86,0,121,82,0,82,203
07/07/2014,BKL,OH,AGL,CE,Federal Contract Tower,0,11,5,0,16,0,33,29,0,62,0,44,34,0,78,10,0,10,88
07/08/2014,BKL,OH,AGL,CE,Federal Contract Tower,0,12,15,0,27,0,54,39,0,93,0,66,54,0,120,54,0,54,174
07/09/2014,BKL,OH,AGL,CE,Federal Contract Tower,0,15,17,0,32,0,30,51,2,83,0,45,68,2,115,140,6,146,261
07/10/2014,BKL,OH,AGL,CE,Federal Contract Tower,0,18,15,3,36,0,23,49,0,72,0,41,64,3,108,68,0,68,176
07/11/2014,BKL,OH,AGL,CE,Federal Contract Tower,2,15,28,0,45,0,40,60,1,101,2,55,88,1,146,116,0,116,262
07/12/2014,BKL,OH,AGL,CE,Federal Contract Tower,0,10,10,0,20,0,26,60,0,86,0,36,70,0,106,146,0,146,252
07/13/2014,BKL,OH,AGL,CE,Federal Contract Tower,2,13,19,0,34,0,28,45,0,73,2,41,64,0,107,98,0,98,205
07/14/2014,BKL,OH,AGL,CE,Federal Contract Tower,0,17,17,6,40,0,33,74,0,107,0,50,91,6,147,242,0,242,389
07/15/2014,BKL,OH,AGL,CE,Federal Contract Tower,0,6,15,1,22,0,41,57,2,100,0,47,72,3,122,158,0,158,280
07/16/2014,BKL,OH,AGL,CE,Federal Contract Tower,0,24,13,1,38,0,23,44,2,69,0,47,57,3,107,114,6,120,227
07/17/2014,BKL,OH,AGL,CE,Federal Contract Tower,0,16,16,0,32,0,19,59,3,81,0,35,75,3,113,126,0,126,239
07/18/2014,BKL,OH,AGL,CE,Federal Contract Tower,0,14,30,0,44,0,43,71,0,114,0,57,101,0,158,220,0,220,378
07/19/2014,BKL,OH,AGL,CE,Federal Contract Tower,0,8,11,0,19,0,20,4,0,24,0,28,15,0,43,58,0,58,101
07/20/2014,BKL,OH,AGL,CE,Federal Contract Tower,0,6,12,0,18,0,15,38,0,53,0,21,50,0,71,98,0,98,169
07/21/2014,BKL,OH,AGL,CE,Federal Contract Tower,0,3,15,2,20,0,34,68,0,102,0,37,83,2,122,140,0,140,262
07/22/2014,BKL,OH,AGL,CE,Federal Contract Tower,0,6,22,1,29,0,27,52,4,83,0,33,74,5,112,96,12,108,220
07/23/2014,BKL,OH,AGL,CE,Federal Contract Tower,0,14,20,0,34,0,18,31,1,50,0,32,51,1,84,166,0,166,250
07/24/2014,BKL,OH,AGL,CE,Federal Contract Tower,0,7,23,0,30,0,27,44,0,71,0,34,67,0,101,148,0,148,249
07/25/2014,BKL,OH,AGL,CE,Federal Contract Tower,0,14,32,0,46,0,37,129,0,166,0,51,161,0,212,226,0,226,438
07/26/2014,BKL,OH,AGL,CE,Federal Contract Tower,0,8,9,22,39,0,32,41,0,73,0,40,50,22,112,150,0,150,262
07/27/2014,BKL,OH,AGL,CE,Federal Contract Tower,0,4,4,0,8,0,29,19,0,48,0,33,23,0,56,68,0,68,124
07/28/2014,BKL,OH,AGL,CE,Federal Contract Tower,0,8,22,0,30,0,35,22,0,57,0,43,44,0,87,28,0,28,115
07/29/2014,BKL,OH,AGL,CE,Federal Contract Tower,0,12,9,0,21,0,59,47,0,106,0,71,56,0,127,106,0,106,233
07/30/2014,BKL,OH,AGL,CE,Federal Contract Tower,0,21,20,0,41,0,31,34,0,65,0,52,54,0,106,18,0,18,124
07/31/2014,BKL,OH,AGL,CE,Federal Contract Tower,0,13,16,0,29,0,22,60,1,83,0,35,76,1,112,132,0,132,244
08/01/2014,BKL,OH,AGL,CE,Federal Contract Tower,1,16,17,2,36,0,29,59,0,88,1,45,76,2,124,170,0,170,294
08/02/2014,BKL,OH,AGL,CE,Federal Contract Tower,0,13,15,2,30,0,19,27,0,46,0,32,42,2,76,64,0,64,140
08/03/2014,BKL,OH,AGL,CE,Federal Contract Tower,0,8,14,1,23,0,12,42,0,54,0,20,56,1,77,46,0,46,123
08/04/2014,BKL,OH,AGL,CE,Federal Contract Tower,0,14,10,4,28,0,28,48,0,76,0,42,58,4,104,158,0,158,262
08/05/2014,BKL,OH,AGL,CE,Federal Contract Tower,0,18,16,0,34,0,53,41,0,94,0,71,57,0,128,96,0,96,224
08/06/2014,BKL,OH,AGL,CE,Federal Contract Tower,2,23,17,0,42,0,34,49,1,84,2,57,66,1,126,102,0,102,228
08/07/2014,BKL,OH,AGL,CE,Federal Contract Tower,0,9,25,2,36,0,64,77,2,143,0,73,102,4,179,212,0,212,391
08/08/2014,BKL,OH,AGL,CE,Federal Contract Tower,0,16,15,0,31,0,47,52,2,101,0,63,67,2,132,130,0,130,262
08/09/2014,BKL,OH,AGL,CE,Federal Contract Tower,0,7,22,0,29,0,36,104,0,140,0,43,126,0,169,204,0,204,373
08/10/2014,BKL,OH,AGL,CE,Federal Contract Tower,0,11,21,1,33,0,32,63,2,97,0,43,84,3,130,44,0,44,174
08/11/2014,BKL,OH,AGL,CE,Federal Contract Tower,0,16,13,0,29,0,17,16,0,33,0,33,29,0,62,2,0,2,64
08/12/2014,BKL,OH,AGL,CE,Federal Contract Tower,0,16,4,0,20,0,36,16,0,52,0,52,20,0,72,16,0,16,88
08/13/2014,BKL,OH,AGL,CE,Federal Contract Tower,0,16,25,1,42,0,29,33,3,65,0,45,58,4,107,82,0,82,189
08/14/2014,BKL,OH,AGL,CE,Federal Contract Tower,4,19,24,0,47,0,65,86,0,151,4,84,110,0,198,194,0,194,392
08/15/2014,BKL,OH,AGL,CE,Federal Contract Tower,0,8,12,2,22,0,47,97,0,144,0,55,109,2,166,228,0,228,394
08/16/2014,BKL,OH,AGL,CE,Federal Contract Tower,0,5,8,1,14,0,36,50,0,86,0,41,58,1,100,58,0,58,158
08/17/2014,BKL,OH,AGL,CE,Federal Contract Tower,2,4,13,0,19,0,30,40,0,70,2,34,53,0,89,16,0,16,105
08/18/2014,BKL,OH,AGL,CE,Federal Contract Tower,0,12,21,1,34,0,13,49,0,62,0,25,70,1,96,126,0,126,222
08/19/2014,BKL,OH,AGL,CE,Federal Contract Tower,0,12,21,0,33,0,45,39,0,84,0,57,60,0,117,80,0,80,197
08/20/2014,BKL,OH,AGL,CE,Federal Contract Tower,0,15,22,2,39,0,24,12,2,38,0,39,34,4,77,10,16,26,103
08/21/2014,BKL,OH,AGL,CE,Federal Contract Tower,0,7,23,0,30,0,24,26,0,50,0,31,49,0,80,118,0,118,198
08/22/2014,BKL,OH,AGL,CE,Federal Contract Tower,0,13,19,2,34,0,16,35,0,51,0,29,54,2,85,88,0,88,173
08/23/2014,BKL,OH,AGL,CE,Federal Contract Tower,0,4,16,1,21,0,34,54,0,88,0,38,70,1,109,56,0,56,165
08/24/2014,BKL,OH,AGL,CE,Federal Contract Tower,0,5,36,0,41,0,31,45,0,76,0,36,81,0,117,4,0,4,121
08/25/2014,BKL,OH,AGL,CE,Federal Contract Tower,0,4,8,0,12,0,29,43,6,78,0,33,51,6,90,38,0,38,128
08/26/2014,BKL,OH,AGL,CE,Federal Contract Tower,0,8,15,0,23,0,13,54,2,69,0,21,69,2,92,52,2,54,146
08/27/2014,BKL,OH,AGL,CE,Federal Contract Tower,0,25,20,14,59,0,20,44,3,67,0,45,64,17,126,12,0,12,138
08/28/2014,BKL,OH,AGL,CE,Federal Contract Tower,0,20,17,1,38,0,54,44,30,128,0,74,61,31,166,2,0,2,168
08/29/2014,BKL,OH,AGL,CE,Federal Contract Tower,0,7,5,2,14,0,56,39,0,95,0,63,44,2,109,4,0,4,113
08/30/2014,BKL,OH,AGL,CE,Federal Contract Tower,0,5,0,3,8,0,1,10,0,11,0,6,10,3,19,6,0,6,25
08/31/2014,BKL,OH,AGL,CE,Federal Contract Tower,0,1,0,1,2,0,6,0,0,6,0,7,0,1,8,0,0,0,8
09/01/2014,BKL,OH,AGL,CE,Federal Contract Tower,3,9,2,4,18,0,11,28,0,39,3,20,30,4,57,0,0,0,57
09/02/2014,BKL,OH,AGL,CE,Federal Contract Tower,0,13,25,4,42,0,24,42,0,66,0,37,67,4,108,64,0,64,172
09/03/2014,BKL,OH,AGL,CE,Federal Contract Tower,0,22,30,1,53,0,20,46,0,66,0,42,76,1,119,110,0,110,229
09/04/2014,BKL,OH,AGL,CE,Federal Contract Tower,2,12,29,1,44,0,29,73,0,102,2,41,102,1,146,122,0,122,268
09/05/2014,BKL,OH,AGL,CE,Federal Contract Tower,1,21,18,2,42,0,22,46,0,68,1,43,64,2,110,62,0,62,172
09/06/2014,BKL,OH,AGL,CE,Federal Contract Tower,0,3,15,0,18,0,4,4,0,8,0,7,19,0,26,0,0,0,26
09/07/2014,BKL,OH,AGL,CE,Federal Contract Tower,2,7,13,0,22,0,7,34,0,41,2,14,47,0,63,50,0,50,113
09/08/2014,BKL,OH,AGL,CE,Federal Contract Tower,2,11,17,2,32,0,34,31,0,65,2,45,48,2,97,72,0,72,169
09/09/2014,BKL,OH,AGL,CE,Federal Contract Tower,0,14,19,0,33,0,29,34,4,67,0,43,53,4,100,70,0,70,170
09/10/2014,BKL,OH,AGL,CE,Federal Contract Tower,0,10,22,0,32,0,52,10,0,62,0,62,32,0,94,14,0,14,108
09/11/2014,BKL,OH,AGL,CE,Federal Contract Tower,2,8,36,1,47,0,38,11,0,49,2,46,47,1,96,0,0,0,96
09/12/2014,BKL,OH,AGL,CE,Federal Contract Tower,0,10,30,0,40,0,20,22,3,45,0,30,52,3,85,40,0,40,125
09/13/2014,BKL,OH,AGL,CE,Federal Contract Tower,0,4,13,0,17,0,8,25,0,33,0,12,38,0,50,20,0,20,70
09/14/2014,BKL,OH,AGL,CE,Federal Contract Tower,0,18,20,0,38,0,19,68,0,87,0,37,88,0,125,102,0,102,227
09/15/2014,BKL,OH,AGL,CE,Federal Contract Tower,0,22,26,0,48,0,21,40,0,61,0,43,66,0,109,68,0,68,177
09/16/2014,BKL,OH,AGL,CE,Federal Contract Tower,0,11,21,1,33,0,30,29,0,59,0,41,50,1,92,72,0,72,164
09/17/2014,BKL,OH,AGL,CE,Federal Contract Tower,0,20,25,0,45,0,35,52,1,88,0,55,77,1,133,96,0,96,229
09/18/2014,BKL,OH,AGL,CE,Federal Contract Tower,0,18,31,0,49,0,36,53,0,89,0,54,84,0,138,64,0,64,202
09/19/2014,BKL,OH,AGL,CE,Federal Contract Tower,0,18,25,2,45,0,28,73,0,101,0,46,98,2,146,166,0,166,312
09/20/2014,BKL,OH,AGL,CE,Federal Contract Tower,0,9,21,1,31,0,8,31,1,40,0,17,52,2,71,52,0,52,123
09/21/2014,BKL,OH,AGL,CE,Federal Contract Tower,0,11,23,2,36,0,19,26,0,45,0,30,49,2,81,52,0,52,133
09/22/2014,BKL,OH,AGL,CE,Federal Contract Tower,0,12,30,1,43,0,34,21,4,59,0,46,51,5,102,82,0,82,184
09/23/2014,BKL,OH,AGL,CE,Federal Contract Tower,0,17,33,1,51,0,21,52,0,73,0,38,85,1,124,88,0,88,212
09/24/2014,BKL,OH,AGL,CE,Federal Contract Tower,0,11,28,2,41,0,49,80,0,129,0,60,108,2,170,98,0,98,268
09/25/2014,BKL,OH,AGL,CE,Federal Contract Tower,0,20,33,0,53,0,46,58,0,104,0,66,91,0,157,174,0,174,331
09/26/2014,BKL,OH,AGL,CE,Federal Contract Tower,2,17,17,2,38,0,19,69,0,88,2,36,86,2,126,106,0,106,232
09/27/2014,BKL,OH,AGL,CE,Federal Contract Tower,0,10,32,1,43,0,16,55,0,71,0,26,87,1,114,74,0,74,188
09/28/2014,BKL,OH,AGL,CE,Federal Contract Tower,2,10,11,6,29,0,11,72,0,83,2,21,83,6,112,26,0,26,138
09/29/2014,BKL,OH,AGL,CE,Federal Contract Tower,0,15,26,1,42,0,28,25,0,53,0,43,51,1,95,80,0,80,175
09/30/2014,BKL,OH,AGL,CE,Federal Contract Tower,0,26,33,0,59,0,26,9,0,35,0,52,42,0,94,8,0,8,102
10/01/2014,BKL,OH,AGL,CE,Federal Contract Tower,0,14,17,2,33,0,13,20,0,33,0,27,37,2,66,32,0,32,98
10/02/2014,BKL,OH,AGL,CE,Federal Contract Tower,0,18,19,0,37,0,24,76,0,100,0,42,95,0,137,102,0,102,239
10/03/2014,BKL,OH,AGL,CE,Federal Contract Tower,0,12,12,0,24,0,13,4,0,17,0,25,16,0,41,6,0,6,47
10/04/2014,BKL,OH,AGL,CE,Federal Contract Tower,0,8,2,0,10,0,17,7,0,24,0,25,9,0,34,12,0,12,46
10/05/2014,BKL,OH,AGL,CE,Federal Contract Tower,0,11,11,0,22,0,25,26,0,51,0,36,37,0,73,18,0,18,91
10/06/2014,BKL,OH,AGL,CE,Federal Contract Tower,0,15,29,0,44,0,49,23,0,72,0,64,52,0,116,8,0,8,124
10/07/2014,BKL,OH,AGL,CE,Federal Contract Tower,0,16,27,2,45,0,37,13,0,50,0,53,40,2,95,22,0,22,117
10/08/2014,BKL,OH,AGL,CE,Federal Contract Tower,0,11,9,3,23,0,20,32,0,52,0,31,41,3,75,16,0,16,91
10/09/2014,BKL,OH,AGL,CE,Federal Contract Tower,0,17,11,0,28,0,35,60,0,95,0,52,71,0,123,78,0,78,201
10/10/2014,BKL,OH,AGL,CE,Federal Contract Tower,0,15,29,0,44,0,31,33,0,64,0,46,62,0,108,138,0,138,246
10/11/2014,BKL,OH,AGL,CE,Federal Contract Tower,5,12,0,0,17,0,33,56,0,89,5,45,56,0,106,106,0,106,212
10/12/2014,BKL,OH,AGL,CE,Federal Contract Tower,0,15,24,0,39,0,37,75,0,112,0,52,99,0,151,34,0,34,185
10/13/2014,BKL,OH,AGL,CE,Federal Contract Tower,1,10,32,0,43,0,48,24,0,72,1,58,56,0,115,30,0,30,145
10/14/2014,BKL,OH,AGL,CE,Federal Contract Tower,0,7,23,0,30,0,17,9,0,26,0,24,32,0,56,14,0,14,70
10/15/2014,BKL,OH,AGL,CE,Federal Contract Tower,0,11,27,0,38,0,23,50,0,73,0,34,77,0,111,70,0,70,181
10/16/2014,BKL,OH,AGL,CE,Federal Contract Tower,0,8,19,0,27,0,19,28,0,47,0,27,47,0,74,14,0,14,88
10/17/2014,BKL,OH,AGL,CE,Federal Contract Tower,0,7,26,3,36,0,61,35,0,96,0,68,61,3,132,18,0,18,150
10/18/2014,BKL,OH,AGL,CE,Federal Contract Tower,2,8,9,0,19,0,19,16,0,35,2,27,25,0,54,10,0,10,64
10/19/2014,BKL,OH,AGL,CE,Federal Contract Tower,0,3,20,0,23,0,17,47,0,64,0,20,67,0,87,56,0,56,143
10/20/2014,BKL,OH,AGL,CE,Federal Contract Tower,0,17,18,0,35,0,20,15,0,35,0,37,33,0,70,0,0,0,70
10/21/2014,BKL,OH,AGL,CE,Federal Contract Tower,0,24,18,2,44,0,7,4,0,11,0,31,22,2,55,0,0,0,55
10/22/2014,BKL,OH,AGL,CE,Federal Contract Tower,0,8,23,0,31,0,24,33,0,57,0,32,56,0,88,28,0,28,116
10/23/2014,BKL,OH,AGL,CE,Federal Contract Tower,0,24,14,0,38,0,26,55,0,81,0,50,69,0,119,80,0,80,199
10/24/2014,BKL,OH,AGL,CE,Federal Contract Tower,0,10,22,2,34,0,47,54,0,101,0,57,76,2,135,138,0,138,273
10/25/2014,BKL,OH,AGL,CE,Federal Contract Tower,0,6,6,0,12,0,38,39,0,77,0,44,45,0,89,68,0,68,157
10/26/2014,BKL,OH,AGL,CE,Federal Contract Tower,0,7,14,0,21,0,53,52,0,105,0,60,66,0,126,8,0,8,134
10/27/2014,BKL,OH,AGL,CE,Federal Contract Tower,0,15,15,0,30,0,58,43,0,101,0,73,58,0,131,48,0,48,179
10/28/2014,BKL,OH,AGL,CE,Federal Contract Tower,0,14,17,0,31,0,38,8,0,46,0,52,25,0,77,16,0,16,93
10/29/2014,BKL,OH,AGL,CE,Federal Contract Tower,0,25,39,0,64,0,43,35,0,78,0,68,74,0,142,90,0,90,232
10/30/2014,BKL,OH,AGL,CE,Federal Contract Tower,0,13,11,1,25,0,55,81,1,137,0,68,92,2,162,96,0,96,258
10/31/2014,BKL,OH,AGL,CE,Federal Contract Tower,0,29,29,0,58,0,42,34,1,77,0,71,63,1,135,12,0,12,147
11/01/2014,BKL,OH,AGL,CE,Federal Contract Tower,0,7,8,0,15,0,3,0,0,3,0,10,8,0,18,0,0,0,18
11/02/2014,BKL,OH,AGL,CE,Federal Contract Tower,0,12,27,2,41,0,11,50,0,61,0,23,77,2,102,28,0,28,130
11/03/2014,BKL,OH,AGL,CE,Federal Contract Tower,0,6,19,2,27,0,20,21,2,43,0,26,40,4,70,54,0,54,124
11/04/2014,BKL,OH,AGL,CE,Federal Contract Tower,0,14,21,0,35,0,40,17,0,57,0,54,38,0,92,12,0,12,104
11/05/2014,BKL,OH,AGL,CE,Federal Contract Tower,0,14,16,2,32,0,8,43,0,51,0,22,59,2,83,78,0,78,161
11/06/2014,BKL,OH,AGL,CE,Federal Contract Tower,0,11,14,0,25,0,11,6,0,17,0,22,20,0,42,0,0,0,42
11/07/2014,BKL,OH,AGL,CE,Federal Contract Tower,0,9,8,0,17,0,15,8,0,23,0,24,16,0,40,10,0,10,50
11/08/2014,BKL,OH,AGL,CE,Federal Contract Tower,0,7,3,0,10,0,16,2,0,18,0,23,5,0,28,0,0,0,28
11/09/2014,BKL,OH,AGL,CE,Federal Contract Tower,0,5,19,0,24,0,5,32,0,37,0,10,51,0,61,18,0,18,79
11/10/2014,BKL,OH,AGL,CE,Federal Contract Tower,0,5,17,4,26,0,14,56,0,70,0,19,73,4,96,18,6,24,120
11/11/2014,BKL,OH,AGL,CE,Federal Contract Tower,0,24,19,0,43,0,59,43,0,102,0,83,62,0,145,28,0,28,173
11/12/2014,BKL,OH,AGL,CE,Federal Contract Tower,0,19,24,0,43,0,18,24,1,43,0,37,48,1,86,34,0,34,120
11/13/2014,BKL,OH,AGL,CE,Federal Contract Tower,0,17,10,1,28,0,29,6,0,35,0,46,16,1,63,0,0,0,63
11/14/2014,BKL,OH,AGL,CE,Federal Contract Tower,0,5,2,2,9,0,2,3,0,5,0,7,5,2,14,0,0,0,14
11/15/2014,BKL,OH,AGL,CE,Federal Contract Tower,0,14,19,2,35,0,28,44,0,72,0,42,63,2,107,110,0,110,217
11/16/2014,BKL,OH,AGL,CE,Federal Contract Tower,0,16,15,0,31,0,18,28,0,46,0,34,43,0,77,14,0,14,91
11/17/2014,BKL,OH,AGL,CE,Federal Contract Tower,0,12,20,0,32,0,3,1,0,4,0,15,21,0,36,0,0,0,36
11/18/2014,BKL,OH,AGL,CE,Federal Contract Tower,0,13,21,0,34,0,28,10,0,38,0,41,31,0,72,0,0,0,72
11/19/2014,BKL,OH,AGL,CE,Federal Contract Tower,0,13,18,0,31,0,20,1,0,21,0,33,19,0,52,0,0,0,52
11/20/2014,BKL,OH,AGL,CE,Federal Contract Tower,0,14,32,0,46,0,21,7,0,28,0,35,39,0,74,0,0,0,74
11/21/2014,BKL,OH,AGL,CE,Federal Contract Tower,0,13,15,0,28,0,7,6,0,13,0,20,21,0,41,26,0,26,67
11/22/2014,BKL,OH,AGL,CE,Federal Contract Tower,0,9,4,0,13,0,8,4,0,12,0,17,8,0,25,8,0,8,33
11/23/2014,BKL,OH,AGL,CE,Federal Contract Tower,0,9,9,0,18,0,10,16,0,26,0,19,25,0,44,26,0,26,70
11/24/2014,BKL,OH,AGL,CE,Federal Contract Tower,0,1,5,3,9,0,10,7,0,17,0,11,12,3,26,0,0,0,26
11/25/2014,BKL,OH,AGL,CE,Federal Contract Tower,0,10,10,0,20,0,20,15,0,35,0,30,25,0,55,0,0,0,55
11/26/2014,BKL,OH,AGL,CE,Federal Contract Tower,0,17,16,0,33,0,24,36,0,60,0,41,52,0,93,114,0,114,207
11/27/2014,BKL,OH,AGL,CE,Federal Contract Tower,0,10,5,0,15,0,17,0,0,17,0,27,5,0,32,10,0,10,42
11/28/2014,BKL,OH,AGL,CE,Federal Contract Tower,0,6,4,0,10,0,13,11,0,24,0,19,15,0,34,88,0,88,122
11/29/2014,BKL,OH,AGL,CE,Federal Contract Tower,0,8,7,0,15,0,16,16,0,32,0,24,23,0,47,32,0,32,79
11/30/2014,BKL,OH,AGL,CE,Federal Contract Tower,0,11,11,0,22,0,13,15,0,28,0,24,26,0,50,56,0,56,106
12/01/2014,BKL,OH,AGL,CE,Federal Contract Tower,1,9,14,0,24,0,24,2,0,26,1,33,16,0,50,0,0,0,50
12/02/2014,BKL,OH,AGL,CE,Federal Contract Tower,0,12,16,0,28,0,13,8,0,21,0,25,24,0,49,0,0,0,49
12/03/2014,BKL,OH,AGL,CE,Federal Contract Tower,1,13,17,3,34,0,28,20,0,48,1,41,37,3,82,52,0,52,134
12/04/2014,BKL,OH,AGL,CE,Federal Contract Tower,0,12,13,2,27,0,54,65,0,119,0,66,78,2,146,158,0,158,304
12/05/2014,BKL,OH,AGL,CE,Federal Contract Tower,0,9,10,0,19,0,25,22,0,47,0,34,32,0,66,52,0,52,118
12/06/2014,BKL,OH,AGL,CE,Federal Contract Tower,0,14,15,0,29,0,26,15,0,41,0,40,30,0,70,44,0,44,114
12/07/2014,BKL,OH,AGL,CE,Federal Contract Tower,0,19,24,0,43,0,19,60,0,79,0,38,84,0,122,48,0,48,170
12/08/2014,BKL,OH,AGL,CE,Federal Contract Tower,0,9,17,0,26,0,25,18,0,43,0,34,35,0,69,0,0,0,69
12/09/2014,BKL,OH,AGL,CE,Federal Contract Tower,0,18,21,4,43,0,4,3,0,7,0,22,24,4,50,12,0,12,62
12/10/2014,BKL,OH,AGL,CE,Federal Contract Tower,0,14,18,0,32,0,20,1,0,21,0,34,19,0,53,0,0,0,53
12/11/2014,BKL,OH,AGL,CE,Federal Contract Tower,0,23,19,0,42,0,40,20,0,60,0,63,39,0,102,0,0,0,102
12/12/2014,BKL,OH,AGL,CE,Federal Contract Tower,0,15,31,0,46,0,19,15,0,34,0,34,46,0,80,46,0,46,126
12/13/2014,BKL,OH,AGL,CE,Federal Contract Tower,2,7,9,0,18,0,0,0,0,0,2,7,9,0,18,0,0,0,18
12/14/2014,BKL,OH,AGL,CE,Federal Contract Tower,0,11,22,0,33,0,30,4,0,34,0,41,26,0,67,0,0,0,67
12/15/2014,BKL,OH,AGL,CE,Federal Contract Tower,0,5,29,0,34,0,5,17,0,22,0,10,46,0,56,142,0,142,198
12/16/2014,BKL,OH,AGL,CE,Federal Contract Tower,0,17,30,0,47,0,14,2,0,16,0,31,32,0,63,14,0,14,77
12/17/2014,BKL,OH,AGL,CE,Federal Contract Tower,0,13,19,0,32,0,21,11,0,32,0,34,30,0,64,12,0,12,76
12/18/2014,BKL,OH,AGL,CE,Federal Contract Tower,0,14,20,0,34,0,31,22,0,53,0,45,42,0,87,188,0,188,275
12/19/2014,BKL,OH,AGL,CE,Federal Contract Tower,0,15,15,0,30,0,22,18,0,40,0,37,33,0,70,106,0,106,176
12/20/2014,BKL,OH,AGL,CE,Federal Contract Tower,0,11,1,0,12,0,15,31,0,46,0,26,32,0,58,94,0,94,152
12/21/2014,BKL,OH,AGL,CE,Federal Contract Tower,0,8,17,0,25,0,38,33,2,73,0,46,50,2,98,68,0,68,166
12/22/2014,BKL,OH,AGL,CE,Federal Contract Tower,0,12,18,0,30,0,9,40,0,49,0,21,58,0,79,78,0,78,157
12/23/2014,BKL,OH,AGL,CE,Federal Contract Tower,0,12,9,0,21,0,4,6,0,10,0,16,15,0,31,36,0,36,67
12/24/2014,BKL,OH,AGL,CE,Federal Contract Tower,0,5,5,2,12,0,28,0,0,28,0,33,5,2,40,0,0,0,40
12/25/2014,BKL,OH,AGL,CE,Federal Contract Tower,0,5,1,0,6,0,11,2,3,16,0,16,3,3,22,12,0,12,34
12/26/2014,BKL,OH,AGL,CE,Federal Contract Tower,0,6,3,0,9,0,32,60,0,92,0,38,63,0,101,150,0,150,251
12/27/2014,BKL,OH,AGL,CE,Federal Contract Tower,0,20,4,0,24,0,34,50,0,84,0,54,54,0,108,88,0,88,196
12/28/2014,BKL,OH,AGL,CE,Federal Contract Tower,0,6,12,0,18,0,32,6,0,38,0,38,18,0,56,106,0,106,162
12/29/2014,BKL,OH,AGL,CE,Federal Contract Tower,0,7,8,0,15,0,10,17,0,27,0,17,25,0,42,106,0,106,148
12/30/2014,BKL,OH,AGL,CE,Federal Contract Tower,2,8,10,0,20,0,21,3,0,24,2,29,13,0,44,2,0,2,46
12/31/2014,BKL,OH,AGL,CE,Federal Contract Tower,1,12,2,0,15,0,24,14,0,38,1,36,16,0,53,74,0,74,127
01/01/2015,BKL,OH,AGL,CE,Federal Contract Tower,1,7,8,0,16,0,20,6,0,26,1,27,14,0,42,0,0,0,42
01/02/2015,BKL,OH,AGL,CE,Federal Contract Tower,0,1,3,0,4,0,18,34,0,52,0,19,37,0,56,122,0,122,178
01/03/2015,BKL,OH,AGL,CE,Federal Contract Tower,0,4,2,0,6,0,0,0,0,0,0,4,2,0,6,0,0,0,6
01/04/2015,BKL,OH,AGL,CE,Federal Contract Tower,0,4,9,0,13,0,8,3,0,11,0,12,12,0,24,0,0,0,24
01/05/2015,BKL,OH,AGL,CE,Federal Contract Tower,0,7,12,0,19,0,3,2,0,5,0,10,14,0,24,0,0,0,24
01/06/2015,BKL,OH,AGL,CE,Federal Contract Tower,0,9,6,0,15,0,24,8,0,32,0,33,14,0,47,24,0,24,71
01/07/2015,BKL,OH,AGL,CE,Federal Contract Tower,0,5,7,0,12,0,11,3,0,14,0,16,10,0,26,0,0,0,26
01/08/2015,BKL,OH,AGL,CE,Federal Contract Tower,0,14,11,0,25,0,9,12,0,21,0,23,23,0,46,70,0,70,116
01/09/2015,BKL,OH,AGL,CE,Federal Contract Tower,0,7,9,0,16,0,4,2,0,6,0,11,11,0,22,8,0,8,30
01/10/2015,BKL,OH,AGL,CE,Federal Contract Tower,0,6,5,0,11,0,18,12,1,31,0,24,17,1,42,26,0,26,68
01/11/2015,BKL,OH,AGL,CE,Federal Contract Tower,0,7,6,0,13,0,9,19,0,28,0,16,25,0,41,18,0,18,59
01/12/2015,BKL,OH,AGL,CE,Federal Contract Tower,0,5,10,0,15,0,4,0,0,4,0,9,10,0,19,0,0,0,19
01/13/2015,BKL,OH,AGL,CE,Federal Contract Tower,0,12,12,0,24,0,19,6,0,25,0,31,18,0,49,24,0,24,73
01/14/2015,BKL,OH,AGL,CE,Federal Contract Tower,0,8,39,0,47,0,45,5,0,50,0,53,44,0,97,0,0,0,97
01/15/2015,BKL,OH,AGL,CE,Federal Contract Tower,0,21,30,0,51,0,26,35,0,61,0,47,65,0,112,52,0,52,164
01/16/2015,BKL,OH,AGL,CE,Federal Contract Tower,0,10,10,0,20,0,29,12,0,41,0,39,22,0,61,18,0,18,79
01/17/2015,BKL,OH,AGL,CE,Federal Contract Tower,0,6,8,0,14,0,10,12,0,22,0,16,20,0,36,0,0,0,36
01/18/2015,BKL,OH,AGL,CE,Federal Contract Tower,2,7,4,0,13,0,7,0,0,7,2,14,4,0,20,14,0,14,34
01/19/2015,BKL,OH,AGL,CE,Federal Contract Tower,0,8,14,0,22,0,8,19,0,27,0,16,33,0,49,102,0,102,151
01/20/2015,BKL,OH,AGL,CE,Federal Contract Tower,0,21,15,0,36,0,14,6,0,20,0,35,21,0,56,0,0,0,56
01/21/2015,BKL,OH,AGL,CE,Federal Contract Tower,0,7,9,0,16,0,3,0,0,3,0,10,9,0,19,0,0,0,19
01/22/2015,BKL,OH,AGL,CE,Federal Contract Tower,0,12,15,0,27,0,2,1,0,3,0,14,16,0,30,0,0,0,30
01/23/2015,BKL,OH,AGL,CE,Federal Contract Tower,0,9,12,0,21,0,26,21,0,47,0,35,33,0,68,54,0,54,122
01/24/2015,BKL,OH,AGL,CE,Federal Contract Tower,0,3,7,0,10,0,5,9,0,14,0,8,16,0,24,22,0,22,46
01/25/2015,BKL,OH,AGL,CE,Federal Contract Tower,0,5,5,0,10,0,1,0,0,1,0,6,5,0,11,0,0,0,11
01/26/2015,BKL,OH,AGL,CE,Federal Contract Tower,0,7,5,0,12,0,3,0,0,3,0,10,5,0,15,0,0,0,15
01/27/2015,BKL,OH,AGL,CE,Federal Contract Tower,0,7,12,0,19,0,13,20,0,33,0,20,32,0,52,40,0,40,92
01/28/2015,BKL,OH,AGL,CE,Federal Contract Tower,0,16,10,0,26,0,41,48,0,89,0,57,58,0,115,90,0,90,205
01/29/2015,BKL,OH,AGL,CE,Federal Contract Tower,0,9,5,0,14,0,13,4,0,17,0,22,9,0,31,2,0,2,33
01/30/2015,BKL,OH,AGL,CE,Federal Contract Tower,0,9,14,0,23,0,3,3,0,6,0,12,17,0,29,0,0,0,29
01/31/2015,BKL,OH,AGL,CE,Federal Contract Tower,0,3,17,0,20,0,8,49,0,57,0,11,66,0,77,138,0,138,215
02/01/2015,BKL,OH,AGL,CE,Federal Contract Tower,0,3,2,0,5,0,3,3,0,6,0,6,5,0,11,0,0,0,11
02/02/2015,BKL,OH,AGL,CE,Federal Contract Tower,0,2,7,0,9,0,0,0,0,0,0,2,7,0,9,0,0,0,9
02/03/2015,BKL,OH,AGL,CE,Federal Contract Tower,0,19,12,0,31,0,24,18,2,44,0,43,30,2,75,66,0,66,141
02/04/2015,BKL,OH,AGL,CE,Federal Contract Tower,0,5,8,2,15,0,1,3,2,6,0,6,11,4,21,0,0,0,21
02/05/2015,BKL,OH,AGL,CE,Federal Contract Tower,0,6,10,0,16,0,9,14,0,23,0,15,24,0,39,16,0,16,55
02/06/2015,BKL,OH,AGL,CE,Federal Contract Tower,0,9,12,0,21,0,12,11,1,24,0,21,23,1,45,26,0,26,71
02/07/2015,BKL,OH,AGL,CE,Federal Contract Tower,0,7,10,0,17,0,26,23,0,49,0,33,33,0,66,20,0,20,86
02/08/2015,BKL,OH,AGL,CE,Federal Contract Tower,0,5,7,0,12,0,10,11,4,25,0,15,18,4,37,32,0,32,69
02/09/2015,BKL,OH,AGL,CE,Federal Contract Tower,0,6,14,0,20,0,5,3,0,8,0,11,17,0,28,2,0,2,30
02/10/2015,BKL,OH,AGL,CE,Federal Contract Tower,0,9,16,0,25,0,16,11,0,27,0,25,27,0,52,0,0,0,52
02/11/2015,BKL,OH,AGL,CE,Federal Contract Tower,1,8,11,0,20,0,22,15,0,37,1,30,26,0,57,50,0,50,107
02/12/2015,BKL,OH,AGL,CE,Federal Contract Tower,1,8,10,0,19,0,1,3,0,4,1,9,13,0,23,0,0,0,23
02/13/2015,BKL,OH,AGL,CE,Federal Contract Tower,0,12,6,0,18,0,15,13,0,28,0,27,19,0,46,38,0,38,84
02/14/2015,BKL,OH,AGL,CE,Federal Contract Tower,0,8,0,0,8,0,1,0,0,1,0,9,0,0,9,0,0,0,9
02/15/2015,BKL,OH,AGL,CE,Federal Contract Tower,0,8,2,0,10,0,8,0,0,8,0,16,2,0,18,0,0,0,18
02/16/2015,BKL,OH,AGL,CE,Federal Contract Tower,0,1,4,0,5,0,5,0,2,7,0,6,4,2,12,0,0,0,12
02/17/2015,BKL,OH,AGL,CE,Federal Contract Tower,0,16,11,0,27,0,26,20,3,49,0,42,31,3,76,78,0,78,154
02/18/2015,BKL,OH,AGL,CE,Federal Contract Tower,0,12,16,0,28,0,4,2,0,6,0,16,18,0,34,0,0,0,34
02/19/2015,BKL,OH,AGL,CE,Federal Contract Tower,0,13,18,0,31,0,8,2,1,11,0,21,20,1,42,0,0,0,42
02/20/2015,BKL,OH,AGL,CE,Federal Contract Tower,0,7,16,0,23,0,25,9,1,35,0,32,25,1,58,0,0,0,58
02/21/2015,BKL,OH,AGL,CE,Federal Contract Tower,0,7,5,0,12,0,8,2,0,10,0,15,7,0,22,0,0,0,22
02/22/2015,BKL,OH,AGL,CE,Federal Contract Tower,0,5,2,0,7,0,8,0,2,10,0,13,2,2,17,2,0,2,19
02/23/2015,BKL,OH,AGL,CE,Federal Contract Tower,0,6,14,0,20,0,30,6,0,36,0,36,20,0,56,0,0,0,56
02/24/2015,BKL,OH,AGL,CE,Federal Contract Tower,0,7,21,0,28,0,19,8,0,27,0,26,29,0,55,0,0,0,55
02/25/2015,BKL,OH,AGL,CE,Federal Contract Tower,0,13,13,0,26,0,14,13,2,29,0,27,26,2,55,16,0,16,71
02/26/2015,BKL,OH,AGL,CE,Federal Contract Tower,0,18,33,0,51,0,7,1,0,8,0,25,34,0,59,8,0,8,67
02/27/2015,BKL,OH,AGL,CE,Federal Contract Tower,0,11,18,0,29,0,28,22,3,53,0,39,40,3,82,32,0,32,114
02/28/2015,BKL,OH,AGL,CE,Federal Contract Tower,0,5,13,0,18,0,21,26,3,50,0,26,39,3,68,50,0,50,118
03/01/2015,BKL,OH,AGL,CE,Federal Contract Tower,0,0,2,0,2,0,0,0,0,0,0,0,2,0,2,0,0,0,2
03/02/2015,BKL,OH,AGL,CE,Federal Contract Tower,0,6,3,0,9,0,6,4,0,10,0,12,7,0,19,0,0,0,19
03/03/2015,BKL,OH,AGL,CE,Federal Contract Tower,1,7,6,0,14,0,30,1,0,31,1,37,7,0,45,0,0,0,45
03/04/2015,BKL,OH,AGL,CE,Federal Contract Tower,0,8,17,0,25,0,25,12,0,37,0,33,29,0,62,22,0,22,84
03/05/2015,BKL,OH,AGL,CE,Federal Contract Tower,0,9,14,0,23,0,23,11,0,34,0,32,25,0,57,6,0,6,63
03/06/2015,BKL,OH,AGL,CE,Federal Contract Tower,0,12,14,0,26,0,37,23,0,60,0,49,37,0,86,64,0,64,150
03/07/2015,BKL,OH,AGL,CE,Federal Contract Tower,0,11,10,0,21,0,23,23,0,46,0,34,33,0,67,112,0,112,179
03/08/2015,BKL,OH,AGL,CE,Federal Contract Tower,0,5,7,0,12,0,16,25,0,41,0,21,32,0,53,74,0,74,127
03/09/2015,BKL,OH,AGL,CE,Federal Contract Tower,0,5,14,0,19,0,27,28,0,55,0,32,42,0,74,62,0,62,136
03/10/2015,BKL,OH,AGL,CE,Federal Contract Tower,0,18,17,0,35,0,31,26,0,57,0,49,43,0,92,40,0,40,132
03/11/2015,BKL,OH,AGL,CE,Federal Contract Tower,0,7,3,0,10,0,4,2,0,6,0,11,5,0,16,0,0,0,16
03/12/2015,BKL,OH,AGL,CE,Federal Contract Tower,0,18,14,0,32,0,44,61,0,105,0,62,75,0,137,86,0,86,223
03/13/2015,BKL,OH,AGL,CE,Federal Contract Tower,0,14,17,6,37,0,38,29,0,67,0,52,46,6,104,40,0,40,144
03/14/2015,BKL,OH,AGL,CE,Federal Contract Tower,0,10,13,1,24,0,4,6,3,13,0,14,19,4,37,0,0,0,37
03/15/2015,BKL,OH,AGL,CE,Federal Contract Tower,0,3,8,0,11,0,9,25,0,34,0,12,33,0,45,130,0,130,175
03/16/2015,BKL,OH,AGL,CE,Federal Contract Tower,0,9,17,0,26,0,20,24,1,45,0,29,41,1,71,12,0,12,83
03/17/2015,BKL,OH,AGL,CE,Federal Contract Tower,0,13,10,0,23,0,20,17,0,37,0,33,27,0,60,10,0,10,70
03/18/2015,BKL,OH,AGL,CE,Federal Contract Tower,0,14,18,1,33,0,32,19,5,56,0,46,37,6,89,8,0,8,97
03/19/2015,BKL,OH,AGL,CE,Federal Contract Tower,0,17,14,1,32,0,47,35,0,82,0,64,49,1,114,80,0,80,194
03/20/2015,BKL,OH,AGL,CE,Federal Contract Tower,0,13,22,0,35,0,18,19,0,37,0,31,41,0,72,48,0,48,120
03/21/2015,BKL,OH,AGL,CE,Federal Contract Tower,0,8,5,0,13,0,12,13,0,25,0,20,18,0,38,54,0,54,92
03/22/2015,BKL,OH,AGL,CE,Federal Contract Tower,0,10,10,0,20,0,12,45,0,57,0,22,55,0,77,54,0,54,131
03/23/2015,BKL,OH,AGL,CE,Federal Contract Tower,0,5,10,0,15,0,10,29,0,39,0,15,39,0,54,26,0,26,80
03/24/2015,BKL,OH,AGL,CE,Federal Contract Tower,0,8,15,0,23,0,26,41,2,69,0,34,56,2,92,156,6,162,254
03/25/2015,BKL,OH,AGL,CE,Federal Contract Tower,0,18,21,0,39,0,30,7,0,37,0,48,28,0,76,10,0,10,86
03/26/2015,BKL,OH,AGL,CE,Federal Contract Tower,0,23,37,0,60,0,4,2,0,6,0,27,39,0,66,0,0,0,66
03/27/2015,BKL,OH,AGL,CE,Federal Contract Tower,0,20,30,0,50,0,37,2,0,39,0,57,32,0,89,2,0,2,91
03/28/2015,BKL,OH,AGL,CE,Federal Contract Tower,0,21,31,0,52,0,47,40,0,87,0,68,71,0,139,110,0,110,249
03/29/2015,BKL,OH,AGL,CE,Federal Contract Tower,0,14,18,0,32,0,21,25,0,46,0,35,43,0,78,140,0,140,218
03/30/2015,BKL,OH,AGL,CE,Federal Contract Tower,0,12,23,3,38,0,41,19,0,60,0,53,42,3,98,28,0,28,126
03/31/2015,BKL,OH,AGL,CE,Federal Contract Tower,0,23,17,0,40,0,54,33,0,87,0,77,50,0,127,40,0,40,167
04/01/2015,BKL,OH,AGL,CE,Federal Contract Tower,1,9,19,0,29,0,40,42,0,82,1,49,61,0,111,180,0,180,291
04/02/2015,BKL,OH,AGL,CE,Federal Contract Tower,0,14,24,0,38,0,17,11,0,28,0,31,35,0,66,20,0,20,86
04/03/2015,BKL,OH,AGL,CE,Federal Contract Tower,0,20,13,1,34,0,7,6,3,16,0,27,19,4,50,30,0,30,80
04/04/2015,BKL,OH,AGL,CE,Federal Contract Tower,2,10,10,0,22,0,17,30,4,51,2,27,40,4,73,54,0,54,127
04/05/2015,BKL,OH,AGL,CE,Federal Contract Tower,2,11,5,0,18,0,20,34,0,54,2,31,39,0,72,20,0,20,92
04/07/2015,BKL,OH,AGL,CE,Federal Contract Tower,0,7,18,0,25,0,11,0,0,11,0,18,18,0,36,0,0,0,36
04/08/2015,BKL,OH,AGL,CE,Federal Contract Tower,0,17,12,0,29,0,1,0,0,1,0,18,12,0,30,0,0,0,30
04/09/2015,BKL,OH,AGL,CE,Federal Contract Tower,0,11,21,0,32,0,7,0,0,7,0,18,21,0,39,0,0,0,39
04/10/2015,BKL,OH,AGL,CE,Federal Contract Tower,0,16,10,0,26,0,19,3,0,22,0,35,13,0,48,8,0,8,56
04/11/2015,BKL,OH,AGL,CE,Federal Contract Tower,0,8,7,0,15,0,15,66,0,81,0,23,73,0,96,76,0,76,172
04/12/2015,BKL,OH,AGL,CE,Federal Contract Tower,0,4,11,0,15,0,26,85,0,111,0,30,96,0,126,58,0,58,184
04/13/2015,BKL,OH,AGL,CE,Federal Contract Tower,0,7,18,0,25,0,21,14,0,35,0,28,32,0,60,0,0,0,60
04/14/2015,BKL,OH,AGL,CE,Federal Contract Tower,2,18,17,7,44,0,25,36,0,61,2,43,53,7,105,152,0,152,257
04/15/2015,BKL,OH,AGL,CE,Federal Contract Tower,2,14,34,0,50,0,27,42,0,69,2,41,76,0,119,12,0,12,131
04/16/2015,BKL,OH,AGL,CE,Federal Contract Tower,0,17,30,0,47,0,25,6,0,31,0,42,36,0,78,0,0,0,78
04/17/2015,BKL,OH,AGL,CE,Federal Contract Tower,0,29,14,0,43,0,15,3,0,18,0,44,17,0,61,44,0,44,105
04/18/2015,BKL,OH,AGL,CE,Federal Contract Tower,1,16,9,0,26,0,17,37,6,60,1,33,46,6,86,48,0,48,134
04/19/2015,BKL,OH,AGL,CE,Federal Contract Tower,0,27,20,0,47,0,30,32,0,62,0,57,52,0,109,32,0,32,141
04/20/2015,BKL,OH,AGL,CE,Federal Contract Tower,0,6,17,0,23,0,11,9,0,20,0,17,26,0,43,0,0,0,43
04/21/2015,BKL,OH,AGL,CE,Federal Contract Tower,0,13,34,0,47,0,28,18,2,48,0,41,52,2,95,2,0,2,97
04/22/2015,BKL,OH,AGL,CE,Federal Contract Tower,1,18,24,0,43,0,31,6,1,38,1,49,30,1,81,0,0,0,81
04/23/2015,BKL,OH,AGL,CE,Federal Contract Tower,0,17,17,0,34,0,33,11,0,44,0,50,28,0,78,10,0,10,88
04/24/2015,BKL,OH,AGL,CE,Federal Contract Tower,0,18,15,2,35,0,14,40,0,54,0,32,55,2,89,76,0,76,165
04/25/2015,BKL,OH,AGL,CE,Federal Contract Tower,0,5,8,0,13,0,9,56,2,67,0,14,64,2,80,66,0,66,146
04/26/2015,BKL,OH,AGL,CE,Federal Contract Tower,0,8,8,0,16,0,27,56,0,83,0,35,64,0,99,168,0,168,267
04/27/2015,BKL,OH,AGL,CE,Federal Contract Tower,0,5,20,2,27,0,7,9,2,18,0,12,29,4,45,4,0,4,49
04/28/2015,BKL,OH,AGL,CE,Federal Contract Tower,0,23,18,0,41,0,27,68,0,95,0,50,86,0,136,104,0,104,240
04/29/2015,BKL,OH,AGL,CE,Federal Contract Tower,0,14,14,0,28,0,20,57,2,79,0,34,71,2,107,56,0,56,163
04/30/2015,BKL,OH,AGL,CE,Federal Contract Tower,0,11,13,0,24,0,32,23,1,56,0,43,36,1,80,84,0,84,164
05/01/2015,BKL,OH,AGL,CE,Federal Contract Tower,0,18,16,2,36,0,19,48,0,67,0,37,64,2,103,104,0,104,207
05/02/2015,BKL,OH,AGL,CE,Federal Contract Tower,0,8,13,0,21,0,18,81,4,103,0,26,94,4,124,80,0,80,204
05/03/2015,BKL,OH,AGL,CE,Federal Contract Tower,2,3,8,0,13,0,32,54,0,86,2,35,62,0,99,58,0,58,157
05/04/2015,BKL,OH,AGL,CE,Federal Contract Tower,0,13,15,0,28,0,53,25,0,78,0,66,40,0,106,6,0,6,112
05/05/2015,BKL,OH,AGL,CE,Federal Contract Tower,0,27,20,2,49,0,12,5,0,17,0,39,25,2,66,0,0,0,66
05/06/2015,BKL,OH,AGL,CE,Federal Contract Tower,0,11,14,0,25,0,5,0,0,5,0,16,14,0,30,0,0,0,30
05/07/2015,BKL,OH,AGL,CE,Federal Contract Tower,0,16,20,0,36,0,21,79,0,100,0,37,99,0,136,194,0,194,330
05/08/2015,BKL,OH,AGL,CE,Federal Contract Tower,2,15,11,0,28,0,37,62,1,100,2,52,73,1,128,54,0,54,182
05/09/2015,BKL,OH,AGL,CE,Federal Contract Tower,0,10,5,0,15,0,27,38,1,66,0,37,43,1,81,66,0,66,147
05/10/2015,BKL,OH,AGL,CE,Federal Contract Tower,0,4,9,0,13,0,16,19,0,35,0,20,28,0,48,14,0,14,62
05/11/2015,BKL,OH,AGL,CE,Federal Contract Tower,1,12,16,1,30,0,21,15,0,36,1,33,31,1,66,2,0,2,68
05/12/2015,BKL,OH,AGL,CE,Federal Contract Tower,0,21,41,0,62,0,22,7,0,29,0,43,48,0,91,2,0,2,93
05/13/2015,BKL,OH,AGL,CE,Federal Contract Tower,1,26,37,0,64,0,35,38,0,73,1,61,75,0,137,68,0,68,205
05/14/2015,BKL,OH,AGL,CE,Federal Contract Tower,2,8,20,0,30,0,25,63,4,92,2,33,83,4,122,58,0,58,180
05/15/2015,BKL,OH,AGL,CE,Federal Contract Tower,0,10,8,0,18,0,18,16,0,34,0,28,24,0,52,8,0,8,60
05/16/2015,BKL,OH,AGL,CE,Federal Contract Tower,0,4,8,0,12,0,22,22,0,44,0,26,30,0,56,0,0,0,56
05/17/2015,BKL,OH,AGL,CE,Federal Contract Tower,0,15,13,0,28,0,33,30,0,63,0,48,43,0,91,54,0,54,145
05/18/2015,BKL,OH,AGL,CE,Federal Contract Tower,0,7,13,3,23,0,26,17,4,47,0,33,30,7,70,22,0,22,92
05/19/2015,BKL,OH,AGL,CE,Federal Contract Tower,0,27,33,0,60,0,22,28,0,50,0,49,61,0,110,54,0,54,164
05/20/2015,BKL,OH,AGL,CE,Federal Contract Tower,0,16,21,0,37,0,21,49,2,72,0,37,70,2,109,94,0,94,203
05/21/2015,BKL,OH,AGL,CE,Federal Contract Tower,2,9,30,1,42,0,28,60,0,88,2,37,90,1,130,98,0,98,228
05/22/2015,BKL,OH,AGL,CE,Federal Contract Tower,0,12,17,0,29,0,31,49,0,80,0,43,66,0,109,132,0,132,241
05/23/2015,BKL,OH,AGL,CE,Federal Contract Tower,0,7,11,0,18,0,70,76,0,146,0,77,87,0,164,184,0,184,348
05/24/2015,BKL,OH,AGL,CE,Federal Contract Tower,2,1,13,0,16,0,25,45,0,70,2,26,58,0,86,28,0,28,114
05/25/2015,BKL,OH,AGL,CE,Federal Contract Tower,0,9,19,0,28,0,54,33,0,87,0,63,52,0,115,10,0,10,125
05/26/2015,BKL,OH,AGL,CE,Federal Contract Tower,0,11,29,0,40,0,48,20,0,68,0,59,49,0,108,2,0,2,110
05/27/2015,BKL,OH,AGL,CE,Federal Contract Tower,0,17,40,0,57,0,22,23,0,45,0,39,63,0,102,0,0,0,102
05/28/2015,BKL,OH,AGL,CE,Federal Contract Tower,0,18,19,0,37,0,9,99,0,108,0,27,118,0,145,324,0,324,469
05/29/2015,BKL,OH,AGL,CE,Federal Contract Tower,0,11,10,0,21,0,39,82,0,121,0,50,92,0,142,178,0,178,320
05/30/2015,BKL,OH,AGL,CE,Federal Contract Tower,0,7,5,0,12,0,25,8,0,33,0,32,13,0,45,66,0,66,111
05/31/2015,BKL,OH,AGL,CE,Federal Contract Tower,0,7,10,0,17,0,0,0,0,0,0,7,10,0,17,0,0,0,17
06/01/2015,BKL,OH,AGL,CE,Federal Contract Tower,0,14,7,0,21,0,12,3,0,15,0,26,10,0,36,10,0,10,46
06/02/2015,BKL,OH,AGL,CE,Federal Contract Tower,0,12,22,2,36,0,27,14,0,41,0,39,36,2,77,4,0,4,81
06/03/2015,BKL,OH,AGL,CE,Federal Contract Tower,0,11,28,3,42,0,25,39,2,66,0,36,67,5,108,136,0,136,244
06/04/2015,BKL,OH,AGL,CE,Federal Contract Tower,0,20,26,0,46,0,31,61,0,92,0,51,87,0,138,128,0,128,266
06/05/2015,BKL,OH,AGL,CE,Federal Contract Tower,2,17,14,5,38,0,38,50,1,89,2,55,64,6,127,86,8,94,221
06/06/2015,BKL,OH,AGL,CE,Federal Contract Tower,0,15,21,1,37,0,16,26,0,42,0,31,47,1,79,20,0,20,99
06/07/2015,BKL,OH,AGL,CE,Federal Contract Tower,2,2,11,0,15,0,16,40,0,56,2,18,51,0,71,42,0,42,113
06/08/2015,BKL,OH,AGL,CE,Federal Contract Tower,0,4,8,0,12,0,9,6,0,15,0,13,14,0,27,18,0,18,45
06/09/2015,BKL,OH,AGL,CE,Federal Contract Tower,0,51,38,0,89,0,22,7,2,31,0,73,45,2,120,8,0,8,128
06/10/2015,BKL,OH,AGL,CE,Federal Contract Tower,0,36,36,0,72,0,30,32,0,62,0,66,68,0,134,10,0,10,144
06/11/2015,BKL,OH,AGL,CE,Federal Contract Tower,0,37,55,0,92,0,12,49,0,61,0,49,104,0,153,8,0,8,161
06/12/2015,BKL,OH,AGL,CE,Federal Contract Tower,0,38,50,0,88,0,28,20,2,50,0,66,70,2,138,36,0,36,174
06/13/2015,BKL,OH,AGL,CE,Federal Contract Tower,0,6,9,0,15,0,11,18,0,29,0,17,27,0,44,60,0,60,104
06/14/2015,BKL,OH,AGL,CE,Federal Contract Tower,0,10,10,0,20,0,7,6,0,13,0,17,16,0,33,48,0,48,81
06/15/2015,BKL,OH,AGL,CE,Federal Contract Tower,0,5,20,0,25,0,4,6,0,10,0,9,26,0,35,0,0,0,35
06/16/2015,BKL,OH,AGL,CE,Federal Contract Tower,0,29,60,0,89,0,10,40,0,50,0,39,100,0,139,128,0,128,267
06/17/2015,BKL,OH,AGL,CE,Federal Contract Tower,0,47,80,0,127,0,22,51,2,75,0,69,131,2,202,114,0,114,316
06/18/2015,BKL,OH,AGL,CE,Federal Contract Tower,0,30,32,2,64,0,29,30,0,59,0,59,62,2,123,54,0,54,177
06/19/2015,BKL,OH,AGL,CE,Federal Contract Tower,1,11,12,0,24,0,14,12,0,26,1,25,24,0,50,52,0,52,102
06/20/2015,BKL,OH,AGL,CE,Federal Contract Tower,0,11,15,0,26,0,16,32,0,48,0,27,47,0,74,82,0,82,156
06/21/2015,BKL,OH,AGL,CE,Federal Contract Tower,2,5,7,0,14,0,7,17,0,24,2,12,24,0,38,0,0,0,38
06/22/2015,BKL,OH,AGL,CE,Federal Contract Tower,0,8,25,0,33,0,10,34,0,44,0,18,59,0,77,28,0,28,105
06/23/2015,BKL,OH,AGL,CE,Federal Contract Tower,0,18,20,0,38,0,40,48,0,88,0,58,68,0,126,116,0,116,242
06/24/2015,BKL,OH,AGL,CE,Federal Contract Tower,0,16,21,1,38,0,34,76,0,110,0,50,97,1,148,68,0,68,216
06/25/2015,BKL,OH,AGL,CE,Federal Contract Tower,0,18,20,1,39,0,28,33,0,61,0,46,53,1,100,68,0,68,168
06/26/2015,BKL,OH,AGL,CE,Federal Contract Tower,0,13,7,6,26,0,29,47,0,76,0,42,54,6,102,126,20,146,248
06/27/2015,BKL,OH,AGL,CE,Federal Contract Tower,0,7,0,0,7,0,6,10,0,16,0,13,10,0,23,0,0,0,23
06/28/2015,BKL,OH,AGL,CE,Federal Contract Tower,0,15,10,0,25,0,25,5,0,30,0,40,15,0,55,0,0,0,55
06/29/2015,BKL,OH,AGL,CE,Federal Contract Tower,0,11,10,2,23,0,12,45,0,57,0,23,55,2,80,100,0,100,180
06/30/2015,BKL,OH,AGL,CE,Federal Contract Tower,0,17,23,0,40,0,29,36,0,65,0,46,59,0,105,126,0,126,231
07/01/2015,BKL,OH,AGL,CE,Federal Contract Tower,0,8,17,0,25,0,32,39,0,71,0,40,56,0,96,134,0,134,230
07/02/2015,BKL,OH,AGL,CE,Federal Contract Tower,0,21,23,0,44,0,30,67,2,99,0,51,90,2,143,174,8,182,325
07/03/2015,BKL,OH,AGL,CE,Federal Contract Tower,0,8,13,0,21,0,27,81,0,108,0,35,94,0,129,282,0,282,411
07/04/2015,BKL,OH,AGL,CE,Federal Contract Tower,0,8,0,0,8,0,14,38,0,52,0,22,38,0,60,116,0,116,176
07/05/2015,BKL,OH,AGL,CE,Federal Contract Tower,0,5,10,0,15,0,22,38,0,60,0,27,48,0,75,56,0,56,131
07/06/2015,BKL,OH,AGL,CE,Federal Contract Tower,0,6,13,0,19,0,15,51,0,66,0,21,64,0,85,110,0,110,195
07/07/2015,BKL,OH,AGL,CE,Federal Contract Tower,0,18,11,0,29,0,8,10,0,18,0,26,21,0,47,8,0,8,55
07/08/2015,BKL,OH,AGL,CE,Federal Contract Tower,0,6,26,0,32,0,11,26,0,37,0,17,52,0,69,192,0,192,261
07/09/2015,BKL,OH,AGL,CE,Federal Contract Tower,0,13,18,0,31,0,4,4,0,8,0,17,22,0,39,0,0,0,39
07/10/2015,BKL,OH,AGL,CE,Federal Contract Tower,0,14,19,11,44,0,22,41,3,66,0,36,60,14,110,86,0,86,196
07/11/2015,BKL,OH,AGL,CE,Federal Contract Tower,0,12,11,0,23,0,29,81,0,110,0,41,92,0,133,154,0,154,287
07/12/2015,BKL,OH,AGL,CE,Federal Contract Tower,0,13,17,5,35,0,28,43,0,71,0,41,60,5,106,40,0,40,146
07/13/2015,BKL,OH,AGL,CE,Federal Contract Tower,0,19,15,0,34,0,13,37,0,50,0,32,52,0,84,78,0,78,162
07/14/2015,BKL,OH,AGL,CE,Federal Contract Tower,0,20,17,0,37,0,13,15,0,28,0,33,32,0,65,34,0,34,99
07/15/2015,BKL,OH,AGL,CE,Federal Contract Tower,0,17,24,5,46,0,15,31,8,54,0,32,55,13,100,108,0,108,208
07/16/2015,BKL,OH,AGL,CE,Federal Contract Tower,0,16,18,2,36,0,19,69,2,90,0,35,87,4,126,168,0,168,294
07/17/2015,BKL,OH,AGL,CE,Federal Contract Tower,0,9,12,0,21,0,27,29,5,61,0,36,41,5,82,12,0,12,94
07/18/2015,BKL,OH,AGL,CE,Federal Contract Tower,0,12,9,0,21,0,8,64,0,72,0,20,73,0,93,162,0,162,255
07/19/2015,BKL,OH,AGL,CE,Federal Contract Tower,0,9,7,1,17,0,11,35,0,46,0,20,42,1,63,72,0,72,135
07/20/2015,BKL,OH,AGL,CE,Federal Contract Tower,0,22,16,3,41,0,20,45,1,66,0,42,61,4,107,168,0,168,275
07/21/2015,BKL,OH,AGL,CE,Federal Contract Tower,0,7,23,0,30,0,12,51,0,63,0,19,74,0,93,154,0,154,247
07/22/2015,BKL,OH,AGL,CE,Federal Contract Tower,0,20,27,2,49,0,31,98,2,131,0,51,125,4,180,244,0,244,424
07/23/2015,BKL,OH,AGL,CE,Federal Contract Tower,2,30,24,0,56,0,37,70,0,107,2,67,94,0,163,202,0,202,365
07/24/2015,BKL,OH,AGL,CE,Federal Contract Tower,0,13,22,0,35,0,40,105,8,153,0,53,127,8,188,222,0,222,410
07/25/2015,BKL,OH,AGL,CE,Federal Contract Tower,0,10,6,2,18,0,38,96,0,134,0,48,102,2,152,194,0,194,346
07/26/2015,BKL,OH,AGL,CE,Federal Contract Tower,2,5,7,0,14,0,59,64,2,125,2,64,71,2,139,0,0,0,139
07/27/2015,BKL,OH,AGL,CE,Federal Contract Tower,0,7,6,1,14,0,10,32,1,43,0,17,38,2,57,144,0,144,201
07/28/2015,BKL,OH,AGL,CE,Federal Contract Tower,0,10,26,2,38,0,29,62,0,91,0,39,88,2,129,134,0,134,263
07/29/2015,BKL,OH,AGL,CE,Federal Contract Tower,0,17,12,0,29,0,25,29,0,54,0,42,41,0,83,20,0,20,103
07/30/2015,BKL,OH,AGL,CE,Federal Contract Tower,0,14,19,0,33,0,26,49,1,76,0,40,68,1,109,186,0,186,295
07/31/2015,BKL,OH,AGL,CE,Federal Contract Tower,0,16,14,0,30,0,32,56,2,90,0,48,70,2,120,120,0,120,240
08/01/2015,BKL,OH,AGL,CE,Federal Contract Tower,0,3,13,0,16,0,8,55,0,63,0,11,68,0,79,86,0,86,165
08/02/2015,BKL,OH,AGL,CE,Federal Contract Tower,0,5,14,0,19,0,14,76,0,90,0,19,90,0,109,188,0,188,297
08/03/2015,BKL,OH,AGL,CE,Federal Contract Tower,0,10,16,0,26,0,12,29,0,41,0,22,45,0,67,24,0,24,91
08/04/2015,BKL,OH,AGL,CE,Federal Contract Tower,0,13,16,0,29,0,33,63,0,96,0,46,79,0,125,218,0,218,343
08/05/2015,BKL,OH,AGL,CE,Federal Contract Tower,0,12,22,0,34,0,42,69,6,117,0,54,91,6,151,74,0,74,225
08/06/2015,BKL,OH,AGL,CE,Federal Contract Tower,0,44,59,0,103,0,22,73,2,97,0,66,132,2,200,48,0,48,248
08/07/2015,BKL,OH,AGL,CE,Federal Contract Tower,2,42,47,5,96,0,19,49,0,68,2,61,96,5,164,80,0,80,244
08/08/2015,BKL,OH,AGL,CE,Federal Contract Tower,0,8,14,1,23,0,10,45,0,55,0,18,59,1,78,42,0,42,120
08/09/2015,BKL,OH,AGL,CE,Federal Contract Tower,2,11,14,3,30,0,8,53,0,61,2,19,67,3,91,40,0,40,131
08/10/2015,BKL,OH,AGL,CE,Federal Contract Tower,0,19,16,0,35,0,29,38,0,67,0,48,54,0,102,64,0,64,166
08/11/2015,BKL,OH,AGL,CE,Federal Contract Tower,2,19,23,0,44,0,29,36,0,65,2,48,59,0,109,124,0,124,233
08/12/2015,BKL,OH,AGL,CE,Federal Contract Tower,0,10,33,0,43,0,26,54,0,80,0,36,87,0,123,178,0,178,301
08/13/2015,BKL,OH,AGL,CE,Federal Contract Tower,0,17,25,0,42,0,29,74,1,104,0,46,99,1,146,214,0,214,360
08/14/2015,BKL,OH,AGL,CE,Federal Contract Tower,2,10,28,0,40,0,32,84,6,122,2,42,112,6,162,192,0,192,354
08/15/2015,BKL,OH,AGL,CE,Federal Contract Tower,0,4,9,0,13,0,13,35,0,48,0,17,44,0,61,84,0,84,145
08/16/2015,BKL,OH,AGL,CE,Federal Contract Tower,0,7,5,0,12,0,15,54,0,69,0,22,59,0,81,60,0,60,141
08/17/2015,BKL,OH,AGL,CE,Federal Contract Tower,0,8,25,0,33,0,25,64,0,89,0,33,89,0,122,172,0,172,294
08/18/2015,BKL,OH,AGL,CE,Federal Contract Tower,0,16,22,0,38,0,14,32,0,46,0,30,54,0,84,144,0,144,228
08/19/2015,BKL,OH,AGL,CE,Federal Contract Tower,0,11,12,0,23,0,29,36,0,65,0,40,48,0,88,100,0,100,188
08/20/2015,BKL,OH,AGL,CE,Federal Contract Tower,0,14,21,0,35,0,14,23,0,37,0,28,44,0,72,32,0,32,104
08/21/2015,BKL,OH,AGL,CE,Federal Contract Tower,0,27,24,0,51,0,38,67,0,105,0,65,91,0,156,194,0,194,350
08/22/2015,BKL,OH,AGL,CE,Federal Contract Tower,0,9,6,0,15,0,18,67,1,86,0,27,73,1,101,138,0,138,239
08/23/2015,BKL,OH,AGL,CE,Federal Contract Tower,1,5,7,0,13,0,17,37,1,55,1,22,44,1,68,118,0,118,186
08/24/2015,BKL,OH,AGL,CE,Federal Contract Tower,1,3,9,0,13,0,29,44,0,73,1,32,53,0,86,176,0,176,262
08/25/2015,BKL,OH,AGL,CE,Federal Contract Tower,0,29,20,0,49,0,37,31,3,71,0,66,51,3,120,76,0,76,196
08/26/2015,BKL,OH,AGL,CE,Federal Contract Tower,0,13,28,2,43,0,28,22,0,50,0,41,50,2,93,16,0,16,109
08/27/2015,BKL,OH,AGL,CE,Federal Contract Tower,2,11,26,0,39,0,30,34,0,64,2,41,60,0,103,84,0,84,187
08/28/2015,BKL,OH,AGL,CE,Federal Contract Tower,0,15,14,0,29,0,28,64,1,93,0,43,78,1,122,148,0,148,270
08/29/2015,BKL,OH,AGL,CE,Federal Contract Tower,0,12,8,0,20,0,6,43,0,49,0,18,51,0,69,80,0,80,149
08/30/2015,BKL,OH,AGL,CE,Federal Contract Tower,0,9,19,0,28,0,11,32,0,43,0,20,51,0,71,20,0,20,91
08/31/2015,BKL,OH,AGL,CE,Federal Contract Tower,0,7,16,1,24,0,27,47,1,75,0,34,63,2,99,146,0,146,245
09/01/2015,BKL,OH,AGL,CE,Federal Contract Tower,0,18,19,0,37,0,28,56,0,84,0,46,75,0,121,30,0,30,151
09/02/2015,BKL,OH,AGL,CE,Federal Contract Tower,0,13,18,2,33,0,16,49,0,65,0,29,67,2,98,32,0,32,130
09/03/2015,BKL,OH,AGL,CE,Federal Contract Tower,0,8,13,8,29,0,36,25,7,68,0,44,38,15,97,32,0,32,129
09/04/2015,BKL,OH,AGL,CE,Federal Contract Tower,0,10,13,12,35,0,23,40,8,71,0,33,53,20,106,0,0,0,106
09/05/2015,BKL,OH,AGL,CE,Federal Contract Tower,2,2,3,0,7,0,29,11,4,44,2,31,14,4,51,0,0,0,51
09/06/2015,BKL,OH,AGL,CE,Federal Contract Tower,0,2,2,0,4,0,10,11,0,21,0,12,13,0,25,0,0,0,25
09/07/2015,BKL,OH,AGL,CE,Federal Contract Tower,2,3,4,3,12,0,27,20,3,50,2,30,24,6,62,0,0,0,62
09/08/2015,BKL,OH,AGL,CE,Federal Contract Tower,0,12,18,4,34,0,35,65,2,102,0,47,83,6,136,82,0,82,218
09/09/2015,BKL,OH,AGL,CE,Federal Contract Tower,0,27,18,0,45,0,28,46,0,74,0,55,64,0,119,122,0,122,241
09/10/2015,BKL,OH,AGL,CE,Federal Contract Tower,0,16,16,1,33,0,12,53,4,69,0,28,69,5,102,104,0,104,206
09/11/2015,BKL,OH,AGL,CE,Federal Contract Tower,0,13,20,1,34,0,12,44,0,56,0,25,64,1,90,82,0,82,172
09/12/2015,BKL,OH,AGL,CE,Federal Contract Tower,0,12,8,0,20,0,14,26,0,40,0,26,34,0,60,30,0,30,90
09/13/2015,BKL,OH,AGL,CE,Federal Contract Tower,0,8,12,0,20,0,18,16,0,34,0,26,28,0,54,0,0,0,54
09/14/2015,BKL,OH,AGL,CE,Federal Contract Tower,0,8,17,0,25,0,32,65,0,97,0,40,82,0,122,168,0,168,290
09/15/2015,BKL,OH,AGL,CE,Federal Contract Tower,0,23,14,1,38,0,31,46,0,77,0,54,60,1,115,68,0,68,183
09/16/2015,BKL,OH,AGL,CE,Federal Contract Tower,0,13,30,0,43,0,18,64,0,82,0,31,94,0,125,36,0,36,161
09/17/2015,BKL,OH,AGL,CE,Federal Contract Tower,0,15,24,0,39,0,16,57,0,73,0,31,81,0,112,140,0,140,252
09/18/2015,BKL,OH,AGL,CE,Federal Contract Tower,2,15,21,0,38,0,23,64,0,87,2,38,85,0,125,106,0,106,231
09/19/2015,BKL,OH,AGL,CE,Federal Contract Tower,0,6,11,1,18,0,28,40,1,69,0,34,51,2,87,0,0,0,87
09/20/2015,BKL,OH,AGL,CE,Federal Contract Tower,2,4,24,1,31,0,37,48,1,86,2,41,72,2,117,14,0,14,131
09/21/2015,BKL,OH,AGL,CE,Federal Contract Tower,0,9,11,0,20,0,0,0,0,0,0,9,11,0,20,64,0,64,84
09/23/2015,BKL,OH,AGL,CE,Federal Contract Tower,0,12,12,3,27,0,22,58,1,81,0,34,70,4,108,120,0,120,228
09/24/2015,BKL,OH,AGL,CE,Federal Contract Tower,0,18,16,5,39,0,26,65,1,92,0,44,81,6,131,164,0,164,295
09/25/2015,BKL,OH,AGL,CE,Federal Contract Tower,0,17,19,4,40,0,23,85,0,108,0,40,104,4,148,202,0,202,350
09/26/2015,BKL,OH,AGL,CE,Federal Contract Tower,0,10,16,2,28,0,16,59,4,79,0,26,75,6,107,60,0,60,167
09/27/2015,BKL,OH,AGL,CE,Federal Contract Tower,2,7,24,0,33,0,22,31,2,55,2,29,55,2,88,0,0,0,88
09/28/2015,BKL,OH,AGL,CE,Federal Contract Tower,0,13,17,2,32,0,5,27,0,32,0,18,44,2,64,34,0,34,98
09/29/2015,BKL,OH,AGL,CE,Federal Contract Tower,0,14,21,0,35,0,14,15,0,29,0,28,36,0,64,0,0,0,64
09/30/2015,BKL,OH,AGL,CE,Federal Contract Tower,0,11,20,3,34,0,0,5,0,5,0,11,25,3,39,20,0,20,59
10/01/2015,BKL,OH,AGL,CE,Federal Contract Tower,0,10,21,2,33,0,13,22,2,37,0,23,43,4,70,32,2,34,104
10/02/2015,BKL,OH,AGL,CE,Federal Contract Tower,4,10,8,0,22,0,27,8,0,35,4,37,16,0,57,0,0,0,57
10/03/2015,BKL,OH,AGL,CE,Federal Contract Tower,0,8,3,0,11,0,6,0,0,6,0,14,3,0,17,0,0,0,17
10/04/2015,BKL,OH,AGL,CE,Federal Contract Tower,2,7,4,0,13,0,19,51,0,70,2,26,55,0,83,44,0,44,127
10/05/2015,BKL,OH,AGL,CE,Federal Contract Tower,0,11,22,0,33,0,14,47,2,63,0,25,69,2,96,102,0,102,198
10/06/2015,BKL,OH,AGL,CE,Federal Contract Tower,0,15,24,0,39,0,20,46,0,66,0,35,70,0,105,158,0,158,263
10/07/2015,BKL,OH,AGL,CE,Federal Contract Tower,0,16,18,6,40,0,34,38,0,72,0,50,56,6,112,90,2,92,204
10/08/2015,BKL,OH,AGL,CE,Federal Contract Tower,0,28,28,2,58,0,24,54,6,84,0,52,82,8,142,156,0,156,298
10/09/2015,BKL,OH,AGL,CE,Federal Contract Tower,0,22,18,0,40,0,17,15,0,32,0,39,33,0,72,12,0,12,84
10/10/2015,BKL,OH,AGL,CE,Federal Contract Tower,0,8,5,0,13,0,34,48,0,82,0,42,53,0,95,52,0,52,147
10/11/2015,BKL,OH,AGL,CE,Federal Contract Tower,0,9,8,0,17,0,7,53,0,60,0,16,61,0,77,48,0,48,125
10/12/2015,BKL,OH,AGL,CE,Federal Contract Tower,0,12,14,0,26,0,29,18,0,47,0,41,32,0,73,12,0,12,85
10/13/2015,BKL,OH,AGL,CE,Federal Contract Tower,0,16,18,0,34,0,40,16,0,56,0,56,34,0,90,34,0,34,124
10/14/2015,BKL,OH,AGL,CE,Federal Contract Tower,0,19,40,4,63,0,30,24,0,54,0,49,64,4,117,44,0,44,161
10/15/2015,BKL,OH,AGL,CE,Federal Contract Tower,0,18,17,0,35,0,41,37,3,81,0,59,54,3,116,62,0,62,178
10/16/2015,BKL,OH,AGL,CE,Federal Contract Tower,0,13,23,2,38,0,25,23,0,48,0,38,46,2,86,38,0,38,124
10/17/2015,BKL,OH,AGL,CE,Federal Contract Tower,0,3,7,0,10,0,23,19,6,48,0,26,26,6,58,18,0,18,76
10/18/2015,BKL,OH,AGL,CE,Federal Contract Tower,1,27,40,2,70,0,17,26,0,43,1,44,66,2,113,4,0,4,117
10/19/2015,BKL,OH,AGL,CE,Federal Contract Tower,0,16,17,0,33,0,27,20,0,47,0,43,37,0,80,22,0,22,102
10/20/2015,BKL,OH,AGL,CE,Federal Contract Tower,0,12,28,0,40,0,22,48,0,70,0,34,76,0,110,112,0,112,222
10/21/2015,BKL,OH,AGL,CE,Federal Contract Tower,0,7,19,0,26,0,28,52,0,80,0,35,71,0,106,78,0,78,184
10/22/2015,BKL,OH,AGL,CE,Federal Contract Tower,0,15,16,0,31,0,33,34,0,67,0,48,50,0,98,124,0,124,222
10/23/2015,BKL,OH,AGL,CE,Federal Contract Tower,0,15,30,0,45,0,26,60,0,86,0,41,90,0,131,118,0,118,249
10/24/2015,BKL,OH,AGL,CE,Federal Contract Tower,0,5,2,0,7,0,23,16,0,39,0,28,18,0,46,6,0,6,52
10/25/2015,BKL,OH,AGL,CE,Federal Contract Tower,0,5,9,0,14,0,12,30,0,42,0,17,39,0,56,22,0,22,78
10/26/2015,BKL,OH,AGL,CE,Federal Contract Tower,0,14,20,7,41,0,18,55,0,73,0,32,75,7,114,128,0,128,242
10/27/2015,BKL,OH,AGL,CE,Federal Contract Tower,0,12,25,2,39,0,18,47,0,65,0,30,72,2,104,100,20,120,224
10/28/2015,BKL,OH,AGL,CE,Federal Contract Tower,0,16,20,0,36,0,9,0,0,9,0,25,20,0,45,0,0,0,45
10/29/2015,BKL,OH,AGL,CE,Federal Contract Tower,2,22,17,0,41,0,10,15,0,25,2,32,32,0,66,26,0,26,92
10/30/2015,BKL,OH,AGL,CE,Federal Contract Tower,3,13,18,0,34,0,3,16,0,19,3,16,34,0,53,46,0,46,99
10/31/2015,BKL,OH,AGL,CE,Federal Contract Tower,0,4,9,0,13,0,25,30,0,55,0,29,39,0,68,80,0,80,148
11/01/2015,BKL,OH,AGL,CE,Federal Contract Tower,0,8,21,0,29,0,15,22,0,37,0,23,43,0,66,12,0,12,78
11/02/2015,BKL,OH,AGL,CE,Federal Contract Tower,2,20,15,0,37,0,15,30,0,45,2,35,45,0,82,94,0,94,176
11/03/2015,BKL,OH,AGL,CE,Federal Contract Tower,2,13,9,0,24,0,14,42,0,56,2,27,51,0,80,62,8,70,150
11/04/2015,BKL,OH,AGL,CE,Federal Contract Tower,0,39,24,0,63,0,14,65,0,79,0,53,89,0,142,184,0,184,326
11/05/2015,BKL,OH,AGL,CE,Federal Contract Tower,0,25,20,0,45,0,5,60,0,65,0,30,80,0,110,150,0,150,260
11/06/2015,BKL,OH,AGL,CE,Federal Contract Tower,0,16,19,0,35,0,4,6,0,10,0,20,25,0,45,0,0,0,45
11/07/2015,BKL,OH,AGL,CE,Federal Contract Tower,0,6,6,0,12,0,10,51,0,61,0,16,57,0,73,60,0,60,133
11/08/2015,BKL,OH,AGL,CE,Federal Contract Tower,0,8,11,0,19,0,15,86,0,101,0,23,97,0,120,102,0,102,222
11/09/2015,BKL,OH,AGL,CE,Federal Contract Tower,2,15,22,2,41,0,8,42,4,54,2,23,64,6,95,125,2,127,222
11/10/2015,BKL,OH,AGL,CE,Federal Contract Tower,0,20,21,0,41,0,1,2,0,3,0,21,23,0,44,12,0,12,56
11/11/2015,BKL,OH,AGL,CE,Federal Contract Tower,2,33,31,3,69,0,11,40,0,51,2,44,71,3,120,96,0,96,216
11/12/2015,BKL,OH,AGL,CE,Federal Contract Tower,0,17,11,0,28,0,5,0,0,5,0,22,11,0,33,0,0,0,33
11/13/2015,BKL,OH,AGL,CE,Federal Contract Tower,0,13,9,2,24,0,12,1,0,13,0,25,10,2,37,0,0,0,37
11/14/2015,BKL,OH,AGL,CE,Federal Contract Tower,0,5,2,0,7,0,16,7,0,23,0,21,9,0,30,8,0,8,38
11/15/2015,BKL,OH,AGL,CE,Federal Contract Tower,0,6,6,0,12,0,30,47,0,77,0,36,53,0,89,100,0,100,189
11/16/2015,BKL,OH,AGL,CE,Federal Contract Tower,0,8,6,1,15,0,37,47,0,84,0,45,53,1,99,128,0,128,227
11/17/2015,BKL,OH,AGL,CE,Federal Contract Tower,0,26,18,3,47,0,41,13,0,54,0,67,31,3,101,82,0,82,183
11/18/2015,BKL,OH,AGL,CE,Federal Contract Tower,0,15,17,0,32,0,32,6,0,38,0,47,23,0,70,4,0,4,74
11/19/2015,BKL,OH,AGL,CE,Federal Contract Tower,0,12,13,4,29,0,14,9,0,23,0,26,22,4,52,16,28,44,96
11/20/2015,BKL,OH,AGL,CE,Federal Contract Tower,0,13,18,0,31,0,25,13,0,38,0,38,31,0,69,12,0,12,81
11/21/2015,BKL,OH,AGL,CE,Federal Contract Tower,0,7,3,0,10,0,9,18,0,27,0,16,21,0,37,34,0,34,71
11/22/2015,BKL,OH,AGL,CE,Federal Contract Tower,0,10,4,2,16,0,0,0,0,0,0,10,4,2,16,0,0,0,16
11/23/2015,BKL,OH,AGL,CE,Federal Contract Tower,0,10,21,0,31,0,22,22,0,44,0,32,43,0,75,24,0,24,99
11/24/2015,BKL,OH,AGL,CE,Federal Contract Tower,0,24,15,0,39,0,10,21,0,31,0,34,36,0,70,64,0,64,134
11/25/2015,BKL,OH,AGL,CE,Federal Contract Tower,0,18,22,0,40,0,24,27,0,51,0,42,49,0,91,92,0,92,183
11/26/2015,BKL,OH,AGL,CE,Federal Contract Tower,0,15,2,0,17,0,20,5,0,25,0,35,7,0,42,0,0,0,42
11/27/2015,BKL,OH,AGL,CE,Federal Contract Tower,0,7,4,0,11,0,16,4,0,20,0,23,8,0,31,26,0,26,57
11/28/2015,BKL,OH,AGL,CE,Federal Contract Tower,0,14,9,0,23,0,1,1,0,2,0,15,10,0,25,0,0,0,25
11/29/2015,BKL,OH,AGL,CE,Federal Contract Tower,0,7,12,0,19,0,5,42,0,47,0,12,54,0,66,100,0,100,166
11/30/2015,BKL,OH,AGL,CE,Federal Contract Tower,0,11,18,0,29,0,16,30,0,46,0,27,48,0,75,28,0,28,103
12/01/2015,BKL,OH,AGL,CE,Federal Contract Tower,0,17,30,0,47,0,20,5,0,25,0,37,35,0,72,0,0,0,72
12/02/2015,BKL,OH,AGL,CE,Federal Contract Tower,0,24,21,0,45,0,26,27,0,53,0,50,48,0,98,62,0,62,160
12/03/2015,BKL,OH,AGL,CE,Federal Contract Tower,0,19,12,0,31,0,10,3,1,14,0,29,15,1,45,42,0,42,87
12/04/2015,BKL,OH,AGL,CE,Federal Contract Tower,0,8,14,0,22,0,16,6,0,22,0,24,20,0,44,0,0,0,44
12/05/2015,BKL,OH,AGL,CE,Federal Contract Tower,2,3,8,0,13,0,1,11,0,12,2,4,19,0,25,10,0,10,35
12/06/2015,BKL,OH,AGL,CE,Federal Contract Tower,1,15,18,0,34,0,29,37,0,66,1,44,55,0,100,28,0,28,128
12/07/2015,BKL,OH,AGL,CE,Federal Contract Tower,0,13,13,1,27,0,13,21,1,35,0,26,34,2,62,66,0,66,128
12/08/2015,BKL,OH,AGL,CE,Federal Contract Tower,0,25,14,0,39,0,18,9,0,27,0,43,23,0,66,26,0,26,92
12/09/2015,BKL,OH,AGL,CE,Federal Contract Tower,0,20,22,2,44,0,26,15,0,41,0,46,37,2,85,14,0,14,99
12/10/2015,BKL,OH,AGL,CE,Federal Contract Tower,0,18,14,0,32,0,16,16,0,32,0,34,30,0,64,0,0,0,64
12/11/2015,BKL,OH,AGL,CE,Federal Contract Tower,2,20,11,0,33,0,28,18,0,46,2,48,29,0,79,44,0,44,123
12/12/2015,BKL,OH,AGL,CE,Federal Contract Tower,0,10,15,0,25,0,28,28,0,56,0,38,43,0,81,50,0,50,131
12/13/2015,BKL,OH,AGL,CE,Federal Contract Tower,0,12,17,0,29,0,31,33,0,64,0,43,50,0,93,20,0,20,113
12/14/2015,BKL,OH,AGL,CE,Federal Contract Tower,0,15,15,0,30,0,17,2,0,19,0,32,17,0,49,4,0,4,53
12/15/2015,BKL,OH,AGL,CE,Federal Contract Tower,0,22,21,0,43,0,10,17,0,27,0,32,38,0,70,26,0,26,96
12/16/2015,BKL,OH,AGL,CE,Federal Contract Tower,0,18,24,0,42,0,22,12,0,34,0,40,36,0,76,40,0,40,116
12/17/2015,BKL,OH,AGL,CE,Federal Contract Tower,0,18,20,0,38,0,19,24,2,45,0,37,44,2,83,24,0,24,107
12/18/2015,BKL,OH,AGL,CE,Federal Contract Tower,0,8,19,0,27,0,26,18,0,44,0,34,37,0,71,64,0,64,135
12/19/2015,BKL,OH,AGL,CE,Federal Contract Tower,0,1,3,0,4,0,8,0,0,8,0,9,3,0,12,0,0,0,12
12/20/2015,BKL,OH,AGL,CE,Federal Contract Tower,0,4,13,0,17,0,25,44,0,69,0,29,57,0,86,60,0,60,146
12/21/2015,BKL,OH,AGL,CE,Federal Contract Tower,2,10,6,2,20,0,26,2,0,28,2,36,8,2,48,0,0,0,48
12/22/2015,BKL,OH,AGL,CE,Federal Contract Tower,2,16,6,4,28,0,37,20,0,57,2,53,26,4,85,76,0,76,161
12/23/2015,BKL,OH,AGL,CE,Federal Contract Tower,0,10,6,6,22,0,6,13,2,21,0,16,19,8,43,48,0,48,91
12/24/2015,BKL,OH,AGL,CE,Federal Contract Tower,0,7,3,0,10,0,0,35,0,35,0,7,38,0,45,12,0,12,57
12/25/2015,BKL,OH,AGL,CE,Federal Contract Tower,0,3,1,0,4,0,14,3,0,17,0,17,4,0,21,0,0,0,21
12/26/2015,BKL,OH,AGL,CE,Federal Contract Tower,0,7,2,0,9,0,10,8,0,18,0,17,10,0,27,62,0,62,89
12/27/2015,BKL,OH,AGL,CE,Federal Contract Tower,0,0,3,0,3,0,3,0,0,3,0,3,3,0,6,0,0,0,6
12/28/2015,BKL,OH,AGL,CE,Federal Contract Tower,0,3,2,0,5,0,8,1,0,9,0,11,3,0,14,0,0,0,14
12/29/2015,BKL,OH,AGL,CE,Federal Contract Tower,0,1,3,2,6,0,18,13,0,31,0,19,16,2,37,0,0,0,37
12/30/2015,BKL,OH,AGL,CE,Federal Contract Tower,0,4,3,4,11,0,20,8,0,28,0,24,11,4,39,26,0,26,65
12/31/2015,BKL,OH,AGL,CE,Federal Contract Tower,0,11,3,0,14,0,7,5,0,12,0,18,8,0,26,14,0,14,40
01/01/2016,BKL,OH,AGL,CE,Federal Contract Tower,0,1,2,0,3,0,4,7,0,11,0,5,9,0,14,0,0,0,14
01/02/2016,BKL,OH,AGL,CE,Federal Contract Tower,0,4,5,0,9,0,3,8,0,11,0,7,13,0,20,116,0,116,136
01/04/2016,BKL,OH,AGL,CE,Federal Contract Tower,0,7,4,0,11,0,5,0,0,5,0,12,4,0,16,0,0,0,16
01/05/2016,BKL,OH,AGL,CE,Federal Contract Tower,0,12,10,0,22,0,20,9,0,29,0,32,19,0,51,28,0,28,79
01/06/2016,BKL,OH,AGL,CE,Federal Contract Tower,0,11,13,0,24,0,21,49,0,70,0,32,62,0,94,102,0,102,196
01/07/2016,BKL,OH,AGL,CE,Federal Contract Tower,0,13,13,1,27,0,17,30,1,48,0,30,43,2,75,84,0,84,159
01/08/2016,BKL,OH,AGL,CE,Federal Contract Tower,0,6,8,0,14,0,12,8,3,23,0,18,16,3,37,30,0,30,67
01/09/2016,BKL,OH,AGL,CE,Federal Contract Tower,0,5,7,0,12,0,6,10,0,16,0,11,17,0,28,62,0,62,90
01/10/2016,BKL,OH,AGL,CE,Federal Contract Tower,0,7,5,0,12,0,0,5,0,5,0,7,10,0,17,0,0,0,17
01/11/2016,BKL,OH,AGL,CE,Federal Contract Tower,0,15,11,0,26,0,6,7,0,13,0,21,18,0,39,38,0,38,77
01/12/2016,BKL,OH,AGL,CE,Federal Contract Tower,0,12,7,0,19,0,6,1,0,7,0,18,8,0,26,0,0,0,26
01/13/2016,BKL,OH,AGL,CE,Federal Contract Tower,0,15,9,0,24,0,10,8,0,18,0,25,17,0,42,0,0,0,42
01/14/2016,BKL,OH,AGL,CE,Federal Contract Tower,0,11,14,0,25,0,4,5,0,9,0,15,19,0,34,12,0,12,46
01/15/2016,BKL,OH,AGL,CE,Federal Contract Tower,0,9,5,0,14,0,22,12,0,34,0,31,17,0,48,6,0,6,54
01/16/2016,BKL,OH,AGL,CE,Federal Contract Tower,0,2,2,0,4,0,7,1,0,8,0,9,3,0,12,24,0,24,36
01/17/2016,BKL,OH,AGL,CE,Federal Contract Tower,0,7,3,0,10,0,2,2,0,4,0,9,5,0,14,4,0,4,18
01/18/2016,BKL,OH,AGL,CE,Federal Contract Tower,0,13,5,0,18,0,0,0,0,0,0,13,5,0,18,0,0,0,18
01/19/2016,BKL,OH,AGL,CE,Federal Contract Tower,0,11,19,1,31,0,0,3,1,4,0,11,22,2,35,0,0,0,35
01/20/2016,BKL,OH,AGL,CE,Federal Contract Tower,0,15,12,0,27,0,10,2,0,12,0,25,14,0,39,0,0,0,39
01/21/2016,BKL,OH,AGL,CE,Federal Contract Tower,0,11,11,0,22,0,14,15,0,29,0,25,26,0,51,48,0,48,99
01/22/2016,BKL,OH,AGL,CE,Federal Contract Tower,0,12,11,0,23,0,24,7,0,31,0,36,18,0,54,20,0,20,74
01/23/2016,BKL,OH,AGL,CE,Federal Contract Tower,0,1,8,0,9,0,0,2,0,2,0,1,10,0,11,24,0,24,35
01/24/2016,BKL,OH,AGL,CE,Federal Contract Tower,0,5,12,0,17,0,3,40,0,43,0,8,52,0,60,164,0,164,224
01/25/2016,BKL,OH,AGL,CE,Federal Contract Tower,0,13,11,0,24,0,11,10,0,21,0,24,21,0,45,16,0,16,61
01/26/2016,BKL,OH,AGL,CE,Federal Contract Tower,0,16,26,0,42,0,16,4,0,20,0,32,30,0,62,6,0,6,68
01/27/2016,BKL,OH,AGL,CE,Federal Contract Tower,0,23,22,0,45,0,28,19,0,47,0,51,41,0,92,46,0,46,138
01/28/2016,BKL,OH,AGL,CE,Federal Contract Tower,0,17,15,0,32,0,7,14,0,21,0,24,29,0,53,10,0,10,63
01/29/2016,BKL,OH,AGL,CE,Federal Contract Tower,0,15,7,0,22,0,3,5,0,8,0,18,12,0,30,8,0,8,38
01/30/2016,BKL,OH,AGL,CE,Federal Contract Tower,0,3,7,0,10,0,7,10,2,19,0,10,17,2,29,10,0,10,39
01/31/2016,BKL,OH,AGL,CE,Federal Contract Tower,0,7,7,0,14,0,14,8,0,22,0,21,15,0,36,6,0,6,42
02/01/2016,BKL,OH,AGL,CE,Federal Contract Tower,0,9,10,0,19,0,17,11,0,28,0,26,21,0,47,40,0,40,87
02/02/2016,BKL,OH,AGL,CE,Federal Contract Tower,0,7,9,0,16,0,26,17,0,43,0,33,26,0,59,38,0,38,97
02/03/2016,BKL,OH,AGL,CE,Federal Contract Tower,0,13,10,0,23,0,23,0,0,23,0,36,10,0,46,0,0,0,46
02/04/2016,BKL,OH,AGL,CE,Federal Contract Tower,2,14,12,0,28,0,32,1,0,33,2,46,13,0,61,0,0,0,61
02/05/2016,BKL,OH,AGL,CE,Federal Contract Tower,0,15,11,0,26,0,28,54,0,82,0,43,65,0,108,86,0,86,194
02/06/2016,BKL,OH,AGL,CE,Federal Contract Tower,0,0,14,0,14,0,15,65,0,80,0,15,79,0,94,154,0,154,248
02/07/2016,BKL,OH,AGL,CE,Federal Contract Tower,0,8,9,0,17,0,22,19,0,41,0,30,28,0,58,42,0,42,100
02/08/2016,BKL,OH,AGL,CE,Federal Contract Tower,0,8,12,0,20,0,0,2,0,2,0,8,14,0,22,0,0,0,22
02/09/2016,BKL,OH,AGL,CE,Federal Contract Tower,0,12,6,0,18,0,0,1,0,1,0,12,7,0,19,0,0,0,19
02/10/2016,BKL,OH,AGL,CE,Federal Contract Tower,0,23,21,0,44,0,0,0,0,0,0,23,21,0,44,0,0,0,44
02/11/2016,BKL,OH,AGL,CE,Federal Contract Tower,0,15,12,0,27,0,5,2,0,7,0,20,14,0,34,0,0,0,34
02/12/2016,BKL,OH,AGL,CE,Federal Contract Tower,0,10,6,0,16,0,3,6,0,9,0,13,12,0,25,0,0,0,25
02/13/2016,BKL,OH,AGL,CE,Federal Contract Tower,0,4,6,0,10,0,4,0,0,4,0,8,6,0,14,0,0,0,14
02/14/2016,BKL,OH,AGL,CE,Federal Contract Tower,0,3,2,0,5,0,8,30,0,38,0,11,32,0,43,130,0,130,173
02/15/2016,BKL,OH,AGL,CE,Federal Contract Tower,0,13,8,0,21,0,1,0,0,1,0,14,8,0,22,0,0,0,22
02/16/2016,BKL,OH,AGL,CE,Federal Contract Tower,0,10,8,0,18,0,0,0,0,0,0,10,8,0,18,0,0,0,18
02/17/2016,BKL,OH,AGL,CE,Federal Contract Tower,2,17,21,0,40,0,10,2,0,12,2,27,23,0,52,0,0,0,52
02/18/2016,BKL,OH,AGL,CE,Federal Contract Tower,2,23,21,0,46,0,23,39,0,62,2,46,60,0,108,98,0,98,206
02/19/2016,BKL,OH,AGL,CE,Federal Contract Tower,1,14,9,0,24,0,15,16,0,31,1,29,25,0,55,10,0,10,65
02/20/2016,BKL,OH,AGL,CE,Federal Contract Tower,0,4,8,2,14,0,22,21,0,43,0,26,29,2,57,0,0,0,57
02/21/2016,BKL,OH,AGL,CE,Federal Contract Tower,0,5,15,0,20,0,25,63,0,88,0,30,78,0,108,148,0,148,256
02/22/2016,BKL,OH,AGL,CE,Federal Contract Tower,0,13,20,0,33,0,14,7,2,23,0,27,27,2,56,6,0,6,62
02/23/2016,BKL,OH,AGL,CE,Federal Contract Tower,0,25,17,0,42,0,8,36,0,44,0,33,53,0,86,26,0,26,112
02/24/2016,BKL,OH,AGL,CE,Federal Contract Tower,1,15,9,0,25,0,3,0,0,3,1,18,9,0,28,0,0,0,28
02/25/2016,BKL,OH,AGL,CE,Federal Contract Tower,0,7,3,0,10,0,6,0,0,6,0,13,3,0,16,0,0,0,16
02/26/2016,BKL,OH,AGL,CE,Federal Contract Tower,0,8,6,0,14,0,16,3,0,19,0,24,9,0,33,14,0,14,47
02/27/2016,BKL,OH,AGL,CE,Federal Contract Tower,0,4,10,0,14,0,30,63,0,93,0,34,73,0,107,156,0,156,263
02/28/2016,BKL,OH,AGL,CE,Federal Contract Tower,0,6,6,0,12,0,23,30,0,53,0,29,36,0,65,0,0,0,65
02/29/2016,BKL,OH,AGL,CE,Federal Contract Tower,0,15,4,0,19,0,14,1,0,15,0,29,5,0,34,0,0,0,34
03/01/2016,BKL,OH,AGL,CE,Federal Contract Tower,0,16,18,2,36,0,5,9,0,14,0,21,27,2,50,6,4,10,60
03/02/2016,BKL,OH,AGL,CE,Federal Contract Tower,0,17,6,0,23,0,2,2,0,4,0,19,8,0,27,0,0,0,27
03/03/2016,BKL,OH,AGL,CE,Federal Contract Tower,0,19,13,2,34,0,30,8,0,38,0,49,21,2,72,0,0,0,72
03/04/2016,BKL,OH,AGL,CE,Federal Contract Tower,0,15,10,0,25,0,3,14,0,17,0,18,24,0,42,34,0,34,76
03/05/2016,BKL,OH,AGL,CE,Federal Contract Tower,1,9,7,0,17,0,0,4,0,4,1,9,11,0,21,0,0,0,21
03/06/2016,BKL,OH,AGL,CE,Federal Contract Tower,1,4,13,0,18,0,4,19,0,23,1,8,32,0,41,60,0,60,101
03/07/2016,BKL,OH,AGL,CE,Federal Contract Tower,0,18,16,0,34,0,18,14,0,32,0,36,30,0,66,0,0,0,66
03/08/2016,BKL,OH,AGL,CE,Federal Contract Tower,0,19,18,0,37,0,17,33,0,50,0,36,51,0,87,18,0,18,105
03/09/2016,BKL,OH,AGL,CE,Federal Contract Tower,0,18,25,0,43,0,9,7,0,16,0,27,32,0,59,0,0,0,59
03/10/2016,BKL,OH,AGL,CE,Federal Contract Tower,0,10,16,0,26,0,2,1,0,3,0,12,17,0,29,0,0,0,29
03/11/2016,BKL,OH,AGL,CE,Federal Contract Tower,0,19,15,1,35,0,7,10,0,17,0,26,25,1,52,22,2,24,76
03/12/2016,BKL,OH,AGL,CE,Federal Contract Tower,0,3,13,2,18,0,5,49,0,54,0,8,62,2,72,78,0,78,150
03/13/2016,BKL,OH,AGL,CE,Federal Contract Tower,0,9,10,0,19,0,3,1,0,4,0,12,11,0,23,0,0,0,23
03/14/2016,BKL,OH,AGL,CE,Federal Contract Tower,0,9,9,0,18,0,6,2,0,8,0,15,11,0,26,0,0,0,26
03/15/2016,BKL,OH,AGL,CE,Federal Contract Tower,0,6,11,0,17,0,1,0,0,1,0,7,11,0,18,0,0,0,18
03/16/2016,BKL,OH,AGL,CE,Federal Contract Tower,0,11,9,0,20,0,9,3,0,12,0,20,12,0,32,0,0,0,32
03/17/2016,BKL,OH,AGL,CE,Federal Contract Tower,0,10,13,2,25,0,17,18,0,35,0,27,31,2,60,6,0,6,66
03/18/2016,BKL,OH,AGL,CE,Federal Contract Tower,0,7,11,0,18,0,42,33,0,75,0,49,44,0,93,32,0,32,125
03/19/2016,BKL,OH,AGL,CE,Federal Contract Tower,0,10,3,0,13,0,8,35,0,43,0,18,38,0,56,90,0,90,146
03/20/2016,BKL,OH,AGL,CE,Federal Contract Tower,0,6,15,0,21,0,15,24,0,39,0,21,39,0,60,78,0,78,138
03/21/2016,BKL,OH,AGL,CE,Federal Contract Tower,0,10,9,0,19,0,15,31,0,46,0,25,40,0,65,12,0,12,77
03/22/2016,BKL,OH,AGL,CE,Federal Contract Tower,0,17,6,0,23,0,21,22,3,46,0,38,28,3,69,8,0,8,77
03/23/2016,BKL,OH,AGL,CE,Federal Contract Tower,0,12,8,0,20,0,18,24,0,42,0,30,32,0,62,12,0,12,74
03/24/2016,BKL,OH,AGL,CE,Federal Contract Tower,0,15,6,1,22,0,21,8,3,32,0,36,14,4,54,0,7,7,61
03/25/2016,BKL,OH,AGL,CE,Federal Contract Tower,0,13,9,1,23,0,14,2,0,16,0,27,11,1,39,0,0,0,39
03/26/2016,BKL,OH,AGL,CE,Federal Contract Tower,0,2,7,0,9,0,8,27,0,35,0,10,34,0,44,38,0,38,82
03/27/2016,BKL,OH,AGL,CE,Federal Contract Tower,0,5,7,0,12,0,9,15,0,24,0,14,22,0,36,26,0,26,62
03/28/2016,BKL,OH,AGL,CE,Federal Contract Tower,0,14,20,2,36,0,11,4,0,15,0,25,24,2,51,0,0,0,51
03/29/2016,BKL,OH,AGL,CE,Federal Contract Tower,0,12,10,0,22,0,22,37,0,59,0,34,47,0,81,44,0,44,125
03/30/2016,BKL,OH,AGL,CE,Federal Contract Tower,0,20,18,0,38,0,30,41,0,71,0,50,59,0,109,6,4,10,119
03/31/2016,BKL,OH,AGL,CE,Federal Contract Tower,0,18,8,0,26,0,10,7,0,17,0,28,15,0,43,0,0,0,43
04/01/2016,BKL,OH,AGL,CE,Federal Contract Tower,0,23,18,0,41,0,26,27,0,53,0,49,45,0,94,50,0,50,144
04/02/2016,BKL,OH,AGL,CE,Federal Contract Tower,0,10,10,0,20,0,17,21,0,38,0,27,31,0,58,52,0,52,110
04/03/2016,BKL,OH,AGL,CE,Federal Contract Tower,2,18,13,0,33,0,7,10,0,17,2,25,23,0,50,50,0,50,100
04/04/2016,BKL,OH,AGL,CE,Federal Contract Tower,0,9,12,0,21,0,1,4,0,5,0,10,16,0,26,0,0,0,26
04/05/2016,BKL,OH,AGL,CE,Federal Contract Tower,0,18,20,1,39,0,35,51,0,86,0,53,71,1,125,50,0,50,175
04/06/2016,BKL,OH,AGL,CE,Federal Contract Tower,0,19,9,4,32,0,11,8,0,19,0,30,17,4,51,2,0,2,53
04/07/2016,BKL,OH,AGL,CE,Federal Contract Tower,0,18,7,0,25,0,9,1,0,10,0,27,8,0,35,0,0,0,35
04/08/2016,BKL,OH,AGL,CE,Federal Contract Tower,2,18,16,0,36,0,20,21,0,41,2,38,37,0,77,42,0,42,119
04/09/2016,BKL,OH,AGL,CE,Federal Contract Tower,0,2,3,0,5,0,7,4,0,11,0,9,7,0,16,0,0,0,16
04/10/2016,BKL,OH,AGL,CE,Federal Contract Tower,0,10,4,0,14,0,8,28,0,36,0,18,32,0,50,24,0,24,74
04/11/2016,BKL,OH,AGL,CE,Federal Contract Tower,0,9,16,1,26,0,10,1,0,11,0,19,17,1,37,0,0,0,37
04/12/2016,BKL,OH,AGL,CE,Federal Contract Tower,0,19,21,0,40,0,9,57,0,66,0,28,78,0,106,82,0,82,188
04/13/2016,BKL,OH,AGL,CE,Federal Contract Tower,0,15,30,0,45,0,35,39,0,74,0,50,69,0,119,52,0,52,171
04/14/2016,BKL,OH,AGL,CE,Federal Contract Tower,2,31,26,2,61,0,16,40,0,56,2,47,66,2,117,94,8,102,219
04/15/2016,BKL,OH,AGL,CE,Federal Contract Tower,0,26,18,1,45,0,22,79,0,101,0,48,97,1,146,140,0,140,286
04/16/2016,BKL,OH,AGL,CE,Federal Contract Tower,0,2,12,0,14,0,8,97,0,105,0,10,109,0,119,58,0,58,177
04/17/2016,BKL,OH,AGL,CE,Federal Contract Tower,1,23,18,0,42,0,7,134,0,141,1,30,152,0,183,62,0,62,245
04/18/2016,BKL,OH,AGL,CE,Federal Contract Tower,2,21,22,0,45,0,13,27,0,40,2,34,49,0,85,60,0,60,145
04/19/2016,BKL,OH,AGL,CE,Federal Contract Tower,0,19,14,5,38,0,21,30,0,51,0,40,44,5,89,20,0,20,109
04/20/2016,BKL,OH,AGL,CE,Federal Contract Tower,1,11,31,1,44,0,11,67,1,79,1,22,98,2,123,42,0,42,165
04/21/2016,BKL,OH,AGL,CE,Federal Contract Tower,0,8,8,0,16,0,8,17,1,26,0,16,25,1,42,10,0,10,52
04/22/2016,BKL,OH,AGL,CE,Federal Contract Tower,0,16,12,0,28,0,4,58,0,62,0,20,70,0,90,98,0,98,188
04/23/2016,BKL,OH,AGL,CE,Federal Contract Tower,0,6,20,0,26,0,38,16,0,54,0,44,36,0,80,76,0,76,156
04/24/2016,BKL,OH,AGL,CE,Federal Contract Tower,0,14,10,1,25,0,16,76,0,92,0,30,86,1,117,112,0,112,229
04/25/2016,BKL,OH,AGL,CE,Federal Contract Tower,0,12,10,1,23,0,8,31,2,41,0,20,41,3,64,32,0,32,96
04/26/2016,BKL,OH,AGL,CE,Federal Contract Tower,0,13,17,2,32,0,4,4,0,8,0,17,21,2,40,4,0,4,44
04/27/2016,BKL,OH,AGL,CE,Federal Contract Tower,0,15,28,0,43,0,33,23,0,56,0,48,51,0,99,26,0,26,125
04/28/2016,BKL,OH,AGL,CE,Federal Contract Tower,0,17,16,0,33,0,3,7,0,10,0,20,23,0,43,0,0,0,43
04/29/2016,BKL,OH,AGL,CE,Federal Contract Tower,0,13,15,1,29,0,2,0,0,2,0,15,15,1,31,0,0,0,31
04/30/2016,BKL,OH,AGL,CE,Federal Contract Tower,0,16,12,0,28,0,12,15,0,27,0,28,27,0,55,38,0,38,93
05/01/2016,BKL,OH,AGL,CE,Federal Contract Tower,0,11,21,0,32,0,0,0,0,0,0,11,21,0,32,0,0,0,32
05/02/2016,BKL,OH,AGL,CE,Federal Contract Tower,0,15,22,0,37,0,15,0,0,15,0,30,22,0,52,0,0,0,52
05/03/2016,BKL,OH,AGL,CE,Federal Contract Tower,0,16,23,3,42,0,39,30,0,69,0,55,53,3,111,108,0,108,219
05/04/2016,BKL,OH,AGL,CE,Federal Contract Tower,0,19,19,1,39,0,40,21,0,61,0,59,40,1,100,26,0,26,126
05/05/2016,BKL,OH,AGL,CE,Federal Contract Tower,0,29,26,0,55,0,2,12,0,14,0,31,38,0,69,0,0,0,69
05/06/2016,BKL,OH,AGL,CE,Federal Contract Tower,1,21,11,0,33,0,19,45,3,67,1,40,56,3,100,38,0,38,138
05/07/2016,BKL,OH,AGL,CE,Federal Contract Tower,0,12,15,0,27,0,6,37,0,43,0,18,52,0,70,44,0,44,114
05/08/2016,BKL,OH,AGL,CE,Federal Contract Tower,0,18,23,0,41,0,6,57,0,63,0,24,80,0,104,6,0,6,110
05/09/2016,BKL,OH,AGL,CE,Federal Contract Tower,0,11,14,0,25,0,2,41,0,43,0,13,55,0,68,16,0,16,84
05/10/2016,BKL,OH,AGL,CE,Federal Contract Tower,0,18,10,0,28,0,11,18,2,31,0,29,28,2,59,36,0,36,95
05/11/2016,BKL,OH,AGL,CE,Federal Contract Tower,0,26,16,0,42,0,20,13,0,33,0,46,29,0,75,8,0,8,83
05/12/2016,BKL,OH,AGL,CE,Federal Contract Tower,0,19,19,0,38,0,18,11,0,29,0,37,30,0,67,28,0,28,95
05/13/2016,BKL,OH,AGL,CE,Federal Contract Tower,0,25,29,0,54,0,27,20,0,47,0,52,49,0,101,24,0,24,125
05/14/2016,BKL,OH,AGL,CE,Federal Contract Tower,0,8,7,0,15,0,1,26,0,27,0,9,33,0,42,12,0,12,54
05/15/2016,BKL,OH,AGL,CE,Federal Contract Tower,0,20,21,0,41,0,1,22,0,23,0,21,43,0,64,0,0,0,64
05/16/2016,BKL,OH,AGL,CE,Federal Contract Tower,2,12,15,0,29,0,8,43,0,51,2,20,58,0,80,64,0,64,144
05/17/2016,BKL,OH,AGL,CE,Federal Contract Tower,1,25,35,0,61,0,19,43,0,62,1,44,78,0,123,48,4,52,175
05/18/2016,BKL,OH,AGL,CE,Federal Contract Tower,2,23,30,0,55,0,21,39,0,60,2,44,69,0,115,32,0,32,147
05/19/2016,BKL,OH,AGL,CE,Federal Contract Tower,0,19,23,4,46,0,38,56,2,96,0,57,79,6,142,62,0,62,204
05/20/2016,BKL,OH,AGL,CE,Federal Contract Tower,0,17,20,0,37,0,25,41,0,66,0,42,61,0,103,20,0,20,123
05/21/2016,BKL,OH,AGL,CE,Federal Contract Tower,0,16,14,0,30,0,14,42,0,56,0,30,56,0,86,52,0,52,138
05/22/2016,BKL,OH,AGL,CE,Federal Contract Tower,0,14,12,1,27,0,3,50,0,53,0,17,62,1,80,42,0,42,122
05/23/2016,BKL,OH,AGL,CE,Federal Contract Tower,0,23,11,0,34,0,28,51,1,80,0,51,62,1,114,84,0,84,198
05/24/2016,BKL,OH,AGL,CE,Federal Contract Tower,0,18,21,0,39,0,12,44,0,56,0,30,65,0,95,92,0,92,187
05/25/2016,BKL,OH,AGL,CE,Federal Contract Tower,1,18,26,0,45,0,9,29,0,38,1,27,55,0,83,36,0,36,119
05/26/2016,BKL,OH,AGL,CE,Federal Contract Tower,0,30,29,0,59,0,22,43,0,65,0,52,72,0,124,94,0,94,218
05/27/2016,BKL,OH,AGL,CE,Federal Contract Tower,0,21,22,0,43,0,27,66,0,93,0,48,88,0,136,54,0,54,190
05/28/2016,BKL,OH,AGL,CE,Federal Contract Tower,0,5,8,0,13,0,13,29,1,43,0,18,37,1,56,70,0,70,126
05/29/2016,BKL,OH,AGL,CE,Federal Contract Tower,2,1,7,0,10,0,6,18,0,24,2,7,25,0,34,12,0,12,46
05/30/2016,BKL,OH,AGL,CE,Federal Contract Tower,0,11,8,0,19,0,4,30,0,34,0,15,38,0,53,28,0,28,81
05/31/2016,BKL,OH,AGL,CE,Federal Contract Tower,0,17,16,0,33,0,29,57,0,86,0,46,73,0,119,50,0,50,169
06/01/2016,BKL,OH,AGL,CE,Federal Contract Tower,0,11,18,0,29,0,21,21,0,42,0,32,39,0,71,12,0,12,83
06/02/2016,BKL,OH,AGL,CE,Federal Contract Tower,0,18,23,2,43,0,21,40,2,63,0,39,63,4,106,24,2,26,132
06/03/2016,BKL,OH,AGL,CE,Federal Contract Tower,0,16,22,0,38,0,12,60,0,72,0,28,82,0,110,48,0,48,158
06/04/2016,BKL,OH,AGL,CE,Federal Contract Tower,0,8,17,0,25,0,0,74,0,74,0,8,91,0,99,52,0,52,151
06/05/2016,BKL,OH,AGL,CE,Federal Contract Tower,0,9,9,0,18,0,20,29,0,49,0,29,38,0,67,44,0,44,111
06/06/2016,BKL,OH,AGL,CE,Federal Contract Tower,0,15,16,2,33,0,11,50,0,61,0,26,66,2,94,34,0,34,128
06/07/2016,BKL,OH,AGL,CE,Federal Contract Tower,0,10,21,0,31,0,14,22,0,36,0,24,43,0,67,20,6,26,93
06/08/2016,BKL,OH,AGL,CE,Federal Contract Tower,0,53,63,0,116,0,14,45,0,59,0,67,108,0,175,12,0,12,187
06/09/2016,BKL,OH,AGL,CE,Federal Contract Tower,0,48,81,0,129,0,22,32,0,54,0,70,113,0,183,50,0,50,233
06/10/2016,BKL,OH,AGL,CE,Federal Contract Tower,0,42,44,4,90,0,13,50,5,68,0,55,94,9,158,44,0,44,202
06/11/2016,BKL,OH,AGL,CE,Federal Contract Tower,0,42,52,0,94,0,13,32,1,46,0,55,84,1,140,4,2,6,146
06/12/2016,BKL,OH,AGL,CE,Federal Contract Tower,0,9,9,0,18,0,22,30,0,52,0,31,39,0,70,82,0,82,152
06/13/2016,BKL,OH,AGL,CE,Federal Contract Tower,0,12,23,0,35,0,17,47,0,64,0,29,70,0,99,10,0,10,109
06/14/2016,BKL,OH,AGL,CE,Federal Contract Tower,0,13,9,0,22,0,19,68,0,87,0,32,77,0,109,166,0,166,275
06/15/2016,BKL,OH,AGL,CE,Federal Contract Tower,0,15,18,0,33,0,13,35,0,48,0,28,53,0,81,22,0,22,103
06/16/2016,BKL,OH,AGL,CE,Federal Contract Tower,0,44,72,2,118,0,23,37,0,60,0,67,109,2,178,40,0,40,218
06/17/2016,BKL,OH,AGL,CE,Federal Contract Tower,0,55,76,0,131,0,19,42,0,61,0,74,118,0,192,76,0,76,268
06/18/2016,BKL,OH,AGL,CE,Federal Contract Tower,0,6,13,0,19,0,14,69,2,85,0,20,82,2,104,86,0,86,190
06/19/2016,BKL,OH,AGL,CE,Federal Contract Tower,1,7,14,0,22,0,30,53,0,83,1,37,67,0,105,66,0,66,171
06/20/2016,BKL,OH,AGL,CE,Federal Contract Tower,1,12,17,0,30,0,11,16,0,27,1,23,33,0,57,0,0,0,57
06/21/2016,BKL,OH,AGL,CE,Federal Contract Tower,0,21,19,0,40,0,32,59,0,91,0,53,78,0,131,74,0,74,205
06/22/2016,BKL,OH,AGL,CE,Federal Contract Tower,0,33,42,4,79,0,19,100,0,119,0,52,142,4,198,34,0,34,232
06/23/2016,BKL,OH,AGL,CE,Federal Contract Tower,1,18,25,0,44,0,3,1,0,4,1,21,26,0,48,0,0,0,48
06/24/2016,BKL,OH,AGL,CE,Federal Contract Tower,0,22,16,0,38,0,14,41,18,73,0,36,57,18,111,22,0,22,133
06/25/2016,BKL,OH,AGL,CE,Federal Contract Tower,0,3,15,0,18,0,5,143,0,148,0,8,158,0,166,34,0,34,200
06/26/2016,BKL,OH,AGL,CE,Federal Contract Tower,0,9,11,0,20,0,11,51,0,62,0,20,62,0,82,6,0,6,88
06/27/2016,BKL,OH,AGL,CE,Federal Contract Tower,0,15,20,0,35,0,6,20,0,26,0,21,40,0,61,26,0,26,87
06/28/2016,BKL,OH,AGL,CE,Federal Contract Tower,0,24,21,0,45,0,27,30,5,62,0,51,51,5,107,50,0,50,157
06/29/2016,BKL,OH,AGL,CE,Federal Contract Tower,0,15,13,1,29,0,20,36,2,58,0,35,49,3,87,54,0,54,141
06/30/2016,BKL,OH,AGL,CE,Federal Contract Tower,0,20,16,0,36,0,19,29,3,51,0,39,45,3,87,54,0,54,141
07/01/2016,BKL,OH,AGL,CE,Federal Contract Tower,0,16,9,0,25,0,18,13,4,35,0,34,22,4,60,28,0,28,88
07/02/2016,BKL,OH,AGL,CE,Federal Contract Tower,0,7,8,0,15,0,10,49,0,59,0,17,57,0,74,88,0,88,162
07/03/2016,BKL,OH,AGL,CE,Federal Contract Tower,0,3,10,0,13,0,12,35,0,47,0,15,45,0,60,28,0,28,88
07/04/2016,BKL,OH,AGL,CE,Federal Contract Tower,0,1,8,0,9,0,16,26,0,42,0,17,34,0,51,56,0,56,107
07/05/2016,BKL,OH,AGL,CE,Federal Contract Tower,0,14,16,0,30,0,30,28,2,60,0,44,44,2,90,60,0,60,150
07/06/2016,BKL,OH,AGL,CE,Federal Contract Tower,0,13,19,4,36,0,24,35,3,62,0,37,54,7,98,16,0,16,114
07/07/2016,BKL,OH,AGL,CE,Federal Contract Tower,1,9,28,0,38,0,17,53,1,71,1,26,81,1,109,86,0,86,195
07/08/2016,BKL,OH,AGL,CE,Federal Contract Tower,0,8,20,1,29,0,16,52,1,69,0,24,72,2,98,76,0,76,174
07/09/2016,BKL,OH,AGL,CE,Federal Contract Tower,0,6,9,0,15,0,17,53,0,70,0,23,62,0,85,72,0,72,157
07/10/2016,BKL,OH,AGL,CE,Federal Contract Tower,0,12,12,0,24,0,16,59,0,75,0,28,71,0,99,14,0,14,113
07/11/2016,BKL,OH,AGL,CE,Federal Contract Tower,0,7,19,0,26,0,13,42,0,55,0,20,61,0,81,22,0,22,103
07/12/2016,BKL,OH,AGL,CE,Federal Contract Tower,0,26,26,0,52,0,20,37,0,57,0,46,63,0,109,6,0,6,115
07/13/2016,BKL,OH,AGL,CE,Federal Contract Tower,0,10,28,0,38,0,27,35,1,63,0,37,63,1,101,54,0,54,155
07/14/2016,BKL,OH,AGL,CE,Federal Contract Tower,0,16,19,0,35,0,16,50,3,69,0,32,69,3,104,40,0,40,144
07/15/2016,BKL,OH,AGL,CE,Federal Contract Tower,0,24,12,5,41,0,34,21,12,67,0,58,33,17,108,26,0,26,134
07/16/2016,BKL,OH,AGL,CE,Federal Contract Tower,0,7,9,0,16,0,36,34,28,98,0,43,43,28,114,0,0,0,114
07/17/2016,BKL,OH,AGL,CE,Federal Contract Tower,0,12,26,0,38,0,25,36,5,66,0,37,62,5,104,12,12,24,128
07/18/2016,BKL,OH,AGL,CE,Federal Contract Tower,0,8,9,0,17,0,3,9,1,13,0,11,18,1,30,0,0,0,30
07/19/2016,BKL,OH,AGL,CE,Federal Contract Tower,0,12,10,0,22,0,4,21,8,33,0,16,31,8,55,0,0,0,55
07/20/2016,BKL,OH,AGL,CE,Federal Contract Tower,0,11,3,0,14,0,24,19,4,47,0,35,22,4,61,0,0,0,61
07/21/2016,BKL,OH,AGL,CE,Federal Contract Tower,0,6,7,0,13,0,21,11,0,32,0,27,18,0,45,0,0,0,45
07/22/2016,BKL,OH,AGL,CE,Federal Contract Tower,1,37,61,0,99,0,16,25,7,48,1,53,86,7,147,0,0,0,147
07/23/2016,BKL,OH,AGL,CE,Federal Contract Tower,0,4,8,0,12,0,14,11,0,25,0,18,19,0,37,26,0,26,63
07/24/2016,BKL,OH,AGL,CE,Federal Contract Tower,0,5,10,0,15,0,12,11,0,23,0,17,21,0,38,0,0,0,38
07/25/2016,BKL,OH,AGL,CE,Federal Contract Tower,0,14,23,0,37,0,35,28,0,63,0,49,51,0,100,22,0,22,122
07/26/2016,BKL,OH,AGL,CE,Federal Contract Tower,0,21,32,1,54,0,35,64,2,101,0,56,96,3,155,60,0,60,215
07/27/2016,BKL,OH,AGL,CE,Federal Contract Tower,1,10,20,0,31,0,33,57,0,90,1,43,77,0,121,12,0,12,133
07/28/2016,BKL,OH,AGL,CE,Federal Contract Tower,0,11,14,0,25,0,29,58,0,87,0,40,72,0,112,78,0,78,190
07/29/2016,BKL,OH,AGL,CE,Federal Contract Tower,0,16,16,1,33,0,5,30,1,36,0,21,46,2,69,8,0,8,77
07/30/2016,BKL,OH,AGL,CE,Federal Contract Tower,0,4,5,0,9,0,12,21,0,33,0,16,26,0,42,28,0,28,70
07/31/2016,BKL,OH,AGL,CE,Federal Contract Tower,0,7,23,0,30,0,5,36,0,41,0,12,59,0,71,22,0,22,93
08/01/2016,BKL,OH,AGL,CE,Federal Contract Tower,1,17,27,0,45,0,13,35,0,48,1,30,62,0,93,94,0,94,187
08/02/2016,BKL,OH,AGL,CE,Federal Contract Tower,0,26,19,0,45,0,23,39,0,62,0,49,58,0,107,106,0,106,213
08/03/2016,BKL,OH,AGL,CE,Federal Contract Tower,0,8,21,2,31,0,21,53,0,74,0,29,74,2,105,30,2,32,137
08/04/2016,BKL,OH,AGL,CE,Federal Contract Tower,1,18,18,0,37,0,16,51,0,67,1,34,69,0,104,48,0,48,152
08/05/2016,BKL,OH,AGL,CE,Federal Contract Tower,0,12,5,0,17,0,15,22,0,37,0,27,27,0,54,48,0,48,102
08/06/2016,BKL,OH,AGL,CE,Federal Contract Tower,0,9,6,0,15,0,9,49,0,58,0,18,55,0,73,90,0,90,163
08/07/2016,BKL,OH,AGL,CE,Federal Contract Tower,0,6,11,0,17,0,9,26,0,35,0,15,37,0,52,54,0,54,106
08/08/2016,BKL,OH,AGL,CE,Federal Contract Tower,0,16,16,0,32,0,8,16,0,24,0,24,32,0,56,22,0,22,78
08/09/2016,BKL,OH,AGL,CE,Federal Contract Tower,0,19,14,0,33,0,22,26,0,48,0,41,40,0,81,42,0,42,123
08/10/2016,BKL,OH,AGL,CE,Federal Contract Tower,0,26,17,0,43,0,31,29,0,60,0,57,46,0,103,48,0,48,151
08/11/2016,BKL,OH,AGL,CE,Federal Contract Tower,0,25,22,2,49,0,11,23,0,34,0,36,45,2,83,20,0,20,103
08/12/2016,BKL,OH,AGL,CE,Federal Contract Tower,0,17,9,0,26,0,5,21,0,26,0,22,30,0,52,36,0,36,88
08/13/2016,BKL,OH,AGL,CE,Federal Contract Tower,0,5,6,0,11,0,4,22,0,26,0,9,28,0,37,14,0,14,51
08/14/2016,BKL,OH,AGL,CE,Federal Contract Tower,0,7,9,2,18,0,5,6,0,11,0,12,15,2,29,4,0,4,33
08/15/2016,BKL,OH,AGL,CE,Federal Contract Tower,3,10,13,2,28,0,9,13,0,22,3,19,26,2,50,14,0,14,64
08/16/2016,BKL,OH,AGL,CE,Federal Contract Tower,1,13,18,2,34,0,14,13,0,27,1,27,31,2,61,0,0,0,61
08/17/2016,BKL,OH,AGL,CE,Federal Contract Tower,1,26,14,1,42,0,17,47,0,64,1,43,61,1,106,48,0,48,154
08/18/2016,BKL,OH,AGL,CE,Federal Contract Tower,0,22,33,0,55,0,21,47,0,68,0,43,80,0,123,84,0,84,207
08/19/2016,BKL,OH,AGL,CE,Federal Contract Tower,2,14,27,2,45,0,23,35,1,59,2,37,62,3,104,10,0,10,114
08/20/2016,BKL,OH,AGL,CE,Federal Contract Tower,0,4,8,0,12,0,21,52,0,73,0,25,60,0,85,154,0,154,239
08/21/2016,BKL,OH,AGL,CE,Federal Contract Tower,1,3,12,0,16,0,8,15,0,23,1,11,27,0,39,18,0,18,57
08/22/2016,BKL,OH,AGL,CE,Federal Contract Tower,0,11,13,0,24,0,1,35,1,37,0,12,48,1,61,144,0,144,205
08/23/2016,BKL,OH,AGL,CE,Federal Contract Tower,0,17,16,1,34,0,2,69,0,71,0,19,85,1,105,142,0,142,247
08/24/2016,BKL,OH,AGL,CE,Federal Contract Tower,0,22,28,0,50,0,20,63,0,83,0,42,91,0,133,64,0,64,197
08/25/2016,BKL,OH,AGL,CE,Federal Contract Tower,0,11,15,0,26,0,11,8,0,19,0,22,23,0,45,4,0,4,49
08/26/2016,BKL,OH,AGL,CE,Federal Contract Tower,0,12,12,0,24,0,13,42,0,55,0,25,54,0,79,30,0,30,109
08/27/2016,BKL,OH,AGL,CE,Federal Contract Tower,0,2,10,0,12,0,11,43,0,54,0,13,53,0,66,42,0,42,108
08/28/2016,BKL,OH,AGL,CE,Federal Contract Tower,0,7,14,0,21,0,6,25,0,31,0,13,39,0,52,34,0,34,86
08/29/2016,BKL,OH,AGL,CE,Federal Contract Tower,1,15,14,0,30,0,10,19,2,31,1,25,33,2,61,6,0,6,67
08/30/2016,BKL,OH,AGL,CE,Federal Contract Tower,0,9,19,7,35,0,19,19,0,38,0,28,38,7,73,66,0,66,139
08/31/2016,BKL,OH,AGL,CE,Federal Contract Tower,0,20,16,13,49,0,10,21,1,32,0,30,37,14,81,18,0,18,99
09/01/2016,BKL,OH,AGL,CE,Federal Contract Tower,1,12,23,5,41,0,24,19,3,46,1,36,42,8,87,0,0,0,87
09/02/2016,BKL,OH,AGL,CE,Federal Contract Tower,0,9,15,4,28,0,10,25,6,41,0,19,40,10,69,0,0,0,69
09/03/2016,BKL,OH,AGL,CE,Federal Contract Tower,1,3,1,0,5,0,7,3,3,13,1,10,4,3,18,0,0,0,18
09/04/2016,BKL,OH,AGL,CE,Federal Contract Tower,0,1,0,1,2,0,9,4,0,13,0,10,4,1,15,0,0,0,15
09/05/2016,BKL,OH,AGL,CE,Federal Contract Tower,1,5,6,9,21,0,4,21,3,28,1,9,27,12,49,2,0,2,51
09/06/2016,BKL,OH,AGL,CE,Federal Contract Tower,0,13,22,8,43,0,6,33,0,39,0,19,55,8,82,0,2,2,84
09/07/2016,BKL,OH,AGL,CE,Federal Contract Tower,0,15,14,2,31,0,21,11,0,32,0,36,25,2,63,42,0,42,105
09/08/2016,BKL,OH,AGL,CE,Federal Contract Tower,1,29,21,0,51,0,13,21,0,34,1,42,42,0,85,0,0,0,85
09/09/2016,BKL,OH,AGL,CE,Federal Contract Tower,0,14,33,0,47,0,19,37,0,56,0,33,70,0,103,92,0,92,195
09/10/2016,BKL,OH,AGL,CE,Federal Contract Tower,0,14,11,0,25,0,9,23,0,32,0,23,34,0,57,96,0,96,153
09/11/2016,BKL,OH,AGL,CE,Federal Contract Tower,0,8,19,0,27,0,13,45,0,58,0,21,64,0,85,86,0,86,171
09/12/2016,BKL,OH,AGL,CE,Federal Contract Tower,0,13,14,0,27,0,12,33,0,45,0,25,47,0,72,68,0,68,140
09/13/2016,BKL,OH,AGL,CE,Federal Contract Tower,0,15,21,1,37,0,18,43,0,61,0,33,64,1,98,124,0,124,222
09/14/2016,BKL,OH,AGL,CE,Federal Contract Tower,0,20,27,5,52,0,10,27,0,37,0,30,54,5,89,0,0,0,89
09/15/2016,BKL,OH,AGL,CE,Federal Contract Tower,0,18,13,6,37,0,23,57,0,80,0,41,70,6,117,90,0,90,207
09/16/2016,BKL,OH,AGL,CE,Federal Contract Tower,0,12,19,1,32,0,37,63,0,100,0,49,82,1,132,104,0,104,236
09/17/2016,BKL,OH,AGL,CE,Federal Contract Tower,0,7,4,0,11,0,12,27,0,39,0,19,31,0,50,0,0,0,50
09/18/2016,BKL,OH,AGL,CE,Federal Contract Tower,0,16,39,1,56,0,15,16,0,31,0,31,55,1,87,20,0,20,107
09/19/2016,BKL,OH,AGL,CE,Federal Contract Tower,0,13,14,1,28,0,13,36,0,49,0,26,50,1,77,56,0,56,133
09/20/2016,BKL,OH,AGL,CE,Federal Contract Tower,0,14,26,0,40,0,11,39,0,50,0,25,65,0,90,18,0,18,108
09/21/2016,BKL,OH,AGL,CE,Federal Contract Tower,5,28,30,0,63,0,17,33,0,50,5,45,63,0,113,70,0,70,183
09/22/2016,BKL,OH,AGL,CE,Federal Contract Tower,2,16,29,0,47,0,19,39,0,58,2,35,68,0,105,116,0,116,221
09/23/2016,BKL,OH,AGL,CE,Federal Contract Tower,0,19,29,0,48,0,31,47,0,78,0,50,76,0,126,92,0,92,218
09/24/2016,BKL,OH,AGL,CE,Federal Contract Tower,0,7,15,0,22,0,21,47,0,68,0,28,62,0,90,98,0,98,188
09/25/2016,BKL,OH,AGL,CE,Federal Contract Tower,2,9,11,0,22,0,14,54,0,68,2,23,65,0,90,60,0,60,150
09/26/2016,BKL,OH,AGL,CE,Federal Contract Tower,0,12,25,2,39,0,4,9,0,13,0,16,34,2,52,28,0,28,80
09/27/2016,BKL,OH,AGL,CE,Federal Contract Tower,0,18,39,4,61,0,20,27,0,47,0,38,66,4,108,56,0,56,164
09/28/2016,BKL,OH,AGL,CE,Federal Contract Tower,0,21,20,2,43,0,21,19,0,40,0,42,39,2,83,50,0,50,133
09/29/2016,BKL,OH,AGL,CE,Federal Contract Tower,0,27,24,1,52,0,9,9,0,18,0,36,33,1,70,10,0,10,80
09/30/2016,BKL,OH,AGL,CE,Federal Contract Tower,0,22,21,0,43,0,13,0,0,13,0,35,21,0,56,0,0,0,56
10/01/2016,BKL,OH,AGL,CE,Federal Contract Tower,0,7,9,0,16,0,16,12,0,28,0,23,21,0,44,26,0,26,70
10/02/2016,BKL,OH,AGL,CE,Federal Contract Tower,0,8,14,0,22,0,9,11,0,20,0,17,25,0,42,24,0,24,66
10/03/2016,BKL,OH,AGL,CE,Federal Contract Tower,0,17,22,0,39,0,27,29,0,56,0,44,51,0,95,52,0,52,147
10/04/2016,BKL,OH,AGL,CE,Federal Contract Tower,0,20,32,2,54,0,22,47,0,69,0,42,79,2,123,194,0,194,317
10/05/2016,BKL,OH,AGL,CE,Federal Contract Tower,0,14,27,6,47,0,32,40,0,72,0,46,67,6,119,104,2,106,225
10/06/2016,BKL,OH,AGL,CE,Federal Contract Tower,0,30,23,6,59,0,22,57,0,79,0,52,80,6,138,104,0,104,242
10/07/2016,BKL,OH,AGL,CE,Federal Contract Tower,0,18,31,0,49,0,19,62,0,81,0,37,93,0,130,56,0,56,186
10/08/2016,BKL,OH,AGL,CE,Federal Contract Tower,0,12,14,2,28,0,3,47,0,50,0,15,61,2,78,58,0,58,136
10/09/2016,BKL,OH,AGL,CE,Federal Contract Tower,0,18,45,0,63,0,4,38,3,45,0,22,83,3,108,4,0,4,112
10/10/2016,BKL,OH,AGL,CE,Federal Contract Tower,0,9,8,0,17,0,32,65,0,97,0,41,73,0,114,84,0,84,198
10/11/2016,BKL,OH,AGL,CE,Federal Contract Tower,0,13,17,0,30,0,25,62,0,87,0,38,79,0,117,106,0,106,223
10/12/2016,BKL,OH,AGL,CE,Federal Contract Tower,0,21,13,0,34,0,18,50,0,68,0,39,63,0,102,20,0,20,122
10/13/2016,BKL,OH,AGL,CE,Federal Contract Tower,0,8,16,0,24,0,14,20,0,34,0,22,36,0,58,12,0,12,70
10/14/2016,BKL,OH,AGL,CE,Federal Contract Tower,0,8,10,1,19,0,14,34,0,48,0,22,44,1,67,20,0,20,87
10/15/2016,BKL,OH,AGL,CE,Federal Contract Tower,0,7,22,1,30,0,14,45,0,59,0,21,67,1,89,44,0,44,133
10/16/2016,BKL,OH,AGL,CE,Federal Contract Tower,0,11,22,0,33,0,9,26,0,35,0,20,48,0,68,36,0,36,104
10/17/2016,BKL,OH,AGL,CE,Federal Contract Tower,0,11,6,0,17,0,10,21,2,33,0,21,27,2,50,22,0,22,72
10/18/2016,BKL,OH,AGL,CE,Federal Contract Tower,0,20,24,5,49,0,15,17,0,32,0,35,41,5,81,18,0,18,99
10/19/2016,BKL,OH,AGL,CE,Federal Contract Tower,0,13,14,2,29,0,14,24,0,38,0,27,38,2,67,50,0,50,117
10/20/2016,BKL,OH,AGL,CE,Federal Contract Tower,0,13,28,0,41,0,6,7,0,13,0,19,35,0,54,0,0,0,54
10/21/2016,BKL,OH,AGL,CE,Federal Contract Tower,0,12,18,0,30,0,2,3,0,5,0,14,21,0,35,0,0,0,35
10/22/2016,BKL,OH,AGL,CE,Federal Contract Tower,0,1,2,0,3,0,11,15,0,26,0,12,17,0,29,0,0,0,29
10/23/2016,BKL,OH,AGL,CE,Federal Contract Tower,0,5,15,0,20,0,12,44,0,56,0,17,59,0,76,82,0,82,158
10/24/2016,BKL,OH,AGL,CE,Federal Contract Tower,0,16,32,0,48,0,32,9,0,41,0,48,41,0,89,8,0,8,97
10/25/2016,BKL,OH,AGL,CE,Federal Contract Tower,0,78,105,0,183,0,28,86,0,114,0,106,191,0,297,34,0,34,331
10/26/2016,BKL,OH,AGL,CE,Federal Contract Tower,0,108,135,1,244,0,13,37,0,50,0,121,172,1,294,0,0,0,294
10/27/2016,BKL,OH,AGL,CE,Federal Contract Tower,2,65,73,0,140,0,10,12,0,22,2,75,85,0,162,0,0,0,162
10/28/2016,BKL,OH,AGL,CE,Federal Contract Tower,0,18,26,0,44,0,10,54,3,67,0,28,80,3,111,86,0,86,197
10/29/2016,BKL,OH,AGL,CE,Federal Contract Tower,0,6,9,0,15,0,14,31,2,47,0,20,40,2,62,48,0,48,110
10/30/2016,BKL,OH,AGL,CE,Federal Contract Tower,0,13,21,0,34,0,3,14,0,17,0,16,35,0,51,0,0,0,51
10/31/2016,BKL,OH,AGL,CE,Federal Contract Tower,0,13,6,0,19,0,23,52,0,75,0,36,58,0,94,30,0,30,124
11/01/2016,BKL,OH,AGL,CE,Federal Contract Tower,0,54,73,0,127,0,35,69,0,104,0,89,142,0,231,14,0,14,245
11/02/2016,BKL,OH,AGL,CE,Federal Contract Tower,0,86,116,2,204,0,23,60,0,83,0,109,176,2,287,20,0,20,307
11/03/2016,BKL,OH,AGL,CE,Federal Contract Tower,0,97,126,3,226,0,2,10,1,13,0,99,136,4,239,0,0,0,239
11/04/2016,BKL,OH,AGL,CE,Federal Contract Tower,0,27,23,0,50,0,26,48,0,74,0,53,71,0,124,112,0,112,236
11/05/2016,BKL,OH,AGL,CE,Federal Contract Tower,0,13,16,0,29,0,17,65,0,82,0,30,81,0,111,214,0,214,325
11/06/2016,BKL,OH,AGL,CE,Federal Contract Tower,0,16,24,0,40,0,26,83,0,109,0,42,107,0,149,60,0,60,209
11/07/2016,BKL,OH,AGL,CE,Federal Contract Tower,0,19,20,0,39,0,33,34,26,93,0,52,54,26,132,78,0,78,210
11/08/2016,BKL,OH,AGL,CE,Federal Contract Tower,0,13,12,0,25,0,7,53,0,60,0,20,65,0,85,88,0,88,173
11/09/2016,BKL,OH,AGL,CE,Federal Contract Tower,0,14,20,0,34,0,7,8,0,15,0,21,28,0,49,0,0,0,49
11/10/2016,BKL,OH,AGL,CE,Federal Contract Tower,0,25,21,0,46,0,17,51,2,70,0,42,72,2,116,124,0,124,240
11/11/2016,BKL,OH,AGL,CE,Federal Contract Tower,0,9,16,0,25,0,20,13,0,33,0,29,29,0,58,24,0,24,82
11/12/2016,BKL,OH,AGL,CE,Federal Contract Tower,0,6,8,0,14,0,15,67,0,82,0,21,75,0,96,172,0,172,268
11/13/2016,BKL,OH,AGL,CE,Federal Contract Tower,0,10,10,0,20,0,18,57,0,75,0,28,67,0,95,192,0,192,287
11/14/2016,BKL,OH,AGL,CE,Federal Contract Tower,0,16,26,0,42,0,8,51,0,59,0,24,77,0,101,108,0,108,209
11/15/2016,BKL,OH,AGL,CE,Federal Contract Tower,0,20,20,0,40,0,23,47,0,70,0,43,67,0,110,74,0,74,184
11/16/2016,BKL,OH,AGL,CE,Federal Contract Tower,0,16,26,0,42,0,7,10,0,17,0,23,36,0,59,2,0,2,61
11/17/2016,BKL,OH,AGL,CE,Federal Contract Tower,0,14,30,0,44,0,7,40,0,47,0,21,70,0,91,96,0,96,187
11/18/2016,BKL,OH,AGL,CE,Federal Contract Tower,0,31,24,0,55,0,21,47,0,68,0,52,71,0,123,100,0,100,223
11/19/2016,BKL,OH,AGL,CE,Federal Contract Tower,0,10,14,2,26,0,2,0,0,2,0,12,14,2,28,0,2,2,30
11/20/2016,BKL,OH,AGL,CE,Federal Contract Tower,0,6,12,0,18,0,10,4,0,14,0,16,16,0,32,2,0,2,34
11/21/2016,BKL,OH,AGL,CE,Federal Contract Tower,0,17,10,0,27,0,25,9,0,34,0,42,19,0,61,2,0,2,63
11/22/2016,BKL,OH,AGL,CE,Federal Contract Tower,0,18,12,0,30,0,35,47,0,82,0,53,59,0,112,126,0,126,238
11/23/2016,BKL,OH,AGL,CE,Federal Contract Tower,0,9,13,0,22,0,7,24,0,31,0,16,37,0,53,2,0,2,55
11/24/2016,BKL,OH,AGL,CE,Federal Contract Tower,0,8,2,0,10,0,1,0,0,1,0,9,2,0,11,0,0,0,11
11/25/2016,BKL,OH,AGL,CE,Federal Contract Tower,0,5,8,0,13,0,11,8,0,19,0,16,16,0,32,22,0,22,54
11/26/2016,BKL,OH,AGL,CE,Federal Contract Tower,0,6,20,0,26,0,26,30,0,56,0,32,50,0,82,22,0,22,104
11/27/2016,BKL,OH,AGL,CE,Federal Contract Tower,0,5,23,0,28,0,25,54,0,79,0,30,77,0,107,8,0,8,115
11/28/2016,BKL,OH,AGL,CE,Federal Contract Tower,0,12,21,0,33,0,16,10,0,26,0,28,31,0,59,18,0,18,77
11/29/2016,BKL,OH,AGL,CE,Federal Contract Tower,0,15,18,0,33,0,13,31,0,44,0,28,49,0,77,68,0,68,145
11/30/2016,BKL,OH,AGL,CE,Federal Contract Tower,0,25,11,1,37,0,2,17,0,19,0,27,28,1,56,54,0,54,110
12/01/2016,BKL,OH,AGL,CE,Federal Contract Tower,0,22,15,2,39,0,5,7,0,12,0,27,22,2,51,6,0,6,57
12/02/2016,BKL,OH,AGL,CE,Federal Contract Tower,0,24,20,1,45,0,16,11,0,27,0,40,31,1,72,10,0,10,82
12/03/2016,BKL,OH,AGL,CE,Federal Contract Tower,0,9,5,2,16,0,7,14,0,21,0,16,19,2,37,0,0,0,37
12/04/2016,BKL,OH,AGL,CE,Federal Contract Tower,1,4,3,0,8,0,18,47,0,65,1,22,50,0,73,142,0,142,215
12/05/2016,BKL,OH,AGL,CE,Federal Contract Tower,0,12,8,0,20,0,20,13,0,33,0,32,21,0,53,78,0,78,131
12/06/2016,BKL,OH,AGL,CE,Federal Contract Tower,0,10,15,0,25,0,17,5,0,22,0,27,20,0,47,0,0,0,47
12/07/2016,BKL,OH,AGL,CE,Federal Contract Tower,0,24,30,0,54,0,9,32,0,41,0,33,62,0,95,88,0,88,183
12/08/2016,BKL,OH,AGL,CE,Federal Contract Tower,0,13,22,0,35,0,7,4,0,11,0,20,26,0,46,0,0,0,46
12/09/2016,BKL,OH,AGL,CE,Federal Contract Tower,0,18,19,0,37,0,2,3,0,5,0,20,22,0,42,0,0,0,42
12/10/2016,BKL,OH,AGL,CE,Federal Contract Tower,0,4,10,0,14,0,0,2,0,2,0,4,12,0,16,0,0,0,16
12/11/2016,BKL,OH,AGL,CE,Federal Contract Tower,0,20,9,0,29,0,2,0,0,2,0,22,9,0,31,0,0,0,31
12/12/2016,BKL,OH,AGL,CE,Federal Contract Tower,0,13,18,0,31,0,3,1,0,4,0,16,19,0,35,0,0,0,35
12/13/2016,BKL,OH,AGL,CE,Federal Contract Tower,0,17,24,0,41,0,6,5,0,11,0,23,29,0,52,30,0,30,82
12/14/2016,BKL,OH,AGL,CE,Federal Contract Tower,0,23,26,0,49,0,6,12,0,18,0,29,38,0,67,14,0,14,81
12/15/2016,BKL,OH,AGL,CE,Federal Contract Tower,0,17,12,0,29,0,1,0,0,1,0,18,12,0,30,0,0,0,30
12/16/2016,BKL,OH,AGL,CE,Federal Contract Tower,0,26,18,0,44,0,8,17,0,25,0,34,35,0,69,12,0,12,81
12/17/2016,BKL,OH,AGL,CE,Federal Contract Tower,0,4,3,0,7,0,2,1,0,3,0,6,4,0,10,0,0,0,10
12/18/2016,BKL,OH,AGL,CE,Federal Contract Tower,0,1,0,0,1,0,0,0,0,0,0,1,0,0,1,0,0,0,1
12/19/2016,BKL,OH,AGL,CE,Federal Contract Tower,0,10,10,0,20,0,20,1,0,21,0,30,11,0,41,0,0,0,41
12/20/2016,BKL,OH,AGL,CE,Federal Contract Tower,0,4,6,0,10,0,16,6,0,22,0,20,12,0,32,0,0,0,32
12/21/2016,BKL,OH,AGL,CE,Federal Contract Tower,0,13,12,0,25,0,15,34,0,49,0,28,46,0,74,40,0,40,114
12/22/2016,BKL,OH,AGL,CE,Federal Contract Tower,0,17,6,0,23,0,0,3,18,21,0,17,9,18,44,26,0,26,70
12/23/2016,BKL,OH,AGL,CE,Federal Contract Tower,0,10,6,0,16,0,17,26,0,43,0,27,32,0,59,18,0,18,77
12/24/2016,BKL,OH,AGL,CE,Federal Contract Tower,0,2,10,0,12,0,5,2,0,7,0,7,12,0,19,0,0,0,19
12/25/2016,BKL,OH,AGL,CE,Federal Contract Tower,0,5,12,0,17,0,0,2,0,2,0,5,14,0,19,0,0,0,19
12/26/2016,BKL,OH,AGL,CE,Federal Contract Tower,0,9,2,0,11,0,16,7,0,23,0,25,9,0,34,0,0,0,34
12/27/2016,BKL,OH,AGL,CE,Federal Contract Tower,0,7,4,0,11,0,14,9,0,23,0,21,13,0,34,0,0,0,34
12/28/2016,BKL,OH,AGL,CE,Federal Contract Tower,0,9,12,0,21,0,15,16,2,33,0,24,28,2,54,34,0,34,88
12/29/2016,BKL,OH,AGL,CE,Federal Contract Tower,0,6,5,0,11,0,14,6,0,20,0,20,11,0,31,0,0,0,31
12/30/2016,BKL,OH,AGL,CE,Federal Contract Tower,0,5,4,1,10,0,2,4,38,44,0,7,8,39,54,0,0,0,54
12/31/2016,BKL,OH,AGL,CE,Federal Contract Tower,0,2,2,0,4,0,5,0,1,6,0,7,2,1,10,0,0,0,10
01/01/2017,BKL,OH,AGL,CE,Federal Contract Tower,0,1,1,0,2,0,10,17,0,27,0,11,18,0,29,16,0,16,45
01/02/2017,BKL,OH,AGL,CE,Federal Contract Tower,0,7,3,0,10,0,1,8,0,9,0,8,11,0,19,2,0,2,21
01/03/2017,BKL,OH,AGL,CE,Federal Contract Tower,0,12,7,2,21,0,7,1,0,8,0,19,8,2,29,0,0,0,29
01/04/2017,BKL,OH,AGL,CE,Federal Contract Tower,0,8,11,0,19,0,4,2,0,6,0,12,13,0,25,0,0,0,25
01/05/2017,BKL,OH,AGL,CE,Federal Contract Tower,0,11,12,0,23,0,2,0,0,2,0,13,12,0,25,0,0,0,25
01/06/2017,BKL,OH,AGL,CE,Federal Contract Tower,0,15,7,0,22,0,10,10,0,20,0,25,17,0,42,0,0,0,42
01/07/2017,BKL,OH,AGL,CE,Federal Contract Tower,0,2,9,0,11,0,3,2,0,5,0,5,11,0,16,0,0,0,16
01/08/2017,BKL,OH,AGL,CE,Federal Contract Tower,0,2,7,0,9,0,10,0,0,10,0,12,7,0,19,0,0,0,19
01/09/2017,BKL,OH,AGL,CE,Federal Contract Tower,0,11,11,0,22,0,4,11,0,15,0,15,22,0,37,0,0,0,37
01/10/2017,BKL,OH,AGL,CE,Federal Contract Tower,0,7,2,0,9,0,0,0,0,0,0,7,2,0,9,0,0,0,9
01/11/2017,BKL,OH,AGL,CE,Federal Contract Tower,0,10,20,0,30,0,8,5,0,13,0,18,25,0,43,0,0,0,43
01/12/2017,BKL,OH,AGL,CE,Federal Contract Tower,0,4,16,0,20,0,0,0,0,0,0,4,16,0,20,0,0,0,20
01/13/2017,BKL,OH,AGL,CE,Federal Contract Tower,0,14,14,0,28,0,4,14,0,18,0,18,28,0,46,6,0,6,52
01/14/2017,BKL,OH,AGL,CE,Federal Contract Tower,0,8,12,0,20,0,3,16,0,19,0,11,28,0,39,24,0,24,63
01/15/2017,BKL,OH,AGL,CE,Federal Contract Tower,0,6,6,0,12,0,9,18,0,27,0,15,24,0,39,10,0,10,49
01/16/2017,BKL,OH,AGL,CE,Federal Contract Tower,0,16,11,0,27,0,9,28,0,37,0,25,39,0,64,80,0,80,144
01/17/2017,BKL,OH,AGL,CE,Federal Contract Tower,0,15,9,0,24,0,9,4,0,13,0,24,13,0,37,0,0,0,37
01/18/2017,BKL,OH,AGL,CE,Federal Contract Tower,0,23,16,0,39,0,2,0,0,2,0,25,16,0,41,2,0,2,43
01/19/2017,BKL,OH,AGL,CE,Federal Contract Tower,0,20,18,0,38,0,3,9,0,12,0,23,27,0,50,24,0,24,74
01/20/2017,BKL,OH,AGL,CE,Federal Contract Tower,0,15,12,0,27,0,4,3,0,7,0,19,15,0,34,0,0,0,34
01/21/2017,BKL,OH,AGL,CE,Federal Contract Tower,0,6,8,0,14,0,6,26,0,32,0,12,34,0,46,50,0,50,96
01/22/2017,BKL,OH,AGL,CE,Federal Contract Tower,0,8,21,0,29,0,7,18,0,25,0,15,39,0,54,40,0,40,94
01/23/2017,BKL,OH,AGL,CE,Federal Contract Tower,0,5,2,0,7,0,1,0,0,1,0,6,2,0,8,0,0,0,8
01/24/2017,BKL,OH,AGL,CE,Federal Contract Tower,0,17,17,0,34,0,0,0,2,2,0,17,17,2,36,0,0,0,36
01/25/2017,BKL,OH,AGL,CE,Federal Contract Tower,0,18,17,0,35,0,15,10,0,25,0,33,27,0,60,10,0,10,70
01/26/2017,BKL,OH,AGL,CE,Federal Contract Tower,0,14,19,0,33,0,14,3,0,17,0,28,22,0,50,16,0,16,66
01/27/2017,BKL,OH,AGL,CE,Federal Contract Tower,0,11,10,0,21,0,6,5,1,12,0,17,15,1,33,34,0,34,67
01/28/2017,BKL,OH,AGL,CE,Federal Contract Tower,0,6,16,0,22,0,5,4,0,9,0,11,20,0,31,6,0,6,37
01/29/2017,BKL,OH,AGL,CE,Federal Contract Tower,0,9,14,1,24,0,3,0,0,3,0,12,14,1,27,16,0,16,43
01/30/2017,BKL,OH,AGL,CE,Federal Contract Tower,0,8,9,0,17,0,20,4,0,24,0,28,13,0,41,0,0,0,41
01/31/2017,BKL,OH,AGL,CE,Federal Contract Tower,0,15,11,0,26,0,7,8,0,15,0,22,19,0,41,8,0,8,49
02/01/2017,BKL,OH,AGL,CE,Federal Contract Tower,0,11,18,0,29,0,31,9,0,40,0,42,27,0,69,6,0,6,75
02/02/2017,BKL,OH,AGL,CE,Federal Contract Tower,0,15,14,0,29,0,17,1,0,18,0,32,15,0,47,4,0,4,51
02/03/2017,BKL,OH,AGL,CE,Federal Contract Tower,0,6,20,0,26,0,17,15,0,32,0,23,35,0,58,0,0,0,58
02/04/2017,BKL,OH,AGL,CE,Federal Contract Tower,0,4,11,0,15,0,7,36,0,43,0,11,47,0,58,20,0,20,78
02/05/2017,BKL,OH,AGL,CE,Federal Contract Tower,0,1,6,0,7,0,12,12,0,24,0,13,18,0,31,28,0,28,59
02/06/2017,BKL,OH,AGL,CE,Federal Contract Tower,0,6,16,0,22,0,6,21,2,29,0,12,37,2,51,74,0,74,125
02/07/2017,BKL,OH,AGL,CE,Federal Contract Tower,0,22,16,0,38,0,5,5,0,10,0,27,21,0,48,6,0,6,54
02/08/2017,BKL,OH,AGL,CE,Federal Contract Tower,0,16,10,0,26,0,9,0,0,9,0,25,10,0,35,12,0,12,47
02/09/2017,BKL,OH,AGL,CE,Federal Contract Tower,0,10,12,0,22,0,9,2,0,11,0,19,14,0,33,0,0,0,33
02/10/2017,BKL,OH,AGL,CE,Federal Contract Tower,0,13,13,0,26,0,17,19,0,36,0,30,32,0,62,48,0,48,110
02/11/2017,BKL,OH,AGL,CE,Federal Contract Tower,0,1,5,0,6,0,21,14,0,35,0,22,19,0,41,50,0,50,91
02/12/2017,BKL,OH,AGL,CE,Federal Contract Tower,1,5,2,0,8,0,1,0,0,1,1,6,2,0,9,0,0,0,9
02/13/2017,BKL,OH,AGL,CE,Federal Contract Tower,0,13,10,2,25,0,10,18,1,29,0,23,28,3,54,38,0,38,92
02/14/2017,BKL,OH,AGL,CE,Federal Contract Tower,0,15,7,0,22,0,7,20,0,27,0,22,27,0,49,12,0,12,61
02/15/2017,BKL,OH,AGL,CE,Federal Contract Tower,0,18,13,0,31,0,2,4,0,6,0,20,17,0,37,0,0,0,37
02/16/2017,BKL,OH,AGL,CE,Federal Contract Tower,0,22,12,0,34,0,9,6,0,15,0,31,18,0,49,32,0,32,81
02/17/2017,BKL,OH,AGL,CE,Federal Contract Tower,0,9,7,0,16,0,5,37,0,42,0,14,44,0,58,54,0,54,112
02/18/2017,BKL,OH,AGL,CE,Federal Contract Tower,0,8,12,0,20,0,14,60,0,74,0,22,72,0,94,98,0,98,192
02/19/2017,BKL,OH,AGL,CE,Federal Contract Tower,0,7,3,1,11,0,9,59,0,68,0,16,62,1,79,128,0,128,207
02/20/2017,BKL,OH,AGL,CE,Federal Contract Tower,0,13,22,0,35,0,32,39,0,71,0,45,61,0,106,86,0,86,192
02/21/2017,BKL,OH,AGL,CE,Federal Contract Tower,0,16,17,2,35,0,35,29,0,64,0,51,46,2,99,82,0,82,181
02/22/2017,BKL,OH,AGL,CE,Federal Contract Tower,0,32,32,0,64,0,27,14,0,41,0,59,46,0,105,46,0,46,151
02/23/2017,BKL,OH,AGL,CE,Federal Contract Tower,0,10,11,0,21,0,43,30,0,73,0,53,41,0,94,56,0,56,150
02/24/2017,BKL,OH,AGL,CE,Federal Contract Tower,0,12,7,2,21,0,20,16,0,36,0,32,23,2,57,0,0,0,57
02/25/2017,BKL,OH,AGL,CE,Federal Contract Tower,0,6,6,0,12,0,11,3,0,14,0,17,9,0,26,12,0,12,38
02/26/2017,BKL,OH,AGL,CE,Federal Contract Tower,0,7,7,0,14,0,12,10,0,22,0,19,17,0,36,2,0,2,38
02/27/2017,BKL,OH,AGL,CE,Federal Contract Tower,0,11,10,2,23,0,10,20,0,30,0,21,30,2,53,80,0,80,133
02/28/2017,BKL,OH,AGL,CE,Federal Contract Tower,0,22,16,0,38,0,3,9,0,12,0,25,25,0,50,0,0,0,50
03/01/2017,BKL,OH,AGL,CE,Federal Contract Tower,0,17,17,0,34,0,1,0,0,1,0,18,17,0,35,0,0,0,35
03/02/2017,BKL,OH,AGL,CE,Federal Contract Tower,0,21,28,0,49,0,6,8,0,14,0,27,36,0,63,4,0,4,67
03/03/2017,BKL,OH,AGL,CE,Federal Contract Tower,0,9,25,0,34,0,4,3,0,7,0,13,28,0,41,0,0,0,41
03/04/2017,BKL,OH,AGL,CE,Federal Contract Tower,0,6,12,0,18,0,4,33,0,37,0,10,45,0,55,58,0,58,113
03/05/2017,BKL,OH,AGL,CE,Federal Contract Tower,0,4,7,0,11,0,4,27,0,31,0,8,34,0,42,76,0,76,118
03/06/2017,BKL,OH,AGL,CE,Federal Contract Tower,0,12,27,0,39,0,27,18,0,45,0,39,45,0,84,0,0,0,84
03/07/2017,BKL,OH,AGL,CE,Federal Contract Tower,1,18,11,0,30,0,24,14,0,38,1,42,25,0,68,0,0,0,68
03/08/2017,BKL,OH,AGL,CE,Federal Contract Tower,0,11,20,2,33,0,39,5,0,44,0,50,25,2,77,0,0,0,77
03/09/2017,BKL,OH,AGL,CE,Federal Contract Tower,0,23,20,0,43,0,20,31,1,52,0,43,51,1,95,94,0,94,189
03/10/2017,BKL,OH,AGL,CE,Federal Contract Tower,0,10,12,1,23,0,5,1,0,6,0,15,13,1,29,0,2,2,31
03/11/2017,BKL,OH,AGL,CE,Federal Contract Tower,0,8,6,0,14,0,10,10,0,20,0,18,16,0,34,52,0,52,86
03/12/2017,BKL,OH,AGL,CE,Federal Contract Tower,0,4,6,0,10,0,7,24,0,31,0,11,30,0,41,78,0,78,119
03/13/2017,BKL,OH,AGL,CE,Federal Contract Tower,0,10,7,0,17,0,17,1,0,18,0,27,8,0,35,24,0,24,59
03/14/2017,BKL,OH,AGL,CE,Federal Contract Tower,0,7,0,0,7,0,0,0,0,0,0,7,0,0,7,0,0,0,7
03/15/2017,BKL,OH,AGL,CE,Federal Contract Tower,0,12,2,0,14,0,3,7,0,10,0,15,9,0,24,44,0,44,68
03/16/2017,BKL,OH,AGL,CE,Federal Contract Tower,0,15,17,0,32,0,15,16,0,31,0,30,33,0,63,32,0,32,95
03/17/2017,BKL,OH,AGL,CE,Federal Contract Tower,0,11,15,0,26,0,11,13,0,24,0,22,28,0,50,10,0,10,60
03/18/2017,BKL,OH,AGL,CE,Federal Contract Tower,0,3,1,0,4,0,0,0,2,2,0,3,1,2,6,0,0,0,6
03/19/2017,BKL,OH,AGL,CE,Federal Contract Tower,0,4,12,0,16,0,0,0,0,0,0,4,12,0,16,4,0,4,20
03/20/2017,BKL,OH,AGL,CE,Federal Contract Tower,0,14,12,2,28,0,11,9,0,20,0,25,21,2,48,18,0,18,66
03/21/2017,BKL,OH,AGL,CE,Federal Contract Tower,0,16,13,0,29,0,0,16,0,16,0,16,29,0,45,10,0,10,55
03/22/2017,BKL,OH,AGL,CE,Federal Contract Tower,0,12,12,0,24,0,8,11,0,19,0,20,23,0,43,0,0,0,43
03/23/2017,BKL,OH,AGL,CE,Federal Contract Tower,0,23,23,1,47,0,15,56,0,71,0,38,79,1,118,40,0,40,158
03/24/2017,BKL,OH,AGL,CE,Federal Contract Tower,0,11,16,0,27,0,36,13,0,49,0,47,29,0,76,0,0,0,76
03/25/2017,BKL,OH,AGL,CE,Federal Contract Tower,0,3,5,0,8,0,10,7,0,17,0,13,12,0,25,12,0,12,37
03/26/2017,BKL,OH,AGL,CE,Federal Contract Tower,0,4,7,0,11,0,6,18,0,24,0,10,25,0,35,24,0,24,59
03/27/2017,BKL,OH,AGL,CE,Federal Contract Tower,0,11,11,0,22,0,20,15,0,35,0,31,26,0,57,68,0,68,125
03/28/2017,BKL,OH,AGL,CE,Federal Contract Tower,0,10,15,0,25,0,51,10,0,61,0,61,25,0,86,22,0,22,108
03/29/2017,BKL,OH,AGL,CE,Federal Contract Tower,0,10,22,0,32,0,39,57,0,96,0,49,79,0,128,112,0,112,240
03/30/2017,BKL,OH,AGL,CE,Federal Contract Tower,0,13,14,0,27,0,9,14,0,23,0,22,28,0,50,20,0,20,70
03/31/2017,BKL,OH,AGL,CE,Federal Contract Tower,0,12,12,0,24,0,0,1,0,1,0,12,13,0,25,0,0,0,25
04/01/2017,BKL,OH,AGL,CE,Federal Contract Tower,0,4,7,0,11,0,4,4,0,8,0,8,11,0,19,8,0,8,27
04/02/2017,BKL,OH,AGL,CE,Federal Contract Tower,0,5,13,0,18,0,25,64,0,89,0,30,77,0,107,166,0,166,273
04/03/2017,BKL,OH,AGL,CE,Federal Contract Tower,0,13,11,0,24,0,20,14,2,36,0,33,25,2,60,8,0,8,68
04/04/2017,BKL,OH,AGL,CE,Federal Contract Tower,0,19,25,0,44,0,10,2,0,12,0,29,27,0,56,0,0,0,56
04/05/2017,BKL,OH,AGL,CE,Federal Contract Tower,0,14,17,2,33,0,19,47,0,66,0,33,64,2,99,100,0,100,199
04/06/2017,BKL,OH,AGL,CE,Federal Contract Tower,0,21,13,0,34,0,5,3,0,8,0,26,16,0,42,0,0,0,42
04/07/2017,BKL,OH,AGL,CE,Federal Contract Tower,0,13,4,0,17,0,4,5,0,9,0,17,9,0,26,6,0,6,32
04/08/2017,BKL,OH,AGL,CE,Federal Contract Tower,0,12,8,0,20,0,23,50,0,73,0,35,58,0,93,138,0,138,231
04/09/2017,BKL,OH,AGL,CE,Federal Contract Tower,0,15,10,0,25,0,8,49,0,57,0,23,59,0,82,80,0,80,162
04/10/2017,BKL,OH,AGL,CE,Federal Contract Tower,0,9,12,0,21,0,17,2,0,19,0,26,14,0,40,0,0,0,40
04/11/2017,BKL,OH,AGL,CE,Federal Contract Tower,0,23,18,3,44,0,12,22,4,38,0,35,40,7,82,44,0,44,126
04/12/2017,BKL,OH,AGL,CE,Federal Contract Tower,0,36,18,3,57,0,18,50,2,70,0,54,68,5,127,0,0,0,127
04/13/2017,BKL,OH,AGL,CE,Federal Contract Tower,0,18,21,2,41,0,9,41,0,50,0,27,62,2,91,68,0,68,159
04/14/2017,BKL,OH,AGL,CE,Federal Contract Tower,1,15,10,0,26,0,33,53,0,86,1,48,63,0,112,86,0,86,198
04/15/2017,BKL,OH,AGL,CE,Federal Contract Tower,0,6,7,0,13,0,12,36,0,48,0,18,43,0,61,96,0,96,157
04/16/2017,BKL,OH,AGL,CE,Federal Contract Tower,0,4,8,0,12,0,26,12,0,38,0,30,20,0,50,4,0,4,54
04/17/2017,BKL,OH,AGL,CE,Federal Contract Tower,0,10,13,0,23,0,22,51,0,73,0,32,64,0,96,88,0,88,184
04/18/2017,BKL,OH,AGL,CE,Federal Contract Tower,0,18,19,0,37,0,4,40,0,44,0,22,59,0,81,96,0,96,177
04/19/2017,BKL,OH,AGL,CE,Federal Contract Tower,0,16,18,1,35,0,3,15,1,19,0,19,33,2,54,0,0,0,54
04/20/2017,BKL,OH,AGL,CE,Federal Contract Tower,0,20,6,0,26,0,16,8,0,24,0,36,14,0,50,0,0,0,50
04/21/2017,BKL,OH,AGL,CE,Federal Contract Tower,0,22,6,0,28,0,17,34,0,51,0,39,40,0,79,36,0,36,115
04/22/2017,BKL,OH,AGL,CE,Federal Contract Tower,0,7,4,0,11,0,25,51,0,76,0,32,55,0,87,86,0,86,173
04/23/2017,BKL,OH,AGL,CE,Federal Contract Tower,0,6,12,1,19,0,39,93,0,132,0,45,105,1,151,104,0,104,255
04/24/2017,BKL,OH,AGL,CE,Federal Contract Tower,0,12,18,0,30,0,13,45,0,58,0,25,63,0,88,36,0,36,124
04/25/2017,BKL,OH,AGL,CE,Federal Contract Tower,0,17,17,2,36,0,7,34,2,43,0,24,51,4,79,28,0,28,107
04/26/2017,BKL,OH,AGL,CE,Federal Contract Tower,0,19,13,0,32,0,15,24,0,39,0,34,37,0,71,46,0,46,117
04/27/2017,BKL,OH,AGL,CE,Federal Contract Tower,1,24,25,0,50,0,27,21,0,48,1,51,46,0,98,28,0,28,126
04/28/2017,BKL,OH,AGL,CE,Federal Contract Tower,1,16,9,0,26,0,20,36,0,56,1,36,45,0,82,28,0,28,110
04/29/2017,BKL,OH,AGL,CE,Federal Contract Tower,0,1,0,0,1,0,7,1,0,8,0,8,1,0,9,0,0,0,9
04/30/2017,BKL,OH,AGL,CE,Federal Contract Tower,2,2,11,0,15,0,16,27,0,43,2,18,38,0,58,48,0,48,106
05/01/2017,BKL,OH,AGL,CE,Federal Contract Tower,0,9,13,0,22,0,19,15,0,34,0,28,28,0,56,0,0,0,56
05/02/2017,BKL,OH,AGL,CE,Federal Contract Tower,0,7,22,0,29,0,11,14,1,26,0,18,36,1,55,0,0,0,55
05/03/2017,BKL,OH,AGL,CE,Federal Contract Tower,0,20,23,0,43,0,14,32,0,46,0,34,55,0,89,44,0,44,133
05/04/2017,BKL,OH,AGL,CE,Federal Contract Tower,0,20,12,0,32,0,6,14,0,20,0,26,26,0,52,24,0,24,76
05/05/2017,BKL,OH,AGL,CE,Federal Contract Tower,0,10,10,0,20,0,4,0,0,4,0,14,10,0,24,14,0,14,38
05/06/2017,BKL,OH,AGL,CE,Federal Contract Tower,0,2,9,0,11,0,3,1,0,4,0,5,10,0,15,0,0,0,15
05/07/2017,BKL,OH,AGL,CE,Federal Contract Tower,0,12,7,0,19,0,11,59,0,70,0,23,66,0,89,10,0,10,99
05/08/2017,BKL,OH,AGL,CE,Federal Contract Tower,0,14,21,0,35,0,30,51,0,81,0,44,72,0,116,88,0,88,204
05/09/2017,BKL,OH,AGL,CE,Federal Contract Tower,0,18,22,2,42,0,21,48,0,69,0,39,70,2,111,76,0,76,187
05/10/2017,BKL,OH,AGL,CE,Federal Contract Tower,1,23,17,1,42,0,36,52,0,88,1,59,69,1,130,72,0,72,202
05/11/2017,BKL,OH,AGL,CE,Federal Contract Tower,0,16,17,0,33,0,19,41,0,60,0,35,58,0,93,52,0,52,145
05/12/2017,BKL,OH,AGL,CE,Federal Contract Tower,2,24,12,0,38,0,25,44,0,69,2,49,56,0,107,70,0,70,177
05/13/2017,BKL,OH,AGL,CE,Federal Contract Tower,0,4,10,0,14,0,17,37,0,54,0,21,47,0,68,30,0,30,98
05/14/2017,BKL,OH,AGL,CE,Federal Contract Tower,2,5,6,0,13,0,3,10,0,13,2,8,16,0,26,0,0,0,26
05/15/2017,BKL,OH,AGL,CE,Federal Contract Tower,2,15,18,2,37,0,9,20,3,32,2,24,38,5,69,14,0,14,83
05/16/2017,BKL,OH,AGL,CE,Federal Contract Tower,0,15,18,0,33,0,12,20,0,32,0,27,38,0,65,2,0,2,67
05/17/2017,BKL,OH,AGL,CE,Federal Contract Tower,2,16,27,0,45,0,25,21,0,46,2,41,48,0,91,0,0,0,91
05/18/2017,BKL,OH,AGL,CE,Federal Contract Tower,0,28,19,1,48,0,16,15,0,31,0,44,34,1,79,6,0,6,85
05/19/2017,BKL,OH,AGL,CE,Federal Contract Tower,0,15,15,1,31,0,21,32,0,53,0,36,47,1,84,40,0,40,124
05/20/2017,BKL,OH,AGL,CE,Federal Contract Tower,0,15,12,2,29,0,6,22,2,30,0,21,34,4,59,16,0,16,75
05/21/2017,BKL,OH,AGL,CE,Federal Contract Tower,0,18,14,0,32,0,8,1,0,9,0,26,15,0,41,0,0,0,41
05/22/2017,BKL,OH,AGL,CE,Federal Contract Tower,0,24,16,0,40,0,29,36,0,65,0,53,52,0,105,88,0,88,193
05/23/2017,BKL,OH,AGL,CE,Federal Contract Tower,0,24,34,1,59,0,46,70,0,116,0,70,104,1,175,120,0,120,295
05/24/2017,BKL,OH,AGL,CE,Federal Contract Tower,0,24,34,2,60,0,17,16,0,33,0,41,50,2,93,10,0,10,103
05/25/2017,BKL,OH,AGL,CE,Federal Contract Tower,1,21,16,1,39,0,4,3,0,7,1,25,19,1,46,0,0,0,46
05/26/2017,BKL,OH,AGL,CE,Federal Contract Tower,0,19,15,0,34,0,6,23,0,29,0,25,38,0,63,44,0,44,107
05/27/2017,BKL,OH,AGL,CE,Federal Contract Tower,0,4,11,0,15,0,9,30,0,39,0,13,41,0,54,6,0,6,60
05/28/2017,BKL,OH,AGL,CE,Federal Contract Tower,0,9,5,0,14,0,11,11,0,22,0,20,16,0,36,4,0,4,40
05/29/2017,BKL,OH,AGL,CE,Federal Contract Tower,0,7,9,0,16,0,12,38,0,50,0,19,47,0,66,50,0,50,116
05/30/2017,BKL,OH,AGL,CE,Federal Contract Tower,0,22,15,1,38,0,27,33,0,60,0,49,48,1,98,28,0,28,126
05/31/2017,BKL,OH,AGL,CE,Federal Contract Tower,0,13,23,0,36,0,21,55,0,76,0,34,78,0,112,16,0,16,128
06/01/2017,BKL,OH,AGL,CE,Federal Contract Tower,1,19,26,3,49,0,17,37,2,56,1,36,63,5,105,10,16,26,131
06/02/2017,BKL,OH,AGL,CE,Federal Contract Tower,0,20,24,4,48,0,26,97,0,123,0,46,121,4,171,144,0,144,315
06/03/2017,BKL,OH,AGL,CE,Federal Contract Tower,0,5,9,0,14,0,18,64,0,82,0,23,73,0,96,52,0,52,148
06/04/2017,BKL,OH,AGL,CE,Federal Contract Tower,0,16,13,0,29,0,24,18,0,42,0,40,31,0,71,10,0,10,81
06/05/2017,BKL,OH,AGL,CE,Federal Contract Tower,0,19,17,0,36,0,13,8,0,21,0,32,25,0,57,6,0,6,63
06/06/2017,BKL,OH,AGL,CE,Federal Contract Tower,0,33,22,1,56,0,23,15,0,38,0,56,37,1,94,2,0,2,96
06/07/2017,BKL,OH,AGL,CE,Federal Contract Tower,0,45,64,0,109,0,11,45,0,56,0,56,109,0,165,0,0,0,165
06/08/2017,BKL,OH,AGL,CE,Federal Contract Tower,0,55,66,0,121,0,22,45,0,67,0,77,111,0,188,54,0,54,242
06/09/2017,BKL,OH,AGL,CE,Federal Contract Tower,2,50,65,1,118,0,15,36,0,51,2,65,101,1,169,28,0,28,197
06/10/2017,BKL,OH,AGL,CE,Federal Contract Tower,0,52,62,0,114,0,14,39,0,53,0,66,101,0,167,16,0,16,183
06/11/2017,BKL,OH,AGL,CE,Federal Contract Tower,2,20,23,1,46,0,12,63,0,75,2,32,86,1,121,18,0,18,139
06/12/2017,BKL,OH,AGL,CE,Federal Contract Tower,0,19,21,0,40,0,18,54,0,72,0,37,75,0,112,62,0,62,174
06/13/2017,BKL,OH,AGL,CE,Federal Contract Tower,0,25,26,0,51,0,8,77,0,85,0,33,103,0,136,62,0,62,198
06/14/2017,BKL,OH,AGL,CE,Federal Contract Tower,0,23,24,4,51,0,16,62,0,78,0,39,86,4,129,54,8,62,191
06/15/2017,BKL,OH,AGL,CE,Federal Contract Tower,0,30,27,2,59,0,19,33,0,52,0,49,60,2,111,16,2,18,129
06/16/2017,BKL,OH,AGL,CE,Federal Contract Tower,0,29,26,0,55,0,22,58,2,82,0,51,84,2,137,144,0,144,281
06/17/2017,BKL,OH,AGL,CE,Federal Contract Tower,0,9,25,0,34,0,11,33,0,44,0,20,58,0,78,4,0,4,82
06/18/2017,BKL,OH,AGL,CE,Federal Contract Tower,0,12,20,0,32,0,11,20,0,31,0,23,40,0,63,4,0,4,67
06/19/2017,BKL,OH,AGL,CE,Federal Contract Tower,0,15,31,0,46,0,19,45,0,64,0,34,76,0,110,20,0,20,130
06/20/2017,BKL,OH,AGL,CE,Federal Contract Tower,0,21,31,0,52,0,14,48,0,62,0,35,79,0,114,44,0,44,158
06/21/2017,BKL,OH,AGL,CE,Federal Contract Tower,0,26,44,2,72,0,17,59,1,77,0,43,103,3,149,70,0,70,219
06/22/2017,BKL,OH,AGL,CE,Federal Contract Tower,0,24,28,2,54,0,7,46,2,55,0,31,74,4,109,20,0,20,129
06/23/2017,BKL,OH,AGL,CE,Federal Contract Tower,1,21,35,0,57,0,12,31,0,43,1,33,66,0,100,8,0,8,108
06/24/2017,BKL,OH,AGL,CE,Federal Contract Tower,0,11,24,0,35,0,14,164,0,178,0,25,188,0,213,28,0,28,241
06/25/2017,BKL,OH,AGL,CE,Federal Contract Tower,0,13,45,0,58,0,19,38,0,57,0,32,83,0,115,28,0,28,143
06/26/2017,BKL,OH,AGL,CE,Federal Contract Tower,0,18,29,0,47,0,24,39,0,63,0,42,68,0,110,70,0,70,180
06/27/2017,BKL,OH,AGL,CE,Federal Contract Tower,0,19,35,3,57,0,19,40,0,59,0,38,75,3,116,22,0,22,138
06/28/2017,BKL,OH,AGL,CE,Federal Contract Tower,2,30,47,0,79,0,15,43,1,59,2,45,90,1,138,34,0,34,172
06/29/2017,BKL,OH,AGL,CE,Federal Contract Tower,0,26,30,0,56,0,15,25,0,40,0,41,55,0,96,6,0,6,102
06/30/2017,BKL,OH,AGL,CE,Federal Contract Tower,0,19,30,0,49,0,12,11,0,23,0,31,41,0,72,2,0,2,74
07/01/2017,BKL,OH,AGL,CE,Federal Contract Tower,1,20,30,0,51,0,7,25,0,32,1,27,55,0,83,6,0,6,89
07/02/2017,BKL,OH,AGL,CE,Federal Contract Tower,0,7,22,0,29,0,16,44,0,60,0,23,66,0,89,80,0,80,169
07/03/2017,BKL,OH,AGL,CE,Federal Contract Tower,0,8,8,0,16,0,18,56,0,74,0,26,64,0,90,62,0,62,152
07/04/2017,BKL,OH,AGL,CE,Federal Contract Tower,0,9,6,0,15,0,16,55,0,71,0,25,61,0,86,84,0,84,170
07/05/2017,BKL,OH,AGL,CE,Federal Contract Tower,0,10,17,2,29,0,22,45,2,69,0,32,62,4,98,98,0,98,196
07/06/2017,BKL,OH,AGL,CE,Federal Contract Tower,0,10,17,0,27,0,14,37,0,51,0,24,54,0,78,74,0,74,152
07/07/2017,BKL,OH,AGL,CE,Federal Contract Tower,0,22,27,0,49,0,15,30,0,45,0,37,57,0,94,54,0,54,148
07/08/2017,BKL,OH,AGL,CE,Federal Contract Tower,0,6,16,0,22,0,7,50,0,57,0,13,66,0,79,48,0,48,127
07/09/2017,BKL,OH,AGL,CE,Federal Contract Tower,0,6,21,0,27,0,4,60,1,65,0,10,81,1,92,34,0,34,126
07/10/2017,BKL,OH,AGL,CE,Federal Contract Tower,1,17,35,0,53,0,6,15,0,21,1,23,50,0,74,32,0,32,106
07/11/2017,BKL,OH,AGL,CE,Federal Contract Tower,0,13,33,0,46,0,5,14,0,19,0,18,47,0,65,36,0,36,101
07/12/2017,BKL,OH,AGL,CE,Federal Contract Tower,0,30,35,0,65,0,9,26,6,41,0,39,61,6,106,20,0,20,126
07/13/2017,BKL,OH,AGL,CE,Federal Contract Tower,0,20,30,0,50,0,4,22,0,26,0,24,52,0,76,62,0,62,138
07/14/2017,BKL,OH,AGL,CE,Federal Contract Tower,0,19,38,0,57,0,12,46,2,60,0,31,84,2,117,20,0,20,137
07/15/2017,BKL,OH,AGL,CE,Federal Contract Tower,0,9,20,0,29,0,6,77,2,85,0,15,97,2,114,58,0,58,172
07/16/2017,BKL,OH,AGL,CE,Federal Contract Tower,4,8,22,1,35,0,8,50,0,58,4,16,72,1,93,56,0,56,149
07/17/2017,BKL,OH,AGL,CE,Federal Contract Tower,1,15,21,1,38,0,17,47,0,64,1,32,68,1,102,56,0,56,158
07/18/2017,BKL,OH,AGL,CE,Federal Contract Tower,0,14,30,1,45,0,16,71,0,87,0,30,101,1,132,90,0,90,222
07/19/2017,BKL,OH,AGL,CE,Federal Contract Tower,0,14,21,2,37,0,21,69,0,90,0,35,90,2,127,44,0,44,171
07/20/2017,BKL,OH,AGL,CE,Federal Contract Tower,0,31,29,6,66,0,13,48,0,61,0,44,77,6,127,26,0,26,153
07/21/2017,BKL,OH,AGL,CE,Federal Contract Tower,1,16,24,0,41,0,8,50,0,58,1,24,74,0,99,52,0,52,151
07/22/2017,BKL,OH,AGL,CE,Federal Contract Tower,0,3,15,2,20,0,4,28,0,32,0,7,43,2,52,12,0,12,64
07/23/2017,BKL,OH,AGL,CE,Federal Contract Tower,0,9,19,2,30,0,3,40,2,45,0,12,59,4,75,30,0,30,105
07/24/2017,BKL,OH,AGL,CE,Federal Contract Tower,1,21,26,0,48,0,14,39,0,53,1,35,65,0,101,58,0,58,159
07/25/2017,BKL,OH,AGL,CE,Federal Contract Tower,1,27,17,2,47,0,28,67,0,95,1,55,84,2,142,118,0,118,260
07/26/2017,BKL,OH,AGL,CE,Federal Contract Tower,0,26,36,1,63,0,17,74,0,91,0,43,110,1,154,118,0,118,272
07/27/2017,BKL,OH,AGL,CE,Federal Contract Tower,0,23,24,1,48,0,23,48,0,71,0,46,72,1,119,92,0,92,211
07/28/2017,BKL,OH,AGL,CE,Federal Contract Tower,0,24,30,0,54,0,16,58,0,74,0,40,88,0,128,88,0,88,216
07/29/2017,BKL,OH,AGL,CE,Federal Contract Tower,0,10,15,0,25,0,4,46,1,51,0,14,61,1,76,52,0,52,128
07/30/2017,BKL,OH,AGL,CE,Federal Contract Tower,0,3,11,1,15,0,4,61,0,65,0,7,72,1,80,32,0,32,112
07/31/2017,BKL,OH,AGL,CE,Federal Contract Tower,0,26,17,5,48,0,11,44,0,55,0,37,61,5,103,50,0,50,153
08/01/2017,BKL,OH,AGL,CE,Federal Contract Tower,0,28,24,1,53,0,21,80,1,102,0,49,104,2,155,44,0,44,199
08/02/2017,BKL,OH,AGL,CE,Federal Contract Tower,0,18,30,6,54,0,31,45,0,76,0,49,75,6,130,80,0,80,210
08/03/2017,BKL,OH,AGL,CE,Federal Contract Tower,1,25,30,0,56,0,22,24,0,46,1,47,54,0,102,38,0,38,140
08/04/2017,BKL,OH,AGL,CE,Federal Contract Tower,0,30,17,0,47,0,5,12,0,17,0,35,29,0,64,6,0,6,70
08/05/2017,BKL,OH,AGL,CE,Federal Contract Tower,0,8,22,0,30,0,9,32,0,41,0,17,54,0,71,14,0,14,85
08/06/2017,BKL,OH,AGL,CE,Federal Contract Tower,1,8,26,1,36,0,11,50,1,62,1,19,76,2,98,50,0,50,148
08/07/2017,BKL,OH,AGL,CE,Federal Contract Tower,0,20,13,0,33,0,22,91,2,115,0,42,104,2,148,118,0,118,266
08/08/2017,BKL,OH,AGL,CE,Federal Contract Tower,0,26,16,2,44,0,20,78,0,98,0,46,94,2,142,46,0,46,188
08/09/2017,BKL,OH,AGL,CE,Federal Contract Tower,0,12,30,0,42,0,12,47,1,60,0,24,77,1,102,40,0,40,142
08/10/2017,BKL,OH,AGL,CE,Federal Contract Tower,0,21,45,1,67,0,27,58,2,87,0,48,103,3,154,108,0,108,262
08/11/2017,BKL,OH,AGL,CE,Federal Contract Tower,0,23,20,4,47,0,8,29,0,37,0,31,49,4,84,34,0,34,118
08/12/2017,BKL,OH,AGL,CE,Federal Contract Tower,0,4,12,0,16,0,15,21,0,36,0,19,33,0,52,78,0,78,130
08/13/2017,BKL,OH,AGL,CE,Federal Contract Tower,0,10,15,0,25,0,11,37,0,48,0,21,52,0,73,98,0,98,171
08/14/2017,BKL,OH,AGL,CE,Federal Contract Tower,0,11,12,3,26,0,12,43,2,57,0,23,55,5,83,60,12,72,155
08/15/2017,BKL,OH,AGL,CE,Federal Contract Tower,0,15,38,0,53,0,17,51,0,68,0,32,89,0,121,102,0,102,223
08/16/2017,BKL,OH,AGL,CE,Federal Contract Tower,0,18,23,1,42,0,18,41,0,59,0,36,64,1,101,92,0,92,193
08/17/2017,BKL,OH,AGL,CE,Federal Contract Tower,0,20,17,0,37,0,24,12,0,36,0,44,29,0,73,0,0,0,73
08/18/2017,BKL,OH,AGL,CE,Federal Contract Tower,0,21,23,0,44,0,5,84,0,89,0,26,107,0,133,50,0,50,183
08/19/2017,BKL,OH,AGL,CE,Federal Contract Tower,0,31,16,1,48,0,16,143,0,159,0,47,159,1,207,100,0,100,307
08/20/2017,BKL,OH,AGL,CE,Federal Contract Tower,0,17,25,1,43,0,16,96,0,112,0,33,121,1,155,80,0,80,235
08/21/2017,BKL,OH,AGL,CE,Federal Contract Tower,1,22,19,0,42,0,4,45,0,49,1,26,64,0,91,14,0,14,105
08/22/2017,BKL,OH,AGL,CE,Federal Contract Tower,0,25,23,0,48,0,13,28,0,41,0,38,51,0,89,6,0,6,95
08/23/2017,BKL,OH,AGL,CE,Federal Contract Tower,0,23,30,0,53,0,9,44,2,55,0,32,74,2,108,4,0,4,112
08/24/2017,BKL,OH,AGL,CE,Federal Contract Tower,0,33,27,0,60,0,15,23,0,38,0,48,50,0,98,6,0,6,104
08/25/2017,BKL,OH,AGL,CE,Federal Contract Tower,0,20,27,0,47,0,10,45,0,55,0,30,72,0,102,42,0,42,144
08/26/2017,BKL,OH,AGL,CE,Federal Contract Tower,0,2,8,0,10,0,9,39,0,48,0,11,47,0,58,26,0,26,84
08/27/2017,BKL,OH,AGL,CE,Federal Contract Tower,0,5,12,0,17,0,20,29,0,49,0,25,41,0,66,24,0,24,90
08/28/2017,BKL,OH,AGL,CE,Federal Contract Tower,0,22,7,0,29,0,7,12,0,19,0,29,19,0,48,0,0,0,48
08/29/2017,BKL,OH,AGL,CE,Federal Contract Tower,0,17,21,0,38,0,16,55,6,77,0,33,76,6,115,18,0,18,133
08/30/2017,BKL,OH,AGL,CE,Federal Contract Tower,0,17,19,3,39,0,6,44,0,50,0,23,63,3,89,42,0,42,131
08/31/2017,BKL,OH,AGL,CE,Federal Contract Tower,0,11,18,5,34,0,6,55,0,61,0,17,73,5,95,0,2,2,97
09/01/2017,BKL,OH,AGL,CE,Federal Contract Tower,0,12,5,4,21,0,12,29,3,44,0,24,34,7,65,0,8,8,73
09/02/2017,BKL,OH,AGL,CE,Federal Contract Tower,1,1,1,1,4,0,1,1,0,2,1,2,2,1,6,0,0,0,6
09/03/2017,BKL,OH,AGL,CE,Federal Contract Tower,0,0,2,0,2,0,1,0,1,2,0,1,2,1,4,0,0,0,4
09/04/2017,BKL,OH,AGL,CE,Federal Contract Tower,1,3,2,0,6,0,7,19,2,28,1,10,21,2,34,8,0,8,42
09/05/2017,BKL,OH,AGL,CE,Federal Contract Tower,0,24,24,8,56,0,13,25,8,46,0,37,49,16,102,22,0,22,124
09/06/2017,BKL,OH,AGL,CE,Federal Contract Tower,0,14,19,0,33,0,13,35,0,48,0,27,54,0,81,28,0,28,109
09/07/2017,BKL,OH,AGL,CE,Federal Contract Tower,1,12,24,0,37,0,11,28,0,39,1,23,52,0,76,28,0,28,104
09/08/2017,BKL,OH,AGL,CE,Federal Contract Tower,0,13,26,2,41,0,11,21,0,32,0,24,47,2,73,22,0,22,95
09/09/2017,BKL,OH,AGL,CE,Federal Contract Tower,0,4,4,0,8,0,12,59,0,71,0,16,63,0,79,58,0,58,137
09/10/2017,BKL,OH,AGL,CE,Federal Contract Tower,0,16,24,0,40,0,10,45,0,55,0,26,69,0,95,14,2,16,111
09/11/2017,BKL,OH,AGL,CE,Federal Contract Tower,0,15,11,0,26,0,4,17,0,21,0,19,28,0,47,40,0,40,87
09/12/2017,BKL,OH,AGL,CE,Federal Contract Tower,0,17,22,0,39,0,7,32,0,39,0,24,54,0,78,22,0,22,100
09/13/2017,BKL,OH,AGL,CE,Federal Contract Tower,0,17,17,0,34,0,10,36,1,47,0,27,53,1,81,32,0,32,113
09/14/2017,BKL,OH,AGL,CE,Federal Contract Tower,0,20,24,0,44,0,10,13,1,24,0,30,37,1,68,20,0,20,88
09/15/2017,BKL,OH,AGL,CE,Federal Contract Tower,0,11,14,2,27,0,7,33,0,40,0,18,47,2,67,58,0,58,125
09/16/2017,BKL,OH,AGL,CE,Federal Contract Tower,0,10,13,1,24,0,24,64,0,88,0,34,77,1,112,92,0,92,204
09/17/2017,BKL,OH,AGL,CE,Federal Contract Tower,0,3,17,0,20,0,11,50,2,63,0,14,67,2,83,18,0,18,101
09/18/2017,BKL,OH,AGL,CE,Federal Contract Tower,0,19,21,2,42,0,3,65,0,68,0,22,86,2,110,60,0,60,170
09/19/2017,BKL,OH,AGL,CE,Federal Contract Tower,0,10,27,0,37,0,11,73,0,84,0,21,100,0,121,28,0,28,149
09/20/2017,BKL,OH,AGL,CE,Federal Contract Tower,0,15,15,0,30,0,15,55,0,70,0,30,70,0,100,34,0,34,134
09/21/2017,BKL,OH,AGL,CE,Federal Contract Tower,0,16,14,1,31,0,16,32,4,52,0,32,46,5,83,4,0,4,87
09/22/2017,BKL,OH,AGL,CE,Federal Contract Tower,1,16,10,2,29,0,42,74,4,120,1,58,84,6,149,6,0,6,155
09/23/2017,BKL,OH,AGL,CE,Federal Contract Tower,0,8,9,0,17,0,21,78,0,99,0,29,87,0,116,30,0,30,146
09/24/2017,BKL,OH,AGL,CE,Federal Contract Tower,0,7,10,0,17,0,12,48,0,60,0,19,58,0,77,76,0,76,153
09/25/2017,BKL,OH,AGL,CE,Federal Contract Tower,0,14,10,0,24,0,20,35,0,55,0,34,45,0,79,34,0,34,113
09/26/2017,BKL,OH,AGL,CE,Federal Contract Tower,0,24,18,4,46,0,19,57,0,76,0,43,75,4,122,90,0,90,212
09/27/2017,BKL,OH,AGL,CE,Federal Contract Tower,0,28,27,12,67,0,22,55,0,77,0,50,82,12,144,0,0,0,144
09/28/2017,BKL,OH,AGL,CE,Federal Contract Tower,1,14,30,0,45,0,8,35,0,43,1,22,65,0,88,16,0,16,104
09/29/2017,BKL,OH,AGL,CE,Federal Contract Tower,1,19,24,0,44,0,25,22,0,47,1,44,46,0,91,26,0,26,117
09/30/2017,BKL,OH,AGL,CE,Federal Contract Tower,2,7,7,2,18,0,9,52,0,61,2,16,59,2,79,148,0,148,227
10/01/2017,BKL,OH,AGL,CE,Federal Contract Tower,4,19,29,0,52,0,18,44,0,62,4,37,73,0,114,48,0,48,162
10/02/2017,BKL,OH,AGL,CE,Federal Contract Tower,0,14,20,2,36,0,9,28,0,37,0,23,48,2,73,22,0,22,95
10/03/2017,BKL,OH,AGL,CE,Federal Contract Tower,0,14,18,1,33,0,23,50,1,74,0,37,68,2,107,58,0,58,165
10/04/2017,BKL,OH,AGL,CE,Federal Contract Tower,2,24,20,0,46,0,20,43,0,63,2,44,63,0,109,66,0,66,175
10/05/2017,BKL,OH,AGL,CE,Federal Contract Tower,0,26,20,0,46,0,9,35,0,44,0,35,55,0,90,50,0,50,140
10/06/2017,BKL,OH,AGL,CE,Federal Contract Tower,1,36,27,0,64,0,7,4,0,11,1,43,31,0,75,0,0,0,75
10/07/2017,BKL,OH,AGL,CE,Federal Contract Tower,0,7,14,1,22,0,4,27,0,31,0,11,41,1,53,6,0,6,59
10/08/2017,BKL,OH,AGL,CE,Federal Contract Tower,0,10,26,0,36,0,9,33,0,42,0,19,59,0,78,12,0,12,90
10/09/2017,BKL,OH,AGL,CE,Federal Contract Tower,0,12,26,0,38,0,5,9,0,14,0,17,35,0,52,0,0,0,52
10/10/2017,BKL,OH,AGL,CE,Federal Contract Tower,2,25,21,0,48,0,13,21,0,34,2,38,42,0,82,32,0,32,114
10/11/2017,BKL,OH,AGL,CE,Federal Contract Tower,0,19,33,0,52,0,5,8,0,13,0,24,41,0,65,14,0,14,79
10/12/2017,BKL,OH,AGL,CE,Federal Contract Tower,2,19,17,2,40,0,10,10,0,20,2,29,27,2,60,46,0,46,106
10/13/2017,BKL,OH,AGL,CE,Federal Contract Tower,0,16,6,0,22,0,18,40,0,58,0,34,46,0,80,72,0,72,152
10/14/2017,BKL,OH,AGL,CE,Federal Contract Tower,0,1,3,2,6,0,22,63,0,85,0,23,66,2,91,150,0,150,241
10/15/2017,BKL,OH,AGL,CE,Federal Contract Tower,0,6,13,0,19,0,8,1,0,9,0,14,14,0,28,0,0,0,28
10/16/2017,BKL,OH,AGL,CE,Federal Contract Tower,0,20,19,0,39,0,15,21,0,36,0,35,40,0,75,16,0,16,91
10/17/2017,BKL,OH,AGL,CE,Federal Contract Tower,0,21,23,2,46,0,5,34,0,39,0,26,57,2,85,32,0,32,117
10/18/2017,BKL,OH,AGL,CE,Federal Contract Tower,0,36,31,0,67,0,5,37,0,42,0,41,68,0,109,36,0,36,145
10/19/2017,BKL,OH,AGL,CE,Federal Contract Tower,0,19,22,0,41,0,9,35,1,45,0,28,57,1,86,40,0,40,126
10/20/2017,BKL,OH,AGL,CE,Federal Contract Tower,0,20,22,0,42,0,18,35,0,53,0,38,57,0,95,74,0,74,169
10/21/2017,BKL,OH,AGL,CE,Federal Contract Tower,0,6,24,0,30,0,21,33,0,54,0,27,57,0,84,24,0,24,108
10/22/2017,BKL,OH,AGL,CE,Federal Contract Tower,0,11,22,0,33,0,14,51,1,66,0,25,73,1,99,40,0,40,139
10/23/2017,BKL,OH,AGL,CE,Federal Contract Tower,0,14,18,0,32,0,20,7,0,27,0,34,25,0,59,0,0,0,59
10/24/2017,BKL,OH,AGL,CE,Federal Contract Tower,0,15,26,0,41,0,13,1,0,14,0,28,27,0,55,0,0,0,55
10/25/2017,BKL,OH,AGL,CE,Federal Contract Tower,0,22,27,0,49,0,25,11,0,36,0,47,38,0,85,36,0,36,121
10/26/2017,BKL,OH,AGL,CE,Federal Contract Tower,0,21,13,0,34,0,4,48,0,52,0,25,61,0,86,42,0,42,128
10/27/2017,BKL,OH,AGL,CE,Federal Contract Tower,0,16,11,0,27,0,15,31,0,46,0,31,42,0,73,48,0,48,121
10/28/2017,BKL,OH,AGL,CE,Federal Contract Tower,0,8,3,0,11,0,3,18,0,21,0,11,21,0,32,0,0,0,32
10/29/2017,BKL,OH,AGL,CE,Federal Contract Tower,0,4,5,0,9,0,5,6,0,11,0,9,11,0,20,0,0,0,20
10/30/2017,BKL,OH,AGL,CE,Federal Contract Tower,0,10,19,2,31,0,12,7,0,19,0,22,26,2,50,0,0,0,50
10/31/2017,BKL,OH,AGL,CE,Federal Contract Tower,0,19,19,0,38,0,22,20,0,42,0,41,39,0,80,6,0,6,86
11/01/2017,BKL,OH,AGL,CE,Federal Contract Tower,0,18,27,0,45,0,6,22,0,28,0,24,49,0,73,62,0,62,135
11/02/2017,BKL,OH,AGL,CE,Federal Contract Tower,0,16,23,0,39,0,13,8,0,21,0,29,31,0,60,0,0,0,60
11/03/2017,BKL,OH,AGL,CE,Federal Contract Tower,0,29,27,2,58,0,18,14,0,32,0,47,41,2,90,6,0,6,96
11/04/2017,BKL,OH,AGL,CE,Federal Contract Tower,0,11,16,0,27,0,14,50,0,64,0,25,66,0,91,62,0,62,153
11/05/2017,BKL,OH,AGL,CE,Federal Contract Tower,0,0,8,0,8,0,11,0,0,11,0,11,8,0,19,0,0,0,19
11/06/2017,BKL,OH,AGL,CE,Federal Contract Tower,0,20,14,0,34,0,0,2,0,2,0,20,16,0,36,4,0,4,40
11/07/2017,BKL,OH,AGL,CE,Federal Contract Tower,0,18,29,1,48,0,4,20,1,25,0,22,49,2,73,40,0,40,113
11/08/2017,BKL,OH,AGL,CE,Federal Contract Tower,0,36,24,1,61,0,12,46,0,58,0,48,70,1,119,52,0,52,171
11/09/2017,BKL,OH,AGL,CE,Federal Contract Tower,0,25,12,0,37,0,26,12,0,38,0,51,24,0,75,4,0,4,79
11/10/2017,BKL,OH,AGL,CE,Federal Contract Tower,0,12,12,0,24,0,9,12,0,21,0,21,24,0,45,0,0,0,45
11/11/2017,BKL,OH,AGL,CE,Federal Contract Tower,0,0,7,0,7,0,28,53,0,81,0,28,60,0,88,76,0,76,164
11/12/2017,BKL,OH,AGL,CE,Federal Contract Tower,0,6,11,0,17,0,15,32,0,47,0,21,43,0,64,62,0,62,126
11/13/2017,BKL,OH,AGL,CE,Federal Contract Tower,0,19,10,1,30,0,10,3,3,16,0,29,13,4,46,0,0,0,46
11/14/2017,BKL,OH,AGL,CE,Federal Contract Tower,0,23,11,0,34,0,17,20,0,37,0,40,31,0,71,46,0,46,117
11/15/2017,BKL,OH,AGL,CE,Federal Contract Tower,0,11,18,2,31,0,6,13,2,21,0,17,31,4,52,0,0,0,52
11/16/2017,BKL,OH,AGL,CE,Federal Contract Tower,0,18,20,0,38,0,5,3,0,8,0,23,23,0,46,0,0,0,46
11/17/2017,BKL,OH,AGL,CE,Federal Contract Tower,0,25,19,0,44,0,12,32,0,44,0,37,51,0,88,54,0,54,142
11/18/2017,BKL,OH,AGL,CE,Federal Contract Tower,0,11,13,0,24,0,5,1,0,6,0,16,14,0,30,0,0,0,30
11/19/2017,BKL,OH,AGL,CE,Federal Contract Tower,0,7,13,0,20,0,11,1,0,12,0,18,14,0,32,0,0,0,32
11/20/2017,BKL,OH,AGL,CE,Federal Contract Tower,0,15,14,0,29,0,13,22,2,37,0,28,36,2,66,0,0,0,66
11/21/2017,BKL,OH,AGL,CE,Federal Contract Tower,0,19,17,4,40,0,26,26,0,52,0,45,43,4,92,6,0,6,98
11/22/2017,BKL,OH,AGL,CE,Federal Contract Tower,0,11,7,2,20,0,16,12,0,28,0,27,19,2,48,22,0,22,70
11/23/2017,BKL,OH,AGL,CE,Federal Contract Tower,0,8,1,0,9,0,16,1,0,17,0,24,2,0,26,0,0,0,26
11/24/2017,BKL,OH,AGL,CE,Federal Contract Tower,0,4,9,0,13,0,4,24,0,28,0,8,33,0,41,36,0,36,77
11/25/2017,BKL,OH,AGL,CE,Federal Contract Tower,0,5,10,0,15,0,23,12,0,35,0,28,22,0,50,2,0,2,52
11/26/2017,BKL,OH,AGL,CE,Federal Contract Tower,0,1,5,0,6,0,13,20,0,33,0,14,25,0,39,22,0,22,61
11/27/2017,BKL,OH,AGL,CE,Federal Contract Tower,1,17,17,1,36,0,11,19,0,30,1,28,36,1,66,50,0,50,116
11/28/2017,BKL,OH,AGL,CE,Federal Contract Tower,0,11,19,0,30,0,11,20,0,31,0,22,39,0,61,0,0,0,61
11/29/2017,BKL,OH,AGL,CE,Federal Contract Tower,1,15,17,1,34,0,25,38,0,63,1,40,55,1,97,88,0,88,185
11/30/2017,BKL,OH,AGL,CE,Federal Contract Tower,0,23,16,0,39,0,4,16,0,20,0,27,32,0,59,2,0,2,61
12/01/2017,BKL,OH,AGL,CE,Federal Contract Tower,0,13,12,0,25,0,11,31,0,42,0,24,43,0,67,54,0,54,121
12/02/2017,BKL,OH,AGL,CE,Federal Contract Tower,0,9,11,0,20,0,7,25,0,32,0,16,36,0,52,44,0,44,96
12/03/2017,BKL,OH,AGL,CE,Federal Contract Tower,0,7,16,1,24,0,4,37,0,41,0,11,53,1,65,74,0,74,139
12/04/2017,BKL,OH,AGL,CE,Federal Contract Tower,0,16,17,0,33,0,16,10,0,26,0,32,27,0,59,2,0,2,61
12/05/2017,BKL,OH,AGL,CE,Federal Contract Tower,0,26,14,0,40,0,10,9,0,19,0,36,23,0,59,0,0,0,59
12/06/2017,BKL,OH,AGL,CE,Federal Contract Tower,0,16,23,0,39,0,7,8,4,19,0,23,31,4,58,0,0,0,58
12/07/2017,BKL,OH,AGL,CE,Federal Contract Tower,0,22,26,0,48,0,9,12,0,21,0,31,38,0,69,2,0,2,71
12/08/2017,BKL,OH,AGL,CE,Federal Contract Tower,0,16,22,0,38,0,11,35,0,46,0,27,57,0,84,34,0,34,118
12/09/2017,BKL,OH,AGL,CE,Federal Contract Tower,0,1,6,0,7,0,5,10,0,15,0,6,16,0,22,2,0,2,24
12/10/2017,BKL,OH,AGL,CE,Federal Contract Tower,0,12,23,0,35,0,9,17,0,26,0,21,40,0,61,10,0,10,71
12/11/2017,BKL,OH,AGL,CE,Federal Contract Tower,0,17,23,0,40,0,14,5,3,22,0,31,28,3,62,4,0,4,66
12/12/2017,BKL,OH,AGL,CE,Federal Contract Tower,0,4,6,0,10,0,2,3,0,5,0,6,9,0,15,0,0,0,15
12/13/2017,BKL,OH,AGL,CE,Federal Contract Tower,0,12,20,0,32,0,0,2,0,2,0,12,22,0,34,16,0,16,50
12/14/2017,BKL,OH,AGL,CE,Federal Contract Tower,0,11,18,0,29,0,8,3,0,11,0,19,21,0,40,32,0,32,72
12/15/2017,BKL,OH,AGL,CE,Federal Contract Tower,0,19,13,0,32,0,15,14,0,29,0,34,27,0,61,12,0,12,73
12/16/2017,BKL,OH,AGL,CE,Federal Contract Tower,0,9,10,0,19,0,6,5,0,11,0,15,15,0,30,0,0,0,30
12/17/2017,BKL,OH,AGL,CE,Federal Contract Tower,0,7,11,0,18,0,2,7,2,11,0,9,18,2,29,8,0,8,37
12/18/2017,BKL,OH,AGL,CE,Federal Contract Tower,0,19,32,0,51,0,5,4,0,9,0,24,36,0,60,0,0,0,60
12/19/2017,BKL,OH,AGL,CE,Federal Contract Tower,0,26,17,3,46,0,10,18,0,28,0,36,35,3,74,12,0,12,86
12/20/2017,BKL,OH,AGL,CE,Federal Contract Tower,0,13,13,2,28,0,15,26,0,41,0,28,39,2,69,0,0,0,69
12/21/2017,BKL,OH,AGL,CE,Federal Contract Tower,0,27,13,3,43,0,10,25,1,36,0,37,38,4,79,30,0,30,109
12/22/2017,BKL,OH,AGL,CE,Federal Contract Tower,0,12,7,0,19,0,6,2,0,8,0,18,9,0,27,0,0,0,27
12/23/2017,BKL,OH,AGL,CE,Federal Contract Tower,0,8,1,0,9,0,1,0,0,1,0,9,1,0,10,0,0,0,10
12/24/2017,BKL,OH,AGL,CE,Federal Contract Tower,0,10,2,0,12,0,0,0,0,0,0,10,2,0,12,0,0,0,12
12/25/2017,BKL,OH,AGL,CE,Federal Contract Tower,0,4,3,0,7,0,10,0,0,10,0,14,3,0,17,0,0,0,17
12/26/2017,BKL,OH,AGL,CE,Federal Contract Tower,0,5,5,0,10,0,13,17,0,30,0,18,22,0,40,50,0,50,90
12/27/2017,BKL,OH,AGL,CE,Federal Contract Tower,0,7,9,0,16,0,1,0,0,1,0,8,9,0,17,0,0,0,17
12/28/2017,BKL,OH,AGL,CE,Federal Contract Tower,0,2,2,0,4,0,3,4,0,7,0,5,6,0,11,8,0,8,19
12/29/2017,BKL,OH,AGL,CE,Federal Contract Tower,0,11,4,0,15,0,4,9,0,13,0,15,13,0,28,0,0,0,28
12/30/2017,BKL,OH,AGL,CE,Federal Contract Tower,0,3,8,0,11,0,0,0,0,0,0,3,8,0,11,0,0,0,11
12/31/2017,BKL,OH,AGL,CE,Federal Contract Tower,0,1,11,0,12,0,7,3,0,10,0,8,14,0,22,0,0,0,22
01/01/2018,BKL,OH,AGL,CE,Federal Contract Tower,0,5,2,0,7,0,7,3,0,10,0,12,5,0,17,6,0,6,23
01/02/2018,BKL,OH,AGL,CE,Federal Contract Tower,0,9,9,0,18,0,4,14,0,18,0,13,23,0,36,2,0,2,38
01/03/2018,BKL,OH,AGL,CE,Federal Contract Tower,0,12,13,0,25,0,6,7,0,13,0,18,20,0,38,0,0,0,38
01/04/2018,BKL,OH,AGL,CE,Federal Contract Tower,0,18,6,0,24,0,5,4,0,9,0,23,10,0,33,0,0,0,33
01/05/2018,BKL,OH,AGL,CE,Federal Contract Tower,0,12,5,0,17,0,14,6,0,20,0,26,11,0,37,0,0,0,37
01/06/2018,BKL,OH,AGL,CE,Federal Contract Tower,0,9,5,0,14,0,15,9,0,24,0,24,14,0,38,2,0,2,40
01/07/2018,BKL,OH,AGL,CE,Federal Contract Tower,0,10,10,0,20,0,9,5,0,14,0,19,15,0,34,0,0,0,34
01/08/2018,BKL,OH,AGL,CE,Federal Contract Tower,0,6,23,0,29,0,0,0,0,0,0,6,23,0,29,0,0,0,29
01/09/2018,BKL,OH,AGL,CE,Federal Contract Tower,0,21,26,0,47,0,16,3,5,24,0,37,29,5,71,2,0,2,73
01/10/2018,BKL,OH,AGL,CE,Federal Contract Tower,0,21,9,0,30,0,3,10,0,13,0,24,19,0,43,0,0,0,43
01/11/2018,BKL,OH,AGL,CE,Federal Contract Tower,0,18,21,2,41,0,10,18,0,28,0,28,39,2,69,0,0,0,69
01/12/2018,BKL,OH,AGL,CE,Federal Contract Tower,0,4,7,0,11,0,0,0,0,0,0,4,7,0,11,0,0,0,11
01/13/2018,BKL,OH,AGL,CE,Federal Contract Tower,0,3,4,0,7,0,8,0,0,8,0,11,4,0,15,0,0,0,15
01/14/2018,BKL,OH,AGL,CE,Federal Contract Tower,0,5,12,0,17,0,15,19,0,34,0,20,31,0,51,24,0,24,75
01/15/2018,BKL,OH,AGL,CE,Federal Contract Tower,0,10,7,0,17,0,10,0,0,10,0,20,7,0,27,0,0,0,27
01/16/2018,BKL,OH,AGL,CE,Federal Contract Tower,0,21,26,0,47,0,6,1,0,7,0,27,27,0,54,0,0,0,54
01/17/2018,BKL,OH,AGL,CE,Federal Contract Tower,0,22,11,1,34,0,8,10,4,22,0,30,21,5,56,0,0,0,56
01/18/2018,BKL,OH,AGL,CE,Federal Contract Tower,0,8,20,0,28,0,3,14,0,17,0,11,34,0,45,0,0,0,45
01/19/2018,BKL,OH,AGL,CE,Federal Contract Tower,0,14,10,0,24,0,7,34,0,41,0,21,44,0,65,16,2,18,83
01/20/2018,BKL,OH,AGL,CE,Federal Contract Tower,0,10,16,0,26,0,20,30,0,50,0,30,46,0,76,44,0,44,120
01/21/2018,BKL,OH,AGL,CE,Federal Contract Tower,0,6,6,0,12,0,5,5,0,10,0,11,11,0,22,8,0,8,30
01/22/2018,BKL,OH,AGL,CE,Federal Contract Tower,0,16,6,0,22,0,7,6,0,13,0,23,12,0,35,0,0,0,35
01/23/2018,BKL,OH,AGL,CE,Federal Contract Tower,0,13,15,0,28,0,25,6,0,31,0,38,21,0,59,0,0,0,59
01/24/2018,BKL,OH,AGL,CE,Federal Contract Tower,0,11,18,0,29,0,1,4,0,5,0,12,22,0,34,0,0,0,34
01/25/2018,BKL,OH,AGL,CE,Federal Contract Tower,0,21,8,0,29,0,14,16,0,30,0,35,24,0,59,42,0,42,101
01/26/2018,BKL,OH,AGL,CE,Federal Contract Tower,0,18,6,2,26,0,11,17,0,28,0,29,23,2,54,14,0,14,68
01/27/2018,BKL,OH,AGL,CE,Federal Contract Tower,0,9,7,0,16,0,3,0,0,3,0,12,7,0,19,0,0,0,19
01/28/2018,BKL,OH,AGL,CE,Federal Contract Tower,0,14,17,0,31,0,2,26,0,28,0,16,43,0,59,44,0,44,103
01/29/2018,BKL,OH,AGL,CE,Federal Contract Tower,0,17,5,0,22,0,10,4,0,14,0,27,9,0,36,0,0,0,36
01/30/2018,BKL,OH,AGL,CE,Federal Contract Tower,0,9,10,0,19,0,8,2,0,10,0,17,12,0,29,0,0,0,29
01/31/2018,BKL,OH,AGL,CE,Federal Contract Tower,0,20,15,0,35,0,11,10,0,21,0,31,25,0,56,12,0,12,68
02/01/2018,BKL,OH,AGL,CE,Federal Contract Tower,0,24,6,0,30,0,17,8,2,27,0,41,14,2,57,0,0,0,57
02/02/2018,BKL,OH,AGL,CE,Federal Contract Tower,0,18,6,0,24,0,5,21,2,28,0,23,27,2,52,0,0,0,52
02/03/2018,BKL,OH,AGL,CE,Federal Contract Tower,0,6,10,0,16,0,9,13,0,22,0,15,23,0,38,0,0,0,38
02/04/2018,BKL,OH,AGL,CE,Federal Contract Tower,0,8,4,0,12,0,12,0,0,12,0,20,4,0,24,0,0,0,24
02/05/2018,BKL,OH,AGL,CE,Federal Contract Tower,0,6,12,0,18,0,10,6,0,16,0,16,18,0,34,0,0,0,34
02/06/2018,BKL,OH,AGL,CE,Federal Contract Tower,0,12,7,0,19,0,10,7,5,22,0,22,14,5,41,0,0,0,41
02/07/2018,BKL,OH,AGL,CE,Federal Contract Tower,0,12,10,0,22,0,4,2,0,6,0,16,12,0,28,0,0,0,28
02/08/2018,BKL,OH,AGL,CE,Federal Contract Tower,0,6,24,0,30,0,7,5,0,12,0,13,29,0,42,12,0,12,54
02/09/2018,BKL,OH,AGL,CE,Federal Contract Tower,0,10,16,0,26,0,3,6,0,9,0,13,22,0,35,0,0,0,35
02/10/2018,BKL,OH,AGL,CE,Federal Contract Tower,0,2,0,0,2,0,1,0,0,1,0,3,0,0,3,0,0,0,3
02/11/2018,BKL,OH,AGL,CE,Federal Contract Tower,0,9,0,0,9,0,0,0,0,0,0,9,0,0,9,0,0,0,9
02/12/2018,BKL,OH,AGL,CE,Federal Contract Tower,0,18,17,0,35,0,13,36,0,49,0,31,53,0,84,10,0,10,94
02/13/2018,BKL,OH,AGL,CE,Federal Contract Tower,0,21,16,3,40,0,38,42,0,80,0,59,58,3,120,26,4,30,150
02/14/2018,BKL,OH,AGL,CE,Federal Contract Tower,0,22,19,0,41,0,22,34,0,56,0,44,53,0,97,48,0,48,145
02/15/2018,BKL,OH,AGL,CE,Federal Contract Tower,0,17,8,0,25,0,0,17,0,17,0,17,25,0,42,0,0,0,42
02/16/2018,BKL,OH,AGL,CE,Federal Contract Tower,0,6,11,2,19,0,9,14,0,23,0,15,25,2,42,0,0,0,42
02/17/2018,BKL,OH,AGL,CE,Federal Contract Tower,0,5,1,0,6,0,5,26,0,31,0,10,27,0,37,26,0,26,63
02/18/2018,BKL,OH,AGL,CE,Federal Contract Tower,0,6,13,0,19,0,5,26,0,31,0,11,39,0,50,36,0,36,86
02/19/2018,BKL,OH,AGL,CE,Federal Contract Tower,0,10,5,0,15,0,1,2,0,3,0,11,7,0,18,0,0,0,18
02/20/2018,BKL,OH,AGL,CE,Federal Contract Tower,0,9,19,0,28,0,15,10,0,25,0,24,29,0,53,0,0,0,53
02/21/2018,BKL,OH,AGL,CE,Federal Contract Tower,0,9,18,0,27,0,8,4,0,12,0,17,22,0,39,0,0,0,39
02/22/2018,BKL,OH,AGL,CE,Federal Contract Tower,0,4,5,0,9,0,0,0,0,0,0,4,5,0,9,0,0,0,9
02/23/2018,BKL,OH,AGL,CE,Federal Contract Tower,0,7,6,0,13,0,4,0,0,4,0,11,6,0,17,0,0,0,17
02/24/2018,BKL,OH,AGL,CE,Federal Contract Tower,0,5,4,0,9,0,3,2,0,5,0,8,6,0,14,0,0,0,14
02/25/2018,BKL,OH,AGL,CE,Federal Contract Tower,0,9,4,1,14,0,7,2,0,9,0,16,6,1,23,4,0,4,27
02/26/2018,BKL,OH,AGL,CE,Federal Contract Tower,0,18,14,1,33,0,15,21,2,38,0,33,35,3,71,56,0,56,127
02/27/2018,BKL,OH,AGL,CE,Federal Contract Tower,0,14,17,0,31,0,11,23,0,34,0,25,40,0,65,8,0,8,73
02/28/2018,BKL,OH,AGL,CE,Federal Contract Tower,0,11,12,0,23,0,14,13,0,27,0,25,25,0,50,18,0,18,68
03/01/2018,BKL,OH,AGL,CE,Federal Contract Tower,0,9,10,1,20,0,8,0,1,9,0,17,10,2,29,0,0,0,29
03/02/2018,BKL,OH,AGL,CE,Federal Contract Tower,0,9,5,0,14,0,8,3,0,11,0,17,8,0,25,0,0,0,25
03/03/2018,BKL,OH,AGL,CE,Federal Contract Tower,0,7,5,0,12,0,21,25,0,46,0,28,30,0,58,6,0,6,64
03/04/2018,BKL,OH,AGL,CE,Federal Contract Tower,0,7,15,0,22,0,15,29,0,44,0,22,44,0,66,82,0,82,148
03/05/2018,BKL,OH,AGL,CE,Federal Contract Tower,0,22,11,0,33,0,16,35,2,53,0,38,46,2,86,32,2,34,120
03/06/2018,BKL,OH,AGL,CE,Federal Contract Tower,0,21,12,0,33,0,14,23,0,37,0,35,35,0,70,58,2,60,130
03/07/2018,BKL,OH,AGL,CE,Federal Contract Tower,0,10,11,0,21,0,0,1,0,1,0,10,12,0,22,0,0,0,22
03/08/2018,BKL,OH,AGL,CE,Federal Contract Tower,0,15,11,0,26,0,3,0,0,3,0,18,11,0,29,0,0,0,29
03/09/2018,BKL,OH,AGL,CE,Federal Contract Tower,0,9,9,0,18,0,2,2,0,4,0,11,11,0,22,0,0,0,22
03/10/2018,BKL,OH,AGL,CE,Federal Contract Tower,0,5,8,0,13,0,12,18,0,30,0,17,26,0,43,42,0,42,85
03/11/2018,BKL,OH,AGL,CE,Federal Contract Tower,0,6,7,2,15,0,10,13,0,23,0,16,20,2,38,18,0,18,56
03/12/2018,BKL,OH,AGL,CE,Federal Contract Tower,0,15,17,0,32,0,16,26,0,42,0,31,43,0,74,26,0,26,100
03/13/2018,BKL,OH,AGL,CE,Federal Contract Tower,0,11,15,0,26,0,11,3,0,14,0,22,18,0,40,4,0,4,44
03/14/2018,BKL,OH,AGL,CE,Federal Contract Tower,0,18,19,8,45,0,7,14,0,21,0,25,33,8,66,6,0,6,72
03/15/2018,BKL,OH,AGL,CE,Federal Contract Tower,0,15,21,0,36,0,14,10,0,24,0,29,31,0,60,12,0,12,72
03/16/2018,BKL,OH,AGL,CE,Federal Contract Tower,0,116,14,3,133,0,13,10,0,23,0,129,24,3,156,16,0,16,172
03/17/2018,BKL,OH,AGL,CE,Federal Contract Tower,0,6,11,0,17,0,15,20,0,35,0,21,31,0,52,22,0,22,74
03/18/2018,BKL,OH,AGL,CE,Federal Contract Tower,0,19,14,0,33,0,13,42,0,55,0,32,56,0,88,42,0,42,130
03/20/2018,BKL,OH,AGL,CE,Federal Contract Tower,0,16,17,0,33,0,24,12,0,36,0,40,29,0,69,0,0,0,69
03/21/2018,BKL,OH,AGL,CE,Federal Contract Tower,0,24,9,0,33,0,12,7,2,21,0,36,16,2,54,0,0,0,54
03/22/2018,BKL,OH,AGL,CE,Federal Contract Tower,0,14,13,0,27,0,24,24,0,48,0,38,37,0,75,62,0,62,137
03/23/2018,BKL,OH,AGL,CE,Federal Contract Tower,0,10,16,0,26,0,15,36,0,51,0,25,52,0,77,48,0,48,125
03/24/2018,BKL,OH,AGL,CE,Federal Contract Tower,0,7,4,0,11,0,19,30,0,49,0,26,34,0,60,22,0,22,82
03/25/2018,BKL,OH,AGL,CE,Federal Contract Tower,0,4,11,0,15,0,26,10,0,36,0,30,21,0,51,2,0,2,53
03/26/2018,BKL,OH,AGL,CE,Federal Contract Tower,0,9,16,0,25,0,12,13,13,38,0,21,29,13,63,0,0,0,63
03/27/2018,BKL,OH,AGL,CE,Federal Contract Tower,0,16,13,0,29,0,12,0,0,12,0,28,13,0,41,0,0,0,41
03/28/2018,BKL,OH,AGL,CE,Federal Contract Tower,0,21,12,0,33,0,0,6,0,6,0,21,18,0,39,0,0,0,39
03/29/2018,BKL,OH,AGL,CE,Federal Contract Tower,0,4,7,0,11,0,0,0,0,0,0,4,7,0,11,0,0,0,11
03/30/2018,BKL,OH,AGL,CE,Federal Contract Tower,0,13,6,4,23,0,15,18,0,33,0,28,24,4,56,0,0,0,56
03/31/2018,BKL,OH,AGL,CE,Federal Contract Tower,0,4,2,1,7,0,25,27,0,52,0,29,29,1,59,62,0,62,121
04/01/2018,BKL,OH,AGL,CE,Federal Contract Tower,0,5,7,0,12,0,15,16,0,31,0,20,23,0,43,2,0,2,45
04/02/2018,BKL,OH,AGL,CE,Federal Contract Tower,0,10,17,0,27,0,25,31,0,56,0,35,48,0,83,0,0,0,83
04/03/2018,BKL,OH,AGL,CE,Federal Contract Tower,0,13,14,0,27,0,6,0,0,6,0,19,14,0,33,0,0,0,33
04/04/2018,BKL,OH,AGL,CE,Federal Contract Tower,0,10,14,0,24,0,1,0,0,1,0,11,14,0,25,0,0,0,25
04/05/2018,BKL,OH,AGL,CE,Federal Contract Tower,0,13,19,0,32,0,24,33,0,57,0,37,52,0,89,28,0,28,117
04/06/2018,BKL,OH,AGL,CE,Federal Contract Tower,0,17,17,0,34,0,27,53,6,86,0,44,70,6,120,30,0,30,150
04/07/2018,BKL,OH,AGL,CE,Federal Contract Tower,0,8,6,0,14,0,14,29,0,43,0,22,35,0,57,12,0,12,69
04/08/2018,BKL,OH,AGL,CE,Federal Contract Tower,0,7,15,0,22,0,21,42,0,63,0,28,57,0,85,6,0,6,91
04/09/2018,BKL,OH,AGL,CE,Federal Contract Tower,2,21,7,2,32,0,26,14,0,40,2,47,21,2,72,2,0,2,74
04/10/2018,BKL,OH,AGL,CE,Federal Contract Tower,0,15,21,0,36,0,22,13,0,35,0,37,34,0,71,34,0,34,105
04/11/2018,BKL,OH,AGL,CE,Federal Contract Tower,1,20,24,1,46,0,29,38,3,70,1,49,62,4,116,2,0,2,118
04/12/2018,BKL,OH,AGL,CE,Federal Contract Tower,3,17,14,0,34,0,37,24,2,63,3,54,38,2,97,4,0,4,101
04/13/2018,BKL,OH,AGL,CE,Federal Contract Tower,0,34,26,1,61,0,45,37,1,83,0,79,63,2,144,32,0,32,176
04/14/2018,BKL,OH,AGL,CE,Federal Contract Tower,0,14,15,0,29,0,9,11,0,20,0,23,26,0,49,16,0,16,65
04/15/2018,BKL,OH,AGL,CE,Federal Contract Tower,0,28,28,0,56,0,0,1,0,1,0,28,29,0,57,0,0,0,57
04/16/2018,BKL,OH,AGL,CE,Federal Contract Tower,0,19,18,1,38,0,9,6,0,15,0,28,24,1,53,0,0,0,53
04/17/2018,BKL,OH,AGL,CE,Federal Contract Tower,0,15,20,0,35,0,7,0,0,7,0,22,20,0,42,0,0,0,42
04/18/2018,BKL,OH,AGL,CE,Federal Contract Tower,0,24,22,0,46,0,18,24,2,44,0,42,46,2,90,48,0,48,138
04/19/2018,BKL,OH,AGL,CE,Federal Contract Tower,0,20,21,0,41,0,21,5,0,26,0,41,26,0,67,0,0,0,67
04/20/2018,BKL,OH,AGL,CE,Federal Contract Tower,0,26,29,0,55,0,15,47,0,62,0,41,76,0,117,68,0,68,185
04/21/2018,BKL,OH,AGL,CE,Federal Contract Tower,0,12,11,0,23,0,37,78,0,115,0,49,89,0,138,86,0,86,224
04/22/2018,BKL,OH,AGL,CE,Federal Contract Tower,0,13,15,0,28,0,29,80,0,109,0,42,95,0,137,58,0,58,195
04/23/2018,BKL,OH,AGL,CE,Federal Contract Tower,0,10,20,1,31,0,8,30,1,39,0,18,50,2,70,10,0,10,80
04/24/2018,BKL,OH,AGL,CE,Federal Contract Tower,0,22,30,0,52,0,17,12,0,29,0,39,42,0,81,12,0,12,93
04/25/2018,BKL,OH,AGL,CE,Federal Contract Tower,0,20,22,0,42,0,4,0,0,4,0,24,22,0,46,0,0,0,46
04/26/2018,BKL,OH,AGL,CE,Federal Contract Tower,2,22,22,2,48,0,41,43,1,85,2,63,65,3,133,32,0,32,165
04/27/2018,BKL,OH,AGL,CE,Federal Contract Tower,0,25,13,0,38,0,33,36,0,69,0,58,49,0,107,26,0,26,133
04/28/2018,BKL,OH,AGL,CE,Federal Contract Tower,0,2,13,0,15,0,8,4,0,12,0,10,17,0,27,8,0,8,35
04/29/2018,BKL,OH,AGL,CE,Federal Contract Tower,2,10,21,0,33,0,8,32,0,40,2,18,53,0,73,28,0,28,101
04/30/2018,BKL,OH,AGL,CE,Federal Contract Tower,0,15,9,4,28,0,28,33,8,69,0,43,42,12,97,0,0,0,97
05/01/2018,BKL,OH,AGL,CE,Federal Contract Tower,0,21,25,2,48,0,12,29,0,41,0,33,54,2,89,18,0,18,107
05/02/2018,BKL,OH,AGL,CE,Federal Contract Tower,0,20,16,0,36,0,23,31,4,58,0,43,47,4,94,16,0,16,110
05/03/2018,BKL,OH,AGL,CE,Federal Contract Tower,1,17,11,0,29,0,11,4,0,15,1,28,15,0,44,4,0,4,48
05/04/2018,BKL,OH,AGL,CE,Federal Contract Tower,1,15,13,1,30,0,12,6,0,18,1,27,19,1,48,0,0,0,48
05/05/2018,BKL,OH,AGL,CE,Federal Contract Tower,0,14,13,3,30,0,10,13,0,23,0,24,26,3,53,16,0,16,69
05/06/2018,BKL,OH,AGL,CE,Federal Contract Tower,0,14,18,0,32,0,12,36,0,48,0,26,54,0,80,32,0,32,112
05/07/2018,BKL,OH,AGL,CE,Federal Contract Tower,1,23,24,0,48,0,9,21,0,30,1,32,45,0,78,24,0,24,102
05/08/2018,BKL,OH,AGL,CE,Federal Contract Tower,1,30,43,0,74,0,15,45,0,60,1,45,88,0,134,84,0,84,218
05/09/2018,BKL,OH,AGL,CE,Federal Contract Tower,0,33,30,6,69,0,9,33,0,42,0,42,63,6,111,26,0,26,137
05/10/2018,BKL,OH,AGL,CE,Federal Contract Tower,0,26,40,2,68,0,17,19,2,38,0,43,59,4,106,34,2,36,142
05/11/2018,BKL,OH,AGL,CE,Federal Contract Tower,0,18,25,0,43,0,10,31,1,42,0,28,56,1,85,38,0,38,123
05/12/2018,BKL,OH,AGL,CE,Federal Contract Tower,0,11,13,0,24,0,8,0,0,8,0,19,13,0,32,0,0,0,32
05/13/2018,BKL,OH,AGL,CE,Federal Contract Tower,0,13,5,0,18,0,5,6,0,11,0,18,11,0,29,2,0,2,31
05/14/2018,BKL,OH,AGL,CE,Federal Contract Tower,0,18,12,0,30,0,4,13,0,17,0,22,25,0,47,10,0,10,57
05/15/2018,BKL,OH,AGL,CE,Federal Contract Tower,0,18,16,0,34,0,16,23,0,39,0,34,39,0,73,0,0,0,73
05/16/2018,BKL,OH,AGL,CE,Federal Contract Tower,0,15,22,0,37,0,12,32,0,44,0,27,54,0,81,52,0,52,133
05/17/2018,BKL,OH,AGL,CE,Federal Contract Tower,0,25,22,0,47,0,12,32,0,44,0,37,54,0,91,22,0,22,113
05/18/2018,BKL,OH,AGL,CE,Federal Contract Tower,0,22,19,2,43,0,10,29,0,39,0,32,48,2,82,24,0,24,106
05/19/2018,BKL,OH,AGL,CE,Federal Contract Tower,0,9,13,0,22,0,3,5,0,8,0,12,18,0,30,14,0,14,44
05/20/2018,BKL,OH,AGL,CE,Federal Contract Tower,0,10,18,0,28,0,3,10,0,13,0,13,28,0,41,18,0,18,59
05/21/2018,BKL,OH,AGL,CE,Federal Contract Tower,0,19,33,1,53,0,17,23,0,40,0,36,56,1,93,12,0,12,105
05/22/2018,BKL,OH,AGL,CE,Federal Contract Tower,0,23,40,2,65,0,5,8,0,13,0,28,48,2,78,14,0,14,92
05/23/2018,BKL,OH,AGL,CE,Federal Contract Tower,0,21,30,3,54,0,16,27,0,43,0,37,57,3,97,40,0,40,137
05/24/2018,BKL,OH,AGL,CE,Federal Contract Tower,0,20,23,1,44,0,19,55,0,74,0,39,78,1,118,16,0,16,134
05/25/2018,BKL,OH,AGL,CE,Federal Contract Tower,0,19,29,0,48,0,14,46,1,61,0,33,75,1,109,40,0,40,149
05/26/2018,BKL,OH,AGL,CE,Federal Contract Tower,0,6,17,0,23,0,36,71,0,107,0,42,88,0,130,30,0,30,160
05/27/2018,BKL,OH,AGL,CE,Federal Contract Tower,2,11,11,0,24,0,5,33,0,38,2,16,44,0,62,0,0,0,62
05/28/2018,BKL,OH,AGL,CE,Federal Contract Tower,0,8,6,0,14,0,17,12,0,29,0,25,18,0,43,0,0,0,43
05/29/2018,BKL,OH,AGL,CE,Federal Contract Tower,0,13,18,0,31,0,13,22,0,35,0,26,40,0,66,22,0,22,88
05/30/2018,BKL,OH,AGL,CE,Federal Contract Tower,0,18,18,0,36,0,16,26,0,42,0,34,44,0,78,0,0,0,78
05/31/2018,BKL,OH,AGL,CE,Federal Contract Tower,0,16,15,2,33,0,9,30,3,42,0,25,45,5,75,44,0,44,119
06/01/2018,BKL,OH,AGL,CE,Federal Contract Tower,0,21,18,0,39,0,13,22,0,35,0,34,40,0,74,16,0,16,90
06/02/2018,BKL,OH,AGL,CE,Federal Contract Tower,0,7,19,0,26,0,11,12,0,23,0,18,31,0,49,8,0,8,57
06/03/2018,BKL,OH,AGL,CE,Federal Contract Tower,0,6,14,0,20,0,26,34,0,60,0,32,48,0,80,30,0,30,110
06/04/2018,BKL,OH,AGL,CE,Federal Contract Tower,0,29,16,1,46,0,20,22,1,43,0,49,38,2,89,0,0,0,89
06/05/2018,BKL,OH,AGL,CE,Federal Contract Tower,0,16,25,0,41,0,12,23,0,35,0,28,48,0,76,40,0,40,116
06/06/2018,BKL,OH,AGL,CE,Federal Contract Tower,0,40,52,0,92,0,31,35,0,66,0,71,87,0,158,18,0,18,176
06/07/2018,BKL,OH,AGL,CE,Federal Contract Tower,0,56,63,0,119,0,14,41,0,55,0,70,104,0,174,22,0,22,196
06/08/2018,BKL,OH,AGL,CE,Federal Contract Tower,0,50,50,2,102,0,25,41,0,66,0,75,91,2,168,48,0,48,216
06/09/2018,BKL,OH,AGL,CE,Federal Contract Tower,0,44,53,0,97,0,22,33,0,55,0,66,86,0,152,28,0,28,180
06/10/2018,BKL,OH,AGL,CE,Federal Contract Tower,0,12,8,1,21,0,13,12,0,25,0,25,20,1,46,16,0,16,62
06/11/2018,BKL,OH,AGL,CE,Federal Contract Tower,0,13,19,0,32,0,5,18,0,23,0,18,37,0,55,12,0,12,67
06/12/2018,BKL,OH,AGL,CE,Federal Contract Tower,0,18,18,0,36,0,10,27,0,37,0,28,45,0,73,16,0,16,89
06/13/2018,BKL,OH,AGL,CE,Federal Contract Tower,0,19,32,0,51,0,17,20,0,37,0,36,52,0,88,68,0,68,156
06/14/2018,BKL,OH,AGL,CE,Federal Contract Tower,0,24,26,2,52,0,16,38,1,55,0,40,64,3,107,44,0,44,151
06/15/2018,BKL,OH,AGL,CE,Federal Contract Tower,0,12,36,0,48,0,24,66,1,91,0,36,102,1,139,18,0,18,157
06/16/2018,BKL,OH,AGL,CE,Federal Contract Tower,0,7,5,0,12,0,15,44,0,59,0,22,49,0,71,24,0,24,95
06/17/2018,BKL,OH,AGL,CE,Federal Contract Tower,1,10,15,0,26,0,29,35,0,64,1,39,50,0,90,20,0,20,110
06/18/2018,BKL,OH,AGL,CE,Federal Contract Tower,1,24,14,2,41,0,12,14,2,28,1,36,28,4,69,38,0,38,107
06/19/2018,BKL,OH,AGL,CE,Federal Contract Tower,0,28,11,0,39,0,3,11,0,14,0,31,22,0,53,2,0,2,55
06/20/2018,BKL,OH,AGL,CE,Federal Contract Tower,2,34,27,1,64,0,11,16,0,27,2,45,43,1,91,16,0,16,107
06/21/2018,BKL,OH,AGL,CE,Federal Contract Tower,0,21,29,2,52,0,41,39,0,80,0,62,68,2,132,76,0,76,208
06/22/2018,BKL,OH,AGL,CE,Federal Contract Tower,0,17,9,0,26,0,9,8,0,17,0,26,17,0,43,10,0,10,53
06/23/2018,BKL,OH,AGL,CE,Federal Contract Tower,0,1,17,2,20,0,20,48,0,68,0,21,65,2,88,10,2,12,100
06/24/2018,BKL,OH,AGL,CE,Federal Contract Tower,0,10,22,0,32,0,41,78,0,119,0,51,100,0,151,32,0,32,183
06/25/2018,BKL,OH,AGL,CE,Federal Contract Tower,0,9,21,0,30,0,26,54,0,80,0,35,75,0,110,30,0,30,140
06/26/2018,BKL,OH,AGL,CE,Federal Contract Tower,0,18,23,0,41,0,19,48,0,67,0,37,71,0,108,52,0,52,160
06/27/2018,BKL,OH,AGL,CE,Federal Contract Tower,0,14,33,0,47,0,15,17,0,32,0,29,50,0,79,0,2,2,81
06/28/2018,BKL,OH,AGL,CE,Federal Contract Tower,0,13,26,0,39,0,11,32,0,43,0,24,58,0,82,38,0,38,120
06/29/2018,BKL,OH,AGL,CE,Federal Contract Tower,0,14,18,1,33,0,59,76,0,135,0,73,94,1,168,60,0,60,228
06/30/2018,BKL,OH,AGL,CE,Federal Contract Tower,0,3,13,0,16,0,53,70,0,123,0,56,83,0,139,80,0,80,219
07/01/2018,BKL,OH,AGL,CE,Federal Contract Tower,0,3,12,1,16,0,11,34,0,45,0,14,46,1,61,24,0,24,85
07/02/2018,BKL,OH,AGL,CE,Federal Contract Tower,0,8,5,0,13,0,17,17,0,34,0,25,22,0,47,0,0,0,47
07/03/2018,BKL,OH,AGL,CE,Federal Contract Tower,0,14,6,0,20,0,15,18,0,33,0,29,24,0,53,12,0,12,65
07/04/2018,BKL,OH,AGL,CE,Federal Contract Tower,0,9,12,0,21,0,26,27,0,53,0,35,39,0,74,14,0,14,88
07/06/2018,BKL,OH,AGL,CE,Federal Contract Tower,0,14,10,0,24,0,29,36,0,65,0,43,46,0,89,28,0,28,117
07/07/2018,BKL,OH,AGL,CE,Federal Contract Tower,0,11,21,2,34,0,11,52,2,65,0,22,73,4,99,20,0,20,119
07/08/2018,BKL,OH,AGL,CE,Federal Contract Tower,1,11,18,0,30,0,18,30,0,48,1,29,48,0,78,36,0,36,114
07/09/2018,BKL,OH,AGL,CE,Federal Contract Tower,0,15,28,0,43,0,15,34,0,49,0,30,62,0,92,34,0,34,126
07/10/2018,BKL,OH,AGL,CE,Federal Contract Tower,0,19,37,2,58,0,30,31,0,61,0,49,68,2,119,22,0,22,141
07/11/2018,BKL,OH,AGL,CE,Federal Contract Tower,0,14,34,0,48,0,27,34,1,62,0,41,68,1,110,22,2,24,134
07/12/2018,BKL,OH,AGL,CE,Federal Contract Tower,0,23,37,1,61,0,32,38,5,75,0,55,75,6,136,12,0,12,148
07/13/2018,BKL,OH,AGL,CE,Federal Contract Tower,0,15,28,2,45,0,15,30,0,45,0,30,58,2,90,32,0,32,122
07/14/2018,BKL,OH,AGL,CE,Federal Contract Tower,0,8,17,0,25,0,28,40,0,68,0,36,57,0,93,42,0,42,135
07/15/2018,BKL,OH,AGL,CE,Federal Contract Tower,1,9,28,0,38,0,18,44,0,62,1,27,72,0,100,28,0,28,128
07/16/2018,BKL,OH,AGL,CE,Federal Contract Tower,0,22,33,2,57,0,18,38,1,57,0,40,71,3,114,52,0,52,166
07/17/2018,BKL,OH,AGL,CE,Federal Contract Tower,0,24,25,2,51,0,14,37,0,51,0,38,62,2,102,66,0,66,168
07/18/2018,BKL,OH,AGL,CE,Federal Contract Tower,0,31,32,3,66,0,55,34,1,90,0,86,66,4,156,22,0,22,178
07/19/2018,BKL,OH,AGL,CE,Federal Contract Tower,0,27,15,0,42,0,36,43,1,80,0,63,58,1,122,50,0,50,172
07/20/2018,BKL,OH,AGL,CE,Federal Contract Tower,0,18,13,0,31,0,20,13,0,33,0,38,26,0,64,0,0,0,64
07/21/2018,BKL,OH,AGL,CE,Federal Contract Tower,0,14,14,1,29,0,19,37,2,58,0,33,51,3,87,12,0,12,99
07/22/2018,BKL,OH,AGL,CE,Federal Contract Tower,0,8,13,0,21,0,15,19,1,35,0,23,32,1,56,14,0,14,70
07/23/2018,BKL,OH,AGL,CE,Federal Contract Tower,0,30,11,0,41,0,12,24,2,38,0,42,35,2,79,14,4,18,97
07/24/2018,BKL,OH,AGL,CE,Federal Contract Tower,0,23,5,0,28,0,22,35,0,57,0,45,40,0,85,12,0,12,97
07/25/2018,BKL,OH,AGL,CE,Federal Contract Tower,0,16,17,1,34,0,34,58,0,92,0,50,75,1,126,36,0,36,162
07/26/2018,BKL,OH,AGL,CE,Federal Contract Tower,0,18,14,1,33,0,30,44,0,74,0,48,58,1,107,10,0,10,117
07/27/2018,BKL,OH,AGL,CE,Federal Contract Tower,0,17,8,3,28,0,32,32,0,64,0,49,40,3,92,30,0,30,122
07/28/2018,BKL,OH,AGL,CE,Federal Contract Tower,0,9,10,1,20,0,17,39,0,56,0,26,49,1,76,40,0,40,116
07/29/2018,BKL,OH,AGL,CE,Federal Contract Tower,0,9,16,0,25,0,17,34,3,54,0,26,50,3,79,42,0,42,121
07/30/2018,BKL,OH,AGL,CE,Federal Contract Tower,0,25,9,0,34,0,16,23,2,41,0,41,32,2,75,12,0,12,87
07/31/2018,BKL,OH,AGL,CE,Federal Contract Tower,0,14,15,0,29,0,16,32,0,48,0,30,47,0,77,0,0,0,77
08/01/2018,BKL,OH,AGL,CE,Federal Contract Tower,0,21,19,0,40,0,14,29,1,44,0,35,48,1,84,54,2,56,140
08/02/2018,BKL,OH,AGL,CE,Federal Contract Tower,0,18,21,0,39,0,13,36,0,49,0,31,57,0,88,74,0,74,162
08/03/2018,BKL,OH,AGL,CE,Federal Contract Tower,0,20,12,2,34,0,54,37,0,91,0,74,49,2,125,104,6,110,235
08/04/2018,BKL,OH,AGL,CE,Federal Contract Tower,0,19,15,2,36,0,38,36,0,74,0,57,51,2,110,44,0,44,154
08/05/2018,BKL,OH,AGL,CE,Federal Contract Tower,0,9,19,2,30,0,28,37,2,67,0,37,56,4,97,28,0,28,125
08/06/2018,BKL,OH,AGL,CE,Federal Contract Tower,0,20,12,0,32,0,90,54,0,144,0,110,66,0,176,22,0,22,198
08/07/2018,BKL,OH,AGL,CE,Federal Contract Tower,0,16,16,0,32,0,9,5,0,14,0,25,21,0,46,20,0,20,66
08/08/2018,BKL,OH,AGL,CE,Federal Contract Tower,0,26,36,0,62,0,19,18,0,37,0,45,54,0,99,38,0,38,137
08/09/2018,BKL,OH,AGL,CE,Federal Contract Tower,0,30,36,0,66,0,12,35,0,47,0,42,71,0,113,14,0,14,127
08/10/2018,BKL,OH,AGL,CE,Federal Contract Tower,0,19,17,1,37,0,18,28,1,47,0,37,45,2,84,46,0,46,130
08/11/2018,BKL,OH,AGL,CE,Federal Contract Tower,0,19,11,0,30,0,23,24,0,47,0,42,35,0,77,68,0,68,145
08/12/2018,BKL,OH,AGL,CE,Federal Contract Tower,0,19,22,0,41,0,34,43,0,77,0,53,65,0,118,18,0,18,136
08/13/2018,BKL,OH,AGL,CE,Federal Contract Tower,0,28,20,2,50,0,23,48,0,71,0,51,68,2,121,84,0,84,205
08/14/2018,BKL,OH,AGL,CE,Federal Contract Tower,0,17,29,0,46,0,28,46,0,74,0,45,75,0,120,32,0,32,152
08/15/2018,BKL,OH,AGL,CE,Federal Contract Tower,0,26,26,0,52,0,26,59,3,88,0,52,85,3,140,120,0,120,260
08/16/2018,BKL,OH,AGL,CE,Federal Contract Tower,0,19,18,0,37,0,24,13,3,40,0,43,31,3,77,84,0,84,161
08/17/2018,BKL,OH,AGL,CE,Federal Contract Tower,0,21,26,0,47,0,22,37,0,59,0,43,63,0,106,100,0,100,206
08/18/2018,BKL,OH,AGL,CE,Federal Contract Tower,0,11,13,0,24,0,17,29,0,46,0,28,42,0,70,28,0,28,98
08/19/2018,BKL,OH,AGL,CE,Federal Contract Tower,0,17,15,0,32,0,37,34,0,71,0,54,49,0,103,56,0,56,159
08/20/2018,BKL,OH,AGL,CE,Federal Contract Tower,0,19,21,0,40,0,54,48,0,102,0,73,69,0,142,92,0,92,234
08/21/2018,BKL,OH,AGL,CE,Federal Contract Tower,0,22,7,0,29,0,32,5,0,37,0,54,12,0,66,36,0,36,102
08/22/2018,BKL,OH,AGL,CE,Federal Contract Tower,0,25,21,2,48,0,28,17,0,45,0,53,38,2,93,14,2,16,109
08/23/2018,BKL,OH,AGL,CE,Federal Contract Tower,0,17,24,0,41,0,47,66,0,113,0,64,90,0,154,60,0,60,214
08/24/2018,BKL,OH,AGL,CE,Federal Contract Tower,0,22,19,4,45,0,56,44,12,112,0,78,63,16,157,70,0,70,227
08/25/2018,BKL,OH,AGL,CE,Federal Contract Tower,0,10,13,0,23,0,37,15,2,54,0,47,28,2,77,10,0,10,87
08/26/2018,BKL,OH,AGL,CE,Federal Contract Tower,0,12,13,0,25,0,28,17,4,49,0,40,30,4,74,36,0,36,110
08/27/2018,BKL,OH,AGL,CE,Federal Contract Tower,0,20,18,1,39,0,61,63,0,124,0,81,81,1,163,22,0,22,185
08/28/2018,BKL,OH,AGL,CE,Federal Contract Tower,0,15,33,2,50,0,88,39,0,127,0,103,72,2,177,32,0,32,209
08/29/2018,BKL,OH,AGL,CE,Federal Contract Tower,0,15,38,6,59,0,19,27,9,55,0,34,65,15,114,6,0,6,120
08/30/2018,BKL,OH,AGL,CE,Federal Contract Tower,0,17,23,1,41,0,17,29,8,54,0,34,52,9,95,0,0,0,95
08/31/2018,BKL,OH,AGL,CE,Federal Contract Tower,0,6,7,6,19,0,16,20,8,44,0,22,27,14,63,0,4,4,67
09/01/2018,BKL,OH,AGL,CE,Federal Contract Tower,0,3,3,4,10,0,9,0,6,15,0,12,3,10,25,0,0,0,25
09/02/2018,BKL,OH,AGL,CE,Federal Contract Tower,0,0,3,0,3,0,4,3,0,7,0,4,6,0,10,0,0,0,10
09/03/2018,BKL,OH,AGL,CE,Federal Contract Tower,1,4,13,3,21,0,5,10,5,20,1,9,23,8,41,0,0,0,41
09/04/2018,BKL,OH,AGL,CE,Federal Contract Tower,0,18,13,9,40,0,20,25,5,50,0,38,38,14,90,0,0,0,90
09/05/2018,BKL,OH,AGL,CE,Federal Contract Tower,0,26,27,1,54,0,14,54,0,68,0,40,81,1,122,28,0,28,150
09/06/2018,BKL,OH,AGL,CE,Federal Contract Tower,0,20,25,0,45,0,12,18,0,30,0,32,43,0,75,38,0,38,113
09/07/2018,BKL,OH,AGL,CE,Federal Contract Tower,0,24,29,1,54,0,50,22,1,73,0,74,51,2,127,76,0,76,203
09/08/2018,BKL,OH,AGL,CE,Federal Contract Tower,0,13,12,0,25,0,7,12,0,19,0,20,24,0,44,22,0,22,66
09/09/2018,BKL,OH,AGL,CE,Federal Contract Tower,0,19,15,1,35,0,13,3,1,17,0,32,18,2,52,0,2,2,54
09/10/2018,BKL,OH,AGL,CE,Federal Contract Tower,0,24,23,0,47,0,18,6,0,24,0,42,29,0,71,10,0,10,81
09/11/2018,BKL,OH,AGL,CE,Federal Contract Tower,0,26,18,0,44,0,30,14,0,44,0,56,32,0,88,82,0,82,170
09/12/2018,BKL,OH,AGL,CE,Federal Contract Tower,0,27,19,0,46,0,18,22,0,40,0,45,41,0,86,108,0,108,194
09/13/2018,BKL,OH,AGL,CE,Federal Contract Tower,0,17,31,0,48,0,42,29,0,71,0,59,60,0,119,42,0,42,161
09/14/2018,BKL,OH,AGL,CE,Federal Contract Tower,0,14,13,3,30,0,56,70,2,128,0,70,83,5,158,62,0,62,220
09/15/2018,BKL,OH,AGL,CE,Federal Contract Tower,0,5,19,0,24,0,8,62,0,70,0,13,81,0,94,32,0,32,126
09/16/2018,BKL,OH,AGL,CE,Federal Contract Tower,0,8,23,0,31,0,9,32,0,41,0,17,55,0,72,10,0,10,82
09/17/2018,BKL,OH,AGL,CE,Federal Contract Tower,0,10,14,0,24,0,21,23,0,44,0,31,37,0,68,70,0,70,138
09/18/2018,BKL,OH,AGL,CE,Federal Contract Tower,0,20,33,2,55,0,37,55,0,92,0,57,88,2,147,82,0,82,229
09/19/2018,BKL,OH,AGL,CE,Federal Contract Tower,0,24,22,0,46,0,15,56,0,71,0,39,78,0,117,142,0,142,259
09/20/2018,BKL,OH,AGL,CE,Federal Contract Tower,0,26,40,0,66,0,20,43,1,64,0,46,83,1,130,26,0,26,156
09/22/2018,BKL,OH,AGL,CE,Federal Contract Tower,0,6,13,0,19,0,4,22,0,26,0,10,35,0,45,72,0,72,117
09/23/2018,BKL,OH,AGL,CE,Federal Contract Tower,0,14,14,0,28,0,4,31,0,35,0,18,45,0,63,64,0,64,127
09/24/2018,BKL,OH,AGL,CE,Federal Contract Tower,0,14,18,0,32,0,15,12,0,27,0,29,30,0,59,16,0,16,75
09/25/2018,BKL,OH,AGL,CE,Federal Contract Tower,0,13,19,0,32,0,16,7,0,23,0,29,26,0,55,12,0,12,67
09/26/2018,BKL,OH,AGL,CE,Federal Contract Tower,0,16,10,0,26,0,33,22,0,55,0,49,32,0,81,34,0,34,115
09/27/2018,BKL,OH,AGL,CE,Federal Contract Tower,0,14,12,0,26,0,13,39,0,52,0,27,51,0,78,74,0,74,152
09/28/2018,BKL,OH,AGL,CE,Federal Contract Tower,0,7,16,0,23,0,22,41,0,63,0,29,57,0,86,140,0,140,226
09/29/2018,BKL,OH,AGL,CE,Federal Contract Tower,0,5,9,0,14,0,10,31,0,41,0,15,40,0,55,10,0,10,65
09/30/2018,BKL,OH,AGL,CE,Federal Contract Tower,0,4,8,1,13,0,9,19,1,29,0,13,27,2,42,36,0,36,78
10/01/2018,BKL,OH,AGL,CE,Federal Contract Tower,0,14,28,3,45,0,18,17,0,35,0,32,45,3,80,78,0,78,158
10/02/2018,BKL,OH,AGL,CE,Federal Contract Tower,0,17,17,3,37,0,34,31,0,65,0,51,48,3,102,46,6,52,154
10/03/2018,BKL,OH,AGL,CE,Federal Contract Tower,0,25,26,0,51,0,38,19,0,57,0,63,45,0,108,80,0,80,188
10/04/2018,BKL,OH,AGL,CE,Federal Contract Tower,0,14,15,1,30,0,35,17,0,52,0,49,32,1,82,28,0,28,110
10/05/2018,BKL,OH,AGL,CE,Federal Contract Tower,0,21,17,0,38,0,19,17,1,37,0,40,34,1,75,42,0,42,117
10/06/2018,BKL,OH,AGL,CE,Federal Contract Tower,0,9,12,0,21,0,8,17,2,27,0,17,29,2,48,8,0,8,56
10/07/2018,BKL,OH,AGL,CE,Federal Contract Tower,0,7,11,0,18,0,0,0,0,0,0,7,11,0,18,0,0,0,18
10/08/2018,BKL,OH,AGL,CE,Federal Contract Tower,0,13,28,0,41,0,5,17,0,22,0,18,45,0,63,26,0,26,89
10/09/2018,BKL,OH,AGL,CE,Federal Contract Tower,0,11,10,0,21,0,12,23,0,35,0,23,33,0,56,72,0,72,128
10/10/2018,BKL,OH,AGL,CE,Federal Contract Tower,0,9,17,0,26,0,9,16,0,25,0,18,33,0,51,26,0,26,77
10/11/2018,BKL,OH,AGL,CE,Federal Contract Tower,0,13,13,6,32,0,9,13,0,22,0,22,26,6,54,14,0,14,68
10/12/2018,BKL,OH,AGL,CE,Federal Contract Tower,0,10,16,0,26,0,23,22,0,45,0,33,38,0,71,12,0,12,83
10/13/2018,BKL,OH,AGL,CE,Federal Contract Tower,0,6,5,0,11,0,10,22,2,34,0,16,27,2,45,34,0,34,79
10/14/2018,BKL,OH,AGL,CE,Federal Contract Tower,0,13,30,0,43,0,9,35,0,44,0,22,65,0,87,6,0,6,93
10/15/2018,BKL,OH,AGL,CE,Federal Contract Tower,0,15,13,0,28,0,9,1,0,10,0,24,14,0,38,0,0,0,38
10/16/2018,BKL,OH,AGL,CE,Federal Contract Tower,0,11,16,2,29,0,11,44,0,55,0,22,60,2,84,54,0,54,138
10/17/2018,BKL,OH,AGL,CE,Federal Contract Tower,0,12,11,0,23,0,15,13,0,28,0,27,24,0,51,6,0,6,57
10/18/2018,BKL,OH,AGL,CE,Federal Contract Tower,0,17,16,0,33,0,13,22,0,35,0,30,38,0,68,54,0,54,122
10/19/2018,BKL,OH,AGL,CE,Federal Contract Tower,0,14,12,5,31,0,18,28,0,46,0,32,40,5,77,58,4,62,139
10/20/2018,BKL,OH,AGL,CE,Federal Contract Tower,0,3,5,0,8,0,8,6,0,14,0,11,11,0,22,8,0,8,30
10/21/2018,BKL,OH,AGL,CE,Federal Contract Tower,0,2,7,0,9,0,13,2,0,15,0,15,9,0,24,0,0,0,24
10/22/2018,BKL,OH,AGL,CE,Federal Contract Tower,0,20,25,2,47,0,21,21,0,42,0,41,46,2,89,32,0,32,121
10/23/2018,BKL,OH,AGL,CE,Federal Contract Tower,0,13,25,4,42,0,26,22,0,48,0,39,47,4,90,12,0,12,102
10/24/2018,BKL,OH,AGL,CE,Federal Contract Tower,0,12,25,0,37,0,19,17,0,36,0,31,42,0,73,56,0,56,129
10/25/2018,BKL,OH,AGL,CE,Federal Contract Tower,0,16,17,0,33,0,36,45,0,81,0,52,62,0,114,76,0,76,190
10/26/2018,BKL,OH,AGL,CE,Federal Contract Tower,0,11,28,0,39,0,23,32,0,55,0,34,60,0,94,64,0,64,158
10/27/2018,BKL,OH,AGL,CE,Federal Contract Tower,0,2,8,0,10,0,1,1,0,2,0,3,9,0,12,0,0,0,12
10/28/2018,BKL,OH,AGL,CE,Federal Contract Tower,0,3,4,0,7,0,17,4,0,21,0,20,8,0,28,14,0,14,42
10/29/2018,BKL,OH,AGL,CE,Federal Contract Tower,0,3,20,0,23,0,14,4,0,18,0,17,24,0,41,10,0,10,51
10/30/2018,BKL,OH,AGL,CE,Federal Contract Tower,0,11,30,2,43,0,9,37,0,46,0,20,67,2,89,32,0,32,121
10/31/2018,BKL,OH,AGL,CE,Federal Contract Tower,0,15,12,0,27,0,11,3,0,14,0,26,15,0,41,0,0,0,41
11/01/2018,BKL,OH,AGL,CE,Federal Contract Tower,0,18,19,0,37,0,4,3,0,7,0,22,22,0,44,0,0,0,44
11/02/2018,BKL,OH,AGL,CE,Federal Contract Tower,0,19,16,0,35,0,2,1,0,3,0,21,17,0,38,0,0,0,38
11/03/2018,BKL,OH,AGL,CE,Federal Contract Tower,0,4,7,0,11,0,18,23,0,41,0,22,30,0,52,18,0,18,70
11/04/2018,BKL,OH,AGL,CE,Federal Contract Tower,0,21,37,0,58,0,9,44,1,54,0,30,81,1,112,2,0,2,114
11/05/2018,BKL,OH,AGL,CE,Federal Contract Tower,0,12,13,2,27,0,17,9,0,26,0,29,22,2,53,16,0,16,69
11/06/2018,BKL,OH,AGL,CE,Federal Contract Tower,0,12,18,0,30,0,18,5,0,23,0,30,23,0,53,0,0,0,53
11/07/2018,BKL,OH,AGL,CE,Federal Contract Tower,0,20,20,0,40,0,18,20,0,38,0,38,40,0,78,46,0,46,124
11/08/2018,BKL,OH,AGL,CE,Federal Contract Tower,0,11,12,0,23,0,30,47,0,77,0,41,59,0,100,82,0,82,182
11/09/2018,BKL,OH,AGL,CE,Federal Contract Tower,0,18,9,0,27,0,7,3,0,10,0,25,12,0,37,22,0,22,59
11/10/2018,BKL,OH,AGL,CE,Federal Contract Tower,0,11,6,0,17,0,5,2,0,7,0,16,8,0,24,26,0,26,50
11/11/2018,BKL,OH,AGL,CE,Federal Contract Tower,0,15,19,0,34,0,10,40,0,50,0,25,59,0,84,12,0,12,96
11/12/2018,BKL,OH,AGL,CE,Federal Contract Tower,0,8,18,0,26,0,10,18,0,28,0,18,36,0,54,52,0,52,106
11/13/2018,BKL,OH,AGL,CE,Federal Contract Tower,0,19,17,0,36,0,6,8,0,14,0,25,25,0,50,12,0,12,62
11/14/2018,BKL,OH,AGL,CE,Federal Contract Tower,0,7,15,0,22,0,13,6,0,19,0,20,21,0,41,0,0,0,41
11/15/2018,BKL,OH,AGL,CE,Federal Contract Tower,0,8,14,0,22,0,15,0,0,15,0,23,14,0,37,26,0,26,63
11/16/2018,BKL,OH,AGL,CE,Federal Contract Tower,0,11,9,0,20,0,0,0,0,0,0,11,9,0,20,0,0,0,20
11/17/2018,BKL,OH,AGL,CE,Federal Contract Tower,0,5,3,0,8,0,3,0,0,3,0,8,3,0,11,14,0,14,25
11/18/2018,BKL,OH,AGL,CE,Federal Contract Tower,0,7,7,0,14,0,2,0,0,2,0,9,7,0,16,0,0,0,16
11/19/2018,BKL,OH,AGL,CE,Federal Contract Tower,0,19,13,0,32,0,2,14,0,16,0,21,27,0,48,28,0,28,76
11/20/2018,BKL,OH,AGL,CE,Federal Contract Tower,0,16,12,0,28,0,2,8,0,10,0,18,20,0,38,46,0,46,84
11/21/2018,BKL,OH,AGL,CE,Federal Contract Tower,0,6,2,0,8,0,19,1,0,20,0,25,3,0,28,30,0,30,58
11/22/2018,BKL,OH,AGL,CE,Federal Contract Tower,0,8,0,0,8,0,10,11,0,21,0,18,11,0,29,34,0,34,63
11/23/2018,BKL,OH,AGL,CE,Federal Contract Tower,0,11,3,0,14,0,11,24,1,36,0,22,27,1,50,44,0,44,94
11/24/2018,BKL,OH,AGL,CE,Federal Contract Tower,0,8,2,0,10,0,5,1,1,7,0,13,3,1,17,0,0,0,17
11/25/2018,BKL,OH,AGL,CE,Federal Contract Tower,0,12,5,0,17,0,7,33,0,40,0,19,38,0,57,70,0,70,127
11/26/2018,BKL,OH,AGL,CE,Federal Contract Tower,0,21,7,0,28,0,3,0,0,3,0,24,7,0,31,0,0,0,31
11/27/2018,BKL,OH,AGL,CE,Federal Contract Tower,0,19,15,0,34,0,4,4,0,8,0,23,19,0,42,0,0,0,42
11/28/2018,BKL,OH,AGL,CE,Federal Contract Tower,0,14,11,2,27,0,23,0,0,23,0,37,11,2,50,0,0,0,50
11/29/2018,BKL,OH,AGL,CE,Federal Contract Tower,0,9,22,0,31,0,26,11,0,37,0,35,33,0,68,12,0,12,80
11/30/2018,BKL,OH,AGL,CE,Federal Contract Tower,0,12,13,0,25,0,4,0,0,4,0,16,13,0,29,0,0,0,29
12/01/2018,BKL,OH,AGL,CE,Federal Contract Tower,0,3,6,0,9,0,7,0,0,7,0,10,6,0,16,30,0,30,46
12/02/2018,BKL,OH,AGL,CE,Federal Contract Tower,0,5,7,0,12,0,9,28,0,37,0,14,35,0,49,64,0,64,113
12/03/2018,BKL,OH,AGL,CE,Federal Contract Tower,0,13,11,0,24,0,7,1,0,8,0,20,12,0,32,0,0,0,32
12/04/2018,BKL,OH,AGL,CE,Federal Contract Tower,0,10,11,2,23,0,3,11,1,15,0,13,22,3,38,40,0,40,78
12/05/2018,BKL,OH,AGL,CE,Federal Contract Tower,0,19,11,0,30,0,10,18,1,29,0,29,29,1,59,64,0,64,123
12/06/2018,BKL,OH,AGL,CE,Federal Contract Tower,0,21,13,1,35,0,5,7,0,12,0,26,20,1,47,4,0,4,51
12/07/2018,BKL,OH,AGL,CE,Federal Contract Tower,0,13,16,0,29,0,11,10,1,22,0,24,26,1,51,0,0,0,51
12/08/2018,BKL,OH,AGL,CE,Federal Contract Tower,0,7,12,0,19,0,28,23,0,51,0,35,35,0,70,44,0,44,114
12/09/2018,BKL,OH,AGL,CE,Federal Contract Tower,0,14,27,0,41,0,4,15,4,23,0,18,42,4,64,32,0,32,96
12/10/2018,BKL,OH,AGL,CE,Federal Contract Tower,0,16,29,0,45,0,10,15,0,25,0,26,44,0,70,40,0,40,110
12/11/2018,BKL,OH,AGL,CE,Federal Contract Tower,0,18,33,0,51,0,18,37,1,56,0,36,70,1,107,46,0,46,153
12/12/2018,BKL,OH,AGL,CE,Federal Contract Tower,0,15,28,0,43,0,12,27,0,39,0,27,55,0,82,112,0,112,194
12/13/2018,BKL,OH,AGL,CE,Federal Contract Tower,0,22,25,1,48,0,9,47,1,57,0,31,72,2,105,88,0,88,193
12/14/2018,BKL,OH,AGL,CE,Federal Contract Tower,0,21,10,0,31,0,6,30,0,36,0,27,40,0,67,64,0,64,131
12/15/2018,BKL,OH,AGL,CE,Federal Contract Tower,0,8,11,0,19,0,5,0,0,5,0,13,11,0,24,0,0,0,24
12/16/2018,BKL,OH,AGL,CE,Federal Contract Tower,0,8,6,0,14,0,4,8,0,12,0,12,14,0,26,78,0,78,104
12/17/2018,BKL,OH,AGL,CE,Federal Contract Tower,0,9,17,1,27,0,4,17,0,21,0,13,34,1,48,38,0,38,86
12/18/2018,BKL,OH,AGL,CE,Federal Contract Tower,0,11,21,2,34,0,5,22,0,27,0,16,43,2,61,36,0,36,97
12/19/2018,BKL,OH,AGL,CE,Federal Contract Tower,0,14,15,2,31,0,15,40,0,55,0,29,55,2,86,124,0,124,210
12/20/2018,BKL,OH,AGL,CE,Federal Contract Tower,0,13,13,0,26,0,19,20,2,41,0,32,33,2,67,74,0,74,141
12/21/2018,BKL,OH,AGL,CE,Federal Contract Tower,0,10,8,0,18,0,0,0,0,0,0,10,8,0,18,0,0,0,18
12/22/2018,BKL,OH,AGL,CE,Federal Contract Tower,1,11,6,0,18,0,5,3,0,8,1,16,9,0,26,0,0,0,26
12/23/2018,BKL,OH,AGL,CE,Federal Contract Tower,1,8,22,0,31,0,5,12,0,17,1,13,34,0,48,6,0,6,54
12/24/2018,BKL,OH,AGL,CE,Federal Contract Tower,0,6,0,0,6,0,9,7,0,16,0,15,7,0,22,0,0,0,22
12/25/2018,BKL,OH,AGL,CE,Federal Contract Tower,0,2,1,0,3,0,16,12,0,28,0,18,13,0,31,12,0,12,43
12/26/2018,BKL,OH,AGL,CE,Federal Contract Tower,0,2,2,0,4,0,2,21,0,23,0,4,23,0,27,60,0,60,87
12/27/2018,BKL,OH,AGL,CE,Federal Contract Tower,0,8,9,0,17,0,8,19,0,27,0,16,28,0,44,18,0,18,62
12/28/2018,BKL,OH,AGL,CE,Federal Contract Tower,0,4,3,0,7,0,9,2,0,11,0,13,5,0,18,0,0,0,18
12/29/2018,BKL,OH,AGL,CE,Federal Contract Tower,0,4,3,0,7,0,14,4,0,18,0,18,7,0,25,0,0,0,25
12/30/2018,BKL,OH,AGL,CE,Federal Contract Tower,0,7,3,0,10,0,14,19,0,33,0,21,22,0,43,56,0,56,99
12/31/2018,BKL,OH,AGL,CE,Federal Contract Tower,0,4,2,0,6,0,11,10,0,21,0,15,12,0,27,42,0,42,69
01/01/2019,BKL,OH,AGL,CE,Federal Contract Tower,1,10,5,0,16,0,6,2,0,8,1,16,7,0,24,0,0,0,24
01/02/2019,BKL,OH,AGL,CE,Federal Contract Tower,1,18,3,0,22,0,0,4,0,4,1,18,7,0,26,0,0,0,26
01/03/2019,BKL,OH,AGL,CE,Federal Contract Tower,0,9,12,0,21,0,14,34,2,50,0,23,46,2,71,70,0,70,141
01/04/2019,BKL,OH,AGL,CE,Federal Contract Tower,0,19,10,2,31,0,22,38,0,60,0,41,48,2,91,50,0,50,141
01/05/2019,BKL,OH,AGL,CE,Federal Contract Tower,0,4,5,0,9,5,7,0,0,12,5,11,5,0,21,16,0,16,37
01/06/2019,BKL,OH,AGL,CE,Federal Contract Tower,0,2,6,0,8,0,14,23,0,37,0,16,29,0,45,42,0,42,87
01/07/2019,BKL,OH,AGL,CE,Federal Contract Tower,0,16,5,0,21,0,11,10,0,21,0,27,15,0,42,8,0,8,50
01/08/2019,BKL,OH,AGL,CE,Federal Contract Tower,0,9,13,0,22,0,11,19,0,30,0,20,32,0,52,36,0,36,88
01/09/2019,BKL,OH,AGL,CE,Federal Contract Tower,0,13,13,0,26,0,0,0,0,0,0,13,13,0,26,0,0,0,26
01/10/2019,BKL,OH,AGL,CE,Federal Contract Tower,0,14,23,0,37,0,4,2,0,6,0,18,25,0,43,48,0,48,91
01/11/2019,BKL,OH,AGL,CE,Federal Contract Tower,0,10,10,0,20,0,12,29,0,41,0,22,39,0,61,138,0,138,199
01/12/2019,BKL,OH,AGL,CE,Federal Contract Tower,0,8,2,0,10,0,13,9,0,22,0,21,11,0,32,8,0,8,40
01/13/2019,BKL,OH,AGL,CE,Federal Contract Tower,0,11,4,1,16,0,6,23,0,29,0,17,27,1,45,84,0,84,129
01/14/2019,BKL,OH,AGL,CE,Federal Contract Tower,0,14,8,0,22,0,10,27,0,37,0,24,35,0,59,90,0,90,149
01/15/2019,BKL,OH,AGL,CE,Federal Contract Tower,0,13,15,0,28,0,9,4,0,13,0,22,19,0,41,14,0,14,55
01/16/2019,BKL,OH,AGL,CE,Federal Contract Tower,0,20,22,0,42,0,3,1,0,4,0,23,23,0,46,0,0,0,46
01/17/2019,BKL,OH,AGL,CE,Federal Contract Tower,0,14,20,0,34,0,18,14,0,32,0,32,34,0,66,26,0,26,92
01/18/2019,BKL,OH,AGL,CE,Federal Contract Tower,0,22,14,0,36,0,0,0,0,0,0,22,14,0,36,0,0,0,36
01/19/2019,BKL,OH,AGL,CE,Federal Contract Tower,0,1,1,0,2,0,0,2,0,2,0,1,3,0,4,0,0,0,4
01/20/2019,BKL,OH,AGL,CE,Federal Contract Tower,0,0,0,0,0,0,0,0,0,0,0,0,0,0,0,0,0,0,0
01/21/2019,BKL,OH,AGL,CE,Federal Contract Tower,0,7,11,0,18,0,1,0,0,1,0,8,11,0,19,0,0,0,19
01/22/2019,BKL,OH,AGL,CE,Federal Contract Tower,0,8,13,0,21,0,26,27,0,53,0,34,40,0,74,10,0,10,84
01/23/2019,BKL,OH,AGL,CE,Federal Contract Tower,0,18,18,0,36,0,4,0,0,4,0,22,18,0,40,0,0,0,40
01/24/2019,BKL,OH,AGL,CE,Federal Contract Tower,0,19,13,0,32,0,10,9,0,19,0,29,22,0,51,14,0,14,65
01/25/2019,BKL,OH,AGL,CE,Federal Contract Tower,0,12,12,0,24,0,5,11,0,16,0,17,23,0,40,32,0,32,72
01/26/2019,BKL,OH,AGL,CE,Federal Contract Tower,0,8,6,0,14,0,10,2,0,12,0,18,8,0,26,4,0,4,30
01/27/2019,BKL,OH,AGL,CE,Federal Contract Tower,0,6,7,0,13,0,6,23,0,29,0,12,30,0,42,60,0,60,102
01/28/2019,BKL,OH,AGL,CE,Federal Contract Tower,0,7,16,2,25,0,7,13,0,20,0,14,29,2,45,64,0,64,109
01/29/2019,BKL,OH,AGL,CE,Federal Contract Tower,0,20,5,0,25,0,14,6,0,20,0,34,11,0,45,18,0,18,63
01/30/2019,BKL,OH,AGL,CE,Federal Contract Tower,0,12,5,0,17,0,1,8,0,9,0,13,13,0,26,0,0,0,26
01/31/2019,BKL,OH,AGL,CE,Federal Contract Tower,0,18,10,0,28,0,4,4,0,8,0,22,14,0,36,0,0,0,36
02/01/2019,BKL,OH,AGL,CE,Federal Contract Tower,0,9,10,0,19,0,5,5,0,10,0,14,15,0,29,0,0,0,29
02/02/2019,BKL,OH,AGL,CE,Federal Contract Tower,0,14,14,0,28,0,5,25,0,30,0,19,39,0,58,34,0,34,92
02/03/2019,BKL,OH,AGL,CE,Federal Contract Tower,0,10,11,0,21,0,7,27,0,34,0,17,38,0,55,36,0,36,91
02/04/2019,BKL,OH,AGL,CE,Federal Contract Tower,0,12,8,0,20,0,6,18,0,24,0,18,26,0,44,6,0,6,50
02/05/2019,BKL,OH,AGL,CE,Federal Contract Tower,0,12,11,2,25,0,5,8,0,13,0,17,19,2,38,18,0,18,56
02/06/2019,BKL,OH,AGL,CE,Federal Contract Tower,0,9,16,0,25,0,2,1,0,3,0,11,17,0,28,0,0,0,28
02/07/2019,BKL,OH,AGL,CE,Federal Contract Tower,0,21,10,0,31,0,2,0,0,2,0,23,10,0,33,0,0,0,33
02/08/2019,BKL,OH,AGL,CE,Federal Contract Tower,0,19,11,0,30,0,4,2,2,8,0,23,13,2,38,0,0,0,38
02/09/2019,BKL,OH,AGL,CE,Federal Contract Tower,0,6,6,0,12,0,15,19,3,37,0,21,25,3,49,8,0,8,57
02/10/2019,BKL,OH,AGL,CE,Federal Contract Tower,0,5,4,0,9,0,9,20,0,29,0,14,24,0,38,74,0,74,112
02/11/2019,BKL,OH,AGL,CE,Federal Contract Tower,0,9,19,1,29,0,2,4,0,6,0,11,23,1,35,20,0,20,55
02/12/2019,BKL,OH,AGL,CE,Federal Contract Tower,0,12,7,0,19,0,2,0,0,2,0,14,7,0,21,0,0,0,21
02/13/2019,BKL,OH,AGL,CE,Federal Contract Tower,0,17,10,0,27,0,5,3,0,8,0,22,13,0,35,0,0,0,35
02/14/2019,BKL,OH,AGL,CE,Federal Contract Tower,0,21,16,0,37,0,33,38,0,71,0,54,54,0,108,86,0,86,194
02/15/2019,BKL,OH,AGL,CE,Federal Contract Tower,0,10,8,0,18,0,3,18,0,21,0,13,26,0,39,58,0,58,97
02/16/2019,BKL,OH,AGL,CE,Federal Contract Tower,0,8,3,0,11,0,10,16,0,26,0,18,19,0,37,0,0,0,37
02/17/2019,BKL,OH,AGL,CE,Federal Contract Tower,0,6,9,0,15,0,9,15,0,24,0,15,24,0,39,32,0,32,71
02/18/2019,BKL,OH,AGL,CE,Federal Contract Tower,0,18,9,0,27,0,0,14,0,14,0,18,23,0,41,22,0,22,63
02/19/2019,BKL,OH,AGL,CE,Federal Contract Tower,0,20,19,4,43,0,5,35,0,40,0,25,54,4,83,120,0,120,203
02/20/2019,BKL,OH,AGL,CE,Federal Contract Tower,0,16,3,2,21,0,0,10,0,10,0,16,13,2,31,10,0,10,41
02/21/2019,BKL,OH,AGL,CE,Federal Contract Tower,0,13,12,0,25,0,26,25,0,51,0,39,37,0,76,44,0,44,120
02/22/2019,BKL,OH,AGL,CE,Federal Contract Tower,2,10,18,0,30,0,18,46,0,64,2,28,64,0,94,148,0,148,242
02/23/2019,BKL,OH,AGL,CE,Federal Contract Tower,0,3,7,0,10,0,15,15,0,30,0,18,22,0,40,26,0,26,66
02/24/2019,BKL,OH,AGL,CE,Federal Contract Tower,0,3,2,0,5,0,0,1,0,1,0,3,3,0,6,0,0,0,6
02/25/2019,BKL,OH,AGL,CE,Federal Contract Tower,0,7,7,0,14,0,13,23,0,36,0,20,30,0,50,36,0,36,86
02/26/2019,BKL,OH,AGL,CE,Federal Contract Tower,0,11,28,0,39,0,9,7,0,16,0,20,35,0,55,30,0,30,85
02/27/2019,BKL,OH,AGL,CE,Federal Contract Tower,0,22,17,0,39,0,9,22,0,31,0,31,39,0,70,34,0,34,104
02/28/2019,BKL,OH,AGL,CE,Federal Contract Tower,0,8,14,1,23,0,10,28,1,39,0,18,42,2,62,40,0,40,102
03/01/2019,BKL,OH,AGL,CE,Federal Contract Tower,0,25,17,1,43,0,17,28,1,46,0,42,45,2,89,80,4,84,173
03/02/2019,BKL,OH,AGL,CE,Federal Contract Tower,0,10,12,0,22,0,14,24,0,38,0,24,36,0,60,74,0,74,134
03/03/2019,BKL,OH,AGL,CE,Federal Contract Tower,0,15,2,0,17,0,14,30,0,44,0,29,32,0,61,78,0,78,139
03/04/2019,BKL,OH,AGL,CE,Federal Contract Tower,0,17,10,0,27,0,2,24,0,26,0,19,34,0,53,48,0,48,101
03/05/2019,BKL,OH,AGL,CE,Federal Contract Tower,0,16,19,2,37,0,3,12,2,17,0,19,31,4,54,0,0,0,54
03/06/2019,BKL,OH,AGL,CE,Federal Contract Tower,0,18,20,0,38,0,2,6,0,8,0,20,26,0,46,20,0,20,66
03/07/2019,BKL,OH,AGL,CE,Federal Contract Tower,0,13,25,0,38,0,8,39,0,47,0,21,64,0,85,88,0,88,173
03/08/2019,BKL,OH,AGL,CE,Federal Contract Tower,0,8,18,2,28,0,6,46,0,52,0,14,64,2,80,66,0,66,146
03/09/2019,BKL,OH,AGL,CE,Federal Contract Tower,0,9,7,0,16,0,21,37,0,58,0,30,44,0,74,10,0,10,84
03/10/2019,BKL,OH,AGL,CE,Federal Contract Tower,0,8,4,0,12,0,13,2,0,15,0,21,6,0,27,0,0,0,27
03/11/2019,BKL,OH,AGL,CE,Federal Contract Tower,0,11,24,2,37,0,13,27,0,40,0,24,51,2,77,64,0,64,141
03/12/2019,BKL,OH,AGL,CE,Federal Contract Tower,0,14,27,0,41,0,28,59,0,87,0,42,86,0,128,94,0,94,222
03/13/2019,BKL,OH,AGL,CE,Federal Contract Tower,0,10,13,1,24,0,16,59,0,75,0,26,72,1,99,58,0,58,157
03/14/2019,BKL,OH,AGL,CE,Federal Contract Tower,0,13,13,0,26,0,17,8,0,25,0,30,21,0,51,0,0,0,51
03/15/2019,BKL,OH,AGL,CE,Federal Contract Tower,0,13,12,0,25,0,10,18,0,28,0,23,30,0,53,22,0,22,75
03/16/2019,BKL,OH,AGL,CE,Federal Contract Tower,0,14,16,0,30,0,8,33,0,41,0,22,49,0,71,42,0,42,113
03/17/2019,BKL,OH,AGL,CE,Federal Contract Tower,0,9,10,0,19,0,21,55,0,76,0,30,65,0,95,174,0,174,269
03/18/2019,BKL,OH,AGL,CE,Federal Contract Tower,0,9,17,4,30,0,3,43,0,46,0,12,60,4,76,94,0,94,170
03/19/2019,BKL,OH,AGL,CE,Federal Contract Tower,0,13,21,1,35,0,17,45,1,63,0,30,66,2,98,118,2,120,218
03/20/2019,BKL,OH,AGL,CE,Federal Contract Tower,0,16,10,2,28,0,12,39,1,52,0,28,49,3,80,104,0,104,184
03/21/2019,BKL,OH,AGL,CE,Federal Contract Tower,0,14,14,3,31,0,3,0,0,3,0,17,14,3,34,0,0,0,34
03/22/2019,BKL,OH,AGL,CE,Federal Contract Tower,0,18,13,0,31,0,2,2,0,4,0,20,15,0,35,0,0,0,35
03/23/2019,BKL,OH,AGL,CE,Federal Contract Tower,0,8,13,0,21,0,8,32,0,40,0,16,45,0,61,42,0,42,103
03/24/2019,BKL,OH,AGL,CE,Federal Contract Tower,0,4,8,0,12,0,24,44,0,68,0,28,52,0,80,88,0,88,168
03/25/2019,BKL,OH,AGL,CE,Federal Contract Tower,0,19,14,0,33,0,17,6,0,23,0,36,20,0,56,16,0,16,72
03/26/2019,BKL,OH,AGL,CE,Federal Contract Tower,0,14,16,0,30,0,34,61,0,95,0,48,77,0,125,90,0,90,215
03/27/2019,BKL,OH,AGL,CE,Federal Contract Tower,0,21,9,0,30,0,9,58,0,67,0,30,67,0,97,44,0,44,141
03/28/2019,BKL,OH,AGL,CE,Federal Contract Tower,0,10,9,2,21,0,8,39,0,47,0,18,48,2,68,82,0,82,150
03/29/2019,BKL,OH,AGL,CE,Federal Contract Tower,0,18,16,0,34,0,13,2,0,15,0,31,18,0,49,0,0,0,49
03/30/2019,BKL,OH,AGL,CE,Federal Contract Tower,0,9,6,0,15,0,0,0,0,0,0,9,6,0,15,8,0,8,23
03/31/2019,BKL,OH,AGL,CE,Federal Contract Tower,0,9,10,0,19,0,1,22,0,23,0,10,32,0,42,16,0,16,58
04/01/2019,BKL,OH,AGL,CE,Federal Contract Tower,2,9,15,0,26,0,20,61,0,81,2,29,76,0,107,42,0,42,149
04/02/2019,BKL,OH,AGL,CE,Federal Contract Tower,0,8,16,0,24,0,23,76,1,100,0,31,92,1,124,40,0,40,164
04/03/2019,BKL,OH,AGL,CE,Federal Contract Tower,2,7,11,0,20,0,0,0,0,0,2,7,11,0,20,8,0,8,28
04/04/2019,BKL,OH,AGL,CE,Federal Contract Tower,2,16,16,0,34,0,5,28,0,33,2,21,44,0,67,12,0,12,79
04/05/2019,BKL,OH,AGL,CE,Federal Contract Tower,0,8,22,0,30,0,15,16,0,31,0,23,38,0,61,4,0,4,65
04/06/2019,BKL,OH,AGL,CE,Federal Contract Tower,0,1,18,0,19,0,7,49,0,56,0,8,67,0,75,24,0,24,99
04/07/2019,BKL,OH,AGL,CE,Federal Contract Tower,1,8,8,0,17,0,4,53,3,60,1,12,61,3,77,46,0,46,123
04/08/2019,BKL,OH,AGL,CE,Federal Contract Tower,0,12,12,4,28,0,4,22,3,29,0,16,34,7,57,40,0,40,97
04/09/2019,BKL,OH,AGL,CE,Federal Contract Tower,0,26,30,0,56,0,19,67,0,86,0,45,97,0,142,130,0,130,272
04/10/2019,BKL,OH,AGL,CE,Federal Contract Tower,0,17,31,1,49,0,19,49,0,68,0,36,80,1,117,88,0,88,205
04/11/2019,BKL,OH,AGL,CE,Federal Contract Tower,0,15,19,0,34,0,4,47,2,53,0,19,66,2,87,98,0,98,185
04/12/2019,BKL,OH,AGL,CE,Federal Contract Tower,0,25,8,0,33,0,11,9,2,22,0,36,17,2,55,18,0,18,73
04/13/2019,BKL,OH,AGL,CE,Federal Contract Tower,0,3,13,0,16,0,7,44,0,51,0,10,57,0,67,82,0,82,149
04/14/2019,BKL,OH,AGL,CE,Federal Contract Tower,0,5,2,0,7,0,4,3,0,7,0,9,5,0,14,12,0,12,26
04/15/2019,BKL,OH,AGL,CE,Federal Contract Tower,0,15,13,0,28,0,0,15,0,15,0,15,28,0,43,18,0,18,61
04/16/2019,BKL,OH,AGL,CE,Federal Contract Tower,0,17,18,0,35,0,7,25,0,32,0,24,43,0,67,144,0,144,211
04/17/2019,BKL,OH,AGL,CE,Federal Contract Tower,0,15,19,0,34,0,11,40,0,51,0,26,59,0,85,130,0,130,215
04/18/2019,BKL,OH,AGL,CE,Federal Contract Tower,1,14,16,0,31,0,14,40,3,57,1,28,56,3,88,66,0,66,154
04/19/2019,BKL,OH,AGL,CE,Federal Contract Tower,1,11,10,0,22,0,1,0,0,1,1,12,10,0,23,0,0,0,23
04/20/2019,BKL,OH,AGL,CE,Federal Contract Tower,0,12,1,0,13,0,2,2,0,4,0,14,3,0,17,0,0,0,17
04/21/2019,BKL,OH,AGL,CE,Federal Contract Tower,0,10,12,0,22,0,11,4,0,15,0,21,16,0,37,4,0,4,41
04/22/2019,BKL,OH,AGL,CE,Federal Contract Tower,0,19,22,2,43,0,8,26,0,34,0,27,48,2,77,68,0,68,145
04/23/2019,BKL,OH,AGL,CE,Federal Contract Tower,1,12,18,0,31,0,14,56,0,70,1,26,74,0,101,42,0,42,143
04/24/2019,BKL,OH,AGL,CE,Federal Contract Tower,1,19,33,0,53,0,27,73,1,101,1,46,106,1,154,24,0,24,178
04/25/2019,BKL,OH,AGL,CE,Federal Contract Tower,0,20,24,2,46,0,8,37,0,45,0,28,61,2,91,94,0,94,185
04/26/2019,BKL,OH,AGL,CE,Federal Contract Tower,0,14,16,0,30,0,4,9,0,13,0,18,25,0,43,0,0,0,43
04/27/2019,BKL,OH,AGL,CE,Federal Contract Tower,0,3,3,0,6,0,4,33,0,37,0,7,36,0,43,20,0,20,63
04/28/2019,BKL,OH,AGL,CE,Federal Contract Tower,0,6,10,0,16,0,3,34,0,37,0,9,44,0,53,110,0,110,163
04/29/2019,BKL,OH,AGL,CE,Federal Contract Tower,0,11,10,0,21,0,10,44,0,54,0,21,54,0,75,58,0,58,133
04/30/2019,BKL,OH,AGL,CE,Federal Contract Tower,0,14,34,0,48,0,1,12,0,13,0,15,46,0,61,10,0,10,71
05/01/2019,BKL,OH,AGL,CE,Federal Contract Tower,0,11,30,0,41,0,31,99,0,130,0,42,129,0,171,88,0,88,259
05/02/2019,BKL,OH,AGL,CE,Federal Contract Tower,2,12,11,0,25,0,12,4,0,16,2,24,15,0,41,48,0,48,89
05/03/2019,BKL,OH,AGL,CE,Federal Contract Tower,0,9,9,0,18,0,4,3,0,7,0,13,12,0,25,12,0,12,37
05/04/2019,BKL,OH,AGL,CE,Federal Contract Tower,0,3,3,0,6,0,0,0,0,0,0,3,3,0,6,0,0,0,6
05/05/2019,BKL,OH,AGL,CE,Federal Contract Tower,3,12,10,0,25,0,10,25,0,35,3,22,35,0,60,8,0,8,68
05/06/2019,BKL,OH,AGL,CE,Federal Contract Tower,2,25,13,0,40,0,17,63,0,80,2,42,76,0,120,64,0,64,184
05/07/2019,BKL,OH,AGL,CE,Federal Contract Tower,0,20,18,0,38,0,10,32,0,42,0,30,50,0,80,18,0,18,98
05/08/2019,BKL,OH,AGL,CE,Federal Contract Tower,0,26,24,0,50,0,6,40,0,46,0,32,64,0,96,16,0,16,112
05/09/2019,BKL,OH,AGL,CE,Federal Contract Tower,2,22,29,0,53,0,2,23,2,27,2,24,52,2,80,24,0,24,104
05/10/2019,BKL,OH,AGL,CE,Federal Contract Tower,0,29,18,0,47,0,13,34,0,47,0,42,52,0,94,110,0,110,204
05/11/2019,BKL,OH,AGL,CE,Federal Contract Tower,0,5,13,0,18,0,14,39,0,53,0,19,52,0,71,88,0,88,159
05/12/2019,BKL,OH,AGL,CE,Federal Contract Tower,0,10,14,0,24,0,1,0,0,1,0,11,14,0,25,0,0,0,25
05/13/2019,BKL,OH,AGL,CE,Federal Contract Tower,0,21,16,0,37,0,0,6,0,6,0,21,22,0,43,48,0,48,91
05/14/2019,BKL,OH,AGL,CE,Federal Contract Tower,0,18,22,2,42,0,15,48,0,63,0,33,70,2,105,118,0,118,223
05/15/2019,BKL,OH,AGL,CE,Federal Contract Tower,0,8,24,1,33,0,8,64,2,74,0,16,88,3,107,120,0,120,227
05/16/2019,BKL,OH,AGL,CE,Federal Contract Tower,2,21,20,0,43,0,13,56,1,70,2,34,76,1,113,84,0,84,197
05/17/2019,BKL,OH,AGL,CE,Federal Contract Tower,0,19,18,1,38,0,6,24,0,30,0,25,42,1,68,16,0,16,84
05/18/2019,BKL,OH,AGL,CE,Federal Contract Tower,0,5,16,1,22,0,18,58,2,78,0,23,74,3,100,34,0,34,134
05/19/2019,BKL,OH,AGL,CE,Federal Contract Tower,3,12,16,0,31,0,22,65,2,89,3,34,81,2,120,56,0,56,176
05/20/2019,BKL,OH,AGL,CE,Federal Contract Tower,0,15,15,4,34,0,15,41,0,56,0,30,56,4,90,12,0,12,102
05/21/2019,BKL,OH,AGL,CE,Federal Contract Tower,0,24,22,0,46,0,7,51,1,59,0,31,73,1,105,78,0,78,183
05/22/2019,BKL,OH,AGL,CE,Federal Contract Tower,0,26,21,0,47,0,24,47,0,71,0,50,68,0,118,42,0,42,160
05/23/2019,BKL,OH,AGL,CE,Federal Contract Tower,1,14,25,0,40,0,9,27,0,36,1,23,52,0,76,40,0,40,116
05/24/2019,BKL,OH,AGL,CE,Federal Contract Tower,0,9,12,0,21,0,20,42,0,62,0,29,54,0,83,48,0,48,131
05/25/2019,BKL,OH,AGL,CE,Federal Contract Tower,0,5,6,0,11,0,8,18,0,26,0,13,24,0,37,20,0,20,57
05/26/2019,BKL,OH,AGL,CE,Federal Contract Tower,0,7,5,0,12,0,13,21,0,34,0,20,26,0,46,18,0,18,64
05/27/2019,BKL,OH,AGL,CE,Federal Contract Tower,0,6,14,0,20,0,34,77,0,111,0,40,91,0,131,74,0,74,205
05/28/2019,BKL,OH,AGL,CE,Federal Contract Tower,0,24,13,0,37,0,2,21,0,23,0,26,34,0,60,56,0,56,116
05/29/2019,BKL,OH,AGL,CE,Federal Contract Tower,0,16,20,2,38,0,6,22,0,28,0,22,42,2,66,38,0,38,104
05/30/2019,BKL,OH,AGL,CE,Federal Contract Tower,0,12,18,0,30,0,4,30,0,34,0,16,48,0,64,52,0,52,116
05/31/2019,BKL,OH,AGL,CE,Federal Contract Tower,0,12,30,2,44,0,17,70,0,87,0,29,100,2,131,94,0,94,225
06/01/2019,BKL,OH,AGL,CE,Federal Contract Tower,0,5,12,0,17,0,31,62,0,93,0,36,74,0,110,16,0,16,126
06/02/2019,BKL,OH,AGL,CE,Federal Contract Tower,0,11,14,0,25,0,0,20,0,20,0,11,34,0,45,36,0,36,81
06/03/2019,BKL,OH,AGL,CE,Federal Contract Tower,2,20,21,0,43,0,29,56,1,86,2,49,77,1,129,20,0,20,149
06/04/2019,BKL,OH,AGL,CE,Federal Contract Tower,0,15,27,0,42,0,26,37,0,63,0,41,64,0,105,68,0,68,173
06/05/2019,BKL,OH,AGL,CE,Federal Contract Tower,0,15,13,0,28,0,18,37,0,55,0,33,50,0,83,46,0,46,129
06/06/2019,BKL,OH,AGL,CE,Federal Contract Tower,0,30,20,2,52,0,0,21,0,21,0,30,41,2,73,0,0,0,73
06/07/2019,BKL,OH,AGL,CE,Federal Contract Tower,2,22,14,0,38,0,15,56,0,71,2,37,70,0,109,30,0,30,139
06/08/2019,BKL,OH,AGL,CE,Federal Contract Tower,0,6,12,0,18,0,5,58,0,63,0,11,70,0,81,0,0,0,81
06/09/2019,BKL,OH,AGL,CE,Federal Contract Tower,2,12,20,0,34,0,19,25,0,44,2,31,45,0,78,0,0,0,78
06/10/2019,BKL,OH,AGL,CE,Federal Contract Tower,0,13,21,0,34,0,3,7,0,10,0,16,28,0,44,0,0,0,44
06/11/2019,BKL,OH,AGL,CE,Federal Contract Tower,0,24,19,0,43,0,14,48,0,62,0,38,67,0,105,140,0,140,245
06/12/2019,BKL,OH,AGL,CE,Federal Contract Tower,1,24,30,0,55,0,13,60,0,73,1,37,90,0,128,76,0,76,204
06/13/2019,BKL,OH,AGL,CE,Federal Contract Tower,0,14,16,0,30,0,10,28,0,38,0,24,44,0,68,78,0,78,146
06/14/2019,BKL,OH,AGL,CE,Federal Contract Tower,0,17,24,0,41,0,7,48,0,55,0,24,72,0,96,136,0,136,232
06/15/2019,BKL,OH,AGL,CE,Federal Contract Tower,0,8,9,0,17,0,10,11,0,21,0,18,20,0,38,18,0,18,56
06/16/2019,BKL,OH,AGL,CE,Federal Contract Tower,0,9,3,0,12,0,1,0,0,1,0,10,3,0,13,0,0,0,13
06/17/2019,BKL,OH,AGL,CE,Federal Contract Tower,0,19,25,0,44,0,0,5,0,5,0,19,30,0,49,24,0,24,73
06/18/2019,BKL,OH,AGL,CE,Federal Contract Tower,0,11,28,0,39,0,9,41,0,50,0,20,69,0,89,88,0,88,177
06/19/2019,BKL,OH,AGL,CE,Federal Contract Tower,4,15,18,4,41,0,6,50,1,57,4,21,68,5,98,130,6,136,234
06/20/2019,BKL,OH,AGL,CE,Federal Contract Tower,2,14,12,0,28,0,4,3,0,7,2,18,15,0,35,12,0,12,47
06/21/2019,BKL,OH,AGL,CE,Federal Contract Tower,0,12,16,0,28,0,19,60,0,79,0,31,76,0,107,138,4,142,249
06/22/2019,BKL,OH,AGL,CE,Federal Contract Tower,0,8,13,0,21,0,10,150,8,168,0,18,163,8,189,24,2,26,215
06/23/2019,BKL,OH,AGL,CE,Federal Contract Tower,5,9,20,0,34,0,5,61,0,66,5,14,81,0,100,10,0,10,110
06/24/2019,BKL,OH,AGL,CE,Federal Contract Tower,0,27,32,0,59,0,22,27,2,51,0,49,59,2,110,72,0,72,182
06/25/2019,BKL,OH,AGL,CE,Federal Contract Tower,0,24,30,0,54,0,20,54,1,75,0,44,84,1,129,154,0,154,283
06/26/2019,BKL,OH,AGL,CE,Federal Contract Tower,0,18,27,2,47,0,41,65,0,106,0,59,92,2,153,52,0,52,205
06/27/2019,BKL,OH,AGL,CE,Federal Contract Tower,0,21,19,2,42,0,37,104,0,141,0,58,123,2,183,146,6,152,335
06/28/2019,BKL,OH,AGL,CE,Federal Contract Tower,0,35,13,0,48,0,38,90,0,128,0,73,103,0,176,116,0,116,292
06/29/2019,BKL,OH,AGL,CE,Federal Contract Tower,0,6,5,0,11,0,12,88,0,100,0,18,93,0,111,68,0,68,179
06/30/2019,BKL,OH,AGL,CE,Federal Contract Tower,0,5,14,0,19,0,10,48,0,58,0,15,62,0,77,66,0,66,143
07/01/2019,BKL,OH,AGL,CE,Federal Contract Tower,0,8,12,2,22,0,11,54,0,65,0,19,66,2,87,88,0,88,175
07/02/2019,BKL,OH,AGL,CE,Federal Contract Tower,0,9,14,0,23,0,14,52,0,66,0,23,66,0,89,106,0,106,195
07/03/2019,BKL,OH,AGL,CE,Federal Contract Tower,0,8,8,0,16,0,9,62,0,71,0,17,70,0,87,134,0,134,221
07/04/2019,BKL,OH,AGL,CE,Federal Contract Tower,0,4,5,0,9,0,9,47,0,56,0,13,52,0,65,124,0,124,189
07/05/2019,BKL,OH,AGL,CE,Federal Contract Tower,0,11,17,0,28,0,9,35,0,44,0,20,52,0,72,56,0,56,128
07/06/2019,BKL,OH,AGL,CE,Federal Contract Tower,0,6,2,0,8,0,17,36,0,53,0,23,38,0,61,68,0,68,129
07/07/2019,BKL,OH,AGL,CE,Federal Contract Tower,1,21,25,0,47,0,14,32,0,46,1,35,57,0,93,28,0,28,121
07/08/2019,BKL,OH,AGL,CE,Federal Contract Tower,1,43,30,0,74,0,3,55,0,58,1,46,85,0,132,0,0,0,132
07/09/2019,BKL,OH,AGL,CE,Federal Contract Tower,1,24,44,0,69,0,15,70,0,85,1,39,114,0,154,0,0,0,154
07/10/2019,BKL,OH,AGL,CE,Federal Contract Tower,3,62,39,0,104,0,36,67,1,104,3,98,106,1,208,22,2,24,232
07/11/2019,BKL,OH,AGL,CE,Federal Contract Tower,1,13,37,0,51,0,8,56,1,65,1,21,93,1,116,100,0,100,216
07/12/2019,BKL,OH,AGL,CE,Federal Contract Tower,0,31,14,0,45,0,11,46,0,57,0,42,60,0,102,126,0,126,228
07/13/2019,BKL,OH,AGL,CE,Federal Contract Tower,0,9,18,0,27,0,17,64,3,84,0,26,82,3,111,34,0,34,145
07/14/2019,BKL,OH,AGL,CE,Federal Contract Tower,1,14,17,0,32,0,11,54,0,65,1,25,71,0,97,16,0,16,113
07/15/2019,BKL,OH,AGL,CE,Federal Contract Tower,2,11,31,2,46,0,16,45,0,61,2,27,76,2,107,80,0,80,187
07/16/2019,BKL,OH,AGL,CE,Federal Contract Tower,0,20,22,2,44,0,11,21,0,32,0,31,43,2,76,42,0,42,118
07/17/2019,BKL,OH,AGL,CE,Federal Contract Tower,0,21,22,0,43,0,10,13,0,23,0,31,35,0,66,52,0,52,118
07/18/2019,BKL,OH,AGL,CE,Federal Contract Tower,1,23,30,0,54,0,42,44,0,86,1,65,74,0,140,44,0,44,184
07/19/2019,BKL,OH,AGL,CE,Federal Contract Tower,0,16,22,0,38,0,23,40,0,63,0,39,62,0,101,30,0,30,131
07/20/2019,BKL,OH,AGL,CE,Federal Contract Tower,0,7,10,0,17,0,13,36,0,49,0,20,46,0,66,34,0,34,100
07/21/2019,BKL,OH,AGL,CE,Federal Contract Tower,0,13,20,0,33,0,6,38,0,44,0,19,58,0,77,46,0,46,123
07/22/2019,BKL,OH,AGL,CE,Federal Contract Tower,0,11,17,0,28,0,8,23,0,31,0,19,40,0,59,28,0,28,87
07/23/2019,BKL,OH,AGL,CE,Federal Contract Tower,0,13,19,3,35,0,24,56,0,80,0,37,75,3,115,94,0,94,209
07/24/2019,BKL,OH,AGL,CE,Federal Contract Tower,0,20,27,1,48,0,8,51,1,60,0,28,78,2,108,70,0,70,178
07/25/2019,BKL,OH,AGL,CE,Federal Contract Tower,0,17,19,0,36,0,45,63,0,108,0,62,82,0,144,72,0,72,216
07/26/2019,BKL,OH,AGL,CE,Federal Contract Tower,0,8,21,0,29,0,25,73,2,100,0,33,94,2,129,100,0,100,229
07/27/2019,BKL,OH,AGL,CE,Federal Contract Tower,0,5,12,0,17,0,24,48,0,72,0,29,60,0,89,8,0,8,97
07/28/2019,BKL,OH,AGL,CE,Federal Contract Tower,0,9,5,0,14,0,15,34,0,49,0,24,39,0,63,10,0,10,73
07/29/2019,BKL,OH,AGL,CE,Federal Contract Tower,0,20,22,3,45,0,20,33,0,53,0,40,55,3,98,36,2,38,136
07/30/2019,BKL,OH,AGL,CE,Federal Contract Tower,0,17,16,0,33,0,19,40,0,59,0,36,56,0,92,28,0,28,120
07/31/2019,BKL,OH,AGL,CE,Federal Contract Tower,0,16,25,0,41,0,15,44,4,63,0,31,69,4,104,32,0,32,136
08/01/2019,BKL,OH,AGL,CE,Federal Contract Tower,0,20,27,3,50,0,10,63,0,73,0,30,90,3,123,24,0,24,147
08/02/2019,BKL,OH,AGL,CE,Federal Contract Tower,0,16,21,0,37,0,15,75,2,92,0,31,96,2,129,42,6,48,177
08/03/2019,BKL,OH,AGL,CE,Federal Contract Tower,0,10,19,1,30,0,11,39,0,50,0,21,58,1,80,88,0,88,168
08/04/2019,BKL,OH,AGL,CE,Federal Contract Tower,0,7,12,0,19,0,18,56,0,74,0,25,68,0,93,0,0,0,93
08/05/2019,BKL,OH,AGL,CE,Federal Contract Tower,0,15,15,0,30,0,14,32,0,46,0,29,47,0,76,38,0,38,114
08/06/2019,BKL,OH,AGL,CE,Federal Contract Tower,0,7,32,0,39,0,15,30,0,45,0,22,62,0,84,28,0,28,112
08/07/2019,BKL,OH,AGL,CE,Federal Contract Tower,0,17,18,0,35,0,26,45,2,73,0,43,63,2,108,12,0,12,120
08/08/2019,BKL,OH,AGL,CE,Federal Contract Tower,0,21,33,2,56,0,31,44,3,78,0,52,77,5,134,50,0,50,184
08/09/2019,BKL,OH,AGL,CE,Federal Contract Tower,0,23,32,2,57,0,17,47,1,65,0,40,79,3,122,84,0,84,206
08/10/2019,BKL,OH,AGL,CE,Federal Contract Tower,0,16,15,0,31,0,16,71,1,88,0,32,86,1,119,52,0,52,171
08/11/2019,BKL,OH,AGL,CE,Federal Contract Tower,0,13,12,0,25,0,9,64,0,73,0,22,76,0,98,44,0,44,142
08/12/2019,BKL,OH,AGL,CE,Federal Contract Tower,1,19,24,2,46,0,4,32,0,36,1,23,56,2,82,48,0,48,130
08/13/2019,BKL,OH,AGL,CE,Federal Contract Tower,0,15,39,4,58,0,10,15,3,28,0,25,54,7,86,0,0,0,86
08/14/2019,BKL,OH,AGL,CE,Federal Contract Tower,0,13,23,0,36,0,17,45,5,67,0,30,68,5,103,64,0,64,167
08/15/2019,BKL,OH,AGL,CE,Federal Contract Tower,1,23,28,0,52,0,28,39,3,70,1,51,67,3,122,76,0,76,198
08/16/2019,BKL,OH,AGL,CE,Federal Contract Tower,0,26,18,0,44,0,17,38,0,55,0,43,56,0,99,32,0,32,131
08/17/2019,BKL,OH,AGL,CE,Federal Contract Tower,0,3,8,0,11,0,7,19,0,26,0,10,27,0,37,28,0,28,65
08/18/2019,BKL,OH,AGL,CE,Federal Contract Tower,0,10,5,0,15,0,6,11,1,18,0,16,16,1,33,32,0,32,65
08/19/2019,BKL,OH,AGL,CE,Federal Contract Tower,0,11,12,2,25,0,13,25,0,38,0,24,37,2,63,18,0,18,81
08/20/2019,BKL,OH,AGL,CE,Federal Contract Tower,0,17,18,0,35,0,11,35,0,46,0,28,53,0,81,46,0,46,127
08/21/2019,BKL,OH,AGL,CE,Federal Contract Tower,0,12,20,0,32,0,0,1,0,1,0,12,21,0,33,26,0,26,59
08/22/2019,BKL,OH,AGL,CE,Federal Contract Tower,0,11,10,0,21,0,13,34,0,47,0,24,44,0,68,36,0,36,104
08/23/2019,BKL,OH,AGL,CE,Federal Contract Tower,0,10,18,0,28,0,18,45,0,63,0,28,63,0,91,64,0,64,155
08/24/2019,BKL,OH,AGL,CE,Federal Contract Tower,0,11,8,0,19,0,24,69,0,93,0,35,77,0,112,64,0,64,176
08/25/2019,BKL,OH,AGL,CE,Federal Contract Tower,0,8,11,0,19,0,24,78,0,102,0,32,89,0,121,4,0,4,125
08/26/2019,BKL,OH,AGL,CE,Federal Contract Tower,0,12,15,2,29,0,15,10,2,27,0,27,25,4,56,14,0,14,70
08/27/2019,BKL,OH,AGL,CE,Federal Contract Tower,0,18,40,6,64,0,7,5,0,12,0,25,45,6,76,6,0,6,82
08/28/2019,BKL,OH,AGL,CE,Federal Contract Tower,0,21,22,2,45,0,19,46,0,65,0,40,68,2,110,38,0,38,148
08/29/2019,BKL,OH,AGL,CE,Federal Contract Tower,0,21,15,6,42,0,34,21,16,71,0,55,36,22,113,22,2,24,137
08/30/2019,BKL,OH,AGL,CE,Federal Contract Tower,0,17,11,6,34,0,13,24,7,44,0,30,35,13,78,0,0,0,78
08/31/2019,BKL,OH,AGL,CE,Federal Contract Tower,0,6,1,5,12,0,1,2,0,3,0,7,3,5,15,0,2,2,17
09/01/2019,BKL,OH,AGL,CE,Federal Contract Tower,0,1,1,0,2,0,5,1,0,6,0,6,2,0,8,0,0,0,8
09/02/2019,BKL,OH,AGL,CE,Federal Contract Tower,1,0,2,4,7,0,4,8,3,15,1,4,10,7,22,0,0,0,22
09/03/2019,BKL,OH,AGL,CE,Federal Contract Tower,0,10,26,13,49,0,10,28,1,39,0,20,54,14,88,0,0,0,88
09/04/2019,BKL,OH,AGL,CE,Federal Contract Tower,0,14,28,2,44,0,15,33,0,48,0,29,61,2,92,20,0,20,112
09/05/2019,BKL,OH,AGL,CE,Federal Contract Tower,2,22,28,1,53,0,16,27,1,44,2,38,55,2,97,24,0,24,121
09/06/2019,BKL,OH,AGL,CE,Federal Contract Tower,0,19,25,2,46,0,22,38,2,62,0,41,63,4,108,50,0,50,158
09/07/2019,BKL,OH,AGL,CE,Federal Contract Tower,0,4,19,0,23,0,5,25,0,30,0,9,44,0,53,62,0,62,115
09/08/2019,BKL,OH,AGL,CE,Federal Contract Tower,0,22,53,0,75,0,3,46,4,53,0,25,99,4,128,16,0,16,144
09/09/2019,BKL,OH,AGL,CE,Federal Contract Tower,0,25,29,0,54,0,31,23,0,54,0,56,52,0,108,58,0,58,166
09/10/2019,BKL,OH,AGL,CE,Federal Contract Tower,0,20,28,0,48,0,17,26,2,45,0,37,54,2,93,72,0,72,165
09/11/2019,BKL,OH,AGL,CE,Federal Contract Tower,0,17,28,2,47,0,13,16,0,29,0,30,44,2,76,30,0,30,106
09/12/2019,BKL,OH,AGL,CE,Federal Contract Tower,0,21,24,4,49,0,7,5,0,12,0,28,29,4,61,24,0,24,85
09/13/2019,BKL,OH,AGL,CE,Federal Contract Tower,1,16,17,2,36,0,19,23,0,42,1,35,40,2,78,26,0,26,104
09/14/2019,BKL,OH,AGL,CE,Federal Contract Tower,0,7,14,0,21,0,9,29,0,38,0,16,43,0,59,30,0,30,89
09/15/2019,BKL,OH,AGL,CE,Federal Contract Tower,2,8,21,0,31,0,7,41,0,48,2,15,62,0,79,2,0,2,81
09/16/2019,BKL,OH,AGL,CE,Federal Contract Tower,1,18,17,2,38,0,5,21,0,26,1,23,38,2,64,26,0,26,90
09/17/2019,BKL,OH,AGL,CE,Federal Contract Tower,2,12,21,0,35,0,9,41,0,50,2,21,62,0,85,32,0,32,117
09/18/2019,BKL,OH,AGL,CE,Federal Contract Tower,0,14,25,0,39,0,12,24,2,38,0,26,49,2,77,22,10,32,109
09/19/2019,BKL,OH,AGL,CE,Federal Contract Tower,0,22,23,1,46,0,20,33,1,54,0,42,56,2,100,26,6,32,132
09/20/2019,BKL,OH,AGL,CE,Federal Contract Tower,0,12,21,0,33,0,9,54,5,68,0,21,75,5,101,24,0,24,125
09/21/2019,BKL,OH,AGL,CE,Federal Contract Tower,0,15,16,0,31,0,17,39,4,60,0,32,55,4,91,40,0,40,131
09/22/2019,BKL,OH,AGL,CE,Federal Contract Tower,0,12,28,0,40,0,10,36,0,46,0,22,64,0,86,20,0,20,106
09/23/2019,BKL,OH,AGL,CE,Federal Contract Tower,0,30,29,0,59,0,7,12,0,19,0,37,41,0,78,36,0,36,114
09/24/2019,BKL,OH,AGL,CE,Federal Contract Tower,0,24,28,0,52,0,20,24,2,46,0,44,52,2,98,48,0,48,146
09/25/2019,BKL,OH,AGL,CE,Federal Contract Tower,0,18,24,6,48,0,22,19,1,42,0,40,43,7,90,0,0,0,90
09/26/2019,BKL,OH,AGL,CE,Federal Contract Tower,0,20,25,0,45,0,18,31,1,50,0,38,56,1,95,6,0,6,101
09/27/2019,BKL,OH,AGL,CE,Federal Contract Tower,0,11,20,1,32,0,11,52,1,64,0,22,72,2,96,8,0,8,104
09/28/2019,BKL,OH,AGL,CE,Federal Contract Tower,0,12,12,0,24,0,3,29,0,32,0,15,41,0,56,36,0,36,92
09/29/2019,BKL,OH,AGL,CE,Federal Contract Tower,0,8,12,0,20,0,5,26,0,31,0,13,38,0,51,44,0,44,95
09/30/2019,BKL,OH,AGL,CE,Federal Contract Tower,0,17,19,0,36,0,9,49,0,58,0,26,68,0,94,66,0,66,160
10/01/2019,BKL,OH,AGL,CE,Federal Contract Tower,0,18,22,0,40,0,22,50,0,72,0,40,72,0,112,78,0,78,190
10/02/2019,BKL,OH,AGL,CE,Federal Contract Tower,0,24,16,2,42,0,16,12,0,28,0,40,28,2,70,26,0,26,96
10/03/2019,BKL,OH,AGL,CE,Federal Contract Tower,0,19,15,0,34,0,3,4,0,7,0,22,19,0,41,2,0,2,43
10/04/2019,BKL,OH,AGL,CE,Federal Contract Tower,0,22,13,0,35,0,23,33,0,56,0,45,46,0,91,80,0,80,171
10/05/2019,BKL,OH,AGL,CE,Federal Contract Tower,0,13,12,2,27,0,28,64,0,92,0,41,76,2,119,88,0,88,207
10/06/2019,BKL,OH,AGL,CE,Federal Contract Tower,0,11,14,0,25,0,15,16,0,31,0,26,30,0,56,32,0,32,88
10/07/2019,BKL,OH,AGL,CE,Federal Contract Tower,0,14,41,0,55,0,4,22,0,26,0,18,63,0,81,48,0,48,129
10/08/2019,BKL,OH,AGL,CE,Federal Contract Tower,0,20,24,0,44,0,4,24,0,28,0,24,48,0,72,12,0,12,84
10/09/2019,BKL,OH,AGL,CE,Federal Contract Tower,0,15,20,0,35,0,12,31,0,43,0,27,51,0,78,18,0,18,96
10/10/2019,BKL,OH,AGL,CE,Federal Contract Tower,0,19,37,1,57,0,12,28,2,42,0,31,65,3,99,24,0,24,123
10/11/2019,BKL,OH,AGL,CE,Federal Contract Tower,0,27,18,0,45,0,17,32,0,49,0,44,50,0,94,38,0,38,132
10/12/2019,BKL,OH,AGL,CE,Federal Contract Tower,0,13,7,0,20,0,12,24,0,36,0,25,31,0,56,36,0,36,92
10/13/2019,BKL,OH,AGL,CE,Federal Contract Tower,0,38,45,0,83,0,16,43,1,60,0,54,88,1,143,16,0,16,159
10/14/2019,BKL,OH,AGL,CE,Federal Contract Tower,0,16,17,1,34,0,20,12,0,32,0,36,29,1,66,12,0,12,78
10/15/2019,BKL,OH,AGL,CE,Federal Contract Tower,0,19,27,1,47,0,13,34,0,47,0,32,61,1,94,30,0,30,124
10/16/2019,BKL,OH,AGL,CE,Federal Contract Tower,0,22,17,2,41,0,7,13,2,22,0,29,30,4,63,10,12,22,85
10/17/2019,BKL,OH,AGL,CE,Federal Contract Tower,0,22,27,0,49,0,4,9,0,13,0,26,36,0,62,0,0,0,62
10/18/2019,BKL,OH,AGL,CE,Federal Contract Tower,0,21,19,0,40,0,21,51,0,72,0,42,70,0,112,18,0,18,130
10/19/2019,BKL,OH,AGL,CE,Federal Contract Tower,0,4,11,0,15,0,28,42,0,70,0,32,53,0,85,26,0,26,111
10/20/2019,BKL,OH,AGL,CE,Federal Contract Tower,0,13,9,0,22,0,14,32,0,46,0,27,41,0,68,76,0,76,144
10/21/2019,BKL,OH,AGL,CE,Federal Contract Tower,0,26,20,0,46,0,32,19,0,51,0,58,39,0,97,0,0,0,97
10/22/2019,BKL,OH,AGL,CE,Federal Contract Tower,0,25,26,0,51,0,15,30,0,45,0,40,56,0,96,24,0,24,120
10/23/2019,BKL,OH,AGL,CE,Federal Contract Tower,0,22,18,0,40,0,5,14,0,19,0,27,32,0,59,6,0,6,65
10/24/2019,BKL,OH,AGL,CE,Federal Contract Tower,0,16,21,0,37,0,10,38,0,48,0,26,59,0,85,48,0,48,133
10/25/2019,BKL,OH,AGL,CE,Federal Contract Tower,0,14,16,2,32,0,14,30,0,44,0,28,46,2,76,12,0,12,88
10/26/2019,BKL,OH,AGL,CE,Federal Contract Tower,0,7,4,0,11,0,6,6,0,12,0,13,10,0,23,30,0,30,53
10/27/2019,BKL,OH,AGL,CE,Federal Contract Tower,0,4,10,0,14,0,6,5,0,11,0,10,15,0,25,12,0,12,37
10/28/2019,BKL,OH,AGL,CE,Federal Contract Tower,0,33,15,0,48,0,11,50,1,62,0,44,65,1,110,32,0,32,142
10/29/2019,BKL,OH,AGL,CE,Federal Contract Tower,0,29,29,5,63,0,11,22,11,44,0,40,51,16,107,30,0,30,137
10/30/2019,BKL,OH,AGL,CE,Federal Contract Tower,0,36,25,0,61,0,9,5,0,14,0,45,30,0,75,24,0,24,99
10/31/2019,BKL,OH,AGL,CE,Federal Contract Tower,0,19,6,0,25,0,1,0,0,1,0,20,6,0,26,0,0,0,26
11/01/2019,BKL,OH,AGL,CE,Federal Contract Tower,0,21,24,0,45,0,23,42,2,67,0,44,66,2,112,48,0,48,160
11/02/2019,BKL,OH,AGL,CE,Federal Contract Tower,1,5,7,0,13,0,17,33,0,50,1,22,40,0,63,66,0,66,129
11/03/2019,BKL,OH,AGL,CE,Federal Contract Tower,0,14,11,0,25,0,8,20,0,28,0,22,31,0,53,22,0,22,75
11/04/2019,BKL,OH,AGL,CE,Federal Contract Tower,1,23,13,0,37,0,17,13,0,30,1,40,26,0,67,16,0,16,83
11/05/2019,BKL,OH,AGL,CE,Federal Contract Tower,0,14,14,2,30,0,6,25,0,31,0,20,39,2,61,42,0,42,103
11/06/2019,BKL,OH,AGL,CE,Federal Contract Tower,0,11,16,1,28,0,13,51,0,64,0,24,67,1,92,86,0,86,178
11/07/2019,BKL,OH,AGL,CE,Federal Contract Tower,0,15,11,0,26,0,4,2,0,6,0,19,13,0,32,0,0,0,32
11/08/2019,BKL,OH,AGL,CE,Federal Contract Tower,0,13,11,0,24,0,8,16,0,24,0,21,27,0,48,24,0,24,72
11/09/2019,BKL,OH,AGL,CE,Federal Contract Tower,0,5,7,0,12,0,7,38,0,45,0,12,45,0,57,24,0,24,81
11/10/2019,BKL,OH,AGL,CE,Federal Contract Tower,0,15,33,0,48,0,1,33,0,34,0,16,66,0,82,22,0,22,104
11/11/2019,BKL,OH,AGL,CE,Federal Contract Tower,0,16,9,0,25,0,3,3,0,6,0,19,12,0,31,0,0,0,31
11/12/2019,BKL,OH,AGL,CE,Federal Contract Tower,0,16,22,0,38,0,0,0,0,0,0,16,22,0,38,0,0,0,38
11/13/2019,BKL,OH,AGL,CE,Federal Contract Tower,1,24,15,0,40,0,16,22,0,38,1,40,37,0,78,44,0,44,122
11/14/2019,BKL,OH,AGL,CE,Federal Contract Tower,0,13,43,0,56,0,15,32,0,47,0,28,75,0,103,52,0,52,155
11/15/2019,BKL,OH,AGL,CE,Federal Contract Tower,1,26,36,0,63,0,28,35,0,63,1,54,71,0,126,38,0,38,164
11/16/2019,BKL,OH,AGL,CE,Federal Contract Tower,1,3,10,0,14,0,15,65,0,80,1,18,75,0,94,38,0,38,132
11/17/2019,BKL,OH,AGL,CE,Federal Contract Tower,0,9,18,0,27,0,7,25,0,32,0,16,43,0,59,30,0,30,89
11/18/2019,BKL,OH,AGL,CE,Federal Contract Tower,0,19,17,0,36,0,1,13,4,18,0,20,30,4,54,40,0,40,94
11/19/2019,BKL,OH,AGL,CE,Federal Contract Tower,0,17,12,0,29,0,7,6,0,13,0,24,18,0,42,0,0,0,42
11/20/2019,BKL,OH,AGL,CE,Federal Contract Tower,0,14,11,1,26,0,10,12,0,22,0,24,23,1,48,52,6,58,106
11/21/2019,BKL,OH,AGL,CE,Federal Contract Tower,0,13,17,4,34,0,21,16,0,37,0,34,33,4,71,0,0,0,71
11/22/2019,BKL,OH,AGL,CE,Federal Contract Tower,0,11,20,0,31,0,13,7,0,20,0,24,27,0,51,6,0,6,57
11/23/2019,BKL,OH,AGL,CE,Federal Contract Tower,0,10,13,0,23,0,10,16,0,26,0,20,29,0,49,36,0,36,85
11/24/2019,BKL,OH,AGL,CE,Federal Contract Tower,0,11,30,0,41,0,6,19,0,25,0,17,49,0,66,10,0,10,76
11/25/2019,BKL,OH,AGL,CE,Federal Contract Tower,0,13,22,2,37,0,14,37,0,51,0,27,59,2,88,56,0,56,144
11/26/2019,BKL,OH,AGL,CE,Federal Contract Tower,0,10,13,0,23,0,7,41,0,48,0,17,54,0,71,28,0,28,99
11/27/2019,BKL,OH,AGL,CE,Federal Contract Tower,0,12,3,0,15,0,0,3,0,3,0,12,6,0,18,4,0,4,22
11/28/2019,BKL,OH,AGL,CE,Federal Contract Tower,0,10,2,0,12,0,10,0,0,10,0,20,2,0,22,0,0,0,22
11/29/2019,BKL,OH,AGL,CE,Federal Contract Tower,0,7,1,0,8,0,5,10,0,15,0,12,11,0,23,14,0,14,37
11/30/2019,BKL,OH,AGL,CE,Federal Contract Tower,0,13,6,0,19,0,3,24,0,27,0,16,30,0,46,54,0,54,100
12/01/2019,BKL,OH,AGL,CE,Federal Contract Tower,0,10,13,0,23,0,4,6,0,10,0,14,19,0,33,6,0,6,39
12/02/2019,BKL,OH,AGL,CE,Federal Contract Tower,0,17,9,0,26,0,0,0,0,0,0,17,9,0,26,0,0,0,26
12/03/2019,BKL,OH,AGL,CE,Federal Contract Tower,0,20,15,0,35,0,2,0,0,2,0,22,15,0,37,0,0,0,37
12/04/2019,BKL,OH,AGL,CE,Federal Contract Tower,0,22,20,0,42,0,5,6,0,11,0,27,26,0,53,18,0,18,71
12/05/2019,BKL,OH,AGL,CE,Federal Contract Tower,0,23,13,0,36,0,3,12,0,15,0,26,25,0,51,0,0,0,51
12/06/2019,BKL,OH,AGL,CE,Federal Contract Tower,0,17,14,0,31,0,12,12,1,25,0,29,26,1,56,4,0,4,60
12/07/2019,BKL,OH,AGL,CE,Federal Contract Tower,1,8,9,1,19,0,7,29,1,37,1,15,38,2,56,32,0,32,88
12/08/2019,BKL,OH,AGL,CE,Federal Contract Tower,1,8,22,2,33,0,14,30,1,45,1,22,52,3,78,0,0,0,78
12/09/2019,BKL,OH,AGL,CE,Federal Contract Tower,0,14,19,1,34,0,3,6,0,9,0,17,25,1,43,12,0,12,55
12/10/2019,BKL,OH,AGL,CE,Federal Contract Tower,0,16,25,0,41,0,13,6,0,19,0,29,31,0,60,0,0,0,60
12/11/2019,BKL,OH,AGL,CE,Federal Contract Tower,0,28,20,3,51,0,15,9,0,24,0,43,29,3,75,30,16,46,121
12/12/2019,BKL,OH,AGL,CE,Federal Contract Tower,0,24,16,1,41,0,9,18,0,27,0,33,34,1,68,22,0,22,90
12/13/2019,BKL,OH,AGL,CE,Federal Contract Tower,0,11,24,0,35,0,10,22,0,32,0,21,46,0,67,36,0,36,103
12/14/2019,BKL,OH,AGL,CE,Federal Contract Tower,0,0,6,5,11,0,1,0,0,1,0,1,6,5,12,0,0,0,12
12/15/2019,BKL,OH,AGL,CE,Federal Contract Tower,0,7,4,0,11,0,1,17,0,18,0,8,21,0,29,48,0,48,77
12/16/2019,BKL,OH,AGL,CE,Federal Contract Tower,0,8,6,0,14,0,6,8,0,14,0,14,14,0,28,0,0,0,28
12/17/2019,BKL,OH,AGL,CE,Federal Contract Tower,0,12,14,0,26,0,3,2,0,5,0,15,16,0,31,0,0,0,31
12/18/2019,BKL,OH,AGL,CE,Federal Contract Tower,0,21,12,0,33,0,7,3,0,10,0,28,15,0,43,18,0,18,61
12/19/2019,BKL,OH,AGL,CE,Federal Contract Tower,0,22,23,4,49,0,3,15,0,18,0,25,38,4,67,34,0,34,101
12/20/2019,BKL,OH,AGL,CE,Federal Contract Tower,0,11,17,0,28,0,16,24,0,40,0,27,41,0,68,40,0,40,108
12/21/2019,BKL,OH,AGL,CE,Federal Contract Tower,0,14,10,0,24,0,14,29,0,43,0,28,39,0,67,30,0,30,97
12/22/2019,BKL,OH,AGL,CE,Federal Contract Tower,0,6,16,0,22,0,8,38,0,46,0,14,54,0,68,16,0,16,84
12/23/2019,BKL,OH,AGL,CE,Federal Contract Tower,0,11,20,2,33,0,8,32,0,40,0,19,52,2,73,44,0,44,117
12/24/2019,BKL,OH,AGL,CE,Federal Contract Tower,0,6,8,0,14,0,5,0,0,5,0,11,8,0,19,24,0,24,43
12/25/2019,BKL,OH,AGL,CE,Federal Contract Tower,0,6,2,0,8,0,3,1,0,4,0,9,3,0,12,6,0,6,18
12/26/2019,BKL,OH,AGL,CE,Federal Contract Tower,0,9,16,0,25,0,3,12,0,15,0,12,28,0,40,6,0,6,46
12/27/2019,BKL,OH,AGL,CE,Federal Contract Tower,0,5,12,0,17,0,11,5,0,16,0,16,17,0,33,0,0,0,33
12/28/2019,BKL,OH,AGL,CE,Federal Contract Tower,0,6,13,0,19,0,6,13,0,19,0,12,26,0,38,30,0,30,68
12/29/2019,BKL,OH,AGL,CE,Federal Contract Tower,0,0,9,0,9,0,1,0,0,1,0,1,9,0,10,0,0,0,10
12/30/2019,BKL,OH,AGL,CE,Federal Contract Tower,0,1,3,0,4,0,2,4,0,6,0,3,7,0,10,0,0,0,10
12/31/2019,BKL,OH,AGL,CE,Federal Contract Tower,0,9,0,0,9,0,1,2,0,3,0,10,2,0,12,0,0,0,12
01/01/2020,BKL,OH,AGL,CE,Federal Contract Tower,0,2,5,0,7,0,13,18,0,31,0,15,23,0,38,32,0,32,70
01/02/2020,BKL,OH,AGL,CE,Federal Contract Tower,0,5,12,0,17,0,9,6,0,15,0,14,18,0,32,28,0,28,60
01/03/2020,BKL,OH,AGL,CE,Federal Contract Tower,0,8,2,0,10,0,4,0,0,4,0,12,2,0,14,0,0,0,14
01/04/2020,BKL,OH,AGL,CE,Federal Contract Tower,0,1,1,0,2,0,0,0,0,0,0,1,1,0,2,0,0,0,2
01/05/2020,BKL,OH,AGL,CE,Federal Contract Tower,0,5,7,0,12,0,9,17,0,26,0,14,24,0,38,28,0,28,66
01/06/2020,BKL,OH,AGL,CE,Federal Contract Tower,0,11,10,0,21,0,10,25,0,35,0,21,35,0,56,42,0,42,98
01/07/2020,BKL,OH,AGL,CE,Federal Contract Tower,0,8,16,0,24,0,14,37,0,51,0,22,53,0,75,28,0,28,103
01/08/2020,BKL,OH,AGL,CE,Federal Contract Tower,0,25,5,0,30,0,0,3,0,3,0,25,8,0,33,0,0,0,33
01/09/2020,BKL,OH,AGL,CE,Federal Contract Tower,0,11,13,0,24,0,13,23,0,36,0,24,36,0,60,0,0,0,60
01/10/2020,BKL,OH,AGL,CE,Federal Contract Tower,0,11,3,0,14,0,7,3,0,10,0,18,6,0,24,0,0,0,24
01/11/2020,BKL,OH,AGL,CE,Federal Contract Tower,0,3,6,0,9,0,9,2,0,11,0,12,8,0,20,0,0,0,20
01/12/2020,BKL,OH,AGL,CE,Federal Contract Tower,0,13,7,0,20,0,8,3,0,11,0,21,10,0,31,42,0,42,73
01/13/2020,BKL,OH,AGL,CE,Federal Contract Tower,0,13,19,0,32,0,8,9,0,17,0,21,28,0,49,18,0,18,67
01/14/2020,BKL,OH,AGL,CE,Federal Contract Tower,0,12,17,4,33,0,2,18,0,20,0,14,35,4,53,10,0,10,63
01/15/2020,BKL,OH,AGL,CE,Federal Contract Tower,0,14,21,1,36,0,5,16,0,21,0,19,37,1,57,14,0,14,71
01/16/2020,BKL,OH,AGL,CE,Federal Contract Tower,0,12,22,0,34,0,2,2,0,4,0,14,24,0,38,0,0,0,38
01/17/2020,BKL,OH,AGL,CE,Federal Contract Tower,0,13,17,0,30,0,1,16,0,17,0,14,33,0,47,70,0,70,117
01/18/2020,BKL,OH,AGL,CE,Federal Contract Tower,0,4,6,0,10,0,2,2,0,4,0,6,8,0,14,6,0,6,20
01/19/2020,BKL,OH,AGL,CE,Federal Contract Tower,0,2,5,0,7,0,0,0,0,0,0,2,5,0,7,0,0,0,7
01/20/2020,BKL,OH,AGL,CE,Federal Contract Tower,0,7,5,0,12,0,0,4,0,4,0,7,9,0,16,24,0,24,40
01/21/2020,BKL,OH,AGL,CE,Federal Contract Tower,0,17,3,0,20,0,7,14,0,21,0,24,17,0,41,22,0,22,63
01/22/2020,BKL,OH,AGL,CE,Federal Contract Tower,0,15,24,0,39,0,11,34,0,45,0,26,58,0,84,20,0,20,104
01/23/2020,BKL,OH,AGL,CE,Federal Contract Tower,0,15,17,1,33,0,6,14,1,21,0,21,31,2,54,10,0,10,64
01/24/2020,BKL,OH,AGL,CE,Federal Contract Tower,0,11,11,0,22,0,3,8,0,11,0,14,19,0,33,44,0,44,77
01/25/2020,BKL,OH,AGL,CE,Federal Contract Tower,0,10,1,0,11,0,4,8,0,12,0,14,9,0,23,14,0,14,37
01/26/2020,BKL,OH,AGL,CE,Federal Contract Tower,0,3,6,0,9,0,2,5,0,7,0,5,11,0,16,26,0,26,42
01/27/2020,BKL,OH,AGL,CE,Federal Contract Tower,0,12,11,0,23,0,4,0,0,4,0,16,11,0,27,40,0,40,67
01/28/2020,BKL,OH,AGL,CE,Federal Contract Tower,0,16,11,0,27,0,0,4,0,4,0,16,15,0,31,20,0,20,51
01/29/2020,BKL,OH,AGL,CE,Federal Contract Tower,0,19,18,0,37,0,11,13,2,26,0,30,31,2,63,10,0,10,73
01/30/2020,BKL,OH,AGL,CE,Federal Contract Tower,0,10,14,3,27,0,21,10,0,31,0,31,24,3,58,22,0,22,80
01/31/2020,BKL,OH,AGL,CE,Federal Contract Tower,0,8,25,2,35,0,12,20,0,32,0,20,45,2,67,20,0,20,87
02/01/2020,BKL,OH,AGL,CE,Federal Contract Tower,0,11,8,0,19,0,1,1,0,2,0,12,9,0,21,12,0,12,33
02/02/2020,BKL,OH,AGL,CE,Federal Contract Tower,0,4,12,0,16,0,6,19,0,25,0,10,31,0,41,34,0,34,75
02/03/2020,BKL,OH,AGL,CE,Federal Contract Tower,0,21,14,0,35,0,8,40,0,48,0,29,54,0,83,78,0,78,161
02/04/2020,BKL,OH,AGL,CE,Federal Contract Tower,0,19,26,0,45,0,16,8,0,24,0,35,34,0,69,20,0,20,89
02/05/2020,BKL,OH,AGL,CE,Federal Contract Tower,0,18,17,0,35,0,3,25,0,28,0,21,42,0,63,46,0,46,109
02/06/2020,BKL,OH,AGL,CE,Federal Contract Tower,0,6,2,0,8,0,0,0,0,0,0,6,2,0,8,0,0,0,8
02/07/2020,BKL,OH,AGL,CE,Federal Contract Tower,0,11,2,0,13,0,0,0,0,0,0,11,2,0,13,0,0,0,13
02/08/2020,BKL,OH,AGL,CE,Federal Contract Tower,0,2,4,0,6,1,0,0,0,1,1,2,4,0,7,0,0,0,7
02/09/2020,BKL,OH,AGL,CE,Federal Contract Tower,0,3,4,0,7,0,8,25,0,33,0,11,29,0,40,32,0,32,72
02/10/2020,BKL,OH,AGL,CE,Federal Contract Tower,0,10,8,0,18,0,0,0,0,0,0,10,8,0,18,0,0,0,18
02/11/2020,BKL,OH,AGL,CE,Federal Contract Tower,0,23,10,0,33,0,6,16,0,22,0,29,26,0,55,16,0,16,71
02/12/2020,BKL,OH,AGL,CE,Federal Contract Tower,0,13,22,0,35,0,25,19,0,44,0,38,41,0,79,18,0,18,97
02/13/2020,BKL,OH,AGL,CE,Federal Contract Tower,0,16,11,0,27,0,0,0,0,0,0,16,11,0,27,0,0,0,27
02/14/2020,BKL,OH,AGL,CE,Federal Contract Tower,0,11,12,0,23,0,10,12,0,22,0,21,24,0,45,0,0,0,45
02/15/2020,BKL,OH,AGL,CE,Federal Contract Tower,0,10,8,0,18,0,8,21,0,29,0,18,29,0,47,12,0,12,59
02/16/2020,BKL,OH,AGL,CE,Federal Contract Tower,0,3,8,0,11,0,10,55,0,65,0,13,63,0,76,48,0,48,124
02/17/2020,BKL,OH,AGL,CE,Federal Contract Tower,0,13,15,0,28,0,10,31,0,41,0,23,46,0,69,58,0,58,127
02/18/2020,BKL,OH,AGL,CE,Federal Contract Tower,0,20,11,0,31,0,7,3,0,10,0,27,14,0,41,22,0,22,63
02/19/2020,BKL,OH,AGL,CE,Federal Contract Tower,0,16,22,2,40,0,12,29,0,41,0,28,51,2,81,58,0,58,139
02/20/2020,BKL,OH,AGL,CE,Federal Contract Tower,0,13,30,0,43,0,22,32,3,57,0,35,62,3,100,26,0,26,126
02/21/2020,BKL,OH,AGL,CE,Federal Contract Tower,0,5,14,0,19,0,5,40,4,49,0,10,54,4,68,10,0,10,78
02/22/2020,BKL,OH,AGL,CE,Federal Contract Tower,0,7,21,0,28,0,13,37,2,52,0,20,58,2,80,14,0,14,94
02/23/2020,BKL,OH,AGL,CE,Federal Contract Tower,1,2,2,0,5,0,11,61,0,72,1,13,63,0,77,62,0,62,139
02/24/2020,BKL,OH,AGL,CE,Federal Contract Tower,2,9,8,0,19,0,6,26,0,32,2,15,34,0,51,46,0,46,97
02/25/2020,BKL,OH,AGL,CE,Federal Contract Tower,1,14,2,0,17,0,1,0,0,1,1,15,2,0,18,4,0,4,22
02/26/2020,BKL,OH,AGL,CE,Federal Contract Tower,0,10,2,0,12,0,0,0,0,0,0,10,2,0,12,0,0,0,12
02/27/2020,BKL,OH,AGL,CE,Federal Contract Tower,0,12,4,0,16,0,2,0,0,2,0,14,4,0,18,0,0,0,18
02/28/2020,BKL,OH,AGL,CE,Federal Contract Tower,0,8,12,0,20,0,6,1,0,7,0,14,13,0,27,0,0,0,27
02/29/2020,BKL,OH,AGL,CE,Federal Contract Tower,0,2,1,0,3,0,4,8,0,12,0,6,9,0,15,14,0,14,29
03/01/2020,BKL,OH,AGL,CE,Federal Contract Tower,0,9,10,0,19,0,6,29,2,37,0,15,39,2,56,20,0,20,76
03/02/2020,BKL,OH,AGL,CE,Federal Contract Tower,0,15,16,0,31,0,2,11,0,13,0,17,27,0,44,0,0,0,44
03/03/2020,BKL,OH,AGL,CE,Federal Contract Tower,0,16,11,0,27,0,0,3,0,3,0,16,14,0,30,0,0,0,30
03/04/2020,BKL,OH,AGL,CE,Federal Contract Tower,0,17,23,0,40,0,8,9,0,17,0,25,32,0,57,0,0,0,57
03/05/2020,BKL,OH,AGL,CE,Federal Contract Tower,0,18,17,4,39,0,12,38,0,50,0,30,55,4,89,38,0,38,127
03/06/2020,BKL,OH,AGL,CE,Federal Contract Tower,0,15,15,5,35,0,10,9,2,21,0,25,24,7,56,4,0,4,60
03/07/2020,BKL,OH,AGL,CE,Federal Contract Tower,0,7,9,0,16,0,3,37,0,40,0,10,46,0,56,46,0,46,102
03/08/2020,BKL,OH,AGL,CE,Federal Contract Tower,0,9,10,0,19,0,7,38,0,45,0,16,48,0,64,48,0,48,112
03/09/2020,BKL,OH,AGL,CE,Federal Contract Tower,0,13,16,0,29,0,7,10,0,17,0,20,26,0,46,6,0,6,52
03/10/2020,BKL,OH,AGL,CE,Federal Contract Tower,0,15,15,1,31,0,3,4,0,7,0,18,19,1,38,0,0,0,38
03/11/2020,BKL,OH,AGL,CE,Federal Contract Tower,0,11,13,3,27,0,5,7,2,14,0,16,20,5,41,86,12,98,139
03/12/2020,BKL,OH,AGL,CE,Federal Contract Tower,0,8,16,0,24,0,6,23,0,29,0,14,39,0,53,18,0,18,71
03/13/2020,BKL,OH,AGL,CE,Federal Contract Tower,0,24,15,0,39,0,4,16,0,20,0,28,31,0,59,6,0,6,65
03/14/2020,BKL,OH,AGL,CE,Federal Contract Tower,0,14,3,0,17,0,4,35,0,39,0,18,38,0,56,20,0,20,76
03/15/2020,BKL,OH,AGL,CE,Federal Contract Tower,0,15,16,0,31,0,7,27,0,34,0,22,43,0,65,20,0,20,85
03/16/2020,BKL,OH,AGL,CE,Federal Contract Tower,0,9,17,0,26,0,9,19,0,28,0,18,36,0,54,26,0,26,80
03/17/2020,BKL,OH,AGL,CE,Federal Contract Tower,0,8,5,0,13,0,6,9,0,15,0,14,14,0,28,12,0,12,40
03/18/2020,BKL,OH,AGL,CE,Federal Contract Tower,0,5,6,0,11,0,7,23,0,30,0,12,29,0,41,14,0,14,55
03/19/2020,BKL,OH,AGL,CE,Federal Contract Tower,0,5,6,0,11,0,1,2,0,3,0,6,8,0,14,4,0,4,18
03/20/2020,BKL,OH,AGL,CE,Federal Contract Tower,0,3,7,0,10,0,1,6,2,9,0,4,13,2,19,0,0,0,19
03/21/2020,BKL,OH,AGL,CE,Federal Contract Tower,0,4,2,0,6,0,3,13,0,16,0,7,15,0,22,10,0,10,32
03/22/2020,BKL,OH,AGL,CE,Federal Contract Tower,0,1,1,0,2,0,12,28,0,40,0,13,29,0,42,20,0,20,62
03/23/2020,BKL,OH,AGL,CE,Federal Contract Tower,0,0,2,0,2,0,3,2,0,5,0,3,4,0,7,0,0,0,7
03/24/2020,BKL,OH,AGL,CE,Federal Contract Tower,0,3,4,0,7,0,8,2,0,10,0,11,6,0,17,0,0,0,17
03/25/2020,BKL,OH,AGL,CE,Federal Contract Tower,0,6,1,0,7,0,12,15,0,27,0,18,16,0,34,12,0,12,46
03/26/2020,BKL,OH,AGL,CE,Federal Contract Tower,0,2,2,0,4,0,3,1,0,4,0,5,3,0,8,0,0,0,8
03/27/2020,BKL,OH,AGL,CE,Federal Contract Tower,0,2,3,0,5,0,5,0,0,5,0,7,3,0,10,0,0,0,10
03/28/2020,BKL,OH,AGL,CE,Federal Contract Tower,0,2,2,0,4,0,0,0,0,0,0,2,2,0,4,0,0,0,4
03/29/2020,BKL,OH,AGL,CE,Federal Contract Tower,0,3,2,0,5,0,0,2,0,2,0,3,4,0,7,0,0,0,7
03/30/2020,BKL,OH,AGL,CE,Federal Contract Tower,0,2,2,0,4,0,0,2,0,2,0,2,4,0,6,0,0,0,6
03/31/2020,BKL,OH,AGL,CE,Federal Contract Tower,0,11,6,2,19,0,2,0,0,2,0,13,6,2,21,0,0,0,21
04/01/2020,BKL,OH,AGL,CE,Federal Contract Tower,0,0,5,0,5,0,2,0,0,2,0,2,5,0,7,0,0,0,7
04/02/2020,BKL,OH,AGL,CE,Federal Contract Tower,0,4,4,0,8,0,13,13,0,26,0,17,17,0,34,16,0,16,50
04/03/2020,BKL,OH,AGL,CE,Federal Contract Tower,0,2,5,2,9,0,5,12,0,17,0,7,17,2,26,4,8,12,38
04/04/2020,BKL,OH,AGL,CE,Federal Contract Tower,0,2,0,0,2,0,3,12,0,15,0,5,12,0,17,4,0,4,21
04/05/2020,BKL,OH,AGL,CE,Federal Contract Tower,0,4,4,0,8,0,3,3,0,6,0,7,7,0,14,0,0,0,14
04/06/2020,BKL,OH,AGL,CE,Federal Contract Tower,0,1,1,2,4,0,9,8,2,19,0,10,9,4,23,0,8,8,31
04/07/2020,BKL,OH,AGL,CE,Federal Contract Tower,0,6,4,0,10,0,7,0,0,7,0,13,4,0,17,0,0,0,17
04/08/2020,BKL,OH,AGL,CE,Federal Contract Tower,0,4,2,0,6,0,9,4,0,13,0,13,6,0,19,0,0,0,19
04/09/2020,BKL,OH,AGL,CE,Federal Contract Tower,0,3,3,0,6,0,4,6,0,10,0,7,9,0,16,2,0,2,18
04/10/2020,BKL,OH,AGL,CE,Federal Contract Tower,0,2,0,0,2,0,6,0,0,6,0,8,0,0,8,0,0,0,8
04/11/2020,BKL,OH,AGL,CE,Federal Contract Tower,0,3,3,0,6,0,6,11,0,17,0,9,14,0,23,22,0,22,45
04/12/2020,BKL,OH,AGL,CE,Federal Contract Tower,0,4,0,0,4,0,4,2,0,6,0,8,2,0,10,0,0,0,10
04/13/2020,BKL,OH,AGL,CE,Federal Contract Tower,0,8,1,0,9,0,3,0,0,3,0,11,1,0,12,0,0,0,12
04/14/2020,BKL,OH,AGL,CE,Federal Contract Tower,0,11,3,0,14,0,8,8,0,16,0,19,11,0,30,10,0,10,40
04/15/2020,BKL,OH,AGL,CE,Federal Contract Tower,0,1,1,0,2,0,4,9,0,13,0,5,10,0,15,8,0,8,23
04/16/2020,BKL,OH,AGL,CE,Federal Contract Tower,0,4,1,0,5,0,3,8,0,11,0,7,9,0,16,0,0,0,16
04/17/2020,BKL,OH,AGL,CE,Federal Contract Tower,0,2,0,0,2,0,4,0,0,4,0,6,0,0,6,0,0,0,6
04/18/2020,BKL,OH,AGL,CE,Federal Contract Tower,0,5,0,0,5,0,7,7,0,14,0,12,7,0,19,16,0,16,35
04/19/2020,BKL,OH,AGL,CE,Federal Contract Tower,0,3,2,0,5,0,5,6,1,12,0,8,8,1,17,0,0,0,17
04/20/2020,BKL,OH,AGL,CE,Federal Contract Tower,0,5,2,2,9,0,5,21,0,26,0,10,23,2,35,18,0,18,53
04/21/2020,BKL,OH,AGL,CE,Federal Contract Tower,0,6,2,0,8,0,14,4,0,18,0,20,6,0,26,8,0,8,34
04/22/2020,BKL,OH,AGL,CE,Federal Contract Tower,0,4,3,0,7,0,7,8,0,15,0,11,11,0,22,12,0,12,34
04/23/2020,BKL,OH,AGL,CE,Federal Contract Tower,0,5,7,0,12,0,12,5,2,19,0,17,12,2,31,2,0,2,33
04/24/2020,BKL,OH,AGL,CE,Federal Contract Tower,0,9,4,0,13,0,3,4,0,7,0,12,8,0,20,0,0,0,20
04/25/2020,BKL,OH,AGL,CE,Federal Contract Tower,0,7,2,0,9,0,3,19,0,22,0,10,21,0,31,12,0,12,43
04/26/2020,BKL,OH,AGL,CE,Federal Contract Tower,0,4,2,0,6,0,0,0,0,0,0,4,2,0,6,0,0,0,6
04/27/2020,BKL,OH,AGL,CE,Federal Contract Tower,0,3,0,0,3,0,6,20,2,28,0,9,20,2,31,30,0,30,61
04/28/2020,BKL,OH,AGL,CE,Federal Contract Tower,0,11,1,0,12,0,14,6,0,20,0,25,7,0,32,10,0,10,42
04/29/2020,BKL,OH,AGL,CE,Federal Contract Tower,0,5,3,0,8,0,8,3,0,11,0,13,6,0,19,0,0,0,19
04/30/2020,BKL,OH,AGL,CE,Federal Contract Tower,0,0,5,0,5,0,11,4,0,15,0,11,9,0,20,6,0,6,26
05/01/2020,BKL,OH,AGL,CE,Federal Contract Tower,0,4,13,2,19,0,6,11,0,17,0,10,24,2,36,8,0,8,44
05/02/2020,BKL,OH,AGL,CE,Federal Contract Tower,0,4,4,0,8,0,9,12,0,21,0,13,16,0,29,8,0,8,37
05/03/2020,BKL,OH,AGL,CE,Federal Contract Tower,0,3,7,0,10,0,6,15,0,21,0,9,22,0,31,20,0,20,51
05/04/2020,BKL,OH,AGL,CE,Federal Contract Tower,0,3,11,0,14,0,8,18,0,26,0,11,29,0,40,0,0,0,40
05/05/2020,BKL,OH,AGL,CE,Federal Contract Tower,0,7,3,4,14,0,16,16,0,32,0,23,19,4,46,4,0,4,50
05/06/2020,BKL,OH,AGL,CE,Federal Contract Tower,0,6,3,0,9,0,12,7,0,19,0,18,10,0,28,12,2,14,42
05/07/2020,BKL,OH,AGL,CE,Federal Contract Tower,0,8,8,0,16,0,12,10,0,22,0,20,18,0,38,0,0,0,38
05/08/2020,BKL,OH,AGL,CE,Federal Contract Tower,0,0,10,0,10,0,6,10,0,16,0,6,20,0,26,0,0,0,26
05/09/2020,BKL,OH,AGL,CE,Federal Contract Tower,0,6,5,0,11,0,10,12,0,22,0,16,17,0,33,16,0,16,49
05/10/2020,BKL,OH,AGL,CE,Federal Contract Tower,0,1,7,0,8,0,7,9,0,16,0,8,16,0,24,18,0,18,42
05/11/2020,BKL,OH,AGL,CE,Federal Contract Tower,0,3,5,0,8,0,7,2,0,9,0,10,7,0,17,0,0,0,17
05/12/2020,BKL,OH,AGL,CE,Federal Contract Tower,0,0,7,0,7,0,7,35,0,42,0,7,42,0,49,50,0,50,99
05/13/2020,BKL,OH,AGL,CE,Federal Contract Tower,0,8,6,0,14,0,9,43,0,52,0,17,49,0,66,74,0,74,140
05/14/2020,BKL,OH,AGL,CE,Federal Contract Tower,0,6,13,2,21,0,8,6,0,14,0,14,19,2,35,0,0,0,35
05/15/2020,BKL,OH,AGL,CE,Federal Contract Tower,0,0,2,0,2,0,6,4,0,10,0,6,6,0,12,10,0,10,22
05/16/2020,BKL,OH,AGL,CE,Federal Contract Tower,0,4,2,0,6,0,1,18,0,19,0,5,20,0,25,4,0,4,29
05/17/2020,BKL,OH,AGL,CE,Federal Contract Tower,0,7,4,0,11,0,2,32,0,34,0,9,36,0,45,18,0,18,63
05/18/2020,BKL,OH,AGL,CE,Federal Contract Tower,0,4,2,0,6,0,5,3,0,8,0,9,5,0,14,0,0,0,14
05/19/2020,BKL,OH,AGL,CE,Federal Contract Tower,0,10,8,0,18,0,16,19,0,35,0,26,27,0,53,28,0,28,81
05/20/2020,BKL,OH,AGL,CE,Federal Contract Tower,0,6,10,0,16,0,14,59,0,73,0,20,69,0,89,64,0,64,153
05/21/2020,BKL,OH,AGL,CE,Federal Contract Tower,0,6,6,2,14,0,9,49,0,58,0,15,55,2,72,50,6,56,128
05/22/2020,BKL,OH,AGL,CE,Federal Contract Tower,0,8,5,0,13,0,5,20,0,25,0,13,25,0,38,10,0,10,48
05/23/2020,BKL,OH,AGL,CE,Federal Contract Tower,0,8,4,0,12,0,11,18,0,29,0,19,22,0,41,40,0,40,81
05/24/2020,BKL,OH,AGL,CE,Federal Contract Tower,0,9,8,0,17,0,3,35,0,38,0,12,43,0,55,20,0,20,75
05/25/2020,BKL,OH,AGL,CE,Federal Contract Tower,0,2,11,0,13,0,7,37,0,44,0,9,48,0,57,46,0,46,103
05/26/2020,BKL,OH,AGL,CE,Federal Contract Tower,0,7,4,0,11,0,9,45,0,54,0,16,49,0,65,28,0,28,93
05/27/2020,BKL,OH,AGL,CE,Federal Contract Tower,0,1,10,0,11,0,10,56,0,66,0,11,66,0,77,66,0,66,143
05/28/2020,BKL,OH,AGL,CE,Federal Contract Tower,0,9,6,0,15,0,6,16,0,22,0,15,22,0,37,26,10,36,73
05/29/2020,BKL,OH,AGL,CE,Federal Contract Tower,0,7,4,0,11,0,9,20,0,29,0,16,24,0,40,8,0,8,48
05/30/2020,BKL,OH,AGL,CE,Federal Contract Tower,0,3,5,0,8,0,2,70,0,72,0,5,75,0,80,74,0,74,154
05/31/2020,BKL,OH,AGL,CE,Federal Contract Tower,0,3,0,0,3,0,16,53,0,69,0,19,53,0,72,52,0,52,124
06/01/2020,BKL,OH,AGL,CE,Federal Contract Tower,0,1,6,0,7,0,11,40,0,51,0,12,46,0,58,12,0,12,70
06/02/2020,BKL,OH,AGL,CE,Federal Contract Tower,0,4,10,0,14,0,14,28,0,42,0,18,38,0,56,30,0,30,86
06/03/2020,BKL,OH,AGL,CE,Federal Contract Tower,0,4,3,2,9,0,32,30,0,62,0,36,33,2,71,36,0,36,107
06/04/2020,BKL,OH,AGL,CE,Federal Contract Tower,0,4,8,0,12,0,22,36,5,63,0,26,44,5,75,66,0,66,141
06/05/2020,BKL,OH,AGL,CE,Federal Contract Tower,0,5,4,0,9,0,13,43,4,60,0,18,47,4,69,32,0,32,101
06/06/2020,BKL,OH,AGL,CE,Federal Contract Tower,0,4,2,0,6,0,19,69,0,88,0,23,71,0,94,58,2,60,154
06/07/2020,BKL,OH,AGL,CE,Federal Contract Tower,0,2,2,0,4,0,9,53,0,62,0,11,55,0,66,106,0,106,172
06/08/2020,BKL,OH,AGL,CE,Federal Contract Tower,0,4,9,0,13,0,12,37,1,50,0,16,46,1,63,108,0,108,171
06/09/2020,BKL,OH,AGL,CE,Federal Contract Tower,0,8,15,0,23,0,11,34,0,45,0,19,49,0,68,44,0,44,112
06/10/2020,BKL,OH,AGL,CE,Federal Contract Tower,0,9,15,0,24,0,25,25,1,51,0,34,40,1,75,2,0,2,77
06/11/2020,BKL,OH,AGL,CE,Federal Contract Tower,0,4,23,0,27,0,18,45,1,64,0,22,68,1,91,72,0,72,163
06/12/2020,BKL,OH,AGL,CE,Federal Contract Tower,0,5,17,0,22,0,13,72,0,85,0,18,89,0,107,82,0,82,189
06/13/2020,BKL,OH,AGL,CE,Federal Contract Tower,0,4,4,0,8,0,13,65,0,78,0,17,69,0,86,88,0,88,174
06/14/2020,BKL,OH,AGL,CE,Federal Contract Tower,0,9,5,0,14,0,9,29,0,38,0,18,34,0,52,40,0,40,92
06/15/2020,BKL,OH,AGL,CE,Federal Contract Tower,0,10,13,0,23,0,7,52,0,59,0,17,65,0,82,54,0,54,136
06/16/2020,BKL,OH,AGL,CE,Federal Contract Tower,0,12,13,0,25,0,13,58,0,71,0,25,71,0,96,114,0,114,210
06/17/2020,BKL,OH,AGL,CE,Federal Contract Tower,0,3,22,0,25,0,22,60,0,82,0,25,82,0,107,72,0,72,179
06/18/2020,BKL,OH,AGL,CE,Federal Contract Tower,0,9,7,0,16,0,11,31,0,42,0,20,38,0,58,74,0,74,132
06/19/2020,BKL,OH,AGL,CE,Federal Contract Tower,0,8,20,0,28,0,30,45,0,75,0,38,65,0,103,84,0,84,187
06/20/2020,BKL,OH,AGL,CE,Federal Contract Tower,0,11,6,0,17,0,11,62,0,73,0,22,68,0,90,44,0,44,134
06/21/2020,BKL,OH,AGL,CE,Federal Contract Tower,0,3,3,0,6,0,9,22,0,31,0,12,25,0,37,28,0,28,65
06/22/2020,BKL,OH,AGL,CE,Federal Contract Tower,0,7,6,0,13,0,4,18,0,22,0,11,24,0,35,38,0,38,73
06/23/2020,BKL,OH,AGL,CE,Federal Contract Tower,0,13,19,0,32,0,7,19,0,26,0,20,38,0,58,52,0,52,110
06/24/2020,BKL,OH,AGL,CE,Federal Contract Tower,0,10,14,0,24,0,17,56,0,73,0,27,70,0,97,132,0,132,229
06/25/2020,BKL,OH,AGL,CE,Federal Contract Tower,0,9,23,0,32,0,16,63,0,79,0,25,86,0,111,144,0,144,255
06/26/2020,BKL,OH,AGL,CE,Federal Contract Tower,0,16,18,0,34,0,24,51,4,79,0,40,69,4,113,116,0,116,229
06/27/2020,BKL,OH,AGL,CE,Federal Contract Tower,0,0,14,0,14,0,18,21,0,39,0,18,35,0,53,38,0,38,91
06/28/2020,BKL,OH,AGL,CE,Federal Contract Tower,0,4,6,0,10,0,8,39,2,49,0,12,45,2,59,46,0,46,105
06/29/2020,BKL,OH,AGL,CE,Federal Contract Tower,0,11,11,0,22,0,22,45,0,67,0,33,56,0,89,62,0,62,151
06/30/2020,BKL,OH,AGL,CE,Federal Contract Tower,0,11,16,1,28,0,20,54,0,74,0,31,70,1,102,32,0,32,134
07/01/2020,BKL,OH,AGL,CE,Federal Contract Tower,0,13,16,0,29,0,19,72,0,91,0,32,88,0,120,116,0,116,236
07/02/2020,BKL,OH,AGL,CE,Federal Contract Tower,0,6,13,2,21,0,14,67,0,81,0,20,80,2,102,142,0,142,244
07/03/2020,BKL,OH,AGL,CE,Federal Contract Tower,0,5,9,2,16,0,23,52,0,75,0,28,61,2,91,66,0,66,157
07/04/2020,BKL,OH,AGL,CE,Federal Contract Tower,0,2,5,0,7,0,12,36,0,48,0,14,41,0,55,48,0,48,103
07/05/2020,BKL,OH,AGL,CE,Federal Contract Tower,0,3,7,0,10,0,9,43,0,52,0,12,50,0,62,30,0,30,92
07/06/2020,BKL,OH,AGL,CE,Federal Contract Tower,0,2,15,0,17,0,12,59,0,71,0,14,74,0,88,100,0,100,188
07/07/2020,BKL,OH,AGL,CE,Federal Contract Tower,0,5,16,0,21,0,19,47,2,68,0,24,63,2,89,80,0,80,169
07/08/2020,BKL,OH,AGL,CE,Federal Contract Tower,0,4,10,0,14,0,15,69,0,84,0,19,79,0,98,98,0,98,196
07/09/2020,BKL,OH,AGL,CE,Federal Contract Tower,0,14,18,0,32,0,15,55,0,70,0,29,73,0,102,118,0,118,220
07/10/2020,BKL,OH,AGL,CE,Federal Contract Tower,0,4,8,0,12,0,11,29,0,40,0,15,37,0,52,46,0,46,98
07/11/2020,BKL,OH,AGL,CE,Federal Contract Tower,0,9,2,0,11,0,7,2,0,9,0,16,4,0,20,14,0,14,34
07/12/2020,BKL,OH,AGL,CE,Federal Contract Tower,0,4,3,0,7,0,12,38,0,50,0,16,41,0,57,112,0,112,169
07/13/2020,BKL,OH,AGL,CE,Federal Contract Tower,0,7,14,0,21,0,12,55,0,67,0,19,69,0,88,94,0,94,182
07/14/2020,BKL,OH,AGL,CE,Federal Contract Tower,0,7,6,0,13,0,18,62,0,80,0,25,68,0,93,108,0,108,201
07/15/2020,BKL,OH,AGL,CE,Federal Contract Tower,0,7,26,0,33,0,15,53,0,68,0,22,79,0,101,62,0,62,163
07/16/2020,BKL,OH,AGL,CE,Federal Contract Tower,0,13,13,0,26,0,18,30,0,48,0,31,43,0,74,22,0,22,96
07/17/2020,BKL,OH,AGL,CE,Federal Contract Tower,0,7,14,0,21,0,24,54,0,78,0,31,68,0,99,88,0,88,187
07/18/2020,BKL,OH,AGL,CE,Federal Contract Tower,0,9,4,0,13,0,6,47,0,53,0,15,51,0,66,34,0,34,100
07/19/2020,BKL,OH,AGL,CE,Federal Contract Tower,0,8,5,0,13,0,8,17,0,25,0,16,22,0,38,8,0,8,46
07/20/2020,BKL,OH,AGL,CE,Federal Contract Tower,0,11,5,0,16,0,11,31,2,44,0,22,36,2,60,40,0,40,100
07/21/2020,BKL,OH,AGL,CE,Federal Contract Tower,0,9,13,0,22,0,9,42,0,51,0,18,55,0,73,126,0,126,199
07/22/2020,BKL,OH,AGL,CE,Federal Contract Tower,0,12,10,0,22,0,9,25,0,34,0,21,35,0,56,26,0,26,82
07/23/2020,BKL,OH,AGL,CE,Federal Contract Tower,2,11,11,0,24,0,5,13,0,18,2,16,24,0,42,40,0,40,82
07/24/2020,BKL,OH,AGL,CE,Federal Contract Tower,0,10,4,0,14,0,12,38,0,50,0,22,42,0,64,72,0,72,136
07/25/2020,BKL,OH,AGL,CE,Federal Contract Tower,0,6,17,0,23,0,10,39,0,49,0,16,56,0,72,24,0,24,96
07/26/2020,BKL,OH,AGL,CE,Federal Contract Tower,2,11,9,1,23,0,6,39,0,45,2,17,48,1,68,6,0,6,74
07/27/2020,BKL,OH,AGL,CE,Federal Contract Tower,2,6,10,1,19,0,15,16,1,32,2,21,26,2,51,2,0,2,53
07/28/2020,BKL,OH,AGL,CE,Federal Contract Tower,0,17,10,0,27,0,14,60,2,76,0,31,70,2,103,32,0,32,135
07/29/2020,BKL,OH,AGL,CE,Federal Contract Tower,0,5,13,0,18,0,21,45,0,66,0,26,58,0,84,20,0,20,104
07/30/2020,BKL,OH,AGL,CE,Federal Contract Tower,1,6,9,0,16,0,14,65,2,81,1,20,74,2,97,64,0,64,161
07/31/2020,BKL,OH,AGL,CE,Federal Contract Tower,0,8,11,0,19,0,18,61,0,79,0,26,72,0,98,90,0,90,188
08/01/2020,BKL,OH,AGL,CE,Federal Contract Tower,0,3,8,0,11,0,6,27,0,33,0,9,35,0,44,68,0,68,112
08/02/2020,BKL,OH,AGL,CE,Federal Contract Tower,0,7,8,1,16,0,7,0,0,7,0,14,8,1,23,0,0,0,23
08/03/2020,BKL,OH,AGL,CE,Federal Contract Tower,0,7,12,1,20,0,7,19,0,26,0,14,31,1,46,50,0,50,96
08/04/2020,BKL,OH,AGL,CE,Federal Contract Tower,0,17,23,0,40,0,12,24,18,54,0,29,47,18,94,42,0,42,136
08/05/2020,BKL,OH,AGL,CE,Federal Contract Tower,2,18,15,0,35,0,4,60,0,64,2,22,75,0,99,76,0,76,175
08/06/2020,BKL,OH,AGL,CE,Federal Contract Tower,0,13,6,1,20,0,12,24,18,54,0,25,30,19,74,18,0,18,92
08/07/2020,BKL,OH,AGL,CE,Federal Contract Tower,3,16,14,3,36,0,15,50,0,65,3,31,64,3,101,46,0,46,147
08/08/2020,BKL,OH,AGL,CE,Federal Contract Tower,0,5,13,0,18,0,29,102,0,131,0,34,115,0,149,72,0,72,221
08/09/2020,BKL,OH,AGL,CE,Federal Contract Tower,0,12,5,0,17,0,13,42,0,55,0,25,47,0,72,4,0,4,76
08/10/2020,BKL,OH,AGL,CE,Federal Contract Tower,0,12,9,4,25,0,2,47,0,49,0,14,56,4,74,38,0,38,112
08/11/2020,BKL,OH,AGL,CE,Federal Contract Tower,2,6,11,0,19,0,1,33,0,34,2,7,44,0,53,112,0,112,165
08/12/2020,BKL,OH,AGL,CE,Federal Contract Tower,0,10,7,0,17,0,8,47,0,55,0,18,54,0,72,46,0,46,118
08/13/2020,BKL,OH,AGL,CE,Federal Contract Tower,2,12,18,0,32,0,15,60,0,75,2,27,78,0,107,104,0,104,211
08/14/2020,BKL,OH,AGL,CE,Federal Contract Tower,0,11,15,0,26,0,16,36,1,53,0,27,51,1,79,54,0,54,133
08/15/2020,BKL,OH,AGL,CE,Federal Contract Tower,0,2,15,1,18,0,17,34,0,51,0,19,49,1,69,124,0,124,193
08/16/2020,BKL,OH,AGL,CE,Federal Contract Tower,0,6,12,2,20,0,7,7,0,14,0,13,19,2,34,10,0,10,44
08/17/2020,BKL,OH,AGL,CE,Federal Contract Tower,0,15,15,2,32,0,8,41,0,49,0,23,56,2,81,62,0,62,143
08/18/2020,BKL,OH,AGL,CE,Federal Contract Tower,0,14,30,0,44,0,9,55,0,64,0,23,85,0,108,44,0,44,152
08/19/2020,BKL,OH,AGL,CE,Federal Contract Tower,0,17,16,1,34,0,7,61,0,68,0,24,77,1,102,52,0,52,154
08/20/2020,BKL,OH,AGL,CE,Federal Contract Tower,0,12,16,3,31,0,9,41,0,50,0,21,57,3,81,32,0,32,113
08/21/2020,BKL,OH,AGL,CE,Federal Contract Tower,2,3,17,0,22,0,18,54,0,72,2,21,71,0,94,86,0,86,180
08/22/2020,BKL,OH,AGL,CE,Federal Contract Tower,0,1,11,0,12,0,20,44,0,64,0,21,55,0,76,62,0,62,138
08/23/2020,BKL,OH,AGL,CE,Federal Contract Tower,4,8,7,0,19,0,12,26,0,38,4,20,33,0,57,2,0,2,59
08/24/2020,BKL,OH,AGL,CE,Federal Contract Tower,2,11,10,0,23,0,23,30,2,55,2,34,40,2,78,16,0,16,94
08/25/2020,BKL,OH,AGL,CE,Federal Contract Tower,0,16,11,0,27,0,17,29,0,46,0,33,40,0,73,38,0,38,111
08/26/2020,BKL,OH,AGL,CE,Federal Contract Tower,0,17,14,0,31,0,8,24,0,32,0,25,38,0,63,2,0,2,65
08/27/2020,BKL,OH,AGL,CE,Federal Contract Tower,2,18,9,1,30,0,15,26,2,43,2,33,35,3,73,36,0,36,109
08/28/2020,BKL,OH,AGL,CE,Federal Contract Tower,0,12,13,1,26,0,6,7,0,13,0,18,20,1,39,14,0,14,53
08/29/2020,BKL,OH,AGL,CE,Federal Contract Tower,0,3,13,0,16,0,18,17,0,35,0,21,30,0,51,0,0,0,51
08/30/2020,BKL,OH,AGL,CE,Federal Contract Tower,0,7,16,1,24,0,8,45,0,53,0,15,61,1,77,68,0,68,145
08/31/2020,BKL,OH,AGL,CE,Federal Contract Tower,0,9,16,0,25,0,5,46,0,51,0,14,62,0,76,38,0,38,114
09/01/2020,BKL,OH,AGL,CE,Federal Contract Tower,0,13,25,3,41,0,13,19,0,32,0,26,44,3,73,24,0,24,97
09/02/2020,BKL,OH,AGL,CE,Federal Contract Tower,0,24,21,0,45,0,6,16,1,23,0,30,37,1,68,0,0,0,68
09/03/2020,BKL,OH,AGL,CE,Federal Contract Tower,0,24,18,1,43,0,13,49,0,62,0,37,67,1,105,44,0,44,149
09/04/2020,BKL,OH,AGL,CE,Federal Contract Tower,2,9,9,0,20,0,15,64,0,79,2,24,73,0,99,78,0,78,177
09/05/2020,BKL,OH,AGL,CE,Federal Contract Tower,0,6,6,0,12,0,8,41,2,51,0,14,47,2,63,22,0,22,85
09/06/2020,BKL,OH,AGL,CE,Federal Contract Tower,2,9,13,0,24,0,13,26,0,39,2,22,39,0,63,8,0,8,71
09/07/2020,BKL,OH,AGL,CE,Federal Contract Tower,2,7,6,0,15,0,4,0,0,4,2,11,6,0,19,0,0,0,19
09/08/2020,BKL,OH,AGL,CE,Federal Contract Tower,0,10,8,0,18,0,11,20,0,31,0,21,28,0,49,40,0,40,89
09/09/2020,BKL,OH,AGL,CE,Federal Contract Tower,0,19,25,2,46,0,10,5,2,17,0,29,30,4,63,18,0,18,81
09/10/2020,BKL,OH,AGL,CE,Federal Contract Tower,0,33,19,0,52,0,3,0,0,3,0,36,19,0,55,0,0,0,55
09/11/2020,BKL,OH,AGL,CE,Federal Contract Tower,2,14,20,3,39,0,24,55,0,79,2,38,75,3,118,32,0,32,150
09/12/2020,BKL,OH,AGL,CE,Federal Contract Tower,0,5,4,0,9,0,6,23,0,29,0,11,27,0,38,40,0,40,78
09/13/2020,BKL,OH,AGL,CE,Federal Contract Tower,0,5,11,1,17,0,4,20,0,24,0,9,31,1,41,26,0,26,67
09/14/2020,BKL,OH,AGL,CE,Federal Contract Tower,0,19,11,1,31,0,8,31,0,39,0,27,42,1,70,66,0,66,136
09/15/2020,BKL,OH,AGL,CE,Federal Contract Tower,0,14,13,0,27,0,8,52,0,60,0,22,65,0,87,98,0,98,185
09/16/2020,BKL,OH,AGL,CE,Federal Contract Tower,1,14,15,2,32,0,31,66,0,97,1,45,81,2,129,194,0,194,323
09/17/2020,BKL,OH,AGL,CE,Federal Contract Tower,0,20,15,0,35,0,26,41,0,67,0,46,56,0,102,80,0,80,182
09/18/2020,BKL,OH,AGL,CE,Federal Contract Tower,1,15,13,0,29,0,19,40,2,61,1,34,53,2,90,44,0,44,134
09/19/2020,BKL,OH,AGL,CE,Federal Contract Tower,0,3,2,0,5,0,14,50,0,64,0,17,52,0,69,24,0,24,93
09/20/2020,BKL,OH,AGL,CE,Federal Contract Tower,0,7,12,0,19,0,5,60,0,65,0,12,72,0,84,36,0,36,120
09/21/2020,BKL,OH,AGL,CE,Federal Contract Tower,2,17,17,0,36,0,18,41,0,59,2,35,58,0,95,42,0,42,137
09/22/2020,BKL,OH,AGL,CE,Federal Contract Tower,0,21,29,0,50,0,25,41,0,66,0,46,70,0,116,38,0,38,154
09/23/2020,BKL,OH,AGL,CE,Federal Contract Tower,0,21,24,0,45,0,24,46,0,70,0,45,70,0,115,48,0,48,163
09/24/2020,BKL,OH,AGL,CE,Federal Contract Tower,0,20,24,0,44,0,26,66,0,92,0,46,90,0,136,68,0,68,204
09/25/2020,BKL,OH,AGL,CE,Federal Contract Tower,2,10,19,0,31,0,7,51,0,58,2,17,70,0,89,60,0,60,149
09/26/2020,BKL,OH,AGL,CE,Federal Contract Tower,0,4,10,0,14,0,4,31,0,35,0,8,41,0,49,62,0,62,111
09/27/2020,BKL,OH,AGL,CE,Federal Contract Tower,0,4,28,0,32,0,11,20,0,31,0,15,48,0,63,10,0,10,73
09/28/2020,BKL,OH,AGL,CE,Federal Contract Tower,0,13,12,0,25,0,16,19,0,35,0,29,31,0,60,8,0,8,68
09/29/2020,BKL,OH,AGL,CE,Federal Contract Tower,2,8,8,0,18,0,4,36,0,40,2,12,44,0,58,22,0,22,80
09/30/2020,BKL,OH,AGL,CE,Federal Contract Tower,0,15,18,2,35,0,9,27,0,36,0,24,45,2,71,0,0,0,71
10/01/2020,BKL,OH,AGL,CE,Federal Contract Tower,0,10,13,0,23,0,8,22,0,30,0,18,35,0,53,16,0,16,69
10/02/2020,BKL,OH,AGL,CE,Federal Contract Tower,0,7,12,0,19,0,3,24,0,27,0,10,36,0,46,24,0,24,70
10/03/2020,BKL,OH,AGL,CE,Federal Contract Tower,0,9,5,0,14,0,21,70,1,92,0,30,75,1,106,94,0,94,200
10/04/2020,BKL,OH,AGL,CE,Federal Contract Tower,0,10,10,0,20,0,0,17,1,18,0,10,27,1,38,16,0,16,54
10/05/2020,BKL,OH,AGL,CE,Federal Contract Tower,0,14,14,0,28,0,10,24,0,34,0,24,38,0,62,14,0,14,76
10/06/2020,BKL,OH,AGL,CE,Federal Contract Tower,0,13,13,0,26,0,12,22,0,34,0,25,35,0,60,24,0,24,84
10/07/2020,BKL,OH,AGL,CE,Federal Contract Tower,0,11,14,0,25,0,11,14,0,25,0,22,28,0,50,2,0,2,52
10/08/2020,BKL,OH,AGL,CE,Federal Contract Tower,0,14,29,0,43,0,5,46,0,51,0,19,75,0,94,68,0,68,162
10/09/2020,BKL,OH,AGL,CE,Federal Contract Tower,0,13,16,4,33,0,12,49,0,61,0,25,65,4,94,60,0,60,154
10/10/2020,BKL,OH,AGL,CE,Federal Contract Tower,0,10,14,0,24,0,12,30,0,42,0,22,44,0,66,40,0,40,106
10/11/2020,BKL,OH,AGL,CE,Federal Contract Tower,0,5,14,0,19,0,6,16,0,22,0,11,30,0,41,12,0,12,53
10/12/2020,BKL,OH,AGL,CE,Federal Contract Tower,0,14,13,0,27,0,4,12,0,16,0,18,25,0,43,2,0,2,45
10/13/2020,BKL,OH,AGL,CE,Federal Contract Tower,0,14,19,0,33,0,4,43,0,47,0,18,62,0,80,56,0,56,136
10/14/2020,BKL,OH,AGL,CE,Federal Contract Tower,0,7,11,2,20,0,11,36,0,47,0,18,47,2,67,22,0,22,89
10/15/2020,BKL,OH,AGL,CE,Federal Contract Tower,0,16,15,0,31,0,10,10,0,20,0,26,25,0,51,0,0,0,51
10/16/2020,BKL,OH,AGL,CE,Federal Contract Tower,0,9,7,0,16,0,13,60,0,73,0,22,67,0,89,94,0,94,183
10/17/2020,BKL,OH,AGL,CE,Federal Contract Tower,0,3,6,0,9,0,8,59,0,67,0,11,65,0,76,52,0,52,128
10/18/2020,BKL,OH,AGL,CE,Federal Contract Tower,0,8,7,0,15,0,10,5,0,15,0,18,12,0,30,2,0,2,32
10/19/2020,BKL,OH,AGL,CE,Federal Contract Tower,0,12,20,0,32,0,2,0,0,2,0,14,20,0,34,0,0,0,34
10/20/2020,BKL,OH,AGL,CE,Federal Contract Tower,0,6,13,0,19,0,4,4,0,8,0,10,17,0,27,6,0,6,33
10/21/2020,BKL,OH,AGL,CE,Federal Contract Tower,0,15,7,0,22,0,5,11,0,16,0,20,18,0,38,34,0,34,72
10/22/2020,BKL,OH,AGL,CE,Federal Contract Tower,0,10,18,6,34,0,10,19,1,30,0,20,37,7,64,38,0,38,102
10/23/2020,BKL,OH,AGL,CE,Federal Contract Tower,0,4,23,0,27,0,7,41,3,51,0,11,64,3,78,38,0,38,116
10/24/2020,BKL,OH,AGL,CE,Federal Contract Tower,0,5,9,0,14,0,17,17,0,34,0,22,26,0,48,0,0,0,48
10/25/2020,BKL,OH,AGL,CE,Federal Contract Tower,0,13,10,0,23,0,5,29,0,34,0,18,39,0,57,64,0,64,121
10/31/2020,BKL,OH,AGL,CE,Federal Contract Tower,0,7,9,0,16,0,9,38,0,47,0,16,47,0,63,44,0,44,107
11/01/2020,BKL,OH,AGL,CE,Federal Contract Tower,0,9,9,0,18,0,0,0,0,0,0,9,9,0,18,0,0,0,18
11/02/2020,BKL,OH,AGL,CE,Federal Contract Tower,2,8,19,0,29,0,6,12,0,18,2,14,31,0,47,18,0,18,65
11/03/2020,BKL,OH,AGL,CE,Federal Contract Tower,0,15,14,0,29,0,14,53,2,69,0,29,67,2,98,50,0,50,148
11/04/2020,BKL,OH,AGL,CE,Federal Contract Tower,0,5,21,0,26,0,31,26,0,57,0,36,47,0,83,40,0,40,123
11/05/2020,BKL,OH,AGL,CE,Federal Contract Tower,0,9,9,0,18,0,18,43,0,61,0,27,52,0,79,56,2,58,137
11/06/2020,BKL,OH,AGL,CE,Federal Contract Tower,0,10,11,0,21,0,15,43,0,58,0,25,54,0,79,56,0,56,135
11/07/2020,BKL,OH,AGL,CE,Federal Contract Tower,0,5,4,0,9,0,10,45,0,55,0,15,49,0,64,64,0,64,128
11/08/2020,BKL,OH,AGL,CE,Federal Contract Tower,0,6,17,0,23,0,12,46,0,58,0,18,63,0,81,54,0,54,135
11/09/2020,BKL,OH,AGL,CE,Federal Contract Tower,0,9,13,0,22,0,8,59,0,67,0,17,72,0,89,16,0,16,105
11/10/2020,BKL,OH,AGL,CE,Federal Contract Tower,0,12,11,0,23,0,19,37,0,56,0,31,48,0,79,6,0,6,85
11/11/2020,BKL,OH,AGL,CE,Federal Contract Tower,0,6,15,0,21,0,13,17,0,30,0,19,32,0,51,36,0,36,87
11/12/2020,BKL,OH,AGL,CE,Federal Contract Tower,0,7,33,0,40,0,15,45,0,60,0,22,78,0,100,136,0,136,236
11/13/2020,BKL,OH,AGL,CE,Federal Contract Tower,0,7,24,0,31,0,20,30,1,51,0,27,54,1,82,82,0,82,164
11/14/2020,BKL,OH,AGL,CE,Federal Contract Tower,0,4,18,0,22,0,5,46,1,52,0,9,64,1,74,44,0,44,118
11/15/2020,BKL,OH,AGL,CE,Federal Contract Tower,0,2,11,0,13,0,2,2,0,4,0,4,13,0,17,0,0,0,17
11/16/2020,BKL,OH,AGL,CE,Federal Contract Tower,0,8,11,0,19,0,2,4,0,6,0,10,15,0,25,12,0,12,37
11/17/2020,BKL,OH,AGL,CE,Federal Contract Tower,0,3,1,0,4,0,2,2,0,4,0,5,3,0,8,0,0,0,8
11/18/2020,BKL,OH,AGL,CE,Federal Contract Tower,0,6,9,0,15,0,20,39,0,59,0,26,48,0,74,80,0,80,154
11/19/2020,BKL,OH,AGL,CE,Federal Contract Tower,0,14,5,0,19,0,14,10,0,24,0,28,15,0,43,0,0,0,43
11/20/2020,BKL,OH,AGL,CE,Federal Contract Tower,0,15,21,0,36,0,18,40,0,58,0,33,61,0,94,10,0,10,104
11/21/2020,BKL,OH,AGL,CE,Federal Contract Tower,0,8,14,0,22,0,10,40,0,50,0,18,54,0,72,82,0,82,154
11/22/2020,BKL,OH,AGL,CE,Federal Contract Tower,0,3,12,0,15,0,2,1,0,3,0,5,13,0,18,0,0,0,18
11/23/2020,BKL,OH,AGL,CE,Federal Contract Tower,0,12,10,0,22,0,9,2,0,11,0,21,12,0,33,0,0,0,33
11/24/2020,BKL,OH,AGL,CE,Federal Contract Tower,0,4,7,0,11,0,15,32,0,47,0,19,39,0,58,50,0,50,108
11/25/2020,BKL,OH,AGL,CE,Federal Contract Tower,0,10,10,4,24,0,6,2,0,8,0,16,12,4,32,0,0,0,32
11/26/2020,BKL,OH,AGL,CE,Federal Contract Tower,0,7,3,0,10,0,3,0,0,3,0,10,3,0,13,0,0,0,13
11/27/2020,BKL,OH,AGL,CE,Federal Contract Tower,0,11,4,0,15,0,24,9,0,33,0,35,13,0,48,30,0,30,78
11/28/2020,BKL,OH,AGL,CE,Federal Contract Tower,0,2,3,0,5,0,14,32,0,46,0,16,35,0,51,28,0,28,79
11/29/2020,BKL,OH,AGL,CE,Federal Contract Tower,0,8,9,0,17,0,8,24,0,32,0,16,33,0,49,38,0,38,87
11/30/2020,BKL,OH,AGL,CE,Federal Contract Tower,0,10,13,0,23,0,4,5,0,9,0,14,18,0,32,0,0,0,32
12/01/2020,BKL,OH,AGL,CE,Federal Contract Tower,0,4,2,0,6,0,0,0,0,0,0,4,2,0,6,0,0,0,6
12/02/2020,BKL,OH,AGL,CE,Federal Contract Tower,0,11,14,0,25,0,2,26,0,28,0,13,40,0,53,30,0,30,83
12/03/2020,BKL,OH,AGL,CE,Federal Contract Tower,0,16,11,0,27,0,12,30,0,42,0,28,41,0,69,40,0,40,109
12/04/2020,BKL,OH,AGL,CE,Federal Contract Tower,0,5,12,0,17,0,10,22,0,32,0,15,34,0,49,30,0,30,79
12/05/2020,BKL,OH,AGL,CE,Federal Contract Tower,0,3,2,0,5,0,7,1,0,8,0,10,3,0,13,0,0,0,13
12/06/2020,BKL,OH,AGL,CE,Federal Contract Tower,0,6,5,0,11,0,11,14,0,25,0,17,19,0,36,24,0,24,60
12/07/2020,BKL,OH,AGL,CE,Federal Contract Tower,0,10,9,2,21,0,2,10,0,12,0,12,19,2,33,10,0,10,43
12/08/2020,BKL,OH,AGL,CE,Federal Contract Tower,0,7,8,0,15,0,8,7,0,15,0,15,15,0,30,10,0,10,40
12/09/2020,BKL,OH,AGL,CE,Federal Contract Tower,0,10,19,0,29,0,21,3,0,24,0,31,22,0,53,6,0,6,59
12/10/2020,BKL,OH,AGL,CE,Federal Contract Tower,0,6,18,0,24,0,18,27,0,45,0,24,45,0,69,22,0,22,91
12/11/2020,BKL,OH,AGL,CE,Federal Contract Tower,0,9,8,0,17,0,20,48,0,68,0,29,56,0,85,86,0,86,171
12/12/2020,BKL,OH,AGL,CE,Federal Contract Tower,0,6,2,0,8,0,11,6,0,17,0,17,8,0,25,6,0,6,31
12/13/2020,BKL,OH,AGL,CE,Federal Contract Tower,0,5,6,0,11,0,5,10,0,15,0,10,16,0,26,36,0,36,62
12/14/2020,BKL,OH,AGL,CE,Federal Contract Tower,0,11,14,2,27,0,4,9,0,13,0,15,23,2,40,0,0,0,40
12/15/2020,BKL,OH,AGL,CE,Federal Contract Tower,0,15,21,0,36,0,11,26,0,37,0,26,47,0,73,30,0,30,103
12/16/2020,BKL,OH,AGL,CE,Federal Contract Tower,0,8,11,2,21,0,3,3,0,6,0,11,14,2,27,2,0,2,29
12/17/2020,BKL,OH,AGL,CE,Federal Contract Tower,0,9,15,0,24,0,0,5,0,5,0,9,20,0,29,0,0,0,29
12/18/2020,BKL,OH,AGL,CE,Federal Contract Tower,0,15,6,0,21,0,3,0,0,3,0,18,6,0,24,10,0,10,34
12/19/2020,BKL,OH,AGL,CE,Federal Contract Tower,0,3,12,0,15,0,4,2,0,6,0,7,14,0,21,20,0,20,41
12/20/2020,BKL,OH,AGL,CE,Federal Contract Tower,0,11,14,0,25,0,0,2,0,2,0,11,16,0,27,4,0,4,31
12/21/2020,BKL,OH,AGL,CE,Federal Contract Tower,0,17,4,0,21,0,3,7,0,10,0,20,11,0,31,20,0,20,51
12/22/2020,BKL,OH,AGL,CE,Federal Contract Tower,0,5,14,0,19,0,10,4,0,14,0,15,18,0,33,0,0,0,33
12/23/2020,BKL,OH,AGL,CE,Federal Contract Tower,0,13,10,0,23,0,25,21,0,46,0,38,31,0,69,12,0,12,81
12/24/2020,BKL,OH,AGL,CE,Federal Contract Tower,0,11,4,0,15,0,3,0,0,3,0,14,4,0,18,0,0,0,18
12/25/2020,BKL,OH,AGL,CE,Federal Contract Tower,0,0,0,0,0,0,0,0,0,0,0,0,0,0,0,0,0,0,0
12/26/2020,BKL,OH,AGL,CE,Federal Contract Tower,0,4,6,0,10,0,4,4,0,8,0,8,10,0,18,0,0,0,18
12/27/2020,BKL,OH,AGL,CE,Federal Contract Tower,0,13,7,0,20,0,23,6,0,29,0,36,13,0,49,2,0,2,51
12/28/2020,BKL,OH,AGL,CE,Federal Contract Tower,0,5,2,0,7,0,8,12,0,20,0,13,14,0,27,4,0,4,31
12/29/2020,BKL,OH,AGL,CE,Federal Contract Tower,0,8,16,0,24,0,14,30,2,46,0,22,46,2,70,20,0,20,90
12/30/2020,BKL,OH,AGL,CE,Federal Contract Tower,0,6,7,0,13,0,15,8,0,23,0,21,15,0,36,4,0,4,40
12/31/2020,BKL,OH,AGL,CE,Federal Contract Tower,0,12,2,0,14,0,5,10,0,15,0,17,12,0,29,40,0,40,69
01/01/2021,BKL,OH,AGL,CE,Federal Contract Tower,0,4,1,0,5,0,1,3,0,4,0,5,4,0,9,0,0,0,9
01/02/2021,BKL,OH,AGL,CE,Federal Contract Tower,0,2,7,0,9,0,0,0,0,0,0,2,7,0,9,0,0,0,9
01/03/2021,BKL,OH,AGL,CE,Federal Contract Tower,0,7,11,0,18,0,0,1,0,1,0,7,12,0,19,0,0,0,19
01/04/2021,BKL,OH,AGL,CE,Federal Contract Tower,0,5,8,0,13,0,3,3,0,6,0,8,11,0,19,34,0,34,53
01/05/2021,BKL,OH,AGL,CE,Federal Contract Tower,0,4,5,0,9,0,3,6,0,9,0,7,11,0,18,24,0,24,42
01/06/2021,BKL,OH,AGL,CE,Federal Contract Tower,0,7,5,0,12,0,0,8,0,8,0,7,13,0,20,24,0,24,44
01/07/2021,BKL,OH,AGL,CE,Federal Contract Tower,0,5,8,0,13,0,6,17,2,25,0,11,25,2,38,66,0,66,104
01/08/2021,BKL,OH,AGL,CE,Federal Contract Tower,0,7,4,0,11,0,5,8,0,13,0,12,12,0,24,44,0,44,68
01/09/2021,BKL,OH,AGL,CE,Federal Contract Tower,0,10,8,0,18,0,0,45,0,45,0,10,53,0,63,42,0,42,105
01/10/2021,BKL,OH,AGL,CE,Federal Contract Tower,0,9,8,0,17,0,8,36,0,44,0,17,44,0,61,50,0,50,111
01/11/2021,BKL,OH,AGL,CE,Federal Contract Tower,0,5,11,0,16,0,5,3,0,8,0,10,14,0,24,44,0,44,68
01/12/2021,BKL,OH,AGL,CE,Federal Contract Tower,0,9,7,2,18,0,3,2,0,5,0,12,9,2,23,14,0,14,37
01/13/2021,BKL,OH,AGL,CE,Federal Contract Tower,0,7,23,0,30,0,8,41,0,49,0,15,64,0,79,22,0,22,101
01/14/2021,BKL,OH,AGL,CE,Federal Contract Tower,0,20,15,0,35,0,25,33,2,60,0,45,48,2,95,58,0,58,153
01/15/2021,BKL,OH,AGL,CE,Federal Contract Tower,0,10,4,0,14,0,4,9,0,13,0,14,13,0,27,0,0,0,27
01/16/2021,BKL,OH,AGL,CE,Federal Contract Tower,0,13,3,0,16,0,2,6,0,8,0,15,9,0,24,22,0,22,46
01/17/2021,BKL,OH,AGL,CE,Federal Contract Tower,0,11,3,0,14,0,2,0,0,2,0,13,3,0,16,0,0,0,16
01/18/2021,BKL,OH,AGL,CE,Federal Contract Tower,0,14,9,0,23,0,0,1,0,1,0,14,10,0,24,0,0,0,24
01/19/2021,BKL,OH,AGL,CE,Federal Contract Tower,0,10,13,0,23,0,10,4,0,14,0,20,17,0,37,18,0,18,55
01/20/2021,BKL,OH,AGL,CE,Federal Contract Tower,0,10,12,0,22,0,7,19,0,26,0,17,31,0,48,48,0,48,96
01/21/2021,BKL,OH,AGL,CE,Federal Contract Tower,0,12,18,0,30,0,16,17,0,33,0,28,35,0,63,30,0,30,93
01/22/2021,BKL,OH,AGL,CE,Federal Contract Tower,0,4,8,0,12,0,10,8,2,20,0,14,16,2,32,32,0,32,64
01/23/2021,BKL,OH,AGL,CE,Federal Contract Tower,0,8,11,0,19,0,24,30,0,54,0,32,41,0,73,26,0,26,99
01/24/2021,BKL,OH,AGL,CE,Federal Contract Tower,0,5,9,0,14,0,2,15,0,17,0,7,24,0,31,16,0,16,47
01/25/2021,BKL,OH,AGL,CE,Federal Contract Tower,0,4,8,0,12,0,2,6,0,8,0,6,14,0,20,0,0,0,20
01/26/2021,BKL,OH,AGL,CE,Federal Contract Tower,0,8,7,0,15,0,2,1,0,3,0,10,8,0,18,0,0,0,18
01/27/2021,BKL,OH,AGL,CE,Federal Contract Tower,0,7,11,0,18,0,1,9,0,10,0,8,20,0,28,12,0,12,40
01/28/2021,BKL,OH,AGL,CE,Federal Contract Tower,0,17,13,0,30,0,9,2,0,11,0,26,15,0,41,10,0,10,51
01/29/2021,BKL,OH,AGL,CE,Federal Contract Tower,0,5,10,0,15,0,10,14,0,24,0,15,24,0,39,12,0,12,51
01/30/2021,BKL,OH,AGL,CE,Federal Contract Tower,0,9,0,0,9,0,9,18,0,27,0,18,18,0,36,48,0,48,84
01/31/2021,BKL,OH,AGL,CE,Federal Contract Tower,0,10,9,0,19,0,7,2,0,9,0,17,11,0,28,0,0,0,28
02/01/2021,BKL,OH,AGL,CE,Federal Contract Tower,0,3,0,0,3,0,0,0,0,0,0,3,0,0,3,0,0,0,3
02/02/2021,BKL,OH,AGL,CE,Federal Contract Tower,0,4,2,0,6,0,2,8,0,10,0,6,10,0,16,0,0,0,16
02/03/2021,BKL,OH,AGL,CE,Federal Contract Tower,0,3,6,0,9,0,7,7,6,20,0,10,13,6,29,0,12,12,41
02/04/2021,BKL,OH,AGL,CE,Federal Contract Tower,0,4,17,0,21,0,14,25,0,39,0,18,42,0,60,20,0,20,80
02/05/2021,BKL,OH,AGL,CE,Federal Contract Tower,0,6,4,0,10,0,11,0,0,11,0,17,4,0,21,0,0,0,21
02/06/2021,BKL,OH,AGL,CE,Federal Contract Tower,0,2,6,0,8,0,7,20,0,27,0,9,26,0,35,4,0,4,39
02/07/2021,BKL,OH,AGL,CE,Federal Contract Tower,0,5,5,0,10,0,4,1,0,5,0,9,6,0,15,0,0,0,15
02/08/2021,BKL,OH,AGL,CE,Federal Contract Tower,0,5,7,0,12,0,4,16,0,20,0,9,23,0,32,6,0,6,38
02/09/2021,BKL,OH,AGL,CE,Federal Contract Tower,0,6,7,0,13,0,8,2,0,10,0,14,9,0,23,10,0,10,33
02/10/2021,BKL,OH,AGL,CE,Federal Contract Tower,0,4,6,2,12,0,8,11,2,21,0,12,17,4,33,12,0,12,45
02/11/2021,BKL,OH,AGL,CE,Federal Contract Tower,0,12,7,0,19,0,12,11,0,23,0,24,18,0,42,12,0,12,54
02/12/2021,BKL,OH,AGL,CE,Federal Contract Tower,0,9,10,0,19,0,12,22,0,34,0,21,32,0,53,42,0,42,95
02/13/2021,BKL,OH,AGL,CE,Federal Contract Tower,0,5,0,0,5,0,0,9,0,9,0,5,9,0,14,18,0,18,32
02/14/2021,BKL,OH,AGL,CE,Federal Contract Tower,0,7,6,0,13,0,3,19,0,22,0,10,25,0,35,32,0,32,67
02/15/2021,BKL,OH,AGL,CE,Federal Contract Tower,0,4,4,0,8,0,2,0,0,2,0,6,4,0,10,0,0,0,10
02/16/2021,BKL,OH,AGL,CE,Federal Contract Tower,0,4,2,0,6,0,0,0,0,0,0,4,2,0,6,0,0,0,6
02/17/2021,BKL,OH,AGL,CE,Federal Contract Tower,0,11,9,0,20,0,12,13,0,25,0,23,22,0,45,14,0,14,59
02/18/2021,BKL,OH,AGL,CE,Federal Contract Tower,0,9,6,0,15,0,3,2,0,5,0,12,8,0,20,0,0,0,20
02/19/2021,BKL,OH,AGL,CE,Federal Contract Tower,0,7,2,0,9,0,3,4,0,7,0,10,6,0,16,0,0,0,16
02/20/2021,BKL,OH,AGL,CE,Federal Contract Tower,0,6,6,0,12,0,2,11,0,13,0,8,17,0,25,22,0,22,47
02/21/2021,BKL,OH,AGL,CE,Federal Contract Tower,0,8,4,0,12,0,15,44,0,59,0,23,48,0,71,52,0,52,123
02/22/2021,BKL,OH,AGL,CE,Federal Contract Tower,0,13,8,0,21,0,3,2,0,5,0,16,10,0,26,0,0,0,26
02/23/2021,BKL,OH,AGL,CE,Federal Contract Tower,0,16,17,0,33,0,10,16,0,26,0,26,33,0,59,6,0,6,65
02/24/2021,BKL,OH,AGL,CE,Federal Contract Tower,0,13,11,0,24,0,17,14,0,31,0,30,25,0,55,0,0,0,55
02/25/2021,BKL,OH,AGL,CE,Federal Contract Tower,0,13,17,0,30,0,12,48,0,60,0,25,65,0,90,98,0,98,188
02/26/2021,BKL,OH,AGL,CE,Federal Contract Tower,0,9,15,1,25,0,12,73,1,86,0,21,88,2,111,72,0,72,183
02/27/2021,BKL,OH,AGL,CE,Federal Contract Tower,0,9,10,0,19,0,8,13,0,21,0,17,23,0,40,24,0,24,64
02/28/2021,BKL,OH,AGL,CE,Federal Contract Tower,0,10,7,0,17,0,4,9,0,13,0,14,16,0,30,12,0,12,42
03/01/2021,BKL,OH,AGL,CE,Federal Contract Tower,0,8,7,0,15,0,6,6,0,12,0,14,13,0,27,16,0,16,43
03/02/2021,BKL,OH,AGL,CE,Federal Contract Tower,0,4,18,2,24,0,7,30,0,37,0,11,48,2,61,30,0,30,91
03/03/2021,BKL,OH,AGL,CE,Federal Contract Tower,0,11,17,0,28,0,1,35,0,36,0,12,52,0,64,96,0,96,160
03/04/2021,BKL,OH,AGL,CE,Federal Contract Tower,0,13,17,0,30,0,8,23,0,31,0,21,40,0,61,24,0,24,85
03/05/2021,BKL,OH,AGL,CE,Federal Contract Tower,0,10,7,1,18,0,12,32,0,44,0,22,39,1,62,60,0,60,122
03/06/2021,BKL,OH,AGL,CE,Federal Contract Tower,0,4,3,0,7,0,14,59,0,73,0,18,62,0,80,76,0,76,156
03/07/2021,BKL,OH,AGL,CE,Federal Contract Tower,0,8,1,0,9,0,3,46,0,49,0,11,47,0,58,38,0,38,96
03/08/2021,BKL,OH,AGL,CE,Federal Contract Tower,0,11,10,0,21,0,8,23,0,31,0,19,33,0,52,6,0,6,58
03/09/2021,BKL,OH,AGL,CE,Federal Contract Tower,0,21,12,0,33,0,10,45,0,55,0,31,57,0,88,76,0,76,164
03/10/2021,BKL,OH,AGL,CE,Federal Contract Tower,0,7,17,0,24,0,8,26,0,34,0,15,43,0,58,18,0,18,76
03/11/2021,BKL,OH,AGL,CE,Federal Contract Tower,0,13,8,0,21,0,8,6,0,14,0,21,14,0,35,0,0,0,35
03/12/2021,BKL,OH,AGL,CE,Federal Contract Tower,0,9,11,0,20,0,15,43,0,58,0,24,54,0,78,50,0,50,128
03/13/2021,BKL,OH,AGL,CE,Federal Contract Tower,0,11,13,0,24,0,11,46,0,57,0,22,59,0,81,56,0,56,137
03/14/2021,BKL,OH,AGL,CE,Federal Contract Tower,0,9,9,0,18,0,6,31,0,37,0,15,40,0,55,12,0,12,67
03/15/2021,BKL,OH,AGL,CE,Federal Contract Tower,0,6,13,4,23,0,4,27,0,31,0,10,40,4,54,18,4,22,76
03/16/2021,BKL,OH,AGL,CE,Federal Contract Tower,0,14,11,0,25,0,7,26,0,33,0,21,37,0,58,24,0,24,82
03/17/2021,BKL,OH,AGL,CE,Federal Contract Tower,0,9,12,0,21,0,9,22,0,31,0,18,34,0,52,20,0,20,72
03/18/2021,BKL,OH,AGL,CE,Federal Contract Tower,0,1,11,0,12,0,2,5,0,7,0,3,16,0,19,0,0,0,19
03/19/2021,BKL,OH,AGL,CE,Federal Contract Tower,0,5,7,0,12,0,27,16,0,43,0,32,23,0,55,4,0,4,59
03/20/2021,BKL,OH,AGL,CE,Federal Contract Tower,0,12,5,0,17,0,12,34,0,46,0,24,39,0,63,58,0,58,121
03/21/2021,BKL,OH,AGL,CE,Federal Contract Tower,0,3,9,0,12,0,7,42,0,49,0,10,51,0,61,40,0,40,101
03/22/2021,BKL,OH,AGL,CE,Federal Contract Tower,0,5,15,0,20,0,20,41,0,61,0,25,56,0,81,54,0,54,135
03/23/2021,BKL,OH,AGL,CE,Federal Contract Tower,0,12,22,1,35,0,11,43,0,54,0,23,65,1,89,20,0,20,109
03/24/2021,BKL,OH,AGL,CE,Federal Contract Tower,0,11,16,0,27,0,13,16,0,29,0,24,32,0,56,14,0,14,70
03/25/2021,BKL,OH,AGL,CE,Federal Contract Tower,0,8,9,0,17,0,17,32,4,53,0,25,41,4,70,58,0,58,128
03/26/2021,BKL,OH,AGL,CE,Federal Contract Tower,0,11,6,1,18,0,7,1,0,8,0,18,7,1,26,38,0,38,64
03/27/2021,BKL,OH,AGL,CE,Federal Contract Tower,0,8,9,2,19,0,16,66,0,82,0,24,75,2,101,146,0,146,247
03/28/2021,BKL,OH,AGL,CE,Federal Contract Tower,0,9,6,0,15,0,5,1,1,7,0,14,7,1,22,0,0,0,22
03/29/2021,BKL,OH,AGL,CE,Federal Contract Tower,0,8,13,0,21,0,24,52,1,77,0,32,65,1,98,38,0,38,136
03/30/2021,BKL,OH,AGL,CE,Federal Contract Tower,0,16,13,1,30,0,24,22,0,46,0,40,35,1,76,12,0,12,88
03/31/2021,BKL,OH,AGL,CE,Federal Contract Tower,0,5,23,0,28,0,28,24,0,52,0,33,47,0,80,22,0,22,102
04/01/2021,BKL,OH,AGL,CE,Federal Contract Tower,0,7,15,0,22,0,3,0,0,3,0,10,15,0,25,0,0,0,25
04/02/2021,BKL,OH,AGL,CE,Federal Contract Tower,0,16,12,0,28,0,35,42,0,77,0,51,54,0,105,42,0,42,147
04/03/2021,BKL,OH,AGL,CE,Federal Contract Tower,0,5,11,0,16,0,2,55,0,57,0,7,66,0,73,44,0,44,117
04/04/2021,BKL,OH,AGL,CE,Federal Contract Tower,0,9,6,0,15,0,6,38,0,44,0,15,44,0,59,20,0,20,79
04/05/2021,BKL,OH,AGL,CE,Federal Contract Tower,2,9,16,2,29,0,15,32,0,47,2,24,48,2,76,12,0,12,88
04/06/2021,BKL,OH,AGL,CE,Federal Contract Tower,0,20,22,0,42,0,14,50,0,64,0,34,72,0,106,34,0,34,140
04/07/2021,BKL,OH,AGL,CE,Federal Contract Tower,2,6,13,0,21,0,0,0,0,0,2,6,13,0,21,8,0,8,29
04/08/2021,BKL,OH,AGL,CE,Federal Contract Tower,1,10,19,0,30,0,23,23,2,48,1,33,42,2,78,0,0,0,78
04/09/2021,BKL,OH,AGL,CE,Federal Contract Tower,1,12,14,0,27,0,6,49,0,55,1,18,63,0,82,30,0,30,112
04/10/2021,BKL,OH,AGL,CE,Federal Contract Tower,0,9,3,0,12,0,4,42,0,46,0,13,45,0,58,16,0,16,74
04/11/2021,BKL,OH,AGL,CE,Federal Contract Tower,0,12,12,0,24,0,5,14,2,21,0,17,26,2,45,2,0,2,47
04/12/2021,BKL,OH,AGL,CE,Federal Contract Tower,0,11,11,0,22,0,3,12,0,15,0,14,23,0,37,32,0,32,69
04/13/2021,BKL,OH,AGL,CE,Federal Contract Tower,0,16,12,0,28,0,9,53,2,64,0,25,65,2,92,50,0,50,142
04/14/2021,BKL,OH,AGL,CE,Federal Contract Tower,0,23,22,0,45,0,22,76,0,98,0,45,98,0,143,102,0,102,245
04/15/2021,BKL,OH,AGL,CE,Federal Contract Tower,0,12,20,0,32,0,12,29,0,41,0,24,49,0,73,26,0,26,99
04/16/2021,BKL,OH,AGL,CE,Federal Contract Tower,0,15,16,0,31,0,15,38,0,53,0,30,54,0,84,38,0,38,122
04/17/2021,BKL,OH,AGL,CE,Federal Contract Tower,0,12,7,0,19,0,14,49,0,63,0,26,56,0,82,64,0,64,146
04/18/2021,BKL,OH,AGL,CE,Federal Contract Tower,0,10,9,0,19,0,10,44,10,64,0,20,53,10,83,34,0,34,117
04/19/2021,BKL,OH,AGL,CE,Federal Contract Tower,2,12,27,0,41,0,15,29,0,44,2,27,56,0,85,18,0,18,103
04/20/2021,BKL,OH,AGL,CE,Federal Contract Tower,0,18,22,0,40,0,23,11,0,34,0,41,33,0,74,28,0,28,102
04/21/2021,BKL,OH,AGL,CE,Federal Contract Tower,2,21,19,0,42,0,13,12,0,25,2,34,31,0,67,0,0,0,67
04/22/2021,BKL,OH,AGL,CE,Federal Contract Tower,2,22,27,1,52,0,26,56,0,82,2,48,83,1,134,72,0,72,206
04/23/2021,BKL,OH,AGL,CE,Federal Contract Tower,0,18,18,1,37,0,29,71,0,100,0,47,89,1,137,86,0,86,223
04/24/2021,BKL,OH,AGL,CE,Federal Contract Tower,0,5,5,0,10,0,17,33,0,50,0,22,38,0,60,40,0,40,100
04/25/2021,BKL,OH,AGL,CE,Federal Contract Tower,3,4,14,0,21,0,10,22,0,32,3,14,36,0,53,6,0,6,59
04/26/2021,BKL,OH,AGL,CE,Federal Contract Tower,2,13,12,0,27,0,9,44,0,53,2,22,56,0,80,22,0,22,102
04/27/2021,BKL,OH,AGL,CE,Federal Contract Tower,0,18,11,0,29,0,16,41,2,59,0,34,52,2,88,10,0,10,98
04/28/2021,BKL,OH,AGL,CE,Federal Contract Tower,2,24,31,0,57,0,14,13,0,27,2,38,44,0,84,0,0,0,84
04/29/2021,BKL,OH,AGL,CE,Federal Contract Tower,0,22,14,0,36,0,0,0,0,0,0,22,14,0,36,0,0,0,36
04/30/2021,BKL,OH,AGL,CE,Federal Contract Tower,0,20,30,1,51,0,10,23,0,33,0,30,53,1,84,0,0,0,84
05/01/2021,BKL,OH,AGL,CE,Federal Contract Tower,0,14,11,0,25,0,9,58,0,67,0,23,69,0,92,12,0,12,104
05/02/2021,BKL,OH,AGL,CE,Federal Contract Tower,0,10,10,0,20,0,4,47,0,51,0,14,57,0,71,22,0,22,93
05/03/2021,BKL,OH,AGL,CE,Federal Contract Tower,0,24,10,0,34,0,2,10,0,12,0,26,20,0,46,10,0,10,56
05/04/2021,BKL,OH,AGL,CE,Federal Contract Tower,0,17,24,0,41,0,4,18,0,22,0,21,42,0,63,68,0,68,131
05/05/2021,BKL,OH,AGL,CE,Federal Contract Tower,0,20,21,0,41,0,8,12,0,20,0,28,33,0,61,44,0,44,105
05/06/2021,BKL,OH,AGL,CE,Federal Contract Tower,2,22,18,0,42,0,15,57,0,72,2,37,75,0,114,46,0,46,160
05/07/2021,BKL,OH,AGL,CE,Federal Contract Tower,0,18,14,2,34,0,5,32,2,39,0,23,46,4,73,56,0,56,129
05/08/2021,BKL,OH,AGL,CE,Federal Contract Tower,0,12,21,0,33,0,4,37,0,41,0,16,58,0,74,38,0,38,112
05/09/2021,BKL,OH,AGL,CE,Federal Contract Tower,0,4,3,0,7,0,0,2,0,2,0,4,5,0,9,0,0,0,9
05/10/2021,BKL,OH,AGL,CE,Federal Contract Tower,1,16,14,4,35,0,8,46,2,56,1,24,60,6,91,66,0,66,157
05/11/2021,BKL,OH,AGL,CE,Federal Contract Tower,2,15,15,0,32,0,3,30,0,33,2,18,45,0,65,22,0,22,87
05/12/2021,BKL,OH,AGL,CE,Federal Contract Tower,1,23,19,0,43,0,9,63,0,72,1,32,82,0,115,38,0,38,153
05/13/2021,BKL,OH,AGL,CE,Federal Contract Tower,0,19,22,0,41,0,8,56,0,64,0,27,78,0,105,30,0,30,135
05/14/2021,BKL,OH,AGL,CE,Federal Contract Tower,0,17,19,1,37,0,5,75,0,80,0,22,94,1,117,32,0,32,149
05/15/2021,BKL,OH,AGL,CE,Federal Contract Tower,0,13,10,0,23,0,11,84,0,95,0,24,94,0,118,62,0,62,180
05/16/2021,BKL,OH,AGL,CE,Federal Contract Tower,0,10,10,0,20,0,16,65,0,81,0,26,75,0,101,36,0,36,137
05/17/2021,BKL,OH,AGL,CE,Federal Contract Tower,0,14,22,2,38,0,7,45,0,52,0,21,67,2,90,84,0,84,174
05/18/2021,BKL,OH,AGL,CE,Federal Contract Tower,0,20,33,0,53,0,11,60,0,71,0,31,93,0,124,124,0,124,248
05/19/2021,BKL,OH,AGL,CE,Federal Contract Tower,0,16,26,0,42,0,21,67,0,88,0,37,93,0,130,64,0,64,194
05/20/2021,BKL,OH,AGL,CE,Federal Contract Tower,0,16,28,0,44,0,10,69,0,79,0,26,97,0,123,48,0,48,171
05/21/2021,BKL,OH,AGL,CE,Federal Contract Tower,2,22,27,2,53,0,30,88,0,118,2,52,115,2,171,108,0,108,279
05/22/2021,BKL,OH,AGL,CE,Federal Contract Tower,0,8,15,1,24,0,7,52,0,59,0,15,67,1,83,32,0,32,115
05/23/2021,BKL,OH,AGL,CE,Federal Contract Tower,2,10,7,0,19,0,6,51,0,57,2,16,58,0,76,22,0,22,98
05/24/2021,BKL,OH,AGL,CE,Federal Contract Tower,0,16,22,0,38,0,7,40,0,47,0,23,62,0,85,116,0,116,201
05/25/2021,BKL,OH,AGL,CE,Federal Contract Tower,0,21,20,0,41,0,18,35,0,53,0,39,55,0,94,28,0,28,122
05/26/2021,BKL,OH,AGL,CE,Federal Contract Tower,0,12,23,2,37,0,6,44,0,50,0,18,67,2,87,68,0,68,155
05/27/2021,BKL,OH,AGL,CE,Federal Contract Tower,0,16,17,0,33,0,17,35,0,52,0,33,52,0,85,12,0,12,97
05/28/2021,BKL,OH,AGL,CE,Federal Contract Tower,0,11,8,0,19,0,8,7,0,15,0,19,15,0,34,0,0,0,34
05/29/2021,BKL,OH,AGL,CE,Federal Contract Tower,0,7,6,0,13,0,5,3,0,8,0,12,9,0,21,0,0,0,21
05/30/2021,BKL,OH,AGL,CE,Federal Contract Tower,1,4,10,0,15,0,10,52,0,62,1,14,62,0,77,10,0,10,87
05/31/2021,BKL,OH,AGL,CE,Federal Contract Tower,2,9,7,0,18,0,12,47,0,59,2,21,54,0,77,38,0,38,115
06/01/2021,BKL,OH,AGL,CE,Federal Contract Tower,0,22,24,2,48,0,18,46,0,64,0,40,70,2,112,68,0,68,180
06/02/2021,BKL,OH,AGL,CE,Federal Contract Tower,2,22,17,2,43,0,2,25,2,29,2,24,42,4,72,54,0,54,126
06/03/2021,BKL,OH,AGL,CE,Federal Contract Tower,0,13,31,0,44,0,6,27,0,33,0,19,58,0,77,64,0,64,141
06/04/2021,BKL,OH,AGL,CE,Federal Contract Tower,0,16,10,8,34,0,11,63,0,74,0,27,73,8,108,94,0,94,202
06/05/2021,BKL,OH,AGL,CE,Federal Contract Tower,0,7,2,0,9,0,14,96,1,111,0,21,98,1,120,106,0,106,226
06/06/2021,BKL,OH,AGL,CE,Federal Contract Tower,0,6,18,2,26,0,12,64,0,76,0,18,82,2,102,36,0,36,138
06/07/2021,BKL,OH,AGL,CE,Federal Contract Tower,0,17,21,0,38,0,10,26,0,36,0,27,47,0,74,52,0,52,126
06/08/2021,BKL,OH,AGL,CE,Federal Contract Tower,0,11,20,2,33,0,2,24,0,26,0,13,44,2,59,58,0,58,117
06/09/2021,BKL,OH,AGL,CE,Federal Contract Tower,0,14,38,0,52,0,11,20,0,31,0,25,58,0,83,12,0,12,95
06/10/2021,BKL,OH,AGL,CE,Federal Contract Tower,0,26,18,0,44,0,8,28,0,36,0,34,46,0,80,38,0,38,118
06/11/2021,BKL,OH,AGL,CE,Federal Contract Tower,0,18,15,2,35,0,18,49,1,68,0,36,64,3,103,32,0,32,135
06/12/2021,BKL,OH,AGL,CE,Federal Contract Tower,0,11,27,0,38,0,11,65,0,76,0,22,92,0,114,84,0,84,198
06/13/2021,BKL,OH,AGL,CE,Federal Contract Tower,1,11,14,0,26,0,1,46,0,47,1,12,60,0,73,38,0,38,111
06/14/2021,BKL,OH,AGL,CE,Federal Contract Tower,2,20,18,2,42,0,9,21,0,30,2,29,39,2,72,58,0,58,130
06/15/2021,BKL,OH,AGL,CE,Federal Contract Tower,0,21,15,1,37,0,13,28,1,42,0,34,43,2,79,48,0,48,127
06/16/2021,BKL,OH,AGL,CE,Federal Contract Tower,0,20,15,2,37,0,20,67,0,87,0,40,82,2,124,122,2,124,248
06/17/2021,BKL,OH,AGL,CE,Federal Contract Tower,2,21,23,0,46,0,9,63,0,72,2,30,86,0,118,20,0,20,138
06/18/2021,BKL,OH,AGL,CE,Federal Contract Tower,0,24,9,0,33,0,15,12,0,27,0,39,21,0,60,18,0,18,78
06/19/2021,BKL,OH,AGL,CE,Federal Contract Tower,0,9,3,0,12,0,3,18,0,21,0,12,21,0,33,54,0,54,87
06/20/2021,BKL,OH,AGL,CE,Federal Contract Tower,0,8,10,0,18,0,2,47,0,49,0,10,57,0,67,28,0,28,95
06/21/2021,BKL,OH,AGL,CE,Federal Contract Tower,0,18,19,0,37,0,4,8,0,12,0,22,27,0,49,0,0,0,49
06/22/2021,BKL,OH,AGL,CE,Federal Contract Tower,0,19,24,0,43,0,11,40,0,51,0,30,64,0,94,50,0,50,144
06/23/2021,BKL,OH,AGL,CE,Federal Contract Tower,0,15,20,2,37,0,8,90,9,107,0,23,110,11,144,184,0,184,328
06/24/2021,BKL,OH,AGL,CE,Federal Contract Tower,0,26,28,0,54,0,9,51,1,61,0,35,79,1,115,34,0,34,149
06/25/2021,BKL,OH,AGL,CE,Federal Contract Tower,1,11,18,4,34,0,21,24,0,45,1,32,42,4,79,0,0,0,79
06/26/2021,BKL,OH,AGL,CE,Federal Contract Tower,0,9,15,3,27,0,12,37,2,51,0,21,52,5,78,12,0,12,90
06/27/2021,BKL,OH,AGL,CE,Federal Contract Tower,3,14,17,4,38,0,4,24,0,28,3,18,41,4,66,8,0,8,74
06/28/2021,BKL,OH,AGL,CE,Federal Contract Tower,2,32,14,1,49,0,3,42,0,45,2,35,56,1,94,66,0,66,160
06/29/2021,BKL,OH,AGL,CE,Federal Contract Tower,0,20,16,0,36,0,9,42,1,52,0,29,58,1,88,34,0,34,122
06/30/2021,BKL,OH,AGL,CE,Federal Contract Tower,0,19,32,0,51,0,2,10,0,12,0,21,42,0,63,24,0,24,87
07/01/2021,BKL,OH,AGL,CE,Federal Contract Tower,3,24,14,0,41,0,16,29,0,45,3,40,43,0,86,76,0,76,162
07/02/2021,BKL,OH,AGL,CE,Federal Contract Tower,0,9,17,0,26,0,14,27,0,41,0,23,44,0,67,18,0,18,85
07/03/2021,BKL,OH,AGL,CE,Federal Contract Tower,0,14,8,0,22,0,11,44,0,55,0,25,52,0,77,120,0,120,197
07/04/2021,BKL,OH,AGL,CE,Federal Contract Tower,2,4,9,0,15,4,33,0,0,37,6,37,9,0,52,16,0,16,68
07/05/2021,BKL,OH,AGL,CE,Federal Contract Tower,0,6,8,0,14,0,10,35,0,45,0,16,43,0,59,24,0,24,83
07/06/2021,BKL,OH,AGL,CE,Federal Contract Tower,0,22,33,5,60,0,19,69,0,88,0,41,102,5,148,54,0,54,202
07/07/2021,BKL,OH,AGL,CE,Federal Contract Tower,0,24,24,1,49,0,6,28,1,35,0,30,52,2,84,56,8,64,148
07/08/2021,BKL,OH,AGL,CE,Federal Contract Tower,1,16,21,2,40,0,5,6,0,11,1,21,27,2,51,6,0,6,57
07/09/2021,BKL,OH,AGL,CE,Federal Contract Tower,0,23,17,8,48,0,5,29,1,35,0,28,46,9,83,24,0,24,107
07/10/2021,BKL,OH,AGL,CE,Federal Contract Tower,0,18,6,0,24,0,11,87,0,98,0,29,93,0,122,100,0,100,222
07/11/2021,BKL,OH,AGL,CE,Federal Contract Tower,2,16,37,0,55,0,5,3,0,8,2,21,40,0,63,0,0,0,63
07/12/2021,BKL,OH,AGL,CE,Federal Contract Tower,0,16,20,0,36,0,3,0,0,3,0,19,20,0,39,0,0,0,39
07/13/2021,BKL,OH,AGL,CE,Federal Contract Tower,0,17,18,0,35,0,10,29,0,39,0,27,47,0,74,44,0,44,118
07/14/2021,BKL,OH,AGL,CE,Federal Contract Tower,0,26,33,0,59,0,8,56,0,64,0,34,89,0,123,116,0,116,239
07/15/2021,BKL,OH,AGL,CE,Federal Contract Tower,0,22,17,0,39,0,6,42,0,48,0,28,59,0,87,24,0,24,111
07/16/2021,BKL,OH,AGL,CE,Federal Contract Tower,0,14,17,0,31,0,0,22,0,22,0,14,39,0,53,62,0,62,115
07/17/2021,BKL,OH,AGL,CE,Federal Contract Tower,0,7,13,0,20,0,4,8,0,12,0,11,21,0,32,2,0,2,34
07/18/2021,BKL,OH,AGL,CE,Federal Contract Tower,0,13,15,0,28,0,8,92,0,100,0,21,107,0,128,40,0,40,168
07/19/2021,BKL,OH,AGL,CE,Federal Contract Tower,3,13,26,0,42,0,9,43,0,52,3,22,69,0,94,98,0,98,192
07/20/2021,BKL,OH,AGL,CE,Federal Contract Tower,0,10,24,2,36,0,27,43,0,70,0,37,67,2,106,130,0,130,236
07/21/2021,BKL,OH,AGL,CE,Federal Contract Tower,1,15,43,0,59,0,22,54,6,82,1,37,97,6,141,50,0,50,191
07/22/2021,BKL,OH,AGL,CE,Federal Contract Tower,0,17,37,0,54,0,25,67,0,92,0,42,104,0,146,44,0,44,190
07/23/2021,BKL,OH,AGL,CE,Federal Contract Tower,0,19,15,0,34,0,14,87,0,101,0,33,102,0,135,110,0,110,245
07/24/2021,BKL,OH,AGL,CE,Federal Contract Tower,0,11,16,0,27,0,8,49,0,57,0,19,65,0,84,66,0,66,150
07/25/2021,BKL,OH,AGL,CE,Federal Contract Tower,1,7,18,0,26,0,8,51,0,59,1,15,69,0,85,8,0,8,93
07/26/2021,BKL,OH,AGL,CE,Federal Contract Tower,1,27,17,1,46,0,29,60,2,91,1,56,77,3,137,92,0,92,229
07/27/2021,BKL,OH,AGL,CE,Federal Contract Tower,0,20,32,0,52,0,15,72,4,91,0,35,104,4,143,64,0,64,207
07/28/2021,BKL,OH,AGL,CE,Federal Contract Tower,1,25,45,4,75,0,21,58,0,79,1,46,103,4,154,46,0,46,200
07/29/2021,BKL,OH,AGL,CE,Federal Contract Tower,0,26,27,0,53,0,34,41,0,75,0,60,68,0,128,38,0,38,166
07/30/2021,BKL,OH,AGL,CE,Federal Contract Tower,0,19,20,0,39,0,14,46,0,60,0,33,66,0,99,82,0,82,181
07/31/2021,BKL,OH,AGL,CE,Federal Contract Tower,0,10,9,0,19,0,7,75,0,82,0,17,84,0,101,60,0,60,161
08/01/2021,BKL,OH,AGL,CE,Federal Contract Tower,0,15,12,0,27,0,3,17,0,20,0,18,29,0,47,16,0,16,63
08/02/2021,BKL,OH,AGL,CE,Federal Contract Tower,0,16,9,4,29,0,9,51,0,60,0,25,60,4,89,30,0,30,119
08/03/2021,BKL,OH,AGL,CE,Federal Contract Tower,0,23,16,4,43,0,17,48,0,65,0,40,64,4,108,104,0,104,212
08/04/2021,BKL,OH,AGL,CE,Federal Contract Tower,0,19,23,2,44,0,20,58,0,78,0,39,81,2,122,84,0,84,206
08/05/2021,BKL,OH,AGL,CE,Federal Contract Tower,2,25,14,4,45,0,9,60,0,69,2,34,74,4,114,54,4,58,172
08/06/2021,BKL,OH,AGL,CE,Federal Contract Tower,0,13,23,0,36,0,16,60,0,76,0,29,83,0,112,22,0,22,134
08/07/2021,BKL,OH,AGL,CE,Federal Contract Tower,0,5,10,0,15,0,20,58,0,78,0,25,68,0,93,74,0,74,167
08/08/2021,BKL,OH,AGL,CE,Federal Contract Tower,1,22,22,0,45,0,5,58,0,63,1,27,80,0,108,0,0,0,108
08/09/2021,BKL,OH,AGL,CE,Federal Contract Tower,1,22,12,0,35,0,12,31,2,45,1,34,43,2,80,8,0,8,88
08/10/2021,BKL,OH,AGL,CE,Federal Contract Tower,1,24,18,0,43,0,12,13,1,26,1,36,31,1,69,38,0,38,107
08/11/2021,BKL,OH,AGL,CE,Federal Contract Tower,0,34,28,0,62,0,8,20,2,30,0,42,48,2,92,56,0,56,148
08/12/2021,BKL,OH,AGL,CE,Federal Contract Tower,1,22,17,0,40,0,11,18,0,29,1,33,35,0,69,14,0,14,83
08/13/2021,BKL,OH,AGL,CE,Federal Contract Tower,0,21,9,1,31,0,10,28,0,38,0,31,37,1,69,66,2,68,137
08/14/2021,BKL,OH,AGL,CE,Federal Contract Tower,0,6,17,0,23,0,10,42,0,52,0,16,59,0,75,90,0,90,165
08/15/2021,BKL,OH,AGL,CE,Federal Contract Tower,1,10,10,0,21,0,7,74,0,81,1,17,84,0,102,50,0,50,152
08/16/2021,BKL,OH,AGL,CE,Federal Contract Tower,0,28,15,0,43,0,5,23,0,28,0,33,38,0,71,32,0,32,103
08/17/2021,BKL,OH,AGL,CE,Federal Contract Tower,0,24,25,0,49,0,10,37,0,47,0,34,62,0,96,132,0,132,228
08/18/2021,BKL,OH,AGL,CE,Federal Contract Tower,0,22,21,2,45,0,12,37,0,49,0,34,58,2,94,116,0,116,210
08/19/2021,BKL,OH,AGL,CE,Federal Contract Tower,0,21,29,2,52,0,15,33,0,48,0,36,62,2,100,50,0,50,150
08/20/2021,BKL,OH,AGL,CE,Federal Contract Tower,0,25,24,1,50,0,12,67,0,79,0,37,91,1,129,46,0,46,175
08/21/2021,BKL,OH,AGL,CE,Federal Contract Tower,0,11,13,2,26,0,5,67,0,72,0,16,80,2,98,26,0,26,124
08/22/2021,BKL,OH,AGL,CE,Federal Contract Tower,0,15,12,0,27,0,0,0,0,0,0,15,12,0,27,28,0,28,55
08/23/2021,BKL,OH,AGL,CE,Federal Contract Tower,0,26,20,2,48,0,8,16,2,26,0,34,36,4,74,40,2,42,116
08/24/2021,BKL,OH,AGL,CE,Federal Contract Tower,1,13,19,0,33,0,11,50,0,61,1,24,69,0,94,64,0,64,158
08/25/2021,BKL,OH,AGL,CE,Federal Contract Tower,0,22,20,1,43,0,8,17,0,25,0,30,37,1,68,0,0,0,68
08/26/2021,BKL,OH,AGL,CE,Federal Contract Tower,0,18,14,2,34,0,11,33,0,44,0,29,47,2,78,40,0,40,118
08/27/2021,BKL,OH,AGL,CE,Federal Contract Tower,2,26,11,0,39,0,13,50,0,63,2,39,61,0,102,80,0,80,182
08/28/2021,BKL,OH,AGL,CE,Federal Contract Tower,0,12,34,0,46,0,15,68,0,83,0,27,102,0,129,72,0,72,201
08/29/2021,BKL,OH,AGL,CE,Federal Contract Tower,0,23,12,0,35,0,8,24,0,32,0,31,36,0,67,12,0,12,79
08/30/2021,BKL,OH,AGL,CE,Federal Contract Tower,1,21,16,4,42,0,25,37,0,62,1,46,53,4,104,56,0,56,160
08/31/2021,BKL,OH,AGL,CE,Federal Contract Tower,0,31,25,0,56,0,17,48,0,65,0,48,73,0,121,60,0,60,181
09/01/2021,BKL,OH,AGL,CE,Federal Contract Tower,0,20,17,0,37,0,11,5,0,16,0,31,22,0,53,4,0,4,57
09/02/2021,BKL,OH,AGL,CE,Federal Contract Tower,0,16,17,3,36,0,16,36,3,55,0,32,53,6,91,10,4,14,105
09/03/2021,BKL,OH,AGL,CE,Federal Contract Tower,0,13,9,9,31,0,8,13,11,32,0,21,22,20,63,0,4,4,67
09/04/2021,BKL,OH,AGL,CE,Federal Contract Tower,0,0,2,0,2,0,3,0,0,3,0,3,2,0,5,0,0,0,5
09/05/2021,BKL,OH,AGL,CE,Federal Contract Tower,0,1,2,0,3,0,2,2,0,4,0,3,4,0,7,4,0,4,11
09/06/2021,BKL,OH,AGL,CE,Federal Contract Tower,0,3,4,0,7,0,8,5,1,14,0,11,9,1,21,0,0,0,21
09/07/2021,BKL,OH,AGL,CE,Federal Contract Tower,0,24,15,19,58,0,20,34,2,56,0,44,49,21,114,2,0,2,116
09/08/2021,BKL,OH,AGL,CE,Federal Contract Tower,0,12,16,1,29,0,23,43,0,66,0,35,59,1,95,60,0,60,155
09/09/2021,BKL,OH,AGL,CE,Federal Contract Tower,2,27,13,0,42,0,7,28,0,35,2,34,41,0,77,20,0,20,97
09/10/2021,BKL,OH,AGL,CE,Federal Contract Tower,2,25,15,3,45,0,27,70,0,97,2,52,85,3,142,84,0,84,226
09/11/2021,BKL,OH,AGL,CE,Federal Contract Tower,0,8,4,0,12,0,13,50,0,63,0,21,54,0,75,2,0,2,77
09/12/2021,BKL,OH,AGL,CE,Federal Contract Tower,2,5,11,0,18,0,3,31,1,35,2,8,42,1,53,44,0,44,97
09/13/2021,BKL,OH,AGL,CE,Federal Contract Tower,0,16,21,3,40,0,7,35,0,42,0,23,56,3,82,40,0,40,122
09/14/2021,BKL,OH,AGL,CE,Federal Contract Tower,0,21,18,0,39,0,15,25,0,40,0,36,43,0,79,34,0,34,113
09/15/2021,BKL,OH,AGL,CE,Federal Contract Tower,0,19,31,1,51,0,21,37,0,58,0,40,68,1,109,60,0,60,169
09/16/2021,BKL,OH,AGL,CE,Federal Contract Tower,0,24,24,0,48,0,26,46,1,73,0,50,70,1,121,98,0,98,219
09/17/2021,BKL,OH,AGL,CE,Federal Contract Tower,2,14,20,0,36,0,15,75,2,92,2,29,95,2,128,118,0,118,246
09/18/2021,BKL,OH,AGL,CE,Federal Contract Tower,0,12,19,0,31,0,7,57,0,64,0,19,76,0,95,38,0,38,133
09/19/2021,BKL,OH,AGL,CE,Federal Contract Tower,0,24,63,0,87,0,10,112,0,122,0,34,175,0,209,66,0,66,275
09/20/2021,BKL,OH,AGL,CE,Federal Contract Tower,2,10,25,2,39,0,7,43,0,50,2,17,68,2,89,6,0,6,95
09/21/2021,BKL,OH,AGL,CE,Federal Contract Tower,0,11,31,0,42,0,12,6,0,18,0,23,37,0,60,8,0,8,68
09/22/2021,BKL,OH,AGL,CE,Federal Contract Tower,0,4,13,0,17,0,0,0,0,0,0,4,13,0,17,0,0,0,17
09/23/2021,BKL,OH,AGL,CE,Federal Contract Tower,0,20,18,0,38,0,21,22,0,43,0,41,40,0,81,8,0,8,89
09/24/2021,BKL,OH,AGL,CE,Federal Contract Tower,0,24,27,0,51,0,11,35,0,46,0,35,62,0,97,16,0,16,113
09/25/2021,BKL,OH,AGL,CE,Federal Contract Tower,0,13,9,0,22,0,11,48,0,59,0,24,57,0,81,48,0,48,129
09/26/2021,BKL,OH,AGL,CE,Federal Contract Tower,4,28,67,0,99,0,8,50,0,58,4,36,117,0,157,0,0,0,157
09/27/2021,BKL,OH,AGL,CE,Federal Contract Tower,2,21,15,0,38,0,26,15,0,41,2,47,30,0,79,0,0,0,79
09/28/2021,BKL,OH,AGL,CE,Federal Contract Tower,0,18,34,2,54,0,22,37,0,59,0,40,71,2,113,72,0,72,185
09/29/2021,BKL,OH,AGL,CE,Federal Contract Tower,0,28,25,2,55,0,23,52,2,77,0,51,77,4,132,76,0,76,208
09/30/2021,BKL,OH,AGL,CE,Federal Contract Tower,0,18,23,0,41,0,29,55,0,84,0,47,78,0,125,106,0,106,231
10/01/2021,BKL,OH,AGL,CE,Federal Contract Tower,0,13,25,0,38,0,10,70,2,82,0,23,95,2,120,144,0,144,264
10/02/2021,BKL,OH,AGL,CE,Federal Contract Tower,0,7,14,0,21,0,14,64,0,78,0,21,78,0,99,52,0,52,151
10/03/2021,BKL,OH,AGL,CE,Federal Contract Tower,0,20,17,0,37,0,4,9,0,13,0,24,26,0,50,10,0,10,60
10/04/2021,BKL,OH,AGL,CE,Federal Contract Tower,0,16,16,0,32,0,5,11,0,16,0,21,27,0,48,26,0,26,74
10/05/2021,BKL,OH,AGL,CE,Federal Contract Tower,0,22,33,0,55,0,11,26,0,37,0,33,59,0,92,96,0,96,188
10/06/2021,BKL,OH,AGL,CE,Federal Contract Tower,0,27,17,1,45,0,2,10,0,12,0,29,27,1,57,58,0,58,115
10/07/2021,BKL,OH,AGL,CE,Federal Contract Tower,0,21,20,1,42,0,17,32,0,49,0,38,52,1,91,10,0,10,101
10/08/2021,BKL,OH,AGL,CE,Federal Contract Tower,0,14,28,1,43,0,14,21,0,35,0,28,49,1,78,32,0,32,110
10/09/2021,BKL,OH,AGL,CE,Federal Contract Tower,0,5,21,0,26,0,13,44,0,57,0,18,65,0,83,52,0,52,135
10/10/2021,BKL,OH,AGL,CE,Federal Contract Tower,0,3,10,0,13,0,0,0,0,0,0,3,10,0,13,32,0,32,45
10/11/2021,BKL,OH,AGL,CE,Federal Contract Tower,0,14,27,1,42,0,0,0,0,0,0,14,27,1,42,26,0,26,68
10/12/2021,BKL,OH,AGL,CE,Federal Contract Tower,0,25,23,0,48,0,18,29,0,47,0,43,52,0,95,16,0,16,111
10/13/2021,BKL,OH,AGL,CE,Federal Contract Tower,0,19,20,5,44,0,18,48,0,66,0,37,68,5,110,44,0,44,154
10/14/2021,BKL,OH,AGL,CE,Federal Contract Tower,0,6,38,0,44,0,15,65,1,81,0,21,103,1,125,68,0,68,193
10/15/2021,BKL,OH,AGL,CE,Federal Contract Tower,0,13,29,0,42,0,20,8,0,28,0,33,37,0,70,0,0,0,70
10/16/2021,BKL,OH,AGL,CE,Federal Contract Tower,0,12,11,0,23,0,11,2,2,15,0,23,13,2,38,0,0,0,38
10/17/2021,BKL,OH,AGL,CE,Federal Contract Tower,0,20,40,0,60,0,1,35,0,36,0,21,75,0,96,0,0,0,96
10/18/2021,BKL,OH,AGL,CE,Federal Contract Tower,0,16,29,0,45,0,5,50,2,57,0,21,79,2,102,30,0,30,132
10/19/2021,BKL,OH,AGL,CE,Federal Contract Tower,0,26,21,1,48,0,21,67,1,89,0,47,88,2,137,52,0,52,189
10/20/2021,BKL,OH,AGL,CE,Federal Contract Tower,0,30,36,0,66,0,24,57,2,83,0,54,93,2,149,92,0,92,241
10/21/2021,BKL,OH,AGL,CE,Federal Contract Tower,0,38,34,0,72,0,16,18,0,34,0,54,52,0,106,0,0,0,106
10/22/2021,BKL,OH,AGL,CE,Federal Contract Tower,0,24,38,2,64,0,6,21,0,27,0,30,59,2,91,92,0,92,183
10/23/2021,BKL,OH,AGL,CE,Federal Contract Tower,0,4,16,0,20,0,13,73,0,86,0,17,89,0,106,52,0,52,158
10/24/2021,BKL,OH,AGL,CE,Federal Contract Tower,0,10,20,1,31,0,0,26,1,27,0,10,46,2,58,4,0,4,62
10/25/2021,BKL,OH,AGL,CE,Federal Contract Tower,0,19,22,0,41,0,6,10,0,16,0,25,32,0,57,10,0,10,67
10/26/2021,BKL,OH,AGL,CE,Federal Contract Tower,0,12,15,0,27,0,4,4,0,8,0,16,19,0,35,0,0,0,35
10/27/2021,BKL,OH,AGL,CE,Federal Contract Tower,0,19,18,2,39,0,9,7,0,16,0,28,25,2,55,12,0,12,67
10/28/2021,BKL,OH,AGL,CE,Federal Contract Tower,1,21,32,0,54,0,12,61,0,73,1,33,93,0,127,140,0,140,267
10/29/2021,BKL,OH,AGL,CE,Federal Contract Tower,0,15,36,0,51,0,4,3,0,7,0,19,39,0,58,0,0,0,58
10/30/2021,BKL,OH,AGL,CE,Federal Contract Tower,0,20,22,0,42,0,4,19,0,23,0,24,41,0,65,32,0,32,97
10/31/2021,BKL,OH,AGL,CE,Federal Contract Tower,0,41,59,0,100,0,8,17,14,39,0,49,76,14,139,0,0,0,139
11/01/2021,BKL,OH,AGL,CE,Federal Contract Tower,0,20,18,1,39,0,0,0,0,0,0,20,18,1,39,38,0,38,77
11/02/2021,BKL,OH,AGL,CE,Federal Contract Tower,0,20,15,0,35,0,12,28,0,40,0,32,43,0,75,60,0,60,135
11/03/2021,BKL,OH,AGL,CE,Federal Contract Tower,0,14,20,0,34,0,13,30,0,43,0,27,50,0,77,28,0,28,105
11/04/2021,BKL,OH,AGL,CE,Federal Contract Tower,0,12,25,0,37,0,14,39,0,53,0,26,64,0,90,40,0,40,130
11/05/2021,BKL,OH,AGL,CE,Federal Contract Tower,0,11,21,2,34,0,22,50,2,74,0,33,71,4,108,56,0,56,164
11/06/2021,BKL,OH,AGL,CE,Federal Contract Tower,0,10,10,0,20,0,11,69,0,80,0,21,79,0,100,86,0,86,186
11/07/2021,BKL,OH,AGL,CE,Federal Contract Tower,0,8,10,0,18,0,10,55,1,66,0,18,65,1,84,74,0,74,158
11/08/2021,BKL,OH,AGL,CE,Federal Contract Tower,0,16,15,0,31,0,7,40,0,47,0,23,55,0,78,44,0,44,122
11/09/2021,BKL,OH,AGL,CE,Federal Contract Tower,0,7,27,0,34,0,21,48,0,69,0,28,75,0,103,88,0,88,191
11/10/2021,BKL,OH,AGL,CE,Federal Contract Tower,0,10,29,3,42,0,21,41,0,62,0,31,70,3,104,96,0,96,200
11/11/2021,BKL,OH,AGL,CE,Federal Contract Tower,0,6,23,0,29,0,19,24,0,43,0,25,47,0,72,38,0,38,110
11/12/2021,BKL,OH,AGL,CE,Federal Contract Tower,0,16,16,0,32,0,7,25,0,32,0,23,41,0,64,56,0,56,120
11/13/2021,BKL,OH,AGL,CE,Federal Contract Tower,0,10,6,0,16,0,3,0,0,3,0,13,6,0,19,0,0,0,19
11/14/2021,BKL,OH,AGL,CE,Federal Contract Tower,0,19,7,0,26,0,3,0,0,3,0,22,7,0,29,0,0,0,29
11/15/2021,BKL,OH,AGL,CE,Federal Contract Tower,0,20,21,0,41,0,2,9,0,11,0,22,30,0,52,14,0,14,66
11/16/2021,BKL,OH,AGL,CE,Federal Contract Tower,0,10,22,0,32,0,19,52,0,71,0,29,74,0,103,132,0,132,235
11/17/2021,BKL,OH,AGL,CE,Federal Contract Tower,0,19,11,1,31,0,23,18,3,44,0,42,29,4,75,16,0,16,91
11/18/2021,BKL,OH,AGL,CE,Federal Contract Tower,0,18,26,0,44,0,7,8,0,15,0,25,34,0,59,2,0,2,61
11/19/2021,BKL,OH,AGL,CE,Federal Contract Tower,0,18,28,2,48,0,8,22,0,30,0,26,50,2,78,38,0,38,116
11/20/2021,BKL,OH,AGL,CE,Federal Contract Tower,0,14,21,0,35,0,16,35,0,51,0,30,56,0,86,18,0,18,104
11/21/2021,BKL,OH,AGL,CE,Federal Contract Tower,0,18,20,1,39,0,1,20,3,24,0,19,40,4,63,0,2,2,65
11/22/2021,BKL,OH,AGL,CE,Federal Contract Tower,0,19,9,2,30,0,4,16,0,20,0,23,25,2,50,52,0,52,102
11/23/2021,BKL,OH,AGL,CE,Federal Contract Tower,0,20,14,0,34,0,6,27,0,33,0,26,41,0,67,32,0,32,99
11/24/2021,BKL,OH,AGL,CE,Federal Contract Tower,0,18,15,4,37,0,7,29,0,36,0,25,44,4,73,30,0,30,103
11/25/2021,BKL,OH,AGL,CE,Federal Contract Tower,0,12,3,0,15,0,9,1,0,10,0,21,4,0,25,0,0,0,25
11/26/2021,BKL,OH,AGL,CE,Federal Contract Tower,0,23,5,0,28,0,2,6,0,8,0,25,11,0,36,0,0,0,36
11/27/2021,BKL,OH,AGL,CE,Federal Contract Tower,0,6,9,0,15,0,4,30,0,34,0,10,39,0,49,70,0,70,119
11/28/2021,BKL,OH,AGL,CE,Federal Contract Tower,0,11,6,0,17,0,0,3,0,3,0,11,9,0,20,0,0,0,20
11/29/2021,BKL,OH,AGL,CE,Federal Contract Tower,0,16,15,0,31,0,3,16,0,19,0,19,31,0,50,40,0,40,90
11/30/2021,BKL,OH,AGL,CE,Federal Contract Tower,0,22,24,2,48,0,14,27,0,41,0,36,51,2,89,16,0,16,105
12/01/2021,BKL,OH,AGL,CE,Federal Contract Tower,0,14,41,0,55,0,24,22,0,46,0,38,63,0,101,32,0,32,133
12/02/2021,BKL,OH,AGL,CE,Federal Contract Tower,0,19,24,2,45,0,9,4,0,13,0,28,28,2,58,0,2,2,60
12/03/2021,BKL,OH,AGL,CE,Federal Contract Tower,0,22,18,0,40,0,14,8,0,22,0,36,26,0,62,88,0,88,150
12/04/2021,BKL,OH,AGL,CE,Federal Contract Tower,0,12,22,2,36,0,5,51,0,56,0,17,73,2,92,34,0,34,126
12/05/2021,BKL,OH,AGL,CE,Federal Contract Tower,0,12,16,0,28,0,9,30,0,39,0,21,46,0,67,28,0,28,95
12/06/2021,BKL,OH,AGL,CE,Federal Contract Tower,0,16,20,0,36,0,4,1,0,5,0,20,21,0,41,0,0,0,41
12/07/2021,BKL,OH,AGL,CE,Federal Contract Tower,0,21,22,0,43,0,10,20,0,30,0,31,42,0,73,18,0,18,91
12/08/2021,BKL,OH,AGL,CE,Federal Contract Tower,0,18,24,0,42,0,10,30,0,40,0,28,54,0,82,112,0,112,194
12/09/2021,BKL,OH,AGL,CE,Federal Contract Tower,0,24,26,0,50,0,35,29,0,64,0,59,55,0,114,40,0,40,154
12/10/2021,BKL,OH,AGL,CE,Federal Contract Tower,1,19,29,0,49,0,7,19,1,27,1,26,48,1,76,52,0,52,128
12/11/2021,BKL,OH,AGL,CE,Federal Contract Tower,0,7,8,0,15,0,1,10,0,11,0,8,18,0,26,8,0,8,34
12/12/2021,BKL,OH,AGL,CE,Federal Contract Tower,0,18,22,0,40,0,5,62,0,67,0,23,84,0,107,13,0,13,120
12/13/2021,BKL,OH,AGL,CE,Federal Contract Tower,0,17,21,0,38,0,12,49,0,61,0,29,70,0,99,42,0,42,141
12/14/2021,BKL,OH,AGL,CE,Federal Contract Tower,0,8,21,0,29,0,14,71,0,85,0,22,92,0,114,76,0,76,190
12/15/2021,BKL,OH,AGL,CE,Federal Contract Tower,0,23,34,2,59,0,14,20,1,35,0,37,54,3,94,10,0,10,104
12/16/2021,BKL,OH,AGL,CE,Federal Contract Tower,0,21,21,1,43,0,6,2,0,8,0,27,23,1,51,0,0,0,51
12/17/2021,BKL,OH,AGL,CE,Federal Contract Tower,0,13,19,2,34,0,27,56,0,83,0,40,75,2,117,118,0,118,235
12/18/2021,BKL,OH,AGL,CE,Federal Contract Tower,0,16,7,0,23,0,3,13,0,16,0,19,20,0,39,4,0,4,43
12/19/2021,BKL,OH,AGL,CE,Federal Contract Tower,0,3,10,0,13,0,4,32,0,36,0,7,42,0,49,16,0,16,65
12/20/2021,BKL,OH,AGL,CE,Federal Contract Tower,0,15,20,0,35,0,15,36,0,51,0,30,56,0,86,12,0,12,98
12/21/2021,BKL,OH,AGL,CE,Federal Contract Tower,0,13,19,3,35,0,21,48,0,69,0,34,67,3,104,24,0,24,128
12/22/2021,BKL,OH,AGL,CE,Federal Contract Tower,0,12,15,0,27,0,22,12,0,34,0,34,27,0,61,0,0,0,61
12/23/2021,BKL,OH,AGL,CE,Federal Contract Tower,0,9,11,0,20,0,25,40,0,65,0,34,51,0,85,38,0,38,123
12/24/2021,BKL,OH,AGL,CE,Federal Contract Tower,0,8,6,0,14,0,6,21,0,27,0,14,27,0,41,26,0,26,67
12/25/2021,BKL,OH,AGL,CE,Federal Contract Tower,0,5,0,0,5,0,3,9,0,12,0,8,9,0,17,0,0,0,17
12/26/2021,BKL,OH,AGL,CE,Federal Contract Tower,0,5,13,0,18,0,14,29,0,43,0,19,42,0,61,38,0,38,99
12/27/2021,BKL,OH,AGL,CE,Federal Contract Tower,0,8,15,0,23,0,6,19,0,25,0,14,34,0,48,6,0,6,54
12/28/2021,BKL,OH,AGL,CE,Federal Contract Tower,0,12,3,0,15,0,5,23,0,28,0,17,26,0,43,46,0,46,89
12/29/2021,BKL,OH,AGL,CE,Federal Contract Tower,0,6,10,1,17,0,0,0,0,0,0,6,10,1,17,0,0,0,17
12/30/2021,BKL,OH,AGL,CE,Federal Contract Tower,0,11,6,0,17,0,2,2,0,4,0,13,8,0,21,0,0,0,21
12/31/2021,BKL,OH,AGL,CE,Federal Contract Tower,0,12,11,0,23,0,9,38,0,47,0,21,49,0,70,70,0,70,140
01/01/2022,BKL,OH,AGL,CE,Federal Contract Tower,0,4,2,0,6,0,3,26,0,29,0,7,28,0,35,0,0,0,35
01/02/2022,BKL,OH,AGL,CE,Federal Contract Tower,0,1,5,0,6,0,1,0,0,1,0,2,5,0,7,0,0,0,7
01/03/2022,BKL,OH,AGL,CE,Federal Contract Tower,0,8,15,0,23,0,4,19,0,23,0,12,34,0,46,26,0,26,72
01/04/2022,BKL,OH,AGL,CE,Federal Contract Tower,0,8,13,4,25,0,5,24,0,29,0,13,37,4,54,30,0,30,84
01/05/2022,BKL,OH,AGL,CE,Federal Contract Tower,1,3,10,4,18,0,13,8,0,21,1,16,18,4,39,2,0,2,41
01/06/2022,BKL,OH,AGL,CE,Federal Contract Tower,0,10,19,0,29,0,12,17,2,31,0,22,36,2,60,56,0,56,116
01/07/2022,BKL,OH,AGL,CE,Federal Contract Tower,0,4,9,2,15,0,2,4,0,6,0,6,13,2,21,34,0,34,55
01/08/2022,BKL,OH,AGL,CE,Federal Contract Tower,0,6,8,0,14,0,7,26,0,33,0,13,34,0,47,14,0,14,61
01/09/2022,BKL,OH,AGL,CE,Federal Contract Tower,0,3,17,0,20,0,0,2,0,2,0,3,19,0,22,2,0,2,24
01/10/2022,BKL,OH,AGL,CE,Federal Contract Tower,0,10,13,0,23,0,0,0,0,0,0,10,13,0,23,0,0,0,23
01/11/2022,BKL,OH,AGL,CE,Federal Contract Tower,0,4,12,2,18,0,5,36,0,41,0,9,48,2,59,52,0,52,111
01/12/2022,BKL,OH,AGL,CE,Federal Contract Tower,0,5,10,1,16,0,12,28,3,43,0,17,38,4,59,26,0,26,85
01/13/2022,BKL,OH,AGL,CE,Federal Contract Tower,0,12,11,0,23,0,6,30,0,36,0,18,41,0,59,40,0,40,99
01/14/2022,BKL,OH,AGL,CE,Federal Contract Tower,0,10,3,0,13,0,0,4,0,4,0,10,7,0,17,0,0,0,17
01/15/2022,BKL,OH,AGL,CE,Federal Contract Tower,0,9,6,0,15,0,4,25,0,29,0,13,31,0,44,30,0,30,74
01/16/2022,BKL,OH,AGL,CE,Federal Contract Tower,0,5,7,0,12,0,7,51,0,58,0,12,58,0,70,96,0,96,166
01/17/2022,BKL,OH,AGL,CE,Federal Contract Tower,0,6,0,0,6,0,0,0,0,0,0,6,0,0,6,0,0,0,6
01/18/2022,BKL,OH,AGL,CE,Federal Contract Tower,0,15,16,0,31,0,19,10,0,29,0,34,26,0,60,6,0,6,66
01/19/2022,BKL,OH,AGL,CE,Federal Contract Tower,0,11,10,2,23,0,17,7,0,24,0,28,17,2,47,10,0,10,57
01/20/2022,BKL,OH,AGL,CE,Federal Contract Tower,0,8,17,0,25,0,11,4,0,15,0,19,21,0,40,30,0,30,70
01/21/2022,BKL,OH,AGL,CE,Federal Contract Tower,0,6,11,0,17,0,0,16,0,16,0,6,27,0,33,44,0,44,77
01/22/2022,BKL,OH,AGL,CE,Federal Contract Tower,0,10,6,0,16,0,6,31,0,37,0,16,37,0,53,144,0,144,197
01/23/2022,BKL,OH,AGL,CE,Federal Contract Tower,0,8,6,0,14,0,3,0,0,3,0,11,6,0,17,0,0,0,17
01/24/2022,BKL,OH,AGL,CE,Federal Contract Tower,0,4,5,1,10,0,0,2,0,2,0,4,7,1,12,0,0,0,12
01/25/2022,BKL,OH,AGL,CE,Federal Contract Tower,0,14,9,0,23,0,11,18,0,29,0,25,27,0,52,52,0,52,104
01/26/2022,BKL,OH,AGL,CE,Federal Contract Tower,0,15,12,0,27,0,10,13,0,23,0,25,25,0,50,56,0,56,106
01/27/2022,BKL,OH,AGL,CE,Federal Contract Tower,0,11,13,0,24,0,13,12,1,26,0,24,25,1,50,2,0,2,52
01/28/2022,BKL,OH,AGL,CE,Federal Contract Tower,0,4,2,0,6,0,1,0,0,1,0,5,2,0,7,0,0,0,7
01/29/2022,BKL,OH,AGL,CE,Federal Contract Tower,0,8,4,0,12,0,10,29,0,39,0,18,33,0,51,84,0,84,135
01/30/2022,BKL,OH,AGL,CE,Federal Contract Tower,0,13,4,0,17,0,7,3,0,10,0,20,7,0,27,0,0,0,27
01/31/2022,BKL,OH,AGL,CE,Federal Contract Tower,0,11,8,1,20,0,10,35,1,46,0,21,43,2,66,84,0,84,150
02/01/2022,BKL,OH,AGL,CE,Federal Contract Tower,0,8,9,2,19,0,0,0,0,0,0,8,9,2,19,2,0,2,21
02/02/2022,BKL,OH,AGL,CE,Federal Contract Tower,0,12,14,0,26,0,4,11,0,15,0,16,25,0,41,8,0,8,49
02/03/2022,BKL,OH,AGL,CE,Federal Contract Tower,0,0,2,0,2,0,0,0,0,0,0,0,2,0,2,0,0,0,2
02/04/2022,BKL,OH,AGL,CE,Federal Contract Tower,0,1,10,0,11,0,0,2,0,2,0,1,12,0,13,0,0,0,13
02/05/2022,BKL,OH,AGL,CE,Federal Contract Tower,0,2,4,0,6,0,2,8,0,10,0,4,12,0,16,0,0,0,16
02/06/2022,BKL,OH,AGL,CE,Federal Contract Tower,0,1,7,0,8,0,15,28,0,43,0,16,35,0,51,54,0,54,105
02/07/2022,BKL,OH,AGL,CE,Federal Contract Tower,0,8,23,0,31,0,8,20,0,28,0,16,43,0,59,52,0,52,111
02/08/2022,BKL,OH,AGL,CE,Federal Contract Tower,0,3,13,0,16,0,12,22,0,34,0,15,35,0,50,80,0,80,130
02/09/2022,BKL,OH,AGL,CE,Federal Contract Tower,0,16,23,0,39,0,12,47,0,59,0,28,70,0,98,84,0,84,182
02/10/2022,BKL,OH,AGL,CE,Federal Contract Tower,0,4,31,3,38,0,5,12,0,17,0,9,43,3,55,20,0,20,75
02/11/2022,BKL,OH,AGL,CE,Federal Contract Tower,0,5,17,1,23,0,5,9,0,14,0,10,26,1,37,8,0,8,45
02/12/2022,BKL,OH,AGL,CE,Federal Contract Tower,0,2,3,0,5,0,3,38,0,41,0,5,41,0,46,112,0,112,158
02/13/2022,BKL,OH,AGL,CE,Federal Contract Tower,0,6,8,0,14,0,0,6,0,6,0,6,14,0,20,18,0,18,38
02/14/2022,BKL,OH,AGL,CE,Federal Contract Tower,0,10,14,0,24,0,8,47,0,55,0,18,61,0,79,8,0,8,87
02/15/2022,BKL,OH,AGL,CE,Federal Contract Tower,0,15,24,1,40,0,10,50,3,63,0,25,74,4,103,114,2,116,219
02/16/2022,BKL,OH,AGL,CE,Federal Contract Tower,0,16,12,0,28,0,11,9,0,20,0,27,21,0,48,0,0,0,48
02/17/2022,BKL,OH,AGL,CE,Federal Contract Tower,0,15,26,0,41,0,10,4,0,14,0,25,30,0,55,0,0,0,55
02/18/2022,BKL,OH,AGL,CE,Federal Contract Tower,0,18,27,0,45,0,2,6,0,8,0,20,33,0,53,0,0,0,53
02/19/2022,BKL,OH,AGL,CE,Federal Contract Tower,2,18,23,2,45,0,2,4,0,6,2,20,27,2,51,0,0,0,51
02/20/2022,BKL,OH,AGL,CE,Federal Contract Tower,1,32,20,0,53,0,5,15,0,20,1,37,35,0,73,0,0,0,73
02/21/2022,BKL,OH,AGL,CE,Federal Contract Tower,0,61,46,0,107,0,8,43,0,51,0,69,89,0,158,84,0,84,242
02/22/2022,BKL,OH,AGL,CE,Federal Contract Tower,0,12,14,0,26,0,14,8,0,22,0,26,22,0,48,0,0,0,48
02/23/2022,BKL,OH,AGL,CE,Federal Contract Tower,0,16,15,2,33,0,19,34,0,53,0,35,49,2,86,108,0,108,194
02/24/2022,BKL,OH,AGL,CE,Federal Contract Tower,0,12,15,0,27,0,11,23,0,34,0,23,38,0,61,0,0,0,61
02/25/2022,BKL,OH,AGL,CE,Federal Contract Tower,0,10,8,0,18,0,0,0,0,0,0,10,8,0,18,0,0,0,18
02/26/2022,BKL,OH,AGL,CE,Federal Contract Tower,0,10,14,0,24,0,15,27,0,42,0,25,41,0,66,14,0,14,80
02/27/2022,BKL,OH,AGL,CE,Federal Contract Tower,0,8,15,0,23,0,15,39,0,54,0,23,54,0,77,38,0,38,115
02/28/2022,BKL,OH,AGL,CE,Federal Contract Tower,0,10,11,1,22,0,14,28,1,43,0,24,39,2,65,70,0,70,135
03/01/2022,BKL,OH,AGL,CE,Federal Contract Tower,0,9,25,0,34,0,17,48,0,65,0,26,73,0,99,92,0,92,191
03/02/2022,BKL,OH,AGL,CE,Federal Contract Tower,0,11,22,0,33,0,32,43,0,75,0,43,65,0,108,86,0,86,194
03/03/2022,BKL,OH,AGL,CE,Federal Contract Tower,0,11,13,0,24,0,0,17,0,17,0,11,30,0,41,52,0,52,93
03/04/2022,BKL,OH,AGL,CE,Federal Contract Tower,0,25,17,0,42,0,13,35,0,48,0,38,52,0,90,42,0,42,132
03/05/2022,BKL,OH,AGL,CE,Federal Contract Tower,0,13,3,0,16,0,7,40,0,47,0,20,43,0,63,14,0,14,77
03/06/2022,BKL,OH,AGL,CE,Federal Contract Tower,0,8,5,2,15,0,5,16,4,25,0,13,21,6,40,8,0,8,48
03/07/2022,BKL,OH,AGL,CE,Federal Contract Tower,0,12,14,0,26,0,1,2,0,3,0,13,16,0,29,0,0,0,29
03/08/2022,BKL,OH,AGL,CE,Federal Contract Tower,0,12,16,2,30,0,4,23,0,27,0,16,39,2,57,64,0,64,121
03/09/2022,BKL,OH,AGL,CE,Federal Contract Tower,0,14,21,0,35,0,10,49,0,59,0,24,70,0,94,116,0,116,210
03/10/2022,BKL,OH,AGL,CE,Federal Contract Tower,0,24,28,0,52,0,15,64,0,79,0,39,92,0,131,220,0,220,351
03/11/2022,BKL,OH,AGL,CE,Federal Contract Tower,0,2,17,1,20,0,14,21,1,36,0,16,38,2,56,40,0,40,96
03/12/2022,BKL,OH,AGL,CE,Federal Contract Tower,0,6,2,0,8,0,5,1,0,6,0,11,3,0,14,0,0,0,14
03/13/2022,BKL,OH,AGL,CE,Federal Contract Tower,0,6,11,0,17,0,3,2,0,5,0,9,13,0,22,0,0,0,22
03/14/2022,BKL,OH,AGL,CE,Federal Contract Tower,0,6,10,4,20,0,8,32,0,40,0,14,42,4,60,38,0,38,98
03/15/2022,BKL,OH,AGL,CE,Federal Contract Tower,0,21,23,0,44,0,25,58,0,83,0,46,81,0,127,68,0,68,195
03/16/2022,BKL,OH,AGL,CE,Federal Contract Tower,0,23,11,4,38,0,24,65,0,89,0,47,76,4,127,116,0,116,243
03/17/2022,BKL,OH,AGL,CE,Federal Contract Tower,0,6,17,0,23,0,58,75,0,133,0,64,92,0,156,142,0,142,298
03/18/2022,BKL,OH,AGL,CE,Federal Contract Tower,0,7,11,0,18,0,18,37,2,57,0,25,48,2,75,52,0,52,127
03/19/2022,BKL,OH,AGL,CE,Federal Contract Tower,0,9,11,0,20,0,8,0,0,8,0,17,11,0,28,0,0,0,28
03/20/2022,BKL,OH,AGL,CE,Federal Contract Tower,0,8,15,0,23,0,13,44,0,57,0,21,59,0,80,6,0,6,86
03/21/2022,BKL,OH,AGL,CE,Federal Contract Tower,0,7,14,0,21,0,16,34,2,52,0,23,48,2,73,26,0,26,99
03/22/2022,BKL,OH,AGL,CE,Federal Contract Tower,0,15,11,0,26,0,39,40,0,79,0,54,51,0,105,60,0,60,165
03/23/2022,BKL,OH,AGL,CE,Federal Contract Tower,0,5,6,0,11,0,20,6,0,26,0,25,12,0,37,0,0,0,37
03/24/2022,BKL,OH,AGL,CE,Federal Contract Tower,0,13,22,2,37,0,11,42,0,53,0,24,64,2,90,22,0,22,112
03/25/2022,BKL,OH,AGL,CE,Federal Contract Tower,0,8,18,0,26,0,2,11,0,13,0,10,29,0,39,4,0,4,43
03/26/2022,BKL,OH,AGL,CE,Federal Contract Tower,0,7,3,0,10,0,0,1,0,1,0,7,4,0,11,0,0,0,11
03/27/2022,BKL,OH,AGL,CE,Federal Contract Tower,0,7,4,0,11,0,2,2,0,4,0,9,6,0,15,0,0,0,15
03/28/2022,BKL,OH,AGL,CE,Federal Contract Tower,0,8,17,2,27,0,35,28,2,65,0,43,45,4,92,50,0,50,142
03/29/2022,BKL,OH,AGL,CE,Federal Contract Tower,0,14,12,0,26,0,20,55,0,75,0,34,67,0,101,84,0,84,185
03/30/2022,BKL,OH,AGL,CE,Federal Contract Tower,0,16,21,0,37,0,26,5,0,31,0,42,26,0,68,0,0,0,68
03/31/2022,BKL,OH,AGL,CE,Federal Contract Tower,0,15,16,0,31,0,3,18,0,21,0,18,34,0,52,0,0,0,52
04/01/2022,BKL,OH,AGL,CE,Federal Contract Tower,0,2,11,0,13,0,7,12,0,19,0,9,23,0,32,36,0,36,68
04/02/2022,BKL,OH,AGL,CE,Federal Contract Tower,0,7,5,1,13,0,11,68,0,79,0,18,73,1,92,52,0,52,144
04/03/2022,BKL,OH,AGL,CE,Federal Contract Tower,0,7,10,1,18,0,7,35,0,42,0,14,45,1,60,14,0,14,74
04/04/2022,BKL,OH,AGL,CE,Federal Contract Tower,0,11,16,0,27,0,0,0,0,0,0,11,16,0,27,0,0,0,27
04/05/2022,BKL,OH,AGL,CE,Federal Contract Tower,0,10,5,0,15,0,16,8,0,24,0,26,13,0,39,10,0,10,49
04/06/2022,BKL,OH,AGL,CE,Federal Contract Tower,0,16,16,0,32,0,6,23,0,29,0,22,39,0,61,26,0,26,87
04/07/2022,BKL,OH,AGL,CE,Federal Contract Tower,0,7,18,0,25,0,15,36,0,51,0,22,54,0,76,48,0,48,124
04/08/2022,BKL,OH,AGL,CE,Federal Contract Tower,0,21,13,0,34,0,6,7,0,13,0,27,20,0,47,28,0,28,75
04/09/2022,BKL,OH,AGL,CE,Federal Contract Tower,0,11,6,0,17,0,4,32,0,36,0,15,38,0,53,20,0,20,73
04/10/2022,BKL,OH,AGL,CE,Federal Contract Tower,0,10,10,0,20,0,7,50,0,57,0,17,60,0,77,52,0,52,129
04/11/2022,BKL,OH,AGL,CE,Federal Contract Tower,0,15,27,0,42,0,4,13,0,17,0,19,40,0,59,32,0,32,91
04/12/2022,BKL,OH,AGL,CE,Federal Contract Tower,0,21,33,2,56,0,7,67,0,74,0,28,100,2,130,180,0,180,310
04/13/2022,BKL,OH,AGL,CE,Federal Contract Tower,0,22,16,0,38,0,17,29,0,46,0,39,45,0,84,0,0,0,84
04/14/2022,BKL,OH,AGL,CE,Federal Contract Tower,1,11,16,0,28,0,11,29,0,40,1,22,45,0,68,14,0,14,82
04/15/2022,BKL,OH,AGL,CE,Federal Contract Tower,0,12,16,0,28,0,2,11,0,13,0,14,27,0,41,6,0,6,47
04/16/2022,BKL,OH,AGL,CE,Federal Contract Tower,0,12,6,0,18,0,8,33,0,41,0,20,39,0,59,14,0,14,73
04/17/2022,BKL,OH,AGL,CE,Federal Contract Tower,2,13,16,0,31,0,13,35,0,48,2,26,51,0,79,20,0,20,99
04/18/2022,BKL,OH,AGL,CE,Federal Contract Tower,2,10,10,0,22,0,2,4,0,6,2,12,14,0,28,2,0,2,30
04/19/2022,BKL,OH,AGL,CE,Federal Contract Tower,0,17,6,0,23,0,0,3,0,3,0,17,9,0,26,10,0,10,36
04/20/2022,BKL,OH,AGL,CE,Federal Contract Tower,0,26,18,0,44,0,36,39,0,75,0,62,57,0,119,10,0,10,129
04/21/2022,BKL,OH,AGL,CE,Federal Contract Tower,1,14,7,0,22,0,12,13,0,25,1,26,20,0,47,0,0,0,47
04/22/2022,BKL,OH,AGL,CE,Federal Contract Tower,0,20,14,0,34,0,13,54,0,67,0,33,68,0,101,98,0,98,199
04/23/2022,BKL,OH,AGL,CE,Federal Contract Tower,0,13,5,0,18,0,16,47,0,63,0,29,52,0,81,34,0,34,115
04/24/2022,BKL,OH,AGL,CE,Federal Contract Tower,0,17,9,0,26,0,8,48,0,56,0,25,57,0,82,28,0,28,110
04/25/2022,BKL,OH,AGL,CE,Federal Contract Tower,0,19,17,0,36,0,5,9,0,14,0,24,26,0,50,10,0,10,60
04/26/2022,BKL,OH,AGL,CE,Federal Contract Tower,1,16,25,0,42,0,4,33,0,37,1,20,58,0,79,62,0,62,141
04/27/2022,BKL,OH,AGL,CE,Federal Contract Tower,0,19,10,0,29,0,15,23,0,38,0,34,33,0,67,80,0,80,147
04/28/2022,BKL,OH,AGL,CE,Federal Contract Tower,0,23,24,0,47,0,18,60,0,78,0,41,84,0,125,98,0,98,223
04/29/2022,BKL,OH,AGL,CE,Federal Contract Tower,0,18,24,0,42,0,20,73,0,93,0,38,97,0,135,96,0,96,231
04/30/2022,BKL,OH,AGL,CE,Federal Contract Tower,0,7,11,0,18,0,12,57,0,69,0,19,68,0,87,54,0,54,141
05/01/2022,BKL,OH,AGL,CE,Federal Contract Tower,0,15,9,0,24,0,4,10,0,14,0,19,19,0,38,0,0,0,38
05/02/2022,BKL,OH,AGL,CE,Federal Contract Tower,0,20,13,0,33,0,20,37,0,57,0,40,50,0,90,28,0,28,118
05/03/2022,BKL,OH,AGL,CE,Federal Contract Tower,0,16,15,0,31,0,10,1,0,11,0,26,16,0,42,0,0,0,42
05/04/2022,BKL,OH,AGL,CE,Federal Contract Tower,1,14,18,0,33,0,0,2,0,2,1,14,20,0,35,0,0,0,35
05/05/2022,BKL,OH,AGL,CE,Federal Contract Tower,3,28,22,2,55,0,13,41,0,54,3,41,63,2,109,74,0,74,183
05/06/2022,BKL,OH,AGL,CE,Federal Contract Tower,0,21,20,0,41,0,6,3,0,9,0,27,23,0,50,0,0,0,50
05/07/2022,BKL,OH,AGL,CE,Federal Contract Tower,0,12,9,0,21,0,2,2,0,4,0,14,11,0,25,0,0,0,25
05/08/2022,BKL,OH,AGL,CE,Federal Contract Tower,2,11,8,0,21,0,4,53,0,57,2,15,61,0,78,30,0,30,108
05/09/2022,BKL,OH,AGL,CE,Federal Contract Tower,0,13,26,0,39,0,8,29,0,37,0,21,55,0,76,90,0,90,166
05/10/2022,BKL,OH,AGL,CE,Federal Contract Tower,0,24,36,1,61,0,47,48,0,95,0,71,84,1,156,68,0,68,224
05/11/2022,BKL,OH,AGL,CE,Federal Contract Tower,0,9,16,2,27,0,55,80,0,135,0,64,96,2,162,64,0,64,226
05/12/2022,BKL,OH,AGL,CE,Federal Contract Tower,0,22,22,0,44,0,12,48,2,62,0,34,70,2,106,6,0,6,112
05/13/2022,BKL,OH,AGL,CE,Federal Contract Tower,0,13,14,5,32,0,18,60,0,78,0,31,74,5,110,28,0,28,138
05/14/2022,BKL,OH,AGL,CE,Federal Contract Tower,0,13,6,3,22,0,14,35,2,51,0,27,41,5,73,30,0,30,103
05/15/2022,BKL,OH,AGL,CE,Federal Contract Tower,0,10,16,5,31,0,6,50,0,56,0,16,66,5,87,78,0,78,165
05/16/2022,BKL,OH,AGL,CE,Federal Contract Tower,0,14,19,1,34,0,26,43,2,71,0,40,62,3,105,33,0,33,138
05/17/2022,BKL,OH,AGL,CE,Federal Contract Tower,0,13,16,12,41,0,26,57,0,83,0,39,73,12,124,58,0,58,182
05/18/2022,BKL,OH,AGL,CE,Federal Contract Tower,0,22,17,1,40,0,27,29,0,56,0,49,46,1,96,16,0,16,112
05/19/2022,BKL,OH,AGL,CE,Federal Contract Tower,4,15,22,0,41,0,27,51,0,78,4,42,73,0,119,26,0,26,145
05/20/2022,BKL,OH,AGL,CE,Federal Contract Tower,0,6,26,0,32,0,6,41,0,47,0,12,67,0,79,30,0,30,109
05/21/2022,BKL,OH,AGL,CE,Federal Contract Tower,0,7,5,0,12,0,12,40,6,58,0,19,45,6,70,26,0,26,96
05/22/2022,BKL,OH,AGL,CE,Federal Contract Tower,1,12,16,0,29,0,4,5,0,9,1,16,21,0,38,6,0,6,44
05/23/2022,BKL,OH,AGL,CE,Federal Contract Tower,0,20,11,0,31,0,8,38,0,46,0,28,49,0,77,66,0,66,143
05/24/2022,BKL,OH,AGL,CE,Federal Contract Tower,0,14,23,0,37,0,31,74,0,105,0,45,97,0,142,110,0,110,252
05/25/2022,BKL,OH,AGL,CE,Federal Contract Tower,0,22,30,0,52,0,40,53,0,93,0,62,83,0,145,68,0,68,213
05/26/2022,BKL,OH,AGL,CE,Federal Contract Tower,0,21,9,0,30,0,9,16,0,25,0,30,25,0,55,0,0,0,55
05/27/2022,BKL,OH,AGL,CE,Federal Contract Tower,0,5,17,0,22,0,24,33,0,57,0,29,50,0,79,30,0,30,109
05/28/2022,BKL,OH,AGL,CE,Federal Contract Tower,0,11,15,0,26,0,10,49,0,59,0,21,64,0,85,76,0,76,161
05/29/2022,BKL,OH,AGL,CE,Federal Contract Tower,0,6,4,0,10,0,12,32,0,44,0,18,36,0,54,44,0,44,98
05/30/2022,BKL,OH,AGL,CE,Federal Contract Tower,2,11,10,0,23,0,24,46,0,70,2,35,56,0,93,36,0,36,129
05/31/2022,BKL,OH,AGL,CE,Federal Contract Tower,0,13,23,0,36,0,27,63,0,90,0,40,86,0,126,52,0,52,178
06/01/2022,BKL,OH,AGL,CE,Federal Contract Tower,2,35,24,0,61,0,49,81,0,130,2,84,105,0,191,16,0,16,207
06/02/2022,BKL,OH,AGL,CE,Federal Contract Tower,0,25,16,0,41,0,7,40,0,47,0,32,56,0,88,106,0,106,194
06/03/2022,BKL,OH,AGL,CE,Federal Contract Tower,0,13,18,2,33,0,35,63,0,98,0,48,81,2,131,140,0,140,271
06/04/2022,BKL,OH,AGL,CE,Federal Contract Tower,0,4,8,0,12,0,7,70,0,77,0,11,78,0,89,158,0,158,247
06/05/2022,BKL,OH,AGL,CE,Federal Contract Tower,2,15,15,0,32,0,15,51,0,66,2,30,66,0,98,18,0,18,116
06/06/2022,BKL,OH,AGL,CE,Federal Contract Tower,2,8,12,0,22,0,31,43,0,74,2,39,55,0,96,10,0,10,106
06/07/2022,BKL,OH,AGL,CE,Federal Contract Tower,0,10,11,2,23,0,5,8,0,13,0,15,19,2,36,10,0,10,46
06/08/2022,BKL,OH,AGL,CE,Federal Contract Tower,1,14,23,1,39,0,20,46,0,66,1,34,69,1,105,88,0,88,193
06/09/2022,BKL,OH,AGL,CE,Federal Contract Tower,0,7,19,1,27,0,24,55,1,80,0,31,74,2,107,36,0,36,143
06/10/2022,BKL,OH,AGL,CE,Federal Contract Tower,0,14,14,1,29,0,24,93,1,118,0,38,107,2,147,76,0,76,223
06/11/2022,BKL,OH,AGL,CE,Federal Contract Tower,0,6,14,0,20,0,11,51,0,62,0,17,65,0,82,42,0,42,124
06/12/2022,BKL,OH,AGL,CE,Federal Contract Tower,1,13,14,0,28,0,11,72,0,83,1,24,86,0,111,38,0,38,149
06/13/2022,BKL,OH,AGL,CE,Federal Contract Tower,0,8,16,0,24,0,33,37,0,70,0,41,53,0,94,38,0,38,132
06/14/2022,BKL,OH,AGL,CE,Federal Contract Tower,0,14,25,0,39,0,16,53,0,69,0,30,78,0,108,98,0,98,206
06/15/2022,BKL,OH,AGL,CE,Federal Contract Tower,0,19,23,0,42,0,17,87,0,104,0,36,110,0,146,132,0,132,278
06/16/2022,BKL,OH,AGL,CE,Federal Contract Tower,0,21,17,0,38,0,13,86,0,99,0,34,103,0,137,128,0,128,265
06/17/2022,BKL,OH,AGL,CE,Federal Contract Tower,0,20,13,4,37,0,16,72,0,88,0,36,85,4,125,120,0,120,245
06/18/2022,BKL,OH,AGL,CE,Federal Contract Tower,0,11,12,0,23,0,7,25,0,32,0,18,37,0,55,32,0,32,87
06/19/2022,BKL,OH,AGL,CE,Federal Contract Tower,0,10,11,0,21,0,10,75,0,85,0,20,86,0,106,6,0,6,112
06/20/2022,BKL,OH,AGL,CE,Federal Contract Tower,0,24,27,0,51,0,21,51,0,72,0,45,78,0,123,60,0,60,183
06/21/2022,BKL,OH,AGL,CE,Federal Contract Tower,0,16,21,0,37,0,12,44,0,56,0,28,65,0,93,50,0,50,143
06/22/2022,BKL,OH,AGL,CE,Federal Contract Tower,0,13,32,1,46,0,27,43,0,70,0,40,75,1,116,22,0,22,138
06/23/2022,BKL,OH,AGL,CE,Federal Contract Tower,1,13,30,5,49,0,37,70,0,107,1,50,100,5,156,76,0,76,232
06/24/2022,BKL,OH,AGL,CE,Federal Contract Tower,0,22,26,2,50,0,22,62,1,85,0,44,88,3,135,46,0,46,181
06/25/2022,BKL,OH,AGL,CE,Federal Contract Tower,0,11,10,1,22,0,23,167,2,192,0,34,177,3,214,18,0,18,232
06/26/2022,BKL,OH,AGL,CE,Federal Contract Tower,1,9,9,0,19,0,17,28,0,45,1,26,37,0,64,2,0,2,66
06/27/2022,BKL,OH,AGL,CE,Federal Contract Tower,1,11,21,1,34,0,12,35,0,47,1,23,56,1,81,66,0,66,147
06/28/2022,BKL,OH,AGL,CE,Federal Contract Tower,0,17,21,0,38,0,40,107,0,147,0,57,128,0,185,6,0,6,191
06/29/2022,BKL,OH,AGL,CE,Federal Contract Tower,0,14,13,0,27,0,40,68,0,108,0,54,81,0,135,24,0,24,159
06/30/2022,BKL,OH,AGL,CE,Federal Contract Tower,1,20,19,1,41,0,25,65,0,90,1,45,84,1,131,8,0,8,139
07/01/2022,BKL,OH,AGL,CE,Federal Contract Tower,1,18,16,0,35,0,31,60,0,91,1,49,76,0,126,108,0,108,234
07/02/2022,BKL,OH,AGL,CE,Federal Contract Tower,0,5,14,0,19,0,9,51,2,62,0,14,65,2,81,24,0,24,105
07/03/2022,BKL,OH,AGL,CE,Federal Contract Tower,1,12,6,0,19,0,17,69,0,86,1,29,75,0,105,0,0,0,105
07/04/2022,BKL,OH,AGL,CE,Federal Contract Tower,0,8,11,0,19,0,16,40,2,58,0,24,51,2,77,42,0,42,119
07/05/2022,BKL,OH,AGL,CE,Federal Contract Tower,0,7,16,0,23,0,29,50,0,79,0,36,66,0,102,86,0,86,188
07/06/2022,BKL,OH,AGL,CE,Federal Contract Tower,0,3,9,0,12,0,9,15,0,24,0,12,24,0,36,26,0,26,62
07/07/2022,BKL,OH,AGL,CE,Federal Contract Tower,0,7,23,0,30,0,12,64,0,76,0,19,87,0,106,148,0,148,254
07/08/2022,BKL,OH,AGL,CE,Federal Contract Tower,0,22,12,4,38,0,21,83,0,104,0,43,95,4,142,100,0,100,242
07/09/2022,BKL,OH,AGL,CE,Federal Contract Tower,0,5,7,0,12,0,9,51,0,60,0,14,58,0,72,22,0,22,94
07/10/2022,BKL,OH,AGL,CE,Federal Contract Tower,0,20,15,0,35,0,5,74,0,79,0,25,89,0,114,34,0,34,148
07/11/2022,BKL,OH,AGL,CE,Federal Contract Tower,2,15,21,0,38,0,8,49,6,63,2,23,70,6,101,68,0,68,169
07/12/2022,BKL,OH,AGL,CE,Federal Contract Tower,0,22,14,2,38,0,33,81,0,114,0,55,95,2,152,90,0,90,242
07/13/2022,BKL,OH,AGL,CE,Federal Contract Tower,0,9,22,3,34,0,21,78,0,99,0,30,100,3,133,76,0,76,209
07/14/2022,BKL,OH,AGL,CE,Federal Contract Tower,4,16,22,0,42,0,16,86,0,102,4,32,108,0,144,148,0,148,292
07/15/2022,BKL,OH,AGL,CE,Federal Contract Tower,0,29,23,1,53,0,35,64,0,99,0,64,87,1,152,56,0,56,208
07/16/2022,BKL,OH,AGL,CE,Federal Contract Tower,0,4,12,0,16,0,1,58,0,59,0,5,70,0,75,56,0,56,131
07/17/2022,BKL,OH,AGL,CE,Federal Contract Tower,0,15,29,2,46,0,5,13,0,18,0,20,42,2,64,14,0,14,78
07/18/2022,BKL,OH,AGL,CE,Federal Contract Tower,0,5,20,0,25,0,28,53,0,81,0,33,73,0,106,88,0,88,194
07/19/2022,BKL,OH,AGL,CE,Federal Contract Tower,0,16,18,1,35,0,19,67,1,87,0,35,85,2,122,88,0,88,210
07/20/2022,BKL,OH,AGL,CE,Federal Contract Tower,0,10,30,0,40,0,31,64,1,96,0,41,94,1,136,118,0,118,254
07/21/2022,BKL,OH,AGL,CE,Federal Contract Tower,0,17,24,0,41,0,15,51,0,66,0,32,75,0,107,82,0,82,189
07/22/2022,BKL,OH,AGL,CE,Federal Contract Tower,0,12,20,0,32,0,27,85,3,115,0,39,105,3,147,166,0,166,313
07/23/2022,BKL,OH,AGL,CE,Federal Contract Tower,0,8,11,3,22,0,14,46,0,60,0,22,57,3,82,28,0,28,110
07/24/2022,BKL,OH,AGL,CE,Federal Contract Tower,0,10,16,4,30,0,5,42,0,47,0,15,58,4,77,38,0,38,115
07/25/2022,BKL,OH,AGL,CE,Federal Contract Tower,0,13,27,3,43,0,24,99,0,123,0,37,126,3,166,100,0,100,266
07/26/2022,BKL,OH,AGL,CE,Federal Contract Tower,0,12,28,0,40,0,17,47,1,65,0,29,75,1,105,16,0,16,121
07/27/2022,BKL,OH,AGL,CE,Federal Contract Tower,0,10,24,1,35,0,25,40,2,67,0,35,64,3,102,34,0,34,136
07/28/2022,BKL,OH,AGL,CE,Federal Contract Tower,0,28,30,4,62,0,37,51,2,90,0,65,81,6,152,86,0,86,238
07/29/2022,BKL,OH,AGL,CE,Federal Contract Tower,0,13,18,0,31,0,44,58,2,104,0,57,76,2,135,40,0,40,175
07/30/2022,BKL,OH,AGL,CE,Federal Contract Tower,0,5,9,0,14,0,10,67,0,77,0,15,76,0,91,118,0,118,209
07/31/2022,BKL,OH,AGL,CE,Federal Contract Tower,0,7,18,0,25,0,9,53,0,62,0,16,71,0,87,22,0,22,109
08/01/2022,BKL,OH,AGL,CE,Federal Contract Tower,1,9,17,0,27,0,22,59,0,81,1,31,76,0,108,48,0,48,156
08/02/2022,BKL,OH,AGL,CE,Federal Contract Tower,0,14,13,0,27,0,18,61,0,79,0,32,74,0,106,52,0,52,158
08/03/2022,BKL,OH,AGL,CE,Federal Contract Tower,1,23,16,2,42,0,24,62,0,86,1,47,78,2,128,30,0,30,158
08/04/2022,BKL,OH,AGL,CE,Federal Contract Tower,2,27,26,0,55,0,22,55,0,77,2,49,81,0,132,74,0,74,206
08/05/2022,BKL,OH,AGL,CE,Federal Contract Tower,0,13,11,0,24,0,12,41,0,53,0,25,52,0,77,30,0,30,107
08/06/2022,BKL,OH,AGL,CE,Federal Contract Tower,0,10,12,0,22,0,13,77,0,90,0,23,89,0,112,52,0,52,164
08/07/2022,BKL,OH,AGL,CE,Federal Contract Tower,2,13,16,2,33,0,10,42,1,53,2,23,58,3,86,22,0,22,108
08/08/2022,BKL,OH,AGL,CE,Federal Contract Tower,0,9,24,0,33,0,32,53,0,85,0,41,77,0,118,14,0,14,132
08/09/2022,BKL,OH,AGL,CE,Federal Contract Tower,0,8,24,0,32,0,14,41,0,55,0,22,65,0,87,74,0,74,161
08/10/2022,BKL,OH,AGL,CE,Federal Contract Tower,0,11,25,0,36,0,30,60,1,91,0,41,85,1,127,90,0,90,217
08/11/2022,BKL,OH,AGL,CE,Federal Contract Tower,0,7,25,0,32,0,35,73,1,109,0,42,98,1,141,92,0,92,233
08/12/2022,BKL,OH,AGL,CE,Federal Contract Tower,0,6,10,0,16,0,14,76,0,90,0,20,86,0,106,76,0,76,182
08/13/2022,BKL,OH,AGL,CE,Federal Contract Tower,0,9,9,0,18,0,5,66,0,71,0,14,75,0,89,60,0,60,149
08/14/2022,BKL,OH,AGL,CE,Federal Contract Tower,0,9,15,0,24,0,4,68,0,72,0,13,83,0,96,18,0,18,114
08/15/2022,BKL,OH,AGL,CE,Federal Contract Tower,2,5,25,3,35,0,6,39,0,45,2,11,64,3,80,58,0,58,138
08/16/2022,BKL,OH,AGL,CE,Federal Contract Tower,0,10,33,1,44,0,39,58,0,97,0,49,91,1,141,68,0,68,209
08/17/2022,BKL,OH,AGL,CE,Federal Contract Tower,0,20,22,2,44,0,51,94,1,146,0,71,116,3,190,88,2,90,280
08/18/2022,BKL,OH,AGL,CE,Federal Contract Tower,0,16,19,1,36,0,15,56,0,71,0,31,75,1,107,120,0,120,227
08/19/2022,BKL,OH,AGL,CE,Federal Contract Tower,2,7,14,2,25,0,18,68,1,87,2,25,82,3,112,62,0,62,174
08/20/2022,BKL,OH,AGL,CE,Federal Contract Tower,0,4,9,0,13,0,13,73,0,86,0,17,82,0,99,38,0,38,137
08/21/2022,BKL,OH,AGL,CE,Federal Contract Tower,2,8,19,0,29,0,2,4,0,6,2,10,23,0,35,0,0,0,35
08/22/2022,BKL,OH,AGL,CE,Federal Contract Tower,0,13,13,0,26,0,29,26,0,55,0,42,39,0,81,62,0,62,143
08/23/2022,BKL,OH,AGL,CE,Federal Contract Tower,0,18,12,2,32,0,38,74,0,112,0,56,86,2,144,62,0,62,206
08/24/2022,BKL,OH,AGL,CE,Federal Contract Tower,0,14,35,10,59,0,58,76,0,134,0,72,111,10,193,68,0,68,261
08/25/2022,BKL,OH,AGL,CE,Federal Contract Tower,0,16,20,0,36,0,18,57,0,75,0,34,77,0,111,48,0,48,159
08/26/2022,BKL,OH,AGL,CE,Federal Contract Tower,0,16,15,2,33,0,7,65,0,72,0,23,80,2,105,44,0,44,149
08/27/2022,BKL,OH,AGL,CE,Federal Contract Tower,0,1,13,0,14,0,9,55,0,64,0,10,68,0,78,46,0,46,124
08/28/2022,BKL,OH,AGL,CE,Federal Contract Tower,2,7,10,0,19,0,10,85,0,95,2,17,95,0,114,4,0,4,118
08/29/2022,BKL,OH,AGL,CE,Federal Contract Tower,2,10,14,0,26,0,7,18,0,25,2,17,32,0,51,4,0,4,55
08/30/2022,BKL,OH,AGL,CE,Federal Contract Tower,0,8,16,7,31,0,27,55,0,82,0,35,71,7,113,0,0,0,113
08/31/2022,BKL,OH,AGL,CE,Federal Contract Tower,0,13,22,4,39,0,24,15,5,44,0,37,37,9,83,0,0,0,83
09/01/2022,BKL,OH,AGL,CE,Federal Contract Tower,0,13,17,4,34,0,14,10,0,24,0,27,27,4,58,0,8,8,66
09/02/2022,BKL,OH,AGL,CE,Federal Contract Tower,2,3,10,10,25,0,5,22,11,38,2,8,32,21,63,0,0,0,63
09/03/2022,BKL,OH,AGL,CE,Federal Contract Tower,0,0,0,3,3,0,3,0,0,3,0,3,0,3,6,0,0,0,6
09/04/2022,BKL,OH,AGL,CE,Federal Contract Tower,0,2,0,0,2,0,1,0,0,1,0,3,0,0,3,0,0,0,3
09/05/2022,BKL,OH,AGL,CE,Federal Contract Tower,0,3,5,6,14,0,0,0,0,0,0,3,5,6,14,0,4,4,18
09/06/2022,BKL,OH,AGL,CE,Federal Contract Tower,1,16,15,18,50,0,22,26,1,49,1,38,41,19,99,8,0,8,107
09/07/2022,BKL,OH,AGL,CE,Federal Contract Tower,0,10,15,0,25,0,20,43,0,63,0,30,58,0,88,32,0,32,120
09/08/2022,BKL,OH,AGL,CE,Federal Contract Tower,0,16,28,0,44,0,20,30,0,50,0,36,58,0,94,52,0,52,146
09/09/2022,BKL,OH,AGL,CE,Federal Contract Tower,0,20,27,0,47,0,15,77,3,95,0,35,104,3,142,66,0,66,208
09/10/2022,BKL,OH,AGL,CE,Federal Contract Tower,0,12,14,1,27,0,5,84,0,89,0,17,98,1,116,56,0,56,172
09/11/2022,BKL,OH,AGL,CE,Federal Contract Tower,0,11,33,0,44,0,4,19,0,23,0,15,52,0,67,50,0,50,117
09/12/2022,BKL,OH,AGL,CE,Federal Contract Tower,0,1,28,6,35,0,26,45,0,71,0,27,73,6,106,0,0,0,106
09/13/2022,BKL,OH,AGL,CE,Federal Contract Tower,0,9,29,2,40,0,25,33,0,58,0,34,62,2,98,34,4,38,136
09/14/2022,BKL,OH,AGL,CE,Federal Contract Tower,0,12,29,0,41,0,21,32,4,57,0,33,61,4,98,0,0,0,98
09/15/2022,BKL,OH,AGL,CE,Federal Contract Tower,4,10,25,0,39,0,34,64,0,98,4,44,89,0,137,22,0,22,159
09/16/2022,BKL,OH,AGL,CE,Federal Contract Tower,2,10,30,4,46,0,21,64,0,85,2,31,94,4,131,20,0,20,151
09/17/2022,BKL,OH,AGL,CE,Federal Contract Tower,0,11,12,0,23,0,17,69,0,86,0,28,81,0,109,16,0,16,125
09/18/2022,BKL,OH,AGL,CE,Federal Contract Tower,0,28,36,0,64,0,11,42,1,54,0,39,78,1,118,0,0,0,118
09/19/2022,BKL,OH,AGL,CE,Federal Contract Tower,2,9,17,0,28,0,13,15,0,28,2,22,32,0,56,6,0,6,62
09/20/2022,BKL,OH,AGL,CE,Federal Contract Tower,0,17,36,0,53,0,23,76,0,99,0,40,112,0,152,86,0,86,238
09/21/2022,BKL,OH,AGL,CE,Federal Contract Tower,0,11,22,0,33,0,51,36,0,87,0,62,58,0,120,18,0,18,138
09/23/2022,BKL,OH,AGL,CE,Federal Contract Tower,0,28,61,2,91,0,26,48,0,74,0,54,109,2,165,52,0,52,217
09/24/2022,BKL,OH,AGL,CE,Federal Contract Tower,0,10,21,1,32,0,16,76,1,93,0,26,97,2,125,68,0,68,193
09/25/2022,BKL,OH,AGL,CE,Federal Contract Tower,0,14,35,0,49,0,6,12,0,18,0,20,47,0,67,16,0,16,83
09/26/2022,BKL,OH,AGL,CE,Federal Contract Tower,1,20,12,0,33,0,0,6,0,6,1,20,18,0,39,4,0,4,43
09/27/2022,BKL,OH,AGL,CE,Federal Contract Tower,1,23,17,0,41,0,5,8,0,13,1,28,25,0,54,20,0,20,74
09/28/2022,BKL,OH,AGL,CE,Federal Contract Tower,0,15,24,0,39,0,21,9,2,32,0,36,33,2,71,20,0,20,91
09/29/2022,BKL,OH,AGL,CE,Federal Contract Tower,2,22,19,1,44,0,26,44,0,70,2,48,63,1,114,60,0,60,174
09/30/2022,BKL,OH,AGL,CE,Federal Contract Tower,3,13,17,0,33,0,23,56,1,80,3,36,73,1,113,52,0,52,165
10/01/2022,BKL,OH,AGL,CE,Federal Contract Tower,0,6,17,0,23,0,3,23,0,26,0,9,40,0,49,12,0,12,61
10/02/2022,BKL,OH,AGL,CE,Federal Contract Tower,0,10,10,0,20,0,6,13,0,19,0,16,23,0,39,0,0,0,39
10/03/2022,BKL,OH,AGL,CE,Federal Contract Tower,0,13,33,0,46,0,14,30,0,44,0,27,63,0,90,16,0,16,106
10/04/2022,BKL,OH,AGL,CE,Federal Contract Tower,0,12,22,0,34,0,22,57,0,79,0,34,79,0,113,98,0,98,211
10/05/2022,BKL,OH,AGL,CE,Federal Contract Tower,1,13,27,0,41,0,24,53,4,81,1,37,80,4,122,76,0,76,198
10/06/2022,BKL,OH,AGL,CE,Federal Contract Tower,4,19,22,0,45,0,20,38,2,60,4,39,60,2,105,24,0,24,129
10/07/2022,BKL,OH,AGL,CE,Federal Contract Tower,1,22,21,0,44,0,34,13,1,48,1,56,34,1,92,2,0,2,94
10/08/2022,BKL,OH,AGL,CE,Federal Contract Tower,0,11,12,0,23,0,12,57,0,69,0,23,69,0,92,0,0,0,92
10/09/2022,BKL,OH,AGL,CE,Federal Contract Tower,4,7,20,0,31,0,6,66,1,73,4,13,86,1,104,0,0,0,104
10/10/2022,BKL,OH,AGL,CE,Federal Contract Tower,0,21,11,0,32,0,22,57,0,79,0,43,68,0,111,82,0,82,193
10/11/2022,BKL,OH,AGL,CE,Federal Contract Tower,0,6,28,0,34,0,1,10,48,59,0,7,38,48,93,110,0,110,203
10/12/2022,BKL,OH,AGL,CE,Federal Contract Tower,0,19,21,0,40,0,12,38,0,50,0,31,59,0,90,58,0,58,148
10/13/2022,BKL,OH,AGL,CE,Federal Contract Tower,0,23,17,1,41,0,31,39,0,70,0,54,56,1,111,38,0,38,149
10/14/2022,BKL,OH,AGL,CE,Federal Contract Tower,0,16,27,0,43,0,18,45,0,63,0,34,72,0,106,22,0,22,128
10/15/2022,BKL,OH,AGL,CE,Federal Contract Tower,2,26,15,0,43,0,24,63,0,87,2,50,78,0,130,0,0,0,130
10/16/2022,BKL,OH,AGL,CE,Federal Contract Tower,0,27,52,1,80,0,14,35,6,55,0,41,87,7,135,12,0,12,147
10/17/2022,BKL,OH,AGL,CE,Federal Contract Tower,5,20,22,0,47,0,11,25,0,36,5,31,47,0,83,14,0,14,97
10/18/2022,BKL,OH,AGL,CE,Federal Contract Tower,0,19,22,0,41,0,4,0,0,4,0,23,22,0,45,2,0,2,47
10/19/2022,BKL,OH,AGL,CE,Federal Contract Tower,0,11,25,0,36,0,0,0,0,0,0,11,25,0,36,0,0,0,36
10/20/2022,BKL,OH,AGL,CE,Federal Contract Tower,0,13,23,0,36,0,35,30,0,65,0,48,53,0,101,18,0,18,119
10/21/2022,BKL,OH,AGL,CE,Federal Contract Tower,0,8,13,0,21,0,23,24,2,49,0,31,37,2,70,0,0,0,70
10/22/2022,BKL,OH,AGL,CE,Federal Contract Tower,0,10,13,0,23,0,10,69,0,79,0,20,82,0,102,8,0,8,110
10/23/2022,BKL,OH,AGL,CE,Federal Contract Tower,0,13,5,0,18,0,9,64,0,73,0,22,69,0,91,42,0,42,133
10/24/2022,BKL,OH,AGL,CE,Federal Contract Tower,0,15,18,2,35,0,24,52,0,76,0,39,70,2,111,34,0,34,145
10/25/2022,BKL,OH,AGL,CE,Federal Contract Tower,0,15,17,0,32,0,21,39,0,60,0,36,56,0,92,50,0,50,142
10/26/2022,BKL,OH,AGL,CE,Federal Contract Tower,0,7,13,4,24,0,17,2,0,19,0,24,15,4,43,20,0,20,63
10/27/2022,BKL,OH,AGL,CE,Federal Contract Tower,0,12,22,0,34,0,29,45,0,74,0,41,67,0,108,86,0,86,194
10/28/2022,BKL,OH,AGL,CE,Federal Contract Tower,0,18,19,2,39,0,22,21,0,43,0,40,40,2,82,30,0,30,112
10/29/2022,BKL,OH,AGL,CE,Federal Contract Tower,0,2,9,0,11,0,10,43,0,53,0,12,52,0,64,6,0,6,70
10/30/2022,BKL,OH,AGL,CE,Federal Contract Tower,1,5,8,0,14,0,11,43,0,54,1,16,51,0,68,18,0,18,86
10/31/2022,BKL,OH,AGL,CE,Federal Contract Tower,0,14,34,0,48,0,4,9,0,13,0,18,43,0,61,0,0,0,61
11/01/2022,BKL,OH,AGL,CE,Federal Contract Tower,1,23,26,0,50,0,39,1,0,40,1,62,27,0,90,0,0,0,90
11/02/2022,BKL,OH,AGL,CE,Federal Contract Tower,0,16,27,2,45,0,18,21,0,39,0,34,48,2,84,26,0,26,110
11/03/2022,BKL,OH,AGL,CE,Federal Contract Tower,0,14,26,3,43,0,26,50,0,76,0,40,76,3,119,68,0,68,187
11/04/2022,BKL,OH,AGL,CE,Federal Contract Tower,0,11,20,0,31,0,28,56,0,84,0,39,76,0,115,28,0,28,143
11/05/2022,BKL,OH,AGL,CE,Federal Contract Tower,0,12,10,0,22,0,3,4,2,9,0,15,14,2,31,0,0,0,31
11/06/2022,BKL,OH,AGL,CE,Federal Contract Tower,0,6,8,0,14,0,8,51,0,59,0,14,59,0,73,36,0,36,109
11/07/2022,BKL,OH,AGL,CE,Federal Contract Tower,0,18,15,0,33,0,32,45,0,77,0,50,60,0,110,26,0,26,136
11/08/2022,BKL,OH,AGL,CE,Federal Contract Tower,0,8,6,0,14,0,12,48,0,60,0,20,54,0,74,54,0,54,128
11/09/2022,BKL,OH,AGL,CE,Federal Contract Tower,0,12,22,1,35,0,11,22,0,33,0,23,44,1,68,50,0,50,118
11/10/2022,BKL,OH,AGL,CE,Federal Contract Tower,0,5,26,0,31,0,25,33,2,60,0,30,59,2,91,10,0,10,101
11/11/2022,BKL,OH,AGL,CE,Federal Contract Tower,0,12,14,0,26,0,7,6,1,14,0,19,20,1,40,0,0,0,40
11/12/2022,BKL,OH,AGL,CE,Federal Contract Tower,0,4,7,0,11,0,4,2,0,6,0,8,9,0,17,0,0,0,17
11/13/2022,BKL,OH,AGL,CE,Federal Contract Tower,0,11,7,0,18,0,2,5,0,7,0,13,12,0,25,0,0,0,25
11/14/2022,BKL,OH,AGL,CE,Federal Contract Tower,0,15,19,0,34,0,0,0,0,0,0,15,19,0,34,54,0,54,88
11/15/2022,BKL,OH,AGL,CE,Federal Contract Tower,0,13,9,0,22,0,17,19,0,36,0,30,28,0,58,18,0,18,76
11/16/2022,BKL,OH,AGL,CE,Federal Contract Tower,0,9,12,0,21,0,12,3,0,15,0,21,15,0,36,0,0,0,36
11/17/2022,BKL,OH,AGL,CE,Federal Contract Tower,0,23,18,0,41,0,0,0,0,0,0,23,18,0,41,0,0,0,41
11/18/2022,BKL,OH,AGL,CE,Federal Contract Tower,0,13,15,0,28,0,13,2,0,15,0,26,17,0,43,6,0,6,49
11/19/2022,BKL,OH,AGL,CE,Federal Contract Tower,0,6,7,0,13,0,9,2,0,11,0,15,9,0,24,0,0,0,24
11/20/2022,BKL,OH,AGL,CE,Federal Contract Tower,0,3,3,0,6,0,2,10,0,12,0,5,13,0,18,0,0,0,18
11/21/2022,BKL,OH,AGL,CE,Federal Contract Tower,0,6,22,0,28,0,15,22,0,37,0,21,44,0,65,4,0,4,69
11/22/2022,BKL,OH,AGL,CE,Federal Contract Tower,0,10,33,5,48,0,15,38,1,54,0,25,71,6,102,30,0,30,132
11/23/2022,BKL,OH,AGL,CE,Federal Contract Tower,0,10,11,0,21,0,11,67,0,78,0,21,78,0,99,32,0,32,131
11/24/2022,BKL,OH,AGL,CE,Federal Contract Tower,0,3,10,0,13,0,17,14,0,31,0,20,24,0,44,6,0,6,50
11/25/2022,BKL,OH,AGL,CE,Federal Contract Tower,0,5,6,0,11,0,13,23,0,36,0,18,29,0,47,10,0,10,57
11/26/2022,BKL,OH,AGL,CE,Federal Contract Tower,0,3,12,0,15,0,15,63,0,78,0,18,75,0,93,4,0,4,97
11/27/2022,BKL,OH,AGL,CE,Federal Contract Tower,0,21,25,3,49,0,0,6,5,11,0,21,31,8,60,0,0,0,60
11/28/2022,BKL,OH,AGL,CE,Federal Contract Tower,0,12,14,0,26,0,13,12,0,25,0,25,26,0,51,32,0,32,83
11/29/2022,BKL,OH,AGL,CE,Federal Contract Tower,0,12,16,0,28,0,18,17,0,35,0,30,33,0,63,10,0,10,73
11/30/2022,BKL,OH,AGL,CE,Federal Contract Tower,0,10,9,0,19,0,5,0,0,5,0,15,9,0,24,0,0,0,24
12/01/2022,BKL,OH,AGL,CE,Federal Contract Tower,0,6,26,0,32,0,4,11,0,15,0,10,37,0,47,6,0,6,53
12/02/2022,BKL,OH,AGL,CE,Federal Contract Tower,0,7,17,0,24,0,16,18,0,34,0,23,35,0,58,18,0,18,76
12/03/2022,BKL,OH,AGL,CE,Federal Contract Tower,0,7,1,0,8,0,6,1,0,7,0,13,2,0,15,0,0,0,15
12/04/2022,BKL,OH,AGL,CE,Federal Contract Tower,0,6,17,0,23,0,15,59,0,74,0,21,76,0,97,16,0,16,113
12/05/2022,BKL,OH,AGL,CE,Federal Contract Tower,0,9,20,2,31,0,14,47,0,61,0,23,67,2,92,30,0,30,122
12/06/2022,BKL,OH,AGL,CE,Federal Contract Tower,0,10,22,0,32,0,14,10,0,24,0,24,32,0,56,0,0,0,56
12/07/2022,BKL,OH,AGL,CE,Federal Contract Tower,0,2,10,0,12,0,0,0,0,0,0,2,10,0,12,0,0,0,12
12/08/2022,BKL,OH,AGL,CE,Federal Contract Tower,0,5,22,0,27,0,0,0,0,0,0,5,22,0,27,0,0,0,27
12/09/2022,BKL,OH,AGL,CE,Federal Contract Tower,0,13,17,0,30,0,15,12,0,27,0,28,29,0,57,14,0,14,71
12/10/2022,BKL,OH,AGL,CE,Federal Contract Tower,0,7,4,0,11,0,2,50,0,52,0,9,54,0,63,24,0,24,87
12/11/2022,BKL,OH,AGL,CE,Federal Contract Tower,0,9,21,0,30,0,2,0,0,2,0,11,21,0,32,0,0,0,32
12/12/2022,BKL,OH,AGL,CE,Federal Contract Tower,0,10,21,1,32,0,3,16,0,19,0,13,37,1,51,0,0,0,51
12/13/2022,BKL,OH,AGL,CE,Federal Contract Tower,0,15,16,0,31,0,33,37,0,70,0,48,53,0,101,38,0,38,139
12/14/2022,BKL,OH,AGL,CE,Federal Contract Tower,0,13,26,0,39,0,35,25,0,60,0,48,51,0,99,18,0,18,117
12/15/2022,BKL,OH,AGL,CE,Federal Contract Tower,0,3,18,0,21,0,2,4,0,6,0,5,22,0,27,0,0,0,27
12/16/2022,BKL,OH,AGL,CE,Federal Contract Tower,0,9,16,2,27,0,7,22,0,29,0,16,38,2,56,22,0,22,78
12/17/2022,BKL,OH,AGL,CE,Federal Contract Tower,0,13,9,0,22,0,12,56,6,74,0,25,65,6,96,4,0,4,100
12/18/2022,BKL,OH,AGL,CE,Federal Contract Tower,0,5,11,2,18,0,3,4,2,9,0,8,15,4,27,0,0,0,27
12/19/2022,BKL,OH,AGL,CE,Federal Contract Tower,0,10,6,2,18,0,14,1,0,15,0,24,7,2,33,0,0,0,33
12/20/2022,BKL,OH,AGL,CE,Federal Contract Tower,0,19,22,0,41,0,18,47,0,65,0,37,69,0,106,30,0,30,136
12/21/2022,BKL,OH,AGL,CE,Federal Contract Tower,0,6,25,0,31,0,18,32,0,50,0,24,57,0,81,16,0,16,97
12/22/2022,BKL,OH,AGL,CE,Federal Contract Tower,0,8,19,0,27,0,28,13,0,41,0,36,32,0,68,0,0,0,68
12/23/2022,BKL,OH,AGL,CE,Federal Contract Tower,0,0,1,0,1,0,0,0,0,0,0,0,1,0,1,0,0,0,1
12/24/2022,BKL,OH,AGL,CE,Federal Contract Tower,0,3,4,0,7,0,0,0,0,0,0,3,4,0,7,0,0,0,7
12/25/2022,BKL,OH,AGL,CE,Federal Contract Tower,0,5,1,0,6,0,2,0,0,2,0,7,1,0,8,0,0,0,8
12/26/2022,BKL,OH,AGL,CE,Federal Contract Tower,0,5,9,0,14,0,5,23,0,28,0,10,32,0,42,0,0,0,42
12/27/2022,BKL,OH,AGL,CE,Federal Contract Tower,0,5,10,0,15,0,19,32,0,51,0,24,42,0,66,44,0,44,110
12/28/2022,BKL,OH,AGL,CE,Federal Contract Tower,0,6,13,0,19,0,24,67,0,91,0,30,80,0,110,22,0,22,132
12/29/2022,BKL,OH,AGL,CE,Federal Contract Tower,0,7,9,0,16,0,12,8,2,22,0,19,17,2,38,2,0,2,40
12/30/2022,BKL,OH,AGL,CE,Federal Contract Tower,0,5,4,0,9,0,21,38,0,59,0,26,42,0,68,6,0,6,74
12/31/2022,BKL,OH,AGL,CE,Federal Contract Tower,0,3,8,0,11,0,6,42,0,48,0,9,50,0,59,0,0,0,59
01/01/2023,BKL,OH,AGL,CE,Federal Contract Tower,0,4,8,0,12,0,0,0,0,0,0,4,8,0,12,0,0,0,12
01/02/2023,BKL,OH,AGL,CE,Federal Contract Tower,0,1,2,0,3,0,0,0,0,0,0,1,2,0,3,0,0,0,3
01/03/2023,BKL,OH,AGL,CE,Federal Contract Tower,0,2,4,0,6,0,0,0,0,0,0,2,4,0,6,0,0,0,6
01/04/2023,BKL,OH,AGL,CE,Federal Contract Tower,0,5,21,0,26,0,7,21,0,28,0,12,42,0,54,18,0,18,72
01/05/2023,BKL,OH,AGL,CE,Federal Contract Tower,0,11,20,0,31,0,31,36,0,67,0,42,56,0,98,4,0,4,102
01/06/2023,BKL,OH,AGL,CE,Federal Contract Tower,0,10,21,1,32,0,2,2,0,4,0,12,23,1,36,0,0,0,36
01/07/2023,BKL,OH,AGL,CE,Federal Contract Tower,0,1,5,0,6,0,0,0,0,0,0,1,5,0,6,0,0,0,6
01/08/2023,BKL,OH,AGL,CE,Federal Contract Tower,0,4,13,0,17,0,8,33,0,41,0,12,46,0,58,6,0,6,64
01/09/2023,BKL,OH,AGL,CE,Federal Contract Tower,0,3,2,0,5,0,2,6,0,8,0,5,8,0,13,8,0,8,21
01/10/2023,BKL,OH,AGL,CE,Federal Contract Tower,0,10,23,0,33,0,28,49,0,77,0,38,72,0,110,58,0,58,168
01/11/2023,BKL,OH,AGL,CE,Federal Contract Tower,0,12,9,1,22,0,11,30,0,41,0,23,39,1,63,64,0,64,127
01/12/2023,BKL,OH,AGL,CE,Federal Contract Tower,0,9,12,1,22,0,2,2,0,4,0,11,14,1,26,0,0,0,26
01/13/2023,BKL,OH,AGL,CE,Federal Contract Tower,0,2,11,0,13,0,0,0,0,0,0,2,11,0,13,0,0,0,13
01/14/2023,BKL,OH,AGL,CE,Federal Contract Tower,0,8,6,0,14,0,2,16,0,18,0,10,22,0,32,2,0,2,34
01/15/2023,BKL,OH,AGL,CE,Federal Contract Tower,0,7,17,0,24,0,9,60,0,69,0,16,77,0,93,12,0,12,105
01/16/2023,BKL,OH,AGL,CE,Federal Contract Tower,0,8,17,0,25,0,18,33,0,51,0,26,50,0,76,18,0,18,94
01/17/2023,BKL,OH,AGL,CE,Federal Contract Tower,0,8,15,0,23,0,21,27,0,48,0,29,42,0,71,50,0,50,121
01/18/2023,BKL,OH,AGL,CE,Federal Contract Tower,0,11,27,0,38,0,16,36,0,52,0,27,63,0,90,44,0,44,134
01/19/2023,BKL,OH,AGL,CE,Federal Contract Tower,0,9,16,0,25,0,12,14,0,26,0,21,30,0,51,2,0,2,53
01/20/2023,BKL,OH,AGL,CE,Federal Contract Tower,0,19,19,0,38,0,2,5,0,7,0,21,24,0,45,24,0,24,69
01/21/2023,BKL,OH,AGL,CE,Federal Contract Tower,0,5,13,0,18,0,12,40,1,53,0,17,53,1,71,12,0,12,83
01/22/2023,BKL,OH,AGL,CE,Federal Contract Tower,0,7,5,0,12,0,3,6,0,9,0,10,11,0,21,0,0,0,21
01/23/2023,BKL,OH,AGL,CE,Federal Contract Tower,0,5,7,0,12,0,0,0,0,0,0,5,7,0,12,0,0,0,12
01/24/2023,BKL,OH,AGL,CE,Federal Contract Tower,0,15,11,0,26,0,20,14,2,36,0,35,25,2,62,46,0,46,108
01/25/2023,BKL,OH,AGL,CE,Federal Contract Tower,0,15,7,0,22,0,15,1,0,16,0,30,8,0,38,0,0,0,38
01/26/2023,BKL,OH,AGL,CE,Federal Contract Tower,0,9,12,0,21,0,1,1,0,2,0,10,13,0,23,0,0,0,23
01/27/2023,BKL,OH,AGL,CE,Federal Contract Tower,0,4,15,0,19,0,9,9,0,18,0,13,24,0,37,2,0,2,39
01/28/2023,BKL,OH,AGL,CE,Federal Contract Tower,0,8,4,0,12,0,3,54,0,57,0,11,58,0,69,58,0,58,127
01/29/2023,BKL,OH,AGL,CE,Federal Contract Tower,0,5,7,0,12,0,0,0,0,0,0,5,7,0,12,0,0,0,12
01/30/2023,BKL,OH,AGL,CE,Federal Contract Tower,0,5,10,0,15,0,0,2,0,2,0,5,12,0,17,0,0,0,17
01/31/2023,BKL,OH,AGL,CE,Federal Contract Tower,0,16,10,0,26,0,13,11,0,24,0,29,21,0,50,0,0,0,50
02/01/2023,BKL,OH,AGL,CE,Federal Contract Tower,0,12,15,0,27,0,29,32,0,61,0,41,47,0,88,14,0,14,102
02/02/2023,BKL,OH,AGL,CE,Federal Contract Tower,0,16,33,1,50,0,43,68,0,111,0,59,101,1,161,10,0,10,171
02/03/2023,BKL,OH,AGL,CE,Federal Contract Tower,0,6,12,0,18,0,5,2,0,7,0,11,14,0,25,0,0,0,25
02/04/2023,BKL,OH,AGL,CE,Federal Contract Tower,0,9,4,0,13,0,9,26,0,35,0,18,30,0,48,4,0,4,52
02/05/2023,BKL,OH,AGL,CE,Federal Contract Tower,0,4,7,0,11,0,13,26,2,41,0,17,33,2,52,2,0,2,54
02/06/2023,BKL,OH,AGL,CE,Federal Contract Tower,0,14,14,0,28,0,31,20,3,54,0,45,34,3,82,36,0,36,118
02/07/2023,BKL,OH,AGL,CE,Federal Contract Tower,0,12,23,0,35,0,46,27,0,73,0,58,50,0,108,22,0,22,130
02/08/2023,BKL,OH,AGL,CE,Federal Contract Tower,0,13,14,2,29,0,31,60,0,91,0,44,74,2,120,48,0,48,168
02/09/2023,BKL,OH,AGL,CE,Federal Contract Tower,0,13,18,0,31,0,4,2,0,6,0,17,20,0,37,0,0,0,37
02/10/2023,BKL,OH,AGL,CE,Federal Contract Tower,0,12,9,0,21,0,8,7,0,15,0,20,16,0,36,4,0,4,40
02/11/2023,BKL,OH,AGL,CE,Federal Contract Tower,0,11,15,0,26,0,20,54,0,74,0,31,69,0,100,44,0,44,144
02/12/2023,BKL,OH,AGL,CE,Federal Contract Tower,0,7,17,0,24,0,15,79,0,94,0,22,96,0,118,48,0,48,166
02/13/2023,BKL,OH,AGL,CE,Federal Contract Tower,0,15,16,0,31,0,22,35,0,57,0,37,51,0,88,12,0,12,100
02/14/2023,BKL,OH,AGL,CE,Federal Contract Tower,0,15,7,1,23,0,51,42,0,93,0,66,49,1,116,10,2,12,128
02/15/2023,BKL,OH,AGL,CE,Federal Contract Tower,0,12,15,0,27,0,11,23,4,38,0,23,38,4,65,4,0,4,69
02/16/2023,BKL,OH,AGL,CE,Federal Contract Tower,0,9,10,0,19,0,2,9,0,11,0,11,19,0,30,26,0,26,56
02/17/2023,BKL,OH,AGL,CE,Federal Contract Tower,0,13,7,0,20,0,2,5,0,7,0,15,12,0,27,0,0,0,27
02/18/2023,BKL,OH,AGL,CE,Federal Contract Tower,0,5,6,1,12,0,3,25,10,38,0,8,31,11,50,12,0,12,62
02/19/2023,BKL,OH,AGL,CE,Federal Contract Tower,0,7,8,0,15,0,2,16,3,21,0,9,24,3,36,2,0,2,38
02/20/2023,BKL,OH,AGL,CE,Federal Contract Tower,0,7,11,0,18,0,12,58,0,70,0,19,69,0,88,50,0,50,138
02/21/2023,BKL,OH,AGL,CE,Federal Contract Tower,0,26,8,0,34,0,29,25,0,54,0,55,33,0,88,16,0,16,104
02/22/2023,BKL,OH,AGL,CE,Federal Contract Tower,0,12,6,0,18,0,14,2,2,18,0,26,8,2,36,0,0,0,36
02/23/2023,BKL,OH,AGL,CE,Federal Contract Tower,0,12,14,0,26,0,3,9,2,14,0,15,23,2,40,34,0,34,74
02/24/2023,BKL,OH,AGL,CE,Federal Contract Tower,0,2,14,3,19,0,25,15,0,40,0,27,29,3,59,12,0,12,71
02/25/2023,BKL,OH,AGL,CE,Federal Contract Tower,0,4,10,0,14,0,19,35,0,54,0,23,45,0,68,18,0,18,86
02/26/2023,BKL,OH,AGL,CE,Federal Contract Tower,0,10,4,0,14,0,16,68,0,84,0,26,72,0,98,54,0,54,152
02/27/2023,BKL,OH,AGL,CE,Federal Contract Tower,0,6,16,0,22,0,4,3,0,7,0,10,19,0,29,0,0,0,29
02/28/2023,BKL,OH,AGL,CE,Federal Contract Tower,0,15,12,0,27,0,2,22,0,24,0,17,34,0,51,0,0,0,51
03/01/2023,BKL,OH,AGL,CE,Federal Contract Tower,0,27,24,0,51,0,33,51,0,84,0,60,75,0,135,48,0,48,183
03/02/2023,BKL,OH,AGL,CE,Federal Contract Tower,0,19,19,1,39,0,12,12,0,24,0,31,31,1,63,14,0,14,77
03/03/2023,BKL,OH,AGL,CE,Federal Contract Tower,0,10,7,0,17,0,5,8,0,13,0,15,15,0,30,0,0,0,30
03/04/2023,BKL,OH,AGL,CE,Federal Contract Tower,0,9,3,0,12,0,15,23,0,38,0,24,26,0,50,12,0,12,62
03/05/2023,BKL,OH,AGL,CE,Federal Contract Tower,0,7,9,2,18,0,4,50,3,57,0,11,59,5,75,18,0,18,93
03/06/2023,BKL,OH,AGL,CE,Federal Contract Tower,0,9,13,0,22,0,22,21,0,43,0,31,34,0,65,22,0,22,87
03/07/2023,BKL,OH,AGL,CE,Federal Contract Tower,0,22,18,0,40,0,23,21,0,44,0,45,39,0,84,24,0,24,108
03/08/2023,BKL,OH,AGL,CE,Federal Contract Tower,0,17,17,0,34,0,21,25,2,48,0,38,42,2,82,54,0,54,136
03/09/2023,BKL,OH,AGL,CE,Federal Contract Tower,0,14,28,0,42,0,30,33,2,65,0,44,61,2,107,112,0,112,219
03/10/2023,BKL,OH,AGL,CE,Federal Contract Tower,0,4,7,0,11,0,5,9,0,14,0,9,16,0,25,0,0,0,25
03/11/2023,BKL,OH,AGL,CE,Federal Contract Tower,0,4,6,0,10,0,9,37,0,46,0,13,43,0,56,93,0,93,149
03/12/2023,BKL,OH,AGL,CE,Federal Contract Tower,0,5,7,0,12,0,22,15,0,37,0,27,22,0,49,0,0,0,49
03/13/2023,BKL,OH,AGL,CE,Federal Contract Tower,0,8,7,0,15,0,4,0,0,4,0,12,7,0,19,0,0,0,19
03/14/2023,BKL,OH,AGL,CE,Federal Contract Tower,0,8,10,0,18,0,0,0,0,0,0,8,10,0,18,0,0,0,18
03/15/2023,BKL,OH,AGL,CE,Federal Contract Tower,0,11,13,0,24,0,21,36,0,57,0,32,49,0,81,32,0,32,113
03/16/2023,BKL,OH,AGL,CE,Federal Contract Tower,0,9,17,1,27,0,27,23,0,50,0,36,40,1,77,22,0,22,99
03/17/2023,BKL,OH,AGL,CE,Federal Contract Tower,0,14,9,0,23,0,28,3,2,33,0,42,12,2,56,4,0,4,60
03/18/2023,BKL,OH,AGL,CE,Federal Contract Tower,0,14,6,0,20,0,5,5,0,10,0,19,11,0,30,2,0,2,32
03/19/2023,BKL,OH,AGL,CE,Federal Contract Tower,0,5,8,0,13,0,1,12,0,13,0,6,20,0,26,0,0,0,26
03/20/2023,BKL,OH,AGL,CE,Federal Contract Tower,0,3,17,1,21,0,11,16,0,27,0,14,33,1,48,0,0,0,48
03/21/2023,BKL,OH,AGL,CE,Federal Contract Tower,0,18,19,0,37,0,19,70,0,89,0,37,89,0,126,58,0,58,184
03/22/2023,BKL,OH,AGL,CE,Federal Contract Tower,0,11,22,0,33,0,40,28,0,68,0,51,50,0,101,10,0,10,111
03/23/2023,BKL,OH,AGL,CE,Federal Contract Tower,0,4,3,0,7,0,0,0,0,0,0,4,3,0,7,0,0,0,7
03/24/2023,BKL,OH,AGL,CE,Federal Contract Tower,0,2,10,1,13,0,18,41,0,59,0,20,51,1,72,26,0,26,98
03/25/2023,BKL,OH,AGL,CE,Federal Contract Tower,0,3,8,0,11,0,6,0,0,6,0,9,8,0,17,0,0,0,17
03/26/2023,BKL,OH,AGL,CE,Federal Contract Tower,0,9,9,0,18,0,10,46,0,56,0,19,55,0,74,30,0,30,104
03/27/2023,BKL,OH,AGL,CE,Federal Contract Tower,0,11,11,0,22,0,1,3,0,4,0,12,14,0,26,8,0,8,34
03/28/2023,BKL,OH,AGL,CE,Federal Contract Tower,0,12,25,0,37,0,22,38,0,60,0,34,63,0,97,50,0,50,147
03/29/2023,BKL,OH,AGL,CE,Federal Contract Tower,0,15,16,0,31,0,12,10,0,22,0,27,26,0,53,66,0,66,119
03/30/2023,BKL,OH,AGL,CE,Federal Contract Tower,0,9,14,0,23,0,26,62,2,90,0,35,76,2,113,86,0,86,199
03/31/2023,BKL,OH,AGL,CE,Federal Contract Tower,0,8,7,5,20,0,9,15,0,24,0,17,22,5,44,0,0,0,44
04/01/2023,BKL,OH,AGL,CE,Federal Contract Tower,0,7,12,0,19,0,4,1,0,5,0,11,13,0,24,0,0,0,24
04/02/2023,BKL,OH,AGL,CE,Federal Contract Tower,0,18,12,3,33,0,19,52,2,73,0,37,64,5,106,66,0,66,172
04/03/2023,BKL,OH,AGL,CE,Federal Contract Tower,0,8,14,0,22,0,35,29,0,64,0,43,43,0,86,42,0,42,128
04/04/2023,BKL,OH,AGL,CE,Federal Contract Tower,0,21,13,0,34,0,25,34,0,59,0,46,47,0,93,44,0,44,137
04/05/2023,BKL,OH,AGL,CE,Federal Contract Tower,0,17,12,0,29,0,21,10,0,31,0,38,22,0,60,24,0,24,84
04/06/2023,BKL,OH,AGL,CE,Federal Contract Tower,2,29,20,4,55,0,30,48,0,78,2,59,68,4,133,42,0,42,175
04/07/2023,BKL,OH,AGL,CE,Federal Contract Tower,0,15,21,0,36,0,12,33,0,45,0,27,54,0,81,38,0,38,119
04/08/2023,BKL,OH,AGL,CE,Federal Contract Tower,0,7,4,0,11,0,20,61,0,81,0,27,65,0,92,70,0,70,162
04/09/2023,BKL,OH,AGL,CE,Federal Contract Tower,1,13,4,0,18,0,8,25,0,33,1,21,29,0,51,0,0,0,51
04/10/2023,BKL,OH,AGL,CE,Federal Contract Tower,0,21,22,0,43,0,15,31,0,46,0,36,53,0,89,40,0,40,129
04/11/2023,BKL,OH,AGL,CE,Federal Contract Tower,0,18,20,0,38,0,42,44,1,87,0,60,64,1,125,32,2,34,159
04/12/2023,BKL,OH,AGL,CE,Federal Contract Tower,2,12,11,10,35,0,37,44,0,81,2,49,55,10,116,6,0,6,122
04/13/2023,BKL,OH,AGL,CE,Federal Contract Tower,0,18,13,0,31,0,30,58,0,88,0,48,71,0,119,38,0,38,157
04/14/2023,BKL,OH,AGL,CE,Federal Contract Tower,0,9,28,0,37,0,35,51,3,89,0,44,79,3,126,34,0,34,160
04/15/2023,BKL,OH,AGL,CE,Federal Contract Tower,0,14,16,0,30,0,35,83,0,118,0,49,99,0,148,28,0,28,176
04/16/2023,BKL,OH,AGL,CE,Federal Contract Tower,0,18,10,0,28,0,10,16,6,32,0,28,26,6,60,0,0,0,60
04/17/2023,BKL,OH,AGL,CE,Federal Contract Tower,0,17,17,0,34,0,8,2,0,10,0,25,19,0,44,0,0,0,44
04/18/2023,BKL,OH,AGL,CE,Federal Contract Tower,0,20,20,0,40,0,14,29,1,44,0,34,49,1,84,18,0,18,102
04/19/2023,BKL,OH,AGL,CE,Federal Contract Tower,0,9,30,1,40,0,33,66,0,99,0,42,96,1,139,24,0,24,163
04/20/2023,BKL,OH,AGL,CE,Federal Contract Tower,1,5,25,6,37,0,25,53,0,78,1,30,78,6,115,24,0,24,139
04/21/2023,BKL,OH,AGL,CE,Federal Contract Tower,0,8,10,0,18,0,17,22,0,39,0,25,32,0,57,32,0,32,89
04/22/2023,BKL,OH,AGL,CE,Federal Contract Tower,0,7,9,0,16,0,2,4,0,6,0,9,13,0,22,0,0,0,22
04/23/2023,BKL,OH,AGL,CE,Federal Contract Tower,1,10,7,0,18,0,10,39,0,49,1,20,46,0,67,10,0,10,77
04/24/2023,BKL,OH,AGL,CE,Federal Contract Tower,0,11,25,0,36,0,23,27,0,50,0,34,52,0,86,0,0,0,86
04/25/2023,BKL,OH,AGL,CE,Federal Contract Tower,0,19,15,1,35,0,26,29,0,55,0,45,44,1,90,38,0,38,128
04/26/2023,BKL,OH,AGL,CE,Federal Contract Tower,0,10,37,0,47,0,11,32,0,43,0,21,69,0,90,4,0,4,94
04/27/2023,BKL,OH,AGL,CE,Federal Contract Tower,0,18,24,0,42,0,35,50,0,85,0,53,74,0,127,52,0,52,179
04/28/2023,BKL,OH,AGL,CE,Federal Contract Tower,0,15,9,3,27,0,7,3,0,10,0,22,12,3,37,4,0,4,41
04/29/2023,BKL,OH,AGL,CE,Federal Contract Tower,0,7,7,0,14,0,14,25,1,40,0,21,32,1,54,40,0,40,94
04/30/2023,BKL,OH,AGL,CE,Federal Contract Tower,0,8,9,0,17,0,10,8,1,19,0,18,17,1,36,8,0,8,44
05/01/2023,BKL,OH,AGL,CE,Federal Contract Tower,0,7,4,0,11,0,1,0,0,1,0,8,4,0,12,0,0,0,12
05/02/2023,BKL,OH,AGL,CE,Federal Contract Tower,0,8,10,2,20,0,0,0,0,0,0,8,10,2,20,0,0,0,20
05/03/2023,BKL,OH,AGL,CE,Federal Contract Tower,0,13,18,0,31,0,2,4,0,6,0,15,22,0,37,0,0,0,37
05/04/2023,BKL,OH,AGL,CE,Federal Contract Tower,1,19,20,0,40,0,13,56,0,69,1,32,76,0,109,40,0,40,149
05/05/2023,BKL,OH,AGL,CE,Federal Contract Tower,0,11,10,5,26,0,32,44,0,76,0,43,54,5,102,18,0,18,120
05/06/2023,BKL,OH,AGL,CE,Federal Contract Tower,0,6,9,0,15,0,19,57,0,76,0,25,66,0,91,18,0,18,109
05/07/2023,BKL,OH,AGL,CE,Federal Contract Tower,1,15,15,0,31,0,12,27,0,39,1,27,42,0,70,0,0,0,70
05/08/2023,BKL,OH,AGL,CE,Federal Contract Tower,0,18,16,0,34,0,31,36,0,67,0,49,52,0,101,0,0,0,101
05/09/2023,BKL,OH,AGL,CE,Federal Contract Tower,0,19,29,1,49,0,28,44,1,73,0,47,73,2,122,0,0,0,122
05/10/2023,BKL,OH,AGL,CE,Federal Contract Tower,2,15,37,0,54,0,12,58,0,70,2,27,95,0,124,14,0,14,138
05/11/2023,BKL,OH,AGL,CE,Federal Contract Tower,0,16,25,4,45,0,15,56,8,79,0,31,81,12,124,56,0,56,180
05/12/2023,BKL,OH,AGL,CE,Federal Contract Tower,0,9,32,0,41,0,23,42,0,65,0,32,74,0,106,12,0,12,118
05/13/2023,BKL,OH,AGL,CE,Federal Contract Tower,0,6,4,0,10,0,15,39,0,54,0,21,43,0,64,76,0,76,140
05/14/2023,BKL,OH,AGL,CE,Federal Contract Tower,0,12,8,0,20,0,13,34,0,47,0,25,42,0,67,12,0,12,79
05/15/2023,BKL,OH,AGL,CE,Federal Contract Tower,0,11,29,0,40,0,27,63,0,90,0,38,92,0,130,54,0,54,184
05/16/2023,BKL,OH,AGL,CE,Federal Contract Tower,0,6,16,1,23,0,13,42,1,56,0,19,58,2,79,44,0,44,123
05/17/2023,BKL,OH,AGL,CE,Federal Contract Tower,0,13,12,0,25,0,14,61,0,75,0,27,73,0,100,64,0,64,164
05/18/2023,BKL,OH,AGL,CE,Federal Contract Tower,0,21,24,2,47,0,38,50,0,88,0,59,74,2,135,16,0,16,151
05/19/2023,BKL,OH,AGL,CE,Federal Contract Tower,0,14,21,0,35,0,19,58,0,77,0,33,79,0,112,42,0,42,154
05/20/2023,BKL,OH,AGL,CE,Federal Contract Tower,0,7,7,1,15,0,20,25,1,46,0,27,32,2,61,64,2,66,127
05/21/2023,BKL,OH,AGL,CE,Federal Contract Tower,2,14,10,0,26,0,15,58,0,73,2,29,68,0,99,26,0,26,125
05/22/2023,BKL,OH,AGL,CE,Federal Contract Tower,0,20,23,0,43,0,16,55,0,71,0,36,78,0,114,8,0,8,122
05/23/2023,BKL,OH,AGL,CE,Federal Contract Tower,0,19,19,0,38,0,28,79,0,107,0,47,98,0,145,38,0,38,183
05/24/2023,BKL,OH,AGL,CE,Federal Contract Tower,2,16,34,2,54,0,64,45,0,109,2,80,79,2,163,28,0,28,191
05/25/2023,BKL,OH,AGL,CE,Federal Contract Tower,2,17,21,4,44,0,17,66,0,83,2,34,87,4,127,6,0,6,133
05/26/2023,BKL,OH,AGL,CE,Federal Contract Tower,0,10,20,2,32,0,26,53,0,79,0,36,73,2,111,38,0,38,149
05/27/2023,BKL,OH,AGL,CE,Federal Contract Tower,0,14,5,0,19,0,16,40,0,56,0,30,45,0,75,0,0,0,75
05/28/2023,BKL,OH,AGL,CE,Federal Contract Tower,2,5,10,0,17,0,8,64,0,72,2,13,74,0,89,8,0,8,97
05/29/2023,BKL,OH,AGL,CE,Federal Contract Tower,0,20,17,0,37,0,33,38,0,71,0,53,55,0,108,10,0,10,118
05/30/2023,BKL,OH,AGL,CE,Federal Contract Tower,0,19,23,0,42,0,25,60,0,85,0,44,83,0,127,86,0,86,213
05/31/2023,BKL,OH,AGL,CE,Federal Contract Tower,0,20,25,3,48,0,27,42,1,70,0,47,67,4,118,84,0,84,202
06/01/2023,BKL,OH,AGL,CE,Federal Contract Tower,0,14,28,1,43,0,12,72,0,84,0,26,100,1,127,70,0,70,197
06/02/2023,BKL,OH,AGL,CE,Federal Contract Tower,0,15,18,4,37,0,16,52,0,68,0,31,70,4,105,30,0,30,135
06/03/2023,BKL,OH,AGL,CE,Federal Contract Tower,0,10,11,0,21,0,26,43,0,69,0,36,54,0,90,28,0,28,118
06/04/2023,BKL,OH,AGL,CE,Federal Contract Tower,0,6,15,2,23,0,0,0,0,0,0,6,15,2,23,20,0,20,43
06/05/2023,BKL,OH,AGL,CE,Federal Contract Tower,2,24,17,2,45,0,28,47,3,78,2,52,64,5,123,70,6,76,199
06/06/2023,BKL,OH,AGL,CE,Federal Contract Tower,0,22,26,0,48,0,21,48,0,69,0,43,74,0,117,42,0,42,159
06/07/2023,BKL,OH,AGL,CE,Federal Contract Tower,0,21,23,0,44,0,23,44,0,67,0,44,67,0,111,0,0,0,111
06/08/2023,BKL,OH,AGL,CE,Federal Contract Tower,2,34,26,0,62,0,12,27,0,39,2,46,53,0,101,0,0,0,101
06/09/2023,BKL,OH,AGL,CE,Federal Contract Tower,0,13,17,3,33,0,13,71,0,84,0,26,88,3,117,12,0,12,129
06/10/2023,BKL,OH,AGL,CE,Federal Contract Tower,0,10,7,0,17,0,19,46,2,67,0,29,53,2,84,30,0,30,114
06/11/2023,BKL,OH,AGL,CE,Federal Contract Tower,2,3,14,0,19,0,4,34,0,38,2,7,48,0,57,42,0,42,99
06/12/2023,BKL,OH,AGL,CE,Federal Contract Tower,0,7,24,2,33,0,20,19,0,39,0,27,43,2,72,42,0,42,114
06/13/2023,BKL,OH,AGL,CE,Federal Contract Tower,0,31,11,1,43,0,24,19,2,45,0,55,30,3,88,32,0,32,120
06/14/2023,BKL,OH,AGL,CE,Federal Contract Tower,0,22,23,0,45,0,19,44,0,63,0,41,67,0,108,90,2,92,200
06/15/2023,BKL,OH,AGL,CE,Federal Contract Tower,0,19,16,0,35,0,29,33,2,64,0,48,49,2,99,52,0,52,151
06/16/2023,BKL,OH,AGL,CE,Federal Contract Tower,0,12,12,2,26,0,14,25,0,39,0,26,37,2,65,24,0,24,89
06/17/2023,BKL,OH,AGL,CE,Federal Contract Tower,0,14,18,0,32,0,24,52,0,76,0,38,70,0,108,24,0,24,132
06/18/2023,BKL,OH,AGL,CE,Federal Contract Tower,0,5,10,0,15,0,28,36,0,64,0,33,46,0,79,46,0,46,125
06/19/2023,BKL,OH,AGL,CE,Federal Contract Tower,0,12,16,0,28,0,24,59,0,83,0,36,75,0,111,76,0,76,187
06/20/2023,BKL,OH,AGL,CE,Federal Contract Tower,0,24,18,1,43,0,34,54,0,88,0,58,72,1,131,46,0,46,177
06/21/2023,BKL,OH,AGL,CE,Federal Contract Tower,0,15,23,0,38,0,28,66,0,94,0,43,89,0,132,76,0,76,208
06/22/2023,BKL,OH,AGL,CE,Federal Contract Tower,3,27,35,4,69,0,7,58,0,65,3,34,93,4,134,24,0,24,158
06/23/2023,BKL,OH,AGL,CE,Federal Contract Tower,0,29,27,0,56,0,24,3,0,27,0,53,30,0,83,0,0,0,83
06/24/2023,BKL,OH,AGL,CE,Federal Contract Tower,0,19,9,2,30,0,5,7,0,12,0,24,16,2,42,2,0,2,44
06/25/2023,BKL,OH,AGL,CE,Federal Contract Tower,2,3,15,0,20,0,5,18,0,23,2,8,33,0,43,48,0,48,91
06/26/2023,BKL,OH,AGL,CE,Federal Contract Tower,0,11,5,0,16,0,5,0,0,5,0,16,5,0,21,2,0,2,23
06/27/2023,BKL,OH,AGL,CE,Federal Contract Tower,0,24,22,1,47,0,0,0,0,0,0,24,22,1,47,0,0,0,47
06/28/2023,BKL,OH,AGL,CE,Federal Contract Tower,0,21,23,8,52,0,0,0,0,0,0,21,23,8,52,0,0,0,52
06/29/2023,BKL,OH,AGL,CE,Federal Contract Tower,0,26,29,0,55,0,6,5,0,11,0,32,34,0,66,0,0,0,66
06/30/2023,BKL,OH,AGL,CE,Federal Contract Tower,0,16,22,0,38,0,39,44,0,83,0,55,66,0,121,96,0,96,217
07/01/2023,BKL,OH,AGL,CE,Federal Contract Tower,0,7,10,0,17,0,8,18,0,26,0,15,28,0,43,10,0,10,53
07/02/2023,BKL,OH,AGL,CE,Federal Contract Tower,1,4,19,0,24,0,9,16,0,25,1,13,35,0,49,14,0,14,63
07/03/2023,BKL,OH,AGL,CE,Federal Contract Tower,0,7,14,0,21,0,34,26,0,60,0,41,40,0,81,14,0,14,95
07/04/2023,BKL,OH,AGL,CE,Federal Contract Tower,0,6,9,0,15,0,24,42,0,66,0,30,51,0,81,60,0,60,141
07/05/2023,BKL,OH,AGL,CE,Federal Contract Tower,0,17,12,2,31,0,0,0,0,0,0,17,12,2,31,72,0,72,103
07/06/2023,BKL,OH,AGL,CE,Federal Contract Tower,3,17,6,0,26,0,16,17,0,33,3,33,23,0,59,14,0,14,73
07/07/2023,BKL,OH,AGL,CE,Federal Contract Tower,0,18,18,0,36,0,27,52,1,80,0,45,70,1,116,94,0,94,210
07/08/2023,BKL,OH,AGL,CE,Federal Contract Tower,0,14,6,0,20,0,8,28,0,36,0,22,34,0,56,50,0,50,106
07/09/2023,BKL,OH,AGL,CE,Federal Contract Tower,2,8,13,0,23,0,0,0,0,0,2,8,13,0,23,14,0,14,37
07/10/2023,BKL,OH,AGL,CE,Federal Contract Tower,0,12,19,0,31,0,40,64,2,106,0,52,83,2,137,96,0,96,233
07/11/2023,BKL,OH,AGL,CE,Federal Contract Tower,0,11,15,0,26,0,26,47,2,75,0,37,62,2,101,74,0,74,175
07/12/2023,BKL,OH,AGL,CE,Federal Contract Tower,0,23,23,2,48,0,5,10,0,15,0,28,33,2,63,40,0,40,103
07/13/2023,BKL,OH,AGL,CE,Federal Contract Tower,0,19,26,0,45,0,21,46,0,67,0,40,72,0,112,124,0,124,236
07/14/2023,BKL,OH,AGL,CE,Federal Contract Tower,0,16,10,0,26,0,58,77,2,137,0,74,87,2,163,114,0,114,277
07/15/2023,BKL,OH,AGL,CE,Federal Contract Tower,0,13,15,0,28,0,0,23,0,23,0,13,38,0,51,12,0,12,63
07/16/2023,BKL,OH,AGL,CE,Federal Contract Tower,0,6,29,0,35,0,15,18,0,33,0,21,47,0,68,22,0,22,90
07/17/2023,BKL,OH,AGL,CE,Federal Contract Tower,0,17,14,0,31,0,5,9,0,14,0,22,23,0,45,4,0,4,49
07/18/2023,BKL,OH,AGL,CE,Federal Contract Tower,0,8,30,0,38,0,33,55,0,88,0,41,85,0,126,126,0,126,252
07/19/2023,BKL,OH,AGL,CE,Federal Contract Tower,0,14,15,0,29,0,17,56,0,73,0,31,71,0,102,46,0,46,148
07/20/2023,BKL,OH,AGL,CE,Federal Contract Tower,1,25,19,0,45,0,10,32,0,42,1,35,51,0,87,80,0,80,167
07/21/2023,BKL,OH,AGL,CE,Federal Contract Tower,0,9,29,0,38,0,6,41,0,47,0,15,70,0,85,54,0,54,139
07/22/2023,BKL,OH,AGL,CE,Federal Contract Tower,0,8,16,0,24,0,55,76,0,131,0,63,92,0,155,62,0,62,217
07/23/2023,BKL,OH,AGL,CE,Federal Contract Tower,2,14,26,0,42,0,3,39,0,42,2,17,65,0,84,50,0,50,134
07/24/2023,BKL,OH,AGL,CE,Federal Contract Tower,0,7,16,2,25,0,25,68,3,96,0,32,84,5,121,70,0,70,191
07/25/2023,BKL,OH,AGL,CE,Federal Contract Tower,0,21,14,2,37,0,13,24,0,37,0,34,38,2,74,18,0,18,92
07/26/2023,BKL,OH,AGL,CE,Federal Contract Tower,0,20,18,0,38,0,13,12,0,25,0,33,30,0,63,0,0,0,63
07/27/2023,BKL,OH,AGL,CE,Federal Contract Tower,0,6,23,0,29,0,12,23,1,36,0,18,46,1,65,70,0,70,135
07/28/2023,BKL,OH,AGL,CE,Federal Contract Tower,0,8,10,0,18,0,18,31,1,50,0,26,41,1,68,96,0,96,164
07/29/2023,BKL,OH,AGL,CE,Federal Contract Tower,0,15,15,0,30,0,43,26,0,69,0,58,41,0,99,18,0,18,117
07/30/2023,BKL,OH,AGL,CE,Federal Contract Tower,0,17,16,2,35,0,29,62,0,91,0,46,78,2,126,44,4,48,174
07/31/2023,BKL,OH,AGL,CE,Federal Contract Tower,0,11,11,2,24,0,31,46,2,79,0,42,57,4,103,36,14,50,153
08/01/2023,BKL,OH,AGL,CE,Federal Contract Tower,0,11,16,2,29,0,29,42,2,73,0,40,58,4,102,66,0,66,168
08/02/2023,BKL,OH,AGL,CE,Federal Contract Tower,0,10,23,5,38,0,23,48,0,71,0,33,71,5,109,72,0,72,181
08/03/2023,BKL,OH,AGL,CE,Federal Contract Tower,2,18,14,4,38,0,30,48,0,78,2,48,62,4,116,52,0,52,168
08/04/2023,BKL,OH,AGL,CE,Federal Contract Tower,0,12,25,2,39,0,29,42,0,71,0,41,67,2,110,60,0,60,170
08/05/2023,BKL,OH,AGL,CE,Federal Contract Tower,0,3,9,0,12,0,42,46,0,88,0,45,55,0,100,42,0,42,142
08/06/2023,BKL,OH,AGL,CE,Federal Contract Tower,3,10,17,0,30,0,27,17,0,44,3,37,34,0,74,0,0,0,74
08/07/2023,BKL,OH,AGL,CE,Federal Contract Tower,0,26,10,0,36,0,1,6,0,7,0,27,16,0,43,0,0,0,43
08/08/2023,BKL,OH,AGL,CE,Federal Contract Tower,0,27,25,1,53,0,24,46,0,70,0,51,71,1,123,46,0,46,169
08/09/2023,BKL,OH,AGL,CE,Federal Contract Tower,0,20,24,0,44,0,35,57,0,92,0,55,81,0,136,84,0,84,220
08/10/2023,BKL,OH,AGL,CE,Federal Contract Tower,0,1,16,13,30,0,17,31,0,48,0,18,47,13,78,10,0,10,88
08/11/2023,BKL,OH,AGL,CE,Federal Contract Tower,0,11,20,2,33,0,21,53,0,74,0,32,73,2,107,44,2,46,153
08/12/2023,BKL,OH,AGL,CE,Federal Contract Tower,0,14,13,0,27,0,8,32,0,40,0,22,45,0,67,36,0,36,103
08/13/2023,BKL,OH,AGL,CE,Federal Contract Tower,0,9,15,0,24,0,30,76,0,106,0,39,91,0,130,70,0,70,200
08/14/2023,BKL,OH,AGL,CE,Federal Contract Tower,0,6,20,2,28,0,12,20,2,34,0,18,40,4,62,54,0,54,116
08/15/2023,BKL,OH,AGL,CE,Federal Contract Tower,0,14,15,0,29,0,28,40,0,68,0,42,55,0,97,70,0,70,167
08/16/2023,BKL,OH,AGL,CE,Federal Contract Tower,2,14,18,2,36,0,11,48,0,59,2,25,66,2,95,88,0,88,183
08/17/2023,BKL,OH,AGL,CE,Federal Contract Tower,0,40,18,0,58,0,16,25,7,48,0,56,43,7,106,36,0,36,142
08/18/2023,BKL,OH,AGL,CE,Federal Contract Tower,0,21,10,0,31,0,11,15,5,31,0,32,25,5,62,10,0,10,72
08/19/2023,BKL,OH,AGL,CE,Federal Contract Tower,0,8,9,0,17,0,27,40,0,67,0,35,49,0,84,14,0,14,98
08/20/2023,BKL,OH,AGL,CE,Federal Contract Tower,2,10,6,0,18,0,33,61,0,94,2,43,67,0,112,12,0,12,124
08/21/2023,BKL,OH,AGL,CE,Federal Contract Tower,1,15,13,2,31,0,18,12,0,30,1,33,25,2,61,8,0,8,69
08/22/2023,BKL,OH,AGL,CE,Federal Contract Tower,0,14,17,2,33,0,28,72,1,101,0,42,89,3,134,54,0,54,188
08/23/2023,BKL,OH,AGL,CE,Federal Contract Tower,0,16,21,0,37,0,5,9,0,14,0,21,30,0,51,0,0,0,51
08/24/2023,BKL,OH,AGL,CE,Federal Contract Tower,0,13,18,0,31,0,12,16,0,28,0,25,34,0,59,0,0,0,59
08/25/2023,BKL,OH,AGL,CE,Federal Contract Tower,0,13,31,0,44,0,18,3,0,21,0,31,34,0,65,0,0,0,65
08/26/2023,BKL,OH,AGL,CE,Federal Contract Tower,0,9,9,0,18,0,21,38,0,59,0,30,47,0,77,20,0,20,97
08/27/2023,BKL,OH,AGL,CE,Federal Contract Tower,0,12,20,2,34,0,20,18,0,38,0,32,38,2,72,8,2,10,82
08/28/2023,BKL,OH,AGL,CE,Federal Contract Tower,0,18,27,0,45,0,42,40,0,82,0,60,67,0,127,0,0,0,127
08/29/2023,BKL,OH,AGL,CE,Federal Contract Tower,0,11,19,6,36,0,19,26,0,45,0,30,45,6,81,16,0,16,97
08/30/2023,BKL,OH,AGL,CE,Federal Contract Tower,0,13,25,0,38,0,7,6,0,13,0,20,31,0,51,0,0,0,51
08/31/2023,BKL,OH,AGL,CE,Federal Contract Tower,2,21,8,16,47,0,12,4,13,29,2,33,12,29,76,2,2,4,80
