11/01/2012,BKV,FL,ASO,ES,Federal Contract Tower,0,2,4,3,9,0,0,76,12,88,0,2,80,15,97,137,14,151,248
11/02/2012,BKV,FL,ASO,ES,Federal Contract Tower,0,1,4,7,12,0,0,56,6,62,0,1,60,13,74,69,23,92,166
11/03/2012,BKV,FL,ASO,ES,Federal Contract Tower,0,0,3,2,5,0,0,91,5,96,0,0,94,7,101,65,8,73,174
11/04/2012,BKV,FL,ASO,ES,Federal Contract Tower,0,0,7,0,7,0,0,30,0,30,0,0,37,0,37,24,0,24,61
11/05/2012,BKV,FL,ASO,ES,Federal Contract Tower,0,0,7,0,7,0,0,48,4,52,0,0,55,4,59,63,16,79,138
11/06/2012,BKV,FL,ASO,ES,Federal Contract Tower,0,0,3,6,9,0,0,30,4,34,0,0,33,10,43,30,19,49,92
11/07/2012,BKV,FL,ASO,ES,Federal Contract Tower,0,0,8,1,9,0,0,54,8,62,0,0,62,9,71,21,17,38,109
11/08/2012,BKV,FL,ASO,ES,Federal Contract Tower,0,4,11,2,17,0,0,58,5,63,0,4,69,7,80,23,30,53,133
11/09/2012,BKV,FL,ASO,ES,Federal Contract Tower,0,2,5,0,7,0,0,93,1,94,0,2,98,1,101,72,0,72,173
11/10/2012,BKV,FL,ASO,ES,Federal Contract Tower,0,0,5,0,5,0,0,75,0,75,0,0,80,0,80,61,0,61,141
11/11/2012,BKV,FL,ASO,ES,Federal Contract Tower,0,0,5,0,5,0,0,62,1,63,0,0,67,1,68,31,0,31,99
11/12/2012,BKV,FL,ASO,ES,Federal Contract Tower,0,0,6,0,6,0,0,42,0,42,0,0,48,0,48,59,0,59,107
11/13/2012,BKV,FL,ASO,ES,Federal Contract Tower,0,0,4,4,8,0,0,52,28,80,0,0,56,32,88,60,67,127,215
11/14/2012,BKV,FL,ASO,ES,Federal Contract Tower,0,0,39,1,40,0,0,16,8,24,0,0,55,9,64,12,0,12,76
11/15/2012,BKV,FL,ASO,ES,Federal Contract Tower,0,0,28,10,38,0,0,1,0,1,0,0,29,10,39,0,0,0,39
11/16/2012,BKV,FL,ASO,ES,Federal Contract Tower,0,0,9,8,17,0,0,45,0,45,0,0,54,8,62,66,0,66,128
11/17/2012,BKV,FL,ASO,ES,Federal Contract Tower,0,0,30,0,30,0,0,92,5,97,0,0,122,5,127,75,12,87,214
11/18/2012,BKV,FL,ASO,ES,Federal Contract Tower,0,0,7,4,11,0,0,20,0,20,0,0,27,4,31,28,0,28,59
11/19/2012,BKV,FL,ASO,ES,Federal Contract Tower,0,0,29,0,29,0,0,19,3,22,0,0,48,3,51,45,20,65,116
11/20/2012,BKV,FL,ASO,ES,Federal Contract Tower,0,0,12,7,19,0,0,43,20,63,0,0,55,27,82,63,52,115,197
11/21/2012,BKV,FL,ASO,ES,Federal Contract Tower,0,2,7,0,9,0,0,60,0,60,0,2,67,0,69,45,0,45,114
11/22/2012,BKV,FL,ASO,ES,Federal Contract Tower,0,3,1,0,4,0,0,9,0,9,0,3,10,0,13,0,0,0,13
11/23/2012,BKV,FL,ASO,ES,Federal Contract Tower,0,3,3,0,6,0,0,49,2,51,0,3,52,2,57,29,14,43,100
11/24/2012,BKV,FL,ASO,ES,Federal Contract Tower,0,0,2,0,2,0,11,49,0,60,0,11,51,0,62,115,0,115,177
11/25/2012,BKV,FL,ASO,ES,Federal Contract Tower,0,0,12,1,13,0,0,62,1,63,0,0,74,2,76,111,0,111,187
11/26/2012,BKV,FL,ASO,ES,Federal Contract Tower,0,0,11,0,11,0,1,33,4,38,0,1,44,4,49,26,52,78,127
11/27/2012,BKV,FL,ASO,ES,Federal Contract Tower,0,0,10,0,10,0,23,31,5,59,0,23,41,5,69,42,7,49,118
11/28/2012,BKV,FL,ASO,ES,Federal Contract Tower,0,0,8,2,10,0,5,53,4,62,0,5,61,6,72,25,2,27,99
11/29/2012,BKV,FL,ASO,ES,Federal Contract Tower,0,0,5,5,10,0,3,80,10,93,0,3,85,15,103,66,17,83,186
11/30/2012,BKV,FL,ASO,ES,Federal Contract Tower,0,0,20,0,20,0,27,60,25,112,0,27,80,25,132,65,31,96,228
12/01/2012,BKV,FL,ASO,ES,Federal Contract Tower,0,1,1,3,5,0,2,66,8,76,0,3,67,11,81,50,14,64,145
12/02/2012,BKV,FL,ASO,ES,Federal Contract Tower,0,0,4,0,4,0,0,54,0,54,0,0,58,0,58,41,0,41,99
12/03/2012,BKV,FL,ASO,ES,Federal Contract Tower,0,0,1,1,2,0,0,48,15,63,0,0,49,16,65,59,22,81,146
12/04/2012,BKV,FL,ASO,ES,Federal Contract Tower,0,3,7,3,13,0,6,50,7,63,0,9,57,10,76,33,37,70,146
12/05/2012,BKV,FL,ASO,ES,Federal Contract Tower,0,0,24,5,29,2,0,61,9,72,2,0,85,14,101,61,24,85,186
12/06/2012,BKV,FL,ASO,ES,Federal Contract Tower,0,1,17,1,19,0,2,37,9,48,0,3,54,10,67,29,15,44,111
12/07/2012,BKV,FL,ASO,ES,Federal Contract Tower,0,0,9,2,11,0,2,22,5,29,0,2,31,7,40,50,15,65,105
12/08/2012,BKV,FL,ASO,ES,Federal Contract Tower,0,0,9,0,9,0,10,39,0,49,0,10,48,0,58,33,0,33,91
12/09/2012,BKV,FL,ASO,ES,Federal Contract Tower,0,0,8,0,8,0,0,27,0,27,0,0,35,0,35,24,0,24,59
12/10/2012,BKV,FL,ASO,ES,Federal Contract Tower,0,0,9,0,9,0,0,29,0,29,0,0,38,0,38,86,0,86,124
12/11/2012,BKV,FL,ASO,ES,Federal Contract Tower,0,1,6,8,15,0,26,24,6,56,0,27,30,14,71,230,2,232,303
12/12/2012,BKV,FL,ASO,ES,Federal Contract Tower,0,0,13,0,13,0,1,11,9,21,0,1,24,9,34,114,65,179,213
12/13/2012,BKV,FL,ASO,ES,Federal Contract Tower,0,0,19,6,25,0,0,7,5,12,0,0,26,11,37,50,43,93,130
12/14/2012,BKV,FL,ASO,ES,Federal Contract Tower,0,1,16,0,17,0,2,8,0,10,0,3,24,0,27,61,0,61,88
12/15/2012,BKV,FL,ASO,ES,Federal Contract Tower,0,1,18,0,19,0,4,33,0,37,0,5,51,0,56,70,0,70,126
12/16/2012,BKV,FL,ASO,ES,Federal Contract Tower,0,0,6,0,6,0,1,61,0,62,0,1,67,0,68,24,0,24,92
12/17/2012,BKV,FL,ASO,ES,Federal Contract Tower,0,0,9,2,11,0,7,58,14,79,0,7,67,16,90,144,62,206,296
12/18/2012,BKV,FL,ASO,ES,Federal Contract Tower,0,2,12,7,21,0,18,40,8,66,0,20,52,15,87,121,4,125,212
12/19/2012,BKV,FL,ASO,ES,Federal Contract Tower,0,1,3,3,7,0,2,58,24,84,0,3,61,27,91,42,75,117,208
12/20/2012,BKV,FL,ASO,ES,Federal Contract Tower,0,3,6,1,10,0,4,28,8,40,0,7,34,9,50,14,14,28,78
12/21/2012,BKV,FL,ASO,ES,Federal Contract Tower,0,2,6,0,8,0,1,19,0,20,0,3,25,0,28,4,0,4,32
12/22/2012,BKV,FL,ASO,ES,Federal Contract Tower,0,1,18,0,19,0,7,60,0,67,0,8,78,0,86,217,0,217,303
12/23/2012,BKV,FL,ASO,ES,Federal Contract Tower,0,0,5,0,5,0,13,38,0,51,0,13,43,0,56,83,0,83,139
12/24/2012,BKV,FL,ASO,ES,Federal Contract Tower,0,0,4,0,4,0,1,35,0,36,0,1,39,0,40,60,0,60,100
12/25/2012,BKV,FL,ASO,ES,Federal Contract Tower,0,0,0,0,0,0,2,15,0,17,0,2,15,0,17,0,0,0,17
12/26/2012,BKV,FL,ASO,ES,Federal Contract Tower,0,0,13,0,13,0,2,7,3,12,0,2,20,3,25,1,5,6,31
12/27/2012,BKV,FL,ASO,ES,Federal Contract Tower,0,0,15,0,15,0,4,44,6,54,0,4,59,6,69,58,114,172,241
12/28/2012,BKV,FL,ASO,ES,Federal Contract Tower,0,2,16,0,18,0,7,47,2,56,0,9,63,2,74,129,0,129,203
12/29/2012,BKV,FL,ASO,ES,Federal Contract Tower,0,2,1,0,3,0,3,8,0,11,0,5,9,0,14,51,0,51,65
12/30/2012,BKV,FL,ASO,ES,Federal Contract Tower,0,0,16,0,16,0,5,63,0,68,0,5,79,0,84,43,0,43,127
12/31/2012,BKV,FL,ASO,ES,Federal Contract Tower,0,0,7,0,7,0,5,53,0,58,0,5,60,0,65,90,0,90,155
01/01/2013,BKV,FL,ASO,ES,Federal Contract Tower,0,1,6,0,7,0,5,28,0,33,0,6,34,0,40,15,0,15,55
01/02/2013,BKV,FL,ASO,ES,Federal Contract Tower,0,0,15,3,18,0,9,39,3,51,0,9,54,6,69,93,70,163,232
01/03/2013,BKV,FL,ASO,ES,Federal Contract Tower,0,2,14,4,20,0,1,5,1,7,0,3,19,5,27,0,0,0,27
01/04/2013,BKV,FL,ASO,ES,Federal Contract Tower,0,1,28,0,29,0,0,0,0,0,0,1,28,0,29,0,0,0,29
01/05/2013,BKV,FL,ASO,ES,Federal Contract Tower,0,1,10,0,11,0,3,46,0,49,0,4,56,0,60,61,0,61,121
01/06/2013,BKV,FL,ASO,ES,Federal Contract Tower,0,1,11,0,12,0,4,26,1,31,0,5,37,1,43,17,0,17,60
01/07/2013,BKV,FL,ASO,ES,Federal Contract Tower,0,3,4,0,7,0,2,47,0,49,0,5,51,0,56,47,0,47,103
01/08/2013,BKV,FL,ASO,ES,Federal Contract Tower,0,1,8,3,12,0,9,38,9,56,0,10,46,12,68,83,13,96,164
01/09/2013,BKV,FL,ASO,ES,Federal Contract Tower,0,2,12,4,18,0,2,34,15,51,0,4,46,19,69,64,51,115,184
01/10/2013,BKV,FL,ASO,ES,Federal Contract Tower,0,3,6,2,11,0,3,73,4,80,0,6,79,6,91,149,6,155,246
01/11/2013,BKV,FL,ASO,ES,Federal Contract Tower,0,5,8,1,14,0,8,36,1,45,0,13,44,2,59,137,10,147,206
01/12/2013,BKV,FL,ASO,ES,Federal Contract Tower,0,2,13,1,16,0,5,64,3,72,0,7,77,4,88,25,0,25,113
01/13/2013,BKV,FL,ASO,ES,Federal Contract Tower,0,0,9,7,16,0,4,42,3,49,0,4,51,10,65,28,1,29,94
01/14/2013,BKV,FL,ASO,ES,Federal Contract Tower,0,0,17,0,17,0,5,48,4,57,0,5,65,4,74,30,29,59,133
01/15/2013,BKV,FL,ASO,ES,Federal Contract Tower,0,1,7,0,8,0,8,47,0,55,0,9,54,0,63,95,0,95,158
01/16/2013,BKV,FL,ASO,ES,Federal Contract Tower,0,2,12,0,14,0,4,54,2,60,0,6,66,2,74,87,7,94,168
01/17/2013,BKV,FL,ASO,ES,Federal Contract Tower,0,1,12,0,13,0,0,1,3,4,0,1,13,3,17,0,17,17,34
01/18/2013,BKV,FL,ASO,ES,Federal Contract Tower,0,2,18,0,20,0,2,48,2,52,0,4,66,2,72,65,6,71,143
01/19/2013,BKV,FL,ASO,ES,Federal Contract Tower,0,2,13,0,15,0,32,98,0,130,0,34,111,0,145,18,0,18,163
01/20/2013,BKV,FL,ASO,ES,Federal Contract Tower,0,1,12,0,13,0,3,30,1,34,0,4,42,1,47,4,0,4,51
01/21/2013,BKV,FL,ASO,ES,Federal Contract Tower,0,0,13,2,15,0,15,37,15,67,0,15,50,17,82,29,41,70,152
01/22/2013,BKV,FL,ASO,ES,Federal Contract Tower,0,2,15,3,20,0,2,63,24,89,0,4,78,27,109,85,17,102,211
01/23/2013,BKV,FL,ASO,ES,Federal Contract Tower,0,4,3,3,10,0,4,43,10,57,0,8,46,13,67,50,41,91,158
01/24/2013,BKV,FL,ASO,ES,Federal Contract Tower,0,4,7,1,12,0,0,50,17,67,0,4,57,18,79,42,51,93,172
01/25/2013,BKV,FL,ASO,ES,Federal Contract Tower,0,5,2,9,16,0,5,54,15,74,0,10,56,24,90,39,44,83,173
01/26/2013,BKV,FL,ASO,ES,Federal Contract Tower,0,0,10,1,11,0,2,47,1,50,0,2,57,2,61,88,0,88,149
01/27/2013,BKV,FL,ASO,ES,Federal Contract Tower,0,3,7,0,10,0,7,44,0,51,0,10,51,0,61,107,0,107,168
01/28/2013,BKV,FL,ASO,ES,Federal Contract Tower,0,0,14,4,18,0,17,40,2,59,0,17,54,6,77,54,2,56,133
01/29/2013,BKV,FL,ASO,ES,Federal Contract Tower,0,0,10,2,12,0,3,41,10,54,0,3,51,12,66,37,28,65,131
01/30/2013,BKV,FL,ASO,ES,Federal Contract Tower,0,3,2,3,8,0,4,22,1,27,0,7,24,4,35,30,49,79,114
01/31/2013,BKV,FL,ASO,ES,Federal Contract Tower,0,1,8,5,14,0,6,38,9,53,0,7,46,14,67,63,106,169,236
02/01/2013,BKV,FL,ASO,ES,Federal Contract Tower,0,7,16,2,25,0,3,43,5,51,0,10,59,7,76,66,12,78,154
02/02/2013,BKV,FL,ASO,ES,Federal Contract Tower,0,2,6,2,10,0,6,67,0,73,0,8,73,2,83,190,1,191,274
02/03/2013,BKV,FL,ASO,ES,Federal Contract Tower,0,3,4,1,8,0,5,42,10,57,0,8,46,11,65,47,0,47,112
02/04/2013,BKV,FL,ASO,ES,Federal Contract Tower,0,1,9,6,16,0,5,79,19,103,0,6,88,25,119,76,16,92,211
02/05/2013,BKV,FL,ASO,ES,Federal Contract Tower,0,2,10,3,15,0,6,42,26,74,0,8,52,29,89,83,48,131,220
02/06/2013,BKV,FL,ASO,ES,Federal Contract Tower,0,0,12,4,16,0,1,49,9,59,0,1,61,13,75,65,74,139,214
02/07/2013,BKV,FL,ASO,ES,Federal Contract Tower,0,6,12,5,23,0,1,25,7,33,0,7,37,12,56,15,117,132,188
02/08/2013,BKV,FL,ASO,ES,Federal Contract Tower,0,3,18,5,26,0,3,39,10,52,0,6,57,15,78,30,8,38,116
02/09/2013,BKV,FL,ASO,ES,Federal Contract Tower,0,2,13,4,19,0,7,95,30,132,0,9,108,34,151,30,0,30,181
02/10/2013,BKV,FL,ASO,ES,Federal Contract Tower,0,1,10,3,14,0,3,41,5,49,0,4,51,8,63,6,1,7,70
02/11/2013,BKV,FL,ASO,ES,Federal Contract Tower,0,4,2,5,11,0,3,1,0,4,0,7,3,5,15,45,10,55,70
02/12/2013,BKV,FL,ASO,ES,Federal Contract Tower,0,5,16,2,23,0,2,40,10,52,0,7,56,12,75,92,42,134,209
02/13/2013,BKV,FL,ASO,ES,Federal Contract Tower,0,1,4,2,7,0,2,3,0,5,0,3,7,2,12,4,0,4,16
02/14/2013,BKV,FL,ASO,ES,Federal Contract Tower,0,1,13,0,14,0,2,29,9,40,0,3,42,9,54,25,27,52,106
02/15/2013,BKV,FL,ASO,ES,Federal Contract Tower,0,3,11,0,14,0,2,49,16,67,0,5,60,16,81,26,3,29,110
02/16/2013,BKV,FL,ASO,ES,Federal Contract Tower,0,1,12,0,13,0,4,22,2,28,0,5,34,2,41,7,12,19,60
02/17/2013,BKV,FL,ASO,ES,Federal Contract Tower,0,3,4,0,7,0,1,41,2,44,0,4,45,2,51,18,0,18,69
02/18/2013,BKV,FL,ASO,ES,Federal Contract Tower,0,1,13,1,15,0,6,86,15,107,0,7,99,16,122,52,0,52,174
02/19/2013,BKV,FL,ASO,ES,Federal Contract Tower,0,0,5,3,8,0,2,47,3,52,0,2,52,6,60,112,14,126,186
02/20/2013,BKV,FL,ASO,ES,Federal Contract Tower,0,4,6,11,21,0,2,33,5,40,0,6,39,16,61,131,129,260,321
02/21/2013,BKV,FL,ASO,ES,Federal Contract Tower,0,1,18,3,22,0,0,50,13,63,0,1,68,16,85,92,154,246,331
02/22/2013,BKV,FL,ASO,ES,Federal Contract Tower,0,2,10,0,12,0,2,62,11,75,0,4,72,11,87,93,13,106,193
02/23/2013,BKV,FL,ASO,ES,Federal Contract Tower,0,4,11,0,15,0,5,34,8,47,0,9,45,8,62,30,6,36,98
02/24/2013,BKV,FL,ASO,ES,Federal Contract Tower,0,0,11,0,11,0,0,1,0,1,0,0,12,0,12,12,0,12,24
02/25/2013,BKV,FL,ASO,ES,Federal Contract Tower,0,2,17,0,19,0,2,21,5,28,0,4,38,5,47,6,3,9,56
02/26/2013,BKV,FL,ASO,ES,Federal Contract Tower,0,1,7,1,9,0,0,6,2,8,0,1,13,3,17,2,0,2,19
02/27/2013,BKV,FL,ASO,ES,Federal Contract Tower,0,1,10,4,15,0,10,78,5,93,0,11,88,9,108,137,22,159,267
02/28/2013,BKV,FL,ASO,ES,Federal Contract Tower,0,7,7,0,14,0,6,33,3,42,0,13,40,3,56,28,2,30,86
03/01/2013,BKV,FL,ASO,ES,Federal Contract Tower,0,3,8,3,14,0,0,52,3,55,0,3,60,6,69,52,0,52,121
03/02/2013,BKV,FL,ASO,ES,Federal Contract Tower,0,0,6,0,6,0,4,40,6,50,0,4,46,6,56,27,9,36,92
03/03/2013,BKV,FL,ASO,ES,Federal Contract Tower,0,1,10,0,11,0,2,33,3,38,0,3,43,3,49,4,6,10,59
03/04/2013,BKV,FL,ASO,ES,Federal Contract Tower,0,2,5,0,7,0,2,61,0,63,0,4,66,0,70,135,0,135,205
03/05/2013,BKV,FL,ASO,ES,Federal Contract Tower,0,1,6,0,7,0,3,49,9,61,0,4,55,9,68,95,20,115,183
03/06/2013,BKV,FL,ASO,ES,Federal Contract Tower,0,0,6,4,10,0,1,11,13,25,0,1,17,17,35,40,10,50,85
03/07/2013,BKV,FL,ASO,ES,Federal Contract Tower,0,0,8,0,8,0,1,50,6,57,0,1,58,6,65,107,2,109,174
03/08/2013,BKV,FL,ASO,ES,Federal Contract Tower,0,0,19,8,27,0,3,63,4,70,0,3,82,12,97,36,0,36,133
03/09/2013,BKV,FL,ASO,ES,Federal Contract Tower,0,3,9,0,12,0,4,70,0,74,0,7,79,0,86,45,0,45,131
03/10/2013,BKV,FL,ASO,ES,Federal Contract Tower,0,0,10,4,14,0,2,52,0,54,0,2,62,4,68,82,0,82,150
03/11/2013,BKV,FL,ASO,ES,Federal Contract Tower,0,1,4,0,5,0,6,39,2,47,0,7,43,2,52,43,33,76,128
03/12/2013,BKV,FL,ASO,ES,Federal Contract Tower,0,0,32,2,34,0,0,3,1,4,0,0,35,3,38,17,42,59,97
03/13/2013,BKV,FL,ASO,ES,Federal Contract Tower,0,1,12,4,17,0,2,66,5,73,0,3,78,9,90,93,106,199,289
03/14/2013,BKV,FL,ASO,ES,Federal Contract Tower,0,1,8,0,9,0,6,40,9,55,0,7,48,9,64,39,67,106,170
03/15/2013,BKV,FL,ASO,ES,Federal Contract Tower,0,0,12,0,12,0,1,65,7,73,0,1,77,7,85,142,12,154,239
03/16/2013,BKV,FL,ASO,ES,Federal Contract Tower,0,3,8,0,11,0,1,85,0,86,0,4,93,0,97,122,0,122,219
03/17/2013,BKV,FL,ASO,ES,Federal Contract Tower,0,1,13,0,14,0,1,63,0,64,0,2,76,0,78,35,0,35,113
03/18/2013,BKV,FL,ASO,ES,Federal Contract Tower,0,1,8,0,9,0,1,44,0,45,0,2,52,0,54,67,0,67,121
03/19/2013,BKV,FL,ASO,ES,Federal Contract Tower,0,0,13,0,13,0,0,19,1,20,0,0,32,1,33,8,0,8,41
03/20/2013,BKV,FL,ASO,ES,Federal Contract Tower,0,4,10,0,14,0,1,27,2,30,0,5,37,2,44,37,6,43,87
03/21/2013,BKV,FL,ASO,ES,Federal Contract Tower,0,0,18,2,20,0,0,64,8,72,0,0,82,10,92,67,17,84,176
03/22/2013,BKV,FL,ASO,ES,Federal Contract Tower,0,0,13,0,13,0,3,51,1,55,0,3,64,1,68,55,5,60,128
03/23/2013,BKV,FL,ASO,ES,Federal Contract Tower,0,2,9,0,11,0,2,6,0,8,0,4,15,0,19,8,0,8,27
03/24/2013,BKV,FL,ASO,ES,Federal Contract Tower,0,1,18,0,19,0,2,1,3,6,0,3,19,3,25,0,0,0,25
03/25/2013,BKV,FL,ASO,ES,Federal Contract Tower,0,0,13,0,13,0,2,46,0,48,0,2,59,0,61,35,0,35,96
03/26/2013,BKV,FL,ASO,ES,Federal Contract Tower,0,2,8,1,11,0,7,11,2,20,0,9,19,3,31,30,11,41,72
03/27/2013,BKV,FL,ASO,ES,Federal Contract Tower,0,2,9,1,12,0,0,57,0,57,0,2,66,1,69,53,0,53,122
03/28/2013,BKV,FL,ASO,ES,Federal Contract Tower,0,0,13,0,13,0,2,65,2,69,0,2,78,2,82,70,2,72,154
03/29/2013,BKV,FL,ASO,ES,Federal Contract Tower,0,3,10,0,13,0,4,63,0,67,0,7,73,0,80,91,0,91,171
03/30/2013,BKV,FL,ASO,ES,Federal Contract Tower,0,2,6,0,8,0,6,72,0,78,0,8,78,0,86,64,0,64,150
03/31/2013,BKV,FL,ASO,ES,Federal Contract Tower,0,0,2,0,2,0,6,31,0,37,0,6,33,0,39,4,0,4,43
04/01/2013,BKV,FL,ASO,ES,Federal Contract Tower,0,2,8,6,16,0,3,25,0,28,0,5,33,6,44,38,24,62,106
04/02/2013,BKV,FL,ASO,ES,Federal Contract Tower,0,2,4,0,6,0,3,60,3,66,0,5,64,3,72,67,30,97,169
04/03/2013,BKV,FL,ASO,ES,Federal Contract Tower,0,2,16,1,19,0,0,37,1,38,0,2,53,2,57,62,3,65,122
04/04/2013,BKV,FL,ASO,ES,Federal Contract Tower,0,2,12,0,14,0,2,5,0,7,0,4,17,0,21,0,0,0,21
04/05/2013,BKV,FL,ASO,ES,Federal Contract Tower,0,10,11,0,21,0,6,15,2,23,0,16,26,2,44,44,24,68,112
04/06/2013,BKV,FL,ASO,ES,Federal Contract Tower,0,3,14,1,18,0,4,81,5,90,0,7,95,6,108,35,0,35,143
04/07/2013,BKV,FL,ASO,ES,Federal Contract Tower,0,5,14,2,21,0,7,59,4,70,0,12,73,6,91,92,0,92,183
04/08/2013,BKV,FL,ASO,ES,Federal Contract Tower,0,2,14,2,18,0,2,76,14,92,0,4,90,16,110,102,30,132,242
04/09/2013,BKV,FL,ASO,ES,Federal Contract Tower,0,0,5,1,6,0,9,56,4,69,0,9,61,5,75,0,0,0,75
04/10/2013,BKV,FL,ASO,ES,Federal Contract Tower,0,0,11,5,16,0,4,51,14,69,0,4,62,19,85,55,31,86,171
04/11/2013,BKV,FL,ASO,ES,Federal Contract Tower,0,1,5,0,6,0,4,39,4,47,0,5,44,4,53,92,43,135,188
04/12/2013,BKV,FL,ASO,ES,Federal Contract Tower,0,1,8,3,12,0,7,6,0,13,0,8,14,3,25,0,0,0,25
04/13/2013,BKV,FL,ASO,ES,Federal Contract Tower,0,4,16,0,20,0,1,43,0,44,0,5,59,0,64,76,0,76,140
04/14/2013,BKV,FL,ASO,ES,Federal Contract Tower,0,1,9,0,10,0,7,27,0,34,0,8,36,0,44,63,0,63,107
04/15/2013,BKV,FL,ASO,ES,Federal Contract Tower,0,0,11,2,13,0,6,67,1,74,0,6,78,3,87,120,0,120,207
04/16/2013,BKV,FL,ASO,ES,Federal Contract Tower,0,0,12,0,12,0,8,90,3,101,0,8,102,3,113,99,0,99,212
04/17/2013,BKV,FL,ASO,ES,Federal Contract Tower,0,3,9,1,13,0,5,39,8,52,0,8,48,9,65,120,40,160,225
04/18/2013,BKV,FL,ASO,ES,Federal Contract Tower,0,0,9,1,10,0,3,67,7,77,0,3,76,8,87,70,74,144,231
04/19/2013,BKV,FL,ASO,ES,Federal Contract Tower,0,4,18,0,22,0,5,34,42,81,0,9,52,42,103,14,30,44,147
04/20/2013,BKV,FL,ASO,ES,Federal Contract Tower,0,0,14,0,14,0,8,18,1,27,0,8,32,1,41,21,14,35,76
04/21/2013,BKV,FL,ASO,ES,Federal Contract Tower,0,4,7,0,11,0,9,16,0,25,0,13,23,0,36,38,0,38,74
04/22/2013,BKV,FL,ASO,ES,Federal Contract Tower,0,2,27,4,33,0,5,12,1,18,0,7,39,5,51,22,8,30,81
04/23/2013,BKV,FL,ASO,ES,Federal Contract Tower,0,0,5,1,6,0,0,69,2,71,0,0,74,3,77,51,21,72,149
04/24/2013,BKV,FL,ASO,ES,Federal Contract Tower,0,0,2,0,2,0,9,64,1,74,0,9,66,1,76,68,12,80,156
04/25/2013,BKV,FL,ASO,ES,Federal Contract Tower,0,2,4,0,6,0,12,57,3,72,0,14,61,3,78,15,6,21,99
04/26/2013,BKV,FL,ASO,ES,Federal Contract Tower,0,2,7,0,9,0,6,69,7,82,0,8,76,7,91,60,30,90,181
04/27/2013,BKV,FL,ASO,ES,Federal Contract Tower,0,1,15,0,16,0,4,69,0,73,0,5,84,0,89,79,0,79,168
04/28/2013,BKV,FL,ASO,ES,Federal Contract Tower,0,1,9,0,10,0,2,37,2,41,0,3,46,2,51,9,0,9,60
04/29/2013,BKV,FL,ASO,ES,Federal Contract Tower,0,0,13,0,13,0,5,36,3,44,0,5,49,3,57,41,11,52,109
04/30/2013,BKV,FL,ASO,ES,Federal Contract Tower,0,0,15,6,21,0,1,43,6,50,0,1,58,12,71,33,9,42,113
05/01/2013,BKV,FL,ASO,ES,Federal Contract Tower,0,3,5,2,10,0,0,17,3,20,0,3,22,5,30,14,32,46,76
05/02/2013,BKV,FL,ASO,ES,Federal Contract Tower,0,0,23,3,26,0,3,14,3,20,0,3,37,6,46,6,50,56,102
05/03/2013,BKV,FL,ASO,ES,Federal Contract Tower,0,0,6,3,9,0,0,11,4,15,0,0,17,7,24,0,41,41,65
05/04/2013,BKV,FL,ASO,ES,Federal Contract Tower,0,7,2,2,11,0,0,30,4,34,0,7,32,6,45,45,32,77,122
05/05/2013,BKV,FL,ASO,ES,Federal Contract Tower,0,0,6,0,6,0,5,65,2,72,0,5,71,2,78,31,0,31,109
05/06/2013,BKV,FL,ASO,ES,Federal Contract Tower,0,1,8,4,13,0,2,42,2,46,0,3,50,6,59,43,46,89,148
05/07/2013,BKV,FL,ASO,ES,Federal Contract Tower,0,1,12,11,24,0,2,29,0,31,0,3,41,11,55,33,8,41,96
05/08/2013,BKV,FL,ASO,ES,Federal Contract Tower,0,2,10,6,18,0,1,63,5,69,0,3,73,11,87,50,26,76,163
05/09/2013,BKV,FL,ASO,ES,Federal Contract Tower,0,1,7,9,17,0,2,57,3,62,0,3,64,12,79,73,17,90,169
05/10/2013,BKV,FL,ASO,ES,Federal Contract Tower,0,1,9,0,10,0,4,53,4,61,0,5,62,4,71,52,0,52,123
05/11/2013,BKV,FL,ASO,ES,Federal Contract Tower,0,1,11,0,12,0,2,40,0,42,0,3,51,0,54,40,0,40,94
05/12/2013,BKV,FL,ASO,ES,Federal Contract Tower,0,0,5,0,5,0,4,27,2,33,0,4,32,2,38,22,2,24,62
05/13/2013,BKV,FL,ASO,ES,Federal Contract Tower,0,0,9,0,9,0,0,38,0,38,0,0,47,0,47,24,0,24,71
05/14/2013,BKV,FL,ASO,ES,Federal Contract Tower,0,1,5,8,14,0,8,52,15,75,0,9,57,23,89,64,78,142,231
05/15/2013,BKV,FL,ASO,ES,Federal Contract Tower,0,5,9,4,18,0,5,90,1,96,0,10,99,5,114,61,24,85,199
05/16/2013,BKV,FL,ASO,ES,Federal Contract Tower,0,0,15,3,18,0,11,48,2,61,0,11,63,5,79,38,18,56,135
05/17/2013,BKV,FL,ASO,ES,Federal Contract Tower,0,3,15,2,20,0,2,52,1,55,0,5,67,3,75,80,0,80,155
05/18/2013,BKV,FL,ASO,ES,Federal Contract Tower,0,2,4,0,6,0,1,49,2,52,0,3,53,2,58,126,0,126,184
05/19/2013,BKV,FL,ASO,ES,Federal Contract Tower,0,0,6,0,6,0,2,29,0,31,0,2,35,0,37,27,0,27,64
05/20/2013,BKV,FL,ASO,ES,Federal Contract Tower,0,1,5,0,6,0,2,35,1,38,0,3,40,1,44,49,0,49,93
05/21/2013,BKV,FL,ASO,ES,Federal Contract Tower,0,0,6,1,7,0,2,38,1,41,0,2,44,2,48,72,0,72,120
05/22/2013,BKV,FL,ASO,ES,Federal Contract Tower,0,4,15,0,19,0,1,27,5,33,0,5,42,5,52,46,6,52,104
05/23/2013,BKV,FL,ASO,ES,Federal Contract Tower,0,2,5,0,7,0,3,37,4,44,0,5,42,4,51,4,58,62,113
05/24/2013,BKV,FL,ASO,ES,Federal Contract Tower,0,0,6,0,6,0,6,58,0,64,0,6,64,0,70,52,0,52,122
05/25/2013,BKV,FL,ASO,ES,Federal Contract Tower,0,2,10,0,12,0,8,62,0,70,0,10,72,0,82,88,0,88,170
05/26/2013,BKV,FL,ASO,ES,Federal Contract Tower,0,1,2,0,3,0,6,48,0,54,0,7,50,0,57,106,0,106,163
05/27/2013,BKV,FL,ASO,ES,Federal Contract Tower,0,2,11,0,13,0,0,53,0,53,0,2,64,0,66,47,0,47,113
05/28/2013,BKV,FL,ASO,ES,Federal Contract Tower,1,0,7,0,8,0,6,41,2,49,1,6,48,2,57,8,2,10,67
05/29/2013,BKV,FL,ASO,ES,Federal Contract Tower,0,3,13,1,17,0,4,27,4,35,0,7,40,5,52,93,18,111,163
05/30/2013,BKV,FL,ASO,ES,Federal Contract Tower,0,2,9,0,11,0,0,22,7,29,0,2,31,7,40,39,2,41,81
05/31/2013,BKV,FL,ASO,ES,Federal Contract Tower,0,4,13,2,19,0,3,42,2,47,0,7,55,4,66,80,12,92,158
06/01/2013,BKV,FL,ASO,ES,Federal Contract Tower,0,0,2,1,3,0,4,26,14,44,0,4,28,15,47,54,16,70,117
06/02/2013,BKV,FL,ASO,ES,Federal Contract Tower,0,1,8,0,9,0,2,23,0,25,0,3,31,0,34,25,0,25,59
06/03/2013,BKV,FL,ASO,ES,Federal Contract Tower,0,2,5,2,9,0,5,7,0,12,0,7,12,2,21,21,25,46,67
06/04/2013,BKV,FL,ASO,ES,Federal Contract Tower,0,4,5,3,12,0,3,12,0,15,0,7,17,3,27,29,0,29,56
06/05/2013,BKV,FL,ASO,ES,Federal Contract Tower,0,0,12,0,12,0,4,10,1,15,0,4,22,1,27,34,26,60,87
06/06/2013,BKV,FL,ASO,ES,Federal Contract Tower,0,2,3,0,5,0,1,1,0,2,0,3,4,0,7,0,0,0,7
06/07/2013,BKV,FL,ASO,ES,Federal Contract Tower,0,1,10,1,12,0,2,47,2,51,0,3,57,3,63,45,4,49,112
06/08/2013,BKV,FL,ASO,ES,Federal Contract Tower,0,1,12,6,19,0,0,22,0,22,0,1,34,6,41,54,21,75,116
06/09/2013,BKV,FL,ASO,ES,Federal Contract Tower,2,0,16,0,18,0,1,20,2,23,2,1,36,2,41,66,14,80,121
06/10/2013,BKV,FL,ASO,ES,Federal Contract Tower,0,0,26,0,26,0,5,22,4,31,0,5,48,4,57,31,26,57,114
06/11/2013,BKV,FL,ASO,ES,Federal Contract Tower,0,0,8,0,8,0,0,27,5,32,0,0,35,5,40,83,41,124,164
06/12/2013,BKV,FL,ASO,ES,Federal Contract Tower,0,2,8,2,12,0,6,21,0,27,0,8,29,2,39,107,24,131,170
06/13/2013,BKV,FL,ASO,ES,Federal Contract Tower,0,1,12,3,16,0,5,74,6,85,0,6,86,9,101,50,26,76,177
06/14/2013,BKV,FL,ASO,ES,Federal Contract Tower,0,2,13,0,15,0,3,39,1,43,0,5,52,1,58,51,2,53,111
06/15/2013,BKV,FL,ASO,ES,Federal Contract Tower,0,1,11,0,12,0,5,48,0,53,0,6,59,0,65,8,0,8,73
06/16/2013,BKV,FL,ASO,ES,Federal Contract Tower,0,1,7,0,8,0,3,24,0,27,0,4,31,0,35,62,0,62,97
06/17/2013,BKV,FL,ASO,ES,Federal Contract Tower,0,1,10,0,11,0,0,48,7,55,0,1,58,7,66,63,16,79,145
06/18/2013,BKV,FL,ASO,ES,Federal Contract Tower,0,3,12,1,16,0,3,63,13,79,0,6,75,14,95,60,32,92,187
06/19/2013,BKV,FL,ASO,ES,Federal Contract Tower,0,1,3,8,12,0,1,47,8,56,0,2,50,16,68,54,75,129,197
06/20/2013,BKV,FL,ASO,ES,Federal Contract Tower,0,1,1,1,3,0,2,44,6,52,0,3,45,7,55,60,67,127,182
06/21/2013,BKV,FL,ASO,ES,Federal Contract Tower,0,0,7,1,8,0,2,34,0,36,0,2,41,1,44,73,0,73,117
06/22/2013,BKV,FL,ASO,ES,Federal Contract Tower,0,1,8,0,9,0,0,55,0,55,0,1,63,0,64,67,0,67,131
06/23/2013,BKV,FL,ASO,ES,Federal Contract Tower,0,1,10,0,11,0,2,38,0,40,0,3,48,0,51,53,0,53,104
06/24/2013,BKV,FL,ASO,ES,Federal Contract Tower,0,0,7,0,7,0,4,24,0,28,0,4,31,0,35,12,4,16,51
06/25/2013,BKV,FL,ASO,ES,Federal Contract Tower,0,0,13,0,13,0,1,48,17,66,0,1,61,17,79,89,25,114,193
06/26/2013,BKV,FL,ASO,ES,Federal Contract Tower,0,1,7,0,8,0,2,30,0,32,0,3,37,0,40,10,0,10,50
06/27/2013,BKV,FL,ASO,ES,Federal Contract Tower,0,1,19,0,20,0,5,49,6,60,0,6,68,6,80,93,40,133,213
06/28/2013,BKV,FL,ASO,ES,Federal Contract Tower,0,0,14,1,15,0,2,32,0,34,0,2,46,1,49,114,0,114,163
06/29/2013,BKV,FL,ASO,ES,Federal Contract Tower,0,0,0,0,0,0,0,7,0,7,0,0,7,0,7,32,0,32,39
06/30/2013,BKV,FL,ASO,ES,Federal Contract Tower,0,0,5,0,5,0,3,12,1,16,0,3,17,1,21,36,24,60,81
07/01/2013,BKV,FL,ASO,ES,Federal Contract Tower,0,0,2,2,4,0,5,9,1,15,0,5,11,3,19,0,0,0,19
07/02/2013,BKV,FL,ASO,ES,Federal Contract Tower,0,0,8,0,8,0,1,13,2,16,0,1,21,2,24,10,22,32,56
07/03/2013,BKV,FL,ASO,ES,Federal Contract Tower,0,1,12,0,13,0,2,31,3,36,0,3,43,3,49,18,18,36,85
07/04/2013,BKV,FL,ASO,ES,Federal Contract Tower,0,2,6,0,8,0,1,29,0,30,0,3,35,0,38,58,0,58,96
07/05/2013,BKV,FL,ASO,ES,Federal Contract Tower,0,1,14,1,16,0,4,35,3,42,0,5,49,4,58,122,40,162,220
07/06/2013,BKV,FL,ASO,ES,Federal Contract Tower,0,0,5,0,5,0,0,69,0,69,0,0,74,0,74,33,0,33,107
07/07/2013,BKV,FL,ASO,ES,Federal Contract Tower,0,0,11,0,11,0,5,30,0,35,0,5,41,0,46,18,0,18,64
07/08/2013,BKV,FL,ASO,ES,Federal Contract Tower,0,0,15,0,15,0,0,42,0,42,0,0,57,0,57,47,2,49,106
07/09/2013,BKV,FL,ASO,ES,Federal Contract Tower,0,0,8,0,8,0,4,31,4,39,0,4,39,4,47,28,22,50,97
07/10/2013,BKV,FL,ASO,ES,Federal Contract Tower,0,2,6,0,8,0,1,57,7,65,0,3,63,7,73,91,8,99,172
07/11/2013,BKV,FL,ASO,ES,Federal Contract Tower,0,0,9,0,9,0,0,29,3,32,0,0,38,3,41,72,24,96,137
07/12/2013,BKV,FL,ASO,ES,Federal Contract Tower,0,3,6,2,11,0,6,27,6,39,0,9,33,8,50,72,42,114,164
07/13/2013,BKV,FL,ASO,ES,Federal Contract Tower,0,2,7,0,9,0,2,39,3,44,0,4,46,3,53,74,0,74,127
07/14/2013,BKV,FL,ASO,ES,Federal Contract Tower,0,2,4,0,6,0,3,18,0,21,0,5,22,0,27,48,0,48,75
07/15/2013,BKV,FL,ASO,ES,Federal Contract Tower,0,2,16,1,19,0,1,45,3,49,0,3,61,4,68,31,21,52,120
07/16/2013,BKV,FL,ASO,ES,Federal Contract Tower,0,0,4,2,6,0,5,46,1,52,0,5,50,3,58,32,0,32,90
07/17/2013,BKV,FL,ASO,ES,Federal Contract Tower,0,2,3,1,6,0,1,39,16,56,0,3,42,17,62,65,27,92,154
07/18/2013,BKV,FL,ASO,ES,Federal Contract Tower,0,0,11,1,12,0,0,46,7,53,0,0,57,8,65,63,12,75,140
07/19/2013,BKV,FL,ASO,ES,Federal Contract Tower,0,3,15,0,18,0,13,28,4,45,0,16,43,4,63,32,6,38,101
07/20/2013,BKV,FL,ASO,ES,Federal Contract Tower,0,0,12,0,12,0,3,43,0,46,0,3,55,0,58,26,0,26,84
07/21/2013,BKV,FL,ASO,ES,Federal Contract Tower,0,0,10,0,10,0,4,43,0,47,0,4,53,0,57,39,0,39,96
07/22/2013,BKV,FL,ASO,ES,Federal Contract Tower,0,2,9,4,15,0,2,29,8,39,0,4,38,12,54,51,34,85,139
07/23/2013,BKV,FL,ASO,ES,Federal Contract Tower,0,0,9,2,11,0,2,36,5,43,0,2,45,7,54,57,6,63,117
07/24/2013,BKV,FL,ASO,ES,Federal Contract Tower,0,5,10,3,18,0,0,25,6,31,0,5,35,9,49,38,31,69,118
07/25/2013,BKV,FL,ASO,ES,Federal Contract Tower,0,0,6,0,6,0,4,24,6,34,0,4,30,6,40,43,30,73,113
07/26/2013,BKV,FL,ASO,ES,Federal Contract Tower,0,1,17,0,18,0,7,39,2,48,0,8,56,2,66,104,23,127,193
07/27/2013,BKV,FL,ASO,ES,Federal Contract Tower,0,0,6,0,6,0,3,43,1,47,0,3,49,1,53,104,0,104,157
07/28/2013,BKV,FL,ASO,ES,Federal Contract Tower,0,2,2,1,5,0,6,13,0,19,0,8,15,1,24,10,0,10,34
07/29/2013,BKV,FL,ASO,ES,Federal Contract Tower,0,2,2,0,4,0,4,32,0,36,0,6,34,0,40,92,0,92,132
07/30/2013,BKV,FL,ASO,ES,Federal Contract Tower,0,0,9,0,9,0,5,39,3,47,0,5,48,3,56,20,9,29,85
07/31/2013,BKV,FL,ASO,ES,Federal Contract Tower,0,0,6,0,6,0,2,39,3,44,0,2,45,3,50,99,16,115,165
08/01/2013,BKV,FL,ASO,ES,Federal Contract Tower,0,0,10,2,12,0,5,38,6,49,0,5,48,8,61,32,23,55,116
08/02/2013,BKV,FL,ASO,ES,Federal Contract Tower,0,0,8,0,8,0,1,41,2,44,0,1,49,2,52,35,17,52,104
08/03/2013,BKV,FL,ASO,ES,Federal Contract Tower,0,1,14,0,15,0,1,37,0,38,0,2,51,0,53,56,0,56,109
08/04/2013,BKV,FL,ASO,ES,Federal Contract Tower,0,2,7,0,9,0,0,17,0,17,0,2,24,0,26,30,0,30,56
08/05/2013,BKV,FL,ASO,ES,Federal Contract Tower,0,0,4,0,4,0,1,31,7,39,0,1,35,7,43,11,44,55,98
08/06/2013,BKV,FL,ASO,ES,Federal Contract Tower,0,1,5,6,12,0,3,26,1,30,0,4,31,7,42,78,61,139,181
08/07/2013,BKV,FL,ASO,ES,Federal Contract Tower,0,6,5,2,13,0,3,30,2,35,0,9,35,4,48,70,61,131,179
08/08/2013,BKV,FL,ASO,ES,Federal Contract Tower,0,2,16,2,20,0,4,41,8,53,0,6,57,10,73,49,39,88,161
08/09/2013,BKV,FL,ASO,ES,Federal Contract Tower,0,0,17,0,17,0,2,57,1,60,0,2,74,1,77,63,34,97,174
08/10/2013,BKV,FL,ASO,ES,Federal Contract Tower,0,1,5,1,7,0,8,86,0,94,0,9,91,1,101,166,0,166,267
08/11/2013,BKV,FL,ASO,ES,Federal Contract Tower,0,0,3,0,3,0,7,31,0,38,0,7,34,0,41,86,0,86,127
08/12/2013,BKV,FL,ASO,ES,Federal Contract Tower,0,1,3,1,5,0,4,32,0,36,0,5,35,1,41,38,0,38,79
08/13/2013,BKV,FL,ASO,ES,Federal Contract Tower,0,0,5,0,5,0,2,42,0,44,0,2,47,0,49,51,0,51,100
08/14/2013,BKV,FL,ASO,ES,Federal Contract Tower,0,1,3,0,4,0,0,44,2,46,0,1,47,2,50,113,11,124,174
08/15/2013,BKV,FL,ASO,ES,Federal Contract Tower,0,2,5,4,11,0,3,57,4,64,0,5,62,8,75,42,2,44,119
08/16/2013,BKV,FL,ASO,ES,Federal Contract Tower,0,0,3,0,3,0,1,22,1,24,0,1,25,1,27,6,8,14,41
08/17/2013,BKV,FL,ASO,ES,Federal Contract Tower,0,0,0,0,0,0,0,75,0,75,0,0,75,0,75,48,0,48,123
08/18/2013,BKV,FL,ASO,ES,Federal Contract Tower,0,5,5,0,10,0,6,31,11,48,0,11,36,11,58,24,4,28,86
08/19/2013,BKV,FL,ASO,ES,Federal Contract Tower,0,1,6,0,7,0,3,41,2,46,0,4,47,2,53,67,16,83,136
08/20/2013,BKV,FL,ASO,ES,Federal Contract Tower,0,0,4,3,7,0,3,50,1,54,0,3,54,4,61,85,0,85,146
08/21/2013,BKV,FL,ASO,ES,Federal Contract Tower,0,4,6,0,10,0,1,50,13,64,0,5,56,13,74,51,2,53,127
08/22/2013,BKV,FL,ASO,ES,Federal Contract Tower,0,1,2,0,3,0,4,22,7,33,0,5,24,7,36,62,35,97,133
08/23/2013,BKV,FL,ASO,ES,Federal Contract Tower,0,1,18,0,19,0,2,38,0,40,0,3,56,0,59,35,0,35,94
08/24/2013,BKV,FL,ASO,ES,Federal Contract Tower,0,0,5,0,5,0,1,32,0,33,0,1,37,0,38,48,0,48,86
08/25/2013,BKV,FL,ASO,ES,Federal Contract Tower,0,0,2,0,2,0,0,33,0,33,0,0,35,0,35,32,0,32,67
08/26/2013,BKV,FL,ASO,ES,Federal Contract Tower,0,2,24,0,26,0,3,40,5,48,0,5,64,5,74,53,11,64,138
08/27/2013,BKV,FL,ASO,ES,Federal Contract Tower,0,0,23,0,23,0,3,58,7,68,0,3,81,7,91,77,37,114,205
08/28/2013,BKV,FL,ASO,ES,Federal Contract Tower,0,2,15,2,19,0,2,61,4,67,0,4,76,6,86,59,8,67,153
08/29/2013,BKV,FL,ASO,ES,Federal Contract Tower,0,1,8,0,9,0,5,49,12,66,0,6,57,12,75,66,50,116,191
08/30/2013,BKV,FL,ASO,ES,Federal Contract Tower,0,1,16,0,17,0,3,38,0,41,0,4,54,0,58,60,0,60,118
08/31/2013,BKV,FL,ASO,ES,Federal Contract Tower,0,0,2,0,2,0,0,51,0,51,0,0,53,0,53,103,0,103,156
09/01/2013,BKV,FL,ASO,ES,Federal Contract Tower,0,1,12,0,13,0,4,23,0,27,0,5,35,0,40,56,0,56,96
09/02/2013,BKV,FL,ASO,ES,Federal Contract Tower,0,0,14,0,14,0,5,43,0,48,0,5,57,0,62,31,0,31,93
09/03/2013,BKV,FL,ASO,ES,Federal Contract Tower,0,0,13,2,15,0,13,43,6,62,0,13,56,8,77,70,21,91,168
09/04/2013,BKV,FL,ASO,ES,Federal Contract Tower,0,1,7,0,8,0,3,56,1,60,0,4,63,1,68,53,4,57,125
09/05/2013,BKV,FL,ASO,ES,Federal Contract Tower,0,0,16,1,17,0,4,66,0,70,0,4,82,1,87,71,6,77,164
09/06/2013,BKV,FL,ASO,ES,Federal Contract Tower,0,2,9,1,12,0,0,71,7,78,0,2,80,8,90,47,23,70,160
09/07/2013,BKV,FL,ASO,ES,Federal Contract Tower,0,9,18,0,27,0,4,77,3,84,0,13,95,3,111,69,40,109,220
09/08/2013,BKV,FL,ASO,ES,Federal Contract Tower,0,1,6,0,7,0,4,35,2,41,0,5,41,2,48,53,1,54,102
09/09/2013,BKV,FL,ASO,ES,Federal Contract Tower,0,0,5,0,5,0,1,58,8,67,0,1,63,8,72,25,2,27,99
09/10/2013,BKV,FL,ASO,ES,Federal Contract Tower,0,0,13,0,13,0,18,54,1,73,0,18,67,1,86,145,20,165,251
09/11/2013,BKV,FL,ASO,ES,Federal Contract Tower,0,1,10,1,12,0,7,54,3,64,0,8,64,4,76,43,17,60,136
09/12/2013,BKV,FL,ASO,ES,Federal Contract Tower,0,0,6,6,12,0,2,27,7,36,0,2,33,13,48,25,30,55,103
09/13/2013,BKV,FL,ASO,ES,Federal Contract Tower,0,0,20,0,20,0,3,59,2,64,0,3,79,2,84,114,2,116,200
09/14/2013,BKV,FL,ASO,ES,Federal Contract Tower,0,2,2,0,4,0,0,57,0,57,0,2,59,0,61,158,0,158,219
09/15/2013,BKV,FL,ASO,ES,Federal Contract Tower,0,0,5,0,5,0,1,44,2,47,0,1,49,2,52,58,0,58,110
09/16/2013,BKV,FL,ASO,ES,Federal Contract Tower,0,3,19,0,22,0,3,28,1,32,0,6,47,1,54,34,46,80,134
09/17/2013,BKV,FL,ASO,ES,Federal Contract Tower,0,0,7,0,7,0,0,31,2,33,0,0,38,2,40,92,21,113,153
09/18/2013,BKV,FL,ASO,ES,Federal Contract Tower,0,2,7,1,10,0,1,39,9,49,0,3,46,10,59,98,8,106,165
09/19/2013,BKV,FL,ASO,ES,Federal Contract Tower,0,1,8,4,13,0,2,78,6,86,0,3,86,10,99,59,33,92,191
09/20/2013,BKV,FL,ASO,ES,Federal Contract Tower,0,3,9,0,12,0,2,63,2,67,0,5,72,2,79,100,48,148,227
09/21/2013,BKV,FL,ASO,ES,Federal Contract Tower,0,1,9,0,10,0,0,59,0,59,0,1,68,0,69,65,0,65,134
09/22/2013,BKV,FL,ASO,ES,Federal Contract Tower,0,1,12,0,13,0,4,17,0,21,0,5,29,0,34,34,0,34,68
09/23/2013,BKV,FL,ASO,ES,Federal Contract Tower,0,1,10,0,11,0,0,15,0,15,0,1,25,0,26,0,0,0,26
09/24/2013,BKV,FL,ASO,ES,Federal Contract Tower,0,2,5,0,7,0,4,11,0,15,0,6,16,0,22,0,0,0,22
09/25/2013,BKV,FL,ASO,ES,Federal Contract Tower,0,3,9,2,14,0,1,15,2,18,0,4,24,4,32,18,2,20,52
09/26/2013,BKV,FL,ASO,ES,Federal Contract Tower,0,0,16,0,16,0,11,48,5,64,0,11,64,5,80,31,14,45,125
09/27/2013,BKV,FL,ASO,ES,Federal Contract Tower,0,0,9,0,9,0,4,39,2,45,0,4,48,2,54,13,0,13,67
09/28/2013,BKV,FL,ASO,ES,Federal Contract Tower,0,1,3,0,4,0,2,65,0,67,0,3,68,0,71,77,0,77,148
09/29/2013,BKV,FL,ASO,ES,Federal Contract Tower,0,0,12,0,12,0,4,66,0,70,0,4,78,0,82,80,0,80,162
09/30/2013,BKV,FL,ASO,ES,Federal Contract Tower,0,0,13,0,13,0,3,72,2,77,0,3,85,2,90,59,41,100,190
10/01/2013,BKV,FL,ASO,ES,Federal Contract Tower,0,2,8,0,10,0,2,49,1,52,0,4,57,1,62,26,0,26,88
10/02/2013,BKV,FL,ASO,ES,Federal Contract Tower,0,1,2,0,3,0,15,70,6,91,0,16,72,6,94,57,0,57,151
10/03/2013,BKV,FL,ASO,ES,Federal Contract Tower,0,2,6,0,8,0,3,79,2,84,0,5,85,2,92,95,32,127,219
10/04/2013,BKV,FL,ASO,ES,Federal Contract Tower,0,0,6,0,6,0,2,32,0,34,0,2,38,0,40,40,20,60,100
10/05/2013,BKV,FL,ASO,ES,Federal Contract Tower,0,0,5,0,5,0,6,49,0,55,0,6,54,0,60,20,0,20,80
10/06/2013,BKV,FL,ASO,ES,Federal Contract Tower,0,0,2,0,2,0,6,39,0,45,0,6,41,0,47,52,0,52,99
10/07/2013,BKV,FL,ASO,ES,Federal Contract Tower,0,0,11,4,15,0,5,6,0,11,0,5,17,4,26,8,0,8,34
10/08/2013,BKV,FL,ASO,ES,Federal Contract Tower,0,0,10,0,10,0,8,27,0,35,0,8,37,0,45,38,0,38,83
10/09/2013,BKV,FL,ASO,ES,Federal Contract Tower,0,2,12,11,25,0,8,39,1,48,0,10,51,12,73,26,40,66,139
10/10/2013,BKV,FL,ASO,ES,Federal Contract Tower,0,0,14,0,14,0,6,63,0,69,0,6,77,0,83,36,0,36,119
10/11/2013,BKV,FL,ASO,ES,Federal Contract Tower,0,0,6,0,6,0,6,43,2,51,0,6,49,2,57,36,3,39,96
10/12/2013,BKV,FL,ASO,ES,Federal Contract Tower,0,0,8,0,8,0,2,96,0,98,0,2,104,0,106,25,0,25,131
10/13/2013,BKV,FL,ASO,ES,Federal Contract Tower,0,4,4,0,8,0,6,42,0,48,0,10,46,0,56,76,0,76,132
10/14/2013,BKV,FL,ASO,ES,Federal Contract Tower,0,0,10,0,10,0,3,72,0,75,0,3,82,0,85,69,0,69,154
10/15/2013,BKV,FL,ASO,ES,Federal Contract Tower,0,1,18,0,19,0,4,18,0,22,0,5,36,0,41,28,0,28,69
10/16/2013,BKV,FL,ASO,ES,Federal Contract Tower,0,0,14,0,14,0,1,62,2,65,0,1,76,2,79,108,0,108,187
10/17/2013,BKV,FL,ASO,ES,Federal Contract Tower,0,4,7,0,11,0,5,42,0,47,0,9,49,0,58,59,1,60,118
10/18/2013,BKV,FL,ASO,ES,Federal Contract Tower,0,0,9,0,9,0,0,59,1,60,0,0,68,1,69,25,0,25,94
10/19/2013,BKV,FL,ASO,ES,Federal Contract Tower,0,0,5,0,5,0,2,38,0,40,0,2,43,0,45,73,0,73,118
10/20/2013,BKV,FL,ASO,ES,Federal Contract Tower,0,2,7,0,9,0,4,37,0,41,0,6,44,0,50,1,0,1,51
10/21/2013,BKV,FL,ASO,ES,Federal Contract Tower,0,0,19,0,19,0,6,36,2,44,0,6,55,2,63,51,54,105,168
10/22/2013,BKV,FL,ASO,ES,Federal Contract Tower,0,1,5,4,10,0,1,42,0,43,0,2,47,4,53,45,4,49,102
10/23/2013,BKV,FL,ASO,ES,Federal Contract Tower,0,3,3,0,6,0,5,49,8,62,0,8,52,8,68,27,28,55,123
10/24/2013,BKV,FL,ASO,ES,Federal Contract Tower,0,2,20,0,22,0,8,68,6,82,0,10,88,6,104,89,19,108,212
10/25/2013,BKV,FL,ASO,ES,Federal Contract Tower,0,4,7,0,11,0,3,61,1,65,0,7,68,1,76,73,0,73,149
10/26/2013,BKV,FL,ASO,ES,Federal Contract Tower,0,1,3,0,4,0,2,62,0,64,0,3,65,0,68,25,0,25,93
10/27/2013,BKV,FL,ASO,ES,Federal Contract Tower,0,2,6,0,8,0,6,46,0,52,0,8,52,0,60,44,0,44,104
10/28/2013,BKV,FL,ASO,ES,Federal Contract Tower,0,1,8,0,9,0,3,50,1,54,0,4,58,1,63,30,87,117,180
10/29/2013,BKV,FL,ASO,ES,Federal Contract Tower,0,1,6,6,13,0,4,52,4,60,0,5,58,10,73,84,61,145,218
10/30/2013,BKV,FL,ASO,ES,Federal Contract Tower,0,0,4,2,6,0,0,67,9,76,0,0,71,11,82,41,104,145,227
10/31/2013,BKV,FL,ASO,ES,Federal Contract Tower,0,2,4,0,6,0,4,53,5,62,0,6,57,5,68,88,31,119,187
11/01/2013,BKV,FL,ASO,ES,Federal Contract Tower,0,1,20,0,21,0,3,47,5,55,0,4,67,5,76,13,61,74,150
11/02/2013,BKV,FL,ASO,ES,Federal Contract Tower,0,0,9,0,9,0,2,20,0,22,0,2,29,0,31,43,0,43,74
11/03/2013,BKV,FL,ASO,ES,Federal Contract Tower,0,2,6,0,8,0,0,46,0,46,0,2,52,0,54,86,0,86,140
11/04/2013,BKV,FL,ASO,ES,Federal Contract Tower,0,1,5,0,6,0,5,46,0,51,0,6,51,0,57,52,10,62,119
11/05/2013,BKV,FL,ASO,ES,Federal Contract Tower,0,1,7,3,11,0,6,26,2,34,0,7,33,5,45,33,34,67,112
11/06/2013,BKV,FL,ASO,ES,Federal Contract Tower,0,2,6,2,10,0,7,53,3,63,0,9,59,5,73,120,57,177,250
11/07/2013,BKV,FL,ASO,ES,Federal Contract Tower,0,0,10,1,11,0,1,54,10,65,0,1,64,11,76,49,12,61,137
11/08/2013,BKV,FL,ASO,ES,Federal Contract Tower,0,0,7,2,9,0,3,69,4,76,0,3,76,6,85,54,34,88,173
11/09/2013,BKV,FL,ASO,ES,Federal Contract Tower,0,1,14,0,15,0,7,42,0,49,0,8,56,0,64,0,0,0,64
11/10/2013,BKV,FL,ASO,ES,Federal Contract Tower,0,0,2,0,2,0,1,58,0,59,0,1,60,0,61,53,0,53,114
11/11/2013,BKV,FL,ASO,ES,Federal Contract Tower,0,2,4,0,6,0,1,33,0,34,0,3,37,0,40,16,0,16,56
11/12/2013,BKV,FL,ASO,ES,Federal Contract Tower,0,3,10,1,14,0,6,52,3,61,0,9,62,4,75,51,29,80,155
11/13/2013,BKV,FL,ASO,ES,Federal Contract Tower,0,5,5,0,10,0,7,35,8,50,0,12,40,8,60,31,39,70,130
11/14/2013,BKV,FL,ASO,ES,Federal Contract Tower,0,1,3,0,4,0,2,67,2,71,0,3,70,2,75,94,17,111,186
11/15/2013,BKV,FL,ASO,ES,Federal Contract Tower,0,1,15,0,16,0,3,23,10,36,0,4,38,10,52,66,29,95,147
11/16/2013,BKV,FL,ASO,ES,Federal Contract Tower,0,1,11,0,12,0,2,3,0,5,0,3,14,0,17,31,0,31,48
11/17/2013,BKV,FL,ASO,ES,Federal Contract Tower,0,0,15,0,15,0,4,48,0,52,0,4,63,0,67,47,0,47,114
11/18/2013,BKV,FL,ASO,ES,Federal Contract Tower,0,0,6,0,6,0,4,39,0,43,0,4,45,0,49,30,0,30,79
11/19/2013,BKV,FL,ASO,ES,Federal Contract Tower,0,1,13,0,14,0,2,42,0,44,0,3,55,0,58,34,0,34,92
11/20/2013,BKV,FL,ASO,ES,Federal Contract Tower,0,5,7,0,12,0,8,20,4,32,0,13,27,4,44,19,30,49,93
11/21/2013,BKV,FL,ASO,ES,Federal Contract Tower,0,1,16,0,17,0,6,40,0,46,0,7,56,0,63,26,0,26,89
11/22/2013,BKV,FL,ASO,ES,Federal Contract Tower,0,0,7,1,8,0,2,77,1,80,0,2,84,2,88,33,0,33,121
11/23/2013,BKV,FL,ASO,ES,Federal Contract Tower,0,1,11,0,12,0,3,82,0,85,0,4,93,0,97,118,1,119,216
11/24/2013,BKV,FL,ASO,ES,Federal Contract Tower,0,1,12,0,13,0,1,14,0,15,0,2,26,0,28,17,0,17,45
11/25/2013,BKV,FL,ASO,ES,Federal Contract Tower,0,1,3,1,5,0,5,34,4,43,0,6,37,5,48,14,23,37,85
11/26/2013,BKV,FL,ASO,ES,Federal Contract Tower,0,1,3,0,4,0,5,5,4,14,0,6,8,4,18,0,10,10,28
11/27/2013,BKV,FL,ASO,ES,Federal Contract Tower,0,5,22,0,27,0,2,13,0,15,0,7,35,0,42,12,0,12,54
11/28/2013,BKV,FL,ASO,ES,Federal Contract Tower,0,1,1,0,2,0,0,15,0,15,0,1,16,0,17,16,0,16,33
11/29/2013,BKV,FL,ASO,ES,Federal Contract Tower,0,0,2,0,2,0,5,44,1,50,0,5,46,1,52,59,6,65,117
11/30/2013,BKV,FL,ASO,ES,Federal Contract Tower,0,0,5,0,5,0,7,47,0,54,0,7,52,0,59,44,0,44,103
12/01/2013,BKV,FL,ASO,ES,Federal Contract Tower,0,0,16,0,16,0,2,26,0,28,0,2,42,0,44,12,0,12,56
12/02/2013,BKV,FL,ASO,ES,Federal Contract Tower,0,2,12,0,14,0,3,29,1,33,0,5,41,1,47,9,49,58,105
12/03/2013,BKV,FL,ASO,ES,Federal Contract Tower,0,1,5,0,6,0,1,36,8,45,0,2,41,8,51,98,97,195,246
12/04/2013,BKV,FL,ASO,ES,Federal Contract Tower,0,4,10,2,16,0,0,28,3,31,0,4,38,5,47,29,14,43,90
12/05/2013,BKV,FL,ASO,ES,Federal Contract Tower,0,3,8,0,11,0,0,61,5,66,0,3,69,5,77,39,59,98,175
12/06/2013,BKV,FL,ASO,ES,Federal Contract Tower,0,0,3,0,3,0,4,41,3,48,0,4,44,3,51,26,22,48,99
12/07/2013,BKV,FL,ASO,ES,Federal Contract Tower,0,0,6,0,6,0,5,84,0,89,0,5,90,0,95,59,0,59,154
12/08/2013,BKV,FL,ASO,ES,Federal Contract Tower,0,1,11,0,12,0,0,63,0,63,0,1,74,0,75,36,0,36,111
12/09/2013,BKV,FL,ASO,ES,Federal Contract Tower,0,3,15,0,18,0,5,35,8,48,0,8,50,8,66,6,36,42,108
12/10/2013,BKV,FL,ASO,ES,Federal Contract Tower,0,1,3,7,11,0,9,31,6,46,0,10,34,13,57,6,31,37,94
12/11/2013,BKV,FL,ASO,ES,Federal Contract Tower,0,7,5,0,12,0,8,63,6,77,0,15,68,6,89,51,62,113,202
12/12/2013,BKV,FL,ASO,ES,Federal Contract Tower,0,5,10,0,15,0,5,32,4,41,0,10,42,4,56,29,30,59,115
12/13/2013,BKV,FL,ASO,ES,Federal Contract Tower,0,0,2,0,2,0,7,29,0,36,0,7,31,0,38,39,0,39,77
12/14/2013,BKV,FL,ASO,ES,Federal Contract Tower,0,2,6,0,8,0,0,41,0,41,0,2,47,0,49,65,0,65,114
12/15/2013,BKV,FL,ASO,ES,Federal Contract Tower,0,1,13,0,14,0,2,13,0,15,0,3,26,0,29,48,0,48,77
12/16/2013,BKV,FL,ASO,ES,Federal Contract Tower,0,0,8,0,8,0,5,34,5,44,0,5,42,5,52,40,41,81,133
12/17/2013,BKV,FL,ASO,ES,Federal Contract Tower,0,0,12,0,12,0,4,52,3,59,0,4,64,3,71,80,11,91,162
12/18/2013,BKV,FL,ASO,ES,Federal Contract Tower,0,2,5,0,7,0,7,78,4,89,0,9,83,4,96,28,34,62,158
12/19/2013,BKV,FL,ASO,ES,Federal Contract Tower,0,0,17,0,17,0,2,72,1,75,0,2,89,1,92,26,34,60,152
12/20/2013,BKV,FL,ASO,ES,Federal Contract Tower,0,1,11,0,12,0,6,58,0,64,0,7,69,0,76,54,0,54,130
12/21/2013,BKV,FL,ASO,ES,Federal Contract Tower,0,1,9,0,10,0,8,39,0,47,0,9,48,0,57,57,0,57,114
12/22/2013,BKV,FL,ASO,ES,Federal Contract Tower,0,0,15,0,15,0,9,37,0,46,0,9,52,0,61,6,0,6,67
12/23/2013,BKV,FL,ASO,ES,Federal Contract Tower,0,1,11,0,12,0,0,4,0,4,0,1,15,0,16,41,0,41,57
12/24/2013,BKV,FL,ASO,ES,Federal Contract Tower,0,2,3,0,5,0,4,31,0,35,0,6,34,0,40,44,0,44,84
12/25/2013,BKV,FL,ASO,ES,Federal Contract Tower,0,0,1,0,1,0,0,13,0,13,0,0,14,0,14,4,0,4,18
12/26/2013,BKV,FL,ASO,ES,Federal Contract Tower,0,2,16,0,18,0,5,52,0,57,0,7,68,0,75,82,0,82,157
12/27/2013,BKV,FL,ASO,ES,Federal Contract Tower,0,0,17,0,17,0,6,13,0,19,0,6,30,0,36,42,0,42,78
12/28/2013,BKV,FL,ASO,ES,Federal Contract Tower,0,0,8,0,8,0,0,25,0,25,0,0,33,0,33,46,0,46,79
12/29/2013,BKV,FL,ASO,ES,Federal Contract Tower,0,0,13,0,13,0,2,3,0,5,0,2,16,0,18,0,0,0,18
12/30/2013,BKV,FL,ASO,ES,Federal Contract Tower,0,2,12,0,14,0,4,39,0,43,0,6,51,0,57,35,0,35,92
12/31/2013,BKV,FL,ASO,ES,Federal Contract Tower,0,1,3,0,4,0,4,61,0,65,0,5,64,0,69,63,0,63,132
01/01/2014,BKV,FL,ASO,ES,Federal Contract Tower,0,1,16,0,17,0,2,1,0,3,0,3,17,0,20,7,0,7,27
01/02/2014,BKV,FL,ASO,ES,Federal Contract Tower,0,4,15,0,19,0,3,0,0,3,0,7,15,0,22,0,2,2,24
01/03/2014,BKV,FL,ASO,ES,Federal Contract Tower,0,4,14,0,18,0,3,35,0,38,0,7,49,0,56,10,1,11,67
01/04/2014,BKV,FL,ASO,ES,Federal Contract Tower,0,3,14,0,17,0,2,56,0,58,0,5,70,0,75,159,0,159,234
01/05/2014,BKV,FL,ASO,ES,Federal Contract Tower,0,1,11,0,12,0,4,67,0,71,0,5,78,0,83,55,0,55,138
01/06/2014,BKV,FL,ASO,ES,Federal Contract Tower,0,2,3,0,5,0,6,1,0,7,0,8,4,0,12,3,0,3,15
01/07/2014,BKV,FL,ASO,ES,Federal Contract Tower,0,1,10,0,11,0,10,39,4,53,0,11,49,4,64,73,91,164,228
01/08/2014,BKV,FL,ASO,ES,Federal Contract Tower,0,1,12,0,13,0,3,57,4,64,0,4,69,4,77,26,3,29,106
01/09/2014,BKV,FL,ASO,ES,Federal Contract Tower,0,1,2,0,3,0,2,3,0,5,0,3,5,0,8,0,12,12,20
01/10/2014,BKV,FL,ASO,ES,Federal Contract Tower,0,2,10,0,12,0,5,63,8,76,0,7,73,8,88,26,31,57,145
01/11/2014,BKV,FL,ASO,ES,Federal Contract Tower,0,1,10,0,11,0,0,35,4,39,0,1,45,4,50,66,25,91,141
01/12/2014,BKV,FL,ASO,ES,Federal Contract Tower,0,0,2,0,2,0,4,104,2,110,0,4,106,2,112,136,15,151,263
01/13/2014,BKV,FL,ASO,ES,Federal Contract Tower,0,0,20,4,24,0,2,45,2,49,0,2,65,6,73,39,6,45,118
01/14/2014,BKV,FL,ASO,ES,Federal Contract Tower,0,1,3,2,6,0,3,14,16,33,0,4,17,18,39,6,22,28,67
01/15/2014,BKV,FL,ASO,ES,Federal Contract Tower,0,3,9,0,12,0,3,60,0,63,0,6,69,0,75,85,55,140,215
01/16/2014,BKV,FL,ASO,ES,Federal Contract Tower,0,2,6,0,8,0,0,38,0,38,0,2,44,0,46,59,6,65,111
01/17/2014,BKV,FL,ASO,ES,Federal Contract Tower,0,2,10,0,12,0,5,81,0,86,0,7,91,0,98,74,0,74,172
01/18/2014,BKV,FL,ASO,ES,Federal Contract Tower,0,1,2,0,3,0,1,65,0,66,0,2,67,0,69,4,0,4,73
01/19/2014,BKV,FL,ASO,ES,Federal Contract Tower,0,1,9,0,10,0,2,41,0,43,0,3,50,0,53,48,0,48,101
01/20/2014,BKV,FL,ASO,ES,Federal Contract Tower,0,1,6,0,7,0,4,50,0,54,0,5,56,0,61,16,0,16,77
01/21/2014,BKV,FL,ASO,ES,Federal Contract Tower,0,2,16,0,18,0,6,15,0,21,0,8,31,0,39,11,24,35,74
01/22/2014,BKV,FL,ASO,ES,Federal Contract Tower,0,3,7,0,10,0,4,51,8,63,0,7,58,8,73,62,7,69,142
01/23/2014,BKV,FL,ASO,ES,Federal Contract Tower,0,3,17,0,20,0,3,65,2,70,0,6,82,2,90,61,0,61,151
01/24/2014,BKV,FL,ASO,ES,Federal Contract Tower,0,2,2,2,6,0,3,70,2,75,0,5,72,4,81,51,1,52,133
01/25/2014,BKV,FL,ASO,ES,Federal Contract Tower,0,1,12,0,13,0,1,78,0,79,0,2,90,0,92,158,0,158,250
01/26/2014,BKV,FL,ASO,ES,Federal Contract Tower,0,1,4,0,5,0,4,49,5,58,0,5,53,5,63,52,0,52,115
01/27/2014,BKV,FL,ASO,ES,Federal Contract Tower,0,1,18,0,19,0,3,16,0,19,0,4,34,0,38,28,0,28,66
01/28/2014,BKV,FL,ASO,ES,Federal Contract Tower,0,1,6,0,7,0,3,36,1,40,0,4,42,1,47,50,14,64,111
01/29/2014,BKV,FL,ASO,ES,Federal Contract Tower,0,0,9,0,9,0,0,0,0,0,0,0,9,0,9,0,0,0,9
01/30/2014,BKV,FL,ASO,ES,Federal Contract Tower,0,3,8,0,11,0,0,0,0,0,0,3,8,0,11,0,0,0,11
01/31/2014,BKV,FL,ASO,ES,Federal Contract Tower,0,3,13,0,16,0,0,0,0,0,0,3,13,0,16,0,0,0,16
02/01/2014,BKV,FL,ASO,ES,Federal Contract Tower,0,2,25,0,27,0,0,75,1,76,0,2,100,1,103,60,0,60,163
02/02/2014,BKV,FL,ASO,ES,Federal Contract Tower,0,1,26,0,27,0,1,54,2,57,0,2,80,2,84,35,0,35,119
02/03/2014,BKV,FL,ASO,ES,Federal Contract Tower,0,0,24,0,24,0,0,38,0,38,0,0,62,0,62,45,0,45,107
02/04/2014,BKV,FL,ASO,ES,Federal Contract Tower,0,3,7,0,10,0,4,41,0,45,0,7,48,0,55,50,38,88,143
02/05/2014,BKV,FL,ASO,ES,Federal Contract Tower,0,1,14,2,17,0,2,21,1,24,0,3,35,3,41,38,7,45,86
02/06/2014,BKV,FL,ASO,ES,Federal Contract Tower,0,11,25,4,40,0,2,34,4,40,0,13,59,8,80,1,26,27,107
02/07/2014,BKV,FL,ASO,ES,Federal Contract Tower,0,7,21,11,39,0,0,0,0,0,0,7,21,11,39,8,0,8,47
02/08/2014,BKV,FL,ASO,ES,Federal Contract Tower,0,3,6,2,11,0,0,0,0,0,0,3,6,2,11,0,0,0,11
02/09/2014,BKV,FL,ASO,ES,Federal Contract Tower,0,2,7,0,9,0,1,124,2,127,0,3,131,2,136,198,2,200,336
02/10/2014,BKV,FL,ASO,ES,Federal Contract Tower,0,1,14,10,25,0,0,68,9,77,0,1,82,19,102,36,14,50,152
02/11/2014,BKV,FL,ASO,ES,Federal Contract Tower,0,0,5,2,7,0,4,59,11,74,0,4,64,13,81,77,29,106,187
02/12/2014,BKV,FL,ASO,ES,Federal Contract Tower,0,1,11,1,13,0,2,8,1,11,0,3,19,2,24,11,0,11,35
02/13/2014,BKV,FL,ASO,ES,Federal Contract Tower,0,1,10,0,11,0,4,20,4,28,0,5,30,4,39,31,12,43,82
02/14/2014,BKV,FL,ASO,ES,Federal Contract Tower,0,1,12,0,13,0,4,69,4,77,0,5,81,4,90,38,23,61,151
02/15/2014,BKV,FL,ASO,ES,Federal Contract Tower,0,3,8,0,11,0,3,57,0,60,0,6,65,0,71,154,0,154,225
02/16/2014,BKV,FL,ASO,ES,Federal Contract Tower,0,3,4,0,7,0,2,65,0,67,0,5,69,0,74,68,0,68,142
02/17/2014,BKV,FL,ASO,ES,Federal Contract Tower,0,1,14,0,15,0,11,55,0,66,0,12,69,0,81,90,0,90,171
02/18/2014,BKV,FL,ASO,ES,Federal Contract Tower,0,1,11,0,12,0,2,61,0,63,0,3,72,0,75,124,0,124,199
02/19/2014,BKV,FL,ASO,ES,Federal Contract Tower,0,0,3,1,4,0,1,91,13,105,0,1,94,14,109,80,20,100,209
02/20/2014,BKV,FL,ASO,ES,Federal Contract Tower,0,2,24,0,26,0,7,67,15,89,0,9,91,15,115,24,0,24,139
02/21/2014,BKV,FL,ASO,ES,Federal Contract Tower,0,4,7,2,13,0,2,11,3,16,0,6,18,5,29,10,40,50,79
02/22/2014,BKV,FL,ASO,ES,Federal Contract Tower,0,0,8,0,8,0,1,19,0,20,0,1,27,0,28,87,0,87,115
02/23/2014,BKV,FL,ASO,ES,Federal Contract Tower,0,0,13,0,13,0,0,31,0,31,0,0,44,0,44,61,0,61,105
02/24/2014,BKV,FL,ASO,ES,Federal Contract Tower,0,1,15,0,16,0,6,20,1,27,0,7,35,1,43,78,14,92,135
02/25/2014,BKV,FL,ASO,ES,Federal Contract Tower,0,0,15,0,15,0,2,65,0,67,0,2,80,0,82,210,41,251,333
02/26/2014,BKV,FL,ASO,ES,Federal Contract Tower,0,2,1,7,10,0,2,8,2,12,0,4,9,9,22,81,40,121,143
02/27/2014,BKV,FL,ASO,ES,Federal Contract Tower,0,4,6,0,10,0,5,33,2,40,0,9,39,2,50,186,0,186,236
02/28/2014,BKV,FL,ASO,ES,Federal Contract Tower,0,3,8,0,11,0,8,64,0,72,0,11,72,0,83,193,0,193,276
03/01/2014,BKV,FL,ASO,ES,Federal Contract Tower,0,1,14,0,15,0,1,120,0,121,0,2,134,0,136,172,0,172,308
03/02/2014,BKV,FL,ASO,ES,Federal Contract Tower,0,1,12,0,13,0,3,70,0,73,0,4,82,0,86,104,0,104,190
03/03/2014,BKV,FL,ASO,ES,Federal Contract Tower,0,4,5,0,9,0,5,57,6,68,0,9,62,6,77,152,2,154,231
03/04/2014,BKV,FL,ASO,ES,Federal Contract Tower,0,1,24,0,25,0,5,25,2,32,0,6,49,2,57,225,44,269,326
03/05/2014,BKV,FL,ASO,ES,Federal Contract Tower,0,3,15,0,18,0,4,24,2,30,0,7,39,2,48,116,10,126,174
03/06/2014,BKV,FL,ASO,ES,Federal Contract Tower,0,3,3,0,6,0,0,15,0,15,0,3,18,0,21,128,0,128,149
03/07/2014,BKV,FL,ASO,ES,Federal Contract Tower,0,5,16,0,21,0,4,18,7,29,0,9,34,7,50,37,4,41,91
03/08/2014,BKV,FL,ASO,ES,Federal Contract Tower,0,2,14,0,16,0,1,136,0,137,0,3,150,0,153,151,0,151,304
03/09/2014,BKV,FL,ASO,ES,Federal Contract Tower,0,1,4,0,5,0,2,58,0,60,0,3,62,0,65,88,0,88,153
03/10/2014,BKV,FL,ASO,ES,Federal Contract Tower,0,3,15,0,18,0,3,73,6,82,0,6,88,6,100,110,32,142,242
03/11/2014,BKV,FL,ASO,ES,Federal Contract Tower,0,5,9,2,16,0,3,44,3,50,0,8,53,5,66,62,27,89,155
03/12/2014,BKV,FL,ASO,ES,Federal Contract Tower,0,4,13,1,18,0,4,15,16,35,0,8,28,17,53,14,12,26,79
03/13/2014,BKV,FL,ASO,ES,Federal Contract Tower,0,0,9,0,9,0,3,57,2,62,0,3,66,2,71,15,30,45,116
03/14/2014,BKV,FL,ASO,ES,Federal Contract Tower,0,1,18,0,19,0,6,102,0,108,0,7,120,0,127,66,0,66,193
03/15/2014,BKV,FL,ASO,ES,Federal Contract Tower,0,1,14,0,15,0,8,112,2,122,0,9,126,2,137,74,9,83,220
03/16/2014,BKV,FL,ASO,ES,Federal Contract Tower,0,0,9,0,9,0,3,42,6,51,0,3,51,6,60,25,35,60,120
03/17/2014,BKV,FL,ASO,ES,Federal Contract Tower,0,4,0,0,4,0,0,0,0,0,0,4,0,0,4,0,0,0,4
03/18/2014,BKV,FL,ASO,ES,Federal Contract Tower,0,4,7,0,11,0,7,47,0,54,0,11,54,0,65,64,12,76,141
03/19/2014,BKV,FL,ASO,ES,Federal Contract Tower,0,0,26,1,27,0,0,84,3,87,0,0,110,4,114,92,14,106,220
03/20/2014,BKV,FL,ASO,ES,Federal Contract Tower,0,0,19,0,19,0,2,45,2,49,0,2,64,2,68,87,0,87,155
03/21/2014,BKV,FL,ASO,ES,Federal Contract Tower,0,2,15,2,19,0,8,52,13,73,0,10,67,15,92,43,81,124,216
03/22/2014,BKV,FL,ASO,ES,Federal Contract Tower,0,2,8,0,10,0,3,71,1,75,0,5,79,1,85,88,3,91,176
03/23/2014,BKV,FL,ASO,ES,Federal Contract Tower,0,4,11,0,15,0,3,31,5,39,0,7,42,5,54,58,3,61,115
03/24/2014,BKV,FL,ASO,ES,Federal Contract Tower,0,0,24,0,24,0,0,11,0,11,0,0,35,0,35,20,0,20,55
03/25/2014,BKV,FL,ASO,ES,Federal Contract Tower,0,2,8,0,10,0,3,19,2,24,0,5,27,2,34,12,6,18,52
03/26/2014,BKV,FL,ASO,ES,Federal Contract Tower,0,0,7,2,9,0,3,56,32,91,0,3,63,34,100,19,86,105,205
03/27/2014,BKV,FL,ASO,ES,Federal Contract Tower,0,4,15,0,19,0,6,62,10,78,0,10,77,10,97,51,54,105,202
03/28/2014,BKV,FL,ASO,ES,Federal Contract Tower,0,2,9,0,11,0,10,38,12,60,0,12,47,12,71,13,20,33,104
03/29/2014,BKV,FL,ASO,ES,Federal Contract Tower,0,0,6,0,6,0,4,10,1,15,0,4,16,1,21,16,0,16,37
03/30/2014,BKV,FL,ASO,ES,Federal Contract Tower,0,1,8,0,9,0,3,68,0,71,0,4,76,0,80,86,0,86,166
03/31/2014,BKV,FL,ASO,ES,Federal Contract Tower,0,2,9,4,15,0,5,63,4,72,0,7,72,8,87,42,4,46,133
04/01/2014,BKV,FL,ASO,ES,Federal Contract Tower,0,2,12,1,15,0,4,74,2,80,0,6,86,3,95,49,0,49,144
04/02/2014,BKV,FL,ASO,ES,Federal Contract Tower,0,1,10,3,14,0,5,69,11,85,0,6,79,14,99,61,38,99,198
04/03/2014,BKV,FL,ASO,ES,Federal Contract Tower,0,4,12,2,18,0,5,64,4,73,0,9,76,6,91,56,6,62,153
04/04/2014,BKV,FL,ASO,ES,Federal Contract Tower,0,4,15,0,19,0,7,74,4,85,0,11,89,4,104,50,0,50,154
04/05/2014,BKV,FL,ASO,ES,Federal Contract Tower,0,0,5,15,20,0,8,51,2,61,0,8,56,17,81,8,0,8,89
04/06/2014,BKV,FL,ASO,ES,Federal Contract Tower,0,4,11,0,15,0,2,58,14,74,0,6,69,14,89,46,8,54,143
04/07/2014,BKV,FL,ASO,ES,Federal Contract Tower,0,1,7,0,8,0,9,43,5,57,0,10,50,5,65,14,33,47,112
04/08/2014,BKV,FL,ASO,ES,Federal Contract Tower,0,1,11,8,20,0,3,19,2,24,0,4,30,10,44,43,16,59,103
04/09/2014,BKV,FL,ASO,ES,Federal Contract Tower,0,2,12,2,16,0,8,36,15,59,0,10,48,17,75,39,34,73,148
04/10/2014,BKV,FL,ASO,ES,Federal Contract Tower,0,1,12,3,16,0,4,84,12,100,0,5,96,15,116,61,51,112,228
04/11/2014,BKV,FL,ASO,ES,Federal Contract Tower,0,4,13,2,19,0,4,102,4,110,0,8,115,6,129,48,10,58,187
04/12/2014,BKV,FL,ASO,ES,Federal Contract Tower,0,0,6,0,6,0,2,101,4,107,0,2,107,4,113,80,2,82,195
04/13/2014,BKV,FL,ASO,ES,Federal Contract Tower,0,0,13,0,13,0,2,65,0,67,0,2,78,0,80,30,0,30,110
04/14/2014,BKV,FL,ASO,ES,Federal Contract Tower,0,2,14,2,18,0,7,33,0,40,0,9,47,2,58,35,18,53,111
04/15/2014,BKV,FL,ASO,ES,Federal Contract Tower,0,1,7,0,8,0,0,21,3,24,0,1,28,3,32,23,14,37,69
04/16/2014,BKV,FL,ASO,ES,Federal Contract Tower,0,5,13,4,22,0,6,54,8,68,0,11,67,12,90,6,26,32,122
04/17/2014,BKV,FL,ASO,ES,Federal Contract Tower,0,3,19,1,23,0,1,48,13,62,0,4,67,14,85,41,58,99,184
04/18/2014,BKV,FL,ASO,ES,Federal Contract Tower,0,1,6,0,7,0,3,5,0,8,0,4,11,0,15,6,0,6,21
04/19/2014,BKV,FL,ASO,ES,Federal Contract Tower,0,0,11,0,11,0,0,8,0,8,0,0,19,0,19,46,0,46,65
04/20/2014,BKV,FL,ASO,ES,Federal Contract Tower,0,2,5,0,7,0,2,24,0,26,0,4,29,0,33,2,0,2,35
04/21/2014,BKV,FL,ASO,ES,Federal Contract Tower,0,1,14,4,19,0,3,33,5,41,0,4,47,9,60,95,87,182,242
04/22/2014,BKV,FL,ASO,ES,Federal Contract Tower,0,3,11,0,14,0,3,73,7,83,0,6,84,7,97,68,26,94,191
04/23/2014,BKV,FL,ASO,ES,Federal Contract Tower,0,2,11,0,13,0,6,55,7,68,0,8,66,7,81,71,76,147,228
04/24/2014,BKV,FL,ASO,ES,Federal Contract Tower,0,2,12,1,15,0,9,62,18,89,0,11,74,19,104,44,50,94,198
04/25/2014,BKV,FL,ASO,ES,Federal Contract Tower,0,3,16,1,20,0,4,67,3,74,0,7,83,4,94,52,25,77,171
04/26/2014,BKV,FL,ASO,ES,Federal Contract Tower,0,0,5,0,5,0,9,44,0,53,0,9,49,0,58,132,0,132,190
04/27/2014,BKV,FL,ASO,ES,Federal Contract Tower,0,1,9,0,10,0,6,72,3,81,0,7,81,3,91,30,0,30,121
04/28/2014,BKV,FL,ASO,ES,Federal Contract Tower,0,2,7,0,9,0,6,48,2,56,0,8,55,2,65,78,1,79,144
04/29/2014,BKV,FL,ASO,ES,Federal Contract Tower,0,1,7,0,8,0,5,29,3,37,0,6,36,3,45,26,14,40,85
04/30/2014,BKV,FL,ASO,ES,Federal Contract Tower,0,3,8,6,17,0,2,30,3,35,0,5,38,9,52,15,0,15,67
05/01/2014,BKV,FL,ASO,ES,Federal Contract Tower,0,1,10,0,11,0,2,32,7,41,0,3,42,7,52,18,54,72,124
05/02/2014,BKV,FL,ASO,ES,Federal Contract Tower,0,1,5,0,6,0,3,0,0,3,0,4,5,0,9,0,57,57,66
05/03/2014,BKV,FL,ASO,ES,Federal Contract Tower,0,1,3,0,4,0,0,3,0,3,0,1,6,0,7,0,0,0,7
05/04/2014,BKV,FL,ASO,ES,Federal Contract Tower,0,0,8,2,10,0,3,65,7,75,0,3,73,9,85,20,2,22,107
05/05/2014,BKV,FL,ASO,ES,Federal Contract Tower,0,0,6,7,13,0,4,50,1,55,0,4,56,8,68,28,2,30,98
05/06/2014,BKV,FL,ASO,ES,Federal Contract Tower,0,2,7,9,18,0,3,61,7,71,0,5,68,16,89,58,6,64,153
05/07/2014,BKV,FL,ASO,ES,Federal Contract Tower,0,4,8,0,12,0,7,118,17,142,0,11,126,17,154,25,7,32,186
05/08/2014,BKV,FL,ASO,ES,Federal Contract Tower,0,1,14,1,16,0,4,76,14,94,0,5,90,15,110,39,41,80,190
05/09/2014,BKV,FL,ASO,ES,Federal Contract Tower,0,1,6,0,7,0,4,73,2,79,0,5,79,2,86,83,2,85,171
05/10/2014,BKV,FL,ASO,ES,Federal Contract Tower,0,1,8,0,9,0,4,86,0,90,0,5,94,0,99,73,0,73,172
05/11/2014,BKV,FL,ASO,ES,Federal Contract Tower,0,0,13,0,13,0,5,41,0,46,0,5,54,0,59,19,5,24,83
05/12/2014,BKV,FL,ASO,ES,Federal Contract Tower,0,0,11,6,17,0,3,27,2,32,0,3,38,8,49,20,9,29,78
05/13/2014,BKV,FL,ASO,ES,Federal Contract Tower,0,2,14,0,16,0,3,53,10,66,0,5,67,10,82,40,36,76,158
05/14/2014,BKV,FL,ASO,ES,Federal Contract Tower,0,3,11,0,14,0,2,34,5,41,0,5,45,5,55,18,8,26,81
05/15/2014,BKV,FL,ASO,ES,Federal Contract Tower,0,0,18,6,24,0,1,16,12,29,0,1,34,18,53,20,72,92,145
05/16/2014,BKV,FL,ASO,ES,Federal Contract Tower,0,3,10,0,13,0,7,66,5,78,0,10,76,5,91,4,41,45,136
05/17/2014,BKV,FL,ASO,ES,Federal Contract Tower,0,1,7,0,8,0,6,76,2,84,0,7,83,2,92,44,6,50,142
05/18/2014,BKV,FL,ASO,ES,Federal Contract Tower,0,2,4,0,6,0,2,56,1,59,0,4,60,1,65,15,2,17,82
05/19/2014,BKV,FL,ASO,ES,Federal Contract Tower,0,0,18,3,21,0,3,55,3,61,0,3,73,6,82,39,48,87,169
05/20/2014,BKV,FL,ASO,ES,Federal Contract Tower,0,1,2,1,4,0,1,63,10,74,0,2,65,11,78,73,90,163,241
05/21/2014,BKV,FL,ASO,ES,Federal Contract Tower,0,4,20,1,25,0,6,72,19,97,0,10,92,20,122,91,83,174,296
05/22/2014,BKV,FL,ASO,ES,Federal Contract Tower,0,0,17,0,17,0,1,77,3,81,0,1,94,3,98,20,43,63,161
05/23/2014,BKV,FL,ASO,ES,Federal Contract Tower,0,0,9,0,9,0,8,49,0,57,0,8,58,0,66,9,0,9,75
05/24/2014,BKV,FL,ASO,ES,Federal Contract Tower,0,0,5,0,5,0,2,61,0,63,0,2,66,0,68,138,0,138,206
05/25/2014,BKV,FL,ASO,ES,Federal Contract Tower,0,0,10,0,10,0,2,29,0,31,0,2,39,0,41,164,0,164,205
05/26/2014,BKV,FL,ASO,ES,Federal Contract Tower,0,0,8,0,8,0,2,53,0,55,0,2,61,0,63,105,0,105,168
05/27/2014,BKV,FL,ASO,ES,Federal Contract Tower,0,4,12,0,16,0,2,43,2,47,0,6,55,2,63,16,1,17,80
05/28/2014,BKV,FL,ASO,ES,Federal Contract Tower,0,0,7,0,7,0,2,40,4,46,0,2,47,4,53,68,43,111,164
05/29/2014,BKV,FL,ASO,ES,Federal Contract Tower,0,0,12,0,12,0,1,39,10,50,0,1,51,10,62,27,28,55,117
05/30/2014,BKV,FL,ASO,ES,Federal Contract Tower,0,2,11,2,15,0,0,56,1,57,0,2,67,3,72,51,3,54,126
05/31/2014,BKV,FL,ASO,ES,Federal Contract Tower,0,0,3,0,3,0,4,60,3,67,0,4,63,3,70,68,20,88,158
06/01/2014,BKV,FL,ASO,ES,Federal Contract Tower,0,0,6,0,6,0,4,27,1,32,0,4,33,1,38,56,0,56,94
06/02/2014,BKV,FL,ASO,ES,Federal Contract Tower,0,0,15,0,15,0,4,25,9,38,0,4,40,9,53,31,6,37,90
06/03/2014,BKV,FL,ASO,ES,Federal Contract Tower,0,0,12,3,15,0,0,62,5,67,0,0,74,8,82,74,12,86,168
06/04/2014,BKV,FL,ASO,ES,Federal Contract Tower,0,0,11,4,15,0,1,70,7,78,0,1,81,11,93,38,38,76,169
06/05/2014,BKV,FL,ASO,ES,Federal Contract Tower,0,2,12,1,15,0,6,49,10,65,0,8,61,11,80,54,27,81,161
06/06/2014,BKV,FL,ASO,ES,Federal Contract Tower,0,4,16,1,21,0,0,54,6,60,0,4,70,7,81,31,11,42,123
06/07/2014,BKV,FL,ASO,ES,Federal Contract Tower,0,2,9,2,13,0,6,75,5,86,0,8,84,7,99,39,14,53,152
06/08/2014,BKV,FL,ASO,ES,Federal Contract Tower,0,0,9,1,10,0,0,51,12,63,0,0,60,13,73,71,10,81,154
06/09/2014,BKV,FL,ASO,ES,Federal Contract Tower,0,0,9,0,9,0,4,43,7,54,0,4,52,7,63,102,47,149,212
06/10/2014,BKV,FL,ASO,ES,Federal Contract Tower,0,0,3,2,5,0,2,56,5,63,0,2,59,7,68,36,46,82,150
06/11/2014,BKV,FL,ASO,ES,Federal Contract Tower,0,2,3,5,10,0,0,34,6,40,0,2,37,11,50,52,18,70,120
06/12/2014,BKV,FL,ASO,ES,Federal Contract Tower,0,1,8,0,9,0,0,53,12,65,0,1,61,12,74,95,20,115,189
06/13/2014,BKV,FL,ASO,ES,Federal Contract Tower,0,1,8,0,9,0,0,20,0,20,0,1,28,0,29,17,0,17,46
06/14/2014,BKV,FL,ASO,ES,Federal Contract Tower,0,2,3,0,5,0,1,78,0,79,0,3,81,0,84,116,0,116,200
06/15/2014,BKV,FL,ASO,ES,Federal Contract Tower,0,2,4,0,6,0,0,56,0,56,0,2,60,0,62,43,0,43,105
06/16/2014,BKV,FL,ASO,ES,Federal Contract Tower,0,0,11,0,11,0,0,59,15,74,0,0,70,15,85,34,0,34,119
06/17/2014,BKV,FL,ASO,ES,Federal Contract Tower,0,1,3,2,6,0,0,69,6,75,0,1,72,8,81,129,4,133,214
06/18/2014,BKV,FL,ASO,ES,Federal Contract Tower,0,2,10,2,14,0,5,63,9,77,0,7,73,11,91,133,8,141,232
06/19/2014,BKV,FL,ASO,ES,Federal Contract Tower,0,1,6,6,13,0,3,50,1,54,0,4,56,7,67,132,24,156,223
06/20/2014,BKV,FL,ASO,ES,Federal Contract Tower,0,5,10,4,19,0,4,56,5,65,0,9,66,9,84,50,18,68,152
06/21/2014,BKV,FL,ASO,ES,Federal Contract Tower,0,2,9,0,11,0,3,48,0,51,0,5,57,0,62,123,0,123,185
06/22/2014,BKV,FL,ASO,ES,Federal Contract Tower,0,3,9,0,12,0,5,54,0,59,0,8,63,0,71,96,0,96,167
06/23/2014,BKV,FL,ASO,ES,Federal Contract Tower,0,0,4,0,4,0,7,35,0,42,0,7,39,0,46,16,0,16,62
06/24/2014,BKV,FL,ASO,ES,Federal Contract Tower,0,2,6,7,15,0,1,35,8,44,0,3,41,15,59,95,10,105,164
06/25/2014,BKV,FL,ASO,ES,Federal Contract Tower,0,2,5,2,9,0,1,44,4,49,0,3,49,6,58,73,36,109,167
06/26/2014,BKV,FL,ASO,ES,Federal Contract Tower,0,4,13,2,19,0,6,57,4,67,0,10,70,6,86,68,41,109,195
06/27/2014,BKV,FL,ASO,ES,Federal Contract Tower,0,1,12,0,13,0,6,79,0,85,0,7,91,0,98,42,0,42,140
06/28/2014,BKV,FL,ASO,ES,Federal Contract Tower,0,0,0,0,0,0,11,67,0,78,0,11,67,0,78,58,0,58,136
06/29/2014,BKV,FL,ASO,ES,Federal Contract Tower,0,4,5,0,9,0,0,55,0,55,0,4,60,0,64,16,0,16,80
06/30/2014,BKV,FL,ASO,ES,Federal Contract Tower,0,2,8,0,10,0,4,27,2,33,0,6,35,2,43,54,24,78,121
07/01/2014,BKV,FL,ASO,ES,Federal Contract Tower,0,2,3,3,8,0,10,52,9,71,0,12,55,12,79,86,30,116,195
07/02/2014,BKV,FL,ASO,ES,Federal Contract Tower,0,0,9,4,13,0,2,57,9,68,0,2,66,13,81,44,0,44,125
07/03/2014,BKV,FL,ASO,ES,Federal Contract Tower,0,1,6,6,13,0,2,36,0,38,0,3,42,6,51,44,7,51,102
07/04/2014,BKV,FL,ASO,ES,Federal Contract Tower,0,0,3,0,3,0,0,27,0,27,0,0,30,0,30,0,0,0,30
07/05/2014,BKV,FL,ASO,ES,Federal Contract Tower,0,2,1,0,3,0,2,32,0,34,0,4,33,0,37,39,0,39,76
07/06/2014,BKV,FL,ASO,ES,Federal Contract Tower,0,0,5,0,5,0,6,22,0,28,0,6,27,0,33,29,0,29,62
07/07/2014,BKV,FL,ASO,ES,Federal Contract Tower,0,1,8,0,9,0,3,39,0,42,0,4,47,0,51,46,0,46,97
07/08/2014,BKV,FL,ASO,ES,Federal Contract Tower,0,0,9,0,9,0,0,48,2,50,0,0,57,2,59,13,0,13,72
07/09/2014,BKV,FL,ASO,ES,Federal Contract Tower,0,1,12,7,20,0,4,30,2,36,0,5,42,9,56,66,71,137,193
07/10/2014,BKV,FL,ASO,ES,Federal Contract Tower,0,2,5,0,7,0,11,33,0,44,0,13,38,0,51,27,41,68,119
07/11/2014,BKV,FL,ASO,ES,Federal Contract Tower,0,3,7,0,10,0,1,49,2,52,0,4,56,2,62,86,0,86,148
07/12/2014,BKV,FL,ASO,ES,Federal Contract Tower,0,0,7,0,7,0,1,80,0,81,0,1,87,0,88,59,0,59,147
07/13/2014,BKV,FL,ASO,ES,Federal Contract Tower,0,0,11,0,11,0,2,31,0,33,0,2,42,0,44,49,0,49,93
07/14/2014,BKV,FL,ASO,ES,Federal Contract Tower,0,1,7,2,10,0,15,39,16,70,0,16,46,18,80,55,16,71,151
07/15/2014,BKV,FL,ASO,ES,Federal Contract Tower,0,0,0,7,7,0,6,23,18,47,0,6,23,25,54,41,24,65,119
07/16/2014,BKV,FL,ASO,ES,Federal Contract Tower,0,1,4,1,6,0,0,22,2,24,0,1,26,3,30,6,9,15,45
07/17/2014,BKV,FL,ASO,ES,Federal Contract Tower,0,1,10,4,15,0,5,52,2,59,0,6,62,6,74,35,34,69,143
07/18/2014,BKV,FL,ASO,ES,Federal Contract Tower,0,0,8,1,9,0,0,76,6,82,0,0,84,7,91,52,30,82,173
07/19/2014,BKV,FL,ASO,ES,Federal Contract Tower,0,0,3,0,3,0,6,99,5,110,0,6,102,5,113,15,14,29,142
07/20/2014,BKV,FL,ASO,ES,Federal Contract Tower,0,0,7,0,7,0,2,39,4,45,0,2,46,4,52,36,0,36,88
07/21/2014,BKV,FL,ASO,ES,Federal Contract Tower,0,1,5,0,6,0,0,44,10,54,0,1,49,10,60,73,11,84,144
07/22/2014,BKV,FL,ASO,ES,Federal Contract Tower,0,2,14,8,24,0,2,51,11,64,0,4,65,19,88,63,27,90,178
07/23/2014,BKV,FL,ASO,ES,Federal Contract Tower,0,3,16,0,19,0,17,83,5,105,0,20,99,5,124,16,12,28,152
07/24/2014,BKV,FL,ASO,ES,Federal Contract Tower,0,1,15,0,16,0,6,84,5,95,0,7,99,5,111,5,24,29,140
07/25/2014,BKV,FL,ASO,ES,Federal Contract Tower,0,0,3,0,3,0,4,46,2,52,0,4,49,2,55,54,0,54,109
07/26/2014,BKV,FL,ASO,ES,Federal Contract Tower,0,0,8,0,8,0,14,69,1,84,0,14,77,1,92,43,0,43,135
07/27/2014,BKV,FL,ASO,ES,Federal Contract Tower,0,1,8,0,9,0,1,43,0,44,0,2,51,0,53,20,0,20,73
07/28/2014,BKV,FL,ASO,ES,Federal Contract Tower,0,1,1,0,2,0,2,39,15,56,0,3,40,15,58,13,57,70,128
07/29/2014,BKV,FL,ASO,ES,Federal Contract Tower,0,0,12,0,12,0,3,31,4,38,0,3,43,4,50,20,44,64,114
07/30/2014,BKV,FL,ASO,ES,Federal Contract Tower,0,2,6,0,8,0,3,74,12,89,0,5,80,12,97,81,88,169,266
07/31/2014,BKV,FL,ASO,ES,Federal Contract Tower,0,2,11,0,13,0,1,54,10,65,0,3,65,10,78,46,16,62,140
08/01/2014,BKV,FL,ASO,ES,Federal Contract Tower,0,0,8,0,8,0,2,59,3,64,0,2,67,3,72,105,24,129,201
08/02/2014,BKV,FL,ASO,ES,Federal Contract Tower,0,0,4,0,4,0,4,42,3,49,0,4,46,3,53,28,10,38,91
08/03/2014,BKV,FL,ASO,ES,Federal Contract Tower,0,0,7,0,7,0,2,36,1,39,0,2,43,1,46,22,0,22,68
08/04/2014,BKV,FL,ASO,ES,Federal Contract Tower,0,2,3,0,5,0,0,27,0,27,0,2,30,0,32,36,0,36,68
08/05/2014,BKV,FL,ASO,ES,Federal Contract Tower,0,1,10,0,11,0,4,50,1,55,0,5,60,1,66,60,16,76,142
08/06/2014,BKV,FL,ASO,ES,Federal Contract Tower,0,0,12,0,12,0,4,50,5,59,0,4,62,5,71,73,16,89,160
08/07/2014,BKV,FL,ASO,ES,Federal Contract Tower,0,1,6,0,7,0,4,59,21,84,0,5,65,21,91,16,6,22,113
08/08/2014,BKV,FL,ASO,ES,Federal Contract Tower,0,3,7,0,10,0,3,74,0,77,0,6,81,0,87,25,0,25,112
08/09/2014,BKV,FL,ASO,ES,Federal Contract Tower,0,0,8,0,8,0,6,46,0,52,0,6,54,0,60,39,0,39,99
08/10/2014,BKV,FL,ASO,ES,Federal Contract Tower,0,2,0,0,2,0,0,22,0,22,0,2,22,0,24,45,0,45,69
08/11/2014,BKV,FL,ASO,ES,Federal Contract Tower,0,2,11,8,21,0,3,6,3,12,0,5,17,11,33,0,34,34,67
08/12/2014,BKV,FL,ASO,ES,Federal Contract Tower,0,2,4,0,6,0,0,30,2,32,0,2,34,2,38,18,0,18,56
08/13/2014,BKV,FL,ASO,ES,Federal Contract Tower,0,3,6,0,9,0,3,47,8,58,0,6,53,8,67,34,21,55,122
08/14/2014,BKV,FL,ASO,ES,Federal Contract Tower,0,1,2,8,11,0,4,17,0,21,0,5,19,8,32,31,0,31,63
08/15/2014,BKV,FL,ASO,ES,Federal Contract Tower,0,4,7,0,11,0,0,7,0,7,0,4,14,0,18,0,0,0,18
08/16/2014,BKV,FL,ASO,ES,Federal Contract Tower,0,0,4,2,6,0,5,46,10,61,0,5,50,12,67,57,11,68,135
08/17/2014,BKV,FL,ASO,ES,Federal Contract Tower,0,0,3,5,8,0,2,48,18,68,0,2,51,23,76,88,0,88,164
08/18/2014,BKV,FL,ASO,ES,Federal Contract Tower,0,0,8,0,8,0,2,45,0,47,0,2,53,0,55,64,0,64,119
08/19/2014,BKV,FL,ASO,ES,Federal Contract Tower,0,0,8,0,8,0,3,81,3,87,0,3,89,3,95,66,46,112,207
08/20/2014,BKV,FL,ASO,ES,Federal Contract Tower,0,1,6,7,14,0,13,73,9,95,0,14,79,16,109,48,28,76,185
08/21/2014,BKV,FL,ASO,ES,Federal Contract Tower,0,0,10,4,14,0,3,81,5,89,0,3,91,9,103,40,10,50,153
08/22/2014,BKV,FL,ASO,ES,Federal Contract Tower,0,1,16,0,17,0,5,59,15,79,0,6,75,15,96,44,23,67,163
08/23/2014,BKV,FL,ASO,ES,Federal Contract Tower,0,3,5,2,10,0,3,50,15,68,0,6,55,17,78,93,55,148,226
08/24/2014,BKV,FL,ASO,ES,Federal Contract Tower,0,3,3,3,9,0,9,36,17,62,0,12,39,20,71,38,4,42,113
08/25/2014,BKV,FL,ASO,ES,Federal Contract Tower,0,0,6,0,6,0,2,26,2,30,0,2,32,2,36,19,5,24,60
08/26/2014,BKV,FL,ASO,ES,Federal Contract Tower,0,2,6,2,10,0,7,32,1,40,0,9,38,3,50,16,0,16,66
08/27/2014,BKV,FL,ASO,ES,Federal Contract Tower,0,2,9,2,13,0,5,55,2,62,0,7,64,4,75,180,4,184,259
08/28/2014,BKV,FL,ASO,ES,Federal Contract Tower,0,4,4,0,8,0,4,82,10,96,0,8,86,10,104,79,2,81,185
08/29/2014,BKV,FL,ASO,ES,Federal Contract Tower,0,0,8,0,8,0,3,48,0,51,0,3,56,0,59,24,0,24,83
08/30/2014,BKV,FL,ASO,ES,Federal Contract Tower,0,0,0,0,0,0,2,47,2,51,0,2,47,2,51,35,0,35,86
08/31/2014,BKV,FL,ASO,ES,Federal Contract Tower,0,0,2,0,2,0,2,31,0,33,0,2,33,0,35,51,0,51,86
09/01/2014,BKV,FL,ASO,ES,Federal Contract Tower,0,0,7,0,7,0,0,49,0,49,0,0,56,0,56,47,0,47,103
09/02/2014,BKV,FL,ASO,ES,Federal Contract Tower,0,3,11,0,14,0,2,55,4,61,0,5,66,4,75,63,15,78,153
09/03/2014,BKV,FL,ASO,ES,Federal Contract Tower,0,2,3,4,9,0,0,45,4,49,0,2,48,8,58,44,17,61,119
09/04/2014,BKV,FL,ASO,ES,Federal Contract Tower,0,2,6,2,10,0,6,73,10,89,0,8,79,12,99,10,57,67,166
09/05/2014,BKV,FL,ASO,ES,Federal Contract Tower,0,2,12,0,14,0,5,51,0,56,0,7,63,0,70,44,0,44,114
09/06/2014,BKV,FL,ASO,ES,Federal Contract Tower,0,0,2,0,2,0,7,47,0,54,0,7,49,0,56,70,0,70,126
09/07/2014,BKV,FL,ASO,ES,Federal Contract Tower,0,0,6,0,6,0,4,35,0,39,0,4,41,0,45,20,0,20,65
09/08/2014,BKV,FL,ASO,ES,Federal Contract Tower,0,2,9,0,11,0,1,18,0,19,0,3,27,0,30,40,0,40,70
09/09/2014,BKV,FL,ASO,ES,Federal Contract Tower,0,1,11,0,12,0,0,49,0,49,0,1,60,0,61,27,0,27,88
09/10/2014,BKV,FL,ASO,ES,Federal Contract Tower,0,1,12,0,13,0,5,71,4,80,0,6,83,4,93,81,0,81,174
09/11/2014,BKV,FL,ASO,ES,Federal Contract Tower,0,2,9,1,12,0,6,91,2,99,0,8,100,3,111,56,0,56,167
09/12/2014,BKV,FL,ASO,ES,Federal Contract Tower,0,3,3,3,9,0,2,51,18,71,0,5,54,21,80,14,40,54,134
09/13/2014,BKV,FL,ASO,ES,Federal Contract Tower,0,0,2,2,4,0,4,73,22,99,0,4,75,24,103,35,18,53,156
09/14/2014,BKV,FL,ASO,ES,Federal Contract Tower,0,1,6,4,11,0,4,34,6,44,0,5,40,10,55,20,76,96,151
09/15/2014,BKV,FL,ASO,ES,Federal Contract Tower,0,6,21,4,31,0,2,36,2,40,0,8,57,6,71,29,7,36,107
09/16/2014,BKV,FL,ASO,ES,Federal Contract Tower,0,6,3,0,9,0,1,22,0,23,0,7,25,0,32,14,0,14,46
09/17/2014,BKV,FL,ASO,ES,Federal Contract Tower,0,0,16,2,18,0,4,16,1,21,0,4,32,3,39,22,2,24,63
09/18/2014,BKV,FL,ASO,ES,Federal Contract Tower,0,3,22,0,25,0,9,106,2,117,0,12,128,2,142,61,20,81,223
09/19/2014,BKV,FL,ASO,ES,Federal Contract Tower,0,4,7,0,11,0,1,9,0,10,0,5,16,0,21,22,2,24,45
09/20/2014,BKV,FL,ASO,ES,Federal Contract Tower,0,0,7,0,7,0,5,2,0,7,0,5,9,0,14,13,0,13,27
09/21/2014,BKV,FL,ASO,ES,Federal Contract Tower,0,0,10,0,10,0,4,32,0,36,0,4,42,0,46,42,0,42,88
09/22/2014,BKV,FL,ASO,ES,Federal Contract Tower,0,2,15,0,17,0,2,29,2,33,0,4,44,2,50,14,0,14,64
09/23/2014,BKV,FL,ASO,ES,Federal Contract Tower,0,2,4,1,7,0,2,35,5,42,0,4,39,6,49,103,20,123,172
09/24/2014,BKV,FL,ASO,ES,Federal Contract Tower,0,1,20,2,23,0,2,22,4,28,0,3,42,6,51,18,16,34,85
09/25/2014,BKV,FL,ASO,ES,Federal Contract Tower,0,0,32,0,32,0,4,19,0,23,0,4,51,0,55,31,0,31,86
09/26/2014,BKV,FL,ASO,ES,Federal Contract Tower,0,0,9,0,9,0,4,46,0,50,0,4,55,0,59,19,0,19,78
09/27/2014,BKV,FL,ASO,ES,Federal Contract Tower,0,1,7,1,9,0,0,20,3,23,0,1,27,4,32,20,41,61,93
09/28/2014,BKV,FL,ASO,ES,Federal Contract Tower,0,1,16,2,19,0,2,11,1,14,0,3,27,3,33,13,33,46,79
09/29/2014,BKV,FL,ASO,ES,Federal Contract Tower,0,1,3,0,4,0,0,17,0,17,0,1,20,0,21,35,0,35,56
09/30/2014,BKV,FL,ASO,ES,Federal Contract Tower,0,1,14,0,15,0,3,20,6,29,0,4,34,6,44,17,68,85,129
10/01/2014,BKV,FL,ASO,ES,Federal Contract Tower,0,3,22,4,29,0,1,38,15,54,0,4,60,19,83,62,62,124,207
10/02/2014,BKV,FL,ASO,ES,Federal Contract Tower,0,4,16,0,20,0,8,50,8,66,0,12,66,8,86,65,66,131,217
10/03/2014,BKV,FL,ASO,ES,Federal Contract Tower,0,0,19,4,23,0,0,50,4,54,0,0,69,8,77,53,21,74,151
10/04/2014,BKV,FL,ASO,ES,Federal Contract Tower,0,1,11,0,12,0,10,29,0,39,0,11,40,0,51,52,0,52,103
10/05/2014,BKV,FL,ASO,ES,Federal Contract Tower,0,0,10,0,10,0,5,77,0,82,0,5,87,0,92,180,0,180,272
10/06/2014,BKV,FL,ASO,ES,Federal Contract Tower,0,4,10,0,14,0,13,45,6,64,0,17,55,6,78,70,30,100,178
10/07/2014,BKV,FL,ASO,ES,Federal Contract Tower,0,2,14,0,16,0,8,34,8,50,0,10,48,8,66,53,0,53,119
10/08/2014,BKV,FL,ASO,ES,Federal Contract Tower,0,0,8,2,10,0,5,90,19,114,0,5,98,21,124,86,25,111,235
10/09/2014,BKV,FL,ASO,ES,Federal Contract Tower,0,1,4,0,5,0,2,57,5,64,0,3,61,5,69,42,50,92,161
10/10/2014,BKV,FL,ASO,ES,Federal Contract Tower,0,2,4,0,6,0,7,48,0,55,0,9,52,0,61,0,0,0,61
10/11/2014,BKV,FL,ASO,ES,Federal Contract Tower,0,0,13,0,13,0,0,94,0,94,0,0,107,0,107,33,0,33,140
10/12/2014,BKV,FL,ASO,ES,Federal Contract Tower,0,1,15,0,16,0,7,64,0,71,0,8,79,0,87,8,0,8,95
10/13/2014,BKV,FL,ASO,ES,Federal Contract Tower,0,1,1,0,2,0,8,61,0,69,0,9,62,0,71,33,0,33,104
10/14/2014,BKV,FL,ASO,ES,Federal Contract Tower,0,2,2,0,4,0,0,12,0,12,0,2,14,0,16,20,0,20,36
10/15/2014,BKV,FL,ASO,ES,Federal Contract Tower,0,0,13,0,13,0,7,34,4,45,0,7,47,4,58,16,45,61,119
10/16/2014,BKV,FL,ASO,ES,Federal Contract Tower,0,0,5,0,5,0,5,69,1,75,0,5,74,1,80,82,81,163,243
10/17/2014,BKV,FL,ASO,ES,Federal Contract Tower,0,8,16,0,24,0,3,64,8,75,0,11,80,8,99,42,42,84,183
10/18/2014,BKV,FL,ASO,ES,Federal Contract Tower,0,0,4,4,8,0,6,48,10,64,0,6,52,14,72,59,10,69,141
10/19/2014,BKV,FL,ASO,ES,Federal Contract Tower,0,0,14,0,14,0,2,55,1,58,0,2,69,1,72,176,3,179,251
10/20/2014,BKV,FL,ASO,ES,Federal Contract Tower,0,1,3,0,4,0,2,46,6,54,0,3,49,6,58,39,18,57,115
10/21/2014,BKV,FL,ASO,ES,Federal Contract Tower,0,1,4,0,5,0,8,72,10,90,0,9,76,10,95,229,15,244,339
10/22/2014,BKV,FL,ASO,ES,Federal Contract Tower,0,0,15,0,15,0,2,84,9,95,0,2,99,9,110,135,50,185,295
10/23/2014,BKV,FL,ASO,ES,Federal Contract Tower,0,3,6,1,10,0,8,63,6,77,0,11,69,7,87,11,70,81,168
10/24/2014,BKV,FL,ASO,ES,Federal Contract Tower,0,0,12,0,12,0,5,75,2,82,0,5,87,2,94,42,49,91,185
10/25/2014,BKV,FL,ASO,ES,Federal Contract Tower,0,1,4,0,5,0,2,67,5,74,0,3,71,5,79,51,10,61,140
10/26/2014,BKV,FL,ASO,ES,Federal Contract Tower,0,0,7,0,7,0,8,46,3,57,0,8,53,3,64,24,15,39,103
10/27/2014,BKV,FL,ASO,ES,Federal Contract Tower,0,1,12,0,13,0,3,47,1,51,0,4,59,1,64,38,28,66,130
10/28/2014,BKV,FL,ASO,ES,Federal Contract Tower,0,1,5,1,7,0,4,59,18,81,0,5,64,19,88,62,72,134,222
10/29/2014,BKV,FL,ASO,ES,Federal Contract Tower,0,2,3,2,7,0,5,48,3,56,0,7,51,5,63,73,22,95,158
10/30/2014,BKV,FL,ASO,ES,Federal Contract Tower,0,1,10,1,12,0,0,59,1,60,0,1,69,2,72,29,26,55,127
10/31/2014,BKV,FL,ASO,ES,Federal Contract Tower,0,0,4,0,4,0,0,0,0,0,0,0,4,0,4,21,0,21,25
11/01/2014,BKV,FL,ASO,ES,Federal Contract Tower,0,2,3,0,5,0,6,12,0,18,0,8,15,0,23,0,0,0,23
11/02/2014,BKV,FL,ASO,ES,Federal Contract Tower,0,0,3,0,3,0,0,46,0,46,0,0,49,0,49,13,0,13,62
11/03/2014,BKV,FL,ASO,ES,Federal Contract Tower,0,0,10,0,10,0,10,32,2,44,0,10,42,2,54,20,0,20,74
11/04/2014,BKV,FL,ASO,ES,Federal Contract Tower,0,1,6,0,7,0,2,46,22,70,0,3,52,22,77,32,40,72,149
11/05/2014,BKV,FL,ASO,ES,Federal Contract Tower,0,1,9,0,10,0,4,78,5,87,0,5,87,5,97,34,11,45,142
11/06/2014,BKV,FL,ASO,ES,Federal Contract Tower,0,0,5,4,9,0,8,46,13,67,0,8,51,17,76,44,42,86,162
11/07/2014,BKV,FL,ASO,ES,Federal Contract Tower,0,1,8,0,9,0,2,53,4,59,0,3,61,4,68,47,42,89,157
11/08/2014,BKV,FL,ASO,ES,Federal Contract Tower,0,0,4,0,4,0,0,74,0,74,0,0,78,0,78,36,0,36,114
11/09/2014,BKV,FL,ASO,ES,Federal Contract Tower,0,0,7,0,7,0,2,16,0,18,0,2,23,0,25,4,0,4,29
11/10/2014,BKV,FL,ASO,ES,Federal Contract Tower,0,2,14,0,16,0,4,27,0,31,0,6,41,0,47,14,0,14,61
11/11/2014,BKV,FL,ASO,ES,Federal Contract Tower,0,2,10,0,12,0,2,35,0,37,0,4,45,0,49,100,0,100,149
11/12/2014,BKV,FL,ASO,ES,Federal Contract Tower,0,5,8,0,13,0,3,39,9,51,0,8,47,9,64,79,15,94,158
11/13/2014,BKV,FL,ASO,ES,Federal Contract Tower,0,9,5,1,15,0,3,54,14,71,0,12,59,15,86,15,59,74,160
11/14/2014,BKV,FL,ASO,ES,Federal Contract Tower,0,1,23,1,25,0,5,50,11,66,0,6,73,12,91,19,68,87,178
11/15/2014,BKV,FL,ASO,ES,Federal Contract Tower,0,1,5,0,6,0,9,73,9,91,0,10,78,9,97,66,18,84,181
11/16/2014,BKV,FL,ASO,ES,Federal Contract Tower,0,2,4,0,6,0,2,59,0,61,0,4,63,0,67,43,0,43,110
11/17/2014,BKV,FL,ASO,ES,Federal Contract Tower,0,3,2,3,8,0,4,18,2,24,0,7,20,5,32,4,2,6,38
11/18/2014,BKV,FL,ASO,ES,Federal Contract Tower,0,7,4,0,11,0,3,40,1,44,0,10,44,1,55,57,37,94,149
11/19/2014,BKV,FL,ASO,ES,Federal Contract Tower,0,4,5,0,9,0,5,56,10,71,0,9,61,10,80,51,31,82,162
11/20/2014,BKV,FL,ASO,ES,Federal Contract Tower,0,1,7,0,8,0,2,79,4,85,0,3,86,4,93,36,45,81,174
11/21/2014,BKV,FL,ASO,ES,Federal Contract Tower,0,2,9,2,13,0,2,68,6,76,0,4,77,8,89,8,13,21,110
11/22/2014,BKV,FL,ASO,ES,Federal Contract Tower,0,1,8,6,15,0,2,18,0,20,0,3,26,6,35,0,2,2,37
11/23/2014,BKV,FL,ASO,ES,Federal Contract Tower,0,0,11,0,11,0,2,16,2,20,0,2,27,2,31,36,0,36,67
11/24/2014,BKV,FL,ASO,ES,Federal Contract Tower,0,5,10,0,15,0,0,9,2,11,0,5,19,2,26,38,0,38,64
11/25/2014,BKV,FL,ASO,ES,Federal Contract Tower,0,0,4,0,4,0,0,0,0,0,0,0,4,0,4,0,0,0,4
11/26/2014,BKV,FL,ASO,ES,Federal Contract Tower,0,4,9,0,13,0,3,8,3,14,0,7,17,3,27,0,8,8,35
11/27/2014,BKV,FL,ASO,ES,Federal Contract Tower,0,0,9,0,9,0,0,16,0,16,0,0,25,0,25,11,0,11,36
11/28/2014,BKV,FL,ASO,ES,Federal Contract Tower,0,2,5,0,7,0,2,71,0,73,0,4,76,0,80,44,0,44,124
11/29/2014,BKV,FL,ASO,ES,Federal Contract Tower,0,0,8,0,8,0,2,75,0,77,0,2,83,0,85,11,0,11,96
11/30/2014,BKV,FL,ASO,ES,Federal Contract Tower,0,3,8,0,11,0,2,37,0,39,0,5,45,0,50,18,0,18,68
12/01/2014,BKV,FL,ASO,ES,Federal Contract Tower,0,0,13,4,17,0,4,32,4,40,0,4,45,8,57,43,20,63,120
12/02/2014,BKV,FL,ASO,ES,Federal Contract Tower,0,7,3,0,10,0,4,36,2,42,0,11,39,2,52,53,22,75,127
12/03/2014,BKV,FL,ASO,ES,Federal Contract Tower,0,1,8,7,16,0,2,93,5,100,0,3,101,12,116,36,68,104,220
12/04/2014,BKV,FL,ASO,ES,Federal Contract Tower,0,2,5,0,7,0,4,75,4,83,0,6,80,4,90,49,41,90,180
12/05/2014,BKV,FL,ASO,ES,Federal Contract Tower,0,0,14,0,14,0,2,38,0,40,0,2,52,0,54,17,0,17,71
12/06/2014,BKV,FL,ASO,ES,Federal Contract Tower,0,1,2,0,3,0,0,71,0,71,0,1,73,0,74,42,0,42,116
12/07/2014,BKV,FL,ASO,ES,Federal Contract Tower,0,2,9,0,11,0,3,7,0,10,0,5,16,0,21,8,0,8,29
12/08/2014,BKV,FL,ASO,ES,Federal Contract Tower,0,0,25,0,25,0,0,1,0,1,0,0,26,0,26,0,0,0,26
12/09/2014,BKV,FL,ASO,ES,Federal Contract Tower,0,1,7,0,8,0,7,32,0,39,0,8,39,0,47,19,0,19,66
12/10/2014,BKV,FL,ASO,ES,Federal Contract Tower,0,0,13,0,13,0,2,55,9,66,0,2,68,9,79,59,139,198,277
12/11/2014,BKV,FL,ASO,ES,Federal Contract Tower,0,1,5,4,10,0,6,80,3,89,0,7,85,7,99,60,100,160,259
12/12/2014,BKV,FL,ASO,ES,Federal Contract Tower,0,2,16,0,18,0,8,60,5,73,0,10,76,5,91,82,0,82,173
12/13/2014,BKV,FL,ASO,ES,Federal Contract Tower,0,1,9,0,10,0,1,43,4,48,0,2,52,4,58,41,24,65,123
12/14/2014,BKV,FL,ASO,ES,Federal Contract Tower,0,1,9,0,10,0,6,50,0,56,0,7,59,0,66,26,0,26,92
12/15/2014,BKV,FL,ASO,ES,Federal Contract Tower,0,3,5,2,10,0,3,23,5,31,0,6,28,7,41,52,36,88,129
12/16/2014,BKV,FL,ASO,ES,Federal Contract Tower,0,5,1,0,6,0,7,19,1,27,0,12,20,1,33,52,6,58,91
12/17/2014,BKV,FL,ASO,ES,Federal Contract Tower,0,2,5,0,7,0,6,69,6,81,0,8,74,6,88,85,64,149,237
12/18/2014,BKV,FL,ASO,ES,Federal Contract Tower,0,1,2,0,3,0,3,71,4,78,0,4,73,4,81,94,38,132,213
12/19/2014,BKV,FL,ASO,ES,Federal Contract Tower,0,1,7,0,8,0,5,80,0,85,0,6,87,0,93,61,0,61,154
12/20/2014,BKV,FL,ASO,ES,Federal Contract Tower,0,0,4,0,4,0,9,83,1,93,0,9,87,1,97,65,0,65,162
12/21/2014,BKV,FL,ASO,ES,Federal Contract Tower,0,2,4,0,6,0,4,23,0,27,0,6,27,0,33,51,0,51,84
12/22/2014,BKV,FL,ASO,ES,Federal Contract Tower,0,1,20,4,25,0,3,3,0,6,0,4,23,4,31,2,0,2,33
12/23/2014,BKV,FL,ASO,ES,Federal Contract Tower,0,0,10,0,10,0,4,23,7,34,0,4,33,7,44,13,86,99,143
12/24/2014,BKV,FL,ASO,ES,Federal Contract Tower,0,0,4,2,6,0,3,1,0,4,0,3,5,2,10,2,0,2,12
12/25/2014,BKV,FL,ASO,ES,Federal Contract Tower,0,2,6,0,8,0,0,3,0,3,0,2,9,0,11,0,0,0,11
12/26/2014,BKV,FL,ASO,ES,Federal Contract Tower,0,2,11,0,13,0,0,49,0,49,0,2,60,0,62,82,0,82,144
12/27/2014,BKV,FL,ASO,ES,Federal Contract Tower,0,3,12,0,15,0,3,55,0,58,0,6,67,0,73,41,0,41,114
12/28/2014,BKV,FL,ASO,ES,Federal Contract Tower,0,0,15,0,15,0,2,43,0,45,0,2,58,0,60,40,0,40,100
12/29/2014,BKV,FL,ASO,ES,Federal Contract Tower,0,1,16,3,20,0,7,30,3,40,0,8,46,6,60,63,23,86,146
12/30/2014,BKV,FL,ASO,ES,Federal Contract Tower,0,0,8,0,8,0,2,16,0,18,0,2,24,0,26,4,0,4,30
12/31/2014,BKV,FL,ASO,ES,Federal Contract Tower,0,2,16,0,18,0,2,7,0,9,0,4,23,0,27,0,0,0,27
01/01/2015,BKV,FL,ASO,ES,Federal Contract Tower,0,1,23,0,24,0,2,10,0,12,0,3,33,0,36,0,0,0,36
01/02/2015,BKV,FL,ASO,ES,Federal Contract Tower,0,1,4,0,5,0,8,30,0,38,0,9,34,0,43,89,0,89,132
01/03/2015,BKV,FL,ASO,ES,Federal Contract Tower,0,0,4,0,4,0,4,31,0,35,0,4,35,0,39,30,0,30,69
01/04/2015,BKV,FL,ASO,ES,Federal Contract Tower,0,4,5,0,9,0,2,12,0,14,0,6,17,0,23,10,0,10,33
01/05/2015,BKV,FL,ASO,ES,Federal Contract Tower,0,2,4,0,6,0,3,28,1,32,0,5,32,1,38,33,18,51,89
01/06/2015,BKV,FL,ASO,ES,Federal Contract Tower,0,3,7,0,10,0,1,31,2,34,0,4,38,2,44,61,53,114,158
01/07/2015,BKV,FL,ASO,ES,Federal Contract Tower,0,2,4,6,12,0,2,85,0,87,0,4,89,6,99,49,40,89,188
01/08/2015,BKV,FL,ASO,ES,Federal Contract Tower,0,1,3,0,4,0,3,28,1,32,0,4,31,1,36,27,45,72,108
01/09/2015,BKV,FL,ASO,ES,Federal Contract Tower,0,1,9,1,11,0,3,38,2,43,0,4,47,3,54,57,43,100,154
01/10/2015,BKV,FL,ASO,ES,Federal Contract Tower,0,0,3,0,3,0,5,54,4,63,0,5,57,4,66,50,8,58,124
01/11/2015,BKV,FL,ASO,ES,Federal Contract Tower,0,3,3,0,6,0,3,30,0,33,0,6,33,0,39,39,0,39,78
01/12/2015,BKV,FL,ASO,ES,Federal Contract Tower,0,1,2,0,3,0,2,0,0,2,0,3,2,0,5,10,0,10,15
01/13/2015,BKV,FL,ASO,ES,Federal Contract Tower,0,3,15,4,22,0,2,33,0,35,0,5,48,4,57,20,0,20,77
01/14/2015,BKV,FL,ASO,ES,Federal Contract Tower,0,1,22,4,27,0,2,27,6,35,0,3,49,10,62,58,24,82,144
01/15/2015,BKV,FL,ASO,ES,Federal Contract Tower,0,1,20,0,21,0,0,0,0,0,0,1,20,0,21,0,0,0,21
01/16/2015,BKV,FL,ASO,ES,Federal Contract Tower,0,1,4,0,5,0,2,38,0,40,0,3,42,0,45,30,0,30,75
01/17/2015,BKV,FL,ASO,ES,Federal Contract Tower,0,0,4,0,4,0,3,74,0,77,0,3,78,0,81,47,0,47,128
01/18/2015,BKV,FL,ASO,ES,Federal Contract Tower,0,1,2,1,4,0,3,37,2,42,0,4,39,3,46,37,15,52,98
01/19/2015,BKV,FL,ASO,ES,Federal Contract Tower,0,4,7,0,11,0,2,80,0,82,0,6,87,0,93,81,0,81,174
01/20/2015,BKV,FL,ASO,ES,Federal Contract Tower,0,3,6,1,10,0,4,58,10,72,0,7,64,11,82,56,82,138,220
01/21/2015,BKV,FL,ASO,ES,Federal Contract Tower,0,1,6,0,7,0,1,72,6,79,0,2,78,6,86,108,38,146,232
01/22/2015,BKV,FL,ASO,ES,Federal Contract Tower,0,0,10,0,10,0,6,52,13,71,0,6,62,13,81,42,12,54,135
01/23/2015,BKV,FL,ASO,ES,Federal Contract Tower,0,2,11,4,17,0,6,16,1,23,0,8,27,5,40,4,3,7,47
01/24/2015,BKV,FL,ASO,ES,Federal Contract Tower,0,1,6,2,9,0,1,12,16,29,0,2,18,18,38,7,47,54,92
01/25/2015,BKV,FL,ASO,ES,Federal Contract Tower,0,0,6,2,8,0,0,70,2,72,0,0,76,4,80,42,28,70,150
01/26/2015,BKV,FL,ASO,ES,Federal Contract Tower,0,0,2,8,10,0,2,14,2,18,0,2,16,10,28,12,8,20,48
01/27/2015,BKV,FL,ASO,ES,Federal Contract Tower,0,1,9,3,13,0,6,42,2,50,0,7,51,5,63,2,40,42,105
01/28/2015,BKV,FL,ASO,ES,Federal Contract Tower,0,4,15,0,19,0,0,52,0,52,0,4,67,0,71,42,0,42,113
01/29/2015,BKV,FL,ASO,ES,Federal Contract Tower,0,6,4,1,11,0,7,60,9,76,0,13,64,10,87,100,54,154,241
01/30/2015,BKV,FL,ASO,ES,Federal Contract Tower,0,2,16,0,18,0,2,42,0,44,0,4,58,0,62,23,12,35,97
01/31/2015,BKV,FL,ASO,ES,Federal Contract Tower,0,0,8,0,8,0,8,93,3,104,0,8,101,3,112,27,2,29,141
02/01/2015,BKV,FL,ASO,ES,Federal Contract Tower,0,1,8,2,11,0,4,64,4,72,0,5,72,6,83,42,2,44,127
02/02/2015,BKV,FL,ASO,ES,Federal Contract Tower,0,3,7,0,10,0,0,1,7,8,0,3,8,7,18,0,0,0,18
02/03/2015,BKV,FL,ASO,ES,Federal Contract Tower,0,2,15,0,17,0,0,81,0,81,0,2,96,0,98,53,36,89,187
02/04/2015,BKV,FL,ASO,ES,Federal Contract Tower,0,0,9,6,15,0,3,37,9,49,0,3,46,15,64,64,41,105,169
02/05/2015,BKV,FL,ASO,ES,Federal Contract Tower,0,7,6,2,15,0,2,19,3,24,0,9,25,5,39,11,5,16,55
02/06/2015,BKV,FL,ASO,ES,Federal Contract Tower,0,2,12,0,14,0,7,66,10,83,0,9,78,10,97,44,120,164,261
02/07/2015,BKV,FL,ASO,ES,Federal Contract Tower,0,1,3,1,5,0,4,77,8,89,0,5,80,9,94,40,103,143,237
02/08/2015,BKV,FL,ASO,ES,Federal Contract Tower,0,3,8,0,11,0,6,68,2,76,0,9,76,2,87,33,0,33,120
02/09/2015,BKV,FL,ASO,ES,Federal Contract Tower,0,2,2,0,4,0,1,13,0,14,0,3,15,0,18,6,0,6,24
02/10/2015,BKV,FL,ASO,ES,Federal Contract Tower,0,9,7,0,16,0,0,20,0,20,0,9,27,0,36,25,48,73,109
02/11/2015,BKV,FL,ASO,ES,Federal Contract Tower,0,2,6,2,10,0,4,80,12,96,0,6,86,14,106,75,94,169,275
02/12/2015,BKV,FL,ASO,ES,Federal Contract Tower,0,2,7,1,10,0,3,45,3,51,0,5,52,4,61,53,10,63,124
02/13/2015,BKV,FL,ASO,ES,Federal Contract Tower,0,3,13,0,16,0,6,43,2,51,0,9,56,2,67,70,69,139,206
02/14/2015,BKV,FL,ASO,ES,Federal Contract Tower,0,0,10,0,10,0,0,60,0,60,0,0,70,0,70,25,0,25,95
02/15/2015,BKV,FL,ASO,ES,Federal Contract Tower,0,2,7,0,9,0,4,47,4,55,0,6,54,4,64,40,0,40,104
02/16/2015,BKV,FL,ASO,ES,Federal Contract Tower,0,0,7,0,7,0,4,44,0,48,0,4,51,0,55,46,0,46,101
02/17/2015,BKV,FL,ASO,ES,Federal Contract Tower,0,4,2,4,10,0,2,4,3,9,0,6,6,7,19,2,36,38,57
02/18/2015,BKV,FL,ASO,ES,Federal Contract Tower,0,2,6,3,11,0,2,22,16,40,0,4,28,19,51,27,142,169,220
02/19/2015,BKV,FL,ASO,ES,Federal Contract Tower,0,2,5,0,7,0,5,49,1,55,0,7,54,1,62,50,0,50,112
02/20/2015,BKV,FL,ASO,ES,Federal Contract Tower,0,2,18,5,25,0,4,58,1,63,0,6,76,6,88,80,3,83,171
02/21/2015,BKV,FL,ASO,ES,Federal Contract Tower,0,0,8,0,8,0,3,90,3,96,0,3,98,3,104,88,12,100,204
02/22/2015,BKV,FL,ASO,ES,Federal Contract Tower,0,1,11,0,12,0,0,73,0,73,0,1,84,0,85,84,9,93,178
02/23/2015,BKV,FL,ASO,ES,Federal Contract Tower,0,4,10,6,20,0,2,6,2,10,0,6,16,8,30,0,0,0,30
02/24/2015,BKV,FL,ASO,ES,Federal Contract Tower,0,5,10,0,15,0,0,1,0,1,0,5,11,0,16,0,0,0,16
02/25/2015,BKV,FL,ASO,ES,Federal Contract Tower,0,6,5,5,16,0,2,10,1,13,0,8,15,6,29,4,6,10,39
02/26/2015,BKV,FL,ASO,ES,Federal Contract Tower,0,2,9,4,15,0,2,36,15,53,0,4,45,19,68,112,82,194,262
02/27/2015,BKV,FL,ASO,ES,Federal Contract Tower,0,2,24,0,26,0,11,56,0,67,0,13,80,0,93,34,2,36,129
02/28/2015,BKV,FL,ASO,ES,Federal Contract Tower,0,2,9,0,11,0,0,1,0,1,0,2,10,0,12,0,0,0,12
03/01/2015,BKV,FL,ASO,ES,Federal Contract Tower,0,1,20,0,21,0,5,13,0,18,0,6,33,0,39,40,0,40,79
03/02/2015,BKV,FL,ASO,ES,Federal Contract Tower,0,0,11,0,11,0,2,34,0,36,0,2,45,0,47,25,0,25,72
03/03/2015,BKV,FL,ASO,ES,Federal Contract Tower,0,1,8,0,9,0,8,73,9,90,0,9,81,9,99,51,41,92,191
03/04/2015,BKV,FL,ASO,ES,Federal Contract Tower,0,2,14,0,16,0,12,61,5,78,0,14,75,5,94,53,52,105,199
03/05/2015,BKV,FL,ASO,ES,Federal Contract Tower,0,8,9,2,19,0,2,26,5,33,0,10,35,7,52,8,69,77,129
03/06/2015,BKV,FL,ASO,ES,Federal Contract Tower,0,3,24,2,29,0,0,0,0,0,0,3,24,2,29,0,0,0,29
03/07/2015,BKV,FL,ASO,ES,Federal Contract Tower,0,1,5,0,6,0,3,36,0,39,0,4,41,0,45,89,0,89,134
03/08/2015,BKV,FL,ASO,ES,Federal Contract Tower,0,0,9,2,11,0,5,65,0,70,0,5,74,2,81,141,0,141,222
03/09/2015,BKV,FL,ASO,ES,Federal Contract Tower,0,0,2,1,3,0,4,43,12,59,0,4,45,13,62,70,36,106,168
03/10/2015,BKV,FL,ASO,ES,Federal Contract Tower,0,8,18,0,26,0,5,41,8,54,0,13,59,8,80,34,18,52,132
03/11/2015,BKV,FL,ASO,ES,Federal Contract Tower,0,1,7,7,15,0,7,30,12,49,0,8,37,19,64,68,54,122,186
03/12/2015,BKV,FL,ASO,ES,Federal Contract Tower,0,2,10,2,14,0,5,70,8,83,0,7,80,10,97,38,14,52,149
03/13/2015,BKV,FL,ASO,ES,Federal Contract Tower,0,4,10,6,20,0,5,46,4,55,0,9,56,10,75,11,29,40,115
03/14/2015,BKV,FL,ASO,ES,Federal Contract Tower,0,3,3,2,8,0,4,88,23,115,0,7,91,25,123,109,36,145,268
03/15/2015,BKV,FL,ASO,ES,Federal Contract Tower,0,1,8,0,9,0,2,52,10,64,0,3,60,10,73,207,12,219,292
03/16/2015,BKV,FL,ASO,ES,Federal Contract Tower,0,1,8,0,9,0,4,50,10,64,0,5,58,10,73,58,70,128,201
03/17/2015,BKV,FL,ASO,ES,Federal Contract Tower,0,3,7,1,11,0,0,62,3,65,0,3,69,4,76,132,2,134,210
03/18/2015,BKV,FL,ASO,ES,Federal Contract Tower,0,2,10,3,15,0,4,58,8,70,0,6,68,11,85,102,0,102,187
03/19/2015,BKV,FL,ASO,ES,Federal Contract Tower,0,2,9,0,11,0,3,55,0,58,0,5,64,0,69,20,0,20,89
03/20/2015,BKV,FL,ASO,ES,Federal Contract Tower,0,4,9,0,13,0,1,64,5,70,0,5,73,5,83,127,0,127,210
03/21/2015,BKV,FL,ASO,ES,Federal Contract Tower,0,1,5,0,6,0,1,71,0,72,0,2,76,0,78,145,0,145,223
03/22/2015,BKV,FL,ASO,ES,Federal Contract Tower,0,1,14,0,15,0,2,53,4,59,0,3,67,4,74,21,0,21,95
03/23/2015,BKV,FL,ASO,ES,Federal Contract Tower,0,1,6,0,7,0,4,12,3,19,0,5,18,3,26,0,16,16,42
03/24/2015,BKV,FL,ASO,ES,Federal Contract Tower,0,3,8,12,23,0,2,15,3,20,0,5,23,15,43,6,99,105,148
03/25/2015,BKV,FL,ASO,ES,Federal Contract Tower,0,6,11,23,40,0,0,43,9,52,0,6,54,32,92,113,58,171,263
03/26/2015,BKV,FL,ASO,ES,Federal Contract Tower,0,2,9,2,13,0,1,81,4,86,0,3,90,6,99,92,5,97,196
03/27/2015,BKV,FL,ASO,ES,Federal Contract Tower,0,1,11,0,12,0,2,19,2,23,0,3,30,2,35,17,0,17,52
03/28/2015,BKV,FL,ASO,ES,Federal Contract Tower,0,3,6,0,9,0,4,86,0,90,0,7,92,0,99,17,0,17,116
03/29/2015,BKV,FL,ASO,ES,Federal Contract Tower,0,0,12,0,12,0,5,95,0,100,0,5,107,0,112,60,34,94,206
03/30/2015,BKV,FL,ASO,ES,Federal Contract Tower,0,1,11,3,15,0,3,65,5,73,0,4,76,8,88,264,55,319,407
03/31/2015,BKV,FL,ASO,ES,Federal Contract Tower,0,3,3,6,12,0,10,57,3,70,0,13,60,9,82,24,30,54,136
04/01/2015,BKV,FL,ASO,ES,Federal Contract Tower,0,1,15,4,20,0,0,61,9,70,0,1,76,13,90,79,103,182,272
04/02/2015,BKV,FL,ASO,ES,Federal Contract Tower,0,4,6,1,11,0,2,74,0,76,0,6,80,1,87,180,0,180,267
04/03/2015,BKV,FL,ASO,ES,Federal Contract Tower,0,0,11,0,11,0,4,70,1,75,0,4,81,1,86,86,22,108,194
04/04/2015,BKV,FL,ASO,ES,Federal Contract Tower,0,1,4,0,5,0,7,89,0,96,0,8,93,0,101,189,0,189,290
04/05/2015,BKV,FL,ASO,ES,Federal Contract Tower,0,1,4,0,5,0,3,20,0,23,0,4,24,0,28,6,0,6,34
04/06/2015,BKV,FL,ASO,ES,Federal Contract Tower,0,3,7,4,14,0,7,48,4,59,0,10,55,8,73,35,74,109,182
04/07/2015,BKV,FL,ASO,ES,Federal Contract Tower,0,2,6,0,8,0,3,55,6,64,0,5,61,6,72,31,86,117,189
04/08/2015,BKV,FL,ASO,ES,Federal Contract Tower,0,2,13,4,19,0,4,86,4,94,0,6,99,8,113,124,71,195,308
04/09/2015,BKV,FL,ASO,ES,Federal Contract Tower,0,1,10,2,13,0,0,90,10,100,0,1,100,12,113,111,64,175,288
04/10/2015,BKV,FL,ASO,ES,Federal Contract Tower,0,0,10,5,15,0,8,92,4,104,0,8,102,9,119,239,0,239,358
04/11/2015,BKV,FL,ASO,ES,Federal Contract Tower,0,0,0,0,0,0,5,64,0,69,0,5,64,0,69,106,0,106,175
04/12/2015,BKV,FL,ASO,ES,Federal Contract Tower,0,0,9,9,18,0,3,45,5,53,0,3,54,14,71,24,0,24,95
04/13/2015,BKV,FL,ASO,ES,Federal Contract Tower,0,0,4,0,4,0,3,30,3,36,0,3,34,3,40,49,81,130,170
04/14/2015,BKV,FL,ASO,ES,Federal Contract Tower,0,4,6,1,11,0,7,78,7,92,0,11,84,8,103,84,7,91,194
04/15/2015,BKV,FL,ASO,ES,Federal Contract Tower,0,1,4,1,6,0,5,39,6,50,0,6,43,7,56,225,25,250,306
04/16/2015,BKV,FL,ASO,ES,Federal Contract Tower,0,8,10,0,18,0,8,57,4,69,0,16,67,4,87,31,0,31,118
04/17/2015,BKV,FL,ASO,ES,Federal Contract Tower,0,5,16,2,23,0,1,43,6,50,0,6,59,8,73,75,9,84,157
04/18/2015,BKV,FL,ASO,ES,Federal Contract Tower,0,6,14,0,20,0,0,32,10,42,0,6,46,10,62,50,1,51,113
04/19/2015,BKV,FL,ASO,ES,Federal Contract Tower,0,1,14,1,16,0,1,33,5,39,0,2,47,6,55,52,17,69,124
04/20/2015,BKV,FL,ASO,ES,Federal Contract Tower,0,2,8,1,11,0,3,57,5,65,0,5,65,6,76,82,1,83,159
04/21/2015,BKV,FL,ASO,ES,Federal Contract Tower,0,5,6,0,11,0,2,65,14,81,0,7,71,14,92,86,87,173,265
04/22/2015,BKV,FL,ASO,ES,Federal Contract Tower,0,2,10,1,13,0,1,56,13,70,0,3,66,14,83,52,16,68,151
04/23/2015,BKV,FL,ASO,ES,Federal Contract Tower,0,2,8,2,12,0,6,39,6,51,0,8,47,8,63,63,17,80,143
04/24/2015,BKV,FL,ASO,ES,Federal Contract Tower,0,2,10,9,21,0,9,67,6,82,0,11,77,15,103,100,15,115,218
04/25/2015,BKV,FL,ASO,ES,Federal Contract Tower,0,1,8,0,9,0,4,39,0,43,0,5,47,0,52,24,0,24,76
04/26/2015,BKV,FL,ASO,ES,Federal Contract Tower,0,1,16,0,17,0,0,25,1,26,0,1,41,1,43,0,0,0,43
04/27/2015,BKV,FL,ASO,ES,Federal Contract Tower,0,2,10,0,12,0,1,21,2,24,0,3,31,2,36,54,0,54,90
04/28/2015,BKV,FL,ASO,ES,Federal Contract Tower,0,3,1,1,5,0,6,6,2,14,0,9,7,3,19,12,37,49,68
04/29/2015,BKV,FL,ASO,ES,Federal Contract Tower,0,2,4,4,10,0,4,29,2,35,0,6,33,6,45,30,97,127,172
04/30/2015,BKV,FL,ASO,ES,Federal Contract Tower,0,3,17,0,20,0,3,57,4,64,0,6,74,4,84,44,64,108,192
05/01/2015,BKV,FL,ASO,ES,Federal Contract Tower,0,2,11,3,16,0,7,50,3,60,0,9,61,6,76,73,35,108,184
05/02/2015,BKV,FL,ASO,ES,Federal Contract Tower,0,2,4,0,6,0,5,60,4,69,0,7,64,4,75,57,2,59,134
05/03/2015,BKV,FL,ASO,ES,Federal Contract Tower,0,3,4,2,9,0,4,49,5,58,0,7,53,7,67,173,1,174,241
05/04/2015,BKV,FL,ASO,ES,Federal Contract Tower,0,3,6,8,17,0,4,64,1,69,0,7,70,9,86,194,24,218,304
05/05/2015,BKV,FL,ASO,ES,Federal Contract Tower,0,4,10,0,14,0,5,42,6,53,0,9,52,6,67,57,79,136,203
05/06/2015,BKV,FL,ASO,ES,Federal Contract Tower,0,1,9,1,11,0,2,41,2,45,0,3,50,3,56,47,25,72,128
05/07/2015,BKV,FL,ASO,ES,Federal Contract Tower,0,2,5,0,7,0,1,55,2,58,0,3,60,2,65,47,0,47,112
05/08/2015,BKV,FL,ASO,ES,Federal Contract Tower,0,5,6,0,11,0,3,60,3,66,0,8,66,3,77,71,22,93,170
05/09/2015,BKV,FL,ASO,ES,Federal Contract Tower,0,3,5,1,9,0,4,71,2,77,0,7,76,3,86,59,0,59,145
05/10/2015,BKV,FL,ASO,ES,Federal Contract Tower,0,0,10,1,11,0,2,41,1,44,0,2,51,2,55,118,0,118,173
05/11/2015,BKV,FL,ASO,ES,Federal Contract Tower,0,0,10,6,16,0,2,51,4,57,0,2,61,10,73,69,57,126,199
05/12/2015,BKV,FL,ASO,ES,Federal Contract Tower,0,3,14,4,21,0,0,6,42,48,0,3,20,46,69,22,41,63,132
05/13/2015,BKV,FL,ASO,ES,Federal Contract Tower,0,3,11,0,14,0,0,35,2,37,0,3,46,2,51,73,10,83,134
05/14/2015,BKV,FL,ASO,ES,Federal Contract Tower,0,0,15,2,17,0,10,91,8,109,0,10,106,10,126,79,12,91,217
05/15/2015,BKV,FL,ASO,ES,Federal Contract Tower,0,0,10,0,10,0,5,41,2,48,0,5,51,2,58,32,0,32,90
05/16/2015,BKV,FL,ASO,ES,Federal Contract Tower,0,0,5,0,5,0,8,63,0,71,0,8,68,0,76,61,0,61,137
05/17/2015,BKV,FL,ASO,ES,Federal Contract Tower,0,0,10,3,13,0,6,37,1,44,0,6,47,4,57,85,0,85,142
05/18/2015,BKV,FL,ASO,ES,Federal Contract Tower,0,1,9,2,12,0,5,76,5,86,0,6,85,7,98,92,59,151,249
05/19/2015,BKV,FL,ASO,ES,Federal Contract Tower,0,2,14,0,16,0,2,61,1,64,0,4,75,1,80,92,13,105,185
05/20/2015,BKV,FL,ASO,ES,Federal Contract Tower,0,4,8,4,16,0,3,40,2,45,0,7,48,6,61,142,68,210,271
05/21/2015,BKV,FL,ASO,ES,Federal Contract Tower,0,2,11,0,13,0,3,50,0,53,0,5,61,0,66,56,0,56,122
05/22/2015,BKV,FL,ASO,ES,Federal Contract Tower,0,1,11,0,12,0,3,69,2,74,0,4,80,2,86,76,25,101,187
05/23/2015,BKV,FL,ASO,ES,Federal Contract Tower,0,1,5,0,6,0,5,37,1,43,0,6,42,1,49,144,0,144,193
05/24/2015,BKV,FL,ASO,ES,Federal Contract Tower,0,1,2,0,3,0,4,40,0,44,0,5,42,0,47,0,0,0,47
05/25/2015,BKV,FL,ASO,ES,Federal Contract Tower,0,1,12,0,13,0,8,38,0,46,0,9,50,0,59,6,0,6,65
05/26/2015,BKV,FL,ASO,ES,Federal Contract Tower,0,0,4,1,5,0,2,36,3,41,0,2,40,4,46,49,34,83,129
05/27/2015,BKV,FL,ASO,ES,Federal Contract Tower,0,6,10,2,18,0,1,46,6,53,0,7,56,8,71,85,42,127,198
05/28/2015,BKV,FL,ASO,ES,Federal Contract Tower,0,1,15,0,16,0,5,44,6,55,0,6,59,6,71,83,76,159,230
05/29/2015,BKV,FL,ASO,ES,Federal Contract Tower,0,0,10,0,10,0,4,76,4,84,0,4,86,4,94,109,4,113,207
05/30/2015,BKV,FL,ASO,ES,Federal Contract Tower,0,2,4,0,6,0,2,69,0,71,0,4,73,0,77,60,0,60,137
05/31/2015,BKV,FL,ASO,ES,Federal Contract Tower,0,0,4,0,4,0,2,18,0,20,0,2,22,0,24,48,0,48,72
06/01/2015,BKV,FL,ASO,ES,Federal Contract Tower,0,6,3,2,11,0,1,55,8,64,0,7,58,10,75,58,42,100,175
06/02/2015,BKV,FL,ASO,ES,Federal Contract Tower,0,0,15,0,15,0,2,27,0,29,0,2,42,0,44,36,0,36,80
06/03/2015,BKV,FL,ASO,ES,Federal Contract Tower,0,2,17,0,19,0,4,55,9,68,0,6,72,9,87,75,10,85,172
06/04/2015,BKV,FL,ASO,ES,Federal Contract Tower,0,2,10,0,12,0,7,55,5,67,0,9,65,5,79,100,47,147,226
06/05/2015,BKV,FL,ASO,ES,Federal Contract Tower,0,0,15,7,22,0,2,61,7,70,0,2,76,14,92,142,37,179,271
06/06/2015,BKV,FL,ASO,ES,Federal Contract Tower,0,3,1,0,4,0,1,75,0,76,0,4,76,0,80,26,5,31,111
06/07/2015,BKV,FL,ASO,ES,Federal Contract Tower,0,0,4,1,5,0,1,46,13,60,0,1,50,14,65,49,16,65,130
06/08/2015,BKV,FL,ASO,ES,Federal Contract Tower,0,4,4,0,8,0,3,45,1,49,0,7,49,1,57,18,37,55,112
06/09/2015,BKV,FL,ASO,ES,Federal Contract Tower,0,2,8,1,11,0,1,42,3,46,0,3,50,4,57,94,17,111,168
06/10/2015,BKV,FL,ASO,ES,Federal Contract Tower,0,0,0,0,0,0,3,23,7,33,0,3,23,7,33,20,52,72,105
06/11/2015,BKV,FL,ASO,ES,Federal Contract Tower,0,1,15,3,19,0,1,72,6,79,0,2,87,9,98,52,43,95,193
06/12/2015,BKV,FL,ASO,ES,Federal Contract Tower,0,0,8,8,16,0,2,72,21,95,0,2,80,29,111,65,27,92,203
06/13/2015,BKV,FL,ASO,ES,Federal Contract Tower,0,0,13,0,13,0,5,70,1,76,0,5,83,1,89,0,0,0,89
06/14/2015,BKV,FL,ASO,ES,Federal Contract Tower,0,1,15,0,16,0,3,66,0,69,0,4,81,0,85,22,0,22,107
06/15/2015,BKV,FL,ASO,ES,Federal Contract Tower,0,1,8,0,9,0,6,48,1,55,0,7,56,1,64,85,0,85,149
06/16/2015,BKV,FL,ASO,ES,Federal Contract Tower,0,1,2,2,5,0,2,35,9,46,0,3,37,11,51,64,59,123,174
06/17/2015,BKV,FL,ASO,ES,Federal Contract Tower,0,3,2,3,8,0,0,37,11,48,0,3,39,14,56,65,54,119,175
06/18/2015,BKV,FL,ASO,ES,Federal Contract Tower,0,2,17,2,21,0,0,67,4,71,0,2,84,6,92,148,0,148,240
06/19/2015,BKV,FL,ASO,ES,Federal Contract Tower,0,1,7,0,8,0,1,35,0,36,0,2,42,0,44,117,0,117,161
06/20/2015,BKV,FL,ASO,ES,Federal Contract Tower,0,3,5,0,8,0,3,55,0,58,0,6,60,0,66,58,0,58,124
06/21/2015,BKV,FL,ASO,ES,Federal Contract Tower,0,0,4,0,4,0,0,16,0,16,0,0,20,0,20,14,0,14,34
06/22/2015,BKV,FL,ASO,ES,Federal Contract Tower,0,2,9,3,14,0,3,48,3,54,0,5,57,6,68,42,0,42,110
06/23/2015,BKV,FL,ASO,ES,Federal Contract Tower,0,1,8,2,11,0,5,47,0,52,0,6,55,2,63,54,40,94,157
06/24/2015,BKV,FL,ASO,ES,Federal Contract Tower,0,2,4,1,7,0,0,58,11,69,0,2,62,12,76,58,23,81,157
06/25/2015,BKV,FL,ASO,ES,Federal Contract Tower,0,1,6,4,11,0,1,46,5,52,0,2,52,9,63,91,29,120,183
06/26/2015,BKV,FL,ASO,ES,Federal Contract Tower,0,2,6,0,8,0,3,78,2,83,0,5,84,2,91,79,34,113,204
06/27/2015,BKV,FL,ASO,ES,Federal Contract Tower,0,2,3,0,5,0,2,53,1,56,0,4,56,1,61,6,0,6,67
06/28/2015,BKV,FL,ASO,ES,Federal Contract Tower,0,0,3,0,3,0,6,36,0,42,0,6,39,0,45,60,0,60,105
06/29/2015,BKV,FL,ASO,ES,Federal Contract Tower,0,1,0,0,1,0,9,36,0,45,0,10,36,0,46,7,0,7,53
06/30/2015,BKV,FL,ASO,ES,Federal Contract Tower,0,1,7,3,11,0,3,39,12,54,0,4,46,15,65,22,21,43,108
07/01/2015,BKV,FL,ASO,ES,Federal Contract Tower,0,0,5,5,10,0,8,62,8,78,0,8,67,13,88,78,64,142,230
07/02/2015,BKV,FL,ASO,ES,Federal Contract Tower,0,0,14,3,17,0,0,49,1,50,0,0,63,4,67,128,3,131,198
07/03/2015,BKV,FL,ASO,ES,Federal Contract Tower,0,1,4,0,5,0,2,60,0,62,0,3,64,0,67,47,0,47,114
07/04/2015,BKV,FL,ASO,ES,Federal Contract Tower,0,0,2,0,2,0,7,55,0,62,0,7,57,0,64,28,0,28,92
07/05/2015,BKV,FL,ASO,ES,Federal Contract Tower,0,0,13,0,13,0,1,36,0,37,0,1,49,0,50,8,0,8,58
07/06/2015,BKV,FL,ASO,ES,Federal Contract Tower,0,2,7,6,15,0,3,53,5,61,0,5,60,11,76,143,5,148,224
07/07/2015,BKV,FL,ASO,ES,Federal Contract Tower,0,4,9,0,13,0,6,28,2,36,0,10,37,2,49,43,0,43,92
07/08/2015,BKV,FL,ASO,ES,Federal Contract Tower,0,0,12,1,13,0,2,57,2,61,0,2,69,3,74,159,23,182,256
07/09/2015,BKV,FL,ASO,ES,Federal Contract Tower,0,0,3,3,6,0,2,126,1,129,0,2,129,4,135,86,0,86,221
07/10/2015,BKV,FL,ASO,ES,Federal Contract Tower,0,4,6,0,10,0,2,58,5,65,0,6,64,5,75,71,0,71,146
07/11/2015,BKV,FL,ASO,ES,Federal Contract Tower,0,2,2,0,4,0,1,55,2,58,0,3,57,2,62,106,22,128,190
07/12/2015,BKV,FL,ASO,ES,Federal Contract Tower,0,1,5,0,6,0,4,9,4,17,0,5,14,4,23,0,0,0,23
07/13/2015,BKV,FL,ASO,ES,Federal Contract Tower,0,0,6,0,6,0,5,57,1,63,0,5,63,1,69,58,2,60,129
07/14/2015,BKV,FL,ASO,ES,Federal Contract Tower,0,1,2,1,4,0,2,34,5,41,0,3,36,6,45,69,0,69,114
07/15/2015,BKV,FL,ASO,ES,Federal Contract Tower,0,0,6,0,6,0,4,30,4,38,0,4,36,4,44,18,42,60,104
07/16/2015,BKV,FL,ASO,ES,Federal Contract Tower,0,0,9,0,9,0,0,10,0,10,0,0,19,0,19,44,0,44,63
07/17/2015,BKV,FL,ASO,ES,Federal Contract Tower,0,0,15,0,15,0,2,14,2,18,0,2,29,2,33,18,0,18,51
07/18/2015,BKV,FL,ASO,ES,Federal Contract Tower,0,1,9,0,10,0,5,22,0,27,0,6,31,0,37,13,0,13,50
07/19/2015,BKV,FL,ASO,ES,Federal Contract Tower,0,0,2,0,2,0,5,20,0,25,0,5,22,0,27,38,0,38,65
07/20/2015,BKV,FL,ASO,ES,Federal Contract Tower,0,0,13,1,14,0,2,41,3,46,0,2,54,4,60,41,19,60,120
07/21/2015,BKV,FL,ASO,ES,Federal Contract Tower,0,3,5,0,8,0,3,31,3,37,0,6,36,3,45,24,4,28,73
07/22/2015,BKV,FL,ASO,ES,Federal Contract Tower,0,0,6,2,8,0,2,63,11,76,0,2,69,13,84,19,128,147,231
07/23/2015,BKV,FL,ASO,ES,Federal Contract Tower,0,5,7,0,12,0,1,52,21,74,0,6,59,21,86,47,60,107,193
07/24/2015,BKV,FL,ASO,ES,Federal Contract Tower,0,1,8,0,9,0,0,3,0,3,0,1,11,0,12,0,0,0,12
07/25/2015,BKV,FL,ASO,ES,Federal Contract Tower,0,0,3,0,3,0,0,10,0,10,0,0,13,0,13,14,0,14,27
07/26/2015,BKV,FL,ASO,ES,Federal Contract Tower,0,0,8,0,8,0,0,14,2,16,0,0,22,2,24,29,0,29,53
07/27/2015,BKV,FL,ASO,ES,Federal Contract Tower,0,1,6,0,7,0,4,10,1,15,0,5,16,1,22,6,0,6,28
07/28/2015,BKV,FL,ASO,ES,Federal Contract Tower,0,3,9,0,12,0,2,7,0,9,0,5,16,0,21,12,0,12,33
07/29/2015,BKV,FL,ASO,ES,Federal Contract Tower,0,0,7,0,7,0,5,28,4,37,0,5,35,4,44,18,4,22,66
07/30/2015,BKV,FL,ASO,ES,Federal Contract Tower,0,0,6,1,7,0,1,38,3,42,0,1,44,4,49,121,39,160,209
07/31/2015,BKV,FL,ASO,ES,Federal Contract Tower,0,0,8,0,8,0,2,17,2,21,0,2,25,2,29,6,0,6,35
08/01/2015,BKV,FL,ASO,ES,Federal Contract Tower,0,0,6,0,6,0,0,7,0,7,0,0,13,0,13,5,0,5,18
08/02/2015,BKV,FL,ASO,ES,Federal Contract Tower,0,0,6,0,6,0,2,4,1,7,0,2,10,1,13,11,0,11,24
08/03/2015,BKV,FL,ASO,ES,Federal Contract Tower,0,0,3,6,9,0,1,4,6,11,0,1,7,12,20,0,0,0,20
08/04/2015,BKV,FL,ASO,ES,Federal Contract Tower,0,1,15,1,17,0,1,39,6,46,0,2,54,7,63,56,31,87,150
08/05/2015,BKV,FL,ASO,ES,Federal Contract Tower,0,1,6,15,22,0,1,64,5,70,0,2,70,20,92,117,51,168,260
08/06/2015,BKV,FL,ASO,ES,Federal Contract Tower,0,0,9,2,11,0,0,74,4,78,0,0,83,6,89,178,84,262,351
08/07/2015,BKV,FL,ASO,ES,Federal Contract Tower,0,0,12,0,12,0,8,43,2,53,0,8,55,2,65,73,10,83,148
08/08/2015,BKV,FL,ASO,ES,Federal Contract Tower,0,1,3,0,4,0,0,15,3,18,0,1,18,3,22,7,25,32,54
08/09/2015,BKV,FL,ASO,ES,Federal Contract Tower,0,1,7,0,8,0,5,56,0,61,0,6,63,0,69,164,0,164,233
08/10/2015,BKV,FL,ASO,ES,Federal Contract Tower,0,3,2,0,5,0,5,59,0,64,0,8,61,0,69,74,0,74,143
08/11/2015,BKV,FL,ASO,ES,Federal Contract Tower,0,0,13,1,14,0,7,62,6,75,0,7,75,7,89,88,75,163,252
08/12/2015,BKV,FL,ASO,ES,Federal Contract Tower,0,0,8,0,8,0,6,41,6,53,0,6,49,6,61,63,95,158,219
08/13/2015,BKV,FL,ASO,ES,Federal Contract Tower,0,2,10,0,12,0,3,4,9,16,0,5,14,9,28,18,36,54,82
08/14/2015,BKV,FL,ASO,ES,Federal Contract Tower,0,2,6,1,9,0,2,40,1,43,0,4,46,2,52,147,0,147,199
08/15/2015,BKV,FL,ASO,ES,Federal Contract Tower,0,0,2,0,2,0,0,53,0,53,0,0,55,0,55,69,0,69,124
08/16/2015,BKV,FL,ASO,ES,Federal Contract Tower,0,0,3,0,3,0,4,36,0,40,0,4,39,0,43,104,0,104,147
08/17/2015,BKV,FL,ASO,ES,Federal Contract Tower,0,0,4,0,4,0,1,55,1,57,0,1,59,1,61,56,52,108,169
08/18/2015,BKV,FL,ASO,ES,Federal Contract Tower,0,0,8,1,9,0,2,52,2,56,0,2,60,3,65,60,32,92,157
08/19/2015,BKV,FL,ASO,ES,Federal Contract Tower,0,1,15,2,18,0,11,43,6,60,0,12,58,8,78,42,124,166,244
08/20/2015,BKV,FL,ASO,ES,Federal Contract Tower,0,3,5,1,9,0,0,38,4,42,0,3,43,5,51,24,33,57,108
08/21/2015,BKV,FL,ASO,ES,Federal Contract Tower,0,1,8,2,11,0,0,55,0,55,0,1,63,2,66,184,0,184,250
08/22/2015,BKV,FL,ASO,ES,Federal Contract Tower,0,0,9,2,11,0,1,63,8,72,0,1,72,10,83,39,7,46,129
08/23/2015,BKV,FL,ASO,ES,Federal Contract Tower,0,2,3,0,5,0,6,43,0,49,0,8,46,0,54,29,0,29,83
08/24/2015,BKV,FL,ASO,ES,Federal Contract Tower,0,0,7,13,20,0,0,46,5,51,0,0,53,18,71,305,78,383,454
08/25/2015,BKV,FL,ASO,ES,Federal Contract Tower,0,3,16,0,19,0,3,44,2,49,0,6,60,2,68,50,19,69,137
08/26/2015,BKV,FL,ASO,ES,Federal Contract Tower,0,3,8,0,11,0,6,46,10,62,0,9,54,10,73,62,42,104,177
08/27/2015,BKV,FL,ASO,ES,Federal Contract Tower,0,0,7,1,8,0,2,31,10,43,0,2,38,11,51,39,42,81,132
08/28/2015,BKV,FL,ASO,ES,Federal Contract Tower,0,2,3,0,5,0,6,75,5,86,0,8,78,5,91,38,30,68,159
08/29/2015,BKV,FL,ASO,ES,Federal Contract Tower,0,0,13,0,13,0,2,20,0,22,0,2,33,0,35,22,0,22,57
08/30/2015,BKV,FL,ASO,ES,Federal Contract Tower,0,1,3,0,4,0,1,22,0,23,0,2,25,0,27,17,0,17,44
08/31/2015,BKV,FL,ASO,ES,Federal Contract Tower,0,2,4,0,6,0,7,36,1,44,0,9,40,1,50,51,6,57,107
09/01/2015,BKV,FL,ASO,ES,Federal Contract Tower,0,0,4,3,7,0,2,24,0,26,0,2,28,3,33,27,31,58,91
09/02/2015,BKV,FL,ASO,ES,Federal Contract Tower,0,1,3,4,8,0,5,56,10,71,0,6,59,14,79,38,43,81,160
09/03/2015,BKV,FL,ASO,ES,Federal Contract Tower,0,1,12,0,13,0,4,77,17,98,0,5,89,17,111,81,30,111,222
09/04/2015,BKV,FL,ASO,ES,Federal Contract Tower,0,2,5,0,7,0,2,38,1,41,0,4,43,1,48,11,0,11,59
09/05/2015,BKV,FL,ASO,ES,Federal Contract Tower,0,0,10,0,10,0,2,48,0,50,0,2,58,0,60,24,0,24,84
09/06/2015,BKV,FL,ASO,ES,Federal Contract Tower,0,0,2,0,2,0,0,19,0,19,0,0,21,0,21,13,0,13,34
09/07/2015,BKV,FL,ASO,ES,Federal Contract Tower,0,0,13,0,13,0,2,6,0,8,0,2,19,0,21,0,0,0,21
09/08/2015,BKV,FL,ASO,ES,Federal Contract Tower,0,0,5,0,5,0,2,50,0,52,0,2,55,0,57,26,38,64,121
09/09/2015,BKV,FL,ASO,ES,Federal Contract Tower,0,1,8,0,9,0,2,89,5,96,0,3,97,5,105,79,41,120,225
09/10/2015,BKV,FL,ASO,ES,Federal Contract Tower,0,1,4,2,7,0,10,92,8,110,0,11,96,10,117,192,28,220,337
09/11/2015,BKV,FL,ASO,ES,Federal Contract Tower,0,0,5,2,7,0,2,86,9,97,0,2,91,11,104,127,0,127,231
09/12/2015,BKV,FL,ASO,ES,Federal Contract Tower,0,0,1,0,1,0,1,16,0,17,0,1,17,0,18,10,0,10,28
09/13/2015,BKV,FL,ASO,ES,Federal Contract Tower,0,1,5,0,6,0,0,10,0,10,0,1,15,0,16,17,0,17,33
09/14/2015,BKV,FL,ASO,ES,Federal Contract Tower,0,0,2,2,4,0,0,33,0,33,0,0,35,2,37,35,46,81,118
09/15/2015,BKV,FL,ASO,ES,Federal Contract Tower,0,0,9,0,9,0,5,31,1,37,0,5,40,1,46,16,59,75,121
09/16/2015,BKV,FL,ASO,ES,Federal Contract Tower,0,1,5,8,14,0,1,40,5,46,0,2,45,13,60,44,30,74,134
09/17/2015,BKV,FL,ASO,ES,Federal Contract Tower,0,2,2,8,12,0,2,34,2,38,0,4,36,10,50,61,14,75,125
09/18/2015,BKV,FL,ASO,ES,Federal Contract Tower,0,0,16,4,20,0,6,39,5,50,0,6,55,9,70,27,0,27,97
09/19/2015,BKV,FL,ASO,ES,Federal Contract Tower,0,2,10,0,12,0,6,53,1,60,0,8,63,1,72,23,0,23,95
09/20/2015,BKV,FL,ASO,ES,Federal Contract Tower,0,1,8,0,9,0,0,47,0,47,0,1,55,0,56,62,0,62,118
09/21/2015,BKV,FL,ASO,ES,Federal Contract Tower,0,1,6,2,9,0,4,63,0,67,0,5,69,2,76,119,0,119,195
09/22/2015,BKV,FL,ASO,ES,Federal Contract Tower,0,0,1,0,1,0,4,45,1,50,0,4,46,1,51,41,15,56,107
09/23/2015,BKV,FL,ASO,ES,Federal Contract Tower,0,5,17,2,24,0,1,70,1,72,0,6,87,3,96,125,20,145,241
09/24/2015,BKV,FL,ASO,ES,Federal Contract Tower,0,0,11,0,11,0,0,46,2,48,0,0,57,2,59,31,28,59,118
09/25/2015,BKV,FL,ASO,ES,Federal Contract Tower,0,0,23,1,24,0,0,40,4,44,0,0,63,5,68,28,0,28,96
09/26/2015,BKV,FL,ASO,ES,Federal Contract Tower,0,0,3,1,4,0,1,69,0,70,0,1,72,1,74,38,5,43,117
09/27/2015,BKV,FL,ASO,ES,Federal Contract Tower,0,1,9,0,10,0,1,12,0,13,0,2,21,0,23,5,0,5,28
09/28/2015,BKV,FL,ASO,ES,Federal Contract Tower,0,2,3,0,5,0,2,19,30,51,0,4,22,30,56,67,45,112,168
09/29/2015,BKV,FL,ASO,ES,Federal Contract Tower,0,2,8,0,10,0,0,21,2,23,0,2,29,2,33,0,30,30,63
09/30/2015,BKV,FL,ASO,ES,Federal Contract Tower,0,1,5,0,6,0,4,65,12,81,0,5,70,12,87,170,128,298,385
10/01/2015,BKV,FL,ASO,ES,Federal Contract Tower,0,0,12,0,12,0,3,41,5,49,0,3,53,5,61,40,53,93,154
10/02/2015,BKV,FL,ASO,ES,Federal Contract Tower,0,0,31,2,33,0,3,33,0,36,0,3,64,2,69,60,0,60,129
10/03/2015,BKV,FL,ASO,ES,Federal Contract Tower,0,1,5,0,6,0,5,6,0,11,0,6,11,0,17,3,0,3,20
10/04/2015,BKV,FL,ASO,ES,Federal Contract Tower,0,0,9,0,9,0,1,12,0,13,0,1,21,0,22,12,0,12,34
10/05/2015,BKV,FL,ASO,ES,Federal Contract Tower,0,2,16,0,18,0,0,82,3,85,0,2,98,3,103,98,6,104,207
10/06/2015,BKV,FL,ASO,ES,Federal Contract Tower,0,1,7,8,16,0,0,22,0,22,0,1,29,8,38,56,0,56,94
10/07/2015,BKV,FL,ASO,ES,Federal Contract Tower,0,0,9,0,9,0,0,74,10,84,0,0,83,10,93,114,95,209,302
10/08/2015,BKV,FL,ASO,ES,Federal Contract Tower,0,3,7,0,10,0,4,79,9,92,0,7,86,9,102,193,26,219,321
10/09/2015,BKV,FL,ASO,ES,Federal Contract Tower,0,0,9,4,13,0,6,67,0,73,0,6,76,4,86,154,0,154,240
10/10/2015,BKV,FL,ASO,ES,Federal Contract Tower,0,0,8,0,8,0,4,55,0,59,0,4,63,0,67,38,0,38,105
10/11/2015,BKV,FL,ASO,ES,Federal Contract Tower,0,0,9,0,9,0,6,44,0,50,0,6,53,0,59,25,0,25,84
10/12/2015,BKV,FL,ASO,ES,Federal Contract Tower,0,2,12,0,14,0,3,42,0,45,0,5,54,0,59,33,0,33,92
10/13/2015,BKV,FL,ASO,ES,Federal Contract Tower,0,1,4,0,5,0,4,47,1,52,0,5,51,1,57,97,19,116,173
10/14/2015,BKV,FL,ASO,ES,Federal Contract Tower,0,0,2,0,2,0,5,48,19,72,0,5,50,19,74,69,61,130,204
10/15/2015,BKV,FL,ASO,ES,Federal Contract Tower,0,0,7,0,7,0,3,105,9,117,0,3,112,9,124,44,18,62,186
10/16/2015,BKV,FL,ASO,ES,Federal Contract Tower,0,1,6,0,7,0,2,72,15,89,0,3,78,15,96,57,9,66,162
10/17/2015,BKV,FL,ASO,ES,Federal Contract Tower,0,0,6,0,6,0,3,57,7,67,0,3,63,7,73,69,0,69,142
10/18/2015,BKV,FL,ASO,ES,Federal Contract Tower,0,0,10,0,10,0,2,16,1,19,0,2,26,1,29,0,0,0,29
10/19/2015,BKV,FL,ASO,ES,Federal Contract Tower,0,4,8,5,17,0,0,35,6,41,0,4,43,11,58,22,50,72,130
10/20/2015,BKV,FL,ASO,ES,Federal Contract Tower,0,4,9,1,14,0,1,42,11,54,0,5,51,12,68,121,22,143,211
10/21/2015,BKV,FL,ASO,ES,Federal Contract Tower,0,1,9,6,16,0,8,73,9,90,0,9,82,15,106,52,55,107,213
10/22/2015,BKV,FL,ASO,ES,Federal Contract Tower,0,1,7,1,9,0,3,57,15,75,0,4,64,16,84,79,30,109,193
10/23/2015,BKV,FL,ASO,ES,Federal Contract Tower,0,1,8,0,9,0,2,41,5,48,0,3,49,5,57,34,12,46,103
10/24/2015,BKV,FL,ASO,ES,Federal Contract Tower,0,1,12,0,13,0,3,59,3,65,0,4,71,3,78,57,14,71,149
10/25/2015,BKV,FL,ASO,ES,Federal Contract Tower,0,2,9,0,11,0,2,39,2,43,0,4,48,2,54,99,0,99,153
10/26/2015,BKV,FL,ASO,ES,Federal Contract Tower,0,6,20,0,26,0,7,45,3,55,0,13,65,3,81,29,44,73,154
10/27/2015,BKV,FL,ASO,ES,Federal Contract Tower,0,2,8,4,14,0,0,11,0,11,0,2,19,4,25,4,0,4,29
10/28/2015,BKV,FL,ASO,ES,Federal Contract Tower,0,3,17,4,24,0,2,60,10,72,0,5,77,14,96,26,53,79,175
10/29/2015,BKV,FL,ASO,ES,Federal Contract Tower,0,0,13,4,17,0,3,57,7,67,0,3,70,11,84,66,16,82,166
10/30/2015,BKV,FL,ASO,ES,Federal Contract Tower,0,0,12,4,16,0,8,66,2,76,0,8,78,6,92,119,0,119,211
10/31/2015,BKV,FL,ASO,ES,Federal Contract Tower,0,0,5,0,5,0,6,64,0,70,0,6,69,0,75,32,0,32,107
11/01/2015,BKV,FL,ASO,ES,Federal Contract Tower,0,0,12,0,12,0,5,37,1,43,0,5,49,1,55,19,0,19,74
11/02/2015,BKV,FL,ASO,ES,Federal Contract Tower,0,2,7,0,9,0,2,52,0,54,0,4,59,0,63,62,16,78,141
11/03/2015,BKV,FL,ASO,ES,Federal Contract Tower,0,3,5,4,12,0,2,53,0,55,0,5,58,4,67,50,8,58,125
11/04/2015,BKV,FL,ASO,ES,Federal Contract Tower,0,2,9,0,11,0,2,52,4,58,0,4,61,4,69,58,10,68,137
11/05/2015,BKV,FL,ASO,ES,Federal Contract Tower,0,2,7,2,11,0,4,67,11,82,0,6,74,13,93,38,128,166,259
11/06/2015,BKV,FL,ASO,ES,Federal Contract Tower,0,3,9,0,12,0,4,79,2,85,0,7,88,2,97,94,0,94,191
11/07/2015,BKV,FL,ASO,ES,Federal Contract Tower,0,2,3,0,5,0,8,49,2,59,0,10,52,2,64,68,18,86,150
11/08/2015,BKV,FL,ASO,ES,Federal Contract Tower,0,0,3,0,3,0,6,23,0,29,0,6,26,0,32,7,0,7,39
11/09/2015,BKV,FL,ASO,ES,Federal Contract Tower,0,1,2,0,3,0,2,12,0,14,0,3,14,0,17,6,0,6,23
11/10/2015,BKV,FL,ASO,ES,Federal Contract Tower,0,2,13,8,23,0,4,55,14,73,0,6,68,22,96,78,40,118,214
11/11/2015,BKV,FL,ASO,ES,Federal Contract Tower,0,0,16,0,16,0,6,94,0,100,0,6,110,0,116,43,0,43,159
11/12/2015,BKV,FL,ASO,ES,Federal Contract Tower,0,1,5,4,10,0,2,88,7,97,0,3,93,11,107,119,30,149,256
11/13/2015,BKV,FL,ASO,ES,Federal Contract Tower,0,0,16,2,18,0,7,55,7,69,0,7,71,9,87,28,73,101,188
11/14/2015,BKV,FL,ASO,ES,Federal Contract Tower,0,0,10,0,10,0,6,48,4,58,0,6,58,4,68,61,14,75,143
11/15/2015,BKV,FL,ASO,ES,Federal Contract Tower,0,1,3,0,4,0,3,33,5,41,0,4,36,5,45,310,4,314,359
11/16/2015,BKV,FL,ASO,ES,Federal Contract Tower,0,1,2,1,4,0,7,45,2,54,0,8,47,3,58,82,110,192,250
11/17/2015,BKV,FL,ASO,ES,Federal Contract Tower,0,2,3,3,8,0,4,36,6,46,0,6,39,9,54,12,65,77,131
11/18/2015,BKV,FL,ASO,ES,Federal Contract Tower,0,0,9,4,13,0,4,28,7,39,0,4,37,11,52,8,21,29,81
11/19/2015,BKV,FL,ASO,ES,Federal Contract Tower,0,2,13,0,15,0,2,25,1,28,0,4,38,1,43,14,7,21,64
11/20/2015,BKV,FL,ASO,ES,Federal Contract Tower,0,9,8,1,18,0,2,47,2,51,0,11,55,3,69,28,0,28,97
11/21/2015,BKV,FL,ASO,ES,Federal Contract Tower,0,0,5,0,5,0,3,29,0,32,0,3,34,0,37,15,0,15,52
11/22/2015,BKV,FL,ASO,ES,Federal Contract Tower,0,2,12,0,14,0,0,4,0,4,0,2,16,0,18,2,0,2,20
11/23/2015,BKV,FL,ASO,ES,Federal Contract Tower,0,1,6,0,7,0,2,53,6,61,0,3,59,6,68,105,47,152,220
11/24/2015,BKV,FL,ASO,ES,Federal Contract Tower,0,1,3,0,4,0,1,33,5,39,0,2,36,5,43,29,22,51,94
11/25/2015,BKV,FL,ASO,ES,Federal Contract Tower,0,0,6,0,6,0,5,20,1,26,0,5,26,1,32,14,6,20,52
11/26/2015,BKV,FL,ASO,ES,Federal Contract Tower,0,1,3,0,4,0,5,11,0,16,0,6,14,0,20,0,0,0,20
11/27/2015,BKV,FL,ASO,ES,Federal Contract Tower,0,0,7,0,7,0,6,50,0,56,0,6,57,0,63,32,0,32,95
11/28/2015,BKV,FL,ASO,ES,Federal Contract Tower,0,1,12,0,13,0,6,64,0,70,0,7,76,0,83,72,0,72,155
11/29/2015,BKV,FL,ASO,ES,Federal Contract Tower,0,1,6,0,7,0,0,51,0,51,0,1,57,0,58,71,0,71,129
11/30/2015,BKV,FL,ASO,ES,Federal Contract Tower,0,1,9,0,10,0,2,27,0,29,0,3,36,0,39,52,44,96,135
12/01/2015,BKV,FL,ASO,ES,Federal Contract Tower,0,1,5,1,7,0,3,38,2,43,0,4,43,3,50,79,78,157,207
12/02/2015,BKV,FL,ASO,ES,Federal Contract Tower,0,3,7,2,12,0,0,33,10,43,0,3,40,12,55,34,115,149,204
12/03/2015,BKV,FL,ASO,ES,Federal Contract Tower,0,2,13,3,18,0,4,24,3,31,0,6,37,6,49,15,2,17,66
12/04/2015,BKV,FL,ASO,ES,Federal Contract Tower,0,0,14,0,14,0,2,43,6,51,0,2,57,6,65,0,0,0,65
12/05/2015,BKV,FL,ASO,ES,Federal Contract Tower,0,3,20,0,23,0,0,16,0,16,0,3,36,0,39,0,0,0,39
12/06/2015,BKV,FL,ASO,ES,Federal Contract Tower,0,1,10,0,11,0,6,24,0,30,0,7,34,0,41,8,0,8,49
12/07/2015,BKV,FL,ASO,ES,Federal Contract Tower,0,5,32,0,37,0,3,23,0,26,0,8,55,0,63,30,4,34,97
12/08/2015,BKV,FL,ASO,ES,Federal Contract Tower,0,3,7,0,10,0,7,37,2,46,0,10,44,2,56,58,47,105,161
12/09/2015,BKV,FL,ASO,ES,Federal Contract Tower,0,3,7,2,12,0,3,75,4,82,0,6,82,6,94,95,69,164,258
12/10/2015,BKV,FL,ASO,ES,Federal Contract Tower,0,1,22,0,23,0,2,108,4,114,0,3,130,4,137,87,10,97,234
12/11/2015,BKV,FL,ASO,ES,Federal Contract Tower,0,2,6,1,9,0,3,56,7,66,0,5,62,8,75,39,56,95,170
12/12/2015,BKV,FL,ASO,ES,Federal Contract Tower,0,0,9,0,9,0,5,91,6,102,0,5,100,6,111,64,22,86,197
12/13/2015,BKV,FL,ASO,ES,Federal Contract Tower,0,1,11,0,12,0,2,33,0,35,0,3,44,0,47,27,0,27,74
12/14/2015,BKV,FL,ASO,ES,Federal Contract Tower,0,3,4,3,10,0,1,15,1,17,0,4,19,4,27,14,37,51,78
12/15/2015,BKV,FL,ASO,ES,Federal Contract Tower,0,4,3,0,7,0,2,5,1,8,0,6,8,1,15,54,12,66,81
12/16/2015,BKV,FL,ASO,ES,Federal Contract Tower,0,1,3,4,8,0,1,53,8,62,0,2,56,12,70,25,54,79,149
12/17/2015,BKV,FL,ASO,ES,Federal Contract Tower,0,0,8,0,8,0,4,37,0,41,0,4,45,0,49,100,0,100,149
12/18/2015,BKV,FL,ASO,ES,Federal Contract Tower,0,0,10,0,10,0,2,25,1,28,0,2,35,1,38,26,1,27,65
12/19/2015,BKV,FL,ASO,ES,Federal Contract Tower,0,4,9,0,13,0,3,54,0,57,0,7,63,0,70,76,0,76,146
12/20/2015,BKV,FL,ASO,ES,Federal Contract Tower,0,2,13,0,15,0,0,67,0,67,0,2,80,0,82,78,0,78,160
12/21/2015,BKV,FL,ASO,ES,Federal Contract Tower,0,3,9,0,12,0,1,61,0,62,0,4,70,0,74,98,20,118,192
12/22/2015,BKV,FL,ASO,ES,Federal Contract Tower,0,1,14,2,17,0,2,35,2,39,0,3,49,4,56,44,8,52,108
12/23/2015,BKV,FL,ASO,ES,Federal Contract Tower,0,1,6,0,7,0,2,15,4,21,0,3,21,4,28,31,0,31,59
12/24/2015,BKV,FL,ASO,ES,Federal Contract Tower,0,1,6,0,7,0,3,13,0,16,0,4,19,0,23,53,0,53,76
12/25/2015,BKV,FL,ASO,ES,Federal Contract Tower,0,0,0,0,0,0,5,5,0,10,0,5,5,0,10,0,0,0,10
12/26/2015,BKV,FL,ASO,ES,Federal Contract Tower,0,0,13,0,13,0,2,25,0,27,0,2,38,0,40,19,0,19,59
12/27/2015,BKV,FL,ASO,ES,Federal Contract Tower,0,0,8,0,8,0,5,44,0,49,0,5,52,0,57,69,0,69,126
12/28/2015,BKV,FL,ASO,ES,Federal Contract Tower,0,0,11,0,11,0,2,27,0,29,0,2,38,0,40,33,2,35,75
12/29/2015,BKV,FL,ASO,ES,Federal Contract Tower,0,0,2,0,2,0,4,30,0,34,0,4,32,0,36,29,4,33,69
12/30/2015,BKV,FL,ASO,ES,Federal Contract Tower,0,0,11,0,11,0,6,36,7,49,0,6,47,7,60,37,20,57,117
12/31/2015,BKV,FL,ASO,ES,Federal Contract Tower,0,5,2,0,7,0,2,28,2,32,0,7,30,2,39,30,0,30,69
01/01/2016,BKV,FL,ASO,ES,Federal Contract Tower,0,0,4,0,4,0,2,18,0,20,0,2,22,0,24,13,0,13,37
01/02/2016,BKV,FL,ASO,ES,Federal Contract Tower,0,1,10,0,11,0,2,23,0,25,0,3,33,0,36,35,0,35,71
01/03/2016,BKV,FL,ASO,ES,Federal Contract Tower,0,2,10,0,12,0,0,0,0,0,0,2,10,0,12,0,0,0,12
01/04/2016,BKV,FL,ASO,ES,Federal Contract Tower,0,5,3,2,10,0,0,58,0,58,0,5,61,2,68,149,8,157,225
01/05/2016,BKV,FL,ASO,ES,Federal Contract Tower,0,1,4,0,5,0,2,33,1,36,0,3,37,1,41,20,10,30,71
01/06/2016,BKV,FL,ASO,ES,Federal Contract Tower,0,4,11,2,17,0,1,14,10,25,0,5,25,12,42,7,85,92,134
01/07/2016,BKV,FL,ASO,ES,Federal Contract Tower,0,0,12,1,13,0,0,24,9,33,0,0,36,10,46,33,0,33,79
01/08/2016,BKV,FL,ASO,ES,Federal Contract Tower,0,2,22,10,34,0,2,9,0,11,0,4,31,10,45,16,7,23,68
01/09/2016,BKV,FL,ASO,ES,Federal Contract Tower,0,3,5,2,10,0,0,2,0,2,0,3,7,2,12,0,0,0,12
01/10/2016,BKV,FL,ASO,ES,Federal Contract Tower,0,2,11,0,13,0,0,16,2,18,0,2,27,2,31,14,0,14,45
01/11/2016,BKV,FL,ASO,ES,Federal Contract Tower,0,1,1,1,3,0,2,66,12,80,0,3,67,13,83,104,135,239,322
01/12/2016,BKV,FL,ASO,ES,Federal Contract Tower,0,3,3,1,7,0,1,67,9,77,0,4,70,10,84,96,108,204,288
01/13/2016,BKV,FL,ASO,ES,Federal Contract Tower,0,1,7,1,9,0,2,35,8,45,0,3,42,9,54,54,32,86,140
01/14/2016,BKV,FL,ASO,ES,Federal Contract Tower,0,2,9,0,11,0,2,61,4,67,0,4,70,4,78,123,34,157,235
01/15/2016,BKV,FL,ASO,ES,Federal Contract Tower,0,0,8,0,8,0,17,0,0,17,0,17,8,0,25,13,0,13,38
01/16/2016,BKV,FL,ASO,ES,Federal Contract Tower,0,1,9,0,10,0,3,149,0,152,0,4,158,0,162,108,0,108,270
01/17/2016,BKV,FL,ASO,ES,Federal Contract Tower,0,1,3,0,4,0,2,5,0,7,0,3,8,0,11,24,0,24,35
01/18/2016,BKV,FL,ASO,ES,Federal Contract Tower,0,2,14,0,16,0,4,62,0,66,0,6,76,0,82,104,0,104,186
01/19/2016,BKV,FL,ASO,ES,Federal Contract Tower,0,5,6,0,11,0,3,48,1,52,0,8,54,1,63,47,60,107,170
01/20/2016,BKV,FL,ASO,ES,Federal Contract Tower,0,4,4,0,8,0,1,73,20,94,0,5,77,20,102,33,121,154,256
01/21/2016,BKV,FL,ASO,ES,Federal Contract Tower,0,3,4,6,13,0,4,31,16,51,0,7,35,22,64,75,52,127,191
01/22/2016,BKV,FL,ASO,ES,Federal Contract Tower,0,0,5,0,5,0,2,1,0,3,0,2,6,0,8,0,0,0,8
01/23/2016,BKV,FL,ASO,ES,Federal Contract Tower,0,1,3,0,4,0,0,4,0,4,0,1,7,0,8,0,0,0,8
01/24/2016,BKV,FL,ASO,ES,Federal Contract Tower,0,0,5,0,5,0,0,60,0,60,0,0,65,0,65,70,0,70,135
01/25/2016,BKV,FL,ASO,ES,Federal Contract Tower,0,2,6,4,12,0,5,72,11,88,0,7,78,15,100,114,51,165,265
01/26/2016,BKV,FL,ASO,ES,Federal Contract Tower,0,4,2,1,7,0,5,53,6,64,0,9,55,7,71,122,79,201,272
01/27/2016,BKV,FL,ASO,ES,Federal Contract Tower,0,4,8,1,13,0,0,1,0,1,0,4,9,1,14,0,0,0,14
01/28/2016,BKV,FL,ASO,ES,Federal Contract Tower,0,4,5,2,11,0,0,0,0,0,0,4,5,2,11,0,0,0,11
01/29/2016,BKV,FL,ASO,ES,Federal Contract Tower,0,2,8,2,12,0,0,0,0,0,0,2,8,2,12,132,39,171,183
01/30/2016,BKV,FL,ASO,ES,Federal Contract Tower,0,0,6,0,6,0,2,95,0,97,0,2,101,0,103,68,0,68,171
01/31/2016,BKV,FL,ASO,ES,Federal Contract Tower,0,2,4,0,6,0,5,95,2,102,0,7,99,2,108,23,0,23,131
02/01/2016,BKV,FL,ASO,ES,Federal Contract Tower,0,3,2,0,5,0,6,37,5,48,0,9,39,5,53,111,14,125,178
02/02/2016,BKV,FL,ASO,ES,Federal Contract Tower,0,0,3,0,3,0,5,50,0,55,0,5,53,0,58,41,46,87,145
02/03/2016,BKV,FL,ASO,ES,Federal Contract Tower,0,2,3,18,23,0,0,48,9,57,0,2,51,27,80,13,74,87,167
02/04/2016,BKV,FL,ASO,ES,Federal Contract Tower,0,1,2,0,3,0,0,3,0,3,0,1,5,0,6,0,6,6,12
02/05/2016,BKV,FL,ASO,ES,Federal Contract Tower,0,2,16,0,18,0,4,101,1,106,0,6,117,1,124,52,12,64,188
02/06/2016,BKV,FL,ASO,ES,Federal Contract Tower,0,2,8,0,10,0,4,39,0,43,0,6,47,0,53,34,0,34,87
02/07/2016,BKV,FL,ASO,ES,Federal Contract Tower,0,0,8,0,8,0,0,14,0,14,0,0,22,0,22,12,0,12,34
02/08/2016,BKV,FL,ASO,ES,Federal Contract Tower,0,1,4,0,5,0,14,27,2,43,0,15,31,2,48,16,0,16,64
02/09/2016,BKV,FL,ASO,ES,Federal Contract Tower,0,1,6,1,8,0,6,0,4,10,0,7,6,5,18,0,38,38,56
02/10/2016,BKV,FL,ASO,ES,Federal Contract Tower,0,2,9,0,11,0,0,43,4,47,0,2,52,4,58,309,47,356,414
02/11/2016,BKV,FL,ASO,ES,Federal Contract Tower,0,3,13,1,17,0,2,84,7,93,0,5,97,8,110,127,10,137,247
02/12/2016,BKV,FL,ASO,ES,Federal Contract Tower,0,3,3,0,6,0,3,61,0,64,0,6,64,0,70,429,0,429,499
02/13/2016,BKV,FL,ASO,ES,Federal Contract Tower,0,3,6,1,10,0,1,86,1,88,0,4,92,2,98,114,0,114,212
02/14/2016,BKV,FL,ASO,ES,Federal Contract Tower,0,1,8,0,9,0,0,59,0,59,0,1,67,0,68,393,0,393,461
02/15/2016,BKV,FL,ASO,ES,Federal Contract Tower,0,3,4,0,7,0,9,80,0,89,0,12,84,0,96,11,0,11,107
02/16/2016,BKV,FL,ASO,ES,Federal Contract Tower,0,1,6,0,7,0,4,59,4,67,0,5,65,4,74,64,57,121,195
02/17/2016,BKV,FL,ASO,ES,Federal Contract Tower,0,2,7,0,9,0,1,65,17,83,0,3,72,17,92,49,64,113,205
02/18/2016,BKV,FL,ASO,ES,Federal Contract Tower,0,2,11,1,14,0,3,56,6,65,0,5,67,7,79,28,23,51,130
02/19/2016,BKV,FL,ASO,ES,Federal Contract Tower,0,0,19,2,21,0,2,58,3,63,0,2,77,5,84,68,48,116,200
02/20/2016,BKV,FL,ASO,ES,Federal Contract Tower,0,1,7,0,8,0,3,98,3,104,0,4,105,3,112,198,30,228,340
02/21/2016,BKV,FL,ASO,ES,Federal Contract Tower,0,1,6,0,7,0,0,57,5,62,0,1,63,5,69,35,0,35,104
02/22/2016,BKV,FL,ASO,ES,Federal Contract Tower,0,1,7,6,14,0,2,52,1,55,0,3,59,7,69,37,161,198,267
02/23/2016,BKV,FL,ASO,ES,Federal Contract Tower,0,1,13,1,15,0,4,30,4,38,0,5,43,5,53,24,20,44,97
02/24/2016,BKV,FL,ASO,ES,Federal Contract Tower,0,1,6,0,7,0,5,1,2,8,0,6,7,2,15,0,97,97,112
02/25/2016,BKV,FL,ASO,ES,Federal Contract Tower,0,0,22,0,22,0,3,21,19,43,0,3,43,19,65,20,48,68,133
02/26/2016,BKV,FL,ASO,ES,Federal Contract Tower,0,2,5,0,7,0,2,51,1,54,0,4,56,1,61,63,33,96,157
02/27/2016,BKV,FL,ASO,ES,Federal Contract Tower,0,2,1,2,5,0,10,97,0,107,0,12,98,2,112,130,18,148,260
02/28/2016,BKV,FL,ASO,ES,Federal Contract Tower,0,5,8,0,13,0,3,68,0,71,0,8,76,0,84,116,0,116,200
02/29/2016,BKV,FL,ASO,ES,Federal Contract Tower,0,0,2,2,4,0,5,69,6,80,0,5,71,8,84,21,91,112,196
03/01/2016,BKV,FL,ASO,ES,Federal Contract Tower,0,1,7,2,10,0,4,67,6,77,0,5,74,8,87,152,4,156,243
03/02/2016,BKV,FL,ASO,ES,Federal Contract Tower,0,0,11,2,13,0,4,39,14,57,0,4,50,16,70,51,72,123,193
03/03/2016,BKV,FL,ASO,ES,Federal Contract Tower,0,0,6,0,6,0,2,53,5,60,0,2,59,5,66,96,33,129,195
03/04/2016,BKV,FL,ASO,ES,Federal Contract Tower,0,3,3,2,8,0,8,58,4,70,0,11,61,6,78,46,12,58,136
03/05/2016,BKV,FL,ASO,ES,Federal Contract Tower,0,5,2,0,7,0,5,77,6,88,0,10,79,6,95,91,4,95,190
03/06/2016,BKV,FL,ASO,ES,Federal Contract Tower,0,1,8,0,9,0,2,59,0,61,0,3,67,0,70,62,0,62,132
03/07/2016,BKV,FL,ASO,ES,Federal Contract Tower,0,0,13,4,17,0,4,40,4,48,0,4,53,8,65,96,18,114,179
03/08/2016,BKV,FL,ASO,ES,Federal Contract Tower,0,2,5,1,8,0,5,61,1,67,0,7,66,2,75,93,0,93,168
03/09/2016,BKV,FL,ASO,ES,Federal Contract Tower,0,0,5,4,9,0,13,57,6,76,0,13,62,10,85,76,64,140,225
03/10/2016,BKV,FL,ASO,ES,Federal Contract Tower,0,0,6,2,8,0,3,20,5,28,0,3,26,7,36,16,39,55,91
03/11/2016,BKV,FL,ASO,ES,Federal Contract Tower,0,1,5,1,7,0,2,88,4,94,0,3,93,5,101,103,6,109,210
03/12/2016,BKV,FL,ASO,ES,Federal Contract Tower,0,0,11,0,11,0,7,122,0,129,0,7,133,0,140,187,0,187,327
03/13/2016,BKV,FL,ASO,ES,Federal Contract Tower,0,1,18,0,19,0,5,9,0,14,0,6,27,0,33,7,0,7,40
03/14/2016,BKV,FL,ASO,ES,Federal Contract Tower,0,1,4,2,7,0,6,22,0,28,0,7,26,2,35,21,12,33,68
03/15/2016,BKV,FL,ASO,ES,Federal Contract Tower,0,0,9,0,9,0,2,44,2,48,0,2,53,2,57,23,0,23,80
03/16/2016,BKV,FL,ASO,ES,Federal Contract Tower,0,0,13,0,13,0,6,21,3,30,0,6,34,3,43,55,58,113,156
03/17/2016,BKV,FL,ASO,ES,Federal Contract Tower,0,3,12,0,15,0,3,28,4,35,0,6,40,4,50,12,14,26,76
03/18/2016,BKV,FL,ASO,ES,Federal Contract Tower,0,2,16,0,18,0,5,27,2,34,0,7,43,2,52,37,11,48,100
03/19/2016,BKV,FL,ASO,ES,Federal Contract Tower,0,4,12,0,16,0,7,5,0,12,0,11,17,0,28,14,0,14,42
03/20/2016,BKV,FL,ASO,ES,Federal Contract Tower,0,0,7,0,7,0,4,28,0,32,0,4,35,0,39,25,0,25,64
03/21/2016,BKV,FL,ASO,ES,Federal Contract Tower,0,3,7,3,13,0,3,31,5,39,0,6,38,8,52,2,78,80,132
03/22/2016,BKV,FL,ASO,ES,Federal Contract Tower,0,0,14,1,15,0,3,47,5,55,0,3,61,6,70,14,20,34,104
03/23/2016,BKV,FL,ASO,ES,Federal Contract Tower,0,1,7,0,8,0,5,58,0,63,0,6,65,0,71,39,0,39,110
03/24/2016,BKV,FL,ASO,ES,Federal Contract Tower,0,5,7,12,24,0,4,26,4,34,0,9,33,16,58,19,24,43,101
03/25/2016,BKV,FL,ASO,ES,Federal Contract Tower,0,4,16,0,20,0,3,22,0,25,0,7,38,0,45,2,38,40,85
03/26/2016,BKV,FL,ASO,ES,Federal Contract Tower,0,2,2,0,4,0,0,21,7,28,0,2,23,7,32,7,32,39,71
03/27/2016,BKV,FL,ASO,ES,Federal Contract Tower,0,0,8,0,8,0,10,8,0,18,0,10,16,0,26,10,0,10,36
03/28/2016,BKV,FL,ASO,ES,Federal Contract Tower,0,1,13,10,24,0,0,10,0,10,0,1,23,10,34,12,0,12,46
03/29/2016,BKV,FL,ASO,ES,Federal Contract Tower,0,1,9,2,12,0,2,4,1,7,0,3,13,3,19,12,16,28,47
03/30/2016,BKV,FL,ASO,ES,Federal Contract Tower,0,1,4,3,8,0,5,56,6,67,0,6,60,9,75,78,31,109,184
03/31/2016,BKV,FL,ASO,ES,Federal Contract Tower,0,1,12,0,13,0,3,60,4,67,0,4,72,4,80,20,27,47,127
04/01/2016,BKV,FL,ASO,ES,Federal Contract Tower,0,3,13,8,24,0,3,70,0,73,0,6,83,8,97,42,0,42,139
04/02/2016,BKV,FL,ASO,ES,Federal Contract Tower,0,2,2,0,4,0,0,4,0,4,0,2,6,0,8,0,0,0,8
04/03/2016,BKV,FL,ASO,ES,Federal Contract Tower,0,2,13,0,15,0,10,104,0,114,0,12,117,0,129,62,0,62,191
04/04/2016,BKV,FL,ASO,ES,Federal Contract Tower,0,6,8,0,14,0,4,67,5,76,0,10,75,5,90,62,61,123,213
04/05/2016,BKV,FL,ASO,ES,Federal Contract Tower,0,1,2,1,4,0,2,105,9,116,0,3,107,10,120,80,74,154,274
04/06/2016,BKV,FL,ASO,ES,Federal Contract Tower,0,4,5,2,11,0,6,52,7,65,0,10,57,9,76,25,37,62,138
04/07/2016,BKV,FL,ASO,ES,Federal Contract Tower,0,4,8,0,12,0,7,53,4,64,0,11,61,4,76,53,5,58,134
04/08/2016,BKV,FL,ASO,ES,Federal Contract Tower,0,2,4,0,6,0,0,75,0,75,0,2,79,0,81,49,1,50,131
04/09/2016,BKV,FL,ASO,ES,Federal Contract Tower,0,4,1,0,5,0,3,52,0,55,0,7,53,0,60,31,0,31,91
04/10/2016,BKV,FL,ASO,ES,Federal Contract Tower,0,1,3,0,4,0,3,57,1,61,0,4,60,1,65,26,0,26,91
04/11/2016,BKV,FL,ASO,ES,Federal Contract Tower,0,3,9,0,12,0,1,60,2,63,0,4,69,2,75,27,76,103,178
04/12/2016,BKV,FL,ASO,ES,Federal Contract Tower,0,3,4,0,7,0,2,58,8,68,0,5,62,8,75,81,58,139,214
04/13/2016,BKV,FL,ASO,ES,Federal Contract Tower,0,3,4,0,7,0,3,43,15,61,0,6,47,15,68,151,59,210,278
04/14/2016,BKV,FL,ASO,ES,Federal Contract Tower,0,8,4,0,12,0,2,28,0,30,0,10,32,0,42,25,0,25,67
04/15/2016,BKV,FL,ASO,ES,Federal Contract Tower,0,1,17,0,18,0,3,2,0,5,0,4,19,0,23,0,0,0,23
04/16/2016,BKV,FL,ASO,ES,Federal Contract Tower,0,1,3,0,4,0,6,27,1,34,0,7,30,1,38,25,0,25,63
04/17/2016,BKV,FL,ASO,ES,Federal Contract Tower,0,1,12,4,17,0,8,46,6,60,0,9,58,10,77,33,13,46,123
04/18/2016,BKV,FL,ASO,ES,Federal Contract Tower,0,0,3,2,5,0,4,80,3,87,0,4,83,5,92,73,5,78,170
04/19/2016,BKV,FL,ASO,ES,Federal Contract Tower,0,0,8,0,8,0,6,104,8,118,0,6,112,8,126,137,68,205,331
04/20/2016,BKV,FL,ASO,ES,Federal Contract Tower,0,0,9,2,11,0,6,56,3,65,0,6,65,5,76,82,39,121,197
04/21/2016,BKV,FL,ASO,ES,Federal Contract Tower,0,2,14,0,16,0,6,85,26,117,0,8,99,26,133,19,36,55,188
04/22/2016,BKV,FL,ASO,ES,Federal Contract Tower,0,1,2,0,3,0,2,52,10,64,0,3,54,10,67,46,15,61,128
04/23/2016,BKV,FL,ASO,ES,Federal Contract Tower,0,1,3,1,5,0,3,38,27,68,0,4,41,28,73,174,26,200,273
04/24/2016,BKV,FL,ASO,ES,Federal Contract Tower,0,2,5,0,7,0,5,64,0,69,0,7,69,0,76,24,0,24,100
04/25/2016,BKV,FL,ASO,ES,Federal Contract Tower,0,3,5,0,8,0,2,57,5,64,0,5,62,5,72,63,42,105,177
04/26/2016,BKV,FL,ASO,ES,Federal Contract Tower,0,2,4,2,8,0,0,72,5,77,0,2,76,7,85,88,7,95,180
04/27/2016,BKV,FL,ASO,ES,Federal Contract Tower,0,1,13,0,14,0,6,69,2,77,0,7,82,2,91,101,10,111,202
04/28/2016,BKV,FL,ASO,ES,Federal Contract Tower,0,2,6,6,14,0,9,61,4,74,0,11,67,10,88,70,32,102,190
04/29/2016,BKV,FL,ASO,ES,Federal Contract Tower,0,0,15,1,16,0,10,53,2,65,0,10,68,3,81,77,0,77,158
04/30/2016,BKV,FL,ASO,ES,Federal Contract Tower,0,2,4,0,6,0,6,46,0,52,0,8,50,0,58,102,0,102,160
05/01/2016,BKV,FL,ASO,ES,Federal Contract Tower,0,1,3,0,4,0,6,31,0,37,0,7,34,0,41,24,0,24,65
05/02/2016,BKV,FL,ASO,ES,Federal Contract Tower,0,3,13,0,16,0,0,35,4,39,0,3,48,4,55,47,0,47,102
05/03/2016,BKV,FL,ASO,ES,Federal Contract Tower,0,4,18,0,22,0,2,31,12,45,0,6,49,12,67,72,6,78,145
05/04/2016,BKV,FL,ASO,ES,Federal Contract Tower,0,1,9,0,10,0,0,6,4,10,0,1,15,4,20,6,32,38,58
05/05/2016,BKV,FL,ASO,ES,Federal Contract Tower,0,2,10,1,13,0,4,58,14,76,0,6,68,15,89,46,10,56,145
05/06/2016,BKV,FL,ASO,ES,Federal Contract Tower,0,6,2,0,8,0,3,98,0,101,0,9,100,0,109,143,0,143,252
05/07/2016,BKV,FL,ASO,ES,Federal Contract Tower,0,0,5,2,7,0,7,85,1,93,0,7,90,3,100,51,0,51,151
05/08/2016,BKV,FL,ASO,ES,Federal Contract Tower,0,0,11,0,11,0,0,40,0,40,0,0,51,0,51,23,0,23,74
05/09/2016,BKV,FL,ASO,ES,Federal Contract Tower,0,0,3,0,3,0,1,94,6,101,0,1,97,6,104,64,56,120,224
05/10/2016,BKV,FL,ASO,ES,Federal Contract Tower,0,2,8,8,18,0,1,69,3,73,0,3,77,11,91,54,8,62,153
05/11/2016,BKV,FL,ASO,ES,Federal Contract Tower,0,7,5,3,15,0,7,85,15,107,0,14,90,18,122,105,76,181,303
05/12/2016,BKV,FL,ASO,ES,Federal Contract Tower,0,7,3,2,12,0,2,65,16,83,0,9,68,18,95,60,36,96,191
05/13/2016,BKV,FL,ASO,ES,Federal Contract Tower,0,3,12,0,15,0,3,54,5,62,0,6,66,5,77,44,36,80,157
05/14/2016,BKV,FL,ASO,ES,Federal Contract Tower,0,1,1,1,3,0,2,61,0,63,0,3,62,1,66,52,0,52,118
05/15/2016,BKV,FL,ASO,ES,Federal Contract Tower,0,3,9,0,12,0,4,58,1,63,0,7,67,1,75,29,0,29,104
05/16/2016,BKV,FL,ASO,ES,Federal Contract Tower,0,3,9,0,12,0,6,33,1,40,0,9,42,1,52,28,88,116,168
05/17/2016,BKV,FL,ASO,ES,Federal Contract Tower,0,0,18,0,18,0,0,13,2,15,0,0,31,2,33,12,0,12,45
05/18/2016,BKV,FL,ASO,ES,Federal Contract Tower,0,0,8,10,18,0,3,48,7,58,0,3,56,17,76,40,38,78,154
05/19/2016,BKV,FL,ASO,ES,Federal Contract Tower,0,0,15,1,16,0,6,39,7,52,0,6,54,8,68,59,31,90,158
05/20/2016,BKV,FL,ASO,ES,Federal Contract Tower,0,1,5,6,12,0,1,42,9,52,0,2,47,15,64,30,34,64,128
05/21/2016,BKV,FL,ASO,ES,Federal Contract Tower,0,1,22,0,23,0,4,50,0,54,0,5,72,0,77,61,103,164,241
05/22/2016,BKV,FL,ASO,ES,Federal Contract Tower,0,3,2,3,8,0,5,44,3,52,0,8,46,6,60,104,0,104,164
05/23/2016,BKV,FL,ASO,ES,Federal Contract Tower,0,4,5,0,9,0,2,74,5,81,0,6,79,5,90,76,44,120,210
05/24/2016,BKV,FL,ASO,ES,Federal Contract Tower,0,5,6,4,15,0,2,55,4,61,0,7,61,8,76,83,34,117,193
05/25/2016,BKV,FL,ASO,ES,Federal Contract Tower,0,2,6,2,10,0,4,58,9,71,0,6,64,11,81,72,26,98,179
05/26/2016,BKV,FL,ASO,ES,Federal Contract Tower,0,2,7,0,9,0,2,50,13,65,0,4,57,13,74,78,0,78,152
05/27/2016,BKV,FL,ASO,ES,Federal Contract Tower,0,2,7,1,10,0,1,49,3,53,0,3,56,4,63,69,14,83,146
05/28/2016,BKV,FL,ASO,ES,Federal Contract Tower,0,0,7,0,7,0,3,66,0,69,0,3,73,0,76,67,0,67,143
05/29/2016,BKV,FL,ASO,ES,Federal Contract Tower,0,0,3,0,3,0,3,32,0,35,0,3,35,0,38,21,0,21,59
05/30/2016,BKV,FL,ASO,ES,Federal Contract Tower,0,0,10,0,10,0,4,46,0,50,0,4,56,0,60,33,0,33,93
05/31/2016,BKV,FL,ASO,ES,Federal Contract Tower,0,1,13,0,14,0,3,46,7,56,0,4,59,7,70,42,24,66,136
06/01/2016,BKV,FL,ASO,ES,Federal Contract Tower,0,1,2,1,4,0,3,56,8,67,0,4,58,9,71,69,52,121,192
06/02/2016,BKV,FL,ASO,ES,Federal Contract Tower,0,2,5,7,14,0,3,49,11,63,0,5,54,18,77,39,18,57,134
06/03/2016,BKV,FL,ASO,ES,Federal Contract Tower,0,1,7,2,10,0,6,65,8,79,0,7,72,10,89,47,38,85,174
06/04/2016,BKV,FL,ASO,ES,Federal Contract Tower,0,1,8,0,9,0,5,44,10,59,0,6,52,10,68,44,12,56,124
06/05/2016,BKV,FL,ASO,ES,Federal Contract Tower,0,2,4,0,6,0,3,28,0,31,0,5,32,0,37,93,0,93,130
06/06/2016,BKV,FL,ASO,ES,Federal Contract Tower,0,2,2,0,4,0,0,0,0,0,0,2,2,0,4,0,0,0,4
06/07/2016,BKV,FL,ASO,ES,Federal Contract Tower,0,4,4,0,8,0,0,11,14,25,0,4,15,14,33,2,55,57,90
06/08/2016,BKV,FL,ASO,ES,Federal Contract Tower,0,0,7,3,10,0,3,44,11,58,0,3,51,14,68,54,12,66,134
06/09/2016,BKV,FL,ASO,ES,Federal Contract Tower,0,0,9,1,10,0,0,15,11,26,0,0,24,12,36,84,32,116,152
06/10/2016,BKV,FL,ASO,ES,Federal Contract Tower,0,2,4,0,6,0,0,23,0,23,0,2,27,0,29,32,0,32,61
06/11/2016,BKV,FL,ASO,ES,Federal Contract Tower,0,0,2,0,2,0,1,58,0,59,0,1,60,0,61,123,6,129,190
06/12/2016,BKV,FL,ASO,ES,Federal Contract Tower,0,1,5,0,6,0,2,31,0,33,0,3,36,0,39,34,0,34,73
06/13/2016,BKV,FL,ASO,ES,Federal Contract Tower,0,0,3,0,3,0,1,37,2,40,0,1,40,2,43,46,72,118,161
06/14/2016,BKV,FL,ASO,ES,Federal Contract Tower,0,0,14,3,17,0,0,52,7,59,0,0,66,10,76,77,43,120,196
06/15/2016,BKV,FL,ASO,ES,Federal Contract Tower,0,2,1,11,14,0,5,44,3,52,0,7,45,14,66,52,44,96,162
06/16/2016,BKV,FL,ASO,ES,Federal Contract Tower,0,0,14,0,14,0,0,38,4,42,0,0,52,4,56,113,32,145,201
06/17/2016,BKV,FL,ASO,ES,Federal Contract Tower,0,0,5,0,5,0,6,31,0,37,0,6,36,0,42,31,0,31,73
06/18/2016,BKV,FL,ASO,ES,Federal Contract Tower,0,1,11,0,12,0,2,57,0,59,0,3,68,0,71,81,0,81,152
06/19/2016,BKV,FL,ASO,ES,Federal Contract Tower,0,1,8,0,9,0,2,28,0,30,0,3,36,0,39,26,0,26,65
06/20/2016,BKV,FL,ASO,ES,Federal Contract Tower,0,0,0,4,4,0,3,49,4,56,0,3,49,8,60,78,77,155,215
06/21/2016,BKV,FL,ASO,ES,Federal Contract Tower,0,0,4,0,4,0,2,48,2,52,0,2,52,2,56,102,0,102,158
06/22/2016,BKV,FL,ASO,ES,Federal Contract Tower,0,2,7,4,13,0,5,37,8,50,0,7,44,12,63,73,31,104,167
06/23/2016,BKV,FL,ASO,ES,Federal Contract Tower,0,1,5,0,6,0,6,46,11,63,0,7,51,11,69,88,44,132,201
06/24/2016,BKV,FL,ASO,ES,Federal Contract Tower,0,0,5,4,9,0,2,50,5,57,0,2,55,9,66,28,24,52,118
06/25/2016,BKV,FL,ASO,ES,Federal Contract Tower,0,1,4,0,5,0,0,54,6,60,0,1,58,6,65,46,31,77,142
06/26/2016,BKV,FL,ASO,ES,Federal Contract Tower,0,1,10,0,11,0,0,25,7,32,0,1,35,7,43,33,0,33,76
06/27/2016,BKV,FL,ASO,ES,Federal Contract Tower,0,0,9,2,11,0,2,17,3,22,0,2,26,5,33,45,13,58,91
06/28/2016,BKV,FL,ASO,ES,Federal Contract Tower,0,0,2,5,7,0,3,43,3,49,0,3,45,8,56,60,36,96,152
06/29/2016,BKV,FL,ASO,ES,Federal Contract Tower,0,2,5,1,8,0,6,47,10,63,0,8,52,11,71,35,74,109,180
06/30/2016,BKV,FL,ASO,ES,Federal Contract Tower,0,1,6,0,7,0,4,44,5,53,0,5,50,5,60,120,0,120,180
07/01/2016,BKV,FL,ASO,ES,Federal Contract Tower,0,5,11,0,16,0,5,33,0,38,0,10,44,0,54,72,0,72,126
07/02/2016,BKV,FL,ASO,ES,Federal Contract Tower,0,0,7,0,7,0,3,35,0,38,0,3,42,0,45,14,0,14,59
07/03/2016,BKV,FL,ASO,ES,Federal Contract Tower,0,0,3,0,3,0,0,25,0,25,0,0,28,0,28,40,0,40,68
07/04/2016,BKV,FL,ASO,ES,Federal Contract Tower,0,2,4,0,6,0,3,29,0,32,0,5,33,0,38,40,0,40,78
07/05/2016,BKV,FL,ASO,ES,Federal Contract Tower,0,1,7,0,8,0,2,25,3,30,0,3,32,3,38,14,59,73,111
07/06/2016,BKV,FL,ASO,ES,Federal Contract Tower,0,0,9,0,9,0,5,50,10,65,0,5,59,10,74,31,162,193,267
07/07/2016,BKV,FL,ASO,ES,Federal Contract Tower,0,1,0,0,1,0,1,53,2,56,0,2,53,2,57,81,0,81,138
07/08/2016,BKV,FL,ASO,ES,Federal Contract Tower,0,1,7,0,8,0,1,46,3,50,0,2,53,3,58,80,59,139,197
07/09/2016,BKV,FL,ASO,ES,Federal Contract Tower,0,1,10,0,11,0,5,92,2,99,0,6,102,2,110,66,6,72,182
07/10/2016,BKV,FL,ASO,ES,Federal Contract Tower,0,1,2,0,3,0,4,50,4,58,0,5,52,4,61,61,3,64,125
07/11/2016,BKV,FL,ASO,ES,Federal Contract Tower,0,1,2,2,5,0,4,51,0,55,0,5,53,2,60,111,44,155,215
07/12/2016,BKV,FL,ASO,ES,Federal Contract Tower,0,2,6,0,8,0,7,38,1,46,0,9,44,1,54,82,2,84,138
07/13/2016,BKV,FL,ASO,ES,Federal Contract Tower,0,1,8,0,9,0,5,57,0,62,0,6,65,0,71,59,80,139,210
07/14/2016,BKV,FL,ASO,ES,Federal Contract Tower,0,1,5,0,6,0,6,63,4,73,0,7,68,4,79,131,9,140,219
07/15/2016,BKV,FL,ASO,ES,Federal Contract Tower,0,0,2,4,6,0,5,69,10,84,0,5,71,14,90,130,54,184,274
07/16/2016,BKV,FL,ASO,ES,Federal Contract Tower,0,0,2,0,2,0,3,41,11,55,0,3,43,11,57,59,0,59,116
07/17/2016,BKV,FL,ASO,ES,Federal Contract Tower,0,0,3,0,3,0,2,48,8,58,0,2,51,8,61,22,5,27,88
07/18/2016,BKV,FL,ASO,ES,Federal Contract Tower,0,0,7,0,7,0,2,43,3,48,0,2,50,3,55,49,56,105,160
07/19/2016,BKV,FL,ASO,ES,Federal Contract Tower,0,0,4,2,6,0,4,40,8,52,0,4,44,10,58,55,34,89,147
07/20/2016,BKV,FL,ASO,ES,Federal Contract Tower,0,1,11,0,12,0,0,70,32,102,0,1,81,32,114,27,12,39,153
07/21/2016,BKV,FL,ASO,ES,Federal Contract Tower,0,2,6,0,8,0,13,41,5,59,0,15,47,5,67,116,28,144,211
07/22/2016,BKV,FL,ASO,ES,Federal Contract Tower,0,1,18,0,19,0,2,32,2,36,0,3,50,2,55,49,0,49,104
07/23/2016,BKV,FL,ASO,ES,Federal Contract Tower,0,0,13,0,13,0,2,30,0,32,0,2,43,0,45,36,0,36,81
07/24/2016,BKV,FL,ASO,ES,Federal Contract Tower,0,0,9,7,16,0,0,30,0,30,0,0,39,7,46,24,0,24,70
07/25/2016,BKV,FL,ASO,ES,Federal Contract Tower,0,1,1,1,3,0,8,47,0,55,0,9,48,1,58,84,0,84,142
07/26/2016,BKV,FL,ASO,ES,Federal Contract Tower,0,1,9,1,11,0,10,71,7,88,0,11,80,8,99,66,37,103,202
07/27/2016,BKV,FL,ASO,ES,Federal Contract Tower,0,2,7,0,9,0,8,59,0,67,0,10,66,0,76,93,0,93,169
07/28/2016,BKV,FL,ASO,ES,Federal Contract Tower,0,0,3,4,7,0,1,62,3,66,0,1,65,7,73,77,2,79,152
07/29/2016,BKV,FL,ASO,ES,Federal Contract Tower,0,1,13,0,14,0,4,41,0,45,0,5,54,0,59,66,0,66,125
07/30/2016,BKV,FL,ASO,ES,Federal Contract Tower,0,1,3,2,6,0,6,21,12,39,0,7,24,14,45,3,0,3,48
07/31/2016,BKV,FL,ASO,ES,Federal Contract Tower,0,1,7,4,12,0,0,45,0,45,0,1,52,4,57,11,0,11,68
08/01/2016,BKV,FL,ASO,ES,Federal Contract Tower,0,0,5,0,5,0,2,37,3,42,0,2,42,3,47,48,61,109,156
08/02/2016,BKV,FL,ASO,ES,Federal Contract Tower,0,4,9,0,13,0,3,39,4,46,0,7,48,4,59,47,0,47,106
08/03/2016,BKV,FL,ASO,ES,Federal Contract Tower,0,0,13,0,13,0,8,54,16,78,0,8,67,16,91,67,12,79,170
08/04/2016,BKV,FL,ASO,ES,Federal Contract Tower,0,1,4,0,5,0,2,29,0,31,0,3,33,0,36,4,0,4,40
08/05/2016,BKV,FL,ASO,ES,Federal Contract Tower,0,0,5,0,5,0,1,34,2,37,0,1,39,2,42,4,0,4,46
08/06/2016,BKV,FL,ASO,ES,Federal Contract Tower,0,4,1,0,5,0,0,28,1,29,0,4,29,1,34,25,0,25,59
08/07/2016,BKV,FL,ASO,ES,Federal Contract Tower,0,0,1,0,1,0,4,3,0,7,0,4,4,0,8,0,0,0,8
08/08/2016,BKV,FL,ASO,ES,Federal Contract Tower,0,1,5,4,10,0,2,7,0,9,0,3,12,4,19,11,0,11,30
08/09/2016,BKV,FL,ASO,ES,Federal Contract Tower,0,3,6,0,9,0,2,5,1,8,0,5,11,1,17,5,21,26,43
08/10/2016,BKV,FL,ASO,ES,Federal Contract Tower,0,2,4,4,10,0,2,47,0,49,0,4,51,4,59,110,0,110,169
08/11/2016,BKV,FL,ASO,ES,Federal Contract Tower,0,1,7,0,8,0,1,39,1,41,0,2,46,1,49,70,35,105,154
08/12/2016,BKV,FL,ASO,ES,Federal Contract Tower,0,1,6,0,7,0,2,50,4,56,0,3,56,4,63,39,80,119,182
08/13/2016,BKV,FL,ASO,ES,Federal Contract Tower,0,4,2,0,6,0,0,91,2,93,0,4,93,2,99,43,12,55,154
08/14/2016,BKV,FL,ASO,ES,Federal Contract Tower,0,0,7,0,7,0,5,50,0,55,0,5,57,0,62,45,0,45,107
08/15/2016,BKV,FL,ASO,ES,Federal Contract Tower,0,0,5,0,5,0,2,35,8,45,0,2,40,8,50,13,36,49,99
08/16/2016,BKV,FL,ASO,ES,Federal Contract Tower,0,1,1,1,3,0,2,44,3,49,0,3,45,4,52,35,9,44,96
08/17/2016,BKV,FL,ASO,ES,Federal Contract Tower,0,0,5,0,5,0,2,51,4,57,0,2,56,4,62,49,29,78,140
08/18/2016,BKV,FL,ASO,ES,Federal Contract Tower,0,0,6,4,10,0,0,48,3,51,0,0,54,7,61,60,6,66,127
08/19/2016,BKV,FL,ASO,ES,Federal Contract Tower,0,1,4,12,17,0,2,78,3,83,0,3,82,15,100,31,0,31,131
08/20/2016,BKV,FL,ASO,ES,Federal Contract Tower,0,1,2,0,3,0,2,54,7,63,0,3,56,7,66,49,10,59,125
08/21/2016,BKV,FL,ASO,ES,Federal Contract Tower,0,2,4,0,6,0,2,36,3,41,0,4,40,3,47,19,17,36,83
08/22/2016,BKV,FL,ASO,ES,Federal Contract Tower,0,1,6,12,19,0,4,41,1,46,0,5,47,13,65,67,43,110,175
08/23/2016,BKV,FL,ASO,ES,Federal Contract Tower,0,1,9,3,13,0,3,57,0,60,0,4,66,3,73,35,2,37,110
08/24/2016,BKV,FL,ASO,ES,Federal Contract Tower,0,3,12,0,15,0,4,25,3,32,0,7,37,3,47,40,25,65,112
08/25/2016,BKV,FL,ASO,ES,Federal Contract Tower,0,0,8,7,15,0,6,93,16,115,0,6,101,23,130,101,0,101,231
08/26/2016,BKV,FL,ASO,ES,Federal Contract Tower,0,0,13,0,13,0,2,70,5,77,0,2,83,5,90,61,35,96,186
08/27/2016,BKV,FL,ASO,ES,Federal Contract Tower,0,0,6,0,6,0,2,82,2,86,0,2,88,2,92,65,0,65,157
08/28/2016,BKV,FL,ASO,ES,Federal Contract Tower,0,2,9,0,11,0,0,29,0,29,0,2,38,0,40,3,0,3,43
08/29/2016,BKV,FL,ASO,ES,Federal Contract Tower,0,2,8,0,10,0,1,36,7,44,0,3,44,7,54,64,35,99,153
08/30/2016,BKV,FL,ASO,ES,Federal Contract Tower,0,0,7,0,7,0,2,17,0,19,0,2,24,0,26,29,0,29,55
08/31/2016,BKV,FL,ASO,ES,Federal Contract Tower,0,0,4,0,4,0,0,0,0,0,0,0,4,0,4,0,0,0,4
09/01/2016,BKV,FL,ASO,ES,Federal Contract Tower,0,2,4,0,6,0,0,0,0,0,0,2,4,0,6,0,0,0,6
09/02/2016,BKV,FL,ASO,ES,Federal Contract Tower,0,1,2,0,3,0,0,5,1,6,0,1,7,1,9,0,0,0,9
09/03/2016,BKV,FL,ASO,ES,Federal Contract Tower,0,0,5,0,5,0,4,16,0,20,0,4,21,0,25,55,0,55,80
09/04/2016,BKV,FL,ASO,ES,Federal Contract Tower,0,1,1,0,2,0,2,65,0,67,0,3,66,0,69,16,0,16,85
09/05/2016,BKV,FL,ASO,ES,Federal Contract Tower,0,1,11,0,12,0,3,22,0,25,0,4,33,0,37,225,0,225,262
09/06/2016,BKV,FL,ASO,ES,Federal Contract Tower,0,1,8,0,9,0,5,58,3,66,0,6,66,3,75,68,41,109,184
09/07/2016,BKV,FL,ASO,ES,Federal Contract Tower,0,1,3,3,7,0,4,63,6,73,0,5,66,9,80,119,12,131,211
09/08/2016,BKV,FL,ASO,ES,Federal Contract Tower,0,4,8,0,12,0,5,73,7,85,0,9,81,7,97,81,143,224,321
09/09/2016,BKV,FL,ASO,ES,Federal Contract Tower,0,2,8,0,10,0,9,44,8,61,0,11,52,8,71,51,89,140,211
09/10/2016,BKV,FL,ASO,ES,Federal Contract Tower,0,0,7,0,7,0,1,63,0,64,0,1,70,0,71,45,0,45,116
09/11/2016,BKV,FL,ASO,ES,Federal Contract Tower,0,1,4,0,5,0,4,45,0,49,0,5,49,0,54,28,0,28,82
09/12/2016,BKV,FL,ASO,ES,Federal Contract Tower,0,3,10,0,13,0,2,29,0,31,0,5,39,0,44,68,0,68,112
09/13/2016,BKV,FL,ASO,ES,Federal Contract Tower,0,1,2,0,3,0,4,21,1,26,0,5,23,1,29,11,77,88,117
09/14/2016,BKV,FL,ASO,ES,Federal Contract Tower,0,2,3,4,9,0,0,28,19,47,0,2,31,23,56,10,2,12,68
09/15/2016,BKV,FL,ASO,ES,Federal Contract Tower,0,0,4,0,4,0,7,37,16,60,0,7,41,16,64,45,40,85,149
09/16/2016,BKV,FL,ASO,ES,Federal Contract Tower,0,0,15,8,23,0,4,43,1,48,0,4,58,9,71,22,6,28,99
09/17/2016,BKV,FL,ASO,ES,Federal Contract Tower,0,1,11,0,12,0,4,53,5,62,0,5,64,5,74,47,8,55,129
09/18/2016,BKV,FL,ASO,ES,Federal Contract Tower,0,1,9,0,10,0,6,34,0,40,0,7,43,0,50,44,0,44,94
09/19/2016,BKV,FL,ASO,ES,Federal Contract Tower,0,0,12,0,12,0,6,48,3,57,0,6,60,3,69,33,90,123,192
09/20/2016,BKV,FL,ASO,ES,Federal Contract Tower,0,0,12,1,13,0,3,32,2,37,0,3,44,3,50,32,10,42,92
09/21/2016,BKV,FL,ASO,ES,Federal Contract Tower,1,2,13,0,16,0,3,43,6,52,1,5,56,6,68,245,77,322,390
09/22/2016,BKV,FL,ASO,ES,Federal Contract Tower,0,2,3,0,5,0,4,73,7,84,0,6,76,7,89,92,4,96,185
09/23/2016,BKV,FL,ASO,ES,Federal Contract Tower,0,2,5,5,12,0,0,54,41,95,0,2,59,46,107,72,46,118,225
09/24/2016,BKV,FL,ASO,ES,Federal Contract Tower,0,0,7,0,7,0,4,83,3,90,0,4,90,3,97,64,0,64,161
09/25/2016,BKV,FL,ASO,ES,Federal Contract Tower,0,1,7,1,9,0,0,41,2,43,0,1,48,3,52,59,0,59,111
09/26/2016,BKV,FL,ASO,ES,Federal Contract Tower,0,0,9,0,9,0,2,41,14,57,0,2,50,14,66,14,71,85,151
09/27/2016,BKV,FL,ASO,ES,Federal Contract Tower,0,3,11,1,15,0,6,60,13,79,0,9,71,14,94,52,99,151,245
09/28/2016,BKV,FL,ASO,ES,Federal Contract Tower,0,1,10,0,11,0,6,36,0,42,0,7,46,0,53,92,0,92,145
09/29/2016,BKV,FL,ASO,ES,Federal Contract Tower,0,3,10,5,18,0,2,47,2,51,0,5,57,7,69,23,26,49,118
09/30/2016,BKV,FL,ASO,ES,Federal Contract Tower,0,5,24,0,29,0,0,51,0,51,0,5,75,0,80,33,0,33,113
10/01/2016,BKV,FL,ASO,ES,Federal Contract Tower,0,1,2,0,3,0,4,56,0,60,0,5,58,0,63,60,0,60,123
10/02/2016,BKV,FL,ASO,ES,Federal Contract Tower,0,1,8,0,9,0,2,42,0,44,0,3,50,0,53,19,0,19,72
10/03/2016,BKV,FL,ASO,ES,Federal Contract Tower,0,0,12,14,26,0,3,37,0,40,0,3,49,14,66,14,0,14,80
10/04/2016,BKV,FL,ASO,ES,Federal Contract Tower,0,0,5,0,5,0,4,23,8,35,0,4,28,8,40,27,11,38,78
10/05/2016,BKV,FL,ASO,ES,Federal Contract Tower,0,5,18,5,28,0,2,16,3,21,0,7,34,8,49,25,101,126,175
10/06/2016,BKV,FL,ASO,ES,Federal Contract Tower,0,1,18,0,19,0,0,1,3,4,0,1,19,3,23,0,24,24,47
10/07/2016,BKV,FL,ASO,ES,Federal Contract Tower,0,1,13,0,14,0,0,0,0,0,0,1,13,0,14,0,0,0,14
10/08/2016,BKV,FL,ASO,ES,Federal Contract Tower,0,0,15,0,15,0,0,41,10,51,0,0,56,10,66,57,0,57,123
10/09/2016,BKV,FL,ASO,ES,Federal Contract Tower,0,2,2,0,4,0,2,50,1,53,0,4,52,1,57,16,0,16,73
10/10/2016,BKV,FL,ASO,ES,Federal Contract Tower,0,2,8,1,11,0,4,51,1,56,0,6,59,2,67,53,0,53,120
10/11/2016,BKV,FL,ASO,ES,Federal Contract Tower,0,8,7,1,16,0,3,62,3,68,0,11,69,4,84,73,20,93,177
10/12/2016,BKV,FL,ASO,ES,Federal Contract Tower,0,2,11,4,17,0,6,79,27,112,0,8,90,31,129,91,121,212,341
10/13/2016,BKV,FL,ASO,ES,Federal Contract Tower,0,4,4,6,14,0,7,82,38,127,0,11,86,44,141,42,64,106,247
10/14/2016,BKV,FL,ASO,ES,Federal Contract Tower,0,2,11,1,14,0,1,64,14,79,0,3,75,15,93,27,12,39,132
10/15/2016,BKV,FL,ASO,ES,Federal Contract Tower,0,0,9,3,12,0,5,47,13,65,0,5,56,16,77,41,38,79,156
10/16/2016,BKV,FL,ASO,ES,Federal Contract Tower,0,1,12,0,13,0,2,39,1,42,0,3,51,1,55,208,0,208,263
10/17/2016,BKV,FL,ASO,ES,Federal Contract Tower,0,2,8,0,10,0,4,43,7,54,0,6,51,7,64,48,31,79,143
10/18/2016,BKV,FL,ASO,ES,Federal Contract Tower,0,1,7,0,8,0,0,49,8,57,0,1,56,8,65,54,0,54,119
10/19/2016,BKV,FL,ASO,ES,Federal Contract Tower,0,1,11,10,22,0,3,73,9,85,0,4,84,19,107,96,103,199,306
10/20/2016,BKV,FL,ASO,ES,Federal Contract Tower,0,1,11,0,12,0,6,58,10,74,0,7,69,10,86,34,49,83,169
10/21/2016,BKV,FL,ASO,ES,Federal Contract Tower,0,7,4,0,11,0,2,32,10,44,0,9,36,10,55,36,25,61,116
10/22/2016,BKV,FL,ASO,ES,Federal Contract Tower,0,1,2,0,3,0,4,62,0,66,0,5,64,0,69,53,0,53,122
10/23/2016,BKV,FL,ASO,ES,Federal Contract Tower,0,1,7,3,11,0,2,56,11,69,0,3,63,14,80,26,0,26,106
10/24/2016,BKV,FL,ASO,ES,Federal Contract Tower,0,0,8,1,9,0,1,49,9,59,0,1,57,10,68,89,32,121,189
10/25/2016,BKV,FL,ASO,ES,Federal Contract Tower,0,2,6,7,15,0,2,76,6,84,0,4,82,13,99,85,50,135,234
10/26/2016,BKV,FL,ASO,ES,Federal Contract Tower,0,2,8,4,14,0,8,61,5,74,0,10,69,9,88,62,54,116,204
10/27/2016,BKV,FL,ASO,ES,Federal Contract Tower,0,1,10,2,13,0,6,52,2,60,0,7,62,4,73,50,47,97,170
10/28/2016,BKV,FL,ASO,ES,Federal Contract Tower,0,0,9,0,9,0,6,67,6,79,0,6,76,6,88,28,42,70,158
10/29/2016,BKV,FL,ASO,ES,Federal Contract Tower,0,4,7,0,11,0,6,30,2,38,0,10,37,2,49,52,0,52,101
10/30/2016,BKV,FL,ASO,ES,Federal Contract Tower,0,3,5,0,8,0,4,40,0,44,0,7,45,0,52,37,0,37,89
10/31/2016,BKV,FL,ASO,ES,Federal Contract Tower,0,1,10,5,16,0,11,29,7,47,0,12,39,12,63,32,62,94,157
11/01/2016,BKV,FL,ASO,ES,Federal Contract Tower,0,3,7,1,11,0,8,37,6,51,0,11,44,7,62,36,48,84,146
11/02/2016,BKV,FL,ASO,ES,Federal Contract Tower,2,1,8,6,17,0,4,61,12,77,2,5,69,18,94,57,53,110,204
11/03/2016,BKV,FL,ASO,ES,Federal Contract Tower,0,3,13,1,17,0,2,57,10,69,0,5,70,11,86,43,55,98,184
11/04/2016,BKV,FL,ASO,ES,Federal Contract Tower,0,1,17,4,22,0,11,56,1,68,0,12,73,5,90,36,0,36,126
11/05/2016,BKV,FL,ASO,ES,Federal Contract Tower,0,0,8,2,10,0,4,57,24,85,0,4,65,26,95,64,28,92,187
11/06/2016,BKV,FL,ASO,ES,Federal Contract Tower,0,0,5,0,5,0,2,56,2,60,0,2,61,2,65,16,0,16,81
11/07/2016,BKV,FL,ASO,ES,Federal Contract Tower,0,0,14,1,15,0,6,55,16,77,0,6,69,17,92,64,103,167,259
11/08/2016,BKV,FL,ASO,ES,Federal Contract Tower,0,0,5,0,5,0,6,49,10,65,0,6,54,10,70,115,64,179,249
11/09/2016,BKV,FL,ASO,ES,Federal Contract Tower,0,1,2,6,9,0,7,67,0,74,0,8,69,6,83,101,103,204,287
11/10/2016,BKV,FL,ASO,ES,Federal Contract Tower,0,0,6,1,7,0,2,82,3,87,0,2,88,4,94,77,18,95,189
11/11/2016,BKV,FL,ASO,ES,Federal Contract Tower,0,0,4,0,4,0,3,60,0,63,0,3,64,0,67,157,0,157,224
11/12/2016,BKV,FL,ASO,ES,Federal Contract Tower,0,1,8,0,9,0,3,70,2,75,0,4,78,2,84,47,0,47,131
11/13/2016,BKV,FL,ASO,ES,Federal Contract Tower,0,1,4,4,9,0,4,39,0,43,0,5,43,4,52,50,8,58,110
11/14/2016,BKV,FL,ASO,ES,Federal Contract Tower,0,1,16,4,21,0,4,22,8,34,0,5,38,12,55,66,121,187,242
11/15/2016,BKV,FL,ASO,ES,Federal Contract Tower,0,1,2,3,6,0,2,71,12,85,0,3,73,15,91,84,91,175,266
11/16/2016,BKV,FL,ASO,ES,Federal Contract Tower,0,5,7,6,18,0,3,53,24,80,0,8,60,30,98,120,179,299,397
11/17/2016,BKV,FL,ASO,ES,Federal Contract Tower,0,0,1,4,5,0,3,70,14,87,0,3,71,18,92,68,52,120,212
11/18/2016,BKV,FL,ASO,ES,Federal Contract Tower,0,2,11,2,15,0,1,70,17,88,0,3,81,19,103,86,50,136,239
11/19/2016,BKV,FL,ASO,ES,Federal Contract Tower,0,1,17,1,19,0,0,73,0,73,0,1,90,1,92,45,20,65,157
11/20/2016,BKV,FL,ASO,ES,Federal Contract Tower,0,2,9,0,11,0,0,32,0,32,0,2,41,0,43,17,0,17,60
11/21/2016,BKV,FL,ASO,ES,Federal Contract Tower,0,1,5,0,6,0,3,56,8,67,0,4,61,8,73,36,88,124,197
11/22/2016,BKV,FL,ASO,ES,Federal Contract Tower,0,1,6,0,7,0,0,64,3,67,0,1,70,3,74,73,26,99,173
11/23/2016,BKV,FL,ASO,ES,Federal Contract Tower,0,2,10,0,12,0,4,63,3,70,0,6,73,3,82,107,42,149,231
11/24/2016,BKV,FL,ASO,ES,Federal Contract Tower,0,1,1,0,2,0,2,43,0,45,0,3,44,0,47,5,0,5,52
11/25/2016,BKV,FL,ASO,ES,Federal Contract Tower,0,1,6,0,7,0,2,51,0,53,0,3,57,0,60,66,0,66,126
11/26/2016,BKV,FL,ASO,ES,Federal Contract Tower,0,2,4,0,6,0,5,53,0,58,0,7,57,0,64,12,0,12,76
11/27/2016,BKV,FL,ASO,ES,Federal Contract Tower,0,1,10,0,11,0,2,45,0,47,0,3,55,0,58,29,0,29,87
11/28/2016,BKV,FL,ASO,ES,Federal Contract Tower,0,0,6,0,6,0,4,36,3,43,0,4,42,3,49,78,42,120,169
11/29/2016,BKV,FL,ASO,ES,Federal Contract Tower,0,0,4,0,4,0,5,27,5,37,0,5,31,5,41,12,58,70,111
11/30/2016,BKV,FL,ASO,ES,Federal Contract Tower,0,0,5,0,5,0,0,33,9,42,0,0,38,9,47,17,65,82,129
12/01/2016,BKV,FL,ASO,ES,Federal Contract Tower,0,0,15,4,19,0,5,18,7,30,0,5,33,11,49,12,13,25,74
12/02/2016,BKV,FL,ASO,ES,Federal Contract Tower,0,0,8,0,8,0,2,66,15,83,0,2,74,15,91,17,49,66,157
12/03/2016,BKV,FL,ASO,ES,Federal Contract Tower,0,0,5,0,5,0,9,70,2,81,0,9,75,2,86,91,21,112,198
12/04/2016,BKV,FL,ASO,ES,Federal Contract Tower,0,0,0,4,4,0,4,37,0,41,0,4,37,4,45,22,0,22,67
12/05/2016,BKV,FL,ASO,ES,Federal Contract Tower,0,2,13,0,15,0,1,18,3,22,0,3,31,3,37,20,29,49,86
12/06/2016,BKV,FL,ASO,ES,Federal Contract Tower,0,2,10,0,12,0,2,4,4,10,0,4,14,4,22,0,0,0,22
12/07/2016,BKV,FL,ASO,ES,Federal Contract Tower,0,0,8,1,9,0,4,60,18,82,0,4,68,19,91,105,73,178,269
12/08/2016,BKV,FL,ASO,ES,Federal Contract Tower,0,1,18,6,25,0,2,61,30,93,0,3,79,36,118,47,25,72,190
12/09/2016,BKV,FL,ASO,ES,Federal Contract Tower,0,0,4,3,7,0,1,46,2,49,0,1,50,5,56,80,20,100,156
12/10/2016,BKV,FL,ASO,ES,Federal Contract Tower,0,1,14,0,15,0,7,42,0,49,0,8,56,0,64,59,0,59,123
12/11/2016,BKV,FL,ASO,ES,Federal Contract Tower,0,1,4,0,5,0,4,32,0,36,0,5,36,0,41,23,0,23,64
12/12/2016,BKV,FL,ASO,ES,Federal Contract Tower,0,2,9,2,13,0,3,30,18,51,0,5,39,20,64,44,53,97,161
12/13/2016,BKV,FL,ASO,ES,Federal Contract Tower,0,2,6,1,9,0,0,23,0,23,0,2,29,1,32,30,0,30,62
12/14/2016,BKV,FL,ASO,ES,Federal Contract Tower,0,0,5,10,15,0,4,36,5,45,0,4,41,15,60,103,18,121,181
12/15/2016,BKV,FL,ASO,ES,Federal Contract Tower,0,5,8,0,13,0,6,55,2,63,0,11,63,2,76,58,1,59,135
12/16/2016,BKV,FL,ASO,ES,Federal Contract Tower,0,2,11,0,13,0,4,68,0,72,0,6,79,0,85,101,0,101,186
12/17/2016,BKV,FL,ASO,ES,Federal Contract Tower,0,3,2,0,5,0,7,68,0,75,0,10,70,0,80,20,0,20,100
12/18/2016,BKV,FL,ASO,ES,Federal Contract Tower,0,1,17,0,18,0,2,30,0,32,0,3,47,0,50,26,0,26,76
12/19/2016,BKV,FL,ASO,ES,Federal Contract Tower,0,3,16,0,19,0,2,48,0,50,0,5,64,0,69,30,0,30,99
12/20/2016,BKV,FL,ASO,ES,Federal Contract Tower,0,3,25,2,30,0,2,5,1,8,0,5,30,3,38,0,36,36,74
12/21/2016,BKV,FL,ASO,ES,Federal Contract Tower,0,4,15,2,21,0,3,42,4,49,0,7,57,6,70,6,0,6,76
12/22/2016,BKV,FL,ASO,ES,Federal Contract Tower,0,0,6,0,6,0,5,97,5,107,0,5,103,5,113,117,32,149,262
12/23/2016,BKV,FL,ASO,ES,Federal Contract Tower,0,3,6,0,9,0,5,78,0,83,0,8,84,0,92,64,0,64,156
12/24/2016,BKV,FL,ASO,ES,Federal Contract Tower,0,1,0,0,1,0,2,47,0,49,0,3,47,0,50,16,0,16,66
12/25/2016,BKV,FL,ASO,ES,Federal Contract Tower,0,0,1,0,1,0,3,13,0,16,0,3,14,0,17,33,0,33,50
12/26/2016,BKV,FL,ASO,ES,Federal Contract Tower,0,2,10,0,12,0,5,22,0,27,0,7,32,0,39,195,0,195,234
12/27/2016,BKV,FL,ASO,ES,Federal Contract Tower,0,2,2,6,10,0,1,77,0,78,0,3,79,6,88,133,0,133,221
12/28/2016,BKV,FL,ASO,ES,Federal Contract Tower,0,0,4,0,4,0,6,63,6,75,0,6,67,6,79,81,14,95,174
12/29/2016,BKV,FL,ASO,ES,Federal Contract Tower,0,1,9,0,10,0,5,34,0,39,0,6,43,0,49,24,0,24,73
12/30/2016,BKV,FL,ASO,ES,Federal Contract Tower,0,0,6,0,6,0,1,43,0,44,0,1,49,0,50,59,0,59,109
12/31/2016,BKV,FL,ASO,ES,Federal Contract Tower,0,0,4,0,4,0,3,46,0,49,0,3,50,0,53,93,0,93,146
01/01/2017,BKV,FL,ASO,ES,Federal Contract Tower,0,0,2,0,2,0,8,43,0,51,0,8,45,0,53,56,0,56,109
01/02/2017,BKV,FL,ASO,ES,Federal Contract Tower,0,3,9,0,12,0,2,31,0,33,0,5,40,0,45,39,0,39,84
01/03/2017,BKV,FL,ASO,ES,Federal Contract Tower,0,2,9,0,11,0,0,9,0,9,0,2,18,0,20,16,0,16,36
01/04/2017,BKV,FL,ASO,ES,Federal Contract Tower,0,2,3,0,5,0,4,48,4,56,0,6,51,4,61,37,52,89,150
01/05/2017,BKV,FL,ASO,ES,Federal Contract Tower,0,2,10,1,13,0,7,76,13,96,0,9,86,14,109,71,53,124,233
01/06/2017,BKV,FL,ASO,ES,Federal Contract Tower,0,2,4,0,6,0,5,50,4,59,0,7,54,4,65,56,24,80,145
01/07/2017,BKV,FL,ASO,ES,Federal Contract Tower,0,1,13,0,14,0,2,0,1,3,0,3,13,1,17,0,0,0,17
01/08/2017,BKV,FL,ASO,ES,Federal Contract Tower,0,3,10,5,18,0,2,32,4,38,0,5,42,9,56,36,0,36,92
01/09/2017,BKV,FL,ASO,ES,Federal Contract Tower,0,0,7,4,11,0,3,53,8,64,0,3,60,12,75,88,137,225,300
01/10/2017,BKV,FL,ASO,ES,Federal Contract Tower,0,3,7,12,22,0,2,66,25,93,0,5,73,37,115,73,45,118,233
01/11/2017,BKV,FL,ASO,ES,Federal Contract Tower,0,6,14,2,22,0,5,78,16,99,0,11,92,18,121,106,148,254,375
01/12/2017,BKV,FL,ASO,ES,Federal Contract Tower,0,1,2,4,7,0,1,83,19,103,0,2,85,23,110,33,25,58,168
01/13/2017,BKV,FL,ASO,ES,Federal Contract Tower,0,0,10,0,10,0,3,56,10,69,0,3,66,10,79,30,42,72,151
01/14/2017,BKV,FL,ASO,ES,Federal Contract Tower,0,1,8,0,9,0,2,65,0,67,0,3,73,0,76,153,0,153,229
01/15/2017,BKV,FL,ASO,ES,Federal Contract Tower,0,0,4,0,4,0,4,58,0,62,0,4,62,0,66,12,0,12,78
01/16/2017,BKV,FL,ASO,ES,Federal Contract Tower,0,1,6,0,7,0,1,98,4,103,0,2,104,4,110,57,0,57,167
01/17/2017,BKV,FL,ASO,ES,Federal Contract Tower,0,6,6,2,14,0,0,63,10,73,0,6,69,12,87,127,62,189,276
01/18/2017,BKV,FL,ASO,ES,Federal Contract Tower,0,0,12,0,12,0,0,49,6,55,0,0,61,6,67,101,82,183,250
01/19/2017,BKV,FL,ASO,ES,Federal Contract Tower,0,1,3,0,4,0,0,67,16,83,0,1,70,16,87,34,20,54,141
01/20/2017,BKV,FL,ASO,ES,Federal Contract Tower,0,1,16,0,17,0,7,42,12,61,0,8,58,12,78,31,41,72,150
01/21/2017,BKV,FL,ASO,ES,Federal Contract Tower,0,0,7,0,7,0,3,47,0,50,0,3,54,0,57,6,0,6,63
01/22/2017,BKV,FL,ASO,ES,Federal Contract Tower,0,1,8,0,9,0,2,13,0,15,0,3,21,0,24,16,0,16,40
01/23/2017,BKV,FL,ASO,ES,Federal Contract Tower,0,2,5,0,7,0,1,18,2,21,0,3,23,2,28,5,183,188,216
01/24/2017,BKV,FL,ASO,ES,Federal Contract Tower,0,1,14,2,17,0,8,56,7,71,0,9,70,9,88,34,26,60,148
01/25/2017,BKV,FL,ASO,ES,Federal Contract Tower,0,0,12,1,13,0,1,48,9,58,0,1,60,10,71,19,35,54,125
01/26/2017,BKV,FL,ASO,ES,Federal Contract Tower,0,3,7,14,24,0,4,46,9,59,0,7,53,23,83,4,24,28,111
01/27/2017,BKV,FL,ASO,ES,Federal Contract Tower,0,1,14,0,15,0,2,94,10,106,0,3,108,10,121,34,24,58,179
01/28/2017,BKV,FL,ASO,ES,Federal Contract Tower,0,1,7,0,8,0,4,65,0,69,0,5,72,0,77,46,0,46,123
01/29/2017,BKV,FL,ASO,ES,Federal Contract Tower,0,0,3,0,3,0,6,24,0,30,0,6,27,0,33,46,0,46,79
01/30/2017,BKV,FL,ASO,ES,Federal Contract Tower,0,1,13,0,14,0,5,59,5,69,0,6,72,5,83,72,77,149,232
01/31/2017,BKV,FL,ASO,ES,Federal Contract Tower,0,3,6,0,9,0,1,53,0,54,0,4,59,0,63,61,0,61,124
02/01/2017,BKV,FL,ASO,ES,Federal Contract Tower,0,3,6,0,9,0,3,64,11,78,0,6,70,11,87,82,110,192,279
02/02/2017,BKV,FL,ASO,ES,Federal Contract Tower,1,2,8,6,17,0,0,80,16,96,1,2,88,22,113,48,69,117,230
02/03/2017,BKV,FL,ASO,ES,Federal Contract Tower,0,1,4,0,5,0,6,67,19,92,0,7,71,19,97,51,27,78,175
02/04/2017,BKV,FL,ASO,ES,Federal Contract Tower,0,1,15,0,16,0,3,58,7,68,0,4,73,7,84,62,0,62,146
02/05/2017,BKV,FL,ASO,ES,Federal Contract Tower,0,4,7,0,11,0,0,49,0,49,0,4,56,0,60,52,0,52,112
02/06/2017,BKV,FL,ASO,ES,Federal Contract Tower,0,3,18,0,21,0,9,63,7,79,0,12,81,7,100,46,0,46,146
02/07/2017,BKV,FL,ASO,ES,Federal Contract Tower,0,5,6,0,11,0,4,37,1,42,0,9,43,1,53,57,0,57,110
02/08/2017,BKV,FL,ASO,ES,Federal Contract Tower,0,7,15,0,22,0,6,30,4,40,0,13,45,4,62,20,118,138,200
02/09/2017,BKV,FL,ASO,ES,Federal Contract Tower,0,4,24,1,29,0,2,31,5,38,0,6,55,6,67,21,0,21,88
02/10/2017,BKV,FL,ASO,ES,Federal Contract Tower,0,2,17,0,19,0,0,74,4,78,0,2,91,4,97,44,14,58,155
02/11/2017,BKV,FL,ASO,ES,Federal Contract Tower,0,4,8,0,12,0,0,71,0,71,0,4,79,0,83,110,0,110,193
02/12/2017,BKV,FL,ASO,ES,Federal Contract Tower,0,0,15,0,15,0,3,80,0,83,0,3,95,0,98,68,0,68,166
02/13/2017,BKV,FL,ASO,ES,Federal Contract Tower,0,1,10,0,11,0,1,46,4,51,0,2,56,4,62,35,0,35,97
02/14/2017,BKV,FL,ASO,ES,Federal Contract Tower,0,0,8,0,8,0,0,73,6,79,0,0,81,6,87,89,90,179,266
02/15/2017,BKV,FL,ASO,ES,Federal Contract Tower,0,1,9,4,14,0,3,17,6,26,0,4,26,10,40,16,100,116,156
02/16/2017,BKV,FL,ASO,ES,Federal Contract Tower,0,3,13,0,16,0,8,52,12,72,0,11,65,12,88,68,46,114,202
02/17/2017,BKV,FL,ASO,ES,Federal Contract Tower,0,1,8,2,11,0,4,100,8,112,0,5,108,10,123,132,58,190,313
02/18/2017,BKV,FL,ASO,ES,Federal Contract Tower,0,0,5,0,5,0,0,25,0,25,0,0,30,0,30,17,0,17,47
02/19/2017,BKV,FL,ASO,ES,Federal Contract Tower,0,0,14,0,14,0,7,50,1,58,0,7,64,1,72,70,0,70,142
02/20/2017,BKV,FL,ASO,ES,Federal Contract Tower,0,0,4,0,4,0,8,108,16,132,0,8,112,16,136,130,0,130,266
02/21/2017,BKV,FL,ASO,ES,Federal Contract Tower,0,3,10,0,13,0,5,96,9,110,0,8,106,9,123,77,60,137,260
02/22/2017,BKV,FL,ASO,ES,Federal Contract Tower,0,4,5,0,9,0,0,7,1,8,0,4,12,1,17,0,5,5,22
02/23/2017,BKV,FL,ASO,ES,Federal Contract Tower,0,1,20,1,22,0,1,16,9,26,0,2,36,10,48,4,0,4,52
02/24/2017,BKV,FL,ASO,ES,Federal Contract Tower,0,6,11,2,19,0,4,80,2,86,0,10,91,4,105,50,36,86,191
02/25/2017,BKV,FL,ASO,ES,Federal Contract Tower,0,8,13,0,21,0,2,48,0,50,0,10,61,0,71,50,0,50,121
02/26/2017,BKV,FL,ASO,ES,Federal Contract Tower,0,0,10,0,10,0,6,75,1,82,0,6,85,1,92,33,0,33,125
02/27/2017,BKV,FL,ASO,ES,Federal Contract Tower,0,3,5,4,12,0,2,61,15,78,0,5,66,19,90,173,50,223,313
02/28/2017,BKV,FL,ASO,ES,Federal Contract Tower,0,1,15,6,22,0,3,50,7,60,0,4,65,13,82,106,62,168,250
03/01/2017,BKV,FL,ASO,ES,Federal Contract Tower,0,0,7,1,8,0,0,88,7,95,0,0,95,8,103,131,134,265,368
03/02/2017,BKV,FL,ASO,ES,Federal Contract Tower,0,1,16,3,20,0,0,29,5,34,0,1,45,8,54,129,2,131,185
03/03/2017,BKV,FL,ASO,ES,Federal Contract Tower,0,5,11,1,17,0,3,72,4,79,0,8,83,5,96,106,64,170,266
03/04/2017,BKV,FL,ASO,ES,Federal Contract Tower,0,0,4,2,6,0,9,97,3,109,0,9,101,5,115,161,0,161,276
03/05/2017,BKV,FL,ASO,ES,Federal Contract Tower,0,4,6,0,10,0,7,57,2,66,0,11,63,2,76,52,0,52,128
03/06/2017,BKV,FL,ASO,ES,Federal Contract Tower,0,1,2,0,3,0,6,23,11,40,0,7,25,11,43,65,93,158,201
03/07/2017,BKV,FL,ASO,ES,Federal Contract Tower,0,2,7,0,9,0,2,81,10,93,0,4,88,10,102,82,73,155,257
03/08/2017,BKV,FL,ASO,ES,Federal Contract Tower,0,1,9,2,12,0,4,96,12,112,0,5,105,14,124,158,31,189,313
03/09/2017,BKV,FL,ASO,ES,Federal Contract Tower,0,2,10,4,16,0,1,88,17,106,0,3,98,21,122,82,36,118,240
03/10/2017,BKV,FL,ASO,ES,Federal Contract Tower,0,0,15,1,16,0,4,49,8,61,0,4,64,9,77,103,28,131,208
03/11/2017,BKV,FL,ASO,ES,Federal Contract Tower,0,1,6,0,7,0,4,114,0,118,0,5,120,0,125,62,0,62,187
03/12/2017,BKV,FL,ASO,ES,Federal Contract Tower,0,0,7,0,7,0,2,40,0,42,0,2,47,0,49,52,0,52,101
03/13/2017,BKV,FL,ASO,ES,Federal Contract Tower,0,3,13,0,16,0,0,18,0,18,0,3,31,0,34,14,0,14,48
03/14/2017,BKV,FL,ASO,ES,Federal Contract Tower,0,1,10,1,12,0,6,21,0,27,0,7,31,1,39,62,29,91,130
03/15/2017,BKV,FL,ASO,ES,Federal Contract Tower,0,1,10,1,12,0,3,51,4,58,0,4,61,5,70,70,11,81,151
03/16/2017,BKV,FL,ASO,ES,Federal Contract Tower,0,2,7,0,9,0,4,75,4,83,0,6,82,4,92,58,0,58,150
03/17/2017,BKV,FL,ASO,ES,Federal Contract Tower,0,4,15,0,19,0,4,82,2,88,0,8,97,2,107,94,0,94,201
03/18/2017,BKV,FL,ASO,ES,Federal Contract Tower,0,2,5,0,7,0,6,92,1,99,0,8,97,1,106,139,0,139,245
03/19/2017,BKV,FL,ASO,ES,Federal Contract Tower,0,2,10,0,12,0,2,41,0,43,0,4,51,0,55,58,0,58,113
03/20/2017,BKV,FL,ASO,ES,Federal Contract Tower,0,0,10,16,26,0,5,79,8,92,0,5,89,24,118,92,77,169,287
03/21/2017,BKV,FL,ASO,ES,Federal Contract Tower,0,1,4,3,8,0,3,50,7,60,0,4,54,10,68,36,49,85,153
03/22/2017,BKV,FL,ASO,ES,Federal Contract Tower,0,3,5,13,21,0,6,56,6,68,0,9,61,19,89,83,81,164,253
03/23/2017,BKV,FL,ASO,ES,Federal Contract Tower,0,1,7,2,10,0,4,38,13,55,0,5,45,15,65,25,25,50,115
03/24/2017,BKV,FL,ASO,ES,Federal Contract Tower,0,1,9,0,10,0,3,48,6,57,0,4,57,6,67,46,49,95,162
03/25/2017,BKV,FL,ASO,ES,Federal Contract Tower,0,0,11,0,11,0,5,66,0,71,0,5,77,0,82,22,0,22,104
03/26/2017,BKV,FL,ASO,ES,Federal Contract Tower,0,0,6,0,6,0,2,64,0,66,0,2,70,0,72,74,0,74,146
03/27/2017,BKV,FL,ASO,ES,Federal Contract Tower,0,2,5,4,11,0,2,74,0,76,0,4,79,4,87,74,0,74,161
03/28/2017,BKV,FL,ASO,ES,Federal Contract Tower,0,1,4,0,5,0,4,78,3,85,0,5,82,3,90,94,47,141,231
03/29/2017,BKV,FL,ASO,ES,Federal Contract Tower,0,3,3,5,11,0,3,97,19,119,0,6,100,24,130,150,58,208,338
03/30/2017,BKV,FL,ASO,ES,Federal Contract Tower,0,1,6,0,7,0,6,145,4,155,0,7,151,4,162,96,25,121,283
03/31/2017,BKV,FL,ASO,ES,Federal Contract Tower,0,1,8,0,9,0,0,27,2,29,0,1,35,2,38,46,2,48,86
04/01/2017,BKV,FL,ASO,ES,Federal Contract Tower,0,0,7,0,7,0,2,108,1,111,0,2,115,1,118,66,0,66,184
04/02/2017,BKV,FL,ASO,ES,Federal Contract Tower,0,2,8,0,10,0,2,64,0,66,0,4,72,0,76,74,0,74,150
04/03/2017,BKV,FL,ASO,ES,Federal Contract Tower,0,2,4,1,7,0,7,51,6,64,0,9,55,7,71,84,31,115,186
04/04/2017,BKV,FL,ASO,ES,Federal Contract Tower,0,2,7,1,10,0,4,45,3,52,0,6,52,4,62,44,2,46,108
04/05/2017,BKV,FL,ASO,ES,Federal Contract Tower,0,1,9,0,10,0,2,51,17,70,0,3,60,17,80,61,54,115,195
04/06/2017,BKV,FL,ASO,ES,Federal Contract Tower,0,3,3,4,10,0,3,30,4,37,0,6,33,8,47,4,75,79,126
04/07/2017,BKV,FL,ASO,ES,Federal Contract Tower,0,0,13,4,17,0,5,38,3,46,0,5,51,7,63,0,16,16,79
04/08/2017,BKV,FL,ASO,ES,Federal Contract Tower,0,0,6,0,6,0,6,79,2,87,0,6,85,2,93,38,0,38,131
04/09/2017,BKV,FL,ASO,ES,Federal Contract Tower,0,1,13,0,14,0,10,74,1,85,0,11,87,1,99,37,0,37,136
04/10/2017,BKV,FL,ASO,ES,Federal Contract Tower,0,2,14,0,16,0,21,88,20,129,0,23,102,20,145,80,33,113,258
04/11/2017,BKV,FL,ASO,ES,Federal Contract Tower,0,5,5,4,14,0,6,54,0,60,0,11,59,4,74,82,2,84,158
04/12/2017,BKV,FL,ASO,ES,Federal Contract Tower,0,2,9,2,13,0,8,97,6,111,0,10,106,8,124,100,28,128,252
04/13/2017,BKV,FL,ASO,ES,Federal Contract Tower,0,1,17,0,18,0,4,61,22,87,0,5,78,22,105,64,154,218,323
04/14/2017,BKV,FL,ASO,ES,Federal Contract Tower,0,1,9,0,10,0,5,68,2,75,0,6,77,2,85,29,14,43,128
04/15/2017,BKV,FL,ASO,ES,Federal Contract Tower,0,0,6,0,6,0,5,143,2,150,0,5,149,2,156,42,0,42,198
04/16/2017,BKV,FL,ASO,ES,Federal Contract Tower,0,0,2,0,2,0,10,40,4,54,0,10,42,4,56,36,0,36,92
04/17/2017,BKV,FL,ASO,ES,Federal Contract Tower,0,4,9,6,19,0,7,49,6,62,0,11,58,12,81,43,14,57,138
04/18/2017,BKV,FL,ASO,ES,Federal Contract Tower,0,5,10,2,17,0,8,69,10,87,0,13,79,12,104,64,51,115,219
04/19/2017,BKV,FL,ASO,ES,Federal Contract Tower,0,3,9,0,12,0,5,77,7,89,0,8,86,7,101,69,68,137,238
04/20/2017,BKV,FL,ASO,ES,Federal Contract Tower,0,0,10,1,11,0,5,100,8,113,0,5,110,9,124,117,6,123,247
04/21/2017,BKV,FL,ASO,ES,Federal Contract Tower,0,0,11,0,11,0,6,91,16,113,0,6,102,16,124,52,64,116,240
04/22/2017,BKV,FL,ASO,ES,Federal Contract Tower,0,1,7,0,8,0,7,61,2,70,0,8,68,2,78,109,0,109,187
04/23/2017,BKV,FL,ASO,ES,Federal Contract Tower,0,0,8,0,8,0,1,45,0,46,0,1,53,0,54,91,0,91,145
04/24/2017,BKV,FL,ASO,ES,Federal Contract Tower,0,1,8,0,9,0,4,20,7,31,0,5,28,7,40,52,13,65,105
04/25/2017,BKV,FL,ASO,ES,Federal Contract Tower,0,1,5,5,11,0,11,64,3,78,0,12,69,8,89,115,18,133,222
04/26/2017,BKV,FL,ASO,ES,Federal Contract Tower,0,1,6,3,10,0,6,68,7,81,0,7,74,10,91,73,69,142,233
04/27/2017,BKV,FL,ASO,ES,Federal Contract Tower,0,7,6,0,13,0,1,59,2,62,0,8,65,2,75,106,0,106,181
04/28/2017,BKV,FL,ASO,ES,Federal Contract Tower,0,9,9,2,20,0,7,82,7,96,0,16,91,9,116,56,30,86,202
04/29/2017,BKV,FL,ASO,ES,Federal Contract Tower,0,0,20,3,23,0,3,60,12,75,0,3,80,15,98,37,81,118,216
04/30/2017,BKV,FL,ASO,ES,Federal Contract Tower,0,4,15,0,19,0,1,40,2,43,0,5,55,2,62,4,0,4,66
05/01/2017,BKV,FL,ASO,ES,Federal Contract Tower,0,2,11,0,13,0,6,34,3,43,0,8,45,3,56,78,19,97,153
05/02/2017,BKV,FL,ASO,ES,Federal Contract Tower,0,3,13,1,17,0,2,38,4,44,0,5,51,5,61,107,22,129,190
05/03/2017,BKV,FL,ASO,ES,Federal Contract Tower,0,3,6,1,10,0,12,85,2,99,0,15,91,3,109,119,17,136,245
05/04/2017,BKV,FL,ASO,ES,Federal Contract Tower,0,3,6,1,10,0,6,71,4,81,0,9,77,5,91,44,35,79,170
05/05/2017,BKV,FL,ASO,ES,Federal Contract Tower,0,1,11,0,12,0,4,24,5,33,0,5,35,5,45,19,21,40,85
05/06/2017,BKV,FL,ASO,ES,Federal Contract Tower,0,0,0,0,0,0,6,53,9,68,0,6,53,9,68,13,19,32,100
05/07/2017,BKV,FL,ASO,ES,Federal Contract Tower,0,0,6,0,6,0,5,78,0,83,0,5,84,0,89,93,0,93,182
05/08/2017,BKV,FL,ASO,ES,Federal Contract Tower,0,2,13,0,15,0,9,66,6,81,0,11,79,6,96,25,0,25,121
05/09/2017,BKV,FL,ASO,ES,Federal Contract Tower,1,4,11,0,16,0,11,75,2,88,1,15,86,2,104,71,53,124,228
05/10/2017,BKV,FL,ASO,ES,Federal Contract Tower,0,0,3,2,5,0,16,72,14,102,0,16,75,16,107,141,94,235,342
05/11/2017,BKV,FL,ASO,ES,Federal Contract Tower,0,4,5,3,12,0,5,71,10,86,0,9,76,13,98,43,69,112,210
05/12/2017,BKV,FL,ASO,ES,Federal Contract Tower,0,2,11,0,13,0,7,77,14,98,0,9,88,14,111,82,20,102,213
05/13/2017,BKV,FL,ASO,ES,Federal Contract Tower,0,0,7,0,7,0,0,15,0,15,0,0,22,0,22,15,0,15,37
05/14/2017,BKV,FL,ASO,ES,Federal Contract Tower,0,2,14,0,16,0,4,40,0,44,0,6,54,0,60,21,0,21,81
05/15/2017,BKV,FL,ASO,ES,Federal Contract Tower,0,2,8,1,11,0,5,59,7,71,0,7,67,8,82,59,18,77,159
05/16/2017,BKV,FL,ASO,ES,Federal Contract Tower,0,0,6,2,8,0,5,57,3,65,0,5,63,5,73,38,13,51,124
05/17/2017,BKV,FL,ASO,ES,Federal Contract Tower,0,0,6,0,6,0,6,57,2,65,0,6,63,2,71,74,59,133,204
05/18/2017,BKV,FL,ASO,ES,Federal Contract Tower,0,2,5,2,9,0,4,61,4,69,0,6,66,6,78,58,10,68,146
05/19/2017,BKV,FL,ASO,ES,Federal Contract Tower,0,1,13,0,14,0,0,34,7,41,0,1,47,7,55,22,12,34,89
05/20/2017,BKV,FL,ASO,ES,Federal Contract Tower,0,0,4,0,4,0,2,69,2,73,0,2,73,2,77,10,0,10,87
05/21/2017,BKV,FL,ASO,ES,Federal Contract Tower,0,3,5,0,8,0,7,42,0,49,0,10,47,0,57,12,0,12,69
05/22/2017,BKV,FL,ASO,ES,Federal Contract Tower,0,5,4,0,9,0,4,38,11,53,0,9,42,11,62,52,74,126,188
05/23/2017,BKV,FL,ASO,ES,Federal Contract Tower,0,0,7,2,9,0,2,28,3,33,0,2,35,5,42,12,24,36,78
05/24/2017,BKV,FL,ASO,ES,Federal Contract Tower,0,5,1,6,12,0,2,1,0,3,0,7,2,6,15,6,6,12,27
05/25/2017,BKV,FL,ASO,ES,Federal Contract Tower,0,0,13,3,16,0,5,39,1,45,0,5,52,4,61,37,58,95,156
05/26/2017,BKV,FL,ASO,ES,Federal Contract Tower,0,2,12,1,15,0,10,58,2,70,0,12,70,3,85,182,0,182,267
05/27/2017,BKV,FL,ASO,ES,Federal Contract Tower,0,8,1,0,9,0,2,89,2,93,0,10,90,2,102,55,3,58,160
05/28/2017,BKV,FL,ASO,ES,Federal Contract Tower,0,0,6,0,6,0,2,60,0,62,0,2,66,0,68,53,4,57,125
05/29/2017,BKV,FL,ASO,ES,Federal Contract Tower,0,4,7,0,11,0,3,26,0,29,0,7,33,0,40,20,0,20,60
05/30/2017,BKV,FL,ASO,ES,Federal Contract Tower,0,5,15,11,31,0,2,45,7,54,0,7,60,18,85,41,47,88,173
05/31/2017,BKV,FL,ASO,ES,Federal Contract Tower,0,2,5,7,14,0,3,56,23,82,0,5,61,30,96,28,99,127,223
06/01/2017,BKV,FL,ASO,ES,Federal Contract Tower,0,2,12,1,15,0,3,58,9,70,0,5,70,10,85,60,45,105,190
06/02/2017,BKV,FL,ASO,ES,Federal Contract Tower,0,2,12,5,19,0,4,43,1,48,0,6,55,6,67,46,0,46,113
06/03/2017,BKV,FL,ASO,ES,Federal Contract Tower,0,0,7,2,9,0,2,31,0,33,0,2,38,2,42,24,0,24,66
06/04/2017,BKV,FL,ASO,ES,Federal Contract Tower,0,0,28,0,28,0,6,11,0,17,0,6,39,0,45,10,0,10,55
06/05/2017,BKV,FL,ASO,ES,Federal Contract Tower,0,0,4,0,4,0,3,9,2,14,0,3,13,2,18,219,0,219,237
06/06/2017,BKV,FL,ASO,ES,Federal Contract Tower,0,1,11,0,12,0,2,10,3,15,0,3,21,3,27,3,25,28,55
06/07/2017,BKV,FL,ASO,ES,Federal Contract Tower,0,0,20,0,20,0,0,3,1,4,0,0,23,1,24,6,48,54,78
06/08/2017,BKV,FL,ASO,ES,Federal Contract Tower,0,2,14,2,18,0,4,35,10,49,0,6,49,12,67,39,8,47,114
06/09/2017,BKV,FL,ASO,ES,Federal Contract Tower,0,0,8,2,10,0,3,107,9,119,0,3,115,11,129,111,26,137,266
06/10/2017,BKV,FL,ASO,ES,Federal Contract Tower,0,3,7,0,10,0,2,44,4,50,0,5,51,4,60,34,0,34,94
06/11/2017,BKV,FL,ASO,ES,Federal Contract Tower,0,2,9,0,11,0,2,45,0,47,0,4,54,0,58,31,0,31,89
06/12/2017,BKV,FL,ASO,ES,Federal Contract Tower,0,3,16,2,21,0,2,35,0,37,0,5,51,2,58,22,0,22,80
06/13/2017,BKV,FL,ASO,ES,Federal Contract Tower,0,1,15,0,16,0,2,31,0,33,0,3,46,0,49,44,0,44,93
06/14/2017,BKV,FL,ASO,ES,Federal Contract Tower,0,0,17,7,24,0,0,41,2,43,0,0,58,9,67,62,61,123,190
06/15/2017,BKV,FL,ASO,ES,Federal Contract Tower,0,3,3,0,6,0,2,69,1,72,0,5,72,1,78,28,0,28,106
06/16/2017,BKV,FL,ASO,ES,Federal Contract Tower,0,1,8,0,9,0,0,45,4,49,0,1,53,4,58,26,10,36,94
06/17/2017,BKV,FL,ASO,ES,Federal Contract Tower,0,0,10,0,10,0,7,75,0,82,0,7,85,0,92,167,0,167,259
06/18/2017,BKV,FL,ASO,ES,Federal Contract Tower,0,0,2,0,2,0,2,33,0,35,0,2,35,0,37,40,0,40,77
06/19/2017,BKV,FL,ASO,ES,Federal Contract Tower,0,2,5,1,8,0,2,49,6,57,0,4,54,7,65,76,26,102,167
06/20/2017,BKV,FL,ASO,ES,Federal Contract Tower,0,1,11,4,16,0,3,53,2,58,0,4,64,6,74,28,4,32,106
06/21/2017,BKV,FL,ASO,ES,Federal Contract Tower,0,2,9,2,13,0,6,54,10,70,0,8,63,12,83,31,148,179,262
06/22/2017,BKV,FL,ASO,ES,Federal Contract Tower,0,2,3,2,7,0,0,69,4,73,0,2,72,6,80,48,42,90,170
06/23/2017,BKV,FL,ASO,ES,Federal Contract Tower,0,4,6,1,11,0,4,87,7,98,0,8,93,8,109,136,18,154,263
06/24/2017,BKV,FL,ASO,ES,Federal Contract Tower,0,3,7,0,10,0,4,62,0,66,0,7,69,0,76,36,0,36,112
06/25/2017,BKV,FL,ASO,ES,Federal Contract Tower,0,2,8,0,10,0,3,44,2,49,0,5,52,2,59,34,0,34,93
06/26/2017,BKV,FL,ASO,ES,Federal Contract Tower,0,1,8,0,9,0,5,59,4,68,0,6,67,4,77,60,8,68,145
06/27/2017,BKV,FL,ASO,ES,Federal Contract Tower,0,0,2,0,2,0,4,35,6,45,0,4,37,6,47,90,28,118,165
06/28/2017,BKV,FL,ASO,ES,Federal Contract Tower,0,2,12,1,15,0,0,56,12,68,0,2,68,13,83,89,21,110,193
06/29/2017,BKV,FL,ASO,ES,Federal Contract Tower,0,3,2,0,5,0,4,26,8,38,0,7,28,8,43,51,34,85,128
06/30/2017,BKV,FL,ASO,ES,Federal Contract Tower,0,0,12,2,14,0,2,79,3,84,0,2,91,5,98,68,8,76,174
07/01/2017,BKV,FL,ASO,ES,Federal Contract Tower,0,1,4,0,5,0,5,45,0,50,0,6,49,0,55,80,0,80,135
07/02/2017,BKV,FL,ASO,ES,Federal Contract Tower,0,0,6,0,6,0,4,58,0,62,0,4,64,0,68,65,0,65,133
07/03/2017,BKV,FL,ASO,ES,Federal Contract Tower,0,1,7,0,8,0,2,50,0,52,0,3,57,0,60,40,0,40,100
07/04/2017,BKV,FL,ASO,ES,Federal Contract Tower,0,0,2,0,2,0,0,38,0,38,0,0,40,0,40,39,0,39,79
07/05/2017,BKV,FL,ASO,ES,Federal Contract Tower,0,1,5,2,8,0,0,60,9,69,0,1,65,11,77,77,78,155,232
07/06/2017,BKV,FL,ASO,ES,Federal Contract Tower,0,2,7,3,12,0,7,59,7,73,0,9,66,10,85,147,22,169,254
07/07/2017,BKV,FL,ASO,ES,Federal Contract Tower,0,1,4,1,6,0,5,61,23,89,0,6,65,24,95,82,57,139,234
07/08/2017,BKV,FL,ASO,ES,Federal Contract Tower,0,0,4,0,4,0,2,61,0,63,0,2,65,0,67,37,0,37,104
07/09/2017,BKV,FL,ASO,ES,Federal Contract Tower,0,0,13,0,13,0,4,37,0,41,0,4,50,0,54,82,0,82,136
07/10/2017,BKV,FL,ASO,ES,Federal Contract Tower,0,3,7,0,10,0,4,43,0,47,0,7,50,0,57,18,50,68,125
07/11/2017,BKV,FL,ASO,ES,Federal Contract Tower,0,1,3,0,4,0,4,52,4,60,0,5,55,4,64,63,52,115,179
07/12/2017,BKV,FL,ASO,ES,Federal Contract Tower,0,0,4,4,8,0,5,46,10,61,0,5,50,14,69,117,98,215,284
07/13/2017,BKV,FL,ASO,ES,Federal Contract Tower,0,2,3,1,6,0,3,53,7,63,0,5,56,8,69,100,53,153,222
07/14/2017,BKV,FL,ASO,ES,Federal Contract Tower,0,1,5,4,10,0,0,55,8,63,0,1,60,12,73,164,56,220,293
07/15/2017,BKV,FL,ASO,ES,Federal Contract Tower,0,0,5,1,6,0,2,42,0,44,0,2,47,1,50,12,20,32,82
07/16/2017,BKV,FL,ASO,ES,Federal Contract Tower,0,4,7,0,11,0,3,66,0,69,0,7,73,0,80,114,0,114,194
07/17/2017,BKV,FL,ASO,ES,Federal Contract Tower,0,0,6,16,22,0,4,73,9,86,0,4,79,25,108,62,100,162,270
07/18/2017,BKV,FL,ASO,ES,Federal Contract Tower,0,1,3,2,6,0,0,56,1,57,0,1,59,3,63,48,0,48,111
07/19/2017,BKV,FL,ASO,ES,Federal Contract Tower,0,3,11,3,17,0,3,53,10,66,0,6,64,13,83,118,35,153,236
07/20/2017,BKV,FL,ASO,ES,Federal Contract Tower,0,1,21,6,28,0,0,79,12,91,0,1,100,18,119,36,30,66,185
07/21/2017,BKV,FL,ASO,ES,Federal Contract Tower,0,1,6,7,14,0,2,73,13,88,0,3,79,20,102,105,74,179,281
07/22/2017,BKV,FL,ASO,ES,Federal Contract Tower,0,1,0,0,1,0,0,36,0,36,0,1,36,0,37,47,0,47,84
07/23/2017,BKV,FL,ASO,ES,Federal Contract Tower,0,3,7,0,10,0,0,18,0,18,0,3,25,0,28,4,0,4,32
07/24/2017,BKV,FL,ASO,ES,Federal Contract Tower,0,0,9,2,11,0,6,31,1,38,0,6,40,3,49,17,51,68,117
07/25/2017,BKV,FL,ASO,ES,Federal Contract Tower,0,3,4,1,8,0,6,76,22,104,0,9,80,23,112,97,17,114,226
07/26/2017,BKV,FL,ASO,ES,Federal Contract Tower,0,2,3,2,7,0,5,63,5,73,0,7,66,7,80,68,22,90,170
07/27/2017,BKV,FL,ASO,ES,Federal Contract Tower,0,1,7,2,10,0,7,73,9,89,0,8,80,11,99,53,30,83,182
07/28/2017,BKV,FL,ASO,ES,Federal Contract Tower,0,3,5,0,8,0,6,52,8,66,0,9,57,8,74,51,20,71,145
07/29/2017,BKV,FL,ASO,ES,Federal Contract Tower,0,0,7,0,7,0,0,52,0,52,0,0,59,0,59,60,0,60,119
07/30/2017,BKV,FL,ASO,ES,Federal Contract Tower,0,0,3,0,3,0,0,5,0,5,0,0,8,0,8,0,0,0,8
07/31/2017,BKV,FL,ASO,ES,Federal Contract Tower,0,1,10,2,13,0,3,11,3,17,0,4,21,5,30,4,0,4,34
08/01/2017,BKV,FL,ASO,ES,Federal Contract Tower,0,2,3,0,5,0,4,72,15,91,0,6,75,15,96,106,20,126,222
08/02/2017,BKV,FL,ASO,ES,Federal Contract Tower,0,1,6,0,7,0,3,11,0,14,0,4,17,0,21,31,25,56,77
08/03/2017,BKV,FL,ASO,ES,Federal Contract Tower,0,0,10,2,12,0,3,42,23,68,0,3,52,25,80,66,33,99,179
08/04/2017,BKV,FL,ASO,ES,Federal Contract Tower,0,1,6,0,7,0,11,72,3,86,0,12,78,3,93,82,0,82,175
08/05/2017,BKV,FL,ASO,ES,Federal Contract Tower,0,1,10,2,13,0,2,69,3,74,0,3,79,5,87,57,15,72,159
08/06/2017,BKV,FL,ASO,ES,Federal Contract Tower,0,1,6,0,7,0,3,56,0,59,0,4,62,0,66,20,0,20,86
08/07/2017,BKV,FL,ASO,ES,Federal Contract Tower,0,1,6,4,11,0,2,39,1,42,0,3,45,5,53,19,15,34,87
08/08/2017,BKV,FL,ASO,ES,Federal Contract Tower,0,3,5,0,8,0,5,37,2,44,0,8,42,2,52,66,41,107,159
08/09/2017,BKV,FL,ASO,ES,Federal Contract Tower,0,0,5,4,9,0,4,63,6,73,0,4,68,10,82,103,112,215,297
08/10/2017,BKV,FL,ASO,ES,Federal Contract Tower,0,1,11,0,12,0,1,55,7,63,0,2,66,7,75,47,5,52,127
08/11/2017,BKV,FL,ASO,ES,Federal Contract Tower,0,1,17,1,19,0,4,56,3,63,0,5,73,4,82,113,0,113,195
08/12/2017,BKV,FL,ASO,ES,Federal Contract Tower,0,0,7,0,7,0,5,44,0,49,0,5,51,0,56,40,0,40,96
08/13/2017,BKV,FL,ASO,ES,Federal Contract Tower,0,1,1,0,2,0,2,27,0,29,0,3,28,0,31,8,0,8,39
08/14/2017,BKV,FL,ASO,ES,Federal Contract Tower,0,0,10,2,12,0,3,47,19,69,0,3,57,21,81,42,48,90,171
08/15/2017,BKV,FL,ASO,ES,Federal Contract Tower,0,0,8,0,8,0,5,23,7,35,0,5,31,7,43,18,64,82,125
08/16/2017,BKV,FL,ASO,ES,Federal Contract Tower,0,1,3,0,4,0,5,51,10,66,0,6,54,10,70,58,20,78,148
08/17/2017,BKV,FL,ASO,ES,Federal Contract Tower,0,3,6,0,9,0,6,36,5,47,0,9,42,5,56,25,16,41,97
08/18/2017,BKV,FL,ASO,ES,Federal Contract Tower,0,0,6,4,10,0,0,33,5,38,0,0,39,9,48,19,38,57,105
08/19/2017,BKV,FL,ASO,ES,Federal Contract Tower,0,1,8,2,11,0,4,61,7,72,0,5,69,9,83,105,20,125,208
08/20/2017,BKV,FL,ASO,ES,Federal Contract Tower,0,0,8,0,8,0,6,38,0,44,0,6,46,0,52,6,0,6,58
08/21/2017,BKV,FL,ASO,ES,Federal Contract Tower,0,1,11,1,13,0,6,52,1,59,0,7,63,2,72,23,40,63,135
08/22/2017,BKV,FL,ASO,ES,Federal Contract Tower,0,1,5,0,6,0,7,63,1,71,0,8,68,1,77,35,9,44,121
08/23/2017,BKV,FL,ASO,ES,Federal Contract Tower,0,0,28,4,32,0,2,59,14,75,0,2,87,18,107,26,43,69,176
08/24/2017,BKV,FL,ASO,ES,Federal Contract Tower,0,3,17,5,25,0,4,42,3,49,0,7,59,8,74,6,2,8,82
08/25/2017,BKV,FL,ASO,ES,Federal Contract Tower,0,0,12,2,14,0,3,29,2,34,0,3,41,4,48,29,0,29,77
08/26/2017,BKV,FL,ASO,ES,Federal Contract Tower,0,0,9,0,9,0,2,21,0,23,0,2,30,0,32,69,0,69,101
08/27/2017,BKV,FL,ASO,ES,Federal Contract Tower,0,1,14,0,15,0,0,8,0,8,0,1,22,0,23,15,0,15,38
08/28/2017,BKV,FL,ASO,ES,Federal Contract Tower,0,2,7,0,9,0,0,8,0,8,0,2,15,0,17,0,0,0,17
08/29/2017,BKV,FL,ASO,ES,Federal Contract Tower,0,6,2,1,9,0,2,11,0,13,0,8,13,1,22,19,0,19,41
08/30/2017,BKV,FL,ASO,ES,Federal Contract Tower,0,5,6,2,13,0,2,88,1,91,0,7,94,3,104,82,15,97,201
08/31/2017,BKV,FL,ASO,ES,Federal Contract Tower,0,4,10,2,16,0,6,83,5,94,0,10,93,7,110,25,16,41,151
09/01/2017,BKV,FL,ASO,ES,Federal Contract Tower,0,0,12,0,12,0,1,66,0,67,0,1,78,0,79,58,0,58,137
09/02/2017,BKV,FL,ASO,ES,Federal Contract Tower,0,1,4,0,5,0,2,37,0,39,0,3,41,0,44,9,0,9,53
09/03/2017,BKV,FL,ASO,ES,Federal Contract Tower,0,1,2,0,3,0,1,40,0,41,0,2,42,0,44,28,0,28,72
09/04/2017,BKV,FL,ASO,ES,Federal Contract Tower,0,0,8,0,8,0,0,55,0,55,0,0,63,0,63,125,0,125,188
09/05/2017,BKV,FL,ASO,ES,Federal Contract Tower,0,2,7,0,9,0,2,65,2,69,0,4,72,2,78,140,0,140,218
09/06/2017,BKV,FL,ASO,ES,Federal Contract Tower,0,2,7,0,9,0,2,29,0,31,0,4,36,0,40,6,5,11,51
09/07/2017,BKV,FL,ASO,ES,Federal Contract Tower,0,4,16,0,20,0,4,60,1,65,0,8,76,1,85,57,0,57,142
09/08/2017,BKV,FL,ASO,ES,Federal Contract Tower,0,1,20,0,21,0,1,51,0,52,0,2,71,0,73,0,0,0,73
09/09/2017,BKV,FL,ASO,ES,Federal Contract Tower,14,0,0,0,14,0,0,9,0,9,14,0,9,0,23,0,0,0,23
09/10/2017,BKV,FL,ASO,ES,Federal Contract Tower,0,0,0,0,0,0,0,0,0,0,0,0,0,0,0,0,0,0,0
09/11/2017,BKV,FL,ASO,ES,Federal Contract Tower,0,0,0,0,0,0,0,0,0,0,0,0,0,0,0,0,0,0,0
09/12/2017,BKV,FL,ASO,ES,Federal Contract Tower,0,12,18,0,30,0,2,59,0,61,0,14,77,0,91,2,0,2,93
09/13/2017,BKV,FL,ASO,ES,Federal Contract Tower,0,4,7,0,11,0,10,60,0,70,0,14,67,0,81,41,0,41,122
09/14/2017,BKV,FL,ASO,ES,Federal Contract Tower,0,1,7,0,8,0,5,37,0,42,0,6,44,0,50,11,0,11,61
09/15/2017,BKV,FL,ASO,ES,Federal Contract Tower,0,2,15,2,19,0,2,63,1,66,0,4,78,3,85,20,0,20,105
09/16/2017,BKV,FL,ASO,ES,Federal Contract Tower,0,5,3,0,8,0,8,76,4,88,0,13,79,4,96,62,0,62,158
09/17/2017,BKV,FL,ASO,ES,Federal Contract Tower,0,0,9,0,9,0,5,65,0,70,0,5,74,0,79,42,0,42,121
09/18/2017,BKV,FL,ASO,ES,Federal Contract Tower,0,2,4,1,7,0,6,56,2,64,0,8,60,3,71,40,84,124,195
09/19/2017,BKV,FL,ASO,ES,Federal Contract Tower,0,1,7,0,8,0,6,38,5,49,0,7,45,5,57,46,47,93,150
09/20/2017,BKV,FL,ASO,ES,Federal Contract Tower,0,2,9,1,12,0,1,58,7,66,0,3,67,8,78,50,93,143,221
09/21/2017,BKV,FL,ASO,ES,Federal Contract Tower,0,2,10,1,13,0,5,68,36,109,0,7,78,37,122,75,25,100,222
09/22/2017,BKV,FL,ASO,ES,Federal Contract Tower,0,3,4,0,7,0,5,81,2,88,0,8,85,2,95,52,58,110,205
09/23/2017,BKV,FL,ASO,ES,Federal Contract Tower,0,1,4,0,5,0,2,51,0,53,0,3,55,0,58,38,0,38,96
09/24/2017,BKV,FL,ASO,ES,Federal Contract Tower,0,12,7,0,19,0,6,34,0,40,0,18,41,0,59,39,0,39,98
09/25/2017,BKV,FL,ASO,ES,Federal Contract Tower,0,5,12,0,17,0,4,33,4,41,0,9,45,4,58,72,12,84,142
09/26/2017,BKV,FL,ASO,ES,Federal Contract Tower,0,0,7,2,9,0,1,49,3,53,0,1,56,5,62,112,3,115,177
09/27/2017,BKV,FL,ASO,ES,Federal Contract Tower,0,0,17,0,17,0,9,37,12,58,0,9,54,12,75,29,31,60,135
09/28/2017,BKV,FL,ASO,ES,Federal Contract Tower,0,1,7,0,8,0,8,68,2,78,0,9,75,2,86,70,0,70,156
09/29/2017,BKV,FL,ASO,ES,Federal Contract Tower,0,5,4,0,9,0,3,86,2,91,0,8,90,2,100,64,0,64,164
09/30/2017,BKV,FL,ASO,ES,Federal Contract Tower,0,0,7,0,7,0,1,28,0,29,0,1,35,0,36,33,0,33,69
10/01/2017,BKV,FL,ASO,ES,Federal Contract Tower,0,8,6,0,14,0,15,13,0,28,0,23,19,0,42,73,0,73,115
10/02/2017,BKV,FL,ASO,ES,Federal Contract Tower,0,3,11,0,14,0,4,25,4,33,0,7,36,4,47,34,103,137,184
10/03/2017,BKV,FL,ASO,ES,Federal Contract Tower,0,4,4,2,10,0,7,16,5,28,0,11,20,7,38,19,60,79,117
10/04/2017,BKV,FL,ASO,ES,Federal Contract Tower,0,2,7,0,9,0,3,29,10,42,0,5,36,10,51,23,69,92,143
10/05/2017,BKV,FL,ASO,ES,Federal Contract Tower,0,1,12,0,13,0,3,3,3,9,0,4,15,3,22,2,2,4,26
10/06/2017,BKV,FL,ASO,ES,Federal Contract Tower,0,3,13,0,16,0,2,25,0,27,0,5,38,0,43,14,0,14,57
10/07/2017,BKV,FL,ASO,ES,Federal Contract Tower,0,1,2,0,3,0,0,38,0,38,0,1,40,0,41,45,0,45,86
10/08/2017,BKV,FL,ASO,ES,Federal Contract Tower,0,2,4,0,6,0,5,21,0,26,0,7,25,0,32,26,0,26,58
10/09/2017,BKV,FL,ASO,ES,Federal Contract Tower,0,1,6,0,7,0,8,38,0,46,0,9,44,0,53,67,0,67,120
10/10/2017,BKV,FL,ASO,ES,Federal Contract Tower,0,1,5,10,16,0,2,35,12,49,0,3,40,22,65,32,35,67,132
10/11/2017,BKV,FL,ASO,ES,Federal Contract Tower,0,0,4,2,6,0,0,49,11,60,0,0,53,13,66,58,105,163,229
10/12/2017,BKV,FL,ASO,ES,Federal Contract Tower,0,6,4,3,13,0,5,52,12,69,0,11,56,15,82,56,44,100,182
10/13/2017,BKV,FL,ASO,ES,Federal Contract Tower,0,4,4,1,9,0,2,34,11,47,0,6,38,12,56,33,9,42,98
10/14/2017,BKV,FL,ASO,ES,Federal Contract Tower,0,3,4,0,7,0,2,15,2,19,0,5,19,2,26,20,20,40,66
10/15/2017,BKV,FL,ASO,ES,Federal Contract Tower,0,0,3,0,3,0,3,30,0,33,0,3,33,0,36,75,0,75,111
10/16/2017,BKV,FL,ASO,ES,Federal Contract Tower,0,1,20,1,22,0,3,44,1,48,0,4,64,2,70,78,0,78,148
10/17/2017,BKV,FL,ASO,ES,Federal Contract Tower,0,0,8,0,8,0,2,12,2,16,0,2,20,2,24,2,0,2,26
10/18/2017,BKV,FL,ASO,ES,Federal Contract Tower,0,3,5,3,11,0,2,33,12,47,0,5,38,15,58,34,53,87,145
10/19/2017,BKV,FL,ASO,ES,Federal Contract Tower,0,2,13,2,17,0,2,25,11,38,0,4,38,13,55,35,56,91,146
10/20/2017,BKV,FL,ASO,ES,Federal Contract Tower,0,3,14,5,22,0,4,57,6,67,0,7,71,11,89,55,0,55,144
10/21/2017,BKV,FL,ASO,ES,Federal Contract Tower,0,2,6,0,8,0,3,64,0,67,0,5,70,0,75,91,0,91,166
10/22/2017,BKV,FL,ASO,ES,Federal Contract Tower,0,1,6,0,7,0,4,37,2,43,0,5,43,2,50,67,0,67,117
10/23/2017,BKV,FL,ASO,ES,Federal Contract Tower,0,0,5,1,6,0,0,12,0,12,0,0,17,1,18,53,0,53,71
10/24/2017,BKV,FL,ASO,ES,Federal Contract Tower,0,0,8,1,9,0,12,62,3,77,0,12,70,4,86,152,21,173,259
10/25/2017,BKV,FL,ASO,ES,Federal Contract Tower,0,1,10,4,15,0,5,45,5,55,0,6,55,9,70,100,41,141,211
10/26/2017,BKV,FL,ASO,ES,Federal Contract Tower,0,1,11,5,17,0,5,81,10,96,0,6,92,15,113,62,58,120,233
10/27/2017,BKV,FL,ASO,ES,Federal Contract Tower,0,1,10,0,11,0,6,67,3,76,0,7,77,3,87,54,18,72,159
10/28/2017,BKV,FL,ASO,ES,Federal Contract Tower,0,0,4,0,4,0,2,32,0,34,0,2,36,0,38,31,0,31,69
10/29/2017,BKV,FL,ASO,ES,Federal Contract Tower,0,0,6,0,6,0,8,9,0,17,0,8,15,0,23,2,0,2,25
10/30/2017,BKV,FL,ASO,ES,Federal Contract Tower,0,5,6,2,13,0,2,62,6,70,0,7,68,8,83,78,90,168,251
10/31/2017,BKV,FL,ASO,ES,Federal Contract Tower,0,1,4,2,7,0,0,104,5,109,0,1,108,7,116,69,50,119,235
11/01/2017,BKV,FL,ASO,ES,Federal Contract Tower,0,0,7,2,9,0,2,80,11,93,0,2,87,13,102,65,47,112,214
11/02/2017,BKV,FL,ASO,ES,Federal Contract Tower,0,1,10,4,15,0,4,61,8,73,0,5,71,12,88,73,40,113,201
11/03/2017,BKV,FL,ASO,ES,Federal Contract Tower,0,2,10,3,15,0,8,61,2,71,0,10,71,5,86,78,0,78,164
11/04/2017,BKV,FL,ASO,ES,Federal Contract Tower,0,0,4,4,8,0,4,81,2,87,0,4,85,6,95,34,43,77,172
11/05/2017,BKV,FL,ASO,ES,Federal Contract Tower,0,0,16,0,16,0,2,41,0,43,0,2,57,0,59,62,0,62,121
11/06/2017,BKV,FL,ASO,ES,Federal Contract Tower,0,4,5,0,9,0,0,49,2,51,0,4,54,2,60,62,10,72,132
11/07/2017,BKV,FL,ASO,ES,Federal Contract Tower,0,3,2,0,5,0,5,50,10,65,0,8,52,10,70,77,10,87,157
11/08/2017,BKV,FL,ASO,ES,Federal Contract Tower,0,1,8,0,9,0,4,34,8,46,0,5,42,8,55,70,29,99,154
11/09/2017,BKV,FL,ASO,ES,Federal Contract Tower,0,0,3,0,3,0,3,55,0,58,0,3,58,0,61,94,0,94,155
11/10/2017,BKV,FL,ASO,ES,Federal Contract Tower,0,0,9,0,9,0,0,32,0,32,0,0,41,0,41,92,0,92,133
11/11/2017,BKV,FL,ASO,ES,Federal Contract Tower,0,1,8,0,9,0,4,49,2,55,0,5,57,2,64,40,0,40,104
11/12/2017,BKV,FL,ASO,ES,Federal Contract Tower,0,1,7,0,8,0,0,24,0,24,0,1,31,0,32,12,0,12,44
11/13/2017,BKV,FL,ASO,ES,Federal Contract Tower,0,2,8,1,11,0,3,48,3,54,0,5,56,4,65,60,73,133,198
11/14/2017,BKV,FL,ASO,ES,Federal Contract Tower,0,5,4,2,11,0,4,46,6,56,0,9,50,8,67,80,9,89,156
11/15/2017,BKV,FL,ASO,ES,Federal Contract Tower,0,1,3,3,7,0,3,58,17,78,0,4,61,20,85,63,27,90,175
11/16/2017,BKV,FL,ASO,ES,Federal Contract Tower,0,0,10,0,10,0,10,60,9,79,0,10,70,9,89,131,38,169,258
11/17/2017,BKV,FL,ASO,ES,Federal Contract Tower,0,2,9,0,11,0,7,58,1,66,0,9,67,1,77,84,0,84,161
11/18/2017,BKV,FL,ASO,ES,Federal Contract Tower,0,5,11,0,16,0,2,80,0,82,0,7,91,0,98,136,0,136,234
11/19/2017,BKV,FL,ASO,ES,Federal Contract Tower,0,0,7,0,7,0,0,20,0,20,0,0,27,0,27,7,0,7,34
11/20/2017,BKV,FL,ASO,ES,Federal Contract Tower,0,7,8,1,16,0,6,58,8,72,0,13,66,9,88,190,19,209,297
11/21/2017,BKV,FL,ASO,ES,Federal Contract Tower,0,3,12,0,15,0,3,31,6,40,0,6,43,6,55,61,44,105,160
11/22/2017,BKV,FL,ASO,ES,Federal Contract Tower,0,2,16,0,18,0,3,45,4,52,0,5,61,4,70,26,6,32,102
11/23/2017,BKV,FL,ASO,ES,Federal Contract Tower,0,1,1,0,2,0,0,0,0,0,0,1,1,0,2,0,0,0,2
11/24/2017,BKV,FL,ASO,ES,Federal Contract Tower,0,5,8,0,13,0,0,13,0,13,0,5,21,0,26,2,0,2,28
11/25/2017,BKV,FL,ASO,ES,Federal Contract Tower,0,0,11,0,11,0,6,68,0,74,0,6,79,0,85,50,0,50,135
11/26/2017,BKV,FL,ASO,ES,Federal Contract Tower,0,1,10,0,11,0,2,67,0,69,0,3,77,0,80,78,0,78,158
11/27/2017,BKV,FL,ASO,ES,Federal Contract Tower,0,2,7,0,9,0,4,47,0,51,0,6,54,0,60,18,36,54,114
11/28/2017,BKV,FL,ASO,ES,Federal Contract Tower,0,2,5,1,8,0,4,108,14,126,0,6,113,15,134,62,50,112,246
11/29/2017,BKV,FL,ASO,ES,Federal Contract Tower,0,3,3,2,8,0,28,65,22,115,0,31,68,24,123,93,32,125,248
11/30/2017,BKV,FL,ASO,ES,Federal Contract Tower,0,5,10,1,16,0,4,37,11,52,0,9,47,12,68,59,97,156,224
12/01/2017,BKV,FL,ASO,ES,Federal Contract Tower,0,0,6,3,9,0,2,60,24,86,0,2,66,27,95,26,29,55,150
12/02/2017,BKV,FL,ASO,ES,Federal Contract Tower,0,2,13,0,15,0,2,45,0,47,0,4,58,0,62,82,0,82,144
12/03/2017,BKV,FL,ASO,ES,Federal Contract Tower,0,0,4,2,6,0,0,38,9,47,0,0,42,11,53,75,0,75,128
12/04/2017,BKV,FL,ASO,ES,Federal Contract Tower,0,0,10,0,10,0,6,40,2,48,0,6,50,2,58,122,5,127,185
12/05/2017,BKV,FL,ASO,ES,Federal Contract Tower,0,0,7,1,8,0,4,96,4,104,0,4,103,5,112,149,58,207,319
12/06/2017,BKV,FL,ASO,ES,Federal Contract Tower,0,6,15,7,28,0,1,100,18,119,0,7,115,25,147,68,164,232,379
12/07/2017,BKV,FL,ASO,ES,Federal Contract Tower,0,1,32,3,36,0,0,0,0,0,0,1,32,3,36,0,0,0,36
12/08/2017,BKV,FL,ASO,ES,Federal Contract Tower,0,2,3,7,12,0,1,5,1,7,0,3,8,8,19,3,19,22,41
12/09/2017,BKV,FL,ASO,ES,Federal Contract Tower,0,0,13,2,15,0,2,10,9,21,0,2,23,11,36,27,61,88,124
12/10/2017,BKV,FL,ASO,ES,Federal Contract Tower,0,1,8,0,9,0,4,38,0,42,0,5,46,0,51,51,0,51,102
12/11/2017,BKV,FL,ASO,ES,Federal Contract Tower,0,2,6,0,8,0,2,83,5,90,0,4,89,5,98,114,77,191,289
12/12/2017,BKV,FL,ASO,ES,Federal Contract Tower,0,0,1,3,4,0,0,55,0,55,0,0,56,3,59,117,0,117,176
12/13/2017,BKV,FL,ASO,ES,Federal Contract Tower,0,2,7,2,11,0,4,80,14,98,0,6,87,16,109,25,106,131,240
12/14/2017,BKV,FL,ASO,ES,Federal Contract Tower,0,0,8,0,8,0,5,72,9,86,0,5,80,9,94,155,47,202,296
12/15/2017,BKV,FL,ASO,ES,Federal Contract Tower,0,2,14,0,16,0,4,76,0,80,0,6,90,0,96,83,0,83,179
12/16/2017,BKV,FL,ASO,ES,Federal Contract Tower,0,1,5,0,6,0,6,66,0,72,0,7,71,0,78,106,0,106,184
12/17/2017,BKV,FL,ASO,ES,Federal Contract Tower,0,9,0,0,9,0,4,39,0,43,0,13,39,0,52,44,0,44,96
12/18/2017,BKV,FL,ASO,ES,Federal Contract Tower,0,3,4,0,7,0,2,54,16,72,0,5,58,16,79,97,0,97,176
12/19/2017,BKV,FL,ASO,ES,Federal Contract Tower,0,1,5,0,6,0,2,72,6,80,0,3,77,6,86,78,4,82,168
12/20/2017,BKV,FL,ASO,ES,Federal Contract Tower,0,4,8,0,12,0,3,39,6,48,0,7,47,6,60,41,16,57,117
12/21/2017,BKV,FL,ASO,ES,Federal Contract Tower,0,1,7,0,8,0,0,77,8,85,0,1,84,8,93,55,11,66,159
12/22/2017,BKV,FL,ASO,ES,Federal Contract Tower,0,6,5,0,11,0,3,22,4,29,0,9,27,4,40,29,0,29,69
12/23/2017,BKV,FL,ASO,ES,Federal Contract Tower,0,0,14,0,14,0,2,7,22,31,0,2,21,22,45,11,0,11,56
12/24/2017,BKV,FL,ASO,ES,Federal Contract Tower,0,0,3,0,3,0,5,13,2,20,0,5,16,2,23,42,0,42,65
12/25/2017,BKV,FL,ASO,ES,Federal Contract Tower,0,0,0,0,0,0,2,19,0,21,0,2,19,0,21,10,0,10,31
12/26/2017,BKV,FL,ASO,ES,Federal Contract Tower,0,1,11,0,12,0,4,57,2,63,0,5,68,2,75,160,0,160,235
12/27/2017,BKV,FL,ASO,ES,Federal Contract Tower,0,1,8,0,9,0,3,42,9,54,0,4,50,9,63,79,54,133,196
12/28/2017,BKV,FL,ASO,ES,Federal Contract Tower,0,2,15,0,17,0,2,15,0,17,0,4,30,0,34,94,0,94,128
12/29/2017,BKV,FL,ASO,ES,Federal Contract Tower,0,1,10,11,22,0,14,7,2,23,0,15,17,13,45,26,19,45,90
12/30/2017,BKV,FL,ASO,ES,Federal Contract Tower,0,0,4,0,4,0,4,56,0,60,0,4,60,0,64,56,0,56,120
12/31/2017,BKV,FL,ASO,ES,Federal Contract Tower,0,0,7,0,7,0,3,56,0,59,0,3,63,0,66,51,0,51,117
01/01/2018,BKV,FL,ASO,ES,Federal Contract Tower,0,1,5,0,6,0,0,4,0,4,0,1,9,0,10,0,0,0,10
01/02/2018,BKV,FL,ASO,ES,Federal Contract Tower,0,2,3,0,5,0,1,10,2,13,0,3,13,2,18,4,83,87,105
01/03/2018,BKV,FL,ASO,ES,Federal Contract Tower,0,2,3,0,5,0,3,4,2,9,0,5,7,2,14,1,0,1,15
01/04/2018,BKV,FL,ASO,ES,Federal Contract Tower,0,2,8,0,10,0,4,51,5,60,0,6,59,5,70,44,0,44,114
01/05/2018,BKV,FL,ASO,ES,Federal Contract Tower,0,4,8,0,12,0,4,64,4,72,0,8,72,4,84,54,0,54,138
01/06/2018,BKV,FL,ASO,ES,Federal Contract Tower,0,2,2,0,4,0,5,58,0,63,0,7,60,0,67,16,0,16,83
01/07/2018,BKV,FL,ASO,ES,Federal Contract Tower,0,0,3,0,3,0,4,43,0,47,0,4,46,0,50,10,0,10,60
01/08/2018,BKV,FL,ASO,ES,Federal Contract Tower,0,4,2,0,6,0,2,46,0,48,0,6,48,0,54,30,0,30,84
01/09/2018,BKV,FL,ASO,ES,Federal Contract Tower,0,0,15,2,17,0,7,26,5,38,0,7,41,7,55,0,3,3,58
01/10/2018,BKV,FL,ASO,ES,Federal Contract Tower,0,2,11,2,15,0,2,12,9,23,0,4,23,11,38,26,27,53,91
01/11/2018,BKV,FL,ASO,ES,Federal Contract Tower,0,1,12,0,13,0,0,14,10,24,0,1,26,10,37,32,0,32,69
01/12/2018,BKV,FL,ASO,ES,Federal Contract Tower,0,1,7,0,8,0,0,8,4,12,0,1,15,4,20,0,0,0,20
01/13/2018,BKV,FL,ASO,ES,Federal Contract Tower,0,1,11,0,12,0,5,18,0,23,0,6,29,0,35,8,0,8,43
01/14/2018,BKV,FL,ASO,ES,Federal Contract Tower,0,2,8,0,10,0,0,72,0,72,0,2,80,0,82,48,0,48,130
01/15/2018,BKV,FL,ASO,ES,Federal Contract Tower,0,0,8,0,8,0,2,83,5,90,0,2,91,5,98,66,8,74,172
01/16/2018,BKV,FL,ASO,ES,Federal Contract Tower,0,4,3,0,7,0,0,66,5,71,0,4,69,5,78,51,76,127,205
01/17/2018,BKV,FL,ASO,ES,Federal Contract Tower,0,6,7,6,19,0,1,25,7,33,0,7,32,13,52,45,67,112,164
01/18/2018,BKV,FL,ASO,ES,Federal Contract Tower,0,3,9,1,13,0,4,58,32,94,0,7,67,33,107,20,72,92,199
01/19/2018,BKV,FL,ASO,ES,Federal Contract Tower,0,1,5,1,7,0,4,78,4,86,0,5,83,5,93,124,0,124,217
01/20/2018,BKV,FL,ASO,ES,Federal Contract Tower,0,1,4,0,5,0,2,56,0,58,0,3,60,0,63,27,0,27,90
01/21/2018,BKV,FL,ASO,ES,Federal Contract Tower,0,1,6,0,7,0,4,50,0,54,0,5,56,0,61,90,0,90,151
01/22/2018,BKV,FL,ASO,ES,Federal Contract Tower,0,0,9,0,9,0,8,45,0,53,0,8,54,0,62,26,0,26,88
01/23/2018,BKV,FL,ASO,ES,Federal Contract Tower,0,5,13,6,24,0,1,23,0,24,0,6,36,6,48,4,0,4,52
01/24/2018,BKV,FL,ASO,ES,Federal Contract Tower,0,5,10,1,16,0,1,75,13,89,0,6,85,14,105,46,34,80,185
01/25/2018,BKV,FL,ASO,ES,Federal Contract Tower,0,3,15,0,18,0,4,51,7,62,0,7,66,7,80,133,8,141,221
01/26/2018,BKV,FL,ASO,ES,Federal Contract Tower,0,1,6,0,7,0,4,54,0,58,0,5,60,0,65,35,0,35,100
01/27/2018,BKV,FL,ASO,ES,Federal Contract Tower,0,1,8,0,9,0,3,58,2,63,0,4,66,2,72,39,0,39,111
01/28/2018,BKV,FL,ASO,ES,Federal Contract Tower,0,1,3,0,4,0,1,26,4,31,0,2,29,4,35,24,10,34,69
01/29/2018,BKV,FL,ASO,ES,Federal Contract Tower,0,1,2,0,3,0,3,21,0,24,0,4,23,0,27,5,0,5,32
01/30/2018,BKV,FL,ASO,ES,Federal Contract Tower,0,0,6,3,9,0,4,100,1,105,0,4,106,4,114,372,116,488,602
01/31/2018,BKV,FL,ASO,ES,Federal Contract Tower,0,5,5,2,12,0,3,85,15,103,0,8,90,17,115,249,152,401,516
02/01/2018,BKV,FL,ASO,ES,Federal Contract Tower,0,4,11,2,17,0,4,84,11,99,0,8,95,13,116,130,167,297,413
02/02/2018,BKV,FL,ASO,ES,Federal Contract Tower,0,3,5,2,10,0,3,53,0,56,0,6,58,2,66,176,0,176,242
02/03/2018,BKV,FL,ASO,ES,Federal Contract Tower,0,1,9,0,10,0,9,78,0,87,0,10,87,0,97,75,8,83,180
02/04/2018,BKV,FL,ASO,ES,Federal Contract Tower,0,1,5,0,6,0,4,25,0,29,0,5,30,0,35,12,0,12,47
02/05/2018,BKV,FL,ASO,ES,Federal Contract Tower,0,1,12,0,13,0,4,59,2,65,0,5,71,2,78,101,26,127,205
02/06/2018,BKV,FL,ASO,ES,Federal Contract Tower,0,4,15,1,20,0,8,77,6,91,0,12,92,7,111,51,70,121,232
02/07/2018,BKV,FL,ASO,ES,Federal Contract Tower,0,2,9,4,15,0,2,73,14,89,0,4,82,18,104,39,47,86,190
02/08/2018,BKV,FL,ASO,ES,Federal Contract Tower,0,3,10,2,15,0,2,9,6,17,0,5,19,8,32,5,24,29,61
02/09/2018,BKV,FL,ASO,ES,Federal Contract Tower,0,1,14,4,19,0,3,75,7,85,0,4,89,11,104,126,8,134,238
02/10/2018,BKV,FL,ASO,ES,Federal Contract Tower,0,3,4,0,7,0,3,77,13,93,0,6,81,13,100,100,24,124,224
02/11/2018,BKV,FL,ASO,ES,Federal Contract Tower,0,2,6,1,9,0,5,34,7,46,0,7,40,8,55,17,33,50,105
02/12/2018,BKV,FL,ASO,ES,Federal Contract Tower,0,4,13,0,17,0,2,14,7,23,0,6,27,7,40,19,131,150,190
02/13/2018,BKV,FL,ASO,ES,Federal Contract Tower,0,3,12,2,17,0,2,21,4,27,0,5,33,6,44,45,39,84,128
02/14/2018,BKV,FL,ASO,ES,Federal Contract Tower,0,5,9,4,18,0,7,55,7,69,0,12,64,11,87,100,90,190,277
02/15/2018,BKV,FL,ASO,ES,Federal Contract Tower,0,3,14,0,17,0,5,91,4,100,0,8,105,4,117,72,39,111,228
02/16/2018,BKV,FL,ASO,ES,Federal Contract Tower,0,1,5,2,8,0,4,85,10,99,0,5,90,12,107,64,0,64,171
02/17/2018,BKV,FL,ASO,ES,Federal Contract Tower,0,7,10,0,17,0,4,63,2,69,0,11,73,2,86,73,0,73,159
02/18/2018,BKV,FL,ASO,ES,Federal Contract Tower,0,4,4,0,8,0,7,60,0,67,0,11,64,0,75,57,0,57,132
02/19/2018,BKV,FL,ASO,ES,Federal Contract Tower,0,1,7,0,8,0,2,62,0,64,0,3,69,0,72,31,0,31,103
02/20/2018,BKV,FL,ASO,ES,Federal Contract Tower,0,3,6,1,10,0,3,59,4,66,0,6,65,5,76,41,101,142,218
02/21/2018,BKV,FL,ASO,ES,Federal Contract Tower,0,1,10,12,23,0,4,62,13,79,0,5,72,25,102,106,96,202,304
02/22/2018,BKV,FL,ASO,ES,Federal Contract Tower,0,1,8,0,9,0,11,89,15,115,0,12,97,15,124,92,22,114,238
02/23/2018,BKV,FL,ASO,ES,Federal Contract Tower,0,3,6,3,12,0,7,85,22,114,0,10,91,25,126,98,44,142,268
02/24/2018,BKV,FL,ASO,ES,Federal Contract Tower,0,1,2,0,3,0,3,78,0,81,0,4,80,0,84,107,0,107,191
02/25/2018,BKV,FL,ASO,ES,Federal Contract Tower,0,5,3,0,8,0,3,42,0,45,0,8,45,0,53,19,0,19,72
02/26/2018,BKV,FL,ASO,ES,Federal Contract Tower,0,2,7,8,17,0,4,71,7,82,0,6,78,15,99,56,55,111,210
02/27/2018,BKV,FL,ASO,ES,Federal Contract Tower,0,3,17,2,22,0,4,62,3,69,0,7,79,5,91,85,0,85,176
02/28/2018,BKV,FL,ASO,ES,Federal Contract Tower,0,3,7,2,12,0,0,68,12,80,0,3,75,14,92,145,121,266,358
03/01/2018,BKV,FL,ASO,ES,Federal Contract Tower,0,1,4,0,5,0,7,31,13,51,0,8,35,13,56,59,60,119,175
03/02/2018,BKV,FL,ASO,ES,Federal Contract Tower,0,2,8,8,18,0,2,49,14,65,0,4,57,22,83,234,0,234,317
03/03/2018,BKV,FL,ASO,ES,Federal Contract Tower,1,2,5,0,8,0,7,84,6,97,1,9,89,6,105,85,5,90,195
03/04/2018,BKV,FL,ASO,ES,Federal Contract Tower,0,2,12,4,18,0,5,70,3,78,0,7,82,7,96,59,27,86,182
03/05/2018,BKV,FL,ASO,ES,Federal Contract Tower,0,3,11,0,14,0,8,80,8,96,0,11,91,8,110,94,19,113,223
03/06/2018,BKV,FL,ASO,ES,Federal Contract Tower,0,0,7,0,7,0,3,64,6,73,0,3,71,6,80,55,78,133,213
03/07/2018,BKV,FL,ASO,ES,Federal Contract Tower,0,2,8,0,10,0,3,33,3,39,0,5,41,3,49,20,66,86,135
03/08/2018,BKV,FL,ASO,ES,Federal Contract Tower,0,0,11,0,11,0,6,57,0,63,0,6,68,0,74,46,46,92,166
03/09/2018,BKV,FL,ASO,ES,Federal Contract Tower,0,1,7,0,8,0,8,86,5,99,0,9,93,5,107,102,42,144,251
03/10/2018,BKV,FL,ASO,ES,Federal Contract Tower,0,1,16,0,17,0,6,152,0,158,0,7,168,0,175,122,4,126,301
03/11/2018,BKV,FL,ASO,ES,Federal Contract Tower,0,1,18,0,19,0,6,29,0,35,0,7,47,0,54,23,0,23,77
03/12/2018,BKV,FL,ASO,ES,Federal Contract Tower,0,2,10,0,12,0,6,4,2,12,0,8,14,2,24,0,34,34,58
03/13/2018,BKV,FL,ASO,ES,Federal Contract Tower,0,3,8,2,13,0,1,69,10,80,0,4,77,12,93,87,35,122,215
03/14/2018,BKV,FL,ASO,ES,Federal Contract Tower,0,2,8,2,12,0,3,64,10,77,0,5,72,12,89,108,49,157,246
03/15/2018,BKV,FL,ASO,ES,Federal Contract Tower,0,4,12,0,16,0,0,84,11,95,0,4,96,11,111,139,71,210,321
03/16/2018,BKV,FL,ASO,ES,Federal Contract Tower,0,2,5,0,7,0,7,73,7,87,0,9,78,7,94,59,6,65,159
03/17/2018,BKV,FL,ASO,ES,Federal Contract Tower,0,1,15,0,16,0,2,68,0,70,0,3,83,0,86,131,0,131,217
03/18/2018,BKV,FL,ASO,ES,Federal Contract Tower,0,2,13,0,15,0,3,32,0,35,0,5,45,0,50,38,0,38,88
03/19/2018,BKV,FL,ASO,ES,Federal Contract Tower,0,3,6,0,9,0,0,15,1,16,0,3,21,1,25,48,8,56,81
03/20/2018,BKV,FL,ASO,ES,Federal Contract Tower,0,2,10,0,12,0,3,3,0,6,0,5,13,0,18,0,14,14,32
03/21/2018,BKV,FL,ASO,ES,Federal Contract Tower,0,3,4,0,7,0,3,11,3,17,0,6,15,3,24,6,70,76,100
03/22/2018,BKV,FL,ASO,ES,Federal Contract Tower,0,0,15,1,16,0,5,56,3,64,0,5,71,4,80,121,41,162,242
03/23/2018,BKV,FL,ASO,ES,Federal Contract Tower,0,3,5,1,9,0,7,72,15,94,0,10,77,16,103,123,39,162,265
03/24/2018,BKV,FL,ASO,ES,Federal Contract Tower,0,0,12,0,12,0,12,93,0,105,0,12,105,0,117,92,0,92,209
03/25/2018,BKV,FL,ASO,ES,Federal Contract Tower,0,0,0,0,0,0,0,45,0,45,0,0,45,0,45,46,0,46,91
03/26/2018,BKV,FL,ASO,ES,Federal Contract Tower,0,3,13,4,20,0,2,13,0,15,0,5,26,4,35,26,42,68,103
03/27/2018,BKV,FL,ASO,ES,Federal Contract Tower,0,0,8,0,8,0,3,57,3,63,0,3,65,3,71,45,6,51,122
03/28/2018,BKV,FL,ASO,ES,Federal Contract Tower,0,2,15,3,20,0,6,104,16,126,0,8,119,19,146,116,56,172,318
03/29/2018,BKV,FL,ASO,ES,Federal Contract Tower,0,1,13,1,15,0,6,62,16,84,0,7,75,17,99,55,61,116,215
03/30/2018,BKV,FL,ASO,ES,Federal Contract Tower,0,0,7,0,7,0,1,68,0,69,0,1,75,0,76,24,0,24,100
03/31/2018,BKV,FL,ASO,ES,Federal Contract Tower,0,0,5,0,5,0,6,51,0,57,0,6,56,0,62,83,0,83,145
04/01/2018,BKV,FL,ASO,ES,Federal Contract Tower,0,0,9,0,9,0,4,21,0,25,0,4,30,0,34,4,0,4,38
04/02/2018,BKV,FL,ASO,ES,Federal Contract Tower,0,2,3,2,7,0,7,63,4,74,0,9,66,6,81,43,0,43,124
04/03/2018,BKV,FL,ASO,ES,Federal Contract Tower,0,0,9,0,9,0,2,85,7,94,0,2,94,7,103,91,4,95,198
04/04/2018,BKV,FL,ASO,ES,Federal Contract Tower,0,4,4,0,8,0,2,75,16,93,0,6,79,16,101,107,64,171,272
04/05/2018,BKV,FL,ASO,ES,Federal Contract Tower,0,2,12,0,14,0,5,93,15,113,0,7,105,15,127,156,124,280,407
04/06/2018,BKV,FL,ASO,ES,Federal Contract Tower,0,2,11,7,20,0,3,105,21,129,0,5,116,28,149,72,26,98,247
04/07/2018,BKV,FL,ASO,ES,Federal Contract Tower,0,1,12,0,13,0,0,31,0,31,0,1,43,0,44,71,0,71,115
04/08/2018,BKV,FL,ASO,ES,Federal Contract Tower,0,0,9,2,11,0,5,48,0,53,0,5,57,2,64,83,0,83,147
04/09/2018,BKV,FL,ASO,ES,Federal Contract Tower,0,3,9,8,20,0,5,13,2,20,0,8,22,10,40,18,36,54,94
04/10/2018,BKV,FL,ASO,ES,Federal Contract Tower,0,3,13,0,16,0,0,2,0,2,0,3,15,0,18,22,0,22,40
04/11/2018,BKV,FL,ASO,ES,Federal Contract Tower,0,1,13,0,14,0,3,90,10,103,0,4,103,10,117,78,27,105,222
04/12/2018,BKV,FL,ASO,ES,Federal Contract Tower,0,4,15,0,19,0,5,113,2,120,0,9,128,2,139,174,91,265,404
04/13/2018,BKV,FL,ASO,ES,Federal Contract Tower,0,0,10,0,10,0,0,80,9,89,0,0,90,9,99,81,28,109,208
04/14/2018,BKV,FL,ASO,ES,Federal Contract Tower,0,1,8,0,9,0,6,88,0,94,0,7,96,0,103,45,0,45,148
04/15/2018,BKV,FL,ASO,ES,Federal Contract Tower,0,1,10,0,11,0,0,2,0,2,0,1,12,0,13,0,0,0,13
04/16/2018,BKV,FL,ASO,ES,Federal Contract Tower,0,3,16,0,19,0,2,58,4,64,0,5,74,4,83,12,64,76,159
04/17/2018,BKV,FL,ASO,ES,Federal Contract Tower,0,6,6,4,16,0,2,93,10,105,0,8,99,14,121,95,46,141,262
04/18/2018,BKV,FL,ASO,ES,Federal Contract Tower,0,4,14,2,20,0,7,101,10,118,0,11,115,12,138,81,121,202,340
04/19/2018,BKV,FL,ASO,ES,Federal Contract Tower,0,4,14,0,18,0,7,88,12,107,0,11,102,12,125,158,80,238,363
04/20/2018,BKV,FL,ASO,ES,Federal Contract Tower,0,5,16,5,26,0,5,61,8,74,0,10,77,13,100,50,109,159,259
04/21/2018,BKV,FL,ASO,ES,Federal Contract Tower,0,2,9,0,11,0,6,37,17,60,0,8,46,17,71,12,83,95,166
04/22/2018,BKV,FL,ASO,ES,Federal Contract Tower,0,1,13,0,14,0,3,15,0,18,0,4,28,0,32,15,0,15,47
04/23/2018,BKV,FL,ASO,ES,Federal Contract Tower,0,1,9,12,22,0,0,8,9,17,0,1,17,21,39,12,80,92,131
04/24/2018,BKV,FL,ASO,ES,Federal Contract Tower,0,6,13,6,25,0,6,64,14,84,0,12,77,20,109,24,69,93,202
04/25/2018,BKV,FL,ASO,ES,Federal Contract Tower,0,4,10,0,14,0,4,45,7,56,0,8,55,7,70,67,98,165,235
04/26/2018,BKV,FL,ASO,ES,Federal Contract Tower,0,0,16,1,17,0,3,77,9,89,0,3,93,10,106,76,15,91,197
04/27/2018,BKV,FL,ASO,ES,Federal Contract Tower,0,1,11,0,12,0,3,56,1,60,0,4,67,1,72,68,25,93,165
04/28/2018,BKV,FL,ASO,ES,Federal Contract Tower,0,2,12,0,14,0,6,57,0,63,0,8,69,0,77,30,0,30,107
04/29/2018,BKV,FL,ASO,ES,Federal Contract Tower,0,0,7,0,7,0,8,74,0,82,0,8,81,0,89,98,0,98,187
04/30/2018,BKV,FL,ASO,ES,Federal Contract Tower,0,1,8,0,9,0,4,57,1,62,0,5,65,1,71,14,50,64,135
05/01/2018,BKV,FL,ASO,ES,Federal Contract Tower,0,4,3,2,9,0,1,74,1,76,0,5,77,3,85,91,8,99,184
05/02/2018,BKV,FL,ASO,ES,Federal Contract Tower,0,2,6,1,9,0,6,94,7,107,0,8,100,8,116,73,48,121,237
05/03/2018,BKV,FL,ASO,ES,Federal Contract Tower,0,0,15,0,15,0,2,124,6,132,0,2,139,6,147,72,8,80,227
05/04/2018,BKV,FL,ASO,ES,Federal Contract Tower,0,2,13,0,15,0,4,80,7,91,0,6,93,7,106,59,50,109,215
05/05/2018,BKV,FL,ASO,ES,Federal Contract Tower,0,3,4,0,7,0,5,56,2,63,0,8,60,2,70,52,0,52,122
05/06/2018,BKV,FL,ASO,ES,Federal Contract Tower,0,0,23,0,23,0,0,53,0,53,0,0,76,0,76,30,0,30,106
05/07/2018,BKV,FL,ASO,ES,Federal Contract Tower,0,2,8,0,10,0,2,68,4,74,0,4,76,4,84,121,53,174,258
05/08/2018,BKV,FL,ASO,ES,Federal Contract Tower,0,0,7,2,9,0,4,80,3,87,0,4,87,5,96,52,21,73,169
05/09/2018,BKV,FL,ASO,ES,Federal Contract Tower,0,6,12,0,18,0,6,96,9,111,0,12,108,9,129,124,18,142,271
05/10/2018,BKV,FL,ASO,ES,Federal Contract Tower,0,0,7,1,8,0,7,101,7,115,0,7,108,8,123,110,34,144,267
05/11/2018,BKV,FL,ASO,ES,Federal Contract Tower,0,2,9,0,11,0,3,64,5,72,0,5,73,5,83,64,70,134,217
05/12/2018,BKV,FL,ASO,ES,Federal Contract Tower,0,2,9,0,11,0,4,60,0,64,0,6,69,0,75,77,0,77,152
05/13/2018,BKV,FL,ASO,ES,Federal Contract Tower,0,5,3,0,8,0,7,41,0,48,0,12,44,0,56,116,0,116,172
05/14/2018,BKV,FL,ASO,ES,Federal Contract Tower,0,1,25,1,27,0,0,2,2,4,0,1,27,3,31,0,44,44,75
05/15/2018,BKV,FL,ASO,ES,Federal Contract Tower,0,0,9,0,9,0,4,18,3,25,0,4,27,3,34,23,96,119,153
05/16/2018,BKV,FL,ASO,ES,Federal Contract Tower,0,1,6,2,9,0,3,15,15,33,0,4,21,17,42,9,105,114,156
05/17/2018,BKV,FL,ASO,ES,Federal Contract Tower,0,1,6,0,7,0,2,5,0,7,0,3,11,0,14,6,0,6,20
05/18/2018,BKV,FL,ASO,ES,Federal Contract Tower,0,4,12,0,16,0,2,45,5,52,0,6,57,5,68,53,9,62,130
05/19/2018,BKV,FL,ASO,ES,Federal Contract Tower,0,0,20,0,20,0,0,35,0,35,0,0,55,0,55,16,0,16,71
05/20/2018,BKV,FL,ASO,ES,Federal Contract Tower,0,3,10,0,13,0,0,2,1,3,0,3,12,1,16,0,16,16,32
05/21/2018,BKV,FL,ASO,ES,Federal Contract Tower,0,4,3,6,13,0,3,25,7,35,0,7,28,13,48,41,2,43,91
05/22/2018,BKV,FL,ASO,ES,Federal Contract Tower,0,1,13,1,15,0,4,24,5,33,0,5,37,6,48,39,3,42,90
05/23/2018,BKV,FL,ASO,ES,Federal Contract Tower,0,1,8,2,11,0,2,84,32,118,0,3,92,34,129,123,39,162,291
05/24/2018,BKV,FL,ASO,ES,Federal Contract Tower,0,0,11,0,11,0,4,43,8,55,0,4,54,8,66,93,10,103,169
05/25/2018,BKV,FL,ASO,ES,Federal Contract Tower,0,0,13,0,13,0,4,51,0,55,0,4,64,0,68,154,0,154,222
05/26/2018,BKV,FL,ASO,ES,Federal Contract Tower,0,7,5,0,12,0,0,15,0,15,0,7,20,0,27,27,0,27,54
05/27/2018,BKV,FL,ASO,ES,Federal Contract Tower,0,0,0,0,0,0,0,4,0,4,0,0,4,0,4,2,0,2,6
05/28/2018,BKV,FL,ASO,ES,Federal Contract Tower,0,0,17,0,17,0,2,18,0,20,0,2,35,0,37,0,0,0,37
05/29/2018,BKV,FL,ASO,ES,Federal Contract Tower,0,1,16,9,26,0,2,30,18,50,0,3,46,27,76,69,12,81,157
05/30/2018,BKV,FL,ASO,ES,Federal Contract Tower,0,0,1,0,1,0,0,9,0,9,0,0,10,0,10,8,27,35,45
05/31/2018,BKV,FL,ASO,ES,Federal Contract Tower,0,1,2,1,4,0,1,28,18,47,0,2,30,19,51,52,96,148,199
06/01/2018,BKV,FL,ASO,ES,Federal Contract Tower,0,0,8,3,11,0,0,74,4,78,0,0,82,7,89,99,16,115,204
06/02/2018,BKV,FL,ASO,ES,Federal Contract Tower,0,0,21,2,23,0,2,48,4,54,0,2,69,6,77,178,16,194,271
06/03/2018,BKV,FL,ASO,ES,Federal Contract Tower,0,0,19,2,21,0,1,38,2,41,0,1,57,4,62,25,0,25,87
06/04/2018,BKV,FL,ASO,ES,Federal Contract Tower,0,5,2,0,7,0,3,36,0,39,0,8,38,0,46,216,16,232,278
06/05/2018,BKV,FL,ASO,ES,Federal Contract Tower,0,1,17,2,20,0,1,74,8,83,0,2,91,10,103,155,24,179,282
06/06/2018,BKV,FL,ASO,ES,Federal Contract Tower,0,0,10,2,12,0,0,18,8,26,0,0,28,10,38,4,57,61,99
06/07/2018,BKV,FL,ASO,ES,Federal Contract Tower,0,1,4,0,5,0,1,57,7,65,0,2,61,7,70,80,26,106,176
06/08/2018,BKV,FL,ASO,ES,Federal Contract Tower,0,0,2,0,2,0,3,52,0,55,0,3,54,0,57,64,0,64,121
06/09/2018,BKV,FL,ASO,ES,Federal Contract Tower,0,1,9,0,10,0,4,110,0,114,0,5,119,0,124,198,0,198,322
06/10/2018,BKV,FL,ASO,ES,Federal Contract Tower,0,4,6,0,10,0,3,51,0,54,0,7,57,0,64,61,0,61,125
06/11/2018,BKV,FL,ASO,ES,Federal Contract Tower,0,0,7,1,8,0,3,62,2,67,0,3,69,3,75,106,8,114,189
06/12/2018,BKV,FL,ASO,ES,Federal Contract Tower,0,0,4,0,4,0,3,55,5,63,0,3,59,5,67,65,6,71,138
06/13/2018,BKV,FL,ASO,ES,Federal Contract Tower,0,0,10,0,10,0,5,70,8,83,0,5,80,8,93,78,61,139,232
06/14/2018,BKV,FL,ASO,ES,Federal Contract Tower,0,2,7,1,10,0,4,80,13,97,0,6,87,14,107,50,19,69,176
06/15/2018,BKV,FL,ASO,ES,Federal Contract Tower,0,2,6,0,8,0,4,92,0,96,0,6,98,0,104,217,0,217,321
06/16/2018,BKV,FL,ASO,ES,Federal Contract Tower,0,0,9,0,9,0,1,82,0,83,0,1,91,0,92,150,0,150,242
06/17/2018,BKV,FL,ASO,ES,Federal Contract Tower,0,1,8,0,9,0,5,57,0,62,0,6,65,0,71,69,0,69,140
06/18/2018,BKV,FL,ASO,ES,Federal Contract Tower,0,2,7,4,13,0,2,49,1,52,0,4,56,5,65,100,56,156,221
06/19/2018,BKV,FL,ASO,ES,Federal Contract Tower,0,1,8,1,10,0,5,99,4,108,0,6,107,5,118,75,59,134,252
06/20/2018,BKV,FL,ASO,ES,Federal Contract Tower,0,1,6,0,7,0,4,49,21,74,0,5,55,21,81,32,82,114,195
06/21/2018,BKV,FL,ASO,ES,Federal Contract Tower,0,2,13,1,16,0,5,28,16,49,0,7,41,17,65,42,108,150,215
06/22/2018,BKV,FL,ASO,ES,Federal Contract Tower,0,2,3,2,7,0,2,80,6,88,0,4,83,8,95,72,2,74,169
06/23/2018,BKV,FL,ASO,ES,Federal Contract Tower,0,0,14,0,14,0,1,101,0,102,0,1,115,0,116,128,0,128,244
06/24/2018,BKV,FL,ASO,ES,Federal Contract Tower,0,0,17,0,17,0,0,44,0,44,0,0,61,0,61,35,0,35,96
06/25/2018,BKV,FL,ASO,ES,Federal Contract Tower,0,3,12,0,15,0,2,64,1,67,0,5,76,1,82,101,6,107,189
06/26/2018,BKV,FL,ASO,ES,Federal Contract Tower,0,1,9,1,11,0,3,77,4,84,0,4,86,5,95,117,47,164,259
06/27/2018,BKV,FL,ASO,ES,Federal Contract Tower,0,2,4,2,8,0,2,82,12,96,0,4,86,14,104,84,51,135,239
06/28/2018,BKV,FL,ASO,ES,Federal Contract Tower,0,2,13,0,15,0,6,80,0,86,0,8,93,0,101,43,50,93,194
06/29/2018,BKV,FL,ASO,ES,Federal Contract Tower,0,0,8,0,8,0,2,54,0,56,0,2,62,0,64,49,0,49,113
06/30/2018,BKV,FL,ASO,ES,Federal Contract Tower,0,1,3,0,4,0,0,35,0,35,0,1,38,0,39,21,0,21,60
07/01/2018,BKV,FL,ASO,ES,Federal Contract Tower,0,1,8,0,9,0,2,49,0,51,0,3,57,0,60,100,0,100,160
07/02/2018,BKV,FL,ASO,ES,Federal Contract Tower,0,4,7,1,12,0,3,80,0,83,0,7,87,1,95,161,2,163,258
07/03/2018,BKV,FL,ASO,ES,Federal Contract Tower,0,4,9,0,13,0,1,79,2,82,0,5,88,2,95,112,10,122,217
07/04/2018,BKV,FL,ASO,ES,Federal Contract Tower,0,1,3,0,4,0,4,40,0,44,0,5,43,0,48,94,0,94,142
07/05/2018,BKV,FL,ASO,ES,Federal Contract Tower,0,1,4,0,5,0,2,67,1,70,0,3,71,1,75,82,7,89,164
07/06/2018,BKV,FL,ASO,ES,Federal Contract Tower,0,1,8,0,9,0,1,64,5,70,0,2,72,5,79,162,68,230,309
07/07/2018,BKV,FL,ASO,ES,Federal Contract Tower,0,1,9,0,10,0,10,74,0,84,0,11,83,0,94,98,0,98,192
07/08/2018,BKV,FL,ASO,ES,Federal Contract Tower,0,0,12,0,12,0,0,74,0,74,0,0,86,0,86,77,0,77,163
07/09/2018,BKV,FL,ASO,ES,Federal Contract Tower,0,2,10,2,14,0,5,48,1,54,0,7,58,3,68,99,44,143,211
07/10/2018,BKV,FL,ASO,ES,Federal Contract Tower,0,0,5,0,5,0,1,84,2,87,0,1,89,2,92,48,105,153,245
07/11/2018,BKV,FL,ASO,ES,Federal Contract Tower,0,1,4,2,7,0,6,59,27,92,0,7,63,29,99,57,90,147,246
07/12/2018,BKV,FL,ASO,ES,Federal Contract Tower,0,1,13,6,20,0,1,53,7,61,0,2,66,13,81,112,86,198,279
07/13/2018,BKV,FL,ASO,ES,Federal Contract Tower,0,1,7,1,9,0,0,70,27,97,0,1,77,28,106,57,35,92,198
07/14/2018,BKV,FL,ASO,ES,Federal Contract Tower,0,1,10,0,11,0,0,82,8,90,0,1,92,8,101,32,42,74,175
07/15/2018,BKV,FL,ASO,ES,Federal Contract Tower,0,0,16,0,16,0,3,49,0,52,0,3,65,0,68,41,0,41,109
07/16/2018,BKV,FL,ASO,ES,Federal Contract Tower,0,0,5,0,5,0,3,68,2,73,0,3,73,2,78,126,8,134,212
07/17/2018,BKV,FL,ASO,ES,Federal Contract Tower,0,0,4,4,8,0,0,36,5,41,0,0,40,9,49,58,64,122,171
07/18/2018,BKV,FL,ASO,ES,Federal Contract Tower,0,2,10,2,14,0,0,24,6,30,0,2,34,8,44,14,39,53,97
07/19/2018,BKV,FL,ASO,ES,Federal Contract Tower,0,1,7,10,18,0,7,34,11,52,0,8,41,21,70,26,78,104,174
07/20/2018,BKV,FL,ASO,ES,Federal Contract Tower,0,3,6,0,9,0,0,16,0,16,0,3,22,0,25,18,0,18,43
07/21/2018,BKV,FL,ASO,ES,Federal Contract Tower,0,0,6,2,8,0,7,34,0,41,0,7,40,2,49,52,7,59,108
07/22/2018,BKV,FL,ASO,ES,Federal Contract Tower,0,0,5,0,5,0,0,0,0,0,0,0,5,0,5,22,0,22,27
07/23/2018,BKV,FL,ASO,ES,Federal Contract Tower,0,0,3,3,6,0,1,50,7,58,0,1,53,10,64,70,40,110,174
07/24/2018,BKV,FL,ASO,ES,Federal Contract Tower,0,1,10,3,14,0,4,55,15,74,0,5,65,18,88,84,97,181,269
07/25/2018,BKV,FL,ASO,ES,Federal Contract Tower,0,3,5,0,8,0,3,62,15,80,0,6,67,15,88,43,97,140,228
07/26/2018,BKV,FL,ASO,ES,Federal Contract Tower,0,4,8,2,14,0,2,22,10,34,0,6,30,12,48,37,35,72,120
07/27/2018,BKV,FL,ASO,ES,Federal Contract Tower,0,0,14,1,15,0,4,76,29,109,0,4,90,30,124,100,8,108,232
07/28/2018,BKV,FL,ASO,ES,Federal Contract Tower,0,2,15,0,17,0,2,72,0,74,0,4,87,0,91,73,0,73,164
07/29/2018,BKV,FL,ASO,ES,Federal Contract Tower,0,1,5,0,6,0,3,60,0,63,0,4,65,0,69,55,0,55,124
07/30/2018,BKV,FL,ASO,ES,Federal Contract Tower,0,3,7,0,10,0,3,49,2,54,0,6,56,2,64,168,0,168,232
07/31/2018,BKV,FL,ASO,ES,Federal Contract Tower,0,1,2,0,3,0,2,42,5,49,0,3,44,5,52,162,9,171,223
08/01/2018,BKV,FL,ASO,ES,Federal Contract Tower,0,1,5,0,6,0,5,67,7,79,0,6,72,7,85,251,60,311,396
08/02/2018,BKV,FL,ASO,ES,Federal Contract Tower,0,1,18,0,19,0,3,56,8,67,0,4,74,8,86,166,88,254,340
08/03/2018,BKV,FL,ASO,ES,Federal Contract Tower,0,3,9,4,16,0,0,55,0,55,0,3,64,4,71,167,48,215,286
08/04/2018,BKV,FL,ASO,ES,Federal Contract Tower,0,0,8,6,14,0,0,84,7,91,0,0,92,13,105,152,38,190,295
08/05/2018,BKV,FL,ASO,ES,Federal Contract Tower,0,1,9,0,10,0,4,59,2,65,0,5,68,2,75,58,11,69,144
08/06/2018,BKV,FL,ASO,ES,Federal Contract Tower,0,1,8,2,11,0,7,62,1,70,0,8,70,3,81,134,28,162,243
08/07/2018,BKV,FL,ASO,ES,Federal Contract Tower,0,1,0,1,2,0,0,50,0,50,0,1,50,1,52,169,6,175,227
08/08/2018,BKV,FL,ASO,ES,Federal Contract Tower,0,3,12,3,18,0,3,66,21,90,0,6,78,24,108,161,84,245,353
08/09/2018,BKV,FL,ASO,ES,Federal Contract Tower,0,1,13,0,14,0,0,87,10,97,0,1,100,10,111,148,42,190,301
08/10/2018,BKV,FL,ASO,ES,Federal Contract Tower,0,0,13,0,13,0,0,43,14,57,0,0,56,14,70,118,30,148,218
08/11/2018,BKV,FL,ASO,ES,Federal Contract Tower,0,0,9,0,9,0,1,31,0,32,0,1,40,0,41,24,0,24,65
08/12/2018,BKV,FL,ASO,ES,Federal Contract Tower,0,0,5,0,5,0,2,37,0,39,0,2,42,0,44,42,0,42,86
08/13/2018,BKV,FL,ASO,ES,Federal Contract Tower,0,1,9,8,18,0,0,39,4,43,0,1,48,12,61,71,16,87,148
08/14/2018,BKV,FL,ASO,ES,Federal Contract Tower,0,1,7,0,8,0,2,53,3,58,0,3,60,3,66,149,48,197,263
08/15/2018,BKV,FL,ASO,ES,Federal Contract Tower,0,2,7,2,11,0,2,106,11,119,0,4,113,13,130,205,47,252,382
08/16/2018,BKV,FL,ASO,ES,Federal Contract Tower,0,1,16,8,25,0,1,67,11,79,0,2,83,19,104,50,26,76,180
08/17/2018,BKV,FL,ASO,ES,Federal Contract Tower,0,1,15,1,17,0,0,80,5,85,0,1,95,6,102,98,20,118,220
08/18/2018,BKV,FL,ASO,ES,Federal Contract Tower,0,2,10,0,12,0,4,112,0,116,0,6,122,0,128,96,0,96,224
08/19/2018,BKV,FL,ASO,ES,Federal Contract Tower,0,0,8,0,8,0,5,48,0,53,0,5,56,0,61,86,0,86,147
08/20/2018,BKV,FL,ASO,ES,Federal Contract Tower,0,3,8,0,11,0,1,48,2,51,0,4,56,2,62,49,24,73,135
08/21/2018,BKV,FL,ASO,ES,Federal Contract Tower,0,1,12,0,13,0,3,72,2,77,0,4,84,2,90,78,0,78,168
08/22/2018,BKV,FL,ASO,ES,Federal Contract Tower,0,6,7,0,13,0,4,59,14,77,0,10,66,14,90,67,29,96,186
08/23/2018,BKV,FL,ASO,ES,Federal Contract Tower,0,3,6,0,9,0,0,79,19,98,0,3,85,19,107,171,66,237,344
08/24/2018,BKV,FL,ASO,ES,Federal Contract Tower,0,1,4,0,5,0,7,73,22,102,0,8,77,22,107,85,8,93,200
08/25/2018,BKV,FL,ASO,ES,Federal Contract Tower,0,2,14,0,16,0,2,61,0,63,0,4,75,0,79,109,0,109,188
08/26/2018,BKV,FL,ASO,ES,Federal Contract Tower,0,2,7,0,9,0,3,70,0,73,0,5,77,0,82,61,0,61,143
08/27/2018,BKV,FL,ASO,ES,Federal Contract Tower,0,0,3,0,3,0,0,95,10,105,0,0,98,10,108,84,78,162,270
08/28/2018,BKV,FL,ASO,ES,Federal Contract Tower,0,2,16,1,19,0,0,51,5,56,0,2,67,6,75,51,19,70,145
08/29/2018,BKV,FL,ASO,ES,Federal Contract Tower,0,2,13,3,18,0,0,56,2,58,0,2,69,5,76,56,10,66,142
08/30/2018,BKV,FL,ASO,ES,Federal Contract Tower,0,0,11,0,11,0,6,64,15,85,0,6,75,15,96,234,103,337,433
08/31/2018,BKV,FL,ASO,ES,Federal Contract Tower,0,0,6,0,6,0,1,60,5,66,0,1,66,5,72,25,30,55,127
09/01/2018,BKV,FL,ASO,ES,Federal Contract Tower,0,1,7,0,8,0,0,69,0,69,0,1,76,0,77,83,0,83,160
09/02/2018,BKV,FL,ASO,ES,Federal Contract Tower,0,0,11,0,11,0,1,36,0,37,0,1,47,0,48,80,0,80,128
09/03/2018,BKV,FL,ASO,ES,Federal Contract Tower,0,0,12,0,12,0,1,37,0,38,0,1,49,0,50,80,0,80,130
09/04/2018,BKV,FL,ASO,ES,Federal Contract Tower,0,1,8,0,9,0,4,64,4,72,0,5,72,4,81,24,75,99,180
09/05/2018,BKV,FL,ASO,ES,Federal Contract Tower,0,4,4,0,8,0,4,72,30,106,0,8,76,30,114,121,126,247,361
09/06/2018,BKV,FL,ASO,ES,Federal Contract Tower,0,0,10,3,13,0,5,74,17,96,0,5,84,20,109,21,143,164,273
09/07/2018,BKV,FL,ASO,ES,Federal Contract Tower,0,0,5,0,5,0,4,76,25,105,0,4,81,25,110,53,16,69,179
09/08/2018,BKV,FL,ASO,ES,Federal Contract Tower,0,2,5,0,7,0,2,86,0,88,0,4,91,0,95,68,0,68,163
09/09/2018,BKV,FL,ASO,ES,Federal Contract Tower,0,0,10,0,10,0,1,60,0,61,0,1,70,0,71,31,0,31,102
09/10/2018,BKV,FL,ASO,ES,Federal Contract Tower,0,2,7,0,9,0,6,49,15,70,0,8,56,15,79,89,16,105,184
09/11/2018,BKV,FL,ASO,ES,Federal Contract Tower,0,3,2,0,5,0,4,93,6,103,0,7,95,6,108,63,13,76,184
09/12/2018,BKV,FL,ASO,ES,Federal Contract Tower,0,4,4,1,9,0,2,59,5,66,0,6,63,6,75,153,18,171,246
09/13/2018,BKV,FL,ASO,ES,Federal Contract Tower,0,0,10,0,10,0,2,58,6,66,0,2,68,6,76,26,18,44,120
09/14/2018,BKV,FL,ASO,ES,Federal Contract Tower,0,0,5,2,7,0,0,77,1,78,0,0,82,3,85,82,0,82,167
09/15/2018,BKV,FL,ASO,ES,Federal Contract Tower,0,0,15,0,15,0,4,83,1,88,0,4,98,1,103,45,0,45,148
09/16/2018,BKV,FL,ASO,ES,Federal Contract Tower,0,0,8,0,8,0,5,48,0,53,0,5,56,0,61,22,0,22,83
09/17/2018,BKV,FL,ASO,ES,Federal Contract Tower,0,0,7,0,7,0,1,57,1,59,0,1,64,1,66,59,28,87,153
09/18/2018,BKV,FL,ASO,ES,Federal Contract Tower,0,1,20,2,23,0,4,68,6,78,0,5,88,8,101,43,33,76,177
09/19/2018,BKV,FL,ASO,ES,Federal Contract Tower,0,4,20,1,25,0,1,91,33,125,0,5,111,34,150,50,56,106,256
09/20/2018,BKV,FL,ASO,ES,Federal Contract Tower,0,0,1,0,1,0,7,80,23,110,0,7,81,23,111,63,46,109,220
09/21/2018,BKV,FL,ASO,ES,Federal Contract Tower,0,2,17,0,19,0,8,78,15,101,0,10,95,15,120,115,1,116,236
09/22/2018,BKV,FL,ASO,ES,Federal Contract Tower,0,4,12,0,16,0,2,120,0,122,0,6,132,0,138,105,0,105,243
09/23/2018,BKV,FL,ASO,ES,Federal Contract Tower,0,1,6,0,7,0,1,53,0,54,0,2,59,0,61,24,0,24,85
09/24/2018,BKV,FL,ASO,ES,Federal Contract Tower,0,0,3,2,5,0,4,57,0,61,0,4,60,2,66,48,17,65,131
09/25/2018,BKV,FL,ASO,ES,Federal Contract Tower,0,0,6,0,6,0,4,90,2,96,0,4,96,2,102,129,0,129,231
09/26/2018,BKV,FL,ASO,ES,Federal Contract Tower,0,4,9,0,13,0,2,86,6,94,0,6,95,6,107,80,77,157,264
09/27/2018,BKV,FL,ASO,ES,Federal Contract Tower,0,0,3,0,3,0,5,99,13,117,0,5,102,13,120,87,68,155,275
09/28/2018,BKV,FL,ASO,ES,Federal Contract Tower,0,1,7,0,8,0,4,58,10,72,0,5,65,10,80,135,26,161,241
09/29/2018,BKV,FL,ASO,ES,Federal Contract Tower,0,0,2,0,2,0,4,80,2,86,0,4,82,2,88,53,0,53,141
09/30/2018,BKV,FL,ASO,ES,Federal Contract Tower,0,1,4,0,5,0,4,74,0,78,0,5,78,0,83,43,0,43,126
10/01/2018,BKV,FL,ASO,ES,Federal Contract Tower,0,0,7,2,9,0,4,48,0,52,0,4,55,2,61,84,18,102,163
10/02/2018,BKV,FL,ASO,ES,Federal Contract Tower,0,0,2,0,2,0,2,74,1,77,0,2,76,1,79,134,2,136,215
10/03/2018,BKV,FL,ASO,ES,Federal Contract Tower,0,1,11,18,30,0,1,111,13,125,0,2,122,31,155,91,29,120,275
10/04/2018,BKV,FL,ASO,ES,Federal Contract Tower,0,2,13,1,16,0,1,111,1,113,0,3,124,2,129,134,4,138,267
10/05/2018,BKV,FL,ASO,ES,Federal Contract Tower,0,3,10,1,14,0,0,69,3,72,0,3,79,4,86,50,58,108,194
10/06/2018,BKV,FL,ASO,ES,Federal Contract Tower,0,0,5,0,5,0,3,93,1,97,0,3,98,1,102,96,0,96,198
10/07/2018,BKV,FL,ASO,ES,Federal Contract Tower,0,0,8,0,8,0,0,61,0,61,0,0,69,0,69,83,0,83,152
10/08/2018,BKV,FL,ASO,ES,Federal Contract Tower,0,4,15,0,19,0,5,36,0,41,0,9,51,0,60,79,0,79,139
10/09/2018,BKV,FL,ASO,ES,Federal Contract Tower,0,2,15,0,17,0,5,18,5,28,0,7,33,5,45,48,18,66,111
10/10/2018,BKV,FL,ASO,ES,Federal Contract Tower,0,0,3,0,3,0,0,0,8,8,0,0,3,8,11,0,14,14,25
10/11/2018,BKV,FL,ASO,ES,Federal Contract Tower,0,3,16,0,19,0,2,41,2,45,0,5,57,2,64,106,0,106,170
10/12/2018,BKV,FL,ASO,ES,Federal Contract Tower,0,2,7,0,9,0,0,71,2,73,0,2,78,2,82,49,0,49,131
10/13/2018,BKV,FL,ASO,ES,Federal Contract Tower,0,3,11,0,14,0,7,95,5,107,0,10,106,5,121,80,0,80,201
10/14/2018,BKV,FL,ASO,ES,Federal Contract Tower,0,1,6,0,7,0,0,49,0,49,0,1,55,0,56,30,0,30,86
10/15/2018,BKV,FL,ASO,ES,Federal Contract Tower,0,1,7,5,13,0,3,53,1,57,0,4,60,6,70,85,35,120,190
10/16/2018,BKV,FL,ASO,ES,Federal Contract Tower,0,3,13,2,18,0,2,71,5,78,0,5,84,7,96,132,2,134,230
10/17/2018,BKV,FL,ASO,ES,Federal Contract Tower,0,5,6,0,11,0,1,68,8,77,0,6,74,8,88,102,9,111,199
10/18/2018,BKV,FL,ASO,ES,Federal Contract Tower,1,2,16,0,19,3,72,1,0,76,4,74,17,0,95,82,44,126,221
10/19/2018,BKV,FL,ASO,ES,Federal Contract Tower,0,1,17,0,18,0,4,65,0,69,0,5,82,0,87,96,17,113,200
10/20/2018,BKV,FL,ASO,ES,Federal Contract Tower,0,2,1,1,4,0,5,80,1,86,0,7,81,2,90,110,6,116,206
10/21/2018,BKV,FL,ASO,ES,Federal Contract Tower,0,0,15,0,15,0,4,49,0,53,0,4,64,0,68,67,0,67,135
10/22/2018,BKV,FL,ASO,ES,Federal Contract Tower,0,0,5,5,10,0,1,62,2,65,0,1,67,7,75,118,4,122,197
10/23/2018,BKV,FL,ASO,ES,Federal Contract Tower,0,2,9,8,19,0,5,73,4,82,0,7,82,12,101,120,32,152,253
10/24/2018,BKV,FL,ASO,ES,Federal Contract Tower,0,2,20,2,24,0,4,71,2,77,0,6,91,4,101,140,10,150,251
10/25/2018,BKV,FL,ASO,ES,Federal Contract Tower,0,1,7,0,8,0,4,64,18,86,0,5,71,18,94,128,46,174,268
10/26/2018,BKV,FL,ASO,ES,Federal Contract Tower,0,1,9,0,10,0,1,7,6,14,0,2,16,6,24,54,0,54,78
10/27/2018,BKV,FL,ASO,ES,Federal Contract Tower,0,0,7,1,8,0,1,72,5,78,0,1,79,6,86,96,4,100,186
10/28/2018,BKV,FL,ASO,ES,Federal Contract Tower,0,0,7,0,7,0,3,51,6,60,0,3,58,6,67,47,21,68,135
10/29/2018,BKV,FL,ASO,ES,Federal Contract Tower,0,2,5,3,10,0,0,79,1,80,0,2,84,4,90,168,0,168,258
10/30/2018,BKV,FL,ASO,ES,Federal Contract Tower,0,2,13,3,18,0,0,92,25,117,0,2,105,28,135,159,26,185,320
10/31/2018,BKV,FL,ASO,ES,Federal Contract Tower,0,1,5,0,6,0,1,97,12,110,0,2,102,12,116,153,0,153,269
11/01/2018,BKV,FL,ASO,ES,Federal Contract Tower,0,0,10,0,10,0,0,83,0,83,0,0,93,0,93,58,0,58,151
11/02/2018,BKV,FL,ASO,ES,Federal Contract Tower,0,0,6,0,6,0,1,12,4,17,0,1,18,4,23,3,17,20,43
11/03/2018,BKV,FL,ASO,ES,Federal Contract Tower,0,1,11,0,12,0,3,71,0,74,0,4,82,0,86,119,0,119,205
11/04/2018,BKV,FL,ASO,ES,Federal Contract Tower,0,0,8,0,8,0,2,52,0,54,0,2,60,0,62,108,0,108,170
11/05/2018,BKV,FL,ASO,ES,Federal Contract Tower,0,0,13,4,17,0,6,107,2,115,0,6,120,6,132,87,23,110,242
11/06/2018,BKV,FL,ASO,ES,Federal Contract Tower,0,1,5,0,6,0,4,109,4,117,0,5,114,4,123,135,2,137,260
11/07/2018,BKV,FL,ASO,ES,Federal Contract Tower,0,2,5,3,10,0,9,101,10,120,0,11,106,13,130,102,76,178,308
11/08/2018,BKV,FL,ASO,ES,Federal Contract Tower,0,4,20,6,30,0,2,84,9,95,0,6,104,15,125,141,66,207,332
11/09/2018,BKV,FL,ASO,ES,Federal Contract Tower,0,4,11,0,15,0,0,71,2,73,0,4,82,2,88,141,17,158,246
11/10/2018,BKV,FL,ASO,ES,Federal Contract Tower,0,3,14,0,17,0,7,44,0,51,0,10,58,0,68,91,0,91,159
11/11/2018,BKV,FL,ASO,ES,Federal Contract Tower,0,3,8,0,11,0,4,96,0,100,0,7,104,0,111,65,2,67,178
11/12/2018,BKV,FL,ASO,ES,Federal Contract Tower,0,0,8,0,8,0,2,88,0,90,0,2,96,0,98,128,0,128,226
11/13/2018,BKV,FL,ASO,ES,Federal Contract Tower,0,2,14,1,17,0,2,51,3,56,0,4,65,4,73,168,18,186,259
11/14/2018,BKV,FL,ASO,ES,Federal Contract Tower,0,3,16,3,22,0,2,47,6,55,0,5,63,9,77,114,111,225,302
11/15/2018,BKV,FL,ASO,ES,Federal Contract Tower,0,3,13,17,33,0,1,50,6,57,0,4,63,23,90,71,56,127,217
11/16/2018,BKV,FL,ASO,ES,Federal Contract Tower,0,2,14,0,16,0,3,90,2,95,0,5,104,2,111,198,0,198,309
11/17/2018,BKV,FL,ASO,ES,Federal Contract Tower,0,1,10,2,13,0,2,77,0,79,0,3,87,2,92,131,0,131,223
11/18/2018,BKV,FL,ASO,ES,Federal Contract Tower,0,0,7,0,7,0,2,55,0,57,0,2,62,0,64,63,0,63,127
11/19/2018,BKV,FL,ASO,ES,Federal Contract Tower,0,0,6,0,6,0,1,91,6,98,0,1,97,6,104,161,36,197,301
11/20/2018,BKV,FL,ASO,ES,Federal Contract Tower,0,2,7,6,15,0,10,85,6,101,0,12,92,12,116,114,62,176,292
11/21/2018,BKV,FL,ASO,ES,Federal Contract Tower,0,0,8,0,8,0,7,131,0,138,0,7,139,0,146,179,0,179,325
11/22/2018,BKV,FL,ASO,ES,Federal Contract Tower,0,2,3,0,5,0,8,22,0,30,0,10,25,0,35,46,0,46,81
11/23/2018,BKV,FL,ASO,ES,Federal Contract Tower,0,1,9,0,10,0,6,100,0,106,0,7,109,0,116,132,0,132,248
11/24/2018,BKV,FL,ASO,ES,Federal Contract Tower,0,3,11,0,14,0,3,50,0,53,0,6,61,0,67,53,0,53,120
11/25/2018,BKV,FL,ASO,ES,Federal Contract Tower,0,0,9,0,9,0,0,80,0,80,0,0,89,0,89,67,0,67,156
11/26/2018,BKV,FL,ASO,ES,Federal Contract Tower,0,0,19,0,19,0,2,8,5,15,0,2,27,5,34,5,27,32,66
11/27/2018,BKV,FL,ASO,ES,Federal Contract Tower,0,3,10,4,17,0,1,67,3,71,0,4,77,7,88,88,22,110,198
11/28/2018,BKV,FL,ASO,ES,Federal Contract Tower,0,1,8,0,9,0,14,127,37,178,0,15,135,37,187,218,35,253,440
11/29/2018,BKV,FL,ASO,ES,Federal Contract Tower,0,1,17,1,19,0,2,104,17,123,0,3,121,18,142,210,111,321,463
11/30/2018,BKV,FL,ASO,ES,Federal Contract Tower,0,1,12,7,20,0,3,131,1,135,0,4,143,8,155,187,0,187,342
12/01/2018,BKV,FL,ASO,ES,Federal Contract Tower,0,1,13,0,14,0,1,28,0,29,0,2,41,0,43,52,0,52,95
12/02/2018,BKV,FL,ASO,ES,Federal Contract Tower,0,0,19,0,19,0,6,21,0,27,0,6,40,0,46,41,0,41,87
12/03/2018,BKV,FL,ASO,ES,Federal Contract Tower,0,0,6,0,6,0,0,12,2,14,0,0,18,2,20,45,41,86,106
12/04/2018,BKV,FL,ASO,ES,Federal Contract Tower,0,2,10,0,12,0,2,56,5,63,0,4,66,5,75,113,8,121,196
12/05/2018,BKV,FL,ASO,ES,Federal Contract Tower,0,2,11,0,13,0,5,124,4,133,0,7,135,4,146,145,2,147,293
12/06/2018,BKV,FL,ASO,ES,Federal Contract Tower,0,2,12,1,15,0,5,114,53,172,0,7,126,54,187,76,32,108,295
12/07/2018,BKV,FL,ASO,ES,Federal Contract Tower,0,1,3,2,6,0,3,105,9,117,0,4,108,11,123,137,33,170,293
12/08/2018,BKV,FL,ASO,ES,Federal Contract Tower,0,6,6,0,12,0,3,152,0,155,0,9,158,0,167,108,0,108,275
12/09/2018,BKV,FL,ASO,ES,Federal Contract Tower,0,0,1,0,1,0,1,10,0,11,0,1,11,0,12,14,0,14,26
12/10/2018,BKV,FL,ASO,ES,Federal Contract Tower,0,0,5,0,5,0,4,31,10,45,0,4,36,10,50,218,72,290,340
12/11/2018,BKV,FL,ASO,ES,Federal Contract Tower,0,0,9,4,13,0,2,81,10,93,0,2,90,14,106,196,30,226,332
12/12/2018,BKV,FL,ASO,ES,Federal Contract Tower,0,1,16,4,21,0,4,183,2,189,0,5,199,6,210,245,16,261,471
12/13/2018,BKV,FL,ASO,ES,Federal Contract Tower,0,3,10,0,13,0,7,98,20,125,0,10,108,20,138,198,33,231,369
12/14/2018,BKV,FL,ASO,ES,Federal Contract Tower,0,0,2,0,2,0,0,3,0,3,0,0,5,0,5,0,0,0,5
12/15/2018,BKV,FL,ASO,ES,Federal Contract Tower,0,2,11,0,13,0,2,14,0,16,0,4,25,0,29,31,0,31,60
12/16/2018,BKV,FL,ASO,ES,Federal Contract Tower,0,0,7,0,7,0,4,59,0,63,0,4,66,0,70,146,0,146,216
12/17/2018,BKV,FL,ASO,ES,Federal Contract Tower,0,2,14,1,17,0,0,57,3,60,0,2,71,4,77,211,38,249,326
12/18/2018,BKV,FL,ASO,ES,Federal Contract Tower,0,1,6,0,7,0,0,87,3,90,0,1,93,3,97,238,0,238,335
12/19/2018,BKV,FL,ASO,ES,Federal Contract Tower,0,3,11,4,18,0,6,62,2,70,0,9,73,6,88,127,46,173,261
12/20/2018,BKV,FL,ASO,ES,Federal Contract Tower,0,1,2,0,3,0,2,7,0,9,0,3,9,0,12,15,0,15,27
12/21/2018,BKV,FL,ASO,ES,Federal Contract Tower,0,1,4,0,5,0,2,7,0,9,0,3,11,0,14,0,0,0,14
12/22/2018,BKV,FL,ASO,ES,Federal Contract Tower,0,2,10,0,12,0,1,54,0,55,0,3,64,0,67,68,0,68,135
12/23/2018,BKV,FL,ASO,ES,Federal Contract Tower,0,0,4,0,4,0,4,73,0,77,0,4,77,0,81,120,0,120,201
12/24/2018,BKV,FL,ASO,ES,Federal Contract Tower,0,0,4,0,4,0,5,37,0,42,0,5,41,0,46,117,0,117,163
12/25/2018,BKV,FL,ASO,ES,Federal Contract Tower,0,1,0,0,1,0,0,18,0,18,0,1,18,0,19,65,0,65,84
12/26/2018,BKV,FL,ASO,ES,Federal Contract Tower,0,3,13,0,16,0,3,78,0,81,0,6,91,0,97,264,2,266,363
12/27/2018,BKV,FL,ASO,ES,Federal Contract Tower,0,0,8,0,8,0,5,50,0,55,0,5,58,0,63,100,0,100,163
12/28/2018,BKV,FL,ASO,ES,Federal Contract Tower,0,3,7,0,10,0,0,23,2,25,0,3,30,2,35,64,0,64,99
12/29/2018,BKV,FL,ASO,ES,Federal Contract Tower,0,1,13,0,14,0,2,47,0,49,0,3,60,0,63,50,0,50,113
12/30/2018,BKV,FL,ASO,ES,Federal Contract Tower,0,3,3,0,6,0,0,64,5,69,0,3,67,5,75,41,0,41,116
12/31/2018,BKV,FL,ASO,ES,Federal Contract Tower,0,1,9,0,10,0,1,51,0,52,0,2,60,0,62,81,0,81,143
01/01/2019,BKV,FL,ASO,ES,Federal Contract Tower,0,1,2,0,3,0,2,31,0,33,0,3,33,0,36,125,0,125,161
01/02/2019,BKV,FL,ASO,ES,Federal Contract Tower,0,2,15,0,17,0,2,98,9,109,0,4,113,9,126,135,22,157,283
01/03/2019,BKV,FL,ASO,ES,Federal Contract Tower,0,0,19,0,19,0,2,43,1,46,0,2,62,1,65,37,6,43,108
01/04/2019,BKV,FL,ASO,ES,Federal Contract Tower,0,0,6,0,6,0,1,13,0,14,0,1,19,0,20,0,0,0,20
01/05/2019,BKV,FL,ASO,ES,Federal Contract Tower,0,2,18,0,20,0,2,61,0,63,0,4,79,0,83,56,0,56,139
01/06/2019,BKV,FL,ASO,ES,Federal Contract Tower,0,0,10,0,10,0,5,139,0,144,0,5,149,0,154,137,0,137,291
01/07/2019,BKV,FL,ASO,ES,Federal Contract Tower,0,0,11,0,11,0,3,122,10,135,0,3,133,10,146,119,10,129,275
01/08/2019,BKV,FL,ASO,ES,Federal Contract Tower,0,4,8,0,12,0,5,114,20,139,0,9,122,20,151,121,67,188,339
01/09/2019,BKV,FL,ASO,ES,Federal Contract Tower,0,5,16,0,21,0,5,103,14,122,0,10,119,14,143,117,6,123,266
01/10/2019,BKV,FL,ASO,ES,Federal Contract Tower,0,1,15,0,16,0,1,113,19,133,0,2,128,19,149,120,38,158,307
01/11/2019,BKV,FL,ASO,ES,Federal Contract Tower,0,7,11,2,20,0,1,74,14,89,0,8,85,16,109,69,53,122,231
01/12/2019,BKV,FL,ASO,ES,Federal Contract Tower,0,1,7,0,8,0,3,105,0,108,0,4,112,0,116,85,0,85,201
01/13/2019,BKV,FL,ASO,ES,Federal Contract Tower,0,2,12,0,14,0,1,61,0,62,0,3,73,0,76,184,0,184,260
01/14/2019,BKV,FL,ASO,ES,Federal Contract Tower,0,1,32,2,35,0,0,41,4,45,0,1,73,6,80,67,12,79,159
01/15/2019,BKV,FL,ASO,ES,Federal Contract Tower,0,2,17,2,21,0,4,106,6,116,0,6,123,8,137,177,71,248,385
01/16/2019,BKV,FL,ASO,ES,Federal Contract Tower,0,3,14,3,20,0,3,91,21,115,0,6,105,24,135,77,120,197,332
01/17/2019,BKV,FL,ASO,ES,Federal Contract Tower,0,2,5,1,8,0,1,90,15,106,0,3,95,16,114,51,60,111,225
01/18/2019,BKV,FL,ASO,ES,Federal Contract Tower,0,3,11,0,14,0,0,88,0,88,0,3,99,0,102,166,0,166,268
01/19/2019,BKV,FL,ASO,ES,Federal Contract Tower,0,1,6,0,7,0,1,77,0,78,0,2,83,0,85,162,0,162,247
01/20/2019,BKV,FL,ASO,ES,Federal Contract Tower,0,1,2,0,3,0,5,2,0,7,0,6,4,0,10,0,0,0,10
01/21/2019,BKV,FL,ASO,ES,Federal Contract Tower,0,8,0,0,8,0,0,78,10,88,0,8,78,10,96,76,0,76,172
01/22/2019,BKV,FL,ASO,ES,Federal Contract Tower,0,3,16,0,19,0,4,60,4,68,0,7,76,4,87,27,4,31,118
01/23/2019,BKV,FL,ASO,ES,Federal Contract Tower,0,1,6,2,9,0,5,83,18,106,0,6,89,20,115,35,75,110,225
01/24/2019,BKV,FL,ASO,ES,Federal Contract Tower,0,6,8,3,17,0,3,21,13,37,0,9,29,16,54,5,82,87,141
01/25/2019,BKV,FL,ASO,ES,Federal Contract Tower,0,3,3,0,6,0,6,118,11,135,0,9,121,11,141,105,34,139,280
01/26/2019,BKV,FL,ASO,ES,Federal Contract Tower,0,2,10,0,12,0,2,104,0,106,0,4,114,0,118,89,0,89,207
01/27/2019,BKV,FL,ASO,ES,Federal Contract Tower,0,2,16,0,18,0,0,0,0,0,0,2,16,0,18,0,0,0,18
01/28/2019,BKV,FL,ASO,ES,Federal Contract Tower,0,2,5,0,7,0,2,85,2,89,0,4,90,2,96,202,86,288,384
01/29/2019,BKV,FL,ASO,ES,Federal Contract Tower,0,3,8,2,13,0,4,73,19,96,0,7,81,21,109,181,98,279,388
01/30/2019,BKV,FL,ASO,ES,Federal Contract Tower,0,3,19,0,22,0,1,53,18,72,0,4,72,18,94,200,77,277,371
01/31/2019,BKV,FL,ASO,ES,Federal Contract Tower,0,7,17,3,27,0,3,67,26,96,0,10,84,29,123,117,24,141,264
02/01/2019,BKV,FL,ASO,ES,Federal Contract Tower,0,0,17,1,18,0,2,83,8,93,0,2,100,9,111,115,28,143,254
02/02/2019,BKV,FL,ASO,ES,Federal Contract Tower,0,2,10,0,12,0,4,20,0,24,0,6,30,0,36,409,0,409,445
02/03/2019,BKV,FL,ASO,ES,Federal Contract Tower,0,1,6,0,7,0,1,4,0,5,0,2,10,0,12,0,0,0,12
02/04/2019,BKV,FL,ASO,ES,Federal Contract Tower,0,0,20,0,20,0,2,37,0,39,0,2,57,0,59,261,0,261,320
02/05/2019,BKV,FL,ASO,ES,Federal Contract Tower,0,0,10,0,10,0,1,124,4,129,0,1,134,4,139,134,0,134,273
02/06/2019,BKV,FL,ASO,ES,Federal Contract Tower,0,0,10,4,14,0,0,139,7,146,0,0,149,11,160,347,113,460,620
02/07/2019,BKV,FL,ASO,ES,Federal Contract Tower,0,2,9,2,13,0,3,131,17,151,0,5,140,19,164,175,47,222,386
02/08/2019,BKV,FL,ASO,ES,Federal Contract Tower,0,1,7,2,10,0,2,110,11,123,0,3,117,13,133,179,26,205,338
02/09/2019,BKV,FL,ASO,ES,Federal Contract Tower,0,5,21,3,29,0,2,65,3,70,0,7,86,6,99,112,37,149,248
02/10/2019,BKV,FL,ASO,ES,Federal Contract Tower,0,0,15,0,15,0,0,49,0,49,0,0,64,0,64,11,0,11,75
02/11/2019,BKV,FL,ASO,ES,Federal Contract Tower,0,1,6,0,7,0,3,109,12,124,0,4,115,12,131,161,125,286,417
02/12/2019,BKV,FL,ASO,ES,Federal Contract Tower,0,2,19,0,21,0,0,25,0,25,0,2,44,0,46,91,6,97,143
02/13/2019,BKV,FL,ASO,ES,Federal Contract Tower,0,6,9,0,15,0,2,33,4,39,0,8,42,4,54,71,29,100,154
02/14/2019,BKV,FL,ASO,ES,Federal Contract Tower,0,0,5,0,5,0,4,156,1,161,0,4,161,1,166,198,0,198,364
02/15/2019,BKV,FL,ASO,ES,Federal Contract Tower,0,0,15,0,15,0,1,113,0,114,0,1,128,0,129,186,4,190,319
02/16/2019,BKV,FL,ASO,ES,Federal Contract Tower,0,2,4,0,6,0,3,134,0,137,0,5,138,0,143,92,0,92,235
02/17/2019,BKV,FL,ASO,ES,Federal Contract Tower,0,1,17,0,18,0,7,41,0,48,0,8,58,0,66,47,0,47,113
02/18/2019,BKV,FL,ASO,ES,Federal Contract Tower,0,0,29,0,29,0,2,73,0,75,0,2,102,0,104,31,0,31,135
02/19/2019,BKV,FL,ASO,ES,Federal Contract Tower,0,1,9,1,11,0,2,84,2,88,0,3,93,3,99,158,6,164,263
02/20/2019,BKV,FL,ASO,ES,Federal Contract Tower,0,3,15,1,19,0,2,41,5,48,0,5,56,6,67,43,38,81,148
02/21/2019,BKV,FL,ASO,ES,Federal Contract Tower,0,4,12,1,17,0,2,112,13,127,0,6,124,14,144,118,71,189,333
02/22/2019,BKV,FL,ASO,ES,Federal Contract Tower,0,0,17,0,17,0,0,130,14,144,0,0,147,14,161,223,35,258,419
02/23/2019,BKV,FL,ASO,ES,Federal Contract Tower,0,1,12,0,13,0,0,96,0,96,0,1,108,0,109,136,0,136,245
02/24/2019,BKV,FL,ASO,ES,Federal Contract Tower,0,3,18,0,21,0,3,31,1,35,0,6,49,1,56,142,1,143,199
02/25/2019,BKV,FL,ASO,ES,Federal Contract Tower,0,3,8,1,12,0,3,98,5,106,0,6,106,6,118,170,36,206,324
02/26/2019,BKV,FL,ASO,ES,Federal Contract Tower,0,3,19,0,22,0,1,16,0,17,0,4,35,0,39,8,0,8,47
02/27/2019,BKV,FL,ASO,ES,Federal Contract Tower,0,0,18,0,18,0,0,72,3,75,0,0,90,3,93,62,55,117,210
02/28/2019,BKV,FL,ASO,ES,Federal Contract Tower,0,4,18,4,26,0,7,97,8,112,0,11,115,12,138,141,92,233,371
03/01/2019,BKV,FL,ASO,ES,Federal Contract Tower,0,0,5,2,7,0,1,80,0,81,0,1,85,2,88,150,0,150,238
03/02/2019,BKV,FL,ASO,ES,Federal Contract Tower,0,3,11,0,14,0,7,91,0,98,0,10,102,0,112,202,0,202,314
03/03/2019,BKV,FL,ASO,ES,Federal Contract Tower,0,0,6,0,6,0,3,56,0,59,0,3,62,0,65,63,0,63,128
03/04/2019,BKV,FL,ASO,ES,Federal Contract Tower,0,1,25,1,27,0,1,13,1,15,0,2,38,2,42,62,74,136,178
03/05/2019,BKV,FL,ASO,ES,Federal Contract Tower,0,0,35,0,35,0,4,17,1,22,0,4,52,1,57,63,0,63,120
03/06/2019,BKV,FL,ASO,ES,Federal Contract Tower,0,0,3,0,3,0,1,144,6,151,0,1,147,6,154,194,17,211,365
03/07/2019,BKV,FL,ASO,ES,Federal Contract Tower,0,0,6,2,8,0,3,101,11,115,0,3,107,13,123,142,100,242,365
03/08/2019,BKV,FL,ASO,ES,Federal Contract Tower,0,0,2,0,2,0,5,140,4,149,0,5,142,4,151,189,90,279,430
03/09/2019,BKV,FL,ASO,ES,Federal Contract Tower,0,1,14,0,15,0,1,144,0,145,0,2,158,0,160,170,0,170,330
03/10/2019,BKV,FL,ASO,ES,Federal Contract Tower,0,1,6,4,11,0,6,75,0,81,0,7,81,4,92,54,0,54,146
03/11/2019,BKV,FL,ASO,ES,Federal Contract Tower,0,0,22,0,22,0,2,61,2,65,0,2,83,2,87,261,3,264,351
03/12/2019,BKV,FL,ASO,ES,Federal Contract Tower,0,3,12,0,15,0,2,35,3,40,0,5,47,3,55,79,48,127,182
03/13/2019,BKV,FL,ASO,ES,Federal Contract Tower,0,2,18,0,20,0,2,95,12,109,0,4,113,12,129,132,37,169,298
03/14/2019,BKV,FL,ASO,ES,Federal Contract Tower,0,0,16,0,16,0,4,142,12,158,0,4,158,12,174,107,12,119,293
03/15/2019,BKV,FL,ASO,ES,Federal Contract Tower,0,2,9,0,11,0,0,128,4,132,0,2,137,4,143,105,2,107,250
03/16/2019,BKV,FL,ASO,ES,Federal Contract Tower,0,0,8,0,8,0,2,43,3,48,0,2,51,3,56,120,0,120,176
03/17/2019,BKV,FL,ASO,ES,Federal Contract Tower,0,2,12,0,14,0,3,20,2,25,0,5,32,2,39,26,8,34,73
03/18/2019,BKV,FL,ASO,ES,Federal Contract Tower,0,1,14,0,15,0,1,76,2,79,0,2,90,2,94,69,20,89,183
03/19/2019,BKV,FL,ASO,ES,Federal Contract Tower,0,3,8,3,14,0,2,35,1,38,0,5,43,4,52,45,0,45,97
03/20/2019,BKV,FL,ASO,ES,Federal Contract Tower,0,2,15,0,17,0,1,112,12,125,0,3,127,12,142,134,53,187,329
03/21/2019,BKV,FL,ASO,ES,Federal Contract Tower,0,1,11,2,14,0,0,122,16,138,0,1,133,18,152,162,41,203,355
03/22/2019,BKV,FL,ASO,ES,Federal Contract Tower,0,1,15,1,17,0,0,96,21,117,0,1,111,22,134,77,4,81,215
03/23/2019,BKV,FL,ASO,ES,Federal Contract Tower,0,1,7,0,8,0,0,130,0,130,0,1,137,0,138,71,0,71,209
03/24/2019,BKV,FL,ASO,ES,Federal Contract Tower,0,0,7,2,9,0,3,91,3,97,0,3,98,5,106,48,0,48,154
03/25/2019,BKV,FL,ASO,ES,Federal Contract Tower,0,1,6,14,21,0,3,76,4,83,0,4,82,18,104,119,0,119,223
03/26/2019,BKV,FL,ASO,ES,Federal Contract Tower,0,6,12,0,18,0,2,83,5,90,0,8,95,5,108,97,28,125,233
03/27/2019,BKV,FL,ASO,ES,Federal Contract Tower,0,1,16,3,20,0,1,15,30,46,0,2,31,33,66,10,45,55,121
03/28/2019,BKV,FL,ASO,ES,Federal Contract Tower,0,4,9,11,24,0,3,83,14,100,0,7,92,25,124,69,64,133,257
03/29/2019,BKV,FL,ASO,ES,Federal Contract Tower,0,2,20,0,22,0,3,132,28,163,0,5,152,28,185,133,0,133,318
03/30/2019,BKV,FL,ASO,ES,Federal Contract Tower,0,2,15,0,17,0,4,115,0,119,0,6,130,0,136,114,0,114,250
03/31/2019,BKV,FL,ASO,ES,Federal Contract Tower,0,0,17,0,17,0,3,106,0,109,0,3,123,0,126,44,0,44,170
04/01/2019,BKV,FL,ASO,ES,Federal Contract Tower,0,1,17,9,27,0,0,9,1,10,0,1,26,10,37,0,0,0,37
04/02/2019,BKV,FL,ASO,ES,Federal Contract Tower,0,7,15,0,22,0,3,42,0,45,0,10,57,0,67,68,0,68,135
04/03/2019,BKV,FL,ASO,ES,Federal Contract Tower,0,3,19,3,25,0,0,117,9,126,0,3,136,12,151,144,12,156,307
04/04/2019,BKV,FL,ASO,ES,Federal Contract Tower,0,2,15,0,17,0,7,90,9,106,0,9,105,9,123,149,50,199,322
04/05/2019,BKV,FL,ASO,ES,Federal Contract Tower,0,3,11,0,14,0,1,78,0,79,0,4,89,0,93,114,0,114,207
04/06/2019,BKV,FL,ASO,ES,Federal Contract Tower,0,1,8,0,9,0,5,101,1,107,0,6,109,1,116,110,0,110,226
04/07/2019,BKV,FL,ASO,ES,Federal Contract Tower,0,2,13,0,15,0,2,64,9,75,0,4,77,9,90,84,0,84,174
04/08/2019,BKV,FL,ASO,ES,Federal Contract Tower,0,2,25,10,37,0,0,33,5,38,0,2,58,15,75,103,28,131,206
04/09/2019,BKV,FL,ASO,ES,Federal Contract Tower,0,2,3,1,6,0,4,10,3,17,0,6,13,4,23,32,33,65,88
04/10/2019,BKV,FL,ASO,ES,Federal Contract Tower,0,2,15,0,17,0,0,116,21,137,0,2,131,21,154,157,35,192,346
04/11/2019,BKV,FL,ASO,ES,Federal Contract Tower,0,2,11,4,17,0,2,117,10,129,0,4,128,14,146,107,30,137,283
04/12/2019,BKV,FL,ASO,ES,Federal Contract Tower,0,3,13,1,17,0,2,115,13,130,0,5,128,14,147,86,18,104,251
04/13/2019,BKV,FL,ASO,ES,Federal Contract Tower,0,2,10,1,13,0,4,105,2,111,0,6,115,3,124,64,0,64,188
04/14/2019,BKV,FL,ASO,ES,Federal Contract Tower,0,5,7,0,12,0,0,10,11,21,0,5,17,11,33,23,25,48,81
04/15/2019,BKV,FL,ASO,ES,Federal Contract Tower,0,3,8,0,11,0,2,78,3,83,0,5,86,3,94,51,0,51,145
04/16/2019,BKV,FL,ASO,ES,Federal Contract Tower,0,1,8,0,9,0,2,121,14,137,0,3,129,14,146,98,8,106,252
04/17/2019,BKV,FL,ASO,ES,Federal Contract Tower,0,1,7,1,9,0,0,107,3,110,0,1,114,4,119,185,50,235,354
04/18/2019,BKV,FL,ASO,ES,Federal Contract Tower,0,3,13,0,16,0,4,72,7,83,0,7,85,7,99,91,60,151,250
04/19/2019,BKV,FL,ASO,ES,Federal Contract Tower,0,3,9,0,12,0,1,0,0,1,0,4,9,0,13,0,0,0,13
04/20/2019,BKV,FL,ASO,ES,Federal Contract Tower,0,4,9,0,13,0,4,15,0,19,0,8,24,0,32,14,0,14,46
04/21/2019,BKV,FL,ASO,ES,Federal Contract Tower,0,1,4,0,5,0,4,41,0,45,0,5,45,0,50,33,0,33,83
04/22/2019,BKV,FL,ASO,ES,Federal Contract Tower,0,0,10,0,10,0,0,92,4,96,0,0,102,4,106,128,16,144,250
04/23/2019,BKV,FL,ASO,ES,Federal Contract Tower,0,6,11,0,17,0,2,116,2,120,0,8,127,2,137,180,20,200,337
04/24/2019,BKV,FL,ASO,ES,Federal Contract Tower,0,1,7,0,8,0,3,104,2,109,0,4,111,2,117,77,142,219,336
04/25/2019,BKV,FL,ASO,ES,Federal Contract Tower,0,7,3,2,12,0,2,118,6,126,0,9,121,8,138,78,2,80,218
04/26/2019,BKV,FL,ASO,ES,Federal Contract Tower,0,4,16,0,20,0,0,18,2,20,0,4,34,2,40,0,11,11,51
04/27/2019,BKV,FL,ASO,ES,Federal Contract Tower,0,2,3,0,5,0,5,95,0,100,0,7,98,0,105,78,0,78,183
04/28/2019,BKV,FL,ASO,ES,Federal Contract Tower,0,1,17,0,18,0,4,51,0,55,0,5,68,0,73,60,0,60,133
04/29/2019,BKV,FL,ASO,ES,Federal Contract Tower,0,0,7,3,10,0,5,93,3,101,0,5,100,6,111,129,6,135,246
04/30/2019,BKV,FL,ASO,ES,Federal Contract Tower,0,1,13,1,15,0,2,85,2,89,0,3,98,3,104,102,39,141,245
05/01/2019,BKV,FL,ASO,ES,Federal Contract Tower,0,4,6,0,10,0,4,97,7,108,0,8,103,7,118,77,43,120,238
05/02/2019,BKV,FL,ASO,ES,Federal Contract Tower,0,3,17,0,20,0,2,20,7,29,0,5,37,7,49,80,0,80,129
05/03/2019,BKV,FL,ASO,ES,Federal Contract Tower,0,1,14,3,18,0,1,42,4,47,0,2,56,7,65,97,12,109,174
05/04/2019,BKV,FL,ASO,ES,Federal Contract Tower,0,0,15,3,18,0,1,43,1,45,0,1,58,4,63,72,0,72,135
05/05/2019,BKV,FL,ASO,ES,Federal Contract Tower,0,0,13,0,13,0,0,10,2,12,0,0,23,2,25,4,0,4,29
05/06/2019,BKV,FL,ASO,ES,Federal Contract Tower,0,3,21,0,24,0,1,66,0,67,0,4,87,0,91,87,0,87,178
05/07/2019,BKV,FL,ASO,ES,Federal Contract Tower,0,5,17,0,22,0,2,93,7,102,0,7,110,7,124,104,56,160,284
05/08/2019,BKV,FL,ASO,ES,Federal Contract Tower,0,0,13,2,15,0,3,89,5,97,0,3,102,7,112,112,72,184,296
05/09/2019,BKV,FL,ASO,ES,Federal Contract Tower,0,5,15,4,24,0,6,55,6,67,0,11,70,10,91,41,80,121,212
05/10/2019,BKV,FL,ASO,ES,Federal Contract Tower,0,1,21,6,28,0,2,103,8,113,0,3,124,14,141,128,0,128,269
05/11/2019,BKV,FL,ASO,ES,Federal Contract Tower,0,0,10,0,10,0,1,95,0,96,0,1,105,0,106,71,0,71,177
05/12/2019,BKV,FL,ASO,ES,Federal Contract Tower,0,0,13,0,13,0,2,47,0,49,0,2,60,0,62,52,0,52,114
05/13/2019,BKV,FL,ASO,ES,Federal Contract Tower,0,0,10,4,14,0,0,5,0,5,0,0,15,4,19,4,0,4,23
05/14/2019,BKV,FL,ASO,ES,Federal Contract Tower,0,3,19,2,24,0,2,37,0,39,0,5,56,2,63,62,6,68,131
05/15/2019,BKV,FL,ASO,ES,Federal Contract Tower,0,0,16,5,21,0,1,91,12,104,0,1,107,17,125,180,83,263,388
05/16/2019,BKV,FL,ASO,ES,Federal Contract Tower,0,1,17,1,19,0,1,124,4,129,0,2,141,5,148,143,21,164,312
05/17/2019,BKV,FL,ASO,ES,Federal Contract Tower,0,6,8,0,14,0,2,115,0,117,0,8,123,0,131,109,0,109,240
05/18/2019,BKV,FL,ASO,ES,Federal Contract Tower,0,2,11,0,13,0,1,88,0,89,0,3,99,0,102,100,0,100,202
05/19/2019,BKV,FL,ASO,ES,Federal Contract Tower,0,2,9,0,11,0,5,63,0,68,0,7,72,0,79,97,0,97,176
05/20/2019,BKV,FL,ASO,ES,Federal Contract Tower,0,2,2,4,8,0,71,8,0,79,0,73,10,4,87,204,38,242,329
05/21/2019,BKV,FL,ASO,ES,Federal Contract Tower,0,1,8,0,9,0,0,63,9,72,0,1,71,9,81,121,32,153,234
05/22/2019,BKV,FL,ASO,ES,Federal Contract Tower,0,1,8,1,10,0,4,102,8,114,0,5,110,9,124,146,2,148,272
05/23/2019,BKV,FL,ASO,ES,Federal Contract Tower,0,4,14,3,21,0,2,57,10,69,0,6,71,13,90,61,23,84,174
05/24/2019,BKV,FL,ASO,ES,Federal Contract Tower,0,1,7,0,8,0,2,91,12,105,0,3,98,12,113,119,60,179,292
05/25/2019,BKV,FL,ASO,ES,Federal Contract Tower,0,2,2,0,4,0,0,98,0,98,0,2,100,0,102,109,0,109,211
05/26/2019,BKV,FL,ASO,ES,Federal Contract Tower,0,1,6,0,7,0,2,52,0,54,0,3,58,0,61,102,0,102,163
05/27/2019,BKV,FL,ASO,ES,Federal Contract Tower,0,0,9,0,9,0,3,75,0,78,0,3,84,0,87,94,0,94,181
05/28/2019,BKV,FL,ASO,ES,Federal Contract Tower,0,0,17,0,17,0,3,70,0,73,0,3,87,0,90,99,0,99,189
05/29/2019,BKV,FL,ASO,ES,Federal Contract Tower,0,5,7,3,15,0,1,102,9,112,0,6,109,12,127,135,6,141,268
05/30/2019,BKV,FL,ASO,ES,Federal Contract Tower,0,1,8,2,11,0,2,85,2,89,0,3,93,4,100,169,0,169,269
05/31/2019,BKV,FL,ASO,ES,Federal Contract Tower,0,1,7,0,8,0,4,59,16,79,0,5,66,16,87,169,0,169,256
06/01/2019,BKV,FL,ASO,ES,Federal Contract Tower,0,1,5,0,6,0,4,108,0,112,0,5,113,0,118,224,0,224,342
06/02/2019,BKV,FL,ASO,ES,Federal Contract Tower,0,2,8,0,10,0,0,18,0,18,0,2,26,0,28,47,0,47,75
06/03/2019,BKV,FL,ASO,ES,Federal Contract Tower,0,1,13,2,16,0,2,51,1,54,0,3,64,3,70,91,30,121,191
06/04/2019,BKV,FL,ASO,ES,Federal Contract Tower,0,2,8,0,10,0,2,65,5,72,0,4,73,5,82,146,45,191,273
06/05/2019,BKV,FL,ASO,ES,Federal Contract Tower,0,0,11,0,11,0,1,68,2,71,0,1,79,2,82,95,18,113,195
06/06/2019,BKV,FL,ASO,ES,Federal Contract Tower,0,2,12,2,16,0,0,83,3,86,0,2,95,5,102,149,46,195,297
06/07/2019,BKV,FL,ASO,ES,Federal Contract Tower,0,0,10,2,12,0,1,68,3,72,0,1,78,5,84,109,56,165,249
06/08/2019,BKV,FL,ASO,ES,Federal Contract Tower,0,1,1,0,2,0,1,6,0,7,0,2,7,0,9,28,0,28,37
06/09/2019,BKV,FL,ASO,ES,Federal Contract Tower,0,0,8,0,8,0,2,3,0,5,0,2,11,0,13,6,0,6,19
06/10/2019,BKV,FL,ASO,ES,Federal Contract Tower,0,1,5,0,6,0,2,23,0,25,0,3,28,0,31,25,32,57,88
06/11/2019,BKV,FL,ASO,ES,Federal Contract Tower,0,1,7,0,8,0,6,42,2,50,0,7,49,2,58,69,0,69,127
06/12/2019,BKV,FL,ASO,ES,Federal Contract Tower,0,1,5,1,7,0,5,56,2,63,0,6,61,3,70,65,31,96,166
06/13/2019,BKV,FL,ASO,ES,Federal Contract Tower,0,4,10,0,14,0,0,17,9,26,0,4,27,9,40,23,26,49,89
06/14/2019,BKV,FL,ASO,ES,Federal Contract Tower,0,0,11,0,11,0,0,48,0,48,0,0,59,0,59,41,0,41,100
06/15/2019,BKV,FL,ASO,ES,Federal Contract Tower,0,2,4,0,6,0,3,83,0,86,0,5,87,0,92,126,0,126,218
06/16/2019,BKV,FL,ASO,ES,Federal Contract Tower,0,4,8,0,12,0,3,31,0,34,0,7,39,0,46,27,0,27,73
06/17/2019,BKV,FL,ASO,ES,Federal Contract Tower,0,3,18,0,21,0,2,30,2,34,0,5,48,2,55,39,19,58,113
06/18/2019,BKV,FL,ASO,ES,Federal Contract Tower,0,0,16,0,16,0,2,36,2,40,0,2,52,2,56,105,22,127,183
06/19/2019,BKV,FL,ASO,ES,Federal Contract Tower,0,1,3,0,4,0,0,61,5,66,0,1,64,5,70,96,8,104,174
06/20/2019,BKV,FL,ASO,ES,Federal Contract Tower,0,8,12,3,23,0,6,94,11,111,0,14,106,14,134,112,10,122,256
06/21/2019,BKV,FL,ASO,ES,Federal Contract Tower,0,2,7,0,9,0,1,113,0,114,0,3,120,0,123,162,0,162,285
06/22/2019,BKV,FL,ASO,ES,Federal Contract Tower,0,0,11,0,11,0,0,98,0,98,0,0,109,0,109,110,0,110,219
06/23/2019,BKV,FL,ASO,ES,Federal Contract Tower,0,5,10,0,15,0,7,71,3,81,0,12,81,3,96,58,0,58,154
06/24/2019,BKV,FL,ASO,ES,Federal Contract Tower,0,2,4,0,6,0,1,87,0,88,0,3,91,0,94,109,0,109,203
06/25/2019,BKV,FL,ASO,ES,Federal Contract Tower,0,0,12,2,14,0,5,87,1,93,0,5,99,3,107,138,17,155,262
06/26/2019,BKV,FL,ASO,ES,Federal Contract Tower,0,1,7,0,8,0,6,88,0,94,0,7,95,0,102,123,84,207,309
06/27/2019,BKV,FL,ASO,ES,Federal Contract Tower,0,3,15,1,19,0,0,117,8,125,0,3,132,9,144,169,12,181,325
06/28/2019,BKV,FL,ASO,ES,Federal Contract Tower,0,4,11,0,15,0,1,78,5,84,0,5,89,5,99,108,8,116,215
06/29/2019,BKV,FL,ASO,ES,Federal Contract Tower,0,0,6,0,6,0,3,60,0,63,0,3,66,0,69,57,0,57,126
06/30/2019,BKV,FL,ASO,ES,Federal Contract Tower,0,0,9,0,9,0,2,78,4,84,0,2,87,4,93,196,0,196,289
07/01/2019,BKV,FL,ASO,ES,Federal Contract Tower,0,1,15,1,17,0,1,91,1,93,0,2,106,2,110,216,22,238,348
07/02/2019,BKV,FL,ASO,ES,Federal Contract Tower,0,1,10,1,12,0,0,56,5,61,0,1,66,6,73,193,38,231,304
07/04/2019,BKV,FL,ASO,ES,Federal Contract Tower,0,3,5,0,8,0,4,24,0,28,0,7,29,0,36,99,0,99,135
07/05/2019,BKV,FL,ASO,ES,Federal Contract Tower,0,0,6,0,6,0,2,56,1,59,0,2,62,1,65,72,0,72,137
07/06/2019,BKV,FL,ASO,ES,Federal Contract Tower,0,0,9,0,9,0,0,45,0,45,0,0,54,0,54,92,0,92,146
07/07/2019,BKV,FL,ASO,ES,Federal Contract Tower,0,2,8,0,10,0,3,25,0,28,0,5,33,0,38,198,0,198,236
07/08/2019,BKV,FL,ASO,ES,Federal Contract Tower,0,1,4,0,5,0,1,73,2,76,0,2,77,2,81,313,13,326,407
07/09/2019,BKV,FL,ASO,ES,Federal Contract Tower,0,0,8,1,9,0,3,47,2,52,0,3,55,3,61,77,0,77,138
07/10/2019,BKV,FL,ASO,ES,Federal Contract Tower,0,0,10,2,12,0,2,67,16,85,0,2,77,18,97,344,56,400,497
07/11/2019,BKV,FL,ASO,ES,Federal Contract Tower,0,1,7,0,8,0,0,43,6,49,0,1,50,6,57,90,54,144,201
07/12/2019,BKV,FL,ASO,ES,Federal Contract Tower,0,6,17,0,23,0,5,66,1,72,0,11,83,1,95,91,4,95,190
07/13/2019,BKV,FL,ASO,ES,Federal Contract Tower,0,0,3,1,4,0,3,104,15,122,0,3,107,16,126,254,0,254,380
07/14/2019,BKV,FL,ASO,ES,Federal Contract Tower,0,0,9,2,11,0,4,69,3,76,0,4,78,5,87,79,6,85,172
07/15/2019,BKV,FL,ASO,ES,Federal Contract Tower,0,2,5,0,7,0,0,70,4,74,0,2,75,4,81,174,42,216,297
07/16/2019,BKV,FL,ASO,ES,Federal Contract Tower,0,0,1,2,3,0,4,75,1,80,0,4,76,3,83,192,29,221,304
07/17/2019,BKV,FL,ASO,ES,Federal Contract Tower,0,1,3,2,6,0,2,62,2,66,0,3,65,4,72,110,12,122,194
07/18/2019,BKV,FL,ASO,ES,Federal Contract Tower,0,1,7,0,8,0,0,78,1,79,0,1,85,1,87,327,26,353,440
07/19/2019,BKV,FL,ASO,ES,Federal Contract Tower,0,1,12,0,13,0,5,95,3,103,0,6,107,3,116,254,30,284,400
07/20/2019,BKV,FL,ASO,ES,Federal Contract Tower,0,1,4,0,5,0,0,72,0,72,0,1,76,0,77,182,0,182,259
07/21/2019,BKV,FL,ASO,ES,Federal Contract Tower,0,0,5,0,5,0,4,49,0,53,0,4,54,0,58,126,0,126,184
07/22/2019,BKV,FL,ASO,ES,Federal Contract Tower,0,1,7,1,9,0,0,39,9,48,0,1,46,10,57,100,21,121,178
07/23/2019,BKV,FL,ASO,ES,Federal Contract Tower,0,3,6,0,9,0,3,80,3,86,0,6,86,3,95,145,10,155,250
07/24/2019,BKV,FL,ASO,ES,Federal Contract Tower,0,5,13,0,18,0,0,12,0,12,0,5,25,0,30,66,0,66,96
07/25/2019,BKV,FL,ASO,ES,Federal Contract Tower,0,3,15,0,18,0,1,3,10,14,0,4,18,10,32,0,64,64,96
07/26/2019,BKV,FL,ASO,ES,Federal Contract Tower,0,2,5,1,8,0,2,16,1,19,0,4,21,2,27,24,0,24,51
07/27/2019,BKV,FL,ASO,ES,Federal Contract Tower,0,1,2,8,11,0,3,53,0,56,0,4,55,8,67,138,0,138,205
07/28/2019,BKV,FL,ASO,ES,Federal Contract Tower,0,0,3,0,3,0,2,86,0,88,0,2,89,0,91,214,0,214,305
07/29/2019,BKV,FL,ASO,ES,Federal Contract Tower,0,6,19,2,27,0,0,58,0,58,0,6,77,2,85,179,2,181,266
07/30/2019,BKV,FL,ASO,ES,Federal Contract Tower,0,4,6,0,10,0,3,82,1,86,0,7,88,1,96,278,13,291,387
07/31/2019,BKV,FL,ASO,ES,Federal Contract Tower,0,3,7,0,10,0,3,77,5,85,0,6,84,5,95,214,6,220,315
08/01/2019,BKV,FL,ASO,ES,Federal Contract Tower,0,2,6,0,8,0,0,72,3,75,0,2,78,3,83,182,36,218,301
08/02/2019,BKV,FL,ASO,ES,Federal Contract Tower,0,1,7,0,8,0,4,48,0,52,0,5,55,0,60,136,10,146,206
08/03/2019,BKV,FL,ASO,ES,Federal Contract Tower,0,3,10,0,13,0,5,38,0,43,0,8,48,0,56,45,0,45,101
08/04/2019,BKV,FL,ASO,ES,Federal Contract Tower,0,2,7,0,9,0,4,55,1,60,0,6,62,1,69,139,0,139,208
08/05/2019,BKV,FL,ASO,ES,Federal Contract Tower,0,3,12,1,16,0,0,84,1,85,0,3,96,2,101,158,42,200,301
08/06/2019,BKV,FL,ASO,ES,Federal Contract Tower,0,7,11,1,19,0,1,75,3,79,0,8,86,4,98,197,16,213,311
08/07/2019,BKV,FL,ASO,ES,Federal Contract Tower,0,4,12,2,18,0,4,44,0,48,0,8,56,2,66,147,0,147,213
08/08/2019,BKV,FL,ASO,ES,Federal Contract Tower,0,1,10,5,16,0,5,80,5,90,0,6,90,10,106,138,6,144,250
08/09/2019,BKV,FL,ASO,ES,Federal Contract Tower,0,2,11,0,13,0,1,89,4,94,0,3,100,4,107,285,0,285,392
08/10/2019,BKV,FL,ASO,ES,Federal Contract Tower,0,2,10,0,12,0,5,64,0,69,0,7,74,0,81,132,0,132,213
08/11/2019,BKV,FL,ASO,ES,Federal Contract Tower,0,1,5,0,6,0,0,28,0,28,0,1,33,0,34,123,0,123,157
08/12/2019,BKV,FL,ASO,ES,Federal Contract Tower,0,3,7,0,10,0,1,44,0,45,0,4,51,0,55,114,0,114,169
08/13/2019,BKV,FL,ASO,ES,Federal Contract Tower,0,2,13,0,15,0,4,57,0,61,0,6,70,0,76,129,0,129,205
08/14/2019,BKV,FL,ASO,ES,Federal Contract Tower,0,2,4,0,6,0,0,47,8,55,0,2,51,8,61,51,44,95,156
08/15/2019,BKV,FL,ASO,ES,Federal Contract Tower,0,1,15,0,16,0,0,32,1,33,0,1,47,1,49,202,14,216,265
08/16/2019,BKV,FL,ASO,ES,Federal Contract Tower,0,4,9,0,13,0,0,6,0,6,0,4,15,0,19,6,0,6,25
08/17/2019,BKV,FL,ASO,ES,Federal Contract Tower,0,0,7,0,7,0,2,34,0,36,0,2,41,0,43,72,0,72,115
08/18/2019,BKV,FL,ASO,ES,Federal Contract Tower,0,1,7,0,8,0,4,72,1,77,0,5,79,1,85,73,0,73,158
08/19/2019,BKV,FL,ASO,ES,Federal Contract Tower,0,1,8,2,11,0,1,73,7,81,0,2,81,9,92,204,22,226,318
08/20/2019,BKV,FL,ASO,ES,Federal Contract Tower,0,5,12,0,17,0,1,73,13,87,0,6,85,13,104,190,0,190,294
08/21/2019,BKV,FL,ASO,ES,Federal Contract Tower,0,3,12,0,15,0,2,98,2,102,0,5,110,2,117,142,44,186,303
08/22/2019,BKV,FL,ASO,ES,Federal Contract Tower,0,4,16,0,20,0,1,119,0,120,0,5,135,0,140,182,0,182,322
08/23/2019,BKV,FL,ASO,ES,Federal Contract Tower,0,1,7,0,8,0,9,120,0,129,0,10,127,0,137,248,0,248,385
08/24/2019,BKV,FL,ASO,ES,Federal Contract Tower,0,0,10,0,10,0,2,67,0,69,0,2,77,0,79,168,0,168,247
08/25/2019,BKV,FL,ASO,ES,Federal Contract Tower,0,1,6,0,7,0,3,67,0,70,0,4,73,0,77,95,0,95,172
08/26/2019,BKV,FL,ASO,ES,Federal Contract Tower,0,3,7,2,12,0,4,49,2,55,0,7,56,4,67,40,0,40,107
08/27/2019,BKV,FL,ASO,ES,Federal Contract Tower,0,0,10,0,10,0,4,58,0,62,0,4,68,0,72,177,16,193,265
08/28/2019,BKV,FL,ASO,ES,Federal Contract Tower,0,1,0,2,3,0,5,67,5,77,0,6,67,7,80,80,76,156,236
08/29/2019,BKV,FL,ASO,ES,Federal Contract Tower,0,1,9,1,11,0,1,111,2,114,0,2,120,3,125,138,17,155,280
08/30/2019,BKV,FL,ASO,ES,Federal Contract Tower,0,3,7,0,10,0,2,37,2,41,0,5,44,2,51,52,0,52,103
08/31/2019,BKV,FL,ASO,ES,Federal Contract Tower,0,1,14,0,15,0,4,28,0,32,0,5,42,0,47,42,0,42,89
09/01/2019,BKV,FL,ASO,ES,Federal Contract Tower,0,2,0,0,2,0,2,4,2,8,0,4,4,2,10,126,0,126,136
09/02/2019,BKV,FL,ASO,ES,Federal Contract Tower,0,3,3,0,6,0,0,2,0,2,0,3,5,0,8,24,0,24,32
09/03/2019,BKV,FL,ASO,ES,Federal Contract Tower,0,0,3,0,3,0,0,1,2,3,0,0,4,2,6,24,19,43,49
09/04/2019,BKV,FL,ASO,ES,Federal Contract Tower,0,2,6,0,8,0,1,22,2,25,0,3,28,2,33,71,0,71,104
09/05/2019,BKV,FL,ASO,ES,Federal Contract Tower,0,2,5,0,7,0,4,43,4,51,0,6,48,4,58,78,2,80,138
09/06/2019,BKV,FL,ASO,ES,Federal Contract Tower,0,1,8,0,9,0,3,77,12,92,0,4,85,12,101,153,14,167,268
09/07/2019,BKV,FL,ASO,ES,Federal Contract Tower,0,3,11,0,14,0,4,94,9,107,0,7,105,9,121,101,40,141,262
09/08/2019,BKV,FL,ASO,ES,Federal Contract Tower,0,1,11,0,12,0,2,62,2,66,0,3,73,2,78,41,7,48,126
09/09/2019,BKV,FL,ASO,ES,Federal Contract Tower,0,2,7,0,9,0,3,72,3,78,0,5,79,3,87,78,21,99,186
09/10/2019,BKV,FL,ASO,ES,Federal Contract Tower,0,1,7,1,9,0,0,100,8,108,0,1,107,9,117,192,28,220,337
09/11/2019,BKV,FL,ASO,ES,Federal Contract Tower,0,2,15,5,22,0,2,89,12,103,0,4,104,17,125,196,80,276,401
09/12/2019,BKV,FL,ASO,ES,Federal Contract Tower,0,4,9,2,15,0,6,72,14,92,0,10,81,16,107,95,74,169,276
09/13/2019,BKV,FL,ASO,ES,Federal Contract Tower,0,5,1,0,6,0,9,55,1,65,0,14,56,1,71,75,81,156,227
09/14/2019,BKV,FL,ASO,ES,Federal Contract Tower,0,3,5,0,8,0,4,25,0,29,0,7,30,0,37,0,0,0,37
09/15/2019,BKV,FL,ASO,ES,Federal Contract Tower,0,3,5,0,8,0,0,33,0,33,0,3,38,0,41,24,0,24,65
09/16/2019,BKV,FL,ASO,ES,Federal Contract Tower,0,1,8,1,10,0,2,83,3,88,0,3,91,4,98,113,10,123,221
09/17/2019,BKV,FL,ASO,ES,Federal Contract Tower,0,3,13,2,18,0,2,106,2,110,0,5,119,4,128,185,0,185,313
09/18/2019,BKV,FL,ASO,ES,Federal Contract Tower,0,4,5,0,9,0,2,81,4,87,0,6,86,4,96,166,0,166,262
09/19/2019,BKV,FL,ASO,ES,Federal Contract Tower,0,6,7,0,13,0,2,77,21,100,0,8,84,21,113,197,44,241,354
09/20/2019,BKV,FL,ASO,ES,Federal Contract Tower,0,4,12,0,16,0,0,62,0,62,0,4,74,0,78,104,6,110,188
09/21/2019,BKV,FL,ASO,ES,Federal Contract Tower,0,0,11,0,11,0,4,69,2,75,0,4,80,2,86,70,4,74,160
09/22/2019,BKV,FL,ASO,ES,Federal Contract Tower,0,1,8,0,9,0,2,73,0,75,0,3,81,0,84,60,0,60,144
09/23/2019,BKV,FL,ASO,ES,Federal Contract Tower,0,0,11,0,11,0,3,91,0,94,0,3,102,0,105,67,4,71,176
09/24/2019,BKV,FL,ASO,ES,Federal Contract Tower,0,2,10,0,12,0,0,110,2,112,0,2,120,2,124,255,0,255,379
09/25/2019,BKV,FL,ASO,ES,Federal Contract Tower,0,0,6,2,8,0,2,91,12,105,0,2,97,14,113,267,14,281,394
09/26/2019,BKV,FL,ASO,ES,Federal Contract Tower,0,0,15,0,15,0,0,86,18,104,0,0,101,18,119,221,48,269,388
09/27/2019,BKV,FL,ASO,ES,Federal Contract Tower,0,2,9,0,11,0,2,109,10,121,0,4,118,10,132,187,8,195,327
09/28/2019,BKV,FL,ASO,ES,Federal Contract Tower,0,4,9,0,13,0,4,108,0,112,0,8,117,0,125,113,0,113,238
09/29/2019,BKV,FL,ASO,ES,Federal Contract Tower,0,0,7,0,7,0,2,64,0,66,0,2,71,0,73,23,0,23,96
09/30/2019,BKV,FL,ASO,ES,Federal Contract Tower,0,1,18,6,25,0,4,53,12,69,0,5,71,18,94,134,0,134,228
10/01/2019,BKV,FL,ASO,ES,Federal Contract Tower,0,1,4,0,5,0,1,35,4,40,0,2,39,4,45,86,4,90,135
10/02/2019,BKV,FL,ASO,ES,Federal Contract Tower,0,4,22,3,29,0,0,102,3,105,0,4,124,6,134,149,11,160,294
10/03/2019,BKV,FL,ASO,ES,Federal Contract Tower,0,3,17,2,22,0,6,85,3,94,0,9,102,5,116,209,6,215,331
10/04/2019,BKV,FL,ASO,ES,Federal Contract Tower,0,1,11,0,12,0,6,106,3,115,0,7,117,3,127,141,6,147,274
10/05/2019,BKV,FL,ASO,ES,Federal Contract Tower,0,2,3,0,5,0,2,65,0,67,0,4,68,0,72,97,0,97,169
10/06/2019,BKV,FL,ASO,ES,Federal Contract Tower,0,0,11,0,11,0,14,38,0,52,0,14,49,0,63,100,0,100,163
10/07/2019,BKV,FL,ASO,ES,Federal Contract Tower,0,0,11,0,11,0,0,7,2,9,0,0,18,2,20,0,0,0,20
10/08/2019,BKV,FL,ASO,ES,Federal Contract Tower,0,5,18,8,31,0,4,15,0,19,0,9,33,8,50,79,0,79,129
10/09/2019,BKV,FL,ASO,ES,Federal Contract Tower,0,3,26,14,43,0,6,17,7,30,0,9,43,21,73,12,100,112,185
10/10/2019,BKV,FL,ASO,ES,Federal Contract Tower,0,2,9,2,13,0,2,65,11,78,0,4,74,13,91,140,31,171,262
10/11/2019,BKV,FL,ASO,ES,Federal Contract Tower,0,1,8,0,9,0,0,143,6,149,0,1,151,6,158,155,69,224,382
10/12/2019,BKV,FL,ASO,ES,Federal Contract Tower,0,1,3,0,4,0,2,70,0,72,0,3,73,0,76,74,0,74,150
10/13/2019,BKV,FL,ASO,ES,Federal Contract Tower,0,1,8,0,9,0,2,52,0,54,0,3,60,0,63,41,0,41,104
10/14/2019,BKV,FL,ASO,ES,Federal Contract Tower,0,1,13,0,14,0,5,86,0,91,0,6,99,0,105,147,0,147,252
10/15/2019,BKV,FL,ASO,ES,Federal Contract Tower,0,3,9,0,12,0,3,116,4,123,0,6,125,4,135,187,0,187,322
10/16/2019,BKV,FL,ASO,ES,Federal Contract Tower,0,2,13,2,17,0,2,48,6,56,0,4,61,8,73,43,57,100,173
10/17/2019,BKV,FL,ASO,ES,Federal Contract Tower,0,2,8,0,10,0,1,107,4,112,0,3,115,4,122,226,12,238,360
10/18/2019,BKV,FL,ASO,ES,Federal Contract Tower,0,5,11,0,16,0,3,43,9,55,0,8,54,9,71,105,24,129,200
10/19/2019,BKV,FL,ASO,ES,Federal Contract Tower,0,2,1,0,3,2,0,0,0,2,2,2,1,0,5,0,0,0,5
10/20/2019,BKV,FL,ASO,ES,Federal Contract Tower,0,0,13,0,13,0,4,66,0,70,0,4,79,0,83,20,0,20,103
10/21/2019,BKV,FL,ASO,ES,Federal Contract Tower,0,5,11,4,20,0,1,50,2,53,0,6,61,6,73,13,16,29,102
10/22/2019,BKV,FL,ASO,ES,Federal Contract Tower,0,1,10,0,11,0,3,44,4,51,0,4,54,4,62,173,40,213,275
10/23/2019,BKV,FL,ASO,ES,Federal Contract Tower,0,2,9,2,13,0,3,117,0,120,0,5,126,2,133,174,0,174,307
10/24/2019,BKV,FL,ASO,ES,Federal Contract Tower,0,1,19,0,20,0,3,79,0,82,0,4,98,0,102,145,0,145,247
10/25/2019,BKV,FL,ASO,ES,Federal Contract Tower,0,4,8,1,13,0,4,46,4,54,0,8,54,5,67,62,24,86,153
10/26/2019,BKV,FL,ASO,ES,Federal Contract Tower,0,1,20,0,21,0,1,25,8,34,0,2,45,8,55,22,26,48,103
10/27/2019,BKV,FL,ASO,ES,Federal Contract Tower,0,1,14,0,15,0,2,43,0,45,0,3,57,0,60,38,0,38,98
10/28/2019,BKV,FL,ASO,ES,Federal Contract Tower,0,2,11,4,17,0,0,54,2,56,0,2,65,6,73,130,38,168,241
10/29/2019,BKV,FL,ASO,ES,Federal Contract Tower,0,2,14,5,21,0,2,68,5,75,0,4,82,10,96,152,6,158,254
10/30/2019,BKV,FL,ASO,ES,Federal Contract Tower,0,5,11,7,23,0,1,101,7,109,0,6,112,14,132,212,44,256,388
10/31/2019,BKV,FL,ASO,ES,Federal Contract Tower,0,1,9,2,12,0,9,92,3,104,0,10,101,5,116,201,6,207,323
11/01/2019,BKV,FL,ASO,ES,Federal Contract Tower,0,3,11,0,14,0,5,94,0,99,0,8,105,0,113,126,0,126,239
11/02/2019,BKV,FL,ASO,ES,Federal Contract Tower,0,4,8,4,16,0,2,69,4,75,0,6,77,8,91,59,0,59,150
11/03/2019,BKV,FL,ASO,ES,Federal Contract Tower,0,1,11,2,14,0,1,71,3,75,0,2,82,5,89,57,0,57,146
11/04/2019,BKV,FL,ASO,ES,Federal Contract Tower,0,0,6,15,21,0,5,75,3,83,0,5,81,18,104,168,18,186,290
11/05/2019,BKV,FL,ASO,ES,Federal Contract Tower,0,4,10,0,14,0,0,66,0,66,0,4,76,0,80,192,4,196,276
11/06/2019,BKV,FL,ASO,ES,Federal Contract Tower,0,0,31,4,35,0,1,43,21,65,0,1,74,25,100,92,22,114,214
11/07/2019,BKV,FL,ASO,ES,Federal Contract Tower,0,0,23,4,27,0,4,81,7,92,0,4,104,11,119,117,19,136,255
11/08/2019,BKV,FL,ASO,ES,Federal Contract Tower,0,1,12,0,13,0,2,45,0,47,0,3,57,0,60,85,0,85,145
11/09/2019,BKV,FL,ASO,ES,Federal Contract Tower,0,0,24,0,24,0,6,59,0,65,0,6,83,0,89,34,0,34,123
11/10/2019,BKV,FL,ASO,ES,Federal Contract Tower,0,2,7,0,9,0,2,79,0,81,0,4,86,0,90,81,0,81,171
11/11/2019,BKV,FL,ASO,ES,Federal Contract Tower,0,0,6,0,6,0,2,85,2,89,0,2,91,2,95,127,0,127,222
11/12/2019,BKV,FL,ASO,ES,Federal Contract Tower,0,1,18,1,20,0,2,54,1,57,0,3,72,2,77,113,18,131,208
11/13/2019,BKV,FL,ASO,ES,Federal Contract Tower,0,6,12,3,21,0,2,81,5,88,0,8,93,8,109,14,14,28,137
11/14/2019,BKV,FL,ASO,ES,Federal Contract Tower,0,7,15,3,25,0,0,69,11,80,0,7,84,14,105,181,24,205,310
11/15/2019,BKV,FL,ASO,ES,Federal Contract Tower,0,2,15,0,17,0,0,1,0,1,0,2,16,0,18,0,0,0,18
11/16/2019,BKV,FL,ASO,ES,Federal Contract Tower,0,2,38,0,40,0,0,19,2,21,0,2,57,2,61,4,14,18,79
11/17/2019,BKV,FL,ASO,ES,Federal Contract Tower,0,1,23,0,24,0,0,9,0,9,0,1,32,0,33,24,0,24,57
11/18/2019,BKV,FL,ASO,ES,Federal Contract Tower,0,2,6,0,8,0,1,78,1,80,0,3,84,1,88,103,19,122,210
11/19/2019,BKV,FL,ASO,ES,Federal Contract Tower,0,5,7,0,12,0,8,80,1,89,0,13,87,1,101,89,12,101,202
11/20/2019,BKV,FL,ASO,ES,Federal Contract Tower,0,2,6,1,9,0,4,95,3,102,0,6,101,4,111,225,0,225,336
11/21/2019,BKV,FL,ASO,ES,Federal Contract Tower,0,6,13,1,20,0,2,114,4,120,0,8,127,5,140,162,27,189,329
11/22/2019,BKV,FL,ASO,ES,Federal Contract Tower,0,7,8,0,15,0,2,97,5,104,0,9,105,5,119,151,32,183,302
11/23/2019,BKV,FL,ASO,ES,Federal Contract Tower,0,2,7,0,9,0,2,115,0,117,0,4,122,0,126,112,0,112,238
11/24/2019,BKV,FL,ASO,ES,Federal Contract Tower,0,4,6,0,10,0,3,54,0,57,0,7,60,0,67,63,2,65,132
11/25/2019,BKV,FL,ASO,ES,Federal Contract Tower,0,1,4,0,5,0,2,51,0,53,0,3,55,0,58,141,7,148,206
11/26/2019,BKV,FL,ASO,ES,Federal Contract Tower,0,1,15,3,19,0,6,112,11,129,0,7,127,14,148,162,51,213,361
11/27/2019,BKV,FL,ASO,ES,Federal Contract Tower,0,1,15,8,24,0,8,100,1,109,0,9,115,9,133,80,14,94,227
11/28/2019,BKV,FL,ASO,ES,Federal Contract Tower,0,5,2,0,7,0,6,37,0,43,0,11,39,0,50,8,0,8,58
11/29/2019,BKV,FL,ASO,ES,Federal Contract Tower,0,4,7,0,11,0,3,124,0,127,0,7,131,0,138,98,0,98,236
11/30/2019,BKV,FL,ASO,ES,Federal Contract Tower,0,0,6,0,6,0,1,86,0,87,0,1,92,0,93,93,0,93,186
12/01/2019,BKV,FL,ASO,ES,Federal Contract Tower,0,4,4,0,8,0,2,30,0,32,0,6,34,0,40,32,0,32,72
12/02/2019,BKV,FL,ASO,ES,Federal Contract Tower,0,3,5,4,12,0,1,37,2,40,0,4,42,6,52,10,75,85,137
12/03/2019,BKV,FL,ASO,ES,Federal Contract Tower,0,3,9,1,13,0,4,55,0,59,0,7,64,1,72,61,19,80,152
12/04/2019,BKV,FL,ASO,ES,Federal Contract Tower,0,3,4,2,9,0,3,78,12,93,0,6,82,14,102,117,30,147,249
12/05/2019,BKV,FL,ASO,ES,Federal Contract Tower,0,1,8,1,10,0,3,111,8,122,0,4,119,9,132,75,44,119,251
12/06/2019,BKV,FL,ASO,ES,Federal Contract Tower,0,0,6,1,7,0,3,107,2,112,0,3,113,3,119,52,0,52,171
12/07/2019,BKV,FL,ASO,ES,Federal Contract Tower,0,3,11,0,14,0,5,88,0,93,0,8,99,0,107,104,0,104,211
12/08/2019,BKV,FL,ASO,ES,Federal Contract Tower,0,0,4,0,4,0,6,72,0,78,0,6,76,0,82,83,0,83,165
12/09/2019,BKV,FL,ASO,ES,Federal Contract Tower,0,1,22,0,23,0,3,62,1,66,0,4,84,1,89,85,16,101,190
12/10/2019,BKV,FL,ASO,ES,Federal Contract Tower,0,0,11,0,11,0,2,93,0,95,0,2,104,0,106,145,0,145,251
12/11/2019,BKV,FL,ASO,ES,Federal Contract Tower,0,1,8,3,12,0,2,18,1,21,0,3,26,4,33,62,10,72,105
12/12/2019,BKV,FL,ASO,ES,Federal Contract Tower,0,1,25,2,28,0,4,23,1,28,0,5,48,3,56,48,44,92,148
12/13/2019,BKV,FL,ASO,ES,Federal Contract Tower,0,2,8,0,10,0,2,20,0,22,0,4,28,0,32,72,0,72,104
12/14/2019,BKV,FL,ASO,ES,Federal Contract Tower,0,3,4,0,7,0,11,58,2,71,0,14,62,2,78,40,22,62,140
12/15/2019,BKV,FL,ASO,ES,Federal Contract Tower,0,0,7,0,7,0,4,98,6,108,0,4,105,6,115,60,0,60,175
12/16/2019,BKV,FL,ASO,ES,Federal Contract Tower,0,1,16,4,21,0,8,80,0,88,0,9,96,4,109,54,21,75,184
12/17/2019,BKV,FL,ASO,ES,Federal Contract Tower,0,1,16,0,17,0,2,9,0,11,0,3,25,0,28,10,0,10,38
12/18/2019,BKV,FL,ASO,ES,Federal Contract Tower,0,2,15,3,20,0,3,62,10,75,0,5,77,13,95,96,34,130,225
12/19/2019,BKV,FL,ASO,ES,Federal Contract Tower,0,2,9,0,11,0,6,66,17,89,0,8,75,17,100,99,64,163,263
12/20/2019,BKV,FL,ASO,ES,Federal Contract Tower,0,3,5,2,10,0,6,34,0,40,0,9,39,2,50,52,14,66,116
12/21/2019,BKV,FL,ASO,ES,Federal Contract Tower,0,4,9,1,14,0,2,59,2,63,0,6,68,3,77,84,28,112,189
12/22/2019,BKV,FL,ASO,ES,Federal Contract Tower,0,1,3,0,4,0,2,2,0,4,0,3,5,0,8,10,0,10,18
12/23/2019,BKV,FL,ASO,ES,Federal Contract Tower,0,3,11,0,14,0,0,11,1,12,0,3,22,1,26,34,25,59,85
12/24/2019,BKV,FL,ASO,ES,Federal Contract Tower,0,6,7,0,13,0,1,6,0,7,0,7,13,0,20,0,0,0,20
12/25/2019,BKV,FL,ASO,ES,Federal Contract Tower,0,2,2,0,4,0,9,14,0,23,0,11,16,0,27,28,0,28,55
12/26/2019,BKV,FL,ASO,ES,Federal Contract Tower,0,3,17,0,20,0,1,60,0,61,0,4,77,0,81,69,0,69,150
12/27/2019,BKV,FL,ASO,ES,Federal Contract Tower,0,6,21,0,27,0,4,68,2,74,0,10,89,2,101,100,6,106,207
12/28/2019,BKV,FL,ASO,ES,Federal Contract Tower,0,3,21,0,24,0,2,21,0,23,0,5,42,0,47,42,0,42,89
12/29/2019,BKV,FL,ASO,ES,Federal Contract Tower,0,2,12,0,14,0,2,33,0,35,0,4,45,0,49,67,0,67,116
12/30/2019,BKV,FL,ASO,ES,Federal Contract Tower,0,2,11,0,13,0,2,15,0,17,0,4,26,0,30,26,0,26,56
12/31/2019,BKV,FL,ASO,ES,Federal Contract Tower,0,2,9,0,11,0,6,83,0,89,0,8,92,0,100,147,16,163,263
01/01/2020,BKV,FL,ASO,ES,Federal Contract Tower,0,1,4,0,5,0,3,37,0,40,0,4,41,0,45,142,0,142,187
01/02/2020,BKV,FL,ASO,ES,Federal Contract Tower,0,3,7,0,10,0,5,84,0,89,0,8,91,0,99,106,0,106,205
01/03/2020,BKV,FL,ASO,ES,Federal Contract Tower,0,4,12,5,21,0,0,14,0,14,0,4,26,5,35,25,0,25,60
01/04/2020,BKV,FL,ASO,ES,Federal Contract Tower,0,3,8,0,11,0,1,2,0,3,0,4,10,0,14,0,0,0,14
01/05/2020,BKV,FL,ASO,ES,Federal Contract Tower,0,3,9,0,12,0,3,82,2,87,0,6,91,2,99,81,16,97,196
01/06/2020,BKV,FL,ASO,ES,Federal Contract Tower,0,2,13,0,15,0,1,83,0,84,0,3,96,0,99,128,52,180,279
01/07/2020,BKV,FL,ASO,ES,Federal Contract Tower,0,2,5,0,7,0,3,102,4,109,0,5,107,4,116,104,0,104,220
01/08/2020,BKV,FL,ASO,ES,Federal Contract Tower,0,3,6,3,12,0,6,99,17,122,0,9,105,20,134,128,75,203,337
01/09/2020,BKV,FL,ASO,ES,Federal Contract Tower,0,4,10,0,14,0,7,63,1,71,0,11,73,1,85,74,24,98,183
01/10/2020,BKV,FL,ASO,ES,Federal Contract Tower,0,3,11,0,14,0,2,39,5,46,0,5,50,5,60,33,14,47,107
01/11/2020,BKV,FL,ASO,ES,Federal Contract Tower,0,1,5,2,8,0,5,34,4,43,0,6,39,6,51,39,0,39,90
01/12/2020,BKV,FL,ASO,ES,Federal Contract Tower,0,3,17,0,20,0,1,59,0,60,0,4,76,0,80,118,0,118,198
01/13/2020,BKV,FL,ASO,ES,Federal Contract Tower,0,2,1,0,3,0,5,73,16,94,0,7,74,16,97,79,50,129,226
01/14/2020,BKV,FL,ASO,ES,Federal Contract Tower,0,4,11,0,15,0,3,53,0,56,0,7,64,0,71,30,0,30,101
01/15/2020,BKV,FL,ASO,ES,Federal Contract Tower,0,0,14,1,15,0,2,80,9,91,0,2,94,10,106,78,57,135,241
01/16/2020,BKV,FL,ASO,ES,Federal Contract Tower,0,4,9,0,13,0,3,84,13,100,0,7,93,13,113,165,32,197,310
01/17/2020,BKV,FL,ASO,ES,Federal Contract Tower,0,3,10,0,13,0,0,57,0,57,0,3,67,0,70,29,0,29,99
01/18/2020,BKV,FL,ASO,ES,Federal Contract Tower,0,1,9,0,10,0,7,57,2,66,0,8,66,2,76,44,10,54,130
01/19/2020,BKV,FL,ASO,ES,Federal Contract Tower,0,1,5,0,6,0,4,21,0,25,0,5,26,0,31,46,0,46,77
01/20/2020,BKV,FL,ASO,ES,Federal Contract Tower,0,4,8,0,12,0,7,72,0,79,0,11,80,0,91,134,36,170,261
01/21/2020,BKV,FL,ASO,ES,Federal Contract Tower,0,5,1,1,7,0,2,48,4,54,0,7,49,5,61,71,59,130,191
01/22/2020,BKV,FL,ASO,ES,Federal Contract Tower,0,3,13,5,21,0,4,73,10,87,0,7,86,15,108,119,87,206,314
01/23/2020,BKV,FL,ASO,ES,Federal Contract Tower,0,5,13,2,20,0,0,40,18,58,0,5,53,20,78,164,32,196,274
01/24/2020,BKV,FL,ASO,ES,Federal Contract Tower,0,4,15,1,20,0,3,57,5,65,0,7,72,6,85,109,22,131,216
01/25/2020,BKV,FL,ASO,ES,Federal Contract Tower,0,1,9,0,10,0,5,94,0,99,0,6,103,0,109,80,0,80,189
01/26/2020,BKV,FL,ASO,ES,Federal Contract Tower,0,3,14,0,17,0,1,65,0,66,0,4,79,0,83,83,0,83,166
01/27/2020,BKV,FL,ASO,ES,Federal Contract Tower,0,1,11,0,12,0,8,53,2,63,0,9,64,2,75,109,50,159,234
01/28/2020,BKV,FL,ASO,ES,Federal Contract Tower,0,4,14,2,20,0,3,89,11,103,0,7,103,13,123,89,0,89,212
01/29/2020,BKV,FL,ASO,ES,Federal Contract Tower,0,6,16,2,24,0,5,80,1,86,0,11,96,3,110,178,0,178,288
01/30/2020,BKV,FL,ASO,ES,Federal Contract Tower,0,4,20,0,24,0,0,15,0,15,0,4,35,0,39,39,0,39,78
01/31/2020,BKV,FL,ASO,ES,Federal Contract Tower,0,1,16,6,23,0,2,43,20,65,0,3,59,26,88,129,16,145,233
02/01/2020,BKV,FL,ASO,ES,Federal Contract Tower,0,7,37,0,44,0,1,2,0,3,0,8,39,0,47,0,0,0,47
02/02/2020,BKV,FL,ASO,ES,Federal Contract Tower,0,0,8,0,8,0,3,66,0,69,0,3,74,0,77,52,0,52,129
02/03/2020,BKV,FL,ASO,ES,Federal Contract Tower,0,1,4,10,15,0,3,95,19,117,0,4,99,29,132,149,73,222,354
02/04/2020,BKV,FL,ASO,ES,Federal Contract Tower,0,4,5,1,10,0,1,113,1,115,0,5,118,2,125,159,0,159,284
02/05/2020,BKV,FL,ASO,ES,Federal Contract Tower,0,1,15,2,18,0,6,88,15,109,0,7,103,17,127,98,55,153,280
02/06/2020,BKV,FL,ASO,ES,Federal Contract Tower,0,6,8,1,15,0,3,3,1,7,0,9,11,2,22,0,32,32,54
02/07/2020,BKV,FL,ASO,ES,Federal Contract Tower,0,2,7,0,9,0,4,33,2,39,0,6,40,2,48,45,0,45,93
02/08/2020,BKV,FL,ASO,ES,Federal Contract Tower,0,0,19,1,20,0,4,101,7,112,0,4,120,8,132,35,11,46,178
02/09/2020,BKV,FL,ASO,ES,Federal Contract Tower,0,2,8,0,10,0,3,74,0,77,0,5,82,0,87,97,0,97,184
02/10/2020,BKV,FL,ASO,ES,Federal Contract Tower,0,7,3,7,17,0,0,73,17,90,0,7,76,24,107,104,56,160,267
02/11/2020,BKV,FL,ASO,ES,Federal Contract Tower,0,1,6,2,9,0,2,83,4,89,0,3,89,6,98,117,5,122,220
02/12/2020,BKV,FL,ASO,ES,Federal Contract Tower,0,3,11,7,21,0,2,68,10,80,0,5,79,17,101,84,30,114,215
02/13/2020,BKV,FL,ASO,ES,Federal Contract Tower,0,6,21,5,32,0,8,29,7,44,0,14,50,12,76,5,13,18,94
02/14/2020,BKV,FL,ASO,ES,Federal Contract Tower,0,3,29,1,33,0,0,13,0,13,0,3,42,1,46,56,0,56,102
02/15/2020,BKV,FL,ASO,ES,Federal Contract Tower,0,2,8,0,10,0,2,88,0,90,0,4,96,0,100,101,0,101,201
02/16/2020,BKV,FL,ASO,ES,Federal Contract Tower,0,4,13,0,17,0,4,59,4,67,0,8,72,4,84,83,0,83,167
02/17/2020,BKV,FL,ASO,ES,Federal Contract Tower,0,4,44,0,48,0,2,67,2,71,0,6,111,2,119,89,6,95,214
02/18/2020,BKV,FL,ASO,ES,Federal Contract Tower,0,5,19,1,25,0,3,76,5,84,0,8,95,6,109,116,32,148,257
02/19/2020,BKV,FL,ASO,ES,Federal Contract Tower,0,2,13,0,15,0,0,75,18,93,0,2,88,18,108,174,16,190,298
02/20/2020,BKV,FL,ASO,ES,Federal Contract Tower,0,1,12,0,13,0,1,38,5,44,0,2,50,5,57,40,13,53,110
02/21/2020,BKV,FL,ASO,ES,Federal Contract Tower,0,4,10,1,15,0,3,4,2,9,0,7,14,3,24,15,0,15,39
02/22/2020,BKV,FL,ASO,ES,Federal Contract Tower,0,1,9,0,10,0,4,94,0,98,0,5,103,0,108,50,0,50,158
02/23/2020,BKV,FL,ASO,ES,Federal Contract Tower,0,2,10,0,12,0,4,74,1,79,0,6,84,1,91,92,0,92,183
02/24/2020,BKV,FL,ASO,ES,Federal Contract Tower,0,4,9,1,14,0,0,66,21,87,0,4,75,22,101,45,70,115,216
02/25/2020,BKV,FL,ASO,ES,Federal Contract Tower,0,5,6,0,11,0,1,29,4,34,0,6,35,4,45,91,55,146,191
02/26/2020,BKV,FL,ASO,ES,Federal Contract Tower,0,3,12,0,15,0,1,26,0,27,0,4,38,0,42,10,0,10,52
02/27/2020,BKV,FL,ASO,ES,Federal Contract Tower,0,3,12,0,15,0,1,70,14,85,0,4,82,14,100,57,48,105,205
02/28/2020,BKV,FL,ASO,ES,Federal Contract Tower,0,1,15,0,16,0,2,77,9,88,0,3,92,9,104,103,24,127,231
02/29/2020,BKV,FL,ASO,ES,Federal Contract Tower,0,1,6,0,7,0,1,63,2,66,0,2,69,2,73,73,0,73,146
03/01/2020,BKV,FL,ASO,ES,Federal Contract Tower,0,0,4,0,4,0,4,88,4,96,0,4,92,4,100,110,0,110,210
03/02/2020,BKV,FL,ASO,ES,Federal Contract Tower,0,5,8,0,13,0,5,62,2,69,0,10,70,2,82,62,95,157,239
03/03/2020,BKV,FL,ASO,ES,Federal Contract Tower,0,2,6,0,8,0,3,75,7,85,0,5,81,7,93,99,17,116,209
03/04/2020,BKV,FL,ASO,ES,Federal Contract Tower,0,4,9,0,13,0,1,104,9,114,0,5,113,9,127,53,60,113,240
03/05/2020,BKV,FL,ASO,ES,Federal Contract Tower,0,0,7,1,8,0,4,15,0,19,0,4,22,1,27,4,0,4,31
03/06/2020,BKV,FL,ASO,ES,Federal Contract Tower,0,4,8,4,16,0,3,49,16,68,0,7,57,20,84,24,26,50,134
03/07/2020,BKV,FL,ASO,ES,Federal Contract Tower,0,0,12,0,12,0,5,142,0,147,0,5,154,0,159,88,0,88,247
03/08/2020,BKV,FL,ASO,ES,Federal Contract Tower,0,0,8,0,8,0,2,86,0,88,0,2,94,0,96,80,0,80,176
03/09/2020,BKV,FL,ASO,ES,Federal Contract Tower,0,4,12,0,16,0,1,80,0,81,0,5,92,0,97,180,54,234,331
03/10/2020,BKV,FL,ASO,ES,Federal Contract Tower,0,2,6,2,10,0,2,117,2,121,0,4,123,4,131,192,0,192,323
03/11/2020,BKV,FL,ASO,ES,Federal Contract Tower,0,4,8,1,13,0,6,112,10,128,0,10,120,11,141,109,94,203,344
03/12/2020,BKV,FL,ASO,ES,Federal Contract Tower,0,3,15,2,20,0,2,136,14,152,0,5,151,16,172,224,93,317,489
03/13/2020,BKV,FL,ASO,ES,Federal Contract Tower,0,2,7,2,11,0,2,99,7,108,0,4,106,9,119,146,15,161,280
03/14/2020,BKV,FL,ASO,ES,Federal Contract Tower,0,4,5,0,9,0,3,128,1,132,0,7,133,1,141,132,0,132,273
03/15/2020,BKV,FL,ASO,ES,Federal Contract Tower,0,7,10,0,17,0,3,93,0,96,0,10,103,0,113,191,0,191,304
03/16/2020,BKV,FL,ASO,ES,Federal Contract Tower,0,2,15,0,17,0,0,87,4,91,0,2,102,4,108,148,12,160,268
03/17/2020,BKV,FL,ASO,ES,Federal Contract Tower,0,3,16,9,28,0,3,63,3,69,0,6,79,12,97,172,40,212,309
03/18/2020,BKV,FL,ASO,ES,Federal Contract Tower,0,1,6,1,8,0,6,89,8,103,0,7,95,9,111,86,93,179,290
03/19/2020,BKV,FL,ASO,ES,Federal Contract Tower,0,4,7,4,15,0,3,61,4,68,0,7,68,8,83,92,27,119,202
03/20/2020,BKV,FL,ASO,ES,Federal Contract Tower,0,5,18,4,27,0,10,100,5,115,0,15,118,9,142,149,12,161,303
03/21/2020,BKV,FL,ASO,ES,Federal Contract Tower,0,3,4,0,7,0,4,79,0,83,0,7,83,0,90,120,0,120,210
03/22/2020,BKV,FL,ASO,ES,Federal Contract Tower,0,4,4,1,9,0,2,73,6,81,0,6,77,7,90,72,2,74,164
03/23/2020,BKV,FL,ASO,ES,Federal Contract Tower,0,1,8,1,10,0,0,41,0,41,0,1,49,1,51,115,30,145,196
03/24/2020,BKV,FL,ASO,ES,Federal Contract Tower,0,1,4,6,11,0,11,72,0,83,0,12,76,6,94,201,0,201,295
03/25/2020,BKV,FL,ASO,ES,Federal Contract Tower,0,0,11,3,14,0,2,43,7,52,0,2,54,10,66,132,23,155,221
03/26/2020,BKV,FL,ASO,ES,Federal Contract Tower,0,3,16,2,21,0,7,70,7,84,0,10,86,9,105,144,32,176,281
03/27/2020,BKV,FL,ASO,ES,Federal Contract Tower,0,2,10,0,12,0,0,51,3,54,0,2,61,3,66,108,0,108,174
03/28/2020,BKV,FL,ASO,ES,Federal Contract Tower,0,0,7,0,7,0,1,61,0,62,0,1,68,0,69,182,0,182,251
03/29/2020,BKV,FL,ASO,ES,Federal Contract Tower,0,2,1,0,3,0,0,56,0,56,0,2,57,0,59,202,0,202,261
03/30/2020,BKV,FL,ASO,ES,Federal Contract Tower,0,2,11,0,13,0,0,59,6,65,0,2,70,6,78,110,62,172,250
03/31/2020,BKV,FL,ASO,ES,Federal Contract Tower,0,2,9,0,11,0,1,25,7,33,0,3,34,7,44,45,30,75,119
04/01/2020,BKV,FL,ASO,ES,Federal Contract Tower,0,0,7,2,9,0,0,77,10,87,0,0,84,12,96,172,23,195,291
04/02/2020,BKV,FL,ASO,ES,Federal Contract Tower,0,0,8,0,8,0,2,107,12,121,0,2,115,12,129,131,42,173,302
04/03/2020,BKV,FL,ASO,ES,Federal Contract Tower,0,1,10,0,11,0,2,59,7,68,0,3,69,7,79,165,14,179,258
04/04/2020,BKV,FL,ASO,ES,Federal Contract Tower,0,2,4,0,6,0,6,92,9,107,0,8,96,9,113,126,30,156,269
04/05/2020,BKV,FL,ASO,ES,Federal Contract Tower,0,4,3,5,12,0,0,6,3,9,0,4,9,8,21,0,11,11,32
04/06/2020,BKV,FL,ASO,ES,Federal Contract Tower,0,2,16,3,21,0,3,49,5,57,0,5,65,8,78,176,84,260,338
04/07/2020,BKV,FL,ASO,ES,Federal Contract Tower,0,1,5,0,6,0,3,61,0,64,0,4,66,0,70,105,46,151,221
04/08/2020,BKV,FL,ASO,ES,Federal Contract Tower,0,1,14,1,16,0,0,68,11,79,0,1,82,12,95,237,26,263,358
04/09/2020,BKV,FL,ASO,ES,Federal Contract Tower,0,2,10,0,12,0,0,19,14,33,0,2,29,14,45,62,31,93,138
04/10/2020,BKV,FL,ASO,ES,Federal Contract Tower,0,3,6,0,9,0,1,50,1,52,0,4,56,1,61,127,24,151,212
04/11/2020,BKV,FL,ASO,ES,Federal Contract Tower,0,0,2,0,2,0,0,108,2,110,0,0,110,2,112,172,13,185,297
04/12/2020,BKV,FL,ASO,ES,Federal Contract Tower,0,0,4,0,4,0,0,24,18,42,0,0,28,18,46,4,0,4,50
04/13/2020,BKV,FL,ASO,ES,Federal Contract Tower,0,3,7,3,13,0,2,20,1,23,0,5,27,4,36,42,47,89,125
04/14/2020,BKV,FL,ASO,ES,Federal Contract Tower,0,1,3,0,4,0,0,47,0,47,0,1,50,0,51,79,0,79,130
04/15/2020,BKV,FL,ASO,ES,Federal Contract Tower,0,0,4,0,4,0,0,7,0,7,0,0,11,0,11,0,20,20,31
04/16/2020,BKV,FL,ASO,ES,Federal Contract Tower,0,2,7,0,9,0,0,14,9,23,0,2,21,9,32,4,21,25,57
04/17/2020,BKV,FL,ASO,ES,Federal Contract Tower,0,0,13,8,21,0,2,84,4,90,0,2,97,12,111,187,16,203,314
04/18/2020,BKV,FL,ASO,ES,Federal Contract Tower,0,0,0,0,0,0,1,31,0,32,0,1,31,0,32,17,0,17,49
04/19/2020,BKV,FL,ASO,ES,Federal Contract Tower,0,3,2,0,5,0,4,83,1,88,0,7,85,1,93,56,2,58,151
04/20/2020,BKV,FL,ASO,ES,Federal Contract Tower,0,2,3,0,5,0,2,19,0,21,0,4,22,0,26,32,34,66,92
04/21/2020,BKV,FL,ASO,ES,Federal Contract Tower,0,0,11,0,11,0,0,138,0,138,0,0,149,0,149,179,0,179,328
04/22/2020,BKV,FL,ASO,ES,Federal Contract Tower,0,0,8,0,8,0,0,106,9,115,0,0,114,9,123,133,22,155,278
04/23/2020,BKV,FL,ASO,ES,Federal Contract Tower,0,4,9,0,13,0,0,47,10,57,0,4,56,10,70,9,32,41,111
04/24/2020,BKV,FL,ASO,ES,Federal Contract Tower,0,1,7,0,8,0,0,2,0,2,0,1,9,0,10,4,0,4,14
04/25/2020,BKV,FL,ASO,ES,Federal Contract Tower,0,3,0,0,3,0,2,46,0,48,0,5,46,0,51,117,0,117,168
04/26/2020,BKV,FL,ASO,ES,Federal Contract Tower,0,5,7,0,12,0,3,76,2,81,0,8,83,2,93,68,0,68,161
04/27/2020,BKV,FL,ASO,ES,Federal Contract Tower,0,3,5,0,8,0,4,96,0,100,0,7,101,0,108,174,0,174,282
04/28/2020,BKV,FL,ASO,ES,Federal Contract Tower,0,3,19,4,26,0,3,108,0,111,0,6,127,4,137,189,0,189,326
04/29/2020,BKV,FL,ASO,ES,Federal Contract Tower,0,3,9,0,12,0,3,115,7,125,0,6,124,7,137,178,71,249,386
04/30/2020,BKV,FL,ASO,ES,Federal Contract Tower,0,1,5,1,7,0,0,20,3,23,0,1,25,4,30,5,20,25,55
05/01/2020,BKV,FL,ASO,ES,Federal Contract Tower,0,0,9,0,9,0,0,93,4,97,0,0,102,4,106,109,21,130,236
05/02/2020,BKV,FL,ASO,ES,Federal Contract Tower,0,1,10,0,11,0,1,107,0,108,0,2,117,0,119,110,0,110,229
05/03/2020,BKV,FL,ASO,ES,Federal Contract Tower,0,3,11,0,14,0,3,101,0,104,0,6,112,0,118,58,6,64,182
05/04/2020,BKV,FL,ASO,ES,Federal Contract Tower,0,1,9,3,13,0,0,58,1,59,0,1,67,4,72,87,53,140,212
05/05/2020,BKV,FL,ASO,ES,Federal Contract Tower,0,2,15,0,17,0,2,87,6,95,0,4,102,6,112,194,100,294,406
05/06/2020,BKV,FL,ASO,ES,Federal Contract Tower,0,0,10,0,10,0,0,83,6,89,0,0,93,6,99,161,28,189,288
05/07/2020,BKV,FL,ASO,ES,Federal Contract Tower,0,3,11,0,14,0,0,122,14,136,0,3,133,14,150,54,36,90,240
05/08/2020,BKV,FL,ASO,ES,Federal Contract Tower,0,1,11,2,14,0,2,109,4,115,0,3,120,6,129,114,8,122,251
05/09/2020,BKV,FL,ASO,ES,Federal Contract Tower,0,4,10,0,14,0,0,102,3,105,0,4,112,3,119,180,39,219,338
05/10/2020,BKV,FL,ASO,ES,Federal Contract Tower,0,1,8,7,16,0,0,31,1,32,0,1,39,8,48,23,4,27,75
05/11/2020,BKV,FL,ASO,ES,Federal Contract Tower,0,2,9,0,11,0,3,74,1,78,0,5,83,1,89,96,37,133,222
05/12/2020,BKV,FL,ASO,ES,Federal Contract Tower,0,1,15,0,16,0,2,76,1,79,0,3,91,1,95,114,27,141,236
05/13/2020,BKV,FL,ASO,ES,Federal Contract Tower,0,1,13,4,18,0,1,86,12,99,0,2,99,16,117,105,98,203,320
05/14/2020,BKV,FL,ASO,ES,Federal Contract Tower,0,1,12,8,21,0,0,61,21,82,0,1,73,29,103,86,40,126,229
05/15/2020,BKV,FL,ASO,ES,Federal Contract Tower,0,0,3,2,5,0,3,62,4,69,0,3,65,6,74,94,2,96,170
05/16/2020,BKV,FL,ASO,ES,Federal Contract Tower,0,0,25,0,25,0,2,55,6,63,0,2,80,6,88,92,0,92,180
05/17/2020,BKV,FL,ASO,ES,Federal Contract Tower,0,1,17,0,18,0,1,90,0,91,0,2,107,0,109,125,0,125,234
05/18/2020,BKV,FL,ASO,ES,Federal Contract Tower,0,3,3,0,6,0,4,16,2,22,0,7,19,2,28,12,0,12,40
05/19/2020,BKV,FL,ASO,ES,Federal Contract Tower,0,3,9,0,12,0,5,75,3,83,0,8,84,3,95,141,35,176,271
05/20/2020,BKV,FL,ASO,ES,Federal Contract Tower,0,1,14,3,18,0,2,105,10,117,0,3,119,13,135,71,43,114,249
05/21/2020,BKV,FL,ASO,ES,Federal Contract Tower,0,0,12,0,12,0,2,52,14,68,0,2,64,14,80,133,90,223,303
05/22/2020,BKV,FL,ASO,ES,Federal Contract Tower,0,1,16,0,17,0,0,89,2,91,0,1,105,2,108,201,12,213,321
05/23/2020,BKV,FL,ASO,ES,Federal Contract Tower,0,3,12,0,15,0,1,91,0,92,0,4,103,0,107,218,0,218,325
05/24/2020,BKV,FL,ASO,ES,Federal Contract Tower,0,2,4,0,6,0,1,47,0,48,0,3,51,0,54,75,0,75,129
05/25/2020,BKV,FL,ASO,ES,Federal Contract Tower,0,1,2,4,7,0,0,5,0,5,0,1,7,4,12,14,0,14,26
05/26/2020,BKV,FL,ASO,ES,Federal Contract Tower,0,2,21,0,23,0,0,53,2,55,0,2,74,2,78,184,29,213,291
05/27/2020,BKV,FL,ASO,ES,Federal Contract Tower,0,0,33,0,33,0,3,70,13,86,0,3,103,13,119,137,91,228,347
05/28/2020,BKV,FL,ASO,ES,Federal Contract Tower,0,3,9,0,12,0,0,77,2,79,0,3,86,2,91,90,6,96,187
05/29/2020,BKV,FL,ASO,ES,Federal Contract Tower,0,1,13,0,14,0,3,106,6,115,0,4,119,6,129,127,0,127,256
05/30/2020,BKV,FL,ASO,ES,Federal Contract Tower,0,0,16,0,16,0,2,102,0,104,0,2,118,0,120,158,0,158,278
05/31/2020,BKV,FL,ASO,ES,Federal Contract Tower,0,0,10,0,10,0,0,91,0,91,0,0,101,0,101,73,0,73,174
06/01/2020,BKV,FL,ASO,ES,Federal Contract Tower,0,1,21,4,26,0,0,71,2,73,0,1,92,6,99,108,29,137,236
06/02/2020,BKV,FL,ASO,ES,Federal Contract Tower,0,4,11,1,16,0,4,61,3,68,0,8,72,4,84,152,55,207,291
06/03/2020,BKV,FL,ASO,ES,Federal Contract Tower,0,3,23,1,27,0,0,56,6,62,0,3,79,7,89,151,0,151,240
06/04/2020,BKV,FL,ASO,ES,Federal Contract Tower,0,8,2,0,10,0,0,18,0,18,0,8,20,0,28,35,0,35,63
06/05/2020,BKV,FL,ASO,ES,Federal Contract Tower,0,0,9,0,9,0,0,47,0,47,0,0,56,0,56,106,0,106,162
06/06/2020,BKV,FL,ASO,ES,Federal Contract Tower,0,0,2,0,2,0,0,3,0,3,0,0,5,0,5,0,0,0,5
06/07/2020,BKV,FL,ASO,ES,Federal Contract Tower,0,1,3,0,4,0,0,14,0,14,0,1,17,0,18,20,0,20,38
06/08/2020,BKV,FL,ASO,ES,Federal Contract Tower,0,0,11,0,11,0,0,28,0,28,0,0,39,0,39,39,6,45,84
06/09/2020,BKV,FL,ASO,ES,Federal Contract Tower,0,0,19,1,20,0,2,67,17,86,0,2,86,18,106,200,74,274,380
06/10/2020,BKV,FL,ASO,ES,Federal Contract Tower,0,2,12,9,23,0,3,78,13,94,0,5,90,22,117,199,66,265,382
06/11/2020,BKV,FL,ASO,ES,Federal Contract Tower,0,4,12,2,18,0,2,78,15,95,0,6,90,17,113,283,31,314,427
06/12/2020,BKV,FL,ASO,ES,Federal Contract Tower,0,0,20,8,28,0,5,133,2,140,0,5,153,10,168,250,50,300,468
06/13/2020,BKV,FL,ASO,ES,Federal Contract Tower,0,1,12,0,13,0,3,59,0,62,0,4,71,0,75,133,0,133,208
06/14/2020,BKV,FL,ASO,ES,Federal Contract Tower,0,6,7,0,13,0,6,117,0,123,0,12,124,0,136,159,0,159,295
06/15/2020,BKV,FL,ASO,ES,Federal Contract Tower,0,2,18,1,21,0,3,90,11,104,0,5,108,12,125,154,66,220,345
06/16/2020,BKV,FL,ASO,ES,Federal Contract Tower,0,0,11,7,18,0,4,99,8,111,0,4,110,15,129,110,56,166,295
06/17/2020,BKV,FL,ASO,ES,Federal Contract Tower,0,0,7,8,15,0,0,100,27,127,0,0,107,35,142,213,86,299,441
06/18/2020,BKV,FL,ASO,ES,Federal Contract Tower,0,2,8,0,10,0,0,99,5,104,0,2,107,5,114,230,16,246,360
06/19/2020,BKV,FL,ASO,ES,Federal Contract Tower,0,0,9,1,10,0,2,61,3,66,0,2,70,4,76,223,13,236,312
06/20/2020,BKV,FL,ASO,ES,Federal Contract Tower,0,2,7,0,9,0,0,102,0,102,0,2,109,0,111,121,0,121,232
06/21/2020,BKV,FL,ASO,ES,Federal Contract Tower,0,0,6,0,6,0,2,65,0,67,0,2,71,0,73,107,0,107,180
06/22/2020,BKV,FL,ASO,ES,Federal Contract Tower,0,0,14,1,15,0,0,85,5,90,0,0,99,6,105,151,32,183,288
06/23/2020,BKV,FL,ASO,ES,Federal Contract Tower,0,5,11,1,17,0,1,92,5,98,0,6,103,6,115,107,31,138,253
06/24/2020,BKV,FL,ASO,ES,Federal Contract Tower,0,5,8,12,25,0,4,101,12,117,0,9,109,24,142,265,54,319,461
06/25/2020,BKV,FL,ASO,ES,Federal Contract Tower,0,1,17,4,22,0,4,101,5,110,0,5,118,9,132,216,40,256,388
06/26/2020,BKV,FL,ASO,ES,Federal Contract Tower,0,2,9,2,13,0,1,92,1,94,0,3,101,3,107,141,8,149,256
06/27/2020,BKV,FL,ASO,ES,Federal Contract Tower,0,2,12,0,14,0,4,101,0,105,0,6,113,0,119,167,0,167,286
06/28/2020,BKV,FL,ASO,ES,Federal Contract Tower,0,0,7,0,7,0,0,67,0,67,0,0,74,0,74,139,0,139,213
06/29/2020,BKV,FL,ASO,ES,Federal Contract Tower,0,2,3,0,5,0,0,85,4,89,0,2,88,4,94,175,22,197,291
06/30/2020,BKV,FL,ASO,ES,Federal Contract Tower,0,1,21,4,26,0,2,112,9,123,0,3,133,13,149,72,45,117,266
07/01/2020,BKV,FL,ASO,ES,Federal Contract Tower,0,2,8,3,13,0,2,59,17,78,0,4,67,20,91,183,55,238,329
07/02/2020,BKV,FL,ASO,ES,Federal Contract Tower,0,4,14,0,18,0,2,53,0,55,0,6,67,0,73,75,0,75,148
07/03/2020,BKV,FL,ASO,ES,Federal Contract Tower,0,3,4,0,7,0,1,33,2,36,0,4,37,2,43,45,24,69,112
07/04/2020,BKV,FL,ASO,ES,Federal Contract Tower,0,1,1,0,2,0,3,37,3,43,0,4,38,3,45,85,0,85,130
07/05/2020,BKV,FL,ASO,ES,Federal Contract Tower,0,0,9,0,9,0,2,21,0,23,0,2,30,0,32,48,0,48,80
07/06/2020,BKV,FL,ASO,ES,Federal Contract Tower,0,2,8,0,10,0,0,35,2,37,0,2,43,2,47,64,7,71,118
07/07/2020,BKV,FL,ASO,ES,Federal Contract Tower,0,1,11,0,12,0,0,35,1,36,0,1,46,1,48,75,20,95,143
07/08/2020,BKV,FL,ASO,ES,Federal Contract Tower,0,2,7,0,9,0,1,50,4,55,0,3,57,4,64,78,0,78,142
07/09/2020,BKV,FL,ASO,ES,Federal Contract Tower,0,1,8,0,9,0,2,110,0,112,0,3,118,0,121,95,0,95,216
07/10/2020,BKV,FL,ASO,ES,Federal Contract Tower,0,0,8,0,8,0,2,35,13,50,0,2,43,13,58,70,51,121,179
07/11/2020,BKV,FL,ASO,ES,Federal Contract Tower,0,0,3,0,3,0,4,52,0,56,0,4,55,0,59,81,0,81,140
07/12/2020,BKV,FL,ASO,ES,Federal Contract Tower,0,1,4,0,5,0,0,62,0,62,0,1,66,0,67,93,0,93,160
07/13/2020,BKV,FL,ASO,ES,Federal Contract Tower,0,3,14,0,17,0,1,56,3,60,0,4,70,3,77,121,84,205,282
07/14/2020,BKV,FL,ASO,ES,Federal Contract Tower,0,1,17,2,20,0,0,52,5,57,0,1,69,7,77,86,24,110,187
07/15/2020,BKV,FL,ASO,ES,Federal Contract Tower,0,6,11,1,18,0,0,99,8,107,0,6,110,9,125,115,57,172,297
07/16/2020,BKV,FL,ASO,ES,Federal Contract Tower,0,2,16,2,20,0,3,103,22,128,0,5,119,24,148,210,46,256,404
07/17/2020,BKV,FL,ASO,ES,Federal Contract Tower,0,1,19,4,24,0,0,87,17,104,0,1,106,21,128,124,47,171,299
07/18/2020,BKV,FL,ASO,ES,Federal Contract Tower,0,0,7,0,7,0,0,55,0,55,0,0,62,0,62,113,0,113,175
07/19/2020,BKV,FL,ASO,ES,Federal Contract Tower,0,0,9,0,9,0,2,83,0,85,0,2,92,0,94,140,0,140,234
07/20/2020,BKV,FL,ASO,ES,Federal Contract Tower,0,0,11,3,14,0,1,79,3,83,0,1,90,6,97,216,99,315,412
07/21/2020,BKV,FL,ASO,ES,Federal Contract Tower,0,4,22,14,40,0,6,59,7,72,0,10,81,21,112,114,24,138,250
07/22/2020,BKV,FL,ASO,ES,Federal Contract Tower,1,1,9,2,13,0,3,51,5,59,1,4,60,7,72,56,48,104,176
07/23/2020,BKV,FL,ASO,ES,Federal Contract Tower,0,2,14,0,16,0,0,39,6,45,0,2,53,6,61,96,25,121,182
07/24/2020,BKV,FL,ASO,ES,Federal Contract Tower,0,0,17,14,31,0,0,79,6,85,0,0,96,20,116,95,49,144,260
07/25/2020,BKV,FL,ASO,ES,Federal Contract Tower,0,3,7,0,10,0,1,106,2,109,0,4,113,2,119,85,33,118,237
07/26/2020,BKV,FL,ASO,ES,Federal Contract Tower,0,1,6,0,7,0,1,62,0,63,0,2,68,0,70,63,0,63,133
07/27/2020,BKV,FL,ASO,ES,Federal Contract Tower,0,0,6,0,6,0,0,53,12,65,0,0,59,12,71,56,53,109,180
07/28/2020,BKV,FL,ASO,ES,Federal Contract Tower,0,0,8,2,10,0,0,43,10,53,0,0,51,12,63,89,46,135,198
07/29/2020,BKV,FL,ASO,ES,Federal Contract Tower,0,2,20,2,24,0,0,76,12,88,0,2,96,14,112,106,70,176,288
07/30/2020,BKV,FL,ASO,ES,Federal Contract Tower,0,0,20,1,21,0,0,95,22,117,0,0,115,23,138,154,53,207,345
07/31/2020,BKV,FL,ASO,ES,Federal Contract Tower,0,0,6,0,6,0,0,73,9,82,0,0,79,9,88,107,0,107,195
08/01/2020,BKV,FL,ASO,ES,Federal Contract Tower,0,0,9,0,9,0,1,122,13,136,0,1,131,13,145,68,6,74,219
08/02/2020,BKV,FL,ASO,ES,Federal Contract Tower,0,0,2,0,2,0,2,45,0,47,0,2,47,0,49,48,0,48,97
08/03/2020,BKV,FL,ASO,ES,Federal Contract Tower,0,1,7,0,8,0,0,87,23,110,0,1,94,23,118,134,2,136,254
08/04/2020,BKV,FL,ASO,ES,Federal Contract Tower,0,0,13,0,13,0,0,113,9,122,0,0,126,9,135,127,24,151,286
08/05/2020,BKV,FL,ASO,ES,Federal Contract Tower,0,1,21,3,25,0,1,53,10,64,0,2,74,13,89,155,130,285,374
08/06/2020,BKV,FL,ASO,ES,Federal Contract Tower,0,7,7,8,22,0,5,82,23,110,0,12,89,31,132,119,61,180,312
08/07/2020,BKV,FL,ASO,ES,Federal Contract Tower,0,0,17,0,17,0,4,69,4,77,0,4,86,4,94,177,85,262,356
08/08/2020,BKV,FL,ASO,ES,Federal Contract Tower,0,0,13,1,14,0,2,120,0,122,0,2,133,1,136,127,0,127,263
08/09/2020,BKV,FL,ASO,ES,Federal Contract Tower,0,0,15,0,15,0,0,58,0,58,0,0,73,0,73,66,0,66,139
08/10/2020,BKV,FL,ASO,ES,Federal Contract Tower,0,0,6,0,6,0,3,75,4,82,0,3,81,4,88,159,64,223,311
08/11/2020,BKV,FL,ASO,ES,Federal Contract Tower,0,0,12,4,16,0,1,93,6,100,0,1,105,10,116,118,46,164,280
08/12/2020,BKV,FL,ASO,ES,Federal Contract Tower,0,1,15,9,25,0,3,71,12,86,0,4,86,21,111,285,122,407,518
08/13/2020,BKV,FL,ASO,ES,Federal Contract Tower,0,5,16,3,24,0,0,88,13,101,0,5,104,16,125,192,106,298,423
08/14/2020,BKV,FL,ASO,ES,Federal Contract Tower,0,3,25,0,28,0,1,73,22,96,0,4,98,22,124,95,13,108,232
08/15/2020,BKV,FL,ASO,ES,Federal Contract Tower,0,1,6,0,7,0,1,39,0,40,0,2,45,0,47,57,0,57,104
08/16/2020,BKV,FL,ASO,ES,Federal Contract Tower,0,0,11,0,11,0,2,57,0,59,0,2,68,0,70,44,0,44,114
08/17/2020,BKV,FL,ASO,ES,Federal Contract Tower,0,0,5,5,10,0,0,57,13,70,0,0,62,18,80,75,72,147,227
08/18/2020,BKV,FL,ASO,ES,Federal Contract Tower,0,0,9,4,13,0,6,60,31,97,0,6,69,35,110,96,69,165,275
08/19/2020,BKV,FL,ASO,ES,Federal Contract Tower,0,2,8,11,21,0,2,75,19,96,0,4,83,30,117,115,47,162,279
08/20/2020,BKV,FL,ASO,ES,Federal Contract Tower,0,0,2,0,2,0,13,44,13,70,0,13,46,13,72,55,40,95,167
08/21/2020,BKV,FL,ASO,ES,Federal Contract Tower,0,1,11,0,12,0,4,55,8,67,0,5,66,8,79,93,0,93,172
08/22/2020,BKV,FL,ASO,ES,Federal Contract Tower,0,0,9,0,9,0,3,68,0,71,0,3,77,0,80,92,0,92,172
08/23/2020,BKV,FL,ASO,ES,Federal Contract Tower,0,0,11,0,11,0,0,56,0,56,0,0,67,0,67,58,0,58,125
08/24/2020,BKV,FL,ASO,ES,Federal Contract Tower,0,1,19,0,20,0,0,44,9,53,0,1,63,9,73,15,9,24,97
08/25/2020,BKV,FL,ASO,ES,Federal Contract Tower,0,0,19,3,22,0,2,69,2,73,0,2,88,5,95,71,2,73,168
08/26/2020,BKV,FL,ASO,ES,Federal Contract Tower,0,6,23,2,31,0,6,120,11,137,0,12,143,13,168,107,8,115,283
08/27/2020,BKV,FL,ASO,ES,Federal Contract Tower,0,0,17,2,19,0,2,115,10,127,0,2,132,12,146,184,10,194,340
08/28/2020,BKV,FL,ASO,ES,Federal Contract Tower,0,0,26,0,26,0,4,117,3,124,0,4,143,3,150,149,0,149,299
08/29/2020,BKV,FL,ASO,ES,Federal Contract Tower,0,1,9,0,10,0,1,63,0,64,0,2,72,0,74,78,0,78,152
08/30/2020,BKV,FL,ASO,ES,Federal Contract Tower,0,2,13,0,15,0,0,23,0,23,0,2,36,0,38,1,0,1,39
08/31/2020,BKV,FL,ASO,ES,Federal Contract Tower,0,4,8,0,12,0,0,26,4,30,0,4,34,4,42,30,0,30,72
09/01/2020,BKV,FL,ASO,ES,Federal Contract Tower,0,2,19,0,21,0,1,82,28,111,0,3,101,28,132,145,122,267,399
09/02/2020,BKV,FL,ASO,ES,Federal Contract Tower,0,0,15,0,15,0,3,112,33,148,0,3,127,33,163,232,89,321,484
09/03/2020,BKV,FL,ASO,ES,Federal Contract Tower,0,0,14,0,14,0,8,133,17,158,0,8,147,17,172,104,24,128,300
09/04/2020,BKV,FL,ASO,ES,Federal Contract Tower,0,0,17,0,17,0,3,98,8,109,0,3,115,8,126,244,143,387,513
09/05/2020,BKV,FL,ASO,ES,Federal Contract Tower,0,1,12,0,13,0,0,113,0,113,0,1,125,0,126,119,0,119,245
09/06/2020,BKV,FL,ASO,ES,Federal Contract Tower,0,0,12,0,12,0,0,52,4,56,0,0,64,4,68,71,0,71,139
09/07/2020,BKV,FL,ASO,ES,Federal Contract Tower,0,0,17,0,17,0,1,51,0,52,0,1,68,0,69,164,0,164,233
09/08/2020,BKV,FL,ASO,ES,Federal Contract Tower,0,3,25,7,35,0,2,59,12,73,0,5,84,19,108,89,68,157,265
09/09/2020,BKV,FL,ASO,ES,Federal Contract Tower,0,2,26,19,47,0,1,36,0,37,0,3,62,19,84,16,0,16,100
09/10/2020,BKV,FL,ASO,ES,Federal Contract Tower,0,1,27,0,28,0,2,82,22,106,0,3,109,22,134,181,46,227,361
09/11/2020,BKV,FL,ASO,ES,Federal Contract Tower,0,1,10,3,14,0,0,24,2,26,0,1,34,5,40,23,16,39,79
09/12/2020,BKV,FL,ASO,ES,Federal Contract Tower,0,0,4,0,4,0,0,21,0,21,0,0,25,0,25,19,0,19,44
09/13/2020,BKV,FL,ASO,ES,Federal Contract Tower,0,4,12,0,16,0,2,8,0,10,0,6,20,0,26,10,0,10,36
09/14/2020,BKV,FL,ASO,ES,Federal Contract Tower,0,1,10,3,14,0,0,23,11,34,0,1,33,14,48,64,26,90,138
09/15/2020,BKV,FL,ASO,ES,Federal Contract Tower,0,1,16,8,25,0,0,35,5,40,0,1,51,13,65,73,0,73,138
09/16/2020,BKV,FL,ASO,ES,Federal Contract Tower,0,3,21,0,24,0,1,64,7,72,0,4,85,7,96,115,93,208,304
09/17/2020,BKV,FL,ASO,ES,Federal Contract Tower,0,2,10,0,12,0,0,19,16,35,0,2,29,16,47,12,39,51,98
09/18/2020,BKV,FL,ASO,ES,Federal Contract Tower,0,1,18,6,25,0,1,103,9,113,0,2,121,15,138,165,42,207,345
09/19/2020,BKV,FL,ASO,ES,Federal Contract Tower,0,0,12,0,12,0,0,108,0,108,0,0,120,0,120,183,0,183,303
09/20/2020,BKV,FL,ASO,ES,Federal Contract Tower,0,1,20,0,21,0,0,9,0,9,0,1,29,0,30,0,0,0,30
09/21/2020,BKV,FL,ASO,ES,Federal Contract Tower,0,0,16,1,17,0,5,50,8,63,0,5,66,9,80,96,48,144,224
09/22/2020,BKV,FL,ASO,ES,Federal Contract Tower,0,1,11,6,18,0,2,152,3,157,0,3,163,9,175,183,47,230,405
09/23/2020,BKV,FL,ASO,ES,Federal Contract Tower,0,0,17,7,24,0,3,136,17,156,0,3,153,24,180,176,100,276,456
09/24/2020,BKV,FL,ASO,ES,Federal Contract Tower,0,0,7,5,12,0,2,111,20,133,0,2,118,25,145,217,66,283,428
09/25/2020,BKV,FL,ASO,ES,Federal Contract Tower,0,0,13,6,19,0,2,105,15,122,0,2,118,21,141,176,57,233,374
09/26/2020,BKV,FL,ASO,ES,Federal Contract Tower,0,0,9,0,9,0,4,57,0,61,0,4,66,0,70,28,0,28,98
09/27/2020,BKV,FL,ASO,ES,Federal Contract Tower,0,0,7,0,7,0,0,82,0,82,0,0,89,0,89,111,0,111,200
09/28/2020,BKV,FL,ASO,ES,Federal Contract Tower,0,1,12,0,13,0,4,42,0,46,0,5,54,0,59,68,0,68,127
09/29/2020,BKV,FL,ASO,ES,Federal Contract Tower,0,2,20,2,24,0,0,26,4,30,0,2,46,6,54,40,5,45,99
09/30/2020,BKV,FL,ASO,ES,Federal Contract Tower,0,0,8,2,10,0,3,164,13,180,0,3,172,15,190,130,119,249,439
10/01/2020,BKV,FL,ASO,ES,Federal Contract Tower,0,6,24,9,39,0,2,134,16,152,0,8,158,25,191,203,31,234,425
10/02/2020,BKV,FL,ASO,ES,Federal Contract Tower,0,0,8,4,12,0,4,159,8,171,0,4,167,12,183,176,15,191,374
10/03/2020,BKV,FL,ASO,ES,Federal Contract Tower,0,0,12,0,12,0,0,77,8,85,0,0,89,8,97,81,20,101,198
10/04/2020,BKV,FL,ASO,ES,Federal Contract Tower,0,1,15,10,26,0,1,0,0,1,0,2,15,10,27,0,0,0,27
10/05/2020,BKV,FL,ASO,ES,Federal Contract Tower,0,0,17,8,25,0,3,35,0,38,0,3,52,8,63,39,0,39,102
10/06/2020,BKV,FL,ASO,ES,Federal Contract Tower,0,0,31,4,35,0,2,68,9,79,0,2,99,13,114,114,14,128,242
10/07/2020,BKV,FL,ASO,ES,Federal Contract Tower,0,2,22,2,26,0,0,80,14,94,0,2,102,16,120,177,68,245,365
10/08/2020,BKV,FL,ASO,ES,Federal Contract Tower,0,2,11,6,19,0,7,106,18,131,0,9,117,24,150,151,65,216,366
10/09/2020,BKV,FL,ASO,ES,Federal Contract Tower,0,0,19,0,19,0,2,94,0,96,0,2,113,0,115,215,43,258,373
10/10/2020,BKV,FL,ASO,ES,Federal Contract Tower,0,1,6,0,7,0,3,94,0,97,0,4,100,0,104,81,0,81,185
10/11/2020,BKV,FL,ASO,ES,Federal Contract Tower,0,8,5,0,13,0,2,10,0,12,0,10,15,0,25,12,0,12,37
10/12/2020,BKV,FL,ASO,ES,Federal Contract Tower,0,0,13,0,13,0,0,68,0,68,0,0,81,0,81,81,0,81,162
10/13/2020,BKV,FL,ASO,ES,Federal Contract Tower,0,0,15,1,16,0,3,120,7,130,0,3,135,8,146,137,52,189,335
10/14/2020,BKV,FL,ASO,ES,Federal Contract Tower,0,1,31,1,33,0,1,105,19,125,0,2,136,20,158,150,120,270,428
10/15/2020,BKV,FL,ASO,ES,Federal Contract Tower,0,4,15,0,19,0,0,92,17,109,0,4,107,17,128,179,89,268,396
10/16/2020,BKV,FL,ASO,ES,Federal Contract Tower,0,2,35,4,41,0,2,95,4,101,0,4,130,8,142,170,4,174,316
10/17/2020,BKV,FL,ASO,ES,Federal Contract Tower,0,0,11,0,11,0,6,111,0,117,0,6,122,0,128,110,0,110,238
10/18/2020,BKV,FL,ASO,ES,Federal Contract Tower,0,0,4,0,4,0,1,65,10,76,0,1,69,10,80,23,0,23,103
10/19/2020,BKV,FL,ASO,ES,Federal Contract Tower,0,0,14,6,20,0,0,70,8,78,0,0,84,14,98,65,72,137,235
10/20/2020,BKV,FL,ASO,ES,Federal Contract Tower,0,2,17,0,19,0,1,92,4,97,0,3,109,4,116,146,33,179,295
10/21/2020,BKV,FL,ASO,ES,Federal Contract Tower,0,0,18,0,18,0,4,76,20,100,0,4,94,20,118,149,92,241,359
10/22/2020,BKV,FL,ASO,ES,Federal Contract Tower,0,5,23,3,31,0,3,104,4,111,0,8,127,7,142,135,16,151,293
10/23/2020,BKV,FL,ASO,ES,Federal Contract Tower,0,1,22,2,25,0,1,93,10,104,0,2,115,12,129,174,46,220,349
10/24/2020,BKV,FL,ASO,ES,Federal Contract Tower,0,0,19,4,23,0,5,104,11,120,0,5,123,15,143,168,7,175,318
10/25/2020,BKV,FL,ASO,ES,Federal Contract Tower,0,1,29,3,33,0,0,77,7,84,0,1,106,10,117,95,8,103,220
10/26/2020,BKV,FL,ASO,ES,Federal Contract Tower,0,2,16,3,21,0,2,82,6,90,0,4,98,9,111,94,107,201,312
10/27/2020,BKV,FL,ASO,ES,Federal Contract Tower,0,1,44,0,45,0,2,85,13,100,0,3,129,13,145,160,51,211,356
10/28/2020,BKV,FL,ASO,ES,Federal Contract Tower,0,0,28,16,44,0,2,123,8,133,0,2,151,24,177,179,18,197,374
10/29/2020,BKV,FL,ASO,ES,Federal Contract Tower,0,3,20,4,27,0,1,18,8,27,0,4,38,12,54,14,38,52,106
10/30/2020,BKV,FL,ASO,ES,Federal Contract Tower,0,3,10,0,13,0,4,142,3,149,0,7,152,3,162,108,1,109,271
10/31/2020,BKV,FL,ASO,ES,Federal Contract Tower,0,2,12,0,14,0,2,141,0,143,0,4,153,0,157,93,0,93,250
11/01/2020,BKV,FL,ASO,ES,Federal Contract Tower,0,4,5,0,9,0,1,57,0,58,0,5,62,0,67,95,0,95,162
11/02/2020,BKV,FL,ASO,ES,Federal Contract Tower,0,0,4,0,4,0,4,28,8,40,0,4,32,8,44,11,19,30,74
11/03/2020,BKV,FL,ASO,ES,Federal Contract Tower,0,1,24,5,30,0,1,84,4,89,0,2,108,9,119,162,41,203,322
11/04/2020,BKV,FL,ASO,ES,Federal Contract Tower,0,0,9,4,13,0,2,65,8,75,0,2,74,12,88,86,72,158,246
11/05/2020,BKV,FL,ASO,ES,Federal Contract Tower,0,3,9,1,13,0,2,84,5,91,0,5,93,6,104,96,46,142,246
11/06/2020,BKV,FL,ASO,ES,Federal Contract Tower,0,2,10,1,13,0,3,95,3,101,0,5,105,4,114,63,14,77,191
11/07/2020,BKV,FL,ASO,ES,Federal Contract Tower,0,3,10,0,13,0,0,53,2,55,0,3,63,2,68,30,0,30,98
11/08/2020,BKV,FL,ASO,ES,Federal Contract Tower,0,2,6,5,13,0,0,14,1,15,0,2,20,6,28,58,4,62,90
11/09/2020,BKV,FL,ASO,ES,Federal Contract Tower,0,0,3,0,3,0,0,1,4,5,0,0,4,4,8,0,20,20,28
11/10/2020,BKV,FL,ASO,ES,Federal Contract Tower,0,1,20,10,31,0,0,14,13,27,0,1,34,23,58,3,109,112,170
11/11/2020,BKV,FL,ASO,ES,Federal Contract Tower,0,1,3,0,4,0,0,2,0,2,0,1,5,0,6,0,0,0,6
11/12/2020,BKV,FL,ASO,ES,Federal Contract Tower,0,4,4,0,8,0,0,13,0,13,0,4,17,0,21,35,0,35,56
11/13/2020,BKV,FL,ASO,ES,Federal Contract Tower,0,1,19,0,20,0,3,123,3,129,0,4,142,3,149,196,56,252,401
11/14/2020,BKV,FL,ASO,ES,Federal Contract Tower,0,0,18,0,18,0,5,84,4,93,0,5,102,4,111,164,18,182,293
11/15/2020,BKV,FL,ASO,ES,Federal Contract Tower,0,2,15,0,17,0,0,88,0,88,0,2,103,0,105,143,0,143,248
11/16/2020,BKV,FL,ASO,ES,Federal Contract Tower,0,5,17,0,22,0,4,44,10,58,0,9,61,10,80,102,50,152,232
11/17/2020,BKV,FL,ASO,ES,Federal Contract Tower,0,3,12,3,18,0,0,77,15,92,0,3,89,18,110,44,20,64,174
11/18/2020,BKV,FL,ASO,ES,Federal Contract Tower,0,3,12,3,18,0,0,77,15,92,0,3,89,18,110,44,20,64,174
11/19/2020,BKV,FL,ASO,ES,Federal Contract Tower,0,5,12,1,18,0,3,93,13,109,0,8,105,14,127,45,28,73,200
11/20/2020,BKV,FL,ASO,ES,Federal Contract Tower,0,2,13,0,15,0,3,105,1,109,0,5,118,1,124,63,0,63,187
11/21/2020,BKV,FL,ASO,ES,Federal Contract Tower,0,0,22,0,22,0,4,36,0,40,0,4,58,0,62,52,0,52,114
11/22/2020,BKV,FL,ASO,ES,Federal Contract Tower,0,2,18,0,20,0,2,45,0,47,0,4,63,0,67,68,0,68,135
11/23/2020,BKV,FL,ASO,ES,Federal Contract Tower,0,3,21,5,29,0,6,101,22,129,0,9,122,27,158,166,30,196,354
11/24/2020,BKV,FL,ASO,ES,Federal Contract Tower,0,0,16,0,16,0,2,131,10,143,0,2,147,10,159,149,53,202,361
11/25/2020,BKV,FL,ASO,ES,Federal Contract Tower,0,0,16,0,16,0,7,134,1,142,0,7,150,1,158,139,9,148,306
11/26/2020,BKV,FL,ASO,ES,Federal Contract Tower,0,4,6,0,10,0,4,41,0,45,0,8,47,0,55,58,0,58,113
11/27/2020,BKV,FL,ASO,ES,Federal Contract Tower,0,3,7,0,10,0,4,112,2,118,0,7,119,2,128,141,13,154,282
11/28/2020,BKV,FL,ASO,ES,Federal Contract Tower,0,1,15,0,16,0,3,108,0,111,0,4,123,0,127,166,0,166,293
11/29/2020,BKV,FL,ASO,ES,Federal Contract Tower,0,1,14,0,15,0,3,107,0,110,0,4,121,0,125,130,0,130,255
11/30/2020,BKV,FL,ASO,ES,Federal Contract Tower,0,1,7,0,8,0,0,13,9,22,0,1,20,9,30,23,82,105,135
12/01/2020,BKV,FL,ASO,ES,Federal Contract Tower,0,1,10,2,13,0,7,74,4,85,0,8,84,6,98,131,38,169,267
12/02/2020,BKV,FL,ASO,ES,Federal Contract Tower,0,0,14,6,20,0,9,100,15,124,0,9,114,21,144,196,37,233,377
12/03/2020,BKV,FL,ASO,ES,Federal Contract Tower,0,1,15,5,21,0,3,137,19,159,0,4,152,24,180,146,66,212,392
12/04/2020,BKV,FL,ASO,ES,Federal Contract Tower,0,2,17,0,19,0,1,83,18,102,0,3,100,18,121,309,0,309,430
12/05/2020,BKV,FL,ASO,ES,Federal Contract Tower,0,0,7,0,7,0,0,125,0,125,0,0,132,0,132,199,0,199,331
12/06/2020,BKV,FL,ASO,ES,Federal Contract Tower,0,0,15,0,15,0,5,109,0,114,0,5,124,0,129,192,0,192,321
12/07/2020,BKV,FL,ASO,ES,Federal Contract Tower,0,2,17,2,21,0,0,15,0,15,0,2,32,2,36,22,42,64,100
12/08/2020,BKV,FL,ASO,ES,Federal Contract Tower,0,3,9,1,13,0,5,130,11,146,0,8,139,12,159,210,9,219,378
12/09/2020,BKV,FL,ASO,ES,Federal Contract Tower,0,2,20,1,23,0,1,115,9,125,0,3,135,10,148,192,41,233,381
12/10/2020,BKV,FL,ASO,ES,Federal Contract Tower,0,4,11,0,15,0,7,128,13,148,0,11,139,13,163,177,34,211,374
12/11/2020,BKV,FL,ASO,ES,Federal Contract Tower,0,3,7,0,10,0,8,111,0,119,0,11,118,0,129,207,0,207,336
12/12/2020,BKV,FL,ASO,ES,Federal Contract Tower,0,3,18,0,21,0,4,66,0,70,0,7,84,0,91,94,0,94,185
12/13/2020,BKV,FL,ASO,ES,Federal Contract Tower,0,4,13,2,19,0,3,77,0,80,0,7,90,2,99,87,0,87,186
12/14/2020,BKV,FL,ASO,ES,Federal Contract Tower,0,1,14,0,15,0,2,12,4,18,0,3,26,4,33,24,37,61,94
12/15/2020,BKV,FL,ASO,ES,Federal Contract Tower,0,3,11,0,14,0,4,100,11,115,0,7,111,11,129,136,19,155,284
12/16/2020,BKV,FL,ASO,ES,Federal Contract Tower,0,3,16,0,19,0,0,16,3,19,0,3,32,3,38,38,56,94,132
12/17/2020,BKV,FL,ASO,ES,Federal Contract Tower,0,2,15,7,24,0,3,39,8,50,0,5,54,15,74,44,32,76,150
12/18/2020,BKV,FL,ASO,ES,Federal Contract Tower,0,2,7,0,9,0,1,89,3,93,0,3,96,3,102,99,0,99,201
12/19/2020,BKV,FL,ASO,ES,Federal Contract Tower,0,1,17,0,18,0,3,123,2,128,0,4,140,2,146,102,31,133,279
12/20/2020,BKV,FL,ASO,ES,Federal Contract Tower,0,3,13,0,16,0,0,26,0,26,0,3,39,0,42,11,0,11,53
12/21/2020,BKV,FL,ASO,ES,Federal Contract Tower,0,0,10,0,10,0,0,71,2,73,0,0,81,2,83,110,0,110,193
12/22/2020,BKV,FL,ASO,ES,Federal Contract Tower,0,3,9,2,14,0,4,150,5,159,0,7,159,7,173,142,2,144,317
12/23/2020,BKV,FL,ASO,ES,Federal Contract Tower,0,0,8,0,8,0,3,111,0,114,0,3,119,0,122,152,0,152,274
12/24/2020,BKV,FL,ASO,ES,Federal Contract Tower,0,0,3,0,3,0,2,15,0,17,0,2,18,0,20,7,0,7,27
12/25/2020,BKV,FL,ASO,ES,Federal Contract Tower,0,1,1,0,2,0,4,12,0,16,0,5,13,0,18,18,0,18,36
12/26/2020,BKV,FL,ASO,ES,Federal Contract Tower,0,0,10,1,11,0,0,106,1,107,0,0,116,2,118,95,8,103,221
12/27/2020,BKV,FL,ASO,ES,Federal Contract Tower,0,1,20,0,21,0,4,73,0,77,0,5,93,0,98,102,1,103,201
12/28/2020,BKV,FL,ASO,ES,Federal Contract Tower,0,1,12,0,13,0,3,101,3,107,0,4,113,3,120,123,24,147,267
12/29/2020,BKV,FL,ASO,ES,Federal Contract Tower,0,0,7,0,7,0,3,101,0,104,0,3,108,0,111,187,0,187,298
12/30/2020,BKV,FL,ASO,ES,Federal Contract Tower,0,0,17,0,17,0,2,106,3,111,0,2,123,3,128,136,16,152,280
12/31/2020,BKV,FL,ASO,ES,Federal Contract Tower,0,0,6,0,6,0,2,59,1,62,0,2,65,1,68,72,0,72,140
01/01/2021,BKV,FL,ASO,ES,Federal Contract Tower,0,0,2,0,2,0,2,11,0,13,0,2,13,0,15,34,0,34,49
01/02/2021,BKV,FL,ASO,ES,Federal Contract Tower,0,2,13,0,15,0,1,14,0,15,0,3,27,0,30,24,0,24,54
01/03/2021,BKV,FL,ASO,ES,Federal Contract Tower,0,0,8,0,8,0,5,39,0,44,0,5,47,0,52,20,0,20,72
01/04/2021,BKV,FL,ASO,ES,Federal Contract Tower,0,1,10,0,11,0,2,81,0,83,0,3,91,0,94,112,0,112,206
01/05/2021,BKV,FL,ASO,ES,Federal Contract Tower,0,1,14,0,15,0,1,98,10,109,0,2,112,10,124,64,33,97,221
01/06/2021,BKV,FL,ASO,ES,Federal Contract Tower,0,2,9,6,17,0,6,134,12,152,0,8,143,18,169,102,67,169,338
01/07/2021,BKV,FL,ASO,ES,Federal Contract Tower,0,3,8,7,18,0,2,66,2,70,0,5,74,9,88,75,12,87,175
01/08/2021,BKV,FL,ASO,ES,Federal Contract Tower,0,0,15,0,15,0,2,36,14,52,0,2,51,14,67,109,37,146,213
01/09/2021,BKV,FL,ASO,ES,Federal Contract Tower,0,2,12,0,14,0,2,72,0,74,0,4,84,0,88,66,0,66,154
01/10/2021,BKV,FL,ASO,ES,Federal Contract Tower,0,0,6,1,7,0,0,84,7,91,0,0,90,8,98,55,14,69,167
01/11/2021,BKV,FL,ASO,ES,Federal Contract Tower,0,3,8,0,11,0,1,81,8,90,0,4,89,8,101,110,87,197,298
01/12/2021,BKV,FL,ASO,ES,Federal Contract Tower,0,0,23,2,25,0,4,11,9,24,0,4,34,11,49,9,86,95,144
01/13/2021,BKV,FL,ASO,ES,Federal Contract Tower,0,1,16,0,17,0,3,36,9,48,0,4,52,9,65,121,22,143,208
01/14/2021,BKV,FL,ASO,ES,Federal Contract Tower,0,2,21,4,27,0,3,82,7,92,0,5,103,11,119,143,29,172,291
01/15/2021,BKV,FL,ASO,ES,Federal Contract Tower,0,0,9,0,9,0,1,36,8,45,0,1,45,8,54,108,28,136,190
01/16/2021,BKV,FL,ASO,ES,Federal Contract Tower,0,1,12,0,13,0,0,71,2,73,0,1,83,2,86,111,0,111,197
01/17/2021,BKV,FL,ASO,ES,Federal Contract Tower,0,0,5,0,5,0,0,90,2,92,0,0,95,2,97,180,0,180,277
01/18/2021,BKV,FL,ASO,ES,Federal Contract Tower,0,1,7,0,8,0,2,91,0,93,0,3,98,0,101,178,0,178,279
01/19/2021,BKV,FL,ASO,ES,Federal Contract Tower,0,2,14,6,22,0,2,127,13,142,0,4,141,19,164,190,100,290,454
01/20/2021,BKV,FL,ASO,ES,Federal Contract Tower,0,3,11,2,16,0,2,128,17,147,0,5,139,19,163,153,112,265,428
01/21/2021,BKV,FL,ASO,ES,Federal Contract Tower,0,1,21,3,25,0,3,100,24,127,0,4,121,27,152,180,66,246,398
01/22/2021,BKV,FL,ASO,ES,Federal Contract Tower,0,2,10,7,19,0,7,90,16,113,0,9,100,23,132,190,6,196,328
01/23/2021,BKV,FL,ASO,ES,Federal Contract Tower,0,1,9,3,13,0,1,2,1,4,0,2,11,4,17,0,0,0,17
01/24/2021,BKV,FL,ASO,ES,Federal Contract Tower,0,4,14,0,18,0,6,79,2,87,0,10,93,2,105,129,0,129,234
01/25/2021,BKV,FL,ASO,ES,Federal Contract Tower,0,4,9,15,28,0,0,53,8,61,0,4,62,23,89,133,54,187,276
01/26/2021,BKV,FL,ASO,ES,Federal Contract Tower,0,2,25,4,31,0,6,94,11,111,0,8,119,15,142,225,25,250,392
01/27/2021,BKV,FL,ASO,ES,Federal Contract Tower,0,0,26,3,29,0,0,42,8,50,0,0,68,11,79,125,8,133,212
01/28/2021,BKV,FL,ASO,ES,Federal Contract Tower,0,0,10,1,11,0,1,100,11,112,0,1,110,12,123,140,13,153,276
01/29/2021,BKV,FL,ASO,ES,Federal Contract Tower,0,1,8,5,14,0,1,139,2,142,0,2,147,7,156,266,14,280,436
01/30/2021,BKV,FL,ASO,ES,Federal Contract Tower,0,2,8,0,10,0,3,98,2,103,0,5,106,2,113,115,21,136,249
01/31/2021,BKV,FL,ASO,ES,Federal Contract Tower,0,1,6,0,7,0,2,42,0,44,0,3,48,0,51,37,0,37,88
02/01/2021,BKV,FL,ASO,ES,Federal Contract Tower,0,2,11,1,14,0,2,11,12,25,0,4,22,13,39,4,29,33,72
02/02/2021,BKV,FL,ASO,ES,Federal Contract Tower,0,0,9,2,11,0,3,19,9,31,0,3,28,11,42,4,22,26,68
02/03/2021,BKV,FL,ASO,ES,Federal Contract Tower,0,2,7,0,9,0,1,64,3,68,0,3,71,3,77,99,0,99,176
02/04/2021,BKV,FL,ASO,ES,Federal Contract Tower,0,0,7,0,7,0,2,90,36,128,0,2,97,36,135,207,115,322,457
02/05/2021,BKV,FL,ASO,ES,Federal Contract Tower,0,0,13,0,13,0,0,63,4,67,0,0,76,4,80,49,8,57,137
02/06/2021,BKV,FL,ASO,ES,Federal Contract Tower,0,0,10,0,10,0,4,7,0,11,0,4,17,0,21,6,0,6,27
02/07/2021,BKV,FL,ASO,ES,Federal Contract Tower,0,0,9,0,9,0,0,6,0,6,0,0,15,0,15,6,0,6,21
02/08/2021,BKV,FL,ASO,ES,Federal Contract Tower,0,4,20,0,24,0,2,43,0,45,0,6,63,0,69,122,0,122,191
02/09/2021,BKV,FL,ASO,ES,Federal Contract Tower,0,0,16,0,16,0,2,38,5,45,0,2,54,5,61,94,3,97,158
02/10/2021,BKV,FL,ASO,ES,Federal Contract Tower,0,5,18,0,23,0,5,119,14,138,0,10,137,14,161,245,58,303,464
02/11/2021,BKV,FL,ASO,ES,Federal Contract Tower,0,4,14,3,21,0,1,85,19,105,0,5,99,22,126,249,110,359,485
02/12/2021,BKV,FL,ASO,ES,Federal Contract Tower,0,1,25,0,26,0,0,105,3,108,0,1,130,3,134,138,22,160,294
02/13/2021,BKV,FL,ASO,ES,Federal Contract Tower,0,3,12,0,15,0,1,23,0,24,0,4,35,0,39,18,0,18,57
02/14/2021,BKV,FL,ASO,ES,Federal Contract Tower,0,1,2,0,3,0,0,6,0,6,0,1,8,0,9,0,0,0,9
02/15/2021,BKV,FL,ASO,ES,Federal Contract Tower,0,0,6,0,6,0,0,22,4,26,0,0,28,4,32,44,24,68,100
02/16/2021,BKV,FL,ASO,ES,Federal Contract Tower,0,0,22,1,23,0,6,36,5,47,0,6,58,6,70,51,21,72,142
02/17/2021,BKV,FL,ASO,ES,Federal Contract Tower,0,2,33,3,38,0,3,38,13,54,0,5,71,16,92,41,22,63,155
02/18/2021,BKV,FL,ASO,ES,Federal Contract Tower,0,1,14,0,15,0,3,42,2,47,0,4,56,2,62,36,0,36,98
02/19/2021,BKV,FL,ASO,ES,Federal Contract Tower,0,1,13,0,14,0,0,2,0,2,0,1,15,0,16,0,0,0,16
02/20/2021,BKV,FL,ASO,ES,Federal Contract Tower,0,2,13,2,17,0,2,156,3,161,0,4,169,5,178,162,8,170,348
02/21/2021,BKV,FL,ASO,ES,Federal Contract Tower,0,1,16,0,17,0,0,67,2,69,0,1,83,2,86,61,11,72,158
02/22/2021,BKV,FL,ASO,ES,Federal Contract Tower,0,1,16,3,20,0,3,57,10,70,0,4,73,13,90,56,172,228,318
02/23/2021,BKV,FL,ASO,ES,Federal Contract Tower,0,2,13,6,21,0,1,112,10,123,0,3,125,16,144,116,18,134,278
02/24/2021,BKV,FL,ASO,ES,Federal Contract Tower,0,5,16,3,24,0,1,144,1,146,0,6,160,4,170,213,24,237,407
02/25/2021,BKV,FL,ASO,ES,Federal Contract Tower,0,3,6,0,9,0,0,90,20,110,0,3,96,20,119,268,39,307,426
02/26/2021,BKV,FL,ASO,ES,Federal Contract Tower,0,3,18,1,22,0,0,103,4,107,0,3,121,5,129,90,36,126,255
02/27/2021,BKV,FL,ASO,ES,Federal Contract Tower,0,0,10,0,10,0,2,109,0,111,0,2,119,0,121,77,0,77,198
02/28/2021,BKV,FL,ASO,ES,Federal Contract Tower,0,2,8,0,10,0,3,65,0,68,0,5,73,0,78,116,0,116,194
03/01/2021,BKV,FL,ASO,ES,Federal Contract Tower,0,0,18,5,23,0,3,39,8,50,0,3,57,13,73,169,45,214,287
03/02/2021,BKV,FL,ASO,ES,Federal Contract Tower,0,2,27,2,31,0,0,56,1,57,0,2,83,3,88,81,4,85,173
03/03/2021,BKV,FL,ASO,ES,Federal Contract Tower,0,0,16,0,16,0,2,27,14,43,0,2,43,14,59,42,33,75,134
03/04/2021,BKV,FL,ASO,ES,Federal Contract Tower,0,1,20,1,22,0,3,107,21,131,0,4,127,22,153,126,18,144,297
03/05/2021,BKV,FL,ASO,ES,Federal Contract Tower,0,2,16,6,24,0,2,117,8,127,0,4,133,14,151,200,37,237,388
03/06/2021,BKV,FL,ASO,ES,Federal Contract Tower,0,0,6,0,6,0,0,9,0,9,0,0,15,0,15,26,0,26,41
03/07/2021,BKV,FL,ASO,ES,Federal Contract Tower,0,1,11,0,12,0,2,55,0,57,0,3,66,0,69,111,0,111,180
03/08/2021,BKV,FL,ASO,ES,Federal Contract Tower,0,0,11,0,11,0,2,64,4,70,0,2,75,4,81,42,46,88,169
03/09/2021,BKV,FL,ASO,ES,Federal Contract Tower,0,1,8,1,10,0,2,129,8,139,0,3,137,9,149,138,47,185,334
03/10/2021,BKV,FL,ASO,ES,Federal Contract Tower,0,0,10,3,13,0,1,102,24,127,0,1,112,27,140,218,79,297,437
03/11/2021,BKV,FL,ASO,ES,Federal Contract Tower,0,1,17,0,18,0,1,111,14,126,0,2,128,14,144,239,20,259,403
03/12/2021,BKV,FL,ASO,ES,Federal Contract Tower,0,2,20,0,22,0,0,127,8,135,0,2,147,8,157,281,73,354,511
03/13/2021,BKV,FL,ASO,ES,Federal Contract Tower,0,0,8,1,9,0,1,157,0,158,0,1,165,1,167,157,0,157,324
03/14/2021,BKV,FL,ASO,ES,Federal Contract Tower,0,2,11,0,13,0,2,123,1,126,0,4,134,1,139,148,0,148,287
03/15/2021,BKV,FL,ASO,ES,Federal Contract Tower,0,2,16,0,18,0,3,114,5,122,0,5,130,5,140,246,101,347,487
03/16/2021,BKV,FL,ASO,ES,Federal Contract Tower,0,0,6,2,8,0,1,100,7,108,0,1,106,9,116,161,51,212,328
03/17/2021,BKV,FL,ASO,ES,Federal Contract Tower,0,1,8,1,10,0,5,73,18,96,0,6,81,19,106,125,72,197,303
03/18/2021,BKV,FL,ASO,ES,Federal Contract Tower,0,3,12,0,15,0,0,2,0,2,0,3,14,0,17,16,0,16,33
03/19/2021,BKV,FL,ASO,ES,Federal Contract Tower,0,4,11,1,16,0,8,56,6,70,0,12,67,7,86,95,41,136,222
03/20/2021,BKV,FL,ASO,ES,Federal Contract Tower,0,1,21,0,22,0,4,49,0,53,0,5,70,0,75,50,0,50,125
03/21/2021,BKV,FL,ASO,ES,Federal Contract Tower,0,3,25,0,28,0,2,13,0,15,0,5,38,0,43,62,0,62,105
03/22/2021,BKV,FL,ASO,ES,Federal Contract Tower,0,1,30,0,31,0,1,17,0,18,0,2,47,0,49,59,0,59,108
03/23/2021,BKV,FL,ASO,ES,Federal Contract Tower,0,2,13,4,19,0,2,85,20,107,0,4,98,24,126,242,101,343,469
03/24/2021,BKV,FL,ASO,ES,Federal Contract Tower,0,7,11,0,18,0,0,138,7,145,0,7,149,7,163,218,66,284,447
03/25/2021,BKV,FL,ASO,ES,Federal Contract Tower,0,1,10,0,11,0,2,86,22,110,0,3,96,22,121,101,117,218,339
03/26/2021,BKV,FL,ASO,ES,Federal Contract Tower,0,0,22,3,25,0,4,72,1,77,0,4,94,4,102,185,0,185,287
03/27/2021,BKV,FL,ASO,ES,Federal Contract Tower,0,0,5,0,5,0,2,138,0,140,0,2,143,0,145,217,0,217,362
03/28/2021,BKV,FL,ASO,ES,Federal Contract Tower,0,1,17,0,18,0,1,52,0,53,0,2,69,0,71,46,0,46,117
03/29/2021,BKV,FL,ASO,ES,Federal Contract Tower,0,2,10,2,14,0,0,35,4,39,0,2,45,6,53,82,55,137,190
03/30/2021,BKV,FL,ASO,ES,Federal Contract Tower,0,3,19,0,22,0,2,84,4,90,0,5,103,4,112,199,18,217,329
03/31/2021,BKV,FL,ASO,ES,Federal Contract Tower,0,4,6,0,10,0,1,85,1,87,0,5,91,1,97,207,23,230,327
04/01/2021,BKV,FL,ASO,ES,Federal Contract Tower,0,2,8,0,10,0,3,12,3,18,0,5,20,3,28,13,43,56,84
04/02/2021,BKV,FL,ASO,ES,Federal Contract Tower,0,1,10,0,11,0,3,82,12,97,0,4,92,12,108,38,49,87,195
04/03/2021,BKV,FL,ASO,ES,Federal Contract Tower,0,2,18,0,20,0,4,94,2,100,0,6,112,2,120,71,8,79,199
04/04/2021,BKV,FL,ASO,ES,Federal Contract Tower,0,1,8,0,9,0,0,73,0,73,0,1,81,0,82,150,0,150,232
04/05/2021,BKV,FL,ASO,ES,Federal Contract Tower,0,0,2,1,3,0,3,84,4,91,0,3,86,5,94,101,67,168,262
04/06/2021,BKV,FL,ASO,ES,Federal Contract Tower,0,1,13,14,28,0,4,92,8,104,0,5,105,22,132,170,42,212,344
04/07/2021,BKV,FL,ASO,ES,Federal Contract Tower,0,4,21,0,25,0,1,100,22,123,0,5,121,22,148,188,71,259,407
04/08/2021,BKV,FL,ASO,ES,Federal Contract Tower,0,3,14,1,18,0,2,105,14,121,0,5,119,15,139,113,89,202,341
04/09/2021,BKV,FL,ASO,ES,Federal Contract Tower,0,0,18,2,20,0,4,106,5,115,0,4,124,7,135,142,0,142,277
04/10/2021,BKV,FL,ASO,ES,Federal Contract Tower,0,2,5,0,7,0,0,51,0,51,0,2,56,0,58,29,0,29,87
04/11/2021,BKV,FL,ASO,ES,Federal Contract Tower,0,1,7,0,8,0,0,3,0,3,0,1,10,0,11,12,0,12,23
04/12/2021,BKV,FL,ASO,ES,Federal Contract Tower,0,4,12,2,18,0,1,94,8,103,0,5,106,10,121,164,56,220,341
04/13/2021,BKV,FL,ASO,ES,Federal Contract Tower,0,2,21,1,24,0,0,93,6,99,0,2,114,7,123,134,55,189,312
04/14/2021,BKV,FL,ASO,ES,Federal Contract Tower,0,7,5,9,21,0,3,136,7,146,0,10,141,16,167,126,75,201,368
04/15/2021,BKV,FL,ASO,ES,Federal Contract Tower,0,6,20,0,26,0,5,87,19,111,0,11,107,19,137,69,107,176,313
04/16/2021,BKV,FL,ASO,ES,Federal Contract Tower,0,0,19,1,20,0,3,53,7,63,0,3,72,8,83,71,6,77,160
04/17/2021,BKV,FL,ASO,ES,Federal Contract Tower,0,2,16,1,19,0,0,34,5,39,0,2,50,6,58,29,6,35,93
04/18/2021,BKV,FL,ASO,ES,Federal Contract Tower,0,1,13,0,14,0,2,15,0,17,0,3,28,0,31,10,0,10,41
04/19/2021,BKV,FL,ASO,ES,Federal Contract Tower,0,0,8,4,12,0,0,16,4,20,0,0,24,8,32,2,34,36,68
04/20/2021,BKV,FL,ASO,ES,Federal Contract Tower,0,1,11,0,12,0,0,2,0,2,0,1,13,0,14,0,0,0,14
04/21/2021,BKV,FL,ASO,ES,Federal Contract Tower,0,3,20,1,24,0,3,132,14,149,0,6,152,15,173,114,52,166,339
04/22/2021,BKV,FL,ASO,ES,Federal Contract Tower,0,0,15,0,15,0,3,122,19,144,0,3,137,19,159,180,27,207,366
04/23/2021,BKV,FL,ASO,ES,Federal Contract Tower,0,2,12,0,14,0,0,115,6,121,0,2,127,6,135,177,18,195,330
04/24/2021,BKV,FL,ASO,ES,Federal Contract Tower,0,3,10,0,13,0,2,60,0,62,0,5,70,0,75,84,0,84,159
04/25/2021,BKV,FL,ASO,ES,Federal Contract Tower,0,2,10,0,12,0,2,39,0,41,0,4,49,0,53,86,0,86,139
04/26/2021,BKV,FL,ASO,ES,Federal Contract Tower,0,1,13,0,14,0,5,108,6,119,0,6,121,6,133,168,19,187,320
04/27/2021,BKV,FL,ASO,ES,Federal Contract Tower,0,1,4,6,11,0,5,110,7,122,0,6,114,13,133,144,16,160,293
04/28/2021,BKV,FL,ASO,ES,Federal Contract Tower,0,1,14,8,23,0,0,109,22,131,0,1,123,30,154,124,34,158,312
04/29/2021,BKV,FL,ASO,ES,Federal Contract Tower,0,7,16,0,23,0,5,123,18,146,0,12,139,18,169,98,44,142,311
04/30/2021,BKV,FL,ASO,ES,Federal Contract Tower,0,2,18,0,20,0,4,112,2,118,0,6,130,2,138,151,12,163,301
05/01/2021,BKV,FL,ASO,ES,Federal Contract Tower,0,2,5,0,7,0,4,103,2,109,0,6,108,2,116,100,0,100,216
05/02/2021,BKV,FL,ASO,ES,Federal Contract Tower,0,6,8,0,14,0,3,41,2,46,0,9,49,2,60,65,2,67,127
05/03/2021,BKV,FL,ASO,ES,Federal Contract Tower,0,0,3,2,5,0,3,74,6,83,0,3,77,8,88,114,40,154,242
05/04/2021,BKV,FL,ASO,ES,Federal Contract Tower,0,4,20,2,26,0,16,102,1,119,0,20,122,3,145,105,2,107,252
05/05/2021,BKV,FL,ASO,ES,Federal Contract Tower,0,3,28,2,33,0,3,97,6,106,0,6,125,8,139,178,58,236,375
05/06/2021,BKV,FL,ASO,ES,Federal Contract Tower,0,3,11,0,14,0,3,62,2,67,0,6,73,2,81,47,52,99,180
05/07/2021,BKV,FL,ASO,ES,Federal Contract Tower,0,1,1,0,2,0,3,119,7,129,0,4,120,7,131,66,16,82,213
05/08/2021,BKV,FL,ASO,ES,Federal Contract Tower,0,2,9,0,11,0,0,151,0,151,0,2,160,0,162,127,0,127,289
05/09/2021,BKV,FL,ASO,ES,Federal Contract Tower,0,2,9,0,11,0,1,98,0,99,0,3,107,0,110,107,0,107,217
05/10/2021,BKV,FL,ASO,ES,Federal Contract Tower,0,0,22,4,26,0,3,84,15,102,0,3,106,19,128,102,32,134,262
05/11/2021,BKV,FL,ASO,ES,Federal Contract Tower,0,0,8,2,10,0,0,90,6,96,0,0,98,8,106,121,46,167,273
05/12/2021,BKV,FL,ASO,ES,Federal Contract Tower,0,4,18,0,22,0,0,94,12,106,0,4,112,12,128,196,37,233,361
05/13/2021,BKV,FL,ASO,ES,Federal Contract Tower,0,1,40,2,43,0,0,32,6,38,0,1,72,8,81,60,76,136,217
05/14/2021,BKV,FL,ASO,ES,Federal Contract Tower,0,2,12,0,14,0,2,121,14,137,0,4,133,14,151,154,45,199,350
05/15/2021,BKV,FL,ASO,ES,Federal Contract Tower,0,0,12,0,12,0,7,105,0,112,0,7,117,0,124,69,0,69,193
05/16/2021,BKV,FL,ASO,ES,Federal Contract Tower,0,0,19,0,19,0,4,62,0,66,0,4,81,0,85,52,0,52,137
05/17/2021,BKV,FL,ASO,ES,Federal Contract Tower,0,1,6,8,15,0,3,80,5,88,0,4,86,13,103,139,43,182,285
05/18/2021,BKV,FL,ASO,ES,Federal Contract Tower,0,7,14,0,21,0,1,72,6,79,0,8,86,6,100,58,43,101,201
05/19/2021,BKV,FL,ASO,ES,Federal Contract Tower,0,4,16,5,25,0,8,53,30,91,0,12,69,35,116,48,96,144,260
05/20/2021,BKV,FL,ASO,ES,Federal Contract Tower,0,2,23,0,25,0,2,37,6,45,0,4,60,6,70,14,6,20,90
05/21/2021,BKV,FL,ASO,ES,Federal Contract Tower,0,2,7,0,9,0,2,64,1,67,0,4,71,1,76,64,0,64,140
05/22/2021,BKV,FL,ASO,ES,Federal Contract Tower,0,1,11,1,13,0,1,73,3,77,0,2,84,4,90,86,0,86,176
05/23/2021,BKV,FL,ASO,ES,Federal Contract Tower,0,3,25,3,31,0,2,88,0,90,0,5,113,3,121,188,0,188,309
05/24/2021,BKV,FL,ASO,ES,Federal Contract Tower,0,3,14,0,17,0,4,124,11,139,0,7,138,11,156,145,44,189,345
05/25/2021,BKV,FL,ASO,ES,Federal Contract Tower,0,3,13,1,17,0,3,100,4,107,0,6,113,5,124,156,30,186,310
05/26/2021,BKV,FL,ASO,ES,Federal Contract Tower,0,4,3,1,8,0,0,99,5,104,0,4,102,6,112,206,11,217,329
05/27/2021,BKV,FL,ASO,ES,Federal Contract Tower,0,4,9,0,13,0,11,92,3,106,0,15,101,3,119,186,8,194,313
05/28/2021,BKV,FL,ASO,ES,Federal Contract Tower,0,0,15,0,15,0,3,90,2,95,0,3,105,2,110,181,20,201,311
05/29/2021,BKV,FL,ASO,ES,Federal Contract Tower,0,2,10,0,12,0,0,67,0,67,0,2,77,0,79,107,0,107,186
05/30/2021,BKV,FL,ASO,ES,Federal Contract Tower,0,4,6,0,10,0,3,55,0,58,0,7,61,0,68,72,0,72,140
05/31/2021,BKV,FL,ASO,ES,Federal Contract Tower,0,0,5,0,5,0,1,57,0,58,0,1,62,0,63,56,0,56,119
06/01/2021,BKV,FL,ASO,ES,Federal Contract Tower,0,1,14,0,15,0,3,63,9,75,0,4,77,9,90,79,51,130,220
06/02/2021,BKV,FL,ASO,ES,Federal Contract Tower,0,0,15,0,15,0,2,57,8,67,0,2,72,8,82,99,62,161,243
06/03/2021,BKV,FL,ASO,ES,Federal Contract Tower,0,1,9,1,11,0,5,90,12,107,0,6,99,13,118,115,8,123,241
06/04/2021,BKV,FL,ASO,ES,Federal Contract Tower,0,2,14,2,18,0,1,47,8,56,0,3,61,10,74,34,2,36,110
06/05/2021,BKV,FL,ASO,ES,Federal Contract Tower,0,0,15,0,15,0,2,79,0,81,0,2,94,0,96,160,0,160,256
06/06/2021,BKV,FL,ASO,ES,Federal Contract Tower,0,2,14,1,17,0,1,53,1,55,0,3,67,2,72,105,2,107,179
06/07/2021,BKV,FL,ASO,ES,Federal Contract Tower,0,3,23,3,29,0,0,64,5,69,0,3,87,8,98,102,69,171,269
06/08/2021,BKV,FL,ASO,ES,Federal Contract Tower,0,2,6,0,8,0,7,130,1,138,0,9,136,1,146,111,43,154,300
06/09/2021,BKV,FL,ASO,ES,Federal Contract Tower,0,2,8,0,10,0,1,118,4,123,0,3,126,4,133,217,0,217,350
06/10/2021,BKV,FL,ASO,ES,Federal Contract Tower,0,0,13,0,13,0,1,91,6,98,0,1,104,6,111,128,26,154,265
06/11/2021,BKV,FL,ASO,ES,Federal Contract Tower,0,1,9,0,10,0,7,89,2,98,0,8,98,2,108,208,12,220,328
06/12/2021,BKV,FL,ASO,ES,Federal Contract Tower,0,2,9,0,11,0,3,81,0,84,0,5,90,0,95,100,0,100,195
06/13/2021,BKV,FL,ASO,ES,Federal Contract Tower,0,3,9,0,12,0,9,30,2,41,0,12,39,2,53,60,8,68,121
06/14/2021,BKV,FL,ASO,ES,Federal Contract Tower,0,7,10,0,17,0,0,34,7,41,0,7,44,7,58,63,68,131,189
06/15/2021,BKV,FL,ASO,ES,Federal Contract Tower,0,3,10,0,13,0,3,9,1,13,0,6,19,1,26,10,10,20,46
06/16/2021,BKV,FL,ASO,ES,Federal Contract Tower,0,0,20,0,20,0,4,65,1,70,0,4,85,1,90,83,34,117,207
06/17/2021,BKV,FL,ASO,ES,Federal Contract Tower,0,1,21,0,22,0,5,59,8,72,0,6,80,8,94,115,0,115,209
06/18/2021,BKV,FL,ASO,ES,Federal Contract Tower,0,2,11,2,15,0,3,111,5,119,0,5,122,7,134,95,2,97,231
06/19/2021,BKV,FL,ASO,ES,Federal Contract Tower,0,4,13,0,17,0,20,63,4,87,0,24,76,4,104,67,0,67,171
06/20/2021,BKV,FL,ASO,ES,Federal Contract Tower,0,1,10,0,11,0,3,32,0,35,0,4,42,0,46,64,6,70,116
06/21/2021,BKV,FL,ASO,ES,Federal Contract Tower,0,0,11,2,13,0,2,50,0,52,0,2,61,2,65,92,0,92,157
06/22/2021,BKV,FL,ASO,ES,Federal Contract Tower,0,3,8,0,11,0,0,48,11,59,0,3,56,11,70,69,62,131,201
06/23/2021,BKV,FL,ASO,ES,Federal Contract Tower,0,1,11,0,12,0,4,52,12,68,0,5,63,12,80,108,4,112,192
06/24/2021,BKV,FL,ASO,ES,Federal Contract Tower,0,2,9,0,11,0,0,25,2,27,0,2,34,2,38,12,0,12,50
06/25/2021,BKV,FL,ASO,ES,Federal Contract Tower,0,7,17,0,24,0,3,48,0,51,0,10,65,0,75,57,0,57,132
06/26/2021,BKV,FL,ASO,ES,Federal Contract Tower,0,2,4,0,6,0,0,57,2,59,0,2,61,2,65,64,0,64,129
06/27/2021,BKV,FL,ASO,ES,Federal Contract Tower,0,4,18,0,22,0,0,95,0,95,0,4,113,0,117,68,0,68,185
06/28/2021,BKV,FL,ASO,ES,Federal Contract Tower,0,1,24,2,27,0,1,95,2,98,0,2,119,4,125,68,13,81,206
06/29/2021,BKV,FL,ASO,ES,Federal Contract Tower,0,2,6,0,8,0,1,67,2,70,0,3,73,2,78,120,27,147,225
06/30/2021,BKV,FL,ASO,ES,Federal Contract Tower,0,0,7,0,7,0,1,41,4,46,0,1,48,4,53,63,59,122,175
07/01/2021,BKV,FL,ASO,ES,Federal Contract Tower,0,3,16,5,24,0,3,37,4,44,0,6,53,9,68,79,73,152,220
07/02/2021,BKV,FL,ASO,ES,Federal Contract Tower,0,1,19,0,20,0,4,20,0,24,0,5,39,0,44,35,0,35,79
07/03/2021,BKV,FL,ASO,ES,Federal Contract Tower,0,1,6,0,7,0,0,6,0,6,0,1,12,0,13,4,0,4,17
07/04/2021,BKV,FL,ASO,ES,Federal Contract Tower,0,2,2,0,4,0,3,15,0,18,0,5,17,0,22,6,0,6,28
07/05/2021,BKV,FL,ASO,ES,Federal Contract Tower,0,0,16,0,16,0,0,92,0,92,0,0,108,0,108,92,0,92,200
07/06/2021,BKV,FL,ASO,ES,Federal Contract Tower,0,0,4,0,4,0,0,33,0,33,0,0,37,0,37,68,0,68,105
07/07/2021,BKV,FL,ASO,ES,Federal Contract Tower,0,1,2,0,3,0,1,0,0,1,0,2,2,0,4,0,0,0,4
07/08/2021,BKV,FL,ASO,ES,Federal Contract Tower,0,6,18,0,24,0,0,27,0,27,0,6,45,0,51,36,0,36,87
07/09/2021,BKV,FL,ASO,ES,Federal Contract Tower,0,4,25,0,29,0,9,76,0,85,0,13,101,0,114,151,0,151,265
07/10/2021,BKV,FL,ASO,ES,Federal Contract Tower,0,1,7,0,8,0,2,105,0,107,0,3,112,0,115,43,0,43,158
07/11/2021,BKV,FL,ASO,ES,Federal Contract Tower,0,2,6,0,8,0,3,86,5,94,0,5,92,5,102,100,0,100,202
07/12/2021,BKV,FL,ASO,ES,Federal Contract Tower,0,3,6,1,10,0,2,63,3,68,0,5,69,4,78,74,12,86,164
07/13/2021,BKV,FL,ASO,ES,Federal Contract Tower,0,2,10,0,12,0,3,113,5,121,0,5,123,5,133,137,25,162,295
07/14/2021,BKV,FL,ASO,ES,Federal Contract Tower,0,4,4,0,8,0,20,84,4,108,0,24,88,4,116,126,18,144,260
07/15/2021,BKV,FL,ASO,ES,Federal Contract Tower,0,7,22,0,29,0,4,91,8,103,0,11,113,8,132,77,22,99,231
07/16/2021,BKV,FL,ASO,ES,Federal Contract Tower,0,0,19,2,21,0,0,169,1,170,0,0,188,3,191,243,0,243,434
07/17/2021,BKV,FL,ASO,ES,Federal Contract Tower,0,0,14,0,14,0,0,100,2,102,0,0,114,2,116,450,0,450,566
07/18/2021,BKV,FL,ASO,ES,Federal Contract Tower,0,3,17,0,20,0,9,73,0,82,0,12,90,0,102,238,0,238,340
07/19/2021,BKV,FL,ASO,ES,Federal Contract Tower,0,1,9,0,10,0,2,63,3,68,0,3,72,3,78,70,4,74,152
07/20/2021,BKV,FL,ASO,ES,Federal Contract Tower,0,4,12,1,17,0,3,85,9,97,0,7,97,10,114,107,47,154,268
07/21/2021,BKV,FL,ASO,ES,Federal Contract Tower,0,3,14,2,19,0,2,102,9,113,0,5,116,11,132,107,54,161,293
07/22/2021,BKV,FL,ASO,ES,Federal Contract Tower,0,1,16,2,19,0,2,73,9,84,0,3,89,11,103,121,37,158,261
07/23/2021,BKV,FL,ASO,ES,Federal Contract Tower,0,4,7,0,11,0,0,13,0,13,0,4,20,0,24,28,0,28,52
07/24/2021,BKV,FL,ASO,ES,Federal Contract Tower,0,1,3,0,4,0,3,57,2,62,0,4,60,2,66,118,4,122,188
07/25/2021,BKV,FL,ASO,ES,Federal Contract Tower,0,0,20,1,21,0,8,61,2,71,0,8,81,3,92,64,0,64,156
07/26/2021,BKV,FL,ASO,ES,Federal Contract Tower,0,0,12,0,12,0,3,67,5,75,0,3,79,5,87,118,41,159,246
07/27/2021,BKV,FL,ASO,ES,Federal Contract Tower,0,2,11,2,15,0,3,64,12,79,0,5,75,14,94,43,126,169,263
07/28/2021,BKV,FL,ASO,ES,Federal Contract Tower,0,3,15,1,19,0,2,39,3,44,0,5,54,4,63,49,24,73,136
07/29/2021,BKV,FL,ASO,ES,Federal Contract Tower,0,0,14,0,14,0,0,59,8,67,0,0,73,8,81,58,27,85,166
07/30/2021,BKV,FL,ASO,ES,Federal Contract Tower,0,2,23,5,30,0,2,61,25,88,0,4,84,30,118,120,27,147,265
07/31/2021,BKV,FL,ASO,ES,Federal Contract Tower,0,4,17,2,23,0,4,90,1,95,0,8,107,3,118,62,2,64,182
08/01/2021,BKV,FL,ASO,ES,Federal Contract Tower,0,9,8,0,17,0,3,46,4,53,0,12,54,4,70,26,0,26,96
08/02/2021,BKV,FL,ASO,ES,Federal Contract Tower,0,1,9,0,10,0,4,31,5,40,0,5,40,5,50,42,94,136,186
08/03/2021,BKV,FL,ASO,ES,Federal Contract Tower,0,2,3,0,5,0,2,13,0,15,0,4,16,0,20,20,0,20,40
08/04/2021,BKV,FL,ASO,ES,Federal Contract Tower,0,2,13,2,17,0,0,6,0,6,0,2,19,2,23,11,0,11,34
08/05/2021,BKV,FL,ASO,ES,Federal Contract Tower,0,2,7,1,10,0,2,54,7,63,0,4,61,8,73,36,20,56,129
08/06/2021,BKV,FL,ASO,ES,Federal Contract Tower,0,3,11,1,15,0,2,107,2,111,0,5,118,3,126,123,43,166,292
08/07/2021,BKV,FL,ASO,ES,Federal Contract Tower,0,2,9,0,11,0,5,75,0,80,0,7,84,0,91,123,0,123,214
08/08/2021,BKV,FL,ASO,ES,Federal Contract Tower,0,0,10,0,10,0,1,84,0,85,0,1,94,0,95,65,0,65,160
08/09/2021,BKV,FL,ASO,ES,Federal Contract Tower,0,0,12,0,12,0,0,62,9,71,0,0,74,9,83,151,27,178,261
08/10/2021,BKV,FL,ASO,ES,Federal Contract Tower,0,3,22,0,25,0,4,85,4,93,0,7,107,4,118,95,27,122,240
08/11/2021,BKV,FL,ASO,ES,Federal Contract Tower,0,0,12,1,13,0,2,108,4,114,0,2,120,5,127,183,2,185,312
08/12/2021,BKV,FL,ASO,ES,Federal Contract Tower,0,5,15,3,23,0,2,94,13,109,0,7,109,16,132,114,46,160,292
08/13/2021,BKV,FL,ASO,ES,Federal Contract Tower,0,2,8,1,11,0,0,77,8,85,0,2,85,9,96,76,1,77,173
08/14/2021,BKV,FL,ASO,ES,Federal Contract Tower,0,2,8,0,10,0,3,54,4,61,0,5,62,4,71,76,30,106,177
08/15/2021,BKV,FL,ASO,ES,Federal Contract Tower,0,3,4,0,7,0,6,7,0,13,0,9,11,0,20,10,0,10,30
08/16/2021,BKV,FL,ASO,ES,Federal Contract Tower,0,0,12,0,12,0,0,42,17,59,0,0,54,17,71,59,22,81,152
08/17/2021,BKV,FL,ASO,ES,Federal Contract Tower,0,2,5,0,7,0,5,111,12,128,0,7,116,12,135,124,16,140,275
08/18/2021,BKV,FL,ASO,ES,Federal Contract Tower,0,2,8,2,12,0,1,124,14,139,0,3,132,16,151,199,42,241,392
08/19/2021,BKV,FL,ASO,ES,Federal Contract Tower,0,1,10,0,11,0,3,115,12,130,0,4,125,12,141,108,28,136,277
08/20/2021,BKV,FL,ASO,ES,Federal Contract Tower,0,0,12,0,12,0,0,90,3,93,0,0,102,3,105,114,0,114,219
08/21/2021,BKV,FL,ASO,ES,Federal Contract Tower,0,2,9,0,11,0,3,75,0,78,0,5,84,0,89,62,0,62,151
08/22/2021,BKV,FL,ASO,ES,Federal Contract Tower,0,2,8,0,10,0,4,76,2,82,0,6,84,2,92,64,0,64,156
08/23/2021,BKV,FL,ASO,ES,Federal Contract Tower,0,1,12,0,13,0,4,51,4,59,0,5,63,4,72,62,20,82,154
08/24/2021,BKV,FL,ASO,ES,Federal Contract Tower,0,2,20,2,24,0,1,74,2,77,0,3,94,4,101,48,15,63,164
08/25/2021,BKV,FL,ASO,ES,Federal Contract Tower,0,0,14,0,14,0,0,116,6,122,0,0,130,6,136,54,30,84,220
08/26/2021,BKV,FL,ASO,ES,Federal Contract Tower,0,1,22,3,26,0,2,42,10,54,0,3,64,13,80,75,56,131,211
08/27/2021,BKV,FL,ASO,ES,Federal Contract Tower,0,2,15,0,17,0,1,27,2,30,0,3,42,2,47,56,0,56,103
08/28/2021,BKV,FL,ASO,ES,Federal Contract Tower,0,1,11,0,12,0,0,79,0,79,0,1,90,0,91,37,0,37,128
08/29/2021,BKV,FL,ASO,ES,Federal Contract Tower,0,3,12,0,15,0,1,50,0,51,0,4,62,0,66,76,0,76,142
08/30/2021,BKV,FL,ASO,ES,Federal Contract Tower,0,1,8,0,9,0,1,93,8,102,0,2,101,8,111,125,11,136,247
08/31/2021,BKV,FL,ASO,ES,Federal Contract Tower,0,0,9,2,11,0,3,125,2,130,0,3,134,4,141,117,8,125,266
09/01/2021,BKV,FL,ASO,ES,Federal Contract Tower,0,1,10,0,11,0,0,0,0,0,0,1,10,0,11,0,50,50,61
09/02/2021,BKV,FL,ASO,ES,Federal Contract Tower,0,2,13,0,15,0,4,33,10,47,0,6,46,10,62,46,4,50,112
09/03/2021,BKV,FL,ASO,ES,Federal Contract Tower,0,1,12,0,13,0,3,66,0,69,0,4,78,0,82,57,0,57,139
09/04/2021,BKV,FL,ASO,ES,Federal Contract Tower,0,0,11,0,11,0,2,81,0,83,0,2,92,0,94,102,0,102,196
09/05/2021,BKV,FL,ASO,ES,Federal Contract Tower,0,1,4,0,5,0,2,57,0,59,0,3,61,0,64,57,0,57,121
09/06/2021,BKV,FL,ASO,ES,Federal Contract Tower,0,1,14,0,15,0,2,76,2,80,0,3,90,2,95,58,2,60,155
09/07/2021,BKV,FL,ASO,ES,Federal Contract Tower,0,0,13,0,13,0,4,55,0,59,0,4,68,0,72,88,0,88,160
09/08/2021,BKV,FL,ASO,ES,Federal Contract Tower,0,1,12,0,13,0,1,81,10,92,0,2,93,10,105,124,42,166,271
09/09/2021,BKV,FL,ASO,ES,Federal Contract Tower,0,1,12,0,13,0,1,25,0,26,0,2,37,0,39,33,35,68,107
09/10/2021,BKV,FL,ASO,ES,Federal Contract Tower,0,1,12,2,15,0,0,94,3,97,0,1,106,5,112,85,4,89,201
09/11/2021,BKV,FL,ASO,ES,Federal Contract Tower,0,1,8,0,9,0,9,72,2,83,0,10,80,2,92,59,2,61,153
09/12/2021,BKV,FL,ASO,ES,Federal Contract Tower,0,1,8,0,9,0,0,76,0,76,0,1,84,0,85,76,0,76,161
09/13/2021,BKV,FL,ASO,ES,Federal Contract Tower,0,0,27,0,27,0,8,92,10,110,0,8,119,10,137,100,20,120,257
09/14/2021,BKV,FL,ASO,ES,Federal Contract Tower,0,2,13,0,15,0,3,97,8,108,0,5,110,8,123,110,0,110,233
09/15/2021,BKV,FL,ASO,ES,Federal Contract Tower,0,2,19,2,23,0,5,79,11,95,0,7,98,13,118,193,30,223,341
09/16/2021,BKV,FL,ASO,ES,Federal Contract Tower,0,3,12,0,15,0,2,56,12,70,0,5,68,12,85,127,79,206,291
09/17/2021,BKV,FL,ASO,ES,Federal Contract Tower,0,1,24,0,25,0,0,13,5,18,0,1,37,5,43,10,16,26,69
09/18/2021,BKV,FL,ASO,ES,Federal Contract Tower,0,1,24,0,25,0,6,22,0,28,0,7,46,0,53,39,0,39,92
09/19/2021,BKV,FL,ASO,ES,Federal Contract Tower,0,0,5,0,5,0,4,53,0,57,0,4,58,0,62,110,0,110,172
09/20/2021,BKV,FL,ASO,ES,Federal Contract Tower,0,1,11,2,14,0,2,54,3,59,0,3,65,5,73,72,25,97,170
09/21/2021,BKV,FL,ASO,ES,Federal Contract Tower,0,0,14,3,17,0,3,123,4,130,0,3,137,7,147,81,52,133,280
09/22/2021,BKV,FL,ASO,ES,Federal Contract Tower,1,1,18,0,20,0,6,67,29,102,1,7,85,29,122,95,91,186,308
09/23/2021,BKV,FL,ASO,ES,Federal Contract Tower,0,3,23,6,32,0,0,100,28,128,0,3,123,34,160,109,78,187,347
09/24/2021,BKV,FL,ASO,ES,Federal Contract Tower,0,0,19,0,19,0,3,147,9,159,0,3,166,9,178,93,61,154,332
09/25/2021,BKV,FL,ASO,ES,Federal Contract Tower,0,3,17,0,20,0,1,76,0,77,0,4,93,0,97,79,0,79,176
09/26/2021,BKV,FL,ASO,ES,Federal Contract Tower,0,4,9,2,15,0,5,107,2,114,0,9,116,4,129,36,6,42,171
09/27/2021,BKV,FL,ASO,ES,Federal Contract Tower,0,1,13,0,14,0,3,102,14,119,0,4,115,14,133,83,111,194,327
09/28/2021,BKV,FL,ASO,ES,Federal Contract Tower,0,4,11,1,16,0,2,119,7,128,0,6,130,8,144,204,138,342,486
09/29/2021,BKV,FL,ASO,ES,Federal Contract Tower,0,0,10,0,10,0,4,139,0,143,0,4,149,0,153,126,2,128,281
09/30/2021,BKV,FL,ASO,ES,Federal Contract Tower,0,6,13,2,21,0,1,121,0,122,0,7,134,2,143,91,0,91,234
10/01/2021,BKV,FL,ASO,ES,Federal Contract Tower,0,0,6,10,16,0,2,105,0,107,0,2,111,10,123,148,0,148,271
10/02/2021,BKV,FL,ASO,ES,Federal Contract Tower,0,2,5,0,7,0,3,127,0,130,0,5,132,0,137,136,0,136,273
10/03/2021,BKV,FL,ASO,ES,Federal Contract Tower,0,3,12,0,15,0,5,107,0,112,0,8,119,0,127,226,0,226,353
10/04/2021,BKV,FL,ASO,ES,Federal Contract Tower,0,1,10,1,12,0,5,104,3,112,0,6,114,4,124,123,6,129,253
10/05/2021,BKV,FL,ASO,ES,Federal Contract Tower,0,0,8,0,8,0,0,95,0,95,0,0,103,0,103,130,0,130,233
10/06/2021,BKV,FL,ASO,ES,Federal Contract Tower,0,1,5,0,6,0,2,110,2,114,0,3,115,2,120,177,0,177,297
10/07/2021,BKV,FL,ASO,ES,Federal Contract Tower,0,8,20,1,29,0,1,115,7,123,0,9,135,8,152,206,12,218,370
10/08/2021,BKV,FL,ASO,ES,Federal Contract Tower,0,4,20,0,24,0,2,66,4,72,0,6,86,4,96,61,0,61,157
10/09/2021,BKV,FL,ASO,ES,Federal Contract Tower,0,1,9,0,10,0,0,74,0,74,0,1,83,0,84,134,0,134,218
10/10/2021,BKV,FL,ASO,ES,Federal Contract Tower,0,0,15,0,15,0,2,87,0,89,0,2,102,0,104,138,0,138,242
10/11/2021,BKV,FL,ASO,ES,Federal Contract Tower,0,0,13,0,13,0,1,86,2,89,0,1,99,2,102,177,13,190,292
10/12/2021,BKV,FL,ASO,ES,Federal Contract Tower,0,0,17,1,18,0,1,107,2,110,0,1,124,3,128,137,11,148,276
10/13/2021,BKV,FL,ASO,ES,Federal Contract Tower,0,5,18,2,25,104,5,0,0,109,104,10,18,2,134,154,0,154,288
10/14/2021,BKV,FL,ASO,ES,Federal Contract Tower,0,2,22,2,26,0,0,87,6,93,0,2,109,8,119,88,14,102,221
10/15/2021,BKV,FL,ASO,ES,Federal Contract Tower,0,1,22,4,27,0,3,95,15,113,0,4,117,19,140,129,0,129,269
10/16/2021,BKV,FL,ASO,ES,Federal Contract Tower,0,3,4,0,7,0,1,74,0,75,0,4,78,0,82,79,0,79,161
10/17/2021,BKV,FL,ASO,ES,Federal Contract Tower,0,0,6,0,6,0,3,53,0,56,0,3,59,0,62,26,0,26,88
10/18/2021,BKV,FL,ASO,ES,Federal Contract Tower,0,3,14,2,19,0,2,86,12,100,0,5,100,14,119,68,42,110,229
10/19/2021,BKV,FL,ASO,ES,Federal Contract Tower,0,3,11,8,22,0,5,119,5,129,0,8,130,13,151,172,8,180,331
10/20/2021,BKV,FL,ASO,ES,Federal Contract Tower,0,2,12,0,14,0,5,106,7,118,0,7,118,7,132,173,18,191,323
10/21/2021,BKV,FL,ASO,ES,Federal Contract Tower,0,3,13,2,18,0,4,115,6,125,0,7,128,8,143,178,17,195,338
10/22/2021,BKV,FL,ASO,ES,Federal Contract Tower,0,0,10,2,12,0,1,115,6,122,0,1,125,8,134,172,0,172,306
10/23/2021,BKV,FL,ASO,ES,Federal Contract Tower,0,2,7,0,9,0,0,99,0,99,0,2,106,0,108,115,0,115,223
10/24/2021,BKV,FL,ASO,ES,Federal Contract Tower,0,0,18,0,18,0,4,40,0,44,0,4,58,0,62,29,0,29,91
10/25/2021,BKV,FL,ASO,ES,Federal Contract Tower,0,2,14,1,17,0,5,17,9,31,0,7,31,10,48,47,40,87,135
10/26/2021,BKV,FL,ASO,ES,Federal Contract Tower,0,0,18,0,18,0,4,88,3,95,0,4,106,3,113,163,2,165,278
10/27/2021,BKV,FL,ASO,ES,Federal Contract Tower,0,2,24,2,28,0,0,149,25,174,0,2,173,27,202,136,75,211,413
10/28/2021,BKV,FL,ASO,ES,Federal Contract Tower,0,2,12,4,18,0,0,6,15,21,0,2,18,19,39,10,30,40,79
10/29/2021,BKV,FL,ASO,ES,Federal Contract Tower,0,5,16,0,21,0,2,22,6,30,0,7,38,6,51,17,27,44,95
10/30/2021,BKV,FL,ASO,ES,Federal Contract Tower,0,0,8,0,8,0,4,62,1,67,0,4,70,1,75,90,4,94,169
10/31/2021,BKV,FL,ASO,ES,Federal Contract Tower,0,1,22,0,23,0,1,84,0,85,0,2,106,0,108,98,0,98,206
11/01/2021,BKV,FL,ASO,ES,Federal Contract Tower,0,1,14,0,15,0,2,97,3,102,0,3,111,3,117,164,8,172,289
11/02/2021,BKV,FL,ASO,ES,Federal Contract Tower,0,3,22,0,25,0,8,88,12,108,0,11,110,12,133,141,66,207,340
11/03/2021,BKV,FL,ASO,ES,Federal Contract Tower,0,0,18,1,19,0,13,111,8,132,0,13,129,9,151,221,7,228,379
11/04/2021,BKV,FL,ASO,ES,Federal Contract Tower,0,4,18,0,22,0,4,48,11,63,0,8,66,11,85,172,0,172,257
11/05/2021,BKV,FL,ASO,ES,Federal Contract Tower,0,1,3,0,4,0,0,0,0,0,0,1,3,0,4,0,0,0,4
11/06/2021,BKV,FL,ASO,ES,Federal Contract Tower,0,4,6,0,10,0,0,1,0,1,0,4,7,0,11,0,0,0,11
11/07/2021,BKV,FL,ASO,ES,Federal Contract Tower,0,1,5,0,6,0,3,49,0,52,0,4,54,0,58,121,0,121,179
11/08/2021,BKV,FL,ASO,ES,Federal Contract Tower,0,3,14,1,18,0,3,102,6,111,0,6,116,7,129,156,9,165,294
11/09/2021,BKV,FL,ASO,ES,Federal Contract Tower,0,2,17,2,21,0,0,98,8,106,0,2,115,10,127,159,66,225,352
11/10/2021,BKV,FL,ASO,ES,Federal Contract Tower,0,1,22,9,32,0,4,85,7,96,0,5,107,16,128,131,15,146,274
11/11/2021,BKV,FL,ASO,ES,Federal Contract Tower,0,0,20,0,20,0,2,93,6,101,0,2,113,6,121,169,17,186,307
11/12/2021,BKV,FL,ASO,ES,Federal Contract Tower,0,0,16,3,19,0,4,48,4,56,0,4,64,7,75,174,38,212,287
11/13/2021,BKV,FL,ASO,ES,Federal Contract Tower,0,0,10,1,11,0,3,21,1,25,0,3,31,2,36,68,14,82,118
11/14/2021,BKV,FL,ASO,ES,Federal Contract Tower,0,1,14,0,15,0,3,110,0,113,0,4,124,0,128,179,0,179,307
11/15/2021,BKV,FL,ASO,ES,Federal Contract Tower,0,1,12,0,13,0,3,87,3,93,0,4,99,3,106,170,18,188,294
11/16/2021,BKV,FL,ASO,ES,Federal Contract Tower,0,3,17,1,21,0,4,108,15,127,0,7,125,16,148,241,20,261,409
11/17/2021,BKV,FL,ASO,ES,Federal Contract Tower,0,1,15,5,21,0,2,115,22,139,0,3,130,27,160,129,65,194,354
11/18/2021,BKV,FL,ASO,ES,Federal Contract Tower,0,1,14,2,17,0,0,83,16,99,0,1,97,18,116,181,78,259,375
11/19/2021,BKV,FL,ASO,ES,Federal Contract Tower,0,0,12,4,16,0,1,63,19,83,0,1,75,23,99,114,16,130,229
11/20/2021,BKV,FL,ASO,ES,Federal Contract Tower,0,2,5,0,7,0,3,49,9,61,0,5,54,9,68,50,2,52,120
11/21/2021,BKV,FL,ASO,ES,Federal Contract Tower,0,0,18,12,30,0,0,76,5,81,0,0,94,17,111,170,5,175,286
11/22/2021,BKV,FL,ASO,ES,Federal Contract Tower,0,1,6,0,7,0,3,31,5,39,0,4,37,5,46,101,1,102,148
11/23/2021,BKV,FL,ASO,ES,Federal Contract Tower,0,0,18,3,21,0,1,100,5,106,0,1,118,8,127,89,47,136,263
11/24/2021,BKV,FL,ASO,ES,Federal Contract Tower,0,2,16,0,18,0,2,107,0,109,0,4,123,0,127,42,0,42,169
11/25/2021,BKV,FL,ASO,ES,Federal Contract Tower,0,0,9,0,9,0,0,17,0,17,0,0,26,0,26,8,0,8,34
11/26/2021,BKV,FL,ASO,ES,Federal Contract Tower,0,3,11,1,15,0,2,99,0,101,0,5,110,1,116,85,0,85,201
11/27/2021,BKV,FL,ASO,ES,Federal Contract Tower,0,1,16,0,17,0,0,93,0,93,0,1,109,0,110,62,0,62,172
11/28/2021,BKV,FL,ASO,ES,Federal Contract Tower,0,0,12,0,12,0,2,86,0,88,0,2,98,0,100,133,0,133,233
11/29/2021,BKV,FL,ASO,ES,Federal Contract Tower,0,2,5,0,7,0,1,98,0,99,0,3,103,0,106,167,0,167,273
11/30/2021,BKV,FL,ASO,ES,Federal Contract Tower,0,2,29,1,32,0,4,82,5,91,0,6,111,6,123,154,59,213,336
12/01/2021,BKV,FL,ASO,ES,Federal Contract Tower,0,3,9,0,12,0,2,113,14,129,0,5,122,14,141,152,48,200,341
12/02/2021,BKV,FL,ASO,ES,Federal Contract Tower,0,1,15,1,17,0,6,126,7,139,0,7,141,8,156,122,67,189,345
12/03/2021,BKV,FL,ASO,ES,Federal Contract Tower,0,4,9,1,14,0,5,80,6,91,0,9,89,7,105,98,18,116,221
12/04/2021,BKV,FL,ASO,ES,Federal Contract Tower,0,0,10,0,10,0,2,83,3,88,0,2,93,3,98,196,18,214,312
12/05/2021,BKV,FL,ASO,ES,Federal Contract Tower,0,3,10,0,13,0,10,93,0,103,0,13,103,0,116,82,0,82,198
12/06/2021,BKV,FL,ASO,ES,Federal Contract Tower,0,9,11,0,20,0,2,62,6,70,0,11,73,6,90,81,22,103,193
12/07/2021,BKV,FL,ASO,ES,Federal Contract Tower,0,17,39,0,56,0,0,20,3,23,0,17,59,3,79,26,6,32,111
12/08/2021,BKV,FL,ASO,ES,Federal Contract Tower,0,4,18,3,25,0,2,77,6,85,0,6,95,9,110,114,27,141,251
12/09/2021,BKV,FL,ASO,ES,Federal Contract Tower,0,7,21,5,33,0,1,59,20,80,0,8,80,25,113,59,36,95,208
12/10/2021,BKV,FL,ASO,ES,Federal Contract Tower,0,2,19,2,23,0,4,59,7,70,0,6,78,9,93,127,8,135,228
12/11/2021,BKV,FL,ASO,ES,Federal Contract Tower,0,0,9,0,9,0,2,131,0,133,0,2,140,0,142,69,0,69,211
12/12/2021,BKV,FL,ASO,ES,Federal Contract Tower,0,2,14,0,16,0,1,70,0,71,0,3,84,0,87,80,0,80,167
12/13/2021,BKV,FL,ASO,ES,Federal Contract Tower,0,4,22,0,26,0,1,81,31,113,0,5,103,31,139,69,85,154,293
12/14/2021,BKV,FL,ASO,ES,Federal Contract Tower,0,0,28,10,38,0,1,18,13,32,0,1,46,23,70,30,15,45,115
12/15/2021,BKV,FL,ASO,ES,Federal Contract Tower,0,1,10,1,12,0,4,108,14,126,0,5,118,15,138,47,67,114,252
12/16/2021,BKV,FL,ASO,ES,Federal Contract Tower,0,1,20,0,21,0,5,122,12,139,0,6,142,12,160,175,20,195,355
12/17/2021,BKV,FL,ASO,ES,Federal Contract Tower,0,6,11,0,17,0,2,99,0,101,0,8,110,0,118,178,0,178,296
12/18/2021,BKV,FL,ASO,ES,Federal Contract Tower,0,1,21,0,22,0,0,79,0,79,0,1,100,0,101,82,0,82,183
12/19/2021,BKV,FL,ASO,ES,Federal Contract Tower,0,2,9,0,11,0,3,14,0,17,0,5,23,0,28,16,0,16,44
12/20/2021,BKV,FL,ASO,ES,Federal Contract Tower,0,3,24,0,27,0,2,6,7,15,0,5,30,7,42,0,30,30,72
12/21/2021,BKV,FL,ASO,ES,Federal Contract Tower,0,1,5,4,10,0,0,0,0,0,0,1,5,4,10,53,0,53,63
12/22/2021,BKV,FL,ASO,ES,Federal Contract Tower,0,5,16,2,23,0,7,40,4,51,0,12,56,6,74,85,4,89,163
12/23/2021,BKV,FL,ASO,ES,Federal Contract Tower,0,1,11,0,12,0,3,141,0,144,0,4,152,0,156,151,0,151,307
12/24/2021,BKV,FL,ASO,ES,Federal Contract Tower,0,1,8,0,9,0,4,98,0,102,0,5,106,0,111,101,0,101,212
12/25/2021,BKV,FL,ASO,ES,Federal Contract Tower,0,2,6,0,8,0,0,36,0,36,0,2,42,0,44,7,0,7,51
12/26/2021,BKV,FL,ASO,ES,Federal Contract Tower,0,0,14,0,14,0,0,55,0,55,0,0,69,0,69,83,0,83,152
12/27/2021,BKV,FL,ASO,ES,Federal Contract Tower,0,3,9,0,12,0,3,112,0,115,0,6,121,0,127,207,0,207,334
12/28/2021,BKV,FL,ASO,ES,Federal Contract Tower,0,4,5,4,13,0,6,92,0,98,0,10,97,4,111,173,0,173,284
12/29/2021,BKV,FL,ASO,ES,Federal Contract Tower,0,4,7,0,11,0,3,100,2,105,0,7,107,2,116,130,2,132,248
12/30/2021,BKV,FL,ASO,ES,Federal Contract Tower,0,5,19,0,24,0,0,65,0,65,0,5,84,0,89,176,0,176,265
12/31/2021,BKV,FL,ASO,ES,Federal Contract Tower,0,0,3,0,3,0,6,45,0,51,0,6,48,0,54,128,0,128,182
01/01/2022,BKV,FL,ASO,ES,Federal Contract Tower,0,4,9,0,13,0,4,57,0,61,0,8,66,0,74,51,0,51,125
01/02/2022,BKV,FL,ASO,ES,Federal Contract Tower,0,1,7,0,8,0,2,27,0,29,0,3,34,0,37,32,0,32,69
01/03/2022,BKV,FL,ASO,ES,Federal Contract Tower,0,1,6,0,7,0,0,46,6,52,0,1,52,6,59,33,0,33,92
01/04/2022,BKV,FL,ASO,ES,Federal Contract Tower,0,1,17,1,19,0,0,85,11,96,0,1,102,12,115,136,27,163,278
01/05/2022,BKV,FL,ASO,ES,Federal Contract Tower,0,3,16,0,19,0,0,99,9,108,0,3,115,9,127,147,16,163,290
01/06/2022,BKV,FL,ASO,ES,Federal Contract Tower,0,3,4,3,10,0,3,120,9,132,0,6,124,12,142,145,16,161,303
01/07/2022,BKV,FL,ASO,ES,Federal Contract Tower,0,1,12,0,13,0,0,90,15,105,0,1,102,15,118,125,32,157,275
01/08/2022,BKV,FL,ASO,ES,Federal Contract Tower,0,3,12,0,15,0,0,95,5,100,0,3,107,5,115,168,15,183,298
01/09/2022,BKV,FL,ASO,ES,Federal Contract Tower,0,2,10,0,12,0,1,68,0,69,0,3,78,0,81,70,0,70,151
01/10/2022,BKV,FL,ASO,ES,Federal Contract Tower,0,2,15,5,22,0,0,30,5,35,0,2,45,10,57,35,37,72,129
01/11/2022,BKV,FL,ASO,ES,Federal Contract Tower,0,1,16,0,17,0,3,103,17,123,0,4,119,17,140,72,54,126,266
01/12/2022,BKV,FL,ASO,ES,Federal Contract Tower,0,1,8,0,9,0,0,149,18,167,0,1,157,18,176,101,100,201,377
01/13/2022,BKV,FL,ASO,ES,Federal Contract Tower,0,5,15,0,20,0,0,102,10,112,0,5,117,10,132,97,74,171,303
01/14/2022,BKV,FL,ASO,ES,Federal Contract Tower,0,5,12,10,27,0,0,129,7,136,0,5,141,17,163,139,74,213,376
01/15/2022,BKV,FL,ASO,ES,Federal Contract Tower,0,3,14,0,17,0,1,106,5,112,0,4,120,5,129,87,6,93,222
01/16/2022,BKV,FL,ASO,ES,Federal Contract Tower,0,4,4,2,10,0,3,4,0,7,0,7,8,2,17,28,0,28,45
01/17/2022,BKV,FL,ASO,ES,Federal Contract Tower,0,1,9,0,10,0,0,32,0,32,0,1,41,0,42,24,0,24,66
01/18/2022,BKV,FL,ASO,ES,Federal Contract Tower,0,2,19,3,24,0,3,108,7,118,0,5,127,10,142,147,26,173,315
01/19/2022,BKV,FL,ASO,ES,Federal Contract Tower,0,1,17,0,18,0,4,143,17,164,0,5,160,17,182,159,106,265,447
01/20/2022,BKV,FL,ASO,ES,Federal Contract Tower,0,6,1,0,7,0,2,150,15,167,0,8,151,15,174,225,91,316,490
01/21/2022,BKV,FL,ASO,ES,Federal Contract Tower,0,3,15,0,18,0,4,57,4,65,0,7,72,4,83,79,40,119,202
01/22/2022,BKV,FL,ASO,ES,Federal Contract Tower,0,0,12,4,16,0,3,15,6,24,0,3,27,10,40,24,0,24,64
01/23/2022,BKV,FL,ASO,ES,Federal Contract Tower,0,0,9,0,9,0,4,23,0,27,0,4,32,0,36,72,0,72,108
01/24/2022,BKV,FL,ASO,ES,Federal Contract Tower,0,0,4,0,4,0,0,93,17,110,0,0,97,17,114,131,136,267,381
01/25/2022,BKV,FL,ASO,ES,Federal Contract Tower,0,2,10,0,12,0,0,20,0,20,0,2,30,0,32,62,0,62,94
01/26/2022,BKV,FL,ASO,ES,Federal Contract Tower,0,3,10,10,23,0,0,1,10,11,0,3,11,20,34,0,16,16,50
01/27/2022,BKV,FL,ASO,ES,Federal Contract Tower,0,4,26,2,32,0,4,24,3,31,0,8,50,5,63,70,22,92,155
01/28/2022,BKV,FL,ASO,ES,Federal Contract Tower,0,2,14,0,16,0,2,63,16,81,0,4,77,16,97,179,66,245,342
01/29/2022,BKV,FL,ASO,ES,Federal Contract Tower,0,0,6,0,6,0,2,31,0,33,0,2,37,0,39,16,0,16,55
01/30/2022,BKV,FL,ASO,ES,Federal Contract Tower,0,1,23,0,24,0,2,113,6,121,0,3,136,6,145,104,8,112,257
01/31/2022,BKV,FL,ASO,ES,Federal Contract Tower,0,1,6,0,7,0,3,84,4,91,0,4,90,4,98,177,72,249,347
02/01/2022,BKV,FL,ASO,ES,Federal Contract Tower,0,0,16,0,16,0,2,88,2,92,0,2,104,2,108,125,6,131,239
02/02/2022,BKV,FL,ASO,ES,Federal Contract Tower,0,3,16,4,23,0,0,102,13,115,0,3,118,17,138,107,33,140,278
02/03/2022,BKV,FL,ASO,ES,Federal Contract Tower,0,1,4,3,8,0,3,112,24,139,0,4,116,27,147,70,24,94,241
02/04/2022,BKV,FL,ASO,ES,Federal Contract Tower,0,0,10,0,10,0,0,81,14,95,0,0,91,14,105,59,47,106,211
02/05/2022,BKV,FL,ASO,ES,Federal Contract Tower,0,2,23,0,25,0,0,25,0,25,0,2,48,0,50,16,0,16,66
02/06/2022,BKV,FL,ASO,ES,Federal Contract Tower,0,1,15,0,16,0,0,0,0,0,0,1,15,0,16,0,0,0,16
02/07/2022,BKV,FL,ASO,ES,Federal Contract Tower,0,2,33,7,42,0,0,24,0,24,0,2,57,7,66,33,0,33,99
02/08/2022,BKV,FL,ASO,ES,Federal Contract Tower,0,12,42,4,58,0,0,0,0,0,0,12,42,4,58,0,0,0,58
02/09/2022,BKV,FL,ASO,ES,Federal Contract Tower,0,2,18,0,20,0,1,127,14,142,0,3,145,14,162,225,89,314,476
02/10/2022,BKV,FL,ASO,ES,Federal Contract Tower,0,2,7,0,9,0,2,134,13,149,0,4,141,13,158,259,68,327,485
02/11/2022,BKV,FL,ASO,ES,Federal Contract Tower,0,5,9,1,15,0,1,118,17,136,0,6,127,18,151,198,18,216,367
02/12/2022,BKV,FL,ASO,ES,Federal Contract Tower,0,7,10,0,17,0,0,129,0,129,0,7,139,0,146,145,0,145,291
02/13/2022,BKV,FL,ASO,ES,Federal Contract Tower,0,3,5,1,9,0,4,35,0,39,0,7,40,1,48,52,0,52,100
02/14/2022,BKV,FL,ASO,ES,Federal Contract Tower,0,3,13,0,16,0,0,84,11,95,0,3,97,11,111,140,50,190,301
02/15/2022,BKV,FL,ASO,ES,Federal Contract Tower,0,1,21,9,31,0,3,86,8,97,0,4,107,17,128,133,37,170,298
02/16/2022,BKV,FL,ASO,ES,Federal Contract Tower,0,2,24,2,28,0,3,104,13,120,0,5,128,15,148,112,47,159,307
02/17/2022,BKV,FL,ASO,ES,Federal Contract Tower,0,4,18,4,26,0,2,81,15,98,0,6,99,19,124,126,60,186,310
02/18/2022,BKV,FL,ASO,ES,Federal Contract Tower,0,3,18,3,24,0,1,29,0,30,0,4,47,3,54,45,10,55,109
02/19/2022,BKV,FL,ASO,ES,Federal Contract Tower,0,1,6,0,7,0,10,86,0,96,0,11,92,0,103,179,0,179,282
02/20/2022,BKV,FL,ASO,ES,Federal Contract Tower,0,1,12,0,13,0,1,132,0,133,0,2,144,0,146,162,0,162,308
02/21/2022,BKV,FL,ASO,ES,Federal Contract Tower,0,1,12,2,15,0,5,124,4,133,0,6,136,6,148,29,0,29,177
02/22/2022,BKV,FL,ASO,ES,Federal Contract Tower,0,1,17,6,24,0,19,144,9,172,0,20,161,15,196,188,36,224,420
02/23/2022,BKV,FL,ASO,ES,Federal Contract Tower,0,3,26,0,29,0,5,142,10,157,0,8,168,10,186,200,33,233,419
02/24/2022,BKV,FL,ASO,ES,Federal Contract Tower,0,11,5,0,16,0,1,134,7,142,0,12,139,7,158,271,4,275,433
02/25/2022,BKV,FL,ASO,ES,Federal Contract Tower,0,4,13,0,17,0,6,118,3,127,0,10,131,3,144,156,22,178,322
02/26/2022,BKV,FL,ASO,ES,Federal Contract Tower,0,1,11,0,12,0,8,98,6,112,0,9,109,6,124,172,0,172,296
02/27/2022,BKV,FL,ASO,ES,Federal Contract Tower,0,0,19,0,19,0,2,84,5,91,0,2,103,5,110,96,20,116,226
02/28/2022,BKV,FL,ASO,ES,Federal Contract Tower,0,1,15,0,16,0,0,39,1,40,0,1,54,1,56,114,17,131,187
03/01/2022,BKV,FL,ASO,ES,Federal Contract Tower,0,2,19,2,23,0,0,51,2,53,0,2,70,4,76,133,0,133,209
03/02/2022,BKV,FL,ASO,ES,Federal Contract Tower,0,1,12,0,13,0,2,126,25,153,0,3,138,25,166,114,62,176,342
03/03/2022,BKV,FL,ASO,ES,Federal Contract Tower,0,3,7,0,10,0,3,106,12,121,0,6,113,12,131,219,22,241,372
03/04/2022,BKV,FL,ASO,ES,Federal Contract Tower,0,2,9,1,12,0,2,86,10,98,0,4,95,11,110,60,72,132,242
03/05/2022,BKV,FL,ASO,ES,Federal Contract Tower,0,2,16,0,18,0,4,46,2,52,0,6,62,2,70,30,1,31,101
03/06/2022,BKV,FL,ASO,ES,Federal Contract Tower,0,2,10,0,12,0,4,62,1,67,0,6,72,1,79,42,0,42,121
03/07/2022,BKV,FL,ASO,ES,Federal Contract Tower,0,0,9,0,9,0,8,64,9,81,0,8,73,9,90,35,67,102,192
03/08/2022,BKV,FL,ASO,ES,Federal Contract Tower,0,1,9,2,12,0,5,54,4,63,0,6,63,6,75,131,8,139,214
03/09/2022,BKV,FL,ASO,ES,Federal Contract Tower,0,3,14,0,17,0,0,40,2,42,0,3,54,2,59,94,0,94,153
03/10/2022,BKV,FL,ASO,ES,Federal Contract Tower,0,1,20,0,21,0,4,13,1,18,0,5,33,1,39,10,26,36,75
03/11/2022,BKV,FL,ASO,ES,Federal Contract Tower,0,1,17,0,18,0,4,49,0,53,0,5,66,0,71,73,0,73,144
03/12/2022,BKV,FL,ASO,ES,Federal Contract Tower,0,2,1,0,3,0,0,3,5,8,0,2,4,5,11,0,21,21,32
03/13/2022,BKV,FL,ASO,ES,Federal Contract Tower,0,2,14,0,16,0,3,73,0,76,0,5,87,0,92,42,0,42,134
03/14/2022,BKV,FL,ASO,ES,Federal Contract Tower,0,1,13,0,14,0,6,91,7,104,0,7,104,7,118,66,54,120,238
03/15/2022,BKV,FL,ASO,ES,Federal Contract Tower,0,1,7,3,11,0,0,56,4,60,0,1,63,7,71,72,31,103,174
03/16/2022,BKV,FL,ASO,ES,Federal Contract Tower,0,7,12,0,19,0,1,44,4,49,0,8,56,4,68,38,2,40,108
03/17/2022,BKV,FL,ASO,ES,Federal Contract Tower,0,2,10,2,14,0,2,102,16,120,0,4,112,18,134,168,0,168,302
03/18/2022,BKV,FL,ASO,ES,Federal Contract Tower,0,2,11,0,13,0,2,115,0,117,0,4,126,0,130,172,0,172,302
03/19/2022,BKV,FL,ASO,ES,Federal Contract Tower,0,7,17,0,24,0,6,85,0,91,0,13,102,0,115,93,0,93,208
03/20/2022,BKV,FL,ASO,ES,Federal Contract Tower,0,0,12,0,12,0,2,79,3,84,0,2,91,3,96,58,19,77,173
03/21/2022,BKV,FL,ASO,ES,Federal Contract Tower,0,4,19,0,23,0,2,81,0,83,0,6,100,0,106,214,0,214,320
03/22/2022,BKV,FL,ASO,ES,Federal Contract Tower,0,0,17,0,17,0,2,80,2,84,0,2,97,2,101,120,46,166,267
03/23/2022,BKV,FL,ASO,ES,Federal Contract Tower,0,2,6,0,8,0,1,20,6,27,0,3,26,6,35,4,14,18,53
03/24/2022,BKV,FL,ASO,ES,Federal Contract Tower,0,4,8,0,12,0,0,1,0,1,0,4,9,0,13,0,0,0,13
03/25/2022,BKV,FL,ASO,ES,Federal Contract Tower,0,3,13,4,20,0,4,63,7,74,0,7,76,11,94,71,48,119,213
03/26/2022,BKV,FL,ASO,ES,Federal Contract Tower,0,1,5,1,7,0,3,65,12,80,0,4,70,13,87,120,31,151,238
03/27/2022,BKV,FL,ASO,ES,Federal Contract Tower,0,3,15,0,18,0,3,75,0,78,0,6,90,0,96,46,0,46,142
03/28/2022,BKV,FL,ASO,ES,Federal Contract Tower,0,4,11,1,16,0,3,91,2,96,0,7,102,3,112,79,35,114,226
03/29/2022,BKV,FL,ASO,ES,Federal Contract Tower,0,1,9,2,12,0,2,112,4,118,0,3,121,6,130,295,25,320,450
03/30/2022,BKV,FL,ASO,ES,Federal Contract Tower,0,3,5,0,8,0,4,61,20,85,0,7,66,20,93,39,18,57,150
03/31/2022,BKV,FL,ASO,ES,Federal Contract Tower,0,0,6,0,6,0,0,8,0,8,0,0,14,0,14,12,0,12,26
04/01/2022,BKV,FL,ASO,ES,Federal Contract Tower,0,3,9,0,12,0,2,50,2,54,0,5,59,2,66,98,10,108,174
04/02/2022,BKV,FL,ASO,ES,Federal Contract Tower,0,2,2,0,4,0,0,11,0,11,0,2,13,0,15,62,0,62,77
04/03/2022,BKV,FL,ASO,ES,Federal Contract Tower,0,0,11,0,11,0,6,69,0,75,0,6,80,0,86,96,0,96,182
04/04/2022,BKV,FL,ASO,ES,Federal Contract Tower,0,0,7,0,7,0,1,102,2,105,0,1,109,2,112,155,30,185,297
04/05/2022,BKV,FL,ASO,ES,Federal Contract Tower,0,1,5,0,6,0,2,50,4,56,0,3,55,4,62,12,34,46,108
04/06/2022,BKV,FL,ASO,ES,Federal Contract Tower,0,3,13,4,20,0,1,70,5,76,0,4,83,9,96,168,2,170,266
04/07/2022,BKV,FL,ASO,ES,Federal Contract Tower,0,6,14,2,22,0,3,8,5,16,0,9,22,7,38,4,4,8,46
04/08/2022,BKV,FL,ASO,ES,Federal Contract Tower,0,0,17,0,17,0,4,45,4,53,0,4,62,4,70,38,20,58,128
04/09/2022,BKV,FL,ASO,ES,Federal Contract Tower,0,0,4,0,4,0,0,35,0,35,0,0,39,0,39,26,0,26,65
04/10/2022,BKV,FL,ASO,ES,Federal Contract Tower,0,1,13,0,14,0,0,126,2,128,0,1,139,2,142,126,0,126,268
04/11/2022,BKV,FL,ASO,ES,Federal Contract Tower,0,1,10,3,14,0,7,117,7,131,0,8,127,10,145,121,17,138,283
04/12/2022,BKV,FL,ASO,ES,Federal Contract Tower,0,3,4,0,7,0,5,95,6,106,0,8,99,6,113,126,10,136,249
04/13/2022,BKV,FL,ASO,ES,Federal Contract Tower,0,2,21,2,25,0,5,105,9,119,0,7,126,11,144,205,37,242,386
04/14/2022,BKV,FL,ASO,ES,Federal Contract Tower,0,2,17,0,19,0,0,89,17,106,0,2,106,17,125,293,46,339,464
04/15/2022,BKV,FL,ASO,ES,Federal Contract Tower,0,3,16,2,21,0,1,103,4,108,0,4,119,6,129,108,0,108,237
04/16/2022,BKV,FL,ASO,ES,Federal Contract Tower,0,1,10,0,11,0,4,124,2,130,0,5,134,2,141,160,10,170,311
04/17/2022,BKV,FL,ASO,ES,Federal Contract Tower,0,3,4,0,7,0,2,64,0,66,0,5,68,0,73,50,0,50,123
04/18/2022,BKV,FL,ASO,ES,Federal Contract Tower,0,5,7,0,12,0,0,87,4,91,0,5,94,4,103,190,27,217,320
04/19/2022,BKV,FL,ASO,ES,Federal Contract Tower,0,2,12,2,16,0,7,117,8,132,0,9,129,10,148,184,43,227,375
04/20/2022,BKV,FL,ASO,ES,Federal Contract Tower,0,1,4,1,6,0,0,115,15,130,0,1,119,16,136,180,34,214,350
04/21/2022,BKV,FL,ASO,ES,Federal Contract Tower,0,3,15,2,20,0,5,106,18,129,0,8,121,20,149,184,25,209,358
04/22/2022,BKV,FL,ASO,ES,Federal Contract Tower,0,3,11,3,17,0,3,94,5,102,0,6,105,8,119,151,10,161,280
04/23/2022,BKV,FL,ASO,ES,Federal Contract Tower,0,1,8,0,9,0,3,76,0,79,0,4,84,0,88,112,0,112,200
04/24/2022,BKV,FL,ASO,ES,Federal Contract Tower,0,2,6,0,8,0,6,71,1,78,0,8,77,1,86,85,10,95,181
04/25/2022,BKV,FL,ASO,ES,Federal Contract Tower,0,0,23,4,27,0,4,136,4,144,0,4,159,8,171,139,32,171,342
04/26/2022,BKV,FL,ASO,ES,Federal Contract Tower,0,2,18,2,22,0,0,134,16,150,0,2,152,18,172,149,43,192,364
04/27/2022,BKV,FL,ASO,ES,Federal Contract Tower,0,0,12,4,16,0,2,99,14,115,0,2,111,18,131,172,20,192,323
04/28/2022,BKV,FL,ASO,ES,Federal Contract Tower,0,1,21,2,24,0,2,73,6,81,0,3,94,8,105,166,23,189,294
04/29/2022,BKV,FL,ASO,ES,Federal Contract Tower,0,2,15,2,19,0,3,90,7,100,0,5,105,9,119,235,15,250,369
04/30/2022,BKV,FL,ASO,ES,Federal Contract Tower,0,3,7,0,10,0,0,70,18,88,0,3,77,18,98,93,12,105,203
05/01/2022,BKV,FL,ASO,ES,Federal Contract Tower,0,0,10,0,10,0,0,72,14,86,0,0,82,14,96,96,16,112,208
05/02/2022,BKV,FL,ASO,ES,Federal Contract Tower,0,0,13,0,13,0,0,103,2,105,0,0,116,2,118,139,4,143,261
05/03/2022,BKV,FL,ASO,ES,Federal Contract Tower,0,1,18,0,19,0,2,100,9,111,0,3,118,9,130,145,47,192,322
05/04/2022,BKV,FL,ASO,ES,Federal Contract Tower,0,4,11,2,17,0,2,126,13,141,0,6,137,15,158,155,23,178,336
05/05/2022,BKV,FL,ASO,ES,Federal Contract Tower,0,0,23,1,24,0,4,110,1,115,0,4,133,2,139,166,0,166,305
05/06/2022,BKV,FL,ASO,ES,Federal Contract Tower,0,0,11,0,11,0,1,88,0,89,0,1,99,0,100,156,0,156,256
05/07/2022,BKV,FL,ASO,ES,Federal Contract Tower,0,2,8,1,11,0,1,40,3,44,0,3,48,4,55,35,5,40,95
05/08/2022,BKV,FL,ASO,ES,Federal Contract Tower,0,0,14,0,14,0,3,48,0,51,0,3,62,0,65,148,0,148,213
05/09/2022,BKV,FL,ASO,ES,Federal Contract Tower,0,0,15,4,19,0,2,86,10,98,0,2,101,14,117,150,53,203,320
05/10/2022,BKV,FL,ASO,ES,Federal Contract Tower,0,1,9,3,13,0,2,90,15,107,0,3,99,18,120,175,12,187,307
05/11/2022,BKV,FL,ASO,ES,Federal Contract Tower,0,3,13,0,16,0,2,86,13,101,0,5,99,13,117,148,46,194,311
05/12/2022,BKV,FL,ASO,ES,Federal Contract Tower,0,1,15,1,17,0,2,110,7,119,0,3,125,8,136,249,0,249,385
05/13/2022,BKV,FL,ASO,ES,Federal Contract Tower,0,1,11,2,14,0,3,82,4,89,0,4,93,6,103,176,17,193,296
05/14/2022,BKV,FL,ASO,ES,Federal Contract Tower,0,1,17,0,18,0,2,117,1,120,0,3,134,1,138,171,0,171,309
05/15/2022,BKV,FL,ASO,ES,Federal Contract Tower,0,2,13,0,15,0,1,48,0,49,0,3,61,0,64,107,0,107,171
05/16/2022,BKV,FL,ASO,ES,Federal Contract Tower,0,5,17,0,22,0,3,90,4,97,0,8,107,4,119,151,18,169,288
05/17/2022,BKV,FL,ASO,ES,Federal Contract Tower,0,4,18,1,23,0,1,75,3,79,0,5,93,4,102,172,0,172,274
05/18/2022,BKV,FL,ASO,ES,Federal Contract Tower,0,6,7,2,15,0,6,64,9,79,0,12,71,11,94,175,40,215,309
05/19/2022,BKV,FL,ASO,ES,Federal Contract Tower,0,4,20,4,28,0,0,85,9,94,0,4,105,13,122,144,22,166,288
05/20/2022,BKV,FL,ASO,ES,Federal Contract Tower,0,2,3,0,5,0,0,27,0,27,0,2,30,0,32,36,0,36,68
05/21/2022,BKV,FL,ASO,ES,Federal Contract Tower,0,4,6,0,10,0,1,10,0,11,0,5,16,0,21,12,0,12,33
05/22/2022,BKV,FL,ASO,ES,Federal Contract Tower,0,0,11,0,11,0,2,18,0,20,0,2,29,0,31,42,0,42,73
05/23/2022,BKV,FL,ASO,ES,Federal Contract Tower,0,0,8,2,10,0,5,74,4,83,0,5,82,6,93,155,0,155,248
05/24/2022,BKV,FL,ASO,ES,Federal Contract Tower,0,0,12,1,13,0,0,107,9,116,0,0,119,10,129,158,0,158,287
05/25/2022,BKV,FL,ASO,ES,Federal Contract Tower,0,7,9,1,17,0,0,113,6,119,0,7,122,7,136,193,2,195,331
05/26/2022,BKV,FL,ASO,ES,Federal Contract Tower,0,3,22,0,25,0,0,121,0,121,0,3,143,0,146,173,0,173,319
05/27/2022,BKV,FL,ASO,ES,Federal Contract Tower,0,4,11,0,15,0,2,40,0,42,0,6,51,0,57,73,0,73,130
05/28/2022,BKV,FL,ASO,ES,Federal Contract Tower,0,3,7,0,10,0,4,137,0,141,0,7,144,0,151,100,0,100,251
05/29/2022,BKV,FL,ASO,ES,Federal Contract Tower,0,1,10,0,11,0,4,81,0,85,0,5,91,0,96,52,0,52,148
05/30/2022,BKV,FL,ASO,ES,Federal Contract Tower,0,0,10,0,10,0,2,89,0,91,0,2,99,0,101,52,0,52,153
05/31/2022,BKV,FL,ASO,ES,Federal Contract Tower,0,5,15,2,22,0,1,68,9,78,0,6,83,11,100,142,26,168,268
06/01/2022,BKV,FL,ASO,ES,Federal Contract Tower,0,6,13,2,21,0,0,72,9,81,0,6,85,11,102,163,18,181,283
06/02/2022,BKV,FL,ASO,ES,Federal Contract Tower,0,3,13,0,16,0,0,86,12,98,0,3,99,12,114,127,20,147,261
06/03/2022,BKV,FL,ASO,ES,Federal Contract Tower,0,2,17,0,19,0,1,49,15,65,0,3,66,15,84,90,36,126,210
06/04/2022,BKV,FL,ASO,ES,Federal Contract Tower,0,0,8,0,8,0,3,5,0,8,0,3,13,0,16,19,0,19,35
06/05/2022,BKV,FL,ASO,ES,Federal Contract Tower,0,1,14,0,15,0,6,81,0,87,0,7,95,0,102,116,0,116,218
06/06/2022,BKV,FL,ASO,ES,Federal Contract Tower,0,6,9,2,17,0,2,80,0,82,0,8,89,2,99,187,0,187,286
06/07/2022,BKV,FL,ASO,ES,Federal Contract Tower,0,0,9,3,12,0,2,82,6,90,0,2,91,9,102,170,11,181,283
06/08/2022,BKV,FL,ASO,ES,Federal Contract Tower,0,3,21,0,24,0,2,79,10,91,0,5,100,10,115,193,45,238,353
06/09/2022,BKV,FL,ASO,ES,Federal Contract Tower,0,2,15,0,17,0,3,73,10,86,0,5,88,10,103,175,28,203,306
06/10/2022,BKV,FL,ASO,ES,Federal Contract Tower,0,1,4,0,5,0,2,41,0,43,0,3,45,0,48,74,15,89,137
06/11/2022,BKV,FL,ASO,ES,Federal Contract Tower,0,0,9,0,9,0,0,31,0,31,0,0,40,0,40,127,0,127,167
06/12/2022,BKV,FL,ASO,ES,Federal Contract Tower,0,2,7,0,9,0,3,35,0,38,0,5,42,0,47,38,0,38,85
06/13/2022,BKV,FL,ASO,ES,Federal Contract Tower,0,2,9,4,15,0,0,85,2,87,0,2,94,6,102,152,8,160,262
06/14/2022,BKV,FL,ASO,ES,Federal Contract Tower,0,4,11,4,19,0,2,120,5,127,0,6,131,9,146,148,2,150,296
06/15/2022,BKV,FL,ASO,ES,Federal Contract Tower,0,3,4,0,7,0,3,96,13,112,0,6,100,13,119,151,30,181,300
06/16/2022,BKV,FL,ASO,ES,Federal Contract Tower,0,3,8,3,14,0,7,94,9,110,0,10,102,12,124,162,8,170,294
06/17/2022,BKV,FL,ASO,ES,Federal Contract Tower,0,0,20,0,20,0,0,117,0,117,0,0,137,0,137,170,0,170,307
06/18/2022,BKV,FL,ASO,ES,Federal Contract Tower,0,1,8,0,9,0,3,58,0,61,0,4,66,0,70,53,0,53,123
06/19/2022,BKV,FL,ASO,ES,Federal Contract Tower,0,2,11,0,13,0,0,35,0,35,0,2,46,0,48,38,0,38,86
06/20/2022,BKV,FL,ASO,ES,Federal Contract Tower,0,5,10,0,15,0,3,74,0,77,0,8,84,0,92,72,0,72,164
06/21/2022,BKV,FL,ASO,ES,Federal Contract Tower,0,2,16,0,18,0,0,118,4,122,0,2,134,4,140,61,0,61,201
06/22/2022,BKV,FL,ASO,ES,Federal Contract Tower,0,0,11,2,13,0,5,117,1,123,0,5,128,3,136,100,28,128,264
06/23/2022,BKV,FL,ASO,ES,Federal Contract Tower,0,1,17,1,19,0,0,123,9,132,0,1,140,10,151,134,12,146,297
06/24/2022,BKV,FL,ASO,ES,Federal Contract Tower,0,2,12,0,14,0,0,73,5,78,0,2,85,5,92,108,4,112,204
06/25/2022,BKV,FL,ASO,ES,Federal Contract Tower,0,1,6,0,7,0,0,77,4,81,0,1,83,4,88,111,0,111,199
06/26/2022,BKV,FL,ASO,ES,Federal Contract Tower,0,0,16,0,16,0,6,40,10,56,0,6,56,10,72,74,18,92,164
06/27/2022,BKV,FL,ASO,ES,Federal Contract Tower,0,0,15,0,15,0,1,75,0,76,0,1,90,0,91,190,0,190,281
06/28/2022,BKV,FL,ASO,ES,Federal Contract Tower,0,3,12,0,15,0,0,128,2,130,0,3,140,2,145,92,0,92,237
06/29/2022,BKV,FL,ASO,ES,Federal Contract Tower,0,0,20,0,20,0,3,72,4,79,0,3,92,4,99,122,8,130,229
06/30/2022,BKV,FL,ASO,ES,Federal Contract Tower,0,1,17,0,18,0,4,72,7,83,0,5,89,7,101,132,0,132,233
07/01/2022,BKV,FL,ASO,ES,Federal Contract Tower,0,0,15,0,15,0,6,74,0,80,0,6,89,0,95,196,0,196,291
07/02/2022,BKV,FL,ASO,ES,Federal Contract Tower,0,0,8,0,8,0,0,80,6,86,0,0,88,6,94,70,14,84,178
07/03/2022,BKV,FL,ASO,ES,Federal Contract Tower,0,0,5,0,5,0,5,42,0,47,0,5,47,0,52,98,0,98,150
07/04/2022,BKV,FL,ASO,ES,Federal Contract Tower,0,0,5,0,5,0,0,63,2,65,0,0,68,2,70,80,4,84,154
07/05/2022,BKV,FL,ASO,ES,Federal Contract Tower,0,0,7,0,7,0,4,69,0,73,0,4,76,0,80,113,0,113,193
07/06/2022,BKV,FL,ASO,ES,Federal Contract Tower,0,3,17,0,20,0,2,88,11,101,0,5,105,11,121,87,2,89,210
07/07/2022,BKV,FL,ASO,ES,Federal Contract Tower,0,2,7,2,11,0,2,90,6,98,0,4,97,8,109,98,34,132,241
07/08/2022,BKV,FL,ASO,ES,Federal Contract Tower,0,1,15,0,16,0,2,109,6,117,0,3,124,6,133,140,6,146,279
07/09/2022,BKV,FL,ASO,ES,Federal Contract Tower,0,3,9,0,12,0,2,70,0,72,0,5,79,0,84,65,0,65,149
07/10/2022,BKV,FL,ASO,ES,Federal Contract Tower,0,1,9,0,10,0,6,25,0,31,0,7,34,0,41,70,0,70,111
07/11/2022,BKV,FL,ASO,ES,Federal Contract Tower,0,1,8,0,9,0,1,53,2,56,0,2,61,2,65,126,0,126,191
07/12/2022,BKV,FL,ASO,ES,Federal Contract Tower,0,0,7,0,7,0,2,144,7,153,0,2,151,7,160,213,21,234,394
07/13/2022,BKV,FL,ASO,ES,Federal Contract Tower,0,1,12,0,13,0,6,111,12,129,0,7,123,12,142,231,10,241,383
07/14/2022,BKV,FL,ASO,ES,Federal Contract Tower,0,1,15,0,16,0,6,87,4,97,0,7,102,4,113,134,42,176,289
07/15/2022,BKV,FL,ASO,ES,Federal Contract Tower,0,0,5,0,5,0,4,96,7,107,0,4,101,7,112,184,17,201,313
07/16/2022,BKV,FL,ASO,ES,Federal Contract Tower,0,0,10,2,12,0,3,48,2,53,0,3,58,4,65,85,10,95,160
07/17/2022,BKV,FL,ASO,ES,Federal Contract Tower,0,0,11,0,11,0,0,45,0,45,0,0,56,0,56,18,0,18,74
07/18/2022,BKV,FL,ASO,ES,Federal Contract Tower,0,2,10,0,12,0,1,78,0,79,0,3,88,0,91,60,0,60,151
07/19/2022,BKV,FL,ASO,ES,Federal Contract Tower,0,2,13,0,15,0,1,88,7,96,0,3,101,7,111,244,11,255,366
07/20/2022,BKV,FL,ASO,ES,Federal Contract Tower,0,2,4,5,11,0,0,58,7,65,0,2,62,12,76,97,48,145,221
07/21/2022,BKV,FL,ASO,ES,Federal Contract Tower,0,0,12,0,12,0,6,126,4,136,0,6,138,4,148,145,17,162,310
07/22/2022,BKV,FL,ASO,ES,Federal Contract Tower,0,3,4,2,9,0,2,84,0,86,0,5,88,2,95,120,0,120,215
07/23/2022,BKV,FL,ASO,ES,Federal Contract Tower,0,0,4,0,4,0,0,66,0,66,0,0,70,0,70,88,0,88,158
07/24/2022,BKV,FL,ASO,ES,Federal Contract Tower,0,0,10,0,10,0,1,50,0,51,0,1,60,0,61,68,0,68,129
07/25/2022,BKV,FL,ASO,ES,Federal Contract Tower,0,0,9,2,11,0,2,84,5,91,0,2,93,7,102,132,30,162,264
07/26/2022,BKV,FL,ASO,ES,Federal Contract Tower,0,2,12,0,14,0,3,66,2,71,0,5,78,2,85,114,10,124,209
07/27/2022,BKV,FL,ASO,ES,Federal Contract Tower,0,3,9,0,12,0,14,32,9,55,0,17,41,9,67,31,16,47,114
07/28/2022,BKV,FL,ASO,ES,Federal Contract Tower,0,2,11,2,15,0,2,117,11,130,0,4,128,13,145,151,22,173,318
07/29/2022,BKV,FL,ASO,ES,Federal Contract Tower,0,0,9,0,9,0,1,125,4,130,0,1,134,4,139,96,30,126,265
07/30/2022,BKV,FL,ASO,ES,Federal Contract Tower,0,0,11,0,11,0,2,118,0,120,0,2,129,0,131,128,0,128,259
07/31/2022,BKV,FL,ASO,ES,Federal Contract Tower,0,0,6,0,6,0,2,98,0,100,0,2,104,0,106,105,0,105,211
08/01/2022,BKV,FL,ASO,ES,Federal Contract Tower,0,3,2,1,6,0,1,122,7,130,0,4,124,8,136,221,33,254,390
08/02/2022,BKV,FL,ASO,ES,Federal Contract Tower,0,7,7,0,14,0,4,76,4,84,0,11,83,4,98,96,6,102,200
08/03/2022,BKV,FL,ASO,ES,Federal Contract Tower,0,1,10,0,11,0,3,78,5,86,0,4,88,5,97,122,42,164,261
08/04/2022,BKV,FL,ASO,ES,Federal Contract Tower,0,0,11,0,11,0,1,100,6,107,0,1,111,6,118,122,9,131,249
08/05/2022,BKV,FL,ASO,ES,Federal Contract Tower,0,0,8,0,8,0,2,97,2,101,0,2,105,2,109,129,0,129,238
08/06/2022,BKV,FL,ASO,ES,Federal Contract Tower,0,0,5,0,5,0,0,86,0,86,0,0,91,0,91,115,0,115,206
08/07/2022,BKV,FL,ASO,ES,Federal Contract Tower,0,0,3,0,3,0,3,71,4,78,0,3,74,4,81,60,29,89,170
08/08/2022,BKV,FL,ASO,ES,Federal Contract Tower,0,2,10,7,19,0,0,54,2,56,0,2,64,9,75,64,7,71,146
08/09/2022,BKV,FL,ASO,ES,Federal Contract Tower,0,2,14,0,16,0,1,65,0,66,0,3,79,0,82,151,0,151,233
08/10/2022,BKV,FL,ASO,ES,Federal Contract Tower,0,5,19,0,24,0,1,90,0,91,0,6,109,0,115,167,0,167,282
08/11/2022,BKV,FL,ASO,ES,Federal Contract Tower,0,3,10,3,16,0,2,94,5,101,0,5,104,8,117,178,20,198,315
08/12/2022,BKV,FL,ASO,ES,Federal Contract Tower,0,1,6,2,9,0,0,44,0,44,0,1,50,2,53,46,0,46,99
08/13/2022,BKV,FL,ASO,ES,Federal Contract Tower,0,0,11,0,11,0,1,111,0,112,0,1,122,0,123,180,0,180,303
08/14/2022,BKV,FL,ASO,ES,Federal Contract Tower,0,1,11,0,12,0,0,31,2,33,0,1,42,2,45,52,0,52,97
08/15/2022,BKV,FL,ASO,ES,Federal Contract Tower,0,1,7,0,8,0,3,87,13,103,0,4,94,13,111,172,72,244,355
08/16/2022,BKV,FL,ASO,ES,Federal Contract Tower,0,3,14,0,17,0,4,96,2,102,0,7,110,2,119,117,0,117,236
08/17/2022,BKV,FL,ASO,ES,Federal Contract Tower,0,3,15,0,18,0,2,46,7,55,0,5,61,7,73,121,14,135,208
08/18/2022,BKV,FL,ASO,ES,Federal Contract Tower,0,0,7,0,7,0,0,29,3,32,0,0,36,3,39,54,38,92,131
08/19/2022,BKV,FL,ASO,ES,Federal Contract Tower,0,2,4,0,6,0,1,89,5,95,0,3,93,5,101,112,40,152,253
08/20/2022,BKV,FL,ASO,ES,Federal Contract Tower,0,2,13,1,16,0,2,80,0,82,0,4,93,1,98,124,0,124,222
08/21/2022,BKV,FL,ASO,ES,Federal Contract Tower,0,0,7,0,7,0,2,62,0,64,0,2,69,0,71,79,0,79,150
08/22/2022,BKV,FL,ASO,ES,Federal Contract Tower,0,2,14,4,20,0,0,68,2,70,0,2,82,6,90,89,47,136,226
08/23/2022,BKV,FL,ASO,ES,Federal Contract Tower,0,3,5,0,8,0,6,101,2,109,0,9,106,2,117,154,27,181,298
08/24/2022,BKV,FL,ASO,ES,Federal Contract Tower,0,3,11,1,15,0,0,85,2,87,0,3,96,3,102,164,0,164,266
08/25/2022,BKV,FL,ASO,ES,Federal Contract Tower,0,2,16,0,18,0,45,102,0,147,0,47,118,0,165,187,0,187,352
08/26/2022,BKV,FL,ASO,ES,Federal Contract Tower,0,4,7,1,12,0,0,78,5,83,0,4,85,6,95,144,27,171,266
08/27/2022,BKV,FL,ASO,ES,Federal Contract Tower,0,2,6,0,8,0,1,40,0,41,0,3,46,0,49,144,0,144,193
08/28/2022,BKV,FL,ASO,ES,Federal Contract Tower,0,4,18,0,22,0,1,28,0,29,0,5,46,0,51,50,0,50,101
08/29/2022,BKV,FL,ASO,ES,Federal Contract Tower,0,2,12,0,14,0,0,57,0,57,0,2,69,0,71,129,0,129,200
08/30/2022,BKV,FL,ASO,ES,Federal Contract Tower,0,0,19,0,19,0,0,34,4,38,0,0,53,4,57,0,5,5,62
08/31/2022,BKV,FL,ASO,ES,Federal Contract Tower,0,0,19,0,19,0,5,76,5,86,0,5,95,5,105,156,10,166,271
09/01/2022,BKV,FL,ASO,ES,Federal Contract Tower,0,0,3,0,3,0,0,114,7,121,0,0,117,7,124,139,13,152,276
09/02/2022,BKV,FL,ASO,ES,Federal Contract Tower,0,3,16,0,19,0,2,57,0,59,0,5,73,0,78,120,0,120,198
09/03/2022,BKV,FL,ASO,ES,Federal Contract Tower,0,1,10,0,11,0,4,103,0,107,0,5,113,0,118,138,0,138,256
09/04/2022,BKV,FL,ASO,ES,Federal Contract Tower,0,2,2,0,4,0,3,79,6,88,0,5,81,6,92,76,20,96,188
09/05/2022,BKV,FL,ASO,ES,Federal Contract Tower,0,0,20,1,21,0,4,83,14,101,0,4,103,15,122,106,2,108,230
09/06/2022,BKV,FL,ASO,ES,Federal Contract Tower,0,1,14,3,18,0,0,113,1,114,0,1,127,4,132,229,14,243,375
09/07/2022,BKV,FL,ASO,ES,Federal Contract Tower,0,1,10,1,12,0,2,94,11,107,0,3,104,12,119,130,59,189,308
09/08/2022,BKV,FL,ASO,ES,Federal Contract Tower,0,1,9,0,10,0,0,0,6,6,0,1,9,6,16,0,18,18,34
09/09/2022,BKV,FL,ASO,ES,Federal Contract Tower,0,0,11,0,11,0,0,48,7,55,0,0,59,7,66,145,0,145,211
09/10/2022,BKV,FL,ASO,ES,Federal Contract Tower,0,1,7,0,8,0,0,37,0,37,0,1,44,0,45,74,0,74,119
09/11/2022,BKV,FL,ASO,ES,Federal Contract Tower,0,0,7,0,7,0,2,75,0,77,0,2,82,0,84,102,0,102,186
09/12/2022,BKV,FL,ASO,ES,Federal Contract Tower,0,2,6,0,8,0,4,74,7,85,0,6,80,7,93,124,14,138,231
09/13/2022,BKV,FL,ASO,ES,Federal Contract Tower,0,0,6,0,6,0,0,80,0,80,0,0,86,0,86,142,0,142,228
09/14/2022,BKV,FL,ASO,ES,Federal Contract Tower,0,0,6,0,6,0,0,79,10,89,0,0,85,10,95,131,0,131,226
09/15/2022,BKV,FL,ASO,ES,Federal Contract Tower,0,3,13,2,18,0,0,75,13,88,0,3,88,15,106,84,26,110,216
09/16/2022,BKV,FL,ASO,ES,Federal Contract Tower,0,3,13,2,18,0,3,45,1,49,0,6,58,3,67,88,3,91,158
09/17/2022,BKV,FL,ASO,ES,Federal Contract Tower,0,0,10,0,10,0,1,63,0,64,0,1,73,0,74,168,0,168,242
09/18/2022,BKV,FL,ASO,ES,Federal Contract Tower,0,0,21,0,21,0,2,30,6,38,0,2,51,6,59,164,2,166,225
09/19/2022,BKV,FL,ASO,ES,Federal Contract Tower,0,1,21,9,31,0,4,66,2,72,0,5,87,11,103,112,22,134,237
09/20/2022,BKV,FL,ASO,ES,Federal Contract Tower,0,0,7,0,7,0,0,86,0,86,0,0,93,0,93,210,0,210,303
09/21/2022,BKV,FL,ASO,ES,Federal Contract Tower,0,1,29,10,40,0,1,110,12,123,0,2,139,22,163,215,10,225,388
09/22/2022,BKV,FL,ASO,ES,Federal Contract Tower,0,1,5,2,8,0,0,110,8,118,0,1,115,10,126,190,1,191,317
09/23/2022,BKV,FL,ASO,ES,Federal Contract Tower,0,2,9,0,11,0,3,122,5,130,0,5,131,5,141,221,10,231,372
09/24/2022,BKV,FL,ASO,ES,Federal Contract Tower,0,0,5,0,5,0,2,128,0,130,0,2,133,0,135,233,0,233,368
09/25/2022,BKV,FL,ASO,ES,Federal Contract Tower,0,1,4,0,5,0,4,109,2,115,0,5,113,2,120,104,20,124,244
09/26/2022,BKV,FL,ASO,ES,Federal Contract Tower,0,2,10,0,12,0,4,84,2,90,0,6,94,2,102,104,6,110,212
09/27/2022,BKV,FL,ASO,ES,Federal Contract Tower,0,6,15,0,21,0,5,24,4,33,0,11,39,4,54,8,0,8,62
09/28/2022,BKV,FL,ASO,ES,Federal Contract Tower,0,0,0,0,0,0,0,0,0,0,0,0,0,0,0,0,0,0,0
09/29/2022,BKV,FL,ASO,ES,Federal Contract Tower,0,0,4,0,4,0,15,5,5,25,0,15,9,5,29,0,0,0,29
09/30/2022,BKV,FL,ASO,ES,Federal Contract Tower,0,1,6,0,7,0,9,82,6,97,0,10,88,6,104,67,0,67,171
10/01/2022,BKV,FL,ASO,ES,Federal Contract Tower,0,0,9,0,9,0,5,107,0,112,0,5,116,0,121,92,0,92,213
10/02/2022,BKV,FL,ASO,ES,Federal Contract Tower,0,4,8,0,12,0,0,81,2,83,0,4,89,2,95,108,0,108,203
10/03/2022,BKV,FL,ASO,ES,Federal Contract Tower,0,2,3,0,5,0,0,64,2,66,0,2,67,2,71,92,0,92,163
10/04/2022,BKV,FL,ASO,ES,Federal Contract Tower,0,2,15,0,17,0,5,121,2,128,0,7,136,2,145,200,0,200,345
10/05/2022,BKV,FL,ASO,ES,Federal Contract Tower,0,1,16,0,17,0,1,113,7,121,0,2,129,7,138,174,14,188,326
10/06/2022,BKV,FL,ASO,ES,Federal Contract Tower,0,1,17,0,18,0,4,127,4,135,0,5,144,4,153,195,0,195,348
10/07/2022,BKV,FL,ASO,ES,Federal Contract Tower,0,0,21,0,21,0,2,121,9,132,0,2,142,9,153,194,2,196,349
10/08/2022,BKV,FL,ASO,ES,Federal Contract Tower,0,0,9,0,9,0,1,160,1,162,0,1,169,1,171,78,0,78,249
10/09/2022,BKV,FL,ASO,ES,Federal Contract Tower,0,2,5,0,7,0,3,99,1,103,0,5,104,1,110,118,0,118,228
10/10/2022,BKV,FL,ASO,ES,Federal Contract Tower,0,2,15,0,17,0,8,98,2,108,0,10,113,2,125,181,0,181,306
10/11/2022,BKV,FL,ASO,ES,Federal Contract Tower,0,4,10,0,14,0,2,111,0,113,0,6,121,0,127,272,0,272,399
10/12/2022,BKV,FL,ASO,ES,Federal Contract Tower,0,2,19,0,21,0,4,103,5,112,0,6,122,5,133,254,12,266,399
10/13/2022,BKV,FL,ASO,ES,Federal Contract Tower,0,7,5,4,16,0,0,75,5,80,0,7,80,9,96,177,30,207,303
10/14/2022,BKV,FL,ASO,ES,Federal Contract Tower,0,1,14,5,20,0,2,110,4,116,0,3,124,9,136,105,22,127,263
10/15/2022,BKV,FL,ASO,ES,Federal Contract Tower,0,2,5,0,7,0,0,112,0,112,0,2,117,0,119,136,0,136,255
10/16/2022,BKV,FL,ASO,ES,Federal Contract Tower,0,1,16,3,20,0,9,78,0,87,0,10,94,3,107,90,0,90,197
10/17/2022,BKV,FL,ASO,ES,Federal Contract Tower,0,2,6,1,9,0,0,72,1,73,0,2,78,2,82,126,46,172,254
10/18/2022,BKV,FL,ASO,ES,Federal Contract Tower,0,3,8,0,11,0,0,121,3,124,0,3,129,3,135,181,4,185,320
10/19/2022,BKV,FL,ASO,ES,Federal Contract Tower,0,4,11,1,16,0,0,106,0,106,0,4,117,1,122,84,0,84,206
10/20/2022,BKV,FL,ASO,ES,Federal Contract Tower,0,1,7,0,8,0,1,115,11,127,0,2,122,11,135,212,0,212,347
10/21/2022,BKV,FL,ASO,ES,Federal Contract Tower,0,1,13,0,14,0,2,87,2,91,0,3,100,2,105,179,15,194,299
10/22/2022,BKV,FL,ASO,ES,Federal Contract Tower,0,3,16,0,19,0,0,101,8,109,0,3,117,8,128,92,0,92,220
10/23/2022,BKV,FL,ASO,ES,Federal Contract Tower,0,1,5,0,6,0,0,98,6,104,0,1,103,6,110,64,0,64,174
10/24/2022,BKV,FL,ASO,ES,Federal Contract Tower,0,3,12,1,16,0,2,146,10,158,0,5,158,11,174,250,82,332,506
10/25/2022,BKV,FL,ASO,ES,Federal Contract Tower,0,2,6,2,10,0,2,129,9,140,0,4,135,11,150,222,24,246,396
10/26/2022,BKV,FL,ASO,ES,Federal Contract Tower,0,3,10,1,14,0,5,104,5,114,0,8,114,6,128,113,12,125,253
10/27/2022,BKV,FL,ASO,ES,Federal Contract Tower,0,0,26,3,29,0,1,68,13,82,0,1,94,16,111,176,21,197,308
10/28/2022,BKV,FL,ASO,ES,Federal Contract Tower,0,2,24,2,28,0,0,66,2,68,0,2,90,4,96,103,42,145,241
10/29/2022,BKV,FL,ASO,ES,Federal Contract Tower,0,3,19,0,22,0,0,35,0,35,0,3,54,0,57,44,0,44,101
10/30/2022,BKV,FL,ASO,ES,Federal Contract Tower,0,3,9,0,12,0,7,84,8,99,0,10,93,8,111,122,10,132,243
10/31/2022,BKV,FL,ASO,ES,Federal Contract Tower,0,2,18,0,20,0,4,138,4,146,0,6,156,4,166,300,0,300,466
11/01/2022,BKV,FL,ASO,ES,Federal Contract Tower,0,2,23,1,26,0,3,153,6,162,0,5,176,7,188,192,3,195,383
11/02/2022,BKV,FL,ASO,ES,Federal Contract Tower,0,6,26,12,44,0,2,44,18,64,0,8,70,30,108,0,6,6,114
11/03/2022,BKV,FL,ASO,ES,Federal Contract Tower,0,2,25,1,28,0,9,120,4,133,0,11,145,5,161,113,14,127,288
11/04/2022,BKV,FL,ASO,ES,Federal Contract Tower,0,2,19,2,23,0,2,121,0,123,0,4,140,2,146,176,0,176,322
11/05/2022,BKV,FL,ASO,ES,Federal Contract Tower,0,5,3,0,8,0,2,106,0,108,0,7,109,0,116,176,0,176,292
11/06/2022,BKV,FL,ASO,ES,Federal Contract Tower,0,0,7,0,7,0,2,81,3,86,0,2,88,3,93,69,0,69,162
11/07/2022,BKV,FL,ASO,ES,Federal Contract Tower,0,3,20,0,23,0,5,95,8,108,0,8,115,8,131,61,47,108,239
11/08/2022,BKV,FL,ASO,ES,Federal Contract Tower,0,2,8,0,10,0,5,54,4,63,0,7,62,4,73,54,0,54,127
11/09/2022,BKV,FL,ASO,ES,Federal Contract Tower,0,2,7,2,11,0,0,4,4,8,0,2,11,6,19,2,20,22,41
11/10/2022,BKV,FL,ASO,ES,Federal Contract Tower,0,2,4,0,6,0,0,0,0,0,0,2,4,0,6,0,0,0,6
11/11/2022,BKV,FL,ASO,ES,Federal Contract Tower,0,3,11,0,14,0,5,53,2,60,0,8,64,2,74,61,18,79,153
11/12/2022,BKV,FL,ASO,ES,Federal Contract Tower,0,0,20,0,20,0,0,132,0,132,0,0,152,0,152,181,0,181,333
11/13/2022,BKV,FL,ASO,ES,Federal Contract Tower,0,3,12,0,15,0,0,13,0,13,0,3,25,0,28,36,0,36,64
11/14/2022,BKV,FL,ASO,ES,Federal Contract Tower,0,2,21,0,23,0,4,139,0,143,0,6,160,0,166,129,0,129,295
11/15/2022,BKV,FL,ASO,ES,Federal Contract Tower,0,1,10,0,11,0,3,150,5,158,0,4,160,5,169,292,14,306,475
11/16/2022,BKV,FL,ASO,ES,Federal Contract Tower,0,5,44,2,51,0,19,36,9,64,0,24,80,11,115,74,42,116,231
11/17/2022,BKV,FL,ASO,ES,Federal Contract Tower,0,6,11,0,17,0,0,146,23,169,0,6,157,23,186,166,10,176,362
11/18/2022,BKV,FL,ASO,ES,Federal Contract Tower,0,2,16,0,18,0,3,122,8,133,0,5,138,8,151,176,67,243,394
11/19/2022,BKV,FL,ASO,ES,Federal Contract Tower,0,4,4,1,9,0,6,120,0,126,0,10,124,1,135,148,0,148,283
11/20/2022,BKV,FL,ASO,ES,Federal Contract Tower,0,3,14,0,17,0,3,18,0,21,0,6,32,0,38,18,0,18,56
11/21/2022,BKV,FL,ASO,ES,Federal Contract Tower,0,0,15,2,17,0,7,120,0,127,0,7,135,2,144,177,10,187,331
11/22/2022,BKV,FL,ASO,ES,Federal Contract Tower,0,6,27,2,35,0,3,25,6,34,0,9,52,8,69,11,0,11,80
11/23/2022,BKV,FL,ASO,ES,Federal Contract Tower,0,0,21,1,22,0,0,70,2,72,0,0,91,3,94,82,16,98,192
11/24/2022,BKV,FL,ASO,ES,Federal Contract Tower,0,1,12,12,25,0,1,2,0,3,0,2,14,12,28,27,0,27,55
11/25/2022,BKV,FL,ASO,ES,Federal Contract Tower,0,7,14,0,21,0,3,56,2,61,0,10,70,2,82,122,6,128,210
11/26/2022,BKV,FL,ASO,ES,Federal Contract Tower,0,1,29,0,30,0,0,14,2,16,0,1,43,2,46,92,12,104,150
11/27/2022,BKV,FL,ASO,ES,Federal Contract Tower,0,1,12,0,13,0,0,9,0,9,0,1,21,0,22,14,0,14,36
11/28/2022,BKV,FL,ASO,ES,Federal Contract Tower,0,0,13,0,13,0,4,143,2,149,0,4,156,2,162,131,0,131,293
11/29/2022,BKV,FL,ASO,ES,Federal Contract Tower,0,0,19,1,20,0,3,141,11,155,0,3,160,12,175,167,18,185,360
11/30/2022,BKV,FL,ASO,ES,Federal Contract Tower,0,2,4,0,6,0,0,126,12,138,0,2,130,12,144,134,48,182,326
12/01/2022,BKV,FL,ASO,ES,Federal Contract Tower,0,3,14,2,19,0,3,117,17,137,0,6,131,19,156,109,73,182,338
12/02/2022,BKV,FL,ASO,ES,Federal Contract Tower,0,1,4,4,9,0,6,107,6,119,0,7,111,10,128,121,34,155,283
12/03/2022,BKV,FL,ASO,ES,Federal Contract Tower,0,1,16,0,17,0,2,147,0,149,0,3,163,0,166,137,0,137,303
12/04/2022,BKV,FL,ASO,ES,Federal Contract Tower,0,0,11,0,11,0,5,95,0,100,0,5,106,0,111,62,0,62,173
12/05/2022,BKV,FL,ASO,ES,Federal Contract Tower,0,5,20,1,26,0,3,104,8,115,0,8,124,9,141,125,81,206,347
12/06/2022,BKV,FL,ASO,ES,Federal Contract Tower,0,3,14,2,19,0,0,87,9,96,0,3,101,11,115,77,30,107,222
12/07/2022,BKV,FL,ASO,ES,Federal Contract Tower,0,3,23,4,30,0,5,155,11,171,0,8,178,15,201,118,54,172,373
12/08/2022,BKV,FL,ASO,ES,Federal Contract Tower,0,2,12,3,17,0,4,123,16,143,0,6,135,19,160,133,54,187,347
12/09/2022,BKV,FL,ASO,ES,Federal Contract Tower,0,9,12,2,23,0,1,80,3,84,0,10,92,5,107,87,47,134,241
12/10/2022,BKV,FL,ASO,ES,Federal Contract Tower,0,3,17,0,20,0,5,129,0,134,0,8,146,0,154,62,0,62,216
12/11/2022,BKV,FL,ASO,ES,Federal Contract Tower,0,1,15,1,17,0,0,2,0,2,0,1,17,1,19,26,4,30,49
12/12/2022,BKV,FL,ASO,ES,Federal Contract Tower,0,5,16,0,21,0,2,89,4,95,0,7,105,4,116,117,18,135,251
12/13/2022,BKV,FL,ASO,ES,Federal Contract Tower,0,2,28,1,31,0,1,109,7,117,0,3,137,8,148,109,2,111,259
12/14/2022,BKV,FL,ASO,ES,Federal Contract Tower,0,1,30,8,39,0,0,97,9,106,0,1,127,17,145,133,50,183,328
12/15/2022,BKV,FL,ASO,ES,Federal Contract Tower,0,6,7,0,13,0,2,2,10,14,0,8,9,10,27,42,61,103,130
12/16/2022,BKV,FL,ASO,ES,Federal Contract Tower,0,2,18,1,21,0,1,109,4,114,0,3,127,5,135,185,21,206,341
12/17/2022,BKV,FL,ASO,ES,Federal Contract Tower,0,1,6,0,7,0,2,92,1,95,0,3,98,1,102,129,0,129,231
12/18/2022,BKV,FL,ASO,ES,Federal Contract Tower,0,6,4,6,16,0,7,69,0,76,0,13,73,6,92,146,0,146,238
12/19/2022,BKV,FL,ASO,ES,Federal Contract Tower,0,4,26,0,30,0,0,66,10,76,0,4,92,10,106,132,20,152,258
12/20/2022,BKV,FL,ASO,ES,Federal Contract Tower,0,6,8,0,14,0,0,34,10,44,0,6,42,10,58,51,70,121,179
12/21/2022,BKV,FL,ASO,ES,Federal Contract Tower,0,1,47,6,54,0,0,0,0,0,0,1,47,6,54,0,0,0,54
12/22/2022,BKV,FL,ASO,ES,Federal Contract Tower,0,4,12,0,16,0,0,2,0,2,0,4,14,0,18,122,0,122,140
12/23/2022,BKV,FL,ASO,ES,Federal Contract Tower,0,0,9,1,10,0,1,36,1,38,0,1,45,2,48,0,28,28,76
12/24/2022,BKV,FL,ASO,ES,Federal Contract Tower,0,0,13,0,13,0,0,54,0,54,0,0,67,0,67,85,0,85,152
12/25/2022,BKV,FL,ASO,ES,Federal Contract Tower,0,0,9,0,9,0,2,23,0,25,0,2,32,0,34,22,0,22,56
12/26/2022,BKV,FL,ASO,ES,Federal Contract Tower,0,1,11,0,12,0,0,77,0,77,0,1,88,0,89,159,0,159,248
12/27/2022,BKV,FL,ASO,ES,Federal Contract Tower,0,1,25,0,26,0,3,99,2,104,0,4,124,2,130,115,3,118,248
12/28/2022,BKV,FL,ASO,ES,Federal Contract Tower,0,0,11,0,11,0,2,160,4,166,0,2,171,4,177,136,0,136,313
12/29/2022,BKV,FL,ASO,ES,Federal Contract Tower,0,1,14,0,15,0,5,125,2,132,0,6,139,2,147,150,0,150,297
12/30/2022,BKV,FL,ASO,ES,Federal Contract Tower,0,0,9,0,9,0,3,106,0,109,0,3,115,0,118,138,0,138,256
12/31/2022,BKV,FL,ASO,ES,Federal Contract Tower,0,0,0,0,0,0,1,0,0,1,0,1,0,0,1,0,0,0,1
01/01/2023,BKV,FL,ASO,ES,Federal Contract Tower,0,0,6,0,6,0,0,14,0,14,0,0,20,0,20,28,0,28,48
01/02/2023,BKV,FL,ASO,ES,Federal Contract Tower,0,4,21,0,25,0,0,102,0,102,0,4,123,0,127,181,0,181,308
01/03/2023,BKV,FL,ASO,ES,Federal Contract Tower,0,4,5,0,9,0,0,93,0,93,0,4,98,0,102,92,0,92,194
01/04/2023,BKV,FL,ASO,ES,Federal Contract Tower,0,4,16,1,21,0,1,14,21,36,0,5,30,22,57,19,22,41,98
01/05/2023,BKV,FL,ASO,ES,Federal Contract Tower,0,1,6,1,8,0,1,66,7,74,0,2,72,8,82,66,2,68,150
01/06/2023,BKV,FL,ASO,ES,Federal Contract Tower,0,6,18,3,27,0,3,111,2,116,0,9,129,5,143,179,5,184,327
01/07/2023,BKV,FL,ASO,ES,Federal Contract Tower,0,6,6,0,12,0,10,141,0,151,0,16,147,0,163,184,0,184,347
01/08/2023,BKV,FL,ASO,ES,Federal Contract Tower,0,3,8,6,17,0,1,99,2,102,0,4,107,8,119,186,6,192,311
01/09/2023,BKV,FL,ASO,ES,Federal Contract Tower,0,0,17,0,17,0,0,81,5,86,0,0,98,5,103,208,63,271,374
01/10/2023,BKV,FL,ASO,ES,Federal Contract Tower,0,4,11,2,17,0,1,89,5,95,0,5,100,7,112,162,0,162,274
01/11/2023,BKV,FL,ASO,ES,Federal Contract Tower,0,2,16,1,19,0,3,116,4,123,0,5,132,5,142,155,17,172,314
01/12/2023,BKV,FL,ASO,ES,Federal Contract Tower,0,2,19,0,21,0,0,269,11,280,0,2,288,11,301,133,22,155,456
01/13/2023,BKV,FL,ASO,ES,Federal Contract Tower,0,3,15,1,19,0,0,8,6,14,0,3,23,7,33,0,6,6,39
01/14/2023,BKV,FL,ASO,ES,Federal Contract Tower,0,0,18,0,18,0,2,55,10,67,0,2,73,10,85,50,0,50,135
01/15/2023,BKV,FL,ASO,ES,Federal Contract Tower,0,0,6,0,6,0,2,103,6,111,0,2,109,6,117,250,0,250,367
01/16/2023,BKV,FL,ASO,ES,Federal Contract Tower,0,1,13,6,20,0,1,115,6,122,0,2,128,12,142,219,6,225,367
01/17/2023,BKV,FL,ASO,ES,Federal Contract Tower,0,3,20,2,25,0,6,110,7,123,0,9,130,9,148,138,0,138,286
01/18/2023,BKV,FL,ASO,ES,Federal Contract Tower,0,3,19,0,22,0,3,102,7,112,0,6,121,7,134,168,0,168,302
01/19/2023,BKV,FL,ASO,ES,Federal Contract Tower,0,1,20,0,21,0,1,85,16,102,0,2,105,16,123,78,52,130,253
01/20/2023,BKV,FL,ASO,ES,Federal Contract Tower,0,1,13,10,24,0,2,94,16,112,0,3,107,26,136,156,98,254,390
01/21/2023,BKV,FL,ASO,ES,Federal Contract Tower,0,1,8,0,9,0,0,63,8,71,0,1,71,8,80,171,43,214,294
01/22/2023,BKV,FL,ASO,ES,Federal Contract Tower,0,2,7,0,9,0,2,20,10,32,0,4,27,10,41,16,0,16,57
01/23/2023,BKV,FL,ASO,ES,Federal Contract Tower,0,3,10,4,17,0,2,80,4,86,0,5,90,8,103,149,31,180,283
01/24/2023,BKV,FL,ASO,ES,Federal Contract Tower,0,3,8,4,15,0,2,143,8,153,0,5,151,12,168,209,0,209,377
01/25/2023,BKV,FL,ASO,ES,Federal Contract Tower,0,1,1,0,2,0,1,33,15,49,0,2,34,15,51,45,44,89,140
01/26/2023,BKV,FL,ASO,ES,Federal Contract Tower,0,0,17,1,18,0,2,104,2,108,0,2,121,3,126,147,0,147,273
01/27/2023,BKV,FL,ASO,ES,Federal Contract Tower,0,3,14,0,17,0,1,134,6,141,0,4,148,6,158,167,6,173,331
01/28/2023,BKV,FL,ASO,ES,Federal Contract Tower,0,0,8,0,8,0,2,111,1,114,0,2,119,1,122,219,0,219,341
01/29/2023,BKV,FL,ASO,ES,Federal Contract Tower,0,1,7,0,8,0,4,110,2,116,0,5,117,2,124,124,0,124,248
01/30/2023,BKV,FL,ASO,ES,Federal Contract Tower,0,4,9,4,17,0,7,144,10,161,0,11,153,14,178,186,33,219,397
01/31/2023,BKV,FL,ASO,ES,Federal Contract Tower,0,2,13,0,15,0,3,106,5,114,0,5,119,5,129,163,7,170,299
02/01/2023,BKV,FL,ASO,ES,Federal Contract Tower,0,5,20,0,25,0,5,116,7,128,0,10,136,7,153,228,14,242,395
02/02/2023,BKV,FL,ASO,ES,Federal Contract Tower,0,1,10,4,15,0,2,103,12,117,0,3,113,16,132,229,14,243,375
02/03/2023,BKV,FL,ASO,ES,Federal Contract Tower,0,0,20,4,24,0,0,23,2,25,0,0,43,6,49,7,0,7,56
02/04/2023,BKV,FL,ASO,ES,Federal Contract Tower,0,0,13,0,13,0,4,70,2,76,0,4,83,2,89,40,0,40,129
02/05/2023,BKV,FL,ASO,ES,Federal Contract Tower,0,1,24,2,27,0,2,83,5,90,0,3,107,7,117,128,0,128,245
02/06/2023,BKV,FL,ASO,ES,Federal Contract Tower,0,1,17,0,18,0,2,107,7,116,0,3,124,7,134,161,42,203,337
02/07/2023,BKV,FL,ASO,ES,Federal Contract Tower,0,1,9,0,10,0,2,89,9,100,0,3,98,9,110,282,11,293,403
02/08/2023,BKV,FL,ASO,ES,Federal Contract Tower,0,5,14,0,19,0,2,140,5,147,0,7,154,5,166,250,30,280,446
02/09/2023,BKV,FL,ASO,ES,Federal Contract Tower,0,3,16,2,21,0,2,79,4,85,0,5,95,6,106,22,22,44,150
02/10/2023,BKV,FL,ASO,ES,Federal Contract Tower,0,3,29,0,32,0,0,49,7,56,0,3,78,7,88,134,29,163,251
02/11/2023,BKV,FL,ASO,ES,Federal Contract Tower,0,1,6,0,7,0,0,4,0,4,0,1,10,0,11,2,0,2,13
02/12/2023,BKV,FL,ASO,ES,Federal Contract Tower,0,0,6,1,7,0,6,4,1,11,0,6,10,2,18,6,0,6,24
02/13/2023,BKV,FL,ASO,ES,Federal Contract Tower,0,1,14,0,15,0,6,121,4,131,0,7,135,4,146,225,2,227,373
02/14/2023,BKV,FL,ASO,ES,Federal Contract Tower,0,1,6,0,7,0,1,157,4,162,0,2,163,4,169,197,8,205,374
02/15/2023,BKV,FL,ASO,ES,Federal Contract Tower,0,1,17,0,18,0,4,178,6,188,0,5,195,6,206,234,38,272,478
02/16/2023,BKV,FL,ASO,ES,Federal Contract Tower,0,4,11,1,16,0,1,136,5,142,0,5,147,6,158,193,18,211,369
02/17/2023,BKV,FL,ASO,ES,Federal Contract Tower,0,3,15,0,18,0,2,94,2,98,0,5,109,2,116,90,0,90,206
02/18/2023,BKV,FL,ASO,ES,Federal Contract Tower,0,4,5,0,9,0,3,105,0,108,0,7,110,0,117,112,0,112,229
02/19/2023,BKV,FL,ASO,ES,Federal Contract Tower,0,0,13,0,13,0,0,78,2,80,0,0,91,2,93,133,31,164,257
02/20/2023,BKV,FL,ASO,ES,Federal Contract Tower,0,1,20,0,21,0,3,96,0,99,0,4,116,0,120,226,0,226,346
02/21/2023,BKV,FL,ASO,ES,Federal Contract Tower,0,0,18,5,23,0,0,133,16,149,0,0,151,21,172,166,26,192,364
02/22/2023,BKV,FL,ASO,ES,Federal Contract Tower,0,1,15,0,16,0,2,136,18,156,0,3,151,18,172,133,21,154,326
02/23/2023,BKV,FL,ASO,ES,Federal Contract Tower,0,5,15,0,20,0,0,121,8,129,0,5,136,8,149,137,7,144,293
02/24/2023,BKV,FL,ASO,ES,Federal Contract Tower,0,4,15,1,20,0,2,85,21,108,0,6,100,22,128,138,75,213,341
02/25/2023,BKV,FL,ASO,ES,Federal Contract Tower,0,2,10,0,12,0,0,77,7,84,0,2,87,7,96,136,1,137,233
02/26/2023,BKV,FL,ASO,ES,Federal Contract Tower,0,2,13,2,17,0,1,70,4,75,0,3,83,6,92,124,14,138,230
02/27/2023,BKV,FL,ASO,ES,Federal Contract Tower,0,1,20,3,24,0,0,72,10,82,0,1,92,13,106,126,17,143,249
02/28/2023,BKV,FL,ASO,ES,Federal Contract Tower,0,1,26,2,29,0,0,51,1,52,0,1,77,3,81,135,39,174,255
03/01/2023,BKV,FL,ASO,ES,Federal Contract Tower,0,4,8,0,12,0,5,106,6,117,0,9,114,6,129,154,22,176,305
03/02/2023,BKV,FL,ASO,ES,Federal Contract Tower,0,2,14,3,19,0,0,125,10,135,0,2,139,13,154,242,18,260,414
03/03/2023,BKV,FL,ASO,ES,Federal Contract Tower,0,0,15,0,15,0,4,42,7,53,0,4,57,7,68,44,31,75,143
03/04/2023,BKV,FL,ASO,ES,Federal Contract Tower,0,3,15,0,18,0,2,42,0,44,0,5,57,0,62,42,0,42,104
03/05/2023,BKV,FL,ASO,ES,Federal Contract Tower,0,1,17,0,18,0,2,109,2,113,0,3,126,2,131,161,0,161,292
03/06/2023,BKV,FL,ASO,ES,Federal Contract Tower,0,1,9,3,13,0,0,113,11,124,0,1,122,14,137,234,46,280,417
03/07/2023,BKV,FL,ASO,ES,Federal Contract Tower,0,2,20,0,22,0,0,92,12,104,0,2,112,12,126,159,0,159,285
03/08/2023,BKV,FL,ASO,ES,Federal Contract Tower,0,3,22,0,25,0,6,137,4,147,0,9,159,4,172,134,18,152,324
03/09/2023,BKV,FL,ASO,ES,Federal Contract Tower,0,1,5,1,7,0,2,170,13,185,0,3,175,14,192,248,24,272,464
03/10/2023,BKV,FL,ASO,ES,Federal Contract Tower,0,8,12,2,22,0,2,76,4,82,0,10,88,6,104,63,65,128,232
03/11/2023,BKV,FL,ASO,ES,Federal Contract Tower,0,2,9,0,11,0,6,93,4,103,0,8,102,4,114,229,0,229,343
03/12/2023,BKV,FL,ASO,ES,Federal Contract Tower,0,0,6,1,7,0,0,67,2,69,0,0,73,3,76,44,10,54,130
03/13/2023,BKV,FL,ASO,ES,Federal Contract Tower,0,2,12,0,14,0,2,17,5,24,0,4,29,5,38,2,12,14,52
03/14/2023,BKV,FL,ASO,ES,Federal Contract Tower,0,0,14,0,14,0,0,153,6,159,0,0,167,6,173,196,8,204,377
03/15/2023,BKV,FL,ASO,ES,Federal Contract Tower,0,0,8,0,8,0,2,108,10,120,0,2,116,10,128,159,6,165,293
03/16/2023,BKV,FL,ASO,ES,Federal Contract Tower,0,1,25,0,26,0,3,160,6,169,0,4,185,6,195,300,4,304,499
03/17/2023,BKV,FL,ASO,ES,Federal Contract Tower,0,1,14,2,17,0,3,94,2,99,0,4,108,4,116,251,0,251,367
03/18/2023,BKV,FL,ASO,ES,Federal Contract Tower,0,1,7,0,8,0,0,29,2,31,0,1,36,2,39,10,4,14,53
03/19/2023,BKV,FL,ASO,ES,Federal Contract Tower,0,0,15,0,15,0,4,83,1,88,0,4,98,1,103,102,0,102,205
03/20/2023,BKV,FL,ASO,ES,Federal Contract Tower,0,1,24,0,25,0,3,97,3,103,0,4,121,3,128,238,14,252,380
03/21/2023,BKV,FL,ASO,ES,Federal Contract Tower,0,1,28,6,35,0,0,145,9,154,0,1,173,15,189,231,39,270,459
03/22/2023,BKV,FL,ASO,ES,Federal Contract Tower,0,2,11,2,15,0,5,117,14,136,0,7,128,16,151,172,62,234,385
03/23/2023,BKV,FL,ASO,ES,Federal Contract Tower,0,0,20,2,22,0,2,148,8,158,0,2,168,10,180,302,30,332,512
03/24/2023,BKV,FL,ASO,ES,Federal Contract Tower,0,6,24,0,30,0,4,136,6,146,0,10,160,6,176,100,49,149,325
03/25/2023,BKV,FL,ASO,ES,Federal Contract Tower,0,3,12,0,15,0,2,42,5,49,0,5,54,5,64,65,0,65,129
03/26/2023,BKV,FL,ASO,ES,Federal Contract Tower,0,0,8,0,8,0,1,70,0,71,0,1,78,0,79,78,0,78,157
03/27/2023,BKV,FL,ASO,ES,Federal Contract Tower,0,0,14,3,17,0,3,95,7,105,0,3,109,10,122,172,58,230,352
03/28/2023,BKV,FL,ASO,ES,Federal Contract Tower,0,3,14,0,17,0,3,78,2,83,0,6,92,2,100,96,25,121,221
03/29/2023,BKV,FL,ASO,ES,Federal Contract Tower,0,4,21,0,25,0,2,165,8,175,0,6,186,8,200,181,50,231,431
03/30/2023,BKV,FL,ASO,ES,Federal Contract Tower,0,4,17,1,22,0,5,144,6,155,0,9,161,7,177,162,0,162,339
03/31/2023,BKV,FL,ASO,ES,Federal Contract Tower,0,1,15,3,19,0,4,102,15,121,0,5,117,18,140,141,40,181,321
04/01/2023,BKV,FL,ASO,ES,Federal Contract Tower,0,2,18,0,20,0,2,60,1,63,0,4,78,1,83,111,0,111,194
04/02/2023,BKV,FL,ASO,ES,Federal Contract Tower,0,0,17,0,17,0,4,75,0,79,0,4,92,0,96,116,0,116,212
04/03/2023,BKV,FL,ASO,ES,Federal Contract Tower,0,0,16,0,16,0,1,111,6,118,0,1,127,6,134,124,0,124,258
04/04/2023,BKV,FL,ASO,ES,Federal Contract Tower,0,1,24,0,25,0,0,135,6,141,0,1,159,6,166,227,0,227,393
04/05/2023,BKV,FL,ASO,ES,Federal Contract Tower,0,4,13,0,17,0,3,125,7,135,0,7,138,7,152,256,57,313,465
04/06/2023,BKV,FL,ASO,ES,Federal Contract Tower,0,0,9,0,9,0,5,113,5,123,0,5,122,5,132,396,1,397,529
04/07/2023,BKV,FL,ASO,ES,Federal Contract Tower,0,3,28,0,31,0,1,104,9,114,0,4,132,9,145,329,9,338,483
04/08/2023,BKV,FL,ASO,ES,Federal Contract Tower,0,6,10,0,16,0,0,62,3,65,0,6,72,3,81,108,9,117,198
04/09/2023,BKV,FL,ASO,ES,Federal Contract Tower,0,0,9,1,10,0,0,8,1,9,0,0,17,2,19,10,24,34,53
04/10/2023,BKV,FL,ASO,ES,Federal Contract Tower,0,3,12,2,17,0,0,19,2,21,0,3,31,4,38,0,31,31,69
04/11/2023,BKV,FL,ASO,ES,Federal Contract Tower,0,1,4,0,5,0,0,53,2,55,0,1,57,2,60,62,0,62,122
04/12/2023,BKV,FL,ASO,ES,Federal Contract Tower,0,2,22,0,24,0,3,48,5,56,0,5,70,5,80,14,0,14,94
04/13/2023,BKV,FL,ASO,ES,Federal Contract Tower,0,2,17,0,19,0,4,110,2,116,0,6,127,2,135,274,17,291,426
04/14/2023,BKV,FL,ASO,ES,Federal Contract Tower,0,5,14,0,19,0,2,89,5,96,0,7,103,5,115,248,63,311,426
04/15/2023,BKV,FL,ASO,ES,Federal Contract Tower,0,2,14,0,16,0,0,152,4,156,0,2,166,4,172,208,0,208,380
04/16/2023,BKV,FL,ASO,ES,Federal Contract Tower,0,3,14,0,17,0,0,73,1,74,0,3,87,1,91,106,0,106,197
04/17/2023,BKV,FL,ASO,ES,Federal Contract Tower,0,0,15,0,15,0,3,94,10,107,0,3,109,10,122,296,61,357,479
04/18/2023,BKV,FL,ASO,ES,Federal Contract Tower,0,3,19,0,22,0,8,163,6,177,0,11,182,6,199,249,0,249,448
04/19/2023,BKV,FL,ASO,ES,Federal Contract Tower,0,6,21,0,27,0,3,142,3,148,0,9,163,3,175,248,34,282,457
04/20/2023,BKV,FL,ASO,ES,Federal Contract Tower,0,3,20,4,27,0,5,187,5,197,0,8,207,9,224,268,29,297,521
04/21/2023,BKV,FL,ASO,ES,Federal Contract Tower,0,2,16,0,18,0,2,101,6,109,0,4,117,6,127,214,0,214,341
04/22/2023,BKV,FL,ASO,ES,Federal Contract Tower,0,5,8,0,13,0,4,105,0,109,0,9,113,0,122,242,0,242,364
04/23/2023,BKV,FL,ASO,ES,Federal Contract Tower,0,7,7,0,14,0,5,86,2,93,0,12,93,2,107,150,0,150,257
04/24/2023,BKV,FL,ASO,ES,Federal Contract Tower,0,3,12,0,15,0,1,75,2,78,0,4,87,2,93,182,0,182,275
04/25/2023,BKV,FL,ASO,ES,Federal Contract Tower,0,2,7,0,9,0,1,119,0,120,0,3,126,0,129,330,0,330,459
04/26/2023,BKV,FL,ASO,ES,Federal Contract Tower,0,6,15,0,21,0,1,150,4,155,0,7,165,4,176,301,14,315,491
04/27/2023,BKV,FL,ASO,ES,Federal Contract Tower,0,1,11,0,12,0,1,125,6,132,0,2,136,6,144,333,10,343,487
04/28/2023,BKV,FL,ASO,ES,Federal Contract Tower,0,0,11,0,11,0,2,62,0,64,0,2,73,0,75,167,0,167,242
04/29/2023,BKV,FL,ASO,ES,Federal Contract Tower,0,0,9,0,9,0,1,46,0,47,0,1,55,0,56,74,0,74,130
04/30/2023,BKV,FL,ASO,ES,Federal Contract Tower,0,2,4,0,6,0,2,4,0,6,0,4,8,0,12,0,0,0,12
05/01/2023,BKV,FL,ASO,ES,Federal Contract Tower,0,0,16,0,16,0,5,81,2,88,0,5,97,2,104,191,6,197,301
05/02/2023,BKV,FL,ASO,ES,Federal Contract Tower,0,3,7,0,10,0,6,105,0,111,0,9,112,0,121,278,0,278,399
05/03/2023,BKV,FL,ASO,ES,Federal Contract Tower,0,10,14,0,24,0,2,120,0,122,0,12,134,0,146,160,0,160,306
05/04/2023,BKV,FL,ASO,ES,Federal Contract Tower,0,0,15,0,15,0,6,154,3,163,0,6,169,3,178,353,12,365,543
05/05/2023,BKV,FL,ASO,ES,Federal Contract Tower,0,0,14,0,14,0,4,146,4,154,0,4,160,4,168,322,13,335,503
05/06/2023,BKV,FL,ASO,ES,Federal Contract Tower,0,0,16,0,16,0,3,107,0,110,0,3,123,0,126,201,0,201,327
05/07/2023,BKV,FL,ASO,ES,Federal Contract Tower,0,2,16,10,28,0,3,94,0,97,0,5,110,10,125,94,0,94,219
05/08/2023,BKV,FL,ASO,ES,Federal Contract Tower,0,0,13,0,13,0,3,131,4,138,0,3,144,4,151,354,48,402,553
05/09/2023,BKV,FL,ASO,ES,Federal Contract Tower,0,1,11,0,12,0,0,147,0,147,0,1,158,0,159,320,0,320,479
05/10/2023,BKV,FL,ASO,ES,Federal Contract Tower,0,2,28,2,32,0,8,120,6,134,0,10,148,8,166,220,11,231,397
05/11/2023,BKV,FL,ASO,ES,Federal Contract Tower,0,1,17,0,18,0,1,124,10,135,0,2,141,10,153,212,9,221,374
05/12/2023,BKV,FL,ASO,ES,Federal Contract Tower,0,4,11,0,15,0,4,130,11,145,0,8,141,11,160,293,46,339,499
05/13/2023,BKV,FL,ASO,ES,Federal Contract Tower,0,0,9,0,9,0,7,91,0,98,0,7,100,0,107,110,0,110,217
05/14/2023,BKV,FL,ASO,ES,Federal Contract Tower,0,0,8,0,8,0,0,60,0,60,0,0,68,0,68,146,0,146,214
05/15/2023,BKV,FL,ASO,ES,Federal Contract Tower,0,2,11,0,13,0,5,135,5,145,0,7,146,5,158,243,53,296,454
05/16/2023,BKV,FL,ASO,ES,Federal Contract Tower,0,3,13,0,16,0,5,111,2,118,0,8,124,2,134,309,0,309,443
05/17/2023,BKV,FL,ASO,ES,Federal Contract Tower,0,2,22,0,24,0,2,101,8,111,0,4,123,8,135,257,38,295,430
05/18/2023,BKV,FL,ASO,ES,Federal Contract Tower,0,0,12,0,12,0,0,89,6,95,0,0,101,6,107,228,4,232,339
05/19/2023,BKV,FL,ASO,ES,Federal Contract Tower,0,4,13,0,17,0,0,70,5,75,0,4,83,5,92,193,0,193,285
05/20/2023,BKV,FL,ASO,ES,Federal Contract Tower,0,0,12,0,12,0,2,22,0,24,0,2,34,0,36,67,0,67,103
05/21/2023,BKV,FL,ASO,ES,Federal Contract Tower,0,0,17,0,17,0,0,64,3,67,0,0,81,3,84,74,0,74,158
05/22/2023,BKV,FL,ASO,ES,Federal Contract Tower,0,4,18,0,22,0,3,61,3,67,0,7,79,3,89,177,10,187,276
05/23/2023,BKV,FL,ASO,ES,Federal Contract Tower,0,4,9,1,14,0,0,29,9,38,0,4,38,10,52,23,48,71,123
05/24/2023,BKV,FL,ASO,ES,Federal Contract Tower,0,12,30,3,45,0,2,30,6,38,0,14,60,9,83,102,71,173,256
05/25/2023,BKV,FL,ASO,ES,Federal Contract Tower,0,2,29,1,32,0,0,55,2,57,0,2,84,3,89,158,0,158,247
05/26/2023,BKV,FL,ASO,ES,Federal Contract Tower,0,1,14,0,15,0,2,93,2,97,0,3,107,2,112,195,20,215,327
05/27/2023,BKV,FL,ASO,ES,Federal Contract Tower,0,1,4,0,5,0,3,152,0,155,0,4,156,0,160,206,0,206,366
05/28/2023,BKV,FL,ASO,ES,Federal Contract Tower,0,0,10,0,10,0,2,101,0,103,0,2,111,0,113,124,0,124,237
05/29/2023,BKV,FL,ASO,ES,Federal Contract Tower,0,0,7,0,7,0,6,118,2,126,0,6,125,2,133,224,0,224,357
05/30/2023,BKV,FL,ASO,ES,Federal Contract Tower,0,0,19,0,19,0,1,137,0,138,0,1,156,0,157,244,0,244,401
05/31/2023,BKV,FL,ASO,ES,Federal Contract Tower,0,2,10,0,12,0,0,69,0,69,0,2,79,0,81,138,0,138,219
06/01/2023,BKV,FL,ASO,ES,Federal Contract Tower,0,0,11,0,11,0,0,44,0,44,0,0,55,0,55,118,0,118,173
06/02/2023,BKV,FL,ASO,ES,Federal Contract Tower,1,1,29,0,31,0,4,42,0,46,1,5,71,0,77,114,24,138,215
06/03/2023,BKV,FL,ASO,ES,Federal Contract Tower,0,4,19,0,23,0,4,23,0,27,0,8,42,0,50,134,0,134,184
06/04/2023,BKV,FL,ASO,ES,Federal Contract Tower,0,0,17,0,17,0,2,28,0,30,0,2,45,0,47,70,0,70,117
06/05/2023,BKV,FL,ASO,ES,Federal Contract Tower,0,0,16,0,16,0,0,96,5,101,0,0,112,5,117,278,45,323,440
06/06/2023,BKV,FL,ASO,ES,Federal Contract Tower,1,3,14,0,18,0,3,153,4,160,1,6,167,4,178,304,1,305,483
06/07/2023,BKV,FL,ASO,ES,Federal Contract Tower,0,4,7,0,11,0,0,118,6,124,0,4,125,6,135,323,53,376,511
06/08/2023,BKV,FL,ASO,ES,Federal Contract Tower,0,1,16,0,17,0,0,108,1,109,0,1,124,1,126,361,0,361,487
06/09/2023,BKV,FL,ASO,ES,Federal Contract Tower,0,4,16,0,20,0,2,139,0,141,0,6,155,0,161,307,0,307,468
06/10/2023,BKV,FL,ASO,ES,Federal Contract Tower,0,1,13,0,14,0,2,86,0,88,0,3,99,0,102,159,0,159,261
06/11/2023,BKV,FL,ASO,ES,Federal Contract Tower,0,0,7,0,7,0,4,99,2,105,0,4,106,2,112,184,6,190,302
06/12/2023,BKV,FL,ASO,ES,Federal Contract Tower,0,3,11,1,15,0,3,113,1,117,0,6,124,2,132,310,6,316,448
06/13/2023,BKV,FL,ASO,ES,Federal Contract Tower,0,6,26,0,32,0,0,138,4,142,0,6,164,4,174,353,0,353,527
06/14/2023,BKV,FL,ASO,ES,Federal Contract Tower,0,1,11,0,12,0,2,132,0,134,0,3,143,0,146,134,0,134,280
06/15/2023,BKV,FL,ASO,ES,Federal Contract Tower,0,7,11,2,20,0,3,81,0,84,0,10,92,2,104,127,0,127,231
06/16/2023,BKV,FL,ASO,ES,Federal Contract Tower,0,1,18,0,19,0,2,40,1,43,0,3,58,1,62,118,0,118,180
06/17/2023,BKV,FL,ASO,ES,Federal Contract Tower,0,2,5,0,7,0,3,21,3,27,0,5,26,3,34,64,6,70,104
06/18/2023,BKV,FL,ASO,ES,Federal Contract Tower,0,3,10,0,13,0,1,31,3,35,0,4,41,3,48,90,12,102,150
06/19/2023,BKV,FL,ASO,ES,Federal Contract Tower,0,1,9,0,10,0,2,86,2,90,0,3,95,2,100,246,15,261,361
06/20/2023,BKV,FL,ASO,ES,Federal Contract Tower,0,0,4,0,4,0,0,19,2,21,0,0,23,2,25,103,4,107,132
06/21/2023,BKV,FL,ASO,ES,Federal Contract Tower,0,3,11,0,14,0,0,27,4,31,0,3,38,4,45,19,14,33,78
06/22/2023,BKV,FL,ASO,ES,Federal Contract Tower,0,3,15,0,18,0,0,73,19,92,0,3,88,19,110,382,65,447,557
06/23/2023,BKV,FL,ASO,ES,Federal Contract Tower,0,0,9,0,9,0,3,83,0,86,0,3,92,0,95,250,0,250,345
06/24/2023,BKV,FL,ASO,ES,Federal Contract Tower,0,1,8,0,9,0,0,82,5,87,0,1,90,5,96,263,0,263,359
06/25/2023,BKV,FL,ASO,ES,Federal Contract Tower,0,3,6,0,9,0,2,96,0,98,0,5,102,0,107,212,0,212,319
06/26/2023,BKV,FL,ASO,ES,Federal Contract Tower,0,2,12,0,14,0,6,115,0,121,0,8,127,0,135,212,0,212,347
06/27/2023,BKV,FL,ASO,ES,Federal Contract Tower,0,7,16,0,23,0,4,130,0,134,0,11,146,0,157,223,0,223,380
06/28/2023,BKV,FL,ASO,ES,Federal Contract Tower,0,1,14,2,17,0,4,35,6,45,0,5,49,8,62,159,22,181,243
06/29/2023,BKV,FL,ASO,ES,Federal Contract Tower,0,1,13,0,14,0,2,141,11,154,0,3,154,11,168,251,30,281,449
06/30/2023,BKV,FL,ASO,ES,Federal Contract Tower,0,0,9,1,10,0,4,143,5,152,0,4,152,6,162,336,0,336,498
07/01/2023,BKV,FL,ASO,ES,Federal Contract Tower,0,0,11,0,11,0,3,122,3,128,0,3,133,3,139,288,0,288,427
07/02/2023,BKV,FL,ASO,ES,Federal Contract Tower,0,0,4,0,4,0,6,114,0,120,0,6,118,0,124,134,0,134,258
07/03/2023,BKV,FL,ASO,ES,Federal Contract Tower,0,0,6,0,6,0,0,99,5,104,0,0,105,5,110,245,21,266,376
07/04/2023,BKV,FL,ASO,ES,Federal Contract Tower,0,0,6,0,6,0,3,85,0,88,0,3,91,0,94,113,0,113,207
07/05/2023,BKV,FL,ASO,ES,Federal Contract Tower,0,3,24,0,27,0,0,67,2,69,0,3,91,2,96,120,2,122,218
07/06/2023,BKV,FL,ASO,ES,Federal Contract Tower,0,2,14,1,17,0,3,116,11,130,0,5,130,12,147,324,27,351,498
07/07/2023,BKV,FL,ASO,ES,Federal Contract Tower,0,2,7,0,9,0,2,52,2,56,0,4,59,2,65,118,12,130,195
07/08/2023,BKV,FL,ASO,ES,Federal Contract Tower,0,3,3,0,6,0,3,11,1,15,0,6,14,1,21,2,0,2,23
07/09/2023,BKV,FL,ASO,ES,Federal Contract Tower,0,2,11,0,13,0,2,96,10,108,0,4,107,10,121,146,2,148,269
07/10/2023,BKV,FL,ASO,ES,Federal Contract Tower,0,0,23,0,23,0,2,49,0,51,0,2,72,0,74,74,2,76,150
07/11/2023,BKV,FL,ASO,ES,Federal Contract Tower,0,1,13,0,14,0,0,51,0,51,0,1,64,0,65,69,0,69,134
07/12/2023,BKV,FL,ASO,ES,Federal Contract Tower,0,5,15,2,22,0,1,138,0,139,0,6,153,2,161,288,0,288,449
07/13/2023,BKV,FL,ASO,ES,Federal Contract Tower,0,2,20,1,23,0,2,118,8,128,0,4,138,9,151,174,10,184,335
07/14/2023,BKV,FL,ASO,ES,Federal Contract Tower,0,2,11,1,14,0,4,92,6,102,0,6,103,7,116,253,26,279,395
07/15/2023,BKV,FL,ASO,ES,Federal Contract Tower,0,0,12,0,12,0,6,123,3,132,0,6,135,3,144,178,8,186,330
07/16/2023,BKV,FL,ASO,ES,Federal Contract Tower,0,1,5,0,6,0,0,37,0,37,0,1,42,0,43,111,0,111,154
07/17/2023,BKV,FL,ASO,ES,Federal Contract Tower,0,1,12,0,13,0,3,68,6,77,0,4,80,6,90,186,12,198,288
07/18/2023,BKV,FL,ASO,ES,Federal Contract Tower,0,3,9,0,12,0,4,106,0,110,0,7,115,0,122,297,0,297,419
07/19/2023,BKV,FL,ASO,ES,Federal Contract Tower,0,0,13,0,13,0,2,150,12,164,0,2,163,12,177,181,41,222,399
07/20/2023,BKV,FL,ASO,ES,Federal Contract Tower,0,1,15,2,18,0,3,139,17,159,0,4,154,19,177,244,29,273,450
07/21/2023,BKV,FL,ASO,ES,Federal Contract Tower,0,3,13,0,16,0,0,141,4,145,0,3,154,4,161,206,8,214,375
07/22/2023,BKV,FL,ASO,ES,Federal Contract Tower,0,0,10,0,10,0,0,84,0,84,0,0,94,0,94,132,0,132,226
07/23/2023,BKV,FL,ASO,ES,Federal Contract Tower,0,2,6,0,8,0,1,5,0,6,0,3,11,0,14,18,0,18,32
07/24/2023,BKV,FL,ASO,ES,Federal Contract Tower,0,0,9,1,10,0,1,47,0,48,0,1,56,1,58,136,0,136,194
07/25/2023,BKV,FL,ASO,ES,Federal Contract Tower,0,2,21,1,24,0,2,105,5,112,0,4,126,6,136,287,44,331,467
07/26/2023,BKV,FL,ASO,ES,Federal Contract Tower,0,1,11,0,12,0,4,127,8,139,0,5,138,8,151,250,15,265,416
07/27/2023,BKV,FL,ASO,ES,Federal Contract Tower,0,1,16,0,17,0,1,89,8,98,0,2,105,8,115,236,24,260,375
07/28/2023,BKV,FL,ASO,ES,Federal Contract Tower,0,3,14,0,17,0,0,107,5,112,0,3,121,5,129,190,0,190,319
07/29/2023,BKV,FL,ASO,ES,Federal Contract Tower,0,0,18,0,18,0,4,112,3,119,0,4,130,3,137,208,7,215,352
07/30/2023,BKV,FL,ASO,ES,Federal Contract Tower,0,1,15,0,16,0,4,64,5,73,0,5,79,5,89,127,0,127,216
07/31/2023,BKV,FL,ASO,ES,Federal Contract Tower,0,3,1,0,4,0,2,59,0,61,0,5,60,0,65,86,0,86,151
08/01/2023,BKV,FL,ASO,ES,Federal Contract Tower,0,0,3,1,4,0,2,133,5,140,0,2,136,6,144,247,38,285,429
08/02/2023,BKV,FL,ASO,ES,Federal Contract Tower,0,3,5,1,9,0,1,99,12,112,0,4,104,13,121,154,20,174,295
08/03/2023,BKV,FL,ASO,ES,Federal Contract Tower,0,4,22,1,27,0,0,158,13,171,0,4,180,14,198,304,6,310,508
08/04/2023,BKV,FL,ASO,ES,Federal Contract Tower,0,2,17,0,19,0,2,154,10,166,0,4,171,10,185,294,2,296,481
08/05/2023,BKV,FL,ASO,ES,Federal Contract Tower,0,1,5,0,6,0,5,96,0,101,0,6,101,0,107,143,0,143,250
08/06/2023,BKV,FL,ASO,ES,Federal Contract Tower,0,0,8,0,8,0,2,59,0,61,0,2,67,0,69,0,0,0,69
08/07/2023,BKV,FL,ASO,ES,Federal Contract Tower,0,0,13,1,14,0,3,123,0,126,0,3,136,1,140,240,0,240,380
08/08/2023,BKV,FL,ASO,ES,Federal Contract Tower,1,1,8,0,10,0,0,146,10,156,1,1,154,10,166,339,0,339,505
08/09/2023,BKV,FL,ASO,ES,Federal Contract Tower,0,4,13,0,17,0,3,138,13,154,0,7,151,13,171,246,22,268,439
08/10/2023,BKV,FL,ASO,ES,Federal Contract Tower,0,1,16,1,18,0,5,128,1,134,0,6,144,2,152,317,0,317,469
08/11/2023,BKV,FL,ASO,ES,Federal Contract Tower,0,2,14,0,16,0,1,98,0,99,0,3,112,0,115,314,0,314,429
08/12/2023,BKV,FL,ASO,ES,Federal Contract Tower,0,1,9,0,10,0,3,73,0,76,0,4,82,0,86,197,0,197,283
08/13/2023,BKV,FL,ASO,ES,Federal Contract Tower,0,1,11,0,12,0,5,66,0,71,0,6,77,0,83,206,0,206,289
08/14/2023,BKV,FL,ASO,ES,Federal Contract Tower,1,1,6,0,8,0,0,94,0,94,1,1,100,0,102,182,0,182,284
08/15/2023,BKV,FL,ASO,ES,Federal Contract Tower,0,2,19,0,21,0,1,97,2,100,0,3,116,2,121,318,0,318,439
08/16/2023,BKV,FL,ASO,ES,Federal Contract Tower,0,4,12,0,16,0,3,87,3,93,0,7,99,3,109,278,8,286,395
08/17/2023,BKV,FL,ASO,ES,Federal Contract Tower,0,0,13,0,13,0,0,44,8,52,0,0,57,8,65,115,18,133,198
08/18/2023,BKV,FL,ASO,ES,Federal Contract Tower,0,2,8,1,11,0,2,62,0,64,0,4,70,1,75,179,0,179,254
08/19/2023,BKV,FL,ASO,ES,Federal Contract Tower,0,0,7,0,7,0,3,137,0,140,0,3,144,0,147,192,0,192,339
08/20/2023,BKV,FL,ASO,ES,Federal Contract Tower,0,0,13,0,13,0,2,55,0,57,0,2,68,0,70,138,0,138,208
08/21/2023,BKV,FL,ASO,ES,Federal Contract Tower,0,1,5,0,6,0,0,116,1,117,0,1,121,1,123,206,0,206,329
08/22/2023,BKV,FL,ASO,ES,Federal Contract Tower,0,0,24,0,24,0,2,113,5,120,0,2,137,5,144,349,25,374,518
08/23/2023,BKV,FL,ASO,ES,Federal Contract Tower,0,5,15,0,20,0,6,140,7,153,0,11,155,7,173,270,32,302,475
08/24/2023,BKV,FL,ASO,ES,Federal Contract Tower,0,0,36,0,36,0,1,128,8,137,0,1,164,8,173,236,18,254,427
08/25/2023,BKV,FL,ASO,ES,Federal Contract Tower,0,3,19,4,26,0,4,109,16,129,0,7,128,20,155,184,40,224,379
08/26/2023,BKV,FL,ASO,ES,Federal Contract Tower,0,1,10,0,11,0,5,80,3,88,0,6,90,3,99,242,44,286,385
08/27/2023,BKV,FL,ASO,ES,Federal Contract Tower,0,0,14,0,14,0,2,97,12,111,0,2,111,12,125,161,2,163,288
08/28/2023,BKV,FL,ASO,ES,Federal Contract Tower,0,3,22,0,25,0,4,48,1,53,0,7,70,1,78,242,0,242,320
08/29/2023,BKV,FL,ASO,ES,Federal Contract Tower,0,0,6,0,6,0,0,26,1,27,0,0,32,1,33,58,0,58,91
08/30/2023,BKV,FL,ASO,ES,Federal Contract Tower,0,0,1,0,1,0,2,5,0,7,0,2,6,0,8,0,0,0,8
08/31/2023,BKV,FL,ASO,ES,Federal Contract Tower,0,4,11,0,15,0,0,56,9,65,0,4,67,9,80,208,24,232,312
