01/01/2000,BLI,WA,ANM,WE,Federal Contract Tower,0,20,8,0,28,0,9,34,0,43,0,29,42,0,71,18,0,18,89
01/02/2000,BLI,WA,ANM,WE,Federal Contract Tower,1,22,7,0,30,1,28,53,0,82,2,50,60,0,112,78,0,78,190
01/03/2000,BLI,WA,ANM,WE,Federal Contract Tower,0,35,12,0,47,0,18,2,0,20,0,53,14,0,67,24,0,24,91
01/04/2000,BLI,WA,ANM,WE,Federal Contract Tower,0,37,12,0,49,0,21,53,0,74,0,58,65,0,123,96,0,96,219
01/05/2000,BLI,WA,ANM,WE,Federal Contract Tower,0,44,15,0,59,0,20,104,4,128,0,64,119,4,187,60,2,62,249
01/06/2000,BLI,WA,ANM,WE,Federal Contract Tower,2,44,16,0,62,0,5,29,0,34,2,49,45,0,96,54,0,54,150
01/07/2000,BLI,WA,ANM,WE,Federal Contract Tower,2,40,14,0,56,0,26,53,2,81,2,66,67,2,137,98,0,98,235
01/08/2000,BLI,WA,ANM,WE,Federal Contract Tower,0,27,10,0,37,0,11,21,0,32,0,38,31,0,69,12,0,12,81
01/09/2000,BLI,WA,ANM,WE,Federal Contract Tower,1,29,10,0,40,3,16,27,0,46,4,45,37,0,86,18,0,18,104
01/10/2000,BLI,WA,ANM,WE,Federal Contract Tower,0,35,13,0,48,0,19,29,0,48,0,54,42,0,96,24,0,24,120
01/11/2000,BLI,WA,ANM,WE,Federal Contract Tower,0,34,12,1,47,0,34,29,1,64,0,68,41,2,111,10,4,14,125
01/12/2000,BLI,WA,ANM,WE,Federal Contract Tower,0,40,14,1,55,0,14,42,7,63,0,54,56,8,118,12,6,18,136
01/13/2000,BLI,WA,ANM,WE,Federal Contract Tower,2,40,14,1,57,0,30,43,5,78,2,70,57,6,135,44,0,44,179
01/14/2000,BLI,WA,ANM,WE,Federal Contract Tower,0,30,11,1,42,0,35,24,1,60,0,65,35,2,102,28,12,40,142
01/15/2000,BLI,WA,ANM,WE,Federal Contract Tower,1,34,12,1,48,3,17,104,3,127,4,51,116,4,175,96,0,96,271
01/16/2000,BLI,WA,ANM,WE,Federal Contract Tower,0,26,9,0,35,2,19,14,0,35,2,45,23,0,70,6,0,6,76
01/17/2000,BLI,WA,ANM,WE,Federal Contract Tower,1,38,14,0,53,1,20,109,0,130,2,58,123,0,183,164,0,164,347
01/18/2000,BLI,WA,ANM,WE,Federal Contract Tower,0,37,13,1,51,0,27,55,3,85,0,64,68,4,136,62,0,62,198
01/19/2000,BLI,WA,ANM,WE,Federal Contract Tower,0,47,16,2,65,0,35,100,5,140,0,82,116,7,205,102,0,102,307
01/20/2000,BLI,WA,ANM,WE,Federal Contract Tower,1,47,16,2,66,1,4,29,5,39,2,51,45,7,105,14,10,24,129
01/21/2000,BLI,WA,ANM,WE,Federal Contract Tower,1,38,12,0,51,1,19,17,0,37,2,57,29,0,88,54,0,54,142
01/22/2000,BLI,WA,ANM,WE,Federal Contract Tower,0,33,10,0,43,0,8,79,0,87,0,41,89,0,130,110,0,110,240
01/23/2000,BLI,WA,ANM,WE,Federal Contract Tower,0,27,8,1,36,2,16,143,11,172,2,43,151,12,208,96,0,96,304
01/24/2000,BLI,WA,ANM,WE,Federal Contract Tower,2,44,14,0,60,2,3,63,0,68,4,47,77,0,128,122,0,122,250
01/25/2000,BLI,WA,ANM,WE,Federal Contract Tower,1,43,14,0,58,0,17,20,0,37,1,60,34,0,95,24,0,24,119
01/26/2000,BLI,WA,ANM,WE,Federal Contract Tower,0,40,13,1,54,0,18,59,5,82,0,58,72,6,136,38,6,44,180
01/27/2000,BLI,WA,ANM,WE,Federal Contract Tower,1,49,16,2,68,1,27,86,4,118,2,76,102,6,186,124,2,126,312
01/28/2000,BLI,WA,ANM,WE,Federal Contract Tower,1,40,13,1,55,3,20,99,1,123,4,60,112,2,178,72,2,74,252
01/29/2000,BLI,WA,ANM,WE,Federal Contract Tower,0,30,10,0,40,0,10,172,6,188,0,40,182,6,228,110,0,110,338
01/30/2000,BLI,WA,ANM,WE,Federal Contract Tower,0,27,9,0,36,2,21,101,0,124,2,48,110,0,160,68,0,68,228
01/31/2000,BLI,WA,ANM,WE,Federal Contract Tower,1,36,13,0,50,1,14,29,2,46,2,50,42,2,96,46,0,46,142
02/01/2000,BLI,WA,ANM,WE,Federal Contract Tower,0,31,13,0,44,0,23,17,0,40,0,54,30,0,84,18,0,18,102
02/02/2000,BLI,WA,ANM,WE,Federal Contract Tower,0,39,15,0,54,0,27,84,4,115,0,66,99,4,169,84,0,84,253
02/03/2000,BLI,WA,ANM,WE,Federal Contract Tower,2,34,13,0,49,0,27,69,10,106,2,61,82,10,155,42,0,42,197
02/04/2000,BLI,WA,ANM,WE,Federal Contract Tower,2,31,13,0,46,1,33,113,2,149,3,64,126,2,195,112,0,112,307
02/05/2000,BLI,WA,ANM,WE,Federal Contract Tower,1,29,12,0,42,0,23,152,6,181,1,52,164,6,223,124,0,124,347
02/06/2000,BLI,WA,ANM,WE,Federal Contract Tower,2,29,12,0,43,0,11,86,0,97,2,40,98,0,140,68,0,68,208
02/07/2000,BLI,WA,ANM,WE,Federal Contract Tower,1,37,16,1,55,3,27,54,1,85,4,64,70,2,140,18,0,18,158
02/08/2000,BLI,WA,ANM,WE,Federal Contract Tower,0,50,21,1,72,0,11,34,9,54,0,61,55,10,126,24,0,24,150
02/09/2000,BLI,WA,ANM,WE,Federal Contract Tower,0,37,16,1,54,0,22,83,1,106,0,59,99,2,160,64,0,64,224
02/10/2000,BLI,WA,ANM,WE,Federal Contract Tower,2,39,17,1,59,0,23,110,3,136,2,62,127,4,195,92,0,92,287
02/11/2000,BLI,WA,ANM,WE,Federal Contract Tower,2,44,19,1,66,2,22,64,9,97,4,66,83,10,163,52,8,60,223
02/12/2000,BLI,WA,ANM,WE,Federal Contract Tower,0,32,14,1,47,0,11,86,13,110,0,43,100,14,157,104,6,110,267
02/13/2000,BLI,WA,ANM,WE,Federal Contract Tower,1,25,11,0,37,1,29,114,0,144,2,54,125,0,181,146,0,146,327
02/14/2000,BLI,WA,ANM,WE,Federal Contract Tower,2,34,13,1,50,2,27,32,2,63,4,61,45,3,113,50,6,56,169
02/15/2000,BLI,WA,ANM,WE,Federal Contract Tower,0,42,16,1,59,0,34,80,2,116,0,76,96,3,175,88,0,88,263
02/16/2000,BLI,WA,ANM,WE,Federal Contract Tower,1,34,13,1,49,1,24,101,8,134,2,58,114,9,183,70,0,70,253
02/17/2000,BLI,WA,ANM,WE,Federal Contract Tower,2,34,13,0,49,0,32,115,0,147,2,66,128,0,196,94,0,94,290
02/18/2000,BLI,WA,ANM,WE,Federal Contract Tower,2,40,15,1,58,2,35,127,3,167,4,75,142,4,225,82,0,82,307
02/19/2000,BLI,WA,ANM,WE,Federal Contract Tower,0,30,12,1,43,0,26,136,5,167,0,56,148,6,210,132,0,132,342
02/20/2000,BLI,WA,ANM,WE,Federal Contract Tower,1,24,9,1,35,1,19,117,1,138,2,43,126,2,173,110,0,110,283
02/21/2000,BLI,WA,ANM,WE,Federal Contract Tower,2,39,15,0,56,0,24,14,0,38,2,63,29,0,94,30,0,30,124
02/22/2000,BLI,WA,ANM,WE,Federal Contract Tower,0,35,13,1,49,0,32,16,1,49,0,67,29,2,98,14,0,14,112
02/23/2000,BLI,WA,ANM,WE,Federal Contract Tower,0,38,15,1,54,0,30,62,1,93,0,68,77,2,147,106,0,106,253
02/24/2000,BLI,WA,ANM,WE,Federal Contract Tower,2,44,17,1,64,0,16,55,1,72,2,60,72,2,136,72,0,72,208
02/25/2000,BLI,WA,ANM,WE,Federal Contract Tower,2,44,17,1,64,6,6,56,1,69,8,50,73,2,133,44,2,46,179
02/26/2000,BLI,WA,ANM,WE,Federal Contract Tower,1,32,12,1,46,3,21,80,1,105,4,53,92,2,151,140,0,140,291
02/27/2000,BLI,WA,ANM,WE,Federal Contract Tower,2,35,14,0,51,0,8,44,0,52,2,43,58,0,103,60,0,60,163
02/28/2000,BLI,WA,ANM,WE,Federal Contract Tower,2,43,20,0,65,4,0,38,0,42,6,43,58,0,107,48,0,48,155
02/29/2000,BLI,WA,ANM,WE,Federal Contract Tower,0,36,15,0,51,0,34,53,2,89,0,70,68,2,140,102,0,102,242
03/01/2000,BLI,WA,ANM,WE,Federal Contract Tower,0,43,17,0,60,0,19,67,0,86,0,62,84,0,146,96,0,96,242
03/02/2000,BLI,WA,ANM,WE,Federal Contract Tower,2,35,14,0,51,0,19,62,12,93,2,54,76,12,144,44,20,64,208
03/03/2000,BLI,WA,ANM,WE,Federal Contract Tower,2,36,15,0,53,0,24,39,2,65,2,60,54,2,118,66,0,66,184
03/04/2000,BLI,WA,ANM,WE,Federal Contract Tower,0,25,10,0,35,0,15,60,2,77,0,40,70,2,112,98,0,98,210
03/05/2000,BLI,WA,ANM,WE,Federal Contract Tower,2,26,11,0,39,0,12,101,2,115,2,38,112,2,154,116,2,118,272
03/06/2000,BLI,WA,ANM,WE,Federal Contract Tower,2,32,13,0,47,0,24,75,3,102,2,56,88,3,149,82,2,84,233
03/07/2000,BLI,WA,ANM,WE,Federal Contract Tower,0,42,17,1,60,0,20,95,3,118,0,62,112,4,178,90,0,90,268
03/08/2000,BLI,WA,ANM,WE,Federal Contract Tower,0,48,20,1,69,0,8,74,5,87,0,56,94,6,156,60,4,64,220
03/09/2000,BLI,WA,ANM,WE,Federal Contract Tower,2,42,17,0,61,0,28,65,0,93,2,70,82,0,154,64,2,66,220
03/10/2000,BLI,WA,ANM,WE,Federal Contract Tower,2,39,15,1,57,0,23,74,1,98,2,62,89,2,155,36,0,36,191
03/11/2000,BLI,WA,ANM,WE,Federal Contract Tower,2,29,12,0,43,0,18,60,3,81,2,47,72,3,124,48,0,48,172
03/12/2000,BLI,WA,ANM,WE,Federal Contract Tower,1,24,10,0,35,1,22,95,4,122,2,46,105,4,157,106,4,110,267
03/13/2000,BLI,WA,ANM,WE,Federal Contract Tower,2,40,16,0,58,2,10,65,0,77,4,50,81,0,135,104,0,104,239
03/14/2000,BLI,WA,ANM,WE,Federal Contract Tower,0,33,14,1,48,0,34,28,5,67,0,67,42,6,115,28,2,30,145
03/15/2000,BLI,WA,ANM,WE,Federal Contract Tower,0,45,19,2,66,0,21,83,10,114,0,66,102,12,180,74,0,74,254
03/16/2000,BLI,WA,ANM,WE,Federal Contract Tower,2,34,14,1,51,0,32,21,3,56,2,66,35,4,107,48,0,48,155
03/17/2000,BLI,WA,ANM,WE,Federal Contract Tower,1,30,13,0,44,1,41,27,0,69,2,71,40,0,113,20,0,20,133
03/18/2000,BLI,WA,ANM,WE,Federal Contract Tower,0,24,10,0,34,0,12,12,0,24,0,36,22,0,58,4,0,4,62
03/19/2000,BLI,WA,ANM,WE,Federal Contract Tower,1,27,9,0,37,1,22,64,0,87,2,49,73,0,124,50,0,50,174
03/20/2000,BLI,WA,ANM,WE,Federal Contract Tower,1,37,14,1,53,1,22,66,3,92,2,59,80,4,145,64,0,64,209
03/21/2000,BLI,WA,ANM,WE,Federal Contract Tower,1,32,12,0,45,0,17,71,0,88,1,49,83,0,133,60,0,60,193
03/22/2000,BLI,WA,ANM,WE,Federal Contract Tower,0,37,14,1,52,0,11,31,3,45,0,48,45,4,97,22,0,22,119
03/23/2000,BLI,WA,ANM,WE,Federal Contract Tower,1,33,12,1,47,1,27,53,0,81,2,60,65,1,128,68,0,68,196
03/24/2000,BLI,WA,ANM,WE,Federal Contract Tower,1,33,12,1,47,1,29,113,4,147,2,62,125,5,194,130,0,130,324
03/25/2000,BLI,WA,ANM,WE,Federal Contract Tower,0,32,12,1,45,0,39,100,5,144,0,71,112,6,189,112,0,112,301
03/26/2000,BLI,WA,ANM,WE,Federal Contract Tower,0,21,8,0,29,2,22,115,0,139,2,43,123,0,168,124,0,124,292
03/27/2000,BLI,WA,ANM,WE,Federal Contract Tower,1,37,14,0,52,1,34,41,0,76,2,71,55,0,128,48,0,48,176
03/28/2000,BLI,WA,ANM,WE,Federal Contract Tower,0,40,15,2,57,0,15,57,0,72,0,55,72,2,129,58,0,58,187
03/29/2000,BLI,WA,ANM,WE,Federal Contract Tower,0,38,14,1,53,0,33,111,10,154,0,71,125,11,207,96,2,98,305
03/30/2000,BLI,WA,ANM,WE,Federal Contract Tower,1,40,14,0,55,1,43,130,0,174,2,83,144,0,229,56,0,56,285
03/31/2000,BLI,WA,ANM,WE,Federal Contract Tower,1,38,14,1,54,3,7,95,2,107,4,45,109,3,161,82,0,82,243
04/01/2000,BLI,WA,ANM,WE,Federal Contract Tower,0,28,12,0,40,0,22,127,1,150,0,50,139,1,190,120,2,122,312
04/02/2000,BLI,WA,ANM,WE,Federal Contract Tower,2,27,11,0,40,0,29,141,1,171,2,56,152,1,211,100,0,100,311
04/03/2000,BLI,WA,ANM,WE,Federal Contract Tower,2,32,13,0,47,2,22,96,0,120,4,54,109,0,167,86,0,86,253
04/04/2000,BLI,WA,ANM,WE,Federal Contract Tower,0,36,15,0,51,0,29,51,4,84,0,65,66,4,135,26,0,26,161
04/05/2000,BLI,WA,ANM,WE,Federal Contract Tower,0,37,15,0,52,0,21,47,0,68,0,58,62,0,120,66,0,66,186
04/06/2000,BLI,WA,ANM,WE,Federal Contract Tower,2,39,16,0,57,0,27,82,8,117,2,66,98,8,174,160,2,162,336
04/07/2000,BLI,WA,ANM,WE,Federal Contract Tower,2,42,17,0,61,0,26,103,0,129,2,68,120,0,190,106,0,106,296
04/08/2000,BLI,WA,ANM,WE,Federal Contract Tower,1,32,14,1,48,3,24,196,1,224,4,56,210,2,272,148,0,148,420
04/09/2000,BLI,WA,ANM,WE,Federal Contract Tower,2,42,17,1,62,0,6,123,1,130,2,48,140,2,192,136,0,136,328
04/10/2000,BLI,WA,ANM,WE,Federal Contract Tower,2,39,16,1,58,2,20,104,2,128,4,59,120,3,186,90,0,90,276
04/11/2000,BLI,WA,ANM,WE,Federal Contract Tower,2,42,17,1,62,0,22,108,2,132,2,64,125,3,194,56,2,58,252
04/12/2000,BLI,WA,ANM,WE,Federal Contract Tower,0,34,14,0,48,0,28,100,0,128,0,62,114,0,176,38,1,39,215
04/13/2000,BLI,WA,ANM,WE,Federal Contract Tower,2,42,17,1,62,0,14,70,1,85,2,56,87,2,147,50,0,50,197
04/14/2000,BLI,WA,ANM,WE,Federal Contract Tower,2,41,17,0,60,0,20,29,0,49,2,61,46,0,109,26,0,26,135
04/15/2000,BLI,WA,ANM,WE,Federal Contract Tower,1,30,13,1,45,1,18,79,5,103,2,48,92,6,148,122,0,122,270
04/16/2000,BLI,WA,ANM,WE,Federal Contract Tower,1,33,12,1,47,1,16,116,1,134,2,49,128,2,181,84,0,84,265
04/17/2000,BLI,WA,ANM,WE,Federal Contract Tower,1,35,13,1,50,1,36,91,1,129,2,71,104,2,179,126,0,126,305
04/18/2000,BLI,WA,ANM,WE,Federal Contract Tower,0,38,14,1,53,0,28,122,1,151,0,66,136,2,204,90,0,90,294
04/19/2000,BLI,WA,ANM,WE,Federal Contract Tower,0,35,13,1,49,0,40,83,1,124,0,75,96,2,173,60,0,60,233
04/20/2000,BLI,WA,ANM,WE,Federal Contract Tower,1,37,14,1,53,1,40,102,1,144,2,77,116,2,197,98,4,102,299
04/21/2000,BLI,WA,ANM,WE,Federal Contract Tower,1,38,14,1,54,1,25,114,5,145,2,63,128,6,199,74,8,82,281
04/22/2000,BLI,WA,ANM,WE,Federal Contract Tower,0,26,9,1,36,0,16,75,6,97,0,42,84,7,133,34,8,42,175
04/23/2000,BLI,WA,ANM,WE,Federal Contract Tower,1,24,8,0,33,1,29,33,0,63,2,53,41,0,96,14,0,14,110
04/24/2000,BLI,WA,ANM,WE,Federal Contract Tower,2,35,14,0,51,0,38,129,0,167,2,73,143,0,218,102,0,102,320
04/25/2000,BLI,WA,ANM,WE,Federal Contract Tower,0,31,12,0,43,0,49,37,2,88,0,80,49,2,131,24,0,24,155
04/26/2000,BLI,WA,ANM,WE,Federal Contract Tower,0,36,15,0,51,0,26,85,2,113,0,62,100,2,164,168,0,168,332
04/27/2000,BLI,WA,ANM,WE,Federal Contract Tower,1,44,18,0,63,1,42,61,0,104,2,86,79,0,167,42,0,42,209
04/28/2000,BLI,WA,ANM,WE,Federal Contract Tower,1,31,13,0,45,1,29,45,0,75,2,60,58,0,120,12,0,12,132
04/29/2000,BLI,WA,ANM,WE,Federal Contract Tower,0,26,10,0,36,0,18,95,2,115,0,44,105,2,151,130,0,130,281
04/30/2000,BLI,WA,ANM,WE,Federal Contract Tower,1,27,10,0,38,3,14,104,1,122,4,41,114,1,160,104,0,104,264
05/01/2000,BLI,WA,ANM,WE,Federal Contract Tower,2,30,13,0,45,0,39,38,0,77,2,69,51,0,122,88,0,88,210
05/02/2000,BLI,WA,ANM,WE,Federal Contract Tower,0,35,14,0,49,0,40,69,0,109,0,75,83,0,158,78,0,78,236
05/03/2000,BLI,WA,ANM,WE,Federal Contract Tower,0,40,17,0,57,0,44,63,4,111,0,84,80,4,168,78,4,82,250
05/04/2000,BLI,WA,ANM,WE,Federal Contract Tower,2,31,13,0,46,0,26,54,4,84,2,57,67,4,130,52,2,54,184
05/05/2000,BLI,WA,ANM,WE,Federal Contract Tower,2,34,15,0,51,0,34,71,4,109,2,68,86,4,160,48,4,52,212
05/06/2000,BLI,WA,ANM,WE,Federal Contract Tower,0,34,15,0,49,0,16,117,0,133,0,50,132,0,182,136,0,136,318
05/07/2000,BLI,WA,ANM,WE,Federal Contract Tower,2,39,16,0,57,0,17,154,10,181,2,56,170,10,238,150,0,150,388
05/08/2000,BLI,WA,ANM,WE,Federal Contract Tower,2,47,20,0,69,2,17,68,1,88,4,64,88,1,157,80,0,80,237
05/09/2000,BLI,WA,ANM,WE,Federal Contract Tower,0,30,13,0,43,0,32,27,0,59,0,62,40,0,102,64,0,64,166
05/10/2000,BLI,WA,ANM,WE,Federal Contract Tower,2,43,18,0,63,0,21,30,1,52,2,64,48,1,115,34,0,34,149
05/11/2000,BLI,WA,ANM,WE,Federal Contract Tower,2,34,15,0,51,0,27,42,4,73,2,61,57,4,124,12,4,16,140
05/12/2000,BLI,WA,ANM,WE,Federal Contract Tower,2,44,19,0,65,0,4,124,6,134,2,48,143,6,199,96,0,96,295
05/13/2000,BLI,WA,ANM,WE,Federal Contract Tower,0,23,10,1,34,0,31,166,3,200,0,54,176,4,234,124,4,128,362
05/14/2000,BLI,WA,ANM,WE,Federal Contract Tower,0,24,10,0,34,2,21,110,0,133,2,45,120,0,167,66,0,66,233
05/15/2000,BLI,WA,ANM,WE,Federal Contract Tower,1,37,16,1,55,3,35,98,1,137,4,72,114,2,192,108,0,108,300
05/16/2000,BLI,WA,ANM,WE,Federal Contract Tower,0,40,16,0,56,0,31,136,0,167,0,71,152,0,223,94,0,94,317
05/17/2000,BLI,WA,ANM,WE,Federal Contract Tower,0,35,13,1,49,0,38,122,3,163,0,73,135,4,212,144,0,144,356
05/18/2000,BLI,WA,ANM,WE,Federal Contract Tower,1,38,15,0,54,1,28,125,0,154,2,66,140,0,208,102,0,102,310
05/19/2000,BLI,WA,ANM,WE,Federal Contract Tower,1,50,20,0,71,3,19,51,0,73,4,69,71,0,144,62,0,62,206
05/20/2000,BLI,WA,ANM,WE,Federal Contract Tower,0,40,16,0,56,0,23,71,0,94,0,63,87,0,150,82,0,82,232
05/21/2000,BLI,WA,ANM,WE,Federal Contract Tower,0,26,10,0,36,2,18,61,0,81,2,44,71,0,117,12,0,12,129
05/22/2000,BLI,WA,ANM,WE,Federal Contract Tower,1,48,19,1,69,1,25,88,1,115,2,73,107,2,184,110,8,118,302
05/23/2000,BLI,WA,ANM,WE,Federal Contract Tower,0,36,14,0,50,0,51,98,0,149,0,87,112,0,199,56,0,56,255
05/24/2000,BLI,WA,ANM,WE,Federal Contract Tower,0,36,14,1,51,0,36,120,3,159,0,72,134,4,210,116,2,118,328
05/25/2000,BLI,WA,ANM,WE,Federal Contract Tower,1,39,15,1,56,1,31,121,1,154,2,70,136,2,210,94,0,94,304
05/26/2000,BLI,WA,ANM,WE,Federal Contract Tower,2,44,17,0,63,0,14,40,0,54,2,58,57,0,117,46,0,46,163
05/27/2000,BLI,WA,ANM,WE,Federal Contract Tower,0,30,11,0,41,0,22,39,0,61,0,52,50,0,102,34,0,34,136
05/28/2000,BLI,WA,ANM,WE,Federal Contract Tower,0,26,10,1,37,2,14,76,1,93,2,40,86,2,130,80,0,80,210
05/29/2000,BLI,WA,ANM,WE,Federal Contract Tower,1,29,12,0,42,1,17,101,0,119,2,46,113,0,161,42,0,42,203
05/30/2000,BLI,WA,ANM,WE,Federal Contract Tower,2,51,21,0,74,0,30,45,0,75,2,81,66,0,149,36,0,36,185
05/31/2000,BLI,WA,ANM,WE,Federal Contract Tower,0,34,14,0,48,0,34,48,2,84,0,68,62,2,132,40,2,42,174
06/01/2000,BLI,WA,ANM,WE,Federal Contract Tower,2,43,18,0,63,0,20,122,2,144,2,63,140,2,207,82,0,82,289
06/02/2000,BLI,WA,ANM,WE,Federal Contract Tower,2,36,15,0,53,0,27,118,2,147,2,63,133,2,200,110,2,112,312
06/03/2000,BLI,WA,ANM,WE,Federal Contract Tower,0,25,11,0,36,0,28,111,1,140,0,53,122,1,176,138,0,138,314
06/04/2000,BLI,WA,ANM,WE,Federal Contract Tower,1,29,13,0,43,1,21,147,8,177,2,50,160,8,220,136,2,138,358
06/05/2000,BLI,WA,ANM,WE,Federal Contract Tower,2,43,19,0,64,0,23,39,4,66,2,66,58,4,130,44,2,46,176
06/06/2000,BLI,WA,ANM,WE,Federal Contract Tower,0,43,18,0,61,0,25,76,2,103,0,68,94,2,164,40,0,40,204
06/07/2000,BLI,WA,ANM,WE,Federal Contract Tower,0,69,29,0,98,0,7,39,2,48,0,76,68,2,146,50,0,50,196
06/08/2000,BLI,WA,ANM,WE,Federal Contract Tower,2,50,21,0,73,0,18,129,2,149,2,68,150,2,222,124,0,124,346
06/09/2000,BLI,WA,ANM,WE,Federal Contract Tower,2,39,17,0,58,0,39,85,4,128,2,78,102,4,186,68,2,70,256
06/10/2000,BLI,WA,ANM,WE,Federal Contract Tower,0,33,14,0,47,0,15,63,0,78,0,48,77,0,125,64,0,64,189
06/11/2000,BLI,WA,ANM,WE,Federal Contract Tower,1,28,13,0,42,1,13,47,2,63,2,41,60,2,105,104,0,104,209
06/12/2000,BLI,WA,ANM,WE,Federal Contract Tower,1,38,16,0,55,1,27,64,0,92,2,65,80,0,147,10,2,12,159
06/13/2000,BLI,WA,ANM,WE,Federal Contract Tower,0,49,21,1,71,0,37,82,1,120,0,86,103,2,191,80,0,80,271
06/14/2000,BLI,WA,ANM,WE,Federal Contract Tower,0,39,17,0,56,0,39,47,0,86,0,78,64,0,142,58,0,58,200
06/15/2000,BLI,WA,ANM,WE,Federal Contract Tower,1,41,18,1,61,1,22,151,1,175,2,63,169,2,236,118,0,118,354
06/16/2000,BLI,WA,ANM,WE,Federal Contract Tower,1,40,15,1,57,1,41,171,3,216,2,81,186,4,273,158,2,160,433
06/17/2000,BLI,WA,ANM,WE,Federal Contract Tower,0,31,12,0,43,2,21,179,0,202,2,52,191,0,245,108,0,108,353
06/18/2000,BLI,WA,ANM,WE,Federal Contract Tower,1,32,12,1,46,1,58,349,5,413,2,90,361,6,459,274,2,276,735
06/19/2000,BLI,WA,ANM,WE,Federal Contract Tower,1,41,16,0,58,3,20,113,0,136,4,61,129,0,194,104,0,104,298
06/20/2000,BLI,WA,ANM,WE,Federal Contract Tower,0,35,13,1,49,0,42,145,0,187,0,77,158,1,236,108,0,108,344
06/21/2000,BLI,WA,ANM,WE,Federal Contract Tower,0,35,13,1,49,0,48,100,1,149,0,83,113,2,198,138,4,142,340
06/22/2000,BLI,WA,ANM,WE,Federal Contract Tower,1,45,19,0,65,1,39,114,2,156,2,84,133,2,221,82,0,82,303
06/23/2000,BLI,WA,ANM,WE,Federal Contract Tower,1,41,17,0,59,1,31,109,2,143,2,72,126,2,202,108,1,109,311
06/24/2000,BLI,WA,ANM,WE,Federal Contract Tower,0,35,15,0,50,0,15,108,2,125,0,50,123,2,175,46,0,46,221
06/25/2000,BLI,WA,ANM,WE,Federal Contract Tower,0,30,13,0,43,2,12,133,8,155,2,42,146,8,198,80,2,82,280
06/26/2000,BLI,WA,ANM,WE,Federal Contract Tower,1,35,15,0,51,1,31,121,15,168,2,66,136,15,219,100,12,112,331
06/27/2000,BLI,WA,ANM,WE,Federal Contract Tower,0,37,16,0,53,0,37,124,18,179,0,74,140,18,232,116,2,118,350
06/28/2000,BLI,WA,ANM,WE,Federal Contract Tower,0,37,15,0,52,0,35,158,2,195,0,72,173,2,247,136,0,136,383
06/29/2000,BLI,WA,ANM,WE,Federal Contract Tower,1,37,16,0,54,1,32,90,2,125,2,69,106,2,179,86,0,86,265
06/30/2000,BLI,WA,ANM,WE,Federal Contract Tower,1,35,15,0,51,1,33,99,0,133,2,68,114,0,184,72,0,72,256
07/01/2000,BLI,WA,ANM,WE,Federal Contract Tower,0,28,15,0,43,0,25,83,0,108,0,53,98,0,151,44,0,44,195
07/02/2000,BLI,WA,ANM,WE,Federal Contract Tower,2,27,13,0,42,0,14,112,2,128,2,41,125,2,170,95,2,97,267
07/03/2000,BLI,WA,ANM,WE,Federal Contract Tower,2,34,17,0,53,0,23,124,6,153,2,57,141,6,206,84,8,92,298
07/04/2000,BLI,WA,ANM,WE,Federal Contract Tower,0,27,13,0,40,0,31,107,8,146,0,58,120,8,186,88,0,88,274
07/05/2000,BLI,WA,ANM,WE,Federal Contract Tower,0,30,16,0,46,0,26,148,30,204,0,56,164,30,250,76,20,96,346
07/06/2000,BLI,WA,ANM,WE,Federal Contract Tower,3,46,23,1,73,1,36,119,3,159,4,82,142,4,232,80,4,84,316
07/07/2000,BLI,WA,ANM,WE,Federal Contract Tower,0,41,20,1,62,0,29,190,5,224,0,70,210,6,286,98,2,100,386
07/08/2000,BLI,WA,ANM,WE,Federal Contract Tower,2,38,19,0,59,0,22,121,0,143,2,60,140,0,202,72,0,72,274
07/09/2000,BLI,WA,ANM,WE,Federal Contract Tower,0,27,13,0,40,4,23,111,0,138,4,50,124,0,178,76,0,76,254
07/10/2000,BLI,WA,ANM,WE,Federal Contract Tower,1,34,17,1,53,1,32,84,1,118,2,66,101,2,171,40,0,40,211
07/11/2000,BLI,WA,ANM,WE,Federal Contract Tower,0,40,20,0,60,0,43,87,0,130,0,83,107,0,190,74,0,74,264
07/12/2000,BLI,WA,ANM,WE,Federal Contract Tower,0,32,17,1,50,0,44,148,1,193,0,76,165,2,243,110,2,112,355
07/13/2000,BLI,WA,ANM,WE,Federal Contract Tower,1,37,19,2,59,3,32,107,0,142,4,69,126,2,201,102,0,102,303
07/14/2000,BLI,WA,ANM,WE,Federal Contract Tower,0,34,18,0,52,0,43,149,0,192,0,77,167,0,244,104,0,104,348
07/15/2000,BLI,WA,ANM,WE,Federal Contract Tower,0,28,14,1,43,0,26,140,1,167,0,54,154,2,210,56,0,56,266
07/16/2000,BLI,WA,ANM,WE,Federal Contract Tower,2,36,18,1,57,2,22,200,3,227,4,58,218,4,284,118,0,118,402
07/17/2000,BLI,WA,ANM,WE,Federal Contract Tower,0,29,13,0,42,0,27,115,0,142,0,56,128,0,184,134,0,134,318
07/18/2000,BLI,WA,ANM,WE,Federal Contract Tower,0,42,19,0,61,0,13,112,0,125,0,55,131,0,186,60,0,60,246
07/19/2000,BLI,WA,ANM,WE,Federal Contract Tower,0,41,19,2,62,0,18,186,0,204,0,59,205,2,266,92,4,96,362
07/20/2000,BLI,WA,ANM,WE,Federal Contract Tower,1,40,19,2,62,3,36,86,0,125,4,76,105,2,187,84,0,84,271
07/21/2000,BLI,WA,ANM,WE,Federal Contract Tower,0,37,17,1,55,0,32,117,2,151,0,69,134,3,206,78,0,78,284
07/22/2000,BLI,WA,ANM,WE,Federal Contract Tower,0,28,13,0,41,0,15,47,0,62,0,43,60,0,103,14,0,14,117
07/23/2000,BLI,WA,ANM,WE,Federal Contract Tower,1,35,17,0,53,3,15,126,0,144,4,50,143,0,197,62,2,64,261
07/24/2000,BLI,WA,ANM,WE,Federal Contract Tower,0,38,18,1,57,0,16,93,1,110,0,54,111,2,167,88,0,88,255
07/25/2000,BLI,WA,ANM,WE,Federal Contract Tower,0,37,17,0,54,0,39,63,0,102,0,76,80,0,156,100,0,100,256
07/26/2000,BLI,WA,ANM,WE,Federal Contract Tower,1,40,19,0,60,1,30,127,0,158,2,70,146,0,218,48,0,48,266
07/27/2000,BLI,WA,ANM,WE,Federal Contract Tower,1,37,17,1,56,3,37,60,1,101,4,74,77,2,157,56,0,56,213
07/28/2000,BLI,WA,ANM,WE,Federal Contract Tower,0,38,19,0,57,0,24,44,0,68,0,62,63,0,125,26,0,26,151
07/29/2000,BLI,WA,ANM,WE,Federal Contract Tower,0,34,17,0,51,0,10,142,2,154,0,44,159,2,205,66,4,70,275
07/30/2000,BLI,WA,ANM,WE,Federal Contract Tower,1,36,18,0,55,3,11,163,0,177,4,47,181,0,232,88,2,90,322
07/31/2000,BLI,WA,ANM,WE,Federal Contract Tower,0,38,19,0,57,0,29,102,2,133,0,67,121,2,190,42,2,44,234
08/01/2000,BLI,WA,ANM,WE,Federal Contract Tower,0,34,20,0,54,0,31,102,2,135,0,65,122,2,189,76,4,80,269
08/02/2000,BLI,WA,ANM,WE,Federal Contract Tower,0,39,23,0,62,0,23,115,12,150,0,62,138,12,212,82,0,82,294
08/03/2000,BLI,WA,ANM,WE,Federal Contract Tower,3,54,31,1,89,1,32,115,3,151,4,86,146,4,240,74,0,74,314
08/04/2000,BLI,WA,ANM,WE,Federal Contract Tower,0,37,22,0,59,0,47,136,10,193,0,84,158,10,252,106,0,106,358
08/05/2000,BLI,WA,ANM,WE,Federal Contract Tower,0,35,21,0,56,0,21,109,4,134,0,56,130,4,190,74,0,74,264
08/06/2000,BLI,WA,ANM,WE,Federal Contract Tower,2,45,27,0,74,2,5,131,10,148,4,50,158,10,222,40,0,40,262
08/07/2000,BLI,WA,ANM,WE,Federal Contract Tower,0,49,29,0,78,0,15,67,4,86,0,64,96,4,164,60,0,60,224
08/08/2000,BLI,WA,ANM,WE,Federal Contract Tower,0,34,21,0,55,0,46,79,10,135,0,80,100,10,190,110,4,114,304
08/09/2000,BLI,WA,ANM,WE,Federal Contract Tower,0,38,23,0,61,0,27,111,0,138,0,65,134,0,199,82,0,82,281
08/10/2000,BLI,WA,ANM,WE,Federal Contract Tower,2,49,29,1,81,2,27,116,1,146,4,76,145,2,227,42,2,44,271
08/11/2000,BLI,WA,ANM,WE,Federal Contract Tower,0,34,20,1,55,0,41,102,2,145,0,75,122,3,200,32,4,36,236
08/12/2000,BLI,WA,ANM,WE,Federal Contract Tower,0,30,18,1,49,0,43,179,0,222,0,73,197,1,271,160,0,160,431
08/13/2000,BLI,WA,ANM,WE,Federal Contract Tower,1,29,17,1,48,3,34,137,3,177,4,63,154,4,225,134,34,168,393
08/14/2000,BLI,WA,ANM,WE,Federal Contract Tower,1,36,21,1,59,3,33,134,9,179,4,69,155,10,238,132,0,132,370
08/15/2000,BLI,WA,ANM,WE,Federal Contract Tower,0,36,22,1,59,0,27,102,3,132,0,63,124,4,191,40,0,40,231
08/16/2000,BLI,WA,ANM,WE,Federal Contract Tower,1,35,21,1,58,1,41,129,3,174,2,76,150,4,232,138,0,138,370
08/17/2000,BLI,WA,ANM,WE,Federal Contract Tower,1,35,19,1,56,3,25,118,3,149,4,60,137,4,205,144,2,146,351
08/18/2000,BLI,WA,ANM,WE,Federal Contract Tower,2,44,24,0,70,0,42,78,0,120,2,86,102,0,190,36,0,36,226
08/19/2000,BLI,WA,ANM,WE,Federal Contract Tower,0,31,17,0,48,0,41,78,0,119,0,72,95,0,167,68,0,68,235
08/20/2000,BLI,WA,ANM,WE,Federal Contract Tower,1,30,16,1,48,3,32,152,1,188,4,62,168,2,236,84,0,84,320
08/21/2000,BLI,WA,ANM,WE,Federal Contract Tower,0,36,20,1,57,0,37,137,3,177,0,73,157,4,234,116,10,126,360
08/22/2000,BLI,WA,ANM,WE,Federal Contract Tower,2,44,24,1,71,0,38,117,3,158,2,82,141,4,229,32,2,34,263
08/23/2000,BLI,WA,ANM,WE,Federal Contract Tower,0,35,19,0,54,0,28,157,0,185,0,63,176,0,239,138,0,138,377
08/24/2000,BLI,WA,ANM,WE,Federal Contract Tower,1,36,20,1,58,3,34,116,0,153,4,70,136,1,211,38,0,38,249
08/25/2000,BLI,WA,ANM,WE,Federal Contract Tower,0,32,18,1,51,0,28,111,2,141,0,60,129,3,192,84,0,84,276
08/26/2000,BLI,WA,ANM,WE,Federal Contract Tower,0,29,15,1,45,0,17,142,8,167,0,46,157,9,212,108,0,108,320
08/27/2000,BLI,WA,ANM,WE,Federal Contract Tower,1,38,21,0,60,3,14,154,0,171,4,52,175,0,231,102,0,102,333
08/28/2000,BLI,WA,ANM,WE,Federal Contract Tower,1,36,20,0,57,1,22,154,0,177,2,58,174,0,234,120,0,120,354
08/29/2000,BLI,WA,ANM,WE,Federal Contract Tower,0,58,32,2,92,0,2,44,0,46,0,60,76,2,138,6,0,6,144
08/30/2000,BLI,WA,ANM,WE,Federal Contract Tower,0,42,24,0,66,0,38,164,4,206,0,80,188,4,272,116,0,116,388
08/31/2000,BLI,WA,ANM,WE,Federal Contract Tower,1,51,30,1,83,3,20,95,7,125,4,71,125,8,208,120,6,126,334
09/01/2000,BLI,WA,ANM,WE,Federal Contract Tower,0,40,18,1,59,0,43,119,1,163,0,83,137,2,222,66,2,68,290
09/02/2000,BLI,WA,ANM,WE,Federal Contract Tower,0,26,13,0,39,0,43,151,0,194,0,69,164,0,233,86,0,86,319
09/03/2000,BLI,WA,ANM,WE,Federal Contract Tower,1,25,12,0,38,3,28,132,0,163,4,53,144,0,201,88,0,88,289
09/04/2000,BLI,WA,ANM,WE,Federal Contract Tower,1,26,12,0,39,1,40,159,0,200,2,66,171,0,239,102,0,102,341
09/05/2000,BLI,WA,ANM,WE,Federal Contract Tower,0,36,17,0,53,0,44,117,1,162,0,80,134,1,215,50,0,50,265
09/06/2000,BLI,WA,ANM,WE,Federal Contract Tower,2,44,20,0,66,0,27,129,0,156,2,71,149,0,222,54,0,54,276
09/07/2000,BLI,WA,ANM,WE,Federal Contract Tower,3,53,25,1,82,1,10,45,9,65,4,63,70,10,147,36,2,38,185
09/08/2000,BLI,WA,ANM,WE,Federal Contract Tower,0,42,20,1,63,0,38,100,4,142,0,80,120,5,205,56,6,62,267
09/09/2000,BLI,WA,ANM,WE,Federal Contract Tower,0,34,16,0,50,0,28,58,0,86,0,62,74,0,136,54,0,54,190
09/10/2000,BLI,WA,ANM,WE,Federal Contract Tower,2,48,22,1,73,2,4,108,1,115,4,52,130,2,188,96,2,98,286
09/11/2000,BLI,WA,ANM,WE,Federal Contract Tower,0,32,16,0,48,0,51,115,10,176,0,83,131,10,224,64,0,64,288
09/12/2000,BLI,WA,ANM,WE,Federal Contract Tower,0,38,17,2,57,0,42,147,8,197,0,80,164,10,254,50,0,50,304
09/13/2000,BLI,WA,ANM,WE,Federal Contract Tower,0,34,17,1,52,0,51,159,1,211,0,85,176,2,263,134,4,138,401
09/14/2000,BLI,WA,ANM,WE,Federal Contract Tower,1,32,16,0,49,3,67,121,0,191,4,99,137,0,240,54,0,54,294
09/15/2000,BLI,WA,ANM,WE,Federal Contract Tower,0,34,17,0,51,0,58,111,0,169,0,92,128,0,220,90,0,90,310
09/16/2000,BLI,WA,ANM,WE,Federal Contract Tower,0,31,15,1,47,0,38,136,3,177,0,69,151,4,224,178,0,178,402
09/17/2000,BLI,WA,ANM,WE,Federal Contract Tower,1,31,15,0,47,3,26,86,0,115,4,57,101,0,162,90,0,90,252
09/18/2000,BLI,WA,ANM,WE,Federal Contract Tower,0,51,24,2,77,0,15,55,3,73,0,66,79,5,150,24,0,24,174
09/19/2000,BLI,WA,ANM,WE,Federal Contract Tower,2,73,33,2,110,0,5,83,2,90,2,78,116,4,200,32,0,32,232
09/20/2000,BLI,WA,ANM,WE,Federal Contract Tower,0,30,13,1,44,0,40,73,3,116,0,70,86,4,160,90,0,90,250
09/21/2000,BLI,WA,ANM,WE,Federal Contract Tower,1,42,18,2,63,3,55,52,2,112,4,97,70,4,175,28,0,28,203
09/22/2000,BLI,WA,ANM,WE,Federal Contract Tower,0,38,16,0,54,0,33,115,0,148,0,71,131,0,202,60,0,60,262
09/23/2000,BLI,WA,ANM,WE,Federal Contract Tower,0,34,15,0,49,0,33,211,0,244,0,67,226,0,293,60,0,60,353
09/24/2000,BLI,WA,ANM,WE,Federal Contract Tower,0,30,13,0,43,4,20,186,0,210,4,50,199,0,253,84,0,84,337
09/25/2000,BLI,WA,ANM,WE,Federal Contract Tower,0,30,12,0,42,0,50,126,0,176,0,80,138,0,218,62,0,62,280
09/26/2000,BLI,WA,ANM,WE,Federal Contract Tower,0,32,14,1,47,0,57,137,1,195,0,89,151,2,242,76,0,76,318
09/27/2000,BLI,WA,ANM,WE,Federal Contract Tower,0,37,16,1,54,0,35,171,0,206,0,72,187,1,260,140,0,140,400
09/28/2000,BLI,WA,ANM,WE,Federal Contract Tower,1,47,21,2,71,3,32,114,0,149,4,79,135,2,220,138,8,146,366
09/29/2000,BLI,WA,ANM,WE,Federal Contract Tower,0,46,20,0,66,0,17,39,0,56,0,63,59,0,122,16,0,16,138
09/30/2000,BLI,WA,ANM,WE,Federal Contract Tower,0,34,16,0,50,0,27,73,11,111,0,61,89,11,161,36,0,36,197
10/01/2000,BLI,WA,ANM,WE,Federal Contract Tower,2,27,12,0,41,2,15,118,2,137,4,42,130,2,178,148,0,148,326
10/02/2000,BLI,WA,ANM,WE,Federal Contract Tower,2,37,16,0,55,0,23,70,0,93,2,60,86,0,148,120,0,120,268
10/03/2000,BLI,WA,ANM,WE,Federal Contract Tower,0,33,14,1,48,0,37,110,1,148,0,70,124,2,196,114,0,114,310
10/04/2000,BLI,WA,ANM,WE,Federal Contract Tower,0,41,18,1,60,0,27,99,3,129,0,68,117,4,189,176,16,192,381
10/05/2000,BLI,WA,ANM,WE,Federal Contract Tower,2,36,16,1,55,2,50,122,10,184,4,86,138,11,239,58,12,70,309
10/06/2000,BLI,WA,ANM,WE,Federal Contract Tower,0,35,16,0,51,0,14,115,0,129,0,49,131,0,180,66,0,66,246
10/07/2000,BLI,WA,ANM,WE,Federal Contract Tower,0,31,13,1,45,0,15,138,2,155,0,46,151,3,200,136,0,136,336
10/08/2000,BLI,WA,ANM,WE,Federal Contract Tower,2,37,17,0,56,2,18,114,0,134,4,55,131,0,190,68,0,68,258
10/09/2000,BLI,WA,ANM,WE,Federal Contract Tower,0,35,16,0,51,0,0,7,0,7,0,35,23,0,58,4,0,4,62
10/10/2000,BLI,WA,ANM,WE,Federal Contract Tower,0,44,20,1,65,0,29,62,5,96,0,73,82,6,161,32,0,32,193
10/11/2000,BLI,WA,ANM,WE,Federal Contract Tower,0,32,14,1,47,0,64,102,1,167,0,96,116,2,214,132,0,132,346
10/12/2000,BLI,WA,ANM,WE,Federal Contract Tower,4,61,27,1,93,0,6,49,3,58,4,67,76,4,151,48,0,48,199
10/13/2000,BLI,WA,ANM,WE,Federal Contract Tower,0,36,16,1,53,0,24,69,1,94,0,60,85,2,147,72,0,72,219
10/14/2000,BLI,WA,ANM,WE,Federal Contract Tower,0,29,13,0,42,0,17,97,0,114,0,46,110,0,156,86,0,86,242
10/15/2000,BLI,WA,ANM,WE,Federal Contract Tower,2,33,14,0,49,4,27,63,0,94,6,60,77,0,143,82,0,82,225
10/16/2000,BLI,WA,ANM,WE,Federal Contract Tower,0,39,18,2,59,0,33,5,2,40,0,72,23,4,99,14,4,18,117
10/17/2000,BLI,WA,ANM,WE,Federal Contract Tower,1,34,15,2,52,1,30,37,2,70,2,64,52,4,122,18,0,18,140
10/18/2000,BLI,WA,ANM,WE,Federal Contract Tower,0,41,18,2,61,0,32,42,4,78,0,73,60,6,139,106,6,112,251
10/19/2000,BLI,WA,ANM,WE,Federal Contract Tower,2,48,22,2,74,2,20,60,8,90,4,68,82,10,164,58,0,58,222
10/20/2000,BLI,WA,ANM,WE,Federal Contract Tower,1,32,12,0,45,1,16,33,0,50,2,48,45,0,95,18,0,18,113
10/21/2000,BLI,WA,ANM,WE,Federal Contract Tower,0,33,13,2,48,0,5,154,1,160,0,38,167,3,208,82,0,82,290
10/22/2000,BLI,WA,ANM,WE,Federal Contract Tower,1,31,13,1,46,3,12,118,1,134,4,43,131,2,180,94,0,94,274
10/23/2000,BLI,WA,ANM,WE,Federal Contract Tower,1,39,16,2,58,1,26,102,4,133,2,65,118,6,191,166,2,168,359
10/24/2000,BLI,WA,ANM,WE,Federal Contract Tower,0,32,13,2,47,0,30,79,0,109,0,62,92,2,156,66,2,68,224
10/25/2000,BLI,WA,ANM,WE,Federal Contract Tower,0,36,14,0,50,0,35,90,0,125,0,71,104,0,175,130,0,130,305
10/26/2000,BLI,WA,ANM,WE,Federal Contract Tower,2,45,20,1,68,2,10,36,3,51,4,55,56,4,119,24,0,24,143
10/27/2000,BLI,WA,ANM,WE,Federal Contract Tower,1,41,18,1,61,2,0,22,2,26,3,41,40,3,87,18,16,34,121
10/28/2000,BLI,WA,ANM,WE,Federal Contract Tower,1,32,14,0,47,0,16,28,0,44,1,48,42,0,91,64,0,64,155
10/29/2000,BLI,WA,ANM,WE,Federal Contract Tower,1,30,13,0,44,3,16,91,0,110,4,46,104,0,154,120,0,120,274
10/30/2000,BLI,WA,ANM,WE,Federal Contract Tower,1,52,23,1,77,0,14,51,0,65,1,66,74,1,142,66,0,66,208
10/31/2000,BLI,WA,ANM,WE,Federal Contract Tower,0,38,17,1,56,0,38,47,0,85,0,76,64,1,141,72,0,72,213
11/01/2000,BLI,WA,ANM,WE,Federal Contract Tower,0,44,17,1,62,0,20,95,0,115,0,64,112,1,177,82,2,84,261
11/02/2000,BLI,WA,ANM,WE,Federal Contract Tower,1,39,15,1,56,3,19,102,3,127,4,58,117,4,183,86,0,86,269
11/03/2000,BLI,WA,ANM,WE,Federal Contract Tower,0,41,15,1,57,0,15,65,1,81,0,56,80,2,138,82,0,82,220
11/04/2000,BLI,WA,ANM,WE,Federal Contract Tower,0,25,9,0,34,0,16,62,0,78,0,41,71,0,112,66,0,66,178
11/05/2000,BLI,WA,ANM,WE,Federal Contract Tower,1,28,10,1,40,3,19,52,1,75,4,47,62,2,115,180,10,190,305
11/06/2000,BLI,WA,ANM,WE,Federal Contract Tower,0,41,15,1,57,0,16,96,1,113,0,57,111,2,170,136,0,136,306
11/07/2000,BLI,WA,ANM,WE,Federal Contract Tower,0,40,16,0,56,0,28,70,2,100,0,68,86,2,156,72,0,72,228
11/08/2000,BLI,WA,ANM,WE,Federal Contract Tower,0,41,17,0,58,0,26,17,4,47,0,67,34,4,105,10,0,10,115
11/09/2000,BLI,WA,ANM,WE,Federal Contract Tower,1,47,18,0,66,3,16,50,3,72,4,63,68,3,138,86,0,86,224
11/10/2000,BLI,WA,ANM,WE,Federal Contract Tower,0,36,14,0,50,0,35,84,3,122,0,71,98,3,172,46,0,46,218
11/11/2000,BLI,WA,ANM,WE,Federal Contract Tower,0,28,12,0,40,0,17,117,0,134,0,45,129,0,174,90,0,90,264
11/12/2000,BLI,WA,ANM,WE,Federal Contract Tower,1,31,12,0,44,3,11,91,0,105,4,42,103,0,149,122,0,122,271
11/13/2000,BLI,WA,ANM,WE,Federal Contract Tower,0,34,14,0,48,0,25,34,0,59,0,59,48,0,107,72,0,72,179
11/14/2000,BLI,WA,ANM,WE,Federal Contract Tower,0,38,15,0,53,0,35,124,0,159,0,73,139,0,212,162,0,162,374
11/15/2000,BLI,WA,ANM,WE,Federal Contract Tower,0,39,16,0,55,0,26,101,0,127,0,65,117,0,182,112,0,112,294
11/16/2000,BLI,WA,ANM,WE,Federal Contract Tower,1,39,16,0,56,1,24,95,1,121,2,63,111,1,177,122,0,122,299
11/17/2000,BLI,WA,ANM,WE,Federal Contract Tower,0,44,17,0,61,0,22,83,2,107,0,66,100,2,168,128,0,128,296
11/18/2000,BLI,WA,ANM,WE,Federal Contract Tower,0,28,11,0,39,0,14,162,2,178,0,42,173,2,217,90,0,90,307
11/19/2000,BLI,WA,ANM,WE,Federal Contract Tower,1,31,12,0,44,1,21,130,0,152,2,52,142,0,196,100,0,100,296
11/20/2000,BLI,WA,ANM,WE,Federal Contract Tower,0,39,15,0,54,0,35,84,5,124,0,74,99,5,178,100,14,114,292
11/21/2000,BLI,WA,ANM,WE,Federal Contract Tower,0,46,18,1,65,0,17,83,3,103,0,63,101,4,168,160,0,160,328
11/22/2000,BLI,WA,ANM,WE,Federal Contract Tower,0,47,19,1,67,0,21,137,9,167,0,68,156,10,234,86,6,92,326
11/23/2000,BLI,WA,ANM,WE,Federal Contract Tower,0,12,5,0,17,0,20,21,0,41,0,32,26,0,58,32,0,32,90
11/24/2000,BLI,WA,ANM,WE,Federal Contract Tower,0,39,15,1,55,0,13,63,1,77,0,52,78,2,132,68,0,68,200
11/25/2000,BLI,WA,ANM,WE,Federal Contract Tower,0,25,10,0,35,0,21,24,0,45,0,46,34,0,80,12,0,12,92
11/26/2000,BLI,WA,ANM,WE,Federal Contract Tower,0,29,11,0,40,0,23,19,0,42,0,52,30,0,82,16,0,16,98
11/27/2000,BLI,WA,ANM,WE,Federal Contract Tower,0,35,13,0,48,0,27,89,0,116,0,62,102,0,164,52,0,52,216
11/28/2000,BLI,WA,ANM,WE,Federal Contract Tower,0,36,13,1,50,0,23,69,1,93,0,59,82,2,143,54,0,54,197
11/29/2000,BLI,WA,ANM,WE,Federal Contract Tower,0,39,14,0,53,0,39,23,0,62,0,78,37,0,115,14,0,14,129
11/30/2000,BLI,WA,ANM,WE,Federal Contract Tower,0,42,15,0,57,0,24,27,0,51,0,66,42,0,108,62,0,62,170
12/01/2000,BLI,WA,ANM,WE,Federal Contract Tower,0,37,13,0,50,0,15,47,2,64,0,52,60,2,114,64,0,64,178
12/02/2000,BLI,WA,ANM,WE,Federal Contract Tower,0,28,10,0,38,0,5,72,0,77,0,33,82,0,115,116,0,116,231
12/03/2000,BLI,WA,ANM,WE,Federal Contract Tower,0,21,7,0,28,0,20,84,2,106,0,41,91,2,134,112,0,112,246
12/04/2000,BLI,WA,ANM,WE,Federal Contract Tower,1,48,16,0,65,1,32,89,0,122,2,80,105,0,187,142,0,142,329
12/05/2000,BLI,WA,ANM,WE,Federal Contract Tower,0,31,11,0,42,0,23,88,4,115,0,54,99,4,157,152,0,152,309
12/06/2000,BLI,WA,ANM,WE,Federal Contract Tower,0,28,10,0,38,0,13,104,0,117,0,41,114,0,155,94,2,96,251
12/07/2000,BLI,WA,ANM,WE,Federal Contract Tower,0,2,2,0,4,0,0,7,0,7,0,2,9,0,11,0,0,0,11
12/08/2000,BLI,WA,ANM,WE,Federal Contract Tower,0,30,13,0,43,2,0,21,0,23,2,30,34,0,66,4,0,4,70
12/09/2000,BLI,WA,ANM,WE,Federal Contract Tower,0,33,11,1,45,0,17,80,3,100,0,50,91,4,145,90,0,90,235
12/10/2000,BLI,WA,ANM,WE,Federal Contract Tower,0,23,8,0,31,0,15,19,0,34,0,38,27,0,65,14,0,14,79
12/11/2000,BLI,WA,ANM,WE,Federal Contract Tower,0,33,12,0,45,2,38,60,0,100,2,71,72,0,145,46,0,46,191
12/12/2000,BLI,WA,ANM,WE,Federal Contract Tower,0,36,13,0,49,0,24,89,0,113,0,60,102,0,162,96,0,96,258
12/13/2000,BLI,WA,ANM,WE,Federal Contract Tower,0,41,14,1,56,0,19,79,9,107,0,60,93,10,163,56,2,58,221
12/14/2000,BLI,WA,ANM,WE,Federal Contract Tower,0,35,12,1,48,0,29,31,11,71,0,64,43,12,119,8,2,10,129
12/15/2000,BLI,WA,ANM,WE,Federal Contract Tower,0,25,9,0,34,0,32,25,0,57,0,57,34,0,91,10,0,10,101
12/16/2000,BLI,WA,ANM,WE,Federal Contract Tower,0,20,6,0,26,0,12,0,0,12,0,32,6,0,38,0,0,0,38
12/17/2000,BLI,WA,ANM,WE,Federal Contract Tower,0,25,9,1,35,0,17,103,0,120,0,42,112,1,155,56,0,56,211
12/18/2000,BLI,WA,ANM,WE,Federal Contract Tower,0,40,12,0,52,0,14,47,0,61,0,54,59,0,113,74,0,74,187
12/19/2000,BLI,WA,ANM,WE,Federal Contract Tower,0,46,14,2,62,0,38,54,2,94,0,84,68,4,156,28,2,30,186
12/20/2000,BLI,WA,ANM,WE,Federal Contract Tower,0,38,12,0,50,0,23,39,0,62,0,61,51,0,112,58,0,58,170
12/21/2000,BLI,WA,ANM,WE,Federal Contract Tower,0,43,14,1,58,0,23,60,7,90,0,66,74,8,148,44,2,46,194
12/22/2000,BLI,WA,ANM,WE,Federal Contract Tower,0,34,10,1,45,0,30,44,1,75,0,64,54,2,120,58,0,58,178
12/23/2000,BLI,WA,ANM,WE,Federal Contract Tower,0,32,10,1,43,0,8,38,1,47,0,40,48,2,90,60,0,60,150
12/24/2000,BLI,WA,ANM,WE,Federal Contract Tower,0,28,9,0,37,0,16,47,0,63,0,44,56,0,100,36,0,36,136
12/25/2000,BLI,WA,ANM,WE,Federal Contract Tower,0,20,5,0,25,0,14,25,0,39,0,34,30,0,64,10,0,10,74
12/26/2000,BLI,WA,ANM,WE,Federal Contract Tower,0,36,11,0,47,0,26,59,0,85,0,62,70,0,132,68,0,68,200
12/27/2000,BLI,WA,ANM,WE,Federal Contract Tower,0,48,15,0,63,0,32,41,0,73,0,80,56,0,136,14,0,14,150
12/28/2000,BLI,WA,ANM,WE,Federal Contract Tower,0,45,15,0,60,0,23,64,4,91,0,68,79,4,151,84,0,84,235
12/29/2000,BLI,WA,ANM,WE,Federal Contract Tower,0,44,15,0,59,0,29,75,2,106,0,73,90,2,165,124,2,126,291
12/30/2000,BLI,WA,ANM,WE,Federal Contract Tower,0,26,9,0,35,0,11,32,0,43,0,37,41,0,78,50,0,50,128
12/31/2000,BLI,WA,ANM,WE,Federal Contract Tower,0,23,8,0,31,0,0,33,0,33,0,23,41,0,64,30,0,30,94
01/01/2001,BLI,WA,ANM,WE,Federal Contract Tower,0,16,6,0,22,0,13,85,0,98,0,29,91,0,120,88,0,88,208
01/02/2001,BLI,WA,ANM,WE,Federal Contract Tower,0,29,12,0,41,0,34,65,2,101,0,63,77,2,142,118,10,128,270
01/03/2001,BLI,WA,ANM,WE,Federal Contract Tower,0,36,14,2,52,0,17,60,0,77,0,53,74,2,129,34,0,34,163
01/04/2001,BLI,WA,ANM,WE,Federal Contract Tower,0,36,12,2,50,0,14,23,0,37,0,50,35,2,87,34,0,34,121
01/05/2001,BLI,WA,ANM,WE,Federal Contract Tower,0,27,11,0,38,0,33,42,6,81,0,60,53,6,119,24,0,24,143
01/06/2001,BLI,WA,ANM,WE,Federal Contract Tower,0,29,11,0,40,0,21,135,0,156,0,50,146,0,196,134,0,134,330
01/07/2001,BLI,WA,ANM,WE,Federal Contract Tower,0,24,9,0,33,0,16,90,2,108,0,40,99,2,141,68,0,68,209
01/08/2001,BLI,WA,ANM,WE,Federal Contract Tower,0,34,13,0,47,0,10,36,0,46,0,44,49,0,93,56,0,56,149
01/09/2001,BLI,WA,ANM,WE,Federal Contract Tower,0,31,12,1,44,0,21,52,9,82,0,52,64,10,126,34,14,48,174
01/10/2001,BLI,WA,ANM,WE,Federal Contract Tower,0,35,13,2,50,0,29,78,0,107,0,64,91,2,157,68,0,68,225
01/11/2001,BLI,WA,ANM,WE,Federal Contract Tower,0,27,11,0,38,0,23,70,0,93,0,50,81,0,131,40,0,40,171
01/12/2001,BLI,WA,ANM,WE,Federal Contract Tower,0,29,12,0,41,0,30,60,0,90,0,59,72,0,131,42,0,42,173
01/13/2001,BLI,WA,ANM,WE,Federal Contract Tower,0,20,8,0,28,0,13,48,0,61,0,33,56,0,89,32,0,32,121
01/14/2001,BLI,WA,ANM,WE,Federal Contract Tower,0,24,10,1,35,0,18,61,1,80,0,42,71,2,115,60,0,60,175
01/15/2001,BLI,WA,ANM,WE,Federal Contract Tower,0,36,13,0,49,2,16,58,0,76,2,52,71,0,125,128,0,128,253
01/16/2001,BLI,WA,ANM,WE,Federal Contract Tower,0,33,12,2,47,0,15,63,4,82,0,48,75,6,129,109,6,115,244
01/17/2001,BLI,WA,ANM,WE,Federal Contract Tower,0,32,12,2,46,0,24,78,1,103,0,56,90,3,149,77,0,77,226
01/18/2001,BLI,WA,ANM,WE,Federal Contract Tower,0,43,15,2,60,0,5,45,2,52,0,48,60,4,112,22,0,22,134
01/19/2001,BLI,WA,ANM,WE,Federal Contract Tower,0,28,10,1,39,2,30,60,5,97,2,58,70,6,136,52,0,52,188
01/20/2001,BLI,WA,ANM,WE,Federal Contract Tower,0,32,11,0,43,0,18,53,0,71,0,50,64,0,114,78,0,78,192
01/21/2001,BLI,WA,ANM,WE,Federal Contract Tower,0,30,11,1,42,0,14,25,1,40,0,44,36,2,82,30,0,30,112
01/22/2001,BLI,WA,ANM,WE,Federal Contract Tower,0,39,13,0,52,0,15,90,0,105,0,54,103,0,157,80,0,80,237
01/23/2001,BLI,WA,ANM,WE,Federal Contract Tower,0,35,12,2,49,2,20,71,0,93,2,55,83,2,142,118,0,118,260
01/24/2001,BLI,WA,ANM,WE,Federal Contract Tower,0,39,15,0,54,0,16,35,0,51,0,55,50,0,105,96,2,98,203
01/25/2001,BLI,WA,ANM,WE,Federal Contract Tower,0,39,14,1,54,0,17,90,1,108,0,56,104,2,162,78,0,78,240
01/26/2001,BLI,WA,ANM,WE,Federal Contract Tower,0,30,11,0,41,2,20,62,14,98,2,50,73,14,139,100,4,104,243
01/27/2001,BLI,WA,ANM,WE,Federal Contract Tower,0,31,12,0,43,0,14,149,10,173,0,45,161,10,216,100,0,100,316
01/28/2001,BLI,WA,ANM,WE,Federal Contract Tower,0,17,6,0,23,0,23,91,0,114,0,40,97,0,137,64,0,64,201
01/29/2001,BLI,WA,ANM,WE,Federal Contract Tower,0,30,11,0,41,0,26,13,0,39,0,56,24,0,80,16,0,16,96
01/30/2001,BLI,WA,ANM,WE,Federal Contract Tower,0,33,12,0,45,0,17,10,0,27,0,50,22,0,72,18,0,18,90
01/31/2001,BLI,WA,ANM,WE,Federal Contract Tower,0,44,17,1,62,0,13,48,3,64,0,57,65,4,126,62,2,64,190
02/01/2001,BLI,WA,ANM,WE,Federal Contract Tower,0,35,12,0,47,0,31,50,4,85,0,66,62,4,132,50,0,50,182
02/02/2001,BLI,WA,ANM,WE,Federal Contract Tower,1,29,10,0,40,1,17,16,2,36,2,46,26,2,76,42,0,42,118
02/03/2001,BLI,WA,ANM,WE,Federal Contract Tower,0,28,9,0,37,0,9,52,0,61,0,37,61,0,98,58,0,58,156
02/04/2001,BLI,WA,ANM,WE,Federal Contract Tower,0,24,8,0,32,0,6,45,2,53,0,30,53,2,85,64,0,64,149
02/05/2001,BLI,WA,ANM,WE,Federal Contract Tower,1,30,10,0,41,1,34,69,0,104,2,64,79,0,145,64,0,64,209
02/06/2001,BLI,WA,ANM,WE,Federal Contract Tower,0,35,12,0,47,0,30,26,4,60,0,65,38,4,107,28,6,34,141
02/07/2001,BLI,WA,ANM,WE,Federal Contract Tower,0,31,10,0,41,0,36,124,8,168,0,67,134,8,209,84,0,84,293
02/08/2001,BLI,WA,ANM,WE,Federal Contract Tower,0,24,6,0,30,0,3,0,0,3,0,27,6,0,33,0,0,0,33
02/09/2001,BLI,WA,ANM,WE,Federal Contract Tower,1,36,12,0,49,1,16,47,0,64,2,52,59,0,113,60,0,60,173
02/10/2001,BLI,WA,ANM,WE,Federal Contract Tower,0,25,8,0,33,0,3,77,1,81,0,28,85,1,114,68,0,68,182
02/11/2001,BLI,WA,ANM,WE,Federal Contract Tower,0,25,8,0,33,0,14,103,0,117,0,39,111,0,150,82,0,82,232
02/12/2001,BLI,WA,ANM,WE,Federal Contract Tower,0,34,11,0,45,0,25,98,0,123,0,59,109,0,168,102,0,102,270
02/13/2001,BLI,WA,ANM,WE,Federal Contract Tower,0,31,10,0,41,0,19,82,0,101,0,50,92,0,142,46,0,46,188
02/14/2001,BLI,WA,ANM,WE,Federal Contract Tower,0,35,12,1,48,0,20,39,5,64,0,55,51,6,112,8,2,10,122
02/15/2001,BLI,WA,ANM,WE,Federal Contract Tower,0,32,10,0,42,2,12,8,0,22,2,44,18,0,64,16,0,16,80
02/16/2001,BLI,WA,ANM,WE,Federal Contract Tower,0,33,10,0,43,0,5,4,0,9,0,38,14,0,52,8,0,8,60
02/17/2001,BLI,WA,ANM,WE,Federal Contract Tower,0,30,8,1,39,0,6,80,3,89,0,36,88,4,128,96,2,98,226
02/18/2001,BLI,WA,ANM,WE,Federal Contract Tower,0,32,9,0,41,0,10,59,0,69,0,42,68,0,110,122,0,122,232
02/19/2001,BLI,WA,ANM,WE,Federal Contract Tower,0,33,10,1,44,0,23,100,3,126,0,56,110,4,170,56,0,56,226
02/20/2001,BLI,WA,ANM,WE,Federal Contract Tower,0,32,9,1,42,0,22,72,3,97,0,54,81,4,139,58,0,58,197
02/21/2001,BLI,WA,ANM,WE,Federal Contract Tower,0,34,10,0,44,0,13,91,0,104,0,47,101,0,148,70,0,70,218
02/22/2001,BLI,WA,ANM,WE,Federal Contract Tower,0,35,10,0,45,0,17,49,0,66,0,52,59,0,111,84,0,84,195
02/23/2001,BLI,WA,ANM,WE,Federal Contract Tower,0,47,14,0,61,0,4,23,0,27,0,51,37,0,88,14,0,14,102
02/24/2001,BLI,WA,ANM,WE,Federal Contract Tower,0,26,7,0,33,0,0,64,0,64,0,26,71,0,97,68,0,68,165
02/25/2001,BLI,WA,ANM,WE,Federal Contract Tower,0,24,6,0,30,0,3,112,0,115,0,27,118,0,145,94,0,94,239
02/26/2001,BLI,WA,ANM,WE,Federal Contract Tower,0,32,9,0,41,2,19,72,0,93,2,51,81,0,134,90,0,90,224
02/27/2001,BLI,WA,ANM,WE,Federal Contract Tower,0,32,10,0,42,0,18,98,0,116,0,50,108,0,158,58,0,58,216
02/28/2001,BLI,WA,ANM,WE,Federal Contract Tower,0,33,11,0,44,0,18,66,2,86,0,51,77,2,130,40,2,42,172
03/01/2001,BLI,WA,ANM,WE,Federal Contract Tower,0,24,10,0,34,0,11,20,0,31,0,35,30,0,65,24,0,24,89
03/02/2001,BLI,WA,ANM,WE,Federal Contract Tower,2,33,12,0,47,0,6,36,10,52,2,39,48,10,99,26,0,26,125
03/03/2001,BLI,WA,ANM,WE,Federal Contract Tower,0,26,11,0,37,0,9,90,0,99,0,35,101,0,136,106,2,108,244
03/04/2001,BLI,WA,ANM,WE,Federal Contract Tower,0,23,9,0,32,0,7,97,3,107,0,30,106,3,139,80,0,80,219
03/05/2001,BLI,WA,ANM,WE,Federal Contract Tower,2,38,15,0,55,2,10,77,6,95,4,48,92,6,150,92,2,94,244
03/06/2001,BLI,WA,ANM,WE,Federal Contract Tower,0,29,12,0,41,0,35,111,2,148,0,64,123,2,189,160,2,162,351
03/07/2001,BLI,WA,ANM,WE,Federal Contract Tower,0,29,12,0,41,0,19,96,2,117,0,48,108,2,158,60,2,62,220
03/08/2001,BLI,WA,ANM,WE,Federal Contract Tower,0,42,17,0,59,0,7,4,0,11,0,49,21,0,70,2,0,2,72
03/09/2001,BLI,WA,ANM,WE,Federal Contract Tower,2,35,14,0,51,2,26,96,2,126,4,61,110,2,177,136,0,136,313
03/10/2001,BLI,WA,ANM,WE,Federal Contract Tower,0,22,9,0,31,0,18,108,0,126,0,40,117,0,157,138,0,138,295
03/11/2001,BLI,WA,ANM,WE,Federal Contract Tower,0,25,10,0,35,0,15,54,1,70,0,40,64,1,105,70,0,70,175
03/12/2001,BLI,WA,ANM,WE,Federal Contract Tower,2,40,16,0,58,2,8,8,8,26,4,48,24,8,84,4,0,4,88
03/13/2001,BLI,WA,ANM,WE,Federal Contract Tower,0,20,9,0,29,0,26,33,2,61,0,46,42,2,90,42,0,42,132
03/14/2001,BLI,WA,ANM,WE,Federal Contract Tower,0,33,13,1,47,0,31,110,4,145,0,64,123,5,192,114,0,114,306
03/15/2001,BLI,WA,ANM,WE,Federal Contract Tower,0,31,13,0,44,0,19,17,0,36,0,50,30,0,80,38,0,38,118
03/16/2001,BLI,WA,ANM,WE,Federal Contract Tower,1,39,16,1,57,3,29,80,9,121,4,68,96,10,178,120,0,120,298
03/17/2001,BLI,WA,ANM,WE,Federal Contract Tower,0,25,11,1,37,0,17,65,3,85,0,42,76,4,122,58,0,58,180
03/18/2001,BLI,WA,ANM,WE,Federal Contract Tower,0,25,10,0,35,2,19,14,0,35,2,44,24,0,70,16,0,16,86
03/19/2001,BLI,WA,ANM,WE,Federal Contract Tower,2,45,18,1,66,2,7,36,5,50,4,52,54,6,116,50,2,52,168
03/20/2001,BLI,WA,ANM,WE,Federal Contract Tower,0,30,12,0,42,0,26,52,0,78,0,56,64,0,120,90,0,90,210
03/21/2001,BLI,WA,ANM,WE,Federal Contract Tower,1,30,12,0,43,1,29,63,0,93,2,59,75,0,136,62,0,62,198
03/22/2001,BLI,WA,ANM,WE,Federal Contract Tower,0,33,12,1,46,0,10,95,2,107,0,43,107,3,153,48,0,48,201
03/23/2001,BLI,WA,ANM,WE,Federal Contract Tower,1,41,15,0,57,2,9,135,0,146,3,50,150,0,203,106,0,106,309
03/24/2001,BLI,WA,ANM,WE,Federal Contract Tower,0,29,11,0,40,0,9,70,0,79,0,38,81,0,119,86,0,86,205
03/25/2001,BLI,WA,ANM,WE,Federal Contract Tower,0,24,8,0,32,0,11,24,0,35,0,35,32,0,67,38,0,38,105
03/26/2001,BLI,WA,ANM,WE,Federal Contract Tower,0,27,10,1,38,0,24,58,4,86,0,51,68,5,124,66,0,66,190
03/27/2001,BLI,WA,ANM,WE,Federal Contract Tower,0,30,11,0,41,0,14,14,0,28,0,44,25,0,69,18,0,18,87
03/28/2001,BLI,WA,ANM,WE,Federal Contract Tower,0,42,16,0,58,0,22,69,0,91,0,64,85,0,149,52,0,52,201
03/29/2001,BLI,WA,ANM,WE,Federal Contract Tower,0,35,13,1,49,0,25,61,1,87,0,60,74,2,136,58,0,58,194
03/30/2001,BLI,WA,ANM,WE,Federal Contract Tower,1,32,12,1,46,3,24,121,7,155,4,56,133,8,201,138,8,146,347
03/31/2001,BLI,WA,ANM,WE,Federal Contract Tower,0,24,8,0,32,0,11,25,0,36,0,35,33,0,68,36,0,36,104
04/01/2001,BLI,WA,ANM,WE,Federal Contract Tower,0,25,8,0,33,0,8,102,1,111,0,33,110,1,144,140,0,140,284
04/02/2001,BLI,WA,ANM,WE,Federal Contract Tower,4,32,11,0,47,0,15,54,0,69,4,47,65,0,116,44,0,44,160
04/03/2001,BLI,WA,ANM,WE,Federal Contract Tower,0,31,11,0,42,0,32,91,0,123,0,63,102,0,165,104,0,104,269
04/04/2001,BLI,WA,ANM,WE,Federal Contract Tower,0,37,5,0,42,0,22,100,0,122,0,59,105,0,164,162,0,162,326
04/05/2001,BLI,WA,ANM,WE,Federal Contract Tower,0,37,14,0,51,0,16,34,2,52,0,53,48,2,103,4,0,4,107
04/06/2001,BLI,WA,ANM,WE,Federal Contract Tower,6,34,11,0,51,0,21,75,2,98,6,55,86,2,149,92,0,92,241
04/07/2001,BLI,WA,ANM,WE,Federal Contract Tower,0,29,9,0,38,0,26,56,1,83,0,55,65,1,121,82,0,82,203
04/08/2001,BLI,WA,ANM,WE,Federal Contract Tower,0,24,8,0,32,0,15,77,0,92,0,39,85,0,124,100,0,100,224
04/09/2001,BLI,WA,ANM,WE,Federal Contract Tower,6,34,14,0,54,0,13,67,0,80,6,47,81,0,134,70,0,70,204
04/10/2001,BLI,WA,ANM,WE,Federal Contract Tower,0,35,17,0,52,0,29,49,0,78,0,64,66,0,130,68,0,68,198
04/11/2001,BLI,WA,ANM,WE,Federal Contract Tower,0,33,5,0,38,0,26,141,9,176,0,59,146,9,214,78,0,78,292
04/12/2001,BLI,WA,ANM,WE,Federal Contract Tower,0,34,13,0,47,0,19,59,0,78,0,53,72,0,125,68,0,68,193
04/13/2001,BLI,WA,ANM,WE,Federal Contract Tower,6,27,19,4,56,0,35,75,2,112,6,62,94,6,168,104,0,104,272
04/14/2001,BLI,WA,ANM,WE,Federal Contract Tower,0,25,14,0,39,0,27,162,6,195,0,52,176,6,234,152,0,152,386
04/15/2001,BLI,WA,ANM,WE,Federal Contract Tower,2,25,16,0,43,0,23,108,2,133,2,48,124,2,176,108,0,108,284
04/16/2001,BLI,WA,ANM,WE,Federal Contract Tower,6,33,22,0,61,0,23,126,2,151,6,56,148,2,212,182,4,186,398
04/17/2001,BLI,WA,ANM,WE,Federal Contract Tower,0,31,12,0,43,0,15,38,0,53,0,46,50,0,96,30,0,30,126
04/18/2001,BLI,WA,ANM,WE,Federal Contract Tower,0,33,6,0,39,0,35,84,0,119,0,68,90,0,158,78,2,80,238
04/19/2001,BLI,WA,ANM,WE,Federal Contract Tower,4,34,15,1,54,0,18,118,3,139,4,52,133,4,193,100,0,100,293
04/20/2001,BLI,WA,ANM,WE,Federal Contract Tower,4,36,11,0,51,0,37,144,6,187,4,73,155,6,238,94,0,94,332
04/21/2001,BLI,WA,ANM,WE,Federal Contract Tower,0,26,18,0,44,0,26,124,2,152,0,52,142,2,196,88,0,88,284
04/22/2001,BLI,WA,ANM,WE,Federal Contract Tower,0,23,11,0,34,0,25,65,2,92,0,48,76,2,126,84,0,84,210
04/23/2001,BLI,WA,ANM,WE,Federal Contract Tower,4,35,13,0,52,0,13,43,2,58,4,48,56,2,110,60,0,60,170
04/24/2001,BLI,WA,ANM,WE,Federal Contract Tower,0,37,15,0,52,0,27,82,2,111,0,64,97,2,163,72,0,72,235
04/25/2001,BLI,WA,ANM,WE,Federal Contract Tower,2,34,15,0,51,0,27,120,4,151,2,61,135,4,202,94,4,98,300
04/26/2001,BLI,WA,ANM,WE,Federal Contract Tower,0,35,15,0,50,0,35,75,1,111,0,70,90,1,161,174,2,176,337
04/27/2001,BLI,WA,ANM,WE,Federal Contract Tower,4,31,11,1,47,0,29,94,1,124,4,60,105,2,171,140,0,140,311
04/28/2001,BLI,WA,ANM,WE,Federal Contract Tower,0,28,12,0,40,0,10,54,0,64,0,38,66,0,104,86,0,86,190
04/29/2001,BLI,WA,ANM,WE,Federal Contract Tower,0,27,5,0,32,0,15,15,1,31,0,42,20,1,63,12,0,12,75
04/30/2001,BLI,WA,ANM,WE,Federal Contract Tower,4,37,5,0,46,0,17,29,0,46,4,54,34,0,92,4,0,4,96
05/01/2001,BLI,WA,ANM,WE,Federal Contract Tower,0,37,16,0,53,0,28,73,0,101,0,65,89,0,154,32,0,32,186
05/02/2001,BLI,WA,ANM,WE,Federal Contract Tower,0,31,14,0,45,0,17,153,4,174,0,48,167,4,219,202,12,214,433
05/03/2001,BLI,WA,ANM,WE,Federal Contract Tower,0,35,17,0,52,0,19,117,4,140,0,54,134,4,192,98,0,98,290
05/04/2001,BLI,WA,ANM,WE,Federal Contract Tower,4,36,7,0,47,0,37,58,0,95,4,73,65,0,142,52,0,52,194
05/05/2001,BLI,WA,ANM,WE,Federal Contract Tower,0,25,11,0,36,0,17,116,6,139,0,42,127,6,175,124,2,126,301
05/06/2001,BLI,WA,ANM,WE,Federal Contract Tower,0,25,6,0,31,0,20,132,1,153,0,45,138,1,184,98,0,98,282
05/07/2001,BLI,WA,ANM,WE,Federal Contract Tower,4,35,9,0,48,0,9,86,2,97,4,44,95,2,145,118,0,118,263
05/08/2001,BLI,WA,ANM,WE,Federal Contract Tower,0,34,9,0,43,0,31,77,0,108,0,65,86,0,151,90,0,90,241
05/09/2001,BLI,WA,ANM,WE,Federal Contract Tower,0,36,9,1,46,0,34,138,0,172,0,70,147,1,218,84,14,98,316
05/10/2001,BLI,WA,ANM,WE,Federal Contract Tower,0,37,18,0,55,0,23,88,0,111,0,60,106,0,166,58,0,58,224
05/11/2001,BLI,WA,ANM,WE,Federal Contract Tower,3,35,18,0,56,0,29,136,2,167,3,64,154,2,223,162,0,162,385
05/12/2001,BLI,WA,ANM,WE,Federal Contract Tower,0,26,4,0,30,0,33,109,2,144,0,59,113,2,174,124,2,126,300
05/13/2001,BLI,WA,ANM,WE,Federal Contract Tower,0,25,11,0,36,0,19,99,0,118,0,44,110,0,154,40,0,40,194
05/14/2001,BLI,WA,ANM,WE,Federal Contract Tower,6,32,3,0,41,0,25,32,0,57,6,57,35,0,98,14,0,14,112
05/15/2001,BLI,WA,ANM,WE,Federal Contract Tower,0,41,17,0,58,0,21,31,0,52,0,62,48,0,110,38,0,38,148
05/16/2001,BLI,WA,ANM,WE,Federal Contract Tower,0,35,17,0,52,0,27,76,0,103,0,62,93,0,155,36,0,36,191
05/17/2001,BLI,WA,ANM,WE,Federal Contract Tower,0,39,7,0,46,0,21,117,0,138,0,60,124,0,184,116,0,116,300
05/18/2001,BLI,WA,ANM,WE,Federal Contract Tower,4,35,18,2,59,0,29,133,1,163,4,64,151,3,222,96,0,96,318
05/19/2001,BLI,WA,ANM,WE,Federal Contract Tower,0,25,19,0,44,0,29,105,2,136,0,54,124,2,180,94,0,94,274
05/20/2001,BLI,WA,ANM,WE,Federal Contract Tower,0,24,11,1,36,0,21,224,1,246,0,45,235,2,282,128,0,128,410
05/21/2001,BLI,WA,ANM,WE,Federal Contract Tower,6,33,9,0,48,0,20,139,0,159,6,53,148,0,207,96,0,96,303
05/22/2001,BLI,WA,ANM,WE,Federal Contract Tower,0,33,2,0,35,0,22,127,2,151,0,55,129,2,186,116,0,116,302
05/23/2001,BLI,WA,ANM,WE,Federal Contract Tower,0,34,14,0,48,0,23,139,0,162,0,57,153,0,210,72,0,72,282
05/24/2001,BLI,WA,ANM,WE,Federal Contract Tower,0,34,4,0,38,0,30,106,0,136,0,64,110,0,174,144,0,144,318
05/25/2001,BLI,WA,ANM,WE,Federal Contract Tower,6,34,17,0,57,0,28,127,8,163,6,62,144,8,220,54,0,54,274
05/26/2001,BLI,WA,ANM,WE,Federal Contract Tower,0,26,10,0,36,0,22,129,0,151,0,48,139,0,187,174,4,178,365
05/27/2001,BLI,WA,ANM,WE,Federal Contract Tower,0,21,12,0,33,0,24,90,0,114,0,45,102,0,147,62,0,62,209
05/28/2001,BLI,WA,ANM,WE,Federal Contract Tower,4,21,8,0,33,0,24,45,0,69,4,45,53,0,102,2,0,2,104
05/29/2001,BLI,WA,ANM,WE,Federal Contract Tower,0,40,11,2,53,0,24,109,2,135,0,64,120,4,188,104,14,118,306
05/30/2001,BLI,WA,ANM,WE,Federal Contract Tower,0,37,32,0,69,0,15,80,2,97,0,52,112,2,166,90,0,90,256
05/31/2001,BLI,WA,ANM,WE,Federal Contract Tower,0,32,9,0,41,0,24,121,0,145,0,56,130,0,186,50,2,52,238
06/01/2001,BLI,WA,ANM,WE,Federal Contract Tower,4,37,22,0,63,0,27,30,0,57,4,64,52,0,120,76,0,76,196
06/02/2001,BLI,WA,ANM,WE,Federal Contract Tower,0,28,21,3,52,0,16,39,1,56,0,44,60,4,108,78,0,78,186
06/03/2001,BLI,WA,ANM,WE,Federal Contract Tower,0,23,17,0,40,0,17,87,3,107,0,40,104,3,147,138,0,138,285
06/04/2001,BLI,WA,ANM,WE,Federal Contract Tower,4,35,12,1,52,0,25,84,1,110,4,60,96,2,162,50,14,64,226
06/05/2001,BLI,WA,ANM,WE,Federal Contract Tower,0,34,9,0,43,0,30,66,0,96,0,64,75,0,139,30,0,30,169
06/06/2001,BLI,WA,ANM,WE,Federal Contract Tower,0,35,15,3,53,0,17,62,3,82,0,52,77,6,135,64,0,64,199
06/07/2001,BLI,WA,ANM,WE,Federal Contract Tower,0,32,13,0,45,0,42,114,1,157,0,74,127,1,202,80,0,80,282
06/08/2001,BLI,WA,ANM,WE,Federal Contract Tower,4,32,11,0,47,0,21,55,6,82,4,53,66,6,129,70,2,72,201
06/09/2001,BLI,WA,ANM,WE,Federal Contract Tower,0,25,9,0,34,0,24,87,1,112,0,49,96,1,146,36,0,36,182
06/10/2001,BLI,WA,ANM,WE,Federal Contract Tower,0,23,20,0,43,0,19,101,0,120,0,42,121,0,163,78,0,78,241
06/11/2001,BLI,WA,ANM,WE,Federal Contract Tower,4,33,16,0,53,0,6,39,2,47,4,39,55,2,100,2,0,2,102
06/12/2001,BLI,WA,ANM,WE,Federal Contract Tower,0,34,9,0,43,0,23,85,2,110,0,57,94,2,153,102,0,102,255
06/13/2001,BLI,WA,ANM,WE,Federal Contract Tower,0,35,30,0,65,0,27,144,4,175,0,62,174,4,240,152,0,152,392
06/14/2001,BLI,WA,ANM,WE,Federal Contract Tower,0,35,15,0,50,0,21,122,0,143,0,56,137,0,193,70,0,70,263
06/15/2001,BLI,WA,ANM,WE,Federal Contract Tower,2,34,24,2,62,0,47,90,4,141,2,81,114,6,203,50,16,66,269
06/16/2001,BLI,WA,ANM,WE,Federal Contract Tower,0,24,11,2,37,0,22,141,2,165,0,46,152,4,202,112,2,114,316
06/17/2001,BLI,WA,ANM,WE,Federal Contract Tower,0,31,12,2,45,0,32,378,9,419,0,63,390,11,464,136,8,144,608
06/18/2001,BLI,WA,ANM,WE,Federal Contract Tower,2,34,11,1,48,0,14,115,3,132,2,48,126,4,180,104,0,104,284
06/19/2001,BLI,WA,ANM,WE,Federal Contract Tower,2,38,15,2,57,0,19,95,1,115,2,57,110,3,172,74,0,74,246
06/20/2001,BLI,WA,ANM,WE,Federal Contract Tower,0,34,4,0,38,0,31,151,0,182,0,65,155,0,220,108,0,108,328
06/21/2001,BLI,WA,ANM,WE,Federal Contract Tower,0,33,22,0,55,0,18,150,0,168,0,51,172,0,223,102,0,102,325
06/22/2001,BLI,WA,ANM,WE,Federal Contract Tower,4,35,16,0,55,0,37,98,2,137,4,72,114,2,192,48,0,48,240
06/23/2001,BLI,WA,ANM,WE,Federal Contract Tower,0,27,18,0,45,0,27,143,0,170,0,54,161,0,215,112,0,112,327
06/24/2001,BLI,WA,ANM,WE,Federal Contract Tower,0,27,24,0,51,0,14,107,6,127,0,41,131,6,178,82,0,82,260
06/25/2001,BLI,WA,ANM,WE,Federal Contract Tower,0,35,17,0,52,0,20,106,3,129,0,55,123,3,181,66,0,66,247
06/26/2001,BLI,WA,ANM,WE,Federal Contract Tower,0,33,9,1,43,0,15,135,7,157,0,48,144,8,200,82,0,82,282
06/27/2001,BLI,WA,ANM,WE,Federal Contract Tower,0,32,14,0,46,0,22,58,0,80,0,54,72,0,126,20,0,20,146
06/28/2001,BLI,WA,ANM,WE,Federal Contract Tower,7,37,27,0,71,7,35,125,2,169,14,72,152,2,240,116,2,118,358
06/29/2001,BLI,WA,ANM,WE,Federal Contract Tower,0,30,18,0,48,0,42,240,0,282,0,72,258,0,330,112,0,112,442
06/30/2001,BLI,WA,ANM,WE,Federal Contract Tower,0,24,9,0,33,0,26,147,4,177,0,50,156,4,210,150,2,152,362
07/01/2001,BLI,WA,ANM,WE,Federal Contract Tower,0,25,16,0,41,0,17,106,2,125,0,42,122,2,166,96,0,96,262
07/02/2001,BLI,WA,ANM,WE,Federal Contract Tower,0,32,11,0,43,0,32,147,0,179,0,64,158,0,222,80,0,80,302
07/03/2001,BLI,WA,ANM,WE,Federal Contract Tower,2,36,13,0,51,14,18,124,1,157,16,54,137,1,208,70,0,70,278
07/04/2001,BLI,WA,ANM,WE,Federal Contract Tower,2,23,8,0,33,0,19,116,0,135,2,42,124,0,168,24,0,24,192
07/05/2001,BLI,WA,ANM,WE,Federal Contract Tower,1,36,15,2,54,1,20,142,2,165,2,56,157,4,219,46,6,52,271
07/06/2001,BLI,WA,ANM,WE,Federal Contract Tower,5,30,12,0,47,5,46,154,2,207,10,76,166,2,254,38,0,38,292
07/07/2001,BLI,WA,ANM,WE,Federal Contract Tower,0,26,8,0,34,0,18,124,1,143,0,44,132,1,177,112,0,112,289
07/08/2001,BLI,WA,ANM,WE,Federal Contract Tower,0,26,17,4,47,0,24,141,0,165,0,50,158,4,212,110,0,110,322
07/09/2001,BLI,WA,ANM,WE,Federal Contract Tower,0,32,10,0,42,0,16,114,1,131,0,48,124,1,173,32,0,32,205
07/10/2001,BLI,WA,ANM,WE,Federal Contract Tower,0,36,9,0,45,0,22,144,0,166,0,58,153,0,211,82,0,82,293
07/11/2001,BLI,WA,ANM,WE,Federal Contract Tower,2,35,11,0,48,0,19,134,0,153,2,54,145,0,201,64,0,64,265
07/12/2001,BLI,WA,ANM,WE,Federal Contract Tower,2,34,17,0,53,0,28,165,0,193,2,62,182,0,246,66,0,66,312
07/13/2001,BLI,WA,ANM,WE,Federal Contract Tower,0,30,16,0,46,0,40,194,2,236,0,70,210,2,282,52,0,52,334
07/14/2001,BLI,WA,ANM,WE,Federal Contract Tower,0,23,13,0,36,0,26,172,0,198,0,49,185,0,234,86,0,86,320
07/15/2001,BLI,WA,ANM,WE,Federal Contract Tower,0,26,31,0,57,0,23,32,0,55,0,49,63,0,112,42,0,42,154
07/16/2001,BLI,WA,ANM,WE,Federal Contract Tower,0,38,20,1,59,0,11,87,3,101,0,49,107,4,160,82,0,82,242
07/17/2001,BLI,WA,ANM,WE,Federal Contract Tower,0,35,15,0,50,0,22,48,0,70,0,57,63,0,120,78,0,78,198
07/18/2001,BLI,WA,ANM,WE,Federal Contract Tower,0,35,23,0,58,0,21,86,0,107,0,56,109,0,165,80,0,80,245
07/19/2001,BLI,WA,ANM,WE,Federal Contract Tower,0,39,19,0,58,0,21,127,0,148,0,60,146,0,206,82,0,82,288
07/20/2001,BLI,WA,ANM,WE,Federal Contract Tower,0,33,26,2,61,0,33,133,0,166,0,66,159,2,227,80,0,80,307
07/21/2001,BLI,WA,ANM,WE,Federal Contract Tower,0,25,25,0,50,0,17,78,0,95,0,42,103,0,145,34,0,34,179
07/22/2001,BLI,WA,ANM,WE,Federal Contract Tower,1,26,15,4,46,0,11,138,1,150,1,37,153,5,196,50,0,50,246
07/23/2001,BLI,WA,ANM,WE,Federal Contract Tower,1,35,11,0,47,0,30,127,1,158,1,65,138,1,205,68,0,68,273
07/24/2001,BLI,WA,ANM,WE,Federal Contract Tower,1,34,26,6,67,0,34,114,0,148,1,68,140,6,215,124,8,132,347
07/25/2001,BLI,WA,ANM,WE,Federal Contract Tower,0,38,12,0,50,0,38,170,0,208,0,76,182,0,258,94,0,94,352
07/26/2001,BLI,WA,ANM,WE,Federal Contract Tower,0,36,12,0,48,0,46,128,6,180,0,82,140,6,228,98,2,100,328
07/27/2001,BLI,WA,ANM,WE,Federal Contract Tower,0,31,39,0,70,0,35,83,0,118,0,66,122,0,188,64,0,64,252
07/28/2001,BLI,WA,ANM,WE,Federal Contract Tower,0,34,48,0,82,0,16,52,0,68,0,50,100,0,150,110,0,110,260
07/29/2001,BLI,WA,ANM,WE,Federal Contract Tower,0,28,27,0,55,0,12,107,0,119,0,40,134,0,174,60,0,60,234
07/30/2001,BLI,WA,ANM,WE,Federal Contract Tower,0,31,11,0,42,0,31,109,1,141,0,62,120,1,183,66,0,66,249
07/31/2001,BLI,WA,ANM,WE,Federal Contract Tower,0,48,22,2,72,0,46,110,0,156,0,94,132,2,228,116,2,118,346
08/01/2001,BLI,WA,ANM,WE,Federal Contract Tower,0,33,17,2,52,0,30,94,4,128,0,63,111,6,180,94,4,98,278
08/02/2001,BLI,WA,ANM,WE,Federal Contract Tower,0,35,26,1,62,0,20,68,3,91,0,55,94,4,153,28,2,30,183
08/03/2001,BLI,WA,ANM,WE,Federal Contract Tower,0,29,25,0,54,0,31,73,0,104,0,60,98,0,158,46,0,46,204
08/04/2001,BLI,WA,ANM,WE,Federal Contract Tower,0,30,22,0,52,0,27,137,0,164,0,57,159,0,216,90,0,90,306
08/05/2001,BLI,WA,ANM,WE,Federal Contract Tower,0,22,25,0,47,0,25,106,0,131,0,47,131,0,178,62,0,62,240
08/06/2001,BLI,WA,ANM,WE,Federal Contract Tower,0,33,19,0,52,0,24,108,2,134,0,57,127,2,186,150,0,150,336
08/07/2001,BLI,WA,ANM,WE,Federal Contract Tower,0,33,15,1,49,0,37,160,3,200,0,70,175,4,249,138,0,138,387
08/08/2001,BLI,WA,ANM,WE,Federal Contract Tower,0,39,21,2,62,0,27,121,4,152,0,66,142,6,214,154,2,156,370
08/09/2001,BLI,WA,ANM,WE,Federal Contract Tower,0,33,12,4,49,0,47,170,6,223,0,80,182,10,272,142,4,146,418
08/10/2001,BLI,WA,ANM,WE,Federal Contract Tower,0,34,25,8,67,0,38,207,22,267,0,72,232,30,334,152,20,172,506
08/11/2001,BLI,WA,ANM,WE,Federal Contract Tower,0,27,20,0,47,0,37,184,18,239,0,64,204,18,286,54,0,54,340
08/12/2001,BLI,WA,ANM,WE,Federal Contract Tower,0,27,20,2,49,0,42,154,8,204,0,69,174,10,253,84,0,84,337
08/13/2001,BLI,WA,ANM,WE,Federal Contract Tower,0,34,22,0,56,0,43,160,6,209,0,77,182,6,265,64,0,64,329
08/14/2001,BLI,WA,ANM,WE,Federal Contract Tower,0,34,26,0,60,0,41,125,7,173,0,75,151,7,233,122,10,132,365
08/15/2001,BLI,WA,ANM,WE,Federal Contract Tower,0,34,21,2,57,0,28,139,0,167,0,62,160,2,224,74,0,74,298
08/16/2001,BLI,WA,ANM,WE,Federal Contract Tower,0,39,50,3,92,0,29,106,3,138,0,68,156,6,230,24,0,24,254
08/17/2001,BLI,WA,ANM,WE,Federal Contract Tower,0,35,36,1,72,0,38,128,7,173,0,73,164,8,245,126,24,150,395
08/18/2001,BLI,WA,ANM,WE,Federal Contract Tower,0,29,14,0,43,0,25,180,1,206,0,54,194,1,249,146,0,146,395
08/19/2001,BLI,WA,ANM,WE,Federal Contract Tower,0,24,13,0,37,0,16,160,0,176,0,40,173,0,213,124,0,124,337
08/20/2001,BLI,WA,ANM,WE,Federal Contract Tower,0,35,19,0,54,0,38,132,0,170,0,73,151,0,224,90,0,90,314
08/21/2001,BLI,WA,ANM,WE,Federal Contract Tower,0,34,24,0,58,0,28,32,1,61,0,62,56,1,119,48,0,48,167
08/22/2001,BLI,WA,ANM,WE,Federal Contract Tower,0,34,32,0,66,0,13,20,0,33,0,47,52,0,99,10,0,10,109
08/23/2001,BLI,WA,ANM,WE,Federal Contract Tower,3,38,27,0,68,0,26,59,4,89,3,64,86,4,157,38,0,38,195
08/24/2001,BLI,WA,ANM,WE,Federal Contract Tower,1,32,16,0,49,0,40,146,2,188,1,72,162,2,237,112,0,112,349
08/25/2001,BLI,WA,ANM,WE,Federal Contract Tower,1,24,16,2,43,0,40,174,2,216,1,64,190,4,259,150,2,152,411
08/26/2001,BLI,WA,ANM,WE,Federal Contract Tower,1,24,16,2,43,0,32,171,0,203,1,56,187,2,246,64,0,64,310
08/27/2001,BLI,WA,ANM,WE,Federal Contract Tower,0,31,12,0,43,0,42,165,5,212,0,73,177,5,255,118,0,118,373
08/28/2001,BLI,WA,ANM,WE,Federal Contract Tower,0,38,23,1,62,0,33,122,1,156,0,71,145,2,218,196,0,196,414
08/29/2001,BLI,WA,ANM,WE,Federal Contract Tower,2,41,21,1,65,0,26,84,5,115,2,67,105,6,180,74,0,74,254
08/30/2001,BLI,WA,ANM,WE,Federal Contract Tower,0,37,20,0,57,0,31,139,0,170,0,68,159,0,227,100,0,100,327
08/31/2001,BLI,WA,ANM,WE,Federal Contract Tower,0,33,23,0,56,0,39,127,0,166,0,72,150,0,222,68,0,68,290
09/01/2001,BLI,WA,ANM,WE,Federal Contract Tower,0,33,23,0,56,0,27,105,0,132,0,60,128,0,188,84,0,84,272
09/02/2001,BLI,WA,ANM,WE,Federal Contract Tower,0,22,22,0,44,0,32,156,10,198,0,54,178,10,242,106,0,106,348
09/03/2001,BLI,WA,ANM,WE,Federal Contract Tower,0,22,12,1,35,0,23,83,0,106,0,45,95,1,141,70,0,70,211
09/04/2001,BLI,WA,ANM,WE,Federal Contract Tower,0,35,23,2,60,0,25,74,0,99,0,60,97,2,159,114,4,118,277
09/05/2001,BLI,WA,ANM,WE,Federal Contract Tower,0,36,20,2,58,0,18,122,2,142,0,54,142,4,200,164,0,164,364
09/06/2001,BLI,WA,ANM,WE,Federal Contract Tower,0,35,29,0,64,0,31,97,1,129,0,66,126,1,193,50,0,50,243
09/07/2001,BLI,WA,ANM,WE,Federal Contract Tower,0,35,22,2,59,0,37,130,2,169,0,72,152,4,228,84,4,88,316
09/08/2001,BLI,WA,ANM,WE,Federal Contract Tower,0,22,18,1,41,0,22,156,3,181,0,44,174,4,222,88,2,90,312
09/09/2001,BLI,WA,ANM,WE,Federal Contract Tower,0,23,8,0,31,0,23,168,0,191,0,46,176,0,222,68,0,68,290
09/10/2001,BLI,WA,ANM,WE,Federal Contract Tower,0,34,6,1,41,0,44,135,3,182,0,78,141,4,223,82,6,88,311
09/11/2001,BLI,WA,ANM,WE,Federal Contract Tower,0,0,0,0,0,0,7,0,0,7,0,7,0,0,7,0,0,0,7
09/12/2001,BLI,WA,ANM,WE,Federal Contract Tower,0,1,2,0,3,0,8,0,0,8,0,9,2,0,11,0,0,0,11
09/13/2001,BLI,WA,ANM,WE,Federal Contract Tower,0,6,1,2,9,0,0,0,1,1,0,6,1,3,10,0,4,4,14
09/14/2001,BLI,WA,ANM,WE,Federal Contract Tower,0,37,17,2,56,0,14,5,0,19,0,51,22,2,75,0,4,4,79
09/15/2001,BLI,WA,ANM,WE,Federal Contract Tower,0,42,26,0,68,0,18,13,0,31,0,60,39,0,99,0,0,0,99
09/16/2001,BLI,WA,ANM,WE,Federal Contract Tower,0,26,20,2,48,0,6,3,0,9,0,32,23,2,57,4,0,4,61
09/17/2001,BLI,WA,ANM,WE,Federal Contract Tower,2,40,36,1,79,0,11,0,2,13,2,51,36,3,92,2,0,2,94
09/18/2001,BLI,WA,ANM,WE,Federal Contract Tower,0,36,22,1,59,0,21,7,1,29,0,57,29,2,88,0,0,0,88
09/19/2001,BLI,WA,ANM,WE,Federal Contract Tower,0,35,57,0,92,0,17,5,0,22,0,52,62,0,114,10,0,10,124
09/20/2001,BLI,WA,ANM,WE,Federal Contract Tower,0,28,25,0,53,0,26,71,0,97,0,54,96,0,150,28,0,28,178
09/21/2001,BLI,WA,ANM,WE,Federal Contract Tower,0,34,34,0,68,0,32,6,2,40,0,66,40,2,108,20,0,20,128
09/22/2001,BLI,WA,ANM,WE,Federal Contract Tower,0,24,29,0,53,0,28,129,2,159,0,52,158,2,212,128,0,128,340
09/23/2001,BLI,WA,ANM,WE,Federal Contract Tower,0,20,30,0,50,0,24,94,2,120,0,44,124,2,170,68,2,70,240
09/24/2001,BLI,WA,ANM,WE,Federal Contract Tower,0,29,29,0,58,0,17,81,2,100,0,46,110,2,158,56,0,56,214
09/25/2001,BLI,WA,ANM,WE,Federal Contract Tower,0,35,27,0,62,0,21,45,2,68,0,56,72,2,130,66,0,66,196
09/26/2001,BLI,WA,ANM,WE,Federal Contract Tower,0,34,23,6,63,0,20,37,0,57,0,54,60,6,120,24,8,32,152
09/27/2001,BLI,WA,ANM,WE,Federal Contract Tower,0,37,48,2,87,0,29,86,0,115,0,66,134,2,202,124,0,124,326
09/28/2001,BLI,WA,ANM,WE,Federal Contract Tower,1,32,21,0,54,0,27,69,0,96,1,59,90,0,150,80,0,80,230
09/29/2001,BLI,WA,ANM,WE,Federal Contract Tower,1,22,29,0,52,0,11,122,0,133,1,33,151,0,185,110,0,110,295
09/30/2001,BLI,WA,ANM,WE,Federal Contract Tower,2,20,17,0,39,0,12,122,6,140,2,32,139,6,179,86,0,86,265
10/01/2001,BLI,WA,ANM,WE,Federal Contract Tower,0,26,17,0,43,0,12,83,2,97,0,38,100,2,140,78,0,78,218
10/02/2001,BLI,WA,ANM,WE,Federal Contract Tower,0,31,19,0,50,0,23,83,0,106,0,54,102,0,156,90,0,90,246
10/03/2001,BLI,WA,ANM,WE,Federal Contract Tower,0,30,22,1,53,0,16,96,1,113,0,46,118,2,166,76,0,76,242
10/04/2001,BLI,WA,ANM,WE,Federal Contract Tower,0,30,14,0,44,0,12,44,2,58,0,42,58,2,102,48,8,56,158
10/05/2001,BLI,WA,ANM,WE,Federal Contract Tower,0,30,30,0,60,0,26,158,0,184,0,56,188,0,244,116,0,116,360
10/06/2001,BLI,WA,ANM,WE,Federal Contract Tower,0,20,22,0,42,0,13,117,0,130,0,33,139,0,172,84,0,84,256
10/07/2001,BLI,WA,ANM,WE,Federal Contract Tower,0,19,23,0,42,0,15,48,0,63,0,34,71,0,105,24,0,24,129
10/08/2001,BLI,WA,ANM,WE,Federal Contract Tower,0,26,27,2,55,0,8,43,0,51,0,34,70,2,106,72,0,72,178
10/09/2001,BLI,WA,ANM,WE,Federal Contract Tower,0,27,12,0,39,0,16,79,0,95,0,43,91,0,134,68,0,68,202
10/10/2001,BLI,WA,ANM,WE,Federal Contract Tower,0,29,9,2,40,0,19,31,0,50,0,48,40,2,90,22,2,24,114
10/11/2001,BLI,WA,ANM,WE,Federal Contract Tower,0,27,20,0,47,0,19,52,0,71,0,46,72,0,118,60,0,60,178
10/12/2001,BLI,WA,ANM,WE,Federal Contract Tower,0,26,11,0,37,0,30,11,0,41,0,56,22,0,78,12,0,12,90
10/13/2001,BLI,WA,ANM,WE,Federal Contract Tower,0,20,28,0,48,0,15,71,3,89,0,35,99,3,137,74,0,74,211
10/14/2001,BLI,WA,ANM,WE,Federal Contract Tower,0,19,20,0,39,0,15,56,0,71,0,34,76,0,110,62,0,62,172
10/15/2001,BLI,WA,ANM,WE,Federal Contract Tower,0,27,23,1,51,0,5,88,1,94,0,32,111,2,145,100,2,102,247
10/16/2001,BLI,WA,ANM,WE,Federal Contract Tower,0,29,14,0,43,0,21,35,0,56,0,50,49,0,99,6,0,6,105
10/17/2001,BLI,WA,ANM,WE,Federal Contract Tower,0,28,7,2,37,0,21,88,0,109,0,49,95,2,146,74,2,76,222
10/18/2001,BLI,WA,ANM,WE,Federal Contract Tower,0,29,22,0,51,0,13,12,0,25,0,42,34,0,76,16,0,16,92
10/19/2001,BLI,WA,ANM,WE,Federal Contract Tower,0,25,17,0,42,0,26,89,2,117,0,51,106,2,159,94,2,96,255
10/20/2001,BLI,WA,ANM,WE,Federal Contract Tower,0,19,16,0,35,0,21,113,0,134,0,40,129,0,169,120,0,120,289
10/21/2001,BLI,WA,ANM,WE,Federal Contract Tower,0,18,12,0,30,0,14,4,0,18,0,32,16,0,48,6,0,6,54
10/22/2001,BLI,WA,ANM,WE,Federal Contract Tower,0,30,14,0,44,0,21,9,0,30,0,51,23,0,74,4,0,4,78
10/23/2001,BLI,WA,ANM,WE,Federal Contract Tower,0,28,3,0,31,0,18,35,2,55,0,46,38,2,86,12,0,12,98
10/24/2001,BLI,WA,ANM,WE,Federal Contract Tower,0,30,25,4,59,0,14,15,2,31,0,44,40,6,90,46,2,48,138
10/25/2001,BLI,WA,ANM,WE,Federal Contract Tower,0,35,28,0,63,0,29,10,2,41,0,64,38,2,104,38,0,38,142
10/26/2001,BLI,WA,ANM,WE,Federal Contract Tower,0,30,20,0,50,0,20,64,0,84,0,50,84,0,134,10,0,10,144
10/27/2001,BLI,WA,ANM,WE,Federal Contract Tower,0,21,10,0,31,0,17,78,0,95,0,38,88,0,126,90,0,90,216
10/28/2001,BLI,WA,ANM,WE,Federal Contract Tower,0,17,18,0,35,0,34,119,6,159,0,51,137,6,194,106,0,106,300
10/29/2001,BLI,WA,ANM,WE,Federal Contract Tower,0,27,14,1,42,0,23,88,5,116,0,50,102,6,158,70,0,70,228
10/30/2001,BLI,WA,ANM,WE,Federal Contract Tower,0,38,26,0,64,0,20,35,0,55,0,58,61,0,119,64,0,64,183
10/31/2001,BLI,WA,ANM,WE,Federal Contract Tower,0,24,10,0,34,0,15,30,0,45,0,39,40,0,79,16,0,16,95
11/01/2001,BLI,WA,ANM,WE,Federal Contract Tower,0,24,10,0,34,0,20,32,0,52,0,44,42,0,86,0,0,0,86
11/02/2001,BLI,WA,ANM,WE,Federal Contract Tower,0,21,8,0,29,0,28,135,0,163,0,49,143,0,192,0,0,0,192
11/03/2001,BLI,WA,ANM,WE,Federal Contract Tower,0,13,16,0,29,0,12,134,0,146,0,25,150,0,175,0,0,0,175
11/04/2001,BLI,WA,ANM,WE,Federal Contract Tower,0,15,4,0,19,0,7,3,0,10,0,22,7,0,29,0,0,0,29
11/05/2001,BLI,WA,ANM,WE,Federal Contract Tower,2,21,14,0,37,0,38,33,0,71,2,59,47,0,108,0,0,0,108
11/06/2001,BLI,WA,ANM,WE,Federal Contract Tower,0,23,14,0,37,0,17,88,0,105,0,40,102,0,142,0,0,0,142
11/07/2001,BLI,WA,ANM,WE,Federal Contract Tower,0,23,19,0,42,0,23,109,0,132,0,46,128,0,174,0,0,0,174
11/08/2001,BLI,WA,ANM,WE,Federal Contract Tower,0,26,13,0,39,0,22,103,0,125,0,48,116,0,164,0,0,0,164
11/09/2001,BLI,WA,ANM,WE,Federal Contract Tower,2,19,6,0,27,0,25,128,0,153,2,44,134,0,180,0,0,0,180
11/10/2001,BLI,WA,ANM,WE,Federal Contract Tower,0,14,8,0,22,0,12,128,0,140,0,26,136,0,162,0,0,0,162
11/11/2001,BLI,WA,ANM,WE,Federal Contract Tower,0,11,4,0,15,0,14,41,0,55,0,25,45,0,70,0,0,0,70
11/12/2001,BLI,WA,ANM,WE,Federal Contract Tower,0,17,15,0,32,0,26,26,0,52,0,43,41,0,84,0,0,0,84
11/13/2001,BLI,WA,ANM,WE,Federal Contract Tower,0,23,6,0,29,0,12,20,0,32,0,35,26,0,61,0,0,0,61
11/14/2001,BLI,WA,ANM,WE,Federal Contract Tower,0,24,12,0,36,0,14,30,0,44,0,38,42,0,80,0,2,2,82
11/15/2001,BLI,WA,ANM,WE,Federal Contract Tower,0,23,12,0,35,0,26,15,0,41,0,49,27,0,76,0,0,0,76
11/16/2001,BLI,WA,ANM,WE,Federal Contract Tower,0,25,38,0,63,0,28,55,0,83,0,53,93,0,146,0,0,0,146
11/17/2001,BLI,WA,ANM,WE,Federal Contract Tower,0,15,16,0,31,0,9,127,0,136,0,24,143,0,167,0,0,0,167
11/18/2001,BLI,WA,ANM,WE,Federal Contract Tower,0,11,8,0,19,0,6,111,0,117,0,17,119,0,136,0,0,0,136
11/19/2001,BLI,WA,ANM,WE,Federal Contract Tower,0,26,7,0,33,0,19,29,0,48,0,45,36,0,81,0,0,0,81
11/20/2001,BLI,WA,ANM,WE,Federal Contract Tower,0,23,10,0,33,0,22,32,0,54,0,45,42,0,87,0,2,2,89
11/21/2001,BLI,WA,ANM,WE,Federal Contract Tower,0,21,6,0,27,0,23,33,0,56,0,44,39,0,83,0,4,4,87
11/22/2001,BLI,WA,ANM,WE,Federal Contract Tower,0,8,11,0,19,0,14,13,0,27,0,22,24,0,46,0,0,0,46
11/23/2001,BLI,WA,ANM,WE,Federal Contract Tower,0,17,21,0,38,0,23,65,0,88,0,40,86,0,126,0,0,0,126
11/24/2001,BLI,WA,ANM,WE,Federal Contract Tower,0,12,13,0,25,0,18,55,0,73,0,30,68,0,98,0,10,10,108
11/25/2001,BLI,WA,ANM,WE,Federal Contract Tower,0,13,15,0,28,0,9,65,0,74,0,22,80,0,102,0,0,0,102
11/26/2001,BLI,WA,ANM,WE,Federal Contract Tower,0,24,12,0,36,0,14,64,0,78,0,38,76,0,114,0,0,0,114
11/27/2001,BLI,WA,ANM,WE,Federal Contract Tower,0,25,15,0,40,0,15,37,0,52,0,40,52,0,92,0,0,0,92
11/28/2001,BLI,WA,ANM,WE,Federal Contract Tower,0,24,4,0,28,0,6,10,0,16,0,30,14,0,44,0,0,0,44
11/29/2001,BLI,WA,ANM,WE,Federal Contract Tower,0,26,28,0,54,0,12,30,0,42,0,38,58,0,96,0,0,0,96
11/30/2001,BLI,WA,ANM,WE,Federal Contract Tower,0,20,11,0,31,0,22,23,0,45,0,42,34,0,76,0,2,2,78
12/01/2001,BLI,WA,ANM,WE,Federal Contract Tower,0,15,2,0,17,0,5,10,0,15,0,20,12,0,32,10,0,10,42
12/02/2001,BLI,WA,ANM,WE,Federal Contract Tower,0,11,10,0,21,0,11,83,3,97,0,22,93,3,118,38,0,38,156
12/03/2001,BLI,WA,ANM,WE,Federal Contract Tower,0,20,9,0,29,0,17,38,1,56,0,37,47,1,85,22,0,22,107
12/04/2001,BLI,WA,ANM,WE,Federal Contract Tower,0,27,13,0,40,0,18,23,2,43,0,45,36,2,83,14,0,14,97
12/05/2001,BLI,WA,ANM,WE,Federal Contract Tower,0,19,6,1,26,0,23,34,0,57,0,42,40,1,83,34,2,36,119
12/06/2001,BLI,WA,ANM,WE,Federal Contract Tower,2,23,17,0,42,0,29,23,0,52,2,52,40,0,94,30,2,32,126
12/07/2001,BLI,WA,ANM,WE,Federal Contract Tower,2,24,22,2,50,0,26,76,4,106,2,50,98,6,156,68,2,70,226
12/08/2001,BLI,WA,ANM,WE,Federal Contract Tower,0,16,9,0,25,0,14,18,0,32,0,30,27,0,57,24,0,24,81
12/09/2001,BLI,WA,ANM,WE,Federal Contract Tower,0,11,8,0,19,0,14,93,0,107,0,25,101,0,126,90,0,90,216
12/10/2001,BLI,WA,ANM,WE,Federal Contract Tower,0,25,8,1,34,0,12,17,3,32,0,37,25,4,66,8,0,8,74
12/11/2001,BLI,WA,ANM,WE,Federal Contract Tower,0,29,11,1,41,0,22,44,1,67,0,51,55,2,108,52,0,52,160
12/12/2001,BLI,WA,ANM,WE,Federal Contract Tower,0,26,6,1,33,0,18,21,2,41,0,44,27,3,74,0,2,2,76
12/13/2001,BLI,WA,ANM,WE,Federal Contract Tower,0,35,12,2,49,0,9,0,0,9,0,44,12,2,58,10,0,10,68
12/14/2001,BLI,WA,ANM,WE,Federal Contract Tower,0,20,7,4,31,0,28,29,0,57,0,48,36,4,88,12,2,14,102
12/15/2001,BLI,WA,ANM,WE,Federal Contract Tower,0,14,2,0,16,0,12,14,0,26,0,26,16,0,42,0,0,0,42
12/16/2001,BLI,WA,ANM,WE,Federal Contract Tower,0,10,4,0,14,0,14,6,0,20,0,24,10,0,34,2,0,2,36
12/17/2001,BLI,WA,ANM,WE,Federal Contract Tower,0,24,4,0,28,0,13,43,0,56,0,37,47,0,84,14,0,14,98
12/18/2001,BLI,WA,ANM,WE,Federal Contract Tower,0,24,5,0,29,0,15,6,1,22,0,39,11,1,51,0,0,0,51
12/19/2001,BLI,WA,ANM,WE,Federal Contract Tower,0,23,11,2,36,0,23,95,0,118,0,46,106,2,154,74,4,78,232
12/20/2001,BLI,WA,ANM,WE,Federal Contract Tower,0,22,17,1,40,0,30,75,1,106,0,52,92,2,146,54,0,54,200
12/21/2001,BLI,WA,ANM,WE,Federal Contract Tower,0,23,10,0,33,0,21,43,0,64,0,44,53,0,97,54,0,54,151
12/22/2001,BLI,WA,ANM,WE,Federal Contract Tower,0,15,17,0,32,0,37,99,0,136,0,52,116,0,168,94,0,94,262
12/23/2001,BLI,WA,ANM,WE,Federal Contract Tower,0,12,11,0,23,0,12,90,0,102,0,24,101,0,125,58,0,58,183
12/24/2001,BLI,WA,ANM,WE,Federal Contract Tower,0,19,2,0,21,0,20,81,0,101,0,39,83,0,122,50,0,50,172
12/25/2001,BLI,WA,ANM,WE,Federal Contract Tower,0,12,4,0,16,0,8,36,2,46,0,20,40,2,62,6,0,6,68
12/26/2001,BLI,WA,ANM,WE,Federal Contract Tower,0,18,13,0,31,0,15,85,4,104,0,33,98,4,135,8,0,8,143
12/27/2001,BLI,WA,ANM,WE,Federal Contract Tower,0,21,19,2,42,0,28,69,2,99,0,49,88,4,141,44,2,46,187
12/28/2001,BLI,WA,ANM,WE,Federal Contract Tower,0,18,28,0,46,0,42,30,4,76,0,60,58,4,122,110,0,110,232
12/29/2001,BLI,WA,ANM,WE,Federal Contract Tower,0,14,22,0,36,0,22,90,0,112,0,36,112,0,148,106,0,106,254
12/30/2001,BLI,WA,ANM,WE,Federal Contract Tower,0,11,11,0,22,0,19,97,0,116,0,30,108,0,138,48,0,48,186
12/31/2001,BLI,WA,ANM,WE,Federal Contract Tower,0,20,11,0,31,0,10,18,0,28,0,30,29,0,59,2,0,2,61
01/01/2002,BLI,WA,ANM,WE,Federal Contract Tower,0,10,2,0,12,0,11,37,0,48,0,21,39,0,60,34,0,34,94
01/02/2002,BLI,WA,ANM,WE,Federal Contract Tower,0,21,13,2,36,0,17,32,0,49,0,38,45,2,85,8,0,8,93
01/03/2002,BLI,WA,ANM,WE,Federal Contract Tower,0,23,7,2,32,0,37,53,0,90,0,60,60,2,122,56,30,86,208
01/04/2002,BLI,WA,ANM,WE,Federal Contract Tower,0,20,30,2,52,0,36,52,0,88,0,56,82,2,140,70,22,92,232
01/05/2002,BLI,WA,ANM,WE,Federal Contract Tower,0,15,13,0,28,0,5,48,0,53,0,20,61,0,81,82,0,82,163
01/06/2002,BLI,WA,ANM,WE,Federal Contract Tower,0,13,9,0,22,0,5,47,0,52,0,18,56,0,74,38,0,38,112
01/07/2002,BLI,WA,ANM,WE,Federal Contract Tower,0,17,5,0,22,0,11,7,0,18,0,28,12,0,40,2,0,2,42
01/08/2002,BLI,WA,ANM,WE,Federal Contract Tower,0,27,16,0,43,0,18,37,2,57,0,45,53,2,100,14,0,14,114
01/09/2002,BLI,WA,ANM,WE,Federal Contract Tower,2,25,11,0,38,0,18,30,0,48,2,43,41,0,86,32,0,32,118
01/10/2002,BLI,WA,ANM,WE,Federal Contract Tower,0,23,16,1,40,0,15,40,0,55,0,38,56,1,95,36,2,38,133
01/11/2002,BLI,WA,ANM,WE,Federal Contract Tower,2,21,12,0,35,0,33,76,1,110,2,54,88,1,145,52,0,52,197
01/12/2002,BLI,WA,ANM,WE,Federal Contract Tower,0,17,4,0,21,0,15,30,0,45,0,32,34,0,66,6,0,6,72
01/13/2002,BLI,WA,ANM,WE,Federal Contract Tower,0,11,18,0,29,0,8,95,0,103,0,19,113,0,132,114,0,114,246
01/14/2002,BLI,WA,ANM,WE,Federal Contract Tower,0,20,9,1,30,0,15,54,3,72,0,35,63,4,102,52,12,64,166
01/15/2002,BLI,WA,ANM,WE,Federal Contract Tower,0,25,20,2,47,0,27,54,2,83,0,52,74,4,130,24,0,24,154
01/16/2002,BLI,WA,ANM,WE,Federal Contract Tower,0,24,8,0,32,0,20,22,2,44,0,44,30,2,76,2,0,2,78
01/17/2002,BLI,WA,ANM,WE,Federal Contract Tower,0,24,23,2,49,0,26,21,0,47,0,50,44,2,96,22,2,24,120
01/18/2002,BLI,WA,ANM,WE,Federal Contract Tower,0,23,26,0,49,0,19,24,0,43,0,42,50,0,92,20,0,20,112
01/19/2002,BLI,WA,ANM,WE,Federal Contract Tower,0,14,17,0,31,0,18,19,0,37,0,32,36,0,68,28,0,28,96
01/20/2002,BLI,WA,ANM,WE,Federal Contract Tower,0,11,5,0,16,0,5,25,0,30,0,16,30,0,46,24,0,24,70
01/21/2002,BLI,WA,ANM,WE,Federal Contract Tower,0,21,11,0,32,0,18,32,0,50,0,39,43,0,82,18,0,18,100
01/22/2002,BLI,WA,ANM,WE,Federal Contract Tower,0,24,10,0,34,0,19,37,0,56,0,43,47,0,90,22,0,22,112
01/23/2002,BLI,WA,ANM,WE,Federal Contract Tower,0,26,3,0,29,0,21,20,0,41,0,47,23,0,70,4,0,4,74
01/24/2002,BLI,WA,ANM,WE,Federal Contract Tower,0,24,11,2,37,0,27,8,2,37,0,51,19,4,74,10,0,10,84
01/25/2002,BLI,WA,ANM,WE,Federal Contract Tower,0,24,13,1,38,0,20,51,1,72,0,44,64,2,110,22,0,22,132
01/26/2002,BLI,WA,ANM,WE,Federal Contract Tower,0,15,9,0,24,0,3,22,0,25,0,18,31,0,49,18,0,18,67
01/27/2002,BLI,WA,ANM,WE,Federal Contract Tower,0,10,5,0,15,0,14,1,0,15,0,24,6,0,30,0,0,0,30
01/28/2002,BLI,WA,ANM,WE,Federal Contract Tower,0,21,6,0,27,0,25,41,0,66,0,46,47,0,93,42,0,42,135
01/29/2002,BLI,WA,ANM,WE,Federal Contract Tower,0,29,11,0,40,0,4,0,0,4,0,33,11,0,44,0,0,0,44
01/30/2002,BLI,WA,ANM,WE,Federal Contract Tower,0,25,6,1,32,0,2,4,1,7,0,27,10,2,39,0,0,0,39
01/31/2002,BLI,WA,ANM,WE,Federal Contract Tower,0,22,13,0,35,2,19,20,2,43,2,41,33,2,78,12,0,12,90
02/01/2002,BLI,WA,ANM,WE,Federal Contract Tower,0,20,21,0,41,0,23,24,0,47,0,43,45,0,88,36,0,36,124
02/02/2002,BLI,WA,ANM,WE,Federal Contract Tower,0,14,14,0,28,0,11,102,0,113,0,25,116,0,141,68,0,68,209
02/03/2002,BLI,WA,ANM,WE,Federal Contract Tower,0,12,5,0,17,0,11,33,0,44,0,23,38,0,61,36,0,36,97
02/04/2002,BLI,WA,ANM,WE,Federal Contract Tower,0,27,26,0,53,0,19,77,0,96,0,46,103,0,149,84,0,84,233
02/05/2002,BLI,WA,ANM,WE,Federal Contract Tower,0,22,13,0,35,0,51,16,0,67,0,73,29,0,102,18,0,18,120
02/06/2002,BLI,WA,ANM,WE,Federal Contract Tower,0,28,8,0,36,0,39,18,2,59,0,67,26,2,95,0,0,0,95
02/07/2002,BLI,WA,ANM,WE,Federal Contract Tower,0,24,16,0,40,0,22,35,0,57,0,46,51,0,97,58,0,58,155
02/08/2002,BLI,WA,ANM,WE,Federal Contract Tower,0,24,12,0,36,0,17,55,0,72,0,41,67,0,108,30,2,32,140
02/09/2002,BLI,WA,ANM,WE,Federal Contract Tower,0,16,15,2,33,0,6,99,0,105,0,22,114,2,138,72,4,76,214
02/10/2002,BLI,WA,ANM,WE,Federal Contract Tower,0,12,2,0,14,0,7,34,0,41,0,19,36,0,55,6,0,6,61
02/11/2002,BLI,WA,ANM,WE,Federal Contract Tower,0,24,9,2,35,0,26,125,2,153,0,50,134,4,188,74,0,74,262
02/12/2002,BLI,WA,ANM,WE,Federal Contract Tower,0,25,17,0,42,0,17,77,10,104,0,42,94,10,146,58,0,58,204
02/13/2002,BLI,WA,ANM,WE,Federal Contract Tower,0,24,11,8,43,0,16,79,6,101,0,40,90,14,144,62,20,82,226
02/14/2002,BLI,WA,ANM,WE,Federal Contract Tower,2,24,7,2,35,0,24,105,0,129,2,48,112,2,164,46,2,48,212
02/15/2002,BLI,WA,ANM,WE,Federal Contract Tower,0,23,15,0,38,0,19,119,4,142,0,42,134,4,180,144,2,146,326
02/16/2002,BLI,WA,ANM,WE,Federal Contract Tower,2,14,20,0,36,0,20,26,4,50,2,34,46,4,86,46,0,46,132
02/17/2002,BLI,WA,ANM,WE,Federal Contract Tower,0,11,8,0,19,0,9,38,0,47,0,20,46,0,66,10,0,10,76
02/18/2002,BLI,WA,ANM,WE,Federal Contract Tower,0,19,12,0,31,0,17,28,0,45,0,36,40,0,76,24,0,24,100
02/19/2002,BLI,WA,ANM,WE,Federal Contract Tower,0,27,14,0,41,0,25,23,0,48,0,52,37,0,89,26,0,26,115
02/20/2002,BLI,WA,ANM,WE,Federal Contract Tower,0,28,7,0,35,0,16,110,0,126,0,44,117,0,161,40,0,40,201
02/21/2002,BLI,WA,ANM,WE,Federal Contract Tower,0,20,15,1,36,0,14,4,1,19,0,34,19,2,55,4,2,6,61
02/22/2002,BLI,WA,ANM,WE,Federal Contract Tower,0,30,27,4,61,0,2,1,0,3,0,32,28,4,64,8,0,8,72
02/23/2002,BLI,WA,ANM,WE,Federal Contract Tower,0,14,7,2,23,0,16,37,4,57,0,30,44,6,80,2,0,2,82
02/24/2002,BLI,WA,ANM,WE,Federal Contract Tower,0,13,11,0,24,0,12,47,2,61,0,25,58,2,85,16,0,16,101
02/25/2002,BLI,WA,ANM,WE,Federal Contract Tower,0,23,11,0,34,0,21,81,0,102,0,44,92,0,136,70,0,70,206
02/26/2002,BLI,WA,ANM,WE,Federal Contract Tower,0,24,9,2,35,0,17,97,6,120,0,41,106,8,155,52,26,78,233
02/27/2002,BLI,WA,ANM,WE,Federal Contract Tower,0,24,15,0,39,0,17,55,5,77,0,41,70,5,116,34,0,34,150
02/28/2002,BLI,WA,ANM,WE,Federal Contract Tower,0,23,10,0,33,0,29,76,0,105,0,52,86,0,138,62,0,62,200
03/01/2002,BLI,WA,ANM,WE,Federal Contract Tower,0,24,32,0,56,0,36,122,0,158,0,60,154,0,214,108,0,108,322
03/02/2002,BLI,WA,ANM,WE,Federal Contract Tower,0,16,12,0,28,0,14,120,2,136,0,30,132,2,164,92,6,98,262
03/03/2002,BLI,WA,ANM,WE,Federal Contract Tower,0,13,19,0,32,0,11,128,1,140,0,24,147,1,172,86,0,86,258
03/04/2002,BLI,WA,ANM,WE,Federal Contract Tower,0,23,13,0,36,0,23,61,0,84,0,46,74,0,120,74,0,74,194
03/05/2002,BLI,WA,ANM,WE,Federal Contract Tower,0,25,16,1,42,0,20,64,1,85,0,45,80,2,127,12,6,18,145
03/06/2002,BLI,WA,ANM,WE,Federal Contract Tower,0,25,14,0,39,0,22,19,0,41,0,47,33,0,80,42,0,42,122
03/07/2002,BLI,WA,ANM,WE,Federal Contract Tower,0,25,11,0,36,0,21,7,0,28,0,46,18,0,64,12,0,12,76
03/08/2002,BLI,WA,ANM,WE,Federal Contract Tower,0,27,12,0,39,0,19,18,0,37,0,46,30,0,76,10,0,10,86
03/09/2002,BLI,WA,ANM,WE,Federal Contract Tower,0,15,8,0,23,0,14,45,0,59,0,29,53,0,82,42,0,42,124
03/10/2002,BLI,WA,ANM,WE,Federal Contract Tower,0,14,5,0,19,0,7,15,0,22,0,21,20,0,41,8,0,8,49
03/11/2002,BLI,WA,ANM,WE,Federal Contract Tower,2,23,3,0,28,0,35,14,0,49,2,58,17,0,77,4,0,4,81
03/12/2002,BLI,WA,ANM,WE,Federal Contract Tower,0,23,3,0,26,0,31,39,1,71,0,54,42,1,97,2,0,2,99
03/13/2002,BLI,WA,ANM,WE,Federal Contract Tower,2,24,21,0,47,0,42,63,0,105,2,66,84,0,152,20,0,20,172
03/14/2002,BLI,WA,ANM,WE,Federal Contract Tower,0,22,14,2,38,0,38,78,2,118,0,60,92,4,156,42,2,44,200
03/15/2002,BLI,WA,ANM,WE,Federal Contract Tower,0,19,13,0,32,0,27,17,6,50,0,46,30,6,82,18,2,20,102
03/16/2002,BLI,WA,ANM,WE,Federal Contract Tower,0,12,0,0,12,0,16,14,0,30,0,28,14,0,42,10,0,10,52
03/17/2002,BLI,WA,ANM,WE,Federal Contract Tower,0,11,14,0,25,0,21,72,3,96,0,32,86,3,121,66,0,66,187
03/18/2002,BLI,WA,ANM,WE,Federal Contract Tower,0,21,5,0,26,0,7,6,0,13,0,28,11,0,39,0,0,0,39
03/19/2002,BLI,WA,ANM,WE,Federal Contract Tower,0,25,8,1,34,0,17,21,1,39,0,42,29,2,73,0,0,0,73
03/20/2002,BLI,WA,ANM,WE,Federal Contract Tower,0,9,3,0,12,0,3,3,2,8,0,12,6,2,20,0,0,0,20
03/21/2002,BLI,WA,ANM,WE,Federal Contract Tower,0,25,18,2,45,0,19,40,2,61,0,44,58,4,106,72,2,74,180
03/22/2002,BLI,WA,ANM,WE,Federal Contract Tower,0,22,16,0,38,0,34,100,6,140,0,56,116,6,178,98,4,102,280
03/23/2002,BLI,WA,ANM,WE,Federal Contract Tower,0,15,15,2,32,0,9,95,0,104,0,24,110,2,136,68,0,68,204
03/24/2002,BLI,WA,ANM,WE,Federal Contract Tower,0,13,14,0,27,0,10,111,2,123,0,23,125,2,150,38,0,38,188
03/25/2002,BLI,WA,ANM,WE,Federal Contract Tower,0,24,13,2,39,0,17,100,2,119,0,41,113,4,158,64,0,64,222
03/26/2002,BLI,WA,ANM,WE,Federal Contract Tower,0,25,8,2,35,0,24,63,0,87,0,49,71,2,122,26,0,26,148
03/27/2002,BLI,WA,ANM,WE,Federal Contract Tower,0,25,13,1,39,0,20,66,10,96,0,45,79,11,135,6,0,6,141
03/28/2002,BLI,WA,ANM,WE,Federal Contract Tower,0,21,13,0,34,0,36,62,2,100,0,57,75,2,134,38,0,38,172
03/29/2002,BLI,WA,ANM,WE,Federal Contract Tower,0,22,21,2,45,0,24,44,0,68,0,46,65,2,113,22,0,22,135
03/30/2002,BLI,WA,ANM,WE,Federal Contract Tower,0,14,3,0,17,0,10,109,0,119,0,24,112,0,136,34,0,34,170
03/31/2002,BLI,WA,ANM,WE,Federal Contract Tower,0,11,9,0,20,0,12,43,0,55,0,23,52,0,75,6,0,6,81
04/01/2002,BLI,WA,ANM,WE,Federal Contract Tower,0,23,10,1,34,0,25,86,3,114,0,48,96,4,148,74,0,74,222
04/02/2002,BLI,WA,ANM,WE,Federal Contract Tower,0,23,12,1,36,0,12,123,11,146,0,35,135,12,182,34,0,34,216
04/03/2002,BLI,WA,ANM,WE,Federal Contract Tower,0,23,15,0,38,0,25,198,4,227,0,48,213,4,265,100,8,108,373
04/04/2002,BLI,WA,ANM,WE,Federal Contract Tower,0,23,13,0,36,0,22,172,4,198,0,45,185,4,234,90,0,90,324
04/05/2002,BLI,WA,ANM,WE,Federal Contract Tower,0,19,18,0,37,0,29,84,2,115,0,48,102,2,152,72,0,72,224
04/06/2002,BLI,WA,ANM,WE,Federal Contract Tower,0,16,12,0,28,0,18,44,0,62,0,34,56,0,90,22,0,22,112
04/07/2002,BLI,WA,ANM,WE,Federal Contract Tower,0,11,13,0,24,0,13,118,0,131,0,24,131,0,155,24,0,24,179
04/08/2002,BLI,WA,ANM,WE,Federal Contract Tower,0,22,14,0,36,0,21,120,0,141,0,43,134,0,177,52,2,54,231
04/09/2002,BLI,WA,ANM,WE,Federal Contract Tower,0,23,3,0,26,0,18,41,2,61,0,41,44,2,87,10,0,10,97
04/10/2002,BLI,WA,ANM,WE,Federal Contract Tower,0,24,8,0,32,0,15,66,2,83,0,39,74,2,115,38,0,38,153
04/11/2002,BLI,WA,ANM,WE,Federal Contract Tower,0,24,18,0,42,0,23,50,2,75,0,47,68,2,117,46,0,46,163
04/12/2002,BLI,WA,ANM,WE,Federal Contract Tower,0,25,20,0,45,0,27,54,2,83,0,52,74,2,128,48,0,48,176
04/13/2002,BLI,WA,ANM,WE,Federal Contract Tower,2,16,8,0,26,0,11,38,0,49,2,27,46,0,75,8,0,8,83
04/14/2002,BLI,WA,ANM,WE,Federal Contract Tower,0,12,3,0,15,0,6,12,1,19,0,18,15,1,34,22,0,22,56
04/15/2002,BLI,WA,ANM,WE,Federal Contract Tower,2,22,8,5,37,0,21,40,0,61,2,43,48,5,98,46,0,46,144
04/16/2002,BLI,WA,ANM,WE,Federal Contract Tower,0,31,9,4,44,0,19,45,2,66,0,50,54,6,110,24,0,24,134
04/17/2002,BLI,WA,ANM,WE,Federal Contract Tower,0,22,24,0,46,0,22,80,2,104,0,44,104,2,150,66,0,66,216
04/18/2002,BLI,WA,ANM,WE,Federal Contract Tower,0,23,38,0,61,0,25,138,2,165,0,48,176,2,226,96,0,96,322
04/19/2002,BLI,WA,ANM,WE,Federal Contract Tower,0,21,22,0,43,0,31,148,2,181,0,52,170,2,224,112,0,112,336
04/20/2002,BLI,WA,ANM,WE,Federal Contract Tower,0,18,22,0,40,0,18,122,2,142,0,36,144,2,182,94,0,94,276
04/21/2002,BLI,WA,ANM,WE,Federal Contract Tower,0,14,15,0,29,0,14,77,2,93,0,28,92,2,122,36,0,36,158
04/22/2002,BLI,WA,ANM,WE,Federal Contract Tower,0,24,6,0,30,0,15,50,2,67,0,39,56,2,97,16,0,16,113
04/23/2002,BLI,WA,ANM,WE,Federal Contract Tower,0,25,23,0,48,0,18,108,4,130,0,43,131,4,178,62,0,62,240
04/24/2002,BLI,WA,ANM,WE,Federal Contract Tower,0,22,5,0,27,0,16,159,2,177,0,38,164,2,204,48,0,48,252
04/25/2002,BLI,WA,ANM,WE,Federal Contract Tower,0,26,17,0,43,0,25,101,0,126,0,51,118,0,169,108,0,108,277
04/26/2002,BLI,WA,ANM,WE,Federal Contract Tower,0,25,28,2,55,0,8,39,0,47,0,33,67,2,102,22,0,22,124
04/27/2002,BLI,WA,ANM,WE,Federal Contract Tower,1,16,24,0,41,0,16,124,3,143,1,32,148,3,184,58,0,58,242
04/28/2002,BLI,WA,ANM,WE,Federal Contract Tower,0,11,18,0,29,0,22,103,0,125,0,33,121,0,154,108,0,108,262
04/29/2002,BLI,WA,ANM,WE,Federal Contract Tower,0,21,17,0,38,0,25,95,4,124,0,46,112,4,162,88,0,88,250
04/30/2002,BLI,WA,ANM,WE,Federal Contract Tower,0,22,10,0,32,0,23,121,2,146,0,45,131,2,178,92,0,92,270
05/01/2002,BLI,WA,ANM,WE,Federal Contract Tower,0,23,21,0,44,0,15,85,4,104,0,38,106,4,148,64,0,64,212
05/02/2002,BLI,WA,ANM,WE,Federal Contract Tower,0,25,13,0,38,0,25,35,4,64,0,50,48,4,102,32,0,32,134
05/03/2002,BLI,WA,ANM,WE,Federal Contract Tower,0,19,10,0,29,0,27,82,4,113,0,46,92,4,142,70,2,72,214
05/04/2002,BLI,WA,ANM,WE,Federal Contract Tower,0,12,21,2,35,0,16,45,2,63,0,28,66,4,98,22,2,24,122
05/05/2002,BLI,WA,ANM,WE,Federal Contract Tower,0,11,15,0,26,0,15,69,2,86,0,26,84,2,112,44,0,44,156
05/06/2002,BLI,WA,ANM,WE,Federal Contract Tower,2,22,13,2,39,0,20,58,6,84,2,42,71,8,123,34,0,34,157
05/07/2002,BLI,WA,ANM,WE,Federal Contract Tower,0,29,9,0,38,0,19,105,4,128,0,48,114,4,166,32,0,32,198
05/08/2002,BLI,WA,ANM,WE,Federal Contract Tower,0,29,14,5,48,0,17,150,13,180,0,46,164,18,228,78,0,78,306
05/09/2002,BLI,WA,ANM,WE,Federal Contract Tower,0,25,14,2,41,0,13,89,1,103,0,38,103,3,144,90,12,102,246
05/10/2002,BLI,WA,ANM,WE,Federal Contract Tower,2,18,18,0,38,0,24,116,2,142,2,42,134,2,180,60,0,60,240
05/11/2002,BLI,WA,ANM,WE,Federal Contract Tower,0,13,2,0,15,0,14,172,3,189,0,27,174,3,204,86,0,86,290
05/12/2002,BLI,WA,ANM,WE,Federal Contract Tower,0,11,5,0,16,0,16,139,1,156,0,27,144,1,172,59,0,59,231
05/13/2002,BLI,WA,ANM,WE,Federal Contract Tower,2,26,16,0,44,0,20,40,4,64,2,46,56,4,108,10,0,10,118
05/14/2002,BLI,WA,ANM,WE,Federal Contract Tower,0,24,24,2,50,0,20,64,8,92,0,44,88,10,142,28,6,34,176
05/15/2002,BLI,WA,ANM,WE,Federal Contract Tower,0,24,27,2,53,0,32,131,6,169,0,56,158,8,222,42,2,44,266
05/16/2002,BLI,WA,ANM,WE,Federal Contract Tower,0,22,16,0,38,0,40,119,3,162,0,62,135,3,200,52,0,52,252
05/17/2002,BLI,WA,ANM,WE,Federal Contract Tower,2,20,14,1,37,0,40,105,5,150,2,60,119,6,187,54,0,54,241
05/18/2002,BLI,WA,ANM,WE,Federal Contract Tower,0,15,7,0,22,0,20,126,8,154,0,35,133,8,176,134,0,134,310
05/19/2002,BLI,WA,ANM,WE,Federal Contract Tower,2,12,10,0,24,0,11,76,5,92,2,23,86,5,116,96,0,96,212
05/20/2002,BLI,WA,ANM,WE,Federal Contract Tower,0,24,11,0,35,0,17,28,0,45,0,41,39,0,80,56,0,56,136
05/21/2002,BLI,WA,ANM,WE,Federal Contract Tower,0,22,6,0,28,0,24,73,5,102,0,46,79,5,130,74,0,74,204
05/22/2002,BLI,WA,ANM,WE,Federal Contract Tower,0,22,12,0,34,0,17,86,3,106,0,39,98,3,140,46,0,46,186
05/23/2002,BLI,WA,ANM,WE,Federal Contract Tower,0,21,15,0,36,0,30,156,4,190,0,51,171,4,226,68,2,70,296
05/24/2002,BLI,WA,ANM,WE,Federal Contract Tower,0,20,13,0,33,0,32,158,7,197,0,52,171,7,230,58,10,68,298
05/25/2002,BLI,WA,ANM,WE,Federal Contract Tower,0,17,8,0,25,0,23,61,1,85,0,40,69,1,110,56,0,56,166
05/26/2002,BLI,WA,ANM,WE,Federal Contract Tower,0,11,28,0,39,0,5,61,0,66,0,16,89,0,105,4,0,4,109
05/27/2002,BLI,WA,ANM,WE,Federal Contract Tower,0,13,7,0,20,0,14,117,0,131,0,27,124,0,151,62,0,62,213
05/28/2002,BLI,WA,ANM,WE,Federal Contract Tower,0,22,20,0,42,0,30,38,0,68,0,52,58,0,110,34,0,34,144
05/29/2002,BLI,WA,ANM,WE,Federal Contract Tower,0,23,55,2,80,0,37,41,6,84,0,60,96,8,164,98,8,106,270
05/30/2002,BLI,WA,ANM,WE,Federal Contract Tower,0,24,23,0,47,0,34,138,1,173,0,58,161,1,220,92,0,92,312
05/31/2002,BLI,WA,ANM,WE,Federal Contract Tower,0,25,17,0,42,0,37,215,8,260,0,62,232,8,302,186,4,190,492
06/01/2002,BLI,WA,ANM,WE,Federal Contract Tower,0,15,26,0,41,0,21,206,14,241,0,36,232,14,282,164,4,168,450
06/02/2002,BLI,WA,ANM,WE,Federal Contract Tower,0,15,25,0,40,0,17,139,4,160,0,32,164,4,200,112,2,114,314
06/03/2002,BLI,WA,ANM,WE,Federal Contract Tower,0,21,10,0,31,0,20,88,4,112,0,41,98,4,143,72,0,72,215
06/04/2002,BLI,WA,ANM,WE,Federal Contract Tower,0,26,22,0,48,0,19,51,1,71,0,45,73,1,119,70,0,70,189
06/05/2002,BLI,WA,ANM,WE,Federal Contract Tower,0,27,14,0,41,0,15,64,3,82,0,42,78,3,123,36,0,36,159
06/06/2002,BLI,WA,ANM,WE,Federal Contract Tower,0,24,18,5,47,0,28,110,2,140,0,52,128,7,187,92,0,92,279
06/07/2002,BLI,WA,ANM,WE,Federal Contract Tower,0,19,9,0,28,0,25,83,6,114,0,44,92,6,142,80,2,82,224
06/08/2002,BLI,WA,ANM,WE,Federal Contract Tower,0,15,8,0,23,0,10,110,8,128,0,25,118,8,151,52,0,52,203
06/09/2002,BLI,WA,ANM,WE,Federal Contract Tower,0,12,12,0,24,0,26,150,10,186,0,38,162,10,210,82,6,88,298
06/10/2002,BLI,WA,ANM,WE,Federal Contract Tower,0,21,15,1,37,0,24,100,1,125,0,45,115,2,162,38,2,40,202
06/11/2002,BLI,WA,ANM,WE,Federal Contract Tower,0,22,4,1,27,0,23,110,5,138,0,45,114,6,165,74,8,82,247
06/12/2002,BLI,WA,ANM,WE,Federal Contract Tower,0,23,7,2,32,0,24,100,3,127,0,47,107,5,159,86,0,86,245
06/13/2002,BLI,WA,ANM,WE,Federal Contract Tower,0,21,9,2,32,0,27,149,2,178,0,48,158,4,210,78,46,124,334
06/14/2002,BLI,WA,ANM,WE,Federal Contract Tower,0,21,23,0,44,0,25,112,11,148,0,46,135,11,192,52,4,56,248
06/15/2002,BLI,WA,ANM,WE,Federal Contract Tower,0,17,12,0,29,0,30,239,4,273,0,47,251,4,302,172,2,174,476
06/16/2002,BLI,WA,ANM,WE,Federal Contract Tower,0,13,13,1,27,0,15,412,7,434,0,28,425,8,461,376,10,386,847
06/17/2002,BLI,WA,ANM,WE,Federal Contract Tower,0,23,19,0,42,0,19,48,1,68,0,42,67,1,110,24,2,26,136
06/18/2002,BLI,WA,ANM,WE,Federal Contract Tower,0,30,21,2,53,2,18,83,2,105,2,48,104,4,158,74,4,78,236
06/19/2002,BLI,WA,ANM,WE,Federal Contract Tower,0,24,28,2,54,0,26,130,26,182,0,50,158,28,236,72,6,78,314
06/20/2002,BLI,WA,ANM,WE,Federal Contract Tower,0,20,24,4,48,2,32,146,0,180,2,52,170,4,228,130,18,148,376
06/21/2002,BLI,WA,ANM,WE,Federal Contract Tower,0,20,29,2,51,0,30,181,2,213,0,50,210,4,264,132,6,138,402
06/22/2002,BLI,WA,ANM,WE,Federal Contract Tower,0,17,19,0,36,0,10,167,7,184,0,27,186,7,220,70,0,70,290
06/23/2002,BLI,WA,ANM,WE,Federal Contract Tower,0,13,19,0,32,0,24,138,0,162,0,37,157,0,194,32,0,32,226
06/24/2002,BLI,WA,ANM,WE,Federal Contract Tower,0,20,15,0,35,0,21,146,4,171,0,41,161,4,206,94,0,94,300
06/25/2002,BLI,WA,ANM,WE,Federal Contract Tower,0,21,32,1,54,0,23,149,6,178,0,44,181,7,232,74,2,76,308
06/26/2002,BLI,WA,ANM,WE,Federal Contract Tower,0,27,24,2,53,0,27,124,4,155,0,54,148,6,208,92,0,92,300
06/27/2002,BLI,WA,ANM,WE,Federal Contract Tower,0,32,34,0,66,0,14,44,4,62,0,46,78,4,128,54,0,54,182
06/28/2002,BLI,WA,ANM,WE,Federal Contract Tower,0,20,16,2,38,0,18,60,0,78,0,38,76,2,116,36,2,38,154
06/29/2002,BLI,WA,ANM,WE,Federal Contract Tower,0,19,24,0,43,0,16,96,1,113,0,35,120,1,156,56,0,56,212
06/30/2002,BLI,WA,ANM,WE,Federal Contract Tower,0,12,24,0,36,0,8,114,8,130,0,20,138,8,166,68,0,68,234
07/01/2002,BLI,WA,ANM,WE,Federal Contract Tower,0,23,20,0,43,0,27,121,1,149,0,50,141,1,192,54,2,56,248
07/02/2002,BLI,WA,ANM,WE,Federal Contract Tower,2,21,23,1,47,0,44,105,4,153,2,65,128,5,200,98,16,114,314
07/03/2002,BLI,WA,ANM,WE,Federal Contract Tower,0,23,19,1,43,0,26,140,2,168,0,49,159,3,211,52,2,54,265
07/04/2002,BLI,WA,ANM,WE,Federal Contract Tower,2,12,19,0,33,0,27,65,2,94,2,39,84,2,127,30,0,30,157
07/05/2002,BLI,WA,ANM,WE,Federal Contract Tower,1,22,19,0,42,0,30,154,20,204,1,52,173,20,246,102,2,104,350
07/06/2002,BLI,WA,ANM,WE,Federal Contract Tower,1,17,18,0,36,0,17,161,5,183,1,34,179,5,219,86,0,86,305
07/07/2002,BLI,WA,ANM,WE,Federal Contract Tower,0,15,19,0,34,0,5,85,5,95,0,20,104,5,129,22,0,22,151
07/08/2002,BLI,WA,ANM,WE,Federal Contract Tower,0,21,22,0,43,0,28,94,6,128,0,49,116,6,171,54,2,56,227
07/09/2002,BLI,WA,ANM,WE,Federal Contract Tower,2,27,4,1,34,0,36,152,6,194,2,63,156,7,228,108,6,114,342
07/10/2002,BLI,WA,ANM,WE,Federal Contract Tower,0,26,17,1,44,0,24,180,4,208,0,50,197,5,252,54,2,56,308
07/11/2002,BLI,WA,ANM,WE,Federal Contract Tower,2,20,15,1,38,0,15,140,7,162,2,35,155,8,200,68,10,78,278
07/12/2002,BLI,WA,ANM,WE,Federal Contract Tower,4,22,11,0,37,0,31,178,6,215,4,53,189,6,252,96,2,98,350
07/13/2002,BLI,WA,ANM,WE,Federal Contract Tower,0,21,16,0,37,0,15,112,1,128,0,36,128,1,165,126,0,126,291
07/14/2002,BLI,WA,ANM,WE,Federal Contract Tower,0,13,18,0,31,0,15,99,4,118,0,28,117,4,149,60,2,62,211
07/15/2002,BLI,WA,ANM,WE,Federal Contract Tower,2,21,12,0,35,2,21,177,10,210,4,42,189,10,245,70,10,80,325
07/16/2002,BLI,WA,ANM,WE,Federal Contract Tower,0,22,11,0,33,1,32,146,6,185,1,54,157,6,218,40,2,42,260
07/17/2002,BLI,WA,ANM,WE,Federal Contract Tower,0,22,17,4,43,0,29,145,4,178,0,51,162,8,221,30,0,30,251
07/18/2002,BLI,WA,ANM,WE,Federal Contract Tower,0,22,20,0,42,2,20,132,15,169,2,42,152,15,211,98,4,102,313
07/19/2002,BLI,WA,ANM,WE,Federal Contract Tower,2,26,21,0,49,0,41,152,2,195,2,67,173,2,244,72,2,74,318
07/20/2002,BLI,WA,ANM,WE,Federal Contract Tower,0,18,15,0,33,0,10,114,5,129,0,28,129,5,162,38,0,38,200
07/21/2002,BLI,WA,ANM,WE,Federal Contract Tower,0,12,23,0,35,0,26,188,2,216,0,38,211,2,251,56,0,56,307
07/22/2002,BLI,WA,ANM,WE,Federal Contract Tower,0,20,11,0,31,0,32,105,3,140,0,52,116,3,171,26,0,26,197
07/23/2002,BLI,WA,ANM,WE,Federal Contract Tower,0,24,7,3,34,0,23,140,4,167,0,47,147,7,201,22,0,22,223
07/24/2002,BLI,WA,ANM,WE,Federal Contract Tower,0,24,15,0,39,0,15,121,3,139,0,39,136,3,178,50,0,50,228
07/25/2002,BLI,WA,ANM,WE,Federal Contract Tower,0,33,27,0,60,0,18,57,4,79,0,51,84,4,139,20,0,20,159
07/26/2002,BLI,WA,ANM,WE,Federal Contract Tower,0,23,16,0,39,0,38,136,3,177,0,61,152,3,216,66,4,70,286
07/27/2002,BLI,WA,ANM,WE,Federal Contract Tower,0,22,17,0,39,0,11,168,2,181,0,33,185,2,220,54,0,54,274
07/28/2002,BLI,WA,ANM,WE,Federal Contract Tower,0,18,15,0,33,0,24,102,2,128,0,42,117,2,161,42,0,42,203
07/29/2002,BLI,WA,ANM,WE,Federal Contract Tower,2,27,16,0,45,0,22,83,11,116,2,49,99,11,161,58,2,60,221
07/30/2002,BLI,WA,ANM,WE,Federal Contract Tower,0,28,22,0,50,0,17,117,7,141,0,45,139,7,191,100,0,100,291
07/31/2002,BLI,WA,ANM,WE,Federal Contract Tower,0,24,23,0,47,0,20,121,4,145,0,44,144,4,192,68,0,68,260
08/01/2002,BLI,WA,ANM,WE,Federal Contract Tower,1,25,36,0,62,0,23,127,6,156,1,48,163,6,218,74,8,82,300
08/02/2002,BLI,WA,ANM,WE,Federal Contract Tower,2,26,28,0,56,0,21,191,3,215,2,47,219,3,271,142,2,144,415
08/03/2002,BLI,WA,ANM,WE,Federal Contract Tower,0,18,13,0,31,0,15,207,1,223,0,33,220,1,254,32,0,32,286
08/04/2002,BLI,WA,ANM,WE,Federal Contract Tower,0,17,12,0,29,0,12,94,0,106,0,29,106,0,135,38,0,38,173
08/05/2002,BLI,WA,ANM,WE,Federal Contract Tower,2,21,26,1,50,0,28,128,1,157,2,49,154,2,207,58,5,63,270
08/06/2002,BLI,WA,ANM,WE,Federal Contract Tower,0,35,14,1,50,0,13,82,7,102,0,48,96,8,152,60,2,62,214
08/07/2002,BLI,WA,ANM,WE,Federal Contract Tower,0,29,15,0,44,0,25,177,0,202,0,54,192,0,246,82,0,82,328
08/08/2002,BLI,WA,ANM,WE,Federal Contract Tower,0,23,15,0,38,0,33,169,6,208,0,56,184,6,246,106,2,108,354
08/09/2002,BLI,WA,ANM,WE,Federal Contract Tower,0,24,18,0,42,0,30,192,0,222,0,54,210,0,264,124,0,124,388
08/10/2002,BLI,WA,ANM,WE,Federal Contract Tower,0,16,10,0,26,0,18,162,2,182,0,34,172,2,208,76,2,78,286
08/11/2002,BLI,WA,ANM,WE,Federal Contract Tower,0,17,19,0,36,0,27,173,14,214,0,44,192,14,250,142,4,146,396
08/12/2002,BLI,WA,ANM,WE,Federal Contract Tower,0,24,16,1,41,0,32,166,8,206,0,56,182,9,247,58,2,60,307
08/13/2002,BLI,WA,ANM,WE,Federal Contract Tower,0,26,9,0,35,0,25,134,6,165,0,51,143,6,200,94,0,94,294
08/14/2002,BLI,WA,ANM,WE,Federal Contract Tower,0,31,17,0,48,0,30,233,6,269,0,61,250,6,317,86,8,94,411
08/15/2002,BLI,WA,ANM,WE,Federal Contract Tower,0,23,23,0,46,0,34,241,2,277,0,57,264,2,323,64,0,64,387
08/16/2002,BLI,WA,ANM,WE,Federal Contract Tower,0,25,18,0,43,0,44,193,4,241,0,69,211,4,284,106,0,106,390
08/17/2002,BLI,WA,ANM,WE,Federal Contract Tower,0,19,14,1,34,0,22,137,2,161,0,41,151,3,195,34,0,34,229
08/18/2002,BLI,WA,ANM,WE,Federal Contract Tower,0,15,27,0,42,0,29,154,0,183,0,44,181,0,225,76,0,76,301
08/19/2002,BLI,WA,ANM,WE,Federal Contract Tower,2,29,21,0,52,0,13,111,6,130,2,42,132,6,182,56,8,64,246
08/20/2002,BLI,WA,ANM,WE,Federal Contract Tower,0,25,24,0,49,0,13,105,4,122,0,38,129,4,171,38,4,42,213
08/21/2002,BLI,WA,ANM,WE,Federal Contract Tower,0,25,27,3,55,0,28,152,3,183,0,53,179,6,238,38,0,38,276
08/22/2002,BLI,WA,ANM,WE,Federal Contract Tower,0,27,16,0,43,0,28,122,0,150,0,55,138,0,193,30,0,30,223
08/23/2002,BLI,WA,ANM,WE,Federal Contract Tower,2,25,18,2,47,0,20,253,0,273,2,45,271,2,320,124,2,126,446
08/24/2002,BLI,WA,ANM,WE,Federal Contract Tower,0,18,13,0,31,0,22,169,8,199,0,40,182,8,230,80,0,80,310
08/25/2002,BLI,WA,ANM,WE,Federal Contract Tower,0,15,26,0,41,0,12,109,4,125,0,27,135,4,166,46,0,46,212
08/26/2002,BLI,WA,ANM,WE,Federal Contract Tower,0,24,19,0,43,0,22,123,0,145,0,46,142,0,188,96,0,96,284
08/27/2002,BLI,WA,ANM,WE,Federal Contract Tower,0,26,16,1,43,0,33,116,1,150,0,59,132,2,193,58,0,58,251
08/28/2002,BLI,WA,ANM,WE,Federal Contract Tower,0,25,14,0,39,0,54,136,0,190,0,79,150,0,229,16,0,16,245
08/29/2002,BLI,WA,ANM,WE,Federal Contract Tower,0,25,15,0,40,0,30,160,0,190,0,55,175,0,230,50,0,50,280
08/30/2002,BLI,WA,ANM,WE,Federal Contract Tower,0,26,14,0,40,0,27,131,0,158,0,53,145,0,198,46,0,46,244
08/31/2002,BLI,WA,ANM,WE,Federal Contract Tower,0,21,19,0,40,0,21,141,2,164,0,42,160,2,204,88,0,88,292
09/01/2002,BLI,WA,ANM,WE,Federal Contract Tower,1,10,21,0,32,0,12,114,1,127,1,22,135,1,159,58,0,58,217
09/02/2002,BLI,WA,ANM,WE,Federal Contract Tower,0,12,35,0,47,0,10,38,0,48,0,22,73,0,95,2,0,2,97
09/03/2002,BLI,WA,ANM,WE,Federal Contract Tower,3,16,14,0,33,3,32,124,10,169,6,48,138,10,202,90,12,102,304
09/04/2002,BLI,WA,ANM,WE,Federal Contract Tower,2,24,16,0,42,0,28,116,4,148,2,52,132,4,190,56,2,58,248
09/05/2002,BLI,WA,ANM,WE,Federal Contract Tower,2,19,9,0,30,0,27,149,8,184,2,46,158,8,214,54,4,58,272
09/06/2002,BLI,WA,ANM,WE,Federal Contract Tower,4,20,15,0,39,0,34,181,6,221,4,54,196,6,260,62,4,66,326
09/07/2002,BLI,WA,ANM,WE,Federal Contract Tower,1,13,8,0,22,0,16,93,5,114,1,29,101,5,136,42,0,42,178
09/08/2002,BLI,WA,ANM,WE,Federal Contract Tower,2,9,12,0,23,0,5,61,0,66,2,14,73,0,89,26,0,26,115
09/09/2002,BLI,WA,ANM,WE,Federal Contract Tower,4,19,18,2,43,0,33,114,0,147,4,52,132,2,190,24,4,28,218
09/10/2002,BLI,WA,ANM,WE,Federal Contract Tower,2,24,14,3,43,0,16,131,3,150,2,40,145,6,193,68,2,70,263
09/11/2002,BLI,WA,ANM,WE,Federal Contract Tower,0,19,14,0,33,0,15,60,1,76,0,34,74,1,109,30,0,30,139
09/12/2002,BLI,WA,ANM,WE,Federal Contract Tower,2,18,13,0,33,0,22,124,0,146,2,40,137,0,179,48,0,48,227
09/13/2002,BLI,WA,ANM,WE,Federal Contract Tower,4,18,8,0,30,0,24,130,2,156,4,42,138,2,186,60,0,60,246
09/14/2002,BLI,WA,ANM,WE,Federal Contract Tower,1,13,8,0,22,0,20,140,0,160,1,33,148,0,182,138,0,138,320
09/15/2002,BLI,WA,ANM,WE,Federal Contract Tower,1,13,14,0,28,0,23,104,0,127,1,36,118,0,155,52,0,52,207
09/16/2002,BLI,WA,ANM,WE,Federal Contract Tower,2,20,13,0,35,0,19,54,2,75,2,39,67,2,110,38,0,38,148
09/17/2002,BLI,WA,ANM,WE,Federal Contract Tower,2,18,13,0,33,0,20,100,4,124,2,38,113,4,157,44,0,44,201
09/18/2002,BLI,WA,ANM,WE,Federal Contract Tower,3,22,16,2,43,0,22,70,0,92,3,44,86,2,135,24,0,24,159
09/19/2002,BLI,WA,ANM,WE,Federal Contract Tower,2,19,20,0,41,0,13,60,5,78,2,32,80,5,119,20,0,20,139
09/20/2002,BLI,WA,ANM,WE,Federal Contract Tower,3,20,16,0,39,3,22,142,2,169,6,42,158,2,208,52,0,52,260
09/21/2002,BLI,WA,ANM,WE,Federal Contract Tower,4,9,9,0,22,0,21,151,3,175,4,30,160,3,197,40,0,40,237
09/22/2002,BLI,WA,ANM,WE,Federal Contract Tower,2,8,7,0,17,0,7,143,2,152,2,15,150,2,169,56,0,56,225
09/23/2002,BLI,WA,ANM,WE,Federal Contract Tower,5,18,17,0,40,0,11,146,1,158,5,29,163,1,198,62,0,62,260
09/24/2002,BLI,WA,ANM,WE,Federal Contract Tower,2,21,6,4,33,0,19,122,4,145,2,40,128,8,178,84,6,90,268
09/25/2002,BLI,WA,ANM,WE,Federal Contract Tower,2,26,5,0,33,0,11,130,5,146,2,37,135,5,179,54,2,56,235
09/26/2002,BLI,WA,ANM,WE,Federal Contract Tower,2,21,15,0,38,0,23,139,5,167,2,44,154,5,205,56,0,56,261
09/27/2002,BLI,WA,ANM,WE,Federal Contract Tower,4,20,18,0,42,0,30,144,12,186,4,50,162,12,228,58,0,58,286
09/28/2002,BLI,WA,ANM,WE,Federal Contract Tower,1,15,6,0,22,0,16,179,2,197,1,31,185,2,219,110,0,110,329
09/29/2002,BLI,WA,ANM,WE,Federal Contract Tower,0,10,9,0,19,0,6,63,2,71,0,16,72,2,90,14,0,14,104
09/30/2002,BLI,WA,ANM,WE,Federal Contract Tower,2,19,15,0,36,0,24,79,0,103,2,43,94,0,139,64,0,64,203
10/01/2002,BLI,WA,ANM,WE,Federal Contract Tower,2,22,24,0,48,0,48,116,8,172,2,70,140,8,220,74,0,74,294
10/02/2002,BLI,WA,ANM,WE,Federal Contract Tower,2,19,12,0,33,0,27,72,4,103,2,46,84,4,136,52,0,52,188
10/03/2002,BLI,WA,ANM,WE,Federal Contract Tower,2,21,23,0,46,0,17,43,0,60,2,38,66,0,106,34,0,34,140
10/04/2002,BLI,WA,ANM,WE,Federal Contract Tower,4,29,31,0,64,0,15,95,4,114,4,44,126,4,178,42,0,42,220
10/05/2002,BLI,WA,ANM,WE,Federal Contract Tower,2,13,16,0,31,0,9,22,0,31,2,22,38,0,62,14,0,14,76
10/06/2002,BLI,WA,ANM,WE,Federal Contract Tower,3,12,13,0,28,0,8,53,1,62,3,20,66,1,90,18,0,18,108
10/07/2002,BLI,WA,ANM,WE,Federal Contract Tower,4,18,6,0,28,0,6,42,0,48,4,24,48,0,76,10,0,10,86
10/08/2002,BLI,WA,ANM,WE,Federal Contract Tower,2,14,15,0,31,0,8,35,0,43,2,22,50,0,74,14,0,14,88
10/09/2002,BLI,WA,ANM,WE,Federal Contract Tower,2,19,15,0,36,0,8,35,2,45,2,27,50,2,81,72,0,72,153
10/10/2002,BLI,WA,ANM,WE,Federal Contract Tower,2,22,16,0,40,0,32,100,2,134,2,54,116,2,174,22,0,22,196
10/11/2002,BLI,WA,ANM,WE,Federal Contract Tower,2,20,6,0,28,1,16,125,0,142,3,36,131,0,170,28,0,28,198
10/12/2002,BLI,WA,ANM,WE,Federal Contract Tower,3,11,12,0,26,0,10,123,0,133,3,21,135,0,159,76,0,76,235
10/13/2002,BLI,WA,ANM,WE,Federal Contract Tower,2,8,0,0,10,0,4,171,2,177,2,12,171,2,187,72,0,72,259
10/14/2002,BLI,WA,ANM,WE,Federal Contract Tower,2,17,12,0,31,2,23,99,8,132,4,40,111,8,163,30,12,42,205
10/15/2002,BLI,WA,ANM,WE,Federal Contract Tower,2,19,10,2,33,0,14,103,9,126,2,33,113,11,159,12,2,14,173
10/16/2002,BLI,WA,ANM,WE,Federal Contract Tower,2,21,14,2,39,0,19,136,6,161,2,40,150,8,200,38,2,40,240
10/17/2002,BLI,WA,ANM,WE,Federal Contract Tower,2,20,9,0,31,0,24,139,8,171,2,44,148,8,202,34,2,36,238
10/18/2002,BLI,WA,ANM,WE,Federal Contract Tower,4,21,25,0,50,0,7,7,0,14,4,28,32,0,64,0,0,0,64
10/19/2002,BLI,WA,ANM,WE,Federal Contract Tower,3,13,19,0,35,0,5,22,1,28,3,18,41,1,63,8,0,8,71
10/20/2002,BLI,WA,ANM,WE,Federal Contract Tower,3,8,12,0,23,0,8,28,0,36,3,16,40,0,59,12,0,12,71
10/21/2002,BLI,WA,ANM,WE,Federal Contract Tower,2,21,15,0,38,0,10,45,0,55,2,31,60,0,93,22,0,22,115
10/22/2002,BLI,WA,ANM,WE,Federal Contract Tower,0,19,14,2,35,0,9,81,7,97,0,28,95,9,132,36,0,36,168
10/23/2002,BLI,WA,ANM,WE,Federal Contract Tower,2,13,3,0,18,0,6,66,0,72,2,19,69,0,90,18,0,18,108
10/24/2002,BLI,WA,ANM,WE,Federal Contract Tower,0,11,13,1,25,0,0,40,0,40,0,11,53,1,65,10,0,10,75
10/25/2002,BLI,WA,ANM,WE,Federal Contract Tower,2,13,7,1,23,0,12,25,1,38,2,25,32,2,61,28,0,28,89
10/26/2002,BLI,WA,ANM,WE,Federal Contract Tower,2,14,6,0,22,0,6,54,4,64,2,20,60,4,86,22,0,22,108
10/27/2002,BLI,WA,ANM,WE,Federal Contract Tower,3,9,29,0,41,0,8,47,0,55,3,17,76,0,96,8,2,10,106
10/28/2002,BLI,WA,ANM,WE,Federal Contract Tower,4,21,6,0,31,0,20,31,0,51,4,41,37,0,82,6,0,6,88
10/29/2002,BLI,WA,ANM,WE,Federal Contract Tower,4,22,8,0,34,0,48,42,4,94,4,70,50,4,128,34,2,36,164
10/30/2002,BLI,WA,ANM,WE,Federal Contract Tower,2,20,14,0,36,0,28,144,4,176,2,48,158,4,212,60,0,60,272
10/31/2002,BLI,WA,ANM,WE,Federal Contract Tower,0,18,5,4,27,0,26,141,20,187,0,44,146,24,214,62,6,68,282
11/01/2002,BLI,WA,ANM,WE,Federal Contract Tower,2,20,12,0,34,0,30,178,8,216,2,50,190,8,250,84,10,94,344
11/02/2002,BLI,WA,ANM,WE,Federal Contract Tower,3,12,19,0,34,0,20,155,6,181,3,32,174,6,215,52,10,62,277
11/03/2002,BLI,WA,ANM,WE,Federal Contract Tower,2,9,19,0,30,0,9,190,3,202,2,18,209,3,232,78,0,78,310
11/04/2002,BLI,WA,ANM,WE,Federal Contract Tower,2,19,12,0,33,0,13,90,0,103,2,32,102,0,136,66,0,66,202
11/05/2002,BLI,WA,ANM,WE,Federal Contract Tower,2,22,14,0,38,0,8,71,0,79,2,30,85,0,117,8,0,8,125
11/06/2002,BLI,WA,ANM,WE,Federal Contract Tower,2,20,8,0,30,0,16,14,0,30,2,36,22,0,60,4,0,4,64
11/07/2002,BLI,WA,ANM,WE,Federal Contract Tower,2,24,11,0,37,0,11,22,0,33,2,35,33,0,70,12,0,12,82
11/08/2002,BLI,WA,ANM,WE,Federal Contract Tower,4,18,15,2,39,0,21,21,4,46,4,39,36,6,85,4,6,10,95
11/09/2002,BLI,WA,ANM,WE,Federal Contract Tower,2,13,2,0,17,0,5,29,2,36,2,18,31,2,53,75,0,75,128
11/10/2002,BLI,WA,ANM,WE,Federal Contract Tower,3,8,10,0,21,0,7,35,2,44,3,15,45,2,65,36,0,36,101
11/11/2002,BLI,WA,ANM,WE,Federal Contract Tower,3,17,6,0,26,0,15,54,0,69,3,32,60,0,95,22,0,22,117
11/12/2002,BLI,WA,ANM,WE,Federal Contract Tower,2,19,11,0,32,0,19,19,0,38,2,38,30,0,70,2,0,2,72
11/13/2002,BLI,WA,ANM,WE,Federal Contract Tower,2,20,7,0,29,0,22,71,4,97,2,42,78,4,126,24,0,24,150
11/14/2002,BLI,WA,ANM,WE,Federal Contract Tower,2,22,18,0,42,0,24,74,2,100,2,46,92,2,142,30,0,30,172
11/15/2002,BLI,WA,ANM,WE,Federal Contract Tower,2,16,9,10,37,0,26,115,6,147,2,42,124,16,184,74,6,80,264
11/16/2002,BLI,WA,ANM,WE,Federal Contract Tower,4,11,1,0,16,0,12,4,1,17,4,23,5,1,33,0,0,0,33
11/17/2002,BLI,WA,ANM,WE,Federal Contract Tower,2,8,15,0,25,0,4,47,1,52,2,12,62,1,77,28,0,28,105
11/18/2002,BLI,WA,ANM,WE,Federal Contract Tower,4,25,5,0,34,0,22,2,0,24,4,47,7,0,58,0,0,0,58
11/19/2002,BLI,WA,ANM,WE,Federal Contract Tower,2,27,14,0,43,0,13,9,0,22,2,40,23,0,65,2,0,2,67
11/20/2002,BLI,WA,ANM,WE,Federal Contract Tower,2,20,7,0,29,0,9,128,0,137,2,29,135,0,166,34,0,34,200
11/21/2002,BLI,WA,ANM,WE,Federal Contract Tower,2,20,11,1,34,0,21,45,0,66,2,41,56,1,100,52,0,52,152
11/22/2002,BLI,WA,ANM,WE,Federal Contract Tower,4,19,23,0,46,0,6,29,2,37,4,25,52,2,83,16,0,16,99
11/23/2002,BLI,WA,ANM,WE,Federal Contract Tower,3,9,10,0,22,0,7,107,1,115,3,16,117,1,137,62,0,62,199
11/24/2002,BLI,WA,ANM,WE,Federal Contract Tower,2,8,2,0,12,0,9,109,5,123,2,17,111,5,135,58,0,58,193
11/25/2002,BLI,WA,ANM,WE,Federal Contract Tower,2,22,12,0,36,0,30,104,4,138,2,52,116,4,174,62,0,62,236
11/26/2002,BLI,WA,ANM,WE,Federal Contract Tower,2,22,9,0,33,0,26,109,0,135,2,48,118,0,168,124,0,124,292
11/27/2002,BLI,WA,ANM,WE,Federal Contract Tower,2,23,8,0,33,0,29,168,2,199,2,52,176,2,232,64,12,76,308
11/28/2002,BLI,WA,ANM,WE,Federal Contract Tower,2,5,5,0,12,0,5,65,4,74,2,10,70,4,86,32,0,32,118
11/29/2002,BLI,WA,ANM,WE,Federal Contract Tower,4,12,15,0,31,0,16,115,0,131,4,28,130,0,162,66,0,66,228
11/30/2002,BLI,WA,ANM,WE,Federal Contract Tower,3,8,11,0,22,0,12,115,0,127,3,20,126,0,149,52,0,52,201
12/01/2002,BLI,WA,ANM,WE,Federal Contract Tower,2,13,14,0,29,0,10,9,1,20,2,23,23,1,49,0,0,0,49
12/02/2002,BLI,WA,ANM,WE,Federal Contract Tower,2,20,15,0,37,0,11,50,1,62,2,31,65,1,99,58,0,58,157
12/03/2002,BLI,WA,ANM,WE,Federal Contract Tower,2,8,8,1,19,0,4,6,3,13,2,12,14,4,32,0,0,0,32
12/04/2002,BLI,WA,ANM,WE,Federal Contract Tower,2,19,9,0,30,0,12,25,4,41,2,31,34,4,71,6,6,12,83
12/05/2002,BLI,WA,ANM,WE,Federal Contract Tower,2,17,10,0,29,0,19,76,4,99,2,36,86,4,128,54,0,54,182
12/06/2002,BLI,WA,ANM,WE,Federal Contract Tower,0,21,12,0,33,0,28,105,1,134,0,49,117,1,167,112,0,112,279
12/07/2002,BLI,WA,ANM,WE,Federal Contract Tower,4,13,16,1,34,0,8,139,2,149,4,21,155,3,183,62,0,62,245
12/08/2002,BLI,WA,ANM,WE,Federal Contract Tower,3,8,7,0,18,0,5,110,2,117,3,13,117,2,135,64,2,66,201
12/09/2002,BLI,WA,ANM,WE,Federal Contract Tower,4,21,11,1,37,0,15,50,0,65,4,36,61,1,102,22,0,22,124
12/10/2002,BLI,WA,ANM,WE,Federal Contract Tower,4,20,8,0,32,0,14,42,2,58,4,34,50,2,90,10,0,10,100
12/11/2002,BLI,WA,ANM,WE,Federal Contract Tower,2,20,6,0,28,0,12,22,0,34,2,32,28,0,62,18,0,18,80
12/12/2002,BLI,WA,ANM,WE,Federal Contract Tower,2,21,4,0,27,0,9,3,0,12,2,30,7,0,39,0,0,0,39
12/13/2002,BLI,WA,ANM,WE,Federal Contract Tower,3,21,13,0,37,0,14,47,0,61,3,35,60,0,98,32,2,34,132
12/14/2002,BLI,WA,ANM,WE,Federal Contract Tower,3,10,4,0,17,0,2,5,0,7,3,12,9,0,24,0,2,2,26
12/15/2002,BLI,WA,ANM,WE,Federal Contract Tower,3,8,4,0,15,0,0,20,2,22,3,8,24,2,37,0,0,0,37
12/16/2002,BLI,WA,ANM,WE,Federal Contract Tower,2,21,10,0,33,0,14,21,0,35,2,35,31,0,68,8,2,10,78
12/17/2002,BLI,WA,ANM,WE,Federal Contract Tower,2,18,14,0,34,0,29,15,2,46,2,47,29,2,80,38,0,38,118
12/18/2002,BLI,WA,ANM,WE,Federal Contract Tower,2,24,14,0,40,0,20,60,0,80,2,44,74,0,120,26,0,26,146
12/19/2002,BLI,WA,ANM,WE,Federal Contract Tower,4,24,17,0,45,0,18,65,0,83,4,42,82,0,128,46,0,46,174
12/20/2002,BLI,WA,ANM,WE,Federal Contract Tower,0,22,12,0,34,0,23,88,0,111,0,45,100,0,145,28,0,28,173
12/21/2002,BLI,WA,ANM,WE,Federal Contract Tower,2,12,20,0,34,0,12,122,0,134,2,24,142,0,168,64,0,64,232
12/22/2002,BLI,WA,ANM,WE,Federal Contract Tower,2,13,17,0,32,0,17,70,0,87,2,30,87,0,119,52,0,52,171
12/23/2002,BLI,WA,ANM,WE,Federal Contract Tower,2,21,6,0,29,0,29,128,10,167,2,50,134,10,196,56,0,56,252
12/24/2002,BLI,WA,ANM,WE,Federal Contract Tower,3,18,5,0,26,0,20,59,0,79,3,38,64,0,105,32,0,32,137
12/25/2002,BLI,WA,ANM,WE,Federal Contract Tower,3,8,0,0,11,0,2,4,0,6,3,10,4,0,17,0,0,0,17
12/26/2002,BLI,WA,ANM,WE,Federal Contract Tower,2,18,5,0,25,0,16,63,0,79,2,34,68,0,104,54,0,54,158
12/27/2002,BLI,WA,ANM,WE,Federal Contract Tower,2,22,10,0,34,0,10,16,0,26,2,32,26,0,60,12,0,12,72
12/28/2002,BLI,WA,ANM,WE,Federal Contract Tower,2,13,10,0,25,0,9,48,0,57,2,22,58,0,82,20,2,22,104
12/29/2002,BLI,WA,ANM,WE,Federal Contract Tower,2,10,9,0,21,0,8,59,0,67,2,18,68,0,88,46,0,46,134
12/30/2002,BLI,WA,ANM,WE,Federal Contract Tower,2,20,7,2,31,0,18,62,2,82,2,38,69,4,113,20,14,34,147
12/31/2002,BLI,WA,ANM,WE,Federal Contract Tower,3,14,10,1,28,0,24,50,1,75,3,38,60,2,103,38,0,38,141
01/01/2003,BLI,WA,ANM,WE,Federal Contract Tower,3,7,0,0,10,0,1,11,0,12,3,8,11,0,22,6,0,6,28
01/02/2003,BLI,WA,ANM,WE,Federal Contract Tower,2,22,8,0,32,0,8,15,2,25,2,30,23,2,57,10,0,10,67
01/03/2003,BLI,WA,ANM,WE,Federal Contract Tower,2,18,7,0,27,0,19,49,0,68,2,37,56,0,95,46,0,46,141
01/04/2003,BLI,WA,ANM,WE,Federal Contract Tower,2,15,2,0,19,0,13,29,0,42,2,28,31,0,61,2,0,2,63
01/05/2003,BLI,WA,ANM,WE,Federal Contract Tower,1,10,14,0,25,1,11,110,0,122,2,21,124,0,147,56,0,56,203
01/06/2003,BLI,WA,ANM,WE,Federal Contract Tower,0,22,12,1,35,0,24,96,5,125,0,46,108,6,160,38,0,38,198
01/07/2003,BLI,WA,ANM,WE,Federal Contract Tower,0,21,7,2,30,0,33,155,14,202,0,54,162,16,232,122,2,124,356
01/08/2003,BLI,WA,ANM,WE,Federal Contract Tower,0,22,13,0,35,0,40,171,8,219,0,62,184,8,254,66,2,68,322
01/09/2003,BLI,WA,ANM,WE,Federal Contract Tower,0,21,9,1,31,0,28,94,4,126,0,49,103,5,157,30,0,30,187
01/10/2003,BLI,WA,ANM,WE,Federal Contract Tower,0,19,10,0,29,0,22,125,7,154,0,41,135,7,183,108,1,109,292
01/11/2003,BLI,WA,ANM,WE,Federal Contract Tower,0,13,6,0,19,0,7,110,2,119,0,20,116,2,138,72,0,72,210
01/12/2003,BLI,WA,ANM,WE,Federal Contract Tower,0,12,9,0,21,0,0,0,0,0,0,12,9,0,21,2,0,2,23
01/13/2003,BLI,WA,ANM,WE,Federal Contract Tower,0,21,17,6,44,0,12,31,0,43,0,33,48,6,87,14,0,14,101
01/14/2003,BLI,WA,ANM,WE,Federal Contract Tower,0,28,14,0,42,0,12,59,0,71,0,40,73,0,113,84,0,84,197
01/15/2003,BLI,WA,ANM,WE,Federal Contract Tower,0,25,11,2,38,0,18,89,4,111,0,43,100,6,149,38,0,38,187
01/16/2003,BLI,WA,ANM,WE,Federal Contract Tower,0,23,7,1,31,0,23,70,3,96,0,46,77,4,127,48,2,50,177
01/17/2003,BLI,WA,ANM,WE,Federal Contract Tower,2,19,10,0,31,0,15,111,6,132,2,34,121,6,163,50,0,50,213
01/18/2003,BLI,WA,ANM,WE,Federal Contract Tower,0,14,9,0,23,0,6,168,3,177,0,20,177,3,200,46,0,46,246
01/19/2003,BLI,WA,ANM,WE,Federal Contract Tower,0,13,11,0,24,0,11,57,2,70,0,24,68,2,94,34,0,34,128
01/20/2003,BLI,WA,ANM,WE,Federal Contract Tower,2,21,11,0,34,0,17,41,2,60,2,38,52,2,94,36,0,36,130
01/21/2003,BLI,WA,ANM,WE,Federal Contract Tower,0,22,13,0,35,0,34,25,6,65,0,56,38,6,100,8,2,10,110
01/22/2003,BLI,WA,ANM,WE,Federal Contract Tower,0,22,5,0,27,0,6,21,0,27,0,28,26,0,54,2,0,2,56
01/23/2003,BLI,WA,ANM,WE,Federal Contract Tower,0,23,20,0,43,0,45,60,2,107,0,68,80,2,150,50,0,50,200
01/24/2003,BLI,WA,ANM,WE,Federal Contract Tower,0,20,14,0,34,0,8,32,0,40,0,28,46,0,74,14,0,14,88
01/25/2003,BLI,WA,ANM,WE,Federal Contract Tower,1,14,13,0,28,0,2,71,2,75,1,16,84,2,103,46,4,50,153
01/26/2003,BLI,WA,ANM,WE,Federal Contract Tower,1,12,9,0,22,0,7,26,1,34,1,19,35,1,56,40,0,40,96
01/27/2003,BLI,WA,ANM,WE,Federal Contract Tower,0,23,11,1,35,0,17,28,5,50,0,40,39,6,85,22,28,50,135
01/28/2003,BLI,WA,ANM,WE,Federal Contract Tower,2,22,18,1,43,0,30,78,5,113,2,52,96,6,156,60,6,66,222
01/29/2003,BLI,WA,ANM,WE,Federal Contract Tower,0,22,6,6,34,0,22,17,2,41,0,44,23,8,75,6,2,8,83
01/30/2003,BLI,WA,ANM,WE,Federal Contract Tower,0,22,13,0,35,0,24,45,0,69,0,46,58,0,104,50,0,50,154
01/31/2003,BLI,WA,ANM,WE,Federal Contract Tower,2,18,6,0,26,0,24,38,2,64,2,42,44,2,90,46,0,46,136
02/01/2003,BLI,WA,ANM,WE,Federal Contract Tower,0,13,9,0,22,0,10,101,8,119,0,23,110,8,141,54,0,54,195
02/02/2003,BLI,WA,ANM,WE,Federal Contract Tower,0,15,13,0,28,0,10,19,0,29,0,25,32,0,57,12,0,12,69
02/03/2003,BLI,WA,ANM,WE,Federal Contract Tower,2,21,10,0,33,0,29,68,2,99,2,50,78,2,132,50,0,50,182
02/04/2003,BLI,WA,ANM,WE,Federal Contract Tower,0,19,8,0,27,0,29,94,10,133,0,48,102,10,160,66,2,68,228
02/05/2003,BLI,WA,ANM,WE,Federal Contract Tower,0,28,24,4,56,0,10,156,16,182,0,38,180,20,238,130,14,144,382
02/06/2003,BLI,WA,ANM,WE,Federal Contract Tower,0,23,16,2,41,0,15,125,4,144,0,38,141,6,185,36,0,36,221
02/07/2003,BLI,WA,ANM,WE,Federal Contract Tower,2,16,15,3,36,0,1,6,3,10,2,17,21,6,46,0,0,0,46
02/08/2003,BLI,WA,ANM,WE,Federal Contract Tower,0,12,11,0,23,0,7,68,2,77,0,19,79,2,100,90,0,90,190
02/09/2003,BLI,WA,ANM,WE,Federal Contract Tower,0,12,17,0,29,0,7,55,0,62,0,19,72,0,91,14,0,14,105
02/10/2003,BLI,WA,ANM,WE,Federal Contract Tower,0,21,22,1,44,0,14,21,9,44,0,35,43,10,88,16,0,16,104
02/11/2003,BLI,WA,ANM,WE,Federal Contract Tower,0,22,16,4,42,0,21,96,7,124,0,43,112,11,166,40,26,66,232
02/12/2003,BLI,WA,ANM,WE,Federal Contract Tower,1,20,13,0,34,3,27,135,4,169,4,47,148,4,203,80,0,80,283
02/13/2003,BLI,WA,ANM,WE,Federal Contract Tower,0,20,21,3,44,0,27,123,11,161,0,47,144,14,205,102,14,116,321
02/14/2003,BLI,WA,ANM,WE,Federal Contract Tower,0,20,13,0,33,0,38,79,1,118,0,58,92,1,151,43,2,45,196
02/15/2003,BLI,WA,ANM,WE,Federal Contract Tower,0,11,9,0,20,0,13,48,2,63,0,24,57,2,83,18,0,18,101
02/16/2003,BLI,WA,ANM,WE,Federal Contract Tower,0,12,18,0,30,0,10,86,0,96,0,22,104,0,126,64,0,64,190
02/17/2003,BLI,WA,ANM,WE,Federal Contract Tower,0,18,37,0,55,2,36,55,0,93,2,54,92,0,148,62,0,62,210
02/18/2003,BLI,WA,ANM,WE,Federal Contract Tower,0,22,7,0,29,0,32,99,2,133,0,54,106,2,162,94,2,96,258
02/19/2003,BLI,WA,ANM,WE,Federal Contract Tower,0,21,20,0,41,0,25,64,0,89,0,46,84,0,130,38,8,46,176
02/20/2003,BLI,WA,ANM,WE,Federal Contract Tower,0,23,7,0,30,0,25,19,0,44,0,48,26,0,74,14,0,14,88
02/21/2003,BLI,WA,ANM,WE,Federal Contract Tower,0,20,19,1,40,0,15,22,3,40,0,35,41,4,80,20,0,20,100
02/22/2003,BLI,WA,ANM,WE,Federal Contract Tower,0,13,11,0,24,0,5,83,0,88,0,18,94,0,112,24,0,24,136
02/23/2003,BLI,WA,ANM,WE,Federal Contract Tower,0,13,9,0,22,0,6,33,0,39,0,19,42,0,61,18,0,18,79
02/24/2003,BLI,WA,ANM,WE,Federal Contract Tower,0,21,21,0,42,0,21,109,6,136,0,42,130,6,178,18,2,20,198
02/25/2003,BLI,WA,ANM,WE,Federal Contract Tower,0,22,14,2,38,0,22,142,4,168,0,44,156,6,206,102,2,104,310
02/26/2003,BLI,WA,ANM,WE,Federal Contract Tower,0,24,22,0,46,0,28,126,2,156,0,52,148,2,202,54,0,54,256
02/27/2003,BLI,WA,ANM,WE,Federal Contract Tower,0,23,19,0,42,0,23,97,2,122,0,46,116,2,164,84,0,84,248
02/28/2003,BLI,WA,ANM,WE,Federal Contract Tower,0,20,11,0,31,0,19,49,0,68,0,39,60,0,99,18,0,18,117
03/01/2003,BLI,WA,ANM,WE,Federal Contract Tower,0,22,20,0,42,0,4,124,2,130,0,26,144,2,172,58,0,58,230
03/02/2003,BLI,WA,ANM,WE,Federal Contract Tower,0,12,11,0,23,0,8,17,0,25,0,20,28,0,48,18,0,18,66
03/03/2003,BLI,WA,ANM,WE,Federal Contract Tower,0,20,26,0,46,0,24,90,0,114,0,44,116,0,160,62,0,62,222
03/04/2003,BLI,WA,ANM,WE,Federal Contract Tower,0,24,10,0,34,0,24,56,4,84,0,48,66,4,118,46,0,46,164
03/05/2003,BLI,WA,ANM,WE,Federal Contract Tower,0,23,13,0,36,0,27,33,4,64,0,50,46,4,100,54,8,62,162
03/06/2003,BLI,WA,ANM,WE,Federal Contract Tower,0,22,11,0,33,0,16,50,4,70,0,38,61,4,103,12,6,18,121
03/07/2003,BLI,WA,ANM,WE,Federal Contract Tower,0,20,18,1,39,0,23,66,1,90,0,43,84,2,129,36,0,36,165
03/08/2003,BLI,WA,ANM,WE,Federal Contract Tower,0,13,9,0,22,0,1,28,0,29,0,14,37,0,51,60,0,60,111
03/09/2003,BLI,WA,ANM,WE,Federal Contract Tower,0,10,17,0,27,0,16,35,0,51,0,26,52,0,78,26,0,26,104
03/10/2003,BLI,WA,ANM,WE,Federal Contract Tower,2,23,29,4,58,0,25,55,0,80,2,48,84,4,138,60,0,60,198
03/11/2003,BLI,WA,ANM,WE,Federal Contract Tower,0,26,10,2,38,0,25,12,6,43,0,51,22,8,81,6,0,6,87
03/12/2003,BLI,WA,ANM,WE,Federal Contract Tower,0,24,11,1,36,0,18,25,1,44,0,42,36,2,80,0,0,0,80
03/13/2003,BLI,WA,ANM,WE,Federal Contract Tower,0,20,5,0,25,0,6,13,0,19,0,26,18,0,44,0,0,0,44
03/14/2003,BLI,WA,ANM,WE,Federal Contract Tower,2,23,11,0,36,0,28,42,0,70,2,51,53,0,106,42,0,42,148
03/15/2003,BLI,WA,ANM,WE,Federal Contract Tower,0,13,4,0,17,0,3,42,0,45,0,16,46,0,62,18,0,18,80
03/16/2003,BLI,WA,ANM,WE,Federal Contract Tower,0,14,3,0,17,0,12,79,0,91,0,26,82,0,108,96,0,96,204
03/17/2003,BLI,WA,ANM,WE,Federal Contract Tower,0,21,17,0,38,0,28,81,0,109,0,49,98,0,147,56,0,56,203
03/18/2003,BLI,WA,ANM,WE,Federal Contract Tower,0,23,7,0,30,0,23,49,4,76,0,46,56,4,106,30,6,36,142
03/19/2003,BLI,WA,ANM,WE,Federal Contract Tower,0,22,7,1,30,0,15,43,3,61,0,37,50,4,91,22,2,24,115
03/20/2003,BLI,WA,ANM,WE,Federal Contract Tower,0,21,18,0,39,0,21,48,0,69,0,42,66,0,108,4,0,4,112
03/21/2003,BLI,WA,ANM,WE,Federal Contract Tower,0,24,15,2,41,0,32,67,6,105,0,56,82,8,146,48,0,48,194
03/22/2003,BLI,WA,ANM,WE,Federal Contract Tower,0,14,10,2,26,0,18,68,36,122,0,32,78,38,148,40,2,42,190
03/23/2003,BLI,WA,ANM,WE,Federal Contract Tower,0,13,13,1,27,0,15,61,17,93,0,28,74,18,120,28,0,28,148
03/24/2003,BLI,WA,ANM,WE,Federal Contract Tower,4,21,20,0,45,0,41,148,8,197,4,62,168,8,242,74,0,74,316
03/25/2003,BLI,WA,ANM,WE,Federal Contract Tower,0,22,10,0,32,1,32,116,10,159,1,54,126,10,191,38,0,38,229
03/26/2003,BLI,WA,ANM,WE,Federal Contract Tower,2,22,12,1,37,0,27,69,3,99,2,49,81,4,136,28,0,28,164
03/27/2003,BLI,WA,ANM,WE,Federal Contract Tower,0,25,18,0,43,0,36,84,6,126,0,61,102,6,169,34,0,34,203
03/28/2003,BLI,WA,ANM,WE,Federal Contract Tower,2,23,23,0,48,0,19,122,1,142,2,42,145,1,190,54,0,54,244
03/29/2003,BLI,WA,ANM,WE,Federal Contract Tower,0,14,7,1,22,0,9,139,5,153,0,23,146,6,175,82,0,82,257
03/30/2003,BLI,WA,ANM,WE,Federal Contract Tower,0,15,6,0,21,0,7,76,0,83,0,22,82,0,104,22,0,22,126
03/31/2003,BLI,WA,ANM,WE,Federal Contract Tower,0,22,7,0,29,0,36,77,0,113,0,58,84,0,142,98,0,98,240
04/01/2003,BLI,WA,ANM,WE,Federal Contract Tower,0,25,9,0,34,0,20,28,8,56,0,45,37,8,90,24,0,24,114
04/02/2003,BLI,WA,ANM,WE,Federal Contract Tower,0,21,10,1,32,0,23,92,1,116,0,44,102,2,148,48,0,48,196
04/03/2003,BLI,WA,ANM,WE,Federal Contract Tower,0,24,16,0,40,0,34,44,4,82,0,58,60,4,122,84,0,84,206
04/04/2003,BLI,WA,ANM,WE,Federal Contract Tower,0,23,24,0,47,0,43,114,6,163,0,66,138,6,210,132,0,132,342
04/05/2003,BLI,WA,ANM,WE,Federal Contract Tower,0,14,10,0,24,0,14,52,0,66,0,28,62,0,90,104,0,104,194
04/06/2003,BLI,WA,ANM,WE,Federal Contract Tower,0,14,13,0,27,0,10,89,2,101,0,24,102,2,128,70,2,72,200
04/07/2003,BLI,WA,ANM,WE,Federal Contract Tower,0,19,3,0,22,0,27,7,2,36,0,46,10,2,58,0,0,0,58
04/08/2003,BLI,WA,ANM,WE,Federal Contract Tower,0,21,6,0,27,0,21,30,2,53,0,42,36,2,80,4,0,4,84
04/09/2003,BLI,WA,ANM,WE,Federal Contract Tower,0,22,21,0,43,0,32,107,4,143,0,54,128,4,186,62,0,62,248
04/10/2003,BLI,WA,ANM,WE,Federal Contract Tower,0,20,13,0,33,0,44,113,6,163,0,64,126,6,196,86,0,86,282
04/11/2003,BLI,WA,ANM,WE,Federal Contract Tower,0,19,15,0,34,0,29,125,0,154,0,48,140,0,188,108,0,108,296
04/12/2003,BLI,WA,ANM,WE,Federal Contract Tower,0,13,12,0,25,0,16,56,2,74,0,29,68,2,99,56,0,56,155
04/13/2003,BLI,WA,ANM,WE,Federal Contract Tower,0,16,12,0,28,0,12,25,0,37,0,28,37,0,65,0,0,0,65
04/14/2003,BLI,WA,ANM,WE,Federal Contract Tower,0,19,13,0,32,0,16,48,0,64,0,35,61,0,96,30,0,30,126
04/15/2003,BLI,WA,ANM,WE,Federal Contract Tower,0,18,2,0,20,0,19,63,0,82,0,37,65,0,102,52,0,52,154
04/16/2003,BLI,WA,ANM,WE,Federal Contract Tower,0,22,12,1,35,0,22,82,1,105,0,44,94,2,140,70,2,72,212
04/17/2003,BLI,WA,ANM,WE,Federal Contract Tower,0,23,13,1,37,0,23,97,5,125,0,46,110,6,162,86,0,86,248
04/18/2003,BLI,WA,ANM,WE,Federal Contract Tower,0,18,21,0,39,0,40,175,6,221,0,58,196,6,260,82,0,82,342
04/19/2003,BLI,WA,ANM,WE,Federal Contract Tower,0,17,15,0,32,0,27,143,8,178,0,44,158,8,210,124,6,130,340
04/20/2003,BLI,WA,ANM,WE,Federal Contract Tower,0,11,15,1,27,0,25,81,5,111,0,36,96,6,138,32,2,34,172
04/21/2003,BLI,WA,ANM,WE,Federal Contract Tower,0,49,39,3,91,0,13,53,0,66,0,62,92,3,157,28,0,28,185
04/22/2003,BLI,WA,ANM,WE,Federal Contract Tower,0,26,21,0,47,0,30,115,0,145,0,56,136,0,192,78,0,78,270
04/23/2003,BLI,WA,ANM,WE,Federal Contract Tower,0,22,13,3,38,0,28,30,0,58,0,50,43,3,96,36,0,36,132
04/24/2003,BLI,WA,ANM,WE,Federal Contract Tower,0,22,15,0,37,0,27,59,0,86,0,49,74,0,123,42,0,42,165
04/25/2003,BLI,WA,ANM,WE,Federal Contract Tower,0,17,33,0,50,0,41,173,6,220,0,58,206,6,270,122,4,126,396
04/26/2003,BLI,WA,ANM,WE,Federal Contract Tower,0,12,29,0,41,0,21,134,5,160,0,33,163,5,201,118,2,120,321
04/27/2003,BLI,WA,ANM,WE,Federal Contract Tower,2,14,14,0,30,0,7,145,12,164,2,21,159,12,194,86,2,88,282
04/28/2003,BLI,WA,ANM,WE,Federal Contract Tower,0,20,9,0,29,0,28,145,2,175,0,48,154,2,204,62,2,64,268
04/29/2003,BLI,WA,ANM,WE,Federal Contract Tower,0,21,16,0,37,0,25,152,8,185,0,46,168,8,222,96,6,102,324
04/30/2003,BLI,WA,ANM,WE,Federal Contract Tower,0,23,33,3,59,0,25,139,9,173,0,48,172,12,232,102,4,106,338
05/01/2003,BLI,WA,ANM,WE,Federal Contract Tower,2,27,4,0,33,0,44,119,4,167,2,71,123,4,200,78,8,86,286
05/02/2003,BLI,WA,ANM,WE,Federal Contract Tower,0,22,15,1,38,0,35,127,5,167,0,57,142,6,205,88,4,92,297
05/03/2003,BLI,WA,ANM,WE,Federal Contract Tower,0,12,17,1,30,0,25,60,3,88,0,37,77,4,118,174,0,174,292
05/04/2003,BLI,WA,ANM,WE,Federal Contract Tower,0,12,15,1,28,0,13,80,4,97,0,25,95,5,125,44,0,44,169
05/05/2003,BLI,WA,ANM,WE,Federal Contract Tower,2,19,19,1,41,0,21,120,3,144,2,40,139,4,185,46,0,46,231
05/06/2003,BLI,WA,ANM,WE,Federal Contract Tower,0,27,17,0,44,0,13,155,4,172,0,40,172,4,216,90,0,90,306
05/07/2003,BLI,WA,ANM,WE,Federal Contract Tower,0,21,16,0,37,0,34,104,7,145,0,55,120,7,182,52,6,58,240
05/08/2003,BLI,WA,ANM,WE,Federal Contract Tower,0,24,12,1,37,0,32,113,7,152,0,56,125,8,189,40,0,40,229
05/09/2003,BLI,WA,ANM,WE,Federal Contract Tower,4,18,15,0,37,0,30,191,10,231,4,48,206,10,268,124,4,128,396
05/10/2003,BLI,WA,ANM,WE,Federal Contract Tower,0,14,11,0,25,0,18,191,6,215,0,32,202,6,240,172,0,172,412
05/11/2003,BLI,WA,ANM,WE,Federal Contract Tower,2,12,8,0,22,0,14,206,4,224,2,26,214,4,246,70,2,72,318
05/12/2003,BLI,WA,ANM,WE,Federal Contract Tower,2,22,13,3,40,0,24,105,5,134,2,46,118,8,174,110,22,132,306
05/13/2003,BLI,WA,ANM,WE,Federal Contract Tower,0,22,14,0,36,0,32,154,6,192,0,54,168,6,228,158,10,168,396
05/14/2003,BLI,WA,ANM,WE,Federal Contract Tower,0,23,13,0,36,0,21,113,4,138,0,44,126,4,174,122,0,122,296
05/15/2003,BLI,WA,ANM,WE,Federal Contract Tower,0,24,13,1,38,0,37,92,1,130,0,61,105,2,168,86,0,86,254
05/16/2003,BLI,WA,ANM,WE,Federal Contract Tower,0,20,14,0,34,0,39,90,0,129,0,59,104,0,163,76,0,76,239
05/17/2003,BLI,WA,ANM,WE,Federal Contract Tower,0,13,8,0,21,0,16,77,2,95,0,29,85,2,116,92,0,92,208
05/18/2003,BLI,WA,ANM,WE,Federal Contract Tower,0,11,15,0,26,0,5,146,0,151,0,16,161,0,177,142,0,142,319
05/19/2003,BLI,WA,ANM,WE,Federal Contract Tower,0,18,13,0,31,0,39,150,8,197,0,57,163,8,228,58,6,64,292
05/20/2003,BLI,WA,ANM,WE,Federal Contract Tower,0,21,15,0,36,0,19,87,0,106,0,40,102,0,142,102,0,102,244
05/21/2003,BLI,WA,ANM,WE,Federal Contract Tower,0,25,17,0,42,0,9,74,2,85,0,34,91,2,127,118,2,120,247
05/22/2003,BLI,WA,ANM,WE,Federal Contract Tower,0,24,18,0,42,0,26,71,4,101,0,50,89,4,143,64,0,64,207
05/23/2003,BLI,WA,ANM,WE,Federal Contract Tower,0,19,26,0,45,0,39,190,12,241,0,58,216,12,286,148,0,148,434
05/24/2003,BLI,WA,ANM,WE,Federal Contract Tower,0,13,9,0,22,0,9,117,2,128,0,22,126,2,150,58,0,58,208
05/25/2003,BLI,WA,ANM,WE,Federal Contract Tower,0,10,6,0,16,0,13,108,0,121,0,23,114,0,137,100,0,100,237
05/26/2003,BLI,WA,ANM,WE,Federal Contract Tower,0,12,12,0,24,0,19,171,0,190,0,31,183,0,214,56,0,56,270
05/27/2003,BLI,WA,ANM,WE,Federal Contract Tower,0,20,8,3,31,0,40,103,3,146,0,60,111,6,177,96,0,96,273
05/28/2003,BLI,WA,ANM,WE,Federal Contract Tower,0,25,13,0,38,0,25,103,4,132,0,50,116,4,170,52,2,54,224
05/29/2003,BLI,WA,ANM,WE,Federal Contract Tower,0,21,22,0,43,0,51,188,8,247,0,72,210,8,290,82,0,82,372
05/30/2003,BLI,WA,ANM,WE,Federal Contract Tower,0,21,15,0,36,0,43,181,10,234,0,64,196,10,270,124,0,124,394
05/31/2003,BLI,WA,ANM,WE,Federal Contract Tower,0,13,22,2,37,0,19,138,6,163,0,32,160,8,200,68,2,70,270
06/01/2003,BLI,WA,ANM,WE,Federal Contract Tower,0,12,11,0,23,0,16,125,8,149,0,28,136,8,172,82,0,82,254
06/02/2003,BLI,WA,ANM,WE,Federal Contract Tower,0,21,9,3,33,0,27,133,7,167,0,48,142,10,200,44,20,64,264
06/03/2003,BLI,WA,ANM,WE,Federal Contract Tower,0,23,18,2,43,0,29,176,6,211,0,52,194,8,254,86,2,88,342
06/04/2003,BLI,WA,ANM,WE,Federal Contract Tower,0,20,18,0,38,0,31,237,4,272,0,51,255,4,310,206,0,206,516
06/05/2003,BLI,WA,ANM,WE,Federal Contract Tower,0,21,26,2,49,0,43,166,6,215,0,64,192,8,264,112,2,114,378
06/06/2003,BLI,WA,ANM,WE,Federal Contract Tower,0,22,13,0,35,0,44,171,6,221,0,66,184,6,256,94,4,98,354
06/07/2003,BLI,WA,ANM,WE,Federal Contract Tower,2,13,13,0,28,0,19,183,6,208,2,32,196,6,236,172,0,172,408
06/08/2003,BLI,WA,ANM,WE,Federal Contract Tower,0,16,13,0,29,0,8,169,4,181,0,24,182,4,210,88,0,88,298
06/09/2003,BLI,WA,ANM,WE,Federal Contract Tower,2,21,19,0,42,0,35,147,0,182,2,56,166,0,224,76,0,76,300
06/10/2003,BLI,WA,ANM,WE,Federal Contract Tower,0,33,33,2,68,0,31,95,0,126,0,64,128,2,194,60,0,60,254
06/11/2003,BLI,WA,ANM,WE,Federal Contract Tower,0,27,13,0,40,0,28,145,2,175,0,55,158,2,215,90,2,92,307
06/12/2003,BLI,WA,ANM,WE,Federal Contract Tower,0,27,29,0,56,0,38,64,2,104,0,65,93,2,160,60,0,60,220
06/13/2003,BLI,WA,ANM,WE,Federal Contract Tower,0,26,28,3,57,0,43,184,2,229,0,69,212,5,286,56,20,76,362
06/14/2003,BLI,WA,ANM,WE,Federal Contract Tower,0,16,14,0,30,0,44,244,4,292,0,60,258,4,322,228,4,232,554
06/15/2003,BLI,WA,ANM,WE,Federal Contract Tower,0,13,11,2,26,0,174,401,12,587,0,187,412,14,613,722,0,722,1335
06/16/2003,BLI,WA,ANM,WE,Federal Contract Tower,0,21,21,1,43,0,50,210,0,260,0,71,231,1,303,74,2,76,379
06/17/2003,BLI,WA,ANM,WE,Federal Contract Tower,0,22,16,1,39,0,33,164,9,206,0,55,180,10,245,108,2,110,355
06/18/2003,BLI,WA,ANM,WE,Federal Contract Tower,0,25,25,2,52,0,42,167,2,211,0,67,192,4,263,82,0,82,345
06/19/2003,BLI,WA,ANM,WE,Federal Contract Tower,0,23,25,2,50,0,29,139,4,172,0,52,164,6,222,34,2,36,258
06/20/2003,BLI,WA,ANM,WE,Federal Contract Tower,0,24,16,0,40,0,37,122,8,167,0,61,138,8,207,96,6,102,309
06/21/2003,BLI,WA,ANM,WE,Federal Contract Tower,0,18,23,1,42,0,19,118,1,138,0,37,141,2,180,122,0,122,302
06/22/2003,BLI,WA,ANM,WE,Federal Contract Tower,0,13,23,0,36,0,42,100,2,144,0,55,123,2,180,54,0,54,234
06/23/2003,BLI,WA,ANM,WE,Federal Contract Tower,0,21,13,1,35,0,37,101,3,141,0,58,114,4,176,52,0,52,228
06/24/2003,BLI,WA,ANM,WE,Federal Contract Tower,0,24,9,0,33,0,32,152,2,186,0,56,161,2,219,132,0,132,351
06/25/2003,BLI,WA,ANM,WE,Federal Contract Tower,0,22,5,2,29,0,40,192,6,238,0,62,197,8,267,110,0,110,377
06/26/2003,BLI,WA,ANM,WE,Federal Contract Tower,0,31,27,0,58,0,19,220,8,247,0,50,247,8,305,80,0,80,385
06/27/2003,BLI,WA,ANM,WE,Federal Contract Tower,0,24,20,2,46,0,34,222,4,260,0,58,242,6,306,122,2,124,430
06/28/2003,BLI,WA,ANM,WE,Federal Contract Tower,0,15,17,0,32,0,31,165,4,200,0,46,182,4,232,64,0,64,296
06/29/2003,BLI,WA,ANM,WE,Federal Contract Tower,0,15,6,0,21,0,19,140,4,163,0,34,146,4,184,62,0,62,246
06/30/2003,BLI,WA,ANM,WE,Federal Contract Tower,0,20,17,0,37,0,30,85,6,121,0,50,102,6,158,24,0,24,182
07/01/2003,BLI,WA,ANM,WE,Federal Contract Tower,0,21,10,0,31,0,31,168,4,203,0,52,178,4,234,76,4,80,314
07/02/2003,BLI,WA,ANM,WE,Federal Contract Tower,2,23,16,1,42,0,37,156,3,196,2,60,172,4,238,118,0,118,356
07/03/2003,BLI,WA,ANM,WE,Federal Contract Tower,0,22,15,1,38,0,35,187,5,227,0,57,202,6,265,62,16,78,343
07/04/2003,BLI,WA,ANM,WE,Federal Contract Tower,0,10,18,0,28,0,19,144,0,163,0,29,162,0,191,14,0,14,205
07/05/2003,BLI,WA,ANM,WE,Federal Contract Tower,0,17,19,0,36,0,24,124,3,151,0,41,143,3,187,50,0,50,237
07/06/2003,BLI,WA,ANM,WE,Federal Contract Tower,0,14,9,0,23,0,20,184,3,207,0,34,193,3,230,66,0,66,296
07/07/2003,BLI,WA,ANM,WE,Federal Contract Tower,0,21,11,2,34,0,31,155,2,188,0,52,166,4,222,62,2,64,286
07/08/2003,BLI,WA,ANM,WE,Federal Contract Tower,0,22,22,0,44,0,34,110,8,152,0,56,132,8,196,94,16,110,306
07/09/2003,BLI,WA,ANM,WE,Federal Contract Tower,0,24,23,3,50,0,26,202,3,231,0,50,225,6,281,102,6,108,389
07/10/2003,BLI,WA,ANM,WE,Federal Contract Tower,0,22,16,0,38,0,34,182,8,224,0,56,198,8,262,126,0,126,388
07/11/2003,BLI,WA,ANM,WE,Federal Contract Tower,0,22,25,0,47,0,26,261,0,287,0,48,286,0,334,72,0,72,406
07/12/2003,BLI,WA,ANM,WE,Federal Contract Tower,0,16,11,0,27,0,17,161,4,182,0,33,172,4,209,54,2,56,265
07/13/2003,BLI,WA,ANM,WE,Federal Contract Tower,0,14,28,0,42,0,34,134,0,168,0,48,162,0,210,60,0,60,270
07/14/2003,BLI,WA,ANM,WE,Federal Contract Tower,2,21,14,0,37,0,15,121,0,136,2,36,135,0,173,50,0,50,223
07/15/2003,BLI,WA,ANM,WE,Federal Contract Tower,0,21,16,4,41,0,19,116,0,135,0,40,132,4,176,100,8,108,284
07/16/2003,BLI,WA,ANM,WE,Federal Contract Tower,0,24,15,2,41,0,36,143,4,183,0,60,158,6,224,66,0,66,290
07/17/2003,BLI,WA,ANM,WE,Federal Contract Tower,0,20,28,1,49,0,38,172,3,213,0,58,200,4,262,130,0,130,392
07/18/2003,BLI,WA,ANM,WE,Federal Contract Tower,2,21,16,4,43,0,43,233,1,277,2,64,249,5,320,112,6,118,438
07/19/2003,BLI,WA,ANM,WE,Federal Contract Tower,0,16,6,0,22,0,29,206,0,235,0,45,212,0,257,68,0,68,325
07/20/2003,BLI,WA,ANM,WE,Federal Contract Tower,0,14,18,0,32,0,6,198,0,204,0,20,216,0,236,140,0,140,376
07/21/2003,BLI,WA,ANM,WE,Federal Contract Tower,2,25,17,2,46,0,13,113,2,128,2,38,130,4,174,30,2,32,206
07/22/2003,BLI,WA,ANM,WE,Federal Contract Tower,0,23,21,3,47,0,45,245,3,293,0,68,266,6,340,120,6,126,466
07/23/2003,BLI,WA,ANM,WE,Federal Contract Tower,0,24,31,0,55,0,42,186,6,234,0,66,217,6,289,84,0,84,373
07/24/2003,BLI,WA,ANM,WE,Federal Contract Tower,0,26,8,0,34,0,30,142,8,180,0,56,150,8,214,58,0,58,272
07/25/2003,BLI,WA,ANM,WE,Federal Contract Tower,0,19,27,0,46,0,29,197,4,230,0,48,224,4,276,62,8,70,346
07/26/2003,BLI,WA,ANM,WE,Federal Contract Tower,0,19,14,0,33,0,23,154,6,183,0,42,168,6,216,78,4,82,298
07/27/2003,BLI,WA,ANM,WE,Federal Contract Tower,0,15,22,0,37,0,19,164,6,189,0,34,186,6,226,42,2,44,270
07/28/2003,BLI,WA,ANM,WE,Federal Contract Tower,1,22,16,0,39,0,16,146,6,168,1,38,162,6,207,58,2,60,267
07/29/2003,BLI,WA,ANM,WE,Federal Contract Tower,1,23,7,0,31,0,25,151,4,180,1,48,158,4,211,64,2,66,277
07/30/2003,BLI,WA,ANM,WE,Federal Contract Tower,1,21,20,0,42,0,32,168,2,202,1,53,188,2,244,52,0,52,296
07/31/2003,BLI,WA,ANM,WE,Federal Contract Tower,1,21,20,0,42,0,44,132,0,176,1,65,152,0,218,20,0,20,238
08/01/2003,BLI,WA,ANM,WE,Federal Contract Tower,0,36,37,1,74,0,22,99,2,123,0,58,136,3,197,36,0,36,233
08/02/2003,BLI,WA,ANM,WE,Federal Contract Tower,2,16,18,1,37,0,10,150,2,162,2,26,168,3,199,58,2,60,259
08/03/2003,BLI,WA,ANM,WE,Federal Contract Tower,0,13,21,0,34,0,15,179,0,194,0,28,200,0,228,40,0,40,268
08/04/2003,BLI,WA,ANM,WE,Federal Contract Tower,0,18,14,0,32,0,38,131,2,171,0,56,145,2,203,68,0,68,271
08/05/2003,BLI,WA,ANM,WE,Federal Contract Tower,0,22,9,0,31,0,54,149,4,207,0,76,158,4,238,60,0,60,298
08/06/2003,BLI,WA,ANM,WE,Federal Contract Tower,0,21,12,0,33,0,49,112,4,165,0,70,124,4,198,52,0,52,250
08/07/2003,BLI,WA,ANM,WE,Federal Contract Tower,0,22,14,3,39,0,28,167,17,212,0,50,181,20,251,94,0,94,345
08/08/2003,BLI,WA,ANM,WE,Federal Contract Tower,0,25,20,0,45,0,35,194,0,229,0,60,214,0,274,32,0,32,306
08/09/2003,BLI,WA,ANM,WE,Federal Contract Tower,0,16,25,0,41,0,32,177,0,209,0,48,202,0,250,154,0,154,404
08/10/2003,BLI,WA,ANM,WE,Federal Contract Tower,0,21,13,0,34,0,19,171,6,196,0,40,184,6,230,98,2,100,330
08/11/2003,BLI,WA,ANM,WE,Federal Contract Tower,0,22,20,4,46,0,28,112,2,142,0,50,132,6,188,46,4,50,238
08/12/2003,BLI,WA,ANM,WE,Federal Contract Tower,0,22,14,0,36,0,32,126,0,158,0,54,140,0,194,64,0,64,258
08/13/2003,BLI,WA,ANM,WE,Federal Contract Tower,0,24,14,0,38,0,34,192,2,228,0,58,206,2,266,48,0,48,314
08/14/2003,BLI,WA,ANM,WE,Federal Contract Tower,0,25,14,0,39,0,39,165,2,206,0,64,179,2,245,58,0,58,303
08/15/2003,BLI,WA,ANM,WE,Federal Contract Tower,0,23,16,0,39,0,33,126,0,159,0,56,142,0,198,26,0,26,224
08/16/2003,BLI,WA,ANM,WE,Federal Contract Tower,0,17,9,0,26,0,14,118,2,134,0,31,127,2,160,46,0,46,206
08/17/2003,BLI,WA,ANM,WE,Federal Contract Tower,0,15,13,0,28,0,13,152,2,167,0,28,165,2,195,38,2,40,235
08/18/2003,BLI,WA,ANM,WE,Federal Contract Tower,0,22,20,0,42,0,22,133,0,155,0,44,153,0,197,72,0,72,269
08/19/2003,BLI,WA,ANM,WE,Federal Contract Tower,0,22,13,0,35,0,35,128,7,170,0,57,141,7,205,78,2,80,285
08/20/2003,BLI,WA,ANM,WE,Federal Contract Tower,0,24,7,0,31,0,30,178,3,211,0,54,185,3,242,104,0,104,346
08/21/2003,BLI,WA,ANM,WE,Federal Contract Tower,0,23,16,0,39,0,43,232,4,279,0,66,248,4,318,58,0,58,376
08/22/2003,BLI,WA,ANM,WE,Federal Contract Tower,0,22,21,0,43,0,54,141,4,199,0,76,162,4,242,54,2,56,298
08/23/2003,BLI,WA,ANM,WE,Federal Contract Tower,0,20,9,0,29,0,24,165,4,193,0,44,174,4,222,52,0,52,274
08/24/2003,BLI,WA,ANM,WE,Federal Contract Tower,0,17,9,0,26,0,25,219,3,247,0,42,228,3,273,64,0,64,337
08/25/2003,BLI,WA,ANM,WE,Federal Contract Tower,0,25,14,0,39,0,49,138,2,189,0,74,152,2,228,36,0,36,264
08/26/2003,BLI,WA,ANM,WE,Federal Contract Tower,0,24,11,0,35,0,34,123,8,165,0,58,134,8,200,44,0,44,244
08/27/2003,BLI,WA,ANM,WE,Federal Contract Tower,0,23,17,0,40,0,39,146,2,187,0,62,163,2,227,36,0,36,263
08/28/2003,BLI,WA,ANM,WE,Federal Contract Tower,0,27,15,0,42,0,34,128,2,164,0,61,143,2,206,110,0,110,316
08/29/2003,BLI,WA,ANM,WE,Federal Contract Tower,0,21,13,0,34,0,43,184,2,229,0,64,197,2,263,36,0,36,299
08/30/2003,BLI,WA,ANM,WE,Federal Contract Tower,0,16,15,0,31,0,20,231,3,254,0,36,246,3,285,60,0,60,345
08/31/2003,BLI,WA,ANM,WE,Federal Contract Tower,0,10,6,0,16,0,38,182,8,228,0,48,188,8,244,114,4,118,362
09/01/2003,BLI,WA,ANM,WE,Federal Contract Tower,0,16,30,0,46,0,32,172,4,208,0,48,202,4,254,80,0,80,334
09/02/2003,BLI,WA,ANM,WE,Federal Contract Tower,0,22,9,0,31,0,24,129,2,155,0,46,138,2,186,68,0,68,254
09/03/2003,BLI,WA,ANM,WE,Federal Contract Tower,0,26,14,0,40,0,40,192,2,234,0,66,206,2,274,92,0,92,366
09/04/2003,BLI,WA,ANM,WE,Federal Contract Tower,0,23,3,1,27,0,44,161,11,216,0,67,164,12,243,82,28,110,353
09/05/2003,BLI,WA,ANM,WE,Federal Contract Tower,0,21,16,8,45,0,43,226,6,275,0,64,242,14,320,88,6,94,414
09/06/2003,BLI,WA,ANM,WE,Federal Contract Tower,0,15,10,0,25,0,37,186,0,223,0,52,196,0,248,132,0,132,380
09/07/2003,BLI,WA,ANM,WE,Federal Contract Tower,0,12,11,0,23,0,16,73,2,91,0,28,84,2,114,66,0,66,180
09/08/2003,BLI,WA,ANM,WE,Federal Contract Tower,0,20,5,0,25,0,28,87,2,117,0,48,92,2,142,48,0,48,190
09/09/2003,BLI,WA,ANM,WE,Federal Contract Tower,0,20,11,2,33,0,26,131,6,163,0,46,142,8,196,106,6,112,308
09/10/2003,BLI,WA,ANM,WE,Federal Contract Tower,0,25,15,4,44,0,27,38,14,79,0,52,53,18,123,6,0,6,129
09/11/2003,BLI,WA,ANM,WE,Federal Contract Tower,0,21,19,0,40,0,36,78,10,124,0,57,97,10,164,50,2,52,216
09/12/2003,BLI,WA,ANM,WE,Federal Contract Tower,0,19,23,5,47,0,32,113,9,154,0,51,136,14,201,72,10,82,283
09/13/2003,BLI,WA,ANM,WE,Federal Contract Tower,0,14,9,0,23,0,27,155,5,187,0,41,164,5,210,54,0,54,264
09/14/2003,BLI,WA,ANM,WE,Federal Contract Tower,0,11,18,0,29,0,16,58,0,74,0,27,76,0,103,48,0,48,151
09/15/2003,BLI,WA,ANM,WE,Federal Contract Tower,0,19,20,2,41,0,36,137,2,175,0,55,157,4,216,84,4,88,304
09/16/2003,BLI,WA,ANM,WE,Federal Contract Tower,0,23,10,0,33,0,15,54,0,69,0,38,64,0,102,50,0,50,152
09/17/2003,BLI,WA,ANM,WE,Federal Contract Tower,0,28,22,1,51,0,52,125,9,186,0,80,147,10,237,84,0,84,321
09/18/2003,BLI,WA,ANM,WE,Federal Contract Tower,0,23,24,0,47,0,21,43,6,70,0,44,67,6,117,46,0,46,163
09/19/2003,BLI,WA,ANM,WE,Federal Contract Tower,0,19,22,2,43,0,23,162,2,187,0,42,184,4,230,128,0,128,358
09/20/2003,BLI,WA,ANM,WE,Federal Contract Tower,0,15,10,0,25,0,19,252,0,271,0,34,262,0,296,86,0,86,382
09/21/2003,BLI,WA,ANM,WE,Federal Contract Tower,0,17,19,2,38,0,11,151,4,166,0,28,170,6,204,58,0,58,262
09/22/2003,BLI,WA,ANM,WE,Federal Contract Tower,0,20,14,8,42,0,26,128,4,158,0,46,142,12,200,94,0,94,294
09/23/2003,BLI,WA,ANM,WE,Federal Contract Tower,0,23,19,0,42,0,31,125,8,164,0,54,144,8,206,108,0,108,314
09/24/2003,BLI,WA,ANM,WE,Federal Contract Tower,0,23,8,0,31,0,39,160,2,201,0,62,168,2,232,116,0,116,348
09/25/2003,BLI,WA,ANM,WE,Federal Contract Tower,0,24,24,0,48,0,37,169,0,206,0,61,193,0,254,104,0,104,358
09/26/2003,BLI,WA,ANM,WE,Federal Contract Tower,0,20,21,0,41,0,34,177,0,211,0,54,198,0,252,176,0,176,428
09/27/2003,BLI,WA,ANM,WE,Federal Contract Tower,0,18,8,0,26,0,16,209,2,227,0,34,217,2,253,160,0,160,413
09/28/2003,BLI,WA,ANM,WE,Federal Contract Tower,0,11,13,0,24,0,14,137,0,151,0,25,150,0,175,54,0,54,229
09/29/2003,BLI,WA,ANM,WE,Federal Contract Tower,2,19,18,0,39,0,20,54,0,74,2,39,72,0,113,52,0,52,165
09/30/2003,BLI,WA,ANM,WE,Federal Contract Tower,0,27,24,0,51,0,11,106,4,121,0,38,130,4,172,76,0,76,248
10/01/2003,BLI,WA,ANM,WE,Federal Contract Tower,0,17,13,0,30,0,17,117,6,140,0,34,130,6,170,100,0,100,270
10/02/2003,BLI,WA,ANM,WE,Federal Contract Tower,0,23,18,0,41,0,2,24,0,26,0,25,42,0,67,2,0,2,69
10/03/2003,BLI,WA,ANM,WE,Federal Contract Tower,1,28,27,0,56,1,0,25,0,26,2,28,52,0,82,0,0,0,82
10/04/2003,BLI,WA,ANM,WE,Federal Contract Tower,0,12,10,0,22,0,0,1,0,1,0,12,11,0,23,0,0,0,23
10/05/2003,BLI,WA,ANM,WE,Federal Contract Tower,0,16,12,0,28,0,3,24,0,27,0,19,36,0,55,0,0,0,55
10/06/2003,BLI,WA,ANM,WE,Federal Contract Tower,1,27,21,0,49,1,9,73,0,83,2,36,94,0,132,70,0,70,202
10/07/2003,BLI,WA,ANM,WE,Federal Contract Tower,0,23,17,1,41,0,26,78,23,127,0,49,95,24,168,124,6,130,298
10/08/2003,BLI,WA,ANM,WE,Federal Contract Tower,0,17,14,0,31,0,18,2,3,23,0,35,16,3,54,0,8,8,62
10/09/2003,BLI,WA,ANM,WE,Federal Contract Tower,0,25,19,2,46,0,26,75,6,107,0,51,94,8,153,44,8,52,205
10/10/2003,BLI,WA,ANM,WE,Federal Contract Tower,0,21,16,0,37,2,7,136,0,145,2,28,152,0,182,114,0,114,296
10/11/2003,BLI,WA,ANM,WE,Federal Contract Tower,0,12,9,1,22,0,6,45,0,51,0,18,54,1,73,62,0,62,135
10/12/2003,BLI,WA,ANM,WE,Federal Contract Tower,0,13,10,0,23,0,5,14,0,19,0,18,24,0,42,0,0,0,42
10/13/2003,BLI,WA,ANM,WE,Federal Contract Tower,0,19,15,1,35,2,19,79,0,100,2,38,94,1,135,58,0,58,193
10/14/2003,BLI,WA,ANM,WE,Federal Contract Tower,0,23,17,2,42,0,29,106,4,139,0,52,123,6,181,50,2,52,233
10/15/2003,BLI,WA,ANM,WE,Federal Contract Tower,0,22,17,2,41,0,20,31,8,59,0,42,48,10,100,2,10,12,112
10/16/2003,BLI,WA,ANM,WE,Federal Contract Tower,0,20,14,0,34,0,17,3,0,20,0,37,17,0,54,0,0,0,54
10/17/2003,BLI,WA,ANM,WE,Federal Contract Tower,0,25,18,2,45,0,17,16,4,37,0,42,34,6,82,26,0,26,108
10/18/2003,BLI,WA,ANM,WE,Federal Contract Tower,0,16,11,1,28,0,14,33,3,50,0,30,44,4,78,10,0,10,88
10/19/2003,BLI,WA,ANM,WE,Federal Contract Tower,0,22,14,2,38,0,6,74,2,82,0,28,88,4,120,132,0,132,252
10/20/2003,BLI,WA,ANM,WE,Federal Contract Tower,0,31,22,2,55,0,5,6,0,11,0,36,28,2,66,30,0,30,96
10/21/2003,BLI,WA,ANM,WE,Federal Contract Tower,0,20,13,1,34,0,32,73,1,106,0,52,86,2,140,74,0,74,214
10/22/2003,BLI,WA,ANM,WE,Federal Contract Tower,0,28,20,1,49,0,23,35,7,65,0,51,55,8,114,10,4,14,128
10/23/2003,BLI,WA,ANM,WE,Federal Contract Tower,0,23,16,1,40,0,29,109,1,139,0,52,125,2,179,80,4,84,263
10/24/2003,BLI,WA,ANM,WE,Federal Contract Tower,0,23,17,0,40,0,30,164,0,194,0,53,181,0,234,92,0,92,326
10/25/2003,BLI,WA,ANM,WE,Federal Contract Tower,0,22,15,0,37,0,10,219,0,229,0,32,234,0,266,146,0,146,412
10/26/2003,BLI,WA,ANM,WE,Federal Contract Tower,0,14,10,0,24,0,25,144,10,179,0,39,154,10,203,126,0,126,329
10/27/2003,BLI,WA,ANM,WE,Federal Contract Tower,0,21,14,1,36,0,27,58,3,88,0,48,72,4,124,38,0,38,162
10/28/2003,BLI,WA,ANM,WE,Federal Contract Tower,0,19,14,0,33,0,27,21,2,50,0,46,35,2,83,10,0,10,93
10/29/2003,BLI,WA,ANM,WE,Federal Contract Tower,0,26,18,1,45,0,24,77,3,104,0,50,95,4,149,48,10,58,207
10/30/2003,BLI,WA,ANM,WE,Federal Contract Tower,0,18,14,0,32,0,18,6,2,26,0,36,20,2,58,8,0,8,66
10/31/2003,BLI,WA,ANM,WE,Federal Contract Tower,0,21,14,1,36,0,21,84,3,108,0,42,98,4,144,52,0,52,196
11/01/2003,BLI,WA,ANM,WE,Federal Contract Tower,0,20,13,1,34,0,8,153,3,164,0,28,166,4,198,134,0,134,332
11/02/2003,BLI,WA,ANM,WE,Federal Contract Tower,0,8,5,1,14,0,16,47,1,64,0,24,52,2,78,16,0,16,94
11/03/2003,BLI,WA,ANM,WE,Federal Contract Tower,0,16,10,0,26,0,30,74,0,104,0,46,84,0,130,34,0,34,164
11/04/2003,BLI,WA,ANM,WE,Federal Contract Tower,0,25,16,1,42,0,23,110,3,136,0,48,126,4,178,106,2,108,286
11/05/2003,BLI,WA,ANM,WE,Federal Contract Tower,0,20,12,1,33,0,26,173,3,202,0,46,185,4,235,88,0,88,323
11/06/2003,BLI,WA,ANM,WE,Federal Contract Tower,0,27,15,2,44,0,37,103,0,140,0,64,118,2,184,94,0,94,278
11/07/2003,BLI,WA,ANM,WE,Federal Contract Tower,0,22,14,1,37,0,17,139,1,157,0,39,153,2,194,144,2,146,340
11/08/2003,BLI,WA,ANM,WE,Federal Contract Tower,0,14,9,1,24,0,11,127,5,143,0,25,136,6,167,70,0,70,237
11/09/2003,BLI,WA,ANM,WE,Federal Contract Tower,0,14,8,0,22,0,8,134,0,142,0,22,142,0,164,162,0,162,326
11/10/2003,BLI,WA,ANM,WE,Federal Contract Tower,0,28,16,0,44,0,22,4,0,26,0,50,20,0,70,0,0,0,70
11/11/2003,BLI,WA,ANM,WE,Federal Contract Tower,0,16,9,0,25,0,28,95,0,123,0,44,104,0,148,86,0,86,234
11/12/2003,BLI,WA,ANM,WE,Federal Contract Tower,0,24,15,1,40,0,10,85,3,98,0,34,100,4,138,94,0,94,232
11/13/2003,BLI,WA,ANM,WE,Federal Contract Tower,0,30,18,0,48,0,22,154,0,176,0,52,172,0,224,116,0,116,340
11/14/2003,BLI,WA,ANM,WE,Federal Contract Tower,0,24,14,1,39,0,22,102,1,125,0,46,116,2,164,174,0,174,338
11/15/2003,BLI,WA,ANM,WE,Federal Contract Tower,0,15,9,1,25,0,4,38,1,43,0,19,47,2,68,24,0,24,92
11/16/2003,BLI,WA,ANM,WE,Federal Contract Tower,0,11,5,0,16,0,13,11,0,24,0,24,16,0,40,8,0,8,48
11/17/2003,BLI,WA,ANM,WE,Federal Contract Tower,0,33,17,2,52,0,25,65,16,106,0,58,82,18,158,18,2,20,178
11/18/2003,BLI,WA,ANM,WE,Federal Contract Tower,0,18,11,0,29,0,26,9,2,37,0,44,20,2,66,0,0,0,66
11/19/2003,BLI,WA,ANM,WE,Federal Contract Tower,0,25,14,0,39,0,24,47,2,73,0,49,61,2,112,26,0,26,138
11/20/2003,BLI,WA,ANM,WE,Federal Contract Tower,0,25,14,0,39,0,14,32,7,53,0,39,46,7,92,72,8,80,172
11/21/2003,BLI,WA,ANM,WE,Federal Contract Tower,0,25,15,0,40,0,27,39,0,66,0,52,54,0,106,84,2,86,192
11/22/2003,BLI,WA,ANM,WE,Federal Contract Tower,0,17,9,0,26,0,11,86,4,101,0,28,95,4,127,84,0,84,211
11/23/2003,BLI,WA,ANM,WE,Federal Contract Tower,0,11,6,0,17,0,6,19,0,25,0,17,25,0,42,32,0,32,74
11/24/2003,BLI,WA,ANM,WE,Federal Contract Tower,0,22,13,0,35,0,23,77,2,102,0,45,90,2,137,70,0,70,207
11/25/2003,BLI,WA,ANM,WE,Federal Contract Tower,0,27,15,1,43,0,31,59,1,91,0,58,74,2,134,68,0,68,202
11/26/2003,BLI,WA,ANM,WE,Federal Contract Tower,0,27,15,1,43,0,18,86,1,105,0,45,101,2,148,48,0,48,196
11/27/2003,BLI,WA,ANM,WE,Federal Contract Tower,0,10,6,0,16,0,5,44,0,49,0,15,50,0,65,24,0,24,89
11/28/2003,BLI,WA,ANM,WE,Federal Contract Tower,0,13,8,0,21,0,15,2,0,17,0,28,10,0,38,0,0,0,38
11/29/2003,BLI,WA,ANM,WE,Federal Contract Tower,0,18,10,0,28,0,6,74,0,80,0,24,84,0,108,78,0,78,186
11/30/2003,BLI,WA,ANM,WE,Federal Contract Tower,0,18,10,0,28,0,12,158,8,178,0,30,168,8,206,134,8,142,348
12/01/2003,BLI,WA,ANM,WE,Federal Contract Tower,0,28,15,0,43,0,26,49,0,75,0,54,64,0,118,40,0,40,158
12/02/2003,BLI,WA,ANM,WE,Federal Contract Tower,0,24,13,0,37,0,16,15,0,31,0,40,28,0,68,20,0,20,88
12/03/2003,BLI,WA,ANM,WE,Federal Contract Tower,0,20,10,0,30,0,28,80,6,114,0,48,90,6,144,74,2,76,220
12/04/2003,BLI,WA,ANM,WE,Federal Contract Tower,1,25,14,0,40,0,17,34,2,53,1,42,48,2,93,22,0,22,115
12/05/2003,BLI,WA,ANM,WE,Federal Contract Tower,0,20,10,0,30,1,22,23,0,46,1,42,33,0,76,4,0,4,80
12/06/2003,BLI,WA,ANM,WE,Federal Contract Tower,0,18,10,1,29,0,2,106,1,109,0,20,116,2,138,122,0,122,260
12/07/2003,BLI,WA,ANM,WE,Federal Contract Tower,0,14,8,0,22,0,11,42,0,53,0,25,50,0,75,62,0,62,137
12/08/2003,BLI,WA,ANM,WE,Federal Contract Tower,0,27,15,1,43,2,16,62,3,83,2,43,77,4,126,40,0,40,166
12/09/2003,BLI,WA,ANM,WE,Federal Contract Tower,0,21,11,0,32,0,36,55,0,91,0,57,66,0,123,34,0,34,157
12/10/2003,BLI,WA,ANM,WE,Federal Contract Tower,0,26,14,1,41,0,14,65,1,80,0,40,79,2,121,84,2,86,207
12/11/2003,BLI,WA,ANM,WE,Federal Contract Tower,0,27,15,0,42,0,20,58,0,78,0,47,73,0,120,26,0,26,146
12/12/2003,BLI,WA,ANM,WE,Federal Contract Tower,0,23,13,1,37,0,26,66,0,92,0,49,79,1,129,54,2,56,185
12/13/2003,BLI,WA,ANM,WE,Federal Contract Tower,0,10,6,0,16,0,12,54,0,66,0,22,60,0,82,56,0,56,138
12/14/2003,BLI,WA,ANM,WE,Federal Contract Tower,0,11,5,0,16,0,4,18,0,22,0,15,23,0,38,13,0,13,51
12/15/2003,BLI,WA,ANM,WE,Federal Contract Tower,0,21,11,0,32,0,45,50,10,105,0,66,61,10,137,8,0,8,145
12/16/2003,BLI,WA,ANM,WE,Federal Contract Tower,0,22,12,0,34,0,22,18,2,42,0,44,30,2,76,2,2,4,80
12/17/2003,BLI,WA,ANM,WE,Federal Contract Tower,0,30,16,0,46,0,26,149,7,182,0,56,165,7,228,66,16,82,310
12/18/2003,BLI,WA,ANM,WE,Federal Contract Tower,0,27,14,0,41,0,28,165,2,195,0,55,179,2,236,86,2,88,324
12/19/2003,BLI,WA,ANM,WE,Federal Contract Tower,0,26,14,0,40,0,26,128,0,154,0,52,142,0,194,64,0,64,258
12/20/2003,BLI,WA,ANM,WE,Federal Contract Tower,0,13,7,0,20,0,8,18,2,28,0,21,25,2,48,18,0,18,66
12/21/2003,BLI,WA,ANM,WE,Federal Contract Tower,0,16,9,0,25,0,0,97,0,97,0,16,106,0,122,60,0,60,182
12/22/2003,BLI,WA,ANM,WE,Federal Contract Tower,0,23,12,0,35,0,23,132,4,159,0,46,144,4,194,72,6,78,272
12/23/2003,BLI,WA,ANM,WE,Federal Contract Tower,0,20,10,0,30,0,38,37,1,76,0,58,47,1,106,54,4,58,164
12/24/2003,BLI,WA,ANM,WE,Federal Contract Tower,0,19,10,0,29,0,23,11,0,34,0,42,21,0,63,0,0,0,63
12/25/2003,BLI,WA,ANM,WE,Federal Contract Tower,0,8,3,0,11,0,8,23,0,31,0,16,26,0,42,8,0,8,50
12/26/2003,BLI,WA,ANM,WE,Federal Contract Tower,0,17,8,0,25,0,16,77,0,93,0,33,85,0,118,56,0,56,174
12/27/2003,BLI,WA,ANM,WE,Federal Contract Tower,0,15,8,0,23,0,8,27,0,35,0,23,35,0,58,26,0,26,84
12/28/2003,BLI,WA,ANM,WE,Federal Contract Tower,0,13,10,0,23,0,0,26,2,28,0,13,36,2,51,20,0,20,71
12/29/2003,BLI,WA,ANM,WE,Federal Contract Tower,0,19,10,0,29,0,21,115,2,138,0,40,125,2,167,36,0,36,203
12/30/2003,BLI,WA,ANM,WE,Federal Contract Tower,0,24,12,0,36,0,18,22,0,40,0,42,34,0,76,0,0,0,76
12/31/2003,BLI,WA,ANM,WE,Federal Contract Tower,0,16,8,0,24,0,24,22,0,46,0,40,30,0,70,64,0,64,134
01/01/2004,BLI,WA,ANM,WE,Federal Contract Tower,0,11,7,0,18,0,11,35,0,46,0,22,42,0,64,56,0,56,120
01/02/2004,BLI,WA,ANM,WE,Federal Contract Tower,0,21,14,0,35,0,21,84,0,105,0,42,98,0,140,100,0,100,240
01/03/2004,BLI,WA,ANM,WE,Federal Contract Tower,0,14,9,0,23,0,4,1,0,5,0,18,10,0,28,0,0,0,28
01/04/2004,BLI,WA,ANM,WE,Federal Contract Tower,0,11,7,0,18,0,5,27,2,34,0,16,34,2,52,8,0,8,60
01/05/2004,BLI,WA,ANM,WE,Federal Contract Tower,0,15,11,0,26,0,25,51,10,86,0,40,62,10,112,10,0,10,122
01/06/2004,BLI,WA,ANM,WE,Federal Contract Tower,0,6,2,0,8,0,4,0,0,4,0,10,2,0,12,0,0,0,12
01/07/2004,BLI,WA,ANM,WE,Federal Contract Tower,0,8,5,0,13,0,12,2,2,16,0,20,7,2,29,6,0,6,35
01/08/2004,BLI,WA,ANM,WE,Federal Contract Tower,1,17,12,0,30,0,16,20,0,36,1,33,32,0,66,0,4,4,70
01/09/2004,BLI,WA,ANM,WE,Federal Contract Tower,1,14,9,0,24,0,27,36,0,63,1,41,45,0,87,20,6,26,113
01/10/2004,BLI,WA,ANM,WE,Federal Contract Tower,0,15,11,0,26,0,20,84,0,104,0,35,95,0,130,75,2,77,207
01/11/2004,BLI,WA,ANM,WE,Federal Contract Tower,0,12,8,1,21,2,5,90,1,98,2,17,98,2,119,42,2,44,163
01/12/2004,BLI,WA,ANM,WE,Federal Contract Tower,0,15,11,1,27,0,23,56,1,80,0,38,67,2,107,38,0,38,145
01/13/2004,BLI,WA,ANM,WE,Federal Contract Tower,0,22,13,1,36,0,18,47,1,66,0,40,60,2,102,2,0,2,104
01/14/2004,BLI,WA,ANM,WE,Federal Contract Tower,0,25,14,2,41,0,15,34,0,49,0,40,48,2,90,6,0,6,96
01/15/2004,BLI,WA,ANM,WE,Federal Contract Tower,0,28,17,3,48,0,14,87,0,101,0,42,104,3,149,58,8,66,215
01/16/2004,BLI,WA,ANM,WE,Federal Contract Tower,0,38,24,0,62,0,2,58,0,60,0,40,82,0,122,24,0,24,146
01/17/2004,BLI,WA,ANM,WE,Federal Contract Tower,0,12,7,1,20,0,14,137,1,152,0,26,144,2,172,96,8,104,276
01/18/2004,BLI,WA,ANM,WE,Federal Contract Tower,0,15,9,1,25,0,13,55,5,73,0,28,64,6,98,52,4,56,154
01/19/2004,BLI,WA,ANM,WE,Federal Contract Tower,0,25,14,2,41,0,29,88,0,117,0,54,102,2,158,84,0,84,242
01/20/2004,BLI,WA,ANM,WE,Federal Contract Tower,0,22,14,0,36,0,24,46,2,72,0,46,60,2,108,26,0,26,134
01/21/2004,BLI,WA,ANM,WE,Federal Contract Tower,0,21,14,0,35,0,0,12,13,25,0,21,26,13,60,18,12,30,90
01/22/2004,BLI,WA,ANM,WE,Federal Contract Tower,0,22,14,0,36,0,19,72,3,94,0,41,86,3,130,52,0,52,182
01/23/2004,BLI,WA,ANM,WE,Federal Contract Tower,0,26,16,2,44,2,12,21,0,35,2,38,37,2,79,0,2,2,81
01/24/2004,BLI,WA,ANM,WE,Federal Contract Tower,0,17,11,0,28,0,14,38,0,52,0,31,49,0,80,26,0,26,106
01/25/2004,BLI,WA,ANM,WE,Federal Contract Tower,0,12,8,0,20,0,8,57,0,65,0,20,65,0,85,18,0,18,103
01/26/2004,BLI,WA,ANM,WE,Federal Contract Tower,0,25,15,2,42,2,13,35,0,50,2,38,50,2,92,28,0,28,120
01/27/2004,BLI,WA,ANM,WE,Federal Contract Tower,0,13,8,0,21,0,7,4,0,11,0,20,12,0,32,0,0,0,32
01/28/2004,BLI,WA,ANM,WE,Federal Contract Tower,0,25,15,2,42,0,11,33,4,48,0,36,48,6,90,26,8,34,124
01/29/2004,BLI,WA,ANM,WE,Federal Contract Tower,0,24,13,0,37,0,13,24,0,37,0,37,37,0,74,0,0,0,74
01/30/2004,BLI,WA,ANM,WE,Federal Contract Tower,0,20,13,0,33,2,38,71,0,111,2,58,84,0,144,70,0,70,214
01/31/2004,BLI,WA,ANM,WE,Federal Contract Tower,0,16,11,0,27,0,8,97,2,107,0,24,108,2,134,162,0,162,296
02/01/2004,BLI,WA,ANM,WE,Federal Contract Tower,0,10,5,0,15,0,20,103,0,123,0,30,108,0,138,92,0,92,230
02/02/2004,BLI,WA,ANM,WE,Federal Contract Tower,0,24,15,0,39,0,42,11,2,55,0,66,26,2,94,28,0,28,122
02/03/2004,BLI,WA,ANM,WE,Federal Contract Tower,0,19,12,0,31,0,39,80,0,119,0,58,92,0,150,36,0,36,186
02/04/2004,BLI,WA,ANM,WE,Federal Contract Tower,0,23,15,0,38,0,22,124,6,152,0,45,139,6,190,58,0,58,248
02/05/2004,BLI,WA,ANM,WE,Federal Contract Tower,0,24,15,1,40,0,19,89,1,109,0,43,104,2,149,92,0,92,241
02/06/2004,BLI,WA,ANM,WE,Federal Contract Tower,0,12,9,1,22,0,34,13,3,50,0,46,22,4,72,20,0,20,92
02/07/2004,BLI,WA,ANM,WE,Federal Contract Tower,0,17,11,1,29,0,3,100,7,110,0,20,111,8,139,62,4,66,205
02/08/2004,BLI,WA,ANM,WE,Federal Contract Tower,0,20,11,1,32,0,1,132,1,134,0,21,143,2,166,70,0,70,236
02/09/2004,BLI,WA,ANM,WE,Federal Contract Tower,0,18,11,0,29,0,18,49,0,67,0,36,60,0,96,28,0,28,124
02/10/2004,BLI,WA,ANM,WE,Federal Contract Tower,0,21,12,1,34,0,27,180,5,212,0,48,192,6,246,60,14,74,320
02/11/2004,BLI,WA,ANM,WE,Federal Contract Tower,0,22,13,1,36,0,20,163,7,190,0,42,176,8,226,60,18,78,304
02/12/2004,BLI,WA,ANM,WE,Federal Contract Tower,0,22,12,0,34,0,33,142,0,175,0,55,154,0,209,56,0,56,265
02/13/2004,BLI,WA,ANM,WE,Federal Contract Tower,0,24,13,0,37,2,16,90,0,108,2,40,103,0,145,74,0,74,219
02/14/2004,BLI,WA,ANM,WE,Federal Contract Tower,0,16,8,0,24,0,3,41,0,44,0,19,49,0,68,54,0,54,122
02/15/2004,BLI,WA,ANM,WE,Federal Contract Tower,0,14,7,1,22,0,10,20,1,31,0,24,27,2,53,6,0,6,59
02/16/2004,BLI,WA,ANM,WE,Federal Contract Tower,0,20,10,1,31,2,27,10,5,44,2,47,20,6,75,10,4,14,89
02/17/2004,BLI,WA,ANM,WE,Federal Contract Tower,0,27,15,0,42,0,17,51,0,68,0,44,66,0,110,24,0,24,134
02/18/2004,BLI,WA,ANM,WE,Federal Contract Tower,0,21,11,0,32,0,36,57,5,98,0,57,68,5,130,0,0,0,130
02/19/2004,BLI,WA,ANM,WE,Federal Contract Tower,0,24,14,0,38,0,28,63,8,99,0,52,77,8,137,26,4,30,167
02/20/2004,BLI,WA,ANM,WE,Federal Contract Tower,0,25,14,0,39,0,21,77,2,100,0,46,91,2,139,132,0,132,271
02/21/2004,BLI,WA,ANM,WE,Federal Contract Tower,0,18,10,0,28,0,6,145,6,157,0,24,155,6,185,88,0,88,273
02/22/2004,BLI,WA,ANM,WE,Federal Contract Tower,0,14,8,0,22,0,16,136,4,156,0,30,144,4,178,90,0,90,268
02/23/2004,BLI,WA,ANM,WE,Federal Contract Tower,0,23,13,0,36,0,17,52,4,73,0,40,65,4,109,74,0,74,183
02/24/2004,BLI,WA,ANM,WE,Federal Contract Tower,0,22,13,0,35,0,24,40,4,68,0,46,53,4,103,16,2,18,121
02/25/2004,BLI,WA,ANM,WE,Federal Contract Tower,0,21,12,0,33,0,23,32,0,55,0,44,44,0,88,16,0,16,104
02/26/2004,BLI,WA,ANM,WE,Federal Contract Tower,0,24,13,0,37,0,28,93,2,123,0,52,106,2,160,60,0,60,220
02/27/2004,BLI,WA,ANM,WE,Federal Contract Tower,0,26,15,0,41,0,9,81,0,90,0,35,96,0,131,66,0,66,197
02/28/2004,BLI,WA,ANM,WE,Federal Contract Tower,0,22,12,0,34,0,6,97,3,106,0,28,109,3,140,160,0,160,300
02/29/2004,BLI,WA,ANM,WE,Federal Contract Tower,0,14,7,0,21,0,4,153,0,157,0,18,160,0,178,152,0,152,330
03/01/2004,BLI,WA,ANM,WE,Federal Contract Tower,0,17,10,0,27,0,26,95,8,129,0,43,105,8,156,38,24,62,218
03/02/2004,BLI,WA,ANM,WE,Federal Contract Tower,0,22,12,1,35,0,29,139,5,173,0,51,151,6,208,74,6,80,288
03/03/2004,BLI,WA,ANM,WE,Federal Contract Tower,0,28,15,2,45,0,24,13,2,39,0,52,28,4,84,2,0,2,86
03/04/2004,BLI,WA,ANM,WE,Federal Contract Tower,0,20,11,1,32,0,28,65,2,95,0,48,76,3,127,16,0,16,143
03/05/2004,BLI,WA,ANM,WE,Federal Contract Tower,0,20,11,0,31,0,14,17,0,31,0,34,28,0,62,0,0,0,62
03/06/2004,BLI,WA,ANM,WE,Federal Contract Tower,0,15,8,1,24,0,3,106,1,110,0,18,114,2,134,52,0,52,186
03/07/2004,BLI,WA,ANM,WE,Federal Contract Tower,0,18,10,0,28,0,8,22,0,30,0,26,32,0,58,8,0,8,66
03/08/2004,BLI,WA,ANM,WE,Federal Contract Tower,0,21,12,1,34,0,23,125,1,149,0,44,137,2,183,60,0,60,243
03/09/2004,BLI,WA,ANM,WE,Federal Contract Tower,0,20,11,0,31,0,34,113,0,147,0,54,124,0,178,52,0,52,230
03/10/2004,BLI,WA,ANM,WE,Federal Contract Tower,0,22,13,1,36,0,36,193,1,230,0,58,206,2,266,124,0,124,390
03/11/2004,BLI,WA,ANM,WE,Federal Contract Tower,0,22,13,0,35,0,28,143,0,171,0,50,156,0,206,78,0,78,284
03/12/2004,BLI,WA,ANM,WE,Federal Contract Tower,0,24,14,0,38,0,14,120,0,134,0,38,134,0,172,62,0,62,234
03/13/2004,BLI,WA,ANM,WE,Federal Contract Tower,0,19,10,0,29,0,15,206,0,221,0,34,216,0,250,90,0,90,340
03/14/2004,BLI,WA,ANM,WE,Federal Contract Tower,0,19,10,1,30,0,2,99,1,102,0,21,109,2,132,114,0,114,246
03/15/2004,BLI,WA,ANM,WE,Federal Contract Tower,0,23,11,1,35,0,28,46,0,74,0,51,57,1,109,28,0,28,137
03/16/2004,BLI,WA,ANM,WE,Federal Contract Tower,0,23,11,0,34,0,39,49,0,88,0,62,60,0,122,76,0,76,198
03/17/2004,BLI,WA,ANM,WE,Federal Contract Tower,0,31,15,2,48,2,27,58,2,89,2,58,73,4,137,34,0,34,171
03/18/2004,BLI,WA,ANM,WE,Federal Contract Tower,0,21,11,1,33,0,32,30,1,63,0,53,41,2,96,52,0,52,148
03/19/2004,BLI,WA,ANM,WE,Federal Contract Tower,0,23,11,1,35,0,21,92,0,113,0,44,103,1,148,42,0,42,190
03/20/2004,BLI,WA,ANM,WE,Federal Contract Tower,0,22,11,1,34,0,12,135,7,154,0,34,146,8,188,84,0,84,272
03/21/2004,BLI,WA,ANM,WE,Federal Contract Tower,0,13,6,1,20,0,19,151,3,173,0,32,157,4,193,54,0,54,247
03/22/2004,BLI,WA,ANM,WE,Federal Contract Tower,0,15,8,0,23,0,25,88,4,117,0,40,96,4,140,34,0,34,174
03/23/2004,BLI,WA,ANM,WE,Federal Contract Tower,0,27,14,0,41,0,19,100,2,121,0,46,114,2,162,44,0,44,206
03/24/2004,BLI,WA,ANM,WE,Federal Contract Tower,0,28,15,0,43,0,26,47,0,73,0,54,62,0,116,30,2,32,148
03/25/2004,BLI,WA,ANM,WE,Federal Contract Tower,0,23,13,0,36,0,18,25,14,57,0,41,38,14,93,34,0,34,127
03/26/2004,BLI,WA,ANM,WE,Federal Contract Tower,0,23,13,0,36,0,12,24,0,36,0,35,37,0,72,16,0,16,88
03/27/2004,BLI,WA,ANM,WE,Federal Contract Tower,0,17,9,0,26,0,9,75,0,84,0,26,84,0,110,32,0,32,142
03/28/2004,BLI,WA,ANM,WE,Federal Contract Tower,0,16,8,0,24,0,15,169,1,185,0,31,177,1,209,114,2,116,325
03/29/2004,BLI,WA,ANM,WE,Federal Contract Tower,0,23,13,0,36,0,20,134,5,159,0,43,147,5,195,80,14,94,289
03/30/2004,BLI,WA,ANM,WE,Federal Contract Tower,0,22,12,0,34,0,26,54,2,82,0,48,66,2,116,48,0,48,164
03/31/2004,BLI,WA,ANM,WE,Federal Contract Tower,0,30,16,1,47,0,14,151,3,168,0,44,167,4,215,96,16,112,327
04/01/2004,BLI,WA,ANM,WE,Federal Contract Tower,0,22,14,0,36,0,34,119,2,155,0,56,133,2,191,89,3,92,283
04/02/2004,BLI,WA,ANM,WE,Federal Contract Tower,0,22,14,0,36,0,27,154,6,187,0,49,168,6,223,92,2,94,317
04/03/2004,BLI,WA,ANM,WE,Federal Contract Tower,0,15,9,0,24,0,3,148,0,151,0,18,157,0,175,98,0,98,273
04/04/2004,BLI,WA,ANM,WE,Federal Contract Tower,0,9,6,0,15,0,16,132,2,150,0,25,138,2,165,24,0,24,189
04/05/2004,BLI,WA,ANM,WE,Federal Contract Tower,0,23,14,0,37,0,17,68,0,85,0,40,82,0,122,24,0,24,146
04/06/2004,BLI,WA,ANM,WE,Federal Contract Tower,0,21,13,1,35,0,23,103,5,131,0,44,116,6,166,16,10,26,192
04/07/2004,BLI,WA,ANM,WE,Federal Contract Tower,0,23,14,1,38,0,31,115,15,161,0,54,129,16,199,36,4,40,239
04/08/2004,BLI,WA,ANM,WE,Federal Contract Tower,0,26,16,2,44,0,21,160,0,181,0,47,176,2,225,49,0,49,274
04/09/2004,BLI,WA,ANM,WE,Federal Contract Tower,0,21,14,0,35,0,22,174,0,196,0,43,188,0,231,98,0,98,329
04/10/2004,BLI,WA,ANM,WE,Federal Contract Tower,0,18,12,1,31,0,3,175,3,181,0,21,187,4,212,96,0,96,308
04/11/2004,BLI,WA,ANM,WE,Federal Contract Tower,0,9,6,1,16,0,15,135,1,151,0,24,141,2,167,36,0,36,203
04/12/2004,BLI,WA,ANM,WE,Federal Contract Tower,0,19,12,1,32,0,25,80,1,106,0,44,92,2,138,8,0,8,146
04/13/2004,BLI,WA,ANM,WE,Federal Contract Tower,0,18,11,1,30,2,22,88,1,113,2,40,99,2,143,74,0,74,217
04/14/2004,BLI,WA,ANM,WE,Federal Contract Tower,0,24,15,1,40,0,23,64,7,94,0,47,79,8,134,28,0,28,162
04/15/2004,BLI,WA,ANM,WE,Federal Contract Tower,0,24,14,1,39,0,36,67,1,104,0,60,81,2,143,26,0,26,169
04/16/2004,BLI,WA,ANM,WE,Federal Contract Tower,0,23,13,0,36,2,23,125,0,150,2,46,138,0,186,32,0,32,218
04/17/2004,BLI,WA,ANM,WE,Federal Contract Tower,0,16,9,1,26,0,4,126,9,139,0,20,135,10,165,62,2,64,229
04/18/2004,BLI,WA,ANM,WE,Federal Contract Tower,0,18,9,1,28,0,10,125,1,136,0,28,134,2,164,68,0,68,232
04/19/2004,BLI,WA,ANM,WE,Federal Contract Tower,0,21,11,1,33,0,43,74,1,118,0,64,85,2,151,2,0,2,153
04/20/2004,BLI,WA,ANM,WE,Federal Contract Tower,0,21,11,1,33,0,27,49,5,81,0,48,60,6,114,16,0,16,130
04/21/2004,BLI,WA,ANM,WE,Federal Contract Tower,0,24,14,1,39,0,22,112,3,137,0,46,126,4,176,62,0,62,238
04/22/2004,BLI,WA,ANM,WE,Federal Contract Tower,0,24,13,1,38,0,35,144,2,181,0,59,157,3,219,72,0,72,291
04/23/2004,BLI,WA,ANM,WE,Federal Contract Tower,0,21,12,0,33,0,28,94,0,122,0,49,106,0,155,28,0,28,183
04/24/2004,BLI,WA,ANM,WE,Federal Contract Tower,0,15,8,1,24,0,19,180,1,200,0,34,188,2,224,54,0,54,278
04/25/2004,BLI,WA,ANM,WE,Federal Contract Tower,0,16,9,1,26,0,21,205,1,227,0,37,214,2,253,88,0,88,341
04/26/2004,BLI,WA,ANM,WE,Federal Contract Tower,0,26,14,1,41,0,6,154,9,169,0,32,168,10,210,110,4,114,324
04/27/2004,BLI,WA,ANM,WE,Federal Contract Tower,0,25,15,0,40,0,35,69,6,110,0,60,84,6,150,58,0,58,208
04/28/2004,BLI,WA,ANM,WE,Federal Contract Tower,0,20,12,0,32,0,46,164,2,212,0,66,176,2,244,86,0,86,330
04/29/2004,BLI,WA,ANM,WE,Federal Contract Tower,0,24,15,0,39,0,28,120,13,161,0,52,135,13,200,102,0,102,302
04/30/2004,BLI,WA,ANM,WE,Federal Contract Tower,0,22,13,0,35,0,23,159,2,184,0,45,172,2,219,98,0,98,317
05/01/2004,BLI,WA,ANM,WE,Federal Contract Tower,0,12,9,0,21,0,17,162,7,186,0,29,171,7,207,114,4,118,325
05/02/2004,BLI,WA,ANM,WE,Federal Contract Tower,0,12,9,0,21,0,6,113,4,123,0,18,122,4,144,82,0,82,226
05/03/2004,BLI,WA,ANM,WE,Federal Contract Tower,1,16,13,0,30,1,39,75,0,115,2,55,88,0,145,20,0,20,165
05/04/2004,BLI,WA,ANM,WE,Federal Contract Tower,0,19,15,0,34,0,31,55,0,86,0,50,70,0,120,64,0,64,184
05/05/2004,BLI,WA,ANM,WE,Federal Contract Tower,0,19,15,0,34,0,40,130,3,173,0,59,145,3,207,48,0,48,255
05/06/2004,BLI,WA,ANM,WE,Federal Contract Tower,0,23,17,0,40,0,54,154,9,217,0,77,171,9,257,128,14,142,399
05/07/2004,BLI,WA,ANM,WE,Federal Contract Tower,0,25,20,0,45,2,43,114,0,159,2,68,134,0,204,56,0,56,260
05/08/2004,BLI,WA,ANM,WE,Federal Contract Tower,0,15,11,1,27,0,29,157,3,189,0,44,168,4,216,52,0,52,268
05/09/2004,BLI,WA,ANM,WE,Federal Contract Tower,0,13,10,1,24,0,29,164,1,194,0,42,174,2,218,66,0,66,284
05/10/2004,BLI,WA,ANM,WE,Federal Contract Tower,0,33,26,3,62,2,23,52,3,80,2,56,78,6,142,42,0,42,184
05/11/2004,BLI,WA,ANM,WE,Federal Contract Tower,0,26,18,3,47,0,34,156,5,195,0,60,174,8,242,88,0,88,330
05/12/2004,BLI,WA,ANM,WE,Federal Contract Tower,0,21,17,0,38,0,37,169,0,206,0,58,186,0,244,82,0,82,326
05/13/2004,BLI,WA,ANM,WE,Federal Contract Tower,0,20,16,1,37,0,42,154,2,198,0,62,170,3,235,70,0,70,305
05/14/2004,BLI,WA,ANM,WE,Federal Contract Tower,0,19,13,1,33,0,32,178,1,211,0,51,191,2,244,34,0,34,278
05/15/2004,BLI,WA,ANM,WE,Federal Contract Tower,0,19,14,1,34,0,8,130,0,138,0,27,144,1,172,100,0,100,272
05/16/2004,BLI,WA,ANM,WE,Federal Contract Tower,0,18,13,1,32,0,15,127,17,159,0,33,140,18,191,60,6,66,257
05/17/2004,BLI,WA,ANM,WE,Federal Contract Tower,0,20,14,0,34,0,30,116,0,146,0,50,130,0,180,66,2,68,248
05/18/2004,BLI,WA,ANM,WE,Federal Contract Tower,0,29,19,2,50,0,35,164,0,199,0,64,183,2,249,92,0,92,341
05/19/2004,BLI,WA,ANM,WE,Federal Contract Tower,0,24,17,1,42,0,31,120,9,160,0,55,137,10,202,64,0,64,266
05/20/2004,BLI,WA,ANM,WE,Federal Contract Tower,0,24,17,1,42,0,24,146,3,173,0,48,163,4,215,124,0,124,339
05/21/2004,BLI,WA,ANM,WE,Federal Contract Tower,0,21,15,0,36,0,21,70,0,91,0,42,85,0,127,20,0,20,147
05/22/2004,BLI,WA,ANM,WE,Federal Contract Tower,0,22,15,0,37,0,8,29,0,37,0,30,44,0,74,16,0,16,90
05/23/2004,BLI,WA,ANM,WE,Federal Contract Tower,0,16,12,0,28,0,4,177,2,183,0,20,189,2,211,60,0,60,271
05/24/2004,BLI,WA,ANM,WE,Federal Contract Tower,0,21,16,0,37,0,27,174,2,203,0,48,190,2,240,84,0,84,324
05/25/2004,BLI,WA,ANM,WE,Federal Contract Tower,0,28,21,1,50,0,15,140,9,164,0,43,161,10,214,26,0,26,240
05/26/2004,BLI,WA,ANM,WE,Federal Contract Tower,0,27,20,1,48,0,27,51,3,81,0,54,71,4,129,8,0,8,137
05/27/2004,BLI,WA,ANM,WE,Federal Contract Tower,0,36,27,0,63,0,12,26,0,38,0,48,53,0,101,20,2,22,123
05/28/2004,BLI,WA,ANM,WE,Federal Contract Tower,0,27,20,1,48,0,25,136,3,164,0,52,156,4,212,62,0,62,274
05/29/2004,BLI,WA,ANM,WE,Federal Contract Tower,0,19,15,0,34,0,27,113,0,140,0,46,128,0,174,84,0,84,258
05/30/2004,BLI,WA,ANM,WE,Federal Contract Tower,0,18,13,0,31,0,14,101,0,115,0,32,114,0,146,56,0,56,202
05/31/2004,BLI,WA,ANM,WE,Federal Contract Tower,0,24,18,0,42,0,6,122,0,128,0,30,140,0,170,78,0,78,248
06/01/2004,BLI,WA,ANM,WE,Federal Contract Tower,0,21,18,0,39,0,39,104,2,145,0,60,122,2,184,108,0,108,292
06/02/2004,BLI,WA,ANM,WE,Federal Contract Tower,0,20,16,0,36,0,34,162,8,204,0,54,178,8,240,96,0,96,336
06/03/2004,BLI,WA,ANM,WE,Federal Contract Tower,2,20,17,0,39,0,32,202,4,238,2,52,219,4,277,64,0,64,341
06/04/2004,BLI,WA,ANM,WE,Federal Contract Tower,0,19,15,0,34,0,34,206,8,248,0,53,221,8,282,102,0,102,384
06/05/2004,BLI,WA,ANM,WE,Federal Contract Tower,1,15,13,0,29,0,13,54,2,69,1,28,67,2,98,22,0,22,120
06/06/2004,BLI,WA,ANM,WE,Federal Contract Tower,1,16,13,0,30,2,6,123,4,135,3,22,136,4,165,56,0,56,221
06/07/2004,BLI,WA,ANM,WE,Federal Contract Tower,1,20,16,0,37,0,32,92,0,124,1,52,108,0,161,116,0,116,277
06/08/2004,BLI,WA,ANM,WE,Federal Contract Tower,1,36,30,0,67,0,40,182,8,230,1,76,212,8,297,124,0,124,421
06/09/2004,BLI,WA,ANM,WE,Federal Contract Tower,1,22,18,0,41,0,36,92,2,130,1,58,110,2,171,82,0,82,253
06/10/2004,BLI,WA,ANM,WE,Federal Contract Tower,0,29,24,0,53,0,24,69,0,93,0,53,93,0,146,16,0,16,162
06/11/2004,BLI,WA,ANM,WE,Federal Contract Tower,0,25,20,0,45,0,14,164,2,180,0,39,184,2,225,32,0,32,257
06/12/2004,BLI,WA,ANM,WE,Federal Contract Tower,0,16,14,0,30,0,28,172,5,205,0,44,186,5,235,56,0,56,291
06/13/2004,BLI,WA,ANM,WE,Federal Contract Tower,1,17,15,0,33,0,18,98,1,117,1,35,113,1,150,40,0,40,190
06/14/2004,BLI,WA,ANM,WE,Federal Contract Tower,1,22,19,0,42,0,34,118,0,152,1,56,137,0,194,16,0,16,210
06/15/2004,BLI,WA,ANM,WE,Federal Contract Tower,0,20,16,1,37,1,51,152,3,207,1,71,168,4,244,44,0,44,288
06/16/2004,BLI,WA,ANM,WE,Federal Contract Tower,1,26,21,1,49,0,39,194,1,234,1,65,215,2,283,56,0,56,339
06/17/2004,BLI,WA,ANM,WE,Federal Contract Tower,1,20,17,0,38,0,40,202,0,242,1,60,219,0,280,74,0,74,354
06/18/2004,BLI,WA,ANM,WE,Federal Contract Tower,1,26,22,1,50,0,28,204,1,233,1,54,226,2,283,62,0,62,345
06/19/2004,BLI,WA,ANM,WE,Federal Contract Tower,0,15,13,1,29,1,49,205,1,256,1,64,218,2,285,94,0,94,379
06/20/2004,BLI,WA,ANM,WE,Federal Contract Tower,1,22,16,0,39,0,50,180,0,230,1,72,196,0,269,86,0,86,355
06/21/2004,BLI,WA,ANM,WE,Federal Contract Tower,1,21,15,0,37,0,53,143,0,196,1,74,158,0,233,72,0,72,305
06/22/2004,BLI,WA,ANM,WE,Federal Contract Tower,1,27,20,1,49,0,57,190,13,260,1,84,210,14,309,118,0,118,427
06/23/2004,BLI,WA,ANM,WE,Federal Contract Tower,1,21,15,1,38,0,41,129,3,173,1,62,144,4,211,32,0,32,243
06/24/2004,BLI,WA,ANM,WE,Federal Contract Tower,1,26,20,0,47,0,35,119,0,154,1,61,139,0,201,66,0,66,267
06/25/2004,BLI,WA,ANM,WE,Federal Contract Tower,1,21,16,1,39,2,60,225,6,293,3,81,241,7,332,172,16,188,520
06/26/2004,BLI,WA,ANM,WE,Federal Contract Tower,0,16,11,1,28,1,77,214,8,300,1,93,225,9,328,110,0,110,438
06/27/2004,BLI,WA,ANM,WE,Federal Contract Tower,0,13,9,1,23,1,59,212,24,296,1,72,221,25,319,56,8,64,383
06/28/2004,BLI,WA,ANM,WE,Federal Contract Tower,1,21,16,1,39,2,49,160,1,212,3,70,176,2,251,88,0,88,339
06/29/2004,BLI,WA,ANM,WE,Federal Contract Tower,0,17,13,0,30,1,52,190,0,243,1,69,203,0,273,88,0,88,361
06/30/2004,BLI,WA,ANM,WE,Federal Contract Tower,1,25,20,0,46,1,55,174,0,230,2,80,194,0,276,74,0,74,350
07/01/2004,BLI,WA,ANM,WE,Federal Contract Tower,1,16,18,0,35,0,41,123,2,166,1,57,141,2,201,88,0,88,289
07/02/2004,BLI,WA,ANM,WE,Federal Contract Tower,1,31,31,0,63,0,26,95,2,123,1,57,126,2,186,110,0,110,296
07/03/2004,BLI,WA,ANM,WE,Federal Contract Tower,1,15,17,0,33,0,15,144,0,159,1,30,161,0,192,106,0,106,298
07/04/2004,BLI,WA,ANM,WE,Federal Contract Tower,1,11,13,0,25,0,26,92,2,120,1,37,105,2,145,22,0,22,167
07/05/2004,BLI,WA,ANM,WE,Federal Contract Tower,1,11,12,0,24,0,38,244,0,282,1,49,256,0,306,12,0,12,318
07/06/2004,BLI,WA,ANM,WE,Federal Contract Tower,2,42,43,0,87,0,18,9,0,27,2,60,52,0,114,2,0,2,116
07/07/2004,BLI,WA,ANM,WE,Federal Contract Tower,1,15,17,0,33,0,49,141,4,194,1,64,158,4,227,26,0,26,253
07/08/2004,BLI,WA,ANM,WE,Federal Contract Tower,1,22,24,0,47,0,32,114,4,150,1,54,138,4,197,58,8,66,263
07/09/2004,BLI,WA,ANM,WE,Federal Contract Tower,1,21,23,0,45,0,27,173,0,200,1,48,196,0,245,124,0,124,369
07/10/2004,BLI,WA,ANM,WE,Federal Contract Tower,1,18,17,0,36,0,24,155,4,183,1,42,172,4,219,86,0,86,305
07/11/2004,BLI,WA,ANM,WE,Federal Contract Tower,1,19,18,0,38,0,15,162,6,183,1,34,180,6,221,88,0,88,309
07/12/2004,BLI,WA,ANM,WE,Federal Contract Tower,1,24,23,1,49,2,14,139,0,155,3,38,162,1,204,112,2,114,318
07/13/2004,BLI,WA,ANM,WE,Federal Contract Tower,1,19,19,0,39,0,37,169,0,206,1,56,188,0,245,64,0,64,309
07/14/2004,BLI,WA,ANM,WE,Federal Contract Tower,1,24,23,0,48,0,28,131,0,159,1,52,154,0,207,96,0,96,303
07/15/2004,BLI,WA,ANM,WE,Federal Contract Tower,1,40,40,2,83,0,11,102,0,113,1,51,142,2,196,66,0,66,262
07/16/2004,BLI,WA,ANM,WE,Federal Contract Tower,1,23,22,1,47,3,21,187,5,216,4,44,209,6,263,74,0,74,337
07/17/2004,BLI,WA,ANM,WE,Federal Contract Tower,1,20,20,0,41,0,18,170,0,188,1,38,190,0,229,66,0,66,295
07/18/2004,BLI,WA,ANM,WE,Federal Contract Tower,1,18,18,1,38,0,27,149,1,177,1,45,167,2,215,34,0,34,249
07/19/2004,BLI,WA,ANM,WE,Federal Contract Tower,1,20,19,1,41,2,22,93,1,118,3,42,112,2,159,52,0,52,211
07/20/2004,BLI,WA,ANM,WE,Federal Contract Tower,1,26,25,1,53,0,38,141,9,188,1,64,166,10,241,86,0,86,327
07/21/2004,BLI,WA,ANM,WE,Federal Contract Tower,1,28,27,1,57,3,40,181,1,225,4,68,208,2,282,54,0,54,336
07/22/2004,BLI,WA,ANM,WE,Federal Contract Tower,1,24,24,1,50,0,42,188,12,242,1,66,212,13,292,46,0,46,338
07/23/2004,BLI,WA,ANM,WE,Federal Contract Tower,1,21,21,0,43,0,26,223,0,249,1,47,244,0,292,38,0,38,330
07/24/2004,BLI,WA,ANM,WE,Federal Contract Tower,1,18,17,1,37,2,13,132,4,151,3,31,149,5,188,76,0,76,264
07/25/2004,BLI,WA,ANM,WE,Federal Contract Tower,1,18,18,1,38,0,16,200,1,217,1,34,218,2,255,38,8,46,301
07/26/2004,BLI,WA,ANM,WE,Federal Contract Tower,1,18,18,1,38,0,30,83,6,119,1,48,101,7,157,44,0,44,201
07/27/2004,BLI,WA,ANM,WE,Federal Contract Tower,1,20,20,1,42,0,22,116,5,143,1,42,136,6,185,46,0,46,231
07/28/2004,BLI,WA,ANM,WE,Federal Contract Tower,1,29,29,0,59,0,31,239,9,279,1,60,268,9,338,92,0,92,430
07/29/2004,BLI,WA,ANM,WE,Federal Contract Tower,1,24,24,0,49,0,38,169,13,220,1,62,193,13,269,88,6,94,363
07/30/2004,BLI,WA,ANM,WE,Federal Contract Tower,1,26,26,0,53,1,28,146,0,175,2,54,172,0,228,86,0,86,314
07/31/2004,BLI,WA,ANM,WE,Federal Contract Tower,1,18,19,0,38,0,22,168,0,190,1,40,187,0,228,96,0,96,324
08/01/2004,BLI,WA,ANM,WE,Federal Contract Tower,1,14,16,0,31,0,15,150,0,165,1,29,166,0,196,24,0,24,220
08/02/2004,BLI,WA,ANM,WE,Federal Contract Tower,2,26,29,0,57,0,12,115,0,127,2,38,144,0,184,102,0,102,286
08/03/2004,BLI,WA,ANM,WE,Federal Contract Tower,2,29,32,0,63,0,37,142,0,179,2,66,174,0,242,140,0,140,382
08/04/2004,BLI,WA,ANM,WE,Federal Contract Tower,2,29,32,1,64,0,29,154,3,186,2,58,186,4,250,104,0,104,354
08/05/2004,BLI,WA,ANM,WE,Federal Contract Tower,2,19,21,0,42,1,34,118,2,155,3,53,139,2,197,78,0,78,275
08/06/2004,BLI,WA,ANM,WE,Federal Contract Tower,3,26,28,1,58,0,20,68,7,95,3,46,96,8,153,80,0,80,233
08/07/2004,BLI,WA,ANM,WE,Federal Contract Tower,1,20,22,0,43,0,20,145,4,169,1,40,167,4,212,50,2,52,264
08/08/2004,BLI,WA,ANM,WE,Federal Contract Tower,3,20,22,0,45,0,19,232,0,251,3,39,254,0,296,44,0,44,340
08/09/2004,BLI,WA,ANM,WE,Federal Contract Tower,3,19,22,0,44,0,30,129,4,163,3,49,151,4,207,112,0,112,319
08/10/2004,BLI,WA,ANM,WE,Federal Contract Tower,1,15,17,1,34,0,37,144,17,198,1,52,161,18,232,160,14,174,406
08/11/2004,BLI,WA,ANM,WE,Federal Contract Tower,1,20,22,1,44,0,34,207,3,244,1,54,229,4,288,76,0,76,364
08/12/2004,BLI,WA,ANM,WE,Federal Contract Tower,2,26,29,2,59,0,30,216,14,260,2,56,245,16,319,74,0,74,393
08/13/2004,BLI,WA,ANM,WE,Federal Contract Tower,2,27,30,2,61,1,30,186,0,217,3,57,216,2,278,124,0,124,402
08/14/2004,BLI,WA,ANM,WE,Federal Contract Tower,1,15,15,1,32,0,26,175,5,206,1,41,190,6,238,98,0,98,336
08/15/2004,BLI,WA,ANM,WE,Federal Contract Tower,1,18,18,1,38,3,34,168,5,210,4,52,186,6,248,94,0,94,342
08/16/2004,BLI,WA,ANM,WE,Federal Contract Tower,2,17,17,1,37,1,31,145,1,178,3,48,162,2,215,106,0,106,321
08/17/2004,BLI,WA,ANM,WE,Federal Contract Tower,1,20,20,1,42,0,42,128,15,185,1,62,148,16,227,134,10,144,371
08/18/2004,BLI,WA,ANM,WE,Federal Contract Tower,1,22,22,1,46,0,35,130,7,172,1,57,152,8,218,96,8,104,322
08/19/2004,BLI,WA,ANM,WE,Federal Contract Tower,2,22,23,0,47,2,36,190,0,228,4,58,213,0,275,84,0,84,359
08/20/2004,BLI,WA,ANM,WE,Federal Contract Tower,2,23,24,2,51,1,47,183,4,235,3,70,207,6,286,58,2,60,346
08/21/2004,BLI,WA,ANM,WE,Federal Contract Tower,1,21,21,1,44,0,10,74,1,85,1,31,95,2,129,28,0,28,157
08/22/2004,BLI,WA,ANM,WE,Federal Contract Tower,2,23,24,0,49,1,25,116,0,142,3,48,140,0,191,64,0,64,255
08/23/2004,BLI,WA,ANM,WE,Federal Contract Tower,2,22,23,1,48,2,44,95,5,146,4,66,118,6,194,18,10,28,222
08/24/2004,BLI,WA,ANM,WE,Federal Contract Tower,2,35,36,2,75,0,9,9,2,20,2,44,45,4,95,2,0,2,97
08/25/2004,BLI,WA,ANM,WE,Federal Contract Tower,1,30,31,0,62,0,29,34,0,63,1,59,65,0,125,8,0,8,133
08/26/2004,BLI,WA,ANM,WE,Federal Contract Tower,2,31,32,2,67,1,23,99,14,137,3,54,131,16,204,46,0,46,250
08/27/2004,BLI,WA,ANM,WE,Federal Contract Tower,2,24,25,2,53,1,23,107,8,139,3,47,132,10,192,154,0,154,346
08/28/2004,BLI,WA,ANM,WE,Federal Contract Tower,1,20,21,0,42,0,18,47,0,65,1,38,68,0,107,36,0,36,143
08/29/2004,BLI,WA,ANM,WE,Federal Contract Tower,2,17,18,0,37,1,15,155,0,171,3,32,173,0,208,72,0,72,280
08/30/2004,BLI,WA,ANM,WE,Federal Contract Tower,1,17,18,0,36,1,17,124,6,148,2,34,142,6,184,56,0,56,240
08/31/2004,BLI,WA,ANM,WE,Federal Contract Tower,1,15,16,0,32,0,59,141,8,208,1,74,157,8,240,74,4,78,318
09/01/2004,BLI,WA,ANM,WE,Federal Contract Tower,1,19,19,1,40,0,38,95,11,144,1,57,114,12,184,46,0,46,230
09/02/2004,BLI,WA,ANM,WE,Federal Contract Tower,3,22,22,1,48,0,22,93,3,118,3,44,115,4,166,66,0,66,232
09/03/2004,BLI,WA,ANM,WE,Federal Contract Tower,2,19,19,0,40,0,32,150,1,183,2,51,169,1,223,74,0,74,297
09/04/2004,BLI,WA,ANM,WE,Federal Contract Tower,2,14,15,0,31,0,40,83,0,123,2,54,98,0,154,26,0,26,180
09/05/2004,BLI,WA,ANM,WE,Federal Contract Tower,2,18,19,0,39,0,18,147,2,167,2,36,166,2,206,62,0,62,268
09/06/2004,BLI,WA,ANM,WE,Federal Contract Tower,2,14,15,0,31,0,24,143,2,169,2,38,158,2,200,34,0,34,234
09/07/2004,BLI,WA,ANM,WE,Federal Contract Tower,2,19,19,0,40,0,35,143,0,178,2,54,162,0,218,96,0,96,314
09/08/2004,BLI,WA,ANM,WE,Federal Contract Tower,0,18,18,0,36,0,32,93,12,137,0,50,111,12,173,30,0,30,203
09/09/2004,BLI,WA,ANM,WE,Federal Contract Tower,2,19,19,0,40,0,51,142,0,193,2,70,161,0,233,58,0,58,291
09/10/2004,BLI,WA,ANM,WE,Federal Contract Tower,3,21,21,0,45,1,20,124,0,145,4,41,145,0,190,26,0,26,216
09/11/2004,BLI,WA,ANM,WE,Federal Contract Tower,0,13,14,1,28,0,14,63,11,88,0,27,77,12,116,58,0,58,174
09/12/2004,BLI,WA,ANM,WE,Federal Contract Tower,2,17,17,0,36,1,18,147,0,166,3,35,164,0,202,54,0,54,256
09/13/2004,BLI,WA,ANM,WE,Federal Contract Tower,3,26,25,2,56,0,26,43,0,69,3,52,68,2,125,26,2,28,153
09/14/2004,BLI,WA,ANM,WE,Federal Contract Tower,1,20,20,0,41,0,35,67,0,102,1,55,87,0,143,58,0,58,201
09/15/2004,BLI,WA,ANM,WE,Federal Contract Tower,1,34,32,2,69,0,0,28,6,34,1,34,60,8,103,4,10,14,117
09/16/2004,BLI,WA,ANM,WE,Federal Contract Tower,2,20,18,0,40,1,26,53,0,80,3,46,71,0,120,10,0,10,130
09/17/2004,BLI,WA,ANM,WE,Federal Contract Tower,2,20,18,2,42,2,31,89,1,123,4,51,107,3,165,78,2,80,245
09/18/2004,BLI,WA,ANM,WE,Federal Contract Tower,1,19,18,0,38,0,21,74,0,95,1,40,92,0,133,62,0,62,195
09/19/2004,BLI,WA,ANM,WE,Federal Contract Tower,1,15,13,0,29,2,35,111,0,148,3,50,124,0,177,58,0,58,235
09/20/2004,BLI,WA,ANM,WE,Federal Contract Tower,2,22,20,2,46,1,38,98,4,141,3,60,118,6,187,74,0,74,261
09/21/2004,BLI,WA,ANM,WE,Federal Contract Tower,1,26,24,2,53,0,32,118,8,158,1,58,142,10,211,70,10,80,291
09/22/2004,BLI,WA,ANM,WE,Federal Contract Tower,1,32,30,2,65,0,14,74,2,90,1,46,104,4,155,36,0,36,191
09/23/2004,BLI,WA,ANM,WE,Federal Contract Tower,2,22,19,2,45,1,38,91,0,130,3,60,110,2,175,48,2,50,225
09/24/2004,BLI,WA,ANM,WE,Federal Contract Tower,2,23,22,0,47,5,24,193,0,222,7,47,215,0,269,74,0,74,343
09/25/2004,BLI,WA,ANM,WE,Federal Contract Tower,0,11,11,0,22,0,13,135,0,148,0,24,146,0,170,76,0,76,246
09/26/2004,BLI,WA,ANM,WE,Federal Contract Tower,2,19,18,0,39,1,19,83,0,103,3,38,101,0,142,40,0,40,182
09/27/2004,BLI,WA,ANM,WE,Federal Contract Tower,2,20,19,1,42,5,8,32,0,45,7,28,51,1,87,20,0,20,107
09/28/2004,BLI,WA,ANM,WE,Federal Contract Tower,2,18,18,0,38,0,25,48,0,73,2,43,66,0,111,62,0,62,173
09/29/2004,BLI,WA,ANM,WE,Federal Contract Tower,2,22,21,0,45,0,30,91,0,121,2,52,112,0,166,108,0,108,274
09/30/2004,BLI,WA,ANM,WE,Federal Contract Tower,2,20,19,0,41,1,23,114,0,138,3,43,133,0,179,54,0,54,233
10/01/2004,BLI,WA,ANM,WE,Federal Contract Tower,8,17,11,0,36,0,15,127,4,146,8,32,138,4,182,74,0,74,256
10/02/2004,BLI,WA,ANM,WE,Federal Contract Tower,0,13,9,4,26,0,6,167,0,173,0,19,176,4,199,48,8,56,255
10/03/2004,BLI,WA,ANM,WE,Federal Contract Tower,3,16,13,0,32,0,21,132,0,153,3,37,145,0,185,72,0,72,257
10/04/2004,BLI,WA,ANM,WE,Federal Contract Tower,1,12,11,0,24,0,2,32,0,34,1,14,43,0,58,24,0,24,82
10/05/2004,BLI,WA,ANM,WE,Federal Contract Tower,1,32,23,2,58,0,14,45,0,59,1,46,68,2,117,66,0,66,183
10/06/2004,BLI,WA,ANM,WE,Federal Contract Tower,1,22,8,10,41,0,26,146,4,176,1,48,154,14,217,64,0,64,281
10/07/2004,BLI,WA,ANM,WE,Federal Contract Tower,4,20,24,0,48,0,32,108,0,140,4,52,132,0,188,102,0,102,290
10/08/2004,BLI,WA,ANM,WE,Federal Contract Tower,3,25,31,0,59,0,9,8,0,17,3,34,39,0,76,0,0,0,76
10/09/2004,BLI,WA,ANM,WE,Federal Contract Tower,0,15,17,0,32,0,3,31,2,36,0,18,48,2,68,42,0,42,110
10/10/2004,BLI,WA,ANM,WE,Federal Contract Tower,3,13,19,0,35,0,15,101,0,116,3,28,120,0,151,76,0,76,227
10/11/2004,BLI,WA,ANM,WE,Federal Contract Tower,4,17,17,0,38,0,23,79,0,102,4,40,96,0,140,64,0,64,204
10/12/2004,BLI,WA,ANM,WE,Federal Contract Tower,2,19,9,0,30,0,25,113,8,146,2,44,122,8,176,78,0,78,254
10/13/2004,BLI,WA,ANM,WE,Federal Contract Tower,2,27,7,0,36,0,29,123,4,156,2,56,130,4,192,82,0,82,274
10/14/2004,BLI,WA,ANM,WE,Federal Contract Tower,3,25,17,3,48,0,19,91,3,113,3,44,108,6,161,28,0,28,189
10/15/2004,BLI,WA,ANM,WE,Federal Contract Tower,4,35,22,2,63,0,5,15,3,23,4,40,37,5,86,8,0,8,94
10/16/2004,BLI,WA,ANM,WE,Federal Contract Tower,2,18,24,0,44,1,14,86,0,101,3,32,110,0,145,82,1,83,228
10/17/2004,BLI,WA,ANM,WE,Federal Contract Tower,3,16,19,0,38,0,13,30,2,45,3,29,49,2,83,24,0,24,107
10/18/2004,BLI,WA,ANM,WE,Federal Contract Tower,3,24,11,0,38,0,34,72,0,106,3,58,83,0,144,52,0,52,196
10/19/2004,BLI,WA,ANM,WE,Federal Contract Tower,3,23,16,0,42,0,33,76,0,109,3,56,92,0,151,78,0,78,229
10/20/2004,BLI,WA,ANM,WE,Federal Contract Tower,1,20,10,0,31,0,36,162,0,198,1,56,172,0,229,92,0,92,321
10/21/2004,BLI,WA,ANM,WE,Federal Contract Tower,3,20,12,0,35,0,27,125,4,156,3,47,137,4,191,66,0,66,257
10/22/2004,BLI,WA,ANM,WE,Federal Contract Tower,3,20,18,0,41,0,24,47,0,71,3,44,65,0,112,48,0,48,160
10/23/2004,BLI,WA,ANM,WE,Federal Contract Tower,1,15,7,0,23,0,12,64,0,76,1,27,71,0,99,32,0,32,131
10/24/2004,BLI,WA,ANM,WE,Federal Contract Tower,5,12,12,0,29,0,20,74,2,96,5,32,86,2,125,52,0,52,177
10/25/2004,BLI,WA,ANM,WE,Federal Contract Tower,3,19,10,0,32,0,22,41,3,66,3,41,51,3,98,30,0,30,128
10/26/2004,BLI,WA,ANM,WE,Federal Contract Tower,1,23,13,0,37,0,23,108,2,133,1,46,121,2,170,68,0,68,238
10/27/2004,BLI,WA,ANM,WE,Federal Contract Tower,3,22,16,1,42,0,41,202,3,246,3,63,218,4,288,68,2,70,358
10/28/2004,BLI,WA,ANM,WE,Federal Contract Tower,3,26,34,0,63,0,6,15,0,21,3,32,49,0,84,4,0,4,88
10/29/2004,BLI,WA,ANM,WE,Federal Contract Tower,3,23,13,0,39,0,31,41,2,74,3,54,54,2,113,28,0,28,141
10/30/2004,BLI,WA,ANM,WE,Federal Contract Tower,1,13,9,1,24,0,17,61,1,79,1,30,70,2,103,70,0,70,173
10/31/2004,BLI,WA,ANM,WE,Federal Contract Tower,4,14,5,0,23,0,12,93,2,107,4,26,98,2,130,96,0,96,226
11/01/2004,BLI,WA,ANM,WE,Federal Contract Tower,2,25,7,0,34,0,19,25,0,44,2,44,32,0,78,0,0,0,78
11/02/2004,BLI,WA,ANM,WE,Federal Contract Tower,0,29,12,0,41,0,13,54,0,67,0,42,66,0,108,44,0,44,152
11/03/2004,BLI,WA,ANM,WE,Federal Contract Tower,0,19,17,0,36,0,27,107,6,140,0,46,124,6,176,62,0,62,238
11/04/2004,BLI,WA,ANM,WE,Federal Contract Tower,3,23,28,0,54,0,27,123,0,150,3,50,151,0,204,80,0,80,284
11/05/2004,BLI,WA,ANM,WE,Federal Contract Tower,3,21,19,0,43,1,16,78,0,95,4,37,97,0,138,106,8,114,252
11/06/2004,BLI,WA,ANM,WE,Federal Contract Tower,0,16,27,0,43,0,2,1,0,3,0,18,28,0,46,0,0,0,46
11/07/2004,BLI,WA,ANM,WE,Federal Contract Tower,2,12,14,0,28,1,11,70,0,82,3,23,84,0,110,64,0,64,174
11/08/2004,BLI,WA,ANM,WE,Federal Contract Tower,2,5,1,0,8,0,4,15,0,19,2,9,16,0,27,26,0,26,53
11/09/2004,BLI,WA,ANM,WE,Federal Contract Tower,0,23,12,3,38,0,26,46,0,72,0,49,58,3,110,24,0,24,134
11/10/2004,BLI,WA,ANM,WE,Federal Contract Tower,0,22,7,0,29,0,15,94,0,109,0,37,101,0,138,124,0,124,262
11/11/2004,BLI,WA,ANM,WE,Federal Contract Tower,2,22,22,0,46,0,7,110,0,117,2,29,132,0,163,106,0,106,269
11/12/2004,BLI,WA,ANM,WE,Federal Contract Tower,2,19,14,0,35,0,18,79,0,97,2,37,93,0,132,112,0,112,244
11/13/2004,BLI,WA,ANM,WE,Federal Contract Tower,0,14,33,1,48,0,3,0,1,4,0,17,33,2,52,6,0,6,58
11/14/2004,BLI,WA,ANM,WE,Federal Contract Tower,2,14,17,0,33,0,8,39,0,47,2,22,56,0,80,30,0,30,110
11/15/2004,BLI,WA,ANM,WE,Federal Contract Tower,2,25,10,2,39,0,15,52,0,67,2,40,62,2,106,44,4,48,154
11/16/2004,BLI,WA,ANM,WE,Federal Contract Tower,0,26,15,0,41,0,12,45,2,59,0,38,60,2,100,26,0,26,126
11/17/2004,BLI,WA,ANM,WE,Federal Contract Tower,0,22,31,0,53,0,24,165,10,199,0,46,196,10,252,136,0,136,388
11/18/2004,BLI,WA,ANM,WE,Federal Contract Tower,2,29,13,0,44,0,12,16,4,32,2,41,29,4,76,0,0,0,76
11/19/2004,BLI,WA,ANM,WE,Federal Contract Tower,2,20,25,0,47,0,12,63,1,76,2,32,88,1,123,88,0,88,211
11/20/2004,BLI,WA,ANM,WE,Federal Contract Tower,0,11,17,0,28,0,5,120,4,129,0,16,137,4,157,108,0,108,265
11/21/2004,BLI,WA,ANM,WE,Federal Contract Tower,2,12,11,0,25,0,18,91,0,109,2,30,102,0,134,64,0,64,198
11/22/2004,BLI,WA,ANM,WE,Federal Contract Tower,2,34,5,1,42,0,0,1,0,1,2,34,6,1,43,0,0,0,43
11/23/2004,BLI,WA,ANM,WE,Federal Contract Tower,0,35,16,0,51,0,11,22,6,39,0,46,38,6,90,4,0,4,94
11/24/2004,BLI,WA,ANM,WE,Federal Contract Tower,0,33,20,0,53,0,14,19,0,33,0,47,39,0,86,2,0,2,88
11/25/2004,BLI,WA,ANM,WE,Federal Contract Tower,0,10,6,0,16,0,4,48,0,52,0,14,54,0,68,22,0,22,90
11/26/2004,BLI,WA,ANM,WE,Federal Contract Tower,2,23,6,0,31,0,5,55,0,60,2,28,61,0,91,54,0,54,145
11/27/2004,BLI,WA,ANM,WE,Federal Contract Tower,0,16,13,0,29,0,13,62,0,75,0,29,75,0,104,90,0,90,194
11/28/2004,BLI,WA,ANM,WE,Federal Contract Tower,2,18,29,0,49,0,16,95,0,111,2,34,124,0,160,36,0,36,196
11/29/2004,BLI,WA,ANM,WE,Federal Contract Tower,2,27,8,0,37,0,14,30,0,44,2,41,38,0,81,30,0,30,111
11/30/2004,BLI,WA,ANM,WE,Federal Contract Tower,0,29,15,0,44,0,28,24,2,54,0,57,39,2,98,20,0,20,118
12/01/2004,BLI,WA,ANM,WE,Federal Contract Tower,0,20,20,0,40,0,0,10,0,10,0,20,30,0,50,0,0,0,50
12/02/2004,BLI,WA,ANM,WE,Federal Contract Tower,2,29,17,0,48,0,5,33,0,38,2,34,50,0,86,32,0,32,118
12/03/2004,BLI,WA,ANM,WE,Federal Contract Tower,4,22,6,3,35,0,11,57,5,73,4,33,63,8,108,102,0,102,210
12/04/2004,BLI,WA,ANM,WE,Federal Contract Tower,0,17,4,0,21,0,17,43,1,61,0,34,47,1,82,22,0,22,104
12/05/2004,BLI,WA,ANM,WE,Federal Contract Tower,2,13,4,2,21,0,6,112,2,120,2,19,116,4,141,88,14,102,243
12/06/2004,BLI,WA,ANM,WE,Federal Contract Tower,2,26,9,0,37,0,23,20,0,43,2,49,29,0,80,4,0,4,84
12/07/2004,BLI,WA,ANM,WE,Federal Contract Tower,0,29,15,0,44,0,21,31,4,56,0,50,46,4,100,34,0,34,134
12/08/2004,BLI,WA,ANM,WE,Federal Contract Tower,0,33,13,0,46,0,27,59,2,88,0,60,72,2,134,32,0,32,166
12/09/2004,BLI,WA,ANM,WE,Federal Contract Tower,2,31,25,0,58,0,6,72,0,78,2,37,97,0,136,36,0,36,172
12/10/2004,BLI,WA,ANM,WE,Federal Contract Tower,2,28,18,0,48,0,12,11,6,29,2,40,29,6,77,0,0,0,77
12/11/2004,BLI,WA,ANM,WE,Federal Contract Tower,1,16,6,2,25,0,20,164,8,192,1,36,170,10,217,88,6,94,311
12/12/2004,BLI,WA,ANM,WE,Federal Contract Tower,2,11,6,0,19,0,17,38,0,55,2,28,44,0,74,22,0,22,96
12/13/2004,BLI,WA,ANM,WE,Federal Contract Tower,2,24,14,0,40,0,20,58,2,80,2,44,72,2,120,34,0,34,154
12/14/2004,BLI,WA,ANM,WE,Federal Contract Tower,1,27,9,0,37,0,18,55,6,79,1,45,64,6,116,22,0,22,138
12/15/2004,BLI,WA,ANM,WE,Federal Contract Tower,1,25,22,0,48,0,17,134,4,155,1,42,156,4,203,136,0,136,339
12/16/2004,BLI,WA,ANM,WE,Federal Contract Tower,2,25,19,0,46,0,10,91,0,101,2,35,110,0,147,90,0,90,237
12/17/2004,BLI,WA,ANM,WE,Federal Contract Tower,2,12,12,0,26,0,0,8,0,8,2,12,20,0,34,0,0,0,34
12/18/2004,BLI,WA,ANM,WE,Federal Contract Tower,0,15,16,0,31,0,7,83,0,90,0,22,99,0,121,106,0,106,227
12/19/2004,BLI,WA,ANM,WE,Federal Contract Tower,2,12,5,0,19,0,12,55,0,67,2,24,60,0,86,44,0,44,130
12/20/2004,BLI,WA,ANM,WE,Federal Contract Tower,2,24,18,2,46,0,12,62,0,74,2,36,80,2,120,48,0,48,168
12/21/2004,BLI,WA,ANM,WE,Federal Contract Tower,0,26,22,2,50,0,6,55,2,63,0,32,77,4,113,40,0,40,153
12/22/2004,BLI,WA,ANM,WE,Federal Contract Tower,0,30,21,2,53,0,18,113,0,131,0,48,134,2,184,66,2,68,252
12/23/2004,BLI,WA,ANM,WE,Federal Contract Tower,2,32,21,0,55,0,1,9,0,10,2,33,30,0,65,26,0,26,91
12/24/2004,BLI,WA,ANM,WE,Federal Contract Tower,2,26,11,0,39,0,10,52,0,62,2,36,63,0,101,30,0,30,131
12/25/2004,BLI,WA,ANM,WE,Federal Contract Tower,0,17,0,0,17,0,0,0,0,0,0,17,0,0,17,0,0,0,17
12/26/2004,BLI,WA,ANM,WE,Federal Contract Tower,2,15,8,0,25,0,12,49,0,61,2,27,57,0,86,40,0,40,126
12/27/2004,BLI,WA,ANM,WE,Federal Contract Tower,2,22,8,0,32,0,12,158,2,172,2,34,166,2,204,86,0,86,290
12/28/2004,BLI,WA,ANM,WE,Federal Contract Tower,0,24,12,0,36,0,28,126,2,156,0,52,138,2,192,72,0,72,264
12/29/2004,BLI,WA,ANM,WE,Federal Contract Tower,0,27,23,0,50,0,10,27,0,37,0,37,50,0,87,4,0,4,91
12/30/2004,BLI,WA,ANM,WE,Federal Contract Tower,2,27,13,0,42,0,10,59,2,71,2,37,72,2,113,76,0,76,189
12/31/2004,BLI,WA,ANM,WE,Federal Contract Tower,0,14,10,0,24,0,20,127,2,149,0,34,137,2,173,78,6,84,257
01/01/2005,BLI,WA,ANM,WE,Federal Contract Tower,0,11,4,0,15,0,9,40,0,49,0,20,44,0,64,8,0,8,72
01/02/2005,BLI,WA,ANM,WE,Federal Contract Tower,2,13,15,2,32,0,11,111,0,122,2,24,126,2,154,52,0,52,206
01/03/2005,BLI,WA,ANM,WE,Federal Contract Tower,2,20,13,4,39,0,22,85,0,107,2,42,98,4,146,74,4,78,224
01/04/2005,BLI,WA,ANM,WE,Federal Contract Tower,0,23,9,0,32,0,17,103,4,124,0,40,112,4,156,18,0,18,174
01/05/2005,BLI,WA,ANM,WE,Federal Contract Tower,0,19,13,0,32,0,16,157,14,187,0,35,170,14,219,80,0,80,299
01/06/2005,BLI,WA,ANM,WE,Federal Contract Tower,1,29,11,2,43,0,6,15,0,21,1,35,26,2,64,18,0,18,82
01/07/2005,BLI,WA,ANM,WE,Federal Contract Tower,0,2,0,0,2,0,0,0,0,0,0,2,0,0,2,0,0,0,2
01/08/2005,BLI,WA,ANM,WE,Federal Contract Tower,0,15,4,0,19,0,10,23,0,33,0,25,27,0,52,0,0,0,52
01/09/2005,BLI,WA,ANM,WE,Federal Contract Tower,2,12,1,0,15,0,14,12,0,26,2,26,13,0,41,0,0,0,41
01/10/2005,BLI,WA,ANM,WE,Federal Contract Tower,2,18,7,1,28,0,23,59,8,90,2,41,66,9,118,76,12,88,206
01/11/2005,BLI,WA,ANM,WE,Federal Contract Tower,0,22,7,0,29,0,21,53,0,74,0,43,60,0,103,28,0,28,131
01/12/2005,BLI,WA,ANM,WE,Federal Contract Tower,0,25,9,0,34,0,24,38,2,64,0,49,47,2,98,33,0,33,131
01/13/2005,BLI,WA,ANM,WE,Federal Contract Tower,2,26,14,0,42,0,12,75,2,89,2,38,89,2,131,64,0,64,195
01/14/2005,BLI,WA,ANM,WE,Federal Contract Tower,2,25,19,3,49,0,21,146,3,170,2,46,165,6,219,42,0,42,261
01/15/2005,BLI,WA,ANM,WE,Federal Contract Tower,0,9,23,0,32,0,0,34,4,38,0,9,57,4,70,28,16,44,114
01/16/2005,BLI,WA,ANM,WE,Federal Contract Tower,2,9,1,0,12,0,7,6,0,13,2,16,7,0,25,2,0,2,27
01/17/2005,BLI,WA,ANM,WE,Federal Contract Tower,2,18,10,0,30,0,7,9,0,16,2,25,19,0,46,0,0,0,46
01/18/2005,BLI,WA,ANM,WE,Federal Contract Tower,0,27,9,0,36,0,0,41,1,42,0,27,50,1,78,0,0,0,78
01/19/2005,BLI,WA,ANM,WE,Federal Contract Tower,0,28,9,3,40,0,4,38,3,45,0,32,47,6,85,0,0,0,85
01/20/2005,BLI,WA,ANM,WE,Federal Contract Tower,2,26,14,0,42,0,11,64,7,82,2,37,78,7,124,12,0,12,136
01/21/2005,BLI,WA,ANM,WE,Federal Contract Tower,4,20,22,2,48,0,6,82,2,90,4,26,104,4,138,94,4,98,236
01/22/2005,BLI,WA,ANM,WE,Federal Contract Tower,0,15,13,0,28,0,2,39,0,41,0,17,52,0,69,62,0,62,131
01/23/2005,BLI,WA,ANM,WE,Federal Contract Tower,4,13,15,0,32,0,12,73,2,87,4,25,88,2,119,32,0,32,151
01/24/2005,BLI,WA,ANM,WE,Federal Contract Tower,4,19,19,0,42,0,19,85,2,106,4,38,104,2,148,40,0,40,188
01/25/2005,BLI,WA,ANM,WE,Federal Contract Tower,0,19,12,0,31,0,29,142,8,179,0,48,154,8,210,84,0,84,294
01/26/2005,BLI,WA,ANM,WE,Federal Contract Tower,0,21,17,1,39,0,15,97,3,115,0,36,114,4,154,74,2,76,230
01/27/2005,BLI,WA,ANM,WE,Federal Contract Tower,4,21,16,1,42,0,15,57,1,73,4,36,73,2,115,28,2,30,145
01/28/2005,BLI,WA,ANM,WE,Federal Contract Tower,4,20,27,0,51,0,28,115,6,149,4,48,142,6,200,88,0,88,288
01/29/2005,BLI,WA,ANM,WE,Federal Contract Tower,0,15,8,0,23,0,21,116,3,140,0,36,124,3,163,58,10,68,231
01/30/2005,BLI,WA,ANM,WE,Federal Contract Tower,4,12,8,0,24,0,20,58,0,78,4,32,66,0,102,24,0,24,126
01/31/2005,BLI,WA,ANM,WE,Federal Contract Tower,2,19,12,0,33,0,17,56,0,73,2,36,68,0,106,56,0,56,162
02/01/2005,BLI,WA,ANM,WE,Federal Contract Tower,1,23,16,2,42,0,31,116,4,151,1,54,132,6,193,78,2,80,273
02/02/2005,BLI,WA,ANM,WE,Federal Contract Tower,0,24,13,0,37,0,5,122,4,131,0,29,135,4,168,102,0,102,270
02/03/2005,BLI,WA,ANM,WE,Federal Contract Tower,2,26,23,0,51,0,10,87,0,97,2,36,110,0,148,55,0,55,203
02/04/2005,BLI,WA,ANM,WE,Federal Contract Tower,3,18,20,0,41,0,23,79,1,103,3,41,99,1,144,26,2,28,172
02/05/2005,BLI,WA,ANM,WE,Federal Contract Tower,1,15,11,0,27,0,2,76,0,78,1,17,87,0,105,60,0,60,165
02/06/2005,BLI,WA,ANM,WE,Federal Contract Tower,0,4,4,0,8,0,3,4,0,7,0,7,8,0,15,0,0,0,15
02/07/2005,BLI,WA,ANM,WE,Federal Contract Tower,2,22,6,2,32,0,11,60,2,73,2,33,66,4,105,52,4,56,161
02/08/2005,BLI,WA,ANM,WE,Federal Contract Tower,0,22,19,1,42,0,32,127,11,170,0,54,146,12,212,44,2,46,258
02/09/2005,BLI,WA,ANM,WE,Federal Contract Tower,0,22,9,1,32,0,11,125,3,139,0,33,134,4,171,70,0,70,241
02/10/2005,BLI,WA,ANM,WE,Federal Contract Tower,2,24,14,2,42,0,6,94,11,111,2,30,108,13,153,54,2,56,209
02/11/2005,BLI,WA,ANM,WE,Federal Contract Tower,2,18,12,0,32,0,33,174,4,211,2,51,186,4,243,102,0,102,345
02/12/2005,BLI,WA,ANM,WE,Federal Contract Tower,0,15,6,0,21,0,6,45,0,51,0,21,51,0,72,30,0,30,102
02/13/2005,BLI,WA,ANM,WE,Federal Contract Tower,2,12,9,0,23,0,1,72,4,77,2,13,81,4,100,66,0,66,166
02/14/2005,BLI,WA,ANM,WE,Federal Contract Tower,2,22,8,0,32,0,15,63,0,78,2,37,71,0,110,42,0,42,152
02/15/2005,BLI,WA,ANM,WE,Federal Contract Tower,0,26,9,0,35,0,13,138,7,158,0,39,147,7,193,102,2,104,297
02/16/2005,BLI,WA,ANM,WE,Federal Contract Tower,0,22,4,0,26,0,2,157,1,160,0,24,161,1,186,68,2,70,256
02/17/2005,BLI,WA,ANM,WE,Federal Contract Tower,2,22,19,0,43,0,15,188,4,207,2,37,207,4,250,112,0,112,362
02/18/2005,BLI,WA,ANM,WE,Federal Contract Tower,2,20,22,0,44,0,22,130,0,152,2,42,152,0,196,52,0,52,248
02/19/2005,BLI,WA,ANM,WE,Federal Contract Tower,0,15,22,0,37,0,16,144,8,168,0,31,166,8,205,50,0,50,255
02/20/2005,BLI,WA,ANM,WE,Federal Contract Tower,2,14,10,0,26,0,27,101,0,128,2,41,111,0,154,28,0,28,182
02/21/2005,BLI,WA,ANM,WE,Federal Contract Tower,2,21,17,0,40,0,33,128,0,161,2,54,145,0,201,102,0,102,303
02/22/2005,BLI,WA,ANM,WE,Federal Contract Tower,0,22,12,0,34,0,19,137,6,162,0,41,149,6,196,72,0,72,268
02/23/2005,BLI,WA,ANM,WE,Federal Contract Tower,0,23,10,2,35,0,34,177,18,229,0,57,187,20,264,56,0,56,320
02/24/2005,BLI,WA,ANM,WE,Federal Contract Tower,2,21,22,0,45,0,31,147,10,188,2,52,169,10,233,68,2,70,303
02/25/2005,BLI,WA,ANM,WE,Federal Contract Tower,4,21,32,2,59,4,17,142,2,165,8,38,174,4,224,106,0,106,330
02/26/2005,BLI,WA,ANM,WE,Federal Contract Tower,0,12,15,0,27,0,18,125,4,147,0,30,140,4,174,68,0,68,242
02/27/2005,BLI,WA,ANM,WE,Federal Contract Tower,2,12,11,0,25,0,16,167,4,187,2,28,178,4,212,142,2,144,356
02/28/2005,BLI,WA,ANM,WE,Federal Contract Tower,2,19,12,2,35,0,21,60,4,85,2,40,72,6,120,18,2,20,140
03/01/2005,BLI,WA,ANM,WE,Federal Contract Tower,0,24,10,4,38,1,26,102,10,139,1,50,112,14,177,78,6,84,261
03/02/2005,BLI,WA,ANM,WE,Federal Contract Tower,0,24,19,1,44,0,18,74,7,99,0,42,93,8,143,38,0,38,181
03/03/2005,BLI,WA,ANM,WE,Federal Contract Tower,2,20,20,2,44,0,22,138,0,160,2,42,158,2,204,80,0,80,284
03/04/2005,BLI,WA,ANM,WE,Federal Contract Tower,2,21,30,4,57,0,17,115,0,132,2,38,145,4,189,84,8,92,281
03/05/2005,BLI,WA,ANM,WE,Federal Contract Tower,0,13,9,0,22,0,6,97,0,103,0,19,106,0,125,68,0,68,193
03/06/2005,BLI,WA,ANM,WE,Federal Contract Tower,2,12,12,0,26,0,8,115,6,129,2,20,127,6,155,70,2,72,227
03/07/2005,BLI,WA,ANM,WE,Federal Contract Tower,2,22,25,2,51,0,28,119,5,152,2,50,144,7,203,64,4,68,271
03/08/2005,BLI,WA,ANM,WE,Federal Contract Tower,0,20,14,0,34,0,22,129,2,153,0,42,143,2,187,52,0,52,239
03/09/2005,BLI,WA,ANM,WE,Federal Contract Tower,0,30,24,0,54,0,22,59,0,81,0,52,83,0,135,46,0,46,181
03/10/2005,BLI,WA,ANM,WE,Federal Contract Tower,2,19,15,0,36,0,14,129,4,147,2,33,144,4,183,94,0,94,277
03/11/2005,BLI,WA,ANM,WE,Federal Contract Tower,2,19,29,0,50,0,20,86,3,109,2,39,115,3,159,140,2,142,301
03/12/2005,BLI,WA,ANM,WE,Federal Contract Tower,0,15,7,0,22,0,10,138,9,157,0,25,145,9,179,86,0,86,265
03/13/2005,BLI,WA,ANM,WE,Federal Contract Tower,2,12,6,0,20,0,4,142,0,146,2,16,148,0,166,72,0,72,238
03/14/2005,BLI,WA,ANM,WE,Federal Contract Tower,2,21,12,1,36,0,21,135,3,159,2,42,147,4,195,20,0,20,215
03/15/2005,BLI,WA,ANM,WE,Federal Contract Tower,0,24,17,0,41,0,22,93,2,117,0,46,110,2,158,74,0,74,232
03/16/2005,BLI,WA,ANM,WE,Federal Contract Tower,0,25,11,0,36,0,9,45,4,58,0,34,56,4,94,8,6,14,108
03/17/2005,BLI,WA,ANM,WE,Federal Contract Tower,4,26,11,3,44,0,24,97,0,121,4,50,108,3,165,128,6,134,299
03/18/2005,BLI,WA,ANM,WE,Federal Contract Tower,2,18,14,0,34,0,18,80,2,100,2,36,94,2,134,66,0,66,200
03/19/2005,BLI,WA,ANM,WE,Federal Contract Tower,0,15,16,0,31,0,13,66,0,79,0,28,82,0,110,102,0,102,212
03/20/2005,BLI,WA,ANM,WE,Federal Contract Tower,2,12,4,0,18,0,5,23,2,30,2,17,27,2,48,2,0,2,50
03/21/2005,BLI,WA,ANM,WE,Federal Contract Tower,2,25,10,0,37,0,21,106,1,128,2,46,116,1,165,48,0,48,213
03/22/2005,BLI,WA,ANM,WE,Federal Contract Tower,0,19,15,1,35,0,24,74,4,102,0,43,89,5,137,14,4,18,155
03/23/2005,BLI,WA,ANM,WE,Federal Contract Tower,0,25,7,2,34,0,22,126,6,154,0,47,133,8,188,44,2,46,234
03/24/2005,BLI,WA,ANM,WE,Federal Contract Tower,3,22,16,2,43,0,31,179,4,214,3,53,195,6,257,86,4,90,347
03/25/2005,BLI,WA,ANM,WE,Federal Contract Tower,3,21,17,0,41,0,18,95,0,113,3,39,112,0,154,34,0,34,188
03/26/2005,BLI,WA,ANM,WE,Federal Contract Tower,0,17,9,0,26,0,3,9,2,14,0,20,18,2,40,6,0,6,46
03/27/2005,BLI,WA,ANM,WE,Federal Contract Tower,2,13,18,0,33,0,6,51,2,59,2,19,69,2,92,30,0,30,122
03/28/2005,BLI,WA,ANM,WE,Federal Contract Tower,6,21,14,0,41,0,20,30,0,50,6,41,44,0,91,26,0,26,117
03/29/2005,BLI,WA,ANM,WE,Federal Contract Tower,0,23,13,0,36,0,27,56,6,89,0,50,69,6,125,30,0,30,155
03/30/2005,BLI,WA,ANM,WE,Federal Contract Tower,0,22,16,0,38,0,22,143,2,167,0,44,159,2,205,114,0,114,319
03/31/2005,BLI,WA,ANM,WE,Federal Contract Tower,2,22,14,0,38,0,30,61,2,93,2,52,75,2,131,24,0,24,155
04/01/2005,BLI,WA,ANM,WE,Federal Contract Tower,4,20,8,0,32,0,23,37,1,61,4,43,45,1,93,4,0,4,97
04/02/2005,BLI,WA,ANM,WE,Federal Contract Tower,0,15,3,0,18,0,6,59,2,67,0,21,62,2,85,126,0,126,211
04/03/2005,BLI,WA,ANM,WE,Federal Contract Tower,5,17,5,0,27,0,12,38,2,52,5,29,43,2,79,0,0,0,79
04/04/2005,BLI,WA,ANM,WE,Federal Contract Tower,2,21,20,0,43,0,19,125,2,146,2,40,145,2,189,104,0,104,293
04/05/2005,BLI,WA,ANM,WE,Federal Contract Tower,0,21,11,0,32,0,23,57,0,80,0,44,68,0,112,18,0,18,130
04/06/2005,BLI,WA,ANM,WE,Federal Contract Tower,2,20,23,0,45,0,28,93,4,125,2,48,116,4,170,82,0,82,252
04/07/2005,BLI,WA,ANM,WE,Federal Contract Tower,2,23,25,0,50,0,10,28,0,38,2,33,53,0,88,10,0,10,98
04/08/2005,BLI,WA,ANM,WE,Federal Contract Tower,4,24,20,0,48,0,22,138,6,166,4,46,158,6,214,64,0,64,278
04/09/2005,BLI,WA,ANM,WE,Federal Contract Tower,2,15,11,0,28,0,6,96,2,104,2,21,107,2,132,136,0,136,268
04/10/2005,BLI,WA,ANM,WE,Federal Contract Tower,2,16,13,0,31,0,13,97,0,110,2,29,110,0,141,54,0,54,195
04/11/2005,BLI,WA,ANM,WE,Federal Contract Tower,2,19,11,0,32,0,12,12,2,26,2,31,23,2,58,14,0,14,72
04/12/2005,BLI,WA,ANM,WE,Federal Contract Tower,2,25,15,0,42,0,20,64,0,84,2,45,79,0,126,36,0,36,162
04/13/2005,BLI,WA,ANM,WE,Federal Contract Tower,0,21,18,0,39,0,41,94,2,137,0,62,112,2,176,98,0,98,274
04/14/2005,BLI,WA,ANM,WE,Federal Contract Tower,4,27,19,0,50,0,29,101,2,132,4,56,120,2,182,84,0,84,266
04/15/2005,BLI,WA,ANM,WE,Federal Contract Tower,2,17,16,4,39,0,13,28,12,53,2,30,44,16,92,38,12,50,142
04/16/2005,BLI,WA,ANM,WE,Federal Contract Tower,0,18,12,0,30,0,10,74,2,86,0,28,86,2,116,54,0,54,170
04/17/2005,BLI,WA,ANM,WE,Federal Contract Tower,2,12,14,0,28,0,12,78,0,90,2,24,92,0,118,48,0,48,166
04/18/2005,BLI,WA,ANM,WE,Federal Contract Tower,4,23,23,3,53,0,12,103,9,124,4,35,126,12,177,50,6,56,233
04/19/2005,BLI,WA,ANM,WE,Federal Contract Tower,0,23,14,0,37,0,19,174,10,203,0,42,188,10,240,82,0,82,322
04/20/2005,BLI,WA,ANM,WE,Federal Contract Tower,0,21,22,6,49,0,25,158,8,191,0,46,180,14,240,114,4,118,358
04/21/2005,BLI,WA,ANM,WE,Federal Contract Tower,1,27,21,0,49,1,16,109,6,132,2,43,130,6,181,72,0,72,253
04/22/2005,BLI,WA,ANM,WE,Federal Contract Tower,4,20,10,0,34,0,16,206,4,226,4,36,216,4,260,128,2,130,390
04/23/2005,BLI,WA,ANM,WE,Federal Contract Tower,0,16,10,0,26,0,12,127,2,141,0,28,137,2,167,68,0,68,235
04/24/2005,BLI,WA,ANM,WE,Federal Contract Tower,2,12,11,0,25,0,16,106,0,122,2,28,117,0,147,66,0,66,213
04/25/2005,BLI,WA,ANM,WE,Federal Contract Tower,2,24,11,0,37,0,19,90,2,111,2,43,101,2,148,78,0,78,226
04/26/2005,BLI,WA,ANM,WE,Federal Contract Tower,0,23,20,0,43,0,12,86,2,100,0,35,106,2,143,54,0,54,197
04/27/2005,BLI,WA,ANM,WE,Federal Contract Tower,0,21,19,1,41,0,21,51,5,77,0,42,70,6,118,24,0,24,142
04/28/2005,BLI,WA,ANM,WE,Federal Contract Tower,2,20,18,0,40,0,28,136,2,166,2,48,154,2,206,100,0,100,306
04/29/2005,BLI,WA,ANM,WE,Federal Contract Tower,2,23,16,0,41,0,15,94,2,111,2,38,110,2,152,92,0,92,244
04/30/2005,BLI,WA,ANM,WE,Federal Contract Tower,0,17,16,0,33,0,14,140,0,154,0,31,156,0,187,125,0,125,312
05/01/2005,BLI,WA,ANM,WE,Federal Contract Tower,2,14,17,0,33,0,18,166,2,186,2,32,183,2,219,66,0,66,285
05/02/2005,BLI,WA,ANM,WE,Federal Contract Tower,2,20,6,0,28,0,26,44,0,70,2,46,50,0,98,20,0,20,118
05/03/2005,BLI,WA,ANM,WE,Federal Contract Tower,0,19,19,8,46,0,23,105,2,130,0,42,124,10,176,74,0,74,250
05/04/2005,BLI,WA,ANM,WE,Federal Contract Tower,0,25,26,2,53,0,29,60,2,91,0,54,86,4,144,68,2,70,214
05/05/2005,BLI,WA,ANM,WE,Federal Contract Tower,2,25,26,6,59,0,19,119,4,142,2,44,145,10,201,66,18,84,285
05/06/2005,BLI,WA,ANM,WE,Federal Contract Tower,2,23,20,0,45,0,22,112,0,134,2,45,132,0,179,62,0,62,241
05/07/2005,BLI,WA,ANM,WE,Federal Contract Tower,0,17,13,0,30,0,8,177,4,189,0,25,190,4,219,82,0,82,301
05/08/2005,BLI,WA,ANM,WE,Federal Contract Tower,2,12,16,0,30,0,16,96,0,112,2,28,112,0,142,28,0,28,170
05/09/2005,BLI,WA,ANM,WE,Federal Contract Tower,2,28,24,0,54,0,18,60,2,80,2,46,84,2,134,42,0,42,176
05/10/2005,BLI,WA,ANM,WE,Federal Contract Tower,0,21,25,1,47,0,30,112,11,153,0,51,137,12,200,100,4,104,304
05/11/2005,BLI,WA,ANM,WE,Federal Contract Tower,0,19,16,0,35,0,17,124,12,153,0,36,140,12,188,82,2,84,272
05/12/2005,BLI,WA,ANM,WE,Federal Contract Tower,2,20,15,0,37,0,39,129,0,168,2,59,144,0,205,98,0,98,303
05/13/2005,BLI,WA,ANM,WE,Federal Contract Tower,4,19,16,8,47,0,16,142,4,162,4,35,158,12,209,88,22,110,319
05/14/2005,BLI,WA,ANM,WE,Federal Contract Tower,0,15,15,0,30,0,4,124,2,130,0,19,139,2,160,122,0,122,282
05/15/2005,BLI,WA,ANM,WE,Federal Contract Tower,4,18,36,0,58,0,2,49,0,51,4,20,85,0,109,38,0,38,147
05/16/2005,BLI,WA,ANM,WE,Federal Contract Tower,4,19,25,2,50,0,27,57,4,88,4,46,82,6,138,46,4,50,188
05/17/2005,BLI,WA,ANM,WE,Federal Contract Tower,0,19,14,2,35,0,32,115,4,151,0,51,129,6,186,92,8,100,286
05/18/2005,BLI,WA,ANM,WE,Federal Contract Tower,0,19,12,1,32,0,29,70,1,100,0,48,82,2,132,24,6,30,162
05/19/2005,BLI,WA,ANM,WE,Federal Contract Tower,2,20,20,0,42,0,29,83,0,112,2,49,103,0,154,52,0,52,206
05/20/2005,BLI,WA,ANM,WE,Federal Contract Tower,4,23,17,0,44,0,18,98,0,116,4,41,115,0,160,56,0,56,216
05/21/2005,BLI,WA,ANM,WE,Federal Contract Tower,0,16,24,0,40,0,4,140,1,145,0,20,164,1,185,72,0,72,257
05/22/2005,BLI,WA,ANM,WE,Federal Contract Tower,2,13,4,0,19,0,8,40,2,50,2,21,44,2,69,6,0,6,75
05/23/2005,BLI,WA,ANM,WE,Federal Contract Tower,2,19,25,1,47,0,9,115,2,126,2,28,140,3,173,58,0,58,231
05/24/2005,BLI,WA,ANM,WE,Federal Contract Tower,0,20,24,1,45,0,30,100,3,133,0,50,124,4,178,90,0,90,268
05/25/2005,BLI,WA,ANM,WE,Federal Contract Tower,0,19,26,2,47,0,35,206,2,243,0,54,232,4,290,126,0,126,416
05/26/2005,BLI,WA,ANM,WE,Federal Contract Tower,2,22,34,4,62,0,34,164,6,204,2,56,198,10,266,110,8,118,384
05/27/2005,BLI,WA,ANM,WE,Federal Contract Tower,2,20,13,0,35,0,39,206,1,246,2,59,219,1,281,78,0,78,359
05/28/2005,BLI,WA,ANM,WE,Federal Contract Tower,0,17,22,0,39,0,26,180,0,206,0,43,202,0,245,80,0,80,325
05/29/2005,BLI,WA,ANM,WE,Federal Contract Tower,2,12,9,0,23,0,31,86,0,117,2,43,95,0,140,46,0,46,186
05/30/2005,BLI,WA,ANM,WE,Federal Contract Tower,2,12,17,0,31,0,12,189,0,201,2,24,206,0,232,94,0,94,326
05/31/2005,BLI,WA,ANM,WE,Federal Contract Tower,2,30,27,0,59,0,20,70,2,92,2,50,97,2,151,32,0,32,183
06/01/2005,BLI,WA,ANM,WE,Federal Contract Tower,0,24,23,3,50,0,28,73,13,114,0,52,96,16,164,118,14,132,296
06/02/2005,BLI,WA,ANM,WE,Federal Contract Tower,2,22,15,4,43,0,32,147,14,193,2,54,162,18,236,86,4,90,326
06/03/2005,BLI,WA,ANM,WE,Federal Contract Tower,4,22,28,0,54,0,33,161,6,200,4,55,189,6,254,78,0,78,332
06/04/2005,BLI,WA,ANM,WE,Federal Contract Tower,0,17,15,0,32,0,15,160,7,182,0,32,175,7,214,112,0,112,326
06/05/2005,BLI,WA,ANM,WE,Federal Contract Tower,2,14,14,0,30,0,11,63,5,79,2,25,77,5,109,22,0,22,131
06/06/2005,BLI,WA,ANM,WE,Federal Contract Tower,4,20,18,3,45,0,20,77,7,104,4,40,95,10,149,60,10,70,219
06/07/2005,BLI,WA,ANM,WE,Federal Contract Tower,0,25,11,0,36,0,25,88,0,113,0,50,99,0,149,78,0,78,227
06/08/2005,BLI,WA,ANM,WE,Federal Contract Tower,0,27,26,1,54,0,16,38,4,58,0,43,64,5,112,34,0,34,146
06/09/2005,BLI,WA,ANM,WE,Federal Contract Tower,2,19,13,2,36,0,39,177,6,222,2,58,190,8,258,106,4,110,368
06/10/2005,BLI,WA,ANM,WE,Federal Contract Tower,2,18,25,2,47,0,30,160,3,193,2,48,185,5,240,54,0,54,294
06/11/2005,BLI,WA,ANM,WE,Federal Contract Tower,0,15,12,0,27,0,18,81,0,99,0,33,93,0,126,42,0,42,168
06/12/2005,BLI,WA,ANM,WE,Federal Contract Tower,2,12,16,0,30,0,27,117,2,146,2,39,133,2,176,94,0,94,270
06/13/2005,BLI,WA,ANM,WE,Federal Contract Tower,2,19,25,0,46,0,28,70,1,99,2,47,95,1,145,22,0,22,167
06/14/2005,BLI,WA,ANM,WE,Federal Contract Tower,0,22,28,2,52,0,42,115,11,168,0,64,143,13,220,90,0,90,310
06/15/2005,BLI,WA,ANM,WE,Federal Contract Tower,0,20,24,0,44,0,34,168,4,206,0,54,192,4,250,96,0,96,346
06/16/2005,BLI,WA,ANM,WE,Federal Contract Tower,3,23,17,6,49,0,43,171,18,232,3,66,188,24,281,84,0,84,365
06/17/2005,BLI,WA,ANM,WE,Federal Contract Tower,3,25,28,0,56,0,44,147,0,191,3,69,175,0,247,82,0,82,329
06/18/2005,BLI,WA,ANM,WE,Federal Contract Tower,0,15,20,0,35,0,9,177,2,188,0,24,197,2,223,164,0,164,387
06/19/2005,BLI,WA,ANM,WE,Federal Contract Tower,2,15,17,0,34,0,31,151,2,184,2,46,168,2,218,58,0,58,276
06/20/2005,BLI,WA,ANM,WE,Federal Contract Tower,4,23,26,0,53,0,23,120,2,145,4,46,146,2,198,48,0,48,246
06/21/2005,BLI,WA,ANM,WE,Federal Contract Tower,0,28,24,0,52,0,27,135,0,162,0,55,159,0,214,100,0,100,314
06/22/2005,BLI,WA,ANM,WE,Federal Contract Tower,0,25,38,0,63,0,24,59,0,83,0,49,97,0,146,56,0,56,202
06/23/2005,BLI,WA,ANM,WE,Federal Contract Tower,2,24,21,2,49,0,30,163,3,196,2,54,184,5,245,48,2,50,295
06/24/2005,BLI,WA,ANM,WE,Federal Contract Tower,4,24,27,1,56,0,32,101,7,140,4,56,128,8,196,82,4,86,282
06/25/2005,BLI,WA,ANM,WE,Federal Contract Tower,0,25,29,0,54,0,16,161,0,177,0,41,190,0,231,44,0,44,275
06/26/2005,BLI,WA,ANM,WE,Federal Contract Tower,2,12,23,0,37,0,17,97,10,124,2,29,120,10,161,32,2,34,195
06/27/2005,BLI,WA,ANM,WE,Federal Contract Tower,2,24,37,0,63,0,10,41,4,55,2,34,78,4,118,34,0,34,152
06/28/2005,BLI,WA,ANM,WE,Federal Contract Tower,0,25,25,6,56,0,40,111,10,161,0,65,136,16,217,50,0,50,267
06/29/2005,BLI,WA,ANM,WE,Federal Contract Tower,0,25,31,0,56,0,38,168,5,211,0,63,199,5,267,90,0,90,357
06/30/2005,BLI,WA,ANM,WE,Federal Contract Tower,8,24,35,1,68,0,45,175,1,221,8,69,210,2,289,42,2,44,333
07/01/2005,BLI,WA,ANM,WE,Federal Contract Tower,2,25,27,2,56,0,40,109,2,151,2,65,136,4,207,40,0,40,247
07/02/2005,BLI,WA,ANM,WE,Federal Contract Tower,0,17,25,0,42,0,24,152,7,183,0,41,177,7,225,38,0,38,263
07/03/2005,BLI,WA,ANM,WE,Federal Contract Tower,2,13,8,1,24,0,39,214,9,262,2,52,222,10,286,76,0,76,362
07/04/2005,BLI,WA,ANM,WE,Federal Contract Tower,2,12,15,0,29,0,17,115,2,134,2,29,130,2,163,40,0,40,203
07/05/2005,BLI,WA,ANM,WE,Federal Contract Tower,0,20,27,0,47,0,18,67,0,85,0,38,94,0,132,98,0,98,230
07/06/2005,BLI,WA,ANM,WE,Federal Contract Tower,0,22,32,3,57,0,28,104,0,132,0,50,136,3,189,96,4,100,289
07/07/2005,BLI,WA,ANM,WE,Federal Contract Tower,3,26,12,0,41,0,32,176,0,208,3,58,188,0,249,92,0,92,341
07/08/2005,BLI,WA,ANM,WE,Federal Contract Tower,2,20,28,2,52,0,38,54,6,98,2,58,82,8,150,34,0,34,184
07/09/2005,BLI,WA,ANM,WE,Federal Contract Tower,0,18,19,0,37,0,19,210,0,229,0,37,229,0,266,56,0,56,322
07/10/2005,BLI,WA,ANM,WE,Federal Contract Tower,4,14,15,0,33,0,24,148,1,173,4,38,163,1,206,60,0,60,266
07/11/2005,BLI,WA,ANM,WE,Federal Contract Tower,2,18,24,1,45,0,25,95,4,124,2,43,119,5,169,54,0,54,223
07/12/2005,BLI,WA,ANM,WE,Federal Contract Tower,0,22,11,0,33,0,36,102,1,139,0,58,113,1,172,50,0,50,222
07/13/2005,BLI,WA,ANM,WE,Federal Contract Tower,0,24,17,1,42,0,45,146,1,192,0,69,163,2,234,12,12,24,258
07/14/2005,BLI,WA,ANM,WE,Federal Contract Tower,2,26,18,0,46,0,49,160,6,215,2,75,178,6,261,60,0,60,321
07/15/2005,BLI,WA,ANM,WE,Federal Contract Tower,2,22,26,0,50,0,34,114,2,150,2,56,140,2,200,92,0,92,292
07/16/2005,BLI,WA,ANM,WE,Federal Contract Tower,0,17,11,0,28,0,24,151,1,176,0,41,162,1,204,112,2,114,318
07/17/2005,BLI,WA,ANM,WE,Federal Contract Tower,2,15,13,0,30,0,20,161,2,183,2,35,174,2,213,60,0,60,273
07/18/2005,BLI,WA,ANM,WE,Federal Contract Tower,4,21,9,0,34,0,50,98,2,150,4,71,107,2,184,64,0,64,248
07/19/2005,BLI,WA,ANM,WE,Federal Contract Tower,0,20,26,0,46,0,49,148,2,199,0,69,174,2,245,110,0,110,355
07/20/2005,BLI,WA,ANM,WE,Federal Contract Tower,0,23,17,0,40,0,38,154,1,193,0,61,171,1,233,68,0,68,301
07/21/2005,BLI,WA,ANM,WE,Federal Contract Tower,2,23,34,0,59,0,18,146,2,166,2,41,180,2,225,64,0,64,289
07/22/2005,BLI,WA,ANM,WE,Federal Contract Tower,4,20,22,0,46,0,47,132,2,181,4,67,154,2,227,68,0,68,295
07/23/2005,BLI,WA,ANM,WE,Federal Contract Tower,0,16,31,1,48,0,48,149,9,206,0,64,180,10,254,74,0,74,328
07/24/2005,BLI,WA,ANM,WE,Federal Contract Tower,2,15,21,2,40,0,43,177,0,220,2,58,198,2,260,76,12,88,348
07/25/2005,BLI,WA,ANM,WE,Federal Contract Tower,4,22,21,2,49,0,41,126,0,167,4,63,147,2,216,32,20,52,268
07/26/2005,BLI,WA,ANM,WE,Federal Contract Tower,0,22,16,4,42,0,35,143,3,181,0,57,159,7,223,78,14,92,315
07/27/2005,BLI,WA,ANM,WE,Federal Contract Tower,0,27,16,1,44,0,22,161,2,185,0,49,177,3,229,136,0,136,365
07/28/2005,BLI,WA,ANM,WE,Federal Contract Tower,4,34,27,0,65,0,12,115,2,129,4,46,142,2,194,46,0,46,240
07/29/2005,BLI,WA,ANM,WE,Federal Contract Tower,2,24,28,1,55,0,45,168,6,219,2,69,196,7,274,66,48,114,388
07/30/2005,BLI,WA,ANM,WE,Federal Contract Tower,0,18,8,0,26,0,30,178,4,212,0,48,186,4,238,108,0,108,346
07/31/2005,BLI,WA,ANM,WE,Federal Contract Tower,4,14,27,2,47,0,32,179,6,217,4,46,206,8,264,76,2,78,342
08/01/2005,BLI,WA,ANM,WE,Federal Contract Tower,2,26,29,3,60,0,25,110,9,144,2,51,139,12,204,61,2,63,267
08/02/2005,BLI,WA,ANM,WE,Federal Contract Tower,0,25,17,0,42,0,39,121,6,166,0,64,138,6,208,78,0,78,286
08/03/2005,BLI,WA,ANM,WE,Federal Contract Tower,2,28,26,0,56,1,22,153,1,177,3,50,179,1,233,118,0,118,351
08/04/2005,BLI,WA,ANM,WE,Federal Contract Tower,2,27,31,0,60,2,15,141,0,158,4,42,172,0,218,78,0,78,296
08/05/2005,BLI,WA,ANM,WE,Federal Contract Tower,2,29,49,3,83,0,20,104,4,128,2,49,153,7,211,46,6,52,263
08/06/2005,BLI,WA,ANM,WE,Federal Contract Tower,0,16,21,1,38,0,32,167,3,202,0,48,188,4,240,58,0,58,298
08/07/2005,BLI,WA,ANM,WE,Federal Contract Tower,2,17,24,0,43,0,42,159,2,203,2,59,183,2,246,58,0,58,304
08/08/2005,BLI,WA,ANM,WE,Federal Contract Tower,2,22,22,0,46,0,25,107,0,132,2,47,129,0,178,34,0,34,212
08/09/2005,BLI,WA,ANM,WE,Federal Contract Tower,0,26,35,0,61,0,30,185,4,219,0,56,220,4,280,32,0,32,312
08/10/2005,BLI,WA,ANM,WE,Federal Contract Tower,0,31,46,2,79,0,26,98,0,124,0,57,144,2,203,74,0,74,277
08/11/2005,BLI,WA,ANM,WE,Federal Contract Tower,4,24,30,0,58,0,36,132,0,168,4,60,162,0,226,82,0,82,308
08/12/2005,BLI,WA,ANM,WE,Federal Contract Tower,2,22,25,0,49,0,19,123,2,144,2,41,148,2,193,62,0,62,255
08/13/2005,BLI,WA,ANM,WE,Federal Contract Tower,1,17,20,0,38,0,41,228,8,277,1,58,248,8,315,124,0,124,439
08/14/2005,BLI,WA,ANM,WE,Federal Contract Tower,2,15,20,0,37,0,41,236,10,287,2,56,256,10,324,88,0,88,412
08/15/2005,BLI,WA,ANM,WE,Federal Contract Tower,4,23,30,1,58,0,40,170,1,211,4,63,200,2,269,66,0,66,335
08/16/2005,BLI,WA,ANM,WE,Federal Contract Tower,0,42,77,0,119,0,14,33,8,55,0,56,110,8,174,20,0,20,194
08/17/2005,BLI,WA,ANM,WE,Federal Contract Tower,2,22,27,4,55,0,46,115,6,167,2,68,142,10,222,48,0,48,270
08/18/2005,BLI,WA,ANM,WE,Federal Contract Tower,2,26,21,2,51,0,44,144,0,188,2,70,165,2,239,32,4,36,275
08/19/2005,BLI,WA,ANM,WE,Federal Contract Tower,4,22,30,1,57,0,27,153,8,188,4,49,183,9,245,22,0,22,267
08/20/2005,BLI,WA,ANM,WE,Federal Contract Tower,0,15,21,0,36,0,19,209,2,230,0,34,230,2,266,62,0,62,328
08/21/2005,BLI,WA,ANM,WE,Federal Contract Tower,2,15,15,0,32,0,44,189,0,233,2,59,204,0,265,56,0,56,321
08/22/2005,BLI,WA,ANM,WE,Federal Contract Tower,4,22,28,1,55,0,36,123,3,162,4,58,151,4,217,86,0,86,303
08/23/2005,BLI,WA,ANM,WE,Federal Contract Tower,0,24,27,1,52,0,45,142,4,191,0,69,169,5,243,66,0,66,309
08/24/2005,BLI,WA,ANM,WE,Federal Contract Tower,0,21,13,2,36,0,25,186,7,218,0,46,199,9,254,92,0,92,346
08/25/2005,BLI,WA,ANM,WE,Federal Contract Tower,2,23,19,0,44,0,23,132,0,155,2,46,151,0,199,90,0,90,289
08/26/2005,BLI,WA,ANM,WE,Federal Contract Tower,2,22,16,0,40,0,36,158,2,196,2,58,174,2,236,100,0,100,336
08/27/2005,BLI,WA,ANM,WE,Federal Contract Tower,0,18,18,0,36,0,24,129,0,153,0,42,147,0,189,52,0,52,241
08/28/2005,BLI,WA,ANM,WE,Federal Contract Tower,2,16,30,1,49,0,32,88,2,122,2,48,118,3,171,2,0,2,173
08/29/2005,BLI,WA,ANM,WE,Federal Contract Tower,2,28,18,1,49,0,49,120,2,171,2,77,138,3,220,72,0,72,292
08/30/2005,BLI,WA,ANM,WE,Federal Contract Tower,0,26,14,0,40,0,53,80,4,137,0,79,94,4,177,122,0,122,299
08/31/2005,BLI,WA,ANM,WE,Federal Contract Tower,0,27,23,0,50,0,30,104,0,134,0,57,127,0,184,118,0,118,302
09/01/2005,BLI,WA,ANM,WE,Federal Contract Tower,2,22,26,2,52,0,37,115,4,156,2,59,141,6,208,66,0,66,274
09/02/2005,BLI,WA,ANM,WE,Federal Contract Tower,2,23,28,0,53,0,41,108,4,153,2,64,136,4,206,56,0,56,262
09/03/2005,BLI,WA,ANM,WE,Federal Contract Tower,0,17,20,0,37,0,22,115,4,141,0,39,135,4,178,46,0,46,224
09/04/2005,BLI,WA,ANM,WE,Federal Contract Tower,2,15,21,2,40,0,35,70,6,111,2,50,91,8,151,6,0,6,157
09/05/2005,BLI,WA,ANM,WE,Federal Contract Tower,2,15,28,0,45,0,23,170,0,193,2,38,198,0,238,74,0,74,312
09/06/2005,BLI,WA,ANM,WE,Federal Contract Tower,0,27,19,0,46,0,39,133,2,174,0,66,152,2,220,60,0,60,280
09/07/2005,BLI,WA,ANM,WE,Federal Contract Tower,2,26,24,0,52,0,28,162,10,200,2,54,186,10,252,138,2,140,392
09/08/2005,BLI,WA,ANM,WE,Federal Contract Tower,2,26,11,1,40,0,23,129,3,155,2,49,140,4,195,72,0,72,267
09/09/2005,BLI,WA,ANM,WE,Federal Contract Tower,5,20,20,0,45,0,19,64,0,83,5,39,84,0,128,74,0,74,202
09/10/2005,BLI,WA,ANM,WE,Federal Contract Tower,0,20,16,0,36,0,19,96,0,115,0,39,112,0,151,88,0,88,239
09/11/2005,BLI,WA,ANM,WE,Federal Contract Tower,2,12,18,0,32,0,15,78,0,93,2,27,96,0,125,54,0,54,179
09/12/2005,BLI,WA,ANM,WE,Federal Contract Tower,6,29,21,2,58,0,35,103,0,138,6,64,124,2,196,82,2,84,280
09/13/2005,BLI,WA,ANM,WE,Federal Contract Tower,0,31,29,0,60,0,31,126,4,161,0,62,155,4,221,82,2,84,305
09/14/2005,BLI,WA,ANM,WE,Federal Contract Tower,1,30,15,1,47,7,43,137,3,190,8,73,152,4,237,34,8,42,279
09/15/2005,BLI,WA,ANM,WE,Federal Contract Tower,2,28,29,0,59,0,31,122,6,159,2,59,151,6,218,64,0,64,282
09/16/2005,BLI,WA,ANM,WE,Federal Contract Tower,2,29,39,0,70,0,16,56,0,72,2,45,95,0,142,30,0,30,172
09/17/2005,BLI,WA,ANM,WE,Federal Contract Tower,0,18,20,0,38,0,8,118,0,126,0,26,138,0,164,42,0,42,206
09/18/2005,BLI,WA,ANM,WE,Federal Contract Tower,2,16,18,0,36,0,18,109,0,127,2,34,127,0,163,56,0,56,219
09/19/2005,BLI,WA,ANM,WE,Federal Contract Tower,4,24,23,0,51,2,32,81,0,115,6,56,104,0,166,58,0,58,224
09/20/2005,BLI,WA,ANM,WE,Federal Contract Tower,0,26,25,1,52,4,49,126,0,179,4,75,151,1,231,102,2,104,335
09/21/2005,BLI,WA,ANM,WE,Federal Contract Tower,0,32,33,1,66,0,41,124,4,169,0,73,157,5,235,40,6,46,281
09/22/2005,BLI,WA,ANM,WE,Federal Contract Tower,2,23,17,0,42,0,52,139,0,191,2,75,156,0,233,74,0,74,307
09/23/2005,BLI,WA,ANM,WE,Federal Contract Tower,4,21,26,0,51,0,28,158,0,186,4,49,184,0,237,110,0,110,347
09/24/2005,BLI,WA,ANM,WE,Federal Contract Tower,0,17,16,0,33,0,14,106,0,120,0,31,122,0,153,70,0,70,223
09/25/2005,BLI,WA,ANM,WE,Federal Contract Tower,2,14,15,0,31,0,19,142,0,161,2,33,157,0,192,72,0,72,264
09/26/2005,BLI,WA,ANM,WE,Federal Contract Tower,5,26,20,0,51,5,23,177,2,207,10,49,197,2,258,42,0,42,300
09/27/2005,BLI,WA,ANM,WE,Federal Contract Tower,0,40,29,0,69,0,17,68,0,85,0,57,97,0,154,68,0,68,222
09/28/2005,BLI,WA,ANM,WE,Federal Contract Tower,0,26,15,0,41,0,41,121,1,163,0,67,136,1,204,86,0,86,290
09/29/2005,BLI,WA,ANM,WE,Federal Contract Tower,2,28,23,1,54,0,32,48,1,81,2,60,71,2,135,0,0,0,135
09/30/2005,BLI,WA,ANM,WE,Federal Contract Tower,2,23,16,0,41,0,26,88,0,114,2,49,104,0,155,98,0,98,253
10/01/2005,BLI,WA,ANM,WE,Federal Contract Tower,0,17,15,0,32,0,10,91,0,101,0,27,106,0,133,74,0,74,207
10/02/2005,BLI,WA,ANM,WE,Federal Contract Tower,2,13,11,0,26,0,16,59,4,79,2,29,70,4,105,40,0,40,145
10/03/2005,BLI,WA,ANM,WE,Federal Contract Tower,2,32,16,0,50,0,16,118,0,134,2,48,134,0,184,126,0,126,310
10/04/2005,BLI,WA,ANM,WE,Federal Contract Tower,0,28,18,1,47,0,29,122,3,154,0,57,140,4,201,94,0,94,295
10/05/2005,BLI,WA,ANM,WE,Federal Contract Tower,0,27,15,0,42,0,31,86,0,117,0,58,101,0,159,48,2,50,209
10/06/2005,BLI,WA,ANM,WE,Federal Contract Tower,2,28,20,0,50,0,30,71,0,101,2,58,91,0,151,44,0,44,195
10/07/2005,BLI,WA,ANM,WE,Federal Contract Tower,2,28,11,0,41,0,15,75,2,92,2,43,86,2,133,16,0,16,149
10/08/2005,BLI,WA,ANM,WE,Federal Contract Tower,0,20,7,0,27,0,17,101,0,118,0,37,108,0,145,42,0,42,187
10/09/2005,BLI,WA,ANM,WE,Federal Contract Tower,1,15,17,0,33,0,11,106,0,117,1,26,123,0,150,28,0,28,178
10/10/2005,BLI,WA,ANM,WE,Federal Contract Tower,4,25,16,0,45,0,17,56,0,73,4,42,72,0,118,22,0,22,140
10/11/2005,BLI,WA,ANM,WE,Federal Contract Tower,0,24,8,0,32,0,17,119,0,136,0,41,127,0,168,102,0,102,270
10/12/2005,BLI,WA,ANM,WE,Federal Contract Tower,2,26,11,3,42,0,39,84,7,130,2,65,95,10,172,68,0,68,240
10/13/2005,BLI,WA,ANM,WE,Federal Contract Tower,4,27,29,0,60,0,31,113,4,148,4,58,142,4,208,72,0,72,280
10/14/2005,BLI,WA,ANM,WE,Federal Contract Tower,2,20,23,0,45,0,24,93,2,119,2,44,116,2,164,76,0,76,240
10/15/2005,BLI,WA,ANM,WE,Federal Contract Tower,0,14,7,0,21,0,27,117,2,146,0,41,124,2,167,98,0,98,265
10/16/2005,BLI,WA,ANM,WE,Federal Contract Tower,4,13,28,0,45,0,11,39,1,51,4,24,67,1,96,10,0,10,106
10/17/2005,BLI,WA,ANM,WE,Federal Contract Tower,4,28,17,0,49,0,0,7,0,7,4,28,24,0,56,0,0,0,56
10/18/2005,BLI,WA,ANM,WE,Federal Contract Tower,0,32,30,0,62,0,18,71,0,89,0,50,101,0,151,64,0,64,215
10/19/2005,BLI,WA,ANM,WE,Federal Contract Tower,0,33,25,0,58,0,21,21,0,42,0,54,46,0,100,22,0,22,122
10/20/2005,BLI,WA,ANM,WE,Federal Contract Tower,2,26,38,0,66,0,30,126,0,156,2,56,164,0,222,116,0,116,338
10/21/2005,BLI,WA,ANM,WE,Federal Contract Tower,4,23,12,0,39,4,15,105,0,124,8,38,117,0,163,68,0,68,231
10/22/2005,BLI,WA,ANM,WE,Federal Contract Tower,0,14,10,0,24,0,20,133,0,153,0,34,143,0,177,58,0,58,235
10/23/2005,BLI,WA,ANM,WE,Federal Contract Tower,2,14,13,0,29,0,2,0,0,2,2,16,13,0,31,0,0,0,31
10/24/2005,BLI,WA,ANM,WE,Federal Contract Tower,4,24,21,1,50,0,14,57,1,72,4,38,78,2,122,52,0,52,174
10/25/2005,BLI,WA,ANM,WE,Federal Contract Tower,0,31,14,6,51,0,25,64,10,99,0,56,78,16,150,60,0,60,210
10/26/2005,BLI,WA,ANM,WE,Federal Contract Tower,0,25,20,0,45,0,29,117,0,146,0,54,137,0,191,56,0,56,247
10/27/2005,BLI,WA,ANM,WE,Federal Contract Tower,2,32,25,2,61,0,30,131,2,163,2,62,156,4,224,68,0,68,292
10/28/2005,BLI,WA,ANM,WE,Federal Contract Tower,2,20,17,0,39,0,34,82,4,120,2,54,99,4,159,28,0,28,187
10/29/2005,BLI,WA,ANM,WE,Federal Contract Tower,0,16,9,0,25,0,16,113,2,131,0,32,122,2,156,50,0,50,206
10/30/2005,BLI,WA,ANM,WE,Federal Contract Tower,2,12,7,0,21,0,16,56,0,72,2,28,63,0,93,20,0,20,113
10/31/2005,BLI,WA,ANM,WE,Federal Contract Tower,2,23,18,2,45,0,33,68,2,103,2,56,86,4,148,28,0,28,176
11/01/2005,BLI,WA,ANM,WE,Federal Contract Tower,0,33,15,1,49,0,6,12,3,21,0,39,27,4,70,4,0,4,74
11/02/2005,BLI,WA,ANM,WE,Federal Contract Tower,0,29,10,0,39,0,11,106,0,117,0,40,116,0,156,83,0,83,239
11/03/2005,BLI,WA,ANM,WE,Federal Contract Tower,2,24,22,2,50,0,0,42,0,42,2,24,64,2,92,26,2,28,120
11/04/2005,BLI,WA,ANM,WE,Federal Contract Tower,2,24,10,0,36,0,30,38,0,68,2,54,48,0,104,0,0,0,104
11/05/2005,BLI,WA,ANM,WE,Federal Contract Tower,0,15,5,0,20,0,18,54,2,74,0,33,59,2,94,40,0,40,134
11/06/2005,BLI,WA,ANM,WE,Federal Contract Tower,10,12,3,0,25,0,17,65,5,87,10,29,68,5,112,64,2,66,178
11/07/2005,BLI,WA,ANM,WE,Federal Contract Tower,2,23,6,4,35,0,27,103,3,133,2,50,109,7,168,68,2,70,238
11/08/2005,BLI,WA,ANM,WE,Federal Contract Tower,0,25,10,0,35,0,27,81,0,108,0,52,91,0,143,38,0,38,181
11/09/2005,BLI,WA,ANM,WE,Federal Contract Tower,2,24,8,4,38,0,26,79,6,111,2,50,87,10,149,64,0,64,213
11/10/2005,BLI,WA,ANM,WE,Federal Contract Tower,2,27,16,1,46,0,27,30,1,58,2,54,46,2,104,12,0,12,116
11/11/2005,BLI,WA,ANM,WE,Federal Contract Tower,2,19,10,0,31,0,17,20,0,37,2,36,30,0,68,0,0,0,68
11/12/2005,BLI,WA,ANM,WE,Federal Contract Tower,0,13,17,0,30,0,27,73,0,100,0,40,90,0,130,34,0,34,164
11/13/2005,BLI,WA,ANM,WE,Federal Contract Tower,2,14,21,0,37,0,12,28,3,43,2,26,49,3,80,12,0,12,92
11/14/2005,BLI,WA,ANM,WE,Federal Contract Tower,4,23,9,0,36,0,26,99,2,127,4,49,108,2,163,60,0,60,223
11/15/2005,BLI,WA,ANM,WE,Federal Contract Tower,0,24,15,1,40,0,18,70,1,89,0,42,85,2,129,70,0,70,199
11/16/2005,BLI,WA,ANM,WE,Federal Contract Tower,2,24,16,0,42,0,38,124,2,164,2,62,140,2,206,54,0,54,260
11/17/2005,BLI,WA,ANM,WE,Federal Contract Tower,2,23,22,0,47,0,31,107,0,138,2,54,129,0,185,148,0,148,333
11/18/2005,BLI,WA,ANM,WE,Federal Contract Tower,4,26,25,0,55,0,22,139,0,161,4,48,164,0,216,116,0,116,332
11/19/2005,BLI,WA,ANM,WE,Federal Contract Tower,2,11,9,2,24,0,1,37,6,44,2,12,46,8,68,38,8,46,114
11/20/2005,BLI,WA,ANM,WE,Federal Contract Tower,0,6,5,0,11,0,2,6,0,8,0,8,11,0,19,2,0,2,21
11/21/2005,BLI,WA,ANM,WE,Federal Contract Tower,2,13,10,0,25,0,16,19,0,35,2,29,29,0,60,8,0,8,68
11/22/2005,BLI,WA,ANM,WE,Federal Contract Tower,4,13,11,6,34,0,8,53,6,67,4,21,64,12,101,14,0,14,115
11/23/2005,BLI,WA,ANM,WE,Federal Contract Tower,0,0,13,0,13,0,0,0,0,0,0,0,13,0,13,0,0,0,13
11/24/2005,BLI,WA,ANM,WE,Federal Contract Tower,0,9,4,0,13,0,12,44,0,56,0,21,48,0,69,14,0,14,83
11/25/2005,BLI,WA,ANM,WE,Federal Contract Tower,2,18,8,0,28,0,4,10,0,14,2,22,18,0,42,16,0,16,58
11/26/2005,BLI,WA,ANM,WE,Federal Contract Tower,0,15,8,0,23,0,14,128,3,145,0,29,136,3,168,94,0,94,262
11/27/2005,BLI,WA,ANM,WE,Federal Contract Tower,2,13,14,0,29,0,14,82,0,96,2,27,96,0,125,68,0,68,193
11/28/2005,BLI,WA,ANM,WE,Federal Contract Tower,2,25,18,0,45,0,24,98,0,122,2,49,116,0,167,40,0,40,207
11/29/2005,BLI,WA,ANM,WE,Federal Contract Tower,0,31,7,1,39,0,29,21,3,53,0,60,28,4,92,0,0,0,92
11/30/2005,BLI,WA,ANM,WE,Federal Contract Tower,0,32,10,0,42,0,28,44,0,72,0,60,54,0,114,26,0,26,140
12/01/2005,BLI,WA,ANM,WE,Federal Contract Tower,5,16,17,0,38,0,7,14,0,21,5,23,31,0,59,0,0,0,59
12/02/2005,BLI,WA,ANM,WE,Federal Contract Tower,2,24,8,15,49,0,12,34,5,51,2,36,42,20,100,4,38,42,142
12/03/2005,BLI,WA,ANM,WE,Federal Contract Tower,0,13,11,1,25,0,20,60,0,80,0,33,71,1,105,56,0,56,161
12/04/2005,BLI,WA,ANM,WE,Federal Contract Tower,4,13,4,0,21,0,11,63,1,75,4,24,67,1,96,54,0,54,150
12/05/2005,BLI,WA,ANM,WE,Federal Contract Tower,2,24,2,0,28,0,26,41,0,67,2,50,43,0,95,36,0,36,131
12/06/2005,BLI,WA,ANM,WE,Federal Contract Tower,12,12,14,0,38,0,28,99,0,127,12,40,113,0,165,74,0,74,239
12/07/2005,BLI,WA,ANM,WE,Federal Contract Tower,12,16,19,0,47,0,19,75,2,96,12,35,94,2,143,38,0,38,181
12/08/2005,BLI,WA,ANM,WE,Federal Contract Tower,14,11,6,2,33,0,32,114,3,149,14,43,120,5,182,52,0,52,234
12/09/2005,BLI,WA,ANM,WE,Federal Contract Tower,14,11,15,0,40,0,37,127,4,168,14,48,142,4,208,86,0,86,294
12/10/2005,BLI,WA,ANM,WE,Federal Contract Tower,12,5,16,0,33,0,31,108,0,139,12,36,124,0,172,68,0,68,240
12/11/2005,BLI,WA,ANM,WE,Federal Contract Tower,10,2,14,0,26,0,6,64,0,70,10,8,78,0,96,34,0,34,130
12/12/2005,BLI,WA,ANM,WE,Federal Contract Tower,14,21,17,0,52,0,8,6,0,14,14,29,23,0,66,2,0,2,68
12/13/2005,BLI,WA,ANM,WE,Federal Contract Tower,12,12,30,1,55,0,30,52,0,82,12,42,82,1,137,26,4,30,167
12/14/2005,BLI,WA,ANM,WE,Federal Contract Tower,12,13,20,0,45,0,43,115,3,161,12,56,135,3,206,18,0,18,224
12/15/2005,BLI,WA,ANM,WE,Federal Contract Tower,14,13,15,0,42,0,15,96,0,111,14,28,111,0,153,40,0,40,193
12/16/2005,BLI,WA,ANM,WE,Federal Contract Tower,14,9,7,1,31,0,27,107,1,135,14,36,114,2,166,42,0,42,208
12/17/2005,BLI,WA,ANM,WE,Federal Contract Tower,14,4,9,0,27,0,38,161,7,206,14,42,170,7,233,76,10,86,319
12/18/2005,BLI,WA,ANM,WE,Federal Contract Tower,14,0,9,0,23,0,18,129,0,147,14,18,138,0,170,22,0,22,192
12/19/2005,BLI,WA,ANM,WE,Federal Contract Tower,14,11,5,0,30,0,25,44,0,69,14,36,49,0,99,14,0,14,113
12/20/2005,BLI,WA,ANM,WE,Federal Contract Tower,12,13,8,1,34,0,26,43,1,70,12,39,51,2,104,18,0,18,122
12/21/2005,BLI,WA,ANM,WE,Federal Contract Tower,12,14,9,2,37,0,35,51,2,88,12,49,60,4,125,16,0,16,141
12/22/2005,BLI,WA,ANM,WE,Federal Contract Tower,16,17,10,1,44,0,21,17,1,39,16,38,27,2,83,4,0,4,87
12/23/2005,BLI,WA,ANM,WE,Federal Contract Tower,14,14,15,1,44,0,24,46,1,71,14,38,61,2,115,26,0,26,141
12/24/2005,BLI,WA,ANM,WE,Federal Contract Tower,11,2,4,0,17,0,14,26,0,40,11,16,30,0,57,4,0,4,61
12/25/2005,BLI,WA,ANM,WE,Federal Contract Tower,13,0,0,0,13,0,0,5,0,5,13,0,5,0,18,0,0,0,18
12/26/2005,BLI,WA,ANM,WE,Federal Contract Tower,14,1,6,0,21,0,19,41,2,62,14,20,47,2,83,32,0,32,115
12/27/2005,BLI,WA,ANM,WE,Federal Contract Tower,11,12,6,0,29,2,16,63,0,81,13,28,69,0,110,30,0,30,140
12/28/2005,BLI,WA,ANM,WE,Federal Contract Tower,12,13,7,1,33,0,34,42,1,77,12,47,49,2,110,32,0,32,142
12/29/2005,BLI,WA,ANM,WE,Federal Contract Tower,14,13,20,1,48,0,29,94,0,123,14,42,114,1,171,38,2,40,211
12/30/2005,BLI,WA,ANM,WE,Federal Contract Tower,14,10,15,0,39,0,32,55,0,87,14,42,70,0,126,28,0,28,154
12/31/2005,BLI,WA,ANM,WE,Federal Contract Tower,9,4,6,0,19,0,16,37,4,57,9,20,43,4,76,26,0,26,102
01/01/2006,BLI,WA,ANM,WE,Federal Contract Tower,13,0,3,0,16,0,6,14,0,20,13,6,17,0,36,2,0,2,38
01/02/2006,BLI,WA,ANM,WE,Federal Contract Tower,16,2,21,0,39,0,30,55,0,85,16,32,76,0,124,48,0,48,172
01/03/2006,BLI,WA,ANM,WE,Federal Contract Tower,12,10,22,0,44,0,23,47,0,70,12,33,69,0,114,46,0,46,160
01/04/2006,BLI,WA,ANM,WE,Federal Contract Tower,12,12,6,0,30,0,35,96,2,133,12,47,102,2,163,44,0,44,207
01/05/2006,BLI,WA,ANM,WE,Federal Contract Tower,17,21,18,4,60,0,23,53,6,82,17,44,71,10,142,36,0,36,178
01/06/2006,BLI,WA,ANM,WE,Federal Contract Tower,14,10,25,2,51,0,36,51,4,91,14,46,76,6,142,30,0,30,172
01/07/2006,BLI,WA,ANM,WE,Federal Contract Tower,12,6,13,0,31,0,16,34,2,52,12,22,47,2,83,8,14,22,105
01/08/2006,BLI,WA,ANM,WE,Federal Contract Tower,14,0,11,0,25,0,34,85,8,127,14,34,96,8,152,82,0,82,234
01/09/2006,BLI,WA,ANM,WE,Federal Contract Tower,16,22,22,0,60,0,10,6,0,16,16,32,28,0,76,10,0,10,86
01/10/2006,BLI,WA,ANM,WE,Federal Contract Tower,12,13,14,0,39,0,29,32,0,61,12,42,46,0,100,32,0,32,132
01/11/2006,BLI,WA,ANM,WE,Federal Contract Tower,12,16,15,0,43,0,31,54,8,93,12,47,69,8,136,40,0,40,176
01/12/2006,BLI,WA,ANM,WE,Federal Contract Tower,14,18,20,2,54,2,42,61,6,111,16,60,81,8,165,14,6,20,185
01/13/2006,BLI,WA,ANM,WE,Federal Contract Tower,16,14,16,0,46,0,17,20,0,37,16,31,36,0,83,12,0,12,95
01/14/2006,BLI,WA,ANM,WE,Federal Contract Tower,12,4,36,0,52,0,10,80,0,90,12,14,116,0,142,70,0,70,212
01/15/2006,BLI,WA,ANM,WE,Federal Contract Tower,14,0,7,0,21,0,14,88,0,102,14,14,95,0,123,84,0,84,207
01/16/2006,BLI,WA,ANM,WE,Federal Contract Tower,16,7,13,0,36,0,33,23,0,56,16,40,36,0,92,6,0,6,98
01/17/2006,BLI,WA,ANM,WE,Federal Contract Tower,12,13,7,0,32,0,36,62,4,102,12,49,69,4,134,34,0,34,168
01/18/2006,BLI,WA,ANM,WE,Federal Contract Tower,12,11,9,0,32,0,32,78,0,110,12,43,87,0,142,30,0,30,172
01/19/2006,BLI,WA,ANM,WE,Federal Contract Tower,14,12,26,1,53,0,17,73,0,90,14,29,99,1,143,28,2,30,173
01/20/2006,BLI,WA,ANM,WE,Federal Contract Tower,18,13,9,0,40,0,26,72,0,98,18,39,81,0,138,12,0,12,150
01/21/2006,BLI,WA,ANM,WE,Federal Contract Tower,12,2,14,1,29,0,13,59,6,78,12,15,73,7,107,98,2,100,207
01/22/2006,BLI,WA,ANM,WE,Federal Contract Tower,12,0,10,0,22,0,20,76,8,104,12,20,86,8,126,66,0,66,192
01/23/2006,BLI,WA,ANM,WE,Federal Contract Tower,17,15,13,0,45,0,49,85,10,144,17,64,98,10,189,58,0,58,247
01/24/2006,BLI,WA,ANM,WE,Federal Contract Tower,11,15,20,2,48,0,25,99,3,127,11,40,119,5,175,78,0,78,253
01/25/2006,BLI,WA,ANM,WE,Federal Contract Tower,12,15,6,0,33,0,34,82,4,120,12,49,88,4,153,26,0,26,179
01/26/2006,BLI,WA,ANM,WE,Federal Contract Tower,16,17,5,0,38,0,52,34,1,87,16,69,39,1,125,18,0,18,143
01/27/2006,BLI,WA,ANM,WE,Federal Contract Tower,12,8,27,0,47,0,29,52,2,83,12,37,79,2,130,12,0,12,142
01/28/2006,BLI,WA,ANM,WE,Federal Contract Tower,10,3,4,0,17,0,13,21,0,34,10,16,25,0,51,30,0,30,81
01/29/2006,BLI,WA,ANM,WE,Federal Contract Tower,14,0,11,0,25,0,6,47,0,53,14,6,58,0,78,28,0,28,106
01/30/2006,BLI,WA,ANM,WE,Federal Contract Tower,14,10,4,0,28,0,30,88,4,122,14,40,92,4,150,76,0,76,226
01/31/2006,BLI,WA,ANM,WE,Federal Contract Tower,12,11,10,0,33,0,17,9,0,26,12,28,19,0,59,4,0,4,63
02/01/2006,BLI,WA,ANM,WE,Federal Contract Tower,12,14,23,1,50,0,19,44,1,64,12,33,67,2,114,54,0,54,168
02/02/2006,BLI,WA,ANM,WE,Federal Contract Tower,14,16,16,0,46,0,21,83,0,104,14,37,99,0,150,44,0,44,194
02/03/2006,BLI,WA,ANM,WE,Federal Contract Tower,14,11,13,0,38,0,22,59,0,81,14,33,72,0,119,20,0,20,139
02/04/2006,BLI,WA,ANM,WE,Federal Contract Tower,4,2,1,0,7,0,0,1,0,1,4,2,2,0,8,0,0,0,8
02/05/2006,BLI,WA,ANM,WE,Federal Contract Tower,14,0,9,0,23,0,4,59,4,67,14,4,68,4,90,36,0,36,126
02/06/2006,BLI,WA,ANM,WE,Federal Contract Tower,14,12,18,0,44,0,28,116,4,148,14,40,134,4,192,76,2,78,270
02/07/2006,BLI,WA,ANM,WE,Federal Contract Tower,14,12,18,0,44,0,28,106,2,136,14,40,124,2,180,94,0,94,274
02/08/2006,BLI,WA,ANM,WE,Federal Contract Tower,12,12,22,1,47,0,17,119,0,136,12,29,141,1,183,18,2,20,203
02/09/2006,BLI,WA,ANM,WE,Federal Contract Tower,14,12,14,2,42,0,21,85,4,110,14,33,99,6,152,18,0,18,170
02/10/2006,BLI,WA,ANM,WE,Federal Contract Tower,14,8,8,0,30,0,26,137,4,167,14,34,145,4,197,34,0,34,231
02/11/2006,BLI,WA,ANM,WE,Federal Contract Tower,12,2,9,2,25,0,15,156,1,172,12,17,165,3,197,66,0,66,263
02/12/2006,BLI,WA,ANM,WE,Federal Contract Tower,14,0,3,0,17,0,10,123,0,133,14,10,126,0,150,48,0,48,198
02/13/2006,BLI,WA,ANM,WE,Federal Contract Tower,14,13,15,0,42,0,21,53,0,74,14,34,68,0,116,34,0,34,150
02/14/2006,BLI,WA,ANM,WE,Federal Contract Tower,12,12,12,0,36,0,20,92,0,112,12,32,104,0,148,18,0,18,166
02/15/2006,BLI,WA,ANM,WE,Federal Contract Tower,10,17,5,0,32,0,25,93,0,118,10,42,98,0,150,46,0,46,196
02/16/2006,BLI,WA,ANM,WE,Federal Contract Tower,14,14,5,0,33,0,18,41,0,59,14,32,46,0,92,2,0,2,94
02/17/2006,BLI,WA,ANM,WE,Federal Contract Tower,14,9,13,0,36,0,17,60,0,77,14,26,73,0,113,2,0,2,115
02/18/2006,BLI,WA,ANM,WE,Federal Contract Tower,12,2,17,0,31,0,20,96,2,118,12,22,113,2,149,24,0,24,173
02/19/2006,BLI,WA,ANM,WE,Federal Contract Tower,14,0,11,0,25,0,14,107,4,125,14,14,118,4,150,58,0,58,208
02/20/2006,BLI,WA,ANM,WE,Federal Contract Tower,14,10,11,0,35,0,26,115,0,141,14,36,126,0,176,62,0,62,238
02/21/2006,BLI,WA,ANM,WE,Federal Contract Tower,12,21,19,1,53,0,14,55,1,70,12,35,74,2,123,18,0,18,141
02/22/2006,BLI,WA,ANM,WE,Federal Contract Tower,10,14,23,1,48,0,29,66,1,96,10,43,89,2,144,44,4,48,192
02/23/2006,BLI,WA,ANM,WE,Federal Contract Tower,16,15,28,0,59,0,26,45,2,73,16,41,73,2,132,8,0,8,140
02/24/2006,BLI,WA,ANM,WE,Federal Contract Tower,16,11,18,8,53,0,27,100,1,128,16,38,118,9,181,48,0,48,229
02/25/2006,BLI,WA,ANM,WE,Federal Contract Tower,12,4,9,0,25,0,19,64,2,85,12,23,73,2,110,52,0,52,162
02/26/2006,BLI,WA,ANM,WE,Federal Contract Tower,14,0,3,0,17,0,8,35,0,43,14,8,38,0,60,22,0,22,82
02/27/2006,BLI,WA,ANM,WE,Federal Contract Tower,14,14,24,3,55,0,36,42,0,78,14,50,66,3,133,4,6,10,143
02/28/2006,BLI,WA,ANM,WE,Federal Contract Tower,10,13,20,3,46,0,30,26,7,63,10,43,46,10,109,22,12,34,143
03/01/2006,BLI,WA,ANM,WE,Federal Contract Tower,9,12,14,0,35,0,21,65,4,90,9,33,79,4,125,36,0,36,161
03/02/2006,BLI,WA,ANM,WE,Federal Contract Tower,16,10,8,0,34,0,29,59,6,94,16,39,67,6,128,2,0,2,130
03/03/2006,BLI,WA,ANM,WE,Federal Contract Tower,15,6,21,0,42,0,25,121,4,150,15,31,142,4,192,64,0,64,256
03/04/2006,BLI,WA,ANM,WE,Federal Contract Tower,12,2,6,0,20,0,2,131,2,135,12,4,137,2,155,64,0,64,219
03/05/2006,BLI,WA,ANM,WE,Federal Contract Tower,16,0,17,6,39,0,26,93,0,119,16,26,110,6,158,58,6,64,222
03/06/2006,BLI,WA,ANM,WE,Federal Contract Tower,14,14,11,0,39,0,24,41,0,65,14,38,52,0,104,12,0,12,116
03/07/2006,BLI,WA,ANM,WE,Federal Contract Tower,12,16,12,2,42,0,14,63,6,83,12,30,75,8,125,10,0,10,135
03/08/2006,BLI,WA,ANM,WE,Federal Contract Tower,11,10,15,0,36,0,9,14,2,25,11,19,29,2,61,6,0,6,67
03/09/2006,BLI,WA,ANM,WE,Federal Contract Tower,14,12,12,0,38,0,12,26,0,38,14,24,38,0,76,20,0,20,96
03/10/2006,BLI,WA,ANM,WE,Federal Contract Tower,14,9,21,1,45,0,16,80,3,99,14,25,101,4,144,50,0,50,194
03/11/2006,BLI,WA,ANM,WE,Federal Contract Tower,12,4,7,0,23,0,11,147,2,160,12,15,154,2,183,36,0,36,219
03/12/2006,BLI,WA,ANM,WE,Federal Contract Tower,16,0,8,0,24,0,14,150,2,166,16,14,158,2,190,64,0,64,254
03/13/2006,BLI,WA,ANM,WE,Federal Contract Tower,12,10,15,0,37,0,36,119,0,155,12,46,134,0,192,78,0,78,270
03/14/2006,BLI,WA,ANM,WE,Federal Contract Tower,12,11,12,0,35,0,20,68,2,90,12,31,80,2,125,8,0,8,133
03/15/2006,BLI,WA,ANM,WE,Federal Contract Tower,12,10,15,0,37,0,22,48,0,70,12,32,63,0,107,10,0,10,117
03/16/2006,BLI,WA,ANM,WE,Federal Contract Tower,14,13,8,0,35,0,29,74,0,103,14,42,82,0,138,20,0,20,158
03/17/2006,BLI,WA,ANM,WE,Federal Contract Tower,12,7,13,0,32,0,20,97,0,117,12,27,110,0,149,36,0,36,185
03/18/2006,BLI,WA,ANM,WE,Federal Contract Tower,10,2,15,1,28,0,18,189,1,208,10,20,204,2,236,72,20,92,328
03/19/2006,BLI,WA,ANM,WE,Federal Contract Tower,16,0,14,0,30,0,12,132,4,148,16,12,146,4,178,58,0,58,236
03/20/2006,BLI,WA,ANM,WE,Federal Contract Tower,14,10,33,0,57,0,38,155,0,193,14,48,188,0,250,132,0,132,382
03/21/2006,BLI,WA,ANM,WE,Federal Contract Tower,15,13,19,1,48,17,37,65,7,126,32,50,84,8,174,58,0,58,232
03/22/2006,BLI,WA,ANM,WE,Federal Contract Tower,15,13,29,0,57,3,26,65,2,96,18,39,94,2,153,14,0,14,167
03/23/2006,BLI,WA,ANM,WE,Federal Contract Tower,20,15,26,1,62,16,35,83,1,135,36,50,109,2,197,40,0,40,237
03/24/2006,BLI,WA,ANM,WE,Federal Contract Tower,14,12,13,0,39,3,19,53,0,75,17,31,66,0,114,14,0,14,128
03/25/2006,BLI,WA,ANM,WE,Federal Contract Tower,12,2,31,0,45,0,14,116,0,130,12,16,147,0,175,54,0,54,229
03/26/2006,BLI,WA,ANM,WE,Federal Contract Tower,14,0,12,0,26,0,18,83,0,101,14,18,95,0,127,46,0,46,173
03/27/2006,BLI,WA,ANM,WE,Federal Contract Tower,18,12,25,0,55,6,24,105,0,135,24,36,130,0,190,168,0,168,358
03/28/2006,BLI,WA,ANM,WE,Federal Contract Tower,12,12,20,1,45,4,39,65,4,112,16,51,85,5,157,34,2,36,193
03/29/2006,BLI,WA,ANM,WE,Federal Contract Tower,15,24,21,0,60,11,22,100,2,135,26,46,121,2,195,30,0,30,225
03/30/2006,BLI,WA,ANM,WE,Federal Contract Tower,18,15,17,1,51,18,57,91,3,169,36,72,108,4,220,50,4,54,274
03/31/2006,BLI,WA,ANM,WE,Federal Contract Tower,17,9,12,1,39,0,23,98,2,123,17,32,110,3,162,54,2,56,218
04/01/2006,BLI,WA,ANM,WE,Federal Contract Tower,12,3,16,0,31,0,15,42,0,57,12,18,58,0,88,18,0,18,106
04/02/2006,BLI,WA,ANM,WE,Federal Contract Tower,14,0,17,0,31,0,19,77,4,100,14,19,94,4,131,42,2,44,175
04/03/2006,BLI,WA,ANM,WE,Federal Contract Tower,16,13,26,0,55,10,35,108,4,157,26,48,134,4,212,102,4,106,318
04/04/2006,BLI,WA,ANM,WE,Federal Contract Tower,12,15,25,0,52,4,45,110,0,159,16,60,135,0,211,48,0,48,259
04/05/2006,BLI,WA,ANM,WE,Federal Contract Tower,18,12,26,2,58,4,27,161,2,194,22,39,187,4,252,74,0,74,326
04/06/2006,BLI,WA,ANM,WE,Federal Contract Tower,18,17,13,1,49,1,32,84,1,118,19,49,97,2,167,58,0,58,225
04/07/2006,BLI,WA,ANM,WE,Federal Contract Tower,13,7,15,0,35,1,31,106,0,138,14,38,121,0,173,26,0,26,199
04/08/2006,BLI,WA,ANM,WE,Federal Contract Tower,14,2,14,0,30,0,20,51,0,71,14,22,65,0,101,92,0,92,193
04/09/2006,BLI,WA,ANM,WE,Federal Contract Tower,16,0,11,0,27,0,12,17,0,29,16,12,28,0,56,16,0,16,72
04/10/2006,BLI,WA,ANM,WE,Federal Contract Tower,16,17,28,0,61,0,25,38,0,63,16,42,66,0,124,82,0,82,206
04/11/2006,BLI,WA,ANM,WE,Federal Contract Tower,12,9,17,0,38,0,31,76,0,107,12,40,93,0,145,36,0,36,181
04/12/2006,BLI,WA,ANM,WE,Federal Contract Tower,14,14,28,1,57,0,24,70,1,95,14,38,98,2,152,30,10,40,192
04/13/2006,BLI,WA,ANM,WE,Federal Contract Tower,13,15,33,0,61,2,38,42,0,82,15,53,75,0,143,46,0,46,189
04/14/2006,BLI,WA,ANM,WE,Federal Contract Tower,16,9,18,0,43,0,27,45,0,72,16,36,63,0,115,12,0,12,127
04/15/2006,BLI,WA,ANM,WE,Federal Contract Tower,14,3,10,0,27,0,19,77,4,100,14,22,87,4,127,28,0,28,155
04/16/2006,BLI,WA,ANM,WE,Federal Contract Tower,13,0,5,0,18,0,16,31,2,49,13,16,36,2,67,2,0,2,69
04/17/2006,BLI,WA,ANM,WE,Federal Contract Tower,14,8,9,0,31,0,30,119,0,149,14,38,128,0,180,94,0,94,274
04/18/2006,BLI,WA,ANM,WE,Federal Contract Tower,12,16,24,0,52,0,38,118,0,156,12,54,142,0,208,106,0,106,314
04/19/2006,BLI,WA,ANM,WE,Federal Contract Tower,14,10,10,0,34,0,28,86,0,114,14,38,96,0,148,92,0,92,240
04/20/2006,BLI,WA,ANM,WE,Federal Contract Tower,14,9,18,0,41,2,27,91,2,122,16,36,109,2,163,54,0,54,217
04/21/2006,BLI,WA,ANM,WE,Federal Contract Tower,14,8,13,0,35,0,19,89,0,108,14,27,102,0,143,78,0,78,221
04/22/2006,BLI,WA,ANM,WE,Federal Contract Tower,14,2,6,0,22,0,8,117,0,125,14,10,123,0,147,62,0,62,209
04/23/2006,BLI,WA,ANM,WE,Federal Contract Tower,14,2,16,0,32,0,8,166,6,180,14,10,182,6,212,50,6,56,268
04/24/2006,BLI,WA,ANM,WE,Federal Contract Tower,14,9,13,0,36,0,28,154,0,182,14,37,167,0,218,58,0,58,276
04/25/2006,BLI,WA,ANM,WE,Federal Contract Tower,12,10,17,8,47,0,63,122,0,185,12,73,139,8,232,50,0,50,282
04/26/2006,BLI,WA,ANM,WE,Federal Contract Tower,14,10,25,2,51,0,23,57,2,82,14,33,82,4,133,14,2,16,149
04/27/2006,BLI,WA,ANM,WE,Federal Contract Tower,14,13,27,0,54,0,39,99,2,140,14,52,126,2,194,84,0,84,278
04/28/2006,BLI,WA,ANM,WE,Federal Contract Tower,14,9,8,1,32,0,33,181,1,215,14,42,189,2,247,64,0,64,311
04/29/2006,BLI,WA,ANM,WE,Federal Contract Tower,14,3,14,0,31,0,21,28,0,49,14,24,42,0,80,6,0,6,86
04/30/2006,BLI,WA,ANM,WE,Federal Contract Tower,14,1,23,0,38,0,8,150,0,158,14,9,173,0,196,40,0,40,236
05/01/2006,BLI,WA,ANM,WE,Federal Contract Tower,12,9,8,1,30,6,36,53,1,96,18,45,61,2,126,6,0,6,132
05/02/2006,BLI,WA,ANM,WE,Federal Contract Tower,12,10,8,6,36,0,19,136,4,159,12,29,144,10,195,18,0,18,213
05/03/2006,BLI,WA,ANM,WE,Federal Contract Tower,14,10,18,4,46,0,23,151,2,176,14,33,169,6,222,20,0,20,242
05/04/2006,BLI,WA,ANM,WE,Federal Contract Tower,14,11,28,0,53,0,31,144,6,181,14,42,172,6,234,102,2,104,338
05/05/2006,BLI,WA,ANM,WE,Federal Contract Tower,14,8,11,3,36,0,41,117,7,165,14,49,128,10,201,58,2,60,261
05/06/2006,BLI,WA,ANM,WE,Federal Contract Tower,14,3,16,0,33,0,19,59,0,78,14,22,75,0,111,44,0,44,155
05/07/2006,BLI,WA,ANM,WE,Federal Contract Tower,14,1,10,0,25,0,13,26,1,40,14,14,36,1,65,18,0,18,83
05/08/2006,BLI,WA,ANM,WE,Federal Contract Tower,16,9,29,0,54,0,22,137,2,161,16,31,166,2,215,48,0,48,263
05/09/2006,BLI,WA,ANM,WE,Federal Contract Tower,12,10,6,0,28,0,41,134,6,181,12,51,140,6,209,82,0,82,291
05/10/2006,BLI,WA,ANM,WE,Federal Contract Tower,14,9,21,0,44,0,38,140,4,182,14,47,161,4,226,56,0,56,282
05/11/2006,BLI,WA,ANM,WE,Federal Contract Tower,16,13,25,0,54,0,35,119,0,154,16,48,144,0,208,88,0,88,296
05/12/2006,BLI,WA,ANM,WE,Federal Contract Tower,14,8,20,0,42,0,41,163,2,206,14,49,183,2,248,58,2,60,308
05/13/2006,BLI,WA,ANM,WE,Federal Contract Tower,14,3,13,0,30,0,14,131,2,147,14,17,144,2,177,64,0,64,241
05/14/2006,BLI,WA,ANM,WE,Federal Contract Tower,16,0,5,2,23,0,19,107,2,128,16,19,112,4,151,28,0,28,179
05/15/2006,BLI,WA,ANM,WE,Federal Contract Tower,16,8,16,0,40,0,37,148,0,185,16,45,164,0,225,50,0,50,275
05/16/2006,BLI,WA,ANM,WE,Federal Contract Tower,12,12,15,4,43,0,34,142,2,178,12,46,157,6,221,70,0,70,291
05/17/2006,BLI,WA,ANM,WE,Federal Contract Tower,14,12,15,4,45,0,32,172,0,204,14,44,187,4,249,104,10,114,363
05/18/2006,BLI,WA,ANM,WE,Federal Contract Tower,14,10,13,0,37,2,48,183,0,233,16,58,196,0,270,114,0,114,384
05/19/2006,BLI,WA,ANM,WE,Federal Contract Tower,14,8,17,1,40,0,31,125,3,159,14,39,142,4,199,66,0,66,265
05/20/2006,BLI,WA,ANM,WE,Federal Contract Tower,12,4,18,0,34,0,12,82,0,94,12,16,100,0,128,28,0,28,156
05/21/2006,BLI,WA,ANM,WE,Federal Contract Tower,14,1,6,0,21,0,20,125,4,149,14,21,131,4,170,66,0,66,236
05/22/2006,BLI,WA,ANM,WE,Federal Contract Tower,14,13,38,4,69,0,16,9,0,25,14,29,47,4,94,0,0,0,94
05/23/2006,BLI,WA,ANM,WE,Federal Contract Tower,12,8,22,0,42,0,32,74,0,106,12,40,96,0,148,24,0,24,172
05/24/2006,BLI,WA,ANM,WE,Federal Contract Tower,12,13,27,2,54,0,19,81,0,100,12,32,108,2,154,16,0,16,170
05/25/2006,BLI,WA,ANM,WE,Federal Contract Tower,14,11,48,2,75,0,45,114,4,163,14,56,162,6,238,88,4,92,330
05/26/2006,BLI,WA,ANM,WE,Federal Contract Tower,14,12,31,0,57,0,39,82,0,121,14,51,113,0,178,36,0,36,214
05/27/2006,BLI,WA,ANM,WE,Federal Contract Tower,14,5,16,0,35,0,29,50,3,82,14,34,66,3,117,16,0,16,133
05/28/2006,BLI,WA,ANM,WE,Federal Contract Tower,13,0,5,0,18,0,12,59,0,71,13,12,64,0,89,26,0,26,115
05/29/2006,BLI,WA,ANM,WE,Federal Contract Tower,14,2,18,0,34,0,21,160,0,181,14,23,178,0,215,32,0,32,247
05/30/2006,BLI,WA,ANM,WE,Federal Contract Tower,12,10,12,0,34,0,42,154,4,200,12,52,166,4,234,58,0,58,292
05/31/2006,BLI,WA,ANM,WE,Federal Contract Tower,14,11,18,0,43,0,47,150,8,205,14,58,168,8,248,156,0,156,404
06/01/2006,BLI,WA,ANM,WE,Federal Contract Tower,12,9,22,1,44,0,28,67,1,96,12,37,89,2,140,26,0,26,166
06/02/2006,BLI,WA,ANM,WE,Federal Contract Tower,16,8,16,0,40,0,35,82,0,117,16,43,98,0,157,30,0,30,187
06/03/2006,BLI,WA,ANM,WE,Federal Contract Tower,12,7,9,0,28,0,20,121,4,145,12,27,130,4,173,52,0,52,225
06/04/2006,BLI,WA,ANM,WE,Federal Contract Tower,16,7,32,0,55,0,9,4,0,13,16,16,36,0,68,0,0,0,68
06/05/2006,BLI,WA,ANM,WE,Federal Contract Tower,16,12,11,1,40,0,22,88,3,113,16,34,99,4,153,36,0,36,189
06/06/2006,BLI,WA,ANM,WE,Federal Contract Tower,12,10,9,0,31,0,46,151,2,199,12,56,160,2,230,78,0,78,308
06/07/2006,BLI,WA,ANM,WE,Federal Contract Tower,14,9,24,0,47,0,43,120,4,167,14,52,144,4,214,74,0,74,288
06/08/2006,BLI,WA,ANM,WE,Federal Contract Tower,17,12,36,0,65,0,32,50,0,82,17,44,86,0,147,12,0,12,159
06/09/2006,BLI,WA,ANM,WE,Federal Contract Tower,19,12,23,0,54,0,30,101,0,131,19,42,124,0,185,38,0,38,223
06/10/2006,BLI,WA,ANM,WE,Federal Contract Tower,17,3,15,0,35,0,21,124,0,145,17,24,139,0,180,24,0,24,204
06/11/2006,BLI,WA,ANM,WE,Federal Contract Tower,17,1,15,0,33,0,13,76,5,94,17,14,91,5,127,8,0,8,135
06/12/2006,BLI,WA,ANM,WE,Federal Contract Tower,17,6,23,2,48,0,41,78,0,119,17,47,101,2,167,54,0,54,221
06/13/2006,BLI,WA,ANM,WE,Federal Contract Tower,15,12,22,3,52,0,27,50,0,77,15,39,72,3,129,26,16,42,171
06/14/2006,BLI,WA,ANM,WE,Federal Contract Tower,16,8,19,8,51,0,36,93,0,129,16,44,112,8,180,40,14,54,234
06/15/2006,BLI,WA,ANM,WE,Federal Contract Tower,17,10,25,0,52,0,32,121,4,157,17,42,146,4,209,102,0,102,311
06/16/2006,BLI,WA,ANM,WE,Federal Contract Tower,17,11,18,0,46,0,25,96,2,123,17,36,114,2,169,38,0,38,207
06/17/2006,BLI,WA,ANM,WE,Federal Contract Tower,15,7,7,0,29,0,9,133,4,146,15,16,140,4,175,38,4,42,217
06/18/2006,BLI,WA,ANM,WE,Federal Contract Tower,17,0,30,0,47,0,20,106,0,126,17,20,136,0,173,30,0,30,203
06/19/2006,BLI,WA,ANM,WE,Federal Contract Tower,17,7,11,0,35,0,36,86,0,122,17,43,97,0,157,54,0,54,211
06/20/2006,BLI,WA,ANM,WE,Federal Contract Tower,15,7,5,3,30,0,47,118,3,168,15,54,123,6,198,26,6,32,230
06/21/2006,BLI,WA,ANM,WE,Federal Contract Tower,19,8,18,4,49,0,37,113,4,154,19,45,131,8,203,56,0,56,259
06/22/2006,BLI,WA,ANM,WE,Federal Contract Tower,17,6,18,0,41,0,38,118,4,160,17,44,136,4,201,54,0,54,255
06/23/2006,BLI,WA,ANM,WE,Federal Contract Tower,17,10,25,0,52,0,36,163,4,203,17,46,188,4,255,68,0,68,323
06/24/2006,BLI,WA,ANM,WE,Federal Contract Tower,16,4,12,0,32,0,28,140,2,170,16,32,152,2,202,26,0,26,228
06/25/2006,BLI,WA,ANM,WE,Federal Contract Tower,18,0,9,0,27,0,24,111,2,137,18,24,120,2,164,32,0,32,196
06/26/2006,BLI,WA,ANM,WE,Federal Contract Tower,16,5,10,0,31,0,34,112,0,146,16,39,122,0,177,60,0,60,237
06/27/2006,BLI,WA,ANM,WE,Federal Contract Tower,18,9,22,2,51,0,49,105,4,158,18,58,127,6,209,54,0,54,263
06/28/2006,BLI,WA,ANM,WE,Federal Contract Tower,17,9,24,0,50,0,26,136,0,162,17,35,160,0,212,78,0,78,290
06/29/2006,BLI,WA,ANM,WE,Federal Contract Tower,17,9,12,2,40,0,33,146,6,185,17,42,158,8,225,86,0,86,311
06/30/2006,BLI,WA,ANM,WE,Federal Contract Tower,17,8,24,14,63,0,38,158,6,202,17,46,182,20,265,58,20,78,343
07/01/2006,BLI,WA,ANM,WE,Federal Contract Tower,17,3,19,0,39,0,33,137,2,172,17,36,156,2,211,40,0,40,251
07/02/2006,BLI,WA,ANM,WE,Federal Contract Tower,17,3,13,0,33,0,10,96,4,110,17,13,109,4,143,54,0,54,197
07/03/2006,BLI,WA,ANM,WE,Federal Contract Tower,0,6,12,0,18,0,41,152,2,195,0,47,164,2,213,77,0,77,290
07/04/2006,BLI,WA,ANM,WE,Federal Contract Tower,14,2,18,0,34,0,29,81,0,110,14,31,99,0,144,2,0,2,146
07/05/2006,BLI,WA,ANM,WE,Federal Contract Tower,16,18,41,0,75,0,30,70,0,100,16,48,111,0,175,12,0,12,187
07/06/2006,BLI,WA,ANM,WE,Federal Contract Tower,17,7,10,0,34,0,35,136,2,173,17,42,146,2,207,26,0,26,233
07/07/2006,BLI,WA,ANM,WE,Federal Contract Tower,17,7,20,0,44,0,47,148,2,197,17,54,168,2,241,58,0,58,299
07/08/2006,BLI,WA,ANM,WE,Federal Contract Tower,17,5,13,0,35,0,17,162,2,181,17,22,175,2,216,60,0,60,276
07/09/2006,BLI,WA,ANM,WE,Federal Contract Tower,16,0,11,0,27,0,29,94,4,127,16,29,105,4,154,68,2,70,224
07/10/2006,BLI,WA,ANM,WE,Federal Contract Tower,21,8,25,0,54,0,38,124,0,162,21,46,149,0,216,84,0,84,300
07/11/2006,BLI,WA,ANM,WE,Federal Contract Tower,17,7,28,0,52,0,39,116,2,157,17,46,144,2,209,58,0,58,267
07/12/2006,BLI,WA,ANM,WE,Federal Contract Tower,18,22,38,0,78,0,19,41,2,62,18,41,79,2,140,6,0,6,146
07/13/2006,BLI,WA,ANM,WE,Federal Contract Tower,19,10,29,0,58,0,38,148,0,186,19,48,177,0,244,36,0,36,280
07/14/2006,BLI,WA,ANM,WE,Federal Contract Tower,21,7,13,0,41,0,53,159,0,212,21,60,172,0,253,58,0,58,311
07/15/2006,BLI,WA,ANM,WE,Federal Contract Tower,19,2,16,0,37,0,27,156,2,185,19,29,172,2,222,34,0,34,256
07/16/2006,BLI,WA,ANM,WE,Federal Contract Tower,19,2,20,0,41,0,27,104,13,144,19,29,124,13,185,78,0,78,263
07/17/2006,BLI,WA,ANM,WE,Federal Contract Tower,19,11,18,2,50,0,55,82,4,141,19,66,100,6,191,10,0,10,201
07/18/2006,BLI,WA,ANM,WE,Federal Contract Tower,17,21,11,2,51,0,28,157,4,189,17,49,168,6,240,56,0,56,296
07/19/2006,BLI,WA,ANM,WE,Federal Contract Tower,18,12,13,0,43,0,52,148,0,200,18,64,161,0,243,38,0,38,281
07/20/2006,BLI,WA,ANM,WE,Federal Contract Tower,18,12,40,2,72,0,38,158,4,200,18,50,198,6,272,84,2,86,358
07/21/2006,BLI,WA,ANM,WE,Federal Contract Tower,19,6,24,6,55,0,42,132,2,176,19,48,156,8,231,44,8,52,283
07/22/2006,BLI,WA,ANM,WE,Federal Contract Tower,16,4,21,0,41,0,34,170,4,208,16,38,191,4,249,68,0,68,317
07/23/2006,BLI,WA,ANM,WE,Federal Contract Tower,19,5,25,0,49,0,10,160,0,170,19,15,185,0,219,28,0,28,247
07/24/2006,BLI,WA,ANM,WE,Federal Contract Tower,19,4,8,0,31,0,24,125,2,151,19,28,133,2,182,38,0,38,220
07/25/2006,BLI,WA,ANM,WE,Federal Contract Tower,17,9,4,2,32,0,28,112,3,143,17,37,116,5,175,8,8,16,191
07/26/2006,BLI,WA,ANM,WE,Federal Contract Tower,19,8,29,0,56,0,44,129,0,173,19,52,158,0,229,30,0,30,259
07/27/2006,BLI,WA,ANM,WE,Federal Contract Tower,19,13,38,0,70,0,35,148,0,183,19,48,186,0,253,38,0,38,291
07/28/2006,BLI,WA,ANM,WE,Federal Contract Tower,17,10,22,0,49,0,37,122,4,163,17,47,144,4,212,56,0,56,268
07/29/2006,BLI,WA,ANM,WE,Federal Contract Tower,19,4,19,0,42,0,18,104,0,122,19,22,123,0,164,37,0,37,201
07/30/2006,BLI,WA,ANM,WE,Federal Contract Tower,16,3,31,0,50,0,13,76,2,91,16,16,107,2,141,22,0,22,163
07/31/2006,BLI,WA,ANM,WE,Federal Contract Tower,19,9,14,0,42,0,23,129,2,154,19,32,143,2,196,43,0,43,239
08/01/2006,BLI,WA,ANM,WE,Federal Contract Tower,17,6,15,0,38,0,29,104,4,137,17,35,119,4,175,24,0,24,199
08/02/2006,BLI,WA,ANM,WE,Federal Contract Tower,19,9,20,1,49,0,43,150,1,194,19,52,170,2,243,20,0,20,263
08/03/2006,BLI,WA,ANM,WE,Federal Contract Tower,19,6,27,1,53,2,37,139,8,186,21,43,166,9,239,22,0,22,261
08/04/2006,BLI,WA,ANM,WE,Federal Contract Tower,19,10,20,2,51,0,43,159,1,203,19,53,179,3,254,44,2,46,300
08/05/2006,BLI,WA,ANM,WE,Federal Contract Tower,21,6,18,0,45,0,13,158,0,171,21,19,176,0,216,33,0,33,249
08/06/2006,BLI,WA,ANM,WE,Federal Contract Tower,17,2,13,0,32,0,13,135,5,153,17,15,148,5,185,35,0,35,220
08/07/2006,BLI,WA,ANM,WE,Federal Contract Tower,17,7,11,0,35,0,31,151,2,184,17,38,162,2,219,34,0,34,253
08/08/2006,BLI,WA,ANM,WE,Federal Contract Tower,19,12,23,0,54,0,31,114,4,149,19,43,137,4,203,42,2,44,247
08/09/2006,BLI,WA,ANM,WE,Federal Contract Tower,17,10,26,2,55,0,31,107,2,140,17,41,133,4,195,74,0,74,269
08/10/2006,BLI,WA,ANM,WE,Federal Contract Tower,19,8,34,1,62,0,61,148,5,214,19,69,182,6,276,76,0,76,352
08/11/2006,BLI,WA,ANM,WE,Federal Contract Tower,21,10,36,0,67,0,23,141,5,169,21,33,177,5,236,80,2,82,318
08/12/2006,BLI,WA,ANM,WE,Federal Contract Tower,19,3,26,0,48,0,21,164,2,187,19,24,190,2,235,42,0,42,277
08/13/2006,BLI,WA,ANM,WE,Federal Contract Tower,16,4,25,0,45,0,24,158,6,188,16,28,183,6,233,20,0,20,253
08/14/2006,BLI,WA,ANM,WE,Federal Contract Tower,24,9,36,0,69,0,29,151,7,187,24,38,187,7,256,99,0,99,355
08/15/2006,BLI,WA,ANM,WE,Federal Contract Tower,17,14,27,4,62,2,31,149,3,185,19,45,176,7,247,36,10,46,293
08/16/2006,BLI,WA,ANM,WE,Federal Contract Tower,17,7,24,0,48,0,43,172,0,215,17,50,196,0,263,74,0,74,337
08/17/2006,BLI,WA,ANM,WE,Federal Contract Tower,18,23,44,2,87,0,17,76,2,95,18,40,120,4,182,25,0,25,207
08/18/2006,BLI,WA,ANM,WE,Federal Contract Tower,20,11,20,4,55,0,0,118,0,118,20,11,138,4,173,35,0,35,208
08/19/2006,BLI,WA,ANM,WE,Federal Contract Tower,19,3,19,0,41,0,24,188,1,213,19,27,207,1,254,14,0,14,268
08/20/2006,BLI,WA,ANM,WE,Federal Contract Tower,17,1,31,0,49,0,27,139,2,168,17,28,170,2,217,10,0,10,227
08/21/2006,BLI,WA,ANM,WE,Federal Contract Tower,19,8,15,1,43,0,29,111,5,145,19,37,126,6,188,37,0,37,225
08/22/2006,BLI,WA,ANM,WE,Federal Contract Tower,17,31,9,4,61,0,12,115,6,133,17,43,124,10,194,16,2,18,212
08/23/2006,BLI,WA,ANM,WE,Federal Contract Tower,19,20,23,0,62,0,19,76,4,99,19,39,99,4,161,28,0,28,189
08/24/2006,BLI,WA,ANM,WE,Federal Contract Tower,16,15,15,0,46,0,36,105,0,141,16,51,120,0,187,56,0,56,243
08/25/2006,BLI,WA,ANM,WE,Federal Contract Tower,19,6,11,0,36,0,22,153,3,178,19,28,164,3,214,74,0,74,288
08/26/2006,BLI,WA,ANM,WE,Federal Contract Tower,17,5,15,0,37,0,18,125,0,143,17,23,140,0,180,31,0,31,211
08/27/2006,BLI,WA,ANM,WE,Federal Contract Tower,19,6,23,0,48,0,16,112,4,132,19,22,135,4,180,43,0,43,223
08/28/2006,BLI,WA,ANM,WE,Federal Contract Tower,21,10,16,0,47,0,26,159,4,189,21,36,175,4,236,116,0,116,352
08/29/2006,BLI,WA,ANM,WE,Federal Contract Tower,18,10,26,0,54,0,41,93,2,136,18,51,119,2,190,29,0,29,219
08/30/2006,BLI,WA,ANM,WE,Federal Contract Tower,18,9,29,0,56,0,44,135,4,183,18,53,164,4,239,68,0,68,307
08/31/2006,BLI,WA,ANM,WE,Federal Contract Tower,19,7,23,0,49,0,30,110,0,140,19,37,133,0,189,38,0,38,227
09/01/2006,BLI,WA,ANM,WE,Federal Contract Tower,19,6,22,1,48,0,51,149,1,201,19,57,171,2,249,78,0,78,327
09/02/2006,BLI,WA,ANM,WE,Federal Contract Tower,21,3,9,0,33,0,25,123,2,150,21,28,132,2,183,59,0,59,242
09/03/2006,BLI,WA,ANM,WE,Federal Contract Tower,18,1,11,0,30,0,18,113,0,131,18,19,124,0,161,33,0,33,194
09/04/2006,BLI,WA,ANM,WE,Federal Contract Tower,19,2,18,0,39,0,21,135,6,162,19,23,153,6,201,62,0,62,263
09/05/2006,BLI,WA,ANM,WE,Federal Contract Tower,17,9,8,1,35,0,28,117,7,152,17,37,125,8,187,32,10,42,229
09/06/2006,BLI,WA,ANM,WE,Federal Contract Tower,19,8,13,0,40,0,42,136,2,180,19,50,149,2,220,64,0,64,284
09/07/2006,BLI,WA,ANM,WE,Federal Contract Tower,19,16,15,5,55,0,33,112,13,158,19,49,127,18,213,58,14,72,285
09/08/2006,BLI,WA,ANM,WE,Federal Contract Tower,19,9,24,0,52,0,21,66,1,88,19,30,90,1,140,60,0,60,200
09/09/2006,BLI,WA,ANM,WE,Federal Contract Tower,19,9,15,0,43,0,14,65,2,81,19,23,80,2,124,24,0,24,148
09/10/2006,BLI,WA,ANM,WE,Federal Contract Tower,18,0,15,0,33,0,13,149,2,164,18,13,164,2,197,17,0,17,214
09/11/2006,BLI,WA,ANM,WE,Federal Contract Tower,2,24,14,0,40,0,25,78,5,108,2,49,92,5,148,31,0,31,179
09/12/2006,BLI,WA,ANM,WE,Federal Contract Tower,0,28,17,0,45,0,22,108,0,130,0,50,125,0,175,33,0,33,208
09/13/2006,BLI,WA,ANM,WE,Federal Contract Tower,2,27,25,5,59,0,43,88,6,137,2,70,113,11,196,44,4,48,244
09/14/2006,BLI,WA,ANM,WE,Federal Contract Tower,2,24,24,0,50,0,26,61,13,100,2,50,85,13,150,24,0,24,174
09/15/2006,BLI,WA,ANM,WE,Federal Contract Tower,2,24,22,0,48,0,24,115,3,142,2,48,137,3,190,48,0,48,238
09/16/2006,BLI,WA,ANM,WE,Federal Contract Tower,2,20,20,0,42,0,24,131,6,161,2,44,151,6,203,76,2,78,281
09/17/2006,BLI,WA,ANM,WE,Federal Contract Tower,2,16,18,0,36,0,20,60,5,85,2,36,78,5,121,18,8,26,147
09/18/2006,BLI,WA,ANM,WE,Federal Contract Tower,4,26,19,0,49,0,19,65,4,88,4,45,84,4,137,19,0,19,156
09/19/2006,BLI,WA,ANM,WE,Federal Contract Tower,0,30,22,3,55,0,18,45,4,67,0,48,67,7,122,26,0,26,148
09/20/2006,BLI,WA,ANM,WE,Federal Contract Tower,2,34,32,2,70,0,16,21,0,37,2,50,53,2,107,0,0,0,107
09/21/2006,BLI,WA,ANM,WE,Federal Contract Tower,4,25,23,2,54,0,33,99,2,134,4,58,122,4,188,26,8,34,222
09/22/2006,BLI,WA,ANM,WE,Federal Contract Tower,4,25,23,0,52,0,23,102,0,125,4,48,125,0,177,36,0,36,213
09/23/2006,BLI,WA,ANM,WE,Federal Contract Tower,2,16,9,0,27,0,22,131,4,157,2,38,140,4,184,34,0,34,218
09/24/2006,BLI,WA,ANM,WE,Federal Contract Tower,4,16,9,0,29,0,18,140,4,162,4,34,149,4,191,29,0,29,220
09/25/2006,BLI,WA,ANM,WE,Federal Contract Tower,4,25,11,0,40,0,47,140,2,189,4,72,151,2,229,84,0,84,313
09/26/2006,BLI,WA,ANM,WE,Federal Contract Tower,0,25,21,2,48,0,38,138,2,178,0,63,159,4,226,78,0,78,304
09/27/2006,BLI,WA,ANM,WE,Federal Contract Tower,2,30,17,5,54,0,40,143,11,194,2,70,160,16,248,84,0,84,332
09/28/2006,BLI,WA,ANM,WE,Federal Contract Tower,6,29,30,0,65,0,41,144,0,185,6,70,174,0,250,40,0,40,290
09/29/2006,BLI,WA,ANM,WE,Federal Contract Tower,2,23,25,0,50,0,33,122,4,159,2,56,147,4,209,53,0,53,262
09/30/2006,BLI,WA,ANM,WE,Federal Contract Tower,2,21,21,0,44,0,12,125,4,141,2,33,146,4,185,62,0,62,247
10/01/2006,BLI,WA,ANM,WE,Federal Contract Tower,6,16,17,0,39,0,30,117,0,147,6,46,134,0,186,28,0,28,214
10/02/2006,BLI,WA,ANM,WE,Federal Contract Tower,2,29,10,0,41,0,37,107,13,157,2,66,117,13,198,36,0,36,234
10/03/2006,BLI,WA,ANM,WE,Federal Contract Tower,0,25,9,2,36,0,22,100,4,126,0,47,109,6,162,84,0,84,246
10/04/2006,BLI,WA,ANM,WE,Federal Contract Tower,4,24,15,0,43,0,45,114,6,165,4,69,129,6,208,58,0,58,266
10/05/2006,BLI,WA,ANM,WE,Federal Contract Tower,4,24,23,0,51,0,40,108,2,150,4,64,131,2,201,60,0,60,261
10/06/2006,BLI,WA,ANM,WE,Federal Contract Tower,2,22,29,0,53,0,55,67,2,124,2,77,96,2,177,50,0,50,227
10/07/2006,BLI,WA,ANM,WE,Federal Contract Tower,2,22,14,0,38,0,13,151,4,168,2,35,165,4,206,76,0,76,282
10/08/2006,BLI,WA,ANM,WE,Federal Contract Tower,4,16,13,0,33,0,22,103,2,127,4,38,116,2,160,38,0,38,198
10/09/2006,BLI,WA,ANM,WE,Federal Contract Tower,4,22,5,0,31,0,35,104,2,141,4,57,109,2,172,82,0,82,254
10/10/2006,BLI,WA,ANM,WE,Federal Contract Tower,0,28,13,0,41,0,29,90,4,123,0,57,103,4,164,78,0,78,242
10/11/2006,BLI,WA,ANM,WE,Federal Contract Tower,2,22,16,0,40,0,39,129,2,170,2,61,145,2,210,44,0,44,254
10/12/2006,BLI,WA,ANM,WE,Federal Contract Tower,4,11,22,2,39,0,43,110,0,153,4,54,132,2,192,86,8,94,286
10/13/2006,BLI,WA,ANM,WE,Federal Contract Tower,2,15,28,0,45,0,6,23,0,29,2,21,51,0,74,55,0,55,129
10/14/2006,BLI,WA,ANM,WE,Federal Contract Tower,2,16,3,0,21,0,0,0,0,0,2,16,3,0,21,0,0,0,21
10/15/2006,BLI,WA,ANM,WE,Federal Contract Tower,4,16,11,0,31,0,15,14,0,29,4,31,25,0,60,0,0,0,60
10/16/2006,BLI,WA,ANM,WE,Federal Contract Tower,2,22,16,0,40,0,22,73,0,95,2,44,89,0,135,56,0,56,191
10/17/2006,BLI,WA,ANM,WE,Federal Contract Tower,0,25,12,2,39,0,24,116,7,147,0,49,128,9,186,88,2,90,276
10/18/2006,BLI,WA,ANM,WE,Federal Contract Tower,2,35,17,2,56,0,20,51,2,73,2,55,68,4,129,14,0,14,143
10/19/2006,BLI,WA,ANM,WE,Federal Contract Tower,4,32,30,0,66,0,8,32,6,46,4,40,62,6,112,21,0,21,133
10/20/2006,BLI,WA,ANM,WE,Federal Contract Tower,2,24,21,2,49,0,19,116,9,144,2,43,137,11,193,72,0,72,265
10/21/2006,BLI,WA,ANM,WE,Federal Contract Tower,2,19,11,0,32,0,31,171,6,208,2,50,182,6,240,124,4,128,368
10/22/2006,BLI,WA,ANM,WE,Federal Contract Tower,4,16,7,0,27,0,34,116,2,152,4,50,123,2,179,50,0,50,229
10/23/2006,BLI,WA,ANM,WE,Federal Contract Tower,2,23,10,2,37,0,30,62,2,94,2,53,72,4,131,88,6,94,225
10/24/2006,BLI,WA,ANM,WE,Federal Contract Tower,0,28,22,2,52,0,30,76,6,112,0,58,98,8,164,24,0,24,188
10/25/2006,BLI,WA,ANM,WE,Federal Contract Tower,2,30,22,1,55,0,26,75,1,102,2,56,97,2,157,54,0,54,211
10/26/2006,BLI,WA,ANM,WE,Federal Contract Tower,4,26,25,2,57,0,27,81,0,108,4,53,106,2,165,6,2,8,173
10/27/2006,BLI,WA,ANM,WE,Federal Contract Tower,2,24,22,0,48,0,23,55,0,78,2,47,77,0,126,45,0,45,171
10/28/2006,BLI,WA,ANM,WE,Federal Contract Tower,2,20,9,0,31,0,19,103,4,126,2,39,112,4,157,78,0,78,235
10/29/2006,BLI,WA,ANM,WE,Federal Contract Tower,4,16,11,0,31,0,8,37,4,49,4,24,48,4,80,8,0,8,88
10/30/2006,BLI,WA,ANM,WE,Federal Contract Tower,2,23,7,2,34,0,26,78,4,108,2,49,85,6,142,120,0,120,262
10/31/2006,BLI,WA,ANM,WE,Federal Contract Tower,0,24,1,0,25,0,31,157,0,188,0,55,158,0,213,68,0,68,281
11/01/2006,BLI,WA,ANM,WE,Federal Contract Tower,2,24,14,1,41,0,35,124,1,160,2,59,138,2,201,86,0,86,287
11/02/2006,BLI,WA,ANM,WE,Federal Contract Tower,4,24,13,0,41,0,25,54,0,79,4,49,67,0,120,10,0,10,130
11/03/2006,BLI,WA,ANM,WE,Federal Contract Tower,2,25,18,1,46,0,17,18,5,40,2,42,36,6,86,0,0,0,86
11/04/2006,BLI,WA,ANM,WE,Federal Contract Tower,2,18,4,0,24,0,5,14,0,19,2,23,18,0,43,0,0,0,43
11/05/2006,BLI,WA,ANM,WE,Federal Contract Tower,4,16,7,0,27,0,18,44,8,70,4,34,51,8,97,60,2,62,159
11/06/2006,BLI,WA,ANM,WE,Federal Contract Tower,4,26,2,6,38,0,15,26,0,41,4,41,28,6,79,0,0,0,79
11/07/2006,BLI,WA,ANM,WE,Federal Contract Tower,0,28,6,0,34,0,25,73,2,100,0,53,79,2,134,24,0,24,158
11/08/2006,BLI,WA,ANM,WE,Federal Contract Tower,2,24,8,1,35,0,34,99,4,137,2,58,107,5,172,74,0,74,246
11/09/2006,BLI,WA,ANM,WE,Federal Contract Tower,4,22,4,1,31,0,43,113,1,157,4,65,117,2,188,78,0,78,266
11/10/2006,BLI,WA,ANM,WE,Federal Contract Tower,4,24,13,0,41,0,15,15,0,30,4,39,28,0,71,0,0,0,71
11/11/2006,BLI,WA,ANM,WE,Federal Contract Tower,2,23,6,0,31,0,10,42,2,54,2,33,48,2,85,34,0,34,119
11/12/2006,BLI,WA,ANM,WE,Federal Contract Tower,6,14,8,6,34,0,12,9,0,21,6,26,17,6,55,0,4,4,59
11/13/2006,BLI,WA,ANM,WE,Federal Contract Tower,2,22,11,0,35,0,23,28,2,53,2,45,39,2,88,20,0,20,108
11/14/2006,BLI,WA,ANM,WE,Federal Contract Tower,2,26,8,2,38,0,24,55,6,85,2,50,63,8,123,60,0,60,183
11/15/2006,BLI,WA,ANM,WE,Federal Contract Tower,4,20,4,0,28,0,1,3,0,4,4,21,7,0,32,0,0,0,32
11/16/2006,BLI,WA,ANM,WE,Federal Contract Tower,4,24,13,0,41,0,30,94,4,128,4,54,107,4,169,66,0,66,235
11/17/2006,BLI,WA,ANM,WE,Federal Contract Tower,2,23,14,1,40,0,46,51,3,100,2,69,65,4,140,54,2,56,196
11/18/2006,BLI,WA,ANM,WE,Federal Contract Tower,6,18,18,0,42,0,12,115,2,129,6,30,133,2,171,78,6,84,255
11/19/2006,BLI,WA,ANM,WE,Federal Contract Tower,5,17,7,0,29,0,5,8,0,13,5,22,15,0,42,2,0,2,44
11/20/2006,BLI,WA,ANM,WE,Federal Contract Tower,2,28,8,0,38,0,25,56,1,82,2,53,64,1,120,32,0,32,152
11/21/2006,BLI,WA,ANM,WE,Federal Contract Tower,2,25,2,1,30,0,12,22,6,40,2,37,24,7,70,0,0,0,70
11/22/2006,BLI,WA,ANM,WE,Federal Contract Tower,2,30,9,0,41,0,19,62,0,81,2,49,71,0,122,26,0,26,148
11/23/2006,BLI,WA,ANM,WE,Federal Contract Tower,3,13,2,0,18,0,1,17,0,18,3,14,19,0,36,6,0,6,42
11/24/2006,BLI,WA,ANM,WE,Federal Contract Tower,4,26,6,0,36,0,26,26,0,52,4,52,32,0,88,0,0,0,88
11/25/2006,BLI,WA,ANM,WE,Federal Contract Tower,2,20,2,0,24,0,17,69,2,88,2,37,71,2,112,48,0,48,160
11/26/2006,BLI,WA,ANM,WE,Federal Contract Tower,0,2,0,0,2,0,0,0,0,0,0,2,0,0,2,0,0,0,2
11/27/2006,BLI,WA,ANM,WE,Federal Contract Tower,0,3,4,0,7,0,3,4,0,7,0,6,8,0,14,0,0,0,14
11/28/2006,BLI,WA,ANM,WE,Federal Contract Tower,0,2,8,0,10,0,15,36,2,53,0,17,44,2,63,2,0,2,65
11/29/2006,BLI,WA,ANM,WE,Federal Contract Tower,2,21,2,2,27,0,12,10,2,24,2,33,12,4,51,0,0,0,51
11/30/2006,BLI,WA,ANM,WE,Federal Contract Tower,4,26,14,0,44,0,7,24,2,33,4,33,38,2,77,2,0,2,79
12/01/2006,BLI,WA,ANM,WE,Federal Contract Tower,4,24,16,1,45,0,25,25,1,51,4,49,41,2,96,12,2,14,110
12/02/2006,BLI,WA,ANM,WE,Federal Contract Tower,2,17,7,2,28,0,15,37,6,58,2,32,44,8,86,20,2,22,108
12/03/2006,BLI,WA,ANM,WE,Federal Contract Tower,4,16,13,0,33,0,18,75,2,95,4,34,88,2,128,38,0,38,166
12/04/2006,BLI,WA,ANM,WE,Federal Contract Tower,2,29,11,1,43,0,23,36,1,60,2,52,47,2,103,24,0,24,127
12/05/2006,BLI,WA,ANM,WE,Federal Contract Tower,0,27,10,0,37,2,23,80,0,105,2,50,90,0,142,20,0,20,162
12/06/2006,BLI,WA,ANM,WE,Federal Contract Tower,2,29,8,4,43,0,33,92,6,131,2,62,100,10,174,25,10,35,209
12/07/2006,BLI,WA,ANM,WE,Federal Contract Tower,5,31,16,0,52,0,35,85,2,122,5,66,101,2,174,52,0,52,226
12/08/2006,BLI,WA,ANM,WE,Federal Contract Tower,2,35,14,0,51,0,23,73,2,98,2,58,87,2,149,56,2,58,207
12/09/2006,BLI,WA,ANM,WE,Federal Contract Tower,2,20,21,6,49,0,12,48,2,62,2,32,69,8,111,36,6,42,153
12/10/2006,BLI,WA,ANM,WE,Federal Contract Tower,4,16,0,0,20,0,7,48,0,55,4,23,48,0,75,0,0,0,75
12/11/2006,BLI,WA,ANM,WE,Federal Contract Tower,2,22,11,0,35,0,28,22,8,58,2,50,33,8,93,0,0,0,93
12/12/2006,BLI,WA,ANM,WE,Federal Contract Tower,0,29,9,0,38,0,17,61,3,81,0,46,70,3,119,18,0,18,137
12/13/2006,BLI,WA,ANM,WE,Federal Contract Tower,2,30,12,1,45,0,25,22,4,51,2,55,34,5,96,0,5,5,101
12/14/2006,BLI,WA,ANM,WE,Federal Contract Tower,2,25,4,1,32,0,15,31,1,47,2,40,35,2,79,14,0,14,93
12/15/2006,BLI,WA,ANM,WE,Federal Contract Tower,4,18,5,0,27,0,19,32,0,51,4,37,37,0,78,40,0,40,118
12/16/2006,BLI,WA,ANM,WE,Federal Contract Tower,2,16,16,0,34,0,22,76,2,100,2,38,92,2,134,70,0,70,204
12/17/2006,BLI,WA,ANM,WE,Federal Contract Tower,4,17,13,0,34,0,13,101,4,118,4,30,114,4,152,36,0,36,188
12/18/2006,BLI,WA,ANM,WE,Federal Contract Tower,2,25,8,1,36,0,43,65,1,109,2,68,73,2,145,22,0,22,167
12/19/2006,BLI,WA,ANM,WE,Federal Contract Tower,0,30,15,0,45,0,22,51,2,75,0,52,66,2,120,18,0,18,138
12/20/2006,BLI,WA,ANM,WE,Federal Contract Tower,2,33,9,0,44,0,31,49,0,80,2,64,58,0,124,22,0,22,146
12/21/2006,BLI,WA,ANM,WE,Federal Contract Tower,4,29,11,0,44,0,29,44,4,77,4,58,55,4,121,18,0,18,139
12/22/2006,BLI,WA,ANM,WE,Federal Contract Tower,2,30,9,2,43,0,20,78,0,98,2,50,87,2,141,58,2,60,201
12/23/2006,BLI,WA,ANM,WE,Federal Contract Tower,2,20,12,0,34,0,15,22,0,37,2,35,34,0,71,20,0,20,91
12/24/2006,BLI,WA,ANM,WE,Federal Contract Tower,4,14,4,0,22,0,7,13,0,20,4,21,17,0,42,0,0,0,42
12/25/2006,BLI,WA,ANM,WE,Federal Contract Tower,2,14,3,0,19,0,15,21,0,36,2,29,24,0,55,8,0,8,63
12/26/2006,BLI,WA,ANM,WE,Federal Contract Tower,0,26,8,0,34,0,28,46,0,74,0,54,54,0,108,10,0,10,118
12/27/2006,BLI,WA,ANM,WE,Federal Contract Tower,2,29,15,2,48,0,21,45,2,68,2,50,60,4,116,6,0,6,122
12/28/2006,BLI,WA,ANM,WE,Federal Contract Tower,4,24,7,0,35,0,27,109,0,136,4,51,116,0,171,14,4,18,189
12/29/2006,BLI,WA,ANM,WE,Federal Contract Tower,4,23,13,0,40,0,35,46,0,81,4,58,59,0,121,18,0,18,139
12/30/2006,BLI,WA,ANM,WE,Federal Contract Tower,2,18,21,0,41,0,18,105,2,125,2,36,126,2,166,46,0,46,212
12/31/2006,BLI,WA,ANM,WE,Federal Contract Tower,4,13,4,0,21,0,18,85,0,103,4,31,89,0,124,18,0,18,142
01/01/2007,BLI,WA,ANM,WE,Federal Contract Tower,2,15,14,0,31,0,13,25,2,40,2,28,39,2,71,0,0,0,71
01/02/2007,BLI,WA,ANM,WE,Federal Contract Tower,1,25,11,0,37,0,10,8,0,18,1,35,19,0,55,0,0,0,55
01/03/2007,BLI,WA,ANM,WE,Federal Contract Tower,2,29,15,0,46,0,22,37,0,59,2,51,52,0,105,25,0,25,130
01/04/2007,BLI,WA,ANM,WE,Federal Contract Tower,5,27,14,1,47,0,25,44,1,70,5,52,58,2,117,36,32,68,185
01/05/2007,BLI,WA,ANM,WE,Federal Contract Tower,0,27,11,0,38,0,15,13,0,28,0,42,24,0,66,0,0,0,66
01/06/2007,BLI,WA,ANM,WE,Federal Contract Tower,2,19,12,1,34,0,10,86,2,98,2,29,98,3,132,28,0,28,160
01/07/2007,BLI,WA,ANM,WE,Federal Contract Tower,4,18,5,0,27,0,9,23,0,32,4,27,28,0,59,2,0,2,61
01/08/2007,BLI,WA,ANM,WE,Federal Contract Tower,4,31,5,0,40,0,34,63,0,97,4,65,68,0,137,56,1,57,194
01/09/2007,BLI,WA,ANM,WE,Federal Contract Tower,0,25,12,0,37,0,13,18,0,31,0,38,30,0,68,2,0,2,70
01/10/2007,BLI,WA,ANM,WE,Federal Contract Tower,0,14,14,0,28,0,2,4,0,6,0,16,18,0,34,0,0,0,34
01/11/2007,BLI,WA,ANM,WE,Federal Contract Tower,2,16,1,2,21,0,20,11,0,31,2,36,12,2,52,6,2,8,60
01/12/2007,BLI,WA,ANM,WE,Federal Contract Tower,4,25,8,0,37,0,23,39,0,62,4,48,47,0,99,16,0,16,115
01/13/2007,BLI,WA,ANM,WE,Federal Contract Tower,2,19,3,0,24,0,8,54,2,64,2,27,57,2,88,36,0,36,124
01/14/2007,BLI,WA,ANM,WE,Federal Contract Tower,4,16,12,13,45,0,10,46,17,73,4,26,58,30,118,34,8,42,160
01/15/2007,BLI,WA,ANM,WE,Federal Contract Tower,4,22,6,0,32,0,24,57,0,81,4,46,63,0,113,52,0,52,165
01/16/2007,BLI,WA,ANM,WE,Federal Contract Tower,0,30,3,2,35,0,13,17,2,32,0,43,20,4,67,0,0,0,67
01/17/2007,BLI,WA,ANM,WE,Federal Contract Tower,5,27,6,0,38,0,20,35,0,55,5,47,41,0,93,0,0,0,93
01/18/2007,BLI,WA,ANM,WE,Federal Contract Tower,8,25,24,0,57,0,32,22,0,54,8,57,46,0,111,26,0,26,137
01/19/2007,BLI,WA,ANM,WE,Federal Contract Tower,8,23,13,0,44,0,27,36,0,63,8,50,49,0,107,20,0,20,127
01/20/2007,BLI,WA,ANM,WE,Federal Contract Tower,4,19,10,0,33,0,8,147,5,160,4,27,157,5,193,98,0,98,291
01/21/2007,BLI,WA,ANM,WE,Federal Contract Tower,10,16,11,0,37,0,8,47,0,55,10,24,58,0,92,14,0,14,106
01/22/2007,BLI,WA,ANM,WE,Federal Contract Tower,6,25,11,0,42,0,23,30,0,53,6,48,41,0,95,30,2,32,127
01/23/2007,BLI,WA,ANM,WE,Federal Contract Tower,0,26,17,0,43,0,28,53,1,82,0,54,70,1,125,54,7,61,186
01/24/2007,BLI,WA,ANM,WE,Federal Contract Tower,10,22,8,0,40,0,36,99,2,137,10,58,107,2,177,38,12,50,227
01/25/2007,BLI,WA,ANM,WE,Federal Contract Tower,8,27,19,0,54,0,35,54,0,89,8,62,73,0,143,64,0,64,207
01/26/2007,BLI,WA,ANM,WE,Federal Contract Tower,7,22,29,0,58,0,27,91,2,120,7,49,120,2,178,54,0,54,232
01/27/2007,BLI,WA,ANM,WE,Federal Contract Tower,9,21,4,0,34,0,10,108,6,124,9,31,112,6,158,82,0,82,240
01/28/2007,BLI,WA,ANM,WE,Federal Contract Tower,7,17,7,0,31,0,21,118,0,139,7,38,125,0,170,65,0,65,235
01/29/2007,BLI,WA,ANM,WE,Federal Contract Tower,6,26,17,0,49,0,18,74,2,94,6,44,91,2,143,66,0,66,209
01/30/2007,BLI,WA,ANM,WE,Federal Contract Tower,2,23,9,2,36,0,14,84,0,98,2,37,93,2,134,72,12,84,218
01/31/2007,BLI,WA,ANM,WE,Federal Contract Tower,6,24,12,0,42,0,17,52,0,69,6,41,64,0,111,92,0,92,203
02/01/2007,BLI,WA,ANM,WE,Federal Contract Tower,8,23,22,2,55,0,39,66,4,109,8,62,88,6,164,60,0,60,224
02/02/2007,BLI,WA,ANM,WE,Federal Contract Tower,8,25,19,0,52,0,18,98,0,116,8,43,117,0,168,46,0,46,214
02/03/2007,BLI,WA,ANM,WE,Federal Contract Tower,6,21,10,0,37,0,10,65,2,77,6,31,75,2,114,58,0,58,172
02/04/2007,BLI,WA,ANM,WE,Federal Contract Tower,7,18,10,0,35,0,4,0,0,4,7,22,10,0,39,0,0,0,39
02/05/2007,BLI,WA,ANM,WE,Federal Contract Tower,5,13,15,0,33,0,3,4,0,7,5,16,19,0,40,0,8,8,48
02/06/2007,BLI,WA,ANM,WE,Federal Contract Tower,3,27,8,0,38,0,3,2,0,5,3,30,10,0,43,2,0,2,45
02/07/2007,BLI,WA,ANM,WE,Federal Contract Tower,6,28,21,2,57,0,27,38,2,67,6,55,59,4,124,44,2,46,170
02/08/2007,BLI,WA,ANM,WE,Federal Contract Tower,5,27,9,8,49,0,45,52,4,101,5,72,61,12,150,44,10,54,204
02/09/2007,BLI,WA,ANM,WE,Federal Contract Tower,6,25,9,0,40,0,23,79,0,102,6,48,88,0,142,30,0,30,172
02/10/2007,BLI,WA,ANM,WE,Federal Contract Tower,4,20,7,0,31,0,14,132,2,148,4,34,139,2,179,98,0,98,277
02/11/2007,BLI,WA,ANM,WE,Federal Contract Tower,6,16,13,0,35,0,16,47,0,63,6,32,60,0,98,37,0,37,135
02/12/2007,BLI,WA,ANM,WE,Federal Contract Tower,6,20,15,0,41,0,30,42,1,73,6,50,57,1,114,30,7,37,151
02/13/2007,BLI,WA,ANM,WE,Federal Contract Tower,0,29,14,1,44,0,28,60,0,88,0,57,74,1,132,66,2,68,200
02/14/2007,BLI,WA,ANM,WE,Federal Contract Tower,4,25,16,0,45,0,29,20,0,49,4,54,36,0,94,54,2,56,150
02/15/2007,BLI,WA,ANM,WE,Federal Contract Tower,6,31,8,0,45,0,32,14,0,46,6,63,22,0,91,0,0,0,91
02/16/2007,BLI,WA,ANM,WE,Federal Contract Tower,4,24,18,0,46,0,36,104,0,140,4,60,122,0,186,148,0,148,334
02/17/2007,BLI,WA,ANM,WE,Federal Contract Tower,4,24,7,0,35,0,20,112,15,147,4,44,119,15,182,78,8,86,268
02/18/2007,BLI,WA,ANM,WE,Federal Contract Tower,4,16,11,0,31,0,18,56,2,76,4,34,67,2,107,12,0,12,119
02/19/2007,BLI,WA,ANM,WE,Federal Contract Tower,4,22,14,0,40,0,28,30,0,58,4,50,44,0,98,0,0,0,98
02/20/2007,BLI,WA,ANM,WE,Federal Contract Tower,2,26,15,1,44,0,35,77,3,115,2,61,92,4,159,22,4,26,185
02/21/2007,BLI,WA,ANM,WE,Federal Contract Tower,4,25,10,0,39,0,42,69,0,111,4,67,79,0,150,60,0,60,210
02/22/2007,BLI,WA,ANM,WE,Federal Contract Tower,4,27,18,0,49,0,25,62,6,93,4,52,80,6,142,42,0,42,184
02/23/2007,BLI,WA,ANM,WE,Federal Contract Tower,4,22,9,0,35,0,31,51,0,82,4,53,60,0,117,44,0,44,161
02/24/2007,BLI,WA,ANM,WE,Federal Contract Tower,4,22,4,0,30,0,9,14,1,24,4,31,18,1,54,40,0,40,94
02/25/2007,BLI,WA,ANM,WE,Federal Contract Tower,4,16,7,0,27,0,16,46,0,62,4,32,53,0,89,26,0,26,115
02/26/2007,BLI,WA,ANM,WE,Federal Contract Tower,6,24,17,0,47,0,26,40,2,68,6,50,57,2,115,54,0,54,169
02/27/2007,BLI,WA,ANM,WE,Federal Contract Tower,2,24,21,1,48,0,43,85,5,133,2,67,106,6,181,72,2,74,255
02/28/2007,BLI,WA,ANM,WE,Federal Contract Tower,4,24,14,0,42,0,43,52,4,99,4,67,66,4,141,66,2,68,209
03/01/2007,BLI,WA,ANM,WE,Federal Contract Tower,4,26,14,0,44,0,17,37,0,54,4,43,51,0,98,24,0,24,122
03/02/2007,BLI,WA,ANM,WE,Federal Contract Tower,4,25,14,0,43,0,28,52,0,80,4,53,66,0,123,26,0,26,149
03/03/2007,BLI,WA,ANM,WE,Federal Contract Tower,4,20,5,0,29,0,5,5,0,10,4,25,10,0,39,0,0,0,39
03/04/2007,BLI,WA,ANM,WE,Federal Contract Tower,6,17,9,0,32,0,9,102,2,113,6,26,111,2,145,54,0,54,199
03/05/2007,BLI,WA,ANM,WE,Federal Contract Tower,4,23,3,0,30,0,35,24,2,61,4,58,27,2,91,66,0,66,157
03/06/2007,BLI,WA,ANM,WE,Federal Contract Tower,4,26,8,4,42,0,36,84,0,120,4,62,92,4,162,68,0,68,230
03/07/2007,BLI,WA,ANM,WE,Federal Contract Tower,6,28,11,0,45,0,23,43,2,68,6,51,54,2,113,12,0,12,125
03/08/2007,BLI,WA,ANM,WE,Federal Contract Tower,4,25,20,0,49,0,52,39,0,91,4,77,59,0,140,4,0,4,144
03/09/2007,BLI,WA,ANM,WE,Federal Contract Tower,4,25,14,0,43,0,27,49,0,76,4,52,63,0,119,25,0,25,144
03/10/2007,BLI,WA,ANM,WE,Federal Contract Tower,8,17,4,0,29,0,0,19,2,21,8,17,23,2,50,18,0,18,68
03/11/2007,BLI,WA,ANM,WE,Federal Contract Tower,4,17,13,0,34,0,11,10,0,21,4,28,23,0,55,0,0,0,55
03/12/2007,BLI,WA,ANM,WE,Federal Contract Tower,6,27,5,0,38,0,32,67,2,101,6,59,72,2,139,98,0,98,237
03/13/2007,BLI,WA,ANM,WE,Federal Contract Tower,2,24,15,0,41,0,29,53,2,84,2,53,68,2,125,50,10,60,185
03/14/2007,BLI,WA,ANM,WE,Federal Contract Tower,4,25,10,0,39,0,31,152,1,184,4,56,162,1,223,114,0,114,337
03/15/2007,BLI,WA,ANM,WE,Federal Contract Tower,4,25,8,0,37,0,24,114,0,138,4,49,122,0,175,64,0,64,239
03/16/2007,BLI,WA,ANM,WE,Federal Contract Tower,8,22,31,3,64,0,28,59,3,90,8,50,90,6,154,48,0,48,202
03/17/2007,BLI,WA,ANM,WE,Federal Contract Tower,4,21,12,0,37,0,2,16,0,18,4,23,28,0,55,38,0,38,93
03/18/2007,BLI,WA,ANM,WE,Federal Contract Tower,10,14,19,0,43,0,21,38,2,61,10,35,57,2,104,46,2,48,152
03/19/2007,BLI,WA,ANM,WE,Federal Contract Tower,8,18,12,0,38,0,25,13,0,38,8,43,25,0,76,26,0,26,102
03/20/2007,BLI,WA,ANM,WE,Federal Contract Tower,6,22,4,0,32,0,37,43,8,88,6,59,47,8,120,68,0,68,188
03/21/2007,BLI,WA,ANM,WE,Federal Contract Tower,8,21,12,0,41,0,33,87,0,120,8,54,99,0,161,76,0,76,237
03/22/2007,BLI,WA,ANM,WE,Federal Contract Tower,8,19,27,1,55,0,39,39,1,79,8,58,66,2,134,50,0,50,184
03/23/2007,BLI,WA,ANM,WE,Federal Contract Tower,8,22,13,0,43,0,30,15,0,45,8,52,28,0,88,14,0,14,102
03/24/2007,BLI,WA,ANM,WE,Federal Contract Tower,8,13,10,0,31,0,9,13,0,22,8,22,23,0,53,0,0,0,53
03/25/2007,BLI,WA,ANM,WE,Federal Contract Tower,10,11,11,0,32,0,26,65,4,95,10,37,76,4,127,72,0,72,199
03/26/2007,BLI,WA,ANM,WE,Federal Contract Tower,9,17,13,0,39,0,32,132,0,164,9,49,145,0,203,104,2,106,309
03/27/2007,BLI,WA,ANM,WE,Federal Contract Tower,6,22,14,6,48,0,22,85,0,107,6,44,99,6,155,106,0,106,261
03/28/2007,BLI,WA,ANM,WE,Federal Contract Tower,8,21,14,1,44,0,29,85,9,123,8,50,99,10,167,34,14,48,215
03/29/2007,BLI,WA,ANM,WE,Federal Contract Tower,7,20,14,0,41,0,34,141,2,177,7,54,155,2,218,108,0,108,326
03/30/2007,BLI,WA,ANM,WE,Federal Contract Tower,8,19,11,0,38,0,26,76,0,102,8,45,87,0,140,24,0,24,164
03/31/2007,BLI,WA,ANM,WE,Federal Contract Tower,8,15,10,0,33,0,17,58,0,75,8,32,68,0,108,18,0,18,126
04/01/2007,BLI,WA,ANM,WE,Federal Contract Tower,8,13,8,2,31,0,19,36,2,57,8,32,44,4,88,14,6,20,108
04/02/2007,BLI,WA,ANM,WE,Federal Contract Tower,8,17,14,0,39,0,40,92,2,134,8,57,106,2,173,14,0,14,187
04/03/2007,BLI,WA,ANM,WE,Federal Contract Tower,6,20,15,0,41,0,82,133,0,215,6,102,148,0,256,98,0,98,354
04/04/2007,BLI,WA,ANM,WE,Federal Contract Tower,8,23,17,0,48,0,41,76,0,117,8,64,93,0,165,18,0,18,183
04/05/2007,BLI,WA,ANM,WE,Federal Contract Tower,8,20,15,0,43,0,67,121,2,190,8,87,136,2,233,92,0,92,325
04/06/2007,BLI,WA,ANM,WE,Federal Contract Tower,8,17,8,2,35,0,45,113,0,158,8,62,121,2,193,58,0,58,251
04/07/2007,BLI,WA,ANM,WE,Federal Contract Tower,8,12,6,0,26,0,23,104,4,131,8,35,110,4,157,109,0,109,266
04/08/2007,BLI,WA,ANM,WE,Federal Contract Tower,10,11,4,0,25,0,22,48,2,72,10,33,52,2,97,0,0,0,97
04/09/2007,BLI,WA,ANM,WE,Federal Contract Tower,10,19,16,0,45,0,47,40,4,91,10,66,56,4,136,34,14,48,184
04/10/2007,BLI,WA,ANM,WE,Federal Contract Tower,6,19,14,0,39,0,40,69,0,109,6,59,83,0,148,48,4,52,200
04/11/2007,BLI,WA,ANM,WE,Federal Contract Tower,10,18,26,0,54,0,51,89,0,140,10,69,115,0,194,54,0,54,248
04/12/2007,BLI,WA,ANM,WE,Federal Contract Tower,8,18,23,0,49,0,35,96,5,136,8,53,119,5,185,42,2,44,229
04/13/2007,BLI,WA,ANM,WE,Federal Contract Tower,10,18,11,0,39,0,44,48,0,92,10,62,59,0,131,8,0,8,139
04/14/2007,BLI,WA,ANM,WE,Federal Contract Tower,10,17,3,0,30,0,25,95,2,122,10,42,98,2,152,20,0,20,172
04/15/2007,BLI,WA,ANM,WE,Federal Contract Tower,8,10,4,0,22,0,12,79,2,93,8,22,83,2,115,87,0,87,202
04/16/2007,BLI,WA,ANM,WE,Federal Contract Tower,10,17,20,0,47,0,55,47,4,106,10,72,67,4,153,18,0,18,171
04/17/2007,BLI,WA,ANM,WE,Federal Contract Tower,6,18,13,0,37,0,31,62,0,93,6,49,75,0,130,32,0,32,162
04/18/2007,BLI,WA,ANM,WE,Federal Contract Tower,17,12,21,0,50,0,39,57,6,102,17,51,78,6,152,102,12,114,266
04/19/2007,BLI,WA,ANM,WE,Federal Contract Tower,10,17,17,0,44,0,39,96,0,135,10,56,113,0,179,20,0,20,199
04/20/2007,BLI,WA,ANM,WE,Federal Contract Tower,20,9,13,0,42,0,48,144,5,197,20,57,157,5,239,108,0,108,347
04/21/2007,BLI,WA,ANM,WE,Federal Contract Tower,12,5,3,2,22,0,19,110,4,133,12,24,113,6,155,118,0,118,273
04/22/2007,BLI,WA,ANM,WE,Federal Contract Tower,14,3,9,0,26,0,11,72,4,87,14,14,81,4,113,25,0,25,138
04/23/2007,BLI,WA,ANM,WE,Federal Contract Tower,14,10,7,0,31,0,46,86,0,132,14,56,93,0,163,66,0,66,229
04/24/2007,BLI,WA,ANM,WE,Federal Contract Tower,10,9,16,0,35,0,43,47,0,90,10,52,63,0,125,24,0,24,149
04/25/2007,BLI,WA,ANM,WE,Federal Contract Tower,14,12,15,4,45,0,46,65,3,114,14,58,80,7,159,72,18,90,249
04/26/2007,BLI,WA,ANM,WE,Federal Contract Tower,16,11,26,0,53,0,43,63,1,107,16,54,89,1,160,32,0,32,192
04/27/2007,BLI,WA,ANM,WE,Federal Contract Tower,14,9,24,0,47,0,36,50,0,86,14,45,74,0,133,0,0,0,133
04/28/2007,BLI,WA,ANM,WE,Federal Contract Tower,12,3,12,0,27,0,12,119,3,134,12,15,131,3,161,53,0,53,214
04/29/2007,BLI,WA,ANM,WE,Federal Contract Tower,16,3,14,0,33,0,13,93,2,108,16,16,107,2,141,80,0,80,221
04/30/2007,BLI,WA,ANM,WE,Federal Contract Tower,14,10,16,0,40,0,43,112,0,155,14,53,128,0,195,102,0,102,297
05/01/2007,BLI,WA,ANM,WE,Federal Contract Tower,12,13,14,4,43,0,43,49,4,96,12,56,63,8,139,78,2,80,219
05/02/2007,BLI,WA,ANM,WE,Federal Contract Tower,14,11,9,0,34,0,34,32,0,66,14,45,41,0,100,24,0,24,124
05/03/2007,BLI,WA,ANM,WE,Federal Contract Tower,14,13,7,0,34,0,40,77,6,123,14,53,84,6,157,22,4,26,183
05/04/2007,BLI,WA,ANM,WE,Federal Contract Tower,17,8,13,0,38,0,31,105,4,140,17,39,118,4,178,44,0,44,222
05/05/2007,BLI,WA,ANM,WE,Federal Contract Tower,12,5,2,0,19,0,32,127,2,161,12,37,129,2,180,76,0,76,256
05/06/2007,BLI,WA,ANM,WE,Federal Contract Tower,14,12,24,0,50,0,12,27,0,39,14,24,51,0,89,14,0,14,103
05/07/2007,BLI,WA,ANM,WE,Federal Contract Tower,14,12,15,0,41,0,28,115,0,143,14,40,130,0,184,81,0,81,265
05/08/2007,BLI,WA,ANM,WE,Federal Contract Tower,10,9,8,0,27,0,33,100,0,133,10,42,108,0,160,34,0,34,194
05/09/2007,BLI,WA,ANM,WE,Federal Contract Tower,14,12,12,0,38,0,25,117,0,142,14,37,129,0,180,98,0,98,278
05/10/2007,BLI,WA,ANM,WE,Federal Contract Tower,14,14,19,2,49,0,36,107,0,143,14,50,126,2,192,84,0,84,276
05/11/2007,BLI,WA,ANM,WE,Federal Contract Tower,14,9,19,0,42,0,47,170,2,219,14,56,189,2,261,92,0,92,353
05/12/2007,BLI,WA,ANM,WE,Federal Contract Tower,12,4,19,0,35,0,37,134,4,175,12,41,153,4,210,88,0,88,298
05/13/2007,BLI,WA,ANM,WE,Federal Contract Tower,14,3,6,0,23,0,22,65,4,91,14,25,71,4,114,29,0,29,143
05/14/2007,BLI,WA,ANM,WE,Federal Contract Tower,14,13,30,0,57,0,57,110,2,169,14,70,140,2,226,74,0,74,300
05/15/2007,BLI,WA,ANM,WE,Federal Contract Tower,10,10,20,0,40,0,42,103,0,145,10,52,123,0,185,92,0,92,277
05/16/2007,BLI,WA,ANM,WE,Federal Contract Tower,14,10,19,0,43,0,52,92,4,148,14,62,111,4,191,86,2,88,279
05/17/2007,BLI,WA,ANM,WE,Federal Contract Tower,14,12,17,4,47,0,45,119,0,164,14,57,136,4,211,88,0,88,299
05/18/2007,BLI,WA,ANM,WE,Federal Contract Tower,14,9,15,0,38,0,29,151,4,184,14,38,166,4,222,92,0,92,314
05/19/2007,BLI,WA,ANM,WE,Federal Contract Tower,14,4,20,0,38,0,27,84,0,111,14,31,104,0,149,52,0,52,201
05/20/2007,BLI,WA,ANM,WE,Federal Contract Tower,16,6,15,0,37,0,22,19,2,43,16,28,34,2,80,0,0,0,80
05/21/2007,BLI,WA,ANM,WE,Federal Contract Tower,14,10,16,0,40,0,50,86,2,138,14,60,102,2,178,78,0,78,256
05/22/2007,BLI,WA,ANM,WE,Federal Contract Tower,12,10,25,1,48,0,42,123,1,166,12,52,148,2,214,58,0,58,272
05/23/2007,BLI,WA,ANM,WE,Federal Contract Tower,13,19,22,1,55,0,34,85,1,120,13,53,107,2,175,44,0,44,219
05/24/2007,BLI,WA,ANM,WE,Federal Contract Tower,16,12,27,0,55,0,66,170,0,236,16,78,197,0,291,70,0,70,361
05/25/2007,BLI,WA,ANM,WE,Federal Contract Tower,20,11,8,0,39,0,48,141,0,189,20,59,149,0,228,56,0,56,284
05/26/2007,BLI,WA,ANM,WE,Federal Contract Tower,12,5,15,0,32,0,32,129,3,164,12,37,144,3,196,44,0,44,240
05/27/2007,BLI,WA,ANM,WE,Federal Contract Tower,13,5,5,0,23,0,15,50,3,68,13,20,55,3,91,52,0,52,143
05/28/2007,BLI,WA,ANM,WE,Federal Contract Tower,18,5,23,0,46,0,29,150,0,179,18,34,173,0,225,77,0,77,302
05/29/2007,BLI,WA,ANM,WE,Federal Contract Tower,10,8,17,0,35,0,45,127,6,178,10,53,144,6,213,68,0,68,281
05/30/2007,BLI,WA,ANM,WE,Federal Contract Tower,16,14,24,0,54,0,47,160,0,207,16,61,184,0,261,64,0,64,325
05/31/2007,BLI,WA,ANM,WE,Federal Contract Tower,18,11,28,0,57,0,53,140,0,193,18,64,168,0,250,80,0,80,330
06/01/2007,BLI,WA,ANM,WE,Federal Contract Tower,18,10,15,3,46,0,46,126,3,175,18,56,141,6,221,40,0,40,261
06/02/2007,BLI,WA,ANM,WE,Federal Contract Tower,13,3,21,0,37,0,19,166,3,188,13,22,187,3,225,82,0,82,307
06/03/2007,BLI,WA,ANM,WE,Federal Contract Tower,14,3,10,0,27,0,23,131,6,160,14,26,141,6,187,30,0,30,217
06/04/2007,BLI,WA,ANM,WE,Federal Contract Tower,17,10,12,0,39,0,43,55,4,102,17,53,67,4,141,40,0,40,181
06/05/2007,BLI,WA,ANM,WE,Federal Contract Tower,14,9,16,0,39,0,48,81,2,131,14,57,97,2,170,87,0,87,257
06/06/2007,BLI,WA,ANM,WE,Federal Contract Tower,16,15,21,0,52,0,37,62,8,107,16,52,83,8,159,26,0,26,185
06/07/2007,BLI,WA,ANM,WE,Federal Contract Tower,16,12,21,0,49,0,53,89,4,146,16,65,110,4,195,50,0,50,245
06/08/2007,BLI,WA,ANM,WE,Federal Contract Tower,16,11,9,0,36,0,56,147,0,203,16,67,156,0,239,72,0,72,311
06/09/2007,BLI,WA,ANM,WE,Federal Contract Tower,13,9,15,0,37,0,16,34,2,52,13,25,49,2,89,8,0,8,97
06/10/2007,BLI,WA,ANM,WE,Federal Contract Tower,17,3,16,1,37,0,26,95,9,130,17,29,111,10,167,72,0,72,239
06/11/2007,BLI,WA,ANM,WE,Federal Contract Tower,18,10,19,2,49,0,53,77,10,140,18,63,96,12,189,78,0,78,267
06/12/2007,BLI,WA,ANM,WE,Federal Contract Tower,14,18,17,2,51,0,44,138,8,190,14,62,155,10,241,40,0,40,281
06/13/2007,BLI,WA,ANM,WE,Federal Contract Tower,15,13,28,2,58,0,53,67,0,120,15,66,95,2,178,62,2,64,242
06/14/2007,BLI,WA,ANM,WE,Federal Contract Tower,16,11,24,0,51,0,52,108,0,160,16,63,132,0,211,74,0,74,285
06/15/2007,BLI,WA,ANM,WE,Federal Contract Tower,18,18,25,0,61,0,46,61,0,107,18,64,86,0,168,50,0,50,218
06/16/2007,BLI,WA,ANM,WE,Federal Contract Tower,16,6,7,0,29,0,32,102,3,137,16,38,109,3,166,36,2,38,204
06/17/2007,BLI,WA,ANM,WE,Federal Contract Tower,16,4,13,0,33,0,26,54,0,80,16,30,67,0,113,14,0,14,127
06/18/2007,BLI,WA,ANM,WE,Federal Contract Tower,18,12,19,0,49,0,51,106,0,157,18,63,125,0,206,73,0,73,279
06/19/2007,BLI,WA,ANM,WE,Federal Contract Tower,12,10,10,3,35,0,54,156,3,213,12,64,166,6,248,133,6,139,387
06/20/2007,BLI,WA,ANM,WE,Federal Contract Tower,16,12,14,0,42,0,55,128,6,189,16,67,142,6,231,104,2,106,337
06/21/2007,BLI,WA,ANM,WE,Federal Contract Tower,16,13,20,0,49,0,48,85,2,135,16,61,105,2,184,92,0,92,276
06/22/2007,BLI,WA,ANM,WE,Federal Contract Tower,20,12,20,0,52,0,61,101,2,164,20,73,121,2,216,50,0,50,266
06/23/2007,BLI,WA,ANM,WE,Federal Contract Tower,13,6,14,0,33,2,28,115,3,148,15,34,129,3,181,46,2,48,229
06/24/2007,BLI,WA,ANM,WE,Federal Contract Tower,16,5,6,0,27,0,19,38,8,65,16,24,44,8,92,38,38,76,168
06/25/2007,BLI,WA,ANM,WE,Federal Contract Tower,18,11,15,0,44,0,49,107,0,156,18,60,122,0,200,44,0,44,244
06/26/2007,BLI,WA,ANM,WE,Federal Contract Tower,12,12,16,1,41,0,50,132,3,185,12,62,148,4,226,122,18,140,366
06/27/2007,BLI,WA,ANM,WE,Federal Contract Tower,16,10,13,1,40,0,49,114,1,164,16,59,127,2,204,154,16,170,374
06/28/2007,BLI,WA,ANM,WE,Federal Contract Tower,16,14,27,0,57,0,70,76,4,150,16,84,103,4,207,58,2,60,267
06/29/2007,BLI,WA,ANM,WE,Federal Contract Tower,18,9,21,2,50,0,55,92,2,149,18,64,113,4,199,52,2,54,253
06/30/2007,BLI,WA,ANM,WE,Federal Contract Tower,16,6,25,0,47,0,33,121,2,156,16,39,146,2,203,18,2,20,223
07/01/2007,BLI,WA,ANM,WE,Federal Contract Tower,16,5,22,0,43,0,25,139,2,166,16,30,161,2,209,74,0,74,283
07/02/2007,BLI,WA,ANM,WE,Federal Contract Tower,19,9,10,0,38,0,55,144,0,199,19,64,154,0,237,36,2,38,275
07/03/2007,BLI,WA,ANM,WE,Federal Contract Tower,12,14,10,0,36,0,67,138,0,205,12,81,148,0,241,84,0,84,325
07/04/2007,BLI,WA,ANM,WE,Federal Contract Tower,15,2,10,0,27,0,35,126,2,163,15,37,136,2,190,52,2,54,244
07/05/2007,BLI,WA,ANM,WE,Federal Contract Tower,16,12,12,0,40,0,83,151,2,236,16,95,163,2,276,56,0,56,332
07/06/2007,BLI,WA,ANM,WE,Federal Contract Tower,18,14,14,0,46,0,48,148,0,196,18,62,162,0,242,60,0,60,302
07/07/2007,BLI,WA,ANM,WE,Federal Contract Tower,14,10,13,0,37,0,34,86,0,120,14,44,99,0,157,68,0,68,225
07/08/2007,BLI,WA,ANM,WE,Federal Contract Tower,20,6,27,0,53,0,40,108,0,148,20,46,135,0,201,22,2,24,225
07/09/2007,BLI,WA,ANM,WE,Federal Contract Tower,22,8,25,0,55,0,36,123,1,160,22,44,148,1,215,54,2,56,271
07/10/2007,BLI,WA,ANM,WE,Federal Contract Tower,12,17,23,0,52,0,63,110,1,174,12,80,133,1,226,38,0,38,264
07/11/2007,BLI,WA,ANM,WE,Federal Contract Tower,16,17,15,0,48,0,39,115,2,156,16,56,130,2,204,23,0,23,227
07/12/2007,BLI,WA,ANM,WE,Federal Contract Tower,15,11,29,0,55,0,66,167,6,239,15,77,196,6,294,72,0,72,366
07/13/2007,BLI,WA,ANM,WE,Federal Contract Tower,19,11,22,0,52,0,58,108,5,171,19,69,130,5,223,54,2,56,279
07/14/2007,BLI,WA,ANM,WE,Federal Contract Tower,14,7,11,0,32,0,38,94,3,135,14,45,105,3,167,56,0,56,223
07/15/2007,BLI,WA,ANM,WE,Federal Contract Tower,18,4,22,0,44,0,19,112,4,135,18,23,134,4,179,68,0,68,247
07/16/2007,BLI,WA,ANM,WE,Federal Contract Tower,21,12,15,1,49,0,56,129,5,190,21,68,144,6,239,82,2,84,323
07/17/2007,BLI,WA,ANM,WE,Federal Contract Tower,14,12,19,1,46,0,50,59,2,111,14,62,78,3,157,32,0,32,189
07/18/2007,BLI,WA,ANM,WE,Federal Contract Tower,16,21,32,0,69,0,19,9,0,28,16,40,41,0,97,0,0,0,97
07/19/2007,BLI,WA,ANM,WE,Federal Contract Tower,15,13,24,1,53,0,46,90,3,139,15,59,114,4,192,88,2,90,282
07/20/2007,BLI,WA,ANM,WE,Federal Contract Tower,18,12,29,0,59,0,64,80,0,144,18,76,109,0,203,76,0,76,279
07/21/2007,BLI,WA,ANM,WE,Federal Contract Tower,14,10,25,0,49,0,32,96,0,128,14,42,121,0,177,62,0,62,239
07/22/2007,BLI,WA,ANM,WE,Federal Contract Tower,16,9,33,0,58,0,20,85,0,105,16,29,118,0,163,20,0,20,183
07/23/2007,BLI,WA,ANM,WE,Federal Contract Tower,18,13,17,0,48,0,35,69,4,108,18,48,86,4,156,36,0,36,192
07/24/2007,BLI,WA,ANM,WE,Federal Contract Tower,12,12,16,3,43,0,63,132,0,195,12,75,148,3,238,119,3,122,360
07/25/2007,BLI,WA,ANM,WE,Federal Contract Tower,16,16,15,1,48,0,54,122,7,183,16,70,137,8,231,92,4,96,327
07/26/2007,BLI,WA,ANM,WE,Federal Contract Tower,16,14,19,0,49,0,64,138,0,202,16,78,157,0,251,48,6,54,305
07/27/2007,BLI,WA,ANM,WE,Federal Contract Tower,18,13,25,0,56,0,65,149,0,214,18,78,174,0,270,80,0,80,350
07/28/2007,BLI,WA,ANM,WE,Federal Contract Tower,14,8,18,0,40,0,32,115,5,152,14,40,133,5,192,100,0,100,292
07/29/2007,BLI,WA,ANM,WE,Federal Contract Tower,16,3,30,0,49,0,39,123,0,162,16,42,153,0,211,64,0,64,275
07/30/2007,BLI,WA,ANM,WE,Federal Contract Tower,18,14,21,1,54,0,63,123,0,186,18,77,144,1,240,158,0,158,398
07/31/2007,BLI,WA,ANM,WE,Federal Contract Tower,12,11,17,0,40,0,55,106,6,167,12,66,123,6,207,77,0,77,284
08/01/2007,BLI,WA,ANM,WE,Federal Contract Tower,14,13,17,0,44,0,79,146,0,225,14,92,163,0,269,112,0,112,381
08/02/2007,BLI,WA,ANM,WE,Federal Contract Tower,16,13,18,0,47,0,84,123,2,209,16,97,141,2,256,44,0,44,300
08/03/2007,BLI,WA,ANM,WE,Federal Contract Tower,17,12,21,0,50,0,73,141,0,214,17,85,162,0,264,72,0,72,336
08/04/2007,BLI,WA,ANM,WE,Federal Contract Tower,14,6,20,0,40,0,37,170,0,207,14,43,190,0,247,30,0,30,277
08/05/2007,BLI,WA,ANM,WE,Federal Contract Tower,16,11,28,0,55,0,50,111,0,161,16,61,139,0,216,14,0,14,230
08/06/2007,BLI,WA,ANM,WE,Federal Contract Tower,16,26,32,0,74,0,43,106,0,149,16,69,138,0,223,32,0,32,255
08/07/2007,BLI,WA,ANM,WE,Federal Contract Tower,12,13,41,2,68,0,46,89,8,143,12,59,130,10,211,90,0,90,301
08/08/2007,BLI,WA,ANM,WE,Federal Contract Tower,14,12,29,3,58,0,65,91,3,159,14,77,120,6,217,74,0,74,291
08/09/2007,BLI,WA,ANM,WE,Federal Contract Tower,15,13,20,0,48,0,78,105,8,191,15,91,125,8,239,72,4,76,315
08/10/2007,BLI,WA,ANM,WE,Federal Contract Tower,18,13,18,0,49,0,61,111,4,176,18,74,129,4,225,66,0,66,291
08/11/2007,BLI,WA,ANM,WE,Federal Contract Tower,14,7,14,0,35,0,37,144,0,181,14,44,158,0,216,58,0,58,274
08/12/2007,BLI,WA,ANM,WE,Federal Contract Tower,15,9,30,0,54,0,59,159,1,219,15,68,189,1,273,76,0,76,349
08/13/2007,BLI,WA,ANM,WE,Federal Contract Tower,16,15,19,2,52,0,85,172,5,262,16,100,191,7,314,20,0,20,334
08/14/2007,BLI,WA,ANM,WE,Federal Contract Tower,12,12,15,3,42,0,65,150,1,216,12,77,165,4,258,50,0,50,308
08/15/2007,BLI,WA,ANM,WE,Federal Contract Tower,13,13,22,0,48,0,69,135,4,208,13,82,157,4,256,56,0,56,312
08/16/2007,BLI,WA,ANM,WE,Federal Contract Tower,17,15,18,1,51,0,69,140,0,209,17,84,158,1,260,68,0,68,328
08/17/2007,BLI,WA,ANM,WE,Federal Contract Tower,18,17,31,0,66,0,79,154,4,237,18,96,185,4,303,92,0,92,395
08/18/2007,BLI,WA,ANM,WE,Federal Contract Tower,16,5,12,0,33,0,35,123,0,158,16,40,135,0,191,70,0,70,261
08/19/2007,BLI,WA,ANM,WE,Federal Contract Tower,16,6,36,0,58,0,41,105,0,146,16,47,141,0,204,24,0,24,228
08/20/2007,BLI,WA,ANM,WE,Federal Contract Tower,19,11,25,0,55,2,72,66,2,142,21,83,91,2,197,100,0,100,297
08/21/2007,BLI,WA,ANM,WE,Federal Contract Tower,13,13,24,0,50,0,50,86,0,136,13,63,110,0,186,48,0,48,234
08/22/2007,BLI,WA,ANM,WE,Federal Contract Tower,14,25,20,0,59,0,48,105,0,153,14,73,125,0,212,28,0,28,240
08/23/2007,BLI,WA,ANM,WE,Federal Contract Tower,18,9,26,1,54,0,83,155,5,243,18,92,181,6,297,56,0,56,353
08/24/2007,BLI,WA,ANM,WE,Federal Contract Tower,22,18,31,0,71,0,33,108,1,142,22,51,139,1,213,28,0,28,241
08/25/2007,BLI,WA,ANM,WE,Federal Contract Tower,14,9,18,0,41,0,29,64,0,93,14,38,82,0,134,42,2,44,178
08/26/2007,BLI,WA,ANM,WE,Federal Contract Tower,16,3,18,0,37,0,35,95,1,131,16,38,113,1,168,26,0,26,194
08/27/2007,BLI,WA,ANM,WE,Federal Contract Tower,19,9,11,0,39,0,59,127,2,188,19,68,138,2,227,48,0,48,275
08/28/2007,BLI,WA,ANM,WE,Federal Contract Tower,13,12,19,5,49,0,57,133,0,190,13,69,152,5,239,80,4,84,323
08/29/2007,BLI,WA,ANM,WE,Federal Contract Tower,14,12,21,0,47,0,98,158,2,258,14,110,179,2,305,62,0,62,367
08/30/2007,BLI,WA,ANM,WE,Federal Contract Tower,16,12,21,1,50,0,86,160,0,246,16,98,181,1,296,70,0,70,366
08/31/2007,BLI,WA,ANM,WE,Federal Contract Tower,15,11,13,0,39,0,63,122,0,185,15,74,135,0,224,54,0,54,278
09/01/2007,BLI,WA,ANM,WE,Federal Contract Tower,12,5,16,0,33,0,35,146,0,181,12,40,162,0,214,42,0,42,256
09/02/2007,BLI,WA,ANM,WE,Federal Contract Tower,15,0,19,0,34,0,23,121,2,146,15,23,140,2,180,30,0,30,210
09/03/2007,BLI,WA,ANM,WE,Federal Contract Tower,17,9,24,0,50,0,26,112,0,138,17,35,136,0,188,34,0,34,222
09/04/2007,BLI,WA,ANM,WE,Federal Contract Tower,12,15,34,1,62,0,19,36,2,57,12,34,70,3,119,6,26,32,151
09/05/2007,BLI,WA,ANM,WE,Federal Contract Tower,14,14,18,0,46,0,55,81,0,136,14,69,99,0,182,66,0,66,248
09/06/2007,BLI,WA,ANM,WE,Federal Contract Tower,14,11,16,0,41,0,55,141,0,196,14,66,157,0,237,58,0,58,295
09/07/2007,BLI,WA,ANM,WE,Federal Contract Tower,20,13,14,1,48,0,59,144,0,203,20,72,158,1,251,36,0,36,287
09/08/2007,BLI,WA,ANM,WE,Federal Contract Tower,14,5,12,0,31,0,30,200,3,233,14,35,212,3,264,130,0,130,394
09/09/2007,BLI,WA,ANM,WE,Federal Contract Tower,17,4,14,0,35,0,32,129,0,161,17,36,143,0,196,34,0,34,230
09/10/2007,BLI,WA,ANM,WE,Federal Contract Tower,18,9,12,0,39,0,77,170,2,249,18,86,182,2,288,118,0,118,406
09/11/2007,BLI,WA,ANM,WE,Federal Contract Tower,12,12,22,2,48,0,63,127,9,199,12,75,149,11,247,68,4,72,319
09/12/2007,BLI,WA,ANM,WE,Federal Contract Tower,7,25,39,0,71,0,18,60,0,78,7,43,99,0,149,26,0,26,175
09/13/2007,BLI,WA,ANM,WE,Federal Contract Tower,10,10,25,0,45,0,33,75,2,110,10,43,100,2,155,36,0,36,191
09/14/2007,BLI,WA,ANM,WE,Federal Contract Tower,16,20,21,0,57,0,35,100,0,135,16,55,121,0,192,4,0,4,196
09/15/2007,BLI,WA,ANM,WE,Federal Contract Tower,13,5,19,0,37,0,28,125,9,162,13,33,144,9,199,52,0,52,251
09/16/2007,BLI,WA,ANM,WE,Federal Contract Tower,18,5,35,0,58,0,14,22,0,36,18,19,57,0,94,2,0,2,96
09/17/2007,BLI,WA,ANM,WE,Federal Contract Tower,18,11,20,2,51,1,61,76,0,138,19,72,96,2,189,56,0,56,245
09/18/2007,BLI,WA,ANM,WE,Federal Contract Tower,10,12,25,2,49,0,58,56,1,115,10,70,81,3,164,22,0,22,186
09/19/2007,BLI,WA,ANM,WE,Federal Contract Tower,12,10,11,0,33,0,57,95,1,153,12,67,106,1,186,44,0,44,230
09/20/2007,BLI,WA,ANM,WE,Federal Contract Tower,17,16,22,1,56,0,58,74,17,149,17,74,96,18,205,16,0,16,221
09/21/2007,BLI,WA,ANM,WE,Federal Contract Tower,18,11,29,0,58,0,46,17,0,63,18,57,46,0,121,16,0,16,137
09/22/2007,BLI,WA,ANM,WE,Federal Contract Tower,14,5,28,0,47,0,29,104,6,139,14,34,132,6,186,84,0,84,270
09/23/2007,BLI,WA,ANM,WE,Federal Contract Tower,16,4,20,0,40,0,31,101,3,135,16,35,121,3,175,84,0,84,259
09/24/2007,BLI,WA,ANM,WE,Federal Contract Tower,20,10,26,0,56,0,35,102,0,137,20,45,128,0,193,58,0,58,251
09/25/2007,BLI,WA,ANM,WE,Federal Contract Tower,12,13,16,0,41,0,31,40,2,73,12,44,56,2,114,16,0,16,130
09/26/2007,BLI,WA,ANM,WE,Federal Contract Tower,16,20,21,9,66,0,19,55,0,74,16,39,76,9,140,20,0,20,160
09/27/2007,BLI,WA,ANM,WE,Federal Contract Tower,16,17,31,0,64,0,31,28,0,59,16,48,59,0,123,30,0,30,153
09/28/2007,BLI,WA,ANM,WE,Federal Contract Tower,22,9,13,1,45,0,50,89,5,144,22,59,102,6,189,78,0,78,267
09/29/2007,BLI,WA,ANM,WE,Federal Contract Tower,16,6,21,0,43,0,24,35,1,60,16,30,56,1,103,0,0,0,103
09/30/2007,BLI,WA,ANM,WE,Federal Contract Tower,16,3,17,0,36,0,11,18,0,29,16,14,35,0,65,0,0,0,65
10/01/2007,BLI,WA,ANM,WE,Federal Contract Tower,22,9,13,8,52,0,51,33,0,84,22,60,46,8,136,6,26,32,168
10/02/2007,BLI,WA,ANM,WE,Federal Contract Tower,13,15,12,0,40,0,27,45,4,76,13,42,57,4,116,24,0,24,140
10/03/2007,BLI,WA,ANM,WE,Federal Contract Tower,16,13,21,0,50,0,43,48,0,91,16,56,69,0,141,26,0,26,167
10/04/2007,BLI,WA,ANM,WE,Federal Contract Tower,19,11,20,0,50,0,43,69,0,112,19,54,89,0,162,22,0,22,184
10/05/2007,BLI,WA,ANM,WE,Federal Contract Tower,20,7,11,0,38,0,48,129,0,177,20,55,140,0,215,34,0,34,249
10/06/2007,BLI,WA,ANM,WE,Federal Contract Tower,14,4,11,0,29,0,28,25,2,55,14,32,36,2,84,30,0,30,114
10/07/2007,BLI,WA,ANM,WE,Federal Contract Tower,18,2,13,0,33,0,14,9,0,23,18,16,22,0,56,0,0,0,56
10/08/2007,BLI,WA,ANM,WE,Federal Contract Tower,18,7,21,0,46,0,52,91,0,143,18,59,112,0,189,40,0,40,229
10/09/2007,BLI,WA,ANM,WE,Federal Contract Tower,12,8,6,1,27,0,23,39,6,68,12,31,45,7,95,42,0,42,137
10/10/2007,BLI,WA,ANM,WE,Federal Contract Tower,14,9,10,0,33,0,36,56,0,92,14,45,66,0,125,26,0,26,151
10/11/2007,BLI,WA,ANM,WE,Federal Contract Tower,18,14,17,0,49,0,45,117,0,162,18,59,134,0,211,48,0,48,259
10/12/2007,BLI,WA,ANM,WE,Federal Contract Tower,19,7,16,4,46,0,38,150,0,188,19,45,166,4,234,72,0,72,306
10/13/2007,BLI,WA,ANM,WE,Federal Contract Tower,15,4,15,0,34,0,25,163,1,189,15,29,178,1,223,44,0,44,267
10/14/2007,BLI,WA,ANM,WE,Federal Contract Tower,12,5,10,4,31,0,18,111,0,129,12,23,121,4,160,48,0,48,208
10/15/2007,BLI,WA,ANM,WE,Federal Contract Tower,18,13,20,3,54,0,41,45,3,89,18,54,65,6,143,30,4,34,177
10/16/2007,BLI,WA,ANM,WE,Federal Contract Tower,12,14,8,0,34,0,38,42,2,82,12,52,50,2,116,0,0,0,116
10/17/2007,BLI,WA,ANM,WE,Federal Contract Tower,14,11,11,0,36,0,52,30,0,82,14,63,41,0,118,6,0,6,124
10/18/2007,BLI,WA,ANM,WE,Federal Contract Tower,16,12,5,0,33,0,33,20,0,53,16,45,25,0,86,2,0,2,88
10/19/2007,BLI,WA,ANM,WE,Federal Contract Tower,18,17,12,0,47,0,43,30,0,73,18,60,42,0,120,6,0,6,126
10/20/2007,BLI,WA,ANM,WE,Federal Contract Tower,13,5,18,0,36,0,17,62,0,79,13,22,80,0,115,24,0,24,139
10/21/2007,BLI,WA,ANM,WE,Federal Contract Tower,18,1,6,0,25,0,17,22,0,39,18,18,28,0,64,0,0,0,64
10/22/2007,BLI,WA,ANM,WE,Federal Contract Tower,18,9,18,0,45,0,50,55,0,105,18,59,73,0,150,24,0,24,174
10/23/2007,BLI,WA,ANM,WE,Federal Contract Tower,11,13,11,0,35,0,50,112,0,162,11,63,123,0,197,62,0,62,259
10/24/2007,BLI,WA,ANM,WE,Federal Contract Tower,12,14,19,0,45,0,48,48,2,98,12,62,67,2,143,28,0,28,171
10/25/2007,BLI,WA,ANM,WE,Federal Contract Tower,16,10,11,0,37,0,40,93,0,133,16,50,104,0,170,28,0,28,198
10/26/2007,BLI,WA,ANM,WE,Federal Contract Tower,20,10,20,1,51,0,30,162,0,192,20,40,182,1,243,72,0,72,315
10/27/2007,BLI,WA,ANM,WE,Federal Contract Tower,16,9,4,0,29,0,28,121,2,151,16,37,125,2,180,104,0,104,284
10/28/2007,BLI,WA,ANM,WE,Federal Contract Tower,20,3,8,0,31,0,15,80,2,97,20,18,88,2,128,36,0,36,164
10/29/2007,BLI,WA,ANM,WE,Federal Contract Tower,21,15,22,0,58,0,45,51,0,96,21,60,73,0,154,10,0,10,164
10/30/2007,BLI,WA,ANM,WE,Federal Contract Tower,10,12,9,0,31,0,44,87,4,135,10,56,96,4,166,24,0,24,190
10/31/2007,BLI,WA,ANM,WE,Federal Contract Tower,17,17,17,0,51,0,36,73,4,113,17,53,90,4,164,10,0,10,174
11/01/2007,BLI,WA,ANM,WE,Federal Contract Tower,16,12,13,0,41,0,41,106,2,149,16,53,119,2,190,76,0,76,266
11/02/2007,BLI,WA,ANM,WE,Federal Contract Tower,16,15,8,0,39,0,39,97,6,142,16,54,105,6,181,28,0,28,209
11/03/2007,BLI,WA,ANM,WE,Federal Contract Tower,16,9,20,0,45,0,15,42,0,57,16,24,62,0,102,12,0,12,114
11/04/2007,BLI,WA,ANM,WE,Federal Contract Tower,17,1,9,6,33,0,16,117,2,135,17,17,126,8,168,46,0,46,214
11/05/2007,BLI,WA,ANM,WE,Federal Contract Tower,18,7,9,0,34,0,50,69,0,119,18,57,78,0,153,14,0,14,167
11/06/2007,BLI,WA,ANM,WE,Federal Contract Tower,11,14,23,0,48,0,52,34,0,86,11,66,57,0,134,30,2,32,166
11/07/2007,BLI,WA,ANM,WE,Federal Contract Tower,16,14,31,0,61,0,9,19,0,28,16,23,50,0,89,2,0,2,91
11/08/2007,BLI,WA,ANM,WE,Federal Contract Tower,22,10,20,0,52,0,37,37,0,74,22,47,57,0,126,12,0,12,138
11/09/2007,BLI,WA,ANM,WE,Federal Contract Tower,19,10,14,0,43,0,32,41,0,73,19,42,55,0,116,32,0,32,148
11/10/2007,BLI,WA,ANM,WE,Federal Contract Tower,17,4,19,0,40,0,21,65,7,93,17,25,84,7,133,32,0,32,165
11/11/2007,BLI,WA,ANM,WE,Federal Contract Tower,18,1,12,0,31,0,10,33,0,43,18,11,45,0,74,4,0,4,78
11/12/2007,BLI,WA,ANM,WE,Federal Contract Tower,18,5,5,0,28,0,9,16,3,28,18,14,21,3,56,6,0,6,62
11/13/2007,BLI,WA,ANM,WE,Federal Contract Tower,10,7,10,0,27,0,37,67,0,104,10,44,77,0,131,28,0,28,159
11/14/2007,BLI,WA,ANM,WE,Federal Contract Tower,16,14,16,0,46,0,42,65,0,107,16,56,81,0,153,42,0,42,195
11/15/2007,BLI,WA,ANM,WE,Federal Contract Tower,20,9,12,0,41,0,56,39,6,101,20,65,51,6,142,0,2,2,144
11/16/2007,BLI,WA,ANM,WE,Federal Contract Tower,17,8,12,0,37,0,39,73,0,112,17,47,85,0,149,52,0,52,201
11/17/2007,BLI,WA,ANM,WE,Federal Contract Tower,16,6,20,0,42,0,10,46,0,56,16,16,66,0,98,26,0,26,124
11/18/2007,BLI,WA,ANM,WE,Federal Contract Tower,18,1,11,0,30,0,9,55,0,64,18,10,66,0,94,32,0,32,126
11/19/2007,BLI,WA,ANM,WE,Federal Contract Tower,19,16,5,1,41,0,46,17,2,65,19,62,22,3,106,0,0,0,106
11/20/2007,BLI,WA,ANM,WE,Federal Contract Tower,14,12,16,1,43,0,36,82,1,119,14,48,98,2,162,32,2,34,196
11/21/2007,BLI,WA,ANM,WE,Federal Contract Tower,16,11,4,0,31,0,60,109,0,169,16,71,113,0,200,64,0,64,264
11/22/2007,BLI,WA,ANM,WE,Federal Contract Tower,15,2,2,0,19,0,16,64,0,80,15,18,66,0,99,20,0,20,119
11/23/2007,BLI,WA,ANM,WE,Federal Contract Tower,19,11,4,0,34,0,32,98,0,130,19,43,102,0,164,54,0,54,218
11/24/2007,BLI,WA,ANM,WE,Federal Contract Tower,16,4,3,0,23,0,20,58,1,79,16,24,61,1,102,60,0,60,162
11/25/2007,BLI,WA,ANM,WE,Federal Contract Tower,20,3,14,0,37,0,9,72,0,81,20,12,86,0,118,28,0,28,146
11/26/2007,BLI,WA,ANM,WE,Federal Contract Tower,23,14,7,0,44,0,51,36,4,91,23,65,43,4,135,2,0,2,137
11/27/2007,BLI,WA,ANM,WE,Federal Contract Tower,12,12,9,0,33,0,37,52,0,89,12,49,61,0,122,24,0,24,146
11/28/2007,BLI,WA,ANM,WE,Federal Contract Tower,16,13,6,0,35,0,31,42,0,73,16,44,48,0,108,22,0,22,130
11/29/2007,BLI,WA,ANM,WE,Federal Contract Tower,20,10,5,6,41,0,45,69,0,114,20,55,74,6,155,30,0,30,185
11/30/2007,BLI,WA,ANM,WE,Federal Contract Tower,17,9,12,5,43,0,38,78,1,117,17,47,90,6,160,40,0,40,200
12/01/2007,BLI,WA,ANM,WE,Federal Contract Tower,12,5,5,0,22,0,4,2,4,10,12,9,7,4,32,4,0,4,36
12/02/2007,BLI,WA,ANM,WE,Federal Contract Tower,22,1,1,0,24,0,7,1,0,8,22,8,2,0,32,0,0,0,32
12/03/2007,BLI,WA,ANM,WE,Federal Contract Tower,18,12,1,0,31,0,5,0,0,5,18,17,1,0,36,0,0,0,36
12/04/2007,BLI,WA,ANM,WE,Federal Contract Tower,14,15,8,0,37,0,40,9,0,49,14,55,17,0,86,0,0,0,86
12/05/2007,BLI,WA,ANM,WE,Federal Contract Tower,17,11,11,0,39,0,31,48,0,79,17,42,59,0,118,14,0,14,132
12/06/2007,BLI,WA,ANM,WE,Federal Contract Tower,17,13,15,0,45,0,32,117,0,149,17,45,132,0,194,12,0,12,206
12/07/2007,BLI,WA,ANM,WE,Federal Contract Tower,17,9,16,0,42,0,44,74,3,121,17,53,90,3,163,48,12,60,223
12/08/2007,BLI,WA,ANM,WE,Federal Contract Tower,14,3,2,0,19,0,24,90,3,117,14,27,92,3,136,50,0,50,186
12/09/2007,BLI,WA,ANM,WE,Federal Contract Tower,18,0,10,0,28,0,6,12,0,18,18,6,22,0,46,6,0,6,52
12/10/2007,BLI,WA,ANM,WE,Federal Contract Tower,18,13,9,0,40,0,44,40,4,88,18,57,49,4,128,0,0,0,128
12/11/2007,BLI,WA,ANM,WE,Federal Contract Tower,10,12,8,2,32,0,40,60,0,100,10,52,68,2,132,14,0,14,146
12/12/2007,BLI,WA,ANM,WE,Federal Contract Tower,15,14,9,0,38,0,31,73,0,104,15,45,82,0,142,56,0,56,198
12/13/2007,BLI,WA,ANM,WE,Federal Contract Tower,18,15,7,0,40,0,36,16,2,54,18,51,23,2,94,2,0,2,96
12/14/2007,BLI,WA,ANM,WE,Federal Contract Tower,18,11,11,0,40,0,40,21,0,61,18,51,32,0,101,0,0,0,101
12/15/2007,BLI,WA,ANM,WE,Federal Contract Tower,16,3,7,2,28,0,11,15,0,26,16,14,22,2,54,12,0,12,66
12/16/2007,BLI,WA,ANM,WE,Federal Contract Tower,18,0,6,0,24,0,4,21,0,25,18,4,27,0,49,0,0,0,49
12/17/2007,BLI,WA,ANM,WE,Federal Contract Tower,18,11,5,0,34,0,45,38,1,84,18,56,43,1,118,20,0,20,138
12/18/2007,BLI,WA,ANM,WE,Federal Contract Tower,11,16,20,0,47,1,29,29,0,59,12,45,49,0,106,22,0,22,128
12/19/2007,BLI,WA,ANM,WE,Federal Contract Tower,16,18,14,2,50,0,27,19,0,46,16,45,33,2,96,6,4,10,106
12/20/2007,BLI,WA,ANM,WE,Federal Contract Tower,15,15,14,0,44,2,41,79,1,123,17,56,93,1,167,38,0,38,205
12/21/2007,BLI,WA,ANM,WE,Federal Contract Tower,18,12,21,0,51,0,43,83,0,126,18,55,104,0,177,52,0,52,229
12/22/2007,BLI,WA,ANM,WE,Federal Contract Tower,13,7,1,0,21,0,7,10,0,17,13,14,11,0,38,6,0,6,44
12/23/2007,BLI,WA,ANM,WE,Federal Contract Tower,18,2,6,0,26,0,12,13,0,25,18,14,19,0,51,8,0,8,59
12/24/2007,BLI,WA,ANM,WE,Federal Contract Tower,17,7,7,0,31,0,29,94,0,123,17,36,101,0,154,16,0,16,170
12/25/2007,BLI,WA,ANM,WE,Federal Contract Tower,11,1,0,0,12,0,1,6,0,7,11,2,6,0,19,10,0,10,29
12/26/2007,BLI,WA,ANM,WE,Federal Contract Tower,13,9,7,0,29,1,38,39,0,78,14,47,46,0,107,4,0,4,111
12/27/2007,BLI,WA,ANM,WE,Federal Contract Tower,20,10,13,2,45,0,40,11,2,53,20,50,24,4,98,10,0,10,108
12/28/2007,BLI,WA,ANM,WE,Federal Contract Tower,19,10,8,0,37,0,32,29,2,63,19,42,37,2,100,10,0,10,110
12/29/2007,BLI,WA,ANM,WE,Federal Contract Tower,16,3,8,0,27,0,6,36,0,42,16,9,44,0,69,10,0,10,79
12/30/2007,BLI,WA,ANM,WE,Federal Contract Tower,17,2,1,0,20,2,13,18,0,33,19,15,19,0,53,0,0,0,53
12/31/2007,BLI,WA,ANM,WE,Federal Contract Tower,14,8,5,0,27,1,33,78,0,112,15,41,83,0,139,30,0,30,169
01/01/2008,BLI,WA,ANM,WE,Federal Contract Tower,11,1,6,0,18,0,12,74,2,88,11,13,80,2,106,22,0,22,128
01/02/2008,BLI,WA,ANM,WE,Federal Contract Tower,17,10,9,2,38,0,34,30,0,64,17,44,39,2,102,0,0,0,102
01/03/2008,BLI,WA,ANM,WE,Federal Contract Tower,21,10,10,0,41,0,31,36,0,67,21,41,46,0,108,4,0,4,112
01/04/2008,BLI,WA,ANM,WE,Federal Contract Tower,18,9,10,0,37,0,32,20,0,52,18,41,30,0,89,0,0,0,89
01/05/2008,BLI,WA,ANM,WE,Federal Contract Tower,17,3,4,0,24,0,6,1,0,7,17,9,5,0,31,0,0,0,31
01/06/2008,BLI,WA,ANM,WE,Federal Contract Tower,15,1,9,0,25,0,6,25,4,35,15,7,34,4,60,18,0,18,78
01/07/2008,BLI,WA,ANM,WE,Federal Contract Tower,16,9,10,0,35,0,35,37,0,72,16,44,47,0,107,38,0,38,145
01/08/2008,BLI,WA,ANM,WE,Federal Contract Tower,13,9,12,2,36,0,38,23,0,61,13,47,35,2,97,48,0,48,145
01/09/2008,BLI,WA,ANM,WE,Federal Contract Tower,15,11,10,2,38,0,46,40,3,89,15,57,50,5,127,8,0,8,135
01/10/2008,BLI,WA,ANM,WE,Federal Contract Tower,14,12,11,0,37,0,30,16,0,46,14,42,27,0,83,18,0,18,101
01/11/2008,BLI,WA,ANM,WE,Federal Contract Tower,17,7,18,0,42,0,29,40,0,69,17,36,58,0,111,34,0,34,145
01/12/2008,BLI,WA,ANM,WE,Federal Contract Tower,14,5,5,0,24,0,15,42,0,57,14,20,47,0,81,10,0,10,91
01/13/2008,BLI,WA,ANM,WE,Federal Contract Tower,17,1,14,0,32,0,11,125,2,138,17,12,139,2,170,62,0,62,232
01/14/2008,BLI,WA,ANM,WE,Federal Contract Tower,14,10,10,0,34,0,33,13,0,46,14,43,23,0,80,6,0,6,86
01/15/2008,BLI,WA,ANM,WE,Federal Contract Tower,11,11,15,0,37,0,39,79,2,120,11,50,94,2,157,14,0,14,171
01/16/2008,BLI,WA,ANM,WE,Federal Contract Tower,14,10,15,0,39,0,101,59,0,160,14,111,74,0,199,10,0,10,209
01/17/2008,BLI,WA,ANM,WE,Federal Contract Tower,16,11,8,0,35,0,36,69,0,105,16,47,77,0,140,46,0,46,186
01/18/2008,BLI,WA,ANM,WE,Federal Contract Tower,16,6,18,0,40,0,29,86,0,115,16,35,104,0,155,18,0,18,173
01/19/2008,BLI,WA,ANM,WE,Federal Contract Tower,12,6,1,0,19,0,8,5,0,13,12,14,6,0,32,8,0,8,40
01/20/2008,BLI,WA,ANM,WE,Federal Contract Tower,15,1,3,0,19,1,5,27,3,36,16,6,30,3,55,2,0,2,57
01/21/2008,BLI,WA,ANM,WE,Federal Contract Tower,19,6,15,0,40,0,27,65,0,92,19,33,80,0,132,96,0,96,228
01/22/2008,BLI,WA,ANM,WE,Federal Contract Tower,11,7,20,0,38,0,51,127,0,178,11,58,147,0,216,40,0,40,256
01/23/2008,BLI,WA,ANM,WE,Federal Contract Tower,16,10,19,1,46,0,34,103,5,142,16,44,122,6,188,44,28,72,260
01/24/2008,BLI,WA,ANM,WE,Federal Contract Tower,16,10,7,0,33,0,43,75,2,120,16,53,82,2,153,50,0,50,203
01/25/2008,BLI,WA,ANM,WE,Federal Contract Tower,18,4,11,0,33,0,38,78,2,118,18,42,89,2,151,20,0,20,171
01/26/2008,BLI,WA,ANM,WE,Federal Contract Tower,12,3,11,0,26,0,16,40,0,56,12,19,51,0,82,12,0,12,94
01/27/2008,BLI,WA,ANM,WE,Federal Contract Tower,16,3,6,0,25,0,5,14,0,19,16,8,20,0,44,18,0,18,62
01/28/2008,BLI,WA,ANM,WE,Federal Contract Tower,12,11,17,0,40,0,32,20,0,52,12,43,37,0,92,0,0,0,92
01/29/2008,BLI,WA,ANM,WE,Federal Contract Tower,12,10,7,0,29,0,26,13,2,41,12,36,20,2,70,8,0,8,78
01/30/2008,BLI,WA,ANM,WE,Federal Contract Tower,14,12,15,0,41,0,18,17,0,35,14,30,32,0,76,0,0,0,76
01/31/2008,BLI,WA,ANM,WE,Federal Contract Tower,15,12,11,0,38,0,26,28,0,54,15,38,39,0,92,12,0,12,104
02/01/2008,BLI,WA,ANM,WE,Federal Contract Tower,16,9,9,0,34,0,52,45,0,97,16,61,54,0,131,12,0,12,143
02/02/2008,BLI,WA,ANM,WE,Federal Contract Tower,11,4,10,0,25,0,10,74,1,85,11,14,84,1,110,12,0,12,122
02/03/2008,BLI,WA,ANM,WE,Federal Contract Tower,15,2,11,0,28,0,17,62,4,83,15,19,73,4,111,4,0,4,115
02/04/2008,BLI,WA,ANM,WE,Federal Contract Tower,15,11,5,0,31,0,23,18,0,41,15,34,23,0,72,18,0,18,90
02/05/2008,BLI,WA,ANM,WE,Federal Contract Tower,13,12,6,0,31,0,22,6,0,28,13,34,12,0,59,0,0,0,59
02/06/2008,BLI,WA,ANM,WE,Federal Contract Tower,15,9,4,0,28,0,24,21,0,45,15,33,25,0,73,0,0,0,73
02/07/2008,BLI,WA,ANM,WE,Federal Contract Tower,17,9,14,0,40,0,19,60,0,79,17,28,74,0,119,32,0,32,151
02/08/2008,BLI,WA,ANM,WE,Federal Contract Tower,16,8,13,0,37,0,30,39,0,69,16,38,52,0,106,10,0,10,116
02/09/2008,BLI,WA,ANM,WE,Federal Contract Tower,13,4,7,0,24,0,12,8,0,20,13,16,15,0,44,0,0,0,44
02/10/2008,BLI,WA,ANM,WE,Federal Contract Tower,16,1,5,0,22,0,13,34,0,47,16,14,39,0,69,10,0,10,79
02/11/2008,BLI,WA,ANM,WE,Federal Contract Tower,16,17,18,0,51,0,19,14,7,40,16,36,32,7,91,0,0,0,91
02/12/2008,BLI,WA,ANM,WE,Federal Contract Tower,12,11,12,0,35,0,26,35,0,61,12,37,47,0,96,18,0,18,114
02/13/2008,BLI,WA,ANM,WE,Federal Contract Tower,13,8,13,0,34,0,35,100,1,136,13,43,113,1,170,20,0,20,190
02/14/2008,BLI,WA,ANM,WE,Federal Contract Tower,15,8,25,1,49,0,55,60,2,117,15,63,85,3,166,20,0,20,186
02/15/2008,BLI,WA,ANM,WE,Federal Contract Tower,18,10,13,1,42,0,39,40,0,79,18,49,53,1,121,10,0,10,131
02/16/2008,BLI,WA,ANM,WE,Federal Contract Tower,17,3,8,0,28,0,14,113,0,127,17,17,121,0,155,46,0,46,201
02/17/2008,BLI,WA,ANM,WE,Federal Contract Tower,19,0,7,0,26,0,20,127,1,148,19,20,134,1,174,34,0,34,208
02/18/2008,BLI,WA,ANM,WE,Federal Contract Tower,20,12,18,0,50,0,30,138,0,168,20,42,156,0,218,48,0,48,266
02/19/2008,BLI,WA,ANM,WE,Federal Contract Tower,11,13,11,0,35,0,37,60,2,99,11,50,71,2,134,38,0,38,172
02/20/2008,BLI,WA,ANM,WE,Federal Contract Tower,15,11,14,0,40,0,41,73,0,114,15,52,87,0,154,28,0,28,182
02/21/2008,BLI,WA,ANM,WE,Federal Contract Tower,15,10,13,0,38,1,48,106,8,163,16,58,119,8,201,28,6,34,235
02/22/2008,BLI,WA,ANM,WE,Federal Contract Tower,18,8,10,0,36,0,45,89,5,139,18,53,99,5,175,28,0,28,203
02/23/2008,BLI,WA,ANM,WE,Federal Contract Tower,15,2,24,0,41,0,17,114,2,133,15,19,138,2,174,58,0,58,232
02/24/2008,BLI,WA,ANM,WE,Federal Contract Tower,17,2,9,0,28,0,16,87,3,106,17,18,96,3,134,14,0,14,148
02/25/2008,BLI,WA,ANM,WE,Federal Contract Tower,16,8,7,0,31,0,44,78,0,122,16,52,85,0,153,52,0,52,205
02/26/2008,BLI,WA,ANM,WE,Federal Contract Tower,12,11,11,0,34,0,44,85,0,129,12,55,96,0,163,20,0,20,183
02/27/2008,BLI,WA,ANM,WE,Federal Contract Tower,15,15,7,0,37,0,43,62,2,107,15,58,69,2,144,30,0,30,174
02/28/2008,BLI,WA,ANM,WE,Federal Contract Tower,16,19,12,0,47,0,37,74,2,113,16,56,86,2,160,86,0,86,246
02/29/2008,BLI,WA,ANM,WE,Federal Contract Tower,17,9,12,0,38,0,39,49,2,90,17,48,61,2,128,32,0,32,160
03/01/2008,BLI,WA,ANM,WE,Federal Contract Tower,16,2,3,0,21,0,17,62,0,79,16,19,65,0,100,24,0,24,124
03/02/2008,BLI,WA,ANM,WE,Federal Contract Tower,18,0,11,0,29,0,16,78,0,94,18,16,89,0,123,46,0,46,169
03/03/2008,BLI,WA,ANM,WE,Federal Contract Tower,23,10,8,0,41,0,35,25,2,62,23,45,33,2,103,14,28,42,145
03/04/2008,BLI,WA,ANM,WE,Federal Contract Tower,14,17,26,2,59,0,33,82,2,117,14,50,108,4,176,36,0,36,212
03/05/2008,BLI,WA,ANM,WE,Federal Contract Tower,14,17,8,0,39,0,44,122,2,168,14,61,130,2,207,66,0,66,273
03/06/2008,BLI,WA,ANM,WE,Federal Contract Tower,18,12,16,0,46,0,46,84,2,132,18,58,100,2,178,32,0,32,210
03/07/2008,BLI,WA,ANM,WE,Federal Contract Tower,25,6,16,0,47,0,40,93,2,135,25,46,109,2,182,34,0,34,216
03/08/2008,BLI,WA,ANM,WE,Federal Contract Tower,14,4,14,0,32,0,16,57,0,73,14,20,71,0,105,30,0,30,135
03/09/2008,BLI,WA,ANM,WE,Federal Contract Tower,20,0,6,1,27,0,21,70,2,93,20,21,76,3,120,43,0,43,163
03/10/2008,BLI,WA,ANM,WE,Federal Contract Tower,22,9,5,0,36,0,41,36,0,77,22,50,41,0,113,4,0,4,117
03/11/2008,BLI,WA,ANM,WE,Federal Contract Tower,13,8,12,1,34,0,43,47,0,90,13,51,59,1,124,12,2,14,138
03/12/2008,BLI,WA,ANM,WE,Federal Contract Tower,15,10,18,1,44,0,35,87,6,128,15,45,105,7,172,52,0,52,224
03/13/2008,BLI,WA,ANM,WE,Federal Contract Tower,19,16,21,3,59,0,34,59,1,94,19,50,80,4,153,38,0,38,191
03/14/2008,BLI,WA,ANM,WE,Federal Contract Tower,19,7,15,0,41,0,45,32,2,79,19,52,47,2,120,30,0,30,150
03/15/2008,BLI,WA,ANM,WE,Federal Contract Tower,17,4,12,0,33,0,15,64,0,79,17,19,76,0,112,36,0,36,148
03/16/2008,BLI,WA,ANM,WE,Federal Contract Tower,19,0,12,0,31,0,17,71,2,90,19,17,83,2,121,34,0,34,155
03/17/2008,BLI,WA,ANM,WE,Federal Contract Tower,21,8,6,0,35,0,29,23,0,52,21,37,29,0,87,0,0,0,87
03/18/2008,BLI,WA,ANM,WE,Federal Contract Tower,14,9,15,2,40,0,30,57,4,91,14,39,72,6,131,64,0,64,195
03/19/2008,BLI,WA,ANM,WE,Federal Contract Tower,13,9,15,0,37,0,37,74,0,111,13,46,89,0,148,34,0,34,182
03/20/2008,BLI,WA,ANM,WE,Federal Contract Tower,18,9,27,6,60,0,37,44,0,81,18,46,71,6,141,16,14,30,171
03/21/2008,BLI,WA,ANM,WE,Federal Contract Tower,22,9,33,0,64,0,42,83,0,125,22,51,116,0,189,26,0,26,215
03/22/2008,BLI,WA,ANM,WE,Federal Contract Tower,16,8,8,0,32,0,28,123,0,151,16,36,131,0,183,32,0,32,215
03/23/2008,BLI,WA,ANM,WE,Federal Contract Tower,20,0,5,0,25,0,13,15,2,30,20,13,20,2,55,0,0,0,55
03/24/2008,BLI,WA,ANM,WE,Federal Contract Tower,20,9,9,0,38,0,21,69,0,90,20,30,78,0,128,18,0,18,146
03/25/2008,BLI,WA,ANM,WE,Federal Contract Tower,14,11,18,0,43,0,31,53,0,84,14,42,71,0,127,10,0,10,137
03/26/2008,BLI,WA,ANM,WE,Federal Contract Tower,12,8,18,0,38,0,31,56,2,89,12,39,74,2,127,14,0,14,141
03/27/2008,BLI,WA,ANM,WE,Federal Contract Tower,20,14,16,0,50,0,40,60,0,100,20,54,76,0,150,4,0,4,154
03/28/2008,BLI,WA,ANM,WE,Federal Contract Tower,19,12,9,0,40,0,20,13,2,35,19,32,22,2,75,0,0,0,75
03/29/2008,BLI,WA,ANM,WE,Federal Contract Tower,7,11,8,0,26,0,3,9,0,12,7,14,17,0,38,0,0,0,38
03/30/2008,BLI,WA,ANM,WE,Federal Contract Tower,20,5,7,0,32,0,17,59,0,76,20,22,66,0,108,38,0,38,146
03/31/2008,BLI,WA,ANM,WE,Federal Contract Tower,23,9,15,0,47,0,28,61,0,89,23,37,76,0,136,30,0,30,166
04/01/2008,BLI,WA,ANM,WE,Federal Contract Tower,14,16,29,1,60,0,28,105,0,133,14,44,134,1,193,120,0,120,313
04/02/2008,BLI,WA,ANM,WE,Federal Contract Tower,15,9,15,1,40,0,40,149,0,189,15,49,164,1,229,82,0,82,311
04/03/2008,BLI,WA,ANM,WE,Federal Contract Tower,20,6,15,1,42,0,46,99,0,145,20,52,114,1,187,24,0,24,211
04/04/2008,BLI,WA,ANM,WE,Federal Contract Tower,19,6,24,0,49,0,44,50,2,96,19,50,74,2,145,18,0,18,163
04/05/2008,BLI,WA,ANM,WE,Federal Contract Tower,17,4,9,0,30,0,22,49,0,71,17,26,58,0,101,26,0,26,127
04/06/2008,BLI,WA,ANM,WE,Federal Contract Tower,18,1,9,0,28,0,15,41,3,59,18,16,50,3,87,8,0,8,95
04/07/2008,BLI,WA,ANM,WE,Federal Contract Tower,20,8,3,0,31,0,36,60,0,96,20,44,63,0,127,28,0,28,155
04/08/2008,BLI,WA,ANM,WE,Federal Contract Tower,16,10,14,0,40,0,37,39,0,76,16,47,53,0,116,42,0,42,158
04/09/2008,BLI,WA,ANM,WE,Federal Contract Tower,15,8,9,2,34,0,34,77,2,113,15,42,86,4,147,44,0,44,191
04/10/2008,BLI,WA,ANM,WE,Federal Contract Tower,21,7,12,2,42,0,33,94,0,127,21,40,106,2,169,60,0,60,229
04/11/2008,BLI,WA,ANM,WE,Federal Contract Tower,22,4,9,0,35,0,46,131,0,177,22,50,140,0,212,42,0,42,254
04/12/2008,BLI,WA,ANM,WE,Federal Contract Tower,15,3,8,0,26,0,25,144,0,169,15,28,152,0,195,48,0,48,243
04/13/2008,BLI,WA,ANM,WE,Federal Contract Tower,21,1,15,0,37,1,19,63,2,85,22,20,78,2,122,26,0,26,148
04/14/2008,BLI,WA,ANM,WE,Federal Contract Tower,21,8,23,0,52,0,39,49,5,93,21,47,72,5,145,40,0,40,185
04/15/2008,BLI,WA,ANM,WE,Federal Contract Tower,14,8,18,0,40,0,48,49,0,97,14,56,67,0,137,10,0,10,147
04/16/2008,BLI,WA,ANM,WE,Federal Contract Tower,18,10,18,0,46,0,53,67,0,120,18,63,85,0,166,18,0,18,184
04/17/2008,BLI,WA,ANM,WE,Federal Contract Tower,18,9,22,2,51,0,51,105,5,161,18,60,127,7,212,60,0,60,272
04/18/2008,BLI,WA,ANM,WE,Federal Contract Tower,20,5,11,0,36,0,35,45,4,84,20,40,56,4,120,26,0,26,146
04/19/2008,BLI,WA,ANM,WE,Federal Contract Tower,17,5,7,0,29,0,8,29,0,37,17,13,36,0,66,6,0,6,72
04/20/2008,BLI,WA,ANM,WE,Federal Contract Tower,18,1,8,0,27,0,17,43,0,60,18,18,51,0,87,24,0,24,111
04/21/2008,BLI,WA,ANM,WE,Federal Contract Tower,18,6,19,1,44,0,38,80,0,118,18,44,99,1,162,30,0,30,192
04/22/2008,BLI,WA,ANM,WE,Federal Contract Tower,15,6,8,1,30,0,44,76,2,122,15,50,84,3,152,42,0,42,194
04/23/2008,BLI,WA,ANM,WE,Federal Contract Tower,18,9,17,2,46,0,54,92,2,148,18,63,109,4,194,30,0,30,224
04/24/2008,BLI,WA,ANM,WE,Federal Contract Tower,20,9,32,0,61,0,63,74,0,137,20,72,106,0,198,62,0,62,260
04/25/2008,BLI,WA,ANM,WE,Federal Contract Tower,18,6,19,0,43,0,45,91,0,136,18,51,110,0,179,58,0,58,237
04/26/2008,BLI,WA,ANM,WE,Federal Contract Tower,18,3,9,0,30,0,32,131,1,164,18,35,140,1,194,34,0,34,228
04/27/2008,BLI,WA,ANM,WE,Federal Contract Tower,20,3,11,0,34,0,12,72,2,86,20,15,83,2,120,56,0,56,176
04/28/2008,BLI,WA,ANM,WE,Federal Contract Tower,18,8,13,0,39,0,17,16,0,33,18,25,29,0,72,32,0,32,104
04/29/2008,BLI,WA,ANM,WE,Federal Contract Tower,15,6,11,0,32,0,58,83,0,141,15,64,94,0,173,70,0,70,243
04/30/2008,BLI,WA,ANM,WE,Federal Contract Tower,15,13,18,0,46,0,55,94,0,149,15,68,112,0,195,30,0,30,225
05/01/2008,BLI,WA,ANM,WE,Federal Contract Tower,19,13,14,1,47,0,42,97,18,157,19,55,111,19,204,34,10,44,248
05/02/2008,BLI,WA,ANM,WE,Federal Contract Tower,18,4,7,0,29,0,43,76,2,121,18,47,83,2,150,40,0,40,190
05/03/2008,BLI,WA,ANM,WE,Federal Contract Tower,14,11,20,0,45,0,6,7,0,13,14,17,27,0,58,16,0,16,74
05/04/2008,BLI,WA,ANM,WE,Federal Contract Tower,20,4,3,0,27,0,13,122,7,142,20,17,125,7,169,58,0,58,227
05/05/2008,BLI,WA,ANM,WE,Federal Contract Tower,19,5,8,1,33,0,53,106,5,164,19,58,114,6,197,30,0,30,227
05/06/2008,BLI,WA,ANM,WE,Federal Contract Tower,10,7,23,5,45,0,51,44,28,123,10,58,67,33,168,36,3,39,207
05/07/2008,BLI,WA,ANM,WE,Federal Contract Tower,15,8,12,0,35,0,41,66,2,109,15,49,78,2,144,76,0,76,220
05/08/2008,BLI,WA,ANM,WE,Federal Contract Tower,22,8,21,0,51,0,43,72,2,117,22,51,93,2,168,24,0,24,192
05/09/2008,BLI,WA,ANM,WE,Federal Contract Tower,17,2,7,0,26,0,46,146,5,197,17,48,153,5,223,86,0,86,309
05/10/2008,BLI,WA,ANM,WE,Federal Contract Tower,14,7,6,0,27,0,20,73,6,99,14,27,79,6,126,28,0,28,154
05/11/2008,BLI,WA,ANM,WE,Federal Contract Tower,20,0,12,0,32,0,24,66,0,90,20,24,78,0,122,14,0,14,136
05/12/2008,BLI,WA,ANM,WE,Federal Contract Tower,17,6,10,0,33,0,40,88,0,128,17,46,98,0,161,46,0,46,207
05/13/2008,BLI,WA,ANM,WE,Federal Contract Tower,10,13,27,0,50,0,42,29,0,71,10,55,56,0,121,16,0,16,137
05/14/2008,BLI,WA,ANM,WE,Federal Contract Tower,19,16,22,0,57,0,8,11,2,21,19,24,33,2,78,12,0,12,90
05/15/2008,BLI,WA,ANM,WE,Federal Contract Tower,20,12,20,0,52,0,40,118,0,158,20,52,138,0,210,86,0,86,296
05/16/2008,BLI,WA,ANM,WE,Federal Contract Tower,18,0,9,0,27,0,62,154,0,216,18,62,163,0,243,44,0,44,287
05/17/2008,BLI,WA,ANM,WE,Federal Contract Tower,16,4,14,0,34,0,23,218,1,242,16,27,232,1,276,62,0,62,338
05/18/2008,BLI,WA,ANM,WE,Federal Contract Tower,17,0,17,0,34,0,24,130,0,154,17,24,147,0,188,26,0,26,214
05/19/2008,BLI,WA,ANM,WE,Federal Contract Tower,18,7,15,0,40,0,51,70,0,121,18,58,85,0,161,46,0,46,207
05/20/2008,BLI,WA,ANM,WE,Federal Contract Tower,11,10,18,0,39,0,40,53,0,93,11,50,71,0,132,20,0,20,152
05/21/2008,BLI,WA,ANM,WE,Federal Contract Tower,16,10,24,0,50,0,45,65,1,111,16,55,89,1,161,36,0,36,197
05/22/2008,BLI,WA,ANM,WE,Federal Contract Tower,15,8,17,0,40,0,46,82,0,128,15,54,99,0,168,10,0,10,178
05/23/2008,BLI,WA,ANM,WE,Federal Contract Tower,17,7,22,0,46,0,44,109,0,153,17,51,131,0,199,26,0,26,225
05/24/2008,BLI,WA,ANM,WE,Federal Contract Tower,16,4,14,0,34,0,36,107,2,145,16,40,121,2,179,56,0,56,235
05/25/2008,BLI,WA,ANM,WE,Federal Contract Tower,15,3,6,0,24,0,17,61,2,80,15,20,67,2,104,42,0,42,146
05/26/2008,BLI,WA,ANM,WE,Federal Contract Tower,20,2,31,0,53,0,18,83,0,101,20,20,114,0,154,40,0,40,194
05/27/2008,BLI,WA,ANM,WE,Federal Contract Tower,11,6,21,2,40,0,53,91,2,146,11,59,112,4,186,40,2,42,228
05/28/2008,BLI,WA,ANM,WE,Federal Contract Tower,14,11,24,0,49,0,36,58,1,95,14,47,82,1,144,22,0,22,166
05/29/2008,BLI,WA,ANM,WE,Federal Contract Tower,22,11,26,0,59,0,41,62,0,103,22,52,88,0,162,24,0,24,186
05/30/2008,BLI,WA,ANM,WE,Federal Contract Tower,15,6,28,0,49,0,53,95,0,148,15,59,123,0,197,64,0,64,261
05/31/2008,BLI,WA,ANM,WE,Federal Contract Tower,16,4,23,0,43,0,13,119,2,134,16,17,142,2,177,16,0,16,193
06/01/2008,BLI,WA,ANM,WE,Federal Contract Tower,18,1,24,1,44,0,16,54,0,70,18,17,78,1,114,18,0,18,132
06/02/2008,BLI,WA,ANM,WE,Federal Contract Tower,20,10,28,0,58,0,34,69,2,105,20,44,97,2,163,8,0,8,171
06/03/2008,BLI,WA,ANM,WE,Federal Contract Tower,12,20,34,2,68,0,18,13,0,31,12,38,47,2,99,0,0,0,99
06/04/2008,BLI,WA,ANM,WE,Federal Contract Tower,17,25,44,0,86,0,26,32,3,61,17,51,76,3,147,24,0,24,171
06/05/2008,BLI,WA,ANM,WE,Federal Contract Tower,16,9,34,2,61,0,43,54,0,97,16,52,88,2,158,14,0,14,172
06/06/2008,BLI,WA,ANM,WE,Federal Contract Tower,21,13,7,0,41,0,41,65,0,106,21,54,72,0,147,8,0,8,155
06/07/2008,BLI,WA,ANM,WE,Federal Contract Tower,16,5,10,0,31,0,22,92,0,114,16,27,102,0,145,48,0,48,193
06/08/2008,BLI,WA,ANM,WE,Federal Contract Tower,18,1,27,1,47,0,14,68,0,82,18,15,95,1,129,22,0,22,151
06/09/2008,BLI,WA,ANM,WE,Federal Contract Tower,19,8,8,0,35,0,29,25,0,54,19,37,33,0,89,0,0,0,89
06/10/2008,BLI,WA,ANM,WE,Federal Contract Tower,11,8,24,0,43,0,46,86,0,132,11,54,110,0,175,40,0,40,215
06/11/2008,BLI,WA,ANM,WE,Federal Contract Tower,16,9,33,0,58,0,53,39,0,92,16,62,72,0,150,16,0,16,166
06/12/2008,BLI,WA,ANM,WE,Federal Contract Tower,17,7,34,0,58,0,55,86,2,143,17,62,120,2,201,32,0,32,233
06/13/2008,BLI,WA,ANM,WE,Federal Contract Tower,22,2,21,0,45,0,38,104,0,142,22,40,125,0,187,62,0,62,249
06/14/2008,BLI,WA,ANM,WE,Federal Contract Tower,18,2,19,2,41,0,32,133,2,167,18,34,152,4,208,74,0,74,282
06/15/2008,BLI,WA,ANM,WE,Federal Contract Tower,18,1,13,0,32,0,17,109,0,126,18,18,122,0,158,38,0,38,196
06/16/2008,BLI,WA,ANM,WE,Federal Contract Tower,19,8,16,2,45,0,49,127,0,176,19,57,143,2,221,28,0,28,249
06/17/2008,BLI,WA,ANM,WE,Federal Contract Tower,14,8,17,0,39,0,47,91,0,138,14,55,108,0,177,14,0,14,191
06/18/2008,BLI,WA,ANM,WE,Federal Contract Tower,15,9,21,0,45,0,46,101,0,147,15,55,122,0,192,42,0,42,234
06/19/2008,BLI,WA,ANM,WE,Federal Contract Tower,18,9,35,2,64,0,45,123,4,172,18,54,158,6,236,38,0,38,274
06/20/2008,BLI,WA,ANM,WE,Federal Contract Tower,19,2,19,0,40,0,56,147,2,205,19,58,166,2,245,36,0,36,281
06/21/2008,BLI,WA,ANM,WE,Federal Contract Tower,19,2,10,0,31,0,23,116,1,140,19,25,126,1,171,50,0,50,221
06/22/2008,BLI,WA,ANM,WE,Federal Contract Tower,16,2,26,0,44,0,24,110,0,134,16,26,136,0,178,8,0,8,186
06/23/2008,BLI,WA,ANM,WE,Federal Contract Tower,18,9,28,0,55,0,39,119,0,158,18,48,147,0,213,66,0,66,279
06/24/2008,BLI,WA,ANM,WE,Federal Contract Tower,14,10,18,0,42,0,63,141,0,204,14,73,159,0,246,30,0,30,276
06/25/2008,BLI,WA,ANM,WE,Federal Contract Tower,16,14,46,0,76,0,46,91,0,137,16,60,137,0,213,44,0,44,257
06/26/2008,BLI,WA,ANM,WE,Federal Contract Tower,18,11,48,2,79,0,44,108,4,156,18,55,156,6,235,16,0,16,251
06/27/2008,BLI,WA,ANM,WE,Federal Contract Tower,20,6,27,0,53,0,45,145,0,190,20,51,172,0,243,50,0,50,293
06/28/2008,BLI,WA,ANM,WE,Federal Contract Tower,14,5,10,0,29,0,32,134,1,167,14,37,144,1,196,38,0,38,234
06/29/2008,BLI,WA,ANM,WE,Federal Contract Tower,18,0,13,0,31,0,22,122,0,144,18,22,135,0,175,6,0,6,181
06/30/2008,BLI,WA,ANM,WE,Federal Contract Tower,18,9,18,2,47,0,39,108,3,150,18,48,126,5,197,70,0,70,267
07/01/2008,BLI,WA,ANM,WE,Federal Contract Tower,14,23,27,0,64,0,25,111,0,136,14,48,138,0,200,60,0,60,260
07/02/2008,BLI,WA,ANM,WE,Federal Contract Tower,17,10,20,0,47,0,54,119,2,175,17,64,139,2,222,52,0,52,274
07/03/2008,BLI,WA,ANM,WE,Federal Contract Tower,19,9,31,0,59,0,58,67,0,125,19,67,98,0,184,2,0,2,186
07/04/2008,BLI,WA,ANM,WE,Federal Contract Tower,18,0,11,0,29,0,23,66,0,89,18,23,77,0,118,18,0,18,136
07/05/2008,BLI,WA,ANM,WE,Federal Contract Tower,17,3,29,0,49,0,39,57,0,96,17,42,86,0,145,36,0,36,181
07/06/2008,BLI,WA,ANM,WE,Federal Contract Tower,19,4,14,0,37,0,32,129,0,161,19,36,143,0,198,18,0,18,216
07/07/2008,BLI,WA,ANM,WE,Federal Contract Tower,21,7,23,0,51,0,76,113,0,189,21,83,136,0,240,41,0,41,281
07/08/2008,BLI,WA,ANM,WE,Federal Contract Tower,15,14,16,0,45,0,47,129,0,176,15,61,145,0,221,40,0,40,261
07/09/2008,BLI,WA,ANM,WE,Federal Contract Tower,16,26,30,0,72,0,43,122,0,165,16,69,152,0,237,32,0,32,269
07/10/2008,BLI,WA,ANM,WE,Federal Contract Tower,28,10,15,0,53,0,59,136,6,201,28,69,151,6,254,56,0,56,310
07/11/2008,BLI,WA,ANM,WE,Federal Contract Tower,24,7,12,0,43,0,52,144,0,196,24,59,156,0,239,40,0,40,279
07/12/2008,BLI,WA,ANM,WE,Federal Contract Tower,19,7,24,0,50,0,20,111,2,133,19,27,135,2,183,54,0,54,237
07/13/2008,BLI,WA,ANM,WE,Federal Contract Tower,18,5,31,0,54,0,26,109,0,135,18,31,140,0,189,6,0,6,195
07/14/2008,BLI,WA,ANM,WE,Federal Contract Tower,22,8,18,0,48,0,35,111,0,146,22,43,129,0,194,66,0,66,260
07/15/2008,BLI,WA,ANM,WE,Federal Contract Tower,14,8,17,0,39,0,42,0,0,42,14,50,17,0,81,44,0,44,125
07/16/2008,BLI,WA,ANM,WE,Federal Contract Tower,16,6,23,0,45,0,48,120,0,168,16,54,143,0,213,32,0,32,245
07/17/2008,BLI,WA,ANM,WE,Federal Contract Tower,18,16,30,0,64,0,68,128,0,196,18,84,158,0,260,46,0,46,306
07/18/2008,BLI,WA,ANM,WE,Federal Contract Tower,19,14,19,0,52,0,38,94,0,132,19,52,113,0,184,14,0,14,198
07/19/2008,BLI,WA,ANM,WE,Federal Contract Tower,16,3,18,0,37,0,21,108,0,129,16,24,126,0,166,74,0,74,240
07/20/2008,BLI,WA,ANM,WE,Federal Contract Tower,18,1,18,0,37,0,24,114,0,138,18,25,132,0,175,18,0,18,193
07/21/2008,BLI,WA,ANM,WE,Federal Contract Tower,14,14,26,0,54,0,54,104,3,161,14,68,130,3,215,18,0,18,233
07/22/2008,BLI,WA,ANM,WE,Federal Contract Tower,15,16,28,0,59,0,51,110,0,161,15,67,138,0,220,38,0,38,258
07/23/2008,BLI,WA,ANM,WE,Federal Contract Tower,16,10,26,0,52,0,48,103,0,151,16,58,129,0,203,14,0,14,217
07/24/2008,BLI,WA,ANM,WE,Federal Contract Tower,17,10,23,0,50,0,50,110,0,160,17,60,133,0,210,68,0,68,278
07/25/2008,BLI,WA,ANM,WE,Federal Contract Tower,20,9,26,0,55,0,46,136,0,182,20,55,162,0,237,40,0,40,277
07/26/2008,BLI,WA,ANM,WE,Federal Contract Tower,18,11,16,0,45,0,17,123,0,140,18,28,139,0,185,8,0,8,193
07/27/2008,BLI,WA,ANM,WE,Federal Contract Tower,18,2,27,0,47,0,27,81,2,110,18,29,108,2,157,20,0,20,177
07/28/2008,BLI,WA,ANM,WE,Federal Contract Tower,18,9,17,0,44,0,49,117,0,166,18,58,134,0,210,50,0,50,260
07/29/2008,BLI,WA,ANM,WE,Federal Contract Tower,14,10,26,0,50,0,50,63,0,113,14,60,89,0,163,10,0,10,173
07/30/2008,BLI,WA,ANM,WE,Federal Contract Tower,18,12,41,0,71,0,49,132,4,185,18,61,173,4,256,8,4,12,268
07/31/2008,BLI,WA,ANM,WE,Federal Contract Tower,18,12,20,0,50,0,46,98,0,144,18,58,118,0,194,20,0,20,214
08/01/2008,BLI,WA,ANM,WE,Federal Contract Tower,20,10,25,0,55,0,52,108,0,160,20,62,133,0,215,34,0,34,249
08/02/2008,BLI,WA,ANM,WE,Federal Contract Tower,18,3,35,0,56,0,31,99,0,130,18,34,134,0,186,40,0,40,226
08/03/2008,BLI,WA,ANM,WE,Federal Contract Tower,18,2,20,0,40,0,25,122,2,149,18,27,142,2,189,50,0,50,239
08/04/2008,BLI,WA,ANM,WE,Federal Contract Tower,17,11,14,0,42,0,48,125,4,177,17,59,139,4,219,52,0,52,271
08/05/2008,BLI,WA,ANM,WE,Federal Contract Tower,14,9,21,1,45,0,49,99,3,151,14,58,120,4,196,58,0,58,254
08/06/2008,BLI,WA,ANM,WE,Federal Contract Tower,17,12,12,0,41,0,61,122,2,185,17,73,134,2,226,32,0,32,258
08/07/2008,BLI,WA,ANM,WE,Federal Contract Tower,21,13,8,0,42,0,47,156,0,203,21,60,164,0,245,62,0,62,307
08/08/2008,BLI,WA,ANM,WE,Federal Contract Tower,20,17,29,1,67,0,53,88,0,141,20,70,117,1,208,18,0,18,226
08/09/2008,BLI,WA,ANM,WE,Federal Contract Tower,16,11,20,0,47,0,30,44,0,74,16,41,64,0,121,14,0,14,135
08/10/2008,BLI,WA,ANM,WE,Federal Contract Tower,21,1,21,3,46,0,30,89,4,123,21,31,110,7,169,20,0,20,189
08/11/2008,BLI,WA,ANM,WE,Federal Contract Tower,20,12,24,2,58,0,61,159,0,220,20,73,183,2,278,66,0,66,344
08/12/2008,BLI,WA,ANM,WE,Federal Contract Tower,14,18,10,1,43,0,50,107,1,158,14,68,117,2,201,8,0,8,209
08/13/2008,BLI,WA,ANM,WE,Federal Contract Tower,16,10,15,1,42,51,123,1,0,175,67,133,16,1,217,54,0,54,271
08/14/2008,BLI,WA,ANM,WE,Federal Contract Tower,21,10,15,0,46,0,59,138,1,198,21,69,153,1,244,36,0,36,280
08/15/2008,BLI,WA,ANM,WE,Federal Contract Tower,21,8,12,0,41,0,57,160,2,219,21,65,172,2,260,52,0,52,312
08/16/2008,BLI,WA,ANM,WE,Federal Contract Tower,18,4,10,0,32,0,40,152,0,192,18,44,162,0,224,4,0,4,228
08/17/2008,BLI,WA,ANM,WE,Federal Contract Tower,19,0,16,0,35,0,37,110,0,147,19,37,126,0,182,28,0,28,210
08/18/2008,BLI,WA,ANM,WE,Federal Contract Tower,21,11,23,0,55,0,49,75,0,124,21,60,98,0,179,16,0,16,195
08/19/2008,BLI,WA,ANM,WE,Federal Contract Tower,13,10,26,0,49,0,48,59,3,110,13,58,85,3,159,54,0,54,213
08/20/2008,BLI,WA,ANM,WE,Federal Contract Tower,15,12,27,0,54,0,44,47,0,91,15,56,74,0,145,18,0,18,163
08/21/2008,BLI,WA,ANM,WE,Federal Contract Tower,21,18,31,0,70,0,50,111,0,161,21,68,142,0,231,22,0,22,253
08/22/2008,BLI,WA,ANM,WE,Federal Contract Tower,24,9,23,0,56,0,54,137,0,191,24,63,160,0,247,72,0,72,319
08/23/2008,BLI,WA,ANM,WE,Federal Contract Tower,18,6,27,1,52,0,36,150,0,186,18,42,177,1,238,52,0,52,290
08/24/2008,BLI,WA,ANM,WE,Federal Contract Tower,22,12,33,0,67,0,27,17,1,45,22,39,50,1,112,0,0,0,112
08/25/2008,BLI,WA,ANM,WE,Federal Contract Tower,18,9,20,0,47,0,44,67,8,119,18,53,87,8,166,34,0,34,200
08/26/2008,BLI,WA,ANM,WE,Federal Contract Tower,13,9,8,0,30,0,45,82,6,133,13,54,90,6,163,36,0,36,199
08/27/2008,BLI,WA,ANM,WE,Federal Contract Tower,17,11,17,0,45,0,53,57,2,112,17,64,74,2,157,24,0,24,181
08/28/2008,BLI,WA,ANM,WE,Federal Contract Tower,19,19,31,0,69,0,40,29,0,69,19,59,60,0,138,0,0,0,138
08/29/2008,BLI,WA,ANM,WE,Federal Contract Tower,19,7,26,0,52,0,46,54,4,104,19,53,80,4,156,6,0,6,162
08/30/2008,BLI,WA,ANM,WE,Federal Contract Tower,17,6,15,0,38,0,27,124,0,151,17,33,139,0,189,62,0,62,251
08/31/2008,BLI,WA,ANM,WE,Federal Contract Tower,19,3,22,0,44,0,22,106,0,128,19,25,128,0,172,22,0,22,194
09/01/2008,BLI,WA,ANM,WE,Federal Contract Tower,20,4,42,0,66,0,0,3,0,3,20,4,45,0,69,42,0,42,111
09/02/2008,BLI,WA,ANM,WE,Federal Contract Tower,11,6,16,0,33,0,35,100,2,137,11,41,116,2,170,44,0,44,214
09/03/2008,BLI,WA,ANM,WE,Federal Contract Tower,12,9,16,0,37,0,48,97,0,145,12,57,113,0,182,48,0,48,230
09/04/2008,BLI,WA,ANM,WE,Federal Contract Tower,17,8,12,0,37,0,41,114,0,155,17,49,126,0,192,50,0,50,242
09/05/2008,BLI,WA,ANM,WE,Federal Contract Tower,19,12,22,0,53,0,44,105,1,150,19,56,127,1,203,28,0,28,231
09/06/2008,BLI,WA,ANM,WE,Federal Contract Tower,16,5,13,1,35,0,28,71,0,99,16,33,84,1,134,20,0,20,154
09/07/2008,BLI,WA,ANM,WE,Federal Contract Tower,18,4,9,0,31,0,32,106,0,138,18,36,115,0,169,22,0,22,191
09/08/2008,BLI,WA,ANM,WE,Federal Contract Tower,19,7,10,0,36,0,57,92,2,151,19,64,102,2,187,10,0,10,197
09/09/2008,BLI,WA,ANM,WE,Federal Contract Tower,11,11,21,0,43,0,39,101,0,140,11,50,122,0,183,18,0,18,201
09/10/2008,BLI,WA,ANM,WE,Federal Contract Tower,14,10,19,0,43,0,43,137,0,180,14,53,156,0,223,80,0,80,303
09/11/2008,BLI,WA,ANM,WE,Federal Contract Tower,17,10,16,4,47,0,35,132,0,167,17,45,148,4,214,90,0,90,304
09/12/2008,BLI,WA,ANM,WE,Federal Contract Tower,22,10,20,0,52,0,45,117,0,162,22,55,137,0,214,66,2,68,282
09/13/2008,BLI,WA,ANM,WE,Federal Contract Tower,12,1,16,0,29,0,23,109,0,132,12,24,125,0,161,32,0,32,193
09/14/2008,BLI,WA,ANM,WE,Federal Contract Tower,19,2,7,10,38,0,37,121,4,162,19,39,128,14,200,58,0,58,258
09/15/2008,BLI,WA,ANM,WE,Federal Contract Tower,20,8,17,2,47,0,42,72,2,116,20,50,89,4,163,26,0,26,189
09/16/2008,BLI,WA,ANM,WE,Federal Contract Tower,10,11,9,0,30,0,49,132,1,182,10,60,141,1,212,70,0,70,282
09/17/2008,BLI,WA,ANM,WE,Federal Contract Tower,14,10,16,0,40,0,44,110,2,156,14,54,126,2,196,40,0,40,236
09/18/2008,BLI,WA,ANM,WE,Federal Contract Tower,17,19,33,0,69,0,37,58,0,95,17,56,91,0,164,32,0,32,196
09/19/2008,BLI,WA,ANM,WE,Federal Contract Tower,20,20,29,0,69,0,36,30,0,66,20,56,59,0,135,6,0,6,141
09/20/2008,BLI,WA,ANM,WE,Federal Contract Tower,11,5,19,0,35,0,4,6,0,10,11,9,25,0,45,0,0,0,45
09/21/2008,BLI,WA,ANM,WE,Federal Contract Tower,18,6,18,0,42,0,23,57,0,80,18,29,75,0,122,28,0,28,150
09/22/2008,BLI,WA,ANM,WE,Federal Contract Tower,22,10,13,0,45,0,52,85,0,137,22,62,98,0,182,24,0,24,206
09/23/2008,BLI,WA,ANM,WE,Federal Contract Tower,10,11,18,0,39,0,54,108,0,162,10,65,126,0,201,66,0,66,267
09/24/2008,BLI,WA,ANM,WE,Federal Contract Tower,15,10,12,0,37,0,30,66,2,98,15,40,78,2,135,16,0,16,151
09/25/2008,BLI,WA,ANM,WE,Federal Contract Tower,18,9,24,0,51,0,36,69,0,105,18,45,93,0,156,34,0,34,190
09/26/2008,BLI,WA,ANM,WE,Federal Contract Tower,22,10,25,0,57,0,28,118,0,146,22,38,143,0,203,62,0,62,265
09/27/2008,BLI,WA,ANM,WE,Federal Contract Tower,13,3,13,0,29,0,18,107,0,125,13,21,120,0,154,32,0,32,186
09/28/2008,BLI,WA,ANM,WE,Federal Contract Tower,18,2,8,0,28,0,22,113,1,136,18,24,121,1,164,24,0,24,188
09/29/2008,BLI,WA,ANM,WE,Federal Contract Tower,23,10,9,0,42,0,56,132,0,188,23,66,141,0,230,76,0,76,306
09/30/2008,BLI,WA,ANM,WE,Federal Contract Tower,11,9,12,2,34,0,45,123,2,170,11,54,135,4,204,36,0,36,240
10/01/2008,BLI,WA,ANM,WE,Federal Contract Tower,15,12,25,0,52,0,26,92,0,118,15,38,117,0,170,34,0,34,204
10/02/2008,BLI,WA,ANM,WE,Federal Contract Tower,18,10,20,0,48,0,34,78,0,112,18,44,98,0,160,16,0,16,176
10/03/2008,BLI,WA,ANM,WE,Federal Contract Tower,23,7,15,0,45,0,37,48,0,85,23,44,63,0,130,16,0,16,146
10/04/2008,BLI,WA,ANM,WE,Federal Contract Tower,14,4,5,0,23,0,12,16,0,28,14,16,21,0,51,0,0,0,51
10/05/2008,BLI,WA,ANM,WE,Federal Contract Tower,20,0,8,0,28,0,23,54,2,79,20,23,62,2,107,4,0,4,111
10/06/2008,BLI,WA,ANM,WE,Federal Contract Tower,20,8,7,1,36,2,44,37,1,84,22,52,44,2,120,16,0,16,136
10/07/2008,BLI,WA,ANM,WE,Federal Contract Tower,12,7,8,0,27,0,43,38,0,81,12,50,46,0,108,50,0,50,158
10/08/2008,BLI,WA,ANM,WE,Federal Contract Tower,17,10,12,6,45,0,47,95,0,142,17,57,107,6,187,30,0,30,217
10/09/2008,BLI,WA,ANM,WE,Federal Contract Tower,22,10,13,0,45,0,36,64,2,102,22,46,77,2,147,60,0,60,207
10/10/2008,BLI,WA,ANM,WE,Federal Contract Tower,20,7,13,0,40,0,30,94,0,124,20,37,107,0,164,26,0,26,190
10/11/2008,BLI,WA,ANM,WE,Federal Contract Tower,15,4,20,0,39,0,17,116,0,133,15,21,136,0,172,40,0,40,212
10/12/2008,BLI,WA,ANM,WE,Federal Contract Tower,17,0,11,0,28,0,14,88,0,102,17,14,99,0,130,22,0,22,152
10/13/2008,BLI,WA,ANM,WE,Federal Contract Tower,20,9,27,0,56,0,16,5,0,21,20,25,32,0,77,4,0,4,81
10/14/2008,BLI,WA,ANM,WE,Federal Contract Tower,10,9,22,0,41,0,43,66,0,109,10,52,88,0,150,90,0,90,240
10/15/2008,BLI,WA,ANM,WE,Federal Contract Tower,14,11,14,0,39,0,38,87,0,125,14,49,101,0,164,40,0,40,204
10/16/2008,BLI,WA,ANM,WE,Federal Contract Tower,16,10,31,2,59,0,31,47,0,78,16,41,78,2,137,59,0,59,196
10/17/2008,BLI,WA,ANM,WE,Federal Contract Tower,20,13,17,0,50,0,21,38,0,59,20,34,55,0,109,4,0,4,113
10/18/2008,BLI,WA,ANM,WE,Federal Contract Tower,15,5,14,0,34,0,24,104,0,128,15,29,118,0,162,46,0,46,208
10/19/2008,BLI,WA,ANM,WE,Federal Contract Tower,15,2,7,0,24,0,7,54,0,61,15,9,61,0,85,8,0,8,93
10/20/2008,BLI,WA,ANM,WE,Federal Contract Tower,20,8,28,0,56,0,58,27,3,88,20,66,55,3,144,12,0,12,156
10/21/2008,BLI,WA,ANM,WE,Federal Contract Tower,10,8,28,1,47,0,43,79,4,126,10,51,107,5,173,84,0,84,257
10/22/2008,BLI,WA,ANM,WE,Federal Contract Tower,16,10,15,0,41,0,40,116,1,157,16,50,131,1,198,72,0,72,270
10/23/2008,BLI,WA,ANM,WE,Federal Contract Tower,17,11,21,3,52,0,35,63,0,98,17,46,84,3,150,44,0,44,194
10/24/2008,BLI,WA,ANM,WE,Federal Contract Tower,20,9,10,0,39,0,44,77,2,123,20,53,87,2,162,34,0,34,196
10/25/2008,BLI,WA,ANM,WE,Federal Contract Tower,13,7,15,0,35,0,23,71,2,96,13,30,86,2,131,10,0,10,141
10/26/2008,BLI,WA,ANM,WE,Federal Contract Tower,18,1,13,0,32,0,9,117,0,126,18,10,130,0,158,38,0,38,196
10/27/2008,BLI,WA,ANM,WE,Federal Contract Tower,20,7,10,0,37,0,56,90,0,146,20,63,100,0,183,50,0,50,233
10/28/2008,BLI,WA,ANM,WE,Federal Contract Tower,8,13,24,0,45,0,34,71,0,105,8,47,95,0,150,74,0,74,224
10/29/2008,BLI,WA,ANM,WE,Federal Contract Tower,17,8,15,2,42,0,38,85,0,123,17,46,100,2,165,62,0,62,227
10/30/2008,BLI,WA,ANM,WE,Federal Contract Tower,18,10,13,0,41,0,39,36,2,77,18,49,49,2,118,34,0,34,152
10/31/2008,BLI,WA,ANM,WE,Federal Contract Tower,20,9,17,0,46,0,21,25,0,46,20,30,42,0,92,14,0,14,106
11/01/2008,BLI,WA,ANM,WE,Federal Contract Tower,12,4,2,0,18,1,12,62,2,77,13,16,64,2,95,50,0,50,145
11/02/2008,BLI,WA,ANM,WE,Federal Contract Tower,16,0,8,0,24,0,9,16,0,25,16,9,24,0,49,0,0,0,49
11/03/2008,BLI,WA,ANM,WE,Federal Contract Tower,19,16,8,0,43,0,17,8,0,25,19,33,16,0,68,20,0,20,88
11/04/2008,BLI,WA,ANM,WE,Federal Contract Tower,10,8,4,0,22,0,39,61,0,100,10,47,65,0,122,90,0,90,212
11/05/2008,BLI,WA,ANM,WE,Federal Contract Tower,15,8,15,0,38,0,37,102,0,139,15,45,117,0,177,80,0,80,257
11/06/2008,BLI,WA,ANM,WE,Federal Contract Tower,20,15,13,0,48,0,11,6,0,17,20,26,19,0,65,0,0,0,65
11/07/2008,BLI,WA,ANM,WE,Federal Contract Tower,21,12,18,0,51,0,5,5,0,10,21,17,23,0,61,0,0,0,61
11/08/2008,BLI,WA,ANM,WE,Federal Contract Tower,14,5,10,0,29,0,12,16,0,28,14,17,26,0,57,10,0,10,67
11/09/2008,BLI,WA,ANM,WE,Federal Contract Tower,19,1,8,0,28,0,13,44,0,57,19,14,52,0,85,14,0,14,99
11/10/2008,BLI,WA,ANM,WE,Federal Contract Tower,19,10,14,0,43,0,25,55,0,80,19,35,69,0,123,10,0,10,133
11/11/2008,BLI,WA,ANM,WE,Federal Contract Tower,10,6,9,0,25,0,28,7,0,35,10,34,16,0,60,0,0,0,60
11/12/2008,BLI,WA,ANM,WE,Federal Contract Tower,16,12,4,0,32,0,40,17,0,57,16,52,21,0,89,4,0,4,93
11/13/2008,BLI,WA,ANM,WE,Federal Contract Tower,19,8,9,2,38,0,36,93,4,133,19,44,102,6,171,36,0,36,207
11/14/2008,BLI,WA,ANM,WE,Federal Contract Tower,21,10,18,2,51,0,33,105,0,138,21,43,123,2,189,110,0,110,299
11/15/2008,BLI,WA,ANM,WE,Federal Contract Tower,15,6,15,0,36,0,16,100,0,116,15,22,115,0,152,40,0,40,192
11/16/2008,BLI,WA,ANM,WE,Federal Contract Tower,18,1,10,0,29,0,17,59,1,77,18,18,69,1,106,36,0,36,142
11/17/2008,BLI,WA,ANM,WE,Federal Contract Tower,18,6,11,0,35,0,25,30,0,55,18,31,41,0,90,30,0,30,120
11/18/2008,BLI,WA,ANM,WE,Federal Contract Tower,11,8,13,0,32,0,36,63,4,103,11,44,76,4,135,16,0,16,151
11/19/2008,BLI,WA,ANM,WE,Federal Contract Tower,16,11,20,5,52,0,37,79,1,117,16,48,99,6,169,22,0,22,191
11/20/2008,BLI,WA,ANM,WE,Federal Contract Tower,15,12,7,0,34,0,28,14,0,42,15,40,21,0,76,0,0,0,76
11/21/2008,BLI,WA,ANM,WE,Federal Contract Tower,23,10,13,0,46,0,24,20,2,46,23,34,33,2,92,0,0,0,92
11/22/2008,BLI,WA,ANM,WE,Federal Contract Tower,16,3,18,0,37,0,13,38,4,55,16,16,56,4,92,28,0,28,120
11/23/2008,BLI,WA,ANM,WE,Federal Contract Tower,18,0,13,0,31,0,16,99,0,115,18,16,112,0,146,70,0,70,216
11/24/2008,BLI,WA,ANM,WE,Federal Contract Tower,20,11,14,0,45,0,42,85,2,129,20,53,99,2,174,24,0,24,198
11/25/2008,BLI,WA,ANM,WE,Federal Contract Tower,11,13,26,0,50,0,50,48,2,100,11,63,74,2,150,24,0,24,174
11/26/2008,BLI,WA,ANM,WE,Federal Contract Tower,23,14,9,0,46,0,29,70,0,99,23,43,79,0,145,22,0,22,167
11/27/2008,BLI,WA,ANM,WE,Federal Contract Tower,12,0,2,0,14,0,11,39,0,50,12,11,41,0,64,0,0,0,64
11/28/2008,BLI,WA,ANM,WE,Federal Contract Tower,17,20,5,1,43,0,16,4,1,21,17,36,9,2,64,0,0,0,64
11/29/2008,BLI,WA,ANM,WE,Federal Contract Tower,21,3,4,0,28,0,0,0,0,0,21,3,4,0,28,0,0,0,28
11/30/2008,BLI,WA,ANM,WE,Federal Contract Tower,18,1,21,0,40,0,4,32,0,36,18,5,53,0,76,36,0,36,112
12/01/2008,BLI,WA,ANM,WE,Federal Contract Tower,18,10,16,0,44,0,9,14,0,23,18,19,30,0,67,24,0,24,91
12/02/2008,BLI,WA,ANM,WE,Federal Contract Tower,10,10,13,2,35,0,18,21,0,39,10,28,34,2,74,14,0,14,88
12/03/2008,BLI,WA,ANM,WE,Federal Contract Tower,14,9,15,0,38,0,35,86,1,122,14,44,101,1,160,32,0,32,192
12/04/2008,BLI,WA,ANM,WE,Federal Contract Tower,16,9,19,1,45,0,29,112,6,147,16,38,131,7,192,92,0,92,284
12/05/2008,BLI,WA,ANM,WE,Federal Contract Tower,20,8,10,0,38,0,28,77,5,110,20,36,87,5,148,38,0,38,186
12/06/2008,BLI,WA,ANM,WE,Federal Contract Tower,13,3,9,0,25,0,8,44,3,55,13,11,53,3,80,70,0,70,150
12/07/2008,BLI,WA,ANM,WE,Federal Contract Tower,18,1,17,1,37,0,11,25,0,36,18,12,42,1,73,22,0,22,95
12/08/2008,BLI,WA,ANM,WE,Federal Contract Tower,21,15,9,1,46,0,31,41,0,72,21,46,50,1,118,10,0,10,128
12/09/2008,BLI,WA,ANM,WE,Federal Contract Tower,10,18,8,0,36,0,24,26,2,52,10,42,34,2,88,42,0,42,130
12/10/2008,BLI,WA,ANM,WE,Federal Contract Tower,12,24,19,2,57,0,12,14,0,26,12,36,33,2,83,0,0,0,83
12/11/2008,BLI,WA,ANM,WE,Federal Contract Tower,19,21,13,0,53,0,20,70,0,90,19,41,83,0,143,74,0,74,217
12/12/2008,BLI,WA,ANM,WE,Federal Contract Tower,20,16,7,0,43,0,18,1,0,19,20,34,8,0,62,26,0,26,88
12/13/2008,BLI,WA,ANM,WE,Federal Contract Tower,11,4,6,0,21,0,0,11,0,11,11,4,17,0,32,0,0,0,32
12/14/2008,BLI,WA,ANM,WE,Federal Contract Tower,12,0,1,0,13,0,3,5,0,8,12,3,6,0,21,0,0,0,21
12/15/2008,BLI,WA,ANM,WE,Federal Contract Tower,18,5,5,0,28,0,5,6,0,11,18,10,11,0,39,0,0,0,39
12/16/2008,BLI,WA,ANM,WE,Federal Contract Tower,10,11,15,0,36,0,37,91,4,132,10,48,106,4,168,32,0,32,200
12/17/2008,BLI,WA,ANM,WE,Federal Contract Tower,5,5,1,0,11,0,0,0,0,0,5,5,1,0,11,0,0,0,11
12/18/2008,BLI,WA,ANM,WE,Federal Contract Tower,11,3,5,0,19,0,4,1,0,5,11,7,6,0,24,0,0,0,24
12/19/2008,BLI,WA,ANM,WE,Federal Contract Tower,19,10,8,0,37,0,21,14,0,35,19,31,22,0,72,10,0,10,82
12/20/2008,BLI,WA,ANM,WE,Federal Contract Tower,13,3,8,0,24,0,14,17,0,31,13,17,25,0,55,46,0,46,101
12/21/2008,BLI,WA,ANM,WE,Federal Contract Tower,6,0,2,0,8,0,2,0,0,2,6,2,2,0,10,0,0,0,10
12/22/2008,BLI,WA,ANM,WE,Federal Contract Tower,17,8,4,0,29,0,10,10,0,20,17,18,14,0,49,14,0,14,63
12/23/2008,BLI,WA,ANM,WE,Federal Contract Tower,19,13,6,0,38,0,20,5,0,25,19,33,11,0,63,0,0,0,63
12/24/2008,BLI,WA,ANM,WE,Federal Contract Tower,17,12,1,0,30,0,7,0,0,7,17,19,1,0,37,2,0,2,39
12/25/2008,BLI,WA,ANM,WE,Federal Contract Tower,10,3,2,0,15,0,2,0,0,2,10,5,2,0,17,0,0,0,17
12/26/2008,BLI,WA,ANM,WE,Federal Contract Tower,16,18,2,0,36,0,8,2,0,10,16,26,4,0,46,0,0,0,46
12/27/2008,BLI,WA,ANM,WE,Federal Contract Tower,20,6,2,0,28,0,10,8,0,18,20,16,10,0,46,0,0,0,46
12/28/2008,BLI,WA,ANM,WE,Federal Contract Tower,20,0,2,0,22,0,12,26,0,38,20,12,28,0,60,24,0,24,84
12/29/2008,BLI,WA,ANM,WE,Federal Contract Tower,16,10,5,0,31,0,24,9,2,35,16,34,14,2,66,16,0,16,82
12/30/2008,BLI,WA,ANM,WE,Federal Contract Tower,17,9,9,0,35,0,34,60,0,94,17,43,69,0,129,16,0,16,145
12/31/2008,BLI,WA,ANM,WE,Federal Contract Tower,22,13,6,0,41,0,23,35,0,58,22,36,41,0,99,22,0,22,121
01/01/2009,BLI,WA,ANM,WE,Federal Contract Tower,7,5,3,0,15,0,0,4,0,4,7,5,7,0,19,0,0,0,19
01/02/2009,BLI,WA,ANM,WE,Federal Contract Tower,17,13,8,0,38,0,28,52,0,80,17,41,60,0,118,66,0,66,184
01/03/2009,BLI,WA,ANM,WE,Federal Contract Tower,19,7,3,0,29,0,6,16,0,22,19,13,19,0,51,44,0,44,95
01/04/2009,BLI,WA,ANM,WE,Federal Contract Tower,16,1,2,0,19,0,8,29,0,37,16,9,31,0,56,38,0,38,94
01/05/2009,BLI,WA,ANM,WE,Federal Contract Tower,19,15,11,0,45,0,16,20,0,36,19,31,31,0,81,64,0,64,145
01/06/2009,BLI,WA,ANM,WE,Federal Contract Tower,13,11,14,0,38,0,14,11,0,25,13,25,25,0,63,20,0,20,83
01/07/2009,BLI,WA,ANM,WE,Federal Contract Tower,15,14,10,0,39,0,9,4,0,13,15,23,14,0,52,0,0,0,52
01/08/2009,BLI,WA,ANM,WE,Federal Contract Tower,14,10,17,0,41,0,31,26,0,57,14,41,43,0,98,28,0,28,126
01/09/2009,BLI,WA,ANM,WE,Federal Contract Tower,16,8,12,0,36,0,35,81,0,116,16,43,93,0,152,64,0,64,216
01/10/2009,BLI,WA,ANM,WE,Federal Contract Tower,12,3,14,0,29,0,7,10,0,17,12,10,24,0,46,54,0,54,100
01/11/2009,BLI,WA,ANM,WE,Federal Contract Tower,13,1,9,0,23,0,0,0,0,0,13,1,9,0,23,0,0,0,23
01/12/2009,BLI,WA,ANM,WE,Federal Contract Tower,18,9,15,0,42,0,0,0,0,0,18,9,15,0,42,0,0,0,42
01/13/2009,BLI,WA,ANM,WE,Federal Contract Tower,13,13,26,0,52,0,30,61,0,91,13,43,87,0,143,66,0,66,209
01/14/2009,BLI,WA,ANM,WE,Federal Contract Tower,16,20,24,0,60,0,17,14,1,32,16,37,38,1,92,8,0,8,100
01/15/2009,BLI,WA,ANM,WE,Federal Contract Tower,8,11,12,2,33,0,0,3,0,3,8,11,15,2,36,0,0,0,36
01/16/2009,BLI,WA,ANM,WE,Federal Contract Tower,4,6,12,0,22,0,13,39,6,58,4,19,51,6,80,26,0,26,106
01/17/2009,BLI,WA,ANM,WE,Federal Contract Tower,12,4,1,0,17,0,4,48,2,54,12,8,49,2,71,32,0,32,103
01/18/2009,BLI,WA,ANM,WE,Federal Contract Tower,22,0,12,0,34,0,9,104,3,116,22,9,116,3,150,62,0,62,212
01/19/2009,BLI,WA,ANM,WE,Federal Contract Tower,20,11,13,0,44,0,23,109,0,132,20,34,122,0,176,86,0,86,262
01/20/2009,BLI,WA,ANM,WE,Federal Contract Tower,7,10,29,1,47,0,26,74,2,102,7,36,103,3,149,64,14,78,227
01/21/2009,BLI,WA,ANM,WE,Federal Contract Tower,15,11,9,0,35,0,27,54,0,81,15,38,63,0,116,78,0,78,194
01/22/2009,BLI,WA,ANM,WE,Federal Contract Tower,13,8,16,1,38,0,28,57,4,89,13,36,73,5,127,70,0,70,197
01/23/2009,BLI,WA,ANM,WE,Federal Contract Tower,21,7,14,6,48,0,24,67,2,93,21,31,81,8,141,18,16,34,175
01/24/2009,BLI,WA,ANM,WE,Federal Contract Tower,15,2,12,0,29,0,12,95,0,107,15,14,107,0,136,40,0,40,176
01/25/2009,BLI,WA,ANM,WE,Federal Contract Tower,13,2,13,0,28,0,11,13,2,26,13,13,26,2,54,0,0,0,54
01/26/2009,BLI,WA,ANM,WE,Federal Contract Tower,19,9,15,2,45,0,38,82,0,120,19,47,97,2,165,16,0,16,181
01/27/2009,BLI,WA,ANM,WE,Federal Contract Tower,13,12,9,0,34,0,24,18,0,42,13,36,27,0,76,34,0,34,110
01/28/2009,BLI,WA,ANM,WE,Federal Contract Tower,14,9,9,2,34,0,39,59,0,98,14,48,68,2,132,128,0,128,260
01/29/2009,BLI,WA,ANM,WE,Federal Contract Tower,21,8,18,0,47,0,21,56,0,77,21,29,74,0,124,28,0,28,152
01/30/2009,BLI,WA,ANM,WE,Federal Contract Tower,16,7,8,0,31,0,7,21,0,28,16,14,29,0,59,0,0,0,59
01/31/2009,BLI,WA,ANM,WE,Federal Contract Tower,14,7,18,0,39,0,11,56,0,67,14,18,74,0,106,18,0,18,124
02/01/2009,BLI,WA,ANM,WE,Federal Contract Tower,19,1,2,0,22,0,7,33,2,42,19,8,35,2,64,12,0,12,76
02/02/2009,BLI,WA,ANM,WE,Federal Contract Tower,19,9,29,0,57,0,26,69,0,95,19,35,98,0,152,30,0,30,182
02/03/2009,BLI,WA,ANM,WE,Federal Contract Tower,10,9,13,0,32,0,36,81,0,117,10,45,94,0,149,10,0,10,159
02/04/2009,BLI,WA,ANM,WE,Federal Contract Tower,14,10,19,0,43,0,33,129,2,164,14,43,148,2,207,28,0,28,235
02/05/2009,BLI,WA,ANM,WE,Federal Contract Tower,18,11,15,3,47,0,30,74,0,104,18,41,89,3,151,10,0,10,161
02/06/2009,BLI,WA,ANM,WE,Federal Contract Tower,20,10,8,0,38,0,12,13,0,25,20,22,21,0,63,6,0,6,69
02/07/2009,BLI,WA,ANM,WE,Federal Contract Tower,13,5,15,0,33,0,5,73,2,80,13,10,88,2,113,18,0,18,131
02/08/2009,BLI,WA,ANM,WE,Federal Contract Tower,14,2,16,0,32,0,11,51,2,64,14,13,67,2,96,46,0,46,142
02/09/2009,BLI,WA,ANM,WE,Federal Contract Tower,20,9,11,0,40,0,36,55,1,92,20,45,66,1,132,16,0,16,148
02/10/2009,BLI,WA,ANM,WE,Federal Contract Tower,11,9,15,0,35,0,25,13,1,39,11,34,28,1,74,10,0,10,84
02/11/2009,BLI,WA,ANM,WE,Federal Contract Tower,14,8,13,0,35,0,32,58,0,90,14,40,71,0,125,64,0,64,189
02/12/2009,BLI,WA,ANM,WE,Federal Contract Tower,17,8,20,0,45,0,34,67,0,101,17,42,87,0,146,26,0,26,172
02/13/2009,BLI,WA,ANM,WE,Federal Contract Tower,20,8,12,2,42,0,40,70,0,110,20,48,82,2,152,24,4,28,180
02/14/2009,BLI,WA,ANM,WE,Federal Contract Tower,15,3,12,0,30,0,21,96,0,117,15,24,108,0,147,4,0,4,151
02/15/2009,BLI,WA,ANM,WE,Federal Contract Tower,19,2,4,0,25,0,11,83,3,97,19,13,87,3,122,20,0,20,142
02/16/2009,BLI,WA,ANM,WE,Federal Contract Tower,20,3,17,0,40,0,40,62,0,102,20,43,79,0,142,44,0,44,186
02/17/2009,BLI,WA,ANM,WE,Federal Contract Tower,12,10,18,0,40,0,38,93,0,131,12,48,111,0,171,70,0,70,241
02/18/2009,BLI,WA,ANM,WE,Federal Contract Tower,16,7,6,0,29,0,54,61,0,115,16,61,67,0,144,24,0,24,168
02/19/2009,BLI,WA,ANM,WE,Federal Contract Tower,20,12,8,0,40,0,31,86,0,117,20,43,94,0,157,42,0,42,199
02/20/2009,BLI,WA,ANM,WE,Federal Contract Tower,23,7,17,0,47,0,34,103,1,138,23,41,120,1,185,34,0,34,219
02/21/2009,BLI,WA,ANM,WE,Federal Contract Tower,15,4,9,0,28,0,15,93,1,109,15,19,102,1,137,40,0,40,177
02/22/2009,BLI,WA,ANM,WE,Federal Contract Tower,20,0,9,0,29,0,15,34,2,51,20,15,43,2,80,8,0,8,88
02/23/2009,BLI,WA,ANM,WE,Federal Contract Tower,25,10,15,0,50,0,23,39,0,62,25,33,54,0,112,16,0,16,128
02/24/2009,BLI,WA,ANM,WE,Federal Contract Tower,11,11,3,0,25,0,48,25,2,75,11,59,28,2,100,2,0,2,102
02/25/2009,BLI,WA,ANM,WE,Federal Contract Tower,8,12,13,0,33,0,12,2,0,14,8,24,15,0,47,0,0,0,47
02/26/2009,BLI,WA,ANM,WE,Federal Contract Tower,22,7,4,0,33,0,20,21,2,43,22,27,25,2,76,6,0,6,82
02/27/2009,BLI,WA,ANM,WE,Federal Contract Tower,22,6,11,0,39,0,32,98,2,132,22,38,109,2,171,100,0,100,271
02/28/2009,BLI,WA,ANM,WE,Federal Contract Tower,13,2,4,0,19,0,18,52,1,71,13,20,56,1,90,6,0,6,96
03/01/2009,BLI,WA,ANM,WE,Federal Contract Tower,21,1,3,1,26,0,13,48,1,62,21,14,51,2,88,18,4,22,110
03/02/2009,BLI,WA,ANM,WE,Federal Contract Tower,21,7,3,0,31,0,26,25,0,51,21,33,28,0,82,4,0,4,86
03/03/2009,BLI,WA,ANM,WE,Federal Contract Tower,13,12,11,1,37,0,46,51,3,100,13,58,62,4,137,54,0,54,191
03/04/2009,BLI,WA,ANM,WE,Federal Contract Tower,14,15,10,1,40,0,30,44,1,75,14,45,54,2,115,40,0,40,155
03/05/2009,BLI,WA,ANM,WE,Federal Contract Tower,22,6,11,0,39,0,31,44,0,75,22,37,55,0,114,32,0,32,146
03/06/2009,BLI,WA,ANM,WE,Federal Contract Tower,22,10,15,2,49,0,32,111,0,143,22,42,126,2,192,72,0,72,264
03/07/2009,BLI,WA,ANM,WE,Federal Contract Tower,15,6,6,0,27,0,15,16,0,31,15,21,22,0,58,18,0,18,76
03/08/2009,BLI,WA,ANM,WE,Federal Contract Tower,20,1,8,0,29,0,8,33,0,41,20,9,41,0,70,40,0,40,110
03/09/2009,BLI,WA,ANM,WE,Federal Contract Tower,22,8,3,0,33,0,7,6,0,13,22,15,9,0,46,26,0,26,72
03/10/2009,BLI,WA,ANM,WE,Federal Contract Tower,11,9,10,0,30,0,33,39,0,72,11,42,49,0,102,30,0,30,132
03/11/2009,BLI,WA,ANM,WE,Federal Contract Tower,19,7,13,2,41,0,36,87,0,123,19,43,100,2,164,26,0,26,190
03/12/2009,BLI,WA,ANM,WE,Federal Contract Tower,22,8,12,0,42,0,41,87,4,132,22,49,99,4,174,70,0,70,244
03/13/2009,BLI,WA,ANM,WE,Federal Contract Tower,23,7,15,0,45,0,37,84,2,123,23,44,99,2,168,80,0,80,248
03/14/2009,BLI,WA,ANM,WE,Federal Contract Tower,18,3,8,0,29,0,5,8,0,13,18,8,16,0,42,0,0,0,42
03/15/2009,BLI,WA,ANM,WE,Federal Contract Tower,23,0,6,0,29,0,7,10,0,17,23,7,16,0,46,0,0,0,46
03/16/2009,BLI,WA,ANM,WE,Federal Contract Tower,22,13,6,0,41,0,31,27,0,58,22,44,33,0,99,8,0,8,107
03/17/2009,BLI,WA,ANM,WE,Federal Contract Tower,13,10,13,0,36,0,32,37,0,69,13,42,50,0,105,12,0,12,117
03/18/2009,BLI,WA,ANM,WE,Federal Contract Tower,19,12,5,0,36,0,45,34,0,79,19,57,39,0,115,10,0,10,125
03/19/2009,BLI,WA,ANM,WE,Federal Contract Tower,25,9,11,0,45,0,32,37,4,73,25,41,48,4,118,96,0,96,214
03/20/2009,BLI,WA,ANM,WE,Federal Contract Tower,22,8,10,4,44,0,30,24,1,55,22,38,34,5,99,20,14,34,133
03/21/2009,BLI,WA,ANM,WE,Federal Contract Tower,17,5,14,0,36,0,15,92,0,107,17,20,106,0,143,82,0,82,225
03/22/2009,BLI,WA,ANM,WE,Federal Contract Tower,21,0,22,0,43,0,19,77,7,103,21,19,99,7,146,48,0,48,194
03/23/2009,BLI,WA,ANM,WE,Federal Contract Tower,22,7,5,0,34,0,38,22,0,60,22,45,27,0,94,22,0,22,116
03/24/2009,BLI,WA,ANM,WE,Federal Contract Tower,12,11,11,0,34,0,33,24,0,57,12,44,35,0,91,20,0,20,111
03/25/2009,BLI,WA,ANM,WE,Federal Contract Tower,16,8,13,0,37,0,26,68,4,98,16,34,81,4,135,48,0,48,183
03/26/2009,BLI,WA,ANM,WE,Federal Contract Tower,20,10,7,0,37,0,35,102,0,137,20,45,109,0,174,56,0,56,230
03/27/2009,BLI,WA,ANM,WE,Federal Contract Tower,21,6,3,0,30,0,33,27,0,60,21,39,30,0,90,44,0,44,134
03/28/2009,BLI,WA,ANM,WE,Federal Contract Tower,19,4,1,0,24,0,3,10,0,13,19,7,11,0,37,8,0,8,45
03/29/2009,BLI,WA,ANM,WE,Federal Contract Tower,19,0,11,0,30,0,12,81,0,93,19,12,92,0,123,40,0,40,163
03/30/2009,BLI,WA,ANM,WE,Federal Contract Tower,19,7,9,0,35,0,25,60,0,85,19,32,69,0,120,62,0,62,182
03/31/2009,BLI,WA,ANM,WE,Federal Contract Tower,9,13,11,0,33,0,29,47,0,76,9,42,58,0,109,26,0,26,135
04/01/2009,BLI,WA,ANM,WE,Federal Contract Tower,18,16,14,0,48,0,18,25,0,43,18,34,39,0,91,34,0,34,125
04/02/2009,BLI,WA,ANM,WE,Federal Contract Tower,20,17,9,1,47,0,21,44,0,65,20,38,53,1,112,58,0,58,170
04/03/2009,BLI,WA,ANM,WE,Federal Contract Tower,18,5,16,0,39,0,45,85,1,131,18,50,101,1,170,72,0,72,242
04/04/2009,BLI,WA,ANM,WE,Federal Contract Tower,18,4,3,0,25,0,10,119,0,129,18,14,122,0,154,50,0,50,204
04/05/2009,BLI,WA,ANM,WE,Federal Contract Tower,21,0,19,0,40,0,13,117,3,133,21,13,136,3,173,34,0,34,207
04/06/2009,BLI,WA,ANM,WE,Federal Contract Tower,22,9,19,0,50,0,29,134,0,163,22,38,153,0,213,96,0,96,309
04/07/2009,BLI,WA,ANM,WE,Federal Contract Tower,14,9,23,0,46,0,27,118,0,145,14,36,141,0,191,58,0,58,249
04/08/2009,BLI,WA,ANM,WE,Federal Contract Tower,19,9,10,4,42,0,34,69,0,103,19,43,79,4,145,48,0,48,193
04/09/2009,BLI,WA,ANM,WE,Federal Contract Tower,22,11,24,0,57,0,37,76,1,114,22,48,100,1,171,6,0,6,177
04/10/2009,BLI,WA,ANM,WE,Federal Contract Tower,23,8,15,0,46,0,48,80,0,128,23,56,95,0,174,36,0,36,210
04/11/2009,BLI,WA,ANM,WE,Federal Contract Tower,20,3,17,0,40,0,14,48,0,62,20,17,65,0,102,42,0,42,144
04/12/2009,BLI,WA,ANM,WE,Federal Contract Tower,23,0,7,0,30,0,16,2,0,18,23,16,9,0,48,0,0,0,48
04/13/2009,BLI,WA,ANM,WE,Federal Contract Tower,25,9,14,2,50,0,39,36,2,77,25,48,50,4,127,62,0,62,189
04/14/2009,BLI,WA,ANM,WE,Federal Contract Tower,15,11,23,0,49,0,26,78,0,104,15,37,101,0,153,62,0,62,215
04/15/2009,BLI,WA,ANM,WE,Federal Contract Tower,20,8,23,0,51,0,38,83,0,121,20,46,106,0,172,45,0,45,217
04/16/2009,BLI,WA,ANM,WE,Federal Contract Tower,23,7,22,1,53,0,36,132,2,170,23,43,154,3,223,166,0,166,389
04/17/2009,BLI,WA,ANM,WE,Federal Contract Tower,20,5,14,0,39,0,38,65,3,106,20,43,79,3,145,38,0,38,183
04/18/2009,BLI,WA,ANM,WE,Federal Contract Tower,17,4,8,0,29,0,24,121,0,145,17,28,129,0,174,76,0,76,250
04/19/2009,BLI,WA,ANM,WE,Federal Contract Tower,20,0,7,0,27,0,9,77,0,86,20,9,84,0,113,56,0,56,169
04/20/2009,BLI,WA,ANM,WE,Federal Contract Tower,20,5,28,0,53,0,29,110,0,139,20,34,138,0,192,88,0,88,280
04/21/2009,BLI,WA,ANM,WE,Federal Contract Tower,10,11,31,0,52,0,31,119,1,151,10,42,150,1,203,42,0,42,245
04/22/2009,BLI,WA,ANM,WE,Federal Contract Tower,20,10,15,0,45,0,39,75,0,114,20,49,90,0,159,44,0,44,203
04/23/2009,BLI,WA,ANM,WE,Federal Contract Tower,19,9,16,1,45,0,26,72,0,98,19,35,88,1,143,34,0,34,177
04/24/2009,BLI,WA,ANM,WE,Federal Contract Tower,20,6,14,0,40,0,37,91,0,128,20,43,105,0,168,42,0,42,210
04/25/2009,BLI,WA,ANM,WE,Federal Contract Tower,17,3,15,0,35,0,14,112,0,126,17,17,127,0,161,54,0,54,215
04/26/2009,BLI,WA,ANM,WE,Federal Contract Tower,19,1,21,0,41,0,14,124,0,138,19,15,145,0,179,56,0,56,235
04/27/2009,BLI,WA,ANM,WE,Federal Contract Tower,20,7,15,0,42,0,37,62,6,105,20,44,77,6,147,46,0,46,193
04/28/2009,BLI,WA,ANM,WE,Federal Contract Tower,8,6,25,0,39,0,44,85,0,129,8,50,110,0,168,18,0,18,186
04/29/2009,BLI,WA,ANM,WE,Federal Contract Tower,18,6,23,0,47,0,44,81,0,125,18,50,104,0,172,52,0,52,224
04/30/2009,BLI,WA,ANM,WE,Federal Contract Tower,31,6,19,2,58,0,37,130,2,169,31,43,149,4,227,134,0,134,361
05/01/2009,BLI,WA,ANM,WE,Federal Contract Tower,20,4,5,0,29,0,32,123,2,157,20,36,128,2,186,76,0,76,262
05/02/2009,BLI,WA,ANM,WE,Federal Contract Tower,17,21,3,0,41,0,16,63,1,80,17,37,66,1,121,22,0,22,143
05/03/2009,BLI,WA,ANM,WE,Federal Contract Tower,23,2,20,0,45,0,20,58,0,78,23,22,78,0,123,10,0,10,133
05/04/2009,BLI,WA,ANM,WE,Federal Contract Tower,20,7,13,0,40,0,37,71,0,108,20,44,84,0,148,88,0,88,236
05/05/2009,BLI,WA,ANM,WE,Federal Contract Tower,14,11,16,0,41,0,34,44,0,78,14,45,60,0,119,4,0,4,123
05/06/2009,BLI,WA,ANM,WE,Federal Contract Tower,22,12,25,3,62,0,41,42,6,89,22,53,67,9,151,100,0,100,251
05/07/2009,BLI,WA,ANM,WE,Federal Contract Tower,19,9,3,4,35,0,53,63,5,121,19,62,66,9,156,36,0,36,192
05/08/2009,BLI,WA,ANM,WE,Federal Contract Tower,20,6,16,1,43,0,36,112,1,149,20,42,128,2,192,44,0,44,236
05/09/2009,BLI,WA,ANM,WE,Federal Contract Tower,17,2,14,0,33,0,16,102,0,118,17,18,116,0,151,46,0,46,197
05/10/2009,BLI,WA,ANM,WE,Federal Contract Tower,21,0,18,0,39,0,16,91,0,107,21,16,109,0,146,34,0,34,180
05/11/2009,BLI,WA,ANM,WE,Federal Contract Tower,20,6,9,0,35,0,31,50,0,81,20,37,59,0,116,24,0,24,140
05/12/2009,BLI,WA,ANM,WE,Federal Contract Tower,14,9,14,0,37,0,42,66,1,109,14,51,80,1,146,48,0,48,194
05/13/2009,BLI,WA,ANM,WE,Federal Contract Tower,22,10,12,0,44,0,29,60,2,91,22,39,72,2,135,67,0,67,202
05/14/2009,BLI,WA,ANM,WE,Federal Contract Tower,20,9,22,0,51,0,33,78,0,111,20,42,100,0,162,44,0,44,206
05/15/2009,BLI,WA,ANM,WE,Federal Contract Tower,20,6,29,4,59,0,35,124,1,160,20,41,153,5,219,78,2,80,299
05/16/2009,BLI,WA,ANM,WE,Federal Contract Tower,17,2,4,0,23,0,27,153,0,180,17,29,157,0,203,82,0,82,285
05/17/2009,BLI,WA,ANM,WE,Federal Contract Tower,22,0,13,0,35,0,18,83,0,101,22,18,96,0,136,36,0,36,172
05/18/2009,BLI,WA,ANM,WE,Federal Contract Tower,18,8,18,0,44,0,38,78,0,116,18,46,96,0,160,28,0,28,188
05/19/2009,BLI,WA,ANM,WE,Federal Contract Tower,10,10,22,0,42,0,28,90,0,118,10,38,112,0,160,58,0,58,218
05/20/2009,BLI,WA,ANM,WE,Federal Contract Tower,24,7,12,6,49,0,58,101,7,166,24,65,113,13,215,50,2,52,267
05/21/2009,BLI,WA,ANM,WE,Federal Contract Tower,22,7,24,0,53,0,43,123,2,168,22,50,147,2,221,70,0,70,291
05/22/2009,BLI,WA,ANM,WE,Federal Contract Tower,18,4,10,0,32,0,56,122,2,180,18,60,132,2,212,60,0,60,272
05/23/2009,BLI,WA,ANM,WE,Federal Contract Tower,16,2,3,0,21,0,43,90,0,133,16,45,93,0,154,14,0,14,168
05/24/2009,BLI,WA,ANM,WE,Federal Contract Tower,17,0,8,0,25,0,20,89,2,111,17,20,97,2,136,24,0,24,160
05/25/2009,BLI,WA,ANM,WE,Federal Contract Tower,22,1,24,0,47,0,30,96,0,126,22,31,120,0,173,42,0,42,215
05/26/2009,BLI,WA,ANM,WE,Federal Contract Tower,14,4,24,0,42,0,33,60,0,93,14,37,84,0,135,24,0,24,159
05/27/2009,BLI,WA,ANM,WE,Federal Contract Tower,21,7,23,2,53,0,44,104,0,148,21,51,127,2,201,20,0,20,221
05/28/2009,BLI,WA,ANM,WE,Federal Contract Tower,19,6,13,2,40,0,43,121,0,164,19,49,134,2,204,52,0,52,256
05/29/2009,BLI,WA,ANM,WE,Federal Contract Tower,22,3,18,0,43,0,46,127,0,173,22,49,145,0,216,70,0,70,286
05/30/2009,BLI,WA,ANM,WE,Federal Contract Tower,15,3,11,0,29,0,31,111,0,142,15,34,122,0,171,32,0,32,203
05/31/2009,BLI,WA,ANM,WE,Federal Contract Tower,20,3,21,0,44,0,19,116,0,135,20,22,137,0,179,34,0,34,213
06/01/2009,BLI,WA,ANM,WE,Federal Contract Tower,17,3,12,2,34,0,42,104,2,148,17,45,116,4,182,18,0,18,200
06/02/2009,BLI,WA,ANM,WE,Federal Contract Tower,15,4,24,0,43,0,47,115,0,162,15,51,139,0,205,42,0,42,247
06/03/2009,BLI,WA,ANM,WE,Federal Contract Tower,22,6,8,0,36,0,38,97,2,137,22,44,105,2,173,64,0,64,237
06/04/2009,BLI,WA,ANM,WE,Federal Contract Tower,18,15,16,0,49,0,47,145,0,192,18,62,161,0,241,62,0,62,303
06/05/2009,BLI,WA,ANM,WE,Federal Contract Tower,14,7,18,0,39,0,48,114,7,169,14,55,132,7,208,34,0,34,242
06/06/2009,BLI,WA,ANM,WE,Federal Contract Tower,16,3,22,4,45,0,24,80,1,105,16,27,102,5,150,30,0,30,180
06/07/2009,BLI,WA,ANM,WE,Federal Contract Tower,18,0,10,0,28,0,27,74,0,101,18,27,84,0,129,8,0,8,137
06/08/2009,BLI,WA,ANM,WE,Federal Contract Tower,18,0,24,0,42,0,57,89,0,146,18,57,113,0,188,32,0,32,220
06/09/2009,BLI,WA,ANM,WE,Federal Contract Tower,14,9,40,0,63,0,58,164,0,222,14,67,204,0,285,106,0,106,391
06/10/2009,BLI,WA,ANM,WE,Federal Contract Tower,19,10,17,0,46,0,38,110,0,148,19,48,127,0,194,28,0,28,222
06/11/2009,BLI,WA,ANM,WE,Federal Contract Tower,18,9,23,4,54,0,39,105,3,147,18,48,128,7,201,20,0,20,221
06/12/2009,BLI,WA,ANM,WE,Federal Contract Tower,14,6,14,0,34,0,43,99,0,142,14,49,113,0,176,70,0,70,246
06/13/2009,BLI,WA,ANM,WE,Federal Contract Tower,18,3,29,0,50,0,14,74,0,88,18,17,103,0,138,34,0,34,172
06/14/2009,BLI,WA,ANM,WE,Federal Contract Tower,20,1,14,0,35,0,22,78,0,100,20,23,92,0,135,16,0,16,151
06/15/2009,BLI,WA,ANM,WE,Federal Contract Tower,17,6,13,0,36,0,27,124,0,151,17,33,137,0,187,82,0,82,269
06/16/2009,BLI,WA,ANM,WE,Federal Contract Tower,13,9,27,1,50,0,41,122,0,163,13,50,149,1,213,40,0,40,253
06/17/2009,BLI,WA,ANM,WE,Federal Contract Tower,19,8,16,4,47,0,32,93,0,125,19,40,109,4,172,44,0,44,216
06/18/2009,BLI,WA,ANM,WE,Federal Contract Tower,17,8,18,2,45,0,41,121,2,164,17,49,139,4,209,50,0,50,259
06/19/2009,BLI,WA,ANM,WE,Federal Contract Tower,18,8,2,27,55,0,38,92,0,130,18,46,94,27,185,34,0,34,219
06/20/2009,BLI,WA,ANM,WE,Federal Contract Tower,16,4,27,0,47,0,22,100,0,122,16,26,127,0,169,66,0,66,235
06/21/2009,BLI,WA,ANM,WE,Federal Contract Tower,21,0,14,0,35,0,19,85,0,104,21,19,99,0,139,14,0,14,153
06/22/2009,BLI,WA,ANM,WE,Federal Contract Tower,17,5,18,0,40,0,32,80,0,112,17,37,98,0,152,12,0,12,164
06/23/2009,BLI,WA,ANM,WE,Federal Contract Tower,14,8,20,0,42,0,44,159,0,203,14,52,179,0,245,120,0,120,365
06/24/2009,BLI,WA,ANM,WE,Federal Contract Tower,22,8,14,0,44,0,30,64,4,98,22,38,78,4,142,42,0,42,184
06/25/2009,BLI,WA,ANM,WE,Federal Contract Tower,20,9,19,0,48,0,37,78,0,115,20,46,97,0,163,30,0,30,193
06/26/2009,BLI,WA,ANM,WE,Federal Contract Tower,18,4,28,0,50,0,52,124,2,178,18,56,152,2,228,54,0,54,282
06/27/2009,BLI,WA,ANM,WE,Federal Contract Tower,18,3,24,0,45,0,18,113,0,131,18,21,137,0,176,20,0,20,196
06/28/2009,BLI,WA,ANM,WE,Federal Contract Tower,21,0,16,0,37,0,23,104,0,127,21,23,120,0,164,8,0,8,172
06/29/2009,BLI,WA,ANM,WE,Federal Contract Tower,18,4,22,0,44,0,43,98,2,143,18,47,120,2,187,49,0,49,236
06/30/2009,BLI,WA,ANM,WE,Federal Contract Tower,16,9,14,0,39,0,55,122,0,177,16,64,136,0,216,38,0,38,254
07/01/2009,BLI,WA,ANM,WE,Federal Contract Tower,15,6,13,1,35,0,61,143,10,214,15,67,156,11,249,46,10,56,305
07/02/2009,BLI,WA,ANM,WE,Federal Contract Tower,21,13,12,0,46,0,57,134,0,191,21,70,146,0,237,38,0,38,275
07/03/2009,BLI,WA,ANM,WE,Federal Contract Tower,17,7,11,0,35,0,49,120,0,169,17,56,131,0,204,14,0,14,218
07/04/2009,BLI,WA,ANM,WE,Federal Contract Tower,17,1,7,0,25,0,25,109,0,134,17,26,116,0,159,6,0,6,165
07/05/2009,BLI,WA,ANM,WE,Federal Contract Tower,27,1,16,0,44,0,40,125,0,165,27,41,141,0,209,4,0,4,213
07/06/2009,BLI,WA,ANM,WE,Federal Contract Tower,16,15,37,0,68,0,47,78,2,127,16,62,115,2,195,4,0,4,199
07/07/2009,BLI,WA,ANM,WE,Federal Contract Tower,14,11,34,2,61,0,41,52,0,93,14,52,86,2,154,52,0,52,206
07/08/2009,BLI,WA,ANM,WE,Federal Contract Tower,20,13,18,0,51,0,25,56,0,81,20,38,74,0,132,48,0,48,180
07/09/2009,BLI,WA,ANM,WE,Federal Contract Tower,20,13,29,4,66,0,51,144,2,197,20,64,173,6,263,56,0,56,319
07/10/2009,BLI,WA,ANM,WE,Federal Contract Tower,18,5,17,0,40,0,50,140,1,191,18,55,157,1,231,46,0,46,277
07/11/2009,BLI,WA,ANM,WE,Federal Contract Tower,22,4,11,0,37,0,33,119,0,152,22,37,130,0,189,36,0,36,225
07/12/2009,BLI,WA,ANM,WE,Federal Contract Tower,22,2,28,0,52,0,14,35,2,51,22,16,63,2,103,0,0,0,103
07/13/2009,BLI,WA,ANM,WE,Federal Contract Tower,16,6,45,0,67,0,41,73,0,114,16,47,118,0,181,90,2,92,273
07/14/2009,BLI,WA,ANM,WE,Federal Contract Tower,13,8,44,0,65,0,58,106,0,164,13,66,150,0,229,82,0,82,311
07/15/2009,BLI,WA,ANM,WE,Federal Contract Tower,21,8,32,4,65,0,40,119,1,160,21,48,151,5,225,124,2,126,351
07/16/2009,BLI,WA,ANM,WE,Federal Contract Tower,19,6,20,6,51,0,42,141,0,183,19,48,161,6,234,36,0,36,270
07/17/2009,BLI,WA,ANM,WE,Federal Contract Tower,18,4,16,0,38,0,52,109,0,161,18,56,125,0,199,40,0,40,239
07/18/2009,BLI,WA,ANM,WE,Federal Contract Tower,17,4,17,0,38,0,32,99,0,131,17,36,116,0,169,50,0,50,219
07/19/2009,BLI,WA,ANM,WE,Federal Contract Tower,24,0,26,2,52,0,28,117,0,145,24,28,143,2,197,14,0,14,211
07/20/2009,BLI,WA,ANM,WE,Federal Contract Tower,17,5,16,2,40,0,36,106,6,148,17,41,122,8,188,62,6,68,256
07/21/2009,BLI,WA,ANM,WE,Federal Contract Tower,14,8,33,0,55,0,52,164,0,216,14,60,197,0,271,56,20,76,347
07/22/2009,BLI,WA,ANM,WE,Federal Contract Tower,18,6,14,10,48,0,47,111,0,158,18,53,125,10,206,64,6,70,276
07/23/2009,BLI,WA,ANM,WE,Federal Contract Tower,20,14,47,3,84,0,26,90,2,118,20,40,137,5,202,60,0,60,262
07/24/2009,BLI,WA,ANM,WE,Federal Contract Tower,20,9,27,0,56,0,37,140,0,177,20,46,167,0,233,88,0,88,321
07/25/2009,BLI,WA,ANM,WE,Federal Contract Tower,16,14,9,0,39,0,32,86,0,118,16,46,95,0,157,46,0,46,203
07/26/2009,BLI,WA,ANM,WE,Federal Contract Tower,24,4,16,0,44,0,33,93,0,126,24,37,109,0,170,8,0,8,178
07/27/2009,BLI,WA,ANM,WE,Federal Contract Tower,14,5,22,1,42,0,46,71,0,117,14,51,93,1,159,30,0,30,189
07/28/2009,BLI,WA,ANM,WE,Federal Contract Tower,14,18,11,0,43,0,38,101,0,139,14,56,112,0,182,82,0,82,264
07/29/2009,BLI,WA,ANM,WE,Federal Contract Tower,19,0,17,1,37,0,51,102,4,157,19,51,119,5,194,130,10,140,334
07/30/2009,BLI,WA,ANM,WE,Federal Contract Tower,20,7,22,2,51,0,51,111,0,162,20,58,133,2,213,24,0,24,237
07/31/2009,BLI,WA,ANM,WE,Federal Contract Tower,18,9,36,2,65,0,46,106,0,152,18,55,142,2,217,28,0,28,245
08/01/2009,BLI,WA,ANM,WE,Federal Contract Tower,19,3,18,0,40,0,14,145,2,161,19,17,163,2,201,24,0,24,225
08/02/2009,BLI,WA,ANM,WE,Federal Contract Tower,23,2,18,0,43,0,35,104,0,139,23,37,122,0,182,22,0,22,204
08/03/2009,BLI,WA,ANM,WE,Federal Contract Tower,18,4,23,0,45,0,64,115,0,179,18,68,138,0,224,40,0,40,264
08/04/2009,BLI,WA,ANM,WE,Federal Contract Tower,17,11,28,0,56,0,34,58,2,94,17,45,86,2,150,26,0,26,176
08/05/2009,BLI,WA,ANM,WE,Federal Contract Tower,17,5,27,1,50,0,51,76,3,130,17,56,103,4,180,60,32,92,272
08/06/2009,BLI,WA,ANM,WE,Federal Contract Tower,20,11,36,6,73,0,41,141,6,188,20,52,177,12,261,154,8,162,423
08/07/2009,BLI,WA,ANM,WE,Federal Contract Tower,18,8,45,0,71,0,57,67,0,124,18,65,112,0,195,28,0,28,223
08/08/2009,BLI,WA,ANM,WE,Federal Contract Tower,16,3,12,0,31,0,30,64,0,94,16,33,76,0,125,62,0,62,187
08/09/2009,BLI,WA,ANM,WE,Federal Contract Tower,23,5,30,1,59,0,47,112,2,161,23,52,142,3,220,78,0,78,298
08/10/2009,BLI,WA,ANM,WE,Federal Contract Tower,19,16,29,1,65,0,31,30,0,61,19,47,59,1,126,0,0,0,126
08/11/2009,BLI,WA,ANM,WE,Federal Contract Tower,12,8,29,0,49,0,47,93,0,140,12,55,122,0,189,58,0,58,247
08/12/2009,BLI,WA,ANM,WE,Federal Contract Tower,20,14,31,0,65,0,54,163,2,219,20,68,194,2,284,82,0,82,366
08/13/2009,BLI,WA,ANM,WE,Federal Contract Tower,20,12,39,4,75,0,45,98,0,143,20,57,137,4,218,78,0,78,296
08/14/2009,BLI,WA,ANM,WE,Federal Contract Tower,20,43,29,0,92,0,42,64,0,106,20,85,93,0,198,28,0,28,226
08/15/2009,BLI,WA,ANM,WE,Federal Contract Tower,18,4,24,0,46,0,23,154,0,177,18,27,178,0,223,52,0,52,275
08/16/2009,BLI,WA,ANM,WE,Federal Contract Tower,20,6,12,0,38,0,36,119,0,155,20,42,131,0,193,40,0,40,233
08/17/2009,BLI,WA,ANM,WE,Federal Contract Tower,21,7,31,1,60,0,40,120,1,161,21,47,151,2,221,88,0,88,309
08/18/2009,BLI,WA,ANM,WE,Federal Contract Tower,13,7,8,2,30,0,47,128,1,176,13,54,136,3,206,68,0,68,274
08/19/2009,BLI,WA,ANM,WE,Federal Contract Tower,24,12,31,0,67,0,50,110,0,160,24,62,141,0,227,80,0,80,307
08/20/2009,BLI,WA,ANM,WE,Federal Contract Tower,21,8,13,0,42,0,40,118,3,161,21,48,131,3,203,38,0,38,241
08/21/2009,BLI,WA,ANM,WE,Federal Contract Tower,20,12,32,0,64,0,54,82,0,136,20,66,114,0,200,38,0,38,238
08/22/2009,BLI,WA,ANM,WE,Federal Contract Tower,16,4,24,0,44,0,18,110,0,128,16,22,134,0,172,28,0,28,200
08/23/2009,BLI,WA,ANM,WE,Federal Contract Tower,19,0,23,0,42,0,37,94,0,131,19,37,117,0,173,56,0,56,229
08/24/2009,BLI,WA,ANM,WE,Federal Contract Tower,18,7,19,1,45,0,38,113,0,151,18,45,132,1,196,49,0,49,245
08/25/2009,BLI,WA,ANM,WE,Federal Contract Tower,11,11,11,5,38,0,50,91,0,141,11,61,102,5,179,16,0,16,195
08/26/2009,BLI,WA,ANM,WE,Federal Contract Tower,20,7,34,0,61,0,54,130,2,186,20,61,164,2,247,76,0,76,323
08/27/2009,BLI,WA,ANM,WE,Federal Contract Tower,21,7,31,3,62,0,52,151,0,203,21,59,182,3,265,88,0,88,353
08/28/2009,BLI,WA,ANM,WE,Federal Contract Tower,18,11,27,0,56,0,48,116,1,165,18,59,143,1,221,52,0,52,273
08/29/2009,BLI,WA,ANM,WE,Federal Contract Tower,16,1,20,0,37,0,25,95,3,123,16,26,115,3,160,6,0,6,166
08/30/2009,BLI,WA,ANM,WE,Federal Contract Tower,20,13,3,2,38,0,21,111,3,135,20,34,114,5,173,21,0,21,194
08/31/2009,BLI,WA,ANM,WE,Federal Contract Tower,20,7,19,0,46,0,30,60,0,90,20,37,79,0,136,32,0,32,168
09/01/2009,BLI,WA,ANM,WE,Federal Contract Tower,8,9,21,0,38,0,26,98,0,124,8,35,119,0,162,34,0,34,196
09/02/2009,BLI,WA,ANM,WE,Federal Contract Tower,18,10,48,0,76,0,43,129,0,172,18,53,177,0,248,108,0,108,356
09/03/2009,BLI,WA,ANM,WE,Federal Contract Tower,24,6,22,2,54,0,44,92,0,136,24,50,114,2,190,46,0,46,236
09/04/2009,BLI,WA,ANM,WE,Federal Contract Tower,18,8,23,0,49,0,45,128,0,173,18,53,151,0,222,153,0,153,375
09/05/2009,BLI,WA,ANM,WE,Federal Contract Tower,12,5,9,0,26,0,33,45,0,78,12,38,54,0,104,2,0,2,106
09/06/2009,BLI,WA,ANM,WE,Federal Contract Tower,20,0,6,0,26,0,24,24,0,48,20,24,30,0,74,2,0,2,76
09/07/2009,BLI,WA,ANM,WE,Federal Contract Tower,17,6,22,0,45,0,34,64,2,100,17,40,86,2,145,20,0,20,165
09/08/2009,BLI,WA,ANM,WE,Federal Contract Tower,8,4,18,4,34,0,41,120,0,161,8,45,138,4,195,65,0,65,260
09/09/2009,BLI,WA,ANM,WE,Federal Contract Tower,18,10,20,0,48,0,27,45,6,78,18,37,65,6,126,20,0,20,146
09/10/2009,BLI,WA,ANM,WE,Federal Contract Tower,20,10,14,1,45,0,36,110,1,147,20,46,124,2,192,62,0,62,254
09/11/2009,BLI,WA,ANM,WE,Federal Contract Tower,19,10,16,0,45,0,47,100,7,154,19,57,116,7,199,84,2,86,285
09/12/2009,BLI,WA,ANM,WE,Federal Contract Tower,13,3,14,0,30,0,27,230,9,266,13,30,244,9,296,158,0,158,454
09/13/2009,BLI,WA,ANM,WE,Federal Contract Tower,20,0,13,0,33,0,21,92,2,115,20,21,105,2,148,18,0,18,166
09/14/2009,BLI,WA,ANM,WE,Federal Contract Tower,21,4,15,0,40,0,28,59,10,97,21,32,74,10,137,28,0,28,165
09/15/2009,BLI,WA,ANM,WE,Federal Contract Tower,8,9,15,2,34,0,50,109,0,159,8,59,124,2,193,78,0,78,271
09/16/2009,BLI,WA,ANM,WE,Federal Contract Tower,18,12,7,3,40,0,34,85,1,120,18,46,92,4,160,74,0,74,234
09/17/2009,BLI,WA,ANM,WE,Federal Contract Tower,20,14,11,2,47,0,27,86,0,113,20,41,97,2,160,60,0,60,220
09/18/2009,BLI,WA,ANM,WE,Federal Contract Tower,18,5,21,2,46,0,38,86,0,124,18,43,107,2,170,54,0,54,224
09/19/2009,BLI,WA,ANM,WE,Federal Contract Tower,11,2,26,0,39,0,19,67,0,86,11,21,93,0,125,54,0,54,179
09/20/2009,BLI,WA,ANM,WE,Federal Contract Tower,19,1,13,0,33,0,21,94,1,116,19,22,107,1,149,1,56,57,206
09/21/2009,BLI,WA,ANM,WE,Federal Contract Tower,17,6,21,0,44,0,41,112,0,153,17,47,133,0,197,110,0,110,307
09/22/2009,BLI,WA,ANM,WE,Federal Contract Tower,12,5,5,0,22,0,44,106,0,150,12,49,111,0,172,60,0,60,232
09/23/2009,BLI,WA,ANM,WE,Federal Contract Tower,18,5,12,0,35,0,42,135,2,179,18,47,147,2,214,28,0,28,242
09/24/2009,BLI,WA,ANM,WE,Federal Contract Tower,20,8,38,0,66,0,40,94,0,134,20,48,132,0,200,106,0,106,306
09/25/2009,BLI,WA,ANM,WE,Federal Contract Tower,19,11,17,0,47,0,37,87,1,125,19,48,104,1,172,34,0,34,206
09/26/2009,BLI,WA,ANM,WE,Federal Contract Tower,18,2,8,0,28,0,20,114,0,134,18,22,122,0,162,6,0,6,168
09/27/2009,BLI,WA,ANM,WE,Federal Contract Tower,22,0,13,0,35,0,18,121,1,140,22,18,134,1,175,60,0,60,235
09/28/2009,BLI,WA,ANM,WE,Federal Contract Tower,21,8,19,2,50,0,25,65,0,90,21,33,84,2,140,30,0,30,170
09/29/2009,BLI,WA,ANM,WE,Federal Contract Tower,12,11,20,0,43,0,19,52,0,71,12,30,72,0,114,94,0,94,208
09/30/2009,BLI,WA,ANM,WE,Federal Contract Tower,24,12,14,0,50,0,38,109,9,156,24,50,123,9,206,46,0,46,252
10/01/2009,BLI,WA,ANM,WE,Federal Contract Tower,22,16,24,2,64,0,17,44,0,61,22,33,68,2,125,8,0,8,133
10/02/2009,BLI,WA,ANM,WE,Federal Contract Tower,19,8,17,0,44,0,27,86,0,113,19,35,103,0,157,94,0,94,251
10/03/2009,BLI,WA,ANM,WE,Federal Contract Tower,14,2,4,1,21,0,17,60,0,77,14,19,64,1,98,14,0,14,112
10/04/2009,BLI,WA,ANM,WE,Federal Contract Tower,20,0,5,2,27,0,18,50,2,70,20,18,55,4,97,8,0,8,105
10/05/2009,BLI,WA,ANM,WE,Federal Contract Tower,22,4,5,0,31,0,38,68,0,106,22,42,73,0,137,60,0,60,197
10/06/2009,BLI,WA,ANM,WE,Federal Contract Tower,12,8,8,0,28,0,32,99,0,131,12,40,107,0,159,78,0,78,237
10/07/2009,BLI,WA,ANM,WE,Federal Contract Tower,18,7,8,0,33,0,43,106,0,149,18,50,114,0,182,58,0,58,240
10/08/2009,BLI,WA,ANM,WE,Federal Contract Tower,22,7,20,0,49,0,59,106,1,166,22,66,126,1,215,42,0,42,257
10/09/2009,BLI,WA,ANM,WE,Federal Contract Tower,20,6,27,2,55,0,49,83,4,136,20,55,110,6,191,18,0,18,209
10/10/2009,BLI,WA,ANM,WE,Federal Contract Tower,14,2,3,0,19,0,22,56,0,78,14,24,59,0,97,10,0,10,107
10/11/2009,BLI,WA,ANM,WE,Federal Contract Tower,24,0,15,0,39,0,27,90,0,117,24,27,105,0,156,22,0,22,178
10/12/2009,BLI,WA,ANM,WE,Federal Contract Tower,20,4,12,0,36,0,41,80,0,121,20,45,92,0,157,86,0,86,243
10/13/2009,BLI,WA,ANM,WE,Federal Contract Tower,12,9,16,0,37,0,28,64,0,92,12,37,80,0,129,36,0,36,165
10/14/2009,BLI,WA,ANM,WE,Federal Contract Tower,16,11,13,13,53,0,22,24,1,47,16,33,37,14,100,0,18,18,118
10/15/2009,BLI,WA,ANM,WE,Federal Contract Tower,20,8,36,7,71,0,27,71,0,98,20,35,107,7,169,68,0,68,237
10/16/2009,BLI,WA,ANM,WE,Federal Contract Tower,20,13,18,0,51,0,27,26,0,53,20,40,44,0,104,32,0,32,136
10/17/2009,BLI,WA,ANM,WE,Federal Contract Tower,11,9,7,0,27,0,6,4,3,13,11,15,11,3,40,0,0,0,40
10/18/2009,BLI,WA,ANM,WE,Federal Contract Tower,22,1,17,0,40,0,9,51,1,61,22,10,68,1,101,22,0,22,123
10/19/2009,BLI,WA,ANM,WE,Federal Contract Tower,20,9,28,8,65,0,15,34,0,49,20,24,62,8,114,20,0,20,134
10/20/2009,BLI,WA,ANM,WE,Federal Contract Tower,10,12,15,0,37,0,10,29,0,39,10,22,44,0,76,62,0,62,138
10/21/2009,BLI,WA,ANM,WE,Federal Contract Tower,13,10,16,0,39,0,30,37,0,67,13,40,53,0,106,50,0,50,156
10/22/2009,BLI,WA,ANM,WE,Federal Contract Tower,22,10,21,0,53,0,33,91,0,124,22,43,112,0,177,52,0,52,229
10/23/2009,BLI,WA,ANM,WE,Federal Contract Tower,22,20,14,4,60,0,11,1,0,12,22,31,15,4,72,0,0,0,72
10/24/2009,BLI,WA,ANM,WE,Federal Contract Tower,11,4,10,0,25,0,16,87,0,103,11,20,97,0,128,52,0,52,180
10/25/2009,BLI,WA,ANM,WE,Federal Contract Tower,20,0,10,0,30,0,11,41,0,52,20,11,51,0,82,2,0,2,84
10/26/2009,BLI,WA,ANM,WE,Federal Contract Tower,20,9,9,0,38,0,34,38,0,72,20,43,47,0,110,26,0,26,136
10/27/2009,BLI,WA,ANM,WE,Federal Contract Tower,12,8,9,0,29,0,47,93,2,142,12,55,102,2,171,52,0,52,223
10/28/2009,BLI,WA,ANM,WE,Federal Contract Tower,12,9,22,0,43,0,39,91,0,130,12,48,113,0,173,100,0,100,273
10/29/2009,BLI,WA,ANM,WE,Federal Contract Tower,19,12,17,0,48,0,3,1,0,4,19,15,18,0,52,0,0,0,52
10/30/2009,BLI,WA,ANM,WE,Federal Contract Tower,20,12,10,2,44,0,22,41,0,63,20,34,51,2,107,34,0,34,141
10/31/2009,BLI,WA,ANM,WE,Federal Contract Tower,11,3,14,0,28,0,20,47,1,68,11,23,61,1,96,10,0,10,106
11/01/2009,BLI,WA,ANM,WE,Federal Contract Tower,22,2,10,0,34,0,15,114,0,129,22,17,124,0,163,32,0,32,195
11/02/2009,BLI,WA,ANM,WE,Federal Contract Tower,20,10,10,2,42,0,24,50,0,74,20,34,60,2,116,60,0,60,176
11/03/2009,BLI,WA,ANM,WE,Federal Contract Tower,12,10,18,0,40,0,65,65,0,130,12,75,83,0,170,68,0,68,238
11/04/2009,BLI,WA,ANM,WE,Federal Contract Tower,14,9,11,3,37,0,26,90,1,117,14,35,101,4,154,84,0,84,238
11/05/2009,BLI,WA,ANM,WE,Federal Contract Tower,23,5,17,2,47,2,6,12,1,21,25,11,29,3,68,0,0,0,68
11/06/2009,BLI,WA,ANM,WE,Federal Contract Tower,20,13,11,2,46,0,20,19,1,40,20,33,30,3,86,18,0,18,104
11/07/2009,BLI,WA,ANM,WE,Federal Contract Tower,9,3,2,0,14,0,8,4,0,12,9,11,6,0,26,0,0,0,26
11/08/2009,BLI,WA,ANM,WE,Federal Contract Tower,19,0,15,0,34,0,9,33,0,42,19,9,48,0,76,28,0,28,104
11/09/2009,BLI,WA,ANM,WE,Federal Contract Tower,22,8,5,0,35,0,21,12,0,33,22,29,17,0,68,8,0,8,76
11/10/2009,BLI,WA,ANM,WE,Federal Contract Tower,13,11,21,0,45,0,39,33,0,72,13,50,54,0,117,58,0,58,175
11/11/2009,BLI,WA,ANM,WE,Federal Contract Tower,14,8,11,0,33,4,25,118,4,151,18,33,129,4,184,72,0,72,256
11/12/2009,BLI,WA,ANM,WE,Federal Contract Tower,20,13,30,8,71,0,26,91,0,117,20,39,121,8,188,72,0,72,260
11/13/2009,BLI,WA,ANM,WE,Federal Contract Tower,20,9,8,4,41,0,20,32,0,52,20,29,40,4,93,12,0,12,105
11/14/2009,BLI,WA,ANM,WE,Federal Contract Tower,11,3,9,0,23,0,7,74,0,81,11,10,83,0,104,34,0,34,138
11/15/2009,BLI,WA,ANM,WE,Federal Contract Tower,21,0,11,0,32,0,7,3,0,10,21,7,14,0,42,0,0,0,42
11/16/2009,BLI,WA,ANM,WE,Federal Contract Tower,23,9,5,0,37,0,5,0,2,7,23,14,5,2,44,0,0,0,44
11/17/2009,BLI,WA,ANM,WE,Federal Contract Tower,14,12,10,0,36,0,25,54,0,79,14,37,64,0,115,36,0,36,151
11/18/2009,BLI,WA,ANM,WE,Federal Contract Tower,13,8,15,0,36,0,20,14,0,34,13,28,29,0,70,4,0,4,74
11/19/2009,BLI,WA,ANM,WE,Federal Contract Tower,20,9,9,4,42,0,20,11,0,31,20,29,20,4,73,14,0,14,87
11/20/2009,BLI,WA,ANM,WE,Federal Contract Tower,19,14,4,0,37,0,21,37,0,58,19,35,41,0,95,14,0,14,109
11/21/2009,BLI,WA,ANM,WE,Federal Contract Tower,14,5,5,0,24,0,11,54,5,70,14,16,59,5,94,64,0,64,158
11/22/2009,BLI,WA,ANM,WE,Federal Contract Tower,19,0,8,0,27,0,15,13,4,32,19,15,21,4,59,20,0,20,79
11/23/2009,BLI,WA,ANM,WE,Federal Contract Tower,24,8,18,0,50,0,17,26,2,45,24,25,44,2,95,0,0,0,95
11/24/2009,BLI,WA,ANM,WE,Federal Contract Tower,15,11,16,0,42,0,14,41,0,55,15,25,57,0,97,122,0,122,219
11/25/2009,BLI,WA,ANM,WE,Federal Contract Tower,18,11,11,0,40,0,20,34,3,57,18,31,45,3,97,14,0,14,111
11/26/2009,BLI,WA,ANM,WE,Federal Contract Tower,16,0,5,0,21,0,8,10,0,18,16,8,15,0,39,0,0,0,39
11/27/2009,BLI,WA,ANM,WE,Federal Contract Tower,17,9,3,0,29,0,16,81,8,105,17,25,84,8,134,38,0,38,172
11/28/2009,BLI,WA,ANM,WE,Federal Contract Tower,18,2,5,0,25,0,10,11,0,21,18,12,16,0,46,0,0,0,46
11/29/2009,BLI,WA,ANM,WE,Federal Contract Tower,21,0,24,0,45,0,19,30,0,49,21,19,54,0,94,12,0,12,106
11/30/2009,BLI,WA,ANM,WE,Federal Contract Tower,21,7,31,2,61,0,16,24,0,40,21,23,55,2,101,2,0,2,103
12/01/2009,BLI,WA,ANM,WE,Federal Contract Tower,9,9,13,0,31,1,41,110,0,152,10,50,123,0,183,78,0,78,261
12/02/2009,BLI,WA,ANM,WE,Federal Contract Tower,13,6,9,1,29,0,26,86,0,112,13,32,95,1,141,14,0,14,155
12/03/2009,BLI,WA,ANM,WE,Federal Contract Tower,21,8,11,0,40,0,23,61,1,85,21,31,72,1,125,24,0,24,149
12/04/2009,BLI,WA,ANM,WE,Federal Contract Tower,18,11,11,0,40,0,31,62,2,95,18,42,73,2,135,32,0,32,167
12/05/2009,BLI,WA,ANM,WE,Federal Contract Tower,9,2,6,0,17,0,12,44,0,56,9,14,50,0,73,2,0,2,75
12/06/2009,BLI,WA,ANM,WE,Federal Contract Tower,19,0,4,0,23,0,6,14,3,23,19,6,18,3,46,0,0,0,46
12/07/2009,BLI,WA,ANM,WE,Federal Contract Tower,18,8,7,0,33,0,29,29,0,58,18,37,36,0,91,0,0,0,91
12/08/2009,BLI,WA,ANM,WE,Federal Contract Tower,8,9,24,0,41,0,35,75,0,110,8,44,99,0,151,36,0,36,187
12/09/2009,BLI,WA,ANM,WE,Federal Contract Tower,10,11,10,6,37,0,25,96,2,123,10,36,106,8,160,60,0,60,220
12/10/2009,BLI,WA,ANM,WE,Federal Contract Tower,21,5,16,0,42,0,30,77,0,107,21,35,93,0,149,18,0,18,167
12/11/2009,BLI,WA,ANM,WE,Federal Contract Tower,17,11,10,0,38,0,31,64,0,95,17,42,74,0,133,56,0,56,189
12/12/2009,BLI,WA,ANM,WE,Federal Contract Tower,9,2,1,0,12,0,13,56,0,69,9,15,57,0,81,12,0,12,93
12/13/2009,BLI,WA,ANM,WE,Federal Contract Tower,19,4,3,1,27,0,4,15,6,25,19,8,18,7,52,0,0,0,52
12/14/2009,BLI,WA,ANM,WE,Federal Contract Tower,14,6,3,0,23,0,14,27,0,41,14,20,30,0,64,10,0,10,74
12/15/2009,BLI,WA,ANM,WE,Federal Contract Tower,9,8,7,2,26,0,1,20,0,21,9,9,27,2,47,12,0,12,59
12/16/2009,BLI,WA,ANM,WE,Federal Contract Tower,14,14,7,4,39,0,18,7,2,27,14,32,14,6,66,0,0,0,66
12/17/2009,BLI,WA,ANM,WE,Federal Contract Tower,20,11,16,2,49,0,26,54,0,80,20,37,70,2,129,22,0,22,151
12/18/2009,BLI,WA,ANM,WE,Federal Contract Tower,17,21,9,0,47,0,25,59,2,86,17,46,68,2,133,28,0,28,161
12/19/2009,BLI,WA,ANM,WE,Federal Contract Tower,17,12,13,0,42,0,1,0,0,1,17,13,13,0,43,0,0,0,43
12/20/2009,BLI,WA,ANM,WE,Federal Contract Tower,25,0,4,0,29,0,7,22,0,29,25,7,26,0,58,26,0,26,84
12/21/2009,BLI,WA,ANM,WE,Federal Contract Tower,20,14,8,0,42,0,18,8,0,26,20,32,16,0,68,16,0,16,84
12/22/2009,BLI,WA,ANM,WE,Federal Contract Tower,14,11,10,0,35,0,27,61,0,88,14,38,71,0,123,44,0,44,167
12/23/2009,BLI,WA,ANM,WE,Federal Contract Tower,18,12,10,0,40,0,23,59,0,82,18,35,69,0,122,30,0,30,152
12/24/2009,BLI,WA,ANM,WE,Federal Contract Tower,17,8,1,0,26,0,17,48,0,65,17,25,49,0,91,36,0,36,127
12/25/2009,BLI,WA,ANM,WE,Federal Contract Tower,14,0,0,0,14,0,4,25,0,29,14,4,25,0,43,4,0,4,47
12/26/2009,BLI,WA,ANM,WE,Federal Contract Tower,24,4,17,1,46,0,15,67,1,83,24,19,84,2,129,38,0,38,167
12/27/2009,BLI,WA,ANM,WE,Federal Contract Tower,20,1,11,0,32,0,19,70,0,89,20,20,81,0,121,26,0,26,147
12/28/2009,BLI,WA,ANM,WE,Federal Contract Tower,20,7,20,0,47,0,22,40,0,62,20,29,60,0,109,14,0,14,123
12/29/2009,BLI,WA,ANM,WE,Federal Contract Tower,16,11,6,2,35,0,24,45,0,69,16,35,51,2,104,28,0,28,132
12/30/2009,BLI,WA,ANM,WE,Federal Contract Tower,19,10,9,0,38,0,25,12,0,37,19,35,21,0,75,4,0,4,79
12/31/2009,BLI,WA,ANM,WE,Federal Contract Tower,17,9,4,0,30,0,29,18,0,47,17,38,22,0,77,0,0,0,77
01/01/2010,BLI,WA,ANM,WE,Federal Contract Tower,18,1,1,0,20,0,6,9,2,17,18,7,10,2,37,0,0,0,37
01/02/2010,BLI,WA,ANM,WE,Federal Contract Tower,18,2,6,0,26,0,13,12,2,27,18,15,18,2,53,0,0,0,53
01/03/2010,BLI,WA,ANM,WE,Federal Contract Tower,23,0,12,0,35,0,9,60,1,70,23,9,72,1,105,26,0,26,131
01/04/2010,BLI,WA,ANM,WE,Federal Contract Tower,20,11,11,0,42,0,22,15,0,37,20,33,26,0,79,60,0,60,139
01/05/2010,BLI,WA,ANM,WE,Federal Contract Tower,10,15,18,0,43,0,25,34,0,59,10,40,52,0,102,46,0,46,148
01/06/2010,BLI,WA,ANM,WE,Federal Contract Tower,10,9,22,0,41,0,35,70,0,105,10,44,92,0,146,50,0,50,196
01/07/2010,BLI,WA,ANM,WE,Federal Contract Tower,19,14,25,0,58,0,24,85,6,115,19,38,110,6,173,38,0,38,211
01/08/2010,BLI,WA,ANM,WE,Federal Contract Tower,23,13,18,0,54,0,35,24,0,59,23,48,42,0,113,0,0,0,113
01/09/2010,BLI,WA,ANM,WE,Federal Contract Tower,11,2,6,2,21,0,6,45,11,62,11,8,51,13,83,8,34,42,125
01/10/2010,BLI,WA,ANM,WE,Federal Contract Tower,20,2,7,0,29,0,11,100,6,117,20,13,107,6,146,18,0,18,164
01/11/2010,BLI,WA,ANM,WE,Federal Contract Tower,21,7,6,0,34,0,36,22,0,58,21,43,28,0,92,0,0,0,92
01/12/2010,BLI,WA,ANM,WE,Federal Contract Tower,8,11,19,2,40,0,30,35,0,65,8,41,54,2,105,4,0,4,109
01/13/2010,BLI,WA,ANM,WE,Federal Contract Tower,10,10,17,4,41,0,31,51,0,82,10,41,68,4,123,12,0,12,135
01/14/2010,BLI,WA,ANM,WE,Federal Contract Tower,22,14,13,0,49,0,23,23,0,46,22,37,36,0,95,0,0,0,95
01/15/2010,BLI,WA,ANM,WE,Federal Contract Tower,20,11,8,4,43,0,14,15,1,30,20,25,23,5,73,18,22,40,113
01/16/2010,BLI,WA,ANM,WE,Federal Contract Tower,9,1,10,0,20,0,14,60,6,80,9,15,70,6,100,36,0,36,136
01/17/2010,BLI,WA,ANM,WE,Federal Contract Tower,22,2,6,0,30,0,6,42,0,48,22,8,48,0,78,10,0,10,88
01/18/2010,BLI,WA,ANM,WE,Federal Contract Tower,19,4,15,0,38,0,14,38,0,52,19,18,53,0,90,10,0,10,100
01/19/2010,BLI,WA,ANM,WE,Federal Contract Tower,9,10,14,0,33,0,24,61,0,85,9,34,75,0,118,36,0,36,154
01/20/2010,BLI,WA,ANM,WE,Federal Contract Tower,10,9,21,0,40,0,35,76,6,117,10,44,97,6,157,90,0,90,247
01/21/2010,BLI,WA,ANM,WE,Federal Contract Tower,19,9,8,0,36,0,23,61,0,84,19,32,69,0,120,78,0,78,198
01/22/2010,BLI,WA,ANM,WE,Federal Contract Tower,20,9,13,0,42,0,43,98,0,141,20,52,111,0,183,76,4,80,263
01/23/2010,BLI,WA,ANM,WE,Federal Contract Tower,9,4,7,0,20,0,7,88,38,133,9,11,95,38,153,18,18,36,189
01/24/2010,BLI,WA,ANM,WE,Federal Contract Tower,19,0,3,0,22,0,5,41,5,51,19,5,44,5,73,28,0,28,101
01/25/2010,BLI,WA,ANM,WE,Federal Contract Tower,20,8,15,0,43,0,14,50,0,64,20,22,65,0,107,42,2,44,151
01/26/2010,BLI,WA,ANM,WE,Federal Contract Tower,10,10,24,0,44,0,25,94,0,119,10,35,118,0,163,46,0,46,209
01/27/2010,BLI,WA,ANM,WE,Federal Contract Tower,10,7,19,2,38,0,42,98,8,148,10,49,117,10,186,82,0,82,268
01/28/2010,BLI,WA,ANM,WE,Federal Contract Tower,20,11,17,0,48,0,36,84,0,120,20,47,101,0,168,42,0,42,210
01/29/2010,BLI,WA,ANM,WE,Federal Contract Tower,21,9,8,0,38,0,27,57,0,84,21,36,65,0,122,34,0,34,156
01/30/2010,BLI,WA,ANM,WE,Federal Contract Tower,10,4,3,0,17,0,4,8,0,12,10,8,11,0,29,14,0,14,43
01/31/2010,BLI,WA,ANM,WE,Federal Contract Tower,20,1,8,0,29,0,3,28,2,33,20,4,36,2,62,34,0,34,96
02/01/2010,BLI,WA,ANM,WE,Federal Contract Tower,20,8,17,0,45,0,29,39,6,74,20,37,56,6,119,6,0,6,125
02/02/2010,BLI,WA,ANM,WE,Federal Contract Tower,11,9,10,0,30,0,32,48,0,80,11,41,58,0,110,20,0,20,130
02/03/2010,BLI,WA,ANM,WE,Federal Contract Tower,14,11,13,0,38,0,32,67,0,99,14,43,80,0,137,4,0,4,141
02/04/2010,BLI,WA,ANM,WE,Federal Contract Tower,19,8,7,0,34,0,19,82,2,103,19,27,89,2,137,28,0,28,165
02/05/2010,BLI,WA,ANM,WE,Federal Contract Tower,19,8,11,0,38,2,30,60,2,94,21,38,71,2,132,20,0,20,152
02/06/2010,BLI,WA,ANM,WE,Federal Contract Tower,13,3,2,0,18,0,12,74,0,86,13,15,76,0,104,18,0,18,122
02/07/2010,BLI,WA,ANM,WE,Federal Contract Tower,22,0,4,0,26,0,8,31,0,39,22,8,35,0,65,16,0,16,81
02/08/2010,BLI,WA,ANM,WE,Federal Contract Tower,18,6,13,0,37,0,30,47,1,78,18,36,60,1,115,0,0,0,115
02/09/2010,BLI,WA,ANM,WE,Federal Contract Tower,10,12,9,2,33,0,22,53,3,78,10,34,62,5,111,40,4,44,155
02/10/2010,BLI,WA,ANM,WE,Federal Contract Tower,15,8,10,0,33,0,21,29,9,59,15,29,39,9,92,6,4,10,102
02/11/2010,BLI,WA,ANM,WE,Federal Contract Tower,22,11,26,0,59,0,29,20,6,55,22,40,46,6,114,0,0,0,114
02/12/2010,BLI,WA,ANM,WE,Federal Contract Tower,20,13,17,0,50,0,26,38,0,64,20,39,55,0,114,42,0,42,156
02/13/2010,BLI,WA,ANM,WE,Federal Contract Tower,16,2,6,0,24,0,14,39,5,58,16,16,45,5,82,14,0,14,96
02/14/2010,BLI,WA,ANM,WE,Federal Contract Tower,24,1,11,0,36,0,13,46,3,62,24,14,57,3,98,12,4,16,114
02/15/2010,BLI,WA,ANM,WE,Federal Contract Tower,21,5,20,0,46,0,37,79,0,116,21,42,99,0,162,44,0,44,206
02/16/2010,BLI,WA,ANM,WE,Federal Contract Tower,10,13,10,0,33,0,35,41,2,78,10,48,51,2,111,32,0,32,143
02/17/2010,BLI,WA,ANM,WE,Federal Contract Tower,14,12,10,1,37,0,42,110,7,159,14,54,120,8,196,40,4,44,240
02/18/2010,BLI,WA,ANM,WE,Federal Contract Tower,21,8,18,3,50,0,37,75,5,117,21,45,93,8,167,14,0,14,181
02/19/2010,BLI,WA,ANM,WE,Federal Contract Tower,20,6,22,0,48,0,45,114,12,171,20,51,136,12,219,94,0,94,313
02/20/2010,BLI,WA,ANM,WE,Federal Contract Tower,15,5,17,0,37,0,22,111,0,133,15,27,128,0,170,82,0,82,252
02/21/2010,BLI,WA,ANM,WE,Federal Contract Tower,25,4,16,0,45,0,18,94,10,122,25,22,110,10,167,42,14,56,223
02/22/2010,BLI,WA,ANM,WE,Federal Contract Tower,20,8,13,0,41,0,26,73,1,100,20,34,86,1,141,48,0,48,189
02/23/2010,BLI,WA,ANM,WE,Federal Contract Tower,14,9,7,0,30,0,23,46,0,69,14,32,53,0,99,24,0,24,123
02/24/2010,BLI,WA,ANM,WE,Federal Contract Tower,14,11,15,1,41,0,28,29,1,58,14,39,44,2,99,18,0,18,117
02/25/2010,BLI,WA,ANM,WE,Federal Contract Tower,23,13,12,1,49,0,36,61,0,97,23,49,73,1,146,40,0,40,186
02/26/2010,BLI,WA,ANM,WE,Federal Contract Tower,22,8,16,5,51,0,43,30,1,74,22,51,46,6,125,4,0,4,129
02/27/2010,BLI,WA,ANM,WE,Federal Contract Tower,17,5,9,0,31,0,18,44,2,64,17,23,53,2,95,26,0,26,121
02/28/2010,BLI,WA,ANM,WE,Federal Contract Tower,23,1,27,0,51,0,16,79,0,95,23,17,106,0,146,68,0,68,214
03/01/2010,BLI,WA,ANM,WE,Federal Contract Tower,24,9,33,0,66,0,25,53,1,79,24,34,86,1,145,14,0,14,159
03/02/2010,BLI,WA,ANM,WE,Federal Contract Tower,12,10,8,0,30,0,40,36,0,76,12,50,44,0,106,28,0,28,134
03/03/2010,BLI,WA,ANM,WE,Federal Contract Tower,16,12,15,0,43,0,27,61,0,88,16,39,76,0,131,26,0,26,157
03/04/2010,BLI,WA,ANM,WE,Federal Contract Tower,29,6,15,0,50,0,32,74,0,106,29,38,89,0,156,78,0,78,234
03/05/2010,BLI,WA,ANM,WE,Federal Contract Tower,22,6,12,0,40,0,24,68,0,92,22,30,80,0,132,40,0,40,172
03/06/2010,BLI,WA,ANM,WE,Federal Contract Tower,21,4,4,0,29,0,11,128,0,139,21,15,132,0,168,26,0,26,194
03/07/2010,BLI,WA,ANM,WE,Federal Contract Tower,24,0,9,2,35,0,8,28,0,36,24,8,37,2,71,4,0,4,75
03/08/2010,BLI,WA,ANM,WE,Federal Contract Tower,20,9,10,0,39,0,26,53,0,79,20,35,63,0,118,24,0,24,142
03/09/2010,BLI,WA,ANM,WE,Federal Contract Tower,19,5,12,0,36,0,33,50,0,83,19,38,62,0,119,20,0,20,139
03/10/2010,BLI,WA,ANM,WE,Federal Contract Tower,24,11,8,0,43,0,26,38,2,66,24,37,46,2,109,32,0,32,141
03/11/2010,BLI,WA,ANM,WE,Federal Contract Tower,23,12,4,2,41,0,20,21,0,41,23,32,25,2,82,0,0,0,82
03/12/2010,BLI,WA,ANM,WE,Federal Contract Tower,20,8,6,10,44,0,25,18,0,43,20,33,24,10,87,0,0,0,87
03/13/2010,BLI,WA,ANM,WE,Federal Contract Tower,21,2,10,0,33,0,2,71,6,79,21,4,81,6,112,28,0,28,140
03/14/2010,BLI,WA,ANM,WE,Federal Contract Tower,24,0,14,0,38,0,17,62,0,79,24,17,76,0,117,20,0,20,137
03/15/2010,BLI,WA,ANM,WE,Federal Contract Tower,18,6,13,0,37,0,29,93,2,124,18,35,106,2,161,18,0,18,179
03/16/2010,BLI,WA,ANM,WE,Federal Contract Tower,18,7,10,0,35,0,29,36,0,65,18,36,46,0,100,40,0,40,140
03/17/2010,BLI,WA,ANM,WE,Federal Contract Tower,22,5,15,0,42,0,39,79,0,118,22,44,94,0,160,12,0,12,172
03/18/2010,BLI,WA,ANM,WE,Federal Contract Tower,28,8,14,0,50,0,48,131,0,179,28,56,145,0,229,92,0,92,321
03/19/2010,BLI,WA,ANM,WE,Federal Contract Tower,23,7,13,0,43,0,26,100,3,129,23,33,113,3,172,104,8,112,284
03/20/2010,BLI,WA,ANM,WE,Federal Contract Tower,20,4,5,0,29,0,12,130,0,142,20,16,135,0,171,72,0,72,243
03/21/2010,BLI,WA,ANM,WE,Federal Contract Tower,26,1,14,0,41,0,14,25,0,39,26,15,39,0,80,0,0,0,80
03/22/2010,BLI,WA,ANM,WE,Federal Contract Tower,20,4,9,0,33,0,35,33,0,68,20,39,42,0,101,28,0,28,129
03/23/2010,BLI,WA,ANM,WE,Federal Contract Tower,18,9,18,0,45,0,32,80,4,116,18,41,98,4,161,18,0,18,179
03/24/2010,BLI,WA,ANM,WE,Federal Contract Tower,20,9,20,2,51,0,38,88,0,126,20,47,108,2,177,80,0,80,257
03/25/2010,BLI,WA,ANM,WE,Federal Contract Tower,26,11,11,0,48,0,21,15,0,36,26,32,26,0,84,18,0,18,102
03/26/2010,BLI,WA,ANM,WE,Federal Contract Tower,22,7,14,0,43,0,36,43,0,79,22,43,57,0,122,24,0,24,146
03/27/2010,BLI,WA,ANM,WE,Federal Contract Tower,18,2,20,0,40,0,17,111,9,137,18,19,131,9,177,68,0,68,245
03/28/2010,BLI,WA,ANM,WE,Federal Contract Tower,26,1,12,0,39,0,23,26,14,63,26,24,38,14,102,24,0,24,126
03/29/2010,BLI,WA,ANM,WE,Federal Contract Tower,16,3,11,0,30,0,24,16,0,40,16,27,27,0,70,10,0,10,80
03/30/2010,BLI,WA,ANM,WE,Federal Contract Tower,16,9,12,0,37,0,30,50,0,80,16,39,62,0,117,12,0,12,129
03/31/2010,BLI,WA,ANM,WE,Federal Contract Tower,21,10,17,0,48,0,32,77,5,114,21,42,94,5,162,72,0,72,234
04/01/2010,BLI,WA,ANM,WE,Federal Contract Tower,24,4,17,2,47,0,39,45,0,84,24,43,62,2,131,12,8,20,151
04/02/2010,BLI,WA,ANM,WE,Federal Contract Tower,22,9,13,0,44,0,10,6,0,16,22,19,19,0,60,0,0,0,60
04/03/2010,BLI,WA,ANM,WE,Federal Contract Tower,22,4,4,1,31,0,21,39,3,63,22,25,43,4,94,22,0,22,116
04/04/2010,BLI,WA,ANM,WE,Federal Contract Tower,27,0,11,0,38,0,15,47,0,62,27,15,58,0,100,20,0,20,120
04/05/2010,BLI,WA,ANM,WE,Federal Contract Tower,18,5,14,0,37,0,26,62,6,94,18,31,76,6,131,10,0,10,141
04/06/2010,BLI,WA,ANM,WE,Federal Contract Tower,18,9,13,4,44,0,47,42,0,89,18,56,55,4,133,26,0,26,159
04/07/2010,BLI,WA,ANM,WE,Federal Contract Tower,20,10,14,0,44,0,24,15,0,39,20,34,29,0,83,102,0,102,185
04/08/2010,BLI,WA,ANM,WE,Federal Contract Tower,28,7,4,0,39,0,28,31,4,63,28,35,35,4,102,28,0,28,130
04/09/2010,BLI,WA,ANM,WE,Federal Contract Tower,22,7,11,0,40,0,36,81,4,121,22,43,92,4,161,56,0,56,217
04/10/2010,BLI,WA,ANM,WE,Federal Contract Tower,21,3,12,0,36,0,24,97,0,121,21,27,109,0,157,26,0,26,183
04/11/2010,BLI,WA,ANM,WE,Federal Contract Tower,25,0,10,0,35,0,25,83,1,109,25,25,93,1,144,24,0,24,168
04/12/2010,BLI,WA,ANM,WE,Federal Contract Tower,18,5,18,0,41,0,40,51,1,92,18,45,69,1,133,26,0,26,159
04/13/2010,BLI,WA,ANM,WE,Federal Contract Tower,18,9,13,5,45,35,31,3,0,69,53,40,16,5,114,20,36,56,170
04/14/2010,BLI,WA,ANM,WE,Federal Contract Tower,16,6,28,0,50,0,31,76,0,107,16,37,104,0,157,28,0,28,185
04/15/2010,BLI,WA,ANM,WE,Federal Contract Tower,26,5,10,0,41,0,36,74,11,121,26,41,84,11,162,78,16,94,256
04/16/2010,BLI,WA,ANM,WE,Federal Contract Tower,24,5,21,0,50,0,32,82,5,119,24,37,103,5,169,54,0,54,223
04/17/2010,BLI,WA,ANM,WE,Federal Contract Tower,19,4,16,0,39,0,18,68,0,86,19,22,84,0,125,80,0,80,205
04/18/2010,BLI,WA,ANM,WE,Federal Contract Tower,28,4,15,1,48,0,17,114,4,135,28,21,129,5,183,30,0,30,213
04/19/2010,BLI,WA,ANM,WE,Federal Contract Tower,20,2,19,0,41,0,28,68,0,96,20,30,87,0,137,58,0,58,195
04/20/2010,BLI,WA,ANM,WE,Federal Contract Tower,16,30,37,3,86,0,8,0,0,8,16,38,37,3,94,0,0,0,94
04/21/2010,BLI,WA,ANM,WE,Federal Contract Tower,16,8,11,0,35,0,34,31,2,67,16,42,42,2,102,78,4,82,184
04/22/2010,BLI,WA,ANM,WE,Federal Contract Tower,29,6,24,4,63,0,39,118,6,163,29,45,142,10,226,96,16,112,338
04/23/2010,BLI,WA,ANM,WE,Federal Contract Tower,18,11,18,2,49,0,33,84,7,124,18,44,102,9,173,44,0,44,217
04/24/2010,BLI,WA,ANM,WE,Federal Contract Tower,16,3,9,0,28,0,12,38,0,50,16,15,47,0,78,8,0,8,86
04/25/2010,BLI,WA,ANM,WE,Federal Contract Tower,26,0,15,0,41,0,18,100,2,120,26,18,115,2,161,40,0,40,201
04/26/2010,BLI,WA,ANM,WE,Federal Contract Tower,18,7,8,0,33,0,31,68,2,101,18,38,76,2,134,14,0,14,148
04/27/2010,BLI,WA,ANM,WE,Federal Contract Tower,15,6,22,1,44,0,43,39,0,82,15,49,61,1,126,0,8,8,134
04/28/2010,BLI,WA,ANM,WE,Federal Contract Tower,16,12,12,4,44,0,52,84,0,136,16,64,96,4,180,40,6,46,226
04/29/2010,BLI,WA,ANM,WE,Federal Contract Tower,25,12,35,0,72,0,35,83,9,127,25,47,118,9,199,44,4,48,247
04/30/2010,BLI,WA,ANM,WE,Federal Contract Tower,18,6,16,0,40,0,37,95,6,138,18,43,111,6,178,22,0,22,200
05/01/2010,BLI,WA,ANM,WE,Federal Contract Tower,15,5,14,0,34,0,11,56,0,67,15,16,70,0,101,14,0,14,115
05/02/2010,BLI,WA,ANM,WE,Federal Contract Tower,27,0,22,0,49,0,10,40,1,51,27,10,62,1,100,8,0,8,108
05/03/2010,BLI,WA,ANM,WE,Federal Contract Tower,18,5,4,0,27,0,23,24,0,47,18,28,28,0,74,50,0,50,124
05/04/2010,BLI,WA,ANM,WE,Federal Contract Tower,15,8,15,2,40,0,31,83,0,114,15,39,98,2,154,30,0,30,184
05/05/2010,BLI,WA,ANM,WE,Federal Contract Tower,14,6,22,5,47,0,36,49,8,93,14,42,71,13,140,54,22,76,216
05/06/2010,BLI,WA,ANM,WE,Federal Contract Tower,25,14,22,0,61,0,48,118,0,166,25,62,140,0,227,50,0,50,277
05/07/2010,BLI,WA,ANM,WE,Federal Contract Tower,20,6,12,0,38,0,32,121,3,156,20,38,133,3,194,28,2,30,224
05/08/2010,BLI,WA,ANM,WE,Federal Contract Tower,16,3,13,0,32,0,26,115,2,143,16,29,128,2,175,38,6,44,219
05/09/2010,BLI,WA,ANM,WE,Federal Contract Tower,28,1,7,0,36,0,19,84,1,104,28,20,91,1,140,52,0,52,192
05/10/2010,BLI,WA,ANM,WE,Federal Contract Tower,20,4,13,14,51,0,48,55,0,103,20,52,68,14,154,20,0,20,174
05/11/2010,BLI,WA,ANM,WE,Federal Contract Tower,17,8,23,0,48,0,31,98,2,131,17,39,121,2,179,48,0,48,227
05/12/2010,BLI,WA,ANM,WE,Federal Contract Tower,16,7,24,0,47,34,95,3,0,132,50,102,27,0,179,24,0,24,203
05/13/2010,BLI,WA,ANM,WE,Federal Contract Tower,24,10,32,2,68,0,43,125,2,170,24,53,157,4,238,100,0,100,338
05/14/2010,BLI,WA,ANM,WE,Federal Contract Tower,20,7,42,0,69,0,40,110,5,155,20,47,152,5,224,42,0,42,266
05/15/2010,BLI,WA,ANM,WE,Federal Contract Tower,15,2,32,0,49,0,19,155,0,174,15,21,187,0,223,86,0,86,309
05/16/2010,BLI,WA,ANM,WE,Federal Contract Tower,28,0,14,0,42,0,16,66,6,88,28,16,80,6,130,18,0,18,148
05/17/2010,BLI,WA,ANM,WE,Federal Contract Tower,21,4,13,0,38,0,0,0,0,0,21,4,13,0,38,28,0,28,66
05/18/2010,BLI,WA,ANM,WE,Federal Contract Tower,13,9,16,1,39,0,36,40,1,77,13,45,56,2,116,6,0,6,122
05/19/2010,BLI,WA,ANM,WE,Federal Contract Tower,16,10,14,0,40,0,34,62,2,98,16,44,76,2,138,14,0,14,152
05/20/2010,BLI,WA,ANM,WE,Federal Contract Tower,27,7,15,4,53,0,24,57,0,81,27,31,72,4,134,70,0,70,204
05/21/2010,BLI,WA,ANM,WE,Federal Contract Tower,20,9,19,2,50,0,48,129,0,177,20,57,148,2,227,56,0,56,283
05/22/2010,BLI,WA,ANM,WE,Federal Contract Tower,15,3,8,0,26,0,16,103,4,123,15,19,111,4,149,24,0,24,173
05/23/2010,BLI,WA,ANM,WE,Federal Contract Tower,26,1,5,1,33,0,21,47,5,73,26,22,52,6,106,32,0,32,138
05/24/2010,BLI,WA,ANM,WE,Federal Contract Tower,22,8,9,0,39,0,45,76,0,121,22,53,85,0,160,73,0,73,233
05/25/2010,BLI,WA,ANM,WE,Federal Contract Tower,14,9,18,2,43,0,48,79,3,130,14,57,97,5,173,50,0,50,223
05/26/2010,BLI,WA,ANM,WE,Federal Contract Tower,17,21,41,0,79,0,12,19,0,31,17,33,60,0,110,2,0,2,112
05/27/2010,BLI,WA,ANM,WE,Federal Contract Tower,26,10,27,7,70,0,40,72,2,114,26,50,99,9,184,48,12,60,244
05/28/2010,BLI,WA,ANM,WE,Federal Contract Tower,19,12,14,0,45,0,10,9,0,19,19,22,23,0,64,0,0,0,64
05/29/2010,BLI,WA,ANM,WE,Federal Contract Tower,18,3,9,0,30,0,23,24,0,47,18,26,33,0,77,22,0,22,99
05/30/2010,BLI,WA,ANM,WE,Federal Contract Tower,23,0,15,0,38,0,16,68,0,84,23,16,83,0,122,36,0,36,158
05/31/2010,BLI,WA,ANM,WE,Federal Contract Tower,20,0,19,0,39,0,22,38,0,60,20,22,57,0,99,40,0,40,139
06/01/2010,BLI,WA,ANM,WE,Federal Contract Tower,14,6,31,0,51,0,35,55,0,90,14,41,86,0,141,56,0,56,197
06/02/2010,BLI,WA,ANM,WE,Federal Contract Tower,21,10,21,0,52,0,27,27,2,56,21,37,48,2,108,42,12,54,162
06/03/2010,BLI,WA,ANM,WE,Federal Contract Tower,22,7,24,0,53,0,45,104,2,151,22,52,128,2,204,26,0,26,230
06/04/2010,BLI,WA,ANM,WE,Federal Contract Tower,23,5,19,0,47,0,26,55,2,83,23,31,74,2,130,88,0,88,218
06/05/2010,BLI,WA,ANM,WE,Federal Contract Tower,18,3,18,0,39,0,16,146,3,165,18,19,164,3,204,58,0,58,262
06/06/2010,BLI,WA,ANM,WE,Federal Contract Tower,24,0,23,0,47,0,11,57,0,68,24,11,80,0,115,60,0,60,175
06/07/2010,BLI,WA,ANM,WE,Federal Contract Tower,26,4,21,4,55,0,29,77,0,106,26,33,98,4,161,58,0,58,219
06/08/2010,BLI,WA,ANM,WE,Federal Contract Tower,11,6,17,0,34,0,34,120,3,157,11,40,137,3,191,52,0,52,243
06/09/2010,BLI,WA,ANM,WE,Federal Contract Tower,20,8,15,0,43,0,35,54,2,91,20,43,69,2,134,36,0,36,170
06/10/2010,BLI,WA,ANM,WE,Federal Contract Tower,24,6,22,0,52,0,37,51,3,91,24,43,73,3,143,30,0,30,173
06/11/2010,BLI,WA,ANM,WE,Federal Contract Tower,20,17,19,0,56,0,35,64,3,102,20,52,83,3,158,64,0,64,222
06/12/2010,BLI,WA,ANM,WE,Federal Contract Tower,15,2,6,0,23,0,17,147,4,168,15,19,153,4,191,24,0,24,215
06/13/2010,BLI,WA,ANM,WE,Federal Contract Tower,24,0,11,0,35,0,17,66,6,89,24,17,77,6,124,12,0,12,136
06/14/2010,BLI,WA,ANM,WE,Federal Contract Tower,22,4,16,0,42,0,37,81,1,119,22,41,97,1,161,38,0,38,199
06/15/2010,BLI,WA,ANM,WE,Federal Contract Tower,12,8,13,0,33,0,43,104,0,147,12,51,117,0,180,62,0,62,242
06/16/2010,BLI,WA,ANM,WE,Federal Contract Tower,20,6,15,2,43,0,43,101,0,144,20,49,116,2,187,64,0,64,251
06/17/2010,BLI,WA,ANM,WE,Federal Contract Tower,24,8,20,0,52,0,44,46,1,91,24,52,66,1,143,26,0,26,169
06/18/2010,BLI,WA,ANM,WE,Federal Contract Tower,24,7,15,0,46,0,59,112,0,171,24,66,127,0,217,42,0,42,259
06/19/2010,BLI,WA,ANM,WE,Federal Contract Tower,15,2,22,0,39,0,25,127,2,154,15,27,149,2,193,80,0,80,273
06/20/2010,BLI,WA,ANM,WE,Federal Contract Tower,26,1,19,0,46,0,12,43,0,55,26,13,62,0,101,0,0,0,101
06/21/2010,BLI,WA,ANM,WE,Federal Contract Tower,27,6,10,2,45,0,41,46,0,87,27,47,56,2,132,34,0,34,166
06/22/2010,BLI,WA,ANM,WE,Federal Contract Tower,18,3,14,6,41,0,50,131,6,187,18,53,145,12,228,62,0,62,290
06/23/2010,BLI,WA,ANM,WE,Federal Contract Tower,20,10,21,0,51,0,57,137,1,195,20,67,158,1,246,46,0,46,292
06/24/2010,BLI,WA,ANM,WE,Federal Contract Tower,27,5,24,5,61,0,35,93,0,128,27,40,117,5,189,54,0,54,243
06/25/2010,BLI,WA,ANM,WE,Federal Contract Tower,22,5,16,2,45,0,49,93,0,142,22,54,109,2,187,32,0,32,219
06/26/2010,BLI,WA,ANM,WE,Federal Contract Tower,16,5,17,0,38,0,16,105,3,124,16,21,122,3,162,64,0,64,226
06/27/2010,BLI,WA,ANM,WE,Federal Contract Tower,27,0,10,0,37,0,27,70,0,97,27,27,80,0,134,8,0,8,142
06/28/2010,BLI,WA,ANM,WE,Federal Contract Tower,29,5,12,2,48,0,36,54,2,92,29,41,66,4,140,26,0,26,166
06/29/2010,BLI,WA,ANM,WE,Federal Contract Tower,20,8,18,1,47,0,37,93,6,136,20,45,111,7,183,14,0,14,197
06/30/2010,BLI,WA,ANM,WE,Federal Contract Tower,22,8,17,4,51,4,42,132,4,182,26,50,149,8,233,66,0,66,299
07/01/2010,BLI,WA,ANM,WE,Federal Contract Tower,28,12,33,2,75,0,65,101,1,167,28,77,134,3,242,66,0,66,308
07/02/2010,BLI,WA,ANM,WE,Federal Contract Tower,23,6,9,0,38,0,66,115,0,181,23,72,124,0,219,84,0,84,303
07/03/2010,BLI,WA,ANM,WE,Federal Contract Tower,29,4,22,0,55,0,31,100,0,131,29,35,122,0,186,36,0,36,222
07/04/2010,BLI,WA,ANM,WE,Federal Contract Tower,29,2,13,0,44,0,33,52,2,87,29,35,65,2,131,4,0,4,135
07/05/2010,BLI,WA,ANM,WE,Federal Contract Tower,23,6,37,0,66,0,56,107,0,163,23,62,144,0,229,30,0,30,259
07/06/2010,BLI,WA,ANM,WE,Federal Contract Tower,25,5,25,5,60,0,49,120,0,169,25,54,145,5,229,74,0,74,303
07/07/2010,BLI,WA,ANM,WE,Federal Contract Tower,24,6,39,0,69,0,41,155,0,196,24,47,194,0,265,86,0,86,351
07/08/2010,BLI,WA,ANM,WE,Federal Contract Tower,28,9,34,2,73,0,47,118,3,168,28,56,152,5,241,74,0,74,315
07/09/2010,BLI,WA,ANM,WE,Federal Contract Tower,23,7,52,0,82,0,59,136,1,196,23,66,188,1,278,32,0,32,310
07/10/2010,BLI,WA,ANM,WE,Federal Contract Tower,28,7,20,2,57,0,22,109,0,131,28,29,129,2,188,28,0,28,216
07/11/2010,BLI,WA,ANM,WE,Federal Contract Tower,32,4,23,0,59,0,21,76,0,97,32,25,99,0,156,18,0,18,174
07/12/2010,BLI,WA,ANM,WE,Federal Contract Tower,25,5,23,0,53,0,40,76,0,116,25,45,99,0,169,24,0,24,193
07/13/2010,BLI,WA,ANM,WE,Federal Contract Tower,25,5,39,0,69,0,41,96,0,137,25,46,135,0,206,86,0,86,292
07/14/2010,BLI,WA,ANM,WE,Federal Contract Tower,27,9,15,0,51,0,51,152,0,203,27,60,167,0,254,120,0,120,374
07/15/2010,BLI,WA,ANM,WE,Federal Contract Tower,28,17,34,4,83,0,42,108,0,150,28,59,142,4,233,88,0,88,321
07/16/2010,BLI,WA,ANM,WE,Federal Contract Tower,21,5,27,0,53,0,51,122,0,173,21,56,149,0,226,68,0,68,294
07/17/2010,BLI,WA,ANM,WE,Federal Contract Tower,27,5,26,4,62,0,13,101,3,117,27,18,127,7,179,78,6,84,263
07/18/2010,BLI,WA,ANM,WE,Federal Contract Tower,30,2,24,3,59,0,15,65,4,84,30,17,89,7,143,22,6,28,171
07/19/2010,BLI,WA,ANM,WE,Federal Contract Tower,25,19,40,0,84,0,22,53,1,76,25,41,93,1,160,4,0,4,164
07/20/2010,BLI,WA,ANM,WE,Federal Contract Tower,25,8,16,0,49,0,40,89,1,130,25,48,105,1,179,40,0,40,219
07/21/2010,BLI,WA,ANM,WE,Federal Contract Tower,24,10,16,0,50,0,38,133,0,171,24,48,149,0,221,96,0,96,317
07/22/2010,BLI,WA,ANM,WE,Federal Contract Tower,28,8,26,4,66,0,41,65,1,107,28,49,91,5,173,72,0,72,245
07/23/2010,BLI,WA,ANM,WE,Federal Contract Tower,22,9,26,0,57,0,57,151,13,221,22,66,177,13,278,90,0,90,368
07/24/2010,BLI,WA,ANM,WE,Federal Contract Tower,24,4,16,0,44,0,32,147,5,184,24,36,163,5,228,76,0,76,304
07/25/2010,BLI,WA,ANM,WE,Federal Contract Tower,29,6,15,0,50,0,37,142,5,184,29,43,157,5,234,48,0,48,282
07/26/2010,BLI,WA,ANM,WE,Federal Contract Tower,24,5,9,4,42,0,35,94,0,129,24,40,103,4,171,44,0,44,215
07/27/2010,BLI,WA,ANM,WE,Federal Contract Tower,22,11,22,2,57,0,43,103,7,153,22,54,125,9,210,64,0,64,274
07/28/2010,BLI,WA,ANM,WE,Federal Contract Tower,28,15,21,4,68,0,36,61,6,103,28,51,82,10,171,2,0,2,173
07/29/2010,BLI,WA,ANM,WE,Federal Contract Tower,30,12,40,0,82,0,39,85,3,127,30,51,125,3,209,78,0,78,287
07/30/2010,BLI,WA,ANM,WE,Federal Contract Tower,22,6,16,2,46,0,31,85,1,117,22,37,101,3,163,66,0,66,229
07/31/2010,BLI,WA,ANM,WE,Federal Contract Tower,26,6,28,4,64,0,24,46,0,70,26,30,74,4,134,34,0,34,168
08/01/2010,BLI,WA,ANM,WE,Federal Contract Tower,29,9,26,0,64,0,11,41,0,52,29,20,67,0,116,36,0,36,152
08/02/2010,BLI,WA,ANM,WE,Federal Contract Tower,23,4,35,10,72,0,42,82,2,126,23,46,117,12,198,20,0,20,218
08/03/2010,BLI,WA,ANM,WE,Federal Contract Tower,22,8,31,3,64,0,39,91,4,134,22,47,122,7,198,52,0,52,250
08/04/2010,BLI,WA,ANM,WE,Federal Contract Tower,23,10,31,0,64,0,36,148,2,186,23,46,179,2,250,66,0,66,316
08/05/2010,BLI,WA,ANM,WE,Federal Contract Tower,29,6,19,1,55,0,54,105,4,163,29,60,124,5,218,62,0,62,280
08/06/2010,BLI,WA,ANM,WE,Federal Contract Tower,22,12,29,3,66,0,42,64,7,113,22,54,93,10,179,84,0,84,263
08/07/2010,BLI,WA,ANM,WE,Federal Contract Tower,21,10,38,0,69,0,8,22,2,32,21,18,60,2,101,48,0,48,149
08/08/2010,BLI,WA,ANM,WE,Federal Contract Tower,27,7,25,0,59,0,38,65,2,105,27,45,90,2,164,26,0,26,190
08/09/2010,BLI,WA,ANM,WE,Federal Contract Tower,26,9,12,1,48,0,40,31,4,75,26,49,43,5,123,22,0,22,145
08/10/2010,BLI,WA,ANM,WE,Federal Contract Tower,21,15,29,6,71,0,55,83,6,144,21,70,112,12,215,48,0,48,263
08/11/2010,BLI,WA,ANM,WE,Federal Contract Tower,23,8,20,3,54,0,48,106,5,159,23,56,126,8,213,108,0,108,321
08/12/2010,BLI,WA,ANM,WE,Federal Contract Tower,31,9,25,1,66,0,40,102,4,146,31,49,127,5,212,32,0,32,244
08/13/2010,BLI,WA,ANM,WE,Federal Contract Tower,25,8,15,0,48,0,50,151,8,209,25,58,166,8,257,110,0,110,367
08/14/2010,BLI,WA,ANM,WE,Federal Contract Tower,22,3,26,0,51,0,25,147,0,172,22,28,173,0,223,44,0,44,267
08/15/2010,BLI,WA,ANM,WE,Federal Contract Tower,27,0,11,0,38,0,23,135,6,164,27,23,146,6,202,18,0,18,220
08/16/2010,BLI,WA,ANM,WE,Federal Contract Tower,26,1,30,0,57,0,46,122,2,170,26,47,152,2,227,18,0,18,245
08/17/2010,BLI,WA,ANM,WE,Federal Contract Tower,24,13,16,2,55,0,48,99,3,150,24,61,115,5,205,48,0,48,253
08/18/2010,BLI,WA,ANM,WE,Federal Contract Tower,20,8,33,1,62,0,52,96,2,150,20,60,129,3,212,56,0,56,268
08/19/2010,BLI,WA,ANM,WE,Federal Contract Tower,28,6,35,0,69,0,54,138,0,192,28,60,173,0,261,82,0,82,343
08/20/2010,BLI,WA,ANM,WE,Federal Contract Tower,22,9,14,0,45,0,57,146,4,207,22,66,160,4,252,58,4,62,314
08/21/2010,BLI,WA,ANM,WE,Federal Contract Tower,21,3,17,0,41,0,28,104,2,134,21,31,121,2,175,180,0,180,355
08/22/2010,BLI,WA,ANM,WE,Federal Contract Tower,27,0,11,0,38,0,24,76,5,105,27,24,87,5,143,10,0,10,153
08/23/2010,BLI,WA,ANM,WE,Federal Contract Tower,26,4,18,3,51,0,58,99,11,168,26,62,117,14,219,32,0,32,251
08/24/2010,BLI,WA,ANM,WE,Federal Contract Tower,22,7,23,0,52,0,60,144,7,211,22,67,167,7,263,52,0,52,315
08/25/2010,BLI,WA,ANM,WE,Federal Contract Tower,24,7,26,0,57,0,54,123,6,183,24,61,149,6,240,62,0,62,302
08/26/2010,BLI,WA,ANM,WE,Federal Contract Tower,28,7,26,2,63,0,61,63,2,126,28,68,89,4,189,38,0,38,227
08/27/2010,BLI,WA,ANM,WE,Federal Contract Tower,22,9,27,0,58,0,65,126,2,193,22,74,153,2,251,50,0,50,301
08/28/2010,BLI,WA,ANM,WE,Federal Contract Tower,27,4,25,0,56,0,53,107,2,162,27,57,132,2,218,54,0,54,272
08/29/2010,BLI,WA,ANM,WE,Federal Contract Tower,30,0,12,0,42,0,26,66,2,94,30,26,78,2,136,2,0,2,138
08/30/2010,BLI,WA,ANM,WE,Federal Contract Tower,23,5,16,0,44,0,37,107,0,144,23,42,123,0,188,40,0,40,228
08/31/2010,BLI,WA,ANM,WE,Federal Contract Tower,16,13,14,2,45,0,37,39,3,79,16,50,53,5,124,4,0,4,128
09/01/2010,BLI,WA,ANM,WE,Federal Contract Tower,0,0,0,0,0,0,3,14,2,19,0,3,14,2,19,0,0,0,19
09/02/2010,BLI,WA,ANM,WE,Federal Contract Tower,0,4,2,0,6,0,6,11,0,17,0,10,13,0,23,0,0,0,23
09/03/2010,BLI,WA,ANM,WE,Federal Contract Tower,0,0,0,0,0,0,12,13,2,27,0,12,13,2,27,2,0,2,29
09/04/2010,BLI,WA,ANM,WE,Federal Contract Tower,0,0,0,0,0,0,11,4,0,15,0,11,4,0,15,0,0,0,15
09/05/2010,BLI,WA,ANM,WE,Federal Contract Tower,0,0,2,0,2,0,5,7,0,12,0,5,9,0,14,0,0,0,14
09/06/2010,BLI,WA,ANM,WE,Federal Contract Tower,0,0,0,0,0,0,3,0,0,3,0,3,0,0,3,4,0,4,7
09/07/2010,BLI,WA,ANM,WE,Federal Contract Tower,0,0,0,2,2,0,0,9,2,11,0,0,9,4,13,0,0,0,13
09/08/2010,BLI,WA,ANM,WE,Federal Contract Tower,0,0,2,0,2,0,7,12,3,22,0,7,14,3,24,0,0,0,24
09/09/2010,BLI,WA,ANM,WE,Federal Contract Tower,0,1,5,0,6,0,10,11,0,21,0,11,16,0,27,0,0,0,27
09/10/2010,BLI,WA,ANM,WE,Federal Contract Tower,0,0,2,0,2,0,3,5,0,8,0,3,7,0,10,0,0,0,10
09/11/2010,BLI,WA,ANM,WE,Federal Contract Tower,0,0,0,0,0,0,1,9,0,10,0,1,9,0,10,6,0,6,16
09/12/2010,BLI,WA,ANM,WE,Federal Contract Tower,0,2,1,0,3,0,2,3,2,7,0,4,4,2,10,0,0,0,10
09/13/2010,BLI,WA,ANM,WE,Federal Contract Tower,0,0,4,0,4,0,2,6,0,8,0,2,10,0,12,0,0,0,12
09/14/2010,BLI,WA,ANM,WE,Federal Contract Tower,0,0,2,0,2,0,0,8,0,8,0,0,10,0,10,0,0,0,10
09/15/2010,BLI,WA,ANM,WE,Federal Contract Tower,0,0,4,0,4,0,0,14,0,14,0,0,18,0,18,0,0,0,18
09/16/2010,BLI,WA,ANM,WE,Federal Contract Tower,0,0,0,0,0,0,3,2,0,5,0,3,2,0,5,0,0,0,5
09/17/2010,BLI,WA,ANM,WE,Federal Contract Tower,0,0,0,0,0,0,10,12,0,22,0,10,12,0,22,0,0,0,22
09/18/2010,BLI,WA,ANM,WE,Federal Contract Tower,0,0,0,0,0,0,0,6,0,6,0,0,6,0,6,0,0,0,6
09/19/2010,BLI,WA,ANM,WE,Federal Contract Tower,0,0,0,4,4,0,0,3,0,3,0,0,3,4,7,0,0,0,7
09/20/2010,BLI,WA,ANM,WE,Federal Contract Tower,0,0,0,0,0,0,7,11,0,18,0,7,11,0,18,0,0,0,18
09/21/2010,BLI,WA,ANM,WE,Federal Contract Tower,0,0,2,0,2,0,2,14,2,18,0,2,16,2,20,16,0,16,36
09/22/2010,BLI,WA,ANM,WE,Federal Contract Tower,21,7,32,0,60,0,43,136,0,179,21,50,168,0,239,64,0,64,303
09/23/2010,BLI,WA,ANM,WE,Federal Contract Tower,29,10,33,0,72,0,38,28,0,66,29,48,61,0,138,0,0,0,138
09/24/2010,BLI,WA,ANM,WE,Federal Contract Tower,25,7,26,0,58,0,41,53,0,94,25,48,79,0,152,22,0,22,174
09/25/2010,BLI,WA,ANM,WE,Federal Contract Tower,22,2,6,0,30,0,14,109,9,132,22,16,115,9,162,52,0,52,214
09/26/2010,BLI,WA,ANM,WE,Federal Contract Tower,29,7,12,2,50,0,4,6,2,12,29,11,18,4,62,6,0,6,68
09/27/2010,BLI,WA,ANM,WE,Federal Contract Tower,24,6,21,0,51,0,25,40,0,65,24,31,61,0,116,32,0,32,148
09/28/2010,BLI,WA,ANM,WE,Federal Contract Tower,18,21,8,0,47,0,37,57,0,94,18,58,65,0,141,56,0,56,197
09/29/2010,BLI,WA,ANM,WE,Federal Contract Tower,24,10,22,2,58,0,20,59,5,84,24,30,81,7,142,52,0,52,194
09/30/2010,BLI,WA,ANM,WE,Federal Contract Tower,32,8,18,0,58,0,34,74,2,110,32,42,92,2,168,50,0,50,218
10/01/2010,BLI,WA,ANM,WE,Federal Contract Tower,22,6,11,1,40,0,34,124,1,159,22,40,135,2,199,72,0,72,271
10/02/2010,BLI,WA,ANM,WE,Federal Contract Tower,23,2,24,0,49,0,18,82,2,102,23,20,106,2,151,60,6,66,217
10/03/2010,BLI,WA,ANM,WE,Federal Contract Tower,26,2,10,0,38,0,17,39,0,56,26,19,49,0,94,20,0,20,114
10/04/2010,BLI,WA,ANM,WE,Federal Contract Tower,23,10,17,1,51,0,26,45,0,71,23,36,62,1,122,30,0,30,152
10/05/2010,BLI,WA,ANM,WE,Federal Contract Tower,18,14,11,0,43,0,38,98,1,137,18,52,109,1,180,40,0,40,220
10/06/2010,BLI,WA,ANM,WE,Federal Contract Tower,23,10,9,0,42,0,44,104,2,150,23,54,113,2,192,68,0,68,260
10/07/2010,BLI,WA,ANM,WE,Federal Contract Tower,24,9,38,0,71,0,25,61,3,89,24,34,99,3,160,30,12,42,202
10/08/2010,BLI,WA,ANM,WE,Federal Contract Tower,23,10,22,2,57,0,25,57,2,84,23,35,79,4,141,26,10,36,177
10/09/2010,BLI,WA,ANM,WE,Federal Contract Tower,18,4,5,0,27,0,27,23,0,50,18,31,28,0,77,14,0,14,91
10/10/2010,BLI,WA,ANM,WE,Federal Contract Tower,24,0,8,0,32,0,15,57,0,72,24,15,65,0,104,34,0,34,138
10/11/2010,BLI,WA,ANM,WE,Federal Contract Tower,26,4,19,0,49,0,25,48,0,73,26,29,67,0,122,38,0,38,160
10/12/2010,BLI,WA,ANM,WE,Federal Contract Tower,17,7,15,0,39,0,47,98,8,153,17,54,113,8,192,165,0,165,357
10/13/2010,BLI,WA,ANM,WE,Federal Contract Tower,22,7,24,0,53,0,44,100,2,146,22,51,124,2,199,50,0,50,249
10/14/2010,BLI,WA,ANM,WE,Federal Contract Tower,24,8,24,18,74,0,35,46,0,81,24,43,70,18,155,58,0,58,213
10/15/2010,BLI,WA,ANM,WE,Federal Contract Tower,25,10,13,0,48,0,32,96,3,131,25,42,109,3,179,40,0,40,219
10/16/2010,BLI,WA,ANM,WE,Federal Contract Tower,20,2,9,0,31,0,15,117,0,132,20,17,126,0,163,38,0,38,201
10/17/2010,BLI,WA,ANM,WE,Federal Contract Tower,24,0,11,0,35,0,18,103,6,127,24,18,114,6,162,76,0,76,238
10/18/2010,BLI,WA,ANM,WE,Federal Contract Tower,30,7,14,2,53,0,22,59,2,83,30,29,73,4,136,28,0,28,164
10/19/2010,BLI,WA,ANM,WE,Federal Contract Tower,16,8,13,0,37,0,50,103,3,156,16,58,116,3,193,74,6,80,273
10/20/2010,BLI,WA,ANM,WE,Federal Contract Tower,22,8,23,6,59,0,43,93,0,136,22,51,116,6,195,68,0,68,263
10/21/2010,BLI,WA,ANM,WE,Federal Contract Tower,27,2,16,0,45,0,25,42,0,67,27,27,58,0,112,35,0,35,147
10/22/2010,BLI,WA,ANM,WE,Federal Contract Tower,24,12,32,0,68,0,28,52,2,82,24,40,84,2,150,76,0,76,226
10/23/2010,BLI,WA,ANM,WE,Federal Contract Tower,18,2,6,0,26,0,16,44,0,60,18,18,50,0,86,48,0,48,134
10/24/2010,BLI,WA,ANM,WE,Federal Contract Tower,24,0,5,0,29,0,14,10,0,24,24,14,15,0,53,0,0,0,53
10/25/2010,BLI,WA,ANM,WE,Federal Contract Tower,24,8,6,0,38,0,32,15,0,47,24,40,21,0,85,40,0,40,125
10/26/2010,BLI,WA,ANM,WE,Federal Contract Tower,17,8,15,0,40,0,49,44,0,93,17,57,59,0,133,40,0,40,173
10/27/2010,BLI,WA,ANM,WE,Federal Contract Tower,23,9,13,0,45,0,40,81,1,122,23,49,94,1,167,97,0,97,264
10/28/2010,BLI,WA,ANM,WE,Federal Contract Tower,23,18,15,0,56,0,24,40,0,64,23,42,55,0,120,26,0,26,146
10/29/2010,BLI,WA,ANM,WE,Federal Contract Tower,26,11,16,0,53,0,35,87,0,122,26,46,103,0,175,64,0,64,239
10/30/2010,BLI,WA,ANM,WE,Federal Contract Tower,21,2,8,0,31,0,12,76,4,92,21,14,84,4,123,22,0,22,145
10/31/2010,BLI,WA,ANM,WE,Federal Contract Tower,22,2,12,0,36,0,14,28,4,46,22,16,40,4,82,20,0,20,102
11/01/2010,BLI,WA,ANM,WE,Federal Contract Tower,30,9,4,0,43,0,22,19,0,41,30,31,23,0,84,12,0,12,96
11/02/2010,BLI,WA,ANM,WE,Federal Contract Tower,22,12,24,0,58,0,28,40,1,69,22,40,64,1,127,22,0,22,149
11/03/2010,BLI,WA,ANM,WE,Federal Contract Tower,18,13,24,6,61,0,40,80,4,124,18,53,104,10,185,96,8,104,289
11/04/2010,BLI,WA,ANM,WE,Federal Contract Tower,25,11,20,0,56,0,17,97,0,114,25,28,117,0,170,30,0,30,200
11/05/2010,BLI,WA,ANM,WE,Federal Contract Tower,23,16,11,0,50,0,1,0,0,1,23,17,11,0,51,0,0,0,51
11/06/2010,BLI,WA,ANM,WE,Federal Contract Tower,20,4,16,0,40,0,5,9,2,16,20,9,25,2,56,0,0,0,56
11/07/2010,BLI,WA,ANM,WE,Federal Contract Tower,23,0,11,0,34,0,10,53,2,65,23,10,64,2,99,24,0,24,123
11/08/2010,BLI,WA,ANM,WE,Federal Contract Tower,23,9,9,0,41,0,27,40,0,67,23,36,49,0,108,66,0,66,174
11/09/2010,BLI,WA,ANM,WE,Federal Contract Tower,10,10,7,0,27,0,27,25,4,56,10,37,32,4,83,34,0,34,117
11/10/2010,BLI,WA,ANM,WE,Federal Contract Tower,20,8,9,0,37,0,31,97,4,132,20,39,106,4,169,74,0,74,243
11/11/2010,BLI,WA,ANM,WE,Federal Contract Tower,22,10,15,0,47,0,36,50,0,86,22,46,65,0,133,22,0,22,155
11/12/2010,BLI,WA,ANM,WE,Federal Contract Tower,21,11,18,0,50,0,29,89,0,118,21,40,107,0,168,40,0,40,208
11/13/2010,BLI,WA,ANM,WE,Federal Contract Tower,15,3,9,0,27,0,13,50,1,64,15,16,59,1,91,36,0,36,127
11/14/2010,BLI,WA,ANM,WE,Federal Contract Tower,21,2,17,0,40,0,1,1,0,2,21,3,18,0,42,0,0,0,42
11/15/2010,BLI,WA,ANM,WE,Federal Contract Tower,25,14,11,0,50,0,7,12,0,19,25,21,23,0,69,4,0,4,73
11/16/2010,BLI,WA,ANM,WE,Federal Contract Tower,10,13,20,0,43,0,39,53,1,93,10,52,73,1,136,50,0,50,186
11/17/2010,BLI,WA,ANM,WE,Federal Contract Tower,22,8,6,0,36,0,27,19,0,46,22,35,25,0,82,34,0,34,116
11/18/2010,BLI,WA,ANM,WE,Federal Contract Tower,22,10,13,0,45,0,38,38,2,78,22,48,51,2,123,44,0,44,167
11/19/2010,BLI,WA,ANM,WE,Federal Contract Tower,23,10,3,0,36,0,15,15,0,30,23,25,18,0,66,8,0,8,74
11/20/2010,BLI,WA,ANM,WE,Federal Contract Tower,20,3,6,0,29,0,3,7,0,10,20,6,13,0,39,2,0,2,41
11/21/2010,BLI,WA,ANM,WE,Federal Contract Tower,24,0,3,0,27,0,10,16,4,30,24,10,19,4,57,6,0,6,63
11/22/2010,BLI,WA,ANM,WE,Federal Contract Tower,23,5,8,0,36,0,8,6,0,14,23,13,14,0,50,0,0,0,50
11/23/2010,BLI,WA,ANM,WE,Federal Contract Tower,13,8,5,0,26,0,16,53,1,70,13,24,58,1,96,28,0,28,124
11/24/2010,BLI,WA,ANM,WE,Federal Contract Tower,22,7,7,4,40,0,27,43,0,70,22,34,50,4,110,56,0,56,166
11/25/2010,BLI,WA,ANM,WE,Federal Contract Tower,9,2,0,0,11,0,0,0,0,0,9,2,0,0,11,0,0,0,11
11/26/2010,BLI,WA,ANM,WE,Federal Contract Tower,22,9,16,0,47,0,18,16,4,38,22,27,32,4,85,2,0,2,87
11/27/2010,BLI,WA,ANM,WE,Federal Contract Tower,28,4,8,3,43,0,14,48,5,67,28,18,56,8,110,30,4,34,144
11/28/2010,BLI,WA,ANM,WE,Federal Contract Tower,21,0,6,0,27,0,11,56,0,67,21,11,62,0,94,92,0,92,186
11/29/2010,BLI,WA,ANM,WE,Federal Contract Tower,23,7,8,2,40,0,36,18,4,58,23,43,26,6,98,14,0,14,112
11/30/2010,BLI,WA,ANM,WE,Federal Contract Tower,10,33,12,0,55,0,11,13,1,25,10,44,25,1,80,2,0,2,82
12/01/2010,BLI,WA,ANM,WE,Federal Contract Tower,20,8,14,0,42,2,24,61,1,88,22,32,75,1,130,30,0,30,160
12/02/2010,BLI,WA,ANM,WE,Federal Contract Tower,22,12,24,0,58,0,28,40,1,69,22,40,64,1,127,22,0,22,149
12/03/2010,BLI,WA,ANM,WE,Federal Contract Tower,18,12,6,0,36,0,25,56,0,81,18,37,62,0,117,30,0,30,147
12/04/2010,BLI,WA,ANM,WE,Federal Contract Tower,13,2,12,0,27,0,9,97,2,108,13,11,109,2,135,34,4,38,173
12/05/2010,BLI,WA,ANM,WE,Federal Contract Tower,22,4,8,0,34,0,9,73,2,84,22,13,81,2,118,22,0,22,140
12/06/2010,BLI,WA,ANM,WE,Federal Contract Tower,20,6,15,0,41,0,24,70,0,94,20,30,85,0,135,58,0,58,193
12/07/2010,BLI,WA,ANM,WE,Federal Contract Tower,8,13,7,5,33,0,25,25,1,51,8,38,32,6,84,20,0,20,104
12/08/2010,BLI,WA,ANM,WE,Federal Contract Tower,17,8,13,4,42,0,29,18,0,47,17,37,31,4,89,10,0,10,99
12/09/2010,BLI,WA,ANM,WE,Federal Contract Tower,21,14,3,0,38,0,24,26,0,50,21,38,29,0,88,20,0,20,108
12/10/2010,BLI,WA,ANM,WE,Federal Contract Tower,17,10,12,0,39,0,20,50,0,70,17,30,62,0,109,40,0,40,149
12/11/2010,BLI,WA,ANM,WE,Federal Contract Tower,12,6,7,0,25,0,5,46,6,57,12,11,53,6,82,58,0,58,140
12/12/2010,BLI,WA,ANM,WE,Federal Contract Tower,23,0,11,0,34,0,4,1,0,5,23,4,12,0,39,0,0,0,39
12/13/2010,BLI,WA,ANM,WE,Federal Contract Tower,16,9,9,0,34,0,28,37,0,65,16,37,46,0,99,22,0,22,121
12/14/2010,BLI,WA,ANM,WE,Federal Contract Tower,11,9,8,0,28,0,23,13,2,38,11,32,21,2,66,0,0,0,66
12/15/2010,BLI,WA,ANM,WE,Federal Contract Tower,16,11,21,3,51,0,24,31,2,57,16,35,52,5,108,44,0,44,152
12/16/2010,BLI,WA,ANM,WE,Federal Contract Tower,22,12,25,0,59,0,26,94,2,122,22,38,119,2,181,56,0,56,237
12/17/2010,BLI,WA,ANM,WE,Federal Contract Tower,19,11,5,0,35,0,34,103,0,137,19,45,108,0,172,110,0,110,282
12/18/2010,BLI,WA,ANM,WE,Federal Contract Tower,13,3,1,0,17,0,9,28,0,37,13,12,29,0,54,24,0,24,78
12/19/2010,BLI,WA,ANM,WE,Federal Contract Tower,21,3,12,0,36,0,1,24,15,40,21,4,36,15,76,4,0,4,80
12/20/2010,BLI,WA,ANM,WE,Federal Contract Tower,22,9,2,0,33,0,21,18,1,40,22,30,20,1,73,18,0,18,91
12/21/2010,BLI,WA,ANM,WE,Federal Contract Tower,19,16,6,0,41,0,30,51,0,81,19,46,57,0,122,12,0,12,134
12/22/2010,BLI,WA,ANM,WE,Federal Contract Tower,21,15,22,0,58,0,31,46,2,79,21,46,68,2,137,40,0,40,177
12/23/2010,BLI,WA,ANM,WE,Federal Contract Tower,26,12,4,0,42,0,23,6,0,29,26,35,10,0,71,0,0,0,71
12/24/2010,BLI,WA,ANM,WE,Federal Contract Tower,18,9,0,0,27,0,12,29,0,41,18,21,29,0,68,34,0,34,102
12/25/2010,BLI,WA,ANM,WE,Federal Contract Tower,20,1,1,0,22,0,5,13,0,18,20,6,14,0,40,0,0,0,40
12/26/2010,BLI,WA,ANM,WE,Federal Contract Tower,25,0,0,0,25,0,3,3,0,6,25,3,3,0,31,0,0,0,31
12/27/2010,BLI,WA,ANM,WE,Federal Contract Tower,21,48,14,0,83,0,16,31,0,47,21,64,45,0,130,40,0,40,170
12/28/2010,BLI,WA,ANM,WE,Federal Contract Tower,18,8,12,0,38,0,21,45,1,67,18,29,57,1,105,36,0,36,141
12/29/2010,BLI,WA,ANM,WE,Federal Contract Tower,24,12,12,0,48,0,13,22,1,36,24,25,34,1,84,36,0,36,120
12/30/2010,BLI,WA,ANM,WE,Federal Contract Tower,22,9,21,1,53,0,23,86,5,114,22,32,107,6,167,48,0,48,215
12/31/2010,BLI,WA,ANM,WE,Federal Contract Tower,21,8,9,2,40,0,19,99,3,121,21,27,108,5,161,84,0,84,245
01/01/2011,BLI,WA,ANM,WE,Federal Contract Tower,20,1,11,0,32,0,9,55,2,66,20,10,66,2,98,16,0,16,114
01/02/2011,BLI,WA,ANM,WE,Federal Contract Tower,23,4,9,0,36,0,6,80,0,86,23,10,89,0,122,46,0,46,168
01/03/2011,BLI,WA,ANM,WE,Federal Contract Tower,20,9,12,3,44,0,17,82,0,99,20,26,94,3,143,54,10,64,207
01/04/2011,BLI,WA,ANM,WE,Federal Contract Tower,13,9,11,0,33,0,30,52,0,82,13,39,63,0,115,66,0,66,181
01/05/2011,BLI,WA,ANM,WE,Federal Contract Tower,19,8,8,0,35,0,32,30,0,62,19,40,38,0,97,6,0,6,103
01/06/2011,BLI,WA,ANM,WE,Federal Contract Tower,22,14,8,2,46,0,8,1,0,9,22,22,9,2,55,0,0,0,55
01/07/2011,BLI,WA,ANM,WE,Federal Contract Tower,17,10,8,0,35,0,19,26,2,47,17,29,34,2,82,10,0,10,92
01/08/2011,BLI,WA,ANM,WE,Federal Contract Tower,14,3,2,1,20,0,11,44,2,57,14,14,46,3,77,60,0,60,137
01/09/2011,BLI,WA,ANM,WE,Federal Contract Tower,22,2,2,0,26,0,4,15,0,19,22,6,17,0,45,8,0,8,53
01/10/2011,BLI,WA,ANM,WE,Federal Contract Tower,22,12,10,0,44,0,25,28,0,53,22,37,38,0,97,40,0,40,137
01/11/2011,BLI,WA,ANM,WE,Federal Contract Tower,13,10,15,1,39,0,24,54,5,83,13,34,69,6,122,30,2,32,154
01/12/2011,BLI,WA,ANM,WE,Federal Contract Tower,17,7,19,0,43,0,18,16,1,35,17,25,35,1,78,28,0,28,106
01/13/2011,BLI,WA,ANM,WE,Federal Contract Tower,25,13,7,0,45,0,11,18,2,31,25,24,25,2,76,16,0,16,92
01/14/2011,BLI,WA,ANM,WE,Federal Contract Tower,17,8,14,0,39,0,32,13,2,47,17,40,27,2,86,0,0,0,86
01/15/2011,BLI,WA,ANM,WE,Federal Contract Tower,17,2,6,0,25,0,22,46,2,70,17,24,52,2,95,46,0,46,141
01/16/2011,BLI,WA,ANM,WE,Federal Contract Tower,21,3,2,0,26,0,1,5,0,6,21,4,7,0,32,0,0,0,32
01/17/2011,BLI,WA,ANM,WE,Federal Contract Tower,21,4,14,0,39,0,36,20,2,58,21,40,34,2,97,20,0,20,117
01/18/2011,BLI,WA,ANM,WE,Federal Contract Tower,10,17,13,0,40,0,22,21,0,43,10,39,34,0,83,34,0,34,117
01/19/2011,BLI,WA,ANM,WE,Federal Contract Tower,17,8,33,2,60,0,33,77,2,112,17,41,110,4,172,50,0,50,222
01/20/2011,BLI,WA,ANM,WE,Federal Contract Tower,22,16,10,0,48,0,23,17,0,40,22,39,27,0,88,24,0,24,112
01/21/2011,BLI,WA,ANM,WE,Federal Contract Tower,17,24,4,0,45,0,14,8,0,22,17,38,12,0,67,10,0,10,77
01/22/2011,BLI,WA,ANM,WE,Federal Contract Tower,13,3,15,1,32,0,19,48,2,69,13,22,63,3,101,28,0,28,129
01/23/2011,BLI,WA,ANM,WE,Federal Contract Tower,23,1,22,5,51,0,6,20,0,26,23,7,42,5,77,4,0,4,81
01/24/2011,BLI,WA,ANM,WE,Federal Contract Tower,20,7,3,0,30,0,17,9,0,26,20,24,12,0,56,36,2,38,94
01/25/2011,BLI,WA,ANM,WE,Federal Contract Tower,11,18,23,0,52,0,21,30,0,51,11,39,53,0,103,114,0,114,217
01/26/2011,BLI,WA,ANM,WE,Federal Contract Tower,17,17,23,0,57,0,34,103,4,141,17,51,126,4,198,152,0,152,350
01/27/2011,BLI,WA,ANM,WE,Federal Contract Tower,19,12,15,0,46,0,7,20,0,27,19,19,35,0,73,34,0,34,107
01/28/2011,BLI,WA,ANM,WE,Federal Contract Tower,19,9,17,0,45,0,29,37,2,68,19,38,54,2,113,26,0,26,139
01/29/2011,BLI,WA,ANM,WE,Federal Contract Tower,13,6,25,0,44,0,0,3,0,3,13,6,28,0,47,6,0,6,53
01/30/2011,BLI,WA,ANM,WE,Federal Contract Tower,23,5,6,0,34,0,6,24,0,30,23,11,30,0,64,6,0,6,70
01/31/2011,BLI,WA,ANM,WE,Federal Contract Tower,22,9,14,0,45,0,23,100,0,123,22,32,114,0,168,64,0,64,232
02/01/2011,BLI,WA,ANM,WE,Federal Contract Tower,15,8,15,0,38,0,24,79,1,104,15,32,94,1,142,66,0,66,208
02/02/2011,BLI,WA,ANM,WE,Federal Contract Tower,19,8,4,0,31,0,35,68,5,108,19,43,72,5,139,34,0,34,173
02/03/2011,BLI,WA,ANM,WE,Federal Contract Tower,22,11,5,4,42,0,27,44,0,71,22,38,49,4,113,56,0,56,169
02/04/2011,BLI,WA,ANM,WE,Federal Contract Tower,20,12,8,0,40,0,30,32,0,62,20,42,40,0,102,44,0,44,146
02/05/2011,BLI,WA,ANM,WE,Federal Contract Tower,16,3,8,1,28,0,14,53,18,85,16,17,61,19,113,32,0,32,145
02/06/2011,BLI,WA,ANM,WE,Federal Contract Tower,22,0,5,0,27,0,2,2,0,4,22,2,7,0,31,0,0,0,31
02/07/2011,BLI,WA,ANM,WE,Federal Contract Tower,24,9,17,0,50,0,26,31,1,58,24,35,48,1,108,14,0,14,122
02/08/2011,BLI,WA,ANM,WE,Federal Contract Tower,13,9,21,7,50,0,26,45,4,75,13,35,66,11,125,2,30,32,157
02/09/2011,BLI,WA,ANM,WE,Federal Contract Tower,18,9,7,0,34,0,20,92,5,117,18,29,99,5,151,36,0,36,187
02/10/2011,BLI,WA,ANM,WE,Federal Contract Tower,24,9,13,4,50,0,32,101,0,133,24,41,114,4,183,46,0,46,229
02/11/2011,BLI,WA,ANM,WE,Federal Contract Tower,18,12,18,0,48,0,22,53,2,77,18,34,71,2,125,78,2,80,205
02/12/2011,BLI,WA,ANM,WE,Federal Contract Tower,14,5,3,0,22,0,3,8,0,11,14,8,11,0,33,0,0,0,33
02/13/2011,BLI,WA,ANM,WE,Federal Contract Tower,23,1,13,0,37,0,11,46,0,57,23,12,59,0,94,26,0,26,120
02/14/2011,BLI,WA,ANM,WE,Federal Contract Tower,24,9,7,0,40,0,12,9,0,21,24,21,16,0,61,0,0,0,61
02/15/2011,BLI,WA,ANM,WE,Federal Contract Tower,13,12,5,0,30,0,27,32,0,59,13,39,37,0,89,26,0,26,115
02/16/2011,BLI,WA,ANM,WE,Federal Contract Tower,17,10,7,0,34,0,37,38,0,75,17,47,45,0,109,4,0,4,113
02/17/2011,BLI,WA,ANM,WE,Federal Contract Tower,23,17,6,0,46,0,29,56,2,87,23,46,62,2,133,52,0,52,185
02/18/2011,BLI,WA,ANM,WE,Federal Contract Tower,21,8,14,0,43,0,18,67,0,85,21,26,81,0,128,64,14,78,206
02/19/2011,BLI,WA,ANM,WE,Federal Contract Tower,16,4,8,0,28,0,17,27,1,45,16,21,35,1,73,6,0,6,79
02/20/2011,BLI,WA,ANM,WE,Federal Contract Tower,24,0,10,0,34,0,6,85,0,91,24,6,95,0,125,6,0,6,131
02/21/2011,BLI,WA,ANM,WE,Federal Contract Tower,20,4,5,0,29,0,25,60,0,85,20,29,65,0,114,40,0,40,154
02/22/2011,BLI,WA,ANM,WE,Federal Contract Tower,15,9,12,0,36,0,20,47,0,67,15,29,59,0,103,34,0,34,137
02/23/2011,BLI,WA,ANM,WE,Federal Contract Tower,17,12,2,0,31,0,1,13,0,14,17,13,15,0,45,0,0,0,45
02/24/2011,BLI,WA,ANM,WE,Federal Contract Tower,24,7,11,0,42,0,13,7,0,20,24,20,18,0,62,0,0,0,62
02/25/2011,BLI,WA,ANM,WE,Federal Contract Tower,22,8,3,1,34,0,30,56,3,89,22,38,59,4,123,12,2,14,137
02/26/2011,BLI,WA,ANM,WE,Federal Contract Tower,16,2,16,0,34,0,12,26,1,39,16,14,42,1,73,27,0,27,100
02/27/2011,BLI,WA,ANM,WE,Federal Contract Tower,22,0,6,0,28,0,6,2,0,8,22,6,8,0,36,0,0,0,36
02/28/2011,BLI,WA,ANM,WE,Federal Contract Tower,23,9,1,0,33,0,19,30,0,49,23,28,31,0,82,18,0,18,100
03/01/2011,BLI,WA,ANM,WE,Federal Contract Tower,15,10,15,8,48,0,19,34,0,53,15,29,49,8,101,48,0,48,149
03/02/2011,BLI,WA,ANM,WE,Federal Contract Tower,21,10,2,0,33,0,26,7,0,33,21,36,9,0,66,0,0,0,66
03/03/2011,BLI,WA,ANM,WE,Federal Contract Tower,23,14,5,8,50,0,18,31,0,49,23,32,36,8,99,30,0,30,129
03/04/2011,BLI,WA,ANM,WE,Federal Contract Tower,22,9,13,2,46,0,16,42,0,58,22,25,55,2,104,32,0,32,136
03/05/2011,BLI,WA,ANM,WE,Federal Contract Tower,22,3,10,0,35,0,1,64,2,67,22,4,74,2,102,52,0,52,154
03/06/2011,BLI,WA,ANM,WE,Federal Contract Tower,24,1,10,3,38,0,6,63,1,70,24,7,73,4,108,32,0,32,140
03/07/2011,BLI,WA,ANM,WE,Federal Contract Tower,23,5,14,0,42,0,23,68,0,91,23,28,82,0,133,58,0,58,191
03/08/2011,BLI,WA,ANM,WE,Federal Contract Tower,14,9,15,6,44,0,28,23,0,51,14,37,38,6,95,34,0,34,129
03/09/2011,BLI,WA,ANM,WE,Federal Contract Tower,18,11,8,2,39,0,16,31,1,48,18,27,39,3,87,14,10,24,111
03/10/2011,BLI,WA,ANM,WE,Federal Contract Tower,28,10,6,0,44,0,20,2,0,22,28,30,8,0,66,0,0,0,66
03/11/2011,BLI,WA,ANM,WE,Federal Contract Tower,22,11,4,0,37,0,29,38,0,67,22,40,42,0,104,20,0,20,124
03/12/2011,BLI,WA,ANM,WE,Federal Contract Tower,20,2,5,0,27,0,7,27,0,34,20,9,32,0,61,32,0,32,93
03/13/2011,BLI,WA,ANM,WE,Federal Contract Tower,26,1,5,0,32,0,6,11,0,17,26,7,16,0,49,0,0,0,49
03/14/2011,BLI,WA,ANM,WE,Federal Contract Tower,24,9,7,0,40,0,18,27,0,45,24,27,34,0,85,28,0,28,113
03/15/2011,BLI,WA,ANM,WE,Federal Contract Tower,18,11,5,0,34,0,27,21,0,48,18,38,26,0,82,0,0,0,82
03/16/2011,BLI,WA,ANM,WE,Federal Contract Tower,21,11,17,0,49,0,23,87,3,113,21,34,104,3,162,96,4,100,262
03/17/2011,BLI,WA,ANM,WE,Federal Contract Tower,25,14,16,2,57,0,21,76,2,99,25,35,92,4,156,62,0,62,218
03/18/2011,BLI,WA,ANM,WE,Federal Contract Tower,26,14,24,0,64,0,27,74,0,101,26,41,98,0,165,72,0,72,237
03/19/2011,BLI,WA,ANM,WE,Federal Contract Tower,19,5,13,0,37,0,8,91,7,106,19,13,104,7,143,102,0,102,245
03/20/2011,BLI,WA,ANM,WE,Federal Contract Tower,28,0,4,0,32,0,6,70,2,78,28,6,74,2,110,14,0,14,124
03/21/2011,BLI,WA,ANM,WE,Federal Contract Tower,28,10,10,0,48,0,29,29,2,60,28,39,39,2,108,48,0,48,156
03/22/2011,BLI,WA,ANM,WE,Federal Contract Tower,27,6,13,4,50,0,25,60,2,87,27,31,73,6,137,26,0,26,163
03/23/2011,BLI,WA,ANM,WE,Federal Contract Tower,27,9,18,0,54,0,28,131,7,166,27,37,149,7,220,114,0,114,334
03/24/2011,BLI,WA,ANM,WE,Federal Contract Tower,27,12,10,2,51,1,18,72,0,91,28,30,82,2,142,68,0,68,210
03/25/2011,BLI,WA,ANM,WE,Federal Contract Tower,29,5,16,1,51,0,24,54,0,78,29,29,70,1,129,52,0,52,181
03/26/2011,BLI,WA,ANM,WE,Federal Contract Tower,17,3,16,1,37,0,15,74,9,98,17,18,90,10,135,94,8,102,237
03/27/2011,BLI,WA,ANM,WE,Federal Contract Tower,26,0,5,1,32,0,15,38,0,53,26,15,43,1,85,18,0,18,103
03/28/2011,BLI,WA,ANM,WE,Federal Contract Tower,27,9,9,0,45,0,24,43,0,67,27,33,52,0,112,0,0,0,112
03/29/2011,BLI,WA,ANM,WE,Federal Contract Tower,19,9,13,6,47,0,48,27,2,77,19,57,40,8,124,18,0,18,142
03/30/2011,BLI,WA,ANM,WE,Federal Contract Tower,26,10,10,0,46,0,31,25,4,60,26,41,35,4,106,6,0,6,112
03/31/2011,BLI,WA,ANM,WE,Federal Contract Tower,28,10,5,0,43,0,29,47,0,76,28,39,52,0,119,64,0,64,183
04/01/2011,BLI,WA,ANM,WE,Federal Contract Tower,26,7,14,0,47,0,25,5,0,30,26,32,19,0,77,12,0,12,89
04/02/2011,BLI,WA,ANM,WE,Federal Contract Tower,20,2,17,0,39,0,3,43,0,46,20,5,60,0,85,54,0,54,139
04/03/2011,BLI,WA,ANM,WE,Federal Contract Tower,29,0,12,0,41,0,8,55,0,63,29,8,67,0,104,12,0,12,116
04/04/2011,BLI,WA,ANM,WE,Federal Contract Tower,24,7,9,0,40,0,23,7,0,30,24,30,16,0,70,8,0,8,78
04/05/2011,BLI,WA,ANM,WE,Federal Contract Tower,19,6,15,0,40,0,28,39,0,67,19,34,54,0,107,20,0,20,127
04/06/2011,BLI,WA,ANM,WE,Federal Contract Tower,19,4,18,10,51,0,38,46,1,85,19,42,64,11,136,58,0,58,194
04/07/2011,BLI,WA,ANM,WE,Federal Contract Tower,25,7,21,0,53,0,28,60,0,88,25,35,81,0,141,32,0,32,173
04/08/2011,BLI,WA,ANM,WE,Federal Contract Tower,29,6,33,0,68,0,37,118,6,161,29,43,151,6,229,116,0,116,345
04/09/2011,BLI,WA,ANM,WE,Federal Contract Tower,16,2,14,0,32,0,22,60,1,83,16,24,74,1,115,26,0,26,141
04/10/2011,BLI,WA,ANM,WE,Federal Contract Tower,27,4,4,1,36,0,19,9,3,31,27,23,13,4,67,0,0,0,67
04/11/2011,BLI,WA,ANM,WE,Federal Contract Tower,29,7,21,2,59,0,23,46,0,69,29,30,67,2,128,40,0,40,168
04/12/2011,BLI,WA,ANM,WE,Federal Contract Tower,17,6,38,0,61,0,35,104,2,141,17,41,142,2,202,92,0,92,294
04/13/2011,BLI,WA,ANM,WE,Federal Contract Tower,21,12,31,3,67,0,39,50,8,97,21,51,81,11,164,58,18,76,240
04/14/2011,BLI,WA,ANM,WE,Federal Contract Tower,25,12,6,0,43,0,26,21,0,47,25,38,27,0,90,44,0,44,134
04/15/2011,BLI,WA,ANM,WE,Federal Contract Tower,27,6,21,1,55,0,26,67,2,95,27,32,88,3,150,84,0,84,234
04/16/2011,BLI,WA,ANM,WE,Federal Contract Tower,18,4,6,1,29,0,6,71,3,80,18,10,77,4,109,114,0,114,223
04/17/2011,BLI,WA,ANM,WE,Federal Contract Tower,24,0,4,2,30,0,7,70,2,79,24,7,74,4,109,56,0,56,165
04/18/2011,BLI,WA,ANM,WE,Federal Contract Tower,26,9,13,6,54,0,25,37,2,64,26,34,50,8,118,60,10,70,188
04/19/2011,BLI,WA,ANM,WE,Federal Contract Tower,15,13,6,1,35,0,35,45,4,84,15,48,51,5,119,48,0,48,167
04/20/2011,BLI,WA,ANM,WE,Federal Contract Tower,22,5,13,0,40,0,30,72,0,102,22,35,85,0,142,88,0,88,230
04/21/2011,BLI,WA,ANM,WE,Federal Contract Tower,25,7,18,1,51,0,34,54,3,91,25,41,72,4,142,78,0,78,220
04/22/2011,BLI,WA,ANM,WE,Federal Contract Tower,27,5,16,0,48,0,38,129,0,167,27,43,145,0,215,178,0,178,393
04/23/2011,BLI,WA,ANM,WE,Federal Contract Tower,20,3,14,0,37,0,26,137,2,165,20,29,151,2,202,94,0,94,296
04/24/2011,BLI,WA,ANM,WE,Federal Contract Tower,25,1,18,0,44,0,8,36,0,44,25,9,54,0,88,6,0,6,94
04/25/2011,BLI,WA,ANM,WE,Federal Contract Tower,27,11,31,1,70,0,27,35,0,62,27,38,66,1,132,42,0,42,174
04/26/2011,BLI,WA,ANM,WE,Federal Contract Tower,15,11,18,1,45,0,29,58,1,88,15,40,76,2,133,52,0,52,185
04/27/2011,BLI,WA,ANM,WE,Federal Contract Tower,17,8,14,1,40,0,31,39,0,70,17,39,53,1,110,12,20,32,142
04/28/2011,BLI,WA,ANM,WE,Federal Contract Tower,28,6,20,0,54,0,24,53,0,77,28,30,73,0,131,84,0,84,215
04/29/2011,BLI,WA,ANM,WE,Federal Contract Tower,24,5,22,2,53,0,35,71,0,106,24,40,93,2,159,132,0,132,291
04/30/2011,BLI,WA,ANM,WE,Federal Contract Tower,18,2,13,1,34,0,13,78,2,93,18,15,91,3,127,76,0,76,203
05/01/2011,BLI,WA,ANM,WE,Federal Contract Tower,26,0,15,1,42,0,25,119,2,146,26,25,134,3,188,38,0,38,226
05/02/2011,BLI,WA,ANM,WE,Federal Contract Tower,25,6,20,2,53,0,20,25,0,45,25,26,45,2,98,26,0,26,124
05/03/2011,BLI,WA,ANM,WE,Federal Contract Tower,15,7,27,10,59,0,24,78,0,102,15,31,105,10,161,76,0,76,237
05/04/2011,BLI,WA,ANM,WE,Federal Contract Tower,25,8,10,9,52,0,28,119,1,148,25,36,129,10,200,86,46,132,332
05/05/2011,BLI,WA,ANM,WE,Federal Contract Tower,24,11,13,0,48,0,18,40,0,58,24,29,53,0,106,16,0,16,122
05/06/2011,BLI,WA,ANM,WE,Federal Contract Tower,24,8,16,0,48,0,27,23,0,50,24,35,39,0,98,86,0,86,184
05/07/2011,BLI,WA,ANM,WE,Federal Contract Tower,19,4,11,0,34,0,11,30,1,42,19,15,41,1,76,52,0,52,128
05/08/2011,BLI,WA,ANM,WE,Federal Contract Tower,23,0,11,0,34,2,16,55,0,73,25,16,66,0,107,92,0,92,199
05/09/2011,BLI,WA,ANM,WE,Federal Contract Tower,24,9,19,3,55,0,41,80,5,126,24,50,99,8,181,150,2,152,333
05/10/2011,BLI,WA,ANM,WE,Federal Contract Tower,15,6,11,0,32,0,43,87,2,132,15,49,98,2,164,98,0,98,262
05/11/2011,BLI,WA,ANM,WE,Federal Contract Tower,19,19,14,0,52,0,23,28,3,54,19,42,42,3,106,36,0,36,142
05/12/2011,BLI,WA,ANM,WE,Federal Contract Tower,26,10,15,0,51,0,36,84,0,120,26,46,99,0,171,60,0,60,231
05/13/2011,BLI,WA,ANM,WE,Federal Contract Tower,23,23,4,0,50,0,33,96,5,134,23,56,100,5,184,30,0,30,214
05/14/2011,BLI,WA,ANM,WE,Federal Contract Tower,18,2,10,1,31,0,18,59,1,78,18,20,69,2,109,162,0,162,271
05/15/2011,BLI,WA,ANM,WE,Federal Contract Tower,22,3,12,0,37,0,0,3,0,3,22,3,15,0,40,0,0,0,40
05/16/2011,BLI,WA,ANM,WE,Federal Contract Tower,25,4,13,0,42,0,36,43,3,82,25,40,56,3,124,42,0,42,166
05/17/2011,BLI,WA,ANM,WE,Federal Contract Tower,15,4,36,1,56,0,44,100,2,146,15,48,136,3,202,46,2,48,250
05/18/2011,BLI,WA,ANM,WE,Federal Contract Tower,22,7,26,2,57,0,45,119,12,176,22,52,145,14,233,54,0,54,287
05/19/2011,BLI,WA,ANM,WE,Federal Contract Tower,25,9,18,4,56,0,32,128,4,164,25,41,146,8,220,102,0,102,322
05/20/2011,BLI,WA,ANM,WE,Federal Contract Tower,20,4,25,0,49,0,33,132,1,166,20,37,157,1,215,92,0,92,307
05/21/2011,BLI,WA,ANM,WE,Federal Contract Tower,21,2,5,0,28,0,14,63,2,79,21,16,68,2,107,88,0,88,195
05/22/2011,BLI,WA,ANM,WE,Federal Contract Tower,27,4,12,0,43,0,15,65,6,86,27,19,77,6,129,46,0,46,175
05/23/2011,BLI,WA,ANM,WE,Federal Contract Tower,24,7,23,0,54,0,25,55,0,80,24,32,78,0,134,74,0,74,208
05/24/2011,BLI,WA,ANM,WE,Federal Contract Tower,15,7,26,5,53,0,30,63,0,93,15,37,89,5,146,53,22,75,221
05/25/2011,BLI,WA,ANM,WE,Federal Contract Tower,22,9,22,0,53,0,24,42,0,66,22,33,64,0,119,18,0,18,137
05/26/2011,BLI,WA,ANM,WE,Federal Contract Tower,23,6,25,2,56,0,29,77,1,107,23,35,102,3,163,40,0,40,203
05/27/2011,BLI,WA,ANM,WE,Federal Contract Tower,21,4,21,2,48,0,32,61,4,97,21,36,82,6,145,86,0,86,231
05/28/2011,BLI,WA,ANM,WE,Federal Contract Tower,24,2,17,1,44,0,20,84,2,106,24,22,101,3,150,118,0,118,268
05/29/2011,BLI,WA,ANM,WE,Federal Contract Tower,28,0,20,0,48,0,24,81,1,106,28,24,101,1,154,72,0,72,226
05/30/2011,BLI,WA,ANM,WE,Federal Contract Tower,22,3,22,0,47,0,29,71,0,100,22,32,93,0,147,52,0,52,199
05/31/2011,BLI,WA,ANM,WE,Federal Contract Tower,15,7,25,0,47,0,39,69,0,108,15,46,94,0,155,90,0,90,245
06/01/2011,BLI,WA,ANM,WE,Federal Contract Tower,20,10,15,0,45,0,32,81,1,114,20,42,96,1,159,80,0,80,239
06/02/2011,BLI,WA,ANM,WE,Federal Contract Tower,25,12,26,0,63,0,32,72,0,104,25,44,98,0,167,120,0,120,287
06/03/2011,BLI,WA,ANM,WE,Federal Contract Tower,23,6,28,0,57,0,37,127,0,164,23,43,155,0,221,226,0,226,447
06/04/2011,BLI,WA,ANM,WE,Federal Contract Tower,19,2,7,0,28,0,16,133,2,151,19,18,140,2,179,130,0,130,309
06/05/2011,BLI,WA,ANM,WE,Federal Contract Tower,27,1,23,1,52,0,20,148,1,169,27,21,171,2,221,182,0,182,403
06/06/2011,BLI,WA,ANM,WE,Federal Contract Tower,23,5,27,0,55,0,36,72,2,110,23,41,99,2,165,54,0,54,219
06/07/2011,BLI,WA,ANM,WE,Federal Contract Tower,15,7,22,7,51,0,45,43,2,90,15,52,65,9,141,18,30,48,189
06/08/2011,BLI,WA,ANM,WE,Federal Contract Tower,25,7,29,0,61,0,36,103,0,139,25,43,132,0,200,58,0,58,258
06/09/2011,BLI,WA,ANM,WE,Federal Contract Tower,28,6,31,1,66,0,46,92,4,142,28,52,123,5,208,104,8,112,320
06/10/2011,BLI,WA,ANM,WE,Federal Contract Tower,22,6,24,0,52,0,39,75,0,114,22,45,99,0,166,64,0,64,230
06/11/2011,BLI,WA,ANM,WE,Federal Contract Tower,23,2,20,0,45,0,16,114,5,135,23,18,134,5,180,45,0,45,225
06/12/2011,BLI,WA,ANM,WE,Federal Contract Tower,29,4,18,0,51,0,12,95,7,114,29,16,113,7,165,50,0,50,215
06/13/2011,BLI,WA,ANM,WE,Federal Contract Tower,23,4,20,4,51,0,40,48,0,88,23,44,68,4,139,26,0,26,165
06/14/2011,BLI,WA,ANM,WE,Federal Contract Tower,15,9,25,0,49,0,28,100,1,129,15,37,125,1,178,82,0,82,260
06/15/2011,BLI,WA,ANM,WE,Federal Contract Tower,28,14,18,4,64,0,28,89,0,117,28,42,107,4,181,152,0,152,333
06/16/2011,BLI,WA,ANM,WE,Federal Contract Tower,25,13,23,2,63,0,34,98,0,132,25,47,121,2,195,106,14,120,315
06/17/2011,BLI,WA,ANM,WE,Federal Contract Tower,22,5,23,0,50,0,33,111,0,144,22,38,134,0,194,112,0,112,306
06/18/2011,BLI,WA,ANM,WE,Federal Contract Tower,26,6,22,0,54,0,14,31,1,46,26,20,53,1,100,90,0,90,190
06/19/2011,BLI,WA,ANM,WE,Federal Contract Tower,28,1,9,0,38,0,21,79,0,100,28,22,88,0,138,10,0,10,148
06/20/2011,BLI,WA,ANM,WE,Federal Contract Tower,22,6,48,0,76,0,34,78,0,112,22,40,126,0,188,68,0,68,256
06/21/2011,BLI,WA,ANM,WE,Federal Contract Tower,17,7,25,2,51,0,28,93,4,125,17,35,118,6,176,86,0,86,262
06/22/2011,BLI,WA,ANM,WE,Federal Contract Tower,26,6,35,4,71,0,36,107,0,143,26,42,142,4,214,40,0,40,254
06/23/2011,BLI,WA,ANM,WE,Federal Contract Tower,27,6,20,0,53,0,35,95,4,134,27,41,115,4,187,40,0,40,227
06/24/2011,BLI,WA,ANM,WE,Federal Contract Tower,26,5,26,0,57,1,45,89,0,135,27,50,115,0,192,126,0,126,318
06/25/2011,BLI,WA,ANM,WE,Federal Contract Tower,23,2,15,0,40,0,14,109,3,126,23,16,124,3,166,80,0,80,246
06/26/2011,BLI,WA,ANM,WE,Federal Contract Tower,26,0,17,0,43,0,32,101,0,133,26,32,118,0,176,92,0,92,268
06/27/2011,BLI,WA,ANM,WE,Federal Contract Tower,25,4,27,0,56,0,26,71,1,98,25,30,98,1,154,88,0,88,242
06/28/2011,BLI,WA,ANM,WE,Federal Contract Tower,17,8,13,0,38,0,39,93,2,134,17,47,106,2,172,102,14,116,288
06/29/2011,BLI,WA,ANM,WE,Federal Contract Tower,26,14,26,0,66,0,28,41,3,72,26,42,67,3,138,22,0,22,160
06/30/2011,BLI,WA,ANM,WE,Federal Contract Tower,28,7,23,2,60,0,39,84,3,126,28,46,107,5,186,96,0,96,282
07/01/2011,BLI,WA,ANM,WE,Federal Contract Tower,26,9,15,0,50,0,56,137,0,193,26,65,152,0,243,132,0,132,375
07/02/2011,BLI,WA,ANM,WE,Federal Contract Tower,27,5,9,0,41,0,27,113,4,144,27,32,122,4,185,76,0,76,261
07/03/2011,BLI,WA,ANM,WE,Federal Contract Tower,26,0,8,0,34,0,28,86,3,117,26,28,94,3,151,42,0,42,193
07/04/2011,BLI,WA,ANM,WE,Federal Contract Tower,23,0,3,0,26,0,39,93,6,138,23,39,96,6,164,26,12,38,202
07/05/2011,BLI,WA,ANM,WE,Federal Contract Tower,19,7,14,0,40,0,50,117,2,169,19,57,131,2,209,68,0,68,277
07/06/2011,BLI,WA,ANM,WE,Federal Contract Tower,26,8,25,1,60,0,31,145,2,178,26,39,170,3,238,56,14,70,308
07/07/2011,BLI,WA,ANM,WE,Federal Contract Tower,28,7,13,0,48,0,41,79,0,120,28,48,92,0,168,48,0,48,216
07/08/2011,BLI,WA,ANM,WE,Federal Contract Tower,25,11,28,0,64,0,31,105,0,136,25,42,133,0,200,120,0,120,320
07/09/2011,BLI,WA,ANM,WE,Federal Contract Tower,24,4,7,0,35,0,6,126,2,134,24,10,133,2,169,52,0,52,221
07/10/2011,BLI,WA,ANM,WE,Federal Contract Tower,27,4,13,0,44,0,27,84,0,111,27,31,97,0,155,30,0,30,185
07/11/2011,BLI,WA,ANM,WE,Federal Contract Tower,26,6,18,0,50,0,39,78,2,119,26,45,96,2,169,68,0,68,237
07/12/2011,BLI,WA,ANM,WE,Federal Contract Tower,19,6,25,0,50,0,40,101,2,143,19,46,126,2,193,142,0,142,335
07/13/2011,BLI,WA,ANM,WE,Federal Contract Tower,25,8,22,2,57,0,41,58,2,101,25,49,80,4,158,192,22,214,372
07/14/2011,BLI,WA,ANM,WE,Federal Contract Tower,27,8,16,0,51,0,32,35,0,67,27,40,51,0,118,78,0,78,196
07/15/2011,BLI,WA,ANM,WE,Federal Contract Tower,43,9,34,0,86,0,50,101,3,154,43,59,135,3,240,76,0,76,316
07/16/2011,BLI,WA,ANM,WE,Federal Contract Tower,27,7,23,0,57,0,17,59,0,76,27,24,82,0,133,86,0,86,219
07/17/2011,BLI,WA,ANM,WE,Federal Contract Tower,27,12,42,2,83,0,7,16,0,23,27,19,58,2,106,0,0,0,106
07/18/2011,BLI,WA,ANM,WE,Federal Contract Tower,25,7,19,3,54,0,29,102,2,133,25,36,121,5,187,94,18,112,299
07/19/2011,BLI,WA,ANM,WE,Federal Contract Tower,19,6,23,7,55,0,42,69,2,113,19,48,92,9,168,26,0,26,194
07/20/2011,BLI,WA,ANM,WE,Federal Contract Tower,25,12,27,0,64,0,33,80,0,113,25,45,107,0,177,128,0,128,305
07/21/2011,BLI,WA,ANM,WE,Federal Contract Tower,27,7,25,2,61,0,31,70,0,101,27,38,95,2,162,122,0,122,284
07/22/2011,BLI,WA,ANM,WE,Federal Contract Tower,48,4,22,9,83,0,37,147,3,187,48,41,169,12,270,76,0,76,346
07/23/2011,BLI,WA,ANM,WE,Federal Contract Tower,27,3,13,1,44,0,45,149,6,200,27,48,162,7,244,150,14,164,408
07/24/2011,BLI,WA,ANM,WE,Federal Contract Tower,27,1,9,1,38,0,19,96,0,115,27,20,105,1,153,52,0,52,205
07/25/2011,BLI,WA,ANM,WE,Federal Contract Tower,28,6,19,12,65,0,27,43,1,71,28,33,62,13,136,16,10,26,162
07/26/2011,BLI,WA,ANM,WE,Federal Contract Tower,19,15,23,4,61,0,50,111,1,162,19,65,134,5,223,142,0,142,365
07/27/2011,BLI,WA,ANM,WE,Federal Contract Tower,31,10,18,0,59,0,43,121,0,164,31,53,139,0,223,112,0,112,335
07/28/2011,BLI,WA,ANM,WE,Federal Contract Tower,29,6,19,8,62,0,45,109,3,157,29,51,128,11,219,44,3,47,266
07/29/2011,BLI,WA,ANM,WE,Federal Contract Tower,26,9,20,0,55,0,45,113,0,158,26,54,133,0,213,68,0,68,281
07/30/2011,BLI,WA,ANM,WE,Federal Contract Tower,29,5,20,0,54,0,24,105,2,131,29,29,125,2,185,52,0,52,237
07/31/2011,BLI,WA,ANM,WE,Federal Contract Tower,32,5,18,0,55,0,32,54,0,86,32,37,72,0,141,0,0,0,141
08/01/2011,BLI,WA,ANM,WE,Federal Contract Tower,26,9,15,2,52,0,38,133,6,177,26,47,148,8,229,66,0,66,295
08/02/2011,BLI,WA,ANM,WE,Federal Contract Tower,19,8,27,2,56,0,39,95,4,138,19,47,122,6,194,80,12,92,286
08/03/2011,BLI,WA,ANM,WE,Federal Contract Tower,30,11,26,5,72,0,41,126,0,167,30,52,152,5,239,110,0,110,349
08/04/2011,BLI,WA,ANM,WE,Federal Contract Tower,30,10,30,4,74,0,49,116,1,166,30,59,146,5,240,106,0,106,346
08/05/2011,BLI,WA,ANM,WE,Federal Contract Tower,26,11,30,2,69,0,41,91,0,132,26,52,121,2,201,62,0,62,263
08/06/2011,BLI,WA,ANM,WE,Federal Contract Tower,27,4,39,0,70,0,29,109,5,143,27,33,148,5,213,94,0,94,307
08/07/2011,BLI,WA,ANM,WE,Federal Contract Tower,30,4,26,0,60,0,16,73,0,89,30,20,99,0,149,38,0,38,187
08/08/2011,BLI,WA,ANM,WE,Federal Contract Tower,26,6,24,2,58,0,36,62,2,100,26,42,86,4,158,38,0,38,196
08/09/2011,BLI,WA,ANM,WE,Federal Contract Tower,19,7,23,0,49,0,27,84,2,113,19,34,107,2,162,136,0,136,298
08/10/2011,BLI,WA,ANM,WE,Federal Contract Tower,24,8,27,0,59,0,46,92,0,138,24,54,119,0,197,120,0,120,317
08/11/2011,BLI,WA,ANM,WE,Federal Contract Tower,28,9,23,0,60,0,38,80,0,118,28,47,103,0,178,138,0,138,316
08/12/2011,BLI,WA,ANM,WE,Federal Contract Tower,30,7,22,4,63,0,34,84,0,118,30,41,106,4,181,106,0,106,287
08/13/2011,BLI,WA,ANM,WE,Federal Contract Tower,23,3,17,0,43,0,18,107,4,129,23,21,124,4,172,92,4,96,268
08/14/2011,BLI,WA,ANM,WE,Federal Contract Tower,30,0,20,0,50,0,21,100,0,121,30,21,120,0,171,40,0,40,211
08/15/2011,BLI,WA,ANM,WE,Federal Contract Tower,25,4,21,1,51,0,35,79,3,117,25,39,100,4,168,38,0,38,206
08/16/2011,BLI,WA,ANM,WE,Federal Contract Tower,17,6,16,2,41,0,53,137,2,192,17,59,153,4,233,66,0,66,299
08/17/2011,BLI,WA,ANM,WE,Federal Contract Tower,24,8,28,0,60,0,49,134,0,183,24,57,162,0,243,176,0,176,419
08/18/2011,BLI,WA,ANM,WE,Federal Contract Tower,27,12,29,0,68,0,39,93,2,134,27,51,122,2,202,72,0,72,274
08/19/2011,BLI,WA,ANM,WE,Federal Contract Tower,24,8,24,3,59,0,32,61,2,95,24,40,85,5,154,108,0,108,262
08/20/2011,BLI,WA,ANM,WE,Federal Contract Tower,24,6,20,0,50,0,19,91,8,118,24,25,111,8,168,82,0,82,250
08/21/2011,BLI,WA,ANM,WE,Federal Contract Tower,30,0,24,0,54,0,34,90,2,126,30,34,114,2,180,4,0,4,184
08/22/2011,BLI,WA,ANM,WE,Federal Contract Tower,26,5,20,0,51,0,40,40,1,81,26,45,60,1,132,22,0,22,154
08/23/2011,BLI,WA,ANM,WE,Federal Contract Tower,15,8,38,0,61,0,52,120,1,173,15,60,158,1,234,148,0,148,382
08/24/2011,BLI,WA,ANM,WE,Federal Contract Tower,23,3,15,0,41,0,27,137,3,167,23,30,152,3,208,180,0,180,388
08/25/2011,BLI,WA,ANM,WE,Federal Contract Tower,28,18,31,6,83,0,28,70,1,99,28,46,101,7,182,58,0,58,240
08/26/2011,BLI,WA,ANM,WE,Federal Contract Tower,24,4,17,0,45,0,36,117,0,153,24,40,134,0,198,80,0,80,278
08/27/2011,BLI,WA,ANM,WE,Federal Contract Tower,21,7,15,2,45,0,25,119,0,144,21,32,134,2,189,72,0,72,261
08/28/2011,BLI,WA,ANM,WE,Federal Contract Tower,29,1,20,0,50,0,20,98,1,119,29,21,118,1,169,34,0,34,203
08/29/2011,BLI,WA,ANM,WE,Federal Contract Tower,25,10,21,1,57,0,36,67,1,104,25,46,88,2,161,84,0,84,245
08/30/2011,BLI,WA,ANM,WE,Federal Contract Tower,16,12,24,0,52,0,35,57,2,94,16,47,81,2,146,64,0,64,210
08/31/2011,BLI,WA,ANM,WE,Federal Contract Tower,22,12,21,2,57,0,39,54,0,93,22,51,75,2,150,46,0,46,196
09/01/2011,BLI,WA,ANM,WE,Federal Contract Tower,29,8,21,2,60,0,44,99,0,143,29,52,120,2,203,98,0,98,301
09/02/2011,BLI,WA,ANM,WE,Federal Contract Tower,27,5,21,0,53,0,41,127,0,168,27,46,148,0,221,50,0,50,271
09/03/2011,BLI,WA,ANM,WE,Federal Contract Tower,20,3,8,0,31,0,18,127,2,147,20,21,135,2,178,62,0,62,240
09/04/2011,BLI,WA,ANM,WE,Federal Contract Tower,31,0,6,0,37,0,22,112,3,137,31,22,118,3,174,42,8,50,224
09/05/2011,BLI,WA,ANM,WE,Federal Contract Tower,24,1,7,1,33,0,37,134,0,171,24,38,141,1,204,54,0,54,258
09/06/2011,BLI,WA,ANM,WE,Federal Contract Tower,15,5,17,0,37,0,29,89,1,119,15,34,106,1,156,16,0,16,172
09/07/2011,BLI,WA,ANM,WE,Federal Contract Tower,24,7,18,2,51,0,32,91,3,126,24,39,109,5,177,74,0,74,251
09/08/2011,BLI,WA,ANM,WE,Federal Contract Tower,23,9,10,0,42,0,33,94,2,129,23,42,104,2,171,94,0,94,265
09/09/2011,BLI,WA,ANM,WE,Federal Contract Tower,25,7,26,0,58,0,26,138,2,166,25,33,164,2,224,40,0,40,264
09/10/2011,BLI,WA,ANM,WE,Federal Contract Tower,23,3,8,0,34,0,19,108,0,127,23,22,116,0,161,76,0,76,237
09/11/2011,BLI,WA,ANM,WE,Federal Contract Tower,29,0,11,0,40,0,31,89,1,121,29,31,100,1,161,74,0,74,235
09/12/2011,BLI,WA,ANM,WE,Federal Contract Tower,25,12,15,0,52,0,20,46,12,78,25,32,61,12,130,34,0,34,164
09/13/2011,BLI,WA,ANM,WE,Federal Contract Tower,16,9,11,0,36,0,33,82,3,118,16,42,93,3,154,116,12,128,282
09/14/2011,BLI,WA,ANM,WE,Federal Contract Tower,22,9,7,0,38,0,29,79,2,110,22,38,86,2,148,61,4,65,213
09/15/2011,BLI,WA,ANM,WE,Federal Contract Tower,29,8,23,1,61,0,31,65,2,98,29,39,88,3,159,36,0,36,195
09/16/2011,BLI,WA,ANM,WE,Federal Contract Tower,29,7,15,0,51,0,29,95,0,124,29,36,110,0,175,48,0,48,223
09/17/2011,BLI,WA,ANM,WE,Federal Contract Tower,19,2,21,0,42,0,9,58,0,67,19,11,79,0,109,64,0,64,173
09/18/2011,BLI,WA,ANM,WE,Federal Contract Tower,28,3,8,0,39,0,16,43,0,59,28,19,51,0,98,14,0,14,112
09/19/2011,BLI,WA,ANM,WE,Federal Contract Tower,27,5,1,4,37,0,21,78,1,100,27,26,79,5,137,40,0,40,177
09/20/2011,BLI,WA,ANM,WE,Federal Contract Tower,16,6,26,2,50,0,29,118,2,149,16,35,144,4,199,108,0,108,307
09/21/2011,BLI,WA,ANM,WE,Federal Contract Tower,19,10,13,0,42,0,25,80,0,105,19,35,93,0,147,138,0,138,285
09/22/2011,BLI,WA,ANM,WE,Federal Contract Tower,31,15,10,0,56,0,24,45,1,70,31,39,55,1,126,20,0,20,146
09/23/2011,BLI,WA,ANM,WE,Federal Contract Tower,24,5,19,0,48,0,22,84,0,106,24,27,103,0,154,22,0,22,176
09/24/2011,BLI,WA,ANM,WE,Federal Contract Tower,19,2,12,1,34,0,12,126,2,140,19,14,138,3,174,156,0,156,330
09/25/2011,BLI,WA,ANM,WE,Federal Contract Tower,31,1,4,0,36,0,12,11,0,23,31,13,15,0,59,0,0,0,59
09/26/2011,BLI,WA,ANM,WE,Federal Contract Tower,24,12,11,0,47,0,18,7,0,25,24,30,18,0,72,0,0,0,72
09/27/2011,BLI,WA,ANM,WE,Federal Contract Tower,15,7,5,1,28,0,30,78,2,110,15,37,83,3,138,42,0,42,180
09/28/2011,BLI,WA,ANM,WE,Federal Contract Tower,19,8,16,0,43,0,31,109,4,144,19,39,125,4,187,87,0,87,274
09/29/2011,BLI,WA,ANM,WE,Federal Contract Tower,27,8,22,0,57,0,23,93,2,118,27,31,115,2,175,60,0,60,235
09/30/2011,BLI,WA,ANM,WE,Federal Contract Tower,26,6,5,0,37,0,29,72,0,101,26,35,77,0,138,58,0,58,196
10/01/2011,BLI,WA,ANM,WE,Federal Contract Tower,21,5,4,0,30,0,16,46,0,62,21,21,50,0,92,18,0,18,110
10/02/2011,BLI,WA,ANM,WE,Federal Contract Tower,29,2,14,0,45,0,21,69,0,90,29,23,83,0,135,75,0,75,210
10/03/2011,BLI,WA,ANM,WE,Federal Contract Tower,24,4,7,0,35,0,26,28,0,54,24,30,35,0,89,6,0,6,95
10/04/2011,BLI,WA,ANM,WE,Federal Contract Tower,16,7,12,10,45,0,28,29,1,58,16,35,41,11,103,30,0,30,133
10/05/2011,BLI,WA,ANM,WE,Federal Contract Tower,25,12,9,0,46,0,30,44,0,74,25,42,53,0,120,26,0,26,146
10/06/2011,BLI,WA,ANM,WE,Federal Contract Tower,28,8,27,2,65,0,23,61,0,84,28,31,88,2,149,48,0,48,197
10/07/2011,BLI,WA,ANM,WE,Federal Contract Tower,27,7,23,0,57,0,34,56,0,90,27,41,79,0,147,84,0,84,231
10/08/2011,BLI,WA,ANM,WE,Federal Contract Tower,24,2,8,0,34,0,15,79,0,94,24,17,87,0,128,120,0,120,248
10/09/2011,BLI,WA,ANM,WE,Federal Contract Tower,30,0,10,0,40,0,7,52,0,59,30,7,62,0,99,42,0,42,141
10/10/2011,BLI,WA,ANM,WE,Federal Contract Tower,28,2,11,0,41,0,21,33,0,54,28,23,44,0,95,62,0,62,157
10/11/2011,BLI,WA,ANM,WE,Federal Contract Tower,17,9,17,0,43,0,25,19,0,44,17,34,36,0,87,6,0,6,93
10/12/2011,BLI,WA,ANM,WE,Federal Contract Tower,17,7,12,0,36,0,34,45,1,80,17,41,57,1,116,42,0,42,158
10/13/2011,BLI,WA,ANM,WE,Federal Contract Tower,27,6,22,2,57,0,31,98,0,129,27,37,120,2,186,66,0,66,252
10/14/2011,BLI,WA,ANM,WE,Federal Contract Tower,26,8,10,1,45,0,41,78,2,121,26,49,88,3,166,80,0,80,246
10/15/2011,BLI,WA,ANM,WE,Federal Contract Tower,19,2,8,1,30,0,30,152,8,190,19,32,160,9,220,122,4,126,346
10/16/2011,BLI,WA,ANM,WE,Federal Contract Tower,29,0,11,4,44,0,16,56,0,72,29,16,67,4,116,44,0,44,160
10/17/2011,BLI,WA,ANM,WE,Federal Contract Tower,27,7,8,0,42,0,24,93,1,118,27,31,101,1,160,86,0,86,246
10/18/2011,BLI,WA,ANM,WE,Federal Contract Tower,18,8,11,2,39,0,40,89,2,131,18,48,100,4,170,42,2,44,214
10/19/2011,BLI,WA,ANM,WE,Federal Contract Tower,17,8,13,0,38,0,22,44,0,66,17,30,57,0,104,60,0,60,164
10/20/2011,BLI,WA,ANM,WE,Federal Contract Tower,29,16,18,1,64,0,24,27,1,52,29,40,45,2,116,18,0,18,134
10/21/2011,BLI,WA,ANM,WE,Federal Contract Tower,26,13,11,0,50,0,18,13,0,31,26,31,24,0,81,0,0,0,81
10/22/2011,BLI,WA,ANM,WE,Federal Contract Tower,20,2,2,0,24,0,9,23,2,34,20,11,25,2,58,16,0,16,74
10/23/2011,BLI,WA,ANM,WE,Federal Contract Tower,27,0,12,2,41,0,12,86,0,98,27,12,98,2,139,32,0,32,171
10/24/2011,BLI,WA,ANM,WE,Federal Contract Tower,26,4,12,0,42,0,33,53,0,86,26,37,65,0,128,48,0,48,176
10/25/2011,BLI,WA,ANM,WE,Federal Contract Tower,18,7,16,0,41,0,26,84,0,110,18,33,100,0,151,32,0,32,183
10/26/2011,BLI,WA,ANM,WE,Federal Contract Tower,21,8,14,19,62,0,31,49,0,80,21,39,63,19,142,24,8,32,174
10/27/2011,BLI,WA,ANM,WE,Federal Contract Tower,31,9,21,2,63,0,31,109,2,142,31,40,130,4,205,80,0,80,285
10/28/2011,BLI,WA,ANM,WE,Federal Contract Tower,26,8,14,0,48,0,34,16,0,50,26,42,30,0,98,0,0,0,98
10/29/2011,BLI,WA,ANM,WE,Federal Contract Tower,21,2,12,0,35,0,5,47,0,52,21,7,59,0,87,22,0,22,109
10/30/2011,BLI,WA,ANM,WE,Federal Contract Tower,31,1,9,0,41,0,7,12,0,19,31,8,21,0,60,14,0,14,74
10/31/2011,BLI,WA,ANM,WE,Federal Contract Tower,28,10,5,0,43,20,49,0,0,69,48,59,5,0,112,48,0,48,160
11/01/2011,BLI,WA,ANM,WE,Federal Contract Tower,18,8,14,0,40,0,28,75,1,104,18,36,89,1,144,52,0,52,196
11/02/2011,BLI,WA,ANM,WE,Federal Contract Tower,24,6,15,0,45,0,16,21,2,39,24,22,36,2,84,14,0,14,98
11/03/2011,BLI,WA,ANM,WE,Federal Contract Tower,31,6,13,0,50,0,26,38,2,66,31,32,51,2,116,24,0,24,140
11/04/2011,BLI,WA,ANM,WE,Federal Contract Tower,27,9,17,2,55,0,29,69,1,99,27,38,86,3,154,112,14,126,280
11/05/2011,BLI,WA,ANM,WE,Federal Contract Tower,19,5,10,0,34,0,13,62,0,75,19,18,72,0,109,62,0,62,171
11/06/2011,BLI,WA,ANM,WE,Federal Contract Tower,29,0,16,0,45,0,14,104,0,118,29,14,120,0,163,106,0,106,269
11/07/2011,BLI,WA,ANM,WE,Federal Contract Tower,28,9,12,0,49,0,15,27,0,42,28,24,39,0,91,16,0,16,107
11/08/2011,BLI,WA,ANM,WE,Federal Contract Tower,18,10,15,0,43,0,21,42,0,63,18,31,57,0,106,58,0,58,164
11/09/2011,BLI,WA,ANM,WE,Federal Contract Tower,25,6,13,0,44,0,20,49,3,72,25,26,62,3,116,44,0,44,160
11/10/2011,BLI,WA,ANM,WE,Federal Contract Tower,29,8,7,0,44,0,38,86,0,124,29,46,93,0,168,24,0,24,192
11/11/2011,BLI,WA,ANM,WE,Federal Contract Tower,28,9,3,0,40,0,11,10,0,21,28,20,13,0,61,0,0,0,61
11/12/2011,BLI,WA,ANM,WE,Federal Contract Tower,21,4,2,0,27,0,4,21,0,25,21,8,23,0,52,4,0,4,56
11/13/2011,BLI,WA,ANM,WE,Federal Contract Tower,28,2,4,0,34,0,5,24,0,29,28,7,28,0,63,28,0,28,91
11/14/2011,BLI,WA,ANM,WE,Federal Contract Tower,25,5,13,0,43,0,18,36,0,54,25,23,49,0,97,24,0,24,121
11/15/2011,BLI,WA,ANM,WE,Federal Contract Tower,18,7,7,0,32,0,19,70,2,91,18,26,77,2,123,30,0,30,153
11/16/2011,BLI,WA,ANM,WE,Federal Contract Tower,26,7,14,0,47,0,24,39,0,63,26,31,53,0,110,24,0,24,134
11/17/2011,BLI,WA,ANM,WE,Federal Contract Tower,28,7,16,0,51,0,19,22,0,41,28,26,38,0,92,24,0,24,116
11/18/2011,BLI,WA,ANM,WE,Federal Contract Tower,27,6,16,0,49,0,26,28,0,54,27,32,44,0,103,54,0,54,157
11/19/2011,BLI,WA,ANM,WE,Federal Contract Tower,22,7,9,2,40,0,21,100,2,123,22,28,109,4,163,40,0,40,203
11/20/2011,BLI,WA,ANM,WE,Federal Contract Tower,28,0,7,0,35,0,16,50,0,66,28,16,57,0,101,28,0,28,129
11/21/2011,BLI,WA,ANM,WE,Federal Contract Tower,26,5,10,0,41,0,26,18,0,44,26,31,28,0,85,0,0,0,85
11/22/2011,BLI,WA,ANM,WE,Federal Contract Tower,25,9,7,2,43,0,18,9,0,27,25,27,16,2,70,10,0,10,80
11/23/2011,BLI,WA,ANM,WE,Federal Contract Tower,28,13,4,0,45,0,25,31,0,56,28,38,35,0,101,28,0,28,129
11/24/2011,BLI,WA,ANM,WE,Federal Contract Tower,18,1,0,0,19,0,5,8,0,13,18,6,8,0,32,0,0,0,32
11/25/2011,BLI,WA,ANM,WE,Federal Contract Tower,21,6,10,0,37,0,20,72,0,92,21,26,82,0,129,14,0,14,143
11/26/2011,BLI,WA,ANM,WE,Federal Contract Tower,23,2,0,0,25,0,7,6,0,13,23,9,6,0,38,0,0,0,38
11/27/2011,BLI,WA,ANM,WE,Federal Contract Tower,26,2,3,0,31,0,9,17,0,26,26,11,20,0,57,2,0,2,59
11/28/2011,BLI,WA,ANM,WE,Federal Contract Tower,24,4,11,2,41,0,20,56,1,77,24,24,67,3,118,68,0,68,186
11/29/2011,BLI,WA,ANM,WE,Federal Contract Tower,15,10,13,0,38,0,33,47,0,80,15,43,60,0,118,48,0,48,166
11/30/2011,BLI,WA,ANM,WE,Federal Contract Tower,20,5,13,0,38,0,43,70,6,119,20,48,83,6,157,20,0,20,177
12/01/2011,BLI,WA,ANM,WE,Federal Contract Tower,26,13,11,2,52,0,24,63,2,89,26,37,74,4,141,42,0,42,183
12/02/2011,BLI,WA,ANM,WE,Federal Contract Tower,24,6,4,0,34,0,23,86,0,109,24,29,90,0,143,60,0,60,203
12/03/2011,BLI,WA,ANM,WE,Federal Contract Tower,21,3,8,4,36,0,9,46,2,57,21,12,54,6,93,72,0,72,165
12/04/2011,BLI,WA,ANM,WE,Federal Contract Tower,26,1,9,5,41,0,14,80,2,96,26,15,89,7,137,56,2,58,195
12/05/2011,BLI,WA,ANM,WE,Federal Contract Tower,24,4,6,10,44,10,21,36,0,67,34,25,42,10,111,30,0,30,141
12/06/2011,BLI,WA,ANM,WE,Federal Contract Tower,14,14,11,0,39,0,16,12,0,28,14,30,23,0,67,0,0,0,67
12/07/2011,BLI,WA,ANM,WE,Federal Contract Tower,20,11,13,2,46,0,13,29,0,42,20,24,42,2,88,20,0,20,108
12/08/2011,BLI,WA,ANM,WE,Federal Contract Tower,28,9,12,0,49,0,25,50,2,77,28,34,62,2,126,70,0,70,196
12/09/2011,BLI,WA,ANM,WE,Federal Contract Tower,23,7,9,6,45,0,24,79,1,104,23,31,88,7,149,34,0,34,183
12/10/2011,BLI,WA,ANM,WE,Federal Contract Tower,17,4,10,0,31,0,9,17,0,26,17,13,27,0,57,0,0,0,57
12/11/2011,BLI,WA,ANM,WE,Federal Contract Tower,24,2,7,0,33,0,3,16,0,19,24,5,23,0,52,10,0,10,62
12/12/2011,BLI,WA,ANM,WE,Federal Contract Tower,22,6,6,6,40,0,19,73,1,93,22,25,79,7,133,82,0,82,215
12/13/2011,BLI,WA,ANM,WE,Federal Contract Tower,14,8,10,3,35,0,19,71,4,94,14,27,81,7,129,42,16,58,187
12/14/2011,BLI,WA,ANM,WE,Federal Contract Tower,22,8,9,1,40,0,27,45,1,73,22,35,54,2,113,69,0,69,182
12/15/2011,BLI,WA,ANM,WE,Federal Contract Tower,28,10,13,0,51,0,15,19,1,35,28,25,32,1,86,10,0,10,96
12/16/2011,BLI,WA,ANM,WE,Federal Contract Tower,27,8,3,0,38,0,22,21,0,43,27,30,24,0,81,8,0,8,89
12/17/2011,BLI,WA,ANM,WE,Federal Contract Tower,22,5,10,0,37,0,10,82,2,94,22,15,92,2,131,76,0,76,207
12/18/2011,BLI,WA,ANM,WE,Federal Contract Tower,25,1,3,0,29,0,11,6,0,17,25,12,9,0,46,0,0,0,46
12/19/2011,BLI,WA,ANM,WE,Federal Contract Tower,26,9,19,0,54,0,14,34,0,48,26,23,53,0,102,45,0,45,147
12/20/2011,BLI,WA,ANM,WE,Federal Contract Tower,18,14,15,8,55,0,17,35,0,52,18,31,50,8,107,30,0,30,137
12/21/2011,BLI,WA,ANM,WE,Federal Contract Tower,22,9,16,2,49,0,26,84,4,114,22,35,100,6,163,90,8,98,261
12/22/2011,BLI,WA,ANM,WE,Federal Contract Tower,30,10,22,0,62,0,20,78,0,98,30,30,100,0,160,68,0,68,228
12/23/2011,BLI,WA,ANM,WE,Federal Contract Tower,27,11,10,0,48,0,29,24,0,53,27,40,34,0,101,50,0,50,151
12/24/2011,BLI,WA,ANM,WE,Federal Contract Tower,22,3,0,0,25,0,10,23,0,33,22,13,23,0,58,8,0,8,66
12/25/2011,BLI,WA,ANM,WE,Federal Contract Tower,25,1,0,0,26,0,4,8,0,12,25,5,8,0,38,0,0,0,38
12/26/2011,BLI,WA,ANM,WE,Federal Contract Tower,27,1,18,0,46,0,8,15,0,23,27,9,33,0,69,28,0,28,97
12/27/2011,BLI,WA,ANM,WE,Federal Contract Tower,23,11,16,0,50,0,20,7,0,27,23,31,23,0,77,20,0,20,97
12/28/2011,BLI,WA,ANM,WE,Federal Contract Tower,27,14,7,0,48,0,20,16,0,36,27,34,23,0,84,4,0,4,88
12/29/2011,BLI,WA,ANM,WE,Federal Contract Tower,27,9,13,0,49,0,24,55,0,79,27,33,68,0,128,72,0,72,200
12/30/2011,BLI,WA,ANM,WE,Federal Contract Tower,27,5,7,0,39,0,22,26,0,48,27,27,33,0,87,42,0,42,129
12/31/2011,BLI,WA,ANM,WE,Federal Contract Tower,26,3,14,0,43,0,12,57,0,69,26,15,71,0,112,98,0,98,210
01/01/2012,BLI,WA,ANM,WE,Federal Contract Tower,26,0,6,0,32,0,7,42,0,49,26,7,48,0,81,18,0,18,99
01/02/2012,BLI,WA,ANM,WE,Federal Contract Tower,27,2,10,0,39,0,15,32,0,47,27,17,42,0,86,58,0,58,144
01/03/2012,BLI,WA,ANM,WE,Federal Contract Tower,26,7,10,0,43,0,21,20,0,41,26,28,30,0,84,8,0,8,92
01/04/2012,BLI,WA,ANM,WE,Federal Contract Tower,22,8,8,0,38,0,12,6,0,18,22,20,14,0,56,0,0,0,56
01/05/2012,BLI,WA,ANM,WE,Federal Contract Tower,24,8,12,0,44,0,22,35,0,57,24,30,47,0,101,34,0,34,135
01/06/2012,BLI,WA,ANM,WE,Federal Contract Tower,24,5,10,12,51,0,20,43,2,65,24,25,53,14,116,52,0,52,168
01/07/2012,BLI,WA,ANM,WE,Federal Contract Tower,21,3,5,0,29,0,3,25,0,28,21,6,30,0,57,42,0,42,99
01/08/2012,BLI,WA,ANM,WE,Federal Contract Tower,25,1,1,2,29,0,3,51,0,54,25,4,52,2,83,84,2,86,169
01/09/2012,BLI,WA,ANM,WE,Federal Contract Tower,24,6,2,0,32,0,16,32,2,50,24,22,34,2,82,38,0,38,120
01/10/2012,BLI,WA,ANM,WE,Federal Contract Tower,18,10,12,8,48,0,31,89,0,120,18,41,101,8,168,100,0,100,268
01/11/2012,BLI,WA,ANM,WE,Federal Contract Tower,22,9,9,3,43,0,46,77,9,132,22,55,86,12,175,64,0,64,239
01/12/2012,BLI,WA,ANM,WE,Federal Contract Tower,26,7,10,3,46,0,36,93,3,132,26,43,103,6,178,136,0,136,314
01/13/2012,BLI,WA,ANM,WE,Federal Contract Tower,21,5,11,0,37,0,37,84,1,122,21,42,95,1,159,114,0,114,273
01/14/2012,BLI,WA,ANM,WE,Federal Contract Tower,19,2,2,0,23,0,3,13,0,16,19,5,15,0,39,18,0,18,57
01/15/2012,BLI,WA,ANM,WE,Federal Contract Tower,24,0,4,0,28,0,3,15,0,18,24,3,19,0,46,18,0,18,64
01/16/2012,BLI,WA,ANM,WE,Federal Contract Tower,25,6,1,0,32,0,1,1,0,2,25,7,2,0,34,0,0,0,34
01/17/2012,BLI,WA,ANM,WE,Federal Contract Tower,18,9,3,0,30,0,13,5,0,18,18,22,8,0,48,0,0,0,48
01/18/2012,BLI,WA,ANM,WE,Federal Contract Tower,14,7,4,0,25,0,0,1,0,1,14,7,5,0,26,0,0,0,26
01/19/2012,BLI,WA,ANM,WE,Federal Contract Tower,18,3,17,0,38,0,2,12,0,14,18,5,29,0,52,26,0,26,78
01/20/2012,BLI,WA,ANM,WE,Federal Contract Tower,20,5,3,0,28,0,8,0,0,8,20,13,3,0,36,0,0,0,36
01/21/2012,BLI,WA,ANM,WE,Federal Contract Tower,18,4,1,0,23,0,10,20,0,30,18,14,21,0,53,6,0,6,59
01/22/2012,BLI,WA,ANM,WE,Federal Contract Tower,24,0,10,0,34,0,3,7,2,12,24,3,17,2,46,0,0,0,46
01/23/2012,BLI,WA,ANM,WE,Federal Contract Tower,23,5,17,9,54,0,26,50,1,77,23,31,67,10,131,14,6,20,151
01/24/2012,BLI,WA,ANM,WE,Federal Contract Tower,15,7,8,0,30,0,4,9,0,13,15,11,17,0,43,0,0,0,43
01/25/2012,BLI,WA,ANM,WE,Federal Contract Tower,17,7,9,0,33,0,38,20,0,58,17,45,29,0,91,30,4,34,125
01/26/2012,BLI,WA,ANM,WE,Federal Contract Tower,25,9,23,4,61,0,41,77,0,118,25,50,100,4,179,192,0,192,371
01/27/2012,BLI,WA,ANM,WE,Federal Contract Tower,21,4,11,1,37,0,29,83,1,113,21,33,94,2,150,76,2,78,228
01/28/2012,BLI,WA,ANM,WE,Federal Contract Tower,20,3,19,0,42,0,11,49,12,72,20,14,68,12,114,78,0,78,192
01/29/2012,BLI,WA,ANM,WE,Federal Contract Tower,26,1,19,1,47,0,3,21,0,24,26,4,40,1,71,20,0,20,91
01/30/2012,BLI,WA,ANM,WE,Federal Contract Tower,27,4,8,1,40,0,20,45,1,66,27,24,53,2,106,42,0,42,148
01/31/2012,BLI,WA,ANM,WE,Federal Contract Tower,16,7,7,1,31,0,24,19,0,43,16,31,26,1,74,0,0,0,74
02/01/2012,BLI,WA,ANM,WE,Federal Contract Tower,20,10,10,0,40,0,28,58,0,86,20,38,68,0,126,66,0,66,192
02/02/2012,BLI,WA,ANM,WE,Federal Contract Tower,27,8,8,0,43,0,21,108,0,129,27,29,116,0,172,114,0,114,286
02/03/2012,BLI,WA,ANM,WE,Federal Contract Tower,25,5,25,4,59,0,30,109,3,142,25,35,134,7,201,124,2,126,327
02/04/2012,BLI,WA,ANM,WE,Federal Contract Tower,18,2,12,0,32,0,14,117,2,133,18,16,129,2,165,128,0,128,293
02/05/2012,BLI,WA,ANM,WE,Federal Contract Tower,26,0,15,0,41,0,8,78,0,86,26,8,93,0,127,84,0,84,211
02/06/2012,BLI,WA,ANM,WE,Federal Contract Tower,26,6,11,4,47,0,24,76,2,102,26,30,87,6,149,122,0,122,271
02/07/2012,BLI,WA,ANM,WE,Federal Contract Tower,16,10,17,0,43,0,44,65,6,115,16,54,82,6,158,38,0,38,196
02/08/2012,BLI,WA,ANM,WE,Federal Contract Tower,19,9,13,12,53,0,41,32,6,79,19,50,45,18,132,0,4,4,136
02/09/2012,BLI,WA,ANM,WE,Federal Contract Tower,23,6,11,2,42,0,28,23,0,51,23,34,34,2,93,102,0,102,195
02/10/2012,BLI,WA,ANM,WE,Federal Contract Tower,26,7,17,3,53,0,18,39,2,59,26,25,56,5,112,50,0,50,162
02/11/2012,BLI,WA,ANM,WE,Federal Contract Tower,20,3,13,2,38,0,14,67,5,86,20,17,80,7,124,62,0,62,186
02/12/2012,BLI,WA,ANM,WE,Federal Contract Tower,24,0,3,0,27,0,8,21,2,31,24,8,24,2,58,2,0,2,60
02/13/2012,BLI,WA,ANM,WE,Federal Contract Tower,29,16,5,0,50,0,24,30,0,54,29,40,35,0,104,32,0,32,136
02/14/2012,BLI,WA,ANM,WE,Federal Contract Tower,16,9,10,0,35,0,29,24,0,53,16,38,34,0,88,44,0,44,132
02/15/2012,BLI,WA,ANM,WE,Federal Contract Tower,27,7,15,10,59,0,35,58,2,95,27,42,73,12,154,88,10,98,252
02/16/2012,BLI,WA,ANM,WE,Federal Contract Tower,25,10,13,4,52,0,23,13,0,36,25,33,26,4,88,0,0,0,88
02/17/2012,BLI,WA,ANM,WE,Federal Contract Tower,28,6,12,0,46,0,23,32,1,56,28,29,44,1,102,18,0,18,120
02/18/2012,BLI,WA,ANM,WE,Federal Contract Tower,25,4,4,0,33,0,12,11,0,23,25,16,15,0,56,0,0,0,56
02/19/2012,BLI,WA,ANM,WE,Federal Contract Tower,27,0,2,1,30,0,2,37,1,40,27,2,39,2,70,0,0,0,70
02/20/2012,BLI,WA,ANM,WE,Federal Contract Tower,28,7,14,0,49,0,12,40,0,52,28,19,54,0,101,42,0,42,143
02/21/2012,BLI,WA,ANM,WE,Federal Contract Tower,20,10,18,0,48,0,15,8,0,23,20,25,26,0,71,2,0,2,73
02/22/2012,BLI,WA,ANM,WE,Federal Contract Tower,21,6,13,0,40,0,26,43,0,69,21,32,56,0,109,74,0,74,183
02/23/2012,BLI,WA,ANM,WE,Federal Contract Tower,25,8,6,2,41,0,29,58,1,88,25,37,64,3,129,82,10,92,221
02/24/2012,BLI,WA,ANM,WE,Federal Contract Tower,27,7,1,2,37,0,28,16,0,44,27,35,17,2,81,6,10,16,97
02/25/2012,BLI,WA,ANM,WE,Federal Contract Tower,25,2,2,0,29,0,5,34,0,39,25,7,36,0,68,12,0,12,80
02/26/2012,BLI,WA,ANM,WE,Federal Contract Tower,26,2,8,0,36,0,4,49,0,53,26,6,57,0,89,12,0,12,101
02/27/2012,BLI,WA,ANM,WE,Federal Contract Tower,26,6,22,4,58,0,24,133,6,163,26,30,155,10,221,122,0,122,343
02/28/2012,BLI,WA,ANM,WE,Federal Contract Tower,20,8,12,0,40,0,30,23,0,53,20,38,35,0,93,14,0,14,107
02/29/2012,BLI,WA,ANM,WE,Federal Contract Tower,20,13,9,0,42,0,9,4,0,13,20,22,13,0,55,0,0,0,55
03/01/2012,BLI,WA,ANM,WE,Federal Contract Tower,25,9,12,14,60,0,18,33,7,58,25,27,45,21,118,66,0,66,184
03/02/2012,BLI,WA,ANM,WE,Federal Contract Tower,28,8,7,0,43,0,17,29,0,46,28,25,36,0,89,56,0,56,145
03/03/2012,BLI,WA,ANM,WE,Federal Contract Tower,21,2,3,0,26,0,16,19,0,35,21,18,22,0,61,24,0,24,85
03/04/2012,BLI,WA,ANM,WE,Federal Contract Tower,28,0,11,0,39,0,8,41,0,49,28,8,52,0,88,26,0,26,114
03/05/2012,BLI,WA,ANM,WE,Federal Contract Tower,25,6,3,0,34,0,25,10,2,37,25,31,13,2,71,22,0,22,93
03/06/2012,BLI,WA,ANM,WE,Federal Contract Tower,17,11,10,1,39,0,28,61,0,89,17,39,71,1,128,69,0,69,197
03/07/2012,BLI,WA,ANM,WE,Federal Contract Tower,24,10,17,1,52,0,24,87,2,113,24,34,104,3,165,160,0,160,325
03/08/2012,BLI,WA,ANM,WE,Federal Contract Tower,30,10,27,3,70,0,29,104,1,134,30,39,131,4,204,82,0,82,286
03/09/2012,BLI,WA,ANM,WE,Federal Contract Tower,26,10,9,0,45,0,31,15,0,46,26,41,24,0,91,0,0,0,91
03/10/2012,BLI,WA,ANM,WE,Federal Contract Tower,22,9,9,4,44,0,4,5,0,9,22,13,14,4,53,0,0,0,53
03/11/2012,BLI,WA,ANM,WE,Federal Contract Tower,30,1,5,0,36,0,12,20,0,32,30,13,25,0,68,8,0,8,76
03/12/2012,BLI,WA,ANM,WE,Federal Contract Tower,28,10,4,6,48,0,12,1,0,13,28,22,5,6,61,0,0,0,61
03/13/2012,BLI,WA,ANM,WE,Federal Contract Tower,22,9,5,0,36,0,32,16,0,48,22,41,21,0,84,6,0,6,90
03/14/2012,BLI,WA,ANM,WE,Federal Contract Tower,30,10,12,0,52,0,22,13,0,35,30,32,25,0,87,5,0,5,92
03/15/2012,BLI,WA,ANM,WE,Federal Contract Tower,25,16,8,2,51,0,11,12,0,23,25,27,20,2,74,10,0,10,84
03/16/2012,BLI,WA,ANM,WE,Federal Contract Tower,30,10,7,0,47,0,18,40,2,60,30,28,47,2,107,52,8,60,167
03/17/2012,BLI,WA,ANM,WE,Federal Contract Tower,26,3,6,0,35,0,13,60,13,86,26,16,66,13,121,78,0,78,199
03/18/2012,BLI,WA,ANM,WE,Federal Contract Tower,29,2,1,0,32,0,5,47,0,52,29,7,48,0,84,30,0,30,114
03/19/2012,BLI,WA,ANM,WE,Federal Contract Tower,29,1,25,4,59,0,37,45,2,84,29,38,70,6,143,12,0,12,155
03/20/2012,BLI,WA,ANM,WE,Federal Contract Tower,30,6,6,0,42,0,31,13,0,44,30,37,19,0,86,9,0,9,95
03/21/2012,BLI,WA,ANM,WE,Federal Contract Tower,27,7,18,1,53,0,45,57,2,104,27,52,75,3,157,100,0,100,257
03/22/2012,BLI,WA,ANM,WE,Federal Contract Tower,26,6,13,0,45,0,29,85,7,121,26,35,98,7,166,28,4,32,198
03/23/2012,BLI,WA,ANM,WE,Federal Contract Tower,32,7,27,0,66,0,31,122,2,155,32,38,149,2,221,94,0,94,315
03/24/2012,BLI,WA,ANM,WE,Federal Contract Tower,27,3,26,0,56,0,11,132,1,144,27,14,158,1,200,90,0,90,290
03/25/2012,BLI,WA,ANM,WE,Federal Contract Tower,29,6,6,0,41,0,15,78,2,95,29,21,84,2,136,54,0,54,190
03/26/2012,BLI,WA,ANM,WE,Federal Contract Tower,32,8,40,0,80,0,33,17,0,50,32,41,57,0,130,24,0,24,154
03/27/2012,BLI,WA,ANM,WE,Federal Contract Tower,23,6,16,0,45,0,30,42,0,72,23,36,58,0,117,42,0,42,159
03/28/2012,BLI,WA,ANM,WE,Federal Contract Tower,24,6,9,0,39,0,27,29,0,56,24,33,38,0,95,14,0,14,109
03/29/2012,BLI,WA,ANM,WE,Federal Contract Tower,27,9,13,2,51,0,19,11,1,31,27,28,24,3,82,2,0,2,84
03/30/2012,BLI,WA,ANM,WE,Federal Contract Tower,30,10,16,2,58,0,30,26,1,57,30,40,42,3,115,0,0,0,115
03/31/2012,BLI,WA,ANM,WE,Federal Contract Tower,24,8,7,0,39,0,15,18,0,33,24,23,25,0,72,24,0,24,96
04/01/2012,BLI,WA,ANM,WE,Federal Contract Tower,27,4,9,0,40,0,11,50,0,61,27,15,59,0,101,20,0,20,121
04/02/2012,BLI,WA,ANM,WE,Federal Contract Tower,31,8,5,2,46,0,29,19,0,48,31,37,24,2,94,0,0,0,94
04/03/2012,BLI,WA,ANM,WE,Federal Contract Tower,23,20,4,0,47,0,28,22,0,50,23,48,26,0,97,10,0,10,107
04/04/2012,BLI,WA,ANM,WE,Federal Contract Tower,29,9,12,2,52,0,23,31,0,54,29,32,43,2,106,28,0,28,134
04/05/2012,BLI,WA,ANM,WE,Federal Contract Tower,24,14,15,0,53,0,26,58,0,84,24,40,73,0,137,28,0,28,165
04/06/2012,BLI,WA,ANM,WE,Federal Contract Tower,30,10,25,0,65,0,40,71,6,117,30,50,96,6,182,78,0,78,260
04/07/2012,BLI,WA,ANM,WE,Federal Contract Tower,21,3,8,0,32,0,25,124,8,157,21,28,132,8,189,50,0,50,239
04/08/2012,BLI,WA,ANM,WE,Federal Contract Tower,27,0,1,0,28,0,9,57,0,66,27,9,58,0,94,0,0,0,94
04/09/2012,BLI,WA,ANM,WE,Federal Contract Tower,30,8,23,0,61,0,33,69,0,102,30,41,92,0,163,42,0,42,205
04/10/2012,BLI,WA,ANM,WE,Federal Contract Tower,22,5,16,2,45,0,37,55,0,92,22,42,71,2,137,50,0,50,187
04/11/2012,BLI,WA,ANM,WE,Federal Contract Tower,25,19,29,2,75,0,25,33,1,59,25,44,62,3,134,20,0,20,154
04/12/2012,BLI,WA,ANM,WE,Federal Contract Tower,25,8,10,1,44,0,33,50,1,84,25,41,60,2,128,32,0,32,160
04/13/2012,BLI,WA,ANM,WE,Federal Contract Tower,31,9,21,0,61,0,27,68,4,99,31,36,89,4,160,52,0,52,212
04/14/2012,BLI,WA,ANM,WE,Federal Contract Tower,24,2,25,0,51,0,15,90,0,105,24,17,115,0,156,86,0,86,242
04/15/2012,BLI,WA,ANM,WE,Federal Contract Tower,27,0,17,0,44,0,22,86,2,110,27,22,103,2,154,40,0,40,194
04/16/2012,BLI,WA,ANM,WE,Federal Contract Tower,30,14,13,0,57,0,27,14,1,42,30,41,27,1,99,26,0,26,125
04/17/2012,BLI,WA,ANM,WE,Federal Contract Tower,22,12,19,4,57,0,45,73,1,119,22,57,92,5,176,10,0,10,186
04/18/2012,BLI,WA,ANM,WE,Federal Contract Tower,28,10,14,0,52,0,32,39,0,71,28,42,53,0,123,24,0,24,147
04/19/2012,BLI,WA,ANM,WE,Federal Contract Tower,27,9,16,0,52,0,30,48,0,78,27,39,64,0,130,8,0,8,138
04/20/2012,BLI,WA,ANM,WE,Federal Contract Tower,29,6,14,2,51,0,34,79,4,117,29,40,93,6,168,60,0,60,228
04/21/2012,BLI,WA,ANM,WE,Federal Contract Tower,27,2,17,1,47,0,22,166,9,197,27,24,183,10,244,112,0,112,356
04/22/2012,BLI,WA,ANM,WE,Federal Contract Tower,27,2,5,0,34,0,11,105,1,117,27,13,110,1,151,38,0,38,189
04/23/2012,BLI,WA,ANM,WE,Federal Contract Tower,30,4,15,0,49,0,25,90,0,115,30,29,105,0,164,28,0,28,192
04/24/2012,BLI,WA,ANM,WE,Federal Contract Tower,22,11,15,2,50,0,18,27,0,45,22,29,42,2,95,14,0,14,109
04/25/2012,BLI,WA,ANM,WE,Federal Contract Tower,23,5,15,0,43,0,31,27,0,58,23,36,42,0,101,2,0,2,103
04/26/2012,BLI,WA,ANM,WE,Federal Contract Tower,26,9,16,1,52,0,23,29,1,53,26,32,45,2,105,32,0,32,137
04/27/2012,BLI,WA,ANM,WE,Federal Contract Tower,30,6,20,0,56,0,31,51,2,84,30,37,71,2,140,16,0,16,156
04/28/2012,BLI,WA,ANM,WE,Federal Contract Tower,23,6,22,1,52,0,17,82,1,100,23,23,104,2,152,18,0,18,170
04/29/2012,BLI,WA,ANM,WE,Federal Contract Tower,26,4,15,0,45,0,13,44,0,57,26,17,59,0,102,74,0,74,176
04/30/2012,BLI,WA,ANM,WE,Federal Contract Tower,30,5,20,4,59,0,16,25,0,41,30,21,45,4,100,28,0,28,128
05/01/2012,BLI,WA,ANM,WE,Federal Contract Tower,24,8,19,0,51,0,32,54,0,86,24,40,73,0,137,56,0,56,193
05/02/2012,BLI,WA,ANM,WE,Federal Contract Tower,24,11,9,0,44,0,33,79,0,112,24,44,88,0,156,120,0,120,276
05/03/2012,BLI,WA,ANM,WE,Federal Contract Tower,25,13,18,0,56,0,15,10,0,25,25,28,28,0,81,60,0,60,141
05/04/2012,BLI,WA,ANM,WE,Federal Contract Tower,33,5,12,0,50,0,40,57,0,97,33,45,69,0,147,18,0,18,165
05/05/2012,BLI,WA,ANM,WE,Federal Contract Tower,24,11,18,0,53,0,19,75,0,94,24,30,93,0,147,30,0,30,177
05/06/2012,BLI,WA,ANM,WE,Federal Contract Tower,32,2,17,0,51,0,19,102,0,121,32,21,119,0,172,134,0,134,306
05/07/2012,BLI,WA,ANM,WE,Federal Contract Tower,32,5,13,0,50,0,33,68,1,102,32,38,81,1,152,62,0,62,214
05/08/2012,BLI,WA,ANM,WE,Federal Contract Tower,25,6,20,0,51,0,32,74,0,106,25,38,94,0,157,30,0,30,187
05/09/2012,BLI,WA,ANM,WE,Federal Contract Tower,25,6,23,3,57,0,28,77,2,107,25,34,100,5,164,40,4,44,208
05/10/2012,BLI,WA,ANM,WE,Federal Contract Tower,26,10,32,1,69,0,44,70,4,118,26,54,102,5,187,82,0,82,269
05/11/2012,BLI,WA,ANM,WE,Federal Contract Tower,30,9,18,0,57,0,48,115,7,170,30,57,133,7,227,80,0,80,307
05/12/2012,BLI,WA,ANM,WE,Federal Contract Tower,25,6,6,9,46,0,19,101,2,122,25,25,107,11,168,76,0,76,244
05/13/2012,BLI,WA,ANM,WE,Federal Contract Tower,27,2,12,2,43,0,18,82,1,101,27,20,94,3,144,68,0,68,212
05/14/2012,BLI,WA,ANM,WE,Federal Contract Tower,30,5,9,0,44,0,40,86,0,126,30,45,95,0,170,68,0,68,238
05/15/2012,BLI,WA,ANM,WE,Federal Contract Tower,26,23,20,0,69,0,27,91,2,120,26,50,111,2,189,86,0,86,275
05/16/2012,BLI,WA,ANM,WE,Federal Contract Tower,26,7,18,8,59,0,34,132,2,168,26,41,150,10,227,62,0,62,289
05/17/2012,BLI,WA,ANM,WE,Federal Contract Tower,25,5,6,2,38,0,42,87,0,129,25,47,93,2,167,118,0,118,285
05/18/2012,BLI,WA,ANM,WE,Federal Contract Tower,33,5,6,0,44,0,37,76,0,113,33,42,82,0,157,12,0,12,169
05/19/2012,BLI,WA,ANM,WE,Federal Contract Tower,21,2,5,0,28,0,17,132,1,150,21,19,137,1,178,184,0,184,362
05/20/2012,BLI,WA,ANM,WE,Federal Contract Tower,28,3,11,0,42,0,14,42,0,56,28,17,53,0,98,114,0,114,212
05/21/2012,BLI,WA,ANM,WE,Federal Contract Tower,31,7,17,0,55,0,27,40,0,67,31,34,57,0,122,12,0,12,134
05/22/2012,BLI,WA,ANM,WE,Federal Contract Tower,17,6,14,0,37,0,32,72,0,104,17,38,86,0,141,26,0,26,167
05/23/2012,BLI,WA,ANM,WE,Federal Contract Tower,26,12,22,2,62,0,39,43,0,82,26,51,65,2,144,6,0,6,150
05/24/2012,BLI,WA,ANM,WE,Federal Contract Tower,30,11,14,0,55,0,35,87,0,122,30,46,101,0,177,50,0,50,227
05/25/2012,BLI,WA,ANM,WE,Federal Contract Tower,31,12,27,0,70,0,49,120,2,171,31,61,147,2,241,48,0,48,289
05/26/2012,BLI,WA,ANM,WE,Federal Contract Tower,23,2,15,0,40,0,11,140,0,151,23,13,155,0,191,100,0,100,291
05/27/2012,BLI,WA,ANM,WE,Federal Contract Tower,31,2,14,0,47,0,18,64,0,82,31,20,78,0,129,52,0,52,181
05/28/2012,BLI,WA,ANM,WE,Federal Contract Tower,32,3,9,0,44,0,19,62,1,82,32,22,71,1,126,60,0,60,186
05/29/2012,BLI,WA,ANM,WE,Federal Contract Tower,20,8,21,0,49,0,24,65,0,89,20,32,86,0,138,94,0,94,232
05/30/2012,BLI,WA,ANM,WE,Federal Contract Tower,25,9,19,0,53,0,27,67,0,94,25,36,86,0,147,112,0,112,259
05/31/2012,BLI,WA,ANM,WE,Federal Contract Tower,27,11,14,0,52,0,17,49,2,68,27,28,63,2,120,78,0,78,198
06/01/2012,BLI,WA,ANM,WE,Federal Contract Tower,32,6,23,0,61,0,18,45,0,63,32,24,68,0,124,20,0,20,144
06/02/2012,BLI,WA,ANM,WE,Federal Contract Tower,20,4,20,5,49,0,20,97,0,117,20,24,117,5,166,70,0,70,236
06/03/2012,BLI,WA,ANM,WE,Federal Contract Tower,29,3,7,1,40,0,11,112,3,126,29,14,119,4,166,130,0,130,296
06/04/2012,BLI,WA,ANM,WE,Federal Contract Tower,31,5,12,1,49,0,29,45,6,80,31,34,57,7,129,136,0,136,265
06/05/2012,BLI,WA,ANM,WE,Federal Contract Tower,18,6,14,9,47,0,22,37,1,60,18,28,51,10,107,80,0,80,187
06/06/2012,BLI,WA,ANM,WE,Federal Contract Tower,25,10,25,2,62,0,39,87,0,126,25,49,112,2,188,68,0,68,256
06/07/2012,BLI,WA,ANM,WE,Federal Contract Tower,29,12,23,2,66,0,27,42,0,69,29,39,65,2,135,36,0,36,171
06/08/2012,BLI,WA,ANM,WE,Federal Contract Tower,33,10,17,0,60,0,38,75,0,113,33,48,92,0,173,38,0,38,211
06/09/2012,BLI,WA,ANM,WE,Federal Contract Tower,28,4,10,0,42,0,12,67,1,80,28,16,77,1,122,24,8,32,154
06/10/2012,BLI,WA,ANM,WE,Federal Contract Tower,27,0,10,0,37,0,11,74,0,85,27,11,84,0,122,0,0,0,122
06/11/2012,BLI,WA,ANM,WE,Federal Contract Tower,33,6,27,4,70,0,40,166,2,208,33,46,193,6,278,122,0,122,400
06/12/2012,BLI,WA,ANM,WE,Federal Contract Tower,19,6,23,10,58,0,31,47,2,80,19,37,70,12,138,30,0,30,168
06/13/2012,BLI,WA,ANM,WE,Federal Contract Tower,31,9,29,2,71,0,33,53,0,86,31,42,82,2,157,32,0,32,189
06/14/2012,BLI,WA,ANM,WE,Federal Contract Tower,29,7,19,4,59,0,30,59,3,92,29,37,78,7,151,64,4,68,219
06/15/2012,BLI,WA,ANM,WE,Federal Contract Tower,29,8,26,1,64,0,42,109,6,157,29,50,135,7,221,46,2,48,269
06/16/2012,BLI,WA,ANM,WE,Federal Contract Tower,23,7,15,0,45,0,14,20,5,39,23,21,35,5,84,0,0,0,84
06/17/2012,BLI,WA,ANM,WE,Federal Contract Tower,28,2,15,0,45,0,14,51,0,65,28,16,66,0,110,12,0,12,122
06/18/2012,BLI,WA,ANM,WE,Federal Contract Tower,31,8,18,0,57,0,37,59,6,102,31,45,77,6,159,30,0,30,189
06/19/2012,BLI,WA,ANM,WE,Federal Contract Tower,21,10,15,2,48,0,35,80,2,117,21,45,95,4,165,86,0,86,251
06/20/2012,BLI,WA,ANM,WE,Federal Contract Tower,28,9,23,5,65,0,63,192,4,259,28,72,215,9,324,92,0,92,416
06/21/2012,BLI,WA,ANM,WE,Federal Contract Tower,29,6,17,2,54,0,40,104,2,146,29,46,121,4,200,104,0,104,304
06/22/2012,BLI,WA,ANM,WE,Federal Contract Tower,30,13,27,3,73,0,49,46,1,96,30,62,73,4,169,54,12,66,235
06/23/2012,BLI,WA,ANM,WE,Federal Contract Tower,25,9,15,0,49,0,9,38,1,48,25,18,53,1,97,10,0,10,107
06/24/2012,BLI,WA,ANM,WE,Federal Contract Tower,27,5,23,0,55,0,18,72,1,91,27,23,95,1,146,30,0,30,176
06/25/2012,BLI,WA,ANM,WE,Federal Contract Tower,32,3,10,3,48,0,16,81,0,97,32,19,91,3,145,30,0,30,175
06/26/2012,BLI,WA,ANM,WE,Federal Contract Tower,22,9,23,0,54,0,49,58,0,107,22,58,81,0,161,38,1,39,200
06/27/2012,BLI,WA,ANM,WE,Federal Contract Tower,29,8,35,4,76,0,45,137,0,182,29,53,172,4,258,110,0,110,368
06/28/2012,BLI,WA,ANM,WE,Federal Contract Tower,30,6,22,0,58,0,38,73,1,112,30,44,95,1,170,84,0,84,254
06/29/2012,BLI,WA,ANM,WE,Federal Contract Tower,31,6,22,0,59,0,32,60,0,92,31,38,82,0,151,50,0,50,201
06/30/2012,BLI,WA,ANM,WE,Federal Contract Tower,21,7,17,1,46,0,10,32,0,42,21,17,49,1,88,40,0,40,128
07/01/2012,BLI,WA,ANM,WE,Federal Contract Tower,33,2,11,0,46,0,24,90,0,114,33,26,101,0,160,90,0,90,250
07/02/2012,BLI,WA,ANM,WE,Federal Contract Tower,32,9,15,0,56,0,43,57,1,101,32,52,72,1,157,10,0,10,167
07/03/2012,BLI,WA,ANM,WE,Federal Contract Tower,22,10,22,0,54,0,35,49,4,88,22,45,71,4,142,26,18,44,186
07/04/2012,BLI,WA,ANM,WE,Federal Contract Tower,33,0,13,1,47,0,28,83,4,115,33,28,96,5,162,54,0,54,216
07/05/2012,BLI,WA,ANM,WE,Federal Contract Tower,30,6,35,0,71,0,46,140,0,186,30,52,175,0,257,68,0,68,325
07/06/2012,BLI,WA,ANM,WE,Federal Contract Tower,33,2,25,0,60,0,52,151,0,203,33,54,176,0,263,104,0,104,367
07/07/2012,BLI,WA,ANM,WE,Federal Contract Tower,29,4,16,0,49,0,35,95,1,131,29,39,111,1,180,56,0,56,236
07/08/2012,BLI,WA,ANM,WE,Federal Contract Tower,31,5,22,0,58,0,41,121,2,164,31,46,143,2,222,118,0,118,340
07/09/2012,BLI,WA,ANM,WE,Federal Contract Tower,28,4,18,0,50,0,37,78,3,118,28,41,96,3,168,30,0,30,198
07/10/2012,BLI,WA,ANM,WE,Federal Contract Tower,22,9,26,6,63,0,48,93,2,143,22,57,119,8,206,54,0,54,260
07/11/2012,BLI,WA,ANM,WE,Federal Contract Tower,29,10,23,0,62,0,35,101,6,142,29,45,124,6,204,30,0,30,234
07/12/2012,BLI,WA,ANM,WE,Federal Contract Tower,28,9,13,2,52,0,35,82,1,118,28,44,95,3,170,76,0,76,246
07/13/2012,BLI,WA,ANM,WE,Federal Contract Tower,31,5,21,0,57,0,38,69,1,108,31,43,90,1,165,86,0,86,251
07/14/2012,BLI,WA,ANM,WE,Federal Contract Tower,29,1,26,0,56,3,31,78,0,112,32,32,104,0,168,24,0,24,192
07/15/2012,BLI,WA,ANM,WE,Federal Contract Tower,32,5,20,0,57,0,17,57,0,74,32,22,77,0,131,56,0,56,187
07/16/2012,BLI,WA,ANM,WE,Federal Contract Tower,31,13,28,0,72,0,23,89,0,112,31,36,117,0,184,26,0,26,210
07/17/2012,BLI,WA,ANM,WE,Federal Contract Tower,22,7,16,4,49,0,37,125,4,166,22,44,141,8,215,50,4,54,269
07/18/2012,BLI,WA,ANM,WE,Federal Contract Tower,30,13,29,0,72,0,41,76,5,122,30,54,105,5,194,46,0,46,240
07/19/2012,BLI,WA,ANM,WE,Federal Contract Tower,32,9,20,1,62,0,46,130,1,177,32,55,150,2,239,88,0,88,327
07/20/2012,BLI,WA,ANM,WE,Federal Contract Tower,31,13,28,0,72,0,38,29,0,67,31,51,57,0,139,6,0,6,145
07/21/2012,BLI,WA,ANM,WE,Federal Contract Tower,24,5,18,0,47,0,24,105,10,139,24,29,123,10,186,78,0,78,264
07/22/2012,BLI,WA,ANM,WE,Federal Contract Tower,32,3,27,5,67,0,23,36,0,59,32,26,63,5,126,56,0,56,182
07/23/2012,BLI,WA,ANM,WE,Federal Contract Tower,30,15,42,0,87,0,26,46,1,73,30,41,88,1,160,52,0,52,212
07/24/2012,BLI,WA,ANM,WE,Federal Contract Tower,22,15,57,0,94,0,40,90,2,132,22,55,147,2,226,128,0,128,354
07/25/2012,BLI,WA,ANM,WE,Federal Contract Tower,28,9,39,3,79,0,47,144,0,191,28,56,183,3,270,110,0,110,380
07/26/2012,BLI,WA,ANM,WE,Federal Contract Tower,31,8,40,0,79,0,45,112,3,160,31,53,152,3,239,100,0,100,339
07/27/2012,BLI,WA,ANM,WE,Federal Contract Tower,30,10,24,1,65,0,33,78,3,114,30,43,102,4,179,20,0,20,199
07/28/2012,BLI,WA,ANM,WE,Federal Contract Tower,24,2,12,0,38,0,24,120,0,144,24,26,132,0,182,92,0,92,274
07/29/2012,BLI,WA,ANM,WE,Federal Contract Tower,31,6,9,0,46,0,29,97,0,126,31,35,106,0,172,12,0,12,184
07/30/2012,BLI,WA,ANM,WE,Federal Contract Tower,30,9,22,0,61,0,36,74,0,110,30,45,96,0,171,44,0,44,215
07/31/2012,BLI,WA,ANM,WE,Federal Contract Tower,21,11,11,8,51,0,28,109,0,137,21,39,120,8,188,96,0,96,284
08/01/2012,BLI,WA,ANM,WE,Federal Contract Tower,31,12,25,0,68,0,43,101,3,147,31,55,126,3,215,88,14,102,317
08/02/2012,BLI,WA,ANM,WE,Federal Contract Tower,31,7,13,3,54,0,48,82,0,130,31,55,95,3,184,120,0,120,304
08/03/2012,BLI,WA,ANM,WE,Federal Contract Tower,31,4,17,0,52,0,43,123,1,167,31,47,140,1,219,114,0,114,333
08/04/2012,BLI,WA,ANM,WE,Federal Contract Tower,26,6,13,0,45,0,17,97,0,114,26,23,110,0,159,90,0,90,249
08/05/2012,BLI,WA,ANM,WE,Federal Contract Tower,33,1,15,0,49,0,23,125,0,148,33,24,140,0,197,16,0,16,213
08/06/2012,BLI,WA,ANM,WE,Federal Contract Tower,30,9,16,1,56,0,47,92,0,139,30,56,108,1,195,88,0,88,283
08/07/2012,BLI,WA,ANM,WE,Federal Contract Tower,18,11,15,1,45,0,29,55,0,84,18,40,70,1,129,54,0,54,183
08/08/2012,BLI,WA,ANM,WE,Federal Contract Tower,23,10,37,2,72,0,44,65,2,111,23,54,102,4,183,106,0,106,289
08/09/2012,BLI,WA,ANM,WE,Federal Contract Tower,33,8,27,0,68,0,32,105,0,137,33,40,132,0,205,86,0,86,291
08/10/2012,BLI,WA,ANM,WE,Federal Contract Tower,30,11,33,1,75,0,51,110,0,161,30,62,143,1,236,64,0,64,300
08/11/2012,BLI,WA,ANM,WE,Federal Contract Tower,24,5,11,0,40,0,29,101,2,132,24,34,112,2,172,72,0,72,244
08/12/2012,BLI,WA,ANM,WE,Federal Contract Tower,30,2,11,0,43,0,35,112,0,147,30,37,123,0,190,46,0,46,236
08/13/2012,BLI,WA,ANM,WE,Federal Contract Tower,30,11,21,2,64,0,49,94,0,143,30,60,115,2,207,98,0,98,305
08/14/2012,BLI,WA,ANM,WE,Federal Contract Tower,20,15,22,1,58,0,39,69,1,109,20,54,91,2,167,26,0,26,193
08/15/2012,BLI,WA,ANM,WE,Federal Contract Tower,21,6,10,1,38,0,37,104,1,142,21,43,114,2,180,16,0,16,196
08/16/2012,BLI,WA,ANM,WE,Federal Contract Tower,32,6,22,1,61,0,40,96,0,136,32,46,118,1,197,38,0,38,235
08/17/2012,BLI,WA,ANM,WE,Federal Contract Tower,31,7,27,8,73,0,43,106,3,152,31,50,133,11,225,66,0,66,291
08/18/2012,BLI,WA,ANM,WE,Federal Contract Tower,21,9,28,2,60,0,12,60,0,72,21,21,88,2,132,16,0,16,148
08/19/2012,BLI,WA,ANM,WE,Federal Contract Tower,32,5,20,0,57,0,26,78,0,104,32,31,98,0,161,24,0,24,185
08/20/2012,BLI,WA,ANM,WE,Federal Contract Tower,32,7,18,0,57,0,39,108,0,147,32,46,126,0,204,76,0,76,280
08/21/2012,BLI,WA,ANM,WE,Federal Contract Tower,19,10,15,3,47,0,40,54,5,99,19,50,69,8,146,48,6,54,200
08/22/2012,BLI,WA,ANM,WE,Federal Contract Tower,21,12,17,0,50,0,55,90,0,145,21,67,107,0,195,26,0,26,221
08/23/2012,BLI,WA,ANM,WE,Federal Contract Tower,34,8,31,0,73,0,31,83,3,117,34,39,114,3,190,134,0,134,324
08/24/2012,BLI,WA,ANM,WE,Federal Contract Tower,31,5,39,5,80,0,34,96,3,133,31,39,135,8,213,18,0,18,231
08/25/2012,BLI,WA,ANM,WE,Federal Contract Tower,19,4,20,0,43,0,22,107,0,129,19,26,127,0,172,72,0,72,244
08/26/2012,BLI,WA,ANM,WE,Federal Contract Tower,31,0,19,0,50,0,23,130,0,153,31,23,149,0,203,90,0,90,293
08/27/2012,BLI,WA,ANM,WE,Federal Contract Tower,30,7,12,4,53,0,38,94,0,132,30,45,106,4,185,76,4,80,265
08/28/2012,BLI,WA,ANM,WE,Federal Contract Tower,17,7,21,0,45,0,39,73,2,114,17,46,94,2,159,72,0,72,231
08/29/2012,BLI,WA,ANM,WE,Federal Contract Tower,22,6,22,3,53,0,39,64,5,108,22,45,86,8,161,26,0,26,187
08/30/2012,BLI,WA,ANM,WE,Federal Contract Tower,27,9,19,0,55,0,36,102,0,138,27,45,121,0,193,90,0,90,283
08/31/2012,BLI,WA,ANM,WE,Federal Contract Tower,29,9,40,0,78,0,49,151,1,201,29,58,191,1,279,42,0,42,321
09/01/2012,BLI,WA,ANM,WE,Federal Contract Tower,21,4,10,0,35,0,32,114,0,146,21,36,124,0,181,26,0,26,207
09/02/2012,BLI,WA,ANM,WE,Federal Contract Tower,29,2,10,0,41,0,25,88,0,113,29,27,98,0,154,4,0,4,158
09/03/2012,BLI,WA,ANM,WE,Federal Contract Tower,29,2,13,0,44,0,30,81,0,111,29,32,94,0,155,10,0,10,165
09/04/2012,BLI,WA,ANM,WE,Federal Contract Tower,17,13,16,0,46,0,31,66,1,98,17,44,82,1,144,28,0,28,172
09/05/2012,BLI,WA,ANM,WE,Federal Contract Tower,19,9,34,0,62,0,34,59,2,95,19,43,93,2,157,70,0,70,227
09/06/2012,BLI,WA,ANM,WE,Federal Contract Tower,24,7,17,0,48,0,29,106,5,140,24,36,123,5,188,92,2,94,282
09/07/2012,BLI,WA,ANM,WE,Federal Contract Tower,27,5,20,1,53,0,38,108,1,147,27,43,128,2,200,90,0,90,290
09/08/2012,BLI,WA,ANM,WE,Federal Contract Tower,18,2,16,0,36,0,30,97,3,130,18,32,113,3,166,22,0,22,188
09/09/2012,BLI,WA,ANM,WE,Federal Contract Tower,27,0,18,0,45,0,18,47,0,65,27,18,65,0,110,58,0,58,168
09/10/2012,BLI,WA,ANM,WE,Federal Contract Tower,29,4,16,0,49,0,41,45,0,86,29,45,61,0,135,62,0,62,197
09/11/2012,BLI,WA,ANM,WE,Federal Contract Tower,17,8,15,1,41,0,26,77,1,104,17,34,92,2,145,72,0,72,217
09/12/2012,BLI,WA,ANM,WE,Federal Contract Tower,19,6,26,1,52,0,30,78,2,110,19,36,104,3,162,62,0,62,224
09/13/2012,BLI,WA,ANM,WE,Federal Contract Tower,27,9,12,4,52,0,32,109,2,143,27,41,121,6,195,72,0,72,267
09/14/2012,BLI,WA,ANM,WE,Federal Contract Tower,27,9,14,0,50,0,42,140,0,182,27,51,154,0,232,102,0,102,334
09/15/2012,BLI,WA,ANM,WE,Federal Contract Tower,18,2,13,0,33,0,23,140,5,168,18,25,153,5,201,114,0,114,315
09/16/2012,BLI,WA,ANM,WE,Federal Contract Tower,30,0,14,0,44,0,19,119,0,138,30,19,133,0,182,26,0,26,208
09/17/2012,BLI,WA,ANM,WE,Federal Contract Tower,27,8,11,0,46,0,34,74,2,110,27,42,85,2,156,44,0,44,200
09/18/2012,BLI,WA,ANM,WE,Federal Contract Tower,15,8,25,0,48,0,45,64,0,109,15,53,89,0,157,80,0,80,237
09/19/2012,BLI,WA,ANM,WE,Federal Contract Tower,20,13,14,0,47,0,28,48,1,77,20,41,62,1,124,62,0,62,186
09/20/2012,BLI,WA,ANM,WE,Federal Contract Tower,30,10,15,0,55,0,38,62,0,100,30,48,77,0,155,78,0,78,233
09/21/2012,BLI,WA,ANM,WE,Federal Contract Tower,28,7,24,0,59,0,33,52,2,87,28,40,76,2,146,76,38,114,260
09/22/2012,BLI,WA,ANM,WE,Federal Contract Tower,16,3,14,3,36,0,15,67,5,87,16,18,81,8,123,42,0,42,165
09/23/2012,BLI,WA,ANM,WE,Federal Contract Tower,25,0,17,1,43,0,17,61,2,80,25,17,78,3,123,38,0,38,161
09/24/2012,BLI,WA,ANM,WE,Federal Contract Tower,28,7,15,0,50,0,25,59,0,84,28,32,74,0,134,84,0,84,218
09/25/2012,BLI,WA,ANM,WE,Federal Contract Tower,16,15,17,0,48,0,34,33,0,67,16,49,50,0,115,52,0,52,167
09/26/2012,BLI,WA,ANM,WE,Federal Contract Tower,17,7,16,6,46,0,22,35,4,61,17,29,51,10,107,48,10,58,165
09/27/2012,BLI,WA,ANM,WE,Federal Contract Tower,27,8,9,0,44,0,29,82,0,111,27,37,91,0,155,60,0,60,215
09/28/2012,BLI,WA,ANM,WE,Federal Contract Tower,26,8,19,0,53,0,46,97,2,145,26,54,116,2,198,134,0,134,332
09/29/2012,BLI,WA,ANM,WE,Federal Contract Tower,16,2,13,0,31,0,12,81,0,93,16,14,94,0,124,72,0,72,196
09/30/2012,BLI,WA,ANM,WE,Federal Contract Tower,26,6,8,0,40,0,12,104,0,116,26,18,112,0,156,44,0,44,200
10/01/2012,BLI,WA,ANM,WE,Federal Contract Tower,27,5,8,0,40,0,33,61,0,94,27,38,69,0,134,63,0,63,197
10/02/2012,BLI,WA,ANM,WE,Federal Contract Tower,15,10,13,0,38,0,22,64,0,86,15,32,77,0,124,80,2,82,206
10/03/2012,BLI,WA,ANM,WE,Federal Contract Tower,19,8,27,6,60,0,33,63,2,98,19,41,90,8,158,30,6,36,194
10/04/2012,BLI,WA,ANM,WE,Federal Contract Tower,24,6,14,0,44,0,28,86,0,114,24,34,100,0,158,70,0,70,228
10/05/2012,BLI,WA,ANM,WE,Federal Contract Tower,27,7,14,0,48,0,37,129,0,166,27,44,143,0,214,124,0,124,338
10/06/2012,BLI,WA,ANM,WE,Federal Contract Tower,18,3,9,0,30,0,24,80,0,104,18,27,89,0,134,80,0,80,214
10/07/2012,BLI,WA,ANM,WE,Federal Contract Tower,24,2,14,0,40,0,22,91,0,113,24,24,105,0,153,50,0,50,203
10/08/2012,BLI,WA,ANM,WE,Federal Contract Tower,27,3,15,0,45,0,26,84,0,110,27,29,99,0,155,66,0,66,221
10/09/2012,BLI,WA,ANM,WE,Federal Contract Tower,17,21,36,2,76,0,8,26,0,34,17,29,62,2,110,16,0,16,126
10/10/2012,BLI,WA,ANM,WE,Federal Contract Tower,21,9,20,7,57,0,0,0,0,0,21,9,20,7,57,0,0,0,57
10/11/2012,BLI,WA,ANM,WE,Federal Contract Tower,24,17,17,2,60,0,18,32,0,50,24,35,49,2,110,64,0,64,174
10/12/2012,BLI,WA,ANM,WE,Federal Contract Tower,26,17,4,0,47,0,27,43,0,70,26,44,47,0,117,46,0,46,163
10/13/2012,BLI,WA,ANM,WE,Federal Contract Tower,20,3,7,0,30,0,13,15,1,29,20,16,22,1,59,26,0,26,85
10/14/2012,BLI,WA,ANM,WE,Federal Contract Tower,25,1,9,0,35,0,9,10,0,19,25,10,19,0,54,0,0,0,54
10/15/2012,BLI,WA,ANM,WE,Federal Contract Tower,28,9,3,0,40,0,16,17,0,33,28,25,20,0,73,2,0,2,75
10/16/2012,BLI,WA,ANM,WE,Federal Contract Tower,20,5,12,6,43,0,26,62,4,92,20,31,74,10,135,58,0,58,193
10/17/2012,BLI,WA,ANM,WE,Federal Contract Tower,19,6,6,0,31,0,31,86,2,119,19,37,92,2,150,140,0,140,290
10/18/2012,BLI,WA,ANM,WE,Federal Contract Tower,24,6,15,0,45,0,32,40,0,72,24,38,55,0,117,24,0,24,141
10/19/2012,BLI,WA,ANM,WE,Federal Contract Tower,27,12,19,0,58,0,28,40,0,68,27,40,59,0,126,76,0,76,202
10/20/2012,BLI,WA,ANM,WE,Federal Contract Tower,22,2,1,0,25,0,24,103,5,132,22,26,104,5,157,202,0,202,359
10/21/2012,BLI,WA,ANM,WE,Federal Contract Tower,21,0,10,0,31,15,43,1,0,59,36,43,11,0,90,60,0,60,150
10/22/2012,BLI,WA,ANM,WE,Federal Contract Tower,26,6,8,0,40,0,28,37,2,67,26,34,45,2,107,2,0,2,109
10/23/2012,BLI,WA,ANM,WE,Federal Contract Tower,18,8,12,4,42,0,34,32,2,68,18,42,44,6,110,52,0,52,162
10/24/2012,BLI,WA,ANM,WE,Federal Contract Tower,22,7,2,0,31,0,40,47,0,87,22,47,49,0,118,112,0,112,230
10/25/2012,BLI,WA,ANM,WE,Federal Contract Tower,26,7,16,2,51,0,27,69,2,98,26,34,85,4,149,178,0,178,327
10/26/2012,BLI,WA,ANM,WE,Federal Contract Tower,25,11,13,0,49,0,31,29,0,60,25,42,42,0,109,60,0,60,169
10/27/2012,BLI,WA,ANM,WE,Federal Contract Tower,26,5,5,0,36,0,12,5,0,17,26,17,10,0,53,18,0,18,71
10/28/2012,BLI,WA,ANM,WE,Federal Contract Tower,23,1,10,0,34,0,14,55,1,70,23,15,65,1,104,90,0,90,194
10/29/2012,BLI,WA,ANM,WE,Federal Contract Tower,27,6,8,0,41,0,18,12,0,30,27,24,20,0,71,36,0,36,107
10/30/2012,BLI,WA,ANM,WE,Federal Contract Tower,19,13,14,0,46,0,25,6,1,32,19,38,20,1,78,10,16,26,104
10/31/2012,BLI,WA,ANM,WE,Federal Contract Tower,19,10,11,6,46,0,19,22,0,41,19,29,33,6,87,12,0,12,99
11/01/2012,BLI,WA,ANM,WE,Federal Contract Tower,29,4,13,2,48,0,21,42,0,63,29,25,55,2,111,70,0,70,181
11/02/2012,BLI,WA,ANM,WE,Federal Contract Tower,31,10,10,0,51,0,33,117,0,150,31,43,127,0,201,92,0,92,293
11/03/2012,BLI,WA,ANM,WE,Federal Contract Tower,20,0,10,0,30,0,6,31,0,37,20,6,41,0,67,36,0,36,103
11/04/2012,BLI,WA,ANM,WE,Federal Contract Tower,30,2,5,5,42,0,17,23,1,41,30,19,28,6,83,52,12,64,147
11/05/2012,BLI,WA,ANM,WE,Federal Contract Tower,32,4,15,0,51,0,26,77,2,105,32,30,92,2,156,78,0,78,234
11/06/2012,BLI,WA,ANM,WE,Federal Contract Tower,18,7,9,0,34,0,15,18,0,33,18,22,27,0,67,46,0,46,113
11/07/2012,BLI,WA,ANM,WE,Federal Contract Tower,22,6,3,4,35,0,34,61,4,99,22,40,64,8,134,58,0,58,192
11/08/2012,BLI,WA,ANM,WE,Federal Contract Tower,26,8,12,3,49,0,28,52,3,83,26,36,64,6,132,46,0,46,178
11/09/2012,BLI,WA,ANM,WE,Federal Contract Tower,29,6,26,0,61,0,46,85,3,134,29,52,111,3,195,46,0,46,241
11/10/2012,BLI,WA,ANM,WE,Federal Contract Tower,23,2,11,0,36,0,13,90,5,108,23,15,101,5,144,48,0,48,192
11/11/2012,BLI,WA,ANM,WE,Federal Contract Tower,28,0,8,0,36,0,12,32,0,44,28,12,40,0,80,110,0,110,190
11/12/2012,BLI,WA,ANM,WE,Federal Contract Tower,23,6,13,0,42,0,20,14,0,34,23,26,27,0,76,46,0,46,122
11/13/2012,BLI,WA,ANM,WE,Federal Contract Tower,20,7,32,2,61,0,17,28,0,45,20,24,60,2,106,26,0,26,132
11/14/2012,BLI,WA,ANM,WE,Federal Contract Tower,23,17,28,1,69,0,13,26,8,47,23,30,54,9,116,22,0,22,138
11/15/2012,BLI,WA,ANM,WE,Federal Contract Tower,26,11,23,0,60,0,16,71,0,87,26,27,94,0,147,170,0,170,317
11/16/2012,BLI,WA,ANM,WE,Federal Contract Tower,28,7,18,0,53,0,31,49,3,83,28,38,67,3,136,70,26,96,232
11/17/2012,BLI,WA,ANM,WE,Federal Contract Tower,21,4,15,0,40,0,11,11,0,22,21,15,26,0,62,24,0,24,86
11/18/2012,BLI,WA,ANM,WE,Federal Contract Tower,25,3,15,0,43,0,8,3,0,11,25,11,18,0,54,10,0,10,64
11/19/2012,BLI,WA,ANM,WE,Federal Contract Tower,28,5,26,0,59,0,9,4,0,13,28,14,30,0,72,20,0,20,92
11/20/2012,BLI,WA,ANM,WE,Federal Contract Tower,25,11,33,0,69,0,32,31,0,63,25,43,64,0,132,112,0,112,244
11/21/2012,BLI,WA,ANM,WE,Federal Contract Tower,29,7,12,0,48,0,26,26,0,52,29,33,38,0,100,24,0,24,124
11/22/2012,BLI,WA,ANM,WE,Federal Contract Tower,20,2,6,0,28,0,4,19,0,23,20,6,25,0,51,34,0,34,85
11/23/2012,BLI,WA,ANM,WE,Federal Contract Tower,20,9,4,0,33,0,19,10,0,29,20,28,14,0,62,10,0,10,72
11/24/2012,BLI,WA,ANM,WE,Federal Contract Tower,26,4,8,0,38,0,10,55,2,67,26,14,63,2,105,76,4,80,185
11/25/2012,BLI,WA,ANM,WE,Federal Contract Tower,25,3,24,1,53,0,13,37,1,51,25,16,61,2,104,40,0,40,144
11/26/2012,BLI,WA,ANM,WE,Federal Contract Tower,32,4,10,2,48,0,28,90,2,120,32,32,100,4,168,116,0,116,284
11/27/2012,BLI,WA,ANM,WE,Federal Contract Tower,22,7,13,4,46,0,31,70,3,104,22,38,83,7,150,92,12,104,254
11/28/2012,BLI,WA,ANM,WE,Federal Contract Tower,23,5,9,0,37,0,27,49,2,78,23,32,58,2,115,108,0,108,223
11/29/2012,BLI,WA,ANM,WE,Federal Contract Tower,27,7,11,6,51,0,23,16,3,42,27,30,27,9,93,4,0,4,97
11/30/2012,BLI,WA,ANM,WE,Federal Contract Tower,29,9,9,6,53,0,19,14,4,37,29,28,23,10,90,2,0,2,92
12/01/2012,BLI,WA,ANM,WE,Federal Contract Tower,19,2,8,0,29,0,4,12,1,17,19,6,20,1,46,0,0,0,46
12/02/2012,BLI,WA,ANM,WE,Federal Contract Tower,25,0,2,0,27,0,17,17,2,36,25,17,19,2,63,12,0,12,75
12/03/2012,BLI,WA,ANM,WE,Federal Contract Tower,30,8,8,2,48,0,25,19,0,44,30,33,27,2,92,38,0,38,130
12/04/2012,BLI,WA,ANM,WE,Federal Contract Tower,19,7,6,0,32,0,22,12,0,34,19,29,18,0,66,16,0,16,82
12/05/2012,BLI,WA,ANM,WE,Federal Contract Tower,20,3,13,0,36,0,40,37,2,79,20,43,50,2,115,48,0,48,163
12/06/2012,BLI,WA,ANM,WE,Federal Contract Tower,25,6,13,0,44,0,20,12,0,32,25,26,25,0,76,8,0,8,84
12/07/2012,BLI,WA,ANM,WE,Federal Contract Tower,28,9,12,0,49,0,30,28,0,58,28,39,40,0,107,0,0,0,107
12/08/2012,BLI,WA,ANM,WE,Federal Contract Tower,18,2,10,2,32,0,18,62,0,80,18,20,72,2,112,60,0,60,172
12/09/2012,BLI,WA,ANM,WE,Federal Contract Tower,25,0,5,0,30,0,2,7,0,9,25,2,12,0,39,28,0,28,67
12/10/2012,BLI,WA,ANM,WE,Federal Contract Tower,29,6,11,0,46,0,14,20,0,34,29,20,31,0,80,58,0,58,138
12/11/2012,BLI,WA,ANM,WE,Federal Contract Tower,18,10,11,0,39,0,25,6,0,31,18,35,17,0,70,12,0,12,82
12/12/2012,BLI,WA,ANM,WE,Federal Contract Tower,23,17,12,2,54,0,19,33,0,52,23,36,45,2,106,106,0,106,212
12/13/2012,BLI,WA,ANM,WE,Federal Contract Tower,27,11,13,2,53,0,32,35,0,67,27,43,48,2,120,48,0,48,168
12/14/2012,BLI,WA,ANM,WE,Federal Contract Tower,27,15,3,0,45,0,21,39,0,60,27,36,42,0,105,86,0,86,191
12/15/2012,BLI,WA,ANM,WE,Federal Contract Tower,21,2,1,0,24,0,13,2,0,15,21,15,3,0,39,0,0,0,39
12/16/2012,BLI,WA,ANM,WE,Federal Contract Tower,31,1,9,0,41,0,11,17,0,28,31,12,26,0,69,4,0,4,73
12/17/2012,BLI,WA,ANM,WE,Federal Contract Tower,32,10,4,0,46,0,16,15,2,33,32,26,19,2,79,32,0,32,111
12/18/2012,BLI,WA,ANM,WE,Federal Contract Tower,20,8,8,0,36,0,23,15,0,38,20,31,23,0,74,0,0,0,74
12/19/2012,BLI,WA,ANM,WE,Federal Contract Tower,30,15,3,0,48,0,12,6,0,18,30,27,9,0,66,18,0,18,84
12/20/2012,BLI,WA,ANM,WE,Federal Contract Tower,28,8,3,0,39,0,33,21,0,54,28,41,24,0,93,4,0,4,97
12/21/2012,BLI,WA,ANM,WE,Federal Contract Tower,31,8,20,0,59,1,14,28,0,43,32,22,48,0,102,90,0,90,192
12/22/2012,BLI,WA,ANM,WE,Federal Contract Tower,25,6,4,0,35,0,13,22,0,35,25,19,26,0,70,98,0,98,168
12/23/2012,BLI,WA,ANM,WE,Federal Contract Tower,26,2,11,0,39,0,16,38,0,54,26,18,49,0,93,64,0,64,157
12/24/2012,BLI,WA,ANM,WE,Federal Contract Tower,31,14,9,0,54,0,7,2,0,9,31,21,11,0,63,0,0,0,63
12/25/2012,BLI,WA,ANM,WE,Federal Contract Tower,20,0,2,0,22,0,4,14,0,18,20,4,16,0,40,0,0,0,40
12/26/2012,BLI,WA,ANM,WE,Federal Contract Tower,28,7,20,0,55,0,29,25,3,57,28,36,45,3,112,20,0,20,132
12/27/2012,BLI,WA,ANM,WE,Federal Contract Tower,26,18,16,0,60,0,4,0,0,4,26,22,16,0,64,0,0,0,64
12/28/2012,BLI,WA,ANM,WE,Federal Contract Tower,30,11,6,3,50,0,27,54,2,83,30,38,60,5,133,48,4,52,185
12/29/2012,BLI,WA,ANM,WE,Federal Contract Tower,28,7,3,0,38,0,3,5,0,8,28,10,8,0,46,54,0,54,100
12/30/2012,BLI,WA,ANM,WE,Federal Contract Tower,27,1,10,0,38,0,8,50,2,60,27,9,60,2,98,68,6,74,172
12/31/2012,BLI,WA,ANM,WE,Federal Contract Tower,27,6,5,0,38,0,38,47,4,89,27,44,52,4,127,42,0,42,169
01/01/2013,BLI,WA,ANM,WE,Federal Contract Tower,22,2,8,4,36,0,10,79,0,89,22,12,87,4,125,42,2,44,169
01/02/2013,BLI,WA,ANM,WE,Federal Contract Tower,26,6,7,2,41,0,39,83,1,123,26,45,90,3,164,88,0,88,252
01/03/2013,BLI,WA,ANM,WE,Federal Contract Tower,27,7,18,2,54,0,38,83,3,124,27,45,101,5,178,142,8,150,328
01/04/2013,BLI,WA,ANM,WE,Federal Contract Tower,22,19,10,0,51,0,10,6,0,16,22,29,16,0,67,8,0,8,75
01/05/2013,BLI,WA,ANM,WE,Federal Contract Tower,24,2,5,0,31,0,15,43,0,58,24,17,48,0,89,30,0,30,119
01/06/2013,BLI,WA,ANM,WE,Federal Contract Tower,27,0,6,0,33,0,7,19,2,28,27,7,25,2,61,38,0,38,99
01/07/2013,BLI,WA,ANM,WE,Federal Contract Tower,29,6,6,0,41,0,12,18,0,30,29,18,24,0,71,68,0,68,139
01/08/2013,BLI,WA,ANM,WE,Federal Contract Tower,20,9,18,0,47,0,27,14,0,41,20,36,32,0,88,0,0,0,88
01/09/2013,BLI,WA,ANM,WE,Federal Contract Tower,23,10,8,1,42,0,30,33,1,64,23,40,41,2,106,26,0,26,132
01/10/2013,BLI,WA,ANM,WE,Federal Contract Tower,24,13,13,2,52,0,30,30,0,60,24,43,43,2,112,22,22,44,156
01/11/2013,BLI,WA,ANM,WE,Federal Contract Tower,26,6,8,2,42,0,33,95,4,132,26,39,103,6,174,66,0,66,240
01/12/2013,BLI,WA,ANM,WE,Federal Contract Tower,16,7,9,2,34,0,12,87,2,101,16,19,96,4,135,70,0,70,205
01/13/2013,BLI,WA,ANM,WE,Federal Contract Tower,25,3,8,0,36,0,6,43,1,50,25,9,51,1,86,48,0,48,134
01/14/2013,BLI,WA,ANM,WE,Federal Contract Tower,31,6,9,2,48,0,19,15,2,36,31,25,24,4,84,0,0,0,84
01/15/2013,BLI,WA,ANM,WE,Federal Contract Tower,20,8,9,2,39,0,29,45,0,74,20,37,54,2,113,26,0,26,139
01/16/2013,BLI,WA,ANM,WE,Federal Contract Tower,22,6,15,2,45,0,26,50,5,81,22,32,65,7,126,50,6,56,182
01/17/2013,BLI,WA,ANM,WE,Federal Contract Tower,23,3,15,2,43,0,16,55,2,73,23,19,70,4,116,100,20,120,236
01/18/2013,BLI,WA,ANM,WE,Federal Contract Tower,23,14,9,0,46,0,0,0,0,0,23,14,9,0,46,0,0,0,46
01/19/2013,BLI,WA,ANM,WE,Federal Contract Tower,21,1,2,0,24,0,0,0,0,0,21,1,2,0,24,0,0,0,24
01/20/2013,BLI,WA,ANM,WE,Federal Contract Tower,20,0,12,0,32,0,9,36,0,45,20,9,48,0,77,36,0,36,113
01/21/2013,BLI,WA,ANM,WE,Federal Contract Tower,21,9,15,0,45,0,19,41,0,60,21,28,56,0,105,28,0,28,133
01/22/2013,BLI,WA,ANM,WE,Federal Contract Tower,25,7,23,0,55,1,9,24,0,34,26,16,47,0,89,28,0,28,117
01/23/2013,BLI,WA,ANM,WE,Federal Contract Tower,23,5,17,0,45,0,19,35,0,54,23,24,52,0,99,2,0,2,101
01/24/2013,BLI,WA,ANM,WE,Federal Contract Tower,23,8,30,0,61,0,13,53,0,66,23,21,83,0,127,26,0,26,153
01/25/2013,BLI,WA,ANM,WE,Federal Contract Tower,25,6,6,0,37,0,32,49,0,81,25,38,55,0,118,68,0,68,186
01/26/2013,BLI,WA,ANM,WE,Federal Contract Tower,16,3,7,0,26,0,15,15,0,30,16,18,22,0,56,0,0,0,56
01/27/2013,BLI,WA,ANM,WE,Federal Contract Tower,23,3,10,0,36,0,5,26,0,31,23,8,36,0,67,22,0,22,89
01/28/2013,BLI,WA,ANM,WE,Federal Contract Tower,27,8,10,0,45,0,18,24,0,42,27,26,34,0,87,24,0,24,111
01/29/2013,BLI,WA,ANM,WE,Federal Contract Tower,23,11,23,0,57,0,19,29,0,48,23,30,52,0,105,14,0,14,119
01/30/2013,BLI,WA,ANM,WE,Federal Contract Tower,25,14,16,4,59,0,0,2,0,2,25,14,18,4,61,4,0,4,65
01/31/2013,BLI,WA,ANM,WE,Federal Contract Tower,45,10,26,5,86,0,13,17,2,32,45,23,43,7,118,40,0,40,158
02/01/2013,BLI,WA,ANM,WE,Federal Contract Tower,28,9,18,0,55,0,33,69,0,102,28,42,87,0,157,128,0,128,285
02/02/2013,BLI,WA,ANM,WE,Federal Contract Tower,18,10,20,0,48,0,10,82,2,94,18,20,102,2,142,82,0,82,224
02/03/2013,BLI,WA,ANM,WE,Federal Contract Tower,24,9,15,0,48,0,2,1,0,3,24,11,16,0,51,0,0,0,51
02/04/2013,BLI,WA,ANM,WE,Federal Contract Tower,29,8,11,5,53,0,20,41,0,61,29,28,52,5,114,48,0,48,162
02/05/2013,BLI,WA,ANM,WE,Federal Contract Tower,21,8,7,1,37,0,27,15,1,43,21,35,22,2,80,4,20,24,104
02/06/2013,BLI,WA,ANM,WE,Federal Contract Tower,22,7,6,0,35,0,31,31,1,63,22,38,37,1,98,0,0,0,98
02/07/2013,BLI,WA,ANM,WE,Federal Contract Tower,27,6,12,2,47,0,22,56,0,78,27,28,68,2,125,114,0,114,239
02/08/2013,BLI,WA,ANM,WE,Federal Contract Tower,30,5,26,2,63,0,45,59,7,111,30,50,85,9,174,54,6,60,234
02/09/2013,BLI,WA,ANM,WE,Federal Contract Tower,17,2,13,0,32,0,13,19,1,33,17,15,32,1,65,36,2,38,103
02/10/2013,BLI,WA,ANM,WE,Federal Contract Tower,29,0,5,0,34,0,5,83,0,88,29,5,88,0,122,26,0,26,148
02/11/2013,BLI,WA,ANM,WE,Federal Contract Tower,31,13,18,0,62,0,5,16,0,21,31,18,34,0,83,8,0,8,91
02/12/2013,BLI,WA,ANM,WE,Federal Contract Tower,22,11,9,6,48,0,24,21,0,45,22,35,30,6,93,46,0,46,139
02/13/2013,BLI,WA,ANM,WE,Federal Contract Tower,28,6,10,0,44,0,40,59,7,106,28,46,69,7,150,34,0,34,184
02/14/2013,BLI,WA,ANM,WE,Federal Contract Tower,32,17,32,2,83,0,27,17,1,45,32,44,49,3,128,40,0,40,168
02/15/2013,BLI,WA,ANM,WE,Federal Contract Tower,33,9,23,0,65,0,21,76,2,99,33,30,99,2,164,102,0,102,266
02/16/2013,BLI,WA,ANM,WE,Federal Contract Tower,23,2,12,0,37,0,8,44,1,53,23,10,56,1,90,60,0,60,150
02/17/2013,BLI,WA,ANM,WE,Federal Contract Tower,33,2,9,0,44,0,17,50,0,67,33,19,59,0,111,18,0,18,129
02/18/2013,BLI,WA,ANM,WE,Federal Contract Tower,30,5,8,2,45,0,28,29,0,57,30,33,37,2,102,22,0,22,124
02/19/2013,BLI,WA,ANM,WE,Federal Contract Tower,24,7,20,2,53,0,25,81,3,109,24,32,101,5,162,108,2,110,272
02/20/2013,BLI,WA,ANM,WE,Federal Contract Tower,29,9,14,2,54,0,20,47,0,67,29,29,61,2,121,68,0,68,189
02/21/2013,BLI,WA,ANM,WE,Federal Contract Tower,31,9,17,0,57,0,13,5,4,22,31,22,22,4,79,6,0,6,85
02/22/2013,BLI,WA,ANM,WE,Federal Contract Tower,32,7,6,0,45,0,25,5,0,30,32,32,11,0,75,2,0,2,77
02/23/2013,BLI,WA,ANM,WE,Federal Contract Tower,25,2,6,0,33,0,8,53,0,61,25,10,59,0,94,82,0,82,176
02/24/2013,BLI,WA,ANM,WE,Federal Contract Tower,31,0,7,0,38,0,8,17,0,25,31,8,24,0,63,2,0,2,65
02/25/2013,BLI,WA,ANM,WE,Federal Contract Tower,33,4,3,0,40,0,22,15,0,37,33,26,18,0,77,18,0,18,95
02/26/2013,BLI,WA,ANM,WE,Federal Contract Tower,22,6,16,1,45,0,32,41,3,76,22,38,57,4,121,90,0,90,211
02/27/2013,BLI,WA,ANM,WE,Federal Contract Tower,30,7,7,0,44,0,22,53,0,75,30,29,60,0,119,62,0,62,181
02/28/2013,BLI,WA,ANM,WE,Federal Contract Tower,33,6,16,0,55,0,23,19,0,42,33,29,35,0,97,10,0,10,107
03/01/2013,BLI,WA,ANM,WE,Federal Contract Tower,39,1,13,1,54,0,22,13,1,36,39,23,26,2,90,0,10,10,100
03/02/2013,BLI,WA,ANM,WE,Federal Contract Tower,23,4,9,0,36,0,14,25,0,39,23,18,34,0,75,26,0,26,101
03/03/2013,BLI,WA,ANM,WE,Federal Contract Tower,34,1,4,0,39,0,5,67,0,72,34,6,71,0,111,54,0,54,165
03/04/2013,BLI,WA,ANM,WE,Federal Contract Tower,31,4,11,2,48,0,29,85,0,114,31,33,96,2,162,102,0,102,264
03/05/2013,BLI,WA,ANM,WE,Federal Contract Tower,24,10,13,0,47,0,20,28,1,49,24,30,41,1,96,34,0,34,130
03/06/2013,BLI,WA,ANM,WE,Federal Contract Tower,30,12,7,0,49,0,23,21,0,44,30,35,28,0,93,6,0,6,99
03/07/2013,BLI,WA,ANM,WE,Federal Contract Tower,33,7,16,0,56,0,16,29,0,45,33,23,45,0,101,48,0,48,149
03/08/2013,BLI,WA,ANM,WE,Federal Contract Tower,29,4,8,0,41,0,33,87,4,124,29,37,95,4,165,86,0,86,251
03/09/2013,BLI,WA,ANM,WE,Federal Contract Tower,26,4,15,0,45,0,13,132,2,147,26,17,147,2,192,172,0,172,364
03/10/2013,BLI,WA,ANM,WE,Federal Contract Tower,32,0,13,3,48,0,7,35,2,44,32,7,48,5,92,112,0,112,204
03/11/2013,BLI,WA,ANM,WE,Federal Contract Tower,32,4,10,0,46,0,34,55,0,89,32,38,65,0,135,26,0,26,161
03/12/2013,BLI,WA,ANM,WE,Federal Contract Tower,24,9,8,0,41,0,16,4,0,20,24,25,12,0,61,0,0,0,61
03/13/2013,BLI,WA,ANM,WE,Federal Contract Tower,33,5,14,2,54,0,24,13,0,37,33,29,27,2,91,2,0,2,93
03/14/2013,BLI,WA,ANM,WE,Federal Contract Tower,31,5,7,2,45,0,21,22,0,43,31,26,29,2,88,20,0,20,108
03/15/2013,BLI,WA,ANM,WE,Federal Contract Tower,35,8,18,2,63,0,30,47,2,79,35,38,65,4,142,58,0,58,200
03/16/2013,BLI,WA,ANM,WE,Federal Contract Tower,26,8,5,0,39,0,10,22,0,32,26,18,27,0,71,50,0,50,121
03/17/2013,BLI,WA,ANM,WE,Federal Contract Tower,33,0,6,0,39,0,10,66,0,76,33,10,72,0,115,88,0,88,203
03/18/2013,BLI,WA,ANM,WE,Federal Contract Tower,31,5,8,2,46,0,45,49,0,94,31,50,57,2,140,32,0,32,172
03/19/2013,BLI,WA,ANM,WE,Federal Contract Tower,26,5,14,0,45,0,20,38,0,58,26,25,52,0,103,36,0,36,139
03/20/2013,BLI,WA,ANM,WE,Federal Contract Tower,33,5,8,0,46,0,14,22,0,36,33,19,30,0,82,0,0,0,82
03/21/2013,BLI,WA,ANM,WE,Federal Contract Tower,34,9,13,0,56,0,26,41,1,68,34,35,54,1,124,16,0,16,140
03/22/2013,BLI,WA,ANM,WE,Federal Contract Tower,33,8,11,0,52,0,41,62,0,103,33,49,73,0,155,86,0,86,241
03/23/2013,BLI,WA,ANM,WE,Federal Contract Tower,28,2,11,0,41,0,15,114,1,130,28,17,125,1,171,110,0,110,281
03/24/2013,BLI,WA,ANM,WE,Federal Contract Tower,33,4,12,0,49,0,7,78,3,88,33,11,90,3,137,80,0,80,217
03/25/2013,BLI,WA,ANM,WE,Federal Contract Tower,37,5,21,0,63,0,27,71,2,100,37,32,92,2,163,46,0,46,209
03/26/2013,BLI,WA,ANM,WE,Federal Contract Tower,23,5,14,0,42,0,29,69,1,99,23,34,83,1,141,78,0,78,219
03/27/2013,BLI,WA,ANM,WE,Federal Contract Tower,30,7,9,1,47,0,35,57,0,92,30,42,66,1,139,44,0,44,183
03/28/2013,BLI,WA,ANM,WE,Federal Contract Tower,30,7,6,0,43,0,26,78,0,104,30,33,84,0,147,10,0,10,157
03/29/2013,BLI,WA,ANM,WE,Federal Contract Tower,33,5,14,0,52,0,30,92,0,122,33,35,106,0,174,62,0,62,236
03/30/2013,BLI,WA,ANM,WE,Federal Contract Tower,26,4,5,0,35,0,15,120,3,138,26,19,125,3,173,54,0,54,227
03/31/2013,BLI,WA,ANM,WE,Federal Contract Tower,31,1,1,0,33,0,6,78,0,84,31,7,79,0,117,44,0,44,161
04/01/2013,BLI,WA,ANM,WE,Federal Contract Tower,35,5,19,0,59,0,21,59,0,80,35,26,78,0,139,4,0,4,143
04/02/2013,BLI,WA,ANM,WE,Federal Contract Tower,23,11,8,4,46,0,27,61,0,88,23,38,69,4,134,40,0,40,174
04/03/2013,BLI,WA,ANM,WE,Federal Contract Tower,29,13,14,8,64,0,33,75,0,108,29,46,89,8,172,40,0,40,212
04/04/2013,BLI,WA,ANM,WE,Federal Contract Tower,33,10,13,6,62,0,18,36,3,57,33,28,49,9,119,0,0,0,119
04/05/2013,BLI,WA,ANM,WE,Federal Contract Tower,30,6,9,0,45,0,29,22,2,53,30,35,31,2,98,16,0,16,114
04/06/2013,BLI,WA,ANM,WE,Federal Contract Tower,23,2,4,0,29,0,14,30,3,47,23,16,34,3,76,36,0,36,112
04/07/2013,BLI,WA,ANM,WE,Federal Contract Tower,33,1,11,0,45,0,7,14,0,21,33,8,25,0,66,22,0,22,88
04/08/2013,BLI,WA,ANM,WE,Federal Contract Tower,35,6,0,0,41,0,25,50,0,75,35,31,50,0,116,18,0,18,134
04/09/2013,BLI,WA,ANM,WE,Federal Contract Tower,23,4,15,0,42,0,30,45,0,75,23,34,60,0,117,18,0,18,135
04/10/2013,BLI,WA,ANM,WE,Federal Contract Tower,35,9,7,12,63,0,20,19,1,40,35,29,26,13,103,34,12,46,149
04/11/2013,BLI,WA,ANM,WE,Federal Contract Tower,36,19,10,2,67,0,32,97,5,134,36,51,107,7,201,84,2,86,287
04/12/2013,BLI,WA,ANM,WE,Federal Contract Tower,30,10,11,0,51,0,35,45,0,80,30,45,56,0,131,10,0,10,141
04/13/2013,BLI,WA,ANM,WE,Federal Contract Tower,24,5,2,0,31,0,12,13,0,25,24,17,15,0,56,18,0,18,74
04/14/2013,BLI,WA,ANM,WE,Federal Contract Tower,34,0,5,2,41,0,5,49,0,54,34,5,54,2,95,56,0,56,151
04/15/2013,BLI,WA,ANM,WE,Federal Contract Tower,32,3,24,0,59,0,37,82,6,125,32,40,106,6,184,52,18,70,254
04/16/2013,BLI,WA,ANM,WE,Federal Contract Tower,20,8,33,3,64,0,35,132,3,170,20,43,165,6,234,52,2,54,288
04/17/2013,BLI,WA,ANM,WE,Federal Contract Tower,28,12,30,0,70,0,32,90,0,122,28,44,120,0,192,20,0,20,212
04/18/2013,BLI,WA,ANM,WE,Federal Contract Tower,29,9,30,2,70,0,23,15,0,38,29,32,45,2,108,0,0,0,108
04/19/2013,BLI,WA,ANM,WE,Federal Contract Tower,32,10,27,0,69,0,15,10,0,25,32,25,37,0,94,0,0,0,94
04/20/2013,BLI,WA,ANM,WE,Federal Contract Tower,23,2,16,1,42,0,14,55,3,72,23,16,71,4,114,58,0,58,172
04/21/2013,BLI,WA,ANM,WE,Federal Contract Tower,30,4,7,1,42,0,12,41,0,53,30,16,48,1,95,10,10,20,115
04/22/2013,BLI,WA,ANM,WE,Federal Contract Tower,34,8,15,1,58,1,37,96,2,136,35,45,111,3,194,68,0,68,262
04/23/2013,BLI,WA,ANM,WE,Federal Contract Tower,22,7,19,1,49,0,31,132,6,169,22,38,151,7,218,58,6,64,282
04/24/2013,BLI,WA,ANM,WE,Federal Contract Tower,28,8,29,1,66,0,38,152,2,192,28,46,181,3,258,56,0,56,314
04/25/2013,BLI,WA,ANM,WE,Federal Contract Tower,30,13,38,0,81,0,31,113,2,146,30,44,151,2,227,94,0,94,321
04/26/2013,BLI,WA,ANM,WE,Federal Contract Tower,26,7,16,2,51,0,30,78,2,110,26,37,94,4,161,26,0,26,187
04/27/2013,BLI,WA,ANM,WE,Federal Contract Tower,23,4,18,0,45,0,14,25,4,43,23,18,43,4,88,18,6,24,112
04/28/2013,BLI,WA,ANM,WE,Federal Contract Tower,32,2,18,0,52,0,8,46,0,54,32,10,64,0,106,22,0,22,128
04/29/2013,BLI,WA,ANM,WE,Federal Contract Tower,33,7,14,0,54,2,19,84,0,105,35,26,98,0,159,24,0,24,183
04/30/2013,BLI,WA,ANM,WE,Federal Contract Tower,20,10,17,0,47,0,33,77,0,110,20,43,94,0,157,49,0,49,206
05/01/2013,BLI,WA,ANM,WE,Federal Contract Tower,31,9,15,0,55,0,20,110,0,130,31,29,125,0,185,46,0,46,231
05/02/2013,BLI,WA,ANM,WE,Federal Contract Tower,28,12,11,0,51,0,20,98,1,119,28,32,109,1,170,62,0,62,232
05/03/2013,BLI,WA,ANM,WE,Federal Contract Tower,30,6,18,6,60,0,54,108,2,164,30,60,126,8,224,36,2,38,262
05/04/2013,BLI,WA,ANM,WE,Federal Contract Tower,27,2,9,0,38,0,11,111,0,122,27,13,120,0,160,52,0,52,212
05/05/2013,BLI,WA,ANM,WE,Federal Contract Tower,30,4,8,0,42,0,13,103,1,117,30,17,111,1,159,56,0,56,215
05/06/2013,BLI,WA,ANM,WE,Federal Contract Tower,31,6,15,3,55,0,27,79,1,107,31,33,94,4,162,72,10,82,244
05/07/2013,BLI,WA,ANM,WE,Federal Contract Tower,34,7,8,1,50,0,19,68,4,91,34,26,76,5,141,26,2,28,169
05/08/2013,BLI,WA,ANM,WE,Federal Contract Tower,30,13,17,7,67,0,25,64,0,89,30,38,81,7,156,42,0,42,198
05/09/2013,BLI,WA,ANM,WE,Federal Contract Tower,27,9,32,3,71,0,16,53,2,71,27,25,85,5,142,56,18,74,216
05/10/2013,BLI,WA,ANM,WE,Federal Contract Tower,30,6,15,2,53,0,43,92,4,139,30,49,107,6,192,84,0,84,276
05/11/2013,BLI,WA,ANM,WE,Federal Contract Tower,24,2,10,0,36,0,24,94,2,120,24,26,104,2,156,36,0,36,192
05/12/2013,BLI,WA,ANM,WE,Federal Contract Tower,32,2,8,0,42,0,8,28,0,36,32,10,36,0,78,2,0,2,80
05/13/2013,BLI,WA,ANM,WE,Federal Contract Tower,32,9,11,0,52,0,35,26,0,61,32,44,37,0,113,34,0,34,147
05/14/2013,BLI,WA,ANM,WE,Federal Contract Tower,19,8,23,0,50,0,18,62,4,84,19,26,85,4,134,36,10,46,180
05/15/2013,BLI,WA,ANM,WE,Federal Contract Tower,30,7,18,0,55,0,26,63,0,89,30,33,81,0,144,54,0,54,198
05/16/2013,BLI,WA,ANM,WE,Federal Contract Tower,28,5,16,0,49,0,21,146,1,168,28,26,162,1,217,142,0,142,359
05/17/2013,BLI,WA,ANM,WE,Federal Contract Tower,34,7,23,1,65,0,33,66,12,111,34,40,89,13,176,22,26,48,224
05/18/2013,BLI,WA,ANM,WE,Federal Contract Tower,26,4,9,0,39,0,15,40,1,56,26,19,49,1,95,24,0,24,119
05/19/2013,BLI,WA,ANM,WE,Federal Contract Tower,32,0,8,0,40,0,12,90,0,102,32,12,98,0,142,46,0,46,188
05/20/2013,BLI,WA,ANM,WE,Federal Contract Tower,38,10,8,0,56,0,38,88,6,132,38,48,96,6,188,72,0,72,260
05/21/2013,BLI,WA,ANM,WE,Federal Contract Tower,20,15,38,2,75,0,18,28,0,46,20,33,66,2,121,32,16,48,169
05/22/2013,BLI,WA,ANM,WE,Federal Contract Tower,31,9,40,2,82,0,49,74,1,124,31,58,114,3,206,139,22,161,367
05/23/2013,BLI,WA,ANM,WE,Federal Contract Tower,30,14,45,2,91,0,22,55,0,77,30,36,100,2,168,48,6,54,222
05/24/2013,BLI,WA,ANM,WE,Federal Contract Tower,32,4,38,0,74,0,38,93,2,133,32,42,131,2,207,66,22,88,295
05/25/2013,BLI,WA,ANM,WE,Federal Contract Tower,27,10,23,0,60,0,23,90,0,113,27,33,113,0,173,72,0,72,245
05/26/2013,BLI,WA,ANM,WE,Federal Contract Tower,30,3,17,0,50,0,8,33,0,41,30,11,50,0,91,0,0,0,91
05/27/2013,BLI,WA,ANM,WE,Federal Contract Tower,32,7,10,0,49,0,22,48,0,70,32,29,58,0,119,27,0,27,146
05/28/2013,BLI,WA,ANM,WE,Federal Contract Tower,18,7,25,16,66,0,23,45,0,68,18,30,70,16,134,58,0,58,192
05/29/2013,BLI,WA,ANM,WE,Federal Contract Tower,29,12,26,1,68,0,27,40,1,68,29,39,66,2,136,74,0,74,210
05/30/2013,BLI,WA,ANM,WE,Federal Contract Tower,28,9,18,0,55,0,24,54,0,78,28,33,72,0,133,110,0,110,243
05/31/2013,BLI,WA,ANM,WE,Federal Contract Tower,32,9,18,4,63,0,38,102,0,140,32,47,120,4,203,113,0,113,316
06/01/2013,BLI,WA,ANM,WE,Federal Contract Tower,22,5,16,1,44,0,18,91,3,112,22,23,107,4,156,50,8,58,214
06/02/2013,BLI,WA,ANM,WE,Federal Contract Tower,29,2,6,0,37,0,15,110,0,125,29,17,116,0,162,60,0,60,222
06/03/2013,BLI,WA,ANM,WE,Federal Contract Tower,35,15,10,4,64,0,36,118,4,158,35,51,128,8,222,58,14,72,294
06/04/2013,BLI,WA,ANM,WE,Federal Contract Tower,18,9,20,1,48,0,29,119,2,150,18,38,139,3,198,72,0,72,270
06/05/2013,BLI,WA,ANM,WE,Federal Contract Tower,31,9,33,0,73,0,45,96,0,141,31,54,129,0,214,94,0,94,308
06/06/2013,BLI,WA,ANM,WE,Federal Contract Tower,29,6,19,2,56,0,31,97,0,128,29,37,116,2,184,22,0,22,206
06/07/2013,BLI,WA,ANM,WE,Federal Contract Tower,32,4,22,0,58,0,33,74,4,111,32,37,96,4,169,64,8,72,241
06/08/2013,BLI,WA,ANM,WE,Federal Contract Tower,17,4,12,0,33,0,15,83,0,98,17,19,95,0,131,46,0,46,177
06/09/2013,BLI,WA,ANM,WE,Federal Contract Tower,32,0,24,3,59,0,25,86,1,112,32,25,110,4,171,76,0,76,247
06/10/2013,BLI,WA,ANM,WE,Federal Contract Tower,34,5,39,2,80,0,41,111,0,152,34,46,150,2,232,38,0,38,270
06/11/2013,BLI,WA,ANM,WE,Federal Contract Tower,22,6,34,8,70,0,33,68,6,107,22,39,102,14,177,44,0,44,221
06/12/2013,BLI,WA,ANM,WE,Federal Contract Tower,30,9,8,0,47,0,29,67,1,97,30,38,75,1,144,34,0,34,178
06/13/2013,BLI,WA,ANM,WE,Federal Contract Tower,34,5,20,4,63,0,29,88,0,117,34,34,108,4,180,68,0,68,248
06/14/2013,BLI,WA,ANM,WE,Federal Contract Tower,30,4,33,0,67,0,36,85,0,121,30,40,118,0,188,34,0,34,222
06/15/2013,BLI,WA,ANM,WE,Federal Contract Tower,21,3,15,0,39,0,15,131,0,146,21,18,146,0,185,90,0,90,275
06/16/2013,BLI,WA,ANM,WE,Federal Contract Tower,32,3,20,0,55,0,22,142,0,164,32,25,162,0,219,166,0,166,385
06/17/2013,BLI,WA,ANM,WE,Federal Contract Tower,34,6,18,0,58,0,37,111,3,151,34,43,129,3,209,68,0,68,277
06/18/2013,BLI,WA,ANM,WE,Federal Contract Tower,21,5,22,6,54,0,35,76,0,111,21,40,98,6,165,42,10,52,217
06/19/2013,BLI,WA,ANM,WE,Federal Contract Tower,30,5,24,2,61,0,27,77,0,104,30,32,101,2,165,38,0,38,203
06/20/2013,BLI,WA,ANM,WE,Federal Contract Tower,32,21,17,0,70,0,13,6,0,19,32,34,23,0,89,0,0,0,89
06/21/2013,BLI,WA,ANM,WE,Federal Contract Tower,34,8,30,0,72,0,33,78,1,112,34,41,108,1,184,22,8,30,214
06/22/2013,BLI,WA,ANM,WE,Federal Contract Tower,27,8,13,0,48,0,20,118,1,139,27,28,131,1,187,78,0,78,265
06/23/2013,BLI,WA,ANM,WE,Federal Contract Tower,34,2,27,0,63,0,21,54,0,75,34,23,81,0,138,36,0,36,174
06/24/2013,BLI,WA,ANM,WE,Federal Contract Tower,36,12,33,2,83,0,33,44,2,79,36,45,77,4,162,16,14,30,192
06/25/2013,BLI,WA,ANM,WE,Federal Contract Tower,22,6,22,4,54,0,24,57,3,84,22,30,79,7,138,62,0,62,200
06/26/2013,BLI,WA,ANM,WE,Federal Contract Tower,33,10,16,0,59,0,26,43,0,69,33,36,59,0,128,32,0,32,160
06/27/2013,BLI,WA,ANM,WE,Federal Contract Tower,34,5,29,1,69,0,32,73,4,109,34,37,102,5,178,16,0,16,194
06/28/2013,BLI,WA,ANM,WE,Federal Contract Tower,30,4,31,3,68,0,49,119,5,173,30,53,150,8,241,32,4,36,277
06/29/2013,BLI,WA,ANM,WE,Federal Contract Tower,28,6,16,0,50,0,17,126,14,157,28,23,142,14,207,2,0,2,209
06/30/2013,BLI,WA,ANM,WE,Federal Contract Tower,35,0,14,0,49,0,17,115,1,133,35,17,129,1,182,30,0,30,212
07/01/2013,BLI,WA,ANM,WE,Federal Contract Tower,34,8,12,0,54,0,40,92,0,132,34,48,104,0,186,38,0,38,224
07/02/2013,BLI,WA,ANM,WE,Federal Contract Tower,25,11,20,4,60,0,36,93,4,133,25,47,113,8,193,20,0,20,213
07/03/2013,BLI,WA,ANM,WE,Federal Contract Tower,31,7,21,0,59,0,37,118,2,157,31,44,139,2,216,36,2,38,254
07/04/2013,BLI,WA,ANM,WE,Federal Contract Tower,32,1,9,0,42,0,32,78,0,110,32,33,87,0,152,10,0,10,162
07/05/2013,BLI,WA,ANM,WE,Federal Contract Tower,33,13,21,0,67,0,35,92,0,127,33,48,113,0,194,44,0,44,238
07/06/2013,BLI,WA,ANM,WE,Federal Contract Tower,30,4,22,0,56,0,39,105,1,145,30,43,127,1,201,16,0,16,217
07/07/2013,BLI,WA,ANM,WE,Federal Contract Tower,34,2,26,0,62,0,46,120,0,166,34,48,146,0,228,58,0,58,286
07/08/2013,BLI,WA,ANM,WE,Federal Contract Tower,35,3,15,0,53,0,35,89,2,126,35,38,104,2,179,4,0,4,183
07/09/2013,BLI,WA,ANM,WE,Federal Contract Tower,22,9,18,0,49,0,36,86,2,124,22,45,104,2,173,44,4,48,221
07/10/2013,BLI,WA,ANM,WE,Federal Contract Tower,32,9,17,4,62,0,34,119,4,157,32,43,136,8,219,18,0,18,237
07/11/2013,BLI,WA,ANM,WE,Federal Contract Tower,35,10,23,0,68,0,49,88,4,141,35,59,111,4,209,34,0,34,243
07/12/2013,BLI,WA,ANM,WE,Federal Contract Tower,28,4,19,0,51,0,39,131,2,172,28,43,150,2,223,26,0,26,249
07/13/2013,BLI,WA,ANM,WE,Federal Contract Tower,25,3,27,0,55,0,46,150,0,196,25,49,177,0,251,24,0,24,275
07/14/2013,BLI,WA,ANM,WE,Federal Contract Tower,34,1,18,0,53,0,16,146,2,164,34,17,164,2,217,50,0,50,267
07/15/2013,BLI,WA,ANM,WE,Federal Contract Tower,34,6,24,3,67,0,33,76,4,113,34,39,100,7,180,38,6,44,224
07/16/2013,BLI,WA,ANM,WE,Federal Contract Tower,21,6,29,0,56,0,24,91,2,117,21,30,120,2,173,51,0,51,224
07/17/2013,BLI,WA,ANM,WE,Federal Contract Tower,30,5,31,0,66,0,42,123,0,165,30,47,154,0,231,62,0,62,293
07/18/2013,BLI,WA,ANM,WE,Federal Contract Tower,34,5,15,0,54,0,38,133,0,171,34,43,148,0,225,106,0,106,331
07/19/2013,BLI,WA,ANM,WE,Federal Contract Tower,30,14,29,0,73,0,42,81,0,123,30,56,110,0,196,52,0,52,248
07/20/2013,BLI,WA,ANM,WE,Federal Contract Tower,23,10,31,0,64,0,15,120,6,141,23,25,151,6,205,26,6,32,237
07/21/2013,BLI,WA,ANM,WE,Federal Contract Tower,53,4,19,0,76,0,19,69,0,88,53,23,88,0,164,22,0,22,186
07/22/2013,BLI,WA,ANM,WE,Federal Contract Tower,34,13,21,2,70,0,39,79,1,119,34,52,100,3,189,56,0,56,245
07/23/2013,BLI,WA,ANM,WE,Federal Contract Tower,25,9,21,0,55,0,38,100,2,140,25,47,121,2,195,118,32,150,345
07/24/2013,BLI,WA,ANM,WE,Federal Contract Tower,29,9,9,1,48,0,49,93,1,143,29,58,102,2,191,54,0,54,245
07/25/2013,BLI,WA,ANM,WE,Federal Contract Tower,34,6,24,8,72,0,32,103,0,135,34,38,127,8,207,12,0,12,219
07/26/2013,BLI,WA,ANM,WE,Federal Contract Tower,34,7,20,2,63,0,44,120,0,164,34,51,140,2,227,52,0,52,279
07/27/2013,BLI,WA,ANM,WE,Federal Contract Tower,21,5,14,1,41,0,36,99,2,137,21,41,113,3,178,42,0,42,220
07/28/2013,BLI,WA,ANM,WE,Federal Contract Tower,37,3,26,0,66,0,33,120,0,153,37,36,146,0,219,38,0,38,257
07/29/2013,BLI,WA,ANM,WE,Federal Contract Tower,36,10,20,0,66,0,44,79,0,123,36,54,99,0,189,28,0,28,217
07/30/2013,BLI,WA,ANM,WE,Federal Contract Tower,22,14,12,4,52,0,25,60,0,85,22,39,72,4,137,34,0,34,171
07/31/2013,BLI,WA,ANM,WE,Federal Contract Tower,35,9,25,0,69,0,34,62,0,96,35,43,87,0,165,36,0,36,201
08/01/2013,BLI,WA,ANM,WE,Federal Contract Tower,34,13,31,1,79,0,26,39,2,67,34,39,70,3,146,14,0,14,160
08/02/2013,BLI,WA,ANM,WE,Federal Contract Tower,32,4,31,2,69,0,27,42,0,69,32,31,73,2,138,66,0,66,204
08/03/2013,BLI,WA,ANM,WE,Federal Contract Tower,27,2,11,0,40,0,21,95,0,116,27,23,106,0,156,92,0,92,248
08/04/2013,BLI,WA,ANM,WE,Federal Contract Tower,32,0,21,0,53,0,27,112,0,139,32,27,133,0,192,42,0,42,234
08/05/2013,BLI,WA,ANM,WE,Federal Contract Tower,30,7,19,0,56,0,38,103,0,141,30,45,122,0,197,26,0,26,223
08/06/2013,BLI,WA,ANM,WE,Federal Contract Tower,23,10,35,0,68,0,37,86,2,125,23,47,121,2,193,16,0,16,209
08/07/2013,BLI,WA,ANM,WE,Federal Contract Tower,37,7,22,0,66,0,33,100,0,133,37,40,122,0,199,76,0,76,275
08/08/2013,BLI,WA,ANM,WE,Federal Contract Tower,33,4,21,0,58,0,41,100,0,141,33,45,121,0,199,50,0,50,249
08/09/2013,BLI,WA,ANM,WE,Federal Contract Tower,34,11,24,0,69,0,28,114,3,145,34,39,138,3,214,46,0,46,260
08/10/2013,BLI,WA,ANM,WE,Federal Contract Tower,23,6,17,0,46,0,38,86,0,124,23,44,103,0,170,4,0,4,174
08/11/2013,BLI,WA,ANM,WE,Federal Contract Tower,36,1,24,0,61,0,28,115,0,143,36,29,139,0,204,42,0,42,246
08/12/2013,BLI,WA,ANM,WE,Federal Contract Tower,34,7,27,0,68,0,33,110,2,145,34,40,137,2,213,54,0,54,267
08/13/2013,BLI,WA,ANM,WE,Federal Contract Tower,22,6,21,0,49,0,48,119,2,169,22,54,140,2,218,62,0,62,280
08/14/2013,BLI,WA,ANM,WE,Federal Contract Tower,25,11,32,0,68,0,38,111,2,151,25,49,143,2,219,54,4,58,277
08/15/2013,BLI,WA,ANM,WE,Federal Contract Tower,26,17,24,0,67,0,31,44,1,76,26,48,68,1,143,6,2,8,151
08/16/2013,BLI,WA,ANM,WE,Federal Contract Tower,29,4,17,0,50,0,58,139,2,199,29,62,156,2,249,112,0,112,361
08/17/2013,BLI,WA,ANM,WE,Federal Contract Tower,23,7,10,0,40,0,25,85,6,116,23,32,95,6,156,86,12,98,254
08/18/2013,BLI,WA,ANM,WE,Federal Contract Tower,31,4,24,0,59,0,24,97,3,124,31,28,121,3,183,96,6,102,285
08/19/2013,BLI,WA,ANM,WE,Federal Contract Tower,30,6,13,0,49,0,42,78,1,121,30,48,91,1,170,12,0,12,182
08/20/2013,BLI,WA,ANM,WE,Federal Contract Tower,17,7,28,2,54,0,29,95,7,131,17,36,123,9,185,28,0,28,213
08/21/2013,BLI,WA,ANM,WE,Federal Contract Tower,24,9,18,4,55,0,49,137,7,193,24,58,155,11,248,32,10,42,290
08/22/2013,BLI,WA,ANM,WE,Federal Contract Tower,31,5,19,1,56,0,33,117,3,153,31,38,136,4,209,30,0,30,239
08/23/2013,BLI,WA,ANM,WE,Federal Contract Tower,30,8,32,0,70,0,36,78,4,118,30,44,110,4,188,26,0,26,214
08/24/2013,BLI,WA,ANM,WE,Federal Contract Tower,23,5,19,0,47,0,24,82,0,106,23,29,101,0,153,68,0,68,221
08/25/2013,BLI,WA,ANM,WE,Federal Contract Tower,28,0,11,0,39,0,26,114,0,140,28,26,125,0,179,30,0,30,209
08/26/2013,BLI,WA,ANM,WE,Federal Contract Tower,29,4,18,0,51,0,32,65,0,97,29,36,83,0,148,36,0,36,184
08/27/2013,BLI,WA,ANM,WE,Federal Contract Tower,16,6,12,4,38,0,30,70,0,100,16,36,82,4,138,58,0,58,196
08/28/2013,BLI,WA,ANM,WE,Federal Contract Tower,20,10,28,0,58,0,27,56,6,89,20,37,84,6,147,38,0,38,185
08/29/2013,BLI,WA,ANM,WE,Federal Contract Tower,24,11,20,2,57,0,24,30,0,54,24,35,50,2,111,44,0,44,155
08/30/2013,BLI,WA,ANM,WE,Federal Contract Tower,29,5,22,0,56,0,64,137,3,204,29,69,159,3,260,86,12,98,358
08/31/2013,BLI,WA,ANM,WE,Federal Contract Tower,19,7,27,0,53,0,36,121,2,159,19,43,148,2,212,34,0,34,246
09/01/2013,BLI,WA,ANM,WE,Federal Contract Tower,28,1,11,0,40,0,32,82,1,115,28,33,93,1,155,54,0,54,209
09/02/2013,BLI,WA,ANM,WE,Federal Contract Tower,28,3,21,0,52,0,32,79,0,111,28,35,100,0,163,54,0,54,217
09/03/2013,BLI,WA,ANM,WE,Federal Contract Tower,13,5,12,1,31,0,26,55,1,82,13,31,67,2,113,44,0,44,157
09/04/2013,BLI,WA,ANM,WE,Federal Contract Tower,23,7,26,0,56,0,30,66,3,99,23,37,92,3,155,24,0,24,179
09/05/2013,BLI,WA,ANM,WE,Federal Contract Tower,28,24,29,0,81,0,5,2,0,7,28,29,31,0,88,0,0,0,88
09/06/2013,BLI,WA,ANM,WE,Federal Contract Tower,29,9,26,1,65,0,32,58,1,91,29,41,84,2,156,34,0,34,190
09/07/2013,BLI,WA,ANM,WE,Federal Contract Tower,20,4,5,0,29,0,20,89,1,110,20,24,94,1,139,52,0,52,191
09/08/2013,BLI,WA,ANM,WE,Federal Contract Tower,28,0,12,0,40,0,21,70,3,94,28,21,82,3,134,22,0,22,156
09/09/2013,BLI,WA,ANM,WE,Federal Contract Tower,25,5,15,0,45,0,17,57,2,76,25,22,72,2,121,16,2,18,139
09/10/2013,BLI,WA,ANM,WE,Federal Contract Tower,16,9,23,2,50,0,24,79,0,103,16,33,102,2,153,32,0,32,185
09/11/2013,BLI,WA,ANM,WE,Federal Contract Tower,20,7,17,0,44,0,48,113,3,164,20,55,130,3,208,50,0,50,258
09/12/2013,BLI,WA,ANM,WE,Federal Contract Tower,28,11,20,0,59,0,38,91,0,129,28,49,111,0,188,38,0,38,226
09/13/2013,BLI,WA,ANM,WE,Federal Contract Tower,28,31,54,0,113,0,0,0,0,0,28,31,54,0,113,0,0,0,113
09/14/2013,BLI,WA,ANM,WE,Federal Contract Tower,29,14,30,0,73,0,3,5,0,8,29,17,35,0,81,0,0,0,81
09/15/2013,BLI,WA,ANM,WE,Federal Contract Tower,28,3,15,0,46,0,9,18,0,27,28,12,33,0,73,10,0,10,83
09/16/2013,BLI,WA,ANM,WE,Federal Contract Tower,31,16,35,0,82,0,25,25,0,50,31,41,60,0,132,2,0,2,134
09/17/2013,BLI,WA,ANM,WE,Federal Contract Tower,15,6,23,0,44,0,27,72,0,99,15,33,95,0,143,30,0,30,173
09/18/2013,BLI,WA,ANM,WE,Federal Contract Tower,18,6,25,6,55,0,35,101,7,143,18,41,126,13,198,64,22,86,284
09/19/2013,BLI,WA,ANM,WE,Federal Contract Tower,24,8,22,0,54,0,35,129,0,164,24,43,151,0,218,90,0,90,308
09/20/2013,BLI,WA,ANM,WE,Federal Contract Tower,25,4,16,0,45,0,44,115,2,161,25,48,131,2,206,98,0,98,304
09/21/2013,BLI,WA,ANM,WE,Federal Contract Tower,21,2,29,0,52,0,21,104,0,125,21,23,133,0,177,140,0,140,317
09/22/2013,BLI,WA,ANM,WE,Federal Contract Tower,27,0,6,0,33,0,10,14,0,24,27,10,20,0,57,0,0,0,57
09/23/2013,BLI,WA,ANM,WE,Federal Contract Tower,25,9,10,3,47,1,32,34,0,67,26,41,44,3,114,86,0,86,200
09/24/2013,BLI,WA,ANM,WE,Federal Contract Tower,14,6,10,1,31,0,22,36,0,58,14,28,46,1,89,198,0,198,287
09/25/2013,BLI,WA,ANM,WE,Federal Contract Tower,19,18,22,2,61,0,41,94,0,135,19,59,116,2,196,70,0,70,266
09/26/2013,BLI,WA,ANM,WE,Federal Contract Tower,24,9,12,0,45,0,50,133,0,183,24,59,145,0,228,178,0,178,406
09/27/2013,BLI,WA,ANM,WE,Federal Contract Tower,28,10,10,2,50,0,24,26,0,50,28,34,36,2,100,8,0,8,108
09/28/2013,BLI,WA,ANM,WE,Federal Contract Tower,19,6,7,0,32,0,13,10,2,25,19,19,17,2,57,16,0,16,73
09/29/2013,BLI,WA,ANM,WE,Federal Contract Tower,27,3,10,0,40,0,20,6,0,26,27,23,16,0,66,0,0,0,66
09/30/2013,BLI,WA,ANM,WE,Federal Contract Tower,27,5,15,0,47,0,16,19,0,35,27,21,34,0,82,0,0,0,82
10/01/2013,BLI,WA,ANM,WE,Federal Contract Tower,17,4,8,0,29,0,27,34,0,61,17,31,42,0,90,24,0,24,114
10/02/2013,BLI,WA,ANM,WE,Federal Contract Tower,19,9,11,0,39,0,32,25,0,57,19,41,36,0,96,22,0,22,118
10/03/2013,BLI,WA,ANM,WE,Federal Contract Tower,25,8,24,2,59,0,17,59,1,77,25,25,83,3,136,46,0,46,182
10/04/2013,BLI,WA,ANM,WE,Federal Contract Tower,26,5,20,0,51,0,36,78,0,114,26,41,98,0,165,64,0,64,229
10/05/2013,BLI,WA,ANM,WE,Federal Contract Tower,19,2,12,0,33,0,15,94,0,109,19,17,106,0,142,54,0,54,196
10/06/2013,BLI,WA,ANM,WE,Federal Contract Tower,29,4,12,0,45,0,10,89,0,99,29,14,101,0,144,39,0,39,183
10/07/2013,BLI,WA,ANM,WE,Federal Contract Tower,23,5,12,5,45,0,27,35,2,64,23,32,47,7,109,30,16,46,155
10/08/2013,BLI,WA,ANM,WE,Federal Contract Tower,17,8,6,0,31,0,24,50,0,74,17,32,56,0,105,96,0,96,201
10/09/2013,BLI,WA,ANM,WE,Federal Contract Tower,21,6,12,0,39,0,39,99,2,140,21,45,111,2,179,52,0,52,231
10/10/2013,BLI,WA,ANM,WE,Federal Contract Tower,27,6,14,0,47,0,28,55,0,83,27,34,69,0,130,110,0,110,240
10/11/2013,BLI,WA,ANM,WE,Federal Contract Tower,27,5,20,2,54,0,37,64,0,101,27,42,84,2,155,52,0,52,207
10/12/2013,BLI,WA,ANM,WE,Federal Contract Tower,22,3,13,0,38,0,14,55,0,69,22,17,68,0,107,50,0,50,157
10/13/2013,BLI,WA,ANM,WE,Federal Contract Tower,28,0,10,2,40,0,18,85,1,104,28,18,95,3,144,86,0,86,230
10/14/2013,BLI,WA,ANM,WE,Federal Contract Tower,25,3,7,0,35,0,21,64,0,85,25,24,71,0,120,50,0,50,170
10/15/2013,BLI,WA,ANM,WE,Federal Contract Tower,18,6,19,0,43,0,13,41,0,54,18,19,60,0,97,70,0,70,167
10/16/2013,BLI,WA,ANM,WE,Federal Contract Tower,25,8,9,2,44,0,15,44,0,59,25,23,53,2,103,76,0,76,179
10/17/2013,BLI,WA,ANM,WE,Federal Contract Tower,22,5,14,1,42,0,19,53,1,73,22,24,67,2,115,32,0,32,147
10/18/2013,BLI,WA,ANM,WE,Federal Contract Tower,19,5,17,0,41,0,9,35,0,44,19,14,52,0,85,6,0,6,91
10/19/2013,BLI,WA,ANM,WE,Federal Contract Tower,33,5,16,0,54,0,0,0,0,0,33,5,16,0,54,2,0,2,56
10/20/2013,BLI,WA,ANM,WE,Federal Contract Tower,28,7,22,0,57,0,0,0,0,0,28,7,22,0,57,0,0,0,57
10/21/2013,BLI,WA,ANM,WE,Federal Contract Tower,25,9,11,0,45,0,0,0,0,0,25,9,11,0,45,0,0,0,45
10/22/2013,BLI,WA,ANM,WE,Federal Contract Tower,22,5,8,0,35,0,12,20,0,32,22,17,28,0,67,40,0,40,107
10/23/2013,BLI,WA,ANM,WE,Federal Contract Tower,20,6,13,0,39,0,11,76,0,87,20,17,89,0,126,120,0,120,246
10/24/2013,BLI,WA,ANM,WE,Federal Contract Tower,17,2,8,0,27,0,2,1,0,3,17,4,9,0,30,0,0,0,30
10/25/2013,BLI,WA,ANM,WE,Federal Contract Tower,33,9,12,0,54,0,22,21,0,43,33,31,33,0,97,10,0,10,107
10/26/2013,BLI,WA,ANM,WE,Federal Contract Tower,24,4,6,0,34,0,17,55,0,72,24,21,61,0,106,50,0,50,156
10/27/2013,BLI,WA,ANM,WE,Federal Contract Tower,27,3,6,2,38,0,14,48,1,63,27,17,54,3,101,122,2,124,225
10/28/2013,BLI,WA,ANM,WE,Federal Contract Tower,28,4,13,0,45,0,26,25,2,53,28,30,38,2,98,34,0,34,132
10/29/2013,BLI,WA,ANM,WE,Federal Contract Tower,16,5,22,1,44,0,33,115,5,153,16,38,137,6,197,64,10,74,271
10/30/2013,BLI,WA,ANM,WE,Federal Contract Tower,21,7,11,0,39,0,47,52,2,101,21,54,63,2,140,88,0,88,228
10/31/2013,BLI,WA,ANM,WE,Federal Contract Tower,29,6,22,2,59,0,21,26,0,47,29,27,48,2,106,16,0,16,122
11/01/2013,BLI,WA,ANM,WE,Federal Contract Tower,24,7,24,1,56,0,32,50,0,82,24,39,74,1,138,24,0,24,162
11/02/2013,BLI,WA,ANM,WE,Federal Contract Tower,20,2,3,0,25,0,6,1,0,7,20,8,4,0,32,0,0,0,32
11/03/2013,BLI,WA,ANM,WE,Federal Contract Tower,31,2,11,0,44,0,7,39,0,46,31,9,50,0,90,44,0,44,134
11/04/2013,BLI,WA,ANM,WE,Federal Contract Tower,28,10,3,0,41,0,19,26,2,47,28,29,29,2,88,28,2,30,118
11/05/2013,BLI,WA,ANM,WE,Federal Contract Tower,21,20,16,0,57,0,3,0,0,3,21,23,16,0,60,0,0,0,60
11/06/2013,BLI,WA,ANM,WE,Federal Contract Tower,26,13,16,0,55,0,29,35,0,64,26,42,51,0,119,46,0,46,165
11/07/2013,BLI,WA,ANM,WE,Federal Contract Tower,28,7,8,0,43,0,27,14,0,41,28,34,22,0,84,0,0,0,84
11/08/2013,BLI,WA,ANM,WE,Federal Contract Tower,30,6,26,0,62,0,27,58,2,87,30,33,84,2,149,34,0,34,183
11/09/2013,BLI,WA,ANM,WE,Federal Contract Tower,27,3,8,0,38,0,11,41,3,55,27,14,49,3,93,66,2,68,161
11/10/2013,BLI,WA,ANM,WE,Federal Contract Tower,29,1,5,0,35,0,13,44,0,57,29,14,49,0,92,92,0,92,184
11/11/2013,BLI,WA,ANM,WE,Federal Contract Tower,28,4,11,1,44,0,14,71,1,86,28,18,82,2,130,96,0,96,226
11/12/2013,BLI,WA,ANM,WE,Federal Contract Tower,21,8,8,2,39,0,27,22,2,51,21,35,30,4,90,26,0,26,116
11/13/2013,BLI,WA,ANM,WE,Federal Contract Tower,22,7,13,2,44,0,33,71,2,106,22,40,84,4,150,42,0,42,192
11/14/2013,BLI,WA,ANM,WE,Federal Contract Tower,26,9,9,0,44,0,29,35,0,64,26,38,44,0,108,90,0,90,198
11/15/2013,BLI,WA,ANM,WE,Federal Contract Tower,27,10,16,0,53,0,18,14,0,32,27,28,30,0,85,0,0,0,85
11/16/2013,BLI,WA,ANM,WE,Federal Contract Tower,22,2,7,0,31,0,11,86,0,97,22,13,93,0,128,218,1,219,347
11/17/2013,BLI,WA,ANM,WE,Federal Contract Tower,28,0,7,0,35,0,16,27,0,43,28,16,34,0,78,2,0,2,80
11/18/2013,BLI,WA,ANM,WE,Federal Contract Tower,27,3,15,0,45,0,10,4,0,14,27,13,19,0,59,3,0,3,62
11/19/2013,BLI,WA,ANM,WE,Federal Contract Tower,16,2,11,2,31,0,22,52,4,78,16,24,63,6,109,66,0,66,175
11/20/2013,BLI,WA,ANM,WE,Federal Contract Tower,22,7,21,0,50,0,24,79,0,103,22,31,100,0,153,36,0,36,189
11/21/2013,BLI,WA,ANM,WE,Federal Contract Tower,25,6,24,6,61,0,25,73,0,98,25,31,97,6,159,60,0,60,219
11/22/2013,BLI,WA,ANM,WE,Federal Contract Tower,27,4,19,0,50,0,35,73,5,113,27,39,92,5,163,40,4,44,207
11/23/2013,BLI,WA,ANM,WE,Federal Contract Tower,24,4,6,0,34,0,10,84,0,94,24,14,90,0,128,56,8,64,192
11/24/2013,BLI,WA,ANM,WE,Federal Contract Tower,29,0,13,0,42,0,18,105,3,126,29,18,118,3,168,36,8,44,212
11/25/2013,BLI,WA,ANM,WE,Federal Contract Tower,28,4,4,0,36,0,29,66,0,95,28,33,70,0,131,60,0,60,191
11/26/2013,BLI,WA,ANM,WE,Federal Contract Tower,19,7,17,1,44,0,24,61,5,90,19,31,78,6,134,58,0,58,192
11/27/2013,BLI,WA,ANM,WE,Federal Contract Tower,29,7,11,0,47,0,33,60,0,93,29,40,71,0,140,38,0,38,178
11/28/2013,BLI,WA,ANM,WE,Federal Contract Tower,23,0,6,0,29,0,3,32,0,35,23,3,38,0,64,2,0,2,66
11/29/2013,BLI,WA,ANM,WE,Federal Contract Tower,25,6,8,0,39,0,15,38,0,53,25,21,46,0,92,28,0,28,120
11/30/2013,BLI,WA,ANM,WE,Federal Contract Tower,21,10,8,0,39,0,9,11,0,20,21,19,19,0,59,0,0,0,59
12/01/2013,BLI,WA,ANM,WE,Federal Contract Tower,36,0,9,0,45,0,18,16,0,34,36,18,25,0,79,4,0,4,83
12/02/2013,BLI,WA,ANM,WE,Federal Contract Tower,28,12,9,2,51,0,28,19,2,49,28,40,28,4,100,0,0,0,100
12/03/2013,BLI,WA,ANM,WE,Federal Contract Tower,19,7,16,0,42,0,19,27,0,46,19,26,43,0,88,4,0,4,92
12/04/2013,BLI,WA,ANM,WE,Federal Contract Tower,23,10,13,0,46,0,32,50,2,84,23,42,63,2,130,40,0,40,170
12/05/2013,BLI,WA,ANM,WE,Federal Contract Tower,25,5,20,4,54,0,23,53,0,76,25,28,73,4,130,38,0,38,168
12/06/2013,BLI,WA,ANM,WE,Federal Contract Tower,26,6,9,0,41,0,31,10,2,43,26,37,19,2,84,6,0,6,90
12/07/2013,BLI,WA,ANM,WE,Federal Contract Tower,18,2,14,0,34,0,10,43,0,53,18,12,57,0,87,58,0,58,145
12/08/2013,BLI,WA,ANM,WE,Federal Contract Tower,26,3,9,0,38,0,12,59,1,72,26,15,68,1,110,42,0,42,152
12/09/2013,BLI,WA,ANM,WE,Federal Contract Tower,27,2,2,0,31,0,25,19,0,44,27,27,21,0,75,76,0,76,151
12/10/2013,BLI,WA,ANM,WE,Federal Contract Tower,18,4,12,0,34,0,35,34,0,69,18,39,46,0,103,18,0,18,121
12/11/2013,BLI,WA,ANM,WE,Federal Contract Tower,23,8,15,0,46,0,30,63,0,93,23,38,78,0,139,42,0,42,181
12/12/2013,BLI,WA,ANM,WE,Federal Contract Tower,24,5,7,0,36,0,24,37,2,63,24,29,44,2,99,20,0,20,119
12/13/2013,BLI,WA,ANM,WE,Federal Contract Tower,26,12,14,0,52,0,3,6,0,9,26,15,20,0,61,6,0,6,67
12/14/2013,BLI,WA,ANM,WE,Federal Contract Tower,18,5,6,1,30,0,15,41,1,57,18,20,47,2,87,64,0,64,151
12/15/2013,BLI,WA,ANM,WE,Federal Contract Tower,26,1,3,0,30,0,9,13,0,22,26,10,16,0,52,32,0,32,84
12/16/2013,BLI,WA,ANM,WE,Federal Contract Tower,26,4,8,2,40,0,31,48,1,80,26,35,56,3,120,54,40,94,214
12/17/2013,BLI,WA,ANM,WE,Federal Contract Tower,20,11,19,0,50,0,18,38,0,56,20,29,57,0,106,40,0,40,146
12/18/2013,BLI,WA,ANM,WE,Federal Contract Tower,23,4,15,4,46,0,20,54,5,79,23,24,69,9,125,46,0,46,171
12/19/2013,BLI,WA,ANM,WE,Federal Contract Tower,27,15,10,0,52,0,26,55,0,81,27,41,65,0,133,48,0,48,181
12/20/2013,BLI,WA,ANM,WE,Federal Contract Tower,20,7,5,0,32,0,0,0,0,0,20,7,5,0,32,0,0,0,32
12/21/2013,BLI,WA,ANM,WE,Federal Contract Tower,27,5,3,0,35,0,18,14,4,36,27,23,17,4,71,10,8,18,89
12/22/2013,BLI,WA,ANM,WE,Federal Contract Tower,33,1,4,0,38,0,0,0,0,0,33,1,4,0,38,0,0,0,38
12/23/2013,BLI,WA,ANM,WE,Federal Contract Tower,29,11,8,0,48,0,24,38,2,64,29,35,46,2,112,36,0,36,148
12/24/2013,BLI,WA,ANM,WE,Federal Contract Tower,28,6,4,0,38,0,31,55,0,86,28,37,59,0,124,52,0,52,176
12/25/2013,BLI,WA,ANM,WE,Federal Contract Tower,18,0,2,0,20,0,3,14,0,17,18,3,16,0,37,6,0,6,43
12/26/2013,BLI,WA,ANM,WE,Federal Contract Tower,34,9,14,0,57,0,17,52,0,69,34,26,66,0,126,34,0,34,160
12/27/2013,BLI,WA,ANM,WE,Federal Contract Tower,31,6,11,0,48,0,16,14,0,30,31,22,25,0,78,2,0,2,80
12/28/2013,BLI,WA,ANM,WE,Federal Contract Tower,23,10,22,0,55,0,5,13,0,18,23,15,35,0,73,8,0,8,81
12/29/2013,BLI,WA,ANM,WE,Federal Contract Tower,33,1,7,0,41,0,7,37,0,44,33,8,44,0,85,30,0,30,115
12/30/2013,BLI,WA,ANM,WE,Federal Contract Tower,28,5,7,2,42,0,26,54,1,81,28,31,61,3,123,4,12,16,139
12/31/2013,BLI,WA,ANM,WE,Federal Contract Tower,25,11,11,0,47,0,5,3,0,8,25,16,14,0,55,0,0,0,55
01/01/2014,BLI,WA,ANM,WE,Federal Contract Tower,26,1,8,0,35,0,3,35,0,38,26,4,43,0,73,30,0,30,103
01/02/2014,BLI,WA,ANM,WE,Federal Contract Tower,32,12,10,0,54,0,14,17,2,33,32,26,27,2,87,0,0,0,87
01/03/2014,BLI,WA,ANM,WE,Federal Contract Tower,27,6,15,0,48,0,27,83,0,110,27,33,98,0,158,52,0,52,210
01/04/2014,BLI,WA,ANM,WE,Federal Contract Tower,30,1,8,0,39,0,13,85,4,102,30,14,93,4,141,68,0,68,209
01/05/2014,BLI,WA,ANM,WE,Federal Contract Tower,30,0,10,0,40,0,17,66,0,83,30,17,76,0,123,32,0,32,155
01/06/2014,BLI,WA,ANM,WE,Federal Contract Tower,25,7,6,0,38,0,27,48,0,75,25,34,54,0,113,64,0,64,177
01/07/2014,BLI,WA,ANM,WE,Federal Contract Tower,25,5,6,2,38,0,26,17,0,43,25,31,23,2,81,46,0,46,127
01/08/2014,BLI,WA,ANM,WE,Federal Contract Tower,22,9,23,0,54,0,14,10,0,24,22,23,33,0,78,4,0,4,82
01/09/2014,BLI,WA,ANM,WE,Federal Contract Tower,25,3,5,0,33,0,19,18,0,37,25,22,23,0,70,18,0,18,88
01/10/2014,BLI,WA,ANM,WE,Federal Contract Tower,28,7,13,0,48,0,18,16,0,34,28,25,29,0,82,16,0,16,98
01/11/2014,BLI,WA,ANM,WE,Federal Contract Tower,18,1,1,0,20,0,9,3,1,13,18,10,4,1,33,0,0,0,33
01/12/2014,BLI,WA,ANM,WE,Federal Contract Tower,27,0,3,0,30,0,3,7,0,10,27,3,10,0,40,0,0,0,40
01/13/2014,BLI,WA,ANM,WE,Federal Contract Tower,25,3,6,0,34,0,18,14,1,33,25,21,20,1,67,0,0,0,67
01/14/2014,BLI,WA,ANM,WE,Federal Contract Tower,19,6,5,2,32,0,23,60,1,84,19,29,65,3,116,40,0,40,156
01/15/2014,BLI,WA,ANM,WE,Federal Contract Tower,18,5,12,1,36,0,31,70,1,102,18,36,82,2,138,76,0,76,214
01/16/2014,BLI,WA,ANM,WE,Federal Contract Tower,27,6,22,2,57,0,22,46,0,68,27,28,68,2,125,66,0,66,191
01/17/2014,BLI,WA,ANM,WE,Federal Contract Tower,22,16,16,0,54,0,2,2,0,4,22,18,18,0,58,8,0,8,66
01/18/2014,BLI,WA,ANM,WE,Federal Contract Tower,24,13,9,0,46,0,4,12,0,16,24,17,21,0,62,44,0,44,106
01/19/2014,BLI,WA,ANM,WE,Federal Contract Tower,26,3,5,0,34,0,4,9,0,13,26,7,14,0,47,0,0,0,47
01/20/2014,BLI,WA,ANM,WE,Federal Contract Tower,27,6,11,0,44,0,15,42,0,57,27,21,53,0,101,28,0,28,129
01/21/2014,BLI,WA,ANM,WE,Federal Contract Tower,19,6,18,9,52,0,28,34,2,64,19,34,52,11,116,42,0,42,158
01/22/2014,BLI,WA,ANM,WE,Federal Contract Tower,18,8,13,16,55,0,18,35,0,53,18,26,48,16,108,22,0,22,130
01/23/2014,BLI,WA,ANM,WE,Federal Contract Tower,23,7,2,0,32,0,6,33,0,39,23,13,35,0,71,28,0,28,99
01/24/2014,BLI,WA,ANM,WE,Federal Contract Tower,27,4,6,0,37,0,15,88,0,103,27,19,94,0,140,66,0,66,206
01/25/2014,BLI,WA,ANM,WE,Federal Contract Tower,18,4,8,1,31,0,16,83,5,104,18,20,91,6,135,76,8,84,219
01/26/2014,BLI,WA,ANM,WE,Federal Contract Tower,25,0,7,1,33,0,2,66,5,73,25,2,73,6,106,62,16,78,184
01/27/2014,BLI,WA,ANM,WE,Federal Contract Tower,26,6,3,2,37,0,18,15,2,35,26,24,18,4,72,0,0,0,72
01/28/2014,BLI,WA,ANM,WE,Federal Contract Tower,16,16,23,0,55,0,11,21,0,32,16,27,44,0,87,4,0,4,91
01/29/2014,BLI,WA,ANM,WE,Federal Contract Tower,16,17,13,0,46,0,2,0,0,2,16,19,13,0,48,0,0,0,48
01/30/2014,BLI,WA,ANM,WE,Federal Contract Tower,25,9,11,0,45,0,19,25,0,44,25,28,36,0,89,14,0,14,103
01/31/2014,BLI,WA,ANM,WE,Federal Contract Tower,27,8,19,0,54,20,61,2,0,83,47,69,21,0,137,60,12,72,209
02/01/2014,BLI,WA,ANM,WE,Federal Contract Tower,20,4,20,3,47,0,11,80,4,95,20,15,100,7,142,94,8,102,244
02/02/2014,BLI,WA,ANM,WE,Federal Contract Tower,25,0,26,0,51,0,7,33,0,40,25,7,59,0,91,22,0,22,113
02/03/2014,BLI,WA,ANM,WE,Federal Contract Tower,27,7,6,0,40,0,17,24,0,41,27,24,30,0,81,0,0,0,81
02/04/2014,BLI,WA,ANM,WE,Federal Contract Tower,17,12,16,3,48,0,26,15,2,43,17,38,31,5,91,10,28,38,129
02/05/2014,BLI,WA,ANM,WE,Federal Contract Tower,29,5,4,0,38,0,19,35,2,56,29,24,39,2,94,12,0,12,106
02/06/2014,BLI,WA,ANM,WE,Federal Contract Tower,19,7,5,2,33,0,29,32,0,61,19,36,37,2,94,6,0,6,100
02/07/2014,BLI,WA,ANM,WE,Federal Contract Tower,26,7,10,0,43,0,27,48,0,75,26,34,58,0,118,96,0,96,214
02/08/2014,BLI,WA,ANM,WE,Federal Contract Tower,19,2,5,0,26,0,11,33,6,50,19,13,38,6,76,10,0,10,86
02/09/2014,BLI,WA,ANM,WE,Federal Contract Tower,21,0,0,0,21,0,8,26,0,34,21,8,26,0,55,38,0,38,93
02/10/2014,BLI,WA,ANM,WE,Federal Contract Tower,25,9,7,0,41,0,25,11,1,37,25,34,18,1,78,0,0,0,78
02/11/2014,BLI,WA,ANM,WE,Federal Contract Tower,18,7,9,0,34,0,18,20,2,40,18,25,29,2,74,8,0,8,82
02/12/2014,BLI,WA,ANM,WE,Federal Contract Tower,22,5,12,0,39,0,17,33,1,51,22,22,45,1,90,6,0,6,96
02/13/2014,BLI,WA,ANM,WE,Federal Contract Tower,27,9,10,0,46,0,20,39,2,61,27,29,49,2,107,4,0,4,111
02/14/2014,BLI,WA,ANM,WE,Federal Contract Tower,29,6,5,0,40,0,17,53,0,70,29,23,58,0,110,60,0,60,170
02/15/2014,BLI,WA,ANM,WE,Federal Contract Tower,28,2,9,0,39,0,4,40,0,44,28,6,49,0,83,60,0,60,143
02/16/2014,BLI,WA,ANM,WE,Federal Contract Tower,28,2,12,0,42,0,8,14,0,22,28,10,26,0,64,0,0,0,64
02/17/2014,BLI,WA,ANM,WE,Federal Contract Tower,32,7,8,0,47,0,28,17,0,45,32,35,25,0,92,0,0,0,92
02/18/2014,BLI,WA,ANM,WE,Federal Contract Tower,23,7,15,0,45,0,10,8,0,18,23,17,23,0,63,0,0,0,63
02/19/2014,BLI,WA,ANM,WE,Federal Contract Tower,23,5,7,0,35,0,20,48,0,68,23,25,55,0,103,8,0,8,111
02/20/2014,BLI,WA,ANM,WE,Federal Contract Tower,30,9,5,0,44,0,26,37,0,63,30,35,42,0,107,16,0,16,123
02/21/2014,BLI,WA,ANM,WE,Federal Contract Tower,26,6,12,0,44,0,34,53,6,93,26,40,65,6,137,44,2,46,183
02/22/2014,BLI,WA,ANM,WE,Federal Contract Tower,26,7,3,0,36,0,0,0,0,0,26,7,3,0,36,0,0,0,36
02/23/2014,BLI,WA,ANM,WE,Federal Contract Tower,5,0,2,0,7,0,0,0,0,0,5,0,2,0,7,0,0,0,7
02/24/2014,BLI,WA,ANM,WE,Federal Contract Tower,31,3,4,0,38,0,4,1,0,5,31,7,5,0,43,0,0,0,43
02/25/2014,BLI,WA,ANM,WE,Federal Contract Tower,29,6,13,2,50,0,18,35,0,53,29,24,48,2,103,36,50,86,189
02/26/2014,BLI,WA,ANM,WE,Federal Contract Tower,27,6,18,4,55,0,26,74,4,104,27,32,92,8,159,26,4,30,189
02/27/2014,BLI,WA,ANM,WE,Federal Contract Tower,27,5,9,2,43,0,27,55,5,87,27,32,64,7,130,8,8,16,146
02/28/2014,BLI,WA,ANM,WE,Federal Contract Tower,29,4,4,0,37,30,25,0,0,55,59,29,4,0,92,4,0,4,96
03/01/2014,BLI,WA,ANM,WE,Federal Contract Tower,23,2,9,0,34,0,3,22,0,25,23,5,31,0,59,0,0,0,59
03/02/2014,BLI,WA,ANM,WE,Federal Contract Tower,30,0,6,0,36,0,1,2,0,3,30,1,8,0,39,0,0,0,39
03/03/2014,BLI,WA,ANM,WE,Federal Contract Tower,32,6,1,0,39,0,14,14,0,28,32,20,15,0,67,8,0,8,75
03/04/2014,BLI,WA,ANM,WE,Federal Contract Tower,23,24,9,0,56,0,6,7,0,13,23,30,16,0,69,0,0,0,69
03/05/2014,BLI,WA,ANM,WE,Federal Contract Tower,28,13,11,2,54,0,18,38,0,56,28,31,49,2,110,24,0,24,134
03/06/2014,BLI,WA,ANM,WE,Federal Contract Tower,31,5,8,2,46,0,12,19,0,31,31,17,27,2,77,12,0,12,89
03/07/2014,BLI,WA,ANM,WE,Federal Contract Tower,28,6,6,0,40,0,31,62,0,93,28,37,68,0,133,54,0,54,187
03/08/2014,BLI,WA,ANM,WE,Federal Contract Tower,26,4,11,0,41,13,19,0,0,32,39,23,11,0,73,10,0,10,83
03/09/2014,BLI,WA,ANM,WE,Federal Contract Tower,32,0,7,1,40,0,5,59,0,64,32,5,66,1,104,32,0,32,136
03/10/2014,BLI,WA,ANM,WE,Federal Contract Tower,34,14,9,0,57,0,12,33,0,45,34,26,42,0,102,54,0,54,156
03/11/2014,BLI,WA,ANM,WE,Federal Contract Tower,23,6,9,0,38,0,31,90,0,121,23,37,99,0,159,60,0,60,219
03/12/2014,BLI,WA,ANM,WE,Federal Contract Tower,29,9,18,0,56,0,43,111,0,154,29,52,129,0,210,94,0,94,304
03/13/2014,BLI,WA,ANM,WE,Federal Contract Tower,30,10,15,2,57,0,21,70,0,91,30,31,85,2,148,116,0,116,264
03/14/2014,BLI,WA,ANM,WE,Federal Contract Tower,33,10,11,2,56,0,24,32,1,57,33,34,43,3,113,66,0,66,179
03/15/2014,BLI,WA,ANM,WE,Federal Contract Tower,30,5,2,0,37,0,13,32,0,45,30,18,34,0,82,24,0,24,106
03/16/2014,BLI,WA,ANM,WE,Federal Contract Tower,33,1,10,1,45,0,5,15,0,20,33,6,25,1,65,8,0,8,73
03/17/2014,BLI,WA,ANM,WE,Federal Contract Tower,33,6,4,0,43,0,25,64,0,89,33,31,68,0,132,62,0,62,194
03/18/2014,BLI,WA,ANM,WE,Federal Contract Tower,23,7,10,0,40,0,29,44,0,73,23,36,54,0,113,84,0,84,197
03/19/2014,BLI,WA,ANM,WE,Federal Contract Tower,30,11,19,0,60,0,22,26,0,48,30,33,45,0,108,10,0,10,118
03/20/2014,BLI,WA,ANM,WE,Federal Contract Tower,32,5,25,4,66,0,19,63,9,91,32,24,88,13,157,130,0,130,287
03/21/2014,BLI,WA,ANM,WE,Federal Contract Tower,33,2,14,0,49,0,32,99,0,131,33,34,113,0,180,88,0,88,268
03/22/2014,BLI,WA,ANM,WE,Federal Contract Tower,33,3,10,0,46,0,16,79,2,97,33,19,89,2,143,82,0,82,225
03/23/2014,BLI,WA,ANM,WE,Federal Contract Tower,32,6,13,0,51,0,12,88,0,100,32,18,101,0,151,82,0,82,233
03/24/2014,BLI,WA,ANM,WE,Federal Contract Tower,34,9,17,0,60,0,23,68,1,92,34,32,85,1,152,58,0,58,210
03/25/2014,BLI,WA,ANM,WE,Federal Contract Tower,21,8,16,0,45,0,19,22,0,41,21,27,38,0,86,12,0,12,98
03/26/2014,BLI,WA,ANM,WE,Federal Contract Tower,29,7,11,0,47,0,23,58,0,81,29,30,69,0,128,32,0,32,160
03/27/2014,BLI,WA,ANM,WE,Federal Contract Tower,33,5,11,0,49,0,21,46,4,71,33,26,57,4,120,26,0,26,146
03/28/2014,BLI,WA,ANM,WE,Federal Contract Tower,29,8,12,4,53,0,29,20,4,53,29,37,32,8,106,22,0,22,128
03/29/2014,BLI,WA,ANM,WE,Federal Contract Tower,31,4,19,0,54,0,9,12,0,21,31,13,31,0,75,4,0,4,79
03/30/2014,BLI,WA,ANM,WE,Federal Contract Tower,31,2,18,1,52,0,3,30,1,34,31,5,48,2,86,24,0,24,110
03/31/2014,BLI,WA,ANM,WE,Federal Contract Tower,33,6,7,0,46,0,31,96,6,133,33,37,103,6,179,56,0,56,235
04/01/2014,BLI,WA,ANM,WE,Federal Contract Tower,23,14,12,0,49,0,26,81,3,110,23,40,93,3,159,46,4,50,209
04/02/2014,BLI,WA,ANM,WE,Federal Contract Tower,25,11,17,6,59,0,32,76,2,110,25,43,93,8,169,44,0,44,213
04/03/2014,BLI,WA,ANM,WE,Federal Contract Tower,27,11,11,2,51,0,18,46,0,64,27,29,57,2,115,44,4,48,163
04/04/2014,BLI,WA,ANM,WE,Federal Contract Tower,33,4,17,0,54,0,30,47,2,79,33,34,64,2,133,80,0,80,213
04/05/2014,BLI,WA,ANM,WE,Federal Contract Tower,27,3,14,0,44,0,12,18,0,30,27,15,32,0,74,0,0,0,74
04/06/2014,BLI,WA,ANM,WE,Federal Contract Tower,27,0,8,0,35,0,19,70,0,89,27,19,78,0,124,2,0,2,126
04/07/2014,BLI,WA,ANM,WE,Federal Contract Tower,31,6,19,2,58,0,25,84,0,109,31,31,103,2,167,46,0,46,213
04/08/2014,BLI,WA,ANM,WE,Federal Contract Tower,20,5,14,1,40,0,27,32,0,59,20,32,46,1,99,14,0,14,113
04/09/2014,BLI,WA,ANM,WE,Federal Contract Tower,24,6,16,4,50,0,30,105,0,135,24,36,121,4,185,20,0,20,205
04/10/2014,BLI,WA,ANM,WE,Federal Contract Tower,20,18,16,0,54,0,34,62,2,98,20,52,78,2,152,50,0,50,202
04/11/2014,BLI,WA,ANM,WE,Federal Contract Tower,31,6,22,4,63,0,26,67,2,95,31,32,89,6,158,2,0,2,160
04/12/2014,BLI,WA,ANM,WE,Federal Contract Tower,27,2,0,0,29,0,23,90,7,120,27,25,90,7,149,24,0,24,173
04/13/2014,BLI,WA,ANM,WE,Federal Contract Tower,26,0,18,0,44,0,16,82,0,98,26,16,100,0,142,14,0,14,156
04/14/2014,BLI,WA,ANM,WE,Federal Contract Tower,28,8,7,2,45,0,27,72,0,99,28,35,79,2,144,32,0,32,176
04/15/2014,BLI,WA,ANM,WE,Federal Contract Tower,18,4,16,0,38,0,29,67,0,96,18,33,83,0,134,92,0,92,226
04/16/2014,BLI,WA,ANM,WE,Federal Contract Tower,24,5,14,0,43,0,28,5,5,38,24,33,19,5,81,6,0,6,87
04/17/2014,BLI,WA,ANM,WE,Federal Contract Tower,27,9,12,2,50,0,25,21,0,46,27,34,33,2,96,24,0,24,120
04/18/2014,BLI,WA,ANM,WE,Federal Contract Tower,29,7,24,5,65,0,28,92,3,123,29,35,116,8,188,88,0,88,276
04/19/2014,BLI,WA,ANM,WE,Federal Contract Tower,29,2,2,1,34,0,14,22,1,37,29,16,24,2,71,14,0,14,85
04/20/2014,BLI,WA,ANM,WE,Federal Contract Tower,29,0,8,0,37,0,18,48,0,66,29,18,56,0,103,16,0,16,119
04/21/2014,BLI,WA,ANM,WE,Federal Contract Tower,28,5,10,0,43,0,38,48,0,86,28,43,58,0,129,68,0,68,197
04/22/2014,BLI,WA,ANM,WE,Federal Contract Tower,21,7,15,0,43,1,38,33,0,72,22,45,48,0,115,22,0,22,137
04/23/2014,BLI,WA,ANM,WE,Federal Contract Tower,24,8,11,0,43,0,27,60,0,87,24,35,71,0,130,56,0,56,186
04/24/2014,BLI,WA,ANM,WE,Federal Contract Tower,27,7,15,0,49,0,27,28,4,59,27,34,43,4,108,40,0,40,148
04/25/2014,BLI,WA,ANM,WE,Federal Contract Tower,30,8,16,0,54,0,31,69,4,104,30,39,85,4,158,84,0,84,242
04/26/2014,BLI,WA,ANM,WE,Federal Contract Tower,30,5,37,0,72,0,14,88,0,102,30,19,125,0,174,66,0,66,240
04/27/2014,BLI,WA,ANM,WE,Federal Contract Tower,25,4,5,0,34,0,4,59,1,64,25,8,64,1,98,48,0,48,146
04/28/2014,BLI,WA,ANM,WE,Federal Contract Tower,27,5,19,0,51,0,28,100,0,128,27,33,119,0,179,26,0,26,205
04/29/2014,BLI,WA,ANM,WE,Federal Contract Tower,21,10,22,2,55,0,31,125,0,156,21,41,147,2,211,76,0,76,287
04/30/2014,BLI,WA,ANM,WE,Federal Contract Tower,22,6,30,0,58,0,24,125,2,151,22,30,155,2,209,40,0,40,249
05/01/2014,BLI,WA,ANM,WE,Federal Contract Tower,28,7,29,0,64,0,32,125,5,162,28,39,154,5,226,46,18,64,290
05/02/2014,BLI,WA,ANM,WE,Federal Contract Tower,30,8,18,0,56,0,23,123,0,146,30,31,141,0,202,40,0,40,242
05/03/2014,BLI,WA,ANM,WE,Federal Contract Tower,27,2,6,0,35,0,12,45,3,60,27,14,51,3,95,60,0,60,155
05/04/2014,BLI,WA,ANM,WE,Federal Contract Tower,25,2,24,0,51,0,14,26,1,41,25,16,50,1,92,8,0,8,100
05/05/2014,BLI,WA,ANM,WE,Federal Contract Tower,34,10,27,4,75,0,16,29,0,45,34,26,56,4,120,6,0,6,126
05/06/2014,BLI,WA,ANM,WE,Federal Contract Tower,18,7,26,4,55,0,33,48,0,81,18,40,74,4,136,52,0,52,188
05/07/2014,BLI,WA,ANM,WE,Federal Contract Tower,22,11,11,0,44,0,39,116,6,161,22,50,127,6,205,16,6,22,227
05/08/2014,BLI,WA,ANM,WE,Federal Contract Tower,32,6,26,0,64,0,35,55,1,91,32,41,81,1,155,24,0,24,179
05/09/2014,BLI,WA,ANM,WE,Federal Contract Tower,28,6,29,0,63,0,36,56,0,92,28,42,85,0,155,30,0,30,185
05/10/2014,BLI,WA,ANM,WE,Federal Contract Tower,25,5,9,0,39,0,16,55,0,71,25,21,64,0,110,8,0,8,118
05/11/2014,BLI,WA,ANM,WE,Federal Contract Tower,26,0,11,0,37,0,16,111,4,131,26,16,122,4,168,44,0,44,212
05/12/2014,BLI,WA,ANM,WE,Federal Contract Tower,29,8,14,0,51,0,23,75,0,98,29,31,89,0,149,40,0,40,189
05/13/2014,BLI,WA,ANM,WE,Federal Contract Tower,22,5,15,0,42,0,30,116,0,146,22,35,131,0,188,70,0,70,258
05/14/2014,BLI,WA,ANM,WE,Federal Contract Tower,24,5,20,0,49,0,41,131,8,180,24,46,151,8,229,40,6,46,275
05/15/2014,BLI,WA,ANM,WE,Federal Contract Tower,29,7,3,1,40,0,39,129,1,169,29,46,132,2,209,38,0,38,247
05/16/2014,BLI,WA,ANM,WE,Federal Contract Tower,31,4,17,2,54,0,30,77,0,107,31,34,94,2,161,70,0,70,231
05/17/2014,BLI,WA,ANM,WE,Federal Contract Tower,27,2,19,0,48,0,14,80,0,94,27,16,99,0,142,88,0,88,230
05/18/2014,BLI,WA,ANM,WE,Federal Contract Tower,29,0,12,0,41,0,23,81,0,104,29,23,93,0,145,110,0,110,255
05/19/2014,BLI,WA,ANM,WE,Federal Contract Tower,30,4,7,0,41,0,32,81,4,117,30,36,88,4,158,52,6,58,216
05/20/2014,BLI,WA,ANM,WE,Federal Contract Tower,19,12,14,0,45,0,28,91,0,119,19,40,105,0,164,22,0,22,186
05/21/2014,BLI,WA,ANM,WE,Federal Contract Tower,24,12,38,0,74,0,29,78,0,107,24,41,116,0,181,32,0,32,213
05/22/2014,BLI,WA,ANM,WE,Federal Contract Tower,28,5,17,0,50,0,35,75,0,110,28,40,92,0,160,30,0,30,190
05/23/2014,BLI,WA,ANM,WE,Federal Contract Tower,31,15,22,0,68,0,21,26,3,50,31,36,48,3,118,10,0,10,128
05/24/2014,BLI,WA,ANM,WE,Federal Contract Tower,23,4,13,1,41,0,28,57,1,86,23,32,70,2,127,68,0,68,195
05/25/2014,BLI,WA,ANM,WE,Federal Contract Tower,33,0,7,0,40,0,12,44,2,58,33,12,51,2,98,46,0,46,144
05/26/2014,BLI,WA,ANM,WE,Federal Contract Tower,31,4,25,3,63,0,22,78,0,100,31,26,103,3,163,30,0,30,193
05/27/2014,BLI,WA,ANM,WE,Federal Contract Tower,22,3,17,0,42,0,35,82,2,119,22,38,99,2,161,42,0,42,203
05/28/2014,BLI,WA,ANM,WE,Federal Contract Tower,25,3,17,0,45,0,27,55,1,83,25,30,72,1,128,54,0,54,182
05/29/2014,BLI,WA,ANM,WE,Federal Contract Tower,31,9,18,0,58,0,35,67,0,102,31,44,85,0,160,46,0,46,206
05/30/2014,BLI,WA,ANM,WE,Federal Contract Tower,31,7,11,4,53,0,35,109,2,146,31,42,120,6,199,14,0,14,213
05/31/2014,BLI,WA,ANM,WE,Federal Contract Tower,20,2,15,0,37,0,19,95,2,116,20,21,110,2,153,84,0,84,237
06/01/2014,BLI,WA,ANM,WE,Federal Contract Tower,31,2,14,0,47,0,19,120,0,139,31,21,134,0,186,76,0,76,262
06/02/2014,BLI,WA,ANM,WE,Federal Contract Tower,33,4,13,0,50,0,27,86,0,113,33,31,99,0,163,56,0,56,219
06/03/2014,BLI,WA,ANM,WE,Federal Contract Tower,17,5,14,2,38,0,29,63,0,92,17,34,77,2,130,68,0,68,198
06/04/2014,BLI,WA,ANM,WE,Federal Contract Tower,22,4,24,2,52,0,26,83,4,113,22,30,107,6,165,66,2,68,233
06/05/2014,BLI,WA,ANM,WE,Federal Contract Tower,29,8,12,0,49,0,37,108,3,148,29,45,120,3,197,74,0,74,271
06/06/2014,BLI,WA,ANM,WE,Federal Contract Tower,31,4,9,0,44,0,23,116,2,141,31,27,125,2,185,68,6,74,259
06/07/2014,BLI,WA,ANM,WE,Federal Contract Tower,19,5,13,0,37,0,20,96,0,116,19,25,109,0,153,48,0,48,201
06/08/2014,BLI,WA,ANM,WE,Federal Contract Tower,30,3,12,0,45,0,20,73,0,93,30,23,85,0,138,36,0,36,174
06/09/2014,BLI,WA,ANM,WE,Federal Contract Tower,34,5,10,0,49,1,38,60,1,100,35,43,70,1,149,80,10,90,239
06/10/2014,BLI,WA,ANM,WE,Federal Contract Tower,20,9,12,0,41,0,71,55,2,128,20,80,67,2,169,36,10,46,215
06/11/2014,BLI,WA,ANM,WE,Federal Contract Tower,23,8,25,0,56,0,32,101,0,133,23,40,126,0,189,44,0,44,233
06/12/2014,BLI,WA,ANM,WE,Federal Contract Tower,28,8,12,0,48,0,31,60,0,91,28,39,72,0,139,60,0,60,199
06/13/2014,BLI,WA,ANM,WE,Federal Contract Tower,28,15,16,0,59,0,24,49,0,73,28,39,65,0,132,24,0,24,156
06/14/2014,BLI,WA,ANM,WE,Federal Contract Tower,21,11,24,0,56,0,10,19,0,29,21,21,43,0,85,14,0,14,99
06/15/2014,BLI,WA,ANM,WE,Federal Contract Tower,30,5,21,0,56,0,22,58,6,86,30,27,79,6,142,54,0,54,196
06/16/2014,BLI,WA,ANM,WE,Federal Contract Tower,29,4,17,0,50,0,45,47,0,92,29,49,64,0,142,94,0,94,236
06/17/2014,BLI,WA,ANM,WE,Federal Contract Tower,22,7,32,0,61,0,27,90,0,117,22,34,122,0,178,32,0,32,210
06/18/2014,BLI,WA,ANM,WE,Federal Contract Tower,23,13,27,4,67,0,38,86,4,128,23,51,113,8,195,34,16,50,245
06/19/2014,BLI,WA,ANM,WE,Federal Contract Tower,31,6,20,0,57,0,33,105,0,138,31,39,125,0,195,30,0,30,225
06/20/2014,BLI,WA,ANM,WE,Federal Contract Tower,27,9,28,2,66,0,49,105,2,156,27,58,133,4,222,72,8,80,302
06/21/2014,BLI,WA,ANM,WE,Federal Contract Tower,25,5,11,3,44,0,18,112,1,131,25,23,123,4,175,24,0,24,199
06/22/2014,BLI,WA,ANM,WE,Federal Contract Tower,34,4,12,0,50,0,18,113,2,133,34,22,125,2,183,42,0,42,225
06/23/2014,BLI,WA,ANM,WE,Federal Contract Tower,29,4,17,0,50,0,32,106,0,138,29,36,123,0,188,10,0,10,198
06/24/2014,BLI,WA,ANM,WE,Federal Contract Tower,21,13,22,0,56,0,40,71,0,111,21,53,93,0,167,30,0,30,197
06/25/2014,BLI,WA,ANM,WE,Federal Contract Tower,23,6,36,0,65,0,26,98,2,126,23,32,134,2,191,58,0,58,249
06/26/2014,BLI,WA,ANM,WE,Federal Contract Tower,32,9,25,0,66,0,35,68,4,107,32,44,93,4,173,48,0,48,221
06/27/2014,BLI,WA,ANM,WE,Federal Contract Tower,31,11,22,0,64,0,31,88,0,119,31,42,110,0,183,46,0,46,229
06/28/2014,BLI,WA,ANM,WE,Federal Contract Tower,23,5,28,0,56,0,22,47,2,71,23,27,75,2,127,16,0,16,143
06/29/2014,BLI,WA,ANM,WE,Federal Contract Tower,30,0,11,0,41,0,17,87,0,104,30,17,98,0,145,38,0,38,183
06/30/2014,BLI,WA,ANM,WE,Federal Contract Tower,30,14,14,0,58,0,45,69,0,114,30,59,83,0,172,4,0,4,176
07/01/2014,BLI,WA,ANM,WE,Federal Contract Tower,22,9,18,0,49,0,46,109,0,155,22,55,127,0,204,52,0,52,256
07/02/2014,BLI,WA,ANM,WE,Federal Contract Tower,22,6,22,2,52,0,53,73,9,135,22,59,95,11,187,26,8,34,221
07/03/2014,BLI,WA,ANM,WE,Federal Contract Tower,33,5,25,0,63,0,65,132,0,197,33,70,157,0,260,68,0,68,328
07/04/2014,BLI,WA,ANM,WE,Federal Contract Tower,30,1,8,2,41,0,33,85,0,118,30,34,93,2,159,18,0,18,177
07/05/2014,BLI,WA,ANM,WE,Federal Contract Tower,23,3,15,0,41,0,27,90,0,117,23,30,105,0,158,40,0,40,198
07/06/2014,BLI,WA,ANM,WE,Federal Contract Tower,32,2,33,0,67,0,43,109,2,154,32,45,142,2,221,46,0,46,267
07/07/2014,BLI,WA,ANM,WE,Federal Contract Tower,28,9,22,0,59,0,29,77,0,106,28,38,99,0,165,26,0,26,191
07/08/2014,BLI,WA,ANM,WE,Federal Contract Tower,22,20,28,2,72,0,30,68,6,104,22,50,96,8,176,10,2,12,188
07/09/2014,BLI,WA,ANM,WE,Federal Contract Tower,21,7,19,0,47,0,46,104,4,154,21,53,123,4,201,14,32,46,247
07/10/2014,BLI,WA,ANM,WE,Federal Contract Tower,31,7,18,2,58,0,37,115,0,152,31,44,133,2,210,58,0,58,268
07/11/2014,BLI,WA,ANM,WE,Federal Contract Tower,29,4,16,0,49,0,53,130,1,184,29,57,146,1,233,34,0,34,267
07/12/2014,BLI,WA,ANM,WE,Federal Contract Tower,25,5,13,0,43,0,28,101,2,131,25,33,114,2,174,48,0,48,222
07/13/2014,BLI,WA,ANM,WE,Federal Contract Tower,30,0,11,0,41,0,16,124,0,140,30,16,135,0,181,50,0,50,231
07/14/2014,BLI,WA,ANM,WE,Federal Contract Tower,29,8,22,0,59,0,35,79,0,114,29,43,101,0,173,48,0,48,221
07/15/2014,BLI,WA,ANM,WE,Federal Contract Tower,21,3,17,0,41,0,28,98,0,126,21,31,115,0,167,20,0,20,187
07/16/2014,BLI,WA,ANM,WE,Federal Contract Tower,22,6,18,0,46,0,41,130,0,171,22,47,148,0,217,18,0,18,235
07/17/2014,BLI,WA,ANM,WE,Federal Contract Tower,30,8,31,2,71,0,55,83,0,138,30,63,114,2,209,38,0,38,247
07/18/2014,BLI,WA,ANM,WE,Federal Contract Tower,28,7,13,0,48,0,68,132,5,205,28,75,145,5,253,38,4,42,295
07/19/2014,BLI,WA,ANM,WE,Federal Contract Tower,22,11,34,0,67,0,17,20,0,37,22,28,54,0,104,4,0,4,108
07/20/2014,BLI,WA,ANM,WE,Federal Contract Tower,31,5,30,0,66,0,39,98,0,137,31,44,128,0,203,34,0,34,237
07/21/2014,BLI,WA,ANM,WE,Federal Contract Tower,29,12,22,0,63,0,44,104,0,148,29,56,126,0,211,44,0,44,255
07/22/2014,BLI,WA,ANM,WE,Federal Contract Tower,21,11,18,0,50,0,46,113,2,161,21,57,131,2,211,110,0,110,321
07/23/2014,BLI,WA,ANM,WE,Federal Contract Tower,22,21,17,0,60,0,34,10,0,44,22,55,27,0,104,6,0,6,110
07/24/2014,BLI,WA,ANM,WE,Federal Contract Tower,31,11,27,0,69,0,36,70,0,106,31,47,97,0,175,40,0,40,215
07/25/2014,BLI,WA,ANM,WE,Federal Contract Tower,29,5,19,2,55,0,47,156,2,205,29,52,175,4,260,70,0,70,330
07/26/2014,BLI,WA,ANM,WE,Federal Contract Tower,21,5,24,1,51,0,31,125,1,157,21,36,149,2,208,66,0,66,274
07/27/2014,BLI,WA,ANM,WE,Federal Contract Tower,31,8,36,0,75,0,30,110,0,140,31,38,146,0,215,56,0,56,271
07/28/2014,BLI,WA,ANM,WE,Federal Contract Tower,29,8,17,4,58,0,42,102,13,157,29,50,119,17,215,16,6,22,237
07/29/2014,BLI,WA,ANM,WE,Federal Contract Tower,24,8,30,0,62,0,48,120,0,168,24,56,150,0,230,92,0,92,322
07/30/2014,BLI,WA,ANM,WE,Federal Contract Tower,25,13,40,7,85,0,32,131,0,163,25,45,171,7,248,82,0,82,330
07/31/2014,BLI,WA,ANM,WE,Federal Contract Tower,30,7,23,0,60,0,33,109,0,142,30,40,132,0,202,26,0,26,228
08/01/2014,BLI,WA,ANM,WE,Federal Contract Tower,27,15,14,0,56,0,45,113,0,158,27,60,127,0,214,56,0,56,270
08/02/2014,BLI,WA,ANM,WE,Federal Contract Tower,21,4,14,1,40,0,21,107,1,129,21,25,121,2,169,48,0,48,217
08/03/2014,BLI,WA,ANM,WE,Federal Contract Tower,31,3,23,0,57,0,25,91,2,118,31,28,114,2,175,44,0,44,219
08/04/2014,BLI,WA,ANM,WE,Federal Contract Tower,26,10,6,0,42,1,43,100,0,144,27,53,106,0,186,50,0,50,236
08/05/2014,BLI,WA,ANM,WE,Federal Contract Tower,22,11,27,0,60,2,53,62,2,119,24,64,89,2,179,46,10,56,235
08/06/2014,BLI,WA,ANM,WE,Federal Contract Tower,22,7,17,2,48,0,37,115,0,152,22,44,132,2,200,44,0,44,244
08/07/2014,BLI,WA,ANM,WE,Federal Contract Tower,31,6,30,2,69,0,41,112,0,153,31,47,142,2,222,66,0,66,288
08/08/2014,BLI,WA,ANM,WE,Federal Contract Tower,27,9,16,0,52,0,48,101,0,149,27,57,117,0,201,60,0,60,261
08/09/2014,BLI,WA,ANM,WE,Federal Contract Tower,19,7,12,0,38,0,42,98,3,143,19,49,110,3,181,46,0,46,227
08/10/2014,BLI,WA,ANM,WE,Federal Contract Tower,28,3,18,0,49,0,39,130,3,172,28,42,148,3,221,52,0,52,273
08/11/2014,BLI,WA,ANM,WE,Federal Contract Tower,27,9,18,0,54,0,0,1,0,1,27,9,19,0,55,64,12,76,131
08/12/2014,BLI,WA,ANM,WE,Federal Contract Tower,21,3,21,0,45,0,38,67,0,105,21,41,88,0,150,56,2,58,208
08/13/2014,BLI,WA,ANM,WE,Federal Contract Tower,20,5,23,0,48,0,37,32,0,69,20,42,55,0,117,50,0,50,167
08/14/2014,BLI,WA,ANM,WE,Federal Contract Tower,26,11,20,0,57,0,33,63,1,97,26,44,83,1,154,20,0,20,174
08/15/2014,BLI,WA,ANM,WE,Federal Contract Tower,30,10,24,0,64,0,67,72,0,139,30,77,96,0,203,72,0,72,275
08/16/2014,BLI,WA,ANM,WE,Federal Contract Tower,19,3,22,0,44,0,16,55,0,71,19,19,77,0,115,16,0,16,131
08/17/2014,BLI,WA,ANM,WE,Federal Contract Tower,28,4,20,0,52,0,26,102,0,128,28,30,122,0,180,16,0,16,196
08/18/2014,BLI,WA,ANM,WE,Federal Contract Tower,27,11,17,0,55,0,41,83,0,124,27,52,100,0,179,58,0,58,237
08/19/2014,BLI,WA,ANM,WE,Federal Contract Tower,19,9,22,2,52,0,33,94,0,127,19,42,116,2,179,108,0,108,287
08/20/2014,BLI,WA,ANM,WE,Federal Contract Tower,21,15,15,2,53,0,47,88,0,135,21,62,103,2,188,40,0,40,228
08/21/2014,BLI,WA,ANM,WE,Federal Contract Tower,30,7,18,3,58,0,49,104,5,158,30,56,122,8,216,82,0,82,298
08/22/2014,BLI,WA,ANM,WE,Federal Contract Tower,28,16,11,0,55,0,55,123,6,184,28,71,134,6,239,114,0,114,353
08/23/2014,BLI,WA,ANM,WE,Federal Contract Tower,27,2,12,0,41,0,26,52,2,80,27,28,64,2,121,20,0,20,141
08/24/2014,BLI,WA,ANM,WE,Federal Contract Tower,28,1,26,0,55,0,40,117,5,162,28,41,143,5,217,30,0,30,247
08/25/2014,BLI,WA,ANM,WE,Federal Contract Tower,27,14,19,0,60,0,32,85,1,118,27,46,104,1,178,38,24,62,240
08/26/2014,BLI,WA,ANM,WE,Federal Contract Tower,15,11,14,0,40,0,47,119,1,167,15,58,133,1,207,50,0,50,257
08/27/2014,BLI,WA,ANM,WE,Federal Contract Tower,20,5,22,4,51,0,40,117,0,157,20,45,139,4,208,82,0,82,290
08/28/2014,BLI,WA,ANM,WE,Federal Contract Tower,24,7,15,1,47,0,42,71,3,116,24,49,86,4,163,38,0,38,201
08/29/2014,BLI,WA,ANM,WE,Federal Contract Tower,27,5,34,0,66,0,37,60,0,97,27,42,94,0,163,32,0,32,195
08/30/2014,BLI,WA,ANM,WE,Federal Contract Tower,13,6,21,0,40,0,28,48,2,78,13,34,69,2,118,22,0,22,140
08/31/2014,BLI,WA,ANM,WE,Federal Contract Tower,27,2,12,0,41,0,26,52,2,80,27,28,64,2,121,20,0,20,141
09/01/2014,BLI,WA,ANM,WE,Federal Contract Tower,25,5,16,0,46,0,31,82,0,113,25,36,98,0,159,74,0,74,233
09/02/2014,BLI,WA,ANM,WE,Federal Contract Tower,18,8,16,0,42,0,27,30,0,57,18,35,46,0,99,10,0,10,109
09/03/2014,BLI,WA,ANM,WE,Federal Contract Tower,15,11,14,0,40,0,27,71,0,98,15,38,85,0,138,76,0,76,214
09/04/2014,BLI,WA,ANM,WE,Federal Contract Tower,29,5,16,0,50,0,31,89,2,122,29,36,105,2,172,46,0,46,218
09/05/2014,BLI,WA,ANM,WE,Federal Contract Tower,26,10,16,1,53,0,32,140,3,175,26,42,156,4,228,66,32,98,326
09/06/2014,BLI,WA,ANM,WE,Federal Contract Tower,12,3,8,0,23,0,18,92,1,111,12,21,100,1,134,58,0,58,192
09/07/2014,BLI,WA,ANM,WE,Federal Contract Tower,25,0,15,0,40,0,19,103,4,126,25,19,118,4,166,66,0,66,232
09/08/2014,BLI,WA,ANM,WE,Federal Contract Tower,25,6,15,0,46,0,31,44,0,75,25,37,59,0,121,48,0,48,169
09/09/2014,BLI,WA,ANM,WE,Federal Contract Tower,16,13,9,0,38,0,27,78,0,105,16,40,87,0,143,106,2,108,251
09/10/2014,BLI,WA,ANM,WE,Federal Contract Tower,15,6,14,0,35,0,29,76,2,107,15,35,90,2,142,10,0,10,152
09/11/2014,BLI,WA,ANM,WE,Federal Contract Tower,23,6,17,0,46,0,18,99,0,117,23,24,116,0,163,76,0,76,239
09/12/2014,BLI,WA,ANM,WE,Federal Contract Tower,26,6,13,0,45,0,35,87,0,122,26,41,100,0,167,54,0,54,221
09/13/2014,BLI,WA,ANM,WE,Federal Contract Tower,15,4,15,0,34,0,24,88,2,114,15,28,103,2,148,50,0,50,198
09/14/2014,BLI,WA,ANM,WE,Federal Contract Tower,24,0,7,0,31,0,29,99,0,128,24,29,106,0,159,32,0,32,191
09/15/2014,BLI,WA,ANM,WE,Federal Contract Tower,26,6,25,2,59,0,32,92,0,124,26,38,117,2,183,56,6,62,245
09/16/2014,BLI,WA,ANM,WE,Federal Contract Tower,14,9,17,0,40,0,25,99,0,124,14,34,116,0,164,44,0,44,208
09/17/2014,BLI,WA,ANM,WE,Federal Contract Tower,15,5,31,0,51,0,30,45,0,75,15,35,76,0,126,68,0,68,194
09/18/2014,BLI,WA,ANM,WE,Federal Contract Tower,26,6,15,0,47,0,23,24,2,49,26,29,39,2,96,18,0,18,114
09/19/2014,BLI,WA,ANM,WE,Federal Contract Tower,26,6,29,0,61,0,29,44,0,73,26,35,73,0,134,40,0,40,174
09/20/2014,BLI,WA,ANM,WE,Federal Contract Tower,15,3,15,0,33,0,23,81,0,104,15,26,96,0,137,38,0,38,175
09/21/2014,BLI,WA,ANM,WE,Federal Contract Tower,21,4,19,0,44,0,11,80,2,93,21,15,99,2,137,58,0,58,195
09/22/2014,BLI,WA,ANM,WE,Federal Contract Tower,26,7,12,0,45,0,26,65,1,92,26,33,77,1,137,52,0,52,189
09/23/2014,BLI,WA,ANM,WE,Federal Contract Tower,15,8,23,4,50,0,33,59,2,94,15,41,82,6,144,62,8,70,214
09/24/2014,BLI,WA,ANM,WE,Federal Contract Tower,16,10,13,0,39,0,28,31,0,59,16,38,44,0,98,18,0,18,116
09/25/2014,BLI,WA,ANM,WE,Federal Contract Tower,25,7,11,0,43,0,33,57,0,90,25,40,68,0,133,44,0,44,177
09/26/2014,BLI,WA,ANM,WE,Federal Contract Tower,26,4,19,0,49,0,30,41,0,71,26,34,60,0,120,58,0,58,178
09/27/2014,BLI,WA,ANM,WE,Federal Contract Tower,19,5,22,0,46,0,11,42,2,55,19,16,64,2,101,32,0,32,133
09/28/2014,BLI,WA,ANM,WE,Federal Contract Tower,21,2,6,0,29,0,10,63,0,73,21,12,69,0,102,70,0,70,172
09/29/2014,BLI,WA,ANM,WE,Federal Contract Tower,25,13,7,0,45,0,19,20,0,39,25,32,27,0,84,30,0,30,114
09/30/2014,BLI,WA,ANM,WE,Federal Contract Tower,16,7,14,0,37,0,34,65,2,101,16,41,79,2,138,28,2,30,168
10/01/2014,BLI,WA,ANM,WE,Federal Contract Tower,15,3,19,0,37,0,26,61,0,87,15,29,80,0,124,54,0,54,178
10/02/2014,BLI,WA,ANM,WE,Federal Contract Tower,21,7,19,0,47,0,43,94,0,137,21,50,113,0,184,32,0,32,216
10/03/2014,BLI,WA,ANM,WE,Federal Contract Tower,30,6,11,2,49,0,31,92,0,123,30,37,103,2,172,76,0,76,248
10/04/2014,BLI,WA,ANM,WE,Federal Contract Tower,14,6,16,3,39,0,21,57,2,80,14,27,73,5,119,22,10,32,151
10/05/2014,BLI,WA,ANM,WE,Federal Contract Tower,19,0,9,0,28,13,82,4,0,99,32,82,13,0,127,34,0,34,161
10/06/2014,BLI,WA,ANM,WE,Federal Contract Tower,26,5,18,0,49,0,19,26,0,45,26,24,44,0,94,6,0,6,100
10/07/2014,BLI,WA,ANM,WE,Federal Contract Tower,15,7,8,2,32,0,11,11,0,22,15,18,19,2,54,4,0,4,58
10/08/2014,BLI,WA,ANM,WE,Federal Contract Tower,16,16,13,0,45,0,17,22,0,39,16,33,35,0,84,24,0,24,108
10/09/2014,BLI,WA,ANM,WE,Federal Contract Tower,22,10,16,0,48,0,24,44,0,68,22,34,60,0,116,38,0,38,154
10/10/2014,BLI,WA,ANM,WE,Federal Contract Tower,26,10,15,2,53,0,11,29,0,40,26,21,44,2,93,10,0,10,103
10/11/2014,BLI,WA,ANM,WE,Federal Contract Tower,14,3,14,0,31,0,9,29,2,40,14,12,43,2,71,6,0,6,77
10/12/2014,BLI,WA,ANM,WE,Federal Contract Tower,20,3,12,0,35,0,11,38,1,50,20,14,50,1,85,24,0,24,109
10/13/2014,BLI,WA,ANM,WE,Federal Contract Tower,24,7,15,0,46,0,20,37,0,57,24,27,52,0,103,6,0,6,109
10/14/2014,BLI,WA,ANM,WE,Federal Contract Tower,15,6,14,0,35,0,30,62,0,92,15,36,76,0,127,30,0,30,157
10/15/2014,BLI,WA,ANM,WE,Federal Contract Tower,18,7,12,0,37,0,25,21,2,48,18,32,33,2,85,0,0,0,85
10/16/2014,BLI,WA,ANM,WE,Federal Contract Tower,25,6,19,1,51,0,27,79,1,107,25,33,98,2,158,104,0,104,262
10/17/2014,BLI,WA,ANM,WE,Federal Contract Tower,27,6,10,0,43,0,23,14,0,37,27,29,24,0,80,16,0,16,96
10/18/2014,BLI,WA,ANM,WE,Federal Contract Tower,18,2,11,9,40,0,10,37,16,63,18,12,48,25,103,38,6,44,147
10/19/2014,BLI,WA,ANM,WE,Federal Contract Tower,19,0,6,1,26,0,16,42,6,64,19,16,48,7,90,26,0,26,116
10/20/2014,BLI,WA,ANM,WE,Federal Contract Tower,25,6,7,0,38,0,12,31,0,43,25,18,38,0,81,58,0,58,139
10/21/2014,BLI,WA,ANM,WE,Federal Contract Tower,13,8,13,0,34,0,20,20,0,40,13,28,33,0,74,0,0,0,74
10/22/2014,BLI,WA,ANM,WE,Federal Contract Tower,19,5,20,2,46,0,29,18,0,47,19,34,38,2,93,50,0,50,143
10/23/2014,BLI,WA,ANM,WE,Federal Contract Tower,21,11,23,0,55,0,22,35,0,57,21,33,58,0,112,26,0,26,138
10/24/2014,BLI,WA,ANM,WE,Federal Contract Tower,28,4,20,0,52,0,31,94,2,127,28,35,114,2,179,60,0,60,239
10/25/2014,BLI,WA,ANM,WE,Federal Contract Tower,16,2,8,0,26,0,13,23,0,36,16,15,31,0,62,38,0,38,100
10/26/2014,BLI,WA,ANM,WE,Federal Contract Tower,21,0,5,0,26,0,7,35,0,42,21,7,40,0,68,72,0,72,140
10/27/2014,BLI,WA,ANM,WE,Federal Contract Tower,26,3,8,1,38,0,18,43,0,61,26,21,51,1,99,28,0,28,127
10/28/2014,BLI,WA,ANM,WE,Federal Contract Tower,17,9,16,0,42,0,24,22,0,46,17,33,38,0,88,2,0,2,90
10/29/2014,BLI,WA,ANM,WE,Federal Contract Tower,18,11,11,2,42,0,23,62,2,87,18,34,73,4,129,124,0,124,253
10/30/2014,BLI,WA,ANM,WE,Federal Contract Tower,23,9,13,0,45,0,16,23,0,39,23,25,36,0,84,30,0,30,114
10/31/2014,BLI,WA,ANM,WE,Federal Contract Tower,25,9,5,0,39,0,11,6,0,17,25,20,11,0,56,26,0,26,82
11/01/2014,BLI,WA,ANM,WE,Federal Contract Tower,24,7,11,0,42,0,6,33,0,39,24,13,44,0,81,68,0,68,149
11/02/2014,BLI,WA,ANM,WE,Federal Contract Tower,26,3,10,0,39,0,15,28,0,43,26,18,38,0,82,8,0,8,90
11/03/2014,BLI,WA,ANM,WE,Federal Contract Tower,24,13,6,0,43,0,21,26,0,47,24,34,32,0,90,0,0,0,90
11/04/2014,BLI,WA,ANM,WE,Federal Contract Tower,14,8,19,4,45,0,23,34,2,59,14,31,53,6,104,48,12,60,164
11/05/2014,BLI,WA,ANM,WE,Federal Contract Tower,20,9,10,0,39,0,26,37,0,63,20,35,47,0,102,31,0,31,133
11/06/2014,BLI,WA,ANM,WE,Federal Contract Tower,22,7,6,0,35,0,14,4,0,18,22,21,10,0,53,0,0,0,53
11/07/2014,BLI,WA,ANM,WE,Federal Contract Tower,27,7,27,0,61,0,23,65,0,88,27,30,92,0,149,76,0,76,225
11/08/2014,BLI,WA,ANM,WE,Federal Contract Tower,26,2,10,0,38,0,11,54,2,67,26,13,64,2,105,82,0,82,187
11/09/2014,BLI,WA,ANM,WE,Federal Contract Tower,24,8,11,5,48,0,0,0,0,0,24,8,11,5,48,0,0,0,48
11/10/2014,BLI,WA,ANM,WE,Federal Contract Tower,24,5,4,0,33,0,20,60,0,80,24,25,64,0,113,30,0,30,143
11/11/2014,BLI,WA,ANM,WE,Federal Contract Tower,16,11,3,0,30,0,20,17,0,37,16,31,20,0,67,0,0,0,67
11/12/2014,BLI,WA,ANM,WE,Federal Contract Tower,17,6,9,5,37,0,24,90,1,115,17,30,99,6,152,110,0,110,262
11/13/2014,BLI,WA,ANM,WE,Federal Contract Tower,18,7,11,0,36,0,15,67,7,89,18,22,78,7,125,12,0,12,137
11/14/2014,BLI,WA,ANM,WE,Federal Contract Tower,24,5,13,0,42,0,30,54,0,84,24,35,67,0,126,10,0,10,136
11/15/2014,BLI,WA,ANM,WE,Federal Contract Tower,20,4,1,0,25,0,19,82,8,109,20,23,83,8,134,30,0,30,164
11/16/2014,BLI,WA,ANM,WE,Federal Contract Tower,20,2,4,0,26,0,9,91,0,100,20,11,95,0,126,40,0,40,166
11/17/2014,BLI,WA,ANM,WE,Federal Contract Tower,22,6,14,2,44,0,24,55,0,79,22,30,69,2,123,42,0,42,165
11/18/2014,BLI,WA,ANM,WE,Federal Contract Tower,12,10,28,3,53,0,30,96,3,129,12,40,124,6,182,52,0,52,234
11/19/2014,BLI,WA,ANM,WE,Federal Contract Tower,18,8,10,2,38,0,21,73,0,94,18,29,83,2,132,44,0,44,176
11/20/2014,BLI,WA,ANM,WE,Federal Contract Tower,21,9,19,0,49,0,23,34,0,57,21,32,53,0,106,46,0,46,152
11/21/2014,BLI,WA,ANM,WE,Federal Contract Tower,27,7,9,0,43,0,15,3,0,18,27,22,12,0,61,6,0,6,67
11/22/2014,BLI,WA,ANM,WE,Federal Contract Tower,18,2,11,0,31,0,15,23,0,38,18,17,34,0,69,44,0,44,113
11/23/2014,BLI,WA,ANM,WE,Federal Contract Tower,21,10,1,0,32,0,14,28,5,47,21,24,29,5,79,60,0,60,139
11/24/2014,BLI,WA,ANM,WE,Federal Contract Tower,20,11,12,2,45,0,23,41,2,66,20,34,53,4,111,8,0,8,119
11/25/2014,BLI,WA,ANM,WE,Federal Contract Tower,18,11,13,2,44,0,0,0,0,0,18,11,13,2,44,0,0,0,44
11/26/2014,BLI,WA,ANM,WE,Federal Contract Tower,23,9,19,0,51,0,44,26,0,70,23,53,45,0,121,16,0,16,137
11/27/2014,BLI,WA,ANM,WE,Federal Contract Tower,17,0,1,4,22,0,5,1,0,6,17,5,2,4,28,0,0,0,28
11/28/2014,BLI,WA,ANM,WE,Federal Contract Tower,22,5,5,0,32,0,33,20,0,53,22,38,25,0,85,10,0,10,95
11/29/2014,BLI,WA,ANM,WE,Federal Contract Tower,17,2,1,0,20,0,11,2,0,13,17,13,3,0,33,0,0,0,33
11/30/2014,BLI,WA,ANM,WE,Federal Contract Tower,22,1,17,0,40,0,17,72,1,90,22,18,89,1,130,46,0,46,176
12/01/2014,BLI,WA,ANM,WE,Federal Contract Tower,25,4,3,0,32,0,30,43,0,73,25,34,46,0,105,26,0,26,131
12/02/2014,BLI,WA,ANM,WE,Federal Contract Tower,14,6,11,2,33,0,31,53,2,86,14,37,64,4,119,34,26,60,179
12/03/2014,BLI,WA,ANM,WE,Federal Contract Tower,19,5,13,0,37,0,11,70,0,81,19,16,83,0,118,24,0,24,142
12/04/2014,BLI,WA,ANM,WE,Federal Contract Tower,19,11,1,0,31,0,12,21,2,35,19,23,22,2,66,32,0,32,98
12/05/2014,BLI,WA,ANM,WE,Federal Contract Tower,23,6,5,0,34,0,17,38,0,55,23,23,43,0,89,32,0,32,121
12/06/2014,BLI,WA,ANM,WE,Federal Contract Tower,17,3,3,3,26,0,4,2,4,10,17,7,5,7,36,0,2,2,38
12/07/2014,BLI,WA,ANM,WE,Federal Contract Tower,19,2,4,0,25,0,2,93,0,95,19,4,97,0,120,64,0,64,184
12/08/2014,BLI,WA,ANM,WE,Federal Contract Tower,22,7,9,0,38,0,18,19,0,37,22,25,28,0,75,36,0,36,111
12/09/2014,BLI,WA,ANM,WE,Federal Contract Tower,10,7,10,0,27,0,4,8,0,12,10,11,18,0,39,12,0,12,51
12/10/2014,BLI,WA,ANM,WE,Federal Contract Tower,19,5,4,0,28,0,2,8,0,10,19,7,12,0,38,0,0,0,38
12/11/2014,BLI,WA,ANM,WE,Federal Contract Tower,18,6,3,0,27,0,5,21,2,28,18,11,24,2,55,0,0,0,55
12/12/2014,BLI,WA,ANM,WE,Federal Contract Tower,23,12,10,2,47,0,27,48,0,75,23,39,58,2,122,22,0,22,144
12/13/2014,BLI,WA,ANM,WE,Federal Contract Tower,17,6,4,0,27,0,9,59,8,76,17,15,63,8,103,70,12,82,185
12/14/2014,BLI,WA,ANM,WE,Federal Contract Tower,21,2,14,0,37,0,6,56,0,62,21,8,70,0,99,32,0,32,131
12/15/2014,BLI,WA,ANM,WE,Federal Contract Tower,24,7,11,1,43,0,31,70,0,101,24,38,81,1,144,52,18,70,214
12/16/2014,BLI,WA,ANM,WE,Federal Contract Tower,11,7,13,0,31,0,14,39,0,53,11,21,52,0,84,26,0,26,110
12/17/2014,BLI,WA,ANM,WE,Federal Contract Tower,19,9,11,6,45,0,14,51,0,65,19,23,62,6,110,53,50,103,213
12/18/2014,BLI,WA,ANM,WE,Federal Contract Tower,21,8,24,0,53,0,14,53,0,67,21,22,77,0,120,16,0,16,136
12/19/2014,BLI,WA,ANM,WE,Federal Contract Tower,26,8,23,0,57,0,26,23,0,49,26,34,46,0,106,14,0,14,120
12/20/2014,BLI,WA,ANM,WE,Federal Contract Tower,22,4,6,0,32,0,5,5,0,10,22,9,11,0,42,0,0,0,42
12/21/2014,BLI,WA,ANM,WE,Federal Contract Tower,21,2,8,0,31,0,6,37,2,45,21,8,45,2,76,40,0,40,116
12/22/2014,BLI,WA,ANM,WE,Federal Contract Tower,26,7,6,0,39,0,15,44,0,59,26,22,50,0,98,16,0,16,114
12/23/2014,BLI,WA,ANM,WE,Federal Contract Tower,21,14,11,0,46,1,16,16,0,33,22,30,27,0,79,6,0,6,85
12/24/2014,BLI,WA,ANM,WE,Federal Contract Tower,25,7,0,0,32,0,10,38,0,48,25,17,38,0,80,10,0,10,90
12/25/2014,BLI,WA,ANM,WE,Federal Contract Tower,13,0,0,0,13,0,3,6,0,9,13,3,6,0,22,10,0,10,32
12/26/2014,BLI,WA,ANM,WE,Federal Contract Tower,26,5,6,0,37,0,21,31,0,52,26,26,37,0,89,56,0,56,145
12/27/2014,BLI,WA,ANM,WE,Federal Contract Tower,25,3,6,0,34,0,11,10,0,21,25,14,16,0,55,0,0,0,55
12/28/2014,BLI,WA,ANM,WE,Federal Contract Tower,27,2,2,0,31,0,11,24,0,35,27,13,26,0,66,24,0,24,90
12/29/2014,BLI,WA,ANM,WE,Federal Contract Tower,28,4,6,0,38,0,13,14,0,27,28,17,20,0,65,4,0,4,69
12/30/2014,BLI,WA,ANM,WE,Federal Contract Tower,20,10,4,0,34,0,14,59,3,76,20,24,63,3,110,57,0,57,167
12/31/2014,BLI,WA,ANM,WE,Federal Contract Tower,25,7,4,0,36,0,13,70,0,83,25,20,74,0,119,26,0,26,145
01/01/2015,BLI,WA,ANM,WE,Federal Contract Tower,22,2,2,0,26,0,4,62,0,66,22,6,64,0,92,74,0,74,166
01/02/2015,BLI,WA,ANM,WE,Federal Contract Tower,31,6,2,0,39,0,13,9,0,22,31,19,11,0,61,4,0,4,65
01/03/2015,BLI,WA,ANM,WE,Federal Contract Tower,22,6,5,0,33,0,13,40,0,53,22,19,45,0,86,76,0,76,162
01/04/2015,BLI,WA,ANM,WE,Federal Contract Tower,22,1,5,0,28,0,8,1,0,9,22,9,6,0,37,0,0,0,37
01/05/2015,BLI,WA,ANM,WE,Federal Contract Tower,27,14,15,0,56,0,2,0,0,2,27,16,15,0,58,0,0,0,58
01/06/2015,BLI,WA,ANM,WE,Federal Contract Tower,18,7,11,0,36,0,18,50,0,68,18,25,61,0,104,48,0,48,152
01/07/2015,BLI,WA,ANM,WE,Federal Contract Tower,19,5,16,0,40,0,12,21,0,33,19,17,37,0,73,16,0,16,89
01/08/2015,BLI,WA,ANM,WE,Federal Contract Tower,24,9,7,0,40,0,13,36,0,49,24,22,43,0,89,32,0,32,121
01/09/2015,BLI,WA,ANM,WE,Federal Contract Tower,25,5,10,2,42,0,22,88,2,112,25,27,98,4,154,60,12,72,226
01/10/2015,BLI,WA,ANM,WE,Federal Contract Tower,17,7,40,0,64,0,0,0,0,0,17,7,40,0,64,0,0,0,64
01/11/2015,BLI,WA,ANM,WE,Federal Contract Tower,25,5,53,0,83,0,1,0,0,1,25,6,53,0,84,0,0,0,84
01/12/2015,BLI,WA,ANM,WE,Federal Contract Tower,22,7,13,0,42,0,18,59,0,77,22,25,72,0,119,136,0,136,255
01/13/2015,BLI,WA,ANM,WE,Federal Contract Tower,7,12,4,0,23,0,7,49,0,56,7,19,53,0,79,84,24,108,187
01/14/2015,BLI,WA,ANM,WE,Federal Contract Tower,21,5,11,0,37,0,21,61,0,82,21,26,72,0,119,82,0,82,201
01/15/2015,BLI,WA,ANM,WE,Federal Contract Tower,19,6,19,0,44,0,17,48,0,65,19,23,67,0,109,34,0,34,143
01/16/2015,BLI,WA,ANM,WE,Federal Contract Tower,25,7,23,0,55,0,29,46,0,75,25,36,69,0,130,12,0,12,142
01/17/2015,BLI,WA,ANM,WE,Federal Contract Tower,15,1,10,0,26,0,12,21,0,33,15,13,31,0,59,72,0,72,131
01/18/2015,BLI,WA,ANM,WE,Federal Contract Tower,19,1,2,0,22,0,4,8,0,12,19,5,10,0,34,14,0,14,48
01/19/2015,BLI,WA,ANM,WE,Federal Contract Tower,22,12,2,0,36,0,22,37,0,59,22,34,39,0,95,20,0,20,115
01/20/2015,BLI,WA,ANM,WE,Federal Contract Tower,14,6,6,0,26,0,17,75,0,92,14,23,81,0,118,74,0,74,192
01/21/2015,BLI,WA,ANM,WE,Federal Contract Tower,19,5,28,0,52,0,21,64,0,85,19,26,92,0,137,62,0,62,199
01/22/2015,BLI,WA,ANM,WE,Federal Contract Tower,17,9,10,2,38,0,24,26,0,50,17,33,36,2,88,40,0,40,128
01/23/2015,BLI,WA,ANM,WE,Federal Contract Tower,22,5,8,0,35,0,17,1,3,21,22,22,9,3,56,0,0,0,56
01/24/2015,BLI,WA,ANM,WE,Federal Contract Tower,15,2,14,0,31,0,5,14,0,19,15,7,28,0,50,30,0,30,80
01/25/2015,BLI,WA,ANM,WE,Federal Contract Tower,22,6,15,3,46,0,6,33,2,41,22,12,48,5,87,26,0,26,113
01/26/2015,BLI,WA,ANM,WE,Federal Contract Tower,23,8,14,0,45,0,14,54,0,68,23,22,68,0,113,26,0,26,139
01/27/2015,BLI,WA,ANM,WE,Federal Contract Tower,9,6,16,2,33,0,17,23,0,40,9,23,39,2,73,32,2,34,107
01/28/2015,BLI,WA,ANM,WE,Federal Contract Tower,17,5,9,0,31,0,27,79,0,106,17,32,88,0,137,56,0,56,193
01/29/2015,BLI,WA,ANM,WE,Federal Contract Tower,17,7,16,0,40,0,28,122,0,150,17,35,138,0,190,54,0,54,244
01/30/2015,BLI,WA,ANM,WE,Federal Contract Tower,25,9,20,0,54,0,29,84,6,119,25,38,104,6,173,56,0,56,229
01/31/2015,BLI,WA,ANM,WE,Federal Contract Tower,19,0,2,2,23,0,9,34,0,43,19,9,36,2,66,54,0,54,120
02/01/2015,BLI,WA,ANM,WE,Federal Contract Tower,21,0,8,0,29,0,3,13,0,16,21,3,21,0,45,0,0,0,45
02/02/2015,BLI,WA,ANM,WE,Federal Contract Tower,20,8,19,0,47,0,11,14,0,25,20,19,33,0,72,12,0,12,84
02/03/2015,BLI,WA,ANM,WE,Federal Contract Tower,9,12,14,7,42,0,19,26,0,45,9,31,40,7,87,28,4,32,119
02/04/2015,BLI,WA,ANM,WE,Federal Contract Tower,17,6,17,0,40,0,17,26,0,43,17,23,43,0,83,2,0,2,85
02/05/2015,BLI,WA,ANM,WE,Federal Contract Tower,17,6,8,0,31,0,26,19,0,45,17,32,27,0,76,0,0,0,76
02/06/2015,BLI,WA,ANM,WE,Federal Contract Tower,25,5,3,0,33,0,15,9,4,28,25,20,12,4,61,10,0,10,71
02/07/2015,BLI,WA,ANM,WE,Federal Contract Tower,17,5,4,0,26,0,7,12,2,21,17,12,16,2,47,18,4,22,69
02/08/2015,BLI,WA,ANM,WE,Federal Contract Tower,22,0,9,0,31,0,14,89,1,104,22,14,98,1,135,72,0,72,207
02/09/2015,BLI,WA,ANM,WE,Federal Contract Tower,21,8,4,1,34,0,14,31,0,45,21,22,35,1,79,10,0,10,89
02/10/2015,BLI,WA,ANM,WE,Federal Contract Tower,12,2,19,2,35,0,17,18,0,35,12,19,37,2,70,28,0,28,98
02/11/2015,BLI,WA,ANM,WE,Federal Contract Tower,19,4,9,2,34,0,22,70,4,96,19,26,79,6,130,52,20,72,202
02/12/2015,BLI,WA,ANM,WE,Federal Contract Tower,24,8,9,0,41,0,25,25,0,50,24,33,34,0,91,22,0,22,113
02/13/2015,BLI,WA,ANM,WE,Federal Contract Tower,22,7,9,2,40,0,23,68,4,95,22,30,77,6,135,28,16,44,179
02/14/2015,BLI,WA,ANM,WE,Federal Contract Tower,23,3,13,0,39,0,11,44,0,55,23,14,57,0,94,22,0,22,116
02/15/2015,BLI,WA,ANM,WE,Federal Contract Tower,23,0,8,0,31,0,6,44,0,50,23,6,52,0,81,72,0,72,153
02/16/2015,BLI,WA,ANM,WE,Federal Contract Tower,24,3,6,0,33,0,17,68,0,85,24,20,74,0,118,20,0,20,138
02/17/2015,BLI,WA,ANM,WE,Federal Contract Tower,18,11,12,2,43,0,17,83,0,100,18,28,95,2,143,50,0,50,193
02/18/2015,BLI,WA,ANM,WE,Federal Contract Tower,18,6,10,0,34,0,25,61,2,88,18,31,71,2,122,70,0,70,192
02/19/2015,BLI,WA,ANM,WE,Federal Contract Tower,23,10,9,0,42,0,20,29,0,49,23,30,38,0,91,10,0,10,101
02/20/2015,BLI,WA,ANM,WE,Federal Contract Tower,23,9,9,0,41,0,20,46,0,66,23,29,55,0,107,20,0,20,127
02/21/2015,BLI,WA,ANM,WE,Federal Contract Tower,27,2,5,0,34,0,10,81,1,92,27,12,86,1,126,12,6,18,144
02/22/2015,BLI,WA,ANM,WE,Federal Contract Tower,25,1,9,0,35,0,8,95,0,103,25,9,104,0,138,148,0,148,286
02/23/2015,BLI,WA,ANM,WE,Federal Contract Tower,26,6,5,0,37,0,22,74,1,97,26,28,79,1,134,104,0,104,238
02/24/2015,BLI,WA,ANM,WE,Federal Contract Tower,16,5,24,1,46,0,25,81,3,109,16,30,105,4,155,42,2,44,199
02/25/2015,BLI,WA,ANM,WE,Federal Contract Tower,19,10,19,2,50,0,22,49,2,73,19,32,68,4,123,50,0,50,173
02/26/2015,BLI,WA,ANM,WE,Federal Contract Tower,24,15,21,0,60,0,12,23,2,37,24,27,44,2,97,4,0,4,101
02/27/2015,BLI,WA,ANM,WE,Federal Contract Tower,21,10,9,0,40,0,27,28,0,55,21,37,37,0,95,14,0,14,109
02/28/2015,BLI,WA,ANM,WE,Federal Contract Tower,25,4,9,1,39,0,9,63,20,92,25,13,72,21,131,50,0,50,181
03/01/2015,BLI,WA,ANM,WE,Federal Contract Tower,28,1,8,8,45,0,14,67,33,114,28,15,75,41,159,81,6,87,246
03/02/2015,BLI,WA,ANM,WE,Federal Contract Tower,23,11,7,0,41,0,26,46,6,78,23,37,53,6,119,30,0,30,149
03/03/2015,BLI,WA,ANM,WE,Federal Contract Tower,15,11,12,2,40,0,15,76,7,98,15,26,88,9,138,38,36,74,212
03/04/2015,BLI,WA,ANM,WE,Federal Contract Tower,23,5,10,5,43,0,23,117,0,140,23,28,127,5,183,90,0,90,273
03/05/2015,BLI,WA,ANM,WE,Federal Contract Tower,24,7,28,1,60,0,30,62,3,95,24,37,90,4,155,50,0,50,205
03/06/2015,BLI,WA,ANM,WE,Federal Contract Tower,25,11,5,1,42,0,25,90,0,115,25,36,95,1,157,20,0,20,177
03/07/2015,BLI,WA,ANM,WE,Federal Contract Tower,29,3,10,0,42,0,19,104,2,125,29,22,114,2,167,78,0,78,245
03/08/2015,BLI,WA,ANM,WE,Federal Contract Tower,28,1,8,0,37,0,15,52,2,69,28,16,60,2,106,42,0,42,148
03/09/2015,BLI,WA,ANM,WE,Federal Contract Tower,28,7,16,0,51,0,16,53,0,69,28,23,69,0,120,72,0,72,192
03/10/2015,BLI,WA,ANM,WE,Federal Contract Tower,27,9,9,7,52,0,19,57,4,80,27,28,66,11,132,96,2,98,230
03/11/2015,BLI,WA,ANM,WE,Federal Contract Tower,19,7,11,2,39,0,20,24,0,44,19,27,35,2,83,50,0,50,133
03/12/2015,BLI,WA,ANM,WE,Federal Contract Tower,23,7,24,0,54,0,32,69,0,101,23,39,93,0,155,22,0,22,177
03/13/2015,BLI,WA,ANM,WE,Federal Contract Tower,29,6,28,0,63,0,24,90,0,114,29,30,118,0,177,82,0,82,259
03/14/2015,BLI,WA,ANM,WE,Federal Contract Tower,26,2,3,0,31,0,13,12,0,25,26,15,15,0,56,0,0,0,56
03/15/2015,BLI,WA,ANM,WE,Federal Contract Tower,28,3,13,2,46,0,16,9,0,25,28,19,22,2,71,0,0,0,71
03/16/2015,BLI,WA,ANM,WE,Federal Contract Tower,27,9,6,0,42,0,23,75,0,98,27,32,81,0,140,72,0,72,212
03/17/2015,BLI,WA,ANM,WE,Federal Contract Tower,21,7,26,0,54,0,31,60,2,93,21,38,86,2,147,48,14,62,209
03/18/2015,BLI,WA,ANM,WE,Federal Contract Tower,20,10,27,0,57,0,35,80,7,122,20,45,107,7,179,82,44,126,305
03/19/2015,BLI,WA,ANM,WE,Federal Contract Tower,24,6,15,2,47,0,21,61,2,84,24,27,76,4,131,12,12,24,155
03/20/2015,BLI,WA,ANM,WE,Federal Contract Tower,26,8,11,0,45,0,17,20,0,37,26,25,31,0,82,0,0,0,82
03/21/2015,BLI,WA,ANM,WE,Federal Contract Tower,27,2,7,1,37,0,18,30,0,48,27,20,37,1,85,38,0,38,123
03/22/2015,BLI,WA,ANM,WE,Federal Contract Tower,25,3,9,0,37,0,13,77,1,91,25,16,86,1,128,144,0,144,272
03/23/2015,BLI,WA,ANM,WE,Federal Contract Tower,27,6,14,0,47,0,32,23,0,55,27,38,37,0,102,136,0,136,238
03/24/2015,BLI,WA,ANM,WE,Federal Contract Tower,21,10,23,2,56,0,32,56,0,88,21,42,79,2,144,0,116,116,260
03/25/2015,BLI,WA,ANM,WE,Federal Contract Tower,19,10,9,1,39,0,21,13,7,41,19,31,22,8,80,0,0,0,80
03/26/2015,BLI,WA,ANM,WE,Federal Contract Tower,24,12,14,0,50,0,30,86,2,118,24,42,100,2,168,100,12,112,280
03/27/2015,BLI,WA,ANM,WE,Federal Contract Tower,27,2,14,0,43,0,15,30,0,45,27,17,44,0,88,36,0,36,124
03/28/2015,BLI,WA,ANM,WE,Federal Contract Tower,27,4,11,0,42,0,12,37,0,49,27,16,48,0,91,60,0,60,151
03/29/2015,BLI,WA,ANM,WE,Federal Contract Tower,29,2,9,2,42,0,16,24,1,41,29,18,33,3,83,16,28,44,127
03/30/2015,BLI,WA,ANM,WE,Federal Contract Tower,27,10,16,1,54,0,23,57,0,80,27,33,73,1,134,40,0,40,174
03/31/2015,BLI,WA,ANM,WE,Federal Contract Tower,22,6,11,0,39,0,22,50,0,72,22,28,61,0,111,80,0,80,191
04/01/2015,BLI,WA,ANM,WE,Federal Contract Tower,20,5,8,1,34,0,33,58,4,95,20,38,66,5,129,12,6,18,147
04/02/2015,BLI,WA,ANM,WE,Federal Contract Tower,30,9,19,0,58,0,31,55,2,88,30,40,74,2,146,98,0,98,244
04/03/2015,BLI,WA,ANM,WE,Federal Contract Tower,21,10,8,0,39,0,19,32,0,51,21,29,40,0,90,14,0,14,104
04/04/2015,BLI,WA,ANM,WE,Federal Contract Tower,25,2,1,0,28,0,11,46,0,57,25,13,47,0,85,90,0,90,175
04/05/2015,BLI,WA,ANM,WE,Federal Contract Tower,25,0,8,0,33,0,4,64,1,69,25,4,72,1,102,50,0,50,152
04/06/2015,BLI,WA,ANM,WE,Federal Contract Tower,24,6,6,0,36,0,22,49,2,73,24,28,55,2,109,60,0,60,169
04/07/2015,BLI,WA,ANM,WE,Federal Contract Tower,19,8,10,13,50,0,21,63,6,90,19,29,73,19,140,64,38,102,242
04/08/2015,BLI,WA,ANM,WE,Federal Contract Tower,17,6,24,3,50,0,27,134,7,168,17,33,158,10,218,60,0,60,278
04/09/2015,BLI,WA,ANM,WE,Federal Contract Tower,23,5,11,0,39,0,26,102,0,128,23,31,113,0,167,60,0,60,227
04/10/2015,BLI,WA,ANM,WE,Federal Contract Tower,20,7,16,0,43,0,14,21,0,35,20,21,37,0,78,20,2,22,100
04/11/2015,BLI,WA,ANM,WE,Federal Contract Tower,23,7,7,0,37,0,14,30,0,44,23,21,37,0,81,12,0,12,93
04/12/2015,BLI,WA,ANM,WE,Federal Contract Tower,23,4,15,0,42,0,11,63,1,75,23,15,78,1,117,70,0,70,187
04/13/2015,BLI,WA,ANM,WE,Federal Contract Tower,24,5,6,0,35,0,17,20,0,37,24,22,26,0,72,18,2,20,92
04/14/2015,BLI,WA,ANM,WE,Federal Contract Tower,17,10,20,0,47,0,26,69,0,95,17,36,89,0,142,40,0,40,182
04/15/2015,BLI,WA,ANM,WE,Federal Contract Tower,17,12,12,0,41,0,19,142,0,161,17,31,154,0,202,68,0,68,270
04/16/2015,BLI,WA,ANM,WE,Federal Contract Tower,24,5,18,1,48,0,18,87,2,107,24,23,105,3,155,42,0,42,197
04/17/2015,BLI,WA,ANM,WE,Federal Contract Tower,25,6,14,0,45,0,28,118,0,146,25,34,132,0,191,56,0,56,247
04/18/2015,BLI,WA,ANM,WE,Federal Contract Tower,22,2,8,0,32,0,13,86,4,103,22,15,94,4,135,18,0,18,153
04/19/2015,BLI,WA,ANM,WE,Federal Contract Tower,24,0,11,0,35,0,17,100,0,117,24,17,111,0,152,96,0,96,248
04/20/2015,BLI,WA,ANM,WE,Federal Contract Tower,24,10,14,6,54,0,24,81,12,117,24,34,95,18,171,62,86,148,319
04/21/2015,BLI,WA,ANM,WE,Federal Contract Tower,18,14,11,0,43,1,0,0,0,1,19,14,11,0,44,14,0,14,58
04/22/2015,BLI,WA,ANM,WE,Federal Contract Tower,16,3,16,0,35,0,30,81,0,111,16,33,97,0,146,54,0,54,200
04/23/2015,BLI,WA,ANM,WE,Federal Contract Tower,24,6,15,0,45,0,30,30,0,60,24,36,45,0,105,0,0,0,105
04/24/2015,BLI,WA,ANM,WE,Federal Contract Tower,21,5,9,0,35,0,25,34,0,59,21,30,43,0,94,2,0,2,96
04/25/2015,BLI,WA,ANM,WE,Federal Contract Tower,22,6,3,0,31,0,11,42,0,53,22,17,45,0,84,40,0,40,124
04/26/2015,BLI,WA,ANM,WE,Federal Contract Tower,26,7,7,0,40,0,16,88,3,107,26,23,95,3,147,82,0,82,229
04/27/2015,BLI,WA,ANM,WE,Federal Contract Tower,24,14,15,0,53,0,25,49,0,74,24,39,64,0,127,58,0,58,185
04/28/2015,BLI,WA,ANM,WE,Federal Contract Tower,19,8,27,0,54,0,40,41,1,82,19,48,68,1,136,36,0,36,172
04/29/2015,BLI,WA,ANM,WE,Federal Contract Tower,18,10,15,1,44,0,22,76,0,98,18,32,91,1,142,72,0,72,214
04/30/2015,BLI,WA,ANM,WE,Federal Contract Tower,25,7,18,0,50,0,29,85,0,114,25,36,103,0,164,70,2,72,236
05/01/2015,BLI,WA,ANM,WE,Federal Contract Tower,23,5,32,2,62,0,25,90,3,118,23,30,122,5,180,58,2,60,240
05/02/2015,BLI,WA,ANM,WE,Federal Contract Tower,22,6,3,0,31,0,10,72,1,83,22,16,75,1,114,78,0,78,192
05/03/2015,BLI,WA,ANM,WE,Federal Contract Tower,23,0,20,0,43,0,13,109,2,124,23,13,129,2,167,112,0,112,279
05/04/2015,BLI,WA,ANM,WE,Federal Contract Tower,25,8,18,16,67,0,22,68,0,90,25,30,86,16,157,52,2,54,211
05/05/2015,BLI,WA,ANM,WE,Federal Contract Tower,18,7,25,0,50,0,36,54,1,91,18,43,79,1,141,84,14,98,239
05/06/2015,BLI,WA,ANM,WE,Federal Contract Tower,15,6,24,0,45,0,37,88,1,126,15,43,112,1,171,38,4,42,213
05/07/2015,BLI,WA,ANM,WE,Federal Contract Tower,25,6,16,0,47,0,26,98,3,127,25,32,114,3,174,56,0,56,230
05/08/2015,BLI,WA,ANM,WE,Federal Contract Tower,23,8,7,0,38,0,29,131,3,163,23,37,138,3,201,56,0,56,257
05/09/2015,BLI,WA,ANM,WE,Federal Contract Tower,19,1,11,0,31,0,19,100,2,121,19,20,111,2,152,50,0,50,202
05/10/2015,BLI,WA,ANM,WE,Federal Contract Tower,26,0,12,0,38,0,15,110,2,127,26,15,122,2,165,36,0,36,201
05/11/2015,BLI,WA,ANM,WE,Federal Contract Tower,23,4,12,0,39,0,16,67,0,83,23,20,79,0,122,40,0,40,162
05/12/2015,BLI,WA,ANM,WE,Federal Contract Tower,18,12,8,0,38,0,23,53,3,79,18,35,61,3,117,24,0,24,141
05/13/2015,BLI,WA,ANM,WE,Federal Contract Tower,20,7,25,14,66,0,27,41,1,69,20,34,66,15,135,16,0,16,151
05/14/2015,BLI,WA,ANM,WE,Federal Contract Tower,25,10,26,3,64,0,24,77,0,101,25,34,103,3,165,14,0,14,179
05/15/2015,BLI,WA,ANM,WE,Federal Contract Tower,26,8,19,2,55,0,23,90,2,115,26,31,109,4,170,38,0,38,208
05/16/2015,BLI,WA,ANM,WE,Federal Contract Tower,23,3,8,0,34,0,16,80,0,96,23,19,88,0,130,74,0,74,204
05/17/2015,BLI,WA,ANM,WE,Federal Contract Tower,26,0,18,0,44,0,16,115,0,131,26,16,133,0,175,104,0,104,279
05/18/2015,BLI,WA,ANM,WE,Federal Contract Tower,24,10,14,1,49,0,36,95,4,135,24,46,109,5,184,62,0,62,246
05/19/2015,BLI,WA,ANM,WE,Federal Contract Tower,25,7,17,0,49,0,35,42,2,79,25,42,59,2,128,4,0,4,132
05/20/2015,BLI,WA,ANM,WE,Federal Contract Tower,15,10,27,10,62,0,21,58,11,90,15,31,85,21,152,86,6,92,244
05/21/2015,BLI,WA,ANM,WE,Federal Contract Tower,21,12,29,0,62,0,19,83,3,105,21,31,112,3,167,10,0,10,177
05/22/2015,BLI,WA,ANM,WE,Federal Contract Tower,25,16,37,3,81,9,28,56,0,93,34,44,93,3,174,6,0,6,180
05/23/2015,BLI,WA,ANM,WE,Federal Contract Tower,19,3,13,0,35,0,25,51,0,76,19,28,64,0,111,16,0,16,127
05/24/2015,BLI,WA,ANM,WE,Federal Contract Tower,22,0,17,0,39,0,20,30,0,50,22,20,47,0,89,6,0,6,95
05/25/2015,BLI,WA,ANM,WE,Federal Contract Tower,23,13,21,0,57,0,25,29,0,54,23,38,50,0,111,28,0,28,139
05/26/2015,BLI,WA,ANM,WE,Federal Contract Tower,22,7,23,2,54,0,40,100,3,143,22,47,123,5,197,76,14,90,287
05/27/2015,BLI,WA,ANM,WE,Federal Contract Tower,14,7,29,4,54,0,40,90,0,130,14,47,119,4,184,56,0,56,240
05/28/2015,BLI,WA,ANM,WE,Federal Contract Tower,26,10,23,0,59,0,27,99,0,126,26,37,122,0,185,90,0,90,275
05/29/2015,BLI,WA,ANM,WE,Federal Contract Tower,24,6,19,1,50,0,34,103,8,145,24,40,122,9,195,18,10,28,223
05/30/2015,BLI,WA,ANM,WE,Federal Contract Tower,21,2,18,0,41,0,10,73,1,84,21,12,91,1,125,24,0,24,149
05/31/2015,BLI,WA,ANM,WE,Federal Contract Tower,22,4,16,0,42,0,15,101,3,119,22,19,117,3,161,64,0,64,225
06/01/2015,BLI,WA,ANM,WE,Federal Contract Tower,28,11,19,0,58,0,29,34,0,63,28,40,53,0,121,30,0,30,151
06/02/2015,BLI,WA,ANM,WE,Federal Contract Tower,20,10,13,0,43,0,11,26,0,37,20,21,39,0,80,30,0,30,110
06/03/2015,BLI,WA,ANM,WE,Federal Contract Tower,13,7,18,0,38,0,17,72,0,89,13,24,90,0,127,42,0,42,169
06/04/2015,BLI,WA,ANM,WE,Federal Contract Tower,23,5,16,2,46,0,27,68,0,95,23,32,84,2,141,44,0,44,185
06/05/2015,BLI,WA,ANM,WE,Federal Contract Tower,24,7,8,0,39,0,27,87,4,118,24,34,95,4,157,48,4,52,209
06/06/2015,BLI,WA,ANM,WE,Federal Contract Tower,18,2,7,0,27,0,21,86,2,109,18,23,93,2,136,26,0,26,162
06/07/2015,BLI,WA,ANM,WE,Federal Contract Tower,19,0,9,0,28,0,23,139,0,162,19,23,148,0,190,40,0,40,230
06/08/2015,BLI,WA,ANM,WE,Federal Contract Tower,20,4,20,0,44,0,30,84,1,115,20,34,104,1,159,64,0,64,223
06/09/2015,BLI,WA,ANM,WE,Federal Contract Tower,13,5,11,1,30,0,32,68,1,101,13,37,79,2,131,34,0,34,165
06/10/2015,BLI,WA,ANM,WE,Federal Contract Tower,11,11,18,0,40,0,25,95,0,120,11,36,113,0,160,28,0,28,188
06/11/2015,BLI,WA,ANM,WE,Federal Contract Tower,17,8,23,0,48,0,28,69,0,97,17,36,92,0,145,0,0,0,145
06/12/2015,BLI,WA,ANM,WE,Federal Contract Tower,19,12,19,0,50,0,32,89,0,121,19,44,108,0,171,12,0,12,183
06/13/2015,BLI,WA,ANM,WE,Federal Contract Tower,19,2,23,0,44,0,26,111,0,137,19,28,134,0,181,54,0,54,235
06/14/2015,BLI,WA,ANM,WE,Federal Contract Tower,17,2,8,2,29,0,33,134,2,169,17,35,142,4,198,68,0,68,266
06/15/2015,BLI,WA,ANM,WE,Federal Contract Tower,18,3,29,0,50,0,29,102,2,133,18,32,131,2,183,74,0,74,257
06/16/2015,BLI,WA,ANM,WE,Federal Contract Tower,13,9,24,0,46,0,31,67,0,98,13,40,91,0,144,26,0,26,170
06/17/2015,BLI,WA,ANM,WE,Federal Contract Tower,13,12,18,0,43,0,24,99,1,124,13,36,117,1,167,70,0,70,237
06/18/2015,BLI,WA,ANM,WE,Federal Contract Tower,17,5,38,0,60,0,28,99,1,128,17,33,137,1,188,12,2,14,202
06/19/2015,BLI,WA,ANM,WE,Federal Contract Tower,19,9,27,1,56,0,46,76,1,123,19,55,103,2,179,10,56,66,245
06/20/2015,BLI,WA,ANM,WE,Federal Contract Tower,17,4,9,0,30,0,19,101,8,128,17,23,110,8,158,38,0,38,196
06/21/2015,BLI,WA,ANM,WE,Federal Contract Tower,17,4,16,0,37,0,21,103,0,124,17,25,119,0,161,22,0,22,183
06/22/2015,BLI,WA,ANM,WE,Federal Contract Tower,19,6,8,0,33,0,27,74,0,101,19,33,82,0,134,30,10,40,174
06/23/2015,BLI,WA,ANM,WE,Federal Contract Tower,13,5,18,2,38,0,31,111,0,142,13,36,129,2,180,26,0,26,206
06/24/2015,BLI,WA,ANM,WE,Federal Contract Tower,10,6,24,0,40,0,29,129,9,167,10,35,153,9,207,70,12,82,289
06/25/2015,BLI,WA,ANM,WE,Federal Contract Tower,16,5,18,0,39,0,45,91,2,138,16,50,109,2,177,82,0,82,259
06/26/2015,BLI,WA,ANM,WE,Federal Contract Tower,14,8,19,5,46,0,38,92,1,131,14,46,111,6,177,24,38,62,239
06/27/2015,BLI,WA,ANM,WE,Federal Contract Tower,21,6,14,0,41,0,22,97,1,120,21,28,111,1,161,22,0,22,183
06/28/2015,BLI,WA,ANM,WE,Federal Contract Tower,16,2,18,2,38,0,12,68,2,82,16,14,86,4,120,38,0,38,158
06/29/2015,BLI,WA,ANM,WE,Federal Contract Tower,19,13,11,1,44,0,25,72,0,97,19,38,83,1,141,34,0,34,175
06/30/2015,BLI,WA,ANM,WE,Federal Contract Tower,18,11,17,3,49,0,21,83,4,108,18,32,100,7,157,16,12,28,185
07/01/2015,BLI,WA,ANM,WE,Federal Contract Tower,12,9,16,0,37,0,38,83,0,121,12,47,99,0,158,70,44,114,272
07/02/2015,BLI,WA,ANM,WE,Federal Contract Tower,18,8,23,0,49,0,46,134,0,180,18,54,157,0,229,68,0,68,297
07/03/2015,BLI,WA,ANM,WE,Federal Contract Tower,17,3,15,0,35,0,29,106,2,137,17,32,121,2,172,28,0,28,200
07/04/2015,BLI,WA,ANM,WE,Federal Contract Tower,19,0,13,0,32,0,11,75,0,86,19,11,88,0,118,34,0,34,152
07/05/2015,BLI,WA,ANM,WE,Federal Contract Tower,17,4,24,0,45,0,34,131,4,169,17,38,155,4,214,38,0,38,252
07/06/2015,BLI,WA,ANM,WE,Federal Contract Tower,19,8,15,0,42,0,29,77,5,111,19,37,92,5,153,90,0,90,243
07/07/2015,BLI,WA,ANM,WE,Federal Contract Tower,18,5,27,10,60,0,31,105,0,136,18,36,132,10,196,68,0,68,264
07/08/2015,BLI,WA,ANM,WE,Federal Contract Tower,12,7,15,6,40,0,18,107,8,133,12,25,122,14,173,84,58,142,315
07/09/2015,BLI,WA,ANM,WE,Federal Contract Tower,18,12,34,5,69,0,38,90,0,128,18,50,124,5,197,42,6,48,245
07/10/2015,BLI,WA,ANM,WE,Federal Contract Tower,22,5,25,1,53,0,26,100,0,126,22,31,125,1,179,2,0,2,181
07/11/2015,BLI,WA,ANM,WE,Federal Contract Tower,18,6,22,1,47,0,35,78,0,113,18,41,100,1,160,8,0,8,168
07/12/2015,BLI,WA,ANM,WE,Federal Contract Tower,18,4,22,0,44,0,21,67,17,105,18,25,89,17,149,54,0,54,203
07/13/2015,BLI,WA,ANM,WE,Federal Contract Tower,21,4,11,1,37,0,44,69,9,122,21,48,80,10,159,54,0,54,213
07/14/2015,BLI,WA,ANM,WE,Federal Contract Tower,16,10,23,2,51,0,26,118,9,153,16,36,141,11,204,66,10,76,280
07/15/2015,BLI,WA,ANM,WE,Federal Contract Tower,13,14,27,0,54,0,45,101,0,146,13,59,128,0,200,6,0,6,206
07/16/2015,BLI,WA,ANM,WE,Federal Contract Tower,20,11,48,0,79,0,36,122,0,158,20,47,170,0,237,90,0,90,327
07/17/2015,BLI,WA,ANM,WE,Federal Contract Tower,20,5,26,0,51,0,37,99,0,136,20,42,125,0,187,66,0,66,253
07/18/2015,BLI,WA,ANM,WE,Federal Contract Tower,19,6,12,0,37,0,24,125,2,151,19,30,137,2,188,62,0,62,250
07/19/2015,BLI,WA,ANM,WE,Federal Contract Tower,22,1,16,0,39,0,18,66,5,89,22,19,82,5,128,34,0,34,162
07/20/2015,BLI,WA,ANM,WE,Federal Contract Tower,19,10,16,0,45,0,34,80,7,121,19,44,96,7,166,28,2,30,196
07/21/2015,BLI,WA,ANM,WE,Federal Contract Tower,16,13,27,10,66,0,36,92,0,128,16,49,119,10,194,58,0,58,252
07/22/2015,BLI,WA,ANM,WE,Federal Contract Tower,17,11,20,0,48,0,23,76,0,99,17,34,96,0,147,24,0,24,171
07/23/2015,BLI,WA,ANM,WE,Federal Contract Tower,17,7,11,2,37,0,39,105,0,144,17,46,116,2,181,60,0,60,241
07/24/2015,BLI,WA,ANM,WE,Federal Contract Tower,17,6,22,2,47,0,33,41,0,74,17,39,63,2,121,0,0,0,121
07/25/2015,BLI,WA,ANM,WE,Federal Contract Tower,19,2,17,0,38,0,18,109,0,127,19,20,126,0,165,24,0,24,189
07/26/2015,BLI,WA,ANM,WE,Federal Contract Tower,17,3,31,0,51,0,19,65,4,88,17,22,96,4,139,72,0,72,211
07/27/2015,BLI,WA,ANM,WE,Federal Contract Tower,22,5,19,0,46,0,15,104,0,119,22,20,123,0,165,62,0,62,227
07/28/2015,BLI,WA,ANM,WE,Federal Contract Tower,15,7,13,1,36,0,33,118,1,152,15,40,131,2,188,70,2,72,260
07/29/2015,BLI,WA,ANM,WE,Federal Contract Tower,12,12,29,0,53,0,33,135,0,168,12,45,164,0,221,62,0,62,283
07/30/2015,BLI,WA,ANM,WE,Federal Contract Tower,18,7,28,2,55,0,30,109,0,139,18,37,137,2,194,108,0,108,302
07/31/2015,BLI,WA,ANM,WE,Federal Contract Tower,19,6,25,0,50,0,32,98,0,130,19,38,123,0,180,40,0,40,220
08/01/2015,BLI,WA,ANM,WE,Federal Contract Tower,17,5,25,0,47,0,23,95,1,119,17,28,120,1,166,14,0,14,180
08/02/2015,BLI,WA,ANM,WE,Federal Contract Tower,20,6,16,0,42,0,26,113,0,139,20,32,129,0,181,74,0,74,255
08/03/2015,BLI,WA,ANM,WE,Federal Contract Tower,26,4,14,0,44,0,28,94,2,124,26,32,108,2,168,74,0,74,242
08/04/2015,BLI,WA,ANM,WE,Federal Contract Tower,13,9,18,0,40,0,48,95,0,143,13,57,113,0,183,58,0,58,241
08/05/2015,BLI,WA,ANM,WE,Federal Contract Tower,12,3,13,0,28,0,28,44,0,72,12,31,57,0,100,10,0,10,110
08/06/2015,BLI,WA,ANM,WE,Federal Contract Tower,18,9,21,0,48,33,76,0,0,109,51,85,21,0,157,62,0,62,219
08/07/2015,BLI,WA,ANM,WE,Federal Contract Tower,21,10,19,0,50,0,37,111,0,148,21,47,130,0,198,6,0,6,204
08/08/2015,BLI,WA,ANM,WE,Federal Contract Tower,18,3,21,3,45,0,25,87,5,117,18,28,108,8,162,46,0,46,208
08/09/2015,BLI,WA,ANM,WE,Federal Contract Tower,18,1,28,0,47,0,23,125,2,150,18,24,153,2,197,78,0,78,275
08/10/2015,BLI,WA,ANM,WE,Federal Contract Tower,19,10,19,0,48,0,35,138,0,173,19,45,157,0,221,60,12,72,293
08/11/2015,BLI,WA,ANM,WE,Federal Contract Tower,14,11,12,1,38,0,33,92,1,126,14,44,104,2,164,102,20,122,286
08/12/2015,BLI,WA,ANM,WE,Federal Contract Tower,12,8,15,0,35,0,37,100,0,137,12,45,115,0,172,50,0,50,222
08/13/2015,BLI,WA,ANM,WE,Federal Contract Tower,17,9,31,10,67,0,30,94,2,126,17,39,125,12,193,36,4,40,233
08/14/2015,BLI,WA,ANM,WE,Federal Contract Tower,16,8,12,0,36,0,26,20,0,46,16,34,32,0,82,0,0,0,82
08/15/2015,BLI,WA,ANM,WE,Federal Contract Tower,21,4,26,0,51,0,32,78,0,110,21,36,104,0,161,46,0,46,207
08/16/2015,BLI,WA,ANM,WE,Federal Contract Tower,19,3,21,0,43,0,29,99,0,128,19,32,120,0,171,76,0,76,247
08/17/2015,BLI,WA,ANM,WE,Federal Contract Tower,20,8,15,3,46,0,35,66,1,102,20,43,81,4,148,18,0,18,166
08/18/2015,BLI,WA,ANM,WE,Federal Contract Tower,12,6,21,10,49,0,41,94,0,135,12,47,115,10,184,40,16,56,240
08/19/2015,BLI,WA,ANM,WE,Federal Contract Tower,13,8,25,4,50,0,45,104,0,149,13,53,129,4,199,50,24,74,273
08/20/2015,BLI,WA,ANM,WE,Federal Contract Tower,17,12,25,2,56,0,39,60,0,99,17,51,85,2,155,0,2,2,157
08/21/2015,BLI,WA,ANM,WE,Federal Contract Tower,19,7,20,0,46,0,43,79,0,122,19,50,99,0,168,26,0,26,194
08/22/2015,BLI,WA,ANM,WE,Federal Contract Tower,18,3,21,0,42,0,28,117,0,145,18,31,138,0,187,60,0,60,247
08/23/2015,BLI,WA,ANM,WE,Federal Contract Tower,20,4,29,0,53,0,20,75,0,95,20,24,104,0,148,22,0,22,170
08/24/2015,BLI,WA,ANM,WE,Federal Contract Tower,15,8,28,4,55,0,29,75,0,104,15,37,103,4,159,18,0,18,177
08/25/2015,BLI,WA,ANM,WE,Federal Contract Tower,11,7,21,6,45,0,31,60,1,92,11,38,81,7,137,82,4,86,223
08/26/2015,BLI,WA,ANM,WE,Federal Contract Tower,14,11,22,5,52,0,29,87,0,116,14,40,109,5,168,46,12,58,226
08/27/2015,BLI,WA,ANM,WE,Federal Contract Tower,18,10,21,4,53,0,28,91,0,119,18,38,112,4,172,30,12,42,214
08/28/2015,BLI,WA,ANM,WE,Federal Contract Tower,19,6,23,0,48,0,33,57,2,92,19,39,80,2,140,42,0,42,182
08/29/2015,BLI,WA,ANM,WE,Federal Contract Tower,18,9,9,0,36,0,10,8,0,18,18,19,17,0,54,0,0,0,54
08/30/2015,BLI,WA,ANM,WE,Federal Contract Tower,20,3,10,0,33,0,34,43,0,77,20,37,53,0,110,24,0,24,134
08/31/2015,BLI,WA,ANM,WE,Federal Contract Tower,18,10,18,0,46,0,28,33,2,63,18,38,51,2,109,0,0,0,109
09/01/2015,BLI,WA,ANM,WE,Federal Contract Tower,13,14,24,0,51,0,36,48,0,84,13,50,72,0,135,50,0,50,185
09/02/2015,BLI,WA,ANM,WE,Federal Contract Tower,14,12,15,0,41,0,22,32,0,54,14,34,47,0,95,0,0,0,95
09/03/2015,BLI,WA,ANM,WE,Federal Contract Tower,18,10,19,2,49,0,35,51,0,86,18,45,70,2,135,14,0,14,149
09/04/2015,BLI,WA,ANM,WE,Federal Contract Tower,17,6,19,0,42,0,36,134,2,172,17,42,153,2,214,74,2,76,290
09/05/2015,BLI,WA,ANM,WE,Federal Contract Tower,16,5,12,0,33,0,29,141,1,171,16,34,153,1,204,14,0,14,218
09/06/2015,BLI,WA,ANM,WE,Federal Contract Tower,16,1,11,0,28,0,15,67,4,86,16,16,78,4,114,12,0,12,126
09/07/2015,BLI,WA,ANM,WE,Federal Contract Tower,18,4,30,0,52,0,34,115,0,149,18,38,145,0,201,18,0,18,219
09/08/2015,BLI,WA,ANM,WE,Federal Contract Tower,10,7,45,2,64,0,27,53,2,82,10,34,98,4,146,40,12,52,198
09/09/2015,BLI,WA,ANM,WE,Federal Contract Tower,14,17,24,3,58,0,33,95,3,131,14,50,119,6,189,28,0,28,217
09/10/2015,BLI,WA,ANM,WE,Federal Contract Tower,18,6,25,0,49,0,28,95,0,123,18,34,120,0,172,72,18,90,262
09/11/2015,BLI,WA,ANM,WE,Federal Contract Tower,18,10,17,2,47,0,34,126,0,160,18,44,143,2,207,86,26,112,319
09/12/2015,BLI,WA,ANM,WE,Federal Contract Tower,17,2,17,0,36,0,11,88,3,102,17,13,105,3,138,26,20,46,184
09/13/2015,BLI,WA,ANM,WE,Federal Contract Tower,18,0,19,0,37,0,27,118,0,145,18,27,137,0,182,40,0,40,222
09/14/2015,BLI,WA,ANM,WE,Federal Contract Tower,18,11,9,2,40,0,32,38,0,70,18,43,47,2,110,14,0,14,124
09/15/2015,BLI,WA,ANM,WE,Federal Contract Tower,12,16,6,0,34,0,40,63,0,103,12,56,69,0,137,24,0,24,161
09/16/2015,BLI,WA,ANM,WE,Federal Contract Tower,16,7,26,0,49,0,25,76,1,102,16,32,102,1,151,24,3,27,178
09/17/2015,BLI,WA,ANM,WE,Federal Contract Tower,19,10,8,2,39,0,29,55,2,86,19,39,63,4,125,26,0,26,151
09/18/2015,BLI,WA,ANM,WE,Federal Contract Tower,20,6,19,0,45,0,31,53,0,84,20,37,72,0,129,40,0,40,169
09/19/2015,BLI,WA,ANM,WE,Federal Contract Tower,14,6,11,0,31,0,13,20,0,33,14,19,31,0,64,2,0,2,66
09/20/2015,BLI,WA,ANM,WE,Federal Contract Tower,18,2,10,0,30,0,16,20,0,36,18,18,30,0,66,2,0,2,68
09/21/2015,BLI,WA,ANM,WE,Federal Contract Tower,19,10,8,3,40,0,39,89,1,129,19,49,97,4,169,70,4,74,243
09/22/2015,BLI,WA,ANM,WE,Federal Contract Tower,11,7,14,1,33,0,32,83,3,118,11,39,97,4,151,25,20,45,196
09/23/2015,BLI,WA,ANM,WE,Federal Contract Tower,14,15,25,4,58,0,25,91,0,116,14,40,116,4,174,78,0,78,252
09/24/2015,BLI,WA,ANM,WE,Federal Contract Tower,20,8,18,2,48,0,27,49,0,76,20,35,67,2,124,48,0,48,172
09/25/2015,BLI,WA,ANM,WE,Federal Contract Tower,19,7,13,1,40,0,39,49,1,89,19,46,62,2,129,42,20,62,191
09/26/2015,BLI,WA,ANM,WE,Federal Contract Tower,14,3,9,0,26,0,16,45,2,63,14,19,54,2,89,6,8,14,103
09/27/2015,BLI,WA,ANM,WE,Federal Contract Tower,17,4,21,1,43,0,14,82,3,99,17,18,103,4,142,28,0,28,170
09/28/2015,BLI,WA,ANM,WE,Federal Contract Tower,18,7,9,0,34,0,33,62,0,95,18,40,71,0,129,30,8,38,167
09/29/2015,BLI,WA,ANM,WE,Federal Contract Tower,10,13,15,0,38,0,23,67,0,90,10,36,82,0,128,30,10,40,168
09/30/2015,BLI,WA,ANM,WE,Federal Contract Tower,14,17,21,0,52,0,27,104,4,135,14,44,125,4,187,70,22,92,279
10/01/2015,BLI,WA,ANM,WE,Federal Contract Tower,22,8,22,0,52,0,20,38,0,58,22,28,60,0,110,48,30,78,188
10/02/2015,BLI,WA,ANM,WE,Federal Contract Tower,18,13,16,0,47,0,13,9,0,22,18,26,25,0,69,4,0,4,73
10/03/2015,BLI,WA,ANM,WE,Federal Contract Tower,17,9,20,0,46,0,15,68,0,83,17,24,88,0,129,8,0,8,137
10/04/2015,BLI,WA,ANM,WE,Federal Contract Tower,18,0,5,0,23,0,13,86,0,99,18,13,91,0,122,64,0,64,186
10/05/2015,BLI,WA,ANM,WE,Federal Contract Tower,17,6,2,0,25,0,23,47,2,72,17,29,49,2,97,36,4,40,137
10/06/2015,BLI,WA,ANM,WE,Federal Contract Tower,10,5,22,2,39,0,14,57,0,71,10,19,79,2,110,34,0,34,144
10/07/2015,BLI,WA,ANM,WE,Federal Contract Tower,15,10,12,4,41,0,17,21,0,38,15,27,33,4,79,0,0,0,79
10/08/2015,BLI,WA,ANM,WE,Federal Contract Tower,20,7,12,0,39,0,21,71,8,100,20,28,83,8,139,78,24,102,241
10/09/2015,BLI,WA,ANM,WE,Federal Contract Tower,18,6,12,0,36,0,34,40,0,74,18,40,52,0,110,8,0,8,118
10/10/2015,BLI,WA,ANM,WE,Federal Contract Tower,18,14,7,0,39,0,17,6,0,23,18,31,13,0,62,0,0,0,62
10/11/2015,BLI,WA,ANM,WE,Federal Contract Tower,17,0,15,0,32,0,11,62,0,73,17,11,77,0,105,82,0,82,187
10/12/2015,BLI,WA,ANM,WE,Federal Contract Tower,18,4,8,0,30,0,17,14,0,31,18,21,22,0,61,6,0,6,67
10/13/2015,BLI,WA,ANM,WE,Federal Contract Tower,11,9,5,0,25,0,41,53,0,94,11,50,58,0,119,44,0,44,163
10/14/2015,BLI,WA,ANM,WE,Federal Contract Tower,14,9,8,0,31,0,27,85,2,114,14,36,93,2,145,74,0,74,219
10/15/2015,BLI,WA,ANM,WE,Federal Contract Tower,18,7,22,0,47,0,43,102,3,148,18,50,124,3,195,62,0,62,257
10/16/2015,BLI,WA,ANM,WE,Federal Contract Tower,19,6,15,1,41,0,39,123,0,162,19,45,138,1,203,92,22,114,317
10/17/2015,BLI,WA,ANM,WE,Federal Contract Tower,18,3,9,0,30,0,24,79,0,103,18,27,88,0,133,114,0,114,247
10/18/2015,BLI,WA,ANM,WE,Federal Contract Tower,16,0,3,0,19,0,7,26,0,33,16,7,29,0,52,54,0,54,106
10/19/2015,BLI,WA,ANM,WE,Federal Contract Tower,17,12,11,0,40,0,18,13,0,31,17,30,24,0,71,0,0,0,71
10/20/2015,BLI,WA,ANM,WE,Federal Contract Tower,13,12,19,0,44,0,21,52,0,73,13,33,71,0,117,128,0,128,245
10/21/2015,BLI,WA,ANM,WE,Federal Contract Tower,15,5,8,0,28,0,40,64,2,106,15,45,72,2,134,24,0,24,158
10/22/2015,BLI,WA,ANM,WE,Federal Contract Tower,19,7,18,0,44,0,53,57,0,110,19,60,75,0,154,70,20,90,244
10/23/2015,BLI,WA,ANM,WE,Federal Contract Tower,18,9,8,0,35,0,51,91,0,142,18,60,99,0,177,102,0,102,279
10/24/2015,BLI,WA,ANM,WE,Federal Contract Tower,16,2,8,0,26,0,27,77,3,107,16,29,85,3,133,92,10,102,235
10/25/2015,BLI,WA,ANM,WE,Federal Contract Tower,18,0,18,0,36,0,14,53,0,67,18,14,71,0,103,60,0,60,163
10/26/2015,BLI,WA,ANM,WE,Federal Contract Tower,18,5,6,0,29,0,14,41,0,55,18,19,47,0,84,60,0,60,144
10/27/2015,BLI,WA,ANM,WE,Federal Contract Tower,13,7,13,2,35,0,38,104,2,144,13,45,117,4,179,156,0,156,335
10/28/2015,BLI,WA,ANM,WE,Federal Contract Tower,20,6,14,0,40,0,24,57,0,81,20,30,71,0,121,80,0,80,201
10/29/2015,BLI,WA,ANM,WE,Federal Contract Tower,18,7,22,0,47,0,40,68,0,108,18,47,90,0,155,70,0,70,225
10/30/2015,BLI,WA,ANM,WE,Federal Contract Tower,19,9,6,1,35,0,26,17,0,43,19,35,23,1,78,18,20,38,116
10/31/2015,BLI,WA,ANM,WE,Federal Contract Tower,19,5,1,0,25,0,21,33,0,54,19,26,34,0,79,96,0,96,175
11/01/2015,BLI,WA,ANM,WE,Federal Contract Tower,20,0,6,1,27,0,6,7,0,13,20,6,13,1,40,8,0,8,48
11/02/2015,BLI,WA,ANM,WE,Federal Contract Tower,31,7,6,2,46,0,41,65,0,106,31,48,71,2,152,149,0,149,301
11/03/2015,BLI,WA,ANM,WE,Federal Contract Tower,15,8,16,0,39,0,43,85,0,128,15,51,101,0,167,122,0,122,289
11/04/2015,BLI,WA,ANM,WE,Federal Contract Tower,17,7,17,0,41,0,0,0,0,0,17,7,17,0,41,70,0,70,111
11/05/2015,BLI,WA,ANM,WE,Federal Contract Tower,22,6,14,0,42,0,30,32,0,62,22,36,46,0,104,60,32,92,196
11/06/2015,BLI,WA,ANM,WE,Federal Contract Tower,25,9,21,0,55,0,27,31,0,58,25,36,52,0,113,34,0,34,147
11/07/2015,BLI,WA,ANM,WE,Federal Contract Tower,21,3,5,0,29,0,14,12,0,26,21,17,17,0,55,0,0,0,55
11/08/2015,BLI,WA,ANM,WE,Federal Contract Tower,24,4,9,0,37,0,4,60,7,71,24,8,69,7,108,82,0,82,190
11/09/2015,BLI,WA,ANM,WE,Federal Contract Tower,22,5,11,0,38,0,27,70,0,97,22,32,81,0,135,60,16,76,211
11/10/2015,BLI,WA,ANM,WE,Federal Contract Tower,20,14,12,0,46,0,38,70,0,108,20,52,82,0,154,66,0,66,220
11/11/2015,BLI,WA,ANM,WE,Federal Contract Tower,19,8,8,0,35,0,49,89,3,141,19,57,97,3,176,38,0,38,214
11/12/2015,BLI,WA,ANM,WE,Federal Contract Tower,26,13,3,0,42,0,39,27,0,66,26,52,30,0,108,0,0,0,108
11/13/2015,BLI,WA,ANM,WE,Federal Contract Tower,23,8,15,0,46,0,14,8,0,22,23,22,23,0,68,0,0,0,68
11/14/2015,BLI,WA,ANM,WE,Federal Contract Tower,25,4,7,0,36,0,21,18,2,41,25,25,25,2,77,24,0,24,101
11/15/2015,BLI,WA,ANM,WE,Federal Contract Tower,22,4,4,0,30,0,12,73,0,85,22,16,77,0,115,52,0,52,167
11/16/2015,BLI,WA,ANM,WE,Federal Contract Tower,23,5,6,0,34,0,20,23,0,43,23,25,29,0,77,2,0,2,79
11/17/2015,BLI,WA,ANM,WE,Federal Contract Tower,11,7,4,0,22,0,30,1,0,31,11,37,5,0,53,0,0,0,53
11/18/2015,BLI,WA,ANM,WE,Federal Contract Tower,18,13,4,4,39,0,40,79,2,121,18,53,83,6,160,40,0,40,200
11/19/2015,BLI,WA,ANM,WE,Federal Contract Tower,21,11,10,1,43,0,58,83,7,148,21,69,93,8,191,98,16,114,305
11/20/2015,BLI,WA,ANM,WE,Federal Contract Tower,23,13,17,0,53,0,46,87,0,133,23,59,104,0,186,48,0,48,234
11/21/2015,BLI,WA,ANM,WE,Federal Contract Tower,23,4,3,0,30,0,19,95,2,116,23,23,98,2,146,92,0,92,238
11/22/2015,BLI,WA,ANM,WE,Federal Contract Tower,19,0,7,0,26,0,10,96,2,108,19,10,103,2,134,112,0,112,246
11/23/2015,BLI,WA,ANM,WE,Federal Contract Tower,26,9,4,4,43,0,14,40,4,58,26,23,44,8,101,22,0,22,123
11/24/2015,BLI,WA,ANM,WE,Federal Contract Tower,24,12,7,0,43,0,7,18,0,25,24,19,25,0,68,0,0,0,68
11/25/2015,BLI,WA,ANM,WE,Federal Contract Tower,20,10,13,0,43,0,46,107,0,153,20,56,120,0,196,120,0,120,316
11/26/2015,BLI,WA,ANM,WE,Federal Contract Tower,23,0,6,0,29,0,13,25,0,38,23,13,31,0,67,16,0,16,83
11/27/2015,BLI,WA,ANM,WE,Federal Contract Tower,24,7,6,0,37,0,25,63,0,88,24,32,69,0,125,20,0,20,145
11/28/2015,BLI,WA,ANM,WE,Federal Contract Tower,22,6,12,0,40,0,18,89,0,107,22,24,101,0,147,50,0,50,197
11/29/2015,BLI,WA,ANM,WE,Federal Contract Tower,23,4,15,0,42,0,8,91,0,99,23,12,106,0,141,70,0,70,211
11/30/2015,BLI,WA,ANM,WE,Federal Contract Tower,22,7,5,0,34,0,18,57,0,75,22,25,62,0,109,64,0,64,173
12/01/2015,BLI,WA,ANM,WE,Federal Contract Tower,20,8,8,4,40,0,41,37,10,88,20,49,45,14,128,16,6,22,150
12/02/2015,BLI,WA,ANM,WE,Federal Contract Tower,18,10,18,2,48,0,49,61,4,114,18,59,79,6,162,104,36,140,302
12/03/2015,BLI,WA,ANM,WE,Federal Contract Tower,24,8,6,0,38,0,25,17,0,42,24,33,23,0,80,2,0,2,82
12/04/2015,BLI,WA,ANM,WE,Federal Contract Tower,25,10,10,0,45,0,28,36,0,64,25,38,46,0,109,60,0,60,169
12/05/2015,BLI,WA,ANM,WE,Federal Contract Tower,18,5,1,0,24,0,11,0,0,11,18,16,1,0,35,0,0,0,35
12/06/2015,BLI,WA,ANM,WE,Federal Contract Tower,22,4,8,0,34,0,2,7,0,9,22,6,15,0,43,0,0,0,43
12/07/2015,BLI,WA,ANM,WE,Federal Contract Tower,22,5,7,0,34,0,20,32,0,52,22,25,39,0,86,90,0,90,176
12/08/2015,BLI,WA,ANM,WE,Federal Contract Tower,12,8,4,0,24,0,38,15,0,53,12,46,19,0,77,26,0,26,103
12/09/2015,BLI,WA,ANM,WE,Federal Contract Tower,21,7,6,2,36,0,47,40,0,87,21,54,46,2,123,24,0,24,147
12/10/2015,BLI,WA,ANM,WE,Federal Contract Tower,20,7,3,0,30,0,36,18,0,54,20,43,21,0,84,0,0,0,84
12/11/2015,BLI,WA,ANM,WE,Federal Contract Tower,23,8,21,0,52,0,47,72,2,121,23,55,93,2,173,136,30,166,339
12/12/2015,BLI,WA,ANM,WE,Federal Contract Tower,17,7,2,0,26,0,14,1,0,15,17,21,3,0,41,0,0,0,41
12/13/2015,BLI,WA,ANM,WE,Federal Contract Tower,23,0,6,0,29,0,4,10,0,14,23,4,16,0,43,12,0,12,55
12/14/2015,BLI,WA,ANM,WE,Federal Contract Tower,25,13,12,6,56,0,23,14,0,37,25,36,26,6,93,8,0,8,101
12/15/2015,BLI,WA,ANM,WE,Federal Contract Tower,13,11,8,0,32,0,35,59,0,94,13,46,67,0,126,62,10,72,198
12/16/2015,BLI,WA,ANM,WE,Federal Contract Tower,22,10,21,0,53,0,57,118,1,176,22,67,139,1,229,62,22,84,313
12/17/2015,BLI,WA,ANM,WE,Federal Contract Tower,23,12,7,0,42,0,18,12,0,30,23,30,19,0,72,0,0,0,72
12/18/2015,BLI,WA,ANM,WE,Federal Contract Tower,30,10,14,0,54,0,29,36,0,65,30,39,50,0,119,50,0,50,169
12/19/2015,BLI,WA,ANM,WE,Federal Contract Tower,20,4,6,0,30,0,5,40,0,45,20,9,46,0,75,40,0,40,115
12/20/2015,BLI,WA,ANM,WE,Federal Contract Tower,22,0,8,0,30,0,17,30,0,47,22,17,38,0,77,34,0,34,111
12/21/2015,BLI,WA,ANM,WE,Federal Contract Tower,29,21,20,0,70,0,44,93,0,137,29,65,113,0,207,58,0,58,265
12/22/2015,BLI,WA,ANM,WE,Federal Contract Tower,20,8,8,2,38,0,48,35,0,83,20,56,43,2,121,10,0,10,131
12/23/2015,BLI,WA,ANM,WE,Federal Contract Tower,24,10,4,4,42,0,32,8,0,40,24,42,12,4,82,6,0,6,88
12/24/2015,BLI,WA,ANM,WE,Federal Contract Tower,30,10,3,0,43,0,15,6,0,21,30,25,9,0,64,0,0,0,64
12/25/2015,BLI,WA,ANM,WE,Federal Contract Tower,15,0,0,0,15,0,0,14,0,14,15,0,14,0,29,12,0,12,41
12/26/2015,BLI,WA,ANM,WE,Federal Contract Tower,19,8,3,0,30,0,24,62,3,89,19,32,65,3,119,52,0,52,171
12/27/2015,BLI,WA,ANM,WE,Federal Contract Tower,25,2,7,0,34,0,21,17,0,38,25,23,24,0,72,4,0,4,76
12/28/2015,BLI,WA,ANM,WE,Federal Contract Tower,27,9,10,0,46,0,38,37,0,75,27,47,47,0,121,36,0,36,157
12/29/2015,BLI,WA,ANM,WE,Federal Contract Tower,22,12,10,4,48,0,52,110,0,162,22,64,120,4,210,78,2,80,290
12/30/2015,BLI,WA,ANM,WE,Federal Contract Tower,26,8,5,0,39,0,52,139,1,192,26,60,144,1,231,90,0,90,321
12/31/2015,BLI,WA,ANM,WE,Federal Contract Tower,26,7,2,1,36,0,40,74,3,117,26,47,76,4,153,78,20,98,251
01/01/2016,BLI,WA,ANM,WE,Federal Contract Tower,16,1,7,6,30,0,2,83,0,85,16,3,90,6,115,72,8,80,195
01/02/2016,BLI,WA,ANM,WE,Federal Contract Tower,25,3,8,0,36,0,10,78,0,88,25,13,86,0,124,98,0,98,222
01/03/2016,BLI,WA,ANM,WE,Federal Contract Tower,27,5,4,0,36,0,16,98,0,114,27,21,102,0,150,124,0,124,274
01/04/2016,BLI,WA,ANM,WE,Federal Contract Tower,25,8,4,0,37,0,64,42,0,106,25,72,46,0,143,76,0,76,219
01/05/2016,BLI,WA,ANM,WE,Federal Contract Tower,14,10,2,0,26,0,49,50,2,101,14,59,52,2,127,4,0,4,131
01/06/2016,BLI,WA,ANM,WE,Federal Contract Tower,21,14,5,0,40,0,50,100,0,150,21,64,105,0,190,120,26,146,336
01/07/2016,BLI,WA,ANM,WE,Federal Contract Tower,21,7,8,2,38,0,20,47,4,71,21,27,55,6,109,22,12,34,143
01/08/2016,BLI,WA,ANM,WE,Federal Contract Tower,22,6,10,0,38,0,23,76,2,101,22,29,86,2,139,54,10,64,203
01/09/2016,BLI,WA,ANM,WE,Federal Contract Tower,21,4,10,0,35,0,7,96,0,103,21,11,106,0,138,64,0,64,202
01/10/2016,BLI,WA,ANM,WE,Federal Contract Tower,25,1,8,0,34,0,25,122,0,147,25,26,130,0,181,128,14,142,323
01/11/2016,BLI,WA,ANM,WE,Federal Contract Tower,24,8,20,4,56,0,41,62,0,103,24,49,82,4,159,64,28,92,251
01/12/2016,BLI,WA,ANM,WE,Federal Contract Tower,10,8,4,0,22,0,55,67,0,122,10,63,71,0,144,42,0,42,186
01/13/2016,BLI,WA,ANM,WE,Federal Contract Tower,18,14,4,1,37,0,41,38,0,79,18,55,42,1,116,18,108,126,242
01/14/2016,BLI,WA,ANM,WE,Federal Contract Tower,21,10,16,0,47,0,28,69,0,97,21,38,85,0,144,56,18,74,218
01/15/2016,BLI,WA,ANM,WE,Federal Contract Tower,26,5,14,0,45,0,25,45,0,70,26,30,59,0,115,66,20,86,201
01/16/2016,BLI,WA,ANM,WE,Federal Contract Tower,15,3,2,2,22,0,20,22,4,46,15,23,24,6,68,12,6,18,86
01/17/2016,BLI,WA,ANM,WE,Federal Contract Tower,24,3,0,0,27,0,19,55,0,74,24,22,55,0,101,102,6,108,209
01/18/2016,BLI,WA,ANM,WE,Federal Contract Tower,22,9,13,0,44,0,39,87,0,126,22,48,100,0,170,62,0,62,232
01/19/2016,BLI,WA,ANM,WE,Federal Contract Tower,12,7,8,0,27,0,38,60,4,102,12,45,68,4,129,52,48,100,229
01/20/2016,BLI,WA,ANM,WE,Federal Contract Tower,19,8,9,2,38,0,54,63,1,118,19,62,72,3,156,142,22,164,320
01/21/2016,BLI,WA,ANM,WE,Federal Contract Tower,23,11,7,0,41,0,29,27,1,57,23,40,34,1,98,10,34,44,142
01/22/2016,BLI,WA,ANM,WE,Federal Contract Tower,24,13,14,0,51,0,44,38,1,83,24,57,52,1,134,64,4,68,202
01/23/2016,BLI,WA,ANM,WE,Federal Contract Tower,16,3,17,0,36,0,22,23,0,45,16,25,40,0,81,20,0,20,101
01/24/2016,BLI,WA,ANM,WE,Federal Contract Tower,32,3,8,0,43,0,28,92,0,120,32,31,100,0,163,122,0,122,285
01/25/2016,BLI,WA,ANM,WE,Federal Contract Tower,23,5,17,3,48,0,45,112,9,166,23,50,129,12,214,170,12,182,396
01/26/2016,BLI,WA,ANM,WE,Federal Contract Tower,15,7,14,5,41,0,31,35,8,74,15,38,49,13,115,0,0,0,115
01/27/2016,BLI,WA,ANM,WE,Federal Contract Tower,22,10,9,2,43,0,49,27,1,77,22,59,36,3,120,0,0,0,120
01/28/2016,BLI,WA,ANM,WE,Federal Contract Tower,22,10,17,0,49,0,24,45,0,69,22,34,62,0,118,50,0,50,168
01/29/2016,BLI,WA,ANM,WE,Federal Contract Tower,26,6,6,0,38,0,28,22,2,52,26,34,28,2,90,22,4,26,116
01/30/2016,BLI,WA,ANM,WE,Federal Contract Tower,17,5,7,0,29,0,22,32,2,56,17,27,39,2,85,64,16,80,165
01/31/2016,BLI,WA,ANM,WE,Federal Contract Tower,34,1,1,0,36,0,31,38,2,71,34,32,39,2,107,96,14,110,217
02/01/2016,BLI,WA,ANM,WE,Federal Contract Tower,24,10,7,0,41,0,60,60,0,120,24,70,67,0,161,48,0,48,209
02/02/2016,BLI,WA,ANM,WE,Federal Contract Tower,16,6,18,8,48,0,44,112,3,159,16,50,130,11,207,112,0,112,319
02/03/2016,BLI,WA,ANM,WE,Federal Contract Tower,18,11,5,0,34,0,42,51,1,94,18,53,56,1,128,70,8,78,206
02/04/2016,BLI,WA,ANM,WE,Federal Contract Tower,18,12,16,0,46,0,25,63,3,91,18,37,79,3,137,102,12,114,251
02/05/2016,BLI,WA,ANM,WE,Federal Contract Tower,27,6,0,2,35,0,29,19,2,50,27,35,19,4,85,16,10,26,111
02/06/2016,BLI,WA,ANM,WE,Federal Contract Tower,19,7,13,0,39,0,31,58,0,89,19,38,71,0,128,72,0,72,200
02/07/2016,BLI,WA,ANM,WE,Federal Contract Tower,21,0,4,0,25,0,17,64,2,83,21,17,68,2,108,106,0,106,214
02/08/2016,BLI,WA,ANM,WE,Federal Contract Tower,21,10,10,2,43,0,41,112,0,153,21,51,122,2,196,110,2,112,308
02/09/2016,BLI,WA,ANM,WE,Federal Contract Tower,19,6,10,0,35,0,45,143,0,188,19,51,153,0,223,228,0,228,451
02/10/2016,BLI,WA,ANM,WE,Federal Contract Tower,20,4,12,0,36,0,29,41,0,70,20,33,53,0,106,36,0,36,142
02/11/2016,BLI,WA,ANM,WE,Federal Contract Tower,20,5,14,0,39,0,26,40,0,66,20,31,54,0,105,96,0,96,201
02/12/2016,BLI,WA,ANM,WE,Federal Contract Tower,21,7,13,0,41,0,21,43,2,66,21,28,56,2,107,20,10,30,137
02/13/2016,BLI,WA,ANM,WE,Federal Contract Tower,20,5,2,0,27,0,19,12,0,31,20,24,14,0,58,0,0,0,58
02/14/2016,BLI,WA,ANM,WE,Federal Contract Tower,22,1,7,0,30,0,15,9,0,24,22,16,16,0,54,6,0,6,60
02/15/2016,BLI,WA,ANM,WE,Federal Contract Tower,22,6,5,0,33,0,13,2,1,16,22,19,7,1,49,2,0,2,51
02/16/2016,BLI,WA,ANM,WE,Federal Contract Tower,15,13,8,2,38,0,54,71,1,126,15,67,79,3,164,192,20,212,376
02/17/2016,BLI,WA,ANM,WE,Federal Contract Tower,21,12,5,0,38,0,59,72,0,131,21,71,77,0,169,96,14,110,279
02/18/2016,BLI,WA,ANM,WE,Federal Contract Tower,26,13,11,0,50,0,31,50,2,83,26,44,61,2,133,28,44,72,205
02/19/2016,BLI,WA,ANM,WE,Federal Contract Tower,26,3,12,2,43,0,26,49,2,77,26,29,61,4,120,62,18,80,200
02/20/2016,BLI,WA,ANM,WE,Federal Contract Tower,23,9,9,0,41,0,23,102,0,125,23,32,111,0,166,102,0,102,268
02/21/2016,BLI,WA,ANM,WE,Federal Contract Tower,22,0,16,0,38,0,7,32,0,39,22,7,48,0,77,80,0,80,157
02/22/2016,BLI,WA,ANM,WE,Federal Contract Tower,24,6,10,0,40,0,37,73,1,111,24,43,83,1,151,188,0,188,339
02/23/2016,BLI,WA,ANM,WE,Federal Contract Tower,16,9,16,2,43,0,62,123,0,185,16,71,139,2,228,124,0,124,352
02/24/2016,BLI,WA,ANM,WE,Federal Contract Tower,20,6,15,0,41,0,51,105,0,156,20,57,120,0,197,42,20,62,259
02/25/2016,BLI,WA,ANM,WE,Federal Contract Tower,27,5,22,0,54,0,25,119,2,146,27,30,141,2,200,98,12,110,310
02/26/2016,BLI,WA,ANM,WE,Federal Contract Tower,25,6,18,0,49,0,31,75,1,107,25,37,93,1,156,54,0,54,210
02/27/2016,BLI,WA,ANM,WE,Federal Contract Tower,22,3,14,1,40,0,9,31,0,40,22,12,45,1,80,0,0,0,80
02/28/2016,BLI,WA,ANM,WE,Federal Contract Tower,25,0,2,0,27,0,7,4,0,11,25,7,6,0,38,0,0,0,38
02/29/2016,BLI,WA,ANM,WE,Federal Contract Tower,27,12,9,0,48,0,45,83,7,135,27,57,92,7,183,52,22,74,257
03/01/2016,BLI,WA,ANM,WE,Federal Contract Tower,15,12,3,1,31,0,33,11,0,44,15,45,14,1,75,0,0,0,75
03/02/2016,BLI,WA,ANM,WE,Federal Contract Tower,19,16,21,0,56,0,44,56,0,100,19,60,77,0,156,74,8,82,238
03/03/2016,BLI,WA,ANM,WE,Federal Contract Tower,25,7,16,2,50,0,31,47,2,80,25,38,63,4,130,44,34,78,208
03/04/2016,BLI,WA,ANM,WE,Federal Contract Tower,27,7,1,0,35,0,16,33,0,49,27,23,34,0,84,28,16,44,128
03/05/2016,BLI,WA,ANM,WE,Federal Contract Tower,22,5,17,0,44,0,14,86,2,102,22,19,103,2,146,88,0,88,234
03/06/2016,BLI,WA,ANM,WE,Federal Contract Tower,25,0,8,0,33,0,9,33,0,42,25,9,41,0,75,60,0,60,135
03/07/2016,BLI,WA,ANM,WE,Federal Contract Tower,28,5,8,0,41,0,39,40,2,81,28,44,48,2,122,78,0,78,200
03/08/2016,BLI,WA,ANM,WE,Federal Contract Tower,14,12,14,2,42,0,48,75,2,125,14,60,89,4,167,102,40,142,309
03/09/2016,BLI,WA,ANM,WE,Federal Contract Tower,19,12,14,5,50,0,44,39,1,84,19,56,53,6,134,80,0,80,214
03/10/2016,BLI,WA,ANM,WE,Federal Contract Tower,27,9,4,2,42,0,13,13,0,26,27,22,17,2,68,0,0,0,68
03/11/2016,BLI,WA,ANM,WE,Federal Contract Tower,26,6,7,1,40,0,78,89,2,169,26,84,96,3,209,106,0,106,315
03/12/2016,BLI,WA,ANM,WE,Federal Contract Tower,24,4,7,0,35,0,21,18,5,44,24,25,25,5,79,54,0,54,133
03/13/2016,BLI,WA,ANM,WE,Federal Contract Tower,26,5,3,0,34,0,6,7,0,13,26,11,10,0,47,0,0,0,47
03/14/2016,BLI,WA,ANM,WE,Federal Contract Tower,27,5,9,0,41,0,50,36,0,86,27,55,45,0,127,86,18,104,231
03/15/2016,BLI,WA,ANM,WE,Federal Contract Tower,18,11,6,0,35,0,50,54,0,104,18,61,60,0,139,92,4,96,235
03/16/2016,BLI,WA,ANM,WE,Federal Contract Tower,18,11,16,0,45,0,62,76,0,138,18,73,92,0,183,126,0,126,309
03/17/2016,BLI,WA,ANM,WE,Federal Contract Tower,29,10,12,0,51,0,66,150,12,228,29,76,162,12,279,142,0,142,421
03/18/2016,BLI,WA,ANM,WE,Federal Contract Tower,25,16,17,1,59,0,51,91,8,150,25,67,108,9,209,106,32,138,347
03/19/2016,BLI,WA,ANM,WE,Federal Contract Tower,28,3,9,0,40,0,49,106,7,162,28,52,115,7,202,68,0,68,270
03/20/2016,BLI,WA,ANM,WE,Federal Contract Tower,25,5,6,0,36,0,20,33,0,53,25,25,39,0,89,28,0,28,117
03/21/2016,BLI,WA,ANM,WE,Federal Contract Tower,31,19,6,2,58,0,79,61,0,140,31,98,67,2,198,26,0,26,224
03/22/2016,BLI,WA,ANM,WE,Federal Contract Tower,22,11,11,0,44,0,41,61,0,102,22,52,72,0,146,26,0,26,172
03/23/2016,BLI,WA,ANM,WE,Federal Contract Tower,22,17,5,0,44,0,27,25,0,52,22,44,30,0,96,108,0,108,204
03/24/2016,BLI,WA,ANM,WE,Federal Contract Tower,27,15,7,2,51,0,29,44,2,75,27,44,51,4,126,48,26,74,200
03/25/2016,BLI,WA,ANM,WE,Federal Contract Tower,31,9,4,0,44,0,21,86,0,107,31,30,90,0,151,86,24,110,261
03/26/2016,BLI,WA,ANM,WE,Federal Contract Tower,26,7,14,0,47,0,29,121,0,150,26,36,135,0,197,36,0,36,233
03/27/2016,BLI,WA,ANM,WE,Federal Contract Tower,26,2,7,0,35,0,9,20,0,29,26,11,27,0,64,18,0,18,82
03/28/2016,BLI,WA,ANM,WE,Federal Contract Tower,28,10,13,0,51,0,44,92,0,136,28,54,105,0,187,106,10,116,303
03/29/2016,BLI,WA,ANM,WE,Federal Contract Tower,19,11,12,0,42,0,64,130,0,194,19,75,142,0,236,68,2,70,306
03/30/2016,BLI,WA,ANM,WE,Federal Contract Tower,18,10,24,0,52,0,31,136,0,167,18,41,160,0,219,52,4,56,275
03/31/2016,BLI,WA,ANM,WE,Federal Contract Tower,30,9,13,0,52,0,34,120,4,158,30,43,133,4,210,182,20,202,412
04/01/2016,BLI,WA,ANM,WE,Federal Contract Tower,26,13,16,4,59,0,25,106,3,134,26,38,122,7,193,94,24,118,311
04/02/2016,BLI,WA,ANM,WE,Federal Contract Tower,26,8,8,0,42,0,33,78,0,111,26,41,86,0,153,48,0,48,201
04/03/2016,BLI,WA,ANM,WE,Federal Contract Tower,29,2,13,1,45,0,20,79,5,104,29,22,92,6,149,76,8,84,233
04/04/2016,BLI,WA,ANM,WE,Federal Contract Tower,27,13,7,0,47,0,57,62,2,121,27,70,69,2,168,62,0,62,230
04/05/2016,BLI,WA,ANM,WE,Federal Contract Tower,15,17,24,2,58,0,41,36,5,82,15,58,60,7,140,18,48,66,206
04/06/2016,BLI,WA,ANM,WE,Federal Contract Tower,17,19,15,0,51,0,46,127,0,173,17,65,142,0,224,160,0,160,384
04/07/2016,BLI,WA,ANM,WE,Federal Contract Tower,26,11,17,0,54,0,54,144,2,200,26,65,161,2,254,118,28,146,400
04/08/2016,BLI,WA,ANM,WE,Federal Contract Tower,26,21,18,2,67,0,59,108,0,167,26,80,126,2,234,36,30,66,300
04/09/2016,BLI,WA,ANM,WE,Federal Contract Tower,24,9,10,0,43,0,38,98,0,136,24,47,108,0,179,38,0,38,217
04/10/2016,BLI,WA,ANM,WE,Federal Contract Tower,22,8,16,0,46,0,8,64,0,72,22,16,80,0,118,72,0,72,190
04/11/2016,BLI,WA,ANM,WE,Federal Contract Tower,26,14,17,2,59,0,51,70,6,127,26,65,87,8,186,58,0,58,244
04/12/2016,BLI,WA,ANM,WE,Federal Contract Tower,15,10,10,0,35,0,35,38,0,73,15,45,48,0,108,0,0,0,108
04/13/2016,BLI,WA,ANM,WE,Federal Contract Tower,16,11,6,6,39,0,37,52,3,92,16,48,58,9,131,98,14,112,243
04/14/2016,BLI,WA,ANM,WE,Federal Contract Tower,23,12,8,0,43,0,17,51,0,68,23,29,59,0,111,82,56,138,249
04/15/2016,BLI,WA,ANM,WE,Federal Contract Tower,28,8,16,0,52,0,28,130,3,161,28,36,146,3,213,138,54,192,405
04/16/2016,BLI,WA,ANM,WE,Federal Contract Tower,21,4,10,0,35,0,23,118,2,143,21,27,128,2,178,106,0,106,284
04/17/2016,BLI,WA,ANM,WE,Federal Contract Tower,19,0,16,1,36,0,37,137,3,177,19,37,153,4,213,70,0,70,283
04/18/2016,BLI,WA,ANM,WE,Federal Contract Tower,28,10,33,0,71,0,41,107,0,148,28,51,140,0,219,182,0,182,401
04/19/2016,BLI,WA,ANM,WE,Federal Contract Tower,12,12,7,3,34,0,45,97,4,146,12,57,104,7,180,30,0,30,210
04/20/2016,BLI,WA,ANM,WE,Federal Contract Tower,21,9,16,6,52,0,55,111,0,166,21,64,127,6,218,156,0,156,374
04/21/2016,BLI,WA,ANM,WE,Federal Contract Tower,23,7,16,0,46,0,26,84,0,110,23,33,100,0,156,106,20,126,282
04/22/2016,BLI,WA,ANM,WE,Federal Contract Tower,25,9,20,0,54,0,38,55,0,93,25,47,75,0,147,52,2,54,201
04/23/2016,BLI,WA,ANM,WE,Federal Contract Tower,22,7,14,0,43,0,31,59,0,90,22,38,73,0,133,12,0,12,145
04/24/2016,BLI,WA,ANM,WE,Federal Contract Tower,19,1,8,0,28,0,20,32,0,52,19,21,40,0,80,26,0,26,106
04/25/2016,BLI,WA,ANM,WE,Federal Contract Tower,29,8,13,4,54,0,59,87,0,146,29,67,100,4,200,164,0,164,364
04/26/2016,BLI,WA,ANM,WE,Federal Contract Tower,17,7,19,6,49,0,66,100,2,168,17,73,119,8,217,120,0,120,337
04/27/2016,BLI,WA,ANM,WE,Federal Contract Tower,18,8,21,1,48,0,80,64,2,146,18,88,85,3,194,40,28,68,262
04/28/2016,BLI,WA,ANM,WE,Federal Contract Tower,26,9,17,2,54,0,52,140,2,194,26,61,157,4,248,134,18,152,400
04/29/2016,BLI,WA,ANM,WE,Federal Contract Tower,28,9,21,2,60,0,51,75,3,129,28,60,96,5,189,110,12,122,311
04/30/2016,BLI,WA,ANM,WE,Federal Contract Tower,22,4,10,0,36,0,46,160,3,209,22,50,170,3,245,124,0,124,369
05/01/2016,BLI,WA,ANM,WE,Federal Contract Tower,19,4,11,0,34,0,21,112,4,137,19,25,123,4,171,78,2,80,251
05/02/2016,BLI,WA,ANM,WE,Federal Contract Tower,28,5,16,0,49,0,69,136,0,205,28,74,152,0,254,80,52,132,386
05/03/2016,BLI,WA,ANM,WE,Federal Contract Tower,13,5,6,0,24,0,75,89,6,170,13,80,95,6,194,84,48,132,326
05/04/2016,BLI,WA,ANM,WE,Federal Contract Tower,23,7,12,0,42,0,47,56,4,107,23,54,68,4,149,72,4,76,225
05/05/2016,BLI,WA,ANM,WE,Federal Contract Tower,26,8,18,0,52,0,43,110,0,153,26,51,128,0,205,132,0,132,337
05/06/2016,BLI,WA,ANM,WE,Federal Contract Tower,25,8,19,0,52,0,52,101,1,154,25,60,120,1,206,74,20,94,300
05/07/2016,BLI,WA,ANM,WE,Federal Contract Tower,18,4,12,0,34,0,36,114,11,161,18,40,126,11,195,132,0,132,327
05/08/2016,BLI,WA,ANM,WE,Federal Contract Tower,20,1,8,0,29,0,12,53,0,65,20,13,61,0,94,20,0,20,114
05/09/2016,BLI,WA,ANM,WE,Federal Contract Tower,29,12,18,2,61,0,51,82,2,135,29,63,100,4,196,38,2,40,236
05/10/2016,BLI,WA,ANM,WE,Federal Contract Tower,12,7,9,0,28,0,61,88,0,149,12,68,97,0,177,14,0,14,191
05/11/2016,BLI,WA,ANM,WE,Federal Contract Tower,19,6,16,0,41,0,53,109,3,165,19,59,125,3,206,78,4,82,288
05/12/2016,BLI,WA,ANM,WE,Federal Contract Tower,25,5,16,0,46,0,44,122,0,166,25,49,138,0,212,154,36,190,402
05/13/2016,BLI,WA,ANM,WE,Federal Contract Tower,24,11,11,0,46,0,39,115,2,156,24,50,126,2,202,38,12,50,252
05/14/2016,BLI,WA,ANM,WE,Federal Contract Tower,21,3,15,0,39,0,16,87,4,107,21,19,102,4,146,62,0,62,208
05/15/2016,BLI,WA,ANM,WE,Federal Contract Tower,20,7,7,0,34,0,12,53,0,65,20,19,60,0,99,48,0,48,147
05/16/2016,BLI,WA,ANM,WE,Federal Contract Tower,28,6,14,0,48,0,50,60,0,110,28,56,74,0,158,48,0,48,206
05/17/2016,BLI,WA,ANM,WE,Federal Contract Tower,12,9,4,0,25,0,57,68,0,125,12,66,72,0,150,46,0,46,196
05/18/2016,BLI,WA,ANM,WE,Federal Contract Tower,18,8,4,2,32,0,47,77,1,125,18,55,81,3,157,176,0,176,333
05/19/2016,BLI,WA,ANM,WE,Federal Contract Tower,21,7,12,0,40,0,30,62,0,92,21,37,74,0,132,82,24,106,238
05/20/2016,BLI,WA,ANM,WE,Federal Contract Tower,29,6,19,0,54,0,63,101,1,165,29,69,120,1,219,82,32,114,333
05/21/2016,BLI,WA,ANM,WE,Federal Contract Tower,24,5,17,0,46,0,36,67,0,103,24,41,84,0,149,62,0,62,211
05/22/2016,BLI,WA,ANM,WE,Federal Contract Tower,20,0,21,0,41,0,18,69,0,87,20,18,90,0,128,104,0,104,232
05/23/2016,BLI,WA,ANM,WE,Federal Contract Tower,29,6,12,0,47,0,54,58,0,112,29,60,70,0,159,56,22,78,237
05/24/2016,BLI,WA,ANM,WE,Federal Contract Tower,17,6,14,0,37,0,69,91,0,160,17,75,105,0,197,110,0,110,307
05/25/2016,BLI,WA,ANM,WE,Federal Contract Tower,19,9,27,2,57,0,44,121,5,170,19,53,148,7,227,50,6,56,283
05/26/2016,BLI,WA,ANM,WE,Federal Contract Tower,24,14,18,4,60,0,62,98,0,160,24,76,116,4,220,54,26,80,300
05/27/2016,BLI,WA,ANM,WE,Federal Contract Tower,29,8,20,0,57,0,61,95,0,156,29,69,115,0,213,160,28,188,401
05/28/2016,BLI,WA,ANM,WE,Federal Contract Tower,20,6,7,0,33,0,25,25,0,50,20,31,32,0,83,36,0,36,119
05/29/2016,BLI,WA,ANM,WE,Federal Contract Tower,16,1,21,0,38,0,35,54,0,89,16,36,75,0,127,82,0,82,209
05/30/2016,BLI,WA,ANM,WE,Federal Contract Tower,26,9,19,0,54,0,60,162,2,224,26,69,181,2,278,108,0,108,386
05/31/2016,BLI,WA,ANM,WE,Federal Contract Tower,21,7,12,0,40,0,86,176,2,264,21,93,188,2,304,78,0,78,382
06/01/2016,BLI,WA,ANM,WE,Federal Contract Tower,20,7,9,0,36,0,55,139,0,194,20,62,148,0,230,52,0,52,282
06/02/2016,BLI,WA,ANM,WE,Federal Contract Tower,21,7,26,4,58,0,64,97,0,161,21,71,123,4,219,68,34,102,321
06/03/2016,BLI,WA,ANM,WE,Federal Contract Tower,27,7,22,0,56,0,42,114,0,156,27,49,136,0,212,68,24,92,304
06/04/2016,BLI,WA,ANM,WE,Federal Contract Tower,22,7,8,0,37,0,46,137,0,183,22,53,145,0,220,80,0,80,300
06/05/2016,BLI,WA,ANM,WE,Federal Contract Tower,19,4,12,0,35,0,56,130,0,186,19,60,142,0,221,90,0,90,311
06/06/2016,BLI,WA,ANM,WE,Federal Contract Tower,25,13,16,0,54,0,61,107,0,168,25,74,123,0,222,142,0,142,364
06/07/2016,BLI,WA,ANM,WE,Federal Contract Tower,14,10,20,0,44,0,52,79,4,135,14,62,99,4,179,38,2,40,219
06/08/2016,BLI,WA,ANM,WE,Federal Contract Tower,15,5,12,0,32,0,33,58,2,93,15,38,70,2,125,72,0,72,197
06/09/2016,BLI,WA,ANM,WE,Federal Contract Tower,19,9,25,0,53,0,46,80,4,130,19,55,105,4,183,68,0,68,251
06/10/2016,BLI,WA,ANM,WE,Federal Contract Tower,22,7,18,0,47,0,49,95,3,147,22,56,113,3,194,72,0,72,266
06/11/2016,BLI,WA,ANM,WE,Federal Contract Tower,22,5,16,0,43,0,41,49,3,93,22,46,65,3,136,18,0,18,154
06/12/2016,BLI,WA,ANM,WE,Federal Contract Tower,21,0,35,0,56,0,64,144,0,208,21,64,179,0,264,108,0,108,372
06/13/2016,BLI,WA,ANM,WE,Federal Contract Tower,23,9,22,0,54,0,29,55,0,84,23,38,77,0,138,78,0,78,216
06/14/2016,BLI,WA,ANM,WE,Federal Contract Tower,12,7,18,0,37,0,41,50,2,93,12,48,68,2,130,130,0,130,260
06/15/2016,BLI,WA,ANM,WE,Federal Contract Tower,15,6,18,0,39,0,37,95,0,132,15,43,113,0,171,52,2,54,225
06/16/2016,BLI,WA,ANM,WE,Federal Contract Tower,15,7,15,0,37,0,45,113,2,160,15,52,128,2,197,124,0,124,321
06/17/2016,BLI,WA,ANM,WE,Federal Contract Tower,23,6,31,0,60,0,45,149,0,194,23,51,180,0,254,54,0,54,308
06/18/2016,BLI,WA,ANM,WE,Federal Contract Tower,21,9,10,0,40,0,24,19,0,43,21,33,29,0,83,0,0,0,83
06/19/2016,BLI,WA,ANM,WE,Federal Contract Tower,18,7,24,0,49,0,58,107,0,165,18,65,131,0,214,94,0,94,308
06/20/2016,BLI,WA,ANM,WE,Federal Contract Tower,22,9,28,0,59,0,78,129,5,212,22,87,157,5,271,66,0,66,337
06/21/2016,BLI,WA,ANM,WE,Federal Contract Tower,18,3,37,2,60,0,45,81,5,131,18,48,118,7,191,86,0,86,277
06/22/2016,BLI,WA,ANM,WE,Federal Contract Tower,16,7,26,2,51,0,58,123,0,181,16,65,149,2,232,96,0,96,328
06/23/2016,BLI,WA,ANM,WE,Federal Contract Tower,19,13,20,0,52,0,47,49,2,98,19,60,69,2,150,62,0,62,212
06/24/2016,BLI,WA,ANM,WE,Federal Contract Tower,21,11,23,0,55,0,44,59,0,103,21,55,82,0,158,92,0,92,250
06/25/2016,BLI,WA,ANM,WE,Federal Contract Tower,19,10,24,0,53,0,39,66,0,105,19,49,90,0,158,70,0,70,228
06/26/2016,BLI,WA,ANM,WE,Federal Contract Tower,17,6,30,0,53,0,35,93,0,128,17,41,123,0,181,40,0,40,221
06/27/2016,BLI,WA,ANM,WE,Federal Contract Tower,24,16,20,0,60,0,48,112,2,162,24,64,132,2,222,90,4,94,316
06/28/2016,BLI,WA,ANM,WE,Federal Contract Tower,19,19,25,0,63,0,44,90,2,136,19,63,115,2,199,88,0,88,287
06/29/2016,BLI,WA,ANM,WE,Federal Contract Tower,17,10,22,6,55,0,53,122,3,178,17,63,144,9,233,68,0,68,301
06/30/2016,BLI,WA,ANM,WE,Federal Contract Tower,18,10,31,0,59,0,87,145,1,233,18,97,176,1,292,130,0,130,422
07/01/2016,BLI,WA,ANM,WE,Federal Contract Tower,21,8,37,0,66,0,63,115,2,180,21,71,152,2,246,72,0,72,318
07/02/2016,BLI,WA,ANM,WE,Federal Contract Tower,22,6,21,0,49,0,76,123,5,204,22,82,144,5,253,50,0,50,303
07/03/2016,BLI,WA,ANM,WE,Federal Contract Tower,17,3,21,0,41,0,28,95,1,124,17,31,116,1,165,136,0,136,301
07/04/2016,BLI,WA,ANM,WE,Federal Contract Tower,21,0,22,0,43,0,51,74,0,125,21,51,96,0,168,64,0,64,232
07/05/2016,BLI,WA,ANM,WE,Federal Contract Tower,16,10,35,0,61,0,89,93,4,186,16,99,128,4,247,2,0,2,249
07/06/2016,BLI,WA,ANM,WE,Federal Contract Tower,15,6,26,0,47,0,55,138,0,193,15,61,164,0,240,104,0,104,344
07/07/2016,BLI,WA,ANM,WE,Federal Contract Tower,22,12,27,7,68,0,53,61,2,116,22,65,88,9,184,50,24,74,258
07/08/2016,BLI,WA,ANM,WE,Federal Contract Tower,26,6,30,0,62,0,56,96,0,152,26,62,126,0,214,90,0,90,304
07/09/2016,BLI,WA,ANM,WE,Federal Contract Tower,23,10,12,0,45,0,43,86,1,130,23,53,98,1,175,120,0,120,295
07/10/2016,BLI,WA,ANM,WE,Federal Contract Tower,21,9,28,0,58,0,67,105,0,172,21,76,133,0,230,98,0,98,328
07/11/2016,BLI,WA,ANM,WE,Federal Contract Tower,24,9,24,0,57,0,84,82,3,169,24,93,106,3,226,12,18,30,256
07/12/2016,BLI,WA,ANM,WE,Federal Contract Tower,20,9,13,0,42,0,67,106,0,173,20,76,119,0,215,92,6,98,313
07/13/2016,BLI,WA,ANM,WE,Federal Contract Tower,15,5,24,0,44,0,37,120,2,159,15,42,144,2,203,24,0,24,227
07/14/2016,BLI,WA,ANM,WE,Federal Contract Tower,19,8,28,0,55,0,71,126,1,198,19,79,154,1,253,142,0,142,395
07/15/2016,BLI,WA,ANM,WE,Federal Contract Tower,22,5,5,0,32,0,57,133,0,190,22,62,138,0,222,140,0,140,362
07/16/2016,BLI,WA,ANM,WE,Federal Contract Tower,22,5,25,0,52,0,51,112,2,165,22,56,137,2,217,144,0,144,361
07/17/2016,BLI,WA,ANM,WE,Federal Contract Tower,18,2,33,0,53,0,51,101,6,158,18,53,134,6,211,90,0,90,301
07/18/2016,BLI,WA,ANM,WE,Federal Contract Tower,23,9,15,6,53,0,72,83,0,155,23,81,98,6,208,0,0,0,208
07/19/2016,BLI,WA,ANM,WE,Federal Contract Tower,16,12,23,2,53,0,67,112,6,185,16,79,135,8,238,110,0,110,348
07/20/2016,BLI,WA,ANM,WE,Federal Contract Tower,15,6,12,0,33,0,42,129,2,173,15,48,141,2,206,138,0,138,344
07/21/2016,BLI,WA,ANM,WE,Federal Contract Tower,19,11,20,2,52,0,95,176,0,271,19,106,196,2,323,92,0,92,415
07/22/2016,BLI,WA,ANM,WE,Federal Contract Tower,23,10,23,1,57,0,82,80,0,162,23,92,103,1,219,94,0,94,313
07/23/2016,BLI,WA,ANM,WE,Federal Contract Tower,22,7,14,0,43,0,44,173,0,217,22,51,187,0,260,72,0,72,332
07/24/2016,BLI,WA,ANM,WE,Federal Contract Tower,19,3,41,0,63,0,48,114,0,162,19,51,155,0,225,60,0,60,285
07/25/2016,BLI,WA,ANM,WE,Federal Contract Tower,24,10,11,0,45,0,58,107,0,165,24,68,118,0,210,80,0,80,290
07/26/2016,BLI,WA,ANM,WE,Federal Contract Tower,17,4,24,0,45,0,62,116,0,178,17,66,140,0,223,102,0,102,325
07/27/2016,BLI,WA,ANM,WE,Federal Contract Tower,17,14,38,0,69,0,79,157,0,236,17,93,195,0,305,196,20,216,521
07/28/2016,BLI,WA,ANM,WE,Federal Contract Tower,18,17,27,2,64,0,69,135,0,204,18,86,162,2,268,170,8,178,446
07/29/2016,BLI,WA,ANM,WE,Federal Contract Tower,19,9,23,0,51,0,52,142,0,194,19,61,165,0,245,36,0,36,281
07/30/2016,BLI,WA,ANM,WE,Federal Contract Tower,21,1,19,0,41,0,32,123,0,155,21,33,142,0,196,74,0,74,270
07/31/2016,BLI,WA,ANM,WE,Federal Contract Tower,18,5,19,0,42,0,29,94,4,127,18,34,113,4,169,74,0,74,243
08/01/2016,BLI,WA,ANM,WE,Federal Contract Tower,23,12,18,0,53,0,51,100,0,151,23,63,118,0,204,58,0,58,262
08/02/2016,BLI,WA,ANM,WE,Federal Contract Tower,18,11,17,0,46,1,39,64,0,104,19,50,81,0,150,70,14,84,234
08/03/2016,BLI,WA,ANM,WE,Federal Contract Tower,17,6,19,0,42,0,41,105,2,148,17,47,124,2,190,108,26,134,324
08/04/2016,BLI,WA,ANM,WE,Federal Contract Tower,17,7,12,0,36,0,52,138,10,200,17,59,150,10,236,28,0,28,264
08/05/2016,BLI,WA,ANM,WE,Federal Contract Tower,24,10,20,4,58,0,68,189,8,265,24,78,209,12,323,122,0,122,445
08/06/2016,BLI,WA,ANM,WE,Federal Contract Tower,21,5,27,0,53,0,51,158,3,212,21,56,185,3,265,116,0,116,381
08/07/2016,BLI,WA,ANM,WE,Federal Contract Tower,17,5,35,0,57,0,28,56,0,84,17,33,91,0,141,74,0,74,215
08/08/2016,BLI,WA,ANM,WE,Federal Contract Tower,23,9,14,1,47,0,41,54,7,102,23,50,68,8,149,50,0,50,199
08/09/2016,BLI,WA,ANM,WE,Federal Contract Tower,15,6,26,0,47,0,43,88,0,131,15,49,114,0,178,24,0,24,202
08/10/2016,BLI,WA,ANM,WE,Federal Contract Tower,15,6,19,0,40,0,40,117,0,157,15,46,136,0,197,74,0,74,271
08/11/2016,BLI,WA,ANM,WE,Federal Contract Tower,17,13,14,0,44,0,45,127,0,172,17,58,141,0,216,158,0,158,374
08/12/2016,BLI,WA,ANM,WE,Federal Contract Tower,23,11,24,2,60,0,58,117,2,177,23,69,141,4,237,58,6,64,301
08/13/2016,BLI,WA,ANM,WE,Federal Contract Tower,21,11,18,0,50,0,29,115,2,146,21,40,133,2,196,32,0,32,228
08/14/2016,BLI,WA,ANM,WE,Federal Contract Tower,13,12,18,0,43,0,43,148,0,191,13,55,166,0,234,12,0,12,246
08/15/2016,BLI,WA,ANM,WE,Federal Contract Tower,26,10,22,0,58,0,23,112,0,135,26,33,134,0,193,28,0,28,221
08/16/2016,BLI,WA,ANM,WE,Federal Contract Tower,13,12,18,4,47,0,32,65,3,100,13,44,83,7,147,80,4,84,231
08/17/2016,BLI,WA,ANM,WE,Federal Contract Tower,13,12,23,0,48,0,47,119,0,166,13,59,142,0,214,162,0,162,376
08/18/2016,BLI,WA,ANM,WE,Federal Contract Tower,19,12,21,0,52,0,77,143,0,220,19,89,164,0,272,146,0,146,418
08/19/2016,BLI,WA,ANM,WE,Federal Contract Tower,25,9,17,2,53,0,66,127,2,195,25,75,144,4,248,96,0,96,344
08/20/2016,BLI,WA,ANM,WE,Federal Contract Tower,17,7,9,0,33,0,32,126,0,158,17,39,135,0,191,98,0,98,289
08/21/2016,BLI,WA,ANM,WE,Federal Contract Tower,17,1,23,0,41,0,39,74,0,113,17,40,97,0,154,0,0,0,154
08/22/2016,BLI,WA,ANM,WE,Federal Contract Tower,24,9,19,2,54,0,48,72,2,122,24,57,91,4,176,30,0,30,206
08/23/2016,BLI,WA,ANM,WE,Federal Contract Tower,14,11,23,1,49,0,75,127,1,203,14,86,150,2,252,118,0,118,370
08/24/2016,BLI,WA,ANM,WE,Federal Contract Tower,17,6,18,0,41,0,63,135,2,200,17,69,153,2,241,86,0,86,327
08/25/2016,BLI,WA,ANM,WE,Federal Contract Tower,21,12,28,0,61,0,56,99,2,157,21,68,127,2,218,48,0,48,266
08/26/2016,BLI,WA,ANM,WE,Federal Contract Tower,24,19,20,0,63,0,75,163,5,243,24,94,183,5,306,82,32,114,420
08/27/2016,BLI,WA,ANM,WE,Federal Contract Tower,17,5,15,0,37,0,18,57,12,87,17,23,72,12,124,8,0,8,132
08/28/2016,BLI,WA,ANM,WE,Federal Contract Tower,16,8,27,0,51,0,28,53,0,81,16,36,80,0,132,84,0,84,216
08/29/2016,BLI,WA,ANM,WE,Federal Contract Tower,25,14,13,0,52,0,33,75,0,108,25,47,88,0,160,22,0,22,182
08/30/2016,BLI,WA,ANM,WE,Federal Contract Tower,16,6,24,0,46,0,54,85,1,140,16,60,109,1,186,56,0,56,242
08/31/2016,BLI,WA,ANM,WE,Federal Contract Tower,16,9,12,8,45,0,58,64,0,122,16,67,76,8,167,124,8,132,299
09/01/2016,BLI,WA,ANM,WE,Federal Contract Tower,20,13,22,0,55,0,48,73,0,121,20,61,95,0,176,130,0,130,306
09/02/2016,BLI,WA,ANM,WE,Federal Contract Tower,22,6,16,0,44,0,52,92,0,144,22,58,108,0,188,142,0,142,330
09/03/2016,BLI,WA,ANM,WE,Federal Contract Tower,13,5,39,0,57,0,34,67,0,101,13,39,106,0,158,66,0,66,224
09/04/2016,BLI,WA,ANM,WE,Federal Contract Tower,19,0,17,0,36,0,42,80,0,122,19,42,97,0,158,76,0,76,234
09/05/2016,BLI,WA,ANM,WE,Federal Contract Tower,22,4,24,0,50,0,41,53,0,94,22,45,77,0,144,30,0,30,174
09/06/2016,BLI,WA,ANM,WE,Federal Contract Tower,18,11,25,0,54,0,43,59,0,102,18,54,84,0,156,60,50,110,266
09/07/2016,BLI,WA,ANM,WE,Federal Contract Tower,12,10,27,2,51,0,32,70,0,102,12,42,97,2,153,148,0,148,301
09/08/2016,BLI,WA,ANM,WE,Federal Contract Tower,17,9,31,5,62,0,59,122,2,183,17,68,153,7,245,148,8,156,401
09/09/2016,BLI,WA,ANM,WE,Federal Contract Tower,27,11,18,0,56,0,60,130,2,192,27,71,148,2,248,104,0,104,352
09/10/2016,BLI,WA,ANM,WE,Federal Contract Tower,16,11,12,0,39,0,48,109,0,157,16,59,121,0,196,74,0,74,270
09/11/2016,BLI,WA,ANM,WE,Federal Contract Tower,23,3,23,0,49,0,45,83,0,128,23,48,106,0,177,58,0,58,235
09/12/2016,BLI,WA,ANM,WE,Federal Contract Tower,24,7,16,2,49,0,45,88,4,137,24,52,104,6,186,64,12,76,262
09/13/2016,BLI,WA,ANM,WE,Federal Contract Tower,11,5,10,0,26,0,32,106,0,138,11,37,116,0,164,76,8,84,248
09/14/2016,BLI,WA,ANM,WE,Federal Contract Tower,11,9,19,0,39,0,27,140,2,169,11,36,159,2,208,118,10,128,336
09/15/2016,BLI,WA,ANM,WE,Federal Contract Tower,21,7,33,0,61,0,65,182,2,249,21,72,215,2,310,124,4,128,438
09/16/2016,BLI,WA,ANM,WE,Federal Contract Tower,21,7,30,2,60,0,26,106,0,132,21,33,136,2,192,136,34,170,362
09/17/2016,BLI,WA,ANM,WE,Federal Contract Tower,13,4,8,0,25,0,6,15,0,21,13,10,23,0,46,0,0,0,46
09/18/2016,BLI,WA,ANM,WE,Federal Contract Tower,15,0,19,0,34,0,19,72,0,91,15,19,91,0,125,48,0,48,173
09/19/2016,BLI,WA,ANM,WE,Federal Contract Tower,25,7,20,4,56,0,44,41,6,91,25,51,61,10,147,14,0,14,161
09/20/2016,BLI,WA,ANM,WE,Federal Contract Tower,12,8,9,0,29,0,54,66,0,120,12,62,75,0,149,120,0,120,269
09/21/2016,BLI,WA,ANM,WE,Federal Contract Tower,16,11,26,2,55,0,60,100,0,160,16,71,126,2,215,98,0,98,313
09/22/2016,BLI,WA,ANM,WE,Federal Contract Tower,21,7,23,2,53,0,56,125,2,183,21,63,148,4,236,156,0,156,392
09/23/2016,BLI,WA,ANM,WE,Federal Contract Tower,23,7,18,0,48,0,48,32,0,80,23,55,50,0,128,62,0,62,190
09/24/2016,BLI,WA,ANM,WE,Federal Contract Tower,14,3,14,0,31,0,28,59,0,87,14,31,73,0,118,114,0,114,232
09/25/2016,BLI,WA,ANM,WE,Federal Contract Tower,16,4,11,0,31,0,25,85,2,112,16,29,96,2,143,30,0,30,173
09/26/2016,BLI,WA,ANM,WE,Federal Contract Tower,26,8,14,0,48,0,33,84,0,117,26,41,98,0,165,6,0,6,171
09/27/2016,BLI,WA,ANM,WE,Federal Contract Tower,13,11,16,0,40,0,50,86,2,138,13,61,102,2,178,254,0,254,432
09/28/2016,BLI,WA,ANM,WE,Federal Contract Tower,16,13,15,0,44,0,57,111,2,170,16,70,126,2,214,186,0,186,400
09/29/2016,BLI,WA,ANM,WE,Federal Contract Tower,16,13,18,0,47,0,23,51,0,74,16,36,69,0,121,102,0,102,223
09/30/2016,BLI,WA,ANM,WE,Federal Contract Tower,25,7,15,0,47,0,40,79,0,119,25,47,94,0,166,118,0,118,284
10/01/2016,BLI,WA,ANM,WE,Federal Contract Tower,14,3,3,0,20,0,18,30,1,49,14,21,33,1,69,6,0,6,75
10/02/2016,BLI,WA,ANM,WE,Federal Contract Tower,16,1,19,0,36,0,16,72,0,88,16,17,91,0,124,4,0,4,128
10/03/2016,BLI,WA,ANM,WE,Federal Contract Tower,22,13,15,0,50,0,68,59,0,127,22,81,74,0,177,30,0,30,207
10/04/2016,BLI,WA,ANM,WE,Federal Contract Tower,14,6,11,0,31,0,56,53,0,109,14,62,64,0,140,72,0,72,212
10/05/2016,BLI,WA,ANM,WE,Federal Contract Tower,20,6,10,0,36,0,40,83,0,123,20,46,93,0,159,46,0,46,205
10/06/2016,BLI,WA,ANM,WE,Federal Contract Tower,18,7,26,0,51,0,56,54,0,110,18,63,80,0,161,28,0,28,189
10/07/2016,BLI,WA,ANM,WE,Federal Contract Tower,23,11,11,0,45,0,27,37,0,64,23,38,48,0,109,24,0,24,133
10/08/2016,BLI,WA,ANM,WE,Federal Contract Tower,15,6,10,0,31,0,1,1,0,2,15,7,11,0,33,0,0,0,33
10/09/2016,BLI,WA,ANM,WE,Federal Contract Tower,17,0,15,0,32,0,10,64,0,74,17,10,79,0,106,30,0,30,136
10/10/2016,BLI,WA,ANM,WE,Federal Contract Tower,24,11,4,0,39,0,58,76,0,134,24,69,80,0,173,20,0,20,193
10/11/2016,BLI,WA,ANM,WE,Federal Contract Tower,12,8,4,0,24,0,56,104,0,160,12,64,108,0,184,112,0,112,296
10/12/2016,BLI,WA,ANM,WE,Federal Contract Tower,19,11,15,0,45,0,56,104,0,160,19,67,119,0,205,78,0,78,283
10/13/2016,BLI,WA,ANM,WE,Federal Contract Tower,21,12,18,0,51,0,35,7,0,42,21,47,25,0,93,2,0,2,95
10/14/2016,BLI,WA,ANM,WE,Federal Contract Tower,22,6,9,0,37,0,0,0,0,0,22,6,9,0,37,0,0,0,37
10/15/2016,BLI,WA,ANM,WE,Federal Contract Tower,17,3,0,0,20,0,2,2,0,4,17,5,2,0,24,0,0,0,24
10/16/2016,BLI,WA,ANM,WE,Federal Contract Tower,15,2,2,0,19,0,11,2,0,13,15,13,4,0,32,0,0,0,32
10/17/2016,BLI,WA,ANM,WE,Federal Contract Tower,24,7,10,0,41,0,33,25,1,59,24,40,35,1,100,38,0,38,138
10/18/2016,BLI,WA,ANM,WE,Federal Contract Tower,11,9,10,2,32,0,42,31,4,77,11,51,41,6,109,78,44,122,231
10/19/2016,BLI,WA,ANM,WE,Federal Contract Tower,19,6,8,0,33,0,47,105,0,152,19,53,113,0,185,140,0,140,325
10/20/2016,BLI,WA,ANM,WE,Federal Contract Tower,19,9,18,0,46,0,46,79,0,125,19,55,97,0,171,62,0,62,233
10/21/2016,BLI,WA,ANM,WE,Federal Contract Tower,25,6,14,0,45,0,54,75,0,129,25,60,89,0,174,46,0,46,220
10/22/2016,BLI,WA,ANM,WE,Federal Contract Tower,20,4,11,0,35,0,41,61,0,102,20,45,72,0,137,78,0,78,215
10/23/2016,BLI,WA,ANM,WE,Federal Contract Tower,16,1,18,0,35,0,13,57,1,71,16,14,75,1,106,22,0,22,128
10/24/2016,BLI,WA,ANM,WE,Federal Contract Tower,26,6,13,2,47,0,38,43,0,81,26,44,56,2,128,8,0,8,136
10/25/2016,BLI,WA,ANM,WE,Federal Contract Tower,14,9,6,0,29,0,56,46,0,102,14,65,52,0,131,36,0,36,167
10/26/2016,BLI,WA,ANM,WE,Federal Contract Tower,20,7,14,1,42,0,46,26,0,72,20,53,40,1,114,42,2,44,158
10/27/2016,BLI,WA,ANM,WE,Federal Contract Tower,19,6,17,0,42,0,38,32,0,70,19,44,49,0,112,30,0,30,142
10/28/2016,BLI,WA,ANM,WE,Federal Contract Tower,22,11,15,0,48,0,31,101,0,132,22,42,116,0,180,18,0,18,198
10/29/2016,BLI,WA,ANM,WE,Federal Contract Tower,15,4,6,0,25,0,14,30,0,44,15,18,36,0,69,62,0,62,131
10/30/2016,BLI,WA,ANM,WE,Federal Contract Tower,18,8,14,0,40,0,9,67,2,78,18,17,81,2,118,54,0,54,172
10/31/2016,BLI,WA,ANM,WE,Federal Contract Tower,27,6,9,0,42,0,27,9,0,36,27,33,18,0,78,0,0,0,78
11/01/2016,BLI,WA,ANM,WE,Federal Contract Tower,13,8,18,0,39,0,52,54,0,106,13,60,72,0,145,86,70,156,301
11/02/2016,BLI,WA,ANM,WE,Federal Contract Tower,21,6,8,0,35,0,32,16,0,48,21,38,24,0,83,12,0,12,95
11/03/2016,BLI,WA,ANM,WE,Federal Contract Tower,19,7,18,0,44,0,58,61,3,122,19,65,79,3,166,30,0,30,196
11/04/2016,BLI,WA,ANM,WE,Federal Contract Tower,22,5,19,2,48,0,52,109,4,165,22,57,128,6,213,34,0,34,247
11/05/2016,BLI,WA,ANM,WE,Federal Contract Tower,17,5,5,4,31,0,7,1,0,8,17,12,6,4,39,0,0,0,39
11/06/2016,BLI,WA,ANM,WE,Federal Contract Tower,19,0,14,0,33,0,12,38,0,50,19,12,52,0,83,28,0,28,111
11/07/2016,BLI,WA,ANM,WE,Federal Contract Tower,24,7,11,0,42,0,21,40,0,61,24,28,51,0,103,26,0,26,129
11/08/2016,BLI,WA,ANM,WE,Federal Contract Tower,15,8,5,0,28,0,59,59,0,118,15,67,64,0,146,24,0,24,170
11/09/2016,BLI,WA,ANM,WE,Federal Contract Tower,21,19,16,4,60,0,25,43,0,68,21,44,59,4,128,26,0,26,154
11/10/2016,BLI,WA,ANM,WE,Federal Contract Tower,27,9,7,0,43,0,50,67,7,124,27,59,74,7,167,36,46,82,249
11/11/2016,BLI,WA,ANM,WE,Federal Contract Tower,24,5,17,0,46,0,30,68,0,98,24,35,85,0,144,72,0,72,216
11/12/2016,BLI,WA,ANM,WE,Federal Contract Tower,18,3,10,0,31,0,10,16,0,26,18,13,26,0,57,0,0,0,57
11/13/2016,BLI,WA,ANM,WE,Federal Contract Tower,20,0,2,0,22,0,13,4,0,17,20,13,6,0,39,2,0,2,41
11/14/2016,BLI,WA,ANM,WE,Federal Contract Tower,22,12,17,1,52,0,47,72,0,119,22,59,89,1,171,94,0,94,265
11/15/2016,BLI,WA,ANM,WE,Federal Contract Tower,13,7,2,4,26,0,19,32,3,54,13,26,34,7,80,32,12,44,124
11/16/2016,BLI,WA,ANM,WE,Federal Contract Tower,21,7,5,0,33,0,29,45,2,76,21,36,50,2,109,20,0,20,129
11/17/2016,BLI,WA,ANM,WE,Federal Contract Tower,20,7,12,1,40,0,41,88,7,136,20,48,100,8,176,86,28,114,290
11/18/2016,BLI,WA,ANM,WE,Federal Contract Tower,26,8,11,0,45,0,35,77,2,114,26,43,88,2,159,100,0,100,259
11/19/2016,BLI,WA,ANM,WE,Federal Contract Tower,16,3,9,0,28,0,23,61,3,87,16,26,70,3,115,128,0,128,243
11/20/2016,BLI,WA,ANM,WE,Federal Contract Tower,18,2,0,0,20,0,6,4,0,10,18,8,4,0,30,0,20,20,50
11/21/2016,BLI,WA,ANM,WE,Federal Contract Tower,26,14,12,0,52,0,34,58,7,99,26,48,70,7,151,64,28,92,243
11/22/2016,BLI,WA,ANM,WE,Federal Contract Tower,17,10,4,2,33,0,52,14,2,68,17,62,18,4,101,36,0,36,137
11/23/2016,BLI,WA,ANM,WE,Federal Contract Tower,23,8,18,0,49,0,55,64,0,119,23,63,82,0,168,76,0,76,244
11/24/2016,BLI,WA,ANM,WE,Federal Contract Tower,20,3,1,0,24,0,0,1,0,1,20,3,2,0,25,0,0,0,25
11/25/2016,BLI,WA,ANM,WE,Federal Contract Tower,23,17,8,0,48,0,50,74,2,126,23,67,82,2,174,78,0,78,252
11/26/2016,BLI,WA,ANM,WE,Federal Contract Tower,18,8,0,0,26,0,3,0,0,3,18,11,0,0,29,0,0,0,29
11/27/2016,BLI,WA,ANM,WE,Federal Contract Tower,20,1,28,0,49,0,16,9,0,25,20,17,37,0,74,4,0,4,78
11/28/2016,BLI,WA,ANM,WE,Federal Contract Tower,26,10,9,0,45,0,25,47,0,72,26,35,56,0,117,26,0,26,143
11/29/2016,BLI,WA,ANM,WE,Federal Contract Tower,15,7,15,0,37,0,37,51,0,88,15,44,66,0,125,72,4,76,201
11/30/2016,BLI,WA,ANM,WE,Federal Contract Tower,21,10,12,0,43,0,31,19,0,50,21,41,31,0,93,0,0,0,93
12/01/2016,BLI,WA,ANM,WE,Federal Contract Tower,16,8,22,0,46,0,31,48,0,79,16,39,70,0,125,78,0,78,203
12/02/2016,BLI,WA,ANM,WE,Federal Contract Tower,23,8,9,0,40,0,22,6,0,28,23,30,15,0,68,0,0,0,68
12/03/2016,BLI,WA,ANM,WE,Federal Contract Tower,14,6,4,0,24,0,10,12,0,22,14,16,16,0,46,0,0,0,46
12/04/2016,BLI,WA,ANM,WE,Federal Contract Tower,21,5,3,0,29,0,15,40,0,55,21,20,43,0,84,8,0,8,92
12/05/2016,BLI,WA,ANM,WE,Federal Contract Tower,26,6,2,0,34,0,22,2,0,24,26,28,4,0,58,0,0,0,58
12/06/2016,BLI,WA,ANM,WE,Federal Contract Tower,15,11,13,0,39,0,38,50,0,88,15,49,63,0,127,26,0,26,153
12/07/2016,BLI,WA,ANM,WE,Federal Contract Tower,20,10,19,4,53,0,57,76,6,139,20,67,95,10,192,0,48,48,240
12/08/2016,BLI,WA,ANM,WE,Federal Contract Tower,17,9,19,0,45,0,34,37,0,71,17,43,56,0,116,12,0,12,128
12/09/2016,BLI,WA,ANM,WE,Federal Contract Tower,19,9,4,0,32,0,9,1,0,10,19,18,5,0,42,6,0,6,48
12/10/2016,BLI,WA,ANM,WE,Federal Contract Tower,16,5,2,0,23,0,5,2,0,7,16,10,4,0,30,0,0,0,30
12/11/2016,BLI,WA,ANM,WE,Federal Contract Tower,18,1,8,0,27,0,4,15,0,19,18,5,23,0,46,6,0,6,52
12/12/2016,BLI,WA,ANM,WE,Federal Contract Tower,10,3,7,2,22,0,7,2,0,9,10,10,9,2,31,0,0,0,31
12/13/2016,BLI,WA,ANM,WE,Federal Contract Tower,23,10,10,0,43,0,46,53,0,99,23,56,63,0,142,64,0,64,206
12/14/2016,BLI,WA,ANM,WE,Federal Contract Tower,20,15,9,0,44,0,44,41,2,87,20,59,50,2,131,32,0,32,163
12/15/2016,BLI,WA,ANM,WE,Federal Contract Tower,19,10,13,0,42,0,50,36,0,86,19,60,49,0,128,20,0,20,148
12/16/2016,BLI,WA,ANM,WE,Federal Contract Tower,23,14,3,0,40,0,48,27,0,75,23,62,30,0,115,0,0,0,115
12/17/2016,BLI,WA,ANM,WE,Federal Contract Tower,13,2,4,0,19,0,28,48,0,76,13,30,52,0,95,62,0,62,157
12/18/2016,BLI,WA,ANM,WE,Federal Contract Tower,19,0,3,0,22,0,4,1,0,5,19,4,4,0,27,2,0,2,29
12/19/2016,BLI,WA,ANM,WE,Federal Contract Tower,25,11,7,0,43,0,16,20,0,36,25,27,27,0,79,28,0,28,107
12/20/2016,BLI,WA,ANM,WE,Federal Contract Tower,16,9,4,2,31,0,52,42,0,94,16,61,46,2,125,38,46,84,209
12/21/2016,BLI,WA,ANM,WE,Federal Contract Tower,23,18,10,5,56,0,52,132,3,187,23,70,142,8,243,80,68,148,391
12/22/2016,BLI,WA,ANM,WE,Federal Contract Tower,19,15,13,0,47,0,41,15,0,56,19,56,28,0,103,16,20,36,139
12/23/2016,BLI,WA,ANM,WE,Federal Contract Tower,17,12,0,0,29,0,0,0,0,0,17,12,0,0,29,0,0,0,29
12/24/2016,BLI,WA,ANM,WE,Federal Contract Tower,22,2,4,0,28,0,1,0,0,1,22,3,4,0,29,0,0,0,29
12/25/2016,BLI,WA,ANM,WE,Federal Contract Tower,17,1,3,0,21,0,0,23,0,23,17,1,26,0,44,0,0,0,44
12/26/2016,BLI,WA,ANM,WE,Federal Contract Tower,24,4,9,0,37,0,23,11,0,34,24,27,20,0,71,8,0,8,79
12/27/2016,BLI,WA,ANM,WE,Federal Contract Tower,27,6,12,0,45,0,38,26,0,64,27,44,38,0,109,12,38,50,159
12/28/2016,BLI,WA,ANM,WE,Federal Contract Tower,25,7,3,0,35,0,53,71,0,124,25,60,74,0,159,68,68,136,295
12/29/2016,BLI,WA,ANM,WE,Federal Contract Tower,21,9,6,0,36,0,35,3,0,38,21,44,9,0,74,0,0,0,74
12/30/2016,BLI,WA,ANM,WE,Federal Contract Tower,27,7,14,0,48,0,37,43,0,80,27,44,57,0,128,84,0,84,212
12/31/2016,BLI,WA,ANM,WE,Federal Contract Tower,21,3,0,0,24,0,6,6,0,12,21,9,6,0,36,8,0,8,44
01/01/2017,BLI,WA,ANM,WE,Federal Contract Tower,16,0,3,0,19,0,1,10,0,11,16,1,13,0,30,0,0,0,30
01/02/2017,BLI,WA,ANM,WE,Federal Contract Tower,26,2,8,0,36,0,20,11,0,31,26,22,19,0,67,0,0,0,67
01/03/2017,BLI,WA,ANM,WE,Federal Contract Tower,24,6,3,0,33,0,30,54,0,84,24,36,57,0,117,10,18,28,145
01/04/2017,BLI,WA,ANM,WE,Federal Contract Tower,22,9,6,0,37,0,37,53,0,90,22,46,59,0,127,46,40,86,213
01/05/2017,BLI,WA,ANM,WE,Federal Contract Tower,24,14,28,2,68,0,48,105,1,154,24,62,133,3,222,92,0,92,314
01/06/2017,BLI,WA,ANM,WE,Federal Contract Tower,25,13,17,0,55,0,41,60,0,101,25,54,77,0,156,40,0,40,196
01/07/2017,BLI,WA,ANM,WE,Federal Contract Tower,14,4,4,0,22,0,8,44,2,54,14,12,48,2,76,8,0,8,84
01/08/2017,BLI,WA,ANM,WE,Federal Contract Tower,18,0,7,2,27,0,5,7,0,12,18,5,14,2,39,6,14,20,59
01/09/2017,BLI,WA,ANM,WE,Federal Contract Tower,24,5,6,0,35,0,29,24,1,54,24,34,30,1,89,22,0,22,111
01/10/2017,BLI,WA,ANM,WE,Federal Contract Tower,15,5,10,2,32,0,25,11,0,36,15,30,21,2,68,0,0,0,68
01/11/2017,BLI,WA,ANM,WE,Federal Contract Tower,22,7,16,0,45,0,27,42,0,69,22,34,58,0,114,46,26,72,186
01/12/2017,BLI,WA,ANM,WE,Federal Contract Tower,20,6,17,0,43,0,26,79,0,105,20,32,96,0,148,74,0,74,222
01/13/2017,BLI,WA,ANM,WE,Federal Contract Tower,23,8,13,0,44,0,52,68,0,120,23,60,81,0,164,44,0,44,208
01/14/2017,BLI,WA,ANM,WE,Federal Contract Tower,17,3,8,0,28,0,6,60,0,66,17,9,68,0,94,14,0,14,108
01/15/2017,BLI,WA,ANM,WE,Federal Contract Tower,18,3,6,0,27,0,8,72,0,80,18,11,78,0,107,24,0,24,131
01/16/2017,BLI,WA,ANM,WE,Federal Contract Tower,26,6,5,0,37,0,29,28,0,57,26,35,33,0,94,18,0,18,112
01/17/2017,BLI,WA,ANM,WE,Federal Contract Tower,10,6,13,0,29,0,22,13,0,35,10,28,26,0,64,0,0,0,64
01/18/2017,BLI,WA,ANM,WE,Federal Contract Tower,21,6,2,0,29,0,25,32,0,57,21,31,34,0,86,4,36,40,126
01/19/2017,BLI,WA,ANM,WE,Federal Contract Tower,20,9,12,0,41,0,46,25,0,71,20,55,37,0,112,8,52,60,172
01/20/2017,BLI,WA,ANM,WE,Federal Contract Tower,25,5,4,2,36,0,58,72,0,130,25,63,76,2,166,72,20,92,258
01/21/2017,BLI,WA,ANM,WE,Federal Contract Tower,15,5,7,0,27,0,6,57,0,63,15,11,64,0,90,2,0,2,92
01/22/2017,BLI,WA,ANM,WE,Federal Contract Tower,19,4,5,0,28,0,5,27,1,33,19,9,32,1,61,16,22,38,99
01/23/2017,BLI,WA,ANM,WE,Federal Contract Tower,24,7,2,3,36,0,37,67,2,106,24,44,69,5,142,30,50,80,222
01/24/2017,BLI,WA,ANM,WE,Federal Contract Tower,16,1,12,0,29,0,47,43,0,90,16,48,55,0,119,14,0,14,133
01/25/2017,BLI,WA,ANM,WE,Federal Contract Tower,23,5,18,0,46,0,52,83,8,143,23,57,101,8,189,86,90,176,365
01/26/2017,BLI,WA,ANM,WE,Federal Contract Tower,17,5,24,0,46,0,41,91,0,132,17,46,115,0,178,106,48,154,332
01/27/2017,BLI,WA,ANM,WE,Federal Contract Tower,23,5,23,1,52,0,74,147,0,221,23,79,170,1,273,85,0,85,358
01/28/2017,BLI,WA,ANM,WE,Federal Contract Tower,17,2,9,0,28,0,34,97,2,133,17,36,106,2,161,72,0,72,233
01/29/2017,BLI,WA,ANM,WE,Federal Contract Tower,18,1,10,0,29,0,5,25,0,30,18,6,35,0,59,0,0,0,59
01/30/2017,BLI,WA,ANM,WE,Federal Contract Tower,22,8,13,4,47,0,29,48,0,77,22,37,61,4,124,14,0,14,138
01/31/2017,BLI,WA,ANM,WE,Federal Contract Tower,15,8,13,1,37,0,55,46,1,102,15,63,59,2,139,40,0,40,179
02/01/2017,BLI,WA,ANM,WE,Federal Contract Tower,24,8,6,0,38,0,57,69,0,126,24,65,75,0,164,62,76,138,302
02/02/2017,BLI,WA,ANM,WE,Federal Contract Tower,19,7,8,1,35,0,45,61,2,108,19,52,69,3,143,92,90,182,325
02/03/2017,BLI,WA,ANM,WE,Federal Contract Tower,22,8,6,0,36,0,34,15,0,49,22,42,21,0,85,0,0,0,85
02/04/2017,BLI,WA,ANM,WE,Federal Contract Tower,20,6,6,0,32,0,5,0,0,5,20,11,6,0,37,0,0,0,37
02/05/2017,BLI,WA,ANM,WE,Federal Contract Tower,17,0,0,0,17,0,0,0,0,0,17,0,0,0,17,0,0,0,17
02/06/2017,BLI,WA,ANM,WE,Federal Contract Tower,19,2,8,0,29,0,2,1,0,3,19,4,9,0,32,0,0,0,32
02/07/2017,BLI,WA,ANM,WE,Federal Contract Tower,15,4,3,0,22,0,12,25,0,37,15,16,28,0,59,8,36,44,103
02/08/2017,BLI,WA,ANM,WE,Federal Contract Tower,16,6,4,0,26,0,25,23,3,51,16,31,27,3,77,14,26,40,117
02/09/2017,BLI,WA,ANM,WE,Federal Contract Tower,15,6,2,0,23,0,2,6,1,9,15,8,8,1,32,8,0,8,40
02/10/2017,BLI,WA,ANM,WE,Federal Contract Tower,25,5,4,0,34,0,9,13,0,22,25,14,17,0,56,0,0,0,56
02/11/2017,BLI,WA,ANM,WE,Federal Contract Tower,18,4,30,0,52,0,15,56,2,73,18,19,86,2,125,64,0,64,189
02/12/2017,BLI,WA,ANM,WE,Federal Contract Tower,16,0,11,1,28,0,13,83,2,98,16,13,94,3,126,102,4,106,232
02/13/2017,BLI,WA,ANM,WE,Federal Contract Tower,23,15,18,0,56,0,59,147,0,206,23,74,165,0,262,68,0,68,330
02/14/2017,BLI,WA,ANM,WE,Federal Contract Tower,17,9,11,0,37,0,56,107,2,165,17,65,118,2,202,82,32,114,316
02/15/2017,BLI,WA,ANM,WE,Federal Contract Tower,19,10,16,0,45,0,22,16,0,38,19,32,32,0,83,0,0,0,83
02/16/2017,BLI,WA,ANM,WE,Federal Contract Tower,24,12,15,0,51,0,31,66,0,97,24,43,81,0,148,26,28,54,202
02/17/2017,BLI,WA,ANM,WE,Federal Contract Tower,27,6,15,1,49,0,28,87,2,117,27,34,102,3,166,44,4,48,214
02/18/2017,BLI,WA,ANM,WE,Federal Contract Tower,20,7,13,0,40,0,33,2,0,35,20,40,15,0,75,26,0,26,101
02/19/2017,BLI,WA,ANM,WE,Federal Contract Tower,18,1,9,0,28,0,10,15,0,25,18,11,24,0,53,38,0,38,91
02/20/2017,BLI,WA,ANM,WE,Federal Contract Tower,26,1,14,0,41,0,53,69,0,122,26,54,83,0,163,28,0,28,191
02/21/2017,BLI,WA,ANM,WE,Federal Contract Tower,18,8,11,0,37,0,48,27,0,75,18,56,38,0,112,36,0,36,148
02/22/2017,BLI,WA,ANM,WE,Federal Contract Tower,21,9,13,6,49,0,57,91,2,150,21,66,104,8,199,30,0,30,229
02/23/2017,BLI,WA,ANM,WE,Federal Contract Tower,21,13,13,0,47,0,65,82,0,147,21,78,95,0,194,142,0,142,336
02/24/2017,BLI,WA,ANM,WE,Federal Contract Tower,24,5,15,0,44,0,47,57,2,106,24,52,72,2,150,72,0,72,222
02/25/2017,BLI,WA,ANM,WE,Federal Contract Tower,16,5,17,0,38,0,19,92,3,114,16,24,109,3,152,110,0,110,262
02/26/2017,BLI,WA,ANM,WE,Federal Contract Tower,19,2,12,0,33,0,10,18,0,28,19,12,30,0,61,22,0,22,83
02/27/2017,BLI,WA,ANM,WE,Federal Contract Tower,6,4,4,0,14,0,12,5,0,17,6,16,9,0,31,0,0,0,31
02/28/2017,BLI,WA,ANM,WE,Federal Contract Tower,21,8,22,0,51,0,8,18,0,26,21,16,40,0,77,42,0,42,119
03/01/2017,BLI,WA,ANM,WE,Federal Contract Tower,20,10,17,2,49,0,51,57,0,108,20,61,74,2,157,40,0,40,197
03/02/2017,BLI,WA,ANM,WE,Federal Contract Tower,20,5,19,0,44,0,55,40,0,95,20,60,59,0,139,50,0,50,189
03/03/2017,BLI,WA,ANM,WE,Federal Contract Tower,26,8,3,0,37,0,41,8,0,49,26,49,11,0,86,6,0,6,92
03/04/2017,BLI,WA,ANM,WE,Federal Contract Tower,18,7,10,0,35,0,72,93,0,165,18,79,103,0,200,36,0,36,236
03/05/2017,BLI,WA,ANM,WE,Federal Contract Tower,17,2,7,0,26,0,8,14,0,22,17,10,21,0,48,10,0,10,58
03/06/2017,BLI,WA,ANM,WE,Federal Contract Tower,23,7,7,0,37,0,44,28,0,72,23,51,35,0,109,164,0,164,273
03/07/2017,BLI,WA,ANM,WE,Federal Contract Tower,18,8,5,0,31,0,24,5,0,29,18,32,10,0,60,0,0,0,60
03/08/2017,BLI,WA,ANM,WE,Federal Contract Tower,18,9,9,0,36,0,64,46,0,110,18,73,55,0,146,92,0,92,238
03/09/2017,BLI,WA,ANM,WE,Federal Contract Tower,22,16,13,2,53,0,51,11,0,62,22,67,24,2,115,22,0,22,137
03/10/2017,BLI,WA,ANM,WE,Federal Contract Tower,22,10,8,2,42,0,40,79,0,119,22,50,87,2,161,88,0,88,249
03/11/2017,BLI,WA,ANM,WE,Federal Contract Tower,27,7,11,0,45,0,24,40,0,64,27,31,51,0,109,68,0,68,177
03/12/2017,BLI,WA,ANM,WE,Federal Contract Tower,20,10,7,0,37,0,16,42,0,58,20,26,49,0,95,10,0,10,105
03/13/2017,BLI,WA,ANM,WE,Federal Contract Tower,24,15,14,4,57,0,41,41,0,82,24,56,55,4,139,110,0,110,249
03/14/2017,BLI,WA,ANM,WE,Federal Contract Tower,20,12,5,4,41,0,27,15,0,42,20,39,20,4,83,2,0,2,85
03/15/2017,BLI,WA,ANM,WE,Federal Contract Tower,18,10,9,2,39,0,19,12,2,33,18,29,21,4,72,20,0,20,92
03/16/2017,BLI,WA,ANM,WE,Federal Contract Tower,25,7,13,2,47,0,72,89,3,164,25,79,102,5,211,84,38,122,333
03/17/2017,BLI,WA,ANM,WE,Federal Contract Tower,26,14,11,0,51,0,68,54,0,122,26,82,65,0,173,88,0,88,261
03/18/2017,BLI,WA,ANM,WE,Federal Contract Tower,24,6,11,0,41,0,21,28,0,49,24,27,39,0,90,36,0,36,126
03/19/2017,BLI,WA,ANM,WE,Federal Contract Tower,18,2,20,0,40,0,13,117,20,150,18,15,137,20,190,106,0,106,296
03/20/2017,BLI,WA,ANM,WE,Federal Contract Tower,25,5,12,0,42,0,61,69,1,131,25,66,81,1,173,78,0,78,251
03/21/2017,BLI,WA,ANM,WE,Federal Contract Tower,21,9,30,0,60,0,40,55,0,95,21,49,85,0,155,64,0,64,219
03/22/2017,BLI,WA,ANM,WE,Federal Contract Tower,18,8,7,7,40,0,44,32,0,76,18,52,39,7,116,50,0,50,166
03/23/2017,BLI,WA,ANM,WE,Federal Contract Tower,22,13,28,0,63,0,69,61,0,130,22,82,89,0,193,44,0,44,237
03/24/2017,BLI,WA,ANM,WE,Federal Contract Tower,23,8,8,0,39,0,41,46,4,91,23,49,54,4,130,10,0,10,140
03/25/2017,BLI,WA,ANM,WE,Federal Contract Tower,22,5,20,0,47,0,15,55,0,70,22,20,75,0,117,42,0,42,159
03/26/2017,BLI,WA,ANM,WE,Federal Contract Tower,20,0,6,0,26,0,14,17,0,31,20,14,23,0,57,70,0,70,127
03/27/2017,BLI,WA,ANM,WE,Federal Contract Tower,23,12,14,0,49,0,39,45,0,84,23,51,59,0,133,70,0,70,203
03/28/2017,BLI,WA,ANM,WE,Federal Contract Tower,21,14,3,0,38,0,28,14,0,42,21,42,17,0,80,12,0,12,92
03/29/2017,BLI,WA,ANM,WE,Federal Contract Tower,18,16,17,0,51,0,17,20,0,37,18,33,37,0,88,2,0,2,90
03/30/2017,BLI,WA,ANM,WE,Federal Contract Tower,21,8,22,0,51,0,33,65,1,99,21,41,87,1,150,82,8,90,240
03/31/2017,BLI,WA,ANM,WE,Federal Contract Tower,27,7,33,0,67,0,65,141,0,206,27,72,174,0,273,60,0,60,333
04/01/2017,BLI,WA,ANM,WE,Federal Contract Tower,23,11,7,0,41,0,14,20,4,38,23,25,27,4,79,36,10,46,125
04/02/2017,BLI,WA,ANM,WE,Federal Contract Tower,18,2,10,0,30,0,6,52,0,58,18,8,62,0,88,50,0,50,138
04/03/2017,BLI,WA,ANM,WE,Federal Contract Tower,21,8,15,0,44,0,21,83,2,106,21,29,98,2,150,10,12,22,172
04/04/2017,BLI,WA,ANM,WE,Federal Contract Tower,19,8,13,0,40,0,43,87,0,130,19,51,100,0,170,52,0,52,222
04/05/2017,BLI,WA,ANM,WE,Federal Contract Tower,13,6,16,0,35,0,10,31,0,41,13,16,47,0,76,2,10,12,88
04/06/2017,BLI,WA,ANM,WE,Federal Contract Tower,18,10,14,6,48,0,12,31,0,43,18,22,45,6,91,4,8,12,103
04/07/2017,BLI,WA,ANM,WE,Federal Contract Tower,19,6,4,0,29,0,5,8,0,13,19,11,12,0,42,0,0,0,42
04/08/2017,BLI,WA,ANM,WE,Federal Contract Tower,15,3,14,0,32,0,3,22,0,25,15,6,36,0,57,26,0,26,83
04/09/2017,BLI,WA,ANM,WE,Federal Contract Tower,17,5,20,0,42,0,24,79,1,104,17,29,99,1,146,72,0,72,218
04/10/2017,BLI,WA,ANM,WE,Federal Contract Tower,23,6,13,2,44,0,29,41,2,72,23,35,54,4,116,8,0,8,124
04/11/2017,BLI,WA,ANM,WE,Federal Contract Tower,13,8,16,1,38,0,44,106,1,151,13,52,122,2,189,88,0,88,277
04/12/2017,BLI,WA,ANM,WE,Federal Contract Tower,12,8,15,0,35,0,31,48,0,79,12,39,63,0,114,16,4,20,134
04/13/2017,BLI,WA,ANM,WE,Federal Contract Tower,20,7,17,0,44,0,21,60,0,81,20,28,77,0,125,30,0,30,155
04/14/2017,BLI,WA,ANM,WE,Federal Contract Tower,19,7,9,0,35,0,28,37,0,65,19,35,46,0,100,18,0,18,118
04/15/2017,BLI,WA,ANM,WE,Federal Contract Tower,15,5,12,0,32,0,34,44,9,87,15,39,56,9,119,20,0,20,139
04/16/2017,BLI,WA,ANM,WE,Federal Contract Tower,17,0,11,0,28,0,18,49,2,69,17,18,60,2,97,34,0,34,131
04/17/2017,BLI,WA,ANM,WE,Federal Contract Tower,21,4,10,0,35,0,28,39,0,67,21,32,49,0,102,10,0,10,112
04/18/2017,BLI,WA,ANM,WE,Federal Contract Tower,13,8,14,0,35,0,23,29,0,52,13,31,43,0,87,24,0,24,111
04/19/2017,BLI,WA,ANM,WE,Federal Contract Tower,13,10,15,0,38,0,30,65,0,95,13,40,80,0,133,8,0,8,141
04/20/2017,BLI,WA,ANM,WE,Federal Contract Tower,19,11,24,0,54,0,23,46,0,69,19,34,70,0,123,30,0,30,153
04/21/2017,BLI,WA,ANM,WE,Federal Contract Tower,18,9,24,2,53,0,19,134,0,153,18,28,158,2,206,46,0,46,252
04/22/2017,BLI,WA,ANM,WE,Federal Contract Tower,17,3,6,0,26,0,17,25,0,42,17,20,31,0,68,2,0,2,70
04/23/2017,BLI,WA,ANM,WE,Federal Contract Tower,19,3,19,1,42,0,10,31,0,41,19,13,50,1,83,10,0,10,93
04/24/2017,BLI,WA,ANM,WE,Federal Contract Tower,21,7,20,0,48,0,22,65,2,89,21,29,85,2,137,0,0,0,137
04/25/2017,BLI,WA,ANM,WE,Federal Contract Tower,12,8,21,0,41,0,48,59,0,107,12,56,80,0,148,40,0,40,188
04/26/2017,BLI,WA,ANM,WE,Federal Contract Tower,11,9,11,1,32,0,35,59,0,94,11,44,70,1,126,12,0,12,138
04/27/2017,BLI,WA,ANM,WE,Federal Contract Tower,21,8,26,0,55,0,31,64,0,95,21,39,90,0,150,18,0,18,168
04/28/2017,BLI,WA,ANM,WE,Federal Contract Tower,19,4,29,0,52,0,21,76,0,97,19,25,105,0,149,32,0,32,181
04/29/2017,BLI,WA,ANM,WE,Federal Contract Tower,11,3,28,0,42,0,9,39,0,48,11,12,67,0,90,20,0,20,110
04/30/2017,BLI,WA,ANM,WE,Federal Contract Tower,17,3,12,4,36,0,15,78,0,93,17,18,90,4,129,46,0,46,175
05/01/2017,BLI,WA,ANM,WE,Federal Contract Tower,21,9,19,0,49,0,36,40,0,76,21,45,59,0,125,24,0,24,149
05/02/2017,BLI,WA,ANM,WE,Federal Contract Tower,14,7,21,2,44,0,26,71,2,99,14,33,92,4,143,0,18,18,161
05/03/2017,BLI,WA,ANM,WE,Federal Contract Tower,13,16,18,0,47,0,7,31,0,38,13,23,49,0,85,34,0,34,119
05/04/2017,BLI,WA,ANM,WE,Federal Contract Tower,17,8,14,1,40,0,33,23,4,60,17,41,37,5,100,28,8,36,136
05/05/2017,BLI,WA,ANM,WE,Federal Contract Tower,18,8,12,0,38,0,28,21,2,51,18,36,33,2,89,8,0,8,97
05/06/2017,BLI,WA,ANM,WE,Federal Contract Tower,11,3,6,1,21,0,10,31,0,41,11,13,37,1,62,16,0,16,78
05/07/2017,BLI,WA,ANM,WE,Federal Contract Tower,17,2,11,0,30,0,15,86,0,101,17,17,97,0,131,38,0,38,169
05/08/2017,BLI,WA,ANM,WE,Federal Contract Tower,22,8,29,1,60,0,17,74,1,92,22,25,103,2,152,56,8,64,216
05/09/2017,BLI,WA,ANM,WE,Federal Contract Tower,14,10,18,0,42,0,29,76,0,105,14,39,94,0,147,44,0,44,191
05/10/2017,BLI,WA,ANM,WE,Federal Contract Tower,11,11,25,0,47,0,29,66,0,95,11,40,91,0,142,12,0,12,154
05/11/2017,BLI,WA,ANM,WE,Federal Contract Tower,17,8,6,0,31,0,24,39,0,63,17,32,45,0,94,8,0,8,102
05/12/2017,BLI,WA,ANM,WE,Federal Contract Tower,18,17,9,0,44,0,47,76,0,123,18,64,85,0,167,24,2,26,193
05/13/2017,BLI,WA,ANM,WE,Federal Contract Tower,11,5,7,0,23,0,12,23,0,35,11,17,30,0,58,10,0,10,68
05/14/2017,BLI,WA,ANM,WE,Federal Contract Tower,17,8,19,0,44,0,13,44,2,59,17,21,63,2,103,10,0,10,113
05/15/2017,BLI,WA,ANM,WE,Federal Contract Tower,22,10,20,0,52,0,26,12,0,38,22,36,32,0,90,0,0,0,90
05/16/2017,BLI,WA,ANM,WE,Federal Contract Tower,13,12,19,2,46,0,24,39,0,63,13,36,58,2,109,24,0,24,133
05/17/2017,BLI,WA,ANM,WE,Federal Contract Tower,9,12,20,4,45,0,32,50,1,83,9,44,70,5,128,2,28,30,158
05/18/2017,BLI,WA,ANM,WE,Federal Contract Tower,18,8,22,0,48,0,44,78,0,122,18,52,100,0,170,28,0,28,198
05/19/2017,BLI,WA,ANM,WE,Federal Contract Tower,23,6,23,2,54,0,32,56,2,90,23,38,79,4,144,22,0,22,166
05/20/2017,BLI,WA,ANM,WE,Federal Contract Tower,11,16,20,0,47,0,41,65,0,106,11,57,85,0,153,0,0,0,153
05/21/2017,BLI,WA,ANM,WE,Federal Contract Tower,18,8,3,0,29,0,15,90,0,105,18,23,93,0,134,18,0,18,152
05/22/2017,BLI,WA,ANM,WE,Federal Contract Tower,24,8,12,4,48,0,29,76,3,108,24,37,88,7,156,26,0,26,182
05/23/2017,BLI,WA,ANM,WE,Federal Contract Tower,13,10,11,4,38,0,27,58,6,91,13,37,69,10,129,8,12,20,149
05/24/2017,BLI,WA,ANM,WE,Federal Contract Tower,14,4,18,0,36,0,20,48,0,68,14,24,66,0,104,24,0,24,128
05/25/2017,BLI,WA,ANM,WE,Federal Contract Tower,19,11,15,1,46,0,27,88,1,116,19,38,103,2,162,32,0,32,194
05/26/2017,BLI,WA,ANM,WE,Federal Contract Tower,18,7,18,0,43,0,28,86,0,114,18,35,104,0,157,22,20,42,199
05/27/2017,BLI,WA,ANM,WE,Federal Contract Tower,12,0,9,0,21,0,22,99,0,121,12,22,108,0,142,38,0,38,180
05/28/2017,BLI,WA,ANM,WE,Federal Contract Tower,13,1,7,1,22,0,12,81,0,93,13,13,88,1,115,50,0,50,165
05/29/2017,BLI,WA,ANM,WE,Federal Contract Tower,19,3,17,3,42,0,22,86,0,108,19,25,103,3,150,24,0,24,174
05/30/2017,BLI,WA,ANM,WE,Federal Contract Tower,15,12,15,0,42,0,18,21,0,39,15,30,36,0,81,4,0,4,85
05/31/2017,BLI,WA,ANM,WE,Federal Contract Tower,15,7,32,0,54,0,28,63,0,91,15,35,95,0,145,64,0,64,209
06/01/2017,BLI,WA,ANM,WE,Federal Contract Tower,19,24,26,2,71,0,11,17,0,28,19,35,43,2,99,0,20,20,119
06/02/2017,BLI,WA,ANM,WE,Federal Contract Tower,19,8,11,0,38,0,19,66,0,85,19,27,77,0,123,36,0,36,159
06/03/2017,BLI,WA,ANM,WE,Federal Contract Tower,12,5,17,0,34,0,7,62,0,69,12,12,79,0,103,28,0,28,131
06/04/2017,BLI,WA,ANM,WE,Federal Contract Tower,18,4,19,0,41,0,18,75,0,93,18,22,94,0,134,12,0,12,146
06/05/2017,BLI,WA,ANM,WE,Federal Contract Tower,20,7,16,0,43,0,27,105,0,132,20,34,121,0,175,24,0,24,199
06/06/2017,BLI,WA,ANM,WE,Federal Contract Tower,16,7,10,0,33,0,32,94,1,127,16,39,104,1,160,76,0,76,236
06/07/2017,BLI,WA,ANM,WE,Federal Contract Tower,18,6,22,2,48,0,29,129,1,159,18,35,151,3,207,62,0,62,269
06/08/2017,BLI,WA,ANM,WE,Federal Contract Tower,20,9,20,0,49,0,34,20,0,54,20,43,40,0,103,12,0,12,115
06/09/2017,BLI,WA,ANM,WE,Federal Contract Tower,18,6,22,0,46,0,57,74,0,131,18,63,96,0,177,18,0,18,195
06/10/2017,BLI,WA,ANM,WE,Federal Contract Tower,20,5,13,0,38,0,11,60,0,71,20,16,73,0,109,56,0,56,165
06/11/2017,BLI,WA,ANM,WE,Federal Contract Tower,17,2,20,0,39,0,26,97,2,125,17,28,117,2,164,92,0,92,256
06/12/2017,BLI,WA,ANM,WE,Federal Contract Tower,23,6,23,4,56,0,44,56,0,100,23,50,79,4,156,32,0,32,188
06/13/2017,BLI,WA,ANM,WE,Federal Contract Tower,17,8,27,0,52,0,42,81,0,123,17,50,108,0,175,64,6,70,245
06/14/2017,BLI,WA,ANM,WE,Federal Contract Tower,17,5,24,0,46,0,41,82,1,124,17,46,106,1,170,60,0,60,230
06/15/2017,BLI,WA,ANM,WE,Federal Contract Tower,20,7,14,0,41,0,39,2,0,41,20,46,16,0,82,0,0,0,82
06/16/2017,BLI,WA,ANM,WE,Federal Contract Tower,22,8,18,4,52,0,60,92,0,152,22,68,110,4,204,86,0,86,290
06/17/2017,BLI,WA,ANM,WE,Federal Contract Tower,16,7,17,1,41,0,19,88,2,109,16,26,105,3,150,32,0,32,182
06/18/2017,BLI,WA,ANM,WE,Federal Contract Tower,16,4,23,0,43,0,3,13,0,16,16,7,36,0,59,0,0,0,59
06/19/2017,BLI,WA,ANM,WE,Federal Contract Tower,25,6,28,0,59,0,37,63,0,100,25,43,91,0,159,22,4,26,185
06/20/2017,BLI,WA,ANM,WE,Federal Contract Tower,15,10,24,0,49,0,58,77,0,135,15,68,101,0,184,18,0,18,202
06/21/2017,BLI,WA,ANM,WE,Federal Contract Tower,17,10,16,0,43,0,71,142,0,213,17,81,158,0,256,64,0,64,320
06/22/2017,BLI,WA,ANM,WE,Federal Contract Tower,21,13,32,0,66,0,73,163,0,236,21,86,195,0,302,126,0,126,428
06/23/2017,BLI,WA,ANM,WE,Federal Contract Tower,20,8,7,4,39,0,61,128,1,190,20,69,135,5,229,96,0,96,325
06/24/2017,BLI,WA,ANM,WE,Federal Contract Tower,15,7,16,6,44,0,20,124,2,146,15,27,140,8,190,30,0,30,220
06/25/2017,BLI,WA,ANM,WE,Federal Contract Tower,17,2,17,0,36,0,24,101,0,125,17,26,118,0,161,8,4,12,173
06/26/2017,BLI,WA,ANM,WE,Federal Contract Tower,23,11,22,0,56,0,57,87,0,144,23,68,109,0,200,36,0,36,236
06/27/2017,BLI,WA,ANM,WE,Federal Contract Tower,15,7,19,0,41,0,59,103,0,162,15,66,122,0,203,130,0,130,333
06/28/2017,BLI,WA,ANM,WE,Federal Contract Tower,14,7,26,0,47,0,25,78,0,103,14,32,104,0,150,66,0,66,216
06/29/2017,BLI,WA,ANM,WE,Federal Contract Tower,19,7,22,0,48,0,88,103,0,191,19,95,125,0,239,92,6,98,337
06/30/2017,BLI,WA,ANM,WE,Federal Contract Tower,20,4,25,0,49,0,97,171,0,268,20,101,196,0,317,56,0,56,373
07/01/2017,BLI,WA,ANM,WE,Federal Contract Tower,18,4,18,0,40,0,31,58,0,89,18,35,76,0,129,18,0,18,147
07/02/2017,BLI,WA,ANM,WE,Federal Contract Tower,17,5,17,0,39,0,53,93,0,146,17,58,110,0,185,18,0,18,203
07/03/2017,BLI,WA,ANM,WE,Federal Contract Tower,23,5,28,0,56,0,51,130,0,181,23,56,158,0,237,80,0,80,317
07/04/2017,BLI,WA,ANM,WE,Federal Contract Tower,14,1,2,0,17,0,53,90,3,146,14,54,92,3,163,68,32,100,263
07/05/2017,BLI,WA,ANM,WE,Federal Contract Tower,18,6,23,8,55,0,78,115,0,193,18,84,138,8,248,104,12,116,364
07/06/2017,BLI,WA,ANM,WE,Federal Contract Tower,24,7,20,2,53,0,66,163,0,229,24,73,183,2,282,24,22,46,328
07/07/2017,BLI,WA,ANM,WE,Federal Contract Tower,21,7,15,0,43,0,69,107,0,176,21,76,122,0,219,4,0,4,223
07/08/2017,BLI,WA,ANM,WE,Federal Contract Tower,18,5,8,0,31,0,20,128,0,148,18,25,136,0,179,52,2,54,233
07/09/2017,BLI,WA,ANM,WE,Federal Contract Tower,21,9,12,0,42,0,34,105,1,140,21,43,117,1,182,56,0,56,238
07/10/2017,BLI,WA,ANM,WE,Federal Contract Tower,21,7,38,1,67,0,33,92,7,132,21,40,130,8,199,28,0,28,227
07/11/2017,BLI,WA,ANM,WE,Federal Contract Tower,13,8,15,1,37,0,29,100,0,129,13,37,115,1,166,58,0,58,224
07/12/2017,BLI,WA,ANM,WE,Federal Contract Tower,15,11,23,3,52,0,27,118,0,145,15,38,141,3,197,60,4,64,261
07/13/2017,BLI,WA,ANM,WE,Federal Contract Tower,19,7,40,4,70,0,41,80,2,123,19,48,120,6,193,22,2,24,217
07/14/2017,BLI,WA,ANM,WE,Federal Contract Tower,19,8,17,0,44,0,31,105,0,136,19,39,122,0,180,52,0,52,232
07/15/2017,BLI,WA,ANM,WE,Federal Contract Tower,19,6,17,0,42,0,21,93,2,116,19,27,110,2,158,30,0,30,188
07/16/2017,BLI,WA,ANM,WE,Federal Contract Tower,18,0,23,0,41,0,38,108,0,146,18,38,131,0,187,82,0,82,269
07/17/2017,BLI,WA,ANM,WE,Federal Contract Tower,21,5,19,0,45,0,68,127,2,197,21,73,146,2,242,126,0,126,368
07/18/2017,BLI,WA,ANM,WE,Federal Contract Tower,17,3,24,2,46,0,61,121,0,182,17,64,145,2,228,74,0,74,302
07/19/2017,BLI,WA,ANM,WE,Federal Contract Tower,16,13,33,0,62,0,77,133,4,214,16,90,166,4,276,102,0,102,378
07/20/2017,BLI,WA,ANM,WE,Federal Contract Tower,21,12,32,0,65,0,75,104,1,180,21,87,136,1,245,20,0,20,265
07/21/2017,BLI,WA,ANM,WE,Federal Contract Tower,19,6,20,0,45,0,77,140,0,217,19,83,160,0,262,66,0,66,328
07/22/2017,BLI,WA,ANM,WE,Federal Contract Tower,15,9,23,0,47,0,18,103,0,121,15,27,126,0,168,18,0,18,186
07/23/2017,BLI,WA,ANM,WE,Federal Contract Tower,17,5,15,0,37,0,28,85,0,113,17,33,100,0,150,42,0,42,192
07/24/2017,BLI,WA,ANM,WE,Federal Contract Tower,24,10,32,2,68,0,73,116,4,193,24,83,148,6,261,96,6,102,363
07/25/2017,BLI,WA,ANM,WE,Federal Contract Tower,17,7,29,0,53,0,73,132,3,208,17,80,161,3,261,74,0,74,335
07/26/2017,BLI,WA,ANM,WE,Federal Contract Tower,16,11,15,0,42,0,71,135,2,208,16,82,150,2,250,34,0,34,284
07/28/2017,BLI,WA,ANM,WE,Federal Contract Tower,18,6,24,0,48,0,76,135,0,211,18,82,159,0,259,68,0,68,327
07/29/2017,BLI,WA,ANM,WE,Federal Contract Tower,15,5,24,0,44,0,33,107,0,140,15,38,131,0,184,30,0,30,214
07/30/2017,BLI,WA,ANM,WE,Federal Contract Tower,20,3,21,0,44,0,63,98,0,161,20,66,119,0,205,12,0,12,217
07/31/2017,BLI,WA,ANM,WE,Federal Contract Tower,21,11,21,0,53,0,77,163,2,242,21,88,184,2,295,76,0,76,371
08/01/2017,BLI,WA,ANM,WE,Federal Contract Tower,15,6,23,0,44,0,70,138,1,209,15,76,161,1,253,74,0,74,327
08/02/2017,BLI,WA,ANM,WE,Federal Contract Tower,17,9,39,4,69,0,61,73,0,134,17,70,112,4,203,12,0,12,215
08/03/2017,BLI,WA,ANM,WE,Federal Contract Tower,19,12,24,0,55,0,66,100,0,166,19,78,124,0,221,0,0,0,221
08/04/2017,BLI,WA,ANM,WE,Federal Contract Tower,23,11,29,1,64,0,53,102,0,155,23,64,131,1,219,0,0,0,219
08/05/2017,BLI,WA,ANM,WE,Federal Contract Tower,10,13,41,3,67,0,26,43,0,69,10,39,84,3,136,0,0,0,136
08/06/2017,BLI,WA,ANM,WE,Federal Contract Tower,16,8,26,0,50,0,38,36,0,74,16,46,62,0,124,0,0,0,124
08/07/2017,BLI,WA,ANM,WE,Federal Contract Tower,25,7,36,0,68,0,52,102,1,155,25,59,138,1,223,0,0,0,223
08/08/2017,BLI,WA,ANM,WE,Federal Contract Tower,12,12,30,0,54,0,68,91,2,161,12,80,121,2,215,0,0,0,215
08/09/2017,BLI,WA,ANM,WE,Federal Contract Tower,15,7,30,1,53,0,62,89,1,152,15,69,119,2,205,0,0,0,205
08/10/2017,BLI,WA,ANM,WE,Federal Contract Tower,16,11,18,0,45,0,50,79,0,129,16,61,97,0,174,0,0,0,174
08/11/2017,BLI,WA,ANM,WE,Federal Contract Tower,16,11,29,0,56,0,53,108,0,161,16,64,137,0,217,68,0,68,285
08/12/2017,BLI,WA,ANM,WE,Federal Contract Tower,10,14,21,0,45,0,20,46,0,66,10,34,67,0,111,10,0,10,121
08/13/2017,BLI,WA,ANM,WE,Federal Contract Tower,19,12,29,0,60,0,60,92,0,152,19,72,121,0,212,12,0,12,224
08/14/2017,BLI,WA,ANM,WE,Federal Contract Tower,17,9,36,0,62,0,69,114,0,183,17,78,150,0,245,65,0,65,310
08/15/2017,BLI,WA,ANM,WE,Federal Contract Tower,12,13,28,0,53,0,74,142,2,218,12,87,170,2,271,84,0,84,355
08/16/2017,BLI,WA,ANM,WE,Federal Contract Tower,13,9,40,2,64,0,79,163,0,242,13,88,203,2,306,70,18,88,394
08/17/2017,BLI,WA,ANM,WE,Federal Contract Tower,16,17,29,0,62,0,65,113,3,181,16,82,142,3,243,100,2,102,345
08/18/2017,BLI,WA,ANM,WE,Federal Contract Tower,18,9,20,0,47,0,56,79,0,135,18,65,99,0,182,10,0,10,192
08/19/2017,BLI,WA,ANM,WE,Federal Contract Tower,10,5,24,0,39,0,34,82,0,116,10,39,106,0,155,58,0,58,213
08/20/2017,BLI,WA,ANM,WE,Federal Contract Tower,18,2,16,0,36,0,37,99,0,136,18,39,115,0,172,46,0,46,218
08/21/2017,BLI,WA,ANM,WE,Federal Contract Tower,20,7,23,0,50,0,68,121,0,189,20,75,144,0,239,58,0,58,297
08/22/2017,BLI,WA,ANM,WE,Federal Contract Tower,12,10,26,0,48,0,56,116,0,172,12,66,142,0,220,58,0,58,278
08/23/2017,BLI,WA,ANM,WE,Federal Contract Tower,12,5,26,4,47,0,30,95,0,125,12,35,121,4,172,2,0,2,174
08/24/2017,BLI,WA,ANM,WE,Federal Contract Tower,16,14,23,0,53,0,74,121,0,195,16,88,144,0,248,16,0,16,264
08/25/2017,BLI,WA,ANM,WE,Federal Contract Tower,20,15,23,0,58,0,67,141,2,210,20,82,164,2,268,64,0,64,332
08/26/2017,BLI,WA,ANM,WE,Federal Contract Tower,11,6,19,1,37,0,37,91,2,130,11,43,110,3,167,6,2,8,175
08/27/2017,BLI,WA,ANM,WE,Federal Contract Tower,17,1,33,0,51,0,40,113,2,155,17,41,146,2,206,38,0,38,244
08/28/2017,BLI,WA,ANM,WE,Federal Contract Tower,23,12,17,2,54,0,69,141,2,212,23,81,158,4,266,74,0,74,340
08/29/2017,BLI,WA,ANM,WE,Federal Contract Tower,10,11,9,0,30,0,37,94,0,131,10,48,103,0,161,22,0,22,183
08/30/2017,BLI,WA,ANM,WE,Federal Contract Tower,14,8,22,0,44,0,80,111,0,191,14,88,133,0,235,18,0,18,253
08/31/2017,BLI,WA,ANM,WE,Federal Contract Tower,17,8,28,0,53,0,70,111,1,182,17,78,139,1,235,96,0,96,331
09/01/2017,BLI,WA,ANM,WE,Federal Contract Tower,23,13,26,0,62,0,64,137,1,202,23,77,163,1,264,56,0,56,320
09/02/2017,BLI,WA,ANM,WE,Federal Contract Tower,9,5,11,0,25,0,30,106,0,136,9,35,117,0,161,30,0,30,191
09/03/2017,BLI,WA,ANM,WE,Federal Contract Tower,14,1,13,0,28,0,10,97,0,107,14,11,110,0,135,34,0,34,169
09/04/2017,BLI,WA,ANM,WE,Federal Contract Tower,21,2,14,0,37,0,56,92,0,148,21,58,106,0,185,60,0,60,245
09/05/2017,BLI,WA,ANM,WE,Federal Contract Tower,14,9,22,0,45,0,64,56,0,120,14,73,78,0,165,8,0,8,173
09/06/2017,BLI,WA,ANM,WE,Federal Contract Tower,13,9,27,0,49,0,58,61,2,121,13,67,88,2,170,8,0,8,178
09/07/2017,BLI,WA,ANM,WE,Federal Contract Tower,20,6,22,1,49,0,51,56,0,107,20,57,78,1,156,2,0,2,158
09/08/2017,BLI,WA,ANM,WE,Federal Contract Tower,21,9,13,0,43,0,32,30,0,62,21,41,43,0,105,0,0,0,105
09/09/2017,BLI,WA,ANM,WE,Federal Contract Tower,12,9,10,2,33,0,20,26,5,51,12,29,36,7,84,14,0,14,98
09/10/2017,BLI,WA,ANM,WE,Federal Contract Tower,16,4,20,0,40,0,0,0,0,0,16,4,20,0,40,18,0,18,58
09/11/2017,BLI,WA,ANM,WE,Federal Contract Tower,22,7,12,0,41,0,66,102,0,168,22,73,114,0,209,146,14,160,369
09/12/2017,BLI,WA,ANM,WE,Federal Contract Tower,9,15,12,0,36,0,12,71,0,83,9,27,83,0,119,64,0,64,183
09/13/2017,BLI,WA,ANM,WE,Federal Contract Tower,12,12,14,0,38,0,59,114,0,173,12,71,128,0,211,34,0,34,245
09/14/2017,BLI,WA,ANM,WE,Federal Contract Tower,18,8,17,1,44,0,41,96,0,137,18,49,113,1,181,10,0,10,191
09/15/2017,BLI,WA,ANM,WE,Federal Contract Tower,23,7,12,0,42,0,64,119,4,187,23,71,131,4,229,46,0,46,275
09/16/2017,BLI,WA,ANM,WE,Federal Contract Tower,11,3,16,0,30,0,17,122,1,140,11,20,138,1,170,28,0,28,198
09/17/2017,BLI,WA,ANM,WE,Federal Contract Tower,15,6,18,0,39,0,15,25,0,40,15,21,43,0,79,0,0,0,79
09/18/2017,BLI,WA,ANM,WE,Federal Contract Tower,22,8,9,0,39,0,60,74,0,134,22,68,83,0,173,22,0,22,195
09/19/2017,BLI,WA,ANM,WE,Federal Contract Tower,11,7,12,0,30,0,49,64,0,113,11,56,76,0,143,18,0,18,161
09/20/2017,BLI,WA,ANM,WE,Federal Contract Tower,14,8,10,1,33,0,29,45,0,74,14,37,55,1,107,2,14,16,123
09/21/2017,BLI,WA,ANM,WE,Federal Contract Tower,17,10,17,0,44,0,62,134,0,196,17,72,151,0,240,58,0,58,298
09/22/2017,BLI,WA,ANM,WE,Federal Contract Tower,27,8,28,0,63,0,76,140,0,216,27,84,168,0,279,18,0,18,297
09/23/2017,BLI,WA,ANM,WE,Federal Contract Tower,12,0,5,0,17,0,22,93,1,116,12,22,98,1,133,46,0,46,179
09/24/2017,BLI,WA,ANM,WE,Federal Contract Tower,16,2,24,0,42,0,51,127,0,178,16,53,151,0,220,42,0,42,262
09/25/2017,BLI,WA,ANM,WE,Federal Contract Tower,22,5,13,0,40,0,57,93,0,150,22,62,106,0,190,14,0,14,204
09/26/2017,BLI,WA,ANM,WE,Federal Contract Tower,14,5,24,0,43,0,56,110,0,166,14,61,134,0,209,16,0,16,225
09/27/2017,BLI,WA,ANM,WE,Federal Contract Tower,12,11,15,0,38,0,66,150,2,218,12,77,165,2,256,56,46,102,358
09/28/2017,BLI,WA,ANM,WE,Federal Contract Tower,19,6,14,4,43,0,69,185,1,255,19,75,199,5,298,72,0,72,370
09/29/2017,BLI,WA,ANM,WE,Federal Contract Tower,21,11,13,1,46,0,32,51,0,83,21,43,64,1,129,40,0,40,169
09/30/2017,BLI,WA,ANM,WE,Federal Contract Tower,15,6,10,1,32,0,16,28,0,44,15,22,38,1,76,0,0,0,76
10/01/2017,BLI,WA,ANM,WE,Federal Contract Tower,19,7,17,0,43,0,22,36,0,58,19,29,53,0,101,22,0,22,123
10/02/2017,BLI,WA,ANM,WE,Federal Contract Tower,23,6,20,3,52,0,54,77,0,131,23,60,97,3,183,50,0,50,233
10/03/2017,BLI,WA,ANM,WE,Federal Contract Tower,10,7,22,0,39,0,80,154,0,234,10,87,176,0,273,82,0,82,355
10/04/2017,BLI,WA,ANM,WE,Federal Contract Tower,16,12,21,1,50,0,67,121,1,189,16,79,142,2,239,68,6,74,313
10/05/2017,BLI,WA,ANM,WE,Federal Contract Tower,21,8,5,0,34,0,76,85,0,161,21,84,90,0,195,56,0,56,251
10/06/2017,BLI,WA,ANM,WE,Federal Contract Tower,23,10,20,0,53,0,65,81,0,146,23,75,101,0,199,20,0,20,219
10/07/2017,BLI,WA,ANM,WE,Federal Contract Tower,15,5,13,0,33,0,19,31,0,50,15,24,44,0,83,30,0,30,113
10/08/2017,BLI,WA,ANM,WE,Federal Contract Tower,15,3,9,0,27,0,27,86,1,114,15,30,95,1,141,36,16,52,193
10/09/2017,BLI,WA,ANM,WE,Federal Contract Tower,22,14,11,0,47,0,63,122,1,186,22,77,133,1,233,56,0,56,289
10/10/2017,BLI,WA,ANM,WE,Federal Contract Tower,17,14,14,2,47,0,66,44,1,111,17,80,58,3,158,20,0,20,178
10/11/2017,BLI,WA,ANM,WE,Federal Contract Tower,15,11,22,0,48,0,53,74,0,127,15,64,96,0,175,66,0,66,241
10/12/2017,BLI,WA,ANM,WE,Federal Contract Tower,17,12,10,0,39,0,46,51,0,97,17,58,61,0,136,6,0,6,142
10/13/2017,BLI,WA,ANM,WE,Federal Contract Tower,25,5,25,0,55,0,42,72,0,114,25,47,97,0,169,26,0,26,195
10/14/2017,BLI,WA,ANM,WE,Federal Contract Tower,15,5,11,4,35,0,8,78,0,86,15,13,89,4,121,20,0,20,141
10/15/2017,BLI,WA,ANM,WE,Federal Contract Tower,17,0,16,0,33,0,42,140,0,182,17,42,156,0,215,66,0,66,281
10/16/2017,BLI,WA,ANM,WE,Federal Contract Tower,26,7,18,0,51,0,60,49,0,109,26,67,67,0,160,0,0,0,160
10/17/2017,BLI,WA,ANM,WE,Federal Contract Tower,15,10,9,1,35,0,44,38,0,82,15,54,47,1,117,16,0,16,133
10/18/2017,BLI,WA,ANM,WE,Federal Contract Tower,15,3,8,1,27,0,22,8,0,30,15,25,16,1,57,0,0,0,57
10/19/2017,BLI,WA,ANM,WE,Federal Contract Tower,16,11,9,0,36,0,44,15,0,59,16,55,24,0,95,0,0,0,95
10/20/2017,BLI,WA,ANM,WE,Federal Contract Tower,24,6,8,0,38,0,55,51,0,106,24,61,59,0,144,0,0,0,144
10/21/2017,BLI,WA,ANM,WE,Federal Contract Tower,16,6,3,0,25,0,6,4,0,10,16,12,7,0,35,0,0,0,35
10/22/2017,BLI,WA,ANM,WE,Federal Contract Tower,20,2,9,0,31,0,20,41,0,61,20,22,50,0,92,20,0,20,112
10/23/2017,BLI,WA,ANM,WE,Federal Contract Tower,24,6,30,0,60,0,26,77,0,103,24,32,107,0,163,18,0,18,181
10/24/2017,BLI,WA,ANM,WE,Federal Contract Tower,12,10,26,2,50,0,66,152,4,222,12,76,178,6,272,64,0,64,336
10/25/2017,BLI,WA,ANM,WE,Federal Contract Tower,18,13,16,0,47,0,27,34,0,61,18,40,50,0,108,0,0,0,108
10/26/2017,BLI,WA,ANM,WE,Federal Contract Tower,16,6,20,2,44,0,35,89,0,124,16,41,109,2,168,10,0,10,178
10/27/2017,BLI,WA,ANM,WE,Federal Contract Tower,25,8,24,0,57,0,59,162,0,221,25,67,186,0,278,88,0,88,366
10/28/2017,BLI,WA,ANM,WE,Federal Contract Tower,14,4,6,1,25,0,20,114,0,134,14,24,120,1,159,60,0,60,219
10/29/2017,BLI,WA,ANM,WE,Federal Contract Tower,15,1,8,0,24,0,16,46,0,62,15,17,54,0,86,0,0,0,86
10/30/2017,BLI,WA,ANM,WE,Federal Contract Tower,24,10,17,0,51,0,84,122,0,206,24,94,139,0,257,38,0,38,295
10/31/2017,BLI,WA,ANM,WE,Federal Contract Tower,11,9,17,0,37,0,63,131,2,196,11,72,148,2,233,84,0,84,317
11/01/2017,BLI,WA,ANM,WE,Federal Contract Tower,17,12,19,0,48,0,59,98,0,157,17,71,117,0,205,0,0,0,205
11/02/2017,BLI,WA,ANM,WE,Federal Contract Tower,19,16,21,0,56,0,41,36,0,77,19,57,57,0,133,6,0,6,139
11/03/2017,BLI,WA,ANM,WE,Federal Contract Tower,16,7,13,2,38,0,15,14,0,29,16,22,27,2,67,0,0,0,67
11/04/2017,BLI,WA,ANM,WE,Federal Contract Tower,11,4,4,0,19,0,12,16,0,28,11,16,20,0,47,0,0,0,47
11/05/2017,BLI,WA,ANM,WE,Federal Contract Tower,13,2,7,0,22,0,8,8,0,16,13,10,15,0,38,0,0,0,38
11/06/2017,BLI,WA,ANM,WE,Federal Contract Tower,30,9,15,0,54,0,69,142,1,212,30,78,157,1,266,16,24,40,306
11/07/2017,BLI,WA,ANM,WE,Federal Contract Tower,10,10,19,1,40,0,28,78,0,106,10,38,97,1,146,16,0,16,162
11/08/2017,BLI,WA,ANM,WE,Federal Contract Tower,15,6,11,0,32,0,29,68,0,97,15,35,79,0,129,40,0,40,169
11/09/2017,BLI,WA,ANM,WE,Federal Contract Tower,16,13,8,2,39,0,67,75,0,142,16,80,83,2,181,38,0,38,219
11/10/2017,BLI,WA,ANM,WE,Federal Contract Tower,25,9,12,1,47,0,54,92,4,150,25,63,104,5,197,48,0,48,245
11/11/2017,BLI,WA,ANM,WE,Federal Contract Tower,12,4,4,0,20,0,5,34,0,39,12,9,38,0,59,6,0,6,65
11/12/2017,BLI,WA,ANM,WE,Federal Contract Tower,19,3,4,0,26,0,29,15,0,44,19,32,19,0,70,0,0,0,70
11/13/2017,BLI,WA,ANM,WE,Federal Contract Tower,23,5,12,0,40,0,26,29,0,55,23,31,41,0,95,4,0,4,99
11/14/2017,BLI,WA,ANM,WE,Federal Contract Tower,10,10,6,0,26,0,39,19,2,60,10,49,25,2,86,0,0,0,86
11/15/2017,BLI,WA,ANM,WE,Federal Contract Tower,15,9,21,0,45,0,56,96,2,154,15,65,117,2,199,52,18,70,269
11/16/2017,BLI,WA,ANM,WE,Federal Contract Tower,19,10,20,0,49,0,67,68,0,135,19,77,88,0,184,48,0,48,232
11/17/2017,BLI,WA,ANM,WE,Federal Contract Tower,23,16,24,1,64,0,72,94,0,166,23,88,118,1,230,30,0,30,260
11/18/2017,BLI,WA,ANM,WE,Federal Contract Tower,10,3,11,1,25,0,12,54,2,68,10,15,65,3,93,20,0,20,113
11/19/2017,BLI,WA,ANM,WE,Federal Contract Tower,19,2,0,0,21,0,7,6,0,13,19,9,6,0,34,0,0,0,34
11/20/2017,BLI,WA,ANM,WE,Federal Contract Tower,22,10,8,2,42,0,31,27,0,58,22,41,35,2,100,0,0,0,100
11/21/2017,BLI,WA,ANM,WE,Federal Contract Tower,18,8,13,4,43,0,42,19,0,61,18,50,32,4,104,0,0,0,104
11/22/2017,BLI,WA,ANM,WE,Federal Contract Tower,18,13,13,0,44,0,41,55,0,96,18,54,68,0,140,0,0,0,140
11/23/2017,BLI,WA,ANM,WE,Federal Contract Tower,18,2,3,0,23,0,8,53,0,61,18,10,56,0,84,0,0,0,84
11/24/2017,BLI,WA,ANM,WE,Federal Contract Tower,21,6,16,0,43,0,26,29,0,55,21,32,45,0,98,34,0,34,132
11/25/2017,BLI,WA,ANM,WE,Federal Contract Tower,14,6,6,0,26,0,11,25,0,36,14,17,31,0,62,8,0,8,70
11/26/2017,BLI,WA,ANM,WE,Federal Contract Tower,20,0,14,0,34,0,19,8,0,27,20,19,22,0,61,10,0,10,71
11/27/2017,BLI,WA,ANM,WE,Federal Contract Tower,20,9,13,4,46,0,46,89,2,137,20,55,102,6,183,40,0,40,223
11/28/2017,BLI,WA,ANM,WE,Federal Contract Tower,11,9,20,0,40,0,49,39,0,88,11,58,59,0,128,8,28,36,164
11/29/2017,BLI,WA,ANM,WE,Federal Contract Tower,15,15,18,0,48,0,69,139,0,208,15,84,157,0,256,34,0,34,290
11/30/2017,BLI,WA,ANM,WE,Federal Contract Tower,18,9,17,2,46,0,49,28,0,77,18,58,45,2,123,0,0,0,123
12/01/2017,BLI,WA,ANM,WE,Federal Contract Tower,22,8,9,0,39,0,67,42,0,109,22,75,51,0,148,0,0,0,148
12/02/2017,BLI,WA,ANM,WE,Federal Contract Tower,10,8,8,0,26,0,5,16,0,21,10,13,24,0,47,2,0,2,49
12/03/2017,BLI,WA,ANM,WE,Federal Contract Tower,17,0,5,1,23,0,5,41,0,46,17,5,46,1,69,36,0,36,105
12/04/2017,BLI,WA,ANM,WE,Federal Contract Tower,25,10,28,0,63,0,58,102,1,161,25,68,130,1,224,54,0,54,278
12/05/2017,BLI,WA,ANM,WE,Federal Contract Tower,12,8,18,1,39,0,72,154,0,226,12,80,172,1,265,76,0,76,341
12/06/2017,BLI,WA,ANM,WE,Federal Contract Tower,13,7,9,0,29,0,52,169,7,228,13,59,178,7,257,60,0,60,317
12/07/2017,BLI,WA,ANM,WE,Federal Contract Tower,22,6,9,1,38,0,82,146,0,228,22,88,155,1,266,56,0,56,322
12/08/2017,BLI,WA,ANM,WE,Federal Contract Tower,21,8,11,0,40,0,84,156,0,240,21,92,167,0,280,92,0,92,372
12/09/2017,BLI,WA,ANM,WE,Federal Contract Tower,10,4,8,0,22,0,5,82,3,90,10,9,90,3,112,40,0,40,152
12/10/2017,BLI,WA,ANM,WE,Federal Contract Tower,21,1,7,0,29,0,22,69,0,91,21,23,76,0,120,22,0,22,142
12/11/2017,BLI,WA,ANM,WE,Federal Contract Tower,23,9,14,0,46,0,38,109,2,149,23,47,123,2,195,16,0,16,211
12/12/2017,BLI,WA,ANM,WE,Federal Contract Tower,13,13,16,0,42,0,61,135,0,196,13,74,151,0,238,126,0,126,364
12/13/2017,BLI,WA,ANM,WE,Federal Contract Tower,15,12,24,0,51,0,62,168,4,234,15,74,192,4,285,32,0,32,317
12/14/2017,BLI,WA,ANM,WE,Federal Contract Tower,17,8,26,0,51,0,55,122,0,177,17,63,148,0,228,112,0,112,340
12/15/2017,BLI,WA,ANM,WE,Federal Contract Tower,19,10,21,0,50,0,18,11,0,29,19,28,32,0,79,0,0,0,79
12/16/2017,BLI,WA,ANM,WE,Federal Contract Tower,17,5,21,0,43,0,12,53,0,65,17,17,74,0,108,52,0,52,160
12/17/2017,BLI,WA,ANM,WE,Federal Contract Tower,18,3,5,0,26,0,0,1,0,1,18,3,6,0,27,0,0,0,27
12/18/2017,BLI,WA,ANM,WE,Federal Contract Tower,23,7,10,0,40,0,32,47,0,79,23,39,57,0,119,20,0,20,139
12/19/2017,BLI,WA,ANM,WE,Federal Contract Tower,14,14,3,0,31,0,26,0,0,26,14,40,3,0,57,0,0,0,57
12/20/2017,BLI,WA,ANM,WE,Federal Contract Tower,22,8,17,0,47,0,65,124,6,195,22,73,141,6,242,44,2,46,288
12/21/2017,BLI,WA,ANM,WE,Federal Contract Tower,23,8,13,0,44,0,50,109,0,159,23,58,122,0,203,44,0,44,247
12/22/2017,BLI,WA,ANM,WE,Federal Contract Tower,22,12,10,0,44,0,55,89,0,144,22,67,99,0,188,44,0,44,232
12/23/2017,BLI,WA,ANM,WE,Federal Contract Tower,19,5,15,1,40,0,13,56,1,70,19,18,71,2,110,58,0,58,168
12/24/2017,BLI,WA,ANM,WE,Federal Contract Tower,17,0,7,0,24,0,34,20,0,54,17,34,27,0,78,0,0,0,78
12/25/2017,BLI,WA,ANM,WE,Federal Contract Tower,15,0,0,0,15,0,3,19,0,22,15,3,19,0,37,0,0,0,37
12/26/2017,BLI,WA,ANM,WE,Federal Contract Tower,21,7,14,0,42,0,61,90,0,151,21,68,104,0,193,48,0,48,241
12/27/2017,BLI,WA,ANM,WE,Federal Contract Tower,20,11,12,0,43,0,31,34,0,65,20,42,46,0,108,18,0,18,126
12/28/2017,BLI,WA,ANM,WE,Federal Contract Tower,19,13,6,0,38,0,12,5,0,17,19,25,11,0,55,32,0,32,87
12/29/2017,BLI,WA,ANM,WE,Federal Contract Tower,23,12,0,0,35,0,38,46,0,84,23,50,46,0,119,0,0,0,119
12/30/2017,BLI,WA,ANM,WE,Federal Contract Tower,18,8,4,0,30,0,16,42,0,58,18,24,46,0,88,24,0,24,112
12/31/2017,BLI,WA,ANM,WE,Federal Contract Tower,16,1,10,0,27,0,32,92,0,124,16,33,102,0,151,56,0,56,207
01/01/2018,BLI,WA,ANM,WE,Federal Contract Tower,18,0,0,0,18,0,48,238,0,286,18,48,238,0,304,50,0,50,354
01/02/2018,BLI,WA,ANM,WE,Federal Contract Tower,24,12,14,0,50,0,77,101,0,178,24,89,115,0,228,62,0,62,290
01/03/2018,BLI,WA,ANM,WE,Federal Contract Tower,18,6,13,0,37,0,61,74,0,135,18,67,87,0,172,52,0,52,224
01/04/2018,BLI,WA,ANM,WE,Federal Contract Tower,19,9,24,0,52,0,58,69,0,127,19,67,93,0,179,44,0,44,223
01/05/2018,BLI,WA,ANM,WE,Federal Contract Tower,19,13,10,0,42,0,53,53,0,106,19,66,63,0,148,38,0,38,186
01/06/2018,BLI,WA,ANM,WE,Federal Contract Tower,9,4,3,0,16,0,10,31,0,41,9,14,34,0,57,28,0,28,85
01/07/2018,BLI,WA,ANM,WE,Federal Contract Tower,18,4,2,0,24,0,20,12,0,32,18,24,14,0,56,12,0,12,68
01/08/2018,BLI,WA,ANM,WE,Federal Contract Tower,21,15,6,0,42,0,31,70,0,101,21,46,76,0,143,20,0,20,163
01/09/2018,BLI,WA,ANM,WE,Federal Contract Tower,13,18,14,0,45,0,52,64,0,116,13,70,78,0,161,18,0,18,179
01/10/2018,BLI,WA,ANM,WE,Federal Contract Tower,14,9,14,0,37,0,64,95,0,159,14,73,109,0,196,40,10,50,246
01/11/2018,BLI,WA,ANM,WE,Federal Contract Tower,17,6,13,0,36,0,30,5,0,35,17,36,18,0,71,0,0,0,71
01/12/2018,BLI,WA,ANM,WE,Federal Contract Tower,20,8,20,0,48,0,0,0,0,0,20,8,20,0,48,0,0,0,48
01/13/2018,BLI,WA,ANM,WE,Federal Contract Tower,8,4,6,1,19,0,25,58,0,83,8,29,64,1,102,92,0,92,194
01/14/2018,BLI,WA,ANM,WE,Federal Contract Tower,17,0,21,0,38,0,19,112,2,133,17,19,133,2,171,80,0,80,251
01/15/2018,BLI,WA,ANM,WE,Federal Contract Tower,24,7,21,0,52,0,55,80,0,135,24,62,101,0,187,30,0,30,217
01/16/2018,BLI,WA,ANM,WE,Federal Contract Tower,14,9,7,0,30,0,59,77,0,136,14,68,84,0,166,26,0,26,192
01/17/2018,BLI,WA,ANM,WE,Federal Contract Tower,14,5,10,1,30,0,43,55,1,99,14,48,65,2,129,0,0,0,129
01/18/2018,BLI,WA,ANM,WE,Federal Contract Tower,18,8,11,0,37,0,39,84,2,125,18,47,95,2,162,14,0,14,176
01/19/2018,BLI,WA,ANM,WE,Federal Contract Tower,24,10,17,0,51,0,35,55,0,90,24,45,72,0,141,4,0,4,145
01/20/2018,BLI,WA,ANM,WE,Federal Contract Tower,11,3,6,0,20,0,9,10,0,19,11,12,16,0,39,2,0,2,41
01/21/2018,BLI,WA,ANM,WE,Federal Contract Tower,20,0,5,0,25,1,4,0,6,11,21,4,5,6,36,0,0,0,36
01/22/2018,BLI,WA,ANM,WE,Federal Contract Tower,24,5,7,0,36,0,43,88,0,131,24,48,95,0,167,48,0,48,215
01/23/2018,BLI,WA,ANM,WE,Federal Contract Tower,13,7,16,2,38,0,52,28,5,85,13,59,44,7,123,70,0,70,193
01/24/2018,BLI,WA,ANM,WE,Federal Contract Tower,14,8,5,0,27,0,40,81,0,121,14,48,86,0,148,34,0,34,182
01/25/2018,BLI,WA,ANM,WE,Federal Contract Tower,20,7,2,0,29,0,47,51,1,99,20,54,53,1,128,46,0,46,174
01/26/2018,BLI,WA,ANM,WE,Federal Contract Tower,20,6,13,0,39,0,53,65,0,118,20,59,78,0,157,36,0,36,193
01/27/2018,BLI,WA,ANM,WE,Federal Contract Tower,10,5,1,0,16,0,10,5,0,15,10,15,6,0,31,12,0,12,43
01/28/2018,BLI,WA,ANM,WE,Federal Contract Tower,17,3,5,0,25,0,34,7,0,41,17,37,12,0,66,10,0,10,76
01/29/2018,BLI,WA,ANM,WE,Federal Contract Tower,23,6,7,0,36,0,53,32,0,85,23,59,39,0,121,38,0,38,159
01/30/2018,BLI,WA,ANM,WE,Federal Contract Tower,13,10,14,0,37,0,63,68,0,131,13,73,82,0,168,72,0,72,240
01/31/2018,BLI,WA,ANM,WE,Federal Contract Tower,15,10,9,0,34,0,53,70,7,130,15,63,79,7,164,112,10,122,286
02/01/2018,BLI,WA,ANM,WE,Federal Contract Tower,18,6,8,0,32,0,60,32,0,92,18,66,40,0,124,6,0,6,130
02/02/2018,BLI,WA,ANM,WE,Federal Contract Tower,21,7,10,0,38,0,44,62,0,106,21,51,72,0,144,0,0,0,144
02/03/2018,BLI,WA,ANM,WE,Federal Contract Tower,11,7,6,0,24,0,4,8,0,12,11,11,14,0,36,0,0,0,36
02/04/2018,BLI,WA,ANM,WE,Federal Contract Tower,17,1,10,4,32,0,17,27,0,44,17,18,37,4,76,16,0,16,92
02/05/2018,BLI,WA,ANM,WE,Federal Contract Tower,19,9,16,0,44,0,42,75,1,118,19,51,91,1,162,46,0,46,208
02/06/2018,BLI,WA,ANM,WE,Federal Contract Tower,13,13,13,1,40,0,40,98,0,138,13,53,111,1,178,42,0,42,220
02/07/2018,BLI,WA,ANM,WE,Federal Contract Tower,19,21,12,0,52,0,41,51,0,92,19,62,63,0,144,26,0,26,170
02/08/2018,BLI,WA,ANM,WE,Federal Contract Tower,16,16,13,0,45,0,47,74,0,121,16,63,87,0,166,54,0,54,220
02/09/2018,BLI,WA,ANM,WE,Federal Contract Tower,17,13,9,0,39,0,56,116,0,172,17,69,125,0,211,50,0,50,261
02/10/2018,BLI,WA,ANM,WE,Federal Contract Tower,12,7,13,0,32,0,8,129,2,139,12,15,142,2,171,116,0,116,287
02/11/2018,BLI,WA,ANM,WE,Federal Contract Tower,16,2,9,0,27,0,26,106,0,132,16,28,115,0,159,46,0,46,205
02/12/2018,BLI,WA,ANM,WE,Federal Contract Tower,20,6,6,0,32,0,42,123,0,165,20,48,129,0,197,82,0,82,279
02/13/2018,BLI,WA,ANM,WE,Federal Contract Tower,15,31,18,0,64,0,55,122,0,177,15,86,140,0,241,138,0,138,379
02/14/2018,BLI,WA,ANM,WE,Federal Contract Tower,19,22,26,0,67,0,32,7,0,39,19,54,33,0,106,0,0,0,106
02/15/2018,BLI,WA,ANM,WE,Federal Contract Tower,21,8,7,1,37,0,56,47,1,104,21,64,54,2,141,82,0,82,223
02/16/2018,BLI,WA,ANM,WE,Federal Contract Tower,18,16,16,0,50,0,19,10,0,29,18,35,26,0,79,0,0,0,79
02/17/2018,BLI,WA,ANM,WE,Federal Contract Tower,15,6,5,0,26,0,8,0,0,8,15,14,5,0,34,0,0,0,34
02/18/2018,BLI,WA,ANM,WE,Federal Contract Tower,19,5,0,0,24,0,4,0,0,4,19,9,0,0,28,0,0,0,28
02/19/2018,BLI,WA,ANM,WE,Federal Contract Tower,19,8,10,0,37,0,62,89,0,151,19,70,99,0,188,114,0,114,302
02/20/2018,BLI,WA,ANM,WE,Federal Contract Tower,14,13,19,0,46,0,54,120,0,174,14,67,139,0,220,30,0,30,250
02/21/2018,BLI,WA,ANM,WE,Federal Contract Tower,15,7,11,0,33,0,38,81,0,119,15,45,92,0,152,30,0,30,182
02/22/2018,BLI,WA,ANM,WE,Federal Contract Tower,22,9,10,0,41,0,59,97,0,156,22,68,107,0,197,50,0,50,247
02/23/2018,BLI,WA,ANM,WE,Federal Contract Tower,18,7,9,0,34,0,38,36,0,74,18,45,45,0,108,32,0,32,140
02/24/2018,BLI,WA,ANM,WE,Federal Contract Tower,13,4,2,0,19,0,10,26,0,36,13,14,28,0,55,18,0,18,73
02/25/2018,BLI,WA,ANM,WE,Federal Contract Tower,16,0,7,0,23,0,5,28,0,33,16,5,35,0,56,40,0,40,96
02/26/2018,BLI,WA,ANM,WE,Federal Contract Tower,22,7,21,0,50,0,46,62,0,108,22,53,83,0,158,28,0,28,186
02/27/2018,BLI,WA,ANM,WE,Federal Contract Tower,13,10,6,0,29,0,45,51,0,96,13,55,57,0,125,6,0,6,131
02/28/2018,BLI,WA,ANM,WE,Federal Contract Tower,16,8,19,0,43,1,51,62,1,115,17,59,81,1,158,40,42,82,240
03/01/2018,BLI,WA,ANM,WE,Federal Contract Tower,22,12,18,0,52,0,55,114,0,169,22,67,132,0,221,130,0,130,351
03/02/2018,BLI,WA,ANM,WE,Federal Contract Tower,21,12,12,0,45,0,64,65,0,129,21,76,77,0,174,0,0,0,174
03/03/2018,BLI,WA,ANM,WE,Federal Contract Tower,14,4,13,0,31,0,9,97,2,108,14,13,110,2,139,68,0,68,207
03/04/2018,BLI,WA,ANM,WE,Federal Contract Tower,18,0,16,0,34,0,28,70,0,98,18,28,86,0,132,56,0,56,188
03/05/2018,BLI,WA,ANM,WE,Federal Contract Tower,21,6,17,0,44,0,49,65,0,114,21,55,82,0,158,86,0,86,244
03/06/2018,BLI,WA,ANM,WE,Federal Contract Tower,16,8,16,1,41,0,54,120,1,175,16,62,136,2,216,124,0,124,340
03/07/2018,BLI,WA,ANM,WE,Federal Contract Tower,17,11,13,0,41,0,24,88,0,112,17,35,101,0,153,34,0,34,187
03/08/2018,BLI,WA,ANM,WE,Federal Contract Tower,16,5,18,5,44,0,28,25,2,55,16,33,43,7,99,18,0,18,117
03/09/2018,BLI,WA,ANM,WE,Federal Contract Tower,16,7,32,1,56,0,24,92,2,118,16,31,124,3,174,18,0,18,192
03/10/2018,BLI,WA,ANM,WE,Federal Contract Tower,13,8,7,1,29,0,8,110,0,118,13,16,117,1,147,100,0,100,247
03/11/2018,BLI,WA,ANM,WE,Federal Contract Tower,18,5,18,1,42,0,15,100,3,118,18,20,118,4,160,40,0,40,200
03/12/2018,BLI,WA,ANM,WE,Federal Contract Tower,22,4,14,2,42,0,49,94,2,145,22,53,108,4,187,14,0,14,201
03/13/2018,BLI,WA,ANM,WE,Federal Contract Tower,19,10,25,0,54,0,51,53,0,104,19,61,78,0,158,64,10,74,232
03/14/2018,BLI,WA,ANM,WE,Federal Contract Tower,18,11,8,2,39,0,58,58,0,116,18,69,66,2,155,16,0,16,171
03/15/2018,BLI,WA,ANM,WE,Federal Contract Tower,21,4,23,1,49,0,63,140,0,203,21,67,163,1,252,44,0,44,296
03/16/2018,BLI,WA,ANM,WE,Federal Contract Tower,19,3,25,0,47,0,53,108,0,161,19,56,133,0,208,32,0,32,240
03/17/2018,BLI,WA,ANM,WE,Federal Contract Tower,22,5,8,0,35,0,10,69,2,81,22,15,77,2,116,56,2,58,174
03/18/2018,BLI,WA,ANM,WE,Federal Contract Tower,22,3,4,0,29,0,27,59,8,94,22,30,63,8,123,36,0,36,159
03/19/2018,BLI,WA,ANM,WE,Federal Contract Tower,24,6,14,0,44,0,59,83,0,142,24,65,97,0,186,102,0,102,288
03/20/2018,BLI,WA,ANM,WE,Federal Contract Tower,18,6,17,2,43,0,53,111,2,166,18,59,128,4,209,54,0,54,263
03/21/2018,BLI,WA,ANM,WE,Federal Contract Tower,20,7,29,0,56,0,63,116,7,186,20,70,145,7,242,88,0,88,330
03/22/2018,BLI,WA,ANM,WE,Federal Contract Tower,20,10,12,2,44,0,36,31,0,67,20,46,43,2,111,0,0,0,111
03/23/2018,BLI,WA,ANM,WE,Federal Contract Tower,20,10,11,0,41,0,21,35,0,56,20,31,46,0,97,22,0,22,119
03/24/2018,BLI,WA,ANM,WE,Federal Contract Tower,24,10,13,0,47,0,8,26,0,34,24,18,39,0,81,22,0,22,103
03/25/2018,BLI,WA,ANM,WE,Federal Contract Tower,17,3,14,0,34,0,7,48,0,55,17,10,62,0,89,38,0,38,127
03/26/2018,BLI,WA,ANM,WE,Federal Contract Tower,22,15,11,0,48,0,39,10,2,51,22,54,21,2,99,12,0,12,111
03/27/2018,BLI,WA,ANM,WE,Federal Contract Tower,17,5,10,2,34,0,42,32,0,74,17,47,42,2,108,6,0,6,114
03/28/2018,BLI,WA,ANM,WE,Federal Contract Tower,19,5,26,0,50,0,69,85,2,156,19,74,111,2,206,42,0,42,248
03/29/2018,BLI,WA,ANM,WE,Federal Contract Tower,21,6,15,0,42,0,38,56,0,94,21,44,71,0,136,58,0,58,194
03/30/2018,BLI,WA,ANM,WE,Federal Contract Tower,22,3,26,0,51,0,61,67,1,129,22,64,93,1,180,52,0,52,232
03/31/2018,BLI,WA,ANM,WE,Federal Contract Tower,22,9,8,0,39,0,9,81,1,91,22,18,89,1,130,96,0,96,226
04/01/2018,BLI,WA,ANM,WE,Federal Contract Tower,18,0,3,0,21,0,8,21,0,29,18,8,24,0,50,8,0,8,58
04/02/2018,BLI,WA,ANM,WE,Federal Contract Tower,22,6,13,0,41,0,42,100,0,142,22,48,113,0,183,124,0,124,307
04/03/2018,BLI,WA,ANM,WE,Federal Contract Tower,18,10,12,0,40,0,60,101,0,161,18,70,113,0,201,120,0,120,321
04/04/2018,BLI,WA,ANM,WE,Federal Contract Tower,16,8,22,0,46,0,52,28,0,80,16,60,50,0,126,16,0,16,142
04/05/2018,BLI,WA,ANM,WE,Federal Contract Tower,21,9,6,0,36,0,50,48,5,103,21,59,54,5,139,4,0,4,143
04/06/2018,BLI,WA,ANM,WE,Federal Contract Tower,19,5,5,0,29,0,11,36,0,47,19,16,41,0,76,12,0,12,88
04/07/2018,BLI,WA,ANM,WE,Federal Contract Tower,17,6,3,0,26,0,5,6,0,11,17,11,9,0,37,0,0,0,37
04/08/2018,BLI,WA,ANM,WE,Federal Contract Tower,19,2,10,0,31,0,19,24,2,45,19,21,34,2,76,22,0,22,98
04/09/2018,BLI,WA,ANM,WE,Federal Contract Tower,23,10,10,1,44,0,65,137,1,203,23,75,147,2,247,152,0,152,399
04/10/2018,BLI,WA,ANM,WE,Federal Contract Tower,16,5,7,0,28,0,51,58,0,109,16,56,65,0,137,20,0,20,157
04/11/2018,BLI,WA,ANM,WE,Federal Contract Tower,20,8,17,1,46,0,51,49,1,101,20,59,66,2,147,46,0,46,193
04/12/2018,BLI,WA,ANM,WE,Federal Contract Tower,20,10,17,0,47,0,62,85,2,149,20,72,102,2,196,98,50,148,344
04/13/2018,BLI,WA,ANM,WE,Federal Contract Tower,18,7,6,0,31,0,35,15,4,54,18,42,21,4,85,0,0,0,85
04/14/2018,BLI,WA,ANM,WE,Federal Contract Tower,16,2,11,0,29,0,11,20,0,31,16,13,31,0,60,8,0,8,68
04/15/2018,BLI,WA,ANM,WE,Federal Contract Tower,19,3,16,0,38,0,17,58,0,75,19,20,74,0,113,4,0,4,117
04/16/2018,BLI,WA,ANM,WE,Federal Contract Tower,23,7,4,0,34,0,39,16,0,55,23,46,20,0,89,118,0,118,207
04/17/2018,BLI,WA,ANM,WE,Federal Contract Tower,16,13,31,0,60,0,49,90,0,139,16,62,121,0,199,86,0,86,285
04/18/2018,BLI,WA,ANM,WE,Federal Contract Tower,14,10,23,0,47,0,47,134,0,181,14,57,157,0,228,132,0,132,360
04/19/2018,BLI,WA,ANM,WE,Federal Contract Tower,22,6,29,1,58,0,41,175,2,218,22,47,204,3,276,94,0,94,370
04/20/2018,BLI,WA,ANM,WE,Federal Contract Tower,19,6,20,0,45,0,29,78,2,109,19,35,98,2,154,32,0,32,186
04/21/2018,BLI,WA,ANM,WE,Federal Contract Tower,15,4,10,0,29,0,13,37,0,50,15,17,47,0,79,10,0,10,89
04/22/2018,BLI,WA,ANM,WE,Federal Contract Tower,16,4,14,0,34,0,15,93,0,108,16,19,107,0,142,56,0,56,198
04/23/2018,BLI,WA,ANM,WE,Federal Contract Tower,24,6,19,2,51,0,54,91,0,145,24,60,110,2,196,60,0,60,256
04/24/2018,BLI,WA,ANM,WE,Federal Contract Tower,13,9,14,0,36,0,36,109,0,145,13,45,123,0,181,52,0,52,233
04/25/2018,BLI,WA,ANM,WE,Federal Contract Tower,11,8,24,0,43,0,66,120,3,189,11,74,144,3,232,74,28,102,334
04/26/2018,BLI,WA,ANM,WE,Federal Contract Tower,21,12,21,2,56,0,73,134,0,207,21,85,155,2,263,114,0,114,377
04/27/2018,BLI,WA,ANM,WE,Federal Contract Tower,20,14,31,0,65,0,20,35,0,55,20,34,66,0,120,34,0,34,154
04/28/2018,BLI,WA,ANM,WE,Federal Contract Tower,15,5,9,0,29,0,10,14,0,24,15,15,23,0,53,0,0,0,53
04/29/2018,BLI,WA,ANM,WE,Federal Contract Tower,16,0,8,0,24,0,19,43,0,62,16,19,51,0,86,70,0,70,156
04/30/2018,BLI,WA,ANM,WE,Federal Contract Tower,21,7,14,0,42,0,16,47,0,63,21,23,61,0,105,50,0,50,155
05/01/2018,BLI,WA,ANM,WE,Federal Contract Tower,16,3,30,0,49,0,26,81,0,107,16,29,111,0,156,64,0,64,220
05/02/2018,BLI,WA,ANM,WE,Federal Contract Tower,9,5,17,0,31,0,29,128,0,157,9,34,145,0,188,66,0,66,254
05/03/2018,BLI,WA,ANM,WE,Federal Contract Tower,19,8,21,0,48,0,47,65,2,114,19,55,86,2,162,39,8,47,209
05/04/2018,BLI,WA,ANM,WE,Federal Contract Tower,15,9,33,0,57,0,21,78,2,101,15,30,111,2,158,38,0,38,196
05/05/2018,BLI,WA,ANM,WE,Federal Contract Tower,15,5,11,0,31,0,16,64,0,80,15,21,75,0,111,18,0,18,129
05/06/2018,BLI,WA,ANM,WE,Federal Contract Tower,18,2,14,0,34,0,7,82,0,89,18,9,96,0,123,38,0,38,161
05/07/2018,BLI,WA,ANM,WE,Federal Contract Tower,19,6,20,1,46,24,67,2,0,93,43,73,22,1,139,30,0,30,169
05/08/2018,BLI,WA,ANM,WE,Federal Contract Tower,15,14,14,0,43,0,36,113,0,149,15,50,127,0,192,56,0,56,248
05/09/2018,BLI,WA,ANM,WE,Federal Contract Tower,10,8,26,0,44,0,20,74,0,94,10,28,100,0,138,11,0,11,149
05/10/2018,BLI,WA,ANM,WE,Federal Contract Tower,19,8,20,0,47,0,29,85,0,114,19,37,105,0,161,42,0,42,203
05/11/2018,BLI,WA,ANM,WE,Federal Contract Tower,17,9,20,0,46,0,40,104,0,144,17,49,124,0,190,30,0,30,220
05/12/2018,BLI,WA,ANM,WE,Federal Contract Tower,14,5,10,0,29,0,10,108,4,122,14,15,118,4,151,38,0,38,189
05/13/2018,BLI,WA,ANM,WE,Federal Contract Tower,20,1,11,0,32,0,36,119,0,155,20,37,130,0,187,36,0,36,223
05/14/2018,BLI,WA,ANM,WE,Federal Contract Tower,22,7,14,0,43,0,49,99,0,148,22,56,113,0,191,52,0,52,243
05/15/2018,BLI,WA,ANM,WE,Federal Contract Tower,15,8,13,0,36,0,48,83,0,131,15,56,96,0,167,52,0,52,219
05/16/2018,BLI,WA,ANM,WE,Federal Contract Tower,5,16,22,0,43,0,19,72,0,91,5,35,94,0,134,54,10,64,198
05/17/2018,BLI,WA,ANM,WE,Federal Contract Tower,23,13,13,0,49,0,48,80,3,131,23,61,93,3,180,60,0,60,240
05/18/2018,BLI,WA,ANM,WE,Federal Contract Tower,16,6,22,0,44,0,33,58,0,91,16,39,80,0,135,62,0,62,197
05/19/2018,BLI,WA,ANM,WE,Federal Contract Tower,13,3,9,0,25,0,10,88,0,98,13,13,97,0,123,30,0,30,153
05/20/2018,BLI,WA,ANM,WE,Federal Contract Tower,19,0,23,0,42,0,12,66,0,78,19,12,89,0,120,10,0,10,130
05/21/2018,BLI,WA,ANM,WE,Federal Contract Tower,25,6,20,0,51,0,68,87,5,160,25,74,107,5,211,94,0,94,305
05/22/2018,BLI,WA,ANM,WE,Federal Contract Tower,16,10,13,1,40,0,25,71,6,102,16,35,84,7,142,84,4,88,230
05/23/2018,BLI,WA,ANM,WE,Federal Contract Tower,15,10,14,2,41,0,40,93,2,135,15,50,107,4,176,84,0,84,260
05/24/2018,BLI,WA,ANM,WE,Federal Contract Tower,27,8,22,0,57,0,37,72,0,109,27,45,94,0,166,60,0,60,226
05/25/2018,BLI,WA,ANM,WE,Federal Contract Tower,19,5,19,0,43,0,43,139,0,182,19,48,158,0,225,40,0,40,265
05/26/2018,BLI,WA,ANM,WE,Federal Contract Tower,16,5,10,0,31,0,16,73,0,89,16,21,83,0,120,12,0,12,132
05/27/2018,BLI,WA,ANM,WE,Federal Contract Tower,22,1,11,0,34,0,16,112,0,128,22,17,123,0,162,70,0,70,232
05/28/2018,BLI,WA,ANM,WE,Federal Contract Tower,20,5,18,0,43,0,25,100,0,125,20,30,118,0,168,68,0,68,236
05/29/2018,BLI,WA,ANM,WE,Federal Contract Tower,16,5,26,0,47,0,44,93,3,140,16,49,119,3,187,44,0,44,231
05/30/2018,BLI,WA,ANM,WE,Federal Contract Tower,15,6,26,0,47,0,25,125,0,150,15,31,151,0,197,48,0,48,245
05/31/2018,BLI,WA,ANM,WE,Federal Contract Tower,23,11,23,2,59,0,25,69,8,102,23,36,92,10,161,14,18,32,193
06/01/2018,BLI,WA,ANM,WE,Federal Contract Tower,18,7,32,0,57,0,31,92,0,123,18,38,124,0,180,84,0,84,264
06/02/2018,BLI,WA,ANM,WE,Federal Contract Tower,13,3,16,0,32,0,16,106,0,122,13,19,122,0,154,126,0,126,280
06/03/2018,BLI,WA,ANM,WE,Federal Contract Tower,23,1,7,0,31,0,11,29,0,40,23,12,36,0,71,34,0,34,105
06/04/2018,BLI,WA,ANM,WE,Federal Contract Tower,19,14,20,0,53,0,42,79,6,127,19,56,99,6,180,62,0,62,242
06/05/2018,BLI,WA,ANM,WE,Federal Contract Tower,14,8,30,0,52,0,32,80,0,112,14,40,110,0,164,60,0,60,224
06/06/2018,BLI,WA,ANM,WE,Federal Contract Tower,15,13,38,0,66,0,34,125,1,160,15,47,163,1,226,112,0,112,338
06/07/2018,BLI,WA,ANM,WE,Federal Contract Tower,22,10,24,1,57,0,28,108,0,136,22,38,132,1,193,94,0,94,287
06/08/2018,BLI,WA,ANM,WE,Federal Contract Tower,18,10,20,0,48,0,21,33,0,54,18,31,53,0,102,18,0,18,120
06/09/2018,BLI,WA,ANM,WE,Federal Contract Tower,14,7,8,1,30,0,16,44,1,61,14,23,52,2,91,50,4,54,145
06/10/2018,BLI,WA,ANM,WE,Federal Contract Tower,20,1,14,0,35,0,11,53,0,64,20,12,67,0,99,66,0,66,165
06/11/2018,BLI,WA,ANM,WE,Federal Contract Tower,21,8,35,0,64,0,44,99,3,146,21,52,134,3,210,156,0,156,366
06/12/2018,BLI,WA,ANM,WE,Federal Contract Tower,18,10,18,1,47,0,49,94,0,143,18,59,112,1,190,80,0,80,270
06/13/2018,BLI,WA,ANM,WE,Federal Contract Tower,15,14,21,0,50,0,23,44,14,81,15,37,65,14,131,8,0,8,139
06/14/2018,BLI,WA,ANM,WE,Federal Contract Tower,26,12,23,2,63,0,54,112,2,168,26,66,135,4,231,76,8,84,315
06/15/2018,BLI,WA,ANM,WE,Federal Contract Tower,17,9,17,0,43,0,59,137,1,197,17,68,154,1,240,128,0,128,368
06/16/2018,BLI,WA,ANM,WE,Federal Contract Tower,17,4,11,1,33,0,16,103,1,120,17,20,114,2,153,46,0,46,199
06/17/2018,BLI,WA,ANM,WE,Federal Contract Tower,20,0,18,0,38,0,36,117,0,153,20,36,135,0,191,84,0,84,275
06/18/2018,BLI,WA,ANM,WE,Federal Contract Tower,21,6,21,0,48,0,52,152,2,206,21,58,173,2,254,90,0,90,344
06/19/2018,BLI,WA,ANM,WE,Federal Contract Tower,18,5,29,0,52,0,37,95,1,133,18,42,124,1,185,95,0,95,280
06/20/2018,BLI,WA,ANM,WE,Federal Contract Tower,16,7,31,0,54,0,54,149,0,203,16,61,180,0,257,58,0,58,315
06/21/2018,BLI,WA,ANM,WE,Federal Contract Tower,23,12,18,0,53,0,43,74,0,117,23,55,92,0,170,16,0,16,186
06/22/2018,BLI,WA,ANM,WE,Federal Contract Tower,19,5,20,0,44,0,57,108,0,165,19,62,128,0,209,82,0,82,291
06/23/2018,BLI,WA,ANM,WE,Federal Contract Tower,16,3,17,0,36,0,13,98,0,111,16,16,115,0,147,58,0,58,205
06/24/2018,BLI,WA,ANM,WE,Federal Contract Tower,19,2,29,0,50,0,17,88,0,105,19,19,117,0,155,28,0,28,183
06/25/2018,BLI,WA,ANM,WE,Federal Contract Tower,25,6,16,2,49,0,50,87,0,137,25,56,103,2,186,40,0,40,226
06/26/2018,BLI,WA,ANM,WE,Federal Contract Tower,16,17,25,0,58,0,29,86,1,116,16,46,111,1,174,72,0,72,246
06/27/2018,BLI,WA,ANM,WE,Federal Contract Tower,17,7,27,1,52,0,43,104,0,147,17,50,131,1,199,30,0,30,229
06/28/2018,BLI,WA,ANM,WE,Federal Contract Tower,20,10,31,0,61,0,35,96,2,133,20,45,127,2,194,64,2,66,260
06/29/2018,BLI,WA,ANM,WE,Federal Contract Tower,22,12,31,0,65,0,44,82,0,126,22,56,113,0,191,86,0,86,277
06/30/2018,BLI,WA,ANM,WE,Federal Contract Tower,19,7,21,0,47,0,14,34,0,48,19,21,55,0,95,8,0,8,103
07/01/2018,BLI,WA,ANM,WE,Federal Contract Tower,22,1,33,0,56,0,34,70,1,105,22,35,103,1,161,70,0,70,231
07/02/2018,BLI,WA,ANM,WE,Federal Contract Tower,21,11,28,0,60,0,64,105,3,172,21,75,133,3,232,190,0,190,422
07/03/2018,BLI,WA,ANM,WE,Federal Contract Tower,19,5,9,1,34,0,59,146,7,212,19,64,155,8,246,82,12,94,340
07/04/2018,BLI,WA,ANM,WE,Federal Contract Tower,14,0,11,0,25,0,14,97,0,111,14,14,108,0,136,14,0,14,150
07/05/2018,BLI,WA,ANM,WE,Federal Contract Tower,26,12,35,1,74,0,45,128,1,174,26,57,163,2,248,46,0,46,294
07/06/2018,BLI,WA,ANM,WE,Federal Contract Tower,19,6,24,1,50,0,43,132,2,177,19,49,156,3,227,84,0,84,311
07/07/2018,BLI,WA,ANM,WE,Federal Contract Tower,18,10,17,0,45,0,20,74,0,94,18,30,91,0,139,46,0,46,185
07/08/2018,BLI,WA,ANM,WE,Federal Contract Tower,17,2,13,0,32,0,33,104,0,137,17,35,117,0,169,26,0,26,195
07/09/2018,BLI,WA,ANM,WE,Federal Contract Tower,25,7,16,0,48,0,62,122,1,185,25,69,138,1,233,86,0,86,319
07/10/2018,BLI,WA,ANM,WE,Federal Contract Tower,18,11,36,0,65,0,50,82,0,132,18,61,118,0,197,44,0,44,241
07/11/2018,BLI,WA,ANM,WE,Federal Contract Tower,18,8,40,0,66,0,45,152,0,197,18,53,192,0,263,44,0,44,307
07/12/2018,BLI,WA,ANM,WE,Federal Contract Tower,25,12,34,0,71,0,41,160,0,201,25,53,194,0,272,98,0,98,370
07/13/2018,BLI,WA,ANM,WE,Federal Contract Tower,18,6,25,0,49,0,29,138,0,167,18,35,163,0,216,16,0,16,232
07/14/2018,BLI,WA,ANM,WE,Federal Contract Tower,18,4,15,0,37,0,22,142,0,164,18,26,157,0,201,36,0,36,237
07/15/2018,BLI,WA,ANM,WE,Federal Contract Tower,22,0,21,0,43,0,18,139,0,157,22,18,160,0,200,54,0,54,254
07/16/2018,BLI,WA,ANM,WE,Federal Contract Tower,20,9,23,0,52,0,37,98,1,136,20,46,121,1,188,76,0,76,264
07/17/2018,BLI,WA,ANM,WE,Federal Contract Tower,18,7,30,1,56,0,44,98,1,143,18,51,128,2,199,60,0,60,259
07/18/2018,BLI,WA,ANM,WE,Federal Contract Tower,15,9,32,0,56,0,39,82,4,125,15,48,114,4,181,4,0,4,185
07/19/2018,BLI,WA,ANM,WE,Federal Contract Tower,22,16,30,0,68,0,45,85,6,136,22,61,115,6,204,32,0,32,236
07/20/2018,BLI,WA,ANM,WE,Federal Contract Tower,16,9,24,0,49,0,75,133,0,208,16,84,157,0,257,52,0,52,309
07/21/2018,BLI,WA,ANM,WE,Federal Contract Tower,19,7,14,0,40,0,24,135,2,161,19,31,149,2,201,56,6,62,263
07/22/2018,BLI,WA,ANM,WE,Federal Contract Tower,23,0,25,0,48,0,55,137,4,196,23,55,162,4,244,80,0,80,324
07/23/2018,BLI,WA,ANM,WE,Federal Contract Tower,21,8,22,0,51,15,87,78,2,182,36,95,100,2,233,102,0,102,335
07/24/2018,BLI,WA,ANM,WE,Federal Contract Tower,21,7,23,0,51,0,44,120,1,165,21,51,143,1,216,120,8,128,344
07/25/2018,BLI,WA,ANM,WE,Federal Contract Tower,17,6,26,1,50,0,42,144,5,191,17,48,170,6,241,84,12,96,337
07/26/2018,BLI,WA,ANM,WE,Federal Contract Tower,24,8,39,0,71,0,58,155,0,213,24,66,194,0,284,72,2,74,358
07/27/2018,BLI,WA,ANM,WE,Federal Contract Tower,21,12,34,1,68,0,49,139,1,189,21,61,173,2,257,44,16,60,317
07/28/2018,BLI,WA,ANM,WE,Federal Contract Tower,16,6,16,0,38,0,25,130,0,155,16,31,146,0,193,62,0,62,255
07/29/2018,BLI,WA,ANM,WE,Federal Contract Tower,24,10,29,2,65,0,32,139,5,176,24,42,168,7,241,72,0,72,313
07/30/2018,BLI,WA,ANM,WE,Federal Contract Tower,25,6,37,1,69,0,38,152,1,191,25,44,189,2,260,106,0,106,366
07/31/2018,BLI,WA,ANM,WE,Federal Contract Tower,19,10,42,1,72,0,37,132,1,170,19,47,174,2,242,20,0,20,262
08/01/2018,BLI,WA,ANM,WE,Federal Contract Tower,18,15,45,0,78,0,43,89,0,132,18,58,134,0,210,44,0,44,254
08/02/2018,BLI,WA,ANM,WE,Federal Contract Tower,24,12,43,1,80,0,51,126,2,179,24,63,169,3,259,36,10,46,305
08/03/2018,BLI,WA,ANM,WE,Federal Contract Tower,19,9,21,0,49,0,44,99,0,143,19,53,120,0,192,60,0,60,252
08/04/2018,BLI,WA,ANM,WE,Federal Contract Tower,16,8,36,0,60,0,18,98,0,116,16,26,134,0,176,92,0,92,268
08/05/2018,BLI,WA,ANM,WE,Federal Contract Tower,20,11,17,0,48,0,30,130,0,160,20,41,147,0,208,94,0,94,302
08/06/2018,BLI,WA,ANM,WE,Federal Contract Tower,22,14,25,4,65,0,64,110,2,176,22,78,135,6,241,114,14,128,369
08/07/2018,BLI,WA,ANM,WE,Federal Contract Tower,20,5,32,0,57,0,57,167,0,224,20,62,199,0,281,150,0,150,431
08/08/2018,BLI,WA,ANM,WE,Federal Contract Tower,17,13,20,0,50,0,47,153,0,200,17,60,173,0,250,156,0,156,406
08/09/2018,BLI,WA,ANM,WE,Federal Contract Tower,25,11,23,0,59,0,57,131,0,188,25,68,154,0,247,114,0,114,361
08/10/2018,BLI,WA,ANM,WE,Federal Contract Tower,20,8,34,0,62,0,51,128,0,179,20,59,162,0,241,46,0,46,287
08/11/2018,BLI,WA,ANM,WE,Federal Contract Tower,16,10,30,0,56,0,28,47,0,75,16,38,77,0,131,46,0,46,177
08/12/2018,BLI,WA,ANM,WE,Federal Contract Tower,22,5,44,0,71,0,34,110,2,146,22,39,154,2,217,68,0,68,285
08/13/2018,BLI,WA,ANM,WE,Federal Contract Tower,21,12,27,0,60,0,48,82,2,132,21,60,109,2,192,42,0,42,234
08/14/2018,BLI,WA,ANM,WE,Federal Contract Tower,19,19,31,0,69,0,47,37,0,84,19,66,68,0,153,0,0,0,153
08/15/2018,BLI,WA,ANM,WE,Federal Contract Tower,17,8,30,1,56,0,62,61,2,125,17,70,91,3,181,64,12,76,257
08/16/2018,BLI,WA,ANM,WE,Federal Contract Tower,27,10,33,0,70,0,60,148,0,208,27,70,181,0,278,148,0,148,426
08/17/2018,BLI,WA,ANM,WE,Federal Contract Tower,19,12,18,0,49,0,41,118,0,159,19,53,136,0,208,31,0,31,239
08/18/2018,BLI,WA,ANM,WE,Federal Contract Tower,14,4,20,2,40,0,15,74,0,89,14,19,94,2,129,38,0,38,167
08/19/2018,BLI,WA,ANM,WE,Federal Contract Tower,22,5,25,0,52,0,33,38,0,71,22,38,63,0,123,54,0,54,177
08/20/2018,BLI,WA,ANM,WE,Federal Contract Tower,22,31,34,1,88,0,0,0,0,0,22,31,34,1,88,0,0,0,88
08/21/2018,BLI,WA,ANM,WE,Federal Contract Tower,18,19,52,2,91,0,0,0,0,0,18,19,52,2,91,0,0,0,91
08/22/2018,BLI,WA,ANM,WE,Federal Contract Tower,14,14,33,0,61,0,0,0,0,0,14,14,33,0,61,0,0,0,61
08/24/2018,BLI,WA,ANM,WE,Federal Contract Tower,20,8,36,0,64,0,40,78,0,118,20,48,114,0,182,16,0,16,198
08/25/2018,BLI,WA,ANM,WE,Federal Contract Tower,10,9,20,4,43,0,24,10,0,34,10,33,30,4,77,0,0,0,77
08/26/2018,BLI,WA,ANM,WE,Federal Contract Tower,20,5,22,0,47,0,15,28,0,43,20,20,50,0,90,14,0,14,104
08/27/2018,BLI,WA,ANM,WE,Federal Contract Tower,19,9,27,0,55,0,64,127,2,193,19,73,154,2,248,96,8,104,352
08/28/2018,BLI,WA,ANM,WE,Federal Contract Tower,15,9,38,0,62,0,40,140,0,180,15,49,178,0,242,94,0,94,336
08/29/2018,BLI,WA,ANM,WE,Federal Contract Tower,14,9,26,1,50,0,47,107,0,154,14,56,133,1,204,98,0,98,302
08/30/2018,BLI,WA,ANM,WE,Federal Contract Tower,24,9,23,0,56,0,54,138,0,192,24,63,161,0,248,180,0,180,428
08/31/2018,BLI,WA,ANM,WE,Federal Contract Tower,18,7,23,0,48,0,51,97,0,148,18,58,120,0,196,20,0,20,216
09/01/2018,BLI,WA,ANM,WE,Federal Contract Tower,10,7,16,0,33,0,27,82,0,109,10,34,98,0,142,78,0,78,220
09/02/2018,BLI,WA,ANM,WE,Federal Contract Tower,21,3,19,0,43,0,25,115,0,140,21,28,134,0,183,82,0,82,265
09/03/2018,BLI,WA,ANM,WE,Federal Contract Tower,21,5,19,0,45,0,33,132,1,166,21,38,151,1,211,80,0,80,291
09/04/2018,BLI,WA,ANM,WE,Federal Contract Tower,15,10,27,0,52,0,67,124,0,191,15,77,151,0,243,8,0,8,251
09/05/2018,BLI,WA,ANM,WE,Federal Contract Tower,10,7,22,0,39,0,34,138,0,172,10,41,160,0,211,62,0,62,273
09/06/2018,BLI,WA,ANM,WE,Federal Contract Tower,26,14,17,2,59,0,40,135,0,175,26,54,152,2,234,70,0,70,304
09/07/2018,BLI,WA,ANM,WE,Federal Contract Tower,19,9,24,0,52,0,54,84,0,138,19,63,108,0,190,70,0,70,260
09/08/2018,BLI,WA,ANM,WE,Federal Contract Tower,10,3,11,0,24,0,17,108,0,125,10,20,119,0,149,42,8,50,199
09/09/2018,BLI,WA,ANM,WE,Federal Contract Tower,21,1,25,0,47,0,12,20,0,32,21,13,45,0,79,8,0,8,87
09/10/2018,BLI,WA,ANM,WE,Federal Contract Tower,18,5,28,0,51,0,29,61,4,94,18,34,89,4,145,92,12,104,249
09/11/2018,BLI,WA,ANM,WE,Federal Contract Tower,10,12,28,0,50,0,53,94,0,147,10,65,122,0,197,34,2,36,233
09/12/2018,BLI,WA,ANM,WE,Federal Contract Tower,12,9,16,0,37,0,28,79,2,109,12,37,95,2,146,58,0,58,204
09/13/2018,BLI,WA,ANM,WE,Federal Contract Tower,22,9,31,0,62,0,28,78,2,108,22,37,109,2,170,50,0,50,220
09/14/2018,BLI,WA,ANM,WE,Federal Contract Tower,17,12,21,0,50,0,25,57,2,84,17,37,78,2,134,64,0,64,198
09/15/2018,BLI,WA,ANM,WE,Federal Contract Tower,11,3,20,2,36,0,22,47,5,74,11,25,67,7,110,40,0,40,150
09/16/2018,BLI,WA,ANM,WE,Federal Contract Tower,18,4,15,0,37,0,18,30,1,49,18,22,45,1,86,14,0,14,100
09/17/2018,BLI,WA,ANM,WE,Federal Contract Tower,22,10,17,2,51,0,65,127,0,192,22,75,144,2,243,86,0,86,329
09/18/2018,BLI,WA,ANM,WE,Federal Contract Tower,10,10,36,0,56,0,45,144,0,189,10,55,180,0,245,52,0,52,297
09/19/2018,BLI,WA,ANM,WE,Federal Contract Tower,13,9,15,0,37,0,48,145,0,193,13,57,160,0,230,44,0,44,274
09/20/2018,BLI,WA,ANM,WE,Federal Contract Tower,24,11,22,1,58,0,41,81,1,123,24,52,103,2,181,76,0,76,257
09/21/2018,BLI,WA,ANM,WE,Federal Contract Tower,16,8,19,0,43,0,31,53,0,84,16,39,72,0,127,14,0,14,141
09/22/2018,BLI,WA,ANM,WE,Federal Contract Tower,10,4,10,0,24,0,12,17,0,29,10,16,27,0,53,22,0,22,75
09/23/2018,BLI,WA,ANM,WE,Federal Contract Tower,22,1,29,0,52,0,17,58,0,75,22,18,87,0,127,38,0,38,165
09/24/2018,BLI,WA,ANM,WE,Federal Contract Tower,18,8,21,0,47,0,32,97,0,129,18,40,118,0,176,50,0,50,226
09/25/2018,BLI,WA,ANM,WE,Federal Contract Tower,9,10,24,0,43,0,58,151,0,209,9,68,175,0,252,58,0,58,310
09/26/2018,BLI,WA,ANM,WE,Federal Contract Tower,13,8,22,1,44,0,26,103,22,151,13,34,125,23,195,84,0,84,279
09/27/2018,BLI,WA,ANM,WE,Federal Contract Tower,28,6,22,1,57,0,41,144,1,186,28,47,166,2,243,40,0,40,283
09/28/2018,BLI,WA,ANM,WE,Federal Contract Tower,16,10,17,0,43,0,33,94,11,138,16,43,111,11,181,10,0,10,191
09/29/2018,BLI,WA,ANM,WE,Federal Contract Tower,13,7,5,0,25,0,11,63,0,74,13,18,68,0,99,12,0,12,111
09/30/2018,BLI,WA,ANM,WE,Federal Contract Tower,21,5,17,0,43,0,23,35,0,58,21,28,52,0,101,30,0,30,131
10/01/2018,BLI,WA,ANM,WE,Federal Contract Tower,17,8,19,0,44,0,27,39,0,66,17,35,58,0,110,6,0,6,116
10/02/2018,BLI,WA,ANM,WE,Federal Contract Tower,10,12,14,1,37,0,31,64,0,95,10,43,78,1,132,26,0,26,158
10/03/2018,BLI,WA,ANM,WE,Federal Contract Tower,12,4,17,4,37,0,30,102,0,132,12,34,119,4,169,64,0,64,233
10/04/2018,BLI,WA,ANM,WE,Federal Contract Tower,20,4,29,0,53,0,45,141,2,188,20,49,170,2,241,54,0,54,295
10/05/2018,BLI,WA,ANM,WE,Federal Contract Tower,18,4,16,0,38,0,40,70,0,110,18,44,86,0,148,78,0,78,226
10/06/2018,BLI,WA,ANM,WE,Federal Contract Tower,12,2,17,0,31,0,9,82,0,91,12,11,99,0,122,76,0,76,198
10/07/2018,BLI,WA,ANM,WE,Federal Contract Tower,22,6,16,0,44,0,10,20,0,30,22,16,36,0,74,0,0,0,74
10/08/2018,BLI,WA,ANM,WE,Federal Contract Tower,18,15,24,0,57,0,3,0,0,3,18,18,24,0,60,0,0,0,60
10/09/2018,BLI,WA,ANM,WE,Federal Contract Tower,12,9,32,1,54,0,31,59,1,91,12,40,91,2,145,38,0,38,183
10/10/2018,BLI,WA,ANM,WE,Federal Contract Tower,15,6,23,0,44,0,33,153,2,188,15,39,176,2,232,60,26,86,318
10/11/2018,BLI,WA,ANM,WE,Federal Contract Tower,25,10,19,2,56,0,46,147,4,197,25,56,166,6,253,96,0,96,349
10/12/2018,BLI,WA,ANM,WE,Federal Contract Tower,15,11,27,0,53,0,22,83,0,105,15,33,110,0,158,64,0,64,222
10/13/2018,BLI,WA,ANM,WE,Federal Contract Tower,13,3,3,0,19,0,8,100,0,108,13,11,103,0,127,64,0,64,191
10/14/2018,BLI,WA,ANM,WE,Federal Contract Tower,23,0,9,0,32,0,8,146,0,154,23,8,155,0,186,102,0,102,288
10/15/2018,BLI,WA,ANM,WE,Federal Contract Tower,18,5,13,0,36,0,32,96,1,129,18,37,109,1,165,78,0,78,243
10/16/2018,BLI,WA,ANM,WE,Federal Contract Tower,14,7,24,3,48,0,33,162,1,196,14,40,186,4,244,102,0,102,346
10/17/2018,BLI,WA,ANM,WE,Federal Contract Tower,11,10,11,0,32,0,28,119,2,149,11,38,130,2,181,28,0,28,209
10/18/2018,BLI,WA,ANM,WE,Federal Contract Tower,21,7,25,0,53,0,34,133,0,167,21,41,158,0,220,82,0,82,302
10/19/2018,BLI,WA,ANM,WE,Federal Contract Tower,17,4,17,0,38,0,31,92,0,123,17,35,109,0,161,24,0,24,185
10/20/2018,BLI,WA,ANM,WE,Federal Contract Tower,10,2,11,0,23,0,16,44,0,60,10,18,55,0,83,20,0,20,103
10/21/2018,BLI,WA,ANM,WE,Federal Contract Tower,16,5,15,0,36,0,11,50,0,61,16,16,65,0,97,58,0,58,155
10/22/2018,BLI,WA,ANM,WE,Federal Contract Tower,12,8,8,0,28,0,12,30,0,42,12,20,38,0,70,48,0,48,118
10/23/2018,BLI,WA,ANM,WE,Federal Contract Tower,18,11,21,0,50,0,9,17,0,26,18,20,38,0,76,16,0,16,92
10/24/2018,BLI,WA,ANM,WE,Federal Contract Tower,11,4,20,0,35,0,29,69,1,99,11,33,89,1,134,56,0,56,190
10/25/2018,BLI,WA,ANM,WE,Federal Contract Tower,21,8,12,0,41,0,21,28,0,49,21,29,40,0,90,20,0,20,110
10/26/2018,BLI,WA,ANM,WE,Federal Contract Tower,13,11,11,0,35,0,36,38,0,74,13,47,49,0,109,42,0,42,151
10/27/2018,BLI,WA,ANM,WE,Federal Contract Tower,12,7,8,0,27,0,13,74,0,87,12,20,82,0,114,78,0,78,192
10/28/2018,BLI,WA,ANM,WE,Federal Contract Tower,20,1,6,0,27,0,14,33,0,47,20,15,39,0,74,42,0,42,116
10/29/2018,BLI,WA,ANM,WE,Federal Contract Tower,20,6,10,0,36,0,24,39,0,63,20,30,49,0,99,110,0,110,209
10/31/2018,BLI,WA,ANM,WE,Federal Contract Tower,10,12,14,0,36,0,19,18,0,37,10,31,32,0,73,8,0,8,81
11/01/2018,BLI,WA,ANM,WE,Federal Contract Tower,24,12,20,0,56,0,10,8,0,18,24,22,28,0,74,4,0,4,78
11/02/2018,BLI,WA,ANM,WE,Federal Contract Tower,18,6,17,0,41,0,29,74,0,103,18,35,91,0,144,98,0,98,242
11/03/2018,BLI,WA,ANM,WE,Federal Contract Tower,13,6,8,0,27,0,9,9,0,18,13,15,17,0,45,20,0,20,65
11/04/2018,BLI,WA,ANM,WE,Federal Contract Tower,24,1,14,0,39,0,14,64,0,78,24,15,78,0,117,64,0,64,181
11/05/2018,BLI,WA,ANM,WE,Federal Contract Tower,18,8,19,0,45,0,33,47,0,80,18,41,66,0,125,34,0,34,159
11/06/2018,BLI,WA,ANM,WE,Federal Contract Tower,13,13,14,1,41,0,48,79,1,128,13,61,93,2,169,28,0,28,197
11/07/2018,BLI,WA,ANM,WE,Federal Contract Tower,12,11,28,0,51,0,20,85,0,105,12,31,113,0,156,78,0,78,234
11/08/2018,BLI,WA,ANM,WE,Federal Contract Tower,19,6,12,0,37,0,28,85,2,115,19,34,97,2,152,110,10,120,272
11/09/2018,BLI,WA,ANM,WE,Federal Contract Tower,19,11,27,0,57,0,7,14,0,21,19,18,41,0,78,6,0,6,84
11/10/2018,BLI,WA,ANM,WE,Federal Contract Tower,15,1,19,2,37,0,10,40,0,50,15,11,59,2,87,60,0,60,147
11/11/2018,BLI,WA,ANM,WE,Federal Contract Tower,22,0,10,0,32,0,13,100,2,115,22,13,110,2,147,84,0,84,231
11/12/2018,BLI,WA,ANM,WE,Federal Contract Tower,20,6,6,0,32,0,26,94,4,124,20,32,100,4,156,92,8,100,256
11/13/2018,BLI,WA,ANM,WE,Federal Contract Tower,14,10,19,4,47,0,44,87,0,131,14,54,106,4,178,48,0,48,226
11/14/2018,BLI,WA,ANM,WE,Federal Contract Tower,14,8,14,0,36,0,19,21,0,40,14,27,35,0,76,14,0,14,90
11/15/2018,BLI,WA,ANM,WE,Federal Contract Tower,21,13,17,0,51,0,22,45,0,67,21,35,62,0,118,36,0,36,154
11/16/2018,BLI,WA,ANM,WE,Federal Contract Tower,16,7,11,0,34,0,16,25,0,41,16,23,36,0,75,8,0,8,83
11/17/2018,BLI,WA,ANM,WE,Federal Contract Tower,18,7,11,0,36,0,12,93,0,105,18,19,104,0,141,34,0,34,175
11/18/2018,BLI,WA,ANM,WE,Federal Contract Tower,20,0,17,0,37,0,16,85,0,101,20,16,102,0,138,88,0,88,226
11/19/2018,BLI,WA,ANM,WE,Federal Contract Tower,20,4,20,0,44,0,28,105,0,133,20,32,125,0,177,102,0,102,279
11/20/2018,BLI,WA,ANM,WE,Federal Contract Tower,34,12,4,0,50,0,57,121,0,178,34,69,125,0,228,88,0,88,316
11/21/2018,BLI,WA,ANM,WE,Federal Contract Tower,17,6,12,0,35,0,28,43,0,71,17,34,55,0,106,10,0,10,116
11/22/2018,BLI,WA,ANM,WE,Federal Contract Tower,16,3,2,0,21,0,0,4,0,4,16,3,6,0,25,0,0,0,25
11/23/2018,BLI,WA,ANM,WE,Federal Contract Tower,18,9,4,0,31,0,14,11,0,25,18,23,15,0,56,4,0,4,60
11/24/2018,BLI,WA,ANM,WE,Federal Contract Tower,16,10,7,0,33,0,10,57,0,67,16,20,64,0,100,70,0,70,170
11/25/2018,BLI,WA,ANM,WE,Federal Contract Tower,17,3,9,0,29,0,23,48,0,71,17,26,57,0,100,70,0,70,170
11/26/2018,BLI,WA,ANM,WE,Federal Contract Tower,27,7,5,0,39,0,15,2,0,17,27,22,7,0,56,0,0,0,56
11/27/2018,BLI,WA,ANM,WE,Federal Contract Tower,8,9,8,8,33,0,34,29,0,63,8,43,37,8,96,26,0,26,122
11/28/2018,BLI,WA,ANM,WE,Federal Contract Tower,11,5,23,0,39,0,31,47,0,78,11,36,70,0,117,58,0,58,175
11/29/2018,BLI,WA,ANM,WE,Federal Contract Tower,24,6,16,0,46,0,69,73,0,142,24,75,89,0,188,42,0,42,230
11/30/2018,BLI,WA,ANM,WE,Federal Contract Tower,16,8,13,1,38,0,28,42,0,70,16,36,55,1,108,12,0,12,120
12/01/2018,BLI,WA,ANM,WE,Federal Contract Tower,14,4,8,0,26,0,5,74,0,79,14,9,82,0,105,44,0,44,149
12/02/2018,BLI,WA,ANM,WE,Federal Contract Tower,22,0,20,0,42,0,34,65,0,99,22,34,85,0,141,50,0,50,191
12/03/2018,BLI,WA,ANM,WE,Federal Contract Tower,19,10,11,0,40,0,55,84,3,142,19,65,95,3,182,76,0,76,258
12/04/2018,BLI,WA,ANM,WE,Federal Contract Tower,9,8,16,0,33,0,46,91,3,140,9,54,107,3,173,88,0,88,261
12/05/2018,BLI,WA,ANM,WE,Federal Contract Tower,10,7,18,0,35,0,22,102,1,125,10,29,120,1,160,54,0,54,214
12/06/2018,BLI,WA,ANM,WE,Federal Contract Tower,23,21,11,1,56,0,38,155,1,194,23,59,166,2,250,150,0,150,400
12/07/2018,BLI,WA,ANM,WE,Federal Contract Tower,15,6,10,1,32,0,39,84,0,123,15,45,94,1,155,16,0,16,171
12/08/2018,BLI,WA,ANM,WE,Federal Contract Tower,14,6,17,0,37,0,5,51,0,56,14,11,68,0,93,64,0,64,157
12/09/2018,BLI,WA,ANM,WE,Federal Contract Tower,19,0,1,1,21,0,5,11,0,16,19,5,12,1,37,20,0,20,57
12/10/2018,BLI,WA,ANM,WE,Federal Contract Tower,17,9,13,3,42,0,21,29,1,51,17,30,42,4,93,18,0,18,111
12/11/2018,BLI,WA,ANM,WE,Federal Contract Tower,10,9,11,1,31,0,21,5,0,26,10,30,16,1,57,0,0,0,57
12/12/2018,BLI,WA,ANM,WE,Federal Contract Tower,10,6,10,0,26,0,34,35,2,71,10,40,45,2,97,22,6,28,125
12/13/2018,BLI,WA,ANM,WE,Federal Contract Tower,24,7,7,0,38,0,18,5,0,23,24,25,12,0,61,0,0,0,61
12/14/2018,BLI,WA,ANM,WE,Federal Contract Tower,14,6,7,0,27,0,20,19,0,39,14,26,26,0,66,8,0,8,74
12/15/2018,BLI,WA,ANM,WE,Federal Contract Tower,15,7,10,0,32,0,12,45,0,57,15,19,55,0,89,28,0,28,117
12/16/2018,BLI,WA,ANM,WE,Federal Contract Tower,20,2,6,0,28,0,2,4,0,6,20,4,10,0,34,0,0,0,34
12/17/2018,BLI,WA,ANM,WE,Federal Contract Tower,16,11,12,0,39,0,41,37,0,78,16,52,49,0,117,0,34,34,151
12/18/2018,BLI,WA,ANM,WE,Federal Contract Tower,12,10,12,0,34,0,42,68,0,110,12,52,80,0,144,62,0,62,206
12/19/2018,BLI,WA,ANM,WE,Federal Contract Tower,15,5,13,0,33,0,29,47,1,77,15,34,60,1,110,6,0,6,116
12/20/2018,BLI,WA,ANM,WE,Federal Contract Tower,25,1,4,0,30,0,2,0,0,2,25,3,4,0,32,0,0,0,32
12/21/2018,BLI,WA,ANM,WE,Federal Contract Tower,22,6,15,0,43,0,37,99,0,136,22,43,114,0,179,64,0,64,243
12/22/2018,BLI,WA,ANM,WE,Federal Contract Tower,20,6,10,0,36,0,7,21,0,28,20,13,31,0,64,6,0,6,70
12/23/2018,BLI,WA,ANM,WE,Federal Contract Tower,18,2,4,0,24,0,6,14,0,20,18,8,18,0,44,12,0,12,56
12/24/2018,BLI,WA,ANM,WE,Federal Contract Tower,21,6,0,0,27,0,10,38,0,48,21,16,38,0,75,6,0,6,81
12/25/2018,BLI,WA,ANM,WE,Federal Contract Tower,19,0,1,0,20,0,2,10,0,12,19,2,11,0,32,26,0,26,58
12/26/2018,BLI,WA,ANM,WE,Federal Contract Tower,17,7,4,0,28,0,21,22,0,43,17,28,26,0,71,0,0,0,71
12/27/2018,BLI,WA,ANM,WE,Federal Contract Tower,22,13,14,0,49,0,23,18,0,41,22,36,32,0,90,16,0,16,106
12/28/2018,BLI,WA,ANM,WE,Federal Contract Tower,22,21,6,0,49,0,11,3,0,14,22,32,9,0,63,2,0,2,65
12/29/2018,BLI,WA,ANM,WE,Federal Contract Tower,21,4,2,0,27,0,4,1,0,5,21,8,3,0,32,0,0,0,32
12/30/2018,BLI,WA,ANM,WE,Federal Contract Tower,19,1,14,0,34,0,10,45,0,55,19,11,59,0,89,28,0,28,117
12/31/2018,BLI,WA,ANM,WE,Federal Contract Tower,25,6,2,0,33,0,46,91,3,140,25,52,93,3,173,108,0,108,281
01/01/2019,BLI,WA,ANM,WE,Federal Contract Tower,20,2,1,0,23,0,2,74,0,76,20,4,75,0,99,46,0,46,145
01/02/2019,BLI,WA,ANM,WE,Federal Contract Tower,17,5,11,0,33,0,16,60,0,76,17,21,71,0,109,44,0,44,153
01/03/2019,BLI,WA,ANM,WE,Federal Contract Tower,26,8,9,0,43,0,9,6,4,19,26,17,15,4,62,20,0,20,82
01/04/2019,BLI,WA,ANM,WE,Federal Contract Tower,16,9,14,6,45,0,14,27,0,41,16,23,41,6,86,24,0,24,110
01/05/2019,BLI,WA,ANM,WE,Federal Contract Tower,20,4,4,0,28,0,11,52,0,63,20,15,56,0,91,70,0,70,161
01/06/2019,BLI,WA,ANM,WE,Federal Contract Tower,20,3,5,0,28,0,7,18,0,25,20,10,23,0,53,6,0,6,59
01/07/2019,BLI,WA,ANM,WE,Federal Contract Tower,19,6,15,0,40,0,15,45,0,60,19,21,60,0,100,36,0,36,136
01/08/2019,BLI,WA,ANM,WE,Federal Contract Tower,8,7,13,9,37,0,44,58,0,102,8,51,71,9,139,60,38,98,237
01/09/2019,BLI,WA,ANM,WE,Federal Contract Tower,10,11,5,0,26,0,34,42,0,76,10,45,47,0,102,30,0,30,132
01/10/2019,BLI,WA,ANM,WE,Federal Contract Tower,20,8,12,1,41,2,32,40,5,79,22,40,52,6,120,30,6,36,156
01/11/2019,BLI,WA,ANM,WE,Federal Contract Tower,14,10,5,0,29,0,18,89,1,108,14,28,94,1,137,32,0,32,169
01/12/2019,BLI,WA,ANM,WE,Federal Contract Tower,12,5,23,0,40,0,18,88,0,106,12,23,111,0,146,122,0,122,268
01/13/2019,BLI,WA,ANM,WE,Federal Contract Tower,25,0,7,0,32,0,35,125,1,161,25,35,132,1,193,148,0,148,341
01/14/2019,BLI,WA,ANM,WE,Federal Contract Tower,15,7,11,0,33,0,30,68,0,98,15,37,79,0,131,90,0,90,221
01/15/2019,BLI,WA,ANM,WE,Federal Contract Tower,11,8,14,0,33,0,50,107,1,158,11,58,121,1,191,54,0,54,245
01/16/2019,BLI,WA,ANM,WE,Federal Contract Tower,9,8,22,1,40,0,48,89,2,139,9,56,111,3,179,48,0,48,227
01/17/2019,BLI,WA,ANM,WE,Federal Contract Tower,21,6,11,2,40,0,30,64,2,96,21,36,75,4,136,32,0,32,168
01/18/2019,BLI,WA,ANM,WE,Federal Contract Tower,14,6,8,0,28,0,30,29,0,59,14,36,37,0,87,12,0,12,99
01/19/2019,BLI,WA,ANM,WE,Federal Contract Tower,16,2,8,0,26,0,10,25,0,35,16,12,33,0,61,28,0,28,89
01/20/2019,BLI,WA,ANM,WE,Federal Contract Tower,25,0,8,0,33,0,5,41,0,46,25,5,49,0,79,72,0,72,151
01/21/2019,BLI,WA,ANM,WE,Federal Contract Tower,19,5,8,0,32,0,18,60,0,78,19,23,68,0,110,66,0,66,176
01/22/2019,BLI,WA,ANM,WE,Federal Contract Tower,9,10,10,0,29,0,33,13,0,46,9,43,23,0,75,28,0,28,103
01/23/2019,BLI,WA,ANM,WE,Federal Contract Tower,11,14,19,0,44,0,13,31,1,45,11,27,50,1,89,30,0,30,119
01/24/2019,BLI,WA,ANM,WE,Federal Contract Tower,20,7,14,0,41,0,22,52,0,74,20,29,66,0,115,68,0,68,183
01/25/2019,BLI,WA,ANM,WE,Federal Contract Tower,13,4,27,0,44,0,22,78,0,100,13,26,105,0,144,40,0,40,184
01/26/2019,BLI,WA,ANM,WE,Federal Contract Tower,11,5,16,0,32,0,10,88,0,98,11,15,104,0,130,78,0,78,208
01/27/2019,BLI,WA,ANM,WE,Federal Contract Tower,20,3,14,0,37,0,6,30,0,36,20,9,44,0,73,62,0,62,135
01/28/2019,BLI,WA,ANM,WE,Federal Contract Tower,17,14,13,0,44,0,44,94,0,138,17,58,107,0,182,102,0,102,284
01/29/2019,BLI,WA,ANM,WE,Federal Contract Tower,13,9,10,0,32,0,59,112,0,171,13,68,122,0,203,54,0,54,257
01/30/2019,BLI,WA,ANM,WE,Federal Contract Tower,9,5,17,0,31,0,27,95,5,127,9,32,112,5,158,60,2,62,220
01/31/2019,BLI,WA,ANM,WE,Federal Contract Tower,25,8,11,0,44,0,37,65,6,108,25,45,76,6,152,48,0,48,200
02/01/2019,BLI,WA,ANM,WE,Federal Contract Tower,14,8,12,0,34,0,13,13,0,26,14,21,25,0,60,26,0,26,86
02/02/2019,BLI,WA,ANM,WE,Federal Contract Tower,12,3,6,0,21,0,8,33,0,41,12,11,39,0,62,68,0,68,130
02/03/2019,BLI,WA,ANM,WE,Federal Contract Tower,22,0,3,0,25,0,3,0,0,3,22,3,3,0,28,0,0,0,28
02/04/2019,BLI,WA,ANM,WE,Federal Contract Tower,11,1,8,0,20,0,0,1,0,1,11,1,9,0,21,0,0,0,21
02/05/2019,BLI,WA,ANM,WE,Federal Contract Tower,10,10,9,0,29,0,35,93,0,128,10,45,102,0,157,96,0,96,253
02/06/2019,BLI,WA,ANM,WE,Federal Contract Tower,11,5,16,0,32,0,47,129,4,180,11,52,145,4,212,60,0,60,272
02/07/2019,BLI,WA,ANM,WE,Federal Contract Tower,22,5,14,0,41,0,41,78,0,119,22,46,92,0,160,40,0,40,200
02/08/2019,BLI,WA,ANM,WE,Federal Contract Tower,9,4,4,0,17,0,5,2,0,7,9,9,6,0,24,0,0,0,24
02/09/2019,BLI,WA,ANM,WE,Federal Contract Tower,14,0,0,0,14,0,2,0,0,2,14,2,0,0,16,0,0,0,16
02/10/2019,BLI,WA,ANM,WE,Federal Contract Tower,11,2,11,0,24,0,5,30,0,35,11,7,41,0,59,0,0,0,59
02/11/2019,BLI,WA,ANM,WE,Federal Contract Tower,12,1,7,0,20,0,0,2,0,2,12,1,9,0,22,0,0,0,22
02/12/2019,BLI,WA,ANM,WE,Federal Contract Tower,7,0,0,0,7,0,0,2,0,2,7,0,2,0,9,0,0,0,9
02/13/2019,BLI,WA,ANM,WE,Federal Contract Tower,13,6,4,0,23,0,1,13,0,14,13,7,17,0,37,12,0,12,49
02/14/2019,BLI,WA,ANM,WE,Federal Contract Tower,24,8,7,0,39,0,24,17,0,41,24,32,24,0,80,0,0,0,80
02/15/2019,BLI,WA,ANM,WE,Federal Contract Tower,14,8,10,0,32,0,25,17,0,42,14,33,27,0,74,0,0,0,74
02/16/2019,BLI,WA,ANM,WE,Federal Contract Tower,16,6,7,0,29,0,4,9,0,13,16,10,16,0,42,26,0,26,68
02/17/2019,BLI,WA,ANM,WE,Federal Contract Tower,22,0,21,0,43,0,9,78,0,87,22,9,99,0,130,17,0,17,147
02/18/2019,BLI,WA,ANM,WE,Federal Contract Tower,19,5,7,0,31,0,35,70,0,105,19,40,77,0,136,64,0,64,200
02/19/2019,BLI,WA,ANM,WE,Federal Contract Tower,9,9,4,2,24,0,22,4,0,26,9,31,8,2,50,0,0,0,50
02/20/2019,BLI,WA,ANM,WE,Federal Contract Tower,12,10,24,2,48,0,25,46,2,73,12,35,70,4,121,22,14,36,157
02/21/2019,BLI,WA,ANM,WE,Federal Contract Tower,22,8,20,0,50,0,42,143,0,185,22,50,163,0,235,122,0,122,357
02/22/2019,BLI,WA,ANM,WE,Federal Contract Tower,15,8,7,0,30,0,22,6,0,28,15,30,13,0,58,0,0,0,58
02/23/2019,BLI,WA,ANM,WE,Federal Contract Tower,16,7,3,0,26,0,10,26,0,36,16,17,29,0,62,14,0,14,76
02/24/2019,BLI,WA,ANM,WE,Federal Contract Tower,24,0,5,0,29,0,8,47,0,55,24,8,52,0,84,30,0,30,114
02/25/2019,BLI,WA,ANM,WE,Federal Contract Tower,21,6,1,0,28,0,12,3,0,15,21,18,4,0,43,2,0,2,45
02/26/2019,BLI,WA,ANM,WE,Federal Contract Tower,10,5,9,0,24,0,24,35,2,61,10,29,44,2,85,6,0,6,91
02/27/2019,BLI,WA,ANM,WE,Federal Contract Tower,13,9,16,0,38,0,22,40,0,62,13,31,56,0,100,54,0,54,154
02/28/2019,BLI,WA,ANM,WE,Federal Contract Tower,23,7,22,0,52,0,34,89,2,125,23,41,111,2,177,52,0,52,229
03/01/2019,BLI,WA,ANM,WE,Federal Contract Tower,16,7,19,0,42,0,31,99,2,132,16,38,118,2,174,76,10,86,260
03/02/2019,BLI,WA,ANM,WE,Federal Contract Tower,16,7,15,0,38,0,22,36,0,58,16,29,51,0,96,2,0,2,98
03/03/2019,BLI,WA,ANM,WE,Federal Contract Tower,22,2,6,0,30,0,7,40,0,47,22,9,46,0,77,4,0,4,81
03/04/2019,BLI,WA,ANM,WE,Federal Contract Tower,21,4,18,0,43,0,43,110,3,156,21,47,128,3,199,64,0,64,263
03/05/2019,BLI,WA,ANM,WE,Federal Contract Tower,9,7,21,4,41,0,34,97,0,131,9,41,118,4,172,24,0,24,196
03/06/2019,BLI,WA,ANM,WE,Federal Contract Tower,15,6,10,0,31,0,21,48,0,69,15,27,58,0,100,30,0,30,130
03/07/2019,BLI,WA,ANM,WE,Federal Contract Tower,20,5,11,0,36,0,43,30,0,73,20,48,41,0,109,56,0,56,165
03/08/2019,BLI,WA,ANM,WE,Federal Contract Tower,16,8,15,0,39,0,23,42,2,67,16,31,57,2,106,72,0,72,178
03/09/2019,BLI,WA,ANM,WE,Federal Contract Tower,18,4,18,0,40,0,24,95,0,119,18,28,113,0,159,70,0,70,229
03/10/2019,BLI,WA,ANM,WE,Federal Contract Tower,21,2,15,0,38,0,11,100,0,111,21,13,115,0,149,58,0,58,207
03/11/2019,BLI,WA,ANM,WE,Federal Contract Tower,18,11,21,0,50,0,29,41,0,70,18,40,62,0,120,68,0,68,188
03/12/2019,BLI,WA,ANM,WE,Federal Contract Tower,16,19,13,2,50,0,20,22,0,42,16,39,35,2,92,22,0,22,114
03/13/2019,BLI,WA,ANM,WE,Federal Contract Tower,21,7,22,2,52,0,21,94,0,115,21,28,116,2,167,58,0,58,225
03/14/2019,BLI,WA,ANM,WE,Federal Contract Tower,20,7,11,0,38,0,39,58,0,97,20,46,69,0,135,14,0,14,149
03/15/2019,BLI,WA,ANM,WE,Federal Contract Tower,17,8,8,0,33,0,29,94,0,123,17,37,102,0,156,42,0,42,198
03/16/2019,BLI,WA,ANM,WE,Federal Contract Tower,26,5,10,0,41,0,12,91,1,104,26,17,101,1,145,40,0,40,185
03/17/2019,BLI,WA,ANM,WE,Federal Contract Tower,21,0,11,0,32,0,10,102,0,112,21,10,113,0,144,22,0,22,166
03/18/2019,BLI,WA,ANM,WE,Federal Contract Tower,18,5,25,0,48,0,40,116,0,156,18,45,141,0,204,50,0,50,254
03/19/2019,BLI,WA,ANM,WE,Federal Contract Tower,18,6,14,0,38,0,64,99,3,166,18,70,113,3,204,68,36,104,308
03/20/2019,BLI,WA,ANM,WE,Federal Contract Tower,22,7,14,0,43,0,39,156,0,195,22,46,170,0,238,98,10,108,346
03/21/2019,BLI,WA,ANM,WE,Federal Contract Tower,21,7,17,0,45,0,47,78,0,125,21,54,95,0,170,64,0,64,234
03/22/2019,BLI,WA,ANM,WE,Federal Contract Tower,18,7,13,0,38,0,35,85,0,120,18,42,98,0,158,34,0,34,192
03/23/2019,BLI,WA,ANM,WE,Federal Contract Tower,21,4,14,0,39,0,11,55,0,66,21,15,69,0,105,60,0,60,165
03/24/2019,BLI,WA,ANM,WE,Federal Contract Tower,19,3,19,0,41,0,14,61,0,75,19,17,80,0,116,38,0,38,154
03/25/2019,BLI,WA,ANM,WE,Federal Contract Tower,21,7,15,0,43,0,40,110,0,150,21,47,125,0,193,72,0,72,265
03/26/2019,BLI,WA,ANM,WE,Federal Contract Tower,16,6,24,2,48,0,38,46,0,84,16,44,70,2,132,38,0,38,170
03/27/2019,BLI,WA,ANM,WE,Federal Contract Tower,23,6,14,0,43,0,33,113,0,146,23,39,127,0,189,24,0,24,213
03/28/2019,BLI,WA,ANM,WE,Federal Contract Tower,23,7,23,0,53,0,34,88,0,122,23,41,111,0,175,80,0,80,255
03/29/2019,BLI,WA,ANM,WE,Federal Contract Tower,17,7,27,0,51,0,34,94,0,128,17,41,121,0,179,22,0,22,201
03/30/2019,BLI,WA,ANM,WE,Federal Contract Tower,22,9,22,0,53,0,21,100,0,121,22,30,122,0,174,44,0,44,218
03/31/2019,BLI,WA,ANM,WE,Federal Contract Tower,21,1,9,0,31,0,17,91,0,108,21,18,100,0,139,72,0,72,211
04/01/2019,BLI,WA,ANM,WE,Federal Contract Tower,20,7,5,3,35,0,21,63,2,86,20,28,68,5,121,32,0,32,153
04/02/2019,BLI,WA,ANM,WE,Federal Contract Tower,15,5,19,0,39,0,16,87,0,103,15,21,106,0,142,30,24,54,196
04/03/2019,BLI,WA,ANM,WE,Federal Contract Tower,21,7,11,0,39,0,23,20,0,43,21,30,31,0,82,8,0,8,90
04/04/2019,BLI,WA,ANM,WE,Federal Contract Tower,20,9,15,4,48,0,21,95,0,116,20,30,110,4,164,70,0,70,234
04/05/2019,BLI,WA,ANM,WE,Federal Contract Tower,17,9,6,0,32,0,26,18,0,44,17,35,24,0,76,18,0,18,94
04/06/2019,BLI,WA,ANM,WE,Federal Contract Tower,21,3,3,0,27,0,4,10,0,14,21,7,13,0,41,0,0,0,41
04/07/2019,BLI,WA,ANM,WE,Federal Contract Tower,19,2,15,0,36,0,13,38,0,51,19,15,53,0,87,36,0,36,123
04/08/2019,BLI,WA,ANM,WE,Federal Contract Tower,22,5,17,2,46,0,18,36,1,55,22,23,53,3,101,32,0,32,133
04/09/2019,BLI,WA,ANM,WE,Federal Contract Tower,12,5,17,0,34,0,42,55,0,97,12,47,72,0,131,42,0,42,173
04/10/2019,BLI,WA,ANM,WE,Federal Contract Tower,14,7,18,2,41,0,15,26,0,41,14,22,44,2,82,2,0,2,84
04/11/2019,BLI,WA,ANM,WE,Federal Contract Tower,20,8,24,0,52,0,27,28,0,55,20,35,52,0,107,4,0,4,111
04/12/2019,BLI,WA,ANM,WE,Federal Contract Tower,13,6,24,0,43,0,31,90,0,121,13,37,114,0,164,58,0,58,222
04/13/2019,BLI,WA,ANM,WE,Federal Contract Tower,18,9,6,0,33,0,14,0,0,14,18,23,6,0,47,0,0,0,47
04/14/2019,BLI,WA,ANM,WE,Federal Contract Tower,18,0,10,0,28,0,12,48,0,60,18,12,58,0,88,4,0,4,92
04/15/2019,BLI,WA,ANM,WE,Federal Contract Tower,18,5,23,0,46,0,35,107,0,142,18,40,130,0,188,86,0,86,274
04/16/2019,BLI,WA,ANM,WE,Federal Contract Tower,11,9,21,1,42,0,41,77,8,126,11,50,98,9,168,44,0,44,212
04/17/2019,BLI,WA,ANM,WE,Federal Contract Tower,15,7,25,2,49,0,46,68,2,116,15,53,93,4,165,20,0,20,185
04/18/2019,BLI,WA,ANM,WE,Federal Contract Tower,21,14,26,0,61,0,27,26,0,53,21,41,52,0,114,16,0,16,130
04/19/2019,BLI,WA,ANM,WE,Federal Contract Tower,17,11,23,0,51,0,15,37,0,52,17,26,60,0,103,52,0,52,155
04/20/2019,BLI,WA,ANM,WE,Federal Contract Tower,16,3,15,0,34,0,24,92,0,116,16,27,107,0,150,38,0,38,188
04/21/2019,BLI,WA,ANM,WE,Federal Contract Tower,18,0,8,0,26,0,15,71,0,86,18,15,79,0,112,34,0,34,146
04/22/2019,BLI,WA,ANM,WE,Federal Contract Tower,21,6,17,2,46,0,18,29,0,47,21,24,46,2,93,34,0,34,127
04/23/2019,BLI,WA,ANM,WE,Federal Contract Tower,9,10,29,0,48,0,37,60,2,99,9,47,89,2,147,66,20,86,233
04/24/2019,BLI,WA,ANM,WE,Federal Contract Tower,12,8,22,0,42,0,28,113,0,141,12,36,135,0,183,112,0,112,295
04/25/2019,BLI,WA,ANM,WE,Federal Contract Tower,18,9,25,0,52,0,26,92,0,118,18,35,117,0,170,64,0,64,234
04/26/2019,BLI,WA,ANM,WE,Federal Contract Tower,16,10,15,0,41,0,34,57,0,91,16,44,72,0,132,98,0,98,230
04/27/2019,BLI,WA,ANM,WE,Federal Contract Tower,16,3,6,0,25,0,14,37,0,51,16,17,43,0,76,18,0,18,94
04/28/2019,BLI,WA,ANM,WE,Federal Contract Tower,16,0,12,0,28,0,20,119,0,139,16,20,131,0,167,20,0,20,187
04/29/2019,BLI,WA,ANM,WE,Federal Contract Tower,18,4,21,0,43,0,36,112,4,152,18,40,133,4,195,48,0,48,243
04/30/2019,BLI,WA,ANM,WE,Federal Contract Tower,10,11,25,0,46,0,84,149,0,233,10,95,174,0,279,88,20,108,387
05/01/2019,BLI,WA,ANM,WE,Federal Contract Tower,12,7,27,0,46,0,27,75,0,102,12,34,102,0,148,34,0,34,182
05/02/2019,BLI,WA,ANM,WE,Federal Contract Tower,19,4,29,0,52,0,34,58,0,92,19,38,87,0,144,32,0,32,176
05/03/2019,BLI,WA,ANM,WE,Federal Contract Tower,16,6,25,0,47,2,19,75,0,96,18,25,100,0,143,108,0,108,251
05/04/2019,BLI,WA,ANM,WE,Federal Contract Tower,13,2,23,0,38,0,14,84,0,98,13,16,107,0,136,62,0,62,198
05/05/2019,BLI,WA,ANM,WE,Federal Contract Tower,16,0,6,0,22,0,9,104,0,113,16,9,110,0,135,42,0,42,177
05/06/2019,BLI,WA,ANM,WE,Federal Contract Tower,17,8,26,0,51,0,45,70,2,117,17,53,96,2,168,56,0,56,224
05/07/2019,BLI,WA,ANM,WE,Federal Contract Tower,9,9,22,0,40,0,56,127,0,183,9,65,149,0,223,72,0,72,295
05/08/2019,BLI,WA,ANM,WE,Federal Contract Tower,12,8,31,1,52,0,26,113,3,142,12,34,144,4,194,72,0,72,266
05/09/2019,BLI,WA,ANM,WE,Federal Contract Tower,18,6,13,0,37,0,34,74,0,108,18,40,87,0,145,32,0,32,177
05/10/2019,BLI,WA,ANM,WE,Federal Contract Tower,14,3,31,0,48,0,37,131,0,168,14,40,162,0,216,38,0,38,254
05/11/2019,BLI,WA,ANM,WE,Federal Contract Tower,15,4,15,0,34,0,27,123,0,150,15,31,138,0,184,58,0,58,242
05/12/2019,BLI,WA,ANM,WE,Federal Contract Tower,16,2,9,0,27,0,23,61,1,85,16,25,70,1,112,26,0,26,138
05/13/2019,BLI,WA,ANM,WE,Federal Contract Tower,18,14,21,0,53,0,36,87,3,126,18,50,108,3,179,64,0,64,243
05/14/2019,BLI,WA,ANM,WE,Federal Contract Tower,8,8,22,0,38,0,27,43,4,74,8,35,65,4,112,6,0,6,118
05/15/2019,BLI,WA,ANM,WE,Federal Contract Tower,14,6,20,0,40,0,21,76,0,97,14,27,96,0,137,50,0,50,187
05/16/2019,BLI,WA,ANM,WE,Federal Contract Tower,16,7,22,0,45,0,41,100,0,141,16,48,122,0,186,62,0,62,248
05/17/2019,BLI,WA,ANM,WE,Federal Contract Tower,17,10,26,0,53,0,38,57,0,95,17,48,83,0,148,30,0,30,178
05/18/2019,BLI,WA,ANM,WE,Federal Contract Tower,13,5,18,0,36,0,12,137,0,149,13,17,155,0,185,48,0,48,233
05/19/2019,BLI,WA,ANM,WE,Federal Contract Tower,16,2,26,0,44,0,23,110,0,133,16,25,136,0,177,56,0,56,233
05/20/2019,BLI,WA,ANM,WE,Federal Contract Tower,19,8,31,0,58,0,29,16,0,45,19,37,47,0,103,10,0,10,113
05/21/2019,BLI,WA,ANM,WE,Federal Contract Tower,11,9,22,0,42,0,16,60,2,78,11,25,82,2,120,22,0,22,142
05/22/2019,BLI,WA,ANM,WE,Federal Contract Tower,16,9,16,5,46,0,35,117,3,155,16,44,133,8,201,66,0,66,267
05/23/2019,BLI,WA,ANM,WE,Federal Contract Tower,21,6,23,0,50,0,52,152,0,204,21,58,175,0,254,122,0,122,376
05/24/2019,BLI,WA,ANM,WE,Federal Contract Tower,17,11,36,2,66,0,52,61,0,113,17,63,97,2,179,34,0,34,213
05/25/2019,BLI,WA,ANM,WE,Federal Contract Tower,14,6,11,0,31,0,15,14,0,29,14,21,25,0,60,0,0,0,60
05/26/2019,BLI,WA,ANM,WE,Federal Contract Tower,16,1,16,1,34,0,39,131,30,200,16,40,147,31,234,38,0,38,272
05/27/2019,BLI,WA,ANM,WE,Federal Contract Tower,18,3,9,0,30,0,44,170,0,214,18,47,179,0,244,74,0,74,318
05/28/2019,BLI,WA,ANM,WE,Federal Contract Tower,9,11,12,6,38,0,41,93,2,136,9,52,105,8,174,48,0,48,222
05/29/2019,BLI,WA,ANM,WE,Federal Contract Tower,14,9,34,0,57,0,30,94,0,124,14,39,128,0,181,92,0,92,273
05/30/2019,BLI,WA,ANM,WE,Federal Contract Tower,19,10,23,2,54,0,27,88,3,118,19,37,111,5,172,70,36,106,278
05/31/2019,BLI,WA,ANM,WE,Federal Contract Tower,21,7,20,0,48,0,55,121,3,179,21,62,141,3,227,106,10,116,343
06/01/2019,BLI,WA,ANM,WE,Federal Contract Tower,14,5,17,0,36,0,13,87,0,100,14,18,104,0,136,18,0,18,154
06/02/2019,BLI,WA,ANM,WE,Federal Contract Tower,17,0,19,0,36,0,47,130,2,179,17,47,149,2,215,118,0,118,333
06/03/2019,BLI,WA,ANM,WE,Federal Contract Tower,19,11,13,4,47,0,28,110,0,138,19,39,123,4,185,90,0,90,275
06/04/2019,BLI,WA,ANM,WE,Federal Contract Tower,12,6,19,2,39,0,47,98,0,145,12,53,117,2,184,32,0,32,216
06/05/2019,BLI,WA,ANM,WE,Federal Contract Tower,14,8,16,1,39,0,40,96,3,139,14,48,112,4,178,128,0,128,306
06/06/2019,BLI,WA,ANM,WE,Federal Contract Tower,20,7,17,9,53,0,39,103,1,143,20,46,120,10,196,66,0,66,262
06/07/2019,BLI,WA,ANM,WE,Federal Contract Tower,18,13,15,3,49,0,37,46,1,84,18,50,61,4,133,30,0,30,163
06/08/2019,BLI,WA,ANM,WE,Federal Contract Tower,16,4,14,0,34,0,18,95,0,113,16,22,109,0,147,74,0,74,221
06/09/2019,BLI,WA,ANM,WE,Federal Contract Tower,18,2,13,2,35,0,39,123,0,162,18,41,136,2,197,116,0,116,313
06/10/2019,BLI,WA,ANM,WE,Federal Contract Tower,22,8,20,6,56,0,53,92,0,145,22,61,112,6,201,74,0,74,275
06/11/2019,BLI,WA,ANM,WE,Federal Contract Tower,16,8,14,0,38,0,59,125,2,186,16,67,139,2,224,72,10,82,306
06/12/2019,BLI,WA,ANM,WE,Federal Contract Tower,16,8,22,8,54,0,36,120,2,158,16,44,142,10,212,50,0,50,262
06/13/2019,BLI,WA,ANM,WE,Federal Contract Tower,18,13,23,3,57,0,40,96,1,137,18,53,119,4,194,40,0,40,234
06/14/2019,BLI,WA,ANM,WE,Federal Contract Tower,17,7,24,0,48,0,31,110,0,141,17,38,134,0,189,76,0,76,265
06/15/2019,BLI,WA,ANM,WE,Federal Contract Tower,17,12,17,0,46,0,20,70,0,90,17,32,87,0,136,32,0,32,168
06/16/2019,BLI,WA,ANM,WE,Federal Contract Tower,19,4,18,0,41,0,16,138,0,154,19,20,156,0,195,44,0,44,239
06/17/2019,BLI,WA,ANM,WE,Federal Contract Tower,20,4,18,0,42,0,25,79,0,104,20,29,97,0,146,70,0,70,216
06/18/2019,BLI,WA,ANM,WE,Federal Contract Tower,16,9,15,0,40,0,22,61,0,83,16,31,76,0,123,42,0,42,165
06/19/2019,BLI,WA,ANM,WE,Federal Contract Tower,16,6,31,0,53,0,36,72,0,108,16,42,103,0,161,130,0,130,291
06/20/2019,BLI,WA,ANM,WE,Federal Contract Tower,18,12,23,2,55,0,33,108,0,141,18,45,131,2,196,26,10,36,232
06/21/2019,BLI,WA,ANM,WE,Federal Contract Tower,19,11,13,3,46,0,42,140,5,187,19,53,153,8,233,88,0,88,321
06/22/2019,BLI,WA,ANM,WE,Federal Contract Tower,15,7,24,1,47,0,14,49,0,63,15,21,73,1,110,20,0,20,130
06/23/2019,BLI,WA,ANM,WE,Federal Contract Tower,18,4,18,1,41,0,32,47,0,79,18,36,65,1,120,112,0,112,232
06/24/2019,BLI,WA,ANM,WE,Federal Contract Tower,20,7,20,0,47,0,26,74,3,103,20,33,94,3,150,108,4,112,262
06/25/2019,BLI,WA,ANM,WE,Federal Contract Tower,16,9,11,0,36,0,30,108,0,138,16,39,119,0,174,28,0,28,202
06/26/2019,BLI,WA,ANM,WE,Federal Contract Tower,17,8,20,0,45,0,24,89,2,115,17,32,109,2,160,70,0,70,230
06/27/2019,BLI,WA,ANM,WE,Federal Contract Tower,18,12,35,0,65,0,18,41,0,59,18,30,76,0,124,8,0,8,132
06/28/2019,BLI,WA,ANM,WE,Federal Contract Tower,18,8,27,1,54,0,42,94,1,137,18,50,121,2,191,42,0,42,233
06/29/2019,BLI,WA,ANM,WE,Federal Contract Tower,16,6,19,0,41,0,23,137,1,161,16,29,156,1,202,48,0,48,250
06/30/2019,BLI,WA,ANM,WE,Federal Contract Tower,18,1,16,0,35,0,27,108,1,136,18,28,124,1,171,70,0,70,241
07/01/2019,BLI,WA,ANM,WE,Federal Contract Tower,18,13,12,0,43,0,51,136,3,190,18,64,148,3,233,74,0,74,307
07/02/2019,BLI,WA,ANM,WE,Federal Contract Tower,16,8,21,15,60,0,58,52,5,115,16,66,73,20,175,14,0,14,189
07/03/2019,BLI,WA,ANM,WE,Federal Contract Tower,18,6,40,0,64,0,45,117,0,162,18,51,157,0,226,134,0,134,360
07/04/2019,BLI,WA,ANM,WE,Federal Contract Tower,19,0,16,0,35,0,18,78,0,96,19,18,94,0,131,68,0,68,199
07/05/2019,BLI,WA,ANM,WE,Federal Contract Tower,18,7,21,0,46,0,29,91,0,120,18,36,112,0,166,64,0,64,230
07/06/2019,BLI,WA,ANM,WE,Federal Contract Tower,16,3,17,0,36,0,25,77,0,102,16,28,94,0,138,42,0,42,180
07/07/2019,BLI,WA,ANM,WE,Federal Contract Tower,19,3,31,0,53,0,31,65,0,96,19,34,96,0,149,58,0,58,207
07/08/2019,BLI,WA,ANM,WE,Federal Contract Tower,20,11,20,1,52,0,38,113,1,152,20,49,133,2,204,62,0,62,266
07/09/2019,BLI,WA,ANM,WE,Federal Contract Tower,16,7,24,1,48,0,30,85,1,116,16,37,109,2,164,68,0,68,232
07/10/2019,BLI,WA,ANM,WE,Federal Contract Tower,17,17,24,2,60,0,25,51,0,76,17,42,75,2,136,18,0,18,154
07/11/2019,BLI,WA,ANM,WE,Federal Contract Tower,19,9,20,2,50,0,37,82,1,120,19,46,102,3,170,88,0,88,258
07/12/2019,BLI,WA,ANM,WE,Federal Contract Tower,19,19,24,1,63,0,30,154,0,184,19,49,178,1,247,92,0,92,339
07/13/2019,BLI,WA,ANM,WE,Federal Contract Tower,16,8,12,0,36,0,19,107,0,126,16,27,119,0,162,42,0,42,204
07/14/2019,BLI,WA,ANM,WE,Federal Contract Tower,17,9,23,0,49,0,22,89,0,111,17,31,112,0,160,72,0,72,232
07/15/2019,BLI,WA,ANM,WE,Federal Contract Tower,22,15,24,1,62,0,32,102,2,136,22,47,126,3,198,102,0,102,300
07/16/2019,BLI,WA,ANM,WE,Federal Contract Tower,16,11,18,1,46,0,24,121,3,148,16,35,139,4,194,6,0,6,200
07/17/2019,BLI,WA,ANM,WE,Federal Contract Tower,20,16,25,0,61,0,24,20,0,44,20,40,45,0,105,12,0,12,117
07/18/2019,BLI,WA,ANM,WE,Federal Contract Tower,19,12,24,3,58,0,38,104,1,143,19,50,128,4,201,146,0,146,347
07/19/2019,BLI,WA,ANM,WE,Federal Contract Tower,19,7,21,0,47,0,32,124,0,156,19,39,145,0,203,118,0,118,321
07/20/2019,BLI,WA,ANM,WE,Federal Contract Tower,16,5,22,0,43,0,22,121,3,146,16,27,143,3,189,48,0,48,237
07/21/2019,BLI,WA,ANM,WE,Federal Contract Tower,18,6,13,0,37,0,19,116,1,136,18,25,129,1,173,54,0,54,227
07/22/2019,BLI,WA,ANM,WE,Federal Contract Tower,20,5,27,0,52,0,37,113,0,150,20,42,140,0,202,58,0,58,260
07/23/2019,BLI,WA,ANM,WE,Federal Contract Tower,17,4,18,0,39,0,29,88,4,121,17,33,106,4,160,72,6,78,238
07/24/2019,BLI,WA,ANM,WE,Federal Contract Tower,18,16,35,0,69,0,40,110,2,152,18,56,145,2,221,40,0,40,261
07/25/2019,BLI,WA,ANM,WE,Federal Contract Tower,21,12,22,0,55,0,42,126,2,170,21,54,148,2,225,70,0,70,295
07/26/2019,BLI,WA,ANM,WE,Federal Contract Tower,18,6,16,0,40,0,46,122,0,168,18,52,138,0,208,76,0,76,284
07/27/2019,BLI,WA,ANM,WE,Federal Contract Tower,17,8,16,0,41,0,15,88,0,103,17,23,104,0,144,24,0,24,168
07/28/2019,BLI,WA,ANM,WE,Federal Contract Tower,18,6,16,1,41,0,23,137,0,160,18,29,153,1,201,46,0,46,247
07/29/2019,BLI,WA,ANM,WE,Federal Contract Tower,20,12,35,0,67,0,47,118,0,165,20,59,153,0,232,44,0,44,276
07/30/2019,BLI,WA,ANM,WE,Federal Contract Tower,15,8,36,1,60,0,49,89,12,150,15,57,125,13,210,32,0,32,242
07/31/2019,BLI,WA,ANM,WE,Federal Contract Tower,20,10,29,1,60,0,27,157,3,187,20,37,186,4,247,58,4,62,309
08/01/2019,BLI,WA,ANM,WE,Federal Contract Tower,17,13,35,2,67,0,40,116,0,156,17,53,151,2,223,24,0,24,247
08/02/2019,BLI,WA,ANM,WE,Federal Contract Tower,18,10,34,0,62,0,34,116,0,150,18,44,150,0,212,62,0,62,274
08/03/2019,BLI,WA,ANM,WE,Federal Contract Tower,20,7,23,0,50,0,40,160,0,200,20,47,183,0,250,28,0,28,278
08/04/2019,BLI,WA,ANM,WE,Federal Contract Tower,18,5,22,0,45,0,22,114,15,151,18,27,136,15,196,46,0,46,242
08/05/2019,BLI,WA,ANM,WE,Federal Contract Tower,20,9,22,0,51,0,32,125,0,157,20,41,147,0,208,48,0,48,256
08/06/2019,BLI,WA,ANM,WE,Federal Contract Tower,15,16,25,0,56,0,24,105,0,129,15,40,130,0,185,30,0,30,215
08/07/2019,BLI,WA,ANM,WE,Federal Contract Tower,18,15,31,2,66,0,20,95,3,118,18,35,126,5,184,90,0,90,274
08/08/2019,BLI,WA,ANM,WE,Federal Contract Tower,19,23,33,0,75,0,15,66,0,81,19,38,99,0,156,44,0,44,200
08/09/2019,BLI,WA,ANM,WE,Federal Contract Tower,19,10,22,0,51,0,29,97,0,126,19,39,119,0,177,80,0,80,257
08/10/2019,BLI,WA,ANM,WE,Federal Contract Tower,17,7,25,0,49,0,13,56,0,69,17,20,81,0,118,0,0,0,118
08/11/2019,BLI,WA,ANM,WE,Federal Contract Tower,17,2,26,0,45,0,26,65,0,91,17,28,91,0,136,10,0,10,146
08/12/2019,BLI,WA,ANM,WE,Federal Contract Tower,22,8,30,0,60,0,35,115,0,150,22,43,145,0,210,32,0,32,242
08/13/2019,BLI,WA,ANM,WE,Federal Contract Tower,16,8,41,0,65,0,33,94,3,130,16,41,135,3,195,40,10,50,245
08/14/2019,BLI,WA,ANM,WE,Federal Contract Tower,14,7,18,1,40,0,26,142,0,168,14,33,160,1,208,58,0,58,266
08/15/2019,BLI,WA,ANM,WE,Federal Contract Tower,22,12,41,0,75,0,32,110,2,144,22,44,151,2,219,8,0,8,227
08/16/2019,BLI,WA,ANM,WE,Federal Contract Tower,14,9,38,1,62,0,32,119,5,156,14,41,157,6,218,48,0,48,266
08/17/2019,BLI,WA,ANM,WE,Federal Contract Tower,15,6,14,0,35,0,30,210,1,241,15,36,224,1,276,32,0,32,308
08/18/2019,BLI,WA,ANM,WE,Federal Contract Tower,20,5,33,0,58,0,35,77,0,112,20,40,110,0,170,34,0,34,204
08/19/2019,BLI,WA,ANM,WE,Federal Contract Tower,18,5,20,2,45,0,29,120,0,149,18,34,140,2,194,74,2,76,270
08/20/2019,BLI,WA,ANM,WE,Federal Contract Tower,16,9,49,0,74,0,27,119,1,147,16,36,168,1,221,44,0,44,265
08/21/2019,BLI,WA,ANM,WE,Federal Contract Tower,15,18,35,4,72,0,18,32,0,50,15,36,67,4,122,0,0,0,122
08/22/2019,BLI,WA,ANM,WE,Federal Contract Tower,22,11,24,0,57,0,41,127,0,168,22,52,151,0,225,124,0,124,349
08/23/2019,BLI,WA,ANM,WE,Federal Contract Tower,18,7,21,0,46,0,46,81,0,127,18,53,102,0,173,58,0,58,231
08/24/2019,BLI,WA,ANM,WE,Federal Contract Tower,14,3,21,0,38,0,19,72,0,91,14,22,93,0,129,72,0,72,201
08/25/2019,BLI,WA,ANM,WE,Federal Contract Tower,19,2,31,0,52,0,20,123,4,147,19,22,154,4,199,90,0,90,289
08/26/2019,BLI,WA,ANM,WE,Federal Contract Tower,19,11,23,0,53,0,25,98,0,123,19,36,121,0,176,72,0,72,248
08/27/2019,BLI,WA,ANM,WE,Federal Contract Tower,13,9,18,3,43,0,29,125,1,155,13,38,143,4,198,86,0,86,284
08/28/2019,BLI,WA,ANM,WE,Federal Contract Tower,13,8,31,2,54,0,25,118,0,143,13,33,149,2,197,32,0,32,229
08/29/2019,BLI,WA,ANM,WE,Federal Contract Tower,20,15,23,0,58,0,34,129,10,173,20,49,152,10,231,94,0,94,325
08/30/2019,BLI,WA,ANM,WE,Federal Contract Tower,17,10,36,0,63,0,41,90,0,131,17,51,126,0,194,30,0,30,224
08/31/2019,BLI,WA,ANM,WE,Federal Contract Tower,9,5,15,0,29,0,19,122,0,141,9,24,137,0,170,52,0,52,222
09/01/2019,BLI,WA,ANM,WE,Federal Contract Tower,21,1,16,0,38,0,29,89,0,118,21,30,105,0,156,36,0,36,192
09/02/2019,BLI,WA,ANM,WE,Federal Contract Tower,21,4,39,0,64,0,15,42,0,57,21,19,81,0,121,24,0,24,145
09/03/2019,BLI,WA,ANM,WE,Federal Contract Tower,15,10,22,0,47,0,32,91,2,125,15,42,113,2,172,46,0,46,218
09/04/2019,BLI,WA,ANM,WE,Federal Contract Tower,11,7,38,0,56,0,28,81,0,109,11,35,119,0,165,64,0,64,229
09/05/2019,BLI,WA,ANM,WE,Federal Contract Tower,24,15,21,0,60,0,23,120,0,143,24,38,141,0,203,60,0,60,263
09/06/2019,BLI,WA,ANM,WE,Federal Contract Tower,15,13,16,0,44,0,33,102,3,138,15,46,118,3,182,18,0,18,200
09/07/2019,BLI,WA,ANM,WE,Federal Contract Tower,16,7,11,4,38,0,17,39,21,77,16,24,50,25,115,18,6,24,139
09/08/2019,BLI,WA,ANM,WE,Federal Contract Tower,18,2,29,0,49,0,19,29,0,48,18,21,58,0,97,14,0,14,111
09/09/2019,BLI,WA,ANM,WE,Federal Contract Tower,17,16,24,0,57,0,21,23,0,44,17,37,47,0,101,10,0,10,111
09/10/2019,BLI,WA,ANM,WE,Federal Contract Tower,7,10,34,0,51,0,27,98,0,125,7,37,132,0,176,26,0,26,202
09/11/2019,BLI,WA,ANM,WE,Federal Contract Tower,8,6,35,5,54,0,30,96,3,129,8,36,131,8,183,30,0,30,213
09/12/2019,BLI,WA,ANM,WE,Federal Contract Tower,19,10,29,0,58,0,28,51,0,79,19,38,80,0,137,28,0,28,165
09/13/2019,BLI,WA,ANM,WE,Federal Contract Tower,18,6,25,0,49,0,25,57,0,82,18,31,82,0,131,24,0,24,155
09/14/2019,BLI,WA,ANM,WE,Federal Contract Tower,7,9,11,0,27,0,13,13,1,27,7,22,24,1,54,6,0,6,60
09/15/2019,BLI,WA,ANM,WE,Federal Contract Tower,19,4,12,0,35,0,4,21,1,26,19,8,33,1,61,6,0,6,67
09/16/2019,BLI,WA,ANM,WE,Federal Contract Tower,14,13,14,0,41,0,31,51,0,82,14,44,65,0,123,70,0,70,193
09/17/2019,BLI,WA,ANM,WE,Federal Contract Tower,7,10,15,8,40,0,25,21,0,46,7,35,36,8,86,14,0,14,100
09/18/2019,BLI,WA,ANM,WE,Federal Contract Tower,9,11,45,2,67,0,22,104,1,127,9,33,149,3,194,56,0,56,250
09/19/2019,BLI,WA,ANM,WE,Federal Contract Tower,15,21,42,0,78,0,25,85,0,110,15,46,127,0,188,62,0,62,250
09/20/2019,BLI,WA,ANM,WE,Federal Contract Tower,15,16,43,0,74,0,24,96,0,120,15,40,139,0,194,68,0,68,262
09/21/2019,BLI,WA,ANM,WE,Federal Contract Tower,9,4,7,0,20,0,12,107,0,119,9,16,114,0,139,74,0,74,213
09/22/2019,BLI,WA,ANM,WE,Federal Contract Tower,18,5,15,0,38,0,12,18,1,31,18,17,33,1,69,14,0,14,83
09/23/2019,BLI,WA,ANM,WE,Federal Contract Tower,15,7,23,1,46,0,22,29,0,51,15,29,52,1,97,12,0,12,109
09/24/2019,BLI,WA,ANM,WE,Federal Contract Tower,9,9,16,0,34,0,18,99,0,117,9,27,115,0,151,74,0,74,225
09/25/2019,BLI,WA,ANM,WE,Federal Contract Tower,9,5,22,0,36,0,20,118,2,140,9,25,140,2,176,38,0,38,214
09/26/2019,BLI,WA,ANM,WE,Federal Contract Tower,17,9,21,0,47,0,30,76,0,106,17,39,97,0,153,10,0,10,163
09/27/2019,BLI,WA,ANM,WE,Federal Contract Tower,16,8,16,0,40,0,28,69,0,97,16,36,85,0,137,26,0,26,163
09/28/2019,BLI,WA,ANM,WE,Federal Contract Tower,7,8,10,0,25,0,14,28,0,42,7,22,38,0,67,6,0,6,73
09/29/2019,BLI,WA,ANM,WE,Federal Contract Tower,17,6,15,0,38,0,17,55,0,72,17,23,70,0,110,2,0,2,112
09/30/2019,BLI,WA,ANM,WE,Federal Contract Tower,20,10,9,0,39,0,18,139,0,157,20,28,148,0,196,50,0,50,246
10/01/2019,BLI,WA,ANM,WE,Federal Contract Tower,11,7,13,2,33,0,37,144,0,181,11,44,157,2,214,44,0,44,258
10/02/2019,BLI,WA,ANM,WE,Federal Contract Tower,11,8,12,6,37,0,15,101,2,118,11,23,113,8,155,54,18,72,227
10/03/2019,BLI,WA,ANM,WE,Federal Contract Tower,21,10,18,1,50,0,27,33,1,61,21,37,51,2,111,10,0,10,121
10/04/2019,BLI,WA,ANM,WE,Federal Contract Tower,18,5,26,0,49,0,29,28,0,57,18,34,54,0,106,4,0,4,110
10/05/2019,BLI,WA,ANM,WE,Federal Contract Tower,9,4,8,0,21,0,12,84,0,96,9,16,92,0,117,54,0,54,171
10/06/2019,BLI,WA,ANM,WE,Federal Contract Tower,20,0,16,0,36,0,14,105,0,119,20,14,121,0,155,46,0,46,201
10/07/2019,BLI,WA,ANM,WE,Federal Contract Tower,17,11,7,0,35,0,15,22,2,39,17,26,29,2,74,6,0,6,80
10/08/2019,BLI,WA,ANM,WE,Federal Contract Tower,12,7,13,0,32,0,22,37,1,60,12,29,50,1,92,12,0,12,104
10/09/2019,BLI,WA,ANM,WE,Federal Contract Tower,12,6,11,0,29,0,21,99,8,128,12,27,110,8,157,122,0,122,279
10/10/2019,BLI,WA,ANM,WE,Federal Contract Tower,20,10,16,1,47,0,27,121,1,149,20,37,137,2,196,108,0,108,304
10/11/2019,BLI,WA,ANM,WE,Federal Contract Tower,17,7,13,0,37,0,26,97,0,123,17,33,110,0,160,8,0,8,168
10/12/2019,BLI,WA,ANM,WE,Federal Contract Tower,9,6,11,0,26,0,9,91,0,100,9,15,102,0,126,48,0,48,174
10/13/2019,BLI,WA,ANM,WE,Federal Contract Tower,18,4,19,0,41,0,12,33,0,45,18,16,52,0,86,30,0,30,116
10/14/2019,BLI,WA,ANM,WE,Federal Contract Tower,18,12,26,0,56,0,21,102,0,123,18,33,128,0,179,48,0,48,227
10/15/2019,BLI,WA,ANM,WE,Federal Contract Tower,13,5,9,3,30,2,36,65,1,104,15,41,74,4,134,64,0,64,198
10/16/2019,BLI,WA,ANM,WE,Federal Contract Tower,10,6,15,4,35,0,12,17,2,31,10,18,32,6,66,2,0,2,68
10/17/2019,BLI,WA,ANM,WE,Federal Contract Tower,19,5,7,1,32,0,18,16,1,35,19,23,23,2,67,6,0,6,73
10/18/2019,BLI,WA,ANM,WE,Federal Contract Tower,18,8,13,6,45,0,26,25,1,52,18,34,38,7,97,6,0,6,103
10/19/2019,BLI,WA,ANM,WE,Federal Contract Tower,9,6,4,0,19,0,6,9,1,16,9,12,13,1,35,0,0,0,35
10/20/2019,BLI,WA,ANM,WE,Federal Contract Tower,16,2,15,0,33,0,4,11,0,15,16,6,26,0,48,6,0,6,54
10/21/2019,BLI,WA,ANM,WE,Federal Contract Tower,16,12,13,0,41,0,22,12,2,36,16,34,25,2,77,0,0,0,77
10/22/2019,BLI,WA,ANM,WE,Federal Contract Tower,12,8,19,1,40,0,16,55,0,71,12,24,74,1,111,18,0,18,129
10/23/2019,BLI,WA,ANM,WE,Federal Contract Tower,9,5,28,0,42,0,18,148,2,168,9,23,176,2,210,74,0,74,284
10/24/2019,BLI,WA,ANM,WE,Federal Contract Tower,18,9,14,0,41,0,43,88,0,131,18,52,102,0,172,48,0,48,220
10/25/2019,BLI,WA,ANM,WE,Federal Contract Tower,14,6,12,0,32,0,18,26,0,44,14,24,38,0,76,2,0,2,78
10/26/2019,BLI,WA,ANM,WE,Federal Contract Tower,9,5,11,0,25,0,11,89,0,100,9,16,100,0,125,48,0,48,173
10/27/2019,BLI,WA,ANM,WE,Federal Contract Tower,18,1,12,0,31,0,13,100,0,113,18,14,112,0,144,52,0,52,196
10/28/2019,BLI,WA,ANM,WE,Federal Contract Tower,17,6,16,0,39,0,30,88,0,118,17,36,104,0,157,40,0,40,197
10/29/2019,BLI,WA,ANM,WE,Federal Contract Tower,13,5,17,0,35,0,28,79,0,107,13,33,96,0,142,76,0,76,218
10/30/2019,BLI,WA,ANM,WE,Federal Contract Tower,9,5,17,0,31,0,17,124,2,143,9,22,141,2,174,34,0,34,208
10/31/2019,BLI,WA,ANM,WE,Federal Contract Tower,16,7,10,3,36,0,27,109,1,137,16,34,119,4,173,98,0,98,271
11/01/2019,BLI,WA,ANM,WE,Federal Contract Tower,17,8,16,0,41,0,28,114,0,142,17,36,130,0,183,32,0,32,215
11/02/2019,BLI,WA,ANM,WE,Federal Contract Tower,9,10,17,1,37,0,18,78,0,96,9,28,95,1,133,22,0,22,155
11/03/2019,BLI,WA,ANM,WE,Federal Contract Tower,20,5,11,0,36,0,5,82,0,87,20,10,93,0,123,12,0,12,135
11/04/2019,BLI,WA,ANM,WE,Federal Contract Tower,18,13,31,1,63,0,21,41,0,62,18,34,72,1,125,50,0,50,175
11/05/2019,BLI,WA,ANM,WE,Federal Contract Tower,12,9,13,0,34,0,24,36,1,61,12,33,49,1,95,46,0,46,141
11/06/2019,BLI,WA,ANM,WE,Federal Contract Tower,7,7,22,0,36,0,14,73,1,88,7,21,95,1,124,60,0,60,184
11/07/2019,BLI,WA,ANM,WE,Federal Contract Tower,17,7,6,13,43,0,20,57,1,78,17,27,63,14,121,22,20,42,163
11/08/2019,BLI,WA,ANM,WE,Federal Contract Tower,24,6,18,0,48,0,17,69,0,86,24,23,87,0,134,102,0,102,236
11/09/2019,BLI,WA,ANM,WE,Federal Contract Tower,10,9,4,0,23,0,6,3,0,9,10,15,7,0,32,0,0,0,32
11/10/2019,BLI,WA,ANM,WE,Federal Contract Tower,17,4,9,0,30,0,4,9,0,13,17,8,18,0,43,0,0,0,43
11/11/2019,BLI,WA,ANM,WE,Federal Contract Tower,15,13,13,0,41,0,16,88,0,104,15,29,101,0,145,54,0,54,199
11/12/2019,BLI,WA,ANM,WE,Federal Contract Tower,12,16,15,2,45,0,8,14,0,22,12,24,29,2,67,0,0,0,67
11/13/2019,BLI,WA,ANM,WE,Federal Contract Tower,9,10,14,0,33,0,12,67,0,79,9,22,81,0,112,24,0,24,136
11/14/2019,BLI,WA,ANM,WE,Federal Contract Tower,17,8,16,1,42,0,20,63,1,84,17,28,79,2,126,36,0,36,162
11/15/2019,BLI,WA,ANM,WE,Federal Contract Tower,14,7,15,0,36,0,17,43,0,60,14,24,58,0,96,48,0,48,144
11/16/2019,BLI,WA,ANM,WE,Federal Contract Tower,12,7,9,0,28,0,11,27,0,38,12,18,36,0,66,34,0,34,100
11/17/2019,BLI,WA,ANM,WE,Federal Contract Tower,18,3,6,0,27,0,5,3,0,8,18,8,9,0,35,6,0,6,41
11/18/2019,BLI,WA,ANM,WE,Federal Contract Tower,16,7,16,1,40,0,21,28,0,49,16,28,44,1,89,38,0,38,127
11/19/2019,BLI,WA,ANM,WE,Federal Contract Tower,12,15,21,0,48,0,6,44,0,50,12,21,65,0,98,70,0,70,168
11/20/2019,BLI,WA,ANM,WE,Federal Contract Tower,8,5,11,1,25,0,13,133,0,146,8,18,144,1,171,44,0,44,215
11/21/2019,BLI,WA,ANM,WE,Federal Contract Tower,17,7,19,0,43,0,28,93,2,123,17,35,112,2,166,52,0,52,218
11/22/2019,BLI,WA,ANM,WE,Federal Contract Tower,18,17,30,0,65,0,17,67,2,86,18,34,97,2,151,42,0,42,193
11/23/2019,BLI,WA,ANM,WE,Federal Contract Tower,12,4,14,0,30,0,14,40,0,54,12,18,54,0,84,16,0,16,100
11/24/2019,BLI,WA,ANM,WE,Federal Contract Tower,19,0,10,0,29,0,10,58,0,68,19,10,68,0,97,58,0,58,155
11/25/2019,BLI,WA,ANM,WE,Federal Contract Tower,16,8,16,0,40,0,19,34,0,53,16,27,50,0,93,52,0,52,145
11/26/2019,BLI,WA,ANM,WE,Federal Contract Tower,14,10,18,1,43,0,31,77,1,109,14,41,95,2,152,24,0,24,176
11/27/2019,BLI,WA,ANM,WE,Federal Contract Tower,13,5,6,0,24,1,11,3,0,15,14,16,9,0,39,0,0,0,39
11/28/2019,BLI,WA,ANM,WE,Federal Contract Tower,14,2,9,0,25,0,1,23,0,24,14,3,32,0,49,0,0,0,49
11/29/2019,BLI,WA,ANM,WE,Federal Contract Tower,14,5,10,0,29,0,19,88,0,107,14,24,98,0,136,16,0,16,152
11/30/2019,BLI,WA,ANM,WE,Federal Contract Tower,16,4,9,0,29,0,8,63,0,71,16,12,72,0,100,36,0,36,136
12/01/2019,BLI,WA,ANM,WE,Federal Contract Tower,13,0,14,0,27,0,14,32,0,46,13,14,46,0,73,54,0,54,127
12/02/2019,BLI,WA,ANM,WE,Federal Contract Tower,20,10,14,0,44,0,12,25,0,37,20,22,39,0,81,10,0,10,91
12/03/2019,BLI,WA,ANM,WE,Federal Contract Tower,8,8,14,2,32,0,21,36,0,57,8,29,50,2,89,26,0,26,115
12/04/2019,BLI,WA,ANM,WE,Federal Contract Tower,10,5,23,0,38,0,10,16,0,26,10,15,39,0,64,0,0,0,64
12/05/2019,BLI,WA,ANM,WE,Federal Contract Tower,17,5,25,1,48,0,30,70,1,101,17,35,95,2,149,98,0,98,247
12/06/2019,BLI,WA,ANM,WE,Federal Contract Tower,14,7,12,0,33,0,18,64,0,82,14,25,76,0,115,56,0,56,171
12/07/2019,BLI,WA,ANM,WE,Federal Contract Tower,8,6,19,0,33,0,3,8,0,11,8,9,27,0,44,6,0,6,50
12/08/2019,BLI,WA,ANM,WE,Federal Contract Tower,19,2,12,0,33,0,6,19,0,25,19,8,31,0,58,6,0,6,64
12/09/2019,BLI,WA,ANM,WE,Federal Contract Tower,14,7,15,0,36,0,20,7,0,27,14,27,22,0,63,10,0,10,73
12/10/2019,BLI,WA,ANM,WE,Federal Contract Tower,8,11,21,0,40,0,2,6,2,10,8,13,27,2,50,24,0,24,74
12/11/2019,BLI,WA,ANM,WE,Federal Contract Tower,10,7,13,0,30,0,18,32,0,50,10,25,45,0,80,32,0,32,112
12/12/2019,BLI,WA,ANM,WE,Federal Contract Tower,18,9,7,0,34,0,11,12,0,23,18,20,19,0,57,8,0,8,65
12/13/2019,BLI,WA,ANM,WE,Federal Contract Tower,13,7,16,0,36,0,8,45,0,53,13,15,61,0,89,90,0,90,179
12/14/2019,BLI,WA,ANM,WE,Federal Contract Tower,8,6,7,0,21,0,18,16,0,34,8,24,23,0,55,0,0,0,55
12/15/2019,BLI,WA,ANM,WE,Federal Contract Tower,19,1,15,0,35,0,15,35,0,50,19,16,50,0,85,26,0,26,111
12/16/2019,BLI,WA,ANM,WE,Federal Contract Tower,10,8,14,0,32,0,17,41,0,58,10,25,55,0,90,10,0,10,100
12/17/2019,BLI,WA,ANM,WE,Federal Contract Tower,8,5,17,0,30,0,28,68,2,98,8,33,85,2,128,80,2,82,210
12/18/2019,BLI,WA,ANM,WE,Federal Contract Tower,10,5,20,0,35,0,17,41,0,58,10,22,61,0,93,36,0,36,129
12/19/2019,BLI,WA,ANM,WE,Federal Contract Tower,17,8,8,2,35,0,18,19,0,37,17,26,27,2,72,10,0,10,82
12/20/2019,BLI,WA,ANM,WE,Federal Contract Tower,16,6,12,0,34,0,10,7,0,17,16,16,19,0,51,0,0,0,51
12/21/2019,BLI,WA,ANM,WE,Federal Contract Tower,16,3,13,0,32,0,5,2,0,7,16,8,15,0,39,0,0,0,39
12/22/2019,BLI,WA,ANM,WE,Federal Contract Tower,18,3,10,0,31,0,16,65,0,81,18,19,75,0,112,24,0,24,136
12/23/2019,BLI,WA,ANM,WE,Federal Contract Tower,16,12,11,0,39,0,16,74,0,90,16,28,85,0,129,62,14,76,205
12/24/2019,BLI,WA,ANM,WE,Federal Contract Tower,14,5,3,0,22,0,8,57,0,65,14,13,60,0,87,50,0,50,137
12/25/2019,BLI,WA,ANM,WE,Federal Contract Tower,16,1,3,0,20,0,0,18,0,18,16,1,21,0,38,14,0,14,52
12/26/2019,BLI,WA,ANM,WE,Federal Contract Tower,18,5,14,0,37,0,19,73,0,92,18,24,87,0,129,76,0,76,205
12/27/2019,BLI,WA,ANM,WE,Federal Contract Tower,15,12,18,0,45,0,9,32,0,41,15,21,50,0,86,70,0,70,156
12/28/2019,BLI,WA,ANM,WE,Federal Contract Tower,16,9,5,0,30,0,3,44,0,47,16,12,49,0,77,28,0,28,105
12/29/2019,BLI,WA,ANM,WE,Federal Contract Tower,18,0,7,0,25,0,6,66,2,74,18,6,73,2,99,68,0,68,167
12/30/2019,BLI,WA,ANM,WE,Federal Contract Tower,16,10,20,0,46,0,14,30,2,46,16,24,50,2,92,16,0,16,108
12/31/2019,BLI,WA,ANM,WE,Federal Contract Tower,14,7,0,0,21,0,12,4,0,16,14,19,4,0,37,0,0,0,37
01/01/2020,BLI,WA,ANM,WE,Federal Contract Tower,9,0,8,0,17,0,1,46,0,47,9,1,54,0,64,34,0,34,98
01/02/2020,BLI,WA,ANM,WE,Federal Contract Tower,18,5,7,0,30,0,24,31,0,55,18,29,38,0,85,22,0,22,107
01/03/2020,BLI,WA,ANM,WE,Federal Contract Tower,14,8,1,0,23,0,10,11,0,21,14,18,12,0,44,4,0,4,48
01/04/2020,BLI,WA,ANM,WE,Federal Contract Tower,16,7,8,0,31,0,8,22,0,30,16,15,30,0,61,28,0,28,89
01/05/2020,BLI,WA,ANM,WE,Federal Contract Tower,18,1,8,0,27,0,4,6,0,10,18,5,14,0,37,2,0,2,39
01/06/2020,BLI,WA,ANM,WE,Federal Contract Tower,18,10,15,0,43,0,9,1,0,10,18,19,16,0,53,0,0,0,53
01/07/2020,BLI,WA,ANM,WE,Federal Contract Tower,6,7,3,0,16,0,15,6,0,21,6,22,9,0,37,0,0,0,37
01/08/2020,BLI,WA,ANM,WE,Federal Contract Tower,8,6,5,2,21,0,18,53,0,71,8,24,58,2,92,32,0,32,124
01/09/2020,BLI,WA,ANM,WE,Federal Contract Tower,16,8,18,0,42,0,28,63,0,91,16,36,81,0,133,48,0,48,181
01/10/2020,BLI,WA,ANM,WE,Federal Contract Tower,13,5,0,0,18,0,11,0,0,11,13,16,0,0,29,0,0,0,29
01/11/2020,BLI,WA,ANM,WE,Federal Contract Tower,8,5,6,0,19,0,4,10,0,14,8,9,16,0,33,8,0,8,41
01/12/2020,BLI,WA,ANM,WE,Federal Contract Tower,15,1,5,0,21,0,2,0,0,2,15,3,5,0,23,0,0,0,23
01/13/2020,BLI,WA,ANM,WE,Federal Contract Tower,11,6,12,0,29,0,9,9,0,18,11,15,21,0,47,4,0,4,51
01/14/2020,BLI,WA,ANM,WE,Federal Contract Tower,5,15,5,0,25,0,10,4,0,14,5,25,9,0,39,10,0,10,49
01/15/2020,BLI,WA,ANM,WE,Federal Contract Tower,9,9,3,0,21,1,6,5,0,12,10,15,8,0,33,0,0,0,33
01/16/2020,BLI,WA,ANM,WE,Federal Contract Tower,17,7,8,0,32,0,8,8,0,16,17,15,16,0,48,4,0,4,52
01/17/2020,BLI,WA,ANM,WE,Federal Contract Tower,13,5,15,2,35,0,18,36,0,54,13,23,51,2,89,20,0,20,109
01/18/2020,BLI,WA,ANM,WE,Federal Contract Tower,10,3,4,0,17,0,2,9,0,11,10,5,13,0,28,0,0,0,28
01/19/2020,BLI,WA,ANM,WE,Federal Contract Tower,16,1,9,0,26,0,8,22,0,30,16,9,31,0,56,16,0,16,72
01/20/2020,BLI,WA,ANM,WE,Federal Contract Tower,14,6,22,0,42,0,23,52,0,75,14,29,74,0,117,20,0,20,137
01/21/2020,BLI,WA,ANM,WE,Federal Contract Tower,8,6,8,0,22,0,16,7,0,23,8,22,15,0,45,0,0,0,45
01/22/2020,BLI,WA,ANM,WE,Federal Contract Tower,8,10,26,0,44,0,17,17,0,34,8,27,43,0,78,28,0,28,106
01/23/2020,BLI,WA,ANM,WE,Federal Contract Tower,16,7,9,0,32,0,17,3,0,20,16,24,12,0,52,0,0,0,52
01/24/2020,BLI,WA,ANM,WE,Federal Contract Tower,16,5,25,0,46,0,11,30,0,41,16,16,55,0,87,40,0,40,127
01/25/2020,BLI,WA,ANM,WE,Federal Contract Tower,8,5,6,0,19,0,10,46,0,56,8,15,52,0,75,54,0,54,129
01/26/2020,BLI,WA,ANM,WE,Federal Contract Tower,16,5,15,0,36,0,6,14,0,20,16,11,29,0,56,24,0,24,80
01/27/2020,BLI,WA,ANM,WE,Federal Contract Tower,15,7,8,5,35,0,20,53,3,76,15,27,61,8,111,96,0,96,207
01/28/2020,BLI,WA,ANM,WE,Federal Contract Tower,6,7,11,3,27,0,16,8,0,24,6,23,19,3,51,22,0,22,73
01/29/2020,BLI,WA,ANM,WE,Federal Contract Tower,10,5,21,1,37,0,14,23,1,38,10,19,44,2,75,0,0,0,75
01/30/2020,BLI,WA,ANM,WE,Federal Contract Tower,16,7,22,2,47,0,20,86,2,108,16,27,108,4,155,20,0,20,175
01/31/2020,BLI,WA,ANM,WE,Federal Contract Tower,14,9,7,0,30,0,16,5,0,21,14,25,12,0,51,0,0,0,51
02/01/2020,BLI,WA,ANM,WE,Federal Contract Tower,7,4,7,0,18,0,4,26,0,30,7,8,33,0,48,36,0,36,84
02/02/2020,BLI,WA,ANM,WE,Federal Contract Tower,20,0,7,0,27,0,6,63,0,69,20,6,70,0,96,22,0,22,118
02/03/2020,BLI,WA,ANM,WE,Federal Contract Tower,13,11,20,0,44,0,18,63,2,83,13,29,83,2,127,80,6,86,213
02/04/2020,BLI,WA,ANM,WE,Federal Contract Tower,5,13,7,0,25,0,6,2,0,8,5,19,9,0,33,0,0,0,33
02/05/2020,BLI,WA,ANM,WE,Federal Contract Tower,8,11,7,0,26,0,1,0,0,1,8,12,7,0,27,0,0,0,27
02/06/2020,BLI,WA,ANM,WE,Federal Contract Tower,21,13,11,0,45,0,0,0,0,0,21,13,11,0,45,0,0,0,45
02/07/2020,BLI,WA,ANM,WE,Federal Contract Tower,14,13,16,0,43,0,7,5,0,12,14,20,21,0,55,0,0,0,55
02/08/2020,BLI,WA,ANM,WE,Federal Contract Tower,8,6,18,0,32,0,3,43,0,46,8,9,61,0,78,8,0,8,86
02/09/2020,BLI,WA,ANM,WE,Federal Contract Tower,16,2,18,0,36,0,4,91,0,95,16,6,109,0,131,74,0,74,205
02/10/2020,BLI,WA,ANM,WE,Federal Contract Tower,14,7,27,0,48,0,19,129,0,148,14,26,156,0,196,66,0,66,262
02/11/2020,BLI,WA,ANM,WE,Federal Contract Tower,7,6,22,0,35,0,20,33,0,53,7,26,55,0,88,26,0,26,114
02/12/2020,BLI,WA,ANM,WE,Federal Contract Tower,16,7,33,0,56,0,6,28,0,34,16,13,61,0,90,64,0,64,154
02/13/2020,BLI,WA,ANM,WE,Federal Contract Tower,14,7,12,0,33,0,20,30,0,50,14,27,42,0,83,14,0,14,97
02/14/2020,BLI,WA,ANM,WE,Federal Contract Tower,15,6,41,2,64,0,22,65,0,87,15,28,106,2,151,34,0,34,185
02/15/2020,BLI,WA,ANM,WE,Federal Contract Tower,10,3,5,0,18,0,17,13,0,30,10,20,18,0,48,20,0,20,68
02/16/2020,BLI,WA,ANM,WE,Federal Contract Tower,14,1,12,0,27,0,4,30,0,34,14,5,42,0,61,2,0,2,63
02/17/2020,BLI,WA,ANM,WE,Federal Contract Tower,17,6,23,0,46,0,31,70,0,101,17,37,93,0,147,20,0,20,167
02/18/2020,BLI,WA,ANM,WE,Federal Contract Tower,11,6,26,3,46,0,48,117,3,168,11,54,143,6,214,94,0,94,308
02/19/2020,BLI,WA,ANM,WE,Federal Contract Tower,13,7,18,0,38,0,40,114,0,154,13,47,132,0,192,108,0,108,300
02/20/2020,BLI,WA,ANM,WE,Federal Contract Tower,16,10,21,3,50,0,35,120,1,156,16,45,141,4,206,92,14,106,312
02/21/2020,BLI,WA,ANM,WE,Federal Contract Tower,15,7,22,4,48,0,51,115,0,166,15,58,137,4,214,56,0,56,270
02/22/2020,BLI,WA,ANM,WE,Federal Contract Tower,9,6,14,0,29,0,2,23,0,25,9,8,37,0,54,0,0,0,54
02/23/2020,BLI,WA,ANM,WE,Federal Contract Tower,14,0,6,0,20,0,6,13,0,19,14,6,19,0,39,0,0,0,39
02/24/2020,BLI,WA,ANM,WE,Federal Contract Tower,16,10,12,2,40,0,31,51,1,83,16,41,63,3,123,76,10,86,209
02/25/2020,BLI,WA,ANM,WE,Federal Contract Tower,9,6,17,0,32,0,25,48,0,73,9,31,65,0,105,48,0,48,153
02/26/2020,BLI,WA,ANM,WE,Federal Contract Tower,12,13,17,0,42,0,22,59,0,81,12,35,76,0,123,74,0,74,197
02/27/2020,BLI,WA,ANM,WE,Federal Contract Tower,15,7,24,0,46,0,28,89,1,118,15,35,113,1,164,68,0,68,232
02/28/2020,BLI,WA,ANM,WE,Federal Contract Tower,13,7,9,0,29,0,31,55,0,86,13,38,64,0,115,82,0,82,197
02/29/2020,BLI,WA,ANM,WE,Federal Contract Tower,15,6,8,0,29,0,30,67,0,97,15,36,75,0,126,14,0,14,140
03/01/2020,BLI,WA,ANM,WE,Federal Contract Tower,19,1,19,0,39,0,26,76,2,104,19,27,95,2,143,80,4,84,227
03/02/2020,BLI,WA,ANM,WE,Federal Contract Tower,14,14,18,2,48,0,19,2,0,21,14,33,20,2,69,2,0,2,71
03/03/2020,BLI,WA,ANM,WE,Federal Contract Tower,8,11,13,2,34,0,29,17,0,46,8,40,30,2,80,0,0,0,80
03/04/2020,BLI,WA,ANM,WE,Federal Contract Tower,13,8,39,0,60,0,44,116,0,160,13,52,155,0,220,112,0,112,332
03/05/2020,BLI,WA,ANM,WE,Federal Contract Tower,21,8,17,0,46,0,36,42,0,78,21,44,59,0,124,6,0,6,130
03/06/2020,BLI,WA,ANM,WE,Federal Contract Tower,17,9,15,0,41,0,44,63,0,107,17,53,78,0,148,90,0,90,238
03/07/2020,BLI,WA,ANM,WE,Federal Contract Tower,9,3,9,0,21,0,5,29,0,34,9,8,38,0,55,24,0,24,79
03/08/2020,BLI,WA,ANM,WE,Federal Contract Tower,17,0,3,4,24,0,39,92,1,132,17,39,95,5,156,16,0,16,172
03/09/2020,BLI,WA,ANM,WE,Federal Contract Tower,17,9,31,0,57,0,50,105,4,159,17,59,136,4,216,110,0,110,326
03/10/2020,BLI,WA,ANM,WE,Federal Contract Tower,10,6,10,0,26,0,27,44,2,73,10,33,54,2,99,56,0,56,155
03/11/2020,BLI,WA,ANM,WE,Federal Contract Tower,17,6,13,2,38,0,45,84,9,138,17,51,97,11,176,36,8,44,220
03/12/2020,BLI,WA,ANM,WE,Federal Contract Tower,14,7,13,0,34,0,60,85,0,145,14,67,98,0,179,82,0,82,261
03/13/2020,BLI,WA,ANM,WE,Federal Contract Tower,14,6,14,0,34,0,22,20,0,42,14,28,34,0,76,6,0,6,82
03/14/2020,BLI,WA,ANM,WE,Federal Contract Tower,17,0,2,0,19,0,0,2,0,2,17,0,4,0,21,0,0,0,21
03/15/2020,BLI,WA,ANM,WE,Federal Contract Tower,17,6,1,0,24,0,6,12,0,18,17,12,13,0,42,0,0,0,42
03/16/2020,BLI,WA,ANM,WE,Federal Contract Tower,15,10,6,0,31,0,36,78,6,120,15,46,84,6,151,34,0,34,185
03/17/2020,BLI,WA,ANM,WE,Federal Contract Tower,14,7,23,0,44,0,36,92,0,128,14,43,115,0,172,46,0,46,218
03/18/2020,BLI,WA,ANM,WE,Federal Contract Tower,16,4,30,7,57,0,23,87,4,114,16,27,117,11,171,98,0,98,269
03/19/2020,BLI,WA,ANM,WE,Federal Contract Tower,11,5,16,1,33,0,52,89,1,142,11,57,105,2,175,90,0,90,265
03/20/2020,BLI,WA,ANM,WE,Federal Contract Tower,6,8,19,1,34,0,19,63,1,83,6,27,82,2,117,70,0,70,187
03/21/2020,BLI,WA,ANM,WE,Federal Contract Tower,6,7,9,0,22,0,5,71,0,76,6,12,80,0,98,57,6,63,161
03/22/2020,BLI,WA,ANM,WE,Federal Contract Tower,7,3,9,0,19,0,2,58,0,60,7,5,67,0,79,64,0,64,143
03/23/2020,BLI,WA,ANM,WE,Federal Contract Tower,2,4,6,1,13,0,14,22,0,36,2,18,28,1,49,44,0,44,93
03/24/2020,BLI,WA,ANM,WE,Federal Contract Tower,15,6,0,0,21,0,22,14,0,36,15,28,14,0,57,48,0,48,105
03/25/2020,BLI,WA,ANM,WE,Federal Contract Tower,3,5,6,0,14,0,12,48,0,60,3,17,54,0,74,42,0,42,116
03/26/2020,BLI,WA,ANM,WE,Federal Contract Tower,2,6,4,0,12,0,18,15,0,33,2,24,19,0,45,22,0,22,67
03/27/2020,BLI,WA,ANM,WE,Federal Contract Tower,5,2,13,0,20,0,16,17,0,33,5,18,30,0,53,42,0,42,95
03/28/2020,BLI,WA,ANM,WE,Federal Contract Tower,3,4,3,0,10,0,5,8,0,13,3,9,11,0,23,0,0,0,23
03/29/2020,BLI,WA,ANM,WE,Federal Contract Tower,4,0,0,0,4,0,1,24,0,25,4,1,24,0,29,60,0,60,89
03/30/2020,BLI,WA,ANM,WE,Federal Contract Tower,5,6,2,0,13,0,16,19,0,35,5,22,21,0,48,6,0,6,54
03/31/2020,BLI,WA,ANM,WE,Federal Contract Tower,3,5,8,0,16,0,21,20,2,43,3,26,28,2,59,28,0,28,87
04/01/2020,BLI,WA,ANM,WE,Federal Contract Tower,3,5,4,0,12,0,11,11,0,22,3,16,15,0,34,12,0,12,46
04/02/2020,BLI,WA,ANM,WE,Federal Contract Tower,4,6,5,0,15,0,17,39,0,56,4,23,44,0,71,56,0,56,127
04/03/2020,BLI,WA,ANM,WE,Federal Contract Tower,4,6,3,0,13,0,18,7,0,25,4,24,10,0,38,0,0,0,38
04/04/2020,BLI,WA,ANM,WE,Federal Contract Tower,2,5,1,0,8,0,3,27,0,30,2,8,28,0,38,26,0,26,64
04/05/2020,BLI,WA,ANM,WE,Federal Contract Tower,4,0,1,0,5,0,0,32,0,32,4,0,33,0,37,18,0,18,55
04/06/2020,BLI,WA,ANM,WE,Federal Contract Tower,4,9,3,0,16,0,15,52,0,67,4,24,55,0,83,70,0,70,153
04/07/2020,BLI,WA,ANM,WE,Federal Contract Tower,4,8,3,0,15,0,22,33,6,61,4,30,36,6,76,12,8,20,96
04/08/2020,BLI,WA,ANM,WE,Federal Contract Tower,4,5,8,0,17,0,14,62,0,76,4,19,70,0,93,22,0,22,115
04/09/2020,BLI,WA,ANM,WE,Federal Contract Tower,3,6,1,0,10,0,20,53,0,73,3,26,54,0,83,42,0,42,125
04/10/2020,BLI,WA,ANM,WE,Federal Contract Tower,1,5,1,0,7,0,18,45,0,63,1,23,46,0,70,14,0,14,84
04/11/2020,BLI,WA,ANM,WE,Federal Contract Tower,2,4,4,0,10,0,1,31,0,32,2,5,35,0,42,2,0,2,44
04/12/2020,BLI,WA,ANM,WE,Federal Contract Tower,0,0,0,0,0,0,10,24,0,34,0,10,24,0,34,0,0,0,34
04/13/2020,BLI,WA,ANM,WE,Federal Contract Tower,2,5,1,0,8,0,16,56,0,72,2,21,57,0,80,8,0,8,88
04/14/2020,BLI,WA,ANM,WE,Federal Contract Tower,2,6,6,0,14,0,18,53,0,71,2,24,59,0,85,18,0,18,103
04/15/2020,BLI,WA,ANM,WE,Federal Contract Tower,2,5,1,0,8,0,13,66,0,79,2,18,67,0,87,28,0,28,115
04/16/2020,BLI,WA,ANM,WE,Federal Contract Tower,4,7,5,0,16,0,18,75,0,93,4,25,80,0,109,40,0,40,149
04/17/2020,BLI,WA,ANM,WE,Federal Contract Tower,2,7,9,0,18,0,13,54,0,67,2,20,63,0,85,76,0,76,161
04/18/2020,BLI,WA,ANM,WE,Federal Contract Tower,3,4,1,0,8,0,4,48,0,52,3,8,49,0,60,46,0,46,106
04/19/2020,BLI,WA,ANM,WE,Federal Contract Tower,2,2,6,0,10,0,0,43,0,43,2,2,49,0,53,68,0,68,121
04/20/2020,BLI,WA,ANM,WE,Federal Contract Tower,2,6,10,0,18,0,14,61,0,75,2,20,71,0,93,64,0,64,157
04/21/2020,BLI,WA,ANM,WE,Federal Contract Tower,2,7,10,0,19,0,12,30,0,42,2,19,40,0,61,18,4,22,83
04/22/2020,BLI,WA,ANM,WE,Federal Contract Tower,2,9,7,0,18,0,16,0,0,16,2,25,7,0,34,0,0,0,34
04/23/2020,BLI,WA,ANM,WE,Federal Contract Tower,2,8,9,2,21,0,9,32,0,41,2,17,41,2,62,16,0,16,78
04/24/2020,BLI,WA,ANM,WE,Federal Contract Tower,2,6,20,1,29,0,12,53,1,66,2,18,73,2,95,20,0,20,115
04/25/2020,BLI,WA,ANM,WE,Federal Contract Tower,2,8,5,0,15,0,1,4,0,5,2,9,9,0,20,4,0,4,24
04/26/2020,BLI,WA,ANM,WE,Federal Contract Tower,0,1,3,0,4,0,3,28,0,31,0,4,31,0,35,42,0,42,77
04/27/2020,BLI,WA,ANM,WE,Federal Contract Tower,2,9,16,0,27,0,28,31,0,59,2,37,47,0,86,10,0,10,96
04/28/2020,BLI,WA,ANM,WE,Federal Contract Tower,2,7,3,0,12,0,22,51,0,73,2,29,54,0,85,60,0,60,145
04/29/2020,BLI,WA,ANM,WE,Federal Contract Tower,0,6,10,0,16,0,20,50,0,70,0,26,60,0,86,76,0,76,162
04/30/2020,BLI,WA,ANM,WE,Federal Contract Tower,0,11,16,5,32,0,16,27,1,44,0,27,43,6,76,18,0,18,94
05/01/2020,BLI,WA,ANM,WE,Federal Contract Tower,2,9,20,0,31,0,22,79,10,111,2,31,99,10,142,64,0,64,206
05/02/2020,BLI,WA,ANM,WE,Federal Contract Tower,0,4,5,0,9,0,5,8,0,13,0,9,13,0,22,14,0,14,36
05/03/2020,BLI,WA,ANM,WE,Federal Contract Tower,2,1,7,0,10,0,0,40,0,40,2,1,47,0,50,62,0,62,112
05/04/2020,BLI,WA,ANM,WE,Federal Contract Tower,0,9,4,0,13,0,28,40,0,68,0,37,44,0,81,20,0,20,101
05/05/2020,BLI,WA,ANM,WE,Federal Contract Tower,2,6,9,0,17,0,18,53,0,71,2,24,62,0,88,38,0,38,126
05/06/2020,BLI,WA,ANM,WE,Federal Contract Tower,2,5,5,0,12,0,22,27,0,49,2,27,32,0,61,30,0,30,91
05/07/2020,BLI,WA,ANM,WE,Federal Contract Tower,0,6,16,0,22,0,25,81,2,108,0,31,97,2,130,66,0,66,196
05/08/2020,BLI,WA,ANM,WE,Federal Contract Tower,2,4,7,0,13,0,19,87,0,106,2,23,94,0,119,44,0,44,163
05/09/2020,BLI,WA,ANM,WE,Federal Contract Tower,0,5,10,0,15,0,8,65,0,73,0,13,75,0,88,20,0,20,108
05/10/2020,BLI,WA,ANM,WE,Federal Contract Tower,0,0,4,0,4,0,9,65,0,74,0,9,69,0,78,14,0,14,92
05/11/2020,BLI,WA,ANM,WE,Federal Contract Tower,2,7,16,0,25,0,19,45,0,64,2,26,61,0,89,42,0,42,131
05/12/2020,BLI,WA,ANM,WE,Federal Contract Tower,0,13,3,0,16,0,12,29,0,41,0,25,32,0,57,6,0,6,63
05/13/2020,BLI,WA,ANM,WE,Federal Contract Tower,2,5,8,0,15,0,25,42,0,67,2,30,50,0,82,16,0,16,98
05/14/2020,BLI,WA,ANM,WE,Federal Contract Tower,2,5,7,0,14,0,22,56,0,78,2,27,63,0,92,20,0,20,112
05/15/2020,BLI,WA,ANM,WE,Federal Contract Tower,0,5,10,0,15,0,15,90,0,105,0,20,100,0,120,34,0,34,154
05/16/2020,BLI,WA,ANM,WE,Federal Contract Tower,2,3,8,0,13,0,7,20,1,28,2,10,28,1,41,10,0,10,51
05/17/2020,BLI,WA,ANM,WE,Federal Contract Tower,0,2,9,0,11,0,8,29,0,37,0,10,38,0,48,38,0,38,86
05/18/2020,BLI,WA,ANM,WE,Federal Contract Tower,2,7,13,0,22,0,30,60,0,90,2,37,73,0,112,20,0,20,132
05/19/2020,BLI,WA,ANM,WE,Federal Contract Tower,2,8,17,2,29,0,31,49,0,80,2,39,66,2,109,44,12,56,165
05/20/2020,BLI,WA,ANM,WE,Federal Contract Tower,2,8,9,0,19,0,22,21,0,43,2,30,30,0,62,28,0,28,90
05/21/2020,BLI,WA,ANM,WE,Federal Contract Tower,0,9,17,0,26,0,32,46,0,78,0,41,63,0,104,70,0,70,174
05/22/2020,BLI,WA,ANM,WE,Federal Contract Tower,2,7,13,0,22,0,33,43,0,76,2,40,56,0,98,26,0,26,124
05/23/2020,BLI,WA,ANM,WE,Federal Contract Tower,2,4,13,2,21,0,8,62,0,70,2,12,75,2,91,26,16,42,133
05/24/2020,BLI,WA,ANM,WE,Federal Contract Tower,2,1,7,1,11,0,6,54,0,60,2,7,61,1,71,44,0,44,115
05/25/2020,BLI,WA,ANM,WE,Federal Contract Tower,2,9,16,0,27,0,2,7,0,9,2,11,23,0,36,0,0,0,36
05/26/2020,BLI,WA,ANM,WE,Federal Contract Tower,2,8,12,0,22,0,35,65,0,100,2,43,77,0,122,44,0,44,166
05/27/2020,BLI,WA,ANM,WE,Federal Contract Tower,2,11,8,0,21,0,35,104,0,139,2,46,112,0,160,134,0,134,294
05/28/2020,BLI,WA,ANM,WE,Federal Contract Tower,6,12,16,0,34,0,44,87,2,133,6,56,103,2,167,99,8,107,274
05/29/2020,BLI,WA,ANM,WE,Federal Contract Tower,2,7,15,0,24,0,25,110,4,139,2,32,125,4,163,90,0,90,253
05/30/2020,BLI,WA,ANM,WE,Federal Contract Tower,2,10,11,0,23,0,3,14,0,17,2,13,25,0,40,0,0,0,40
05/31/2020,BLI,WA,ANM,WE,Federal Contract Tower,2,2,22,0,26,0,15,27,0,42,2,17,49,0,68,20,0,20,88
06/01/2020,BLI,WA,ANM,WE,Federal Contract Tower,2,12,8,0,22,0,35,67,0,102,2,47,75,0,124,44,0,44,168
06/02/2020,BLI,WA,ANM,WE,Federal Contract Tower,3,8,13,2,26,0,28,37,0,65,3,36,50,2,91,32,0,32,123
06/03/2020,BLI,WA,ANM,WE,Federal Contract Tower,2,10,14,2,28,0,18,87,0,105,2,28,101,2,133,66,0,66,199
06/04/2020,BLI,WA,ANM,WE,Federal Contract Tower,7,11,7,0,25,2,35,76,0,113,9,46,83,0,138,68,0,68,206
06/05/2020,BLI,WA,ANM,WE,Federal Contract Tower,11,6,24,0,41,0,24,73,0,97,11,30,97,0,138,74,0,74,212
06/06/2020,BLI,WA,ANM,WE,Federal Contract Tower,3,6,12,0,21,0,4,41,0,45,3,10,53,0,66,8,0,8,74
06/07/2020,BLI,WA,ANM,WE,Federal Contract Tower,6,1,7,0,14,0,6,61,0,67,6,7,68,0,81,58,0,58,139
06/08/2020,BLI,WA,ANM,WE,Federal Contract Tower,11,10,14,0,35,0,29,53,2,84,11,39,67,2,119,42,0,42,161
06/09/2020,BLI,WA,ANM,WE,Federal Contract Tower,2,8,16,0,26,0,22,14,0,36,2,30,30,0,62,0,0,0,62
06/10/2020,BLI,WA,ANM,WE,Federal Contract Tower,2,14,12,0,28,0,24,52,0,76,2,38,64,0,104,84,0,84,188
06/11/2020,BLI,WA,ANM,WE,Federal Contract Tower,6,6,9,0,21,0,14,56,0,70,6,20,65,0,91,22,0,22,113
06/12/2020,BLI,WA,ANM,WE,Federal Contract Tower,9,7,23,0,39,0,27,21,0,48,9,34,44,0,87,2,0,2,89
06/13/2020,BLI,WA,ANM,WE,Federal Contract Tower,6,5,11,0,22,0,16,41,0,57,6,21,52,0,79,14,0,14,93
06/14/2020,BLI,WA,ANM,WE,Federal Contract Tower,6,1,12,0,19,0,21,51,0,72,6,22,63,0,91,52,0,52,143
06/15/2020,BLI,WA,ANM,WE,Federal Contract Tower,9,11,13,0,33,0,30,10,0,40,9,41,23,0,73,4,0,4,77
06/16/2020,BLI,WA,ANM,WE,Federal Contract Tower,2,8,11,0,21,0,33,74,0,107,2,41,85,0,128,54,0,54,182
06/17/2020,BLI,WA,ANM,WE,Federal Contract Tower,2,7,20,0,29,0,26,101,0,127,2,33,121,0,156,82,0,82,238
06/18/2020,BLI,WA,ANM,WE,Federal Contract Tower,7,12,16,1,36,0,48,122,1,171,7,60,138,2,207,24,0,24,231
06/19/2020,BLI,WA,ANM,WE,Federal Contract Tower,11,6,17,0,34,0,44,99,2,145,11,50,116,2,179,70,0,70,249
06/20/2020,BLI,WA,ANM,WE,Federal Contract Tower,8,5,17,0,30,0,15,15,0,30,8,20,32,0,60,0,0,0,60
06/21/2020,BLI,WA,ANM,WE,Federal Contract Tower,4,3,12,0,19,0,18,55,0,73,4,21,67,0,92,8,0,8,100
06/22/2020,BLI,WA,ANM,WE,Federal Contract Tower,11,9,39,0,59,0,46,102,2,150,11,55,141,2,209,36,0,36,245
06/23/2020,BLI,WA,ANM,WE,Federal Contract Tower,4,8,16,4,32,0,33,106,0,139,4,41,122,4,171,64,0,64,235
06/24/2020,BLI,WA,ANM,WE,Federal Contract Tower,3,5,10,0,18,0,28,74,0,102,3,33,84,0,120,32,0,32,152
06/25/2020,BLI,WA,ANM,WE,Federal Contract Tower,6,16,16,3,41,0,31,102,3,136,6,47,118,6,177,34,0,34,211
06/26/2020,BLI,WA,ANM,WE,Federal Contract Tower,11,6,20,0,37,0,32,77,0,109,11,38,97,0,146,16,0,16,162
06/27/2020,BLI,WA,ANM,WE,Federal Contract Tower,12,6,16,0,34,0,27,43,0,70,12,33,59,0,104,2,0,2,106
06/28/2020,BLI,WA,ANM,WE,Federal Contract Tower,6,4,11,0,21,0,8,72,0,80,6,12,83,0,101,70,0,70,171
06/29/2020,BLI,WA,ANM,WE,Federal Contract Tower,11,8,21,0,40,0,31,77,0,108,11,39,98,0,148,46,0,46,194
06/30/2020,BLI,WA,ANM,WE,Federal Contract Tower,1,10,14,0,25,0,30,29,0,59,1,40,43,0,84,22,0,22,106
07/01/2020,BLI,WA,ANM,WE,Federal Contract Tower,5,9,24,4,42,0,30,20,0,50,5,39,44,4,92,18,0,18,110
07/02/2020,BLI,WA,ANM,WE,Federal Contract Tower,6,8,29,3,46,0,40,45,3,88,6,48,74,6,134,84,0,84,218
07/03/2020,BLI,WA,ANM,WE,Federal Contract Tower,11,10,18,0,39,0,32,25,0,57,11,42,43,0,96,40,0,40,136
07/04/2020,BLI,WA,ANM,WE,Federal Contract Tower,6,3,15,0,24,0,12,62,0,74,6,15,77,0,98,58,0,58,156
07/05/2020,BLI,WA,ANM,WE,Federal Contract Tower,7,4,19,0,30,0,34,126,0,160,7,38,145,0,190,34,0,34,224
07/06/2020,BLI,WA,ANM,WE,Federal Contract Tower,9,5,18,1,33,0,28,86,2,116,9,33,104,3,149,48,0,48,197
07/07/2020,BLI,WA,ANM,WE,Federal Contract Tower,4,7,22,0,33,0,37,59,0,96,4,44,81,0,129,40,0,40,169
07/08/2020,BLI,WA,ANM,WE,Federal Contract Tower,4,7,22,1,34,0,33,90,4,127,4,40,112,5,161,58,4,62,223
07/09/2020,BLI,WA,ANM,WE,Federal Contract Tower,7,12,23,0,42,0,23,40,0,63,7,35,63,0,105,20,0,20,125
07/10/2020,BLI,WA,ANM,WE,Federal Contract Tower,11,6,24,0,41,0,32,92,4,128,11,38,116,4,169,24,0,24,193
07/11/2020,BLI,WA,ANM,WE,Federal Contract Tower,6,3,16,0,25,0,17,62,4,83,6,20,78,4,108,16,4,20,128
07/12/2020,BLI,WA,ANM,WE,Federal Contract Tower,6,0,22,0,28,0,21,71,0,92,6,21,93,0,120,92,0,92,212
07/13/2020,BLI,WA,ANM,WE,Federal Contract Tower,10,5,13,0,28,0,30,79,0,109,10,35,92,0,137,52,0,52,189
07/14/2020,BLI,WA,ANM,WE,Federal Contract Tower,4,8,19,2,33,0,27,108,0,135,4,35,127,2,168,134,0,134,302
07/15/2020,BLI,WA,ANM,WE,Federal Contract Tower,6,8,18,2,34,0,28,104,2,134,6,36,122,4,168,50,0,50,218
07/16/2020,BLI,WA,ANM,WE,Federal Contract Tower,8,17,23,2,50,0,22,52,2,76,8,39,75,4,126,90,0,90,216
07/17/2020,BLI,WA,ANM,WE,Federal Contract Tower,10,6,14,0,30,0,25,79,1,105,10,31,93,1,135,118,0,118,253
07/18/2020,BLI,WA,ANM,WE,Federal Contract Tower,7,10,12,0,29,0,5,96,4,105,7,15,108,4,134,34,0,34,168
07/19/2020,BLI,WA,ANM,WE,Federal Contract Tower,8,1,21,0,30,0,24,88,2,114,8,25,109,2,144,58,0,58,202
07/20/2020,BLI,WA,ANM,WE,Federal Contract Tower,14,10,20,0,44,0,35,122,3,160,14,45,142,3,204,86,6,92,296
07/21/2020,BLI,WA,ANM,WE,Federal Contract Tower,8,7,17,0,32,0,37,73,4,114,8,44,90,4,146,44,0,44,190
07/22/2020,BLI,WA,ANM,WE,Federal Contract Tower,4,13,21,4,42,0,40,93,1,134,4,53,114,5,176,36,0,36,212
07/23/2020,BLI,WA,ANM,WE,Federal Contract Tower,8,8,17,0,33,0,48,51,0,99,8,56,68,0,132,30,0,30,162
07/24/2020,BLI,WA,ANM,WE,Federal Contract Tower,12,13,15,0,40,0,34,58,0,92,12,47,73,0,132,18,0,18,150
07/25/2020,BLI,WA,ANM,WE,Federal Contract Tower,4,6,12,0,22,0,26,108,2,136,4,32,120,2,158,34,0,34,192
07/26/2020,BLI,WA,ANM,WE,Federal Contract Tower,8,3,13,0,24,0,34,130,0,164,8,37,143,0,188,64,0,64,252
07/27/2020,BLI,WA,ANM,WE,Federal Contract Tower,12,9,16,0,37,0,33,71,4,108,12,42,87,4,145,78,28,106,251
07/28/2020,BLI,WA,ANM,WE,Federal Contract Tower,6,5,9,1,21,0,42,94,1,137,6,47,103,2,158,8,0,8,166
07/29/2020,BLI,WA,ANM,WE,Federal Contract Tower,6,11,13,0,30,0,37,122,7,166,6,48,135,7,196,62,12,74,270
07/30/2020,BLI,WA,ANM,WE,Federal Contract Tower,8,11,24,1,44,0,32,90,7,129,8,43,114,8,173,66,0,66,239
07/31/2020,BLI,WA,ANM,WE,Federal Contract Tower,10,7,14,0,31,0,36,62,8,106,10,43,76,8,137,14,20,34,171
08/01/2020,BLI,WA,ANM,WE,Federal Contract Tower,3,7,8,0,18,0,18,91,0,109,3,25,99,0,127,66,0,66,193
08/02/2020,BLI,WA,ANM,WE,Federal Contract Tower,7,3,9,0,19,0,14,111,0,125,7,17,120,0,144,32,0,32,176
08/03/2020,BLI,WA,ANM,WE,Federal Contract Tower,11,12,21,2,46,0,32,74,0,106,11,44,95,2,152,44,0,44,196
08/04/2020,BLI,WA,ANM,WE,Federal Contract Tower,4,10,20,1,35,0,31,91,1,123,4,41,111,2,158,72,0,72,230
08/05/2020,BLI,WA,ANM,WE,Federal Contract Tower,8,5,26,3,42,0,47,102,1,150,8,52,128,4,192,28,0,28,220
08/06/2020,BLI,WA,ANM,WE,Federal Contract Tower,6,10,27,0,43,0,37,49,0,86,6,47,76,0,129,32,0,32,161
08/07/2020,BLI,WA,ANM,WE,Federal Contract Tower,11,6,15,1,33,0,34,68,1,103,11,40,83,2,136,34,0,34,170
08/08/2020,BLI,WA,ANM,WE,Federal Contract Tower,9,6,16,0,31,0,13,57,0,70,9,19,73,0,101,14,0,14,115
08/09/2020,BLI,WA,ANM,WE,Federal Contract Tower,6,1,10,0,17,0,28,111,0,139,6,29,121,0,156,82,0,82,238
08/10/2020,BLI,WA,ANM,WE,Federal Contract Tower,12,10,20,0,42,0,37,99,0,136,12,47,119,0,178,94,0,94,272
08/11/2020,BLI,WA,ANM,WE,Federal Contract Tower,5,15,14,1,35,0,34,75,3,112,5,49,89,4,147,60,0,60,207
08/12/2020,BLI,WA,ANM,WE,Federal Contract Tower,5,12,34,0,51,0,49,115,0,164,5,61,149,0,215,68,0,68,283
08/13/2020,BLI,WA,ANM,WE,Federal Contract Tower,6,8,23,2,39,0,39,136,0,175,6,47,159,2,214,64,0,64,278
08/14/2020,BLI,WA,ANM,WE,Federal Contract Tower,9,9,10,0,28,0,34,97,2,133,9,43,107,2,161,50,2,52,213
08/15/2020,BLI,WA,ANM,WE,Federal Contract Tower,3,7,10,0,20,0,22,95,0,117,3,29,105,0,137,28,0,28,165
08/16/2020,BLI,WA,ANM,WE,Federal Contract Tower,6,3,14,0,23,0,23,94,1,118,6,26,108,1,141,32,2,34,175
08/17/2020,BLI,WA,ANM,WE,Federal Contract Tower,11,8,11,1,31,0,38,84,1,123,11,46,95,2,154,78,0,78,232
08/18/2020,BLI,WA,ANM,WE,Federal Contract Tower,3,12,27,2,44,0,33,135,2,170,3,45,162,4,214,68,0,68,282
08/19/2020,BLI,WA,ANM,WE,Federal Contract Tower,2,8,24,2,36,0,27,114,9,150,2,35,138,11,186,52,0,52,238
08/20/2020,BLI,WA,ANM,WE,Federal Contract Tower,11,13,24,0,48,0,48,60,0,108,11,61,84,0,156,40,0,40,196
08/21/2020,BLI,WA,ANM,WE,Federal Contract Tower,7,15,17,0,39,0,29,35,0,64,7,44,52,0,103,12,0,12,115
08/22/2020,BLI,WA,ANM,WE,Federal Contract Tower,3,12,10,0,25,0,12,114,2,128,3,24,124,2,153,44,6,50,203
08/23/2020,BLI,WA,ANM,WE,Federal Contract Tower,13,4,13,0,30,0,26,79,0,105,13,30,92,0,135,30,0,30,165
08/24/2020,BLI,WA,ANM,WE,Federal Contract Tower,7,10,29,0,46,0,44,93,2,139,7,54,122,2,185,36,0,36,221
08/25/2020,BLI,WA,ANM,WE,Federal Contract Tower,3,10,23,1,37,0,30,91,1,122,3,40,114,2,159,82,0,82,241
08/26/2020,BLI,WA,ANM,WE,Federal Contract Tower,5,10,23,0,38,0,21,120,7,148,5,31,143,7,186,40,0,40,226
08/27/2020,BLI,WA,ANM,WE,Federal Contract Tower,11,13,17,4,45,0,35,120,4,159,11,48,137,8,204,28,6,34,238
08/28/2020,BLI,WA,ANM,WE,Federal Contract Tower,5,10,28,0,43,0,27,99,0,126,5,37,127,0,169,34,0,34,203
08/29/2020,BLI,WA,ANM,WE,Federal Contract Tower,3,3,14,0,20,0,28,82,0,110,3,31,96,0,130,50,0,50,180
08/30/2020,BLI,WA,ANM,WE,Federal Contract Tower,11,1,13,0,25,0,17,123,0,140,11,18,136,0,165,74,0,74,239
08/31/2020,BLI,WA,ANM,WE,Federal Contract Tower,6,7,12,1,26,0,27,71,1,99,6,34,83,2,125,80,0,80,205
09/01/2020,BLI,WA,ANM,WE,Federal Contract Tower,2,9,23,0,34,0,36,78,2,116,2,45,101,2,150,54,0,54,204
09/02/2020,BLI,WA,ANM,WE,Federal Contract Tower,2,6,20,0,28,0,25,129,0,154,2,31,149,0,182,74,0,74,256
09/03/2020,BLI,WA,ANM,WE,Federal Contract Tower,11,6,21,0,38,0,39,113,0,152,11,45,134,0,190,28,0,28,218
09/04/2020,BLI,WA,ANM,WE,Federal Contract Tower,9,10,12,0,31,0,52,93,0,145,9,62,105,0,176,70,0,70,246
09/05/2020,BLI,WA,ANM,WE,Federal Contract Tower,2,7,13,1,23,0,22,54,3,79,2,29,67,4,102,50,6,56,158
09/06/2020,BLI,WA,ANM,WE,Federal Contract Tower,10,8,10,0,28,0,19,75,0,94,10,27,85,0,122,52,8,60,182
09/07/2020,BLI,WA,ANM,WE,Federal Contract Tower,10,0,3,0,13,0,32,21,0,53,10,32,24,0,66,0,0,0,66
09/08/2020,BLI,WA,ANM,WE,Federal Contract Tower,2,4,25,1,32,0,34,80,5,119,2,38,105,6,151,90,0,90,241
09/09/2020,BLI,WA,ANM,WE,Federal Contract Tower,2,8,22,0,32,0,36,92,0,128,2,44,114,0,160,66,0,66,226
09/10/2020,BLI,WA,ANM,WE,Federal Contract Tower,10,7,20,2,39,0,18,102,0,120,10,25,122,2,159,86,0,86,245
09/11/2020,BLI,WA,ANM,WE,Federal Contract Tower,4,22,18,0,44,0,5,10,0,15,4,27,28,0,59,0,0,0,59
09/12/2020,BLI,WA,ANM,WE,Federal Contract Tower,2,9,12,0,23,0,0,0,0,0,2,9,12,0,23,0,0,0,23
09/13/2020,BLI,WA,ANM,WE,Federal Contract Tower,10,1,18,0,29,0,0,0,0,0,10,1,18,0,29,0,0,0,29
09/14/2020,BLI,WA,ANM,WE,Federal Contract Tower,4,11,6,0,21,0,0,0,0,0,4,11,6,0,21,0,0,0,21
09/16/2020,BLI,WA,ANM,WE,Federal Contract Tower,2,13,10,0,25,0,0,0,0,0,2,13,10,0,25,0,0,0,25
09/17/2020,BLI,WA,ANM,WE,Federal Contract Tower,12,24,12,0,48,0,0,0,0,0,12,24,12,0,48,0,0,0,48
09/18/2020,BLI,WA,ANM,WE,Federal Contract Tower,4,8,3,0,15,0,0,2,0,2,4,8,5,0,17,0,0,0,17
09/19/2020,BLI,WA,ANM,WE,Federal Contract Tower,3,3,14,0,20,0,11,54,1,66,3,14,68,1,86,72,10,82,168
09/20/2020,BLI,WA,ANM,WE,Federal Contract Tower,12,0,15,2,29,0,16,90,2,108,12,16,105,4,137,44,10,54,191
09/21/2020,BLI,WA,ANM,WE,Federal Contract Tower,4,6,29,0,39,0,35,85,0,120,4,41,114,0,159,80,0,80,239
09/22/2020,BLI,WA,ANM,WE,Federal Contract Tower,2,8,22,0,32,0,26,133,4,163,2,34,155,4,195,118,14,132,327
09/23/2020,BLI,WA,ANM,WE,Federal Contract Tower,3,10,13,0,26,0,12,8,0,20,3,22,21,0,46,0,0,0,46
09/24/2020,BLI,WA,ANM,WE,Federal Contract Tower,13,8,13,0,34,0,18,24,2,44,13,26,37,2,78,20,0,20,98
09/25/2020,BLI,WA,ANM,WE,Federal Contract Tower,7,5,5,2,19,0,21,13,0,34,7,26,18,2,53,8,0,8,61
09/26/2020,BLI,WA,ANM,WE,Federal Contract Tower,2,6,15,0,23,0,16,11,0,27,2,22,26,0,50,12,0,12,62
09/27/2020,BLI,WA,ANM,WE,Federal Contract Tower,12,0,11,0,23,0,18,103,0,121,12,18,114,0,144,42,0,42,186
09/28/2020,BLI,WA,ANM,WE,Federal Contract Tower,4,7,16,0,27,0,45,90,0,135,4,52,106,0,162,80,0,80,242
09/29/2020,BLI,WA,ANM,WE,Federal Contract Tower,2,12,19,2,35,0,37,123,2,162,2,49,142,4,197,110,0,110,307
09/30/2020,BLI,WA,ANM,WE,Federal Contract Tower,3,10,17,0,30,0,19,120,0,139,3,29,137,0,169,70,0,70,239
10/01/2020,BLI,WA,ANM,WE,Federal Contract Tower,8,5,21,2,36,0,26,80,4,110,8,31,101,6,146,64,16,80,226
10/02/2020,BLI,WA,ANM,WE,Federal Contract Tower,3,3,17,0,23,0,18,79,0,97,3,21,96,0,120,68,18,86,206
10/03/2020,BLI,WA,ANM,WE,Federal Contract Tower,2,4,1,0,7,0,0,0,0,0,2,4,1,0,7,0,0,0,7
10/04/2020,BLI,WA,ANM,WE,Federal Contract Tower,10,2,17,0,29,0,11,21,0,32,10,13,38,0,61,28,0,28,89
10/05/2020,BLI,WA,ANM,WE,Federal Contract Tower,4,9,21,0,34,0,18,69,1,88,4,27,90,1,122,92,6,98,220
10/06/2020,BLI,WA,ANM,WE,Federal Contract Tower,2,12,14,0,28,0,21,74,0,95,2,33,88,0,123,98,0,98,221
10/07/2020,BLI,WA,ANM,WE,Federal Contract Tower,3,6,4,0,13,0,0,0,0,0,3,6,4,0,13,0,0,0,13
10/08/2020,BLI,WA,ANM,WE,Federal Contract Tower,13,19,10,1,43,0,27,59,2,88,13,46,69,3,131,44,0,44,175
10/09/2020,BLI,WA,ANM,WE,Federal Contract Tower,4,10,23,0,37,0,42,46,0,88,4,52,69,0,125,44,0,44,169
10/10/2020,BLI,WA,ANM,WE,Federal Contract Tower,2,4,11,0,17,0,27,20,0,47,2,31,31,0,64,37,0,37,101
10/11/2020,BLI,WA,ANM,WE,Federal Contract Tower,6,5,9,0,20,0,5,7,0,12,6,10,16,0,32,24,0,24,56
10/12/2020,BLI,WA,ANM,WE,Federal Contract Tower,4,6,18,0,28,0,27,79,0,106,4,33,97,0,134,100,0,100,234
10/13/2020,BLI,WA,ANM,WE,Federal Contract Tower,2,9,9,0,20,0,22,9,5,36,2,31,18,5,56,4,0,4,60
10/14/2020,BLI,WA,ANM,WE,Federal Contract Tower,4,7,22,0,33,0,25,108,0,133,4,32,130,0,166,98,0,98,264
10/15/2020,BLI,WA,ANM,WE,Federal Contract Tower,8,8,35,0,51,0,54,177,0,231,8,62,212,0,282,140,0,140,422
10/16/2020,BLI,WA,ANM,WE,Federal Contract Tower,4,12,10,0,26,0,25,12,0,37,4,37,22,0,63,0,0,0,63
10/17/2020,BLI,WA,ANM,WE,Federal Contract Tower,2,7,20,0,29,0,13,48,0,61,2,20,68,0,90,56,0,56,146
10/18/2020,BLI,WA,ANM,WE,Federal Contract Tower,8,7,10,0,25,0,0,0,0,0,8,7,10,0,25,0,0,0,25
10/19/2020,BLI,WA,ANM,WE,Federal Contract Tower,4,9,19,0,32,0,36,54,0,90,4,45,73,0,122,82,0,82,204
10/20/2020,BLI,WA,ANM,WE,Federal Contract Tower,1,7,14,0,22,0,33,78,2,113,1,40,92,2,135,92,48,140,275
10/21/2020,BLI,WA,ANM,WE,Federal Contract Tower,2,9,27,0,38,0,23,103,2,128,2,32,130,2,166,54,0,54,220
10/22/2020,BLI,WA,ANM,WE,Federal Contract Tower,8,7,17,1,33,0,41,89,3,133,8,48,106,4,166,102,0,102,268
10/23/2020,BLI,WA,ANM,WE,Federal Contract Tower,3,16,7,0,26,0,9,8,0,17,3,25,15,0,43,0,0,0,43
10/24/2020,BLI,WA,ANM,WE,Federal Contract Tower,2,5,7,0,14,0,8,7,0,15,2,13,14,0,29,0,0,0,29
10/25/2020,BLI,WA,ANM,WE,Federal Contract Tower,8,0,12,0,20,0,7,119,5,131,8,7,131,5,151,68,6,74,225
10/26/2020,BLI,WA,ANM,WE,Federal Contract Tower,4,6,12,0,22,0,15,72,0,87,4,21,84,0,109,56,0,56,165
10/27/2020,BLI,WA,ANM,WE,Federal Contract Tower,2,9,19,0,30,0,28,62,0,90,2,37,81,0,120,54,0,54,174
10/28/2020,BLI,WA,ANM,WE,Federal Contract Tower,4,6,29,2,41,0,22,52,0,74,4,28,81,2,115,16,0,16,131
10/29/2020,BLI,WA,ANM,WE,Federal Contract Tower,8,9,26,2,45,0,30,62,0,92,8,39,88,2,137,124,2,126,263
10/30/2020,BLI,WA,ANM,WE,Federal Contract Tower,4,11,12,0,27,0,27,51,0,78,4,38,63,0,105,12,0,12,117
10/31/2020,BLI,WA,ANM,WE,Federal Contract Tower,2,8,18,0,28,0,7,121,0,128,2,15,139,0,156,66,0,66,222
11/01/2020,BLI,WA,ANM,WE,Federal Contract Tower,8,8,10,0,26,0,18,138,4,160,8,26,148,4,186,128,4,132,318
11/02/2020,BLI,WA,ANM,WE,Federal Contract Tower,3,11,15,0,29,0,30,74,0,104,3,41,89,0,133,116,0,116,249
11/03/2020,BLI,WA,ANM,WE,Federal Contract Tower,3,14,14,0,31,0,13,7,0,20,3,27,21,0,51,0,0,0,51
11/04/2020,BLI,WA,ANM,WE,Federal Contract Tower,2,9,11,0,22,0,26,11,0,37,2,35,22,0,59,0,0,0,59
11/05/2020,BLI,WA,ANM,WE,Federal Contract Tower,7,7,6,0,20,0,22,47,2,71,7,29,53,2,91,62,0,62,153
11/06/2020,BLI,WA,ANM,WE,Federal Contract Tower,4,11,14,0,29,0,35,82,4,121,4,46,96,4,150,80,0,80,230
11/07/2020,BLI,WA,ANM,WE,Federal Contract Tower,2,3,10,1,16,0,12,56,0,68,2,15,66,1,84,68,0,68,152
11/08/2020,BLI,WA,ANM,WE,Federal Contract Tower,8,4,8,0,20,0,11,20,2,33,8,15,28,2,53,8,2,10,63
11/09/2020,BLI,WA,ANM,WE,Federal Contract Tower,4,8,10,2,24,0,23,40,0,63,4,31,50,2,87,18,20,38,125
11/10/2020,BLI,WA,ANM,WE,Federal Contract Tower,2,5,4,0,11,0,21,23,0,44,2,26,27,0,55,20,0,20,75
11/11/2020,BLI,WA,ANM,WE,Federal Contract Tower,4,5,5,0,14,0,24,60,0,84,4,29,65,0,98,38,0,38,136
11/12/2020,BLI,WA,ANM,WE,Federal Contract Tower,10,10,7,0,27,0,25,21,2,48,10,35,28,2,75,12,10,22,97
11/13/2020,BLI,WA,ANM,WE,Federal Contract Tower,4,6,3,0,13,0,19,6,0,25,4,25,9,0,38,14,0,14,52
11/14/2020,BLI,WA,ANM,WE,Federal Contract Tower,2,4,8,1,15,0,18,28,0,46,2,22,36,1,61,32,0,32,93
11/15/2020,BLI,WA,ANM,WE,Federal Contract Tower,10,5,6,1,22,0,8,17,0,25,10,13,23,1,47,20,0,20,67
11/16/2020,BLI,WA,ANM,WE,Federal Contract Tower,4,10,9,0,23,0,17,13,0,30,4,27,22,0,53,44,0,44,97
11/17/2020,BLI,WA,ANM,WE,Federal Contract Tower,2,10,2,0,14,0,14,11,0,25,2,24,13,0,39,18,0,18,57
11/18/2020,BLI,WA,ANM,WE,Federal Contract Tower,2,5,9,8,24,0,22,10,0,32,2,27,19,8,56,14,0,14,70
11/19/2020,BLI,WA,ANM,WE,Federal Contract Tower,12,7,7,2,28,0,28,42,0,70,12,35,49,2,98,92,0,92,190
11/20/2020,BLI,WA,ANM,WE,Federal Contract Tower,4,6,9,0,19,0,23,27,0,50,4,29,36,0,69,58,0,58,127
11/21/2020,BLI,WA,ANM,WE,Federal Contract Tower,2,5,26,0,33,0,6,128,4,138,2,11,154,4,171,114,2,116,287
11/22/2020,BLI,WA,ANM,WE,Federal Contract Tower,13,0,10,0,23,0,17,28,0,45,13,17,38,0,68,92,0,92,160
11/23/2020,BLI,WA,ANM,WE,Federal Contract Tower,4,10,15,2,31,0,22,20,1,43,4,32,35,3,74,64,6,70,144
11/24/2020,BLI,WA,ANM,WE,Federal Contract Tower,11,16,3,0,30,0,22,1,0,23,11,38,4,0,53,0,0,0,53
11/25/2020,BLI,WA,ANM,WE,Federal Contract Tower,6,6,2,0,14,0,20,13,0,33,6,26,15,0,47,28,12,40,87
11/26/2020,BLI,WA,ANM,WE,Federal Contract Tower,4,0,0,0,4,0,3,14,0,17,4,3,14,0,21,42,0,42,63
11/27/2020,BLI,WA,ANM,WE,Federal Contract Tower,4,4,7,0,15,0,11,34,0,45,4,15,41,0,60,46,0,46,106
11/28/2020,BLI,WA,ANM,WE,Federal Contract Tower,6,4,13,0,23,0,9,64,2,75,6,13,77,2,98,100,0,100,198
11/29/2020,BLI,WA,ANM,WE,Federal Contract Tower,6,1,6,0,13,0,10,41,0,51,6,11,47,0,64,50,0,50,114
11/30/2020,BLI,WA,ANM,WE,Federal Contract Tower,11,6,9,0,26,0,12,16,0,28,11,18,25,0,54,20,0,20,74
12/01/2020,BLI,WA,ANM,WE,Federal Contract Tower,2,10,11,0,23,0,35,67,2,104,2,45,78,2,127,144,0,144,271
12/02/2020,BLI,WA,ANM,WE,Federal Contract Tower,2,4,13,2,21,0,22,103,2,127,2,26,116,4,148,88,0,88,236
12/03/2020,BLI,WA,ANM,WE,Federal Contract Tower,6,8,10,0,24,0,21,62,0,83,6,29,72,0,107,36,0,36,143
12/04/2020,BLI,WA,ANM,WE,Federal Contract Tower,2,6,14,0,22,0,22,79,2,103,2,28,93,2,125,144,0,144,269
12/05/2020,BLI,WA,ANM,WE,Federal Contract Tower,2,5,17,0,24,0,14,107,0,121,2,19,124,0,145,78,0,78,223
12/06/2020,BLI,WA,ANM,WE,Federal Contract Tower,6,2,12,1,21,0,9,24,2,35,6,11,36,3,56,74,8,82,138
12/07/2020,BLI,WA,ANM,WE,Federal Contract Tower,4,8,7,3,22,0,28,47,0,75,4,36,54,3,97,82,0,82,179
12/08/2020,BLI,WA,ANM,WE,Federal Contract Tower,2,16,17,3,38,0,16,4,0,20,2,32,21,3,58,0,0,0,58
12/09/2020,BLI,WA,ANM,WE,Federal Contract Tower,2,12,6,0,20,0,17,18,0,35,2,29,24,0,55,28,0,28,83
12/10/2020,BLI,WA,ANM,WE,Federal Contract Tower,6,8,20,0,34,0,27,66,0,93,6,35,86,0,127,96,0,96,223
12/11/2020,BLI,WA,ANM,WE,Federal Contract Tower,4,6,0,1,11,0,28,49,1,78,4,34,49,2,89,50,0,50,139
12/12/2020,BLI,WA,ANM,WE,Federal Contract Tower,3,1,9,0,13,0,15,47,0,62,3,16,56,0,75,34,0,34,109
12/13/2020,BLI,WA,ANM,WE,Federal Contract Tower,6,0,7,0,13,0,7,8,0,15,6,7,15,0,28,2,0,2,30
12/14/2020,BLI,WA,ANM,WE,Federal Contract Tower,2,14,4,1,21,0,15,9,1,25,2,29,13,2,46,0,0,0,46
12/15/2020,BLI,WA,ANM,WE,Federal Contract Tower,2,11,6,0,19,0,23,5,0,28,2,34,11,0,47,0,0,0,47
12/16/2020,BLI,WA,ANM,WE,Federal Contract Tower,3,7,9,0,19,0,21,8,0,29,3,28,17,0,48,14,0,14,62
12/17/2020,BLI,WA,ANM,WE,Federal Contract Tower,10,7,7,0,24,0,12,42,0,54,10,19,49,0,78,66,0,66,144
12/18/2020,BLI,WA,ANM,WE,Federal Contract Tower,4,9,0,0,13,0,12,6,2,20,4,21,6,2,33,0,0,0,33
12/19/2020,BLI,WA,ANM,WE,Federal Contract Tower,4,6,7,2,19,0,15,8,0,23,4,21,15,2,42,16,0,16,58
12/20/2020,BLI,WA,ANM,WE,Federal Contract Tower,6,0,14,2,22,0,10,25,0,35,6,10,39,2,57,34,0,34,91
12/21/2020,BLI,WA,ANM,WE,Federal Contract Tower,7,12,12,0,31,0,9,3,0,12,7,21,15,0,43,0,0,0,43
12/22/2020,BLI,WA,ANM,WE,Federal Contract Tower,6,10,14,2,32,0,18,28,0,46,6,28,42,2,78,16,0,16,94
12/23/2020,BLI,WA,ANM,WE,Federal Contract Tower,7,8,16,0,31,0,24,113,1,138,7,32,129,1,169,64,24,88,257
12/24/2020,BLI,WA,ANM,WE,Federal Contract Tower,7,6,2,0,15,0,28,59,0,87,7,34,61,0,102,28,0,28,130
12/25/2020,BLI,WA,ANM,WE,Federal Contract Tower,2,2,2,0,6,0,2,8,0,10,2,4,10,0,16,4,0,4,20
12/26/2020,BLI,WA,ANM,WE,Federal Contract Tower,6,4,5,0,15,0,8,10,0,18,6,12,15,0,33,0,0,0,33
12/27/2020,BLI,WA,ANM,WE,Federal Contract Tower,9,0,6,0,15,0,8,11,0,19,9,8,17,0,34,54,0,54,88
12/28/2020,BLI,WA,ANM,WE,Federal Contract Tower,8,11,16,0,35,0,10,74,0,84,8,21,90,0,119,82,0,82,201
12/29/2020,BLI,WA,ANM,WE,Federal Contract Tower,8,7,9,2,26,0,27,34,0,61,8,34,43,2,87,14,0,14,101
12/30/2020,BLI,WA,ANM,WE,Federal Contract Tower,6,9,5,0,20,0,17,0,0,17,6,26,5,0,37,0,0,0,37
12/31/2020,BLI,WA,ANM,WE,Federal Contract Tower,7,12,11,0,30,0,0,0,0,0,7,12,11,0,30,0,0,0,30
01/01/2021,BLI,WA,ANM,WE,Federal Contract Tower,2,5,3,0,10,0,2,6,0,8,2,7,9,0,18,0,0,0,18
01/02/2021,BLI,WA,ANM,WE,Federal Contract Tower,6,4,3,0,13,0,5,0,0,5,6,9,3,0,18,0,0,0,18
01/03/2021,BLI,WA,ANM,WE,Federal Contract Tower,10,2,7,0,19,0,11,5,0,16,10,13,12,0,35,10,0,10,45
01/04/2021,BLI,WA,ANM,WE,Federal Contract Tower,4,9,4,0,17,0,12,9,0,21,4,21,13,0,38,6,0,6,44
01/05/2021,BLI,WA,ANM,WE,Federal Contract Tower,4,7,7,0,18,0,10,8,0,18,4,17,15,0,36,6,0,6,42
01/06/2021,BLI,WA,ANM,WE,Federal Contract Tower,2,8,12,0,22,0,27,65,0,92,2,35,77,0,114,56,0,56,170
01/07/2021,BLI,WA,ANM,WE,Federal Contract Tower,6,9,28,0,43,0,27,94,2,123,6,36,122,2,166,109,0,109,275
01/08/2021,BLI,WA,ANM,WE,Federal Contract Tower,2,9,4,0,15,0,17,19,0,36,2,26,23,0,51,28,0,28,79
01/09/2021,BLI,WA,ANM,WE,Federal Contract Tower,2,2,9,0,13,0,12,66,0,78,2,14,75,0,91,22,0,22,113
01/10/2021,BLI,WA,ANM,WE,Federal Contract Tower,6,1,17,0,24,0,8,33,2,43,6,9,50,2,67,40,12,52,119
01/11/2021,BLI,WA,ANM,WE,Federal Contract Tower,1,7,3,0,11,0,16,18,0,34,1,23,21,0,45,12,0,12,57
01/12/2021,BLI,WA,ANM,WE,Federal Contract Tower,2,12,11,0,25,0,21,3,0,24,2,33,14,0,49,4,0,4,53
01/13/2021,BLI,WA,ANM,WE,Federal Contract Tower,3,6,12,0,21,0,22,65,0,87,3,28,77,0,108,48,0,48,156
01/14/2021,BLI,WA,ANM,WE,Federal Contract Tower,6,6,21,0,33,0,17,96,2,115,6,23,117,2,148,125,0,125,273
01/15/2021,BLI,WA,ANM,WE,Federal Contract Tower,6,5,11,0,22,0,18,65,0,83,6,23,76,0,105,74,0,74,179
01/16/2021,BLI,WA,ANM,WE,Federal Contract Tower,2,3,14,0,19,0,10,43,1,54,2,13,57,1,73,30,0,30,103
01/17/2021,BLI,WA,ANM,WE,Federal Contract Tower,4,0,3,1,8,0,4,37,0,41,4,4,40,1,49,50,0,50,99
01/18/2021,BLI,WA,ANM,WE,Federal Contract Tower,8,6,21,0,35,0,21,61,2,84,8,27,82,2,119,44,0,44,163
01/19/2021,BLI,WA,ANM,WE,Federal Contract Tower,2,6,7,0,15,0,22,46,1,69,2,28,53,1,84,38,0,38,122
01/20/2021,BLI,WA,ANM,WE,Federal Contract Tower,2,9,11,0,22,0,15,53,0,68,2,24,64,0,90,62,0,62,152
01/21/2021,BLI,WA,ANM,WE,Federal Contract Tower,5,7,8,1,21,0,33,30,5,68,5,40,38,6,89,18,37,55,144
01/22/2021,BLI,WA,ANM,WE,Federal Contract Tower,4,4,12,0,20,0,30,93,0,123,4,34,105,0,143,92,0,92,235
01/23/2021,BLI,WA,ANM,WE,Federal Contract Tower,2,3,14,0,19,0,16,104,0,120,2,19,118,0,139,67,0,67,206
01/24/2021,BLI,WA,ANM,WE,Federal Contract Tower,6,0,3,0,9,0,9,3,0,12,6,9,6,0,21,20,0,20,41
01/25/2021,BLI,WA,ANM,WE,Federal Contract Tower,4,6,5,0,15,0,20,19,0,39,4,26,24,0,54,108,0,108,162
01/26/2021,BLI,WA,ANM,WE,Federal Contract Tower,2,6,12,1,21,0,26,35,1,62,2,32,47,2,83,114,0,114,197
01/27/2021,BLI,WA,ANM,WE,Federal Contract Tower,2,6,8,2,18,0,12,30,0,42,2,18,38,2,60,34,0,34,94
01/28/2021,BLI,WA,ANM,WE,Federal Contract Tower,6,5,7,0,18,0,15,66,0,81,6,20,73,0,99,68,0,68,167
01/29/2021,BLI,WA,ANM,WE,Federal Contract Tower,4,5,6,0,15,0,19,49,0,68,4,24,55,0,83,58,0,58,141
01/30/2021,BLI,WA,ANM,WE,Federal Contract Tower,2,3,1,0,6,0,5,27,0,32,2,8,28,0,38,16,0,16,54
01/31/2021,BLI,WA,ANM,WE,Federal Contract Tower,6,2,0,0,8,0,4,1,0,5,6,6,1,0,13,0,0,0,13
02/01/2021,BLI,WA,ANM,WE,Federal Contract Tower,4,8,6,0,18,0,20,7,0,27,4,28,13,0,45,2,0,2,47
02/02/2021,BLI,WA,ANM,WE,Federal Contract Tower,2,10,7,2,21,0,17,28,0,45,2,27,35,2,66,18,0,18,84
02/03/2021,BLI,WA,ANM,WE,Federal Contract Tower,2,9,10,0,21,0,36,145,0,181,2,45,155,0,202,174,0,174,376
02/04/2021,BLI,WA,ANM,WE,Federal Contract Tower,6,11,6,0,23,0,10,2,0,12,6,21,8,0,35,0,0,0,35
02/05/2021,BLI,WA,ANM,WE,Federal Contract Tower,6,6,18,0,30,0,30,29,0,59,6,36,47,0,89,46,0,46,135
02/06/2021,BLI,WA,ANM,WE,Federal Contract Tower,2,6,3,0,11,0,4,7,0,11,2,10,10,0,22,10,0,10,32
02/07/2021,BLI,WA,ANM,WE,Federal Contract Tower,6,2,2,0,10,0,9,65,2,76,6,11,67,2,86,84,6,90,176
02/08/2021,BLI,WA,ANM,WE,Federal Contract Tower,6,10,10,0,26,0,20,72,2,94,6,30,82,2,120,98,0,98,218
02/09/2021,BLI,WA,ANM,WE,Federal Contract Tower,2,11,13,0,26,0,27,96,1,124,2,38,109,1,150,142,0,142,292
02/10/2021,BLI,WA,ANM,WE,Federal Contract Tower,4,8,10,0,22,0,30,50,0,80,4,38,60,0,102,22,0,22,124
02/11/2021,BLI,WA,ANM,WE,Federal Contract Tower,6,0,0,0,6,0,10,3,0,13,6,10,3,0,19,0,0,0,19
02/12/2021,BLI,WA,ANM,WE,Federal Contract Tower,8,1,3,0,12,0,16,6,0,22,8,17,9,0,34,2,0,2,36
02/13/2021,BLI,WA,ANM,WE,Federal Contract Tower,3,0,1,0,4,0,0,0,0,0,3,0,1,0,4,0,0,0,4
02/14/2021,BLI,WA,ANM,WE,Federal Contract Tower,7,2,0,0,9,0,0,0,0,0,7,2,0,0,9,0,0,0,9
02/15/2021,BLI,WA,ANM,WE,Federal Contract Tower,8,11,7,0,26,0,4,0,0,4,8,15,7,0,30,0,0,0,30
02/16/2021,BLI,WA,ANM,WE,Federal Contract Tower,4,7,22,2,35,0,38,29,0,67,4,45,51,2,102,100,0,100,202
02/17/2021,BLI,WA,ANM,WE,Federal Contract Tower,6,6,19,1,32,0,17,70,4,91,6,23,89,5,123,134,6,140,263
02/18/2021,BLI,WA,ANM,WE,Federal Contract Tower,8,7,5,0,20,0,21,32,0,53,8,28,37,0,73,42,0,42,115
02/19/2021,BLI,WA,ANM,WE,Federal Contract Tower,8,5,10,0,23,0,9,44,0,53,8,14,54,0,76,68,0,68,144
02/20/2021,BLI,WA,ANM,WE,Federal Contract Tower,6,5,14,0,25,0,13,47,0,60,6,18,61,0,85,62,0,62,147
02/22/2021,BLI,WA,ANM,WE,Federal Contract Tower,8,6,9,0,23,0,15,18,0,33,8,21,27,0,56,76,0,76,132
02/23/2021,BLI,WA,ANM,WE,Federal Contract Tower,4,8,9,2,23,0,20,52,2,74,4,28,61,4,97,70,0,70,167
02/24/2021,BLI,WA,ANM,WE,Federal Contract Tower,6,5,12,1,24,0,37,114,2,153,6,42,126,3,177,148,0,148,325
02/25/2021,BLI,WA,ANM,WE,Federal Contract Tower,11,7,5,0,23,0,28,11,0,39,11,35,16,0,62,0,0,0,62
02/26/2021,BLI,WA,ANM,WE,Federal Contract Tower,8,6,4,0,18,0,18,22,0,40,8,24,26,0,58,0,0,0,58
02/27/2021,BLI,WA,ANM,WE,Federal Contract Tower,6,7,7,0,20,0,7,94,2,103,6,14,101,2,123,130,0,130,253
02/28/2021,BLI,WA,ANM,WE,Federal Contract Tower,11,3,11,0,25,0,3,21,0,24,11,6,32,0,49,84,0,84,133
03/01/2021,BLI,WA,ANM,WE,Federal Contract Tower,8,9,21,1,39,0,46,95,1,142,8,55,116,2,181,116,0,116,297
03/02/2021,BLI,WA,ANM,WE,Federal Contract Tower,4,8,11,0,23,0,47,58,4,109,4,55,69,4,132,70,0,70,202
03/03/2021,BLI,WA,ANM,WE,Federal Contract Tower,7,8,12,2,29,0,28,104,2,134,7,36,116,4,163,150,0,150,313
03/04/2021,BLI,WA,ANM,WE,Federal Contract Tower,12,6,9,3,30,0,43,33,2,78,12,49,42,5,108,12,24,36,144
03/05/2021,BLI,WA,ANM,WE,Federal Contract Tower,9,6,3,0,18,0,29,10,0,39,9,35,13,0,57,0,0,0,57
03/06/2021,BLI,WA,ANM,WE,Federal Contract Tower,8,3,4,0,15,0,16,29,0,45,8,19,33,0,60,30,0,30,90
03/07/2021,BLI,WA,ANM,WE,Federal Contract Tower,11,2,1,0,14,0,4,16,0,20,11,6,17,0,34,0,0,0,34
03/08/2021,BLI,WA,ANM,WE,Federal Contract Tower,8,9,13,0,30,0,36,89,2,127,8,45,102,2,157,58,0,58,215
03/09/2021,BLI,WA,ANM,WE,Federal Contract Tower,6,6,13,0,25,0,50,73,2,125,6,56,86,2,150,92,0,92,242
03/10/2021,BLI,WA,ANM,WE,Federal Contract Tower,8,6,17,0,31,0,29,84,0,113,8,35,101,0,144,92,0,92,236
03/11/2021,BLI,WA,ANM,WE,Federal Contract Tower,11,10,14,2,37,0,30,110,3,143,11,40,124,5,180,164,20,184,364
03/12/2021,BLI,WA,ANM,WE,Federal Contract Tower,11,5,16,4,36,0,33,108,0,141,11,38,124,4,177,136,14,150,327
03/13/2021,BLI,WA,ANM,WE,Federal Contract Tower,9,2,10,0,21,0,13,89,0,102,9,15,99,0,123,104,0,104,227
03/14/2021,BLI,WA,ANM,WE,Federal Contract Tower,11,0,6,0,17,0,0,12,0,12,11,0,18,0,29,0,0,0,29
03/15/2021,BLI,WA,ANM,WE,Federal Contract Tower,8,5,10,3,26,0,20,90,1,111,8,25,100,4,137,142,0,142,279
03/16/2021,BLI,WA,ANM,WE,Federal Contract Tower,6,8,13,1,28,33,123,1,0,157,39,131,14,1,185,68,0,68,253
03/17/2021,BLI,WA,ANM,WE,Federal Contract Tower,8,9,22,0,39,0,27,76,2,105,8,36,98,2,144,164,2,166,310
03/18/2021,BLI,WA,ANM,WE,Federal Contract Tower,13,9,11,1,34,0,28,25,3,56,13,37,36,4,90,0,0,0,90
03/19/2021,BLI,WA,ANM,WE,Federal Contract Tower,10,6,9,0,25,0,17,28,0,45,10,23,37,0,70,0,0,0,70
03/20/2021,BLI,WA,ANM,WE,Federal Contract Tower,10,11,8,0,29,0,13,17,0,30,10,24,25,0,59,32,0,32,91
03/21/2021,BLI,WA,ANM,WE,Federal Contract Tower,12,4,5,0,21,0,6,5,0,11,12,10,10,0,32,0,0,0,32
03/22/2021,BLI,WA,ANM,WE,Federal Contract Tower,8,7,4,0,19,0,34,66,0,100,8,41,70,0,119,56,0,56,175
03/23/2021,BLI,WA,ANM,WE,Federal Contract Tower,8,12,7,2,29,0,39,96,5,140,8,51,103,7,169,124,0,124,293
03/24/2021,BLI,WA,ANM,WE,Federal Contract Tower,10,12,17,0,39,0,29,18,0,47,10,41,35,0,86,36,0,36,122
03/25/2021,BLI,WA,ANM,WE,Federal Contract Tower,14,8,7,0,29,0,34,65,0,99,14,42,72,0,128,44,0,44,172
03/26/2021,BLI,WA,ANM,WE,Federal Contract Tower,8,11,23,0,42,0,28,73,0,101,8,39,96,0,143,150,0,150,293
03/27/2021,BLI,WA,ANM,WE,Federal Contract Tower,10,4,16,0,30,0,13,54,0,67,10,17,70,0,97,73,0,73,170
03/28/2021,BLI,WA,ANM,WE,Federal Contract Tower,13,2,4,0,19,0,15,9,0,24,13,17,13,0,43,2,0,2,45
03/29/2021,BLI,WA,ANM,WE,Federal Contract Tower,11,9,20,1,41,0,34,124,3,161,11,43,144,4,202,192,14,206,408
03/30/2021,BLI,WA,ANM,WE,Federal Contract Tower,9,6,27,1,43,0,36,85,7,128,9,42,112,8,171,164,24,188,359
03/31/2021,BLI,WA,ANM,WE,Federal Contract Tower,8,7,18,2,35,0,50,145,4,199,8,57,163,6,234,206,54,260,494
04/01/2021,BLI,WA,ANM,WE,Federal Contract Tower,11,7,17,0,35,0,28,79,0,107,11,35,96,0,142,26,0,26,168
04/02/2021,BLI,WA,ANM,WE,Federal Contract Tower,8,14,12,0,34,0,27,64,0,91,8,41,76,0,125,116,0,116,241
04/03/2021,BLI,WA,ANM,WE,Federal Contract Tower,12,4,6,1,23,0,6,44,1,51,12,10,50,2,74,24,0,24,98
04/04/2021,BLI,WA,ANM,WE,Federal Contract Tower,10,0,13,0,23,0,15,47,0,62,10,15,60,0,85,14,0,14,99
04/05/2021,BLI,WA,ANM,WE,Federal Contract Tower,10,10,10,0,30,0,30,91,0,121,10,40,101,0,151,46,0,46,197
04/06/2021,BLI,WA,ANM,WE,Federal Contract Tower,10,8,15,0,33,0,32,139,0,171,10,40,154,0,204,134,0,134,338
04/07/2021,BLI,WA,ANM,WE,Federal Contract Tower,10,15,11,0,36,0,21,7,0,28,10,36,18,0,64,6,0,6,70
04/08/2021,BLI,WA,ANM,WE,Federal Contract Tower,11,6,9,0,26,0,46,77,3,126,11,52,86,3,152,86,0,86,238
04/09/2021,BLI,WA,ANM,WE,Federal Contract Tower,11,11,3,0,25,0,42,22,0,64,11,53,25,0,89,2,0,2,91
04/10/2021,BLI,WA,ANM,WE,Federal Contract Tower,12,7,6,0,25,0,21,45,0,66,12,28,51,0,91,12,0,12,103
04/11/2021,BLI,WA,ANM,WE,Federal Contract Tower,11,4,9,0,24,0,10,109,0,119,11,14,118,0,143,36,0,36,179
04/12/2021,BLI,WA,ANM,WE,Federal Contract Tower,11,8,7,0,26,0,48,66,2,116,11,56,73,2,142,24,0,24,166
04/13/2021,BLI,WA,ANM,WE,Federal Contract Tower,7,9,4,2,22,0,23,72,2,97,7,32,76,4,119,22,2,24,143
04/14/2021,BLI,WA,ANM,WE,Federal Contract Tower,6,10,13,0,29,0,29,90,4,123,6,39,103,4,152,74,10,84,236
04/15/2021,BLI,WA,ANM,WE,Federal Contract Tower,14,8,29,3,54,0,33,119,2,154,14,41,148,5,208,99,0,99,307
04/16/2021,BLI,WA,ANM,WE,Federal Contract Tower,10,8,14,0,32,0,32,117,0,149,10,40,131,0,181,74,0,74,255
04/17/2021,BLI,WA,ANM,WE,Federal Contract Tower,7,7,9,0,23,0,11,109,0,120,7,18,118,0,143,70,0,70,213
04/18/2021,BLI,WA,ANM,WE,Federal Contract Tower,14,4,11,0,29,0,15,122,0,137,14,19,133,0,166,106,0,106,272
04/19/2021,BLI,WA,ANM,WE,Federal Contract Tower,10,10,9,0,29,0,41,119,0,160,10,51,128,0,189,184,0,184,373
04/20/2021,BLI,WA,ANM,WE,Federal Contract Tower,6,7,16,0,29,0,47,103,4,154,6,54,119,4,183,144,8,152,335
04/21/2021,BLI,WA,ANM,WE,Federal Contract Tower,6,13,10,0,29,0,54,138,0,192,6,67,148,0,221,122,2,124,345
04/22/2021,BLI,WA,ANM,WE,Federal Contract Tower,14,9,12,1,36,0,34,65,4,103,14,43,77,5,139,118,0,118,257
04/23/2021,BLI,WA,ANM,WE,Federal Contract Tower,10,10,24,0,44,0,30,69,0,99,10,40,93,0,143,28,0,28,171
04/24/2021,BLI,WA,ANM,WE,Federal Contract Tower,6,12,6,0,24,0,17,14,0,31,6,29,20,0,55,0,0,0,55
04/25/2021,BLI,WA,ANM,WE,Federal Contract Tower,14,5,13,0,32,0,17,40,0,57,14,22,53,0,89,8,0,8,97
04/26/2021,BLI,WA,ANM,WE,Federal Contract Tower,10,9,17,0,36,0,23,57,4,84,10,32,74,4,120,38,8,46,166
04/27/2021,BLI,WA,ANM,WE,Federal Contract Tower,6,13,18,6,43,0,49,101,0,150,6,62,119,6,193,80,0,80,273
04/28/2021,BLI,WA,ANM,WE,Federal Contract Tower,6,8,18,0,32,0,35,108,0,143,6,43,126,0,175,142,0,142,317
04/29/2021,BLI,WA,ANM,WE,Federal Contract Tower,15,8,15,0,38,0,39,141,0,180,15,47,156,0,218,108,0,108,326
04/30/2021,BLI,WA,ANM,WE,Federal Contract Tower,9,17,11,0,37,0,29,15,0,44,9,46,26,0,81,18,0,18,99
05/01/2021,BLI,WA,ANM,WE,Federal Contract Tower,6,7,16,0,29,0,15,92,0,107,6,22,108,0,136,58,0,58,194
05/02/2021,BLI,WA,ANM,WE,Federal Contract Tower,14,10,11,0,35,0,13,90,0,103,14,23,101,0,138,36,0,36,174
05/03/2021,BLI,WA,ANM,WE,Federal Contract Tower,10,19,17,0,46,0,37,47,4,88,10,56,64,4,134,112,0,112,246
05/04/2021,BLI,WA,ANM,WE,Federal Contract Tower,6,10,16,1,33,0,25,72,1,98,6,35,88,2,131,30,0,30,161
05/05/2021,BLI,WA,ANM,WE,Federal Contract Tower,6,15,17,1,39,0,20,86,4,110,6,35,103,5,149,130,0,130,279
05/06/2021,BLI,WA,ANM,WE,Federal Contract Tower,13,12,29,2,56,0,38,49,0,87,13,50,78,2,143,28,0,28,171
05/07/2021,BLI,WA,ANM,WE,Federal Contract Tower,10,11,16,0,37,0,34,40,0,74,10,45,56,0,111,24,0,24,135
05/08/2021,BLI,WA,ANM,WE,Federal Contract Tower,3,8,5,0,16,0,15,52,0,67,3,23,57,0,83,26,0,26,109
05/09/2021,BLI,WA,ANM,WE,Federal Contract Tower,14,4,13,0,31,0,15,72,2,89,14,19,85,2,120,46,0,46,166
05/10/2021,BLI,WA,ANM,WE,Federal Contract Tower,10,16,18,0,44,0,33,81,2,116,10,49,99,2,160,30,0,30,190
05/11/2021,BLI,WA,ANM,WE,Federal Contract Tower,4,13,16,1,34,0,38,95,1,134,4,51,111,2,168,24,0,24,192
05/12/2021,BLI,WA,ANM,WE,Federal Contract Tower,5,14,19,2,40,0,28,90,0,118,5,42,109,2,158,44,0,44,202
05/13/2021,BLI,WA,ANM,WE,Federal Contract Tower,12,13,9,0,34,0,25,85,0,110,12,38,94,0,144,106,0,106,250
05/14/2021,BLI,WA,ANM,WE,Federal Contract Tower,9,6,17,0,32,0,34,121,0,155,9,40,138,0,187,66,0,66,253
05/15/2021,BLI,WA,ANM,WE,Federal Contract Tower,4,6,16,0,26,0,20,75,0,95,4,26,91,0,121,80,0,80,201
05/16/2021,BLI,WA,ANM,WE,Federal Contract Tower,12,2,13,0,27,0,20,115,0,135,12,22,128,0,162,58,0,58,220
05/17/2021,BLI,WA,ANM,WE,Federal Contract Tower,12,16,7,4,39,0,33,44,1,78,12,49,51,5,117,8,0,8,125
05/18/2021,BLI,WA,ANM,WE,Federal Contract Tower,4,10,8,0,22,0,58,69,0,127,4,68,77,0,149,66,0,66,215
05/19/2021,BLI,WA,ANM,WE,Federal Contract Tower,4,5,9,0,18,0,37,63,0,100,4,42,72,0,118,78,0,78,196
05/20/2021,BLI,WA,ANM,WE,Federal Contract Tower,15,8,14,4,41,0,37,137,0,174,15,45,151,4,215,86,0,86,301
05/21/2021,BLI,WA,ANM,WE,Federal Contract Tower,12,9,23,1,45,0,34,129,3,166,12,43,152,4,211,118,0,118,329
05/22/2021,BLI,WA,ANM,WE,Federal Contract Tower,5,7,27,0,39,0,26,64,0,90,5,33,91,0,129,56,0,56,185
05/23/2021,BLI,WA,ANM,WE,Federal Contract Tower,14,6,6,0,26,0,13,32,0,45,14,19,38,0,71,30,0,30,101
05/24/2021,BLI,WA,ANM,WE,Federal Contract Tower,11,21,13,0,45,0,9,11,0,20,11,30,24,0,65,52,0,52,117
05/25/2021,BLI,WA,ANM,WE,Federal Contract Tower,5,7,17,3,32,0,37,89,2,128,5,44,106,5,160,84,0,84,244
05/26/2021,BLI,WA,ANM,WE,Federal Contract Tower,6,9,16,3,34,0,35,92,2,129,6,44,108,5,163,144,2,146,309
05/27/2021,BLI,WA,ANM,WE,Federal Contract Tower,12,13,18,0,43,0,29,18,0,47,12,42,36,0,90,16,0,16,106
05/28/2021,BLI,WA,ANM,WE,Federal Contract Tower,13,12,15,1,41,0,41,78,0,119,13,53,93,1,160,114,0,114,274
05/29/2021,BLI,WA,ANM,WE,Federal Contract Tower,6,9,12,0,27,0,22,132,2,156,6,31,144,2,183,58,0,58,241
05/30/2021,BLI,WA,ANM,WE,Federal Contract Tower,13,2,5,1,21,0,38,119,0,157,13,40,124,1,178,50,0,50,228
05/31/2021,BLI,WA,ANM,WE,Federal Contract Tower,14,9,24,0,47,0,46,117,0,163,14,55,141,0,210,98,0,98,308
06/01/2021,BLI,WA,ANM,WE,Federal Contract Tower,8,7,15,1,31,0,50,83,7,140,8,57,98,8,171,68,0,68,239
06/02/2021,BLI,WA,ANM,WE,Federal Contract Tower,7,15,21,1,44,0,50,142,1,193,7,65,163,2,237,76,0,76,313
06/03/2021,BLI,WA,ANM,WE,Federal Contract Tower,13,8,7,1,29,0,50,80,1,131,13,58,87,2,160,62,0,62,222
06/04/2021,BLI,WA,ANM,WE,Federal Contract Tower,12,8,13,1,34,0,49,78,1,128,12,57,91,2,162,20,0,20,182
06/05/2021,BLI,WA,ANM,WE,Federal Contract Tower,8,6,4,0,18,0,21,29,0,50,8,27,33,0,68,6,0,6,74
06/06/2021,BLI,WA,ANM,WE,Federal Contract Tower,11,7,17,0,35,0,6,14,0,20,11,13,31,0,55,26,0,26,81
06/07/2021,BLI,WA,ANM,WE,Federal Contract Tower,12,9,9,0,30,0,26,80,2,108,12,35,89,2,138,60,0,60,198
06/08/2021,BLI,WA,ANM,WE,Federal Contract Tower,8,8,23,2,41,0,44,109,3,156,8,52,132,5,197,48,0,48,245
06/09/2021,BLI,WA,ANM,WE,Federal Contract Tower,6,13,15,0,34,0,40,125,0,165,6,53,140,0,199,124,0,124,323
06/10/2021,BLI,WA,ANM,WE,Federal Contract Tower,12,13,28,0,53,0,48,103,2,153,12,61,131,2,206,46,0,46,252
06/11/2021,BLI,WA,ANM,WE,Federal Contract Tower,13,8,12,0,33,0,30,61,0,91,13,38,73,0,124,28,0,28,152
06/12/2021,BLI,WA,ANM,WE,Federal Contract Tower,6,7,17,0,30,0,27,147,0,174,6,34,164,0,204,22,0,22,226
06/13/2021,BLI,WA,ANM,WE,Federal Contract Tower,12,5,20,0,37,0,9,17,0,26,12,14,37,0,63,18,0,18,81
06/14/2021,BLI,WA,ANM,WE,Federal Contract Tower,12,16,7,0,35,0,26,24,0,50,12,42,31,0,85,6,0,6,91
06/15/2021,BLI,WA,ANM,WE,Federal Contract Tower,7,12,17,2,38,0,41,89,0,130,7,53,106,2,168,76,0,76,244
06/16/2021,BLI,WA,ANM,WE,Federal Contract Tower,6,7,16,0,29,0,31,105,1,137,6,38,121,1,166,28,0,28,194
06/17/2021,BLI,WA,ANM,WE,Federal Contract Tower,18,6,27,0,51,0,44,143,0,187,18,50,170,0,238,106,0,106,344
06/18/2021,BLI,WA,ANM,WE,Federal Contract Tower,19,8,28,0,55,0,35,99,0,134,19,43,127,0,189,32,0,32,221
06/19/2021,BLI,WA,ANM,WE,Federal Contract Tower,13,6,35,0,54,0,36,83,0,119,13,42,118,0,173,18,0,18,191
06/20/2021,BLI,WA,ANM,WE,Federal Contract Tower,17,2,12,0,31,0,12,96,0,108,17,14,108,0,139,22,0,22,161
06/21/2021,BLI,WA,ANM,WE,Federal Contract Tower,17,10,25,0,52,0,30,91,0,121,17,40,116,0,173,44,0,44,217
06/22/2021,BLI,WA,ANM,WE,Federal Contract Tower,14,5,22,3,44,0,39,119,2,160,14,44,141,5,204,84,0,84,288
06/23/2021,BLI,WA,ANM,WE,Federal Contract Tower,12,12,26,0,50,0,26,62,0,88,12,38,88,0,138,44,0,44,182
06/24/2021,BLI,WA,ANM,WE,Federal Contract Tower,18,9,23,8,58,0,51,94,3,148,18,60,117,11,206,68,10,78,284
06/25/2021,BLI,WA,ANM,WE,Federal Contract Tower,17,7,15,0,39,0,43,92,0,135,17,50,107,0,174,54,0,54,228
06/26/2021,BLI,WA,ANM,WE,Federal Contract Tower,17,6,22,0,45,0,29,90,0,119,17,35,112,0,164,38,0,38,202
06/27/2021,BLI,WA,ANM,WE,Federal Contract Tower,16,2,16,0,34,0,33,65,0,98,16,35,81,0,132,46,0,46,178
06/28/2021,BLI,WA,ANM,WE,Federal Contract Tower,17,9,11,0,37,0,46,51,0,97,17,55,62,0,134,54,0,54,188
06/29/2021,BLI,WA,ANM,WE,Federal Contract Tower,17,13,17,1,48,0,41,98,0,139,17,54,115,1,187,88,0,88,275
06/30/2021,BLI,WA,ANM,WE,Federal Contract Tower,12,10,38,0,60,0,68,84,4,156,12,78,122,4,216,48,8,56,272
07/01/2021,BLI,WA,ANM,WE,Federal Contract Tower,16,6,24,0,46,0,56,88,0,144,16,62,112,0,190,60,0,60,250
07/02/2021,BLI,WA,ANM,WE,Federal Contract Tower,19,8,10,0,37,0,69,117,0,186,19,77,127,0,223,78,0,78,301
07/03/2021,BLI,WA,ANM,WE,Federal Contract Tower,16,5,15,0,36,0,34,113,0,147,16,39,128,0,183,24,0,24,207
07/04/2021,BLI,WA,ANM,WE,Federal Contract Tower,18,0,11,0,29,0,21,70,0,91,18,21,81,0,120,40,0,40,160
07/05/2021,BLI,WA,ANM,WE,Federal Contract Tower,15,1,19,0,35,0,46,65,1,112,15,47,84,1,147,28,0,28,175
07/06/2021,BLI,WA,ANM,WE,Federal Contract Tower,16,9,22,3,50,0,47,73,2,122,16,56,95,5,172,24,0,24,196
07/07/2021,BLI,WA,ANM,WE,Federal Contract Tower,12,22,20,0,54,0,35,36,0,71,12,57,56,0,125,4,0,4,129
07/08/2021,BLI,WA,ANM,WE,Federal Contract Tower,19,7,31,1,58,0,61,110,1,172,19,68,141,2,230,80,0,80,310
07/09/2021,BLI,WA,ANM,WE,Federal Contract Tower,18,11,15,0,44,0,73,132,2,207,18,84,147,2,251,114,0,114,365
07/10/2021,BLI,WA,ANM,WE,Federal Contract Tower,14,7,13,2,36,0,25,84,0,109,14,32,97,2,145,20,0,20,165
07/11/2021,BLI,WA,ANM,WE,Federal Contract Tower,15,3,11,0,29,0,41,92,0,133,15,44,103,0,162,18,0,18,180
07/12/2021,BLI,WA,ANM,WE,Federal Contract Tower,17,12,17,1,47,0,39,109,1,149,17,51,126,2,196,36,0,36,232
07/13/2021,BLI,WA,ANM,WE,Federal Contract Tower,16,7,15,2,40,0,62,137,0,199,16,69,152,2,239,86,0,86,325
07/14/2021,BLI,WA,ANM,WE,Federal Contract Tower,12,10,13,5,40,0,54,72,4,130,12,64,85,9,170,50,0,50,220
07/15/2021,BLI,WA,ANM,WE,Federal Contract Tower,18,6,13,0,37,0,51,44,2,97,18,57,57,2,134,2,0,2,136
07/16/2021,BLI,WA,ANM,WE,Federal Contract Tower,18,16,26,0,60,0,68,120,4,192,18,84,146,4,252,94,2,96,348
07/17/2021,BLI,WA,ANM,WE,Federal Contract Tower,15,5,14,0,34,0,24,70,0,94,15,29,84,0,128,54,0,54,182
07/18/2021,BLI,WA,ANM,WE,Federal Contract Tower,16,3,18,1,38,0,43,118,10,171,16,46,136,11,209,52,0,52,261
07/19/2021,BLI,WA,ANM,WE,Federal Contract Tower,18,12,16,2,48,0,45,129,2,176,18,57,145,4,224,42,0,42,266
07/20/2021,BLI,WA,ANM,WE,Federal Contract Tower,18,11,29,2,60,0,54,101,0,155,18,65,130,2,215,42,0,42,257
07/21/2021,BLI,WA,ANM,WE,Federal Contract Tower,12,8,19,1,40,0,72,115,2,189,12,80,134,3,229,106,0,106,335
07/22/2021,BLI,WA,ANM,WE,Federal Contract Tower,18,13,14,1,46,0,58,119,0,177,18,71,133,1,223,110,0,110,333
07/23/2021,BLI,WA,ANM,WE,Federal Contract Tower,18,6,20,1,45,0,79,124,2,205,18,85,144,3,250,76,0,76,326
07/24/2021,BLI,WA,ANM,WE,Federal Contract Tower,16,10,8,0,34,0,31,84,0,115,16,41,92,0,149,58,0,58,207
07/25/2021,BLI,WA,ANM,WE,Federal Contract Tower,17,7,17,0,41,0,52,124,0,176,17,59,141,0,217,93,0,93,310
07/26/2021,BLI,WA,ANM,WE,Federal Contract Tower,15,12,20,2,49,0,66,145,4,215,15,78,165,6,264,114,0,114,378
07/27/2021,BLI,WA,ANM,WE,Federal Contract Tower,16,11,17,0,44,0,67,147,2,216,16,78,164,2,260,108,6,114,374
07/28/2021,BLI,WA,ANM,WE,Federal Contract Tower,11,8,15,0,34,0,76,140,2,218,11,84,155,2,252,116,0,116,368
07/29/2021,BLI,WA,ANM,WE,Federal Contract Tower,16,9,31,0,56,0,73,149,0,222,16,82,180,0,278,158,0,158,436
07/30/2021,BLI,WA,ANM,WE,Federal Contract Tower,16,5,16,0,37,0,81,129,0,210,16,86,145,0,247,136,0,136,383
07/31/2021,BLI,WA,ANM,WE,Federal Contract Tower,12,4,15,2,33,0,37,87,3,127,12,41,102,5,160,80,0,80,240
08/01/2021,BLI,WA,ANM,WE,Federal Contract Tower,15,3,14,0,32,0,49,124,0,173,15,52,138,0,205,8,0,8,213
08/02/2021,BLI,WA,ANM,WE,Federal Contract Tower,14,11,18,7,50,0,54,109,4,167,14,65,127,11,217,114,14,128,345
08/03/2021,BLI,WA,ANM,WE,Federal Contract Tower,16,17,13,1,47,0,44,81,0,125,16,61,94,1,172,98,0,98,270
08/04/2021,BLI,WA,ANM,WE,Federal Contract Tower,13,18,26,0,57,0,56,138,0,194,13,74,164,0,251,92,0,92,343
08/05/2021,BLI,WA,ANM,WE,Federal Contract Tower,15,11,17,0,43,0,81,108,5,194,15,92,125,5,237,2,4,6,243
08/06/2021,BLI,WA,ANM,WE,Federal Contract Tower,14,14,20,0,48,0,44,68,0,112,14,58,88,0,160,24,0,24,184
08/07/2021,BLI,WA,ANM,WE,Federal Contract Tower,13,7,36,0,56,0,29,47,0,76,13,36,83,0,132,10,0,10,142
08/08/2021,BLI,WA,ANM,WE,Federal Contract Tower,14,14,26,0,54,0,20,76,0,96,14,34,102,0,150,36,0,36,186
08/09/2021,BLI,WA,ANM,WE,Federal Contract Tower,16,10,18,3,47,0,62,108,2,172,16,72,126,5,219,70,0,70,289
08/10/2021,BLI,WA,ANM,WE,Federal Contract Tower,17,5,19,2,43,0,67,117,2,186,17,72,136,4,229,118,0,118,347
08/11/2021,BLI,WA,ANM,WE,Federal Contract Tower,12,8,12,0,32,0,49,128,2,179,12,57,140,2,211,106,0,106,317
08/12/2021,BLI,WA,ANM,WE,Federal Contract Tower,13,15,14,0,42,0,66,68,0,134,13,81,82,0,176,2,0,2,178
08/13/2021,BLI,WA,ANM,WE,Federal Contract Tower,14,33,34,0,81,0,44,63,2,109,14,77,97,2,190,0,0,0,190
08/14/2021,BLI,WA,ANM,WE,Federal Contract Tower,13,9,22,0,44,0,32,76,5,113,13,41,98,5,157,10,0,10,167
08/15/2021,BLI,WA,ANM,WE,Federal Contract Tower,14,9,23,0,46,0,29,65,2,96,14,38,88,2,142,24,0,24,166
08/16/2021,BLI,WA,ANM,WE,Federal Contract Tower,14,7,15,2,38,0,52,42,0,94,14,59,57,2,132,0,0,0,132
08/17/2021,BLI,WA,ANM,WE,Federal Contract Tower,12,16,19,0,47,0,69,104,6,179,12,85,123,6,226,70,0,70,296
08/18/2021,BLI,WA,ANM,WE,Federal Contract Tower,10,7,17,0,34,0,58,142,5,205,10,65,159,5,239,76,0,76,315
08/19/2021,BLI,WA,ANM,WE,Federal Contract Tower,18,11,19,0,48,0,47,120,0,167,18,58,139,0,215,70,0,70,285
08/20/2021,BLI,WA,ANM,WE,Federal Contract Tower,12,10,16,0,38,0,58,39,1,98,12,68,55,1,136,16,20,36,172
08/21/2021,BLI,WA,ANM,WE,Federal Contract Tower,10,5,14,5,34,0,32,84,14,130,10,37,98,19,164,28,0,28,192
08/22/2021,BLI,WA,ANM,WE,Federal Contract Tower,16,2,15,0,33,0,34,78,0,112,16,36,93,0,145,30,0,30,175
08/23/2021,BLI,WA,ANM,WE,Federal Contract Tower,12,7,14,1,34,0,45,96,1,142,12,52,110,2,176,78,0,78,254
08/24/2021,BLI,WA,ANM,WE,Federal Contract Tower,11,10,24,1,46,0,74,156,9,239,11,84,180,10,285,64,0,64,349
08/25/2021,BLI,WA,ANM,WE,Federal Contract Tower,11,6,24,0,41,0,63,120,1,184,11,69,144,1,225,90,0,90,315
08/26/2021,BLI,WA,ANM,WE,Federal Contract Tower,19,12,18,0,49,0,48,47,0,95,19,60,65,0,144,26,0,26,170
08/27/2021,BLI,WA,ANM,WE,Federal Contract Tower,12,10,29,0,51,0,45,70,0,115,12,55,99,0,166,58,0,58,224
08/28/2021,BLI,WA,ANM,WE,Federal Contract Tower,8,1,10,0,19,0,38,160,2,200,8,39,170,2,219,124,0,124,343
08/29/2021,BLI,WA,ANM,WE,Federal Contract Tower,18,3,25,0,46,1,62,137,0,200,19,65,162,0,246,24,0,24,270
08/30/2021,BLI,WA,ANM,WE,Federal Contract Tower,13,11,26,0,50,0,41,66,2,109,13,52,92,2,159,46,0,46,205
08/31/2021,BLI,WA,ANM,WE,Federal Contract Tower,10,8,14,0,32,0,39,57,0,96,10,47,71,0,128,48,0,48,176
09/01/2021,BLI,WA,ANM,WE,Federal Contract Tower,12,11,8,0,31,0,68,135,0,203,12,79,143,0,234,54,0,54,288
09/02/2021,BLI,WA,ANM,WE,Federal Contract Tower,18,8,19,0,45,0,74,151,2,227,18,82,170,2,272,126,0,126,398
09/03/2021,BLI,WA,ANM,WE,Federal Contract Tower,12,10,16,0,38,0,56,144,0,200,12,66,160,0,238,106,0,106,344
09/04/2021,BLI,WA,ANM,WE,Federal Contract Tower,9,5,6,0,20,0,38,57,0,95,9,43,63,0,115,20,0,20,135
09/05/2021,BLI,WA,ANM,WE,Federal Contract Tower,19,0,9,0,28,0,31,46,0,77,19,31,55,0,105,20,0,20,125
09/06/2021,BLI,WA,ANM,WE,Federal Contract Tower,11,0,12,2,25,0,43,100,2,145,11,43,112,4,170,42,10,52,222
09/07/2021,BLI,WA,ANM,WE,Federal Contract Tower,10,8,13,3,34,0,47,109,3,159,10,55,122,6,193,61,4,65,258
09/08/2021,BLI,WA,ANM,WE,Federal Contract Tower,8,7,19,2,36,0,43,104,3,150,8,50,123,5,186,122,14,136,322
09/09/2021,BLI,WA,ANM,WE,Federal Contract Tower,16,5,19,0,40,0,49,123,8,180,16,54,142,8,220,40,0,40,260
09/10/2021,BLI,WA,ANM,WE,Federal Contract Tower,11,5,19,7,42,0,42,68,3,113,11,47,87,10,155,46,0,46,201
09/11/2021,BLI,WA,ANM,WE,Federal Contract Tower,7,8,16,0,31,0,29,44,0,73,7,37,60,0,104,70,0,70,174
09/12/2021,BLI,WA,ANM,WE,Federal Contract Tower,16,7,15,0,38,0,13,52,0,65,16,20,67,0,103,58,0,58,161
09/13/2021,BLI,WA,ANM,WE,Federal Contract Tower,10,7,10,0,27,0,49,110,4,163,10,56,120,4,190,132,22,154,344
09/14/2021,BLI,WA,ANM,WE,Federal Contract Tower,7,9,16,1,33,0,29,49,1,79,7,38,65,2,112,64,0,64,176
09/15/2021,BLI,WA,ANM,WE,Federal Contract Tower,8,9,23,0,40,0,46,107,2,155,8,55,130,2,195,66,12,78,273
09/16/2021,BLI,WA,ANM,WE,Federal Contract Tower,15,12,16,0,43,0,62,135,2,199,15,74,151,2,242,100,0,100,342
09/17/2021,BLI,WA,ANM,WE,Federal Contract Tower,11,9,17,0,37,0,20,3,0,23,11,29,20,0,60,0,0,0,60
09/18/2021,BLI,WA,ANM,WE,Federal Contract Tower,6,3,14,0,23,0,42,36,0,78,6,45,50,0,101,36,0,36,137
09/19/2021,BLI,WA,ANM,WE,Federal Contract Tower,16,0,18,0,34,0,3,28,0,31,16,3,46,0,65,30,0,30,95
09/20/2021,BLI,WA,ANM,WE,Federal Contract Tower,11,15,16,2,44,0,57,76,1,134,11,72,92,3,178,90,0,90,268
09/21/2021,BLI,WA,ANM,WE,Federal Contract Tower,6,6,14,2,28,0,58,142,5,205,6,64,156,7,233,79,6,85,318
09/22/2021,BLI,WA,ANM,WE,Federal Contract Tower,9,16,27,0,52,0,28,49,2,79,9,44,76,2,131,54,6,60,191
09/23/2021,BLI,WA,ANM,WE,Federal Contract Tower,15,8,21,0,44,0,58,112,12,182,15,66,133,12,226,62,2,64,290
09/24/2021,BLI,WA,ANM,WE,Federal Contract Tower,11,3,22,0,36,0,62,140,0,202,11,65,162,0,238,104,0,104,342
09/25/2021,BLI,WA,ANM,WE,Federal Contract Tower,6,3,13,0,22,0,29,205,6,240,6,32,218,6,262,28,6,34,296
09/26/2021,BLI,WA,ANM,WE,Federal Contract Tower,17,7,10,0,34,0,35,4,0,39,17,42,14,0,73,0,0,0,73
09/27/2021,BLI,WA,ANM,WE,Federal Contract Tower,11,7,19,4,41,0,49,16,3,68,11,56,35,7,109,0,12,12,121
09/28/2021,BLI,WA,ANM,WE,Federal Contract Tower,8,9,16,1,34,0,64,49,0,113,8,73,65,1,147,34,0,34,181
09/29/2021,BLI,WA,ANM,WE,Federal Contract Tower,11,8,18,0,37,0,45,13,0,58,11,53,31,0,95,12,0,12,107
09/30/2021,BLI,WA,ANM,WE,Federal Contract Tower,17,13,14,0,44,0,41,42,0,83,17,54,56,0,127,66,0,66,193
10/01/2021,BLI,WA,ANM,WE,Federal Contract Tower,14,9,18,0,41,0,67,95,2,164,14,76,113,2,205,80,0,80,285
10/02/2021,BLI,WA,ANM,WE,Federal Contract Tower,7,6,5,0,18,0,21,70,0,91,7,27,75,0,109,54,0,54,163
10/03/2021,BLI,WA,ANM,WE,Federal Contract Tower,19,1,13,0,33,0,35,53,0,88,19,36,66,0,121,66,0,66,187
10/04/2021,BLI,WA,ANM,WE,Federal Contract Tower,13,13,12,0,38,0,43,82,0,125,13,56,94,0,163,100,0,100,263
10/05/2021,BLI,WA,ANM,WE,Federal Contract Tower,12,12,8,0,32,0,44,31,0,75,12,56,39,0,107,52,0,52,159
10/06/2021,BLI,WA,ANM,WE,Federal Contract Tower,10,6,18,1,35,0,53,82,5,140,10,59,100,6,175,73,4,77,252
10/07/2021,BLI,WA,ANM,WE,Federal Contract Tower,18,9,21,0,48,0,59,123,0,182,18,68,144,0,230,50,22,72,302
10/08/2021,BLI,WA,ANM,WE,Federal Contract Tower,13,6,21,0,40,0,42,99,5,146,13,48,120,5,186,78,12,90,276
10/09/2021,BLI,WA,ANM,WE,Federal Contract Tower,10,9,16,0,35,0,28,52,0,80,10,37,68,0,115,38,0,38,153
10/10/2021,BLI,WA,ANM,WE,Federal Contract Tower,16,5,12,0,33,0,32,57,0,89,16,37,69,0,122,93,0,93,215
10/11/2021,BLI,WA,ANM,WE,Federal Contract Tower,15,4,12,0,31,0,71,130,0,201,15,75,142,0,232,86,0,86,318
10/12/2021,BLI,WA,ANM,WE,Federal Contract Tower,8,14,14,7,43,0,50,43,1,94,8,64,57,8,137,104,10,114,251
10/13/2021,BLI,WA,ANM,WE,Federal Contract Tower,10,13,10,0,33,0,53,57,0,110,10,66,67,0,143,108,0,108,251
10/14/2021,BLI,WA,ANM,WE,Federal Contract Tower,18,16,12,0,46,0,61,20,10,91,18,77,32,10,137,40,0,40,177
10/15/2021,BLI,WA,ANM,WE,Federal Contract Tower,14,14,21,0,49,0,64,34,0,98,14,78,55,0,147,8,0,8,155
10/16/2021,BLI,WA,ANM,WE,Federal Contract Tower,9,9,4,0,22,0,32,18,2,52,9,41,22,2,74,16,0,16,90
10/17/2021,BLI,WA,ANM,WE,Federal Contract Tower,18,12,7,0,37,0,33,13,0,46,18,45,20,0,83,0,0,0,83
10/18/2021,BLI,WA,ANM,WE,Federal Contract Tower,13,9,17,2,41,0,66,94,0,160,13,75,111,2,201,102,0,102,303
10/19/2021,BLI,WA,ANM,WE,Federal Contract Tower,10,6,13,0,29,0,61,145,0,206,10,67,158,0,235,115,0,115,350
10/20/2021,BLI,WA,ANM,WE,Federal Contract Tower,9,17,11,1,38,0,59,19,6,84,9,76,30,7,122,20,8,28,150
10/21/2021,BLI,WA,ANM,WE,Federal Contract Tower,18,19,9,0,46,0,90,99,0,189,18,109,108,0,235,72,0,72,307
10/22/2021,BLI,WA,ANM,WE,Federal Contract Tower,12,9,15,0,36,0,48,26,0,74,12,57,41,0,110,2,0,2,112
10/23/2021,BLI,WA,ANM,WE,Federal Contract Tower,6,10,6,0,22,0,41,16,0,57,6,51,22,0,79,80,0,80,159
10/24/2021,BLI,WA,ANM,WE,Federal Contract Tower,18,2,2,0,22,0,28,14,0,42,18,30,16,0,64,0,0,0,64
10/25/2021,BLI,WA,ANM,WE,Federal Contract Tower,12,9,7,0,28,0,10,10,0,20,12,19,17,0,48,0,0,0,48
10/26/2021,BLI,WA,ANM,WE,Federal Contract Tower,10,7,9,0,26,0,44,17,2,63,10,51,26,2,89,36,0,36,125
10/27/2021,BLI,WA,ANM,WE,Federal Contract Tower,7,11,7,0,25,0,55,82,0,137,7,66,89,0,162,71,0,71,233
10/28/2021,BLI,WA,ANM,WE,Federal Contract Tower,17,8,15,4,44,0,2,1,0,3,17,10,16,4,47,0,0,0,47
10/29/2021,BLI,WA,ANM,WE,Federal Contract Tower,14,6,8,0,28,0,59,95,2,156,14,65,103,2,184,98,0,98,282
10/30/2021,BLI,WA,ANM,WE,Federal Contract Tower,6,5,9,0,20,0,24,56,0,80,6,29,65,0,100,10,0,10,110
10/31/2021,BLI,WA,ANM,WE,Federal Contract Tower,16,3,7,0,26,0,21,129,2,152,16,24,136,2,178,70,8,78,256
11/01/2021,BLI,WA,ANM,WE,Federal Contract Tower,14,8,15,1,38,0,47,95,2,144,14,55,110,3,182,88,0,88,270
11/02/2021,BLI,WA,ANM,WE,Federal Contract Tower,11,7,20,0,38,0,53,69,2,124,11,60,89,2,162,32,8,40,202
11/03/2021,BLI,WA,ANM,WE,Federal Contract Tower,9,11,11,0,31,0,60,65,5,130,9,71,76,5,161,74,0,74,235
11/04/2021,BLI,WA,ANM,WE,Federal Contract Tower,18,6,8,0,32,0,43,10,0,53,18,49,18,0,85,12,0,12,97
11/05/2021,BLI,WA,ANM,WE,Federal Contract Tower,13,14,14,0,41,0,51,53,0,104,13,65,67,0,145,42,0,42,187
11/06/2021,BLI,WA,ANM,WE,Federal Contract Tower,9,7,2,0,18,0,27,18,0,45,9,34,20,0,63,12,0,12,75
11/07/2021,BLI,WA,ANM,WE,Federal Contract Tower,23,1,7,0,31,0,8,4,0,12,23,9,11,0,43,0,0,0,43
11/08/2021,BLI,WA,ANM,WE,Federal Contract Tower,17,12,8,0,37,0,61,105,6,172,17,73,113,6,209,66,0,66,275
11/09/2021,BLI,WA,ANM,WE,Federal Contract Tower,17,11,12,0,40,0,41,17,2,60,17,52,29,2,100,4,0,4,104
11/10/2021,BLI,WA,ANM,WE,Federal Contract Tower,15,10,11,2,38,0,68,129,4,201,15,78,140,6,239,112,4,116,355
11/11/2021,BLI,WA,ANM,WE,Federal Contract Tower,24,8,21,0,53,0,44,22,0,66,24,52,43,0,119,20,0,20,139
11/12/2021,BLI,WA,ANM,WE,Federal Contract Tower,15,9,12,0,36,0,28,40,0,68,15,37,52,0,104,46,0,46,150
11/13/2021,BLI,WA,ANM,WE,Federal Contract Tower,13,4,41,0,58,0,9,34,0,43,13,13,75,0,101,42,0,42,143
11/14/2021,BLI,WA,ANM,WE,Federal Contract Tower,27,4,5,0,36,0,0,0,0,0,27,4,5,0,36,0,0,0,36
11/15/2021,BLI,WA,ANM,WE,Federal Contract Tower,16,3,4,0,23,0,2,2,0,4,16,5,6,0,27,0,0,0,27
11/16/2021,BLI,WA,ANM,WE,Federal Contract Tower,15,8,17,0,40,0,62,167,0,229,15,70,184,0,269,54,0,54,323
11/17/2021,BLI,WA,ANM,WE,Federal Contract Tower,14,14,19,0,47,0,60,134,0,194,14,74,153,0,241,48,0,48,289
11/18/2021,BLI,WA,ANM,WE,Federal Contract Tower,21,10,10,0,41,0,22,23,0,45,21,32,33,0,86,22,0,22,108
11/19/2021,BLI,WA,ANM,WE,Federal Contract Tower,15,5,19,0,39,0,29,78,8,115,15,34,97,8,154,144,2,146,300
11/20/2021,BLI,WA,ANM,WE,Federal Contract Tower,10,8,10,0,28,0,13,55,1,69,10,21,65,1,97,104,4,108,205
11/21/2021,BLI,WA,ANM,WE,Federal Contract Tower,20,1,13,0,34,0,27,123,0,150,20,28,136,0,184,78,0,78,262
11/22/2021,BLI,WA,ANM,WE,Federal Contract Tower,17,7,16,0,40,0,27,40,0,67,17,34,56,0,107,36,0,36,143
11/23/2021,BLI,WA,ANM,WE,Federal Contract Tower,18,11,9,0,38,0,38,85,1,124,18,49,94,1,162,10,6,16,178
11/24/2021,BLI,WA,ANM,WE,Federal Contract Tower,20,6,10,0,36,0,41,79,0,120,20,47,89,0,156,44,0,44,200
11/25/2021,BLI,WA,ANM,WE,Federal Contract Tower,12,3,3,0,18,0,0,0,0,0,12,3,3,0,18,0,0,0,18
11/26/2021,BLI,WA,ANM,WE,Federal Contract Tower,14,6,18,0,38,0,16,41,0,57,14,22,59,0,95,50,0,50,145
11/27/2021,BLI,WA,ANM,WE,Federal Contract Tower,18,7,10,0,35,0,14,10,0,24,18,21,20,0,59,18,0,18,77
11/28/2021,BLI,WA,ANM,WE,Federal Contract Tower,20,5,17,0,42,0,0,2,0,2,20,5,19,0,44,0,0,0,44
11/29/2021,BLI,WA,ANM,WE,Federal Contract Tower,18,8,21,0,47,0,26,43,4,73,18,34,64,4,120,94,0,94,214
11/30/2021,BLI,WA,ANM,WE,Federal Contract Tower,12,10,6,0,28,0,21,10,0,31,12,31,16,0,59,28,0,28,87
12/01/2021,BLI,WA,ANM,WE,Federal Contract Tower,15,11,32,0,58,0,36,31,0,67,15,47,63,0,125,26,0,26,151
12/02/2021,BLI,WA,ANM,WE,Federal Contract Tower,17,7,23,2,49,0,27,116,0,143,17,34,139,2,192,153,0,153,345
12/03/2021,BLI,WA,ANM,WE,Federal Contract Tower,18,9,6,0,33,0,45,126,0,171,18,54,132,0,204,104,0,104,308
12/04/2021,BLI,WA,ANM,WE,Federal Contract Tower,13,6,4,0,23,0,4,0,0,4,13,10,4,0,27,0,0,0,27
12/05/2021,BLI,WA,ANM,WE,Federal Contract Tower,18,1,9,0,28,0,24,87,6,117,18,25,96,6,145,94,0,94,239
12/06/2021,BLI,WA,ANM,WE,Federal Contract Tower,16,10,6,0,32,0,0,1,0,1,16,10,7,0,33,0,0,0,33
12/07/2021,BLI,WA,ANM,WE,Federal Contract Tower,12,7,1,0,20,0,1,0,0,1,12,8,1,0,21,0,0,0,21
12/08/2021,BLI,WA,ANM,WE,Federal Contract Tower,15,7,20,0,42,0,64,123,0,187,15,71,143,0,229,136,0,136,365
12/09/2021,BLI,WA,ANM,WE,Federal Contract Tower,21,4,6,0,31,0,41,17,0,58,21,45,23,0,89,24,0,24,113
12/10/2021,BLI,WA,ANM,WE,Federal Contract Tower,18,8,9,0,35,0,47,29,2,78,18,55,38,2,113,6,8,14,127
12/11/2021,BLI,WA,ANM,WE,Federal Contract Tower,16,3,1,0,20,0,8,14,0,22,16,11,15,0,42,26,0,26,68
12/12/2021,BLI,WA,ANM,WE,Federal Contract Tower,18,3,9,0,30,0,12,9,0,21,18,15,18,0,51,72,0,72,123
12/13/2021,BLI,WA,ANM,WE,Federal Contract Tower,17,8,1,0,26,0,40,90,0,130,17,48,91,0,156,106,0,106,262
12/14/2021,BLI,WA,ANM,WE,Federal Contract Tower,12,13,7,2,34,0,49,52,0,101,12,62,59,2,135,68,0,68,203
12/15/2021,BLI,WA,ANM,WE,Federal Contract Tower,14,9,10,0,33,0,47,86,0,133,14,56,96,0,166,96,0,96,262
12/16/2021,BLI,WA,ANM,WE,Federal Contract Tower,17,7,7,0,31,0,43,41,0,84,17,50,48,0,115,54,0,54,169
12/17/2021,BLI,WA,ANM,WE,Federal Contract Tower,17,8,15,1,41,0,60,80,7,147,17,68,95,8,188,86,4,90,278
12/18/2021,BLI,WA,ANM,WE,Federal Contract Tower,17,6,2,0,25,0,5,1,0,6,17,11,3,0,31,30,0,30,61
12/19/2021,BLI,WA,ANM,WE,Federal Contract Tower,19,6,15,0,40,0,33,129,1,163,19,39,144,1,203,66,0,66,269
12/20/2021,BLI,WA,ANM,WE,Federal Contract Tower,17,10,7,0,34,0,53,64,3,120,17,63,71,3,154,44,8,52,206
12/21/2021,BLI,WA,ANM,WE,Federal Contract Tower,15,16,11,2,44,0,61,57,5,123,15,77,68,7,167,106,22,128,295
12/22/2021,BLI,WA,ANM,WE,Federal Contract Tower,19,9,10,0,38,0,42,9,0,51,19,51,19,0,89,0,0,0,89
12/23/2021,BLI,WA,ANM,WE,Federal Contract Tower,17,8,8,0,33,0,17,35,0,52,17,25,43,0,85,16,0,16,101
12/24/2021,BLI,WA,ANM,WE,Federal Contract Tower,14,10,2,0,26,0,5,7,0,12,14,15,9,0,38,16,0,16,54
12/25/2021,BLI,WA,ANM,WE,Federal Contract Tower,5,1,2,0,8,0,0,0,0,0,5,1,2,0,8,0,0,0,8
12/26/2021,BLI,WA,ANM,WE,Federal Contract Tower,0,0,0,0,0,0,0,0,0,0,0,0,0,0,0,0,0,0,0
12/27/2021,BLI,WA,ANM,WE,Federal Contract Tower,11,2,4,0,17,0,2,13,0,15,11,4,17,0,32,0,0,0,32
12/28/2021,BLI,WA,ANM,WE,Federal Contract Tower,15,3,3,0,21,0,2,8,0,10,15,5,11,0,31,0,0,0,31
12/29/2021,BLI,WA,ANM,WE,Federal Contract Tower,16,9,9,0,34,0,10,19,6,35,16,19,28,6,69,0,0,0,69
12/30/2021,BLI,WA,ANM,WE,Federal Contract Tower,17,2,3,0,22,0,5,8,0,13,17,7,11,0,35,0,0,0,35
12/31/2021,BLI,WA,ANM,WE,Federal Contract Tower,16,1,0,0,17,0,23,6,0,29,16,24,6,0,46,0,0,0,46
01/01/2022,BLI,WA,ANM,WE,Federal Contract Tower,13,0,2,0,15,0,4,16,0,20,13,4,18,0,35,0,0,0,35
01/02/2022,BLI,WA,ANM,WE,Federal Contract Tower,17,2,1,0,20,0,4,4,0,8,17,6,5,0,28,0,0,0,28
01/03/2022,BLI,WA,ANM,WE,Federal Contract Tower,18,11,5,0,34,0,33,19,0,52,18,44,24,0,86,10,0,10,96
01/04/2022,BLI,WA,ANM,WE,Federal Contract Tower,10,9,7,0,26,0,60,23,0,83,10,69,30,0,109,0,0,0,109
01/05/2022,BLI,WA,ANM,WE,Federal Contract Tower,11,14,3,0,28,0,18,8,0,26,11,32,11,0,54,0,0,0,54
01/06/2022,BLI,WA,ANM,WE,Federal Contract Tower,6,1,0,0,7,0,0,2,0,2,6,1,2,0,9,0,0,0,9
01/07/2022,BLI,WA,ANM,WE,Federal Contract Tower,21,10,13,0,44,0,11,6,0,17,21,21,19,0,61,0,0,0,61
01/08/2022,BLI,WA,ANM,WE,Federal Contract Tower,11,9,4,0,24,0,15,25,0,40,11,24,29,0,64,50,0,50,114
01/09/2022,BLI,WA,ANM,WE,Federal Contract Tower,20,4,11,0,35,0,35,194,0,229,20,39,205,0,264,116,0,116,380
01/10/2022,BLI,WA,ANM,WE,Federal Contract Tower,20,6,8,0,34,0,20,8,0,28,20,26,16,0,62,0,0,0,62
01/11/2022,BLI,WA,ANM,WE,Federal Contract Tower,10,6,15,0,31,0,21,13,0,34,10,27,28,0,65,4,0,4,69
01/12/2022,BLI,WA,ANM,WE,Federal Contract Tower,13,12,22,1,48,0,41,13,0,54,13,53,35,1,102,0,0,0,102
01/13/2022,BLI,WA,ANM,WE,Federal Contract Tower,21,8,16,0,45,0,50,82,0,132,21,58,98,0,177,86,0,86,263
01/14/2022,BLI,WA,ANM,WE,Federal Contract Tower,20,5,14,0,39,0,49,122,0,171,20,54,136,0,210,160,0,160,370
01/15/2022,BLI,WA,ANM,WE,Federal Contract Tower,13,1,15,0,29,0,0,1,0,1,13,1,16,0,30,0,0,0,30
01/16/2022,BLI,WA,ANM,WE,Federal Contract Tower,17,3,14,0,34,0,0,0,0,0,17,3,14,0,34,0,0,0,34
01/17/2022,BLI,WA,ANM,WE,Federal Contract Tower,13,11,24,0,48,0,19,32,0,51,13,30,56,0,99,28,0,28,127
01/18/2022,BLI,WA,ANM,WE,Federal Contract Tower,10,13,22,0,45,0,0,0,0,0,10,13,22,0,45,0,0,0,45
01/19/2022,BLI,WA,ANM,WE,Federal Contract Tower,11,4,13,1,29,0,23,63,5,91,11,27,76,6,120,34,0,34,154
01/20/2022,BLI,WA,ANM,WE,Federal Contract Tower,22,12,13,0,47,0,52,62,2,116,22,64,75,2,163,74,0,74,237
01/21/2022,BLI,WA,ANM,WE,Federal Contract Tower,20,9,13,0,42,0,39,64,0,103,20,48,77,0,145,50,0,50,195
01/22/2022,BLI,WA,ANM,WE,Federal Contract Tower,12,8,9,0,29,0,9,108,2,119,12,17,117,2,148,86,38,124,272
01/23/2022,BLI,WA,ANM,WE,Federal Contract Tower,3,0,5,0,8,0,0,0,0,0,3,0,5,0,8,0,0,0,8
01/24/2022,BLI,WA,ANM,WE,Federal Contract Tower,24,15,7,0,46,0,0,0,0,0,24,15,7,0,46,0,0,0,46
01/25/2022,BLI,WA,ANM,WE,Federal Contract Tower,6,10,10,0,26,0,0,2,0,2,6,10,12,0,28,0,0,0,28
01/26/2022,BLI,WA,ANM,WE,Federal Contract Tower,9,12,9,0,30,0,10,22,1,33,9,22,31,1,63,12,0,12,75
01/27/2022,BLI,WA,ANM,WE,Federal Contract Tower,19,7,23,1,50,0,34,95,3,132,19,41,118,4,182,114,18,132,314
01/28/2022,BLI,WA,ANM,WE,Federal Contract Tower,19,10,25,1,55,0,55,168,0,223,19,65,193,1,278,144,0,144,422
01/29/2022,BLI,WA,ANM,WE,Federal Contract Tower,11,10,6,0,27,0,12,107,0,119,11,22,113,0,146,138,0,138,284
01/30/2022,BLI,WA,ANM,WE,Federal Contract Tower,18,1,10,0,29,0,7,3,0,10,18,8,13,0,39,0,0,0,39
01/31/2022,BLI,WA,ANM,WE,Federal Contract Tower,20,3,13,1,37,0,50,89,0,139,20,53,102,1,176,180,0,180,356
02/01/2022,BLI,WA,ANM,WE,Federal Contract Tower,8,7,5,1,21,0,58,54,4,116,8,65,59,5,137,50,0,50,187
02/02/2022,BLI,WA,ANM,WE,Federal Contract Tower,10,6,1,0,17,0,14,31,0,45,10,20,32,0,62,64,0,64,126
02/03/2022,BLI,WA,ANM,WE,Federal Contract Tower,19,4,16,0,39,0,0,0,0,0,19,4,16,0,39,0,0,0,39
02/04/2022,BLI,WA,ANM,WE,Federal Contract Tower,20,10,6,0,36,0,35,16,0,51,20,45,22,0,87,0,0,0,87
02/05/2022,BLI,WA,ANM,WE,Federal Contract Tower,9,9,21,0,39,0,9,60,0,69,9,18,81,0,108,120,0,120,228
02/06/2022,BLI,WA,ANM,WE,Federal Contract Tower,16,2,18,0,36,0,9,85,0,94,16,11,103,0,130,70,6,76,206
02/07/2022,BLI,WA,ANM,WE,Federal Contract Tower,19,8,9,0,36,0,59,55,2,116,19,67,64,2,152,32,0,32,184
02/08/2022,BLI,WA,ANM,WE,Federal Contract Tower,7,5,12,0,24,0,39,63,0,102,7,44,75,0,126,68,0,68,194
02/09/2022,BLI,WA,ANM,WE,Federal Contract Tower,12,5,8,0,25,0,31,66,0,97,12,36,74,0,122,88,0,88,210
02/10/2022,BLI,WA,ANM,WE,Federal Contract Tower,19,6,15,1,41,0,8,17,1,26,19,14,32,2,67,0,0,0,67
02/11/2022,BLI,WA,ANM,WE,Federal Contract Tower,19,12,33,2,66,0,56,127,2,185,19,68,160,4,251,92,0,92,343
02/12/2022,BLI,WA,ANM,WE,Federal Contract Tower,9,6,20,0,35,0,9,152,0,161,9,15,172,0,196,92,0,92,288
02/13/2022,BLI,WA,ANM,WE,Federal Contract Tower,17,0,1,0,18,0,9,88,0,97,17,9,89,0,115,72,0,72,187
02/14/2022,BLI,WA,ANM,WE,Federal Contract Tower,19,11,7,0,37,0,35,34,2,71,19,46,41,2,108,0,0,0,108
02/15/2022,BLI,WA,ANM,WE,Federal Contract Tower,9,21,18,2,50,0,29,16,0,45,9,50,34,2,95,4,0,4,99
02/16/2022,BLI,WA,ANM,WE,Federal Contract Tower,14,12,12,1,39,0,48,80,1,129,14,60,92,2,168,40,0,40,208
02/17/2022,BLI,WA,ANM,WE,Federal Contract Tower,22,7,19,0,48,0,53,37,0,90,22,60,56,0,138,40,0,40,178
02/18/2022,BLI,WA,ANM,WE,Federal Contract Tower,23,7,22,0,52,0,39,60,0,99,23,46,82,0,151,118,0,118,269
02/19/2022,BLI,WA,ANM,WE,Federal Contract Tower,11,8,2,0,21,0,9,5,0,14,11,17,7,0,35,0,0,0,35
02/20/2022,BLI,WA,ANM,WE,Federal Contract Tower,21,6,7,0,34,0,11,38,0,49,21,17,45,0,83,20,0,20,103
02/21/2022,BLI,WA,ANM,WE,Federal Contract Tower,15,3,9,0,27,0,14,11,0,25,15,17,20,0,52,0,0,0,52
02/22/2022,BLI,WA,ANM,WE,Federal Contract Tower,14,1,4,0,19,0,5,2,2,9,14,6,6,2,28,0,0,0,28
02/23/2022,BLI,WA,ANM,WE,Federal Contract Tower,13,6,15,0,34,0,22,95,2,119,13,28,110,2,153,22,0,22,175
02/24/2022,BLI,WA,ANM,WE,Federal Contract Tower,23,10,10,0,43,0,57,95,0,152,23,67,105,0,195,78,0,78,273
02/25/2022,BLI,WA,ANM,WE,Federal Contract Tower,22,5,10,0,37,0,61,146,2,209,22,66,156,2,246,138,0,138,384
02/26/2022,BLI,WA,ANM,WE,Federal Contract Tower,15,9,9,0,33,0,20,52,1,73,15,29,61,1,106,44,0,44,150
02/27/2022,BLI,WA,ANM,WE,Federal Contract Tower,21,3,10,0,34,0,5,12,0,17,21,8,22,0,51,60,0,60,111
02/28/2022,BLI,WA,ANM,WE,Federal Contract Tower,19,11,11,0,41,0,15,14,0,29,19,26,25,0,70,38,0,38,108
03/01/2022,BLI,WA,ANM,WE,Federal Contract Tower,17,5,16,0,38,0,34,44,2,80,17,39,60,2,118,128,0,128,246
03/02/2022,BLI,WA,ANM,WE,Federal Contract Tower,16,9,11,0,36,0,36,20,0,56,16,45,31,0,92,4,8,12,104
03/03/2022,BLI,WA,ANM,WE,Federal Contract Tower,21,5,13,0,39,0,56,81,2,139,21,61,94,2,178,122,0,122,300
03/04/2022,BLI,WA,ANM,WE,Federal Contract Tower,22,7,7,0,36,0,45,58,2,105,22,52,65,2,141,104,20,124,265
03/05/2022,BLI,WA,ANM,WE,Federal Contract Tower,13,2,8,0,23,0,7,86,2,95,13,9,94,2,118,70,0,70,188
03/06/2022,BLI,WA,ANM,WE,Federal Contract Tower,18,4,11,0,33,0,8,87,1,96,18,12,98,1,129,86,0,86,215
03/07/2022,BLI,WA,ANM,WE,Federal Contract Tower,23,16,25,0,64,0,43,55,0,98,23,59,80,0,162,12,0,12,174
03/08/2022,BLI,WA,ANM,WE,Federal Contract Tower,9,7,13,0,29,0,44,38,0,82,9,51,51,0,111,20,0,20,131
03/09/2022,BLI,WA,ANM,WE,Federal Contract Tower,16,7,17,1,41,0,45,74,1,120,16,52,91,2,161,38,0,38,199
03/10/2022,BLI,WA,ANM,WE,Federal Contract Tower,24,7,19,1,51,0,66,125,2,193,24,73,144,3,244,142,0,142,386
03/11/2022,BLI,WA,ANM,WE,Federal Contract Tower,22,7,18,0,47,0,41,42,0,83,22,48,60,0,130,54,0,54,184
03/12/2022,BLI,WA,ANM,WE,Federal Contract Tower,15,6,12,0,33,0,22,48,2,72,15,28,60,2,105,40,0,40,145
03/13/2022,BLI,WA,ANM,WE,Federal Contract Tower,23,2,15,0,40,0,9,51,0,60,23,11,66,0,100,46,0,46,146
03/14/2022,BLI,WA,ANM,WE,Federal Contract Tower,23,9,10,0,42,0,37,15,0,52,23,46,25,0,94,4,0,4,98
03/15/2022,BLI,WA,ANM,WE,Federal Contract Tower,14,6,13,1,34,0,36,45,4,85,14,42,58,5,119,62,0,62,181
03/16/2022,BLI,WA,ANM,WE,Federal Contract Tower,17,14,21,0,52,0,57,88,0,145,17,71,109,0,197,72,0,72,269
03/17/2022,BLI,WA,ANM,WE,Federal Contract Tower,23,9,20,0,52,0,40,22,2,64,23,49,42,2,116,0,0,0,116
03/18/2022,BLI,WA,ANM,WE,Federal Contract Tower,23,8,9,0,40,0,43,52,0,95,23,51,61,0,135,71,0,71,206
03/19/2022,BLI,WA,ANM,WE,Federal Contract Tower,21,5,14,0,40,0,10,54,0,64,21,15,68,0,104,28,0,28,132
03/20/2022,BLI,WA,ANM,WE,Federal Contract Tower,25,3,6,0,34,0,16,35,0,51,25,19,41,0,85,20,0,20,105
03/21/2022,BLI,WA,ANM,WE,Federal Contract Tower,25,12,12,0,49,0,54,10,0,64,25,66,22,0,113,0,0,0,113
03/22/2022,BLI,WA,ANM,WE,Federal Contract Tower,22,5,21,0,48,0,35,35,0,70,22,40,56,0,118,40,0,40,158
03/23/2022,BLI,WA,ANM,WE,Federal Contract Tower,21,10,10,0,41,0,15,6,0,21,21,25,16,0,62,36,0,36,98
03/24/2022,BLI,WA,ANM,WE,Federal Contract Tower,25,8,19,0,52,0,36,104,2,142,25,44,123,2,194,86,0,86,280
03/25/2022,BLI,WA,ANM,WE,Federal Contract Tower,20,7,10,0,37,0,30,74,2,106,20,37,84,2,143,140,6,146,289
03/26/2022,BLI,WA,ANM,WE,Federal Contract Tower,22,15,11,0,48,0,15,55,0,70,22,30,66,0,118,102,0,102,220
03/27/2022,BLI,WA,ANM,WE,Federal Contract Tower,22,2,12,0,36,0,9,61,0,70,22,11,73,0,106,40,0,40,146
03/28/2022,BLI,WA,ANM,WE,Federal Contract Tower,24,16,23,0,63,8,17,0,0,25,32,33,23,0,88,22,0,22,110
03/29/2022,BLI,WA,ANM,WE,Federal Contract Tower,17,8,16,0,41,0,40,92,0,132,17,48,108,0,173,60,0,60,233
03/30/2022,BLI,WA,ANM,WE,Federal Contract Tower,20,7,19,0,46,0,25,57,0,82,20,32,76,0,128,84,0,84,212
03/31/2022,BLI,WA,ANM,WE,Federal Contract Tower,23,11,21,0,55,0,47,83,0,130,23,58,104,0,185,50,0,50,235
04/01/2022,BLI,WA,ANM,WE,Federal Contract Tower,24,7,24,0,55,0,57,86,0,143,24,64,110,0,198,46,0,46,244
04/02/2022,BLI,WA,ANM,WE,Federal Contract Tower,15,5,16,0,36,0,18,60,2,80,15,23,76,2,116,43,4,47,163
04/03/2022,BLI,WA,ANM,WE,Federal Contract Tower,19,6,8,0,33,0,3,5,0,8,19,9,13,0,41,0,0,0,41
04/04/2022,BLI,WA,ANM,WE,Federal Contract Tower,22,9,7,0,38,0,10,10,0,20,22,19,17,0,58,0,0,0,58
04/05/2022,BLI,WA,ANM,WE,Federal Contract Tower,14,10,10,0,34,0,43,55,0,98,14,53,65,0,132,32,0,32,164
04/06/2022,BLI,WA,ANM,WE,Federal Contract Tower,19,8,27,1,55,0,49,165,3,217,19,57,192,4,272,100,4,104,376
04/07/2022,BLI,WA,ANM,WE,Federal Contract Tower,23,4,15,0,42,0,73,124,4,201,23,77,139,4,243,124,0,124,367
04/08/2022,BLI,WA,ANM,WE,Federal Contract Tower,25,12,9,0,46,0,56,59,0,115,25,68,68,0,161,34,0,34,195
04/09/2022,BLI,WA,ANM,WE,Federal Contract Tower,17,8,4,0,29,0,14,25,2,41,17,22,29,2,70,58,0,58,128
04/10/2022,BLI,WA,ANM,WE,Federal Contract Tower,18,2,7,0,27,0,6,38,0,44,18,8,45,0,71,24,0,24,95
04/11/2022,BLI,WA,ANM,WE,Federal Contract Tower,24,9,6,0,39,0,44,40,0,84,24,53,46,0,123,44,0,44,167
04/12/2022,BLI,WA,ANM,WE,Federal Contract Tower,15,5,11,0,31,0,43,28,0,71,15,48,39,0,102,20,0,20,122
04/13/2022,BLI,WA,ANM,WE,Federal Contract Tower,18,8,13,0,39,0,31,92,2,125,18,39,105,2,164,108,6,114,278
04/14/2022,BLI,WA,ANM,WE,Federal Contract Tower,23,19,14,5,61,0,27,97,1,125,23,46,111,6,186,36,0,36,222
04/15/2022,BLI,WA,ANM,WE,Federal Contract Tower,24,3,14,1,42,0,27,89,1,117,24,30,103,2,159,59,0,59,218
04/16/2022,BLI,WA,ANM,WE,Federal Contract Tower,17,4,16,0,37,0,14,60,0,74,17,18,76,0,111,34,0,34,145
04/17/2022,BLI,WA,ANM,WE,Federal Contract Tower,23,3,7,0,33,0,7,97,2,106,23,10,104,2,139,151,0,151,290
04/18/2022,BLI,WA,ANM,WE,Federal Contract Tower,23,6,11,0,40,0,35,31,0,66,23,41,42,0,106,16,0,16,122
04/19/2022,BLI,WA,ANM,WE,Federal Contract Tower,14,8,9,0,31,0,46,54,2,102,14,54,63,2,133,66,0,66,199
04/20/2022,BLI,WA,ANM,WE,Federal Contract Tower,13,13,8,0,34,0,37,69,0,106,13,50,77,0,140,36,0,36,176
04/21/2022,BLI,WA,ANM,WE,Federal Contract Tower,23,16,13,0,52,0,48,51,0,99,23,64,64,0,151,54,0,54,205
04/22/2022,BLI,WA,ANM,WE,Federal Contract Tower,21,12,20,1,54,0,36,54,0,90,21,48,74,1,144,82,0,82,226
04/23/2022,BLI,WA,ANM,WE,Federal Contract Tower,14,6,25,0,45,0,21,115,2,138,14,27,140,2,183,86,0,86,269
04/24/2022,BLI,WA,ANM,WE,Federal Contract Tower,20,4,19,0,43,0,11,120,0,131,20,15,139,0,174,77,0,77,251
04/25/2022,BLI,WA,ANM,WE,Federal Contract Tower,18,8,16,4,46,0,25,44,0,69,18,33,60,4,115,54,0,54,169
04/26/2022,BLI,WA,ANM,WE,Federal Contract Tower,14,6,12,1,33,0,44,29,1,74,14,50,41,2,107,32,0,32,139
04/27/2022,BLI,WA,ANM,WE,Federal Contract Tower,14,8,26,0,48,0,38,90,4,132,14,46,116,4,180,100,0,100,280
04/28/2022,BLI,WA,ANM,WE,Federal Contract Tower,21,8,19,0,48,0,37,92,0,129,21,45,111,0,177,94,0,94,271
04/29/2022,BLI,WA,ANM,WE,Federal Contract Tower,22,11,10,0,43,0,62,85,6,153,22,73,95,6,196,44,0,44,240
04/30/2022,BLI,WA,ANM,WE,Federal Contract Tower,11,7,13,0,31,0,13,26,0,39,11,20,39,0,70,34,0,34,104
05/01/2022,BLI,WA,ANM,WE,Federal Contract Tower,22,8,7,0,37,0,15,101,0,116,22,23,108,0,153,117,0,117,270
05/02/2022,BLI,WA,ANM,WE,Federal Contract Tower,18,9,11,1,39,0,25,27,1,53,18,34,38,2,92,18,0,18,110
05/03/2022,BLI,WA,ANM,WE,Federal Contract Tower,14,8,17,1,40,0,30,33,3,66,14,38,50,4,106,76,8,84,190
05/04/2022,BLI,WA,ANM,WE,Federal Contract Tower,13,9,24,1,47,0,27,61,1,89,13,36,85,2,136,16,0,16,152
05/05/2022,BLI,WA,ANM,WE,Federal Contract Tower,21,13,18,2,54,0,22,8,0,30,21,35,26,2,84,22,0,22,106
05/06/2022,BLI,WA,ANM,WE,Federal Contract Tower,19,13,11,0,43,0,35,45,0,80,19,48,56,0,123,52,0,52,175
05/07/2022,BLI,WA,ANM,WE,Federal Contract Tower,15,5,9,0,29,0,19,40,0,59,15,24,49,0,88,54,0,54,142
05/08/2022,BLI,WA,ANM,WE,Federal Contract Tower,21,6,7,0,34,0,19,49,0,68,21,25,56,0,102,54,0,54,156
05/09/2022,BLI,WA,ANM,WE,Federal Contract Tower,17,5,13,0,35,0,33,56,0,89,17,38,69,0,124,69,0,69,193
05/10/2022,BLI,WA,ANM,WE,Federal Contract Tower,15,6,8,0,29,0,34,102,2,138,15,40,110,2,167,82,0,82,249
05/11/2022,BLI,WA,ANM,WE,Federal Contract Tower,13,7,14,0,34,0,24,85,1,110,13,31,99,1,144,26,16,42,186
05/12/2022,BLI,WA,ANM,WE,Federal Contract Tower,19,8,13,0,40,0,25,16,0,41,19,33,29,0,81,4,0,4,85
05/13/2022,BLI,WA,ANM,WE,Federal Contract Tower,19,5,23,0,47,0,40,117,2,159,19,45,140,2,206,106,0,106,312
05/14/2022,BLI,WA,ANM,WE,Federal Contract Tower,15,2,11,0,28,0,12,35,0,47,15,14,46,0,75,14,0,14,89
05/15/2022,BLI,WA,ANM,WE,Federal Contract Tower,21,10,17,0,48,0,12,8,0,20,21,22,25,0,68,8,0,8,76
05/16/2022,BLI,WA,ANM,WE,Federal Contract Tower,17,11,8,0,36,0,26,52,2,80,17,37,60,2,116,28,0,28,144
05/17/2022,BLI,WA,ANM,WE,Federal Contract Tower,15,14,18,2,49,0,31,98,5,134,15,45,116,7,183,218,0,218,401
05/18/2022,BLI,WA,ANM,WE,Federal Contract Tower,17,8,7,3,35,0,9,0,7,16,17,17,7,10,51,0,0,0,51
05/19/2022,BLI,WA,ANM,WE,Federal Contract Tower,21,12,17,3,53,0,52,101,2,155,21,64,118,5,208,47,7,54,262
05/20/2022,BLI,WA,ANM,WE,Federal Contract Tower,22,10,12,0,44,0,64,153,4,221,22,74,165,4,265,154,0,154,419
05/21/2022,BLI,WA,ANM,WE,Federal Contract Tower,15,6,8,0,29,0,32,123,0,155,15,38,131,0,184,40,0,40,224
05/22/2022,BLI,WA,ANM,WE,Federal Contract Tower,18,4,14,1,37,0,18,131,0,149,18,22,145,1,186,112,0,112,298
05/23/2022,BLI,WA,ANM,WE,Federal Contract Tower,19,11,16,1,47,0,31,61,2,94,19,42,77,3,141,137,0,137,278
05/24/2022,BLI,WA,ANM,WE,Federal Contract Tower,15,11,20,1,47,0,27,82,2,111,15,38,102,3,158,79,0,79,237
05/25/2022,BLI,WA,ANM,WE,Federal Contract Tower,15,10,11,2,38,0,40,67,2,109,15,50,78,4,147,116,0,116,263
05/26/2022,BLI,WA,ANM,WE,Federal Contract Tower,20,8,13,0,41,0,46,95,0,141,20,54,108,0,182,66,0,66,248
05/27/2022,BLI,WA,ANM,WE,Federal Contract Tower,18,15,20,0,53,0,58,46,0,104,18,73,66,0,157,76,0,76,233
05/28/2022,BLI,WA,ANM,WE,Federal Contract Tower,15,4,5,0,24,0,10,60,0,70,15,14,65,0,94,92,0,92,186
05/29/2022,BLI,WA,ANM,WE,Federal Contract Tower,21,5,13,0,39,0,14,44,0,58,21,19,57,0,97,61,0,61,158
05/30/2022,BLI,WA,ANM,WE,Federal Contract Tower,19,4,21,0,44,0,14,56,0,70,19,18,77,0,114,67,0,67,181
05/31/2022,BLI,WA,ANM,WE,Federal Contract Tower,16,6,21,1,44,0,32,100,4,136,16,38,121,5,180,94,10,104,284
06/01/2022,BLI,WA,ANM,WE,Federal Contract Tower,15,8,14,0,37,0,37,109,4,150,15,45,123,4,187,118,0,118,305
06/02/2022,BLI,WA,ANM,WE,Federal Contract Tower,18,16,16,5,55,0,33,107,7,147,18,49,123,12,202,60,2,62,264
06/03/2022,BLI,WA,ANM,WE,Federal Contract Tower,18,6,20,0,44,0,26,24,0,50,18,32,44,0,94,10,0,10,104
06/04/2022,BLI,WA,ANM,WE,Federal Contract Tower,15,4,11,0,30,0,16,67,1,84,15,20,78,1,114,66,0,66,180
06/05/2022,BLI,WA,ANM,WE,Federal Contract Tower,19,1,5,0,25,0,18,14,0,32,19,19,19,0,57,22,0,22,79
06/06/2022,BLI,WA,ANM,WE,Federal Contract Tower,19,7,24,2,52,0,32,92,3,127,19,39,116,5,179,63,8,71,250
06/07/2022,BLI,WA,ANM,WE,Federal Contract Tower,11,9,20,1,41,0,32,140,5,177,11,41,160,6,218,120,8,128,346
06/08/2022,BLI,WA,ANM,WE,Federal Contract Tower,15,7,20,1,43,0,33,134,6,173,15,40,154,7,216,76,0,76,292
06/09/2022,BLI,WA,ANM,WE,Federal Contract Tower,20,10,24,0,54,0,26,25,0,51,20,36,49,0,105,40,0,40,145
06/10/2022,BLI,WA,ANM,WE,Federal Contract Tower,18,13,17,0,48,0,31,62,0,93,18,44,79,0,141,78,0,78,219
06/11/2022,BLI,WA,ANM,WE,Federal Contract Tower,15,4,20,0,39,0,18,59,0,77,15,22,79,0,116,114,0,114,230
06/12/2022,BLI,WA,ANM,WE,Federal Contract Tower,18,5,11,0,34,0,20,44,0,64,18,25,55,0,98,66,0,66,164
06/13/2022,BLI,WA,ANM,WE,Federal Contract Tower,18,8,15,0,41,0,42,69,0,111,18,50,84,0,152,97,0,97,249
06/14/2022,BLI,WA,ANM,WE,Federal Contract Tower,11,8,4,4,27,0,39,106,5,150,11,47,110,9,177,124,0,124,301
06/15/2022,BLI,WA,ANM,WE,Federal Contract Tower,16,14,16,0,46,0,38,111,5,154,16,52,127,5,200,134,0,134,334
06/16/2022,BLI,WA,ANM,WE,Federal Contract Tower,19,12,10,0,41,0,36,91,2,129,19,48,101,2,170,46,0,46,216
06/17/2022,BLI,WA,ANM,WE,Federal Contract Tower,18,4,29,0,51,0,40,74,0,114,18,44,103,0,165,50,0,50,215
06/18/2022,BLI,WA,ANM,WE,Federal Contract Tower,14,12,14,0,40,0,22,197,0,219,14,34,211,0,259,94,0,94,353
06/19/2022,BLI,WA,ANM,WE,Federal Contract Tower,19,2,11,0,32,0,23,71,0,94,19,25,82,0,126,142,0,142,268
06/20/2022,BLI,WA,ANM,WE,Federal Contract Tower,18,12,18,1,49,0,34,81,0,115,18,46,99,1,164,80,0,80,244
06/21/2022,BLI,WA,ANM,WE,Federal Contract Tower,12,6,13,1,32,0,45,82,0,127,12,51,95,1,159,143,5,148,307
06/22/2022,BLI,WA,ANM,WE,Federal Contract Tower,20,10,30,2,62,0,58,122,2,182,20,68,152,4,244,136,0,136,380
06/23/2022,BLI,WA,ANM,WE,Federal Contract Tower,20,10,20,2,52,0,61,137,1,199,20,71,157,3,251,156,0,156,407
06/24/2022,BLI,WA,ANM,WE,Federal Contract Tower,21,8,16,1,46,0,61,163,2,226,21,69,179,3,272,114,0,114,386
06/25/2022,BLI,WA,ANM,WE,Federal Contract Tower,13,5,12,0,30,0,23,117,0,140,13,28,129,0,170,34,0,34,204
06/26/2022,BLI,WA,ANM,WE,Federal Contract Tower,19,2,13,0,34,0,14,102,0,116,19,16,115,0,150,61,0,61,211
06/27/2022,BLI,WA,ANM,WE,Federal Contract Tower,21,8,22,0,51,0,73,102,0,175,21,81,124,0,226,100,0,100,326
06/28/2022,BLI,WA,ANM,WE,Federal Contract Tower,15,14,11,0,40,0,67,101,0,168,15,81,112,0,208,63,0,63,271
06/29/2022,BLI,WA,ANM,WE,Federal Contract Tower,20,8,25,0,53,0,45,91,2,138,20,53,116,2,191,100,0,100,291
06/30/2022,BLI,WA,ANM,WE,Federal Contract Tower,18,6,22,0,46,0,44,101,4,149,18,50,123,4,195,123,0,123,318
07/01/2022,BLI,WA,ANM,WE,Federal Contract Tower,20,6,33,0,59,0,74,142,0,216,20,80,175,0,275,32,0,32,307
07/02/2022,BLI,WA,ANM,WE,Federal Contract Tower,15,6,22,0,43,0,33,99,0,132,15,39,121,0,175,107,0,107,282
07/03/2022,BLI,WA,ANM,WE,Federal Contract Tower,21,5,12,0,38,0,33,6,0,39,21,38,18,0,77,0,0,0,77
07/04/2022,BLI,WA,ANM,WE,Federal Contract Tower,19,8,23,0,50,0,37,61,0,98,19,45,84,0,148,100,0,100,248
07/05/2022,BLI,WA,ANM,WE,Federal Contract Tower,17,12,17,0,46,0,45,95,1,141,17,57,112,1,187,44,0,44,231
07/06/2022,BLI,WA,ANM,WE,Federal Contract Tower,20,7,14,0,41,0,55,90,6,151,20,62,104,6,192,64,0,64,256
07/07/2022,BLI,WA,ANM,WE,Federal Contract Tower,21,6,25,0,52,0,42,83,4,129,21,48,108,4,181,54,0,54,235
07/08/2022,BLI,WA,ANM,WE,Federal Contract Tower,18,11,30,0,59,0,53,139,0,192,18,64,169,0,251,72,0,72,323
07/09/2022,BLI,WA,ANM,WE,Federal Contract Tower,15,8,20,1,44,0,31,133,4,168,15,39,153,5,212,106,0,106,318
07/10/2022,BLI,WA,ANM,WE,Federal Contract Tower,20,5,15,0,40,0,46,77,2,125,20,51,92,2,165,56,0,56,221
07/11/2022,BLI,WA,ANM,WE,Federal Contract Tower,18,10,16,1,45,0,85,130,1,216,18,95,146,2,261,95,0,95,356
07/12/2022,BLI,WA,ANM,WE,Federal Contract Tower,13,9,20,2,44,0,53,77,2,132,13,62,97,4,176,48,0,48,224
07/13/2022,BLI,WA,ANM,WE,Federal Contract Tower,18,8,19,0,45,0,52,136,2,190,18,60,155,2,235,134,0,134,369
07/14/2022,BLI,WA,ANM,WE,Federal Contract Tower,19,13,19,0,51,0,43,106,2,151,19,56,125,2,202,66,0,66,268
07/15/2022,BLI,WA,ANM,WE,Federal Contract Tower,20,13,26,0,59,0,61,132,4,197,20,74,158,4,256,94,0,94,350
07/16/2022,BLI,WA,ANM,WE,Federal Contract Tower,16,9,23,0,48,0,54,97,0,151,16,63,120,0,199,88,16,104,303
07/17/2022,BLI,WA,ANM,WE,Federal Contract Tower,20,8,16,0,44,0,37,72,0,109,20,45,88,0,153,126,0,126,279
07/18/2022,BLI,WA,ANM,WE,Federal Contract Tower,19,8,17,5,49,0,54,84,3,141,19,62,101,8,190,46,12,58,248
07/19/2022,BLI,WA,ANM,WE,Federal Contract Tower,13,13,13,1,40,0,67,139,1,207,13,80,152,2,247,148,0,148,395
07/20/2022,BLI,WA,ANM,WE,Federal Contract Tower,18,6,30,0,54,0,78,137,0,215,18,84,167,0,269,90,0,90,359
07/21/2022,BLI,WA,ANM,WE,Federal Contract Tower,19,6,20,0,45,0,57,122,4,183,19,63,142,4,228,64,0,64,292
07/22/2022,BLI,WA,ANM,WE,Federal Contract Tower,18,18,26,0,62,0,44,77,2,123,18,62,103,2,185,34,0,34,219
07/23/2022,BLI,WA,ANM,WE,Federal Contract Tower,15,6,20,0,41,0,41,109,0,150,15,47,129,0,191,106,0,106,297
07/24/2022,BLI,WA,ANM,WE,Federal Contract Tower,40,11,17,0,68,0,27,108,0,135,40,38,125,0,203,91,0,91,294
07/25/2022,BLI,WA,ANM,WE,Federal Contract Tower,19,8,19,0,46,0,56,135,0,191,19,64,154,0,237,139,0,139,376
07/26/2022,BLI,WA,ANM,WE,Federal Contract Tower,14,8,27,1,50,0,54,124,1,179,14,62,151,2,229,196,0,196,425
07/27/2022,BLI,WA,ANM,WE,Federal Contract Tower,20,8,18,1,47,0,66,114,0,180,20,74,132,1,227,86,0,86,313
07/28/2022,BLI,WA,ANM,WE,Federal Contract Tower,19,8,25,0,52,0,48,108,8,164,19,56,133,8,216,58,0,58,274
07/29/2022,BLI,WA,ANM,WE,Federal Contract Tower,20,9,15,0,44,0,67,139,0,206,20,76,154,0,250,76,0,76,326
07/30/2022,BLI,WA,ANM,WE,Federal Contract Tower,16,6,12,0,34,0,41,113,0,154,16,47,125,0,188,78,0,78,266
07/31/2022,BLI,WA,ANM,WE,Federal Contract Tower,19,9,16,0,44,0,39,109,2,150,19,48,125,2,194,152,14,166,360
08/01/2022,BLI,WA,ANM,WE,Federal Contract Tower,18,12,21,1,52,0,42,96,1,139,18,54,117,2,191,116,0,116,307
08/02/2022,BLI,WA,ANM,WE,Federal Contract Tower,13,11,18,0,42,0,43,87,0,130,13,54,105,0,172,92,0,92,264
08/03/2022,BLI,WA,ANM,WE,Federal Contract Tower,18,8,9,1,36,0,47,88,5,140,18,55,97,6,176,72,0,72,248
08/04/2022,BLI,WA,ANM,WE,Federal Contract Tower,18,14,25,0,57,0,65,96,0,161,18,79,121,0,218,31,0,31,249
08/05/2022,BLI,WA,ANM,WE,Federal Contract Tower,18,5,15,0,38,0,52,92,0,144,18,57,107,0,182,32,0,32,214
08/06/2022,BLI,WA,ANM,WE,Federal Contract Tower,15,5,22,1,43,0,37,105,7,149,15,42,127,8,192,50,12,62,254
08/07/2022,BLI,WA,ANM,WE,Federal Contract Tower,18,12,17,0,47,0,32,111,2,145,18,44,128,2,192,76,4,80,272
08/08/2022,BLI,WA,ANM,WE,Federal Contract Tower,18,14,20,2,54,0,44,106,1,151,18,58,126,3,205,30,0,30,235
08/09/2022,BLI,WA,ANM,WE,Federal Contract Tower,13,6,34,3,56,0,51,100,1,152,13,57,134,4,208,69,0,69,277
08/10/2022,BLI,WA,ANM,WE,Federal Contract Tower,18,12,24,2,56,0,41,76,3,120,18,53,100,5,176,31,0,31,207
08/11/2022,BLI,WA,ANM,WE,Federal Contract Tower,17,9,32,0,58,0,56,126,0,182,17,65,158,0,240,72,0,72,312
08/12/2022,BLI,WA,ANM,WE,Federal Contract Tower,18,11,20,2,51,0,50,99,0,149,18,61,119,2,200,74,0,74,274
08/13/2022,BLI,WA,ANM,WE,Federal Contract Tower,14,13,13,0,40,0,32,88,0,120,14,45,101,0,160,12,0,12,172
08/14/2022,BLI,WA,ANM,WE,Federal Contract Tower,21,3,15,0,39,0,23,97,0,120,21,26,112,0,159,32,0,32,191
08/15/2022,BLI,WA,ANM,WE,Federal Contract Tower,17,2,19,0,38,0,52,83,4,139,17,54,102,4,177,74,0,74,251
08/16/2022,BLI,WA,ANM,WE,Federal Contract Tower,13,9,17,1,40,0,35,109,8,152,13,44,126,9,192,126,0,126,318
08/17/2022,BLI,WA,ANM,WE,Federal Contract Tower,15,5,13,0,33,0,41,127,0,168,15,46,140,0,201,90,0,90,291
08/18/2022,BLI,WA,ANM,WE,Federal Contract Tower,19,7,28,1,55,0,48,84,1,133,19,55,112,2,188,88,0,88,276
08/19/2022,BLI,WA,ANM,WE,Federal Contract Tower,19,6,23,0,48,0,41,116,0,157,19,47,139,0,205,46,0,46,251
08/20/2022,BLI,WA,ANM,WE,Federal Contract Tower,9,9,12,0,30,0,25,79,2,106,9,34,91,2,136,40,0,40,176
08/21/2022,BLI,WA,ANM,WE,Federal Contract Tower,19,8,27,0,54,0,31,84,0,115,19,39,111,0,169,74,0,74,243
08/22/2022,BLI,WA,ANM,WE,Federal Contract Tower,19,7,16,0,42,0,56,98,2,156,19,63,114,2,198,16,0,16,214
08/23/2022,BLI,WA,ANM,WE,Federal Contract Tower,13,5,21,0,39,0,49,106,0,155,13,54,127,0,194,98,0,98,292
08/24/2022,BLI,WA,ANM,WE,Federal Contract Tower,16,4,17,0,37,0,39,97,0,136,16,43,114,0,173,62,0,62,235
08/25/2022,BLI,WA,ANM,WE,Federal Contract Tower,19,4,20,1,44,0,36,112,3,151,19,40,132,4,195,26,0,26,221
08/26/2022,BLI,WA,ANM,WE,Federal Contract Tower,19,23,49,0,91,0,25,50,0,75,19,48,99,0,166,26,0,26,192
08/27/2022,BLI,WA,ANM,WE,Federal Contract Tower,9,9,15,0,33,0,23,85,0,108,9,32,100,0,141,52,0,52,193
08/28/2022,BLI,WA,ANM,WE,Federal Contract Tower,19,6,26,0,51,0,21,92,0,113,19,27,118,0,164,68,0,68,232
08/29/2022,BLI,WA,ANM,WE,Federal Contract Tower,19,8,20,1,48,0,33,87,1,121,19,41,107,2,169,40,0,40,209
08/30/2022,BLI,WA,ANM,WE,Federal Contract Tower,13,5,12,2,32,0,49,124,5,178,13,54,136,7,210,98,0,98,308
08/31/2022,BLI,WA,ANM,WE,Federal Contract Tower,15,16,12,0,43,0,41,110,0,151,15,57,122,0,194,90,0,90,284
09/01/2022,BLI,WA,ANM,WE,Federal Contract Tower,19,16,26,0,61,0,24,54,0,78,19,40,80,0,139,32,0,32,171
09/02/2022,BLI,WA,ANM,WE,Federal Contract Tower,17,10,20,0,47,0,41,114,2,157,17,51,134,2,204,68,0,68,272
09/03/2022,BLI,WA,ANM,WE,Federal Contract Tower,11,7,14,1,33,0,19,57,3,79,11,26,71,4,112,40,10,50,162
09/04/2022,BLI,WA,ANM,WE,Federal Contract Tower,19,1,9,0,29,0,15,47,0,62,19,16,56,0,91,32,0,32,123
09/05/2022,BLI,WA,ANM,WE,Federal Contract Tower,17,1,12,0,30,0,28,91,2,121,17,29,103,2,151,72,0,72,223
09/06/2022,BLI,WA,ANM,WE,Federal Contract Tower,16,11,20,3,50,0,59,103,5,167,16,70,123,8,217,96,0,96,313
09/07/2022,BLI,WA,ANM,WE,Federal Contract Tower,14,13,29,0,56,0,40,109,2,151,14,53,138,2,207,52,0,52,259
09/08/2022,BLI,WA,ANM,WE,Federal Contract Tower,20,8,16,1,45,0,46,93,1,140,20,54,109,2,185,60,0,60,245
09/09/2022,BLI,WA,ANM,WE,Federal Contract Tower,18,7,17,0,42,0,43,62,2,107,18,50,79,2,149,18,12,30,179
09/10/2022,BLI,WA,ANM,WE,Federal Contract Tower,16,9,26,0,51,0,30,33,2,65,16,39,59,2,116,12,0,12,128
09/11/2022,BLI,WA,ANM,WE,Federal Contract Tower,20,4,20,2,46,0,14,22,0,36,20,18,42,2,82,0,0,0,82
09/12/2022,BLI,WA,ANM,WE,Federal Contract Tower,17,8,24,0,49,0,39,67,0,106,17,47,91,0,155,79,0,79,234
09/13/2022,BLI,WA,ANM,WE,Federal Contract Tower,19,11,18,0,48,0,41,56,3,100,19,52,74,3,148,86,0,86,234
09/14/2022,BLI,WA,ANM,WE,Federal Contract Tower,14,7,21,0,42,0,40,71,1,112,14,47,92,1,154,68,0,68,222
09/15/2022,BLI,WA,ANM,WE,Federal Contract Tower,22,8,19,0,49,0,34,86,2,122,22,42,105,2,171,32,0,32,203
09/16/2022,BLI,WA,ANM,WE,Federal Contract Tower,18,5,16,0,39,0,38,72,0,110,18,43,88,0,149,32,0,32,181
09/17/2022,BLI,WA,ANM,WE,Federal Contract Tower,17,3,15,0,35,0,21,97,0,118,17,24,112,0,153,52,0,52,205
09/18/2022,BLI,WA,ANM,WE,Federal Contract Tower,22,6,12,0,40,0,19,69,0,88,22,25,81,0,128,74,0,74,202
09/19/2022,BLI,WA,ANM,WE,Federal Contract Tower,19,6,19,2,46,0,41,105,2,148,19,47,124,4,194,108,0,108,302
09/20/2022,BLI,WA,ANM,WE,Federal Contract Tower,16,8,12,0,36,0,61,84,0,145,16,69,96,0,181,28,0,28,209
09/21/2022,BLI,WA,ANM,WE,Federal Contract Tower,16,8,10,0,34,0,44,134,2,180,16,52,144,2,214,158,0,158,372
09/22/2022,BLI,WA,ANM,WE,Federal Contract Tower,23,7,16,4,50,0,40,68,2,110,23,47,84,6,160,74,0,74,234
09/23/2022,BLI,WA,ANM,WE,Federal Contract Tower,18,5,13,0,36,0,32,81,0,113,18,37,94,0,149,212,0,212,361
09/24/2022,BLI,WA,ANM,WE,Federal Contract Tower,17,6,11,0,34,0,16,108,0,124,17,22,119,0,158,125,0,125,283
09/25/2022,BLI,WA,ANM,WE,Federal Contract Tower,21,8,17,0,46,0,23,101,0,124,21,31,118,0,170,96,0,96,266
09/26/2022,BLI,WA,ANM,WE,Federal Contract Tower,18,7,15,0,40,0,44,114,2,160,18,51,129,2,200,122,0,122,322
09/27/2022,BLI,WA,ANM,WE,Federal Contract Tower,17,9,25,1,52,0,38,111,3,152,17,47,136,4,204,163,0,163,367
09/28/2022,BLI,WA,ANM,WE,Federal Contract Tower,14,9,24,0,47,0,38,77,0,115,14,47,101,0,162,54,0,54,216
09/29/2022,BLI,WA,ANM,WE,Federal Contract Tower,21,11,16,1,49,0,31,74,5,110,21,42,90,6,159,80,0,80,239
09/30/2022,BLI,WA,ANM,WE,Federal Contract Tower,19,2,19,0,40,0,30,60,0,90,19,32,79,0,130,14,0,14,144
10/01/2022,BLI,WA,ANM,WE,Federal Contract Tower,19,4,14,0,37,0,10,75,0,85,19,14,89,0,122,68,0,68,190
10/02/2022,BLI,WA,ANM,WE,Federal Contract Tower,21,5,7,0,33,0,13,83,0,96,21,18,90,0,129,60,0,60,189
10/03/2022,BLI,WA,ANM,WE,Federal Contract Tower,20,5,18,0,43,0,23,88,0,111,20,28,106,0,154,114,0,114,268
10/04/2022,BLI,WA,ANM,WE,Federal Contract Tower,21,10,29,2,62,0,16,30,2,48,21,26,59,4,110,86,0,86,196
10/05/2022,BLI,WA,ANM,WE,Federal Contract Tower,15,12,21,0,48,0,17,102,0,119,15,29,123,0,167,170,0,170,337
10/06/2022,BLI,WA,ANM,WE,Federal Contract Tower,17,6,6,0,29,0,24,79,0,103,17,30,85,0,132,120,0,120,252
10/07/2022,BLI,WA,ANM,WE,Federal Contract Tower,18,7,26,0,51,0,36,86,2,124,18,43,112,2,175,90,18,108,283
10/08/2022,BLI,WA,ANM,WE,Federal Contract Tower,15,1,17,0,33,0,26,88,0,114,15,27,105,0,147,88,0,88,235
10/09/2022,BLI,WA,ANM,WE,Federal Contract Tower,19,2,14,0,35,0,21,60,0,81,19,23,74,0,116,104,0,104,220
10/10/2022,BLI,WA,ANM,WE,Federal Contract Tower,17,4,14,0,35,0,25,68,0,93,17,29,82,0,128,72,0,72,200
10/11/2022,BLI,WA,ANM,WE,Federal Contract Tower,15,5,19,0,39,0,38,129,0,167,15,43,148,0,206,134,0,134,340
10/12/2022,BLI,WA,ANM,WE,Federal Contract Tower,12,7,21,0,40,0,20,112,0,132,12,27,133,0,172,120,0,120,292
10/13/2022,BLI,WA,ANM,WE,Federal Contract Tower,19,7,17,0,43,0,35,103,0,138,19,42,120,0,181,102,0,102,283
10/14/2022,BLI,WA,ANM,WE,Federal Contract Tower,18,4,17,0,39,0,35,65,0,100,18,39,82,0,139,38,0,38,177
10/15/2022,BLI,WA,ANM,WE,Federal Contract Tower,16,7,14,0,37,0,18,73,2,93,16,25,87,2,130,60,0,60,190
10/16/2022,BLI,WA,ANM,WE,Federal Contract Tower,23,11,17,1,52,0,17,55,1,73,23,28,72,2,125,16,0,16,141
10/17/2022,BLI,WA,ANM,WE,Federal Contract Tower,15,8,18,4,45,0,31,75,2,108,15,39,93,6,153,98,0,98,251
10/18/2022,BLI,WA,ANM,WE,Federal Contract Tower,14,36,41,0,91,0,13,9,0,22,14,49,50,0,113,0,0,0,113
10/19/2022,BLI,WA,ANM,WE,Federal Contract Tower,12,16,25,0,53,0,2,2,0,4,12,18,27,0,57,0,0,0,57
10/20/2022,BLI,WA,ANM,WE,Federal Contract Tower,21,11,18,0,50,0,9,27,0,36,21,20,45,0,86,12,0,12,98
10/21/2022,BLI,WA,ANM,WE,Federal Contract Tower,17,14,7,0,38,0,20,17,2,39,17,34,24,2,77,18,0,18,95
10/22/2022,BLI,WA,ANM,WE,Federal Contract Tower,14,11,15,0,40,0,19,30,0,49,14,30,45,0,89,18,0,18,107
10/23/2022,BLI,WA,ANM,WE,Federal Contract Tower,20,0,15,0,35,0,15,82,0,97,20,15,97,0,132,98,0,98,230
10/24/2022,BLI,WA,ANM,WE,Federal Contract Tower,15,11,19,0,45,0,22,32,0,54,15,33,51,0,99,30,0,30,129
10/25/2022,BLI,WA,ANM,WE,Federal Contract Tower,15,7,8,0,30,0,24,27,1,52,15,31,35,1,82,78,0,78,160
10/26/2022,BLI,WA,ANM,WE,Federal Contract Tower,13,10,17,0,40,0,15,66,3,84,13,25,83,3,124,42,8,50,174
10/27/2022,BLI,WA,ANM,WE,Federal Contract Tower,17,7,7,0,31,0,15,8,0,23,17,22,15,0,54,0,0,0,54
10/28/2022,BLI,WA,ANM,WE,Federal Contract Tower,16,7,17,0,40,0,38,71,2,111,16,45,88,2,151,44,2,46,197
10/29/2022,BLI,WA,ANM,WE,Federal Contract Tower,15,4,14,0,33,0,8,93,0,101,15,12,107,0,134,34,0,34,168
10/30/2022,BLI,WA,ANM,WE,Federal Contract Tower,18,6,3,0,27,0,5,2,0,7,18,11,5,0,34,0,0,0,34
10/31/2022,BLI,WA,ANM,WE,Federal Contract Tower,17,14,9,0,40,0,17,37,2,56,17,31,46,2,96,52,2,54,150
11/01/2022,BLI,WA,ANM,WE,Federal Contract Tower,15,5,14,0,34,0,24,72,0,96,15,29,86,0,130,106,0,106,236
11/03/2022,BLI,WA,ANM,WE,Federal Contract Tower,17,13,9,2,41,0,16,38,2,56,17,29,47,4,97,48,4,52,149
11/04/2022,BLI,WA,ANM,WE,Federal Contract Tower,16,15,4,0,35,0,2,1,0,3,16,17,5,0,38,0,0,0,38
11/05/2022,BLI,WA,ANM,WE,Federal Contract Tower,15,4,5,0,24,0,14,44,0,58,15,18,49,0,82,112,0,112,194
11/06/2022,BLI,WA,ANM,WE,Federal Contract Tower,19,5,11,0,35,0,2,13,0,15,19,7,24,0,50,32,0,32,82
11/07/2022,BLI,WA,ANM,WE,Federal Contract Tower,16,8,8,0,32,0,17,18,0,35,16,25,26,0,67,0,0,0,67
11/08/2022,BLI,WA,ANM,WE,Federal Contract Tower,15,6,3,8,32,0,18,12,2,32,15,24,15,10,64,2,2,4,68
11/09/2022,BLI,WA,ANM,WE,Federal Contract Tower,10,8,14,1,33,0,25,102,1,128,10,33,116,2,161,56,0,56,217
11/10/2022,BLI,WA,ANM,WE,Federal Contract Tower,18,4,14,0,36,0,33,95,0,128,18,37,109,0,164,60,0,60,224
11/11/2022,BLI,WA,ANM,WE,Federal Contract Tower,17,7,22,0,46,0,23,73,0,96,17,30,95,0,142,122,0,122,264
11/12/2022,BLI,WA,ANM,WE,Federal Contract Tower,13,4,10,7,34,0,14,85,5,104,13,18,95,12,138,130,2,132,270
11/13/2022,BLI,WA,ANM,WE,Federal Contract Tower,19,1,8,0,28,0,13,84,2,99,19,14,92,2,127,54,0,54,181
11/14/2022,BLI,WA,ANM,WE,Federal Contract Tower,17,9,18,0,44,0,31,80,0,111,17,40,98,0,155,84,0,84,239
11/15/2022,BLI,WA,ANM,WE,Federal Contract Tower,17,5,13,0,35,0,26,75,0,101,17,31,88,0,136,80,0,80,216
11/16/2022,BLI,WA,ANM,WE,Federal Contract Tower,16,6,20,1,43,0,27,74,1,102,16,33,94,2,145,62,0,62,207
11/17/2022,BLI,WA,ANM,WE,Federal Contract Tower,19,6,6,0,31,0,26,24,0,50,19,32,30,0,81,8,0,8,89
11/18/2022,BLI,WA,ANM,WE,Federal Contract Tower,19,8,12,0,39,0,32,110,0,142,19,40,122,0,181,40,0,40,221
11/19/2022,BLI,WA,ANM,WE,Federal Contract Tower,16,4,10,0,30,0,19,85,0,104,16,23,95,0,134,96,0,96,230
11/20/2022,BLI,WA,ANM,WE,Federal Contract Tower,18,1,5,0,24,0,3,68,0,71,18,4,73,0,95,112,0,112,207
11/21/2022,BLI,WA,ANM,WE,Federal Contract Tower,19,9,6,3,37,0,30,64,3,97,19,39,70,6,134,92,12,104,238
11/22/2022,BLI,WA,ANM,WE,Federal Contract Tower,15,12,10,0,37,0,9,5,0,14,15,21,15,0,51,4,0,4,55
11/23/2022,BLI,WA,ANM,WE,Federal Contract Tower,19,6,26,0,51,0,19,54,0,73,19,25,80,0,124,32,0,32,156
11/24/2022,BLI,WA,ANM,WE,Federal Contract Tower,12,0,9,0,21,0,8,34,0,42,12,8,43,0,63,30,0,30,93
11/25/2022,BLI,WA,ANM,WE,Federal Contract Tower,12,10,6,0,28,0,12,9,0,21,12,22,15,0,49,10,0,10,59
11/26/2022,BLI,WA,ANM,WE,Federal Contract Tower,19,7,6,0,32,0,9,9,0,18,19,16,15,0,50,30,0,30,80
11/27/2022,BLI,WA,ANM,WE,Federal Contract Tower,19,0,16,0,35,0,12,39,0,51,19,12,55,0,86,18,0,18,104
11/28/2022,BLI,WA,ANM,WE,Federal Contract Tower,17,5,12,1,35,0,30,18,3,51,17,35,30,4,86,0,0,0,86
11/29/2022,BLI,WA,ANM,WE,Federal Contract Tower,16,11,6,0,33,0,21,11,0,32,16,32,17,0,65,44,0,44,109
11/30/2022,BLI,WA,ANM,WE,Federal Contract Tower,11,7,9,0,27,0,28,41,0,69,11,35,50,0,96,30,0,30,126
12/01/2022,BLI,WA,ANM,WE,Federal Contract Tower,15,6,2,1,24,0,27,48,5,80,15,33,50,6,104,10,2,12,116
12/02/2022,BLI,WA,ANM,WE,Federal Contract Tower,15,10,3,1,29,0,24,30,4,58,15,34,33,5,87,24,2,26,113
12/03/2022,BLI,WA,ANM,WE,Federal Contract Tower,11,10,15,1,37,0,15,42,0,57,11,25,57,1,94,26,0,26,120
12/04/2022,BLI,WA,ANM,WE,Federal Contract Tower,14,2,2,0,18,0,6,40,0,46,14,8,42,0,64,48,0,48,112
12/05/2022,BLI,WA,ANM,WE,Federal Contract Tower,17,10,8,2,37,0,27,78,2,107,17,37,86,4,144,36,6,42,186
12/06/2022,BLI,WA,ANM,WE,Federal Contract Tower,9,8,9,0,26,0,14,5,2,21,9,22,14,2,47,0,0,0,47
12/07/2022,BLI,WA,ANM,WE,Federal Contract Tower,11,15,14,0,40,0,19,34,0,53,11,34,48,0,93,24,0,24,117
12/08/2022,BLI,WA,ANM,WE,Federal Contract Tower,15,6,8,0,29,0,27,22,0,49,15,33,30,0,78,6,0,6,84
12/09/2022,BLI,WA,ANM,WE,Federal Contract Tower,18,5,4,0,27,0,24,21,0,45,18,29,25,0,72,22,0,22,94
12/10/2022,BLI,WA,ANM,WE,Federal Contract Tower,9,5,8,0,22,0,13,7,0,20,9,18,15,0,42,0,0,0,42
12/11/2022,BLI,WA,ANM,WE,Federal Contract Tower,14,5,10,0,29,0,0,0,0,0,14,5,10,0,29,0,0,0,29
12/12/2022,BLI,WA,ANM,WE,Federal Contract Tower,17,9,10,4,40,0,32,67,6,105,17,41,77,10,145,44,0,44,189
12/13/2022,BLI,WA,ANM,WE,Federal Contract Tower,8,8,9,0,25,0,19,38,0,57,8,27,47,0,82,102,0,102,184
12/14/2022,BLI,WA,ANM,WE,Federal Contract Tower,11,5,16,0,32,0,21,88,2,111,11,26,104,2,143,68,0,68,211
12/15/2022,BLI,WA,ANM,WE,Federal Contract Tower,16,5,15,0,36,0,21,74,0,95,16,26,89,0,131,46,0,46,177
12/16/2022,BLI,WA,ANM,WE,Federal Contract Tower,18,6,8,0,32,0,9,28,0,37,18,15,36,0,69,0,0,0,69
12/17/2022,BLI,WA,ANM,WE,Federal Contract Tower,16,11,11,0,38,0,2,2,0,4,16,13,13,0,42,0,0,0,42
12/18/2022,BLI,WA,ANM,WE,Federal Contract Tower,15,1,4,0,20,0,0,4,0,4,15,1,8,0,24,0,0,0,24
12/19/2022,BLI,WA,ANM,WE,Federal Contract Tower,15,6,8,0,29,0,5,1,0,6,15,11,9,0,35,0,0,0,35
12/20/2022,BLI,WA,ANM,WE,Federal Contract Tower,12,3,2,0,17,0,0,0,0,0,12,3,2,0,17,2,0,2,19
12/21/2022,BLI,WA,ANM,WE,Federal Contract Tower,14,6,3,2,25,0,1,3,0,4,14,7,6,2,29,0,0,0,29
12/22/2022,BLI,WA,ANM,WE,Federal Contract Tower,18,7,4,2,31,0,3,16,0,19,18,10,20,2,50,0,0,0,50
12/23/2022,BLI,WA,ANM,WE,Federal Contract Tower,0,0,0,0,0,0,0,0,0,0,0,0,0,0,0,0,0,0,0
12/24/2022,BLI,WA,ANM,WE,Federal Contract Tower,14,6,6,0,26,0,6,0,0,6,14,12,6,0,32,2,0,2,34
12/25/2022,BLI,WA,ANM,WE,Federal Contract Tower,13,1,3,0,17,0,2,3,0,5,13,3,6,0,22,12,0,12,34
12/26/2022,BLI,WA,ANM,WE,Federal Contract Tower,12,0,11,0,23,0,14,10,0,24,12,14,21,0,47,0,0,0,47
12/27/2022,BLI,WA,ANM,WE,Federal Contract Tower,11,7,0,0,18,0,23,0,0,23,11,30,0,0,41,0,0,0,41
12/28/2022,BLI,WA,ANM,WE,Federal Contract Tower,12,6,13,1,32,0,19,43,0,62,12,25,56,1,94,59,3,62,156
12/29/2022,BLI,WA,ANM,WE,Federal Contract Tower,15,7,9,0,31,0,22,23,0,45,15,29,32,0,76,60,0,60,136
12/30/2022,BLI,WA,ANM,WE,Federal Contract Tower,15,5,10,0,30,0,20,17,0,37,15,25,27,0,67,16,0,16,83
12/31/2022,BLI,WA,ANM,WE,Federal Contract Tower,16,5,6,0,27,0,12,21,0,33,16,17,27,0,60,30,0,30,90
01/01/2023,BLI,WA,ANM,WE,Federal Contract Tower,14,3,15,0,32,0,6,17,0,23,14,9,32,0,55,8,0,8,63
01/02/2023,BLI,WA,ANM,WE,Federal Contract Tower,14,0,12,0,26,0,16,88,0,104,14,16,100,0,130,70,0,70,200
01/03/2023,BLI,WA,ANM,WE,Federal Contract Tower,15,8,19,0,42,0,21,54,0,75,15,29,73,0,117,44,0,44,161
01/05/2023,BLI,WA,ANM,WE,Federal Contract Tower,16,14,18,2,50,0,25,26,6,57,16,39,44,8,107,28,10,38,145
01/06/2023,BLI,WA,ANM,WE,Federal Contract Tower,14,12,17,0,43,0,19,46,0,65,14,31,63,0,108,86,0,86,194
01/07/2023,BLI,WA,ANM,WE,Federal Contract Tower,11,4,6,0,21,0,9,18,0,27,11,13,24,0,48,60,0,60,108
01/08/2023,BLI,WA,ANM,WE,Federal Contract Tower,16,0,13,0,29,0,1,25,0,26,16,1,38,0,55,32,0,32,87
01/09/2023,BLI,WA,ANM,WE,Federal Contract Tower,16,5,3,0,24,0,17,20,2,39,16,22,23,2,63,16,0,16,79
01/10/2023,BLI,WA,ANM,WE,Federal Contract Tower,12,8,21,0,41,0,28,102,0,130,12,36,123,0,171,82,0,82,253
01/11/2023,BLI,WA,ANM,WE,Federal Contract Tower,10,6,21,1,38,0,22,52,8,82,10,28,73,9,120,44,18,62,182
01/12/2023,BLI,WA,ANM,WE,Federal Contract Tower,16,5,6,0,27,0,14,4,0,18,16,19,10,0,45,18,0,18,63
01/13/2023,BLI,WA,ANM,WE,Federal Contract Tower,15,10,6,0,31,0,15,22,0,37,15,25,28,0,68,12,0,12,80
01/14/2023,BLI,WA,ANM,WE,Federal Contract Tower,10,4,12,0,26,0,6,69,2,77,10,10,81,2,103,38,0,38,141
01/15/2023,BLI,WA,ANM,WE,Federal Contract Tower,11,0,6,0,17,0,9,25,0,34,11,9,31,0,51,50,0,50,101
01/16/2023,BLI,WA,ANM,WE,Federal Contract Tower,14,9,12,0,35,0,23,38,2,63,14,32,50,2,98,18,0,18,116
01/17/2023,BLI,WA,ANM,WE,Federal Contract Tower,8,11,6,2,27,0,30,11,0,41,8,41,17,2,68,0,0,0,68
01/18/2023,BLI,WA,ANM,WE,Federal Contract Tower,10,6,1,0,17,0,13,10,0,23,10,19,11,0,40,0,0,0,40
01/19/2023,BLI,WA,ANM,WE,Federal Contract Tower,17,4,10,0,31,0,20,47,4,71,17,24,57,4,102,56,0,56,158
01/20/2023,BLI,WA,ANM,WE,Federal Contract Tower,16,9,10,2,37,0,28,107,2,137,16,37,117,4,174,120,0,120,294
01/21/2023,BLI,WA,ANM,WE,Federal Contract Tower,11,9,6,0,26,0,12,13,0,25,11,21,19,0,51,28,0,28,79
01/22/2023,BLI,WA,ANM,WE,Federal Contract Tower,12,9,9,0,30,0,7,26,0,33,12,16,35,0,63,32,0,32,95
01/23/2023,BLI,WA,ANM,WE,Federal Contract Tower,14,7,12,0,33,0,15,51,2,68,14,22,63,2,101,44,0,44,145
01/24/2023,BLI,WA,ANM,WE,Federal Contract Tower,8,14,6,0,28,0,12,12,0,24,8,26,18,0,52,34,0,34,86
01/25/2023,BLI,WA,ANM,WE,Federal Contract Tower,15,16,8,1,40,0,2,4,1,7,15,18,12,2,47,0,0,0,47
01/26/2023,BLI,WA,ANM,WE,Federal Contract Tower,16,11,5,0,32,0,4,3,0,7,16,15,8,0,39,0,0,0,39
01/27/2023,BLI,WA,ANM,WE,Federal Contract Tower,14,11,12,0,37,0,11,25,0,36,14,22,37,0,73,2,0,2,75
01/28/2023,BLI,WA,ANM,WE,Federal Contract Tower,8,6,4,0,18,0,10,19,0,29,8,16,23,0,47,6,0,6,53
01/29/2023,BLI,WA,ANM,WE,Federal Contract Tower,12,0,5,0,17,0,8,77,0,85,12,8,82,0,102,58,0,58,160
01/30/2023,BLI,WA,ANM,WE,Federal Contract Tower,13,8,11,0,32,0,24,97,4,125,13,32,108,4,157,68,0,68,225
01/31/2023,BLI,WA,ANM,WE,Federal Contract Tower,9,10,11,0,30,0,18,33,0,51,9,28,44,0,81,6,0,6,87
02/01/2023,BLI,WA,ANM,WE,Federal Contract Tower,10,6,8,0,24,0,24,92,0,116,10,30,100,0,140,124,0,124,264
02/02/2023,BLI,WA,ANM,WE,Federal Contract Tower,17,9,19,4,49,0,27,88,2,117,17,36,107,6,166,66,2,68,234
02/03/2023,BLI,WA,ANM,WE,Federal Contract Tower,14,7,4,0,25,0,15,17,0,32,14,22,21,0,57,10,0,10,67
02/04/2023,BLI,WA,ANM,WE,Federal Contract Tower,9,8,12,0,29,0,13,24,0,37,9,21,36,0,66,24,0,24,90
02/05/2023,BLI,WA,ANM,WE,Federal Contract Tower,12,5,5,0,22,0,6,22,2,30,12,11,27,2,52,77,0,77,129
02/06/2023,BLI,WA,ANM,WE,Federal Contract Tower,16,11,11,0,38,0,23,15,2,40,16,34,26,2,78,46,0,46,124
02/07/2023,BLI,WA,ANM,WE,Federal Contract Tower,8,7,7,0,22,0,24,21,0,45,8,31,28,0,67,8,0,8,75
02/08/2023,BLI,WA,ANM,WE,Federal Contract Tower,10,4,10,0,24,0,17,95,0,112,10,21,105,0,136,72,0,72,208
02/09/2023,BLI,WA,ANM,WE,Federal Contract Tower,18,5,9,0,32,0,22,71,0,93,18,27,80,0,125,42,0,42,167
02/10/2023,BLI,WA,ANM,WE,Federal Contract Tower,16,7,16,0,39,0,25,72,4,101,16,32,88,4,140,68,0,68,208
02/11/2023,BLI,WA,ANM,WE,Federal Contract Tower,9,5,23,0,37,0,6,53,0,59,9,11,76,0,96,36,0,36,132
02/12/2023,BLI,WA,ANM,WE,Federal Contract Tower,12,7,16,0,35,0,9,13,0,22,12,16,29,0,57,4,0,4,61
02/13/2023,BLI,WA,ANM,WE,Federal Contract Tower,13,8,6,0,27,0,19,22,0,41,13,27,28,0,68,40,0,40,108
02/14/2023,BLI,WA,ANM,WE,Federal Contract Tower,9,7,12,1,29,0,18,60,1,79,9,25,72,2,108,56,14,70,178
02/15/2023,BLI,WA,ANM,WE,Federal Contract Tower,10,7,16,1,34,0,28,95,1,124,10,35,111,2,158,130,0,130,288
02/16/2023,BLI,WA,ANM,WE,Federal Contract Tower,18,11,6,1,36,0,30,69,3,102,18,41,75,4,138,22,0,22,160
02/17/2023,BLI,WA,ANM,WE,Federal Contract Tower,17,8,13,0,38,0,16,24,0,40,17,24,37,0,78,34,0,34,112
02/18/2023,BLI,WA,ANM,WE,Federal Contract Tower,13,7,7,0,27,0,10,10,0,20,13,17,17,0,47,0,0,0,47
02/19/2023,BLI,WA,ANM,WE,Federal Contract Tower,16,3,5,0,24,0,4,3,0,7,16,7,8,0,31,6,0,6,37
02/20/2023,BLI,WA,ANM,WE,Federal Contract Tower,19,20,11,0,50,0,9,0,0,9,19,29,11,0,59,0,0,0,59
02/21/2023,BLI,WA,ANM,WE,Federal Contract Tower,14,6,7,0,27,0,19,46,0,65,14,25,53,0,92,34,0,34,126
02/22/2023,BLI,WA,ANM,WE,Federal Contract Tower,12,4,9,0,25,0,7,1,0,8,12,11,10,0,33,0,0,0,33
02/23/2023,BLI,WA,ANM,WE,Federal Contract Tower,19,6,4,0,29,0,13,4,0,17,19,19,8,0,46,2,0,2,48
02/24/2023,BLI,WA,ANM,WE,Federal Contract Tower,21,7,6,0,34,0,17,82,4,103,21,24,88,4,137,36,4,40,177
02/25/2023,BLI,WA,ANM,WE,Federal Contract Tower,12,9,7,0,28,0,10,52,0,62,12,19,59,0,90,66,0,66,156
02/26/2023,BLI,WA,ANM,WE,Federal Contract Tower,12,3,7,2,24,0,8,15,0,23,12,11,22,2,47,14,0,14,61
02/27/2023,BLI,WA,ANM,WE,Federal Contract Tower,16,8,7,0,31,0,24,27,0,51,16,32,34,0,82,48,0,48,130
02/28/2023,BLI,WA,ANM,WE,Federal Contract Tower,12,12,12,0,36,0,3,12,0,15,12,15,24,0,51,20,0,20,71
03/01/2023,BLI,WA,ANM,WE,Federal Contract Tower,8,5,7,0,20,0,20,62,1,83,8,25,69,1,103,60,0,60,163
03/02/2023,BLI,WA,ANM,WE,Federal Contract Tower,13,9,6,1,29,0,30,24,1,55,13,39,30,2,84,18,14,32,116
03/03/2023,BLI,WA,ANM,WE,Federal Contract Tower,14,9,7,0,30,0,24,27,0,51,14,33,34,0,81,84,0,84,165
03/04/2023,BLI,WA,ANM,WE,Federal Contract Tower,13,8,9,0,30,0,8,6,0,14,13,16,15,0,44,44,0,44,88
03/05/2023,BLI,WA,ANM,WE,Federal Contract Tower,15,3,12,0,30,0,9,91,0,100,15,12,103,0,130,60,0,60,190
03/06/2023,BLI,WA,ANM,WE,Federal Contract Tower,14,10,12,2,38,0,22,61,0,83,14,32,73,2,121,102,0,102,223
03/07/2023,BLI,WA,ANM,WE,Federal Contract Tower,10,6,12,1,29,0,26,80,3,109,10,32,92,4,138,70,0,70,208
03/08/2023,BLI,WA,ANM,WE,Federal Contract Tower,8,14,9,0,31,0,19,84,0,103,8,33,93,0,134,64,0,64,198
03/09/2023,BLI,WA,ANM,WE,Federal Contract Tower,15,6,13,2,36,0,22,104,4,130,15,28,117,6,166,100,0,100,266
03/10/2023,BLI,WA,ANM,WE,Federal Contract Tower,14,11,5,0,30,0,22,28,0,50,14,33,33,0,80,6,0,6,86
03/11/2023,BLI,WA,ANM,WE,Federal Contract Tower,14,4,4,0,22,0,5,41,0,46,14,9,45,0,68,18,0,18,86
03/12/2023,BLI,WA,ANM,WE,Federal Contract Tower,10,1,1,0,12,0,8,40,2,50,10,9,41,2,62,58,0,58,120
03/13/2023,BLI,WA,ANM,WE,Federal Contract Tower,14,7,9,1,31,0,18,25,1,44,14,25,34,2,75,0,0,0,75
03/14/2023,BLI,WA,ANM,WE,Federal Contract Tower,11,6,10,0,27,0,26,66,2,94,11,32,76,2,121,40,0,40,161
03/15/2023,BLI,WA,ANM,WE,Federal Contract Tower,9,5,11,0,25,0,15,88,4,107,9,20,99,4,132,76,0,76,208
03/16/2023,BLI,WA,ANM,WE,Federal Contract Tower,15,7,9,0,31,0,29,97,2,128,15,36,106,2,159,42,0,42,201
03/17/2023,BLI,WA,ANM,WE,Federal Contract Tower,13,3,13,0,29,0,18,108,0,126,13,21,121,0,155,102,0,102,257
03/18/2023,BLI,WA,ANM,WE,Federal Contract Tower,16,6,14,2,38,0,18,81,0,99,16,24,95,2,137,44,0,44,181
03/19/2023,BLI,WA,ANM,WE,Federal Contract Tower,11,7,12,0,30,0,11,61,0,72,11,18,73,0,102,82,0,82,184
03/20/2023,BLI,WA,ANM,WE,Federal Contract Tower,14,11,4,0,29,0,20,22,0,42,14,31,26,0,71,48,0,48,119
03/21/2023,BLI,WA,ANM,WE,Federal Contract Tower,8,12,16,0,36,0,14,46,1,61,8,26,62,1,97,78,13,91,188
03/22/2023,BLI,WA,ANM,WE,Federal Contract Tower,9,9,15,0,33,0,23,112,0,135,9,32,127,0,168,26,0,26,194
03/23/2023,BLI,WA,ANM,WE,Federal Contract Tower,12,11,7,0,30,0,11,18,0,29,12,22,25,0,59,4,0,4,63
03/24/2023,BLI,WA,ANM,WE,Federal Contract Tower,16,4,11,0,31,0,26,15,0,41,16,30,26,0,72,0,0,0,72
03/25/2023,BLI,WA,ANM,WE,Federal Contract Tower,15,8,8,1,32,0,11,50,1,62,15,19,58,2,94,36,0,36,130
03/26/2023,BLI,WA,ANM,WE,Federal Contract Tower,11,6,18,0,35,0,10,49,0,59,11,16,67,0,94,98,0,98,192
03/27/2023,BLI,WA,ANM,WE,Federal Contract Tower,15,8,16,0,39,0,18,88,0,106,15,26,104,0,145,54,0,54,199
03/28/2023,BLI,WA,ANM,WE,Federal Contract Tower,9,11,8,0,28,0,23,68,4,95,9,34,76,4,123,19,0,19,142
03/29/2023,BLI,WA,ANM,WE,Federal Contract Tower,9,9,18,0,36,0,29,108,2,139,9,38,126,2,175,190,0,190,365
03/30/2023,BLI,WA,ANM,WE,Federal Contract Tower,17,7,23,0,47,0,24,56,2,82,17,31,79,2,129,80,0,80,209
03/31/2023,BLI,WA,ANM,WE,Federal Contract Tower,15,13,5,0,33,0,16,13,0,29,15,29,18,0,62,24,0,24,86
04/01/2023,BLI,WA,ANM,WE,Federal Contract Tower,15,14,2,0,31,0,12,20,2,34,15,26,22,2,65,30,0,30,95
04/02/2023,BLI,WA,ANM,WE,Federal Contract Tower,16,8,7,0,31,0,7,9,2,18,16,15,16,2,49,88,4,92,141
04/03/2023,BLI,WA,ANM,WE,Federal Contract Tower,18,10,7,0,35,0,23,27,4,54,18,33,34,4,89,98,4,102,191
04/04/2023,BLI,WA,ANM,WE,Federal Contract Tower,10,5,18,0,33,0,36,68,2,106,10,41,86,2,139,86,0,86,225
04/05/2023,BLI,WA,ANM,WE,Federal Contract Tower,9,5,15,5,34,0,24,90,11,125,9,29,105,16,159,110,6,116,275
04/06/2023,BLI,WA,ANM,WE,Federal Contract Tower,18,4,14,0,36,0,29,24,0,53,18,33,38,0,89,32,0,32,121
04/07/2023,BLI,WA,ANM,WE,Federal Contract Tower,18,10,20,0,48,0,16,11,0,27,18,26,31,0,75,14,0,14,89
04/08/2023,BLI,WA,ANM,WE,Federal Contract Tower,16,5,8,0,29,0,8,7,0,15,16,13,15,0,44,0,0,0,44
04/09/2023,BLI,WA,ANM,WE,Federal Contract Tower,14,2,4,0,20,0,2,4,0,6,14,4,8,0,26,0,0,0,26
04/10/2023,BLI,WA,ANM,WE,Federal Contract Tower,20,9,12,0,41,0,20,22,0,42,20,29,34,0,83,68,0,68,151
04/11/2023,BLI,WA,ANM,WE,Federal Contract Tower,10,8,13,0,31,0,25,35,0,60,10,33,48,0,91,14,0,14,105
04/12/2023,BLI,WA,ANM,WE,Federal Contract Tower,11,6,11,0,28,0,25,130,2,157,11,31,141,2,185,48,0,48,233
04/13/2023,BLI,WA,ANM,WE,Federal Contract Tower,17,6,15,0,38,0,20,54,2,76,17,26,69,2,114,20,0,20,134
04/14/2023,BLI,WA,ANM,WE,Federal Contract Tower,19,11,8,0,38,0,29,117,0,146,19,40,125,0,184,48,0,48,232
04/15/2023,BLI,WA,ANM,WE,Federal Contract Tower,15,12,5,0,32,0,16,53,2,71,15,28,58,2,103,22,0,22,125
04/16/2023,BLI,WA,ANM,WE,Federal Contract Tower,16,3,4,0,23,0,9,6,0,15,16,12,10,0,38,0,0,0,38
04/17/2023,BLI,WA,ANM,WE,Federal Contract Tower,18,9,13,0,40,0,18,32,0,50,18,27,45,0,90,3,0,3,93
04/18/2023,BLI,WA,ANM,WE,Federal Contract Tower,10,8,7,0,25,0,19,14,0,33,10,27,21,0,58,20,0,20,78
04/20/2023,BLI,WA,ANM,WE,Federal Contract Tower,15,9,11,0,35,0,13,27,8,48,15,22,38,8,83,6,2,8,91
04/21/2023,BLI,WA,ANM,WE,Federal Contract Tower,15,12,9,0,36,0,25,54,2,81,15,37,63,2,117,34,8,42,159
04/22/2023,BLI,WA,ANM,WE,Federal Contract Tower,13,13,8,0,34,0,11,52,2,65,13,24,60,2,99,72,0,72,171
04/23/2023,BLI,WA,ANM,WE,Federal Contract Tower,13,2,13,0,28,0,5,6,0,11,13,7,19,0,39,6,0,6,45
04/24/2023,BLI,WA,ANM,WE,Federal Contract Tower,15,6,16,0,37,0,18,66,0,84,15,24,82,0,121,40,0,40,161
04/25/2023,BLI,WA,ANM,WE,Federal Contract Tower,9,9,14,3,35,0,27,89,3,119,9,36,103,6,154,66,0,66,220
04/26/2023,BLI,WA,ANM,WE,Federal Contract Tower,11,6,16,0,33,0,19,77,3,99,11,25,93,3,132,57,0,57,189
04/27/2023,BLI,WA,ANM,WE,Federal Contract Tower,13,8,12,2,35,0,20,124,2,146,13,28,136,4,181,85,0,85,266
04/28/2023,BLI,WA,ANM,WE,Federal Contract Tower,16,9,18,0,43,23,112,18,0,153,39,121,36,0,196,66,0,66,262
04/29/2023,BLI,WA,ANM,WE,Federal Contract Tower,13,8,15,0,36,0,13,121,2,136,13,21,136,2,172,56,0,56,228
04/30/2023,BLI,WA,ANM,WE,Federal Contract Tower,12,5,28,1,46,0,10,84,8,102,12,15,112,9,148,40,0,40,188
05/01/2023,BLI,WA,ANM,WE,Federal Contract Tower,18,16,11,0,45,0,26,49,1,76,18,42,60,1,121,48,0,48,169
05/02/2023,BLI,WA,ANM,WE,Federal Contract Tower,8,18,24,0,50,0,26,80,0,106,8,44,104,0,156,58,4,62,218
05/03/2023,BLI,WA,ANM,WE,Federal Contract Tower,7,4,12,0,23,0,21,129,0,150,7,25,141,0,173,66,0,66,239
05/04/2023,BLI,WA,ANM,WE,Federal Contract Tower,15,7,11,0,33,0,30,41,0,71,15,37,52,0,104,22,0,22,126
05/05/2023,BLI,WA,ANM,WE,Federal Contract Tower,15,9,19,0,43,0,11,10,0,21,15,20,29,0,64,25,0,25,89
05/06/2023,BLI,WA,ANM,WE,Federal Contract Tower,11,10,8,0,29,0,10,29,0,39,11,20,37,0,68,18,0,18,86
05/07/2023,BLI,WA,ANM,WE,Federal Contract Tower,13,3,19,0,35,0,12,48,0,60,13,15,67,0,95,44,0,44,139
05/09/2023,BLI,WA,ANM,WE,Federal Contract Tower,9,9,12,0,30,0,30,87,0,117,9,39,99,0,147,85,0,85,232
05/10/2023,BLI,WA,ANM,WE,Federal Contract Tower,7,7,8,0,22,0,37,96,6,139,7,44,104,6,161,40,0,40,201
05/11/2023,BLI,WA,ANM,WE,Federal Contract Tower,15,9,14,0,38,0,37,97,0,134,15,46,111,0,172,64,0,64,236
05/12/2023,BLI,WA,ANM,WE,Federal Contract Tower,14,8,17,1,40,0,33,127,3,163,14,41,144,4,203,74,6,80,283
05/13/2023,BLI,WA,ANM,WE,Federal Contract Tower,11,8,11,0,30,0,13,86,0,99,11,21,97,0,129,47,0,47,176
05/14/2023,BLI,WA,ANM,WE,Federal Contract Tower,13,0,11,0,24,0,12,73,0,85,13,12,84,0,109,16,0,16,125
05/15/2023,BLI,WA,ANM,WE,Federal Contract Tower,15,7,10,0,32,0,37,73,0,110,15,44,83,0,142,68,0,68,210
05/16/2023,BLI,WA,ANM,WE,Federal Contract Tower,9,11,8,0,28,0,32,63,6,101,9,43,71,6,129,52,0,52,181
05/17/2023,BLI,WA,ANM,WE,Federal Contract Tower,9,6,20,1,36,0,29,118,2,149,9,35,138,3,185,167,0,167,352
05/18/2023,BLI,WA,ANM,WE,Federal Contract Tower,15,7,11,2,35,0,31,91,0,122,15,38,102,2,157,48,0,48,205
05/19/2023,BLI,WA,ANM,WE,Federal Contract Tower,12,4,23,1,40,0,33,97,1,131,12,37,120,2,171,44,0,44,215
05/20/2023,BLI,WA,ANM,WE,Federal Contract Tower,13,5,17,0,35,0,19,79,0,98,13,24,96,0,133,78,0,78,211
05/21/2023,BLI,WA,ANM,WE,Federal Contract Tower,13,8,9,0,30,0,13,26,0,39,13,21,35,0,69,0,0,0,69
05/22/2023,BLI,WA,ANM,WE,Federal Contract Tower,14,18,23,0,55,0,15,22,4,41,14,33,45,4,96,12,0,12,108
05/23/2023,BLI,WA,ANM,WE,Federal Contract Tower,9,9,26,0,44,0,29,79,0,108,9,38,105,0,152,120,0,120,272
05/24/2023,BLI,WA,ANM,WE,Federal Contract Tower,9,7,34,0,50,0,37,84,0,121,9,44,118,0,171,74,0,74,245
05/25/2023,BLI,WA,ANM,WE,Federal Contract Tower,16,12,8,2,38,0,45,91,0,136,16,57,99,2,174,6,0,6,180
05/26/2023,BLI,WA,ANM,WE,Federal Contract Tower,12,14,8,0,34,0,35,111,2,148,12,49,119,2,182,42,0,42,224
05/27/2023,BLI,WA,ANM,WE,Federal Contract Tower,11,4,4,0,19,0,20,48,0,68,11,24,52,0,87,42,0,42,129
05/28/2023,BLI,WA,ANM,WE,Federal Contract Tower,12,3,8,0,23,0,18,62,0,80,12,21,70,0,103,14,0,14,117
05/29/2023,BLI,WA,ANM,WE,Federal Contract Tower,13,10,10,2,35,0,23,51,0,74,13,33,61,2,109,18,0,18,127
05/30/2023,BLI,WA,ANM,WE,Federal Contract Tower,9,7,4,1,21,0,26,45,6,77,9,33,49,7,98,42,2,44,142
05/31/2023,BLI,WA,ANM,WE,Federal Contract Tower,9,11,13,5,38,0,37,76,4,117,9,48,89,9,155,64,0,64,219
06/01/2023,BLI,WA,ANM,WE,Federal Contract Tower,15,11,17,2,45,0,32,90,6,128,15,43,107,8,173,110,0,110,283
06/02/2023,BLI,WA,ANM,WE,Federal Contract Tower,13,4,5,0,22,0,28,85,4,117,13,32,90,4,139,117,8,125,264
06/03/2023,BLI,WA,ANM,WE,Federal Contract Tower,8,5,10,0,23,0,18,79,0,97,8,23,89,0,120,33,0,33,153
06/04/2023,BLI,WA,ANM,WE,Federal Contract Tower,13,8,15,0,36,0,21,83,0,104,13,29,98,0,140,19,0,19,159
06/05/2023,BLI,WA,ANM,WE,Federal Contract Tower,13,12,14,0,39,0,50,59,1,110,13,62,73,1,149,36,0,36,185
06/06/2023,BLI,WA,ANM,WE,Federal Contract Tower,8,6,15,2,31,0,28,77,1,106,8,34,92,3,137,42,0,42,179
06/07/2023,BLI,WA,ANM,WE,Federal Contract Tower,9,8,22,0,39,0,37,125,2,164,9,45,147,2,203,84,0,84,287
06/08/2023,BLI,WA,ANM,WE,Federal Contract Tower,15,9,19,1,44,0,31,77,8,116,15,40,96,9,160,46,14,60,220
06/09/2023,BLI,WA,ANM,WE,Federal Contract Tower,13,6,24,1,44,0,28,30,0,58,13,34,54,1,102,62,0,62,164
06/10/2023,BLI,WA,ANM,WE,Federal Contract Tower,7,6,20,0,33,0,9,11,0,20,7,15,31,0,53,0,0,0,53
06/11/2023,BLI,WA,ANM,WE,Federal Contract Tower,14,4,17,0,35,0,26,89,2,117,14,30,106,2,152,50,0,50,202
06/12/2023,BLI,WA,ANM,WE,Federal Contract Tower,14,8,26,0,48,0,37,112,1,150,14,45,138,1,198,82,0,82,280
06/13/2023,BLI,WA,ANM,WE,Federal Contract Tower,7,6,25,0,38,0,31,63,4,98,7,37,88,4,136,71,11,82,218
06/14/2023,BLI,WA,ANM,WE,Federal Contract Tower,11,5,23,0,39,0,34,96,0,130,11,39,119,0,169,42,0,42,211
06/15/2023,BLI,WA,ANM,WE,Federal Contract Tower,14,11,24,0,49,0,48,96,0,144,14,59,120,0,193,78,0,78,271
06/16/2023,BLI,WA,ANM,WE,Federal Contract Tower,15,14,13,0,42,0,32,61,0,93,15,46,74,0,135,75,0,75,210
06/17/2023,BLI,WA,ANM,WE,Federal Contract Tower,9,4,23,0,36,0,14,37,0,51,9,18,60,0,87,32,0,32,119
06/18/2023,BLI,WA,ANM,WE,Federal Contract Tower,13,3,18,0,34,0,16,41,0,57,13,19,59,0,91,36,0,36,127
06/19/2023,BLI,WA,ANM,WE,Federal Contract Tower,13,14,23,0,50,0,42,45,0,87,13,56,68,0,137,32,0,32,169
06/20/2023,BLI,WA,ANM,WE,Federal Contract Tower,7,16,13,4,40,0,25,31,0,56,7,41,44,4,96,42,0,42,138
06/21/2023,BLI,WA,ANM,WE,Federal Contract Tower,11,12,17,2,42,0,31,97,0,128,11,43,114,2,170,186,0,186,356
06/22/2023,BLI,WA,ANM,WE,Federal Contract Tower,16,9,22,0,47,0,45,131,4,180,16,54,153,4,227,86,0,86,313
06/23/2023,BLI,WA,ANM,WE,Federal Contract Tower,12,13,19,0,44,0,43,124,6,173,12,56,143,6,217,58,0,58,275
06/24/2023,BLI,WA,ANM,WE,Federal Contract Tower,11,5,17,0,33,0,28,73,0,101,11,33,90,0,134,60,0,60,194
06/25/2023,BLI,WA,ANM,WE,Federal Contract Tower,13,11,15,0,39,0,14,69,0,83,13,25,84,0,122,68,0,68,190
06/26/2023,BLI,WA,ANM,WE,Federal Contract Tower,13,12,19,1,45,0,30,67,3,100,13,42,86,4,145,80,0,80,225
06/27/2023,BLI,WA,ANM,WE,Federal Contract Tower,6,14,23,0,43,0,21,70,3,94,6,35,93,3,137,26,6,32,169
06/29/2023,BLI,WA,ANM,WE,Federal Contract Tower,15,13,22,0,50,0,30,86,4,120,15,43,108,4,170,48,0,48,218
06/30/2023,BLI,WA,ANM,WE,Federal Contract Tower,13,16,26,2,57,0,53,130,0,183,13,69,156,2,240,60,0,60,300
07/01/2023,BLI,WA,ANM,WE,Federal Contract Tower,11,6,20,0,37,0,18,98,0,116,11,24,118,0,153,68,0,68,221
07/02/2023,BLI,WA,ANM,WE,Federal Contract Tower,12,2,31,0,45,0,27,90,2,119,12,29,121,2,164,32,0,32,196
07/03/2023,BLI,WA,ANM,WE,Federal Contract Tower,13,9,8,0,30,0,43,94,0,137,13,52,102,0,167,82,0,82,249
07/04/2023,BLI,WA,ANM,WE,Federal Contract Tower,7,1,10,0,18,0,23,54,0,77,7,24,64,0,95,20,0,20,115
07/05/2023,BLI,WA,ANM,WE,Federal Contract Tower,10,9,27,0,46,0,48,115,0,163,10,57,142,0,209,100,0,100,309
07/06/2023,BLI,WA,ANM,WE,Federal Contract Tower,17,11,29,5,62,0,33,109,4,146,17,44,138,9,208,60,18,78,286
07/07/2023,BLI,WA,ANM,WE,Federal Contract Tower,13,18,32,1,64,0,29,64,1,94,13,47,96,2,158,18,0,18,176
07/08/2023,BLI,WA,ANM,WE,Federal Contract Tower,11,8,14,2,35,0,40,94,2,136,11,48,108,4,171,90,0,90,261
07/09/2023,BLI,WA,ANM,WE,Federal Contract Tower,13,6,35,0,54,0,17,84,0,101,13,23,119,0,155,97,0,97,252
07/10/2023,BLI,WA,ANM,WE,Federal Contract Tower,13,8,27,0,48,0,38,53,2,93,13,46,80,2,141,30,0,30,171
07/11/2023,BLI,WA,ANM,WE,Federal Contract Tower,6,9,26,0,41,0,37,91,0,128,6,46,117,0,169,72,0,72,241
07/12/2023,BLI,WA,ANM,WE,Federal Contract Tower,13,11,25,0,49,0,35,111,0,146,13,46,136,0,195,62,0,62,257
07/13/2023,BLI,WA,ANM,WE,Federal Contract Tower,15,14,19,2,50,0,48,92,5,145,15,62,111,7,195,126,0,126,321
07/14/2023,BLI,WA,ANM,WE,Federal Contract Tower,14,11,26,1,52,0,46,125,2,173,14,57,151,3,225,60,0,60,285
07/15/2023,BLI,WA,ANM,WE,Federal Contract Tower,11,9,12,0,32,0,30,103,0,133,11,39,115,0,165,28,0,28,193
07/16/2023,BLI,WA,ANM,WE,Federal Contract Tower,12,8,24,0,44,0,18,88,0,106,12,26,112,0,150,90,0,90,240
07/17/2023,BLI,WA,ANM,WE,Federal Contract Tower,13,9,15,0,37,0,34,67,4,105,13,43,82,4,142,24,0,24,166
07/18/2023,BLI,WA,ANM,WE,Federal Contract Tower,7,8,19,0,34,0,31,109,0,140,7,39,128,0,174,69,0,69,243
07/19/2023,BLI,WA,ANM,WE,Federal Contract Tower,11,18,10,0,39,0,40,114,0,154,11,58,124,0,193,60,0,60,253
07/20/2023,BLI,WA,ANM,WE,Federal Contract Tower,17,10,29,3,59,0,51,121,0,172,17,61,150,3,231,71,0,71,302
07/21/2023,BLI,WA,ANM,WE,Federal Contract Tower,10,11,11,0,32,0,39,77,0,116,10,50,88,0,148,56,0,56,204
07/22/2023,BLI,WA,ANM,WE,Federal Contract Tower,12,13,10,0,35,0,22,97,0,119,12,35,107,0,154,68,0,68,222
07/23/2023,BLI,WA,ANM,WE,Federal Contract Tower,12,6,16,0,34,0,24,108,2,134,12,30,124,2,168,83,0,83,251
07/24/2023,BLI,WA,ANM,WE,Federal Contract Tower,13,16,22,1,52,0,39,49,1,89,13,55,71,2,141,40,0,40,181
07/25/2023,BLI,WA,ANM,WE,Federal Contract Tower,6,8,16,1,31,0,45,64,1,110,6,53,80,2,141,66,0,66,207
07/26/2023,BLI,WA,ANM,WE,Federal Contract Tower,10,12,20,3,45,0,42,111,3,156,10,54,131,6,201,68,0,68,269
07/27/2023,BLI,WA,ANM,WE,Federal Contract Tower,16,6,12,5,39,0,44,89,5,138,16,50,101,10,177,54,0,54,231
07/28/2023,BLI,WA,ANM,WE,Federal Contract Tower,14,8,26,0,48,0,55,109,0,164,14,63,135,0,212,76,0,76,288
07/29/2023,BLI,WA,ANM,WE,Federal Contract Tower,11,9,12,2,34,0,27,92,0,119,11,36,104,2,153,36,0,36,189
07/30/2023,BLI,WA,ANM,WE,Federal Contract Tower,13,8,21,0,42,0,24,101,2,127,13,32,122,2,169,72,0,72,241
07/31/2023,BLI,WA,ANM,WE,Federal Contract Tower,13,12,24,2,51,0,38,86,2,126,13,50,110,4,177,68,0,68,245
08/01/2023,BLI,WA,ANM,WE,Federal Contract Tower,8,6,11,0,25,0,38,102,2,142,8,44,113,2,167,104,10,114,281
08/02/2023,BLI,WA,ANM,WE,Federal Contract Tower,11,12,19,4,46,0,42,117,2,161,11,54,136,6,207,50,6,56,263
08/03/2023,BLI,WA,ANM,WE,Federal Contract Tower,15,7,18,1,41,0,34,88,3,125,15,41,106,4,166,28,0,28,194
08/04/2023,BLI,WA,ANM,WE,Federal Contract Tower,13,9,36,2,60,0,38,90,8,136,13,47,126,10,196,44,10,54,250
08/05/2023,BLI,WA,ANM,WE,Federal Contract Tower,11,6,17,0,34,0,23,89,0,112,11,29,106,0,146,28,0,28,174
08/06/2023,BLI,WA,ANM,WE,Federal Contract Tower,12,4,21,0,37,0,31,101,0,132,12,35,122,0,169,42,0,42,211
08/07/2023,BLI,WA,ANM,WE,Federal Contract Tower,13,7,32,0,52,0,28,63,4,95,13,35,95,4,147,58,10,68,215
08/08/2023,BLI,WA,ANM,WE,Federal Contract Tower,7,10,25,0,42,0,41,69,4,114,7,51,94,4,156,32,0,32,188
08/09/2023,BLI,WA,ANM,WE,Federal Contract Tower,11,11,27,0,49,0,43,51,2,96,11,54,78,2,145,22,0,22,167
08/10/2023,BLI,WA,ANM,WE,Federal Contract Tower,14,8,10,1,33,0,50,75,3,128,14,58,85,4,161,94,8,102,263
08/11/2023,BLI,WA,ANM,WE,Federal Contract Tower,14,10,18,1,43,0,33,112,5,150,14,43,130,6,193,32,0,32,225
08/12/2023,BLI,WA,ANM,WE,Federal Contract Tower,8,4,19,0,31,0,23,96,0,119,8,27,115,0,150,44,0,44,194
08/13/2023,BLI,WA,ANM,WE,Federal Contract Tower,10,1,19,0,30,0,27,111,2,140,10,28,130,2,170,22,0,22,192
08/14/2023,BLI,WA,ANM,WE,Federal Contract Tower,14,11,22,0,47,0,40,96,2,138,14,51,118,2,185,40,0,40,225
08/15/2023,BLI,WA,ANM,WE,Federal Contract Tower,7,18,13,0,38,0,30,84,2,116,7,48,97,2,154,98,8,106,260
08/16/2023,BLI,WA,ANM,WE,Federal Contract Tower,9,16,24,2,51,0,45,125,2,172,9,61,149,4,223,106,0,106,329
08/17/2023,BLI,WA,ANM,WE,Federal Contract Tower,14,11,17,0,42,0,55,110,3,168,14,66,127,3,210,46,0,46,256
08/18/2023,BLI,WA,ANM,WE,Federal Contract Tower,13,11,33,0,57,0,46,131,1,178,13,57,164,1,235,140,0,140,375
08/19/2023,BLI,WA,ANM,WE,Federal Contract Tower,9,7,26,0,42,0,21,57,0,78,9,28,83,0,120,46,0,46,166
08/20/2023,BLI,WA,ANM,WE,Federal Contract Tower,14,7,46,0,67,0,33,29,2,64,14,40,75,2,131,20,0,20,151
08/21/2023,BLI,WA,ANM,WE,Federal Contract Tower,15,11,33,0,59,0,39,72,0,111,15,50,105,0,170,29,0,29,199
08/22/2023,BLI,WA,ANM,WE,Federal Contract Tower,8,9,18,4,39,0,48,85,2,135,8,57,103,6,174,96,0,96,270
08/23/2023,BLI,WA,ANM,WE,Federal Contract Tower,9,10,29,4,52,0,43,105,8,156,9,53,134,12,208,127,3,130,338
08/24/2023,BLI,WA,ANM,WE,Federal Contract Tower,15,14,19,1,49,0,37,88,9,134,15,51,107,10,183,80,8,88,271
08/25/2023,BLI,WA,ANM,WE,Federal Contract Tower,13,9,19,0,41,0,34,47,0,81,13,43,66,0,122,18,0,18,140
08/26/2023,BLI,WA,ANM,WE,Federal Contract Tower,10,7,12,0,29,0,20,59,2,81,10,27,71,2,110,60,0,60,170
08/27/2023,BLI,WA,ANM,WE,Federal Contract Tower,15,5,24,0,44,0,22,60,0,82,15,27,84,0,126,64,0,64,190
08/28/2023,BLI,WA,ANM,WE,Federal Contract Tower,11,11,11,0,33,0,27,34,2,63,11,38,45,2,96,46,0,46,142
08/29/2023,BLI,WA,ANM,WE,Federal Contract Tower,9,9,15,0,33,0,28,14,0,42,9,37,29,0,75,70,0,70,145
08/30/2023,BLI,WA,ANM,WE,Federal Contract Tower,9,8,25,1,43,0,27,82,1,110,9,35,107,2,153,81,3,84,237
08/31/2023,BLI,WA,ANM,WE,Federal Contract Tower,14,18,41,2,75,0,21,51,1,73,14,39,92,3,148,46,0,46,194
