01/01/2000,BMI,IL,AGL,CE,Federal Contract Tower,5,21,10,0,36,1,7,27,0,35,6,28,37,0,71,18,0,18,89
01/02/2000,BMI,IL,AGL,CE,Federal Contract Tower,8,29,11,0,48,2,3,5,0,10,10,32,16,0,58,12,0,12,70
01/03/2000,BMI,IL,AGL,CE,Federal Contract Tower,5,21,5,0,31,1,4,0,0,5,6,25,5,0,36,0,0,0,36
01/04/2000,BMI,IL,AGL,CE,Federal Contract Tower,8,35,15,0,58,1,3,1,0,5,9,38,16,0,63,0,0,0,63
01/05/2000,BMI,IL,AGL,CE,Federal Contract Tower,9,40,18,0,67,0,0,41,2,43,9,40,59,2,110,64,0,64,174
01/06/2000,BMI,IL,AGL,CE,Federal Contract Tower,8,45,21,0,74,0,0,41,0,41,8,45,62,0,115,108,0,108,223
01/07/2000,BMI,IL,AGL,CE,Federal Contract Tower,9,42,19,0,70,0,0,47,0,47,9,42,66,0,117,70,0,70,187
01/08/2000,BMI,IL,AGL,CE,Federal Contract Tower,8,39,17,0,64,0,0,51,0,51,8,39,68,0,115,100,0,100,215
01/09/2000,BMI,IL,AGL,CE,Federal Contract Tower,6,25,7,0,38,4,0,0,0,4,10,25,7,0,42,0,0,0,42
01/10/2000,BMI,IL,AGL,CE,Federal Contract Tower,9,38,16,0,63,1,6,10,0,17,10,44,26,0,80,4,0,4,84
01/11/2000,BMI,IL,AGL,CE,Federal Contract Tower,7,47,22,0,76,0,0,20,0,20,7,47,42,0,96,14,0,14,110
01/12/2000,BMI,IL,AGL,CE,Federal Contract Tower,7,39,19,0,65,0,0,38,0,38,7,39,57,0,103,18,0,18,121
01/13/2000,BMI,IL,AGL,CE,Federal Contract Tower,8,42,19,0,69,0,0,25,0,25,8,42,44,0,94,8,0,8,102
01/14/2000,BMI,IL,AGL,CE,Federal Contract Tower,9,43,19,0,71,0,2,50,0,52,9,45,69,0,123,38,0,38,161
01/15/2000,BMI,IL,AGL,CE,Federal Contract Tower,8,37,16,0,61,0,1,70,0,71,8,38,86,0,132,162,0,162,294
01/16/2000,BMI,IL,AGL,CE,Federal Contract Tower,9,36,17,0,62,0,0,45,0,45,9,36,62,0,107,104,0,104,211
01/17/2000,BMI,IL,AGL,CE,Federal Contract Tower,7,27,10,0,44,0,4,0,0,4,7,31,10,0,48,62,0,62,110
01/18/2000,BMI,IL,AGL,CE,Federal Contract Tower,9,39,17,0,65,1,0,15,0,16,10,39,32,0,81,28,0,28,109
01/19/2000,BMI,IL,AGL,CE,Federal Contract Tower,6,24,12,0,42,1,0,14,0,15,7,24,26,0,57,90,0,90,147
01/20/2000,BMI,IL,AGL,CE,Federal Contract Tower,7,36,15,1,59,0,0,13,1,14,7,36,28,2,73,2,0,2,75
01/21/2000,BMI,IL,AGL,CE,Federal Contract Tower,8,39,16,1,64,2,2,26,2,32,10,41,42,3,96,46,0,46,142
01/22/2000,BMI,IL,AGL,CE,Federal Contract Tower,6,31,10,0,47,3,3,0,0,6,9,34,10,0,53,4,0,4,57
01/23/2000,BMI,IL,AGL,CE,Federal Contract Tower,6,28,11,0,45,6,3,22,0,31,12,31,33,0,76,38,0,38,114
01/24/2000,BMI,IL,AGL,CE,Federal Contract Tower,8,36,14,0,58,0,4,22,0,26,8,40,36,0,84,60,0,60,144
01/25/2000,BMI,IL,AGL,CE,Federal Contract Tower,8,41,18,0,67,0,0,18,0,18,8,41,36,0,85,2,0,2,87
01/26/2000,BMI,IL,AGL,CE,Federal Contract Tower,8,44,18,0,70,0,0,34,0,34,8,44,52,0,104,94,0,94,198
01/27/2000,BMI,IL,AGL,CE,Federal Contract Tower,8,39,15,0,62,0,4,42,0,46,8,43,57,0,108,104,0,104,212
01/28/2000,BMI,IL,AGL,CE,Federal Contract Tower,8,44,20,0,72,0,0,34,4,38,8,44,54,4,110,168,0,168,278
01/29/2000,BMI,IL,AGL,CE,Federal Contract Tower,4,21,9,0,34,0,1,1,0,2,4,22,10,0,36,32,0,32,68
01/30/2000,BMI,IL,AGL,CE,Federal Contract Tower,5,25,6,0,36,3,1,0,0,4,8,26,6,0,40,0,0,0,40
01/31/2000,BMI,IL,AGL,CE,Federal Contract Tower,8,38,16,0,62,0,0,10,0,10,8,38,26,0,72,0,0,0,72
02/01/2000,BMI,IL,AGL,CE,Federal Contract Tower,8,40,28,0,76,0,0,36,0,36,8,40,64,0,112,88,0,88,200
02/02/2000,BMI,IL,AGL,CE,Federal Contract Tower,8,42,25,0,75,0,0,10,0,10,8,42,35,0,85,8,0,8,93
02/03/2000,BMI,IL,AGL,CE,Federal Contract Tower,7,35,20,0,62,1,2,14,0,17,8,37,34,0,79,44,0,44,123
02/04/2000,BMI,IL,AGL,CE,Federal Contract Tower,7,34,19,0,60,1,7,0,0,8,8,41,19,0,68,46,4,50,118
02/05/2000,BMI,IL,AGL,CE,Federal Contract Tower,6,34,19,0,59,0,3,28,2,33,6,37,47,2,92,156,0,156,248
02/06/2000,BMI,IL,AGL,CE,Federal Contract Tower,7,33,19,0,59,3,0,41,0,44,10,33,60,0,103,128,2,130,233
02/07/2000,BMI,IL,AGL,CE,Federal Contract Tower,8,37,21,0,66,1,0,6,0,7,9,37,27,0,73,0,0,0,73
02/08/2000,BMI,IL,AGL,CE,Federal Contract Tower,8,41,29,0,78,0,0,21,0,21,8,41,50,0,99,48,0,48,147
02/09/2000,BMI,IL,AGL,CE,Federal Contract Tower,8,43,25,0,76,0,2,44,0,46,8,45,69,0,122,160,0,160,282
02/10/2000,BMI,IL,AGL,CE,Federal Contract Tower,9,41,25,0,75,0,0,2,2,4,9,41,27,2,79,32,0,32,111
02/11/2000,BMI,IL,AGL,CE,Federal Contract Tower,8,40,23,0,71,0,3,24,0,27,8,43,47,0,98,90,0,90,188
02/12/2000,BMI,IL,AGL,CE,Federal Contract Tower,7,37,22,0,66,1,1,120,2,124,8,38,142,2,190,200,2,202,392
02/13/2000,BMI,IL,AGL,CE,Federal Contract Tower,1,7,5,0,13,1,0,1,0,2,2,7,6,0,15,0,0,0,15
02/14/2000,BMI,IL,AGL,CE,Federal Contract Tower,6,41,25,0,72,0,1,5,0,6,6,42,30,0,78,0,0,0,78
02/15/2000,BMI,IL,AGL,CE,Federal Contract Tower,8,46,27,0,81,1,1,19,0,21,9,47,46,0,102,8,0,8,110
02/16/2000,BMI,IL,AGL,CE,Federal Contract Tower,6,42,23,0,71,0,3,18,0,21,6,45,41,0,92,94,0,94,186
02/17/2000,BMI,IL,AGL,CE,Federal Contract Tower,8,44,23,0,75,0,2,14,0,16,8,46,37,0,91,24,0,24,115
02/18/2000,BMI,IL,AGL,CE,Federal Contract Tower,1,9,5,0,15,3,2,2,0,7,4,11,7,0,22,0,0,0,22
02/19/2000,BMI,IL,AGL,CE,Federal Contract Tower,6,33,18,0,57,1,8,10,0,19,7,41,28,0,76,64,0,64,140
02/20/2000,BMI,IL,AGL,CE,Federal Contract Tower,6,33,19,0,58,1,6,104,0,111,7,39,123,0,169,36,0,36,205
02/21/2000,BMI,IL,AGL,CE,Federal Contract Tower,7,39,22,0,68,1,7,36,0,44,8,46,58,0,112,40,0,40,152
02/22/2000,BMI,IL,AGL,CE,Federal Contract Tower,8,44,29,0,81,0,0,40,2,42,8,44,69,2,123,68,0,68,191
02/23/2000,BMI,IL,AGL,CE,Federal Contract Tower,4,46,28,0,78,0,0,18,0,18,4,46,46,0,96,10,0,10,106
02/24/2000,BMI,IL,AGL,CE,Federal Contract Tower,8,41,25,0,74,0,0,18,2,20,8,41,43,2,94,60,0,60,154
02/25/2000,BMI,IL,AGL,CE,Federal Contract Tower,7,40,24,0,71,1,0,10,0,11,8,40,34,0,82,4,0,4,86
02/26/2000,BMI,IL,AGL,CE,Federal Contract Tower,6,33,16,0,55,0,6,0,0,6,6,39,16,0,61,8,0,8,69
02/27/2000,BMI,IL,AGL,CE,Federal Contract Tower,6,37,22,0,65,0,5,44,0,49,6,42,66,0,114,70,0,70,184
02/28/2000,BMI,IL,AGL,CE,Federal Contract Tower,8,41,34,0,83,0,0,70,0,70,8,41,104,0,153,106,0,106,259
02/29/2000,BMI,IL,AGL,CE,Federal Contract Tower,7,43,25,0,75,0,1,21,0,22,7,44,46,0,97,28,0,28,125
03/01/2000,BMI,IL,AGL,CE,Federal Contract Tower,8,42,27,0,77,0,1,25,0,26,8,43,52,0,103,78,0,78,181
03/02/2000,BMI,IL,AGL,CE,Federal Contract Tower,8,45,29,0,82,0,4,79,2,85,8,49,108,2,167,156,0,156,323
03/03/2000,BMI,IL,AGL,CE,Federal Contract Tower,9,39,24,0,72,0,0,56,0,56,9,39,80,0,128,158,0,158,286
03/04/2000,BMI,IL,AGL,CE,Federal Contract Tower,9,35,25,0,69,1,0,125,0,126,10,35,150,0,195,164,0,164,359
03/05/2000,BMI,IL,AGL,CE,Federal Contract Tower,7,32,20,0,59,0,5,71,0,76,7,37,91,0,135,36,0,36,171
03/06/2000,BMI,IL,AGL,CE,Federal Contract Tower,9,39,25,0,73,1,0,55,2,58,10,39,80,2,131,66,0,66,197
03/07/2000,BMI,IL,AGL,CE,Federal Contract Tower,10,43,27,0,80,0,6,39,2,47,10,49,66,2,127,24,2,26,153
03/08/2000,BMI,IL,AGL,CE,Federal Contract Tower,8,42,26,0,76,0,7,16,0,23,8,49,42,0,99,46,0,46,145
03/09/2000,BMI,IL,AGL,CE,Federal Contract Tower,8,40,27,0,75,0,0,6,4,10,8,40,33,4,85,34,6,40,125
03/10/2000,BMI,IL,AGL,CE,Federal Contract Tower,9,40,26,0,75,2,3,13,10,28,11,43,39,10,103,62,0,62,165
03/11/2000,BMI,IL,AGL,CE,Federal Contract Tower,6,24,14,0,44,3,11,10,0,24,9,35,24,0,68,84,0,84,152
03/12/2000,BMI,IL,AGL,CE,Federal Contract Tower,8,34,22,0,64,0,0,46,0,46,8,34,68,0,110,28,12,40,150
03/13/2000,BMI,IL,AGL,CE,Federal Contract Tower,7,42,27,0,76,0,5,15,0,20,7,47,42,0,96,58,0,58,154
03/14/2000,BMI,IL,AGL,CE,Federal Contract Tower,6,40,24,1,71,0,4,38,1,43,6,44,62,2,114,136,0,136,250
03/15/2000,BMI,IL,AGL,CE,Federal Contract Tower,8,35,23,0,66,5,0,30,0,35,13,35,53,0,101,94,0,94,195
03/16/2000,BMI,IL,AGL,CE,Federal Contract Tower,8,40,24,0,72,0,0,11,0,11,8,40,35,0,83,4,0,4,87
03/17/2000,BMI,IL,AGL,CE,Federal Contract Tower,8,39,24,0,71,2,0,46,0,48,10,39,70,0,119,64,0,64,183
03/18/2000,BMI,IL,AGL,CE,Federal Contract Tower,6,33,20,1,60,2,3,15,3,23,8,36,35,4,83,146,0,146,229
03/19/2000,BMI,IL,AGL,CE,Federal Contract Tower,5,27,13,1,46,1,0,0,1,2,6,27,13,2,48,0,0,0,48
03/20/2000,BMI,IL,AGL,CE,Federal Contract Tower,6,38,23,0,67,0,0,5,0,5,6,38,28,0,72,0,0,0,72
03/21/2000,BMI,IL,AGL,CE,Federal Contract Tower,8,43,28,0,79,0,0,15,0,15,8,43,43,0,94,78,0,78,172
03/22/2000,BMI,IL,AGL,CE,Federal Contract Tower,7,53,32,0,92,0,6,50,0,56,7,59,82,0,148,152,0,152,300
03/23/2000,BMI,IL,AGL,CE,Federal Contract Tower,11,52,31,0,94,1,5,58,0,64,12,57,89,0,158,128,0,128,286
03/24/2000,BMI,IL,AGL,CE,Federal Contract Tower,8,40,23,0,71,3,8,14,0,25,11,48,37,0,96,10,0,10,106
03/25/2000,BMI,IL,AGL,CE,Federal Contract Tower,5,29,17,0,51,7,10,21,0,38,12,39,38,0,89,48,0,48,137
03/26/2000,BMI,IL,AGL,CE,Federal Contract Tower,6,34,21,0,61,1,0,39,0,40,7,34,60,0,101,34,0,34,135
03/27/2000,BMI,IL,AGL,CE,Federal Contract Tower,7,38,24,0,69,1,14,16,0,31,8,52,40,0,100,14,0,14,114
03/28/2000,BMI,IL,AGL,CE,Federal Contract Tower,8,40,25,0,73,0,1,29,1,31,8,41,54,1,104,10,0,10,114
03/29/2000,BMI,IL,AGL,CE,Federal Contract Tower,6,39,24,0,69,0,16,65,0,81,6,55,89,0,150,152,0,152,302
03/30/2000,BMI,IL,AGL,CE,Federal Contract Tower,7,38,23,0,68,4,6,55,0,65,11,44,78,0,133,148,0,148,281
03/31/2000,BMI,IL,AGL,CE,Federal Contract Tower,8,40,25,0,73,0,0,67,2,69,8,40,92,2,142,112,0,112,254
04/01/2000,BMI,IL,AGL,CE,Federal Contract Tower,8,33,22,0,63,2,0,24,0,26,10,33,46,0,89,134,0,134,223
04/02/2000,BMI,IL,AGL,CE,Federal Contract Tower,8,33,21,0,62,0,0,39,0,39,8,33,60,0,101,56,0,56,157
04/03/2000,BMI,IL,AGL,CE,Federal Contract Tower,8,41,23,0,72,0,0,18,5,23,8,41,41,5,95,56,0,56,151
04/04/2000,BMI,IL,AGL,CE,Federal Contract Tower,8,41,24,0,73,0,0,38,2,40,8,41,62,2,113,10,0,10,123
04/05/2000,BMI,IL,AGL,CE,Federal Contract Tower,8,36,19,0,63,0,4,10,0,14,8,40,29,0,77,22,0,22,99
04/06/2000,BMI,IL,AGL,CE,Federal Contract Tower,8,42,23,0,73,0,0,33,0,33,8,42,56,0,106,49,0,49,155
04/07/2000,BMI,IL,AGL,CE,Federal Contract Tower,6,30,17,0,53,0,8,4,2,14,6,38,21,2,67,0,0,0,67
04/08/2000,BMI,IL,AGL,CE,Federal Contract Tower,6,29,16,0,51,0,10,4,0,14,6,39,20,0,65,12,0,12,77
04/09/2000,BMI,IL,AGL,CE,Federal Contract Tower,7,31,17,0,55,1,4,33,0,38,8,35,50,0,93,37,1,38,131
04/10/2000,BMI,IL,AGL,CE,Federal Contract Tower,9,41,23,0,73,1,1,15,0,17,10,42,38,0,90,14,0,14,104
04/11/2000,BMI,IL,AGL,CE,Federal Contract Tower,9,47,27,0,83,0,0,10,0,10,9,47,37,0,93,0,0,0,93
04/12/2000,BMI,IL,AGL,CE,Federal Contract Tower,9,47,27,0,83,0,0,73,2,75,9,47,100,2,158,132,8,140,298
04/13/2000,BMI,IL,AGL,CE,Federal Contract Tower,8,41,24,0,73,2,0,41,0,43,10,41,65,0,116,88,0,88,204
04/14/2000,BMI,IL,AGL,CE,Federal Contract Tower,8,44,24,0,76,0,8,41,0,49,8,52,65,0,125,24,0,24,149
04/15/2000,BMI,IL,AGL,CE,Federal Contract Tower,7,37,20,0,64,1,0,42,0,43,8,37,62,0,107,104,0,104,211
04/16/2000,BMI,IL,AGL,CE,Federal Contract Tower,5,26,10,0,41,3,4,0,0,7,8,30,10,0,48,0,0,0,48
04/17/2000,BMI,IL,AGL,CE,Federal Contract Tower,9,43,26,0,78,1,0,4,0,5,10,43,30,0,83,0,0,0,83
04/18/2000,BMI,IL,AGL,CE,Federal Contract Tower,8,2,23,0,33,0,0,28,0,28,8,2,51,0,61,86,0,86,147
04/19/2000,BMI,IL,AGL,CE,Federal Contract Tower,7,29,18,0,54,2,0,14,0,16,9,29,32,0,70,32,0,32,102
04/20/2000,BMI,IL,AGL,CE,Federal Contract Tower,5,23,14,0,42,3,0,11,0,14,8,23,25,0,56,0,0,0,56
04/21/2000,BMI,IL,AGL,CE,Federal Contract Tower,5,35,18,0,58,0,6,27,0,33,5,41,45,0,91,14,0,14,105
04/22/2000,BMI,IL,AGL,CE,Federal Contract Tower,6,33,17,0,56,1,12,81,0,94,7,45,98,0,150,112,0,112,262
04/23/2000,BMI,IL,AGL,CE,Federal Contract Tower,6,30,15,0,51,0,7,10,0,17,6,37,25,0,68,8,0,8,76
04/24/2000,BMI,IL,AGL,CE,Federal Contract Tower,8,44,23,0,75,0,2,63,0,65,8,46,86,0,140,54,0,54,194
04/25/2000,BMI,IL,AGL,CE,Federal Contract Tower,8,42,22,1,73,0,0,58,9,67,8,42,80,10,140,88,0,88,228
04/26/2000,BMI,IL,AGL,CE,Federal Contract Tower,7,40,21,0,68,0,4,63,0,67,7,44,84,0,135,136,0,136,271
04/27/2000,BMI,IL,AGL,CE,Federal Contract Tower,7,37,18,0,62,0,18,44,0,62,7,55,62,0,124,142,10,152,276
04/28/2000,BMI,IL,AGL,CE,Federal Contract Tower,7,40,22,0,69,0,0,29,0,29,7,40,51,0,98,74,0,74,172
04/29/2000,BMI,IL,AGL,CE,Federal Contract Tower,6,33,17,0,56,1,25,42,0,68,7,58,59,0,124,112,0,112,236
04/30/2000,BMI,IL,AGL,CE,Federal Contract Tower,6,33,17,0,56,2,4,69,0,75,8,37,86,0,131,72,0,72,203
05/01/2000,BMI,IL,AGL,CE,Federal Contract Tower,11,30,22,0,63,0,6,1,0,7,11,36,23,0,70,0,0,0,70
05/02/2000,BMI,IL,AGL,CE,Federal Contract Tower,10,30,22,0,62,0,7,46,0,53,10,37,68,0,115,120,0,120,235
05/03/2000,BMI,IL,AGL,CE,Federal Contract Tower,12,32,26,0,70,0,0,44,0,44,12,32,70,0,114,72,0,72,186
05/04/2000,BMI,IL,AGL,CE,Federal Contract Tower,10,32,24,0,66,0,10,49,3,62,10,42,73,3,128,42,4,46,174
05/05/2000,BMI,IL,AGL,CE,Federal Contract Tower,12,31,23,0,66,0,0,38,0,38,12,31,61,0,104,14,0,14,118
05/06/2000,BMI,IL,AGL,CE,Federal Contract Tower,9,24,18,0,51,0,6,24,0,30,9,30,42,0,81,84,0,84,165
05/07/2000,BMI,IL,AGL,CE,Federal Contract Tower,9,24,18,0,51,1,3,9,0,13,10,27,27,0,64,8,0,8,72
05/08/2000,BMI,IL,AGL,CE,Federal Contract Tower,11,28,20,0,59,4,0,16,0,20,15,28,36,0,79,22,0,22,101
05/09/2000,BMI,IL,AGL,CE,Federal Contract Tower,8,32,23,0,63,0,4,2,0,6,8,36,25,0,69,8,0,8,77
05/10/2000,BMI,IL,AGL,CE,Federal Contract Tower,12,32,24,0,68,0,2,50,24,76,12,34,74,24,144,79,0,79,223
05/11/2000,BMI,IL,AGL,CE,Federal Contract Tower,10,26,21,0,57,0,0,14,0,14,10,26,35,0,71,10,0,10,81
05/12/2000,BMI,IL,AGL,CE,Federal Contract Tower,11,26,21,0,58,1,0,17,0,18,12,26,38,0,76,34,0,34,110
05/13/2000,BMI,IL,AGL,CE,Federal Contract Tower,9,24,18,0,51,0,7,117,0,124,9,31,135,0,175,110,0,110,285
05/14/2000,BMI,IL,AGL,CE,Federal Contract Tower,9,23,16,0,48,2,7,52,1,62,11,30,68,1,110,70,0,70,180
05/15/2000,BMI,IL,AGL,CE,Federal Contract Tower,12,30,24,0,66,0,0,73,1,74,12,30,97,1,140,110,0,110,250
05/16/2000,BMI,IL,AGL,CE,Federal Contract Tower,12,33,24,0,69,0,0,34,2,36,12,33,58,2,105,62,0,62,167
05/17/2000,BMI,IL,AGL,CE,Federal Contract Tower,12,31,21,0,64,2,1,10,0,13,14,32,31,0,77,66,0,66,143
05/18/2000,BMI,IL,AGL,CE,Federal Contract Tower,9,23,21,0,53,0,0,19,0,19,9,23,40,0,72,46,0,46,118
05/19/2000,BMI,IL,AGL,CE,Federal Contract Tower,15,42,30,0,87,0,0,17,0,17,15,42,47,0,104,30,0,30,134
05/20/2000,BMI,IL,AGL,CE,Federal Contract Tower,9,27,19,1,56,0,1,166,1,168,9,28,185,2,224,118,0,118,342
05/21/2000,BMI,IL,AGL,CE,Federal Contract Tower,7,23,15,1,46,0,8,54,9,71,7,31,69,10,117,60,0,60,177
05/22/2000,BMI,IL,AGL,CE,Federal Contract Tower,11,32,21,0,64,1,0,27,0,28,12,32,48,0,92,36,0,36,128
05/23/2000,BMI,IL,AGL,CE,Federal Contract Tower,11,33,24,1,69,0,0,54,1,55,11,33,78,2,124,126,7,133,257
05/24/2000,BMI,IL,AGL,CE,Federal Contract Tower,11,32,22,0,65,1,3,56,0,60,12,35,78,0,125,38,0,38,163
05/25/2000,BMI,IL,AGL,CE,Federal Contract Tower,11,33,23,0,67,4,7,90,108,209,15,40,113,108,276,108,0,108,384
05/26/2000,BMI,IL,AGL,CE,Federal Contract Tower,10,26,4,0,40,0,0,0,2,2,10,26,4,2,42,40,0,40,82
05/27/2000,BMI,IL,AGL,CE,Federal Contract Tower,8,25,17,0,50,1,2,7,0,10,9,27,24,0,60,12,0,12,72
05/28/2000,BMI,IL,AGL,CE,Federal Contract Tower,5,26,19,0,50,0,2,3,0,5,5,28,22,0,55,10,0,10,65
05/29/2000,BMI,IL,AGL,CE,Federal Contract Tower,10,28,20,0,58,2,3,81,0,86,12,31,101,0,144,156,0,156,300
05/30/2000,BMI,IL,AGL,CE,Federal Contract Tower,11,30,21,0,62,2,0,25,0,27,13,30,46,0,89,56,0,56,145
05/31/2000,BMI,IL,AGL,CE,Federal Contract Tower,8,20,17,0,45,5,0,20,0,25,13,20,37,0,70,46,0,46,116
06/01/2000,BMI,IL,AGL,CE,Federal Contract Tower,12,24,23,0,59,2,3,30,1,36,14,27,53,1,95,52,0,52,147
06/02/2000,BMI,IL,AGL,CE,Federal Contract Tower,12,25,23,0,60,0,0,45,0,45,12,25,68,0,105,36,0,36,141
06/03/2000,BMI,IL,AGL,CE,Federal Contract Tower,8,20,19,0,47,0,5,124,0,129,8,25,143,0,176,222,0,222,398
06/04/2000,BMI,IL,AGL,CE,Federal Contract Tower,11,20,19,0,50,1,5,23,0,29,12,25,42,0,79,60,0,60,139
06/05/2000,BMI,IL,AGL,CE,Federal Contract Tower,13,26,24,0,63,1,3,6,0,10,14,29,30,0,73,26,0,26,99
06/06/2000,BMI,IL,AGL,CE,Federal Contract Tower,14,35,55,1,105,0,0,41,0,41,14,35,96,1,146,129,0,129,275
06/07/2000,BMI,IL,AGL,CE,Federal Contract Tower,14,29,27,0,70,0,5,59,4,68,14,34,86,4,138,156,0,156,294
06/08/2000,BMI,IL,AGL,CE,Federal Contract Tower,13,25,24,0,62,3,5,49,2,59,16,30,73,2,121,96,0,96,217
06/09/2000,BMI,IL,AGL,CE,Federal Contract Tower,14,33,31,0,78,0,2,77,0,79,14,35,108,0,157,64,0,64,221
06/10/2000,BMI,IL,AGL,CE,Federal Contract Tower,11,21,20,0,52,1,6,70,0,77,12,27,90,0,129,102,0,102,231
06/11/2000,BMI,IL,AGL,CE,Federal Contract Tower,13,29,30,0,72,0,0,8,0,8,13,29,38,0,80,0,0,0,80
06/12/2000,BMI,IL,AGL,CE,Federal Contract Tower,14,29,30,1,74,0,0,20,3,23,14,29,50,4,97,82,4,86,183
06/13/2000,BMI,IL,AGL,CE,Federal Contract Tower,13,27,28,0,68,0,0,15,0,15,13,27,43,0,83,76,0,76,159
06/14/2000,BMI,IL,AGL,CE,Federal Contract Tower,14,29,27,1,71,0,0,12,1,13,14,29,39,2,84,16,4,20,104
06/15/2000,BMI,IL,AGL,CE,Federal Contract Tower,13,30,26,0,69,1,3,62,0,66,14,33,88,0,135,68,0,68,203
06/16/2000,BMI,IL,AGL,CE,Federal Contract Tower,11,25,21,0,57,4,0,19,0,23,15,25,40,0,80,78,0,78,158
06/17/2000,BMI,IL,AGL,CE,Federal Contract Tower,10,25,22,1,58,0,0,71,1,72,10,25,93,2,130,138,0,138,268
06/18/2000,BMI,IL,AGL,CE,Federal Contract Tower,9,20,18,1,48,5,4,58,1,68,14,24,76,2,116,30,8,38,154
06/19/2000,BMI,IL,AGL,CE,Federal Contract Tower,13,35,30,0,78,0,0,69,0,69,13,35,99,0,147,240,0,240,387
06/20/2000,BMI,IL,AGL,CE,Federal Contract Tower,11,23,19,1,54,3,7,0,1,11,14,30,19,2,65,10,0,10,75
06/21/2000,BMI,IL,AGL,CE,Federal Contract Tower,13,28,25,0,66,2,7,21,0,30,15,35,46,0,96,62,10,72,168
06/22/2000,BMI,IL,AGL,CE,Federal Contract Tower,15,28,29,0,72,3,0,80,0,83,18,28,109,0,155,108,0,108,263
06/23/2000,BMI,IL,AGL,CE,Federal Contract Tower,12,25,24,0,61,2,0,66,0,68,14,25,90,0,129,83,0,83,212
06/24/2000,BMI,IL,AGL,CE,Federal Contract Tower,9,21,18,0,48,1,4,20,0,25,10,25,38,0,73,52,0,52,125
06/25/2000,BMI,IL,AGL,CE,Federal Contract Tower,15,26,28,0,69,0,0,77,0,77,15,26,105,0,146,42,0,42,188
06/26/2000,BMI,IL,AGL,CE,Federal Contract Tower,11,23,23,0,57,3,0,16,0,19,14,23,39,0,76,8,0,8,84
06/27/2000,BMI,IL,AGL,CE,Federal Contract Tower,12,25,23,0,60,2,2,53,0,57,14,27,76,0,117,100,0,100,217
06/28/2000,BMI,IL,AGL,CE,Federal Contract Tower,14,33,30,0,77,0,2,33,10,45,14,35,63,10,122,44,2,46,168
06/29/2000,BMI,IL,AGL,CE,Federal Contract Tower,14,28,27,0,69,2,0,51,0,53,16,28,78,0,122,70,0,70,192
06/30/2000,BMI,IL,AGL,CE,Federal Contract Tower,5,12,11,0,28,10,22,87,0,119,15,34,98,0,147,76,0,76,223
07/01/2000,BMI,IL,AGL,CE,Federal Contract Tower,12,20,20,0,52,0,0,61,0,61,12,20,81,0,113,40,0,40,153
07/02/2000,BMI,IL,AGL,CE,Federal Contract Tower,12,20,21,0,53,6,0,12,0,18,18,20,33,0,71,12,0,12,83
07/03/2000,BMI,IL,AGL,CE,Federal Contract Tower,12,23,22,0,57,0,1,25,0,26,12,24,47,0,83,82,0,82,165
07/04/2000,BMI,IL,AGL,CE,Federal Contract Tower,8,20,19,0,47,0,0,4,0,4,8,20,23,0,51,2,0,2,53
07/05/2000,BMI,IL,AGL,CE,Federal Contract Tower,12,24,22,0,58,0,2,10,1,13,12,26,32,1,71,64,0,64,135
07/06/2000,BMI,IL,AGL,CE,Federal Contract Tower,10,29,28,0,67,0,2,30,3,35,10,31,58,3,102,72,3,75,177
07/07/2000,BMI,IL,AGL,CE,Federal Contract Tower,15,27,25,0,67,0,0,64,3,67,15,27,89,3,134,72,14,86,220
07/08/2000,BMI,IL,AGL,CE,Federal Contract Tower,10,22,20,0,52,0,2,75,6,83,10,24,95,6,135,52,2,54,189
07/09/2000,BMI,IL,AGL,CE,Federal Contract Tower,15,21,25,0,61,1,0,64,14,79,16,21,89,14,140,32,0,32,172
07/10/2000,BMI,IL,AGL,CE,Federal Contract Tower,15,28,27,0,70,0,2,5,2,9,15,30,32,2,79,10,6,16,95
07/11/2000,BMI,IL,AGL,CE,Federal Contract Tower,11,29,28,0,68,0,2,20,1,23,11,31,48,1,91,70,0,70,161
07/12/2000,BMI,IL,AGL,CE,Federal Contract Tower,12,25,24,0,61,0,4,26,0,30,12,29,50,0,91,42,0,42,133
07/13/2000,BMI,IL,AGL,CE,Federal Contract Tower,14,28,26,0,68,0,2,48,0,50,14,30,74,0,118,118,0,118,236
07/14/2000,BMI,IL,AGL,CE,Federal Contract Tower,14,29,27,0,70,0,1,75,0,76,14,30,102,0,146,100,0,100,246
07/15/2000,BMI,IL,AGL,CE,Federal Contract Tower,10,22,21,0,53,0,2,105,0,107,10,24,126,0,160,122,0,122,282
07/16/2000,BMI,IL,AGL,CE,Federal Contract Tower,9,17,17,0,43,5,7,81,0,93,14,24,98,0,136,62,0,62,198
07/17/2000,BMI,IL,AGL,CE,Federal Contract Tower,11,22,20,1,54,4,2,46,1,53,15,24,66,2,107,100,0,100,207
07/18/2000,BMI,IL,AGL,CE,Federal Contract Tower,14,28,24,0,66,2,1,39,0,42,16,29,63,0,108,44,0,44,152
07/19/2000,BMI,IL,AGL,CE,Federal Contract Tower,13,28,27,0,68,0,0,25,0,25,13,28,52,0,93,64,6,70,163
07/20/2000,BMI,IL,AGL,CE,Federal Contract Tower,13,22,23,0,58,1,0,5,0,6,14,22,28,0,64,144,0,144,208
07/21/2000,BMI,IL,AGL,CE,Federal Contract Tower,16,27,27,0,70,0,0,6,0,6,16,27,33,0,76,56,0,56,132
07/22/2000,BMI,IL,AGL,CE,Federal Contract Tower,12,24,21,0,57,0,0,116,0,116,12,24,137,0,173,144,0,144,317
07/23/2000,BMI,IL,AGL,CE,Federal Contract Tower,13,23,22,0,58,2,0,83,0,85,15,23,105,0,143,102,0,102,245
07/24/2000,BMI,IL,AGL,CE,Federal Contract Tower,11,21,18,0,50,4,1,72,0,77,15,22,90,0,127,144,0,144,271
07/25/2000,BMI,IL,AGL,CE,Federal Contract Tower,13,25,23,0,61,2,0,51,0,53,15,25,74,0,114,86,0,86,200
07/26/2000,BMI,IL,AGL,CE,Federal Contract Tower,14,26,27,0,67,2,0,42,0,44,16,26,69,0,111,114,0,114,225
07/27/2000,BMI,IL,AGL,CE,Federal Contract Tower,13,27,24,0,64,1,0,38,0,39,14,27,62,0,103,168,0,168,271
07/28/2000,BMI,IL,AGL,CE,Federal Contract Tower,10,22,20,0,52,0,0,1,0,1,10,22,21,0,53,64,0,64,117
07/29/2000,BMI,IL,AGL,CE,Federal Contract Tower,9,24,25,0,58,0,0,14,0,14,9,24,39,0,72,36,0,36,108
07/30/2000,BMI,IL,AGL,CE,Federal Contract Tower,12,24,21,0,57,0,1,16,0,17,12,25,37,0,74,50,0,50,124
07/31/2000,BMI,IL,AGL,CE,Federal Contract Tower,13,26,23,0,62,1,2,60,0,63,14,28,83,0,125,176,0,176,301
08/01/2000,BMI,IL,AGL,CE,Federal Contract Tower,14,27,27,0,68,0,0,60,0,60,14,27,87,0,128,102,0,102,230
08/02/2000,BMI,IL,AGL,CE,Federal Contract Tower,11,25,22,0,58,0,7,34,0,41,11,32,56,0,99,146,0,146,245
08/03/2000,BMI,IL,AGL,CE,Federal Contract Tower,13,27,25,0,65,0,0,77,0,77,13,27,102,0,142,130,0,130,272
08/04/2000,BMI,IL,AGL,CE,Federal Contract Tower,13,30,27,0,70,0,0,65,0,65,13,30,92,0,135,106,0,106,241
08/05/2000,BMI,IL,AGL,CE,Federal Contract Tower,10,19,18,0,47,2,0,26,0,28,12,19,44,0,75,14,0,14,89
08/06/2000,BMI,IL,AGL,CE,Federal Contract Tower,10,19,16,0,45,0,5,25,0,30,10,24,41,0,75,20,0,20,95
08/07/2000,BMI,IL,AGL,CE,Federal Contract Tower,12,25,22,0,59,0,2,47,2,51,12,27,69,2,110,158,0,158,268
08/08/2000,BMI,IL,AGL,CE,Federal Contract Tower,12,22,21,0,55,2,0,25,2,29,14,22,46,2,84,58,0,58,142
08/09/2000,BMI,IL,AGL,CE,Federal Contract Tower,12,28,26,0,66,0,0,36,0,36,12,28,62,0,102,56,0,56,158
08/10/2000,BMI,IL,AGL,CE,Federal Contract Tower,12,28,25,0,65,0,5,64,2,71,12,33,89,2,136,182,0,182,318
08/11/2000,BMI,IL,AGL,CE,Federal Contract Tower,14,27,26,0,67,0,0,58,0,58,14,27,84,0,125,108,0,108,233
08/12/2000,BMI,IL,AGL,CE,Federal Contract Tower,9,19,17,0,45,1,5,53,0,59,10,24,70,0,104,62,0,62,166
08/13/2000,BMI,IL,AGL,CE,Federal Contract Tower,10,22,20,0,52,4,1,13,0,18,14,23,33,0,70,50,0,50,120
08/14/2000,BMI,IL,AGL,CE,Federal Contract Tower,10,30,26,0,66,0,0,60,0,60,10,30,86,0,126,162,0,162,288
08/15/2000,BMI,IL,AGL,CE,Federal Contract Tower,9,23,19,1,52,0,9,67,5,81,9,32,86,6,133,144,4,148,281
08/16/2000,BMI,IL,AGL,CE,Federal Contract Tower,14,31,31,1,77,0,0,38,7,45,14,31,69,8,122,116,0,116,238
08/17/2000,BMI,IL,AGL,CE,Federal Contract Tower,15,25,26,1,67,1,0,23,3,27,16,25,49,4,94,122,0,122,216
08/18/2000,BMI,IL,AGL,CE,Federal Contract Tower,11,21,19,1,52,5,0,32,3,40,16,21,51,4,92,22,0,22,114
08/19/2000,BMI,IL,AGL,CE,Federal Contract Tower,10,21,17,0,48,2,2,76,0,80,12,23,93,0,128,128,10,138,266
08/20/2000,BMI,IL,AGL,CE,Federal Contract Tower,11,24,14,0,49,3,0,0,0,3,14,24,14,0,52,58,2,60,112
08/21/2000,BMI,IL,AGL,CE,Federal Contract Tower,13,28,22,0,63,1,0,38,0,39,14,28,60,0,102,68,0,68,170
08/22/2000,BMI,IL,AGL,CE,Federal Contract Tower,12,25,22,0,59,2,0,11,0,13,14,25,33,0,72,40,0,40,112
08/23/2000,BMI,IL,AGL,CE,Federal Contract Tower,10,21,17,0,48,4,4,17,0,25,14,25,34,0,73,50,0,50,123
08/24/2000,BMI,IL,AGL,CE,Federal Contract Tower,14,30,30,0,74,0,0,30,0,30,14,30,60,0,104,36,0,36,140
08/25/2000,BMI,IL,AGL,CE,Federal Contract Tower,11,23,20,0,54,3,5,47,0,55,14,28,67,0,109,86,0,86,195
08/26/2000,BMI,IL,AGL,CE,Federal Contract Tower,10,22,19,0,51,0,1,12,0,13,10,23,31,0,64,50,0,50,114
08/27/2000,BMI,IL,AGL,CE,Federal Contract Tower,12,26,23,0,61,2,0,25,0,27,14,26,48,0,88,2,0,2,90
08/28/2000,BMI,IL,AGL,CE,Federal Contract Tower,13,27,25,0,65,0,0,18,0,18,13,27,43,0,83,76,0,76,159
08/29/2000,BMI,IL,AGL,CE,Federal Contract Tower,15,25,35,0,75,0,0,68,8,76,15,25,103,8,151,96,0,96,247
08/30/2000,BMI,IL,AGL,CE,Federal Contract Tower,15,26,27,0,68,1,0,24,0,25,16,26,51,0,93,46,0,46,139
08/31/2000,BMI,IL,AGL,CE,Federal Contract Tower,12,28,25,0,65,0,0,54,0,54,12,28,79,0,119,104,0,104,223
09/01/2000,BMI,IL,AGL,CE,Federal Contract Tower,12,28,20,0,60,2,0,48,0,50,14,28,68,0,110,54,0,54,164
09/02/2000,BMI,IL,AGL,CE,Federal Contract Tower,10,24,17,0,51,2,0,43,0,45,12,24,60,0,96,62,0,62,158
09/03/2000,BMI,IL,AGL,CE,Federal Contract Tower,6,13,8,0,27,0,3,28,0,31,6,16,36,0,58,44,0,44,102
09/04/2000,BMI,IL,AGL,CE,Federal Contract Tower,11,21,20,0,52,0,0,29,0,29,11,21,49,0,81,0,0,0,81
09/05/2000,BMI,IL,AGL,CE,Federal Contract Tower,12,26,20,0,58,2,0,67,0,69,14,26,87,0,127,120,0,120,247
09/06/2000,BMI,IL,AGL,CE,Federal Contract Tower,14,35,25,0,74,0,0,71,0,71,14,35,96,0,145,46,0,46,191
09/07/2000,BMI,IL,AGL,CE,Federal Contract Tower,14,35,25,0,74,0,0,47,2,49,14,35,72,2,123,82,0,82,205
09/08/2000,BMI,IL,AGL,CE,Federal Contract Tower,14,39,30,0,83,0,0,61,0,61,14,39,91,0,144,68,0,68,212
09/09/2000,BMI,IL,AGL,CE,Federal Contract Tower,12,30,25,0,67,0,0,41,0,41,12,30,66,0,108,122,0,122,230
09/10/2000,BMI,IL,AGL,CE,Federal Contract Tower,11,30,26,0,67,0,0,20,0,20,11,30,46,0,87,6,0,6,93
09/11/2000,BMI,IL,AGL,CE,Federal Contract Tower,11,26,19,0,56,2,0,32,0,34,13,26,51,0,90,108,0,108,198
09/12/2000,BMI,IL,AGL,CE,Federal Contract Tower,12,32,23,0,67,0,0,36,0,36,12,32,59,0,103,84,0,84,187
09/13/2000,BMI,IL,AGL,CE,Federal Contract Tower,13,35,25,0,73,0,0,81,0,81,13,35,106,0,154,136,0,136,290
09/14/2000,BMI,IL,AGL,CE,Federal Contract Tower,14,36,25,0,75,0,1,50,0,51,14,37,75,0,126,58,0,58,184
09/15/2000,BMI,IL,AGL,CE,Federal Contract Tower,16,39,28,0,83,0,0,45,4,49,16,39,73,4,132,8,0,8,140
09/16/2000,BMI,IL,AGL,CE,Federal Contract Tower,10,27,21,0,58,0,5,90,0,95,10,32,111,0,153,182,0,182,335
09/17/2000,BMI,IL,AGL,CE,Federal Contract Tower,11,30,20,0,61,1,4,87,2,94,12,34,107,2,155,64,0,64,219
09/18/2000,BMI,IL,AGL,CE,Federal Contract Tower,12,32,21,0,65,2,1,21,0,24,14,33,42,0,89,66,0,66,155
09/19/2000,BMI,IL,AGL,CE,Federal Contract Tower,13,34,24,0,71,1,0,14,0,15,14,34,38,0,86,44,0,44,130
09/20/2000,BMI,IL,AGL,CE,Federal Contract Tower,12,37,25,0,74,0,2,16,1,19,12,39,41,1,93,42,0,42,135
09/21/2000,BMI,IL,AGL,CE,Federal Contract Tower,13,37,25,0,75,1,2,69,6,78,14,39,94,6,153,86,0,86,239
09/22/2000,BMI,IL,AGL,CE,Federal Contract Tower,11,30,20,0,61,3,1,11,0,15,14,31,31,0,76,0,0,0,76
09/23/2000,BMI,IL,AGL,CE,Federal Contract Tower,11,36,24,0,71,0,1,8,0,9,11,37,32,0,80,20,0,20,100
09/24/2000,BMI,IL,AGL,CE,Federal Contract Tower,10,28,16,0,54,2,8,0,0,10,12,36,16,0,64,2,0,2,66
09/25/2000,BMI,IL,AGL,CE,Federal Contract Tower,13,36,24,0,73,0,1,0,0,1,13,37,24,0,74,40,0,40,114
09/26/2000,BMI,IL,AGL,CE,Federal Contract Tower,13,35,24,0,72,0,1,45,2,48,13,36,69,2,120,72,16,88,208
09/27/2000,BMI,IL,AGL,CE,Federal Contract Tower,14,40,30,0,84,0,0,49,0,49,14,40,79,0,133,46,0,46,179
09/28/2000,BMI,IL,AGL,CE,Federal Contract Tower,13,36,24,0,73,1,5,65,0,71,14,41,89,0,144,118,0,118,262
09/29/2000,BMI,IL,AGL,CE,Federal Contract Tower,16,40,29,0,85,0,0,72,0,72,16,40,101,0,157,26,0,26,183
09/30/2000,BMI,IL,AGL,CE,Federal Contract Tower,10,28,20,0,58,0,7,61,0,68,10,35,81,0,126,72,0,72,198
10/01/2000,BMI,IL,AGL,CE,Federal Contract Tower,14,32,20,0,66,0,4,29,0,33,14,36,49,0,99,6,0,6,105
10/02/2000,BMI,IL,AGL,CE,Federal Contract Tower,16,34,23,0,73,0,0,19,0,19,16,34,42,0,92,56,0,56,148
10/03/2000,BMI,IL,AGL,CE,Federal Contract Tower,16,33,21,0,70,1,0,36,0,37,17,33,57,0,107,90,0,90,197
10/04/2000,BMI,IL,AGL,CE,Federal Contract Tower,18,39,25,0,82,2,0,4,0,6,20,39,29,0,88,20,0,20,108
10/05/2000,BMI,IL,AGL,CE,Federal Contract Tower,16,34,22,0,72,0,0,0,0,0,16,34,22,0,72,0,0,0,72
10/06/2000,BMI,IL,AGL,CE,Federal Contract Tower,17,32,23,0,72,2,0,35,0,37,19,32,58,0,109,0,0,0,109
10/07/2000,BMI,IL,AGL,CE,Federal Contract Tower,15,32,21,0,68,5,1,31,2,39,20,33,52,2,107,46,0,46,153
10/08/2000,BMI,IL,AGL,CE,Federal Contract Tower,12,25,15,0,52,0,11,15,0,26,12,36,30,0,78,16,0,16,94
10/09/2000,BMI,IL,AGL,CE,Federal Contract Tower,16,34,21,0,71,0,0,36,0,36,16,34,57,0,107,78,0,78,185
10/10/2000,BMI,IL,AGL,CE,Federal Contract Tower,16,37,24,0,77,0,0,49,0,49,16,37,73,0,126,38,0,38,164
10/11/2000,BMI,IL,AGL,CE,Federal Contract Tower,18,39,26,0,83,1,0,65,0,66,19,39,91,0,149,78,0,78,227
10/12/2000,BMI,IL,AGL,CE,Federal Contract Tower,16,37,23,0,76,0,0,1,0,1,16,37,24,0,77,70,0,70,147
10/13/2000,BMI,IL,AGL,CE,Federal Contract Tower,16,34,23,0,73,2,0,34,0,36,18,34,57,0,109,36,0,36,145
10/14/2000,BMI,IL,AGL,CE,Federal Contract Tower,12,26,16,0,54,0,8,31,0,39,12,34,47,0,93,46,0,46,139
10/15/2000,BMI,IL,AGL,CE,Federal Contract Tower,13,32,22,0,67,0,3,15,0,18,13,35,37,0,85,28,0,28,113
10/16/2000,BMI,IL,AGL,CE,Federal Contract Tower,14,32,21,0,67,0,0,11,0,11,14,32,32,0,78,0,0,0,78
10/17/2000,BMI,IL,AGL,CE,Federal Contract Tower,12,26,18,1,57,2,0,35,1,38,14,26,53,2,95,50,10,60,155
10/18/2000,BMI,IL,AGL,CE,Federal Contract Tower,13,38,24,0,75,0,0,74,1,75,13,38,98,1,150,122,2,124,274
10/19/2000,BMI,IL,AGL,CE,Federal Contract Tower,15,38,25,0,78,0,0,65,4,69,15,38,90,4,147,80,0,80,227
10/20/2000,BMI,IL,AGL,CE,Federal Contract Tower,14,34,22,0,70,2,4,58,1,65,16,38,80,1,135,94,0,94,229
10/21/2000,BMI,IL,AGL,CE,Federal Contract Tower,12,29,19,0,60,0,3,68,0,71,12,32,87,0,131,34,0,34,165
10/22/2000,BMI,IL,AGL,CE,Federal Contract Tower,15,35,23,0,73,1,0,5,0,6,16,35,28,0,79,0,0,0,79
10/23/2000,BMI,IL,AGL,CE,Federal Contract Tower,15,34,23,0,72,3,0,13,0,16,18,34,36,0,88,68,0,68,156
10/24/2000,BMI,IL,AGL,CE,Federal Contract Tower,15,33,23,0,71,1,0,12,0,13,16,33,35,0,84,66,0,66,150
10/25/2000,BMI,IL,AGL,CE,Federal Contract Tower,14,28,21,0,63,0,0,11,0,11,14,28,32,0,74,66,0,66,140
10/26/2000,BMI,IL,AGL,CE,Federal Contract Tower,14,34,21,0,69,2,1,32,0,35,16,35,53,0,104,62,0,62,166
10/27/2000,BMI,IL,AGL,CE,Federal Contract Tower,14,37,24,0,75,0,0,66,0,66,14,37,90,0,141,70,0,70,211
10/28/2000,BMI,IL,AGL,CE,Federal Contract Tower,10,32,20,0,62,0,2,1,0,3,10,34,21,0,65,8,0,8,73
10/29/2000,BMI,IL,AGL,CE,Federal Contract Tower,11,31,20,0,62,0,3,54,0,57,11,34,74,0,119,46,0,46,165
10/30/2000,BMI,IL,AGL,CE,Federal Contract Tower,16,39,25,0,80,0,0,28,0,28,16,39,53,0,108,52,0,52,160
10/31/2000,BMI,IL,AGL,CE,Federal Contract Tower,13,38,24,0,75,0,0,50,4,54,13,38,74,4,129,46,0,46,175
11/01/2000,BMI,IL,AGL,CE,Federal Contract Tower,16,37,27,0,80,0,0,45,0,45,16,37,72,0,125,54,0,54,179
11/02/2000,BMI,IL,AGL,CE,Federal Contract Tower,16,37,31,0,84,0,0,39,2,41,16,37,70,2,125,50,0,50,175
11/03/2000,BMI,IL,AGL,CE,Federal Contract Tower,14,34,23,0,71,3,0,58,10,71,17,34,81,10,142,60,12,72,214
11/04/2000,BMI,IL,AGL,CE,Federal Contract Tower,10,26,9,0,45,0,10,0,0,10,10,36,9,0,55,54,0,54,109
11/05/2000,BMI,IL,AGL,CE,Federal Contract Tower,11,25,17,0,53,0,10,27,0,37,11,35,44,0,90,18,0,18,108
11/06/2000,BMI,IL,AGL,CE,Federal Contract Tower,12,27,13,0,52,6,0,0,0,6,18,27,13,0,58,6,0,6,64
11/07/2000,BMI,IL,AGL,CE,Federal Contract Tower,14,39,30,0,83,0,0,17,0,17,14,39,47,0,100,32,2,34,134
11/08/2000,BMI,IL,AGL,CE,Federal Contract Tower,13,37,25,0,75,0,0,30,0,30,13,37,55,0,105,64,0,64,169
11/09/2000,BMI,IL,AGL,CE,Federal Contract Tower,14,26,23,0,63,1,0,6,0,7,15,26,29,0,70,2,0,2,72
11/10/2000,BMI,IL,AGL,CE,Federal Contract Tower,17,36,32,0,85,0,0,18,0,18,17,36,50,0,103,14,0,14,117
11/11/2000,BMI,IL,AGL,CE,Federal Contract Tower,9,35,30,0,74,0,0,39,0,39,9,35,69,0,113,44,0,44,157
11/12/2000,BMI,IL,AGL,CE,Federal Contract Tower,11,28,20,0,59,0,5,22,0,27,11,33,42,0,86,66,0,66,152
11/13/2000,BMI,IL,AGL,CE,Federal Contract Tower,14,34,23,0,71,2,0,9,0,11,16,34,32,0,82,24,0,24,106
11/14/2000,BMI,IL,AGL,CE,Federal Contract Tower,14,37,26,0,77,1,0,7,0,8,15,37,33,0,85,32,0,32,117
11/15/2000,BMI,IL,AGL,CE,Federal Contract Tower,15,38,26,0,79,0,2,40,0,42,15,40,66,0,121,20,0,20,141
11/16/2000,BMI,IL,AGL,CE,Federal Contract Tower,14,31,22,0,67,2,0,4,0,6,16,31,26,0,73,4,0,4,77
11/17/2000,BMI,IL,AGL,CE,Federal Contract Tower,15,43,27,0,85,0,0,21,0,21,15,43,48,0,106,8,0,8,114
11/18/2000,BMI,IL,AGL,CE,Federal Contract Tower,13,32,21,0,66,1,0,56,0,57,14,32,77,0,123,48,0,48,171
11/19/2000,BMI,IL,AGL,CE,Federal Contract Tower,12,31,20,0,63,1,4,27,0,32,13,35,47,0,95,52,0,52,147
11/20/2000,BMI,IL,AGL,CE,Federal Contract Tower,13,35,23,0,71,1,2,6,0,9,14,37,29,0,80,0,0,0,80
11/21/2000,BMI,IL,AGL,CE,Federal Contract Tower,14,35,24,0,73,2,0,31,0,33,16,35,55,0,106,24,0,24,130
11/22/2000,BMI,IL,AGL,CE,Federal Contract Tower,13,34,23,0,70,4,4,41,0,49,17,38,64,0,119,30,0,30,149
11/23/2000,BMI,IL,AGL,CE,Federal Contract Tower,9,24,16,0,49,0,10,22,0,32,9,34,38,0,81,0,0,0,81
11/24/2000,BMI,IL,AGL,CE,Federal Contract Tower,10,27,17,0,54,1,4,47,0,52,11,31,64,0,106,52,0,52,158
11/25/2000,BMI,IL,AGL,CE,Federal Contract Tower,9,27,11,0,47,0,8,0,0,8,9,35,11,0,55,0,0,0,55
11/26/2000,BMI,IL,AGL,CE,Federal Contract Tower,11,30,20,0,61,0,4,4,0,8,11,34,24,0,69,8,0,8,77
11/27/2000,BMI,IL,AGL,CE,Federal Contract Tower,14,34,23,0,71,2,0,0,0,2,16,34,23,0,73,0,1,1,74
11/28/2000,BMI,IL,AGL,CE,Federal Contract Tower,15,37,26,0,78,1,0,39,0,40,16,37,65,0,118,62,0,62,180
11/29/2000,BMI,IL,AGL,CE,Federal Contract Tower,14,33,24,0,71,2,0,3,0,5,16,33,27,0,76,32,0,32,108
11/30/2000,BMI,IL,AGL,CE,Federal Contract Tower,13,41,30,0,84,0,0,12,0,12,13,41,42,0,96,0,0,0,96
12/01/2000,BMI,IL,AGL,CE,Federal Contract Tower,14,29,13,0,56,4,0,0,0,4,18,29,13,0,60,0,0,0,60
12/02/2000,BMI,IL,AGL,CE,Federal Contract Tower,9,27,13,0,49,0,9,22,0,31,9,36,35,0,80,60,0,60,140
12/03/2000,BMI,IL,AGL,CE,Federal Contract Tower,13,32,15,0,60,0,1,67,9,77,13,33,82,9,137,86,0,86,223
12/04/2000,BMI,IL,AGL,CE,Federal Contract Tower,14,35,17,0,66,0,0,27,2,29,14,35,44,2,95,20,0,20,115
12/05/2000,BMI,IL,AGL,CE,Federal Contract Tower,17,31,18,0,66,0,0,28,4,32,17,31,46,4,98,26,0,26,124
12/06/2000,BMI,IL,AGL,CE,Federal Contract Tower,16,36,17,0,69,0,0,12,0,12,16,36,29,0,81,10,0,10,91
12/07/2000,BMI,IL,AGL,CE,Federal Contract Tower,12,27,13,0,52,3,1,17,0,21,15,28,30,0,73,4,0,4,77
12/08/2000,BMI,IL,AGL,CE,Federal Contract Tower,16,36,17,0,69,0,1,17,0,18,16,37,34,0,87,22,0,22,109
12/09/2000,BMI,IL,AGL,CE,Federal Contract Tower,8,30,14,0,52,0,6,57,2,65,8,36,71,2,117,56,0,56,173
12/10/2000,BMI,IL,AGL,CE,Federal Contract Tower,13,32,15,0,60,0,3,1,0,4,13,35,16,0,64,4,0,4,68
12/11/2000,BMI,IL,AGL,CE,Federal Contract Tower,4,3,4,0,11,1,0,4,0,5,5,3,8,0,16,0,0,0,16
12/12/2000,BMI,IL,AGL,CE,Federal Contract Tower,14,24,14,0,52,2,0,11,0,13,16,24,25,0,65,2,0,2,67
12/13/2000,BMI,IL,AGL,CE,Federal Contract Tower,8,14,10,0,32,0,0,11,0,11,8,14,21,0,43,0,0,0,43
12/14/2000,BMI,IL,AGL,CE,Federal Contract Tower,14,35,15,0,64,0,2,14,0,16,14,37,29,0,80,0,0,0,80
12/15/2000,BMI,IL,AGL,CE,Federal Contract Tower,8,16,11,0,35,0,0,8,0,8,8,16,19,0,43,8,0,8,51
12/16/2000,BMI,IL,AGL,CE,Federal Contract Tower,9,20,6,0,35,3,0,0,0,3,12,20,6,0,38,12,0,12,50
12/17/2000,BMI,IL,AGL,CE,Federal Contract Tower,11,28,5,0,44,0,10,0,0,10,11,38,5,0,54,11,0,11,65
12/18/2000,BMI,IL,AGL,CE,Federal Contract Tower,13,27,14,0,54,0,0,13,0,13,13,27,27,0,67,13,0,13,80
12/19/2000,BMI,IL,AGL,CE,Federal Contract Tower,17,30,19,0,66,0,0,26,0,26,17,30,45,0,92,17,0,17,109
12/20/2000,BMI,IL,AGL,CE,Federal Contract Tower,14,30,15,0,59,4,0,13,0,17,18,30,28,0,76,18,0,18,94
12/21/2000,BMI,IL,AGL,CE,Federal Contract Tower,13,26,14,0,53,1,0,6,0,7,14,26,20,0,60,0,0,0,60
12/22/2000,BMI,IL,AGL,CE,Federal Contract Tower,15,36,16,0,67,3,1,12,0,16,18,37,28,0,83,10,0,10,93
12/23/2000,BMI,IL,AGL,CE,Federal Contract Tower,11,26,12,0,49,2,0,14,0,16,13,26,26,0,65,26,0,26,91
12/24/2000,BMI,IL,AGL,CE,Federal Contract Tower,6,24,10,0,40,0,9,5,0,14,6,33,15,0,54,6,0,6,60
12/25/2000,BMI,IL,AGL,CE,Federal Contract Tower,10,24,9,0,43,0,9,0,0,9,10,33,9,0,52,8,0,8,60
12/26/2000,BMI,IL,AGL,CE,Federal Contract Tower,14,34,16,0,64,0,0,8,0,8,14,34,24,0,72,0,0,0,72
12/27/2000,BMI,IL,AGL,CE,Federal Contract Tower,12,40,18,0,70,0,5,12,0,17,12,45,30,0,87,28,2,30,117
12/28/2000,BMI,IL,AGL,CE,Federal Contract Tower,11,28,13,0,52,5,2,7,0,14,16,30,20,0,66,22,0,22,88
12/29/2000,BMI,IL,AGL,CE,Federal Contract Tower,9,23,4,0,36,4,2,0,0,6,13,25,4,0,42,0,0,0,42
12/30/2000,BMI,IL,AGL,CE,Federal Contract Tower,9,23,8,0,40,2,3,0,0,5,11,26,8,0,45,0,0,0,45
12/31/2000,BMI,IL,AGL,CE,Federal Contract Tower,8,27,11,0,46,0,5,4,0,9,8,32,15,0,55,14,0,14,69
01/01/2001,BMI,IL,AGL,CE,Federal Contract Tower,9,18,9,0,36,2,4,12,0,18,11,22,21,0,54,16,0,16,70
01/02/2001,BMI,IL,AGL,CE,Federal Contract Tower,15,33,17,0,65,3,1,15,0,19,18,34,32,0,84,8,0,8,92
01/03/2001,BMI,IL,AGL,CE,Federal Contract Tower,13,27,13,0,53,2,0,4,2,8,15,27,17,2,61,0,0,0,61
01/04/2001,BMI,IL,AGL,CE,Federal Contract Tower,14,29,10,0,53,2,2,0,0,4,16,31,10,0,57,0,0,0,57
01/05/2001,BMI,IL,AGL,CE,Federal Contract Tower,17,37,19,0,73,1,1,17,0,19,18,38,36,0,92,10,0,10,102
01/06/2001,BMI,IL,AGL,CE,Federal Contract Tower,13,32,16,0,61,0,0,61,2,63,13,32,77,2,124,82,0,82,206
01/07/2001,BMI,IL,AGL,CE,Federal Contract Tower,9,24,12,0,45,0,10,23,0,33,9,34,35,0,78,64,0,64,142
01/08/2001,BMI,IL,AGL,CE,Federal Contract Tower,16,35,18,0,69,0,4,15,0,19,16,39,33,0,88,46,0,46,134
01/09/2001,BMI,IL,AGL,CE,Federal Contract Tower,17,38,20,0,75,0,1,59,2,62,17,39,79,2,137,124,0,124,261
01/10/2001,BMI,IL,AGL,CE,Federal Contract Tower,16,37,19,0,72,0,0,35,0,35,16,37,54,0,107,4,0,4,111
01/11/2001,BMI,IL,AGL,CE,Federal Contract Tower,17,35,19,0,71,0,0,9,0,9,17,35,28,0,80,2,0,2,82
01/12/2001,BMI,IL,AGL,CE,Federal Contract Tower,6,11,5,0,22,0,0,0,0,0,6,11,5,0,22,0,0,0,22
01/13/2001,BMI,IL,AGL,CE,Federal Contract Tower,12,25,13,0,50,3,0,0,0,3,15,25,13,0,53,0,0,0,53
01/14/2001,BMI,IL,AGL,CE,Federal Contract Tower,6,15,5,0,26,0,5,0,0,5,6,20,5,0,31,0,0,0,31
01/15/2001,BMI,IL,AGL,CE,Federal Contract Tower,13,29,14,1,57,1,1,16,5,23,14,30,30,6,80,0,0,0,80
01/16/2001,BMI,IL,AGL,CE,Federal Contract Tower,15,34,18,1,68,1,1,5,5,12,16,35,23,6,80,0,0,0,80
01/17/2001,BMI,IL,AGL,CE,Federal Contract Tower,16,30,19,0,65,0,0,36,0,36,16,30,55,0,101,16,0,16,117
01/18/2001,BMI,IL,AGL,CE,Federal Contract Tower,17,37,20,1,75,0,0,29,1,30,17,37,49,2,105,18,0,18,123
01/19/2001,BMI,IL,AGL,CE,Federal Contract Tower,13,31,14,0,58,2,1,0,0,3,15,32,14,0,61,54,2,56,117
01/20/2001,BMI,IL,AGL,CE,Federal Contract Tower,9,32,15,1,57,0,4,66,1,71,9,36,81,2,128,104,0,104,232
01/21/2001,BMI,IL,AGL,CE,Federal Contract Tower,13,33,16,0,62,0,1,98,0,99,13,34,114,0,161,102,0,102,263
01/22/2001,BMI,IL,AGL,CE,Federal Contract Tower,15,35,18,0,68,1,2,39,0,42,16,37,57,0,110,46,0,46,156
01/23/2001,BMI,IL,AGL,CE,Federal Contract Tower,17,35,22,0,74,0,0,33,2,35,17,35,55,2,109,44,0,44,153
01/24/2001,BMI,IL,AGL,CE,Federal Contract Tower,15,33,19,0,67,0,0,23,0,23,15,33,42,0,90,52,0,52,142
01/25/2001,BMI,IL,AGL,CE,Federal Contract Tower,16,33,19,0,68,0,0,55,0,55,16,33,74,0,123,30,0,30,153
01/26/2001,BMI,IL,AGL,CE,Federal Contract Tower,12,29,7,0,48,2,5,0,0,7,14,34,7,0,55,0,0,0,55
01/27/2001,BMI,IL,AGL,CE,Federal Contract Tower,8,30,18,0,56,0,0,44,0,44,8,30,62,0,100,74,0,74,174
01/28/2001,BMI,IL,AGL,CE,Federal Contract Tower,7,17,8,0,32,1,7,0,0,8,8,24,8,0,40,4,0,4,44
01/29/2001,BMI,IL,AGL,CE,Federal Contract Tower,9,22,9,0,40,4,0,0,0,4,13,22,9,0,44,0,0,0,44
01/30/2001,BMI,IL,AGL,CE,Federal Contract Tower,12,29,10,0,51,5,0,0,0,5,17,29,10,0,56,0,0,0,56
01/31/2001,BMI,IL,AGL,CE,Federal Contract Tower,15,31,17,0,63,1,0,3,0,4,16,31,20,0,67,0,0,0,67
02/01/2001,BMI,IL,AGL,CE,Federal Contract Tower,14,32,18,0,64,2,1,13,2,18,16,33,31,2,82,0,0,0,82
02/02/2001,BMI,IL,AGL,CE,Federal Contract Tower,13,40,23,0,76,0,0,26,0,26,13,40,49,0,102,12,0,12,114
02/03/2001,BMI,IL,AGL,CE,Federal Contract Tower,10,24,14,0,48,0,10,14,4,28,10,34,28,4,76,34,0,34,110
02/04/2001,BMI,IL,AGL,CE,Federal Contract Tower,11,25,7,0,43,2,9,0,0,11,13,34,7,0,54,50,0,50,104
02/05/2001,BMI,IL,AGL,CE,Federal Contract Tower,16,36,21,0,73,0,0,0,0,0,16,36,21,0,73,0,0,0,73
02/06/2001,BMI,IL,AGL,CE,Federal Contract Tower,16,35,17,0,68,0,0,0,3,3,16,35,17,3,71,0,6,6,77
02/07/2001,BMI,IL,AGL,CE,Federal Contract Tower,16,29,20,0,65,0,0,16,0,16,16,29,36,0,81,8,0,8,89
02/08/2001,BMI,IL,AGL,CE,Federal Contract Tower,15,34,20,0,69,2,2,3,0,7,17,36,23,0,76,2,0,2,78
02/09/2001,BMI,IL,AGL,CE,Federal Contract Tower,11,22,10,0,43,5,0,0,0,5,16,22,10,0,48,0,0,0,48
02/10/2001,BMI,IL,AGL,CE,Federal Contract Tower,9,34,19,0,62,0,4,53,0,57,9,38,72,0,119,94,0,94,213
02/11/2001,BMI,IL,AGL,CE,Federal Contract Tower,11,31,17,0,59,0,3,52,0,55,11,34,69,0,114,46,0,46,160
02/12/2001,BMI,IL,AGL,CE,Federal Contract Tower,16,37,22,0,75,0,0,33,0,33,16,37,55,0,108,60,16,76,184
02/13/2001,BMI,IL,AGL,CE,Federal Contract Tower,15,33,24,0,72,0,0,22,0,22,15,33,46,0,94,10,0,10,104
02/14/2001,BMI,IL,AGL,CE,Federal Contract Tower,13,28,16,0,57,3,0,2,0,5,16,28,18,0,62,0,0,0,62
02/15/2001,BMI,IL,AGL,CE,Federal Contract Tower,16,38,21,0,75,1,0,2,0,3,17,38,23,0,78,0,0,0,78
02/16/2001,BMI,IL,AGL,CE,Federal Contract Tower,14,31,19,0,64,0,0,19,0,19,14,31,38,0,83,18,0,18,101
02/17/2001,BMI,IL,AGL,CE,Federal Contract Tower,8,30,15,0,53,0,4,57,0,61,8,34,72,0,114,38,0,38,152
02/18/2001,BMI,IL,AGL,CE,Federal Contract Tower,11,33,17,0,61,0,5,37,0,42,11,38,54,0,103,50,0,50,153
02/19/2001,BMI,IL,AGL,CE,Federal Contract Tower,15,37,21,0,73,0,0,17,0,17,15,37,38,0,90,18,0,18,108
02/20/2001,BMI,IL,AGL,CE,Federal Contract Tower,17,38,22,1,78,0,0,24,1,25,17,38,46,2,103,28,2,30,133
02/21/2001,BMI,IL,AGL,CE,Federal Contract Tower,14,31,19,0,64,5,0,32,0,37,19,31,51,0,101,56,0,56,157
02/22/2001,BMI,IL,AGL,CE,Federal Contract Tower,13,28,17,1,59,2,0,3,1,6,15,28,20,2,65,30,4,34,99
02/23/2001,BMI,IL,AGL,CE,Federal Contract Tower,15,36,19,0,70,0,0,50,0,50,15,36,69,0,120,32,0,32,152
02/24/2001,BMI,IL,AGL,CE,Federal Contract Tower,6,20,3,0,29,0,9,0,0,9,6,29,3,0,38,0,0,0,38
02/25/2001,BMI,IL,AGL,CE,Federal Contract Tower,7,21,7,0,35,0,8,0,0,8,7,29,7,0,43,0,0,0,43
02/26/2001,BMI,IL,AGL,CE,Federal Contract Tower,15,33,20,0,68,1,0,37,0,38,16,33,57,0,106,70,2,72,178
02/27/2001,BMI,IL,AGL,CE,Federal Contract Tower,15,33,21,0,69,0,0,19,0,19,15,33,40,0,88,46,0,46,134
02/28/2001,BMI,IL,AGL,CE,Federal Contract Tower,14,35,19,0,68,1,0,67,0,68,15,35,86,0,136,82,0,82,218
03/01/2001,BMI,IL,AGL,CE,Federal Contract Tower,15,36,25,0,76,1,6,36,0,43,16,42,61,0,119,40,0,40,159
03/02/2001,BMI,IL,AGL,CE,Federal Contract Tower,15,33,24,0,72,1,0,20,0,21,16,33,44,0,93,4,0,4,97
03/03/2001,BMI,IL,AGL,CE,Federal Contract Tower,9,33,23,0,65,0,5,51,0,56,9,38,74,0,121,82,0,82,203
03/04/2001,BMI,IL,AGL,CE,Federal Contract Tower,11,32,22,0,65,0,4,11,0,15,11,36,33,0,80,4,0,4,84
03/05/2001,BMI,IL,AGL,CE,Federal Contract Tower,16,35,24,0,75,0,2,7,0,9,16,37,31,0,84,16,4,20,104
03/06/2001,BMI,IL,AGL,CE,Federal Contract Tower,16,36,26,0,78,1,0,9,2,12,17,36,35,2,90,22,2,24,114
03/07/2001,BMI,IL,AGL,CE,Federal Contract Tower,16,39,26,0,81,2,1,33,0,36,18,40,59,0,117,14,0,14,131
03/08/2001,BMI,IL,AGL,CE,Federal Contract Tower,14,41,28,0,83,0,0,26,0,26,14,41,54,0,109,20,0,20,129
03/09/2001,BMI,IL,AGL,CE,Federal Contract Tower,15,35,24,0,74,1,1,45,0,47,16,36,69,0,121,30,0,30,151
03/10/2001,BMI,IL,AGL,CE,Federal Contract Tower,11,29,20,0,60,0,5,71,0,76,11,34,91,0,136,42,0,42,178
03/11/2001,BMI,IL,AGL,CE,Federal Contract Tower,9,33,23,0,65,0,6,23,0,29,9,39,46,0,94,34,0,34,128
03/12/2001,BMI,IL,AGL,CE,Federal Contract Tower,14,33,25,0,72,1,0,3,0,4,15,33,28,0,76,8,0,8,84
03/13/2001,BMI,IL,AGL,CE,Federal Contract Tower,16,36,27,2,81,1,0,4,4,9,17,36,31,6,90,6,0,6,96
03/14/2001,BMI,IL,AGL,CE,Federal Contract Tower,14,35,31,2,82,0,0,24,0,24,14,35,55,2,106,40,0,40,146
03/15/2001,BMI,IL,AGL,CE,Federal Contract Tower,15,33,22,1,71,1,0,0,3,4,16,33,22,4,75,0,6,6,81
03/16/2001,BMI,IL,AGL,CE,Federal Contract Tower,11,27,17,0,55,5,0,0,0,5,16,27,17,0,60,0,0,0,60
03/17/2001,BMI,IL,AGL,CE,Federal Contract Tower,13,33,21,1,68,0,1,14,3,18,13,34,35,4,86,12,0,12,98
03/18/2001,BMI,IL,AGL,CE,Federal Contract Tower,11,34,22,0,67,0,3,87,0,90,11,37,109,0,157,48,0,48,205
03/19/2001,BMI,IL,AGL,CE,Federal Contract Tower,14,33,21,0,68,2,5,24,0,31,16,38,45,0,99,36,0,36,135
03/20/2001,BMI,IL,AGL,CE,Federal Contract Tower,14,35,23,0,72,2,2,32,0,36,16,37,55,0,108,24,0,24,132
03/21/2001,BMI,IL,AGL,CE,Federal Contract Tower,14,34,23,0,71,2,0,26,0,28,16,34,49,0,99,20,0,20,119
03/22/2001,BMI,IL,AGL,CE,Federal Contract Tower,16,40,25,0,81,0,1,21,0,22,16,41,46,0,103,34,0,34,137
03/23/2001,BMI,IL,AGL,CE,Federal Contract Tower,17,36,30,2,85,0,0,39,2,41,17,36,69,4,126,18,0,18,144
03/24/2001,BMI,IL,AGL,CE,Federal Contract Tower,9,24,15,0,48,0,7,25,0,32,9,31,40,0,80,4,0,4,84
03/25/2001,BMI,IL,AGL,CE,Federal Contract Tower,10,26,16,0,52,1,9,2,0,12,11,35,18,0,64,4,0,4,68
03/26/2001,BMI,IL,AGL,CE,Federal Contract Tower,15,37,25,0,77,1,0,33,0,34,16,37,58,0,111,54,0,54,165
03/27/2001,BMI,IL,AGL,CE,Federal Contract Tower,15,39,25,1,80,0,0,50,1,51,15,39,75,2,131,102,2,104,235
03/28/2001,BMI,IL,AGL,CE,Federal Contract Tower,15,38,25,1,79,1,1,14,1,17,16,39,39,2,96,28,0,28,124
03/29/2001,BMI,IL,AGL,CE,Federal Contract Tower,14,34,23,0,71,3,0,6,0,9,17,34,29,0,80,10,0,10,90
03/30/2001,BMI,IL,AGL,CE,Federal Contract Tower,14,35,23,0,72,1,2,20,0,23,15,37,43,0,95,8,0,8,103
03/31/2001,BMI,IL,AGL,CE,Federal Contract Tower,10,31,21,0,62,0,0,8,0,8,10,31,29,0,70,14,0,14,84
04/01/2001,BMI,IL,AGL,CE,Federal Contract Tower,11,34,15,0,60,0,0,59,0,59,11,34,74,0,119,36,0,36,155
04/02/2001,BMI,IL,AGL,CE,Federal Contract Tower,15,36,23,0,74,0,0,22,0,22,15,36,45,0,96,30,0,30,126
04/03/2001,BMI,IL,AGL,CE,Federal Contract Tower,13,36,23,0,72,0,0,18,0,18,13,36,41,0,90,12,0,12,102
04/04/2001,BMI,IL,AGL,CE,Federal Contract Tower,15,33,13,0,61,0,0,12,0,12,15,33,25,0,73,10,0,10,83
04/05/2001,BMI,IL,AGL,CE,Federal Contract Tower,17,33,12,0,62,0,0,7,0,7,17,33,19,0,69,44,0,44,113
04/06/2001,BMI,IL,AGL,CE,Federal Contract Tower,14,33,17,3,67,0,0,7,0,7,14,33,24,3,74,18,0,18,92
04/07/2001,BMI,IL,AGL,CE,Federal Contract Tower,7,31,11,0,49,0,0,10,0,10,7,31,21,0,59,0,0,0,59
04/08/2001,BMI,IL,AGL,CE,Federal Contract Tower,12,33,16,0,61,0,0,85,0,85,12,33,101,0,146,58,0,58,204
04/09/2001,BMI,IL,AGL,CE,Federal Contract Tower,16,33,11,3,63,0,0,37,0,37,16,33,48,3,100,44,16,60,160
04/10/2001,BMI,IL,AGL,CE,Federal Contract Tower,15,43,25,0,83,0,0,18,0,18,15,43,43,0,101,12,0,12,113
04/11/2001,BMI,IL,AGL,CE,Federal Contract Tower,15,26,20,0,61,0,0,4,0,4,15,26,24,0,65,4,0,4,69
04/12/2001,BMI,IL,AGL,CE,Federal Contract Tower,15,30,22,0,67,0,0,7,0,7,15,30,29,0,74,6,0,6,80
04/13/2001,BMI,IL,AGL,CE,Federal Contract Tower,16,33,17,0,66,0,0,56,0,56,16,33,73,0,122,40,2,42,164
04/14/2001,BMI,IL,AGL,CE,Federal Contract Tower,8,34,14,0,56,0,0,100,2,102,8,34,114,2,158,86,0,86,244
04/15/2001,BMI,IL,AGL,CE,Federal Contract Tower,9,35,13,0,57,0,0,9,0,9,9,35,22,0,66,12,0,12,78
04/16/2001,BMI,IL,AGL,CE,Federal Contract Tower,15,31,8,0,54,0,0,28,0,28,15,31,36,0,82,0,0,0,82
04/17/2001,BMI,IL,AGL,CE,Federal Contract Tower,13,33,31,0,77,0,0,15,0,15,13,33,46,0,92,32,0,32,124
04/18/2001,BMI,IL,AGL,CE,Federal Contract Tower,15,31,22,0,68,0,0,79,0,79,15,31,101,0,147,88,0,88,235
04/19/2001,BMI,IL,AGL,CE,Federal Contract Tower,15,35,27,0,77,0,0,22,0,22,15,35,49,0,99,40,0,40,139
04/20/2001,BMI,IL,AGL,CE,Federal Contract Tower,13,36,20,0,69,0,8,19,0,27,13,44,39,0,96,66,0,66,162
04/21/2001,BMI,IL,AGL,CE,Federal Contract Tower,8,31,6,0,45,0,0,21,0,21,8,31,27,0,66,10,0,10,76
04/22/2001,BMI,IL,AGL,CE,Federal Contract Tower,11,31,16,0,58,1,0,27,0,28,12,31,43,0,86,76,0,76,162
04/23/2001,BMI,IL,AGL,CE,Federal Contract Tower,12,37,12,0,61,0,0,4,0,4,12,37,16,0,65,0,0,0,65
04/24/2001,BMI,IL,AGL,CE,Federal Contract Tower,13,36,22,0,71,0,0,32,0,32,13,36,54,0,103,46,0,46,149
04/25/2001,BMI,IL,AGL,CE,Federal Contract Tower,15,33,19,1,68,0,0,30,1,31,15,33,49,2,99,142,6,148,247
04/26/2001,BMI,IL,AGL,CE,Federal Contract Tower,15,31,27,0,73,0,0,47,2,49,15,31,74,2,122,30,0,30,152
04/27/2001,BMI,IL,AGL,CE,Federal Contract Tower,15,33,26,0,74,0,0,40,0,40,15,33,66,0,114,40,0,40,154
04/28/2001,BMI,IL,AGL,CE,Federal Contract Tower,8,33,12,0,53,0,0,57,0,57,8,33,69,0,110,162,0,162,272
04/29/2001,BMI,IL,AGL,CE,Federal Contract Tower,13,35,7,0,55,0,0,98,0,98,13,35,105,0,153,82,0,82,235
04/30/2001,BMI,IL,AGL,CE,Federal Contract Tower,14,35,15,0,64,0,0,39,0,39,14,35,54,0,103,58,0,58,161
05/01/2001,BMI,IL,AGL,CE,Federal Contract Tower,14,38,17,0,69,0,0,35,2,37,14,38,52,2,106,44,0,44,150
05/02/2001,BMI,IL,AGL,CE,Federal Contract Tower,15,33,29,2,79,0,0,21,0,21,15,33,50,2,100,4,4,8,108
05/03/2001,BMI,IL,AGL,CE,Federal Contract Tower,13,37,21,0,71,0,0,40,0,40,13,37,61,0,111,30,0,30,141
05/04/2001,BMI,IL,AGL,CE,Federal Contract Tower,13,36,25,0,74,0,0,27,0,27,13,36,52,0,101,54,0,54,155
05/05/2001,BMI,IL,AGL,CE,Federal Contract Tower,6,34,17,1,58,0,0,17,0,17,6,34,34,1,75,70,2,72,147
05/06/2001,BMI,IL,AGL,CE,Federal Contract Tower,7,35,16,0,58,0,0,13,4,17,7,35,29,4,75,8,0,8,83
05/07/2001,BMI,IL,AGL,CE,Federal Contract Tower,11,35,11,0,57,0,0,10,0,10,11,35,21,0,67,38,0,38,105
05/08/2001,BMI,IL,AGL,CE,Federal Contract Tower,13,35,17,2,67,0,60,76,0,136,13,95,93,2,203,92,6,98,301
05/09/2001,BMI,IL,AGL,CE,Federal Contract Tower,13,39,16,0,68,0,0,48,0,48,13,39,64,0,116,28,0,28,144
05/10/2001,BMI,IL,AGL,CE,Federal Contract Tower,13,35,37,2,87,0,0,12,0,12,13,35,49,2,99,58,8,66,165
05/11/2001,BMI,IL,AGL,CE,Federal Contract Tower,16,30,32,0,78,0,0,24,0,24,16,30,56,0,102,30,0,30,132
05/12/2001,BMI,IL,AGL,CE,Federal Contract Tower,6,36,9,0,51,0,0,70,0,70,6,36,79,0,121,60,0,60,181
05/13/2001,BMI,IL,AGL,CE,Federal Contract Tower,7,39,14,0,60,0,0,50,0,50,7,39,64,0,110,64,0,64,174
05/14/2001,BMI,IL,AGL,CE,Federal Contract Tower,10,38,20,4,72,0,0,25,0,25,10,38,45,4,97,2,4,6,103
05/15/2001,BMI,IL,AGL,CE,Federal Contract Tower,11,38,28,0,77,0,5,33,0,38,11,43,61,0,115,6,0,6,121
05/16/2001,BMI,IL,AGL,CE,Federal Contract Tower,11,33,17,1,62,0,14,43,5,62,11,47,60,6,124,48,10,58,182
05/17/2001,BMI,IL,AGL,CE,Federal Contract Tower,11,37,19,0,67,0,1,25,0,26,11,38,44,0,93,46,0,46,139
05/18/2001,BMI,IL,AGL,CE,Federal Contract Tower,10,33,22,0,65,0,0,32,0,32,10,33,54,0,97,46,0,46,143
05/19/2001,BMI,IL,AGL,CE,Federal Contract Tower,5,37,13,0,55,0,0,24,0,24,5,37,37,0,79,34,0,34,113
05/20/2001,BMI,IL,AGL,CE,Federal Contract Tower,4,41,18,0,63,0,0,44,0,44,4,41,62,0,107,58,0,58,165
05/21/2001,BMI,IL,AGL,CE,Federal Contract Tower,11,39,25,3,78,0,0,6,0,6,11,39,31,3,84,8,0,8,92
05/22/2001,BMI,IL,AGL,CE,Federal Contract Tower,9,39,28,0,76,0,0,27,2,29,9,39,55,2,105,10,0,10,115
05/23/2001,BMI,IL,AGL,CE,Federal Contract Tower,11,35,16,2,64,0,0,37,2,39,11,35,53,4,103,48,6,54,157
05/24/2001,BMI,IL,AGL,CE,Federal Contract Tower,11,35,33,6,85,0,0,29,0,29,11,35,62,6,114,56,0,56,170
05/25/2001,BMI,IL,AGL,CE,Federal Contract Tower,9,37,29,2,77,0,0,23,0,23,9,37,52,2,100,60,0,60,160
05/26/2001,BMI,IL,AGL,CE,Federal Contract Tower,5,33,12,0,50,0,0,2,0,2,5,33,14,0,52,8,0,8,60
05/27/2001,BMI,IL,AGL,CE,Federal Contract Tower,4,35,13,0,52,0,0,18,0,18,4,35,31,0,70,52,0,52,122
05/28/2001,BMI,IL,AGL,CE,Federal Contract Tower,7,35,14,0,56,0,0,53,0,53,7,35,67,0,109,48,0,48,157
05/29/2001,BMI,IL,AGL,CE,Federal Contract Tower,9,40,26,2,77,0,0,108,0,108,9,40,134,2,185,48,18,66,251
05/30/2001,BMI,IL,AGL,CE,Federal Contract Tower,11,38,10,0,59,0,0,38,0,38,11,38,48,0,97,26,0,26,123
05/31/2001,BMI,IL,AGL,CE,Federal Contract Tower,10,39,33,0,82,0,0,3,0,3,10,39,36,0,85,0,0,0,85
06/01/2001,BMI,IL,AGL,CE,Federal Contract Tower,11,35,22,0,68,0,1,37,2,40,11,36,59,2,108,48,0,48,156
06/02/2001,BMI,IL,AGL,CE,Federal Contract Tower,5,31,20,0,56,0,1,101,0,102,5,32,121,0,158,112,0,112,270
06/03/2001,BMI,IL,AGL,CE,Federal Contract Tower,8,30,20,0,58,0,1,49,2,52,8,31,69,2,110,72,0,72,182
06/04/2001,BMI,IL,AGL,CE,Federal Contract Tower,7,30,20,0,57,0,6,5,0,11,7,36,25,0,68,28,0,28,96
06/05/2001,BMI,IL,AGL,CE,Federal Contract Tower,11,26,17,0,54,0,3,19,0,22,11,29,36,0,76,34,0,34,110
06/06/2001,BMI,IL,AGL,CE,Federal Contract Tower,11,30,17,0,58,0,2,10,0,12,11,32,27,0,70,84,0,84,154
06/07/2001,BMI,IL,AGL,CE,Federal Contract Tower,11,35,23,0,69,0,15,21,0,36,11,50,44,0,105,140,0,140,245
06/08/2001,BMI,IL,AGL,CE,Federal Contract Tower,11,35,32,0,78,0,1,62,2,65,11,36,94,2,143,70,0,70,213
06/09/2001,BMI,IL,AGL,CE,Federal Contract Tower,5,30,31,0,66,0,1,82,0,83,5,31,113,0,149,90,0,90,239
06/10/2001,BMI,IL,AGL,CE,Federal Contract Tower,6,35,25,0,66,0,0,43,0,43,6,35,68,0,109,36,0,36,145
06/11/2001,BMI,IL,AGL,CE,Federal Contract Tower,10,31,19,0,60,0,0,20,0,20,10,31,39,0,80,50,0,50,130
06/12/2001,BMI,IL,AGL,CE,Federal Contract Tower,12,33,13,0,58,0,0,22,0,22,12,33,35,0,80,108,0,108,188
06/13/2001,BMI,IL,AGL,CE,Federal Contract Tower,11,34,18,0,63,0,0,45,0,45,11,34,63,0,108,142,0,142,250
06/14/2001,BMI,IL,AGL,CE,Federal Contract Tower,10,34,23,0,67,1,0,44,4,49,11,34,67,4,116,10,2,12,128
06/15/2001,BMI,IL,AGL,CE,Federal Contract Tower,11,33,27,0,71,0,0,10,0,10,11,33,37,0,81,80,0,80,161
06/16/2001,BMI,IL,AGL,CE,Federal Contract Tower,5,30,13,0,48,0,0,95,0,95,5,30,108,0,143,94,0,94,237
06/17/2001,BMI,IL,AGL,CE,Federal Contract Tower,8,31,13,0,52,0,0,56,0,56,8,31,69,0,108,114,0,114,222
06/18/2001,BMI,IL,AGL,CE,Federal Contract Tower,8,37,25,0,70,0,0,24,0,24,8,37,49,0,94,60,0,60,154
06/19/2001,BMI,IL,AGL,CE,Federal Contract Tower,10,32,17,0,59,0,0,8,0,8,10,32,25,0,67,76,0,76,143
06/20/2001,BMI,IL,AGL,CE,Federal Contract Tower,11,39,16,0,66,0,0,42,0,42,11,39,58,0,108,102,0,102,210
06/21/2001,BMI,IL,AGL,CE,Federal Contract Tower,10,37,29,0,76,0,0,16,0,16,10,37,45,0,92,22,0,22,114
06/22/2001,BMI,IL,AGL,CE,Federal Contract Tower,11,39,32,0,82,0,0,68,0,68,11,39,100,0,150,52,0,52,202
06/23/2001,BMI,IL,AGL,CE,Federal Contract Tower,5,33,28,0,66,0,0,86,0,86,5,33,114,0,152,22,0,22,174
06/24/2001,BMI,IL,AGL,CE,Federal Contract Tower,6,35,25,0,66,0,0,109,0,109,6,35,134,0,175,46,0,46,221
06/25/2001,BMI,IL,AGL,CE,Federal Contract Tower,15,33,18,0,66,0,0,59,0,59,15,33,77,0,125,84,0,84,209
06/26/2001,BMI,IL,AGL,CE,Federal Contract Tower,9,38,21,0,68,0,0,57,0,57,9,38,78,0,125,92,0,92,217
06/27/2001,BMI,IL,AGL,CE,Federal Contract Tower,11,31,32,0,74,0,0,44,0,44,11,31,76,0,118,86,0,86,204
06/28/2001,BMI,IL,AGL,CE,Federal Contract Tower,10,37,19,0,66,0,15,62,0,77,10,52,81,0,143,68,0,68,211
06/29/2001,BMI,IL,AGL,CE,Federal Contract Tower,10,38,16,2,66,0,0,44,3,47,10,38,60,5,113,42,6,48,161
06/30/2001,BMI,IL,AGL,CE,Federal Contract Tower,7,29,19,0,55,0,0,89,0,89,7,29,108,0,144,114,0,114,258
07/01/2001,BMI,IL,AGL,CE,Federal Contract Tower,7,31,14,0,52,1,0,36,0,37,8,31,50,0,89,20,0,20,109
07/02/2001,BMI,IL,AGL,CE,Federal Contract Tower,8,35,22,0,65,2,0,73,0,75,10,35,95,0,140,80,0,80,220
07/03/2001,BMI,IL,AGL,CE,Federal Contract Tower,10,35,15,0,60,1,0,13,0,14,11,35,28,0,74,38,0,38,112
07/04/2001,BMI,IL,AGL,CE,Federal Contract Tower,5,32,4,0,41,1,0,50,0,51,6,32,54,0,92,12,0,12,104
07/05/2001,BMI,IL,AGL,CE,Federal Contract Tower,10,36,14,0,60,1,1,48,0,50,11,37,62,0,110,66,0,66,176
07/06/2001,BMI,IL,AGL,CE,Federal Contract Tower,11,34,11,0,56,1,0,78,0,79,12,34,89,0,135,38,0,38,173
07/07/2001,BMI,IL,AGL,CE,Federal Contract Tower,5,32,14,0,51,1,0,28,0,29,6,32,42,0,80,38,0,38,118
07/08/2001,BMI,IL,AGL,CE,Federal Contract Tower,8,33,14,0,55,1,0,36,0,37,9,33,50,0,92,10,0,10,102
07/09/2001,BMI,IL,AGL,CE,Federal Contract Tower,11,34,13,0,58,0,1,24,0,25,11,35,37,0,83,34,0,34,117
07/10/2001,BMI,IL,AGL,CE,Federal Contract Tower,9,35,24,0,68,0,1,40,0,41,9,36,64,0,109,76,0,76,185
07/11/2001,BMI,IL,AGL,CE,Federal Contract Tower,8,43,20,0,71,0,1,80,0,81,8,44,100,0,152,232,0,232,384
07/12/2001,BMI,IL,AGL,CE,Federal Contract Tower,11,39,17,0,67,0,1,59,0,60,11,40,76,0,127,92,10,102,229
07/13/2001,BMI,IL,AGL,CE,Federal Contract Tower,9,42,16,0,67,0,1,66,2,69,9,43,82,2,136,38,0,38,174
07/14/2001,BMI,IL,AGL,CE,Federal Contract Tower,7,31,15,0,53,0,1,80,8,89,7,32,95,8,142,24,0,24,166
07/15/2001,BMI,IL,AGL,CE,Federal Contract Tower,9,34,18,0,61,0,5,89,4,98,9,39,107,4,159,20,0,20,179
07/16/2001,BMI,IL,AGL,CE,Federal Contract Tower,9,36,22,0,67,0,5,40,0,45,9,41,62,0,112,46,0,46,158
07/17/2001,BMI,IL,AGL,CE,Federal Contract Tower,9,45,19,0,73,0,3,17,2,22,9,48,36,2,95,38,0,38,133
07/18/2001,BMI,IL,AGL,CE,Federal Contract Tower,8,29,19,0,56,1,0,18,0,19,9,29,37,0,75,62,0,62,137
07/19/2001,BMI,IL,AGL,CE,Federal Contract Tower,11,35,29,2,77,0,1,21,0,22,11,36,50,2,99,4,0,4,103
07/20/2001,BMI,IL,AGL,CE,Federal Contract Tower,11,35,29,4,79,0,1,49,5,55,11,36,78,9,134,106,4,110,244
07/21/2001,BMI,IL,AGL,CE,Federal Contract Tower,5,35,36,0,76,0,0,34,4,38,5,35,70,4,114,40,0,40,154
07/22/2001,BMI,IL,AGL,CE,Federal Contract Tower,8,33,17,2,60,0,1,127,6,134,8,34,144,8,194,26,2,28,222
07/23/2001,BMI,IL,AGL,CE,Federal Contract Tower,11,32,19,2,64,0,1,35,0,36,11,33,54,2,100,10,0,10,110
07/24/2001,BMI,IL,AGL,CE,Federal Contract Tower,9,36,28,0,73,0,1,20,0,21,9,37,48,0,94,100,0,100,194
07/25/2001,BMI,IL,AGL,CE,Federal Contract Tower,11,36,36,0,83,0,1,6,0,7,11,37,42,0,90,32,0,32,122
07/26/2001,BMI,IL,AGL,CE,Federal Contract Tower,10,33,29,0,72,0,1,66,0,67,10,34,95,0,139,160,0,160,299
07/27/2001,BMI,IL,AGL,CE,Federal Contract Tower,9,34,21,0,64,0,2,81,0,83,9,36,102,0,147,126,0,126,273
07/28/2001,BMI,IL,AGL,CE,Federal Contract Tower,6,32,12,0,50,0,1,21,0,22,6,33,33,0,72,54,0,54,126
07/29/2001,BMI,IL,AGL,CE,Federal Contract Tower,9,32,33,0,74,0,1,57,0,58,9,33,90,0,132,146,0,146,278
07/30/2001,BMI,IL,AGL,CE,Federal Contract Tower,10,35,24,0,69,0,1,63,0,64,10,36,87,0,133,54,0,54,187
07/31/2001,BMI,IL,AGL,CE,Federal Contract Tower,9,41,25,0,75,0,0,49,0,49,9,41,74,0,124,42,0,42,166
08/01/2001,BMI,IL,AGL,CE,Federal Contract Tower,11,38,32,0,81,0,1,43,0,44,11,39,75,0,125,20,0,20,145
08/02/2001,BMI,IL,AGL,CE,Federal Contract Tower,12,37,20,0,69,2,0,15,0,17,14,37,35,0,86,0,0,0,86
08/03/2001,BMI,IL,AGL,CE,Federal Contract Tower,11,36,23,0,70,0,0,39,0,39,11,36,62,0,109,88,0,88,197
08/04/2001,BMI,IL,AGL,CE,Federal Contract Tower,6,34,15,0,55,0,0,91,0,91,6,34,106,0,146,44,0,44,190
08/05/2001,BMI,IL,AGL,CE,Federal Contract Tower,9,32,4,0,45,0,0,55,2,57,9,32,59,2,102,76,0,76,178
08/06/2001,BMI,IL,AGL,CE,Federal Contract Tower,10,39,12,0,61,0,0,59,3,62,10,39,71,3,123,52,0,52,175
08/07/2001,BMI,IL,AGL,CE,Federal Contract Tower,9,39,24,2,74,0,0,52,0,52,9,39,76,2,126,16,8,24,150
08/08/2001,BMI,IL,AGL,CE,Federal Contract Tower,9,39,15,0,63,0,0,36,0,36,9,39,51,0,99,20,0,20,119
08/09/2001,BMI,IL,AGL,CE,Federal Contract Tower,11,32,17,0,60,0,0,24,0,24,11,32,41,0,84,8,0,8,92
08/10/2001,BMI,IL,AGL,CE,Federal Contract Tower,11,44,12,4,71,0,0,41,0,41,11,44,53,4,112,18,0,18,130
08/11/2001,BMI,IL,AGL,CE,Federal Contract Tower,6,34,11,0,51,0,0,79,0,79,6,34,90,0,130,68,0,68,198
08/12/2001,BMI,IL,AGL,CE,Federal Contract Tower,9,34,9,0,52,0,0,79,0,79,9,34,88,0,131,32,0,32,163
08/13/2001,BMI,IL,AGL,CE,Federal Contract Tower,11,37,24,0,72,0,0,34,0,34,11,37,58,0,106,32,0,32,138
08/14/2001,BMI,IL,AGL,CE,Federal Contract Tower,7,43,23,2,75,0,0,56,0,56,7,43,79,2,131,44,0,44,175
08/15/2001,BMI,IL,AGL,CE,Federal Contract Tower,9,38,12,0,59,0,0,34,0,34,9,38,46,0,93,48,0,48,141
08/16/2001,BMI,IL,AGL,CE,Federal Contract Tower,11,36,52,0,99,0,0,4,0,4,11,36,56,0,103,18,0,18,121
08/17/2001,BMI,IL,AGL,CE,Federal Contract Tower,11,40,17,0,68,0,0,54,0,54,11,40,71,0,122,60,0,60,182
08/18/2001,BMI,IL,AGL,CE,Federal Contract Tower,6,32,8,0,46,0,0,21,0,21,6,32,29,0,67,82,0,82,149
08/19/2001,BMI,IL,AGL,CE,Federal Contract Tower,8,31,16,0,55,1,4,20,0,25,9,35,36,0,80,10,0,10,90
08/20/2001,BMI,IL,AGL,CE,Federal Contract Tower,11,37,26,0,74,0,0,88,0,88,11,37,114,0,162,46,0,46,208
08/21/2001,BMI,IL,AGL,CE,Federal Contract Tower,11,39,15,1,66,0,0,23,0,23,11,39,38,1,89,30,0,30,119
08/22/2001,BMI,IL,AGL,CE,Federal Contract Tower,10,33,15,2,60,0,0,25,0,25,10,33,40,2,85,16,0,16,101
08/23/2001,BMI,IL,AGL,CE,Federal Contract Tower,11,35,29,0,75,0,0,15,0,15,11,35,44,0,90,4,0,4,94
08/24/2001,BMI,IL,AGL,CE,Federal Contract Tower,9,38,13,0,60,0,0,10,0,10,9,38,23,0,70,42,0,42,112
08/25/2001,BMI,IL,AGL,CE,Federal Contract Tower,6,34,18,0,58,0,0,12,0,12,6,34,30,0,70,2,0,2,72
08/26/2001,BMI,IL,AGL,CE,Federal Contract Tower,9,35,24,0,68,0,0,49,0,49,9,35,73,0,117,26,0,26,143
08/27/2001,BMI,IL,AGL,CE,Federal Contract Tower,13,39,17,0,69,0,0,69,0,69,13,39,86,0,138,78,0,78,216
08/28/2001,BMI,IL,AGL,CE,Federal Contract Tower,11,43,26,0,80,0,0,62,6,68,11,43,88,6,148,56,0,56,204
08/29/2001,BMI,IL,AGL,CE,Federal Contract Tower,9,37,17,0,63,0,0,83,0,83,9,37,100,0,146,86,0,86,232
08/30/2001,BMI,IL,AGL,CE,Federal Contract Tower,13,33,25,0,71,0,0,42,2,44,13,33,67,2,115,38,0,38,153
08/31/2001,BMI,IL,AGL,CE,Federal Contract Tower,11,36,19,0,66,0,0,57,0,57,11,36,76,0,123,72,0,72,195
09/01/2001,BMI,IL,AGL,CE,Federal Contract Tower,5,28,17,0,50,0,1,74,0,75,5,29,91,0,125,32,0,32,157
09/02/2001,BMI,IL,AGL,CE,Federal Contract Tower,5,28,8,0,41,0,1,56,0,57,5,29,64,0,98,30,0,30,128
09/03/2001,BMI,IL,AGL,CE,Federal Contract Tower,5,33,18,0,56,0,0,44,0,44,5,33,62,0,100,18,0,18,118
09/04/2001,BMI,IL,AGL,CE,Federal Contract Tower,11,38,27,0,76,0,0,60,0,60,11,38,87,0,136,32,0,32,168
09/05/2001,BMI,IL,AGL,CE,Federal Contract Tower,11,39,14,0,64,0,0,41,0,41,11,39,55,0,105,100,0,100,205
09/06/2001,BMI,IL,AGL,CE,Federal Contract Tower,9,39,18,0,66,0,0,21,0,21,9,39,39,0,87,4,0,4,91
09/07/2001,BMI,IL,AGL,CE,Federal Contract Tower,12,33,16,0,61,0,0,27,0,27,12,33,43,0,88,4,0,4,92
09/08/2001,BMI,IL,AGL,CE,Federal Contract Tower,7,33,22,0,62,1,0,34,0,35,8,33,56,0,97,128,0,128,225
09/09/2001,BMI,IL,AGL,CE,Federal Contract Tower,7,33,24,0,64,0,0,6,0,6,7,33,30,0,70,0,0,0,70
09/10/2001,BMI,IL,AGL,CE,Federal Contract Tower,10,37,29,0,76,0,0,67,2,69,10,37,96,2,145,60,0,60,205
09/11/2001,BMI,IL,AGL,CE,Federal Contract Tower,1,5,5,0,11,0,0,3,0,3,1,5,8,0,14,2,0,2,16
09/12/2001,BMI,IL,AGL,CE,Federal Contract Tower,0,0,1,0,1,0,0,0,0,0,0,0,1,0,1,0,0,0,1
09/13/2001,BMI,IL,AGL,CE,Federal Contract Tower,4,9,0,0,13,0,0,0,0,0,4,9,0,0,13,0,0,0,13
09/14/2001,BMI,IL,AGL,CE,Federal Contract Tower,9,33,4,0,46,0,0,0,0,0,9,33,4,0,46,0,0,0,46
09/15/2001,BMI,IL,AGL,CE,Federal Contract Tower,0,0,0,0,0,4,31,10,2,47,4,31,10,2,47,0,0,0,47
09/16/2001,BMI,IL,AGL,CE,Federal Contract Tower,3,28,20,2,53,0,0,0,0,0,3,28,20,2,53,0,0,0,53
09/17/2001,BMI,IL,AGL,CE,Federal Contract Tower,6,31,24,0,61,0,0,0,0,0,6,31,24,0,61,0,0,0,61
09/18/2001,BMI,IL,AGL,CE,Federal Contract Tower,7,31,37,0,75,0,0,0,0,0,7,31,37,0,75,0,0,0,75
09/19/2001,BMI,IL,AGL,CE,Federal Contract Tower,7,32,2,0,41,0,0,0,0,0,7,32,2,0,41,0,0,0,41
09/20/2001,BMI,IL,AGL,CE,Federal Contract Tower,7,34,30,0,71,0,1,11,0,12,7,35,41,0,83,6,0,6,89
09/21/2001,BMI,IL,AGL,CE,Federal Contract Tower,7,38,29,0,74,0,0,13,2,15,7,38,42,2,89,12,2,14,103
09/22/2001,BMI,IL,AGL,CE,Federal Contract Tower,7,29,14,0,50,1,0,70,0,71,8,29,84,0,121,46,0,46,167
09/23/2001,BMI,IL,AGL,CE,Federal Contract Tower,4,33,25,0,62,0,0,2,0,2,4,33,27,0,64,22,0,22,86
09/24/2001,BMI,IL,AGL,CE,Federal Contract Tower,7,42,12,0,61,0,0,18,0,18,7,42,30,0,79,50,0,50,129
09/25/2001,BMI,IL,AGL,CE,Federal Contract Tower,7,35,25,0,67,0,0,24,0,24,7,35,49,0,91,32,0,32,123
09/26/2001,BMI,IL,AGL,CE,Federal Contract Tower,7,33,12,0,52,0,0,46,0,46,7,33,58,0,98,28,0,28,126
09/27/2001,BMI,IL,AGL,CE,Federal Contract Tower,7,33,35,0,75,0,0,67,0,67,7,33,102,0,142,98,0,98,240
09/28/2001,BMI,IL,AGL,CE,Federal Contract Tower,9,39,31,0,79,0,0,24,0,24,9,39,55,0,103,28,0,28,131
09/29/2001,BMI,IL,AGL,CE,Federal Contract Tower,8,31,15,0,54,0,0,75,0,75,8,31,90,0,129,58,0,58,187
09/30/2001,BMI,IL,AGL,CE,Federal Contract Tower,5,28,23,0,56,0,0,67,0,67,5,28,90,0,123,42,0,42,165
10/01/2001,BMI,IL,AGL,CE,Federal Contract Tower,8,36,19,0,63,0,2,34,0,36,8,38,53,0,99,48,0,48,147
10/02/2001,BMI,IL,AGL,CE,Federal Contract Tower,8,35,23,0,66,0,0,26,0,26,8,35,49,0,92,34,0,34,126
10/03/2001,BMI,IL,AGL,CE,Federal Contract Tower,8,44,12,0,64,0,0,33,0,33,8,44,45,0,97,54,0,54,151
10/04/2001,BMI,IL,AGL,CE,Federal Contract Tower,8,34,29,0,71,0,0,11,0,11,8,34,40,0,82,0,0,0,82
10/05/2001,BMI,IL,AGL,CE,Federal Contract Tower,9,36,16,0,61,0,0,6,0,6,9,36,22,0,67,0,0,0,67
10/06/2001,BMI,IL,AGL,CE,Federal Contract Tower,6,30,17,0,53,0,0,47,0,47,6,30,64,0,100,38,0,38,138
10/07/2001,BMI,IL,AGL,CE,Federal Contract Tower,6,33,12,0,51,0,0,70,0,70,6,33,82,0,121,18,0,18,139
10/08/2001,BMI,IL,AGL,CE,Federal Contract Tower,7,35,11,0,53,0,0,25,0,25,7,35,36,0,78,22,0,22,100
10/09/2001,BMI,IL,AGL,CE,Federal Contract Tower,8,37,21,0,66,0,0,19,0,19,8,37,40,0,85,54,0,54,139
10/10/2001,BMI,IL,AGL,CE,Federal Contract Tower,8,37,22,0,67,0,0,0,0,0,8,37,22,0,67,0,0,0,67
10/11/2001,BMI,IL,AGL,CE,Federal Contract Tower,8,40,30,6,84,0,0,32,0,32,8,40,62,6,116,58,10,68,184
10/12/2001,BMI,IL,AGL,CE,Federal Contract Tower,8,36,33,0,77,0,0,1,0,1,8,36,34,0,78,0,0,0,78
10/13/2001,BMI,IL,AGL,CE,Federal Contract Tower,6,22,10,0,38,0,0,0,0,0,6,22,10,0,38,0,0,0,38
10/14/2001,BMI,IL,AGL,CE,Federal Contract Tower,6,31,17,0,54,0,0,16,0,16,6,31,33,0,70,22,0,22,92
10/15/2001,BMI,IL,AGL,CE,Federal Contract Tower,8,32,27,4,71,0,0,11,5,16,8,32,38,9,87,58,10,68,155
10/16/2001,BMI,IL,AGL,CE,Federal Contract Tower,9,35,16,0,60,0,0,15,0,15,9,35,31,0,75,28,0,28,103
10/17/2001,BMI,IL,AGL,CE,Federal Contract Tower,8,38,17,2,65,0,0,83,0,83,8,38,100,2,148,162,0,162,310
10/18/2001,BMI,IL,AGL,CE,Federal Contract Tower,11,50,26,0,87,0,0,26,0,26,11,50,52,0,113,2,0,2,115
10/19/2001,BMI,IL,AGL,CE,Federal Contract Tower,10,37,25,0,72,0,0,57,0,57,10,37,82,0,129,22,0,22,151
10/20/2001,BMI,IL,AGL,CE,Federal Contract Tower,7,27,18,0,52,0,0,71,0,71,7,27,89,0,123,12,0,12,135
10/21/2001,BMI,IL,AGL,CE,Federal Contract Tower,7,30,24,0,61,0,0,59,0,59,7,30,83,0,120,56,0,56,176
10/22/2001,BMI,IL,AGL,CE,Federal Contract Tower,8,40,17,0,65,0,0,29,0,29,8,40,46,0,94,44,0,44,138
10/23/2001,BMI,IL,AGL,CE,Federal Contract Tower,8,37,28,0,73,0,0,19,0,19,8,37,47,0,92,42,0,42,134
10/24/2001,BMI,IL,AGL,CE,Federal Contract Tower,7,32,17,0,56,1,2,0,0,3,8,34,17,0,59,0,0,0,59
10/25/2001,BMI,IL,AGL,CE,Federal Contract Tower,8,36,22,0,66,0,0,12,0,12,8,36,34,0,78,0,0,0,78
10/26/2001,BMI,IL,AGL,CE,Federal Contract Tower,10,40,25,0,75,0,0,17,0,17,10,40,42,0,92,10,0,10,102
10/27/2001,BMI,IL,AGL,CE,Federal Contract Tower,6,29,7,0,42,0,0,68,0,68,6,29,75,0,110,66,0,66,176
10/28/2001,BMI,IL,AGL,CE,Federal Contract Tower,6,36,13,0,55,0,0,39,0,39,6,36,52,0,94,10,0,10,104
10/29/2001,BMI,IL,AGL,CE,Federal Contract Tower,10,34,9,0,53,0,3,39,0,42,10,37,48,0,95,48,0,48,143
10/30/2001,BMI,IL,AGL,CE,Federal Contract Tower,12,32,24,0,68,0,0,28,0,28,12,32,52,0,96,86,0,86,182
10/31/2001,BMI,IL,AGL,CE,Federal Contract Tower,7,36,14,0,57,0,0,15,0,15,7,36,29,0,72,0,0,0,72
11/01/2001,BMI,IL,AGL,CE,Federal Contract Tower,10,33,19,0,62,0,0,13,0,13,10,33,32,0,75,16,0,16,91
11/02/2001,BMI,IL,AGL,CE,Federal Contract Tower,7,38,23,4,72,0,0,43,0,43,7,38,66,4,115,70,6,76,191
11/03/2001,BMI,IL,AGL,CE,Federal Contract Tower,6,27,20,0,53,0,0,78,0,78,6,27,98,0,131,40,0,40,171
11/04/2001,BMI,IL,AGL,CE,Federal Contract Tower,6,32,24,0,62,0,0,60,2,62,6,32,84,2,124,48,0,48,172
11/05/2001,BMI,IL,AGL,CE,Federal Contract Tower,7,39,21,8,75,0,0,30,0,30,7,39,51,8,105,48,0,48,153
11/06/2001,BMI,IL,AGL,CE,Federal Contract Tower,7,33,25,0,65,0,0,46,0,46,7,33,71,0,111,30,0,30,141
11/07/2001,BMI,IL,AGL,CE,Federal Contract Tower,7,35,28,5,75,0,0,67,0,67,7,35,95,5,142,74,2,76,218
11/08/2001,BMI,IL,AGL,CE,Federal Contract Tower,6,38,32,0,76,0,0,20,0,20,6,38,52,0,96,80,0,80,176
11/09/2001,BMI,IL,AGL,CE,Federal Contract Tower,7,36,18,0,61,0,0,48,0,48,7,36,66,0,109,70,0,70,179
11/10/2001,BMI,IL,AGL,CE,Federal Contract Tower,8,24,14,0,46,0,0,61,0,61,8,24,75,0,107,68,0,68,175
11/11/2001,BMI,IL,AGL,CE,Federal Contract Tower,5,32,7,0,44,0,0,75,0,75,5,32,82,0,119,74,0,74,193
11/12/2001,BMI,IL,AGL,CE,Federal Contract Tower,7,38,13,0,58,0,0,65,0,65,7,38,78,0,123,24,0,24,147
11/13/2001,BMI,IL,AGL,CE,Federal Contract Tower,7,37,28,0,72,0,2,26,0,28,7,39,54,0,100,22,0,22,122
11/14/2001,BMI,IL,AGL,CE,Federal Contract Tower,7,37,23,8,75,0,0,39,0,39,7,37,62,8,114,90,0,90,204
11/15/2001,BMI,IL,AGL,CE,Federal Contract Tower,7,35,25,0,67,0,0,31,0,31,7,35,56,0,98,16,0,16,114
11/16/2001,BMI,IL,AGL,CE,Federal Contract Tower,9,29,19,0,57,0,0,42,0,42,9,29,61,0,99,26,0,26,125
11/17/2001,BMI,IL,AGL,CE,Federal Contract Tower,12,24,18,0,54,0,0,56,0,56,12,24,74,0,110,52,0,52,162
11/18/2001,BMI,IL,AGL,CE,Federal Contract Tower,7,33,14,0,54,0,0,29,0,29,7,33,43,0,83,10,0,10,93
11/19/2001,BMI,IL,AGL,CE,Federal Contract Tower,11,32,14,0,57,0,0,19,0,19,11,32,33,0,76,46,0,46,122
11/20/2001,BMI,IL,AGL,CE,Federal Contract Tower,11,35,21,9,76,0,0,56,0,56,11,35,77,9,132,90,6,96,228
11/21/2001,BMI,IL,AGL,CE,Federal Contract Tower,12,29,31,0,72,0,0,63,0,63,12,29,94,0,135,84,0,84,219
11/22/2001,BMI,IL,AGL,CE,Federal Contract Tower,4,24,4,0,32,0,0,21,0,21,4,24,25,0,53,12,0,12,65
11/23/2001,BMI,IL,AGL,CE,Federal Contract Tower,7,25,11,0,43,0,0,31,0,31,7,25,42,0,74,80,0,80,154
11/24/2001,BMI,IL,AGL,CE,Federal Contract Tower,7,24,5,0,36,0,0,0,0,0,7,24,5,0,36,34,0,34,70
11/25/2001,BMI,IL,AGL,CE,Federal Contract Tower,5,32,11,0,48,0,0,21,0,21,5,32,32,0,69,12,0,12,81
11/26/2001,BMI,IL,AGL,CE,Federal Contract Tower,10,33,14,0,57,0,0,22,0,22,10,33,36,0,79,54,0,54,133
11/27/2001,BMI,IL,AGL,CE,Federal Contract Tower,9,33,23,0,65,0,0,9,0,9,9,33,32,0,74,48,0,48,122
11/28/2001,BMI,IL,AGL,CE,Federal Contract Tower,8,36,19,0,63,0,0,13,0,13,8,36,32,0,76,74,0,74,150
11/29/2001,BMI,IL,AGL,CE,Federal Contract Tower,10,30,25,0,65,0,0,0,0,0,10,30,25,0,65,0,0,0,65
11/30/2001,BMI,IL,AGL,CE,Federal Contract Tower,11,35,18,0,64,0,0,0,0,0,11,35,18,0,64,0,0,0,64
12/01/2001,BMI,IL,AGL,CE,Federal Contract Tower,9,24,17,0,50,0,0,63,0,63,9,24,80,0,113,94,0,94,207
12/02/2001,BMI,IL,AGL,CE,Federal Contract Tower,5,34,12,0,51,0,0,65,0,65,5,34,77,0,116,54,0,54,170
12/03/2001,BMI,IL,AGL,CE,Federal Contract Tower,11,34,17,0,62,0,0,42,0,42,11,34,59,0,104,42,0,42,146
12/04/2001,BMI,IL,AGL,CE,Federal Contract Tower,9,42,33,0,84,0,0,17,0,17,9,42,50,0,101,10,0,10,111
12/05/2001,BMI,IL,AGL,CE,Federal Contract Tower,9,38,13,4,64,0,0,19,0,19,9,38,32,4,83,2,8,10,93
12/06/2001,BMI,IL,AGL,CE,Federal Contract Tower,9,44,22,2,77,0,0,47,4,51,9,44,69,6,128,38,8,46,174
12/07/2001,BMI,IL,AGL,CE,Federal Contract Tower,11,32,23,0,66,0,0,42,0,42,11,32,65,0,108,16,0,16,124
12/08/2001,BMI,IL,AGL,CE,Federal Contract Tower,5,23,9,0,37,0,0,2,0,2,5,23,11,0,39,6,0,6,45
12/09/2001,BMI,IL,AGL,CE,Federal Contract Tower,6,35,18,0,59,0,0,75,0,75,6,35,93,0,134,98,0,98,232
12/10/2001,BMI,IL,AGL,CE,Federal Contract Tower,13,34,26,0,73,0,0,36,0,36,13,34,62,0,109,46,0,46,155
12/11/2001,BMI,IL,AGL,CE,Federal Contract Tower,10,33,34,4,81,0,0,61,0,61,10,33,95,4,142,134,0,134,276
12/12/2001,BMI,IL,AGL,CE,Federal Contract Tower,10,33,23,0,66,0,0,0,0,0,10,33,23,0,66,0,0,0,66
12/13/2001,BMI,IL,AGL,CE,Federal Contract Tower,11,37,18,0,66,0,0,0,0,0,11,37,18,0,66,0,0,0,66
12/14/2001,BMI,IL,AGL,CE,Federal Contract Tower,10,28,14,0,52,0,0,0,0,0,10,28,14,0,52,0,0,0,52
12/15/2001,BMI,IL,AGL,CE,Federal Contract Tower,5,20,5,0,30,3,2,0,0,5,8,22,5,0,35,0,0,0,35
12/16/2001,BMI,IL,AGL,CE,Federal Contract Tower,5,31,16,0,52,0,0,0,0,0,5,31,16,0,52,0,0,0,52
12/17/2001,BMI,IL,AGL,CE,Federal Contract Tower,10,35,23,0,68,0,0,0,0,0,10,35,23,0,68,0,0,0,68
12/18/2001,BMI,IL,AGL,CE,Federal Contract Tower,12,33,28,0,73,0,0,77,0,77,12,33,105,0,150,62,0,62,212
12/19/2001,BMI,IL,AGL,CE,Federal Contract Tower,13,36,30,0,79,0,0,15,0,15,13,36,45,0,94,26,0,26,120
12/20/2001,BMI,IL,AGL,CE,Federal Contract Tower,9,35,18,0,62,0,0,57,0,57,9,35,75,0,119,110,0,110,229
12/21/2001,BMI,IL,AGL,CE,Federal Contract Tower,11,37,16,0,64,0,0,72,0,72,11,37,88,0,136,74,0,74,210
12/22/2001,BMI,IL,AGL,CE,Federal Contract Tower,7,28,7,0,42,0,0,7,0,7,7,28,14,0,49,30,0,30,79
12/23/2001,BMI,IL,AGL,CE,Federal Contract Tower,5,35,3,0,43,0,0,3,0,3,5,35,6,0,46,0,0,0,46
12/24/2001,BMI,IL,AGL,CE,Federal Contract Tower,6,32,2,0,40,0,0,1,0,1,6,32,3,0,41,0,0,0,41
12/25/2001,BMI,IL,AGL,CE,Federal Contract Tower,5,28,5,0,38,0,0,7,0,7,5,28,12,0,45,0,0,0,45
12/26/2001,BMI,IL,AGL,CE,Federal Contract Tower,10,33,14,0,57,0,2,6,0,8,10,35,20,0,65,54,0,54,119
12/27/2001,BMI,IL,AGL,CE,Federal Contract Tower,11,34,3,0,48,0,0,35,2,37,11,34,38,2,85,94,0,94,179
12/28/2001,BMI,IL,AGL,CE,Federal Contract Tower,8,35,7,0,50,0,1,24,0,25,8,36,31,0,75,114,0,114,189
12/29/2001,BMI,IL,AGL,CE,Federal Contract Tower,6,29,10,0,45,0,0,44,0,44,6,29,54,0,89,110,0,110,199
12/30/2001,BMI,IL,AGL,CE,Federal Contract Tower,5,37,13,0,55,0,0,39,0,39,5,37,52,0,94,22,0,22,116
12/31/2001,BMI,IL,AGL,CE,Federal Contract Tower,7,34,11,0,52,0,0,46,0,46,7,34,57,0,98,186,0,186,284
01/01/2002,BMI,IL,AGL,CE,Federal Contract Tower,5,32,5,0,42,1,1,17,0,19,6,33,22,0,61,16,0,16,77
01/02/2002,BMI,IL,AGL,CE,Federal Contract Tower,6,37,12,0,55,0,0,29,0,29,6,37,41,0,84,24,0,24,108
01/03/2002,BMI,IL,AGL,CE,Federal Contract Tower,6,31,23,2,62,0,1,43,0,44,6,32,66,2,106,110,0,110,216
01/04/2002,BMI,IL,AGL,CE,Federal Contract Tower,9,33,19,0,61,1,0,41,2,44,10,33,60,2,105,48,0,48,153
01/05/2002,BMI,IL,AGL,CE,Federal Contract Tower,7,28,9,0,44,0,0,16,0,16,7,28,25,0,60,76,0,76,136
01/06/2002,BMI,IL,AGL,CE,Federal Contract Tower,5,37,14,0,56,0,0,16,0,16,5,37,30,0,72,30,0,30,102
01/07/2002,BMI,IL,AGL,CE,Federal Contract Tower,9,35,14,0,58,0,0,44,0,44,9,35,58,0,102,92,0,92,194
01/08/2002,BMI,IL,AGL,CE,Federal Contract Tower,10,40,23,0,73,0,0,32,0,32,10,40,55,0,105,94,0,94,199
01/09/2002,BMI,IL,AGL,CE,Federal Contract Tower,9,38,13,0,60,0,0,34,0,34,9,38,47,0,94,14,0,14,108
01/10/2002,BMI,IL,AGL,CE,Federal Contract Tower,9,44,23,0,76,0,0,22,0,22,9,44,45,0,98,40,0,40,138
01/11/2002,BMI,IL,AGL,CE,Federal Contract Tower,11,38,19,0,68,0,0,39,0,39,11,38,58,0,107,18,0,18,125
01/12/2002,BMI,IL,AGL,CE,Federal Contract Tower,6,29,14,0,49,0,0,32,0,32,6,29,46,0,81,80,0,80,161
01/13/2002,BMI,IL,AGL,CE,Federal Contract Tower,5,31,14,0,50,0,9,36,10,55,5,40,50,10,105,26,0,26,131
01/14/2002,BMI,IL,AGL,CE,Federal Contract Tower,10,42,17,0,69,0,0,2,0,2,10,42,19,0,71,34,0,34,105
01/15/2002,BMI,IL,AGL,CE,Federal Contract Tower,9,39,25,0,73,0,0,33,0,33,9,39,58,0,106,44,0,44,150
01/16/2002,BMI,IL,AGL,CE,Federal Contract Tower,7,32,16,0,55,0,0,12,0,12,7,32,28,0,67,30,0,30,97
01/17/2002,BMI,IL,AGL,CE,Federal Contract Tower,11,36,17,2,66,0,0,25,4,29,11,36,42,6,95,64,0,64,159
01/18/2002,BMI,IL,AGL,CE,Federal Contract Tower,9,42,18,0,69,0,0,36,0,36,9,42,54,0,105,82,0,82,187
01/19/2002,BMI,IL,AGL,CE,Federal Contract Tower,7,31,12,0,50,0,0,43,0,43,7,31,55,0,93,140,0,140,233
01/20/2002,BMI,IL,AGL,CE,Federal Contract Tower,5,40,17,0,62,0,0,15,2,17,5,40,32,2,79,10,0,10,89
01/21/2002,BMI,IL,AGL,CE,Federal Contract Tower,9,36,7,0,52,0,0,45,0,45,9,36,52,0,97,58,0,58,155
01/22/2002,BMI,IL,AGL,CE,Federal Contract Tower,8,40,33,0,81,0,0,34,0,34,8,40,67,0,115,26,0,26,141
01/23/2002,BMI,IL,AGL,CE,Federal Contract Tower,7,39,24,0,70,0,0,2,0,2,7,39,26,0,72,0,0,0,72
01/24/2002,BMI,IL,AGL,CE,Federal Contract Tower,9,39,16,8,72,0,0,28,6,34,9,39,44,14,106,52,0,52,158
01/25/2002,BMI,IL,AGL,CE,Federal Contract Tower,9,41,24,0,74,0,0,48,0,48,9,41,72,0,122,104,0,104,226
01/26/2002,BMI,IL,AGL,CE,Federal Contract Tower,6,29,10,0,45,0,0,76,0,76,6,29,86,0,121,138,0,138,259
01/27/2002,BMI,IL,AGL,CE,Federal Contract Tower,5,40,16,0,61,0,0,58,0,58,5,40,74,0,119,88,0,88,207
01/28/2002,BMI,IL,AGL,CE,Federal Contract Tower,9,40,14,0,63,0,0,40,0,40,9,40,54,0,103,86,0,86,189
01/29/2002,BMI,IL,AGL,CE,Federal Contract Tower,6,41,19,0,66,0,0,2,0,2,6,41,21,0,68,0,0,0,68
01/30/2002,BMI,IL,AGL,CE,Federal Contract Tower,6,34,7,0,47,0,0,0,0,0,6,34,7,0,47,0,0,0,47
01/31/2002,BMI,IL,AGL,CE,Federal Contract Tower,10,20,8,0,38,0,0,0,0,0,10,20,8,0,38,0,0,0,38
02/01/2002,BMI,IL,AGL,CE,Federal Contract Tower,7,37,13,0,57,0,0,20,0,20,7,37,33,0,77,70,0,70,147
02/02/2002,BMI,IL,AGL,CE,Federal Contract Tower,6,34,11,0,51,0,0,71,0,71,6,34,82,0,122,154,0,154,276
02/03/2002,BMI,IL,AGL,CE,Federal Contract Tower,5,40,8,5,58,0,0,59,0,59,5,40,67,5,117,104,0,104,221
02/04/2002,BMI,IL,AGL,CE,Federal Contract Tower,9,41,15,4,69,0,0,0,0,0,9,41,15,4,69,44,0,44,113
02/05/2002,BMI,IL,AGL,CE,Federal Contract Tower,9,40,22,0,71,0,0,31,0,31,9,40,53,0,102,48,0,48,150
02/06/2002,BMI,IL,AGL,CE,Federal Contract Tower,9,42,14,5,70,0,0,27,0,27,9,42,41,5,97,34,0,34,131
02/07/2002,BMI,IL,AGL,CE,Federal Contract Tower,9,44,32,0,85,0,0,13,0,13,9,44,45,0,98,24,0,24,122
02/08/2002,BMI,IL,AGL,CE,Federal Contract Tower,11,43,21,0,75,0,0,36,0,36,11,43,57,0,111,54,0,54,165
02/09/2002,BMI,IL,AGL,CE,Federal Contract Tower,6,31,6,0,43,0,0,62,0,62,6,31,68,0,105,76,0,76,181
02/10/2002,BMI,IL,AGL,CE,Federal Contract Tower,5,41,7,0,53,0,0,4,0,4,5,41,11,0,57,0,0,0,57
02/11/2002,BMI,IL,AGL,CE,Federal Contract Tower,11,40,5,0,56,0,0,34,0,34,11,40,39,0,90,46,0,46,136
02/12/2002,BMI,IL,AGL,CE,Federal Contract Tower,7,47,27,2,83,0,0,28,0,28,7,47,55,2,111,10,0,10,121
02/13/2002,BMI,IL,AGL,CE,Federal Contract Tower,9,38,22,12,81,0,0,46,2,48,9,38,68,14,129,102,0,102,231
02/14/2002,BMI,IL,AGL,CE,Federal Contract Tower,7,42,18,2,69,0,0,20,0,20,7,42,38,2,89,12,0,12,101
02/15/2002,BMI,IL,AGL,CE,Federal Contract Tower,9,42,17,0,68,0,0,22,0,22,9,42,39,0,90,16,0,16,106
02/16/2002,BMI,IL,AGL,CE,Federal Contract Tower,6,31,16,0,53,0,0,52,0,52,6,31,68,0,105,10,0,10,115
02/17/2002,BMI,IL,AGL,CE,Federal Contract Tower,5,42,16,0,63,0,0,83,0,83,5,42,99,0,146,48,0,48,194
02/18/2002,BMI,IL,AGL,CE,Federal Contract Tower,9,42,17,0,68,0,0,14,0,14,9,42,31,0,82,12,0,12,94
02/19/2002,BMI,IL,AGL,CE,Federal Contract Tower,9,34,15,0,58,0,0,3,0,3,9,34,18,0,61,0,0,0,61
02/20/2002,BMI,IL,AGL,CE,Federal Contract Tower,9,37,28,2,76,0,0,0,0,0,9,37,28,2,76,0,0,0,76
02/21/2002,BMI,IL,AGL,CE,Federal Contract Tower,11,38,21,0,70,0,0,2,0,2,11,38,23,0,72,0,0,0,72
02/22/2002,BMI,IL,AGL,CE,Federal Contract Tower,9,38,18,0,65,0,0,65,0,65,9,38,83,0,130,56,0,56,186
02/23/2002,BMI,IL,AGL,CE,Federal Contract Tower,6,29,13,0,48,0,0,92,0,92,6,29,105,0,140,86,0,86,226
02/24/2002,BMI,IL,AGL,CE,Federal Contract Tower,5,40,9,0,54,0,0,45,0,45,5,40,54,0,99,16,0,16,115
02/25/2002,BMI,IL,AGL,CE,Federal Contract Tower,7,38,15,8,68,0,0,0,0,0,7,38,15,8,68,0,0,0,68
02/26/2002,BMI,IL,AGL,CE,Federal Contract Tower,9,34,22,0,65,0,0,0,0,0,9,34,22,0,65,0,0,0,65
02/27/2002,BMI,IL,AGL,CE,Federal Contract Tower,9,37,24,14,84,0,0,16,0,16,9,37,40,14,100,18,0,18,118
02/28/2002,BMI,IL,AGL,CE,Federal Contract Tower,10,42,14,0,66,0,0,46,0,46,10,42,60,0,112,2,0,2,114
03/01/2002,BMI,IL,AGL,CE,Federal Contract Tower,6,38,16,0,60,0,0,24,0,24,6,38,40,0,84,4,0,4,88
03/02/2002,BMI,IL,AGL,CE,Federal Contract Tower,6,20,1,0,27,0,0,1,0,1,6,20,2,0,28,0,0,0,28
03/03/2002,BMI,IL,AGL,CE,Federal Contract Tower,5,36,4,0,45,0,0,5,6,11,5,36,9,6,56,0,1,1,57
03/04/2002,BMI,IL,AGL,CE,Federal Contract Tower,6,29,14,0,49,1,6,26,0,33,7,35,40,0,82,8,0,8,90
03/05/2002,BMI,IL,AGL,CE,Federal Contract Tower,5,34,19,6,64,0,0,31,0,31,5,34,50,6,95,40,0,40,135
03/06/2002,BMI,IL,AGL,CE,Federal Contract Tower,9,36,27,0,72,0,0,44,0,44,9,36,71,0,116,44,0,44,160
03/07/2002,BMI,IL,AGL,CE,Federal Contract Tower,9,39,35,0,83,0,0,13,0,13,9,39,48,0,96,58,0,58,154
03/08/2002,BMI,IL,AGL,CE,Federal Contract Tower,12,32,11,0,55,0,0,6,0,6,12,32,17,0,61,0,0,0,61
03/09/2002,BMI,IL,AGL,CE,Federal Contract Tower,4,21,5,0,30,0,0,0,0,0,4,21,5,0,30,0,0,0,30
03/10/2002,BMI,IL,AGL,CE,Federal Contract Tower,5,38,16,0,59,0,0,52,0,52,5,38,68,0,111,62,0,62,173
03/11/2002,BMI,IL,AGL,CE,Federal Contract Tower,10,38,19,0,67,0,0,26,0,26,10,38,45,0,93,10,0,10,103
03/12/2002,BMI,IL,AGL,CE,Federal Contract Tower,9,37,36,0,82,15,0,49,0,64,24,37,85,0,146,100,0,100,246
03/13/2002,BMI,IL,AGL,CE,Federal Contract Tower,9,35,24,0,68,8,0,30,0,38,17,35,54,0,106,20,0,20,126
03/14/2002,BMI,IL,AGL,CE,Federal Contract Tower,11,34,17,0,62,0,0,11,0,11,11,34,28,0,73,0,0,0,73
03/15/2002,BMI,IL,AGL,CE,Federal Contract Tower,9,36,19,0,64,1,0,23,0,24,10,36,42,0,88,26,0,26,114
03/16/2002,BMI,IL,AGL,CE,Federal Contract Tower,7,24,25,0,56,0,0,44,0,44,7,24,69,0,100,74,0,74,174
03/17/2002,BMI,IL,AGL,CE,Federal Contract Tower,5,36,14,0,55,0,0,0,0,0,5,36,14,0,55,0,0,0,55
03/18/2002,BMI,IL,AGL,CE,Federal Contract Tower,8,36,20,0,64,10,0,11,0,21,18,36,31,0,85,54,0,54,139
03/19/2002,BMI,IL,AGL,CE,Federal Contract Tower,9,36,19,2,66,0,0,5,0,5,9,36,24,2,71,32,0,32,103
03/20/2002,BMI,IL,AGL,CE,Federal Contract Tower,12,35,20,0,67,0,0,18,2,20,12,35,38,2,87,58,8,66,153
03/21/2002,BMI,IL,AGL,CE,Federal Contract Tower,8,38,17,0,63,0,0,4,0,4,8,38,21,0,67,0,0,0,67
03/22/2002,BMI,IL,AGL,CE,Federal Contract Tower,13,39,22,0,74,0,0,0,0,0,13,39,22,0,74,20,0,20,94
03/23/2002,BMI,IL,AGL,CE,Federal Contract Tower,9,24,16,0,49,0,0,65,0,65,9,24,81,0,114,40,0,40,154
03/24/2002,BMI,IL,AGL,CE,Federal Contract Tower,5,34,4,0,43,0,0,24,0,24,5,34,28,0,67,38,0,38,105
03/25/2002,BMI,IL,AGL,CE,Federal Contract Tower,9,31,10,0,50,0,0,1,0,1,9,31,11,0,51,0,0,0,51
03/26/2002,BMI,IL,AGL,CE,Federal Contract Tower,10,34,18,0,62,0,0,9,2,11,10,34,27,2,73,52,0,52,125
03/27/2002,BMI,IL,AGL,CE,Federal Contract Tower,9,41,21,0,71,0,0,61,0,61,9,41,82,0,132,162,0,162,294
03/28/2002,BMI,IL,AGL,CE,Federal Contract Tower,9,38,14,0,61,0,0,20,0,20,9,38,34,0,81,30,0,30,111
03/29/2002,BMI,IL,AGL,CE,Federal Contract Tower,11,35,16,0,62,0,0,10,0,10,11,35,26,0,72,14,0,14,86
03/30/2002,BMI,IL,AGL,CE,Federal Contract Tower,8,20,18,0,46,0,0,81,0,81,8,20,99,0,127,150,0,150,277
03/31/2002,BMI,IL,AGL,CE,Federal Contract Tower,6,36,18,0,60,0,0,13,0,13,6,36,31,0,73,20,0,20,93
04/01/2002,BMI,IL,AGL,CE,Federal Contract Tower,8,33,26,2,69,0,0,21,0,21,8,33,47,2,90,18,8,26,116
04/02/2002,BMI,IL,AGL,CE,Federal Contract Tower,9,33,20,2,64,0,0,3,0,3,9,33,23,2,67,0,0,0,67
04/03/2002,BMI,IL,AGL,CE,Federal Contract Tower,9,33,17,0,59,0,0,7,0,7,9,33,24,0,66,0,0,0,66
04/04/2002,BMI,IL,AGL,CE,Federal Contract Tower,9,38,22,0,69,0,0,39,0,39,9,38,61,0,108,100,0,100,208
04/05/2002,BMI,IL,AGL,CE,Federal Contract Tower,7,43,16,2,68,0,0,79,0,79,7,43,95,2,147,98,0,98,245
04/06/2002,BMI,IL,AGL,CE,Federal Contract Tower,7,27,11,0,45,0,0,97,0,97,7,27,108,0,142,66,0,66,208
04/07/2002,BMI,IL,AGL,CE,Federal Contract Tower,5,29,18,6,58,0,0,5,0,5,5,29,23,6,63,0,2,2,65
04/08/2002,BMI,IL,AGL,CE,Federal Contract Tower,7,39,17,0,63,0,0,3,0,3,7,39,20,0,66,0,0,0,66
04/09/2002,BMI,IL,AGL,CE,Federal Contract Tower,9,41,22,0,72,0,0,8,0,8,9,41,30,0,80,42,6,48,128
04/10/2002,BMI,IL,AGL,CE,Federal Contract Tower,8,42,25,0,75,0,0,67,0,67,8,42,92,0,142,58,0,58,200
04/11/2002,BMI,IL,AGL,CE,Federal Contract Tower,9,42,27,0,78,0,0,42,0,42,9,42,69,0,120,48,0,48,168
04/12/2002,BMI,IL,AGL,CE,Federal Contract Tower,7,45,21,0,73,0,0,5,0,5,7,45,26,0,78,16,0,16,94
04/13/2002,BMI,IL,AGL,CE,Federal Contract Tower,6,28,22,0,56,0,0,38,0,38,6,28,60,0,94,92,0,92,186
04/14/2002,BMI,IL,AGL,CE,Federal Contract Tower,5,43,7,0,55,0,0,42,0,42,5,43,49,0,97,62,0,62,159
04/15/2002,BMI,IL,AGL,CE,Federal Contract Tower,9,41,13,0,63,0,0,20,0,20,9,41,33,0,83,30,0,30,113
04/16/2002,BMI,IL,AGL,CE,Federal Contract Tower,7,41,28,2,78,0,0,20,0,20,7,41,48,2,98,4,0,4,102
04/17/2002,BMI,IL,AGL,CE,Federal Contract Tower,7,44,12,0,63,0,0,28,0,28,7,44,40,0,91,62,0,62,153
04/18/2002,BMI,IL,AGL,CE,Federal Contract Tower,9,41,16,2,68,0,0,25,0,25,9,41,41,2,93,40,0,40,133
04/19/2002,BMI,IL,AGL,CE,Federal Contract Tower,9,38,17,0,64,0,0,36,0,36,9,38,53,0,100,18,0,18,118
04/20/2002,BMI,IL,AGL,CE,Federal Contract Tower,5,29,8,0,42,0,0,3,0,3,5,29,11,0,45,14,0,14,59
04/21/2002,BMI,IL,AGL,CE,Federal Contract Tower,5,41,5,0,51,0,0,0,0,0,5,41,5,0,51,0,0,0,51
04/22/2002,BMI,IL,AGL,CE,Federal Contract Tower,9,41,24,0,74,0,0,26,0,26,9,41,50,0,100,72,0,72,172
04/23/2002,BMI,IL,AGL,CE,Federal Contract Tower,9,43,21,0,73,0,12,64,0,76,9,55,85,0,149,114,0,114,263
04/24/2002,BMI,IL,AGL,CE,Federal Contract Tower,9,35,22,0,66,0,0,16,0,16,9,35,38,0,82,14,0,14,96
04/25/2002,BMI,IL,AGL,CE,Federal Contract Tower,9,41,24,10,84,0,0,45,0,45,9,41,69,10,129,48,0,48,177
04/26/2002,BMI,IL,AGL,CE,Federal Contract Tower,9,41,21,0,71,0,0,53,0,53,9,41,74,0,124,74,0,74,198
04/27/2002,BMI,IL,AGL,CE,Federal Contract Tower,5,30,8,0,43,0,0,4,0,4,5,30,12,0,47,14,0,14,61
04/28/2002,BMI,IL,AGL,CE,Federal Contract Tower,5,43,24,0,72,0,0,5,0,5,5,43,29,0,77,10,0,10,87
04/29/2002,BMI,IL,AGL,CE,Federal Contract Tower,8,44,20,0,72,0,0,59,0,59,8,44,79,0,131,82,0,82,213
04/30/2002,BMI,IL,AGL,CE,Federal Contract Tower,9,41,17,1,68,0,0,49,3,52,9,41,66,4,120,82,0,82,202
05/01/2002,BMI,IL,AGL,CE,Federal Contract Tower,6,40,15,0,61,1,0,12,0,13,7,40,27,0,74,2,0,2,76
05/02/2002,BMI,IL,AGL,CE,Federal Contract Tower,7,39,23,4,73,0,0,25,0,25,7,39,48,4,98,46,0,46,144
05/03/2002,BMI,IL,AGL,CE,Federal Contract Tower,7,42,19,1,69,0,0,71,1,72,7,42,90,2,141,104,0,104,245
05/04/2002,BMI,IL,AGL,CE,Federal Contract Tower,4,25,7,0,36,0,0,67,0,67,4,25,74,0,103,84,0,84,187
05/05/2002,BMI,IL,AGL,CE,Federal Contract Tower,5,35,19,0,59,0,0,68,0,68,5,35,87,0,127,50,0,50,177
05/06/2002,BMI,IL,AGL,CE,Federal Contract Tower,7,41,21,1,70,2,0,4,1,7,9,41,25,2,77,4,0,4,81
05/07/2002,BMI,IL,AGL,CE,Federal Contract Tower,7,37,37,0,81,0,0,1,0,1,7,37,38,0,82,0,0,0,82
05/08/2002,BMI,IL,AGL,CE,Federal Contract Tower,8,39,25,0,72,0,0,10,0,10,8,39,35,0,82,70,0,70,152
05/09/2002,BMI,IL,AGL,CE,Federal Contract Tower,8,38,34,0,80,0,0,10,0,10,8,38,44,0,90,24,0,24,114
05/10/2002,BMI,IL,AGL,CE,Federal Contract Tower,7,46,19,0,72,0,0,83,0,83,7,46,102,0,155,22,0,22,177
05/11/2002,BMI,IL,AGL,CE,Federal Contract Tower,6,24,7,0,37,0,0,7,0,7,6,24,14,0,44,0,0,0,44
05/12/2002,BMI,IL,AGL,CE,Federal Contract Tower,6,35,13,0,54,0,0,0,0,0,6,35,13,0,54,0,0,0,54
05/13/2002,BMI,IL,AGL,CE,Federal Contract Tower,6,41,26,0,73,0,0,15,0,15,6,41,41,0,88,34,0,34,122
05/14/2002,BMI,IL,AGL,CE,Federal Contract Tower,9,40,12,0,61,0,0,58,2,60,9,40,70,2,121,86,0,86,207
05/15/2002,BMI,IL,AGL,CE,Federal Contract Tower,6,36,19,0,61,2,2,35,2,41,8,38,54,2,102,14,0,14,116
05/16/2002,BMI,IL,AGL,CE,Federal Contract Tower,8,38,27,0,73,0,0,1,0,1,8,38,28,0,74,0,0,0,74
05/17/2002,BMI,IL,AGL,CE,Federal Contract Tower,8,39,19,2,68,0,0,11,0,11,8,39,30,2,79,12,0,12,91
05/18/2002,BMI,IL,AGL,CE,Federal Contract Tower,6,28,15,0,49,0,0,83,0,83,6,28,98,0,132,94,0,94,226
05/19/2002,BMI,IL,AGL,CE,Federal Contract Tower,6,40,12,0,58,0,0,84,0,84,6,40,96,0,142,76,0,76,218
05/20/2002,BMI,IL,AGL,CE,Federal Contract Tower,8,40,23,0,71,0,0,34,0,34,8,40,57,0,105,54,0,54,159
05/21/2002,BMI,IL,AGL,CE,Federal Contract Tower,7,40,16,0,63,0,0,66,0,66,7,40,82,0,129,122,0,122,251
05/22/2002,BMI,IL,AGL,CE,Federal Contract Tower,7,41,25,0,73,0,0,53,2,55,7,41,78,2,128,2,0,2,130
05/23/2002,BMI,IL,AGL,CE,Federal Contract Tower,8,45,21,0,74,0,0,21,0,21,8,45,42,0,95,86,0,86,181
05/24/2002,BMI,IL,AGL,CE,Federal Contract Tower,8,41,22,0,71,0,0,24,0,24,8,41,46,0,95,38,0,38,133
05/25/2002,BMI,IL,AGL,CE,Federal Contract Tower,6,24,10,0,40,0,0,6,0,6,6,24,16,0,46,32,0,32,78
05/26/2002,BMI,IL,AGL,CE,Federal Contract Tower,6,26,15,0,47,0,0,66,0,66,6,26,81,0,113,76,0,76,189
05/27/2002,BMI,IL,AGL,CE,Federal Contract Tower,5,27,10,0,42,0,0,56,0,56,5,27,66,0,98,94,0,94,192
05/28/2002,BMI,IL,AGL,CE,Federal Contract Tower,8,41,17,0,66,0,0,31,2,33,8,41,48,2,99,90,0,90,189
05/29/2002,BMI,IL,AGL,CE,Federal Contract Tower,8,38,34,0,80,0,0,32,0,32,8,38,66,0,112,100,0,100,212
05/30/2002,BMI,IL,AGL,CE,Federal Contract Tower,8,42,23,0,73,0,0,33,2,35,8,42,56,2,108,136,0,136,244
05/31/2002,BMI,IL,AGL,CE,Federal Contract Tower,9,38,11,0,58,0,0,31,0,31,9,38,42,0,89,54,0,54,143
06/01/2002,BMI,IL,AGL,CE,Federal Contract Tower,5,25,17,0,47,1,0,125,0,126,6,25,142,0,173,140,0,140,313
06/02/2002,BMI,IL,AGL,CE,Federal Contract Tower,6,37,9,0,52,0,0,24,0,24,6,37,33,0,76,66,0,66,142
06/03/2002,BMI,IL,AGL,CE,Federal Contract Tower,6,35,18,0,59,0,0,37,0,37,6,35,55,0,96,106,0,106,202
06/04/2002,BMI,IL,AGL,CE,Federal Contract Tower,6,34,18,0,58,0,0,22,0,22,6,34,40,0,80,104,0,104,184
06/05/2002,BMI,IL,AGL,CE,Federal Contract Tower,7,44,33,0,84,0,0,7,0,7,7,44,40,0,91,0,0,0,91
06/06/2002,BMI,IL,AGL,CE,Federal Contract Tower,7,45,39,0,91,0,0,25,0,25,7,45,64,0,116,122,0,122,238
06/07/2002,BMI,IL,AGL,CE,Federal Contract Tower,10,41,22,0,73,0,0,57,0,57,10,41,79,0,130,94,0,94,224
06/08/2002,BMI,IL,AGL,CE,Federal Contract Tower,6,25,24,0,55,0,0,115,0,115,6,25,139,0,170,102,0,102,272
06/09/2002,BMI,IL,AGL,CE,Federal Contract Tower,4,36,17,0,57,0,0,68,0,68,4,36,85,0,125,42,0,42,167
06/10/2002,BMI,IL,AGL,CE,Federal Contract Tower,7,40,18,0,65,0,0,21,0,21,7,40,39,0,86,94,0,94,180
06/11/2002,BMI,IL,AGL,CE,Federal Contract Tower,8,34,24,0,66,0,0,3,0,3,8,34,27,0,69,8,0,8,77
06/12/2002,BMI,IL,AGL,CE,Federal Contract Tower,6,43,11,1,61,0,0,48,0,48,6,43,59,1,109,128,4,132,241
06/13/2002,BMI,IL,AGL,CE,Federal Contract Tower,8,42,16,0,66,0,0,10,0,10,8,42,26,0,76,36,0,36,112
06/14/2002,BMI,IL,AGL,CE,Federal Contract Tower,6,41,16,0,63,0,0,34,0,34,6,41,50,0,97,50,0,50,147
06/15/2002,BMI,IL,AGL,CE,Federal Contract Tower,6,26,9,0,41,0,0,68,0,68,6,26,77,0,109,60,0,60,169
06/16/2002,BMI,IL,AGL,CE,Federal Contract Tower,6,37,13,0,56,0,0,69,0,69,6,37,82,0,125,30,0,30,155
06/17/2002,BMI,IL,AGL,CE,Federal Contract Tower,9,40,16,2,67,0,0,53,0,53,9,40,69,2,120,94,0,94,214
06/18/2002,BMI,IL,AGL,CE,Federal Contract Tower,8,38,25,0,71,0,0,59,0,59,8,38,84,0,130,108,0,108,238
06/19/2002,BMI,IL,AGL,CE,Federal Contract Tower,8,42,22,0,72,0,0,58,0,58,8,42,80,0,130,70,0,70,200
06/20/2002,BMI,IL,AGL,CE,Federal Contract Tower,8,43,11,0,62,0,0,45,0,45,8,43,56,0,107,158,0,158,265
06/21/2002,BMI,IL,AGL,CE,Federal Contract Tower,5,40,13,0,58,0,0,58,0,58,5,40,71,0,116,134,0,134,250
06/22/2002,BMI,IL,AGL,CE,Federal Contract Tower,6,23,16,0,45,0,0,64,0,64,6,23,80,0,109,66,0,66,175
06/23/2002,BMI,IL,AGL,CE,Federal Contract Tower,6,34,13,0,53,0,0,77,0,77,6,34,90,0,130,34,0,34,164
06/24/2002,BMI,IL,AGL,CE,Federal Contract Tower,5,38,30,0,73,0,0,42,0,42,5,38,72,0,115,28,0,28,143
06/25/2002,BMI,IL,AGL,CE,Federal Contract Tower,6,40,19,0,65,0,0,35,0,35,6,40,54,0,100,32,0,32,132
06/26/2002,BMI,IL,AGL,CE,Federal Contract Tower,9,47,21,0,77,0,0,49,0,49,9,47,70,0,126,182,0,182,308
06/27/2002,BMI,IL,AGL,CE,Federal Contract Tower,5,43,35,0,83,0,0,57,0,57,5,43,92,0,140,114,0,114,254
06/28/2002,BMI,IL,AGL,CE,Federal Contract Tower,7,45,19,0,71,0,0,80,0,80,7,45,99,0,151,130,0,130,281
06/29/2002,BMI,IL,AGL,CE,Federal Contract Tower,8,23,17,0,48,0,0,79,0,79,8,23,96,0,127,140,0,140,267
06/30/2002,BMI,IL,AGL,CE,Federal Contract Tower,6,36,10,0,52,0,0,46,0,46,6,36,56,0,98,24,0,24,122
07/01/2002,BMI,IL,AGL,CE,Federal Contract Tower,6,40,9,0,55,0,0,42,0,42,6,40,51,0,97,70,0,70,167
07/02/2002,BMI,IL,AGL,CE,Federal Contract Tower,7,36,27,0,70,0,0,59,0,59,7,36,86,0,129,134,0,134,263
07/03/2002,BMI,IL,AGL,CE,Federal Contract Tower,8,37,17,0,62,0,0,62,0,62,8,37,79,0,124,108,0,108,232
07/04/2002,BMI,IL,AGL,CE,Federal Contract Tower,7,27,8,0,42,0,0,65,0,65,7,27,73,0,107,42,0,42,149
07/05/2002,BMI,IL,AGL,CE,Federal Contract Tower,9,25,5,0,39,0,0,49,0,49,9,25,54,0,88,140,0,140,228
07/06/2002,BMI,IL,AGL,CE,Federal Contract Tower,6,21,5,0,32,0,0,82,0,82,6,21,87,0,114,194,0,194,308
07/07/2002,BMI,IL,AGL,CE,Federal Contract Tower,4,37,9,0,50,0,0,77,0,77,4,37,86,0,127,86,0,86,213
07/08/2002,BMI,IL,AGL,CE,Federal Contract Tower,7,37,11,0,55,0,0,69,0,69,7,37,80,0,124,112,0,112,236
07/09/2002,BMI,IL,AGL,CE,Federal Contract Tower,8,38,12,0,58,0,0,39,0,39,8,38,51,0,97,64,0,64,161
07/10/2002,BMI,IL,AGL,CE,Federal Contract Tower,7,36,41,0,84,0,0,11,0,11,7,36,52,0,95,74,0,74,169
07/11/2002,BMI,IL,AGL,CE,Federal Contract Tower,7,44,27,0,78,0,0,44,0,44,7,44,71,0,122,76,0,76,198
07/12/2002,BMI,IL,AGL,CE,Federal Contract Tower,7,46,15,1,69,0,0,87,10,97,7,46,102,11,166,36,0,36,202
07/13/2002,BMI,IL,AGL,CE,Federal Contract Tower,5,22,5,0,32,0,0,107,60,167,5,22,112,60,199,142,0,142,341
07/14/2002,BMI,IL,AGL,CE,Federal Contract Tower,5,36,10,0,51,0,0,100,54,154,5,36,110,54,205,32,4,36,241
07/15/2002,BMI,IL,AGL,CE,Federal Contract Tower,7,43,19,1,70,0,0,74,4,78,7,43,93,5,148,96,0,96,244
07/16/2002,BMI,IL,AGL,CE,Federal Contract Tower,8,43,29,0,80,0,0,47,2,49,8,43,76,2,129,140,0,140,269
07/17/2002,BMI,IL,AGL,CE,Federal Contract Tower,7,43,24,2,76,0,0,39,0,39,7,43,63,2,115,50,2,52,167
07/18/2002,BMI,IL,AGL,CE,Federal Contract Tower,9,40,16,4,69,0,0,41,0,41,9,40,57,4,110,74,0,74,184
07/19/2002,BMI,IL,AGL,CE,Federal Contract Tower,7,41,26,0,74,0,0,34,0,34,7,41,60,0,108,56,0,56,164
07/20/2002,BMI,IL,AGL,CE,Federal Contract Tower,5,22,5,0,32,0,0,82,0,82,5,22,87,0,114,116,0,116,230
07/21/2002,BMI,IL,AGL,CE,Federal Contract Tower,5,33,16,0,54,0,0,57,0,57,5,33,73,0,111,24,0,24,135
07/22/2002,BMI,IL,AGL,CE,Federal Contract Tower,8,35,21,0,64,0,0,18,0,18,8,35,39,0,82,46,0,46,128
07/23/2002,BMI,IL,AGL,CE,Federal Contract Tower,7,38,17,0,62,0,0,62,0,62,7,38,79,0,124,98,0,98,222
07/24/2002,BMI,IL,AGL,CE,Federal Contract Tower,8,40,22,0,70,0,0,62,0,62,8,40,84,0,132,184,0,184,316
07/25/2002,BMI,IL,AGL,CE,Federal Contract Tower,7,40,27,3,77,0,0,46,0,46,7,40,73,3,123,162,0,162,285
07/26/2002,BMI,IL,AGL,CE,Federal Contract Tower,7,40,30,1,78,0,0,36,1,37,7,40,66,2,115,58,0,58,173
07/27/2002,BMI,IL,AGL,CE,Federal Contract Tower,8,23,8,0,39,0,0,27,0,27,8,23,35,0,66,66,0,66,132
07/28/2002,BMI,IL,AGL,CE,Federal Contract Tower,5,32,14,0,51,0,0,19,1,20,5,32,33,1,71,16,0,16,87
07/29/2002,BMI,IL,AGL,CE,Federal Contract Tower,6,36,17,2,61,0,0,21,0,21,6,36,38,2,82,64,0,64,146
07/30/2002,BMI,IL,AGL,CE,Federal Contract Tower,6,39,32,0,77,0,0,50,2,52,6,39,82,2,129,112,0,112,241
07/31/2002,BMI,IL,AGL,CE,Federal Contract Tower,8,42,22,2,74,0,0,72,4,76,8,42,94,6,150,48,0,48,198
08/01/2002,BMI,IL,AGL,CE,Federal Contract Tower,8,45,27,0,80,1,0,47,0,48,9,45,74,0,128,76,0,76,204
08/02/2002,BMI,IL,AGL,CE,Federal Contract Tower,7,45,30,2,84,1,0,27,0,28,8,45,57,2,112,70,0,70,182
08/03/2002,BMI,IL,AGL,CE,Federal Contract Tower,5,26,8,0,39,0,1,81,0,82,5,27,89,0,121,118,0,118,239
08/04/2002,BMI,IL,AGL,CE,Federal Contract Tower,6,38,17,0,61,0,1,28,0,29,6,39,45,0,90,74,0,74,164
08/05/2002,BMI,IL,AGL,CE,Federal Contract Tower,9,42,18,0,69,0,1,29,0,30,9,43,47,0,99,132,0,132,231
08/06/2002,BMI,IL,AGL,CE,Federal Contract Tower,10,38,17,0,65,0,2,75,0,77,10,40,92,0,142,134,0,134,276
08/07/2002,BMI,IL,AGL,CE,Federal Contract Tower,12,39,40,0,91,1,1,79,0,81,13,40,119,0,172,88,0,88,260
08/08/2002,BMI,IL,AGL,CE,Federal Contract Tower,10,40,26,0,76,0,1,68,0,69,10,41,94,0,145,60,0,60,205
08/09/2002,BMI,IL,AGL,CE,Federal Contract Tower,10,40,12,1,63,0,1,56,0,57,10,41,68,1,120,150,0,150,270
08/10/2002,BMI,IL,AGL,CE,Federal Contract Tower,7,24,8,2,41,0,0,97,3,100,7,24,105,5,141,56,0,56,197
08/11/2002,BMI,IL,AGL,CE,Federal Contract Tower,6,35,9,0,50,0,0,20,2,22,6,35,29,2,72,6,0,6,78
08/12/2002,BMI,IL,AGL,CE,Federal Contract Tower,8,43,16,0,67,1,0,43,0,44,9,43,59,0,111,84,0,84,195
08/13/2002,BMI,IL,AGL,CE,Federal Contract Tower,11,31,34,2,78,0,0,12,0,12,11,31,46,2,90,14,0,14,104
08/14/2002,BMI,IL,AGL,CE,Federal Contract Tower,10,43,30,0,83,0,0,21,0,21,10,43,51,0,104,30,0,30,134
08/15/2002,BMI,IL,AGL,CE,Federal Contract Tower,8,40,23,0,71,0,0,55,4,59,8,40,78,4,130,152,0,152,282
08/16/2002,BMI,IL,AGL,CE,Federal Contract Tower,8,37,21,0,66,0,0,19,0,19,8,37,40,0,85,84,0,84,169
08/17/2002,BMI,IL,AGL,CE,Federal Contract Tower,6,22,7,0,35,0,0,18,0,18,6,22,25,0,53,62,0,62,115
08/18/2002,BMI,IL,AGL,CE,Federal Contract Tower,5,41,12,0,58,0,0,74,0,74,5,41,86,0,132,38,0,38,170
08/19/2002,BMI,IL,AGL,CE,Federal Contract Tower,8,40,11,0,59,0,1,12,0,13,8,41,23,0,72,28,0,28,100
08/20/2002,BMI,IL,AGL,CE,Federal Contract Tower,9,44,31,0,84,0,0,63,4,67,9,44,94,4,151,78,6,84,235
08/21/2002,BMI,IL,AGL,CE,Federal Contract Tower,9,43,24,2,78,0,0,33,0,33,9,43,57,2,111,4,0,4,115
08/22/2002,BMI,IL,AGL,CE,Federal Contract Tower,9,40,23,1,73,0,0,18,2,20,9,40,41,3,93,30,0,30,123
08/23/2002,BMI,IL,AGL,CE,Federal Contract Tower,7,34,6,0,47,0,0,14,0,14,7,34,20,0,61,8,0,8,69
08/24/2002,BMI,IL,AGL,CE,Federal Contract Tower,9,25,18,0,52,0,0,51,0,51,9,25,69,0,103,114,0,114,217
08/25/2002,BMI,IL,AGL,CE,Federal Contract Tower,6,34,15,0,55,0,0,68,0,68,6,34,83,0,123,44,0,44,167
08/26/2002,BMI,IL,AGL,CE,Federal Contract Tower,8,46,16,0,70,0,0,41,0,41,8,46,57,0,111,110,0,110,221
08/27/2002,BMI,IL,AGL,CE,Federal Contract Tower,9,40,22,2,73,0,0,38,0,38,9,40,60,2,111,88,0,88,199
08/28/2002,BMI,IL,AGL,CE,Federal Contract Tower,9,42,24,0,75,0,0,67,0,67,9,42,91,0,142,102,0,102,244
08/29/2002,BMI,IL,AGL,CE,Federal Contract Tower,9,41,22,0,72,0,0,50,0,50,9,41,72,0,122,94,0,94,216
08/30/2002,BMI,IL,AGL,CE,Federal Contract Tower,10,46,16,0,72,0,0,66,0,66,10,46,82,0,138,104,0,104,242
08/31/2002,BMI,IL,AGL,CE,Federal Contract Tower,7,23,8,0,38,0,0,69,0,69,7,23,77,0,107,120,0,120,227
09/01/2002,BMI,IL,AGL,CE,Federal Contract Tower,8,27,8,0,43,0,0,57,0,57,8,27,65,0,100,48,0,48,148
09/02/2002,BMI,IL,AGL,CE,Federal Contract Tower,5,34,13,0,52,0,0,35,0,35,5,34,48,0,87,28,0,28,115
09/03/2002,BMI,IL,AGL,CE,Federal Contract Tower,8,41,14,0,63,0,0,40,0,40,8,41,54,0,103,94,0,94,197
09/04/2002,BMI,IL,AGL,CE,Federal Contract Tower,10,41,19,0,70,0,0,50,0,50,10,41,69,0,120,162,0,162,282
09/05/2002,BMI,IL,AGL,CE,Federal Contract Tower,11,40,29,0,80,0,0,43,0,43,11,40,72,0,123,102,0,102,225
09/06/2002,BMI,IL,AGL,CE,Federal Contract Tower,11,43,14,0,68,0,0,60,0,60,11,43,74,0,128,26,0,26,154
09/07/2002,BMI,IL,AGL,CE,Federal Contract Tower,7,29,12,0,48,0,0,81,0,81,7,29,93,0,129,120,0,120,249
09/08/2002,BMI,IL,AGL,CE,Federal Contract Tower,6,39,30,0,75,0,0,55,0,55,6,39,85,0,130,44,0,44,174
09/09/2002,BMI,IL,AGL,CE,Federal Contract Tower,8,38,28,0,74,0,0,12,0,12,8,38,40,0,86,50,0,50,136
09/10/2002,BMI,IL,AGL,CE,Federal Contract Tower,8,33,25,1,67,0,0,14,1,15,8,33,39,2,82,30,0,30,112
09/11/2002,BMI,IL,AGL,CE,Federal Contract Tower,7,29,26,0,62,0,0,66,0,66,7,29,92,0,128,70,0,70,198
09/12/2002,BMI,IL,AGL,CE,Federal Contract Tower,8,43,25,0,76,0,0,58,2,60,8,43,83,2,136,108,0,108,244
09/13/2002,BMI,IL,AGL,CE,Federal Contract Tower,8,44,8,0,60,0,0,62,2,64,8,44,70,2,124,106,0,106,230
09/14/2002,BMI,IL,AGL,CE,Federal Contract Tower,7,30,20,2,59,0,0,60,0,60,7,30,80,2,119,120,4,124,243
09/15/2002,BMI,IL,AGL,CE,Federal Contract Tower,8,37,13,2,60,0,0,5,0,5,8,37,18,2,65,0,0,0,65
09/16/2002,BMI,IL,AGL,CE,Federal Contract Tower,12,40,10,0,62,0,0,32,0,32,12,40,42,0,94,44,4,48,142
09/17/2002,BMI,IL,AGL,CE,Federal Contract Tower,10,43,10,0,63,0,0,42,0,42,10,43,52,0,105,134,0,134,239
09/18/2002,BMI,IL,AGL,CE,Federal Contract Tower,10,43,31,14,98,0,0,14,0,14,10,43,45,14,112,44,0,44,156
09/19/2002,BMI,IL,AGL,CE,Federal Contract Tower,10,35,22,0,67,0,0,3,0,3,10,35,25,0,70,0,0,0,70
09/20/2002,BMI,IL,AGL,CE,Federal Contract Tower,10,39,15,0,64,0,0,15,0,15,10,39,30,0,79,30,0,30,109
09/21/2002,BMI,IL,AGL,CE,Federal Contract Tower,6,29,16,0,51,0,0,90,0,90,6,29,106,0,141,162,0,162,303
09/22/2002,BMI,IL,AGL,CE,Federal Contract Tower,6,40,13,0,59,0,0,63,0,63,6,40,76,0,122,28,0,28,150
09/23/2002,BMI,IL,AGL,CE,Federal Contract Tower,9,41,21,0,71,0,0,59,0,59,9,41,80,0,130,100,0,100,230
09/24/2002,BMI,IL,AGL,CE,Federal Contract Tower,9,43,26,2,80,0,0,61,1,62,9,43,87,3,142,34,8,42,184
09/25/2002,BMI,IL,AGL,CE,Federal Contract Tower,10,41,16,0,67,0,0,49,0,49,10,41,65,0,116,50,0,50,166
09/26/2002,BMI,IL,AGL,CE,Federal Contract Tower,9,42,33,0,84,0,0,54,0,54,9,42,87,0,138,40,0,40,178
09/27/2002,BMI,IL,AGL,CE,Federal Contract Tower,10,43,35,0,88,0,0,18,0,18,10,43,53,0,106,68,0,68,174
09/28/2002,BMI,IL,AGL,CE,Federal Contract Tower,7,30,14,0,51,0,0,54,0,54,7,30,68,0,105,44,0,44,149
09/29/2002,BMI,IL,AGL,CE,Federal Contract Tower,7,38,14,0,59,0,0,34,0,34,7,38,48,0,93,8,0,8,101
09/30/2002,BMI,IL,AGL,CE,Federal Contract Tower,9,41,17,0,67,0,0,31,0,31,9,41,48,0,98,2,0,2,100
10/01/2002,BMI,IL,AGL,CE,Federal Contract Tower,10,38,28,0,76,0,0,20,0,20,10,38,48,0,96,80,0,80,176
10/02/2002,BMI,IL,AGL,CE,Federal Contract Tower,10,37,22,0,69,0,0,36,0,36,10,37,58,0,105,42,0,42,147
10/03/2002,BMI,IL,AGL,CE,Federal Contract Tower,11,37,44,12,104,0,0,5,0,5,11,37,49,12,109,36,0,36,145
10/04/2002,BMI,IL,AGL,CE,Federal Contract Tower,10,28,19,0,57,0,0,6,0,6,10,28,25,0,63,12,0,12,75
10/05/2002,BMI,IL,AGL,CE,Federal Contract Tower,7,28,18,0,53,0,0,87,0,87,7,28,105,0,140,116,0,116,256
10/06/2002,BMI,IL,AGL,CE,Federal Contract Tower,7,33,11,0,51,0,0,22,0,22,7,33,33,0,73,0,0,0,73
10/07/2002,BMI,IL,AGL,CE,Federal Contract Tower,9,38,16,0,63,0,0,36,0,36,9,38,52,0,99,68,0,68,167
10/08/2002,BMI,IL,AGL,CE,Federal Contract Tower,10,42,29,0,81,0,0,48,0,48,10,42,77,0,129,142,0,142,271
10/09/2002,BMI,IL,AGL,CE,Federal Contract Tower,9,35,29,0,73,0,0,40,0,40,9,35,69,0,113,48,0,48,161
10/10/2002,BMI,IL,AGL,CE,Federal Contract Tower,9,37,31,0,77,0,0,56,0,56,9,37,87,0,133,100,0,100,233
10/11/2002,BMI,IL,AGL,CE,Federal Contract Tower,9,40,37,4,90,0,0,65,0,65,9,40,102,4,155,48,0,48,203
10/12/2002,BMI,IL,AGL,CE,Federal Contract Tower,7,27,13,0,47,0,0,7,0,7,7,27,20,0,54,6,0,6,60
10/13/2002,BMI,IL,AGL,CE,Federal Contract Tower,6,33,13,0,52,0,0,36,0,36,6,33,49,0,88,12,0,12,100
10/14/2002,BMI,IL,AGL,CE,Federal Contract Tower,10,42,17,0,69,0,0,44,0,44,10,42,61,0,113,86,0,86,199
10/15/2002,BMI,IL,AGL,CE,Federal Contract Tower,11,35,14,0,60,0,0,42,0,42,11,35,56,0,102,42,0,42,144
10/16/2002,BMI,IL,AGL,CE,Federal Contract Tower,10,39,20,0,69,0,0,68,0,68,10,39,88,0,137,46,0,46,183
10/17/2002,BMI,IL,AGL,CE,Federal Contract Tower,12,39,25,0,76,0,0,27,0,27,12,39,52,0,103,74,0,74,177
10/18/2002,BMI,IL,AGL,CE,Federal Contract Tower,11,36,21,0,68,0,0,26,0,26,11,36,47,0,94,42,0,42,136
10/19/2002,BMI,IL,AGL,CE,Federal Contract Tower,7,32,11,0,50,0,0,91,2,93,7,32,102,2,143,120,0,120,263
10/20/2002,BMI,IL,AGL,CE,Federal Contract Tower,7,33,12,0,52,0,0,86,0,86,7,33,98,0,138,80,0,80,218
10/21/2002,BMI,IL,AGL,CE,Federal Contract Tower,10,39,13,0,62,1,0,42,0,43,11,39,55,0,105,48,0,48,153
10/22/2002,BMI,IL,AGL,CE,Federal Contract Tower,8,40,17,2,67,0,0,33,0,33,8,40,50,2,100,64,0,64,164
10/23/2002,BMI,IL,AGL,CE,Federal Contract Tower,9,38,26,0,73,0,0,27,0,27,9,38,53,0,100,26,0,26,126
10/24/2002,BMI,IL,AGL,CE,Federal Contract Tower,9,36,26,0,71,1,0,14,0,15,10,36,40,0,86,42,0,42,128
10/25/2002,BMI,IL,AGL,CE,Federal Contract Tower,10,37,13,0,60,0,0,0,0,0,10,37,13,0,60,0,0,0,60
10/26/2002,BMI,IL,AGL,CE,Federal Contract Tower,6,27,26,0,59,0,0,28,0,28,6,27,54,0,87,50,0,50,137
10/27/2002,BMI,IL,AGL,CE,Federal Contract Tower,8,30,28,0,66,0,0,45,0,45,8,30,73,0,111,58,0,58,169
10/28/2002,BMI,IL,AGL,CE,Federal Contract Tower,9,36,24,0,69,0,0,17,0,17,9,36,41,0,86,10,0,10,96
10/29/2002,BMI,IL,AGL,CE,Federal Contract Tower,10,37,17,3,67,0,0,0,0,0,10,37,17,3,67,0,0,0,67
10/30/2002,BMI,IL,AGL,CE,Federal Contract Tower,11,39,24,2,76,0,0,19,0,19,11,39,43,2,95,0,0,0,95
10/31/2002,BMI,IL,AGL,CE,Federal Contract Tower,9,41,31,0,81,0,0,28,0,28,9,41,59,0,109,24,0,24,133
11/01/2002,BMI,IL,AGL,CE,Federal Contract Tower,8,39,6,0,53,0,0,50,0,50,8,39,56,0,103,92,0,92,195
11/02/2002,BMI,IL,AGL,CE,Federal Contract Tower,5,21,11,0,37,0,0,81,0,81,5,21,92,0,118,140,0,140,258
11/03/2002,BMI,IL,AGL,CE,Federal Contract Tower,6,28,14,0,48,0,0,8,0,8,6,28,22,0,56,0,0,0,56
11/04/2002,BMI,IL,AGL,CE,Federal Contract Tower,9,34,26,0,69,0,0,34,0,34,9,34,60,0,103,72,0,72,175
11/05/2002,BMI,IL,AGL,CE,Federal Contract Tower,10,30,17,0,57,0,0,0,0,0,10,30,17,0,57,0,0,0,57
11/06/2002,BMI,IL,AGL,CE,Federal Contract Tower,9,35,25,0,69,0,0,15,0,15,9,35,40,0,84,2,0,2,86
11/07/2002,BMI,IL,AGL,CE,Federal Contract Tower,10,31,24,0,65,0,0,43,0,43,10,31,67,0,108,122,0,122,230
11/08/2002,BMI,IL,AGL,CE,Federal Contract Tower,9,33,12,0,54,0,0,13,0,13,9,33,25,0,67,0,0,0,67
11/09/2002,BMI,IL,AGL,CE,Federal Contract Tower,9,20,7,0,36,0,0,10,0,10,9,20,17,0,46,0,0,0,46
11/10/2002,BMI,IL,AGL,CE,Federal Contract Tower,6,26,8,0,40,0,0,15,0,15,6,26,23,0,55,16,0,16,71
11/11/2002,BMI,IL,AGL,CE,Federal Contract Tower,7,33,21,0,61,0,1,26,2,29,7,34,47,2,90,72,0,72,162
11/12/2002,BMI,IL,AGL,CE,Federal Contract Tower,9,32,23,0,64,0,0,33,0,33,9,32,56,0,97,12,0,12,109
11/13/2002,BMI,IL,AGL,CE,Federal Contract Tower,9,31,37,3,80,0,0,61,2,63,9,31,98,5,143,20,0,20,163
11/14/2002,BMI,IL,AGL,CE,Federal Contract Tower,10,28,30,0,68,0,0,42,0,42,10,28,72,0,110,46,0,46,156
11/15/2002,BMI,IL,AGL,CE,Federal Contract Tower,10,32,17,0,59,0,1,17,0,18,10,33,34,0,77,8,0,8,85
11/16/2002,BMI,IL,AGL,CE,Federal Contract Tower,6,20,8,0,34,0,0,63,0,63,6,20,71,0,97,126,0,126,223
11/17/2002,BMI,IL,AGL,CE,Federal Contract Tower,4,26,10,0,40,0,0,48,0,48,4,26,58,0,88,76,0,76,164
11/18/2002,BMI,IL,AGL,CE,Federal Contract Tower,8,33,18,0,59,0,0,23,0,23,8,33,41,0,82,20,0,20,102
11/19/2002,BMI,IL,AGL,CE,Federal Contract Tower,10,31,33,0,74,0,0,65,0,65,10,31,98,0,139,38,0,38,177
11/20/2002,BMI,IL,AGL,CE,Federal Contract Tower,8,32,38,0,78,0,0,50,0,50,8,32,88,0,128,34,6,40,168
11/21/2002,BMI,IL,AGL,CE,Federal Contract Tower,10,33,29,0,72,0,0,0,0,0,10,33,29,0,72,0,0,0,72
11/22/2002,BMI,IL,AGL,CE,Federal Contract Tower,11,28,25,0,64,0,0,49,0,49,11,28,74,0,113,82,0,82,195
11/23/2002,BMI,IL,AGL,CE,Federal Contract Tower,6,21,10,0,37,0,0,60,0,60,6,21,70,0,97,130,0,130,227
11/24/2002,BMI,IL,AGL,CE,Federal Contract Tower,7,23,6,0,36,0,0,53,0,53,7,23,59,0,89,76,0,76,165
11/25/2002,BMI,IL,AGL,CE,Federal Contract Tower,11,32,21,0,64,0,0,27,0,27,11,32,48,0,91,82,0,82,173
11/26/2002,BMI,IL,AGL,CE,Federal Contract Tower,9,29,30,0,68,0,0,9,0,9,9,29,39,0,77,2,0,2,79
11/27/2002,BMI,IL,AGL,CE,Federal Contract Tower,8,32,20,0,60,3,0,57,0,60,11,32,77,0,120,62,0,62,182
11/28/2002,BMI,IL,AGL,CE,Federal Contract Tower,6,23,7,0,36,0,0,14,0,14,6,23,21,0,50,16,0,16,66
11/29/2002,BMI,IL,AGL,CE,Federal Contract Tower,8,31,10,0,49,0,0,21,0,21,8,31,31,0,70,8,0,8,78
11/30/2002,BMI,IL,AGL,CE,Federal Contract Tower,6,20,6,0,32,0,0,3,0,3,6,20,9,0,35,0,0,0,35
12/01/2002,BMI,IL,AGL,CE,Federal Contract Tower,6,29,16,0,51,0,0,37,0,37,6,29,53,0,88,6,0,6,94
12/02/2002,BMI,IL,AGL,CE,Federal Contract Tower,10,30,33,0,73,0,0,16,0,16,10,30,49,0,89,42,0,42,131
12/03/2002,BMI,IL,AGL,CE,Federal Contract Tower,11,34,21,2,68,0,0,35,0,35,11,34,56,2,103,30,0,30,133
12/04/2002,BMI,IL,AGL,CE,Federal Contract Tower,11,26,28,2,67,0,0,36,0,36,11,26,64,2,103,36,0,36,139
12/05/2002,BMI,IL,AGL,CE,Federal Contract Tower,9,32,24,0,65,0,0,17,0,17,9,32,41,0,82,20,0,20,102
12/06/2002,BMI,IL,AGL,CE,Federal Contract Tower,7,35,8,0,50,0,0,40,0,40,7,35,48,0,90,84,0,84,174
12/07/2002,BMI,IL,AGL,CE,Federal Contract Tower,9,22,12,0,43,0,0,40,0,40,9,22,52,0,83,88,0,88,171
12/08/2002,BMI,IL,AGL,CE,Federal Contract Tower,7,29,13,0,49,0,0,62,0,62,7,29,75,0,111,52,0,52,163
12/09/2002,BMI,IL,AGL,CE,Federal Contract Tower,11,32,14,0,57,0,0,39,0,39,11,32,53,0,96,56,0,56,152
12/10/2002,BMI,IL,AGL,CE,Federal Contract Tower,7,32,24,0,63,0,0,49,0,49,7,32,73,0,112,52,0,52,164
12/11/2002,BMI,IL,AGL,CE,Federal Contract Tower,10,35,24,0,69,0,0,69,0,69,10,35,93,0,138,44,0,44,182
12/12/2002,BMI,IL,AGL,CE,Federal Contract Tower,11,30,27,0,68,0,0,21,0,21,11,30,48,0,89,118,0,118,207
12/13/2002,BMI,IL,AGL,CE,Federal Contract Tower,8,29,17,2,56,0,0,8,0,8,8,29,25,2,64,58,0,58,122
12/14/2002,BMI,IL,AGL,CE,Federal Contract Tower,6,20,10,0,36,0,0,15,0,15,6,20,25,0,51,52,0,52,103
12/15/2002,BMI,IL,AGL,CE,Federal Contract Tower,9,27,29,0,65,0,0,112,0,112,9,27,141,0,177,60,0,60,237
12/16/2002,BMI,IL,AGL,CE,Federal Contract Tower,8,34,27,0,69,0,0,23,0,23,8,34,50,0,92,74,0,74,166
12/17/2002,BMI,IL,AGL,CE,Federal Contract Tower,9,32,26,0,67,0,0,9,0,9,9,32,35,0,76,52,0,52,128
12/18/2002,BMI,IL,AGL,CE,Federal Contract Tower,10,30,11,0,51,0,0,1,0,1,10,30,12,0,52,0,0,0,52
12/19/2002,BMI,IL,AGL,CE,Federal Contract Tower,9,32,23,0,64,0,0,32,0,32,9,32,55,0,96,118,0,118,214
12/20/2002,BMI,IL,AGL,CE,Federal Contract Tower,10,31,18,0,59,0,0,25,0,25,10,31,43,0,84,84,0,84,168
12/21/2002,BMI,IL,AGL,CE,Federal Contract Tower,8,22,9,0,39,0,0,38,0,38,8,22,47,0,77,76,0,76,153
12/22/2002,BMI,IL,AGL,CE,Federal Contract Tower,8,27,6,0,41,0,0,20,0,20,8,27,26,0,61,6,0,6,67
12/23/2002,BMI,IL,AGL,CE,Federal Contract Tower,10,32,16,0,58,0,0,43,0,43,10,32,59,0,101,140,0,140,241
12/24/2002,BMI,IL,AGL,CE,Federal Contract Tower,9,20,4,0,33,0,0,26,0,26,9,20,30,0,59,150,0,150,209
12/25/2002,BMI,IL,AGL,CE,Federal Contract Tower,5,32,3,0,40,0,0,3,0,3,5,32,6,0,43,12,0,12,55
12/26/2002,BMI,IL,AGL,CE,Federal Contract Tower,8,35,7,0,50,0,0,24,0,24,8,35,31,0,74,34,0,34,108
12/27/2002,BMI,IL,AGL,CE,Federal Contract Tower,7,34,12,0,53,0,0,34,0,34,7,34,46,0,87,140,0,140,227
12/28/2002,BMI,IL,AGL,CE,Federal Contract Tower,7,20,9,0,36,0,0,27,0,27,7,20,36,0,63,14,0,14,77
12/29/2002,BMI,IL,AGL,CE,Federal Contract Tower,6,29,14,0,49,0,0,34,0,34,6,29,48,0,83,44,0,44,127
12/30/2002,BMI,IL,AGL,CE,Federal Contract Tower,10,30,22,0,62,0,0,10,0,10,10,30,32,0,72,66,0,66,138
12/31/2002,BMI,IL,AGL,CE,Federal Contract Tower,9,28,15,0,52,0,0,36,0,36,9,28,51,0,88,60,0,60,148
01/01/2003,BMI,IL,AGL,CE,Federal Contract Tower,7,26,7,0,40,0,0,12,0,12,7,26,19,0,52,22,0,22,74
01/02/2003,BMI,IL,AGL,CE,Federal Contract Tower,13,23,9,0,45,0,0,0,0,0,13,23,9,0,45,0,0,0,45
01/03/2003,BMI,IL,AGL,CE,Federal Contract Tower,12,33,11,0,56,0,0,25,0,25,12,33,36,0,81,26,0,26,107
01/04/2003,BMI,IL,AGL,CE,Federal Contract Tower,7,19,6,0,32,0,0,40,0,40,7,19,46,0,72,120,0,120,192
01/05/2003,BMI,IL,AGL,CE,Federal Contract Tower,8,24,8,0,40,0,0,0,0,0,8,24,8,0,40,0,0,0,40
01/06/2003,BMI,IL,AGL,CE,Federal Contract Tower,9,28,17,0,54,2,0,27,0,29,11,28,44,0,83,60,0,60,143
01/07/2003,BMI,IL,AGL,CE,Federal Contract Tower,10,31,12,3,56,0,0,14,0,14,10,31,26,3,70,44,8,52,122
01/08/2003,BMI,IL,AGL,CE,Federal Contract Tower,8,38,15,0,61,0,0,54,1,55,8,38,69,1,116,44,0,44,160
01/09/2003,BMI,IL,AGL,CE,Federal Contract Tower,9,36,16,10,71,0,0,25,0,25,9,36,41,10,96,84,4,88,184
01/10/2003,BMI,IL,AGL,CE,Federal Contract Tower,11,33,12,0,56,0,0,15,1,16,11,33,27,1,72,46,0,46,118
01/11/2003,BMI,IL,AGL,CE,Federal Contract Tower,5,23,5,0,33,0,0,54,0,54,5,23,59,0,87,44,0,44,131
01/12/2003,BMI,IL,AGL,CE,Federal Contract Tower,7,27,12,0,46,0,0,66,0,66,7,27,78,0,112,72,0,72,184
01/13/2003,BMI,IL,AGL,CE,Federal Contract Tower,10,33,10,0,53,0,0,26,0,26,10,33,36,0,79,68,0,68,147
01/14/2003,BMI,IL,AGL,CE,Federal Contract Tower,10,34,14,3,61,0,0,27,0,27,10,34,41,3,88,48,10,58,146
01/15/2003,BMI,IL,AGL,CE,Federal Contract Tower,10,35,20,0,65,0,0,48,0,48,10,35,68,0,113,90,0,90,203
01/16/2003,BMI,IL,AGL,CE,Federal Contract Tower,9,31,21,0,61,0,0,8,0,8,9,31,29,0,69,28,0,28,97
01/17/2003,BMI,IL,AGL,CE,Federal Contract Tower,11,34,24,0,69,0,0,33,0,33,11,34,57,0,102,92,0,92,194
01/18/2003,BMI,IL,AGL,CE,Federal Contract Tower,9,21,4,0,34,0,0,10,0,10,9,21,14,0,44,38,0,38,82
01/19/2003,BMI,IL,AGL,CE,Federal Contract Tower,7,29,9,0,45,0,0,31,0,31,7,29,40,0,76,12,0,12,88
01/20/2003,BMI,IL,AGL,CE,Federal Contract Tower,10,31,28,0,69,0,0,34,0,34,10,31,62,0,103,30,0,30,133
01/21/2003,BMI,IL,AGL,CE,Federal Contract Tower,11,35,12,1,59,0,0,37,0,37,11,35,49,1,96,108,0,108,204
01/22/2003,BMI,IL,AGL,CE,Federal Contract Tower,8,27,18,0,53,0,0,23,0,23,8,27,41,0,76,126,0,126,202
01/23/2003,BMI,IL,AGL,CE,Federal Contract Tower,11,28,12,0,51,0,0,24,0,24,11,28,36,0,75,52,0,52,127
01/24/2003,BMI,IL,AGL,CE,Federal Contract Tower,10,33,13,0,56,0,0,23,0,23,10,33,36,0,79,210,0,210,289
01/25/2003,BMI,IL,AGL,CE,Federal Contract Tower,8,20,6,0,34,0,0,36,0,36,8,20,42,0,70,58,0,58,128
01/26/2003,BMI,IL,AGL,CE,Federal Contract Tower,7,26,4,0,37,0,0,22,0,22,7,26,26,0,59,0,0,0,59
01/27/2003,BMI,IL,AGL,CE,Federal Contract Tower,10,36,14,0,60,0,0,15,0,15,10,36,29,0,75,34,0,34,109
01/28/2003,BMI,IL,AGL,CE,Federal Contract Tower,9,30,9,0,48,0,0,4,0,4,9,30,13,0,52,82,0,82,134
01/29/2003,BMI,IL,AGL,CE,Federal Contract Tower,12,35,32,0,79,0,0,11,0,11,12,35,43,0,90,46,0,46,136
01/30/2003,BMI,IL,AGL,CE,Federal Contract Tower,10,34,25,0,69,0,0,48,0,48,10,34,73,0,117,88,0,88,205
01/31/2003,BMI,IL,AGL,CE,Federal Contract Tower,9,31,5,0,45,0,0,0,0,0,9,31,5,0,45,0,0,0,45
02/01/2003,BMI,IL,AGL,CE,Federal Contract Tower,5,21,7,0,33,0,0,7,0,7,5,21,14,0,40,64,0,64,104
02/02/2003,BMI,IL,AGL,CE,Federal Contract Tower,8,24,9,3,44,0,0,0,0,0,8,24,9,3,44,0,0,0,44
02/03/2003,BMI,IL,AGL,CE,Federal Contract Tower,10,30,10,0,50,0,0,0,0,0,10,30,10,0,50,0,0,0,50
02/04/2003,BMI,IL,AGL,CE,Federal Contract Tower,10,35,20,0,65,0,0,15,0,15,10,35,35,0,80,56,0,56,136
02/05/2003,BMI,IL,AGL,CE,Federal Contract Tower,9,37,20,0,66,0,0,41,2,43,9,37,61,2,109,138,0,138,247
02/06/2003,BMI,IL,AGL,CE,Federal Contract Tower,7,34,18,0,59,0,0,14,0,14,7,34,32,0,73,64,0,64,137
02/07/2003,BMI,IL,AGL,CE,Federal Contract Tower,6,35,19,2,62,0,0,27,0,27,6,35,46,2,89,44,0,44,133
02/08/2003,BMI,IL,AGL,CE,Federal Contract Tower,8,21,14,0,43,0,0,42,0,42,8,21,56,0,85,166,0,166,251
02/09/2003,BMI,IL,AGL,CE,Federal Contract Tower,10,24,9,2,45,0,0,78,0,78,10,24,87,2,123,88,0,88,211
02/10/2003,BMI,IL,AGL,CE,Federal Contract Tower,9,32,14,0,55,0,0,19,0,19,9,32,33,0,74,50,0,50,124
02/11/2003,BMI,IL,AGL,CE,Federal Contract Tower,10,33,14,0,57,0,0,35,0,35,10,33,49,0,92,46,0,46,138
02/12/2003,BMI,IL,AGL,CE,Federal Contract Tower,11,38,21,0,70,0,0,30,0,30,11,38,51,0,100,50,0,50,150
02/13/2003,BMI,IL,AGL,CE,Federal Contract Tower,10,32,11,0,53,0,0,46,0,46,10,32,57,0,99,158,0,158,257
02/14/2003,BMI,IL,AGL,CE,Federal Contract Tower,7,25,4,0,36,0,0,4,0,4,7,25,8,0,40,8,0,8,48
02/15/2003,BMI,IL,AGL,CE,Federal Contract Tower,3,5,2,0,10,0,0,0,0,0,3,5,2,0,10,0,0,0,10
02/16/2003,BMI,IL,AGL,CE,Federal Contract Tower,6,20,5,0,31,0,0,2,0,2,6,20,7,0,33,2,0,2,35
02/17/2003,BMI,IL,AGL,CE,Federal Contract Tower,10,29,11,0,50,0,0,0,0,0,10,29,11,0,50,0,0,0,50
02/18/2003,BMI,IL,AGL,CE,Federal Contract Tower,8,30,27,0,65,0,0,3,0,3,8,30,30,0,68,0,0,0,68
02/19/2003,BMI,IL,AGL,CE,Federal Contract Tower,10,31,31,0,72,0,0,46,0,46,10,31,77,0,118,90,6,96,214
02/20/2003,BMI,IL,AGL,CE,Federal Contract Tower,11,37,28,0,76,0,0,51,2,53,11,37,79,2,129,90,0,90,219
02/21/2003,BMI,IL,AGL,CE,Federal Contract Tower,7,36,18,0,61,0,0,10,0,10,7,36,28,0,71,62,0,62,133
02/22/2003,BMI,IL,AGL,CE,Federal Contract Tower,4,19,4,0,27,0,0,0,0,0,4,19,4,0,27,0,0,0,27
02/23/2003,BMI,IL,AGL,CE,Federal Contract Tower,7,25,3,0,35,0,0,58,0,58,7,25,61,0,93,52,0,52,145
02/24/2003,BMI,IL,AGL,CE,Federal Contract Tower,9,31,28,0,68,0,0,3,0,3,9,31,31,0,71,8,0,8,79
02/25/2003,BMI,IL,AGL,CE,Federal Contract Tower,12,29,27,0,68,0,0,26,0,26,12,29,53,0,94,60,0,60,154
02/26/2003,BMI,IL,AGL,CE,Federal Contract Tower,10,29,28,0,67,0,0,39,0,39,10,29,67,0,106,56,0,56,162
02/27/2003,BMI,IL,AGL,CE,Federal Contract Tower,9,31,20,0,60,0,0,20,0,20,9,31,40,0,80,28,0,28,108
02/28/2003,BMI,IL,AGL,CE,Federal Contract Tower,9,31,18,0,58,0,0,47,0,47,9,31,65,0,105,118,0,118,223
03/01/2003,BMI,IL,AGL,CE,Federal Contract Tower,4,17,14,0,35,1,0,7,0,8,5,17,21,0,43,2,0,2,45
03/02/2003,BMI,IL,AGL,CE,Federal Contract Tower,4,19,12,0,35,4,2,11,0,17,8,21,23,0,52,14,0,14,66
03/03/2003,BMI,IL,AGL,CE,Federal Contract Tower,9,33,27,0,69,1,0,16,0,17,10,33,43,0,86,82,0,82,168
03/04/2003,BMI,IL,AGL,CE,Federal Contract Tower,11,29,30,0,70,0,0,5,0,5,11,29,35,0,75,58,0,58,133
03/05/2003,BMI,IL,AGL,CE,Federal Contract Tower,7,30,22,0,59,0,0,6,0,6,7,30,28,0,65,6,0,6,71
03/06/2003,BMI,IL,AGL,CE,Federal Contract Tower,11,32,10,0,53,0,0,40,0,40,11,32,50,0,93,108,0,108,201
03/07/2003,BMI,IL,AGL,CE,Federal Contract Tower,10,33,27,0,70,0,0,23,0,23,10,33,50,0,93,32,0,32,125
03/08/2003,BMI,IL,AGL,CE,Federal Contract Tower,5,25,15,0,45,0,0,23,0,23,5,25,38,0,68,80,0,80,148
03/09/2003,BMI,IL,AGL,CE,Federal Contract Tower,9,22,24,0,55,0,0,46,0,46,9,22,70,0,101,98,0,98,199
03/10/2003,BMI,IL,AGL,CE,Federal Contract Tower,9,33,21,0,63,0,0,35,0,35,9,33,56,0,98,110,0,110,208
03/11/2003,BMI,IL,AGL,CE,Federal Contract Tower,9,33,36,0,78,0,0,47,0,47,9,33,83,0,125,50,0,50,175
03/12/2003,BMI,IL,AGL,CE,Federal Contract Tower,9,31,37,0,77,0,0,19,0,19,9,31,56,0,96,132,0,132,228
03/13/2003,BMI,IL,AGL,CE,Federal Contract Tower,10,30,37,0,77,0,0,12,0,12,10,30,49,0,89,88,0,88,177
03/14/2003,BMI,IL,AGL,CE,Federal Contract Tower,7,34,24,0,65,0,0,53,0,53,7,34,77,0,118,75,0,75,193
03/15/2003,BMI,IL,AGL,CE,Federal Contract Tower,5,19,17,0,41,0,0,13,0,13,5,19,30,0,54,4,0,4,58
03/16/2003,BMI,IL,AGL,CE,Federal Contract Tower,7,24,26,0,57,0,0,48,0,48,7,24,74,0,105,68,0,68,173
03/17/2003,BMI,IL,AGL,CE,Federal Contract Tower,13,37,30,0,80,0,0,29,0,29,13,37,59,0,109,78,0,78,187
03/18/2003,BMI,IL,AGL,CE,Federal Contract Tower,10,29,29,0,68,0,0,12,0,12,10,29,41,0,80,26,0,26,106
03/19/2003,BMI,IL,AGL,CE,Federal Contract Tower,7,32,17,0,56,0,0,0,0,0,7,32,17,0,56,0,0,0,56
03/20/2003,BMI,IL,AGL,CE,Federal Contract Tower,9,30,19,0,58,0,0,30,4,34,9,30,49,4,92,46,0,46,138
03/21/2003,BMI,IL,AGL,CE,Federal Contract Tower,10,34,21,0,65,0,0,22,0,22,10,34,43,0,87,42,0,42,129
03/22/2003,BMI,IL,AGL,CE,Federal Contract Tower,7,21,9,0,37,0,0,59,0,59,7,21,68,0,96,158,0,158,254
03/23/2003,BMI,IL,AGL,CE,Federal Contract Tower,9,23,11,0,43,0,0,59,0,59,9,23,70,0,102,30,8,38,140
03/24/2003,BMI,IL,AGL,CE,Federal Contract Tower,10,47,17,0,74,0,1,35,0,36,10,48,52,0,110,28,0,28,138
03/25/2003,BMI,IL,AGL,CE,Federal Contract Tower,9,33,18,0,60,0,0,22,0,22,9,33,40,0,82,40,0,40,122
03/26/2003,BMI,IL,AGL,CE,Federal Contract Tower,10,28,26,0,64,0,0,45,0,45,10,28,71,0,109,100,0,100,209
03/27/2003,BMI,IL,AGL,CE,Federal Contract Tower,9,34,9,0,52,0,0,14,0,14,9,34,23,0,66,36,0,36,102
03/28/2003,BMI,IL,AGL,CE,Federal Contract Tower,7,31,24,0,62,0,0,3,0,3,7,31,27,0,65,16,0,16,81
03/29/2003,BMI,IL,AGL,CE,Federal Contract Tower,6,23,2,0,31,0,0,10,0,10,6,23,12,0,41,74,0,74,115
03/30/2003,BMI,IL,AGL,CE,Federal Contract Tower,10,23,18,0,51,0,0,56,0,56,10,23,74,0,107,22,0,22,129
03/31/2003,BMI,IL,AGL,CE,Federal Contract Tower,12,28,20,0,60,0,0,45,0,45,12,28,65,0,105,34,0,34,139
04/01/2003,BMI,IL,AGL,CE,Federal Contract Tower,4,37,23,0,64,0,0,43,0,43,4,37,66,0,107,4,0,4,111
04/02/2003,BMI,IL,AGL,CE,Federal Contract Tower,8,32,29,0,69,0,0,46,0,46,8,32,75,0,115,76,0,76,191
04/03/2003,BMI,IL,AGL,CE,Federal Contract Tower,8,29,22,0,59,0,0,26,0,26,8,29,48,0,85,120,0,120,205
04/04/2003,BMI,IL,AGL,CE,Federal Contract Tower,6,24,6,1,37,0,0,9,0,9,6,24,15,1,46,0,0,0,46
04/05/2003,BMI,IL,AGL,CE,Federal Contract Tower,8,19,14,0,41,0,0,25,0,25,8,19,39,0,66,54,0,54,120
04/06/2003,BMI,IL,AGL,CE,Federal Contract Tower,5,22,13,0,40,0,0,4,0,4,5,22,17,0,44,0,0,0,44
04/07/2003,BMI,IL,AGL,CE,Federal Contract Tower,4,31,11,1,47,0,0,0,0,0,4,31,11,1,47,0,0,0,47
04/08/2003,BMI,IL,AGL,CE,Federal Contract Tower,4,23,23,0,50,0,0,0,0,0,4,23,23,0,50,0,0,0,50
04/09/2003,BMI,IL,AGL,CE,Federal Contract Tower,10,32,37,0,79,0,0,28,0,28,10,32,65,0,107,94,0,94,201
04/10/2003,BMI,IL,AGL,CE,Federal Contract Tower,8,30,28,0,66,0,0,73,0,73,8,30,101,0,139,96,0,96,235
04/11/2003,BMI,IL,AGL,CE,Federal Contract Tower,8,33,28,0,69,0,0,72,0,72,8,33,100,0,141,124,0,124,265
04/12/2003,BMI,IL,AGL,CE,Federal Contract Tower,7,22,16,0,45,0,0,86,0,86,7,22,102,0,131,22,0,22,153
04/13/2003,BMI,IL,AGL,CE,Federal Contract Tower,10,25,11,0,46,0,0,87,0,87,10,25,98,0,133,82,0,82,215
04/14/2003,BMI,IL,AGL,CE,Federal Contract Tower,8,32,20,0,60,0,0,28,0,28,8,32,48,0,88,22,0,22,110
04/15/2003,BMI,IL,AGL,CE,Federal Contract Tower,8,35,24,0,67,0,0,21,0,21,8,35,45,0,88,36,0,36,124
04/16/2003,BMI,IL,AGL,CE,Federal Contract Tower,8,28,20,0,56,0,0,8,0,8,8,28,28,0,64,0,0,0,64
04/17/2003,BMI,IL,AGL,CE,Federal Contract Tower,8,31,37,0,76,0,0,0,0,0,8,31,37,0,76,0,0,0,76
04/18/2003,BMI,IL,AGL,CE,Federal Contract Tower,8,30,21,0,59,0,0,15,0,15,8,30,36,0,74,84,0,84,158
04/19/2003,BMI,IL,AGL,CE,Federal Contract Tower,5,21,8,0,34,0,0,11,0,11,5,21,19,0,45,66,0,66,111
04/20/2003,BMI,IL,AGL,CE,Federal Contract Tower,6,25,1,0,32,0,0,8,0,8,6,25,9,0,40,8,0,8,48
04/21/2003,BMI,IL,AGL,CE,Federal Contract Tower,9,30,14,0,53,0,0,10,0,10,9,30,24,0,63,42,0,42,105
04/22/2003,BMI,IL,AGL,CE,Federal Contract Tower,7,31,23,0,61,0,0,59,0,59,7,31,82,0,120,88,0,88,208
04/23/2003,BMI,IL,AGL,CE,Federal Contract Tower,8,32,22,0,62,0,0,92,0,92,8,32,114,0,154,120,0,120,274
04/24/2003,BMI,IL,AGL,CE,Federal Contract Tower,8,32,30,0,70,0,0,17,0,17,8,32,47,0,87,38,0,38,125
04/25/2003,BMI,IL,AGL,CE,Federal Contract Tower,8,31,24,0,63,0,0,8,0,8,8,31,32,0,71,6,0,6,77
04/26/2003,BMI,IL,AGL,CE,Federal Contract Tower,6,24,17,0,47,0,0,101,0,101,6,24,118,0,148,72,0,72,220
04/27/2003,BMI,IL,AGL,CE,Federal Contract Tower,5,28,22,0,55,0,0,66,0,66,5,28,88,0,121,74,0,74,195
04/28/2003,BMI,IL,AGL,CE,Federal Contract Tower,8,32,17,0,57,0,0,42,0,42,8,32,59,0,99,56,0,56,155
04/29/2003,BMI,IL,AGL,CE,Federal Contract Tower,7,30,20,0,57,0,0,55,0,55,7,30,75,0,112,128,0,128,240
04/30/2003,BMI,IL,AGL,CE,Federal Contract Tower,7,33,13,0,53,0,0,16,0,16,7,33,29,0,69,6,0,6,75
05/01/2003,BMI,IL,AGL,CE,Federal Contract Tower,13,24,16,0,53,1,0,18,0,19,14,24,34,0,72,84,0,84,156
05/02/2003,BMI,IL,AGL,CE,Federal Contract Tower,12,29,18,0,59,0,0,23,0,23,12,29,41,0,82,30,0,30,112
05/03/2003,BMI,IL,AGL,CE,Federal Contract Tower,5,23,19,0,47,0,0,135,0,135,5,23,154,0,182,72,0,72,254
05/04/2003,BMI,IL,AGL,CE,Federal Contract Tower,5,22,8,1,36,0,0,7,0,7,5,22,15,1,43,0,0,0,43
05/05/2003,BMI,IL,AGL,CE,Federal Contract Tower,10,19,16,0,45,3,4,33,0,40,13,23,49,0,85,106,0,106,191
05/06/2003,BMI,IL,AGL,CE,Federal Contract Tower,10,22,19,0,51,1,0,48,0,49,11,22,67,0,100,94,0,94,194
05/07/2003,BMI,IL,AGL,CE,Federal Contract Tower,14,20,24,0,58,1,0,33,0,34,15,20,57,0,92,140,0,140,232
05/08/2003,BMI,IL,AGL,CE,Federal Contract Tower,13,21,23,0,57,1,0,2,0,3,14,21,25,0,60,32,0,32,92
05/09/2003,BMI,IL,AGL,CE,Federal Contract Tower,10,25,29,0,64,1,0,19,0,20,11,25,48,0,84,68,0,68,152
05/10/2003,BMI,IL,AGL,CE,Federal Contract Tower,8,19,4,0,31,1,0,7,0,8,9,19,11,0,39,32,0,32,71
05/11/2003,BMI,IL,AGL,CE,Federal Contract Tower,10,20,5,0,35,0,1,1,0,2,10,21,6,0,37,0,0,0,37
05/12/2003,BMI,IL,AGL,CE,Federal Contract Tower,13,22,15,0,50,0,1,23,0,24,13,23,38,0,74,48,0,48,122
05/13/2003,BMI,IL,AGL,CE,Federal Contract Tower,16,25,17,0,58,0,1,57,0,58,16,26,74,0,116,54,0,54,170
05/14/2003,BMI,IL,AGL,CE,Federal Contract Tower,13,22,24,0,59,0,1,18,0,19,13,23,42,0,78,90,0,90,168
05/15/2003,BMI,IL,AGL,CE,Federal Contract Tower,15,20,30,0,65,0,1,14,0,15,15,21,44,0,80,44,0,44,124
05/16/2003,BMI,IL,AGL,CE,Federal Contract Tower,16,19,27,0,62,0,1,34,0,35,16,20,61,0,97,100,0,100,197
05/17/2003,BMI,IL,AGL,CE,Federal Contract Tower,8,19,14,0,41,0,0,37,0,37,8,19,51,0,78,154,0,154,232
05/18/2003,BMI,IL,AGL,CE,Federal Contract Tower,8,22,26,0,56,0,0,10,0,10,8,22,36,0,66,0,0,0,66
05/19/2003,BMI,IL,AGL,CE,Federal Contract Tower,17,21,31,0,69,0,0,6,0,6,17,21,37,0,75,0,0,0,75
05/20/2003,BMI,IL,AGL,CE,Federal Contract Tower,16,20,17,0,53,0,0,30,0,30,16,20,47,0,83,92,0,92,175
05/21/2003,BMI,IL,AGL,CE,Federal Contract Tower,11,25,29,0,65,0,0,50,0,50,11,25,79,0,115,98,0,98,213
05/22/2003,BMI,IL,AGL,CE,Federal Contract Tower,14,24,25,0,63,0,0,69,0,69,14,24,94,0,132,144,0,144,276
05/23/2003,BMI,IL,AGL,CE,Federal Contract Tower,17,20,22,0,59,0,0,43,0,43,17,20,65,0,102,92,0,92,194
05/24/2003,BMI,IL,AGL,CE,Federal Contract Tower,8,17,5,0,30,0,0,109,0,109,8,17,114,0,139,130,0,130,269
05/25/2003,BMI,IL,AGL,CE,Federal Contract Tower,6,16,8,0,30,0,0,65,0,65,6,16,73,0,95,26,0,26,121
05/26/2003,BMI,IL,AGL,CE,Federal Contract Tower,7,21,26,0,54,0,0,46,0,46,7,21,72,0,100,34,0,34,134
05/27/2003,BMI,IL,AGL,CE,Federal Contract Tower,14,24,7,0,45,0,0,51,0,51,14,24,58,0,96,38,0,38,134
05/28/2003,BMI,IL,AGL,CE,Federal Contract Tower,14,23,37,0,74,0,0,18,0,18,14,23,55,0,92,22,0,22,114
05/29/2003,BMI,IL,AGL,CE,Federal Contract Tower,13,23,17,0,53,0,0,39,0,39,13,23,56,0,92,34,0,34,126
05/30/2003,BMI,IL,AGL,CE,Federal Contract Tower,13,23,7,0,43,0,0,26,0,26,13,23,33,0,69,70,0,70,139
05/31/2003,BMI,IL,AGL,CE,Federal Contract Tower,6,20,14,0,40,0,0,14,0,14,6,20,28,0,54,4,0,4,58
06/01/2003,BMI,IL,AGL,CE,Federal Contract Tower,11,21,14,0,46,0,0,52,0,52,11,21,66,0,98,52,0,52,150
06/02/2003,BMI,IL,AGL,CE,Federal Contract Tower,14,22,21,0,57,0,0,39,0,39,14,22,60,0,96,138,0,138,234
06/03/2003,BMI,IL,AGL,CE,Federal Contract Tower,15,23,24,0,62,0,0,1,0,1,15,23,25,0,63,0,0,0,63
06/04/2003,BMI,IL,AGL,CE,Federal Contract Tower,14,22,27,2,65,0,0,50,0,50,14,22,77,2,115,100,0,100,215
06/05/2003,BMI,IL,AGL,CE,Federal Contract Tower,16,22,15,0,53,0,0,46,0,46,16,22,61,0,99,214,0,214,313
06/06/2003,BMI,IL,AGL,CE,Federal Contract Tower,11,25,18,0,54,0,0,4,0,4,11,25,22,0,58,0,0,0,58
06/07/2003,BMI,IL,AGL,CE,Federal Contract Tower,7,19,14,0,40,0,0,73,0,73,7,19,87,0,113,46,0,46,159
06/08/2003,BMI,IL,AGL,CE,Federal Contract Tower,12,20,11,0,43,0,0,17,0,17,12,20,28,0,60,30,0,30,90
06/09/2003,BMI,IL,AGL,CE,Federal Contract Tower,16,23,23,0,62,0,0,60,0,60,16,23,83,0,122,172,0,172,294
06/10/2003,BMI,IL,AGL,CE,Federal Contract Tower,15,23,22,0,60,0,0,6,0,6,15,23,28,0,66,24,0,24,90
06/11/2003,BMI,IL,AGL,CE,Federal Contract Tower,14,20,34,0,68,0,0,11,0,11,14,20,45,0,79,46,0,46,125
06/12/2003,BMI,IL,AGL,CE,Federal Contract Tower,12,25,35,0,72,0,0,28,0,28,12,25,63,0,100,98,0,98,198
06/13/2003,BMI,IL,AGL,CE,Federal Contract Tower,13,21,13,0,47,0,0,10,0,10,13,21,23,0,57,62,0,62,119
06/14/2003,BMI,IL,AGL,CE,Federal Contract Tower,6,20,10,0,36,0,0,71,0,71,6,20,81,0,107,80,0,80,187
06/15/2003,BMI,IL,AGL,CE,Federal Contract Tower,11,21,7,0,39,0,0,65,0,65,11,21,72,0,104,74,0,74,178
06/16/2003,BMI,IL,AGL,CE,Federal Contract Tower,11,29,13,0,53,0,0,44,0,44,11,29,57,0,97,160,0,160,257
06/17/2003,BMI,IL,AGL,CE,Federal Contract Tower,14,23,15,0,52,0,0,71,0,71,14,23,86,0,123,106,0,106,229
06/18/2003,BMI,IL,AGL,CE,Federal Contract Tower,17,23,40,0,80,0,0,28,0,28,17,23,68,0,108,78,0,78,186
06/19/2003,BMI,IL,AGL,CE,Federal Contract Tower,10,27,19,0,56,0,0,37,0,37,10,27,56,0,93,62,0,62,155
06/20/2003,BMI,IL,AGL,CE,Federal Contract Tower,12,28,13,0,53,0,0,51,0,51,12,28,64,0,104,80,0,80,184
06/21/2003,BMI,IL,AGL,CE,Federal Contract Tower,6,23,12,0,41,0,0,58,0,58,6,23,70,0,99,52,0,52,151
06/22/2003,BMI,IL,AGL,CE,Federal Contract Tower,10,20,18,0,48,0,0,47,0,47,10,20,65,0,95,38,0,38,133
06/23/2003,BMI,IL,AGL,CE,Federal Contract Tower,16,23,24,0,63,0,0,39,0,39,16,23,63,0,102,16,0,16,118
06/24/2003,BMI,IL,AGL,CE,Federal Contract Tower,18,19,24,0,61,0,0,38,0,38,18,19,62,0,99,112,0,112,211
06/25/2003,BMI,IL,AGL,CE,Federal Contract Tower,15,20,24,0,59,0,0,39,0,39,15,20,63,0,98,68,0,68,166
06/26/2003,BMI,IL,AGL,CE,Federal Contract Tower,16,23,15,0,54,0,0,19,0,19,16,23,34,0,73,10,0,10,83
06/27/2003,BMI,IL,AGL,CE,Federal Contract Tower,15,21,26,0,62,0,0,39,0,39,15,21,65,0,101,140,0,140,241
06/28/2003,BMI,IL,AGL,CE,Federal Contract Tower,6,22,12,0,40,0,0,29,0,29,6,22,41,0,69,56,0,56,125
06/29/2003,BMI,IL,AGL,CE,Federal Contract Tower,12,20,19,2,53,0,0,49,0,49,12,20,68,2,102,18,0,18,120
06/30/2003,BMI,IL,AGL,CE,Federal Contract Tower,15,21,15,0,51,0,0,59,0,59,15,21,74,0,110,138,0,138,248
07/01/2003,BMI,IL,AGL,CE,Federal Contract Tower,10,27,18,0,55,0,0,38,0,38,10,27,56,0,93,164,0,164,257
07/02/2003,BMI,IL,AGL,CE,Federal Contract Tower,14,27,15,0,56,0,0,57,0,57,14,27,72,0,113,132,0,132,245
07/03/2003,BMI,IL,AGL,CE,Federal Contract Tower,12,28,15,0,55,0,0,41,0,41,12,28,56,0,96,98,0,98,194
07/04/2003,BMI,IL,AGL,CE,Federal Contract Tower,6,25,6,0,37,0,0,26,0,26,6,25,32,0,63,30,0,30,93
07/05/2003,BMI,IL,AGL,CE,Federal Contract Tower,6,18,12,0,36,0,0,34,0,34,6,18,46,0,70,30,0,30,100
07/06/2003,BMI,IL,AGL,CE,Federal Contract Tower,7,21,13,0,41,0,0,31,0,31,7,21,44,0,72,0,0,0,72
07/07/2003,BMI,IL,AGL,CE,Federal Contract Tower,12,21,25,0,58,0,0,31,0,31,12,21,56,0,89,88,0,88,177
07/08/2003,BMI,IL,AGL,CE,Federal Contract Tower,11,20,18,0,49,0,0,24,0,24,11,20,42,0,73,20,0,20,93
07/09/2003,BMI,IL,AGL,CE,Federal Contract Tower,9,27,26,0,62,0,0,7,0,7,9,27,33,0,69,8,0,8,77
07/10/2003,BMI,IL,AGL,CE,Federal Contract Tower,7,26,32,0,65,0,0,26,0,26,7,26,58,0,91,44,0,44,135
07/11/2003,BMI,IL,AGL,CE,Federal Contract Tower,12,21,19,0,52,0,0,54,0,54,12,21,73,0,106,96,0,96,202
07/12/2003,BMI,IL,AGL,CE,Federal Contract Tower,7,21,17,0,45,0,0,64,0,64,7,21,81,0,109,140,0,140,249
07/13/2003,BMI,IL,AGL,CE,Federal Contract Tower,8,23,13,0,44,0,0,64,0,64,8,23,77,0,108,64,0,64,172
07/14/2003,BMI,IL,AGL,CE,Federal Contract Tower,14,26,29,0,69,0,0,36,0,36,14,26,65,0,105,110,0,110,215
07/15/2003,BMI,IL,AGL,CE,Federal Contract Tower,14,27,28,0,69,0,0,28,0,28,14,27,56,0,97,60,0,60,157
07/16/2003,BMI,IL,AGL,CE,Federal Contract Tower,8,28,17,0,53,0,0,70,0,70,8,28,87,0,123,84,0,84,207
07/17/2003,BMI,IL,AGL,CE,Federal Contract Tower,13,19,20,0,52,0,0,57,0,57,13,19,77,0,109,182,0,182,291
07/18/2003,BMI,IL,AGL,CE,Federal Contract Tower,9,25,19,0,53,0,0,15,0,15,9,25,34,0,68,70,0,70,138
07/19/2003,BMI,IL,AGL,CE,Federal Contract Tower,7,24,16,0,47,0,0,114,0,114,7,24,130,0,161,132,0,132,293
07/20/2003,BMI,IL,AGL,CE,Federal Contract Tower,8,23,12,0,43,0,0,30,0,30,8,23,42,0,73,66,0,66,139
07/21/2003,BMI,IL,AGL,CE,Federal Contract Tower,9,27,31,2,69,0,0,37,0,37,9,27,68,2,106,56,0,56,162
07/22/2003,BMI,IL,AGL,CE,Federal Contract Tower,11,25,32,0,68,0,0,12,0,12,11,25,44,0,80,24,0,24,104
07/23/2003,BMI,IL,AGL,CE,Federal Contract Tower,11,25,21,2,59,0,0,51,0,51,11,25,72,2,110,136,0,136,246
07/24/2003,BMI,IL,AGL,CE,Federal Contract Tower,14,23,25,0,62,0,0,70,0,70,14,23,95,0,132,110,0,110,242
07/25/2003,BMI,IL,AGL,CE,Federal Contract Tower,10,27,25,0,62,0,0,48,0,48,10,27,73,0,110,58,0,58,168
07/26/2003,BMI,IL,AGL,CE,Federal Contract Tower,7,24,12,0,43,0,0,57,0,57,7,24,69,0,100,30,0,30,130
07/27/2003,BMI,IL,AGL,CE,Federal Contract Tower,6,21,15,0,42,0,0,30,0,30,6,21,45,0,72,46,0,46,118
07/28/2003,BMI,IL,AGL,CE,Federal Contract Tower,14,27,32,0,73,0,0,24,0,24,14,27,56,0,97,152,0,152,249
07/29/2003,BMI,IL,AGL,CE,Federal Contract Tower,14,29,20,0,63,0,0,66,0,66,14,29,86,0,129,146,0,146,275
07/30/2003,BMI,IL,AGL,CE,Federal Contract Tower,12,26,25,0,63,0,0,56,0,56,12,26,81,0,119,242,0,242,361
07/31/2003,BMI,IL,AGL,CE,Federal Contract Tower,13,25,39,0,77,0,0,50,0,50,13,25,89,0,127,116,0,116,243
08/01/2003,BMI,IL,AGL,CE,Federal Contract Tower,15,16,16,0,47,0,0,29,0,29,15,16,45,0,76,56,0,56,132
08/02/2003,BMI,IL,AGL,CE,Federal Contract Tower,8,21,8,0,37,0,0,25,0,25,8,21,33,0,62,40,0,40,102
08/03/2003,BMI,IL,AGL,CE,Federal Contract Tower,11,17,12,0,40,0,0,23,0,23,11,17,35,0,63,108,0,108,171
08/04/2003,BMI,IL,AGL,CE,Federal Contract Tower,16,17,29,0,62,0,0,37,0,37,16,17,66,0,99,146,0,146,245
08/05/2003,BMI,IL,AGL,CE,Federal Contract Tower,18,22,22,0,62,0,0,48,0,48,18,22,70,0,110,174,0,174,284
08/06/2003,BMI,IL,AGL,CE,Federal Contract Tower,18,17,27,0,62,0,0,34,0,34,18,17,61,0,96,84,0,84,180
08/07/2003,BMI,IL,AGL,CE,Federal Contract Tower,17,20,22,0,59,0,0,57,0,57,17,20,79,0,116,176,0,176,292
08/08/2003,BMI,IL,AGL,CE,Federal Contract Tower,18,24,21,0,63,0,0,41,0,41,18,24,62,0,104,126,0,126,230
08/09/2003,BMI,IL,AGL,CE,Federal Contract Tower,6,24,6,0,36,0,0,66,0,66,6,24,72,0,102,8,0,8,110
08/10/2003,BMI,IL,AGL,CE,Federal Contract Tower,10,27,14,0,51,0,0,81,0,81,10,27,95,0,132,8,0,8,140
08/11/2003,BMI,IL,AGL,CE,Federal Contract Tower,14,21,27,0,62,0,0,26,0,26,14,21,53,0,88,54,0,54,142
08/12/2003,BMI,IL,AGL,CE,Federal Contract Tower,18,25,24,0,67,0,0,28,0,28,18,25,52,0,95,116,0,116,211
08/13/2003,BMI,IL,AGL,CE,Federal Contract Tower,20,24,29,0,73,0,0,29,0,29,20,24,58,0,102,60,0,60,162
08/14/2003,BMI,IL,AGL,CE,Federal Contract Tower,18,22,37,0,77,0,0,29,0,29,18,22,66,0,106,144,0,144,250
08/15/2003,BMI,IL,AGL,CE,Federal Contract Tower,18,29,22,0,69,0,0,45,0,45,18,29,67,0,114,62,0,62,176
08/16/2003,BMI,IL,AGL,CE,Federal Contract Tower,8,27,8,0,43,0,0,54,0,54,8,27,62,0,97,84,0,84,181
08/17/2003,BMI,IL,AGL,CE,Federal Contract Tower,6,29,14,0,49,0,0,46,12,58,6,29,60,12,107,12,0,12,119
08/18/2003,BMI,IL,AGL,CE,Federal Contract Tower,17,22,26,0,65,0,0,33,0,33,17,22,59,0,98,94,0,94,192
08/19/2003,BMI,IL,AGL,CE,Federal Contract Tower,16,24,13,0,53,0,0,45,0,45,16,24,58,0,98,86,0,86,184
08/20/2003,BMI,IL,AGL,CE,Federal Contract Tower,17,19,28,0,64,0,0,43,0,43,17,19,71,0,107,34,0,34,141
08/21/2003,BMI,IL,AGL,CE,Federal Contract Tower,15,20,22,0,57,0,0,47,0,47,15,20,69,0,104,60,0,60,164
08/22/2003,BMI,IL,AGL,CE,Federal Contract Tower,14,24,18,0,56,0,0,64,0,64,14,24,82,0,120,74,0,74,194
08/23/2003,BMI,IL,AGL,CE,Federal Contract Tower,7,24,14,0,45,0,0,64,0,64,7,24,78,0,109,48,0,48,157
08/24/2003,BMI,IL,AGL,CE,Federal Contract Tower,10,23,20,0,53,0,0,48,0,48,10,23,68,0,101,2,0,2,103
08/25/2003,BMI,IL,AGL,CE,Federal Contract Tower,16,23,25,0,64,0,0,27,0,27,16,23,52,0,91,50,0,50,141
08/26/2003,BMI,IL,AGL,CE,Federal Contract Tower,15,23,18,0,56,0,0,30,0,30,15,23,48,0,86,56,0,56,142
08/27/2003,BMI,IL,AGL,CE,Federal Contract Tower,15,22,21,0,58,0,0,52,0,52,15,22,73,0,110,40,0,40,150
08/28/2003,BMI,IL,AGL,CE,Federal Contract Tower,16,26,37,0,79,0,0,34,0,34,16,26,71,0,113,36,0,36,149
08/29/2003,BMI,IL,AGL,CE,Federal Contract Tower,14,26,24,0,64,0,0,9,0,9,14,26,33,0,73,6,0,6,79
08/30/2003,BMI,IL,AGL,CE,Federal Contract Tower,8,26,5,0,39,0,0,38,0,38,8,26,43,0,77,46,0,46,123
08/31/2003,BMI,IL,AGL,CE,Federal Contract Tower,5,23,14,0,42,0,0,2,0,2,5,23,16,0,44,8,0,8,52
09/01/2003,BMI,IL,AGL,CE,Federal Contract Tower,5,22,20,0,47,1,0,0,0,1,6,22,20,0,48,0,0,0,48
09/02/2003,BMI,IL,AGL,CE,Federal Contract Tower,10,28,33,0,71,1,0,18,0,19,11,28,51,0,90,46,0,46,136
09/03/2003,BMI,IL,AGL,CE,Federal Contract Tower,11,31,44,0,86,1,0,29,0,30,12,31,73,0,116,36,0,36,152
09/04/2003,BMI,IL,AGL,CE,Federal Contract Tower,11,28,25,0,64,1,0,38,0,39,12,28,63,0,103,52,0,52,155
09/05/2003,BMI,IL,AGL,CE,Federal Contract Tower,8,30,28,0,66,1,0,56,0,57,9,30,84,0,123,62,0,62,185
09/06/2003,BMI,IL,AGL,CE,Federal Contract Tower,5,22,12,0,39,0,1,54,0,55,5,23,66,0,94,26,0,26,120
09/07/2003,BMI,IL,AGL,CE,Federal Contract Tower,6,26,19,0,51,0,1,60,0,61,6,27,79,0,112,86,0,86,198
09/08/2003,BMI,IL,AGL,CE,Federal Contract Tower,9,27,24,0,60,0,1,21,0,22,9,28,45,0,82,74,0,74,156
09/09/2003,BMI,IL,AGL,CE,Federal Contract Tower,12,26,35,0,73,0,1,35,0,36,12,27,70,0,109,36,0,36,145
09/10/2003,BMI,IL,AGL,CE,Federal Contract Tower,12,27,33,0,72,0,1,43,0,44,12,28,76,0,116,56,0,56,172
09/11/2003,BMI,IL,AGL,CE,Federal Contract Tower,8,26,37,0,71,0,1,30,0,31,8,27,67,0,102,18,0,18,120
09/12/2003,BMI,IL,AGL,CE,Federal Contract Tower,12,25,25,0,62,0,1,9,0,10,12,26,34,0,72,0,0,0,72
09/13/2003,BMI,IL,AGL,CE,Federal Contract Tower,5,25,8,0,38,0,0,17,0,17,5,25,25,0,55,18,0,18,73
09/14/2003,BMI,IL,AGL,CE,Federal Contract Tower,6,26,10,0,42,0,0,18,0,18,6,26,28,0,60,28,0,28,88
09/15/2003,BMI,IL,AGL,CE,Federal Contract Tower,10,30,21,0,61,0,0,42,0,42,10,30,63,0,103,36,0,36,139
09/16/2003,BMI,IL,AGL,CE,Federal Contract Tower,10,29,27,0,66,0,0,46,0,46,10,29,73,0,112,48,0,48,160
09/17/2003,BMI,IL,AGL,CE,Federal Contract Tower,10,28,28,0,66,0,0,42,0,42,10,28,70,0,108,34,0,34,142
09/18/2003,BMI,IL,AGL,CE,Federal Contract Tower,10,32,22,0,64,0,0,43,0,43,10,32,65,0,107,96,0,96,203
09/19/2003,BMI,IL,AGL,CE,Federal Contract Tower,7,21,19,0,47,1,0,45,0,46,8,21,64,0,93,14,0,14,107
09/20/2003,BMI,IL,AGL,CE,Federal Contract Tower,6,22,11,0,39,0,0,77,0,77,6,22,88,0,116,116,0,116,232
09/21/2003,BMI,IL,AGL,CE,Federal Contract Tower,6,28,13,0,47,0,0,41,0,41,6,28,54,0,88,26,0,26,114
09/22/2003,BMI,IL,AGL,CE,Federal Contract Tower,10,36,23,0,69,0,0,12,0,12,10,36,35,0,81,56,0,56,137
09/23/2003,BMI,IL,AGL,CE,Federal Contract Tower,12,32,21,0,65,0,0,40,0,40,12,32,61,0,105,64,0,64,169
09/24/2003,BMI,IL,AGL,CE,Federal Contract Tower,11,31,26,0,68,0,0,24,0,24,11,31,50,0,92,16,0,16,108
09/25/2003,BMI,IL,AGL,CE,Federal Contract Tower,10,30,38,0,78,0,0,56,0,56,10,30,94,0,134,42,0,42,176
09/26/2003,BMI,IL,AGL,CE,Federal Contract Tower,13,23,12,0,48,0,0,18,0,18,13,23,30,0,66,8,0,8,74
09/27/2003,BMI,IL,AGL,CE,Federal Contract Tower,9,23,7,0,39,0,0,50,0,50,9,23,57,0,89,114,0,114,203
09/28/2003,BMI,IL,AGL,CE,Federal Contract Tower,6,27,12,0,45,0,0,24,0,24,6,27,36,0,69,4,0,4,73
09/29/2003,BMI,IL,AGL,CE,Federal Contract Tower,11,31,13,0,55,0,0,27,0,27,11,31,40,0,82,52,0,52,134
09/30/2003,BMI,IL,AGL,CE,Federal Contract Tower,10,31,22,10,73,0,0,20,0,20,10,31,42,10,93,16,8,24,117
10/01/2003,BMI,IL,AGL,CE,Federal Contract Tower,11,30,22,0,63,1,0,23,3,27,12,30,45,3,90,68,8,76,166
10/02/2003,BMI,IL,AGL,CE,Federal Contract Tower,11,31,22,0,64,0,2,56,0,58,11,33,78,0,122,58,0,58,180
10/03/2003,BMI,IL,AGL,CE,Federal Contract Tower,12,31,22,0,65,2,7,2,0,11,14,38,24,0,76,50,0,50,126
10/04/2003,BMI,IL,AGL,CE,Federal Contract Tower,6,17,12,0,35,0,5,39,0,44,6,22,51,0,79,50,0,50,129
10/05/2003,BMI,IL,AGL,CE,Federal Contract Tower,6,23,16,0,45,0,4,54,0,58,6,27,70,0,103,26,0,26,129
10/06/2003,BMI,IL,AGL,CE,Federal Contract Tower,9,23,17,0,49,2,2,35,0,39,11,25,52,0,88,42,0,42,130
10/07/2003,BMI,IL,AGL,CE,Federal Contract Tower,12,32,23,0,67,0,0,56,0,56,12,32,79,0,123,82,0,82,205
10/08/2003,BMI,IL,AGL,CE,Federal Contract Tower,11,27,21,0,59,1,0,44,2,47,12,27,65,2,106,110,6,116,222
10/09/2003,BMI,IL,AGL,CE,Federal Contract Tower,12,32,26,0,70,0,0,28,0,28,12,32,54,0,98,70,0,70,168
10/10/2003,BMI,IL,AGL,CE,Federal Contract Tower,11,37,26,0,74,0,2,29,0,31,11,39,55,0,105,28,0,28,133
10/11/2003,BMI,IL,AGL,CE,Federal Contract Tower,5,24,17,0,46,0,1,17,0,18,5,25,34,0,64,0,0,0,64
10/12/2003,BMI,IL,AGL,CE,Federal Contract Tower,6,23,16,0,45,0,5,53,0,58,6,28,69,0,103,22,0,22,125
10/13/2003,BMI,IL,AGL,CE,Federal Contract Tower,12,31,22,0,65,0,2,47,0,49,12,33,69,0,114,186,0,186,300
10/14/2003,BMI,IL,AGL,CE,Federal Contract Tower,11,31,19,0,61,0,8,0,0,8,11,39,19,0,69,4,0,4,73
10/15/2003,BMI,IL,AGL,CE,Federal Contract Tower,12,32,22,0,66,0,1,41,0,42,12,33,63,0,108,104,0,104,212
10/16/2003,BMI,IL,AGL,CE,Federal Contract Tower,10,29,21,0,60,1,0,22,0,23,11,29,43,0,83,18,0,18,101
10/17/2003,BMI,IL,AGL,CE,Federal Contract Tower,10,30,21,1,62,0,0,51,1,52,10,30,72,2,114,22,0,22,136
10/18/2003,BMI,IL,AGL,CE,Federal Contract Tower,6,22,13,0,41,0,3,93,0,96,6,25,106,0,137,0,0,0,137
10/19/2003,BMI,IL,AGL,CE,Federal Contract Tower,6,25,17,0,48,0,2,53,0,55,6,27,70,0,103,32,0,32,135
10/20/2003,BMI,IL,AGL,CE,Federal Contract Tower,8,26,17,0,51,3,1,17,0,21,11,27,34,0,72,12,0,12,84
10/21/2003,BMI,IL,AGL,CE,Federal Contract Tower,10,31,20,0,61,2,0,27,0,29,12,31,47,0,90,40,0,40,130
10/22/2003,BMI,IL,AGL,CE,Federal Contract Tower,11,34,23,0,68,0,0,50,0,50,11,34,73,0,118,32,0,32,150
10/23/2003,BMI,IL,AGL,CE,Federal Contract Tower,11,30,23,0,64,0,0,59,0,59,11,30,82,0,123,42,0,42,165
10/24/2003,BMI,IL,AGL,CE,Federal Contract Tower,11,29,23,1,64,4,0,16,1,21,15,29,39,2,85,4,2,6,91
10/25/2003,BMI,IL,AGL,CE,Federal Contract Tower,6,21,14,0,41,2,2,1,0,5,8,23,15,0,46,0,0,0,46
10/26/2003,BMI,IL,AGL,CE,Federal Contract Tower,5,25,18,0,48,0,1,20,0,21,5,26,38,0,69,20,0,20,89
10/27/2003,BMI,IL,AGL,CE,Federal Contract Tower,11,28,23,0,62,1,0,37,0,38,12,28,60,0,100,28,0,28,128
10/28/2003,BMI,IL,AGL,CE,Federal Contract Tower,12,31,26,0,69,0,0,15,0,15,12,31,41,0,84,28,0,28,112
10/29/2003,BMI,IL,AGL,CE,Federal Contract Tower,10,28,22,0,60,2,0,32,0,34,12,28,54,0,94,26,0,26,120
10/30/2003,BMI,IL,AGL,CE,Federal Contract Tower,12,29,24,0,65,1,0,23,0,24,13,29,47,0,89,0,0,0,89
10/31/2003,BMI,IL,AGL,CE,Federal Contract Tower,10,32,22,0,64,3,0,12,0,15,13,32,34,0,79,36,0,36,115
11/01/2003,BMI,IL,AGL,CE,Federal Contract Tower,6,18,17,0,41,6,0,26,0,32,12,18,43,0,73,72,0,72,145
11/02/2003,BMI,IL,AGL,CE,Federal Contract Tower,7,22,21,0,50,3,0,7,0,10,10,22,28,0,60,0,0,0,60
11/03/2003,BMI,IL,AGL,CE,Federal Contract Tower,8,30,22,0,60,0,0,25,0,25,8,30,47,0,85,18,0,18,103
11/04/2003,BMI,IL,AGL,CE,Federal Contract Tower,4,31,23,0,58,0,0,19,0,19,4,31,42,0,77,0,0,0,77
11/05/2003,BMI,IL,AGL,CE,Federal Contract Tower,5,30,20,0,55,0,1,1,0,2,5,31,21,0,57,28,0,28,85
11/06/2003,BMI,IL,AGL,CE,Federal Contract Tower,7,34,24,0,65,0,0,32,0,32,7,34,56,0,97,44,0,44,141
11/07/2003,BMI,IL,AGL,CE,Federal Contract Tower,6,28,18,0,52,0,7,43,0,50,6,35,61,0,102,38,0,38,140
11/08/2003,BMI,IL,AGL,CE,Federal Contract Tower,5,18,12,0,35,1,6,47,0,54,6,24,59,0,89,106,0,106,195
11/09/2003,BMI,IL,AGL,CE,Federal Contract Tower,5,20,13,0,38,1,8,29,0,38,6,28,42,0,76,16,0,16,92
11/10/2003,BMI,IL,AGL,CE,Federal Contract Tower,6,28,18,0,52,0,3,18,0,21,6,31,36,0,73,24,0,24,97
11/11/2003,BMI,IL,AGL,CE,Federal Contract Tower,5,29,21,0,55,0,0,8,0,8,5,29,29,0,63,0,0,0,63
11/12/2003,BMI,IL,AGL,CE,Federal Contract Tower,5,20,9,0,34,2,4,0,0,6,7,24,9,0,40,0,0,0,40
11/13/2003,BMI,IL,AGL,CE,Federal Contract Tower,7,31,23,0,61,0,0,25,2,27,7,31,48,2,88,16,10,26,114
11/14/2003,BMI,IL,AGL,CE,Federal Contract Tower,5,29,19,0,53,0,5,43,0,48,5,34,62,0,101,62,0,62,163
11/15/2003,BMI,IL,AGL,CE,Federal Contract Tower,5,18,14,0,37,0,0,4,0,4,5,18,18,0,41,0,0,0,41
11/16/2003,BMI,IL,AGL,CE,Federal Contract Tower,3,24,20,0,47,0,0,21,0,21,3,24,41,0,68,4,0,4,72
11/17/2003,BMI,IL,AGL,CE,Federal Contract Tower,5,21,14,0,40,1,0,2,0,3,6,21,16,0,43,0,0,0,43
11/18/2003,BMI,IL,AGL,CE,Federal Contract Tower,5,28,17,0,50,1,2,0,0,3,6,30,17,0,53,0,0,0,53
11/19/2003,BMI,IL,AGL,CE,Federal Contract Tower,6,31,21,0,58,0,0,58,0,58,6,31,79,0,116,110,0,110,226
11/20/2003,BMI,IL,AGL,CE,Federal Contract Tower,6,33,21,0,60,0,1,29,0,30,6,34,50,0,90,22,0,22,112
11/21/2003,BMI,IL,AGL,CE,Federal Contract Tower,5,32,21,0,58,0,2,47,0,49,5,34,68,0,107,20,0,20,127
11/22/2003,BMI,IL,AGL,CE,Federal Contract Tower,5,21,15,0,41,1,0,7,0,8,6,21,22,0,49,44,0,44,93
11/23/2003,BMI,IL,AGL,CE,Federal Contract Tower,3,19,5,0,27,0,8,0,0,8,3,27,5,0,35,0,0,0,35
11/24/2003,BMI,IL,AGL,CE,Federal Contract Tower,4,24,15,0,43,4,0,6,0,10,8,24,21,0,53,0,0,0,53
11/25/2003,BMI,IL,AGL,CE,Federal Contract Tower,7,32,23,0,62,1,0,36,0,37,8,32,59,0,99,82,0,82,181
11/26/2003,BMI,IL,AGL,CE,Federal Contract Tower,6,34,22,0,62,0,2,50,0,52,6,36,72,0,114,136,0,136,250
11/27/2003,BMI,IL,AGL,CE,Federal Contract Tower,4,21,9,0,34,0,4,0,0,4,4,25,9,0,38,0,0,0,38
11/28/2003,BMI,IL,AGL,CE,Federal Contract Tower,4,20,5,0,29,2,8,0,0,10,6,28,5,0,39,20,0,20,59
11/29/2003,BMI,IL,AGL,CE,Federal Contract Tower,5,26,17,0,48,1,0,27,0,28,6,26,44,0,76,30,0,30,106
11/30/2003,BMI,IL,AGL,CE,Federal Contract Tower,4,29,18,0,51,0,0,51,0,51,4,29,69,0,102,100,0,100,202
12/01/2003,BMI,IL,AGL,CE,Federal Contract Tower,5,31,17,0,53,0,1,27,0,28,5,32,44,0,81,12,0,12,93
12/02/2003,BMI,IL,AGL,CE,Federal Contract Tower,6,34,20,0,60,0,0,53,0,53,6,34,73,0,113,26,0,26,139
12/03/2003,BMI,IL,AGL,CE,Federal Contract Tower,7,35,21,0,63,0,0,31,0,31,7,35,52,0,94,12,0,12,106
12/04/2003,BMI,IL,AGL,CE,Federal Contract Tower,3,30,15,0,48,0,4,0,0,4,3,34,15,0,52,0,0,0,52
12/05/2003,BMI,IL,AGL,CE,Federal Contract Tower,6,31,17,0,54,0,0,2,0,2,6,31,19,0,56,0,0,0,56
12/06/2003,BMI,IL,AGL,CE,Federal Contract Tower,5,23,11,0,39,2,0,50,0,52,7,23,61,0,91,104,0,104,195
12/07/2003,BMI,IL,AGL,CE,Federal Contract Tower,4,32,18,0,54,0,0,17,0,17,4,32,35,0,71,14,0,14,85
12/08/2003,BMI,IL,AGL,CE,Federal Contract Tower,8,33,21,0,62,0,0,27,0,27,8,33,48,0,89,70,0,70,159
12/09/2003,BMI,IL,AGL,CE,Federal Contract Tower,5,20,13,0,38,1,0,4,0,5,6,20,17,0,43,0,0,0,43
12/10/2003,BMI,IL,AGL,CE,Federal Contract Tower,6,34,20,0,60,0,0,6,6,12,6,34,26,6,72,0,8,8,80
12/11/2003,BMI,IL,AGL,CE,Federal Contract Tower,5,34,21,0,60,0,0,34,0,34,5,34,55,0,94,72,0,72,166
12/12/2003,BMI,IL,AGL,CE,Federal Contract Tower,6,33,17,0,56,0,4,43,0,47,6,37,60,0,103,109,0,109,212
12/13/2003,BMI,IL,AGL,CE,Federal Contract Tower,4,20,11,0,35,1,6,2,0,9,5,26,13,0,44,48,0,48,92
12/14/2003,BMI,IL,AGL,CE,Federal Contract Tower,3,24,8,0,35,0,7,0,0,7,3,31,8,0,42,0,0,0,42
12/15/2003,BMI,IL,AGL,CE,Federal Contract Tower,5,27,15,0,47,2,4,7,0,13,7,31,22,0,60,0,0,0,60
12/16/2003,BMI,IL,AGL,CE,Federal Contract Tower,6,35,19,0,60,0,0,11,0,11,6,35,30,0,71,2,0,2,73
12/17/2003,BMI,IL,AGL,CE,Federal Contract Tower,6,37,22,0,65,0,0,49,0,49,6,37,71,0,114,42,0,42,156
12/18/2003,BMI,IL,AGL,CE,Federal Contract Tower,5,39,19,0,63,0,0,3,0,3,5,39,22,0,66,0,0,0,66
12/19/2003,BMI,IL,AGL,CE,Federal Contract Tower,5,34,16,0,55,1,3,7,0,11,6,37,23,0,66,2,0,2,68
12/20/2003,BMI,IL,AGL,CE,Federal Contract Tower,5,25,14,0,44,1,0,65,0,66,6,25,79,0,110,84,0,84,194
12/21/2003,BMI,IL,AGL,CE,Federal Contract Tower,4,24,12,0,40,0,5,10,0,15,4,29,22,0,55,22,0,22,77
12/22/2003,BMI,IL,AGL,CE,Federal Contract Tower,6,30,18,0,54,0,0,24,0,24,6,30,42,0,78,62,0,62,140
12/23/2003,BMI,IL,AGL,CE,Federal Contract Tower,4,22,14,0,40,1,0,14,0,15,5,22,28,0,55,20,0,20,75
12/24/2003,BMI,IL,AGL,CE,Federal Contract Tower,4,28,15,0,47,0,1,20,0,21,4,29,35,0,68,144,0,144,212
12/25/2003,BMI,IL,AGL,CE,Federal Contract Tower,3,23,12,0,38,1,7,4,0,12,4,30,16,0,50,2,0,2,52
12/26/2003,BMI,IL,AGL,CE,Federal Contract Tower,5,31,16,0,52,1,2,37,0,40,6,33,53,0,92,102,0,102,194
12/27/2003,BMI,IL,AGL,CE,Federal Contract Tower,3,22,12,0,37,3,4,11,0,18,6,26,23,0,55,134,0,134,189
12/28/2003,BMI,IL,AGL,CE,Federal Contract Tower,4,27,13,0,44,0,7,2,0,9,4,34,15,0,53,4,0,4,57
12/29/2003,BMI,IL,AGL,CE,Federal Contract Tower,4,29,15,0,48,2,5,26,0,33,6,34,41,0,81,102,0,102,183
12/30/2003,BMI,IL,AGL,CE,Federal Contract Tower,5,32,17,0,54,1,1,43,0,45,6,33,60,0,99,136,0,136,235
12/31/2003,BMI,IL,AGL,CE,Federal Contract Tower,4,27,13,0,44,2,3,37,0,42,6,30,50,0,86,52,0,52,138
01/01/2004,BMI,IL,AGL,CE,Federal Contract Tower,4,22,12,0,38,0,9,3,0,12,4,31,15,0,50,12,0,12,62
01/02/2004,BMI,IL,AGL,CE,Federal Contract Tower,4,21,10,0,35,0,0,8,0,8,4,21,18,0,43,56,0,56,99
01/03/2004,BMI,IL,AGL,CE,Federal Contract Tower,4,20,11,0,35,1,3,31,0,35,5,23,42,0,70,72,0,72,142
01/04/2004,BMI,IL,AGL,CE,Federal Contract Tower,3,15,4,0,22,0,5,0,0,5,3,20,4,0,27,0,0,0,27
01/05/2004,BMI,IL,AGL,CE,Federal Contract Tower,5,26,13,0,44,0,0,9,0,9,5,26,22,0,53,0,0,0,53
01/06/2004,BMI,IL,AGL,CE,Federal Contract Tower,7,32,18,0,57,0,0,13,0,13,7,32,31,0,70,0,0,0,70
01/07/2004,BMI,IL,AGL,CE,Federal Contract Tower,5,31,19,0,55,0,0,16,0,16,5,31,35,0,71,22,0,22,93
01/08/2004,BMI,IL,AGL,CE,Federal Contract Tower,6,28,14,0,48,0,6,8,0,14,6,34,22,0,62,72,0,72,134
01/09/2004,BMI,IL,AGL,CE,Federal Contract Tower,5,30,16,0,51,0,5,23,0,28,5,35,39,0,79,78,0,78,157
01/10/2004,BMI,IL,AGL,CE,Federal Contract Tower,4,14,8,0,26,2,0,46,0,48,6,14,54,0,74,84,0,84,158
01/11/2004,BMI,IL,AGL,CE,Federal Contract Tower,4,23,12,0,39,0,7,13,0,20,4,30,25,0,59,6,0,6,65
01/12/2004,BMI,IL,AGL,CE,Federal Contract Tower,5,29,15,0,49,0,3,9,0,12,5,32,24,0,61,4,0,4,65
01/13/2004,BMI,IL,AGL,CE,Federal Contract Tower,8,37,23,0,68,0,0,29,2,31,8,37,52,2,99,66,0,66,165
01/14/2004,BMI,IL,AGL,CE,Federal Contract Tower,6,31,18,0,55,0,0,20,0,20,6,31,38,0,75,0,0,0,75
01/15/2004,BMI,IL,AGL,CE,Federal Contract Tower,5,35,18,0,58,0,0,33,0,33,5,35,51,0,91,30,0,30,121
01/16/2004,BMI,IL,AGL,CE,Federal Contract Tower,6,29,16,0,51,3,3,16,0,22,9,32,32,0,73,78,0,78,151
01/17/2004,BMI,IL,AGL,CE,Federal Contract Tower,3,20,5,0,28,4,1,0,0,5,7,21,5,0,33,0,0,0,33
01/18/2004,BMI,IL,AGL,CE,Federal Contract Tower,3,26,13,0,42,0,6,1,0,7,3,32,14,0,49,6,0,6,55
01/19/2004,BMI,IL,AGL,CE,Federal Contract Tower,6,31,17,0,54,0,0,48,0,48,6,31,65,0,102,94,0,94,196
01/20/2004,BMI,IL,AGL,CE,Federal Contract Tower,6,34,21,0,61,0,0,41,0,41,6,34,62,0,102,48,0,48,150
01/21/2004,BMI,IL,AGL,CE,Federal Contract Tower,6,30,19,1,56,0,0,20,10,30,6,30,39,11,86,64,0,64,150
01/22/2004,BMI,IL,AGL,CE,Federal Contract Tower,5,30,17,0,52,0,0,18,0,18,5,30,35,0,70,36,0,36,106
01/23/2004,BMI,IL,AGL,CE,Federal Contract Tower,4,23,11,0,38,2,2,15,0,19,6,25,26,0,57,68,0,68,125
01/24/2004,BMI,IL,AGL,CE,Federal Contract Tower,3,20,10,0,33,3,1,20,0,24,6,21,30,0,57,134,0,134,191
01/25/2004,BMI,IL,AGL,CE,Federal Contract Tower,3,17,1,0,21,0,7,0,0,7,3,24,1,0,28,2,0,2,30
01/26/2004,BMI,IL,AGL,CE,Federal Contract Tower,3,21,8,0,32,1,2,0,0,3,4,23,8,0,35,0,0,0,35
01/27/2004,BMI,IL,AGL,CE,Federal Contract Tower,4,27,16,0,47,0,0,4,0,4,4,27,20,0,51,0,0,0,51
01/28/2004,BMI,IL,AGL,CE,Federal Contract Tower,6,32,19,0,57,0,0,21,0,21,6,32,40,0,78,64,0,64,142
01/29/2004,BMI,IL,AGL,CE,Federal Contract Tower,5,28,16,0,49,1,0,10,0,11,6,28,26,0,60,28,0,28,88
01/30/2004,BMI,IL,AGL,CE,Federal Contract Tower,6,29,19,0,54,1,0,17,0,18,7,29,36,0,72,60,0,60,132
01/31/2004,BMI,IL,AGL,CE,Federal Contract Tower,4,23,11,0,38,2,2,27,0,31,6,25,38,0,69,128,0,128,197
02/01/2004,BMI,IL,AGL,CE,Federal Contract Tower,4,23,14,0,41,0,9,6,0,15,4,32,20,0,56,10,0,10,66
02/02/2004,BMI,IL,AGL,CE,Federal Contract Tower,4,18,10,0,32,0,0,1,0,1,4,18,11,0,33,0,0,0,33
02/03/2004,BMI,IL,AGL,CE,Federal Contract Tower,5,22,15,0,42,0,0,13,0,13,5,22,28,0,55,8,0,8,63
02/04/2004,BMI,IL,AGL,CE,Federal Contract Tower,6,32,18,0,56,1,0,19,0,20,7,32,37,0,76,60,0,60,136
02/05/2004,BMI,IL,AGL,CE,Federal Contract Tower,3,30,17,0,50,0,0,2,0,2,3,30,19,0,52,0,0,0,52
02/06/2004,BMI,IL,AGL,CE,Federal Contract Tower,4,30,17,0,51,0,0,5,0,5,4,30,22,0,56,0,0,0,56
02/07/2004,BMI,IL,AGL,CE,Federal Contract Tower,4,22,10,0,36,2,4,0,0,6,6,26,10,0,42,0,0,0,42
02/08/2004,BMI,IL,AGL,CE,Federal Contract Tower,5,29,17,0,51,1,3,5,0,9,6,32,22,0,60,0,0,0,60
02/09/2004,BMI,IL,AGL,CE,Federal Contract Tower,5,28,16,0,49,0,1,9,0,10,5,29,25,0,59,46,0,46,105
02/10/2004,BMI,IL,AGL,CE,Federal Contract Tower,5,30,17,0,52,0,1,9,0,10,5,31,26,0,62,40,0,40,102
02/11/2004,BMI,IL,AGL,CE,Federal Contract Tower,6,39,25,0,70,0,0,36,0,36,6,39,61,0,106,106,0,106,212
02/12/2004,BMI,IL,AGL,CE,Federal Contract Tower,7,36,23,0,66,0,0,6,2,8,7,36,29,2,74,44,0,44,118
02/13/2004,BMI,IL,AGL,CE,Federal Contract Tower,6,33,19,0,58,0,1,18,0,19,6,34,37,0,77,62,0,62,139
02/14/2004,BMI,IL,AGL,CE,Federal Contract Tower,4,21,13,0,38,1,3,26,0,30,5,24,39,0,68,116,0,116,184
02/15/2004,BMI,IL,AGL,CE,Federal Contract Tower,5,29,17,0,51,0,4,31,0,35,5,33,48,0,86,10,0,10,96
02/16/2004,BMI,IL,AGL,CE,Federal Contract Tower,5,30,17,0,52,0,5,19,2,26,5,35,36,2,78,46,0,46,124
02/17/2004,BMI,IL,AGL,CE,Federal Contract Tower,5,35,20,0,60,0,0,21,0,21,5,35,41,0,81,54,0,54,135
02/18/2004,BMI,IL,AGL,CE,Federal Contract Tower,6,34,23,1,64,0,0,28,3,31,6,34,51,4,95,56,0,56,151
02/19/2004,BMI,IL,AGL,CE,Federal Contract Tower,4,37,23,1,65,0,0,20,2,22,4,37,43,3,87,96,0,96,183
02/20/2004,BMI,IL,AGL,CE,Federal Contract Tower,4,26,13,0,43,1,5,0,0,6,5,31,13,0,49,40,0,40,89
02/21/2004,BMI,IL,AGL,CE,Federal Contract Tower,3,22,12,0,37,2,3,13,0,18,5,25,25,0,55,40,0,40,95
02/22/2004,BMI,IL,AGL,CE,Federal Contract Tower,4,32,18,0,54,0,0,40,0,40,4,32,58,0,94,48,0,48,142
02/23/2004,BMI,IL,AGL,CE,Federal Contract Tower,5,31,19,0,55,3,0,10,0,13,8,31,29,0,68,14,0,14,82
02/24/2004,BMI,IL,AGL,CE,Federal Contract Tower,5,35,21,0,61,0,0,14,0,14,5,35,35,0,75,0,0,0,75
02/25/2004,BMI,IL,AGL,CE,Federal Contract Tower,5,35,24,0,64,0,0,49,3,52,5,35,73,3,116,44,8,52,168
02/26/2004,BMI,IL,AGL,CE,Federal Contract Tower,5,27,17,0,49,0,0,38,0,38,5,27,55,0,87,48,0,48,135
02/27/2004,BMI,IL,AGL,CE,Federal Contract Tower,5,36,20,0,61,0,6,34,0,40,5,42,54,0,101,88,0,88,189
02/28/2004,BMI,IL,AGL,CE,Federal Contract Tower,3,23,13,0,39,2,1,47,0,50,5,24,60,0,89,76,0,76,165
02/29/2004,BMI,IL,AGL,CE,Federal Contract Tower,4,26,14,0,44,0,6,15,0,21,4,32,29,0,65,10,0,10,75
03/01/2004,BMI,IL,AGL,CE,Federal Contract Tower,6,27,13,0,46,2,3,0,0,5,8,30,13,0,51,0,0,0,51
03/02/2004,BMI,IL,AGL,CE,Federal Contract Tower,4,32,19,0,55,0,1,19,0,20,4,33,38,0,75,76,0,76,151
03/03/2004,BMI,IL,AGL,CE,Federal Contract Tower,4,34,25,0,63,0,0,23,10,33,4,34,48,10,96,84,14,98,194
03/04/2004,BMI,IL,AGL,CE,Federal Contract Tower,6,30,15,0,51,0,1,0,2,3,6,31,15,2,54,0,0,0,54
03/05/2004,BMI,IL,AGL,CE,Federal Contract Tower,3,24,9,0,36,0,8,0,0,8,3,32,9,0,44,0,0,0,44
03/06/2004,BMI,IL,AGL,CE,Federal Contract Tower,4,27,16,0,47,0,1,24,0,25,4,28,40,0,72,46,0,46,118
03/07/2004,BMI,IL,AGL,CE,Federal Contract Tower,3,23,12,0,38,0,6,0,0,6,3,29,12,0,44,0,0,0,44
03/08/2004,BMI,IL,AGL,CE,Federal Contract Tower,6,35,23,0,64,0,0,24,3,27,6,35,47,3,91,48,6,54,145
03/09/2004,BMI,IL,AGL,CE,Federal Contract Tower,6,35,26,0,67,0,0,48,0,48,6,35,74,0,115,40,0,40,155
03/10/2004,BMI,IL,AGL,CE,Federal Contract Tower,6,37,21,0,64,0,0,32,0,32,6,37,53,0,96,48,0,48,144
03/11/2004,BMI,IL,AGL,CE,Federal Contract Tower,5,27,15,0,47,0,6,5,0,11,5,33,20,0,58,6,0,6,64
03/12/2004,BMI,IL,AGL,CE,Federal Contract Tower,4,30,17,0,51,0,5,43,0,48,4,35,60,0,99,140,0,140,239
03/13/2004,BMI,IL,AGL,CE,Federal Contract Tower,4,21,12,0,37,1,4,24,0,29,5,25,36,0,66,114,0,114,180
03/14/2004,BMI,IL,AGL,CE,Federal Contract Tower,3,25,14,0,42,0,7,8,0,15,3,32,22,0,57,2,0,2,59
03/15/2004,BMI,IL,AGL,CE,Federal Contract Tower,6,34,20,1,61,3,0,3,3,9,9,34,23,4,70,28,4,32,102
03/16/2004,BMI,IL,AGL,CE,Federal Contract Tower,8,36,21,0,65,0,0,7,0,7,8,36,28,0,72,0,0,0,72
03/17/2004,BMI,IL,AGL,CE,Federal Contract Tower,6,35,20,0,61,2,0,11,0,13,8,35,31,0,74,10,0,10,84
03/18/2004,BMI,IL,AGL,CE,Federal Contract Tower,6,32,18,0,56,0,0,9,0,9,6,32,27,0,65,10,0,10,75
03/19/2004,BMI,IL,AGL,CE,Federal Contract Tower,8,35,22,1,66,0,0,53,5,58,8,35,75,6,124,40,6,46,170
03/20/2004,BMI,IL,AGL,CE,Federal Contract Tower,4,24,13,0,41,2,1,13,0,16,6,25,26,0,57,22,0,22,79
03/21/2004,BMI,IL,AGL,CE,Federal Contract Tower,5,32,17,0,54,0,0,14,0,14,5,32,31,0,68,20,0,20,88
03/22/2004,BMI,IL,AGL,CE,Federal Contract Tower,6,37,20,0,63,2,0,57,0,59,8,37,77,0,122,18,0,18,140
03/23/2004,BMI,IL,AGL,CE,Federal Contract Tower,5,30,16,0,51,2,4,11,0,17,7,34,27,0,68,22,0,22,90
03/24/2004,BMI,IL,AGL,CE,Federal Contract Tower,6,33,17,0,56,2,1,7,0,10,8,34,24,0,66,10,0,10,76
03/25/2004,BMI,IL,AGL,CE,Federal Contract Tower,6,30,19,0,55,2,0,4,0,6,8,30,23,0,61,0,0,0,61
03/26/2004,BMI,IL,AGL,CE,Federal Contract Tower,6,33,18,0,57,2,2,2,0,6,8,35,20,0,63,14,0,14,77
03/27/2004,BMI,IL,AGL,CE,Federal Contract Tower,5,28,15,0,48,1,0,6,0,7,6,28,21,0,55,0,0,0,55
03/28/2004,BMI,IL,AGL,CE,Federal Contract Tower,5,29,15,0,49,1,2,0,0,3,6,31,15,0,52,6,0,6,58
03/29/2004,BMI,IL,AGL,CE,Federal Contract Tower,6,36,19,0,61,1,0,36,0,37,7,36,55,0,98,56,0,56,154
03/30/2004,BMI,IL,AGL,CE,Federal Contract Tower,6,35,17,0,58,1,3,0,0,4,7,38,17,0,62,30,0,30,92
03/31/2004,BMI,IL,AGL,CE,Federal Contract Tower,7,35,22,0,64,0,0,16,0,16,7,35,38,0,80,10,0,10,90
04/01/2004,BMI,IL,AGL,CE,Federal Contract Tower,8,33,19,0,60,0,1,22,0,23,8,34,41,0,83,32,0,32,115
04/02/2004,BMI,IL,AGL,CE,Federal Contract Tower,8,33,19,0,60,0,1,35,0,36,8,34,54,0,96,26,0,26,122
04/03/2004,BMI,IL,AGL,CE,Federal Contract Tower,6,25,15,0,46,0,0,58,0,58,6,25,73,0,104,54,0,54,158
04/04/2004,BMI,IL,AGL,CE,Federal Contract Tower,6,29,17,0,52,0,4,49,0,53,6,33,66,0,105,148,0,148,253
04/05/2004,BMI,IL,AGL,CE,Federal Contract Tower,8,34,21,0,63,0,0,32,0,32,8,34,53,0,95,52,0,52,147
04/06/2004,BMI,IL,AGL,CE,Federal Contract Tower,7,33,20,0,60,0,0,17,0,17,7,33,37,0,77,26,0,26,103
04/07/2004,BMI,IL,AGL,CE,Federal Contract Tower,7,34,25,0,66,0,0,68,0,68,7,34,93,0,134,124,0,124,258
04/08/2004,BMI,IL,AGL,CE,Federal Contract Tower,7,27,16,0,50,0,6,0,0,6,7,33,16,0,56,54,0,54,110
04/09/2004,BMI,IL,AGL,CE,Federal Contract Tower,8,34,20,0,62,0,1,48,0,49,8,35,68,0,111,126,0,126,237
04/10/2004,BMI,IL,AGL,CE,Federal Contract Tower,5,22,13,0,40,1,6,32,0,39,6,28,45,0,79,60,0,60,139
04/11/2004,BMI,IL,AGL,CE,Federal Contract Tower,5,27,16,0,48,0,7,18,0,25,5,34,34,0,73,6,0,6,79
04/12/2004,BMI,IL,AGL,CE,Federal Contract Tower,6,32,18,0,56,0,3,12,0,15,6,35,30,0,71,6,0,6,77
04/13/2004,BMI,IL,AGL,CE,Federal Contract Tower,6,31,18,0,55,0,2,9,0,11,6,33,27,0,66,4,0,4,70
04/14/2004,BMI,IL,AGL,CE,Federal Contract Tower,7,37,20,0,64,0,2,55,0,57,7,39,75,0,121,28,0,28,149
04/15/2004,BMI,IL,AGL,CE,Federal Contract Tower,7,32,20,0,59,0,0,29,0,29,7,32,49,0,88,8,0,8,96
04/16/2004,BMI,IL,AGL,CE,Federal Contract Tower,6,33,18,0,57,0,0,41,0,41,6,33,59,0,98,38,0,38,136
04/17/2004,BMI,IL,AGL,CE,Federal Contract Tower,5,26,14,0,45,0,2,36,0,38,5,28,50,0,83,84,0,84,167
04/18/2004,BMI,IL,AGL,CE,Federal Contract Tower,5,26,14,0,45,0,9,9,0,18,5,35,23,0,63,24,0,24,87
04/19/2004,BMI,IL,AGL,CE,Federal Contract Tower,6,34,20,0,60,0,0,36,0,36,6,34,56,0,96,50,0,50,146
04/20/2004,BMI,IL,AGL,CE,Federal Contract Tower,7,30,18,1,56,1,0,6,1,8,8,30,24,2,64,4,0,4,68
04/21/2004,BMI,IL,AGL,CE,Federal Contract Tower,7,31,20,1,59,2,0,8,8,18,9,31,28,9,77,26,0,26,103
04/22/2004,BMI,IL,AGL,CE,Federal Contract Tower,8,33,19,0,60,2,0,11,0,13,10,33,30,0,73,8,0,8,81
04/23/2004,BMI,IL,AGL,CE,Federal Contract Tower,8,31,19,0,58,0,0,39,0,39,8,31,58,0,97,64,0,64,161
04/24/2004,BMI,IL,AGL,CE,Federal Contract Tower,4,22,12,0,38,3,4,21,0,28,7,26,33,0,66,20,0,20,86
04/25/2004,BMI,IL,AGL,CE,Federal Contract Tower,6,31,17,0,54,1,4,7,0,12,7,35,24,0,66,0,0,0,66
04/26/2004,BMI,IL,AGL,CE,Federal Contract Tower,9,32,22,1,64,0,0,16,9,25,9,32,38,10,89,32,14,46,135
04/27/2004,BMI,IL,AGL,CE,Federal Contract Tower,9,36,23,0,68,0,0,29,0,29,9,36,52,0,97,30,0,30,127
04/28/2004,BMI,IL,AGL,CE,Federal Contract Tower,6,30,17,0,53,3,0,9,0,12,9,30,26,0,65,12,0,12,77
04/29/2004,BMI,IL,AGL,CE,Federal Contract Tower,7,32,18,0,57,1,0,7,0,8,8,32,25,0,65,16,0,16,81
04/30/2004,BMI,IL,AGL,CE,Federal Contract Tower,7,30,17,0,54,1,2,3,0,6,8,32,20,0,60,42,0,42,102
05/01/2004,BMI,IL,AGL,CE,Federal Contract Tower,7,24,17,0,48,0,0,11,0,11,7,24,28,0,59,0,0,0,59
05/02/2004,BMI,IL,AGL,CE,Federal Contract Tower,6,21,13,0,40,0,10,5,0,15,6,31,18,0,55,62,0,62,117
05/03/2004,BMI,IL,AGL,CE,Federal Contract Tower,9,32,20,0,61,0,0,38,0,38,9,32,58,0,99,36,0,36,135
05/04/2004,BMI,IL,AGL,CE,Federal Contract Tower,9,30,20,0,59,0,0,9,0,9,9,30,29,0,68,2,0,2,70
05/05/2004,BMI,IL,AGL,CE,Federal Contract Tower,8,31,19,0,58,0,0,51,0,51,8,31,70,0,109,44,0,44,153
05/06/2004,BMI,IL,AGL,CE,Federal Contract Tower,9,31,20,0,60,0,0,21,0,21,9,31,41,0,81,2,0,2,83
05/07/2004,BMI,IL,AGL,CE,Federal Contract Tower,8,24,14,0,46,2,0,10,0,12,10,24,24,0,58,20,0,20,78
05/08/2004,BMI,IL,AGL,CE,Federal Contract Tower,7,22,14,0,43,1,3,41,0,45,8,25,55,0,88,94,0,94,182
05/09/2004,BMI,IL,AGL,CE,Federal Contract Tower,6,20,12,0,38,0,8,12,0,20,6,28,24,0,58,30,0,30,88
05/10/2004,BMI,IL,AGL,CE,Federal Contract Tower,9,30,20,0,59,0,0,22,0,22,9,30,42,0,81,2,0,2,83
05/11/2004,BMI,IL,AGL,CE,Federal Contract Tower,9,27,17,0,53,0,0,16,0,16,9,27,33,0,69,26,0,26,95
05/12/2004,BMI,IL,AGL,CE,Federal Contract Tower,8,30,20,0,58,0,0,14,0,14,8,30,34,0,72,8,0,8,80
05/13/2004,BMI,IL,AGL,CE,Federal Contract Tower,7,22,16,0,45,0,0,9,0,9,7,22,25,0,54,2,0,2,56
05/14/2004,BMI,IL,AGL,CE,Federal Contract Tower,8,26,15,0,49,0,1,0,0,1,8,27,15,0,50,0,0,0,50
05/15/2004,BMI,IL,AGL,CE,Federal Contract Tower,8,24,14,0,46,0,1,93,0,94,8,25,107,0,140,42,0,42,182
05/16/2004,BMI,IL,AGL,CE,Federal Contract Tower,7,26,15,0,48,0,4,46,0,50,7,30,61,0,98,132,0,132,230
05/17/2004,BMI,IL,AGL,CE,Federal Contract Tower,8,27,17,0,52,0,0,31,5,36,8,27,48,5,88,28,4,32,120
05/18/2004,BMI,IL,AGL,CE,Federal Contract Tower,9,30,18,0,57,1,0,9,0,10,10,30,27,0,67,10,0,10,77
05/19/2004,BMI,IL,AGL,CE,Federal Contract Tower,8,29,19,0,56,0,0,17,0,17,8,29,36,0,73,12,0,12,85
05/20/2004,BMI,IL,AGL,CE,Federal Contract Tower,8,30,17,0,55,2,0,9,0,11,10,30,26,0,66,50,0,50,116
05/21/2004,BMI,IL,AGL,CE,Federal Contract Tower,8,24,16,0,48,3,0,26,0,29,11,24,42,0,77,32,0,32,109
05/22/2004,BMI,IL,AGL,CE,Federal Contract Tower,7,25,14,0,46,1,0,23,0,24,8,25,37,0,70,28,0,28,98
05/23/2004,BMI,IL,AGL,CE,Federal Contract Tower,5,19,12,0,36,2,3,4,0,9,7,22,16,0,45,10,0,10,55
05/24/2004,BMI,IL,AGL,CE,Federal Contract Tower,9,26,20,0,55,2,0,44,0,46,11,26,64,0,101,46,0,46,147
05/25/2004,BMI,IL,AGL,CE,Federal Contract Tower,8,28,15,0,51,1,6,0,0,7,9,34,15,0,58,44,0,44,102
05/26/2004,BMI,IL,AGL,CE,Federal Contract Tower,9,33,22,0,64,0,0,51,0,51,9,33,73,0,115,46,0,46,161
05/27/2004,BMI,IL,AGL,CE,Federal Contract Tower,9,30,19,0,58,1,0,11,0,12,10,30,30,0,70,64,0,64,134
05/28/2004,BMI,IL,AGL,CE,Federal Contract Tower,7,28,18,0,53,0,0,59,0,59,7,28,77,0,112,72,0,72,184
05/29/2004,BMI,IL,AGL,CE,Federal Contract Tower,5,19,12,0,36,2,2,34,0,38,7,21,46,0,74,42,0,42,116
05/30/2004,BMI,IL,AGL,CE,Federal Contract Tower,4,15,4,0,23,2,4,0,0,6,6,19,4,0,29,0,0,0,29
05/31/2004,BMI,IL,AGL,CE,Federal Contract Tower,6,21,12,0,39,1,4,3,0,8,7,25,15,0,47,0,0,0,47
06/01/2004,BMI,IL,AGL,CE,Federal Contract Tower,9,28,23,0,60,0,0,23,2,25,9,28,46,2,85,12,0,12,97
06/02/2004,BMI,IL,AGL,CE,Federal Contract Tower,8,31,23,0,62,0,0,21,2,23,8,31,44,2,85,58,0,58,143
06/03/2004,BMI,IL,AGL,CE,Federal Contract Tower,9,30,21,0,60,0,0,52,2,54,9,30,73,2,114,114,10,124,238
06/04/2004,BMI,IL,AGL,CE,Federal Contract Tower,8,26,19,0,53,1,2,55,0,58,9,28,74,0,111,54,0,54,165
06/05/2004,BMI,IL,AGL,CE,Federal Contract Tower,6,19,13,0,38,1,3,71,0,75,7,22,84,0,113,108,0,108,221
06/06/2004,BMI,IL,AGL,CE,Federal Contract Tower,7,24,18,0,49,0,3,32,5,40,7,27,50,5,89,2,6,8,97
06/07/2004,BMI,IL,AGL,CE,Federal Contract Tower,7,29,23,0,59,0,0,29,0,29,7,29,52,0,88,22,0,22,110
06/08/2004,BMI,IL,AGL,CE,Federal Contract Tower,7,24,18,0,49,0,4,14,0,18,7,28,32,0,67,28,0,28,95
06/09/2004,BMI,IL,AGL,CE,Federal Contract Tower,9,28,23,0,60,0,0,21,0,21,9,28,44,0,81,28,0,28,109
06/10/2004,BMI,IL,AGL,CE,Federal Contract Tower,9,28,20,0,57,1,0,2,0,3,10,28,22,0,60,0,0,0,60
06/11/2004,BMI,IL,AGL,CE,Federal Contract Tower,9,28,21,0,58,1,0,34,0,35,10,28,55,0,93,80,0,80,173
06/12/2004,BMI,IL,AGL,CE,Federal Contract Tower,6,21,16,0,43,1,4,57,0,62,7,25,73,0,105,56,0,56,161
06/13/2004,BMI,IL,AGL,CE,Federal Contract Tower,6,26,19,0,51,0,3,8,0,11,6,29,27,0,62,6,0,6,68
06/14/2004,BMI,IL,AGL,CE,Federal Contract Tower,8,25,19,0,52,0,0,24,0,24,8,25,43,0,76,50,0,50,126
06/15/2004,BMI,IL,AGL,CE,Federal Contract Tower,8,30,22,0,60,0,1,18,0,19,8,31,40,0,79,28,0,28,107
06/16/2004,BMI,IL,AGL,CE,Federal Contract Tower,8,28,25,0,61,0,0,18,0,18,8,28,43,0,79,40,0,40,119
06/17/2004,BMI,IL,AGL,CE,Federal Contract Tower,9,31,25,0,65,0,0,13,0,13,9,31,38,0,78,12,0,12,90
06/18/2004,BMI,IL,AGL,CE,Federal Contract Tower,8,25,22,0,55,0,0,26,0,26,8,25,48,0,81,68,0,68,149
06/19/2004,BMI,IL,AGL,CE,Federal Contract Tower,5,20,14,0,39,1,7,52,0,60,6,27,66,0,99,46,0,46,145
06/20/2004,BMI,IL,AGL,CE,Federal Contract Tower,6,24,15,0,45,0,3,40,0,43,6,27,55,0,88,24,0,24,112
06/21/2004,BMI,IL,AGL,CE,Federal Contract Tower,7,24,18,0,49,0,0,11,0,11,7,24,29,0,60,0,0,0,60
06/22/2004,BMI,IL,AGL,CE,Federal Contract Tower,8,30,20,0,58,0,3,40,0,43,8,33,60,0,101,96,0,96,197
06/23/2004,BMI,IL,AGL,CE,Federal Contract Tower,8,26,20,0,54,0,0,52,0,52,8,26,72,0,106,48,0,48,154
06/24/2004,BMI,IL,AGL,CE,Federal Contract Tower,8,31,21,0,60,1,0,22,0,23,9,31,43,0,83,106,0,106,189
06/25/2004,BMI,IL,AGL,CE,Federal Contract Tower,7,29,20,0,56,1,3,33,0,37,8,32,53,0,93,36,0,36,129
06/26/2004,BMI,IL,AGL,CE,Federal Contract Tower,6,26,17,0,49,0,1,59,0,60,6,27,76,0,109,30,0,30,139
06/27/2004,BMI,IL,AGL,CE,Federal Contract Tower,6,26,17,0,49,0,2,21,0,23,6,28,38,0,72,10,0,10,82
06/28/2004,BMI,IL,AGL,CE,Federal Contract Tower,7,28,19,0,54,1,2,32,0,35,8,30,51,0,89,26,0,26,115
06/29/2004,BMI,IL,AGL,CE,Federal Contract Tower,8,30,25,0,63,0,0,50,0,50,8,30,75,0,113,60,0,60,173
06/30/2004,BMI,IL,AGL,CE,Federal Contract Tower,7,27,18,0,52,2,3,35,0,40,9,30,53,0,92,76,0,76,168
07/01/2004,BMI,IL,AGL,CE,Federal Contract Tower,7,29,24,0,60,0,0,37,0,37,7,29,61,0,97,26,0,26,123
07/02/2004,BMI,IL,AGL,CE,Federal Contract Tower,7,23,18,0,48,2,6,4,0,12,9,29,22,0,60,14,0,14,74
07/03/2004,BMI,IL,AGL,CE,Federal Contract Tower,6,19,15,0,40,2,1,3,0,6,8,20,18,0,46,30,0,30,76
07/04/2004,BMI,IL,AGL,CE,Federal Contract Tower,0,0,0,0,0,7,25,17,0,49,7,25,17,0,49,0,0,0,49
07/05/2004,BMI,IL,AGL,CE,Federal Contract Tower,7,22,17,0,46,0,5,31,0,36,7,27,48,0,82,32,0,32,114
07/06/2004,BMI,IL,AGL,CE,Federal Contract Tower,8,26,21,0,55,1,3,3,0,7,9,29,24,0,62,0,0,0,62
07/07/2004,BMI,IL,AGL,CE,Federal Contract Tower,8,29,22,0,59,0,0,28,0,28,8,29,50,0,87,76,0,76,163
07/08/2004,BMI,IL,AGL,CE,Federal Contract Tower,9,28,24,0,61,0,0,39,0,39,9,28,63,0,100,82,0,82,182
07/09/2004,BMI,IL,AGL,CE,Federal Contract Tower,7,25,24,0,56,0,0,22,0,22,7,25,46,0,78,38,0,38,116
07/10/2004,BMI,IL,AGL,CE,Federal Contract Tower,8,24,20,0,52,0,0,26,0,26,8,24,46,0,78,12,0,12,90
07/11/2004,BMI,IL,AGL,CE,Federal Contract Tower,6,22,18,0,46,2,5,3,0,10,8,27,21,0,56,20,0,20,76
07/12/2004,BMI,IL,AGL,CE,Federal Contract Tower,8,27,21,0,56,0,2,20,0,22,8,29,41,0,78,2,0,2,80
07/13/2004,BMI,IL,AGL,CE,Federal Contract Tower,8,28,22,0,58,0,1,21,0,22,8,29,43,0,80,40,0,40,120
07/14/2004,BMI,IL,AGL,CE,Federal Contract Tower,8,28,21,0,57,0,0,44,0,44,8,28,65,0,101,82,0,82,183
07/15/2004,BMI,IL,AGL,CE,Federal Contract Tower,8,27,25,1,61,0,0,54,1,55,8,27,79,2,116,34,0,34,150
07/16/2004,BMI,IL,AGL,CE,Federal Contract Tower,7,24,18,0,49,2,0,22,0,24,9,24,40,0,73,30,0,30,103
07/17/2004,BMI,IL,AGL,CE,Federal Contract Tower,6,21,14,0,41,2,6,0,0,8,8,27,14,0,49,0,0,0,49
07/18/2004,BMI,IL,AGL,CE,Federal Contract Tower,7,29,24,0,60,0,0,61,0,61,7,29,85,0,121,34,0,34,155
07/19/2004,BMI,IL,AGL,CE,Federal Contract Tower,9,27,23,1,60,0,0,22,7,29,9,27,45,8,89,32,0,32,121
07/20/2004,BMI,IL,AGL,CE,Federal Contract Tower,7,25,17,1,50,1,2,22,1,26,8,27,39,2,76,42,2,44,120
07/21/2004,BMI,IL,AGL,CE,Federal Contract Tower,7,26,18,0,51,2,3,9,0,14,9,29,27,0,65,34,0,34,99
07/22/2004,BMI,IL,AGL,CE,Federal Contract Tower,8,25,20,0,53,1,0,25,0,26,9,25,45,0,79,4,0,4,83
07/23/2004,BMI,IL,AGL,CE,Federal Contract Tower,8,27,20,0,55,1,0,54,0,55,9,27,74,0,110,68,0,68,178
07/24/2004,BMI,IL,AGL,CE,Federal Contract Tower,7,25,18,0,50,0,0,44,0,44,7,25,62,0,94,46,0,46,140
07/25/2004,BMI,IL,AGL,CE,Federal Contract Tower,6,24,18,0,48,0,5,52,0,57,6,29,70,0,105,60,0,60,165
07/26/2004,BMI,IL,AGL,CE,Federal Contract Tower,8,29,22,0,59,0,0,35,0,35,8,29,57,0,94,90,0,90,184
07/27/2004,BMI,IL,AGL,CE,Federal Contract Tower,7,27,21,0,55,0,0,39,4,43,7,27,60,4,98,30,0,30,128
07/28/2004,BMI,IL,AGL,CE,Federal Contract Tower,9,35,26,0,70,0,2,39,2,43,9,37,65,2,113,14,0,14,127
07/29/2004,BMI,IL,AGL,CE,Federal Contract Tower,8,30,33,0,71,0,0,17,0,17,8,30,50,0,88,0,0,0,88
07/30/2004,BMI,IL,AGL,CE,Federal Contract Tower,9,29,25,0,63,0,0,6,0,6,9,29,31,0,69,8,0,8,77
07/31/2004,BMI,IL,AGL,CE,Federal Contract Tower,7,26,19,0,52,1,3,19,0,23,8,29,38,0,75,32,0,32,107
08/01/2004,BMI,IL,AGL,CE,Federal Contract Tower,5,21,13,0,39,0,5,38,0,43,5,26,51,0,82,14,0,14,96
08/02/2004,BMI,IL,AGL,CE,Federal Contract Tower,7,23,16,0,46,2,5,10,0,17,9,28,26,0,63,32,0,32,95
08/03/2004,BMI,IL,AGL,CE,Federal Contract Tower,8,30,21,0,59,0,0,33,0,33,8,30,54,0,92,14,0,14,106
08/04/2004,BMI,IL,AGL,CE,Federal Contract Tower,9,29,19,0,57,0,2,20,3,25,9,31,39,3,82,44,4,48,130
08/05/2004,BMI,IL,AGL,CE,Federal Contract Tower,8,30,20,0,58,0,4,23,0,27,8,34,43,0,85,8,0,8,93
08/06/2004,BMI,IL,AGL,CE,Federal Contract Tower,9,30,20,0,59,0,0,63,0,63,9,30,83,0,122,40,0,40,162
08/07/2004,BMI,IL,AGL,CE,Federal Contract Tower,7,24,18,0,49,0,0,114,0,114,7,24,132,0,163,78,6,84,247
08/08/2004,BMI,IL,AGL,CE,Federal Contract Tower,7,23,15,0,45,0,3,91,2,96,7,26,106,2,141,8,0,8,149
08/09/2004,BMI,IL,AGL,CE,Federal Contract Tower,9,28,19,0,56,0,0,21,0,21,9,28,40,0,77,28,0,28,105
08/10/2004,BMI,IL,AGL,CE,Federal Contract Tower,8,26,18,0,52,0,0,25,0,25,8,26,43,0,77,2,0,2,79
08/11/2004,BMI,IL,AGL,CE,Federal Contract Tower,9,29,21,0,59,0,0,27,0,27,9,29,48,0,86,46,0,46,132
08/12/2004,BMI,IL,AGL,CE,Federal Contract Tower,8,28,23,0,59,0,0,25,0,25,8,28,48,0,84,22,0,22,106
08/13/2004,BMI,IL,AGL,CE,Federal Contract Tower,8,26,18,0,52,1,0,47,0,48,9,26,65,0,100,34,0,34,134
08/14/2004,BMI,IL,AGL,CE,Federal Contract Tower,7,25,19,1,52,0,0,61,2,63,7,25,80,3,115,92,0,92,207
08/15/2004,BMI,IL,AGL,CE,Federal Contract Tower,7,27,17,0,51,1,0,59,0,60,8,27,76,0,111,66,0,66,177
08/16/2004,BMI,IL,AGL,CE,Federal Contract Tower,9,27,19,0,55,0,0,31,0,31,9,27,50,0,86,52,0,52,138
08/17/2004,BMI,IL,AGL,CE,Federal Contract Tower,8,26,18,0,52,1,0,19,0,20,9,26,37,0,72,14,0,14,86
08/18/2004,BMI,IL,AGL,CE,Federal Contract Tower,7,24,17,0,48,0,0,17,0,17,7,24,34,0,65,30,0,30,95
08/19/2004,BMI,IL,AGL,CE,Federal Contract Tower,8,25,18,0,51,1,0,13,0,14,9,25,31,0,65,22,0,22,87
08/20/2004,BMI,IL,AGL,CE,Federal Contract Tower,7,26,17,0,50,0,1,10,0,11,7,27,27,0,61,4,0,4,65
08/21/2004,BMI,IL,AGL,CE,Federal Contract Tower,6,22,13,0,41,1,1,61,2,65,7,23,74,2,106,86,0,86,192
08/22/2004,BMI,IL,AGL,CE,Federal Contract Tower,6,23,14,0,43,1,6,42,0,49,7,29,56,0,92,60,0,60,152
08/23/2004,BMI,IL,AGL,CE,Federal Contract Tower,7,26,18,0,51,2,0,14,0,16,9,26,32,0,67,24,0,24,91
08/24/2004,BMI,IL,AGL,CE,Federal Contract Tower,5,21,10,0,36,3,6,0,4,13,8,27,10,4,49,0,0,0,49
08/25/2004,BMI,IL,AGL,CE,Federal Contract Tower,7,25,9,0,41,1,5,0,0,6,8,30,9,0,47,0,0,0,47
08/26/2004,BMI,IL,AGL,CE,Federal Contract Tower,9,30,20,0,59,0,0,20,0,20,9,30,40,0,79,14,0,14,93
08/27/2004,BMI,IL,AGL,CE,Federal Contract Tower,7,26,16,0,49,1,5,3,0,9,8,31,19,0,58,6,0,6,64
08/28/2004,BMI,IL,AGL,CE,Federal Contract Tower,5,19,12,0,36,3,2,24,0,29,8,21,36,0,65,94,0,94,159
08/29/2004,BMI,IL,AGL,CE,Federal Contract Tower,4,23,14,0,41,0,4,27,0,31,4,27,41,0,72,70,0,70,142
08/30/2004,BMI,IL,AGL,CE,Federal Contract Tower,8,28,18,0,54,0,0,37,0,37,8,28,55,0,91,56,0,56,147
08/31/2004,BMI,IL,AGL,CE,Federal Contract Tower,9,28,24,0,61,0,0,60,0,60,9,28,84,0,121,18,0,18,139
09/01/2004,BMI,IL,AGL,CE,Federal Contract Tower,7,27,22,0,56,1,0,41,0,42,8,27,63,0,98,38,0,38,136
09/02/2004,BMI,IL,AGL,CE,Federal Contract Tower,8,29,29,0,66,0,0,52,0,52,8,29,81,0,118,28,0,28,146
09/03/2004,BMI,IL,AGL,CE,Federal Contract Tower,8,32,25,0,65,1,0,20,0,21,9,32,45,0,86,62,0,62,148
09/04/2004,BMI,IL,AGL,CE,Federal Contract Tower,5,18,14,0,37,1,2,24,0,27,6,20,38,0,64,8,0,8,72
09/05/2004,BMI,IL,AGL,CE,Federal Contract Tower,4,16,12,0,32,1,4,15,0,20,5,20,27,0,52,0,0,0,52
09/06/2004,BMI,IL,AGL,CE,Federal Contract Tower,6,25,20,0,51,0,4,11,0,15,6,29,31,0,66,0,0,0,66
09/07/2004,BMI,IL,AGL,CE,Federal Contract Tower,7,26,20,0,53,0,4,12,0,16,7,30,32,0,69,24,0,24,93
09/08/2004,BMI,IL,AGL,CE,Federal Contract Tower,7,25,22,0,54,0,0,35,0,35,7,25,57,0,89,20,0,20,109
09/09/2004,BMI,IL,AGL,CE,Federal Contract Tower,7,29,24,0,60,0,0,37,2,39,7,29,61,2,99,66,0,66,165
09/10/2004,BMI,IL,AGL,CE,Federal Contract Tower,9,28,26,0,63,2,0,53,2,57,11,28,79,2,120,22,0,22,142
09/11/2004,BMI,IL,AGL,CE,Federal Contract Tower,4,22,18,0,44,0,0,50,0,50,4,22,68,0,94,58,0,58,152
09/12/2004,BMI,IL,AGL,CE,Federal Contract Tower,5,24,19,0,48,0,3,53,0,56,5,27,72,0,104,20,0,20,124
09/13/2004,BMI,IL,AGL,CE,Federal Contract Tower,7,26,19,0,52,0,3,17,0,20,7,29,36,0,72,28,0,28,100
09/14/2004,BMI,IL,AGL,CE,Federal Contract Tower,7,26,24,0,57,0,0,33,0,33,7,26,57,0,90,42,0,42,132
09/15/2004,BMI,IL,AGL,CE,Federal Contract Tower,6,25,21,0,52,0,0,15,0,15,6,25,36,0,67,4,0,4,71
09/16/2004,BMI,IL,AGL,CE,Federal Contract Tower,5,29,25,0,59,0,0,38,0,38,5,29,63,0,97,30,0,30,127
09/17/2004,BMI,IL,AGL,CE,Federal Contract Tower,5,26,20,0,51,0,5,38,0,43,5,31,58,0,94,36,0,36,130
09/18/2004,BMI,IL,AGL,CE,Federal Contract Tower,4,20,16,0,40,1,5,52,0,58,5,25,68,0,98,68,0,68,166
09/19/2004,BMI,IL,AGL,CE,Federal Contract Tower,4,22,17,0,43,1,5,58,0,64,5,27,75,0,107,10,0,10,117
09/20/2004,BMI,IL,AGL,CE,Federal Contract Tower,5,25,19,0,49,2,2,24,2,30,7,27,43,2,79,18,8,26,105
09/21/2004,BMI,IL,AGL,CE,Federal Contract Tower,6,29,25,0,60,0,0,25,0,25,6,29,50,0,85,8,0,8,93
09/22/2004,BMI,IL,AGL,CE,Federal Contract Tower,5,26,20,0,51,3,1,46,0,50,8,27,66,0,101,30,0,30,131
09/23/2004,BMI,IL,AGL,CE,Federal Contract Tower,7,29,29,0,65,0,0,55,0,55,7,29,84,0,120,22,0,22,142
09/24/2004,BMI,IL,AGL,CE,Federal Contract Tower,5,24,18,0,47,2,8,30,0,40,7,32,48,0,87,50,0,50,137
09/25/2004,BMI,IL,AGL,CE,Federal Contract Tower,3,25,19,0,47,0,1,58,0,59,3,26,77,0,106,44,0,44,150
09/26/2004,BMI,IL,AGL,CE,Federal Contract Tower,5,23,16,0,44,0,4,63,0,67,5,27,79,0,111,40,0,40,151
09/27/2004,BMI,IL,AGL,CE,Federal Contract Tower,3,27,20,0,50,0,0,25,0,25,3,27,45,0,75,44,0,44,119
09/28/2004,BMI,IL,AGL,CE,Federal Contract Tower,6,27,22,0,55,0,0,29,0,29,6,27,51,0,84,60,0,60,144
09/29/2004,BMI,IL,AGL,CE,Federal Contract Tower,4,22,17,0,43,3,2,26,2,33,7,24,43,2,76,72,0,72,148
09/30/2004,BMI,IL,AGL,CE,Federal Contract Tower,5,25,19,0,49,1,3,28,2,34,6,28,47,2,83,54,0,54,137
10/01/2004,BMI,IL,AGL,CE,Federal Contract Tower,7,26,15,0,48,0,0,31,0,31,7,26,46,0,79,34,6,40,119
10/02/2004,BMI,IL,AGL,CE,Federal Contract Tower,3,26,12,0,41,0,0,47,0,47,3,26,59,0,88,22,0,22,110
10/03/2004,BMI,IL,AGL,CE,Federal Contract Tower,5,27,9,0,41,0,0,51,0,51,5,27,60,0,92,6,0,6,98
10/04/2004,BMI,IL,AGL,CE,Federal Contract Tower,6,28,16,0,50,0,0,26,0,26,6,28,42,0,76,28,0,28,104
10/05/2004,BMI,IL,AGL,CE,Federal Contract Tower,7,31,17,0,55,0,0,41,0,41,7,31,58,0,96,50,0,50,146
10/06/2004,BMI,IL,AGL,CE,Federal Contract Tower,7,31,14,0,52,0,0,74,0,74,7,31,88,0,126,8,0,8,134
10/07/2004,BMI,IL,AGL,CE,Federal Contract Tower,7,32,9,0,48,0,0,28,0,28,7,32,37,0,76,2,0,2,78
10/08/2004,BMI,IL,AGL,CE,Federal Contract Tower,7,31,18,0,56,0,0,1,0,1,7,31,19,0,57,0,0,0,57
10/09/2004,BMI,IL,AGL,CE,Federal Contract Tower,2,25,13,0,40,1,0,56,0,57,3,25,69,0,97,62,0,62,159
10/10/2004,BMI,IL,AGL,CE,Federal Contract Tower,5,27,11,0,43,0,0,52,0,52,5,27,63,0,95,32,0,32,127
10/11/2004,BMI,IL,AGL,CE,Federal Contract Tower,7,29,13,0,49,0,0,27,0,27,7,29,40,0,76,38,0,38,114
10/12/2004,BMI,IL,AGL,CE,Federal Contract Tower,6,27,23,0,56,0,0,8,0,8,6,27,31,0,64,22,0,22,86
10/13/2004,BMI,IL,AGL,CE,Federal Contract Tower,7,31,34,0,72,0,0,4,0,4,7,31,38,0,76,0,0,0,76
10/14/2004,BMI,IL,AGL,CE,Federal Contract Tower,8,26,16,0,50,0,0,3,0,3,8,26,19,0,53,0,0,0,53
10/15/2004,BMI,IL,AGL,CE,Federal Contract Tower,4,26,25,0,55,0,0,13,0,13,4,26,38,0,68,0,0,0,68
10/16/2004,BMI,IL,AGL,CE,Federal Contract Tower,5,25,9,0,39,0,0,3,0,3,5,25,12,0,42,6,0,6,48
10/17/2004,BMI,IL,AGL,CE,Federal Contract Tower,4,26,8,0,38,0,0,44,0,44,4,26,52,0,82,24,0,24,106
10/18/2004,BMI,IL,AGL,CE,Federal Contract Tower,6,27,13,0,46,0,0,0,0,0,6,27,13,0,46,0,0,0,46
10/19/2004,BMI,IL,AGL,CE,Federal Contract Tower,6,26,27,0,59,0,0,0,0,0,6,26,27,0,59,0,0,0,59
10/20/2004,BMI,IL,AGL,CE,Federal Contract Tower,7,31,28,0,66,0,0,0,0,0,7,31,28,0,66,0,0,0,66
10/21/2004,BMI,IL,AGL,CE,Federal Contract Tower,7,31,28,0,66,0,0,6,0,6,7,31,34,0,72,10,0,10,82
10/22/2004,BMI,IL,AGL,CE,Federal Contract Tower,6,34,17,0,57,0,0,0,0,0,6,34,17,0,57,0,0,0,57
10/23/2004,BMI,IL,AGL,CE,Federal Contract Tower,5,23,7,0,35,0,0,3,0,3,5,23,10,0,38,2,0,2,40
10/24/2004,BMI,IL,AGL,CE,Federal Contract Tower,4,29,15,0,48,0,0,152,0,152,4,29,167,0,200,32,0,32,232
10/25/2004,BMI,IL,AGL,CE,Federal Contract Tower,6,26,26,0,58,0,0,35,0,35,6,26,61,0,93,64,0,64,157
10/26/2004,BMI,IL,AGL,CE,Federal Contract Tower,7,25,19,0,51,0,3,6,0,9,7,28,25,0,60,44,0,44,104
10/27/2004,BMI,IL,AGL,CE,Federal Contract Tower,6,28,34,1,69,0,0,8,0,8,6,28,42,1,77,8,0,8,85
10/28/2004,BMI,IL,AGL,CE,Federal Contract Tower,2,17,24,0,43,0,0,0,0,0,2,17,24,0,43,0,0,0,43
10/29/2004,BMI,IL,AGL,CE,Federal Contract Tower,6,26,22,2,56,0,0,9,0,9,6,26,31,2,65,0,0,0,65
10/30/2004,BMI,IL,AGL,CE,Federal Contract Tower,4,22,2,0,28,0,0,3,0,3,4,22,5,0,31,12,0,12,43
10/31/2004,BMI,IL,AGL,CE,Federal Contract Tower,5,26,14,0,45,0,0,49,0,49,5,26,63,0,94,42,0,42,136
11/01/2004,BMI,IL,AGL,CE,Federal Contract Tower,6,21,13,0,40,0,0,0,0,0,6,21,13,0,40,0,0,0,40
11/02/2004,BMI,IL,AGL,CE,Federal Contract Tower,7,24,39,0,70,0,0,0,0,0,7,24,39,0,70,0,0,0,70
11/03/2004,BMI,IL,AGL,CE,Federal Contract Tower,6,28,23,0,57,0,0,20,0,20,6,28,43,0,77,4,0,4,81
11/04/2004,BMI,IL,AGL,CE,Federal Contract Tower,9,25,26,2,62,0,0,5,0,5,9,25,31,2,67,14,0,14,81
11/05/2004,BMI,IL,AGL,CE,Federal Contract Tower,9,28,25,0,62,0,0,24,0,24,9,28,49,0,86,16,0,16,102
11/06/2004,BMI,IL,AGL,CE,Federal Contract Tower,7,24,7,0,38,0,0,37,0,37,7,24,44,0,75,30,0,30,105
11/07/2004,BMI,IL,AGL,CE,Federal Contract Tower,7,27,15,0,49,0,0,51,0,51,7,27,66,0,100,38,0,38,138
11/08/2004,BMI,IL,AGL,CE,Federal Contract Tower,9,28,15,0,52,0,0,39,0,39,9,28,54,0,91,44,0,44,135
11/09/2004,BMI,IL,AGL,CE,Federal Contract Tower,9,30,22,0,61,0,0,28,0,28,9,30,50,0,89,26,0,26,115
11/10/2004,BMI,IL,AGL,CE,Federal Contract Tower,9,25,25,0,59,0,0,20,0,20,9,25,45,0,79,26,0,26,105
11/11/2004,BMI,IL,AGL,CE,Federal Contract Tower,8,30,16,0,54,0,0,4,0,4,8,30,20,0,58,2,0,2,60
11/12/2004,BMI,IL,AGL,CE,Federal Contract Tower,9,30,21,0,60,0,0,17,0,17,9,30,38,0,77,26,0,26,103
11/13/2004,BMI,IL,AGL,CE,Federal Contract Tower,9,24,18,0,51,0,0,45,0,45,9,24,63,0,96,28,0,28,124
11/14/2004,BMI,IL,AGL,CE,Federal Contract Tower,8,26,18,0,52,0,0,54,0,54,8,26,72,0,106,48,0,48,154
11/15/2004,BMI,IL,AGL,CE,Federal Contract Tower,9,29,26,0,64,0,0,25,0,25,9,29,51,0,89,10,0,10,99
11/16/2004,BMI,IL,AGL,CE,Federal Contract Tower,8,31,20,0,59,0,0,6,0,6,8,31,26,0,65,16,0,16,81
11/17/2004,BMI,IL,AGL,CE,Federal Contract Tower,9,28,18,0,55,0,0,10,1,11,9,28,28,1,66,34,0,34,100
11/18/2004,BMI,IL,AGL,CE,Federal Contract Tower,8,32,22,0,62,0,0,4,1,5,8,32,26,1,67,0,0,0,67
11/19/2004,BMI,IL,AGL,CE,Federal Contract Tower,10,27,15,0,52,0,0,0,0,0,10,27,15,0,52,0,0,0,52
11/20/2004,BMI,IL,AGL,CE,Federal Contract Tower,7,24,20,0,51,0,0,13,0,13,7,24,33,0,64,74,0,74,138
11/21/2004,BMI,IL,AGL,CE,Federal Contract Tower,7,27,11,0,45,0,0,43,0,43,7,27,54,0,88,70,0,70,158
11/22/2004,BMI,IL,AGL,CE,Federal Contract Tower,9,28,18,0,55,0,0,21,0,21,9,28,39,0,76,12,0,12,88
11/23/2004,BMI,IL,AGL,CE,Federal Contract Tower,9,31,29,0,69,0,0,0,0,0,9,31,29,0,69,0,0,0,69
11/24/2004,BMI,IL,AGL,CE,Federal Contract Tower,1,5,8,0,14,0,0,0,0,0,1,5,8,0,14,0,0,0,14
11/25/2004,BMI,IL,AGL,CE,Federal Contract Tower,7,19,5,0,31,0,0,22,0,22,7,19,27,0,53,0,0,0,53
11/26/2004,BMI,IL,AGL,CE,Federal Contract Tower,9,31,7,0,47,0,0,16,0,16,9,31,23,0,63,8,0,8,71
11/27/2004,BMI,IL,AGL,CE,Federal Contract Tower,6,27,4,0,37,0,0,0,0,0,6,27,4,0,37,0,0,0,37
11/28/2004,BMI,IL,AGL,CE,Federal Contract Tower,7,28,29,0,64,0,0,34,0,34,7,28,63,0,98,66,0,66,164
11/29/2004,BMI,IL,AGL,CE,Federal Contract Tower,7,29,22,0,58,0,0,0,0,0,7,29,22,0,58,12,0,12,70
11/30/2004,BMI,IL,AGL,CE,Federal Contract Tower,9,26,19,0,54,0,0,0,0,0,9,26,19,0,54,0,0,0,54
12/01/2004,BMI,IL,AGL,CE,Federal Contract Tower,9,28,18,0,55,0,0,35,0,35,9,28,53,0,90,22,0,22,112
12/02/2004,BMI,IL,AGL,CE,Federal Contract Tower,9,28,17,0,54,0,0,26,0,26,9,28,43,0,80,10,0,10,90
12/03/2004,BMI,IL,AGL,CE,Federal Contract Tower,9,25,13,0,47,0,1,20,3,24,9,26,33,3,71,18,2,20,91
12/04/2004,BMI,IL,AGL,CE,Federal Contract Tower,8,25,12,0,45,0,0,35,0,35,8,25,47,0,80,4,0,4,84
12/05/2004,BMI,IL,AGL,CE,Federal Contract Tower,7,27,16,0,50,0,0,54,0,54,7,27,70,0,104,38,0,38,142
12/06/2004,BMI,IL,AGL,CE,Federal Contract Tower,7,27,24,0,58,0,0,0,0,0,7,27,24,0,58,0,0,0,58
12/07/2004,BMI,IL,AGL,CE,Federal Contract Tower,8,30,22,0,60,0,0,1,0,1,8,30,23,0,61,14,0,14,75
12/08/2004,BMI,IL,AGL,CE,Federal Contract Tower,9,27,23,0,59,0,0,29,0,29,9,27,52,0,88,48,0,48,136
12/09/2004,BMI,IL,AGL,CE,Federal Contract Tower,9,28,29,0,66,0,0,6,0,6,9,28,35,0,72,72,0,72,144
12/10/2004,BMI,IL,AGL,CE,Federal Contract Tower,7,29,18,0,54,0,0,0,0,0,7,29,18,0,54,0,0,0,54
12/11/2004,BMI,IL,AGL,CE,Federal Contract Tower,7,26,9,0,42,0,0,10,0,10,7,26,19,0,52,124,0,124,176
12/12/2004,BMI,IL,AGL,CE,Federal Contract Tower,6,22,12,0,40,0,0,8,0,8,6,22,20,0,48,18,0,18,66
12/13/2004,BMI,IL,AGL,CE,Federal Contract Tower,7,27,18,0,52,0,0,3,0,3,7,27,21,0,55,18,0,18,73
12/14/2004,BMI,IL,AGL,CE,Federal Contract Tower,11,29,26,0,66,0,0,35,0,35,11,29,61,0,101,38,0,38,139
12/15/2004,BMI,IL,AGL,CE,Federal Contract Tower,9,27,27,0,63,0,0,26,2,28,9,27,53,2,91,66,0,66,157
12/16/2004,BMI,IL,AGL,CE,Federal Contract Tower,8,30,19,0,57,0,0,36,0,36,8,30,55,0,93,92,0,92,185
12/17/2004,BMI,IL,AGL,CE,Federal Contract Tower,10,31,10,0,51,0,0,36,0,36,10,31,46,0,87,22,0,22,109
12/18/2004,BMI,IL,AGL,CE,Federal Contract Tower,7,27,5,0,39,0,0,34,0,34,7,27,39,0,73,54,0,54,127
12/19/2004,BMI,IL,AGL,CE,Federal Contract Tower,6,27,0,0,33,0,0,19,0,19,6,27,19,0,52,52,0,52,104
12/20/2004,BMI,IL,AGL,CE,Federal Contract Tower,8,29,13,0,50,0,0,8,0,8,8,29,21,0,58,8,0,8,66
12/21/2004,BMI,IL,AGL,CE,Federal Contract Tower,10,28,14,0,52,0,0,6,0,6,10,28,20,0,58,10,0,10,68
12/22/2004,BMI,IL,AGL,CE,Federal Contract Tower,7,30,13,0,50,0,2,8,0,10,7,32,21,0,60,0,0,0,60
12/23/2004,BMI,IL,AGL,CE,Federal Contract Tower,6,31,13,0,50,0,0,10,0,10,6,31,23,0,60,22,0,22,82
12/24/2004,BMI,IL,AGL,CE,Federal Contract Tower,9,24,1,0,34,0,0,15,0,15,9,24,16,0,49,0,0,0,49
12/25/2004,BMI,IL,AGL,CE,Federal Contract Tower,5,25,3,0,33,0,0,6,0,6,5,25,9,0,39,0,0,0,39
12/26/2004,BMI,IL,AGL,CE,Federal Contract Tower,8,26,11,0,45,0,0,20,0,20,8,26,31,0,65,30,0,30,95
12/27/2004,BMI,IL,AGL,CE,Federal Contract Tower,8,29,10,0,47,0,0,14,1,15,8,29,24,1,62,20,0,20,82
12/28/2004,BMI,IL,AGL,CE,Federal Contract Tower,11,28,9,0,48,0,0,25,0,25,11,28,34,0,73,28,0,28,101
12/29/2004,BMI,IL,AGL,CE,Federal Contract Tower,8,26,21,0,55,0,0,21,0,21,8,26,42,0,76,44,0,44,120
12/30/2004,BMI,IL,AGL,CE,Federal Contract Tower,9,16,12,0,37,0,0,0,0,0,9,16,12,0,37,0,0,0,37
12/31/2004,BMI,IL,AGL,CE,Federal Contract Tower,8,23,16,0,47,0,0,54,0,54,8,23,70,0,101,28,0,28,129
01/01/2005,BMI,IL,AGL,CE,Federal Contract Tower,5,16,1,0,22,0,0,0,0,0,5,16,1,0,22,0,0,0,22
01/02/2005,BMI,IL,AGL,CE,Federal Contract Tower,7,27,5,0,39,0,0,0,0,0,7,27,5,0,39,0,0,0,39
01/03/2005,BMI,IL,AGL,CE,Federal Contract Tower,8,24,8,0,40,0,0,0,0,0,8,24,8,0,40,0,0,0,40
01/04/2005,BMI,IL,AGL,CE,Federal Contract Tower,3,6,9,0,18,0,0,0,0,0,3,6,9,0,18,0,0,0,18
01/05/2005,BMI,IL,AGL,CE,Federal Contract Tower,3,5,5,0,13,0,0,0,0,0,3,5,5,0,13,0,0,0,13
01/06/2005,BMI,IL,AGL,CE,Federal Contract Tower,10,18,16,0,44,0,0,1,0,1,10,18,17,0,45,0,0,0,45
01/07/2005,BMI,IL,AGL,CE,Federal Contract Tower,8,30,3,0,41,0,0,3,0,3,8,30,6,0,44,0,0,0,44
01/08/2005,BMI,IL,AGL,CE,Federal Contract Tower,6,25,8,0,39,0,0,3,0,3,6,25,11,0,42,4,0,4,46
01/09/2005,BMI,IL,AGL,CE,Federal Contract Tower,7,26,10,0,43,0,0,2,0,2,7,26,12,0,45,0,0,0,45
01/10/2005,BMI,IL,AGL,CE,Federal Contract Tower,6,28,12,0,46,0,0,0,0,0,6,28,12,0,46,0,0,0,46
01/11/2005,BMI,IL,AGL,CE,Federal Contract Tower,6,16,7,0,29,0,0,0,0,0,6,16,7,0,29,0,0,0,29
01/12/2005,BMI,IL,AGL,CE,Federal Contract Tower,9,15,26,0,50,0,0,2,0,2,9,15,28,0,52,0,0,0,52
01/13/2005,BMI,IL,AGL,CE,Federal Contract Tower,7,21,19,0,47,0,0,0,0,0,7,21,19,0,47,0,0,0,47
01/14/2005,BMI,IL,AGL,CE,Federal Contract Tower,9,29,20,0,58,0,0,12,0,12,9,29,32,0,70,30,0,30,100
01/15/2005,BMI,IL,AGL,CE,Federal Contract Tower,7,22,5,0,34,0,0,21,0,21,7,22,26,0,55,78,0,78,133
01/16/2005,BMI,IL,AGL,CE,Federal Contract Tower,8,25,5,0,38,0,0,19,0,19,8,25,24,0,57,12,0,12,69
01/17/2005,BMI,IL,AGL,CE,Federal Contract Tower,8,26,14,0,48,0,0,15,0,15,8,26,29,0,63,30,0,30,93
01/18/2005,BMI,IL,AGL,CE,Federal Contract Tower,9,26,14,3,52,0,0,13,0,13,9,26,27,3,65,14,16,30,95
01/19/2005,BMI,IL,AGL,CE,Federal Contract Tower,12,25,14,0,51,0,0,3,0,3,12,25,17,0,54,2,0,2,56
01/20/2005,BMI,IL,AGL,CE,Federal Contract Tower,9,25,19,0,53,0,0,0,0,0,9,25,19,0,53,6,0,6,59
01/21/2005,BMI,IL,AGL,CE,Federal Contract Tower,11,26,11,0,48,0,0,22,0,22,11,26,33,0,70,32,0,32,102
01/22/2005,BMI,IL,AGL,CE,Federal Contract Tower,10,10,1,0,21,0,0,0,0,0,10,10,1,0,21,0,0,0,21
01/23/2005,BMI,IL,AGL,CE,Federal Contract Tower,7,23,20,0,50,0,0,33,0,33,7,23,53,0,83,30,0,30,113
01/24/2005,BMI,IL,AGL,CE,Federal Contract Tower,8,28,12,0,48,0,0,18,2,20,8,28,30,2,68,44,0,44,112
01/25/2005,BMI,IL,AGL,CE,Federal Contract Tower,9,26,29,0,64,0,0,37,0,37,9,26,66,0,101,16,0,16,117
01/26/2005,BMI,IL,AGL,CE,Federal Contract Tower,8,25,21,0,54,0,0,4,0,4,8,25,25,0,58,8,0,8,66
01/27/2005,BMI,IL,AGL,CE,Federal Contract Tower,9,29,20,0,58,0,0,23,0,23,9,29,43,0,81,52,0,52,133
01/28/2005,BMI,IL,AGL,CE,Federal Contract Tower,8,29,16,0,53,0,0,19,0,19,8,29,35,0,72,54,0,54,126
01/29/2005,BMI,IL,AGL,CE,Federal Contract Tower,3,24,3,0,30,0,0,0,0,0,3,24,3,0,30,0,0,0,30
01/30/2005,BMI,IL,AGL,CE,Federal Contract Tower,9,24,16,0,49,0,0,80,0,80,9,24,96,0,129,42,0,42,171
01/31/2005,BMI,IL,AGL,CE,Federal Contract Tower,9,27,18,0,54,0,0,10,0,10,9,27,28,0,64,16,0,16,80
02/01/2005,BMI,IL,AGL,CE,Federal Contract Tower,9,25,18,2,54,0,0,14,0,14,9,25,32,2,68,4,6,10,78
02/02/2005,BMI,IL,AGL,CE,Federal Contract Tower,7,24,23,0,54,0,0,11,0,11,7,24,34,0,65,8,0,8,73
02/03/2005,BMI,IL,AGL,CE,Federal Contract Tower,8,28,22,0,58,0,0,30,0,30,8,28,52,0,88,38,0,38,126
02/04/2005,BMI,IL,AGL,CE,Federal Contract Tower,8,27,19,0,54,0,0,41,0,41,8,27,60,0,95,32,0,32,127
02/05/2005,BMI,IL,AGL,CE,Federal Contract Tower,7,20,19,0,46,0,0,59,0,59,7,20,78,0,105,152,0,152,257
02/06/2005,BMI,IL,AGL,CE,Federal Contract Tower,8,24,10,0,42,0,0,16,0,16,8,24,26,0,58,46,0,46,104
02/07/2005,BMI,IL,AGL,CE,Federal Contract Tower,4,6,6,0,16,0,0,0,0,0,4,6,6,0,16,0,0,0,16
02/08/2005,BMI,IL,AGL,CE,Federal Contract Tower,9,27,14,0,50,0,0,0,0,0,9,27,14,0,50,0,0,0,50
02/09/2005,BMI,IL,AGL,CE,Federal Contract Tower,7,31,18,0,56,0,0,3,0,3,7,31,21,0,59,0,0,0,59
02/10/2005,BMI,IL,AGL,CE,Federal Contract Tower,7,28,31,0,66,0,0,13,0,13,7,28,44,0,79,28,0,28,107
02/11/2005,BMI,IL,AGL,CE,Federal Contract Tower,8,26,22,0,56,0,0,35,0,35,8,26,57,0,91,12,0,12,103
02/12/2005,BMI,IL,AGL,CE,Federal Contract Tower,8,23,9,0,40,0,0,61,0,61,8,23,70,0,101,138,0,138,239
02/13/2005,BMI,IL,AGL,CE,Federal Contract Tower,8,19,3,0,30,0,0,0,0,0,8,19,3,0,30,0,0,0,30
02/14/2005,BMI,IL,AGL,CE,Federal Contract Tower,7,26,10,0,43,0,0,4,0,4,7,26,14,0,47,0,0,0,47
02/15/2005,BMI,IL,AGL,CE,Federal Contract Tower,7,29,30,0,66,0,0,7,0,7,7,29,37,0,73,4,0,4,77
02/16/2005,BMI,IL,AGL,CE,Federal Contract Tower,7,27,36,0,70,0,0,29,0,29,7,27,65,0,99,18,0,18,117
02/17/2005,BMI,IL,AGL,CE,Federal Contract Tower,9,29,22,0,60,0,0,25,0,25,9,29,47,0,85,18,0,18,103
02/18/2005,BMI,IL,AGL,CE,Federal Contract Tower,10,31,16,0,57,0,0,32,0,32,10,31,48,0,89,28,0,28,117
02/19/2005,BMI,IL,AGL,CE,Federal Contract Tower,7,28,17,0,52,0,0,22,0,22,7,28,39,0,74,18,0,18,92
02/20/2005,BMI,IL,AGL,CE,Federal Contract Tower,6,14,2,0,22,0,0,0,0,0,6,14,2,0,22,0,0,0,22
02/21/2005,BMI,IL,AGL,CE,Federal Contract Tower,6,29,15,0,50,0,0,0,0,0,6,29,15,0,50,0,0,0,50
02/22/2005,BMI,IL,AGL,CE,Federal Contract Tower,9,29,20,0,58,0,0,20,0,20,9,29,40,0,78,20,0,20,98
02/23/2005,BMI,IL,AGL,CE,Federal Contract Tower,11,28,22,0,61,0,0,27,0,27,11,28,49,0,88,8,0,8,96
02/24/2005,BMI,IL,AGL,CE,Federal Contract Tower,8,31,27,0,66,0,0,12,0,12,8,31,39,0,78,14,0,14,92
02/25/2005,BMI,IL,AGL,CE,Federal Contract Tower,9,29,22,0,60,0,0,27,2,29,9,29,49,2,89,10,0,10,99
02/26/2005,BMI,IL,AGL,CE,Federal Contract Tower,9,26,25,0,60,0,0,32,0,32,9,26,57,0,92,114,0,114,206
02/27/2005,BMI,IL,AGL,CE,Federal Contract Tower,7,30,9,0,46,0,0,30,0,30,7,30,39,0,76,64,0,64,140
02/28/2005,BMI,IL,AGL,CE,Federal Contract Tower,6,28,5,0,39,0,0,2,0,2,6,28,7,0,41,0,0,0,41
03/01/2005,BMI,IL,AGL,CE,Federal Contract Tower,9,27,11,0,47,0,0,0,0,0,9,27,11,0,47,0,0,0,47
03/02/2005,BMI,IL,AGL,CE,Federal Contract Tower,9,32,23,0,64,0,0,45,0,45,9,32,68,0,109,76,0,76,185
03/03/2005,BMI,IL,AGL,CE,Federal Contract Tower,10,28,20,0,58,0,0,29,3,32,10,28,49,3,90,26,0,26,116
03/04/2005,BMI,IL,AGL,CE,Federal Contract Tower,9,29,25,0,63,0,0,28,0,28,9,29,53,0,91,20,0,20,111
03/05/2005,BMI,IL,AGL,CE,Federal Contract Tower,8,25,24,0,57,0,0,9,0,9,8,25,33,0,66,14,0,14,80
03/06/2005,BMI,IL,AGL,CE,Federal Contract Tower,6,26,6,0,38,0,0,35,0,35,6,26,41,0,73,64,0,64,137
03/07/2005,BMI,IL,AGL,CE,Federal Contract Tower,7,27,9,0,43,0,0,4,3,7,7,27,13,3,50,12,0,12,62
03/08/2005,BMI,IL,AGL,CE,Federal Contract Tower,10,30,22,0,62,0,0,17,0,17,10,30,39,0,79,8,0,8,87
03/09/2005,BMI,IL,AGL,CE,Federal Contract Tower,9,29,17,0,55,0,0,23,0,23,9,29,40,0,78,60,0,60,138
03/10/2005,BMI,IL,AGL,CE,Federal Contract Tower,8,27,8,0,43,0,0,0,0,0,8,27,8,0,43,0,0,0,43
03/11/2005,BMI,IL,AGL,CE,Federal Contract Tower,9,31,21,0,61,0,0,10,0,10,9,31,31,0,71,16,0,16,87
03/12/2005,BMI,IL,AGL,CE,Federal Contract Tower,8,26,12,0,46,0,0,29,0,29,8,26,41,0,75,54,0,54,129
03/13/2005,BMI,IL,AGL,CE,Federal Contract Tower,7,26,14,0,47,0,0,41,0,41,7,26,55,0,88,34,0,34,122
03/14/2005,BMI,IL,AGL,CE,Federal Contract Tower,9,27,26,0,62,0,0,17,0,17,9,27,43,0,79,40,0,40,119
03/15/2005,BMI,IL,AGL,CE,Federal Contract Tower,10,29,26,0,65,0,0,39,0,39,10,29,65,0,104,52,0,52,156
03/16/2005,BMI,IL,AGL,CE,Federal Contract Tower,8,30,8,0,46,0,0,18,0,18,8,30,26,0,64,24,0,24,88
03/17/2005,BMI,IL,AGL,CE,Federal Contract Tower,8,30,28,0,66,0,0,25,0,25,8,30,53,0,91,42,0,42,133
03/18/2005,BMI,IL,AGL,CE,Federal Contract Tower,8,29,12,0,49,0,0,12,0,12,8,29,24,0,61,14,0,14,75
03/19/2005,BMI,IL,AGL,CE,Federal Contract Tower,7,29,9,0,45,0,0,4,0,4,7,29,13,0,49,112,0,112,161
03/20/2005,BMI,IL,AGL,CE,Federal Contract Tower,6,27,14,0,47,0,0,51,0,51,6,27,65,0,98,18,0,18,116
03/21/2005,BMI,IL,AGL,CE,Federal Contract Tower,8,29,16,0,53,0,0,15,0,15,8,29,31,0,68,6,0,6,74
03/22/2005,BMI,IL,AGL,CE,Federal Contract Tower,6,28,21,0,55,0,0,7,0,7,6,28,28,0,62,54,0,54,116
03/23/2005,BMI,IL,AGL,CE,Federal Contract Tower,8,27,17,4,56,0,0,3,0,3,8,27,20,4,59,14,6,20,79
03/24/2005,BMI,IL,AGL,CE,Federal Contract Tower,9,27,27,2,65,0,0,15,0,15,9,27,42,2,80,20,0,20,100
03/25/2005,BMI,IL,AGL,CE,Federal Contract Tower,6,25,5,0,36,0,0,0,0,0,6,25,5,0,36,0,0,0,36
03/26/2005,BMI,IL,AGL,CE,Federal Contract Tower,6,25,12,0,43,0,0,3,0,3,6,25,15,0,46,4,0,4,50
03/27/2005,BMI,IL,AGL,CE,Federal Contract Tower,5,27,14,0,46,0,0,24,0,24,5,27,38,0,70,10,0,10,80
03/28/2005,BMI,IL,AGL,CE,Federal Contract Tower,9,29,20,0,58,0,0,46,0,46,9,29,66,0,104,14,0,14,118
03/29/2005,BMI,IL,AGL,CE,Federal Contract Tower,9,31,21,0,61,0,0,26,0,26,9,31,47,0,87,114,0,114,201
03/30/2005,BMI,IL,AGL,CE,Federal Contract Tower,9,27,18,0,54,0,0,6,0,6,9,27,24,0,60,40,0,40,100
03/31/2005,BMI,IL,AGL,CE,Federal Contract Tower,9,34,20,2,65,0,0,11,0,11,9,34,31,2,76,56,0,56,132
04/01/2005,BMI,IL,AGL,CE,Federal Contract Tower,8,30,21,0,59,0,0,19,0,19,8,30,40,0,78,88,4,92,170
04/02/2005,BMI,IL,AGL,CE,Federal Contract Tower,7,27,6,0,40,0,0,48,0,48,7,27,54,0,88,112,0,112,200
04/03/2005,BMI,IL,AGL,CE,Federal Contract Tower,6,24,17,0,47,0,0,75,0,75,6,24,92,0,122,34,0,34,156
04/04/2005,BMI,IL,AGL,CE,Federal Contract Tower,9,26,19,0,54,0,0,33,0,33,9,26,52,0,87,70,0,70,157
04/05/2005,BMI,IL,AGL,CE,Federal Contract Tower,9,27,21,8,65,0,0,19,0,19,9,27,40,8,84,66,18,84,168
04/06/2005,BMI,IL,AGL,CE,Federal Contract Tower,10,29,12,0,51,0,0,15,0,15,10,29,27,0,66,98,0,98,164
04/07/2005,BMI,IL,AGL,CE,Federal Contract Tower,8,27,23,4,62,0,0,22,0,22,8,27,45,4,84,76,0,76,160
04/08/2005,BMI,IL,AGL,CE,Federal Contract Tower,9,29,24,0,62,0,261,54,0,315,9,290,78,0,377,194,0,194,571
04/09/2005,BMI,IL,AGL,CE,Federal Contract Tower,7,25,12,0,44,0,0,76,0,76,7,25,88,0,120,204,0,204,324
04/10/2005,BMI,IL,AGL,CE,Federal Contract Tower,6,28,14,0,48,0,0,47,0,47,6,28,61,0,95,44,0,44,139
04/11/2005,BMI,IL,AGL,CE,Federal Contract Tower,8,27,18,0,53,0,0,9,0,9,8,27,27,0,62,60,0,60,122
04/12/2005,BMI,IL,AGL,CE,Federal Contract Tower,9,30,23,5,67,0,0,0,0,0,9,30,23,5,67,0,0,0,67
04/13/2005,BMI,IL,AGL,CE,Federal Contract Tower,9,25,19,4,57,0,0,18,0,18,9,25,37,4,75,122,6,128,203
04/14/2005,BMI,IL,AGL,CE,Federal Contract Tower,8,28,37,9,82,0,0,50,1,51,8,28,87,10,133,96,6,102,235
04/15/2005,BMI,IL,AGL,CE,Federal Contract Tower,7,26,24,0,57,0,0,59,0,59,7,26,83,0,116,134,0,134,250
04/16/2005,BMI,IL,AGL,CE,Federal Contract Tower,7,24,15,0,46,0,0,59,0,59,7,24,74,0,105,110,0,110,215
04/17/2005,BMI,IL,AGL,CE,Federal Contract Tower,7,30,16,0,53,0,0,27,0,27,7,30,43,0,80,16,0,16,96
04/18/2005,BMI,IL,AGL,CE,Federal Contract Tower,9,28,13,0,50,0,0,34,0,34,9,28,47,0,84,88,0,88,172
04/19/2005,BMI,IL,AGL,CE,Federal Contract Tower,10,27,10,0,47,0,0,40,0,40,10,27,50,0,87,56,0,56,143
04/20/2005,BMI,IL,AGL,CE,Federal Contract Tower,8,31,22,0,61,0,0,26,0,26,8,31,48,0,87,62,0,62,149
04/21/2005,BMI,IL,AGL,CE,Federal Contract Tower,9,28,26,2,65,0,0,7,0,7,9,28,33,2,72,40,0,40,112
04/22/2005,BMI,IL,AGL,CE,Federal Contract Tower,6,27,6,0,39,0,0,0,0,0,6,27,6,0,39,0,0,0,39
04/23/2005,BMI,IL,AGL,CE,Federal Contract Tower,7,20,11,0,38,0,0,13,0,13,7,20,24,0,51,22,0,22,73
04/24/2005,BMI,IL,AGL,CE,Federal Contract Tower,7,26,18,0,51,0,0,34,0,34,7,26,52,0,85,30,0,30,115
04/25/2005,BMI,IL,AGL,CE,Federal Contract Tower,8,27,23,0,58,0,0,18,0,18,8,27,41,0,76,44,0,44,120
04/26/2005,BMI,IL,AGL,CE,Federal Contract Tower,8,29,21,0,58,0,0,15,0,15,8,29,36,0,73,42,0,42,115
04/27/2005,BMI,IL,AGL,CE,Federal Contract Tower,9,27,28,0,64,0,0,22,0,22,9,27,50,0,86,32,0,32,118
04/28/2005,BMI,IL,AGL,CE,Federal Contract Tower,9,28,24,0,61,0,0,28,0,28,9,28,52,0,89,54,0,54,143
04/29/2005,BMI,IL,AGL,CE,Federal Contract Tower,9,29,20,0,58,0,0,26,1,27,9,29,46,1,85,22,0,22,107
04/30/2005,BMI,IL,AGL,CE,Federal Contract Tower,6,22,18,0,46,0,0,18,0,18,6,22,36,0,64,26,0,26,90
05/01/2005,BMI,IL,AGL,CE,Federal Contract Tower,7,28,19,0,54,0,0,24,0,24,7,28,43,0,78,52,0,52,130
05/02/2005,BMI,IL,AGL,CE,Federal Contract Tower,10,27,21,0,58,0,0,10,0,10,10,27,31,0,68,2,0,2,70
05/03/2005,BMI,IL,AGL,CE,Federal Contract Tower,10,28,23,0,61,0,0,46,0,46,10,28,69,0,107,72,0,72,179
05/04/2005,BMI,IL,AGL,CE,Federal Contract Tower,6,25,22,0,53,0,0,62,0,62,6,25,84,0,115,90,0,90,205
05/05/2005,BMI,IL,AGL,CE,Federal Contract Tower,8,27,22,4,61,0,0,64,0,64,8,27,86,4,125,36,6,42,167
05/06/2005,BMI,IL,AGL,CE,Federal Contract Tower,7,27,8,0,42,0,0,45,0,45,7,27,53,0,87,62,0,62,149
05/07/2005,BMI,IL,AGL,CE,Federal Contract Tower,8,22,3,0,33,0,0,39,0,39,8,22,42,0,72,100,0,100,172
05/08/2005,BMI,IL,AGL,CE,Federal Contract Tower,9,26,11,0,46,0,0,36,0,36,9,26,47,0,82,0,0,0,82
05/09/2005,BMI,IL,AGL,CE,Federal Contract Tower,7,27,26,0,60,0,0,9,2,11,7,27,35,2,71,0,0,0,71
05/10/2005,BMI,IL,AGL,CE,Federal Contract Tower,9,27,21,0,57,0,0,34,0,34,9,27,55,0,91,68,0,68,159
05/11/2005,BMI,IL,AGL,CE,Federal Contract Tower,8,20,13,0,41,1,0,14,0,15,9,20,27,0,56,16,0,16,72
05/12/2005,BMI,IL,AGL,CE,Federal Contract Tower,8,27,14,0,49,0,0,7,0,7,8,27,21,0,56,0,0,0,56
05/13/2005,BMI,IL,AGL,CE,Federal Contract Tower,6,28,16,1,51,0,0,26,0,26,6,28,42,1,77,58,0,58,135
05/14/2005,BMI,IL,AGL,CE,Federal Contract Tower,7,24,12,0,43,0,0,35,0,35,7,24,47,0,78,52,0,52,130
05/15/2005,BMI,IL,AGL,CE,Federal Contract Tower,6,24,17,0,47,0,0,15,0,15,6,24,32,0,62,16,0,16,78
05/16/2005,BMI,IL,AGL,CE,Federal Contract Tower,7,26,19,0,52,0,0,45,0,45,7,26,64,0,97,58,0,58,155
05/17/2005,BMI,IL,AGL,CE,Federal Contract Tower,9,28,27,0,64,0,0,37,0,37,9,28,64,0,101,58,0,58,159
05/18/2005,BMI,IL,AGL,CE,Federal Contract Tower,7,26,21,0,54,0,0,31,0,31,7,26,52,0,85,50,0,50,135
05/19/2005,BMI,IL,AGL,CE,Federal Contract Tower,11,29,30,0,70,0,0,12,0,12,11,29,42,0,82,16,0,16,98
05/20/2005,BMI,IL,AGL,CE,Federal Contract Tower,6,31,39,0,76,0,1,12,0,13,6,32,51,0,89,10,0,10,99
05/21/2005,BMI,IL,AGL,CE,Federal Contract Tower,7,22,14,0,43,0,0,144,0,144,7,22,158,0,187,36,0,36,223
05/22/2005,BMI,IL,AGL,CE,Federal Contract Tower,7,27,20,0,54,0,0,58,2,60,7,27,78,2,114,10,0,10,124
05/23/2005,BMI,IL,AGL,CE,Federal Contract Tower,7,27,18,0,52,0,0,20,0,20,7,27,38,0,72,8,0,8,80
05/24/2005,BMI,IL,AGL,CE,Federal Contract Tower,9,29,32,0,70,0,0,71,0,71,9,29,103,0,141,82,0,82,223
05/25/2005,BMI,IL,AGL,CE,Federal Contract Tower,7,29,15,0,51,0,0,53,0,53,7,29,68,0,104,86,0,86,190
05/26/2005,BMI,IL,AGL,CE,Federal Contract Tower,9,25,15,2,51,0,0,27,0,27,9,25,42,2,78,30,16,46,124
05/27/2005,BMI,IL,AGL,CE,Federal Contract Tower,7,27,11,0,45,0,0,31,0,31,7,27,42,0,76,4,0,4,80
05/28/2005,BMI,IL,AGL,CE,Federal Contract Tower,8,22,17,0,47,0,0,27,0,27,8,22,44,0,74,42,0,42,116
05/29/2005,BMI,IL,AGL,CE,Federal Contract Tower,6,22,9,0,37,0,0,37,1,38,6,22,46,1,75,22,0,22,97
05/30/2005,BMI,IL,AGL,CE,Federal Contract Tower,5,24,7,0,36,0,0,45,0,45,5,24,52,0,81,0,0,0,81
05/31/2005,BMI,IL,AGL,CE,Federal Contract Tower,8,26,26,1,61,0,0,34,0,34,8,26,60,1,95,62,8,70,165
06/01/2005,BMI,IL,AGL,CE,Federal Contract Tower,6,28,16,0,50,0,1,24,0,25,6,29,40,0,75,50,0,50,125
06/02/2005,BMI,IL,AGL,CE,Federal Contract Tower,9,29,24,0,62,0,0,23,0,23,9,29,47,0,85,76,0,76,161
06/03/2005,BMI,IL,AGL,CE,Federal Contract Tower,7,26,22,0,55,0,0,15,0,15,7,26,37,0,70,0,0,0,70
06/04/2005,BMI,IL,AGL,CE,Federal Contract Tower,7,22,17,0,46,0,0,26,0,26,7,22,43,0,72,26,0,26,98
06/05/2005,BMI,IL,AGL,CE,Federal Contract Tower,5,20,17,0,42,0,0,11,0,11,5,20,28,0,53,8,0,8,61
06/06/2005,BMI,IL,AGL,CE,Federal Contract Tower,5,25,25,0,55,0,0,28,0,28,5,25,53,0,83,0,0,0,83
06/07/2005,BMI,IL,AGL,CE,Federal Contract Tower,8,31,25,0,64,0,0,36,1,37,8,31,61,1,101,46,12,58,159
06/08/2005,BMI,IL,AGL,CE,Federal Contract Tower,6,24,22,0,52,0,0,25,0,25,6,24,47,0,77,40,0,40,117
06/09/2005,BMI,IL,AGL,CE,Federal Contract Tower,9,26,31,0,66,0,0,41,3,44,9,26,72,3,110,68,0,68,178
06/10/2005,BMI,IL,AGL,CE,Federal Contract Tower,6,26,28,0,60,0,0,30,0,30,6,26,58,0,90,24,0,24,114
06/11/2005,BMI,IL,AGL,CE,Federal Contract Tower,6,22,15,0,43,0,0,47,0,47,6,22,62,0,90,44,0,44,134
06/12/2005,BMI,IL,AGL,CE,Federal Contract Tower,8,23,21,0,52,0,0,20,0,20,8,23,41,0,72,46,0,46,118
06/13/2005,BMI,IL,AGL,CE,Federal Contract Tower,6,23,29,0,58,0,0,6,0,6,6,23,35,0,64,0,0,0,64
06/14/2005,BMI,IL,AGL,CE,Federal Contract Tower,9,28,22,2,61,0,0,18,0,18,9,28,40,2,79,12,0,12,91
06/15/2005,BMI,IL,AGL,CE,Federal Contract Tower,6,25,30,0,61,0,0,23,0,23,6,25,53,0,84,12,0,12,96
06/16/2005,BMI,IL,AGL,CE,Federal Contract Tower,8,24,22,0,54,0,0,46,3,49,8,24,68,3,103,84,18,102,205
06/17/2005,BMI,IL,AGL,CE,Federal Contract Tower,8,26,30,2,66,0,0,57,3,60,8,26,87,5,126,38,0,38,164
06/18/2005,BMI,IL,AGL,CE,Federal Contract Tower,7,25,18,0,50,0,0,84,1,85,7,25,102,1,135,58,0,58,193
06/19/2005,BMI,IL,AGL,CE,Federal Contract Tower,7,23,21,0,51,0,0,59,0,59,7,23,80,0,110,8,0,8,118
06/20/2005,BMI,IL,AGL,CE,Federal Contract Tower,7,25,25,0,57,0,0,24,0,24,7,25,49,0,81,26,0,26,107
06/21/2005,BMI,IL,AGL,CE,Federal Contract Tower,9,24,24,0,57,0,0,25,0,25,9,24,49,0,82,12,0,12,94
06/22/2005,BMI,IL,AGL,CE,Federal Contract Tower,7,26,19,4,56,0,0,27,2,29,7,26,46,6,85,30,4,34,119
06/23/2005,BMI,IL,AGL,CE,Federal Contract Tower,9,24,27,0,60,0,0,34,0,34,9,24,61,0,94,68,0,68,162
06/24/2005,BMI,IL,AGL,CE,Federal Contract Tower,5,25,15,2,47,0,0,28,0,28,5,25,43,2,75,68,0,68,143
06/25/2005,BMI,IL,AGL,CE,Federal Contract Tower,6,23,8,2,39,0,0,59,0,59,6,23,67,2,98,0,0,0,98
06/26/2005,BMI,IL,AGL,CE,Federal Contract Tower,6,23,21,0,50,0,0,26,0,26,6,23,47,0,76,0,0,0,76
06/27/2005,BMI,IL,AGL,CE,Federal Contract Tower,6,21,24,0,51,0,0,11,0,11,6,21,35,0,62,6,0,6,68
06/28/2005,BMI,IL,AGL,CE,Federal Contract Tower,8,24,26,2,60,0,0,24,0,24,8,24,50,2,84,84,0,84,168
06/29/2005,BMI,IL,AGL,CE,Federal Contract Tower,6,18,25,0,49,0,0,27,4,31,6,18,52,4,80,47,6,53,133
06/30/2005,BMI,IL,AGL,CE,Federal Contract Tower,8,23,25,0,56,0,0,22,0,22,8,23,47,0,78,48,0,48,126
07/01/2005,BMI,IL,AGL,CE,Federal Contract Tower,7,26,20,0,53,0,0,36,0,36,7,26,56,0,89,8,0,8,97
07/02/2005,BMI,IL,AGL,CE,Federal Contract Tower,6,23,17,0,46,0,0,87,0,87,6,23,104,0,133,42,0,42,175
07/03/2005,BMI,IL,AGL,CE,Federal Contract Tower,7,19,15,0,41,0,0,34,0,34,7,19,49,0,75,18,0,18,93
07/04/2005,BMI,IL,AGL,CE,Federal Contract Tower,4,18,10,0,32,0,0,22,0,22,4,18,32,0,54,10,0,10,64
07/05/2005,BMI,IL,AGL,CE,Federal Contract Tower,8,23,24,0,55,0,0,27,2,29,8,23,51,2,84,4,8,12,96
07/06/2005,BMI,IL,AGL,CE,Federal Contract Tower,7,25,22,2,56,0,0,37,0,37,7,25,59,2,93,16,0,16,109
07/07/2005,BMI,IL,AGL,CE,Federal Contract Tower,8,25,6,0,39,0,0,13,0,13,8,25,19,0,52,30,0,30,82
07/08/2005,BMI,IL,AGL,CE,Federal Contract Tower,6,25,33,0,64,0,0,34,0,34,6,25,67,0,98,28,0,28,126
07/09/2005,BMI,IL,AGL,CE,Federal Contract Tower,7,21,8,2,38,0,0,66,0,66,7,21,74,2,104,70,0,70,174
07/10/2005,BMI,IL,AGL,CE,Federal Contract Tower,6,23,11,0,40,0,0,39,2,41,6,23,50,2,81,54,0,54,135
07/11/2005,BMI,IL,AGL,CE,Federal Contract Tower,6,24,16,0,46,0,0,6,0,6,6,24,22,0,52,2,0,2,54
07/12/2005,BMI,IL,AGL,CE,Federal Contract Tower,8,22,17,0,47,0,0,0,0,0,8,22,17,0,47,0,0,0,47
07/13/2005,BMI,IL,AGL,CE,Federal Contract Tower,6,29,16,0,51,0,0,12,0,12,6,29,28,0,63,70,0,70,133
07/14/2005,BMI,IL,AGL,CE,Federal Contract Tower,10,26,15,0,51,0,0,20,1,21,10,26,35,1,72,88,0,88,160
07/15/2005,BMI,IL,AGL,CE,Federal Contract Tower,5,22,18,0,45,0,0,31,0,31,5,22,49,0,76,68,0,68,144
07/16/2005,BMI,IL,AGL,CE,Federal Contract Tower,7,22,20,0,49,0,0,50,0,50,7,22,70,0,99,40,0,40,139
07/17/2005,BMI,IL,AGL,CE,Federal Contract Tower,6,23,23,0,52,0,0,47,0,47,6,23,70,0,99,72,0,72,171
07/18/2005,BMI,IL,AGL,CE,Federal Contract Tower,7,23,12,0,42,0,0,28,0,28,7,23,40,0,70,58,0,58,128
07/19/2005,BMI,IL,AGL,CE,Federal Contract Tower,8,24,30,0,62,0,0,52,0,52,8,24,82,0,114,62,2,64,178
07/20/2005,BMI,IL,AGL,CE,Federal Contract Tower,6,22,37,0,65,0,0,20,2,22,6,22,57,2,87,2,0,2,89
07/21/2005,BMI,IL,AGL,CE,Federal Contract Tower,8,29,17,1,55,0,0,29,1,30,8,29,46,2,85,22,4,26,111
07/22/2005,BMI,IL,AGL,CE,Federal Contract Tower,6,23,28,0,57,0,0,35,0,35,6,23,63,0,92,34,0,34,126
07/23/2005,BMI,IL,AGL,CE,Federal Contract Tower,6,19,20,0,45,0,0,38,0,38,6,19,58,0,83,54,0,54,137
07/24/2005,BMI,IL,AGL,CE,Federal Contract Tower,6,24,19,0,49,0,0,32,0,32,6,24,51,0,81,30,0,30,111
07/25/2005,BMI,IL,AGL,CE,Federal Contract Tower,8,21,21,0,50,0,0,28,0,28,8,21,49,0,78,38,0,38,116
07/26/2005,BMI,IL,AGL,CE,Federal Contract Tower,8,18,11,0,37,0,0,15,0,15,8,18,26,0,52,16,0,16,68
07/27/2005,BMI,IL,AGL,CE,Federal Contract Tower,6,26,23,0,55,0,0,49,0,49,6,26,72,0,104,82,0,82,186
07/28/2005,BMI,IL,AGL,CE,Federal Contract Tower,8,24,22,0,54,0,0,78,0,78,8,24,100,0,132,12,0,12,144
07/29/2005,BMI,IL,AGL,CE,Federal Contract Tower,6,21,15,0,42,0,0,45,0,45,6,21,60,0,87,10,0,10,97
07/30/2005,BMI,IL,AGL,CE,Federal Contract Tower,6,22,31,0,59,0,0,55,0,55,6,22,86,0,114,8,0,8,122
07/31/2005,BMI,IL,AGL,CE,Federal Contract Tower,6,26,22,0,54,0,0,60,0,60,6,26,82,0,114,10,0,10,124
08/01/2005,BMI,IL,AGL,CE,Federal Contract Tower,6,24,21,0,51,0,0,17,0,17,6,24,38,0,68,4,0,4,72
08/02/2005,BMI,IL,AGL,CE,Federal Contract Tower,11,27,16,0,54,0,0,32,0,32,11,27,48,0,86,36,12,48,134
08/03/2005,BMI,IL,AGL,CE,Federal Contract Tower,7,27,27,0,61,0,0,25,2,27,7,27,52,2,88,44,0,44,132
08/04/2005,BMI,IL,AGL,CE,Federal Contract Tower,8,25,18,0,51,0,1,16,0,17,8,26,34,0,68,0,0,0,68
08/05/2005,BMI,IL,AGL,CE,Federal Contract Tower,8,25,23,0,56,0,0,32,0,32,8,25,55,0,88,42,0,42,130
08/06/2005,BMI,IL,AGL,CE,Federal Contract Tower,8,27,9,0,44,0,0,101,0,101,8,27,110,0,145,50,0,50,195
08/07/2005,BMI,IL,AGL,CE,Federal Contract Tower,6,23,15,0,44,0,0,59,0,59,6,23,74,0,103,6,0,6,109
08/08/2005,BMI,IL,AGL,CE,Federal Contract Tower,5,27,19,1,52,0,0,32,3,35,5,27,51,4,87,78,0,78,165
08/09/2005,BMI,IL,AGL,CE,Federal Contract Tower,8,24,27,2,61,0,0,24,0,24,8,24,51,2,85,38,0,38,123
08/10/2005,BMI,IL,AGL,CE,Federal Contract Tower,6,23,31,0,60,0,0,26,0,26,6,23,57,0,86,52,0,52,138
08/11/2005,BMI,IL,AGL,CE,Federal Contract Tower,6,22,16,0,44,0,0,10,0,10,6,22,26,0,54,14,0,14,68
08/12/2005,BMI,IL,AGL,CE,Federal Contract Tower,6,22,26,0,54,0,0,19,0,19,6,22,45,0,73,14,0,14,87
08/13/2005,BMI,IL,AGL,CE,Federal Contract Tower,7,21,8,0,36,0,0,4,0,4,7,21,12,0,40,0,0,0,40
08/14/2005,BMI,IL,AGL,CE,Federal Contract Tower,6,25,12,0,43,0,0,2,0,2,6,25,14,0,45,10,0,10,55
08/15/2005,BMI,IL,AGL,CE,Federal Contract Tower,6,25,22,0,53,0,0,16,0,16,6,25,38,0,69,28,0,28,97
08/16/2005,BMI,IL,AGL,CE,Federal Contract Tower,8,27,12,0,47,0,0,34,0,34,8,27,46,0,81,24,0,24,105
08/17/2005,BMI,IL,AGL,CE,Federal Contract Tower,9,27,14,0,50,0,0,44,2,46,9,27,58,2,96,40,12,52,148
08/18/2005,BMI,IL,AGL,CE,Federal Contract Tower,6,19,19,0,44,0,0,25,0,25,6,19,44,0,69,22,0,22,91
08/19/2005,BMI,IL,AGL,CE,Federal Contract Tower,5,27,15,0,47,0,0,27,0,27,5,27,42,0,74,28,0,28,102
08/20/2005,BMI,IL,AGL,CE,Federal Contract Tower,6,22,5,0,33,0,0,39,0,39,6,22,44,0,72,88,0,88,160
08/21/2005,BMI,IL,AGL,CE,Federal Contract Tower,5,25,15,0,45,0,0,71,0,71,5,25,86,0,116,36,0,36,152
08/22/2005,BMI,IL,AGL,CE,Federal Contract Tower,6,26,15,0,47,0,0,40,0,40,6,26,55,0,87,44,0,44,131
08/23/2005,BMI,IL,AGL,CE,Federal Contract Tower,7,26,29,1,63,0,0,36,0,36,7,26,65,1,99,54,2,56,155
08/24/2005,BMI,IL,AGL,CE,Federal Contract Tower,6,23,27,0,56,0,0,45,0,45,6,23,72,0,101,32,0,32,133
08/25/2005,BMI,IL,AGL,CE,Federal Contract Tower,7,24,26,0,57,0,0,23,0,23,7,24,49,0,80,76,0,76,156
08/26/2005,BMI,IL,AGL,CE,Federal Contract Tower,7,25,14,0,46,0,0,20,0,20,7,25,34,0,66,76,0,76,142
08/27/2005,BMI,IL,AGL,CE,Federal Contract Tower,5,19,12,0,36,0,0,61,0,61,5,19,73,0,97,84,0,84,181
08/28/2005,BMI,IL,AGL,CE,Federal Contract Tower,5,23,17,0,45,0,0,49,0,49,5,23,66,0,94,12,0,12,106
08/29/2005,BMI,IL,AGL,CE,Federal Contract Tower,5,24,20,0,49,0,0,21,0,21,5,24,41,0,70,50,0,50,120
08/30/2005,BMI,IL,AGL,CE,Federal Contract Tower,6,24,13,0,43,0,0,17,0,17,6,24,30,0,60,22,0,22,82
08/31/2005,BMI,IL,AGL,CE,Federal Contract Tower,7,24,22,0,53,0,0,51,2,53,7,24,73,2,106,52,0,52,158
09/01/2005,BMI,IL,AGL,CE,Federal Contract Tower,7,23,17,0,47,0,0,44,0,44,7,23,61,0,91,104,0,104,195
09/02/2005,BMI,IL,AGL,CE,Federal Contract Tower,6,26,26,0,58,0,0,42,0,42,6,26,68,0,100,74,0,74,174
09/03/2005,BMI,IL,AGL,CE,Federal Contract Tower,5,20,18,0,43,0,0,54,0,54,5,20,72,0,97,44,0,44,141
09/04/2005,BMI,IL,AGL,CE,Federal Contract Tower,5,18,12,0,35,0,0,40,0,40,5,18,52,0,75,12,0,12,87
09/05/2005,BMI,IL,AGL,CE,Federal Contract Tower,5,24,15,0,44,0,0,58,0,58,5,24,73,0,102,40,0,40,142
09/06/2005,BMI,IL,AGL,CE,Federal Contract Tower,8,26,40,0,74,0,0,25,2,27,8,26,65,2,101,80,0,80,181
09/07/2005,BMI,IL,AGL,CE,Federal Contract Tower,7,22,29,0,58,0,0,15,0,15,7,22,44,0,73,24,0,24,97
09/08/2005,BMI,IL,AGL,CE,Federal Contract Tower,7,29,18,0,54,0,0,17,0,17,7,29,35,0,71,16,0,16,87
09/09/2005,BMI,IL,AGL,CE,Federal Contract Tower,7,27,23,0,57,0,0,24,0,24,7,27,47,0,81,0,0,0,81
09/10/2005,BMI,IL,AGL,CE,Federal Contract Tower,7,22,20,0,49,0,0,32,0,32,7,22,52,0,81,26,0,26,107
09/11/2005,BMI,IL,AGL,CE,Federal Contract Tower,5,23,13,0,41,0,0,52,0,52,5,23,65,0,93,16,0,16,109
09/12/2005,BMI,IL,AGL,CE,Federal Contract Tower,6,24,20,0,50,0,0,15,0,15,6,24,35,0,65,64,0,64,129
09/13/2005,BMI,IL,AGL,CE,Federal Contract Tower,8,28,24,0,60,0,0,14,0,14,8,28,38,0,74,74,0,74,148
09/14/2005,BMI,IL,AGL,CE,Federal Contract Tower,8,23,22,0,53,0,0,13,0,13,8,23,35,0,66,16,2,18,84
09/15/2005,BMI,IL,AGL,CE,Federal Contract Tower,7,24,15,0,46,0,0,16,0,16,7,24,31,0,62,16,0,16,78
09/16/2005,BMI,IL,AGL,CE,Federal Contract Tower,7,27,25,0,59,0,0,27,0,27,7,27,52,0,86,10,0,10,96
09/17/2005,BMI,IL,AGL,CE,Federal Contract Tower,7,20,11,0,38,0,0,103,0,103,7,20,114,0,141,74,0,74,215
09/18/2005,BMI,IL,AGL,CE,Federal Contract Tower,5,22,11,0,38,0,0,35,0,35,5,22,46,0,73,44,0,44,117
09/19/2005,BMI,IL,AGL,CE,Federal Contract Tower,6,18,13,0,37,0,0,4,0,4,6,18,17,0,41,48,0,48,89
09/20/2005,BMI,IL,AGL,CE,Federal Contract Tower,9,23,28,0,60,0,0,46,0,46,9,23,74,0,106,28,0,28,134
09/21/2005,BMI,IL,AGL,CE,Federal Contract Tower,9,25,23,4,61,0,0,48,4,52,9,25,71,8,113,28,6,34,147
09/22/2005,BMI,IL,AGL,CE,Federal Contract Tower,8,24,21,2,55,0,0,21,0,21,8,24,42,2,76,80,0,80,156
09/23/2005,BMI,IL,AGL,CE,Federal Contract Tower,8,22,21,0,51,0,0,13,0,13,8,22,34,0,64,70,0,70,134
09/24/2005,BMI,IL,AGL,CE,Federal Contract Tower,6,17,6,0,29,0,0,33,0,33,6,17,39,0,62,136,0,136,198
09/25/2005,BMI,IL,AGL,CE,Federal Contract Tower,6,22,17,0,45,0,0,8,0,8,6,22,25,0,53,14,0,14,67
09/26/2005,BMI,IL,AGL,CE,Federal Contract Tower,5,20,10,0,35,0,0,16,0,16,5,20,26,0,51,38,0,38,89
09/27/2005,BMI,IL,AGL,CE,Federal Contract Tower,8,33,30,0,71,0,0,42,0,42,8,33,72,0,113,80,0,80,193
09/28/2005,BMI,IL,AGL,CE,Federal Contract Tower,7,22,20,0,49,0,0,11,0,11,7,22,31,0,60,30,0,30,90
09/29/2005,BMI,IL,AGL,CE,Federal Contract Tower,8,23,26,0,57,0,0,45,1,46,8,23,71,1,103,84,0,84,187
09/30/2005,BMI,IL,AGL,CE,Federal Contract Tower,9,24,17,0,50,0,0,42,0,42,9,24,59,0,92,28,0,28,120
10/01/2005,BMI,IL,AGL,CE,Federal Contract Tower,7,19,11,0,37,0,0,53,0,53,7,19,64,0,90,92,0,92,182
10/02/2005,BMI,IL,AGL,CE,Federal Contract Tower,4,23,11,0,38,0,0,7,1,8,4,23,18,1,46,4,0,4,50
10/03/2005,BMI,IL,AGL,CE,Federal Contract Tower,6,24,23,0,53,0,0,23,0,23,6,24,46,0,76,20,0,20,96
10/04/2005,BMI,IL,AGL,CE,Federal Contract Tower,8,26,23,0,57,0,0,36,0,36,8,26,59,0,93,86,0,86,179
10/05/2005,BMI,IL,AGL,CE,Federal Contract Tower,6,24,12,0,42,0,0,25,0,25,6,24,37,0,67,100,0,100,167
10/06/2005,BMI,IL,AGL,CE,Federal Contract Tower,6,24,22,0,52,0,0,31,0,31,6,24,53,0,83,102,0,102,185
10/07/2005,BMI,IL,AGL,CE,Federal Contract Tower,7,20,15,0,42,0,0,31,0,31,7,20,46,0,73,28,0,28,101
10/08/2005,BMI,IL,AGL,CE,Federal Contract Tower,6,19,10,0,35,0,0,77,0,77,6,19,87,0,112,140,0,140,252
10/09/2005,BMI,IL,AGL,CE,Federal Contract Tower,4,25,18,0,47,0,0,60,0,60,4,25,78,0,107,84,0,84,191
10/10/2005,BMI,IL,AGL,CE,Federal Contract Tower,5,26,17,0,48,0,0,32,0,32,5,26,49,0,80,60,0,60,140
10/11/2005,BMI,IL,AGL,CE,Federal Contract Tower,8,25,22,0,55,0,0,12,0,12,8,25,34,0,67,74,0,74,141
10/12/2005,BMI,IL,AGL,CE,Federal Contract Tower,6,23,41,0,70,0,2,27,0,29,6,25,68,0,99,46,0,46,145
10/13/2005,BMI,IL,AGL,CE,Federal Contract Tower,8,28,24,0,60,0,0,23,0,23,8,28,47,0,83,96,0,96,179
10/14/2005,BMI,IL,AGL,CE,Federal Contract Tower,6,31,25,0,62,0,0,23,2,25,6,31,48,2,87,4,2,6,93
10/15/2005,BMI,IL,AGL,CE,Federal Contract Tower,6,20,7,0,33,0,0,29,0,29,6,20,36,0,62,16,0,16,78
10/16/2005,BMI,IL,AGL,CE,Federal Contract Tower,5,25,16,0,46,0,0,50,0,50,5,25,66,0,96,28,0,28,124
10/17/2005,BMI,IL,AGL,CE,Federal Contract Tower,6,25,14,0,45,0,0,23,0,23,6,25,37,0,68,78,0,78,146
10/18/2005,BMI,IL,AGL,CE,Federal Contract Tower,8,28,11,0,47,0,0,33,0,33,8,28,44,0,80,52,0,52,132
10/19/2005,BMI,IL,AGL,CE,Federal Contract Tower,8,27,18,0,53,0,0,32,0,32,8,27,50,0,85,38,0,38,123
10/20/2005,BMI,IL,AGL,CE,Federal Contract Tower,7,27,28,0,62,0,0,0,0,0,7,27,28,0,62,0,0,0,62
10/21/2005,BMI,IL,AGL,CE,Federal Contract Tower,6,28,20,0,54,0,0,10,0,10,6,28,30,0,64,46,0,46,110
10/22/2005,BMI,IL,AGL,CE,Federal Contract Tower,6,18,6,0,30,0,0,63,0,63,6,18,69,0,93,108,0,108,201
10/23/2005,BMI,IL,AGL,CE,Federal Contract Tower,5,25,14,0,44,0,0,26,0,26,5,25,40,0,70,62,0,62,132
10/24/2005,BMI,IL,AGL,CE,Federal Contract Tower,6,26,25,0,57,0,0,6,0,6,6,26,31,0,63,54,0,54,117
10/25/2005,BMI,IL,AGL,CE,Federal Contract Tower,9,27,26,0,62,0,0,22,0,22,9,27,48,0,84,28,0,28,112
10/26/2005,BMI,IL,AGL,CE,Federal Contract Tower,7,25,24,2,58,0,0,20,0,20,7,25,44,2,78,20,0,20,98
10/27/2005,BMI,IL,AGL,CE,Federal Contract Tower,7,25,21,1,54,0,0,33,6,39,7,25,54,7,93,48,0,48,141
10/28/2005,BMI,IL,AGL,CE,Federal Contract Tower,6,26,15,0,47,0,0,52,0,52,6,26,67,0,99,154,0,154,253
10/29/2005,BMI,IL,AGL,CE,Federal Contract Tower,6,20,17,0,43,0,1,73,0,74,6,21,90,0,117,140,0,140,257
10/30/2005,BMI,IL,AGL,CE,Federal Contract Tower,5,27,15,0,47,0,0,28,0,28,5,27,43,0,75,18,0,18,93
10/31/2005,BMI,IL,AGL,CE,Federal Contract Tower,6,27,25,0,58,0,0,4,0,4,6,27,29,0,62,36,0,36,98
11/01/2005,BMI,IL,AGL,CE,Federal Contract Tower,8,25,22,0,55,0,0,30,0,30,8,25,52,0,85,28,0,28,113
11/02/2005,BMI,IL,AGL,CE,Federal Contract Tower,7,25,32,0,64,0,0,42,0,42,7,25,74,0,106,24,0,24,130
11/03/2005,BMI,IL,AGL,CE,Federal Contract Tower,8,28,19,0,55,0,0,22,0,22,8,28,41,0,77,10,0,10,87
11/04/2005,BMI,IL,AGL,CE,Federal Contract Tower,5,24,22,0,51,0,0,37,0,37,5,24,59,0,88,78,10,88,176
11/05/2005,BMI,IL,AGL,CE,Federal Contract Tower,8,24,20,2,54,0,0,7,0,7,8,24,27,2,61,128,4,132,193
11/06/2005,BMI,IL,AGL,CE,Federal Contract Tower,5,23,22,2,52,0,0,9,0,9,5,23,31,2,61,0,20,20,81
11/07/2005,BMI,IL,AGL,CE,Federal Contract Tower,6,26,25,0,57,0,0,27,0,27,6,26,52,0,84,31,0,31,115
11/08/2005,BMI,IL,AGL,CE,Federal Contract Tower,11,26,39,0,76,0,0,12,0,12,11,26,51,0,88,18,0,18,106
11/09/2005,BMI,IL,AGL,CE,Federal Contract Tower,7,24,14,0,45,0,0,15,0,15,7,24,29,0,60,12,0,12,72
11/10/2005,BMI,IL,AGL,CE,Federal Contract Tower,10,26,16,1,53,0,0,25,0,25,10,26,41,1,78,94,16,110,188
11/11/2005,BMI,IL,AGL,CE,Federal Contract Tower,7,22,20,0,49,0,0,43,0,43,7,22,63,0,92,66,0,66,158
11/12/2005,BMI,IL,AGL,CE,Federal Contract Tower,8,20,6,0,34,0,0,26,0,26,8,20,32,0,60,42,0,42,102
11/13/2005,BMI,IL,AGL,CE,Federal Contract Tower,6,21,12,0,39,0,0,7,0,7,6,21,19,0,46,0,0,0,46
11/14/2005,BMI,IL,AGL,CE,Federal Contract Tower,2,26,21,0,49,4,0,8,0,12,6,26,29,0,61,2,0,2,63
11/15/2005,BMI,IL,AGL,CE,Federal Contract Tower,10,22,14,0,46,0,0,0,0,0,10,22,14,0,46,0,0,0,46
11/16/2005,BMI,IL,AGL,CE,Federal Contract Tower,7,23,30,0,60,0,0,0,0,0,7,23,30,0,60,0,0,0,60
11/17/2005,BMI,IL,AGL,CE,Federal Contract Tower,10,25,25,0,60,0,0,50,0,50,10,25,75,0,110,34,0,34,144
11/18/2005,BMI,IL,AGL,CE,Federal Contract Tower,6,22,16,0,44,0,0,37,0,37,6,22,53,0,81,72,0,72,153
11/19/2005,BMI,IL,AGL,CE,Federal Contract Tower,8,20,10,2,40,0,0,46,0,46,8,20,56,2,86,14,2,16,102
11/20/2005,BMI,IL,AGL,CE,Federal Contract Tower,8,22,4,0,34,0,0,26,0,26,8,22,30,0,60,86,0,86,146
11/21/2005,BMI,IL,AGL,CE,Federal Contract Tower,5,26,17,0,48,0,0,21,0,21,5,26,38,0,69,20,0,20,89
11/22/2005,BMI,IL,AGL,CE,Federal Contract Tower,9,32,24,0,65,0,0,37,0,37,9,32,61,0,102,34,0,34,136
11/23/2005,BMI,IL,AGL,CE,Federal Contract Tower,7,27,21,0,55,0,0,20,0,20,7,27,41,0,75,50,0,50,125
11/24/2005,BMI,IL,AGL,CE,Federal Contract Tower,7,15,5,0,27,0,0,3,0,3,7,15,8,0,30,20,0,20,50
11/25/2005,BMI,IL,AGL,CE,Federal Contract Tower,6,24,8,0,38,0,0,36,0,36,6,24,44,0,74,62,0,62,136
11/26/2005,BMI,IL,AGL,CE,Federal Contract Tower,7,22,13,0,42,0,0,39,0,39,7,22,52,0,81,100,0,100,181
11/27/2005,BMI,IL,AGL,CE,Federal Contract Tower,7,19,12,0,38,0,0,0,0,0,7,19,12,0,38,0,0,0,38
11/28/2005,BMI,IL,AGL,CE,Federal Contract Tower,6,26,15,0,47,0,0,4,0,4,6,26,19,0,51,0,0,0,51
11/29/2005,BMI,IL,AGL,CE,Federal Contract Tower,9,30,20,0,59,0,0,4,2,6,9,30,24,2,65,12,10,22,87
11/30/2005,BMI,IL,AGL,CE,Federal Contract Tower,8,27,24,0,59,0,0,29,0,29,8,27,53,0,88,50,0,50,138
12/01/2005,BMI,IL,AGL,CE,Federal Contract Tower,9,28,18,0,55,0,0,0,0,0,9,28,18,0,55,0,0,0,55
12/02/2005,BMI,IL,AGL,CE,Federal Contract Tower,6,30,19,0,55,0,0,23,0,23,6,30,42,0,78,46,0,46,124
12/03/2005,BMI,IL,AGL,CE,Federal Contract Tower,7,19,11,0,37,0,0,18,1,19,7,19,29,1,56,40,0,40,96
12/04/2005,BMI,IL,AGL,CE,Federal Contract Tower,7,26,12,0,45,0,0,13,0,13,7,26,25,0,58,12,0,12,70
12/05/2005,BMI,IL,AGL,CE,Federal Contract Tower,3,25,30,0,58,0,0,12,0,12,3,25,42,0,70,14,0,14,84
12/06/2005,BMI,IL,AGL,CE,Federal Contract Tower,9,24,32,0,65,0,0,6,0,6,9,24,38,0,71,0,0,0,71
12/07/2005,BMI,IL,AGL,CE,Federal Contract Tower,8,31,22,0,61,0,0,14,0,14,8,31,36,0,75,30,0,30,105
12/08/2005,BMI,IL,AGL,CE,Federal Contract Tower,7,16,14,0,37,0,0,0,0,0,7,16,14,0,37,0,0,0,37
12/09/2005,BMI,IL,AGL,CE,Federal Contract Tower,9,26,23,0,58,0,0,10,0,10,9,26,33,0,68,20,0,20,88
12/10/2005,BMI,IL,AGL,CE,Federal Contract Tower,8,22,9,0,39,0,0,22,0,22,8,22,31,0,61,10,0,10,71
12/11/2005,BMI,IL,AGL,CE,Federal Contract Tower,7,28,12,0,47,0,0,2,0,2,7,28,14,0,49,28,0,28,77
12/12/2005,BMI,IL,AGL,CE,Federal Contract Tower,5,31,20,0,56,0,0,8,0,8,5,31,28,0,64,14,0,14,78
12/13/2005,BMI,IL,AGL,CE,Federal Contract Tower,9,28,18,0,55,0,0,19,0,19,9,28,37,0,74,16,0,16,90
12/14/2005,BMI,IL,AGL,CE,Federal Contract Tower,8,20,10,0,38,0,0,0,0,0,8,20,10,0,38,0,0,0,38
12/15/2005,BMI,IL,AGL,CE,Federal Contract Tower,8,22,10,1,41,0,0,6,1,7,8,22,16,2,48,0,6,6,54
12/16/2005,BMI,IL,AGL,CE,Federal Contract Tower,7,27,9,0,43,0,0,7,0,7,7,27,16,0,50,4,0,4,54
12/17/2005,BMI,IL,AGL,CE,Federal Contract Tower,7,22,10,0,39,0,0,42,0,42,7,22,52,0,81,64,0,64,145
12/18/2005,BMI,IL,AGL,CE,Federal Contract Tower,9,23,12,0,44,0,0,12,0,12,9,23,24,0,56,80,0,80,136
12/19/2005,BMI,IL,AGL,CE,Federal Contract Tower,9,26,13,0,48,0,0,17,0,17,9,26,30,0,65,8,0,8,73
12/20/2005,BMI,IL,AGL,CE,Federal Contract Tower,10,25,12,0,47,0,0,20,0,20,10,25,32,0,67,24,0,24,91
12/21/2005,BMI,IL,AGL,CE,Federal Contract Tower,5,28,35,0,68,0,0,5,0,5,5,28,40,0,73,0,0,0,73
12/22/2005,BMI,IL,AGL,CE,Federal Contract Tower,9,29,19,0,57,0,0,22,0,22,9,29,41,0,79,44,0,44,123
12/23/2005,BMI,IL,AGL,CE,Federal Contract Tower,7,28,13,0,48,0,0,25,0,25,7,28,38,0,73,82,0,82,155
12/24/2005,BMI,IL,AGL,CE,Federal Contract Tower,8,21,1,0,30,0,0,1,0,1,8,21,2,0,31,0,0,0,31
12/25/2005,BMI,IL,AGL,CE,Federal Contract Tower,7,24,1,0,32,0,0,0,0,0,7,24,1,0,32,0,0,0,32
12/26/2005,BMI,IL,AGL,CE,Federal Contract Tower,4,26,7,0,37,0,0,0,0,0,4,26,7,0,37,0,0,0,37
12/27/2005,BMI,IL,AGL,CE,Federal Contract Tower,6,22,14,1,43,0,0,24,0,24,6,22,38,1,67,100,0,100,167
12/28/2005,BMI,IL,AGL,CE,Federal Contract Tower,6,14,4,0,24,0,0,0,0,0,6,14,4,0,24,0,0,0,24
12/29/2005,BMI,IL,AGL,CE,Federal Contract Tower,8,24,15,0,47,0,0,8,0,8,8,24,23,0,55,78,0,78,133
12/30/2005,BMI,IL,AGL,CE,Federal Contract Tower,7,25,7,0,39,0,0,0,0,0,7,25,7,0,39,0,0,0,39
12/31/2005,BMI,IL,AGL,CE,Federal Contract Tower,8,21,8,0,37,0,0,15,0,15,8,21,23,0,52,104,0,104,156
01/01/2006,BMI,IL,AGL,CE,Federal Contract Tower,4,25,16,0,45,0,0,7,0,7,4,25,23,0,52,44,0,44,96
01/02/2006,BMI,IL,AGL,CE,Federal Contract Tower,4,18,12,0,34,0,0,7,0,7,4,18,19,0,41,48,0,48,89
01/03/2006,BMI,IL,AGL,CE,Federal Contract Tower,6,23,25,0,54,0,0,0,0,0,6,23,25,0,54,0,0,0,54
01/04/2006,BMI,IL,AGL,CE,Federal Contract Tower,7,29,18,2,56,0,0,3,0,3,7,29,21,2,59,18,0,18,77
01/05/2006,BMI,IL,AGL,CE,Federal Contract Tower,9,28,15,0,52,0,0,2,0,2,9,28,17,0,54,12,0,12,66
01/06/2006,BMI,IL,AGL,CE,Federal Contract Tower,8,28,37,0,73,0,0,15,0,15,8,28,52,0,88,44,0,44,132
01/07/2006,BMI,IL,AGL,CE,Federal Contract Tower,8,22,25,0,55,0,0,60,3,63,8,22,85,3,118,90,2,92,210
01/08/2006,BMI,IL,AGL,CE,Federal Contract Tower,7,25,16,0,48,0,0,39,0,39,7,25,55,0,87,96,0,96,183
01/09/2006,BMI,IL,AGL,CE,Federal Contract Tower,6,28,10,0,44,0,0,9,0,9,6,28,19,0,53,8,0,8,61
01/10/2006,BMI,IL,AGL,CE,Federal Contract Tower,7,25,16,0,48,0,0,4,0,4,7,25,20,0,52,10,0,10,62
01/11/2006,BMI,IL,AGL,CE,Federal Contract Tower,7,23,22,0,52,0,0,16,0,16,7,23,38,0,68,20,0,20,88
01/12/2006,BMI,IL,AGL,CE,Federal Contract Tower,8,26,20,0,54,0,0,41,2,43,8,26,61,2,97,32,0,32,129
01/13/2006,BMI,IL,AGL,CE,Federal Contract Tower,6,21,13,0,40,0,0,0,0,0,6,21,13,0,40,0,0,0,40
01/14/2006,BMI,IL,AGL,CE,Federal Contract Tower,7,22,10,0,39,0,0,48,0,48,7,22,58,0,87,124,0,124,211
01/15/2006,BMI,IL,AGL,CE,Federal Contract Tower,7,25,16,0,48,0,0,19,0,19,7,25,35,0,67,2,0,2,69
01/16/2006,BMI,IL,AGL,CE,Federal Contract Tower,6,24,13,0,43,0,0,41,0,41,6,24,54,0,84,54,0,54,138
01/17/2006,BMI,IL,AGL,CE,Federal Contract Tower,8,27,9,0,44,0,0,1,0,1,8,27,10,0,45,0,0,0,45
01/18/2006,BMI,IL,AGL,CE,Federal Contract Tower,7,23,22,0,52,0,0,21,1,22,7,23,43,1,74,10,0,10,84
01/19/2006,BMI,IL,AGL,CE,Federal Contract Tower,7,27,18,0,52,0,0,19,0,19,7,27,37,0,71,26,0,26,97
01/20/2006,BMI,IL,AGL,CE,Federal Contract Tower,7,25,11,1,44,0,0,9,0,9,7,25,20,1,53,26,0,26,79
01/21/2006,BMI,IL,AGL,CE,Federal Contract Tower,8,21,14,0,43,0,0,41,1,42,8,21,55,1,85,94,0,94,179
01/22/2006,BMI,IL,AGL,CE,Federal Contract Tower,7,31,11,0,49,0,0,11,0,11,7,31,22,0,60,22,0,22,82
01/23/2006,BMI,IL,AGL,CE,Federal Contract Tower,5,29,21,0,55,0,0,0,0,0,5,29,21,0,55,0,0,0,55
01/24/2006,BMI,IL,AGL,CE,Federal Contract Tower,8,23,22,0,53,0,0,2,0,2,8,23,24,0,55,0,0,0,55
01/25/2006,BMI,IL,AGL,CE,Federal Contract Tower,7,29,19,0,55,0,0,24,0,24,7,29,43,0,79,76,0,76,155
01/26/2006,BMI,IL,AGL,CE,Federal Contract Tower,9,30,24,0,63,0,0,40,0,40,9,30,64,0,103,54,0,54,157
01/27/2006,BMI,IL,AGL,CE,Federal Contract Tower,7,24,13,0,44,0,0,40,0,40,7,24,53,0,84,38,0,38,122
01/28/2006,BMI,IL,AGL,CE,Federal Contract Tower,7,20,10,0,37,0,0,10,0,10,7,20,20,0,47,68,0,68,115
01/29/2006,BMI,IL,AGL,CE,Federal Contract Tower,7,27,15,0,49,0,0,0,0,0,7,27,15,0,49,0,0,0,49
01/30/2006,BMI,IL,AGL,CE,Federal Contract Tower,6,23,17,0,46,0,0,3,0,3,6,23,20,0,49,8,0,8,57
01/31/2006,BMI,IL,AGL,CE,Federal Contract Tower,9,25,13,0,47,0,0,24,0,24,9,25,37,0,71,128,0,128,199
02/01/2006,BMI,IL,AGL,CE,Federal Contract Tower,7,27,26,0,60,0,0,28,0,28,7,27,54,0,88,66,0,66,154
02/02/2006,BMI,IL,AGL,CE,Federal Contract Tower,8,29,18,0,55,0,0,19,0,19,8,29,37,0,74,50,0,50,124
02/03/2006,BMI,IL,AGL,CE,Federal Contract Tower,7,25,18,0,50,0,0,11,0,11,7,25,29,0,61,48,0,48,109
02/04/2006,BMI,IL,AGL,CE,Federal Contract Tower,8,18,2,0,28,0,0,2,0,2,8,18,4,0,30,26,0,26,56
02/05/2006,BMI,IL,AGL,CE,Federal Contract Tower,6,24,10,0,40,0,0,26,0,26,6,24,36,0,66,26,0,26,92
02/06/2006,BMI,IL,AGL,CE,Federal Contract Tower,5,25,17,0,47,0,0,22,0,22,5,25,39,0,69,18,0,18,87
02/07/2006,BMI,IL,AGL,CE,Federal Contract Tower,7,28,24,0,59,0,0,19,0,19,7,28,43,0,78,36,0,36,114
02/08/2006,BMI,IL,AGL,CE,Federal Contract Tower,6,21,24,0,51,0,2,8,0,10,6,23,32,0,61,8,0,8,69
02/09/2006,BMI,IL,AGL,CE,Federal Contract Tower,8,26,29,2,65,0,0,22,0,22,8,26,51,2,87,46,0,46,133
02/10/2006,BMI,IL,AGL,CE,Federal Contract Tower,7,25,11,2,45,0,0,11,0,11,7,25,22,2,56,86,0,86,142
02/11/2006,BMI,IL,AGL,CE,Federal Contract Tower,7,15,10,0,32,0,0,0,0,0,7,15,10,0,32,0,0,0,32
02/12/2006,BMI,IL,AGL,CE,Federal Contract Tower,6,24,1,0,31,0,0,4,0,4,6,24,5,0,35,24,0,24,59
02/13/2006,BMI,IL,AGL,CE,Federal Contract Tower,6,26,17,0,49,0,0,19,0,19,6,26,36,0,68,14,0,14,82
02/14/2006,BMI,IL,AGL,CE,Federal Contract Tower,9,26,28,0,63,0,0,35,2,37,9,26,63,2,100,90,0,90,190
02/15/2006,BMI,IL,AGL,CE,Federal Contract Tower,7,28,24,0,59,0,0,16,0,16,7,28,40,0,75,10,0,10,85
02/16/2006,BMI,IL,AGL,CE,Federal Contract Tower,8,23,16,0,47,0,0,0,0,0,8,23,16,0,47,0,0,0,47
02/17/2006,BMI,IL,AGL,CE,Federal Contract Tower,7,26,22,0,55,0,0,36,0,36,7,26,58,0,91,54,0,54,145
02/18/2006,BMI,IL,AGL,CE,Federal Contract Tower,7,22,7,0,36,0,0,27,0,27,7,22,34,0,63,6,0,6,69
02/19/2006,BMI,IL,AGL,CE,Federal Contract Tower,6,23,18,0,47,0,0,28,0,28,6,23,46,0,75,92,0,92,167
02/20/2006,BMI,IL,AGL,CE,Federal Contract Tower,5,29,14,0,48,0,0,23,0,23,5,29,37,0,71,62,0,62,133
02/21/2006,BMI,IL,AGL,CE,Federal Contract Tower,10,32,20,0,62,0,0,32,0,32,10,32,52,0,94,50,0,50,144
02/22/2006,BMI,IL,AGL,CE,Federal Contract Tower,7,28,22,0,57,0,0,40,4,44,7,28,62,4,101,122,0,122,223
02/23/2006,BMI,IL,AGL,CE,Federal Contract Tower,9,29,32,1,71,0,0,31,1,32,9,29,63,2,103,34,2,36,139
02/24/2006,BMI,IL,AGL,CE,Federal Contract Tower,6,27,25,1,59,0,0,28,0,28,6,27,53,1,87,42,0,42,129
02/25/2006,BMI,IL,AGL,CE,Federal Contract Tower,7,19,9,0,35,0,0,26,0,26,7,19,35,0,61,16,0,16,77
02/26/2006,BMI,IL,AGL,CE,Federal Contract Tower,6,25,10,0,41,0,0,47,0,47,6,25,57,0,88,76,0,76,164
02/27/2006,BMI,IL,AGL,CE,Federal Contract Tower,6,30,16,0,52,0,0,23,0,23,6,30,39,0,75,18,0,18,93
02/28/2006,BMI,IL,AGL,CE,Federal Contract Tower,10,30,22,0,62,0,0,29,2,31,10,30,51,2,93,32,16,48,141
03/01/2006,BMI,IL,AGL,CE,Federal Contract Tower,7,29,14,0,50,0,0,21,0,21,7,29,35,0,71,10,0,10,81
03/02/2006,BMI,IL,AGL,CE,Federal Contract Tower,8,27,21,0,56,0,0,16,0,16,8,27,37,0,72,34,0,34,106
03/03/2006,BMI,IL,AGL,CE,Federal Contract Tower,6,26,15,0,47,0,0,38,0,38,6,26,53,0,85,80,0,80,165
03/04/2006,BMI,IL,AGL,CE,Federal Contract Tower,8,24,20,0,52,0,0,63,0,63,8,24,83,0,115,84,0,84,199
03/05/2006,BMI,IL,AGL,CE,Federal Contract Tower,7,24,13,0,44,0,0,0,0,0,7,24,13,0,44,0,0,0,44
03/06/2006,BMI,IL,AGL,CE,Federal Contract Tower,6,27,14,0,47,0,0,2,0,2,6,27,16,0,49,0,0,0,49
03/07/2006,BMI,IL,AGL,CE,Federal Contract Tower,9,25,32,0,66,0,0,15,2,17,9,25,47,2,83,2,10,12,95
03/08/2006,BMI,IL,AGL,CE,Federal Contract Tower,7,24,28,0,59,0,0,2,0,2,7,24,30,0,61,46,0,46,107
03/09/2006,BMI,IL,AGL,CE,Federal Contract Tower,9,27,8,0,44,0,0,0,0,0,9,27,8,0,44,0,0,0,44
03/10/2006,BMI,IL,AGL,CE,Federal Contract Tower,8,26,31,0,65,0,0,22,0,22,8,26,53,0,87,98,0,98,185
03/11/2006,BMI,IL,AGL,CE,Federal Contract Tower,7,21,10,0,38,0,0,10,0,10,7,21,20,0,48,30,0,30,78
03/12/2006,BMI,IL,AGL,CE,Federal Contract Tower,6,22,15,0,43,0,0,1,0,1,6,22,16,0,44,0,0,0,44
03/13/2006,BMI,IL,AGL,CE,Federal Contract Tower,6,20,16,0,42,0,0,5,0,5,6,20,21,0,47,0,0,0,47
03/14/2006,BMI,IL,AGL,CE,Federal Contract Tower,8,26,21,0,55,0,0,21,0,21,8,26,42,0,76,18,0,18,94
03/15/2006,BMI,IL,AGL,CE,Federal Contract Tower,8,29,27,0,64,0,0,60,2,62,8,29,87,2,126,60,0,60,186
03/16/2006,BMI,IL,AGL,CE,Federal Contract Tower,9,23,21,7,60,0,0,15,0,15,9,23,36,7,75,50,8,58,133
03/17/2006,BMI,IL,AGL,CE,Federal Contract Tower,9,26,27,0,62,0,0,29,0,29,9,26,56,0,91,90,0,90,181
03/18/2006,BMI,IL,AGL,CE,Federal Contract Tower,7,20,13,0,40,0,0,88,0,88,7,20,101,0,128,130,0,130,258
03/19/2006,BMI,IL,AGL,CE,Federal Contract Tower,6,26,12,0,44,0,0,52,0,52,6,26,64,0,96,52,0,52,148
03/20/2006,BMI,IL,AGL,CE,Federal Contract Tower,6,26,15,0,47,0,0,7,0,7,6,26,22,0,54,2,10,12,66
03/21/2006,BMI,IL,AGL,CE,Federal Contract Tower,11,26,14,0,51,0,0,2,0,2,11,26,16,0,53,0,0,0,53
03/22/2006,BMI,IL,AGL,CE,Federal Contract Tower,7,27,22,2,58,0,0,33,0,33,7,27,55,2,91,30,2,32,123
03/23/2006,BMI,IL,AGL,CE,Federal Contract Tower,7,25,25,0,57,0,0,17,0,17,7,25,42,0,74,22,0,22,96
03/24/2006,BMI,IL,AGL,CE,Federal Contract Tower,6,27,17,2,52,0,0,7,0,7,6,27,24,2,59,0,0,0,59
03/25/2006,BMI,IL,AGL,CE,Federal Contract Tower,8,18,7,2,35,0,0,27,0,27,8,18,34,2,62,68,0,68,130
03/26/2006,BMI,IL,AGL,CE,Federal Contract Tower,7,21,21,0,49,0,0,50,0,50,7,21,71,0,99,42,0,42,141
03/27/2006,BMI,IL,AGL,CE,Federal Contract Tower,4,25,9,0,38,0,0,3,0,3,4,25,12,0,41,0,0,0,41
03/28/2006,BMI,IL,AGL,CE,Federal Contract Tower,8,23,11,0,42,0,0,0,0,0,8,23,11,0,42,0,0,0,42
03/29/2006,BMI,IL,AGL,CE,Federal Contract Tower,7,27,27,0,61,0,0,16,0,16,7,27,43,0,77,18,0,18,95
03/30/2006,BMI,IL,AGL,CE,Federal Contract Tower,8,25,8,0,41,0,0,21,0,21,8,25,29,0,62,52,0,52,114
03/31/2006,BMI,IL,AGL,CE,Federal Contract Tower,7,24,6,0,37,0,0,6,0,6,7,24,12,0,43,0,0,0,43
04/01/2006,BMI,IL,AGL,CE,Federal Contract Tower,8,19,23,0,50,0,0,7,0,7,8,19,30,0,57,6,0,6,63
04/02/2006,BMI,IL,AGL,CE,Federal Contract Tower,7,23,6,0,36,0,0,5,0,5,7,23,11,0,41,18,0,18,59
04/03/2006,BMI,IL,AGL,CE,Federal Contract Tower,5,24,12,0,41,0,0,13,0,13,5,24,25,0,54,16,0,16,70
04/04/2006,BMI,IL,AGL,CE,Federal Contract Tower,9,29,23,0,61,0,0,39,0,39,9,29,62,0,100,42,0,42,142
04/05/2006,BMI,IL,AGL,CE,Federal Contract Tower,6,28,29,0,63,0,0,31,0,31,6,28,60,0,94,62,0,62,156
04/06/2006,BMI,IL,AGL,CE,Federal Contract Tower,9,28,24,0,61,0,0,0,0,0,9,28,24,0,61,0,0,0,61
04/07/2006,BMI,IL,AGL,CE,Federal Contract Tower,7,22,7,0,36,0,0,17,0,17,7,22,24,0,53,26,0,26,79
04/08/2006,BMI,IL,AGL,CE,Federal Contract Tower,7,25,7,0,39,0,0,22,2,24,7,25,29,2,63,22,0,22,85
04/09/2006,BMI,IL,AGL,CE,Federal Contract Tower,8,23,9,0,40,0,0,63,0,63,8,23,72,0,103,114,0,114,217
04/10/2006,BMI,IL,AGL,CE,Federal Contract Tower,6,28,24,0,58,0,0,32,0,32,6,28,56,0,90,90,0,90,180
04/11/2006,BMI,IL,AGL,CE,Federal Contract Tower,9,28,33,0,70,0,0,17,0,17,9,28,50,0,87,10,0,10,97
04/12/2006,BMI,IL,AGL,CE,Federal Contract Tower,6,28,39,0,73,0,0,24,0,24,6,28,63,0,97,26,6,32,129
04/13/2006,BMI,IL,AGL,CE,Federal Contract Tower,9,27,24,1,61,0,0,28,1,29,9,27,52,2,90,8,4,12,102
04/14/2006,BMI,IL,AGL,CE,Federal Contract Tower,7,26,18,0,51,0,0,26,0,26,7,26,44,0,77,68,0,68,145
04/15/2006,BMI,IL,AGL,CE,Federal Contract Tower,8,22,12,0,42,0,0,44,0,44,8,22,56,0,86,62,0,62,148
04/16/2006,BMI,IL,AGL,CE,Federal Contract Tower,7,20,6,0,33,0,0,3,0,3,7,20,9,0,36,10,0,10,46
04/17/2006,BMI,IL,AGL,CE,Federal Contract Tower,6,28,31,0,65,0,0,22,0,22,6,28,53,0,87,54,0,54,141
04/18/2006,BMI,IL,AGL,CE,Federal Contract Tower,10,27,20,0,57,0,0,39,0,39,10,27,59,0,96,76,0,76,172
04/19/2006,BMI,IL,AGL,CE,Federal Contract Tower,6,26,46,0,78,0,0,24,0,24,6,26,70,0,102,20,2,22,124
04/20/2006,BMI,IL,AGL,CE,Federal Contract Tower,8,29,18,0,55,0,0,41,0,41,8,29,59,0,96,68,0,68,164
04/21/2006,BMI,IL,AGL,CE,Federal Contract Tower,5,31,17,0,53,0,0,56,0,56,5,31,73,0,109,32,0,32,141
04/22/2006,BMI,IL,AGL,CE,Federal Contract Tower,9,19,8,0,36,0,0,77,0,77,9,19,85,0,113,40,0,40,153
04/23/2006,BMI,IL,AGL,CE,Federal Contract Tower,7,29,16,0,52,0,0,63,0,63,7,29,79,0,115,80,0,80,195
04/24/2006,BMI,IL,AGL,CE,Federal Contract Tower,6,29,9,1,45,0,0,34,0,34,6,29,43,1,79,54,0,54,133
04/25/2006,BMI,IL,AGL,CE,Federal Contract Tower,9,28,17,0,54,0,0,10,0,10,9,28,27,0,64,0,0,0,64
04/26/2006,BMI,IL,AGL,CE,Federal Contract Tower,7,30,24,0,61,0,0,36,0,36,7,30,60,0,97,10,0,10,107
04/27/2006,BMI,IL,AGL,CE,Federal Contract Tower,8,28,28,0,64,0,0,39,0,39,8,28,67,0,103,124,0,124,227
04/28/2006,BMI,IL,AGL,CE,Federal Contract Tower,6,28,10,0,44,0,0,65,0,65,6,28,75,0,109,76,0,76,185
04/29/2006,BMI,IL,AGL,CE,Federal Contract Tower,7,19,15,0,41,0,0,3,0,3,7,19,18,0,44,0,0,0,44
04/30/2006,BMI,IL,AGL,CE,Federal Contract Tower,7,21,10,0,38,0,0,0,0,0,7,21,10,0,38,0,0,0,38
05/01/2006,BMI,IL,AGL,CE,Federal Contract Tower,6,28,21,0,55,0,0,11,0,11,6,28,32,0,66,50,0,50,116
05/02/2006,BMI,IL,AGL,CE,Federal Contract Tower,9,30,23,0,62,0,0,28,0,28,9,30,51,0,90,20,0,20,110
05/03/2006,BMI,IL,AGL,CE,Federal Contract Tower,7,31,18,0,56,0,0,15,0,15,7,31,33,0,71,56,0,56,127
05/04/2006,BMI,IL,AGL,CE,Federal Contract Tower,9,24,20,0,53,0,0,30,0,30,9,24,50,0,83,26,0,26,109
05/05/2006,BMI,IL,AGL,CE,Federal Contract Tower,7,35,17,0,59,0,0,30,0,30,7,35,47,0,89,90,0,90,179
05/06/2006,BMI,IL,AGL,CE,Federal Contract Tower,8,24,10,0,42,0,0,55,0,55,8,24,65,0,97,50,0,50,147
05/07/2006,BMI,IL,AGL,CE,Federal Contract Tower,6,30,15,0,51,0,0,36,0,36,6,30,51,0,87,30,0,30,117
05/08/2006,BMI,IL,AGL,CE,Federal Contract Tower,6,31,32,0,69,0,0,23,0,23,6,31,55,0,92,46,0,46,138
05/09/2006,BMI,IL,AGL,CE,Federal Contract Tower,9,30,18,0,57,0,0,19,0,19,9,30,37,0,76,32,0,32,108
05/10/2006,BMI,IL,AGL,CE,Federal Contract Tower,7,29,14,0,50,0,0,8,0,8,7,29,22,0,58,42,0,42,100
05/11/2006,BMI,IL,AGL,CE,Federal Contract Tower,7,24,16,0,47,0,0,3,0,3,7,24,19,0,50,12,0,12,62
05/12/2006,BMI,IL,AGL,CE,Federal Contract Tower,7,28,21,0,56,0,0,1,0,1,7,28,22,0,57,0,0,0,57
05/13/2006,BMI,IL,AGL,CE,Federal Contract Tower,7,23,25,0,55,0,0,19,0,19,7,23,44,0,74,52,0,52,126
05/14/2006,BMI,IL,AGL,CE,Federal Contract Tower,6,33,13,0,52,0,0,12,0,12,6,33,25,0,64,12,0,12,76
05/15/2006,BMI,IL,AGL,CE,Federal Contract Tower,5,28,34,0,67,0,0,2,0,2,5,28,36,0,69,42,0,42,111
05/16/2006,BMI,IL,AGL,CE,Federal Contract Tower,11,30,24,0,65,0,0,14,0,14,11,30,38,0,79,16,0,16,95
05/17/2006,BMI,IL,AGL,CE,Federal Contract Tower,7,22,29,0,58,0,0,20,0,20,7,22,49,0,78,20,0,20,98
05/18/2006,BMI,IL,AGL,CE,Federal Contract Tower,12,31,22,2,67,0,0,12,0,12,12,31,34,2,79,24,4,28,107
05/19/2006,BMI,IL,AGL,CE,Federal Contract Tower,6,32,14,0,52,0,0,41,0,41,6,32,55,0,93,52,0,52,145
05/20/2006,BMI,IL,AGL,CE,Federal Contract Tower,8,25,34,0,67,0,0,38,0,38,8,25,72,0,105,66,0,66,171
05/21/2006,BMI,IL,AGL,CE,Federal Contract Tower,7,28,24,0,59,0,0,38,0,38,7,28,62,0,97,42,0,42,139
05/22/2006,BMI,IL,AGL,CE,Federal Contract Tower,6,31,25,0,62,0,0,19,0,19,6,31,44,0,81,2,0,2,83
05/23/2006,BMI,IL,AGL,CE,Federal Contract Tower,8,30,26,0,64,0,0,35,0,35,8,30,61,0,99,20,0,20,119
05/24/2006,BMI,IL,AGL,CE,Federal Contract Tower,6,23,29,0,58,0,0,9,0,9,6,23,38,0,67,14,0,14,81
05/25/2006,BMI,IL,AGL,CE,Federal Contract Tower,9,28,25,0,62,0,0,15,0,15,9,28,40,0,77,30,0,30,107
05/26/2006,BMI,IL,AGL,CE,Federal Contract Tower,5,32,29,0,66,0,0,32,0,32,5,32,61,0,98,44,0,44,142
05/27/2006,BMI,IL,AGL,CE,Federal Contract Tower,8,28,7,0,43,0,0,41,0,41,8,28,48,0,84,28,0,28,112
05/28/2006,BMI,IL,AGL,CE,Federal Contract Tower,7,25,13,0,45,0,0,33,0,33,7,25,46,0,78,10,0,10,88
05/29/2006,BMI,IL,AGL,CE,Federal Contract Tower,5,26,19,0,50,0,0,28,0,28,5,26,47,0,78,8,0,8,86
05/30/2006,BMI,IL,AGL,CE,Federal Contract Tower,7,31,22,0,60,0,0,7,0,7,7,31,29,0,67,0,0,0,67
05/31/2006,BMI,IL,AGL,CE,Federal Contract Tower,6,31,23,0,60,0,0,14,0,14,6,31,37,0,74,8,0,8,82
06/01/2006,BMI,IL,AGL,CE,Federal Contract Tower,10,30,18,0,58,0,0,11,0,11,10,30,29,0,69,0,2,2,71
06/02/2006,BMI,IL,AGL,CE,Federal Contract Tower,6,29,17,0,52,0,0,43,0,43,6,29,60,0,95,106,0,106,201
06/03/2006,BMI,IL,AGL,CE,Federal Contract Tower,7,23,20,0,50,0,0,56,0,56,7,23,76,0,106,96,0,96,202
06/04/2006,BMI,IL,AGL,CE,Federal Contract Tower,6,30,13,0,49,0,0,38,2,40,6,30,51,2,89,38,0,38,127
06/05/2006,BMI,IL,AGL,CE,Federal Contract Tower,6,27,21,0,54,0,0,37,0,37,6,27,58,0,91,44,0,44,135
06/06/2006,BMI,IL,AGL,CE,Federal Contract Tower,9,30,19,0,58,0,0,17,0,17,9,30,36,0,75,42,0,42,117
06/07/2006,BMI,IL,AGL,CE,Federal Contract Tower,7,30,31,0,68,0,0,36,2,38,7,30,67,2,106,66,0,66,172
06/08/2006,BMI,IL,AGL,CE,Federal Contract Tower,9,32,22,0,63,0,0,33,0,33,9,32,55,0,96,48,0,48,144
06/09/2006,BMI,IL,AGL,CE,Federal Contract Tower,7,35,13,0,55,0,0,31,0,31,7,35,44,0,86,18,0,18,104
06/10/2006,BMI,IL,AGL,CE,Federal Contract Tower,8,25,8,0,41,0,0,3,0,3,8,25,11,0,44,12,0,12,56
06/11/2006,BMI,IL,AGL,CE,Federal Contract Tower,7,31,19,0,57,0,0,7,0,7,7,31,26,0,64,30,0,30,94
06/12/2006,BMI,IL,AGL,CE,Federal Contract Tower,5,30,23,0,58,0,0,49,0,49,5,30,72,0,107,108,0,108,215
06/13/2006,BMI,IL,AGL,CE,Federal Contract Tower,9,31,25,2,67,0,0,28,0,28,9,31,53,2,95,20,2,22,117
06/14/2006,BMI,IL,AGL,CE,Federal Contract Tower,7,32,22,0,61,0,0,35,0,35,7,32,57,0,96,14,0,14,110
06/15/2006,BMI,IL,AGL,CE,Federal Contract Tower,9,34,13,0,56,0,0,33,0,33,9,34,46,0,89,20,0,20,109
06/16/2006,BMI,IL,AGL,CE,Federal Contract Tower,6,31,17,0,54,0,0,25,0,25,6,31,42,0,79,36,0,36,115
06/17/2006,BMI,IL,AGL,CE,Federal Contract Tower,8,26,3,0,37,0,0,58,0,58,8,26,61,0,95,82,0,82,177
06/18/2006,BMI,IL,AGL,CE,Federal Contract Tower,7,29,6,0,42,0,0,10,0,10,7,29,16,0,52,0,0,0,52
06/19/2006,BMI,IL,AGL,CE,Federal Contract Tower,5,28,33,0,66,0,0,31,0,31,5,28,64,0,97,32,0,32,129
06/20/2006,BMI,IL,AGL,CE,Federal Contract Tower,8,33,17,0,58,0,0,18,0,18,8,33,35,0,76,40,0,40,116
06/21/2006,BMI,IL,AGL,CE,Federal Contract Tower,9,27,20,0,56,0,0,23,0,23,9,27,43,0,79,26,0,26,105
06/22/2006,BMI,IL,AGL,CE,Federal Contract Tower,9,27,15,0,51,0,0,21,0,21,9,27,36,0,72,54,0,54,126
06/23/2006,BMI,IL,AGL,CE,Federal Contract Tower,6,31,11,0,48,0,0,33,2,35,6,31,44,2,83,56,0,56,139
06/24/2006,BMI,IL,AGL,CE,Federal Contract Tower,7,25,11,0,43,0,0,56,0,56,7,25,67,0,99,106,0,106,205
06/25/2006,BMI,IL,AGL,CE,Federal Contract Tower,5,27,11,0,43,0,0,22,0,22,5,27,33,0,65,12,0,12,77
06/26/2006,BMI,IL,AGL,CE,Federal Contract Tower,5,37,20,0,62,0,0,17,0,17,5,37,37,0,79,10,0,10,89
06/27/2006,BMI,IL,AGL,CE,Federal Contract Tower,8,29,28,0,65,0,0,27,0,27,8,29,55,0,92,54,0,54,146
06/28/2006,BMI,IL,AGL,CE,Federal Contract Tower,6,39,30,0,75,0,0,45,0,45,6,39,75,0,120,18,4,22,142
06/29/2006,BMI,IL,AGL,CE,Federal Contract Tower,9,33,21,0,63,0,0,46,10,56,9,33,67,10,119,44,4,48,167
06/30/2006,BMI,IL,AGL,CE,Federal Contract Tower,7,32,17,0,56,0,0,26,0,26,7,32,43,0,82,52,0,52,134
07/01/2006,BMI,IL,AGL,CE,Federal Contract Tower,8,31,7,0,46,0,0,29,0,29,8,31,36,0,75,108,0,108,183
07/02/2006,BMI,IL,AGL,CE,Federal Contract Tower,7,26,13,0,46,0,0,22,0,22,7,26,35,0,68,12,0,12,80
07/03/2006,BMI,IL,AGL,CE,Federal Contract Tower,5,24,10,0,39,0,0,24,0,24,5,24,34,0,63,134,0,134,197
07/04/2006,BMI,IL,AGL,CE,Federal Contract Tower,6,25,10,0,41,0,0,13,0,13,6,25,23,0,54,0,0,0,54
07/05/2006,BMI,IL,AGL,CE,Federal Contract Tower,5,30,24,0,59,0,0,27,0,27,5,30,51,0,86,22,0,22,108
07/06/2006,BMI,IL,AGL,CE,Federal Contract Tower,9,30,22,0,61,0,0,56,4,60,9,30,78,4,121,52,0,52,173
07/07/2006,BMI,IL,AGL,CE,Federal Contract Tower,6,29,26,0,61,0,0,46,0,46,6,29,72,0,107,82,0,82,189
07/08/2006,BMI,IL,AGL,CE,Federal Contract Tower,8,27,21,0,56,0,0,50,0,50,8,27,71,0,106,114,0,114,220
07/09/2006,BMI,IL,AGL,CE,Federal Contract Tower,7,28,8,0,43,0,0,21,2,23,7,28,29,2,66,0,0,0,66
07/10/2006,BMI,IL,AGL,CE,Federal Contract Tower,6,35,21,0,62,0,0,16,0,16,6,35,37,0,78,56,0,56,134
07/11/2006,BMI,IL,AGL,CE,Federal Contract Tower,9,33,19,0,61,0,0,2,0,2,9,33,21,0,63,0,0,0,63
07/12/2006,BMI,IL,AGL,CE,Federal Contract Tower,8,41,30,0,79,0,0,11,0,11,8,41,41,0,90,14,0,14,104
07/13/2006,BMI,IL,AGL,CE,Federal Contract Tower,9,38,41,0,88,0,0,18,0,18,9,38,59,0,106,6,0,6,112
07/14/2006,BMI,IL,AGL,CE,Federal Contract Tower,7,36,12,0,55,0,0,22,0,22,7,36,34,0,77,42,0,42,119
07/15/2006,BMI,IL,AGL,CE,Federal Contract Tower,7,28,14,0,49,0,0,62,0,62,7,28,76,0,111,72,0,72,183
07/16/2006,BMI,IL,AGL,CE,Federal Contract Tower,6,29,20,0,55,0,0,27,0,27,6,29,47,0,82,38,0,38,120
07/17/2006,BMI,IL,AGL,CE,Federal Contract Tower,6,34,25,0,65,0,0,48,0,48,6,34,73,0,113,84,0,84,197
07/18/2006,BMI,IL,AGL,CE,Federal Contract Tower,10,31,19,0,60,0,0,25,0,25,10,31,44,0,85,40,0,40,125
07/19/2006,BMI,IL,AGL,CE,Federal Contract Tower,7,28,25,0,60,0,0,22,0,22,7,28,47,0,82,52,0,52,134
07/20/2006,BMI,IL,AGL,CE,Federal Contract Tower,11,31,23,0,65,0,0,14,0,14,11,31,37,0,79,34,0,34,113
07/21/2006,BMI,IL,AGL,CE,Federal Contract Tower,7,33,25,0,65,0,0,8,0,8,7,33,33,0,73,0,4,4,77
07/22/2006,BMI,IL,AGL,CE,Federal Contract Tower,8,24,14,0,46,0,0,69,0,69,8,24,83,0,115,90,0,90,205
07/23/2006,BMI,IL,AGL,CE,Federal Contract Tower,6,29,7,0,42,0,0,51,0,51,6,29,58,0,93,30,0,30,123
07/24/2006,BMI,IL,AGL,CE,Federal Contract Tower,5,30,16,0,51,0,0,37,0,37,5,30,53,0,88,90,0,90,178
07/25/2006,BMI,IL,AGL,CE,Federal Contract Tower,11,35,24,0,70,66,0,30,0,96,77,35,54,0,166,14,0,14,180
07/26/2006,BMI,IL,AGL,CE,Federal Contract Tower,6,29,19,0,54,0,0,25,0,25,6,29,44,0,79,44,0,44,123
07/27/2006,BMI,IL,AGL,CE,Federal Contract Tower,12,22,25,1,60,0,0,25,0,25,12,22,50,1,85,22,0,22,107
07/28/2006,BMI,IL,AGL,CE,Federal Contract Tower,7,30,23,1,61,0,0,23,0,23,7,30,46,1,84,8,2,10,94
07/29/2006,BMI,IL,AGL,CE,Federal Contract Tower,6,26,10,0,42,0,0,37,0,37,6,26,47,0,79,64,0,64,143
07/30/2006,BMI,IL,AGL,CE,Federal Contract Tower,7,27,16,0,50,0,0,38,0,38,7,27,54,0,88,0,0,0,88
07/31/2006,BMI,IL,AGL,CE,Federal Contract Tower,6,32,24,0,62,0,0,36,0,36,6,32,60,0,98,52,0,52,150
08/01/2006,BMI,IL,AGL,CE,Federal Contract Tower,7,32,13,0,52,0,0,35,0,35,7,32,48,0,87,12,0,12,99
08/02/2006,BMI,IL,AGL,CE,Federal Contract Tower,6,31,14,0,51,0,0,15,2,17,6,31,29,2,68,8,0,8,76
08/03/2006,BMI,IL,AGL,CE,Federal Contract Tower,9,31,24,0,64,0,0,19,0,19,9,31,43,0,83,18,0,18,101
08/04/2006,BMI,IL,AGL,CE,Federal Contract Tower,6,35,14,0,55,0,0,52,0,52,6,35,66,0,107,64,0,64,171
08/05/2006,BMI,IL,AGL,CE,Federal Contract Tower,7,26,6,0,39,0,0,57,0,57,7,26,63,0,96,96,0,96,192
08/06/2006,BMI,IL,AGL,CE,Federal Contract Tower,6,30,22,0,58,0,0,30,0,30,6,30,52,0,88,4,0,4,92
08/07/2006,BMI,IL,AGL,CE,Federal Contract Tower,5,31,23,0,59,0,0,15,0,15,5,31,38,0,74,2,0,2,76
08/08/2006,BMI,IL,AGL,CE,Federal Contract Tower,8,31,14,0,53,0,0,18,2,20,8,31,32,2,73,24,10,34,107
08/09/2006,BMI,IL,AGL,CE,Federal Contract Tower,7,33,25,0,65,0,0,17,0,17,7,33,42,0,82,14,0,14,96
08/10/2006,BMI,IL,AGL,CE,Federal Contract Tower,8,23,14,0,45,0,0,13,0,13,8,23,27,0,58,14,0,14,72
08/11/2006,BMI,IL,AGL,CE,Federal Contract Tower,6,31,27,2,66,0,0,20,0,20,6,31,47,2,86,58,0,58,144
08/12/2006,BMI,IL,AGL,CE,Federal Contract Tower,7,25,12,0,44,0,0,61,0,61,7,25,73,0,105,162,0,162,267
08/13/2006,BMI,IL,AGL,CE,Federal Contract Tower,6,31,10,0,47,0,0,51,0,51,6,31,61,0,98,28,0,28,126
08/14/2006,BMI,IL,AGL,CE,Federal Contract Tower,5,28,16,0,49,0,0,10,0,10,5,28,26,0,59,16,0,16,75
08/15/2006,BMI,IL,AGL,CE,Federal Contract Tower,7,32,16,1,56,0,0,51,0,51,7,32,67,1,107,24,0,24,131
08/16/2006,BMI,IL,AGL,CE,Federal Contract Tower,7,35,21,0,63,0,0,56,0,56,7,35,77,0,119,38,0,38,157
08/17/2006,BMI,IL,AGL,CE,Federal Contract Tower,6,35,30,0,71,0,0,18,0,18,6,35,48,0,89,28,0,28,117
08/18/2006,BMI,IL,AGL,CE,Federal Contract Tower,7,30,9,0,46,0,0,21,0,21,7,30,30,0,67,68,0,68,135
08/19/2006,BMI,IL,AGL,CE,Federal Contract Tower,8,25,15,0,48,0,0,9,0,9,8,25,24,0,57,84,0,84,141
08/20/2006,BMI,IL,AGL,CE,Federal Contract Tower,4,29,6,0,39,0,0,51,0,51,4,29,57,0,90,44,0,44,134
08/21/2006,BMI,IL,AGL,CE,Federal Contract Tower,6,29,15,0,50,0,0,38,0,38,6,29,53,0,88,34,0,34,122
08/22/2006,BMI,IL,AGL,CE,Federal Contract Tower,6,31,27,7,71,0,0,32,0,32,6,31,59,7,103,18,2,20,123
08/23/2006,BMI,IL,AGL,CE,Federal Contract Tower,7,29,20,0,56,0,0,32,0,32,7,29,52,0,88,56,0,56,144
08/24/2006,BMI,IL,AGL,CE,Federal Contract Tower,6,30,27,0,63,0,0,13,0,13,6,30,40,0,76,20,0,20,96
08/25/2006,BMI,IL,AGL,CE,Federal Contract Tower,7,25,22,0,54,0,0,26,0,26,7,25,48,0,80,30,0,30,110
08/26/2006,BMI,IL,AGL,CE,Federal Contract Tower,8,22,14,0,44,0,0,12,0,12,8,22,26,0,56,76,0,76,132
08/27/2006,BMI,IL,AGL,CE,Federal Contract Tower,5,32,13,0,50,0,0,2,0,2,5,32,15,0,52,0,0,0,52
08/28/2006,BMI,IL,AGL,CE,Federal Contract Tower,6,26,16,4,52,0,0,0,0,0,6,26,16,4,52,0,0,0,52
08/29/2006,BMI,IL,AGL,CE,Federal Contract Tower,8,29,24,2,63,0,0,4,0,4,8,29,28,2,67,0,0,0,67
08/30/2006,BMI,IL,AGL,CE,Federal Contract Tower,6,38,36,2,82,0,0,18,0,18,6,38,54,2,100,16,0,16,116
08/31/2006,BMI,IL,AGL,CE,Federal Contract Tower,6,35,18,4,63,0,0,29,0,29,6,35,47,4,92,56,0,56,148
09/01/2006,BMI,IL,AGL,CE,Federal Contract Tower,9,30,35,0,74,0,0,28,0,28,9,30,63,0,102,78,0,78,180
09/02/2006,BMI,IL,AGL,CE,Federal Contract Tower,8,27,13,0,48,0,0,70,0,70,8,27,83,0,118,44,0,44,162
09/03/2006,BMI,IL,AGL,CE,Federal Contract Tower,5,24,15,0,44,0,0,23,0,23,5,24,38,0,67,52,0,52,119
09/04/2006,BMI,IL,AGL,CE,Federal Contract Tower,5,29,12,0,46,0,0,25,0,25,5,29,37,0,71,64,0,64,135
09/05/2006,BMI,IL,AGL,CE,Federal Contract Tower,6,31,24,2,63,0,0,17,0,17,6,31,41,2,80,54,0,54,134
09/06/2006,BMI,IL,AGL,CE,Federal Contract Tower,8,30,25,0,63,0,0,28,0,28,8,30,53,0,91,4,0,4,95
09/07/2006,BMI,IL,AGL,CE,Federal Contract Tower,6,33,29,2,70,0,0,56,0,56,6,33,85,2,126,54,12,66,192
09/08/2006,BMI,IL,AGL,CE,Federal Contract Tower,6,34,18,0,58,0,0,38,0,38,6,34,56,0,96,34,0,34,130
09/09/2006,BMI,IL,AGL,CE,Federal Contract Tower,8,22,17,0,47,0,0,59,1,60,8,22,76,1,107,84,0,84,191
09/10/2006,BMI,IL,AGL,CE,Federal Contract Tower,4,22,22,0,48,0,0,13,0,13,4,22,35,0,61,38,0,38,99
09/11/2006,BMI,IL,AGL,CE,Federal Contract Tower,5,27,16,0,48,0,0,9,0,9,5,27,25,0,57,50,0,50,107
09/12/2006,BMI,IL,AGL,CE,Federal Contract Tower,7,28,25,0,60,0,0,0,0,0,7,28,25,0,60,0,0,0,60
09/13/2006,BMI,IL,AGL,CE,Federal Contract Tower,8,25,21,0,54,0,0,4,0,4,8,25,25,0,58,0,0,0,58
09/14/2006,BMI,IL,AGL,CE,Federal Contract Tower,8,27,32,0,67,0,0,52,2,54,8,27,84,2,121,50,0,50,171
09/15/2006,BMI,IL,AGL,CE,Federal Contract Tower,7,29,32,0,68,0,0,28,0,28,7,29,60,0,96,6,0,6,102
09/16/2006,BMI,IL,AGL,CE,Federal Contract Tower,8,21,16,0,45,0,0,38,0,38,8,21,54,0,83,70,0,70,153
09/17/2006,BMI,IL,AGL,CE,Federal Contract Tower,5,24,12,0,41,0,0,11,0,11,5,24,23,0,52,28,0,28,80
09/18/2006,BMI,IL,AGL,CE,Federal Contract Tower,5,26,5,0,36,0,0,27,2,29,5,26,32,2,65,30,0,30,95
09/19/2006,BMI,IL,AGL,CE,Federal Contract Tower,7,32,21,0,60,0,0,14,0,14,7,32,35,0,74,16,0,16,90
09/20/2006,BMI,IL,AGL,CE,Federal Contract Tower,7,31,23,0,61,0,0,58,4,62,7,31,81,4,123,108,0,108,231
09/21/2006,BMI,IL,AGL,CE,Federal Contract Tower,7,28,19,0,54,0,0,25,0,25,7,28,44,0,79,62,0,62,141
09/22/2006,BMI,IL,AGL,CE,Federal Contract Tower,7,22,11,0,40,0,0,7,0,7,7,22,18,0,47,14,0,14,61
09/23/2006,BMI,IL,AGL,CE,Federal Contract Tower,9,17,2,0,28,0,0,2,0,2,9,17,4,0,30,0,0,0,30
09/24/2006,BMI,IL,AGL,CE,Federal Contract Tower,4,25,19,0,48,0,0,26,0,26,4,25,45,0,74,14,0,14,88
09/25/2006,BMI,IL,AGL,CE,Federal Contract Tower,6,30,18,0,54,0,0,35,0,35,6,30,53,0,89,52,0,52,141
09/26/2006,BMI,IL,AGL,CE,Federal Contract Tower,7,28,11,0,46,0,0,49,0,49,7,28,60,0,95,40,0,40,135
09/27/2006,BMI,IL,AGL,CE,Federal Contract Tower,7,25,14,0,46,0,0,24,0,24,7,25,38,0,70,72,0,72,142
09/28/2006,BMI,IL,AGL,CE,Federal Contract Tower,5,26,18,0,49,0,0,19,0,19,5,26,37,0,68,16,0,16,84
09/29/2006,BMI,IL,AGL,CE,Federal Contract Tower,11,22,19,2,54,0,0,33,0,33,11,22,52,2,87,40,0,40,127
09/30/2006,BMI,IL,AGL,CE,Federal Contract Tower,8,24,15,0,47,0,0,53,0,53,8,24,68,0,100,56,0,56,156
10/01/2006,BMI,IL,AGL,CE,Federal Contract Tower,5,24,12,0,41,0,0,67,0,67,5,24,79,0,108,33,0,33,141
10/02/2006,BMI,IL,AGL,CE,Federal Contract Tower,13,26,24,2,65,0,0,13,0,13,13,26,37,2,78,30,0,30,108
10/03/2006,BMI,IL,AGL,CE,Federal Contract Tower,8,30,14,0,52,0,0,22,0,22,8,30,36,0,74,14,0,14,88
10/04/2006,BMI,IL,AGL,CE,Federal Contract Tower,7,26,24,0,57,0,0,15,0,15,7,26,39,0,72,54,0,54,126
10/05/2006,BMI,IL,AGL,CE,Federal Contract Tower,8,28,36,0,72,0,0,33,2,35,8,28,69,2,107,24,0,24,131
10/06/2006,BMI,IL,AGL,CE,Federal Contract Tower,7,28,16,0,51,0,0,54,0,54,7,28,70,0,105,46,0,46,151
10/07/2006,BMI,IL,AGL,CE,Federal Contract Tower,9,22,23,0,54,0,0,97,0,97,9,22,120,0,151,80,0,80,231
10/08/2006,BMI,IL,AGL,CE,Federal Contract Tower,5,27,23,0,55,0,0,40,0,40,5,27,63,0,95,42,0,42,137
10/09/2006,BMI,IL,AGL,CE,Federal Contract Tower,7,29,21,0,57,0,0,29,0,29,7,29,50,0,86,26,0,26,112
10/10/2006,BMI,IL,AGL,CE,Federal Contract Tower,8,32,21,0,61,0,0,26,0,26,8,32,47,0,87,32,0,32,119
10/11/2006,BMI,IL,AGL,CE,Federal Contract Tower,7,31,10,0,48,0,0,4,0,4,7,31,14,0,52,0,0,0,52
10/12/2006,BMI,IL,AGL,CE,Federal Contract Tower,8,25,24,0,57,0,1,13,0,14,8,26,37,0,71,16,0,16,87
10/13/2006,BMI,IL,AGL,CE,Federal Contract Tower,7,21,24,0,52,0,0,21,0,21,7,21,45,0,73,2,0,2,75
10/14/2006,BMI,IL,AGL,CE,Federal Contract Tower,10,21,14,0,45,0,0,52,0,52,10,21,66,0,97,38,0,38,135
10/15/2006,BMI,IL,AGL,CE,Federal Contract Tower,5,26,7,0,38,0,0,37,0,37,5,26,44,0,75,78,0,78,153
10/16/2006,BMI,IL,AGL,CE,Federal Contract Tower,6,24,16,0,46,0,0,8,0,8,6,24,24,0,54,20,0,20,74
10/17/2006,BMI,IL,AGL,CE,Federal Contract Tower,9,30,30,0,69,0,0,14,0,14,9,30,44,0,83,54,0,54,137
10/18/2006,BMI,IL,AGL,CE,Federal Contract Tower,6,25,27,0,58,0,0,9,0,9,6,25,36,0,67,42,0,42,109
10/19/2006,BMI,IL,AGL,CE,Federal Contract Tower,7,27,24,1,59,0,0,28,1,29,7,27,52,2,88,4,0,4,92
10/20/2006,BMI,IL,AGL,CE,Federal Contract Tower,7,29,27,0,63,0,0,45,0,45,7,29,72,0,108,26,0,26,134
10/21/2006,BMI,IL,AGL,CE,Federal Contract Tower,10,21,4,0,35,0,0,35,0,35,10,21,39,0,70,90,0,90,160
10/22/2006,BMI,IL,AGL,CE,Federal Contract Tower,6,26,10,0,42,0,0,22,0,22,6,26,32,0,64,12,0,12,76
10/23/2006,BMI,IL,AGL,CE,Federal Contract Tower,5,25,24,0,54,0,0,18,0,18,5,25,42,0,72,0,0,0,72
10/24/2006,BMI,IL,AGL,CE,Federal Contract Tower,5,27,27,0,59,0,0,44,0,44,5,27,71,0,103,50,0,50,153
10/25/2006,BMI,IL,AGL,CE,Federal Contract Tower,7,29,31,0,67,0,0,38,0,38,7,29,69,0,105,62,0,62,167
10/26/2006,BMI,IL,AGL,CE,Federal Contract Tower,8,25,27,0,60,0,0,0,0,0,8,25,27,0,60,0,0,0,60
10/27/2006,BMI,IL,AGL,CE,Federal Contract Tower,8,21,18,0,47,0,0,0,0,0,8,21,18,0,47,0,0,0,47
10/28/2006,BMI,IL,AGL,CE,Federal Contract Tower,11,20,6,0,37,0,0,15,0,15,11,20,21,0,52,36,0,36,88
10/29/2006,BMI,IL,AGL,CE,Federal Contract Tower,4,28,12,0,44,0,0,65,0,65,4,28,77,0,109,104,0,104,213
10/30/2006,BMI,IL,AGL,CE,Federal Contract Tower,6,25,15,0,46,0,0,11,0,11,6,25,26,0,57,14,0,14,71
10/31/2006,BMI,IL,AGL,CE,Federal Contract Tower,8,24,19,0,51,0,0,20,1,21,8,24,39,1,72,46,0,46,118
11/01/2006,BMI,IL,AGL,CE,Federal Contract Tower,7,27,27,0,61,0,0,33,0,33,7,27,60,0,94,30,0,30,124
11/02/2006,BMI,IL,AGL,CE,Federal Contract Tower,7,32,30,1,70,0,0,31,1,32,7,32,61,2,102,20,16,36,138
11/03/2006,BMI,IL,AGL,CE,Federal Contract Tower,8,29,31,2,70,0,0,60,0,60,8,29,91,2,130,40,0,40,170
11/04/2006,BMI,IL,AGL,CE,Federal Contract Tower,8,23,5,0,36,0,0,27,2,29,8,23,32,2,65,16,6,22,87
11/05/2006,BMI,IL,AGL,CE,Federal Contract Tower,5,27,16,0,48,0,0,28,0,28,5,27,44,0,76,76,0,76,152
11/06/2006,BMI,IL,AGL,CE,Federal Contract Tower,6,29,13,0,48,0,0,21,0,21,6,29,34,0,69,44,0,44,113
11/07/2006,BMI,IL,AGL,CE,Federal Contract Tower,8,24,16,0,48,0,0,4,0,4,8,24,20,0,52,40,0,40,92
11/08/2006,BMI,IL,AGL,CE,Federal Contract Tower,10,28,19,0,57,0,0,24,0,24,10,28,43,0,81,46,0,46,127
11/09/2006,BMI,IL,AGL,CE,Federal Contract Tower,7,32,29,2,70,0,0,48,0,48,7,32,77,2,118,66,0,66,184
11/10/2006,BMI,IL,AGL,CE,Federal Contract Tower,6,25,15,0,46,0,0,0,0,0,6,25,15,0,46,0,0,0,46
11/11/2006,BMI,IL,AGL,CE,Federal Contract Tower,11,22,10,0,43,0,0,9,0,9,11,22,19,0,52,0,0,0,52
11/12/2006,BMI,IL,AGL,CE,Federal Contract Tower,7,25,18,0,50,0,0,21,0,21,7,25,39,0,71,52,0,52,123
11/13/2006,BMI,IL,AGL,CE,Federal Contract Tower,7,23,27,0,57,0,0,1,0,1,7,23,28,0,58,0,0,0,58
11/14/2006,BMI,IL,AGL,CE,Federal Contract Tower,7,25,17,0,49,0,0,0,0,0,7,25,17,0,49,0,0,0,49
11/15/2006,BMI,IL,AGL,CE,Federal Contract Tower,7,24,28,0,59,0,0,0,0,0,7,24,28,0,59,0,0,0,59
11/16/2006,BMI,IL,AGL,CE,Federal Contract Tower,11,25,15,0,51,0,0,10,0,10,11,25,25,0,61,44,0,44,105
11/17/2006,BMI,IL,AGL,CE,Federal Contract Tower,8,29,39,0,76,0,0,15,0,15,8,29,54,0,91,32,0,32,123
11/18/2006,BMI,IL,AGL,CE,Federal Contract Tower,8,23,16,0,47,0,0,9,0,9,8,23,25,0,56,66,0,66,122
11/19/2006,BMI,IL,AGL,CE,Federal Contract Tower,8,27,6,0,41,0,0,36,0,36,8,27,42,0,77,46,0,46,123
11/20/2006,BMI,IL,AGL,CE,Federal Contract Tower,6,27,20,0,53,0,0,25,0,25,6,27,45,0,78,30,0,30,108
11/21/2006,BMI,IL,AGL,CE,Federal Contract Tower,10,28,29,0,67,0,0,29,0,29,10,28,58,0,96,54,0,54,150
11/22/2006,BMI,IL,AGL,CE,Federal Contract Tower,7,27,24,0,58,0,0,27,2,29,7,27,51,2,87,60,0,60,147
11/23/2006,BMI,IL,AGL,CE,Federal Contract Tower,7,23,9,0,39,0,0,15,0,15,7,23,24,0,54,12,0,12,66
11/24/2006,BMI,IL,AGL,CE,Federal Contract Tower,9,25,29,0,63,0,0,28,0,28,9,25,57,0,91,44,0,44,135
11/25/2006,BMI,IL,AGL,CE,Federal Contract Tower,9,23,3,0,35,0,0,37,0,37,9,23,40,0,72,18,0,18,90
11/26/2006,BMI,IL,AGL,CE,Federal Contract Tower,10,25,17,0,52,0,0,49,0,49,10,25,66,0,101,60,0,60,161
11/27/2006,BMI,IL,AGL,CE,Federal Contract Tower,7,29,28,0,64,0,0,24,0,24,7,29,52,0,88,44,0,44,132
11/28/2006,BMI,IL,AGL,CE,Federal Contract Tower,8,30,26,0,64,0,0,12,2,14,8,30,38,2,78,4,0,4,82
11/29/2006,BMI,IL,AGL,CE,Federal Contract Tower,5,21,25,0,51,0,0,0,0,0,5,21,25,0,51,0,0,0,51
11/30/2006,BMI,IL,AGL,CE,Federal Contract Tower,7,21,5,0,33,0,0,0,0,0,7,21,5,0,33,0,0,0,33
12/01/2006,BMI,IL,AGL,CE,Federal Contract Tower,4,4,4,0,12,0,0,2,0,2,4,4,6,0,14,0,0,0,14
12/02/2006,BMI,IL,AGL,CE,Federal Contract Tower,9,21,8,0,38,0,0,32,0,32,9,21,40,0,70,46,0,46,116
12/03/2006,BMI,IL,AGL,CE,Federal Contract Tower,7,24,6,0,37,0,0,32,0,32,7,24,38,0,69,54,0,54,123
12/04/2006,BMI,IL,AGL,CE,Federal Contract Tower,8,27,12,0,47,0,0,12,0,12,8,27,24,0,59,0,0,0,59
12/05/2006,BMI,IL,AGL,CE,Federal Contract Tower,11,27,23,0,61,0,0,14,0,14,11,27,37,0,75,42,0,42,117
12/06/2006,BMI,IL,AGL,CE,Federal Contract Tower,6,28,29,0,63,0,0,31,0,31,6,28,60,0,94,88,4,92,186
12/07/2006,BMI,IL,AGL,CE,Federal Contract Tower,9,33,20,0,62,0,0,12,0,12,9,33,32,0,74,4,0,4,78
12/08/2006,BMI,IL,AGL,CE,Federal Contract Tower,10,30,27,0,67,0,0,27,0,27,10,30,54,0,94,46,0,46,140
12/09/2006,BMI,IL,AGL,CE,Federal Contract Tower,10,25,16,0,51,0,0,44,0,44,10,25,60,0,95,60,0,60,155
12/10/2006,BMI,IL,AGL,CE,Federal Contract Tower,8,25,15,0,48,0,0,30,0,30,8,25,45,0,78,22,0,22,100
12/11/2006,BMI,IL,AGL,CE,Federal Contract Tower,7,24,18,0,49,0,0,0,0,0,7,24,18,0,49,0,0,0,49
12/12/2006,BMI,IL,AGL,CE,Federal Contract Tower,10,16,16,0,42,0,0,3,0,3,10,16,19,0,45,14,0,14,59
12/13/2006,BMI,IL,AGL,CE,Federal Contract Tower,8,31,20,0,59,0,0,32,0,32,8,31,52,0,91,16,0,16,107
12/14/2006,BMI,IL,AGL,CE,Federal Contract Tower,10,26,34,0,70,0,0,15,0,15,10,26,49,0,85,20,0,20,105
12/15/2006,BMI,IL,AGL,CE,Federal Contract Tower,7,29,30,0,66,0,0,36,0,36,7,29,66,0,102,40,0,40,142
12/16/2006,BMI,IL,AGL,CE,Federal Contract Tower,8,22,19,0,49,0,0,4,0,4,8,22,23,0,53,30,0,30,83
12/17/2006,BMI,IL,AGL,CE,Federal Contract Tower,8,29,17,0,54,0,0,16,0,16,8,29,33,0,70,88,0,88,158
12/18/2006,BMI,IL,AGL,CE,Federal Contract Tower,7,28,10,0,45,0,0,24,0,24,7,28,34,0,69,54,0,54,123
12/19/2006,BMI,IL,AGL,CE,Federal Contract Tower,9,35,20,0,64,0,0,51,0,51,9,35,71,0,115,38,0,38,153
12/20/2006,BMI,IL,AGL,CE,Federal Contract Tower,8,27,25,0,60,0,0,8,0,8,8,27,33,0,68,82,0,82,150
12/21/2006,BMI,IL,AGL,CE,Federal Contract Tower,8,17,21,0,46,0,0,0,0,0,8,17,21,0,46,0,0,0,46
12/22/2006,BMI,IL,AGL,CE,Federal Contract Tower,6,23,10,0,39,0,0,5,0,5,6,23,15,0,44,0,0,0,44
12/23/2006,BMI,IL,AGL,CE,Federal Contract Tower,7,23,12,0,42,0,0,15,0,15,7,23,27,0,57,30,0,30,87
12/24/2006,BMI,IL,AGL,CE,Federal Contract Tower,6,26,12,0,44,0,0,13,0,13,6,26,25,0,57,10,0,10,67
12/25/2006,BMI,IL,AGL,CE,Federal Contract Tower,5,22,0,0,27,0,0,0,0,0,5,22,0,0,27,0,0,0,27
12/26/2006,BMI,IL,AGL,CE,Federal Contract Tower,9,25,9,0,43,0,0,18,0,18,9,25,27,0,61,2,0,2,63
12/27/2006,BMI,IL,AGL,CE,Federal Contract Tower,8,29,18,2,57,0,0,41,0,41,8,29,59,2,98,90,0,90,188
12/28/2006,BMI,IL,AGL,CE,Federal Contract Tower,10,30,16,0,56,0,0,50,0,50,10,30,66,0,106,52,0,52,158
12/29/2006,BMI,IL,AGL,CE,Federal Contract Tower,8,30,5,0,43,0,0,41,0,41,8,30,46,0,84,72,0,72,156
12/30/2006,BMI,IL,AGL,CE,Federal Contract Tower,6,19,3,0,28,0,0,35,0,35,6,19,38,0,63,46,0,46,109
12/31/2006,BMI,IL,AGL,CE,Federal Contract Tower,7,24,2,0,33,0,0,0,0,0,7,24,2,0,33,0,0,0,33
01/01/2007,BMI,IL,AGL,CE,Federal Contract Tower,6,23,7,0,36,0,0,11,0,11,6,23,18,0,47,0,0,0,47
01/02/2007,BMI,IL,AGL,CE,Federal Contract Tower,9,28,11,0,48,0,0,26,0,26,9,28,37,0,74,50,0,50,124
01/03/2007,BMI,IL,AGL,CE,Federal Contract Tower,8,32,20,0,60,0,0,33,0,33,8,32,53,0,93,8,0,8,101
01/04/2007,BMI,IL,AGL,CE,Federal Contract Tower,10,28,16,0,54,0,0,4,0,4,10,28,20,0,58,2,0,2,60
01/05/2007,BMI,IL,AGL,CE,Federal Contract Tower,6,31,23,0,60,0,0,1,0,1,6,31,24,0,61,0,0,0,61
01/06/2007,BMI,IL,AGL,CE,Federal Contract Tower,7,24,13,0,44,0,0,20,0,20,7,24,33,0,64,74,0,74,138
01/07/2007,BMI,IL,AGL,CE,Federal Contract Tower,7,29,15,0,51,0,0,11,2,13,7,29,26,2,64,56,0,56,120
01/08/2007,BMI,IL,AGL,CE,Federal Contract Tower,5,28,13,2,48,0,0,22,0,22,5,28,35,2,70,2,0,2,72
01/09/2007,BMI,IL,AGL,CE,Federal Contract Tower,8,26,20,0,54,0,0,8,0,8,8,26,28,0,62,0,0,0,62
01/10/2007,BMI,IL,AGL,CE,Federal Contract Tower,9,31,26,0,66,0,0,28,0,28,9,31,54,0,94,18,0,18,112
01/11/2007,BMI,IL,AGL,CE,Federal Contract Tower,8,26,27,0,61,0,0,9,0,9,8,26,36,0,70,0,0,0,70
01/12/2007,BMI,IL,AGL,CE,Federal Contract Tower,7,24,17,0,48,0,0,0,0,0,7,24,17,0,48,0,0,0,48
01/13/2007,BMI,IL,AGL,CE,Federal Contract Tower,9,24,6,0,39,0,0,0,0,0,9,24,6,0,39,0,0,0,39
01/14/2007,BMI,IL,AGL,CE,Federal Contract Tower,8,21,3,0,32,0,0,0,0,0,8,21,3,0,32,0,0,0,32
01/15/2007,BMI,IL,AGL,CE,Federal Contract Tower,5,20,11,0,36,0,0,0,0,0,5,20,11,0,36,0,0,0,36
01/16/2007,BMI,IL,AGL,CE,Federal Contract Tower,9,27,16,0,52,0,0,14,0,14,9,27,30,0,66,18,0,18,84
01/17/2007,BMI,IL,AGL,CE,Federal Contract Tower,7,31,23,0,61,0,1,4,0,5,7,32,27,0,66,0,0,0,66
01/18/2007,BMI,IL,AGL,CE,Federal Contract Tower,8,22,16,3,49,0,0,2,0,2,8,22,18,3,51,26,2,28,79
01/19/2007,BMI,IL,AGL,CE,Federal Contract Tower,7,28,23,0,58,0,0,47,0,47,7,28,70,0,105,56,0,56,161
01/20/2007,BMI,IL,AGL,CE,Federal Contract Tower,9,21,10,0,40,0,0,52,0,52,9,21,62,0,92,116,0,116,208
01/21/2007,BMI,IL,AGL,CE,Federal Contract Tower,7,19,5,0,31,0,0,0,0,0,7,19,5,0,31,0,0,0,31
01/22/2007,BMI,IL,AGL,CE,Federal Contract Tower,5,27,11,0,43,0,0,5,0,5,5,27,16,0,48,4,0,4,52
01/23/2007,BMI,IL,AGL,CE,Federal Contract Tower,9,28,16,0,53,0,0,10,0,10,9,28,26,0,63,18,0,18,81
01/24/2007,BMI,IL,AGL,CE,Federal Contract Tower,7,28,14,0,49,0,0,5,0,5,7,28,19,0,54,58,0,58,112
01/25/2007,BMI,IL,AGL,CE,Federal Contract Tower,8,27,24,0,59,0,0,19,0,19,8,27,43,0,78,56,0,56,134
01/26/2007,BMI,IL,AGL,CE,Federal Contract Tower,7,25,17,0,49,0,0,21,2,23,7,25,38,2,72,14,0,14,86
01/27/2007,BMI,IL,AGL,CE,Federal Contract Tower,9,19,14,0,42,0,0,16,0,16,9,19,30,0,58,52,0,52,110
01/28/2007,BMI,IL,AGL,CE,Federal Contract Tower,8,25,5,0,38,0,0,8,0,8,8,25,13,0,46,0,0,0,46
01/29/2007,BMI,IL,AGL,CE,Federal Contract Tower,6,27,26,0,59,0,0,14,0,14,6,27,40,0,73,32,0,32,105
01/30/2007,BMI,IL,AGL,CE,Federal Contract Tower,10,30,22,0,62,0,0,10,0,10,10,30,32,0,72,50,0,50,122
01/31/2007,BMI,IL,AGL,CE,Federal Contract Tower,6,28,16,0,50,0,0,9,0,9,6,28,25,0,59,14,0,14,73
02/01/2007,BMI,IL,AGL,CE,Federal Contract Tower,8,26,24,7,65,0,0,6,0,6,8,26,30,7,71,12,8,20,91
02/02/2007,BMI,IL,AGL,CE,Federal Contract Tower,7,27,12,0,46,0,0,17,0,17,7,27,29,0,63,4,0,4,67
02/03/2007,BMI,IL,AGL,CE,Federal Contract Tower,10,21,10,0,41,0,0,16,0,16,10,21,26,0,57,20,0,20,77
02/04/2007,BMI,IL,AGL,CE,Federal Contract Tower,6,25,7,0,38,0,0,3,0,3,6,25,10,0,41,0,0,0,41
02/05/2007,BMI,IL,AGL,CE,Federal Contract Tower,5,28,15,0,48,0,0,6,0,6,5,28,21,0,54,24,0,24,78
02/06/2007,BMI,IL,AGL,CE,Federal Contract Tower,9,12,14,0,35,0,0,0,0,0,9,12,14,0,35,0,0,0,35
02/07/2007,BMI,IL,AGL,CE,Federal Contract Tower,9,25,23,0,57,0,0,2,0,2,9,25,25,0,59,0,0,0,59
02/08/2007,BMI,IL,AGL,CE,Federal Contract Tower,10,28,21,0,59,0,0,7,2,9,10,28,28,2,68,36,0,36,104
02/09/2007,BMI,IL,AGL,CE,Federal Contract Tower,7,31,16,0,54,0,0,36,0,36,7,31,52,0,90,44,0,44,134
02/10/2007,BMI,IL,AGL,CE,Federal Contract Tower,9,24,4,0,37,0,0,45,0,45,9,24,49,0,82,76,0,76,158
02/11/2007,BMI,IL,AGL,CE,Federal Contract Tower,8,26,5,0,39,0,0,22,0,22,8,26,27,0,61,12,0,12,73
02/12/2007,BMI,IL,AGL,CE,Federal Contract Tower,6,28,17,0,51,0,0,3,0,3,6,28,20,0,54,0,0,0,54
02/13/2007,BMI,IL,AGL,CE,Federal Contract Tower,0,0,0,0,0,0,0,0,0,0,0,0,0,0,0,0,0,0,0
02/14/2007,BMI,IL,AGL,CE,Federal Contract Tower,10,16,15,0,41,0,0,7,0,7,10,16,22,0,48,16,2,18,66
02/15/2007,BMI,IL,AGL,CE,Federal Contract Tower,9,24,19,0,52,0,0,7,2,9,9,24,26,2,61,14,0,14,75
02/16/2007,BMI,IL,AGL,CE,Federal Contract Tower,7,25,14,0,46,0,0,18,0,18,7,25,32,0,64,26,0,26,90
02/17/2007,BMI,IL,AGL,CE,Federal Contract Tower,10,23,2,0,35,0,0,1,0,1,10,23,3,0,36,0,0,0,36
02/18/2007,BMI,IL,AGL,CE,Federal Contract Tower,7,21,10,0,38,0,0,25,0,25,7,21,35,0,63,30,0,30,93
02/19/2007,BMI,IL,AGL,CE,Federal Contract Tower,6,26,11,0,43,0,0,14,0,14,6,26,25,0,57,16,0,16,73
02/20/2007,BMI,IL,AGL,CE,Federal Contract Tower,9,27,19,0,55,0,0,9,2,11,9,27,28,2,66,6,8,14,80
02/21/2007,BMI,IL,AGL,CE,Federal Contract Tower,8,28,19,0,55,0,0,29,0,29,8,28,48,0,84,20,0,20,104
02/22/2007,BMI,IL,AGL,CE,Federal Contract Tower,10,25,17,0,52,0,0,34,0,34,10,25,51,0,86,44,0,44,130
02/23/2007,BMI,IL,AGL,CE,Federal Contract Tower,7,27,12,0,46,0,0,35,0,35,7,27,47,0,81,50,0,50,131
02/24/2007,BMI,IL,AGL,CE,Federal Contract Tower,5,20,2,0,27,0,0,2,0,2,5,20,4,0,29,0,0,0,29
02/25/2007,BMI,IL,AGL,CE,Federal Contract Tower,9,15,0,0,24,0,0,0,0,0,9,15,0,0,24,0,0,0,24
02/26/2007,BMI,IL,AGL,CE,Federal Contract Tower,4,18,9,0,31,0,0,6,0,6,4,18,15,0,37,38,0,38,75
02/27/2007,BMI,IL,AGL,CE,Federal Contract Tower,9,28,18,2,57,0,0,12,3,15,9,28,30,5,72,14,4,18,90
02/28/2007,BMI,IL,AGL,CE,Federal Contract Tower,7,27,13,0,47,0,0,9,0,9,7,27,22,0,56,44,0,44,100
03/01/2007,BMI,IL,AGL,CE,Federal Contract Tower,9,16,13,0,38,0,0,0,0,0,9,16,13,0,38,0,0,0,38
03/02/2007,BMI,IL,AGL,CE,Federal Contract Tower,6,22,7,0,35,0,0,0,2,2,6,22,7,2,37,0,0,0,37
03/03/2007,BMI,IL,AGL,CE,Federal Contract Tower,8,21,7,0,36,0,0,0,0,0,8,21,7,0,36,0,0,0,36
03/04/2007,BMI,IL,AGL,CE,Federal Contract Tower,7,27,15,0,49,0,0,39,0,39,7,27,54,0,88,38,0,38,126
03/05/2007,BMI,IL,AGL,CE,Federal Contract Tower,5,32,15,0,52,0,0,37,0,37,5,32,52,0,89,34,0,34,123
03/06/2007,BMI,IL,AGL,CE,Federal Contract Tower,8,30,17,4,59,0,0,18,0,18,8,30,35,4,77,62,0,62,139
03/07/2007,BMI,IL,AGL,CE,Federal Contract Tower,7,26,32,0,65,0,0,19,0,19,7,26,51,0,84,32,0,32,116
03/08/2007,BMI,IL,AGL,CE,Federal Contract Tower,9,27,24,0,60,0,0,56,0,56,9,27,80,0,116,32,0,32,148
03/09/2007,BMI,IL,AGL,CE,Federal Contract Tower,6,26,20,2,54,0,0,15,0,15,6,26,35,2,69,8,0,8,77
03/10/2007,BMI,IL,AGL,CE,Federal Contract Tower,9,27,15,0,51,0,0,48,0,48,9,27,63,0,99,18,0,18,117
03/11/2007,BMI,IL,AGL,CE,Federal Contract Tower,7,23,21,0,51,0,0,31,0,31,7,23,52,0,82,26,0,26,108
03/12/2007,BMI,IL,AGL,CE,Federal Contract Tower,5,29,13,0,47,0,0,18,0,18,5,29,31,0,65,10,0,10,75
03/13/2007,BMI,IL,AGL,CE,Federal Contract Tower,7,27,33,0,67,0,0,25,0,25,7,27,58,0,92,10,10,20,112
03/14/2007,BMI,IL,AGL,CE,Federal Contract Tower,7,28,30,0,65,0,0,15,0,15,7,28,45,0,80,6,0,6,86
03/15/2007,BMI,IL,AGL,CE,Federal Contract Tower,9,27,14,0,50,0,0,27,0,27,9,27,41,0,77,58,4,62,139
03/16/2007,BMI,IL,AGL,CE,Federal Contract Tower,6,29,30,0,65,0,0,6,2,8,6,29,36,2,73,32,0,32,105
03/17/2007,BMI,IL,AGL,CE,Federal Contract Tower,9,23,10,0,42,0,0,64,0,64,9,23,74,0,106,134,0,134,240
03/18/2007,BMI,IL,AGL,CE,Federal Contract Tower,3,24,10,0,37,0,4,41,0,45,3,28,51,0,82,52,0,52,134
03/19/2007,BMI,IL,AGL,CE,Federal Contract Tower,7,27,19,0,53,0,0,10,0,10,7,27,29,0,63,4,0,4,67
03/20/2007,BMI,IL,AGL,CE,Federal Contract Tower,8,28,21,0,57,0,0,38,0,38,8,28,59,0,95,34,0,34,129
03/21/2007,BMI,IL,AGL,CE,Federal Contract Tower,8,25,14,0,47,0,0,10,0,10,8,25,24,0,57,0,0,0,57
03/22/2007,BMI,IL,AGL,CE,Federal Contract Tower,8,25,20,0,53,0,0,21,0,21,8,25,41,0,74,16,4,20,94
03/23/2007,BMI,IL,AGL,CE,Federal Contract Tower,8,26,35,0,69,0,0,1,0,1,8,26,36,0,70,0,0,0,70
03/24/2007,BMI,IL,AGL,CE,Federal Contract Tower,9,26,11,0,46,0,0,12,0,12,9,26,23,0,58,8,0,8,66
03/25/2007,BMI,IL,AGL,CE,Federal Contract Tower,7,24,13,0,44,0,0,51,0,51,7,24,64,0,95,90,0,90,185
03/26/2007,BMI,IL,AGL,CE,Federal Contract Tower,6,30,22,0,58,0,0,29,0,29,6,30,51,0,87,66,0,66,153
03/27/2007,BMI,IL,AGL,CE,Federal Contract Tower,9,27,34,0,70,0,0,19,0,19,9,27,53,0,89,24,0,24,113
03/28/2007,BMI,IL,AGL,CE,Federal Contract Tower,6,25,20,0,51,0,0,10,0,10,6,25,30,0,61,6,0,6,67
03/29/2007,BMI,IL,AGL,CE,Federal Contract Tower,9,27,38,0,74,0,0,9,0,9,9,27,47,0,83,56,0,56,139
03/30/2007,BMI,IL,AGL,CE,Federal Contract Tower,6,33,14,0,53,0,0,7,0,7,6,33,21,0,60,18,0,18,78
03/31/2007,BMI,IL,AGL,CE,Federal Contract Tower,9,19,22,0,50,0,0,10,0,10,9,19,32,0,60,30,0,30,90
04/01/2007,BMI,IL,AGL,CE,Federal Contract Tower,8,22,10,0,40,0,0,13,0,13,8,22,23,0,53,0,0,0,53
04/02/2007,BMI,IL,AGL,CE,Federal Contract Tower,6,21,15,0,42,0,0,51,0,51,6,21,66,0,93,64,0,64,157
04/03/2007,BMI,IL,AGL,CE,Federal Contract Tower,7,24,18,0,49,0,0,4,0,4,7,24,22,0,53,0,0,0,53
04/04/2007,BMI,IL,AGL,CE,Federal Contract Tower,5,23,23,0,51,0,0,11,0,11,5,23,34,0,62,10,0,10,72
04/05/2007,BMI,IL,AGL,CE,Federal Contract Tower,10,25,30,0,65,0,0,18,1,19,10,25,48,1,84,44,0,44,128
04/06/2007,BMI,IL,AGL,CE,Federal Contract Tower,6,23,19,0,48,0,0,25,0,25,6,23,44,0,73,18,0,18,91
04/07/2007,BMI,IL,AGL,CE,Federal Contract Tower,9,21,16,0,46,0,0,27,0,27,9,21,43,0,73,26,0,26,99
04/08/2007,BMI,IL,AGL,CE,Federal Contract Tower,7,26,18,0,51,0,0,23,0,23,7,26,41,0,74,4,0,4,78
04/09/2007,BMI,IL,AGL,CE,Federal Contract Tower,5,23,14,0,42,0,0,30,0,30,5,23,44,0,72,34,0,34,106
04/10/2007,BMI,IL,AGL,CE,Federal Contract Tower,9,26,29,2,66,0,0,24,2,26,9,26,53,4,92,42,0,42,134
04/11/2007,BMI,IL,AGL,CE,Federal Contract Tower,6,21,21,0,48,0,0,0,0,0,6,21,21,0,48,0,0,0,48
04/12/2007,BMI,IL,AGL,CE,Federal Contract Tower,9,25,17,0,51,0,0,5,2,7,9,25,22,2,58,0,6,6,64
04/13/2007,BMI,IL,AGL,CE,Federal Contract Tower,7,26,20,0,53,0,0,46,0,46,7,26,66,0,99,64,0,64,163
04/14/2007,BMI,IL,AGL,CE,Federal Contract Tower,9,21,10,0,40,0,0,8,0,8,9,21,18,0,48,0,0,0,48
04/15/2007,BMI,IL,AGL,CE,Federal Contract Tower,6,26,23,0,55,0,0,38,0,38,6,26,61,0,93,14,0,14,107
04/16/2007,BMI,IL,AGL,CE,Federal Contract Tower,6,29,17,0,52,0,0,52,0,52,6,29,69,0,104,86,8,94,198
04/17/2007,BMI,IL,AGL,CE,Federal Contract Tower,8,23,28,0,59,0,0,28,0,28,8,23,56,0,87,48,0,48,135
04/18/2007,BMI,IL,AGL,CE,Federal Contract Tower,6,24,26,0,56,0,0,27,0,27,6,24,53,0,83,44,0,44,127
04/19/2007,BMI,IL,AGL,CE,Federal Contract Tower,9,28,32,0,69,0,0,25,0,25,9,28,57,0,94,4,0,4,98
04/20/2007,BMI,IL,AGL,CE,Federal Contract Tower,6,29,21,0,56,0,0,44,0,44,6,29,65,0,100,34,0,34,134
04/21/2007,BMI,IL,AGL,CE,Federal Contract Tower,8,23,19,0,50,0,0,54,0,54,8,23,73,0,104,36,0,36,140
04/22/2007,BMI,IL,AGL,CE,Federal Contract Tower,8,28,8,0,44,0,0,21,0,21,8,28,29,0,65,18,0,18,83
04/23/2007,BMI,IL,AGL,CE,Federal Contract Tower,8,30,21,0,59,0,0,7,0,7,8,30,28,0,66,0,0,0,66
04/24/2007,BMI,IL,AGL,CE,Federal Contract Tower,8,29,29,0,66,0,0,22,0,22,8,29,51,0,88,48,0,48,136
04/25/2007,BMI,IL,AGL,CE,Federal Contract Tower,7,19,25,0,51,0,0,0,0,0,7,19,25,0,51,0,0,0,51
04/26/2007,BMI,IL,AGL,CE,Federal Contract Tower,8,24,28,0,60,0,0,2,0,2,8,24,30,0,62,12,0,12,74
04/27/2007,BMI,IL,AGL,CE,Federal Contract Tower,7,29,25,0,61,0,0,26,0,26,7,29,51,0,87,44,0,44,131
04/28/2007,BMI,IL,AGL,CE,Federal Contract Tower,8,22,10,0,40,0,0,50,0,50,8,22,60,0,90,42,0,42,132
04/29/2007,BMI,IL,AGL,CE,Federal Contract Tower,7,27,20,0,54,0,0,42,0,42,7,27,62,0,96,56,0,56,152
04/30/2007,BMI,IL,AGL,CE,Federal Contract Tower,5,27,12,0,44,0,0,42,0,42,5,27,54,0,86,44,0,44,130
05/01/2007,BMI,IL,AGL,CE,Federal Contract Tower,11,26,23,0,60,0,0,13,0,13,11,26,36,0,73,26,0,26,99
05/02/2007,BMI,IL,AGL,CE,Federal Contract Tower,6,28,17,0,51,0,0,10,0,10,6,28,27,0,61,18,0,18,79
05/03/2007,BMI,IL,AGL,CE,Federal Contract Tower,9,28,28,0,65,0,0,18,0,18,9,28,46,0,83,30,0,30,113
05/04/2007,BMI,IL,AGL,CE,Federal Contract Tower,6,32,20,0,58,0,0,4,0,4,6,32,24,0,62,0,0,0,62
05/05/2007,BMI,IL,AGL,CE,Federal Contract Tower,9,19,26,0,54,0,0,9,0,9,9,19,35,0,63,2,0,2,65
05/06/2007,BMI,IL,AGL,CE,Federal Contract Tower,6,25,9,0,40,0,0,22,0,22,6,25,31,0,62,46,0,46,108
05/07/2007,BMI,IL,AGL,CE,Federal Contract Tower,5,29,12,0,46,0,0,31,0,31,5,29,43,0,77,22,0,22,99
05/08/2007,BMI,IL,AGL,CE,Federal Contract Tower,8,31,26,0,65,0,0,34,2,36,8,31,60,2,101,60,4,64,165
05/09/2007,BMI,IL,AGL,CE,Federal Contract Tower,6,26,15,0,47,0,0,32,0,32,6,26,47,0,79,0,2,2,81
05/10/2007,BMI,IL,AGL,CE,Federal Contract Tower,8,32,21,0,61,0,0,35,0,35,8,32,56,0,96,52,0,52,148
05/11/2007,BMI,IL,AGL,CE,Federal Contract Tower,7,28,17,0,52,0,0,45,0,45,7,28,62,0,97,60,0,60,157
05/12/2007,BMI,IL,AGL,CE,Federal Contract Tower,7,20,12,0,39,0,0,60,0,60,7,20,72,0,99,50,0,50,149
05/13/2007,BMI,IL,AGL,CE,Federal Contract Tower,5,29,13,0,47,0,0,18,0,18,5,29,31,0,65,10,0,10,75
05/14/2007,BMI,IL,AGL,CE,Federal Contract Tower,4,28,16,0,48,0,0,20,0,20,4,28,36,0,68,42,0,42,110
05/15/2007,BMI,IL,AGL,CE,Federal Contract Tower,8,23,16,0,47,0,0,8,0,8,8,23,24,0,55,32,0,32,87
05/16/2007,BMI,IL,AGL,CE,Federal Contract Tower,7,28,36,0,71,0,0,21,0,21,7,28,57,0,92,26,0,26,118
05/17/2007,BMI,IL,AGL,CE,Federal Contract Tower,8,30,34,0,72,0,0,34,0,34,8,30,68,0,106,68,0,68,174
05/18/2007,BMI,IL,AGL,CE,Federal Contract Tower,7,30,19,0,56,0,0,68,0,68,7,30,87,0,124,50,0,50,174
05/19/2007,BMI,IL,AGL,CE,Federal Contract Tower,9,18,15,0,42,0,0,33,0,33,9,18,48,0,75,28,0,28,103
05/20/2007,BMI,IL,AGL,CE,Federal Contract Tower,9,24,13,0,46,0,0,28,0,28,9,24,41,0,74,26,0,26,100
05/21/2007,BMI,IL,AGL,CE,Federal Contract Tower,6,30,18,0,54,0,0,31,0,31,6,30,49,0,85,28,0,28,113
05/22/2007,BMI,IL,AGL,CE,Federal Contract Tower,7,27,16,0,50,0,0,28,0,28,7,27,44,0,78,4,4,8,86
05/23/2007,BMI,IL,AGL,CE,Federal Contract Tower,6,27,26,0,59,0,0,15,2,17,6,27,41,2,76,16,0,16,92
05/24/2007,BMI,IL,AGL,CE,Federal Contract Tower,9,21,26,0,56,0,0,1,2,3,9,21,27,2,59,0,0,0,59
05/25/2007,BMI,IL,AGL,CE,Federal Contract Tower,6,30,21,0,57,0,0,3,0,3,6,30,24,0,60,0,0,0,60
05/26/2007,BMI,IL,AGL,CE,Federal Contract Tower,9,18,11,0,38,0,0,11,0,11,9,18,22,0,49,42,0,42,91
05/27/2007,BMI,IL,AGL,CE,Federal Contract Tower,11,20,10,0,41,0,0,15,0,15,11,20,25,0,56,6,0,6,62
05/28/2007,BMI,IL,AGL,CE,Federal Contract Tower,4,23,6,0,33,0,0,27,0,27,4,23,33,0,60,20,0,20,80
05/29/2007,BMI,IL,AGL,CE,Federal Contract Tower,8,27,17,0,52,0,0,31,0,31,8,27,48,0,83,64,0,64,147
05/30/2007,BMI,IL,AGL,CE,Federal Contract Tower,9,27,31,0,67,0,0,22,2,24,9,27,53,2,91,6,0,6,97
05/31/2007,BMI,IL,AGL,CE,Federal Contract Tower,8,25,18,0,51,0,0,7,0,7,8,25,25,0,58,0,0,0,58
06/01/2007,BMI,IL,AGL,CE,Federal Contract Tower,7,27,20,0,54,0,0,21,2,23,7,27,41,2,77,58,0,58,135
06/02/2007,BMI,IL,AGL,CE,Federal Contract Tower,8,19,12,1,40,0,0,23,1,24,8,19,35,2,64,16,0,16,80
06/03/2007,BMI,IL,AGL,CE,Federal Contract Tower,7,24,9,0,40,0,0,31,0,31,7,24,40,0,71,30,4,34,105
06/04/2007,BMI,IL,AGL,CE,Federal Contract Tower,5,21,28,0,54,0,0,10,0,10,5,21,38,0,64,26,0,26,90
06/05/2007,BMI,IL,AGL,CE,Federal Contract Tower,8,26,19,0,53,0,0,24,0,24,8,26,43,0,77,78,0,78,155
06/06/2007,BMI,IL,AGL,CE,Federal Contract Tower,9,26,22,0,57,0,0,28,0,28,9,26,50,0,85,34,0,34,119
06/07/2007,BMI,IL,AGL,CE,Federal Contract Tower,9,21,21,0,51,0,0,14,2,16,9,21,35,2,67,0,0,0,67
06/08/2007,BMI,IL,AGL,CE,Federal Contract Tower,5,26,19,0,50,0,0,43,0,43,5,26,62,0,93,36,0,36,129
06/09/2007,BMI,IL,AGL,CE,Federal Contract Tower,8,18,15,0,41,0,0,64,0,64,8,18,79,0,105,58,0,58,163
06/10/2007,BMI,IL,AGL,CE,Federal Contract Tower,5,27,15,0,47,0,0,39,0,39,5,27,54,0,86,94,0,94,180
06/11/2007,BMI,IL,AGL,CE,Federal Contract Tower,5,26,19,0,50,0,0,28,0,28,5,26,47,0,78,30,0,30,108
06/12/2007,BMI,IL,AGL,CE,Federal Contract Tower,8,33,34,2,77,0,0,37,0,37,8,33,71,2,114,22,0,22,136
06/13/2007,BMI,IL,AGL,CE,Federal Contract Tower,6,30,37,0,73,0,0,33,2,35,6,30,70,2,108,24,0,24,132
06/14/2007,BMI,IL,AGL,CE,Federal Contract Tower,6,29,27,0,62,0,0,41,2,43,6,29,68,2,105,60,0,60,165
06/15/2007,BMI,IL,AGL,CE,Federal Contract Tower,6,30,26,0,62,0,0,62,0,62,6,30,88,0,124,48,0,48,172
06/16/2007,BMI,IL,AGL,CE,Federal Contract Tower,8,19,13,0,40,0,0,85,0,85,8,19,98,0,125,42,0,42,167
06/17/2007,BMI,IL,AGL,CE,Federal Contract Tower,7,28,16,0,51,0,0,36,0,36,7,28,52,0,87,14,0,14,101
06/18/2007,BMI,IL,AGL,CE,Federal Contract Tower,5,26,19,0,50,0,0,16,0,16,5,26,35,0,66,0,0,0,66
06/19/2007,BMI,IL,AGL,CE,Federal Contract Tower,8,26,22,0,56,0,0,33,0,33,8,26,55,0,89,46,10,56,145
06/20/2007,BMI,IL,AGL,CE,Federal Contract Tower,7,25,23,0,55,0,0,40,0,40,7,25,63,0,95,26,0,26,121
06/21/2007,BMI,IL,AGL,CE,Federal Contract Tower,8,31,25,2,66,0,0,33,0,33,8,31,58,2,99,32,2,34,133
06/22/2007,BMI,IL,AGL,CE,Federal Contract Tower,6,29,27,0,62,0,0,5,0,5,6,29,32,0,67,16,0,16,83
06/23/2007,BMI,IL,AGL,CE,Federal Contract Tower,7,19,10,0,36,0,0,0,0,0,7,19,10,0,36,0,0,0,36
06/24/2007,BMI,IL,AGL,CE,Federal Contract Tower,7,28,19,0,54,0,0,10,0,10,7,28,29,0,64,14,0,14,78
06/25/2007,BMI,IL,AGL,CE,Federal Contract Tower,5,26,30,0,61,0,0,25,0,25,5,26,55,0,86,20,0,20,106
06/26/2007,BMI,IL,AGL,CE,Federal Contract Tower,10,28,23,0,61,0,0,19,0,19,10,28,42,0,80,6,0,6,86
06/27/2007,BMI,IL,AGL,CE,Federal Contract Tower,6,24,12,0,42,0,0,16,0,16,6,24,28,0,58,32,0,32,90
06/28/2007,BMI,IL,AGL,CE,Federal Contract Tower,8,31,20,0,59,0,0,7,0,7,8,31,27,0,66,8,0,8,74
06/29/2007,BMI,IL,AGL,CE,Federal Contract Tower,5,26,18,0,49,0,0,76,0,76,5,26,94,0,125,56,0,56,181
06/30/2007,BMI,IL,AGL,CE,Federal Contract Tower,8,23,14,0,45,0,0,46,0,46,8,23,60,0,91,12,0,12,103
07/01/2007,BMI,IL,AGL,CE,Federal Contract Tower,6,31,6,0,43,0,0,35,0,35,6,31,41,0,78,30,0,30,108
07/02/2007,BMI,IL,AGL,CE,Federal Contract Tower,4,22,11,0,37,0,0,48,0,48,4,22,59,0,85,68,0,68,153
07/03/2007,BMI,IL,AGL,CE,Federal Contract Tower,9,25,13,0,47,0,0,26,0,26,9,25,39,0,73,14,0,14,87
07/04/2007,BMI,IL,AGL,CE,Federal Contract Tower,5,24,9,0,38,0,0,17,0,17,5,24,26,0,55,0,0,0,55
07/05/2007,BMI,IL,AGL,CE,Federal Contract Tower,8,25,14,0,47,0,0,28,2,30,8,25,42,2,77,22,0,22,99
07/06/2007,BMI,IL,AGL,CE,Federal Contract Tower,7,25,13,0,45,0,0,37,0,37,7,25,50,0,82,32,0,32,114
07/07/2007,BMI,IL,AGL,CE,Federal Contract Tower,8,20,12,0,40,0,0,38,0,38,8,20,50,0,78,46,0,46,124
07/08/2007,BMI,IL,AGL,CE,Federal Contract Tower,6,26,14,0,46,0,0,27,0,27,6,26,41,0,73,6,0,6,79
07/09/2007,BMI,IL,AGL,CE,Federal Contract Tower,5,24,22,0,51,0,0,22,0,22,5,24,44,0,73,24,0,24,97
07/10/2007,BMI,IL,AGL,CE,Federal Contract Tower,8,31,18,0,57,0,0,12,0,12,8,31,30,0,69,20,0,20,89
07/11/2007,BMI,IL,AGL,CE,Federal Contract Tower,7,27,20,0,54,0,0,26,0,26,7,27,46,0,80,46,4,50,130
07/12/2007,BMI,IL,AGL,CE,Federal Contract Tower,9,28,24,0,61,0,0,33,0,33,9,28,57,0,94,38,0,38,132
07/13/2007,BMI,IL,AGL,CE,Federal Contract Tower,6,25,16,0,47,0,0,38,0,38,6,25,54,0,85,62,0,62,147
07/14/2007,BMI,IL,AGL,CE,Federal Contract Tower,8,23,7,0,38,0,0,36,0,36,8,23,43,0,74,50,0,50,124
07/15/2007,BMI,IL,AGL,CE,Federal Contract Tower,6,23,16,0,45,0,0,37,0,37,6,23,53,0,82,12,0,12,94
07/16/2007,BMI,IL,AGL,CE,Federal Contract Tower,5,27,26,0,58,0,0,34,0,34,5,27,60,0,92,42,0,42,134
07/17/2007,BMI,IL,AGL,CE,Federal Contract Tower,8,23,19,0,50,0,0,18,0,18,8,23,37,0,68,40,0,40,108
07/18/2007,BMI,IL,AGL,CE,Federal Contract Tower,6,27,18,3,54,0,0,24,2,26,6,27,42,5,80,46,16,62,142
07/19/2007,BMI,IL,AGL,CE,Federal Contract Tower,9,24,24,0,57,0,0,8,0,8,9,24,32,0,65,44,0,44,109
07/20/2007,BMI,IL,AGL,CE,Federal Contract Tower,6,24,35,1,66,0,0,51,1,52,6,24,86,2,118,30,0,30,148
07/21/2007,BMI,IL,AGL,CE,Federal Contract Tower,9,19,16,0,44,0,0,60,0,60,9,19,76,0,104,16,0,16,120
07/22/2007,BMI,IL,AGL,CE,Federal Contract Tower,6,26,11,0,43,0,0,56,0,56,6,26,67,0,99,16,0,16,115
07/23/2007,BMI,IL,AGL,CE,Federal Contract Tower,6,26,17,2,51,0,0,34,4,38,6,26,51,6,89,86,6,92,181
07/24/2007,BMI,IL,AGL,CE,Federal Contract Tower,10,28,30,0,68,0,0,39,4,43,10,28,69,4,111,84,0,84,195
07/25/2007,BMI,IL,AGL,CE,Federal Contract Tower,5,33,27,0,65,0,0,29,2,31,5,33,56,2,96,60,0,60,156
07/26/2007,BMI,IL,AGL,CE,Federal Contract Tower,9,29,34,0,72,0,0,41,0,41,9,29,75,0,113,34,0,34,147
07/27/2007,BMI,IL,AGL,CE,Federal Contract Tower,5,27,31,0,63,0,0,8,0,8,5,27,39,0,71,6,0,6,77
07/28/2007,BMI,IL,AGL,CE,Federal Contract Tower,7,19,22,0,48,0,0,25,0,25,7,19,47,0,73,22,0,22,95
07/29/2007,BMI,IL,AGL,CE,Federal Contract Tower,6,26,13,0,45,0,0,55,0,55,6,26,68,0,100,20,0,20,120
07/30/2007,BMI,IL,AGL,CE,Federal Contract Tower,4,26,19,0,49,0,0,49,0,49,4,26,68,0,98,80,0,80,178
07/31/2007,BMI,IL,AGL,CE,Federal Contract Tower,8,26,24,0,58,0,0,36,0,36,8,26,60,0,94,68,0,68,162
08/01/2007,BMI,IL,AGL,CE,Federal Contract Tower,6,31,23,0,60,0,0,36,0,36,6,31,59,0,96,46,0,46,142
08/02/2007,BMI,IL,AGL,CE,Federal Contract Tower,8,29,28,0,65,0,0,33,0,33,8,29,61,0,98,38,0,38,136
08/03/2007,BMI,IL,AGL,CE,Federal Contract Tower,5,27,21,0,53,0,0,17,0,17,5,27,38,0,70,6,0,6,76
08/04/2007,BMI,IL,AGL,CE,Federal Contract Tower,7,18,11,0,36,0,0,22,0,22,7,18,33,0,58,82,0,82,140
08/05/2007,BMI,IL,AGL,CE,Federal Contract Tower,8,33,17,0,58,0,0,16,0,16,8,33,33,0,74,22,0,22,96
08/06/2007,BMI,IL,AGL,CE,Federal Contract Tower,5,25,11,0,41,0,0,24,0,24,5,25,35,0,65,92,0,92,157
08/07/2007,BMI,IL,AGL,CE,Federal Contract Tower,7,29,26,0,62,0,0,25,0,25,7,29,51,0,87,16,0,16,103
08/08/2007,BMI,IL,AGL,CE,Federal Contract Tower,4,26,24,0,54,0,0,29,0,29,4,26,53,0,83,62,0,62,145
08/09/2007,BMI,IL,AGL,CE,Federal Contract Tower,6,16,35,0,57,2,10,8,0,20,8,26,43,0,77,36,0,36,113
08/10/2007,BMI,IL,AGL,CE,Federal Contract Tower,6,31,36,0,73,0,0,45,0,45,6,31,81,0,118,80,0,80,198
08/11/2007,BMI,IL,AGL,CE,Federal Contract Tower,8,18,9,0,35,0,0,87,0,87,8,18,96,0,122,74,0,74,196
08/12/2007,BMI,IL,AGL,CE,Federal Contract Tower,7,26,15,0,48,0,0,37,0,37,7,26,52,0,85,28,0,28,113
08/13/2007,BMI,IL,AGL,CE,Federal Contract Tower,4,28,19,0,51,0,0,16,0,16,4,28,35,0,67,48,0,48,115
08/14/2007,BMI,IL,AGL,CE,Federal Contract Tower,8,34,24,0,66,0,0,25,2,27,8,34,49,2,93,26,2,28,121
08/15/2007,BMI,IL,AGL,CE,Federal Contract Tower,7,30,26,0,63,0,0,35,0,35,7,30,61,0,98,8,0,8,106
08/16/2007,BMI,IL,AGL,CE,Federal Contract Tower,8,34,29,0,71,0,0,8,0,8,8,34,37,0,79,6,0,6,85
08/17/2007,BMI,IL,AGL,CE,Federal Contract Tower,8,32,21,0,61,0,0,35,0,35,8,32,56,0,96,78,8,86,182
08/18/2007,BMI,IL,AGL,CE,Federal Contract Tower,9,18,9,0,36,0,0,13,0,13,9,18,22,0,49,22,0,22,71
08/19/2007,BMI,IL,AGL,CE,Federal Contract Tower,10,18,8,0,36,0,0,18,0,18,10,18,26,0,54,26,0,26,80
08/20/2007,BMI,IL,AGL,CE,Federal Contract Tower,6,25,18,0,49,0,0,3,0,3,6,25,21,0,52,18,0,18,70
08/21/2007,BMI,IL,AGL,CE,Federal Contract Tower,8,26,42,0,76,0,0,9,0,9,8,26,51,0,85,20,0,20,105
08/22/2007,BMI,IL,AGL,CE,Federal Contract Tower,7,32,25,0,64,0,0,28,0,28,7,32,53,0,92,58,0,58,150
08/23/2007,BMI,IL,AGL,CE,Federal Contract Tower,5,24,28,0,57,0,0,25,0,25,5,24,53,0,82,10,0,10,92
08/24/2007,BMI,IL,AGL,CE,Federal Contract Tower,7,21,22,0,50,0,0,11,0,11,7,21,33,0,61,0,0,0,61
08/25/2007,BMI,IL,AGL,CE,Federal Contract Tower,8,18,10,0,36,0,0,12,0,12,8,18,22,0,48,2,0,2,50
08/26/2007,BMI,IL,AGL,CE,Federal Contract Tower,9,25,7,0,41,0,0,72,0,72,9,25,79,0,113,24,0,24,137
08/27/2007,BMI,IL,AGL,CE,Federal Contract Tower,6,31,28,0,65,0,0,26,0,26,6,31,54,0,91,8,0,8,99
08/28/2007,BMI,IL,AGL,CE,Federal Contract Tower,8,29,34,0,71,0,0,37,0,37,8,29,71,0,108,24,0,24,132
08/29/2007,BMI,IL,AGL,CE,Federal Contract Tower,7,31,19,2,59,0,0,13,0,13,7,31,32,2,72,32,0,32,104
08/30/2007,BMI,IL,AGL,CE,Federal Contract Tower,9,28,29,0,66,0,0,31,5,36,9,28,60,5,102,52,0,52,154
08/31/2007,BMI,IL,AGL,CE,Federal Contract Tower,8,29,24,0,61,0,0,47,0,47,8,29,71,0,108,22,0,22,130
09/01/2007,BMI,IL,AGL,CE,Federal Contract Tower,8,19,6,0,33,0,0,105,0,105,8,19,111,0,138,66,0,66,204
09/02/2007,BMI,IL,AGL,CE,Federal Contract Tower,8,17,10,0,35,0,0,38,0,38,8,17,48,0,73,16,0,16,89
09/03/2007,BMI,IL,AGL,CE,Federal Contract Tower,6,20,13,0,39,0,0,37,0,37,6,20,50,0,76,38,0,38,114
09/04/2007,BMI,IL,AGL,CE,Federal Contract Tower,7,26,16,0,49,0,0,29,0,29,7,26,45,0,78,24,6,30,108
09/05/2007,BMI,IL,AGL,CE,Federal Contract Tower,10,30,17,0,57,0,0,27,0,27,10,30,44,0,84,38,0,38,122
09/06/2007,BMI,IL,AGL,CE,Federal Contract Tower,9,28,22,0,59,0,0,3,0,3,9,28,25,0,62,0,0,0,62
09/07/2007,BMI,IL,AGL,CE,Federal Contract Tower,8,29,23,0,60,0,0,14,0,14,8,29,37,0,74,16,0,16,90
09/08/2007,BMI,IL,AGL,CE,Federal Contract Tower,9,23,14,0,46,0,0,37,0,37,9,23,51,0,83,58,0,58,141
09/09/2007,BMI,IL,AGL,CE,Federal Contract Tower,9,28,11,0,48,0,0,35,0,35,9,28,46,0,83,24,10,34,117
09/10/2007,BMI,IL,AGL,CE,Federal Contract Tower,7,26,33,0,66,0,0,20,0,20,7,26,53,0,86,4,0,4,90
09/11/2007,BMI,IL,AGL,CE,Federal Contract Tower,10,32,27,0,69,0,0,21,0,21,10,32,48,0,90,14,0,14,104
09/12/2007,BMI,IL,AGL,CE,Federal Contract Tower,8,30,18,0,56,0,0,21,0,21,8,30,39,0,77,38,0,38,115
09/13/2007,BMI,IL,AGL,CE,Federal Contract Tower,6,31,26,0,63,0,0,41,0,41,6,31,67,0,104,48,8,56,160
09/14/2007,BMI,IL,AGL,CE,Federal Contract Tower,7,26,19,0,52,0,0,30,0,30,7,26,49,0,82,36,0,36,118
09/15/2007,BMI,IL,AGL,CE,Federal Contract Tower,10,20,11,0,41,0,0,46,0,46,10,20,57,0,87,18,0,18,105
09/16/2007,BMI,IL,AGL,CE,Federal Contract Tower,9,25,10,0,44,0,0,34,0,34,9,25,44,0,78,48,0,48,126
09/17/2007,BMI,IL,AGL,CE,Federal Contract Tower,7,31,22,0,60,0,0,20,0,20,7,31,42,0,80,4,0,4,84
09/18/2007,BMI,IL,AGL,CE,Federal Contract Tower,10,28,31,4,73,0,0,24,0,24,10,28,55,4,97,112,0,112,209
09/19/2007,BMI,IL,AGL,CE,Federal Contract Tower,8,30,32,0,70,0,0,24,0,24,8,30,56,0,94,22,0,22,116
09/20/2007,BMI,IL,AGL,CE,Federal Contract Tower,9,29,28,0,66,0,0,32,3,35,9,29,60,3,101,14,0,14,115
09/21/2007,BMI,IL,AGL,CE,Federal Contract Tower,6,28,24,0,58,0,0,21,0,21,6,28,45,0,79,4,0,4,83
09/22/2007,BMI,IL,AGL,CE,Federal Contract Tower,9,20,16,0,45,0,0,182,0,182,9,20,198,0,227,10,0,10,237
09/23/2007,BMI,IL,AGL,CE,Federal Contract Tower,9,28,19,0,56,0,0,34,0,34,9,28,53,0,90,24,0,24,114
09/24/2007,BMI,IL,AGL,CE,Federal Contract Tower,7,34,19,0,60,0,0,21,0,21,7,34,40,0,81,34,0,34,115
09/25/2007,BMI,IL,AGL,CE,Federal Contract Tower,9,24,29,0,62,0,0,14,0,14,9,24,43,0,76,10,0,10,86
09/26/2007,BMI,IL,AGL,CE,Federal Contract Tower,8,32,15,0,55,0,0,29,0,29,8,32,44,0,84,24,2,26,110
09/27/2007,BMI,IL,AGL,CE,Federal Contract Tower,9,27,29,0,65,0,2,41,0,43,9,29,70,0,108,6,0,6,114
09/28/2007,BMI,IL,AGL,CE,Federal Contract Tower,8,32,17,0,57,0,0,35,0,35,8,32,52,0,92,26,0,26,118
09/29/2007,BMI,IL,AGL,CE,Federal Contract Tower,10,20,24,0,54,0,0,42,0,42,10,20,66,0,96,26,0,26,122
09/30/2007,BMI,IL,AGL,CE,Federal Contract Tower,8,28,10,0,46,0,0,28,0,28,8,28,38,0,74,46,0,46,120
10/01/2007,BMI,IL,AGL,CE,Federal Contract Tower,6,31,23,0,60,0,0,15,0,15,6,31,38,0,75,36,0,36,111
10/02/2007,BMI,IL,AGL,CE,Federal Contract Tower,9,24,22,2,57,0,3,18,0,21,9,27,40,2,78,16,0,16,94
10/03/2007,BMI,IL,AGL,CE,Federal Contract Tower,7,29,20,0,56,0,0,38,0,38,7,29,58,0,94,42,0,42,136
10/04/2007,BMI,IL,AGL,CE,Federal Contract Tower,7,30,41,0,78,0,0,45,0,45,7,30,86,0,123,10,0,10,133
10/05/2007,BMI,IL,AGL,CE,Federal Contract Tower,7,29,20,0,56,0,0,35,0,35,7,29,55,0,91,8,0,8,99
10/06/2007,BMI,IL,AGL,CE,Federal Contract Tower,9,20,19,0,48,0,0,57,0,57,9,20,76,0,105,16,0,16,121
10/07/2007,BMI,IL,AGL,CE,Federal Contract Tower,12,28,23,0,63,0,0,45,0,45,12,28,68,0,108,44,0,44,152
10/08/2007,BMI,IL,AGL,CE,Federal Contract Tower,7,28,19,0,54,0,0,19,0,19,7,28,38,0,73,6,0,6,79
10/09/2007,BMI,IL,AGL,CE,Federal Contract Tower,9,28,23,0,60,0,0,14,2,16,9,28,37,2,76,16,0,16,92
10/10/2007,BMI,IL,AGL,CE,Federal Contract Tower,7,29,27,0,63,0,0,10,0,10,7,29,37,0,73,8,0,8,81
10/11/2007,BMI,IL,AGL,CE,Federal Contract Tower,9,29,38,0,76,0,0,16,0,16,9,29,54,0,92,10,0,10,102
10/12/2007,BMI,IL,AGL,CE,Federal Contract Tower,7,33,29,0,69,0,0,34,0,34,7,33,63,0,103,26,0,26,129
10/13/2007,BMI,IL,AGL,CE,Federal Contract Tower,9,20,14,0,43,0,0,40,0,40,9,20,54,0,83,30,0,30,113
10/14/2007,BMI,IL,AGL,CE,Federal Contract Tower,9,27,8,0,44,0,0,42,0,42,9,27,50,0,86,32,8,40,126
10/15/2007,BMI,IL,AGL,CE,Federal Contract Tower,9,28,19,0,56,0,0,22,0,22,9,28,41,0,78,20,0,20,98
10/16/2007,BMI,IL,AGL,CE,Federal Contract Tower,10,26,30,0,66,0,0,4,1,5,10,26,34,1,71,2,0,2,73
10/17/2007,BMI,IL,AGL,CE,Federal Contract Tower,8,33,22,0,63,0,0,3,0,3,8,33,25,0,66,6,0,6,72
10/18/2007,BMI,IL,AGL,CE,Federal Contract Tower,8,27,19,2,56,0,0,6,0,6,8,27,25,2,62,4,6,10,72
10/19/2007,BMI,IL,AGL,CE,Federal Contract Tower,9,30,30,0,69,0,0,10,0,10,9,30,40,0,79,4,0,4,83
10/20/2007,BMI,IL,AGL,CE,Federal Contract Tower,10,19,24,0,53,0,0,51,0,51,10,19,75,0,104,40,0,40,144
10/21/2007,BMI,IL,AGL,CE,Federal Contract Tower,8,28,13,0,49,0,0,11,0,11,8,28,24,0,60,0,0,0,60
10/22/2007,BMI,IL,AGL,CE,Federal Contract Tower,6,27,26,1,60,0,0,5,0,5,6,27,31,1,65,2,0,2,67
10/23/2007,BMI,IL,AGL,CE,Federal Contract Tower,9,30,28,3,70,0,0,30,9,39,9,30,58,12,109,76,0,76,185
10/24/2007,BMI,IL,AGL,CE,Federal Contract Tower,9,26,31,0,66,0,0,27,0,27,9,26,58,0,93,28,0,28,121
10/25/2007,BMI,IL,AGL,CE,Federal Contract Tower,9,30,31,0,70,0,0,23,0,23,9,30,54,0,93,14,0,14,107
10/26/2007,BMI,IL,AGL,CE,Federal Contract Tower,8,28,31,0,67,0,0,0,0,0,8,28,31,0,67,0,0,0,67
10/27/2007,BMI,IL,AGL,CE,Federal Contract Tower,10,20,12,0,42,0,0,18,0,18,10,20,30,0,60,4,0,4,64
10/28/2007,BMI,IL,AGL,CE,Federal Contract Tower,10,28,24,0,62,0,0,56,0,56,10,28,80,0,118,58,0,58,176
10/29/2007,BMI,IL,AGL,CE,Federal Contract Tower,8,27,29,0,64,0,0,36,0,36,8,27,65,0,100,60,0,60,160
10/30/2007,BMI,IL,AGL,CE,Federal Contract Tower,11,31,27,0,69,0,0,28,0,28,11,31,55,0,97,22,0,22,119
10/31/2007,BMI,IL,AGL,CE,Federal Contract Tower,9,27,28,0,64,0,0,13,0,13,9,27,41,0,77,4,0,4,81
11/01/2007,BMI,IL,AGL,CE,Federal Contract Tower,8,28,18,0,54,0,0,50,0,50,8,28,68,0,104,56,0,56,160
11/02/2007,BMI,IL,AGL,CE,Federal Contract Tower,6,29,23,4,62,4,2,22,2,30,10,31,45,6,92,20,16,36,128
11/03/2007,BMI,IL,AGL,CE,Federal Contract Tower,10,22,14,0,46,0,0,49,0,49,10,22,63,0,95,48,0,48,143
11/04/2007,BMI,IL,AGL,CE,Federal Contract Tower,10,26,7,0,43,0,0,45,2,47,10,26,52,2,90,12,0,12,102
11/05/2007,BMI,IL,AGL,CE,Federal Contract Tower,7,24,28,0,59,0,0,8,0,8,7,24,36,0,67,0,0,0,67
11/06/2007,BMI,IL,AGL,CE,Federal Contract Tower,7,28,21,0,56,1,0,5,0,6,8,28,26,0,62,0,0,0,62
11/07/2007,BMI,IL,AGL,CE,Federal Contract Tower,8,32,15,0,55,0,0,19,0,19,8,32,34,0,74,18,0,18,92
11/08/2007,BMI,IL,AGL,CE,Federal Contract Tower,8,32,24,0,64,0,0,38,2,40,8,32,62,2,104,76,0,76,180
11/09/2007,BMI,IL,AGL,CE,Federal Contract Tower,7,27,25,0,59,0,0,39,3,42,7,27,64,3,101,2,0,2,103
11/10/2007,BMI,IL,AGL,CE,Federal Contract Tower,9,22,26,0,57,0,0,49,0,49,9,22,75,0,106,38,0,38,144
11/11/2007,BMI,IL,AGL,CE,Federal Contract Tower,10,26,15,0,51,0,0,16,0,16,10,26,31,0,67,14,0,14,81
11/12/2007,BMI,IL,AGL,CE,Federal Contract Tower,8,28,16,0,52,0,0,5,0,5,8,28,21,0,57,14,0,14,71
11/13/2007,BMI,IL,AGL,CE,Federal Contract Tower,7,22,18,0,47,5,0,20,0,25,12,22,38,0,72,8,0,8,80
11/14/2007,BMI,IL,AGL,CE,Federal Contract Tower,7,29,30,0,66,0,0,25,0,25,7,29,55,0,91,28,0,28,119
11/15/2007,BMI,IL,AGL,CE,Federal Contract Tower,8,28,22,0,58,0,0,25,0,25,8,28,47,0,83,0,0,0,83
11/16/2007,BMI,IL,AGL,CE,Federal Contract Tower,7,28,15,0,50,0,0,20,0,20,7,28,35,0,70,12,0,12,82
11/17/2007,BMI,IL,AGL,CE,Federal Contract Tower,9,21,14,0,44,0,0,71,0,71,9,21,85,0,115,46,0,46,161
11/18/2007,BMI,IL,AGL,CE,Federal Contract Tower,10,28,6,0,44,0,0,10,0,10,10,28,16,0,54,18,0,18,72
11/19/2007,BMI,IL,AGL,CE,Federal Contract Tower,6,26,32,0,64,0,0,14,0,14,6,26,46,0,78,8,0,8,86
11/20/2007,BMI,IL,AGL,CE,Federal Contract Tower,9,30,36,0,75,1,2,21,0,24,10,32,57,0,99,26,0,26,125
11/21/2007,BMI,IL,AGL,CE,Federal Contract Tower,8,28,12,0,48,0,0,0,0,0,8,28,12,0,48,0,0,0,48
11/22/2007,BMI,IL,AGL,CE,Federal Contract Tower,4,16,3,0,23,0,0,11,0,11,4,16,14,0,34,0,0,0,34
11/23/2007,BMI,IL,AGL,CE,Federal Contract Tower,8,20,12,0,40,0,0,24,0,24,8,20,36,0,64,12,0,12,76
11/24/2007,BMI,IL,AGL,CE,Federal Contract Tower,9,25,8,0,42,0,0,35,0,35,9,25,43,0,77,38,0,38,115
11/25/2007,BMI,IL,AGL,CE,Federal Contract Tower,8,24,7,0,39,0,0,8,0,8,8,24,15,0,47,8,0,8,55
11/26/2007,BMI,IL,AGL,CE,Federal Contract Tower,5,27,27,0,59,0,0,1,0,1,5,27,28,0,60,0,0,0,60
11/27/2007,BMI,IL,AGL,CE,Federal Contract Tower,12,27,24,0,63,0,1,28,0,29,12,28,52,0,92,6,2,8,100
11/28/2007,BMI,IL,AGL,CE,Federal Contract Tower,8,35,27,0,70,0,0,15,0,15,8,35,42,0,85,6,0,6,91
11/29/2007,BMI,IL,AGL,CE,Federal Contract Tower,9,32,22,0,63,0,0,24,0,24,9,32,46,0,87,10,0,10,97
11/30/2007,BMI,IL,AGL,CE,Federal Contract Tower,8,30,28,0,66,0,0,21,0,21,8,30,49,0,87,0,0,0,87
12/01/2007,BMI,IL,AGL,CE,Federal Contract Tower,2,5,1,0,8,0,0,4,0,4,2,5,5,0,12,0,0,0,12
12/02/2007,BMI,IL,AGL,CE,Federal Contract Tower,5,22,9,0,36,0,0,2,0,2,5,22,11,0,38,0,0,0,38
12/03/2007,BMI,IL,AGL,CE,Federal Contract Tower,6,31,33,0,70,0,0,20,6,26,6,31,53,6,96,16,0,16,112
12/04/2007,BMI,IL,AGL,CE,Federal Contract Tower,10,31,29,0,70,0,0,4,0,4,10,31,33,0,74,4,0,4,78
12/05/2007,BMI,IL,AGL,CE,Federal Contract Tower,10,25,17,1,53,0,2,3,0,5,10,27,20,1,58,4,0,4,62
12/06/2007,BMI,IL,AGL,CE,Federal Contract Tower,10,28,23,4,65,0,0,17,0,17,10,28,40,4,82,22,0,22,104
12/07/2007,BMI,IL,AGL,CE,Federal Contract Tower,7,27,15,0,49,0,0,0,0,0,7,27,15,0,49,0,0,0,49
12/08/2007,BMI,IL,AGL,CE,Federal Contract Tower,9,19,6,0,34,0,1,6,0,7,9,20,12,0,41,4,0,4,45
12/09/2007,BMI,IL,AGL,CE,Federal Contract Tower,0,0,0,0,0,0,0,0,0,0,0,0,0,0,0,0,0,0,0
12/10/2007,BMI,IL,AGL,CE,Federal Contract Tower,5,8,12,0,25,0,0,0,0,0,5,8,12,0,25,0,0,0,25
12/11/2007,BMI,IL,AGL,CE,Federal Contract Tower,9,18,7,0,34,0,0,0,0,0,9,18,7,0,34,0,0,0,34
12/12/2007,BMI,IL,AGL,CE,Federal Contract Tower,8,27,18,0,53,0,0,3,0,3,8,27,21,0,56,2,0,2,58
12/13/2007,BMI,IL,AGL,CE,Federal Contract Tower,11,30,27,0,68,0,0,0,0,0,11,30,27,0,68,0,0,0,68
12/14/2007,BMI,IL,AGL,CE,Federal Contract Tower,11,31,32,0,74,0,0,58,0,58,11,31,90,0,132,32,0,32,164
12/15/2007,BMI,IL,AGL,CE,Federal Contract Tower,9,15,1,0,25,0,0,0,0,0,9,15,1,0,25,0,0,0,25
12/16/2007,BMI,IL,AGL,CE,Federal Contract Tower,7,18,3,0,28,0,0,2,0,2,7,18,5,0,30,0,0,0,30
12/17/2007,BMI,IL,AGL,CE,Federal Contract Tower,6,22,24,0,52,0,0,6,0,6,6,22,30,0,58,12,0,12,70
12/18/2007,BMI,IL,AGL,CE,Federal Contract Tower,9,33,16,0,58,0,0,23,0,23,9,33,39,0,81,6,0,6,87
12/19/2007,BMI,IL,AGL,CE,Federal Contract Tower,9,32,59,0,100,0,0,40,0,40,9,32,99,0,140,58,0,58,198
12/20/2007,BMI,IL,AGL,CE,Federal Contract Tower,9,37,27,0,73,0,0,3,0,3,9,37,30,0,76,0,0,0,76
12/21/2007,BMI,IL,AGL,CE,Federal Contract Tower,2,3,2,0,7,0,0,0,0,0,2,3,2,0,7,0,0,0,7
12/22/2007,BMI,IL,AGL,CE,Federal Contract Tower,8,20,16,0,44,0,0,0,0,0,8,20,16,0,44,0,0,0,44
12/23/2007,BMI,IL,AGL,CE,Federal Contract Tower,9,22,6,0,37,0,0,2,0,2,9,22,8,0,39,0,0,0,39
12/24/2007,BMI,IL,AGL,CE,Federal Contract Tower,5,17,10,0,32,0,0,9,0,9,5,17,19,0,41,12,0,12,53
12/25/2007,BMI,IL,AGL,CE,Federal Contract Tower,8,20,1,0,29,0,0,15,0,15,8,20,16,0,44,0,0,0,44
12/26/2007,BMI,IL,AGL,CE,Federal Contract Tower,6,27,10,0,43,0,0,38,1,39,6,27,48,1,82,20,0,20,102
12/27/2007,BMI,IL,AGL,CE,Federal Contract Tower,9,31,10,0,50,0,0,0,0,0,9,31,10,0,50,0,0,0,50
12/28/2007,BMI,IL,AGL,CE,Federal Contract Tower,6,22,5,0,33,0,0,0,0,0,6,22,5,0,33,0,0,0,33
12/29/2007,BMI,IL,AGL,CE,Federal Contract Tower,7,22,3,0,32,0,0,13,0,13,7,22,16,0,45,32,0,32,77
12/30/2007,BMI,IL,AGL,CE,Federal Contract Tower,9,27,9,0,45,0,0,17,0,17,9,27,26,0,62,6,0,6,68
12/31/2007,BMI,IL,AGL,CE,Federal Contract Tower,6,14,4,0,24,0,0,13,0,13,6,14,17,0,37,36,0,36,73
01/01/2008,BMI,IL,AGL,CE,Federal Contract Tower,8,18,4,0,30,0,0,0,0,0,8,18,4,0,30,0,0,0,30
01/02/2008,BMI,IL,AGL,CE,Federal Contract Tower,9,29,13,0,51,0,0,17,0,17,9,29,30,0,68,6,0,6,74
01/03/2008,BMI,IL,AGL,CE,Federal Contract Tower,10,33,24,0,67,0,0,16,0,16,10,33,40,0,83,16,4,20,103
01/04/2008,BMI,IL,AGL,CE,Federal Contract Tower,8,28,18,0,54,0,0,29,0,29,8,28,47,0,83,38,0,38,121
01/05/2008,BMI,IL,AGL,CE,Federal Contract Tower,8,22,11,0,41,0,0,3,0,3,8,22,14,0,44,0,0,0,44
01/06/2008,BMI,IL,AGL,CE,Federal Contract Tower,9,29,12,0,50,0,0,2,0,2,9,29,14,0,52,0,0,0,52
01/07/2008,BMI,IL,AGL,CE,Federal Contract Tower,7,21,11,0,39,0,0,0,0,0,7,21,11,0,39,0,0,0,39
01/08/2008,BMI,IL,AGL,CE,Federal Contract Tower,7,26,15,0,48,0,0,0,0,0,7,26,15,0,48,0,0,0,48
01/09/2008,BMI,IL,AGL,CE,Federal Contract Tower,9,30,22,0,61,0,0,39,0,39,9,30,61,0,100,52,0,52,152
01/10/2008,BMI,IL,AGL,CE,Federal Contract Tower,8,28,26,0,62,0,0,17,0,17,8,28,43,0,79,14,0,14,93
01/11/2008,BMI,IL,AGL,CE,Federal Contract Tower,8,28,20,0,56,0,0,8,0,8,8,28,28,0,64,0,0,0,64
01/12/2008,BMI,IL,AGL,CE,Federal Contract Tower,9,20,11,0,40,0,0,44,0,44,9,20,55,0,84,48,0,48,132
01/13/2008,BMI,IL,AGL,CE,Federal Contract Tower,9,26,2,0,37,0,0,0,0,0,9,26,2,0,37,0,0,0,37
01/14/2008,BMI,IL,AGL,CE,Federal Contract Tower,6,32,18,0,56,0,0,6,0,6,6,32,24,0,62,2,0,2,64
01/15/2008,BMI,IL,AGL,CE,Federal Contract Tower,6,32,20,1,59,0,0,22,2,24,6,32,42,3,83,32,2,34,117
01/16/2008,BMI,IL,AGL,CE,Federal Contract Tower,6,27,21,0,54,0,0,6,0,6,6,27,27,0,60,4,0,4,64
01/17/2008,BMI,IL,AGL,CE,Federal Contract Tower,8,23,13,0,44,0,0,0,0,0,8,23,13,0,44,0,0,0,44
01/18/2008,BMI,IL,AGL,CE,Federal Contract Tower,7,35,21,0,63,0,0,19,0,19,7,35,40,0,82,16,0,16,98
01/19/2008,BMI,IL,AGL,CE,Federal Contract Tower,9,18,7,0,34,0,0,9,0,9,9,18,16,0,43,16,0,16,59
01/20/2008,BMI,IL,AGL,CE,Federal Contract Tower,9,23,9,0,41,0,0,11,0,11,9,23,20,0,52,16,0,16,68
01/21/2008,BMI,IL,AGL,CE,Federal Contract Tower,7,26,13,0,46,0,0,15,0,15,7,26,28,0,61,24,0,24,85
01/22/2008,BMI,IL,AGL,CE,Federal Contract Tower,6,24,24,0,54,0,0,12,0,12,6,24,36,0,66,10,0,10,76
01/23/2008,BMI,IL,AGL,CE,Federal Contract Tower,7,26,18,0,51,0,0,19,0,19,7,26,37,0,70,14,0,14,84
01/24/2008,BMI,IL,AGL,CE,Federal Contract Tower,10,29,23,0,62,0,0,19,0,19,10,29,42,0,81,0,0,0,81
01/25/2008,BMI,IL,AGL,CE,Federal Contract Tower,8,26,11,0,45,0,0,13,0,13,8,26,24,0,58,4,0,4,62
01/26/2008,BMI,IL,AGL,CE,Federal Contract Tower,8,20,3,0,31,0,0,15,0,15,8,20,18,0,46,32,0,32,78
01/27/2008,BMI,IL,AGL,CE,Federal Contract Tower,8,27,17,0,52,0,0,81,0,81,8,27,98,0,133,70,0,70,203
01/28/2008,BMI,IL,AGL,CE,Federal Contract Tower,5,27,20,0,52,0,0,6,0,6,5,27,26,0,58,8,0,8,66
01/29/2008,BMI,IL,AGL,CE,Federal Contract Tower,5,26,17,0,48,0,0,0,0,0,5,26,17,0,48,0,0,0,48
01/30/2008,BMI,IL,AGL,CE,Federal Contract Tower,8,29,15,0,52,0,0,17,0,17,8,29,32,0,69,16,0,16,85
01/31/2008,BMI,IL,AGL,CE,Federal Contract Tower,8,24,22,0,54,0,0,1,0,1,8,24,23,0,55,0,0,0,55
02/01/2008,BMI,IL,AGL,CE,Federal Contract Tower,6,16,12,0,34,0,0,0,0,0,6,16,12,0,34,2,0,2,36
02/02/2008,BMI,IL,AGL,CE,Federal Contract Tower,10,20,12,0,42,0,0,3,0,3,10,20,15,0,45,2,0,2,47
02/03/2008,BMI,IL,AGL,CE,Federal Contract Tower,9,13,6,0,28,0,0,0,0,0,9,13,6,0,28,0,0,0,28
02/04/2008,BMI,IL,AGL,CE,Federal Contract Tower,2,3,2,0,7,0,0,0,0,0,2,3,2,0,7,0,0,0,7
02/05/2008,BMI,IL,AGL,CE,Federal Contract Tower,6,10,9,0,25,0,0,0,0,0,6,10,9,0,25,0,0,0,25
02/06/2008,BMI,IL,AGL,CE,Federal Contract Tower,7,15,13,0,35,0,0,0,0,0,7,15,13,0,35,0,0,0,35
02/07/2008,BMI,IL,AGL,CE,Federal Contract Tower,9,27,21,0,57,0,0,4,0,4,9,27,25,0,61,0,8,8,69
02/08/2008,BMI,IL,AGL,CE,Federal Contract Tower,9,25,23,0,57,0,0,16,0,16,9,25,39,0,73,12,0,12,85
02/09/2008,BMI,IL,AGL,CE,Federal Contract Tower,8,19,2,0,29,0,0,16,0,16,8,19,18,0,45,24,0,24,69
02/10/2008,BMI,IL,AGL,CE,Federal Contract Tower,9,28,3,0,40,0,0,3,0,3,9,28,6,0,43,2,0,2,45
02/11/2008,BMI,IL,AGL,CE,Federal Contract Tower,6,26,22,0,54,0,0,3,0,3,6,26,25,0,57,10,0,10,67
02/12/2008,BMI,IL,AGL,CE,Federal Contract Tower,13,23,20,0,56,0,0,0,0,0,13,23,20,0,56,0,0,0,56
02/13/2008,BMI,IL,AGL,CE,Federal Contract Tower,7,26,23,0,56,0,0,23,0,23,7,26,46,0,79,16,0,16,95
02/14/2008,BMI,IL,AGL,CE,Federal Contract Tower,10,31,10,0,51,0,0,4,0,4,10,31,14,0,55,0,0,0,55
02/15/2008,BMI,IL,AGL,CE,Federal Contract Tower,8,25,8,0,41,0,1,24,0,25,8,26,32,0,66,6,0,6,72
02/16/2008,BMI,IL,AGL,CE,Federal Contract Tower,10,16,9,0,35,0,0,52,0,52,10,16,61,0,87,50,0,50,137
02/17/2008,BMI,IL,AGL,CE,Federal Contract Tower,6,19,3,0,28,0,0,0,0,0,6,19,3,0,28,0,0,0,28
02/18/2008,BMI,IL,AGL,CE,Federal Contract Tower,8,26,15,0,49,0,0,0,0,0,8,26,15,0,49,0,0,0,49
02/19/2008,BMI,IL,AGL,CE,Federal Contract Tower,8,26,17,0,51,0,0,8,0,8,8,26,25,0,59,32,0,32,91
02/20/2008,BMI,IL,AGL,CE,Federal Contract Tower,9,30,20,0,59,0,0,18,0,18,9,30,38,0,77,8,0,8,85
02/21/2008,BMI,IL,AGL,CE,Federal Contract Tower,8,28,22,0,58,0,0,4,0,4,8,28,26,0,62,6,0,6,68
02/22/2008,BMI,IL,AGL,CE,Federal Contract Tower,10,27,23,0,60,0,0,0,0,0,10,27,23,0,60,0,0,0,60
02/23/2008,BMI,IL,AGL,CE,Federal Contract Tower,9,24,13,0,46,0,0,39,0,39,9,24,52,0,85,72,0,72,157
02/24/2008,BMI,IL,AGL,CE,Federal Contract Tower,7,25,9,0,41,0,0,26,0,26,7,25,35,0,67,10,0,10,77
02/25/2008,BMI,IL,AGL,CE,Federal Contract Tower,6,23,23,0,52,0,0,0,0,0,6,23,23,0,52,0,0,0,52
02/26/2008,BMI,IL,AGL,CE,Federal Contract Tower,10,19,18,0,47,0,0,2,0,2,10,19,20,0,49,2,0,2,51
02/27/2008,BMI,IL,AGL,CE,Federal Contract Tower,9,30,21,0,60,0,0,24,0,24,9,30,45,0,84,18,0,18,102
02/28/2008,BMI,IL,AGL,CE,Federal Contract Tower,9,27,27,0,63,0,0,4,0,4,9,27,31,0,67,12,0,12,79
02/29/2008,BMI,IL,AGL,CE,Federal Contract Tower,7,32,14,0,53,0,0,11,2,13,7,32,25,2,66,0,0,0,66
03/01/2008,BMI,IL,AGL,CE,Federal Contract Tower,8,12,10,0,30,0,0,28,2,30,8,12,38,2,60,18,0,18,78
03/02/2008,BMI,IL,AGL,CE,Federal Contract Tower,10,27,7,0,44,0,0,7,0,7,10,27,14,0,51,0,0,0,51
03/03/2008,BMI,IL,AGL,CE,Federal Contract Tower,6,28,28,0,62,0,0,0,0,0,6,28,28,0,62,0,0,0,62
03/04/2008,BMI,IL,AGL,CE,Federal Contract Tower,10,21,24,0,55,0,0,0,0,0,10,21,24,0,55,0,0,0,55
03/05/2008,BMI,IL,AGL,CE,Federal Contract Tower,7,28,31,0,66,0,0,24,0,24,7,28,55,0,90,22,0,22,112
03/06/2008,BMI,IL,AGL,CE,Federal Contract Tower,8,27,23,0,58,0,0,30,2,32,8,27,53,2,90,6,0,6,96
03/07/2008,BMI,IL,AGL,CE,Federal Contract Tower,8,26,28,0,62,0,0,11,0,11,8,26,39,0,73,2,0,2,75
03/08/2008,BMI,IL,AGL,CE,Federal Contract Tower,9,16,10,0,35,0,0,34,0,34,9,16,44,0,69,24,0,24,93
03/09/2008,BMI,IL,AGL,CE,Federal Contract Tower,9,24,10,0,43,0,0,41,0,41,9,24,51,0,84,28,0,28,112
03/10/2008,BMI,IL,AGL,CE,Federal Contract Tower,7,28,28,0,63,0,0,19,0,19,7,28,47,0,82,10,0,10,92
03/11/2008,BMI,IL,AGL,CE,Federal Contract Tower,11,31,30,2,74,0,0,22,0,22,11,31,52,2,96,28,0,28,124
03/12/2008,BMI,IL,AGL,CE,Federal Contract Tower,8,29,17,0,54,0,0,32,0,32,8,29,49,0,86,34,0,34,120
03/13/2008,BMI,IL,AGL,CE,Federal Contract Tower,8,31,26,1,66,0,0,22,1,23,8,31,48,2,89,28,6,34,123
03/14/2008,BMI,IL,AGL,CE,Federal Contract Tower,7,26,21,1,55,0,0,45,1,46,7,26,66,2,101,30,2,32,133
03/15/2008,BMI,IL,AGL,CE,Federal Contract Tower,6,16,7,0,29,0,0,0,0,0,6,16,7,0,29,0,0,0,29
03/16/2008,BMI,IL,AGL,CE,Federal Contract Tower,9,26,9,0,44,0,0,106,0,106,9,26,115,0,150,28,0,28,178
03/17/2008,BMI,IL,AGL,CE,Federal Contract Tower,7,24,10,0,41,0,0,9,0,9,7,24,19,0,50,16,0,16,66
03/18/2008,BMI,IL,AGL,CE,Federal Contract Tower,8,17,16,0,41,0,0,0,0,0,8,17,16,0,41,0,0,0,41
03/19/2008,BMI,IL,AGL,CE,Federal Contract Tower,10,27,27,0,64,0,0,0,0,0,10,27,27,0,64,0,0,0,64
03/20/2008,BMI,IL,AGL,CE,Federal Contract Tower,9,28,19,0,56,0,0,69,0,69,9,28,88,0,125,88,20,108,233
03/21/2008,BMI,IL,AGL,CE,Federal Contract Tower,7,23,16,0,46,0,0,4,0,4,7,23,20,0,50,0,0,0,50
03/22/2008,BMI,IL,AGL,CE,Federal Contract Tower,9,18,9,0,36,0,0,11,0,11,9,18,20,0,47,0,0,0,47
03/23/2008,BMI,IL,AGL,CE,Federal Contract Tower,9,22,5,0,36,0,0,5,0,5,9,22,10,0,41,0,0,0,41
03/24/2008,BMI,IL,AGL,CE,Federal Contract Tower,6,27,8,0,41,0,0,25,0,25,6,27,33,0,66,22,0,22,88
03/25/2008,BMI,IL,AGL,CE,Federal Contract Tower,10,23,19,1,53,0,0,3,0,3,10,23,22,1,56,8,4,12,68
03/26/2008,BMI,IL,AGL,CE,Federal Contract Tower,8,28,25,5,66,0,0,52,0,52,8,28,77,5,118,80,0,80,198
03/27/2008,BMI,IL,AGL,CE,Federal Contract Tower,7,22,15,0,44,0,0,2,0,2,7,22,17,0,46,0,0,0,46
03/28/2008,BMI,IL,AGL,CE,Federal Contract Tower,8,29,18,0,55,0,0,33,0,33,8,29,51,0,88,76,2,78,166
03/29/2008,BMI,IL,AGL,CE,Federal Contract Tower,8,15,18,0,41,0,0,74,0,74,8,15,92,0,115,64,0,64,179
03/30/2008,BMI,IL,AGL,CE,Federal Contract Tower,8,21,11,0,40,0,0,3,0,3,8,21,14,0,43,0,0,0,43
03/31/2008,BMI,IL,AGL,CE,Federal Contract Tower,8,31,26,1,66,0,0,22,1,23,8,31,48,2,89,28,6,34,123
04/01/2008,BMI,IL,AGL,CE,Federal Contract Tower,9,29,23,0,61,0,0,16,0,16,9,29,39,0,77,0,0,0,77
04/02/2008,BMI,IL,AGL,CE,Federal Contract Tower,7,31,39,0,77,0,0,33,0,33,7,31,72,0,110,46,0,46,156
04/03/2008,BMI,IL,AGL,CE,Federal Contract Tower,7,28,27,0,62,0,0,16,0,16,7,28,43,0,78,74,0,74,152
04/04/2008,BMI,IL,AGL,CE,Federal Contract Tower,7,28,22,0,57,0,0,12,0,12,7,28,34,0,69,12,0,12,81
04/05/2008,BMI,IL,AGL,CE,Federal Contract Tower,8,20,19,0,47,0,0,81,0,81,8,20,100,0,128,114,0,114,242
04/06/2008,BMI,IL,AGL,CE,Federal Contract Tower,8,25,13,0,46,0,0,109,0,109,8,25,122,0,155,52,0,52,207
04/07/2008,BMI,IL,AGL,CE,Federal Contract Tower,6,28,13,0,47,0,0,40,0,40,6,28,53,0,87,68,0,68,155
04/08/2008,BMI,IL,AGL,CE,Federal Contract Tower,8,25,18,0,51,0,0,5,0,5,8,25,23,0,56,2,0,2,58
04/09/2008,BMI,IL,AGL,CE,Federal Contract Tower,7,29,37,1,74,0,0,30,1,31,7,29,67,2,105,64,2,66,171
04/10/2008,BMI,IL,AGL,CE,Federal Contract Tower,9,22,11,0,42,0,0,0,0,0,9,22,11,0,42,0,0,0,42
04/11/2008,BMI,IL,AGL,CE,Federal Contract Tower,8,28,23,0,59,0,0,1,0,1,8,28,24,0,60,0,0,0,60
04/12/2008,BMI,IL,AGL,CE,Federal Contract Tower,8,18,12,0,38,0,0,0,0,0,8,18,12,0,38,0,0,0,38
04/13/2008,BMI,IL,AGL,CE,Federal Contract Tower,8,28,5,0,41,0,0,3,0,3,8,28,8,0,44,0,0,0,44
04/14/2008,BMI,IL,AGL,CE,Federal Contract Tower,6,27,14,0,47,0,0,46,0,46,6,27,60,0,93,106,0,106,199
04/15/2008,BMI,IL,AGL,CE,Federal Contract Tower,11,31,23,0,65,0,0,29,0,29,11,31,52,0,94,40,0,40,134
04/16/2008,BMI,IL,AGL,CE,Federal Contract Tower,6,25,27,0,58,0,0,13,0,13,6,25,40,0,71,0,0,0,71
04/17/2008,BMI,IL,AGL,CE,Federal Contract Tower,11,27,19,0,57,0,0,23,0,23,11,27,42,0,80,0,0,0,80
04/18/2008,BMI,IL,AGL,CE,Federal Contract Tower,7,31,14,0,52,0,0,4,0,4,7,31,18,0,56,2,0,2,58
04/19/2008,BMI,IL,AGL,CE,Federal Contract Tower,10,20,23,0,53,0,0,11,0,11,10,20,34,0,64,50,0,50,114
04/20/2008,BMI,IL,AGL,CE,Federal Contract Tower,7,31,15,0,53,0,0,51,0,51,7,31,66,0,104,84,0,84,188
04/21/2008,BMI,IL,AGL,CE,Federal Contract Tower,6,26,11,0,43,0,0,37,0,37,6,26,48,0,80,12,0,12,92
04/22/2008,BMI,IL,AGL,CE,Federal Contract Tower,9,26,18,1,54,0,0,41,7,48,9,26,59,8,102,54,6,60,162
04/23/2008,BMI,IL,AGL,CE,Federal Contract Tower,6,30,11,2,49,0,1,50,0,51,6,31,61,2,100,36,10,46,146
04/24/2008,BMI,IL,AGL,CE,Federal Contract Tower,9,29,20,6,64,0,0,9,0,9,9,29,29,6,73,0,0,0,73
04/25/2008,BMI,IL,AGL,CE,Federal Contract Tower,6,23,6,0,35,0,0,2,0,2,6,23,8,0,37,6,0,6,43
04/26/2008,BMI,IL,AGL,CE,Federal Contract Tower,9,17,4,0,30,0,0,32,0,32,9,17,36,0,62,30,0,30,92
04/27/2008,BMI,IL,AGL,CE,Federal Contract Tower,7,28,11,0,46,0,0,27,0,27,7,28,38,0,73,36,0,36,109
04/28/2008,BMI,IL,AGL,CE,Federal Contract Tower,6,30,28,0,64,0,0,2,0,2,6,30,30,0,66,0,0,0,66
04/29/2008,BMI,IL,AGL,CE,Federal Contract Tower,11,27,25,1,64,0,0,28,0,28,11,27,53,1,92,18,0,18,110
04/30/2008,BMI,IL,AGL,CE,Federal Contract Tower,6,28,29,2,65,0,0,24,0,24,6,28,53,2,89,4,2,6,95
05/01/2008,BMI,IL,AGL,CE,Federal Contract Tower,9,32,18,0,59,0,0,10,0,10,9,32,28,0,69,0,0,0,69
05/02/2008,BMI,IL,AGL,CE,Federal Contract Tower,7,27,11,0,45,0,0,1,0,1,7,27,12,0,46,0,0,0,46
05/03/2008,BMI,IL,AGL,CE,Federal Contract Tower,10,18,6,0,34,0,0,8,0,8,10,18,14,0,42,0,0,0,42
05/04/2008,BMI,IL,AGL,CE,Federal Contract Tower,8,34,14,0,56,0,0,70,0,70,8,34,84,0,126,42,0,42,168
05/05/2008,BMI,IL,AGL,CE,Federal Contract Tower,5,29,13,0,47,0,0,27,0,27,5,29,40,0,74,8,0,8,82
05/06/2008,BMI,IL,AGL,CE,Federal Contract Tower,10,28,18,0,56,0,0,22,0,22,10,28,40,0,78,6,0,6,84
05/07/2008,BMI,IL,AGL,CE,Federal Contract Tower,6,26,24,0,56,0,0,3,0,3,6,26,27,0,59,14,0,14,73
05/08/2008,BMI,IL,AGL,CE,Federal Contract Tower,10,28,25,3,66,0,0,6,0,6,10,28,31,3,72,0,6,6,78
05/09/2008,BMI,IL,AGL,CE,Federal Contract Tower,8,31,23,0,62,0,0,28,0,28,8,31,51,0,90,48,0,48,138
05/10/2008,BMI,IL,AGL,CE,Federal Contract Tower,8,19,9,0,36,0,0,45,0,45,8,19,54,0,81,10,0,10,91
05/11/2008,BMI,IL,AGL,CE,Federal Contract Tower,7,26,5,0,38,0,0,0,0,0,7,26,5,0,38,0,0,0,38
05/12/2008,BMI,IL,AGL,CE,Federal Contract Tower,7,26,14,0,47,0,0,51,0,51,7,26,65,0,98,26,0,26,124
05/13/2008,BMI,IL,AGL,CE,Federal Contract Tower,9,22,23,4,58,0,0,14,0,14,9,22,37,4,72,14,0,14,86
05/14/2008,BMI,IL,AGL,CE,Federal Contract Tower,6,30,12,0,48,0,0,18,0,18,6,30,30,0,66,22,0,22,88
05/15/2008,BMI,IL,AGL,CE,Federal Contract Tower,9,30,31,0,70,0,0,12,1,13,9,30,43,1,83,4,0,4,87
05/16/2008,BMI,IL,AGL,CE,Federal Contract Tower,7,33,19,0,59,0,0,48,0,48,7,33,67,0,107,48,0,48,155
05/17/2008,BMI,IL,AGL,CE,Federal Contract Tower,9,18,11,0,38,0,0,24,0,24,9,18,35,0,62,14,0,14,76
05/18/2008,BMI,IL,AGL,CE,Federal Contract Tower,6,29,10,0,45,0,0,42,0,42,6,29,52,0,87,16,0,16,103
05/19/2008,BMI,IL,AGL,CE,Federal Contract Tower,6,27,24,0,57,0,0,11,0,11,6,27,35,0,68,20,0,20,88
05/20/2008,BMI,IL,AGL,CE,Federal Contract Tower,8,26,20,2,56,0,0,40,1,41,8,26,60,3,97,42,0,42,139
05/21/2008,BMI,IL,AGL,CE,Federal Contract Tower,6,29,13,0,48,0,1,47,0,48,6,30,60,0,96,28,0,28,124
05/22/2008,BMI,IL,AGL,CE,Federal Contract Tower,8,34,18,0,60,0,0,40,0,40,8,34,58,0,100,10,0,10,110
05/23/2008,BMI,IL,AGL,CE,Federal Contract Tower,7,27,16,0,50,0,0,8,0,8,7,27,24,0,58,0,0,0,58
05/24/2008,BMI,IL,AGL,CE,Federal Contract Tower,6,19,7,0,32,0,0,66,0,66,6,19,73,0,98,86,0,86,184
05/25/2008,BMI,IL,AGL,CE,Federal Contract Tower,6,22,7,0,35,0,0,34,0,34,6,22,41,0,69,46,0,46,115
05/26/2008,BMI,IL,AGL,CE,Federal Contract Tower,5,30,1,0,36,0,0,24,0,24,5,30,25,0,60,46,0,46,106
05/27/2008,BMI,IL,AGL,CE,Federal Contract Tower,6,27,28,0,61,0,0,10,0,10,6,27,38,0,71,6,2,8,79
05/28/2008,BMI,IL,AGL,CE,Federal Contract Tower,8,33,28,2,71,0,0,66,0,66,8,33,94,2,137,82,14,96,233
05/29/2008,BMI,IL,AGL,CE,Federal Contract Tower,9,31,23,0,63,0,0,59,1,60,9,31,82,1,123,42,0,42,165
05/30/2008,BMI,IL,AGL,CE,Federal Contract Tower,6,23,16,0,45,0,0,3,0,3,6,23,19,0,48,0,0,0,48
05/31/2008,BMI,IL,AGL,CE,Federal Contract Tower,9,21,7,0,37,0,0,34,0,34,9,21,41,0,71,62,0,62,133
06/01/2008,BMI,IL,AGL,CE,Federal Contract Tower,7,25,13,0,45,0,0,55,0,55,7,25,68,0,100,48,0,48,148
06/02/2008,BMI,IL,AGL,CE,Federal Contract Tower,4,31,22,0,57,0,0,32,0,32,4,31,54,0,89,64,0,64,153
06/03/2008,BMI,IL,AGL,CE,Federal Contract Tower,7,25,17,0,49,0,0,6,0,6,7,25,23,0,55,0,0,0,55
06/04/2008,BMI,IL,AGL,CE,Federal Contract Tower,6,27,15,0,48,0,0,9,0,9,6,27,24,0,57,24,0,24,81
06/05/2008,BMI,IL,AGL,CE,Federal Contract Tower,9,28,24,0,61,0,0,19,0,19,9,28,43,0,80,6,0,6,86
06/06/2008,BMI,IL,AGL,CE,Federal Contract Tower,7,27,17,0,51,0,0,6,0,6,7,27,23,0,57,0,0,0,57
06/07/2008,BMI,IL,AGL,CE,Federal Contract Tower,12,19,14,0,45,0,0,8,0,8,12,19,22,0,53,4,0,4,57
06/08/2008,BMI,IL,AGL,CE,Federal Contract Tower,7,21,15,0,43,0,0,10,0,10,7,21,25,0,53,0,0,0,53
06/09/2008,BMI,IL,AGL,CE,Federal Contract Tower,7,25,23,0,55,0,0,6,2,8,7,25,29,2,63,10,0,10,73
06/10/2008,BMI,IL,AGL,CE,Federal Contract Tower,11,23,20,0,54,0,0,45,0,45,11,23,65,0,99,64,6,70,169
06/11/2008,BMI,IL,AGL,CE,Federal Contract Tower,9,27,21,0,57,0,0,24,0,24,9,27,45,0,81,8,0,8,89
06/12/2008,BMI,IL,AGL,CE,Federal Contract Tower,11,23,20,0,54,0,0,22,0,22,11,23,42,0,76,8,6,14,90
06/13/2008,BMI,IL,AGL,CE,Federal Contract Tower,7,27,10,0,44,0,0,13,0,13,7,27,23,0,57,2,0,2,59
06/14/2008,BMI,IL,AGL,CE,Federal Contract Tower,10,22,13,0,45,0,0,69,0,69,10,22,82,0,114,22,0,22,136
06/15/2008,BMI,IL,AGL,CE,Federal Contract Tower,8,22,16,0,46,0,0,23,0,23,8,22,39,0,69,18,0,18,87
06/16/2008,BMI,IL,AGL,CE,Federal Contract Tower,5,30,14,1,50,0,0,39,0,39,5,30,53,1,89,20,0,20,109
06/17/2008,BMI,IL,AGL,CE,Federal Contract Tower,11,26,24,0,61,0,0,21,1,22,11,26,45,1,83,26,4,30,113
06/18/2008,BMI,IL,AGL,CE,Federal Contract Tower,10,31,19,0,60,0,0,43,0,43,10,31,62,0,103,56,0,56,159
06/19/2008,BMI,IL,AGL,CE,Federal Contract Tower,8,30,17,0,55,0,1,52,0,53,8,31,69,0,108,44,2,46,154
06/20/2008,BMI,IL,AGL,CE,Federal Contract Tower,8,28,19,0,55,0,0,34,0,34,8,28,53,0,89,30,0,30,119
06/21/2008,BMI,IL,AGL,CE,Federal Contract Tower,8,20,6,0,34,0,0,26,0,26,8,20,32,0,60,56,0,56,116
06/22/2008,BMI,IL,AGL,CE,Federal Contract Tower,8,27,22,0,57,0,0,28,0,28,8,27,50,0,85,6,0,6,91
06/23/2008,BMI,IL,AGL,CE,Federal Contract Tower,6,28,16,0,50,0,0,43,0,43,6,28,59,0,93,30,0,30,123
06/24/2008,BMI,IL,AGL,CE,Federal Contract Tower,10,32,22,0,64,0,0,14,0,14,10,32,36,0,78,16,2,18,96
06/25/2008,BMI,IL,AGL,CE,Federal Contract Tower,10,25,8,0,43,0,0,18,0,18,10,25,26,0,61,18,0,18,79
06/26/2008,BMI,IL,AGL,CE,Federal Contract Tower,10,30,21,1,62,0,0,18,1,19,10,30,39,2,81,26,0,26,107
06/27/2008,BMI,IL,AGL,CE,Federal Contract Tower,8,25,16,0,49,0,0,13,0,13,8,25,29,0,62,24,0,24,86
06/28/2008,BMI,IL,AGL,CE,Federal Contract Tower,8,22,5,0,35,0,0,41,0,41,8,22,46,0,76,26,0,26,102
06/29/2008,BMI,IL,AGL,CE,Federal Contract Tower,10,27,8,0,45,0,0,12,0,12,10,27,20,0,57,18,0,18,75
06/30/2008,BMI,IL,AGL,CE,Federal Contract Tower,6,33,19,0,58,0,0,43,0,43,6,33,62,0,101,38,0,38,139
07/01/2008,BMI,IL,AGL,CE,Federal Contract Tower,9,29,22,1,61,0,0,47,1,48,9,29,69,2,109,58,2,60,169
07/02/2008,BMI,IL,AGL,CE,Federal Contract Tower,9,26,15,0,50,0,0,20,0,20,9,26,35,0,70,38,0,38,108
07/03/2008,BMI,IL,AGL,CE,Federal Contract Tower,9,31,20,0,60,0,0,24,0,24,9,31,44,0,84,28,0,28,112
07/04/2008,BMI,IL,AGL,CE,Federal Contract Tower,8,18,10,0,36,0,0,44,0,44,8,18,54,0,80,10,0,10,90
07/05/2008,BMI,IL,AGL,CE,Federal Contract Tower,7,20,4,0,31,0,0,72,0,72,7,20,76,0,103,48,0,48,151
07/06/2008,BMI,IL,AGL,CE,Federal Contract Tower,9,23,14,0,46,0,0,41,0,41,9,23,55,0,87,20,0,20,107
07/07/2008,BMI,IL,AGL,CE,Federal Contract Tower,5,26,12,0,43,0,0,13,0,13,5,26,25,0,56,44,0,44,100
07/08/2008,BMI,IL,AGL,CE,Federal Contract Tower,10,27,14,0,51,0,0,10,0,10,10,27,24,0,61,16,0,16,77
07/09/2008,BMI,IL,AGL,CE,Federal Contract Tower,10,28,27,0,65,0,0,51,0,51,10,28,78,0,116,12,0,12,128
07/10/2008,BMI,IL,AGL,CE,Federal Contract Tower,6,22,24,0,52,0,0,27,0,27,6,22,51,0,79,28,0,28,107
07/11/2008,BMI,IL,AGL,CE,Federal Contract Tower,7,28,13,0,48,0,0,34,1,35,7,28,47,1,83,2,0,2,85
07/12/2008,BMI,IL,AGL,CE,Federal Contract Tower,10,19,4,0,33,0,0,9,0,9,10,19,13,0,42,14,0,14,56
07/13/2008,BMI,IL,AGL,CE,Federal Contract Tower,4,24,17,0,45,0,0,49,0,49,4,24,66,0,94,18,0,18,112
07/14/2008,BMI,IL,AGL,CE,Federal Contract Tower,7,29,14,4,54,0,0,40,0,40,7,29,54,4,94,30,2,32,126
07/15/2008,BMI,IL,AGL,CE,Federal Contract Tower,7,26,27,0,60,0,0,35,0,35,7,26,62,0,95,40,0,40,135
07/16/2008,BMI,IL,AGL,CE,Federal Contract Tower,11,29,13,0,53,0,0,31,0,31,11,29,44,0,84,24,0,24,108
07/17/2008,BMI,IL,AGL,CE,Federal Contract Tower,7,23,26,0,56,0,0,51,2,53,7,23,77,2,109,28,0,28,137
07/18/2008,BMI,IL,AGL,CE,Federal Contract Tower,8,25,27,0,60,0,0,45,0,45,8,25,72,0,105,8,0,8,113
07/19/2008,BMI,IL,AGL,CE,Federal Contract Tower,9,16,15,0,40,0,0,18,0,18,9,16,33,0,58,6,0,6,64
07/20/2008,BMI,IL,AGL,CE,Federal Contract Tower,5,27,9,0,41,0,0,33,0,33,5,27,42,0,74,28,0,28,102
07/21/2008,BMI,IL,AGL,CE,Federal Contract Tower,6,16,18,0,40,0,0,22,0,22,6,16,40,0,62,20,0,20,82
07/22/2008,BMI,IL,AGL,CE,Federal Contract Tower,9,24,26,0,59,0,0,19,0,19,9,24,45,0,78,44,0,44,122
07/23/2008,BMI,IL,AGL,CE,Federal Contract Tower,9,25,15,0,49,0,0,35,0,35,9,25,50,0,84,24,0,24,108
07/24/2008,BMI,IL,AGL,CE,Federal Contract Tower,8,26,28,2,64,0,0,46,6,52,8,26,74,8,116,52,0,52,168
07/25/2008,BMI,IL,AGL,CE,Federal Contract Tower,8,31,19,0,58,0,0,15,0,15,8,31,34,0,73,36,0,36,109
07/26/2008,BMI,IL,AGL,CE,Federal Contract Tower,9,18,12,0,39,0,0,45,0,45,9,18,57,0,84,64,0,64,148
07/27/2008,BMI,IL,AGL,CE,Federal Contract Tower,6,26,12,0,44,0,0,64,0,64,6,26,76,0,108,30,0,30,138
07/28/2008,BMI,IL,AGL,CE,Federal Contract Tower,7,28,17,0,52,0,0,29,0,29,7,28,46,0,81,52,0,52,133
07/29/2008,BMI,IL,AGL,CE,Federal Contract Tower,8,24,27,0,59,0,0,16,0,16,8,24,43,0,75,26,0,26,101
07/30/2008,BMI,IL,AGL,CE,Federal Contract Tower,9,25,23,1,58,0,0,26,1,27,9,25,49,2,85,10,0,10,95
07/31/2008,BMI,IL,AGL,CE,Federal Contract Tower,6,26,28,0,60,0,0,21,0,21,6,26,49,0,81,40,0,40,121
08/01/2008,BMI,IL,AGL,CE,Federal Contract Tower,8,30,22,0,60,0,0,7,0,7,8,30,29,0,67,6,0,6,73
08/02/2008,BMI,IL,AGL,CE,Federal Contract Tower,8,17,8,0,33,0,0,67,0,67,8,17,75,0,100,42,0,42,142
08/03/2008,BMI,IL,AGL,CE,Federal Contract Tower,5,28,8,0,41,0,0,31,0,31,5,28,39,0,72,2,0,2,74
08/04/2008,BMI,IL,AGL,CE,Federal Contract Tower,10,25,22,0,57,0,0,24,0,24,10,25,46,0,81,22,0,22,103
08/05/2008,BMI,IL,AGL,CE,Federal Contract Tower,8,25,13,0,46,0,0,14,0,14,8,25,27,0,60,20,0,20,80
08/06/2008,BMI,IL,AGL,CE,Federal Contract Tower,9,25,26,1,61,0,0,44,1,45,9,25,70,2,106,32,6,38,144
08/07/2008,BMI,IL,AGL,CE,Federal Contract Tower,7,23,23,0,53,0,0,34,0,34,7,23,57,0,87,18,4,22,109
08/08/2008,BMI,IL,AGL,CE,Federal Contract Tower,8,30,12,0,50,0,0,81,0,81,8,30,93,0,131,36,0,36,167
08/09/2008,BMI,IL,AGL,CE,Federal Contract Tower,11,21,9,0,41,0,0,39,0,39,11,21,48,0,80,52,0,52,132
08/10/2008,BMI,IL,AGL,CE,Federal Contract Tower,6,24,13,0,43,0,0,87,0,87,6,24,100,0,130,70,0,70,200
08/11/2008,BMI,IL,AGL,CE,Federal Contract Tower,7,27,22,0,56,0,0,27,0,27,7,27,49,0,83,18,0,18,101
08/12/2008,BMI,IL,AGL,CE,Federal Contract Tower,8,29,20,2,59,0,0,38,0,38,8,29,58,2,97,32,0,32,129
08/13/2008,BMI,IL,AGL,CE,Federal Contract Tower,10,26,23,0,59,0,0,44,0,44,10,26,67,0,103,56,0,56,159
08/14/2008,BMI,IL,AGL,CE,Federal Contract Tower,7,23,16,0,46,0,0,34,0,34,7,23,50,0,80,60,6,66,146
08/15/2008,BMI,IL,AGL,CE,Federal Contract Tower,8,26,17,2,53,0,0,61,0,61,8,26,78,2,114,12,6,18,132
08/16/2008,BMI,IL,AGL,CE,Federal Contract Tower,9,18,9,0,36,0,0,54,0,54,9,18,63,0,90,42,0,42,132
08/17/2008,BMI,IL,AGL,CE,Federal Contract Tower,3,26,17,0,46,0,0,45,0,45,3,26,62,0,91,6,0,6,97
08/18/2008,BMI,IL,AGL,CE,Federal Contract Tower,8,25,13,0,46,0,0,39,0,39,8,25,52,0,85,26,0,26,111
08/19/2008,BMI,IL,AGL,CE,Federal Contract Tower,8,20,25,0,53,0,0,34,0,34,8,20,59,0,87,40,0,40,127
08/20/2008,BMI,IL,AGL,CE,Federal Contract Tower,7,25,18,0,50,0,0,41,0,41,7,25,59,0,91,42,0,42,133
08/21/2008,BMI,IL,AGL,CE,Federal Contract Tower,5,27,22,0,54,0,0,3,0,3,5,27,25,0,57,0,0,0,57
08/22/2008,BMI,IL,AGL,CE,Federal Contract Tower,5,26,31,2,64,0,0,28,0,28,5,26,59,2,92,6,0,6,98
08/23/2008,BMI,IL,AGL,CE,Federal Contract Tower,8,20,14,0,42,0,0,30,0,30,8,20,44,0,72,18,0,18,90
08/24/2008,BMI,IL,AGL,CE,Federal Contract Tower,5,25,15,0,45,0,0,41,1,42,5,25,56,1,87,6,0,6,93
08/25/2008,BMI,IL,AGL,CE,Federal Contract Tower,6,26,26,0,58,0,0,20,0,20,6,26,46,0,78,34,0,34,112
08/26/2008,BMI,IL,AGL,CE,Federal Contract Tower,7,22,30,0,59,0,0,41,0,41,7,22,71,0,100,36,0,36,136
08/27/2008,BMI,IL,AGL,CE,Federal Contract Tower,7,26,22,0,55,0,0,46,0,46,7,26,68,0,101,38,0,38,139
08/28/2008,BMI,IL,AGL,CE,Federal Contract Tower,7,23,17,0,47,0,0,13,0,13,7,23,30,0,60,56,0,56,116
08/29/2008,BMI,IL,AGL,CE,Federal Contract Tower,9,25,13,0,47,0,0,40,0,40,9,25,53,0,87,26,0,26,113
08/30/2008,BMI,IL,AGL,CE,Federal Contract Tower,9,14,17,0,40,0,0,49,0,49,9,14,66,0,89,44,0,44,133
08/31/2008,BMI,IL,AGL,CE,Federal Contract Tower,8,12,7,0,27,0,0,52,0,52,8,12,59,0,79,14,0,14,93
09/01/2008,BMI,IL,AGL,CE,Federal Contract Tower,4,24,6,0,34,0,0,51,0,51,4,24,57,0,85,14,0,14,99
09/02/2008,BMI,IL,AGL,CE,Federal Contract Tower,9,25,23,2,59,0,0,24,0,24,9,25,47,2,83,16,6,22,105
09/03/2008,BMI,IL,AGL,CE,Federal Contract Tower,12,21,16,0,49,0,0,4,0,4,12,21,20,0,53,0,0,0,53
09/04/2008,BMI,IL,AGL,CE,Federal Contract Tower,11,18,14,0,43,0,0,0,0,0,11,18,14,0,43,0,0,0,43
09/05/2008,BMI,IL,AGL,CE,Federal Contract Tower,12,25,34,1,72,0,0,14,0,14,12,25,48,1,86,22,0,22,108
09/06/2008,BMI,IL,AGL,CE,Federal Contract Tower,10,17,13,0,40,0,0,51,2,53,10,17,64,2,93,22,0,22,115
09/07/2008,BMI,IL,AGL,CE,Federal Contract Tower,9,18,27,0,54,0,0,24,0,24,9,18,51,0,78,32,0,32,110
09/08/2008,BMI,IL,AGL,CE,Federal Contract Tower,10,16,25,0,51,0,0,0,0,0,10,16,25,0,51,0,0,0,51
09/09/2008,BMI,IL,AGL,CE,Federal Contract Tower,10,26,30,0,66,0,0,39,0,39,10,26,69,0,105,34,0,34,139
09/10/2008,BMI,IL,AGL,CE,Federal Contract Tower,8,23,24,0,55,0,0,34,0,34,8,23,58,0,89,42,0,42,131
09/11/2008,BMI,IL,AGL,CE,Federal Contract Tower,9,22,23,0,54,0,0,6,0,6,9,22,29,0,60,6,0,6,66
09/12/2008,BMI,IL,AGL,CE,Federal Contract Tower,13,20,12,0,45,0,0,0,0,0,13,20,12,0,45,0,0,0,45
09/13/2008,BMI,IL,AGL,CE,Federal Contract Tower,12,16,3,0,31,0,0,7,0,7,12,16,10,0,38,0,0,0,38
09/14/2008,BMI,IL,AGL,CE,Federal Contract Tower,9,18,5,0,32,0,0,0,0,0,9,18,5,0,32,0,0,0,32
09/15/2008,BMI,IL,AGL,CE,Federal Contract Tower,10,24,25,1,60,0,0,9,0,9,10,24,34,1,69,0,0,0,69
09/16/2008,BMI,IL,AGL,CE,Federal Contract Tower,14,19,23,0,56,0,0,39,0,39,14,19,62,0,95,20,0,20,115
09/17/2008,BMI,IL,AGL,CE,Federal Contract Tower,12,22,23,0,57,0,0,37,0,37,12,22,60,0,94,24,0,24,118
09/18/2008,BMI,IL,AGL,CE,Federal Contract Tower,9,25,22,0,56,0,0,47,0,47,9,25,69,0,103,32,0,32,135
09/19/2008,BMI,IL,AGL,CE,Federal Contract Tower,14,21,18,0,53,0,0,39,2,41,14,21,57,2,94,22,6,28,122
09/20/2008,BMI,IL,AGL,CE,Federal Contract Tower,12,16,2,1,31,0,0,158,0,158,12,16,160,1,189,0,0,0,189
09/21/2008,BMI,IL,AGL,CE,Federal Contract Tower,10,21,9,0,40,0,0,33,0,33,10,21,42,0,73,18,0,18,91
09/22/2008,BMI,IL,AGL,CE,Federal Contract Tower,13,17,16,0,46,0,0,43,0,43,13,17,59,0,89,14,0,14,103
09/23/2008,BMI,IL,AGL,CE,Federal Contract Tower,10,24,25,1,60,0,0,23,2,25,10,24,48,3,85,10,0,10,95
09/24/2008,BMI,IL,AGL,CE,Federal Contract Tower,13,18,29,1,61,0,0,25,0,25,13,18,54,1,86,24,0,24,110
09/25/2008,BMI,IL,AGL,CE,Federal Contract Tower,10,24,26,2,62,0,0,21,0,21,10,24,47,2,83,14,0,14,97
09/26/2008,BMI,IL,AGL,CE,Federal Contract Tower,12,23,21,2,58,0,0,31,0,31,12,23,52,2,89,18,0,18,107
09/27/2008,BMI,IL,AGL,CE,Federal Contract Tower,12,14,15,0,41,0,0,56,0,56,12,14,71,0,97,16,2,18,115
09/28/2008,BMI,IL,AGL,CE,Federal Contract Tower,8,16,15,0,39,0,0,38,0,38,8,16,53,0,77,28,0,28,105
09/29/2008,BMI,IL,AGL,CE,Federal Contract Tower,12,19,11,0,42,0,0,7,0,7,12,19,18,0,49,20,0,20,69
09/30/2008,BMI,IL,AGL,CE,Federal Contract Tower,12,23,22,0,57,0,0,18,0,18,12,23,40,0,75,22,0,22,97
10/01/2008,BMI,IL,AGL,CE,Federal Contract Tower,10,20,17,1,48,0,0,18,0,18,10,20,35,1,66,18,10,28,94
10/02/2008,BMI,IL,AGL,CE,Federal Contract Tower,9,23,23,0,55,0,0,28,0,28,9,23,51,0,83,26,0,26,109
10/03/2008,BMI,IL,AGL,CE,Federal Contract Tower,12,22,24,0,58,0,0,40,0,40,12,22,64,0,98,24,0,24,122
10/04/2008,BMI,IL,AGL,CE,Federal Contract Tower,10,16,21,0,47,0,0,89,0,89,10,16,110,0,136,10,0,10,146
10/05/2008,BMI,IL,AGL,CE,Federal Contract Tower,8,20,11,0,39,0,0,13,0,13,8,20,24,0,52,8,0,8,60
10/06/2008,BMI,IL,AGL,CE,Federal Contract Tower,11,22,19,0,52,0,0,26,0,26,11,22,45,0,78,30,0,30,108
10/07/2008,BMI,IL,AGL,CE,Federal Contract Tower,14,23,17,0,54,0,0,3,0,3,14,23,20,0,57,0,0,0,57
10/08/2008,BMI,IL,AGL,CE,Federal Contract Tower,8,24,26,0,58,0,0,30,0,30,8,24,56,0,88,22,0,22,110
10/09/2008,BMI,IL,AGL,CE,Federal Contract Tower,13,24,24,2,63,0,0,48,0,48,13,24,72,2,111,22,0,22,133
10/10/2008,BMI,IL,AGL,CE,Federal Contract Tower,11,24,29,0,64,0,0,42,0,42,11,24,71,0,106,10,0,10,116
10/11/2008,BMI,IL,AGL,CE,Federal Contract Tower,8,17,10,0,35,0,0,62,0,62,8,17,72,0,97,40,0,40,137
10/12/2008,BMI,IL,AGL,CE,Federal Contract Tower,11,21,11,0,43,0,0,62,0,62,11,21,73,0,105,22,0,22,127
10/13/2008,BMI,IL,AGL,CE,Federal Contract Tower,9,20,9,0,38,0,0,35,0,35,9,20,44,0,73,34,0,34,107
10/14/2008,BMI,IL,AGL,CE,Federal Contract Tower,12,21,17,0,50,0,0,11,0,11,12,21,28,0,61,12,0,12,73
10/15/2008,BMI,IL,AGL,CE,Federal Contract Tower,9,19,24,0,52,0,0,0,0,0,9,19,24,0,52,0,0,0,52
10/16/2008,BMI,IL,AGL,CE,Federal Contract Tower,11,25,24,0,60,0,0,23,0,23,11,25,47,0,83,20,0,20,103
10/17/2008,BMI,IL,AGL,CE,Federal Contract Tower,12,22,17,0,51,0,0,23,0,23,12,22,40,0,74,18,0,18,92
10/18/2008,BMI,IL,AGL,CE,Federal Contract Tower,8,15,7,0,30,0,0,39,0,39,8,15,46,0,69,48,2,50,119
10/19/2008,BMI,IL,AGL,CE,Federal Contract Tower,11,22,8,0,41,0,0,54,0,54,11,22,62,0,95,30,0,30,125
10/20/2008,BMI,IL,AGL,CE,Federal Contract Tower,10,21,22,0,53,0,0,17,0,17,10,21,39,0,70,0,0,0,70
10/21/2008,BMI,IL,AGL,CE,Federal Contract Tower,12,24,32,0,68,0,0,48,0,48,12,24,80,0,116,32,0,32,148
10/22/2008,BMI,IL,AGL,CE,Federal Contract Tower,7,27,14,0,48,0,0,19,0,19,7,27,33,0,67,2,0,2,69
10/23/2008,BMI,IL,AGL,CE,Federal Contract Tower,11,24,25,0,60,0,0,4,2,6,11,24,29,2,66,0,0,0,66
10/24/2008,BMI,IL,AGL,CE,Federal Contract Tower,9,22,25,0,56,0,0,21,0,21,9,22,46,0,77,0,0,0,77
10/25/2008,BMI,IL,AGL,CE,Federal Contract Tower,10,19,16,0,45,0,0,8,0,8,10,19,24,0,53,6,0,6,59
10/26/2008,BMI,IL,AGL,CE,Federal Contract Tower,10,16,8,0,34,0,0,6,0,6,10,16,14,0,40,4,0,4,44
10/27/2008,BMI,IL,AGL,CE,Federal Contract Tower,12,18,21,0,51,0,0,3,0,3,12,18,24,0,54,10,2,12,66
10/28/2008,BMI,IL,AGL,CE,Federal Contract Tower,11,21,23,0,55,0,0,21,0,21,11,21,44,0,76,10,2,12,88
10/29/2008,BMI,IL,AGL,CE,Federal Contract Tower,8,24,9,0,41,0,0,34,0,34,8,24,43,0,75,34,0,34,109
10/30/2008,BMI,IL,AGL,CE,Federal Contract Tower,11,22,26,2,61,0,0,11,0,11,11,22,37,2,72,28,0,28,100
10/31/2008,BMI,IL,AGL,CE,Federal Contract Tower,8,25,7,0,40,0,0,35,0,35,8,25,42,0,75,26,0,26,101
11/01/2008,BMI,IL,AGL,CE,Federal Contract Tower,14,15,20,0,49,0,0,36,0,36,14,15,56,0,85,62,0,62,147
11/02/2008,BMI,IL,AGL,CE,Federal Contract Tower,9,18,11,0,38,0,0,47,0,47,9,18,58,0,85,6,0,6,91
11/03/2008,BMI,IL,AGL,CE,Federal Contract Tower,9,19,17,0,45,0,0,21,0,21,9,19,38,0,66,16,0,16,82
11/04/2008,BMI,IL,AGL,CE,Federal Contract Tower,11,19,19,2,51,0,0,34,0,34,11,19,53,2,85,44,4,48,133
11/05/2008,BMI,IL,AGL,CE,Federal Contract Tower,9,16,27,0,52,0,0,8,0,8,9,16,35,0,60,2,0,2,62
11/06/2008,BMI,IL,AGL,CE,Federal Contract Tower,10,19,27,0,56,0,0,6,0,6,10,19,33,0,62,0,0,0,62
11/07/2008,BMI,IL,AGL,CE,Federal Contract Tower,11,16,25,0,52,0,0,11,0,11,11,16,36,0,63,6,0,6,69
11/08/2008,BMI,IL,AGL,CE,Federal Contract Tower,12,15,8,0,35,0,0,5,0,5,12,15,13,0,40,0,0,0,40
11/09/2008,BMI,IL,AGL,CE,Federal Contract Tower,10,17,2,0,29,0,0,4,0,4,10,17,6,0,33,0,0,0,33
11/10/2008,BMI,IL,AGL,CE,Federal Contract Tower,9,19,15,0,43,0,0,33,0,33,9,19,48,0,76,14,0,14,90
11/11/2008,BMI,IL,AGL,CE,Federal Contract Tower,11,13,17,0,41,0,0,0,0,0,11,13,17,0,41,0,0,0,41
11/12/2008,BMI,IL,AGL,CE,Federal Contract Tower,8,17,21,0,46,0,0,2,0,2,8,17,23,0,48,0,0,0,48
11/13/2008,BMI,IL,AGL,CE,Federal Contract Tower,11,18,35,0,64,0,0,9,0,9,11,18,44,0,73,18,0,18,91
11/14/2008,BMI,IL,AGL,CE,Federal Contract Tower,7,13,25,0,45,0,0,1,0,1,7,13,26,0,46,0,0,0,46
11/15/2008,BMI,IL,AGL,CE,Federal Contract Tower,8,18,7,0,33,0,0,3,0,3,8,18,10,0,36,0,0,0,36
11/16/2008,BMI,IL,AGL,CE,Federal Contract Tower,10,17,9,0,36,0,0,54,0,54,10,17,63,0,90,36,0,36,126
11/17/2008,BMI,IL,AGL,CE,Federal Contract Tower,9,18,12,0,39,0,0,9,0,9,9,18,21,0,48,0,0,0,48
11/18/2008,BMI,IL,AGL,CE,Federal Contract Tower,11,19,23,0,53,0,0,25,1,26,11,19,48,1,79,22,0,22,101
11/19/2008,BMI,IL,AGL,CE,Federal Contract Tower,8,20,11,0,39,0,0,8,0,8,8,20,19,0,47,0,0,0,47
11/20/2008,BMI,IL,AGL,CE,Federal Contract Tower,11,19,17,0,47,0,0,20,4,24,11,19,37,4,71,6,0,6,77
11/21/2008,BMI,IL,AGL,CE,Federal Contract Tower,9,21,22,0,52,0,0,42,0,42,9,21,64,0,94,16,0,16,110
11/22/2008,BMI,IL,AGL,CE,Federal Contract Tower,10,14,2,0,26,0,0,23,0,23,10,14,25,0,49,6,0,6,55
11/23/2008,BMI,IL,AGL,CE,Federal Contract Tower,10,16,13,0,39,0,0,95,0,95,10,16,108,0,134,12,0,12,146
11/24/2008,BMI,IL,AGL,CE,Federal Contract Tower,9,18,12,0,39,0,0,8,0,8,9,18,20,0,47,4,0,4,51
11/25/2008,BMI,IL,AGL,CE,Federal Contract Tower,11,22,15,0,48,0,0,26,0,26,11,22,41,0,74,28,0,28,102
11/26/2008,BMI,IL,AGL,CE,Federal Contract Tower,9,19,17,0,45,0,0,25,0,25,9,19,42,0,70,16,0,16,86
11/27/2008,BMI,IL,AGL,CE,Federal Contract Tower,7,11,1,0,19,0,0,9,0,9,7,11,10,0,28,8,0,8,36
11/28/2008,BMI,IL,AGL,CE,Federal Contract Tower,5,13,6,0,24,0,0,24,0,24,5,13,30,0,48,14,0,14,62
11/29/2008,BMI,IL,AGL,CE,Federal Contract Tower,9,15,10,0,34,0,0,36,0,36,9,15,46,0,70,12,0,12,82
11/30/2008,BMI,IL,AGL,CE,Federal Contract Tower,11,11,3,0,25,0,0,0,0,0,11,11,3,0,25,0,0,0,25
12/01/2008,BMI,IL,AGL,CE,Federal Contract Tower,8,19,10,0,37,0,0,0,0,0,8,19,10,0,37,0,0,0,37
12/02/2008,BMI,IL,AGL,CE,Federal Contract Tower,11,18,29,0,58,0,0,6,0,6,11,18,35,0,64,18,0,18,82
12/03/2008,BMI,IL,AGL,CE,Federal Contract Tower,9,16,17,0,42,0,0,2,0,2,9,16,19,0,44,0,0,0,44
12/04/2008,BMI,IL,AGL,CE,Federal Contract Tower,11,19,17,0,47,0,0,8,0,8,11,19,25,0,55,8,0,8,63
12/05/2008,BMI,IL,AGL,CE,Federal Contract Tower,9,18,12,0,39,0,0,5,0,5,9,18,17,0,44,10,0,10,54
12/06/2008,BMI,IL,AGL,CE,Federal Contract Tower,8,17,3,0,28,0,0,0,0,0,8,17,3,0,28,0,0,0,28
12/07/2008,BMI,IL,AGL,CE,Federal Contract Tower,10,19,12,0,41,0,0,10,0,10,10,19,22,0,51,2,0,2,53
12/08/2008,BMI,IL,AGL,CE,Federal Contract Tower,9,16,15,8,48,0,0,5,2,7,9,16,20,10,55,0,4,4,59
12/09/2008,BMI,IL,AGL,CE,Federal Contract Tower,11,18,13,0,42,0,0,0,0,0,11,18,13,0,42,0,0,0,42
12/10/2008,BMI,IL,AGL,CE,Federal Contract Tower,9,17,29,0,55,0,0,7,0,7,9,17,36,0,62,12,0,12,74
12/11/2008,BMI,IL,AGL,CE,Federal Contract Tower,11,20,20,0,51,0,0,20,2,22,11,20,40,2,73,0,0,0,73
12/12/2008,BMI,IL,AGL,CE,Federal Contract Tower,9,20,12,0,41,0,0,19,0,19,9,20,31,0,60,4,0,4,64
12/13/2008,BMI,IL,AGL,CE,Federal Contract Tower,10,15,4,0,29,0,0,0,0,0,10,15,4,0,29,0,0,0,29
12/14/2008,BMI,IL,AGL,CE,Federal Contract Tower,11,20,11,0,42,0,0,0,0,0,11,20,11,0,42,0,0,0,42
12/15/2008,BMI,IL,AGL,CE,Federal Contract Tower,9,15,14,0,38,0,0,6,0,6,9,15,20,0,44,0,0,0,44
12/16/2008,BMI,IL,AGL,CE,Federal Contract Tower,9,11,12,0,32,0,0,0,0,0,9,11,12,0,32,0,0,0,32
12/17/2008,BMI,IL,AGL,CE,Federal Contract Tower,9,20,15,1,45,0,0,4,0,4,9,20,19,1,49,0,0,0,49
12/18/2008,BMI,IL,AGL,CE,Federal Contract Tower,8,23,14,0,45,0,0,9,0,9,8,23,23,0,54,0,0,0,54
12/19/2008,BMI,IL,AGL,CE,Federal Contract Tower,5,5,7,0,17,0,0,1,0,1,5,5,8,0,18,0,0,0,18
12/20/2008,BMI,IL,AGL,CE,Federal Contract Tower,8,22,3,0,33,0,0,1,0,1,8,22,4,0,34,0,0,0,34
12/21/2008,BMI,IL,AGL,CE,Federal Contract Tower,9,20,1,0,30,0,0,0,0,0,9,20,1,0,30,0,0,0,30
12/22/2008,BMI,IL,AGL,CE,Federal Contract Tower,7,21,11,0,39,0,0,13,0,13,7,21,24,0,52,6,0,6,58
12/23/2008,BMI,IL,AGL,CE,Federal Contract Tower,10,16,5,0,31,0,0,0,0,0,10,16,5,0,31,0,0,0,31
12/24/2008,BMI,IL,AGL,CE,Federal Contract Tower,5,15,5,0,25,0,0,3,0,3,5,15,8,0,28,0,0,0,28
12/25/2008,BMI,IL,AGL,CE,Federal Contract Tower,8,13,1,0,22,0,0,2,0,2,8,13,3,0,24,0,0,0,24
12/26/2008,BMI,IL,AGL,CE,Federal Contract Tower,1,1,0,0,2,0,0,0,0,0,1,1,0,0,2,0,0,0,2
12/27/2008,BMI,IL,AGL,CE,Federal Contract Tower,8,22,2,0,32,0,0,0,0,0,8,22,2,0,32,0,0,0,32
12/28/2008,BMI,IL,AGL,CE,Federal Contract Tower,8,20,4,0,32,0,0,26,0,26,8,20,30,0,58,16,0,16,74
12/29/2008,BMI,IL,AGL,CE,Federal Contract Tower,7,20,18,0,45,0,0,53,0,53,7,20,71,0,98,16,0,16,114
12/30/2008,BMI,IL,AGL,CE,Federal Contract Tower,9,22,14,0,45,0,0,38,0,38,9,22,52,0,83,4,0,4,87
12/31/2008,BMI,IL,AGL,CE,Federal Contract Tower,6,17,6,0,29,0,0,26,0,26,6,17,32,0,55,16,0,16,71
01/01/2009,BMI,IL,AGL,CE,Federal Contract Tower,6,14,3,0,23,0,0,11,0,11,6,14,14,0,34,0,0,0,34
01/02/2009,BMI,IL,AGL,CE,Federal Contract Tower,7,20,11,0,38,0,0,41,0,41,7,20,52,0,79,38,0,38,117
01/03/2009,BMI,IL,AGL,CE,Federal Contract Tower,6,16,7,0,29,0,0,5,0,5,6,16,12,0,34,0,0,0,34
01/04/2009,BMI,IL,AGL,CE,Federal Contract Tower,6,20,11,0,37,0,0,5,0,5,6,20,16,0,42,0,0,0,42
01/05/2009,BMI,IL,AGL,CE,Federal Contract Tower,7,23,25,0,55,0,0,21,0,21,7,23,46,0,76,16,0,16,92
01/06/2009,BMI,IL,AGL,CE,Federal Contract Tower,9,14,19,0,42,0,0,0,0,0,9,14,19,0,42,0,0,0,42
01/07/2009,BMI,IL,AGL,CE,Federal Contract Tower,7,18,9,0,34,0,0,1,0,1,7,18,10,0,35,6,0,6,41
01/08/2009,BMI,IL,AGL,CE,Federal Contract Tower,9,22,18,0,49,0,0,22,0,22,9,22,40,0,71,30,0,30,101
01/09/2009,BMI,IL,AGL,CE,Federal Contract Tower,7,21,20,0,48,0,0,21,0,21,7,21,41,0,69,38,0,38,107
01/10/2009,BMI,IL,AGL,CE,Federal Contract Tower,8,16,3,0,27,0,0,0,0,0,8,16,3,0,27,0,0,0,27
01/11/2009,BMI,IL,AGL,CE,Federal Contract Tower,9,19,4,0,32,0,0,2,0,2,9,19,6,0,34,0,0,0,34
01/12/2009,BMI,IL,AGL,CE,Federal Contract Tower,7,22,12,0,41,0,0,0,0,0,7,22,12,0,41,0,0,0,41
01/13/2009,BMI,IL,AGL,CE,Federal Contract Tower,9,18,18,2,47,0,0,0,0,0,9,18,18,2,47,0,0,0,47
01/14/2009,BMI,IL,AGL,CE,Federal Contract Tower,8,15,12,0,35,0,0,0,0,0,8,15,12,0,35,0,0,0,35
01/15/2009,BMI,IL,AGL,CE,Federal Contract Tower,10,22,16,0,48,0,0,7,0,7,10,22,23,0,55,0,0,0,55
01/16/2009,BMI,IL,AGL,CE,Federal Contract Tower,6,24,10,0,40,0,0,6,0,6,6,24,16,0,46,0,0,0,46
01/17/2009,BMI,IL,AGL,CE,Federal Contract Tower,9,17,2,0,28,0,0,4,0,4,9,17,6,0,32,0,0,0,32
01/18/2009,BMI,IL,AGL,CE,Federal Contract Tower,9,18,11,0,38,0,0,16,0,16,9,18,27,0,54,6,0,6,60
01/19/2009,BMI,IL,AGL,CE,Federal Contract Tower,7,23,14,0,44,0,0,20,0,20,7,23,34,0,64,20,0,20,84
01/20/2009,BMI,IL,AGL,CE,Federal Contract Tower,7,19,15,0,41,0,0,18,0,18,7,19,33,0,59,10,0,10,69
01/21/2009,BMI,IL,AGL,CE,Federal Contract Tower,8,17,17,0,42,0,0,17,0,17,8,17,34,0,59,28,0,28,87
01/22/2009,BMI,IL,AGL,CE,Federal Contract Tower,9,20,21,0,50,0,0,36,0,36,9,20,57,0,86,6,0,6,92
01/23/2009,BMI,IL,AGL,CE,Federal Contract Tower,7,19,18,0,44,0,0,5,0,5,7,19,23,0,49,0,0,0,49
01/24/2009,BMI,IL,AGL,CE,Federal Contract Tower,9,18,13,0,40,0,0,24,0,24,9,18,37,0,64,16,0,16,80
01/25/2009,BMI,IL,AGL,CE,Federal Contract Tower,9,20,6,0,35,0,0,2,0,2,9,20,8,0,37,0,0,0,37
01/26/2009,BMI,IL,AGL,CE,Federal Contract Tower,7,19,19,0,45,0,0,3,0,3,7,19,22,0,48,0,8,8,56
01/27/2009,BMI,IL,AGL,CE,Federal Contract Tower,8,20,14,0,42,0,0,0,0,0,8,20,14,0,42,2,0,2,44
01/28/2009,BMI,IL,AGL,CE,Federal Contract Tower,7,20,10,0,37,0,0,15,0,15,7,20,25,0,52,12,0,12,64
01/29/2009,BMI,IL,AGL,CE,Federal Contract Tower,9,19,23,0,51,0,0,4,0,4,9,19,27,0,55,0,0,0,55
01/30/2009,BMI,IL,AGL,CE,Federal Contract Tower,7,20,10,0,37,0,0,23,0,23,7,20,33,0,60,20,0,20,80
01/31/2009,BMI,IL,AGL,CE,Federal Contract Tower,10,15,3,0,28,0,0,21,0,21,10,15,24,0,49,46,0,46,95
02/01/2009,BMI,IL,AGL,CE,Federal Contract Tower,9,22,13,0,44,0,0,27,0,27,9,22,40,0,71,12,0,12,83
02/02/2009,BMI,IL,AGL,CE,Federal Contract Tower,7,22,17,2,48,0,0,4,0,4,7,22,21,2,52,0,0,0,52
02/03/2009,BMI,IL,AGL,CE,Federal Contract Tower,9,18,22,0,49,0,0,2,0,2,9,18,24,0,51,0,0,0,51
02/04/2009,BMI,IL,AGL,CE,Federal Contract Tower,7,17,9,5,38,0,0,5,0,5,7,17,14,5,43,4,4,8,51
02/05/2009,BMI,IL,AGL,CE,Federal Contract Tower,9,20,18,0,47,0,0,11,0,11,9,20,29,0,58,2,6,8,66
02/06/2009,BMI,IL,AGL,CE,Federal Contract Tower,7,25,12,0,44,0,0,30,0,30,7,25,42,0,74,14,0,14,88
02/07/2009,BMI,IL,AGL,CE,Federal Contract Tower,9,18,14,0,41,0,0,18,0,18,9,18,32,0,59,18,0,18,77
02/08/2009,BMI,IL,AGL,CE,Federal Contract Tower,9,19,29,4,61,0,0,3,0,3,9,19,32,4,64,0,0,0,64
02/09/2009,BMI,IL,AGL,CE,Federal Contract Tower,7,20,22,2,51,0,0,6,0,6,7,20,28,2,57,0,0,0,57
02/10/2009,BMI,IL,AGL,CE,Federal Contract Tower,8,18,22,5,53,0,0,8,0,8,8,18,30,5,61,4,0,4,65
02/11/2009,BMI,IL,AGL,CE,Federal Contract Tower,7,20,11,0,38,0,0,0,0,0,7,20,11,0,38,0,0,0,38
02/12/2009,BMI,IL,AGL,CE,Federal Contract Tower,9,20,14,0,43,0,0,8,0,8,9,20,22,0,51,8,0,8,59
02/13/2009,BMI,IL,AGL,CE,Federal Contract Tower,6,22,20,0,48,0,0,37,0,37,6,22,57,0,85,8,0,8,93
02/14/2009,BMI,IL,AGL,CE,Federal Contract Tower,9,16,5,0,30,0,0,4,0,4,9,16,9,0,34,0,0,0,34
02/15/2009,BMI,IL,AGL,CE,Federal Contract Tower,9,16,12,0,37,0,0,58,0,58,9,16,70,0,95,28,0,28,123
02/16/2009,BMI,IL,AGL,CE,Federal Contract Tower,8,18,9,0,35,0,0,35,0,35,8,18,44,0,70,6,0,6,76
02/17/2009,BMI,IL,AGL,CE,Federal Contract Tower,9,17,17,0,43,0,0,8,0,8,9,17,25,0,51,0,0,0,51
02/18/2009,BMI,IL,AGL,CE,Federal Contract Tower,6,18,18,0,42,0,0,0,0,0,6,18,18,0,42,0,0,0,42
02/19/2009,BMI,IL,AGL,CE,Federal Contract Tower,8,21,24,0,53,0,0,9,0,9,8,21,33,0,62,4,0,4,66
02/20/2009,BMI,IL,AGL,CE,Federal Contract Tower,8,20,16,0,44,0,0,37,0,37,8,20,53,0,81,12,0,12,93
02/21/2009,BMI,IL,AGL,CE,Federal Contract Tower,12,15,3,0,30,0,0,0,0,0,12,15,3,0,30,0,0,0,30
02/22/2009,BMI,IL,AGL,CE,Federal Contract Tower,9,20,8,0,37,0,0,32,0,32,9,20,40,0,69,18,0,18,87
02/23/2009,BMI,IL,AGL,CE,Federal Contract Tower,7,19,18,2,46,0,0,27,0,27,7,19,45,2,73,38,8,46,119
02/24/2009,BMI,IL,AGL,CE,Federal Contract Tower,9,17,18,0,44,0,0,13,0,13,9,17,31,0,57,6,0,6,63
02/25/2009,BMI,IL,AGL,CE,Federal Contract Tower,7,25,23,2,57,0,0,20,0,20,7,25,43,2,77,0,10,10,87
02/26/2009,BMI,IL,AGL,CE,Federal Contract Tower,8,18,16,0,42,0,0,0,0,0,8,18,16,0,42,0,0,0,42
02/27/2009,BMI,IL,AGL,CE,Federal Contract Tower,7,24,14,0,45,0,0,5,0,5,7,24,19,0,50,18,0,18,68
02/28/2009,BMI,IL,AGL,CE,Federal Contract Tower,8,18,3,0,29,0,0,5,0,5,8,18,8,0,34,16,0,16,50
03/01/2009,BMI,IL,AGL,CE,Federal Contract Tower,6,13,9,0,28,0,0,47,0,47,6,13,56,0,75,34,0,34,109
03/02/2009,BMI,IL,AGL,CE,Federal Contract Tower,7,19,15,3,44,0,0,25,0,25,7,19,40,3,69,0,4,4,73
03/03/2009,BMI,IL,AGL,CE,Federal Contract Tower,9,20,22,0,51,0,0,18,0,18,9,20,40,0,69,12,0,12,81
03/04/2009,BMI,IL,AGL,CE,Federal Contract Tower,7,20,9,0,36,0,0,9,0,9,7,20,18,0,45,8,0,8,53
03/05/2009,BMI,IL,AGL,CE,Federal Contract Tower,9,20,25,0,54,0,0,9,0,9,9,20,34,0,63,2,0,2,65
03/06/2009,BMI,IL,AGL,CE,Federal Contract Tower,7,22,7,0,36,0,0,26,0,26,7,22,33,0,62,42,0,42,104
03/07/2009,BMI,IL,AGL,CE,Federal Contract Tower,9,15,20,0,44,0,0,3,0,3,9,15,23,0,47,0,0,0,47
03/08/2009,BMI,IL,AGL,CE,Federal Contract Tower,9,12,7,0,28,0,0,0,0,0,9,12,7,0,28,0,0,0,28
03/09/2009,BMI,IL,AGL,CE,Federal Contract Tower,6,18,18,0,42,0,0,0,0,0,6,18,18,0,42,0,0,0,42
03/10/2009,BMI,IL,AGL,CE,Federal Contract Tower,9,22,14,2,47,0,0,0,0,0,9,22,14,2,47,0,0,0,47
03/11/2009,BMI,IL,AGL,CE,Federal Contract Tower,7,16,17,4,44,0,0,14,1,15,7,16,31,5,59,0,6,6,65
03/12/2009,BMI,IL,AGL,CE,Federal Contract Tower,9,20,22,0,51,0,0,8,0,8,9,20,30,0,59,2,0,2,61
03/13/2009,BMI,IL,AGL,CE,Federal Contract Tower,6,20,9,0,35,0,0,32,0,32,6,20,41,0,67,38,0,38,105
03/14/2009,BMI,IL,AGL,CE,Federal Contract Tower,9,14,8,0,31,0,0,68,0,68,9,14,76,0,99,30,0,30,129
03/15/2009,BMI,IL,AGL,CE,Federal Contract Tower,8,24,14,0,46,0,0,43,0,43,8,24,57,0,89,22,0,22,111
03/16/2009,BMI,IL,AGL,CE,Federal Contract Tower,6,20,16,0,42,0,0,28,0,28,6,20,44,0,70,26,0,26,96
03/17/2009,BMI,IL,AGL,CE,Federal Contract Tower,7,20,14,0,41,0,0,9,0,9,7,20,23,0,50,2,0,2,52
03/18/2009,BMI,IL,AGL,CE,Federal Contract Tower,6,16,19,0,41,0,0,5,1,6,6,16,24,1,47,2,0,2,49
03/19/2009,BMI,IL,AGL,CE,Federal Contract Tower,9,20,14,0,43,0,0,19,0,19,9,20,33,0,62,8,0,8,70
03/20/2009,BMI,IL,AGL,CE,Federal Contract Tower,7,23,14,0,44,0,0,53,0,53,7,23,67,0,97,36,0,36,133
03/21/2009,BMI,IL,AGL,CE,Federal Contract Tower,9,16,10,0,35,0,0,55,0,55,9,16,65,0,90,26,0,26,116
03/22/2009,BMI,IL,AGL,CE,Federal Contract Tower,9,18,5,0,32,0,0,16,0,16,9,18,21,0,48,16,0,16,64
03/23/2009,BMI,IL,AGL,CE,Federal Contract Tower,7,23,10,0,40,0,0,2,0,2,7,23,12,0,42,0,0,0,42
03/24/2009,BMI,IL,AGL,CE,Federal Contract Tower,9,18,22,0,49,0,0,0,0,0,9,18,22,0,49,0,0,0,49
03/25/2009,BMI,IL,AGL,CE,Federal Contract Tower,7,17,13,4,41,0,0,14,0,14,7,17,27,4,55,6,0,6,61
03/26/2009,BMI,IL,AGL,CE,Federal Contract Tower,6,20,21,0,47,0,0,36,0,36,6,20,57,0,83,16,0,16,99
03/27/2009,BMI,IL,AGL,CE,Federal Contract Tower,5,17,8,0,30,0,0,28,0,28,5,17,36,0,58,20,0,20,78
03/28/2009,BMI,IL,AGL,CE,Federal Contract Tower,8,19,1,0,28,0,0,6,0,6,8,19,7,0,34,0,0,0,34
03/29/2009,BMI,IL,AGL,CE,Federal Contract Tower,8,20,19,0,47,0,0,8,0,8,8,20,27,0,55,16,0,16,71
03/30/2009,BMI,IL,AGL,CE,Federal Contract Tower,7,23,12,2,44,0,0,20,2,22,7,23,32,4,66,24,0,24,90
03/31/2009,BMI,IL,AGL,CE,Federal Contract Tower,8,19,15,0,42,0,0,0,0,0,8,19,15,0,42,0,0,0,42
04/01/2009,BMI,IL,AGL,CE,Federal Contract Tower,6,14,13,2,35,0,0,18,2,20,6,14,31,4,55,12,0,12,67
04/02/2009,BMI,IL,AGL,CE,Federal Contract Tower,7,21,15,0,43,0,0,13,0,13,7,21,28,0,56,0,0,0,56
04/03/2009,BMI,IL,AGL,CE,Federal Contract Tower,6,22,15,0,43,0,0,40,0,40,6,22,55,0,83,22,0,22,105
04/04/2009,BMI,IL,AGL,CE,Federal Contract Tower,9,14,13,0,36,0,0,57,0,57,9,14,70,0,93,30,0,30,123
04/05/2009,BMI,IL,AGL,CE,Federal Contract Tower,9,19,2,1,31,0,0,2,0,2,9,19,4,1,33,0,2,2,35
04/06/2009,BMI,IL,AGL,CE,Federal Contract Tower,5,22,5,2,34,0,0,4,0,4,5,22,9,2,38,4,6,10,48
04/07/2009,BMI,IL,AGL,CE,Federal Contract Tower,7,24,14,0,45,0,0,14,0,14,7,24,28,0,59,10,0,10,69
04/08/2009,BMI,IL,AGL,CE,Federal Contract Tower,7,18,19,4,48,0,0,34,0,34,7,18,53,4,82,12,0,12,94
04/09/2009,BMI,IL,AGL,CE,Federal Contract Tower,8,19,17,0,44,0,0,37,0,37,8,19,54,0,81,28,0,28,109
04/10/2009,BMI,IL,AGL,CE,Federal Contract Tower,5,27,4,0,36,0,0,0,0,0,5,27,4,0,36,0,0,0,36
04/11/2009,BMI,IL,AGL,CE,Federal Contract Tower,9,16,8,0,33,0,0,52,0,52,9,16,60,0,85,16,0,16,101
04/12/2009,BMI,IL,AGL,CE,Federal Contract Tower,6,17,13,0,36,0,0,15,0,15,6,17,28,0,51,0,0,0,51
04/13/2009,BMI,IL,AGL,CE,Federal Contract Tower,6,18,15,0,39,0,0,0,0,0,6,18,15,0,39,0,0,0,39
04/14/2009,BMI,IL,AGL,CE,Federal Contract Tower,7,22,7,2,38,0,0,0,0,0,7,22,7,2,38,0,0,0,38
04/15/2009,BMI,IL,AGL,CE,Federal Contract Tower,7,22,14,0,43,0,0,29,0,29,7,22,43,0,72,34,0,34,106
04/16/2009,BMI,IL,AGL,CE,Federal Contract Tower,9,23,19,0,51,0,0,34,0,34,9,23,53,0,85,34,0,34,119
04/17/2009,BMI,IL,AGL,CE,Federal Contract Tower,7,18,17,0,42,0,0,54,0,54,7,18,71,0,96,36,0,36,132
04/18/2009,BMI,IL,AGL,CE,Federal Contract Tower,9,17,2,0,28,0,0,62,0,62,9,17,64,0,90,24,0,24,114
04/19/2009,BMI,IL,AGL,CE,Federal Contract Tower,9,20,4,0,33,0,0,0,0,0,9,20,4,0,33,0,0,0,33
04/20/2009,BMI,IL,AGL,CE,Federal Contract Tower,6,22,11,0,39,0,0,2,0,2,6,22,13,0,41,0,0,0,41
04/21/2009,BMI,IL,AGL,CE,Federal Contract Tower,9,21,10,0,40,0,0,4,0,4,9,21,14,0,44,0,0,0,44
04/22/2009,BMI,IL,AGL,CE,Federal Contract Tower,7,20,14,0,41,0,0,34,0,34,7,20,48,0,75,20,0,20,95
04/23/2009,BMI,IL,AGL,CE,Federal Contract Tower,8,19,17,2,46,0,0,8,0,8,8,19,25,2,54,4,6,10,64
04/24/2009,BMI,IL,AGL,CE,Federal Contract Tower,7,24,11,0,42,0,0,26,0,26,7,24,37,0,68,0,0,0,68
04/25/2009,BMI,IL,AGL,CE,Federal Contract Tower,11,17,6,0,34,0,0,11,0,11,11,17,17,0,45,6,0,6,51
04/26/2009,BMI,IL,AGL,CE,Federal Contract Tower,9,20,10,0,39,0,0,6,0,6,9,20,16,0,45,0,0,0,45
04/27/2009,BMI,IL,AGL,CE,Federal Contract Tower,7,19,12,0,38,0,0,1,0,1,7,19,13,0,39,0,0,0,39
04/28/2009,BMI,IL,AGL,CE,Federal Contract Tower,9,20,36,0,65,0,0,0,0,0,9,20,36,0,65,0,0,0,65
04/29/2009,BMI,IL,AGL,CE,Federal Contract Tower,7,20,25,2,54,0,0,1,0,1,7,20,26,2,55,0,0,0,55
04/30/2009,BMI,IL,AGL,CE,Federal Contract Tower,6,20,13,0,39,0,0,0,0,0,6,20,13,0,39,0,0,0,39
05/01/2009,BMI,IL,AGL,CE,Federal Contract Tower,9,20,15,0,44,0,0,10,0,10,9,20,25,0,54,8,0,8,62
05/02/2009,BMI,IL,AGL,CE,Federal Contract Tower,11,14,12,0,37,0,0,44,0,44,11,14,56,0,81,26,0,26,107
05/03/2009,BMI,IL,AGL,CE,Federal Contract Tower,11,22,9,0,42,0,0,62,0,62,11,22,71,0,104,52,0,52,156
05/04/2009,BMI,IL,AGL,CE,Federal Contract Tower,8,18,21,0,47,0,0,30,7,37,8,18,51,7,84,32,8,40,124
05/05/2009,BMI,IL,AGL,CE,Federal Contract Tower,11,18,20,0,49,0,0,37,0,37,11,18,57,0,86,20,0,20,106
05/06/2009,BMI,IL,AGL,CE,Federal Contract Tower,9,17,12,3,41,0,0,3,0,3,9,17,15,3,44,2,10,12,56
05/07/2009,BMI,IL,AGL,CE,Federal Contract Tower,9,20,16,0,45,0,0,7,0,7,9,20,23,0,52,0,0,0,52
05/08/2009,BMI,IL,AGL,CE,Federal Contract Tower,9,15,17,0,41,0,0,8,0,8,9,15,25,0,49,12,0,12,61
05/09/2009,BMI,IL,AGL,CE,Federal Contract Tower,11,16,10,0,37,0,0,16,0,16,11,16,26,0,53,14,0,14,67
05/10/2009,BMI,IL,AGL,CE,Federal Contract Tower,11,20,4,0,35,0,0,38,0,38,11,20,42,0,73,0,0,0,73
05/11/2009,BMI,IL,AGL,CE,Federal Contract Tower,9,20,8,0,37,0,0,39,0,39,9,20,47,0,76,0,0,0,76
05/12/2009,BMI,IL,AGL,CE,Federal Contract Tower,8,18,6,0,32,0,0,8,0,8,8,18,14,0,40,2,4,6,46
05/13/2009,BMI,IL,AGL,CE,Federal Contract Tower,9,18,4,0,31,0,0,0,0,0,9,18,4,0,31,0,0,0,31
05/14/2009,BMI,IL,AGL,CE,Federal Contract Tower,9,20,18,0,47,0,0,25,4,29,9,20,43,4,76,12,0,12,88
05/15/2009,BMI,IL,AGL,CE,Federal Contract Tower,6,23,11,0,40,0,0,0,0,0,6,23,11,0,40,0,0,0,40
05/16/2009,BMI,IL,AGL,CE,Federal Contract Tower,10,14,12,0,36,0,0,12,0,12,10,14,24,0,48,4,0,4,52
05/17/2009,BMI,IL,AGL,CE,Federal Contract Tower,11,20,14,0,45,0,0,49,0,49,11,20,63,0,94,30,0,30,124
05/18/2009,BMI,IL,AGL,CE,Federal Contract Tower,9,21,24,2,56,0,0,24,6,30,9,21,48,8,86,0,0,0,86
05/19/2009,BMI,IL,AGL,CE,Federal Contract Tower,11,18,27,0,56,0,0,33,0,33,11,18,60,0,89,6,0,6,95
05/20/2009,BMI,IL,AGL,CE,Federal Contract Tower,8,19,17,0,44,0,0,24,0,24,8,19,41,0,68,28,0,28,96
05/21/2009,BMI,IL,AGL,CE,Federal Contract Tower,11,17,21,2,51,0,0,32,0,32,11,17,53,2,83,0,2,2,85
05/22/2009,BMI,IL,AGL,CE,Federal Contract Tower,8,18,14,0,40,0,0,48,0,48,8,18,62,0,88,46,0,46,134
05/23/2009,BMI,IL,AGL,CE,Federal Contract Tower,11,15,9,0,35,0,0,24,0,24,11,15,33,0,59,4,0,4,63
05/24/2009,BMI,IL,AGL,CE,Federal Contract Tower,9,14,16,0,39,0,0,28,0,28,9,14,44,0,67,0,0,0,67
05/25/2009,BMI,IL,AGL,CE,Federal Contract Tower,8,19,7,0,34,0,0,14,0,14,8,19,21,0,48,6,0,6,54
05/26/2009,BMI,IL,AGL,CE,Federal Contract Tower,9,22,9,0,40,0,0,7,0,7,9,22,16,0,47,0,0,0,47
05/27/2009,BMI,IL,AGL,CE,Federal Contract Tower,9,21,14,2,46,0,0,7,0,7,9,21,21,2,53,0,0,0,53
05/28/2009,BMI,IL,AGL,CE,Federal Contract Tower,10,18,19,2,49,0,0,19,0,19,10,18,38,2,68,16,0,16,84
05/29/2009,BMI,IL,AGL,CE,Federal Contract Tower,6,22,12,0,40,0,0,52,0,52,6,22,64,0,92,2,0,2,94
05/30/2009,BMI,IL,AGL,CE,Federal Contract Tower,12,13,8,0,33,0,0,27,0,27,12,13,35,0,60,22,0,22,82
05/31/2009,BMI,IL,AGL,CE,Federal Contract Tower,9,20,7,0,36,0,0,92,0,92,9,20,99,0,128,14,0,14,142
06/01/2009,BMI,IL,AGL,CE,Federal Contract Tower,10,18,17,0,45,0,0,4,0,4,10,18,21,0,49,14,0,14,63
06/02/2009,BMI,IL,AGL,CE,Federal Contract Tower,11,17,14,0,42,0,0,12,0,12,11,17,26,0,54,20,0,20,74
06/03/2009,BMI,IL,AGL,CE,Federal Contract Tower,9,19,18,0,46,0,0,12,0,12,9,19,30,0,58,22,0,22,80
06/04/2009,BMI,IL,AGL,CE,Federal Contract Tower,15,18,20,1,54,0,0,70,3,73,15,18,90,4,127,28,0,28,155
06/05/2009,BMI,IL,AGL,CE,Federal Contract Tower,13,16,18,1,48,0,0,44,0,44,13,16,62,1,92,20,0,20,112
06/06/2009,BMI,IL,AGL,CE,Federal Contract Tower,15,13,8,0,36,0,0,8,0,8,15,13,16,0,44,6,0,6,50
06/07/2009,BMI,IL,AGL,CE,Federal Contract Tower,14,18,16,0,48,0,0,10,0,10,14,18,26,0,58,0,0,0,58
06/08/2009,BMI,IL,AGL,CE,Federal Contract Tower,11,20,13,0,44,0,0,3,0,3,11,20,16,0,47,0,0,0,47
06/09/2009,BMI,IL,AGL,CE,Federal Contract Tower,15,16,30,2,63,0,0,31,0,31,15,16,61,2,94,58,0,58,152
06/10/2009,BMI,IL,AGL,CE,Federal Contract Tower,11,18,19,0,48,0,0,11,0,11,11,18,30,0,59,22,0,22,81
06/11/2009,BMI,IL,AGL,CE,Federal Contract Tower,12,14,18,0,44,0,0,0,0,0,12,14,18,0,44,0,0,0,44
06/12/2009,BMI,IL,AGL,CE,Federal Contract Tower,14,19,15,0,48,0,0,23,0,23,14,19,38,0,71,44,0,44,115
06/13/2009,BMI,IL,AGL,CE,Federal Contract Tower,14,12,8,0,34,0,0,36,0,36,14,12,44,0,70,56,0,56,126
06/14/2009,BMI,IL,AGL,CE,Federal Contract Tower,17,18,15,0,50,0,0,47,0,47,17,18,62,0,97,30,0,30,127
06/15/2009,BMI,IL,AGL,CE,Federal Contract Tower,13,18,16,2,49,0,0,21,0,21,13,18,37,2,70,10,0,10,80
06/16/2009,BMI,IL,AGL,CE,Federal Contract Tower,16,15,8,2,41,0,0,2,0,2,16,15,10,2,43,0,0,0,43
06/17/2009,BMI,IL,AGL,CE,Federal Contract Tower,11,16,8,1,36,0,0,18,0,18,11,16,26,1,54,40,6,46,100
06/18/2009,BMI,IL,AGL,CE,Federal Contract Tower,14,17,11,2,44,0,0,17,0,17,14,17,28,2,61,52,0,52,113
06/19/2009,BMI,IL,AGL,CE,Federal Contract Tower,16,14,9,0,39,0,0,3,0,3,16,14,12,0,42,0,0,0,42
06/20/2009,BMI,IL,AGL,CE,Federal Contract Tower,16,11,13,0,40,0,0,42,0,42,16,11,55,0,82,32,0,32,114
06/21/2009,BMI,IL,AGL,CE,Federal Contract Tower,17,17,8,0,42,0,0,17,0,17,17,17,25,0,59,2,0,2,61
06/22/2009,BMI,IL,AGL,CE,Federal Contract Tower,8,20,17,0,45,0,0,27,0,27,8,20,44,0,72,26,0,26,98
06/23/2009,BMI,IL,AGL,CE,Federal Contract Tower,16,19,16,2,53,0,0,29,0,29,16,19,45,2,82,26,0,26,108
06/24/2009,BMI,IL,AGL,CE,Federal Contract Tower,11,17,17,0,45,0,0,16,0,16,11,17,33,0,61,0,0,0,61
06/25/2009,BMI,IL,AGL,CE,Federal Contract Tower,16,12,14,0,42,0,0,15,0,15,16,12,29,0,57,36,0,36,93
06/26/2009,BMI,IL,AGL,CE,Federal Contract Tower,13,13,14,2,42,0,0,77,0,77,13,13,91,2,119,4,8,12,131
06/27/2009,BMI,IL,AGL,CE,Federal Contract Tower,12,12,9,0,33,0,0,51,0,51,12,12,60,0,84,36,0,36,120
06/28/2009,BMI,IL,AGL,CE,Federal Contract Tower,17,17,12,1,47,0,0,29,0,29,17,17,41,1,76,0,0,0,76
06/29/2009,BMI,IL,AGL,CE,Federal Contract Tower,14,16,24,1,55,0,0,22,0,22,14,16,46,1,77,12,16,28,105
06/30/2009,BMI,IL,AGL,CE,Federal Contract Tower,15,17,28,0,60,0,0,20,0,20,15,17,48,0,80,20,0,20,100
07/01/2009,BMI,IL,AGL,CE,Federal Contract Tower,14,19,24,4,61,0,0,24,2,26,14,19,48,6,87,32,0,32,119
07/02/2009,BMI,IL,AGL,CE,Federal Contract Tower,17,18,12,0,47,0,0,39,0,39,17,18,51,0,86,42,0,42,128
07/03/2009,BMI,IL,AGL,CE,Federal Contract Tower,15,16,14,0,45,0,0,53,0,53,15,16,67,0,98,24,0,24,122
07/04/2009,BMI,IL,AGL,CE,Federal Contract Tower,11,12,10,0,33,0,0,0,0,0,11,12,10,0,33,0,0,0,33
07/05/2009,BMI,IL,AGL,CE,Federal Contract Tower,11,17,13,0,41,0,0,25,0,25,11,17,38,0,66,2,0,2,68
07/06/2009,BMI,IL,AGL,CE,Federal Contract Tower,14,15,13,0,42,0,0,36,0,36,14,15,49,0,78,18,0,18,96
07/07/2009,BMI,IL,AGL,CE,Federal Contract Tower,14,19,30,0,63,0,0,15,0,15,14,19,45,0,78,0,0,0,78
07/08/2009,BMI,IL,AGL,CE,Federal Contract Tower,11,14,5,3,33,0,0,4,2,6,11,14,9,5,39,0,8,8,47
07/09/2009,BMI,IL,AGL,CE,Federal Contract Tower,16,18,18,0,52,0,0,20,0,20,16,18,38,0,72,24,0,24,96
07/10/2009,BMI,IL,AGL,CE,Federal Contract Tower,8,20,5,0,33,0,0,16,0,16,8,20,21,0,49,20,0,20,69
07/11/2009,BMI,IL,AGL,CE,Federal Contract Tower,11,15,18,0,44,0,0,42,0,42,11,15,60,0,86,28,0,28,114
07/12/2009,BMI,IL,AGL,CE,Federal Contract Tower,14,15,10,0,39,0,0,51,0,51,14,15,61,0,90,24,0,24,114
07/13/2009,BMI,IL,AGL,CE,Federal Contract Tower,11,17,13,3,44,0,0,36,2,38,11,17,49,5,82,28,16,44,126
07/14/2009,BMI,IL,AGL,CE,Federal Contract Tower,16,16,22,0,54,0,0,33,0,33,16,16,55,0,87,4,0,4,91
07/15/2009,BMI,IL,AGL,CE,Federal Contract Tower,16,14,12,0,42,0,0,12,0,12,16,14,24,0,54,28,0,28,82
07/16/2009,BMI,IL,AGL,CE,Federal Contract Tower,16,18,18,0,52,0,0,41,2,43,16,18,59,2,95,18,0,18,113
07/17/2009,BMI,IL,AGL,CE,Federal Contract Tower,15,18,12,2,47,0,0,37,0,37,15,18,49,2,84,12,0,12,96
07/18/2009,BMI,IL,AGL,CE,Federal Contract Tower,12,11,11,0,34,0,0,32,0,32,12,11,43,0,66,24,0,24,90
07/19/2009,BMI,IL,AGL,CE,Federal Contract Tower,16,16,15,0,47,0,0,56,0,56,16,16,71,0,103,18,0,18,121
07/20/2009,BMI,IL,AGL,CE,Federal Contract Tower,15,15,17,0,47,0,0,43,0,43,15,15,60,0,90,26,0,26,116
07/21/2009,BMI,IL,AGL,CE,Federal Contract Tower,16,14,13,0,43,0,0,15,0,15,16,14,28,0,58,36,8,44,102
07/22/2009,BMI,IL,AGL,CE,Federal Contract Tower,14,16,13,0,43,0,0,32,0,32,14,16,45,0,75,32,0,32,107
07/23/2009,BMI,IL,AGL,CE,Federal Contract Tower,16,17,17,0,50,0,0,26,0,26,16,17,43,0,76,32,0,32,108
07/24/2009,BMI,IL,AGL,CE,Federal Contract Tower,14,19,17,0,50,0,0,31,0,31,14,19,48,0,81,42,0,42,123
07/25/2009,BMI,IL,AGL,CE,Federal Contract Tower,15,12,13,0,40,0,0,19,0,19,15,12,32,0,59,2,0,2,61
07/26/2009,BMI,IL,AGL,CE,Federal Contract Tower,17,18,7,0,42,0,0,66,0,66,17,18,73,0,108,26,0,26,134
07/27/2009,BMI,IL,AGL,CE,Federal Contract Tower,14,17,18,0,49,0,0,39,0,39,14,17,57,0,88,24,0,24,112
07/28/2009,BMI,IL,AGL,CE,Federal Contract Tower,14,16,14,0,44,0,0,10,0,10,14,16,24,0,54,0,0,0,54
07/29/2009,BMI,IL,AGL,CE,Federal Contract Tower,15,17,11,0,43,0,0,29,7,36,15,17,40,7,79,6,0,6,85
07/30/2009,BMI,IL,AGL,CE,Federal Contract Tower,12,17,13,0,42,0,0,26,0,26,12,17,39,0,68,32,0,32,100
07/31/2009,BMI,IL,AGL,CE,Federal Contract Tower,11,21,8,0,40,0,0,55,0,55,11,21,63,0,95,10,0,10,105
08/01/2009,BMI,IL,AGL,CE,Federal Contract Tower,15,12,6,0,33,0,0,22,0,22,15,12,28,0,55,16,0,16,71
08/02/2009,BMI,IL,AGL,CE,Federal Contract Tower,16,16,12,0,44,0,0,83,0,83,16,16,95,0,127,8,0,8,135
08/03/2009,BMI,IL,AGL,CE,Federal Contract Tower,13,16,22,0,51,0,0,12,0,12,13,16,34,0,63,0,0,0,63
08/04/2009,BMI,IL,AGL,CE,Federal Contract Tower,17,17,16,0,50,0,0,4,4,8,17,17,20,4,58,0,0,0,58
08/05/2009,BMI,IL,AGL,CE,Federal Contract Tower,13,16,15,0,44,0,0,54,0,54,13,16,69,0,98,40,0,40,138
08/06/2009,BMI,IL,AGL,CE,Federal Contract Tower,14,22,27,2,65,0,0,35,0,35,14,22,62,2,100,38,8,46,146
08/07/2009,BMI,IL,AGL,CE,Federal Contract Tower,14,18,10,0,42,0,0,15,0,15,14,18,25,0,57,2,0,2,59
08/08/2009,BMI,IL,AGL,CE,Federal Contract Tower,15,12,14,0,41,0,0,14,0,14,15,12,28,0,55,4,0,4,59
08/09/2009,BMI,IL,AGL,CE,Federal Contract Tower,16,18,12,0,46,0,0,10,0,10,16,18,22,0,56,4,0,4,60
08/10/2009,BMI,IL,AGL,CE,Federal Contract Tower,13,19,18,0,50,0,0,20,0,20,13,19,38,0,70,76,0,76,146
08/11/2009,BMI,IL,AGL,CE,Federal Contract Tower,15,21,20,1,57,0,0,20,0,20,15,21,40,1,77,28,6,34,111
08/12/2009,BMI,IL,AGL,CE,Federal Contract Tower,16,15,27,0,58,0,0,47,0,47,16,15,74,0,105,88,0,88,193
08/13/2009,BMI,IL,AGL,CE,Federal Contract Tower,14,18,12,0,44,0,0,51,0,51,14,18,63,0,95,40,0,40,135
08/14/2009,BMI,IL,AGL,CE,Federal Contract Tower,14,17,23,0,54,0,0,42,2,44,14,17,65,2,98,2,0,2,100
08/15/2009,BMI,IL,AGL,CE,Federal Contract Tower,13,12,5,0,30,0,0,36,2,38,13,12,41,2,68,7,0,7,75
08/16/2009,BMI,IL,AGL,CE,Federal Contract Tower,16,15,12,0,43,0,0,10,0,10,16,15,22,0,53,0,0,0,53
08/17/2009,BMI,IL,AGL,CE,Federal Contract Tower,13,14,15,0,42,0,0,5,0,5,13,14,20,0,47,0,8,8,55
08/18/2009,BMI,IL,AGL,CE,Federal Contract Tower,14,14,18,0,46,0,0,17,0,17,14,14,35,0,63,16,0,16,79
08/19/2009,BMI,IL,AGL,CE,Federal Contract Tower,14,10,20,0,44,0,0,8,0,8,14,10,28,0,52,0,0,0,52
08/20/2009,BMI,IL,AGL,CE,Federal Contract Tower,12,14,22,0,48,0,0,6,0,6,12,14,28,0,54,0,0,0,54
08/21/2009,BMI,IL,AGL,CE,Federal Contract Tower,15,11,14,0,40,0,0,14,0,14,15,11,28,0,54,6,0,6,60
08/22/2009,BMI,IL,AGL,CE,Federal Contract Tower,12,8,7,0,27,0,0,52,0,52,12,8,59,0,79,36,0,36,115
08/23/2009,BMI,IL,AGL,CE,Federal Contract Tower,14,13,19,0,46,0,0,75,0,75,14,13,94,0,121,16,0,16,137
08/24/2009,BMI,IL,AGL,CE,Federal Contract Tower,14,12,19,0,45,0,0,31,0,31,14,12,50,0,76,30,0,30,106
08/25/2009,BMI,IL,AGL,CE,Federal Contract Tower,14,12,21,0,47,0,0,61,0,61,14,12,82,0,108,64,10,74,182
08/26/2009,BMI,IL,AGL,CE,Federal Contract Tower,14,15,20,0,49,0,0,10,0,10,14,15,30,0,59,10,0,10,69
08/27/2009,BMI,IL,AGL,CE,Federal Contract Tower,10,13,22,0,45,0,0,4,0,4,10,13,26,0,49,4,0,4,53
08/28/2009,BMI,IL,AGL,CE,Federal Contract Tower,13,16,11,0,40,0,0,1,0,1,13,16,12,0,41,0,0,0,41
08/29/2009,BMI,IL,AGL,CE,Federal Contract Tower,12,10,12,0,34,0,0,28,0,28,12,10,40,0,62,14,0,14,76
08/30/2009,BMI,IL,AGL,CE,Federal Contract Tower,10,17,17,0,44,0,0,18,0,18,10,17,35,0,62,6,0,6,68
08/31/2009,BMI,IL,AGL,CE,Federal Contract Tower,13,13,15,0,41,0,0,26,0,26,13,13,41,0,67,36,0,36,103
09/01/2009,BMI,IL,AGL,CE,Federal Contract Tower,15,11,31,0,57,0,0,41,0,41,15,11,72,0,98,22,0,22,120
09/02/2009,BMI,IL,AGL,CE,Federal Contract Tower,14,10,21,0,45,0,0,49,0,49,14,10,70,0,94,42,0,42,136
09/03/2009,BMI,IL,AGL,CE,Federal Contract Tower,14,12,22,0,48,0,0,32,0,32,14,12,54,0,80,22,0,22,102
09/04/2009,BMI,IL,AGL,CE,Federal Contract Tower,15,13,19,0,47,0,0,24,0,24,15,13,43,0,71,0,0,0,71
09/05/2009,BMI,IL,AGL,CE,Federal Contract Tower,11,8,13,0,32,0,0,24,0,24,11,8,37,0,56,28,0,28,84
09/06/2009,BMI,IL,AGL,CE,Federal Contract Tower,10,9,10,0,29,0,0,15,0,15,10,9,25,0,44,8,0,8,52
09/07/2009,BMI,IL,AGL,CE,Federal Contract Tower,15,14,10,0,39,0,0,19,0,19,15,14,29,0,58,0,0,0,58
09/08/2009,BMI,IL,AGL,CE,Federal Contract Tower,14,11,16,0,41,0,0,20,0,20,14,11,36,0,61,8,0,8,69
09/09/2009,BMI,IL,AGL,CE,Federal Contract Tower,15,13,25,0,53,0,0,17,0,17,15,13,42,0,70,30,0,30,100
09/10/2009,BMI,IL,AGL,CE,Federal Contract Tower,15,9,17,0,41,0,0,12,0,12,15,9,29,0,53,12,0,12,65
09/11/2009,BMI,IL,AGL,CE,Federal Contract Tower,15,12,10,0,37,0,0,28,0,28,15,12,38,0,65,10,0,10,75
09/12/2009,BMI,IL,AGL,CE,Federal Contract Tower,16,6,14,0,36,0,0,57,0,57,16,6,71,0,93,18,0,18,111
09/13/2009,BMI,IL,AGL,CE,Federal Contract Tower,15,9,16,0,40,0,0,26,0,26,15,9,42,0,66,6,0,6,72
09/14/2009,BMI,IL,AGL,CE,Federal Contract Tower,14,15,24,0,53,0,0,21,0,21,14,15,45,0,74,12,0,12,86
09/15/2009,BMI,IL,AGL,CE,Federal Contract Tower,13,13,17,0,43,0,0,26,4,30,13,13,43,4,73,22,0,22,95
09/16/2009,BMI,IL,AGL,CE,Federal Contract Tower,13,13,26,0,52,0,0,26,0,26,13,13,52,0,78,4,0,4,82
09/17/2009,BMI,IL,AGL,CE,Federal Contract Tower,15,16,27,0,58,0,0,31,0,31,15,16,58,0,89,26,0,26,115
09/18/2009,BMI,IL,AGL,CE,Federal Contract Tower,15,12,17,0,44,0,0,36,3,39,15,12,53,3,83,28,24,52,135
09/19/2009,BMI,IL,AGL,CE,Federal Contract Tower,13,8,5,0,26,0,0,157,1,158,13,8,162,1,184,10,2,12,196
09/20/2009,BMI,IL,AGL,CE,Federal Contract Tower,11,11,9,0,31,0,0,15,0,15,11,11,24,0,46,0,0,0,46
09/21/2009,BMI,IL,AGL,CE,Federal Contract Tower,11,11,16,0,38,0,0,17,0,17,11,11,33,0,55,16,0,16,71
09/22/2009,BMI,IL,AGL,CE,Federal Contract Tower,17,12,13,0,42,0,0,3,0,3,17,12,16,0,45,0,0,0,45
09/23/2009,BMI,IL,AGL,CE,Federal Contract Tower,12,13,8,0,33,0,0,29,0,29,12,13,37,0,62,12,0,12,74
09/24/2009,BMI,IL,AGL,CE,Federal Contract Tower,13,13,15,0,41,0,0,7,0,7,13,13,22,0,48,20,0,20,68
09/25/2009,BMI,IL,AGL,CE,Federal Contract Tower,15,12,21,0,48,0,0,7,0,7,15,12,28,0,55,0,0,0,55
09/26/2009,BMI,IL,AGL,CE,Federal Contract Tower,11,9,20,0,40,0,0,14,0,14,11,9,34,0,54,42,0,42,96
09/27/2009,BMI,IL,AGL,CE,Federal Contract Tower,15,12,16,0,43,0,0,36,0,36,15,12,52,0,79,12,0,12,91
09/28/2009,BMI,IL,AGL,CE,Federal Contract Tower,15,11,11,0,37,0,0,3,0,3,15,11,14,0,40,0,0,0,40
09/29/2009,BMI,IL,AGL,CE,Federal Contract Tower,14,10,26,0,50,0,0,28,0,28,14,10,54,0,78,32,0,32,110
09/30/2009,BMI,IL,AGL,CE,Federal Contract Tower,14,13,22,0,49,0,0,51,0,51,14,13,73,0,100,40,0,40,140
10/01/2009,BMI,IL,AGL,CE,Federal Contract Tower,12,11,11,0,34,0,0,11,0,11,12,11,22,0,45,0,0,0,45
10/02/2009,BMI,IL,AGL,CE,Federal Contract Tower,12,14,25,0,51,0,0,15,0,15,12,14,40,0,66,0,0,0,66
10/03/2009,BMI,IL,AGL,CE,Federal Contract Tower,13,7,18,0,38,0,0,1,0,1,13,7,19,0,39,0,0,0,39
10/04/2009,BMI,IL,AGL,CE,Federal Contract Tower,12,10,13,0,35,0,0,43,0,43,12,10,56,0,78,48,0,48,126
10/05/2009,BMI,IL,AGL,CE,Federal Contract Tower,12,12,15,0,39,0,0,44,0,44,12,12,59,0,83,34,0,34,117
10/06/2009,BMI,IL,AGL,CE,Federal Contract Tower,13,11,22,0,46,0,0,0,0,0,13,11,22,0,46,0,0,0,46
10/07/2009,BMI,IL,AGL,CE,Federal Contract Tower,12,11,19,0,42,0,0,35,0,35,12,11,54,0,77,30,0,30,107
10/08/2009,BMI,IL,AGL,CE,Federal Contract Tower,14,12,9,0,35,0,0,0,0,0,14,12,9,0,35,0,0,0,35
10/09/2009,BMI,IL,AGL,CE,Federal Contract Tower,13,13,16,0,42,0,0,2,0,2,13,13,18,0,44,4,0,4,48
10/10/2009,BMI,IL,AGL,CE,Federal Contract Tower,13,8,12,0,33,0,0,47,0,47,13,8,59,0,80,12,0,12,92
10/11/2009,BMI,IL,AGL,CE,Federal Contract Tower,13,14,5,0,32,0,0,24,0,24,13,14,29,0,56,10,0,10,66
10/12/2009,BMI,IL,AGL,CE,Federal Contract Tower,10,11,10,0,31,0,0,5,0,5,10,11,15,0,36,0,0,0,36
10/13/2009,BMI,IL,AGL,CE,Federal Contract Tower,12,11,16,0,39,0,0,26,0,26,12,11,42,0,65,0,0,0,65
10/14/2009,BMI,IL,AGL,CE,Federal Contract Tower,12,11,14,0,37,0,0,4,0,4,12,11,18,0,41,0,0,0,41
10/15/2009,BMI,IL,AGL,CE,Federal Contract Tower,13,11,20,0,44,0,0,0,0,0,13,11,20,0,44,0,0,0,44
10/16/2009,BMI,IL,AGL,CE,Federal Contract Tower,13,14,11,0,38,0,0,4,0,4,13,14,15,0,42,0,0,0,42
10/17/2009,BMI,IL,AGL,CE,Federal Contract Tower,12,9,5,0,26,0,0,34,0,34,12,9,39,0,60,30,0,30,90
10/18/2009,BMI,IL,AGL,CE,Federal Contract Tower,15,11,8,0,34,0,0,58,0,58,15,11,66,0,92,32,0,32,124
10/19/2009,BMI,IL,AGL,CE,Federal Contract Tower,11,11,12,0,34,0,0,17,0,17,11,11,29,0,51,0,0,0,51
10/20/2009,BMI,IL,AGL,CE,Federal Contract Tower,13,11,21,0,45,0,0,38,0,38,13,11,59,0,83,34,0,34,117
10/21/2009,BMI,IL,AGL,CE,Federal Contract Tower,11,11,22,0,44,0,0,15,0,15,11,11,37,0,59,14,0,14,73
10/22/2009,BMI,IL,AGL,CE,Federal Contract Tower,14,12,27,0,53,0,0,0,0,0,14,12,27,0,53,0,0,0,53
10/23/2009,BMI,IL,AGL,CE,Federal Contract Tower,12,12,13,0,37,0,0,0,0,0,12,12,13,0,37,0,0,0,37
10/24/2009,BMI,IL,AGL,CE,Federal Contract Tower,13,8,14,0,35,0,0,15,0,15,13,8,29,0,50,4,0,4,54
10/25/2009,BMI,IL,AGL,CE,Federal Contract Tower,13,10,6,0,29,0,0,33,0,33,13,10,39,0,62,20,0,20,82
10/26/2009,BMI,IL,AGL,CE,Federal Contract Tower,11,12,12,0,35,0,0,6,0,6,11,12,18,0,41,0,0,0,41
10/27/2009,BMI,IL,AGL,CE,Federal Contract Tower,14,12,28,0,54,0,0,1,0,1,14,12,29,0,55,0,0,0,55
10/28/2009,BMI,IL,AGL,CE,Federal Contract Tower,13,11,29,6,59,0,0,8,0,8,13,11,37,6,67,58,0,58,125
10/29/2009,BMI,IL,AGL,CE,Federal Contract Tower,15,12,21,1,49,0,0,1,1,2,15,12,22,2,51,0,0,0,51
10/30/2009,BMI,IL,AGL,CE,Federal Contract Tower,12,13,4,0,29,0,0,3,0,3,12,13,7,0,32,0,0,0,32
10/31/2009,BMI,IL,AGL,CE,Federal Contract Tower,10,8,6,0,24,0,0,14,0,14,10,8,20,0,38,38,0,38,76
11/01/2009,BMI,IL,AGL,CE,Federal Contract Tower,13,10,7,0,30,0,0,71,0,71,13,10,78,0,101,66,0,66,167
11/02/2009,BMI,IL,AGL,CE,Federal Contract Tower,12,10,14,0,36,0,0,18,0,18,12,10,32,0,54,0,0,0,54
11/03/2009,BMI,IL,AGL,CE,Federal Contract Tower,14,10,26,0,50,0,0,51,0,51,14,10,77,0,101,76,0,76,177
11/04/2009,BMI,IL,AGL,CE,Federal Contract Tower,13,14,24,0,51,0,0,27,2,29,13,14,51,2,80,36,0,36,116
11/05/2009,BMI,IL,AGL,CE,Federal Contract Tower,14,12,24,4,54,0,0,43,0,43,14,12,67,4,97,32,12,44,141
11/06/2009,BMI,IL,AGL,CE,Federal Contract Tower,12,14,22,4,52,0,0,23,0,23,12,14,45,4,75,2,4,6,81
11/07/2009,BMI,IL,AGL,CE,Federal Contract Tower,13,9,13,0,35,0,0,39,0,39,13,9,52,0,74,14,0,14,88
11/08/2009,BMI,IL,AGL,CE,Federal Contract Tower,13,10,20,0,43,0,0,55,0,55,13,10,75,0,98,28,0,28,126
11/09/2009,BMI,IL,AGL,CE,Federal Contract Tower,11,10,11,0,32,0,0,10,0,10,11,10,21,0,42,10,0,10,52
11/10/2009,BMI,IL,AGL,CE,Federal Contract Tower,13,10,14,0,37,0,0,11,0,11,13,10,25,0,48,10,0,10,58
11/11/2009,BMI,IL,AGL,CE,Federal Contract Tower,12,10,12,0,34,0,0,45,0,45,12,10,57,0,79,56,0,56,135
11/12/2009,BMI,IL,AGL,CE,Federal Contract Tower,14,10,23,0,47,0,0,30,0,30,14,10,53,0,77,12,0,12,89
11/13/2009,BMI,IL,AGL,CE,Federal Contract Tower,14,10,20,0,44,0,0,29,0,29,14,10,49,0,73,48,0,48,121
11/14/2009,BMI,IL,AGL,CE,Federal Contract Tower,13,8,12,0,33,0,0,41,0,41,13,8,53,0,74,24,0,24,98
11/15/2009,BMI,IL,AGL,CE,Federal Contract Tower,14,10,13,0,37,0,0,1,0,1,14,10,14,0,38,0,0,0,38
11/16/2009,BMI,IL,AGL,CE,Federal Contract Tower,12,10,9,0,31,0,0,0,0,0,12,10,9,0,31,0,0,0,31
11/17/2009,BMI,IL,AGL,CE,Federal Contract Tower,14,10,18,0,42,0,0,0,0,0,14,10,18,0,42,0,0,0,42
11/18/2009,BMI,IL,AGL,CE,Federal Contract Tower,12,10,19,4,45,0,0,3,0,3,12,10,22,4,48,0,0,0,48
11/19/2009,BMI,IL,AGL,CE,Federal Contract Tower,15,10,24,0,49,0,0,1,0,1,15,10,25,0,50,0,0,0,50
11/20/2009,BMI,IL,AGL,CE,Federal Contract Tower,13,9,18,0,40,0,0,32,4,36,13,9,50,4,76,2,0,2,78
11/21/2009,BMI,IL,AGL,CE,Federal Contract Tower,13,8,11,0,32,0,0,49,0,49,13,8,60,0,81,28,0,28,109
11/22/2009,BMI,IL,AGL,CE,Federal Contract Tower,13,10,3,0,26,0,0,88,0,88,13,10,91,0,114,12,0,12,126
11/23/2009,BMI,IL,AGL,CE,Federal Contract Tower,12,11,4,1,28,0,0,31,0,31,12,11,35,1,59,24,0,24,83
11/24/2009,BMI,IL,AGL,CE,Federal Contract Tower,13,11,14,0,38,0,0,0,0,0,13,11,14,0,38,0,0,0,38
11/25/2009,BMI,IL,AGL,CE,Federal Contract Tower,14,13,9,0,36,0,0,1,0,1,14,13,10,0,37,0,0,0,37
11/26/2009,BMI,IL,AGL,CE,Federal Contract Tower,9,8,1,0,18,0,0,0,0,0,9,8,1,0,18,0,0,0,18
11/27/2009,BMI,IL,AGL,CE,Federal Contract Tower,8,10,8,0,26,0,0,40,0,40,8,10,48,0,66,36,0,36,102
11/28/2009,BMI,IL,AGL,CE,Federal Contract Tower,12,9,18,0,39,0,0,63,0,63,12,9,81,0,102,32,0,32,134
11/29/2009,BMI,IL,AGL,CE,Federal Contract Tower,13,12,15,0,40,0,0,2,0,2,13,12,17,0,42,0,0,0,42
11/30/2009,BMI,IL,AGL,CE,Federal Contract Tower,12,10,8,0,30,0,0,16,0,16,12,10,24,0,46,4,0,4,50
12/01/2009,BMI,IL,AGL,CE,Federal Contract Tower,13,14,11,0,38,0,0,32,0,32,13,14,43,0,70,4,0,4,74
12/02/2009,BMI,IL,AGL,CE,Federal Contract Tower,11,11,17,0,39,0,0,6,0,6,11,11,23,0,45,0,0,0,45
12/03/2009,BMI,IL,AGL,CE,Federal Contract Tower,14,12,23,0,49,0,0,6,0,6,14,12,29,0,55,0,0,0,55
12/04/2009,BMI,IL,AGL,CE,Federal Contract Tower,11,11,6,0,28,0,0,10,0,10,11,11,16,0,38,16,0,16,54
12/05/2009,BMI,IL,AGL,CE,Federal Contract Tower,12,9,6,0,27,0,0,44,0,44,12,9,50,0,71,34,0,34,105
12/06/2009,BMI,IL,AGL,CE,Federal Contract Tower,14,14,6,0,34,0,0,40,0,40,14,14,46,0,74,0,0,0,74
12/07/2009,BMI,IL,AGL,CE,Federal Contract Tower,11,14,16,0,41,0,0,3,0,3,11,14,19,0,44,0,0,0,44
12/08/2009,BMI,IL,AGL,CE,Federal Contract Tower,11,13,9,0,33,0,0,0,0,0,11,13,9,0,33,0,0,0,33
12/09/2009,BMI,IL,AGL,CE,Federal Contract Tower,4,3,5,0,12,0,0,0,0,0,4,3,5,0,12,0,0,0,12
12/10/2009,BMI,IL,AGL,CE,Federal Contract Tower,14,10,22,0,46,0,0,2,6,8,14,10,24,6,54,0,0,0,54
12/11/2009,BMI,IL,AGL,CE,Federal Contract Tower,12,13,23,0,48,0,0,22,0,22,12,13,45,0,70,6,0,6,76
12/12/2009,BMI,IL,AGL,CE,Federal Contract Tower,13,9,17,0,39,0,0,60,0,60,13,9,77,0,99,12,0,12,111
12/13/2009,BMI,IL,AGL,CE,Federal Contract Tower,12,12,9,0,33,0,0,2,0,2,12,12,11,0,35,0,0,0,35
12/14/2009,BMI,IL,AGL,CE,Federal Contract Tower,9,10,12,0,31,0,0,2,0,2,9,10,14,0,33,0,0,0,33
12/15/2009,BMI,IL,AGL,CE,Federal Contract Tower,13,12,15,0,40,0,0,19,0,19,13,12,34,0,59,2,0,2,61
12/16/2009,BMI,IL,AGL,CE,Federal Contract Tower,11,11,17,3,42,0,0,14,0,14,11,11,31,3,56,14,4,18,74
12/17/2009,BMI,IL,AGL,CE,Federal Contract Tower,15,9,18,0,42,0,0,25,0,25,15,9,43,0,67,2,0,2,69
12/18/2009,BMI,IL,AGL,CE,Federal Contract Tower,11,8,12,0,31,0,0,21,0,21,11,8,33,0,52,0,0,0,52
12/19/2009,BMI,IL,AGL,CE,Federal Contract Tower,11,8,3,0,22,0,0,0,0,0,11,8,3,0,22,0,0,0,22
12/20/2009,BMI,IL,AGL,CE,Federal Contract Tower,15,10,6,0,31,0,0,2,0,2,15,10,8,0,33,0,0,0,33
12/21/2009,BMI,IL,AGL,CE,Federal Contract Tower,12,8,4,0,24,0,0,0,0,0,12,8,4,0,24,0,0,0,24
12/22/2009,BMI,IL,AGL,CE,Federal Contract Tower,15,8,10,0,33,0,0,0,0,0,15,8,10,0,33,0,0,0,33
12/23/2009,BMI,IL,AGL,CE,Federal Contract Tower,12,7,2,0,21,0,0,0,0,0,12,7,2,0,21,0,0,0,21
12/24/2009,BMI,IL,AGL,CE,Federal Contract Tower,11,7,0,0,18,0,0,0,0,0,11,7,0,0,18,0,0,0,18
12/25/2009,BMI,IL,AGL,CE,Federal Contract Tower,9,9,0,0,18,0,0,0,0,0,9,9,0,0,18,0,0,0,18
12/26/2009,BMI,IL,AGL,CE,Federal Contract Tower,13,8,5,0,26,0,0,0,0,0,13,8,5,0,26,0,0,0,26
12/27/2009,BMI,IL,AGL,CE,Federal Contract Tower,13,11,12,0,36,0,0,0,0,0,13,11,12,0,36,0,0,0,36
12/28/2009,BMI,IL,AGL,CE,Federal Contract Tower,13,11,11,0,35,0,0,4,0,4,13,11,15,0,39,0,0,0,39
12/29/2009,BMI,IL,AGL,CE,Federal Contract Tower,14,9,8,0,31,0,0,40,0,40,14,9,48,0,71,30,0,30,101
12/30/2009,BMI,IL,AGL,CE,Federal Contract Tower,12,9,9,0,30,0,0,0,0,0,12,9,9,0,30,0,0,0,30
12/31/2009,BMI,IL,AGL,CE,Federal Contract Tower,11,12,2,0,25,0,0,8,0,8,11,12,10,0,33,20,0,20,53
01/01/2010,BMI,IL,AGL,CE,Federal Contract Tower,11,8,7,0,26,0,0,9,0,9,11,8,16,0,35,0,0,0,35
01/02/2010,BMI,IL,AGL,CE,Federal Contract Tower,13,10,8,0,31,0,0,21,0,21,13,10,29,0,52,6,0,6,58
01/03/2010,BMI,IL,AGL,CE,Federal Contract Tower,12,11,3,0,26,0,0,38,0,38,12,11,41,0,64,8,0,8,72
01/04/2010,BMI,IL,AGL,CE,Federal Contract Tower,13,10,5,3,31,0,0,14,0,14,13,10,19,3,45,28,0,28,73
01/05/2010,BMI,IL,AGL,CE,Federal Contract Tower,12,9,10,0,31,0,0,15,0,15,12,9,25,0,46,0,0,0,46
01/06/2010,BMI,IL,AGL,CE,Federal Contract Tower,10,12,12,4,38,0,0,7,0,7,10,12,19,4,45,18,0,18,63
01/07/2010,BMI,IL,AGL,CE,Federal Contract Tower,11,2,6,0,19,0,0,0,0,0,11,2,6,0,19,0,0,0,19
01/08/2010,BMI,IL,AGL,CE,Federal Contract Tower,11,10,10,0,31,0,0,5,0,5,11,10,15,0,36,4,0,4,40
01/09/2010,BMI,IL,AGL,CE,Federal Contract Tower,9,12,5,0,26,0,0,17,0,17,9,12,22,0,43,18,0,18,61
01/10/2010,BMI,IL,AGL,CE,Federal Contract Tower,13,10,5,0,28,0,0,12,0,12,13,10,17,0,40,0,0,0,40
01/11/2010,BMI,IL,AGL,CE,Federal Contract Tower,11,12,4,0,27,0,0,4,0,4,11,12,8,0,31,2,0,2,33
01/12/2010,BMI,IL,AGL,CE,Federal Contract Tower,12,12,10,0,34,0,0,16,0,16,12,12,26,0,50,24,0,24,74
01/13/2010,BMI,IL,AGL,CE,Federal Contract Tower,10,10,17,2,39,0,0,20,0,20,10,10,37,2,59,26,0,26,85
01/14/2010,BMI,IL,AGL,CE,Federal Contract Tower,14,10,17,0,41,0,0,2,0,2,14,10,19,0,43,8,0,8,51
01/15/2010,BMI,IL,AGL,CE,Federal Contract Tower,13,12,5,0,30,0,0,0,0,0,13,12,5,0,30,0,0,0,30
01/16/2010,BMI,IL,AGL,CE,Federal Contract Tower,11,9,3,0,23,0,0,0,0,0,11,9,3,0,23,0,0,0,23
01/17/2010,BMI,IL,AGL,CE,Federal Contract Tower,9,12,4,0,25,0,0,0,0,0,9,12,4,0,25,0,0,0,25
01/18/2010,BMI,IL,AGL,CE,Federal Contract Tower,12,9,4,0,25,0,0,0,0,0,12,9,4,0,25,0,0,0,25
01/19/2010,BMI,IL,AGL,CE,Federal Contract Tower,14,9,6,0,29,0,0,0,0,0,14,9,6,0,29,0,0,0,29
01/20/2010,BMI,IL,AGL,CE,Federal Contract Tower,9,8,8,0,25,0,0,0,0,0,9,8,8,0,25,0,0,0,25
01/21/2010,BMI,IL,AGL,CE,Federal Contract Tower,12,12,11,0,35,0,0,0,0,0,12,12,11,0,35,0,0,0,35
01/22/2010,BMI,IL,AGL,CE,Federal Contract Tower,12,11,21,2,46,0,0,0,0,0,12,11,21,2,46,0,0,0,46
01/23/2010,BMI,IL,AGL,CE,Federal Contract Tower,8,4,0,0,12,0,0,0,0,0,8,4,0,0,12,0,0,0,12
01/24/2010,BMI,IL,AGL,CE,Federal Contract Tower,9,11,1,0,21,0,0,0,0,0,9,11,1,0,21,0,0,0,21
01/25/2010,BMI,IL,AGL,CE,Federal Contract Tower,12,8,5,0,25,0,0,2,0,2,12,8,7,0,27,0,0,0,27
01/26/2010,BMI,IL,AGL,CE,Federal Contract Tower,12,17,29,0,58,0,0,9,0,9,12,17,38,0,67,4,0,4,71
01/27/2010,BMI,IL,AGL,CE,Federal Contract Tower,10,10,16,0,36,0,0,10,0,10,10,10,26,0,46,20,0,20,66
01/28/2010,BMI,IL,AGL,CE,Federal Contract Tower,14,10,21,2,47,0,0,17,0,17,14,10,38,2,64,20,6,26,90
01/29/2010,BMI,IL,AGL,CE,Federal Contract Tower,13,11,9,0,33,0,0,13,0,13,13,11,22,0,46,26,0,26,72
01/30/2010,BMI,IL,AGL,CE,Federal Contract Tower,11,8,6,0,25,0,0,32,0,32,11,8,38,0,57,4,0,4,61
01/31/2010,BMI,IL,AGL,CE,Federal Contract Tower,13,10,6,0,29,0,0,55,0,55,13,10,61,0,84,42,0,42,126
02/01/2010,BMI,IL,AGL,CE,Federal Contract Tower,12,10,6,0,28,0,0,17,0,17,12,10,23,0,45,2,0,2,47
02/02/2010,BMI,IL,AGL,CE,Federal Contract Tower,10,10,12,0,32,0,0,2,0,2,10,10,14,0,34,0,0,0,34
02/03/2010,BMI,IL,AGL,CE,Federal Contract Tower,11,10,14,0,35,0,0,18,0,18,11,10,32,0,53,24,0,24,77
02/04/2010,BMI,IL,AGL,CE,Federal Contract Tower,14,10,18,0,42,0,0,7,0,7,14,10,25,0,49,10,0,10,59
02/05/2010,BMI,IL,AGL,CE,Federal Contract Tower,9,7,7,0,23,0,0,0,0,0,9,7,7,0,23,0,0,0,23
02/06/2010,BMI,IL,AGL,CE,Federal Contract Tower,11,8,7,2,28,0,0,11,0,11,11,8,18,2,39,2,0,2,41
02/07/2010,BMI,IL,AGL,CE,Federal Contract Tower,14,10,0,0,24,0,0,19,0,19,14,10,19,0,43,10,0,10,53
02/08/2010,BMI,IL,AGL,CE,Federal Contract Tower,12,12,2,0,26,0,0,0,0,0,12,12,2,0,26,0,0,0,26
02/09/2010,BMI,IL,AGL,CE,Federal Contract Tower,13,8,11,0,32,0,0,0,0,0,13,8,11,0,32,0,0,0,32
02/10/2010,BMI,IL,AGL,CE,Federal Contract Tower,10,9,10,0,29,0,0,2,0,2,10,9,12,0,31,4,0,4,35
02/11/2010,BMI,IL,AGL,CE,Federal Contract Tower,12,9,9,0,30,0,0,24,0,24,12,9,33,0,54,4,6,10,64
02/12/2010,BMI,IL,AGL,CE,Federal Contract Tower,6,13,6,0,25,0,0,10,0,10,6,13,16,0,35,8,0,8,43
02/13/2010,BMI,IL,AGL,CE,Federal Contract Tower,9,10,5,0,24,0,0,35,0,35,9,10,40,0,59,28,0,28,87
02/14/2010,BMI,IL,AGL,CE,Federal Contract Tower,9,13,6,0,28,0,0,29,0,29,9,13,35,0,57,0,0,0,57
02/15/2010,BMI,IL,AGL,CE,Federal Contract Tower,11,9,7,0,27,0,0,1,0,1,11,9,8,0,28,0,0,0,28
02/16/2010,BMI,IL,AGL,CE,Federal Contract Tower,14,11,17,0,42,0,0,8,0,8,14,11,25,0,50,4,0,4,54
02/17/2010,BMI,IL,AGL,CE,Federal Contract Tower,12,13,10,0,35,0,0,15,0,15,12,13,25,0,50,4,0,4,54
02/18/2010,BMI,IL,AGL,CE,Federal Contract Tower,9,11,11,0,31,0,0,32,0,32,9,11,43,0,63,12,4,16,79
02/19/2010,BMI,IL,AGL,CE,Federal Contract Tower,11,9,12,0,32,0,0,26,0,26,11,9,38,0,58,12,0,12,70
02/20/2010,BMI,IL,AGL,CE,Federal Contract Tower,11,8,4,0,23,0,0,14,0,14,11,8,18,0,37,28,0,28,65
02/21/2010,BMI,IL,AGL,CE,Federal Contract Tower,11,6,2,0,19,0,0,0,0,0,11,6,2,0,19,0,0,0,19
02/22/2010,BMI,IL,AGL,CE,Federal Contract Tower,13,9,3,0,25,0,0,0,0,0,13,9,3,0,25,0,0,0,25
02/23/2010,BMI,IL,AGL,CE,Federal Contract Tower,13,12,17,0,42,0,0,16,0,16,13,12,33,0,58,6,0,6,64
02/24/2010,BMI,IL,AGL,CE,Federal Contract Tower,13,8,16,0,37,0,0,8,0,8,13,8,24,0,45,8,0,8,53
02/25/2010,BMI,IL,AGL,CE,Federal Contract Tower,12,8,17,3,40,0,0,19,0,19,12,8,36,3,59,12,12,24,83
02/26/2010,BMI,IL,AGL,CE,Federal Contract Tower,11,9,23,0,43,0,0,20,0,20,11,9,43,0,63,16,0,16,79
02/27/2010,BMI,IL,AGL,CE,Federal Contract Tower,9,8,4,0,21,0,0,22,0,22,9,8,26,0,43,16,0,16,59
02/28/2010,BMI,IL,AGL,CE,Federal Contract Tower,14,9,17,0,40,0,0,66,0,66,14,9,83,0,106,36,0,36,142
03/01/2010,BMI,IL,AGL,CE,Federal Contract Tower,12,10,8,0,30,0,0,1,0,1,12,10,9,0,31,0,0,0,31
03/02/2010,BMI,IL,AGL,CE,Federal Contract Tower,8,12,14,0,34,0,0,2,0,2,8,12,16,0,36,6,0,6,42
03/03/2010,BMI,IL,AGL,CE,Federal Contract Tower,11,12,15,0,38,0,0,26,0,26,11,12,41,0,64,12,0,12,76
03/04/2010,BMI,IL,AGL,CE,Federal Contract Tower,13,14,15,3,45,0,0,30,0,30,13,14,45,3,75,12,12,24,99
03/05/2010,BMI,IL,AGL,CE,Federal Contract Tower,12,10,31,0,53,0,0,33,0,33,12,10,64,0,86,2,0,2,88
03/06/2010,BMI,IL,AGL,CE,Federal Contract Tower,9,10,16,0,35,0,0,60,0,60,9,10,76,0,95,26,0,26,121
03/07/2010,BMI,IL,AGL,CE,Federal Contract Tower,13,10,13,0,36,0,0,4,0,4,13,10,17,0,40,2,0,2,42
03/08/2010,BMI,IL,AGL,CE,Federal Contract Tower,9,11,15,0,35,0,0,0,0,0,9,11,15,0,35,0,0,0,35
03/09/2010,BMI,IL,AGL,CE,Federal Contract Tower,11,14,26,2,53,0,0,19,0,19,11,14,45,2,72,6,0,6,78
03/10/2010,BMI,IL,AGL,CE,Federal Contract Tower,12,9,15,0,36,0,0,11,0,11,12,9,26,0,47,10,0,10,57
03/11/2010,BMI,IL,AGL,CE,Federal Contract Tower,13,7,10,2,32,0,0,2,0,2,13,7,12,2,34,0,4,4,38
03/12/2010,BMI,IL,AGL,CE,Federal Contract Tower,12,10,12,2,36,0,0,13,0,13,12,10,25,2,49,24,8,32,81
03/13/2010,BMI,IL,AGL,CE,Federal Contract Tower,9,8,8,0,25,0,0,0,0,0,9,8,8,0,25,0,0,0,25
03/14/2010,BMI,IL,AGL,CE,Federal Contract Tower,10,10,9,0,29,0,0,7,0,7,10,10,16,0,36,6,0,6,42
03/15/2010,BMI,IL,AGL,CE,Federal Contract Tower,11,10,13,2,36,0,0,13,8,21,11,10,26,10,57,6,0,6,63
03/16/2010,BMI,IL,AGL,CE,Federal Contract Tower,13,15,18,0,46,0,0,31,0,31,13,15,49,0,77,28,0,28,105
03/17/2010,BMI,IL,AGL,CE,Federal Contract Tower,12,10,14,1,37,0,0,53,0,53,12,10,67,1,90,36,0,36,126
03/18/2010,BMI,IL,AGL,CE,Federal Contract Tower,12,10,25,2,49,0,0,40,0,40,12,10,65,2,89,32,0,32,121
03/19/2010,BMI,IL,AGL,CE,Federal Contract Tower,12,10,15,2,39,0,0,29,0,29,12,10,44,2,68,0,12,12,80
03/20/2010,BMI,IL,AGL,CE,Federal Contract Tower,9,9,3,0,21,0,0,2,0,2,9,9,5,0,23,4,0,4,27
03/21/2010,BMI,IL,AGL,CE,Federal Contract Tower,13,11,7,0,31,0,0,3,0,3,13,11,10,0,34,0,0,0,34
03/22/2010,BMI,IL,AGL,CE,Federal Contract Tower,11,11,11,0,33,0,0,19,0,19,11,11,30,0,52,12,0,12,64
03/23/2010,BMI,IL,AGL,CE,Federal Contract Tower,13,9,18,4,44,0,0,51,0,51,13,9,69,4,95,38,4,42,137
03/24/2010,BMI,IL,AGL,CE,Federal Contract Tower,12,12,17,0,41,0,0,17,0,17,12,12,34,0,58,4,0,4,62
03/25/2010,BMI,IL,AGL,CE,Federal Contract Tower,14,11,13,0,38,0,0,2,0,2,14,11,15,0,40,0,0,0,40
03/26/2010,BMI,IL,AGL,CE,Federal Contract Tower,13,10,6,0,29,0,0,46,0,46,13,10,52,0,75,94,0,94,169
03/27/2010,BMI,IL,AGL,CE,Federal Contract Tower,9,8,14,0,31,0,0,44,0,44,9,8,58,0,75,46,0,46,121
03/28/2010,BMI,IL,AGL,CE,Federal Contract Tower,14,9,12,0,35,0,0,4,0,4,14,9,16,0,39,0,0,0,39
03/29/2010,BMI,IL,AGL,CE,Federal Contract Tower,12,13,20,0,45,0,0,26,0,26,12,13,46,0,71,10,0,10,81
03/30/2010,BMI,IL,AGL,CE,Federal Contract Tower,14,13,11,0,38,0,0,26,0,26,14,13,37,0,64,48,0,48,112
03/31/2010,BMI,IL,AGL,CE,Federal Contract Tower,11,15,15,0,41,0,0,15,0,15,11,15,30,0,56,2,0,2,58
04/01/2010,BMI,IL,AGL,CE,Federal Contract Tower,13,9,14,0,36,0,0,21,0,21,13,9,35,0,57,34,0,34,91
04/02/2010,BMI,IL,AGL,CE,Federal Contract Tower,12,8,16,0,36,0,0,5,0,5,12,8,21,0,41,0,0,0,41
04/03/2010,BMI,IL,AGL,CE,Federal Contract Tower,10,8,3,0,21,0,0,6,0,6,10,8,9,0,27,12,0,12,39
04/04/2010,BMI,IL,AGL,CE,Federal Contract Tower,12,10,10,0,32,0,0,11,0,11,12,10,21,0,43,8,0,8,51
04/05/2010,BMI,IL,AGL,CE,Federal Contract Tower,10,10,24,0,44,0,0,33,0,33,10,10,57,0,77,14,0,14,91
04/06/2010,BMI,IL,AGL,CE,Federal Contract Tower,15,14,9,0,38,0,0,3,0,3,15,14,12,0,41,4,0,4,45
04/07/2010,BMI,IL,AGL,CE,Federal Contract Tower,11,15,12,0,38,0,0,0,0,0,11,15,12,0,38,0,0,0,38
04/08/2010,BMI,IL,AGL,CE,Federal Contract Tower,14,16,17,0,47,0,0,10,6,16,14,16,27,6,63,2,0,2,65
04/09/2010,BMI,IL,AGL,CE,Federal Contract Tower,14,16,13,2,45,0,0,63,0,63,14,16,76,2,108,6,0,6,114
04/10/2010,BMI,IL,AGL,CE,Federal Contract Tower,11,10,18,0,39,0,0,49,0,49,11,10,67,0,88,18,0,18,106
04/11/2010,BMI,IL,AGL,CE,Federal Contract Tower,8,16,9,0,33,0,0,44,0,44,8,16,53,0,77,32,0,32,109
04/12/2010,BMI,IL,AGL,CE,Federal Contract Tower,11,14,11,0,36,0,0,21,0,21,11,14,32,0,57,12,0,12,69
04/13/2010,BMI,IL,AGL,CE,Federal Contract Tower,13,15,18,0,46,0,0,31,0,31,13,15,49,0,77,26,0,26,103
04/14/2010,BMI,IL,AGL,CE,Federal Contract Tower,13,19,11,0,43,0,0,17,0,17,13,19,28,0,60,14,0,14,74
04/15/2010,BMI,IL,AGL,CE,Federal Contract Tower,13,17,15,0,45,0,1,25,0,26,13,18,40,0,71,0,0,0,71
04/16/2010,BMI,IL,AGL,CE,Federal Contract Tower,9,22,10,4,45,0,0,9,2,11,9,22,19,6,56,0,0,0,56
04/17/2010,BMI,IL,AGL,CE,Federal Contract Tower,12,10,15,0,37,0,0,22,0,22,12,10,37,0,59,14,0,14,73
04/18/2010,BMI,IL,AGL,CE,Federal Contract Tower,11,14,5,0,30,0,0,58,0,58,11,14,63,0,88,42,0,42,130
04/19/2010,BMI,IL,AGL,CE,Federal Contract Tower,11,17,13,0,41,0,0,30,0,30,11,17,43,0,71,2,0,2,73
04/20/2010,BMI,IL,AGL,CE,Federal Contract Tower,13,17,16,0,46,0,0,35,10,45,13,17,51,10,91,0,0,0,91
04/21/2010,BMI,IL,AGL,CE,Federal Contract Tower,12,17,16,0,45,0,0,27,0,27,12,17,43,0,72,22,0,22,94
04/22/2010,BMI,IL,AGL,CE,Federal Contract Tower,12,16,20,0,48,0,0,34,4,38,12,16,54,4,86,32,4,36,122
04/23/2010,BMI,IL,AGL,CE,Federal Contract Tower,9,20,11,0,40,0,0,2,0,2,9,20,13,0,42,0,0,0,42
04/24/2010,BMI,IL,AGL,CE,Federal Contract Tower,10,12,1,0,23,0,0,4,0,4,10,12,5,0,27,0,0,0,27
04/25/2010,BMI,IL,AGL,CE,Federal Contract Tower,13,14,10,5,42,0,0,0,0,0,13,14,10,5,42,0,0,0,42
04/26/2010,BMI,IL,AGL,CE,Federal Contract Tower,13,19,23,0,55,0,0,11,0,11,13,19,34,0,66,2,0,2,68
04/27/2010,BMI,IL,AGL,CE,Federal Contract Tower,11,19,17,0,47,0,0,20,0,20,11,19,37,0,67,14,0,14,81
04/28/2010,BMI,IL,AGL,CE,Federal Contract Tower,11,18,15,0,44,0,0,61,0,61,11,18,76,0,105,14,0,14,119
04/29/2010,BMI,IL,AGL,CE,Federal Contract Tower,14,16,11,2,43,0,0,7,0,7,14,16,18,2,50,0,0,0,50
04/30/2010,BMI,IL,AGL,CE,Federal Contract Tower,11,16,12,0,39,0,0,2,0,2,11,16,14,0,41,4,0,4,45
05/01/2010,BMI,IL,AGL,CE,Federal Contract Tower,13,10,16,0,39,0,0,17,0,17,13,10,33,0,56,40,0,40,96
05/02/2010,BMI,IL,AGL,CE,Federal Contract Tower,14,11,21,0,46,0,0,20,0,20,14,11,41,0,66,26,0,26,92
05/03/2010,BMI,IL,AGL,CE,Federal Contract Tower,11,16,17,0,44,0,0,17,0,17,11,16,34,0,61,0,0,0,61
05/04/2010,BMI,IL,AGL,CE,Federal Contract Tower,11,19,13,0,43,0,0,23,0,23,11,19,36,0,66,2,0,2,68
05/05/2010,BMI,IL,AGL,CE,Federal Contract Tower,13,16,18,0,47,0,0,26,0,26,13,16,44,0,73,8,0,8,81
05/06/2010,BMI,IL,AGL,CE,Federal Contract Tower,14,16,17,0,47,0,0,56,0,56,14,16,73,0,103,48,0,48,151
05/07/2010,BMI,IL,AGL,CE,Federal Contract Tower,12,15,16,0,43,0,0,9,0,9,12,15,25,0,52,4,0,4,56
05/08/2010,BMI,IL,AGL,CE,Federal Contract Tower,12,10,6,0,28,0,0,5,0,5,12,10,11,0,33,0,0,0,33
05/09/2010,BMI,IL,AGL,CE,Federal Contract Tower,14,14,4,0,32,0,0,44,0,44,14,14,48,0,76,4,0,4,80
05/10/2010,BMI,IL,AGL,CE,Federal Contract Tower,12,16,18,0,46,0,0,18,0,18,12,16,36,0,64,10,0,10,74
05/11/2010,BMI,IL,AGL,CE,Federal Contract Tower,15,14,14,1,44,0,0,3,0,3,15,14,17,1,47,0,0,0,47
05/12/2010,BMI,IL,AGL,CE,Federal Contract Tower,12,14,19,0,45,0,0,3,0,3,12,14,22,0,48,0,0,0,48
05/13/2010,BMI,IL,AGL,CE,Federal Contract Tower,14,12,10,1,37,0,0,11,0,11,14,12,21,1,48,4,0,4,52
05/14/2010,BMI,IL,AGL,CE,Federal Contract Tower,10,20,18,0,48,0,0,34,1,35,10,20,52,1,83,4,0,4,87
05/15/2010,BMI,IL,AGL,CE,Federal Contract Tower,10,10,5,0,25,0,0,38,0,38,10,10,43,0,63,10,0,10,73
05/16/2010,BMI,IL,AGL,CE,Federal Contract Tower,14,15,6,0,35,0,0,16,0,16,14,15,22,0,51,20,0,20,71
05/17/2010,BMI,IL,AGL,CE,Federal Contract Tower,12,16,15,0,43,0,0,2,0,2,12,16,17,0,45,0,0,0,45
05/18/2010,BMI,IL,AGL,CE,Federal Contract Tower,14,15,16,0,45,0,0,19,0,19,14,15,35,0,64,6,4,10,74
05/19/2010,BMI,IL,AGL,CE,Federal Contract Tower,12,17,15,0,44,0,0,48,1,49,12,17,63,1,93,22,0,22,115
05/20/2010,BMI,IL,AGL,CE,Federal Contract Tower,14,19,16,0,49,0,0,8,4,12,14,19,24,4,61,0,0,0,61
05/21/2010,BMI,IL,AGL,CE,Federal Contract Tower,8,15,20,0,43,0,0,6,2,8,8,15,26,2,51,16,0,16,67
05/22/2010,BMI,IL,AGL,CE,Federal Contract Tower,12,12,18,0,42,0,0,35,0,35,12,12,53,0,77,6,0,6,83
05/23/2010,BMI,IL,AGL,CE,Federal Contract Tower,12,15,13,0,40,0,0,101,0,101,12,15,114,0,141,44,0,44,185
05/24/2010,BMI,IL,AGL,CE,Federal Contract Tower,12,17,8,0,37,0,0,18,0,18,12,17,26,0,55,4,4,8,63
05/25/2010,BMI,IL,AGL,CE,Federal Contract Tower,15,17,13,0,45,0,0,18,0,18,15,17,31,0,63,22,0,22,85
05/26/2010,BMI,IL,AGL,CE,Federal Contract Tower,13,15,12,0,40,0,0,14,0,14,13,15,26,0,54,26,0,26,80
05/27/2010,BMI,IL,AGL,CE,Federal Contract Tower,17,14,20,0,51,0,0,24,0,24,17,14,44,0,75,82,0,82,157
05/28/2010,BMI,IL,AGL,CE,Federal Contract Tower,11,17,19,0,47,0,0,28,0,28,11,17,47,0,75,22,0,22,97
05/29/2010,BMI,IL,AGL,CE,Federal Contract Tower,12,12,24,0,48,0,0,42,0,42,12,12,66,0,90,12,0,12,102
05/30/2010,BMI,IL,AGL,CE,Federal Contract Tower,12,12,0,0,24,0,0,20,0,20,12,12,20,0,44,14,0,14,58
05/31/2010,BMI,IL,AGL,CE,Federal Contract Tower,11,12,11,0,34,0,0,17,0,17,11,12,28,0,51,12,0,12,63
06/01/2010,BMI,IL,AGL,CE,Federal Contract Tower,14,24,10,2,50,0,0,35,0,35,14,24,45,2,85,52,0,52,137
06/02/2010,BMI,IL,AGL,CE,Federal Contract Tower,12,18,6,1,37,0,0,19,0,19,12,18,25,1,56,52,0,52,108
06/03/2010,BMI,IL,AGL,CE,Federal Contract Tower,14,18,16,0,48,0,0,22,0,22,14,18,38,0,70,52,0,52,122
06/04/2010,BMI,IL,AGL,CE,Federal Contract Tower,11,15,21,0,47,0,0,10,0,10,11,15,31,0,57,12,0,12,69
06/05/2010,BMI,IL,AGL,CE,Federal Contract Tower,9,10,6,0,25,0,0,3,0,3,9,10,9,0,28,6,0,6,34
06/06/2010,BMI,IL,AGL,CE,Federal Contract Tower,15,14,15,0,44,0,0,30,0,30,15,14,45,0,74,6,0,6,80
06/07/2010,BMI,IL,AGL,CE,Federal Contract Tower,12,16,18,2,48,0,0,27,0,27,12,16,45,2,75,26,0,26,101
06/08/2010,BMI,IL,AGL,CE,Federal Contract Tower,15,15,13,0,43,0,0,14,0,14,15,15,27,0,57,0,0,0,57
06/09/2010,BMI,IL,AGL,CE,Federal Contract Tower,12,16,14,0,42,0,0,23,0,23,12,16,37,0,65,14,0,14,79
06/10/2010,BMI,IL,AGL,CE,Federal Contract Tower,14,20,18,0,52,0,0,37,0,37,14,20,55,0,89,16,0,16,105
06/11/2010,BMI,IL,AGL,CE,Federal Contract Tower,12,20,23,0,55,0,0,17,2,19,12,20,40,2,74,0,0,0,74
06/12/2010,BMI,IL,AGL,CE,Federal Contract Tower,14,16,6,0,36,0,0,11,0,11,14,16,17,0,47,16,0,16,63
06/13/2010,BMI,IL,AGL,CE,Federal Contract Tower,16,13,14,0,43,0,0,12,0,12,16,13,26,0,55,4,0,4,59
06/14/2010,BMI,IL,AGL,CE,Federal Contract Tower,14,18,15,0,47,0,0,7,0,7,14,18,22,0,54,0,0,0,54
06/15/2010,BMI,IL,AGL,CE,Federal Contract Tower,13,18,27,0,58,0,0,2,0,2,13,18,29,0,60,0,0,0,60
06/16/2010,BMI,IL,AGL,CE,Federal Contract Tower,14,21,25,3,63,0,0,44,1,45,14,21,69,4,108,46,0,46,154
06/17/2010,BMI,IL,AGL,CE,Federal Contract Tower,17,19,20,2,58,0,0,42,2,44,17,19,62,4,102,28,6,34,136
06/18/2010,BMI,IL,AGL,CE,Federal Contract Tower,14,18,21,0,53,0,0,21,0,21,14,18,42,0,74,16,0,16,90
06/19/2010,BMI,IL,AGL,CE,Federal Contract Tower,14,16,13,0,43,0,0,69,0,69,14,16,82,0,112,48,0,48,160
06/20/2010,BMI,IL,AGL,CE,Federal Contract Tower,16,15,5,0,36,0,0,30,0,30,16,15,35,0,66,48,0,48,114
06/21/2010,BMI,IL,AGL,CE,Federal Contract Tower,14,20,9,0,43,0,0,15,0,15,14,20,24,0,58,6,0,6,64
06/22/2010,BMI,IL,AGL,CE,Federal Contract Tower,16,20,17,0,53,0,0,19,0,19,16,20,36,0,72,28,0,28,100
06/23/2010,BMI,IL,AGL,CE,Federal Contract Tower,14,14,22,2,52,0,0,11,0,11,14,14,33,2,63,6,0,6,69
06/24/2010,BMI,IL,AGL,CE,Federal Contract Tower,17,18,18,0,53,0,0,51,0,51,17,18,69,0,104,48,0,48,152
06/25/2010,BMI,IL,AGL,CE,Federal Contract Tower,14,23,27,0,64,0,0,50,0,50,14,23,77,0,114,18,0,18,132
06/26/2010,BMI,IL,AGL,CE,Federal Contract Tower,13,14,5,0,32,0,0,30,0,30,13,14,35,0,62,34,0,34,96
06/27/2010,BMI,IL,AGL,CE,Federal Contract Tower,16,14,16,0,46,0,0,7,0,7,16,14,23,0,53,2,0,2,55
06/28/2010,BMI,IL,AGL,CE,Federal Contract Tower,14,18,16,0,48,0,0,26,0,26,14,18,42,0,74,30,0,30,104
06/29/2010,BMI,IL,AGL,CE,Federal Contract Tower,15,20,31,0,66,0,0,30,0,30,15,20,61,0,96,28,0,28,124
06/30/2010,BMI,IL,AGL,CE,Federal Contract Tower,12,23,19,0,54,0,0,37,0,37,12,23,56,0,91,14,0,14,105
07/01/2010,BMI,IL,AGL,CE,Federal Contract Tower,16,21,14,0,51,0,0,52,0,52,16,21,66,0,103,58,0,58,161
07/02/2010,BMI,IL,AGL,CE,Federal Contract Tower,14,19,16,0,49,0,0,34,6,40,14,19,50,6,89,34,0,34,123
07/03/2010,BMI,IL,AGL,CE,Federal Contract Tower,14,14,7,0,35,0,0,32,0,32,14,14,39,0,67,30,0,30,97
07/04/2010,BMI,IL,AGL,CE,Federal Contract Tower,13,15,3,0,31,0,0,25,0,25,13,15,28,0,56,4,0,4,60
07/05/2010,BMI,IL,AGL,CE,Federal Contract Tower,12,18,14,0,44,0,0,20,0,20,12,18,34,0,64,2,0,2,66
07/06/2010,BMI,IL,AGL,CE,Federal Contract Tower,16,19,16,0,51,0,0,11,0,11,16,19,27,0,62,16,0,16,78
07/07/2010,BMI,IL,AGL,CE,Federal Contract Tower,13,24,8,1,46,0,0,8,1,9,13,24,16,2,55,4,0,4,59
07/08/2010,BMI,IL,AGL,CE,Federal Contract Tower,16,22,9,0,47,0,0,12,0,12,16,22,21,0,59,28,2,30,89
07/09/2010,BMI,IL,AGL,CE,Federal Contract Tower,13,19,19,0,51,0,0,36,0,36,13,19,55,0,87,12,0,12,99
07/10/2010,BMI,IL,AGL,CE,Federal Contract Tower,14,13,9,0,36,0,0,52,0,52,14,13,61,0,88,64,0,64,152
07/11/2010,BMI,IL,AGL,CE,Federal Contract Tower,16,17,11,0,44,0,0,37,0,37,16,17,48,0,81,20,0,20,101
07/12/2010,BMI,IL,AGL,CE,Federal Contract Tower,10,20,13,0,43,0,0,26,0,26,10,20,39,0,69,58,0,58,127
07/13/2010,BMI,IL,AGL,CE,Federal Contract Tower,14,17,18,0,49,0,0,31,0,31,14,17,49,0,80,12,0,12,92
07/14/2010,BMI,IL,AGL,CE,Federal Contract Tower,12,21,7,0,40,0,0,31,0,31,12,21,38,0,71,18,0,18,89
07/15/2010,BMI,IL,AGL,CE,Federal Contract Tower,15,18,18,0,51,0,0,26,0,26,15,18,44,0,77,46,0,46,123
07/16/2010,BMI,IL,AGL,CE,Federal Contract Tower,14,20,9,0,43,0,0,36,0,36,14,20,45,0,79,18,0,18,97
07/17/2010,BMI,IL,AGL,CE,Federal Contract Tower,12,26,29,0,67,0,0,32,0,32,12,26,61,0,99,18,0,18,117
07/18/2010,BMI,IL,AGL,CE,Federal Contract Tower,15,21,3,0,39,0,0,27,0,27,15,21,30,0,66,22,0,22,88
07/19/2010,BMI,IL,AGL,CE,Federal Contract Tower,13,20,11,0,44,0,0,13,0,13,13,20,24,0,57,12,0,12,69
07/20/2010,BMI,IL,AGL,CE,Federal Contract Tower,15,20,16,0,51,0,0,17,0,17,15,20,33,0,68,0,0,0,68
07/21/2010,BMI,IL,AGL,CE,Federal Contract Tower,13,20,13,0,46,0,0,29,0,29,13,20,42,0,75,32,0,32,107
07/22/2010,BMI,IL,AGL,CE,Federal Contract Tower,15,20,15,0,50,0,0,42,0,42,15,20,57,0,92,48,0,48,140
07/23/2010,BMI,IL,AGL,CE,Federal Contract Tower,16,15,21,0,52,0,0,57,0,57,16,15,78,0,109,48,6,54,163
07/24/2010,BMI,IL,AGL,CE,Federal Contract Tower,13,30,21,0,64,0,0,22,0,22,13,30,43,0,86,24,0,24,110
07/25/2010,BMI,IL,AGL,CE,Federal Contract Tower,16,16,25,0,57,0,0,39,0,39,16,16,64,0,96,18,0,18,114
07/26/2010,BMI,IL,AGL,CE,Federal Contract Tower,13,20,12,0,45,0,0,53,0,53,13,20,65,0,98,86,0,86,184
07/27/2010,BMI,IL,AGL,CE,Federal Contract Tower,18,17,18,0,53,0,0,29,0,29,18,17,47,0,82,74,10,84,166
07/28/2010,BMI,IL,AGL,CE,Federal Contract Tower,13,19,20,0,52,0,0,14,0,14,13,19,34,0,66,4,0,4,70
07/29/2010,BMI,IL,AGL,CE,Federal Contract Tower,16,22,25,0,63,0,0,39,0,39,16,22,64,0,102,20,0,20,122
07/30/2010,BMI,IL,AGL,CE,Federal Contract Tower,14,19,17,0,50,0,0,22,0,22,14,19,39,0,72,40,0,40,112
07/31/2010,BMI,IL,AGL,CE,Federal Contract Tower,14,17,21,0,52,0,0,15,0,15,14,17,36,0,67,8,0,8,75
08/01/2010,BMI,IL,AGL,CE,Federal Contract Tower,15,17,16,0,48,0,0,48,0,48,15,17,64,0,96,64,0,64,160
08/02/2010,BMI,IL,AGL,CE,Federal Contract Tower,15,18,13,0,46,0,0,20,0,20,15,18,33,0,66,60,0,60,126
08/03/2010,BMI,IL,AGL,CE,Federal Contract Tower,16,20,11,0,47,0,0,24,0,24,16,20,35,0,71,28,0,28,99
08/04/2010,BMI,IL,AGL,CE,Federal Contract Tower,12,20,13,0,45,0,0,21,4,25,12,20,34,4,70,16,0,16,86
08/05/2010,BMI,IL,AGL,CE,Federal Contract Tower,17,22,17,0,56,0,0,36,2,38,17,22,53,2,94,50,0,50,144
08/06/2010,BMI,IL,AGL,CE,Federal Contract Tower,12,22,12,0,46,0,0,42,0,42,12,22,54,0,88,24,0,24,112
08/07/2010,BMI,IL,AGL,CE,Federal Contract Tower,15,12,18,0,45,0,0,61,0,61,15,12,79,0,106,10,0,10,116
08/08/2010,BMI,IL,AGL,CE,Federal Contract Tower,16,19,6,0,41,0,0,24,0,24,16,19,30,0,65,20,0,20,85
08/09/2010,BMI,IL,AGL,CE,Federal Contract Tower,15,18,8,0,41,0,0,13,0,13,15,18,21,0,54,12,0,12,66
08/10/2010,BMI,IL,AGL,CE,Federal Contract Tower,18,21,18,2,59,0,0,21,0,21,18,21,39,2,80,30,4,34,114
08/11/2010,BMI,IL,AGL,CE,Federal Contract Tower,13,19,17,2,51,0,0,29,0,29,13,19,46,2,80,28,0,28,108
08/12/2010,BMI,IL,AGL,CE,Federal Contract Tower,14,21,32,0,67,0,0,26,0,26,14,21,58,0,93,30,0,30,123
08/13/2010,BMI,IL,AGL,CE,Federal Contract Tower,14,20,21,0,55,0,0,19,0,19,14,20,40,0,74,30,0,30,104
08/14/2010,BMI,IL,AGL,CE,Federal Contract Tower,14,12,8,0,34,0,0,21,0,21,14,12,29,0,55,28,0,28,83
08/15/2010,BMI,IL,AGL,CE,Federal Contract Tower,15,15,10,0,40,0,0,28,0,28,15,15,38,0,68,2,0,2,70
08/16/2010,BMI,IL,AGL,CE,Federal Contract Tower,13,27,19,1,60,0,0,31,0,31,13,27,50,1,91,40,14,54,145
08/17/2010,BMI,IL,AGL,CE,Federal Contract Tower,9,30,24,0,63,0,0,29,0,29,9,30,53,0,92,4,0,4,96
08/18/2010,BMI,IL,AGL,CE,Federal Contract Tower,11,22,24,0,57,0,0,22,2,24,11,22,46,2,81,14,0,14,95
08/19/2010,BMI,IL,AGL,CE,Federal Contract Tower,16,23,23,0,62,0,0,40,2,42,16,23,63,2,104,26,0,26,130
08/20/2010,BMI,IL,AGL,CE,Federal Contract Tower,14,21,12,0,47,0,0,17,1,18,14,21,29,1,65,0,2,2,67
08/21/2010,BMI,IL,AGL,CE,Federal Contract Tower,12,14,6,0,32,0,0,17,0,17,12,14,23,0,49,12,0,12,61
08/22/2010,BMI,IL,AGL,CE,Federal Contract Tower,11,18,15,0,44,0,0,32,0,32,11,18,47,0,76,32,0,32,108
08/23/2010,BMI,IL,AGL,CE,Federal Contract Tower,14,22,13,0,49,0,0,24,0,24,14,22,37,0,73,4,0,4,77
08/24/2010,BMI,IL,AGL,CE,Federal Contract Tower,10,22,25,0,57,0,0,31,3,34,10,22,56,3,91,2,0,2,93
08/25/2010,BMI,IL,AGL,CE,Federal Contract Tower,13,22,14,0,49,0,0,37,0,37,13,22,51,0,86,8,0,8,94
08/26/2010,BMI,IL,AGL,CE,Federal Contract Tower,12,21,11,2,46,0,0,30,1,31,12,21,41,3,77,10,6,16,93
08/27/2010,BMI,IL,AGL,CE,Federal Contract Tower,14,20,16,0,50,0,0,39,0,39,14,20,55,0,89,32,0,32,121
08/28/2010,BMI,IL,AGL,CE,Federal Contract Tower,13,14,8,0,35,0,0,70,0,70,13,14,78,0,105,20,0,20,125
08/29/2010,BMI,IL,AGL,CE,Federal Contract Tower,13,18,6,0,37,0,0,85,0,85,13,18,91,0,122,10,0,10,132
08/30/2010,BMI,IL,AGL,CE,Federal Contract Tower,10,23,17,2,52,0,0,10,0,10,10,23,27,2,62,2,0,2,64
08/31/2010,BMI,IL,AGL,CE,Federal Contract Tower,11,20,15,7,53,0,0,23,0,23,11,20,38,7,76,8,10,18,94
09/01/2010,BMI,IL,AGL,CE,Federal Contract Tower,12,19,12,0,43,0,0,14,0,14,12,19,26,0,57,10,0,10,67
09/02/2010,BMI,IL,AGL,CE,Federal Contract Tower,10,25,19,0,54,0,0,7,0,7,10,25,26,0,61,2,0,2,63
09/03/2010,BMI,IL,AGL,CE,Federal Contract Tower,13,21,12,0,46,0,0,24,0,24,13,21,36,0,70,0,0,0,70
09/04/2010,BMI,IL,AGL,CE,Federal Contract Tower,11,14,5,0,30,0,0,31,0,31,11,14,36,0,61,24,0,24,85
09/05/2010,BMI,IL,AGL,CE,Federal Contract Tower,10,14,11,0,35,0,0,41,0,41,10,14,52,0,76,32,0,32,108
09/06/2010,BMI,IL,AGL,CE,Federal Contract Tower,14,18,5,0,37,0,0,27,0,27,14,18,32,0,64,0,0,0,64
09/07/2010,BMI,IL,AGL,CE,Federal Contract Tower,12,21,24,0,57,0,0,15,0,15,12,21,39,0,72,0,4,4,76
09/08/2010,BMI,IL,AGL,CE,Federal Contract Tower,12,20,13,1,46,0,0,27,0,27,12,20,40,1,73,16,0,16,89
09/09/2010,BMI,IL,AGL,CE,Federal Contract Tower,16,18,17,0,51,0,0,34,0,34,16,18,51,0,85,64,0,64,149
09/10/2010,BMI,IL,AGL,CE,Federal Contract Tower,14,18,10,0,42,0,0,25,0,25,14,18,35,0,67,18,0,18,85
09/11/2010,BMI,IL,AGL,CE,Federal Contract Tower,12,12,5,3,32,0,0,1,0,1,12,12,6,3,33,0,0,0,33
09/12/2010,BMI,IL,AGL,CE,Federal Contract Tower,15,15,18,0,48,0,0,51,1,52,15,15,69,1,100,14,8,22,122
09/13/2010,BMI,IL,AGL,CE,Federal Contract Tower,14,18,17,0,49,0,0,26,0,26,14,18,43,0,75,24,0,24,99
09/14/2010,BMI,IL,AGL,CE,Federal Contract Tower,11,18,23,2,54,0,0,38,0,38,11,18,61,2,92,42,0,42,134
09/15/2010,BMI,IL,AGL,CE,Federal Contract Tower,13,19,16,0,48,0,0,10,0,10,13,19,26,0,58,0,0,0,58
09/16/2010,BMI,IL,AGL,CE,Federal Contract Tower,12,18,20,2,52,0,0,16,2,18,12,18,36,4,70,20,0,20,90
09/17/2010,BMI,IL,AGL,CE,Federal Contract Tower,14,16,9,0,39,0,0,51,0,51,14,16,60,0,90,24,0,24,114
09/18/2010,BMI,IL,AGL,CE,Federal Contract Tower,12,12,11,0,35,0,0,49,2,51,12,12,60,2,86,12,0,12,98
09/19/2010,BMI,IL,AGL,CE,Federal Contract Tower,14,17,15,0,46,0,0,7,0,7,14,17,22,0,53,16,0,16,69
09/20/2010,BMI,IL,AGL,CE,Federal Contract Tower,14,17,6,0,37,0,0,27,0,27,14,17,33,0,64,14,0,14,78
09/21/2010,BMI,IL,AGL,CE,Federal Contract Tower,12,16,16,0,44,0,0,6,0,6,12,16,22,0,50,6,0,6,56
09/22/2010,BMI,IL,AGL,CE,Federal Contract Tower,12,19,16,0,47,0,0,14,0,14,12,19,30,0,61,16,0,16,77
09/23/2010,BMI,IL,AGL,CE,Federal Contract Tower,14,19,14,2,49,0,0,9,1,10,14,19,23,3,59,0,0,0,59
09/24/2010,BMI,IL,AGL,CE,Federal Contract Tower,13,17,15,0,45,0,0,12,0,12,13,17,27,0,57,18,0,18,75
09/25/2010,BMI,IL,AGL,CE,Federal Contract Tower,12,12,4,0,28,0,0,33,0,33,12,12,37,0,61,18,0,18,79
09/26/2010,BMI,IL,AGL,CE,Federal Contract Tower,14,15,11,0,40,0,0,37,0,37,14,15,48,0,77,28,0,28,105
09/27/2010,BMI,IL,AGL,CE,Federal Contract Tower,13,17,17,0,47,0,0,16,0,16,13,17,33,0,63,8,0,8,71
09/28/2010,BMI,IL,AGL,CE,Federal Contract Tower,13,19,19,0,51,0,0,29,0,29,13,19,48,0,80,18,0,18,98
09/29/2010,BMI,IL,AGL,CE,Federal Contract Tower,12,18,13,0,43,0,0,38,0,38,12,18,51,0,81,4,0,4,85
09/30/2010,BMI,IL,AGL,CE,Federal Contract Tower,14,18,27,0,59,0,0,33,0,33,14,18,60,0,92,14,0,14,106
10/01/2010,BMI,IL,AGL,CE,Federal Contract Tower,9,13,17,0,39,0,0,48,0,48,9,13,65,0,87,20,0,20,107
10/02/2010,BMI,IL,AGL,CE,Federal Contract Tower,12,11,2,0,25,0,0,4,0,4,12,11,6,0,29,0,0,0,29
10/03/2010,BMI,IL,AGL,CE,Federal Contract Tower,14,16,7,0,37,0,0,35,0,35,14,16,42,0,72,6,0,6,78
10/04/2010,BMI,IL,AGL,CE,Federal Contract Tower,14,16,25,0,55,0,0,28,0,28,14,16,53,0,83,38,0,38,121
10/05/2010,BMI,IL,AGL,CE,Federal Contract Tower,14,17,18,0,49,0,0,33,0,33,14,17,51,0,82,22,0,22,104
10/06/2010,BMI,IL,AGL,CE,Federal Contract Tower,13,19,20,0,52,0,0,27,0,27,13,19,47,0,79,4,0,4,83
10/07/2010,BMI,IL,AGL,CE,Federal Contract Tower,15,20,21,0,56,0,0,40,0,40,15,20,61,0,96,6,0,6,102
10/08/2010,BMI,IL,AGL,CE,Federal Contract Tower,14,19,17,0,50,0,0,48,0,48,14,19,65,0,98,32,0,32,130
10/09/2010,BMI,IL,AGL,CE,Federal Contract Tower,11,12,9,0,32,0,0,41,0,41,11,12,50,0,73,26,0,26,99
10/10/2010,BMI,IL,AGL,CE,Federal Contract Tower,13,19,9,0,41,0,0,49,0,49,13,19,58,0,90,4,0,4,94
10/11/2010,BMI,IL,AGL,CE,Federal Contract Tower,14,18,7,0,39,0,0,19,0,19,14,18,26,0,58,8,0,8,66
10/12/2010,BMI,IL,AGL,CE,Federal Contract Tower,13,19,13,3,48,0,0,30,0,30,13,19,43,3,78,38,2,40,118
10/13/2010,BMI,IL,AGL,CE,Federal Contract Tower,12,20,14,0,46,0,0,13,0,13,12,20,27,0,59,8,0,8,67
10/14/2010,BMI,IL,AGL,CE,Federal Contract Tower,13,24,15,0,52,0,0,30,1,31,13,24,45,1,83,18,6,24,107
10/15/2010,BMI,IL,AGL,CE,Federal Contract Tower,10,21,30,0,61,0,0,35,0,35,10,21,65,0,96,10,0,10,106
10/16/2010,BMI,IL,AGL,CE,Federal Contract Tower,14,15,10,0,39,0,0,34,0,34,14,15,44,0,73,6,0,6,79
10/17/2010,BMI,IL,AGL,CE,Federal Contract Tower,13,19,11,0,43,0,0,40,0,40,13,19,51,0,83,44,0,44,127
10/18/2010,BMI,IL,AGL,CE,Federal Contract Tower,14,19,7,0,40,0,0,8,0,8,14,19,15,0,48,4,0,4,52
10/19/2010,BMI,IL,AGL,CE,Federal Contract Tower,14,18,13,0,45,0,0,22,0,22,14,18,35,0,67,42,0,42,109
10/20/2010,BMI,IL,AGL,CE,Federal Contract Tower,12,17,22,0,51,0,0,11,0,11,12,17,33,0,62,0,0,0,62
10/21/2010,BMI,IL,AGL,CE,Federal Contract Tower,17,18,22,2,59,0,0,29,0,29,17,18,51,2,88,46,0,46,134
10/22/2010,BMI,IL,AGL,CE,Federal Contract Tower,12,20,16,2,50,0,0,22,0,22,12,20,38,2,72,8,0,8,80
10/23/2010,BMI,IL,AGL,CE,Federal Contract Tower,11,12,4,0,27,0,0,6,0,6,11,12,10,0,33,8,0,8,41
10/24/2010,BMI,IL,AGL,CE,Federal Contract Tower,14,21,17,0,52,0,0,8,0,8,14,21,25,0,60,0,0,0,60
10/25/2010,BMI,IL,AGL,CE,Federal Contract Tower,14,18,19,3,54,0,0,5,3,8,14,18,24,6,62,2,4,6,68
10/26/2010,BMI,IL,AGL,CE,Federal Contract Tower,14,17,10,1,42,0,0,0,0,0,14,17,10,1,42,0,0,0,42
10/27/2010,BMI,IL,AGL,CE,Federal Contract Tower,8,18,14,0,40,0,0,5,0,5,8,18,19,0,45,0,0,0,45
10/28/2010,BMI,IL,AGL,CE,Federal Contract Tower,16,21,20,0,57,0,0,15,0,15,16,21,35,0,72,10,0,10,82
10/29/2010,BMI,IL,AGL,CE,Federal Contract Tower,13,17,9,0,39,0,0,50,0,50,13,17,59,0,89,22,0,22,111
10/30/2010,BMI,IL,AGL,CE,Federal Contract Tower,12,12,12,0,36,0,0,26,0,26,12,12,38,0,62,2,0,2,64
10/31/2010,BMI,IL,AGL,CE,Federal Contract Tower,16,16,15,0,47,0,0,51,0,51,16,16,66,0,98,26,0,26,124
11/01/2010,BMI,IL,AGL,CE,Federal Contract Tower,13,17,17,0,47,0,0,27,0,27,13,17,44,0,74,2,0,2,76
11/02/2010,BMI,IL,AGL,CE,Federal Contract Tower,11,20,26,0,57,0,0,14,0,14,11,20,40,0,71,16,0,16,87
11/03/2010,BMI,IL,AGL,CE,Federal Contract Tower,11,19,13,0,43,0,0,11,0,11,11,19,24,0,54,12,0,12,66
11/04/2010,BMI,IL,AGL,CE,Federal Contract Tower,14,20,21,0,55,0,0,5,0,5,14,20,26,0,60,0,2,2,62
11/05/2010,BMI,IL,AGL,CE,Federal Contract Tower,12,22,12,0,46,0,0,13,0,13,12,22,25,0,59,0,2,2,61
11/06/2010,BMI,IL,AGL,CE,Federal Contract Tower,12,14,13,0,39,0,0,34,0,34,12,14,47,0,73,36,4,40,113
11/07/2010,BMI,IL,AGL,CE,Federal Contract Tower,16,17,15,0,48,0,0,22,0,22,16,17,37,0,70,10,0,10,80
11/08/2010,BMI,IL,AGL,CE,Federal Contract Tower,12,21,14,0,47,0,0,16,0,16,12,21,30,0,63,2,0,2,65
11/09/2010,BMI,IL,AGL,CE,Federal Contract Tower,15,18,15,0,48,0,0,24,0,24,15,18,39,0,72,24,4,28,100
11/10/2010,BMI,IL,AGL,CE,Federal Contract Tower,11,19,24,0,54,0,0,26,0,26,11,19,50,0,80,8,0,8,88
11/11/2010,BMI,IL,AGL,CE,Federal Contract Tower,16,19,27,0,62,0,0,40,0,40,16,19,67,0,102,42,0,42,144
11/12/2010,BMI,IL,AGL,CE,Federal Contract Tower,14,18,20,2,54,0,0,27,0,27,14,18,47,2,81,16,0,16,97
11/13/2010,BMI,IL,AGL,CE,Federal Contract Tower,12,12,19,0,43,0,0,2,0,2,12,12,21,0,45,0,0,0,45
11/14/2010,BMI,IL,AGL,CE,Federal Contract Tower,14,20,4,0,38,0,0,48,0,48,14,20,52,0,86,8,0,8,94
11/15/2010,BMI,IL,AGL,CE,Federal Contract Tower,12,18,12,0,42,0,0,9,0,9,12,18,21,0,51,0,0,0,51
11/16/2010,BMI,IL,AGL,CE,Federal Contract Tower,16,19,22,1,58,0,0,19,2,21,16,19,41,3,79,8,2,10,89
11/17/2010,BMI,IL,AGL,CE,Federal Contract Tower,13,18,20,2,53,0,0,13,0,13,13,18,33,2,66,0,6,6,72
11/18/2010,BMI,IL,AGL,CE,Federal Contract Tower,15,18,17,0,50,0,0,13,0,13,15,18,30,0,63,2,2,4,67
11/19/2010,BMI,IL,AGL,CE,Federal Contract Tower,14,16,11,0,41,0,0,24,0,24,14,16,35,0,65,0,0,0,65
11/20/2010,BMI,IL,AGL,CE,Federal Contract Tower,12,14,16,0,42,0,0,19,0,19,12,14,35,0,61,12,0,12,73
11/21/2010,BMI,IL,AGL,CE,Federal Contract Tower,14,13,6,2,35,0,0,1,0,1,14,13,7,2,36,0,0,0,36
11/22/2010,BMI,IL,AGL,CE,Federal Contract Tower,12,17,12,0,41,0,0,0,0,0,12,17,12,0,41,0,0,0,41
11/23/2010,BMI,IL,AGL,CE,Federal Contract Tower,16,18,13,0,47,0,0,21,0,21,16,18,34,0,68,12,0,12,80
11/24/2010,BMI,IL,AGL,CE,Federal Contract Tower,14,17,6,0,37,0,0,0,0,0,14,17,6,0,37,0,0,0,37
11/25/2010,BMI,IL,AGL,CE,Federal Contract Tower,12,13,0,0,25,0,0,0,0,0,12,13,0,0,25,0,0,0,25
11/26/2010,BMI,IL,AGL,CE,Federal Contract Tower,10,12,3,0,25,0,0,17,0,17,10,12,20,0,42,0,0,0,42
11/27/2010,BMI,IL,AGL,CE,Federal Contract Tower,16,11,5,0,32,0,0,46,0,46,16,11,51,0,78,30,0,30,108
11/28/2010,BMI,IL,AGL,CE,Federal Contract Tower,16,14,16,0,46,0,0,15,0,15,16,14,31,0,61,4,0,4,65
11/29/2010,BMI,IL,AGL,CE,Federal Contract Tower,12,17,9,0,38,0,0,5,0,5,12,17,14,0,43,8,0,8,51
11/30/2010,BMI,IL,AGL,CE,Federal Contract Tower,13,18,14,0,45,0,0,0,0,0,13,18,14,0,45,0,0,0,45
12/01/2010,BMI,IL,AGL,CE,Federal Contract Tower,10,14,19,0,43,0,0,3,0,3,10,14,22,0,46,0,0,0,46
12/02/2010,BMI,IL,AGL,CE,Federal Contract Tower,16,13,16,0,45,0,0,14,0,14,16,13,30,0,59,4,0,4,63
12/03/2010,BMI,IL,AGL,CE,Federal Contract Tower,14,11,3,0,28,0,0,35,0,35,14,11,38,0,63,24,0,24,87
12/04/2010,BMI,IL,AGL,CE,Federal Contract Tower,12,9,1,0,22,0,0,0,0,0,12,9,1,0,22,0,0,0,22
12/05/2010,BMI,IL,AGL,CE,Federal Contract Tower,14,12,1,0,27,0,0,4,0,4,14,12,5,0,31,0,0,0,31
12/06/2010,BMI,IL,AGL,CE,Federal Contract Tower,13,11,6,0,30,0,0,4,0,4,13,11,10,0,34,0,0,0,34
12/07/2010,BMI,IL,AGL,CE,Federal Contract Tower,13,12,17,0,42,0,0,11,2,13,13,12,28,2,55,0,8,8,63
12/08/2010,BMI,IL,AGL,CE,Federal Contract Tower,11,17,23,2,53,0,0,19,0,19,11,17,42,2,72,4,0,4,76
12/09/2010,BMI,IL,AGL,CE,Federal Contract Tower,15,12,12,0,39,0,0,11,0,11,15,12,23,0,50,6,0,6,56
12/10/2010,BMI,IL,AGL,CE,Federal Contract Tower,14,16,13,0,43,0,0,19,0,19,14,16,32,0,62,4,0,4,66
12/11/2010,BMI,IL,AGL,CE,Federal Contract Tower,12,10,4,0,26,0,0,0,0,0,12,10,4,0,26,0,0,0,26
12/12/2010,BMI,IL,AGL,CE,Federal Contract Tower,14,5,2,0,21,0,0,0,0,0,14,5,2,0,21,0,0,0,21
12/13/2010,BMI,IL,AGL,CE,Federal Contract Tower,14,13,24,0,51,0,0,4,0,4,14,13,28,0,55,0,0,0,55
12/14/2010,BMI,IL,AGL,CE,Federal Contract Tower,16,13,22,3,54,0,0,18,0,18,16,13,40,3,72,20,6,26,98
12/15/2010,BMI,IL,AGL,CE,Federal Contract Tower,12,12,17,0,41,0,0,7,2,9,12,12,24,2,50,0,0,0,50
12/16/2010,BMI,IL,AGL,CE,Federal Contract Tower,15,12,15,0,42,0,0,0,0,0,15,12,15,0,42,0,0,0,42
12/17/2010,BMI,IL,AGL,CE,Federal Contract Tower,14,12,15,0,41,0,0,13,0,13,14,12,28,0,54,20,0,20,74
12/18/2010,BMI,IL,AGL,CE,Federal Contract Tower,12,10,9,0,31,0,0,23,0,23,12,10,32,0,54,40,0,40,94
12/19/2010,BMI,IL,AGL,CE,Federal Contract Tower,13,14,4,0,31,0,0,6,0,6,13,14,10,0,37,8,0,8,45
12/20/2010,BMI,IL,AGL,CE,Federal Contract Tower,12,14,8,0,34,0,0,0,0,0,12,14,8,0,34,0,0,0,34
12/21/2010,BMI,IL,AGL,CE,Federal Contract Tower,14,15,19,0,48,0,0,0,0,0,14,15,19,0,48,0,0,0,48
12/22/2010,BMI,IL,AGL,CE,Federal Contract Tower,11,15,10,0,36,0,0,0,0,0,11,15,10,0,36,0,0,0,36
12/23/2010,BMI,IL,AGL,CE,Federal Contract Tower,14,12,6,0,32,0,0,35,0,35,14,12,41,0,67,12,0,12,79
12/24/2010,BMI,IL,AGL,CE,Federal Contract Tower,6,5,0,0,11,0,0,0,0,0,6,5,0,0,11,0,0,0,11
12/25/2010,BMI,IL,AGL,CE,Federal Contract Tower,13,10,0,0,23,0,0,0,0,0,13,10,0,0,23,0,0,0,23
12/26/2010,BMI,IL,AGL,CE,Federal Contract Tower,15,11,2,0,28,0,0,0,0,0,15,11,2,0,28,0,0,0,28
12/27/2010,BMI,IL,AGL,CE,Federal Contract Tower,11,14,6,0,31,0,0,0,0,0,11,14,6,0,31,0,0,0,31
12/28/2010,BMI,IL,AGL,CE,Federal Contract Tower,14,16,8,0,38,0,0,23,0,23,14,16,31,0,61,36,0,36,97
12/29/2010,BMI,IL,AGL,CE,Federal Contract Tower,14,10,12,0,36,0,0,0,0,0,14,10,12,0,36,0,0,0,36
12/30/2010,BMI,IL,AGL,CE,Federal Contract Tower,13,14,8,0,35,0,0,0,0,0,13,14,8,0,35,0,0,0,35
12/31/2010,BMI,IL,AGL,CE,Federal Contract Tower,11,15,2,0,28,0,0,0,0,0,11,15,2,0,28,0,0,0,28
01/01/2011,BMI,IL,AGL,CE,Federal Contract Tower,11,9,1,0,21,0,0,3,0,3,11,9,4,0,24,0,0,0,24
01/02/2011,BMI,IL,AGL,CE,Federal Contract Tower,14,12,0,0,26,0,0,41,0,41,14,12,41,0,67,4,0,4,71
01/03/2011,BMI,IL,AGL,CE,Federal Contract Tower,15,14,7,0,36,0,0,27,0,27,15,14,34,0,63,44,0,44,107
01/04/2011,BMI,IL,AGL,CE,Federal Contract Tower,14,18,12,0,44,0,0,27,0,27,14,18,39,0,71,0,2,2,73
01/05/2011,BMI,IL,AGL,CE,Federal Contract Tower,11,15,18,0,44,0,0,30,0,30,11,15,48,0,74,10,0,10,84
01/06/2011,BMI,IL,AGL,CE,Federal Contract Tower,11,16,13,0,40,0,0,22,0,22,11,16,35,0,62,20,0,20,82
01/07/2011,BMI,IL,AGL,CE,Federal Contract Tower,9,20,12,0,41,0,0,5,0,5,9,20,17,0,46,0,0,0,46
01/08/2011,BMI,IL,AGL,CE,Federal Contract Tower,5,14,3,0,22,0,0,12,2,14,5,14,15,2,36,10,0,10,46
01/09/2011,BMI,IL,AGL,CE,Federal Contract Tower,10,15,7,0,32,0,0,59,0,59,10,15,66,0,91,22,0,22,113
01/10/2011,BMI,IL,AGL,CE,Federal Contract Tower,1,12,4,0,17,0,0,9,0,9,1,12,13,0,26,6,0,6,32
01/11/2011,BMI,IL,AGL,CE,Federal Contract Tower,3,8,10,0,21,0,0,0,0,0,3,8,10,0,21,0,0,0,21
01/12/2011,BMI,IL,AGL,CE,Federal Contract Tower,9,14,16,0,39,0,0,4,0,4,9,14,20,0,43,0,0,0,43
01/13/2011,BMI,IL,AGL,CE,Federal Contract Tower,7,15,20,3,45,0,0,12,0,12,7,15,32,3,57,0,0,0,57
01/14/2011,BMI,IL,AGL,CE,Federal Contract Tower,7,18,17,0,42,0,0,13,0,13,7,18,30,0,55,0,0,0,55
01/15/2011,BMI,IL,AGL,CE,Federal Contract Tower,5,15,1,0,21,0,0,4,0,4,5,15,5,0,25,0,0,0,25
01/16/2011,BMI,IL,AGL,CE,Federal Contract Tower,9,16,2,0,27,0,0,15,0,15,9,16,17,0,42,0,0,0,42
01/17/2011,BMI,IL,AGL,CE,Federal Contract Tower,9,15,6,0,30,0,0,0,0,0,9,15,6,0,30,0,0,0,30
01/18/2011,BMI,IL,AGL,CE,Federal Contract Tower,13,11,10,0,34,0,0,0,0,0,13,11,10,0,34,0,0,0,34
01/19/2011,BMI,IL,AGL,CE,Federal Contract Tower,10,17,11,0,38,0,0,0,0,0,10,17,11,0,38,0,0,0,38
01/20/2011,BMI,IL,AGL,CE,Federal Contract Tower,9,17,17,0,43,0,0,0,0,0,9,17,17,0,43,0,0,0,43
01/21/2011,BMI,IL,AGL,CE,Federal Contract Tower,10,15,9,0,34,0,0,23,0,23,10,15,32,0,57,12,0,12,69
01/22/2011,BMI,IL,AGL,CE,Federal Contract Tower,5,13,3,0,21,0,0,2,0,2,5,13,5,0,23,0,0,0,23
01/23/2011,BMI,IL,AGL,CE,Federal Contract Tower,11,14,3,0,28,0,0,8,0,8,11,14,11,0,36,0,0,0,36
01/24/2011,BMI,IL,AGL,CE,Federal Contract Tower,7,17,8,0,32,0,0,0,0,0,7,17,8,0,32,0,0,0,32
01/25/2011,BMI,IL,AGL,CE,Federal Contract Tower,12,14,12,4,42,0,0,0,0,0,12,14,12,4,42,0,0,0,42
01/26/2011,BMI,IL,AGL,CE,Federal Contract Tower,10,13,16,0,39,0,0,3,0,3,10,13,19,0,42,0,16,16,58
01/27/2011,BMI,IL,AGL,CE,Federal Contract Tower,12,15,13,0,40,0,0,0,0,0,12,15,13,0,40,0,0,0,40
01/28/2011,BMI,IL,AGL,CE,Federal Contract Tower,8,15,12,0,35,0,0,2,0,2,8,15,14,0,37,0,0,0,37
01/29/2011,BMI,IL,AGL,CE,Federal Contract Tower,5,14,7,0,26,0,0,7,0,7,5,14,14,0,33,38,0,38,71
01/30/2011,BMI,IL,AGL,CE,Federal Contract Tower,11,14,10,0,35,0,0,2,0,2,11,14,12,0,37,0,0,0,37
01/31/2011,BMI,IL,AGL,CE,Federal Contract Tower,9,16,6,0,31,0,0,5,0,5,9,16,11,0,36,0,0,0,36
02/01/2011,BMI,IL,AGL,CE,Federal Contract Tower,2,6,0,0,8,0,0,0,0,0,2,6,0,0,8,0,0,0,8
02/02/2011,BMI,IL,AGL,CE,Federal Contract Tower,2,3,2,0,7,0,0,0,0,0,2,3,2,0,7,0,0,0,7
02/03/2011,BMI,IL,AGL,CE,Federal Contract Tower,13,9,13,0,35,0,0,6,0,6,13,9,19,0,41,12,0,12,53
02/04/2011,BMI,IL,AGL,CE,Federal Contract Tower,10,16,12,0,38,0,0,6,0,6,10,16,18,0,44,0,0,0,44
02/05/2011,BMI,IL,AGL,CE,Federal Contract Tower,5,14,3,0,22,0,0,28,2,30,5,14,31,2,52,20,0,20,72
02/06/2011,BMI,IL,AGL,CE,Federal Contract Tower,12,13,2,0,27,0,0,0,0,0,12,13,2,0,27,0,0,0,27
02/07/2011,BMI,IL,AGL,CE,Federal Contract Tower,9,15,12,0,36,0,0,4,0,4,9,15,16,0,40,8,0,8,48
02/08/2011,BMI,IL,AGL,CE,Federal Contract Tower,9,21,10,3,43,0,0,8,2,10,9,21,18,5,53,18,0,18,71
02/09/2011,BMI,IL,AGL,CE,Federal Contract Tower,10,17,12,0,39,0,0,3,0,3,10,17,15,0,42,0,0,0,42
02/10/2011,BMI,IL,AGL,CE,Federal Contract Tower,12,16,17,0,45,0,0,6,1,7,12,16,23,1,52,0,0,0,52
02/11/2011,BMI,IL,AGL,CE,Federal Contract Tower,11,11,9,0,31,0,0,8,0,8,11,11,17,0,39,10,0,10,49
02/12/2011,BMI,IL,AGL,CE,Federal Contract Tower,5,14,6,0,25,0,0,43,0,43,5,14,49,0,68,38,0,38,106
02/13/2011,BMI,IL,AGL,CE,Federal Contract Tower,13,14,5,0,32,0,0,18,0,18,13,14,23,0,50,14,0,14,64
02/14/2011,BMI,IL,AGL,CE,Federal Contract Tower,9,17,16,0,42,0,0,13,1,14,9,17,29,1,56,14,0,14,70
02/15/2011,BMI,IL,AGL,CE,Federal Contract Tower,11,17,10,0,38,0,0,23,0,23,11,17,33,0,61,12,0,12,73
02/16/2011,BMI,IL,AGL,CE,Federal Contract Tower,9,16,11,2,38,0,0,9,0,9,9,16,20,2,47,0,0,0,47
02/17/2011,BMI,IL,AGL,CE,Federal Contract Tower,12,16,9,0,37,0,0,7,0,7,12,16,16,0,44,0,0,0,44
02/18/2011,BMI,IL,AGL,CE,Federal Contract Tower,15,13,11,0,39,0,0,38,0,38,15,13,49,0,77,26,0,26,103
02/19/2011,BMI,IL,AGL,CE,Federal Contract Tower,9,13,14,0,36,0,0,60,0,60,9,13,74,0,96,36,0,36,132
02/20/2011,BMI,IL,AGL,CE,Federal Contract Tower,17,5,6,0,28,0,0,5,0,5,17,5,11,0,33,0,0,0,33
02/21/2011,BMI,IL,AGL,CE,Federal Contract Tower,16,7,6,0,29,0,0,0,0,0,16,7,6,0,29,0,0,0,29
02/22/2011,BMI,IL,AGL,CE,Federal Contract Tower,13,15,11,0,39,0,0,3,0,3,13,15,14,0,42,0,0,0,42
02/23/2011,BMI,IL,AGL,CE,Federal Contract Tower,15,11,14,3,43,0,0,8,0,8,15,11,22,3,51,0,0,0,51
02/24/2011,BMI,IL,AGL,CE,Federal Contract Tower,13,16,7,0,36,0,0,4,0,4,13,16,11,0,40,12,0,12,52
02/25/2011,BMI,IL,AGL,CE,Federal Contract Tower,17,13,13,0,43,0,0,6,0,6,17,13,19,0,49,0,0,0,49
02/26/2011,BMI,IL,AGL,CE,Federal Contract Tower,10,9,3,0,22,0,0,0,0,0,10,9,3,0,22,0,0,0,22
02/27/2011,BMI,IL,AGL,CE,Federal Contract Tower,16,11,4,0,31,0,0,2,0,2,16,11,6,0,33,0,0,0,33
02/28/2011,BMI,IL,AGL,CE,Federal Contract Tower,13,12,15,0,40,0,0,7,0,7,13,12,22,0,47,4,0,4,51
03/01/2011,BMI,IL,AGL,CE,Federal Contract Tower,14,17,9,0,40,0,0,27,4,31,14,17,36,4,71,42,0,42,113
03/02/2011,BMI,IL,AGL,CE,Federal Contract Tower,13,19,17,0,49,0,0,28,0,28,13,19,45,0,77,4,0,4,81
03/03/2011,BMI,IL,AGL,CE,Federal Contract Tower,13,13,14,0,40,0,0,19,1,20,13,13,33,1,60,14,0,14,74
03/04/2011,BMI,IL,AGL,CE,Federal Contract Tower,15,14,20,2,51,0,0,3,0,3,15,14,23,2,54,0,0,0,54
03/05/2011,BMI,IL,AGL,CE,Federal Contract Tower,9,11,2,0,22,0,0,0,0,0,9,11,2,0,22,0,0,0,22
03/06/2011,BMI,IL,AGL,CE,Federal Contract Tower,16,9,22,0,47,0,0,32,0,32,16,9,54,0,79,68,0,68,147
03/07/2011,BMI,IL,AGL,CE,Federal Contract Tower,14,14,13,0,41,0,0,0,0,0,14,14,13,0,41,0,0,0,41
03/08/2011,BMI,IL,AGL,CE,Federal Contract Tower,14,11,11,1,37,0,0,11,0,11,14,11,22,1,48,8,0,8,56
03/09/2011,BMI,IL,AGL,CE,Federal Contract Tower,12,15,7,0,34,0,0,0,0,0,12,15,7,0,34,0,0,0,34
03/10/2011,BMI,IL,AGL,CE,Federal Contract Tower,12,14,15,0,41,0,0,6,0,6,12,14,21,0,47,6,0,6,53
03/11/2011,BMI,IL,AGL,CE,Federal Contract Tower,13,14,6,5,38,0,0,34,0,34,13,14,40,5,72,36,6,42,114
03/12/2011,BMI,IL,AGL,CE,Federal Contract Tower,11,10,13,0,34,0,0,8,0,8,11,10,21,0,42,2,0,2,44
03/13/2011,BMI,IL,AGL,CE,Federal Contract Tower,17,13,11,0,41,0,0,5,0,5,17,13,16,0,46,0,0,0,46
03/14/2011,BMI,IL,AGL,CE,Federal Contract Tower,11,17,16,0,44,0,0,24,0,24,11,17,40,0,68,18,0,18,86
03/15/2011,BMI,IL,AGL,CE,Federal Contract Tower,15,16,14,2,47,0,0,0,0,0,15,16,14,2,47,0,0,0,47
03/16/2011,BMI,IL,AGL,CE,Federal Contract Tower,12,16,8,3,39,0,0,52,6,58,12,16,60,9,97,28,12,40,137
03/17/2011,BMI,IL,AGL,CE,Federal Contract Tower,14,18,17,0,49,0,0,9,0,9,14,18,26,0,58,0,0,0,58
03/18/2011,BMI,IL,AGL,CE,Federal Contract Tower,15,13,10,3,41,0,0,22,1,23,15,13,32,4,64,18,6,24,88
03/19/2011,BMI,IL,AGL,CE,Federal Contract Tower,9,13,11,0,33,0,0,81,0,81,9,13,92,0,114,18,0,18,132
03/20/2011,BMI,IL,AGL,CE,Federal Contract Tower,16,14,4,0,34,0,0,7,0,7,16,14,11,0,41,0,0,0,41
03/21/2011,BMI,IL,AGL,CE,Federal Contract Tower,18,14,11,0,43,0,0,15,0,15,18,14,26,0,58,0,0,0,58
03/22/2011,BMI,IL,AGL,CE,Federal Contract Tower,14,11,9,0,34,0,0,7,1,8,14,11,16,1,42,2,0,2,44
03/23/2011,BMI,IL,AGL,CE,Federal Contract Tower,12,13,14,3,42,0,0,29,0,29,12,13,43,3,71,26,0,26,97
03/24/2011,BMI,IL,AGL,CE,Federal Contract Tower,16,14,26,2,58,0,0,18,0,18,16,14,44,2,76,0,4,4,80
03/25/2011,BMI,IL,AGL,CE,Federal Contract Tower,13,15,15,0,43,0,0,10,0,10,13,15,25,0,53,0,0,0,53
03/26/2011,BMI,IL,AGL,CE,Federal Contract Tower,10,12,5,0,27,0,0,26,0,26,10,12,31,0,53,14,0,14,67
03/27/2011,BMI,IL,AGL,CE,Federal Contract Tower,16,13,11,0,40,0,0,47,0,47,16,13,58,0,87,2,0,2,89
03/28/2011,BMI,IL,AGL,CE,Federal Contract Tower,14,14,6,5,39,0,0,52,0,52,14,14,58,5,91,12,0,12,103
03/29/2011,BMI,IL,AGL,CE,Federal Contract Tower,15,17,8,0,40,0,0,22,2,24,15,17,30,2,64,26,2,28,92
03/30/2011,BMI,IL,AGL,CE,Federal Contract Tower,15,16,13,1,45,0,0,33,0,33,15,16,46,1,78,22,0,22,100
03/31/2011,BMI,IL,AGL,CE,Federal Contract Tower,13,15,17,0,45,0,0,45,0,45,13,15,62,0,90,44,0,44,134
04/01/2011,BMI,IL,AGL,CE,Federal Contract Tower,15,14,17,2,48,0,0,11,0,11,15,14,28,2,59,0,30,30,89
04/02/2011,BMI,IL,AGL,CE,Federal Contract Tower,11,10,2,1,24,0,0,85,1,86,11,10,87,2,110,24,0,24,134
04/03/2011,BMI,IL,AGL,CE,Federal Contract Tower,13,16,2,0,31,0,0,4,0,4,13,16,6,0,35,0,0,0,35
04/04/2011,BMI,IL,AGL,CE,Federal Contract Tower,13,19,15,0,47,0,0,7,0,7,13,19,22,0,54,0,0,0,54
04/05/2011,BMI,IL,AGL,CE,Federal Contract Tower,14,15,20,1,50,0,0,58,2,60,14,15,78,3,110,26,0,26,136
04/06/2011,BMI,IL,AGL,CE,Federal Contract Tower,12,20,31,0,63,0,0,25,0,25,12,20,56,0,88,6,0,6,94
04/07/2011,BMI,IL,AGL,CE,Federal Contract Tower,15,16,18,0,49,0,0,15,0,15,15,16,33,0,64,2,2,4,68
04/08/2011,BMI,IL,AGL,CE,Federal Contract Tower,12,16,25,2,55,0,0,0,0,0,12,16,25,2,55,0,0,0,55
04/09/2011,BMI,IL,AGL,CE,Federal Contract Tower,11,10,1,0,22,0,0,29,0,29,11,10,30,0,51,8,0,8,59
04/10/2011,BMI,IL,AGL,CE,Federal Contract Tower,16,17,9,0,42,0,0,25,0,25,16,17,34,0,67,4,0,4,71
04/11/2011,BMI,IL,AGL,CE,Federal Contract Tower,12,16,7,2,37,0,0,14,0,14,12,16,21,2,51,0,0,0,51
04/12/2011,BMI,IL,AGL,CE,Federal Contract Tower,13,15,16,2,46,0,0,65,0,65,13,15,81,2,111,18,0,18,129
04/13/2011,BMI,IL,AGL,CE,Federal Contract Tower,12,16,12,1,41,0,0,82,0,82,12,16,94,1,123,42,0,42,165
04/14/2011,BMI,IL,AGL,CE,Federal Contract Tower,13,17,16,2,48,0,0,41,0,41,13,17,57,2,89,24,0,24,113
04/15/2011,BMI,IL,AGL,CE,Federal Contract Tower,12,15,4,0,31,0,0,0,0,0,12,15,4,0,31,0,0,0,31
04/16/2011,BMI,IL,AGL,CE,Federal Contract Tower,11,9,11,0,31,0,0,1,0,1,11,9,12,0,32,0,0,0,32
04/17/2011,BMI,IL,AGL,CE,Federal Contract Tower,16,16,15,0,47,0,0,43,0,43,16,16,58,0,90,6,0,6,96
04/18/2011,BMI,IL,AGL,CE,Federal Contract Tower,14,14,11,0,39,0,0,4,0,4,14,14,15,0,43,0,0,0,43
04/19/2011,BMI,IL,AGL,CE,Federal Contract Tower,11,8,1,0,20,0,0,0,0,0,11,8,1,0,20,0,0,0,20
04/20/2011,BMI,IL,AGL,CE,Federal Contract Tower,16,17,15,1,49,0,0,9,0,9,16,17,24,1,58,10,0,10,68
04/21/2011,BMI,IL,AGL,CE,Federal Contract Tower,14,18,12,1,45,0,0,32,2,34,14,18,44,3,79,20,0,20,99
04/22/2011,BMI,IL,AGL,CE,Federal Contract Tower,14,10,6,0,30,0,0,0,0,0,14,10,6,0,30,0,0,0,30
04/23/2011,BMI,IL,AGL,CE,Federal Contract Tower,9,9,6,0,24,0,0,29,0,29,9,9,35,0,53,16,0,16,69
04/24/2011,BMI,IL,AGL,CE,Federal Contract Tower,16,18,3,0,37,0,0,23,0,23,16,18,26,0,60,0,0,0,60
04/25/2011,BMI,IL,AGL,CE,Federal Contract Tower,11,17,16,0,44,0,0,0,0,0,11,17,16,0,44,0,0,0,44
04/26/2011,BMI,IL,AGL,CE,Federal Contract Tower,15,10,19,1,45,0,0,1,0,1,15,10,20,1,46,0,0,0,46
04/27/2011,BMI,IL,AGL,CE,Federal Contract Tower,14,15,28,2,59,0,0,4,0,4,14,15,32,2,63,0,0,0,63
04/28/2011,BMI,IL,AGL,CE,Federal Contract Tower,12,17,9,0,38,0,0,15,0,15,12,17,24,0,53,0,0,0,53
04/29/2011,BMI,IL,AGL,CE,Federal Contract Tower,13,12,22,0,47,0,0,53,0,53,13,12,75,0,100,28,0,28,128
04/30/2011,BMI,IL,AGL,CE,Federal Contract Tower,11,9,0,0,20,0,0,6,0,6,11,9,6,0,26,0,0,0,26
05/01/2011,BMI,IL,AGL,CE,Federal Contract Tower,17,13,7,0,37,0,0,21,0,21,17,13,28,0,58,0,0,0,58
05/02/2011,BMI,IL,AGL,CE,Federal Contract Tower,15,12,15,0,42,0,0,25,0,25,15,12,40,0,67,34,0,34,101
05/03/2011,BMI,IL,AGL,CE,Federal Contract Tower,16,13,11,0,40,0,0,44,0,44,16,13,55,0,84,48,0,48,132
05/04/2011,BMI,IL,AGL,CE,Federal Contract Tower,16,14,19,0,49,0,0,33,0,33,16,14,52,0,82,22,0,22,104
05/05/2011,BMI,IL,AGL,CE,Federal Contract Tower,17,14,10,2,43,0,0,27,0,27,17,14,37,2,70,0,0,0,70
05/06/2011,BMI,IL,AGL,CE,Federal Contract Tower,11,15,14,0,40,0,0,46,0,46,11,15,60,0,86,52,0,52,138
05/07/2011,BMI,IL,AGL,CE,Federal Contract Tower,13,12,7,0,32,0,0,15,0,15,13,12,22,0,47,6,0,6,53
05/08/2011,BMI,IL,AGL,CE,Federal Contract Tower,17,17,5,0,39,0,0,17,0,17,17,17,22,0,56,0,0,0,56
05/09/2011,BMI,IL,AGL,CE,Federal Contract Tower,12,18,14,0,44,0,0,2,0,2,12,18,16,0,46,4,0,4,50
05/10/2011,BMI,IL,AGL,CE,Federal Contract Tower,16,12,17,1,46,0,0,19,0,19,16,12,36,1,65,12,0,12,77
05/11/2011,BMI,IL,AGL,CE,Federal Contract Tower,15,13,16,0,44,0,0,5,0,5,15,13,21,0,49,0,0,0,49
05/12/2011,BMI,IL,AGL,CE,Federal Contract Tower,17,12,16,2,47,0,0,12,1,13,17,12,28,3,60,12,0,12,72
05/13/2011,BMI,IL,AGL,CE,Federal Contract Tower,14,14,8,2,38,0,0,17,0,17,14,14,25,2,55,8,8,16,71
05/14/2011,BMI,IL,AGL,CE,Federal Contract Tower,13,13,4,1,31,0,0,0,0,0,13,13,4,1,31,0,0,0,31
05/15/2011,BMI,IL,AGL,CE,Federal Contract Tower,15,15,9,1,40,0,0,0,0,0,15,15,9,1,40,0,0,0,40
05/16/2011,BMI,IL,AGL,CE,Federal Contract Tower,14,15,14,0,43,0,0,33,0,33,14,15,47,0,76,20,0,20,96
05/17/2011,BMI,IL,AGL,CE,Federal Contract Tower,17,15,7,0,39,0,0,33,0,33,17,15,40,0,72,22,0,22,94
05/18/2011,BMI,IL,AGL,CE,Federal Contract Tower,13,17,18,2,50,0,0,12,0,12,13,17,30,2,62,0,0,0,62
05/19/2011,BMI,IL,AGL,CE,Federal Contract Tower,15,14,14,0,43,0,0,38,0,38,15,14,52,0,81,58,0,58,139
05/20/2011,BMI,IL,AGL,CE,Federal Contract Tower,13,12,19,0,44,0,0,31,0,31,13,12,50,0,75,0,0,0,75
05/21/2011,BMI,IL,AGL,CE,Federal Contract Tower,13,8,4,0,25,0,0,6,0,6,13,8,10,0,31,0,0,0,31
05/22/2011,BMI,IL,AGL,CE,Federal Contract Tower,16,11,9,0,36,0,0,20,0,20,16,11,29,0,56,0,0,0,56
05/23/2011,BMI,IL,AGL,CE,Federal Contract Tower,15,13,20,0,48,0,0,19,2,21,15,13,39,2,69,8,8,16,85
05/24/2011,BMI,IL,AGL,CE,Federal Contract Tower,13,13,8,0,34,0,0,33,0,33,13,13,41,0,67,42,8,50,117
05/25/2011,BMI,IL,AGL,CE,Federal Contract Tower,13,8,10,0,31,0,0,0,0,0,13,8,10,0,31,0,0,0,31
05/26/2011,BMI,IL,AGL,CE,Federal Contract Tower,12,13,20,0,45,0,0,0,0,0,12,13,20,0,45,0,0,0,45
05/27/2011,BMI,IL,AGL,CE,Federal Contract Tower,13,15,16,0,44,0,0,22,0,22,13,15,38,0,66,2,0,2,68
05/28/2011,BMI,IL,AGL,CE,Federal Contract Tower,12,12,15,0,39,0,0,0,0,0,12,12,15,0,39,0,0,0,39
05/29/2011,BMI,IL,AGL,CE,Federal Contract Tower,15,8,8,0,31,0,0,7,0,7,15,8,15,0,38,0,0,0,38
05/30/2011,BMI,IL,AGL,CE,Federal Contract Tower,16,13,5,0,34,0,2,24,0,26,16,15,29,0,60,0,0,0,60
05/31/2011,BMI,IL,AGL,CE,Federal Contract Tower,15,13,20,1,49,0,0,4,1,5,15,13,24,2,54,0,6,6,60
06/01/2011,BMI,IL,AGL,CE,Federal Contract Tower,15,14,18,0,47,0,0,61,4,65,15,14,79,4,112,20,2,22,134
06/02/2011,BMI,IL,AGL,CE,Federal Contract Tower,16,16,6,0,38,0,0,11,0,11,16,16,17,0,49,10,2,12,61
06/03/2011,BMI,IL,AGL,CE,Federal Contract Tower,14,16,11,0,41,0,0,19,0,19,14,16,30,0,60,28,0,28,88
06/04/2011,BMI,IL,AGL,CE,Federal Contract Tower,13,15,12,0,40,0,0,23,0,23,13,15,35,0,63,10,0,10,73
06/05/2011,BMI,IL,AGL,CE,Federal Contract Tower,16,13,11,0,40,0,0,26,0,26,16,13,37,0,66,12,0,12,78
06/06/2011,BMI,IL,AGL,CE,Federal Contract Tower,15,14,18,0,47,0,0,15,0,15,15,14,33,0,62,36,0,36,98
06/07/2011,BMI,IL,AGL,CE,Federal Contract Tower,15,13,8,0,36,0,0,23,2,25,15,13,31,2,61,32,0,32,93
06/08/2011,BMI,IL,AGL,CE,Federal Contract Tower,14,18,19,0,51,0,0,21,0,21,14,18,40,0,72,12,0,12,84
06/09/2011,BMI,IL,AGL,CE,Federal Contract Tower,15,14,8,0,37,0,0,11,0,11,15,14,19,0,48,0,0,0,48
06/10/2011,BMI,IL,AGL,CE,Federal Contract Tower,14,14,18,0,46,0,0,21,0,21,14,14,39,0,67,12,0,12,79
06/11/2011,BMI,IL,AGL,CE,Federal Contract Tower,14,12,24,0,50,0,0,22,0,22,14,12,46,0,72,22,0,22,94
06/12/2011,BMI,IL,AGL,CE,Federal Contract Tower,16,17,14,0,47,0,0,33,0,33,16,17,47,0,80,8,0,8,88
06/13/2011,BMI,IL,AGL,CE,Federal Contract Tower,14,15,23,0,52,0,0,31,0,31,14,15,54,0,83,46,0,46,129
06/14/2011,BMI,IL,AGL,CE,Federal Contract Tower,16,17,33,0,66,0,0,7,0,7,16,17,40,0,73,6,0,6,79
06/15/2011,BMI,IL,AGL,CE,Federal Contract Tower,16,18,14,1,49,0,0,2,0,2,16,18,16,1,51,0,0,0,51
06/16/2011,BMI,IL,AGL,CE,Federal Contract Tower,15,17,18,1,51,0,0,36,0,36,15,17,54,1,87,26,0,26,113
06/17/2011,BMI,IL,AGL,CE,Federal Contract Tower,15,16,12,0,43,0,0,29,0,29,15,16,41,0,72,106,0,106,178
06/18/2011,BMI,IL,AGL,CE,Federal Contract Tower,13,11,2,0,26,0,0,13,0,13,13,11,15,0,39,24,0,24,63
06/19/2011,BMI,IL,AGL,CE,Federal Contract Tower,14,14,9,0,37,0,0,11,0,11,14,14,20,0,48,8,0,8,56
06/20/2011,BMI,IL,AGL,CE,Federal Contract Tower,13,16,13,0,42,0,0,8,0,8,13,16,21,0,50,0,0,0,50
06/21/2011,BMI,IL,AGL,CE,Federal Contract Tower,16,18,19,0,53,0,0,11,2,13,16,18,30,2,66,28,0,28,94
06/22/2011,BMI,IL,AGL,CE,Federal Contract Tower,13,13,25,0,51,0,0,18,0,18,13,13,43,0,69,8,0,8,77
06/23/2011,BMI,IL,AGL,CE,Federal Contract Tower,15,15,17,0,47,0,0,10,0,10,15,15,27,0,57,0,0,0,57
06/24/2011,BMI,IL,AGL,CE,Federal Contract Tower,14,15,21,0,50,0,0,24,0,24,14,15,45,0,74,32,0,32,106
06/25/2011,BMI,IL,AGL,CE,Federal Contract Tower,14,11,9,0,34,0,0,50,0,50,14,11,59,0,84,12,0,12,96
06/26/2011,BMI,IL,AGL,CE,Federal Contract Tower,17,15,16,0,48,0,0,29,0,29,17,15,45,0,77,14,0,14,91
06/27/2011,BMI,IL,AGL,CE,Federal Contract Tower,11,16,14,0,41,0,0,19,0,19,11,16,33,0,60,34,0,34,94
06/28/2011,BMI,IL,AGL,CE,Federal Contract Tower,16,18,18,0,52,0,0,44,1,45,16,18,62,1,97,72,0,72,169
06/29/2011,BMI,IL,AGL,CE,Federal Contract Tower,14,15,22,0,51,0,0,64,0,64,14,15,86,0,115,84,0,84,199
06/30/2011,BMI,IL,AGL,CE,Federal Contract Tower,15,17,10,0,42,0,0,35,0,35,15,17,45,0,77,10,0,10,87
07/01/2011,BMI,IL,AGL,CE,Federal Contract Tower,15,16,21,0,52,0,0,20,0,20,15,16,41,0,72,4,0,4,76
07/02/2011,BMI,IL,AGL,CE,Federal Contract Tower,13,11,6,0,30,0,0,31,0,31,13,11,37,0,61,16,0,16,77
07/03/2011,BMI,IL,AGL,CE,Federal Contract Tower,12,12,6,0,30,0,0,36,0,36,12,12,42,0,66,56,0,56,122
07/04/2011,BMI,IL,AGL,CE,Federal Contract Tower,8,17,6,0,31,0,0,29,0,29,8,17,35,0,60,18,0,18,78
07/05/2011,BMI,IL,AGL,CE,Federal Contract Tower,15,16,8,0,39,0,0,42,0,42,15,16,50,0,81,10,0,10,91
07/06/2011,BMI,IL,AGL,CE,Federal Contract Tower,14,16,15,0,45,0,0,48,0,48,14,16,63,0,93,30,0,30,123
07/07/2011,BMI,IL,AGL,CE,Federal Contract Tower,16,16,14,4,50,0,0,18,0,18,16,16,32,4,68,26,2,28,96
07/08/2011,BMI,IL,AGL,CE,Federal Contract Tower,14,16,25,0,55,0,0,37,0,37,14,16,62,0,92,28,0,28,120
07/09/2011,BMI,IL,AGL,CE,Federal Contract Tower,13,15,8,2,38,0,0,48,1,49,13,15,56,3,87,10,8,18,105
07/10/2011,BMI,IL,AGL,CE,Federal Contract Tower,16,16,11,0,43,0,0,34,0,34,16,16,45,0,77,14,0,14,91
07/11/2011,BMI,IL,AGL,CE,Federal Contract Tower,17,13,12,0,42,0,0,17,0,17,17,13,29,0,59,2,0,2,61
07/12/2011,BMI,IL,AGL,CE,Federal Contract Tower,16,15,12,0,43,0,0,8,0,8,16,15,20,0,51,6,0,6,57
07/13/2011,BMI,IL,AGL,CE,Federal Contract Tower,15,16,19,1,51,0,0,22,0,22,15,16,41,1,73,6,0,6,79
07/14/2011,BMI,IL,AGL,CE,Federal Contract Tower,15,19,8,0,42,0,0,42,2,44,15,19,50,2,86,60,2,62,148
07/15/2011,BMI,IL,AGL,CE,Federal Contract Tower,14,16,10,0,40,0,0,24,0,24,14,16,34,0,64,0,0,0,64
07/16/2011,BMI,IL,AGL,CE,Federal Contract Tower,11,15,2,0,28,0,0,31,0,31,11,15,33,0,59,14,0,14,73
07/17/2011,BMI,IL,AGL,CE,Federal Contract Tower,17,19,7,0,43,0,0,35,0,35,17,19,42,0,78,18,0,18,96
07/18/2011,BMI,IL,AGL,CE,Federal Contract Tower,15,15,11,0,41,0,0,19,0,19,15,15,30,0,60,28,0,28,88
07/19/2011,BMI,IL,AGL,CE,Federal Contract Tower,16,17,15,0,48,0,0,18,0,18,16,17,33,0,66,28,0,28,94
07/20/2011,BMI,IL,AGL,CE,Federal Contract Tower,14,18,11,0,43,0,0,27,0,27,14,18,38,0,70,22,0,22,92
07/21/2011,BMI,IL,AGL,CE,Federal Contract Tower,17,23,8,1,49,0,0,19,1,20,17,23,27,2,69,40,0,40,109
07/22/2011,BMI,IL,AGL,CE,Federal Contract Tower,15,17,20,3,55,0,0,43,0,43,15,17,63,3,98,32,4,36,134
07/23/2011,BMI,IL,AGL,CE,Federal Contract Tower,11,12,17,0,40,0,0,22,0,22,11,12,39,0,62,16,0,16,78
07/24/2011,BMI,IL,AGL,CE,Federal Contract Tower,14,13,8,0,35,0,0,11,0,11,14,13,19,0,46,0,0,0,46
07/25/2011,BMI,IL,AGL,CE,Federal Contract Tower,13,14,15,0,42,0,0,22,0,22,13,14,37,0,64,38,0,38,102
07/26/2011,BMI,IL,AGL,CE,Federal Contract Tower,17,15,20,0,52,0,0,33,0,33,17,15,53,0,85,30,0,30,115
07/27/2011,BMI,IL,AGL,CE,Federal Contract Tower,14,17,25,2,58,0,0,26,1,27,14,17,51,3,85,2,0,2,87
07/28/2011,BMI,IL,AGL,CE,Federal Contract Tower,16,20,22,6,64,0,0,27,4,31,16,20,49,10,95,34,2,36,131
07/29/2011,BMI,IL,AGL,CE,Federal Contract Tower,14,16,11,0,41,0,0,19,0,19,14,16,30,0,60,10,0,10,70
07/30/2011,BMI,IL,AGL,CE,Federal Contract Tower,12,12,11,0,35,0,0,46,1,47,12,12,57,1,82,38,0,38,120
07/31/2011,BMI,IL,AGL,CE,Federal Contract Tower,14,18,15,0,47,0,0,30,0,30,14,18,45,0,77,12,0,12,89
08/01/2011,BMI,IL,AGL,CE,Federal Contract Tower,13,16,11,2,42,0,0,17,0,17,13,16,28,2,59,12,0,12,71
08/02/2011,BMI,IL,AGL,CE,Federal Contract Tower,15,18,18,0,51,0,0,31,0,31,15,18,49,0,82,50,0,50,132
08/03/2011,BMI,IL,AGL,CE,Federal Contract Tower,15,16,11,3,45,0,0,18,0,18,15,16,29,3,63,12,0,12,75
08/04/2011,BMI,IL,AGL,CE,Federal Contract Tower,19,14,18,0,51,0,0,77,0,77,19,14,95,0,128,98,0,98,226
08/05/2011,BMI,IL,AGL,CE,Federal Contract Tower,15,17,9,5,46,0,0,36,0,36,15,17,45,5,82,96,8,104,186
08/06/2011,BMI,IL,AGL,CE,Federal Contract Tower,13,12,8,0,33,0,0,17,0,17,13,12,25,0,50,8,0,8,58
08/07/2011,BMI,IL,AGL,CE,Federal Contract Tower,15,15,10,0,40,0,0,59,0,59,15,15,69,0,99,60,0,60,159
08/08/2011,BMI,IL,AGL,CE,Federal Contract Tower,13,16,13,0,42,0,0,16,0,16,13,16,29,0,58,0,0,0,58
08/09/2011,BMI,IL,AGL,CE,Federal Contract Tower,14,17,16,0,47,0,0,24,2,26,14,17,40,2,73,16,0,16,89
08/10/2011,BMI,IL,AGL,CE,Federal Contract Tower,14,16,23,1,54,0,0,35,0,35,14,16,58,1,89,30,0,30,119
08/11/2011,BMI,IL,AGL,CE,Federal Contract Tower,17,20,16,2,55,0,0,57,0,57,17,20,73,2,112,68,4,72,184
08/12/2011,BMI,IL,AGL,CE,Federal Contract Tower,14,17,14,0,45,0,0,26,0,26,14,17,40,0,71,12,0,12,83
08/13/2011,BMI,IL,AGL,CE,Federal Contract Tower,13,14,5,0,32,0,0,10,2,12,13,14,15,2,44,0,0,0,44
08/14/2011,BMI,IL,AGL,CE,Federal Contract Tower,17,16,13,0,46,0,0,37,0,37,17,16,50,0,83,22,0,22,105
08/15/2011,BMI,IL,AGL,CE,Federal Contract Tower,14,18,20,0,52,0,0,50,0,50,14,18,70,0,102,18,0,18,120
08/16/2011,BMI,IL,AGL,CE,Federal Contract Tower,14,14,13,0,41,0,0,31,0,31,14,14,44,0,72,24,0,24,96
08/17/2011,BMI,IL,AGL,CE,Federal Contract Tower,15,14,31,0,60,0,0,25,0,25,15,14,56,0,85,18,0,18,103
08/18/2011,BMI,IL,AGL,CE,Federal Contract Tower,15,16,14,0,45,0,0,42,0,42,15,16,56,0,87,30,0,30,117
08/19/2011,BMI,IL,AGL,CE,Federal Contract Tower,12,14,7,0,33,0,0,16,0,16,12,14,23,0,49,28,0,28,77
08/20/2011,BMI,IL,AGL,CE,Federal Contract Tower,13,10,3,0,26,0,0,14,0,14,13,10,17,0,40,16,0,16,56
08/21/2011,BMI,IL,AGL,CE,Federal Contract Tower,17,12,8,0,37,0,0,43,0,43,17,12,51,0,80,30,0,30,110
08/22/2011,BMI,IL,AGL,CE,Federal Contract Tower,14,14,14,0,42,0,0,49,0,49,14,14,63,0,91,32,0,32,123
08/23/2011,BMI,IL,AGL,CE,Federal Contract Tower,15,13,10,0,38,0,0,12,0,12,15,13,22,0,50,6,0,6,56
08/24/2011,BMI,IL,AGL,CE,Federal Contract Tower,16,15,23,2,56,0,0,34,0,34,16,15,57,2,90,30,0,30,120
08/25/2011,BMI,IL,AGL,CE,Federal Contract Tower,15,13,17,0,45,0,0,54,0,54,15,13,71,0,99,34,0,34,133
08/26/2011,BMI,IL,AGL,CE,Federal Contract Tower,12,14,12,0,38,0,0,47,0,47,12,14,59,0,85,30,0,30,115
08/27/2011,BMI,IL,AGL,CE,Federal Contract Tower,12,10,3,0,25,0,0,36,0,36,12,10,39,0,61,12,0,12,73
08/28/2011,BMI,IL,AGL,CE,Federal Contract Tower,17,13,6,0,36,0,0,72,0,72,17,13,78,0,108,20,0,20,128
08/29/2011,BMI,IL,AGL,CE,Federal Contract Tower,15,13,13,0,41,0,0,38,0,38,15,13,51,0,79,18,0,18,97
08/30/2011,BMI,IL,AGL,CE,Federal Contract Tower,12,16,11,0,39,0,0,21,0,21,12,16,32,0,60,30,0,30,90
08/31/2011,BMI,IL,AGL,CE,Federal Contract Tower,13,14,12,0,39,0,0,23,0,23,13,14,35,0,62,16,0,16,78
09/01/2011,BMI,IL,AGL,CE,Federal Contract Tower,15,17,18,1,51,0,0,34,0,34,15,17,52,1,85,16,0,16,101
09/02/2011,BMI,IL,AGL,CE,Federal Contract Tower,12,17,4,0,33,0,0,16,0,16,12,17,20,0,49,4,0,4,53
09/03/2011,BMI,IL,AGL,CE,Federal Contract Tower,14,9,1,0,24,0,0,33,0,33,14,9,34,0,57,14,0,14,71
09/04/2011,BMI,IL,AGL,CE,Federal Contract Tower,14,11,2,0,27,0,0,15,0,15,14,11,17,0,42,0,0,0,42
09/05/2011,BMI,IL,AGL,CE,Federal Contract Tower,13,15,10,0,38,0,0,26,0,26,13,15,36,0,64,4,0,4,68
09/06/2011,BMI,IL,AGL,CE,Federal Contract Tower,14,22,17,0,53,0,0,20,0,20,14,22,37,0,73,0,4,4,77
09/07/2011,BMI,IL,AGL,CE,Federal Contract Tower,12,13,19,1,45,0,0,22,1,23,12,13,41,2,68,0,4,4,72
09/08/2011,BMI,IL,AGL,CE,Federal Contract Tower,18,13,13,1,45,0,0,17,1,18,18,13,30,2,63,6,0,6,69
09/09/2011,BMI,IL,AGL,CE,Federal Contract Tower,20,14,16,0,50,0,0,0,0,0,20,14,16,0,50,0,0,0,50
09/10/2011,BMI,IL,AGL,CE,Federal Contract Tower,16,6,11,0,33,0,0,10,0,10,16,6,21,0,43,0,0,0,43
09/11/2011,BMI,IL,AGL,CE,Federal Contract Tower,16,14,15,0,45,0,0,30,0,30,16,14,45,0,75,24,0,24,99
09/12/2011,BMI,IL,AGL,CE,Federal Contract Tower,16,15,21,0,52,0,0,30,0,30,16,15,51,0,82,14,0,14,96
09/13/2011,BMI,IL,AGL,CE,Federal Contract Tower,13,20,15,0,48,0,0,27,2,29,13,20,42,2,77,18,6,24,101
09/14/2011,BMI,IL,AGL,CE,Federal Contract Tower,13,14,16,0,43,0,0,15,0,15,13,14,31,0,58,12,0,12,70
09/15/2011,BMI,IL,AGL,CE,Federal Contract Tower,18,18,12,0,48,0,0,41,0,41,18,18,53,0,89,68,0,68,157
09/16/2011,BMI,IL,AGL,CE,Federal Contract Tower,16,15,13,0,44,0,0,25,0,25,16,15,38,0,69,28,0,28,97
09/17/2011,BMI,IL,AGL,CE,Federal Contract Tower,13,13,11,0,37,0,0,156,2,158,13,13,167,2,195,6,0,6,201
09/18/2011,BMI,IL,AGL,CE,Federal Contract Tower,16,14,14,0,44,0,0,5,0,5,16,14,19,0,49,0,0,0,49
09/19/2011,BMI,IL,AGL,CE,Federal Contract Tower,14,14,12,0,40,0,0,2,0,2,14,14,14,0,42,0,0,0,42
09/20/2011,BMI,IL,AGL,CE,Federal Contract Tower,15,13,20,0,48,0,0,31,0,31,15,13,51,0,79,32,0,32,111
09/21/2011,BMI,IL,AGL,CE,Federal Contract Tower,13,17,23,4,57,0,0,36,3,39,13,17,59,7,96,22,2,24,120
09/22/2011,BMI,IL,AGL,CE,Federal Contract Tower,18,18,8,0,44,0,0,15,0,15,18,18,23,0,59,12,0,12,71
09/23/2011,BMI,IL,AGL,CE,Federal Contract Tower,17,13,6,2,38,0,0,30,0,30,17,13,36,2,68,36,0,36,104
09/24/2011,BMI,IL,AGL,CE,Federal Contract Tower,14,11,8,0,33,0,0,24,0,24,14,11,32,0,57,30,0,30,87
09/25/2011,BMI,IL,AGL,CE,Federal Contract Tower,16,14,5,0,35,0,0,17,0,17,16,14,22,0,52,26,0,26,78
09/26/2011,BMI,IL,AGL,CE,Federal Contract Tower,13,14,15,0,42,0,0,2,0,2,13,14,17,0,44,16,0,16,60
09/27/2011,BMI,IL,AGL,CE,Federal Contract Tower,14,13,11,2,40,0,0,1,0,1,14,13,12,2,41,10,0,10,51
09/28/2011,BMI,IL,AGL,CE,Federal Contract Tower,12,15,14,0,41,0,0,24,0,24,12,15,38,0,65,32,0,32,97
09/29/2011,BMI,IL,AGL,CE,Federal Contract Tower,16,18,6,0,40,0,0,10,2,12,16,18,16,2,52,0,0,0,52
09/30/2011,BMI,IL,AGL,CE,Federal Contract Tower,17,19,14,0,50,0,0,14,0,14,17,19,28,0,64,2,0,2,66
10/01/2011,BMI,IL,AGL,CE,Federal Contract Tower,16,10,7,0,33,0,0,31,0,31,16,10,38,0,64,12,0,12,76
10/02/2011,BMI,IL,AGL,CE,Federal Contract Tower,16,14,8,0,38,0,0,66,0,66,16,14,74,0,104,54,0,54,158
10/03/2011,BMI,IL,AGL,CE,Federal Contract Tower,14,14,15,0,43,0,0,46,0,46,14,14,61,0,89,26,0,26,115
10/04/2011,BMI,IL,AGL,CE,Federal Contract Tower,15,16,16,2,49,0,0,24,0,24,15,16,40,2,73,8,4,12,85
10/05/2011,BMI,IL,AGL,CE,Federal Contract Tower,15,14,26,0,55,0,0,33,2,35,15,14,59,2,90,55,0,55,145
10/06/2011,BMI,IL,AGL,CE,Federal Contract Tower,17,20,16,0,53,0,0,47,0,47,17,20,63,0,100,52,0,52,152
10/07/2011,BMI,IL,AGL,CE,Federal Contract Tower,14,19,14,0,47,0,0,36,0,36,14,19,50,0,83,26,0,26,109
10/08/2011,BMI,IL,AGL,CE,Federal Contract Tower,15,11,2,0,28,0,0,47,0,47,15,11,49,0,75,16,0,16,91
10/09/2011,BMI,IL,AGL,CE,Federal Contract Tower,17,14,9,0,40,0,0,34,0,34,17,14,43,0,74,10,0,10,84
10/10/2011,BMI,IL,AGL,CE,Federal Contract Tower,15,14,7,0,36,0,0,45,0,45,15,14,52,0,81,38,0,38,119
10/11/2011,BMI,IL,AGL,CE,Federal Contract Tower,14,14,8,0,36,0,0,32,0,32,14,14,40,0,68,34,0,34,102
10/12/2011,BMI,IL,AGL,CE,Federal Contract Tower,14,14,19,0,47,0,4,15,0,19,14,18,34,0,66,0,0,0,66
10/13/2011,BMI,IL,AGL,CE,Federal Contract Tower,16,14,20,0,50,0,0,5,2,7,16,14,25,2,57,2,0,2,59
10/14/2011,BMI,IL,AGL,CE,Federal Contract Tower,15,14,9,0,38,0,0,14,6,20,15,14,23,6,58,0,8,8,66
10/15/2011,BMI,IL,AGL,CE,Federal Contract Tower,14,13,11,0,38,0,0,25,0,25,14,13,36,0,63,0,0,0,63
10/16/2011,BMI,IL,AGL,CE,Federal Contract Tower,17,14,10,0,41,0,0,24,0,24,17,14,34,0,65,22,0,22,87
10/17/2011,BMI,IL,AGL,CE,Federal Contract Tower,15,14,5,0,34,0,0,38,0,38,15,14,43,0,72,18,0,18,90
10/18/2011,BMI,IL,AGL,CE,Federal Contract Tower,12,16,16,0,44,0,0,26,0,26,12,16,42,0,70,60,0,60,130
10/19/2011,BMI,IL,AGL,CE,Federal Contract Tower,13,15,18,0,46,0,0,2,0,2,13,15,20,0,48,0,0,0,48
10/20/2011,BMI,IL,AGL,CE,Federal Contract Tower,15,14,12,0,41,0,0,7,0,7,15,14,19,0,48,0,0,0,48
10/21/2011,BMI,IL,AGL,CE,Federal Contract Tower,12,13,15,0,40,0,0,45,0,45,12,13,60,0,85,22,0,22,107
10/22/2011,BMI,IL,AGL,CE,Federal Contract Tower,15,9,5,0,29,0,0,57,0,57,15,9,62,0,86,2,0,2,88
10/23/2011,BMI,IL,AGL,CE,Federal Contract Tower,16,14,13,0,43,0,0,31,0,31,16,14,44,0,74,18,0,18,92
10/24/2011,BMI,IL,AGL,CE,Federal Contract Tower,15,12,19,0,46,0,0,52,0,52,15,12,71,0,98,32,0,32,130
10/25/2011,BMI,IL,AGL,CE,Federal Contract Tower,15,16,17,1,49,0,0,8,1,9,15,16,25,2,58,0,0,0,58
10/26/2011,BMI,IL,AGL,CE,Federal Contract Tower,15,19,9,0,43,0,0,0,0,0,15,19,9,0,43,0,0,0,43
10/27/2011,BMI,IL,AGL,CE,Federal Contract Tower,17,14,22,2,55,0,0,10,2,12,17,14,32,4,67,0,0,0,67
10/28/2011,BMI,IL,AGL,CE,Federal Contract Tower,13,17,20,0,50,0,0,13,2,15,13,17,33,2,65,4,0,4,69
10/29/2011,BMI,IL,AGL,CE,Federal Contract Tower,14,10,8,0,32,0,0,59,0,59,14,10,67,0,91,32,0,32,123
10/30/2011,BMI,IL,AGL,CE,Federal Contract Tower,17,14,9,0,40,0,0,10,0,10,17,14,19,0,50,0,0,0,50
10/31/2011,BMI,IL,AGL,CE,Federal Contract Tower,12,14,9,0,35,0,0,27,0,27,12,14,36,0,62,8,0,8,70
11/01/2011,BMI,IL,AGL,CE,Federal Contract Tower,16,17,17,1,51,0,0,28,1,29,16,17,45,2,80,12,2,14,94
11/02/2011,BMI,IL,AGL,CE,Federal Contract Tower,15,13,25,5,58,0,0,16,0,16,15,13,41,5,74,34,16,50,124
11/03/2011,BMI,IL,AGL,CE,Federal Contract Tower,16,16,23,0,55,0,0,0,0,0,16,16,23,0,55,0,0,0,55
11/04/2011,BMI,IL,AGL,CE,Federal Contract Tower,12,14,17,0,43,0,0,27,0,27,12,14,44,0,70,16,0,16,86
11/05/2011,BMI,IL,AGL,CE,Federal Contract Tower,15,10,13,0,38,0,0,53,0,53,15,10,66,0,91,36,0,36,127
11/06/2011,BMI,IL,AGL,CE,Federal Contract Tower,16,14,14,0,44,0,0,9,0,9,16,14,23,0,53,8,0,8,61
11/07/2011,BMI,IL,AGL,CE,Federal Contract Tower,15,13,5,0,33,0,0,2,0,2,15,13,7,0,35,0,0,0,35
11/08/2011,BMI,IL,AGL,CE,Federal Contract Tower,13,13,18,0,44,0,0,0,0,0,13,13,18,0,44,0,0,0,44
11/09/2011,BMI,IL,AGL,CE,Federal Contract Tower,13,18,23,0,54,0,0,3,0,3,13,18,26,0,57,0,0,0,57
11/10/2011,BMI,IL,AGL,CE,Federal Contract Tower,15,14,29,4,62,0,0,9,0,9,15,14,38,4,71,0,6,6,77
11/11/2011,BMI,IL,AGL,CE,Federal Contract Tower,12,14,14,0,40,0,0,19,0,19,12,14,33,0,59,10,0,10,69
11/12/2011,BMI,IL,AGL,CE,Federal Contract Tower,12,11,1,0,24,0,0,31,0,31,12,11,32,0,55,4,0,4,59
11/13/2011,BMI,IL,AGL,CE,Federal Contract Tower,17,14,6,0,37,0,0,2,0,2,17,14,8,0,39,0,0,0,39
11/14/2011,BMI,IL,AGL,CE,Federal Contract Tower,15,13,14,0,42,0,0,12,3,15,15,13,26,3,57,12,0,12,69
11/15/2011,BMI,IL,AGL,CE,Federal Contract Tower,14,13,24,0,51,0,0,23,0,23,14,13,47,0,74,20,0,20,94
11/16/2011,BMI,IL,AGL,CE,Federal Contract Tower,10,12,17,0,39,0,0,29,3,32,10,12,46,3,71,14,16,30,101
11/17/2011,BMI,IL,AGL,CE,Federal Contract Tower,16,17,25,0,58,0,0,27,0,27,16,17,52,0,85,22,0,22,107
11/18/2011,BMI,IL,AGL,CE,Federal Contract Tower,15,11,23,2,51,0,0,11,0,11,15,11,34,2,62,0,10,10,72
11/19/2011,BMI,IL,AGL,CE,Federal Contract Tower,13,10,7,0,30,0,0,2,0,2,13,10,9,0,32,0,0,0,32
11/20/2011,BMI,IL,AGL,CE,Federal Contract Tower,18,14,19,0,51,0,0,13,0,13,18,14,32,0,64,4,0,4,68
11/21/2011,BMI,IL,AGL,CE,Federal Contract Tower,15,16,16,6,53,0,0,4,0,4,15,16,20,6,57,0,0,0,57
11/22/2011,BMI,IL,AGL,CE,Federal Contract Tower,17,13,12,0,42,0,0,0,0,0,17,13,12,0,42,0,0,0,42
11/23/2011,BMI,IL,AGL,CE,Federal Contract Tower,14,16,12,0,42,0,0,35,0,35,14,16,47,0,77,26,0,26,103
11/24/2011,BMI,IL,AGL,CE,Federal Contract Tower,10,9,0,0,19,0,0,2,0,2,10,9,2,0,21,0,0,0,21
11/25/2011,BMI,IL,AGL,CE,Federal Contract Tower,11,14,9,0,34,0,0,14,0,14,11,14,23,0,48,8,0,8,56
11/26/2011,BMI,IL,AGL,CE,Federal Contract Tower,17,12,3,0,32,0,0,0,0,0,17,12,3,0,32,0,0,0,32
11/27/2011,BMI,IL,AGL,CE,Federal Contract Tower,17,13,12,0,42,0,0,1,0,1,17,13,13,0,43,0,0,0,43
11/28/2011,BMI,IL,AGL,CE,Federal Contract Tower,14,13,11,0,38,0,0,5,0,5,14,13,16,0,43,8,0,8,51
11/29/2011,BMI,IL,AGL,CE,Federal Contract Tower,17,12,22,1,52,0,0,1,0,1,17,12,23,1,53,2,0,2,55
11/30/2011,BMI,IL,AGL,CE,Federal Contract Tower,15,18,22,0,55,0,0,17,0,17,15,18,39,0,72,0,0,0,72
12/01/2011,BMI,IL,AGL,CE,Federal Contract Tower,16,14,16,0,46,0,0,23,0,23,16,14,39,0,69,20,0,20,89
12/02/2011,BMI,IL,AGL,CE,Federal Contract Tower,14,14,20,0,48,0,0,6,0,6,14,14,26,0,54,12,0,12,66
12/03/2011,BMI,IL,AGL,CE,Federal Contract Tower,13,11,8,0,32,0,0,20,0,20,13,11,28,0,52,12,0,12,64
12/04/2011,BMI,IL,AGL,CE,Federal Contract Tower,17,14,11,0,42,0,0,2,0,2,17,14,13,0,44,0,0,0,44
12/05/2011,BMI,IL,AGL,CE,Federal Contract Tower,15,15,18,0,48,0,0,2,0,2,15,15,20,0,50,0,0,0,50
12/06/2011,BMI,IL,AGL,CE,Federal Contract Tower,18,11,20,0,49,0,0,11,0,11,18,11,31,0,60,2,0,2,62
12/07/2011,BMI,IL,AGL,CE,Federal Contract Tower,13,18,18,0,49,0,0,13,0,13,13,18,31,0,62,0,0,0,62
12/08/2011,BMI,IL,AGL,CE,Federal Contract Tower,13,16,18,1,48,0,0,23,0,23,13,16,41,1,71,16,2,18,89
12/09/2011,BMI,IL,AGL,CE,Federal Contract Tower,12,19,9,1,41,0,0,22,1,23,12,19,31,2,64,12,0,12,76
12/10/2011,BMI,IL,AGL,CE,Federal Contract Tower,13,11,7,0,31,0,0,43,0,43,13,11,50,0,74,20,0,20,94
12/11/2011,BMI,IL,AGL,CE,Federal Contract Tower,16,16,16,0,48,0,0,83,0,83,16,16,99,0,131,6,0,6,137
12/12/2011,BMI,IL,AGL,CE,Federal Contract Tower,15,18,19,0,52,0,0,23,0,23,15,18,42,0,75,4,0,4,79
12/13/2011,BMI,IL,AGL,CE,Federal Contract Tower,14,11,23,0,48,0,0,0,0,0,14,11,23,0,48,0,0,0,48
12/14/2011,BMI,IL,AGL,CE,Federal Contract Tower,12,15,15,0,42,0,0,0,0,0,12,15,15,0,42,0,0,0,42
12/15/2011,BMI,IL,AGL,CE,Federal Contract Tower,16,14,20,0,50,0,0,4,0,4,16,14,24,0,54,0,0,0,54
12/16/2011,BMI,IL,AGL,CE,Federal Contract Tower,13,14,13,0,40,0,0,42,0,42,13,14,55,0,82,12,0,12,94
12/17/2011,BMI,IL,AGL,CE,Federal Contract Tower,13,11,9,0,33,0,0,28,0,28,13,11,37,0,61,4,0,4,65
12/18/2011,BMI,IL,AGL,CE,Federal Contract Tower,15,12,8,0,35,0,0,36,0,36,15,12,44,0,71,8,0,8,79
12/19/2011,BMI,IL,AGL,CE,Federal Contract Tower,12,17,18,0,47,0,0,6,0,6,12,17,24,0,53,4,0,4,57
12/20/2011,BMI,IL,AGL,CE,Federal Contract Tower,16,11,8,0,35,0,0,0,0,0,16,11,8,0,35,0,0,0,35
12/21/2011,BMI,IL,AGL,CE,Federal Contract Tower,12,13,8,0,33,0,0,0,0,0,12,13,8,0,33,0,0,0,33
12/22/2011,BMI,IL,AGL,CE,Federal Contract Tower,14,14,10,0,38,0,0,0,0,0,14,14,10,0,38,0,0,0,38
12/23/2011,BMI,IL,AGL,CE,Federal Contract Tower,12,12,9,0,33,0,0,27,0,27,12,12,36,0,60,24,0,24,84
12/24/2011,BMI,IL,AGL,CE,Federal Contract Tower,11,9,0,0,20,0,0,19,0,19,11,9,19,0,39,6,0,6,45
12/25/2011,BMI,IL,AGL,CE,Federal Contract Tower,11,11,3,0,25,0,0,3,0,3,11,11,6,0,28,0,0,0,28
12/26/2011,BMI,IL,AGL,CE,Federal Contract Tower,13,12,6,0,31,0,0,51,0,51,13,12,57,0,82,36,0,36,118
12/27/2011,BMI,IL,AGL,CE,Federal Contract Tower,15,12,12,2,41,0,0,2,1,3,15,12,14,3,44,0,0,0,44
12/28/2011,BMI,IL,AGL,CE,Federal Contract Tower,12,14,7,0,33,0,0,39,0,39,12,14,46,0,72,42,0,42,114
12/29/2011,BMI,IL,AGL,CE,Federal Contract Tower,15,11,8,0,34,0,0,24,0,24,15,11,32,0,58,36,0,36,94
12/30/2011,BMI,IL,AGL,CE,Federal Contract Tower,13,9,5,0,27,0,0,0,0,0,13,9,5,0,27,0,0,0,27
12/31/2011,BMI,IL,AGL,CE,Federal Contract Tower,11,9,8,0,28,0,0,4,0,4,11,9,12,0,32,0,0,0,32
01/01/2012,BMI,IL,AGL,CE,Federal Contract Tower,11,11,1,0,23,0,0,0,0,0,11,11,1,0,23,0,0,0,23
01/02/2012,BMI,IL,AGL,CE,Federal Contract Tower,14,13,2,0,29,0,0,2,0,2,14,13,4,0,31,0,0,0,31
01/03/2012,BMI,IL,AGL,CE,Federal Contract Tower,14,12,6,0,32,0,0,24,0,24,14,12,30,0,56,14,0,14,70
01/04/2012,BMI,IL,AGL,CE,Federal Contract Tower,16,13,16,0,45,0,0,14,0,14,16,13,30,0,59,4,0,4,63
01/05/2012,BMI,IL,AGL,CE,Federal Contract Tower,17,14,10,0,41,0,0,22,0,22,17,14,32,0,63,0,6,6,69
01/06/2012,BMI,IL,AGL,CE,Federal Contract Tower,15,13,12,0,40,0,0,39,0,39,15,13,51,0,79,20,0,20,99
01/07/2012,BMI,IL,AGL,CE,Federal Contract Tower,14,8,14,4,40,0,0,37,0,37,14,8,51,4,77,28,0,28,105
01/08/2012,BMI,IL,AGL,CE,Federal Contract Tower,14,13,4,0,31,0,0,35,0,35,14,13,39,0,66,58,0,58,124
01/09/2012,BMI,IL,AGL,CE,Federal Contract Tower,14,17,11,0,42,0,0,26,0,26,14,17,37,0,68,8,0,8,76
01/10/2012,BMI,IL,AGL,CE,Federal Contract Tower,13,13,12,0,38,0,0,37,0,37,13,13,49,0,75,34,4,38,113
01/11/2012,BMI,IL,AGL,CE,Federal Contract Tower,12,13,18,2,45,0,0,12,0,12,12,13,30,2,57,12,0,12,69
01/12/2012,BMI,IL,AGL,CE,Federal Contract Tower,15,11,10,0,36,0,0,0,0,0,15,11,10,0,36,0,0,0,36
01/13/2012,BMI,IL,AGL,CE,Federal Contract Tower,15,14,4,0,33,0,0,0,0,0,15,14,4,0,33,0,0,0,33
01/14/2012,BMI,IL,AGL,CE,Federal Contract Tower,12,11,6,0,29,0,0,7,0,7,12,11,13,0,36,8,0,8,44
01/15/2012,BMI,IL,AGL,CE,Federal Contract Tower,14,10,9,0,33,0,0,25,0,25,14,10,34,0,58,10,0,10,68
01/16/2012,BMI,IL,AGL,CE,Federal Contract Tower,15,16,5,0,36,0,0,11,0,11,15,16,16,0,47,36,0,36,83
01/17/2012,BMI,IL,AGL,CE,Federal Contract Tower,13,8,3,0,24,0,0,0,0,0,13,8,3,0,24,0,0,0,24
01/18/2012,BMI,IL,AGL,CE,Federal Contract Tower,14,14,15,0,43,0,0,15,0,15,14,14,30,0,58,0,12,12,70
01/19/2012,BMI,IL,AGL,CE,Federal Contract Tower,16,14,10,0,40,0,0,10,0,10,16,14,20,0,50,0,8,8,58
01/20/2012,BMI,IL,AGL,CE,Federal Contract Tower,13,15,8,2,38,0,0,11,0,11,13,15,19,2,49,8,0,8,57
01/21/2012,BMI,IL,AGL,CE,Federal Contract Tower,14,8,7,0,29,0,0,19,0,19,14,8,26,0,48,20,0,20,68
01/22/2012,BMI,IL,AGL,CE,Federal Contract Tower,17,7,10,0,34,0,0,0,0,0,17,7,10,0,34,0,0,0,34
01/23/2012,BMI,IL,AGL,CE,Federal Contract Tower,13,15,5,0,33,0,0,0,0,0,13,15,5,0,33,0,0,0,33
01/24/2012,BMI,IL,AGL,CE,Federal Contract Tower,14,10,16,0,40,0,0,28,0,28,14,10,44,0,68,0,0,0,68
01/25/2012,BMI,IL,AGL,CE,Federal Contract Tower,11,17,15,0,43,0,0,11,0,11,11,17,26,0,54,16,0,16,70
01/26/2012,BMI,IL,AGL,CE,Federal Contract Tower,16,17,13,0,46,0,0,0,0,0,16,17,13,0,46,0,0,0,46
01/27/2012,BMI,IL,AGL,CE,Federal Contract Tower,14,13,12,0,39,0,0,20,2,22,14,13,32,2,61,10,0,10,71
01/28/2012,BMI,IL,AGL,CE,Federal Contract Tower,14,9,10,0,33,0,0,23,0,23,14,9,33,0,56,0,0,0,56
01/29/2012,BMI,IL,AGL,CE,Federal Contract Tower,16,15,4,0,35,0,0,19,0,19,16,15,23,0,54,20,0,20,74
01/30/2012,BMI,IL,AGL,CE,Federal Contract Tower,14,15,10,0,39,0,0,6,0,6,14,15,16,0,45,22,0,22,67
01/31/2012,BMI,IL,AGL,CE,Federal Contract Tower,15,10,10,0,35,0,0,12,0,12,15,10,22,0,47,4,0,4,51
02/01/2012,BMI,IL,AGL,CE,Federal Contract Tower,10,16,17,0,43,0,0,18,0,18,10,16,35,0,61,12,0,12,73
02/02/2012,BMI,IL,AGL,CE,Federal Contract Tower,16,21,10,0,47,0,0,27,0,27,16,21,37,0,74,16,2,18,92
02/03/2012,BMI,IL,AGL,CE,Federal Contract Tower,15,14,5,0,34,0,0,17,0,17,15,14,22,0,51,0,0,0,51
02/04/2012,BMI,IL,AGL,CE,Federal Contract Tower,13,9,4,0,26,0,0,0,0,0,13,9,4,0,26,0,0,0,26
02/05/2012,BMI,IL,AGL,CE,Federal Contract Tower,18,13,9,0,40,0,0,20,2,22,18,13,29,2,62,24,0,24,86
02/06/2012,BMI,IL,AGL,CE,Federal Contract Tower,13,18,5,0,36,0,0,0,0,0,13,18,5,0,36,0,0,0,36
02/07/2012,BMI,IL,AGL,CE,Federal Contract Tower,15,10,6,0,31,0,0,0,0,0,15,10,6,0,31,0,0,0,31
02/08/2012,BMI,IL,AGL,CE,Federal Contract Tower,14,13,20,2,49,0,0,19,0,19,14,13,39,2,68,14,0,14,82
02/09/2012,BMI,IL,AGL,CE,Federal Contract Tower,16,16,15,0,47,0,0,33,0,33,16,16,48,0,80,28,0,28,108
02/10/2012,BMI,IL,AGL,CE,Federal Contract Tower,17,11,6,0,34,0,0,4,2,6,17,11,10,2,40,0,0,0,40
02/11/2012,BMI,IL,AGL,CE,Federal Contract Tower,14,9,4,0,27,0,0,16,0,16,14,9,20,0,43,18,0,18,61
02/12/2012,BMI,IL,AGL,CE,Federal Contract Tower,18,11,9,0,38,0,0,30,0,30,18,11,39,0,68,16,0,16,84
02/13/2012,BMI,IL,AGL,CE,Federal Contract Tower,15,15,17,5,52,0,0,1,0,1,15,15,18,5,53,0,12,12,65
02/14/2012,BMI,IL,AGL,CE,Federal Contract Tower,14,8,13,0,35,0,0,3,0,3,14,8,16,0,38,0,0,0,38
02/15/2012,BMI,IL,AGL,CE,Federal Contract Tower,14,12,11,0,37,0,0,0,0,0,14,12,11,0,37,0,0,0,37
02/16/2012,BMI,IL,AGL,CE,Federal Contract Tower,18,16,12,0,46,0,0,7,0,7,18,16,19,0,53,0,2,2,55
02/17/2012,BMI,IL,AGL,CE,Federal Contract Tower,15,13,15,0,43,0,0,29,0,29,15,13,44,0,72,16,0,16,88
02/18/2012,BMI,IL,AGL,CE,Federal Contract Tower,13,10,8,0,31,0,0,42,0,42,13,10,50,0,73,28,0,28,101
02/19/2012,BMI,IL,AGL,CE,Federal Contract Tower,13,12,13,0,38,0,0,48,0,48,13,12,61,0,86,24,0,24,110
02/20/2012,BMI,IL,AGL,CE,Federal Contract Tower,16,17,12,0,45,0,0,16,0,16,16,17,28,0,61,22,0,22,83
02/21/2012,BMI,IL,AGL,CE,Federal Contract Tower,15,12,10,0,37,0,0,3,0,3,15,12,13,0,40,2,0,2,42
02/22/2012,BMI,IL,AGL,CE,Federal Contract Tower,13,14,18,0,45,0,0,23,0,23,13,14,41,0,68,16,0,16,84
02/23/2012,BMI,IL,AGL,CE,Federal Contract Tower,17,20,15,0,52,0,0,9,0,9,17,20,24,0,61,2,6,8,69
02/24/2012,BMI,IL,AGL,CE,Federal Contract Tower,14,15,14,1,44,0,0,0,2,2,14,15,14,3,46,0,0,0,46
02/25/2012,BMI,IL,AGL,CE,Federal Contract Tower,13,10,11,0,34,0,0,33,0,33,13,10,44,0,67,16,0,16,83
02/26/2012,BMI,IL,AGL,CE,Federal Contract Tower,17,15,5,0,37,0,0,21,0,21,17,15,26,0,58,2,0,2,60
02/27/2012,BMI,IL,AGL,CE,Federal Contract Tower,13,16,9,0,38,0,0,26,0,26,13,16,35,0,64,16,0,16,80
02/28/2012,BMI,IL,AGL,CE,Federal Contract Tower,15,14,13,0,42,0,0,21,0,21,15,14,34,0,63,28,0,28,91
02/29/2012,BMI,IL,AGL,CE,Federal Contract Tower,13,11,13,0,37,0,0,0,0,0,13,11,13,0,37,0,0,0,37
03/01/2012,BMI,IL,AGL,CE,Federal Contract Tower,15,15,17,0,47,0,0,19,0,19,15,15,36,0,66,20,2,22,88
03/02/2012,BMI,IL,AGL,CE,Federal Contract Tower,15,12,2,0,29,0,0,0,0,0,15,12,2,0,29,0,0,0,29
03/03/2012,BMI,IL,AGL,CE,Federal Contract Tower,12,9,0,0,21,0,0,7,0,7,12,9,7,0,28,22,0,22,50
03/04/2012,BMI,IL,AGL,CE,Federal Contract Tower,17,14,4,0,35,0,0,27,0,27,17,14,31,0,62,56,8,64,126
03/05/2012,BMI,IL,AGL,CE,Federal Contract Tower,13,11,12,0,36,0,0,43,2,45,13,11,55,2,81,34,2,36,117
03/06/2012,BMI,IL,AGL,CE,Federal Contract Tower,15,10,19,0,44,0,0,3,0,3,15,10,22,0,47,0,0,0,47
03/07/2012,BMI,IL,AGL,CE,Federal Contract Tower,15,15,21,0,51,0,0,1,0,1,15,15,22,0,52,0,0,0,52
03/08/2012,BMI,IL,AGL,CE,Federal Contract Tower,14,13,14,0,41,0,0,3,3,6,14,13,17,3,47,0,0,0,47
03/09/2012,BMI,IL,AGL,CE,Federal Contract Tower,14,15,14,2,45,0,0,47,1,48,14,15,61,3,93,44,2,46,139
03/10/2012,BMI,IL,AGL,CE,Federal Contract Tower,13,10,10,0,33,0,0,37,0,37,13,10,47,0,70,20,0,20,90
03/11/2012,BMI,IL,AGL,CE,Federal Contract Tower,14,14,11,0,39,0,0,23,0,23,14,14,34,0,62,0,0,0,62
03/12/2012,BMI,IL,AGL,CE,Federal Contract Tower,11,17,20,3,51,0,0,0,1,1,11,17,20,4,52,0,0,0,52
03/13/2012,BMI,IL,AGL,CE,Federal Contract Tower,12,23,21,0,56,0,0,39,0,39,12,23,60,0,95,6,2,8,103
03/14/2012,BMI,IL,AGL,CE,Federal Contract Tower,13,13,18,0,44,0,0,17,0,17,13,13,35,0,61,12,0,12,73
03/15/2012,BMI,IL,AGL,CE,Federal Contract Tower,14,11,14,0,39,0,0,14,1,15,14,11,28,1,54,12,0,12,66
03/16/2012,BMI,IL,AGL,CE,Federal Contract Tower,11,15,10,5,41,0,0,12,0,12,11,15,22,5,53,14,12,26,79
03/17/2012,BMI,IL,AGL,CE,Federal Contract Tower,15,11,11,0,37,0,0,15,0,15,15,11,26,0,52,20,0,20,72
03/18/2012,BMI,IL,AGL,CE,Federal Contract Tower,16,13,14,0,43,0,0,31,0,31,16,13,45,0,74,24,0,24,98
03/19/2012,BMI,IL,AGL,CE,Federal Contract Tower,13,12,14,0,39,0,0,10,0,10,13,12,24,0,49,6,0,6,55
03/20/2012,BMI,IL,AGL,CE,Federal Contract Tower,13,12,9,0,34,0,0,23,0,23,13,12,32,0,57,2,0,2,59
03/21/2012,BMI,IL,AGL,CE,Federal Contract Tower,14,13,11,0,38,0,0,19,2,21,14,13,30,2,59,26,0,26,85
03/22/2012,BMI,IL,AGL,CE,Federal Contract Tower,15,13,9,2,39,0,0,14,0,14,15,13,23,2,53,10,10,20,73
03/23/2012,BMI,IL,AGL,CE,Federal Contract Tower,14,13,14,0,41,0,0,5,0,5,14,13,19,0,46,0,0,0,46
03/24/2012,BMI,IL,AGL,CE,Federal Contract Tower,12,8,12,0,32,0,0,21,0,21,12,8,33,0,53,10,0,10,63
03/25/2012,BMI,IL,AGL,CE,Federal Contract Tower,9,13,9,0,31,0,0,23,0,23,9,13,32,0,54,10,0,10,64
03/26/2012,BMI,IL,AGL,CE,Federal Contract Tower,10,13,7,0,30,0,0,9,0,9,10,13,16,0,39,12,0,12,51
03/27/2012,BMI,IL,AGL,CE,Federal Contract Tower,12,12,9,0,33,0,0,10,4,14,12,12,19,4,47,0,0,0,47
03/28/2012,BMI,IL,AGL,CE,Federal Contract Tower,11,13,12,4,40,0,0,31,3,34,11,13,43,7,74,56,6,62,136
03/29/2012,BMI,IL,AGL,CE,Federal Contract Tower,15,14,5,0,34,0,0,13,0,13,15,14,18,0,47,8,2,10,57
03/30/2012,BMI,IL,AGL,CE,Federal Contract Tower,10,10,8,0,28,0,0,16,0,16,10,10,24,0,44,0,8,8,52
03/31/2012,BMI,IL,AGL,CE,Federal Contract Tower,13,10,9,0,32,0,0,33,0,33,13,10,42,0,65,4,0,4,69
04/01/2012,BMI,IL,AGL,CE,Federal Contract Tower,10,13,7,0,30,0,0,29,0,29,10,13,36,0,59,16,4,20,79
04/02/2012,BMI,IL,AGL,CE,Federal Contract Tower,6,17,17,0,40,0,0,6,0,6,6,17,23,0,46,2,0,2,48
04/03/2012,BMI,IL,AGL,CE,Federal Contract Tower,9,15,13,0,37,0,0,20,0,20,9,15,33,0,57,6,0,6,63
04/04/2012,BMI,IL,AGL,CE,Federal Contract Tower,10,13,8,0,31,0,0,11,0,11,10,13,19,0,42,0,0,0,42
04/05/2012,BMI,IL,AGL,CE,Federal Contract Tower,10,17,13,2,42,0,0,10,0,10,10,17,23,2,52,2,20,22,74
04/06/2012,BMI,IL,AGL,CE,Federal Contract Tower,9,15,8,0,32,0,0,28,2,30,9,15,36,2,62,8,0,8,70
04/07/2012,BMI,IL,AGL,CE,Federal Contract Tower,13,9,6,0,28,0,0,35,0,35,13,9,41,0,63,38,0,38,101
04/08/2012,BMI,IL,AGL,CE,Federal Contract Tower,7,14,11,0,32,0,0,26,0,26,7,14,37,0,58,0,0,0,58
04/09/2012,BMI,IL,AGL,CE,Federal Contract Tower,10,16,8,1,35,0,0,13,1,14,10,16,21,2,49,0,0,0,49
04/10/2012,BMI,IL,AGL,CE,Federal Contract Tower,15,15,18,0,48,0,0,9,0,9,15,15,27,0,57,0,4,4,61
04/11/2012,BMI,IL,AGL,CE,Federal Contract Tower,13,13,25,2,53,0,0,29,0,29,13,13,54,2,82,14,0,14,96
04/12/2012,BMI,IL,AGL,CE,Federal Contract Tower,15,13,13,2,43,0,0,49,0,49,15,13,62,2,92,24,2,26,118
04/13/2012,BMI,IL,AGL,CE,Federal Contract Tower,13,13,10,0,36,0,0,5,0,5,13,13,15,0,41,6,0,6,47
04/14/2012,BMI,IL,AGL,CE,Federal Contract Tower,8,9,3,2,22,0,0,3,0,3,8,9,6,2,25,0,0,0,25
04/15/2012,BMI,IL,AGL,CE,Federal Contract Tower,14,15,8,0,37,0,0,9,0,9,14,15,17,0,46,4,0,4,50
04/16/2012,BMI,IL,AGL,CE,Federal Contract Tower,13,20,14,0,47,0,0,2,0,2,13,20,16,0,49,0,0,0,49
04/17/2012,BMI,IL,AGL,CE,Federal Contract Tower,15,14,19,0,48,0,0,32,0,32,15,14,51,0,80,38,0,38,118
04/18/2012,BMI,IL,AGL,CE,Federal Contract Tower,12,12,22,0,46,0,0,18,0,18,12,12,40,0,64,4,0,4,68
04/19/2012,BMI,IL,AGL,CE,Federal Contract Tower,16,12,9,0,37,0,0,14,0,14,16,12,23,0,51,24,2,26,77
04/20/2012,BMI,IL,AGL,CE,Federal Contract Tower,13,14,16,0,43,0,0,1,0,1,13,14,17,0,44,0,0,0,44
04/21/2012,BMI,IL,AGL,CE,Federal Contract Tower,9,10,12,0,31,0,0,59,0,59,9,10,71,0,90,20,0,20,110
04/22/2012,BMI,IL,AGL,CE,Federal Contract Tower,11,14,2,0,27,0,0,13,0,13,11,14,15,0,40,4,0,4,44
04/23/2012,BMI,IL,AGL,CE,Federal Contract Tower,12,14,12,0,38,0,0,17,0,17,12,14,29,0,55,28,0,28,83
04/24/2012,BMI,IL,AGL,CE,Federal Contract Tower,13,17,16,0,46,0,0,14,1,15,13,17,30,1,61,28,0,28,89
04/25/2012,BMI,IL,AGL,CE,Federal Contract Tower,12,14,15,0,41,0,0,15,0,15,12,14,30,0,56,6,6,12,68
04/26/2012,BMI,IL,AGL,CE,Federal Contract Tower,14,13,15,3,45,0,0,23,2,25,14,13,38,5,70,32,16,48,118
04/27/2012,BMI,IL,AGL,CE,Federal Contract Tower,13,12,16,0,41,0,0,25,0,25,13,12,41,0,66,2,0,2,68
04/28/2012,BMI,IL,AGL,CE,Federal Contract Tower,8,10,11,0,29,0,0,6,0,6,8,10,17,0,35,30,0,30,65
04/29/2012,BMI,IL,AGL,CE,Federal Contract Tower,13,14,11,0,38,0,0,6,0,6,13,14,17,0,44,0,0,0,44
04/30/2012,BMI,IL,AGL,CE,Federal Contract Tower,12,14,7,0,33,0,0,0,0,0,12,14,7,0,33,0,0,0,33
05/01/2012,BMI,IL,AGL,CE,Federal Contract Tower,12,15,24,0,51,0,0,0,0,0,12,15,24,0,51,0,0,0,51
05/02/2012,BMI,IL,AGL,CE,Federal Contract Tower,9,20,14,0,43,0,0,25,0,25,9,20,39,0,68,18,0,18,86
05/03/2012,BMI,IL,AGL,CE,Federal Contract Tower,14,13,24,2,53,0,0,19,3,22,14,13,43,5,75,16,12,28,103
05/04/2012,BMI,IL,AGL,CE,Federal Contract Tower,13,17,17,2,49,0,0,18,0,18,13,17,35,2,67,48,8,56,123
05/05/2012,BMI,IL,AGL,CE,Federal Contract Tower,7,12,8,0,27,0,0,22,0,22,7,12,30,0,49,40,0,40,89
05/06/2012,BMI,IL,AGL,CE,Federal Contract Tower,11,18,4,0,33,0,0,14,0,14,11,18,18,0,47,6,0,6,53
05/07/2012,BMI,IL,AGL,CE,Federal Contract Tower,9,18,19,2,48,0,0,0,0,0,9,18,19,2,48,0,0,0,48
05/08/2012,BMI,IL,AGL,CE,Federal Contract Tower,14,15,29,0,58,0,0,30,2,32,14,15,59,2,90,30,4,34,124
05/09/2012,BMI,IL,AGL,CE,Federal Contract Tower,11,14,15,0,40,0,0,18,4,22,11,14,33,4,62,2,0,2,64
05/10/2012,BMI,IL,AGL,CE,Federal Contract Tower,14,16,14,1,45,0,0,37,2,39,14,16,51,3,84,18,14,32,116
05/11/2012,BMI,IL,AGL,CE,Federal Contract Tower,10,16,13,0,39,0,0,41,14,55,10,16,54,14,94,70,0,70,164
05/12/2012,BMI,IL,AGL,CE,Federal Contract Tower,7,11,13,0,31,0,0,28,0,28,7,11,41,0,59,32,0,32,91
05/13/2012,BMI,IL,AGL,CE,Federal Contract Tower,11,17,5,0,33,0,0,23,0,23,11,17,28,0,56,22,0,22,78
05/14/2012,BMI,IL,AGL,CE,Federal Contract Tower,11,16,16,0,43,0,0,20,0,20,11,16,36,0,63,32,0,32,95
05/15/2012,BMI,IL,AGL,CE,Federal Contract Tower,12,14,11,0,37,0,0,23,0,23,12,14,34,0,60,18,4,22,82
05/16/2012,BMI,IL,AGL,CE,Federal Contract Tower,11,24,6,2,43,0,0,28,0,28,11,24,34,2,71,0,8,8,79
05/17/2012,BMI,IL,AGL,CE,Federal Contract Tower,13,14,16,0,43,0,0,45,0,45,13,14,61,0,88,8,0,8,96
05/18/2012,BMI,IL,AGL,CE,Federal Contract Tower,14,14,9,5,42,0,0,20,1,21,14,14,29,6,63,14,26,40,103
05/19/2012,BMI,IL,AGL,CE,Federal Contract Tower,9,12,4,0,25,0,0,28,0,28,9,12,32,0,53,12,0,12,65
05/20/2012,BMI,IL,AGL,CE,Federal Contract Tower,15,14,8,1,38,0,0,16,0,16,15,14,24,1,54,4,0,4,58
05/21/2012,BMI,IL,AGL,CE,Federal Contract Tower,13,13,14,1,41,0,0,8,0,8,13,13,22,1,49,24,0,24,73
05/22/2012,BMI,IL,AGL,CE,Federal Contract Tower,14,17,10,0,41,0,0,33,0,33,14,17,43,0,74,4,0,4,78
05/23/2012,BMI,IL,AGL,CE,Federal Contract Tower,14,14,25,0,53,0,0,27,0,27,14,14,52,0,80,32,0,32,112
05/24/2012,BMI,IL,AGL,CE,Federal Contract Tower,17,15,7,2,41,0,0,5,1,6,17,15,12,3,47,0,8,8,55
05/25/2012,BMI,IL,AGL,CE,Federal Contract Tower,18,13,21,0,52,0,0,27,0,27,18,13,48,0,79,48,0,48,127
05/26/2012,BMI,IL,AGL,CE,Federal Contract Tower,12,10,5,0,27,0,0,16,4,20,12,10,21,4,47,16,0,16,63
05/27/2012,BMI,IL,AGL,CE,Federal Contract Tower,14,11,5,0,30,0,0,16,0,16,14,11,21,0,46,0,0,0,46
05/28/2012,BMI,IL,AGL,CE,Federal Contract Tower,17,13,10,0,40,0,0,17,0,17,17,13,27,0,57,24,0,24,81
05/29/2012,BMI,IL,AGL,CE,Federal Contract Tower,14,14,20,0,48,0,0,33,0,33,14,14,53,0,81,44,8,52,133
05/30/2012,BMI,IL,AGL,CE,Federal Contract Tower,17,11,16,5,49,0,0,22,2,24,17,11,38,7,73,24,4,28,101
05/31/2012,BMI,IL,AGL,CE,Federal Contract Tower,15,14,30,2,61,0,0,4,0,4,15,14,34,2,65,0,0,0,65
06/01/2012,BMI,IL,AGL,CE,Federal Contract Tower,17,15,21,0,53,0,0,8,0,8,17,15,29,0,61,0,0,0,61
06/02/2012,BMI,IL,AGL,CE,Federal Contract Tower,9,10,10,0,29,0,0,7,0,7,9,10,17,0,36,0,0,0,36
06/03/2012,BMI,IL,AGL,CE,Federal Contract Tower,12,14,9,1,36,0,0,38,0,38,12,14,47,1,74,28,0,28,102
06/04/2012,BMI,IL,AGL,CE,Federal Contract Tower,12,16,20,0,48,0,0,25,0,25,12,16,45,0,73,36,0,36,109
06/05/2012,BMI,IL,AGL,CE,Federal Contract Tower,7,18,12,2,39,0,0,25,0,25,7,18,37,2,64,4,10,14,78
06/06/2012,BMI,IL,AGL,CE,Federal Contract Tower,12,16,18,2,48,0,0,37,0,37,12,16,55,2,85,54,2,56,141
06/07/2012,BMI,IL,AGL,CE,Federal Contract Tower,9,18,22,0,49,0,0,43,0,43,9,18,65,0,92,38,0,38,130
06/08/2012,BMI,IL,AGL,CE,Federal Contract Tower,8,21,11,0,40,0,0,35,0,35,8,21,46,0,75,36,0,36,111
06/09/2012,BMI,IL,AGL,CE,Federal Contract Tower,6,16,8,0,30,0,0,35,0,35,6,16,43,0,65,44,0,44,109
06/10/2012,BMI,IL,AGL,CE,Federal Contract Tower,7,20,22,0,49,0,0,27,0,27,7,20,49,0,76,6,0,6,82
06/11/2012,BMI,IL,AGL,CE,Federal Contract Tower,9,22,18,3,52,0,0,14,0,14,9,22,32,3,66,0,10,10,76
06/12/2012,BMI,IL,AGL,CE,Federal Contract Tower,6,17,15,0,38,0,0,19,0,19,6,17,34,0,57,2,0,2,59
06/13/2012,BMI,IL,AGL,CE,Federal Contract Tower,11,18,22,0,51,0,0,37,0,37,11,18,59,0,88,72,0,72,160
06/14/2012,BMI,IL,AGL,CE,Federal Contract Tower,10,16,9,0,35,0,0,36,15,51,10,16,45,15,86,42,12,54,140
06/15/2012,BMI,IL,AGL,CE,Federal Contract Tower,10,21,9,4,44,0,0,28,0,28,10,21,37,4,72,12,4,16,88
06/16/2012,BMI,IL,AGL,CE,Federal Contract Tower,6,17,10,0,33,0,0,27,0,27,6,17,37,0,60,12,0,12,72
06/17/2012,BMI,IL,AGL,CE,Federal Contract Tower,10,17,13,0,40,0,0,16,0,16,10,17,29,0,56,16,0,16,72
06/18/2012,BMI,IL,AGL,CE,Federal Contract Tower,9,18,19,0,46,0,0,7,0,7,9,18,26,0,53,6,0,6,59
06/19/2012,BMI,IL,AGL,CE,Federal Contract Tower,6,18,14,3,41,0,0,17,4,21,6,18,31,7,62,0,10,10,72
06/20/2012,BMI,IL,AGL,CE,Federal Contract Tower,9,16,13,1,39,0,0,20,2,22,9,16,33,3,61,14,8,22,83
06/21/2012,BMI,IL,AGL,CE,Federal Contract Tower,7,17,7,0,31,0,0,15,0,15,7,17,22,0,46,12,0,12,58
06/22/2012,BMI,IL,AGL,CE,Federal Contract Tower,11,15,14,0,40,0,0,33,0,33,11,15,47,0,73,28,0,28,101
06/23/2012,BMI,IL,AGL,CE,Federal Contract Tower,4,17,9,0,30,0,0,38,0,38,4,17,47,0,68,16,0,16,84
06/24/2012,BMI,IL,AGL,CE,Federal Contract Tower,9,18,15,0,42,0,0,20,0,20,9,18,35,0,62,8,0,8,70
06/25/2012,BMI,IL,AGL,CE,Federal Contract Tower,10,17,7,0,34,0,0,14,0,14,10,17,21,0,48,4,0,4,52
06/26/2012,BMI,IL,AGL,CE,Federal Contract Tower,5,30,23,4,62,0,0,42,2,44,5,30,65,6,106,30,2,32,138
06/27/2012,BMI,IL,AGL,CE,Federal Contract Tower,9,16,12,4,41,0,0,30,0,30,9,16,42,4,71,24,12,36,107
06/28/2012,BMI,IL,AGL,CE,Federal Contract Tower,10,19,17,0,46,0,0,24,0,24,10,19,41,0,70,22,0,22,92
06/29/2012,BMI,IL,AGL,CE,Federal Contract Tower,12,22,8,0,42,0,0,21,0,21,12,22,29,0,63,22,0,22,85
06/30/2012,BMI,IL,AGL,CE,Federal Contract Tower,4,18,11,0,33,0,0,34,0,34,4,18,45,0,67,22,0,22,89
07/01/2012,BMI,IL,AGL,CE,Federal Contract Tower,9,15,6,0,30,0,0,14,0,14,9,15,20,0,44,20,0,20,64
07/02/2012,BMI,IL,AGL,CE,Federal Contract Tower,8,16,6,0,30,0,0,27,2,29,8,16,33,2,59,44,0,44,103
07/03/2012,BMI,IL,AGL,CE,Federal Contract Tower,3,17,11,0,31,0,0,31,0,31,3,17,42,0,62,30,0,30,92
07/04/2012,BMI,IL,AGL,CE,Federal Contract Tower,6,11,1,0,18,0,0,33,0,33,6,11,34,0,51,24,0,24,75
07/05/2012,BMI,IL,AGL,CE,Federal Contract Tower,8,16,7,0,31,0,0,25,0,25,8,16,32,0,56,36,0,36,92
07/06/2012,BMI,IL,AGL,CE,Federal Contract Tower,10,17,11,0,38,0,0,26,0,26,10,17,37,0,64,2,0,2,66
07/07/2012,BMI,IL,AGL,CE,Federal Contract Tower,4,16,3,0,23,0,0,18,0,18,4,16,21,0,41,0,0,0,41
07/08/2012,BMI,IL,AGL,CE,Federal Contract Tower,8,20,12,0,40,0,0,17,0,17,8,20,29,0,57,6,0,6,63
07/09/2012,BMI,IL,AGL,CE,Federal Contract Tower,7,19,17,0,43,0,0,46,6,52,7,19,63,6,95,22,0,22,117
07/10/2012,BMI,IL,AGL,CE,Federal Contract Tower,5,18,17,2,42,0,0,31,0,31,5,18,48,2,73,48,0,48,121
07/11/2012,BMI,IL,AGL,CE,Federal Contract Tower,7,21,21,2,51,0,0,26,0,26,7,21,47,2,77,10,0,10,87
07/12/2012,BMI,IL,AGL,CE,Federal Contract Tower,6,21,21,6,54,0,0,27,0,27,6,21,48,6,81,44,10,54,135
07/13/2012,BMI,IL,AGL,CE,Federal Contract Tower,9,18,14,2,43,0,1,35,0,36,9,19,49,2,79,50,10,60,139
07/14/2012,BMI,IL,AGL,CE,Federal Contract Tower,3,19,8,0,30,0,0,23,0,23,3,19,31,0,53,16,0,16,69
07/15/2012,BMI,IL,AGL,CE,Federal Contract Tower,7,18,8,0,33,0,0,43,0,43,7,18,51,0,76,26,0,26,102
07/16/2012,BMI,IL,AGL,CE,Federal Contract Tower,7,18,6,0,31,0,0,9,0,9,7,18,15,0,40,28,0,28,68
07/17/2012,BMI,IL,AGL,CE,Federal Contract Tower,5,17,14,0,36,0,0,23,1,24,5,17,37,1,60,8,0,8,68
07/18/2012,BMI,IL,AGL,CE,Federal Contract Tower,7,21,23,0,51,0,0,17,0,17,7,21,40,0,68,6,0,6,74
07/19/2012,BMI,IL,AGL,CE,Federal Contract Tower,4,22,18,0,44,0,0,15,0,15,4,22,33,0,59,0,0,0,59
07/20/2012,BMI,IL,AGL,CE,Federal Contract Tower,8,24,17,4,53,0,0,12,0,12,8,24,29,4,65,46,0,46,111
07/21/2012,BMI,IL,AGL,CE,Federal Contract Tower,3,19,11,0,33,0,0,53,0,53,3,19,64,0,86,36,0,36,122
07/22/2012,BMI,IL,AGL,CE,Federal Contract Tower,7,19,11,0,37,0,0,26,0,26,7,19,37,0,63,8,0,8,71
07/23/2012,BMI,IL,AGL,CE,Federal Contract Tower,7,19,12,0,38,0,0,36,0,36,7,19,48,0,74,34,0,34,108
07/24/2012,BMI,IL,AGL,CE,Federal Contract Tower,3,23,16,0,42,0,0,23,0,23,3,23,39,0,65,12,0,12,77
07/25/2012,BMI,IL,AGL,CE,Federal Contract Tower,7,22,19,2,50,0,0,20,0,20,7,22,39,2,70,6,6,12,82
07/26/2012,BMI,IL,AGL,CE,Federal Contract Tower,6,18,10,0,34,0,0,28,0,28,6,18,38,0,62,16,0,16,78
07/27/2012,BMI,IL,AGL,CE,Federal Contract Tower,7,20,12,0,39,0,0,26,0,26,7,20,38,0,65,42,0,42,107
07/28/2012,BMI,IL,AGL,CE,Federal Contract Tower,3,18,3,0,24,0,0,45,0,45,3,18,48,0,69,10,0,10,79
07/29/2012,BMI,IL,AGL,CE,Federal Contract Tower,7,20,5,0,32,0,0,34,0,34,7,20,39,0,66,24,0,24,90
07/30/2012,BMI,IL,AGL,CE,Federal Contract Tower,7,19,12,0,38,0,0,16,0,16,7,19,28,0,54,24,0,24,78
07/31/2012,BMI,IL,AGL,CE,Federal Contract Tower,3,18,14,0,35,0,0,21,0,21,3,18,35,0,56,32,0,32,88
08/01/2012,BMI,IL,AGL,CE,Federal Contract Tower,7,19,21,0,47,0,0,25,2,27,7,19,46,2,74,34,0,34,108
08/02/2012,BMI,IL,AGL,CE,Federal Contract Tower,5,19,12,0,36,0,0,23,0,23,5,19,35,0,59,10,0,10,69
08/03/2012,BMI,IL,AGL,CE,Federal Contract Tower,7,17,6,6,36,0,0,43,0,43,7,17,49,6,79,38,0,38,117
08/04/2012,BMI,IL,AGL,CE,Federal Contract Tower,3,17,6,0,26,0,0,17,0,17,3,17,23,0,43,4,0,4,47
08/05/2012,BMI,IL,AGL,CE,Federal Contract Tower,7,18,6,0,31,0,0,51,0,51,7,18,57,0,82,28,0,28,110
08/06/2012,BMI,IL,AGL,CE,Federal Contract Tower,7,22,15,0,44,0,0,28,0,28,7,22,43,0,72,6,0,6,78
08/07/2012,BMI,IL,AGL,CE,Federal Contract Tower,3,25,25,0,53,0,0,36,6,42,3,25,61,6,95,56,0,56,151
08/08/2012,BMI,IL,AGL,CE,Federal Contract Tower,7,19,22,0,48,0,0,24,0,24,7,19,46,0,72,20,0,20,92
08/09/2012,BMI,IL,AGL,CE,Federal Contract Tower,3,22,11,1,37,0,0,16,0,16,3,22,27,1,53,2,10,12,65
08/10/2012,BMI,IL,AGL,CE,Federal Contract Tower,7,22,13,0,42,0,0,10,0,10,7,22,23,0,52,8,0,8,60
08/11/2012,BMI,IL,AGL,CE,Federal Contract Tower,3,17,3,0,23,0,0,40,0,40,3,17,43,0,63,34,2,36,99
08/12/2012,BMI,IL,AGL,CE,Federal Contract Tower,7,19,10,0,36,0,0,29,0,29,7,19,39,0,65,32,0,32,97
08/13/2012,BMI,IL,AGL,CE,Federal Contract Tower,6,22,20,2,50,0,0,2,1,3,6,22,22,3,53,0,0,0,53
08/14/2012,BMI,IL,AGL,CE,Federal Contract Tower,6,14,18,0,38,0,0,41,0,41,6,14,59,0,79,32,0,32,111
08/15/2012,BMI,IL,AGL,CE,Federal Contract Tower,10,16,22,0,48,0,0,37,0,37,10,16,59,0,85,8,0,8,93
08/16/2012,BMI,IL,AGL,CE,Federal Contract Tower,7,13,9,2,31,0,0,1,0,1,7,13,10,2,32,0,0,0,32
08/17/2012,BMI,IL,AGL,CE,Federal Contract Tower,8,15,14,0,37,0,0,32,0,32,8,15,46,0,69,4,0,4,73
08/18/2012,BMI,IL,AGL,CE,Federal Contract Tower,5,11,8,0,24,0,0,44,0,44,5,11,52,0,68,36,0,36,104
08/19/2012,BMI,IL,AGL,CE,Federal Contract Tower,10,16,10,0,36,0,0,47,0,47,10,16,57,0,83,38,0,38,121
08/20/2012,BMI,IL,AGL,CE,Federal Contract Tower,9,17,9,0,35,0,0,15,0,15,9,17,24,0,50,12,0,12,62
08/21/2012,BMI,IL,AGL,CE,Federal Contract Tower,6,16,25,0,47,0,0,38,0,38,6,16,63,0,85,10,0,10,95
08/22/2012,BMI,IL,AGL,CE,Federal Contract Tower,10,15,27,0,52,0,0,27,2,29,10,15,54,2,81,4,0,4,85
08/23/2012,BMI,IL,AGL,CE,Federal Contract Tower,8,15,18,0,41,0,0,44,0,44,8,15,62,0,85,50,0,50,135
08/24/2012,BMI,IL,AGL,CE,Federal Contract Tower,9,18,5,0,32,0,0,38,2,40,9,18,43,2,72,34,0,34,106
08/25/2012,BMI,IL,AGL,CE,Federal Contract Tower,4,12,2,0,18,0,0,43,0,43,4,12,45,0,61,40,0,40,101
08/26/2012,BMI,IL,AGL,CE,Federal Contract Tower,9,14,8,0,31,0,0,3,0,3,9,14,11,0,34,0,0,0,34
08/27/2012,BMI,IL,AGL,CE,Federal Contract Tower,10,14,16,0,40,0,0,19,0,19,10,14,35,0,59,10,0,10,69
08/28/2012,BMI,IL,AGL,CE,Federal Contract Tower,6,14,19,0,39,0,0,21,0,21,6,14,40,0,60,26,0,26,86
08/29/2012,BMI,IL,AGL,CE,Federal Contract Tower,10,15,15,4,44,0,0,39,0,39,10,15,54,4,83,16,2,18,101
08/30/2012,BMI,IL,AGL,CE,Federal Contract Tower,9,15,11,2,37,0,0,32,0,32,9,15,43,2,69,24,0,24,93
08/31/2012,BMI,IL,AGL,CE,Federal Contract Tower,10,15,12,0,37,0,0,10,0,10,10,15,22,0,47,12,0,12,59
09/01/2012,BMI,IL,AGL,CE,Federal Contract Tower,6,10,1,0,17,0,0,0,0,0,6,10,1,0,17,0,0,0,17
09/02/2012,BMI,IL,AGL,CE,Federal Contract Tower,6,12,5,0,23,0,0,4,0,4,6,12,9,0,27,0,0,0,27
09/03/2012,BMI,IL,AGL,CE,Federal Contract Tower,8,16,10,0,34,0,0,18,0,18,8,16,28,0,52,2,0,2,54
09/04/2012,BMI,IL,AGL,CE,Federal Contract Tower,6,16,17,3,42,0,0,35,1,36,6,16,52,4,78,60,8,68,146
09/05/2012,BMI,IL,AGL,CE,Federal Contract Tower,7,15,15,0,37,0,0,17,0,17,7,15,32,0,54,30,0,30,84
09/06/2012,BMI,IL,AGL,CE,Federal Contract Tower,8,14,9,2,33,0,0,28,0,28,8,14,37,2,61,18,0,18,79
09/07/2012,BMI,IL,AGL,CE,Federal Contract Tower,11,15,3,0,29,0,0,0,0,0,11,15,3,0,29,0,2,2,31
09/08/2012,BMI,IL,AGL,CE,Federal Contract Tower,6,9,10,0,25,0,0,36,0,36,6,9,46,0,61,20,0,20,81
09/09/2012,BMI,IL,AGL,CE,Federal Contract Tower,10,15,16,1,42,0,0,32,0,32,10,15,48,1,74,8,0,8,82
09/10/2012,BMI,IL,AGL,CE,Federal Contract Tower,9,15,13,0,37,0,0,21,0,21,9,15,34,0,58,12,0,12,70
09/11/2012,BMI,IL,AGL,CE,Federal Contract Tower,6,15,24,0,45,0,0,45,0,45,6,15,69,0,90,40,0,40,130
09/12/2012,BMI,IL,AGL,CE,Federal Contract Tower,8,15,14,0,37,0,0,34,2,36,8,15,48,2,73,30,6,36,109
09/13/2012,BMI,IL,AGL,CE,Federal Contract Tower,9,13,6,0,28,0,0,22,2,24,9,13,28,2,52,20,10,30,82
09/14/2012,BMI,IL,AGL,CE,Federal Contract Tower,10,15,13,0,38,0,0,20,0,20,10,15,33,0,58,16,0,16,74
09/15/2012,BMI,IL,AGL,CE,Federal Contract Tower,6,10,3,0,19,0,0,46,0,46,6,10,49,0,65,28,0,28,93
09/16/2012,BMI,IL,AGL,CE,Federal Contract Tower,7,16,15,0,38,0,0,52,0,52,7,16,67,0,90,40,0,40,130
09/17/2012,BMI,IL,AGL,CE,Federal Contract Tower,10,15,11,0,36,0,0,6,0,6,10,15,17,0,42,4,0,4,46
09/18/2012,BMI,IL,AGL,CE,Federal Contract Tower,4,17,20,0,41,0,0,14,0,14,4,17,34,0,55,32,0,32,87
09/19/2012,BMI,IL,AGL,CE,Federal Contract Tower,8,14,17,0,39,0,0,5,0,5,8,14,22,0,44,0,0,0,44
09/20/2012,BMI,IL,AGL,CE,Federal Contract Tower,8,14,14,0,36,0,0,26,0,26,8,14,40,0,62,16,6,22,84
09/21/2012,BMI,IL,AGL,CE,Federal Contract Tower,10,14,11,0,35,0,0,20,0,20,10,14,31,0,55,16,0,16,71
09/22/2012,BMI,IL,AGL,CE,Federal Contract Tower,6,10,8,0,24,0,0,43,0,43,6,10,51,0,67,18,0,18,85
09/23/2012,BMI,IL,AGL,CE,Federal Contract Tower,8,18,10,0,36,0,0,79,0,79,8,18,89,0,115,40,0,40,155
09/24/2012,BMI,IL,AGL,CE,Federal Contract Tower,10,15,12,0,37,0,0,29,0,29,10,15,41,0,66,30,0,30,96
09/25/2012,BMI,IL,AGL,CE,Federal Contract Tower,6,20,11,2,39,0,0,21,0,21,6,20,32,2,60,28,0,28,88
09/26/2012,BMI,IL,AGL,CE,Federal Contract Tower,5,19,23,1,48,0,0,6,0,6,5,19,29,1,54,16,0,16,70
09/27/2012,BMI,IL,AGL,CE,Federal Contract Tower,9,16,17,0,42,0,0,38,0,38,9,16,55,0,80,44,0,44,124
09/28/2012,BMI,IL,AGL,CE,Federal Contract Tower,11,15,13,0,39,0,0,30,0,30,11,15,43,0,69,10,0,10,79
09/29/2012,BMI,IL,AGL,CE,Federal Contract Tower,7,11,7,0,25,0,0,51,0,51,7,11,58,0,76,26,0,26,102
09/30/2012,BMI,IL,AGL,CE,Federal Contract Tower,8,15,10,0,33,0,0,51,0,51,8,15,61,0,84,46,0,46,130
10/01/2012,BMI,IL,AGL,CE,Federal Contract Tower,9,15,15,0,39,0,0,19,0,19,9,15,34,0,58,14,0,14,72
10/02/2012,BMI,IL,AGL,CE,Federal Contract Tower,4,17,22,0,43,0,0,19,0,19,4,17,41,0,62,18,0,18,80
10/03/2012,BMI,IL,AGL,CE,Federal Contract Tower,6,18,13,0,37,0,0,9,0,9,6,18,22,0,46,2,0,2,48
10/04/2012,BMI,IL,AGL,CE,Federal Contract Tower,8,19,15,0,42,0,0,15,0,15,8,19,30,0,57,0,0,0,57
10/05/2012,BMI,IL,AGL,CE,Federal Contract Tower,10,13,14,0,37,0,0,15,0,15,10,13,29,0,52,0,0,0,52
10/06/2012,BMI,IL,AGL,CE,Federal Contract Tower,6,10,9,0,25,0,0,42,0,42,6,10,51,0,67,0,0,0,67
10/07/2012,BMI,IL,AGL,CE,Federal Contract Tower,10,17,11,0,38,0,0,45,0,45,10,17,56,0,83,6,0,6,89
10/08/2012,BMI,IL,AGL,CE,Federal Contract Tower,10,16,13,0,39,0,0,21,0,21,10,16,34,0,60,14,0,14,74
10/09/2012,BMI,IL,AGL,CE,Federal Contract Tower,3,17,19,1,40,0,0,15,0,15,3,17,34,1,55,8,0,8,63
10/10/2012,BMI,IL,AGL,CE,Federal Contract Tower,8,13,20,1,42,0,0,13,0,13,8,13,33,1,55,20,0,20,75
10/11/2012,BMI,IL,AGL,CE,Federal Contract Tower,8,15,14,1,38,0,0,12,0,12,8,15,26,1,50,0,0,0,50
10/12/2012,BMI,IL,AGL,CE,Federal Contract Tower,8,16,19,4,47,0,0,33,0,33,8,16,52,4,80,20,0,20,100
10/13/2012,BMI,IL,AGL,CE,Federal Contract Tower,8,11,10,0,29,0,0,0,0,0,8,11,10,0,29,0,0,0,29
10/14/2012,BMI,IL,AGL,CE,Federal Contract Tower,10,12,5,0,27,0,0,1,0,1,10,12,6,0,28,0,0,0,28
10/15/2012,BMI,IL,AGL,CE,Federal Contract Tower,9,15,16,2,42,0,0,26,0,26,9,15,42,2,68,12,8,20,88
10/16/2012,BMI,IL,AGL,CE,Federal Contract Tower,4,17,12,0,33,0,0,19,4,23,4,17,31,4,56,6,0,6,62
10/17/2012,BMI,IL,AGL,CE,Federal Contract Tower,8,14,18,5,45,0,0,8,2,10,8,14,26,7,55,2,6,8,63
10/18/2012,BMI,IL,AGL,CE,Federal Contract Tower,8,14,17,2,41,0,0,4,0,4,8,14,21,2,45,4,0,4,49
10/19/2012,BMI,IL,AGL,CE,Federal Contract Tower,8,15,17,0,40,0,0,0,0,0,8,15,17,0,40,0,0,0,40
10/20/2012,BMI,IL,AGL,CE,Federal Contract Tower,6,10,11,0,27,0,0,9,0,9,6,10,20,0,36,4,0,4,40
10/21/2012,BMI,IL,AGL,CE,Federal Contract Tower,10,11,9,0,30,0,0,43,0,43,10,11,52,0,73,14,0,14,87
10/22/2012,BMI,IL,AGL,CE,Federal Contract Tower,9,16,13,0,38,0,0,1,0,1,9,16,14,0,39,0,0,0,39
10/23/2012,BMI,IL,AGL,CE,Federal Contract Tower,4,18,17,0,39,0,0,14,0,14,4,18,31,0,53,20,4,24,77
10/24/2012,BMI,IL,AGL,CE,Federal Contract Tower,8,14,13,0,35,0,0,29,0,29,8,14,42,0,64,12,0,12,76
10/25/2012,BMI,IL,AGL,CE,Federal Contract Tower,8,15,17,0,40,0,0,7,4,11,8,15,24,4,51,2,0,2,53
10/26/2012,BMI,IL,AGL,CE,Federal Contract Tower,10,16,13,0,39,0,0,5,0,5,10,16,18,0,44,0,0,0,44
10/27/2012,BMI,IL,AGL,CE,Federal Contract Tower,5,11,7,0,23,0,0,34,0,34,5,11,41,0,57,18,0,18,75
10/28/2012,BMI,IL,AGL,CE,Federal Contract Tower,9,14,6,0,29,0,0,30,0,30,9,14,36,0,59,14,0,14,73
10/29/2012,BMI,IL,AGL,CE,Federal Contract Tower,10,16,20,0,46,0,0,27,0,27,10,16,47,0,73,38,0,38,111
10/30/2012,BMI,IL,AGL,CE,Federal Contract Tower,4,15,6,0,25,0,0,4,0,4,4,15,10,0,29,0,0,0,29
10/31/2012,BMI,IL,AGL,CE,Federal Contract Tower,8,16,12,0,36,0,0,14,0,14,8,16,26,0,50,62,0,62,112
11/01/2012,BMI,IL,AGL,CE,Federal Contract Tower,8,14,16,0,38,0,0,33,0,33,8,14,49,0,71,28,0,28,99
11/02/2012,BMI,IL,AGL,CE,Federal Contract Tower,8,17,9,0,34,0,0,27,0,27,8,17,36,0,61,26,0,26,87
11/03/2012,BMI,IL,AGL,CE,Federal Contract Tower,6,11,4,0,21,0,0,41,0,41,6,11,45,0,62,2,0,2,64
11/04/2012,BMI,IL,AGL,CE,Federal Contract Tower,10,14,19,5,48,0,0,30,1,31,10,14,49,6,79,22,12,34,113
11/05/2012,BMI,IL,AGL,CE,Federal Contract Tower,10,14,15,0,39,0,0,7,0,7,10,14,22,0,46,6,0,6,52
11/06/2012,BMI,IL,AGL,CE,Federal Contract Tower,6,17,9,2,34,0,0,11,0,11,6,17,20,2,45,0,0,0,45
11/07/2012,BMI,IL,AGL,CE,Federal Contract Tower,8,17,18,0,43,0,0,0,0,0,8,17,18,0,43,0,0,0,43
11/08/2012,BMI,IL,AGL,CE,Federal Contract Tower,8,22,20,0,50,0,0,21,0,21,8,22,41,0,71,6,0,6,77
11/09/2012,BMI,IL,AGL,CE,Federal Contract Tower,10,15,16,0,41,0,0,12,0,12,10,15,28,0,53,0,0,0,53
11/10/2012,BMI,IL,AGL,CE,Federal Contract Tower,5,10,4,0,19,0,0,30,0,30,5,10,34,0,49,0,0,0,49
11/11/2012,BMI,IL,AGL,CE,Federal Contract Tower,9,16,5,0,30,0,0,2,0,2,9,16,7,0,32,0,0,0,32
11/12/2012,BMI,IL,AGL,CE,Federal Contract Tower,10,15,8,0,33,0,0,7,0,7,10,15,15,0,40,2,0,2,42
11/13/2012,BMI,IL,AGL,CE,Federal Contract Tower,6,12,18,2,38,0,0,40,0,40,6,12,58,2,78,26,0,26,104
11/14/2012,BMI,IL,AGL,CE,Federal Contract Tower,8,17,14,4,43,0,0,43,0,43,8,17,57,4,86,0,16,16,102
11/15/2012,BMI,IL,AGL,CE,Federal Contract Tower,8,14,28,0,50,0,0,24,0,24,8,14,52,0,74,42,0,42,116
11/16/2012,BMI,IL,AGL,CE,Federal Contract Tower,10,16,23,0,49,0,0,19,1,20,10,16,42,1,69,14,2,16,85
11/17/2012,BMI,IL,AGL,CE,Federal Contract Tower,8,8,14,1,31,0,0,63,0,63,8,8,77,1,94,28,0,28,122
11/18/2012,BMI,IL,AGL,CE,Federal Contract Tower,10,12,5,0,27,0,0,51,0,51,10,12,56,0,78,94,0,94,172
11/19/2012,BMI,IL,AGL,CE,Federal Contract Tower,11,15,17,2,45,0,0,12,0,12,11,15,29,2,57,10,0,10,67
11/20/2012,BMI,IL,AGL,CE,Federal Contract Tower,7,13,14,1,35,0,0,32,2,34,7,13,46,3,69,10,0,10,79
11/21/2012,BMI,IL,AGL,CE,Federal Contract Tower,10,16,15,0,41,0,0,12,0,12,10,16,27,0,53,2,0,2,55
11/22/2012,BMI,IL,AGL,CE,Federal Contract Tower,4,9,1,0,14,0,0,9,0,9,4,9,10,0,23,0,0,0,23
11/23/2012,BMI,IL,AGL,CE,Federal Contract Tower,10,12,6,0,28,0,0,3,0,3,10,12,9,0,31,0,0,0,31
11/24/2012,BMI,IL,AGL,CE,Federal Contract Tower,4,14,7,0,25,0,0,31,0,31,4,14,38,0,56,24,0,24,80
11/25/2012,BMI,IL,AGL,CE,Federal Contract Tower,7,16,13,0,36,0,0,49,0,49,7,16,62,0,85,14,0,14,99
11/26/2012,BMI,IL,AGL,CE,Federal Contract Tower,10,15,17,0,42,0,0,7,0,7,10,15,24,0,49,2,0,2,51
11/27/2012,BMI,IL,AGL,CE,Federal Contract Tower,6,14,10,2,32,0,0,11,0,11,6,14,21,2,43,0,2,2,45
11/28/2012,BMI,IL,AGL,CE,Federal Contract Tower,10,15,14,0,39,0,0,34,0,34,10,15,48,0,73,8,0,8,81
11/29/2012,BMI,IL,AGL,CE,Federal Contract Tower,8,18,10,1,37,0,0,26,0,26,8,18,36,1,63,16,0,16,79
11/30/2012,BMI,IL,AGL,CE,Federal Contract Tower,12,14,12,1,39,0,0,29,0,29,12,14,41,1,68,10,2,12,80
12/01/2012,BMI,IL,AGL,CE,Federal Contract Tower,9,8,5,0,22,0,0,0,0,0,9,8,5,0,22,0,0,0,22
12/02/2012,BMI,IL,AGL,CE,Federal Contract Tower,4,19,10,0,33,0,0,18,0,18,4,19,28,0,51,14,8,22,73
12/03/2012,BMI,IL,AGL,CE,Federal Contract Tower,10,14,19,0,43,0,0,4,0,4,10,14,23,0,47,0,0,0,47
12/04/2012,BMI,IL,AGL,CE,Federal Contract Tower,6,18,6,1,31,0,0,25,0,25,6,18,31,1,56,8,0,8,64
12/05/2012,BMI,IL,AGL,CE,Federal Contract Tower,14,18,14,0,46,0,0,29,0,29,14,18,43,0,75,22,0,22,97
12/06/2012,BMI,IL,AGL,CE,Federal Contract Tower,9,17,14,2,42,0,0,18,2,20,9,17,32,4,62,10,6,16,78
12/07/2012,BMI,IL,AGL,CE,Federal Contract Tower,9,17,15,2,43,0,0,0,0,0,9,17,15,2,43,0,0,0,43
12/08/2012,BMI,IL,AGL,CE,Federal Contract Tower,5,8,8,0,21,0,0,2,0,2,5,8,10,0,23,8,0,8,31
12/09/2012,BMI,IL,AGL,CE,Federal Contract Tower,12,16,11,0,39,0,0,0,0,0,12,16,11,0,39,0,0,0,39
12/10/2012,BMI,IL,AGL,CE,Federal Contract Tower,9,17,18,1,45,0,0,0,0,0,9,17,18,1,45,0,0,0,45
12/11/2012,BMI,IL,AGL,CE,Federal Contract Tower,5,14,17,1,37,0,0,31,1,32,5,14,48,2,69,26,4,30,99
12/12/2012,BMI,IL,AGL,CE,Federal Contract Tower,8,13,16,0,37,0,0,29,2,31,8,13,45,2,68,10,0,10,78
12/13/2012,BMI,IL,AGL,CE,Federal Contract Tower,6,17,21,1,45,0,0,14,0,14,6,17,35,1,59,0,0,0,59
12/14/2012,BMI,IL,AGL,CE,Federal Contract Tower,8,16,10,1,35,0,0,37,0,37,8,16,47,1,72,12,0,12,84
12/15/2012,BMI,IL,AGL,CE,Federal Contract Tower,6,10,0,0,16,0,0,0,2,2,6,10,0,2,18,0,0,0,18
12/16/2012,BMI,IL,AGL,CE,Federal Contract Tower,10,12,12,0,34,0,0,1,0,1,10,12,13,0,35,0,0,0,35
12/17/2012,BMI,IL,AGL,CE,Federal Contract Tower,10,12,14,0,36,0,0,0,0,0,10,12,14,0,36,0,0,0,36
12/18/2012,BMI,IL,AGL,CE,Federal Contract Tower,6,14,14,2,36,0,0,3,0,3,6,14,17,2,39,6,0,6,45
12/19/2012,BMI,IL,AGL,CE,Federal Contract Tower,10,12,15,4,41,0,0,0,0,0,10,12,15,4,41,0,0,0,41
12/20/2012,BMI,IL,AGL,CE,Federal Contract Tower,4,5,1,0,10,0,0,0,0,0,4,5,1,0,10,0,0,0,10
12/21/2012,BMI,IL,AGL,CE,Federal Contract Tower,9,11,8,0,28,0,0,10,0,10,9,11,18,0,38,0,0,0,38
12/22/2012,BMI,IL,AGL,CE,Federal Contract Tower,6,12,13,0,31,0,0,30,0,30,6,12,43,0,61,12,0,12,73
12/23/2012,BMI,IL,AGL,CE,Federal Contract Tower,10,15,3,0,28,0,0,16,0,16,10,15,19,0,44,14,0,14,58
12/24/2012,BMI,IL,AGL,CE,Federal Contract Tower,10,10,6,0,26,0,0,0,0,0,10,10,6,0,26,0,0,0,26
12/25/2012,BMI,IL,AGL,CE,Federal Contract Tower,4,7,2,0,13,0,0,0,0,0,4,7,2,0,13,0,0,0,13
12/26/2012,BMI,IL,AGL,CE,Federal Contract Tower,5,12,8,0,25,0,0,5,0,5,5,12,13,0,30,0,0,0,30
12/27/2012,BMI,IL,AGL,CE,Federal Contract Tower,6,12,5,0,23,0,0,24,0,24,6,12,29,0,47,4,0,4,51
12/28/2012,BMI,IL,AGL,CE,Federal Contract Tower,9,12,8,0,29,0,0,0,0,0,9,12,8,0,29,0,0,0,29
12/29/2012,BMI,IL,AGL,CE,Federal Contract Tower,6,13,3,0,22,0,0,2,0,2,6,13,5,0,24,0,0,0,24
12/30/2012,BMI,IL,AGL,CE,Federal Contract Tower,10,15,5,0,30,0,0,62,0,62,10,15,67,0,92,28,0,28,120
12/31/2012,BMI,IL,AGL,CE,Federal Contract Tower,10,11,6,0,27,0,0,0,0,0,10,11,6,0,27,0,0,0,27
01/01/2013,BMI,IL,AGL,CE,Federal Contract Tower,4,11,4,0,19,0,0,16,0,16,4,11,20,0,35,24,0,24,59
01/02/2013,BMI,IL,AGL,CE,Federal Contract Tower,11,12,6,1,30,0,0,17,0,17,11,12,23,1,47,4,6,10,57
01/03/2013,BMI,IL,AGL,CE,Federal Contract Tower,5,17,9,2,33,0,0,4,2,6,5,17,13,4,39,2,0,2,41
01/04/2013,BMI,IL,AGL,CE,Federal Contract Tower,10,16,9,0,35,0,0,18,0,18,10,16,27,0,53,12,2,14,67
01/05/2013,BMI,IL,AGL,CE,Federal Contract Tower,4,8,1,0,13,0,0,11,0,11,4,8,12,0,24,6,0,6,30
01/06/2013,BMI,IL,AGL,CE,Federal Contract Tower,8,16,0,0,24,0,0,12,0,12,8,16,12,0,36,14,0,14,50
01/07/2013,BMI,IL,AGL,CE,Federal Contract Tower,12,16,10,0,38,0,0,20,0,20,12,16,30,0,58,0,0,0,58
01/08/2013,BMI,IL,AGL,CE,Federal Contract Tower,6,17,5,0,28,0,0,24,0,24,6,17,29,0,52,2,0,2,54
01/09/2013,BMI,IL,AGL,CE,Federal Contract Tower,8,17,16,0,41,0,0,22,0,22,8,17,38,0,63,24,0,24,87
01/10/2013,BMI,IL,AGL,CE,Federal Contract Tower,4,18,13,0,35,0,0,0,0,0,4,18,13,0,35,0,0,0,35
01/11/2013,BMI,IL,AGL,CE,Federal Contract Tower,12,15,12,0,39,0,0,7,0,7,12,15,19,0,46,0,0,0,46
01/12/2013,BMI,IL,AGL,CE,Federal Contract Tower,4,12,2,0,18,0,0,33,0,33,4,12,35,0,51,30,0,30,81
01/13/2013,BMI,IL,AGL,CE,Federal Contract Tower,10,15,2,0,27,0,0,0,0,0,10,15,2,0,27,0,0,0,27
01/14/2013,BMI,IL,AGL,CE,Federal Contract Tower,10,17,13,0,40,0,0,15,0,15,10,17,28,0,55,18,0,18,73
01/15/2013,BMI,IL,AGL,CE,Federal Contract Tower,8,14,17,0,39,0,0,31,0,31,8,14,48,0,70,16,0,16,86
01/16/2013,BMI,IL,AGL,CE,Federal Contract Tower,9,16,14,2,41,0,0,14,0,14,9,16,28,2,55,14,8,22,77
01/17/2013,BMI,IL,AGL,CE,Federal Contract Tower,7,14,22,4,47,0,0,17,0,17,7,14,39,4,64,6,10,16,80
01/18/2013,BMI,IL,AGL,CE,Federal Contract Tower,7,19,14,0,40,0,0,11,0,11,7,19,25,0,51,0,0,0,51
01/19/2013,BMI,IL,AGL,CE,Federal Contract Tower,4,8,5,0,17,0,0,10,0,10,4,8,15,0,27,0,0,0,27
01/20/2013,BMI,IL,AGL,CE,Federal Contract Tower,8,14,7,0,29,0,0,23,0,23,8,14,30,0,52,40,0,40,92
01/21/2013,BMI,IL,AGL,CE,Federal Contract Tower,8,18,14,0,40,0,0,9,0,9,8,18,23,0,49,20,0,20,69
01/22/2013,BMI,IL,AGL,CE,Federal Contract Tower,6,16,9,0,31,0,0,14,0,14,6,16,23,0,45,20,0,20,65
01/23/2013,BMI,IL,AGL,CE,Federal Contract Tower,10,20,14,0,44,0,0,12,2,14,10,20,26,2,58,28,0,28,86
01/24/2013,BMI,IL,AGL,CE,Federal Contract Tower,8,16,13,0,37,0,0,16,0,16,8,16,29,0,53,42,0,42,95
01/25/2013,BMI,IL,AGL,CE,Federal Contract Tower,8,14,11,4,37,0,0,13,8,21,8,14,24,12,58,8,0,8,66
01/26/2013,BMI,IL,AGL,CE,Federal Contract Tower,4,10,7,0,21,0,0,61,0,61,4,10,68,0,82,58,0,58,140
01/27/2013,BMI,IL,AGL,CE,Federal Contract Tower,8,10,1,0,19,0,0,0,0,0,8,10,1,0,19,0,0,0,19
01/28/2013,BMI,IL,AGL,CE,Federal Contract Tower,7,5,12,0,24,0,0,0,0,0,7,5,12,0,24,0,0,0,24
01/29/2013,BMI,IL,AGL,CE,Federal Contract Tower,5,12,9,0,26,0,0,0,0,0,5,12,9,0,26,0,0,0,26
01/30/2013,BMI,IL,AGL,CE,Federal Contract Tower,9,17,11,0,37,0,0,0,0,0,9,17,11,0,37,0,0,0,37
01/31/2013,BMI,IL,AGL,CE,Federal Contract Tower,8,19,14,0,41,0,0,6,0,6,8,19,20,0,47,0,0,0,47
02/01/2013,BMI,IL,AGL,CE,Federal Contract Tower,10,15,16,0,41,0,0,25,0,25,10,15,41,0,66,28,0,28,94
02/02/2013,BMI,IL,AGL,CE,Federal Contract Tower,4,8,8,0,20,0,0,2,0,2,4,8,10,0,22,0,0,0,22
02/03/2013,BMI,IL,AGL,CE,Federal Contract Tower,8,17,6,5,36,0,0,5,4,9,8,17,11,9,45,22,0,22,67
02/04/2013,BMI,IL,AGL,CE,Federal Contract Tower,9,17,19,0,45,0,0,10,0,10,9,17,29,0,55,4,0,4,59
02/05/2013,BMI,IL,AGL,CE,Federal Contract Tower,8,15,15,0,38,0,0,7,0,7,8,15,22,0,45,16,0,16,61
02/06/2013,BMI,IL,AGL,CE,Federal Contract Tower,8,16,19,3,46,0,0,16,0,16,8,16,35,3,62,6,0,6,68
02/07/2013,BMI,IL,AGL,CE,Federal Contract Tower,8,17,19,2,46,0,0,0,0,0,8,17,19,2,46,0,6,6,52
02/08/2013,BMI,IL,AGL,CE,Federal Contract Tower,12,19,8,0,39,0,0,2,0,2,12,19,10,0,41,0,4,4,45
02/09/2013,BMI,IL,AGL,CE,Federal Contract Tower,4,8,2,0,14,0,0,19,0,19,4,8,21,0,33,74,0,74,107
02/10/2013,BMI,IL,AGL,CE,Federal Contract Tower,9,13,4,0,26,0,0,0,0,0,9,13,4,0,26,0,0,0,26
02/11/2013,BMI,IL,AGL,CE,Federal Contract Tower,11,15,11,0,37,0,0,2,0,2,11,15,13,0,39,0,0,0,39
02/12/2013,BMI,IL,AGL,CE,Federal Contract Tower,4,19,9,0,32,0,0,14,0,14,4,19,23,0,46,16,0,16,62
02/13/2013,BMI,IL,AGL,CE,Federal Contract Tower,8,16,23,4,51,0,0,30,0,30,8,16,53,4,81,20,2,22,103
02/14/2013,BMI,IL,AGL,CE,Federal Contract Tower,4,21,18,5,48,0,0,5,0,5,4,21,23,5,53,0,12,12,65
02/15/2013,BMI,IL,AGL,CE,Federal Contract Tower,12,15,12,0,39,0,0,20,0,20,12,15,32,0,59,38,0,38,97
02/16/2013,BMI,IL,AGL,CE,Federal Contract Tower,1,13,6,0,20,0,0,32,0,32,1,13,38,0,52,64,0,64,116
02/17/2013,BMI,IL,AGL,CE,Federal Contract Tower,8,10,10,0,28,0,0,51,0,51,8,10,61,0,79,100,0,100,179
02/18/2013,BMI,IL,AGL,CE,Federal Contract Tower,9,15,10,0,34,0,0,3,0,3,9,15,13,0,37,0,0,0,37
02/19/2013,BMI,IL,AGL,CE,Federal Contract Tower,6,16,11,0,33,0,0,0,0,0,6,16,11,0,33,0,0,0,33
02/20/2013,BMI,IL,AGL,CE,Federal Contract Tower,9,15,12,0,36,0,0,19,0,19,9,15,31,0,55,14,0,14,69
02/21/2013,BMI,IL,AGL,CE,Federal Contract Tower,7,15,10,0,32,0,0,4,0,4,7,15,14,0,36,30,0,30,66
02/22/2013,BMI,IL,AGL,CE,Federal Contract Tower,7,10,6,0,23,0,0,2,0,2,7,10,8,0,25,24,0,24,49
02/23/2013,BMI,IL,AGL,CE,Federal Contract Tower,2,11,7,0,20,0,0,14,0,14,2,11,21,0,34,10,0,10,44
02/24/2013,BMI,IL,AGL,CE,Federal Contract Tower,6,16,21,0,43,0,0,79,0,79,6,16,100,0,122,28,0,28,150
02/25/2013,BMI,IL,AGL,CE,Federal Contract Tower,10,16,16,0,42,0,0,19,0,19,10,16,35,0,61,24,0,24,85
02/26/2013,BMI,IL,AGL,CE,Federal Contract Tower,3,8,1,0,12,0,0,0,0,0,3,8,1,0,12,0,0,0,12
02/27/2013,BMI,IL,AGL,CE,Federal Contract Tower,8,15,11,0,34,0,0,0,0,0,8,15,11,0,34,0,0,0,34
02/28/2013,BMI,IL,AGL,CE,Federal Contract Tower,8,16,15,0,39,0,0,0,0,0,8,16,15,0,39,0,0,0,39
03/01/2013,BMI,IL,AGL,CE,Federal Contract Tower,10,15,13,0,38,0,0,0,0,0,10,15,13,0,38,0,0,0,38
03/02/2013,BMI,IL,AGL,CE,Federal Contract Tower,6,10,8,0,24,0,0,15,0,15,6,10,23,0,39,12,0,12,51
03/03/2013,BMI,IL,AGL,CE,Federal Contract Tower,9,16,11,0,36,0,0,48,0,48,9,16,59,0,84,62,0,62,146
03/04/2013,BMI,IL,AGL,CE,Federal Contract Tower,10,14,14,0,38,0,0,4,0,4,10,14,18,0,42,16,0,16,58
03/05/2013,BMI,IL,AGL,CE,Federal Contract Tower,6,9,8,0,23,0,0,0,0,0,6,9,8,0,23,0,0,0,23
03/06/2013,BMI,IL,AGL,CE,Federal Contract Tower,9,15,26,0,50,0,0,9,0,9,9,15,35,0,59,30,0,30,89
03/07/2013,BMI,IL,AGL,CE,Federal Contract Tower,7,14,17,4,42,0,0,22,0,22,7,14,39,4,64,28,0,28,92
03/08/2013,BMI,IL,AGL,CE,Federal Contract Tower,8,16,14,0,38,0,0,39,0,39,8,16,53,0,77,24,0,24,101
03/09/2013,BMI,IL,AGL,CE,Federal Contract Tower,6,9,7,0,22,0,0,6,0,6,6,9,13,0,28,2,0,2,30
03/10/2013,BMI,IL,AGL,CE,Federal Contract Tower,10,14,10,0,34,0,0,0,0,0,10,14,10,0,34,0,0,0,34
03/11/2013,BMI,IL,AGL,CE,Federal Contract Tower,9,15,17,0,41,0,0,0,0,0,9,15,17,0,41,0,0,0,41
03/12/2013,BMI,IL,AGL,CE,Federal Contract Tower,5,13,19,0,37,0,0,13,2,15,5,13,32,2,52,22,0,22,74
03/13/2013,BMI,IL,AGL,CE,Federal Contract Tower,10,17,27,0,54,0,0,17,0,17,10,17,44,0,71,12,0,12,83
03/14/2013,BMI,IL,AGL,CE,Federal Contract Tower,8,18,21,2,49,0,0,23,0,23,8,18,44,2,72,54,4,58,130
03/15/2013,BMI,IL,AGL,CE,Federal Contract Tower,10,18,14,0,42,0,0,22,0,22,10,18,36,0,64,48,0,48,112
03/16/2013,BMI,IL,AGL,CE,Federal Contract Tower,6,10,10,0,26,0,0,0,0,0,6,10,10,0,26,0,0,0,26
03/17/2013,BMI,IL,AGL,CE,Federal Contract Tower,12,12,5,0,29,0,0,6,0,6,12,12,11,0,35,24,0,24,59
03/18/2013,BMI,IL,AGL,CE,Federal Contract Tower,9,16,5,0,30,0,0,0,0,0,9,16,5,0,30,0,0,0,30
03/19/2013,BMI,IL,AGL,CE,Federal Contract Tower,5,17,12,0,34,0,0,16,0,16,5,17,28,0,50,4,0,4,54
03/20/2013,BMI,IL,AGL,CE,Federal Contract Tower,10,16,16,0,42,0,0,18,0,18,10,16,34,0,60,6,0,6,66
03/21/2013,BMI,IL,AGL,CE,Federal Contract Tower,9,15,12,2,38,0,0,39,0,39,9,15,51,2,77,46,10,56,133
03/22/2013,BMI,IL,AGL,CE,Federal Contract Tower,10,15,6,0,31,0,0,32,0,32,10,15,38,0,63,20,0,20,83
03/23/2013,BMI,IL,AGL,CE,Federal Contract Tower,6,12,4,0,22,0,0,38,0,38,6,12,42,0,60,44,0,44,104
03/24/2013,BMI,IL,AGL,CE,Federal Contract Tower,3,7,0,0,10,0,0,0,0,0,3,7,0,0,10,0,0,0,10
03/25/2013,BMI,IL,AGL,CE,Federal Contract Tower,10,14,9,0,33,0,0,1,0,1,10,14,10,0,34,0,0,0,34
03/26/2013,BMI,IL,AGL,CE,Federal Contract Tower,6,18,12,0,36,0,0,12,0,12,6,18,24,0,48,20,2,22,70
03/27/2013,BMI,IL,AGL,CE,Federal Contract Tower,10,14,16,0,40,0,0,27,0,27,10,14,43,0,67,54,0,54,121
03/28/2013,BMI,IL,AGL,CE,Federal Contract Tower,6,17,14,0,37,0,0,32,0,32,6,17,46,0,69,20,0,20,89
03/29/2013,BMI,IL,AGL,CE,Federal Contract Tower,11,15,11,0,37,0,0,35,0,35,11,15,46,0,72,24,0,24,96
03/30/2013,BMI,IL,AGL,CE,Federal Contract Tower,6,10,6,0,22,0,0,39,4,43,6,10,45,4,65,40,0,40,105
03/31/2013,BMI,IL,AGL,CE,Federal Contract Tower,10,12,4,0,26,0,0,9,0,9,10,12,13,0,35,38,0,38,73
04/01/2013,BMI,IL,AGL,CE,Federal Contract Tower,10,15,22,0,47,0,2,16,0,18,10,17,38,0,65,8,0,8,73
04/02/2013,BMI,IL,AGL,CE,Federal Contract Tower,6,18,18,0,42,0,0,31,0,31,6,18,49,0,73,18,0,18,91
04/03/2013,BMI,IL,AGL,CE,Federal Contract Tower,10,15,10,0,35,0,0,33,0,33,10,15,43,0,68,52,0,52,120
04/04/2013,BMI,IL,AGL,CE,Federal Contract Tower,8,15,13,4,40,0,0,21,0,21,8,15,34,4,61,16,0,16,77
04/05/2013,BMI,IL,AGL,CE,Federal Contract Tower,10,16,13,0,39,0,0,35,0,35,10,16,48,0,74,62,0,62,136
04/06/2013,BMI,IL,AGL,CE,Federal Contract Tower,6,12,0,0,18,0,0,7,0,7,6,12,7,0,25,0,2,2,27
04/07/2013,BMI,IL,AGL,CE,Federal Contract Tower,10,14,14,0,38,0,0,56,0,56,10,14,70,0,94,40,0,40,134
04/08/2013,BMI,IL,AGL,CE,Federal Contract Tower,9,16,11,0,36,0,0,10,0,10,9,16,21,0,46,8,0,8,54
04/09/2013,BMI,IL,AGL,CE,Federal Contract Tower,8,12,17,0,37,0,0,14,0,14,8,12,31,0,51,0,0,0,51
04/10/2013,BMI,IL,AGL,CE,Federal Contract Tower,6,11,13,0,30,0,0,0,0,0,6,11,13,0,30,0,0,0,30
04/11/2013,BMI,IL,AGL,CE,Federal Contract Tower,7,11,19,0,37,0,0,1,0,1,7,11,20,0,38,0,0,0,38
04/12/2013,BMI,IL,AGL,CE,Federal Contract Tower,8,18,23,0,49,0,0,19,0,19,8,18,42,0,68,6,0,6,74
04/13/2013,BMI,IL,AGL,CE,Federal Contract Tower,6,10,7,0,23,0,0,28,0,28,6,10,35,0,51,20,0,20,71
04/14/2013,BMI,IL,AGL,CE,Federal Contract Tower,12,14,7,0,33,0,0,16,0,16,12,14,23,0,49,14,0,14,63
04/15/2013,BMI,IL,AGL,CE,Federal Contract Tower,7,23,21,1,52,0,0,5,1,6,7,23,26,2,58,4,0,4,62
04/16/2013,BMI,IL,AGL,CE,Federal Contract Tower,7,11,20,2,40,0,0,4,0,4,7,11,24,2,44,4,0,4,48
04/17/2013,BMI,IL,AGL,CE,Federal Contract Tower,6,13,13,2,34,0,0,4,0,4,6,13,17,2,38,8,0,8,46
04/18/2013,BMI,IL,AGL,CE,Federal Contract Tower,10,8,13,0,31,0,0,0,0,0,10,8,13,0,31,0,0,0,31
04/19/2013,BMI,IL,AGL,CE,Federal Contract Tower,8,18,6,3,35,0,0,0,0,0,8,18,6,3,35,0,8,8,43
04/20/2013,BMI,IL,AGL,CE,Federal Contract Tower,6,10,17,0,33,0,0,64,0,64,6,10,81,0,97,60,0,60,157
04/21/2013,BMI,IL,AGL,CE,Federal Contract Tower,10,15,10,0,35,0,0,63,0,63,10,15,73,0,98,34,0,34,132
04/22/2013,BMI,IL,AGL,CE,Federal Contract Tower,8,17,4,0,29,0,0,38,0,38,8,17,42,0,67,34,0,34,101
04/23/2013,BMI,IL,AGL,CE,Federal Contract Tower,8,15,15,0,38,0,0,4,0,4,8,15,19,0,42,6,0,6,48
04/24/2013,BMI,IL,AGL,CE,Federal Contract Tower,6,16,16,0,38,0,0,21,0,21,6,16,37,0,59,6,0,6,65
04/25/2013,BMI,IL,AGL,CE,Federal Contract Tower,10,14,12,2,38,0,0,27,0,27,10,14,39,2,65,40,0,40,105
04/26/2013,BMI,IL,AGL,CE,Federal Contract Tower,8,14,21,0,43,0,0,24,0,24,8,14,45,0,67,20,0,20,87
04/27/2013,BMI,IL,AGL,CE,Federal Contract Tower,6,10,5,0,21,0,0,25,0,25,6,10,30,0,46,28,0,28,74
04/28/2013,BMI,IL,AGL,CE,Federal Contract Tower,12,14,9,0,35,0,0,7,0,7,12,14,16,0,42,0,0,0,42
04/29/2013,BMI,IL,AGL,CE,Federal Contract Tower,8,13,9,1,31,0,0,18,0,18,8,13,27,1,49,26,0,26,75
04/30/2013,BMI,IL,AGL,CE,Federal Contract Tower,8,14,13,1,36,0,0,23,4,27,8,14,36,5,63,10,0,10,73
05/01/2013,BMI,IL,AGL,CE,Federal Contract Tower,8,15,24,0,47,0,0,36,0,36,8,15,60,0,83,24,0,24,107
05/02/2013,BMI,IL,AGL,CE,Federal Contract Tower,10,14,17,0,41,0,0,8,0,8,10,14,25,0,49,20,0,20,69
05/03/2013,BMI,IL,AGL,CE,Federal Contract Tower,8,16,7,3,34,0,0,0,0,0,8,16,7,3,34,0,0,0,34
05/04/2013,BMI,IL,AGL,CE,Federal Contract Tower,4,12,21,0,37,0,0,4,0,4,4,12,25,0,41,0,0,0,41
05/05/2013,BMI,IL,AGL,CE,Federal Contract Tower,10,16,8,2,36,0,0,28,0,28,10,16,36,2,64,40,0,40,104
05/06/2013,BMI,IL,AGL,CE,Federal Contract Tower,8,16,21,0,45,0,0,17,0,17,8,16,38,0,62,38,0,38,100
05/07/2013,BMI,IL,AGL,CE,Federal Contract Tower,8,14,12,0,34,0,0,23,0,23,8,14,35,0,57,6,0,6,63
05/08/2013,BMI,IL,AGL,CE,Federal Contract Tower,7,15,19,0,41,0,0,32,7,39,7,15,51,7,80,6,0,6,86
05/09/2013,BMI,IL,AGL,CE,Federal Contract Tower,9,13,22,2,46,0,0,4,0,4,9,13,26,2,50,0,0,0,50
05/10/2013,BMI,IL,AGL,CE,Federal Contract Tower,8,13,13,0,34,0,0,0,0,0,8,13,13,0,34,0,0,0,34
05/11/2013,BMI,IL,AGL,CE,Federal Contract Tower,6,9,7,0,22,0,0,10,0,10,6,9,17,0,32,12,0,12,44
05/12/2013,BMI,IL,AGL,CE,Federal Contract Tower,12,13,6,0,31,0,0,26,0,26,12,13,32,0,57,18,0,18,75
05/13/2013,BMI,IL,AGL,CE,Federal Contract Tower,8,17,8,0,33,0,0,27,0,27,8,17,35,0,60,0,0,0,60
05/14/2013,BMI,IL,AGL,CE,Federal Contract Tower,8,15,13,0,36,0,0,13,0,13,8,15,26,0,49,20,0,20,69
05/15/2013,BMI,IL,AGL,CE,Federal Contract Tower,8,15,11,1,35,0,0,26,3,29,8,15,37,4,64,34,4,38,102
05/16/2013,BMI,IL,AGL,CE,Federal Contract Tower,11,16,19,0,46,0,0,22,0,22,11,16,41,0,68,28,0,28,96
05/17/2013,BMI,IL,AGL,CE,Federal Contract Tower,8,16,24,0,48,0,0,21,2,23,8,16,45,2,71,42,0,42,113
05/18/2013,BMI,IL,AGL,CE,Federal Contract Tower,7,10,12,0,29,0,0,21,0,21,7,10,33,0,50,14,0,14,64
05/19/2013,BMI,IL,AGL,CE,Federal Contract Tower,10,14,13,0,37,0,0,14,0,14,10,14,27,0,51,40,0,40,91
05/20/2013,BMI,IL,AGL,CE,Federal Contract Tower,7,15,9,0,31,0,0,11,0,11,7,15,20,0,42,14,0,14,56
05/21/2013,BMI,IL,AGL,CE,Federal Contract Tower,9,18,7,0,34,0,0,10,6,16,9,18,17,6,50,26,0,26,76
05/22/2013,BMI,IL,AGL,CE,Federal Contract Tower,9,19,24,2,54,0,0,7,0,7,9,19,31,2,61,14,6,20,81
05/23/2013,BMI,IL,AGL,CE,Federal Contract Tower,11,15,18,4,48,0,0,6,0,6,11,15,24,4,54,24,0,24,78
05/24/2013,BMI,IL,AGL,CE,Federal Contract Tower,8,15,11,0,34,0,2,45,0,47,8,17,56,0,81,56,0,56,137
05/25/2013,BMI,IL,AGL,CE,Federal Contract Tower,7,10,9,0,26,0,0,22,0,22,7,10,31,0,48,18,0,18,66
05/26/2013,BMI,IL,AGL,CE,Federal Contract Tower,9,10,8,0,27,0,0,8,0,8,9,10,16,0,35,4,0,4,39
05/27/2013,BMI,IL,AGL,CE,Federal Contract Tower,5,14,5,0,24,0,0,2,0,2,5,14,7,0,26,0,0,0,26
05/28/2013,BMI,IL,AGL,CE,Federal Contract Tower,9,14,7,0,30,0,0,11,0,11,9,14,18,0,41,10,0,10,51
05/29/2013,BMI,IL,AGL,CE,Federal Contract Tower,7,18,16,0,41,0,0,30,0,30,7,18,46,0,71,64,0,64,135
05/30/2013,BMI,IL,AGL,CE,Federal Contract Tower,11,13,8,0,32,0,0,5,0,5,11,13,13,0,37,2,0,2,39
05/31/2013,BMI,IL,AGL,CE,Federal Contract Tower,8,15,6,0,29,0,0,3,0,3,8,15,9,0,32,0,0,0,32
06/01/2013,BMI,IL,AGL,CE,Federal Contract Tower,7,10,7,0,24,0,0,7,0,7,7,10,14,0,31,12,2,14,45
06/02/2013,BMI,IL,AGL,CE,Federal Contract Tower,11,14,22,2,49,0,0,5,0,5,11,14,27,2,54,14,0,14,68
06/03/2013,BMI,IL,AGL,CE,Federal Contract Tower,7,15,17,0,39,0,0,37,0,37,7,15,54,0,76,54,0,54,130
06/04/2013,BMI,IL,AGL,CE,Federal Contract Tower,10,15,12,3,40,0,0,38,1,39,10,15,50,4,79,36,0,36,115
06/05/2013,BMI,IL,AGL,CE,Federal Contract Tower,7,18,16,0,41,0,0,34,4,38,7,18,50,4,79,60,0,60,139
06/06/2013,BMI,IL,AGL,CE,Federal Contract Tower,11,17,26,0,54,0,0,23,0,23,11,17,49,0,77,56,0,56,133
06/07/2013,BMI,IL,AGL,CE,Federal Contract Tower,8,15,6,0,29,0,0,31,0,31,8,15,37,0,60,40,0,40,100
06/08/2013,BMI,IL,AGL,CE,Federal Contract Tower,7,10,10,0,27,0,0,44,0,44,7,10,54,0,71,36,0,36,107
06/09/2013,BMI,IL,AGL,CE,Federal Contract Tower,11,14,13,0,38,0,0,17,0,17,11,14,30,0,55,10,0,10,65
06/10/2013,BMI,IL,AGL,CE,Federal Contract Tower,7,16,20,2,45,0,0,25,0,25,7,16,45,2,70,50,2,52,122
06/11/2013,BMI,IL,AGL,CE,Federal Contract Tower,9,17,13,0,39,0,0,34,0,34,9,17,47,0,73,62,0,62,135
06/12/2013,BMI,IL,AGL,CE,Federal Contract Tower,9,17,21,0,47,0,0,6,4,10,9,17,27,4,57,14,0,14,71
06/13/2013,BMI,IL,AGL,CE,Federal Contract Tower,10,17,12,0,39,0,0,21,0,21,10,17,33,0,60,4,0,4,64
06/14/2013,BMI,IL,AGL,CE,Federal Contract Tower,8,19,12,1,40,0,0,52,1,53,8,19,64,2,93,50,4,54,147
06/15/2013,BMI,IL,AGL,CE,Federal Contract Tower,5,15,7,0,27,0,0,6,0,6,5,15,13,0,33,0,0,0,33
06/16/2013,BMI,IL,AGL,CE,Federal Contract Tower,11,16,9,0,36,0,0,25,0,25,11,16,34,0,61,34,0,34,95
06/17/2013,BMI,IL,AGL,CE,Federal Contract Tower,6,17,8,0,31,0,0,22,0,22,6,17,30,0,53,28,0,28,81
06/18/2013,BMI,IL,AGL,CE,Federal Contract Tower,9,17,18,0,44,0,0,30,0,30,9,17,48,0,74,48,4,52,126
06/19/2013,BMI,IL,AGL,CE,Federal Contract Tower,7,18,19,2,46,0,0,42,4,46,7,18,61,6,92,38,6,44,136
06/20/2013,BMI,IL,AGL,CE,Federal Contract Tower,11,18,19,0,48,0,0,25,0,25,11,18,44,0,73,34,0,34,107
06/21/2013,BMI,IL,AGL,CE,Federal Contract Tower,8,17,10,0,35,0,0,19,0,19,8,17,29,0,54,4,0,4,58
06/22/2013,BMI,IL,AGL,CE,Federal Contract Tower,5,16,5,0,26,0,0,7,0,7,5,16,12,0,33,14,0,14,47
06/23/2013,BMI,IL,AGL,CE,Federal Contract Tower,11,18,6,0,35,0,0,23,0,23,11,18,29,0,58,12,0,12,70
06/24/2013,BMI,IL,AGL,CE,Federal Contract Tower,7,16,15,0,38,0,0,11,0,11,7,16,26,0,49,12,0,12,61
06/25/2013,BMI,IL,AGL,CE,Federal Contract Tower,9,14,8,2,33,0,0,17,0,17,9,14,25,2,50,18,0,18,68
06/26/2013,BMI,IL,AGL,CE,Federal Contract Tower,7,15,22,2,46,0,0,12,0,12,7,15,34,2,58,46,6,52,110
06/27/2013,BMI,IL,AGL,CE,Federal Contract Tower,13,15,19,2,49,0,0,14,1,15,13,15,33,3,64,20,8,28,92
06/28/2013,BMI,IL,AGL,CE,Federal Contract Tower,8,18,8,2,36,0,1,34,0,35,8,19,42,2,71,56,4,60,131
06/29/2013,BMI,IL,AGL,CE,Federal Contract Tower,2,16,7,0,25,0,0,5,0,5,2,16,12,0,30,0,0,0,30
06/30/2013,BMI,IL,AGL,CE,Federal Contract Tower,11,16,19,0,46,0,0,24,0,24,11,16,43,0,70,14,0,14,84
07/01/2013,BMI,IL,AGL,CE,Federal Contract Tower,8,14,15,0,37,0,0,21,0,21,8,14,36,0,58,18,0,18,76
07/02/2013,BMI,IL,AGL,CE,Federal Contract Tower,6,11,15,0,32,0,2,25,0,27,6,13,40,0,59,48,0,48,107
07/03/2013,BMI,IL,AGL,CE,Federal Contract Tower,5,16,8,0,29,0,0,27,0,27,5,16,35,0,56,62,0,62,118
07/04/2013,BMI,IL,AGL,CE,Federal Contract Tower,9,10,9,0,28,0,0,35,0,35,9,10,44,0,63,52,0,52,115
07/05/2013,BMI,IL,AGL,CE,Federal Contract Tower,8,14,9,0,31,0,0,29,0,29,8,14,38,0,60,38,0,38,98
07/06/2013,BMI,IL,AGL,CE,Federal Contract Tower,5,15,10,0,30,0,0,36,0,36,5,15,46,0,66,72,0,72,138
07/07/2013,BMI,IL,AGL,CE,Federal Contract Tower,11,15,12,0,38,0,0,54,0,54,11,15,66,0,92,12,0,12,104
07/08/2013,BMI,IL,AGL,CE,Federal Contract Tower,6,17,15,0,38,0,0,17,0,17,6,17,32,0,55,32,0,32,87
07/09/2013,BMI,IL,AGL,CE,Federal Contract Tower,8,15,13,0,36,0,0,12,0,12,8,15,25,0,48,16,0,16,64
07/10/2013,BMI,IL,AGL,CE,Federal Contract Tower,4,14,15,0,33,0,0,15,0,15,4,14,30,0,48,0,0,0,48
07/11/2013,BMI,IL,AGL,CE,Federal Contract Tower,11,15,22,0,48,0,0,35,0,35,11,15,57,0,83,64,0,64,147
07/12/2013,BMI,IL,AGL,CE,Federal Contract Tower,7,15,21,0,43,0,0,29,0,29,7,15,50,0,72,80,0,80,152
07/13/2013,BMI,IL,AGL,CE,Federal Contract Tower,5,17,8,0,30,0,0,54,0,54,5,17,62,0,84,54,0,54,138
07/14/2013,BMI,IL,AGL,CE,Federal Contract Tower,11,15,7,0,33,0,0,53,0,53,11,15,60,0,86,36,0,36,122
07/15/2013,BMI,IL,AGL,CE,Federal Contract Tower,6,15,17,0,38,0,0,13,0,13,6,15,30,0,51,32,0,32,83
07/16/2013,BMI,IL,AGL,CE,Federal Contract Tower,8,17,6,0,31,0,0,23,0,23,8,17,29,0,54,18,0,18,72
07/17/2013,BMI,IL,AGL,CE,Federal Contract Tower,7,11,14,0,32,0,0,30,3,33,7,11,44,3,65,24,8,32,97
07/18/2013,BMI,IL,AGL,CE,Federal Contract Tower,12,18,12,0,42,0,0,23,0,23,12,18,35,0,65,38,0,38,103
07/19/2013,BMI,IL,AGL,CE,Federal Contract Tower,10,17,3,0,30,0,0,20,0,20,10,17,23,0,50,64,0,64,114
07/20/2013,BMI,IL,AGL,CE,Federal Contract Tower,7,17,12,0,36,0,0,40,0,40,7,17,52,0,76,34,0,34,110
07/21/2013,BMI,IL,AGL,CE,Federal Contract Tower,11,16,12,0,39,0,0,18,0,18,11,16,30,0,57,0,0,0,57
07/22/2013,BMI,IL,AGL,CE,Federal Contract Tower,7,16,9,0,32,0,0,23,0,23,7,16,32,0,55,16,0,16,71
07/23/2013,BMI,IL,AGL,CE,Federal Contract Tower,7,16,7,0,30,0,0,29,0,29,7,16,36,0,59,14,0,14,73
07/24/2013,BMI,IL,AGL,CE,Federal Contract Tower,7,18,24,0,49,0,0,62,0,62,7,18,86,0,111,64,0,64,175
07/25/2013,BMI,IL,AGL,CE,Federal Contract Tower,12,16,15,0,43,0,0,35,0,35,12,16,50,0,78,48,0,48,126
07/26/2013,BMI,IL,AGL,CE,Federal Contract Tower,8,17,12,0,37,0,0,14,0,14,8,17,26,0,51,6,0,6,57
07/27/2013,BMI,IL,AGL,CE,Federal Contract Tower,5,24,7,0,36,0,0,38,0,38,5,24,45,0,74,40,0,40,114
07/28/2013,BMI,IL,AGL,CE,Federal Contract Tower,11,18,6,0,35,0,0,22,0,22,11,18,28,0,57,2,0,2,59
07/29/2013,BMI,IL,AGL,CE,Federal Contract Tower,6,19,11,0,36,0,0,38,0,38,6,19,49,0,74,46,0,46,120
07/30/2013,BMI,IL,AGL,CE,Federal Contract Tower,7,15,23,0,45,0,0,1,0,1,7,15,24,0,46,0,0,0,46
07/31/2013,BMI,IL,AGL,CE,Federal Contract Tower,7,17,24,0,48,0,0,6,0,6,7,17,30,0,54,0,0,0,54
08/01/2013,BMI,IL,AGL,CE,Federal Contract Tower,8,18,29,0,55,0,0,45,0,45,8,18,74,0,100,16,0,16,116
08/02/2013,BMI,IL,AGL,CE,Federal Contract Tower,9,15,12,3,39,0,0,28,0,28,9,15,40,3,67,40,0,40,107
08/03/2013,BMI,IL,AGL,CE,Federal Contract Tower,5,16,11,0,32,0,0,27,0,27,5,16,38,0,59,28,0,28,87
08/04/2013,BMI,IL,AGL,CE,Federal Contract Tower,11,15,11,0,37,0,0,39,0,39,11,15,50,0,76,12,0,12,88
08/05/2013,BMI,IL,AGL,CE,Federal Contract Tower,7,19,11,0,37,0,0,14,0,14,7,19,25,0,51,22,0,22,73
08/06/2013,BMI,IL,AGL,CE,Federal Contract Tower,8,17,13,0,38,0,0,9,2,11,8,17,22,2,49,18,0,18,67
08/07/2013,BMI,IL,AGL,CE,Federal Contract Tower,7,16,30,0,53,0,0,2,0,2,7,16,32,0,55,4,0,4,59
08/08/2013,BMI,IL,AGL,CE,Federal Contract Tower,11,18,18,0,47,0,0,27,0,27,11,18,45,0,74,12,8,20,94
08/09/2013,BMI,IL,AGL,CE,Federal Contract Tower,8,16,20,0,44,0,0,39,0,39,8,16,59,0,83,14,0,14,97
08/10/2013,BMI,IL,AGL,CE,Federal Contract Tower,4,14,9,0,27,0,2,47,0,49,4,16,56,0,76,16,0,16,92
08/11/2013,BMI,IL,AGL,CE,Federal Contract Tower,8,14,14,0,36,0,0,51,0,51,8,14,65,0,87,8,0,8,95
08/12/2013,BMI,IL,AGL,CE,Federal Contract Tower,6,15,18,0,39,0,0,22,0,22,6,15,40,0,61,14,0,14,75
08/13/2013,BMI,IL,AGL,CE,Federal Contract Tower,7,17,21,0,45,0,0,39,0,39,7,17,60,0,84,48,0,48,132
08/14/2013,BMI,IL,AGL,CE,Federal Contract Tower,8,20,22,0,50,0,0,65,0,65,8,20,87,0,115,18,0,18,133
08/15/2013,BMI,IL,AGL,CE,Federal Contract Tower,8,18,16,0,42,0,0,18,0,18,8,18,34,0,60,12,0,12,72
08/16/2013,BMI,IL,AGL,CE,Federal Contract Tower,8,18,12,2,40,0,0,33,0,33,8,18,45,2,73,34,0,34,107
08/17/2013,BMI,IL,AGL,CE,Federal Contract Tower,6,15,9,0,30,0,0,38,0,38,6,15,47,0,68,28,0,28,96
08/18/2013,BMI,IL,AGL,CE,Federal Contract Tower,8,20,6,1,35,0,0,41,1,42,8,20,47,2,77,22,0,22,99
08/19/2013,BMI,IL,AGL,CE,Federal Contract Tower,7,16,9,0,32,0,0,17,0,17,7,16,26,0,49,8,0,8,57
08/20/2013,BMI,IL,AGL,CE,Federal Contract Tower,7,15,12,0,34,0,2,37,2,41,7,17,49,2,75,2,0,2,77
08/21/2013,BMI,IL,AGL,CE,Federal Contract Tower,8,15,24,0,47,0,0,25,4,29,8,15,49,4,76,62,0,62,138
08/22/2013,BMI,IL,AGL,CE,Federal Contract Tower,8,13,21,2,44,0,0,8,0,8,8,13,29,2,52,28,0,28,80
08/23/2013,BMI,IL,AGL,CE,Federal Contract Tower,8,15,12,0,35,0,0,24,0,24,8,15,36,0,59,38,0,38,97
08/24/2013,BMI,IL,AGL,CE,Federal Contract Tower,8,10,12,0,30,0,0,54,2,56,8,10,66,2,86,20,0,20,106
08/25/2013,BMI,IL,AGL,CE,Federal Contract Tower,8,14,7,0,29,0,0,45,0,45,8,14,52,0,74,10,0,10,84
08/26/2013,BMI,IL,AGL,CE,Federal Contract Tower,6,15,9,0,30,0,0,26,0,26,6,15,35,0,56,22,0,22,78
08/27/2013,BMI,IL,AGL,CE,Federal Contract Tower,7,16,12,0,35,0,0,21,0,21,7,16,33,0,56,0,0,0,56
08/28/2013,BMI,IL,AGL,CE,Federal Contract Tower,7,17,15,0,39,0,0,16,0,16,7,17,31,0,55,0,0,0,55
08/29/2013,BMI,IL,AGL,CE,Federal Contract Tower,7,14,21,0,42,0,0,11,0,11,7,14,32,0,53,2,0,2,55
08/30/2013,BMI,IL,AGL,CE,Federal Contract Tower,8,16,9,0,33,0,0,21,0,21,8,16,30,0,54,6,0,6,60
08/31/2013,BMI,IL,AGL,CE,Federal Contract Tower,6,9,8,0,23,0,0,15,0,15,6,9,23,0,38,0,0,0,38
09/01/2013,BMI,IL,AGL,CE,Federal Contract Tower,8,10,7,0,25,0,0,2,0,2,8,10,9,0,27,0,0,0,27
09/02/2013,BMI,IL,AGL,CE,Federal Contract Tower,7,13,6,0,26,0,0,51,0,51,7,13,57,0,77,22,0,22,99
09/03/2013,BMI,IL,AGL,CE,Federal Contract Tower,7,13,7,0,27,0,0,25,2,27,7,13,32,2,54,2,0,2,56
09/04/2013,BMI,IL,AGL,CE,Federal Contract Tower,9,14,14,0,37,0,0,47,0,47,9,14,61,0,84,4,2,6,90
09/05/2013,BMI,IL,AGL,CE,Federal Contract Tower,7,18,15,2,42,0,0,17,0,17,7,18,32,2,59,6,0,6,65
09/06/2013,BMI,IL,AGL,CE,Federal Contract Tower,8,15,5,0,28,0,0,26,0,26,8,15,31,0,54,28,0,28,82
09/07/2013,BMI,IL,AGL,CE,Federal Contract Tower,6,10,10,0,26,0,0,56,0,56,6,10,66,0,82,0,0,0,82
09/08/2013,BMI,IL,AGL,CE,Federal Contract Tower,6,16,16,0,38,0,0,28,0,28,6,16,44,0,66,0,0,0,66
09/09/2013,BMI,IL,AGL,CE,Federal Contract Tower,10,13,23,3,49,0,0,11,1,12,10,13,34,4,61,2,0,2,63
09/10/2013,BMI,IL,AGL,CE,Federal Contract Tower,6,13,16,0,35,0,0,27,0,27,6,13,43,0,62,8,0,8,70
09/11/2013,BMI,IL,AGL,CE,Federal Contract Tower,8,14,11,2,35,0,0,22,0,22,8,14,33,2,57,10,0,10,67
09/12/2013,BMI,IL,AGL,CE,Federal Contract Tower,8,21,18,0,47,0,0,15,0,15,8,21,33,0,62,0,0,0,62
09/13/2013,BMI,IL,AGL,CE,Federal Contract Tower,9,13,14,0,36,0,0,23,0,23,9,13,37,0,59,4,0,4,63
09/14/2013,BMI,IL,AGL,CE,Federal Contract Tower,6,10,7,0,23,0,0,57,0,57,6,10,64,0,80,18,0,18,98
09/15/2013,BMI,IL,AGL,CE,Federal Contract Tower,7,12,7,0,26,0,0,24,0,24,7,12,31,0,50,28,0,28,78
09/16/2013,BMI,IL,AGL,CE,Federal Contract Tower,7,13,24,0,44,0,0,9,0,9,7,13,33,0,53,22,6,28,81
09/17/2013,BMI,IL,AGL,CE,Federal Contract Tower,6,13,13,0,32,0,0,26,0,26,6,13,39,0,58,0,0,0,58
09/18/2013,BMI,IL,AGL,CE,Federal Contract Tower,8,13,18,2,41,0,0,27,0,27,8,13,45,2,68,14,2,16,84
09/19/2013,BMI,IL,AGL,CE,Federal Contract Tower,8,15,20,0,43,0,0,14,0,14,8,15,34,0,57,4,0,4,61
09/20/2013,BMI,IL,AGL,CE,Federal Contract Tower,9,13,11,0,33,0,0,15,0,15,9,13,26,0,48,32,6,38,86
09/21/2013,BMI,IL,AGL,CE,Federal Contract Tower,4,12,7,0,23,0,0,32,0,32,4,12,39,0,55,0,0,0,55
09/22/2013,BMI,IL,AGL,CE,Federal Contract Tower,8,16,9,0,33,0,0,58,0,58,8,16,67,0,91,46,0,46,137
09/23/2013,BMI,IL,AGL,CE,Federal Contract Tower,8,18,8,0,34,0,0,33,0,33,8,18,41,0,67,12,0,12,79
09/24/2013,BMI,IL,AGL,CE,Federal Contract Tower,6,13,9,0,28,0,0,27,0,27,6,13,36,0,55,10,0,10,65
09/25/2013,BMI,IL,AGL,CE,Federal Contract Tower,8,14,16,0,38,0,0,49,0,49,8,14,65,0,87,12,0,12,99
09/26/2013,BMI,IL,AGL,CE,Federal Contract Tower,7,18,19,0,44,0,0,43,2,45,7,18,62,2,89,60,0,60,149
09/27/2013,BMI,IL,AGL,CE,Federal Contract Tower,8,15,19,0,42,0,0,39,0,39,8,15,58,0,81,34,0,34,115
09/28/2013,BMI,IL,AGL,CE,Federal Contract Tower,5,10,9,0,24,0,0,35,0,35,5,10,44,0,59,2,0,2,61
09/29/2013,BMI,IL,AGL,CE,Federal Contract Tower,8,14,11,0,33,0,0,31,0,31,8,14,42,0,64,30,0,30,94
09/30/2013,BMI,IL,AGL,CE,Federal Contract Tower,8,16,14,0,38,0,0,27,0,27,8,16,41,0,65,24,0,24,89
10/01/2013,BMI,IL,AGL,CE,Federal Contract Tower,6,14,13,0,33,0,0,6,0,6,6,14,19,0,39,18,0,18,57
10/02/2013,BMI,IL,AGL,CE,Federal Contract Tower,8,18,19,0,45,0,0,9,0,9,8,18,28,0,54,0,0,0,54
10/03/2013,BMI,IL,AGL,CE,Federal Contract Tower,8,16,27,0,51,0,0,2,0,2,8,16,29,0,53,0,0,0,53
10/04/2013,BMI,IL,AGL,CE,Federal Contract Tower,6,19,10,0,35,0,0,7,0,7,6,19,17,0,42,12,0,12,54
10/05/2013,BMI,IL,AGL,CE,Federal Contract Tower,5,13,7,0,25,0,0,1,0,1,5,13,8,0,26,0,0,0,26
10/06/2013,BMI,IL,AGL,CE,Federal Contract Tower,7,16,9,0,32,0,0,19,0,19,7,16,28,0,51,8,0,8,59
10/07/2013,BMI,IL,AGL,CE,Federal Contract Tower,5,18,6,0,29,0,0,17,0,17,5,18,23,0,46,0,0,0,46
10/08/2013,BMI,IL,AGL,CE,Federal Contract Tower,6,15,4,0,25,0,0,25,0,25,6,15,29,0,50,12,0,12,62
10/09/2013,BMI,IL,AGL,CE,Federal Contract Tower,8,16,15,2,41,0,0,43,2,45,8,16,58,4,86,4,0,4,90
10/10/2013,BMI,IL,AGL,CE,Federal Contract Tower,9,16,11,1,37,0,0,27,0,27,9,16,38,1,64,10,0,10,74
10/11/2013,BMI,IL,AGL,CE,Federal Contract Tower,11,17,13,0,41,0,0,28,0,28,11,17,41,0,69,14,0,14,83
10/12/2013,BMI,IL,AGL,CE,Federal Contract Tower,5,11,4,0,20,0,0,20,0,20,5,11,24,0,40,14,0,14,54
10/13/2013,BMI,IL,AGL,CE,Federal Contract Tower,6,19,5,0,30,0,0,36,0,36,6,19,41,0,66,4,0,4,70
10/14/2013,BMI,IL,AGL,CE,Federal Contract Tower,6,18,8,0,32,0,0,25,0,25,6,18,33,0,57,18,0,18,75
10/15/2013,BMI,IL,AGL,CE,Federal Contract Tower,6,15,11,0,32,0,0,0,0,0,6,15,11,0,32,0,0,0,32
10/16/2013,BMI,IL,AGL,CE,Federal Contract Tower,8,17,24,0,49,0,0,3,0,3,8,17,27,0,52,0,0,0,52
10/17/2013,BMI,IL,AGL,CE,Federal Contract Tower,8,18,10,0,36,0,0,7,0,7,8,18,17,0,43,16,0,16,59
10/18/2013,BMI,IL,AGL,CE,Federal Contract Tower,6,17,19,0,42,0,0,8,0,8,6,17,27,0,50,14,0,14,64
10/19/2013,BMI,IL,AGL,CE,Federal Contract Tower,5,15,7,0,27,0,0,11,0,11,5,15,18,0,38,2,0,2,40
10/20/2013,BMI,IL,AGL,CE,Federal Contract Tower,6,17,6,0,29,0,0,25,0,25,6,17,31,0,54,0,0,0,54
10/21/2013,BMI,IL,AGL,CE,Federal Contract Tower,6,16,12,0,34,0,0,14,0,14,6,16,26,0,48,20,0,20,68
10/22/2013,BMI,IL,AGL,CE,Federal Contract Tower,6,17,8,0,31,0,0,7,0,7,6,17,15,0,38,0,0,0,38
10/23/2013,BMI,IL,AGL,CE,Federal Contract Tower,7,18,19,0,44,0,0,10,0,10,7,18,29,0,54,0,0,0,54
10/24/2013,BMI,IL,AGL,CE,Federal Contract Tower,8,16,14,2,40,0,0,10,0,10,8,16,24,2,50,8,4,12,62
10/25/2013,BMI,IL,AGL,CE,Federal Contract Tower,9,16,6,1,32,0,0,30,0,30,9,16,36,1,62,8,0,8,70
10/26/2013,BMI,IL,AGL,CE,Federal Contract Tower,6,14,11,1,32,0,0,16,0,16,6,14,27,1,48,0,0,0,48
10/27/2013,BMI,IL,AGL,CE,Federal Contract Tower,7,16,6,0,29,0,0,40,0,40,7,16,46,0,69,32,0,32,101
10/28/2013,BMI,IL,AGL,CE,Federal Contract Tower,6,21,8,0,35,0,0,11,0,11,6,21,19,0,46,2,0,2,48
10/29/2013,BMI,IL,AGL,CE,Federal Contract Tower,6,15,17,1,39,0,0,10,0,10,6,15,27,1,49,16,0,16,65
10/30/2013,BMI,IL,AGL,CE,Federal Contract Tower,8,15,20,0,43,0,0,0,0,0,8,15,20,0,43,0,0,0,43
10/31/2013,BMI,IL,AGL,CE,Federal Contract Tower,8,15,15,0,38,0,0,0,0,0,8,15,15,0,38,0,0,0,38
11/01/2013,BMI,IL,AGL,CE,Federal Contract Tower,6,21,11,0,38,0,0,9,2,11,6,21,20,2,49,26,2,28,77
11/02/2013,BMI,IL,AGL,CE,Federal Contract Tower,6,11,15,0,32,0,0,21,0,21,6,11,36,0,53,12,0,12,65
11/03/2013,BMI,IL,AGL,CE,Federal Contract Tower,8,16,14,0,38,0,0,98,0,98,8,16,112,0,136,0,0,0,136
11/04/2013,BMI,IL,AGL,CE,Federal Contract Tower,7,15,10,0,32,0,0,1,0,1,7,15,11,0,33,0,0,0,33
11/05/2013,BMI,IL,AGL,CE,Federal Contract Tower,6,16,15,0,37,0,0,5,0,5,6,16,20,0,42,0,0,0,42
11/06/2013,BMI,IL,AGL,CE,Federal Contract Tower,8,18,18,5,49,0,0,2,0,2,8,18,20,5,51,4,0,4,55
11/07/2013,BMI,IL,AGL,CE,Federal Contract Tower,8,21,16,2,47,0,0,27,0,27,8,21,43,2,74,2,4,6,80
11/08/2013,BMI,IL,AGL,CE,Federal Contract Tower,10,18,13,0,41,0,0,36,0,36,10,18,49,0,77,4,0,4,81
11/09/2013,BMI,IL,AGL,CE,Federal Contract Tower,7,10,9,0,26,0,0,32,0,32,7,10,41,0,58,0,0,0,58
11/10/2013,BMI,IL,AGL,CE,Federal Contract Tower,9,18,18,0,45,0,0,38,0,38,9,18,56,0,83,26,0,26,109
11/11/2013,BMI,IL,AGL,CE,Federal Contract Tower,8,15,6,0,29,0,0,3,0,3,8,15,9,0,32,0,0,0,32
11/12/2013,BMI,IL,AGL,CE,Federal Contract Tower,6,17,11,1,35,0,0,16,0,16,6,17,27,1,51,6,0,6,57
11/13/2013,BMI,IL,AGL,CE,Federal Contract Tower,7,18,15,0,40,0,0,13,0,13,7,18,28,0,53,0,0,0,53
11/14/2013,BMI,IL,AGL,CE,Federal Contract Tower,11,16,18,0,45,0,0,14,0,14,11,16,32,0,59,8,0,8,67
11/15/2013,BMI,IL,AGL,CE,Federal Contract Tower,6,18,9,0,33,0,0,10,0,10,6,18,19,0,43,12,0,12,55
11/16/2013,BMI,IL,AGL,CE,Federal Contract Tower,7,11,6,0,24,0,0,0,0,0,7,11,6,0,24,0,0,0,24
11/17/2013,BMI,IL,AGL,CE,Federal Contract Tower,11,13,1,0,25,0,0,0,0,0,11,13,1,0,25,0,0,0,25
11/18/2013,BMI,IL,AGL,CE,Federal Contract Tower,7,14,11,0,32,0,0,25,0,25,7,14,36,0,57,6,0,6,63
11/19/2013,BMI,IL,AGL,CE,Federal Contract Tower,6,20,6,1,33,0,0,55,1,56,6,20,61,2,89,36,0,36,125
11/20/2013,BMI,IL,AGL,CE,Federal Contract Tower,7,16,22,0,45,0,0,20,0,20,7,16,42,0,65,0,0,0,65
11/21/2013,BMI,IL,AGL,CE,Federal Contract Tower,11,17,19,2,49,0,0,2,0,2,11,17,21,2,51,2,4,6,57
11/22/2013,BMI,IL,AGL,CE,Federal Contract Tower,8,19,8,0,35,0,0,2,0,2,8,19,10,0,37,0,0,0,37
11/23/2013,BMI,IL,AGL,CE,Federal Contract Tower,5,10,11,0,26,0,0,14,0,14,5,10,25,0,40,0,0,0,40
11/24/2013,BMI,IL,AGL,CE,Federal Contract Tower,11,12,5,0,28,0,0,68,0,68,11,12,73,0,96,22,0,22,118
11/25/2013,BMI,IL,AGL,CE,Federal Contract Tower,7,12,11,0,30,0,0,6,0,6,7,12,17,0,36,12,0,12,48
11/26/2013,BMI,IL,AGL,CE,Federal Contract Tower,6,15,5,0,26,0,0,22,0,22,6,15,27,0,48,0,0,0,48
11/27/2013,BMI,IL,AGL,CE,Federal Contract Tower,9,19,5,0,33,0,0,20,0,20,9,19,25,0,53,26,0,26,79
11/28/2013,BMI,IL,AGL,CE,Federal Contract Tower,7,8,1,0,16,0,0,9,0,9,7,8,10,0,25,4,0,4,29
11/29/2013,BMI,IL,AGL,CE,Federal Contract Tower,6,11,11,0,28,0,0,36,0,36,6,11,47,0,64,2,0,2,66
11/30/2013,BMI,IL,AGL,CE,Federal Contract Tower,5,18,8,0,31,0,0,34,0,34,5,18,42,0,65,4,0,4,69
12/01/2013,BMI,IL,AGL,CE,Federal Contract Tower,10,15,4,0,29,0,0,45,0,45,10,15,49,0,74,30,0,30,104
12/02/2013,BMI,IL,AGL,CE,Federal Contract Tower,7,16,8,0,31,0,0,3,0,3,7,16,11,0,34,0,0,0,34
12/03/2013,BMI,IL,AGL,CE,Federal Contract Tower,6,13,7,0,26,0,0,0,0,0,6,13,7,0,26,0,0,0,26
12/04/2013,BMI,IL,AGL,CE,Federal Contract Tower,7,12,15,0,34,0,0,1,0,1,7,12,16,0,35,0,0,0,35
12/05/2013,BMI,IL,AGL,CE,Federal Contract Tower,11,19,16,0,46,0,0,4,0,4,11,19,20,0,50,6,0,6,56
12/06/2013,BMI,IL,AGL,CE,Federal Contract Tower,7,13,18,0,38,0,0,5,0,5,7,13,23,0,43,12,0,12,55
12/07/2013,BMI,IL,AGL,CE,Federal Contract Tower,6,8,9,0,23,0,0,32,0,32,6,8,41,0,55,48,0,48,103
12/08/2013,BMI,IL,AGL,CE,Federal Contract Tower,9,12,4,0,25,0,0,0,0,0,9,12,4,0,25,0,0,0,25
12/09/2013,BMI,IL,AGL,CE,Federal Contract Tower,5,19,23,0,47,0,0,8,0,8,5,19,31,0,55,16,0,16,71
12/10/2013,BMI,IL,AGL,CE,Federal Contract Tower,6,15,19,0,40,0,0,18,0,18,6,15,37,0,58,16,0,16,74
12/11/2013,BMI,IL,AGL,CE,Federal Contract Tower,7,17,14,0,38,0,0,6,0,6,7,17,20,0,44,12,0,12,56
12/12/2013,BMI,IL,AGL,CE,Federal Contract Tower,13,19,13,0,45,0,0,10,0,10,13,19,23,0,55,24,0,24,79
12/13/2013,BMI,IL,AGL,CE,Federal Contract Tower,6,17,14,0,37,0,0,24,0,24,6,17,38,0,61,26,0,26,87
12/14/2013,BMI,IL,AGL,CE,Federal Contract Tower,6,7,5,0,18,0,0,0,0,0,6,7,5,0,18,0,0,0,18
12/15/2013,BMI,IL,AGL,CE,Federal Contract Tower,11,9,11,0,31,0,0,10,0,10,11,9,21,0,41,0,0,0,41
12/16/2013,BMI,IL,AGL,CE,Federal Contract Tower,7,12,6,0,25,0,0,0,0,0,7,12,6,0,25,0,0,0,25
12/17/2013,BMI,IL,AGL,CE,Federal Contract Tower,4,14,8,0,26,0,0,4,0,4,4,14,12,0,30,0,0,0,30
12/18/2013,BMI,IL,AGL,CE,Federal Contract Tower,7,16,16,2,41,0,0,24,0,24,7,16,40,2,65,8,0,8,73
12/19/2013,BMI,IL,AGL,CE,Federal Contract Tower,11,13,11,2,37,0,0,5,0,5,11,13,16,2,42,4,0,4,46
12/20/2013,BMI,IL,AGL,CE,Federal Contract Tower,6,11,9,0,26,0,0,0,0,0,6,11,9,0,26,0,0,0,26
12/21/2013,BMI,IL,AGL,CE,Federal Contract Tower,5,11,2,0,18,0,0,0,0,0,5,11,2,0,18,0,0,0,18
12/22/2013,BMI,IL,AGL,CE,Federal Contract Tower,10,15,1,0,26,0,0,0,0,0,10,15,1,0,26,0,0,0,26
12/23/2013,BMI,IL,AGL,CE,Federal Contract Tower,7,14,5,0,26,0,0,8,0,8,7,14,13,0,34,28,0,28,62
12/24/2013,BMI,IL,AGL,CE,Federal Contract Tower,6,13,1,0,20,0,0,2,0,2,6,13,3,0,22,0,0,0,22
12/25/2013,BMI,IL,AGL,CE,Federal Contract Tower,5,10,0,0,15,0,0,0,0,0,5,10,0,0,15,0,0,0,15
12/26/2013,BMI,IL,AGL,CE,Federal Contract Tower,8,14,9,0,31,0,0,16,0,16,8,14,25,0,47,16,0,16,63
12/27/2013,BMI,IL,AGL,CE,Federal Contract Tower,10,13,7,0,30,0,0,23,0,23,10,13,30,0,53,26,0,26,79
12/28/2013,BMI,IL,AGL,CE,Federal Contract Tower,6,14,6,0,26,0,0,47,0,47,6,14,53,0,73,12,0,12,85
12/29/2013,BMI,IL,AGL,CE,Federal Contract Tower,9,10,2,0,21,0,0,0,0,0,9,10,2,0,21,0,0,0,21
12/30/2013,BMI,IL,AGL,CE,Federal Contract Tower,8,15,1,0,24,0,0,7,0,7,8,15,8,0,31,2,0,2,33
12/31/2013,BMI,IL,AGL,CE,Federal Contract Tower,8,11,0,0,19,0,0,11,0,11,8,11,11,0,30,4,0,4,34
01/01/2014,BMI,IL,AGL,CE,Federal Contract Tower,5,15,7,0,27,0,0,2,0,2,5,15,9,0,29,0,0,0,29
01/02/2014,BMI,IL,AGL,CE,Federal Contract Tower,11,12,6,0,29,0,0,0,0,0,11,12,6,0,29,0,0,0,29
01/03/2014,BMI,IL,AGL,CE,Federal Contract Tower,8,14,2,0,24,0,0,7,0,7,8,14,9,0,31,14,0,14,45
01/04/2014,BMI,IL,AGL,CE,Federal Contract Tower,9,10,6,0,25,0,0,3,0,3,9,10,9,0,28,0,0,0,28
01/05/2014,BMI,IL,AGL,CE,Federal Contract Tower,2,3,0,0,5,0,0,0,0,0,2,3,0,0,5,0,0,0,5
01/06/2014,BMI,IL,AGL,CE,Federal Contract Tower,0,7,4,0,11,0,0,0,0,0,0,7,4,0,11,0,0,0,11
01/07/2014,BMI,IL,AGL,CE,Federal Contract Tower,2,8,2,0,12,0,1,2,0,3,2,9,4,0,15,0,0,0,15
01/08/2014,BMI,IL,AGL,CE,Federal Contract Tower,6,13,18,0,37,0,0,7,0,7,6,13,25,0,44,30,0,30,74
01/09/2014,BMI,IL,AGL,CE,Federal Contract Tower,11,18,10,2,41,0,0,0,0,0,11,18,10,2,41,0,4,4,45
01/10/2014,BMI,IL,AGL,CE,Federal Contract Tower,7,11,3,0,21,0,0,0,0,0,7,11,3,0,21,0,0,0,21
01/11/2014,BMI,IL,AGL,CE,Federal Contract Tower,5,6,6,0,17,0,0,2,0,2,5,6,8,0,19,8,0,8,27
01/12/2014,BMI,IL,AGL,CE,Federal Contract Tower,10,14,13,0,37,0,0,22,0,22,10,14,35,0,59,10,0,10,69
01/13/2014,BMI,IL,AGL,CE,Federal Contract Tower,8,14,13,0,35,0,0,19,0,19,8,14,32,0,54,10,0,10,64
01/14/2014,BMI,IL,AGL,CE,Federal Contract Tower,6,12,8,0,26,0,0,0,0,0,6,12,8,0,26,0,0,0,26
01/15/2014,BMI,IL,AGL,CE,Federal Contract Tower,6,15,16,2,39,0,0,12,0,12,6,15,28,2,51,62,2,64,115
01/16/2014,BMI,IL,AGL,CE,Federal Contract Tower,11,14,8,0,33,0,0,5,0,5,11,14,13,0,38,0,0,0,38
01/17/2014,BMI,IL,AGL,CE,Federal Contract Tower,7,17,11,0,35,0,0,2,0,2,7,17,13,0,37,0,0,0,37
01/18/2014,BMI,IL,AGL,CE,Federal Contract Tower,5,7,3,0,15,0,0,0,0,0,5,7,3,0,15,0,0,0,15
01/19/2014,BMI,IL,AGL,CE,Federal Contract Tower,11,13,8,0,32,0,0,18,0,18,11,13,26,0,50,2,0,2,52
01/20/2014,BMI,IL,AGL,CE,Federal Contract Tower,6,13,18,0,37,0,0,23,0,23,6,13,41,0,60,50,0,50,110
01/21/2014,BMI,IL,AGL,CE,Federal Contract Tower,6,15,11,0,32,0,0,6,0,6,6,15,17,0,38,4,0,4,42
01/22/2014,BMI,IL,AGL,CE,Federal Contract Tower,6,15,6,2,29,0,0,6,1,7,6,15,12,3,36,0,0,0,36
01/23/2014,BMI,IL,AGL,CE,Federal Contract Tower,10,16,10,0,36,0,0,0,0,0,10,16,10,0,36,0,0,0,36
01/24/2014,BMI,IL,AGL,CE,Federal Contract Tower,7,16,11,7,41,0,0,0,0,0,7,16,11,7,41,10,0,10,51
01/25/2014,BMI,IL,AGL,CE,Federal Contract Tower,4,6,0,0,10,0,0,5,0,5,4,6,5,0,15,0,0,0,15
01/26/2014,BMI,IL,AGL,CE,Federal Contract Tower,10,12,3,0,25,0,0,8,0,8,10,12,11,0,33,8,0,8,41
01/27/2014,BMI,IL,AGL,CE,Federal Contract Tower,7,13,7,0,27,0,0,6,0,6,7,13,13,0,33,0,0,0,33
01/28/2014,BMI,IL,AGL,CE,Federal Contract Tower,3,15,9,0,27,0,2,5,0,7,3,17,14,0,34,4,0,4,38
01/29/2014,BMI,IL,AGL,CE,Federal Contract Tower,1,16,14,0,31,0,0,35,0,35,1,16,49,0,66,14,0,14,80
01/30/2014,BMI,IL,AGL,CE,Federal Contract Tower,9,14,8,0,31,0,0,0,0,0,9,14,8,0,31,0,0,0,31
01/31/2014,BMI,IL,AGL,CE,Federal Contract Tower,7,14,8,0,29,0,0,0,0,0,7,14,8,0,29,0,0,0,29
02/01/2014,BMI,IL,AGL,CE,Federal Contract Tower,2,8,2,0,12,0,0,0,0,0,2,8,2,0,12,0,0,0,12
02/02/2014,BMI,IL,AGL,CE,Federal Contract Tower,9,7,3,0,19,0,0,11,0,11,9,7,14,0,30,0,0,0,30
02/03/2014,BMI,IL,AGL,CE,Federal Contract Tower,8,16,15,0,39,0,0,4,0,4,8,16,19,0,43,8,0,8,51
02/04/2014,BMI,IL,AGL,CE,Federal Contract Tower,5,10,5,0,20,0,0,0,0,0,5,10,5,0,20,0,0,0,20
02/05/2014,BMI,IL,AGL,CE,Federal Contract Tower,1,4,8,0,13,0,0,5,0,5,1,4,13,0,18,0,0,0,18
02/06/2014,BMI,IL,AGL,CE,Federal Contract Tower,9,15,13,0,37,0,0,5,0,5,9,15,18,0,42,2,0,2,44
02/07/2014,BMI,IL,AGL,CE,Federal Contract Tower,8,16,10,0,34,0,0,14,0,14,8,16,24,0,48,48,0,48,96
02/08/2014,BMI,IL,AGL,CE,Federal Contract Tower,4,7,0,0,11,0,0,6,0,6,4,7,6,0,17,26,0,26,43
02/09/2014,BMI,IL,AGL,CE,Federal Contract Tower,11,14,6,0,31,0,0,17,0,17,11,14,23,0,48,6,0,6,54
02/10/2014,BMI,IL,AGL,CE,Federal Contract Tower,7,17,7,0,31,0,0,16,6,22,7,17,23,6,53,16,0,16,69
02/11/2014,BMI,IL,AGL,CE,Federal Contract Tower,2,16,5,0,23,0,0,8,0,8,2,16,13,0,31,0,0,0,31
02/12/2014,BMI,IL,AGL,CE,Federal Contract Tower,2,17,23,3,45,0,0,17,0,17,2,17,40,3,62,2,0,2,64
02/13/2014,BMI,IL,AGL,CE,Federal Contract Tower,7,18,11,4,40,0,0,14,1,15,7,18,25,5,55,18,0,18,73
02/14/2014,BMI,IL,AGL,CE,Federal Contract Tower,4,16,7,0,27,0,0,0,0,0,4,16,7,0,27,0,0,0,27
02/15/2014,BMI,IL,AGL,CE,Federal Contract Tower,4,8,6,0,18,0,0,4,0,4,4,8,10,0,22,2,0,2,24
02/16/2014,BMI,IL,AGL,CE,Federal Contract Tower,10,14,6,0,30,0,0,12,0,12,10,14,18,0,42,12,0,12,54
02/17/2014,BMI,IL,AGL,CE,Federal Contract Tower,7,15,3,0,25,0,0,0,0,0,7,15,3,0,25,0,0,0,25
02/18/2014,BMI,IL,AGL,CE,Federal Contract Tower,5,14,2,2,23,0,0,0,0,0,5,14,2,2,23,0,0,0,23
02/19/2014,BMI,IL,AGL,CE,Federal Contract Tower,7,17,7,0,31,0,0,24,0,24,7,17,31,0,55,16,0,16,71
02/20/2014,BMI,IL,AGL,CE,Federal Contract Tower,8,11,8,0,27,0,0,0,0,0,8,11,8,0,27,0,0,0,27
02/21/2014,BMI,IL,AGL,CE,Federal Contract Tower,7,15,20,0,42,0,0,2,0,2,7,15,22,0,44,0,0,0,44
02/22/2014,BMI,IL,AGL,CE,Federal Contract Tower,4,8,8,0,20,0,0,42,0,42,4,8,50,0,62,42,0,42,104
02/23/2014,BMI,IL,AGL,CE,Federal Contract Tower,11,15,10,0,36,0,0,33,4,37,11,15,43,4,73,6,0,6,79
02/24/2014,BMI,IL,AGL,CE,Federal Contract Tower,8,18,7,0,33,0,0,3,2,5,8,18,10,2,38,0,0,0,38
02/25/2014,BMI,IL,AGL,CE,Federal Contract Tower,6,14,11,2,33,0,0,6,2,8,6,14,17,4,41,8,0,8,49
02/26/2014,BMI,IL,AGL,CE,Federal Contract Tower,7,19,9,1,36,0,0,17,0,17,7,19,26,1,53,2,0,2,55
02/27/2014,BMI,IL,AGL,CE,Federal Contract Tower,11,18,14,0,43,0,0,8,0,8,11,18,22,0,51,4,0,4,55
02/28/2014,BMI,IL,AGL,CE,Federal Contract Tower,7,19,14,1,41,0,0,12,0,12,7,19,26,1,53,18,0,18,71
03/01/2014,BMI,IL,AGL,CE,Federal Contract Tower,4,7,3,0,14,0,0,8,0,8,4,7,11,0,22,36,0,36,58
03/02/2014,BMI,IL,AGL,CE,Federal Contract Tower,8,14,0,0,22,0,0,0,0,0,8,14,0,0,22,0,0,0,22
03/03/2014,BMI,IL,AGL,CE,Federal Contract Tower,11,13,7,0,31,0,0,4,0,4,11,13,11,0,35,0,0,0,35
03/04/2014,BMI,IL,AGL,CE,Federal Contract Tower,5,14,6,0,25,0,0,14,0,14,5,14,20,0,39,4,0,4,43
03/05/2014,BMI,IL,AGL,CE,Federal Contract Tower,7,15,8,2,32,0,0,5,0,5,7,15,13,2,37,0,0,0,37
03/06/2014,BMI,IL,AGL,CE,Federal Contract Tower,10,18,10,2,40,0,0,23,0,23,10,18,33,2,63,18,0,18,81
03/07/2014,BMI,IL,AGL,CE,Federal Contract Tower,8,16,4,0,28,0,0,26,0,26,8,16,30,0,54,12,0,12,66
03/08/2014,BMI,IL,AGL,CE,Federal Contract Tower,4,8,5,0,17,0,0,2,0,2,4,8,7,0,19,0,0,0,19
03/09/2014,BMI,IL,AGL,CE,Federal Contract Tower,9,16,19,0,44,0,0,52,0,52,9,16,71,0,96,32,0,32,128
03/10/2014,BMI,IL,AGL,CE,Federal Contract Tower,7,14,13,2,36,0,0,17,0,17,7,14,30,2,53,6,0,6,59
03/11/2014,BMI,IL,AGL,CE,Federal Contract Tower,5,15,9,0,29,0,0,15,0,15,5,15,24,0,44,10,0,10,54
03/12/2014,BMI,IL,AGL,CE,Federal Contract Tower,7,16,1,0,24,0,0,0,0,0,7,16,1,0,24,0,0,0,24
03/13/2014,BMI,IL,AGL,CE,Federal Contract Tower,11,20,20,0,51,0,0,14,0,14,11,20,34,0,65,4,0,4,69
03/14/2014,BMI,IL,AGL,CE,Federal Contract Tower,8,18,3,0,29,0,0,11,0,11,8,18,14,0,40,10,2,12,52
03/15/2014,BMI,IL,AGL,CE,Federal Contract Tower,3,9,12,0,24,0,0,40,0,40,3,9,52,0,64,26,0,26,90
03/16/2014,BMI,IL,AGL,CE,Federal Contract Tower,9,16,3,0,28,0,0,10,0,10,9,16,13,0,38,10,0,10,48
03/17/2014,BMI,IL,AGL,CE,Federal Contract Tower,7,18,10,0,35,0,0,32,0,32,7,18,42,0,67,38,0,38,105
03/18/2014,BMI,IL,AGL,CE,Federal Contract Tower,7,16,6,2,31,0,0,21,0,21,7,16,27,2,52,12,0,12,64
03/19/2014,BMI,IL,AGL,CE,Federal Contract Tower,7,15,16,0,38,0,0,0,0,0,7,15,16,0,38,0,0,0,38
03/20/2014,BMI,IL,AGL,CE,Federal Contract Tower,11,20,27,4,62,0,0,32,0,32,11,20,59,4,94,4,0,4,98
03/21/2014,BMI,IL,AGL,CE,Federal Contract Tower,6,18,13,0,37,0,0,24,0,24,6,18,37,0,61,30,0,30,91
03/22/2014,BMI,IL,AGL,CE,Federal Contract Tower,4,12,9,0,25,0,0,31,1,32,4,12,40,1,57,6,0,6,63
03/23/2014,BMI,IL,AGL,CE,Federal Contract Tower,9,17,5,0,31,0,0,45,0,45,9,17,50,0,76,22,0,22,98
03/24/2014,BMI,IL,AGL,CE,Federal Contract Tower,8,19,8,0,35,0,0,18,0,18,8,19,26,0,53,4,0,4,57
03/25/2014,BMI,IL,AGL,CE,Federal Contract Tower,5,16,3,0,24,0,0,4,0,4,5,16,7,0,28,0,8,8,36
03/26/2014,BMI,IL,AGL,CE,Federal Contract Tower,7,18,12,0,37,0,0,15,0,15,7,18,27,0,52,8,2,10,62
03/27/2014,BMI,IL,AGL,CE,Federal Contract Tower,10,15,21,0,46,0,0,0,0,0,10,15,21,0,46,0,0,0,46
03/28/2014,BMI,IL,AGL,CE,Federal Contract Tower,7,18,18,0,43,0,0,2,0,2,7,18,20,0,45,16,0,16,61
03/29/2014,BMI,IL,AGL,CE,Federal Contract Tower,4,7,15,0,26,0,0,17,6,23,4,7,32,6,49,0,0,0,49
03/30/2014,BMI,IL,AGL,CE,Federal Contract Tower,6,15,11,0,32,0,0,54,0,54,6,15,65,0,86,46,0,46,132
03/31/2014,BMI,IL,AGL,CE,Federal Contract Tower,8,16,2,0,26,0,0,2,0,2,8,16,4,0,28,6,0,6,34
04/01/2014,BMI,IL,AGL,CE,Federal Contract Tower,4,15,6,0,25,0,0,15,0,15,4,15,21,0,40,10,0,10,50
04/02/2014,BMI,IL,AGL,CE,Federal Contract Tower,5,16,14,1,36,0,0,10,0,10,5,16,24,1,46,0,0,0,46
04/03/2014,BMI,IL,AGL,CE,Federal Contract Tower,7,12,8,2,29,0,0,0,0,0,7,12,8,2,29,0,0,0,29
04/04/2014,BMI,IL,AGL,CE,Federal Contract Tower,10,18,6,2,36,0,0,0,0,0,10,18,6,2,36,0,0,0,36
04/05/2014,BMI,IL,AGL,CE,Federal Contract Tower,3,11,13,0,27,0,0,76,0,76,3,11,89,0,103,36,0,36,139
04/06/2014,BMI,IL,AGL,CE,Federal Contract Tower,10,12,14,0,36,0,0,104,0,104,10,12,118,0,140,62,0,62,202
04/07/2014,BMI,IL,AGL,CE,Federal Contract Tower,7,16,11,0,34,0,0,7,4,11,7,16,18,4,45,0,16,16,61
04/08/2014,BMI,IL,AGL,CE,Federal Contract Tower,6,15,12,1,34,0,0,18,2,20,6,15,30,3,54,6,2,8,62
04/09/2014,BMI,IL,AGL,CE,Federal Contract Tower,4,19,11,0,34,0,0,48,0,48,4,19,59,0,82,28,0,28,110
04/10/2014,BMI,IL,AGL,CE,Federal Contract Tower,11,22,16,0,49,0,0,11,0,11,11,22,27,0,60,32,0,32,92
04/11/2014,BMI,IL,AGL,CE,Federal Contract Tower,8,21,15,1,45,0,0,29,0,29,8,21,44,1,74,32,0,32,106
04/12/2014,BMI,IL,AGL,CE,Federal Contract Tower,4,7,1,0,12,0,0,29,0,29,4,7,30,0,41,18,0,18,59
04/13/2014,BMI,IL,AGL,CE,Federal Contract Tower,9,14,3,0,26,0,0,4,0,4,9,14,7,0,30,38,0,38,68
04/14/2014,BMI,IL,AGL,CE,Federal Contract Tower,7,15,5,0,27,0,0,0,0,0,7,15,5,0,27,0,0,0,27
04/15/2014,BMI,IL,AGL,CE,Federal Contract Tower,4,15,13,0,32,0,0,21,0,21,4,15,34,0,53,0,10,10,63
04/16/2014,BMI,IL,AGL,CE,Federal Contract Tower,5,18,9,0,32,0,0,5,0,5,5,18,14,0,37,0,2,2,39
04/17/2014,BMI,IL,AGL,CE,Federal Contract Tower,11,17,15,2,45,0,0,31,0,31,11,17,46,2,76,28,2,30,106
04/18/2014,BMI,IL,AGL,CE,Federal Contract Tower,7,16,10,0,33,0,1,31,0,32,7,17,41,0,65,16,0,16,81
04/19/2014,BMI,IL,AGL,CE,Federal Contract Tower,5,7,3,0,15,0,0,57,0,57,5,7,60,0,72,34,0,34,106
04/20/2014,BMI,IL,AGL,CE,Federal Contract Tower,13,13,5,0,31,0,0,19,0,19,13,13,24,0,50,6,0,6,56
04/21/2014,BMI,IL,AGL,CE,Federal Contract Tower,6,17,3,0,26,0,0,15,0,15,6,17,18,0,41,22,0,22,63
04/22/2014,BMI,IL,AGL,CE,Federal Contract Tower,5,16,13,0,34,0,0,20,0,20,5,16,33,0,54,4,0,4,58
04/23/2014,BMI,IL,AGL,CE,Federal Contract Tower,7,19,11,0,37,0,0,28,0,28,7,19,39,0,65,10,0,10,75
04/24/2014,BMI,IL,AGL,CE,Federal Contract Tower,10,16,12,0,38,0,0,2,2,4,10,16,14,2,42,4,0,4,46
04/25/2014,BMI,IL,AGL,CE,Federal Contract Tower,6,17,12,0,35,0,1,26,1,28,6,18,38,1,63,58,0,58,121
04/26/2014,BMI,IL,AGL,CE,Federal Contract Tower,4,6,10,0,20,0,0,44,0,44,4,6,54,0,64,6,0,6,70
04/27/2014,BMI,IL,AGL,CE,Federal Contract Tower,10,13,6,0,29,0,0,4,0,4,10,13,10,0,33,6,0,6,39
04/28/2014,BMI,IL,AGL,CE,Federal Contract Tower,6,15,2,0,23,0,0,2,0,2,6,15,4,0,25,0,0,0,25
04/29/2014,BMI,IL,AGL,CE,Federal Contract Tower,5,15,6,0,26,0,0,11,0,11,5,15,17,0,37,6,0,6,43
04/30/2014,BMI,IL,AGL,CE,Federal Contract Tower,4,21,12,0,37,0,0,3,0,3,4,21,15,0,40,0,0,0,40
05/01/2014,BMI,IL,AGL,CE,Federal Contract Tower,10,14,16,2,42,0,0,2,0,2,10,14,18,2,44,0,0,0,44
05/02/2014,BMI,IL,AGL,CE,Federal Contract Tower,7,16,18,0,41,0,0,13,0,13,7,16,31,0,54,16,0,16,70
05/03/2014,BMI,IL,AGL,CE,Federal Contract Tower,4,8,7,0,19,0,0,48,2,50,4,8,55,2,69,34,2,36,105
05/04/2014,BMI,IL,AGL,CE,Federal Contract Tower,9,15,15,0,39,0,0,41,0,41,9,15,56,0,80,24,0,24,104
05/05/2014,BMI,IL,AGL,CE,Federal Contract Tower,7,17,14,0,38,0,0,19,0,19,7,17,33,0,57,2,0,2,59
05/06/2014,BMI,IL,AGL,CE,Federal Contract Tower,6,19,16,2,43,0,0,27,0,27,6,19,43,2,70,0,2,2,72
05/07/2014,BMI,IL,AGL,CE,Federal Contract Tower,8,16,14,0,38,0,0,15,0,15,8,16,29,0,53,6,0,6,59
05/08/2014,BMI,IL,AGL,CE,Federal Contract Tower,10,12,8,0,30,0,0,7,1,8,10,12,15,1,38,8,0,8,46
05/09/2014,BMI,IL,AGL,CE,Federal Contract Tower,7,15,7,0,29,0,0,3,0,3,7,15,10,0,32,4,0,4,36
05/10/2014,BMI,IL,AGL,CE,Federal Contract Tower,4,9,13,0,26,0,0,77,0,77,4,9,90,0,103,52,0,52,155
05/11/2014,BMI,IL,AGL,CE,Federal Contract Tower,11,15,5,0,31,0,0,12,0,12,11,15,17,0,43,4,0,4,47
05/12/2014,BMI,IL,AGL,CE,Federal Contract Tower,7,15,14,0,36,0,0,12,0,12,7,15,26,0,48,6,0,6,54
05/13/2014,BMI,IL,AGL,CE,Federal Contract Tower,5,19,23,1,48,0,0,0,0,0,5,19,23,1,48,0,0,0,48
05/14/2014,BMI,IL,AGL,CE,Federal Contract Tower,7,19,22,3,51,0,0,5,1,6,7,19,27,4,57,0,0,0,57
05/15/2014,BMI,IL,AGL,CE,Federal Contract Tower,11,17,19,0,47,0,0,5,1,6,11,17,24,1,53,4,0,4,57
05/16/2014,BMI,IL,AGL,CE,Federal Contract Tower,8,22,9,1,40,0,0,3,0,3,8,22,12,1,43,10,2,12,55
05/17/2014,BMI,IL,AGL,CE,Federal Contract Tower,5,11,12,0,28,0,0,58,0,58,5,11,70,0,86,72,0,72,158
05/18/2014,BMI,IL,AGL,CE,Federal Contract Tower,10,14,11,0,35,0,0,56,0,56,10,14,67,0,91,56,0,56,147
05/19/2014,BMI,IL,AGL,CE,Federal Contract Tower,7,19,12,0,38,0,0,13,0,13,7,19,25,0,51,12,0,12,63
05/20/2014,BMI,IL,AGL,CE,Federal Contract Tower,5,18,11,2,36,0,0,13,0,13,5,18,24,2,49,32,0,32,81
05/21/2014,BMI,IL,AGL,CE,Federal Contract Tower,6,16,11,0,33,0,0,15,2,17,6,16,26,2,50,22,0,22,72
05/22/2014,BMI,IL,AGL,CE,Federal Contract Tower,9,17,9,0,35,0,0,31,6,37,9,17,40,6,72,22,0,22,94
05/23/2014,BMI,IL,AGL,CE,Federal Contract Tower,7,18,23,0,48,0,0,26,0,26,7,18,49,0,74,24,0,24,98
05/24/2014,BMI,IL,AGL,CE,Federal Contract Tower,5,9,4,0,18,0,0,45,0,45,5,9,49,0,63,64,0,64,127
05/25/2014,BMI,IL,AGL,CE,Federal Contract Tower,10,12,2,0,24,0,0,33,0,33,10,12,35,0,57,18,0,18,75
05/26/2014,BMI,IL,AGL,CE,Federal Contract Tower,7,17,11,0,35,0,0,18,0,18,7,17,29,0,53,10,0,10,63
05/27/2014,BMI,IL,AGL,CE,Federal Contract Tower,9,17,12,1,39,0,5,14,0,19,9,22,26,1,58,8,0,8,66
05/28/2014,BMI,IL,AGL,CE,Federal Contract Tower,8,16,19,2,45,0,0,21,0,21,8,16,40,2,66,18,0,18,84
05/29/2014,BMI,IL,AGL,CE,Federal Contract Tower,11,18,12,0,41,0,0,16,0,16,11,18,28,0,57,18,0,18,75
05/30/2014,BMI,IL,AGL,CE,Federal Contract Tower,7,16,23,0,46,0,1,54,0,55,7,17,77,0,101,32,0,32,133
05/31/2014,BMI,IL,AGL,CE,Federal Contract Tower,5,9,7,0,21,0,0,37,0,37,5,9,44,0,58,44,0,44,102
06/01/2014,BMI,IL,AGL,CE,Federal Contract Tower,10,14,12,0,36,0,0,28,0,28,10,14,40,0,64,6,0,6,70
06/02/2014,BMI,IL,AGL,CE,Federal Contract Tower,7,18,12,0,37,0,0,7,0,7,7,18,19,0,44,2,12,14,58
06/03/2014,BMI,IL,AGL,CE,Federal Contract Tower,6,18,12,3,39,0,0,41,2,43,6,18,53,5,82,38,2,40,122
06/04/2014,BMI,IL,AGL,CE,Federal Contract Tower,6,18,14,1,39,0,0,2,0,2,6,18,16,1,41,0,0,0,41
06/05/2014,BMI,IL,AGL,CE,Federal Contract Tower,9,19,18,0,46,0,0,40,0,40,9,19,58,0,86,58,0,58,144
06/06/2014,BMI,IL,AGL,CE,Federal Contract Tower,9,22,17,3,51,0,0,37,1,38,9,22,54,4,89,4,4,8,97
06/07/2014,BMI,IL,AGL,CE,Federal Contract Tower,2,15,6,2,25,0,0,24,0,24,2,15,30,2,49,0,0,0,49
06/08/2014,BMI,IL,AGL,CE,Federal Contract Tower,8,15,11,0,34,0,0,21,0,21,8,15,32,0,55,22,0,22,77
06/09/2014,BMI,IL,AGL,CE,Federal Contract Tower,8,14,18,0,40,0,0,34,0,34,8,14,52,0,74,36,0,36,110
06/10/2014,BMI,IL,AGL,CE,Federal Contract Tower,5,16,15,0,36,0,0,0,0,0,5,16,15,0,36,0,0,0,36
06/11/2014,BMI,IL,AGL,CE,Federal Contract Tower,8,17,16,4,45,0,0,3,0,3,8,17,19,4,48,0,0,0,48
06/12/2014,BMI,IL,AGL,CE,Federal Contract Tower,11,15,20,1,47,0,0,21,0,21,11,15,41,1,68,34,0,34,102
06/13/2014,BMI,IL,AGL,CE,Federal Contract Tower,3,20,17,0,40,0,0,32,0,32,3,20,49,0,72,54,0,54,126
06/14/2014,BMI,IL,AGL,CE,Federal Contract Tower,2,18,6,0,26,0,0,27,0,27,2,18,33,0,53,22,0,22,75
06/15/2014,BMI,IL,AGL,CE,Federal Contract Tower,8,12,5,0,25,0,0,10,0,10,8,12,15,0,35,8,0,8,43
06/16/2014,BMI,IL,AGL,CE,Federal Contract Tower,6,14,15,0,35,0,0,22,0,22,6,14,37,0,57,50,0,50,107
06/17/2014,BMI,IL,AGL,CE,Federal Contract Tower,7,18,19,0,44,0,0,12,1,13,7,18,31,1,57,26,2,28,85
06/18/2014,BMI,IL,AGL,CE,Federal Contract Tower,6,13,15,0,34,0,0,18,0,18,6,13,33,0,52,2,0,2,54
06/19/2014,BMI,IL,AGL,CE,Federal Contract Tower,10,13,28,0,51,0,0,21,0,21,10,13,49,0,72,36,0,36,108
06/20/2014,BMI,IL,AGL,CE,Federal Contract Tower,6,15,26,2,49,0,0,14,0,14,6,15,40,2,63,6,0,6,69
06/21/2014,BMI,IL,AGL,CE,Federal Contract Tower,3,17,10,0,30,0,0,40,0,40,3,17,50,0,70,4,0,4,74
06/22/2014,BMI,IL,AGL,CE,Federal Contract Tower,9,15,15,0,39,0,0,36,0,36,9,15,51,0,75,74,0,74,149
06/23/2014,BMI,IL,AGL,CE,Federal Contract Tower,6,17,12,0,35,0,0,18,0,18,6,17,30,0,53,38,0,38,91
06/24/2014,BMI,IL,AGL,CE,Federal Contract Tower,7,16,21,0,44,0,0,19,0,19,7,16,40,0,63,32,0,32,95
06/25/2014,BMI,IL,AGL,CE,Federal Contract Tower,6,16,14,0,36,0,0,36,0,36,6,16,50,0,72,66,4,70,142
06/26/2014,BMI,IL,AGL,CE,Federal Contract Tower,9,15,15,0,39,0,0,21,0,21,9,15,36,0,60,38,0,38,98
06/27/2014,BMI,IL,AGL,CE,Federal Contract Tower,5,17,18,0,40,0,0,26,0,26,5,17,44,0,66,48,0,48,114
06/28/2014,BMI,IL,AGL,CE,Federal Contract Tower,4,11,5,0,20,0,0,14,0,14,4,11,19,0,34,44,0,44,78
06/29/2014,BMI,IL,AGL,CE,Federal Contract Tower,10,14,12,0,36,0,0,16,0,16,10,14,28,0,52,16,0,16,68
06/30/2014,BMI,IL,AGL,CE,Federal Contract Tower,4,14,8,0,26,0,0,0,0,0,4,14,8,0,26,0,0,0,26
07/01/2014,BMI,IL,AGL,CE,Federal Contract Tower,6,16,11,0,33,0,0,36,0,36,6,16,47,0,69,64,0,64,133
07/02/2014,BMI,IL,AGL,CE,Federal Contract Tower,5,20,9,0,34,0,0,25,0,25,5,20,34,0,59,8,0,8,67
07/03/2014,BMI,IL,AGL,CE,Federal Contract Tower,7,12,11,2,32,0,0,36,1,37,7,12,47,3,69,40,12,52,121
07/04/2014,BMI,IL,AGL,CE,Federal Contract Tower,3,6,8,0,17,0,0,48,0,48,3,6,56,0,65,34,0,34,99
07/05/2014,BMI,IL,AGL,CE,Federal Contract Tower,6,9,6,0,21,0,0,32,0,32,6,9,38,0,53,20,0,20,73
07/06/2014,BMI,IL,AGL,CE,Federal Contract Tower,10,16,8,0,34,0,0,31,0,31,10,16,39,0,65,46,0,46,111
07/07/2014,BMI,IL,AGL,CE,Federal Contract Tower,6,17,9,0,32,0,0,18,0,18,6,17,27,0,50,58,0,58,108
07/08/2014,BMI,IL,AGL,CE,Federal Contract Tower,9,17,15,0,41,0,0,16,0,16,9,17,31,0,57,36,0,36,93
07/09/2014,BMI,IL,AGL,CE,Federal Contract Tower,6,17,10,0,33,0,0,37,0,37,6,17,47,0,70,18,0,18,88
07/10/2014,BMI,IL,AGL,CE,Federal Contract Tower,10,21,16,0,47,0,0,59,0,59,10,21,75,0,106,46,0,46,152
07/11/2014,BMI,IL,AGL,CE,Federal Contract Tower,5,15,18,0,38,0,0,40,0,40,5,15,58,0,78,32,0,32,110
07/12/2014,BMI,IL,AGL,CE,Federal Contract Tower,4,12,6,0,22,0,0,13,0,13,4,12,19,0,35,32,0,32,67
07/13/2014,BMI,IL,AGL,CE,Federal Contract Tower,9,16,5,0,30,0,0,29,0,29,9,16,34,0,59,38,0,38,97
07/14/2014,BMI,IL,AGL,CE,Federal Contract Tower,6,18,18,0,42,0,0,26,0,26,6,18,44,0,68,26,0,26,94
07/15/2014,BMI,IL,AGL,CE,Federal Contract Tower,6,15,9,0,30,0,0,26,0,26,6,15,35,0,56,50,0,50,106
07/16/2014,BMI,IL,AGL,CE,Federal Contract Tower,6,17,12,0,35,0,0,59,0,59,6,17,71,0,94,62,0,62,156
07/17/2014,BMI,IL,AGL,CE,Federal Contract Tower,9,15,24,0,48,0,0,63,0,63,9,15,87,0,111,70,0,70,181
07/18/2014,BMI,IL,AGL,CE,Federal Contract Tower,6,15,17,0,38,0,2,64,0,66,6,17,81,0,104,82,0,82,186
07/19/2014,BMI,IL,AGL,CE,Federal Contract Tower,4,10,4,0,18,0,0,63,0,63,4,10,67,0,81,42,0,42,123
07/20/2014,BMI,IL,AGL,CE,Federal Contract Tower,9,16,16,0,41,0,0,39,0,39,9,16,55,0,80,48,0,48,128
07/21/2014,BMI,IL,AGL,CE,Federal Contract Tower,5,17,13,0,35,0,0,36,0,36,5,17,49,0,71,12,0,12,83
07/22/2014,BMI,IL,AGL,CE,Federal Contract Tower,5,19,14,0,38,0,0,37,0,37,5,19,51,0,75,28,0,28,103
07/23/2014,BMI,IL,AGL,CE,Federal Contract Tower,4,21,5,0,30,0,0,28,0,28,4,21,33,0,58,68,0,68,126
07/24/2014,BMI,IL,AGL,CE,Federal Contract Tower,8,22,22,0,52,0,0,63,0,63,8,22,85,0,115,60,0,60,175
07/25/2014,BMI,IL,AGL,CE,Federal Contract Tower,6,17,11,1,35,0,0,9,0,9,6,17,20,1,44,24,0,24,68
07/26/2014,BMI,IL,AGL,CE,Federal Contract Tower,4,14,15,0,33,0,0,15,0,15,4,14,30,0,48,30,0,30,78
07/27/2014,BMI,IL,AGL,CE,Federal Contract Tower,9,12,7,0,28,0,0,11,0,11,9,12,18,0,39,0,0,0,39
07/28/2014,BMI,IL,AGL,CE,Federal Contract Tower,4,19,7,10,40,0,0,29,2,31,4,19,36,12,71,22,6,28,99
07/29/2014,BMI,IL,AGL,CE,Federal Contract Tower,8,15,15,6,44,0,0,42,0,42,8,15,57,6,86,36,8,44,130
07/30/2014,BMI,IL,AGL,CE,Federal Contract Tower,6,19,14,3,42,0,0,41,0,41,6,19,55,3,83,28,2,30,113
07/31/2014,BMI,IL,AGL,CE,Federal Contract Tower,11,18,20,0,49,0,0,34,0,34,11,18,54,0,83,68,0,68,151
08/01/2014,BMI,IL,AGL,CE,Federal Contract Tower,4,20,17,2,43,0,0,23,0,23,4,20,40,2,66,32,16,48,114
08/02/2014,BMI,IL,AGL,CE,Federal Contract Tower,4,15,8,2,29,0,0,65,0,65,4,15,73,2,94,80,0,80,174
08/03/2014,BMI,IL,AGL,CE,Federal Contract Tower,10,14,9,0,33,0,0,54,0,54,10,14,63,0,87,56,0,56,143
08/04/2014,BMI,IL,AGL,CE,Federal Contract Tower,6,20,19,0,45,0,0,37,0,37,6,20,56,0,82,92,0,92,174
08/05/2014,BMI,IL,AGL,CE,Federal Contract Tower,8,17,13,0,38,0,0,21,0,21,8,17,34,0,59,54,0,54,113
08/06/2014,BMI,IL,AGL,CE,Federal Contract Tower,6,18,13,5,42,0,0,10,2,12,6,18,23,7,54,8,0,8,62
08/07/2014,BMI,IL,AGL,CE,Federal Contract Tower,9,20,22,0,51,0,0,0,0,0,9,20,22,0,51,0,0,0,51
08/08/2014,BMI,IL,AGL,CE,Federal Contract Tower,6,19,31,0,56,0,0,8,0,8,6,19,39,0,64,16,0,16,80
08/09/2014,BMI,IL,AGL,CE,Federal Contract Tower,4,11,7,0,22,0,0,50,0,50,4,11,57,0,72,44,0,44,116
08/10/2014,BMI,IL,AGL,CE,Federal Contract Tower,9,16,12,0,37,0,0,34,0,34,9,16,46,0,71,56,0,56,127
08/11/2014,BMI,IL,AGL,CE,Federal Contract Tower,6,20,11,2,39,0,0,11,0,11,6,20,22,2,50,28,0,28,78
08/12/2014,BMI,IL,AGL,CE,Federal Contract Tower,7,18,16,0,41,0,0,13,1,14,7,18,29,1,55,8,0,8,63
08/13/2014,BMI,IL,AGL,CE,Federal Contract Tower,5,18,12,1,36,0,0,41,0,41,5,18,53,1,77,58,0,58,135
08/14/2014,BMI,IL,AGL,CE,Federal Contract Tower,10,22,18,0,50,0,0,34,0,34,10,22,52,0,84,30,0,30,114
08/15/2014,BMI,IL,AGL,CE,Federal Contract Tower,4,22,15,3,44,0,0,43,1,44,4,22,58,4,88,64,6,70,158
08/16/2014,BMI,IL,AGL,CE,Federal Contract Tower,4,11,2,0,17,0,0,15,0,15,4,11,17,0,32,0,0,0,32
08/17/2014,BMI,IL,AGL,CE,Federal Contract Tower,8,12,19,0,39,0,0,7,0,7,8,12,26,0,46,14,0,14,60
08/18/2014,BMI,IL,AGL,CE,Federal Contract Tower,5,16,12,0,33,0,0,14,0,14,5,16,26,0,47,38,0,38,85
08/19/2014,BMI,IL,AGL,CE,Federal Contract Tower,8,17,14,0,39,0,0,8,0,8,8,17,22,0,47,20,0,20,67
08/20/2014,BMI,IL,AGL,CE,Federal Contract Tower,5,16,24,0,45,0,0,14,0,14,5,16,38,0,59,0,0,0,59
08/21/2014,BMI,IL,AGL,CE,Federal Contract Tower,8,17,17,0,42,0,0,18,0,18,8,17,35,0,60,22,0,22,82
08/22/2014,BMI,IL,AGL,CE,Federal Contract Tower,7,18,16,0,41,0,0,20,0,20,7,18,36,0,61,44,0,44,105
08/23/2014,BMI,IL,AGL,CE,Federal Contract Tower,5,17,4,0,26,0,0,11,0,11,5,17,15,0,37,16,0,16,53
08/24/2014,BMI,IL,AGL,CE,Federal Contract Tower,7,13,7,0,27,0,0,29,0,29,7,13,36,0,56,8,0,8,64
08/25/2014,BMI,IL,AGL,CE,Federal Contract Tower,6,18,4,0,28,0,0,21,0,21,6,18,25,0,49,26,0,26,75
08/26/2014,BMI,IL,AGL,CE,Federal Contract Tower,6,18,13,0,37,0,0,21,0,21,6,18,34,0,58,18,0,18,76
08/27/2014,BMI,IL,AGL,CE,Federal Contract Tower,5,21,10,4,40,0,6,34,0,40,5,27,44,4,80,76,0,76,156
08/28/2014,BMI,IL,AGL,CE,Federal Contract Tower,9,19,12,3,43,0,0,20,1,21,9,19,32,4,64,20,2,22,86
08/29/2014,BMI,IL,AGL,CE,Federal Contract Tower,5,15,22,0,42,0,0,24,0,24,5,15,46,0,66,22,0,22,88
08/30/2014,BMI,IL,AGL,CE,Federal Contract Tower,6,10,13,0,29,0,0,12,0,12,6,10,25,0,41,0,0,0,41
08/31/2014,BMI,IL,AGL,CE,Federal Contract Tower,7,8,12,0,27,0,0,12,0,12,7,8,24,0,39,6,0,6,45
09/01/2014,BMI,IL,AGL,CE,Federal Contract Tower,5,16,10,0,31,0,0,19,0,19,5,16,29,0,50,14,0,14,64
09/02/2014,BMI,IL,AGL,CE,Federal Contract Tower,6,16,7,0,29,0,0,22,0,22,6,16,29,0,51,32,0,32,83
09/03/2014,BMI,IL,AGL,CE,Federal Contract Tower,6,17,11,4,38,0,0,49,0,49,6,17,60,4,87,48,4,52,139
09/04/2014,BMI,IL,AGL,CE,Federal Contract Tower,10,14,15,0,39,0,0,11,0,11,10,14,26,0,50,10,0,10,60
09/05/2014,BMI,IL,AGL,CE,Federal Contract Tower,6,10,16,0,32,0,0,11,0,11,6,10,27,0,43,8,0,8,51
09/06/2014,BMI,IL,AGL,CE,Federal Contract Tower,4,13,13,0,30,0,0,39,0,39,4,13,52,0,69,2,0,2,71
09/07/2014,BMI,IL,AGL,CE,Federal Contract Tower,9,13,15,0,37,0,0,58,0,58,9,13,73,0,95,32,0,32,127
09/08/2014,BMI,IL,AGL,CE,Federal Contract Tower,6,17,16,0,39,0,0,31,0,31,6,17,47,0,70,22,0,22,92
09/09/2014,BMI,IL,AGL,CE,Federal Contract Tower,8,14,8,0,30,0,0,0,0,0,8,14,8,0,30,0,0,0,30
09/10/2014,BMI,IL,AGL,CE,Federal Contract Tower,6,15,5,0,26,0,0,0,0,0,6,15,5,0,26,0,0,0,26
09/11/2014,BMI,IL,AGL,CE,Federal Contract Tower,11,18,23,0,52,0,0,7,0,7,11,18,30,0,59,24,0,24,83
09/12/2014,BMI,IL,AGL,CE,Federal Contract Tower,3,18,25,0,46,0,0,3,0,3,3,18,28,0,49,0,0,0,49
09/13/2014,BMI,IL,AGL,CE,Federal Contract Tower,5,13,16,0,34,0,0,44,0,44,5,13,60,0,78,20,0,20,98
09/14/2014,BMI,IL,AGL,CE,Federal Contract Tower,8,16,14,0,38,0,0,42,0,42,8,16,56,0,80,22,0,22,102
09/15/2014,BMI,IL,AGL,CE,Federal Contract Tower,7,22,11,4,44,0,0,0,0,0,7,22,11,4,44,0,0,0,44
09/16/2014,BMI,IL,AGL,CE,Federal Contract Tower,8,18,16,0,42,0,0,37,0,37,8,18,53,0,79,16,0,16,95
09/17/2014,BMI,IL,AGL,CE,Federal Contract Tower,6,17,19,0,42,0,0,36,0,36,6,17,55,0,78,16,0,16,94
09/18/2014,BMI,IL,AGL,CE,Federal Contract Tower,8,23,21,0,52,0,0,18,0,18,8,23,39,0,70,40,0,40,110
09/19/2014,BMI,IL,AGL,CE,Federal Contract Tower,3,20,15,3,41,0,0,22,1,23,3,20,37,4,64,16,6,22,86
09/20/2014,BMI,IL,AGL,CE,Federal Contract Tower,4,16,9,0,29,0,0,35,0,35,4,16,44,0,64,16,0,16,80
09/21/2014,BMI,IL,AGL,CE,Federal Contract Tower,6,16,8,0,30,0,0,25,0,25,6,16,33,0,55,6,0,6,61
09/22/2014,BMI,IL,AGL,CE,Federal Contract Tower,4,18,7,0,29,0,0,20,0,20,4,18,27,0,49,6,0,6,55
09/23/2014,BMI,IL,AGL,CE,Federal Contract Tower,8,16,13,0,37,0,0,44,0,44,8,16,57,0,81,2,2,4,85
09/24/2014,BMI,IL,AGL,CE,Federal Contract Tower,6,21,20,0,47,0,0,35,0,35,6,21,55,0,82,20,0,20,102
09/25/2014,BMI,IL,AGL,CE,Federal Contract Tower,9,15,19,5,48,0,0,19,0,19,9,15,38,5,67,2,4,6,73
09/26/2014,BMI,IL,AGL,CE,Federal Contract Tower,1,3,4,0,8,0,0,24,0,24,1,3,28,0,32,16,0,16,48
09/27/2014,BMI,IL,AGL,CE,Federal Contract Tower,3,9,1,0,13,0,0,48,0,48,3,9,49,0,61,54,0,54,115
09/28/2014,BMI,IL,AGL,CE,Federal Contract Tower,8,13,7,0,28,0,0,40,2,42,8,13,47,2,70,40,0,40,110
09/29/2014,BMI,IL,AGL,CE,Federal Contract Tower,5,16,2,0,23,0,0,33,0,33,5,16,35,0,56,10,0,10,66
09/30/2014,BMI,IL,AGL,CE,Federal Contract Tower,8,11,12,1,32,0,1,17,0,18,8,12,29,1,50,34,0,34,84
10/01/2014,BMI,IL,AGL,CE,Federal Contract Tower,6,15,10,0,31,0,0,30,0,30,6,15,40,0,61,36,0,36,97
10/02/2014,BMI,IL,AGL,CE,Federal Contract Tower,10,14,13,0,37,0,0,4,0,4,10,14,17,0,41,4,0,4,45
10/03/2014,BMI,IL,AGL,CE,Federal Contract Tower,6,14,12,2,34,0,0,5,2,7,6,14,17,4,41,0,0,0,41
10/04/2014,BMI,IL,AGL,CE,Federal Contract Tower,7,10,14,0,31,0,0,9,0,9,7,10,23,0,40,6,0,6,46
10/05/2014,BMI,IL,AGL,CE,Federal Contract Tower,11,12,5,0,28,0,0,38,0,38,11,12,43,0,66,24,0,24,90
10/06/2014,BMI,IL,AGL,CE,Federal Contract Tower,6,14,7,0,27,0,0,20,0,20,6,14,27,0,47,24,0,24,71
10/07/2014,BMI,IL,AGL,CE,Federal Contract Tower,8,13,12,0,33,0,0,20,0,20,8,13,32,0,53,20,0,20,73
10/08/2014,BMI,IL,AGL,CE,Federal Contract Tower,5,15,15,0,35,0,0,41,0,41,5,15,56,0,76,42,0,42,118
10/09/2014,BMI,IL,AGL,CE,Federal Contract Tower,10,22,22,0,54,0,0,15,0,15,10,22,37,0,69,8,0,8,77
10/10/2014,BMI,IL,AGL,CE,Federal Contract Tower,5,18,15,0,38,0,0,38,0,38,5,18,53,0,76,46,0,46,122
10/11/2014,BMI,IL,AGL,CE,Federal Contract Tower,4,11,10,0,25,0,0,67,0,67,4,11,77,0,92,42,0,42,134
10/12/2014,BMI,IL,AGL,CE,Federal Contract Tower,8,13,10,0,31,0,0,16,0,16,8,13,26,0,47,8,0,8,55
10/13/2014,BMI,IL,AGL,CE,Federal Contract Tower,6,17,3,0,26,0,0,0,0,0,6,17,3,0,26,0,0,0,26
10/14/2014,BMI,IL,AGL,CE,Federal Contract Tower,7,14,6,0,27,0,0,2,0,2,7,14,8,0,29,0,0,0,29
10/15/2014,BMI,IL,AGL,CE,Federal Contract Tower,6,14,12,0,32,0,0,0,0,0,6,14,12,0,32,0,0,0,32
10/16/2014,BMI,IL,AGL,CE,Federal Contract Tower,10,16,19,0,45,0,0,10,0,10,10,16,29,0,55,4,0,4,59
10/17/2014,BMI,IL,AGL,CE,Federal Contract Tower,5,23,8,0,36,0,0,29,0,29,5,23,37,0,65,46,0,46,111
10/18/2014,BMI,IL,AGL,CE,Federal Contract Tower,6,9,6,0,21,0,0,16,0,16,6,9,22,0,37,12,0,12,49
10/19/2014,BMI,IL,AGL,CE,Federal Contract Tower,8,18,16,0,42,0,0,25,0,25,8,18,41,0,67,22,0,22,89
10/20/2014,BMI,IL,AGL,CE,Federal Contract Tower,5,19,6,0,30,0,0,20,0,20,5,19,26,0,50,42,0,42,92
10/21/2014,BMI,IL,AGL,CE,Federal Contract Tower,8,14,20,0,42,0,0,46,0,46,8,14,66,0,88,62,2,64,152
10/22/2014,BMI,IL,AGL,CE,Federal Contract Tower,6,14,10,0,30,0,0,48,0,48,6,14,58,0,78,42,0,42,120
10/23/2014,BMI,IL,AGL,CE,Federal Contract Tower,10,18,25,2,55,0,0,20,0,20,10,18,45,2,75,28,2,30,105
10/24/2014,BMI,IL,AGL,CE,Federal Contract Tower,10,15,17,0,42,0,0,21,0,21,10,15,38,0,63,6,0,6,69
10/25/2014,BMI,IL,AGL,CE,Federal Contract Tower,6,12,13,0,31,0,0,31,0,31,6,12,44,0,62,10,0,10,72
10/26/2014,BMI,IL,AGL,CE,Federal Contract Tower,6,15,15,0,36,0,0,54,0,54,6,15,69,0,90,36,0,36,126
10/27/2014,BMI,IL,AGL,CE,Federal Contract Tower,6,16,13,0,35,0,0,10,0,10,6,16,23,0,45,0,0,0,45
10/28/2014,BMI,IL,AGL,CE,Federal Contract Tower,8,14,9,0,31,0,0,12,0,12,8,14,21,0,43,0,0,0,43
10/29/2014,BMI,IL,AGL,CE,Federal Contract Tower,6,16,12,0,34,0,0,32,0,32,6,16,44,0,66,22,0,22,88
10/30/2014,BMI,IL,AGL,CE,Federal Contract Tower,10,17,16,0,43,0,0,12,0,12,10,17,28,0,55,8,0,8,63
10/31/2014,BMI,IL,AGL,CE,Federal Contract Tower,5,13,8,0,26,0,0,4,1,5,5,13,12,1,31,4,0,4,35
11/01/2014,BMI,IL,AGL,CE,Federal Contract Tower,6,9,9,0,24,0,0,29,1,30,6,9,38,1,54,10,0,10,64
11/02/2014,BMI,IL,AGL,CE,Federal Contract Tower,7,12,11,2,32,0,0,27,0,27,7,12,38,2,59,18,0,18,77
11/03/2014,BMI,IL,AGL,CE,Federal Contract Tower,6,19,2,0,27,0,0,18,0,18,6,19,20,0,45,22,0,22,67
11/04/2014,BMI,IL,AGL,CE,Federal Contract Tower,7,13,19,1,40,0,0,9,0,9,7,13,28,1,49,24,4,28,77
11/05/2014,BMI,IL,AGL,CE,Federal Contract Tower,6,13,18,0,37,0,0,28,0,28,6,13,46,0,65,36,0,36,101
11/06/2014,BMI,IL,AGL,CE,Federal Contract Tower,9,15,17,0,41,0,0,4,0,4,9,15,21,0,45,0,0,0,45
11/07/2014,BMI,IL,AGL,CE,Federal Contract Tower,6,16,8,3,33,0,0,30,0,30,6,16,38,3,63,32,4,36,99
11/08/2014,BMI,IL,AGL,CE,Federal Contract Tower,8,9,3,0,20,0,0,11,0,11,8,9,14,0,31,14,0,14,45
11/09/2014,BMI,IL,AGL,CE,Federal Contract Tower,8,17,12,0,37,0,0,46,0,46,8,17,58,0,83,20,0,20,103
11/10/2014,BMI,IL,AGL,CE,Federal Contract Tower,6,14,9,0,29,0,0,7,0,7,6,14,16,0,36,4,0,4,40
11/11/2014,BMI,IL,AGL,CE,Federal Contract Tower,7,18,8,0,33,0,0,3,0,3,7,18,11,0,36,0,0,0,36
11/12/2014,BMI,IL,AGL,CE,Federal Contract Tower,6,21,16,0,43,0,0,6,0,6,6,21,22,0,49,24,0,24,73
11/13/2014,BMI,IL,AGL,CE,Federal Contract Tower,12,17,14,0,43,0,0,4,0,4,12,17,18,0,47,2,0,2,49
11/14/2014,BMI,IL,AGL,CE,Federal Contract Tower,5,20,22,4,51,0,0,13,1,14,5,20,35,5,65,6,4,10,75
11/15/2014,BMI,IL,AGL,CE,Federal Contract Tower,6,12,8,0,26,0,0,19,0,19,6,12,27,0,45,12,0,12,57
11/16/2014,BMI,IL,AGL,CE,Federal Contract Tower,7,12,6,0,25,0,0,2,0,2,7,12,8,0,27,0,0,0,27
11/17/2014,BMI,IL,AGL,CE,Federal Contract Tower,4,17,14,0,35,0,0,5,0,5,4,17,19,0,40,0,0,0,40
11/18/2014,BMI,IL,AGL,CE,Federal Contract Tower,8,15,10,0,33,0,0,8,0,8,8,15,18,0,41,0,0,0,41
11/19/2014,BMI,IL,AGL,CE,Federal Contract Tower,6,16,13,0,35,0,0,6,0,6,6,16,19,0,41,0,0,0,41
11/20/2014,BMI,IL,AGL,CE,Federal Contract Tower,11,18,15,1,45,0,0,15,0,15,11,18,30,1,60,14,0,14,74
11/21/2014,BMI,IL,AGL,CE,Federal Contract Tower,7,21,11,0,39,0,0,36,0,36,7,21,47,0,75,12,0,12,87
11/22/2014,BMI,IL,AGL,CE,Federal Contract Tower,4,10,6,0,20,0,0,3,0,3,4,10,9,0,23,0,0,0,23
11/23/2014,BMI,IL,AGL,CE,Federal Contract Tower,8,12,2,0,22,0,0,4,0,4,8,12,6,0,26,0,0,0,26
11/24/2014,BMI,IL,AGL,CE,Federal Contract Tower,6,10,6,0,22,0,0,1,0,1,6,10,7,0,23,0,0,0,23
11/25/2014,BMI,IL,AGL,CE,Federal Contract Tower,8,18,18,0,44,0,0,13,0,13,8,18,31,0,57,14,2,16,73
11/26/2014,BMI,IL,AGL,CE,Federal Contract Tower,7,18,7,0,32,0,0,2,0,2,7,18,9,0,34,0,0,0,34
11/27/2014,BMI,IL,AGL,CE,Federal Contract Tower,5,6,1,0,12,0,0,4,0,4,5,6,5,0,16,8,0,8,24
11/28/2014,BMI,IL,AGL,CE,Federal Contract Tower,6,13,1,0,20,0,0,12,0,12,6,13,13,0,32,14,0,14,46
11/29/2014,BMI,IL,AGL,CE,Federal Contract Tower,5,12,4,0,21,0,0,15,0,15,5,12,19,0,36,6,0,6,42
11/30/2014,BMI,IL,AGL,CE,Federal Contract Tower,9,15,8,0,32,0,0,8,0,8,9,15,16,0,40,0,0,0,40
12/01/2014,BMI,IL,AGL,CE,Federal Contract Tower,8,19,11,0,38,0,0,16,0,16,8,19,27,0,54,28,0,28,82
12/02/2014,BMI,IL,AGL,CE,Federal Contract Tower,8,17,16,0,41,0,0,3,0,3,8,17,19,0,44,8,2,10,54
12/03/2014,BMI,IL,AGL,CE,Federal Contract Tower,6,15,20,0,41,0,0,40,3,43,6,15,60,3,84,2,0,2,86
12/04/2014,BMI,IL,AGL,CE,Federal Contract Tower,12,18,9,0,39,0,0,25,0,25,12,18,34,0,64,0,0,0,64
12/05/2014,BMI,IL,AGL,CE,Federal Contract Tower,10,19,8,0,37,0,0,0,0,0,10,19,8,0,37,0,0,0,37
12/06/2014,BMI,IL,AGL,CE,Federal Contract Tower,8,10,6,0,24,0,0,4,0,4,8,10,10,0,28,34,0,34,62
12/07/2014,BMI,IL,AGL,CE,Federal Contract Tower,11,19,14,0,44,0,0,28,0,28,11,19,42,0,72,38,0,38,110
12/08/2014,BMI,IL,AGL,CE,Federal Contract Tower,8,21,19,0,48,0,0,1,0,1,8,21,20,0,49,0,0,0,49
12/09/2014,BMI,IL,AGL,CE,Federal Contract Tower,8,17,15,0,40,0,3,0,0,3,8,20,15,0,43,0,0,0,43
12/10/2014,BMI,IL,AGL,CE,Federal Contract Tower,6,15,12,0,33,0,0,8,0,8,6,15,20,0,41,12,0,12,53
12/11/2014,BMI,IL,AGL,CE,Federal Contract Tower,7,17,29,0,53,0,0,8,0,8,7,17,37,0,61,12,0,12,73
12/12/2014,BMI,IL,AGL,CE,Federal Contract Tower,11,18,21,0,50,0,0,0,0,0,11,18,21,0,50,0,0,0,50
12/13/2014,BMI,IL,AGL,CE,Federal Contract Tower,6,9,10,0,25,0,0,13,0,13,6,9,23,0,38,28,0,28,66
12/14/2014,BMI,IL,AGL,CE,Federal Contract Tower,8,13,1,0,22,0,0,0,0,0,8,13,1,0,22,0,0,0,22
12/15/2014,BMI,IL,AGL,CE,Federal Contract Tower,11,15,6,0,32,0,0,0,0,0,11,15,6,0,32,0,0,0,32
12/16/2014,BMI,IL,AGL,CE,Federal Contract Tower,10,15,12,3,40,0,0,2,0,2,10,15,14,3,42,4,0,4,46
12/17/2014,BMI,IL,AGL,CE,Federal Contract Tower,5,19,9,0,33,0,0,4,0,4,5,19,13,0,37,20,0,20,57
12/18/2014,BMI,IL,AGL,CE,Federal Contract Tower,9,15,16,0,40,0,0,11,0,11,9,15,27,0,51,0,0,0,51
12/19/2014,BMI,IL,AGL,CE,Federal Contract Tower,11,20,15,0,46,0,0,21,0,21,11,20,36,0,67,32,0,32,99
12/20/2014,BMI,IL,AGL,CE,Federal Contract Tower,8,13,8,0,29,0,0,24,0,24,8,13,32,0,53,24,0,24,77
12/21/2014,BMI,IL,AGL,CE,Federal Contract Tower,8,10,8,0,26,0,0,16,0,16,8,10,24,0,42,22,0,22,64
12/22/2014,BMI,IL,AGL,CE,Federal Contract Tower,9,11,14,0,34,0,0,0,0,0,9,11,14,0,34,0,0,0,34
12/23/2014,BMI,IL,AGL,CE,Federal Contract Tower,8,12,5,0,25,0,0,16,0,16,8,12,21,0,41,20,0,20,61
12/24/2014,BMI,IL,AGL,CE,Federal Contract Tower,6,10,3,0,19,0,0,0,0,0,6,10,3,0,19,0,0,0,19
12/25/2014,BMI,IL,AGL,CE,Federal Contract Tower,5,5,2,0,12,0,0,3,0,3,5,5,5,0,15,0,0,0,15
12/26/2014,BMI,IL,AGL,CE,Federal Contract Tower,11,10,8,0,29,0,0,32,0,32,11,10,40,0,61,20,0,20,81
12/27/2014,BMI,IL,AGL,CE,Federal Contract Tower,10,11,3,0,24,0,0,0,0,0,10,11,3,0,24,0,0,0,24
12/28/2014,BMI,IL,AGL,CE,Federal Contract Tower,11,9,7,0,27,0,0,48,0,48,11,9,55,0,75,30,0,30,105
12/29/2014,BMI,IL,AGL,CE,Federal Contract Tower,9,13,11,0,33,0,0,32,0,32,9,13,43,0,65,44,0,44,109
12/30/2014,BMI,IL,AGL,CE,Federal Contract Tower,9,10,10,1,30,0,0,25,0,25,9,10,35,1,55,0,0,0,55
12/31/2014,BMI,IL,AGL,CE,Federal Contract Tower,5,10,4,0,19,0,0,25,0,25,5,10,29,0,44,46,0,46,90
01/01/2015,BMI,IL,AGL,CE,Federal Contract Tower,5,7,3,0,15,0,0,10,0,10,5,7,13,0,25,2,0,2,27
01/02/2015,BMI,IL,AGL,CE,Federal Contract Tower,12,12,5,0,29,0,0,58,0,58,12,12,63,0,87,72,0,72,159
01/03/2015,BMI,IL,AGL,CE,Federal Contract Tower,7,10,1,0,18,0,0,0,0,0,7,10,1,0,18,0,0,0,18
01/04/2015,BMI,IL,AGL,CE,Federal Contract Tower,10,10,5,0,25,0,0,0,0,0,10,10,5,0,25,0,0,0,25
01/05/2015,BMI,IL,AGL,CE,Federal Contract Tower,8,9,13,0,30,0,0,6,0,6,8,9,19,0,36,20,0,20,56
01/06/2015,BMI,IL,AGL,CE,Federal Contract Tower,8,12,3,1,24,0,0,10,1,11,8,12,13,2,35,2,0,2,37
01/07/2015,BMI,IL,AGL,CE,Federal Contract Tower,11,13,7,0,31,0,0,2,0,2,11,13,9,0,33,0,0,0,33
01/08/2015,BMI,IL,AGL,CE,Federal Contract Tower,11,12,6,0,29,0,0,2,0,2,11,12,8,0,31,0,0,0,31
01/09/2015,BMI,IL,AGL,CE,Federal Contract Tower,9,13,20,0,42,0,0,5,0,5,9,13,25,0,47,8,6,14,61
01/10/2015,BMI,IL,AGL,CE,Federal Contract Tower,7,8,3,0,18,0,0,28,2,30,7,8,31,2,48,16,0,16,64
01/11/2015,BMI,IL,AGL,CE,Federal Contract Tower,9,12,7,0,28,0,0,15,0,15,9,12,22,0,43,2,0,2,45
01/12/2015,BMI,IL,AGL,CE,Federal Contract Tower,4,11,5,0,20,0,0,4,0,4,4,11,9,0,24,10,0,10,34
01/13/2015,BMI,IL,AGL,CE,Federal Contract Tower,7,15,5,3,30,0,0,20,0,20,7,15,25,3,50,32,12,44,94
01/14/2015,BMI,IL,AGL,CE,Federal Contract Tower,8,15,15,0,38,0,0,17,0,17,8,15,32,0,55,52,0,52,107
01/15/2015,BMI,IL,AGL,CE,Federal Contract Tower,7,14,16,0,37,0,0,21,0,21,7,14,37,0,58,44,0,44,102
01/16/2015,BMI,IL,AGL,CE,Federal Contract Tower,8,14,11,0,33,0,0,34,0,34,8,14,45,0,67,46,0,46,113
01/17/2015,BMI,IL,AGL,CE,Federal Contract Tower,6,10,4,0,20,0,0,18,0,18,6,10,22,0,38,22,0,22,60
01/18/2015,BMI,IL,AGL,CE,Federal Contract Tower,6,12,6,0,24,0,0,49,0,49,6,12,55,0,73,12,0,12,85
01/19/2015,BMI,IL,AGL,CE,Federal Contract Tower,8,16,8,0,32,0,0,27,0,27,8,16,35,0,59,26,0,26,85
01/20/2015,BMI,IL,AGL,CE,Federal Contract Tower,6,13,5,1,25,0,0,2,0,2,6,13,7,1,27,0,0,0,27
01/21/2015,BMI,IL,AGL,CE,Federal Contract Tower,8,15,8,0,31,0,0,2,0,2,8,15,10,0,33,0,2,2,35
01/22/2015,BMI,IL,AGL,CE,Federal Contract Tower,6,19,7,0,32,0,0,0,0,0,6,19,7,0,32,0,0,0,32
01/23/2015,BMI,IL,AGL,CE,Federal Contract Tower,6,20,12,0,38,0,0,16,2,18,6,20,28,2,56,36,0,36,92
01/24/2015,BMI,IL,AGL,CE,Federal Contract Tower,6,8,12,0,26,0,0,46,0,46,6,8,58,0,72,36,0,36,108
01/25/2015,BMI,IL,AGL,CE,Federal Contract Tower,8,9,1,0,18,0,0,0,0,0,8,9,1,0,18,0,0,0,18
01/26/2015,BMI,IL,AGL,CE,Federal Contract Tower,8,13,15,0,36,0,0,2,0,2,8,13,17,0,38,0,0,0,38
01/27/2015,BMI,IL,AGL,CE,Federal Contract Tower,6,23,16,2,47,0,0,6,0,6,6,23,22,2,53,0,0,0,53
01/28/2015,BMI,IL,AGL,CE,Federal Contract Tower,8,15,20,3,46,0,0,17,0,17,8,15,37,3,63,0,4,4,67
01/29/2015,BMI,IL,AGL,CE,Federal Contract Tower,8,18,9,0,35,0,0,0,0,0,8,18,9,0,35,0,0,0,35
01/30/2015,BMI,IL,AGL,CE,Federal Contract Tower,9,14,15,0,38,0,0,38,0,38,9,14,53,0,76,12,0,12,88
01/31/2015,BMI,IL,AGL,CE,Federal Contract Tower,4,9,4,0,17,0,0,45,0,45,4,9,49,0,62,60,0,60,122
02/01/2015,BMI,IL,AGL,CE,Federal Contract Tower,6,5,3,0,14,0,0,0,0,0,6,5,3,0,14,0,0,0,14
02/02/2015,BMI,IL,AGL,CE,Federal Contract Tower,8,13,16,0,37,0,0,15,0,15,8,13,31,0,52,26,0,26,78
02/03/2015,BMI,IL,AGL,CE,Federal Contract Tower,6,16,7,0,29,0,0,8,0,8,6,16,15,0,37,48,0,48,85
02/04/2015,BMI,IL,AGL,CE,Federal Contract Tower,9,12,4,0,25,0,0,4,0,4,9,12,8,0,29,0,0,0,29
02/05/2015,BMI,IL,AGL,CE,Federal Contract Tower,7,15,8,2,32,0,0,11,4,15,7,15,19,6,47,8,0,8,55
02/06/2015,BMI,IL,AGL,CE,Federal Contract Tower,9,14,19,5,47,0,0,23,0,23,9,14,42,5,70,26,10,36,106
02/07/2015,BMI,IL,AGL,CE,Federal Contract Tower,7,9,11,0,27,0,0,52,0,52,7,9,63,0,79,58,0,58,137
02/08/2015,BMI,IL,AGL,CE,Federal Contract Tower,8,10,12,2,32,0,0,15,0,15,8,10,27,2,47,26,0,26,73
02/09/2015,BMI,IL,AGL,CE,Federal Contract Tower,8,10,8,0,26,0,0,0,0,0,8,10,8,0,26,0,0,0,26
02/10/2015,BMI,IL,AGL,CE,Federal Contract Tower,6,16,14,0,36,0,0,13,0,13,6,16,27,0,49,20,2,22,71
02/11/2015,BMI,IL,AGL,CE,Federal Contract Tower,5,18,25,0,48,0,0,0,0,0,5,18,25,0,48,0,0,0,48
02/12/2015,BMI,IL,AGL,CE,Federal Contract Tower,8,14,13,4,39,0,0,9,0,9,8,14,22,4,48,4,4,8,56
02/13/2015,BMI,IL,AGL,CE,Federal Contract Tower,11,16,18,0,45,0,0,18,0,18,11,16,36,0,63,12,0,12,75
02/14/2015,BMI,IL,AGL,CE,Federal Contract Tower,4,12,3,0,19,0,0,0,0,0,4,12,3,0,19,0,0,0,19
02/15/2015,BMI,IL,AGL,CE,Federal Contract Tower,6,12,3,0,21,0,0,11,0,11,6,12,14,0,32,4,0,4,36
02/16/2015,BMI,IL,AGL,CE,Federal Contract Tower,8,13,16,0,37,0,0,13,0,13,8,13,29,0,50,8,0,8,58
02/17/2015,BMI,IL,AGL,CE,Federal Contract Tower,7,15,16,0,38,0,0,10,0,10,7,15,26,0,48,6,2,8,56
02/18/2015,BMI,IL,AGL,CE,Federal Contract Tower,7,14,15,0,36,0,0,2,2,4,7,14,17,2,40,4,0,4,44
02/19/2015,BMI,IL,AGL,CE,Federal Contract Tower,9,24,13,2,48,0,0,8,2,10,9,24,21,4,58,18,0,18,76
02/20/2015,BMI,IL,AGL,CE,Federal Contract Tower,11,16,8,4,39,0,0,2,0,2,11,16,10,4,41,0,0,0,41
02/21/2015,BMI,IL,AGL,CE,Federal Contract Tower,6,9,2,0,17,0,0,9,0,9,6,9,11,0,26,6,0,6,32
02/22/2015,BMI,IL,AGL,CE,Federal Contract Tower,8,14,14,2,38,0,0,20,0,20,8,14,34,2,58,0,0,0,58
02/23/2015,BMI,IL,AGL,CE,Federal Contract Tower,9,11,10,2,32,0,0,18,0,18,9,11,28,2,50,50,2,52,102
02/24/2015,BMI,IL,AGL,CE,Federal Contract Tower,5,13,12,0,30,0,0,2,0,2,5,13,14,0,32,2,0,2,34
02/25/2015,BMI,IL,AGL,CE,Federal Contract Tower,5,13,11,3,32,0,0,18,0,18,5,13,29,3,50,28,0,28,78
02/26/2015,BMI,IL,AGL,CE,Federal Contract Tower,9,11,15,4,39,0,0,3,0,3,9,11,18,4,42,0,0,0,42
02/27/2015,BMI,IL,AGL,CE,Federal Contract Tower,11,10,21,0,42,0,0,23,0,23,11,10,44,0,65,34,0,34,99
02/28/2015,BMI,IL,AGL,CE,Federal Contract Tower,4,7,10,0,21,0,0,35,0,35,4,7,45,0,56,30,0,30,86
03/01/2015,BMI,IL,AGL,CE,Federal Contract Tower,9,7,0,0,16,0,0,0,0,0,9,7,0,0,16,0,0,0,16
03/02/2015,BMI,IL,AGL,CE,Federal Contract Tower,9,12,10,0,31,0,0,16,0,16,9,12,26,0,47,30,0,30,77
03/03/2015,BMI,IL,AGL,CE,Federal Contract Tower,7,7,5,0,19,0,0,0,0,0,7,7,5,0,19,0,0,0,19
03/04/2015,BMI,IL,AGL,CE,Federal Contract Tower,7,10,10,0,27,0,0,4,0,4,7,10,14,0,31,0,10,10,41
03/05/2015,BMI,IL,AGL,CE,Federal Contract Tower,8,12,14,0,34,0,0,23,2,25,8,12,37,2,59,52,4,56,115
03/06/2015,BMI,IL,AGL,CE,Federal Contract Tower,10,14,18,0,42,0,0,12,0,12,10,14,30,0,54,32,0,32,86
03/07/2015,BMI,IL,AGL,CE,Federal Contract Tower,6,10,16,0,32,0,0,49,0,49,6,10,65,0,81,42,0,42,123
03/08/2015,BMI,IL,AGL,CE,Federal Contract Tower,8,13,12,0,33,0,0,28,0,28,8,13,40,0,61,18,0,18,79
03/09/2015,BMI,IL,AGL,CE,Federal Contract Tower,15,16,18,1,50,0,0,22,0,22,15,16,40,1,72,44,0,44,116
03/10/2015,BMI,IL,AGL,CE,Federal Contract Tower,7,14,13,1,35,0,0,7,1,8,7,14,20,2,43,34,6,40,83
03/11/2015,BMI,IL,AGL,CE,Federal Contract Tower,5,13,19,3,40,0,0,39,0,39,5,13,58,3,79,74,2,76,155
03/12/2015,BMI,IL,AGL,CE,Federal Contract Tower,8,12,27,3,50,0,0,26,0,26,8,12,53,3,76,22,0,22,98
03/13/2015,BMI,IL,AGL,CE,Federal Contract Tower,11,14,17,2,44,0,0,18,0,18,11,14,35,2,62,28,0,28,90
03/14/2015,BMI,IL,AGL,CE,Federal Contract Tower,6,12,10,0,28,0,0,46,0,46,6,12,56,0,74,64,0,64,138
03/15/2015,BMI,IL,AGL,CE,Federal Contract Tower,9,12,12,0,33,0,0,47,0,47,9,12,59,0,80,36,0,36,116
03/16/2015,BMI,IL,AGL,CE,Federal Contract Tower,12,14,9,0,35,0,0,21,0,21,12,14,30,0,56,4,0,4,60
03/17/2015,BMI,IL,AGL,CE,Federal Contract Tower,6,13,16,0,35,0,0,13,0,13,6,13,29,0,48,22,4,26,74
03/18/2015,BMI,IL,AGL,CE,Federal Contract Tower,7,12,10,7,36,0,0,44,1,45,7,12,54,8,81,90,0,90,171
03/19/2015,BMI,IL,AGL,CE,Federal Contract Tower,8,15,22,3,48,0,0,17,0,17,8,15,39,3,65,30,0,30,95
03/20/2015,BMI,IL,AGL,CE,Federal Contract Tower,12,19,15,4,50,0,0,5,0,5,12,19,20,4,55,6,0,6,61
03/21/2015,BMI,IL,AGL,CE,Federal Contract Tower,6,13,13,0,32,0,0,52,0,52,6,13,65,0,84,64,0,64,148
03/22/2015,BMI,IL,AGL,CE,Federal Contract Tower,8,17,2,0,27,0,0,42,0,42,8,17,44,0,69,56,0,56,125
03/23/2015,BMI,IL,AGL,CE,Federal Contract Tower,12,10,1,0,23,0,0,0,0,0,12,10,1,0,23,0,0,0,23
03/24/2015,BMI,IL,AGL,CE,Federal Contract Tower,6,12,5,0,23,0,0,7,0,7,6,12,12,0,30,0,0,0,30
03/25/2015,BMI,IL,AGL,CE,Federal Contract Tower,6,11,9,0,26,0,0,1,0,1,6,11,10,0,27,0,0,0,27
03/26/2015,BMI,IL,AGL,CE,Federal Contract Tower,8,15,7,0,30,0,0,19,4,23,8,15,26,4,53,10,0,10,63
03/27/2015,BMI,IL,AGL,CE,Federal Contract Tower,13,17,11,0,41,0,0,21,0,21,13,17,32,0,62,26,0,26,88
03/28/2015,BMI,IL,AGL,CE,Federal Contract Tower,7,13,19,0,39,0,0,61,0,61,7,13,80,0,100,92,0,92,192
03/29/2015,BMI,IL,AGL,CE,Federal Contract Tower,9,13,2,0,24,0,0,4,0,4,9,13,6,0,28,0,0,0,28
03/30/2015,BMI,IL,AGL,CE,Federal Contract Tower,12,13,7,0,32,0,0,29,0,29,12,13,36,0,61,46,0,46,107
03/31/2015,BMI,IL,AGL,CE,Federal Contract Tower,6,12,16,0,34,0,0,16,0,16,6,12,32,0,50,2,4,6,56
04/01/2015,BMI,IL,AGL,CE,Federal Contract Tower,8,12,17,1,38,0,0,35,1,36,8,12,52,2,74,18,0,18,92
04/02/2015,BMI,IL,AGL,CE,Federal Contract Tower,7,13,17,2,39,0,0,23,0,23,7,13,40,2,62,18,0,18,80
04/03/2015,BMI,IL,AGL,CE,Federal Contract Tower,11,14,9,0,34,0,0,11,0,11,11,14,20,0,45,18,0,18,63
04/04/2015,BMI,IL,AGL,CE,Federal Contract Tower,6,8,2,0,16,0,0,59,0,59,6,8,61,0,75,28,0,28,103
04/05/2015,BMI,IL,AGL,CE,Federal Contract Tower,6,11,2,0,19,0,0,18,0,18,6,11,20,0,37,0,0,0,37
04/06/2015,BMI,IL,AGL,CE,Federal Contract Tower,10,13,12,0,35,0,0,38,0,38,10,13,50,0,73,18,0,18,91
04/07/2015,BMI,IL,AGL,CE,Federal Contract Tower,5,7,12,1,25,0,0,0,0,0,5,7,12,1,25,0,0,0,25
04/08/2015,BMI,IL,AGL,CE,Federal Contract Tower,6,13,16,0,35,0,0,14,0,14,6,13,30,0,49,0,4,4,53
04/09/2015,BMI,IL,AGL,CE,Federal Contract Tower,10,10,8,0,28,0,0,0,0,0,10,10,8,0,28,0,0,0,28
04/10/2015,BMI,IL,AGL,CE,Federal Contract Tower,11,16,18,2,47,0,0,12,0,12,11,16,30,2,59,10,6,16,75
04/11/2015,BMI,IL,AGL,CE,Federal Contract Tower,10,6,7,0,23,0,0,74,0,74,10,6,81,0,97,50,0,50,147
04/12/2015,BMI,IL,AGL,CE,Federal Contract Tower,8,12,8,0,28,0,0,14,2,16,8,12,22,2,44,8,0,8,52
04/13/2015,BMI,IL,AGL,CE,Federal Contract Tower,12,11,26,0,49,0,0,21,0,21,12,11,47,0,70,48,0,48,118
04/14/2015,BMI,IL,AGL,CE,Federal Contract Tower,7,13,20,0,40,0,0,41,2,43,7,13,61,2,83,50,0,50,133
04/15/2015,BMI,IL,AGL,CE,Federal Contract Tower,5,13,14,0,32,0,0,8,0,8,5,13,22,0,40,4,0,4,44
04/16/2015,BMI,IL,AGL,CE,Federal Contract Tower,8,13,17,0,38,0,0,24,0,24,8,13,41,0,62,66,0,66,128
04/17/2015,BMI,IL,AGL,CE,Federal Contract Tower,11,15,15,0,41,0,0,26,0,26,11,15,41,0,67,62,0,62,129
04/18/2015,BMI,IL,AGL,CE,Federal Contract Tower,5,6,2,0,13,0,0,53,0,53,5,6,55,0,66,54,0,54,120
04/19/2015,BMI,IL,AGL,CE,Federal Contract Tower,10,13,9,0,32,0,0,6,0,6,10,13,15,0,38,4,0,4,42
04/20/2015,BMI,IL,AGL,CE,Federal Contract Tower,13,14,9,2,38,0,0,2,0,2,13,14,11,2,40,4,0,4,44
04/21/2015,BMI,IL,AGL,CE,Federal Contract Tower,5,15,7,2,29,0,0,4,0,4,5,15,11,2,33,2,0,2,35
04/22/2015,BMI,IL,AGL,CE,Federal Contract Tower,4,13,12,0,29,0,0,13,0,13,4,13,25,0,42,0,0,0,42
04/23/2015,BMI,IL,AGL,CE,Federal Contract Tower,8,15,21,2,46,0,0,26,2,28,8,15,47,4,74,24,0,24,98
04/24/2015,BMI,IL,AGL,CE,Federal Contract Tower,12,14,11,0,37,0,0,19,0,19,12,14,30,0,56,14,0,14,70
04/25/2015,BMI,IL,AGL,CE,Federal Contract Tower,6,7,4,0,17,0,0,2,0,2,6,7,6,0,19,0,0,0,19
04/26/2015,BMI,IL,AGL,CE,Federal Contract Tower,9,10,6,0,25,0,0,40,0,40,9,10,46,0,65,56,0,56,121
04/27/2015,BMI,IL,AGL,CE,Federal Contract Tower,14,15,9,0,38,0,0,30,3,33,14,15,39,3,71,24,0,24,95
04/28/2015,BMI,IL,AGL,CE,Federal Contract Tower,5,13,13,3,34,0,0,33,0,33,5,13,46,3,67,32,0,32,99
04/29/2015,BMI,IL,AGL,CE,Federal Contract Tower,7,12,20,0,39,0,0,20,0,20,7,12,40,0,59,0,0,0,59
04/30/2015,BMI,IL,AGL,CE,Federal Contract Tower,9,15,16,0,40,0,0,34,0,34,9,15,50,0,74,12,0,12,86
05/01/2015,BMI,IL,AGL,CE,Federal Contract Tower,10,13,15,0,38,0,0,42,0,42,10,13,57,0,80,52,0,52,132
05/02/2015,BMI,IL,AGL,CE,Federal Contract Tower,5,6,10,0,21,0,0,53,0,53,5,6,63,0,74,34,0,34,108
05/03/2015,BMI,IL,AGL,CE,Federal Contract Tower,8,13,21,0,42,0,3,16,0,19,8,16,37,0,61,6,0,6,67
05/04/2015,BMI,IL,AGL,CE,Federal Contract Tower,10,13,9,0,32,0,0,3,2,5,10,13,12,2,37,0,0,0,37
05/05/2015,BMI,IL,AGL,CE,Federal Contract Tower,7,16,14,3,40,0,1,17,1,19,7,17,31,4,59,4,4,8,67
05/06/2015,BMI,IL,AGL,CE,Federal Contract Tower,6,14,9,3,32,0,6,29,0,35,6,20,38,3,67,72,4,76,143
05/07/2015,BMI,IL,AGL,CE,Federal Contract Tower,6,12,12,0,30,0,0,20,2,22,6,12,32,2,52,2,0,2,54
05/08/2015,BMI,IL,AGL,CE,Federal Contract Tower,9,10,17,0,36,0,0,5,0,5,9,10,22,0,41,0,0,0,41
05/09/2015,BMI,IL,AGL,CE,Federal Contract Tower,8,6,15,0,29,0,0,7,0,7,8,6,22,0,36,6,0,6,42
05/10/2015,BMI,IL,AGL,CE,Federal Contract Tower,8,11,6,0,25,0,0,1,0,1,8,11,7,0,26,0,0,0,26
05/11/2015,BMI,IL,AGL,CE,Federal Contract Tower,8,14,9,0,31,0,0,2,0,2,8,14,11,0,33,8,0,8,41
05/12/2015,BMI,IL,AGL,CE,Federal Contract Tower,6,10,7,0,23,0,0,15,0,15,6,10,22,0,38,30,0,30,68
05/13/2015,BMI,IL,AGL,CE,Federal Contract Tower,7,13,7,0,27,0,0,45,9,54,7,13,52,9,81,74,0,74,155
05/14/2015,BMI,IL,AGL,CE,Federal Contract Tower,6,15,9,0,30,0,0,8,0,8,6,15,17,0,38,0,0,0,38
05/15/2015,BMI,IL,AGL,CE,Federal Contract Tower,9,13,23,0,45,0,0,6,0,6,9,13,29,0,51,0,0,0,51
05/16/2015,BMI,IL,AGL,CE,Federal Contract Tower,7,6,6,0,19,0,0,0,0,0,7,6,6,0,19,0,0,0,19
05/17/2015,BMI,IL,AGL,CE,Federal Contract Tower,8,12,7,0,27,0,0,1,0,1,8,12,8,0,28,8,0,8,36
05/18/2015,BMI,IL,AGL,CE,Federal Contract Tower,7,14,16,0,37,0,0,18,0,18,7,14,34,0,55,24,0,24,79
05/19/2015,BMI,IL,AGL,CE,Federal Contract Tower,7,12,11,1,31,0,2,28,0,30,7,14,39,1,61,10,0,10,71
05/20/2015,BMI,IL,AGL,CE,Federal Contract Tower,8,12,12,0,32,0,0,7,2,9,8,12,19,2,41,2,2,4,45
05/21/2015,BMI,IL,AGL,CE,Federal Contract Tower,12,11,14,2,39,0,0,37,0,37,12,11,51,2,76,22,10,32,108
05/22/2015,BMI,IL,AGL,CE,Federal Contract Tower,11,12,20,0,43,0,0,54,0,54,11,12,74,0,97,88,0,88,185
05/23/2015,BMI,IL,AGL,CE,Federal Contract Tower,7,4,4,0,15,0,0,73,0,73,7,4,77,0,88,76,0,76,164
05/24/2015,BMI,IL,AGL,CE,Federal Contract Tower,7,10,6,0,23,0,0,2,0,2,7,10,8,0,25,0,0,0,25
05/25/2015,BMI,IL,AGL,CE,Federal Contract Tower,11,10,5,0,26,0,0,15,0,15,11,10,20,0,41,48,0,48,89
05/26/2015,BMI,IL,AGL,CE,Federal Contract Tower,5,11,16,0,32,0,0,3,0,3,5,11,19,0,35,0,0,0,35
05/27/2015,BMI,IL,AGL,CE,Federal Contract Tower,7,10,8,0,25,0,0,42,0,42,7,10,50,0,67,72,0,72,139
05/28/2015,BMI,IL,AGL,CE,Federal Contract Tower,11,9,22,0,42,0,0,68,0,68,11,9,90,0,110,70,0,70,180
05/29/2015,BMI,IL,AGL,CE,Federal Contract Tower,9,11,16,0,36,0,1,5,0,6,9,12,21,0,42,0,0,0,42
05/30/2015,BMI,IL,AGL,CE,Federal Contract Tower,8,6,8,0,22,0,0,0,0,0,8,6,8,0,22,0,0,0,22
05/31/2015,BMI,IL,AGL,CE,Federal Contract Tower,8,10,18,1,37,0,0,6,0,6,8,10,24,1,43,0,0,0,43
06/01/2015,BMI,IL,AGL,CE,Federal Contract Tower,12,9,20,0,41,0,0,15,0,15,12,9,35,0,56,42,0,42,98
06/02/2015,BMI,IL,AGL,CE,Federal Contract Tower,6,9,13,0,28,0,0,59,0,59,6,9,72,0,87,100,2,102,189
06/03/2015,BMI,IL,AGL,CE,Federal Contract Tower,7,10,19,0,36,0,0,49,0,49,7,10,68,0,85,82,0,82,167
06/04/2015,BMI,IL,AGL,CE,Federal Contract Tower,9,15,17,2,43,0,0,26,0,26,9,15,43,2,69,40,0,40,109
06/05/2015,BMI,IL,AGL,CE,Federal Contract Tower,10,12,10,0,32,0,0,24,0,24,10,12,34,0,56,22,0,22,78
06/06/2015,BMI,IL,AGL,CE,Federal Contract Tower,5,12,7,0,24,0,0,55,0,55,5,12,62,0,79,46,0,46,125
06/07/2015,BMI,IL,AGL,CE,Federal Contract Tower,6,8,8,0,22,0,0,5,0,5,6,8,13,0,27,0,0,0,27
06/08/2015,BMI,IL,AGL,CE,Federal Contract Tower,11,15,16,0,42,0,0,11,0,11,11,15,27,0,53,6,0,6,59
06/09/2015,BMI,IL,AGL,CE,Federal Contract Tower,5,15,16,1,37,0,0,46,0,46,5,15,62,1,83,70,0,70,153
06/10/2015,BMI,IL,AGL,CE,Federal Contract Tower,9,11,6,0,26,0,0,16,0,16,9,11,22,0,42,34,0,34,76
06/11/2015,BMI,IL,AGL,CE,Federal Contract Tower,10,13,18,0,41,0,0,21,0,21,10,13,39,0,62,2,0,2,64
06/12/2015,BMI,IL,AGL,CE,Federal Contract Tower,11,13,14,2,40,0,0,9,0,9,11,13,23,2,49,12,0,12,61
06/13/2015,BMI,IL,AGL,CE,Federal Contract Tower,6,12,9,0,27,0,0,21,0,21,6,12,30,0,48,12,0,12,60
06/14/2015,BMI,IL,AGL,CE,Federal Contract Tower,8,12,9,0,29,0,0,3,0,3,8,12,12,0,32,4,0,4,36
06/15/2015,BMI,IL,AGL,CE,Federal Contract Tower,9,9,16,0,34,0,0,2,0,2,9,9,18,0,36,0,0,0,36
06/16/2015,BMI,IL,AGL,CE,Federal Contract Tower,6,11,13,0,30,0,0,27,0,27,6,11,40,0,57,20,0,20,77
06/17/2015,BMI,IL,AGL,CE,Federal Contract Tower,6,12,11,0,29,0,0,2,0,2,6,12,13,0,31,0,0,0,31
06/18/2015,BMI,IL,AGL,CE,Federal Contract Tower,7,15,15,0,37,0,0,11,0,11,7,15,26,0,48,28,0,28,76
06/19/2015,BMI,IL,AGL,CE,Federal Contract Tower,8,17,14,0,39,0,0,4,0,4,8,17,18,0,43,10,0,10,53
06/20/2015,BMI,IL,AGL,CE,Federal Contract Tower,6,13,26,0,45,0,0,33,0,33,6,13,59,0,78,46,0,46,124
06/21/2015,BMI,IL,AGL,CE,Federal Contract Tower,8,11,13,0,32,0,0,28,0,28,8,11,41,0,60,32,0,32,92
06/22/2015,BMI,IL,AGL,CE,Federal Contract Tower,12,12,11,0,35,0,0,17,0,17,12,12,28,0,52,38,0,38,90
06/23/2015,BMI,IL,AGL,CE,Federal Contract Tower,8,11,14,0,33,0,0,57,0,57,8,11,71,0,90,96,0,96,186
06/24/2015,BMI,IL,AGL,CE,Federal Contract Tower,7,15,11,0,33,0,0,19,0,19,7,15,30,0,52,48,0,48,100
06/25/2015,BMI,IL,AGL,CE,Federal Contract Tower,8,12,12,4,36,0,0,33,2,35,8,12,45,6,71,66,4,70,141
06/26/2015,BMI,IL,AGL,CE,Federal Contract Tower,11,13,15,0,39,0,0,0,0,0,11,13,15,0,39,0,0,0,39
06/27/2015,BMI,IL,AGL,CE,Federal Contract Tower,6,12,10,0,28,0,0,68,0,68,6,12,78,0,96,58,0,58,154
06/28/2015,BMI,IL,AGL,CE,Federal Contract Tower,9,12,6,0,27,0,0,41,0,41,9,12,47,0,68,54,0,54,122
06/29/2015,BMI,IL,AGL,CE,Federal Contract Tower,10,11,19,2,42,0,0,19,0,19,10,11,38,2,61,22,0,22,83
06/30/2015,BMI,IL,AGL,CE,Federal Contract Tower,8,13,12,1,34,0,0,20,0,20,8,13,32,1,54,14,0,14,68
07/01/2015,BMI,IL,AGL,CE,Federal Contract Tower,6,14,16,0,36,0,0,15,2,17,6,14,31,2,53,96,0,96,149
07/02/2015,BMI,IL,AGL,CE,Federal Contract Tower,10,14,24,0,48,0,0,28,2,30,10,14,52,2,78,38,0,38,116
07/03/2015,BMI,IL,AGL,CE,Federal Contract Tower,9,10,5,0,24,0,0,58,0,58,9,10,63,0,82,42,0,42,124
07/04/2015,BMI,IL,AGL,CE,Federal Contract Tower,6,11,2,0,19,0,0,56,0,56,6,11,58,0,75,8,0,8,83
07/05/2015,BMI,IL,AGL,CE,Federal Contract Tower,9,12,13,0,34,0,0,34,0,34,9,12,47,0,68,6,0,6,74
07/06/2015,BMI,IL,AGL,CE,Federal Contract Tower,11,13,7,0,31,0,0,19,0,19,11,13,26,0,50,34,0,34,84
07/07/2015,BMI,IL,AGL,CE,Federal Contract Tower,8,10,17,0,35,0,0,5,0,5,8,10,22,0,40,0,0,0,40
07/08/2015,BMI,IL,AGL,CE,Federal Contract Tower,7,12,15,0,34,0,0,2,0,2,7,12,17,0,36,0,0,0,36
07/09/2015,BMI,IL,AGL,CE,Federal Contract Tower,12,15,25,2,54,0,0,15,0,15,12,15,40,2,69,20,2,22,91
07/10/2015,BMI,IL,AGL,CE,Federal Contract Tower,14,12,17,0,43,0,0,46,0,46,14,12,63,0,89,44,0,44,133
07/11/2015,BMI,IL,AGL,CE,Federal Contract Tower,8,10,12,0,30,0,0,2,0,2,8,10,14,0,32,0,0,0,32
07/12/2015,BMI,IL,AGL,CE,Federal Contract Tower,11,10,16,0,37,0,0,18,0,18,11,10,34,0,55,20,0,20,75
07/13/2015,BMI,IL,AGL,CE,Federal Contract Tower,10,7,10,0,27,0,0,25,1,26,10,7,35,1,53,24,0,24,77
07/14/2015,BMI,IL,AGL,CE,Federal Contract Tower,6,13,13,0,32,0,0,34,0,34,6,13,47,0,66,62,0,62,128
07/15/2015,BMI,IL,AGL,CE,Federal Contract Tower,7,11,13,0,31,0,0,58,0,58,7,11,71,0,89,48,0,48,137
07/16/2015,BMI,IL,AGL,CE,Federal Contract Tower,11,13,26,0,50,0,0,18,0,18,11,13,44,0,68,18,0,18,86
07/17/2015,BMI,IL,AGL,CE,Federal Contract Tower,13,11,18,0,42,0,0,30,0,30,13,11,48,0,72,34,0,34,106
07/18/2015,BMI,IL,AGL,CE,Federal Contract Tower,12,8,11,0,31,0,0,52,0,52,12,8,63,0,83,22,0,22,105
07/19/2015,BMI,IL,AGL,CE,Federal Contract Tower,9,11,9,0,29,0,0,18,0,18,9,11,27,0,47,20,0,20,67
07/20/2015,BMI,IL,AGL,CE,Federal Contract Tower,12,12,12,0,36,0,2,16,0,18,12,14,28,0,54,28,0,28,82
07/21/2015,BMI,IL,AGL,CE,Federal Contract Tower,7,11,17,2,37,0,0,48,0,48,7,11,65,2,85,70,2,72,157
07/22/2015,BMI,IL,AGL,CE,Federal Contract Tower,8,13,19,0,40,0,0,50,0,50,8,13,69,0,90,72,0,72,162
07/23/2015,BMI,IL,AGL,CE,Federal Contract Tower,10,13,23,0,46,0,0,53,0,53,10,13,76,0,99,92,0,92,191
07/24/2015,BMI,IL,AGL,CE,Federal Contract Tower,12,13,13,0,38,0,0,46,0,46,12,13,59,0,84,60,0,60,144
07/25/2015,BMI,IL,AGL,CE,Federal Contract Tower,7,9,8,0,24,0,0,27,0,27,7,9,35,0,51,64,0,64,115
07/26/2015,BMI,IL,AGL,CE,Federal Contract Tower,9,12,12,0,33,0,0,15,0,15,9,12,27,0,48,20,0,20,68
07/27/2015,BMI,IL,AGL,CE,Federal Contract Tower,11,11,15,0,37,0,0,21,0,21,11,11,36,0,58,34,0,34,92
07/28/2015,BMI,IL,AGL,CE,Federal Contract Tower,8,11,7,0,26,0,0,21,0,21,8,11,28,0,47,30,0,30,77
07/29/2015,BMI,IL,AGL,CE,Federal Contract Tower,7,12,11,2,32,0,0,28,0,28,7,12,39,2,60,8,0,8,68
07/30/2015,BMI,IL,AGL,CE,Federal Contract Tower,10,13,24,0,47,0,0,53,0,53,10,13,77,0,100,14,0,14,114
07/31/2015,BMI,IL,AGL,CE,Federal Contract Tower,11,11,17,0,39,0,0,39,0,39,11,11,56,0,78,34,2,36,114
08/01/2015,BMI,IL,AGL,CE,Federal Contract Tower,6,11,7,0,24,0,0,58,0,58,6,11,65,0,82,24,0,24,106
08/02/2015,BMI,IL,AGL,CE,Federal Contract Tower,11,9,9,0,29,0,0,19,4,23,11,9,28,4,52,0,6,6,58
08/03/2015,BMI,IL,AGL,CE,Federal Contract Tower,12,11,11,0,34,0,0,24,4,28,12,11,35,4,62,20,0,20,82
08/04/2015,BMI,IL,AGL,CE,Federal Contract Tower,7,10,10,0,27,0,0,31,0,31,7,10,41,0,58,44,0,44,102
08/05/2015,BMI,IL,AGL,CE,Federal Contract Tower,10,12,14,0,36,0,0,31,0,31,10,12,45,0,67,24,2,26,93
08/06/2015,BMI,IL,AGL,CE,Federal Contract Tower,10,11,17,0,38,0,0,33,0,33,10,11,50,0,71,48,0,48,119
08/07/2015,BMI,IL,AGL,CE,Federal Contract Tower,13,12,26,0,51,0,0,46,0,46,13,12,72,0,97,98,0,98,195
08/08/2015,BMI,IL,AGL,CE,Federal Contract Tower,6,11,7,0,24,0,0,46,0,46,6,11,53,0,70,34,0,34,104
08/09/2015,BMI,IL,AGL,CE,Federal Contract Tower,8,11,5,0,24,0,0,0,0,0,8,11,5,0,24,0,0,0,24
08/10/2015,BMI,IL,AGL,CE,Federal Contract Tower,11,11,11,0,33,0,0,6,0,6,11,11,17,0,39,0,0,0,39
08/11/2015,BMI,IL,AGL,CE,Federal Contract Tower,8,10,15,0,33,0,0,28,0,28,8,10,43,0,61,26,0,26,87
08/12/2015,BMI,IL,AGL,CE,Federal Contract Tower,7,12,16,0,35,0,0,51,0,51,7,12,67,0,86,86,0,86,172
08/13/2015,BMI,IL,AGL,CE,Federal Contract Tower,10,16,12,0,38,0,0,52,0,52,10,16,64,0,90,74,0,74,164
08/14/2015,BMI,IL,AGL,CE,Federal Contract Tower,10,16,16,0,42,0,0,37,0,37,10,16,53,0,79,52,0,52,131
08/15/2015,BMI,IL,AGL,CE,Federal Contract Tower,5,10,4,0,19,0,0,55,0,55,5,10,59,0,74,24,0,24,98
08/16/2015,BMI,IL,AGL,CE,Federal Contract Tower,9,12,8,0,29,0,0,57,0,57,9,12,65,0,86,44,0,44,130
08/17/2015,BMI,IL,AGL,CE,Federal Contract Tower,13,11,13,0,37,0,0,20,0,20,13,11,33,0,57,14,0,14,71
08/18/2015,BMI,IL,AGL,CE,Federal Contract Tower,6,9,3,0,18,0,0,4,0,4,6,9,7,0,22,14,0,14,36
08/19/2015,BMI,IL,AGL,CE,Federal Contract Tower,7,11,11,2,31,0,0,20,0,20,7,11,31,2,51,30,0,30,81
08/20/2015,BMI,IL,AGL,CE,Federal Contract Tower,13,10,13,2,38,0,0,43,0,43,13,10,56,2,81,40,12,52,133
08/21/2015,BMI,IL,AGL,CE,Federal Contract Tower,11,14,16,1,42,0,0,47,0,47,11,14,63,1,89,50,0,50,139
08/22/2015,BMI,IL,AGL,CE,Federal Contract Tower,3,7,6,0,16,0,0,61,0,61,3,7,67,0,77,30,0,30,107
08/23/2015,BMI,IL,AGL,CE,Federal Contract Tower,10,10,13,0,33,0,0,14,0,14,10,10,27,0,47,24,0,24,71
08/24/2015,BMI,IL,AGL,CE,Federal Contract Tower,12,11,7,0,30,0,0,34,0,34,12,11,41,0,64,38,0,38,102
08/25/2015,BMI,IL,AGL,CE,Federal Contract Tower,8,11,18,2,39,0,0,44,1,45,8,11,62,3,84,56,2,58,142
08/26/2015,BMI,IL,AGL,CE,Federal Contract Tower,8,17,24,0,49,0,0,39,0,39,8,17,63,0,88,78,0,78,166
08/27/2015,BMI,IL,AGL,CE,Federal Contract Tower,12,14,20,0,46,0,0,51,0,51,12,14,71,0,97,122,0,122,219
08/28/2015,BMI,IL,AGL,CE,Federal Contract Tower,11,12,20,0,43,0,0,40,0,40,11,12,60,0,83,70,0,70,153
08/29/2015,BMI,IL,AGL,CE,Federal Contract Tower,3,8,4,0,15,0,0,35,0,35,3,8,39,0,50,78,0,78,128
08/30/2015,BMI,IL,AGL,CE,Federal Contract Tower,10,8,9,0,27,0,0,19,0,19,10,8,28,0,46,26,0,26,72
08/31/2015,BMI,IL,AGL,CE,Federal Contract Tower,9,9,22,0,40,0,0,12,0,12,9,9,34,0,52,30,0,30,82
09/01/2015,BMI,IL,AGL,CE,Federal Contract Tower,9,14,7,0,30,0,0,14,0,14,9,14,21,0,44,14,0,14,58
09/02/2015,BMI,IL,AGL,CE,Federal Contract Tower,8,14,16,2,40,0,0,54,0,54,8,14,70,2,94,48,0,48,142
09/03/2015,BMI,IL,AGL,CE,Federal Contract Tower,9,14,9,2,34,0,0,31,0,31,9,14,40,2,65,24,2,26,91
09/04/2015,BMI,IL,AGL,CE,Federal Contract Tower,11,12,17,0,40,0,0,38,0,38,11,12,55,0,78,18,0,18,96
09/05/2015,BMI,IL,AGL,CE,Federal Contract Tower,5,6,5,0,16,0,0,44,0,44,5,6,49,0,60,56,0,56,116
09/06/2015,BMI,IL,AGL,CE,Federal Contract Tower,6,6,5,0,17,0,0,32,0,32,6,6,37,0,49,0,0,0,49
09/07/2015,BMI,IL,AGL,CE,Federal Contract Tower,10,11,8,0,29,0,0,19,0,19,10,11,27,0,48,24,0,24,72
09/08/2015,BMI,IL,AGL,CE,Federal Contract Tower,9,10,13,0,32,0,0,8,0,8,9,10,21,0,40,2,0,2,42
09/09/2015,BMI,IL,AGL,CE,Federal Contract Tower,8,14,12,0,34,0,0,24,0,24,8,14,36,0,58,14,0,14,72
09/10/2015,BMI,IL,AGL,CE,Federal Contract Tower,10,14,23,0,47,0,0,27,0,27,10,14,50,0,74,26,4,30,104
09/11/2015,BMI,IL,AGL,CE,Federal Contract Tower,11,12,18,0,41,0,0,23,0,23,11,12,41,0,64,36,0,36,100
09/12/2015,BMI,IL,AGL,CE,Federal Contract Tower,6,10,13,0,29,0,0,26,0,26,6,10,39,0,55,10,0,10,65
09/13/2015,BMI,IL,AGL,CE,Federal Contract Tower,9,11,10,0,30,0,0,49,0,49,9,11,59,0,79,26,0,26,105
09/14/2015,BMI,IL,AGL,CE,Federal Contract Tower,11,12,19,0,42,0,0,24,0,24,11,12,43,0,66,14,0,14,80
09/15/2015,BMI,IL,AGL,CE,Federal Contract Tower,8,10,19,0,37,0,1,26,0,27,8,11,45,0,64,40,0,40,104
09/16/2015,BMI,IL,AGL,CE,Federal Contract Tower,8,15,14,0,37,0,0,10,0,10,8,15,24,0,47,20,0,20,67
09/17/2015,BMI,IL,AGL,CE,Federal Contract Tower,9,11,26,2,48,0,0,6,2,8,9,11,32,4,56,10,0,10,66
09/18/2015,BMI,IL,AGL,CE,Federal Contract Tower,10,12,11,0,33,0,0,3,0,3,10,12,14,0,36,0,0,0,36
09/19/2015,BMI,IL,AGL,CE,Federal Contract Tower,6,8,14,0,28,0,0,19,0,19,6,8,33,0,47,32,0,32,79
09/20/2015,BMI,IL,AGL,CE,Federal Contract Tower,9,12,8,0,29,0,0,53,0,53,9,12,61,0,82,12,0,12,94
09/21/2015,BMI,IL,AGL,CE,Federal Contract Tower,10,14,14,0,38,0,0,38,0,38,10,14,52,0,76,50,0,50,126
09/22/2015,BMI,IL,AGL,CE,Federal Contract Tower,9,12,7,0,28,0,0,41,0,41,9,12,48,0,69,58,0,58,127
09/23/2015,BMI,IL,AGL,CE,Federal Contract Tower,9,15,15,0,39,0,0,62,0,62,9,15,77,0,101,54,0,54,155
09/24/2015,BMI,IL,AGL,CE,Federal Contract Tower,11,12,23,0,46,0,0,39,0,39,11,12,62,0,85,66,0,66,151
09/25/2015,BMI,IL,AGL,CE,Federal Contract Tower,10,11,21,0,42,0,0,46,0,46,10,11,67,0,88,34,0,34,122
09/26/2015,BMI,IL,AGL,CE,Federal Contract Tower,6,8,4,0,18,0,0,45,0,45,6,8,49,0,63,24,0,24,87
09/27/2015,BMI,IL,AGL,CE,Federal Contract Tower,8,13,10,0,31,0,0,29,0,29,8,13,39,0,60,20,0,20,80
09/28/2015,BMI,IL,AGL,CE,Federal Contract Tower,11,14,19,0,44,0,0,25,0,25,11,14,44,0,69,14,10,24,93
09/29/2015,BMI,IL,AGL,CE,Federal Contract Tower,8,11,17,0,36,0,5,1,0,6,8,16,18,0,42,12,0,12,54
09/30/2015,BMI,IL,AGL,CE,Federal Contract Tower,8,13,19,0,40,0,0,33,0,33,8,13,52,0,73,20,0,20,93
10/01/2015,BMI,IL,AGL,CE,Federal Contract Tower,7,16,20,0,43,0,0,8,0,8,7,16,28,0,51,10,0,10,61
10/02/2015,BMI,IL,AGL,CE,Federal Contract Tower,8,16,15,0,39,0,0,16,0,16,8,16,31,0,55,6,0,6,61
10/03/2015,BMI,IL,AGL,CE,Federal Contract Tower,5,9,4,0,18,0,0,15,0,15,5,9,19,0,33,40,0,40,73
10/04/2015,BMI,IL,AGL,CE,Federal Contract Tower,8,13,11,0,32,0,0,5,0,5,8,13,16,0,37,6,0,6,43
10/05/2015,BMI,IL,AGL,CE,Federal Contract Tower,9,17,11,0,37,0,0,11,0,11,9,17,22,0,48,14,0,14,62
10/06/2015,BMI,IL,AGL,CE,Federal Contract Tower,5,16,11,0,32,0,0,21,0,21,5,16,32,0,53,54,0,54,107
10/07/2015,BMI,IL,AGL,CE,Federal Contract Tower,6,15,15,2,38,0,0,42,2,44,6,15,57,4,82,48,0,48,130
10/08/2015,BMI,IL,AGL,CE,Federal Contract Tower,9,13,17,1,40,0,0,20,1,21,9,13,37,2,61,14,0,14,75
10/09/2015,BMI,IL,AGL,CE,Federal Contract Tower,10,16,26,0,52,0,0,17,0,17,10,16,43,0,69,26,0,26,95
10/10/2015,BMI,IL,AGL,CE,Federal Contract Tower,3,8,8,0,19,0,0,51,0,51,3,8,59,0,70,60,0,60,130
10/11/2015,BMI,IL,AGL,CE,Federal Contract Tower,8,11,13,0,32,0,0,39,0,39,8,11,52,0,71,54,0,54,125
10/12/2015,BMI,IL,AGL,CE,Federal Contract Tower,7,18,11,0,36,0,0,17,0,17,7,18,28,0,53,22,0,22,75
10/13/2015,BMI,IL,AGL,CE,Federal Contract Tower,7,14,7,0,28,0,0,19,0,19,7,14,26,0,47,22,0,22,69
10/14/2015,BMI,IL,AGL,CE,Federal Contract Tower,5,13,8,0,26,0,0,37,0,37,5,13,45,0,63,28,0,28,91
10/15/2015,BMI,IL,AGL,CE,Federal Contract Tower,8,15,16,0,39,0,0,30,0,30,8,15,46,0,69,38,0,38,107
10/16/2015,BMI,IL,AGL,CE,Federal Contract Tower,8,16,22,0,46,0,0,22,0,22,8,16,44,0,68,40,0,40,108
10/17/2015,BMI,IL,AGL,CE,Federal Contract Tower,3,9,8,0,20,0,0,52,0,52,3,9,60,0,72,74,4,78,150
10/18/2015,BMI,IL,AGL,CE,Federal Contract Tower,8,12,9,0,29,0,0,42,0,42,8,12,51,0,71,30,0,30,101
10/19/2015,BMI,IL,AGL,CE,Federal Contract Tower,8,15,6,0,29,0,0,6,0,6,8,15,12,0,35,6,0,6,41
10/20/2015,BMI,IL,AGL,CE,Federal Contract Tower,6,14,17,0,37,0,0,19,0,19,6,14,36,0,56,16,0,16,72
10/21/2015,BMI,IL,AGL,CE,Federal Contract Tower,7,15,20,0,42,0,0,17,0,17,7,15,37,0,59,22,0,22,81
10/22/2015,BMI,IL,AGL,CE,Federal Contract Tower,9,16,9,0,34,0,0,28,0,28,9,16,37,0,62,12,0,12,74
10/23/2015,BMI,IL,AGL,CE,Federal Contract Tower,8,15,15,0,38,0,0,8,0,8,8,15,23,0,46,6,0,6,52
10/24/2015,BMI,IL,AGL,CE,Federal Contract Tower,5,9,19,0,33,0,0,0,0,0,5,9,19,0,33,0,0,0,33
10/25/2015,BMI,IL,AGL,CE,Federal Contract Tower,8,14,10,0,32,0,0,43,0,43,8,14,53,0,75,26,0,26,101
10/26/2015,BMI,IL,AGL,CE,Federal Contract Tower,8,14,8,0,30,0,0,30,0,30,8,14,38,0,60,20,0,20,80
10/27/2015,BMI,IL,AGL,CE,Federal Contract Tower,5,15,6,4,30,0,0,0,0,0,5,15,6,4,30,0,0,0,30
10/28/2015,BMI,IL,AGL,CE,Federal Contract Tower,4,14,11,0,29,0,0,1,0,1,4,14,12,0,30,0,0,0,30
10/29/2015,BMI,IL,AGL,CE,Federal Contract Tower,8,18,31,4,61,0,0,23,0,23,8,18,54,4,84,4,2,6,90
10/30/2015,BMI,IL,AGL,CE,Federal Contract Tower,9,17,15,0,41,0,0,51,0,51,9,17,66,0,92,42,0,42,134
10/31/2015,BMI,IL,AGL,CE,Federal Contract Tower,4,9,4,0,17,0,0,0,0,0,4,9,4,0,17,0,0,0,17
11/01/2015,BMI,IL,AGL,CE,Federal Contract Tower,7,13,9,0,29,0,0,40,0,40,7,13,49,0,69,20,0,20,89
11/02/2015,BMI,IL,AGL,CE,Federal Contract Tower,8,14,12,0,34,0,0,27,0,27,8,14,39,0,61,52,0,52,113
11/03/2015,BMI,IL,AGL,CE,Federal Contract Tower,8,12,18,2,40,0,0,0,0,0,8,12,18,2,40,2,4,6,46
11/04/2015,BMI,IL,AGL,CE,Federal Contract Tower,6,14,18,0,38,0,0,15,0,15,6,14,33,0,53,52,0,52,105
11/05/2015,BMI,IL,AGL,CE,Federal Contract Tower,8,19,17,0,44,0,0,5,0,5,8,19,22,0,49,0,0,0,49
11/06/2015,BMI,IL,AGL,CE,Federal Contract Tower,10,20,10,6,46,0,0,24,2,26,10,20,34,8,72,34,8,42,114
11/07/2015,BMI,IL,AGL,CE,Federal Contract Tower,5,7,10,0,22,0,0,72,0,72,5,7,82,0,94,52,0,52,146
11/08/2015,BMI,IL,AGL,CE,Federal Contract Tower,7,16,12,0,35,0,0,45,0,45,7,16,57,0,80,44,0,44,124
11/09/2015,BMI,IL,AGL,CE,Federal Contract Tower,9,19,10,0,38,0,0,39,0,39,9,19,49,0,77,36,0,36,113
11/10/2015,BMI,IL,AGL,CE,Federal Contract Tower,6,16,16,2,40,0,0,35,0,35,6,16,51,2,75,34,2,36,111
11/11/2015,BMI,IL,AGL,CE,Federal Contract Tower,7,18,14,0,39,0,0,7,0,7,7,18,21,0,46,0,0,0,46
11/12/2015,BMI,IL,AGL,CE,Federal Contract Tower,9,24,16,2,51,0,0,2,2,4,9,24,18,4,55,0,0,0,55
11/13/2015,BMI,IL,AGL,CE,Federal Contract Tower,9,24,8,2,43,0,0,22,0,22,9,24,30,2,65,20,0,20,85
11/14/2015,BMI,IL,AGL,CE,Federal Contract Tower,4,8,11,0,23,0,0,44,0,44,4,8,55,0,67,10,0,10,77
11/15/2015,BMI,IL,AGL,CE,Federal Contract Tower,8,16,6,0,30,0,0,81,0,81,8,16,87,0,111,80,0,80,191
11/16/2015,BMI,IL,AGL,CE,Federal Contract Tower,7,18,15,0,40,0,0,11,0,11,7,18,26,0,51,12,0,12,63
11/17/2015,BMI,IL,AGL,CE,Federal Contract Tower,7,17,9,0,33,0,0,0,0,0,7,17,9,0,33,0,0,0,33
11/18/2015,BMI,IL,AGL,CE,Federal Contract Tower,6,14,14,0,34,0,0,2,0,2,6,14,16,0,36,0,0,0,36
11/19/2015,BMI,IL,AGL,CE,Federal Contract Tower,8,21,17,2,48,0,0,13,0,13,8,21,30,2,61,0,3,3,64
11/20/2015,BMI,IL,AGL,CE,Federal Contract Tower,8,18,13,3,42,0,0,50,3,53,8,18,63,6,95,58,6,64,159
11/21/2015,BMI,IL,AGL,CE,Federal Contract Tower,6,5,6,0,17,0,0,1,0,1,6,5,7,0,18,0,0,0,18
11/22/2015,BMI,IL,AGL,CE,Federal Contract Tower,6,14,12,0,32,0,0,17,0,17,6,14,29,0,49,22,0,22,71
11/23/2015,BMI,IL,AGL,CE,Federal Contract Tower,6,18,14,0,38,0,0,30,0,30,6,18,44,0,68,20,0,20,88
11/24/2015,BMI,IL,AGL,CE,Federal Contract Tower,6,16,17,2,41,0,0,28,0,28,6,16,45,2,69,42,0,42,111
11/25/2015,BMI,IL,AGL,CE,Federal Contract Tower,9,19,3,0,31,0,0,12,0,12,9,19,15,0,43,8,0,8,51
11/26/2015,BMI,IL,AGL,CE,Federal Contract Tower,5,10,2,0,17,0,0,0,0,0,5,10,2,0,17,0,0,0,17
11/27/2015,BMI,IL,AGL,CE,Federal Contract Tower,8,16,3,0,27,0,0,0,0,0,8,16,3,0,27,0,0,0,27
11/28/2015,BMI,IL,AGL,CE,Federal Contract Tower,5,13,7,0,25,0,0,0,0,0,5,13,7,0,25,0,0,0,25
11/29/2015,BMI,IL,AGL,CE,Federal Contract Tower,9,16,11,0,36,0,0,28,0,28,9,16,39,0,64,56,0,56,120
11/30/2015,BMI,IL,AGL,CE,Federal Contract Tower,7,16,17,0,40,0,0,0,0,0,7,16,17,0,40,0,0,0,40
12/01/2015,BMI,IL,AGL,CE,Federal Contract Tower,9,14,14,2,39,0,0,11,1,12,9,14,25,3,51,8,8,16,67
12/02/2015,BMI,IL,AGL,CE,Federal Contract Tower,10,18,17,0,45,0,0,0,0,0,10,18,17,0,45,0,0,0,45
12/03/2015,BMI,IL,AGL,CE,Federal Contract Tower,10,15,16,0,41,0,0,0,0,0,10,15,16,0,41,0,0,0,41
12/04/2015,BMI,IL,AGL,CE,Federal Contract Tower,8,15,17,4,44,0,0,40,0,40,8,15,57,4,84,30,0,30,114
12/05/2015,BMI,IL,AGL,CE,Federal Contract Tower,5,7,21,0,33,0,0,14,0,14,5,7,35,0,47,4,0,4,51
12/06/2015,BMI,IL,AGL,CE,Federal Contract Tower,8,14,9,0,31,0,0,34,0,34,8,14,43,0,65,40,0,40,105
12/07/2015,BMI,IL,AGL,CE,Federal Contract Tower,8,14,9,0,31,0,0,0,0,0,8,14,9,0,31,0,0,0,31
12/08/2015,BMI,IL,AGL,CE,Federal Contract Tower,8,19,10,2,39,0,0,26,0,26,8,19,36,2,65,46,0,46,111
12/09/2015,BMI,IL,AGL,CE,Federal Contract Tower,10,15,17,0,42,0,0,30,0,30,10,15,47,0,72,54,0,54,126
12/10/2015,BMI,IL,AGL,CE,Federal Contract Tower,10,15,25,2,52,0,0,4,0,4,10,15,29,2,56,0,0,0,56
12/11/2015,BMI,IL,AGL,CE,Federal Contract Tower,10,17,7,0,34,0,0,27,0,27,10,17,34,0,61,16,0,16,77
12/12/2015,BMI,IL,AGL,CE,Federal Contract Tower,4,9,13,0,26,0,0,0,0,0,4,9,13,0,26,0,0,0,26
12/13/2015,BMI,IL,AGL,CE,Federal Contract Tower,8,13,14,0,35,0,0,0,0,0,8,13,14,0,35,0,0,0,35
12/14/2015,BMI,IL,AGL,CE,Federal Contract Tower,7,18,12,0,37,0,0,0,0,0,7,18,12,0,37,0,0,0,37
12/15/2015,BMI,IL,AGL,CE,Federal Contract Tower,8,14,20,1,43,0,0,2,0,2,8,14,22,1,45,8,0,8,53
12/16/2015,BMI,IL,AGL,CE,Federal Contract Tower,8,15,12,2,37,0,0,4,0,4,8,15,16,2,41,4,2,6,47
12/17/2015,BMI,IL,AGL,CE,Federal Contract Tower,10,15,17,0,42,0,0,22,0,22,10,15,39,0,64,60,0,60,124
12/18/2015,BMI,IL,AGL,CE,Federal Contract Tower,8,17,22,0,47,0,0,14,0,14,8,17,36,0,61,40,0,40,101
12/19/2015,BMI,IL,AGL,CE,Federal Contract Tower,8,13,4,0,25,0,0,48,0,48,8,13,52,0,73,42,0,42,115
12/20/2015,BMI,IL,AGL,CE,Federal Contract Tower,8,10,2,0,20,0,0,5,0,5,8,10,7,0,25,0,0,0,25
12/21/2015,BMI,IL,AGL,CE,Federal Contract Tower,7,11,7,0,25,0,0,1,0,1,7,11,8,0,26,0,0,0,26
12/22/2015,BMI,IL,AGL,CE,Federal Contract Tower,9,12,11,0,32,0,0,0,0,0,9,12,11,0,32,0,0,0,32
12/23/2015,BMI,IL,AGL,CE,Federal Contract Tower,10,12,5,0,27,0,0,2,0,2,10,12,7,0,29,6,0,6,35
12/24/2015,BMI,IL,AGL,CE,Federal Contract Tower,11,13,2,0,26,0,0,27,0,27,11,13,29,0,53,62,0,62,115
12/25/2015,BMI,IL,AGL,CE,Federal Contract Tower,4,7,0,0,11,0,0,11,0,11,4,7,11,0,22,8,0,8,30
12/26/2015,BMI,IL,AGL,CE,Federal Contract Tower,6,9,4,0,19,0,0,0,0,0,6,9,4,0,19,0,0,0,19
12/27/2015,BMI,IL,AGL,CE,Federal Contract Tower,8,8,10,0,26,0,0,3,0,3,8,8,13,0,29,0,0,0,29
12/28/2015,BMI,IL,AGL,CE,Federal Contract Tower,8,6,5,0,19,0,0,0,0,0,8,6,5,0,19,0,0,0,19
12/29/2015,BMI,IL,AGL,CE,Federal Contract Tower,8,15,5,0,28,0,0,0,0,0,8,15,5,0,28,0,10,10,38
12/30/2015,BMI,IL,AGL,CE,Federal Contract Tower,8,12,1,0,21,0,0,2,0,2,8,12,3,0,23,0,0,0,23
12/31/2015,BMI,IL,AGL,CE,Federal Contract Tower,7,12,0,0,19,0,0,0,0,0,7,12,0,0,19,0,0,0,19
01/01/2016,BMI,IL,AGL,CE,Federal Contract Tower,3,10,7,0,20,0,0,12,0,12,3,10,19,0,32,18,0,18,50
01/02/2016,BMI,IL,AGL,CE,Federal Contract Tower,8,12,4,0,24,0,0,47,0,47,8,12,51,0,71,82,0,82,153
01/03/2016,BMI,IL,AGL,CE,Federal Contract Tower,6,9,10,0,25,0,0,19,0,19,6,9,29,0,44,28,0,28,72
01/04/2016,BMI,IL,AGL,CE,Federal Contract Tower,8,13,8,0,29,0,0,16,0,16,8,13,24,0,45,14,0,14,59
01/05/2016,BMI,IL,AGL,CE,Federal Contract Tower,6,14,9,0,29,0,1,24,0,25,6,15,33,0,54,20,0,20,74
01/06/2016,BMI,IL,AGL,CE,Federal Contract Tower,7,18,6,0,31,0,0,18,0,18,7,18,24,0,49,36,0,36,85
01/07/2016,BMI,IL,AGL,CE,Federal Contract Tower,7,16,10,0,33,0,0,14,0,14,7,16,24,0,47,8,0,8,55
01/08/2016,BMI,IL,AGL,CE,Federal Contract Tower,9,16,0,0,25,0,0,0,0,0,9,16,0,0,25,0,0,0,25
01/09/2016,BMI,IL,AGL,CE,Federal Contract Tower,6,7,3,0,16,0,0,0,0,0,6,7,3,0,16,0,0,0,16
01/10/2016,BMI,IL,AGL,CE,Federal Contract Tower,11,11,6,0,28,0,0,8,0,8,11,11,14,0,36,0,2,2,38
01/11/2016,BMI,IL,AGL,CE,Federal Contract Tower,7,14,7,0,28,0,0,4,0,4,7,14,11,0,32,0,0,0,32
01/12/2016,BMI,IL,AGL,CE,Federal Contract Tower,5,18,11,1,35,0,0,4,0,4,5,18,15,1,39,0,0,0,39
01/13/2016,BMI,IL,AGL,CE,Federal Contract Tower,7,16,14,2,39,0,0,22,0,22,7,16,36,2,61,26,0,26,87
01/14/2016,BMI,IL,AGL,CE,Federal Contract Tower,8,16,17,0,41,0,0,31,0,31,8,16,48,0,72,8,0,8,80
01/15/2016,BMI,IL,AGL,CE,Federal Contract Tower,8,15,6,0,29,0,0,0,0,0,8,15,6,0,29,0,0,0,29
01/16/2016,BMI,IL,AGL,CE,Federal Contract Tower,3,8,10,0,21,0,0,8,0,8,3,8,18,0,29,0,0,0,29
01/17/2016,BMI,IL,AGL,CE,Federal Contract Tower,6,11,2,0,19,0,0,5,0,5,6,11,7,0,24,0,0,0,24
01/18/2016,BMI,IL,AGL,CE,Federal Contract Tower,7,17,15,0,39,0,0,21,0,21,7,17,36,0,60,22,0,22,82
01/19/2016,BMI,IL,AGL,CE,Federal Contract Tower,6,18,11,1,36,0,0,31,0,31,6,18,42,1,67,22,0,22,89
01/20/2016,BMI,IL,AGL,CE,Federal Contract Tower,7,16,11,4,38,0,0,21,0,21,7,16,32,4,59,0,12,12,71
01/21/2016,BMI,IL,AGL,CE,Federal Contract Tower,8,16,17,0,41,0,0,12,0,12,8,16,29,0,53,46,0,46,99
01/22/2016,BMI,IL,AGL,CE,Federal Contract Tower,10,17,10,0,37,0,0,2,0,2,10,17,12,0,39,12,0,12,51
01/23/2016,BMI,IL,AGL,CE,Federal Contract Tower,4,8,7,0,19,0,0,40,0,40,4,8,47,0,59,38,0,38,97
01/24/2016,BMI,IL,AGL,CE,Federal Contract Tower,8,14,2,0,24,0,0,30,0,30,8,14,32,0,54,18,0,18,72
01/25/2016,BMI,IL,AGL,CE,Federal Contract Tower,8,18,19,0,45,0,0,6,0,6,8,18,25,0,51,22,0,22,73
01/26/2016,BMI,IL,AGL,CE,Federal Contract Tower,6,16,9,0,31,0,0,5,0,5,6,16,14,0,36,8,0,8,44
01/27/2016,BMI,IL,AGL,CE,Federal Contract Tower,8,18,12,0,38,0,0,39,0,39,8,18,51,0,77,24,2,26,103
01/28/2016,BMI,IL,AGL,CE,Federal Contract Tower,9,15,12,0,36,0,0,27,2,29,9,15,39,2,65,28,0,28,93
01/29/2016,BMI,IL,AGL,CE,Federal Contract Tower,7,18,10,0,35,0,0,39,1,40,7,18,49,1,75,44,0,44,119
01/30/2016,BMI,IL,AGL,CE,Federal Contract Tower,4,9,7,0,20,0,0,82,0,82,4,9,89,0,102,38,0,38,140
01/31/2016,BMI,IL,AGL,CE,Federal Contract Tower,7,16,3,0,26,0,0,1,0,1,7,16,4,0,27,4,0,4,31
02/01/2016,BMI,IL,AGL,CE,Federal Contract Tower,8,16,20,0,44,0,0,23,0,23,8,16,43,0,67,26,0,26,93
02/02/2016,BMI,IL,AGL,CE,Federal Contract Tower,4,12,1,0,17,0,0,0,0,0,4,12,1,0,17,0,0,0,17
02/03/2016,BMI,IL,AGL,CE,Federal Contract Tower,6,17,15,0,38,0,0,0,0,0,6,17,15,0,38,0,0,0,38
02/04/2016,BMI,IL,AGL,CE,Federal Contract Tower,8,16,23,0,47,0,0,17,2,19,8,16,40,2,66,42,0,42,108
02/05/2016,BMI,IL,AGL,CE,Federal Contract Tower,9,14,8,0,31,0,0,12,0,12,9,14,20,0,43,32,0,32,75
02/06/2016,BMI,IL,AGL,CE,Federal Contract Tower,4,8,11,1,24,0,0,56,4,60,4,8,67,5,84,12,0,12,96
02/07/2016,BMI,IL,AGL,CE,Federal Contract Tower,5,12,1,0,18,0,0,18,0,18,5,12,19,0,36,4,0,4,40
02/08/2016,BMI,IL,AGL,CE,Federal Contract Tower,8,15,9,0,32,0,0,0,0,0,8,15,9,0,32,0,0,0,32
02/09/2016,BMI,IL,AGL,CE,Federal Contract Tower,7,16,10,0,33,0,0,2,0,2,7,16,12,0,35,0,0,0,35
02/10/2016,BMI,IL,AGL,CE,Federal Contract Tower,5,17,19,0,41,0,0,17,0,17,5,17,36,0,58,42,0,42,100
02/11/2016,BMI,IL,AGL,CE,Federal Contract Tower,10,16,17,1,44,0,0,34,0,34,10,16,51,1,78,48,14,62,140
02/12/2016,BMI,IL,AGL,CE,Federal Contract Tower,8,13,9,0,30,0,0,1,0,1,8,13,10,0,31,0,0,0,31
02/13/2016,BMI,IL,AGL,CE,Federal Contract Tower,4,8,7,0,19,0,0,40,0,40,4,8,47,0,59,28,0,28,87
02/14/2016,BMI,IL,AGL,CE,Federal Contract Tower,8,11,1,0,20,0,0,0,0,0,8,11,1,0,20,0,0,0,20
02/15/2016,BMI,IL,AGL,CE,Federal Contract Tower,7,11,2,0,20,0,0,0,0,0,7,11,2,0,20,0,0,0,20
02/16/2016,BMI,IL,AGL,CE,Federal Contract Tower,5,12,13,2,32,0,0,6,0,6,5,12,19,2,38,6,0,6,44
02/17/2016,BMI,IL,AGL,CE,Federal Contract Tower,5,16,20,0,41,0,0,16,0,16,5,16,36,0,57,42,0,42,99
02/18/2016,BMI,IL,AGL,CE,Federal Contract Tower,7,16,14,2,39,0,0,8,0,8,7,16,22,2,47,10,0,10,57
02/19/2016,BMI,IL,AGL,CE,Federal Contract Tower,8,12,5,1,26,0,0,0,2,2,8,12,5,3,28,0,6,6,34
02/20/2016,BMI,IL,AGL,CE,Federal Contract Tower,4,10,15,0,29,0,0,82,0,82,4,10,97,0,111,40,0,40,151
02/21/2016,BMI,IL,AGL,CE,Federal Contract Tower,8,13,6,0,27,0,0,32,2,34,8,13,38,2,61,0,0,0,61
02/22/2016,BMI,IL,AGL,CE,Federal Contract Tower,7,14,10,0,31,0,0,16,0,16,7,14,26,0,47,16,0,16,63
02/23/2016,BMI,IL,AGL,CE,Federal Contract Tower,7,14,10,1,32,0,0,26,2,28,7,14,36,3,60,44,0,44,104
02/24/2016,BMI,IL,AGL,CE,Federal Contract Tower,5,9,3,0,17,0,0,0,0,0,5,9,3,0,17,0,0,0,17
02/25/2016,BMI,IL,AGL,CE,Federal Contract Tower,8,16,10,0,34,0,0,11,4,15,8,16,21,4,49,0,0,0,49
02/26/2016,BMI,IL,AGL,CE,Federal Contract Tower,8,17,7,0,32,0,0,12,0,12,8,17,19,0,44,28,0,28,72
02/27/2016,BMI,IL,AGL,CE,Federal Contract Tower,4,11,6,0,21,0,0,46,0,46,4,11,52,0,67,34,0,34,101
02/28/2016,BMI,IL,AGL,CE,Federal Contract Tower,8,14,4,0,26,0,0,1,0,1,8,14,5,0,27,0,0,0,27
02/29/2016,BMI,IL,AGL,CE,Federal Contract Tower,8,19,8,0,35,0,0,12,0,12,8,19,20,0,47,2,0,2,49
03/01/2016,BMI,IL,AGL,CE,Federal Contract Tower,5,10,15,0,30,0,0,0,0,0,5,10,15,0,30,0,6,6,36
03/02/2016,BMI,IL,AGL,CE,Federal Contract Tower,6,19,13,3,41,0,1,32,0,33,6,20,45,3,74,18,6,24,98
03/03/2016,BMI,IL,AGL,CE,Federal Contract Tower,7,20,16,0,43,0,0,0,0,0,7,20,16,0,43,0,0,0,43
03/04/2016,BMI,IL,AGL,CE,Federal Contract Tower,7,20,16,0,43,0,0,52,0,52,7,20,68,0,95,58,0,58,153
03/05/2016,BMI,IL,AGL,CE,Federal Contract Tower,5,13,8,0,26,0,0,9,0,9,5,13,17,0,35,12,2,14,49
03/06/2016,BMI,IL,AGL,CE,Federal Contract Tower,7,15,9,0,31,0,0,29,0,29,7,15,38,0,60,14,0,14,74
03/07/2016,BMI,IL,AGL,CE,Federal Contract Tower,8,17,11,0,36,0,0,1,0,1,8,17,12,0,37,0,0,0,37
03/08/2016,BMI,IL,AGL,CE,Federal Contract Tower,4,15,16,0,35,0,0,6,0,6,4,15,22,0,41,0,6,6,47
03/09/2016,BMI,IL,AGL,CE,Federal Contract Tower,7,19,15,3,44,0,0,0,0,0,7,19,15,3,44,0,0,0,44
03/10/2016,BMI,IL,AGL,CE,Federal Contract Tower,8,22,18,0,48,0,0,8,0,8,8,22,26,0,56,22,0,22,78
03/11/2016,BMI,IL,AGL,CE,Federal Contract Tower,8,20,13,0,41,0,0,62,0,62,8,20,75,0,103,54,0,54,157
03/12/2016,BMI,IL,AGL,CE,Federal Contract Tower,8,11,13,0,32,0,0,33,0,33,8,11,46,0,65,74,0,74,139
03/13/2016,BMI,IL,AGL,CE,Federal Contract Tower,7,16,19,0,42,0,0,0,0,0,7,16,19,0,42,0,0,0,42
03/14/2016,BMI,IL,AGL,CE,Federal Contract Tower,7,22,8,0,37,0,0,3,0,3,7,22,11,0,40,0,0,0,40
03/15/2016,BMI,IL,AGL,CE,Federal Contract Tower,6,15,13,0,34,0,0,8,0,8,6,15,21,0,42,6,0,6,48
03/16/2016,BMI,IL,AGL,CE,Federal Contract Tower,7,16,11,0,34,0,0,6,0,6,7,16,17,0,40,0,0,0,40
03/17/2016,BMI,IL,AGL,CE,Federal Contract Tower,7,19,11,0,37,0,0,24,4,28,7,19,35,4,65,12,0,12,77
03/18/2016,BMI,IL,AGL,CE,Federal Contract Tower,8,19,10,0,37,0,0,33,0,33,8,19,43,0,70,40,0,40,110
03/19/2016,BMI,IL,AGL,CE,Federal Contract Tower,10,10,5,0,25,0,0,35,0,35,10,10,40,0,60,35,0,35,95
03/20/2016,BMI,IL,AGL,CE,Federal Contract Tower,7,15,7,0,29,0,0,29,0,29,7,15,36,0,58,6,0,6,64
03/21/2016,BMI,IL,AGL,CE,Federal Contract Tower,7,17,9,0,33,0,0,24,0,24,7,17,33,0,57,22,0,22,79
03/22/2016,BMI,IL,AGL,CE,Federal Contract Tower,5,16,7,0,28,0,0,6,0,6,5,16,13,0,34,8,0,8,42
03/23/2016,BMI,IL,AGL,CE,Federal Contract Tower,7,19,10,0,36,0,0,8,0,8,7,19,18,0,44,2,0,2,46
03/24/2016,BMI,IL,AGL,CE,Federal Contract Tower,7,18,9,0,34,0,0,6,0,6,7,18,15,0,40,0,0,0,40
03/25/2016,BMI,IL,AGL,CE,Federal Contract Tower,8,18,9,0,35,0,0,48,0,48,8,18,57,0,83,52,0,52,135
03/26/2016,BMI,IL,AGL,CE,Federal Contract Tower,8,8,9,0,25,0,0,41,0,41,8,8,50,0,66,36,0,36,102
03/27/2016,BMI,IL,AGL,CE,Federal Contract Tower,5,13,6,0,24,0,0,4,0,4,5,13,10,0,28,4,0,4,32
03/28/2016,BMI,IL,AGL,CE,Federal Contract Tower,9,16,11,0,36,0,0,15,0,15,9,16,26,0,51,28,0,28,79
03/29/2016,BMI,IL,AGL,CE,Federal Contract Tower,5,14,23,2,44,0,0,38,6,44,5,14,61,8,88,12,2,14,102
03/30/2016,BMI,IL,AGL,CE,Federal Contract Tower,7,14,13,0,34,0,0,2,0,2,7,14,15,0,36,2,0,2,38
03/31/2016,BMI,IL,AGL,CE,Federal Contract Tower,8,18,10,1,37,0,0,1,1,2,8,18,11,2,39,0,0,0,39
04/01/2016,BMI,IL,AGL,CE,Federal Contract Tower,7,18,13,2,40,0,0,2,0,2,7,18,15,2,42,0,0,0,42
04/02/2016,BMI,IL,AGL,CE,Federal Contract Tower,10,10,2,0,22,0,0,3,2,5,10,10,5,2,27,0,0,0,27
04/03/2016,BMI,IL,AGL,CE,Federal Contract Tower,7,13,5,0,25,0,0,15,0,15,7,13,20,0,40,22,0,22,62
04/04/2016,BMI,IL,AGL,CE,Federal Contract Tower,7,21,11,0,39,0,0,10,0,10,7,21,21,0,49,20,0,20,69
04/05/2016,BMI,IL,AGL,CE,Federal Contract Tower,7,14,18,0,39,0,0,12,0,12,7,14,30,0,51,12,0,12,63
04/06/2016,BMI,IL,AGL,CE,Federal Contract Tower,5,15,13,0,33,0,0,0,0,0,5,15,13,0,33,0,0,0,33
04/07/2016,BMI,IL,AGL,CE,Federal Contract Tower,8,17,14,5,44,0,0,6,4,10,8,17,20,9,54,0,2,2,56
04/08/2016,BMI,IL,AGL,CE,Federal Contract Tower,7,16,14,0,37,0,0,1,0,1,7,16,15,0,38,0,0,0,38
04/09/2016,BMI,IL,AGL,CE,Federal Contract Tower,5,10,13,0,28,0,0,69,0,69,5,10,82,0,97,22,0,22,119
04/10/2016,BMI,IL,AGL,CE,Federal Contract Tower,7,16,8,0,31,0,0,0,0,0,7,16,8,0,31,0,0,0,31
04/11/2016,BMI,IL,AGL,CE,Federal Contract Tower,6,21,15,2,44,0,0,0,6,6,6,21,15,8,50,0,0,0,50
04/12/2016,BMI,IL,AGL,CE,Federal Contract Tower,7,16,22,0,45,0,0,38,0,38,7,16,60,0,83,44,0,44,127
04/13/2016,BMI,IL,AGL,CE,Federal Contract Tower,6,18,16,1,41,0,0,28,0,28,6,18,44,1,69,24,0,24,93
04/14/2016,BMI,IL,AGL,CE,Federal Contract Tower,9,18,17,0,44,0,0,30,0,30,9,18,47,0,74,46,0,46,120
04/15/2016,BMI,IL,AGL,CE,Federal Contract Tower,10,16,10,0,36,0,0,30,0,30,10,16,40,0,66,4,0,4,70
04/16/2016,BMI,IL,AGL,CE,Federal Contract Tower,6,10,10,0,26,0,0,58,0,58,6,10,68,0,84,8,0,8,92
04/17/2016,BMI,IL,AGL,CE,Federal Contract Tower,8,16,16,0,40,0,0,26,0,26,8,16,42,0,66,26,0,26,92
04/18/2016,BMI,IL,AGL,CE,Federal Contract Tower,9,16,13,0,38,0,0,29,0,29,9,16,42,0,67,18,2,20,87
04/19/2016,BMI,IL,AGL,CE,Federal Contract Tower,5,17,25,2,49,0,0,21,0,21,5,17,46,2,70,28,4,32,102
04/20/2016,BMI,IL,AGL,CE,Federal Contract Tower,5,18,24,0,47,0,0,4,0,4,5,18,28,0,51,0,2,2,53
04/21/2016,BMI,IL,AGL,CE,Federal Contract Tower,8,16,23,0,47,0,0,5,0,5,8,16,28,0,52,6,0,6,58
04/22/2016,BMI,IL,AGL,CE,Federal Contract Tower,9,19,20,0,48,0,0,13,0,13,9,19,33,0,61,12,0,12,73
04/23/2016,BMI,IL,AGL,CE,Federal Contract Tower,4,10,9,0,23,0,0,69,0,69,4,10,78,0,92,40,0,40,132
04/24/2016,BMI,IL,AGL,CE,Federal Contract Tower,8,16,6,0,30,0,0,27,0,27,8,16,33,0,57,22,0,22,79
04/25/2016,BMI,IL,AGL,CE,Federal Contract Tower,8,19,19,2,48,0,0,8,0,8,8,19,27,2,56,0,6,6,62
04/26/2016,BMI,IL,AGL,CE,Federal Contract Tower,4,13,19,0,36,0,0,5,0,5,4,13,24,0,41,12,0,12,53
04/27/2016,BMI,IL,AGL,CE,Federal Contract Tower,6,17,16,0,39,0,0,0,0,0,6,17,16,0,39,0,0,0,39
04/28/2016,BMI,IL,AGL,CE,Federal Contract Tower,7,18,20,0,45,0,0,15,4,19,7,18,35,4,64,3,0,3,67
04/29/2016,BMI,IL,AGL,CE,Federal Contract Tower,7,15,16,0,38,0,0,7,0,7,7,15,23,0,45,4,0,4,49
04/30/2016,BMI,IL,AGL,CE,Federal Contract Tower,4,13,9,4,30,0,0,0,0,0,4,13,9,4,30,0,0,0,30
05/01/2016,BMI,IL,AGL,CE,Federal Contract Tower,7,14,10,0,31,0,0,0,0,0,7,14,10,0,31,0,0,0,31
05/02/2016,BMI,IL,AGL,CE,Federal Contract Tower,7,17,9,2,35,0,0,4,0,4,7,17,13,2,39,0,0,0,39
05/03/2016,BMI,IL,AGL,CE,Federal Contract Tower,5,16,6,0,27,0,0,47,0,47,5,16,53,0,74,38,0,38,112
05/04/2016,BMI,IL,AGL,CE,Federal Contract Tower,6,18,22,1,47,0,0,6,0,6,6,18,28,1,53,0,2,2,55
05/05/2016,BMI,IL,AGL,CE,Federal Contract Tower,6,18,23,3,50,0,0,44,0,44,6,18,67,3,94,38,0,38,132
05/06/2016,BMI,IL,AGL,CE,Federal Contract Tower,8,15,21,0,44,0,0,39,0,39,8,15,60,0,83,52,0,52,135
05/07/2016,BMI,IL,AGL,CE,Federal Contract Tower,3,12,10,0,25,0,0,10,0,10,3,12,20,0,35,0,0,0,35
05/08/2016,BMI,IL,AGL,CE,Federal Contract Tower,7,14,12,0,33,0,0,21,0,21,7,14,33,0,54,18,0,18,72
05/09/2016,BMI,IL,AGL,CE,Federal Contract Tower,7,20,7,2,36,0,0,0,0,0,7,20,7,2,36,0,0,0,36
05/10/2016,BMI,IL,AGL,CE,Federal Contract Tower,6,15,18,0,39,0,0,11,2,13,6,15,29,2,52,4,0,4,56
05/11/2016,BMI,IL,AGL,CE,Federal Contract Tower,6,15,13,0,34,0,0,15,0,15,6,15,28,0,49,12,4,16,65
05/12/2016,BMI,IL,AGL,CE,Federal Contract Tower,6,16,11,0,33,0,0,14,10,24,6,16,25,10,57,16,2,18,75
05/13/2016,BMI,IL,AGL,CE,Federal Contract Tower,6,19,15,4,44,0,0,22,0,22,6,19,37,4,66,18,0,18,84
05/14/2016,BMI,IL,AGL,CE,Federal Contract Tower,3,12,3,0,18,0,3,2,0,5,3,15,5,0,23,2,0,2,25
05/15/2016,BMI,IL,AGL,CE,Federal Contract Tower,8,14,2,0,24,0,0,27,0,27,8,14,29,0,51,6,0,6,57
05/16/2016,BMI,IL,AGL,CE,Federal Contract Tower,5,23,15,0,43,0,0,3,0,3,5,23,18,0,46,0,0,0,46
05/17/2016,BMI,IL,AGL,CE,Federal Contract Tower,5,17,19,0,41,0,0,13,0,13,5,17,32,0,54,24,0,24,78
05/18/2016,BMI,IL,AGL,CE,Federal Contract Tower,6,17,23,2,48,0,0,24,0,24,6,17,47,2,72,24,0,24,96
05/19/2016,BMI,IL,AGL,CE,Federal Contract Tower,8,19,16,0,43,0,0,39,2,41,8,19,55,2,84,50,0,50,134
05/20/2016,BMI,IL,AGL,CE,Federal Contract Tower,8,17,10,0,35,0,0,22,0,22,8,17,32,0,57,4,0,4,61
05/21/2016,BMI,IL,AGL,CE,Federal Contract Tower,6,11,4,0,21,0,0,39,0,39,6,11,43,0,60,22,0,22,82
05/22/2016,BMI,IL,AGL,CE,Federal Contract Tower,7,14,7,0,28,0,0,72,0,72,7,14,79,0,100,30,0,30,130
05/23/2016,BMI,IL,AGL,CE,Federal Contract Tower,7,16,11,0,34,0,0,25,0,25,7,16,36,0,59,48,0,48,107
05/24/2016,BMI,IL,AGL,CE,Federal Contract Tower,5,16,17,0,38,0,0,17,0,17,5,16,34,0,55,6,2,8,63
05/25/2016,BMI,IL,AGL,CE,Federal Contract Tower,6,14,6,1,27,0,0,9,0,9,6,14,15,1,36,0,0,0,36
05/26/2016,BMI,IL,AGL,CE,Federal Contract Tower,7,20,12,0,39,0,0,19,0,19,7,20,31,0,58,40,0,40,98
05/27/2016,BMI,IL,AGL,CE,Federal Contract Tower,8,20,13,0,41,0,0,1,0,1,8,20,14,0,42,0,0,0,42
05/28/2016,BMI,IL,AGL,CE,Federal Contract Tower,6,12,10,0,28,0,0,6,0,6,6,12,16,0,34,0,0,0,34
05/29/2016,BMI,IL,AGL,CE,Federal Contract Tower,5,12,2,0,19,0,0,28,0,28,5,12,30,0,47,10,0,10,57
05/30/2016,BMI,IL,AGL,CE,Federal Contract Tower,6,14,10,0,30,0,0,37,0,37,6,14,47,0,67,62,0,62,129
05/31/2016,BMI,IL,AGL,CE,Federal Contract Tower,6,15,20,0,41,0,0,3,0,3,6,15,23,0,44,2,0,2,46
06/01/2016,BMI,IL,AGL,CE,Federal Contract Tower,6,19,13,2,40,0,0,18,0,18,6,19,31,2,58,2,2,4,62
06/02/2016,BMI,IL,AGL,CE,Federal Contract Tower,8,16,11,2,37,0,0,46,0,46,8,16,57,2,83,18,0,18,101
06/03/2016,BMI,IL,AGL,CE,Federal Contract Tower,8,16,12,0,36,0,0,46,4,50,8,16,58,4,86,50,10,60,146
06/04/2016,BMI,IL,AGL,CE,Federal Contract Tower,6,10,6,0,22,0,0,9,0,9,6,10,15,0,31,20,0,20,51
06/05/2016,BMI,IL,AGL,CE,Federal Contract Tower,6,10,23,0,39,0,0,12,0,12,6,10,35,0,51,10,0,10,61
06/06/2016,BMI,IL,AGL,CE,Federal Contract Tower,7,15,15,0,37,0,0,12,0,12,7,15,27,0,49,22,0,22,71
06/07/2016,BMI,IL,AGL,CE,Federal Contract Tower,6,17,17,0,40,0,2,24,4,30,6,19,41,4,70,12,0,12,82
06/08/2016,BMI,IL,AGL,CE,Federal Contract Tower,6,18,10,0,34,0,0,24,0,24,6,18,34,0,58,14,0,14,72
06/09/2016,BMI,IL,AGL,CE,Federal Contract Tower,8,19,21,0,48,0,0,15,4,19,8,19,36,4,67,24,6,30,97
06/10/2016,BMI,IL,AGL,CE,Federal Contract Tower,4,18,5,0,27,0,0,35,0,35,4,18,40,0,62,14,0,14,76
06/11/2016,BMI,IL,AGL,CE,Federal Contract Tower,8,11,14,0,33,0,0,31,0,31,8,11,45,0,64,16,6,22,86
06/12/2016,BMI,IL,AGL,CE,Federal Contract Tower,6,11,20,0,37,0,0,16,0,16,6,11,36,0,53,12,0,12,65
06/13/2016,BMI,IL,AGL,CE,Federal Contract Tower,5,16,10,0,31,0,0,9,0,9,5,16,19,0,40,26,0,26,66
06/14/2016,BMI,IL,AGL,CE,Federal Contract Tower,7,18,14,0,39,0,0,11,0,11,7,18,25,0,50,14,0,14,64
06/15/2016,BMI,IL,AGL,CE,Federal Contract Tower,7,16,15,0,38,0,0,12,0,12,7,16,27,0,50,8,0,8,58
06/16/2016,BMI,IL,AGL,CE,Federal Contract Tower,9,16,13,0,38,0,0,16,4,20,9,16,29,4,58,24,0,24,82
06/17/2016,BMI,IL,AGL,CE,Federal Contract Tower,8,18,14,1,41,0,0,41,0,41,8,18,55,1,82,24,0,24,106
06/18/2016,BMI,IL,AGL,CE,Federal Contract Tower,6,11,6,0,23,0,0,46,0,46,6,11,52,0,69,32,0,32,101
06/19/2016,BMI,IL,AGL,CE,Federal Contract Tower,6,17,10,0,33,0,0,26,0,26,6,17,36,0,59,34,0,34,93
06/20/2016,BMI,IL,AGL,CE,Federal Contract Tower,6,18,3,0,27,0,0,15,0,15,6,18,18,0,42,6,0,6,48
06/21/2016,BMI,IL,AGL,CE,Federal Contract Tower,5,19,30,0,54,0,0,21,2,23,5,19,51,2,77,40,8,48,125
06/22/2016,BMI,IL,AGL,CE,Federal Contract Tower,6,16,15,0,37,0,0,3,0,3,6,16,18,0,40,0,0,0,40
06/23/2016,BMI,IL,AGL,CE,Federal Contract Tower,8,19,18,0,45,0,0,24,0,24,8,19,42,0,69,54,0,54,123
06/24/2016,BMI,IL,AGL,CE,Federal Contract Tower,6,15,36,1,58,0,0,23,2,25,6,15,59,3,83,18,2,20,103
06/25/2016,BMI,IL,AGL,CE,Federal Contract Tower,6,13,10,0,29,0,0,44,0,44,6,13,54,0,73,62,0,62,135
06/26/2016,BMI,IL,AGL,CE,Federal Contract Tower,6,14,8,0,28,0,0,15,0,15,6,14,23,0,43,14,0,14,57
06/27/2016,BMI,IL,AGL,CE,Federal Contract Tower,6,18,10,0,34,0,0,21,0,21,6,18,31,0,55,20,6,26,81
06/28/2016,BMI,IL,AGL,CE,Federal Contract Tower,5,18,18,0,41,0,0,28,4,32,5,18,46,4,73,10,0,10,83
06/29/2016,BMI,IL,AGL,CE,Federal Contract Tower,6,19,20,1,46,0,0,52,1,53,6,19,72,2,99,32,8,40,139
06/30/2016,BMI,IL,AGL,CE,Federal Contract Tower,8,18,14,0,40,0,0,17,0,17,8,18,31,0,57,26,6,32,89
07/01/2016,BMI,IL,AGL,CE,Federal Contract Tower,6,20,12,0,38,0,0,29,0,29,6,20,41,0,67,12,0,12,79
07/02/2016,BMI,IL,AGL,CE,Federal Contract Tower,5,14,4,0,23,0,0,28,0,28,5,14,32,0,51,12,0,12,63
07/03/2016,BMI,IL,AGL,CE,Federal Contract Tower,5,17,18,0,40,0,0,0,0,0,5,17,18,0,40,0,0,0,40
07/04/2016,BMI,IL,AGL,CE,Federal Contract Tower,5,16,5,0,26,0,0,6,0,6,5,16,11,0,32,0,0,0,32
07/05/2016,BMI,IL,AGL,CE,Federal Contract Tower,3,15,13,0,31,0,0,23,0,23,3,15,36,0,54,36,0,36,90
07/06/2016,BMI,IL,AGL,CE,Federal Contract Tower,6,15,5,0,26,0,0,5,0,5,6,15,10,0,31,0,0,0,31
07/07/2016,BMI,IL,AGL,CE,Federal Contract Tower,7,18,9,0,34,0,0,14,1,15,7,18,23,1,49,0,0,0,49
07/08/2016,BMI,IL,AGL,CE,Federal Contract Tower,5,17,13,0,35,0,0,38,2,40,5,17,51,2,75,30,0,30,105
07/09/2016,BMI,IL,AGL,CE,Federal Contract Tower,8,10,15,0,33,0,0,52,0,52,8,10,67,0,85,10,0,10,95
07/10/2016,BMI,IL,AGL,CE,Federal Contract Tower,7,19,8,0,34,0,0,34,0,34,7,19,42,0,68,24,0,24,92
07/11/2016,BMI,IL,AGL,CE,Federal Contract Tower,5,16,17,0,38,0,0,17,0,17,5,16,34,0,55,14,0,14,69
07/12/2016,BMI,IL,AGL,CE,Federal Contract Tower,7,17,13,3,40,0,0,19,1,20,7,17,32,4,60,24,6,30,90
07/13/2016,BMI,IL,AGL,CE,Federal Contract Tower,5,14,14,0,33,0,0,8,2,10,5,14,22,2,43,12,0,12,55
07/14/2016,BMI,IL,AGL,CE,Federal Contract Tower,7,16,20,2,45,0,0,29,0,29,7,16,49,2,74,34,0,34,108
07/15/2016,BMI,IL,AGL,CE,Federal Contract Tower,8,14,20,0,42,0,0,39,0,39,8,14,59,0,81,42,1,43,124
07/16/2016,BMI,IL,AGL,CE,Federal Contract Tower,5,10,10,0,25,0,0,57,0,57,5,10,67,0,82,26,0,26,108
07/17/2016,BMI,IL,AGL,CE,Federal Contract Tower,7,14,11,0,32,0,0,10,0,10,7,14,21,0,42,10,0,10,52
07/18/2016,BMI,IL,AGL,CE,Federal Contract Tower,8,17,13,0,38,0,0,10,0,10,8,17,23,0,48,8,0,8,56
07/19/2016,BMI,IL,AGL,CE,Federal Contract Tower,5,17,19,0,41,0,0,28,0,28,5,17,47,0,69,42,0,42,111
07/20/2016,BMI,IL,AGL,CE,Federal Contract Tower,5,17,14,0,36,0,0,19,0,19,5,17,33,0,55,20,0,20,75
07/21/2016,BMI,IL,AGL,CE,Federal Contract Tower,7,14,13,0,34,0,0,27,2,29,7,14,40,2,63,30,0,30,93
07/22/2016,BMI,IL,AGL,CE,Federal Contract Tower,8,20,13,2,43,0,0,27,0,27,8,20,40,2,70,4,0,4,74
07/23/2016,BMI,IL,AGL,CE,Federal Contract Tower,6,12,6,0,24,0,0,46,0,46,6,12,52,0,70,14,0,14,84
07/24/2016,BMI,IL,AGL,CE,Federal Contract Tower,7,13,18,0,38,0,0,27,0,27,7,13,45,0,65,14,0,14,79
07/25/2016,BMI,IL,AGL,CE,Federal Contract Tower,7,16,8,0,31,0,0,18,1,19,7,16,26,1,50,10,0,10,60
07/26/2016,BMI,IL,AGL,CE,Federal Contract Tower,3,15,19,1,38,0,0,27,3,30,3,15,46,4,68,50,0,50,118
07/27/2016,BMI,IL,AGL,CE,Federal Contract Tower,6,14,12,2,34,0,0,31,0,31,6,14,43,2,65,40,4,44,109
07/28/2016,BMI,IL,AGL,CE,Federal Contract Tower,7,18,26,8,59,0,0,17,0,17,7,18,43,8,76,10,4,14,90
07/29/2016,BMI,IL,AGL,CE,Federal Contract Tower,6,18,22,0,46,0,0,13,0,13,6,18,35,0,59,44,0,44,103
07/30/2016,BMI,IL,AGL,CE,Federal Contract Tower,5,9,9,0,23,0,0,16,0,16,5,9,25,0,39,42,0,42,81
07/31/2016,BMI,IL,AGL,CE,Federal Contract Tower,7,14,12,0,33,0,0,20,0,20,7,14,32,0,53,24,0,24,77
08/01/2016,BMI,IL,AGL,CE,Federal Contract Tower,7,12,22,0,41,0,0,32,0,32,7,12,54,0,73,30,0,30,103
08/02/2016,BMI,IL,AGL,CE,Federal Contract Tower,5,13,15,2,35,0,0,22,0,22,5,13,37,2,57,40,4,44,101
08/03/2016,BMI,IL,AGL,CE,Federal Contract Tower,5,14,21,2,42,0,0,23,0,23,5,14,44,2,65,18,0,18,83
08/04/2016,BMI,IL,AGL,CE,Federal Contract Tower,7,13,19,0,39,0,0,36,1,37,7,13,55,1,76,36,0,36,112
08/05/2016,BMI,IL,AGL,CE,Federal Contract Tower,8,15,15,4,42,0,0,18,0,18,8,15,33,4,60,6,12,18,78
08/06/2016,BMI,IL,AGL,CE,Federal Contract Tower,7,10,3,0,20,0,0,82,0,82,7,10,85,0,102,16,0,16,118
08/07/2016,BMI,IL,AGL,CE,Federal Contract Tower,7,15,7,0,29,0,0,58,0,58,7,15,65,0,87,36,0,36,123
08/08/2016,BMI,IL,AGL,CE,Federal Contract Tower,4,15,8,0,27,0,0,30,0,30,4,15,38,0,57,30,0,30,87
08/09/2016,BMI,IL,AGL,CE,Federal Contract Tower,6,15,10,0,31,0,0,28,0,28,6,15,38,0,59,10,0,10,69
08/10/2016,BMI,IL,AGL,CE,Federal Contract Tower,4,14,11,0,29,0,0,30,0,30,4,14,41,0,59,24,0,24,83
08/11/2016,BMI,IL,AGL,CE,Federal Contract Tower,7,14,26,0,47,0,0,12,0,12,7,14,38,0,59,0,0,0,59
08/12/2016,BMI,IL,AGL,CE,Federal Contract Tower,5,10,13,0,28,0,0,1,0,1,5,10,14,0,29,0,0,0,29
08/13/2016,BMI,IL,AGL,CE,Federal Contract Tower,3,10,13,0,26,0,0,8,0,8,3,10,21,0,34,0,0,0,34
08/14/2016,BMI,IL,AGL,CE,Federal Contract Tower,7,14,8,0,29,0,0,48,0,48,7,14,56,0,77,72,0,72,149
08/15/2016,BMI,IL,AGL,CE,Federal Contract Tower,7,13,7,0,27,0,0,0,0,0,7,13,7,0,27,0,0,0,27
08/16/2016,BMI,IL,AGL,CE,Federal Contract Tower,6,14,10,0,30,0,0,17,0,17,6,14,27,0,47,28,0,28,75
08/17/2016,BMI,IL,AGL,CE,Federal Contract Tower,8,12,19,0,39,0,0,35,0,35,8,12,54,0,74,54,0,54,128
08/18/2016,BMI,IL,AGL,CE,Federal Contract Tower,7,17,23,0,47,0,0,19,0,19,7,17,42,0,66,28,0,28,94
08/19/2016,BMI,IL,AGL,CE,Federal Contract Tower,7,9,20,2,38,0,0,27,1,28,7,9,47,3,66,28,2,30,96
08/20/2016,BMI,IL,AGL,CE,Federal Contract Tower,3,7,3,0,13,0,0,5,0,5,3,7,8,0,18,0,0,0,18
08/21/2016,BMI,IL,AGL,CE,Federal Contract Tower,7,10,11,0,28,0,0,53,0,53,7,10,64,0,81,20,0,20,101
08/22/2016,BMI,IL,AGL,CE,Federal Contract Tower,8,15,11,0,34,0,0,44,0,44,8,15,55,0,78,18,12,30,108
08/23/2016,BMI,IL,AGL,CE,Federal Contract Tower,5,10,18,0,33,0,0,28,0,28,5,10,46,0,61,4,0,4,65
08/24/2016,BMI,IL,AGL,CE,Federal Contract Tower,5,13,14,3,35,0,0,14,2,16,5,13,28,5,51,0,0,0,51
08/25/2016,BMI,IL,AGL,CE,Federal Contract Tower,8,14,41,3,66,0,0,21,0,21,8,14,62,3,87,2,0,2,89
08/26/2016,BMI,IL,AGL,CE,Federal Contract Tower,7,14,9,0,30,0,0,22,0,22,7,14,31,0,52,14,0,14,66
08/27/2016,BMI,IL,AGL,CE,Federal Contract Tower,5,5,2,0,12,0,0,12,1,13,5,5,14,1,25,10,0,10,35
08/28/2016,BMI,IL,AGL,CE,Federal Contract Tower,9,14,10,0,33,0,0,10,0,10,9,14,20,0,43,0,0,0,43
08/29/2016,BMI,IL,AGL,CE,Federal Contract Tower,9,13,14,0,36,0,0,17,0,17,9,13,31,0,53,20,0,20,73
08/30/2016,BMI,IL,AGL,CE,Federal Contract Tower,7,12,12,0,31,0,0,7,0,7,7,12,19,0,38,14,0,14,52
08/31/2016,BMI,IL,AGL,CE,Federal Contract Tower,7,14,17,1,39,0,0,32,0,32,7,14,49,1,71,48,0,48,119
09/01/2016,BMI,IL,AGL,CE,Federal Contract Tower,10,16,25,0,51,0,0,34,0,34,10,16,59,0,85,32,0,32,117
09/02/2016,BMI,IL,AGL,CE,Federal Contract Tower,9,13,22,0,44,0,0,45,0,45,9,13,67,0,89,28,0,28,117
09/03/2016,BMI,IL,AGL,CE,Federal Contract Tower,4,8,13,0,25,0,0,43,0,43,4,8,56,0,68,30,0,30,98
09/04/2016,BMI,IL,AGL,CE,Federal Contract Tower,6,10,3,0,19,0,0,49,0,49,6,10,52,0,68,8,0,8,76
09/05/2016,BMI,IL,AGL,CE,Federal Contract Tower,8,13,16,0,37,0,0,47,0,47,8,13,63,0,84,24,0,24,108
09/06/2016,BMI,IL,AGL,CE,Federal Contract Tower,6,12,16,0,34,0,0,22,0,22,6,12,38,0,56,28,2,30,86
09/07/2016,BMI,IL,AGL,CE,Federal Contract Tower,7,11,8,1,27,0,0,12,0,12,7,11,20,1,39,12,0,12,51
09/08/2016,BMI,IL,AGL,CE,Federal Contract Tower,8,13,17,0,38,0,0,14,0,14,8,13,31,0,52,20,0,20,72
09/09/2016,BMI,IL,AGL,CE,Federal Contract Tower,9,15,8,3,35,0,0,1,2,3,9,15,9,5,38,4,0,4,42
09/10/2016,BMI,IL,AGL,CE,Federal Contract Tower,8,8,15,0,31,0,0,18,0,18,8,8,33,0,49,4,0,4,53
09/11/2016,BMI,IL,AGL,CE,Federal Contract Tower,8,13,14,0,35,0,0,77,0,77,8,13,91,0,112,48,0,48,160
09/12/2016,BMI,IL,AGL,CE,Federal Contract Tower,9,15,13,0,37,0,0,17,0,17,9,15,30,0,54,8,0,8,62
09/13/2016,BMI,IL,AGL,CE,Federal Contract Tower,7,11,15,0,33,0,0,22,0,22,7,11,37,0,55,8,0,8,63
09/14/2016,BMI,IL,AGL,CE,Federal Contract Tower,6,12,12,0,30,0,0,4,0,4,6,12,16,0,34,12,0,12,46
09/15/2016,BMI,IL,AGL,CE,Federal Contract Tower,9,14,17,0,40,0,0,20,0,20,9,14,37,0,60,30,0,30,90
09/16/2016,BMI,IL,AGL,CE,Federal Contract Tower,10,16,8,0,34,0,0,4,0,4,10,16,12,0,38,4,0,4,42
09/17/2016,BMI,IL,AGL,CE,Federal Contract Tower,5,6,25,0,36,0,0,43,0,43,5,6,68,0,79,12,0,12,91
09/18/2016,BMI,IL,AGL,CE,Federal Contract Tower,6,16,7,0,29,0,0,70,0,70,6,16,77,0,99,44,2,46,145
09/19/2016,BMI,IL,AGL,CE,Federal Contract Tower,8,16,17,0,41,0,0,33,0,33,8,16,50,0,74,16,0,16,90
09/20/2016,BMI,IL,AGL,CE,Federal Contract Tower,7,11,25,2,45,0,0,28,0,28,7,11,53,2,73,10,0,10,83
09/21/2016,BMI,IL,AGL,CE,Federal Contract Tower,6,12,21,0,39,0,0,22,0,22,6,12,43,0,61,0,0,0,61
09/22/2016,BMI,IL,AGL,CE,Federal Contract Tower,8,15,14,0,37,0,0,32,0,32,8,15,46,0,69,24,0,24,93
09/23/2016,BMI,IL,AGL,CE,Federal Contract Tower,10,13,18,0,41,0,0,28,4,32,10,13,46,4,73,24,0,24,97
09/24/2016,BMI,IL,AGL,CE,Federal Contract Tower,4,6,5,0,15,0,0,18,0,18,4,6,23,0,33,24,0,24,57
09/25/2016,BMI,IL,AGL,CE,Federal Contract Tower,8,14,10,0,32,0,0,17,0,17,8,14,27,0,49,10,0,10,59
09/26/2016,BMI,IL,AGL,CE,Federal Contract Tower,9,16,13,0,38,0,0,13,0,13,9,16,26,0,51,20,0,20,71
09/27/2016,BMI,IL,AGL,CE,Federal Contract Tower,7,10,9,2,28,0,0,19,0,19,7,10,28,2,47,12,0,12,59
09/28/2016,BMI,IL,AGL,CE,Federal Contract Tower,7,11,29,0,47,0,0,15,0,15,7,11,44,0,62,18,0,18,80
09/29/2016,BMI,IL,AGL,CE,Federal Contract Tower,9,14,25,0,48,0,0,3,0,3,9,14,28,0,51,0,0,0,51
09/30/2016,BMI,IL,AGL,CE,Federal Contract Tower,11,14,9,0,34,0,0,1,0,1,11,14,10,0,35,0,0,0,35
10/01/2016,BMI,IL,AGL,CE,Federal Contract Tower,5,7,10,0,22,0,0,5,0,5,5,7,15,0,27,10,0,10,37
10/02/2016,BMI,IL,AGL,CE,Federal Contract Tower,7,13,12,0,32,0,0,16,0,16,7,13,28,0,48,4,0,4,52
10/03/2016,BMI,IL,AGL,CE,Federal Contract Tower,8,16,16,0,40,0,0,20,0,20,8,16,36,0,60,18,0,18,78
10/04/2016,BMI,IL,AGL,CE,Federal Contract Tower,6,10,13,3,32,0,0,26,0,26,6,10,39,3,58,8,16,24,82
10/05/2016,BMI,IL,AGL,CE,Federal Contract Tower,7,13,6,0,26,0,0,23,0,23,7,13,29,0,49,28,0,28,77
10/06/2016,BMI,IL,AGL,CE,Federal Contract Tower,8,12,20,0,40,0,0,8,0,8,8,12,28,0,48,2,0,2,50
10/07/2016,BMI,IL,AGL,CE,Federal Contract Tower,9,19,23,0,51,0,0,19,0,19,9,19,42,0,70,20,0,20,90
10/08/2016,BMI,IL,AGL,CE,Federal Contract Tower,5,7,7,0,19,0,0,50,0,50,5,7,57,0,69,28,0,28,97
10/09/2016,BMI,IL,AGL,CE,Federal Contract Tower,6,15,15,0,36,0,0,43,0,43,6,15,58,0,79,16,0,16,95
10/10/2016,BMI,IL,AGL,CE,Federal Contract Tower,8,15,16,0,39,0,0,21,0,21,8,15,37,0,60,14,0,14,74
10/11/2016,BMI,IL,AGL,CE,Federal Contract Tower,7,12,16,0,35,0,0,15,0,15,7,12,31,0,50,2,0,2,52
10/12/2016,BMI,IL,AGL,CE,Federal Contract Tower,6,13,16,0,35,0,0,5,0,5,6,13,21,0,40,6,0,6,46
10/13/2016,BMI,IL,AGL,CE,Federal Contract Tower,8,17,20,0,45,0,0,33,0,33,8,17,53,0,78,32,0,32,110
10/14/2016,BMI,IL,AGL,CE,Federal Contract Tower,7,18,17,0,42,0,0,24,0,24,7,18,41,0,66,4,0,4,70
10/15/2016,BMI,IL,AGL,CE,Federal Contract Tower,5,7,13,0,25,0,0,3,0,3,5,7,16,0,28,0,0,0,28
10/16/2016,BMI,IL,AGL,CE,Federal Contract Tower,7,14,16,0,37,0,0,12,2,14,7,14,28,2,51,20,6,26,77
10/17/2016,BMI,IL,AGL,CE,Federal Contract Tower,6,16,8,0,30,0,0,2,0,2,6,16,10,0,32,0,0,0,32
10/18/2016,BMI,IL,AGL,CE,Federal Contract Tower,7,15,15,2,39,0,0,15,0,15,7,15,30,2,54,22,0,22,76
10/19/2016,BMI,IL,AGL,CE,Federal Contract Tower,6,14,17,0,37,0,0,22,0,22,6,14,39,0,59,20,0,20,79
10/20/2016,BMI,IL,AGL,CE,Federal Contract Tower,9,19,27,2,57,0,0,2,2,4,9,19,29,4,61,0,0,0,61
10/21/2016,BMI,IL,AGL,CE,Federal Contract Tower,9,14,16,0,39,0,0,30,2,32,9,14,46,2,71,22,0,22,93
10/22/2016,BMI,IL,AGL,CE,Federal Contract Tower,5,8,13,0,26,0,0,41,0,41,5,8,54,0,67,16,0,16,83
10/23/2016,BMI,IL,AGL,CE,Federal Contract Tower,7,15,5,0,27,0,0,28,2,30,7,15,33,2,57,0,0,0,57
10/24/2016,BMI,IL,AGL,CE,Federal Contract Tower,7,14,14,0,35,0,0,16,0,16,7,14,30,0,51,12,0,12,63
10/25/2016,BMI,IL,AGL,CE,Federal Contract Tower,10,15,14,0,39,0,0,9,0,9,10,15,23,0,48,6,0,6,54
10/26/2016,BMI,IL,AGL,CE,Federal Contract Tower,7,12,13,0,32,0,0,2,0,2,7,12,15,0,34,0,0,0,34
10/27/2016,BMI,IL,AGL,CE,Federal Contract Tower,9,12,22,1,44,0,0,13,0,13,9,12,35,1,57,8,0,8,65
10/28/2016,BMI,IL,AGL,CE,Federal Contract Tower,9,16,23,0,48,0,0,17,0,17,9,16,40,0,65,0,0,0,65
10/29/2016,BMI,IL,AGL,CE,Federal Contract Tower,6,13,6,0,25,0,0,20,0,20,6,13,26,0,45,2,0,2,47
10/30/2016,BMI,IL,AGL,CE,Federal Contract Tower,6,14,11,1,32,0,0,5,0,5,6,14,16,1,37,2,0,2,39
10/31/2016,BMI,IL,AGL,CE,Federal Contract Tower,9,11,14,0,34,0,0,23,0,23,9,11,37,0,57,10,12,22,79
11/01/2016,BMI,IL,AGL,CE,Federal Contract Tower,9,13,21,0,43,0,0,17,1,18,9,13,38,1,61,16,0,16,77
11/02/2016,BMI,IL,AGL,CE,Federal Contract Tower,6,19,17,0,42,0,0,3,2,5,6,19,20,2,47,8,0,8,55
11/03/2016,BMI,IL,AGL,CE,Federal Contract Tower,9,16,17,0,42,0,0,16,0,16,9,16,33,0,58,14,0,14,72
11/04/2016,BMI,IL,AGL,CE,Federal Contract Tower,8,13,13,0,34,0,0,37,0,37,8,13,50,0,71,14,16,30,101
11/05/2016,BMI,IL,AGL,CE,Federal Contract Tower,5,8,8,0,21,0,0,41,0,41,5,8,49,0,62,0,0,0,62
11/06/2016,BMI,IL,AGL,CE,Federal Contract Tower,6,12,10,0,28,0,0,59,0,59,6,12,69,0,87,28,0,28,115
11/07/2016,BMI,IL,AGL,CE,Federal Contract Tower,8,13,8,0,29,0,0,20,0,20,8,13,28,0,49,16,0,16,65
11/08/2016,BMI,IL,AGL,CE,Federal Contract Tower,7,12,17,2,38,0,0,6,2,8,7,12,23,4,46,6,0,6,52
11/09/2016,BMI,IL,AGL,CE,Federal Contract Tower,6,16,7,1,30,0,0,35,1,36,6,16,42,2,66,16,0,16,82
11/10/2016,BMI,IL,AGL,CE,Federal Contract Tower,8,14,14,0,36,0,0,23,0,23,8,14,37,0,59,6,0,6,65
11/11/2016,BMI,IL,AGL,CE,Federal Contract Tower,8,13,19,0,40,0,0,19,0,19,8,13,38,0,59,0,0,0,59
11/12/2016,BMI,IL,AGL,CE,Federal Contract Tower,4,9,3,0,16,0,0,55,0,55,4,9,58,0,71,14,0,14,85
11/13/2016,BMI,IL,AGL,CE,Federal Contract Tower,7,11,12,0,30,0,0,55,0,55,7,11,67,0,85,20,0,20,105
11/14/2016,BMI,IL,AGL,CE,Federal Contract Tower,8,13,9,1,31,0,0,14,0,14,8,13,23,1,45,20,0,20,65
11/15/2016,BMI,IL,AGL,CE,Federal Contract Tower,8,20,15,2,45,0,0,25,0,25,8,20,40,2,70,16,0,16,86
11/16/2016,BMI,IL,AGL,CE,Federal Contract Tower,6,14,18,1,39,0,0,33,1,34,6,14,51,2,73,46,0,46,119
11/17/2016,BMI,IL,AGL,CE,Federal Contract Tower,8,15,14,0,37,0,0,19,0,19,8,15,33,0,56,0,0,0,56
11/18/2016,BMI,IL,AGL,CE,Federal Contract Tower,8,11,17,0,36,0,0,5,0,5,8,11,22,0,41,0,0,0,41
11/19/2016,BMI,IL,AGL,CE,Federal Contract Tower,4,6,4,0,14,0,0,3,0,3,4,6,7,0,17,2,0,2,19
11/20/2016,BMI,IL,AGL,CE,Federal Contract Tower,5,11,6,0,22,0,0,40,0,40,5,11,46,0,62,14,0,14,76
11/21/2016,BMI,IL,AGL,CE,Federal Contract Tower,6,11,11,0,28,0,0,20,0,20,6,11,31,0,48,10,0,10,58
11/22/2016,BMI,IL,AGL,CE,Federal Contract Tower,7,11,13,0,31,0,0,13,0,13,7,11,26,0,44,50,0,50,94
11/23/2016,BMI,IL,AGL,CE,Federal Contract Tower,7,13,9,0,29,0,0,0,0,0,7,13,9,0,29,0,0,0,29
11/24/2016,BMI,IL,AGL,CE,Federal Contract Tower,6,7,1,0,14,0,0,2,0,2,6,7,3,0,16,0,0,0,16
11/25/2016,BMI,IL,AGL,CE,Federal Contract Tower,8,8,7,0,23,0,0,17,0,17,8,8,24,0,40,40,0,40,80
11/26/2016,BMI,IL,AGL,CE,Federal Contract Tower,7,11,12,0,30,0,0,40,0,40,7,11,52,0,70,38,0,38,108
11/27/2016,BMI,IL,AGL,CE,Federal Contract Tower,5,12,11,0,28,0,0,0,0,0,5,12,11,0,28,0,0,0,28
11/28/2016,BMI,IL,AGL,CE,Federal Contract Tower,10,12,14,0,36,0,0,0,0,0,10,12,14,0,36,0,0,0,36
11/29/2016,BMI,IL,AGL,CE,Federal Contract Tower,8,10,12,0,30,0,0,17,0,17,8,10,29,0,47,16,2,18,65
11/30/2016,BMI,IL,AGL,CE,Federal Contract Tower,6,12,15,0,33,0,0,7,0,7,6,12,22,0,40,0,2,2,42
12/01/2016,BMI,IL,AGL,CE,Federal Contract Tower,8,14,27,0,49,0,0,8,2,10,8,14,35,2,59,32,2,34,93
12/02/2016,BMI,IL,AGL,CE,Federal Contract Tower,9,11,8,0,28,0,0,12,0,12,9,11,20,0,40,22,0,22,62
12/03/2016,BMI,IL,AGL,CE,Federal Contract Tower,5,9,10,0,24,0,0,25,0,25,5,9,35,0,49,12,0,12,61
12/04/2016,BMI,IL,AGL,CE,Federal Contract Tower,6,10,9,0,25,0,0,0,0,0,6,10,9,0,25,0,0,0,25
12/05/2016,BMI,IL,AGL,CE,Federal Contract Tower,8,11,15,0,34,0,0,0,0,0,8,11,15,0,34,0,0,0,34
12/06/2016,BMI,IL,AGL,CE,Federal Contract Tower,7,13,20,0,40,0,0,2,0,2,7,13,22,0,42,0,0,0,42
12/07/2016,BMI,IL,AGL,CE,Federal Contract Tower,5,17,18,3,43,0,0,20,0,20,5,17,38,3,63,44,0,44,107
12/08/2016,BMI,IL,AGL,CE,Federal Contract Tower,9,11,24,0,44,0,0,1,0,1,9,11,25,0,45,0,0,0,45
12/09/2016,BMI,IL,AGL,CE,Federal Contract Tower,9,10,5,0,24,0,0,5,0,5,9,10,10,0,29,2,0,2,31
12/10/2016,BMI,IL,AGL,CE,Federal Contract Tower,4,6,4,0,14,0,0,35,2,37,4,6,39,2,51,30,0,30,81
12/11/2016,BMI,IL,AGL,CE,Federal Contract Tower,8,8,18,0,34,0,0,0,0,0,8,8,18,0,34,0,0,0,34
12/12/2016,BMI,IL,AGL,CE,Federal Contract Tower,7,11,21,0,39,0,0,12,0,12,7,11,33,0,51,16,0,16,67
12/13/2016,BMI,IL,AGL,CE,Federal Contract Tower,7,15,11,0,33,0,0,6,0,6,7,15,17,0,39,6,0,6,45
12/14/2016,BMI,IL,AGL,CE,Federal Contract Tower,6,12,12,0,30,0,0,21,0,21,6,12,33,0,51,22,0,22,73
12/15/2016,BMI,IL,AGL,CE,Federal Contract Tower,8,10,13,0,31,0,0,17,0,17,8,10,30,0,48,40,0,40,88
12/16/2016,BMI,IL,AGL,CE,Federal Contract Tower,5,9,4,0,18,0,0,1,0,1,5,9,5,0,19,0,0,0,19
12/17/2016,BMI,IL,AGL,CE,Federal Contract Tower,1,0,3,0,4,0,0,0,0,0,1,0,3,0,4,0,0,0,4
12/18/2016,BMI,IL,AGL,CE,Federal Contract Tower,5,11,6,0,22,0,0,0,0,0,5,11,6,0,22,0,0,0,22
12/19/2016,BMI,IL,AGL,CE,Federal Contract Tower,7,6,8,0,21,0,0,23,0,23,7,6,31,0,44,40,0,40,84
12/20/2016,BMI,IL,AGL,CE,Federal Contract Tower,9,7,17,0,33,0,0,11,0,11,9,7,28,0,44,14,0,14,58
12/21/2016,BMI,IL,AGL,CE,Federal Contract Tower,9,10,14,0,33,0,0,29,0,29,9,10,43,0,62,32,0,32,94
12/22/2016,BMI,IL,AGL,CE,Federal Contract Tower,8,8,17,0,33,0,0,33,0,33,8,8,50,0,66,44,0,44,110
12/23/2016,BMI,IL,AGL,CE,Federal Contract Tower,10,12,4,0,26,0,0,7,0,7,10,12,11,0,33,20,0,20,53
12/24/2016,BMI,IL,AGL,CE,Federal Contract Tower,10,5,4,0,19,0,0,0,0,0,10,5,4,0,19,0,0,0,19
12/25/2016,BMI,IL,AGL,CE,Federal Contract Tower,6,9,3,0,18,0,0,0,0,0,6,9,3,0,18,0,0,0,18
12/26/2016,BMI,IL,AGL,CE,Federal Contract Tower,9,10,2,0,21,0,0,11,0,11,9,10,13,0,32,10,0,10,42
12/27/2016,BMI,IL,AGL,CE,Federal Contract Tower,8,9,11,0,28,0,0,34,0,34,8,9,45,0,62,72,0,72,134
12/28/2016,BMI,IL,AGL,CE,Federal Contract Tower,10,10,15,0,35,0,0,32,2,34,10,10,47,2,69,30,0,30,99
12/29/2016,BMI,IL,AGL,CE,Federal Contract Tower,7,9,12,0,28,0,0,5,0,5,7,9,17,0,33,0,0,0,33
12/30/2016,BMI,IL,AGL,CE,Federal Contract Tower,8,9,12,0,29,0,0,25,0,25,8,9,37,0,54,14,0,14,68
12/31/2016,BMI,IL,AGL,CE,Federal Contract Tower,9,5,3,0,17,0,0,21,0,21,9,5,24,0,38,24,0,24,62
01/01/2017,BMI,IL,AGL,CE,Federal Contract Tower,5,8,4,0,17,0,0,39,0,39,5,8,43,0,56,12,0,12,68
01/02/2017,BMI,IL,AGL,CE,Federal Contract Tower,7,9,0,0,16,0,0,0,0,0,7,9,0,0,16,0,0,0,16
01/03/2017,BMI,IL,AGL,CE,Federal Contract Tower,6,7,9,0,22,0,0,0,0,0,6,7,9,0,22,0,0,0,22
01/04/2017,BMI,IL,AGL,CE,Federal Contract Tower,6,10,3,0,19,0,0,10,0,10,6,10,13,0,29,14,0,14,43
01/05/2017,BMI,IL,AGL,CE,Federal Contract Tower,8,10,10,2,30,0,0,2,1,3,8,10,12,3,33,0,0,0,33
01/06/2017,BMI,IL,AGL,CE,Federal Contract Tower,8,6,4,0,18,0,0,4,1,5,8,6,8,1,23,8,8,16,39
01/07/2017,BMI,IL,AGL,CE,Federal Contract Tower,6,6,4,0,16,0,0,20,0,20,6,6,24,0,36,0,0,0,36
01/08/2017,BMI,IL,AGL,CE,Federal Contract Tower,5,10,11,0,26,0,0,31,0,31,5,10,42,0,57,28,0,28,85
01/09/2017,BMI,IL,AGL,CE,Federal Contract Tower,9,13,6,0,28,0,0,1,0,1,9,13,7,0,29,0,2,2,31
01/10/2017,BMI,IL,AGL,CE,Federal Contract Tower,10,8,8,0,26,0,0,0,0,0,10,8,8,0,26,0,0,0,26
01/11/2017,BMI,IL,AGL,CE,Federal Contract Tower,8,8,9,2,27,0,0,0,0,0,8,8,9,2,27,0,0,0,27
01/12/2017,BMI,IL,AGL,CE,Federal Contract Tower,8,9,10,0,27,0,0,0,0,0,8,9,10,0,27,0,0,0,27
01/13/2017,BMI,IL,AGL,CE,Federal Contract Tower,9,12,4,0,25,0,0,6,0,6,9,12,10,0,31,0,0,0,31
01/14/2017,BMI,IL,AGL,CE,Federal Contract Tower,2,5,1,0,8,0,0,0,0,0,2,5,1,0,8,0,0,0,8
01/15/2017,BMI,IL,AGL,CE,Federal Contract Tower,6,8,4,0,18,0,0,1,0,1,6,8,5,0,19,0,0,0,19
01/16/2017,BMI,IL,AGL,CE,Federal Contract Tower,6,3,2,0,11,0,0,0,0,0,6,3,2,0,11,0,0,0,11
01/17/2017,BMI,IL,AGL,CE,Federal Contract Tower,8,9,9,0,26,0,0,0,0,0,8,9,9,0,26,0,0,0,26
01/18/2017,BMI,IL,AGL,CE,Federal Contract Tower,7,12,26,0,45,0,0,4,0,4,7,12,30,0,49,14,0,14,63
01/19/2017,BMI,IL,AGL,CE,Federal Contract Tower,6,16,18,0,40,0,0,0,0,0,6,16,18,0,40,0,0,0,40
01/20/2017,BMI,IL,AGL,CE,Federal Contract Tower,7,10,8,0,25,0,0,0,0,0,7,10,8,0,25,0,0,0,25
01/21/2017,BMI,IL,AGL,CE,Federal Contract Tower,4,6,7,0,17,0,0,46,0,46,4,6,53,0,63,30,0,30,93
01/22/2017,BMI,IL,AGL,CE,Federal Contract Tower,6,12,9,0,27,0,0,2,0,2,6,12,11,0,29,0,0,0,29
01/23/2017,BMI,IL,AGL,CE,Federal Contract Tower,6,13,12,0,31,0,0,8,0,8,6,13,20,0,39,0,0,0,39
01/24/2017,BMI,IL,AGL,CE,Federal Contract Tower,4,15,16,0,35,0,0,8,0,8,4,15,24,0,43,48,0,48,91
01/25/2017,BMI,IL,AGL,CE,Federal Contract Tower,6,12,15,1,34,0,0,0,0,0,6,12,15,1,34,0,0,0,34
01/26/2017,BMI,IL,AGL,CE,Federal Contract Tower,7,11,14,0,32,0,0,8,0,8,7,11,22,0,40,0,0,0,40
01/27/2017,BMI,IL,AGL,CE,Federal Contract Tower,7,11,11,0,29,0,0,2,0,2,7,11,13,0,31,0,0,0,31
01/28/2017,BMI,IL,AGL,CE,Federal Contract Tower,5,6,1,0,12,0,0,3,0,3,5,6,4,0,15,4,0,4,19
01/29/2017,BMI,IL,AGL,CE,Federal Contract Tower,7,10,2,0,19,0,0,6,0,6,7,10,8,0,25,18,0,18,43
01/30/2017,BMI,IL,AGL,CE,Federal Contract Tower,8,9,10,0,27,0,0,12,0,12,8,9,22,0,39,20,0,20,59
01/31/2017,BMI,IL,AGL,CE,Federal Contract Tower,6,12,11,0,29,0,0,6,0,6,6,12,17,0,35,24,0,24,59
02/01/2017,BMI,IL,AGL,CE,Federal Contract Tower,5,14,8,0,27,0,0,21,0,21,5,14,29,0,48,6,0,6,54
02/02/2017,BMI,IL,AGL,CE,Federal Contract Tower,8,17,19,2,46,0,0,24,2,26,8,17,43,4,72,24,0,24,96
02/03/2017,BMI,IL,AGL,CE,Federal Contract Tower,8,12,6,0,26,0,0,18,0,18,8,12,24,0,44,12,0,12,56
02/04/2017,BMI,IL,AGL,CE,Federal Contract Tower,4,6,4,0,14,0,0,36,0,36,4,6,40,0,50,14,0,14,64
02/05/2017,BMI,IL,AGL,CE,Federal Contract Tower,4,6,6,0,16,0,0,33,0,33,4,6,39,0,49,48,0,48,97
02/06/2017,BMI,IL,AGL,CE,Federal Contract Tower,8,12,9,0,29,0,0,0,0,0,8,12,9,0,29,0,0,0,29
02/07/2017,BMI,IL,AGL,CE,Federal Contract Tower,7,14,14,2,37,0,0,0,0,0,7,14,14,2,37,0,0,0,37
02/08/2017,BMI,IL,AGL,CE,Federal Contract Tower,5,11,7,0,23,0,0,0,0,0,5,11,7,0,23,0,0,0,23
02/09/2017,BMI,IL,AGL,CE,Federal Contract Tower,9,10,20,0,39,0,0,21,2,23,9,10,41,2,62,16,0,16,78
02/10/2017,BMI,IL,AGL,CE,Federal Contract Tower,8,10,11,2,31,0,0,12,0,12,8,10,23,2,43,8,0,8,51
02/11/2017,BMI,IL,AGL,CE,Federal Contract Tower,4,6,5,6,21,0,0,33,0,33,4,6,38,6,54,44,0,44,98
02/12/2017,BMI,IL,AGL,CE,Federal Contract Tower,7,11,6,0,24,0,0,5,0,5,7,11,11,0,29,0,0,0,29
02/13/2017,BMI,IL,AGL,CE,Federal Contract Tower,5,10,5,2,22,0,1,30,0,31,5,11,35,2,53,26,0,26,79
02/14/2017,BMI,IL,AGL,CE,Federal Contract Tower,5,13,12,0,30,0,0,24,0,24,5,13,36,0,54,20,0,20,74
02/15/2017,BMI,IL,AGL,CE,Federal Contract Tower,6,11,12,0,29,0,0,16,0,16,6,11,28,0,45,28,0,28,73
02/16/2017,BMI,IL,AGL,CE,Federal Contract Tower,9,11,19,0,39,0,0,34,0,34,9,11,53,0,73,14,0,14,87
02/17/2017,BMI,IL,AGL,CE,Federal Contract Tower,7,10,6,0,23,0,0,28,0,28,7,10,34,0,51,40,0,40,91
02/18/2017,BMI,IL,AGL,CE,Federal Contract Tower,6,8,7,0,21,0,0,91,0,91,6,8,98,0,112,74,0,74,186
02/19/2017,BMI,IL,AGL,CE,Federal Contract Tower,4,10,10,0,24,0,0,30,0,30,4,10,40,0,54,24,0,24,78
02/20/2017,BMI,IL,AGL,CE,Federal Contract Tower,7,11,8,0,26,0,0,3,0,3,7,11,11,0,29,0,0,0,29
02/21/2017,BMI,IL,AGL,CE,Federal Contract Tower,3,14,11,1,29,0,0,22,0,22,3,14,33,1,51,38,4,42,93
02/22/2017,BMI,IL,AGL,CE,Federal Contract Tower,7,11,16,0,34,0,0,3,0,3,7,11,19,0,37,0,0,0,37
02/23/2017,BMI,IL,AGL,CE,Federal Contract Tower,9,11,12,1,33,0,0,17,3,20,9,11,29,4,53,44,0,44,97
02/24/2017,BMI,IL,AGL,CE,Federal Contract Tower,7,12,8,0,27,0,0,8,0,8,7,12,16,0,35,22,0,22,57
02/25/2017,BMI,IL,AGL,CE,Federal Contract Tower,4,10,12,0,26,0,0,11,0,11,4,10,23,0,37,10,0,10,47
02/26/2017,BMI,IL,AGL,CE,Federal Contract Tower,6,13,11,0,30,0,0,21,0,21,6,13,32,0,51,0,0,0,51
02/27/2017,BMI,IL,AGL,CE,Federal Contract Tower,7,10,17,0,34,0,0,26,0,26,7,10,43,0,60,42,6,48,108
02/28/2017,BMI,IL,AGL,CE,Federal Contract Tower,3,12,16,1,32,0,0,0,0,0,3,12,16,1,32,0,0,0,32
03/01/2017,BMI,IL,AGL,CE,Federal Contract Tower,7,8,17,0,32,0,0,2,2,4,7,8,19,2,36,0,0,0,36
03/02/2017,BMI,IL,AGL,CE,Federal Contract Tower,8,10,15,1,34,0,0,11,2,13,8,10,26,3,47,4,2,6,53
03/03/2017,BMI,IL,AGL,CE,Federal Contract Tower,8,11,18,0,37,0,0,52,0,52,8,11,70,0,89,54,0,54,143
03/04/2017,BMI,IL,AGL,CE,Federal Contract Tower,5,8,7,0,20,0,0,35,0,35,5,8,42,0,55,8,0,8,63
03/05/2017,BMI,IL,AGL,CE,Federal Contract Tower,10,8,12,0,30,0,0,3,0,3,10,8,15,0,33,2,0,2,35
03/06/2017,BMI,IL,AGL,CE,Federal Contract Tower,11,10,11,0,32,0,0,0,0,0,11,10,11,0,32,0,0,0,32
03/07/2017,BMI,IL,AGL,CE,Federal Contract Tower,10,8,10,2,30,0,0,5,0,5,10,8,15,2,35,0,0,0,35
03/08/2017,BMI,IL,AGL,CE,Federal Contract Tower,9,10,10,6,35,0,0,6,0,6,9,10,16,6,41,16,0,16,57
03/09/2017,BMI,IL,AGL,CE,Federal Contract Tower,10,12,17,0,39,0,0,32,0,32,10,12,49,0,71,16,0,16,87
03/10/2017,BMI,IL,AGL,CE,Federal Contract Tower,13,8,11,0,32,0,0,28,1,29,13,8,39,1,61,38,0,38,99
03/11/2017,BMI,IL,AGL,CE,Federal Contract Tower,4,9,13,0,26,0,0,36,1,37,4,9,49,1,63,16,0,16,79
03/12/2017,BMI,IL,AGL,CE,Federal Contract Tower,8,11,9,0,28,0,0,22,0,22,8,11,31,0,50,12,0,12,62
03/13/2017,BMI,IL,AGL,CE,Federal Contract Tower,11,4,19,3,37,0,0,0,0,0,11,4,19,3,37,0,0,0,37
03/14/2017,BMI,IL,AGL,CE,Federal Contract Tower,11,7,11,0,29,0,0,3,0,3,11,7,14,0,32,2,0,2,34
03/15/2017,BMI,IL,AGL,CE,Federal Contract Tower,12,11,9,0,32,0,0,17,0,17,12,11,26,0,49,6,0,6,55
03/16/2017,BMI,IL,AGL,CE,Federal Contract Tower,11,8,18,3,40,0,0,18,2,20,11,8,36,5,60,18,6,24,84
03/17/2017,BMI,IL,AGL,CE,Federal Contract Tower,12,9,3,0,24,0,0,0,0,0,12,9,3,0,24,0,0,0,24
03/18/2017,BMI,IL,AGL,CE,Federal Contract Tower,6,8,1,0,15,0,0,15,0,15,6,8,16,0,30,24,0,24,54
03/19/2017,BMI,IL,AGL,CE,Federal Contract Tower,9,11,21,0,41,0,0,43,0,43,9,11,64,0,84,21,0,21,105
03/20/2017,BMI,IL,AGL,CE,Federal Contract Tower,12,9,18,0,39,0,0,6,0,6,12,9,24,0,45,4,0,4,49
03/21/2017,BMI,IL,AGL,CE,Federal Contract Tower,10,11,18,0,39,0,0,17,0,17,10,11,35,0,56,10,0,10,66
03/22/2017,BMI,IL,AGL,CE,Federal Contract Tower,13,8,11,0,32,0,0,14,0,14,13,8,25,0,46,0,0,0,46
03/23/2017,BMI,IL,AGL,CE,Federal Contract Tower,11,12,26,0,49,0,0,7,0,7,11,12,33,0,56,0,0,0,56
03/24/2017,BMI,IL,AGL,CE,Federal Contract Tower,13,11,6,0,30,0,0,8,0,8,13,11,14,0,38,26,0,26,64
03/25/2017,BMI,IL,AGL,CE,Federal Contract Tower,6,7,6,0,19,0,0,2,0,2,6,7,8,0,21,8,0,8,29
03/26/2017,BMI,IL,AGL,CE,Federal Contract Tower,10,9,12,0,31,0,0,0,0,0,10,9,12,0,31,0,0,0,31
03/27/2017,BMI,IL,AGL,CE,Federal Contract Tower,13,10,15,0,38,0,0,0,0,0,13,10,15,0,38,0,0,0,38
03/28/2017,BMI,IL,AGL,CE,Federal Contract Tower,11,9,20,0,40,0,0,3,0,3,11,9,23,0,43,0,0,0,43
03/29/2017,BMI,IL,AGL,CE,Federal Contract Tower,11,11,12,1,35,0,0,1,0,1,11,11,13,1,36,0,0,0,36
03/30/2017,BMI,IL,AGL,CE,Federal Contract Tower,10,12,8,0,30,0,0,0,0,0,10,12,8,0,30,0,0,0,30
03/31/2017,BMI,IL,AGL,CE,Federal Contract Tower,10,8,7,1,26,0,0,0,0,0,10,8,7,1,26,0,0,0,26
04/01/2017,BMI,IL,AGL,CE,Federal Contract Tower,7,8,2,0,17,0,0,53,0,53,7,8,55,0,70,0,0,0,70
04/02/2017,BMI,IL,AGL,CE,Federal Contract Tower,11,12,6,0,29,0,0,28,0,28,11,12,34,0,57,0,0,0,57
04/03/2017,BMI,IL,AGL,CE,Federal Contract Tower,10,14,12,1,37,0,0,1,0,1,10,14,13,1,38,0,0,0,38
04/04/2017,BMI,IL,AGL,CE,Federal Contract Tower,13,8,25,0,46,0,0,3,0,3,13,8,28,0,49,16,0,16,65
04/05/2017,BMI,IL,AGL,CE,Federal Contract Tower,5,7,15,0,27,0,0,0,0,0,5,7,15,0,27,0,0,0,27
04/06/2017,BMI,IL,AGL,CE,Federal Contract Tower,10,10,19,0,39,0,0,8,2,10,10,10,27,2,49,0,0,0,49
04/07/2017,BMI,IL,AGL,CE,Federal Contract Tower,9,11,15,0,35,0,0,37,0,37,9,11,52,0,72,26,0,26,98
04/08/2017,BMI,IL,AGL,CE,Federal Contract Tower,5,9,17,0,31,0,0,62,0,62,5,9,79,0,93,34,0,34,127
04/09/2017,BMI,IL,AGL,CE,Federal Contract Tower,11,8,11,0,30,0,0,11,0,11,11,8,22,0,41,22,0,22,63
04/10/2017,BMI,IL,AGL,CE,Federal Contract Tower,10,8,9,0,27,0,0,3,0,3,10,8,12,0,30,6,0,6,36
04/11/2017,BMI,IL,AGL,CE,Federal Contract Tower,11,14,28,3,56,0,0,30,0,30,11,14,58,3,86,78,6,84,170
04/12/2017,BMI,IL,AGL,CE,Federal Contract Tower,9,16,10,0,35,0,0,51,0,51,9,16,61,0,86,74,0,74,160
04/13/2017,BMI,IL,AGL,CE,Federal Contract Tower,13,12,12,0,37,0,0,30,0,30,13,12,42,0,67,68,2,70,137
04/14/2017,BMI,IL,AGL,CE,Federal Contract Tower,14,10,7,0,31,0,0,24,0,24,14,10,31,0,55,30,0,30,85
04/15/2017,BMI,IL,AGL,CE,Federal Contract Tower,5,6,7,0,18,0,0,19,0,19,5,6,26,0,37,2,0,2,39
04/16/2017,BMI,IL,AGL,CE,Federal Contract Tower,11,8,8,0,27,0,0,8,0,8,11,8,16,0,35,4,0,4,39
04/17/2017,BMI,IL,AGL,CE,Federal Contract Tower,12,9,11,0,32,0,0,33,0,33,12,9,44,0,65,34,16,50,115
04/18/2017,BMI,IL,AGL,CE,Federal Contract Tower,10,9,11,2,32,0,0,18,0,18,10,9,29,2,50,18,0,18,68
04/19/2017,BMI,IL,AGL,CE,Federal Contract Tower,11,10,16,3,40,0,0,17,3,20,11,10,33,6,60,44,6,50,110
04/20/2017,BMI,IL,AGL,CE,Federal Contract Tower,12,11,17,0,40,0,0,10,2,12,12,11,27,2,52,0,0,0,52
04/21/2017,BMI,IL,AGL,CE,Federal Contract Tower,12,12,4,4,32,0,0,20,0,20,12,12,24,4,52,22,4,26,78
04/22/2017,BMI,IL,AGL,CE,Federal Contract Tower,7,6,0,0,13,0,0,19,0,19,7,6,19,0,32,4,0,4,36
04/23/2017,BMI,IL,AGL,CE,Federal Contract Tower,8,11,6,0,25,0,0,79,0,79,8,11,85,0,104,28,0,28,132
04/24/2017,BMI,IL,AGL,CE,Federal Contract Tower,12,11,10,0,33,0,0,23,0,23,12,11,33,0,56,0,0,0,56
04/25/2017,BMI,IL,AGL,CE,Federal Contract Tower,13,10,17,5,45,0,0,18,4,22,13,10,35,9,67,24,0,24,91
04/26/2017,BMI,IL,AGL,CE,Federal Contract Tower,9,10,12,2,33,0,0,8,0,8,9,10,20,2,41,8,0,8,49
04/27/2017,BMI,IL,AGL,CE,Federal Contract Tower,10,12,19,1,42,0,0,4,0,4,10,12,23,1,46,0,0,0,46
04/28/2017,BMI,IL,AGL,CE,Federal Contract Tower,12,9,8,0,29,0,0,9,0,9,12,9,17,0,38,14,0,14,52
04/29/2017,BMI,IL,AGL,CE,Federal Contract Tower,7,6,2,0,15,0,0,2,0,2,7,6,4,0,17,6,0,6,23
04/30/2017,BMI,IL,AGL,CE,Federal Contract Tower,12,8,3,0,23,0,0,0,0,0,12,8,3,0,23,0,0,0,23
05/01/2017,BMI,IL,AGL,CE,Federal Contract Tower,13,8,13,0,34,0,0,9,0,9,13,8,22,0,43,0,0,0,43
05/02/2017,BMI,IL,AGL,CE,Federal Contract Tower,11,13,15,0,39,0,0,12,0,12,11,13,27,0,51,10,0,10,61
05/03/2017,BMI,IL,AGL,CE,Federal Contract Tower,10,15,8,1,34,0,0,32,0,32,10,15,40,1,66,36,0,36,102
05/04/2017,BMI,IL,AGL,CE,Federal Contract Tower,12,10,8,0,30,0,0,0,0,0,12,10,8,0,30,0,0,0,30
05/05/2017,BMI,IL,AGL,CE,Federal Contract Tower,13,13,14,1,41,0,0,7,0,7,13,13,21,1,48,0,0,0,48
05/06/2017,BMI,IL,AGL,CE,Federal Contract Tower,6,6,10,1,23,0,0,28,0,28,6,6,38,1,51,22,0,22,73
05/07/2017,BMI,IL,AGL,CE,Federal Contract Tower,11,7,19,0,37,0,0,80,0,80,11,7,99,0,117,56,0,56,173
05/08/2017,BMI,IL,AGL,CE,Federal Contract Tower,11,10,22,1,44,0,0,37,0,37,11,10,59,1,81,12,0,12,93
05/09/2017,BMI,IL,AGL,CE,Federal Contract Tower,9,11,20,0,40,0,0,14,0,14,9,11,34,0,54,18,0,18,72
05/10/2017,BMI,IL,AGL,CE,Federal Contract Tower,10,10,9,1,30,0,0,9,0,9,10,10,18,1,39,2,6,8,47
05/11/2017,BMI,IL,AGL,CE,Federal Contract Tower,10,12,19,0,41,0,0,10,2,12,10,12,29,2,53,10,0,10,63
05/12/2017,BMI,IL,AGL,CE,Federal Contract Tower,11,12,18,2,43,0,0,33,0,33,11,12,51,2,76,16,0,16,92
05/13/2017,BMI,IL,AGL,CE,Federal Contract Tower,7,5,4,0,16,0,0,51,1,52,7,5,55,1,68,28,0,28,96
05/14/2017,BMI,IL,AGL,CE,Federal Contract Tower,11,10,10,0,31,0,0,19,0,19,11,10,29,0,50,4,0,4,54
05/15/2017,BMI,IL,AGL,CE,Federal Contract Tower,12,10,11,0,33,0,0,23,0,23,12,10,34,0,56,16,2,18,74
05/16/2017,BMI,IL,AGL,CE,Federal Contract Tower,9,9,11,0,29,0,0,10,0,10,9,9,21,0,39,0,0,0,39
05/17/2017,BMI,IL,AGL,CE,Federal Contract Tower,11,11,13,0,35,0,0,4,0,4,11,11,17,0,39,0,0,0,39
05/18/2017,BMI,IL,AGL,CE,Federal Contract Tower,12,12,10,0,34,0,0,12,0,12,12,12,22,0,46,16,0,16,62
05/19/2017,BMI,IL,AGL,CE,Federal Contract Tower,12,9,23,1,45,0,0,0,0,0,12,9,23,1,45,0,0,0,45
05/20/2017,BMI,IL,AGL,CE,Federal Contract Tower,6,6,5,0,17,0,0,2,0,2,6,6,7,0,19,6,0,6,25
05/21/2017,BMI,IL,AGL,CE,Federal Contract Tower,12,7,8,0,27,0,0,10,0,10,12,7,18,0,37,4,8,12,49
05/22/2017,BMI,IL,AGL,CE,Federal Contract Tower,12,10,8,0,30,0,0,28,0,28,12,10,36,0,58,24,0,24,82
05/23/2017,BMI,IL,AGL,CE,Federal Contract Tower,8,7,24,3,42,0,0,9,0,9,8,7,33,3,51,14,14,28,79
05/24/2017,BMI,IL,AGL,CE,Federal Contract Tower,11,10,18,3,42,0,0,4,0,4,11,10,22,3,46,24,0,24,70
05/25/2017,BMI,IL,AGL,CE,Federal Contract Tower,12,10,19,0,41,0,0,23,0,23,12,10,42,0,64,16,0,16,80
05/26/2017,BMI,IL,AGL,CE,Federal Contract Tower,12,9,15,0,36,0,0,35,0,35,12,9,50,0,71,24,0,24,95
05/27/2017,BMI,IL,AGL,CE,Federal Contract Tower,8,4,6,0,18,0,0,28,0,28,8,4,34,0,46,28,0,28,74
05/28/2017,BMI,IL,AGL,CE,Federal Contract Tower,8,8,0,0,16,0,0,17,0,17,8,8,17,0,33,18,0,18,51
05/29/2017,BMI,IL,AGL,CE,Federal Contract Tower,10,8,4,0,22,0,0,21,0,21,10,8,25,0,43,8,0,8,51
05/30/2017,BMI,IL,AGL,CE,Federal Contract Tower,10,10,13,1,34,0,0,37,0,37,10,10,50,1,71,26,0,26,97
05/31/2017,BMI,IL,AGL,CE,Federal Contract Tower,10,12,10,0,32,0,0,44,0,44,10,12,54,0,76,36,0,36,112
06/01/2017,BMI,IL,AGL,CE,Federal Contract Tower,12,14,18,0,44,0,0,41,0,41,12,14,59,0,85,38,2,40,125
06/02/2017,BMI,IL,AGL,CE,Federal Contract Tower,12,9,9,7,37,0,0,39,0,39,12,9,48,7,76,4,12,16,92
06/03/2017,BMI,IL,AGL,CE,Federal Contract Tower,8,3,14,0,25,0,0,57,0,57,8,3,71,0,82,46,0,46,128
06/04/2017,BMI,IL,AGL,CE,Federal Contract Tower,10,8,12,0,30,0,0,28,0,28,10,8,40,0,58,2,0,2,60
06/05/2017,BMI,IL,AGL,CE,Federal Contract Tower,11,10,19,0,40,0,0,23,0,23,11,10,42,0,63,26,0,26,89
06/06/2017,BMI,IL,AGL,CE,Federal Contract Tower,12,10,18,0,40,0,0,25,0,25,12,10,43,0,65,30,0,30,95
06/07/2017,BMI,IL,AGL,CE,Federal Contract Tower,10,9,23,0,42,0,0,38,0,38,10,9,61,0,80,28,0,28,108
06/08/2017,BMI,IL,AGL,CE,Federal Contract Tower,12,9,11,0,32,0,0,40,0,40,12,9,51,0,72,50,0,50,122
06/09/2017,BMI,IL,AGL,CE,Federal Contract Tower,12,10,13,0,35,0,0,31,0,31,12,10,44,0,66,28,0,28,94
06/10/2017,BMI,IL,AGL,CE,Federal Contract Tower,7,6,6,0,19,0,0,19,2,21,7,6,25,2,40,2,0,2,42
06/11/2017,BMI,IL,AGL,CE,Federal Contract Tower,11,7,12,0,30,0,0,11,0,11,11,7,23,0,41,0,0,0,41
06/12/2017,BMI,IL,AGL,CE,Federal Contract Tower,12,11,12,0,35,0,0,19,0,19,12,11,31,0,54,14,0,14,68
06/13/2017,BMI,IL,AGL,CE,Federal Contract Tower,13,9,11,1,34,0,0,23,0,23,13,9,34,1,57,14,2,16,73
06/14/2017,BMI,IL,AGL,CE,Federal Contract Tower,10,6,12,0,28,0,0,5,0,5,10,6,17,0,33,0,0,0,33
06/15/2017,BMI,IL,AGL,CE,Federal Contract Tower,12,8,14,0,34,0,0,43,0,43,12,8,57,0,77,14,0,14,91
06/16/2017,BMI,IL,AGL,CE,Federal Contract Tower,11,8,9,0,28,0,0,35,0,35,11,8,44,0,63,136,0,136,199
06/17/2017,BMI,IL,AGL,CE,Federal Contract Tower,7,5,6,0,18,0,0,20,0,20,7,5,26,0,38,20,0,20,58
06/18/2017,BMI,IL,AGL,CE,Federal Contract Tower,11,8,11,0,30,0,0,34,0,34,11,8,45,0,64,32,0,32,96
06/19/2017,BMI,IL,AGL,CE,Federal Contract Tower,10,11,13,0,34,0,0,19,0,19,10,11,32,0,53,20,30,50,103
06/20/2017,BMI,IL,AGL,CE,Federal Contract Tower,11,9,17,0,37,0,0,23,0,23,11,9,40,0,60,42,0,42,102
06/21/2017,BMI,IL,AGL,CE,Federal Contract Tower,8,11,10,0,29,0,0,41,0,41,8,11,51,0,70,33,0,33,103
06/22/2017,BMI,IL,AGL,CE,Federal Contract Tower,6,11,20,0,37,0,0,10,0,10,6,11,30,0,47,0,0,0,47
06/23/2017,BMI,IL,AGL,CE,Federal Contract Tower,15,10,12,0,37,0,0,9,0,9,15,10,21,0,46,4,0,4,50
06/24/2017,BMI,IL,AGL,CE,Federal Contract Tower,8,8,13,0,29,0,0,28,0,28,8,8,41,0,57,0,0,0,57
06/25/2017,BMI,IL,AGL,CE,Federal Contract Tower,10,11,9,0,30,0,0,38,0,38,10,11,47,0,68,8,0,8,76
06/26/2017,BMI,IL,AGL,CE,Federal Contract Tower,13,9,11,0,33,0,0,19,0,19,13,9,30,0,52,12,0,12,64
06/27/2017,BMI,IL,AGL,CE,Federal Contract Tower,12,10,15,0,37,0,0,51,0,51,12,10,66,0,88,62,0,62,150
06/28/2017,BMI,IL,AGL,CE,Federal Contract Tower,11,7,12,1,31,0,0,10,0,10,11,7,22,1,41,4,2,6,47
06/29/2017,BMI,IL,AGL,CE,Federal Contract Tower,12,10,17,0,39,0,0,22,0,22,12,10,39,0,61,8,0,8,69
06/30/2017,BMI,IL,AGL,CE,Federal Contract Tower,12,7,13,0,32,0,0,12,0,12,12,7,25,0,44,12,0,12,56
07/01/2017,BMI,IL,AGL,CE,Federal Contract Tower,8,6,6,0,20,0,0,43,0,43,8,6,49,0,63,18,0,18,81
07/02/2017,BMI,IL,AGL,CE,Federal Contract Tower,10,6,1,0,17,0,0,46,0,46,10,6,47,0,63,8,0,8,71
07/03/2017,BMI,IL,AGL,CE,Federal Contract Tower,10,8,8,0,26,0,0,32,0,32,10,8,40,0,58,16,0,16,74
07/04/2017,BMI,IL,AGL,CE,Federal Contract Tower,5,5,9,0,19,0,0,17,0,17,5,5,26,0,36,32,0,32,68
07/05/2017,BMI,IL,AGL,CE,Federal Contract Tower,10,7,12,0,29,0,0,22,0,22,10,7,34,0,51,32,0,32,83
07/06/2017,BMI,IL,AGL,CE,Federal Contract Tower,13,7,11,2,33,0,0,46,2,48,13,7,57,4,81,48,0,48,129
07/07/2017,BMI,IL,AGL,CE,Federal Contract Tower,11,15,22,0,48,0,0,19,0,19,11,15,41,0,67,0,0,0,67
07/08/2017,BMI,IL,AGL,CE,Federal Contract Tower,10,9,9,0,28,0,0,47,0,47,10,9,56,0,75,8,0,8,83
07/09/2017,BMI,IL,AGL,CE,Federal Contract Tower,10,9,13,1,33,0,0,31,1,32,10,9,44,2,65,46,0,46,111
07/10/2017,BMI,IL,AGL,CE,Federal Contract Tower,11,8,8,0,27,0,0,4,0,4,11,8,12,0,31,0,0,0,31
07/11/2017,BMI,IL,AGL,CE,Federal Contract Tower,10,9,18,0,37,0,0,15,0,15,10,9,33,0,52,10,2,12,64
07/12/2017,BMI,IL,AGL,CE,Federal Contract Tower,11,9,19,2,41,0,0,22,0,22,11,9,41,2,63,34,2,36,99
07/13/2017,BMI,IL,AGL,CE,Federal Contract Tower,12,8,12,0,32,0,0,19,0,19,12,8,31,0,51,6,0,6,57
07/14/2017,BMI,IL,AGL,CE,Federal Contract Tower,12,9,19,0,40,0,0,44,0,44,12,9,63,0,84,20,0,20,104
07/15/2017,BMI,IL,AGL,CE,Federal Contract Tower,7,7,10,0,24,0,0,42,0,42,7,7,52,0,66,26,0,26,92
07/16/2017,BMI,IL,AGL,CE,Federal Contract Tower,11,9,10,0,30,0,0,30,0,30,11,9,40,0,60,8,0,8,68
07/17/2017,BMI,IL,AGL,CE,Federal Contract Tower,9,10,12,0,31,0,0,31,0,31,9,10,43,0,62,30,0,30,92
07/18/2017,BMI,IL,AGL,CE,Federal Contract Tower,9,12,14,2,37,0,0,50,0,50,9,12,64,2,87,84,0,84,171
07/19/2017,BMI,IL,AGL,CE,Federal Contract Tower,10,10,10,7,37,0,0,41,0,41,10,10,51,7,78,44,0,44,122
07/20/2017,BMI,IL,AGL,CE,Federal Contract Tower,13,11,20,0,44,0,0,14,2,16,13,11,34,2,60,16,0,16,76
07/21/2017,BMI,IL,AGL,CE,Federal Contract Tower,14,9,7,0,30,0,0,21,0,21,14,9,28,0,51,12,0,12,63
07/22/2017,BMI,IL,AGL,CE,Federal Contract Tower,9,4,4,0,17,0,0,21,0,21,9,4,25,0,38,40,0,40,78
07/23/2017,BMI,IL,AGL,CE,Federal Contract Tower,10,8,20,0,38,0,0,23,0,23,10,8,43,0,61,4,0,4,65
07/24/2017,BMI,IL,AGL,CE,Federal Contract Tower,12,10,18,2,42,0,0,9,0,9,12,10,27,2,51,0,20,20,71
07/25/2017,BMI,IL,AGL,CE,Federal Contract Tower,10,8,18,0,36,0,0,28,0,28,10,8,46,0,64,24,0,24,88
07/26/2017,BMI,IL,AGL,CE,Federal Contract Tower,8,7,24,2,41,0,0,31,0,31,8,7,55,2,72,18,0,18,90
07/27/2017,BMI,IL,AGL,CE,Federal Contract Tower,11,9,28,1,49,0,0,8,3,11,11,9,36,4,60,10,2,12,72
07/28/2017,BMI,IL,AGL,CE,Federal Contract Tower,14,11,22,0,47,0,0,20,0,20,14,11,42,0,67,16,0,16,83
07/29/2017,BMI,IL,AGL,CE,Federal Contract Tower,6,8,11,0,25,0,0,39,0,39,6,8,50,0,64,14,0,14,78
07/30/2017,BMI,IL,AGL,CE,Federal Contract Tower,10,9,14,0,33,0,0,61,0,61,10,9,75,0,94,30,0,30,124
07/31/2017,BMI,IL,AGL,CE,Federal Contract Tower,12,9,8,0,29,0,0,40,0,40,12,9,48,0,69,6,0,6,75
08/01/2017,BMI,IL,AGL,CE,Federal Contract Tower,10,10,12,0,32,0,0,22,0,22,10,10,34,0,54,26,10,36,90
08/02/2017,BMI,IL,AGL,CE,Federal Contract Tower,11,9,8,0,28,0,0,24,0,24,11,9,32,0,52,34,4,38,90
08/03/2017,BMI,IL,AGL,CE,Federal Contract Tower,12,8,18,0,38,0,0,31,0,31,12,8,49,0,69,4,0,4,73
08/04/2017,BMI,IL,AGL,CE,Federal Contract Tower,12,10,3,0,25,0,0,6,0,6,12,10,9,0,31,0,0,0,31
08/05/2017,BMI,IL,AGL,CE,Federal Contract Tower,6,7,5,0,18,0,0,59,0,59,6,7,64,0,77,48,0,48,125
08/06/2017,BMI,IL,AGL,CE,Federal Contract Tower,9,9,8,0,26,0,0,5,0,5,9,9,13,0,31,0,0,0,31
08/07/2017,BMI,IL,AGL,CE,Federal Contract Tower,10,9,9,5,33,0,0,7,0,7,10,9,16,5,40,2,18,20,60
08/08/2017,BMI,IL,AGL,CE,Federal Contract Tower,10,7,16,2,35,0,0,34,0,34,10,7,50,2,69,18,2,20,89
08/09/2017,BMI,IL,AGL,CE,Federal Contract Tower,10,6,17,0,33,0,0,42,0,42,10,6,59,0,75,28,0,28,103
08/10/2017,BMI,IL,AGL,CE,Federal Contract Tower,9,9,13,0,31,0,0,34,1,35,9,9,47,1,66,26,0,26,92
08/11/2017,BMI,IL,AGL,CE,Federal Contract Tower,13,9,16,0,38,0,0,23,0,23,13,9,39,0,61,0,0,0,61
08/12/2017,BMI,IL,AGL,CE,Federal Contract Tower,9,6,11,0,26,0,0,66,0,66,9,6,77,0,92,36,0,36,128
08/13/2017,BMI,IL,AGL,CE,Federal Contract Tower,12,10,13,0,35,0,0,29,0,29,12,10,42,0,64,28,0,28,92
08/14/2017,BMI,IL,AGL,CE,Federal Contract Tower,9,9,16,0,34,0,0,29,0,29,9,9,45,0,63,12,0,12,75
08/15/2017,BMI,IL,AGL,CE,Federal Contract Tower,9,7,7,1,24,0,0,20,1,21,9,7,27,2,45,34,0,34,79
08/16/2017,BMI,IL,AGL,CE,Federal Contract Tower,10,12,13,2,37,0,0,7,6,13,10,12,20,8,50,10,0,10,60
08/17/2017,BMI,IL,AGL,CE,Federal Contract Tower,13,9,27,0,49,0,0,15,0,15,13,9,42,0,64,10,0,10,74
08/18/2017,BMI,IL,AGL,CE,Federal Contract Tower,12,9,17,0,38,0,0,27,0,27,12,9,44,0,65,12,0,12,77
08/19/2017,BMI,IL,AGL,CE,Federal Contract Tower,7,8,2,0,17,0,0,44,0,44,7,8,46,0,61,24,0,24,85
08/20/2017,BMI,IL,AGL,CE,Federal Contract Tower,10,7,8,0,25,0,0,31,0,31,10,7,39,0,56,0,0,0,56
08/21/2017,BMI,IL,AGL,CE,Federal Contract Tower,12,7,16,0,35,0,0,15,0,15,12,7,31,0,50,0,0,0,50
08/22/2017,BMI,IL,AGL,CE,Federal Contract Tower,10,6,20,0,36,0,0,12,0,12,10,6,32,0,48,18,0,18,66
08/23/2017,BMI,IL,AGL,CE,Federal Contract Tower,11,7,14,0,32,0,0,38,0,38,11,7,52,0,70,10,0,10,80
08/24/2017,BMI,IL,AGL,CE,Federal Contract Tower,11,9,18,0,38,0,0,35,0,35,11,9,53,0,73,22,0,22,95
08/25/2017,BMI,IL,AGL,CE,Federal Contract Tower,12,7,16,0,35,0,0,40,0,40,12,7,56,0,75,51,0,51,126
08/26/2017,BMI,IL,AGL,CE,Federal Contract Tower,7,3,9,0,19,0,0,51,0,51,7,3,60,0,70,10,0,10,80
08/27/2017,BMI,IL,AGL,CE,Federal Contract Tower,9,8,8,0,25,0,0,18,0,18,9,8,26,0,43,28,0,28,71
08/28/2017,BMI,IL,AGL,CE,Federal Contract Tower,11,7,12,0,30,0,0,8,0,8,11,7,20,0,38,18,0,18,56
08/29/2017,BMI,IL,AGL,CE,Federal Contract Tower,12,8,20,2,42,0,0,26,0,26,12,8,46,2,68,20,0,20,88
08/30/2017,BMI,IL,AGL,CE,Federal Contract Tower,10,7,27,0,44,0,0,20,0,20,10,7,47,0,64,16,0,16,80
08/31/2017,BMI,IL,AGL,CE,Federal Contract Tower,11,7,23,0,41,0,0,16,0,16,11,7,39,0,57,4,0,4,61
09/01/2017,BMI,IL,AGL,CE,Federal Contract Tower,12,8,15,0,35,0,0,36,0,36,12,8,51,0,71,4,0,4,75
09/02/2017,BMI,IL,AGL,CE,Federal Contract Tower,8,2,22,0,32,0,0,52,0,52,8,2,74,0,84,8,0,8,92
09/03/2017,BMI,IL,AGL,CE,Federal Contract Tower,7,3,3,0,13,0,0,44,0,44,7,3,47,0,57,14,0,14,71
09/04/2017,BMI,IL,AGL,CE,Federal Contract Tower,10,7,15,0,32,0,0,10,0,10,10,7,25,0,42,10,0,10,52
09/05/2017,BMI,IL,AGL,CE,Federal Contract Tower,10,7,21,2,40,0,0,6,2,8,10,7,27,4,48,0,0,0,48
09/06/2017,BMI,IL,AGL,CE,Federal Contract Tower,10,7,15,0,32,0,0,13,0,13,10,7,28,0,45,12,0,12,57
09/07/2017,BMI,IL,AGL,CE,Federal Contract Tower,12,7,20,0,39,0,0,20,0,20,12,7,40,0,59,28,0,28,87
09/08/2017,BMI,IL,AGL,CE,Federal Contract Tower,9,8,17,3,37,0,0,25,2,27,9,8,42,5,64,12,8,20,84
09/09/2017,BMI,IL,AGL,CE,Federal Contract Tower,7,2,9,0,18,0,0,46,0,46,7,2,55,0,64,28,0,28,92
09/10/2017,BMI,IL,AGL,CE,Federal Contract Tower,7,8,13,0,28,0,0,26,0,26,7,8,39,0,54,12,0,12,66
09/11/2017,BMI,IL,AGL,CE,Federal Contract Tower,7,6,15,0,28,0,0,25,0,25,7,6,40,0,53,26,0,26,79
09/12/2017,BMI,IL,AGL,CE,Federal Contract Tower,6,9,17,1,33,0,0,20,0,20,6,9,37,1,53,2,0,2,55
09/13/2017,BMI,IL,AGL,CE,Federal Contract Tower,10,8,15,1,34,0,0,15,0,15,10,8,30,1,49,38,0,38,87
09/14/2017,BMI,IL,AGL,CE,Federal Contract Tower,15,10,20,0,45,0,0,18,0,18,15,10,38,0,63,2,0,2,65
09/15/2017,BMI,IL,AGL,CE,Federal Contract Tower,12,8,10,0,30,0,0,48,0,48,12,8,58,0,78,40,0,40,118
09/16/2017,BMI,IL,AGL,CE,Federal Contract Tower,8,3,13,1,25,0,0,40,0,40,8,3,53,1,65,10,0,10,75
09/17/2017,BMI,IL,AGL,CE,Federal Contract Tower,7,11,16,0,34,0,0,6,0,6,7,11,22,0,40,0,0,0,40
09/18/2017,BMI,IL,AGL,CE,Federal Contract Tower,11,10,13,2,36,0,0,12,0,12,11,10,25,2,48,22,4,26,74
09/19/2017,BMI,IL,AGL,CE,Federal Contract Tower,12,6,26,0,44,0,0,14,0,14,12,6,40,0,58,24,0,24,82
09/20/2017,BMI,IL,AGL,CE,Federal Contract Tower,10,9,15,0,34,0,0,14,0,14,10,9,29,0,48,8,0,8,56
09/21/2017,BMI,IL,AGL,CE,Federal Contract Tower,10,10,11,0,31,0,0,34,0,34,10,10,45,0,65,10,0,10,75
09/22/2017,BMI,IL,AGL,CE,Federal Contract Tower,12,9,13,0,34,0,0,24,2,26,12,9,37,2,60,16,0,16,76
09/23/2017,BMI,IL,AGL,CE,Federal Contract Tower,7,4,12,0,23,0,0,39,0,39,7,4,51,0,62,6,0,6,68
09/24/2017,BMI,IL,AGL,CE,Federal Contract Tower,9,7,15,0,31,0,0,40,0,40,9,7,55,0,71,0,0,0,71
09/25/2017,BMI,IL,AGL,CE,Federal Contract Tower,12,8,12,0,32,0,0,17,0,17,12,8,29,0,49,18,0,18,67
09/26/2017,BMI,IL,AGL,CE,Federal Contract Tower,11,9,16,0,36,0,0,29,0,29,11,9,45,0,65,14,0,14,79
09/27/2017,BMI,IL,AGL,CE,Federal Contract Tower,10,10,23,0,43,0,0,16,0,16,10,10,39,0,59,0,0,0,59
09/28/2017,BMI,IL,AGL,CE,Federal Contract Tower,12,11,20,0,43,0,0,22,0,22,12,11,42,0,65,12,0,12,77
09/29/2017,BMI,IL,AGL,CE,Federal Contract Tower,12,8,8,0,28,0,0,27,0,27,12,8,35,0,55,28,0,28,83
09/30/2017,BMI,IL,AGL,CE,Federal Contract Tower,7,4,4,0,15,0,0,30,0,30,7,4,34,0,45,0,0,0,45
10/01/2017,BMI,IL,AGL,CE,Federal Contract Tower,9,10,4,0,23,0,0,33,0,33,9,10,37,0,56,2,0,2,58
10/02/2017,BMI,IL,AGL,CE,Federal Contract Tower,12,7,10,0,29,0,0,12,0,12,12,7,22,0,41,6,0,6,47
10/03/2017,BMI,IL,AGL,CE,Federal Contract Tower,10,9,16,0,35,0,0,15,6,21,10,9,31,6,56,0,4,4,60
10/04/2017,BMI,IL,AGL,CE,Federal Contract Tower,11,7,27,0,45,0,0,0,0,0,11,7,27,0,45,0,0,0,45
10/05/2017,BMI,IL,AGL,CE,Federal Contract Tower,12,7,14,0,33,0,0,15,0,15,12,7,29,0,48,12,0,12,60
10/06/2017,BMI,IL,AGL,CE,Federal Contract Tower,13,7,23,0,43,0,0,0,0,0,13,7,23,0,43,0,0,0,43
10/07/2017,BMI,IL,AGL,CE,Federal Contract Tower,7,4,1,0,12,0,0,3,0,3,7,4,4,0,15,0,0,0,15
10/08/2017,BMI,IL,AGL,CE,Federal Contract Tower,12,9,18,0,39,0,0,66,0,66,12,9,84,0,105,10,0,10,115
10/09/2017,BMI,IL,AGL,CE,Federal Contract Tower,11,6,11,0,28,0,0,18,0,18,11,6,29,0,46,30,0,30,76
10/10/2017,BMI,IL,AGL,CE,Federal Contract Tower,11,8,13,1,33,0,0,2,0,2,11,8,15,1,35,0,0,0,35
10/11/2017,BMI,IL,AGL,CE,Federal Contract Tower,13,7,21,0,41,0,0,0,0,0,13,7,21,0,41,0,0,0,41
10/12/2017,BMI,IL,AGL,CE,Federal Contract Tower,12,7,35,0,54,0,0,0,0,0,12,7,35,0,54,0,0,0,54
10/13/2017,BMI,IL,AGL,CE,Federal Contract Tower,12,7,7,4,30,0,0,29,8,37,12,7,36,12,67,16,16,32,99
10/14/2017,BMI,IL,AGL,CE,Federal Contract Tower,7,2,7,0,16,0,0,3,0,3,7,2,10,0,19,6,0,6,25
10/15/2017,BMI,IL,AGL,CE,Federal Contract Tower,9,7,12,0,28,0,0,6,0,6,9,7,18,0,34,0,0,0,34
10/16/2017,BMI,IL,AGL,CE,Federal Contract Tower,11,7,10,0,28,0,0,24,0,24,11,7,34,0,52,40,0,40,92
10/17/2017,BMI,IL,AGL,CE,Federal Contract Tower,11,9,19,0,39,0,0,25,0,25,11,9,44,0,64,30,0,30,94
10/18/2017,BMI,IL,AGL,CE,Federal Contract Tower,11,8,10,1,30,0,0,27,0,27,11,8,37,1,57,20,0,20,77
10/19/2017,BMI,IL,AGL,CE,Federal Contract Tower,12,7,18,0,37,0,0,47,0,47,12,7,65,0,84,52,0,52,136
10/20/2017,BMI,IL,AGL,CE,Federal Contract Tower,11,7,11,0,29,0,0,27,0,27,11,7,38,0,56,12,0,12,68
10/21/2017,BMI,IL,AGL,CE,Federal Contract Tower,9,2,9,0,20,0,0,23,0,23,9,2,32,0,43,4,0,4,47
10/22/2017,BMI,IL,AGL,CE,Federal Contract Tower,9,5,14,0,28,0,0,1,0,1,9,5,15,0,29,0,0,0,29
10/23/2017,BMI,IL,AGL,CE,Federal Contract Tower,13,8,15,0,36,0,0,8,0,8,13,8,23,0,44,14,0,14,58
10/24/2017,BMI,IL,AGL,CE,Federal Contract Tower,12,7,7,2,28,0,0,0,0,0,12,7,7,2,28,0,0,0,28
10/25/2017,BMI,IL,AGL,CE,Federal Contract Tower,10,8,7,0,25,0,0,27,0,27,10,8,34,0,52,36,0,36,88
10/26/2017,BMI,IL,AGL,CE,Federal Contract Tower,10,9,16,0,35,0,0,10,4,14,10,9,26,4,49,8,0,8,57
10/27/2017,BMI,IL,AGL,CE,Federal Contract Tower,15,6,5,2,28,0,0,9,0,9,15,6,14,2,37,26,0,26,63
10/28/2017,BMI,IL,AGL,CE,Federal Contract Tower,10,2,2,0,14,0,0,1,0,1,10,2,3,0,15,6,0,6,21
10/29/2017,BMI,IL,AGL,CE,Federal Contract Tower,9,7,7,0,23,0,0,57,0,57,9,7,64,0,80,6,0,6,86
10/30/2017,BMI,IL,AGL,CE,Federal Contract Tower,12,9,11,0,32,0,0,10,0,10,12,9,21,0,42,10,0,10,52
10/31/2017,BMI,IL,AGL,CE,Federal Contract Tower,11,7,14,0,32,0,0,18,0,18,11,7,32,0,50,14,0,14,64
11/01/2017,BMI,IL,AGL,CE,Federal Contract Tower,7,9,13,2,31,0,0,3,0,3,7,9,16,2,34,0,8,8,42
11/02/2017,BMI,IL,AGL,CE,Federal Contract Tower,11,7,11,7,36,0,0,0,0,0,11,7,11,7,36,0,0,0,36
11/03/2017,BMI,IL,AGL,CE,Federal Contract Tower,13,7,9,0,29,0,0,30,0,30,13,7,39,0,59,46,0,46,105
11/04/2017,BMI,IL,AGL,CE,Federal Contract Tower,9,1,3,0,13,0,0,0,0,0,9,1,3,0,13,0,0,0,13
11/05/2017,BMI,IL,AGL,CE,Federal Contract Tower,9,7,2,0,18,0,0,0,0,0,9,7,2,0,18,0,0,0,18
11/06/2017,BMI,IL,AGL,CE,Federal Contract Tower,12,8,11,2,33,0,0,23,4,27,12,8,34,6,60,32,0,32,92
11/07/2017,BMI,IL,AGL,CE,Federal Contract Tower,9,7,15,1,32,0,0,19,1,20,9,7,34,2,52,32,0,32,84
11/08/2017,BMI,IL,AGL,CE,Federal Contract Tower,10,7,10,2,29,0,0,55,0,55,10,7,65,2,84,50,0,50,134
11/09/2017,BMI,IL,AGL,CE,Federal Contract Tower,12,8,24,0,44,0,0,21,0,21,12,8,45,0,65,12,0,12,77
11/10/2017,BMI,IL,AGL,CE,Federal Contract Tower,15,8,19,0,42,0,0,31,0,31,15,8,50,0,73,16,0,16,89
11/11/2017,BMI,IL,AGL,CE,Federal Contract Tower,8,2,9,0,19,0,0,57,0,57,8,2,66,0,76,34,0,34,110
11/12/2017,BMI,IL,AGL,CE,Federal Contract Tower,9,7,18,0,34,0,0,0,0,0,9,7,18,0,34,0,0,0,34
11/13/2017,BMI,IL,AGL,CE,Federal Contract Tower,12,7,17,1,37,0,0,9,0,9,12,7,26,1,46,24,0,24,70
11/14/2017,BMI,IL,AGL,CE,Federal Contract Tower,10,7,6,1,24,0,0,21,0,21,10,7,27,1,45,58,0,58,103
11/15/2017,BMI,IL,AGL,CE,Federal Contract Tower,11,7,17,0,35,0,0,11,0,11,11,7,28,0,46,0,0,0,46
11/16/2017,BMI,IL,AGL,CE,Federal Contract Tower,12,8,23,0,43,0,0,7,0,7,12,8,30,0,50,0,0,0,50
11/17/2017,BMI,IL,AGL,CE,Federal Contract Tower,12,7,16,2,37,0,0,5,0,5,12,7,21,2,42,0,8,8,50
11/18/2017,BMI,IL,AGL,CE,Federal Contract Tower,11,3,8,0,22,0,0,0,0,0,11,3,8,0,22,0,0,0,22
11/19/2017,BMI,IL,AGL,CE,Federal Contract Tower,11,9,15,0,35,0,0,21,0,21,11,9,36,0,56,6,0,6,62
11/20/2017,BMI,IL,AGL,CE,Federal Contract Tower,14,6,7,0,27,0,0,9,0,9,14,6,16,0,36,4,0,4,40
11/21/2017,BMI,IL,AGL,CE,Federal Contract Tower,15,12,12,0,39,0,0,16,0,16,15,12,28,0,55,8,0,8,63
11/22/2017,BMI,IL,AGL,CE,Federal Contract Tower,13,11,14,0,38,0,0,39,0,39,13,11,53,0,77,22,0,22,99
11/23/2017,BMI,IL,AGL,CE,Federal Contract Tower,8,5,3,0,16,0,0,7,0,7,8,5,10,0,23,6,0,6,29
11/24/2017,BMI,IL,AGL,CE,Federal Contract Tower,9,5,4,0,18,0,0,13,0,13,9,5,17,0,31,6,0,6,37
11/25/2017,BMI,IL,AGL,CE,Federal Contract Tower,12,9,5,0,26,0,0,34,0,34,12,9,39,0,60,40,0,40,100
11/26/2017,BMI,IL,AGL,CE,Federal Contract Tower,13,7,15,0,35,0,0,53,0,53,13,7,68,0,88,30,0,30,118
11/27/2017,BMI,IL,AGL,CE,Federal Contract Tower,11,8,7,0,26,0,0,28,0,28,11,8,35,0,54,44,0,44,98
11/28/2017,BMI,IL,AGL,CE,Federal Contract Tower,9,9,16,5,39,0,0,6,1,7,9,9,22,6,46,8,0,8,54
11/29/2017,BMI,IL,AGL,CE,Federal Contract Tower,11,7,17,1,36,0,0,52,0,52,11,7,69,1,88,12,0,12,100
11/30/2017,BMI,IL,AGL,CE,Federal Contract Tower,12,11,26,1,50,0,0,24,0,24,12,11,50,1,74,0,0,0,74
12/01/2017,BMI,IL,AGL,CE,Federal Contract Tower,14,9,11,0,34,0,0,58,0,58,14,9,69,0,92,26,0,26,118
12/02/2017,BMI,IL,AGL,CE,Federal Contract Tower,10,2,8,0,20,0,0,46,0,46,10,2,54,0,66,10,0,10,76
12/03/2017,BMI,IL,AGL,CE,Federal Contract Tower,9,7,14,0,30,0,0,66,0,66,9,7,80,0,96,12,0,12,108
12/04/2017,BMI,IL,AGL,CE,Federal Contract Tower,10,7,11,0,28,0,0,1,0,1,10,7,12,0,29,0,0,0,29
12/05/2017,BMI,IL,AGL,CE,Federal Contract Tower,12,9,15,0,36,0,0,2,0,2,12,9,17,0,38,0,0,0,38
12/06/2017,BMI,IL,AGL,CE,Federal Contract Tower,9,6,19,0,34,0,0,8,0,8,9,6,27,0,42,8,0,8,50
12/07/2017,BMI,IL,AGL,CE,Federal Contract Tower,13,10,20,0,43,0,0,18,0,18,13,10,38,0,61,0,0,0,61
12/08/2017,BMI,IL,AGL,CE,Federal Contract Tower,10,6,11,0,27,0,0,33,0,33,10,6,44,0,60,32,0,32,92
12/09/2017,BMI,IL,AGL,CE,Federal Contract Tower,7,3,2,0,12,0,0,5,0,5,7,3,7,0,17,0,0,0,17
12/10/2017,BMI,IL,AGL,CE,Federal Contract Tower,10,7,7,0,24,0,0,31,0,31,10,7,38,0,55,8,0,8,63
12/11/2017,BMI,IL,AGL,CE,Federal Contract Tower,14,7,13,0,34,0,0,9,0,9,14,7,22,0,43,4,0,4,47
12/12/2017,BMI,IL,AGL,CE,Federal Contract Tower,11,7,16,1,35,0,0,8,0,8,11,7,24,1,43,2,6,8,51
12/13/2017,BMI,IL,AGL,CE,Federal Contract Tower,12,6,15,0,33,0,0,1,0,1,12,6,16,0,34,0,0,0,34
12/14/2017,BMI,IL,AGL,CE,Federal Contract Tower,13,8,17,0,38,0,0,10,0,10,13,8,27,0,48,12,0,12,60
12/15/2017,BMI,IL,AGL,CE,Federal Contract Tower,13,8,10,0,31,0,0,10,0,10,13,8,20,0,41,0,0,0,41
12/16/2017,BMI,IL,AGL,CE,Federal Contract Tower,7,6,12,0,25,0,0,44,0,44,7,6,56,0,69,24,0,24,93
12/17/2017,BMI,IL,AGL,CE,Federal Contract Tower,8,4,3,0,15,0,0,6,0,6,8,4,9,0,21,2,0,2,23
12/18/2017,BMI,IL,AGL,CE,Federal Contract Tower,10,5,3,0,18,0,0,4,0,4,10,5,7,0,22,18,0,18,40
12/19/2017,BMI,IL,AGL,CE,Federal Contract Tower,11,5,10,0,26,0,0,29,0,29,11,5,39,0,55,46,0,46,101
12/20/2017,BMI,IL,AGL,CE,Federal Contract Tower,14,7,16,0,37,0,0,29,0,29,14,7,45,0,66,32,0,32,98
12/21/2017,BMI,IL,AGL,CE,Federal Contract Tower,16,9,17,1,43,0,0,20,2,22,16,9,37,3,65,18,0,18,83
12/22/2017,BMI,IL,AGL,CE,Federal Contract Tower,15,6,8,0,29,0,0,7,0,7,15,6,15,0,36,10,0,10,46
12/23/2017,BMI,IL,AGL,CE,Federal Contract Tower,12,8,10,0,30,0,0,29,0,29,12,8,39,0,59,12,0,12,71
12/24/2017,BMI,IL,AGL,CE,Federal Contract Tower,9,5,3,0,17,0,0,0,0,0,9,5,3,0,17,0,0,0,17
12/25/2017,BMI,IL,AGL,CE,Federal Contract Tower,9,6,1,0,16,0,0,1,0,1,9,6,2,0,17,0,0,0,17
12/26/2017,BMI,IL,AGL,CE,Federal Contract Tower,11,5,19,0,35,0,0,7,0,7,11,5,26,0,42,34,0,34,76
12/27/2017,BMI,IL,AGL,CE,Federal Contract Tower,14,5,5,0,24,0,0,13,0,13,14,5,18,0,37,32,0,32,69
12/28/2017,BMI,IL,AGL,CE,Federal Contract Tower,11,5,9,0,25,0,0,5,0,5,11,5,14,0,30,0,0,0,30
12/29/2017,BMI,IL,AGL,CE,Federal Contract Tower,13,5,7,0,25,0,0,2,0,2,13,5,9,0,27,10,0,10,37
12/30/2017,BMI,IL,AGL,CE,Federal Contract Tower,11,5,0,0,16,0,0,6,0,6,11,5,6,0,22,4,0,4,26
12/31/2017,BMI,IL,AGL,CE,Federal Contract Tower,8,6,3,0,17,0,0,6,0,6,8,6,9,0,23,8,0,8,31
01/01/2018,BMI,IL,AGL,CE,Federal Contract Tower,10,5,0,0,15,0,0,8,0,8,10,5,8,0,23,0,0,0,23
01/02/2018,BMI,IL,AGL,CE,Federal Contract Tower,10,6,6,0,22,0,0,7,0,7,10,6,13,0,29,4,0,4,33
01/03/2018,BMI,IL,AGL,CE,Federal Contract Tower,11,5,16,0,32,0,0,3,0,3,11,5,19,0,35,0,0,0,35
01/04/2018,BMI,IL,AGL,CE,Federal Contract Tower,12,6,15,0,33,0,0,11,0,11,12,6,26,0,44,32,0,32,76
01/05/2018,BMI,IL,AGL,CE,Federal Contract Tower,12,3,10,0,25,0,0,8,0,8,12,3,18,0,33,16,0,16,49
01/06/2018,BMI,IL,AGL,CE,Federal Contract Tower,8,5,4,0,17,0,0,31,0,31,8,5,35,0,48,26,0,26,74
01/07/2018,BMI,IL,AGL,CE,Federal Contract Tower,9,7,6,0,22,0,0,2,0,2,9,7,8,0,24,4,0,4,28
01/08/2018,BMI,IL,AGL,CE,Federal Contract Tower,10,5,7,0,22,0,0,0,0,0,10,5,7,0,22,0,0,0,22
01/09/2018,BMI,IL,AGL,CE,Federal Contract Tower,7,5,18,0,30,0,0,0,0,0,7,5,18,0,30,0,0,0,30
01/10/2018,BMI,IL,AGL,CE,Federal Contract Tower,10,7,9,1,27,0,0,0,0,0,10,7,9,1,27,0,0,0,27
01/11/2018,BMI,IL,AGL,CE,Federal Contract Tower,12,7,11,2,32,0,0,0,0,0,12,7,11,2,32,0,0,0,32
01/12/2018,BMI,IL,AGL,CE,Federal Contract Tower,12,5,13,0,30,0,0,2,0,2,12,5,15,0,32,0,0,0,32
01/13/2018,BMI,IL,AGL,CE,Federal Contract Tower,6,4,7,0,17,0,0,24,0,24,6,4,31,0,41,56,0,56,97
01/14/2018,BMI,IL,AGL,CE,Federal Contract Tower,9,10,4,0,23,0,0,13,0,13,9,10,17,0,36,4,0,4,40
01/15/2018,BMI,IL,AGL,CE,Federal Contract Tower,14,6,10,0,30,0,0,2,0,2,14,6,12,0,32,0,0,0,32
01/16/2018,BMI,IL,AGL,CE,Federal Contract Tower,6,8,13,0,27,0,0,3,0,3,6,8,16,0,30,12,4,16,46
01/17/2018,BMI,IL,AGL,CE,Federal Contract Tower,10,6,14,0,30,0,0,17,0,17,10,6,31,0,47,6,0,6,53
01/18/2018,BMI,IL,AGL,CE,Federal Contract Tower,16,9,9,2,36,0,0,6,3,9,16,9,15,5,45,34,4,38,83
01/19/2018,BMI,IL,AGL,CE,Federal Contract Tower,13,9,15,3,40,0,0,22,1,23,13,9,37,4,63,16,0,16,79
01/20/2018,BMI,IL,AGL,CE,Federal Contract Tower,7,6,4,1,18,0,0,13,0,13,7,6,17,1,31,12,0,12,43
01/21/2018,BMI,IL,AGL,CE,Federal Contract Tower,14,7,5,0,26,0,0,0,0,0,14,7,5,0,26,0,0,0,26
01/22/2018,BMI,IL,AGL,CE,Federal Contract Tower,15,4,7,0,26,0,0,1,0,1,15,4,8,0,27,2,0,2,29
01/23/2018,BMI,IL,AGL,CE,Federal Contract Tower,9,6,8,0,23,0,0,2,0,2,9,6,10,0,25,0,2,2,27
01/24/2018,BMI,IL,AGL,CE,Federal Contract Tower,11,5,4,1,21,0,0,14,0,14,11,5,18,1,35,46,0,46,81
01/25/2018,BMI,IL,AGL,CE,Federal Contract Tower,13,8,13,4,38,0,0,30,1,31,13,8,43,5,69,36,0,36,105
01/26/2018,BMI,IL,AGL,CE,Federal Contract Tower,11,9,8,0,28,0,0,7,0,7,11,9,15,0,35,2,0,2,37
01/27/2018,BMI,IL,AGL,CE,Federal Contract Tower,6,5,3,0,14,0,0,40,0,40,6,5,43,0,54,26,0,26,80
01/28/2018,BMI,IL,AGL,CE,Federal Contract Tower,11,5,6,0,22,0,0,46,0,46,11,5,52,0,68,20,0,20,88
01/29/2018,BMI,IL,AGL,CE,Federal Contract Tower,10,7,5,0,22,0,0,1,0,1,10,7,6,0,23,0,0,0,23
01/30/2018,BMI,IL,AGL,CE,Federal Contract Tower,8,6,7,3,24,0,0,29,0,29,8,6,36,3,53,60,2,62,115
01/31/2018,BMI,IL,AGL,CE,Federal Contract Tower,8,8,12,3,31,0,0,9,0,9,8,8,21,3,40,12,0,12,52
02/01/2018,BMI,IL,AGL,CE,Federal Contract Tower,11,4,15,1,31,0,0,11,0,11,11,4,26,1,42,18,2,20,62
02/02/2018,BMI,IL,AGL,CE,Federal Contract Tower,12,6,5,1,24,0,0,30,3,33,12,6,35,4,57,35,8,43,100
02/03/2018,BMI,IL,AGL,CE,Federal Contract Tower,6,4,4,3,17,0,0,16,1,17,6,4,20,4,34,4,2,6,40
02/04/2018,BMI,IL,AGL,CE,Federal Contract Tower,9,5,1,0,15,0,0,0,0,0,9,5,1,0,15,0,0,0,15
02/05/2018,BMI,IL,AGL,CE,Federal Contract Tower,10,6,16,0,32,0,0,0,0,0,10,6,16,0,32,0,0,0,32
02/06/2018,BMI,IL,AGL,CE,Federal Contract Tower,8,7,11,0,26,0,0,4,0,4,8,7,15,0,30,18,0,18,48
02/07/2018,BMI,IL,AGL,CE,Federal Contract Tower,10,7,7,0,24,0,0,11,0,11,10,7,18,0,35,32,2,34,69
02/08/2018,BMI,IL,AGL,CE,Federal Contract Tower,12,6,6,0,24,0,0,6,2,8,12,6,12,2,32,14,0,14,46
02/09/2018,BMI,IL,AGL,CE,Federal Contract Tower,11,4,7,0,22,0,0,0,0,0,11,4,7,0,22,0,0,0,22
02/10/2018,BMI,IL,AGL,CE,Federal Contract Tower,7,7,4,0,18,0,0,1,0,1,7,7,5,0,19,0,0,0,19
02/11/2018,BMI,IL,AGL,CE,Federal Contract Tower,12,5,5,0,22,0,0,6,0,6,12,5,11,0,28,14,0,14,42
02/12/2018,BMI,IL,AGL,CE,Federal Contract Tower,12,11,13,0,36,0,0,8,0,8,12,11,21,0,44,0,0,0,44
02/13/2018,BMI,IL,AGL,CE,Federal Contract Tower,9,5,17,2,33,0,0,11,0,11,9,5,28,2,44,10,6,16,60
02/14/2018,BMI,IL,AGL,CE,Federal Contract Tower,9,4,13,0,26,0,0,0,0,0,9,4,13,0,26,0,0,0,26
02/15/2018,BMI,IL,AGL,CE,Federal Contract Tower,10,9,23,0,42,0,0,2,0,2,10,9,25,0,44,0,0,0,44
02/16/2018,BMI,IL,AGL,CE,Federal Contract Tower,12,4,9,0,25,0,0,25,2,27,12,4,34,2,52,60,0,60,112
02/17/2018,BMI,IL,AGL,CE,Federal Contract Tower,4,6,3,0,13,0,0,16,0,16,4,6,19,0,29,8,0,8,37
02/18/2018,BMI,IL,AGL,CE,Federal Contract Tower,9,6,8,0,23,0,0,23,0,23,9,6,31,0,46,8,0,8,54
02/19/2018,BMI,IL,AGL,CE,Federal Contract Tower,12,5,12,0,29,0,0,0,0,0,12,5,12,0,29,0,0,0,29
02/20/2018,BMI,IL,AGL,CE,Federal Contract Tower,7,4,13,0,24,0,0,0,0,0,7,4,13,0,24,0,0,0,24
02/21/2018,BMI,IL,AGL,CE,Federal Contract Tower,9,4,11,0,24,0,0,1,0,1,9,4,12,0,25,0,0,0,25
02/22/2018,BMI,IL,AGL,CE,Federal Contract Tower,11,5,13,0,29,0,0,0,0,0,11,5,13,0,29,0,0,0,29
02/23/2018,BMI,IL,AGL,CE,Federal Contract Tower,13,6,17,0,36,0,0,0,0,0,13,6,17,0,36,0,0,0,36
02/24/2018,BMI,IL,AGL,CE,Federal Contract Tower,4,3,3,0,10,0,0,0,0,0,4,3,3,0,10,0,0,0,10
02/25/2018,BMI,IL,AGL,CE,Federal Contract Tower,10,5,12,0,27,0,0,30,0,30,10,5,42,0,57,28,0,28,85
02/26/2018,BMI,IL,AGL,CE,Federal Contract Tower,11,6,5,0,22,0,0,30,0,30,11,6,35,0,52,34,0,34,86
02/27/2018,BMI,IL,AGL,CE,Federal Contract Tower,9,6,19,2,36,0,0,24,0,24,9,6,43,2,60,0,0,0,60
02/28/2018,BMI,IL,AGL,CE,Federal Contract Tower,12,4,11,0,27,0,0,2,0,2,12,4,13,0,29,8,0,8,37
03/01/2018,BMI,IL,AGL,CE,Federal Contract Tower,14,6,18,1,39,0,0,2,1,3,14,6,20,2,42,4,0,4,46
03/02/2018,BMI,IL,AGL,CE,Federal Contract Tower,13,5,16,0,34,0,0,51,0,51,13,5,67,0,85,76,0,76,161
03/03/2018,BMI,IL,AGL,CE,Federal Contract Tower,5,9,21,0,35,0,0,88,0,88,5,9,109,0,123,52,0,52,175
03/04/2018,BMI,IL,AGL,CE,Federal Contract Tower,9,6,10,0,25,0,0,101,0,101,9,6,111,0,126,24,0,24,150
03/05/2018,BMI,IL,AGL,CE,Federal Contract Tower,10,10,8,0,28,0,0,0,0,0,10,10,8,0,28,0,0,0,28
03/06/2018,BMI,IL,AGL,CE,Federal Contract Tower,6,8,16,0,30,0,0,4,0,4,6,8,20,0,34,20,0,20,54
03/07/2018,BMI,IL,AGL,CE,Federal Contract Tower,9,11,13,0,33,0,0,10,0,10,9,11,23,0,43,2,0,2,45
03/08/2018,BMI,IL,AGL,CE,Federal Contract Tower,10,7,10,0,27,0,0,14,0,14,10,7,24,0,41,38,0,38,79
03/09/2018,BMI,IL,AGL,CE,Federal Contract Tower,8,10,8,1,27,0,0,44,1,45,8,10,52,2,72,60,0,60,132
03/10/2018,BMI,IL,AGL,CE,Federal Contract Tower,5,5,8,0,18,0,0,64,0,64,5,5,72,0,82,14,0,14,96
03/11/2018,BMI,IL,AGL,CE,Federal Contract Tower,9,9,9,0,27,0,0,20,0,20,9,9,29,0,47,0,0,0,47
03/12/2018,BMI,IL,AGL,CE,Federal Contract Tower,9,10,17,0,36,0,0,7,0,7,9,10,24,0,43,8,0,8,51
03/13/2018,BMI,IL,AGL,CE,Federal Contract Tower,10,9,20,0,39,0,0,6,0,6,10,9,26,0,45,10,0,10,55
03/14/2018,BMI,IL,AGL,CE,Federal Contract Tower,9,9,14,2,34,0,0,20,0,20,9,9,34,2,54,14,0,14,68
03/15/2018,BMI,IL,AGL,CE,Federal Contract Tower,8,11,11,1,31,0,0,50,1,51,8,11,61,2,82,54,0,54,136
03/16/2018,BMI,IL,AGL,CE,Federal Contract Tower,9,11,9,4,33,0,0,16,0,16,9,11,25,4,49,12,0,12,61
03/17/2018,BMI,IL,AGL,CE,Federal Contract Tower,6,5,8,0,19,0,0,0,0,0,6,5,8,0,19,0,0,0,19
03/18/2018,BMI,IL,AGL,CE,Federal Contract Tower,7,7,14,0,28,0,0,63,0,63,7,7,77,0,91,40,0,40,131
03/19/2018,BMI,IL,AGL,CE,Federal Contract Tower,8,10,16,0,34,0,0,2,0,2,8,10,18,0,36,0,0,0,36
03/20/2018,BMI,IL,AGL,CE,Federal Contract Tower,8,12,23,0,43,0,0,5,0,5,8,12,28,0,48,0,0,0,48
03/21/2018,BMI,IL,AGL,CE,Federal Contract Tower,8,9,8,0,25,0,0,23,0,23,8,9,31,0,48,24,0,24,72
03/22/2018,BMI,IL,AGL,CE,Federal Contract Tower,9,9,23,0,41,0,0,40,0,40,9,9,63,0,81,10,0,10,91
03/23/2018,BMI,IL,AGL,CE,Federal Contract Tower,9,12,15,0,36,0,0,23,0,23,9,12,38,0,59,14,0,14,73
03/24/2018,BMI,IL,AGL,CE,Federal Contract Tower,6,4,3,0,13,0,0,0,0,0,6,4,3,0,13,0,0,0,13
03/25/2018,BMI,IL,AGL,CE,Federal Contract Tower,8,8,4,0,20,0,0,17,0,17,8,8,21,0,37,10,0,10,47
03/26/2018,BMI,IL,AGL,CE,Federal Contract Tower,8,9,9,0,26,0,0,9,0,9,8,9,18,0,35,0,0,0,35
03/27/2018,BMI,IL,AGL,CE,Federal Contract Tower,8,7,17,0,32,0,0,0,0,0,8,7,17,0,32,0,0,0,32
03/28/2018,BMI,IL,AGL,CE,Federal Contract Tower,10,8,16,5,39,0,0,2,0,2,10,8,18,5,41,0,0,0,41
03/29/2018,BMI,IL,AGL,CE,Federal Contract Tower,8,8,22,14,52,0,0,0,0,0,8,8,22,14,52,0,18,18,70
03/30/2018,BMI,IL,AGL,CE,Federal Contract Tower,12,6,7,0,25,0,0,43,0,43,12,6,50,0,68,14,0,14,82
03/31/2018,BMI,IL,AGL,CE,Federal Contract Tower,6,6,3,0,15,0,0,3,0,3,6,6,6,0,18,6,0,6,24
04/01/2018,BMI,IL,AGL,CE,Federal Contract Tower,6,10,7,0,23,0,0,9,0,9,6,10,16,0,32,0,0,0,32
04/02/2018,BMI,IL,AGL,CE,Federal Contract Tower,7,10,3,0,20,0,0,8,0,8,7,10,11,0,28,4,0,4,32
04/03/2018,BMI,IL,AGL,CE,Federal Contract Tower,10,6,6,0,22,0,0,0,0,0,10,6,6,0,22,0,0,0,22
04/04/2018,BMI,IL,AGL,CE,Federal Contract Tower,11,8,13,0,32,0,0,9,0,9,11,8,22,0,41,6,0,6,47
04/05/2018,BMI,IL,AGL,CE,Federal Contract Tower,14,8,11,0,33,0,0,24,0,24,14,8,35,0,57,28,0,28,85
04/06/2018,BMI,IL,AGL,CE,Federal Contract Tower,12,7,16,0,35,0,0,10,0,10,12,7,26,0,45,0,0,0,45
04/07/2018,BMI,IL,AGL,CE,Federal Contract Tower,4,4,13,0,21,0,0,41,0,41,4,4,54,0,62,14,0,14,76
04/08/2018,BMI,IL,AGL,CE,Federal Contract Tower,11,6,4,0,21,0,0,40,0,40,11,6,44,0,61,0,0,0,61
04/09/2018,BMI,IL,AGL,CE,Federal Contract Tower,12,10,18,0,40,0,0,2,0,2,12,10,20,0,42,16,0,16,58
04/10/2018,BMI,IL,AGL,CE,Federal Contract Tower,11,9,16,0,36,0,0,18,0,18,11,9,34,0,54,4,2,6,60
04/11/2018,BMI,IL,AGL,CE,Federal Contract Tower,10,8,22,2,42,0,0,16,0,16,10,8,38,2,58,26,0,26,84
04/12/2018,BMI,IL,AGL,CE,Federal Contract Tower,12,9,19,0,40,0,0,17,0,17,12,9,36,0,57,14,0,14,71
04/13/2018,BMI,IL,AGL,CE,Federal Contract Tower,12,8,9,0,29,0,0,0,0,0,12,8,9,0,29,0,0,0,29
04/14/2018,BMI,IL,AGL,CE,Federal Contract Tower,7,3,5,0,15,0,0,0,0,0,7,3,5,0,15,0,0,0,15
04/15/2018,BMI,IL,AGL,CE,Federal Contract Tower,11,9,9,0,29,0,0,0,0,0,11,9,9,0,29,0,0,0,29
04/16/2018,BMI,IL,AGL,CE,Federal Contract Tower,12,7,9,2,30,0,0,1,1,2,12,7,10,3,32,0,2,2,34
04/17/2018,BMI,IL,AGL,CE,Federal Contract Tower,11,7,36,0,54,0,0,34,0,34,11,7,70,0,88,58,0,58,146
04/18/2018,BMI,IL,AGL,CE,Federal Contract Tower,11,9,7,0,27,0,0,5,0,5,11,9,12,0,32,0,0,0,32
04/19/2018,BMI,IL,AGL,CE,Federal Contract Tower,13,7,16,0,36,0,0,15,0,15,13,7,31,0,51,6,0,6,57
04/20/2018,BMI,IL,AGL,CE,Federal Contract Tower,12,8,10,0,30,0,0,52,1,53,12,8,62,1,83,16,0,16,99
04/21/2018,BMI,IL,AGL,CE,Federal Contract Tower,6,4,9,0,19,0,0,34,0,34,6,4,43,0,53,2,0,2,55
04/22/2018,BMI,IL,AGL,CE,Federal Contract Tower,12,3,6,0,21,0,0,7,0,7,12,3,13,0,28,6,0,6,34
04/23/2018,BMI,IL,AGL,CE,Federal Contract Tower,11,8,7,0,26,0,0,9,0,9,11,8,16,0,35,14,0,14,49
04/24/2018,BMI,IL,AGL,CE,Federal Contract Tower,12,8,23,0,43,0,0,18,0,18,12,8,41,0,61,10,0,10,71
04/25/2018,BMI,IL,AGL,CE,Federal Contract Tower,11,7,20,4,42,0,0,27,3,30,11,7,47,7,72,8,4,12,84
04/26/2018,BMI,IL,AGL,CE,Federal Contract Tower,12,6,16,0,34,0,0,32,2,34,12,6,48,2,68,22,0,22,90
04/27/2018,BMI,IL,AGL,CE,Federal Contract Tower,13,11,24,0,48,0,0,32,0,32,13,11,56,0,80,0,0,0,80
04/28/2018,BMI,IL,AGL,CE,Federal Contract Tower,6,6,7,0,19,0,0,22,0,22,6,6,29,0,41,22,0,22,63
04/29/2018,BMI,IL,AGL,CE,Federal Contract Tower,12,6,12,0,30,0,0,48,0,48,12,6,60,0,78,36,0,36,114
04/30/2018,BMI,IL,AGL,CE,Federal Contract Tower,13,7,13,1,34,0,0,23,0,23,13,7,36,1,57,6,0,6,63
05/01/2018,BMI,IL,AGL,CE,Federal Contract Tower,12,6,20,0,38,0,0,4,2,6,12,6,24,2,44,0,2,2,46
05/02/2018,BMI,IL,AGL,CE,Federal Contract Tower,11,9,22,0,42,0,0,6,0,6,11,9,28,0,48,0,0,0,48
05/03/2018,BMI,IL,AGL,CE,Federal Contract Tower,13,6,17,0,36,0,0,4,0,4,13,6,21,0,40,0,0,0,40
05/04/2018,BMI,IL,AGL,CE,Federal Contract Tower,12,5,12,0,29,0,0,28,0,28,12,5,40,0,57,10,0,10,67
05/05/2018,BMI,IL,AGL,CE,Federal Contract Tower,7,5,14,0,26,0,0,45,0,45,7,5,59,0,71,6,0,6,77
05/06/2018,BMI,IL,AGL,CE,Federal Contract Tower,12,5,9,0,26,0,0,12,0,12,12,5,21,0,38,8,0,8,46
05/07/2018,BMI,IL,AGL,CE,Federal Contract Tower,13,8,7,0,28,0,0,22,0,22,13,8,29,0,50,14,0,14,64
05/08/2018,BMI,IL,AGL,CE,Federal Contract Tower,10,9,9,0,28,0,0,22,0,22,10,9,31,0,50,14,0,14,64
05/09/2018,BMI,IL,AGL,CE,Federal Contract Tower,11,7,5,0,23,0,0,2,0,2,11,7,7,0,25,0,0,0,25
05/10/2018,BMI,IL,AGL,CE,Federal Contract Tower,12,8,17,0,37,0,0,40,1,41,12,8,57,1,78,20,0,20,98
05/11/2018,BMI,IL,AGL,CE,Federal Contract Tower,12,8,20,0,40,0,0,28,0,28,12,8,48,0,68,6,0,6,74
05/12/2018,BMI,IL,AGL,CE,Federal Contract Tower,8,5,8,0,21,0,0,4,0,4,8,5,12,0,25,2,0,2,27
05/13/2018,BMI,IL,AGL,CE,Federal Contract Tower,12,8,9,0,29,0,0,11,0,11,12,8,20,0,40,6,0,6,46
05/14/2018,BMI,IL,AGL,CE,Federal Contract Tower,13,6,12,0,31,0,0,14,0,14,13,6,26,0,45,16,0,16,61
05/15/2018,BMI,IL,AGL,CE,Federal Contract Tower,10,7,21,2,40,0,0,13,0,13,10,7,34,2,53,24,0,24,77
05/16/2018,BMI,IL,AGL,CE,Federal Contract Tower,10,7,23,1,41,0,0,19,0,19,10,7,42,1,60,28,0,28,88
05/17/2018,BMI,IL,AGL,CE,Federal Contract Tower,11,14,19,0,44,0,0,30,2,32,11,14,49,2,76,12,0,12,88
05/18/2018,BMI,IL,AGL,CE,Federal Contract Tower,15,9,4,4,32,0,0,15,0,15,15,9,19,4,47,6,4,10,57
05/19/2018,BMI,IL,AGL,CE,Federal Contract Tower,5,5,7,0,17,0,0,23,0,23,5,5,30,0,40,16,0,16,56
05/20/2018,BMI,IL,AGL,CE,Federal Contract Tower,11,6,9,0,26,0,0,8,0,8,11,6,17,0,34,0,0,0,34
05/21/2018,BMI,IL,AGL,CE,Federal Contract Tower,13,7,13,0,33,0,0,7,0,7,13,7,20,0,40,18,0,18,58
05/22/2018,BMI,IL,AGL,CE,Federal Contract Tower,8,5,20,2,35,0,0,33,1,34,8,5,53,3,69,12,4,16,85
05/23/2018,BMI,IL,AGL,CE,Federal Contract Tower,11,5,12,0,28,0,0,44,0,44,11,5,56,0,72,26,0,26,98
05/24/2018,BMI,IL,AGL,CE,Federal Contract Tower,13,8,24,0,45,0,0,40,0,40,13,8,64,0,85,32,0,32,117
05/25/2018,BMI,IL,AGL,CE,Federal Contract Tower,13,7,16,0,36,0,0,32,0,32,13,7,48,0,68,38,0,38,106
05/26/2018,BMI,IL,AGL,CE,Federal Contract Tower,6,5,9,0,20,0,0,27,0,27,6,5,36,0,47,16,0,16,63
05/27/2018,BMI,IL,AGL,CE,Federal Contract Tower,11,4,5,0,20,0,0,15,0,15,11,4,20,0,35,8,0,8,43
05/28/2018,BMI,IL,AGL,CE,Federal Contract Tower,11,9,8,0,28,0,0,24,0,24,11,9,32,0,52,16,0,16,68
05/29/2018,BMI,IL,AGL,CE,Federal Contract Tower,11,9,2,0,22,0,0,24,0,24,11,9,26,0,46,24,0,24,70
05/30/2018,BMI,IL,AGL,CE,Federal Contract Tower,11,9,15,0,35,0,0,8,0,8,11,9,23,0,43,0,0,0,43
05/31/2018,BMI,IL,AGL,CE,Federal Contract Tower,13,7,18,0,38,0,0,14,0,14,13,7,32,0,52,6,0,6,58
06/01/2018,BMI,IL,AGL,CE,Federal Contract Tower,14,7,11,0,32,0,0,18,0,18,14,7,29,0,50,14,0,14,64
06/02/2018,BMI,IL,AGL,CE,Federal Contract Tower,6,5,11,0,22,0,0,21,0,21,6,5,32,0,43,14,0,14,57
06/03/2018,BMI,IL,AGL,CE,Federal Contract Tower,10,6,11,0,27,0,0,8,0,8,10,6,19,0,35,0,0,0,35
06/04/2018,BMI,IL,AGL,CE,Federal Contract Tower,12,7,7,0,26,0,0,23,0,23,12,7,30,0,49,20,0,20,69
06/05/2018,BMI,IL,AGL,CE,Federal Contract Tower,10,11,11,0,32,0,0,31,0,31,10,11,42,0,63,0,0,0,63
06/06/2018,BMI,IL,AGL,CE,Federal Contract Tower,11,10,19,0,40,0,0,44,0,44,11,10,63,0,84,20,0,20,104
06/07/2018,BMI,IL,AGL,CE,Federal Contract Tower,12,13,16,1,42,0,0,22,0,22,12,13,38,1,64,12,0,12,76
06/08/2018,BMI,IL,AGL,CE,Federal Contract Tower,11,11,20,0,42,0,0,17,0,17,11,11,37,0,59,22,0,22,81
06/09/2018,BMI,IL,AGL,CE,Federal Contract Tower,7,4,15,0,26,0,0,8,0,8,7,4,23,0,34,18,0,18,52
06/10/2018,BMI,IL,AGL,CE,Federal Contract Tower,13,10,13,0,36,0,0,6,0,6,13,10,19,0,42,6,0,6,48
06/11/2018,BMI,IL,AGL,CE,Federal Contract Tower,12,6,23,0,41,0,0,1,0,1,12,6,24,0,42,0,0,0,42
06/12/2018,BMI,IL,AGL,CE,Federal Contract Tower,13,6,17,0,36,0,0,10,0,10,13,6,27,0,46,32,0,32,78
06/13/2018,BMI,IL,AGL,CE,Federal Contract Tower,10,7,19,1,37,0,0,29,0,29,10,7,48,1,66,32,0,32,98
06/14/2018,BMI,IL,AGL,CE,Federal Contract Tower,15,11,6,0,32,0,0,46,0,46,15,11,52,0,78,8,0,8,86
06/15/2018,BMI,IL,AGL,CE,Federal Contract Tower,13,7,12,0,32,0,0,34,0,34,13,7,46,0,66,14,0,14,80
06/16/2018,BMI,IL,AGL,CE,Federal Contract Tower,7,6,11,0,24,0,0,63,0,63,7,6,74,0,87,4,0,4,91
06/17/2018,BMI,IL,AGL,CE,Federal Contract Tower,10,11,14,0,35,0,0,62,0,62,10,11,76,0,97,0,0,0,97
06/18/2018,BMI,IL,AGL,CE,Federal Contract Tower,13,5,8,0,26,0,0,19,0,19,13,5,27,0,45,2,0,2,47
06/19/2018,BMI,IL,AGL,CE,Federal Contract Tower,12,5,16,0,33,0,0,12,0,12,12,5,28,0,45,4,0,4,49
06/20/2018,BMI,IL,AGL,CE,Federal Contract Tower,13,7,18,0,38,0,0,5,0,5,13,7,23,0,43,0,0,0,43
06/21/2018,BMI,IL,AGL,CE,Federal Contract Tower,12,6,12,2,32,0,0,2,0,2,12,6,14,2,34,0,0,0,34
06/22/2018,BMI,IL,AGL,CE,Federal Contract Tower,13,7,14,0,34,0,0,0,0,0,13,7,14,0,34,0,0,0,34
06/23/2018,BMI,IL,AGL,CE,Federal Contract Tower,9,5,13,0,27,0,0,10,0,10,9,5,23,0,37,0,0,0,37
06/24/2018,BMI,IL,AGL,CE,Federal Contract Tower,13,7,9,0,29,0,0,51,0,51,13,7,60,0,80,28,0,28,108
06/25/2018,BMI,IL,AGL,CE,Federal Contract Tower,12,7,13,0,32,0,0,19,0,19,12,7,32,0,51,18,6,24,75
06/26/2018,BMI,IL,AGL,CE,Federal Contract Tower,12,3,6,3,24,0,0,2,0,2,12,3,8,3,26,0,8,8,34
06/27/2018,BMI,IL,AGL,CE,Federal Contract Tower,10,7,12,0,29,0,0,18,0,18,10,7,30,0,47,2,0,2,49
06/28/2018,BMI,IL,AGL,CE,Federal Contract Tower,12,6,11,0,29,0,0,44,0,44,12,6,55,0,73,26,0,26,99
06/29/2018,BMI,IL,AGL,CE,Federal Contract Tower,14,9,14,0,37,0,0,29,0,29,14,9,43,0,66,4,0,4,70
06/30/2018,BMI,IL,AGL,CE,Federal Contract Tower,8,5,15,0,28,0,0,21,0,21,8,5,36,0,49,0,0,0,49
07/01/2018,BMI,IL,AGL,CE,Federal Contract Tower,9,6,8,0,23,0,0,5,0,5,9,6,13,0,28,4,0,4,32
07/02/2018,BMI,IL,AGL,CE,Federal Contract Tower,10,5,4,0,19,0,0,32,0,32,10,5,36,0,51,30,0,30,81
07/03/2018,BMI,IL,AGL,CE,Federal Contract Tower,7,4,8,0,19,0,0,24,0,24,7,4,32,0,43,6,0,6,49
07/04/2018,BMI,IL,AGL,CE,Federal Contract Tower,7,3,4,0,14,0,0,17,0,17,7,3,21,0,31,18,0,18,49
07/05/2018,BMI,IL,AGL,CE,Federal Contract Tower,10,5,9,0,24,0,0,9,0,9,10,5,18,0,33,2,0,2,35
07/06/2018,BMI,IL,AGL,CE,Federal Contract Tower,10,5,4,0,19,0,0,40,0,40,10,5,44,0,59,24,0,24,83
07/07/2018,BMI,IL,AGL,CE,Federal Contract Tower,9,6,14,0,29,0,0,39,0,39,9,6,53,0,68,42,0,42,110
07/08/2018,BMI,IL,AGL,CE,Federal Contract Tower,13,8,18,0,39,0,0,32,0,32,13,8,50,0,71,10,0,10,81
07/09/2018,BMI,IL,AGL,CE,Federal Contract Tower,13,8,5,0,26,0,0,27,0,27,13,8,32,0,53,20,0,20,73
07/10/2018,BMI,IL,AGL,CE,Federal Contract Tower,9,8,19,0,36,0,0,23,0,23,9,8,42,0,59,20,0,20,79
07/11/2018,BMI,IL,AGL,CE,Federal Contract Tower,11,7,11,6,35,0,0,31,0,31,11,7,42,6,66,12,6,18,84
07/12/2018,BMI,IL,AGL,CE,Federal Contract Tower,12,6,15,1,34,0,0,42,1,43,12,6,57,2,77,22,0,22,99
07/13/2018,BMI,IL,AGL,CE,Federal Contract Tower,12,13,8,0,33,0,0,23,0,23,12,13,31,0,56,8,0,8,64
07/14/2018,BMI,IL,AGL,CE,Federal Contract Tower,7,3,10,0,20,0,0,3,0,3,7,3,13,0,23,0,0,0,23
07/15/2018,BMI,IL,AGL,CE,Federal Contract Tower,10,6,9,0,25,0,0,17,0,17,10,6,26,0,42,0,0,0,42
07/16/2018,BMI,IL,AGL,CE,Federal Contract Tower,12,12,13,0,37,0,0,4,0,4,12,12,17,0,41,4,0,4,45
07/17/2018,BMI,IL,AGL,CE,Federal Contract Tower,11,4,10,1,26,0,0,17,0,17,11,4,27,1,43,22,0,22,65
07/18/2018,BMI,IL,AGL,CE,Federal Contract Tower,9,6,8,2,25,0,0,40,0,40,9,6,48,2,65,22,12,34,99
07/19/2018,BMI,IL,AGL,CE,Federal Contract Tower,11,7,25,0,43,0,0,29,0,29,11,7,54,0,72,0,0,0,72
07/20/2018,BMI,IL,AGL,CE,Federal Contract Tower,13,7,13,0,33,0,0,10,0,10,13,7,23,0,43,2,0,2,45
07/21/2018,BMI,IL,AGL,CE,Federal Contract Tower,9,2,8,2,21,0,0,17,1,18,9,2,25,3,39,20,10,30,69
07/22/2018,BMI,IL,AGL,CE,Federal Contract Tower,11,9,11,0,31,0,0,14,0,14,11,9,25,0,45,0,0,0,45
07/23/2018,BMI,IL,AGL,CE,Federal Contract Tower,12,12,14,0,38,0,0,28,0,28,12,12,42,0,66,28,0,28,94
07/24/2018,BMI,IL,AGL,CE,Federal Contract Tower,12,10,24,2,48,0,0,30,0,30,12,10,54,2,78,14,0,14,92
07/25/2018,BMI,IL,AGL,CE,Federal Contract Tower,11,8,18,0,37,0,0,23,2,25,11,8,41,2,62,18,4,22,84
07/26/2018,BMI,IL,AGL,CE,Federal Contract Tower,13,9,11,0,33,0,0,20,0,20,13,9,31,0,53,6,0,6,59
07/27/2018,BMI,IL,AGL,CE,Federal Contract Tower,13,7,20,0,40,0,0,16,0,16,13,7,36,0,56,0,0,0,56
07/28/2018,BMI,IL,AGL,CE,Federal Contract Tower,9,2,4,0,15,0,0,33,0,33,9,2,37,0,48,6,0,6,54
07/29/2018,BMI,IL,AGL,CE,Federal Contract Tower,10,6,12,0,28,0,0,20,0,20,10,6,32,0,48,0,0,0,48
07/30/2018,BMI,IL,AGL,CE,Federal Contract Tower,12,10,12,0,34,0,0,12,0,12,12,10,24,0,46,2,0,2,48
07/31/2018,BMI,IL,AGL,CE,Federal Contract Tower,9,7,16,0,32,0,0,15,0,15,9,7,31,0,47,14,8,22,69
08/01/2018,BMI,IL,AGL,CE,Federal Contract Tower,10,9,13,0,32,0,0,39,0,39,10,9,52,0,71,16,0,16,87
08/02/2018,BMI,IL,AGL,CE,Federal Contract Tower,14,7,13,1,35,0,0,23,2,25,14,7,36,3,60,18,0,18,78
08/03/2018,BMI,IL,AGL,CE,Federal Contract Tower,10,10,19,0,39,0,0,35,0,35,10,10,54,0,74,22,0,22,96
08/04/2018,BMI,IL,AGL,CE,Federal Contract Tower,8,4,1,0,13,0,0,25,0,25,8,4,26,0,38,4,0,4,42
08/05/2018,BMI,IL,AGL,CE,Federal Contract Tower,12,7,9,0,28,0,0,15,0,15,12,7,24,0,43,0,0,0,43
08/06/2018,BMI,IL,AGL,CE,Federal Contract Tower,12,7,13,0,32,0,0,9,0,9,12,7,22,0,41,10,0,10,51
08/07/2018,BMI,IL,AGL,CE,Federal Contract Tower,11,7,23,4,45,0,0,13,0,13,11,7,36,4,58,24,0,24,82
08/08/2018,BMI,IL,AGL,CE,Federal Contract Tower,10,7,36,0,53,0,0,24,0,24,10,7,60,0,77,28,0,28,105
08/09/2018,BMI,IL,AGL,CE,Federal Contract Tower,11,7,25,0,43,0,0,34,0,34,11,7,59,0,77,14,0,14,91
08/10/2018,BMI,IL,AGL,CE,Federal Contract Tower,15,10,10,0,35,0,0,29,0,29,15,10,39,0,64,12,2,14,78
08/11/2018,BMI,IL,AGL,CE,Federal Contract Tower,6,4,11,0,21,0,0,17,0,17,6,4,28,0,38,8,0,8,46
08/12/2018,BMI,IL,AGL,CE,Federal Contract Tower,9,9,8,0,26,0,0,22,0,22,9,9,30,0,48,26,0,26,74
08/13/2018,BMI,IL,AGL,CE,Federal Contract Tower,12,5,21,1,39,0,0,29,0,29,12,5,50,1,68,4,4,8,76
08/14/2018,BMI,IL,AGL,CE,Federal Contract Tower,10,7,16,0,33,0,0,21,0,21,10,7,37,0,54,6,0,6,60
08/15/2018,BMI,IL,AGL,CE,Federal Contract Tower,11,8,16,0,35,0,0,4,0,4,11,8,20,0,39,0,0,0,39
08/16/2018,BMI,IL,AGL,CE,Federal Contract Tower,13,6,33,2,54,0,0,11,0,11,13,6,44,2,65,2,0,2,67
08/17/2018,BMI,IL,AGL,CE,Federal Contract Tower,13,8,19,0,40,0,0,4,0,4,13,8,23,0,44,4,0,4,48
08/18/2018,BMI,IL,AGL,CE,Federal Contract Tower,7,4,8,0,19,0,0,3,0,3,7,4,11,0,22,0,0,0,22
08/19/2018,BMI,IL,AGL,CE,Federal Contract Tower,13,6,5,0,24,0,0,20,0,20,13,6,25,0,44,0,0,0,44
08/20/2018,BMI,IL,AGL,CE,Federal Contract Tower,12,13,3,0,28,0,0,2,0,2,12,13,5,0,30,10,0,10,40
08/21/2018,BMI,IL,AGL,CE,Federal Contract Tower,10,7,14,2,33,0,0,1,0,1,10,7,15,2,34,0,0,0,34
08/22/2018,BMI,IL,AGL,CE,Federal Contract Tower,8,6,12,0,26,0,0,34,0,34,8,6,46,0,60,8,0,8,68
08/23/2018,BMI,IL,AGL,CE,Federal Contract Tower,13,9,16,0,38,0,0,47,1,48,13,9,63,1,86,26,0,26,112
08/24/2018,BMI,IL,AGL,CE,Federal Contract Tower,11,8,7,0,26,0,0,0,0,0,11,8,7,0,26,0,0,0,26
08/25/2018,BMI,IL,AGL,CE,Federal Contract Tower,5,3,13,1,22,0,0,3,0,3,5,3,16,1,25,0,0,0,25
08/26/2018,BMI,IL,AGL,CE,Federal Contract Tower,11,9,16,0,36,0,0,17,0,17,11,9,33,0,53,16,0,16,69
08/27/2018,BMI,IL,AGL,CE,Federal Contract Tower,12,10,9,3,34,0,0,11,0,11,12,10,20,3,45,14,4,18,63
08/28/2018,BMI,IL,AGL,CE,Federal Contract Tower,11,4,18,2,35,0,0,7,0,7,11,4,25,2,42,2,0,2,44
08/29/2018,BMI,IL,AGL,CE,Federal Contract Tower,8,5,19,1,33,0,0,6,0,6,8,5,25,1,39,0,0,0,39
08/30/2018,BMI,IL,AGL,CE,Federal Contract Tower,12,9,22,1,44,0,0,44,0,44,12,9,66,1,88,18,4,22,110
08/31/2018,BMI,IL,AGL,CE,Federal Contract Tower,12,9,18,0,39,0,0,21,0,21,12,9,39,0,60,20,0,20,80
09/01/2018,BMI,IL,AGL,CE,Federal Contract Tower,6,3,6,0,15,0,0,14,0,14,6,3,20,0,29,2,0,2,31
09/02/2018,BMI,IL,AGL,CE,Federal Contract Tower,6,5,4,0,15,0,0,7,0,7,6,5,11,0,22,0,0,0,22
09/03/2018,BMI,IL,AGL,CE,Federal Contract Tower,11,4,11,0,26,0,0,11,0,11,11,4,22,0,37,0,0,0,37
09/04/2018,BMI,IL,AGL,CE,Federal Contract Tower,9,7,18,0,34,0,0,17,0,17,9,7,35,0,51,2,2,4,55
09/05/2018,BMI,IL,AGL,CE,Federal Contract Tower,7,6,13,2,28,0,0,16,0,16,7,6,29,2,44,20,14,34,78
09/06/2018,BMI,IL,AGL,CE,Federal Contract Tower,6,7,17,0,30,0,0,1,0,1,6,7,18,0,31,0,0,0,31
09/07/2018,BMI,IL,AGL,CE,Federal Contract Tower,9,7,8,0,24,0,0,0,0,0,9,7,8,0,24,0,0,0,24
09/08/2018,BMI,IL,AGL,CE,Federal Contract Tower,6,3,14,0,23,0,0,0,0,0,6,3,14,0,23,0,0,0,23
09/09/2018,BMI,IL,AGL,CE,Federal Contract Tower,12,7,14,1,34,0,0,9,0,9,12,7,23,1,43,0,0,0,43
09/10/2018,BMI,IL,AGL,CE,Federal Contract Tower,10,11,24,0,45,0,0,10,0,10,10,11,34,0,55,24,0,24,79
09/11/2018,BMI,IL,AGL,CE,Federal Contract Tower,9,11,25,0,45,0,0,16,5,21,9,11,41,5,66,16,0,16,82
09/12/2018,BMI,IL,AGL,CE,Federal Contract Tower,9,7,17,0,33,0,0,19,0,19,9,7,36,0,52,2,0,2,54
09/13/2018,BMI,IL,AGL,CE,Federal Contract Tower,14,9,14,2,39,0,0,24,0,24,14,9,38,2,63,4,0,4,67
09/14/2018,BMI,IL,AGL,CE,Federal Contract Tower,12,7,15,0,34,0,0,17,0,17,12,7,32,0,51,18,0,18,69
09/15/2018,BMI,IL,AGL,CE,Federal Contract Tower,4,4,9,0,17,0,0,29,0,29,4,4,38,0,46,6,0,6,52
09/16/2018,BMI,IL,AGL,CE,Federal Contract Tower,12,7,7,0,26,0,0,23,0,23,12,7,30,0,49,18,0,18,67
09/17/2018,BMI,IL,AGL,CE,Federal Contract Tower,13,6,12,1,32,0,0,13,1,14,13,6,25,2,46,6,0,6,52
09/18/2018,BMI,IL,AGL,CE,Federal Contract Tower,11,6,15,3,35,0,0,6,1,7,11,6,21,4,42,0,12,12,54
09/19/2018,BMI,IL,AGL,CE,Federal Contract Tower,8,8,4,0,20,0,0,9,1,10,8,8,13,1,30,8,0,8,38
09/20/2018,BMI,IL,AGL,CE,Federal Contract Tower,11,13,15,0,39,0,0,14,0,14,11,13,29,0,53,4,0,4,57
09/21/2018,BMI,IL,AGL,CE,Federal Contract Tower,15,8,9,8,40,0,0,18,0,18,15,8,27,8,58,2,4,6,64
09/22/2018,BMI,IL,AGL,CE,Federal Contract Tower,8,3,10,0,21,0,0,22,0,22,8,3,32,0,43,14,0,14,57
09/23/2018,BMI,IL,AGL,CE,Federal Contract Tower,11,5,10,0,26,0,0,28,0,28,11,5,38,0,54,4,0,4,58
09/24/2018,BMI,IL,AGL,CE,Federal Contract Tower,14,8,18,0,40,0,0,10,0,10,14,8,28,0,50,18,0,18,68
09/25/2018,BMI,IL,AGL,CE,Federal Contract Tower,11,13,10,5,39,0,0,4,0,4,11,13,14,5,43,10,0,10,53
09/26/2018,BMI,IL,AGL,CE,Federal Contract Tower,8,8,12,0,28,0,0,28,0,28,8,8,40,0,56,12,0,12,68
09/28/2018,BMI,IL,AGL,CE,Federal Contract Tower,12,8,7,2,29,0,0,17,0,17,12,8,24,2,46,12,0,12,58
09/29/2018,BMI,IL,AGL,CE,Federal Contract Tower,8,2,6,0,16,0,0,8,0,8,8,2,14,0,24,20,0,20,44
09/30/2018,BMI,IL,AGL,CE,Federal Contract Tower,11,6,11,0,28,0,0,3,0,3,11,6,14,0,31,0,0,0,31
10/01/2018,BMI,IL,AGL,CE,Federal Contract Tower,12,11,7,0,30,0,0,5,3,8,12,11,12,3,38,0,0,0,38
10/02/2018,BMI,IL,AGL,CE,Federal Contract Tower,16,5,20,4,45,0,0,6,1,7,16,5,26,5,52,0,8,8,60
10/03/2018,BMI,IL,AGL,CE,Federal Contract Tower,9,9,10,2,30,0,0,8,9,17,9,9,18,11,47,0,6,6,53
10/04/2018,BMI,IL,AGL,CE,Federal Contract Tower,17,7,26,3,53,0,0,15,4,19,17,7,41,7,72,4,2,6,78
10/05/2018,BMI,IL,AGL,CE,Federal Contract Tower,11,8,15,0,34,0,0,1,0,1,11,8,16,0,35,0,0,0,35
10/06/2018,BMI,IL,AGL,CE,Federal Contract Tower,7,4,9,0,20,0,0,3,0,3,7,4,12,0,23,4,0,4,27
10/07/2018,BMI,IL,AGL,CE,Federal Contract Tower,13,6,8,0,27,0,0,1,0,1,13,6,9,0,28,0,0,0,28
10/08/2018,BMI,IL,AGL,CE,Federal Contract Tower,10,11,9,0,30,0,0,13,0,13,10,11,22,0,43,2,0,2,45
10/09/2018,BMI,IL,AGL,CE,Federal Contract Tower,13,8,19,0,40,0,0,10,1,11,13,8,29,1,51,12,0,12,63
10/10/2018,BMI,IL,AGL,CE,Federal Contract Tower,9,7,14,0,30,0,0,0,0,0,9,7,14,0,30,0,0,0,30
10/11/2018,BMI,IL,AGL,CE,Federal Contract Tower,21,7,19,7,54,0,0,14,0,14,21,7,33,7,68,16,6,22,90
10/12/2018,BMI,IL,AGL,CE,Federal Contract Tower,14,7,21,12,54,0,0,5,0,5,14,7,26,12,59,6,0,6,65
10/13/2018,BMI,IL,AGL,CE,Federal Contract Tower,5,5,16,8,34,0,0,5,0,5,5,5,21,8,39,0,0,0,39
10/14/2018,BMI,IL,AGL,CE,Federal Contract Tower,13,9,6,2,30,0,0,6,0,6,13,9,12,2,36,12,0,12,48
10/15/2018,BMI,IL,AGL,CE,Federal Contract Tower,9,10,12,1,32,0,0,10,1,11,9,10,22,2,43,14,0,14,57
10/16/2018,BMI,IL,AGL,CE,Federal Contract Tower,15,7,17,1,40,0,0,17,0,17,15,7,34,1,57,10,0,10,67
10/17/2018,BMI,IL,AGL,CE,Federal Contract Tower,11,7,17,0,35,0,0,33,0,33,11,7,50,0,68,10,0,10,78
10/18/2018,BMI,IL,AGL,CE,Federal Contract Tower,17,7,18,4,46,0,0,39,0,39,17,7,57,4,85,26,0,26,111
10/19/2018,BMI,IL,AGL,CE,Federal Contract Tower,12,7,15,0,34,0,0,5,0,5,12,7,20,0,39,10,0,10,49
10/20/2018,BMI,IL,AGL,CE,Federal Contract Tower,10,5,10,0,25,0,0,8,0,8,10,5,18,0,33,4,0,4,37
10/21/2018,BMI,IL,AGL,CE,Federal Contract Tower,14,9,13,0,36,0,0,28,0,28,14,9,41,0,64,6,0,6,70
10/22/2018,BMI,IL,AGL,CE,Federal Contract Tower,14,7,10,2,33,0,0,13,1,14,14,7,23,3,47,4,0,4,51
10/23/2018,BMI,IL,AGL,CE,Federal Contract Tower,13,7,14,0,34,0,0,24,1,25,13,7,38,1,59,10,0,10,69
10/24/2018,BMI,IL,AGL,CE,Federal Contract Tower,8,8,14,0,30,0,0,15,4,19,8,8,29,4,49,32,0,32,81
10/25/2018,BMI,IL,AGL,CE,Federal Contract Tower,16,9,14,0,39,0,0,20,2,22,16,9,34,2,61,6,0,6,67
10/26/2018,BMI,IL,AGL,CE,Federal Contract Tower,15,8,16,2,41,0,0,7,0,7,15,8,23,2,48,0,0,0,48
10/27/2018,BMI,IL,AGL,CE,Federal Contract Tower,8,4,5,1,18,0,0,26,1,27,8,4,31,2,45,8,0,8,53
10/28/2018,BMI,IL,AGL,CE,Federal Contract Tower,14,7,9,0,30,0,0,4,0,4,14,7,13,0,34,0,0,0,34
10/29/2018,BMI,IL,AGL,CE,Federal Contract Tower,10,7,11,2,30,0,0,36,0,36,10,7,47,2,66,2,0,2,68
10/30/2018,BMI,IL,AGL,CE,Federal Contract Tower,14,7,15,2,38,0,0,8,1,9,14,7,23,3,47,6,8,14,61
10/31/2018,BMI,IL,AGL,CE,Federal Contract Tower,5,6,9,2,22,0,0,6,0,6,5,6,15,2,28,10,4,14,42
11/01/2018,BMI,IL,AGL,CE,Federal Contract Tower,14,12,21,1,48,0,0,2,0,2,14,12,23,1,50,0,4,4,54
11/02/2018,BMI,IL,AGL,CE,Federal Contract Tower,11,6,13,0,30,0,0,15,0,15,11,6,28,0,45,36,0,36,81
11/03/2018,BMI,IL,AGL,CE,Federal Contract Tower,8,4,12,0,24,0,0,27,0,27,8,4,39,0,51,34,0,34,85
11/04/2018,BMI,IL,AGL,CE,Federal Contract Tower,13,8,5,0,26,0,0,0,0,0,13,8,5,0,26,0,0,0,26
11/05/2018,BMI,IL,AGL,CE,Federal Contract Tower,11,8,9,0,28,0,0,8,0,8,11,8,17,0,36,6,0,6,42
11/06/2018,BMI,IL,AGL,CE,Federal Contract Tower,13,7,7,0,27,0,0,3,0,3,13,7,10,0,30,24,0,24,54
11/07/2018,BMI,IL,AGL,CE,Federal Contract Tower,7,8,8,0,23,0,0,14,0,14,7,8,22,0,37,18,0,18,55
11/08/2018,BMI,IL,AGL,CE,Federal Contract Tower,15,13,10,0,38,0,0,10,0,10,15,13,20,0,48,20,0,20,68
11/09/2018,BMI,IL,AGL,CE,Federal Contract Tower,12,7,9,0,28,0,0,1,0,1,12,7,10,0,29,0,0,0,29
11/10/2018,BMI,IL,AGL,CE,Federal Contract Tower,7,6,11,0,24,0,0,29,0,29,7,6,40,0,53,20,0,20,73
11/11/2018,BMI,IL,AGL,CE,Federal Contract Tower,13,6,10,0,29,0,0,22,0,22,13,6,32,0,51,4,0,4,55
11/12/2018,BMI,IL,AGL,CE,Federal Contract Tower,11,8,9,0,28,0,0,9,0,9,11,8,18,0,37,24,0,24,61
11/13/2018,BMI,IL,AGL,CE,Federal Contract Tower,17,5,11,0,33,0,0,7,0,7,17,5,18,0,40,0,0,0,40
11/14/2018,BMI,IL,AGL,CE,Federal Contract Tower,9,8,21,1,39,0,0,29,1,30,9,8,50,2,69,22,4,26,95
11/15/2018,BMI,IL,AGL,CE,Federal Contract Tower,14,7,15,0,36,0,0,0,0,0,14,7,15,0,36,0,0,0,36
11/16/2018,BMI,IL,AGL,CE,Federal Contract Tower,14,9,7,2,32,0,0,5,0,5,14,9,12,2,37,2,0,2,39
11/17/2018,BMI,IL,AGL,CE,Federal Contract Tower,8,4,7,0,19,0,0,0,0,0,8,4,7,0,19,0,0,0,19
11/18/2018,BMI,IL,AGL,CE,Federal Contract Tower,11,8,6,0,25,0,0,0,0,0,11,8,6,0,25,0,0,0,25
11/19/2018,BMI,IL,AGL,CE,Federal Contract Tower,11,12,8,0,31,0,0,2,0,2,11,12,10,0,33,0,0,0,33
11/20/2018,BMI,IL,AGL,CE,Federal Contract Tower,13,5,12,0,30,0,0,39,0,39,13,5,51,0,69,18,0,18,87
11/21/2018,BMI,IL,AGL,CE,Federal Contract Tower,13,9,11,0,33,0,0,19,0,19,13,9,30,0,52,40,0,40,92
11/22/2018,BMI,IL,AGL,CE,Federal Contract Tower,6,5,3,0,14,0,0,11,0,11,6,5,14,0,25,2,0,2,27
11/23/2018,BMI,IL,AGL,CE,Federal Contract Tower,8,5,5,0,18,0,0,5,0,5,8,5,10,0,23,0,0,0,23
11/24/2018,BMI,IL,AGL,CE,Federal Contract Tower,7,8,7,0,22,0,0,10,0,10,7,8,17,0,32,4,0,4,36
11/25/2018,BMI,IL,AGL,CE,Federal Contract Tower,17,8,4,0,29,0,0,0,0,0,17,8,4,0,29,0,0,0,29
11/26/2018,BMI,IL,AGL,CE,Federal Contract Tower,9,4,5,0,18,0,0,0,0,0,9,4,5,0,18,0,0,0,18
11/27/2018,BMI,IL,AGL,CE,Federal Contract Tower,12,5,18,2,37,0,0,1,0,1,12,5,19,2,38,2,0,2,40
11/28/2018,BMI,IL,AGL,CE,Federal Contract Tower,6,6,10,0,22,0,0,8,0,8,6,6,18,0,30,8,0,8,38
11/29/2018,BMI,IL,AGL,CE,Federal Contract Tower,14,9,19,9,51,0,0,7,0,7,14,9,26,9,58,2,0,2,60
11/30/2018,BMI,IL,AGL,CE,Federal Contract Tower,13,9,9,0,31,0,0,13,0,13,13,9,22,0,44,12,0,12,56
12/01/2018,BMI,IL,AGL,CE,Federal Contract Tower,6,4,1,0,11,0,0,0,0,0,6,4,1,0,11,2,0,2,13
12/02/2018,BMI,IL,AGL,CE,Federal Contract Tower,11,5,0,0,16,0,0,0,0,0,11,5,0,0,16,0,0,0,16
12/03/2018,BMI,IL,AGL,CE,Federal Contract Tower,11,5,9,1,26,0,0,0,0,0,11,5,9,1,26,0,0,0,26
12/04/2018,BMI,IL,AGL,CE,Federal Contract Tower,10,7,12,0,29,0,0,3,0,3,10,7,15,0,32,10,0,10,42
12/05/2018,BMI,IL,AGL,CE,Federal Contract Tower,11,6,29,0,46,0,0,12,0,12,11,6,41,0,58,0,0,0,58
12/06/2018,BMI,IL,AGL,CE,Federal Contract Tower,13,10,19,0,42,0,0,7,2,9,13,10,26,2,51,0,0,0,51
12/07/2018,BMI,IL,AGL,CE,Federal Contract Tower,11,9,8,0,28,0,0,18,0,18,11,9,26,0,46,48,0,48,94
12/08/2018,BMI,IL,AGL,CE,Federal Contract Tower,10,3,12,0,25,0,0,26,0,26,10,3,38,0,51,26,0,26,77
12/09/2018,BMI,IL,AGL,CE,Federal Contract Tower,11,6,14,0,31,0,0,18,0,18,11,6,32,0,49,44,0,44,93
12/10/2018,BMI,IL,AGL,CE,Federal Contract Tower,11,10,24,0,45,0,0,3,2,5,11,10,27,2,50,0,0,0,50
12/11/2018,BMI,IL,AGL,CE,Federal Contract Tower,11,5,22,0,38,0,0,17,0,17,11,5,39,0,55,22,0,22,77
12/12/2018,BMI,IL,AGL,CE,Federal Contract Tower,6,11,24,0,41,0,0,13,0,13,6,11,37,0,54,0,0,0,54
12/13/2018,BMI,IL,AGL,CE,Federal Contract Tower,16,8,15,0,39,0,0,0,0,0,16,8,15,0,39,0,0,0,39
12/14/2018,BMI,IL,AGL,CE,Federal Contract Tower,5,4,1,0,10,0,0,0,0,0,5,4,1,0,10,0,0,0,10
12/15/2018,BMI,IL,AGL,CE,Federal Contract Tower,10,6,9,0,25,0,0,3,2,5,10,6,12,2,30,8,0,8,38
12/16/2018,BMI,IL,AGL,CE,Federal Contract Tower,11,5,12,2,30,0,0,41,0,41,11,5,53,2,71,28,10,38,109
12/17/2018,BMI,IL,AGL,CE,Federal Contract Tower,11,6,8,2,27,0,0,23,0,23,11,6,31,2,50,36,16,52,102
12/18/2018,BMI,IL,AGL,CE,Federal Contract Tower,13,5,15,2,35,0,0,31,0,31,13,5,46,2,66,42,0,42,108
12/19/2018,BMI,IL,AGL,CE,Federal Contract Tower,11,4,15,0,30,0,0,13,0,13,11,4,28,0,43,6,0,6,49
12/20/2018,BMI,IL,AGL,CE,Federal Contract Tower,13,7,23,2,45,0,0,0,0,0,13,7,23,2,45,0,0,0,45
12/21/2018,BMI,IL,AGL,CE,Federal Contract Tower,12,5,5,2,24,0,0,0,0,0,12,5,5,2,24,0,0,0,24
12/22/2018,BMI,IL,AGL,CE,Federal Contract Tower,11,5,7,0,23,0,0,16,0,16,11,5,23,0,39,0,0,0,39
12/23/2018,BMI,IL,AGL,CE,Federal Contract Tower,10,7,4,0,21,0,0,5,0,5,10,7,9,0,26,2,0,2,28
12/24/2018,BMI,IL,AGL,CE,Federal Contract Tower,7,10,3,0,20,0,0,12,0,12,7,10,15,0,32,12,0,12,44
12/25/2018,BMI,IL,AGL,CE,Federal Contract Tower,8,2,0,0,10,0,0,1,0,1,8,2,1,0,11,6,0,6,17
12/26/2018,BMI,IL,AGL,CE,Federal Contract Tower,11,5,11,0,27,0,0,16,0,16,11,5,27,0,43,38,0,38,81
12/27/2018,BMI,IL,AGL,CE,Federal Contract Tower,13,5,7,0,25,0,0,0,0,0,13,5,7,0,25,0,0,0,25
12/28/2018,BMI,IL,AGL,CE,Federal Contract Tower,11,5,4,0,20,0,0,0,0,0,11,5,4,0,20,0,0,0,20
12/29/2018,BMI,IL,AGL,CE,Federal Contract Tower,11,5,12,0,28,0,0,3,0,3,11,5,15,0,31,0,0,0,31
12/30/2018,BMI,IL,AGL,CE,Federal Contract Tower,12,7,4,0,23,0,0,15,0,15,12,7,19,0,38,50,0,50,88
12/31/2018,BMI,IL,AGL,CE,Federal Contract Tower,8,6,2,0,16,0,0,0,0,0,8,6,2,0,16,0,0,0,16
01/01/2019,BMI,IL,AGL,CE,Federal Contract Tower,10,2,2,0,14,0,0,0,0,0,10,2,2,0,14,0,0,0,14
01/02/2019,BMI,IL,AGL,CE,Federal Contract Tower,9,5,7,0,21,0,0,0,0,0,9,5,7,0,21,0,0,0,21
01/03/2019,BMI,IL,AGL,CE,Federal Contract Tower,11,6,10,0,27,0,0,29,0,29,11,6,39,0,56,42,0,42,98
01/04/2019,BMI,IL,AGL,CE,Federal Contract Tower,10,5,4,0,19,0,0,31,2,33,10,5,35,2,52,22,6,28,80
01/05/2019,BMI,IL,AGL,CE,Federal Contract Tower,9,6,8,0,23,0,0,48,0,48,9,6,56,0,71,18,2,20,91
01/06/2019,BMI,IL,AGL,CE,Federal Contract Tower,14,3,2,0,19,0,0,5,0,5,14,3,7,0,24,2,0,2,26
01/07/2019,BMI,IL,AGL,CE,Federal Contract Tower,11,3,6,0,20,0,0,1,0,1,11,3,7,0,21,0,0,0,21
01/08/2019,BMI,IL,AGL,CE,Federal Contract Tower,11,2,9,0,22,0,0,0,0,0,11,2,9,0,22,0,0,0,22
01/09/2019,BMI,IL,AGL,CE,Federal Contract Tower,11,3,13,2,29,0,0,7,2,9,11,3,20,4,38,2,0,2,40
01/10/2019,BMI,IL,AGL,CE,Federal Contract Tower,11,2,13,5,31,0,0,19,1,20,11,2,32,6,51,0,14,14,65
01/11/2019,BMI,IL,AGL,CE,Federal Contract Tower,12,3,14,1,30,0,0,13,1,14,12,3,27,2,44,22,2,24,68
01/12/2019,BMI,IL,AGL,CE,Federal Contract Tower,5,1,9,0,15,0,0,0,0,0,5,1,9,0,15,0,0,0,15
01/13/2019,BMI,IL,AGL,CE,Federal Contract Tower,13,2,2,0,17,0,0,0,4,4,13,2,2,4,21,0,0,0,21
01/14/2019,BMI,IL,AGL,CE,Federal Contract Tower,11,4,13,0,28,0,0,2,0,2,11,4,15,0,30,0,0,0,30
01/15/2019,BMI,IL,AGL,CE,Federal Contract Tower,10,4,13,2,29,0,0,0,0,0,10,4,13,2,29,0,0,0,29
01/16/2019,BMI,IL,AGL,CE,Federal Contract Tower,10,3,11,0,24,0,0,0,0,0,10,3,11,0,24,0,0,0,24
01/17/2019,BMI,IL,AGL,CE,Federal Contract Tower,16,4,13,0,33,0,0,0,0,0,16,4,13,0,33,0,0,0,33
01/18/2019,BMI,IL,AGL,CE,Federal Contract Tower,11,2,4,0,17,0,0,2,0,2,11,2,6,0,19,22,0,22,41
01/19/2019,BMI,IL,AGL,CE,Federal Contract Tower,6,0,1,0,7,0,0,0,0,0,6,0,1,0,7,0,0,0,7
01/20/2019,BMI,IL,AGL,CE,Federal Contract Tower,11,3,4,0,18,0,0,5,0,5,11,3,9,0,23,0,2,2,25
01/21/2019,BMI,IL,AGL,CE,Federal Contract Tower,12,4,9,0,25,0,0,14,0,14,12,4,23,0,39,28,0,28,67
01/22/2019,BMI,IL,AGL,CE,Federal Contract Tower,10,4,2,0,16,0,0,0,0,0,10,4,2,0,16,0,0,0,16
01/23/2019,BMI,IL,AGL,CE,Federal Contract Tower,10,3,10,0,23,0,0,0,0,0,10,3,10,0,23,0,0,0,23
01/24/2019,BMI,IL,AGL,CE,Federal Contract Tower,15,5,14,2,36,0,0,1,0,1,15,5,15,2,37,0,0,0,37
01/25/2019,BMI,IL,AGL,CE,Federal Contract Tower,10,4,12,0,26,0,0,3,0,3,10,4,15,0,29,0,0,0,29
01/26/2019,BMI,IL,AGL,CE,Federal Contract Tower,6,6,3,0,15,0,0,1,0,1,6,6,4,0,16,0,0,0,16
01/27/2019,BMI,IL,AGL,CE,Federal Contract Tower,13,4,16,0,33,0,0,15,0,15,13,4,31,0,48,8,0,8,56
01/28/2019,BMI,IL,AGL,CE,Federal Contract Tower,12,1,4,0,17,0,0,0,0,0,12,1,4,0,17,0,0,0,17
01/29/2019,BMI,IL,AGL,CE,Federal Contract Tower,8,2,12,0,22,0,0,3,0,3,8,2,15,0,25,0,0,0,25
01/30/2019,BMI,IL,AGL,CE,Federal Contract Tower,8,2,9,0,19,0,0,0,0,0,8,2,9,0,19,0,0,0,19
01/31/2019,BMI,IL,AGL,CE,Federal Contract Tower,14,0,16,1,31,0,0,4,2,6,14,0,20,3,37,0,2,2,39
02/01/2019,BMI,IL,AGL,CE,Federal Contract Tower,12,2,6,4,24,0,0,17,1,18,12,2,23,5,42,4,14,18,60
02/02/2019,BMI,IL,AGL,CE,Federal Contract Tower,6,4,0,0,10,0,0,3,0,3,6,4,3,0,13,16,0,16,29
02/03/2019,BMI,IL,AGL,CE,Federal Contract Tower,12,3,4,0,19,0,0,4,0,4,12,3,8,0,23,6,0,6,29
02/04/2019,BMI,IL,AGL,CE,Federal Contract Tower,14,4,8,0,26,0,0,0,0,0,14,4,8,0,26,0,0,0,26
02/05/2019,BMI,IL,AGL,CE,Federal Contract Tower,10,8,14,0,32,0,0,0,0,0,10,8,14,0,32,0,0,0,32
02/06/2019,BMI,IL,AGL,CE,Federal Contract Tower,11,3,8,0,22,0,0,0,0,0,11,3,8,0,22,0,0,0,22
02/07/2019,BMI,IL,AGL,CE,Federal Contract Tower,16,1,5,0,22,0,0,0,0,0,16,1,5,0,22,0,0,0,22
02/08/2019,BMI,IL,AGL,CE,Federal Contract Tower,13,4,4,0,21,0,0,13,0,13,13,4,17,0,34,0,0,0,34
02/09/2019,BMI,IL,AGL,CE,Federal Contract Tower,6,5,6,0,17,0,0,58,0,58,6,5,64,0,75,84,0,84,159
02/10/2019,BMI,IL,AGL,CE,Federal Contract Tower,9,3,12,0,24,0,0,0,0,0,9,3,12,0,24,0,0,0,24
02/11/2019,BMI,IL,AGL,CE,Federal Contract Tower,10,4,4,0,18,0,0,0,0,0,10,4,4,0,18,0,0,0,18
02/12/2019,BMI,IL,AGL,CE,Federal Contract Tower,9,5,6,0,20,0,0,0,0,0,9,5,6,0,20,0,0,0,20
02/13/2019,BMI,IL,AGL,CE,Federal Contract Tower,11,4,19,0,34,0,0,3,4,7,11,4,22,4,41,2,0,2,43
02/14/2019,BMI,IL,AGL,CE,Federal Contract Tower,15,4,17,4,40,0,0,14,2,16,15,4,31,6,56,20,14,34,90
02/15/2019,BMI,IL,AGL,CE,Federal Contract Tower,15,3,13,0,31,0,0,9,0,9,15,3,22,0,40,10,0,10,50
02/16/2019,BMI,IL,AGL,CE,Federal Contract Tower,8,3,6,0,17,0,0,26,0,26,8,3,32,0,43,36,0,36,79
02/17/2019,BMI,IL,AGL,CE,Federal Contract Tower,11,3,8,0,22,0,0,0,0,0,11,3,8,0,22,0,0,0,22
02/18/2019,BMI,IL,AGL,CE,Federal Contract Tower,13,2,11,0,26,0,0,7,0,7,13,2,18,0,33,8,0,8,41
02/19/2019,BMI,IL,AGL,CE,Federal Contract Tower,13,6,11,0,30,0,0,10,2,12,13,6,21,2,42,14,0,14,56
02/20/2019,BMI,IL,AGL,CE,Federal Contract Tower,11,1,6,0,18,0,0,2,0,2,11,1,8,0,20,6,0,6,26
02/21/2019,BMI,IL,AGL,CE,Federal Contract Tower,15,3,17,1,36,0,0,32,0,32,15,3,49,1,68,34,2,36,104
02/22/2019,BMI,IL,AGL,CE,Federal Contract Tower,16,3,9,0,28,0,0,33,1,34,16,3,42,1,62,22,2,24,86
02/23/2019,BMI,IL,AGL,CE,Federal Contract Tower,6,2,0,0,8,0,0,0,0,0,6,2,0,0,8,0,0,0,8
02/24/2019,BMI,IL,AGL,CE,Federal Contract Tower,9,0,0,0,9,0,0,0,0,0,9,0,0,0,9,0,0,0,9
02/25/2019,BMI,IL,AGL,CE,Federal Contract Tower,11,4,12,0,27,0,0,12,0,12,11,4,24,0,39,10,0,10,49
02/26/2019,BMI,IL,AGL,CE,Federal Contract Tower,12,4,15,0,31,0,0,15,1,16,12,4,30,1,47,14,0,14,61
02/27/2019,BMI,IL,AGL,CE,Federal Contract Tower,11,7,9,2,29,0,0,9,0,9,11,7,18,2,38,10,0,10,48
02/28/2019,BMI,IL,AGL,CE,Federal Contract Tower,13,3,15,0,31,0,0,15,4,19,13,3,30,4,50,24,14,38,88
03/01/2019,BMI,IL,AGL,CE,Federal Contract Tower,12,3,15,0,30,0,0,35,0,35,12,3,50,0,65,52,2,54,119
03/02/2019,BMI,IL,AGL,CE,Federal Contract Tower,5,3,4,0,12,0,0,9,0,9,5,3,13,0,21,2,0,2,23
03/03/2019,BMI,IL,AGL,CE,Federal Contract Tower,13,3,5,0,21,0,0,22,0,22,13,3,27,0,43,2,0,2,45
03/04/2019,BMI,IL,AGL,CE,Federal Contract Tower,13,6,11,0,30,0,0,9,0,9,13,6,20,0,39,16,0,16,55
03/05/2019,BMI,IL,AGL,CE,Federal Contract Tower,15,3,9,0,27,0,0,6,0,6,15,3,15,0,33,0,0,0,33
03/06/2019,BMI,IL,AGL,CE,Federal Contract Tower,11,6,5,0,22,0,0,17,0,17,11,6,22,0,39,6,4,10,49
03/07/2019,BMI,IL,AGL,CE,Federal Contract Tower,14,4,17,0,35,0,0,10,0,10,14,4,27,0,45,0,0,0,45
03/08/2019,BMI,IL,AGL,CE,Federal Contract Tower,14,3,10,0,27,0,0,8,0,8,14,3,18,0,35,26,0,26,61
03/09/2019,BMI,IL,AGL,CE,Federal Contract Tower,6,4,2,0,12,0,0,0,0,0,6,4,2,0,12,0,0,0,12
03/10/2019,BMI,IL,AGL,CE,Federal Contract Tower,15,5,11,0,31,0,0,7,0,7,15,5,18,0,38,4,0,4,42
03/11/2019,BMI,IL,AGL,CE,Federal Contract Tower,12,7,22,0,41,0,0,35,0,35,12,7,57,0,76,32,0,32,108
03/12/2019,BMI,IL,AGL,CE,Federal Contract Tower,15,1,13,1,30,0,0,14,7,21,15,1,27,8,51,6,4,10,61
03/13/2019,BMI,IL,AGL,CE,Federal Contract Tower,9,3,9,0,21,0,0,5,0,5,9,3,14,0,26,6,0,6,32
03/14/2019,BMI,IL,AGL,CE,Federal Contract Tower,13,5,11,0,29,0,0,1,0,1,13,5,12,0,30,0,0,0,30
03/15/2019,BMI,IL,AGL,CE,Federal Contract Tower,12,6,6,2,26,0,0,2,2,4,12,6,8,4,30,0,2,2,32
03/16/2019,BMI,IL,AGL,CE,Federal Contract Tower,6,3,2,0,11,0,0,37,0,37,6,3,39,0,48,14,2,16,64
03/17/2019,BMI,IL,AGL,CE,Federal Contract Tower,19,2,5,0,26,0,0,17,0,17,19,2,22,0,43,16,0,16,59
03/18/2019,BMI,IL,AGL,CE,Federal Contract Tower,13,5,9,0,27,0,2,28,0,30,13,7,37,0,57,12,6,18,75
03/19/2019,BMI,IL,AGL,CE,Federal Contract Tower,13,3,5,0,21,0,0,21,0,21,13,3,26,0,42,32,0,32,74
03/20/2019,BMI,IL,AGL,CE,Federal Contract Tower,13,4,10,4,31,0,0,4,1,5,13,4,14,5,36,0,14,14,50
03/21/2019,BMI,IL,AGL,CE,Federal Contract Tower,13,4,14,2,33,0,0,25,0,25,13,4,39,2,58,2,0,2,60
03/22/2019,BMI,IL,AGL,CE,Federal Contract Tower,15,5,12,0,32,0,0,53,2,55,15,5,65,2,87,38,0,38,125
03/23/2019,BMI,IL,AGL,CE,Federal Contract Tower,7,1,16,0,24,0,0,59,2,61,7,1,75,2,85,26,0,26,111
03/24/2019,BMI,IL,AGL,CE,Federal Contract Tower,12,5,2,0,19,0,0,0,0,0,12,5,2,0,19,0,0,0,19
03/25/2019,BMI,IL,AGL,CE,Federal Contract Tower,11,4,4,0,19,0,0,9,2,11,11,4,13,2,30,4,2,6,36
03/26/2019,BMI,IL,AGL,CE,Federal Contract Tower,15,1,13,1,30,0,0,18,0,18,15,1,31,1,48,14,0,14,62
03/27/2019,BMI,IL,AGL,CE,Federal Contract Tower,10,3,10,0,23,0,0,21,0,21,10,3,31,0,44,6,0,6,50
03/28/2019,BMI,IL,AGL,CE,Federal Contract Tower,14,4,14,3,35,0,0,22,0,22,14,4,36,3,57,4,2,6,63
03/29/2019,BMI,IL,AGL,CE,Federal Contract Tower,13,3,10,0,26,0,0,8,0,8,13,3,18,0,34,0,0,0,34
03/30/2019,BMI,IL,AGL,CE,Federal Contract Tower,8,5,6,0,19,0,0,2,0,2,8,5,8,0,21,0,0,0,21
03/31/2019,BMI,IL,AGL,CE,Federal Contract Tower,13,2,12,0,27,0,0,14,0,14,13,2,26,0,41,12,0,12,53
04/01/2019,BMI,IL,AGL,CE,Federal Contract Tower,13,3,6,0,22,0,0,16,0,16,13,3,22,0,38,0,0,0,38
04/02/2019,BMI,IL,AGL,CE,Federal Contract Tower,15,5,13,2,35,0,0,7,0,7,15,5,20,2,42,2,10,12,54
04/03/2019,BMI,IL,AGL,CE,Federal Contract Tower,11,9,16,2,38,0,0,25,4,29,11,9,41,6,67,22,8,30,97
04/04/2019,BMI,IL,AGL,CE,Federal Contract Tower,17,4,9,0,30,0,0,3,0,3,17,4,12,0,33,0,0,0,33
04/05/2019,BMI,IL,AGL,CE,Federal Contract Tower,13,5,20,2,40,0,0,5,0,5,13,5,25,2,45,0,0,0,45
04/06/2019,BMI,IL,AGL,CE,Federal Contract Tower,7,3,12,0,22,0,0,8,0,8,7,3,20,0,30,14,0,14,44
04/07/2019,BMI,IL,AGL,CE,Federal Contract Tower,14,5,7,0,26,0,0,6,0,6,14,5,13,0,32,28,0,28,60
04/08/2019,BMI,IL,AGL,CE,Federal Contract Tower,15,8,10,0,33,0,0,31,0,31,15,8,41,0,64,34,0,34,98
04/09/2019,BMI,IL,AGL,CE,Federal Contract Tower,12,5,16,0,33,0,0,47,0,47,12,5,63,0,80,42,0,42,122
04/10/2019,BMI,IL,AGL,CE,Federal Contract Tower,11,6,13,0,30,0,0,9,0,9,11,6,22,0,39,0,0,0,39
04/11/2019,BMI,IL,AGL,CE,Federal Contract Tower,14,5,9,2,30,0,0,7,3,10,14,5,16,5,40,0,10,10,50
04/12/2019,BMI,IL,AGL,CE,Federal Contract Tower,13,5,11,0,29,0,0,5,0,5,13,5,16,0,34,0,0,0,34
04/13/2019,BMI,IL,AGL,CE,Federal Contract Tower,4,5,6,0,15,0,0,44,0,44,4,5,50,0,59,14,0,14,73
04/14/2019,BMI,IL,AGL,CE,Federal Contract Tower,13,2,5,0,20,0,0,0,0,0,13,2,5,0,20,0,0,0,20
04/15/2019,BMI,IL,AGL,CE,Federal Contract Tower,13,9,19,0,41,0,0,26,1,27,13,9,45,1,68,10,10,20,88
04/16/2019,BMI,IL,AGL,CE,Federal Contract Tower,12,3,19,1,35,0,0,20,3,23,12,3,39,4,58,38,10,48,106
04/17/2019,BMI,IL,AGL,CE,Federal Contract Tower,11,6,12,2,31,0,0,17,0,17,11,6,29,2,48,20,8,28,76
04/18/2019,BMI,IL,AGL,CE,Federal Contract Tower,16,3,14,0,33,0,0,5,0,5,16,3,19,0,38,14,0,14,52
04/19/2019,BMI,IL,AGL,CE,Federal Contract Tower,13,6,2,0,21,0,0,3,0,3,13,6,5,0,24,0,0,0,24
04/20/2019,BMI,IL,AGL,CE,Federal Contract Tower,6,4,8,0,18,0,0,31,0,31,6,4,39,0,49,26,0,26,75
04/21/2019,BMI,IL,AGL,CE,Federal Contract Tower,12,3,6,0,21,0,0,45,0,45,12,3,51,0,66,6,0,6,72
04/22/2019,BMI,IL,AGL,CE,Federal Contract Tower,15,5,7,1,28,0,0,35,0,35,15,5,42,1,63,12,6,18,81
04/23/2019,BMI,IL,AGL,CE,Federal Contract Tower,12,3,24,1,40,0,0,1,1,2,12,3,25,2,42,0,0,0,42
04/24/2019,BMI,IL,AGL,CE,Federal Contract Tower,12,7,18,4,41,0,0,14,0,14,12,7,32,4,55,32,0,32,87
04/25/2019,BMI,IL,AGL,CE,Federal Contract Tower,14,8,20,9,51,0,0,24,0,24,14,8,44,9,75,58,4,62,137
04/26/2019,BMI,IL,AGL,CE,Federal Contract Tower,13,6,15,4,38,0,0,30,0,30,13,6,45,4,68,12,0,12,80
04/27/2019,BMI,IL,AGL,CE,Federal Contract Tower,5,2,6,0,13,0,0,11,0,11,5,2,17,0,24,0,0,0,24
04/28/2019,BMI,IL,AGL,CE,Federal Contract Tower,14,7,11,0,32,0,0,47,0,47,14,7,58,0,79,10,0,10,89
04/29/2019,BMI,IL,AGL,CE,Federal Contract Tower,10,7,20,0,37,0,0,3,0,3,10,7,23,0,40,0,0,0,40
04/30/2019,BMI,IL,AGL,CE,Federal Contract Tower,14,5,5,0,24,0,0,0,0,0,14,5,5,0,24,0,0,0,24
05/01/2019,BMI,IL,AGL,CE,Federal Contract Tower,10,5,14,4,33,0,0,3,1,4,10,5,17,5,37,8,10,18,55
05/02/2019,BMI,IL,AGL,CE,Federal Contract Tower,17,5,13,0,35,0,0,0,0,0,17,5,13,0,35,0,0,0,35
05/03/2019,BMI,IL,AGL,CE,Federal Contract Tower,12,5,17,7,41,0,0,20,0,20,12,5,37,7,61,26,10,36,97
05/04/2019,BMI,IL,AGL,CE,Federal Contract Tower,10,3,15,0,28,0,0,25,0,25,10,3,40,0,53,10,0,10,63
05/05/2019,BMI,IL,AGL,CE,Federal Contract Tower,15,6,12,0,33,0,0,47,0,47,15,6,59,0,80,4,0,4,84
05/06/2019,BMI,IL,AGL,CE,Federal Contract Tower,11,8,8,0,27,0,0,33,0,33,11,8,41,0,60,28,0,28,88
05/07/2019,BMI,IL,AGL,CE,Federal Contract Tower,12,8,18,2,40,0,0,3,0,3,12,8,21,2,43,0,0,0,43
05/08/2019,BMI,IL,AGL,CE,Federal Contract Tower,10,7,13,0,30,0,0,6,0,6,10,7,19,0,36,6,0,6,42
05/09/2019,BMI,IL,AGL,CE,Federal Contract Tower,17,7,15,4,43,0,0,5,0,5,17,7,20,4,48,0,0,0,48
05/10/2019,BMI,IL,AGL,CE,Federal Contract Tower,13,6,11,0,30,0,0,29,0,29,13,6,40,0,59,8,0,8,67
05/11/2019,BMI,IL,AGL,CE,Federal Contract Tower,7,5,10,0,22,0,0,15,0,15,7,5,25,0,37,0,0,0,37
05/12/2019,BMI,IL,AGL,CE,Federal Contract Tower,14,6,8,1,29,0,0,3,0,3,14,6,11,1,32,0,0,0,32
05/13/2019,BMI,IL,AGL,CE,Federal Contract Tower,13,7,25,0,45,0,0,35,0,35,13,7,60,0,80,40,0,40,120
05/14/2019,BMI,IL,AGL,CE,Federal Contract Tower,12,6,5,5,28,0,0,32,9,41,12,6,37,14,69,16,6,22,91
05/15/2019,BMI,IL,AGL,CE,Federal Contract Tower,9,7,8,0,24,0,0,28,0,28,9,7,36,0,52,6,0,6,58
05/16/2019,BMI,IL,AGL,CE,Federal Contract Tower,16,5,14,0,35,0,0,8,0,8,16,5,22,0,43,14,0,14,57
05/17/2019,BMI,IL,AGL,CE,Federal Contract Tower,13,5,17,0,35,0,0,13,3,16,13,5,30,3,51,12,0,12,63
05/18/2019,BMI,IL,AGL,CE,Federal Contract Tower,7,3,10,0,20,0,0,19,4,23,7,3,29,4,43,0,0,0,43
05/19/2019,BMI,IL,AGL,CE,Federal Contract Tower,14,7,3,0,24,0,0,9,0,9,14,7,12,0,33,0,0,0,33
05/20/2019,BMI,IL,AGL,CE,Federal Contract Tower,11,7,12,2,32,0,0,30,0,30,11,7,42,2,62,36,0,36,98
05/21/2019,BMI,IL,AGL,CE,Federal Contract Tower,16,7,9,1,33,0,0,8,3,11,16,7,17,4,44,4,0,4,48
05/22/2019,BMI,IL,AGL,CE,Federal Contract Tower,11,5,16,0,32,0,0,20,0,20,11,5,36,0,52,22,0,22,74
05/23/2019,BMI,IL,AGL,CE,Federal Contract Tower,17,3,41,1,62,0,0,44,1,45,17,3,85,2,107,8,2,10,117
05/24/2019,BMI,IL,AGL,CE,Federal Contract Tower,11,5,16,0,32,0,0,12,0,12,11,5,28,0,44,12,0,12,56
05/25/2019,BMI,IL,AGL,CE,Federal Contract Tower,9,3,12,0,24,0,0,11,0,11,9,3,23,0,35,34,0,34,69
05/26/2019,BMI,IL,AGL,CE,Federal Contract Tower,13,4,4,0,21,0,0,7,0,7,13,4,11,0,28,12,0,12,40
05/27/2019,BMI,IL,AGL,CE,Federal Contract Tower,11,7,7,0,25,0,0,10,0,10,11,7,17,0,35,20,0,20,55
05/28/2019,BMI,IL,AGL,CE,Federal Contract Tower,15,5,16,0,36,0,0,10,0,10,15,5,26,0,46,24,0,24,70
05/29/2019,BMI,IL,AGL,CE,Federal Contract Tower,10,6,15,0,31,0,0,24,4,28,10,6,39,4,59,22,0,22,81
05/30/2019,BMI,IL,AGL,CE,Federal Contract Tower,17,5,17,0,39,0,0,16,0,16,17,5,33,0,55,0,0,0,55
05/31/2019,BMI,IL,AGL,CE,Federal Contract Tower,13,5,6,2,26,0,0,63,0,63,13,5,69,2,89,52,0,52,141
06/01/2019,BMI,IL,AGL,CE,Federal Contract Tower,6,3,5,0,14,0,0,28,0,28,6,3,33,0,42,20,0,20,62
06/02/2019,BMI,IL,AGL,CE,Federal Contract Tower,15,6,15,0,36,0,0,28,0,28,15,6,43,0,64,8,0,8,72
06/03/2019,BMI,IL,AGL,CE,Federal Contract Tower,12,5,10,0,27,0,0,39,0,39,12,5,49,0,66,32,0,32,98
06/04/2019,BMI,IL,AGL,CE,Federal Contract Tower,14,7,22,0,43,0,0,10,0,10,14,7,32,0,53,4,0,4,57
06/05/2019,BMI,IL,AGL,CE,Federal Contract Tower,11,5,14,0,30,0,0,13,0,13,11,5,27,0,43,8,0,8,51
06/06/2019,BMI,IL,AGL,CE,Federal Contract Tower,18,3,28,0,49,0,0,44,8,52,18,3,72,8,101,2,0,2,103
06/07/2019,BMI,IL,AGL,CE,Federal Contract Tower,16,6,10,0,32,0,0,27,0,27,16,6,37,0,59,0,0,0,59
06/08/2019,BMI,IL,AGL,CE,Federal Contract Tower,7,3,13,0,23,0,0,36,0,36,7,3,49,0,59,32,4,36,95
06/09/2019,BMI,IL,AGL,CE,Federal Contract Tower,10,10,18,0,38,0,0,29,0,29,10,10,47,0,67,4,0,4,71
06/10/2019,BMI,IL,AGL,CE,Federal Contract Tower,12,6,19,0,37,0,0,25,0,25,12,6,44,0,62,0,0,0,62
06/11/2019,BMI,IL,AGL,CE,Federal Contract Tower,15,5,19,0,39,0,0,71,0,71,15,5,90,0,110,66,0,66,176
06/12/2019,BMI,IL,AGL,CE,Federal Contract Tower,12,7,18,0,37,0,0,7,0,7,12,7,25,0,44,0,0,0,44
06/13/2019,BMI,IL,AGL,CE,Federal Contract Tower,17,7,21,0,45,0,0,27,0,27,17,7,48,0,72,20,0,20,92
06/14/2019,BMI,IL,AGL,CE,Federal Contract Tower,13,6,7,0,26,0,0,38,0,38,13,6,45,0,64,4,0,4,68
06/15/2019,BMI,IL,AGL,CE,Federal Contract Tower,10,3,7,0,20,0,0,1,0,1,10,3,8,0,21,0,0,0,21
06/16/2019,BMI,IL,AGL,CE,Federal Contract Tower,16,5,10,0,31,0,0,14,0,14,16,5,24,0,45,48,0,48,93
06/17/2019,BMI,IL,AGL,CE,Federal Contract Tower,11,7,18,0,36,0,0,4,0,4,11,7,22,0,40,2,0,2,42
06/18/2019,BMI,IL,AGL,CE,Federal Contract Tower,15,7,14,0,36,0,0,39,0,39,15,7,53,0,75,26,0,26,101
06/19/2019,BMI,IL,AGL,CE,Federal Contract Tower,11,8,16,0,35,0,0,5,0,5,11,8,21,0,40,14,0,14,54
06/20/2019,BMI,IL,AGL,CE,Federal Contract Tower,15,7,36,0,58,0,0,14,0,14,15,7,50,0,72,14,0,14,86
06/21/2019,BMI,IL,AGL,CE,Federal Contract Tower,13,6,12,0,31,0,0,5,0,5,13,6,17,0,36,4,0,4,40
06/22/2019,BMI,IL,AGL,CE,Federal Contract Tower,9,3,6,0,18,0,0,17,0,17,9,3,23,0,35,40,0,40,75
06/23/2019,BMI,IL,AGL,CE,Federal Contract Tower,14,7,7,0,28,0,0,8,0,8,14,7,15,0,36,2,0,2,38
06/24/2019,BMI,IL,AGL,CE,Federal Contract Tower,12,5,10,0,27,0,0,3,0,3,12,5,13,0,30,6,0,6,36
06/25/2019,BMI,IL,AGL,CE,Federal Contract Tower,16,6,9,0,31,0,0,33,0,33,16,6,42,0,64,26,2,28,92
06/26/2019,BMI,IL,AGL,CE,Federal Contract Tower,11,8,15,0,34,0,0,41,4,45,11,8,56,4,79,36,24,60,139
06/27/2019,BMI,IL,AGL,CE,Federal Contract Tower,17,6,20,3,46,0,0,43,1,44,17,6,63,4,90,12,0,12,102
06/28/2019,BMI,IL,AGL,CE,Federal Contract Tower,14,3,5,0,22,0,0,41,0,41,14,3,46,0,63,40,2,42,105
06/29/2019,BMI,IL,AGL,CE,Federal Contract Tower,6,4,15,0,25,0,0,35,0,35,6,4,50,0,60,32,0,32,92
06/30/2019,BMI,IL,AGL,CE,Federal Contract Tower,13,7,12,0,32,0,0,30,0,30,13,7,42,0,62,10,0,10,72
07/01/2019,BMI,IL,AGL,CE,Federal Contract Tower,10,3,5,0,18,0,0,24,0,24,10,3,29,0,42,38,0,38,80
07/02/2019,BMI,IL,AGL,CE,Federal Contract Tower,13,8,9,0,30,0,0,35,0,35,13,8,44,0,65,6,0,6,71
07/03/2019,BMI,IL,AGL,CE,Federal Contract Tower,9,3,8,0,20,0,0,20,0,20,9,3,28,0,40,56,0,56,96
07/04/2019,BMI,IL,AGL,CE,Federal Contract Tower,15,3,3,0,21,0,0,14,0,14,15,3,17,0,35,4,0,4,39
07/05/2019,BMI,IL,AGL,CE,Federal Contract Tower,10,3,3,0,16,0,0,17,0,17,10,3,20,0,33,2,0,2,35
07/06/2019,BMI,IL,AGL,CE,Federal Contract Tower,11,3,6,0,20,0,0,23,0,23,11,3,29,0,43,4,0,4,47
07/07/2019,BMI,IL,AGL,CE,Federal Contract Tower,14,6,12,0,32,0,0,26,0,26,14,6,38,0,58,8,0,8,66
07/08/2019,BMI,IL,AGL,CE,Federal Contract Tower,11,7,11,0,29,0,0,37,0,37,11,7,48,0,66,8,0,8,74
07/09/2019,BMI,IL,AGL,CE,Federal Contract Tower,19,6,11,0,36,0,0,36,0,36,19,6,47,0,72,28,0,28,100
07/10/2019,BMI,IL,AGL,CE,Federal Contract Tower,8,2,11,0,21,0,0,27,0,27,8,2,38,0,48,8,0,8,56
07/11/2019,BMI,IL,AGL,CE,Federal Contract Tower,15,5,21,0,41,0,0,50,0,50,15,5,71,0,91,18,2,20,111
07/12/2019,BMI,IL,AGL,CE,Federal Contract Tower,13,5,8,0,26,0,0,60,0,60,13,5,68,0,86,14,0,14,100
07/13/2019,BMI,IL,AGL,CE,Federal Contract Tower,8,3,6,0,17,0,0,66,0,66,8,3,72,0,83,18,0,18,101
07/14/2019,BMI,IL,AGL,CE,Federal Contract Tower,15,3,10,0,28,0,0,44,0,44,15,3,54,0,72,20,0,20,92
07/15/2019,BMI,IL,AGL,CE,Federal Contract Tower,14,6,6,0,26,0,0,27,0,27,14,6,33,0,53,14,0,14,67
07/16/2019,BMI,IL,AGL,CE,Federal Contract Tower,16,7,28,0,51,0,0,5,0,5,16,7,33,0,56,18,0,18,74
07/17/2019,BMI,IL,AGL,CE,Federal Contract Tower,11,7,14,0,32,0,0,33,0,33,11,7,47,0,65,28,0,28,93
07/18/2019,BMI,IL,AGL,CE,Federal Contract Tower,17,7,25,0,49,0,0,44,0,44,17,7,69,0,93,20,0,20,113
07/19/2019,BMI,IL,AGL,CE,Federal Contract Tower,11,7,14,0,32,0,0,39,0,39,11,7,53,0,71,6,0,6,77
07/20/2019,BMI,IL,AGL,CE,Federal Contract Tower,8,6,15,0,29,0,0,34,0,34,8,6,49,0,63,14,0,14,77
07/21/2019,BMI,IL,AGL,CE,Federal Contract Tower,15,6,14,0,35,0,0,30,0,30,15,6,44,0,65,48,0,48,113
07/22/2019,BMI,IL,AGL,CE,Federal Contract Tower,12,8,17,0,37,0,0,29,0,29,12,8,46,0,66,4,0,4,70
07/23/2019,BMI,IL,AGL,CE,Federal Contract Tower,17,8,14,0,39,0,0,26,0,26,17,8,40,0,65,38,0,38,103
07/24/2019,BMI,IL,AGL,CE,Federal Contract Tower,11,5,17,0,33,0,0,34,0,34,11,5,51,0,67,24,0,24,91
07/25/2019,BMI,IL,AGL,CE,Federal Contract Tower,17,5,15,0,37,0,0,36,0,36,17,5,51,0,73,0,0,0,73
07/26/2019,BMI,IL,AGL,CE,Federal Contract Tower,13,7,6,0,26,0,0,46,0,46,13,7,52,0,72,26,0,26,98
07/27/2019,BMI,IL,AGL,CE,Federal Contract Tower,7,3,11,0,21,0,0,32,0,32,7,3,43,0,53,4,0,4,57
07/28/2019,BMI,IL,AGL,CE,Federal Contract Tower,16,5,10,0,31,0,0,43,0,43,16,5,53,0,74,14,0,14,88
07/29/2019,BMI,IL,AGL,CE,Federal Contract Tower,12,5,16,2,35,0,0,23,5,28,12,5,39,7,63,4,8,12,75
07/30/2019,BMI,IL,AGL,CE,Federal Contract Tower,14,7,24,0,45,0,0,57,1,58,14,7,81,1,103,32,0,32,135
07/31/2019,BMI,IL,AGL,CE,Federal Contract Tower,11,8,10,1,30,0,0,48,1,49,11,8,58,2,79,40,0,40,119
08/01/2019,BMI,IL,AGL,CE,Federal Contract Tower,14,6,23,0,43,0,0,56,0,56,14,6,79,0,99,10,0,10,109
08/02/2019,BMI,IL,AGL,CE,Federal Contract Tower,10,10,8,0,28,0,0,59,0,59,10,10,67,0,87,24,0,24,111
08/03/2019,BMI,IL,AGL,CE,Federal Contract Tower,6,6,12,0,24,0,0,64,0,64,6,6,76,0,88,38,0,38,126
08/04/2019,BMI,IL,AGL,CE,Federal Contract Tower,14,7,11,0,32,0,0,41,0,41,14,7,52,0,73,24,0,24,97
08/05/2019,BMI,IL,AGL,CE,Federal Contract Tower,12,5,8,0,25,0,0,24,0,24,12,5,32,0,49,40,0,40,89
08/06/2019,BMI,IL,AGL,CE,Federal Contract Tower,16,10,19,0,45,0,0,19,0,19,16,10,38,0,64,52,0,52,116
08/07/2019,BMI,IL,AGL,CE,Federal Contract Tower,9,5,18,0,32,0,0,27,0,27,9,5,45,0,59,10,0,10,69
08/08/2019,BMI,IL,AGL,CE,Federal Contract Tower,18,6,23,0,47,0,0,29,0,29,18,6,52,0,76,26,0,26,102
08/09/2019,BMI,IL,AGL,CE,Federal Contract Tower,13,5,5,0,23,0,0,38,0,38,13,5,43,0,61,46,0,46,107
08/10/2019,BMI,IL,AGL,CE,Federal Contract Tower,8,7,1,0,16,0,0,47,0,47,8,7,48,0,63,44,0,44,107
08/11/2019,BMI,IL,AGL,CE,Federal Contract Tower,14,5,4,0,23,0,0,10,0,10,14,5,14,0,33,18,0,18,51
08/12/2019,BMI,IL,AGL,CE,Federal Contract Tower,14,5,11,0,30,0,0,4,0,4,14,5,15,0,34,0,0,0,34
08/13/2019,BMI,IL,AGL,CE,Federal Contract Tower,17,5,25,0,47,0,0,24,4,28,17,5,49,4,75,18,0,18,93
08/14/2019,BMI,IL,AGL,CE,Federal Contract Tower,11,7,14,0,32,0,0,36,6,42,11,7,50,6,74,58,0,58,132
08/15/2019,BMI,IL,AGL,CE,Federal Contract Tower,16,9,27,0,52,0,0,31,0,31,16,9,58,0,83,34,0,34,117
08/16/2019,BMI,IL,AGL,CE,Federal Contract Tower,12,4,16,3,35,0,0,17,4,21,12,4,33,7,56,0,6,6,62
08/17/2019,BMI,IL,AGL,CE,Federal Contract Tower,12,3,6,0,21,0,0,12,0,12,12,3,18,0,33,2,0,2,35
08/18/2019,BMI,IL,AGL,CE,Federal Contract Tower,16,8,5,0,29,0,0,25,0,25,16,8,30,0,54,8,0,8,62
08/19/2019,BMI,IL,AGL,CE,Federal Contract Tower,13,10,11,0,34,0,0,30,0,30,13,10,41,0,64,36,0,36,100
08/20/2019,BMI,IL,AGL,CE,Federal Contract Tower,13,2,18,3,36,0,0,19,0,19,13,2,37,3,55,18,0,18,73
08/21/2019,BMI,IL,AGL,CE,Federal Contract Tower,11,6,15,4,36,0,0,4,0,4,11,6,19,4,40,0,0,0,40
08/22/2019,BMI,IL,AGL,CE,Federal Contract Tower,18,13,22,1,54,0,0,23,0,23,18,13,45,1,77,34,0,34,111
08/23/2019,BMI,IL,AGL,CE,Federal Contract Tower,12,6,13,0,31,0,0,41,0,41,12,6,54,0,72,48,0,48,120
08/24/2019,BMI,IL,AGL,CE,Federal Contract Tower,8,3,7,0,18,0,0,71,0,71,8,3,78,0,89,54,0,54,143
08/25/2019,BMI,IL,AGL,CE,Federal Contract Tower,16,6,8,0,30,0,0,33,0,33,16,6,41,0,63,14,0,14,77
08/26/2019,BMI,IL,AGL,CE,Federal Contract Tower,13,10,10,0,33,0,0,2,0,2,13,10,12,0,35,0,0,0,35
08/27/2019,BMI,IL,AGL,CE,Federal Contract Tower,13,5,13,4,35,0,0,14,0,14,13,5,27,4,49,6,14,20,69
08/28/2019,BMI,IL,AGL,CE,Federal Contract Tower,11,5,12,0,28,0,0,27,0,27,11,5,39,0,55,0,0,0,55
08/29/2019,BMI,IL,AGL,CE,Federal Contract Tower,19,9,18,0,46,0,0,11,4,15,19,9,29,4,61,16,2,18,79
08/30/2019,BMI,IL,AGL,CE,Federal Contract Tower,14,10,12,0,36,0,0,39,0,39,14,10,51,0,75,30,0,30,105
08/31/2019,BMI,IL,AGL,CE,Federal Contract Tower,7,5,2,0,14,0,0,37,0,37,7,5,39,0,51,26,0,26,77
09/01/2019,BMI,IL,AGL,CE,Federal Contract Tower,9,4,13,0,26,0,0,1,0,1,9,4,14,0,27,0,0,0,27
09/02/2019,BMI,IL,AGL,CE,Federal Contract Tower,10,4,5,0,19,0,0,28,0,28,10,4,33,0,47,26,0,26,73
09/03/2019,BMI,IL,AGL,CE,Federal Contract Tower,11,3,14,0,28,0,0,13,0,13,11,3,27,0,41,8,2,10,51
09/04/2019,BMI,IL,AGL,CE,Federal Contract Tower,7,9,16,0,32,0,0,35,12,47,7,9,51,12,79,16,0,16,95
09/05/2019,BMI,IL,AGL,CE,Federal Contract Tower,14,7,15,0,36,0,0,41,0,41,14,7,56,0,77,18,0,18,95
09/06/2019,BMI,IL,AGL,CE,Federal Contract Tower,11,5,23,0,39,0,0,14,0,14,11,5,37,0,53,4,0,4,57
09/07/2019,BMI,IL,AGL,CE,Federal Contract Tower,5,5,1,0,11,0,0,31,0,31,5,5,32,0,42,0,0,0,42
09/08/2019,BMI,IL,AGL,CE,Federal Contract Tower,16,6,12,0,34,0,0,9,0,9,16,6,21,0,43,0,0,0,43
09/09/2019,BMI,IL,AGL,CE,Federal Contract Tower,11,4,12,0,27,0,0,23,0,23,11,4,35,0,50,32,4,36,86
09/10/2019,BMI,IL,AGL,CE,Federal Contract Tower,12,6,27,0,45,0,0,35,1,36,12,6,62,1,81,26,0,26,107
09/11/2019,BMI,IL,AGL,CE,Federal Contract Tower,9,9,12,2,32,0,0,24,0,24,9,9,36,2,56,22,0,22,78
09/12/2019,BMI,IL,AGL,CE,Federal Contract Tower,14,8,13,2,37,0,0,31,0,31,14,8,44,2,68,36,0,36,104
09/13/2019,BMI,IL,AGL,CE,Federal Contract Tower,12,6,7,0,25,0,0,25,0,25,12,6,32,0,50,8,0,8,58
09/14/2019,BMI,IL,AGL,CE,Federal Contract Tower,5,4,9,0,18,0,0,41,0,41,5,4,50,0,59,14,0,14,73
09/15/2019,BMI,IL,AGL,CE,Federal Contract Tower,15,3,10,0,28,0,0,16,0,16,15,3,26,0,44,4,0,4,48
09/16/2019,BMI,IL,AGL,CE,Federal Contract Tower,12,5,20,0,37,0,0,14,0,14,12,5,34,0,51,2,0,2,53
09/17/2019,BMI,IL,AGL,CE,Federal Contract Tower,12,6,19,0,37,0,0,22,0,22,12,6,41,0,59,12,0,12,71
09/18/2019,BMI,IL,AGL,CE,Federal Contract Tower,7,8,16,0,31,0,0,50,0,50,7,8,66,0,81,42,0,42,123
09/19/2019,BMI,IL,AGL,CE,Federal Contract Tower,17,8,11,0,36,0,0,34,0,34,17,8,45,0,70,58,0,58,128
09/20/2019,BMI,IL,AGL,CE,Federal Contract Tower,16,5,7,2,30,0,0,24,0,24,16,5,31,2,54,58,0,58,112
09/21/2019,BMI,IL,AGL,CE,Federal Contract Tower,7,7,9,0,23,0,0,4,0,4,7,7,13,0,27,0,0,0,27
09/22/2019,BMI,IL,AGL,CE,Federal Contract Tower,16,7,7,0,30,0,0,5,0,5,16,7,12,0,35,0,0,0,35
09/23/2019,BMI,IL,AGL,CE,Federal Contract Tower,12,13,15,0,40,0,0,36,0,36,12,13,51,0,76,6,0,6,82
09/24/2019,BMI,IL,AGL,CE,Federal Contract Tower,13,7,21,0,41,0,0,36,0,36,13,7,57,0,77,30,0,30,107
09/25/2019,BMI,IL,AGL,CE,Federal Contract Tower,9,4,21,0,34,0,0,27,0,27,9,4,48,0,61,0,0,0,61
09/26/2019,BMI,IL,AGL,CE,Federal Contract Tower,17,4,20,0,41,0,0,56,0,56,17,4,76,0,97,14,2,16,113
09/27/2019,BMI,IL,AGL,CE,Federal Contract Tower,10,4,26,0,40,0,0,4,0,4,10,4,30,0,44,6,0,6,50
09/28/2019,BMI,IL,AGL,CE,Federal Contract Tower,7,2,14,0,23,0,0,4,0,4,7,2,18,0,27,2,0,2,29
09/29/2019,BMI,IL,AGL,CE,Federal Contract Tower,14,5,10,0,29,0,0,8,0,8,14,5,18,0,37,10,0,10,47
09/30/2019,BMI,IL,AGL,CE,Federal Contract Tower,12,9,7,0,28,0,0,16,0,16,12,9,23,0,44,10,0,10,54
10/01/2019,BMI,IL,AGL,CE,Federal Contract Tower,13,9,26,2,50,0,0,23,0,23,13,9,49,2,73,0,0,0,73
10/02/2019,BMI,IL,AGL,CE,Federal Contract Tower,9,5,12,0,26,0,0,8,0,8,9,5,20,0,34,0,0,0,34
10/03/2019,BMI,IL,AGL,CE,Federal Contract Tower,16,13,15,0,44,0,0,15,0,15,16,13,30,0,59,2,0,2,61
10/04/2019,BMI,IL,AGL,CE,Federal Contract Tower,14,6,14,1,35,0,0,49,1,50,14,6,63,2,85,28,8,36,121
10/05/2019,BMI,IL,AGL,CE,Federal Contract Tower,12,9,15,0,36,0,0,29,2,31,12,9,44,2,67,8,0,8,75
10/06/2019,BMI,IL,AGL,CE,Federal Contract Tower,15,9,10,0,34,0,0,38,0,38,15,9,48,0,72,10,0,10,82
10/07/2019,BMI,IL,AGL,CE,Federal Contract Tower,13,7,17,0,37,0,0,21,0,21,13,7,38,0,58,18,0,18,76
10/08/2019,BMI,IL,AGL,CE,Federal Contract Tower,12,10,20,0,42,0,0,29,0,29,12,10,49,0,71,10,0,10,81
10/09/2019,BMI,IL,AGL,CE,Federal Contract Tower,8,9,15,0,32,0,0,29,0,29,8,9,44,0,61,10,0,10,71
10/10/2019,BMI,IL,AGL,CE,Federal Contract Tower,17,8,24,0,49,0,0,5,0,5,17,8,29,0,54,4,0,4,58
10/11/2019,BMI,IL,AGL,CE,Federal Contract Tower,13,6,16,0,35,0,0,0,0,0,13,6,16,0,35,0,0,0,35
10/12/2019,BMI,IL,AGL,CE,Federal Contract Tower,10,4,3,0,17,0,0,27,0,27,10,4,30,0,44,10,0,10,54
10/13/2019,BMI,IL,AGL,CE,Federal Contract Tower,15,9,8,0,32,0,0,27,0,27,15,9,35,0,59,6,0,6,65
10/14/2019,BMI,IL,AGL,CE,Federal Contract Tower,13,5,11,0,29,1,0,19,0,20,14,5,30,0,49,30,0,30,79
10/15/2019,BMI,IL,AGL,CE,Federal Contract Tower,12,7,19,0,38,0,0,6,0,6,12,7,25,0,44,2,4,6,50
10/16/2019,BMI,IL,AGL,CE,Federal Contract Tower,10,5,16,0,31,0,0,17,0,17,10,5,33,0,48,0,0,0,48
10/17/2019,BMI,IL,AGL,CE,Federal Contract Tower,16,8,8,0,32,0,0,39,0,39,16,8,47,0,71,36,0,36,107
10/18/2019,BMI,IL,AGL,CE,Federal Contract Tower,13,5,7,0,25,0,0,33,0,33,13,5,40,0,58,16,4,20,78
10/19/2019,BMI,IL,AGL,CE,Federal Contract Tower,8,6,4,0,18,0,0,43,0,43,8,6,47,0,61,14,0,14,75
10/20/2019,BMI,IL,AGL,CE,Federal Contract Tower,17,7,18,0,42,0,0,29,0,29,17,7,47,0,71,8,0,8,79
10/21/2019,BMI,IL,AGL,CE,Federal Contract Tower,12,5,5,0,22,0,0,3,0,3,12,5,8,0,25,2,0,2,27
10/22/2019,BMI,IL,AGL,CE,Federal Contract Tower,13,5,13,0,31,0,0,8,0,8,13,5,21,0,39,0,0,0,39
10/23/2019,BMI,IL,AGL,CE,Federal Contract Tower,9,5,5,0,19,0,0,22,0,22,9,5,27,0,41,14,0,14,55
10/24/2019,BMI,IL,AGL,CE,Federal Contract Tower,15,6,20,0,41,0,0,16,0,16,15,6,36,0,57,12,4,16,73
10/25/2019,BMI,IL,AGL,CE,Federal Contract Tower,10,5,12,0,27,0,0,33,0,33,10,5,45,0,60,28,0,28,88
10/26/2019,BMI,IL,AGL,CE,Federal Contract Tower,8,4,13,0,25,0,0,3,0,3,8,4,16,0,28,0,0,0,28
10/27/2019,BMI,IL,AGL,CE,Federal Contract Tower,13,5,3,0,21,0,0,45,0,45,13,5,48,0,66,44,0,44,110
10/28/2019,BMI,IL,AGL,CE,Federal Contract Tower,11,8,17,0,36,0,0,4,0,4,11,8,21,0,40,0,0,0,40
10/29/2019,BMI,IL,AGL,CE,Federal Contract Tower,11,4,19,0,34,0,0,1,0,1,11,4,20,0,35,0,0,0,35
10/30/2019,BMI,IL,AGL,CE,Federal Contract Tower,7,7,8,0,22,0,0,0,0,0,7,7,8,0,22,0,0,0,22
10/31/2019,BMI,IL,AGL,CE,Federal Contract Tower,15,4,13,0,32,0,0,0,0,0,15,4,13,0,32,0,0,0,32
11/01/2019,BMI,IL,AGL,CE,Federal Contract Tower,10,5,15,0,30,0,0,20,0,20,10,5,35,0,50,14,0,14,64
11/02/2019,BMI,IL,AGL,CE,Federal Contract Tower,7,4,2,0,13,0,0,10,0,10,7,4,12,0,23,10,0,10,33
11/03/2019,BMI,IL,AGL,CE,Federal Contract Tower,15,9,8,0,32,0,0,25,0,25,15,9,33,0,57,24,0,24,81
11/04/2019,BMI,IL,AGL,CE,Federal Contract Tower,14,8,11,0,33,0,0,15,0,15,14,8,26,0,48,12,0,12,60
11/05/2019,BMI,IL,AGL,CE,Federal Contract Tower,11,4,12,1,28,0,0,37,0,37,11,4,49,1,65,14,0,14,79
11/06/2019,BMI,IL,AGL,CE,Federal Contract Tower,6,7,8,0,21,0,0,13,0,13,6,7,21,0,34,14,2,16,50
11/07/2019,BMI,IL,AGL,CE,Federal Contract Tower,17,9,23,0,49,0,1,17,0,18,17,10,40,0,67,4,0,4,71
11/08/2019,BMI,IL,AGL,CE,Federal Contract Tower,15,4,10,0,29,0,0,21,0,21,15,4,31,0,50,14,0,14,64
11/09/2019,BMI,IL,AGL,CE,Federal Contract Tower,10,3,8,0,21,0,0,26,0,26,10,3,34,0,47,28,0,28,75
11/10/2019,BMI,IL,AGL,CE,Federal Contract Tower,19,4,3,0,26,0,0,19,0,19,19,4,22,0,45,30,0,30,75
11/11/2019,BMI,IL,AGL,CE,Federal Contract Tower,9,5,15,0,29,0,0,0,0,0,9,5,15,0,29,0,0,0,29
11/12/2019,BMI,IL,AGL,CE,Federal Contract Tower,12,9,16,0,37,0,0,10,0,10,12,9,26,0,47,4,0,4,51
11/13/2019,BMI,IL,AGL,CE,Federal Contract Tower,8,6,7,0,21,0,0,8,0,8,8,6,15,0,29,2,0,2,31
11/14/2019,BMI,IL,AGL,CE,Federal Contract Tower,17,8,14,0,39,0,4,8,0,12,17,12,22,0,51,6,0,6,57
11/15/2019,BMI,IL,AGL,CE,Federal Contract Tower,17,5,14,0,36,0,0,39,0,39,17,5,53,0,75,44,0,44,119
11/16/2019,BMI,IL,AGL,CE,Federal Contract Tower,7,4,6,0,17,0,0,16,0,16,7,4,22,0,33,22,0,22,55
11/17/2019,BMI,IL,AGL,CE,Federal Contract Tower,15,2,11,0,28,0,0,9,0,9,15,2,20,0,37,6,0,6,43
11/18/2019,BMI,IL,AGL,CE,Federal Contract Tower,13,5,3,0,21,0,0,1,0,1,13,5,4,0,22,0,0,0,22
11/19/2019,BMI,IL,AGL,CE,Federal Contract Tower,8,6,15,0,29,0,0,0,0,0,8,6,15,0,29,0,0,0,29
11/20/2019,BMI,IL,AGL,CE,Federal Contract Tower,10,6,14,0,30,0,0,11,0,11,10,6,25,0,41,6,0,6,47
11/21/2019,BMI,IL,AGL,CE,Federal Contract Tower,14,6,15,0,35,0,0,2,0,2,14,6,17,0,37,0,2,2,39
11/22/2019,BMI,IL,AGL,CE,Federal Contract Tower,14,5,13,0,32,0,0,16,0,16,14,5,29,0,48,37,0,37,85
11/23/2019,BMI,IL,AGL,CE,Federal Contract Tower,9,5,2,0,16,0,0,9,0,9,9,5,11,0,25,10,0,10,35
11/24/2019,BMI,IL,AGL,CE,Federal Contract Tower,11,6,10,0,27,0,0,29,0,29,11,6,39,0,56,10,0,10,66
11/25/2019,BMI,IL,AGL,CE,Federal Contract Tower,9,5,6,0,20,0,0,40,0,40,9,5,46,0,60,26,0,26,86
11/26/2019,BMI,IL,AGL,CE,Federal Contract Tower,14,5,10,0,29,0,0,9,0,9,14,5,19,0,38,0,0,0,38
11/27/2019,BMI,IL,AGL,CE,Federal Contract Tower,17,5,4,0,26,0,0,2,0,2,17,5,6,0,28,0,0,0,28
11/28/2019,BMI,IL,AGL,CE,Federal Contract Tower,6,3,2,0,11,0,0,0,0,0,6,3,2,0,11,0,0,0,11
11/29/2019,BMI,IL,AGL,CE,Federal Contract Tower,7,3,0,0,10,0,0,0,0,0,7,3,0,0,10,0,0,0,10
11/30/2019,BMI,IL,AGL,CE,Federal Contract Tower,8,5,0,0,13,0,0,0,0,0,8,5,0,0,13,0,0,0,13
12/01/2019,BMI,IL,AGL,CE,Federal Contract Tower,19,5,9,0,33,0,0,0,0,0,19,5,9,0,33,0,0,0,33
12/02/2019,BMI,IL,AGL,CE,Federal Contract Tower,10,8,7,0,25,0,0,11,0,11,10,8,18,0,36,4,0,4,40
12/03/2019,BMI,IL,AGL,CE,Federal Contract Tower,12,9,21,0,42,0,0,12,3,15,12,9,33,3,57,12,0,12,69
12/04/2019,BMI,IL,AGL,CE,Federal Contract Tower,8,4,16,0,28,0,0,26,0,26,8,4,42,0,54,10,0,10,64
12/05/2019,BMI,IL,AGL,CE,Federal Contract Tower,15,5,19,0,39,0,0,17,0,17,15,5,36,0,56,14,0,14,70
12/06/2019,BMI,IL,AGL,CE,Federal Contract Tower,15,5,17,2,39,0,0,9,0,9,15,5,26,2,48,10,0,10,58
12/07/2019,BMI,IL,AGL,CE,Federal Contract Tower,9,4,9,0,22,0,0,50,0,50,9,4,59,0,72,24,0,24,96
12/08/2019,BMI,IL,AGL,CE,Federal Contract Tower,14,5,8,0,27,0,0,7,0,7,14,5,15,0,34,18,0,18,52
12/09/2019,BMI,IL,AGL,CE,Federal Contract Tower,12,7,6,0,25,0,0,0,0,0,12,7,6,0,25,0,0,0,25
12/10/2019,BMI,IL,AGL,CE,Federal Contract Tower,8,7,20,0,35,0,0,17,1,18,8,7,37,1,53,12,0,12,65
12/11/2019,BMI,IL,AGL,CE,Federal Contract Tower,9,5,15,0,29,0,0,19,0,19,9,5,34,0,48,14,0,14,62
12/12/2019,BMI,IL,AGL,CE,Federal Contract Tower,15,8,14,0,37,0,0,6,1,7,15,8,20,1,44,0,0,0,44
12/13/2019,BMI,IL,AGL,CE,Federal Contract Tower,14,6,14,0,34,0,0,31,0,31,14,6,45,0,65,30,2,32,97
12/14/2019,BMI,IL,AGL,CE,Federal Contract Tower,7,5,4,0,16,0,0,0,0,0,7,5,4,0,16,0,0,0,16
12/15/2019,BMI,IL,AGL,CE,Federal Contract Tower,14,5,12,0,31,0,0,4,0,4,14,5,16,0,35,6,0,6,41
12/16/2019,BMI,IL,AGL,CE,Federal Contract Tower,12,5,5,0,22,0,0,0,0,0,12,5,5,0,22,0,0,0,22
12/17/2019,BMI,IL,AGL,CE,Federal Contract Tower,8,6,11,0,25,0,0,6,0,6,8,6,17,0,31,0,0,0,31
12/18/2019,BMI,IL,AGL,CE,Federal Contract Tower,11,4,12,1,28,0,0,23,1,24,11,4,35,2,52,16,0,16,68
12/19/2019,BMI,IL,AGL,CE,Federal Contract Tower,13,4,12,0,29,0,0,15,0,15,13,4,27,0,44,0,0,0,44
12/20/2019,BMI,IL,AGL,CE,Federal Contract Tower,13,6,19,1,39,0,0,33,0,33,13,6,52,1,72,10,0,10,82
12/21/2019,BMI,IL,AGL,CE,Federal Contract Tower,10,5,14,0,29,0,0,36,0,36,10,5,50,0,65,34,0,34,99
12/22/2019,BMI,IL,AGL,CE,Federal Contract Tower,12,6,6,0,24,0,0,36,0,36,12,6,42,0,60,28,0,28,88
12/23/2019,BMI,IL,AGL,CE,Federal Contract Tower,11,9,10,0,30,0,0,33,0,33,11,9,43,0,63,36,0,36,99
12/24/2019,BMI,IL,AGL,CE,Federal Contract Tower,13,4,6,0,23,0,0,8,0,8,13,4,14,0,31,6,0,6,37
12/25/2019,BMI,IL,AGL,CE,Federal Contract Tower,8,4,4,0,16,0,0,9,0,9,8,4,13,0,25,4,0,4,29
12/26/2019,BMI,IL,AGL,CE,Federal Contract Tower,14,7,9,0,30,0,0,15,0,15,14,7,24,0,45,6,0,6,51
12/27/2019,BMI,IL,AGL,CE,Federal Contract Tower,11,5,6,1,23,0,0,3,0,3,11,5,9,1,26,12,0,12,38
12/28/2019,BMI,IL,AGL,CE,Federal Contract Tower,10,4,2,0,16,0,0,0,0,0,10,4,2,0,16,0,0,0,16
12/29/2019,BMI,IL,AGL,CE,Federal Contract Tower,16,5,12,0,33,0,0,3,0,3,16,5,15,0,36,14,0,14,50
12/30/2019,BMI,IL,AGL,CE,Federal Contract Tower,10,5,10,0,25,0,0,1,0,1,10,5,11,0,26,0,0,0,26
12/31/2019,BMI,IL,AGL,CE,Federal Contract Tower,14,6,7,0,27,0,0,4,0,4,14,6,11,0,31,0,0,0,31
01/01/2020,BMI,IL,AGL,CE,Federal Contract Tower,8,9,4,0,21,0,0,17,0,17,8,9,21,0,38,16,0,16,54
01/02/2020,BMI,IL,AGL,CE,Federal Contract Tower,13,5,12,1,31,0,0,22,0,22,13,5,34,1,53,0,0,0,53
01/03/2020,BMI,IL,AGL,CE,Federal Contract Tower,10,5,4,0,19,0,0,1,0,1,10,5,5,0,20,8,0,8,28
01/04/2020,BMI,IL,AGL,CE,Federal Contract Tower,10,4,5,0,19,0,0,0,0,0,10,4,5,0,19,0,0,0,19
01/05/2020,BMI,IL,AGL,CE,Federal Contract Tower,13,6,7,0,26,0,0,7,0,7,13,6,14,0,33,0,0,0,33
01/06/2020,BMI,IL,AGL,CE,Federal Contract Tower,12,7,7,0,26,0,0,7,0,7,12,7,14,0,33,8,0,8,41
01/07/2020,BMI,IL,AGL,CE,Federal Contract Tower,13,8,12,0,33,0,0,27,1,28,13,8,39,1,61,24,10,34,95
01/08/2020,BMI,IL,AGL,CE,Federal Contract Tower,9,7,11,0,27,0,0,14,0,14,9,7,25,0,41,14,0,14,55
01/09/2020,BMI,IL,AGL,CE,Federal Contract Tower,13,10,12,0,35,0,0,1,0,1,13,10,13,0,36,0,0,0,36
01/10/2020,BMI,IL,AGL,CE,Federal Contract Tower,10,7,8,0,25,0,0,0,0,0,10,7,8,0,25,0,0,0,25
01/11/2020,BMI,IL,AGL,CE,Federal Contract Tower,7,2,0,0,9,0,0,0,0,0,7,2,0,0,9,0,0,0,9
01/12/2020,BMI,IL,AGL,CE,Federal Contract Tower,12,5,6,0,23,0,0,0,0,0,12,5,6,0,23,0,0,0,23
01/13/2020,BMI,IL,AGL,CE,Federal Contract Tower,10,7,12,0,29,0,0,1,0,1,10,7,13,0,30,0,0,0,30
01/14/2020,BMI,IL,AGL,CE,Federal Contract Tower,9,5,13,0,27,0,0,6,0,6,9,5,19,0,33,22,0,22,55
01/15/2020,BMI,IL,AGL,CE,Federal Contract Tower,13,6,10,0,29,0,0,0,0,0,13,6,10,0,29,0,0,0,29
01/16/2020,BMI,IL,AGL,CE,Federal Contract Tower,14,7,14,0,35,0,0,19,2,21,14,7,33,2,56,6,0,6,62
01/17/2020,BMI,IL,AGL,CE,Federal Contract Tower,10,4,11,0,25,2,0,0,0,2,12,4,11,0,27,28,0,28,55
01/18/2020,BMI,IL,AGL,CE,Federal Contract Tower,11,4,5,0,20,0,0,0,0,0,11,4,5,0,20,0,0,0,20
01/19/2020,BMI,IL,AGL,CE,Federal Contract Tower,11,4,9,0,24,0,0,1,0,1,11,4,10,0,25,0,0,0,25
01/20/2020,BMI,IL,AGL,CE,Federal Contract Tower,13,10,9,0,32,0,0,5,0,5,13,10,14,0,37,0,0,0,37
01/21/2020,BMI,IL,AGL,CE,Federal Contract Tower,11,9,16,1,37,0,0,18,1,19,11,9,34,2,56,10,10,20,76
01/22/2020,BMI,IL,AGL,CE,Federal Contract Tower,10,5,11,1,27,0,0,13,0,13,10,5,24,1,40,18,0,18,58
01/23/2020,BMI,IL,AGL,CE,Federal Contract Tower,14,7,11,0,32,0,0,0,0,0,14,7,11,0,32,0,0,0,32
01/24/2020,BMI,IL,AGL,CE,Federal Contract Tower,12,15,5,0,32,0,0,0,0,0,12,15,5,0,32,0,0,0,32
01/25/2020,BMI,IL,AGL,CE,Federal Contract Tower,10,4,2,0,16,0,0,0,0,0,10,4,2,0,16,0,0,0,16
01/26/2020,BMI,IL,AGL,CE,Federal Contract Tower,14,7,10,0,31,0,0,8,0,8,14,7,18,0,39,8,0,8,47
01/27/2020,BMI,IL,AGL,CE,Federal Contract Tower,14,5,2,0,21,0,0,0,0,0,14,5,2,0,21,0,0,0,21
01/28/2020,BMI,IL,AGL,CE,Federal Contract Tower,11,6,14,0,31,0,0,0,0,0,11,6,14,0,31,0,0,0,31
01/29/2020,BMI,IL,AGL,CE,Federal Contract Tower,10,5,5,0,20,0,0,5,0,5,10,5,10,0,25,18,0,18,43
01/30/2020,BMI,IL,AGL,CE,Federal Contract Tower,15,5,18,0,38,0,0,3,0,3,15,5,21,0,41,0,0,0,41
01/31/2020,BMI,IL,AGL,CE,Federal Contract Tower,12,5,6,0,23,0,0,5,0,5,12,5,11,0,28,4,0,4,32
02/01/2020,BMI,IL,AGL,CE,Federal Contract Tower,8,14,2,0,24,0,0,0,0,0,8,14,2,0,24,0,0,0,24
02/02/2020,BMI,IL,AGL,CE,Federal Contract Tower,12,5,15,0,32,0,0,25,0,25,12,5,40,0,57,12,0,12,69
02/03/2020,BMI,IL,AGL,CE,Federal Contract Tower,12,5,9,1,27,0,0,18,0,18,12,5,27,1,45,18,0,18,63
02/04/2020,BMI,IL,AGL,CE,Federal Contract Tower,10,7,18,2,37,0,0,2,0,2,10,7,20,2,39,0,2,2,41
02/05/2020,BMI,IL,AGL,CE,Federal Contract Tower,9,5,8,1,23,0,0,5,0,5,9,5,13,1,28,0,0,0,28
02/06/2020,BMI,IL,AGL,CE,Federal Contract Tower,14,5,7,0,26,0,0,0,0,0,14,5,7,0,26,0,0,0,26
02/07/2020,BMI,IL,AGL,CE,Federal Contract Tower,14,5,12,0,31,0,0,20,0,20,14,5,32,0,51,16,0,16,67
02/08/2020,BMI,IL,AGL,CE,Federal Contract Tower,11,5,2,0,18,0,0,0,0,0,11,5,2,0,18,0,0,0,18
02/09/2020,BMI,IL,AGL,CE,Federal Contract Tower,14,3,4,0,21,0,0,0,0,0,14,3,4,0,21,0,0,0,21
02/10/2020,BMI,IL,AGL,CE,Federal Contract Tower,12,7,14,0,33,0,0,0,0,0,12,7,14,0,33,0,0,0,33
02/11/2020,BMI,IL,AGL,CE,Federal Contract Tower,13,5,22,3,43,0,0,21,0,21,13,5,43,3,64,10,0,10,74
02/12/2020,BMI,IL,AGL,CE,Federal Contract Tower,9,4,8,0,21,0,0,7,0,7,9,4,15,0,28,8,0,8,36
02/13/2020,BMI,IL,AGL,CE,Federal Contract Tower,12,5,9,0,26,0,0,0,0,0,12,5,9,0,26,0,0,0,26
02/14/2020,BMI,IL,AGL,CE,Federal Contract Tower,13,6,16,1,36,0,0,23,0,23,13,6,39,1,59,18,0,18,77
02/15/2020,BMI,IL,AGL,CE,Federal Contract Tower,8,5,4,0,17,0,0,4,0,4,8,5,8,0,21,12,0,12,33
02/16/2020,BMI,IL,AGL,CE,Federal Contract Tower,14,3,6,0,23,0,0,27,0,27,14,3,33,0,50,16,0,16,66
02/17/2020,BMI,IL,AGL,CE,Federal Contract Tower,12,5,10,0,27,0,0,2,0,2,12,5,12,0,29,6,0,6,35
02/18/2020,BMI,IL,AGL,CE,Federal Contract Tower,12,4,17,0,33,0,0,7,0,7,12,4,24,0,40,2,0,2,42
02/19/2020,BMI,IL,AGL,CE,Federal Contract Tower,7,9,16,0,32,0,0,23,0,23,7,9,39,0,55,26,0,26,81
02/20/2020,BMI,IL,AGL,CE,Federal Contract Tower,12,7,14,0,33,0,0,18,0,18,12,7,32,0,51,34,4,38,89
02/21/2020,BMI,IL,AGL,CE,Federal Contract Tower,13,5,17,0,35,0,0,29,0,29,13,5,46,0,64,16,0,16,80
02/22/2020,BMI,IL,AGL,CE,Federal Contract Tower,8,8,8,0,24,0,0,37,0,37,8,8,45,0,61,10,0,10,71
02/23/2020,BMI,IL,AGL,CE,Federal Contract Tower,14,5,8,0,27,0,0,32,0,32,14,5,40,0,59,4,0,4,63
02/24/2020,BMI,IL,AGL,CE,Federal Contract Tower,13,9,8,0,30,0,0,0,0,0,13,9,8,0,30,0,0,0,30
02/25/2020,BMI,IL,AGL,CE,Federal Contract Tower,10,4,13,0,27,0,0,0,0,0,10,4,13,0,27,0,0,0,27
02/26/2020,BMI,IL,AGL,CE,Federal Contract Tower,11,6,9,0,26,0,0,5,0,5,11,6,14,0,31,8,0,8,39
02/27/2020,BMI,IL,AGL,CE,Federal Contract Tower,15,7,16,0,38,0,0,15,2,17,15,7,31,2,55,8,0,8,63
02/28/2020,BMI,IL,AGL,CE,Federal Contract Tower,11,6,15,0,32,0,0,3,0,3,11,6,18,0,35,0,0,0,35
02/29/2020,BMI,IL,AGL,CE,Federal Contract Tower,8,6,3,0,17,0,0,57,0,57,8,6,60,0,74,38,0,38,112
03/01/2020,BMI,IL,AGL,CE,Federal Contract Tower,13,4,3,0,20,0,0,4,0,4,13,4,7,0,24,0,0,0,24
03/02/2020,BMI,IL,AGL,CE,Federal Contract Tower,12,5,24,0,41,0,0,8,0,8,12,5,32,0,49,4,0,4,53
03/03/2020,BMI,IL,AGL,CE,Federal Contract Tower,14,3,26,0,43,0,0,11,0,11,14,3,37,0,54,2,0,2,56
03/04/2020,BMI,IL,AGL,CE,Federal Contract Tower,9,5,7,1,22,0,0,22,1,23,9,5,29,2,45,16,0,16,61
03/05/2020,BMI,IL,AGL,CE,Federal Contract Tower,14,5,10,0,29,0,0,9,0,9,14,5,19,0,38,0,0,0,38
03/06/2020,BMI,IL,AGL,CE,Federal Contract Tower,14,5,11,0,30,0,0,20,0,20,14,5,31,0,50,6,0,6,56
03/07/2020,BMI,IL,AGL,CE,Federal Contract Tower,8,5,11,0,24,0,0,15,0,15,8,5,26,0,39,4,0,4,43
03/08/2020,BMI,IL,AGL,CE,Federal Contract Tower,14,4,18,0,36,0,0,5,0,5,14,4,23,0,41,2,0,2,43
03/09/2020,BMI,IL,AGL,CE,Federal Contract Tower,13,4,6,0,23,0,0,2,0,2,13,4,8,0,25,0,0,0,25
03/10/2020,BMI,IL,AGL,CE,Federal Contract Tower,13,3,17,4,37,0,0,0,0,0,13,3,17,4,37,0,0,0,37
03/11/2020,BMI,IL,AGL,CE,Federal Contract Tower,9,5,15,0,29,0,0,2,0,2,9,5,17,0,31,0,0,0,31
03/12/2020,BMI,IL,AGL,CE,Federal Contract Tower,12,8,13,0,33,0,0,1,0,1,12,8,14,0,34,0,0,0,34
03/13/2020,BMI,IL,AGL,CE,Federal Contract Tower,11,5,8,0,24,0,0,33,1,34,11,5,41,1,58,24,0,24,82
03/14/2020,BMI,IL,AGL,CE,Federal Contract Tower,8,4,4,0,16,0,0,0,0,0,8,4,4,0,16,0,0,0,16
03/15/2020,BMI,IL,AGL,CE,Federal Contract Tower,12,4,13,0,29,0,0,20,0,20,12,4,33,0,49,4,0,4,53
03/16/2020,BMI,IL,AGL,CE,Federal Contract Tower,12,5,1,3,21,0,0,2,0,2,12,5,3,3,23,0,2,2,25
03/17/2020,BMI,IL,AGL,CE,Federal Contract Tower,13,7,5,0,25,0,0,16,0,16,13,7,21,0,41,22,4,26,67
03/18/2020,BMI,IL,AGL,CE,Federal Contract Tower,11,4,7,0,22,0,0,0,0,0,11,4,7,0,22,0,0,0,22
03/19/2020,BMI,IL,AGL,CE,Federal Contract Tower,12,5,2,0,19,0,0,0,0,0,12,5,2,0,19,0,0,0,19
03/20/2020,BMI,IL,AGL,CE,Federal Contract Tower,13,6,1,0,20,0,0,1,0,1,13,6,2,0,21,0,0,0,21
03/21/2020,BMI,IL,AGL,CE,Federal Contract Tower,10,6,5,0,21,0,0,19,0,19,10,6,24,0,40,0,0,0,40
03/22/2020,BMI,IL,AGL,CE,Federal Contract Tower,13,4,2,0,19,0,0,0,0,0,13,4,2,0,19,0,0,0,19
03/23/2020,BMI,IL,AGL,CE,Federal Contract Tower,14,3,1,0,18,0,0,2,0,2,14,3,3,0,20,0,2,2,22
03/24/2020,BMI,IL,AGL,CE,Federal Contract Tower,8,2,10,0,20,0,0,2,0,2,8,2,12,0,22,0,0,0,22
03/25/2020,BMI,IL,AGL,CE,Federal Contract Tower,9,2,5,0,16,0,0,3,0,3,9,2,8,0,19,10,0,10,29
03/26/2020,BMI,IL,AGL,CE,Federal Contract Tower,7,4,1,0,12,0,0,2,0,2,7,4,3,0,14,0,0,0,14
03/27/2020,BMI,IL,AGL,CE,Federal Contract Tower,8,0,0,0,8,0,0,0,0,0,8,0,0,0,8,0,0,0,8
03/28/2020,BMI,IL,AGL,CE,Federal Contract Tower,5,2,0,0,7,0,0,1,0,1,5,2,1,0,8,0,0,0,8
03/29/2020,BMI,IL,AGL,CE,Federal Contract Tower,6,2,0,0,8,0,0,0,0,0,6,2,0,0,8,0,0,0,8
03/30/2020,BMI,IL,AGL,CE,Federal Contract Tower,6,2,2,0,10,0,0,38,0,38,6,2,40,0,48,38,0,38,86
03/31/2020,BMI,IL,AGL,CE,Federal Contract Tower,8,2,2,3,15,0,0,7,0,7,8,2,9,3,22,0,0,0,22
04/01/2020,BMI,IL,AGL,CE,Federal Contract Tower,4,3,1,0,8,0,0,19,0,19,4,3,20,0,27,20,0,20,47
04/02/2020,BMI,IL,AGL,CE,Federal Contract Tower,6,3,6,0,15,0,0,17,0,17,6,3,23,0,32,2,0,2,34
04/03/2020,BMI,IL,AGL,CE,Federal Contract Tower,6,0,5,0,11,0,0,13,0,13,6,0,18,0,24,12,0,12,36
04/04/2020,BMI,IL,AGL,CE,Federal Contract Tower,4,0,4,0,8,0,0,2,0,2,4,0,6,0,10,0,0,0,10
04/05/2020,BMI,IL,AGL,CE,Federal Contract Tower,5,0,0,0,5,0,0,24,0,24,5,0,24,0,29,6,0,6,35
04/06/2020,BMI,IL,AGL,CE,Federal Contract Tower,7,0,4,0,11,0,0,13,0,13,7,0,17,0,24,44,0,44,68
04/07/2020,BMI,IL,AGL,CE,Federal Contract Tower,6,0,0,0,6,0,0,7,0,7,6,0,7,0,13,8,0,8,21
04/08/2020,BMI,IL,AGL,CE,Federal Contract Tower,6,0,6,0,12,0,0,13,0,13,6,0,19,0,25,4,0,4,29
04/09/2020,BMI,IL,AGL,CE,Federal Contract Tower,5,4,4,0,13,0,0,6,0,6,5,4,10,0,19,0,0,0,19
04/10/2020,BMI,IL,AGL,CE,Federal Contract Tower,8,0,5,0,13,0,0,22,0,22,8,0,27,0,35,6,0,6,41
04/11/2020,BMI,IL,AGL,CE,Federal Contract Tower,5,0,0,0,5,0,0,12,0,12,5,0,12,0,17,6,0,6,23
04/12/2020,BMI,IL,AGL,CE,Federal Contract Tower,4,0,3,0,7,0,0,1,0,1,4,0,4,0,8,2,0,2,10
04/13/2020,BMI,IL,AGL,CE,Federal Contract Tower,4,0,0,0,4,0,0,0,0,0,4,0,0,0,4,0,0,0,4
04/14/2020,BMI,IL,AGL,CE,Federal Contract Tower,4,0,3,0,7,0,0,11,0,11,4,0,14,0,18,10,0,10,28
04/15/2020,BMI,IL,AGL,CE,Federal Contract Tower,5,0,0,0,5,0,0,0,0,0,5,0,0,0,5,0,0,0,5
04/16/2020,BMI,IL,AGL,CE,Federal Contract Tower,4,0,0,0,4,0,0,12,0,12,4,0,12,0,16,50,0,50,66
04/17/2020,BMI,IL,AGL,CE,Federal Contract Tower,8,0,0,0,8,0,0,0,0,0,8,0,0,0,8,0,0,0,8
04/18/2020,BMI,IL,AGL,CE,Federal Contract Tower,5,0,3,0,8,0,0,12,0,12,5,0,15,0,20,4,0,4,24
04/19/2020,BMI,IL,AGL,CE,Federal Contract Tower,3,0,3,0,6,0,0,22,0,22,3,0,25,0,28,10,0,10,38
04/20/2020,BMI,IL,AGL,CE,Federal Contract Tower,6,0,0,0,6,0,0,25,0,25,6,0,25,0,31,8,0,8,39
04/21/2020,BMI,IL,AGL,CE,Federal Contract Tower,4,0,4,0,8,0,0,19,0,19,4,0,23,0,27,4,0,4,31
04/22/2020,BMI,IL,AGL,CE,Federal Contract Tower,5,0,6,0,11,0,0,4,0,4,5,0,10,0,15,0,0,0,15
04/23/2020,BMI,IL,AGL,CE,Federal Contract Tower,4,0,8,0,12,0,0,5,0,5,4,0,13,0,17,32,0,32,49
04/24/2020,BMI,IL,AGL,CE,Federal Contract Tower,5,0,2,0,7,0,0,0,0,0,5,0,2,0,7,0,0,0,7
04/25/2020,BMI,IL,AGL,CE,Federal Contract Tower,3,0,2,0,5,0,0,0,0,0,3,0,2,0,5,0,0,0,5
04/26/2020,BMI,IL,AGL,CE,Federal Contract Tower,2,0,3,0,5,0,0,41,0,41,2,0,44,0,46,48,0,48,94
04/27/2020,BMI,IL,AGL,CE,Federal Contract Tower,3,0,10,0,13,0,0,11,0,11,3,0,21,0,24,32,0,32,56
04/28/2020,BMI,IL,AGL,CE,Federal Contract Tower,2,0,0,0,2,0,0,16,0,16,2,0,16,0,18,4,0,4,22
04/29/2020,BMI,IL,AGL,CE,Federal Contract Tower,5,0,6,0,11,0,0,0,0,0,5,0,6,0,11,0,0,0,11
04/30/2020,BMI,IL,AGL,CE,Federal Contract Tower,8,0,4,0,12,0,0,11,0,11,8,0,15,0,23,36,0,36,59
05/01/2020,BMI,IL,AGL,CE,Federal Contract Tower,7,0,3,0,10,0,0,52,0,52,7,0,55,0,62,32,0,32,94
05/02/2020,BMI,IL,AGL,CE,Federal Contract Tower,3,0,11,0,14,0,0,36,0,36,3,0,47,0,50,14,0,14,64
05/03/2020,BMI,IL,AGL,CE,Federal Contract Tower,6,0,10,0,16,0,0,18,0,18,6,0,28,0,34,12,0,12,46
05/04/2020,BMI,IL,AGL,CE,Federal Contract Tower,10,0,7,0,17,0,0,14,0,14,10,0,21,0,31,10,0,10,41
05/05/2020,BMI,IL,AGL,CE,Federal Contract Tower,3,0,6,0,9,0,0,0,0,0,3,0,6,0,9,0,0,0,9
05/06/2020,BMI,IL,AGL,CE,Federal Contract Tower,5,0,2,3,10,0,0,27,0,27,5,0,29,3,37,42,0,42,79
05/07/2020,BMI,IL,AGL,CE,Federal Contract Tower,8,0,6,0,14,0,0,46,0,46,8,0,52,0,60,22,2,24,84
05/08/2020,BMI,IL,AGL,CE,Federal Contract Tower,10,0,9,0,19,0,0,26,2,28,10,0,35,2,47,8,0,8,55
05/09/2020,BMI,IL,AGL,CE,Federal Contract Tower,5,0,5,0,10,0,0,55,0,55,5,0,60,0,65,110,0,110,175
05/10/2020,BMI,IL,AGL,CE,Federal Contract Tower,6,0,3,0,9,0,0,2,0,2,6,0,5,0,11,0,0,0,11
05/11/2020,BMI,IL,AGL,CE,Federal Contract Tower,9,0,8,0,17,0,0,17,0,17,9,0,25,0,34,36,0,36,70
05/12/2020,BMI,IL,AGL,CE,Federal Contract Tower,5,0,6,0,11,0,0,34,0,34,5,0,40,0,45,28,0,28,73
05/13/2020,BMI,IL,AGL,CE,Federal Contract Tower,3,2,3,0,8,0,0,26,0,26,3,2,29,0,34,16,0,16,50
05/14/2020,BMI,IL,AGL,CE,Federal Contract Tower,6,0,6,0,12,0,0,0,0,0,6,0,6,0,12,0,0,0,12
05/15/2020,BMI,IL,AGL,CE,Federal Contract Tower,9,0,3,0,12,0,0,14,0,14,9,0,17,0,26,12,0,12,38
05/16/2020,BMI,IL,AGL,CE,Federal Contract Tower,4,1,9,0,14,0,0,19,0,19,4,1,28,0,33,34,0,34,67
05/17/2020,BMI,IL,AGL,CE,Federal Contract Tower,7,3,6,0,16,0,0,1,0,1,7,3,7,0,17,0,0,0,17
05/18/2020,BMI,IL,AGL,CE,Federal Contract Tower,8,0,2,0,10,0,0,2,0,2,8,0,4,0,12,0,0,0,12
05/19/2020,BMI,IL,AGL,CE,Federal Contract Tower,4,0,7,0,11,0,0,0,0,0,4,0,7,0,11,0,0,0,11
05/20/2020,BMI,IL,AGL,CE,Federal Contract Tower,5,4,15,0,24,0,0,3,0,3,5,4,18,0,27,0,0,0,27
05/21/2020,BMI,IL,AGL,CE,Federal Contract Tower,7,1,10,0,18,0,0,5,3,8,7,1,15,3,26,0,4,4,30
05/22/2020,BMI,IL,AGL,CE,Federal Contract Tower,7,0,11,0,18,0,0,41,0,41,7,0,52,0,59,42,0,42,101
05/23/2020,BMI,IL,AGL,CE,Federal Contract Tower,4,1,0,0,5,0,0,7,0,7,4,1,7,0,12,0,0,0,12
05/24/2020,BMI,IL,AGL,CE,Federal Contract Tower,3,0,6,2,11,0,0,26,0,26,3,0,32,2,37,10,0,10,47
05/25/2020,BMI,IL,AGL,CE,Federal Contract Tower,8,0,4,0,12,0,0,21,0,21,8,0,25,0,33,10,0,10,43
05/26/2020,BMI,IL,AGL,CE,Federal Contract Tower,5,0,8,0,13,0,0,21,0,21,5,0,29,0,34,6,0,6,40
05/27/2020,BMI,IL,AGL,CE,Federal Contract Tower,7,0,0,7,14,0,0,7,0,7,7,0,7,7,21,0,0,0,21
05/28/2020,BMI,IL,AGL,CE,Federal Contract Tower,8,0,6,0,14,0,0,3,0,3,8,0,9,0,17,0,0,0,17
05/29/2020,BMI,IL,AGL,CE,Federal Contract Tower,8,2,13,0,23,0,0,30,0,30,8,2,43,0,53,12,0,12,65
05/30/2020,BMI,IL,AGL,CE,Federal Contract Tower,4,0,5,0,9,0,0,40,0,40,4,0,45,0,49,0,0,0,49
05/31/2020,BMI,IL,AGL,CE,Federal Contract Tower,6,0,5,0,11,0,0,28,0,28,6,0,33,0,39,26,0,26,65
06/01/2020,BMI,IL,AGL,CE,Federal Contract Tower,8,0,10,0,18,0,0,19,0,19,8,0,29,0,37,12,16,28,65
06/02/2020,BMI,IL,AGL,CE,Federal Contract Tower,6,0,6,2,14,0,0,14,0,14,6,0,20,2,28,6,0,6,34
06/03/2020,BMI,IL,AGL,CE,Federal Contract Tower,6,3,7,0,16,0,0,7,0,7,6,3,14,0,23,8,0,8,31
06/04/2020,BMI,IL,AGL,CE,Federal Contract Tower,6,2,11,0,19,0,0,17,0,17,6,2,28,0,36,34,0,34,70
06/05/2020,BMI,IL,AGL,CE,Federal Contract Tower,6,2,8,0,16,0,0,23,0,23,6,2,31,0,39,30,0,30,69
06/06/2020,BMI,IL,AGL,CE,Federal Contract Tower,3,1,3,0,7,0,0,32,0,32,3,1,35,0,39,6,0,6,45
06/07/2020,BMI,IL,AGL,CE,Federal Contract Tower,5,2,8,2,17,0,0,27,0,27,5,2,35,2,44,2,0,2,46
06/08/2020,BMI,IL,AGL,CE,Federal Contract Tower,7,1,9,0,17,0,0,25,2,27,7,1,34,2,44,36,14,50,94
06/09/2020,BMI,IL,AGL,CE,Federal Contract Tower,3,2,0,0,5,0,0,0,0,0,3,2,0,0,5,0,0,0,5
06/10/2020,BMI,IL,AGL,CE,Federal Contract Tower,3,2,8,0,13,0,0,1,0,1,3,2,9,0,14,0,2,2,16
06/11/2020,BMI,IL,AGL,CE,Federal Contract Tower,8,3,17,0,28,0,0,53,0,53,8,3,70,0,81,54,4,58,139
06/12/2020,BMI,IL,AGL,CE,Federal Contract Tower,5,2,5,0,12,0,0,35,0,35,5,2,40,0,47,14,0,14,61
06/13/2020,BMI,IL,AGL,CE,Federal Contract Tower,4,3,4,0,11,0,0,31,0,31,4,3,35,0,42,6,0,6,48
06/14/2020,BMI,IL,AGL,CE,Federal Contract Tower,6,1,1,0,8,0,0,25,0,25,6,1,26,0,33,6,0,6,39
06/15/2020,BMI,IL,AGL,CE,Federal Contract Tower,7,1,6,0,14,0,0,34,0,34,7,1,40,0,48,66,22,88,136
06/16/2020,BMI,IL,AGL,CE,Federal Contract Tower,3,2,7,0,12,0,0,38,0,38,3,2,45,0,50,20,4,24,74
06/17/2020,BMI,IL,AGL,CE,Federal Contract Tower,3,2,16,0,21,0,0,49,0,49,3,2,65,0,70,24,0,24,94
06/18/2020,BMI,IL,AGL,CE,Federal Contract Tower,7,4,9,2,22,0,0,50,0,50,7,4,59,2,72,56,0,56,128
06/19/2020,BMI,IL,AGL,CE,Federal Contract Tower,7,5,10,0,22,0,0,43,0,43,7,5,53,0,65,42,0,42,107
06/20/2020,BMI,IL,AGL,CE,Federal Contract Tower,4,1,3,0,8,0,0,11,0,11,4,1,14,0,19,0,0,0,19
06/21/2020,BMI,IL,AGL,CE,Federal Contract Tower,6,2,17,0,25,0,0,10,0,10,6,2,27,0,35,10,0,10,45
06/22/2020,BMI,IL,AGL,CE,Federal Contract Tower,6,2,6,0,14,0,0,9,0,9,6,2,15,0,23,20,0,20,43
06/23/2020,BMI,IL,AGL,CE,Federal Contract Tower,4,1,12,0,17,0,0,38,0,38,4,1,50,0,55,66,0,66,121
06/24/2020,BMI,IL,AGL,CE,Federal Contract Tower,4,1,12,0,17,0,0,27,0,27,4,1,39,0,44,32,0,32,76
06/25/2020,BMI,IL,AGL,CE,Federal Contract Tower,7,2,10,0,19,0,0,43,0,43,7,2,53,0,62,26,2,28,90
06/26/2020,BMI,IL,AGL,CE,Federal Contract Tower,5,2,11,0,18,0,0,12,0,12,5,2,23,0,30,0,0,0,30
06/27/2020,BMI,IL,AGL,CE,Federal Contract Tower,3,2,7,0,12,0,0,11,0,11,3,2,18,0,23,0,0,0,23
06/28/2020,BMI,IL,AGL,CE,Federal Contract Tower,5,2,10,0,17,0,0,17,0,17,5,2,27,0,34,10,0,10,44
06/29/2020,BMI,IL,AGL,CE,Federal Contract Tower,7,6,3,0,16,0,0,26,0,26,7,6,29,0,42,18,0,18,60
06/30/2020,BMI,IL,AGL,CE,Federal Contract Tower,3,2,3,0,8,0,0,10,0,10,3,2,13,0,18,8,0,8,26
07/01/2020,BMI,IL,AGL,CE,Federal Contract Tower,3,4,8,0,15,0,0,29,0,29,3,4,37,0,44,58,0,58,102
07/02/2020,BMI,IL,AGL,CE,Federal Contract Tower,7,5,7,0,19,0,0,25,0,25,7,5,32,0,44,20,0,20,64
07/03/2020,BMI,IL,AGL,CE,Federal Contract Tower,5,4,7,0,16,0,0,60,0,60,5,4,67,0,76,20,0,20,96
07/04/2020,BMI,IL,AGL,CE,Federal Contract Tower,2,2,6,0,10,0,0,19,0,19,2,2,25,0,29,0,0,0,29
07/05/2020,BMI,IL,AGL,CE,Federal Contract Tower,5,1,11,0,17,0,0,27,0,27,5,1,38,0,44,22,0,22,66
07/06/2020,BMI,IL,AGL,CE,Federal Contract Tower,8,4,11,0,23,0,0,33,0,33,8,4,44,0,56,36,0,36,92
07/07/2020,BMI,IL,AGL,CE,Federal Contract Tower,7,6,9,0,22,0,0,27,0,27,7,6,36,0,49,8,0,8,57
07/08/2020,BMI,IL,AGL,CE,Federal Contract Tower,8,7,11,0,26,0,0,21,0,21,8,7,32,0,47,8,0,8,55
07/09/2020,BMI,IL,AGL,CE,Federal Contract Tower,12,4,8,0,24,0,0,22,0,22,12,4,30,0,46,8,0,8,54
07/10/2020,BMI,IL,AGL,CE,Federal Contract Tower,12,4,16,0,32,0,0,8,0,8,12,4,24,0,40,14,0,14,54
07/11/2020,BMI,IL,AGL,CE,Federal Contract Tower,7,4,4,0,15,0,0,13,0,13,7,4,17,0,28,10,0,10,38
07/12/2020,BMI,IL,AGL,CE,Federal Contract Tower,10,4,3,0,17,0,0,37,0,37,10,4,40,0,54,4,0,4,58
07/13/2020,BMI,IL,AGL,CE,Federal Contract Tower,12,3,13,0,28,0,0,44,0,44,12,3,57,0,72,26,0,26,98
07/14/2020,BMI,IL,AGL,CE,Federal Contract Tower,7,3,4,0,14,0,1,32,0,33,7,4,36,0,47,52,2,54,101
07/15/2020,BMI,IL,AGL,CE,Federal Contract Tower,7,5,3,0,15,0,0,10,0,10,7,5,13,0,25,2,0,2,27
07/16/2020,BMI,IL,AGL,CE,Federal Contract Tower,11,9,13,0,33,0,0,25,0,25,11,9,38,0,58,12,2,14,72
07/17/2020,BMI,IL,AGL,CE,Federal Contract Tower,11,7,6,2,26,0,0,45,0,45,11,7,51,2,71,26,0,26,97
07/18/2020,BMI,IL,AGL,CE,Federal Contract Tower,7,4,7,0,18,0,0,38,0,38,7,4,45,0,56,6,0,6,62
07/19/2020,BMI,IL,AGL,CE,Federal Contract Tower,10,4,7,0,21,0,0,17,0,17,10,4,24,0,38,22,0,22,60
07/20/2020,BMI,IL,AGL,CE,Federal Contract Tower,11,8,11,0,30,0,0,33,0,33,11,8,44,0,63,36,0,36,99
07/21/2020,BMI,IL,AGL,CE,Federal Contract Tower,8,4,16,0,28,0,0,1,0,1,8,4,17,0,29,0,0,0,29
07/22/2020,BMI,IL,AGL,CE,Federal Contract Tower,8,4,11,0,23,0,0,18,0,18,8,4,29,0,41,12,10,22,63
07/23/2020,BMI,IL,AGL,CE,Federal Contract Tower,13,3,13,0,29,0,0,42,0,42,13,3,55,0,71,18,0,18,89
07/24/2020,BMI,IL,AGL,CE,Federal Contract Tower,10,12,9,0,31,0,0,27,0,27,10,12,36,0,58,4,0,4,62
07/25/2020,BMI,IL,AGL,CE,Federal Contract Tower,8,4,6,0,18,0,0,47,0,47,8,4,53,0,65,10,0,10,75
07/26/2020,BMI,IL,AGL,CE,Federal Contract Tower,10,4,6,0,20,0,0,17,0,17,10,4,23,0,37,4,0,4,41
07/27/2020,BMI,IL,AGL,CE,Federal Contract Tower,11,4,1,0,16,0,0,13,0,13,11,4,14,0,29,30,0,30,59
07/28/2020,BMI,IL,AGL,CE,Federal Contract Tower,8,0,6,0,14,0,0,41,0,41,8,0,47,0,55,30,2,32,87
07/29/2020,BMI,IL,AGL,CE,Federal Contract Tower,8,0,9,0,17,0,0,27,0,27,8,0,36,0,44,12,0,12,56
07/30/2020,BMI,IL,AGL,CE,Federal Contract Tower,12,0,13,2,27,0,0,4,1,5,12,0,17,3,32,0,12,12,44
07/31/2020,BMI,IL,AGL,CE,Federal Contract Tower,13,5,20,0,38,0,0,18,0,18,13,5,38,0,56,2,0,2,58
08/01/2020,BMI,IL,AGL,CE,Federal Contract Tower,8,0,7,0,15,0,0,6,0,6,8,0,13,0,21,0,0,0,21
08/02/2020,BMI,IL,AGL,CE,Federal Contract Tower,12,0,8,0,20,0,0,18,0,18,12,0,26,0,38,2,0,2,40
08/03/2020,BMI,IL,AGL,CE,Federal Contract Tower,12,3,11,0,26,0,0,8,0,8,12,3,19,0,34,2,0,2,36
08/04/2020,BMI,IL,AGL,CE,Federal Contract Tower,11,4,10,0,25,0,0,30,0,30,11,4,40,0,55,22,0,22,77
08/05/2020,BMI,IL,AGL,CE,Federal Contract Tower,11,0,11,0,22,0,0,27,0,27,11,0,38,0,49,2,0,2,51
08/06/2020,BMI,IL,AGL,CE,Federal Contract Tower,13,2,13,0,28,0,0,51,0,51,13,2,64,0,79,12,0,12,91
08/07/2020,BMI,IL,AGL,CE,Federal Contract Tower,16,3,16,0,35,0,0,30,0,30,16,3,46,0,65,2,0,2,67
08/08/2020,BMI,IL,AGL,CE,Federal Contract Tower,9,1,10,0,20,0,0,23,0,23,9,1,33,0,43,4,0,4,47
08/09/2020,BMI,IL,AGL,CE,Federal Contract Tower,12,0,13,0,25,0,0,16,0,16,12,0,29,0,41,14,0,14,55
08/10/2020,BMI,IL,AGL,CE,Federal Contract Tower,15,2,8,0,25,0,0,10,0,10,15,2,18,0,35,8,0,8,43
08/11/2020,BMI,IL,AGL,CE,Federal Contract Tower,11,1,19,0,31,0,0,17,0,17,11,1,36,0,48,14,0,14,62
08/12/2020,BMI,IL,AGL,CE,Federal Contract Tower,12,0,4,0,16,0,0,30,0,30,12,0,34,0,46,42,0,42,88
08/13/2020,BMI,IL,AGL,CE,Federal Contract Tower,11,0,17,0,28,0,0,25,0,25,11,0,42,0,53,18,0,18,71
08/14/2020,BMI,IL,AGL,CE,Federal Contract Tower,16,2,5,0,23,0,0,36,0,36,16,2,41,0,59,14,0,14,73
08/15/2020,BMI,IL,AGL,CE,Federal Contract Tower,9,0,6,0,15,0,0,18,0,18,9,0,24,0,33,8,0,8,41
08/16/2020,BMI,IL,AGL,CE,Federal Contract Tower,9,0,14,0,23,0,0,37,0,37,9,0,51,0,60,26,0,26,86
08/17/2020,BMI,IL,AGL,CE,Federal Contract Tower,10,3,11,0,24,0,0,28,0,28,10,3,39,0,52,28,10,38,90
08/18/2020,BMI,IL,AGL,CE,Federal Contract Tower,8,0,8,0,16,0,0,33,0,33,8,0,41,0,49,30,0,30,79
08/19/2020,BMI,IL,AGL,CE,Federal Contract Tower,8,0,13,0,21,0,0,29,0,29,8,0,42,0,50,22,0,22,72
08/20/2020,BMI,IL,AGL,CE,Federal Contract Tower,10,0,12,0,22,0,0,26,0,26,10,0,38,0,48,8,0,8,56
08/21/2020,BMI,IL,AGL,CE,Federal Contract Tower,12,4,13,0,29,0,0,44,0,44,12,4,57,0,73,30,0,30,103
08/22/2020,BMI,IL,AGL,CE,Federal Contract Tower,6,0,7,0,13,0,0,30,0,30,6,0,37,0,43,18,0,18,61
08/23/2020,BMI,IL,AGL,CE,Federal Contract Tower,6,1,4,0,11,0,0,18,0,18,6,1,22,0,29,14,0,14,43
08/24/2020,BMI,IL,AGL,CE,Federal Contract Tower,11,2,14,0,27,0,0,27,0,27,11,2,41,0,54,22,0,22,76
08/25/2020,BMI,IL,AGL,CE,Federal Contract Tower,7,2,12,0,21,0,0,20,0,20,7,2,32,0,41,62,0,62,103
08/26/2020,BMI,IL,AGL,CE,Federal Contract Tower,7,1,15,0,23,0,0,22,2,24,7,1,37,2,47,20,0,20,67
08/27/2020,BMI,IL,AGL,CE,Federal Contract Tower,10,0,9,0,19,0,0,16,0,16,10,0,25,0,35,36,0,36,71
08/28/2020,BMI,IL,AGL,CE,Federal Contract Tower,12,3,8,0,23,0,0,19,0,19,12,3,27,0,42,36,0,36,78
08/29/2020,BMI,IL,AGL,CE,Federal Contract Tower,9,0,12,0,21,0,0,23,0,23,9,0,35,0,44,0,0,0,44
08/30/2020,BMI,IL,AGL,CE,Federal Contract Tower,8,0,5,0,13,0,0,66,0,66,8,0,71,0,79,40,0,40,119
08/31/2020,BMI,IL,AGL,CE,Federal Contract Tower,11,3,7,1,22,0,0,14,0,14,11,3,21,1,36,22,0,22,58
09/01/2020,BMI,IL,AGL,CE,Federal Contract Tower,8,3,11,0,22,0,0,9,0,9,8,3,20,0,31,10,0,10,41
09/02/2020,BMI,IL,AGL,CE,Federal Contract Tower,8,2,11,4,25,0,0,48,0,48,8,2,59,4,73,66,6,72,145
09/03/2020,BMI,IL,AGL,CE,Federal Contract Tower,8,2,11,4,25,0,0,18,0,18,8,2,29,4,43,54,8,62,105
09/04/2020,BMI,IL,AGL,CE,Federal Contract Tower,13,4,19,0,36,0,0,48,0,48,13,4,67,0,84,34,0,34,118
09/05/2020,BMI,IL,AGL,CE,Federal Contract Tower,8,0,5,0,13,0,0,36,0,36,8,0,41,0,49,0,0,0,49
09/06/2020,BMI,IL,AGL,CE,Federal Contract Tower,8,4,4,0,16,0,0,2,0,2,8,4,6,0,18,0,0,0,18
09/07/2020,BMI,IL,AGL,CE,Federal Contract Tower,10,0,8,0,18,0,0,20,0,20,10,0,28,0,38,32,0,32,70
09/08/2020,BMI,IL,AGL,CE,Federal Contract Tower,7,1,14,0,22,0,0,2,0,2,7,1,16,0,24,2,0,2,26
09/09/2020,BMI,IL,AGL,CE,Federal Contract Tower,9,1,17,2,29,0,0,4,0,4,9,1,21,2,33,2,2,4,37
09/10/2020,BMI,IL,AGL,CE,Federal Contract Tower,10,6,11,0,27,0,0,2,0,2,10,6,13,0,29,0,0,0,29
09/11/2020,BMI,IL,AGL,CE,Federal Contract Tower,12,4,14,0,30,0,0,5,0,5,12,4,19,0,35,0,0,0,35
09/12/2020,BMI,IL,AGL,CE,Federal Contract Tower,7,4,4,0,15,0,0,1,0,1,7,4,5,0,16,0,0,0,16
09/13/2020,BMI,IL,AGL,CE,Federal Contract Tower,8,3,11,0,22,0,0,29,0,29,8,3,40,0,51,44,0,44,95
09/14/2020,BMI,IL,AGL,CE,Federal Contract Tower,10,7,13,0,30,0,0,38,0,38,10,7,51,0,68,48,0,48,116
09/15/2020,BMI,IL,AGL,CE,Federal Contract Tower,8,4,10,0,22,0,0,41,0,41,8,4,51,0,63,78,8,86,149
09/16/2020,BMI,IL,AGL,CE,Federal Contract Tower,8,1,9,1,19,0,0,26,0,26,8,1,35,1,45,44,0,44,89
09/17/2020,BMI,IL,AGL,CE,Federal Contract Tower,9,4,14,0,27,0,0,24,2,26,9,4,38,2,53,46,0,46,99
09/18/2020,BMI,IL,AGL,CE,Federal Contract Tower,12,6,4,0,22,0,0,32,0,32,12,6,36,0,54,18,0,18,72
09/19/2020,BMI,IL,AGL,CE,Federal Contract Tower,7,2,4,0,13,0,0,58,0,58,7,2,62,0,71,40,0,40,111
09/20/2020,BMI,IL,AGL,CE,Federal Contract Tower,8,2,3,0,13,0,0,28,0,28,8,2,31,0,41,6,0,6,47
09/21/2020,BMI,IL,AGL,CE,Federal Contract Tower,11,4,13,0,28,0,0,40,0,40,11,4,53,0,68,52,0,52,120
09/22/2020,BMI,IL,AGL,CE,Federal Contract Tower,8,6,5,0,19,0,0,34,0,34,8,6,39,0,53,12,0,12,65
09/23/2020,BMI,IL,AGL,CE,Federal Contract Tower,8,1,12,0,21,0,0,28,0,28,8,1,40,0,49,32,0,32,81
09/24/2020,BMI,IL,AGL,CE,Federal Contract Tower,9,2,7,0,18,0,0,30,0,30,9,2,37,0,48,16,0,16,64
09/25/2020,BMI,IL,AGL,CE,Federal Contract Tower,12,2,2,3,19,0,0,34,2,36,12,2,36,5,55,22,0,22,77
09/26/2020,BMI,IL,AGL,CE,Federal Contract Tower,7,2,8,0,17,0,0,10,0,10,7,2,18,0,27,8,0,8,35
09/27/2020,BMI,IL,AGL,CE,Federal Contract Tower,8,2,4,0,14,0,0,12,0,12,8,2,16,0,26,0,0,0,26
09/28/2020,BMI,IL,AGL,CE,Federal Contract Tower,11,6,12,0,29,0,0,13,0,13,11,6,25,0,42,0,0,0,42
09/29/2020,BMI,IL,AGL,CE,Federal Contract Tower,8,2,6,1,17,0,0,20,0,20,8,2,26,1,37,16,4,20,57
09/30/2020,BMI,IL,AGL,CE,Federal Contract Tower,8,2,8,2,20,0,0,6,0,6,8,2,14,2,26,12,8,20,46
10/01/2020,BMI,IL,AGL,CE,Federal Contract Tower,10,2,9,0,21,0,0,9,0,9,10,2,18,0,30,0,0,0,30
10/02/2020,BMI,IL,AGL,CE,Federal Contract Tower,11,4,3,0,18,0,0,27,0,27,11,4,30,0,45,18,0,18,63
10/03/2020,BMI,IL,AGL,CE,Federal Contract Tower,6,2,9,0,17,0,0,25,2,27,6,2,34,2,44,36,12,48,92
10/04/2020,BMI,IL,AGL,CE,Federal Contract Tower,8,5,12,0,25,0,0,19,0,19,8,5,31,0,44,14,0,14,58
10/05/2020,BMI,IL,AGL,CE,Federal Contract Tower,11,4,12,1,28,0,0,23,0,23,11,4,35,1,51,20,10,30,81
10/06/2020,BMI,IL,AGL,CE,Federal Contract Tower,7,2,7,0,16,0,0,32,0,32,7,2,39,0,48,16,0,16,64
10/07/2020,BMI,IL,AGL,CE,Federal Contract Tower,7,0,10,0,17,0,0,19,0,19,7,0,29,0,36,4,0,4,40
10/08/2020,BMI,IL,AGL,CE,Federal Contract Tower,9,3,9,0,21,0,0,43,2,45,9,3,52,2,66,34,0,34,100
10/09/2020,BMI,IL,AGL,CE,Federal Contract Tower,12,2,11,0,25,0,0,18,0,18,12,2,29,0,43,16,0,16,59
10/10/2020,BMI,IL,AGL,CE,Federal Contract Tower,7,2,4,0,13,0,0,25,0,25,7,2,29,0,38,22,0,22,60
10/11/2020,BMI,IL,AGL,CE,Federal Contract Tower,8,4,11,0,23,0,0,31,0,31,8,4,42,0,54,0,0,0,54
10/12/2020,BMI,IL,AGL,CE,Federal Contract Tower,13,3,15,0,31,0,0,5,0,5,13,3,20,0,36,0,0,0,36
10/13/2020,BMI,IL,AGL,CE,Federal Contract Tower,7,2,17,0,26,0,0,8,0,8,7,2,25,0,34,10,28,38,72
10/14/2020,BMI,IL,AGL,CE,Federal Contract Tower,7,3,9,0,19,0,0,5,0,5,7,3,14,0,24,2,0,2,26
10/15/2020,BMI,IL,AGL,CE,Federal Contract Tower,8,6,13,1,28,0,0,18,0,18,8,6,31,1,46,2,2,4,50
10/16/2020,BMI,IL,AGL,CE,Federal Contract Tower,13,8,7,1,29,0,0,15,0,15,13,8,22,1,44,8,2,10,54
10/17/2020,BMI,IL,AGL,CE,Federal Contract Tower,7,6,6,0,19,0,0,14,2,16,7,6,20,2,35,8,0,8,43
10/18/2020,BMI,IL,AGL,CE,Federal Contract Tower,8,5,9,0,22,0,0,5,0,5,8,5,14,0,27,0,0,0,27
10/19/2020,BMI,IL,AGL,CE,Federal Contract Tower,10,7,5,0,22,0,0,15,0,15,10,7,20,0,37,30,0,30,67
10/20/2020,BMI,IL,AGL,CE,Federal Contract Tower,7,5,6,2,20,0,0,8,0,8,7,5,14,2,28,26,0,26,54
10/21/2020,BMI,IL,AGL,CE,Federal Contract Tower,7,2,17,0,26,0,0,4,0,4,7,2,21,0,30,0,0,0,30
10/22/2020,BMI,IL,AGL,CE,Federal Contract Tower,9,5,22,2,38,0,0,18,0,18,9,5,40,2,56,20,16,36,92
10/23/2020,BMI,IL,AGL,CE,Federal Contract Tower,11,6,3,0,20,0,0,1,0,1,11,6,4,0,21,0,0,0,21
10/24/2020,BMI,IL,AGL,CE,Federal Contract Tower,6,2,12,0,20,0,0,43,0,43,6,2,55,0,63,8,0,8,71
10/25/2020,BMI,IL,AGL,CE,Federal Contract Tower,8,4,3,0,15,0,0,18,0,18,8,4,21,0,33,10,0,10,43
10/26/2020,BMI,IL,AGL,CE,Federal Contract Tower,11,6,10,2,29,0,0,0,0,0,11,6,10,2,29,0,0,0,29
10/27/2020,BMI,IL,AGL,CE,Federal Contract Tower,7,2,10,0,19,0,0,0,0,0,7,2,10,0,19,0,0,0,19
10/28/2020,BMI,IL,AGL,CE,Federal Contract Tower,7,4,16,0,27,0,0,20,0,20,7,4,36,0,47,38,0,38,85
10/29/2020,BMI,IL,AGL,CE,Federal Contract Tower,9,5,7,0,21,0,0,27,0,27,9,5,34,0,48,4,0,4,52
10/30/2020,BMI,IL,AGL,CE,Federal Contract Tower,11,5,8,1,25,0,0,40,0,40,11,5,48,1,65,18,0,18,83
10/31/2020,BMI,IL,AGL,CE,Federal Contract Tower,7,0,4,0,11,0,0,17,0,17,7,0,21,0,28,2,0,2,30
11/01/2020,BMI,IL,AGL,CE,Federal Contract Tower,8,7,10,0,25,0,0,0,0,0,8,7,10,0,25,2,0,2,27
11/02/2020,BMI,IL,AGL,CE,Federal Contract Tower,11,4,12,0,27,0,0,19,0,19,11,4,31,0,46,28,0,28,74
11/03/2020,BMI,IL,AGL,CE,Federal Contract Tower,7,1,16,0,24,0,0,46,0,46,7,1,62,0,70,14,6,20,90
11/04/2020,BMI,IL,AGL,CE,Federal Contract Tower,7,6,13,2,28,0,0,28,0,28,7,6,41,2,56,14,16,30,86
11/05/2020,BMI,IL,AGL,CE,Federal Contract Tower,9,4,17,0,30,0,0,31,0,31,9,4,48,0,61,26,0,26,87
11/06/2020,BMI,IL,AGL,CE,Federal Contract Tower,10,4,7,0,21,0,0,22,0,22,10,4,29,0,43,36,0,36,79
11/07/2020,BMI,IL,AGL,CE,Federal Contract Tower,6,3,8,0,17,0,0,45,0,45,6,3,53,0,62,16,4,20,82
11/08/2020,BMI,IL,AGL,CE,Federal Contract Tower,8,4,11,0,23,0,0,16,0,16,8,4,27,0,39,18,0,18,57
11/09/2020,BMI,IL,AGL,CE,Federal Contract Tower,8,6,17,2,33,0,2,3,0,5,8,8,20,2,38,0,24,24,62
11/10/2020,BMI,IL,AGL,CE,Federal Contract Tower,7,0,13,0,20,0,0,3,0,3,7,0,16,0,23,0,0,0,23
11/11/2020,BMI,IL,AGL,CE,Federal Contract Tower,7,8,17,0,32,0,0,27,0,27,7,8,44,0,59,14,0,14,73
11/12/2020,BMI,IL,AGL,CE,Federal Contract Tower,8,4,9,2,23,0,0,53,0,53,8,4,62,2,76,22,0,22,98
11/13/2020,BMI,IL,AGL,CE,Federal Contract Tower,9,5,4,0,18,0,0,36,0,36,9,5,40,0,54,26,0,26,80
11/14/2020,BMI,IL,AGL,CE,Federal Contract Tower,6,0,1,0,7,0,0,1,0,1,6,0,2,0,8,0,0,0,8
11/15/2020,BMI,IL,AGL,CE,Federal Contract Tower,8,4,7,0,19,0,0,3,0,3,8,4,10,0,22,0,0,0,22
11/16/2020,BMI,IL,AGL,CE,Federal Contract Tower,9,7,9,0,25,0,0,14,0,14,9,7,23,0,39,4,0,4,43
11/17/2020,BMI,IL,AGL,CE,Federal Contract Tower,6,0,11,0,17,0,0,16,0,16,6,0,27,0,33,20,14,34,67
11/18/2020,BMI,IL,AGL,CE,Federal Contract Tower,7,4,2,0,13,0,0,8,0,8,7,4,10,0,21,0,0,0,21
11/19/2020,BMI,IL,AGL,CE,Federal Contract Tower,9,4,3,0,16,0,0,5,0,5,9,4,8,0,21,0,0,0,21
11/20/2020,BMI,IL,AGL,CE,Federal Contract Tower,11,5,12,3,31,0,0,20,0,20,11,5,32,3,51,32,16,48,99
11/21/2020,BMI,IL,AGL,CE,Federal Contract Tower,9,0,7,0,16,0,0,30,0,30,9,0,37,0,46,52,0,52,98
11/22/2020,BMI,IL,AGL,CE,Federal Contract Tower,8,4,10,0,22,0,0,5,0,5,8,4,15,0,27,10,0,10,37
11/23/2020,BMI,IL,AGL,CE,Federal Contract Tower,10,2,6,1,19,0,0,26,1,27,10,2,32,2,46,32,2,34,80
11/24/2020,BMI,IL,AGL,CE,Federal Contract Tower,9,9,9,0,27,0,0,1,0,1,9,9,10,0,28,0,0,0,28
11/25/2020,BMI,IL,AGL,CE,Federal Contract Tower,10,4,12,0,26,0,0,0,0,0,10,4,12,0,26,0,0,0,26
11/26/2020,BMI,IL,AGL,CE,Federal Contract Tower,2,0,9,0,11,0,0,4,0,4,2,0,13,0,15,0,0,0,15
11/27/2020,BMI,IL,AGL,CE,Federal Contract Tower,9,0,14,0,23,0,0,23,0,23,9,0,37,0,46,20,0,20,66
11/28/2020,BMI,IL,AGL,CE,Federal Contract Tower,11,2,6,0,19,0,0,46,1,47,11,2,52,1,66,42,0,42,108
11/29/2020,BMI,IL,AGL,CE,Federal Contract Tower,9,4,13,0,26,0,0,31,0,31,9,4,44,0,57,22,0,22,79
11/30/2020,BMI,IL,AGL,CE,Federal Contract Tower,9,5,11,0,25,0,0,12,0,12,9,5,23,0,37,16,0,16,53
12/01/2020,BMI,IL,AGL,CE,Federal Contract Tower,8,0,7,0,15,0,0,24,0,24,8,0,31,0,39,20,0,20,59
12/02/2020,BMI,IL,AGL,CE,Federal Contract Tower,8,5,8,0,21,0,0,35,2,37,8,5,43,2,58,30,0,30,88
12/03/2020,BMI,IL,AGL,CE,Federal Contract Tower,10,10,5,0,25,0,0,22,0,22,10,10,27,0,47,10,6,16,63
12/04/2020,BMI,IL,AGL,CE,Federal Contract Tower,6,7,7,1,21,0,0,39,0,39,6,7,46,1,60,20,0,20,80
12/05/2020,BMI,IL,AGL,CE,Federal Contract Tower,6,2,4,0,12,0,0,31,0,31,6,2,35,0,43,6,0,6,49
12/06/2020,BMI,IL,AGL,CE,Federal Contract Tower,8,7,3,0,18,0,0,12,0,12,8,7,15,0,30,16,0,16,46
12/07/2020,BMI,IL,AGL,CE,Federal Contract Tower,8,7,3,0,18,0,0,13,0,13,8,7,16,0,31,6,0,6,37
12/08/2020,BMI,IL,AGL,CE,Federal Contract Tower,7,0,9,0,16,0,0,0,0,0,7,0,9,0,16,0,0,0,16
12/09/2020,BMI,IL,AGL,CE,Federal Contract Tower,7,6,9,0,22,0,0,32,0,32,7,6,41,0,54,8,0,8,62
12/10/2020,BMI,IL,AGL,CE,Federal Contract Tower,9,4,8,0,21,0,0,26,0,26,9,4,34,0,47,20,0,20,67
12/11/2020,BMI,IL,AGL,CE,Federal Contract Tower,8,7,2,0,17,0,0,9,0,9,8,7,11,0,26,14,0,14,40
12/12/2020,BMI,IL,AGL,CE,Federal Contract Tower,6,3,4,0,13,0,0,0,0,0,6,3,4,0,13,0,0,0,13
12/13/2020,BMI,IL,AGL,CE,Federal Contract Tower,8,4,9,0,21,0,0,16,2,18,8,4,25,2,39,36,0,36,75
12/14/2020,BMI,IL,AGL,CE,Federal Contract Tower,8,9,9,0,26,0,0,36,0,36,8,9,45,0,62,36,0,36,98
12/15/2020,BMI,IL,AGL,CE,Federal Contract Tower,8,0,10,0,18,0,0,21,4,25,8,0,31,4,43,2,0,2,45
12/16/2020,BMI,IL,AGL,CE,Federal Contract Tower,9,9,12,2,32,0,0,0,0,0,9,9,12,2,32,0,0,0,32
12/17/2020,BMI,IL,AGL,CE,Federal Contract Tower,11,13,12,0,36,0,0,8,5,13,11,13,20,5,49,2,0,2,51
12/18/2020,BMI,IL,AGL,CE,Federal Contract Tower,10,8,15,0,33,0,0,20,0,20,10,8,35,0,53,54,0,54,107
12/19/2020,BMI,IL,AGL,CE,Federal Contract Tower,6,3,7,0,16,0,0,20,0,20,6,3,27,0,36,4,0,4,40
12/20/2020,BMI,IL,AGL,CE,Federal Contract Tower,10,2,11,0,23,0,0,11,0,11,10,2,22,0,34,8,0,8,42
12/21/2020,BMI,IL,AGL,CE,Federal Contract Tower,10,4,2,0,16,0,0,6,0,6,10,4,8,0,22,2,0,2,24
12/22/2020,BMI,IL,AGL,CE,Federal Contract Tower,9,3,5,0,17,0,0,40,1,41,9,3,45,1,58,14,6,20,78
12/23/2020,BMI,IL,AGL,CE,Federal Contract Tower,11,2,8,0,21,0,0,4,0,4,11,2,12,0,25,0,0,0,25
12/24/2020,BMI,IL,AGL,CE,Federal Contract Tower,9,0,4,0,13,0,0,0,0,0,9,0,4,0,13,0,0,0,13
12/25/2020,BMI,IL,AGL,CE,Federal Contract Tower,6,0,1,0,7,0,0,9,0,9,6,0,10,0,16,2,0,2,18
12/26/2020,BMI,IL,AGL,CE,Federal Contract Tower,7,2,9,0,18,0,0,31,0,31,7,2,40,0,49,16,0,16,65
12/27/2020,BMI,IL,AGL,CE,Federal Contract Tower,12,4,8,0,24,0,0,15,0,15,12,4,23,0,39,2,0,2,41
12/28/2020,BMI,IL,AGL,CE,Federal Contract Tower,11,7,7,0,25,0,0,7,0,7,11,7,14,0,32,6,0,6,38
12/29/2020,BMI,IL,AGL,CE,Federal Contract Tower,12,4,9,0,25,0,0,15,0,15,12,4,24,0,40,20,0,20,60
12/30/2020,BMI,IL,AGL,CE,Federal Contract Tower,12,2,9,0,23,0,0,6,0,6,12,2,15,0,29,0,0,0,29
12/31/2020,BMI,IL,AGL,CE,Federal Contract Tower,9,0,9,0,18,0,0,4,0,4,9,0,13,0,22,0,0,0,22
01/01/2021,BMI,IL,AGL,CE,Federal Contract Tower,3,0,0,0,3,0,0,0,0,0,3,0,0,0,3,0,0,0,3
01/02/2021,BMI,IL,AGL,CE,Federal Contract Tower,8,3,5,0,16,0,0,0,0,0,8,3,5,0,16,0,0,0,16
01/03/2021,BMI,IL,AGL,CE,Federal Contract Tower,11,7,2,0,20,0,0,0,0,0,11,7,2,0,20,0,0,0,20
01/04/2021,BMI,IL,AGL,CE,Federal Contract Tower,14,4,5,0,23,0,0,0,0,0,14,4,5,0,23,0,0,0,23
01/05/2021,BMI,IL,AGL,CE,Federal Contract Tower,10,1,10,0,21,0,0,0,0,0,10,1,10,0,21,0,0,0,21
01/06/2021,BMI,IL,AGL,CE,Federal Contract Tower,9,2,8,0,19,0,0,2,0,2,9,2,10,0,21,0,0,0,21
01/07/2021,BMI,IL,AGL,CE,Federal Contract Tower,12,4,7,0,23,0,0,30,1,31,12,4,37,1,54,36,0,36,90
01/08/2021,BMI,IL,AGL,CE,Federal Contract Tower,11,9,5,0,25,0,0,6,0,6,11,9,11,0,31,0,0,0,31
01/09/2021,BMI,IL,AGL,CE,Federal Contract Tower,7,3,4,0,14,0,0,12,0,12,7,3,16,0,26,18,0,18,44
01/10/2021,BMI,IL,AGL,CE,Federal Contract Tower,10,7,7,0,24,0,0,0,0,0,10,7,7,0,24,0,0,0,24
01/11/2021,BMI,IL,AGL,CE,Federal Contract Tower,10,5,8,0,23,0,0,1,0,1,10,5,9,0,24,0,0,0,24
01/12/2021,BMI,IL,AGL,CE,Federal Contract Tower,11,0,5,1,17,0,0,24,0,24,11,0,29,1,41,33,0,33,74
01/13/2021,BMI,IL,AGL,CE,Federal Contract Tower,9,6,10,0,25,0,0,25,2,27,9,6,35,2,52,4,0,4,56
01/14/2021,BMI,IL,AGL,CE,Federal Contract Tower,13,6,19,0,38,0,0,13,0,13,13,6,32,0,51,0,0,0,51
01/15/2021,BMI,IL,AGL,CE,Federal Contract Tower,10,7,11,0,28,0,0,0,0,0,10,7,11,0,28,0,0,0,28
01/16/2021,BMI,IL,AGL,CE,Federal Contract Tower,8,4,6,0,18,0,0,0,0,0,8,4,6,0,18,0,0,0,18
01/17/2021,BMI,IL,AGL,CE,Federal Contract Tower,9,3,2,0,14,0,0,0,0,0,9,3,2,0,14,0,0,0,14
01/18/2021,BMI,IL,AGL,CE,Federal Contract Tower,11,4,6,0,21,0,0,6,0,6,11,4,12,0,27,35,0,35,62
01/19/2021,BMI,IL,AGL,CE,Federal Contract Tower,9,1,14,0,24,0,0,19,0,19,9,1,33,0,43,2,0,2,45
01/20/2021,BMI,IL,AGL,CE,Federal Contract Tower,9,3,5,0,17,0,0,20,0,20,9,3,25,0,37,6,0,6,43
01/21/2021,BMI,IL,AGL,CE,Federal Contract Tower,10,4,8,0,22,0,0,16,0,16,10,4,24,0,38,0,0,0,38
01/22/2021,BMI,IL,AGL,CE,Federal Contract Tower,11,7,7,0,25,0,0,24,0,24,11,7,31,0,49,6,0,6,55
01/23/2021,BMI,IL,AGL,CE,Federal Contract Tower,7,4,8,0,19,0,0,34,0,34,7,4,42,0,53,20,0,20,73
01/24/2021,BMI,IL,AGL,CE,Federal Contract Tower,11,2,6,0,19,0,0,6,0,6,11,2,12,0,25,10,0,10,35
01/25/2021,BMI,IL,AGL,CE,Federal Contract Tower,10,3,5,0,18,0,0,0,0,0,10,3,5,0,18,0,0,0,18
01/26/2021,BMI,IL,AGL,CE,Federal Contract Tower,11,2,9,0,22,0,0,0,0,0,11,2,9,0,22,0,0,0,22
01/27/2021,BMI,IL,AGL,CE,Federal Contract Tower,6,6,5,0,17,0,0,7,0,7,6,6,12,0,24,2,0,2,26
01/28/2021,BMI,IL,AGL,CE,Federal Contract Tower,14,9,3,0,26,0,0,35,0,35,14,9,38,0,61,4,8,12,73
01/29/2021,BMI,IL,AGL,CE,Federal Contract Tower,12,4,3,0,19,0,0,32,0,32,12,4,35,0,51,45,0,45,96
01/30/2021,BMI,IL,AGL,CE,Federal Contract Tower,7,3,2,0,12,0,0,2,0,2,7,3,4,0,14,0,0,0,14
01/31/2021,BMI,IL,AGL,CE,Federal Contract Tower,11,1,2,0,14,0,0,0,0,0,11,1,2,0,14,0,0,0,14
02/01/2021,BMI,IL,AGL,CE,Federal Contract Tower,11,5,3,0,19,0,0,9,0,9,11,5,12,0,28,4,0,4,32
02/02/2021,BMI,IL,AGL,CE,Federal Contract Tower,10,0,9,0,19,0,0,15,0,15,10,0,24,0,34,2,12,14,48
02/03/2021,BMI,IL,AGL,CE,Federal Contract Tower,8,2,10,0,20,0,0,7,2,9,8,2,17,2,29,2,0,2,31
02/04/2021,BMI,IL,AGL,CE,Federal Contract Tower,13,4,3,0,20,0,0,2,0,2,13,4,5,0,22,0,0,0,22
02/05/2021,BMI,IL,AGL,CE,Federal Contract Tower,12,5,2,0,19,0,0,6,0,6,12,5,8,0,25,0,0,0,25
02/06/2021,BMI,IL,AGL,CE,Federal Contract Tower,8,3,5,0,16,0,0,9,0,9,8,3,14,0,25,12,0,12,37
02/07/2021,BMI,IL,AGL,CE,Federal Contract Tower,11,4,8,0,23,0,0,11,0,11,11,4,19,0,34,22,0,22,56
02/08/2021,BMI,IL,AGL,CE,Federal Contract Tower,10,5,8,0,23,0,0,1,0,1,10,5,9,0,24,0,0,0,24
02/09/2021,BMI,IL,AGL,CE,Federal Contract Tower,9,1,9,0,19,0,0,13,0,13,9,1,22,0,32,4,6,10,42
02/10/2021,BMI,IL,AGL,CE,Federal Contract Tower,6,0,2,0,8,0,0,0,0,0,6,0,2,0,8,0,0,0,8
02/11/2021,BMI,IL,AGL,CE,Federal Contract Tower,11,4,8,0,23,0,0,8,0,8,11,4,16,0,31,0,0,0,31
02/12/2021,BMI,IL,AGL,CE,Federal Contract Tower,15,3,5,0,23,0,0,7,0,7,15,3,12,0,30,8,0,8,38
02/13/2021,BMI,IL,AGL,CE,Federal Contract Tower,9,2,2,0,13,0,0,0,0,0,9,2,2,0,13,0,0,0,13
02/14/2021,BMI,IL,AGL,CE,Federal Contract Tower,10,0,9,0,19,0,0,4,0,4,10,0,13,0,23,0,0,0,23
02/15/2021,BMI,IL,AGL,CE,Federal Contract Tower,6,3,5,0,14,0,0,0,0,0,6,3,5,0,14,0,0,0,14
02/16/2021,BMI,IL,AGL,CE,Federal Contract Tower,10,0,2,2,14,0,0,14,0,14,10,0,16,2,28,2,4,6,34
02/17/2021,BMI,IL,AGL,CE,Federal Contract Tower,9,0,6,1,16,0,0,8,0,8,9,0,14,1,24,2,0,2,26
02/18/2021,BMI,IL,AGL,CE,Federal Contract Tower,12,7,7,0,26,0,0,2,0,2,12,7,9,0,28,0,0,0,28
02/19/2021,BMI,IL,AGL,CE,Federal Contract Tower,9,5,10,0,24,0,0,12,0,12,9,5,22,0,36,20,0,20,56
02/20/2021,BMI,IL,AGL,CE,Federal Contract Tower,10,5,5,0,20,0,0,8,0,8,10,5,13,0,28,18,0,18,46
02/21/2021,BMI,IL,AGL,CE,Federal Contract Tower,12,5,3,0,20,0,0,1,0,1,12,5,4,0,21,0,0,0,21
02/22/2021,BMI,IL,AGL,CE,Federal Contract Tower,12,4,12,0,28,0,0,3,0,3,12,4,15,0,31,0,0,0,31
02/23/2021,BMI,IL,AGL,CE,Federal Contract Tower,12,0,11,1,24,0,0,30,0,30,12,0,41,1,54,12,0,12,66
02/24/2021,BMI,IL,AGL,CE,Federal Contract Tower,10,2,4,0,16,0,0,20,2,22,10,2,24,2,38,14,0,14,52
02/25/2021,BMI,IL,AGL,CE,Federal Contract Tower,18,1,11,1,31,0,0,25,1,26,18,1,36,2,57,16,0,16,73
02/26/2021,BMI,IL,AGL,CE,Federal Contract Tower,14,4,12,0,30,0,0,25,0,25,14,4,37,0,55,14,0,14,69
02/27/2021,BMI,IL,AGL,CE,Federal Contract Tower,10,3,6,0,19,0,0,38,0,38,10,3,44,0,57,16,0,16,73
02/28/2021,BMI,IL,AGL,CE,Federal Contract Tower,13,4,8,0,25,0,0,5,0,5,13,4,13,0,30,0,0,0,30
03/01/2021,BMI,IL,AGL,CE,Federal Contract Tower,11,7,16,0,34,0,0,27,0,27,11,7,43,0,61,6,4,10,71
03/02/2021,BMI,IL,AGL,CE,Federal Contract Tower,12,0,2,0,14,0,0,14,0,14,12,0,16,0,28,18,8,26,54
03/03/2021,BMI,IL,AGL,CE,Federal Contract Tower,10,0,6,0,16,0,0,23,0,23,10,0,29,0,39,6,0,6,45
03/04/2021,BMI,IL,AGL,CE,Federal Contract Tower,16,2,8,0,26,0,0,13,0,13,16,2,21,0,39,24,2,26,65
03/05/2021,BMI,IL,AGL,CE,Federal Contract Tower,12,6,2,1,21,0,0,38,2,40,12,6,40,3,61,20,8,28,89
03/06/2021,BMI,IL,AGL,CE,Federal Contract Tower,10,2,4,0,16,0,0,39,0,39,10,2,43,0,55,20,0,20,75
03/07/2021,BMI,IL,AGL,CE,Federal Contract Tower,12,7,8,0,27,0,0,16,0,16,12,7,24,0,43,4,0,4,47
03/08/2021,BMI,IL,AGL,CE,Federal Contract Tower,13,7,10,0,30,0,0,10,0,10,13,7,20,0,40,4,0,4,44
03/09/2021,BMI,IL,AGL,CE,Federal Contract Tower,12,4,15,3,34,0,0,22,1,23,12,4,37,4,57,8,4,12,69
03/10/2021,BMI,IL,AGL,CE,Federal Contract Tower,10,4,9,0,23,0,0,7,0,7,10,4,16,0,30,4,0,4,34
03/11/2021,BMI,IL,AGL,CE,Federal Contract Tower,14,4,4,0,22,0,0,11,2,13,14,4,15,2,35,18,2,20,55
03/12/2021,BMI,IL,AGL,CE,Federal Contract Tower,13,4,12,1,30,0,0,28,0,28,13,4,40,1,58,24,2,26,84
03/13/2021,BMI,IL,AGL,CE,Federal Contract Tower,13,2,2,0,17,0,0,34,4,38,13,2,36,4,55,34,0,34,89
03/14/2021,BMI,IL,AGL,CE,Federal Contract Tower,13,2,3,0,18,0,0,2,0,2,13,2,5,0,20,10,4,14,34
03/15/2021,BMI,IL,AGL,CE,Federal Contract Tower,12,2,10,0,24,0,0,0,0,0,12,2,10,0,24,0,0,0,24
03/16/2021,BMI,IL,AGL,CE,Federal Contract Tower,13,4,10,0,27,0,0,0,0,0,13,4,10,0,27,0,0,0,27
03/17/2021,BMI,IL,AGL,CE,Federal Contract Tower,11,2,6,0,19,0,0,0,0,0,11,2,6,0,19,0,0,0,19
03/18/2021,BMI,IL,AGL,CE,Federal Contract Tower,14,5,1,0,20,0,0,0,0,0,14,5,1,0,20,0,0,0,20
03/19/2021,BMI,IL,AGL,CE,Federal Contract Tower,16,2,15,0,33,0,0,32,2,34,16,2,47,2,67,18,0,18,85
03/20/2021,BMI,IL,AGL,CE,Federal Contract Tower,14,2,8,0,24,0,0,51,0,51,14,2,59,0,75,46,0,46,121
03/21/2021,BMI,IL,AGL,CE,Federal Contract Tower,12,4,10,0,26,0,0,21,0,21,12,4,31,0,47,22,0,22,69
03/22/2021,BMI,IL,AGL,CE,Federal Contract Tower,13,4,1,0,18,0,0,23,0,23,13,4,24,0,41,24,0,24,65
03/23/2021,BMI,IL,AGL,CE,Federal Contract Tower,13,4,3,2,22,0,0,2,0,2,13,4,5,2,24,12,0,12,36
03/24/2021,BMI,IL,AGL,CE,Federal Contract Tower,14,1,7,4,26,0,0,17,0,17,14,1,24,4,43,2,4,6,49
03/25/2021,BMI,IL,AGL,CE,Federal Contract Tower,12,4,15,0,31,0,0,4,2,6,12,4,19,2,37,0,4,4,41
03/26/2021,BMI,IL,AGL,CE,Federal Contract Tower,13,5,22,0,40,0,0,9,0,9,13,5,31,0,49,30,0,30,79
03/27/2021,BMI,IL,AGL,CE,Federal Contract Tower,12,2,8,0,22,0,0,8,0,8,12,2,16,0,30,10,0,10,40
03/28/2021,BMI,IL,AGL,CE,Federal Contract Tower,12,5,6,0,23,0,0,5,0,5,12,5,11,0,28,0,0,0,28
03/29/2021,BMI,IL,AGL,CE,Federal Contract Tower,12,4,13,0,29,0,0,20,0,20,12,4,33,0,49,24,0,24,73
03/30/2021,BMI,IL,AGL,CE,Federal Contract Tower,12,4,8,0,24,0,0,8,0,8,12,4,16,0,32,20,2,22,54
03/31/2021,BMI,IL,AGL,CE,Federal Contract Tower,10,2,17,2,31,0,0,19,0,19,10,2,36,2,50,34,4,38,88
04/01/2021,BMI,IL,AGL,CE,Federal Contract Tower,14,5,10,1,30,0,0,33,0,33,14,5,43,1,63,20,1,21,84
04/02/2021,BMI,IL,AGL,CE,Federal Contract Tower,14,6,7,0,27,0,0,46,0,46,14,6,53,0,73,66,0,66,139
04/03/2021,BMI,IL,AGL,CE,Federal Contract Tower,10,4,8,0,22,0,0,26,0,26,10,4,34,0,48,24,0,24,72
04/04/2021,BMI,IL,AGL,CE,Federal Contract Tower,11,6,8,0,25,0,0,31,0,31,11,6,39,0,56,20,0,20,76
04/05/2021,BMI,IL,AGL,CE,Federal Contract Tower,10,6,22,0,38,0,0,24,0,24,10,6,46,0,62,30,18,48,110
04/06/2021,BMI,IL,AGL,CE,Federal Contract Tower,11,3,9,0,23,0,0,23,1,24,11,3,32,1,47,12,8,20,67
04/07/2021,BMI,IL,AGL,CE,Federal Contract Tower,8,1,8,2,19,0,0,11,1,12,8,1,19,3,31,22,14,36,67
04/08/2021,BMI,IL,AGL,CE,Federal Contract Tower,13,2,6,0,21,0,0,7,0,7,13,2,13,0,28,42,0,42,70
04/09/2021,BMI,IL,AGL,CE,Federal Contract Tower,11,7,16,0,34,0,0,9,0,9,11,7,25,0,43,0,0,0,43
04/10/2021,BMI,IL,AGL,CE,Federal Contract Tower,9,2,4,0,15,0,0,9,0,9,9,2,13,0,24,10,0,10,34
04/11/2021,BMI,IL,AGL,CE,Federal Contract Tower,10,4,17,0,31,0,0,0,0,0,10,4,17,0,31,0,0,0,31
04/12/2021,BMI,IL,AGL,CE,Federal Contract Tower,12,4,15,1,32,0,0,34,0,34,12,4,49,1,66,32,10,42,108
04/13/2021,BMI,IL,AGL,CE,Federal Contract Tower,11,0,10,0,21,0,0,49,0,49,11,0,59,0,70,40,0,40,110
04/14/2021,BMI,IL,AGL,CE,Federal Contract Tower,11,2,9,0,22,0,0,21,0,21,11,2,30,0,43,20,0,20,63
04/15/2021,BMI,IL,AGL,CE,Federal Contract Tower,12,5,15,0,32,0,0,27,2,29,12,5,42,2,61,54,2,56,117
04/16/2021,BMI,IL,AGL,CE,Federal Contract Tower,15,3,15,2,35,0,0,38,0,38,15,3,53,2,73,42,0,42,115
04/17/2021,BMI,IL,AGL,CE,Federal Contract Tower,8,2,6,0,16,0,0,25,0,25,8,2,31,0,41,24,0,24,65
04/18/2021,BMI,IL,AGL,CE,Federal Contract Tower,11,4,8,0,23,0,0,12,0,12,11,4,20,0,35,8,0,8,43
04/19/2021,BMI,IL,AGL,CE,Federal Contract Tower,14,6,15,0,35,0,0,12,0,12,14,6,27,0,47,16,0,16,63
04/20/2021,BMI,IL,AGL,CE,Federal Contract Tower,8,1,4,0,13,0,0,0,0,0,8,1,4,0,13,0,0,0,13
04/21/2021,BMI,IL,AGL,CE,Federal Contract Tower,11,1,14,0,26,0,0,20,6,26,11,1,34,6,52,20,6,26,78
04/22/2021,BMI,IL,AGL,CE,Federal Contract Tower,11,3,11,0,25,0,0,33,0,33,11,3,44,0,58,28,2,30,88
04/23/2021,BMI,IL,AGL,CE,Federal Contract Tower,13,4,11,0,28,0,0,26,0,26,13,4,37,0,54,34,0,34,88
04/24/2021,BMI,IL,AGL,CE,Federal Contract Tower,9,2,6,0,17,0,0,8,0,8,9,2,14,0,25,12,0,12,37
04/25/2021,BMI,IL,AGL,CE,Federal Contract Tower,12,3,15,0,30,0,0,41,0,41,12,3,56,0,71,14,0,14,85
04/26/2021,BMI,IL,AGL,CE,Federal Contract Tower,13,3,6,0,22,0,0,9,0,9,13,3,15,0,31,0,0,0,31
04/27/2021,BMI,IL,AGL,CE,Federal Contract Tower,11,1,6,0,18,0,0,18,0,18,11,1,24,0,36,32,0,32,68
04/28/2021,BMI,IL,AGL,CE,Federal Contract Tower,10,1,12,0,23,0,0,0,0,0,10,1,12,0,23,0,0,0,23
04/29/2021,BMI,IL,AGL,CE,Federal Contract Tower,12,3,15,2,32,0,0,14,0,14,12,3,29,2,46,16,0,16,62
04/30/2021,BMI,IL,AGL,CE,Federal Contract Tower,13,5,10,0,28,0,0,39,10,49,13,5,49,10,77,2,2,4,81
05/01/2021,BMI,IL,AGL,CE,Federal Contract Tower,9,2,5,4,20,0,0,14,0,14,9,2,19,4,34,20,0,20,54
05/02/2021,BMI,IL,AGL,CE,Federal Contract Tower,10,3,9,3,25,0,0,34,1,35,10,3,43,4,60,2,0,2,62
05/03/2021,BMI,IL,AGL,CE,Federal Contract Tower,12,4,16,0,32,0,0,1,0,1,12,4,17,0,33,0,0,0,33
05/04/2021,BMI,IL,AGL,CE,Federal Contract Tower,10,3,13,0,26,0,0,2,0,2,10,3,15,0,28,0,2,2,30
05/05/2021,BMI,IL,AGL,CE,Federal Contract Tower,16,0,11,0,27,0,0,40,4,44,16,0,51,4,71,28,0,28,99
05/06/2021,BMI,IL,AGL,CE,Federal Contract Tower,11,9,15,4,39,0,0,14,0,14,11,9,29,4,53,12,0,12,65
05/07/2021,BMI,IL,AGL,CE,Federal Contract Tower,14,8,7,2,31,0,0,29,1,30,14,8,36,3,61,8,0,8,69
05/08/2021,BMI,IL,AGL,CE,Federal Contract Tower,9,2,8,0,19,0,0,37,0,37,9,2,45,0,56,10,0,10,66
05/09/2021,BMI,IL,AGL,CE,Federal Contract Tower,9,5,6,0,20,0,0,2,0,2,9,5,8,0,22,0,0,0,22
05/10/2021,BMI,IL,AGL,CE,Federal Contract Tower,13,7,4,3,27,0,0,31,4,35,13,7,35,7,62,20,2,22,84
05/11/2021,BMI,IL,AGL,CE,Federal Contract Tower,8,4,14,1,27,0,0,27,0,27,8,4,41,1,54,42,0,42,96
05/12/2021,BMI,IL,AGL,CE,Federal Contract Tower,10,6,15,0,31,0,0,35,4,39,10,6,50,4,70,14,0,14,84
05/13/2021,BMI,IL,AGL,CE,Federal Contract Tower,11,4,8,0,23,0,0,51,0,51,11,4,59,0,74,26,0,26,100
05/14/2021,BMI,IL,AGL,CE,Federal Contract Tower,13,6,13,1,33,0,0,25,2,27,13,6,38,3,60,32,8,40,100
05/15/2021,BMI,IL,AGL,CE,Federal Contract Tower,8,3,9,0,20,0,0,5,0,5,8,3,14,0,25,8,0,8,33
05/16/2021,BMI,IL,AGL,CE,Federal Contract Tower,11,4,10,0,25,0,0,33,0,33,11,4,43,0,58,46,0,46,104
05/17/2021,BMI,IL,AGL,CE,Federal Contract Tower,13,6,10,0,29,0,0,0,0,0,13,6,10,0,29,0,0,0,29
05/18/2021,BMI,IL,AGL,CE,Federal Contract Tower,10,4,13,0,27,0,0,3,0,3,10,4,16,0,30,0,0,0,30
05/19/2021,BMI,IL,AGL,CE,Federal Contract Tower,10,6,9,0,25,0,0,7,0,7,10,6,16,0,32,0,0,0,32
05/20/2021,BMI,IL,AGL,CE,Federal Contract Tower,10,6,11,0,27,0,0,17,3,20,10,6,28,3,47,24,2,26,73
05/21/2021,BMI,IL,AGL,CE,Federal Contract Tower,15,8,11,0,34,0,0,25,0,25,15,8,36,0,59,34,0,34,93
05/22/2021,BMI,IL,AGL,CE,Federal Contract Tower,7,4,7,0,18,0,0,36,0,36,7,4,43,0,54,42,2,44,98
05/23/2021,BMI,IL,AGL,CE,Federal Contract Tower,11,5,8,0,24,0,0,25,0,25,11,5,33,0,49,36,0,36,85
05/24/2021,BMI,IL,AGL,CE,Federal Contract Tower,13,7,16,0,36,0,0,31,0,31,13,7,47,0,67,20,0,20,87
05/25/2021,BMI,IL,AGL,CE,Federal Contract Tower,8,5,12,0,25,0,0,20,1,21,8,5,32,1,46,10,0,10,56
05/26/2021,BMI,IL,AGL,CE,Federal Contract Tower,11,5,23,0,39,0,0,35,0,35,11,5,58,0,74,14,0,14,88
05/27/2021,BMI,IL,AGL,CE,Federal Contract Tower,10,6,15,0,31,0,0,10,0,10,10,6,25,0,41,8,0,8,49
05/28/2021,BMI,IL,AGL,CE,Federal Contract Tower,16,6,15,0,37,0,0,0,0,0,16,6,15,0,37,0,0,0,37
05/29/2021,BMI,IL,AGL,CE,Federal Contract Tower,8,3,10,0,21,0,0,26,0,26,8,3,36,0,47,3,0,3,50
05/30/2021,BMI,IL,AGL,CE,Federal Contract Tower,14,4,7,0,25,0,0,50,0,50,14,4,57,0,75,34,0,34,109
05/31/2021,BMI,IL,AGL,CE,Federal Contract Tower,10,6,11,0,27,0,0,28,0,28,10,6,39,0,55,22,0,22,77
06/01/2021,BMI,IL,AGL,CE,Federal Contract Tower,9,5,18,0,32,0,0,41,0,41,9,5,59,0,73,42,0,42,115
06/02/2021,BMI,IL,AGL,CE,Federal Contract Tower,8,5,12,0,25,0,0,36,0,36,8,5,48,0,61,40,0,40,101
06/03/2021,BMI,IL,AGL,CE,Federal Contract Tower,7,4,12,0,23,0,0,33,0,33,7,4,45,0,56,18,0,18,74
06/04/2021,BMI,IL,AGL,CE,Federal Contract Tower,14,6,19,0,39,0,0,43,0,43,14,6,62,0,82,2,0,2,84
06/05/2021,BMI,IL,AGL,CE,Federal Contract Tower,6,5,8,0,19,0,0,31,0,31,6,5,39,0,50,12,0,12,62
06/06/2021,BMI,IL,AGL,CE,Federal Contract Tower,9,4,9,0,22,0,0,20,0,20,9,4,29,0,42,28,0,28,70
06/07/2021,BMI,IL,AGL,CE,Federal Contract Tower,15,6,18,0,39,0,0,7,0,7,15,6,25,0,46,18,0,18,64
06/08/2021,BMI,IL,AGL,CE,Federal Contract Tower,9,10,5,0,24,0,0,27,2,29,9,10,32,2,53,28,0,28,81
06/09/2021,BMI,IL,AGL,CE,Federal Contract Tower,8,10,13,0,31,0,0,15,0,15,8,10,28,0,46,12,0,12,58
06/10/2021,BMI,IL,AGL,CE,Federal Contract Tower,10,7,16,1,34,0,0,20,1,21,10,7,36,2,55,38,10,48,103
06/11/2021,BMI,IL,AGL,CE,Federal Contract Tower,14,6,7,0,27,0,0,21,0,21,14,6,28,0,48,6,0,6,54
06/12/2021,BMI,IL,AGL,CE,Federal Contract Tower,5,4,5,0,14,0,0,69,0,69,5,4,74,0,83,34,0,34,117
06/13/2021,BMI,IL,AGL,CE,Federal Contract Tower,6,6,4,1,17,0,0,23,0,23,6,6,27,1,40,6,0,6,46
06/14/2021,BMI,IL,AGL,CE,Federal Contract Tower,13,7,22,0,42,0,0,21,0,21,13,7,43,0,63,6,0,6,69
06/15/2021,BMI,IL,AGL,CE,Federal Contract Tower,9,6,12,0,27,0,0,33,0,33,9,6,45,0,60,28,0,28,88
06/16/2021,BMI,IL,AGL,CE,Federal Contract Tower,8,8,19,0,35,0,0,39,0,39,8,8,58,0,74,16,0,16,90
06/17/2021,BMI,IL,AGL,CE,Federal Contract Tower,9,6,18,0,33,0,0,33,0,33,9,6,51,0,66,36,0,36,102
06/18/2021,BMI,IL,AGL,CE,Federal Contract Tower,15,9,17,0,41,0,0,9,0,9,15,9,26,0,50,16,0,16,66
06/19/2021,BMI,IL,AGL,CE,Federal Contract Tower,8,2,11,0,21,0,0,12,0,12,8,2,23,0,33,14,0,14,47
06/20/2021,BMI,IL,AGL,CE,Federal Contract Tower,7,6,14,0,27,0,0,16,0,16,7,6,30,0,43,24,0,24,67
06/21/2021,BMI,IL,AGL,CE,Federal Contract Tower,16,6,15,0,37,0,0,16,0,16,16,6,31,0,53,40,0,40,93
06/22/2021,BMI,IL,AGL,CE,Federal Contract Tower,13,9,1,0,23,0,0,30,0,30,13,9,31,0,53,24,0,24,77
06/23/2021,BMI,IL,AGL,CE,Federal Contract Tower,10,8,19,0,37,0,0,22,0,22,10,8,41,0,59,4,0,4,63
06/24/2021,BMI,IL,AGL,CE,Federal Contract Tower,9,4,18,0,31,0,0,4,0,4,9,4,22,0,35,14,0,14,49
06/25/2021,BMI,IL,AGL,CE,Federal Contract Tower,13,5,9,1,28,0,0,11,1,12,13,5,20,2,40,14,0,14,54
06/26/2021,BMI,IL,AGL,CE,Federal Contract Tower,6,8,5,0,19,0,0,2,0,2,6,8,7,0,21,0,0,0,21
06/27/2021,BMI,IL,AGL,CE,Federal Contract Tower,7,8,24,0,39,0,0,9,0,9,7,8,33,0,48,0,0,0,48
06/28/2021,BMI,IL,AGL,CE,Federal Contract Tower,14,8,15,0,37,0,1,8,0,9,14,9,23,0,46,10,0,10,56
06/29/2021,BMI,IL,AGL,CE,Federal Contract Tower,9,8,18,0,35,0,0,17,0,17,9,8,35,0,52,36,0,36,88
06/30/2021,BMI,IL,AGL,CE,Federal Contract Tower,7,8,15,0,30,0,0,6,0,6,7,8,21,0,36,8,0,8,44
07/01/2021,BMI,IL,AGL,CE,Federal Contract Tower,12,8,19,0,39,0,0,20,0,20,12,8,39,0,59,32,0,32,91
07/02/2021,BMI,IL,AGL,CE,Federal Contract Tower,14,6,13,0,33,0,0,40,0,40,14,6,53,0,73,28,0,28,101
07/03/2021,BMI,IL,AGL,CE,Federal Contract Tower,6,4,5,0,15,0,0,38,0,38,6,4,43,0,53,4,0,4,57
07/04/2021,BMI,IL,AGL,CE,Federal Contract Tower,7,4,4,0,15,0,0,25,0,25,7,4,29,0,40,10,0,10,50
07/05/2021,BMI,IL,AGL,CE,Federal Contract Tower,11,8,12,0,31,0,0,16,0,16,11,8,28,0,47,6,0,6,53
07/06/2021,BMI,IL,AGL,CE,Federal Contract Tower,12,8,8,2,30,0,0,34,1,35,12,8,42,3,65,38,8,46,111
07/07/2021,BMI,IL,AGL,CE,Federal Contract Tower,10,8,8,0,26,0,0,18,0,18,10,8,26,0,44,30,0,30,74
07/08/2021,BMI,IL,AGL,CE,Federal Contract Tower,11,6,19,0,36,0,0,5,1,6,11,6,24,1,42,16,2,18,60
07/09/2021,BMI,IL,AGL,CE,Federal Contract Tower,14,6,14,1,35,0,0,23,0,23,14,6,37,1,58,34,0,34,92
07/10/2021,BMI,IL,AGL,CE,Federal Contract Tower,6,4,10,0,20,0,0,2,0,2,6,4,12,0,22,6,0,6,28
07/11/2021,BMI,IL,AGL,CE,Federal Contract Tower,7,6,8,0,21,0,0,0,0,0,7,6,8,0,21,0,0,0,21
07/12/2021,BMI,IL,AGL,CE,Federal Contract Tower,16,5,9,0,30,0,0,0,0,0,16,5,9,0,30,0,0,0,30
07/13/2021,BMI,IL,AGL,CE,Federal Contract Tower,12,5,13,0,30,0,0,10,0,10,12,5,23,0,40,0,0,0,40
07/14/2021,BMI,IL,AGL,CE,Federal Contract Tower,11,7,14,0,32,0,0,30,0,30,11,7,44,0,62,60,0,60,122
07/15/2021,BMI,IL,AGL,CE,Federal Contract Tower,9,9,9,0,27,0,0,10,0,10,9,9,19,0,37,8,0,8,45
07/16/2021,BMI,IL,AGL,CE,Federal Contract Tower,15,9,14,0,38,0,0,0,0,0,15,9,14,0,38,0,0,0,38
07/17/2021,BMI,IL,AGL,CE,Federal Contract Tower,9,5,12,0,26,0,0,36,0,36,9,5,48,0,62,56,0,56,118
07/18/2021,BMI,IL,AGL,CE,Federal Contract Tower,8,3,13,0,24,0,0,18,0,18,8,3,31,0,42,4,0,4,46
07/19/2021,BMI,IL,AGL,CE,Federal Contract Tower,12,8,17,0,37,0,0,36,0,36,12,8,53,0,73,48,10,58,131
07/20/2021,BMI,IL,AGL,CE,Federal Contract Tower,10,11,16,0,37,0,0,40,0,40,10,11,56,0,77,46,0,46,123
07/21/2021,BMI,IL,AGL,CE,Federal Contract Tower,11,6,18,0,35,0,0,21,0,21,11,6,39,0,56,24,0,24,80
07/22/2021,BMI,IL,AGL,CE,Federal Contract Tower,9,6,12,0,27,0,0,30,0,30,9,6,42,0,57,30,0,30,87
07/23/2021,BMI,IL,AGL,CE,Federal Contract Tower,16,6,15,0,37,0,0,33,0,33,16,6,48,0,70,28,0,28,98
07/24/2021,BMI,IL,AGL,CE,Federal Contract Tower,7,3,9,2,21,0,0,37,0,37,7,3,46,2,58,8,0,8,66
07/25/2021,BMI,IL,AGL,CE,Federal Contract Tower,9,6,11,0,26,0,0,32,0,32,9,6,43,0,58,20,0,20,78
07/26/2021,BMI,IL,AGL,CE,Federal Contract Tower,12,6,17,0,35,0,0,32,0,32,12,6,49,0,67,18,0,18,85
07/27/2021,BMI,IL,AGL,CE,Federal Contract Tower,9,6,14,0,29,0,0,29,1,30,9,6,43,1,59,28,8,36,95
07/28/2021,BMI,IL,AGL,CE,Federal Contract Tower,12,5,6,0,23,0,0,29,0,29,12,5,35,0,52,28,0,28,80
07/29/2021,BMI,IL,AGL,CE,Federal Contract Tower,8,8,19,0,35,0,0,7,0,7,8,8,26,0,42,0,0,0,42
07/30/2021,BMI,IL,AGL,CE,Federal Contract Tower,17,8,26,0,51,0,0,41,0,41,17,8,67,0,92,18,0,18,110
07/31/2021,BMI,IL,AGL,CE,Federal Contract Tower,6,4,6,0,16,0,0,17,0,17,6,4,23,0,33,12,0,12,45
08/01/2021,BMI,IL,AGL,CE,Federal Contract Tower,7,6,14,0,27,0,0,32,0,32,7,6,46,0,59,42,0,42,101
08/02/2021,BMI,IL,AGL,CE,Federal Contract Tower,15,9,11,0,35,0,0,29,0,29,15,9,40,0,64,0,0,0,64
08/03/2021,BMI,IL,AGL,CE,Federal Contract Tower,10,6,17,0,33,0,0,31,0,31,10,6,48,0,64,30,2,32,96
08/04/2021,BMI,IL,AGL,CE,Federal Contract Tower,10,8,11,0,29,0,0,38,0,38,10,8,49,0,67,36,0,36,103
08/05/2021,BMI,IL,AGL,CE,Federal Contract Tower,9,13,7,0,29,0,0,32,0,32,9,13,39,0,61,46,0,46,107
08/06/2021,BMI,IL,AGL,CE,Federal Contract Tower,18,7,21,0,46,0,0,20,0,20,18,7,41,0,66,38,0,38,104
08/07/2021,BMI,IL,AGL,CE,Federal Contract Tower,7,6,8,1,22,0,0,26,0,26,7,6,34,1,48,4,0,4,52
08/08/2021,BMI,IL,AGL,CE,Federal Contract Tower,11,7,10,0,28,0,0,19,0,19,11,7,29,0,47,22,0,22,69
08/09/2021,BMI,IL,AGL,CE,Federal Contract Tower,13,7,14,0,34,0,0,7,0,7,13,7,21,0,41,16,0,16,57
08/10/2021,BMI,IL,AGL,CE,Federal Contract Tower,10,4,15,0,29,0,0,24,0,24,10,4,39,0,53,32,0,32,85
08/11/2021,BMI,IL,AGL,CE,Federal Contract Tower,9,5,15,0,29,0,0,7,0,7,9,5,22,0,36,8,0,8,44
08/12/2021,BMI,IL,AGL,CE,Federal Contract Tower,13,7,10,0,30,0,0,0,0,0,13,7,10,0,30,0,0,0,30
08/13/2021,BMI,IL,AGL,CE,Federal Contract Tower,17,7,11,0,35,0,0,37,2,39,17,7,48,2,74,38,0,38,112
08/14/2021,BMI,IL,AGL,CE,Federal Contract Tower,8,4,7,0,19,0,0,23,0,23,8,4,30,0,42,28,0,28,70
08/15/2021,BMI,IL,AGL,CE,Federal Contract Tower,11,8,9,0,28,0,0,31,0,31,11,8,40,0,59,32,0,32,91
08/16/2021,BMI,IL,AGL,CE,Federal Contract Tower,12,8,11,4,35,0,0,30,0,30,12,8,41,4,65,52,4,56,121
08/17/2021,BMI,IL,AGL,CE,Federal Contract Tower,7,10,13,0,30,0,0,18,2,20,7,10,31,2,50,2,0,2,52
08/18/2021,BMI,IL,AGL,CE,Federal Contract Tower,10,9,12,0,31,0,0,30,2,32,10,9,42,2,63,40,0,40,103
08/19/2021,BMI,IL,AGL,CE,Federal Contract Tower,13,3,26,0,42,0,0,10,6,16,13,3,36,6,58,8,4,12,70
08/20/2021,BMI,IL,AGL,CE,Federal Contract Tower,14,8,18,0,40,0,0,26,4,30,14,8,44,4,70,30,4,34,104
08/21/2021,BMI,IL,AGL,CE,Federal Contract Tower,8,5,13,0,26,0,0,11,0,11,8,5,24,0,37,0,0,0,37
08/22/2021,BMI,IL,AGL,CE,Federal Contract Tower,12,6,7,0,25,0,0,20,0,20,12,6,27,0,45,14,0,14,59
08/23/2021,BMI,IL,AGL,CE,Federal Contract Tower,13,5,4,0,22,0,0,15,0,15,13,5,19,0,37,30,0,30,67
08/24/2021,BMI,IL,AGL,CE,Federal Contract Tower,9,5,28,0,42,0,0,23,0,23,9,5,51,0,65,14,2,16,81
08/25/2021,BMI,IL,AGL,CE,Federal Contract Tower,10,6,28,0,44,0,0,19,0,19,10,6,47,0,63,30,0,30,93
08/26/2021,BMI,IL,AGL,CE,Federal Contract Tower,13,4,14,1,32,0,0,21,1,22,13,4,35,2,54,30,0,30,84
08/27/2021,BMI,IL,AGL,CE,Federal Contract Tower,14,6,7,0,27,0,0,30,0,30,14,6,37,0,57,38,0,38,95
08/28/2021,BMI,IL,AGL,CE,Federal Contract Tower,9,4,4,0,17,0,0,36,0,36,9,4,40,0,53,28,0,28,81
08/29/2021,BMI,IL,AGL,CE,Federal Contract Tower,10,5,8,0,23,0,0,16,0,16,10,5,24,0,39,16,0,16,55
08/30/2021,BMI,IL,AGL,CE,Federal Contract Tower,13,7,10,0,30,0,0,24,0,24,13,7,34,0,54,32,2,34,88
08/31/2021,BMI,IL,AGL,CE,Federal Contract Tower,11,4,11,0,26,0,0,13,0,13,11,4,24,0,39,32,2,34,73
09/01/2021,BMI,IL,AGL,CE,Federal Contract Tower,11,7,23,1,42,0,0,31,0,31,11,7,54,1,73,18,0,18,91
09/02/2021,BMI,IL,AGL,CE,Federal Contract Tower,11,6,13,0,30,0,0,28,5,33,11,6,41,5,63,16,6,22,85
09/03/2021,BMI,IL,AGL,CE,Federal Contract Tower,16,5,8,0,29,0,0,44,0,44,16,5,52,0,73,36,0,36,109
09/04/2021,BMI,IL,AGL,CE,Federal Contract Tower,9,5,11,0,25,0,0,4,0,4,9,5,15,0,29,0,0,0,29
09/05/2021,BMI,IL,AGL,CE,Federal Contract Tower,9,4,9,0,22,0,0,32,0,32,9,4,41,0,54,40,0,40,94
09/06/2021,BMI,IL,AGL,CE,Federal Contract Tower,12,5,6,0,23,0,0,33,0,33,12,5,39,0,56,32,0,32,88
09/07/2021,BMI,IL,AGL,CE,Federal Contract Tower,8,7,8,0,23,0,0,8,0,8,8,7,16,0,31,0,0,0,31
09/08/2021,BMI,IL,AGL,CE,Federal Contract Tower,13,2,11,0,26,0,0,28,0,28,13,2,39,0,54,42,0,42,96
09/09/2021,BMI,IL,AGL,CE,Federal Contract Tower,14,3,13,0,30,0,0,28,0,28,14,3,41,0,58,14,0,14,72
09/10/2021,BMI,IL,AGL,CE,Federal Contract Tower,17,5,21,0,43,0,0,44,0,44,17,5,65,0,87,14,0,14,101
09/11/2021,BMI,IL,AGL,CE,Federal Contract Tower,9,3,6,4,22,0,0,35,6,41,9,3,41,10,63,4,0,4,67
09/12/2021,BMI,IL,AGL,CE,Federal Contract Tower,11,3,9,0,23,0,0,29,0,29,11,3,38,0,52,28,0,28,80
09/13/2021,BMI,IL,AGL,CE,Federal Contract Tower,12,6,17,0,35,0,0,24,0,24,12,6,41,0,59,14,0,14,73
09/14/2021,BMI,IL,AGL,CE,Federal Contract Tower,12,3,10,1,26,0,0,27,0,27,12,3,37,1,53,18,0,18,71
09/15/2021,BMI,IL,AGL,CE,Federal Contract Tower,12,5,9,0,26,0,0,33,0,33,12,5,42,0,59,18,0,18,77
09/16/2021,BMI,IL,AGL,CE,Federal Contract Tower,14,6,16,0,36,0,0,35,0,35,14,6,51,0,71,8,0,8,79
09/17/2021,BMI,IL,AGL,CE,Federal Contract Tower,19,3,15,0,37,0,0,36,0,36,19,3,51,0,73,24,0,24,97
09/18/2021,BMI,IL,AGL,CE,Federal Contract Tower,9,3,3,0,15,0,0,40,0,40,9,3,43,0,55,20,0,20,75
09/19/2021,BMI,IL,AGL,CE,Federal Contract Tower,14,4,14,0,32,0,0,32,0,32,14,4,46,0,64,18,0,18,82
09/20/2021,BMI,IL,AGL,CE,Federal Contract Tower,13,5,22,0,40,0,0,16,0,16,13,5,38,0,56,28,0,28,84
09/21/2021,BMI,IL,AGL,CE,Federal Contract Tower,12,4,21,0,37,0,0,9,0,9,12,4,30,0,46,0,0,0,46
09/22/2021,BMI,IL,AGL,CE,Federal Contract Tower,16,3,14,0,33,0,0,15,0,15,16,3,29,0,48,0,0,0,48
09/23/2021,BMI,IL,AGL,CE,Federal Contract Tower,16,5,15,0,36,0,0,15,0,15,16,5,30,0,51,0,0,0,51
09/24/2021,BMI,IL,AGL,CE,Federal Contract Tower,17,5,13,0,35,0,0,14,0,14,17,5,27,0,49,8,0,8,57
09/25/2021,BMI,IL,AGL,CE,Federal Contract Tower,9,3,20,0,32,0,0,35,0,35,9,3,55,0,67,62,0,62,129
09/26/2021,BMI,IL,AGL,CE,Federal Contract Tower,14,3,17,0,34,0,0,25,0,25,14,3,42,0,59,12,0,12,71
09/27/2021,BMI,IL,AGL,CE,Federal Contract Tower,14,5,19,0,38,0,0,28,0,28,14,5,47,0,66,30,0,30,96
09/28/2021,BMI,IL,AGL,CE,Federal Contract Tower,10,3,18,0,31,0,0,25,0,25,10,3,43,0,56,10,0,10,66
09/29/2021,BMI,IL,AGL,CE,Federal Contract Tower,11,4,18,0,33,0,0,39,0,39,11,4,57,0,72,36,0,36,108
09/30/2021,BMI,IL,AGL,CE,Federal Contract Tower,14,4,21,0,39,0,0,30,0,30,14,4,51,0,69,50,0,50,119
10/01/2021,BMI,IL,AGL,CE,Federal Contract Tower,17,5,13,3,38,0,0,42,0,42,17,5,55,3,80,38,10,48,128
10/02/2021,BMI,IL,AGL,CE,Federal Contract Tower,9,3,10,0,22,0,0,0,0,0,9,3,10,0,22,0,0,0,22
10/03/2021,BMI,IL,AGL,CE,Federal Contract Tower,13,3,15,0,31,0,0,2,0,2,13,3,17,0,33,0,0,0,33
10/04/2021,BMI,IL,AGL,CE,Federal Contract Tower,13,5,24,0,42,0,0,6,0,6,13,5,30,0,48,4,0,4,52
10/05/2021,BMI,IL,AGL,CE,Federal Contract Tower,11,3,47,0,61,0,0,2,0,2,11,3,49,0,63,0,0,0,63
10/06/2021,BMI,IL,AGL,CE,Federal Contract Tower,13,6,15,0,34,0,0,0,0,0,13,6,15,0,34,0,0,0,34
10/07/2021,BMI,IL,AGL,CE,Federal Contract Tower,15,14,12,3,44,0,0,7,0,7,15,14,19,3,51,8,0,8,59
10/08/2021,BMI,IL,AGL,CE,Federal Contract Tower,14,4,25,0,43,0,0,20,0,20,14,4,45,0,63,2,0,2,65
10/09/2021,BMI,IL,AGL,CE,Federal Contract Tower,11,4,10,0,25,0,0,36,0,36,11,4,46,0,61,14,0,14,75
10/10/2021,BMI,IL,AGL,CE,Federal Contract Tower,13,4,10,0,27,0,0,15,0,15,13,4,25,0,42,10,0,10,52
10/11/2021,BMI,IL,AGL,CE,Federal Contract Tower,15,8,14,0,37,0,0,4,0,4,15,8,18,0,41,0,0,0,41
10/12/2021,BMI,IL,AGL,CE,Federal Contract Tower,12,4,26,0,42,0,0,22,0,22,12,4,48,0,64,6,0,6,70
10/13/2021,BMI,IL,AGL,CE,Federal Contract Tower,11,4,16,0,31,0,0,11,0,11,11,4,27,0,42,16,0,16,58
10/14/2021,BMI,IL,AGL,CE,Federal Contract Tower,13,7,17,0,37,0,0,13,0,13,13,7,30,0,50,6,0,6,56
10/15/2021,BMI,IL,AGL,CE,Federal Contract Tower,18,4,12,1,35,0,0,11,0,11,18,4,23,1,46,10,0,10,56
10/16/2021,BMI,IL,AGL,CE,Federal Contract Tower,10,3,16,0,29,0,0,46,0,46,10,3,62,0,75,28,0,28,103
10/17/2021,BMI,IL,AGL,CE,Federal Contract Tower,12,3,8,0,23,0,0,61,0,61,12,3,69,0,84,54,0,54,138
10/18/2021,BMI,IL,AGL,CE,Federal Contract Tower,13,5,6,0,24,0,0,35,0,35,13,5,41,0,59,44,0,44,103
10/19/2021,BMI,IL,AGL,CE,Federal Contract Tower,11,5,13,0,29,0,0,35,0,35,11,5,48,0,64,16,0,16,80
10/20/2021,BMI,IL,AGL,CE,Federal Contract Tower,11,6,3,2,22,0,0,18,0,18,11,6,21,2,40,30,4,34,74
10/21/2021,BMI,IL,AGL,CE,Federal Contract Tower,12,4,16,0,32,0,0,1,0,1,12,4,17,0,33,0,0,0,33
10/22/2021,BMI,IL,AGL,CE,Federal Contract Tower,17,4,8,0,29,0,0,21,0,21,17,4,29,0,50,24,0,24,74
10/23/2021,BMI,IL,AGL,CE,Federal Contract Tower,11,2,8,0,21,0,0,58,0,58,11,2,66,0,79,62,0,62,141
10/24/2021,BMI,IL,AGL,CE,Federal Contract Tower,10,2,5,0,17,0,0,0,0,0,10,2,5,0,17,0,0,0,17
10/25/2021,BMI,IL,AGL,CE,Federal Contract Tower,12,4,25,0,41,0,0,0,0,0,12,4,25,0,41,0,0,0,41
10/26/2021,BMI,IL,AGL,CE,Federal Contract Tower,12,7,17,0,36,0,0,36,0,36,12,7,53,0,72,20,0,20,92
10/27/2021,BMI,IL,AGL,CE,Federal Contract Tower,12,8,17,0,37,0,0,20,0,20,12,8,37,0,57,16,0,16,73
10/28/2021,BMI,IL,AGL,CE,Federal Contract Tower,12,6,22,0,40,0,0,0,0,0,12,6,22,0,40,0,0,0,40
10/29/2021,BMI,IL,AGL,CE,Federal Contract Tower,19,4,18,0,41,0,0,0,0,0,19,4,18,0,41,0,0,0,41
10/30/2021,BMI,IL,AGL,CE,Federal Contract Tower,9,3,15,0,27,0,0,9,0,9,9,3,24,0,36,2,0,2,38
10/31/2021,BMI,IL,AGL,CE,Federal Contract Tower,12,3,15,0,30,0,0,13,0,13,12,3,28,0,43,22,0,22,65
11/01/2021,BMI,IL,AGL,CE,Federal Contract Tower,17,4,10,0,31,0,0,21,0,21,17,4,31,0,52,24,0,24,76
11/02/2021,BMI,IL,AGL,CE,Federal Contract Tower,9,6,11,0,26,0,0,20,2,22,9,6,31,2,48,16,8,24,72
11/03/2021,BMI,IL,AGL,CE,Federal Contract Tower,9,7,16,1,33,0,0,38,2,40,9,7,54,3,73,48,6,54,127
11/04/2021,BMI,IL,AGL,CE,Federal Contract Tower,15,5,8,0,28,0,0,30,0,30,15,5,38,0,58,32,6,38,96
11/05/2021,BMI,IL,AGL,CE,Federal Contract Tower,11,7,14,0,32,0,0,34,0,34,11,7,48,0,66,36,0,36,102
11/06/2021,BMI,IL,AGL,CE,Federal Contract Tower,8,3,7,0,18,0,0,41,0,41,8,3,48,0,59,44,0,44,103
11/07/2021,BMI,IL,AGL,CE,Federal Contract Tower,11,6,12,0,29,0,0,28,0,28,11,6,40,0,57,12,0,12,69
11/08/2021,BMI,IL,AGL,CE,Federal Contract Tower,13,6,11,0,30,0,0,27,0,27,13,6,38,0,57,10,0,10,67
11/09/2021,BMI,IL,AGL,CE,Federal Contract Tower,9,6,10,1,26,0,0,8,0,8,9,6,18,1,34,14,2,16,50
11/10/2021,BMI,IL,AGL,CE,Federal Contract Tower,10,9,12,3,34,0,0,5,0,5,10,9,17,3,39,0,4,4,43
11/11/2021,BMI,IL,AGL,CE,Federal Contract Tower,12,8,10,0,30,0,0,9,1,10,12,8,19,1,40,26,0,26,66
11/12/2021,BMI,IL,AGL,CE,Federal Contract Tower,15,10,6,0,31,0,0,2,2,4,15,10,8,2,35,0,0,0,35
11/13/2021,BMI,IL,AGL,CE,Federal Contract Tower,8,4,3,0,15,0,0,2,0,2,8,4,5,0,17,0,0,0,17
11/14/2021,BMI,IL,AGL,CE,Federal Contract Tower,13,9,4,0,26,0,0,3,0,3,13,9,7,0,29,0,0,0,29
11/15/2021,BMI,IL,AGL,CE,Federal Contract Tower,10,8,9,0,27,0,0,22,0,22,10,8,31,0,49,32,0,32,81
11/16/2021,BMI,IL,AGL,CE,Federal Contract Tower,8,7,11,0,26,0,0,27,1,28,8,7,38,1,54,18,0,18,72
11/17/2021,BMI,IL,AGL,CE,Federal Contract Tower,7,9,18,0,34,0,0,4,0,4,7,9,22,0,38,0,0,0,38
11/18/2021,BMI,IL,AGL,CE,Federal Contract Tower,13,7,10,0,30,0,0,27,2,29,13,7,37,2,59,4,0,4,63
11/19/2021,BMI,IL,AGL,CE,Federal Contract Tower,14,6,8,0,28,0,0,33,0,33,14,6,41,0,61,50,0,50,111
11/20/2021,BMI,IL,AGL,CE,Federal Contract Tower,9,4,9,0,22,0,0,41,0,41,9,4,50,0,63,60,0,60,123
11/21/2021,BMI,IL,AGL,CE,Federal Contract Tower,11,6,11,0,28,0,0,17,0,17,11,6,28,0,45,10,0,10,55
11/22/2021,BMI,IL,AGL,CE,Federal Contract Tower,8,6,14,0,28,0,0,22,0,22,8,6,36,0,50,14,0,14,64
11/23/2021,BMI,IL,AGL,CE,Federal Contract Tower,14,6,8,0,28,0,0,20,0,20,14,6,28,0,48,36,0,36,84
11/24/2021,BMI,IL,AGL,CE,Federal Contract Tower,13,8,16,2,39,0,0,5,2,7,13,8,21,4,46,0,0,0,46
11/25/2021,BMI,IL,AGL,CE,Federal Contract Tower,6,3,2,0,11,0,0,1,0,1,6,3,3,0,12,0,0,0,12
11/26/2021,BMI,IL,AGL,CE,Federal Contract Tower,7,5,4,0,16,0,0,42,0,42,7,5,46,0,58,22,0,22,80
11/27/2021,BMI,IL,AGL,CE,Federal Contract Tower,11,8,6,0,25,0,0,10,0,10,11,8,16,0,35,32,0,32,67
11/28/2021,BMI,IL,AGL,CE,Federal Contract Tower,15,7,14,0,36,0,0,18,0,18,15,7,32,0,54,0,0,0,54
11/29/2021,BMI,IL,AGL,CE,Federal Contract Tower,13,9,13,0,35,0,0,23,0,23,13,9,36,0,58,48,0,48,106
11/30/2021,BMI,IL,AGL,CE,Federal Contract Tower,12,8,10,0,30,0,0,41,0,41,12,8,51,0,71,44,0,44,115
12/01/2021,BMI,IL,AGL,CE,Federal Contract Tower,12,8,16,0,36,0,0,15,0,15,12,8,31,0,51,10,0,10,61
12/02/2021,BMI,IL,AGL,CE,Federal Contract Tower,13,6,10,0,29,0,0,25,0,25,13,6,35,0,54,6,0,6,60
12/03/2021,BMI,IL,AGL,CE,Federal Contract Tower,9,8,10,0,27,0,0,46,1,47,9,8,56,1,74,40,0,40,114
12/04/2021,BMI,IL,AGL,CE,Federal Contract Tower,8,7,12,0,27,0,0,40,0,40,8,7,52,0,67,26,0,26,93
12/05/2021,BMI,IL,AGL,CE,Federal Contract Tower,13,7,11,0,31,0,0,1,0,1,13,7,12,0,32,0,0,0,32
12/06/2021,BMI,IL,AGL,CE,Federal Contract Tower,11,9,16,0,36,0,0,10,0,10,11,9,26,0,46,2,0,2,48
12/07/2021,BMI,IL,AGL,CE,Federal Contract Tower,11,7,8,0,26,0,0,12,1,13,11,7,20,1,39,34,0,34,73
12/08/2021,BMI,IL,AGL,CE,Federal Contract Tower,11,10,14,0,35,0,0,28,0,28,11,10,42,0,63,24,0,24,87
12/09/2021,BMI,IL,AGL,CE,Federal Contract Tower,14,9,15,3,41,0,0,3,1,4,14,9,18,4,45,0,4,4,49
12/10/2021,BMI,IL,AGL,CE,Federal Contract Tower,10,5,5,0,20,0,0,0,0,0,10,5,5,0,20,0,0,0,20
12/11/2021,BMI,IL,AGL,CE,Federal Contract Tower,4,5,4,0,13,0,0,4,0,4,4,5,8,0,17,0,0,0,17
12/12/2021,BMI,IL,AGL,CE,Federal Contract Tower,14,5,10,0,29,0,0,26,0,26,14,5,36,0,55,14,0,14,69
12/13/2021,BMI,IL,AGL,CE,Federal Contract Tower,12,6,13,0,31,0,0,34,0,34,12,6,47,0,65,6,12,18,83
12/14/2021,BMI,IL,AGL,CE,Federal Contract Tower,11,4,14,0,29,0,0,15,0,15,11,4,29,0,44,0,2,2,46
12/15/2021,BMI,IL,AGL,CE,Federal Contract Tower,10,5,16,5,36,0,0,0,0,0,10,5,16,5,36,0,0,0,36
12/16/2021,BMI,IL,AGL,CE,Federal Contract Tower,14,10,15,0,39,0,0,6,0,6,14,10,21,0,45,6,0,6,51
12/17/2021,BMI,IL,AGL,CE,Federal Contract Tower,14,3,12,0,29,0,0,19,0,19,14,3,31,0,48,12,0,12,60
12/18/2021,BMI,IL,AGL,CE,Federal Contract Tower,7,4,7,0,18,0,0,0,0,0,7,4,7,0,18,0,0,0,18
12/19/2021,BMI,IL,AGL,CE,Federal Contract Tower,11,4,7,0,22,0,0,29,0,29,11,4,36,0,51,40,0,40,91
12/20/2021,BMI,IL,AGL,CE,Federal Contract Tower,13,5,12,0,30,0,0,18,0,18,13,5,30,0,48,16,0,16,64
12/21/2021,BMI,IL,AGL,CE,Federal Contract Tower,12,12,4,0,28,0,0,23,0,23,12,12,27,0,51,14,0,14,65
12/22/2021,BMI,IL,AGL,CE,Federal Contract Tower,9,4,7,0,20,0,0,28,0,28,9,4,35,0,48,26,0,26,74
12/23/2021,BMI,IL,AGL,CE,Federal Contract Tower,14,4,4,0,22,0,0,10,2,12,14,4,14,2,34,6,2,8,42
12/24/2021,BMI,IL,AGL,CE,Federal Contract Tower,10,4,2,0,16,0,0,2,0,2,10,4,4,0,18,0,0,0,18
12/25/2021,BMI,IL,AGL,CE,Federal Contract Tower,7,4,3,0,14,0,0,0,0,0,7,4,3,0,14,0,0,0,14
12/26/2021,BMI,IL,AGL,CE,Federal Contract Tower,11,7,8,0,26,0,0,5,0,5,11,7,13,0,31,0,0,0,31
12/27/2021,BMI,IL,AGL,CE,Federal Contract Tower,11,5,8,0,24,0,0,3,0,3,11,5,11,0,27,26,0,26,53
12/28/2021,BMI,IL,AGL,CE,Federal Contract Tower,15,8,2,0,25,0,0,0,0,0,15,8,2,0,25,0,0,0,25
12/29/2021,BMI,IL,AGL,CE,Federal Contract Tower,6,7,4,0,17,0,0,5,0,5,6,7,9,0,22,6,0,6,28
12/30/2021,BMI,IL,AGL,CE,Federal Contract Tower,12,2,5,0,19,0,0,0,0,0,12,2,5,0,19,0,0,0,19
12/31/2021,BMI,IL,AGL,CE,Federal Contract Tower,13,5,13,0,31,0,0,0,0,0,13,5,13,0,31,0,0,0,31
01/01/2022,BMI,IL,AGL,CE,Federal Contract Tower,6,1,0,0,7,0,0,0,0,0,6,1,0,0,7,0,0,0,7
01/02/2022,BMI,IL,AGL,CE,Federal Contract Tower,6,2,5,0,13,0,0,4,0,4,6,2,9,0,17,4,0,4,21
01/03/2022,BMI,IL,AGL,CE,Federal Contract Tower,6,6,6,0,18,0,0,22,0,22,6,6,28,0,40,4,0,4,44
01/04/2022,BMI,IL,AGL,CE,Federal Contract Tower,10,4,16,0,30,0,0,10,0,10,10,4,26,0,40,6,6,12,52
01/05/2022,BMI,IL,AGL,CE,Federal Contract Tower,9,4,2,0,15,0,0,1,0,1,9,4,3,0,16,0,10,10,26
01/06/2022,BMI,IL,AGL,CE,Federal Contract Tower,12,6,3,0,21,0,0,5,0,5,12,6,8,0,26,2,0,2,28
01/07/2022,BMI,IL,AGL,CE,Federal Contract Tower,11,6,5,0,22,0,0,17,2,19,11,6,22,2,41,16,0,16,57
01/08/2022,BMI,IL,AGL,CE,Federal Contract Tower,11,5,7,2,25,0,0,2,0,2,11,5,9,2,27,2,0,2,29
01/09/2022,BMI,IL,AGL,CE,Federal Contract Tower,10,5,9,2,26,0,0,5,4,9,10,5,14,6,35,6,0,6,41
01/10/2022,BMI,IL,AGL,CE,Federal Contract Tower,10,5,13,0,28,0,0,12,0,12,10,5,25,0,40,0,0,0,40
01/11/2022,BMI,IL,AGL,CE,Federal Contract Tower,8,7,12,0,27,0,0,15,2,17,8,7,27,2,44,4,0,4,48
01/12/2022,BMI,IL,AGL,CE,Federal Contract Tower,6,4,11,0,21,0,0,27,0,27,6,4,38,0,48,14,0,14,62
01/13/2022,BMI,IL,AGL,CE,Federal Contract Tower,11,8,12,0,31,0,0,0,0,0,11,8,12,0,31,0,0,0,31
01/14/2022,BMI,IL,AGL,CE,Federal Contract Tower,10,4,2,0,16,0,0,0,0,0,10,4,2,0,16,0,0,0,16
01/15/2022,BMI,IL,AGL,CE,Federal Contract Tower,8,4,0,0,12,0,0,4,0,4,8,4,4,0,16,4,0,4,20
01/16/2022,BMI,IL,AGL,CE,Federal Contract Tower,8,7,15,0,30,0,0,24,0,24,8,7,39,0,54,18,0,18,72
01/17/2022,BMI,IL,AGL,CE,Federal Contract Tower,10,3,7,0,20,0,0,5,0,5,10,3,12,0,25,0,0,0,25
01/18/2022,BMI,IL,AGL,CE,Federal Contract Tower,9,6,5,1,21,0,0,13,0,13,9,6,18,1,34,6,0,6,40
01/19/2022,BMI,IL,AGL,CE,Federal Contract Tower,7,8,7,0,22,0,0,15,0,15,7,8,22,0,37,14,0,14,51
01/20/2022,BMI,IL,AGL,CE,Federal Contract Tower,14,5,13,0,32,0,0,26,1,27,14,5,39,1,59,24,0,24,83
01/21/2022,BMI,IL,AGL,CE,Federal Contract Tower,12,6,6,2,26,0,0,23,0,23,12,6,29,2,49,14,8,22,71
01/22/2022,BMI,IL,AGL,CE,Federal Contract Tower,8,5,8,0,21,0,0,19,0,19,8,5,27,0,40,24,0,24,64
01/23/2022,BMI,IL,AGL,CE,Federal Contract Tower,11,8,0,0,19,0,0,10,0,10,11,8,10,0,29,6,0,6,35
01/24/2022,BMI,IL,AGL,CE,Federal Contract Tower,11,4,5,0,20,0,0,2,0,2,11,4,7,0,22,0,0,0,22
01/25/2022,BMI,IL,AGL,CE,Federal Contract Tower,9,4,8,0,21,0,0,13,0,13,9,4,21,0,34,6,0,6,40
01/26/2022,BMI,IL,AGL,CE,Federal Contract Tower,7,5,6,0,18,0,0,25,0,25,7,5,31,0,43,6,0,6,49
01/27/2022,BMI,IL,AGL,CE,Federal Contract Tower,12,4,13,0,29,0,0,11,2,13,12,4,24,2,42,0,0,0,42
01/28/2022,BMI,IL,AGL,CE,Federal Contract Tower,10,6,6,0,22,0,0,5,0,5,10,6,11,0,27,0,0,0,27
01/29/2022,BMI,IL,AGL,CE,Federal Contract Tower,8,4,9,0,21,0,0,20,0,20,8,4,29,0,41,20,0,20,61
01/30/2022,BMI,IL,AGL,CE,Federal Contract Tower,9,6,7,0,22,0,0,12,0,12,9,6,19,0,34,18,0,18,52
01/31/2022,BMI,IL,AGL,CE,Federal Contract Tower,9,4,3,0,16,0,0,19,0,19,9,4,22,0,35,18,0,18,53
02/01/2022,BMI,IL,AGL,CE,Federal Contract Tower,7,5,5,0,17,0,0,1,0,1,7,5,6,0,18,0,0,0,18
02/02/2022,BMI,IL,AGL,CE,Federal Contract Tower,2,0,0,0,2,0,0,0,0,0,2,0,0,0,2,0,0,0,2
02/03/2022,BMI,IL,AGL,CE,Federal Contract Tower,8,0,3,0,11,0,0,0,0,0,8,0,3,0,11,0,0,0,11
02/04/2022,BMI,IL,AGL,CE,Federal Contract Tower,11,7,5,0,23,0,0,12,0,12,11,7,17,0,35,8,0,8,43
02/05/2022,BMI,IL,AGL,CE,Federal Contract Tower,9,4,7,0,20,0,0,20,0,20,9,4,27,0,40,2,0,2,42
02/06/2022,BMI,IL,AGL,CE,Federal Contract Tower,13,5,7,0,25,0,0,13,4,17,13,5,20,4,42,16,0,16,58
02/07/2022,BMI,IL,AGL,CE,Federal Contract Tower,11,9,9,0,29,0,0,11,0,11,11,9,20,0,40,26,0,26,66
02/08/2022,BMI,IL,AGL,CE,Federal Contract Tower,7,8,9,0,24,0,0,13,0,13,7,8,22,0,37,32,0,32,69
02/09/2022,BMI,IL,AGL,CE,Federal Contract Tower,7,5,2,0,14,0,0,13,0,13,7,5,15,0,27,16,0,16,43
02/10/2022,BMI,IL,AGL,CE,Federal Contract Tower,13,6,9,0,28,0,0,10,0,10,13,6,19,0,38,20,0,20,58
02/11/2022,BMI,IL,AGL,CE,Federal Contract Tower,10,9,6,0,25,0,0,4,0,4,10,9,10,0,29,10,0,10,39
02/12/2022,BMI,IL,AGL,CE,Federal Contract Tower,10,4,8,0,22,0,0,10,0,10,10,4,18,0,32,66,0,66,98
02/13/2022,BMI,IL,AGL,CE,Federal Contract Tower,8,5,1,0,14,0,0,4,0,4,8,5,5,0,18,0,0,0,18
02/14/2022,BMI,IL,AGL,CE,Federal Contract Tower,9,6,9,0,24,0,0,21,0,21,9,6,30,0,45,14,0,14,59
02/15/2022,BMI,IL,AGL,CE,Federal Contract Tower,9,4,16,1,30,0,0,18,0,18,9,4,34,1,48,26,2,28,76
02/16/2022,BMI,IL,AGL,CE,Federal Contract Tower,9,3,5,0,17,0,0,1,0,1,9,3,6,0,18,0,0,0,18
02/17/2022,BMI,IL,AGL,CE,Federal Contract Tower,5,1,0,0,6,0,0,0,0,0,5,1,0,0,6,0,0,0,6
02/18/2022,BMI,IL,AGL,CE,Federal Contract Tower,6,8,8,0,22,0,0,11,0,11,6,8,19,0,33,6,0,6,39
02/19/2022,BMI,IL,AGL,CE,Federal Contract Tower,9,4,4,0,17,0,0,24,0,24,9,4,28,0,41,50,0,50,91
02/20/2022,BMI,IL,AGL,CE,Federal Contract Tower,9,8,9,0,26,0,0,8,0,8,9,8,17,0,34,4,0,4,38
02/21/2022,BMI,IL,AGL,CE,Federal Contract Tower,8,7,16,0,31,0,0,26,0,26,8,7,42,0,57,34,0,34,91
02/22/2022,BMI,IL,AGL,CE,Federal Contract Tower,11,6,7,0,24,0,0,0,0,0,11,6,7,0,24,0,0,0,24
02/23/2022,BMI,IL,AGL,CE,Federal Contract Tower,8,5,11,0,24,0,0,21,0,21,8,5,32,0,45,22,0,22,67
02/24/2022,BMI,IL,AGL,CE,Federal Contract Tower,9,7,6,0,22,0,0,0,0,0,9,7,6,0,22,0,0,0,22
02/25/2022,BMI,IL,AGL,CE,Federal Contract Tower,9,10,2,0,21,0,0,4,0,4,9,10,6,0,25,0,0,0,25
02/26/2022,BMI,IL,AGL,CE,Federal Contract Tower,11,5,9,0,25,0,0,44,0,44,11,5,53,0,69,36,0,36,105
02/27/2022,BMI,IL,AGL,CE,Federal Contract Tower,12,7,9,0,28,0,0,44,0,44,12,7,53,0,72,46,0,46,118
02/28/2022,BMI,IL,AGL,CE,Federal Contract Tower,11,11,5,0,27,0,0,22,0,22,11,11,27,0,49,40,0,40,89
03/01/2022,BMI,IL,AGL,CE,Federal Contract Tower,10,8,8,0,26,0,0,39,0,39,10,8,47,0,65,28,4,32,97
03/02/2022,BMI,IL,AGL,CE,Federal Contract Tower,10,5,8,0,23,0,0,26,0,26,10,5,34,0,49,32,0,32,81
03/03/2022,BMI,IL,AGL,CE,Federal Contract Tower,11,4,13,2,30,0,0,16,0,16,11,4,29,2,46,12,0,12,58
03/04/2022,BMI,IL,AGL,CE,Federal Contract Tower,10,4,15,0,29,0,0,18,0,18,10,4,33,0,47,12,0,12,59
03/05/2022,BMI,IL,AGL,CE,Federal Contract Tower,10,2,6,0,18,0,0,1,0,1,10,2,7,0,19,0,0,0,19
03/06/2022,BMI,IL,AGL,CE,Federal Contract Tower,12,2,11,0,25,0,0,21,0,21,12,2,32,0,46,28,0,28,74
03/07/2022,BMI,IL,AGL,CE,Federal Contract Tower,9,3,9,0,21,0,0,3,0,3,9,3,12,0,24,0,0,0,24
03/08/2022,BMI,IL,AGL,CE,Federal Contract Tower,8,4,12,0,24,0,0,28,0,28,8,4,40,0,52,30,0,30,82
03/09/2022,BMI,IL,AGL,CE,Federal Contract Tower,11,3,16,1,31,0,0,34,0,34,11,3,50,1,65,14,0,14,79
03/10/2022,BMI,IL,AGL,CE,Federal Contract Tower,10,7,10,0,27,0,0,10,0,10,10,7,20,0,37,26,0,26,63
03/11/2022,BMI,IL,AGL,CE,Federal Contract Tower,9,5,2,0,16,0,0,6,0,6,9,5,8,0,22,18,0,18,40
03/12/2022,BMI,IL,AGL,CE,Federal Contract Tower,12,10,9,0,31,0,0,25,0,25,12,10,34,0,56,36,0,36,92
03/13/2022,BMI,IL,AGL,CE,Federal Contract Tower,10,6,8,0,24,0,0,18,0,18,10,6,26,0,42,14,4,18,60
03/14/2022,BMI,IL,AGL,CE,Federal Contract Tower,10,2,4,0,16,0,0,17,3,20,10,2,21,3,36,10,4,14,50
03/15/2022,BMI,IL,AGL,CE,Federal Contract Tower,7,5,14,1,27,0,0,30,0,30,7,5,44,1,57,36,0,36,93
03/16/2022,BMI,IL,AGL,CE,Federal Contract Tower,9,9,14,1,33,0,0,26,1,27,9,9,40,2,60,10,4,14,74
03/17/2022,BMI,IL,AGL,CE,Federal Contract Tower,12,6,17,0,35,0,0,27,0,27,12,6,44,0,62,38,0,38,100
03/18/2022,BMI,IL,AGL,CE,Federal Contract Tower,12,4,12,0,28,0,0,2,0,2,12,4,14,0,30,0,0,0,30
03/19/2022,BMI,IL,AGL,CE,Federal Contract Tower,11,4,2,0,17,0,0,3,0,3,11,4,5,0,20,0,0,0,20
03/20/2022,BMI,IL,AGL,CE,Federal Contract Tower,11,4,12,0,27,0,0,58,0,58,11,4,70,0,85,16,0,16,101
03/21/2022,BMI,IL,AGL,CE,Federal Contract Tower,10,6,3,1,20,0,0,18,0,18,10,6,21,1,38,32,0,32,70
03/22/2022,BMI,IL,AGL,CE,Federal Contract Tower,7,4,13,0,24,0,0,0,0,0,7,4,13,0,24,0,0,0,24
03/23/2022,BMI,IL,AGL,CE,Federal Contract Tower,10,2,14,0,26,0,0,0,0,0,10,2,14,0,26,0,0,0,26
03/24/2022,BMI,IL,AGL,CE,Federal Contract Tower,9,4,5,0,18,0,0,3,0,3,9,4,8,0,21,0,0,0,21
03/25/2022,BMI,IL,AGL,CE,Federal Contract Tower,11,4,8,0,23,0,0,6,0,6,11,4,14,0,29,0,0,0,29
03/26/2022,BMI,IL,AGL,CE,Federal Contract Tower,10,4,3,0,17,0,0,9,0,9,10,4,12,0,26,4,0,4,30
03/27/2022,BMI,IL,AGL,CE,Federal Contract Tower,9,4,12,0,25,0,0,27,0,27,9,4,39,0,52,38,0,38,90
03/28/2022,BMI,IL,AGL,CE,Federal Contract Tower,9,4,8,0,21,0,0,38,0,38,9,4,46,0,59,30,0,30,89
03/29/2022,BMI,IL,AGL,CE,Federal Contract Tower,8,8,16,0,32,0,0,13,0,13,8,8,29,0,45,0,0,0,45
03/30/2022,BMI,IL,AGL,CE,Federal Contract Tower,9,5,4,0,18,0,0,0,0,0,9,5,4,0,18,0,0,0,18
03/31/2022,BMI,IL,AGL,CE,Federal Contract Tower,10,4,8,1,23,0,1,2,1,4,10,5,10,2,27,14,0,14,41
04/01/2022,BMI,IL,AGL,CE,Federal Contract Tower,9,7,20,0,36,0,1,37,0,38,9,8,57,0,74,48,0,48,122
04/02/2022,BMI,IL,AGL,CE,Federal Contract Tower,7,9,10,0,26,0,0,3,0,3,7,9,13,0,29,6,0,6,35
04/03/2022,BMI,IL,AGL,CE,Federal Contract Tower,6,4,15,0,25,0,0,46,0,46,6,4,61,0,71,24,0,24,95
04/04/2022,BMI,IL,AGL,CE,Federal Contract Tower,9,2,16,0,27,0,0,14,0,14,9,2,30,0,41,24,2,26,67
04/05/2022,BMI,IL,AGL,CE,Federal Contract Tower,8,4,17,1,30,0,0,2,0,2,8,4,19,1,32,2,0,2,34
04/06/2022,BMI,IL,AGL,CE,Federal Contract Tower,10,6,23,0,39,0,0,3,0,3,10,6,26,0,42,0,0,0,42
04/07/2022,BMI,IL,AGL,CE,Federal Contract Tower,12,6,6,0,24,0,0,10,2,12,12,6,16,2,36,0,0,0,36
04/08/2022,BMI,IL,AGL,CE,Federal Contract Tower,10,8,6,1,25,0,0,4,0,4,10,8,10,1,29,0,0,0,29
04/09/2022,BMI,IL,AGL,CE,Federal Contract Tower,10,4,1,0,15,0,0,31,0,31,10,4,32,0,46,28,0,28,74
04/10/2022,BMI,IL,AGL,CE,Federal Contract Tower,9,9,4,0,22,0,0,13,0,13,9,9,17,0,35,0,0,0,35
04/11/2022,BMI,IL,AGL,CE,Federal Contract Tower,12,5,13,0,30,0,0,26,0,26,12,5,39,0,56,28,0,28,84
04/12/2022,BMI,IL,AGL,CE,Federal Contract Tower,8,4,14,2,28,0,0,5,0,5,8,4,19,2,33,0,0,0,33
04/13/2022,BMI,IL,AGL,CE,Federal Contract Tower,9,9,7,0,25,0,0,1,0,1,9,9,8,0,26,0,0,0,26
04/14/2022,BMI,IL,AGL,CE,Federal Contract Tower,12,8,7,0,27,0,0,14,0,14,12,8,21,0,41,0,0,0,41
04/15/2022,BMI,IL,AGL,CE,Federal Contract Tower,10,10,6,0,26,0,0,34,0,34,10,10,40,0,60,18,0,18,78
04/16/2022,BMI,IL,AGL,CE,Federal Contract Tower,10,5,8,0,23,0,0,51,0,51,10,5,59,0,74,36,0,36,110
04/17/2022,BMI,IL,AGL,CE,Federal Contract Tower,9,4,2,0,15,0,0,13,0,13,9,4,15,0,28,0,0,0,28
04/18/2022,BMI,IL,AGL,CE,Federal Contract Tower,9,6,10,0,25,0,0,0,0,0,9,6,10,0,25,0,0,0,25
04/19/2022,BMI,IL,AGL,CE,Federal Contract Tower,11,10,6,2,29,0,0,31,0,31,11,10,37,2,60,14,0,14,74
04/20/2022,BMI,IL,AGL,CE,Federal Contract Tower,10,4,8,0,22,0,0,7,0,7,10,4,15,0,29,0,0,0,29
04/21/2022,BMI,IL,AGL,CE,Federal Contract Tower,11,9,16,0,36,0,0,40,0,40,11,9,56,0,76,8,0,8,84
04/22/2022,BMI,IL,AGL,CE,Federal Contract Tower,11,3,9,0,23,0,0,1,0,1,11,3,10,0,24,0,0,0,24
04/23/2022,BMI,IL,AGL,CE,Federal Contract Tower,10,4,4,0,18,0,0,8,0,8,10,4,12,0,26,4,0,4,30
04/24/2022,BMI,IL,AGL,CE,Federal Contract Tower,8,6,8,0,22,0,0,5,0,5,8,6,13,0,27,0,0,0,27
04/25/2022,BMI,IL,AGL,CE,Federal Contract Tower,10,4,9,0,23,0,0,8,0,8,10,4,17,0,31,12,0,12,43
04/26/2022,BMI,IL,AGL,CE,Federal Contract Tower,8,6,5,2,21,0,0,16,0,16,8,6,21,2,37,8,2,10,47
04/27/2022,BMI,IL,AGL,CE,Federal Contract Tower,12,4,18,2,36,0,0,44,0,44,12,4,62,2,80,52,2,54,134
04/28/2022,BMI,IL,AGL,CE,Federal Contract Tower,11,3,10,2,26,0,0,12,0,12,11,3,22,2,38,10,0,10,48
04/29/2022,BMI,IL,AGL,CE,Federal Contract Tower,13,4,11,0,28,0,0,16,0,16,13,4,27,0,44,26,0,26,70
04/30/2022,BMI,IL,AGL,CE,Federal Contract Tower,8,4,0,0,12,0,0,3,0,3,8,4,3,0,15,0,0,0,15
05/01/2022,BMI,IL,AGL,CE,Federal Contract Tower,8,5,4,0,17,0,0,6,0,6,8,5,10,0,23,0,0,0,23
05/02/2022,BMI,IL,AGL,CE,Federal Contract Tower,12,5,10,0,27,0,0,33,2,35,12,5,43,2,62,10,0,10,72
05/03/2022,BMI,IL,AGL,CE,Federal Contract Tower,11,7,14,0,32,0,0,0,0,0,11,7,14,0,32,0,0,0,32
05/04/2022,BMI,IL,AGL,CE,Federal Contract Tower,11,5,31,0,47,0,0,0,0,0,11,5,31,0,47,0,0,0,47
05/05/2022,BMI,IL,AGL,CE,Federal Contract Tower,7,4,15,0,26,0,0,0,0,0,7,4,15,0,26,0,0,0,26
05/06/2022,BMI,IL,AGL,CE,Federal Contract Tower,12,5,10,0,27,0,0,0,0,0,12,5,10,0,27,0,0,0,27
05/07/2022,BMI,IL,AGL,CE,Federal Contract Tower,10,7,8,0,25,0,0,85,0,85,10,7,93,0,110,26,0,26,136
05/08/2022,BMI,IL,AGL,CE,Federal Contract Tower,8,6,10,0,24,0,0,27,0,27,8,6,37,0,51,6,0,6,57
05/09/2022,BMI,IL,AGL,CE,Federal Contract Tower,11,3,3,0,17,0,0,18,0,18,11,3,21,0,35,20,0,20,55
05/10/2022,BMI,IL,AGL,CE,Federal Contract Tower,8,4,4,1,17,0,0,28,0,28,8,4,32,1,45,16,4,20,65
05/11/2022,BMI,IL,AGL,CE,Federal Contract Tower,12,5,10,0,27,0,0,23,0,23,12,5,33,0,50,28,0,28,78
05/12/2022,BMI,IL,AGL,CE,Federal Contract Tower,11,5,8,1,25,0,0,42,4,46,11,5,50,5,71,28,0,28,99
05/13/2022,BMI,IL,AGL,CE,Federal Contract Tower,10,4,16,0,30,0,0,36,0,36,10,4,52,0,66,16,0,16,82
05/14/2022,BMI,IL,AGL,CE,Federal Contract Tower,12,3,3,0,18,0,0,69,0,69,12,3,72,0,87,6,0,6,93
05/15/2022,BMI,IL,AGL,CE,Federal Contract Tower,8,5,5,0,18,0,0,33,0,33,8,5,38,0,51,8,0,8,59
05/16/2022,BMI,IL,AGL,CE,Federal Contract Tower,12,4,12,0,28,0,0,20,0,20,12,4,32,0,48,2,0,2,50
05/17/2022,BMI,IL,AGL,CE,Federal Contract Tower,8,6,10,0,24,0,0,42,0,42,8,6,52,0,66,50,2,52,118
05/18/2022,BMI,IL,AGL,CE,Federal Contract Tower,11,4,10,5,30,0,0,13,0,13,11,4,23,5,43,22,2,24,67
05/19/2022,BMI,IL,AGL,CE,Federal Contract Tower,11,4,18,0,33,0,0,44,0,44,11,4,62,0,77,12,0,12,89
05/20/2022,BMI,IL,AGL,CE,Federal Contract Tower,13,3,2,0,18,0,0,11,0,11,13,3,13,0,29,8,0,8,37
05/21/2022,BMI,IL,AGL,CE,Federal Contract Tower,8,4,9,0,21,0,0,2,0,2,8,4,11,0,23,0,0,0,23
05/22/2022,BMI,IL,AGL,CE,Federal Contract Tower,9,6,9,0,24,0,0,41,0,41,9,6,50,0,65,18,0,18,83
05/23/2022,BMI,IL,AGL,CE,Federal Contract Tower,14,5,9,0,28,0,0,52,0,52,14,5,61,0,80,28,0,28,108
05/24/2022,BMI,IL,AGL,CE,Federal Contract Tower,7,5,11,0,23,0,0,21,0,21,7,5,32,0,44,0,0,0,44
05/25/2022,BMI,IL,AGL,CE,Federal Contract Tower,11,7,3,0,21,0,0,0,0,0,11,7,3,0,21,0,0,0,21
05/26/2022,BMI,IL,AGL,CE,Federal Contract Tower,10,5,8,0,23,0,0,1,0,1,10,5,9,0,24,0,0,0,24
05/27/2022,BMI,IL,AGL,CE,Federal Contract Tower,14,4,15,0,33,0,0,1,0,1,14,4,16,0,34,0,0,0,34
05/28/2022,BMI,IL,AGL,CE,Federal Contract Tower,7,4,6,0,17,0,0,60,0,60,7,4,66,0,77,46,0,46,123
05/29/2022,BMI,IL,AGL,CE,Federal Contract Tower,11,5,0,0,16,0,0,8,0,8,11,5,8,0,24,8,0,8,32
05/30/2022,BMI,IL,AGL,CE,Federal Contract Tower,15,6,8,0,29,0,0,19,0,19,15,6,27,0,48,2,0,2,50
05/31/2022,BMI,IL,AGL,CE,Federal Contract Tower,8,4,9,0,21,0,0,13,0,13,8,4,22,0,34,0,0,0,34
06/01/2022,BMI,IL,AGL,CE,Federal Contract Tower,11,9,11,0,31,0,0,21,0,21,11,9,32,0,52,0,0,0,52
06/02/2022,BMI,IL,AGL,CE,Federal Contract Tower,10,5,26,0,41,0,0,46,0,46,10,5,72,0,87,18,0,18,105
06/03/2022,BMI,IL,AGL,CE,Federal Contract Tower,14,4,9,0,27,0,0,53,0,53,14,4,62,0,80,12,0,12,92
06/04/2022,BMI,IL,AGL,CE,Federal Contract Tower,7,5,7,0,19,0,0,46,0,46,7,5,53,0,65,32,0,32,97
06/05/2022,BMI,IL,AGL,CE,Federal Contract Tower,9,4,5,0,18,0,0,25,0,25,9,4,30,0,43,0,0,0,43
06/06/2022,BMI,IL,AGL,CE,Federal Contract Tower,16,3,4,0,23,0,0,13,2,15,16,3,17,2,38,32,0,32,70
06/07/2022,BMI,IL,AGL,CE,Federal Contract Tower,13,3,23,0,39,0,0,23,1,24,13,3,46,1,63,12,0,12,75
06/08/2022,BMI,IL,AGL,CE,Federal Contract Tower,10,9,14,0,33,0,0,13,0,13,10,9,27,0,46,26,0,26,72
06/09/2022,BMI,IL,AGL,CE,Federal Contract Tower,9,5,19,0,33,0,0,48,0,48,9,5,67,0,81,22,0,22,103
06/10/2022,BMI,IL,AGL,CE,Federal Contract Tower,16,9,17,0,42,0,0,25,0,25,16,9,42,0,67,30,0,30,97
06/11/2022,BMI,IL,AGL,CE,Federal Contract Tower,7,4,17,0,28,0,0,45,0,45,7,4,62,0,73,14,0,14,87
06/12/2022,BMI,IL,AGL,CE,Federal Contract Tower,9,5,10,0,24,0,0,12,0,12,9,5,22,0,36,10,0,10,46
06/13/2022,BMI,IL,AGL,CE,Federal Contract Tower,20,5,14,0,39,0,0,13,0,13,20,5,27,0,52,8,0,8,60
06/14/2022,BMI,IL,AGL,CE,Federal Contract Tower,10,7,16,0,33,0,0,21,0,21,10,7,37,0,54,8,0,8,62
06/15/2022,BMI,IL,AGL,CE,Federal Contract Tower,12,7,21,0,40,0,0,21,0,21,12,7,42,0,61,4,0,4,65
06/16/2022,BMI,IL,AGL,CE,Federal Contract Tower,10,5,7,1,23,0,0,46,0,46,10,5,53,1,69,40,10,50,119
06/17/2022,BMI,IL,AGL,CE,Federal Contract Tower,12,14,17,0,43,0,0,26,0,26,12,14,43,0,69,52,0,52,121
06/18/2022,BMI,IL,AGL,CE,Federal Contract Tower,9,8,5,0,22,0,0,56,0,56,9,8,61,0,78,20,0,20,98
06/19/2022,BMI,IL,AGL,CE,Federal Contract Tower,10,6,5,0,21,0,60,0,0,60,10,66,5,0,81,6,0,6,87
06/20/2022,BMI,IL,AGL,CE,Federal Contract Tower,16,4,9,0,29,0,0,41,0,41,16,4,50,0,70,20,0,20,90
06/21/2022,BMI,IL,AGL,CE,Federal Contract Tower,9,5,11,0,25,0,0,30,0,30,9,5,41,0,55,12,0,12,67
06/22/2022,BMI,IL,AGL,CE,Federal Contract Tower,12,6,19,0,37,0,0,29,0,29,12,6,48,0,66,16,2,18,84
06/23/2022,BMI,IL,AGL,CE,Federal Contract Tower,10,5,7,0,22,0,0,29,0,29,10,5,36,0,51,10,6,16,67
06/24/2022,BMI,IL,AGL,CE,Federal Contract Tower,15,3,12,0,30,0,0,37,0,37,15,3,49,0,67,10,0,10,77
06/25/2022,BMI,IL,AGL,CE,Federal Contract Tower,6,6,0,0,12,0,0,7,0,7,6,6,7,0,19,6,0,6,25
06/26/2022,BMI,IL,AGL,CE,Federal Contract Tower,8,5,11,0,24,0,0,26,0,26,8,5,37,0,50,6,0,6,56
06/27/2022,BMI,IL,AGL,CE,Federal Contract Tower,15,10,8,0,33,0,0,38,0,38,15,10,46,0,71,44,0,44,115
06/28/2022,BMI,IL,AGL,CE,Federal Contract Tower,11,7,9,0,27,0,0,37,0,37,11,7,46,0,64,2,4,6,70
06/29/2022,BMI,IL,AGL,CE,Federal Contract Tower,10,9,6,0,25,0,0,38,0,38,10,9,44,0,63,0,2,2,65
06/30/2022,BMI,IL,AGL,CE,Federal Contract Tower,10,5,16,0,31,0,0,31,0,31,10,5,47,0,62,8,10,18,80
07/01/2022,BMI,IL,AGL,CE,Federal Contract Tower,15,7,3,0,25,0,0,23,0,23,15,7,26,0,48,6,0,6,54
07/02/2022,BMI,IL,AGL,CE,Federal Contract Tower,6,4,7,0,17,0,0,41,0,41,6,4,48,0,58,6,0,6,64
07/03/2022,BMI,IL,AGL,CE,Federal Contract Tower,9,5,1,0,15,0,0,30,0,30,9,5,31,0,45,4,0,4,49
07/04/2022,BMI,IL,AGL,CE,Federal Contract Tower,11,4,0,0,15,0,0,24,0,24,11,4,24,0,39,12,0,12,51
07/05/2022,BMI,IL,AGL,CE,Federal Contract Tower,8,4,6,3,21,0,0,29,0,29,8,4,35,3,50,32,0,32,82
07/06/2022,BMI,IL,AGL,CE,Federal Contract Tower,11,5,14,2,32,0,0,17,0,17,11,5,31,2,49,26,12,38,87
07/07/2022,BMI,IL,AGL,CE,Federal Contract Tower,10,4,17,0,31,0,0,4,0,4,10,4,21,0,35,0,0,0,35
07/08/2022,BMI,IL,AGL,CE,Federal Contract Tower,10,4,14,0,28,0,0,1,0,1,10,4,15,0,29,0,0,0,29
07/09/2022,BMI,IL,AGL,CE,Federal Contract Tower,8,4,16,0,28,0,0,41,0,41,8,4,57,0,69,4,0,4,73
07/10/2022,BMI,IL,AGL,CE,Federal Contract Tower,8,6,6,0,20,0,0,43,0,43,8,6,49,0,63,30,0,30,93
07/11/2022,BMI,IL,AGL,CE,Federal Contract Tower,15,4,8,1,28,0,0,25,0,25,15,4,33,1,53,16,10,26,79
07/12/2022,BMI,IL,AGL,CE,Federal Contract Tower,10,4,10,0,24,0,0,38,0,38,10,4,48,0,62,16,2,18,80
07/13/2022,BMI,IL,AGL,CE,Federal Contract Tower,14,9,19,0,42,0,0,38,0,38,14,9,57,0,80,16,0,16,96
07/14/2022,BMI,IL,AGL,CE,Federal Contract Tower,8,5,18,0,31,0,0,49,0,49,8,5,67,0,80,26,0,26,106
07/15/2022,BMI,IL,AGL,CE,Federal Contract Tower,15,6,16,0,37,0,0,3,0,3,15,6,19,0,40,0,0,0,40
07/16/2022,BMI,IL,AGL,CE,Federal Contract Tower,6,4,6,0,16,0,0,37,0,37,6,4,43,0,53,32,0,32,85
07/17/2022,BMI,IL,AGL,CE,Federal Contract Tower,8,4,8,0,20,0,0,5,0,5,8,4,13,0,25,8,0,8,33
07/18/2022,BMI,IL,AGL,CE,Federal Contract Tower,16,4,15,0,35,0,0,38,0,38,16,4,53,0,73,20,0,20,93
07/19/2022,BMI,IL,AGL,CE,Federal Contract Tower,6,3,14,0,23,0,0,52,0,52,6,3,66,0,75,46,0,46,121
07/20/2022,BMI,IL,AGL,CE,Federal Contract Tower,9,4,15,0,28,0,0,23,1,24,9,4,38,1,52,16,0,16,68
07/21/2022,BMI,IL,AGL,CE,Federal Contract Tower,12,5,18,0,35,0,0,37,0,37,12,5,55,0,72,2,0,2,74
07/22/2022,BMI,IL,AGL,CE,Federal Contract Tower,12,7,32,0,51,0,0,33,0,33,12,7,65,0,84,6,0,6,90
07/23/2022,BMI,IL,AGL,CE,Federal Contract Tower,7,5,9,0,21,0,0,26,0,26,7,5,35,0,47,14,0,14,61
07/24/2022,BMI,IL,AGL,CE,Federal Contract Tower,11,4,9,0,24,0,0,16,0,16,11,4,25,0,40,0,0,0,40
07/25/2022,BMI,IL,AGL,CE,Federal Contract Tower,17,4,5,0,26,0,0,28,0,28,17,4,33,0,54,12,0,12,66
07/26/2022,BMI,IL,AGL,CE,Federal Contract Tower,8,4,10,3,25,0,0,3,0,3,8,4,13,3,28,0,0,0,28
07/27/2022,BMI,IL,AGL,CE,Federal Contract Tower,12,3,19,1,35,0,0,9,0,9,12,3,28,1,44,16,0,16,60
07/28/2022,BMI,IL,AGL,CE,Federal Contract Tower,10,5,22,0,37,0,0,32,0,32,10,5,54,0,69,8,0,8,77
07/29/2022,BMI,IL,AGL,CE,Federal Contract Tower,14,5,7,0,26,0,0,29,0,29,14,5,36,0,55,6,0,6,61
07/30/2022,BMI,IL,AGL,CE,Federal Contract Tower,6,4,13,0,23,0,0,35,0,35,6,4,48,0,58,30,0,30,88
07/31/2022,BMI,IL,AGL,CE,Federal Contract Tower,9,4,11,0,24,0,0,38,0,38,9,4,49,0,62,8,0,8,70
08/01/2022,BMI,IL,AGL,CE,Federal Contract Tower,18,3,11,0,32,0,0,22,0,22,18,3,33,0,54,6,0,6,60
08/02/2022,BMI,IL,AGL,CE,Federal Contract Tower,9,5,3,0,17,0,0,11,0,11,9,5,14,0,28,0,8,8,36
08/03/2022,BMI,IL,AGL,CE,Federal Contract Tower,12,6,17,0,35,0,0,23,0,23,12,6,40,0,58,26,20,46,104
08/04/2022,BMI,IL,AGL,CE,Federal Contract Tower,11,6,22,0,39,0,0,15,0,15,11,6,37,0,54,24,0,24,78
08/05/2022,BMI,IL,AGL,CE,Federal Contract Tower,17,6,12,0,35,0,0,16,0,16,17,6,28,0,51,10,0,10,61
08/06/2022,BMI,IL,AGL,CE,Federal Contract Tower,9,7,12,0,28,0,0,11,0,11,9,7,23,0,39,4,0,4,43
08/07/2022,BMI,IL,AGL,CE,Federal Contract Tower,13,8,19,0,40,0,0,29,0,29,13,8,48,0,69,28,0,28,97
08/08/2022,BMI,IL,AGL,CE,Federal Contract Tower,16,7,15,0,38,0,0,6,0,6,16,7,21,0,44,0,0,0,44
08/09/2022,BMI,IL,AGL,CE,Federal Contract Tower,12,6,13,0,31,0,0,30,0,30,12,6,43,0,61,16,0,16,77
08/10/2022,BMI,IL,AGL,CE,Federal Contract Tower,8,7,18,0,33,0,0,53,0,53,8,7,71,0,86,16,0,16,102
08/11/2022,BMI,IL,AGL,CE,Federal Contract Tower,10,14,18,0,42,0,0,32,0,32,10,14,50,0,74,26,0,26,100
08/12/2022,BMI,IL,AGL,CE,Federal Contract Tower,13,9,8,0,30,0,0,39,0,39,13,9,47,0,69,16,0,16,85
08/13/2022,BMI,IL,AGL,CE,Federal Contract Tower,9,10,5,0,24,0,0,44,0,44,9,10,49,0,68,14,0,14,82
08/14/2022,BMI,IL,AGL,CE,Federal Contract Tower,7,6,14,1,28,0,0,2,0,2,7,6,16,1,30,0,0,0,30
08/15/2022,BMI,IL,AGL,CE,Federal Contract Tower,15,12,12,0,39,0,0,17,0,17,15,12,29,0,56,32,0,32,88
08/16/2022,BMI,IL,AGL,CE,Federal Contract Tower,6,18,9,0,33,0,0,46,0,46,6,18,55,0,79,14,0,14,93
08/17/2022,BMI,IL,AGL,CE,Federal Contract Tower,8,7,10,2,27,0,0,43,0,43,8,7,53,2,70,16,2,18,88
08/18/2022,BMI,IL,AGL,CE,Federal Contract Tower,11,8,22,0,41,0,0,53,0,53,11,8,75,0,94,18,0,18,112
08/19/2022,BMI,IL,AGL,CE,Federal Contract Tower,14,6,15,0,35,0,0,38,0,38,14,6,53,0,73,14,0,14,87
08/20/2022,BMI,IL,AGL,CE,Federal Contract Tower,9,5,0,0,14,0,0,8,0,8,9,5,8,0,22,0,0,0,22
08/21/2022,BMI,IL,AGL,CE,Federal Contract Tower,8,6,11,0,25,0,0,10,0,10,8,6,21,0,35,6,0,6,41
08/22/2022,BMI,IL,AGL,CE,Federal Contract Tower,15,5,9,0,29,0,0,20,3,23,15,5,29,3,52,0,0,0,52
08/23/2022,BMI,IL,AGL,CE,Federal Contract Tower,8,4,10,0,22,0,0,73,0,73,8,4,83,0,95,34,0,34,129
08/24/2022,BMI,IL,AGL,CE,Federal Contract Tower,11,4,16,0,31,0,0,51,0,51,11,4,67,0,82,36,0,36,118
08/25/2022,BMI,IL,AGL,CE,Federal Contract Tower,9,5,17,0,31,0,0,14,2,16,9,5,31,2,47,12,0,12,59
08/26/2022,BMI,IL,AGL,CE,Federal Contract Tower,17,5,21,0,43,0,0,26,0,26,17,5,47,0,69,12,0,12,81
08/27/2022,BMI,IL,AGL,CE,Federal Contract Tower,7,4,4,0,15,0,0,43,0,43,7,4,47,0,58,16,0,16,74
08/28/2022,BMI,IL,AGL,CE,Federal Contract Tower,13,6,7,0,26,0,0,19,0,19,13,6,26,0,45,0,0,0,45
08/29/2022,BMI,IL,AGL,CE,Federal Contract Tower,17,3,12,0,32,0,0,13,0,13,17,3,25,0,45,2,0,2,47
08/30/2022,BMI,IL,AGL,CE,Federal Contract Tower,7,3,7,1,18,0,0,18,1,19,7,3,25,2,37,4,2,6,43
08/31/2022,BMI,IL,AGL,CE,Federal Contract Tower,7,6,9,0,22,0,0,37,0,37,7,6,46,0,59,8,0,8,67
09/01/2022,BMI,IL,AGL,CE,Federal Contract Tower,9,5,21,0,35,0,0,41,0,41,9,5,62,0,76,12,0,12,88
09/02/2022,BMI,IL,AGL,CE,Federal Contract Tower,14,8,15,0,37,0,0,29,0,29,14,8,44,0,66,16,0,16,82
09/03/2022,BMI,IL,AGL,CE,Federal Contract Tower,3,9,2,0,14,0,0,41,0,41,3,9,43,0,55,22,0,22,77
09/04/2022,BMI,IL,AGL,CE,Federal Contract Tower,6,4,15,0,25,0,0,1,0,1,6,4,16,0,26,0,0,0,26
09/05/2022,BMI,IL,AGL,CE,Federal Contract Tower,13,5,14,0,32,0,0,10,0,10,13,5,24,0,42,0,0,0,42
09/06/2022,BMI,IL,AGL,CE,Federal Contract Tower,7,6,9,0,22,0,0,8,0,8,7,6,17,0,30,0,0,0,30
09/07/2022,BMI,IL,AGL,CE,Federal Contract Tower,8,6,7,0,21,0,0,25,0,25,8,6,32,0,46,46,0,46,92
09/08/2022,BMI,IL,AGL,CE,Federal Contract Tower,9,6,11,0,26,0,0,32,0,32,9,6,43,0,58,26,0,26,84
09/09/2022,BMI,IL,AGL,CE,Federal Contract Tower,16,7,11,0,34,0,0,43,0,43,16,7,54,0,77,10,0,10,87
09/10/2022,BMI,IL,AGL,CE,Federal Contract Tower,8,5,9,0,22,0,0,29,0,29,8,5,38,0,51,16,0,16,67
09/11/2022,BMI,IL,AGL,CE,Federal Contract Tower,7,9,10,0,26,0,0,0,0,0,7,9,10,0,26,0,0,0,26
09/12/2022,BMI,IL,AGL,CE,Federal Contract Tower,15,4,15,0,34,0,0,11,0,11,15,4,26,0,45,0,0,0,45
09/13/2022,BMI,IL,AGL,CE,Federal Contract Tower,7,8,27,0,42,0,0,24,0,24,7,8,51,0,66,4,2,6,72
09/14/2022,BMI,IL,AGL,CE,Federal Contract Tower,7,4,12,0,23,0,0,31,0,31,7,4,43,0,54,20,0,20,74
09/15/2022,BMI,IL,AGL,CE,Federal Contract Tower,12,4,24,0,40,0,0,31,0,31,12,4,55,0,71,10,0,10,81
09/16/2022,BMI,IL,AGL,CE,Federal Contract Tower,14,4,10,0,28,0,0,41,1,42,14,4,51,1,70,16,0,16,86
09/17/2022,BMI,IL,AGL,CE,Federal Contract Tower,9,5,3,0,17,0,0,31,0,31,9,5,34,0,48,22,0,22,70
09/18/2022,BMI,IL,AGL,CE,Federal Contract Tower,9,6,12,0,27,0,0,19,2,21,9,6,31,2,48,8,0,8,56
09/19/2022,BMI,IL,AGL,CE,Federal Contract Tower,15,5,19,0,39,0,0,10,0,10,15,5,29,0,49,18,0,18,67
09/20/2022,BMI,IL,AGL,CE,Federal Contract Tower,7,5,7,0,19,0,0,24,0,24,7,5,31,0,43,12,6,18,61
09/21/2022,BMI,IL,AGL,CE,Federal Contract Tower,9,9,19,0,37,0,0,9,0,9,9,9,28,0,46,0,0,0,46
09/22/2022,BMI,IL,AGL,CE,Federal Contract Tower,10,7,18,0,35,0,0,17,0,17,10,7,35,0,52,0,0,0,52
09/23/2022,BMI,IL,AGL,CE,Federal Contract Tower,12,8,11,0,31,0,0,27,1,28,12,8,38,1,59,26,0,26,85
09/24/2022,BMI,IL,AGL,CE,Federal Contract Tower,7,6,14,0,27,0,0,30,0,30,7,6,44,0,57,10,0,10,67
09/25/2022,BMI,IL,AGL,CE,Federal Contract Tower,9,7,11,0,27,0,0,12,0,12,9,7,23,0,39,0,0,0,39
09/26/2022,BMI,IL,AGL,CE,Federal Contract Tower,14,4,15,0,33,0,0,23,0,23,14,4,38,0,56,18,0,18,74
09/27/2022,BMI,IL,AGL,CE,Federal Contract Tower,7,12,9,0,28,0,0,25,0,25,7,12,34,0,53,6,0,6,59
09/28/2022,BMI,IL,AGL,CE,Federal Contract Tower,8,18,9,0,35,0,0,29,0,29,8,18,38,0,64,4,0,4,68
09/29/2022,BMI,IL,AGL,CE,Federal Contract Tower,8,5,19,0,32,0,0,35,0,35,8,5,54,0,67,10,2,12,79
09/30/2022,BMI,IL,AGL,CE,Federal Contract Tower,13,4,11,1,29,0,0,22,0,22,13,4,33,1,51,8,0,8,59
10/01/2022,BMI,IL,AGL,CE,Federal Contract Tower,8,6,8,0,22,0,0,24,0,24,8,6,32,0,46,20,0,20,66
10/02/2022,BMI,IL,AGL,CE,Federal Contract Tower,7,4,12,0,23,0,0,18,0,18,7,4,30,0,41,2,0,2,43
10/03/2022,BMI,IL,AGL,CE,Federal Contract Tower,14,4,12,0,30,0,0,31,0,31,14,4,43,0,61,32,0,32,93
10/04/2022,BMI,IL,AGL,CE,Federal Contract Tower,9,5,13,0,27,0,0,33,0,33,9,5,46,0,60,28,0,28,88
10/05/2022,BMI,IL,AGL,CE,Federal Contract Tower,10,6,14,0,30,0,0,29,0,29,10,6,43,0,59,20,0,20,79
10/06/2022,BMI,IL,AGL,CE,Federal Contract Tower,12,6,12,0,30,0,0,23,0,23,12,6,35,0,53,10,0,10,63
10/07/2022,BMI,IL,AGL,CE,Federal Contract Tower,15,5,18,0,38,0,0,27,0,27,15,5,45,0,65,0,0,0,65
10/08/2022,BMI,IL,AGL,CE,Federal Contract Tower,6,4,10,0,20,0,0,24,0,24,6,4,34,0,44,4,0,4,48
10/09/2022,BMI,IL,AGL,CE,Federal Contract Tower,10,4,24,0,38,0,0,26,0,26,10,4,50,0,64,0,0,0,64
10/10/2022,BMI,IL,AGL,CE,Federal Contract Tower,13,4,17,0,34,0,0,38,0,38,13,4,55,0,72,16,0,16,88
10/11/2022,BMI,IL,AGL,CE,Federal Contract Tower,8,7,14,0,29,0,0,2,0,2,8,7,16,0,31,4,0,4,35
10/12/2022,BMI,IL,AGL,CE,Federal Contract Tower,9,6,14,0,29,0,0,4,0,4,9,6,18,0,33,2,0,2,35
10/13/2022,BMI,IL,AGL,CE,Federal Contract Tower,10,9,13,0,32,0,0,14,0,14,10,9,27,0,46,0,2,2,48
10/14/2022,BMI,IL,AGL,CE,Federal Contract Tower,16,9,13,0,38,0,0,13,0,13,16,9,26,0,51,4,0,4,55
10/15/2022,BMI,IL,AGL,CE,Federal Contract Tower,8,4,14,0,26,0,0,36,0,36,8,4,50,0,62,48,0,48,110
10/16/2022,BMI,IL,AGL,CE,Federal Contract Tower,9,5,6,0,20,0,0,20,0,20,9,5,26,0,40,4,0,4,44
10/17/2022,BMI,IL,AGL,CE,Federal Contract Tower,14,4,7,0,25,0,0,11,0,11,14,4,18,0,36,10,0,10,46
10/18/2022,BMI,IL,AGL,CE,Federal Contract Tower,8,6,7,0,21,0,0,21,0,21,8,6,28,0,42,34,0,34,76
10/19/2022,BMI,IL,AGL,CE,Federal Contract Tower,7,7,13,0,27,0,0,14,2,16,7,7,27,2,43,6,4,10,53
10/20/2022,BMI,IL,AGL,CE,Federal Contract Tower,10,9,9,0,28,0,0,29,0,29,10,9,38,0,57,16,0,16,73
10/21/2022,BMI,IL,AGL,CE,Federal Contract Tower,15,7,9,0,31,0,0,31,0,31,15,7,40,0,62,14,0,14,76
10/22/2022,BMI,IL,AGL,CE,Federal Contract Tower,9,6,2,0,17,0,0,16,0,16,9,6,18,0,33,8,0,8,41
10/23/2022,BMI,IL,AGL,CE,Federal Contract Tower,8,5,1,0,14,0,0,13,0,13,8,5,14,0,27,0,0,0,27
10/24/2022,BMI,IL,AGL,CE,Federal Contract Tower,13,8,9,0,30,0,0,7,0,7,13,8,16,0,37,0,0,0,37
10/25/2022,BMI,IL,AGL,CE,Federal Contract Tower,8,6,11,0,25,0,0,0,0,0,8,6,11,0,25,0,0,0,25
10/26/2022,BMI,IL,AGL,CE,Federal Contract Tower,10,4,4,1,19,0,0,17,0,17,10,4,21,1,36,24,0,24,60
10/27/2022,BMI,IL,AGL,CE,Federal Contract Tower,10,5,18,0,33,0,0,33,0,33,10,5,51,0,66,18,4,22,88
10/28/2022,BMI,IL,AGL,CE,Federal Contract Tower,15,4,19,0,38,0,0,47,0,47,15,4,66,0,85,32,0,32,117
10/29/2022,BMI,IL,AGL,CE,Federal Contract Tower,8,4,12,0,24,0,0,38,0,38,8,4,50,0,62,36,0,36,98
10/30/2022,BMI,IL,AGL,CE,Federal Contract Tower,9,4,11,0,24,0,0,7,0,7,9,4,18,0,31,0,0,0,31
10/31/2022,BMI,IL,AGL,CE,Federal Contract Tower,13,6,3,0,22,0,0,2,0,2,13,6,5,0,24,0,0,0,24
11/01/2022,BMI,IL,AGL,CE,Federal Contract Tower,9,6,26,0,41,0,0,29,0,29,9,6,55,0,70,26,0,26,96
11/02/2022,BMI,IL,AGL,CE,Federal Contract Tower,7,7,14,0,28,0,0,37,0,37,7,7,51,0,65,30,0,30,95
11/03/2022,BMI,IL,AGL,CE,Federal Contract Tower,9,9,7,0,25,0,0,18,0,18,9,9,25,0,43,26,0,26,69
11/04/2022,BMI,IL,AGL,CE,Federal Contract Tower,14,9,19,0,42,0,0,4,0,4,14,9,23,0,46,0,0,0,46
11/05/2022,BMI,IL,AGL,CE,Federal Contract Tower,10,3,6,1,20,0,0,1,0,1,10,3,7,1,21,0,0,0,21
11/06/2022,BMI,IL,AGL,CE,Federal Contract Tower,10,8,4,0,22,0,0,23,0,23,10,8,27,0,45,4,0,4,49
11/07/2022,BMI,IL,AGL,CE,Federal Contract Tower,10,7,16,0,33,0,0,23,0,23,10,7,39,0,56,6,0,6,62
11/08/2022,BMI,IL,AGL,CE,Federal Contract Tower,10,6,7,0,23,0,0,9,0,9,10,6,16,0,32,6,0,6,38
11/09/2022,BMI,IL,AGL,CE,Federal Contract Tower,7,4,16,0,27,0,0,11,0,11,7,4,27,0,38,8,0,8,46
11/10/2022,BMI,IL,AGL,CE,Federal Contract Tower,8,4,12,0,24,0,0,25,0,25,8,4,37,0,49,4,0,4,53
11/11/2022,BMI,IL,AGL,CE,Federal Contract Tower,12,9,8,0,29,0,0,28,0,28,12,9,36,0,57,20,0,20,77
11/12/2022,BMI,IL,AGL,CE,Federal Contract Tower,7,7,9,0,23,0,0,7,0,7,7,7,16,0,30,0,0,0,30
11/13/2022,BMI,IL,AGL,CE,Federal Contract Tower,12,6,12,0,30,0,0,48,0,48,12,6,60,0,78,42,0,42,120
11/14/2022,BMI,IL,AGL,CE,Federal Contract Tower,10,10,10,0,30,0,0,33,0,33,10,10,43,0,63,42,0,42,105
11/15/2022,BMI,IL,AGL,CE,Federal Contract Tower,8,6,3,0,17,0,0,0,0,0,8,6,3,0,17,0,0,0,17
11/16/2022,BMI,IL,AGL,CE,Federal Contract Tower,9,7,12,0,28,0,0,2,0,2,9,7,14,0,30,0,0,0,30
11/17/2022,BMI,IL,AGL,CE,Federal Contract Tower,13,10,8,0,31,0,0,13,0,13,13,10,21,0,44,2,2,4,48
11/18/2022,BMI,IL,AGL,CE,Federal Contract Tower,13,4,15,0,32,0,0,5,0,5,13,4,20,0,37,0,0,0,37
11/19/2022,BMI,IL,AGL,CE,Federal Contract Tower,9,4,3,4,20,0,0,5,0,5,9,4,8,4,25,6,44,50,75
11/20/2022,BMI,IL,AGL,CE,Federal Contract Tower,16,6,4,0,26,0,0,26,0,26,16,6,30,0,52,10,0,10,62
11/21/2022,BMI,IL,AGL,CE,Federal Contract Tower,9,8,6,0,23,0,0,19,0,19,9,8,25,0,42,34,0,34,76
11/22/2022,BMI,IL,AGL,CE,Federal Contract Tower,11,4,9,1,25,0,0,34,0,34,11,4,43,1,59,30,0,30,89
11/23/2022,BMI,IL,AGL,CE,Federal Contract Tower,9,4,3,0,16,0,0,31,0,31,9,4,34,0,47,42,0,42,89
11/24/2022,BMI,IL,AGL,CE,Federal Contract Tower,6,3,1,0,10,0,0,2,0,2,6,3,3,0,12,0,0,0,12
11/25/2022,BMI,IL,AGL,CE,Federal Contract Tower,8,5,4,0,17,0,0,19,0,19,8,5,23,0,36,14,0,14,50
11/26/2022,BMI,IL,AGL,CE,Federal Contract Tower,8,5,8,0,21,0,0,31,0,31,8,5,39,0,52,10,0,10,62
11/27/2022,BMI,IL,AGL,CE,Federal Contract Tower,14,5,10,0,29,0,0,1,0,1,14,5,11,0,30,0,0,0,30
11/28/2022,BMI,IL,AGL,CE,Federal Contract Tower,12,8,12,5,37,0,0,4,0,4,12,8,16,5,41,0,0,0,41
11/29/2022,BMI,IL,AGL,CE,Federal Contract Tower,10,4,7,0,21,0,0,2,0,2,10,4,9,0,23,0,0,0,23
11/30/2022,BMI,IL,AGL,CE,Federal Contract Tower,9,9,14,0,32,0,0,15,0,15,9,9,29,0,47,2,0,2,49
12/01/2022,BMI,IL,AGL,CE,Federal Contract Tower,12,7,22,0,41,0,0,23,0,23,12,7,45,0,64,26,0,26,90
12/02/2022,BMI,IL,AGL,CE,Federal Contract Tower,12,5,13,0,30,0,0,4,0,4,12,5,17,0,34,0,0,0,34
12/03/2022,BMI,IL,AGL,CE,Federal Contract Tower,7,8,5,0,20,0,0,23,0,23,7,8,28,0,43,44,0,44,87
12/04/2022,BMI,IL,AGL,CE,Federal Contract Tower,15,6,6,0,27,0,0,28,0,28,15,6,34,0,55,40,0,40,95
12/05/2022,BMI,IL,AGL,CE,Federal Contract Tower,10,5,13,0,28,0,0,6,0,6,10,5,19,0,34,8,0,8,42
12/06/2022,BMI,IL,AGL,CE,Federal Contract Tower,9,10,11,0,30,0,0,0,0,0,9,10,11,0,30,0,0,0,30
12/07/2022,BMI,IL,AGL,CE,Federal Contract Tower,6,6,17,0,29,0,0,11,0,11,6,6,28,0,40,26,0,26,66
12/08/2022,BMI,IL,AGL,CE,Federal Contract Tower,11,11,10,0,32,0,0,11,0,11,11,11,21,0,43,48,0,48,91
12/09/2022,BMI,IL,AGL,CE,Federal Contract Tower,11,6,8,0,25,0,0,0,0,0,11,6,8,0,25,0,0,0,25
12/10/2022,BMI,IL,AGL,CE,Federal Contract Tower,11,4,6,0,21,0,0,0,0,0,11,4,6,0,21,0,0,0,21
12/11/2022,BMI,IL,AGL,CE,Federal Contract Tower,13,7,15,0,35,0,0,2,0,2,13,7,17,0,37,0,4,4,41
12/12/2022,BMI,IL,AGL,CE,Federal Contract Tower,10,7,18,0,35,0,0,22,0,22,10,7,40,0,57,52,0,52,109
12/13/2022,BMI,IL,AGL,CE,Federal Contract Tower,8,10,18,0,36,0,0,14,0,14,8,10,32,0,50,10,0,10,60
12/14/2022,BMI,IL,AGL,CE,Federal Contract Tower,9,7,8,0,24,0,0,0,0,0,9,7,8,0,24,0,0,0,24
12/15/2022,BMI,IL,AGL,CE,Federal Contract Tower,9,5,9,2,25,0,0,5,1,6,9,5,14,3,31,26,2,28,59
12/16/2022,BMI,IL,AGL,CE,Federal Contract Tower,11,6,21,0,38,0,0,7,0,7,11,6,28,0,45,8,0,8,53
12/17/2022,BMI,IL,AGL,CE,Federal Contract Tower,9,5,6,0,20,0,0,5,0,5,9,5,11,0,25,2,0,2,27
12/18/2022,BMI,IL,AGL,CE,Federal Contract Tower,10,4,13,0,27,0,0,35,0,35,10,4,48,0,62,36,0,36,98
12/19/2022,BMI,IL,AGL,CE,Federal Contract Tower,10,6,8,1,25,0,0,31,1,32,10,6,39,2,57,18,0,18,75
12/20/2022,BMI,IL,AGL,CE,Federal Contract Tower,11,6,12,0,29,0,0,12,0,12,11,6,24,0,41,26,0,26,67
12/21/2022,BMI,IL,AGL,CE,Federal Contract Tower,10,7,13,0,30,0,0,3,0,3,10,7,16,0,33,0,0,0,33
12/22/2022,BMI,IL,AGL,CE,Federal Contract Tower,11,6,2,0,19,0,0,2,0,2,11,6,4,0,21,6,0,6,27
12/23/2022,BMI,IL,AGL,CE,Federal Contract Tower,6,3,0,0,9,0,0,0,0,0,6,3,0,0,9,0,0,0,9
12/24/2022,BMI,IL,AGL,CE,Federal Contract Tower,10,4,0,0,14,0,0,6,0,6,10,4,6,0,20,0,0,0,20
12/25/2022,BMI,IL,AGL,CE,Federal Contract Tower,11,4,1,0,16,0,0,13,0,13,11,4,14,0,29,2,0,2,31
12/26/2022,BMI,IL,AGL,CE,Federal Contract Tower,10,4,5,0,19,0,0,0,0,0,10,4,5,0,19,0,0,0,19
12/27/2022,BMI,IL,AGL,CE,Federal Contract Tower,13,6,12,0,31,0,0,36,0,36,13,6,48,0,67,50,0,50,117
12/28/2022,BMI,IL,AGL,CE,Federal Contract Tower,13,10,10,0,33,0,0,6,2,8,13,10,16,2,41,4,0,4,45
12/29/2022,BMI,IL,AGL,CE,Federal Contract Tower,14,11,9,0,34,0,0,1,0,1,14,11,10,0,35,0,0,0,35
12/30/2022,BMI,IL,AGL,CE,Federal Contract Tower,13,5,7,0,25,0,0,19,0,19,13,5,26,0,44,34,0,34,78
12/31/2022,BMI,IL,AGL,CE,Federal Contract Tower,11,3,4,0,18,0,0,33,0,33,11,3,37,0,51,54,0,54,105
01/01/2023,BMI,IL,AGL,CE,Federal Contract Tower,9,2,1,0,12,0,0,4,0,4,9,2,5,0,16,6,0,6,22
01/02/2023,BMI,IL,AGL,CE,Federal Contract Tower,7,3,5,0,15,0,0,0,0,0,7,3,5,0,15,0,0,0,15
01/03/2023,BMI,IL,AGL,CE,Federal Contract Tower,13,5,8,0,26,0,0,2,0,2,13,5,10,0,28,0,0,0,28
01/04/2023,BMI,IL,AGL,CE,Federal Contract Tower,10,6,1,0,17,0,0,5,0,5,10,6,6,0,22,0,0,0,22
01/05/2023,BMI,IL,AGL,CE,Federal Contract Tower,11,4,3,0,18,0,0,1,0,1,11,4,4,0,19,0,0,0,19
01/06/2023,BMI,IL,AGL,CE,Federal Contract Tower,15,6,15,0,36,0,0,18,0,18,15,6,33,0,54,6,0,6,60
01/07/2023,BMI,IL,AGL,CE,Federal Contract Tower,7,4,6,0,17,0,0,0,0,0,7,4,6,0,17,0,0,0,17
01/08/2023,BMI,IL,AGL,CE,Federal Contract Tower,10,3,11,0,24,0,0,4,0,4,10,3,15,0,28,0,0,0,28
01/09/2023,BMI,IL,AGL,CE,Federal Contract Tower,11,4,14,0,29,0,0,15,0,15,11,4,29,0,44,0,0,0,44
01/10/2023,BMI,IL,AGL,CE,Federal Contract Tower,7,2,2,0,11,0,0,33,1,34,7,2,35,1,45,10,0,10,55
01/11/2023,BMI,IL,AGL,CE,Federal Contract Tower,7,2,10,0,19,0,0,3,0,3,7,2,13,0,22,0,0,0,22
01/12/2023,BMI,IL,AGL,CE,Federal Contract Tower,10,3,1,0,14,0,0,0,0,0,10,3,1,0,14,0,0,0,14
01/13/2023,BMI,IL,AGL,CE,Federal Contract Tower,14,5,10,0,29,0,0,4,0,4,14,5,14,0,33,0,0,0,33
01/14/2023,BMI,IL,AGL,CE,Federal Contract Tower,7,3,8,0,18,0,0,14,0,14,7,3,22,0,32,2,0,2,34
01/15/2023,BMI,IL,AGL,CE,Federal Contract Tower,11,4,10,0,25,0,0,20,0,20,11,4,30,0,45,22,0,22,67
01/16/2023,BMI,IL,AGL,CE,Federal Contract Tower,12,3,4,0,19,0,0,2,0,2,12,3,6,0,21,0,0,0,21
01/17/2023,BMI,IL,AGL,CE,Federal Contract Tower,8,4,13,1,26,0,0,8,0,8,8,4,21,1,34,20,0,20,54
01/18/2023,BMI,IL,AGL,CE,Federal Contract Tower,7,5,15,0,27,0,0,0,0,0,7,5,15,0,27,0,0,0,27
01/19/2023,BMI,IL,AGL,CE,Federal Contract Tower,9,7,4,0,20,0,0,2,0,2,9,7,6,0,22,0,0,0,22
01/20/2023,BMI,IL,AGL,CE,Federal Contract Tower,14,5,7,0,26,0,0,9,0,9,14,5,16,0,35,0,14,14,49
01/21/2023,BMI,IL,AGL,CE,Federal Contract Tower,8,2,6,0,16,0,0,8,0,8,8,2,14,0,24,36,0,36,60
01/22/2023,BMI,IL,AGL,CE,Federal Contract Tower,11,4,0,0,15,0,0,1,0,1,11,4,1,0,16,6,0,6,22
01/23/2023,BMI,IL,AGL,CE,Federal Contract Tower,10,3,4,0,17,0,0,14,0,14,10,3,18,0,31,0,8,8,39
01/24/2023,BMI,IL,AGL,CE,Federal Contract Tower,8,4,6,0,18,0,0,15,0,15,8,4,21,0,33,8,0,8,41
01/25/2023,BMI,IL,AGL,CE,Federal Contract Tower,10,1,2,0,13,0,0,0,0,0,10,1,2,0,13,0,0,0,13
01/26/2023,BMI,IL,AGL,CE,Federal Contract Tower,10,6,4,0,20,0,0,6,0,6,10,6,10,0,26,2,0,2,28
01/27/2023,BMI,IL,AGL,CE,Federal Contract Tower,13,6,6,0,25,0,0,7,0,7,13,6,13,0,32,0,0,0,32
01/28/2023,BMI,IL,AGL,CE,Federal Contract Tower,6,4,0,0,10,0,0,15,0,15,6,4,15,0,25,24,0,24,49
01/29/2023,BMI,IL,AGL,CE,Federal Contract Tower,10,4,8,0,22,0,0,0,0,0,10,4,8,0,22,0,0,0,22
01/30/2023,BMI,IL,AGL,CE,Federal Contract Tower,9,2,10,0,21,0,0,11,0,11,9,2,21,0,32,34,4,38,70
01/31/2023,BMI,IL,AGL,CE,Federal Contract Tower,6,4,5,1,16,0,0,24,1,25,6,4,29,2,41,54,0,54,95
02/01/2023,BMI,IL,AGL,CE,Federal Contract Tower,4,3,10,0,17,0,0,14,0,14,4,3,24,0,31,38,0,38,69
02/02/2023,BMI,IL,AGL,CE,Federal Contract Tower,9,5,5,0,19,0,0,26,1,27,9,5,31,1,46,10,0,10,56
02/03/2023,BMI,IL,AGL,CE,Federal Contract Tower,15,4,12,0,31,0,0,38,0,38,15,4,50,0,69,28,0,28,97
02/04/2023,BMI,IL,AGL,CE,Federal Contract Tower,9,5,2,0,16,0,0,12,0,12,9,5,14,0,28,0,0,0,28
02/05/2023,BMI,IL,AGL,CE,Federal Contract Tower,12,7,7,1,27,0,0,15,1,16,12,7,22,2,43,4,0,4,47
02/06/2023,BMI,IL,AGL,CE,Federal Contract Tower,13,4,5,0,22,0,0,13,0,13,13,4,18,0,35,4,0,4,39
02/07/2023,BMI,IL,AGL,CE,Federal Contract Tower,7,6,7,0,20,0,0,16,0,16,7,6,23,0,36,36,0,36,72
02/08/2023,BMI,IL,AGL,CE,Federal Contract Tower,6,5,8,0,19,0,0,23,2,25,6,5,31,2,44,12,0,12,56
02/09/2023,BMI,IL,AGL,CE,Federal Contract Tower,8,4,4,0,16,0,0,0,0,0,8,4,4,0,16,0,0,0,16
02/10/2023,BMI,IL,AGL,CE,Federal Contract Tower,15,4,5,0,24,0,0,16,0,16,15,4,21,0,40,6,0,6,46
02/11/2023,BMI,IL,AGL,CE,Federal Contract Tower,8,5,11,0,24,0,0,35,0,35,8,5,46,0,59,30,0,30,89
02/12/2023,BMI,IL,AGL,CE,Federal Contract Tower,11,4,3,0,18,0,0,27,0,27,11,4,30,0,45,12,0,12,57
02/13/2023,BMI,IL,AGL,CE,Federal Contract Tower,11,7,14,0,32,0,0,37,0,37,11,7,51,0,69,30,0,30,99
02/14/2023,BMI,IL,AGL,CE,Federal Contract Tower,10,6,7,0,23,0,0,4,0,4,10,6,11,0,27,0,0,0,27
02/15/2023,BMI,IL,AGL,CE,Federal Contract Tower,6,4,5,0,15,0,0,6,0,6,6,4,11,0,21,12,0,12,33
02/16/2023,BMI,IL,AGL,CE,Federal Contract Tower,16,4,6,0,26,0,0,0,0,0,16,4,6,0,26,0,0,0,26
02/17/2023,BMI,IL,AGL,CE,Federal Contract Tower,11,5,13,0,29,0,0,22,0,22,11,5,35,0,51,28,0,28,79
02/18/2023,BMI,IL,AGL,CE,Federal Contract Tower,10,10,7,0,27,0,0,27,0,27,10,10,34,0,54,8,0,8,62
02/19/2023,BMI,IL,AGL,CE,Federal Contract Tower,13,5,1,0,19,0,0,27,0,27,13,5,28,0,46,4,0,4,50
02/20/2023,BMI,IL,AGL,CE,Federal Contract Tower,7,4,10,0,21,0,0,27,0,27,7,4,37,0,48,20,0,20,68
02/21/2023,BMI,IL,AGL,CE,Federal Contract Tower,9,6,12,1,28,0,0,27,1,28,9,6,39,2,56,14,0,14,70
02/22/2023,BMI,IL,AGL,CE,Federal Contract Tower,9,7,5,0,21,0,0,0,0,0,9,7,5,0,21,0,0,0,21
02/23/2023,BMI,IL,AGL,CE,Federal Contract Tower,10,8,9,1,28,0,0,2,0,2,10,8,11,1,30,0,0,0,30
02/24/2023,BMI,IL,AGL,CE,Federal Contract Tower,10,5,14,2,31,0,0,17,0,17,10,5,31,2,48,0,0,0,48
02/25/2023,BMI,IL,AGL,CE,Federal Contract Tower,9,5,3,0,17,0,0,13,0,13,9,5,16,0,30,4,0,4,34
02/26/2023,BMI,IL,AGL,CE,Federal Contract Tower,12,4,12,0,28,0,0,25,0,25,12,4,37,0,53,10,0,10,63
02/27/2023,BMI,IL,AGL,CE,Federal Contract Tower,6,7,7,0,20,0,0,0,0,0,6,7,7,0,20,0,0,0,20
02/28/2023,BMI,IL,AGL,CE,Federal Contract Tower,9,5,26,0,40,0,0,20,0,20,9,5,46,0,60,8,0,8,68
03/01/2023,BMI,IL,AGL,CE,Federal Contract Tower,7,6,6,0,19,0,0,15,0,15,7,6,21,0,34,28,0,28,62
03/02/2023,BMI,IL,AGL,CE,Federal Contract Tower,8,3,17,0,28,0,0,19,0,19,8,3,36,0,47,28,0,28,75
03/03/2023,BMI,IL,AGL,CE,Federal Contract Tower,5,6,4,0,15,0,0,0,0,0,5,6,4,0,15,0,0,0,15
03/04/2023,BMI,IL,AGL,CE,Federal Contract Tower,7,4,8,2,21,0,0,24,0,24,7,4,32,2,45,10,12,22,67
03/05/2023,BMI,IL,AGL,CE,Federal Contract Tower,9,4,6,0,19,0,0,31,0,31,9,4,37,0,50,22,0,22,72
03/06/2023,BMI,IL,AGL,CE,Federal Contract Tower,5,8,6,0,19,0,0,23,0,23,5,8,29,0,42,26,6,32,74
03/07/2023,BMI,IL,AGL,CE,Federal Contract Tower,8,3,8,3,22,0,0,9,2,11,8,3,17,5,33,8,0,8,41
03/08/2023,BMI,IL,AGL,CE,Federal Contract Tower,7,8,12,0,27,0,0,14,1,15,7,8,26,1,42,6,0,6,48
03/09/2023,BMI,IL,AGL,CE,Federal Contract Tower,10,7,10,0,27,0,0,7,0,7,10,7,17,0,34,8,0,8,42
03/10/2023,BMI,IL,AGL,CE,Federal Contract Tower,10,6,6,0,22,0,0,6,0,6,10,6,12,0,28,0,0,0,28
03/11/2023,BMI,IL,AGL,CE,Federal Contract Tower,9,10,4,0,23,0,0,6,0,6,9,10,10,0,29,16,0,16,45
03/12/2023,BMI,IL,AGL,CE,Federal Contract Tower,11,7,6,0,24,0,0,0,0,0,11,7,6,0,24,0,0,0,24
03/13/2023,BMI,IL,AGL,CE,Federal Contract Tower,6,10,16,0,32,0,0,0,0,0,6,10,16,0,32,2,0,2,34
03/14/2023,BMI,IL,AGL,CE,Federal Contract Tower,8,10,16,4,38,0,0,38,1,39,8,10,54,5,77,22,18,40,117
03/15/2023,BMI,IL,AGL,CE,Federal Contract Tower,8,4,26,0,38,0,0,21,0,21,8,4,47,0,59,20,0,20,79
03/16/2023,BMI,IL,AGL,CE,Federal Contract Tower,10,12,11,1,34,0,0,6,0,6,10,12,17,1,40,0,0,0,40
03/17/2023,BMI,IL,AGL,CE,Federal Contract Tower,11,6,12,2,31,0,2,6,0,8,11,8,18,2,39,0,0,0,39
03/18/2023,BMI,IL,AGL,CE,Federal Contract Tower,9,5,4,0,18,0,0,2,0,2,9,5,6,0,20,0,0,0,20
03/19/2023,BMI,IL,AGL,CE,Federal Contract Tower,12,4,13,0,29,0,0,72,0,72,12,4,85,0,101,16,0,16,117
03/20/2023,BMI,IL,AGL,CE,Federal Contract Tower,7,7,11,0,25,0,0,12,0,12,7,7,23,0,37,12,0,12,49
03/21/2023,BMI,IL,AGL,CE,Federal Contract Tower,8,6,9,0,23,0,0,6,0,6,8,6,15,0,29,0,0,0,29
03/22/2023,BMI,IL,AGL,CE,Federal Contract Tower,10,5,5,0,20,0,0,0,0,0,10,5,5,0,20,0,0,0,20
03/23/2023,BMI,IL,AGL,CE,Federal Contract Tower,11,4,10,0,25,0,0,0,0,0,11,4,10,0,25,0,0,0,25
03/24/2023,BMI,IL,AGL,CE,Federal Contract Tower,10,4,20,0,34,0,0,0,0,0,10,4,20,0,34,0,0,0,34
03/25/2023,BMI,IL,AGL,CE,Federal Contract Tower,7,6,5,0,18,0,0,4,0,4,7,6,9,0,22,0,0,0,22
03/26/2023,BMI,IL,AGL,CE,Federal Contract Tower,11,6,2,0,19,0,0,18,0,18,11,6,20,0,37,4,0,4,41
03/27/2023,BMI,IL,AGL,CE,Federal Contract Tower,6,4,10,3,23,0,0,9,0,9,6,4,19,3,32,8,2,10,42
03/28/2023,BMI,IL,AGL,CE,Federal Contract Tower,10,4,9,0,23,0,0,32,0,32,10,4,41,0,55,56,2,58,113
03/29/2023,BMI,IL,AGL,CE,Federal Contract Tower,9,4,11,1,25,0,0,24,0,24,9,4,35,1,49,12,0,12,61
03/30/2023,BMI,IL,AGL,CE,Federal Contract Tower,9,7,10,0,26,0,0,30,0,30,9,7,40,0,56,34,0,34,90
03/31/2023,BMI,IL,AGL,CE,Federal Contract Tower,8,5,5,0,18,0,0,2,0,2,8,5,7,0,20,2,0,2,22
04/01/2023,BMI,IL,AGL,CE,Federal Contract Tower,8,4,10,0,22,0,0,4,0,4,8,4,14,0,26,0,0,0,26
04/02/2023,BMI,IL,AGL,CE,Federal Contract Tower,11,5,7,0,23,0,0,19,0,19,11,5,26,0,42,2,0,2,44
04/03/2023,BMI,IL,AGL,CE,Federal Contract Tower,7,13,5,2,27,0,0,28,0,28,7,13,33,2,55,24,0,24,79
04/04/2023,BMI,IL,AGL,CE,Federal Contract Tower,6,7,7,0,20,0,0,4,0,4,6,7,11,0,24,0,0,0,24
04/05/2023,BMI,IL,AGL,CE,Federal Contract Tower,9,9,3,0,21,0,0,9,0,9,9,9,12,0,30,0,0,0,30
04/06/2023,BMI,IL,AGL,CE,Federal Contract Tower,8,8,5,0,21,0,0,30,0,30,8,8,35,0,51,12,2,14,65
04/07/2023,BMI,IL,AGL,CE,Federal Contract Tower,7,9,15,0,31,0,0,39,0,39,7,9,54,0,70,18,0,18,88
04/08/2023,BMI,IL,AGL,CE,Federal Contract Tower,10,4,3,0,17,0,0,33,0,33,10,4,36,0,50,32,0,32,82
04/09/2023,BMI,IL,AGL,CE,Federal Contract Tower,10,6,6,0,22,0,0,24,0,24,10,6,30,0,46,16,0,16,62
04/10/2023,BMI,IL,AGL,CE,Federal Contract Tower,6,4,13,0,23,0,0,38,0,38,6,4,51,0,61,16,0,16,77
04/11/2023,BMI,IL,AGL,CE,Federal Contract Tower,7,4,7,0,18,0,0,27,1,28,7,4,34,1,46,42,0,42,88
04/12/2023,BMI,IL,AGL,CE,Federal Contract Tower,9,5,16,0,30,0,0,36,0,36,9,5,52,0,66,38,0,38,104
04/13/2023,BMI,IL,AGL,CE,Federal Contract Tower,9,7,10,0,26,0,0,45,0,45,9,7,55,0,71,52,0,52,123
04/14/2023,BMI,IL,AGL,CE,Federal Contract Tower,10,11,13,0,34,0,0,34,0,34,10,11,47,0,68,16,0,16,84
04/15/2023,BMI,IL,AGL,CE,Federal Contract Tower,10,7,0,0,17,0,0,24,0,24,10,7,24,0,41,2,0,2,43
04/16/2023,BMI,IL,AGL,CE,Federal Contract Tower,10,6,5,0,21,0,0,4,0,4,10,6,9,0,25,0,0,0,25
04/17/2023,BMI,IL,AGL,CE,Federal Contract Tower,7,4,14,0,25,0,0,21,0,21,7,4,35,0,46,0,4,4,50
04/18/2023,BMI,IL,AGL,CE,Federal Contract Tower,7,4,20,0,31,0,0,53,0,53,7,4,73,0,84,68,2,70,154
04/19/2023,BMI,IL,AGL,CE,Federal Contract Tower,8,6,9,0,23,0,0,9,0,9,8,6,18,0,32,0,0,0,32
04/20/2023,BMI,IL,AGL,CE,Federal Contract Tower,11,8,10,0,29,0,0,2,0,2,11,8,12,0,31,0,0,0,31
04/21/2023,BMI,IL,AGL,CE,Federal Contract Tower,12,7,13,0,32,0,0,32,0,32,12,7,45,0,64,38,0,38,102
04/22/2023,BMI,IL,AGL,CE,Federal Contract Tower,9,5,2,0,16,0,0,11,0,11,9,5,13,0,27,14,0,14,41
04/23/2023,BMI,IL,AGL,CE,Federal Contract Tower,10,4,7,0,21,0,0,16,0,16,10,4,23,0,37,24,0,24,61
04/24/2023,BMI,IL,AGL,CE,Federal Contract Tower,9,12,16,0,37,0,0,32,0,32,9,12,48,0,69,18,0,18,87
04/25/2023,BMI,IL,AGL,CE,Federal Contract Tower,7,7,6,0,20,0,0,15,0,15,7,7,21,0,35,30,0,30,65
04/26/2023,BMI,IL,AGL,CE,Federal Contract Tower,8,6,10,0,24,0,0,34,0,34,8,6,44,0,58,60,0,60,118
04/27/2023,BMI,IL,AGL,CE,Federal Contract Tower,11,4,15,0,30,0,0,35,0,35,11,4,50,0,65,28,0,28,93
04/28/2023,BMI,IL,AGL,CE,Federal Contract Tower,9,6,9,0,24,0,0,64,1,65,9,6,73,1,89,60,0,60,149
04/29/2023,BMI,IL,AGL,CE,Federal Contract Tower,8,4,5,0,17,0,0,76,0,76,8,4,81,0,93,14,0,14,107
04/30/2023,BMI,IL,AGL,CE,Federal Contract Tower,10,4,5,0,19,0,0,7,0,7,10,4,12,0,26,0,0,0,26
05/01/2023,BMI,IL,AGL,CE,Federal Contract Tower,7,5,7,0,19,0,0,3,0,3,7,5,10,0,22,0,0,0,22
05/02/2023,BMI,IL,AGL,CE,Federal Contract Tower,7,6,4,1,18,0,0,19,0,19,7,6,23,1,37,4,6,10,47
05/03/2023,BMI,IL,AGL,CE,Federal Contract Tower,9,8,8,1,26,0,0,40,0,40,9,8,48,1,66,46,0,46,112
05/04/2023,BMI,IL,AGL,CE,Federal Contract Tower,9,3,18,0,30,0,0,46,0,46,9,3,64,0,76,40,0,40,116
05/05/2023,BMI,IL,AGL,CE,Federal Contract Tower,11,7,20,0,38,0,0,33,0,33,11,7,53,0,71,40,0,40,111
05/06/2023,BMI,IL,AGL,CE,Federal Contract Tower,8,4,5,1,18,0,0,11,0,11,8,4,16,1,29,4,10,14,43
05/07/2023,BMI,IL,AGL,CE,Federal Contract Tower,13,6,10,1,30,0,0,12,0,12,13,6,22,1,42,16,0,16,58
05/08/2023,BMI,IL,AGL,CE,Federal Contract Tower,6,7,18,0,31,0,0,9,0,9,6,7,27,0,40,10,0,10,50
05/09/2023,BMI,IL,AGL,CE,Federal Contract Tower,7,6,9,0,22,0,0,38,0,38,7,6,47,0,60,48,0,48,108
05/10/2023,BMI,IL,AGL,CE,Federal Contract Tower,9,9,15,0,33,0,0,32,0,32,9,9,47,0,65,24,0,24,89
05/11/2023,BMI,IL,AGL,CE,Federal Contract Tower,10,8,15,1,34,0,0,14,0,14,10,8,29,1,48,14,0,14,62
05/12/2023,BMI,IL,AGL,CE,Federal Contract Tower,12,6,18,0,36,0,0,9,0,9,12,6,27,0,45,10,0,10,55
05/13/2023,BMI,IL,AGL,CE,Federal Contract Tower,9,6,1,0,16,0,0,2,0,2,9,6,3,0,18,0,0,0,18
05/14/2023,BMI,IL,AGL,CE,Federal Contract Tower,13,5,12,0,30,0,0,3,0,3,13,5,15,0,33,0,0,0,33
05/15/2023,BMI,IL,AGL,CE,Federal Contract Tower,10,5,12,0,27,0,0,19,0,19,10,5,31,0,46,30,0,30,76
05/16/2023,BMI,IL,AGL,CE,Federal Contract Tower,8,7,12,0,27,0,0,22,0,22,8,7,34,0,49,32,0,32,81
05/17/2023,BMI,IL,AGL,CE,Federal Contract Tower,7,10,15,0,32,0,0,21,0,21,7,10,36,0,53,8,0,8,61
05/18/2023,BMI,IL,AGL,CE,Federal Contract Tower,12,11,23,0,46,0,0,31,3,34,12,11,54,3,80,14,0,14,94
05/19/2023,BMI,IL,AGL,CE,Federal Contract Tower,11,3,12,0,26,0,0,10,0,10,11,3,22,0,36,0,0,0,36
05/20/2023,BMI,IL,AGL,CE,Federal Contract Tower,7,5,4,0,16,0,0,35,0,35,7,5,39,0,51,18,0,18,69
05/21/2023,BMI,IL,AGL,CE,Federal Contract Tower,13,10,7,0,30,0,0,42,0,42,13,10,49,0,72,28,0,28,100
05/22/2023,BMI,IL,AGL,CE,Federal Contract Tower,10,7,11,0,28,0,0,44,0,44,10,7,55,0,72,50,0,50,122
05/23/2023,BMI,IL,AGL,CE,Federal Contract Tower,9,7,13,1,30,0,0,44,0,44,9,7,57,1,74,32,0,32,106
05/24/2023,BMI,IL,AGL,CE,Federal Contract Tower,8,4,9,1,22,0,0,32,0,32,8,4,41,1,54,26,0,26,80
05/25/2023,BMI,IL,AGL,CE,Federal Contract Tower,11,5,16,0,32,0,0,13,0,13,11,5,29,0,45,24,0,24,69
05/26/2023,BMI,IL,AGL,CE,Federal Contract Tower,12,8,12,0,32,0,0,38,0,38,12,8,50,0,70,24,0,24,94
05/27/2023,BMI,IL,AGL,CE,Federal Contract Tower,6,4,3,0,13,0,0,52,0,52,6,4,55,0,65,8,0,8,73
05/28/2023,BMI,IL,AGL,CE,Federal Contract Tower,10,4,3,0,17,0,0,16,0,16,10,4,19,0,33,22,0,22,55
05/29/2023,BMI,IL,AGL,CE,Federal Contract Tower,11,4,3,0,18,0,0,32,0,32,11,4,35,0,50,32,0,32,82
05/30/2023,BMI,IL,AGL,CE,Federal Contract Tower,7,9,15,1,32,0,0,29,0,29,7,9,44,1,61,48,4,52,113
05/31/2023,BMI,IL,AGL,CE,Federal Contract Tower,8,6,11,2,27,0,0,27,0,27,8,6,38,2,54,8,2,10,64
06/01/2023,BMI,IL,AGL,CE,Federal Contract Tower,11,9,13,0,33,0,0,27,0,27,11,9,40,0,60,20,0,20,80
06/02/2023,BMI,IL,AGL,CE,Federal Contract Tower,12,5,5,0,22,0,0,28,0,28,12,5,33,0,50,0,0,0,50
06/03/2023,BMI,IL,AGL,CE,Federal Contract Tower,7,6,11,0,24,0,0,16,0,16,7,6,27,0,40,18,0,18,58
06/04/2023,BMI,IL,AGL,CE,Federal Contract Tower,13,4,3,0,20,0,0,20,0,20,13,4,23,0,40,2,0,2,42
06/05/2023,BMI,IL,AGL,CE,Federal Contract Tower,9,7,9,2,27,0,0,21,6,27,9,7,30,8,54,26,10,36,90
06/06/2023,BMI,IL,AGL,CE,Federal Contract Tower,10,5,16,0,31,0,0,41,0,41,10,5,57,0,72,32,0,32,104
06/07/2023,BMI,IL,AGL,CE,Federal Contract Tower,7,6,7,0,20,0,0,26,1,27,7,6,33,1,47,18,0,18,65
06/08/2023,BMI,IL,AGL,CE,Federal Contract Tower,9,5,15,0,29,0,0,2,1,3,9,5,17,1,32,58,0,58,90
06/09/2023,BMI,IL,AGL,CE,Federal Contract Tower,12,4,11,0,27,0,0,29,0,29,12,4,40,0,56,30,0,30,86
06/10/2023,BMI,IL,AGL,CE,Federal Contract Tower,5,6,8,0,19,0,0,34,0,34,5,6,42,0,53,12,0,12,65
06/11/2023,BMI,IL,AGL,CE,Federal Contract Tower,12,5,13,0,30,0,0,4,0,4,12,5,17,0,34,0,0,0,34
06/12/2023,BMI,IL,AGL,CE,Federal Contract Tower,12,13,21,0,46,0,0,29,0,29,12,13,50,0,75,38,0,38,113
06/13/2023,BMI,IL,AGL,CE,Federal Contract Tower,12,10,11,0,33,0,0,25,0,25,12,10,36,0,58,34,0,34,92
06/14/2023,BMI,IL,AGL,CE,Federal Contract Tower,5,7,10,0,22,0,0,34,0,34,5,7,44,0,56,40,0,40,96
06/15/2023,BMI,IL,AGL,CE,Federal Contract Tower,11,6,22,2,41,0,0,30,0,30,11,6,52,2,71,44,12,56,127
06/16/2023,BMI,IL,AGL,CE,Federal Contract Tower,11,5,15,0,31,0,0,16,0,16,11,5,31,0,47,6,0,6,53
06/17/2023,BMI,IL,AGL,CE,Federal Contract Tower,10,5,9,0,24,0,0,24,0,24,10,5,33,0,48,12,0,12,60
06/18/2023,BMI,IL,AGL,CE,Federal Contract Tower,12,6,4,0,22,0,0,18,0,18,12,6,22,0,40,16,0,16,56
06/19/2023,BMI,IL,AGL,CE,Federal Contract Tower,10,3,19,0,32,0,0,25,0,25,10,3,44,0,57,0,0,0,57
06/20/2023,BMI,IL,AGL,CE,Federal Contract Tower,11,4,22,0,37,0,0,17,4,21,11,4,39,4,58,16,16,32,90
06/21/2023,BMI,IL,AGL,CE,Federal Contract Tower,10,4,14,0,28,0,0,17,0,17,10,4,31,0,45,6,0,6,51
06/22/2023,BMI,IL,AGL,CE,Federal Contract Tower,11,5,26,0,42,0,0,31,2,33,11,5,57,2,75,46,0,46,121
06/23/2023,BMI,IL,AGL,CE,Federal Contract Tower,12,3,9,2,26,0,0,26,0,26,12,3,35,2,52,12,4,16,68
06/24/2023,BMI,IL,AGL,CE,Federal Contract Tower,7,3,6,0,16,0,0,36,0,36,7,3,42,0,52,16,0,16,68
06/25/2023,BMI,IL,AGL,CE,Federal Contract Tower,16,3,8,0,27,0,0,12,0,12,16,3,20,0,39,6,0,6,45
06/26/2023,BMI,IL,AGL,CE,Federal Contract Tower,10,4,21,0,35,0,0,14,0,14,10,4,35,0,49,6,0,6,55
06/27/2023,BMI,IL,AGL,CE,Federal Contract Tower,13,5,19,2,39,0,0,6,0,6,13,5,25,2,45,0,0,0,45
06/28/2023,BMI,IL,AGL,CE,Federal Contract Tower,9,4,19,0,32,0,0,0,0,0,9,4,19,0,32,0,0,0,32
06/29/2023,BMI,IL,AGL,CE,Federal Contract Tower,12,4,12,0,28,0,0,15,0,15,12,4,27,0,43,0,0,0,43
06/30/2023,BMI,IL,AGL,CE,Federal Contract Tower,14,6,15,0,35,0,0,20,0,20,14,6,35,0,55,30,0,30,85
07/01/2023,BMI,IL,AGL,CE,Federal Contract Tower,8,4,3,0,15,0,0,2,0,2,8,4,5,0,17,6,0,6,23
07/02/2023,BMI,IL,AGL,CE,Federal Contract Tower,8,4,1,0,13,0,0,2,0,2,8,4,3,0,15,0,0,0,15
07/03/2023,BMI,IL,AGL,CE,Federal Contract Tower,10,4,7,0,21,0,0,38,0,38,10,4,45,0,59,24,0,24,83
07/04/2023,BMI,IL,AGL,CE,Federal Contract Tower,11,5,3,0,19,0,0,24,0,24,11,5,27,0,43,12,0,12,55
07/05/2023,BMI,IL,AGL,CE,Federal Contract Tower,8,6,11,0,25,0,0,16,0,16,8,6,27,0,41,30,0,30,71
07/06/2023,BMI,IL,AGL,CE,Federal Contract Tower,11,13,19,1,44,0,0,25,0,25,11,13,44,1,69,12,2,14,83
07/07/2023,BMI,IL,AGL,CE,Federal Contract Tower,13,4,9,0,26,0,0,44,0,44,13,4,53,0,70,22,0,22,92
07/08/2023,BMI,IL,AGL,CE,Federal Contract Tower,7,6,7,0,20,0,0,16,0,16,7,6,23,0,36,8,0,8,44
07/09/2023,BMI,IL,AGL,CE,Federal Contract Tower,13,4,6,1,24,0,0,46,0,46,13,4,52,1,70,38,0,38,108
07/10/2023,BMI,IL,AGL,CE,Federal Contract Tower,10,13,20,2,45,0,0,31,0,31,10,13,51,2,76,4,14,18,94
07/11/2023,BMI,IL,AGL,CE,Federal Contract Tower,16,6,7,1,30,0,0,28,0,28,16,6,35,1,58,4,6,10,68
07/12/2023,BMI,IL,AGL,CE,Federal Contract Tower,7,3,21,0,31,0,0,7,0,7,7,3,28,0,38,0,0,0,38
07/13/2023,BMI,IL,AGL,CE,Federal Contract Tower,12,7,13,0,32,0,0,22,0,22,12,7,35,0,54,38,0,38,92
07/14/2023,BMI,IL,AGL,CE,Federal Contract Tower,10,5,17,0,32,0,0,28,2,30,10,5,45,2,62,42,10,52,114
07/15/2023,BMI,IL,AGL,CE,Federal Contract Tower,7,8,8,2,25,0,0,62,1,63,7,8,70,3,88,12,0,12,100
07/16/2023,BMI,IL,AGL,CE,Federal Contract Tower,11,5,9,0,25,0,0,20,2,22,11,5,29,2,47,12,0,12,59
07/17/2023,BMI,IL,AGL,CE,Federal Contract Tower,12,6,12,0,30,0,0,16,0,16,12,6,28,0,46,46,0,46,92
07/18/2023,BMI,IL,AGL,CE,Federal Contract Tower,9,3,7,0,19,0,0,47,0,47,9,3,54,0,66,68,10,78,144
07/19/2023,BMI,IL,AGL,CE,Federal Contract Tower,10,5,26,0,41,0,0,27,0,27,10,5,53,0,68,30,2,32,100
07/20/2023,BMI,IL,AGL,CE,Federal Contract Tower,12,5,15,0,32,0,0,11,0,11,12,5,26,0,43,2,0,2,45
07/21/2023,BMI,IL,AGL,CE,Federal Contract Tower,13,8,8,0,29,0,0,44,0,44,13,8,52,0,73,80,0,80,153
07/22/2023,BMI,IL,AGL,CE,Federal Contract Tower,5,7,9,0,21,0,0,45,0,45,5,7,54,0,66,32,0,32,98
07/23/2023,BMI,IL,AGL,CE,Federal Contract Tower,13,7,8,0,28,0,0,23,0,23,13,7,31,0,51,26,0,26,77
07/24/2023,BMI,IL,AGL,CE,Federal Contract Tower,9,6,6,0,21,0,0,35,0,35,9,6,41,0,56,74,0,74,130
07/25/2023,BMI,IL,AGL,CE,Federal Contract Tower,10,6,13,0,29,0,0,39,0,39,10,6,52,0,68,6,8,14,82
07/26/2023,BMI,IL,AGL,CE,Federal Contract Tower,8,6,12,0,26,0,0,8,0,8,8,6,20,0,34,0,0,0,34
07/27/2023,BMI,IL,AGL,CE,Federal Contract Tower,13,6,18,2,39,0,0,21,0,21,13,6,39,2,60,20,0,20,80
07/28/2023,BMI,IL,AGL,CE,Federal Contract Tower,13,7,9,0,29,0,0,32,0,32,13,7,41,0,61,24,0,24,85
07/29/2023,BMI,IL,AGL,CE,Federal Contract Tower,9,7,4,0,20,0,0,26,0,26,9,7,30,0,46,28,0,28,74
07/30/2023,BMI,IL,AGL,CE,Federal Contract Tower,15,4,13,0,32,0,0,23,0,23,15,4,36,0,55,2,0,2,57
07/31/2023,BMI,IL,AGL,CE,Federal Contract Tower,8,4,10,0,22,0,0,54,0,54,8,4,64,0,76,48,0,48,124
08/01/2023,BMI,IL,AGL,CE,Federal Contract Tower,10,8,8,0,26,0,0,44,0,44,10,8,52,0,70,12,0,12,82
08/02/2023,BMI,IL,AGL,CE,Federal Contract Tower,9,4,17,0,30,0,0,19,0,19,9,4,36,0,49,14,0,14,63
08/03/2023,BMI,IL,AGL,CE,Federal Contract Tower,13,8,14,0,35,0,0,21,0,21,13,8,35,0,56,10,0,10,66
08/04/2023,BMI,IL,AGL,CE,Federal Contract Tower,12,5,12,0,29,0,0,40,0,40,12,5,52,0,69,34,0,34,103
08/05/2023,BMI,IL,AGL,CE,Federal Contract Tower,10,3,3,0,16,0,0,2,0,2,10,3,5,0,18,0,0,0,18
08/06/2023,BMI,IL,AGL,CE,Federal Contract Tower,12,4,5,0,21,0,0,3,0,3,12,4,8,0,24,0,0,0,24
08/07/2023,BMI,IL,AGL,CE,Federal Contract Tower,10,4,15,0,29,0,0,5,0,5,10,4,20,0,34,0,0,0,34
08/08/2023,BMI,IL,AGL,CE,Federal Contract Tower,11,5,10,0,26,0,0,35,0,35,11,5,45,0,61,24,0,24,85
08/09/2023,BMI,IL,AGL,CE,Federal Contract Tower,7,8,15,0,30,0,0,14,0,14,7,8,29,0,44,14,0,14,58
08/10/2023,BMI,IL,AGL,CE,Federal Contract Tower,13,6,25,0,44,0,0,32,0,32,13,6,57,0,76,36,0,36,112
08/11/2023,BMI,IL,AGL,CE,Federal Contract Tower,11,4,13,0,28,0,0,12,0,12,11,4,25,0,40,0,0,0,40
08/12/2023,BMI,IL,AGL,CE,Federal Contract Tower,8,3,9,0,20,0,0,42,0,42,8,3,51,0,62,16,0,16,78
08/13/2023,BMI,IL,AGL,CE,Federal Contract Tower,14,7,10,0,31,0,0,43,0,43,14,7,53,0,74,4,0,4,78
08/14/2023,BMI,IL,AGL,CE,Federal Contract Tower,9,7,14,0,30,0,0,4,0,4,9,7,18,0,34,0,0,0,34
08/15/2023,BMI,IL,AGL,CE,Federal Contract Tower,10,6,13,0,29,0,0,19,0,19,10,6,32,0,48,30,0,30,78
08/16/2023,BMI,IL,AGL,CE,Federal Contract Tower,8,8,18,0,34,0,0,29,0,29,8,8,47,0,63,16,0,16,79
08/17/2023,BMI,IL,AGL,CE,Federal Contract Tower,11,18,12,0,41,0,0,18,0,18,11,18,30,0,59,6,0,6,65
08/18/2023,BMI,IL,AGL,CE,Federal Contract Tower,12,5,8,0,25,0,0,33,0,33,12,5,41,0,58,52,0,52,110
08/19/2023,BMI,IL,AGL,CE,Federal Contract Tower,6,4,5,0,15,0,0,31,0,31,6,4,36,0,46,34,0,34,80
08/20/2023,BMI,IL,AGL,CE,Federal Contract Tower,12,4,9,0,25,0,0,28,0,28,12,4,37,0,53,8,0,8,61
08/21/2023,BMI,IL,AGL,CE,Federal Contract Tower,10,4,15,0,29,0,0,20,0,20,10,4,35,0,49,44,0,44,93
08/22/2023,BMI,IL,AGL,CE,Federal Contract Tower,10,5,22,0,37,0,0,22,1,23,10,5,44,1,60,56,0,56,116
08/23/2023,BMI,IL,AGL,CE,Federal Contract Tower,8,5,22,0,35,0,0,16,5,21,8,5,38,5,56,36,6,42,98
08/24/2023,BMI,IL,AGL,CE,Federal Contract Tower,12,8,22,0,42,0,0,39,0,39,12,8,61,0,81,14,0,14,95
08/25/2023,BMI,IL,AGL,CE,Federal Contract Tower,12,5,10,0,27,0,0,37,0,37,12,5,47,0,64,18,0,18,82
08/26/2023,BMI,IL,AGL,CE,Federal Contract Tower,8,3,9,0,20,0,0,36,0,36,8,3,45,0,56,12,0,12,68
08/27/2023,BMI,IL,AGL,CE,Federal Contract Tower,11,4,10,0,25,0,0,26,0,26,11,4,36,0,51,34,0,34,85
08/28/2023,BMI,IL,AGL,CE,Federal Contract Tower,10,4,16,0,30,0,0,49,0,49,10,4,65,0,79,18,0,18,97
08/29/2023,BMI,IL,AGL,CE,Federal Contract Tower,10,3,22,0,35,0,0,19,0,19,10,3,41,0,54,14,0,14,68
08/30/2023,BMI,IL,AGL,CE,Federal Contract Tower,8,6,13,0,27,0,0,30,3,33,8,6,43,3,60,20,0,20,80
08/31/2023,BMI,IL,AGL,CE,Federal Contract Tower,12,4,18,0,34,0,0,32,0,32,12,4,50,0,66,34,0,34,100
