01/01/2000,BNA,TN,ASO,CE,Towers with Radar,192,22,60,0,274,0,0,0,0,0,192,22,60,0,274,15,0,15,289
01/02/2000,BNA,TN,ASO,CE,Towers with Radar,314,29,60,1,404,0,2,5,0,7,314,31,65,1,411,0,0,0,411
01/03/2000,BNA,TN,ASO,CE,Towers with Radar,353,83,77,9,522,0,1,5,0,6,353,84,82,9,528,1,0,1,529
01/04/2000,BNA,TN,ASO,CE,Towers with Radar,353,84,82,9,528,0,0,0,0,0,353,84,82,9,528,8,0,8,536
01/05/2000,BNA,TN,ASO,CE,Towers with Radar,368,133,174,17,692,0,3,66,4,73,368,136,240,21,765,8,0,8,773
01/06/2000,BNA,TN,ASO,CE,Towers with Radar,375,118,187,10,690,1,1,79,6,87,376,119,266,16,777,19,0,19,796
01/07/2000,BNA,TN,ASO,CE,Towers with Radar,362,118,136,11,627,2,4,71,6,83,364,122,207,17,710,31,0,31,741
01/08/2000,BNA,TN,ASO,CE,Towers with Radar,267,41,101,6,415,32,0,62,0,94,299,41,163,6,509,19,0,19,528
01/09/2000,BNA,TN,ASO,CE,Towers with Radar,316,33,58,6,413,0,1,23,1,25,316,34,81,7,438,0,0,0,438
01/10/2000,BNA,TN,ASO,CE,Towers with Radar,359,101,129,18,607,0,3,57,1,61,359,104,186,19,668,22,0,22,690
01/11/2000,BNA,TN,ASO,CE,Towers with Radar,352,139,137,16,644,0,1,89,0,90,352,140,226,16,734,20,0,20,754
01/12/2000,BNA,TN,ASO,CE,Towers with Radar,365,128,164,21,678,0,2,28,0,30,365,130,192,21,708,13,0,13,721
01/13/2000,BNA,TN,ASO,CE,Towers with Radar,357,131,175,9,672,3,2,74,2,81,360,133,249,11,753,34,0,34,787
01/14/2000,BNA,TN,ASO,CE,Towers with Radar,368,117,158,8,651,0,1,86,1,88,368,118,244,9,739,45,0,45,784
01/15/2000,BNA,TN,ASO,CE,Towers with Radar,299,39,56,8,402,0,3,92,0,95,299,42,148,8,497,22,0,22,519
01/16/2000,BNA,TN,ASO,CE,Towers with Radar,315,51,117,2,485,0,0,21,0,21,315,51,138,2,506,0,0,0,506
01/17/2000,BNA,TN,ASO,CE,Towers with Radar,348,70,119,1,538,0,0,55,0,55,348,70,174,1,593,5,0,5,598
01/18/2000,BNA,TN,ASO,CE,Towers with Radar,365,122,180,10,677,0,0,1,0,1,365,122,181,10,678,0,0,0,678
01/19/2000,BNA,TN,ASO,CE,Towers with Radar,354,127,172,10,663,0,0,1,0,1,354,127,173,10,664,0,0,0,664
01/20/2000,BNA,TN,ASO,CE,Towers with Radar,362,124,174,6,666,0,0,42,3,45,362,124,216,9,711,20,0,20,731
01/21/2000,BNA,TN,ASO,CE,Towers with Radar,371,114,152,9,646,0,11,89,5,105,371,125,241,14,751,15,0,15,766
01/22/2000,BNA,TN,ASO,CE,Towers with Radar,290,27,58,2,377,0,0,1,0,1,290,27,59,2,378,9,0,9,387
01/23/2000,BNA,TN,ASO,CE,Towers with Radar,291,40,92,2,425,0,0,1,0,1,291,40,93,2,426,0,0,0,426
01/24/2000,BNA,TN,ASO,CE,Towers with Radar,357,101,125,6,589,0,0,51,1,52,357,101,176,7,641,0,0,0,641
01/25/2000,BNA,TN,ASO,CE,Towers with Radar,321,133,164,8,626,0,0,1,0,1,321,133,165,8,627,0,0,0,627
01/26/2000,BNA,TN,ASO,CE,Towers with Radar,337,106,143,9,595,0,19,11,3,33,337,125,154,12,628,0,0,0,628
01/27/2000,BNA,TN,ASO,CE,Towers with Radar,320,108,146,8,582,0,20,66,1,87,320,128,212,9,669,33,0,33,702
01/28/2000,BNA,TN,ASO,CE,Towers with Radar,349,137,130,6,622,0,0,31,2,33,349,137,161,8,655,43,0,43,698
01/29/2000,BNA,TN,ASO,CE,Towers with Radar,185,41,27,2,255,83,0,0,0,83,268,41,27,2,338,0,0,0,338
01/30/2000,BNA,TN,ASO,CE,Towers with Radar,241,45,92,5,383,40,0,4,4,48,281,45,96,9,431,0,0,0,431
01/31/2000,BNA,TN,ASO,CE,Towers with Radar,351,111,188,5,655,2,0,48,5,55,353,111,236,10,710,25,0,25,735
02/01/2000,BNA,TN,ASO,CE,Towers with Radar,345,143,139,10,637,0,1,45,1,47,345,144,184,11,684,0,0,0,684
02/02/2000,BNA,TN,ASO,CE,Towers with Radar,356,121,152,9,638,0,1,76,1,78,356,122,228,10,716,18,0,18,734
02/03/2000,BNA,TN,ASO,CE,Towers with Radar,347,135,172,15,669,0,1,70,3,74,347,136,242,18,743,25,0,25,768
02/04/2000,BNA,TN,ASO,CE,Towers with Radar,344,139,173,7,663,0,2,31,0,33,344,141,204,7,696,21,0,21,717
02/05/2000,BNA,TN,ASO,CE,Towers with Radar,287,42,89,12,430,0,3,97,1,101,287,45,186,13,531,11,0,11,542
02/06/2000,BNA,TN,ASO,CE,Towers with Radar,310,41,75,6,432,0,3,66,2,71,310,44,141,8,503,0,0,0,503
02/07/2000,BNA,TN,ASO,CE,Towers with Radar,343,115,111,17,586,0,1,82,0,83,343,116,193,17,669,14,0,14,683
02/08/2000,BNA,TN,ASO,CE,Towers with Radar,353,145,155,14,667,0,3,71,1,75,353,148,226,15,742,0,0,0,742
02/09/2000,BNA,TN,ASO,CE,Towers with Radar,351,136,147,17,651,0,4,79,0,83,351,140,226,17,734,34,0,34,768
02/10/2000,BNA,TN,ASO,CE,Towers with Radar,347,145,174,16,682,0,4,57,2,63,347,149,231,18,745,42,0,42,787
02/11/2000,BNA,TN,ASO,CE,Towers with Radar,343,153,173,10,679,0,2,6,0,8,343,155,179,10,687,8,0,8,695
02/12/2000,BNA,TN,ASO,CE,Towers with Radar,293,48,73,3,417,0,1,2,0,3,293,49,75,3,420,5,0,5,425
02/13/2000,BNA,TN,ASO,CE,Towers with Radar,291,31,43,5,370,0,1,1,0,2,291,32,44,5,372,0,0,0,372
02/14/2000,BNA,TN,ASO,CE,Towers with Radar,347,119,143,11,620,0,1,14,6,21,347,120,157,17,641,8,0,8,649
02/15/2000,BNA,TN,ASO,CE,Towers with Radar,348,142,174,19,683,0,1,107,2,110,348,143,281,21,793,0,0,0,793
02/16/2000,BNA,TN,ASO,CE,Towers with Radar,346,152,209,14,721,0,6,82,2,90,346,158,291,16,811,30,0,30,841
02/17/2000,BNA,TN,ASO,CE,Towers with Radar,349,138,214,8,709,0,3,59,1,63,349,141,273,9,772,45,0,45,817
02/18/2000,BNA,TN,ASO,CE,Towers with Radar,331,115,134,10,590,0,1,6,0,7,331,116,140,10,597,0,0,0,597
02/19/2000,BNA,TN,ASO,CE,Towers with Radar,255,56,105,3,419,44,0,6,0,50,299,56,111,3,469,0,0,0,469
02/20/2000,BNA,TN,ASO,CE,Towers with Radar,314,48,100,4,466,0,1,75,0,76,314,49,175,4,542,0,0,0,542
02/21/2000,BNA,TN,ASO,CE,Towers with Radar,337,72,113,3,525,0,2,104,0,106,337,74,217,3,631,32,0,32,663
02/22/2000,BNA,TN,ASO,CE,Towers with Radar,354,127,166,22,669,1,2,80,3,86,355,129,246,25,755,0,0,0,755
02/23/2000,BNA,TN,ASO,CE,Towers with Radar,241,148,158,15,562,0,2,55,2,59,241,150,213,17,621,0,0,0,621
02/24/2000,BNA,TN,ASO,CE,Towers with Radar,352,160,212,5,729,0,1,40,3,44,352,161,252,8,773,21,0,21,794
02/25/2000,BNA,TN,ASO,CE,Towers with Radar,341,153,145,9,648,0,2,81,5,88,341,155,226,14,736,10,0,10,746
02/26/2000,BNA,TN,ASO,CE,Towers with Radar,299,52,66,0,417,0,2,20,2,24,299,54,86,2,441,12,0,12,453
02/27/2000,BNA,TN,ASO,CE,Towers with Radar,302,51,77,8,438,0,1,43,0,44,302,52,120,8,482,0,0,0,482
02/28/2000,BNA,TN,ASO,CE,Towers with Radar,336,116,135,7,594,0,5,100,1,106,336,121,235,8,700,23,0,23,723
02/29/2000,BNA,TN,ASO,CE,Towers with Radar,343,144,184,24,695,1,2,106,1,110,344,146,290,25,805,16,0,16,821
03/01/2000,BNA,TN,ASO,CE,Towers with Radar,350,145,157,15,667,0,3,80,1,84,350,148,237,16,751,8,0,8,759
03/02/2000,BNA,TN,ASO,CE,Towers with Radar,364,153,195,9,721,1,3,99,5,108,365,156,294,14,829,24,0,24,853
03/03/2000,BNA,TN,ASO,CE,Towers with Radar,343,149,153,4,649,0,2,50,0,52,343,151,203,4,701,18,0,18,719
03/04/2000,BNA,TN,ASO,CE,Towers with Radar,295,49,70,5,419,0,2,65,0,67,295,51,135,5,486,17,0,17,503
03/05/2000,BNA,TN,ASO,CE,Towers with Radar,304,47,87,7,445,0,2,93,0,95,304,49,180,7,540,21,0,21,561
03/06/2000,BNA,TN,ASO,CE,Towers with Radar,337,111,112,15,575,0,7,92,0,99,337,118,204,15,674,5,0,5,679
03/07/2000,BNA,TN,ASO,CE,Towers with Radar,349,156,201,13,719,0,6,94,1,101,349,162,295,14,820,0,0,0,820
03/08/2000,BNA,TN,ASO,CE,Towers with Radar,344,153,193,22,712,0,6,91,3,100,344,159,284,25,812,15,0,15,827
03/09/2000,BNA,TN,ASO,CE,Towers with Radar,345,159,198,9,711,0,1,53,3,57,345,160,251,12,768,15,0,15,783
03/10/2000,BNA,TN,ASO,CE,Towers with Radar,356,163,159,22,700,0,1,56,0,57,356,164,215,22,757,22,0,22,779
03/11/2000,BNA,TN,ASO,CE,Towers with Radar,307,55,59,3,424,0,2,3,0,5,307,57,62,3,429,0,0,0,429
03/12/2000,BNA,TN,ASO,CE,Towers with Radar,314,56,91,8,469,0,8,77,0,85,314,64,168,8,554,5,0,5,559
03/13/2000,BNA,TN,ASO,CE,Towers with Radar,353,110,129,14,606,0,4,98,0,102,353,114,227,14,708,10,0,10,718
03/14/2000,BNA,TN,ASO,CE,Towers with Radar,379,123,149,14,665,0,6,99,4,109,379,129,248,18,774,0,0,0,774
03/15/2000,BNA,TN,ASO,CE,Towers with Radar,371,131,184,24,710,0,2,70,2,74,371,133,254,26,784,18,0,18,802
03/16/2000,BNA,TN,ASO,CE,Towers with Radar,376,144,154,7,681,0,1,10,2,13,376,145,164,9,694,0,0,0,694
03/17/2000,BNA,TN,ASO,CE,Towers with Radar,392,138,235,12,777,0,3,63,1,67,392,141,298,13,844,16,0,16,860
03/18/2000,BNA,TN,ASO,CE,Towers with Radar,325,39,21,3,388,0,4,0,5,9,325,43,21,8,397,27,0,27,424
03/19/2000,BNA,TN,ASO,CE,Towers with Radar,331,40,98,6,475,0,1,4,1,6,331,41,102,7,481,0,0,0,481
03/20/2000,BNA,TN,ASO,CE,Towers with Radar,378,103,133,19,633,0,1,27,4,32,378,104,160,23,665,5,0,5,670
03/21/2000,BNA,TN,ASO,CE,Towers with Radar,365,134,178,12,689,0,2,71,3,76,365,136,249,15,765,0,0,0,765
03/22/2000,BNA,TN,ASO,CE,Towers with Radar,385,138,166,18,707,0,7,104,9,120,385,145,270,27,827,0,0,0,827
03/23/2000,BNA,TN,ASO,CE,Towers with Radar,373,143,176,4,696,0,1,101,4,106,373,144,277,8,802,7,0,7,809
03/24/2000,BNA,TN,ASO,CE,Towers with Radar,380,131,156,13,680,0,3,88,4,95,380,134,244,17,775,7,0,7,782
03/25/2000,BNA,TN,ASO,CE,Towers with Radar,260,45,110,9,424,67,0,90,1,158,327,45,200,10,582,19,0,19,601
03/26/2000,BNA,TN,ASO,CE,Towers with Radar,327,44,114,10,495,0,1,86,0,87,327,45,200,10,582,19,0,19,601
03/27/2000,BNA,TN,ASO,CE,Towers with Radar,369,100,131,13,613,0,1,70,0,71,369,101,201,13,684,0,0,0,684
03/28/2000,BNA,TN,ASO,CE,Towers with Radar,377,142,185,5,709,0,2,89,2,93,377,144,274,7,802,17,0,17,819
03/29/2000,BNA,TN,ASO,CE,Towers with Radar,375,127,184,19,705,0,1,58,1,60,375,128,242,20,765,13,0,13,778
03/30/2000,BNA,TN,ASO,CE,Towers with Radar,380,152,218,11,761,0,1,51,3,55,380,153,269,14,816,6,0,6,822
03/31/2000,BNA,TN,ASO,CE,Towers with Radar,385,130,160,8,683,1,1,104,7,113,386,131,264,15,796,13,0,13,809
04/01/2000,BNA,TN,ASO,CE,Towers with Radar,325,47,99,9,480,0,2,91,6,99,325,49,190,15,579,22,0,22,601
04/02/2000,BNA,TN,ASO,CE,Towers with Radar,340,37,107,11,495,0,2,13,0,15,340,39,120,11,510,7,0,7,517
04/03/2000,BNA,TN,ASO,CE,Towers with Radar,351,101,114,0,566,0,2,3,0,5,351,103,117,0,571,0,0,0,571
04/04/2000,BNA,TN,ASO,CE,Towers with Radar,374,142,156,20,692,0,3,51,2,56,374,145,207,22,748,0,0,0,748
04/05/2000,BNA,TN,ASO,CE,Towers with Radar,369,131,185,18,703,0,7,94,4,105,369,138,279,22,808,5,0,5,813
04/06/2000,BNA,TN,ASO,CE,Towers with Radar,382,136,203,9,730,0,4,108,2,114,382,140,311,11,844,7,0,7,851
04/07/2000,BNA,TN,ASO,CE,Towers with Radar,380,133,199,13,725,0,3,50,0,53,380,136,249,13,778,16,0,16,794
04/08/2000,BNA,TN,ASO,CE,Towers with Radar,345,35,144,2,526,0,2,25,0,27,345,37,169,2,553,11,0,11,564
04/09/2000,BNA,TN,ASO,CE,Towers with Radar,342,36,89,10,477,0,2,79,0,81,342,38,168,10,558,14,0,14,572
04/10/2000,BNA,TN,ASO,CE,Towers with Radar,361,94,156,25,636,0,3,96,1,100,361,97,252,26,736,0,0,0,736
04/11/2000,BNA,TN,ASO,CE,Towers with Radar,366,139,144,17,666,0,2,10,0,12,366,141,154,17,678,0,0,0,678
04/12/2000,BNA,TN,ASO,CE,Towers with Radar,374,141,204,14,733,0,1,61,4,66,374,142,265,18,799,36,0,36,835
04/13/2000,BNA,TN,ASO,CE,Towers with Radar,376,148,216,19,759,0,1,16,1,18,376,149,232,20,777,22,0,22,799
04/14/2000,BNA,TN,ASO,CE,Towers with Radar,375,137,153,9,674,0,3,14,1,18,375,140,167,10,692,4,0,4,696
04/15/2000,BNA,TN,ASO,CE,Towers with Radar,333,51,104,4,492,0,1,26,2,29,333,52,130,6,521,1,0,1,522
04/16/2000,BNA,TN,ASO,CE,Towers with Radar,293,42,119,7,461,46,0,20,0,66,339,42,139,7,527,6,0,6,533
04/17/2000,BNA,TN,ASO,CE,Towers with Radar,363,98,119,17,597,0,2,40,2,44,363,100,159,19,641,18,0,18,659
04/18/2000,BNA,TN,ASO,CE,Towers with Radar,372,127,196,10,705,0,1,47,2,50,372,128,243,12,755,42,0,42,797
04/19/2000,BNA,TN,ASO,CE,Towers with Radar,359,122,180,12,673,1,2,97,3,103,360,124,277,15,776,62,0,62,838
04/20/2000,BNA,TN,ASO,CE,Towers with Radar,348,123,161,11,643,0,3,18,2,23,348,126,179,13,666,3,0,3,669
04/21/2000,BNA,TN,ASO,CE,Towers with Radar,366,127,130,13,636,0,1,25,0,26,366,128,155,13,662,3,0,3,665
04/22/2000,BNA,TN,ASO,CE,Towers with Radar,325,36,84,2,447,0,1,102,0,103,325,37,186,2,550,40,0,40,590
04/23/2000,BNA,TN,ASO,CE,Towers with Radar,350,35,83,5,473,0,2,44,0,46,350,37,127,5,519,8,0,8,527
04/24/2000,BNA,TN,ASO,CE,Towers with Radar,357,95,141,1,594,0,1,3,0,4,357,96,144,1,598,0,0,0,598
04/25/2000,BNA,TN,ASO,CE,Towers with Radar,380,121,161,7,669,0,1,0,5,6,380,122,161,12,675,0,0,0,675
04/26/2000,BNA,TN,ASO,CE,Towers with Radar,368,136,184,19,707,0,2,118,3,123,368,138,302,22,830,19,0,19,849
04/27/2000,BNA,TN,ASO,CE,Towers with Radar,370,133,190,9,702,0,2,60,1,63,370,135,250,10,765,12,0,12,777
04/28/2000,BNA,TN,ASO,CE,Towers with Radar,374,115,146,19,654,0,4,88,0,92,374,119,234,19,746,5,0,5,751
04/29/2000,BNA,TN,ASO,CE,Towers with Radar,326,44,82,5,457,0,1,81,0,82,326,45,163,5,539,33,0,33,572
04/30/2000,BNA,TN,ASO,CE,Towers with Radar,343,54,108,4,509,1,1,84,0,86,344,55,192,4,595,28,0,28,623
05/01/2000,BNA,TN,ASO,CE,Towers with Radar,356,97,158,16,627,6,0,71,0,77,362,97,229,16,704,0,0,0,704
05/02/2000,BNA,TN,ASO,CE,Towers with Radar,371,133,159,14,677,2,0,54,1,57,373,133,213,15,734,0,0,0,734
05/03/2000,BNA,TN,ASO,CE,Towers with Radar,374,119,160,11,664,1,0,27,2,30,375,119,187,13,694,13,0,13,707
05/04/2000,BNA,TN,ASO,CE,Towers with Radar,365,123,197,8,693,1,0,36,2,39,366,123,233,10,732,25,0,25,757
05/05/2000,BNA,TN,ASO,CE,Towers with Radar,367,126,184,5,682,1,0,61,0,62,368,126,245,5,744,17,0,17,761
05/06/2000,BNA,TN,ASO,CE,Towers with Radar,341,52,90,5,488,1,0,87,4,92,342,52,177,9,580,35,0,35,615
05/07/2000,BNA,TN,ASO,CE,Towers with Radar,340,36,124,3,503,1,0,66,1,68,341,36,190,4,571,26,0,26,597
05/08/2000,BNA,TN,ASO,CE,Towers with Radar,355,89,175,16,635,4,0,92,4,100,359,89,267,20,735,31,0,31,766
05/09/2000,BNA,TN,ASO,CE,Towers with Radar,365,132,204,10,711,3,1,66,0,70,368,133,270,10,781,14,0,14,795
05/10/2000,BNA,TN,ASO,CE,Towers with Radar,368,127,219,8,722,1,1,88,1,91,369,128,307,9,813,18,0,18,831
05/11/2000,BNA,TN,ASO,CE,Towers with Radar,376,133,248,10,767,1,4,123,2,130,377,137,371,12,897,7,0,7,904
05/12/2000,BNA,TN,ASO,CE,Towers with Radar,374,139,202,12,727,1,1,55,0,57,375,140,257,12,784,11,0,11,795
05/13/2000,BNA,TN,ASO,CE,Towers with Radar,345,48,94,2,489,2,0,55,0,57,347,48,149,2,546,11,0,11,557
05/14/2000,BNA,TN,ASO,CE,Towers with Radar,350,35,79,10,474,2,0,80,0,82,352,35,159,10,556,21,0,21,577
05/15/2000,BNA,TN,ASO,CE,Towers with Radar,360,97,112,15,584,1,0,113,0,114,361,97,225,15,698,12,0,12,710
05/16/2000,BNA,TN,ASO,CE,Towers with Radar,377,121,167,21,686,4,3,100,0,107,381,124,267,21,793,34,0,34,827
05/17/2000,BNA,TN,ASO,CE,Towers with Radar,376,110,177,13,676,0,16,59,0,75,376,126,236,13,751,67,0,67,818
05/18/2000,BNA,TN,ASO,CE,Towers with Radar,356,127,186,12,681,4,0,66,5,75,360,127,252,17,756,12,0,12,768
05/19/2000,BNA,TN,ASO,CE,Towers with Radar,348,127,177,12,664,4,2,43,1,50,352,129,220,13,714,6,0,6,720
05/20/2000,BNA,TN,ASO,CE,Towers with Radar,347,53,79,5,484,2,0,21,3,26,349,53,100,8,510,9,0,9,519
05/21/2000,BNA,TN,ASO,CE,Towers with Radar,351,36,125,6,518,2,0,34,0,36,353,36,159,6,554,18,0,18,572
05/22/2000,BNA,TN,ASO,CE,Towers with Radar,359,91,145,13,608,4,0,59,3,66,363,91,204,16,674,6,0,6,680
05/23/2000,BNA,TN,ASO,CE,Towers with Radar,378,115,178,28,699,1,1,55,0,57,379,116,233,28,756,6,0,6,762
05/24/2000,BNA,TN,ASO,CE,Towers with Radar,365,126,197,14,702,3,2,52,3,60,368,128,249,17,762,7,0,7,769
05/25/2000,BNA,TN,ASO,CE,Towers with Radar,374,119,204,14,711,2,1,44,2,49,376,120,248,16,760,5,0,5,765
05/26/2000,BNA,TN,ASO,CE,Towers with Radar,373,135,176,10,694,1,0,51,2,54,374,135,227,12,748,12,0,12,760
05/27/2000,BNA,TN,ASO,CE,Towers with Radar,319,47,75,3,444,2,0,24,0,26,321,47,99,3,470,8,0,8,478
05/28/2000,BNA,TN,ASO,CE,Towers with Radar,345,16,45,9,415,2,0,18,0,20,347,16,63,9,435,0,0,0,435
05/29/2000,BNA,TN,ASO,CE,Towers with Radar,344,52,90,3,489,2,0,36,0,38,346,52,126,3,527,7,0,7,534
05/30/2000,BNA,TN,ASO,CE,Towers with Radar,364,90,132,14,600,3,1,99,3,106,367,91,231,17,706,0,0,0,706
05/31/2000,BNA,TN,ASO,CE,Towers with Radar,376,104,209,12,701,4,2,99,1,106,380,106,308,13,807,14,0,14,821
06/01/2000,BNA,TN,ASO,CE,Towers with Radar,391,129,168,15,703,4,1,84,2,91,395,130,252,17,794,20,0,20,814
06/02/2000,BNA,TN,ASO,CE,Towers with Radar,374,113,184,5,676,5,0,84,2,91,379,113,268,7,767,7,0,7,774
06/03/2000,BNA,TN,ASO,CE,Towers with Radar,348,55,98,3,504,0,0,40,1,41,348,55,138,4,545,34,0,34,579
06/04/2000,BNA,TN,ASO,CE,Towers with Radar,344,54,103,10,511,0,0,52,2,54,344,54,155,12,565,2,0,2,567
06/05/2000,BNA,TN,ASO,CE,Towers with Radar,371,94,141,24,630,3,0,33,1,37,374,94,174,25,667,4,0,4,671
06/06/2000,BNA,TN,ASO,CE,Towers with Radar,380,109,157,15,661,1,2,72,3,78,381,111,229,18,739,27,0,27,766
06/07/2000,BNA,TN,ASO,CE,Towers with Radar,379,111,170,13,673,0,0,116,1,117,379,111,286,14,790,34,0,34,824
06/08/2000,BNA,TN,ASO,CE,Towers with Radar,389,123,142,5,659,1,1,90,2,94,390,124,232,7,753,26,0,26,779
06/09/2000,BNA,TN,ASO,CE,Towers with Radar,374,131,117,20,642,2,2,84,1,89,376,133,201,21,731,12,0,12,743
06/10/2000,BNA,TN,ASO,CE,Towers with Radar,350,40,72,2,464,1,2,69,0,72,351,42,141,2,536,2,0,2,538
06/11/2000,BNA,TN,ASO,CE,Towers with Radar,340,38,70,8,456,0,0,43,1,44,340,38,113,9,500,10,0,10,510
06/12/2000,BNA,TN,ASO,CE,Towers with Radar,355,92,134,17,598,1,0,48,3,52,356,92,182,20,650,2,0,2,652
06/13/2000,BNA,TN,ASO,CE,Towers with Radar,377,124,159,22,682,1,3,69,0,73,378,127,228,22,755,0,0,0,755
06/14/2000,BNA,TN,ASO,CE,Towers with Radar,345,109,177,13,644,1,0,63,1,65,346,109,240,14,709,16,0,16,725
06/15/2000,BNA,TN,ASO,CE,Towers with Radar,374,120,177,14,685,1,1,25,4,31,375,121,202,18,716,26,0,26,742
06/16/2000,BNA,TN,ASO,CE,Towers with Radar,368,114,188,9,679,1,1,55,0,57,369,115,243,9,736,10,0,10,746
06/17/2000,BNA,TN,ASO,CE,Towers with Radar,344,47,81,0,472,0,0,16,0,16,344,47,97,0,488,3,0,3,491
06/18/2000,BNA,TN,ASO,CE,Towers with Radar,342,45,86,7,480,0,0,9,0,9,342,45,95,7,489,2,0,2,491
06/19/2000,BNA,TN,ASO,CE,Towers with Radar,372,82,143,12,609,0,1,50,0,51,372,83,193,12,660,0,0,0,660
06/20/2000,BNA,TN,ASO,CE,Towers with Radar,360,121,162,14,657,0,2,73,3,78,360,123,235,17,735,0,0,0,735
06/21/2000,BNA,TN,ASO,CE,Towers with Radar,384,122,183,11,700,0,1,39,2,42,384,123,222,13,742,6,0,6,748
06/22/2000,BNA,TN,ASO,CE,Towers with Radar,391,131,158,5,685,0,1,100,2,103,391,132,258,7,788,9,0,9,797
06/23/2000,BNA,TN,ASO,CE,Towers with Radar,384,104,178,16,682,2,2,87,4,95,386,106,265,20,777,12,0,12,789
06/24/2000,BNA,TN,ASO,CE,Towers with Radar,346,42,100,6,494,0,1,71,3,75,346,43,171,9,569,39,0,39,608
06/25/2000,BNA,TN,ASO,CE,Towers with Radar,337,45,93,6,481,2,1,44,0,47,339,46,137,6,528,15,0,15,543
06/26/2000,BNA,TN,ASO,CE,Towers with Radar,370,87,104,9,570,0,0,53,1,54,370,87,157,10,624,0,0,0,624
06/27/2000,BNA,TN,ASO,CE,Towers with Radar,379,119,191,20,709,2,0,16,1,19,381,119,207,21,728,0,0,0,728
06/28/2000,BNA,TN,ASO,CE,Towers with Radar,383,132,181,13,709,0,1,21,1,23,383,133,202,14,732,5,0,5,737
06/29/2000,BNA,TN,ASO,CE,Towers with Radar,386,123,178,8,695,1,1,97,1,100,387,124,275,9,795,51,0,51,846
06/30/2000,BNA,TN,ASO,CE,Towers with Radar,397,108,183,15,703,2,2,116,3,123,399,110,299,18,826,4,0,4,830
07/01/2000,BNA,TN,ASO,CE,Towers with Radar,348,47,64,3,462,4,1,81,0,86,352,48,145,3,548,4,0,4,552
07/02/2000,BNA,TN,ASO,CE,Towers with Radar,334,35,56,2,427,0,1,56,0,57,334,36,112,2,484,14,0,14,498
07/03/2000,BNA,TN,ASO,CE,Towers with Radar,316,52,57,13,438,2,0,48,0,50,318,52,105,13,488,4,0,4,492
07/04/2000,BNA,TN,ASO,CE,Towers with Radar,321,47,59,3,430,0,1,53,1,55,321,48,112,4,485,0,0,0,485
07/05/2000,BNA,TN,ASO,CE,Towers with Radar,356,80,144,13,593,1,0,55,1,57,357,80,199,14,650,8,0,8,658
07/06/2000,BNA,TN,ASO,CE,Towers with Radar,391,112,131,5,639,0,2,48,6,56,391,114,179,11,695,15,0,15,710
07/07/2000,BNA,TN,ASO,CE,Towers with Radar,381,114,143,24,662,3,1,53,2,59,384,115,196,26,721,6,0,6,727
07/08/2000,BNA,TN,ASO,CE,Towers with Radar,355,32,68,5,460,0,4,54,6,64,355,36,122,11,524,15,0,15,539
07/09/2000,BNA,TN,ASO,CE,Towers with Radar,334,41,89,10,474,3,4,38,2,47,337,45,127,12,521,2,0,2,523
07/10/2000,BNA,TN,ASO,CE,Towers with Radar,354,80,131,14,579,0,3,54,6,63,354,83,185,20,642,12,0,12,654
07/11/2000,BNA,TN,ASO,CE,Towers with Radar,384,128,146,19,677,0,2,52,1,55,384,130,198,20,732,12,0,12,744
07/12/2000,BNA,TN,ASO,CE,Towers with Radar,380,107,144,12,643,0,1,53,0,54,380,108,197,12,697,5,0,5,702
07/13/2000,BNA,TN,ASO,CE,Towers with Radar,396,128,165,5,694,3,0,76,1,80,399,128,241,6,774,14,0,14,788
07/14/2000,BNA,TN,ASO,CE,Towers with Radar,365,115,135,13,628,0,2,57,0,59,365,117,192,13,687,14,0,14,701
07/15/2000,BNA,TN,ASO,CE,Towers with Radar,359,43,61,8,471,0,11,73,0,84,359,54,134,8,555,7,0,7,562
07/16/2000,BNA,TN,ASO,CE,Towers with Radar,332,46,86,7,471,0,13,59,0,72,332,59,145,7,543,19,0,19,562
07/17/2000,BNA,TN,ASO,CE,Towers with Radar,382,80,130,12,604,0,1,93,4,98,382,81,223,16,702,65,0,65,767
07/18/2000,BNA,TN,ASO,CE,Towers with Radar,389,118,153,17,677,0,1,41,1,43,389,119,194,18,720,19,0,19,739
07/19/2000,BNA,TN,ASO,CE,Towers with Radar,385,118,175,8,686,0,0,64,3,67,385,118,239,11,753,11,0,11,764
07/20/2000,BNA,TN,ASO,CE,Towers with Radar,392,132,221,14,759,1,1,60,10,72,393,133,281,24,831,47,0,47,878
07/21/2000,BNA,TN,ASO,CE,Towers with Radar,389,120,181,10,700,2,2,66,1,71,391,122,247,11,771,13,0,13,784
07/22/2000,BNA,TN,ASO,CE,Towers with Radar,348,49,96,3,496,2,2,77,1,82,350,51,173,4,578,3,0,3,581
07/23/2000,BNA,TN,ASO,CE,Towers with Radar,343,41,81,8,473,0,2,49,5,56,343,43,130,13,529,11,0,11,540
07/24/2000,BNA,TN,ASO,CE,Towers with Radar,372,88,143,20,623,0,0,90,0,90,372,88,233,20,713,3,0,3,716
07/25/2000,BNA,TN,ASO,CE,Towers with Radar,396,111,185,16,708,0,2,104,2,108,396,113,289,18,816,28,0,28,844
07/26/2000,BNA,TN,ASO,CE,Towers with Radar,379,129,178,12,698,1,0,70,6,77,380,129,248,18,775,25,0,25,800
07/27/2000,BNA,TN,ASO,CE,Towers with Radar,392,112,170,10,684,4,0,59,6,69,396,112,229,16,753,20,0,20,773
07/28/2000,BNA,TN,ASO,CE,Towers with Radar,358,113,162,11,644,4,3,53,0,60,362,116,215,11,704,11,0,11,715
07/29/2000,BNA,TN,ASO,CE,Towers with Radar,350,45,95,2,492,1,1,31,1,34,351,46,126,3,526,11,0,11,537
07/30/2000,BNA,TN,ASO,CE,Towers with Radar,332,40,85,5,462,1,1,10,0,12,333,41,95,5,474,3,0,3,477
07/31/2000,BNA,TN,ASO,CE,Towers with Radar,357,92,97,8,554,0,0,16,2,18,357,92,113,10,572,6,0,6,578
08/01/2000,BNA,TN,ASO,CE,Towers with Radar,374,129,159,10,672,2,2,45,2,51,376,131,204,12,723,4,0,4,727
08/02/2000,BNA,TN,ASO,CE,Towers with Radar,370,127,165,17,679,0,1,63,0,64,370,128,228,17,743,17,0,17,760
08/03/2000,BNA,TN,ASO,CE,Towers with Radar,404,133,189,7,733,0,2,56,4,62,404,135,245,11,795,15,0,15,810
08/04/2000,BNA,TN,ASO,CE,Towers with Radar,361,117,141,12,631,2,0,76,3,81,363,117,217,15,712,17,0,17,729
08/05/2000,BNA,TN,ASO,CE,Towers with Radar,349,43,89,12,493,0,1,49,6,56,349,44,138,18,549,19,0,19,568
08/06/2000,BNA,TN,ASO,CE,Towers with Radar,336,47,87,7,477,0,4,53,3,60,336,51,140,10,537,17,0,17,554
08/07/2000,BNA,TN,ASO,CE,Towers with Radar,366,95,132,11,604,0,0,55,1,56,366,95,187,12,660,9,0,9,669
08/08/2000,BNA,TN,ASO,CE,Towers with Radar,387,132,160,16,695,2,0,56,0,58,389,132,216,16,753,54,0,54,807
08/09/2000,BNA,TN,ASO,CE,Towers with Radar,372,131,177,20,700,2,1,88,0,91,374,132,265,20,791,30,0,30,821
08/10/2000,BNA,TN,ASO,CE,Towers with Radar,409,137,157,4,707,0,0,54,3,57,409,137,211,7,764,18,0,18,782
08/11/2000,BNA,TN,ASO,CE,Towers with Radar,384,120,143,13,660,1,0,108,0,109,385,120,251,13,769,22,0,22,791
08/12/2000,BNA,TN,ASO,CE,Towers with Radar,341,49,53,3,446,0,0,69,2,71,341,49,122,5,517,18,0,18,535
08/13/2000,BNA,TN,ASO,CE,Towers with Radar,338,47,101,17,503,1,1,68,0,70,339,48,169,17,573,17,0,17,590
08/14/2000,BNA,TN,ASO,CE,Towers with Radar,365,84,138,21,608,0,2,79,4,85,365,86,217,25,693,24,0,24,717
08/15/2000,BNA,TN,ASO,CE,Towers with Radar,383,129,177,11,700,0,2,112,2,116,383,131,289,13,816,11,0,11,827
08/16/2000,BNA,TN,ASO,CE,Towers with Radar,386,126,150,18,680,3,2,91,2,98,389,128,241,20,778,8,0,8,786
08/17/2000,BNA,TN,ASO,CE,Towers with Radar,383,132,169,3,687,0,1,71,4,76,383,133,240,7,763,23,0,23,786
08/18/2000,BNA,TN,ASO,CE,Towers with Radar,380,121,138,21,660,2,1,54,4,61,382,122,192,25,721,9,0,9,730
08/19/2000,BNA,TN,ASO,CE,Towers with Radar,345,48,97,2,492,1,0,79,0,80,346,48,176,2,572,9,0,9,581
08/20/2000,BNA,TN,ASO,CE,Towers with Radar,340,46,74,6,466,1,0,56,0,57,341,46,130,6,523,15,0,15,538
08/21/2000,BNA,TN,ASO,CE,Towers with Radar,366,102,129,13,610,0,2,79,0,81,366,104,208,13,691,23,0,23,714
08/22/2000,BNA,TN,ASO,CE,Towers with Radar,386,121,199,10,716,0,2,77,0,79,386,123,276,10,795,15,0,15,810
08/23/2000,BNA,TN,ASO,CE,Towers with Radar,387,130,159,6,682,0,0,58,2,60,387,130,217,8,742,12,0,12,754
08/24/2000,BNA,TN,ASO,CE,Towers with Radar,397,138,158,20,713,0,2,60,0,62,397,140,218,20,775,28,0,28,803
08/25/2000,BNA,TN,ASO,CE,Towers with Radar,384,122,175,15,696,1,1,78,0,80,385,123,253,15,776,17,0,17,793
08/26/2000,BNA,TN,ASO,CE,Towers with Radar,344,51,70,2,467,0,0,27,0,27,344,51,97,2,494,45,0,45,539
08/27/2000,BNA,TN,ASO,CE,Towers with Radar,332,48,92,7,479,3,2,28,0,33,335,50,120,7,512,4,0,4,516
08/28/2000,BNA,TN,ASO,CE,Towers with Radar,373,80,115,11,579,1,1,66,0,68,374,81,181,11,647,36,0,36,683
08/29/2000,BNA,TN,ASO,CE,Towers with Radar,384,132,154,11,681,0,0,71,2,73,384,132,225,13,754,21,0,21,775
08/30/2000,BNA,TN,ASO,CE,Towers with Radar,393,120,150,9,672,1,1,89,5,96,394,121,239,14,768,30,0,30,798
08/31/2000,BNA,TN,ASO,CE,Towers with Radar,391,140,181,6,718,1,0,87,3,91,392,140,268,9,809,20,0,20,829
09/01/2000,BNA,TN,ASO,CE,Towers with Radar,391,118,157,12,678,7,1,77,3,88,398,119,234,15,766,6,0,6,772
09/02/2000,BNA,TN,ASO,CE,Towers with Radar,316,47,68,1,432,0,1,47,1,49,316,48,115,2,481,8,0,8,489
09/03/2000,BNA,TN,ASO,CE,Towers with Radar,211,48,80,2,341,105,0,18,0,123,316,48,98,2,464,4,0,4,468
09/04/2000,BNA,TN,ASO,CE,Towers with Radar,344,39,75,0,458,2,4,25,0,31,346,43,100,0,489,3,0,3,492
09/05/2000,BNA,TN,ASO,CE,Towers with Radar,376,102,161,11,650,0,1,22,2,25,376,103,183,13,675,7,0,7,682
09/06/2000,BNA,TN,ASO,CE,Towers with Radar,391,162,171,7,731,0,1,62,3,66,391,163,233,10,797,31,0,31,828
09/07/2000,BNA,TN,ASO,CE,Towers with Radar,385,156,184,18,743,1,1,63,1,66,386,157,247,19,809,26,0,26,835
09/08/2000,BNA,TN,ASO,CE,Towers with Radar,385,145,173,13,716,0,2,47,1,50,385,147,220,14,766,15,0,15,781
09/09/2000,BNA,TN,ASO,CE,Towers with Radar,347,73,119,8,547,0,17,37,1,55,347,90,156,9,602,19,0,19,621
09/10/2000,BNA,TN,ASO,CE,Towers with Radar,340,61,126,9,536,0,13,32,1,46,340,74,158,10,582,2,0,2,584
09/11/2000,BNA,TN,ASO,CE,Towers with Radar,358,107,132,12,609,0,5,51,1,57,358,112,183,13,666,7,0,7,673
09/12/2000,BNA,TN,ASO,CE,Towers with Radar,382,135,153,11,681,0,3,26,0,29,382,138,179,11,710,13,0,13,723
09/13/2000,BNA,TN,ASO,CE,Towers with Radar,390,149,198,16,753,0,2,55,1,58,390,151,253,17,811,35,0,35,846
09/14/2000,BNA,TN,ASO,CE,Towers with Radar,385,158,163,8,714,0,2,91,1,94,385,160,254,9,808,26,0,26,834
09/15/2000,BNA,TN,ASO,CE,Towers with Radar,390,133,156,13,692,1,4,84,2,91,391,137,240,15,783,30,0,30,813
09/16/2000,BNA,TN,ASO,CE,Towers with Radar,337,55,110,1,503,0,2,73,0,75,337,57,183,1,578,54,0,54,632
09/17/2000,BNA,TN,ASO,CE,Towers with Radar,338,40,76,5,459,0,3,96,0,99,338,43,172,5,558,23,0,23,581
09/18/2000,BNA,TN,ASO,CE,Towers with Radar,367,102,110,11,590,0,2,74,0,76,367,104,184,11,666,4,0,4,670
09/19/2000,BNA,TN,ASO,CE,Towers with Radar,383,135,141,9,668,0,3,83,2,88,383,138,224,11,756,12,0,12,768
09/20/2000,BNA,TN,ASO,CE,Towers with Radar,388,143,164,19,714,0,1,34,1,36,388,144,198,20,750,0,0,0,750
09/21/2000,BNA,TN,ASO,CE,Towers with Radar,388,159,170,15,732,0,3,79,5,87,388,162,249,20,819,20,0,20,839
09/22/2000,BNA,TN,ASO,CE,Towers with Radar,393,144,172,18,727,0,1,47,0,48,393,145,219,18,775,28,0,28,803
09/23/2000,BNA,TN,ASO,CE,Towers with Radar,339,69,74,1,483,0,1,10,1,12,339,70,84,2,495,2,0,2,497
09/24/2000,BNA,TN,ASO,CE,Towers with Radar,338,49,88,4,479,0,2,4,1,7,338,51,92,5,486,2,0,2,488
09/25/2000,BNA,TN,ASO,CE,Towers with Radar,357,117,122,8,604,0,1,4,1,6,357,118,126,9,610,13,0,13,623
09/26/2000,BNA,TN,ASO,CE,Towers with Radar,394,141,176,18,729,0,1,81,2,84,394,142,257,20,813,13,0,13,826
09/27/2000,BNA,TN,ASO,CE,Towers with Radar,384,145,205,16,750,0,1,97,2,100,384,146,302,18,850,21,0,21,871
09/28/2000,BNA,TN,ASO,CE,Towers with Radar,380,166,174,7,727,0,2,105,2,109,380,168,279,9,836,28,0,28,864
09/29/2000,BNA,TN,ASO,CE,Towers with Radar,392,172,160,6,730,2,2,110,2,116,394,174,270,8,846,10,0,10,856
09/30/2000,BNA,TN,ASO,CE,Towers with Radar,343,56,94,2,495,0,1,73,0,74,343,57,167,2,569,18,0,18,587
10/01/2000,BNA,TN,ASO,CE,Towers with Radar,329,45,130,5,509,1,5,52,1,59,330,50,182,6,568,21,0,21,589
10/02/2000,BNA,TN,ASO,CE,Towers with Radar,368,119,118,6,611,2,1,74,1,78,370,120,192,7,689,7,0,7,696
10/03/2000,BNA,TN,ASO,CE,Towers with Radar,379,148,133,12,672,0,1,84,0,85,379,149,217,12,757,20,0,20,777
10/04/2000,BNA,TN,ASO,CE,Towers with Radar,376,160,159,5,700,0,1,73,1,75,376,161,232,6,775,6,0,6,781
10/05/2000,BNA,TN,ASO,CE,Towers with Radar,389,159,169,11,728,0,2,85,4,91,389,161,254,15,819,8,0,8,827
10/06/2000,BNA,TN,ASO,CE,Towers with Radar,401,142,171,9,723,0,3,14,1,18,401,145,185,10,741,9,0,9,750
10/07/2000,BNA,TN,ASO,CE,Towers with Radar,340,49,99,4,492,0,1,60,0,61,340,50,159,4,553,0,0,0,553
10/08/2000,BNA,TN,ASO,CE,Towers with Radar,333,50,88,4,475,0,2,44,0,46,333,52,132,4,521,6,0,6,527
10/09/2000,BNA,TN,ASO,CE,Towers with Radar,365,64,112,3,544,1,1,69,0,71,366,65,181,3,615,20,0,20,635
10/10/2000,BNA,TN,ASO,CE,Towers with Radar,385,116,180,16,697,0,1,82,2,85,385,117,262,18,782,38,0,38,820
10/11/2000,BNA,TN,ASO,CE,Towers with Radar,388,150,187,7,732,0,1,103,1,105,388,151,290,8,837,9,0,9,846
10/12/2000,BNA,TN,ASO,CE,Towers with Radar,394,160,162,14,730,0,1,113,5,119,394,161,275,19,849,70,0,70,919
10/13/2000,BNA,TN,ASO,CE,Towers with Radar,394,140,149,9,692,0,2,111,0,113,394,142,260,9,805,42,0,42,847
10/14/2000,BNA,TN,ASO,CE,Towers with Radar,342,63,94,4,503,1,1,79,2,83,343,64,173,6,586,0,0,0,586
10/15/2000,BNA,TN,ASO,CE,Towers with Radar,334,58,124,14,530,0,9,84,0,93,334,67,208,14,623,2,0,2,625
10/16/2000,BNA,TN,ASO,CE,Towers with Radar,362,125,169,10,666,0,1,71,0,72,362,126,240,10,738,17,0,17,755
10/17/2000,BNA,TN,ASO,CE,Towers with Radar,386,141,217,14,758,0,1,51,0,52,386,142,268,14,810,18,0,18,828
10/18/2000,BNA,TN,ASO,CE,Towers with Radar,389,165,182,12,748,0,1,79,2,82,389,166,261,14,830,16,0,16,846
10/19/2000,BNA,TN,ASO,CE,Towers with Radar,365,158,179,17,719,0,1,103,3,107,365,159,282,20,826,32,0,32,858
10/20/2000,BNA,TN,ASO,CE,Towers with Radar,393,132,172,13,710,0,3,87,1,91,393,135,259,14,801,6,0,6,807
10/21/2000,BNA,TN,ASO,CE,Towers with Radar,350,63,116,7,536,0,3,36,5,44,350,66,152,12,580,6,0,6,586
10/22/2000,BNA,TN,ASO,CE,Towers with Radar,328,57,93,11,489,0,2,51,2,55,328,59,144,13,544,8,0,8,552
10/23/2000,BNA,TN,ASO,CE,Towers with Radar,373,114,128,17,632,0,3,73,0,76,373,117,201,17,708,15,0,15,723
10/24/2000,BNA,TN,ASO,CE,Towers with Radar,385,145,216,21,767,0,4,82,2,88,385,149,298,23,855,30,0,30,885
10/25/2000,BNA,TN,ASO,CE,Towers with Radar,383,151,199,20,753,0,3,80,3,86,383,154,279,23,839,18,0,18,857
10/26/2000,BNA,TN,ASO,CE,Towers with Radar,386,151,187,4,728,0,3,63,4,70,386,154,250,8,798,5,0,5,803
10/27/2000,BNA,TN,ASO,CE,Towers with Radar,390,149,160,13,712,0,4,75,1,80,390,153,235,14,792,22,0,22,814
10/28/2000,BNA,TN,ASO,CE,Towers with Radar,338,52,63,3,456,0,2,68,3,73,338,54,131,6,529,11,0,11,540
10/29/2000,BNA,TN,ASO,CE,Towers with Radar,282,46,113,8,449,60,0,70,0,130,342,46,183,8,579,28,0,28,607
10/30/2000,BNA,TN,ASO,CE,Towers with Radar,367,105,159,11,642,0,3,56,2,61,367,108,215,13,703,20,0,20,723
10/31/2000,BNA,TN,ASO,CE,Towers with Radar,379,130,152,14,675,0,3,62,1,66,379,133,214,15,741,20,0,20,761
11/01/2000,BNA,TN,ASO,CE,Towers with Radar,385,149,172,11,717,7,4,86,5,102,392,153,258,16,819,25,0,25,844
11/02/2000,BNA,TN,ASO,CE,Towers with Radar,390,153,183,16,742,2,0,70,2,74,392,153,253,18,816,0,0,0,816
11/03/2000,BNA,TN,ASO,CE,Towers with Radar,397,131,198,15,741,3,0,67,1,71,400,131,265,16,812,14,0,14,826
11/04/2000,BNA,TN,ASO,CE,Towers with Radar,343,53,110,4,510,2,0,42,1,45,345,53,152,5,555,34,0,34,589
11/05/2000,BNA,TN,ASO,CE,Towers with Radar,335,52,124,10,521,1,0,71,4,76,336,52,195,14,597,4,0,4,601
11/06/2000,BNA,TN,ASO,CE,Towers with Radar,363,112,139,17,631,1,0,4,1,6,364,112,143,18,637,4,0,4,641
11/07/2000,BNA,TN,ASO,CE,Towers with Radar,380,145,166,25,716,1,0,37,9,47,381,145,203,34,763,19,0,19,782
11/08/2000,BNA,TN,ASO,CE,Towers with Radar,376,147,208,11,742,1,0,3,0,4,377,147,211,11,746,11,0,11,757
11/09/2000,BNA,TN,ASO,CE,Towers with Radar,384,139,136,9,668,1,0,13,2,16,385,139,149,11,684,5,0,5,689
11/10/2000,BNA,TN,ASO,CE,Towers with Radar,397,154,169,14,734,1,0,16,0,17,398,154,185,14,751,15,0,15,766
11/11/2000,BNA,TN,ASO,CE,Towers with Radar,336,52,96,7,491,1,0,84,2,87,337,52,180,9,578,15,0,15,593
11/12/2000,BNA,TN,ASO,CE,Towers with Radar,337,49,106,8,500,2,0,71,0,73,339,49,177,8,573,21,0,21,594
11/13/2000,BNA,TN,ASO,CE,Towers with Radar,369,113,128,13,623,0,0,32,0,32,369,113,160,13,655,4,0,4,659
11/14/2000,BNA,TN,ASO,CE,Towers with Radar,391,143,136,15,685,2,1,74,1,78,393,144,210,16,763,25,0,25,788
11/15/2000,BNA,TN,ASO,CE,Towers with Radar,392,143,182,13,730,1,1,85,1,88,393,144,267,14,818,26,0,26,844
11/16/2000,BNA,TN,ASO,CE,Towers with Radar,390,151,161,20,722,0,0,7,0,7,390,151,168,20,729,6,0,6,735
11/17/2000,BNA,TN,ASO,CE,Towers with Radar,390,143,162,11,706,1,1,70,2,74,391,144,232,13,780,4,0,4,784
11/18/2000,BNA,TN,ASO,CE,Towers with Radar,345,53,88,6,492,1,0,68,1,70,346,53,156,7,562,20,0,20,582
11/19/2000,BNA,TN,ASO,CE,Towers with Radar,338,42,95,9,484,0,1,47,0,48,338,43,142,9,532,4,0,4,536
11/20/2000,BNA,TN,ASO,CE,Towers with Radar,362,94,125,18,599,0,3,58,1,62,362,97,183,19,661,22,0,22,683
11/21/2000,BNA,TN,ASO,CE,Towers with Radar,383,143,170,16,712,1,0,55,2,58,384,143,225,18,770,19,0,19,789
11/22/2000,BNA,TN,ASO,CE,Towers with Radar,387,115,148,12,662,0,30,79,0,109,387,145,227,12,771,20,0,20,791
11/23/2000,BNA,TN,ASO,CE,Towers with Radar,274,48,39,0,361,1,0,31,1,33,275,48,70,1,394,6,0,6,400
11/24/2000,BNA,TN,ASO,CE,Towers with Radar,253,60,78,2,393,0,0,24,0,24,253,60,102,2,417,4,0,4,421
11/25/2000,BNA,TN,ASO,CE,Towers with Radar,293,33,54,1,381,2,0,8,0,10,295,33,62,1,391,8,0,8,399
11/26/2000,BNA,TN,ASO,CE,Towers with Radar,338,44,118,2,502,2,1,25,0,28,340,45,143,2,530,7,0,7,537
11/27/2000,BNA,TN,ASO,CE,Towers with Radar,370,89,146,18,623,0,0,92,2,94,370,89,238,20,717,18,0,18,735
11/28/2000,BNA,TN,ASO,CE,Towers with Radar,374,143,142,16,675,1,3,77,4,85,375,146,219,20,760,18,0,18,778
11/29/2000,BNA,TN,ASO,CE,Towers with Radar,376,136,181,13,706,0,1,67,1,69,376,137,248,14,775,15,0,15,790
11/30/2000,BNA,TN,ASO,CE,Towers with Radar,381,142,177,10,710,0,2,87,2,91,381,144,264,12,801,6,0,6,807
12/01/2000,BNA,TN,ASO,CE,Towers with Radar,372,146,142,3,663,0,5,84,1,90,372,151,226,4,753,34,0,34,787
12/02/2000,BNA,TN,ASO,CE,Towers with Radar,340,63,56,4,463,0,0,14,0,14,340,63,70,4,477,22,0,22,499
12/03/2000,BNA,TN,ASO,CE,Towers with Radar,331,66,72,2,471,0,0,11,0,11,331,66,83,2,482,2,0,2,484
12/04/2000,BNA,TN,ASO,CE,Towers with Radar,357,111,106,10,584,0,0,28,0,28,357,111,134,10,612,6,0,6,618
12/05/2000,BNA,TN,ASO,CE,Towers with Radar,375,140,167,19,701,0,0,66,2,68,375,140,233,21,769,29,0,29,798
12/06/2000,BNA,TN,ASO,CE,Towers with Radar,363,147,155,19,684,0,0,50,2,52,363,147,205,21,736,19,0,19,755
12/07/2000,BNA,TN,ASO,CE,Towers with Radar,375,152,164,4,695,0,2,69,2,73,375,154,233,6,768,10,0,10,778
12/08/2000,BNA,TN,ASO,CE,Towers with Radar,371,138,127,10,646,0,1,89,0,90,371,139,216,10,736,11,0,11,747
12/09/2000,BNA,TN,ASO,CE,Towers with Radar,237,66,73,1,377,0,2,56,0,58,237,68,129,1,435,16,0,16,451
12/10/2000,BNA,TN,ASO,CE,Towers with Radar,337,59,110,10,516,0,1,10,0,11,337,60,120,10,527,3,0,3,530
12/11/2000,BNA,TN,ASO,CE,Towers with Radar,340,109,101,6,556,0,17,13,6,36,340,126,114,12,592,8,0,8,600
12/12/2000,BNA,TN,ASO,CE,Towers with Radar,356,144,159,17,676,0,0,2,0,2,356,144,161,17,678,37,0,37,715
12/13/2000,BNA,TN,ASO,CE,Towers with Radar,323,106,104,2,535,0,0,11,0,11,323,106,115,2,546,16,0,16,562
12/14/2000,BNA,TN,ASO,CE,Towers with Radar,374,161,139,9,683,0,1,7,0,8,374,162,146,9,691,4,0,4,695
12/15/2000,BNA,TN,ASO,CE,Towers with Radar,372,135,145,13,665,0,1,23,0,24,372,136,168,13,689,4,0,4,693
12/16/2000,BNA,TN,ASO,CE,Towers with Radar,329,52,31,4,416,0,0,1,0,1,329,52,32,4,417,6,0,6,423
12/17/2000,BNA,TN,ASO,CE,Towers with Radar,327,54,43,5,429,0,1,9,0,10,327,55,52,5,439,2,0,2,441
12/18/2000,BNA,TN,ASO,CE,Towers with Radar,354,114,99,4,571,0,0,27,0,27,354,114,126,4,598,2,0,2,600
12/19/2000,BNA,TN,ASO,CE,Towers with Radar,382,147,121,6,656,0,0,7,0,7,382,147,128,6,663,12,0,12,675
12/20/2000,BNA,TN,ASO,CE,Towers with Radar,369,152,133,5,659,0,0,1,0,1,369,152,134,5,660,15,0,15,675
12/21/2000,BNA,TN,ASO,CE,Towers with Radar,375,152,116,3,646,0,0,14,0,14,375,152,130,3,660,6,0,6,666
12/22/2000,BNA,TN,ASO,CE,Towers with Radar,361,154,99,5,619,0,0,78,0,78,361,154,177,5,697,10,0,10,707
12/23/2000,BNA,TN,ASO,CE,Towers with Radar,335,52,62,3,452,0,0,52,3,55,335,52,114,6,507,5,0,5,512
12/24/2000,BNA,TN,ASO,CE,Towers with Radar,272,24,28,1,325,0,0,26,0,26,272,24,54,1,351,4,0,4,355
12/25/2000,BNA,TN,ASO,CE,Towers with Radar,186,25,49,1,261,77,0,0,0,77,263,25,49,1,338,4,0,4,342
12/26/2000,BNA,TN,ASO,CE,Towers with Radar,320,88,75,4,487,0,0,20,0,20,320,88,95,4,507,0,0,0,507
12/27/2000,BNA,TN,ASO,CE,Towers with Radar,347,105,98,7,557,11,15,0,9,35,358,120,98,16,592,0,0,0,592
12/28/2000,BNA,TN,ASO,CE,Towers with Radar,372,115,120,7,614,2,1,49,1,53,374,116,169,8,667,0,0,0,667
12/29/2000,BNA,TN,ASO,CE,Towers with Radar,360,115,60,8,543,0,0,15,0,15,360,115,75,8,558,23,0,23,581
12/30/2000,BNA,TN,ASO,CE,Towers with Radar,322,55,44,2,423,0,0,10,0,10,322,55,54,2,433,2,0,2,435
12/31/2000,BNA,TN,ASO,CE,Towers with Radar,259,35,43,0,337,0,0,8,0,8,259,35,51,0,345,8,0,8,353
01/01/2001,BNA,TN,ASO,CE,Towers with Radar,208,32,51,0,291,69,0,0,0,69,277,32,51,0,360,0,0,0,360
01/02/2001,BNA,TN,ASO,CE,Towers with Radar,355,115,90,10,570,2,0,50,5,57,357,115,140,15,627,11,0,11,638
01/03/2001,BNA,TN,ASO,CE,Towers with Radar,374,146,103,7,630,0,0,69,2,71,374,146,172,9,701,13,0,13,714
01/04/2001,BNA,TN,ASO,CE,Towers with Radar,387,129,119,5,640,0,23,0,0,23,387,152,119,5,663,0,0,0,663
01/05/2001,BNA,TN,ASO,CE,Towers with Radar,359,146,128,9,642,3,0,79,4,86,362,146,207,13,728,8,0,8,736
01/06/2001,BNA,TN,ASO,CE,Towers with Radar,336,53,71,6,466,1,0,1,0,2,337,53,72,6,468,88,2,90,558
01/07/2001,BNA,TN,ASO,CE,Towers with Radar,340,58,104,6,508,0,0,33,1,34,340,58,137,7,542,25,0,25,567
01/08/2001,BNA,TN,ASO,CE,Towers with Radar,347,121,90,12,570,0,0,13,2,15,347,121,103,14,585,0,0,0,585
01/09/2001,BNA,TN,ASO,CE,Towers with Radar,376,143,123,9,651,0,0,49,1,50,376,143,172,10,701,0,0,0,701
01/10/2001,BNA,TN,ASO,CE,Towers with Radar,370,143,116,5,634,0,0,81,1,82,370,143,197,6,716,18,0,18,734
01/11/2001,BNA,TN,ASO,CE,Towers with Radar,386,151,115,6,658,2,0,24,1,27,388,151,139,7,685,21,0,21,706
01/12/2001,BNA,TN,ASO,CE,Towers with Radar,379,145,111,5,640,0,0,4,0,4,379,145,115,5,644,6,0,6,650
01/13/2001,BNA,TN,ASO,CE,Towers with Radar,334,59,64,8,465,3,0,33,0,36,337,59,97,8,501,6,0,6,507
01/14/2001,BNA,TN,ASO,CE,Towers with Radar,332,53,63,6,454,2,0,4,0,6,334,53,67,6,460,1,0,1,461
01/15/2001,BNA,TN,ASO,CE,Towers with Radar,363,71,113,4,551,0,0,58,1,59,363,71,171,5,610,18,0,18,628
01/16/2001,BNA,TN,ASO,CE,Towers with Radar,383,127,117,10,637,2,0,67,3,72,385,127,184,13,709,21,0,21,730
01/17/2001,BNA,TN,ASO,CE,Towers with Radar,381,146,151,14,692,0,0,11,2,13,381,146,162,16,705,9,0,9,714
01/18/2001,BNA,TN,ASO,CE,Towers with Radar,372,139,145,6,662,0,0,0,1,1,372,139,145,7,663,6,0,6,669
01/19/2001,BNA,TN,ASO,CE,Towers with Radar,369,142,111,6,628,0,0,1,0,1,369,142,112,6,629,0,0,0,629
01/20/2001,BNA,TN,ASO,CE,Towers with Radar,329,59,44,7,439,2,0,4,2,8,331,59,48,9,447,4,0,4,451
01/21/2001,BNA,TN,ASO,CE,Towers with Radar,313,58,94,5,470,1,0,78,1,80,314,58,172,6,550,10,0,10,560
01/22/2001,BNA,TN,ASO,CE,Towers with Radar,368,101,124,13,606,0,1,85,1,87,368,102,209,14,693,29,0,29,722
01/23/2001,BNA,TN,ASO,CE,Towers with Radar,378,142,138,17,675,1,1,80,1,83,379,143,218,18,758,19,0,19,777
01/24/2001,BNA,TN,ASO,CE,Towers with Radar,378,136,129,9,652,1,0,60,1,62,379,136,189,10,714,9,0,9,723
01/25/2001,BNA,TN,ASO,CE,Towers with Radar,380,151,179,1,711,3,2,81,1,87,383,153,260,2,798,37,0,37,835
01/26/2001,BNA,TN,ASO,CE,Towers with Radar,382,138,93,14,627,3,4,30,0,37,385,142,123,14,664,2,0,2,666
01/27/2001,BNA,TN,ASO,CE,Towers with Radar,329,59,60,5,453,3,0,50,0,53,332,59,110,5,506,14,0,14,520
01/28/2001,BNA,TN,ASO,CE,Towers with Radar,336,45,56,8,445,1,0,35,0,36,337,45,91,8,481,4,0,4,485
01/29/2001,BNA,TN,ASO,CE,Towers with Radar,351,104,110,6,571,1,0,18,0,19,352,104,128,6,590,10,0,10,600
01/30/2001,BNA,TN,ASO,CE,Towers with Radar,370,150,136,11,667,2,0,31,3,36,372,150,167,14,703,20,0,20,723
01/31/2001,BNA,TN,ASO,CE,Towers with Radar,385,131,147,21,684,1,1,71,2,75,386,132,218,23,759,12,0,12,771
02/01/2001,BNA,TN,ASO,CE,Towers with Radar,385,140,136,12,673,4,2,75,1,82,389,142,211,13,755,19,0,19,774
02/02/2001,BNA,TN,ASO,CE,Towers with Radar,391,126,131,5,653,0,3,62,1,66,391,129,193,6,719,10,0,10,729
02/03/2001,BNA,TN,ASO,CE,Towers with Radar,328,60,54,2,444,0,1,91,0,92,328,61,145,2,536,25,0,25,561
02/04/2001,BNA,TN,ASO,CE,Towers with Radar,332,48,68,3,451,0,1,26,0,27,332,49,94,3,478,7,0,7,485
02/05/2001,BNA,TN,ASO,CE,Towers with Radar,357,101,114,9,581,13,0,22,12,47,370,101,136,21,628,5,0,5,633
02/06/2001,BNA,TN,ASO,CE,Towers with Radar,393,129,133,18,673,0,2,66,0,68,393,131,199,18,741,21,0,21,762
02/07/2001,BNA,TN,ASO,CE,Towers with Radar,389,133,140,14,676,0,4,49,1,54,389,137,189,15,730,20,0,20,750
02/08/2001,BNA,TN,ASO,CE,Towers with Radar,385,154,168,5,712,0,4,63,2,69,385,158,231,7,781,27,0,27,808
02/09/2001,BNA,TN,ASO,CE,Towers with Radar,390,108,105,7,610,0,2,12,1,15,390,110,117,8,625,8,0,8,633
02/10/2001,BNA,TN,ASO,CE,Towers with Radar,310,62,97,4,473,25,0,24,0,49,335,62,121,4,522,5,0,5,527
02/11/2001,BNA,TN,ASO,CE,Towers with Radar,331,53,80,4,468,0,1,46,0,47,331,54,126,4,515,0,0,0,515
02/12/2001,BNA,TN,ASO,CE,Towers with Radar,363,92,138,19,612,0,1,9,0,10,363,93,147,19,622,8,0,8,630
02/13/2001,BNA,TN,ASO,CE,Towers with Radar,385,136,152,4,677,0,3,2,0,5,385,139,154,4,682,0,0,0,682
02/14/2001,BNA,TN,ASO,CE,Towers with Radar,382,143,143,15,683,0,1,1,0,2,382,144,144,15,685,15,0,15,700
02/15/2001,BNA,TN,ASO,CE,Towers with Radar,401,144,161,8,714,0,1,2,0,3,401,145,163,8,717,16,0,16,733
02/16/2001,BNA,TN,ASO,CE,Towers with Radar,391,133,107,2,633,0,2,1,0,3,391,135,108,2,636,0,0,0,636
02/17/2001,BNA,TN,ASO,CE,Towers with Radar,332,58,83,1,474,59,77,25,1,162,391,135,108,2,636,2,0,2,638
02/18/2001,BNA,TN,ASO,CE,Towers with Radar,334,50,60,7,451,0,2,74,0,76,334,52,134,7,527,10,0,10,537
02/19/2001,BNA,TN,ASO,CE,Towers with Radar,359,69,86,1,515,0,2,69,0,71,359,71,155,1,586,8,0,8,594
02/20/2001,BNA,TN,ASO,CE,Towers with Radar,387,98,150,17,652,1,1,70,0,72,388,99,220,17,724,23,0,23,747
02/21/2001,BNA,TN,ASO,CE,Towers with Radar,385,138,152,10,685,0,1,48,1,50,385,139,200,11,735,41,0,41,776
02/22/2001,BNA,TN,ASO,CE,Towers with Radar,381,150,176,12,719,0,1,5,0,6,381,151,181,12,725,2,0,2,727
02/23/2001,BNA,TN,ASO,CE,Towers with Radar,391,123,148,16,678,0,1,37,0,38,391,124,185,16,716,25,0,25,741
02/24/2001,BNA,TN,ASO,CE,Towers with Radar,316,55,56,3,430,0,2,14,0,16,316,57,70,3,446,3,0,3,449
02/25/2001,BNA,TN,ASO,CE,Towers with Radar,323,46,65,3,437,0,5,34,0,39,323,51,99,3,476,12,0,12,488
02/26/2001,BNA,TN,ASO,CE,Towers with Radar,364,100,116,13,593,0,3,89,3,95,364,103,205,16,688,25,0,25,713
02/27/2001,BNA,TN,ASO,CE,Towers with Radar,394,134,153,13,694,0,6,40,2,48,394,140,193,15,742,31,0,31,773
02/28/2001,BNA,TN,ASO,CE,Towers with Radar,378,147,129,13,667,0,2,41,1,44,378,149,170,14,711,25,0,25,736
03/01/2001,BNA,TN,ASO,CE,Towers with Radar,380,148,154,8,690,9,0,61,2,72,389,148,215,10,762,37,0,37,799
03/02/2001,BNA,TN,ASO,CE,Towers with Radar,388,129,169,15,701,2,0,56,0,58,390,129,225,15,759,22,0,22,781
03/03/2001,BNA,TN,ASO,CE,Towers with Radar,326,57,70,5,458,2,0,41,0,43,328,57,111,5,501,19,0,19,520
03/04/2001,BNA,TN,ASO,CE,Towers with Radar,339,53,56,7,455,2,0,1,0,3,341,53,57,7,458,8,0,8,466
03/05/2001,BNA,TN,ASO,CE,Towers with Radar,351,94,108,15,568,1,1,42,1,45,352,95,150,16,613,26,0,26,639
03/06/2001,BNA,TN,ASO,CE,Towers with Radar,357,151,113,15,636,1,1,73,2,77,358,152,186,17,713,0,0,0,713
03/07/2001,BNA,TN,ASO,CE,Towers with Radar,386,160,149,18,713,5,1,108,1,115,391,161,257,19,828,4,0,4,832
03/08/2001,BNA,TN,ASO,CE,Towers with Radar,383,141,196,9,729,2,0,69,1,72,385,141,265,10,801,33,0,33,834
03/09/2001,BNA,TN,ASO,CE,Towers with Radar,382,125,140,7,654,0,14,92,0,106,382,139,232,7,760,19,0,19,779
03/10/2001,BNA,TN,ASO,CE,Towers with Radar,332,57,112,5,506,1,0,99,2,102,333,57,211,7,608,20,0,20,628
03/11/2001,BNA,TN,ASO,CE,Towers with Radar,329,56,108,6,499,1,0,62,0,63,330,56,170,6,562,5,0,5,567
03/12/2001,BNA,TN,ASO,CE,Towers with Radar,356,104,110,23,593,2,1,6,0,9,358,105,116,23,602,4,0,4,606
03/13/2001,BNA,TN,ASO,CE,Towers with Radar,379,142,137,18,676,2,3,46,2,53,381,145,183,20,729,0,0,0,729
03/14/2001,BNA,TN,ASO,CE,Towers with Radar,385,147,157,11,700,2,1,87,0,90,387,148,244,11,790,17,0,17,807
03/15/2001,BNA,TN,ASO,CE,Towers with Radar,386,142,169,13,710,2,0,17,0,19,388,142,186,13,729,0,0,0,729
03/16/2001,BNA,TN,ASO,CE,Towers with Radar,389,146,127,9,671,6,1,31,2,40,395,147,158,11,711,5,0,5,716
03/17/2001,BNA,TN,ASO,CE,Towers with Radar,331,63,73,6,473,2,1,33,0,36,333,64,106,6,509,14,0,14,523
03/18/2001,BNA,TN,ASO,CE,Towers with Radar,327,55,85,5,472,6,0,47,2,55,333,55,132,7,527,21,0,21,548
03/19/2001,BNA,TN,ASO,CE,Towers with Radar,356,94,116,18,584,7,2,62,2,73,363,96,178,20,657,27,0,27,684
03/20/2001,BNA,TN,ASO,CE,Towers with Radar,378,142,106,15,641,2,0,3,0,5,380,142,109,15,646,4,0,4,650
03/21/2001,BNA,TN,ASO,CE,Towers with Radar,385,140,148,10,683,2,1,16,3,22,387,141,164,13,705,28,0,28,733
03/22/2001,BNA,TN,ASO,CE,Towers with Radar,382,141,144,3,670,2,6,97,2,107,384,147,241,5,777,25,0,25,802
03/23/2001,BNA,TN,ASO,CE,Towers with Radar,382,142,132,18,674,2,5,84,2,93,384,147,216,20,767,15,0,15,782
03/24/2001,BNA,TN,ASO,CE,Towers with Radar,319,58,87,1,465,4,0,41,1,46,323,58,128,2,511,7,0,7,518
03/25/2001,BNA,TN,ASO,CE,Towers with Radar,326,63,96,6,491,2,1,63,0,66,328,64,159,6,557,4,0,4,561
03/26/2001,BNA,TN,ASO,CE,Towers with Radar,355,99,110,13,577,2,2,57,0,61,357,101,167,13,638,5,0,5,643
03/27/2001,BNA,TN,ASO,CE,Towers with Radar,377,144,157,19,697,2,6,93,2,103,379,150,250,21,800,0,0,0,800
03/28/2001,BNA,TN,ASO,CE,Towers with Radar,371,133,148,10,662,6,3,63,1,73,377,136,211,11,735,13,0,13,748
03/29/2001,BNA,TN,ASO,CE,Towers with Radar,368,157,185,4,714,2,1,31,0,34,370,158,216,4,748,5,0,5,753
03/30/2001,BNA,TN,ASO,CE,Towers with Radar,377,131,148,12,668,0,0,15,21,36,377,131,163,33,704,2,0,2,706
03/31/2001,BNA,TN,ASO,CE,Towers with Radar,310,61,120,4,495,4,0,22,0,26,314,61,142,4,521,5,0,5,526
04/01/2001,BNA,TN,ASO,CE,Towers with Radar,321,55,97,6,479,5,0,40,0,45,326,55,137,6,524,14,0,14,538
04/02/2001,BNA,TN,ASO,CE,Towers with Radar,349,98,119,8,574,2,0,61,2,65,351,98,180,10,639,22,0,22,661
04/03/2001,BNA,TN,ASO,CE,Towers with Radar,378,144,131,12,665,2,0,10,0,12,380,144,141,12,677,17,0,17,694
04/04/2001,BNA,TN,ASO,CE,Towers with Radar,365,143,157,14,679,3,0,37,3,43,368,143,194,17,722,7,0,7,729
04/05/2001,BNA,TN,ASO,CE,Towers with Radar,373,150,183,16,722,5,0,26,1,32,378,150,209,17,754,8,0,8,762
04/06/2001,BNA,TN,ASO,CE,Towers with Radar,366,147,140,14,667,2,1,60,0,63,368,148,200,14,730,44,0,44,774
04/07/2001,BNA,TN,ASO,CE,Towers with Radar,328,66,77,3,474,2,0,59,0,61,330,66,136,3,535,0,0,0,535
04/08/2001,BNA,TN,ASO,CE,Towers with Radar,327,64,86,7,484,2,0,46,0,48,329,64,132,7,532,2,0,2,534
04/09/2001,BNA,TN,ASO,CE,Towers with Radar,343,106,121,16,586,5,0,57,1,63,348,106,178,17,649,20,0,20,669
04/10/2001,BNA,TN,ASO,CE,Towers with Radar,375,152,169,16,712,4,0,41,2,47,379,152,210,18,759,18,0,18,777
04/11/2001,BNA,TN,ASO,CE,Towers with Radar,369,121,128,11,629,6,32,84,7,129,375,153,212,18,758,22,0,22,780
04/12/2001,BNA,TN,ASO,CE,Towers with Radar,364,153,134,7,658,4,0,48,1,53,368,153,182,8,711,25,0,25,736
04/13/2001,BNA,TN,ASO,CE,Towers with Radar,376,133,106,7,622,3,0,36,1,40,379,133,142,8,662,46,0,46,708
04/14/2001,BNA,TN,ASO,CE,Towers with Radar,311,72,88,3,474,2,0,53,1,56,313,72,141,4,530,19,0,19,549
04/15/2001,BNA,TN,ASO,CE,Towers with Radar,320,58,56,6,440,3,0,15,0,18,323,58,71,6,458,2,0,2,460
04/16/2001,BNA,TN,ASO,CE,Towers with Radar,354,115,104,19,592,2,0,61,1,64,356,115,165,20,656,22,0,22,678
04/17/2001,BNA,TN,ASO,CE,Towers with Radar,377,145,132,21,675,2,0,28,0,30,379,145,160,21,705,6,0,6,711
04/18/2001,BNA,TN,ASO,CE,Towers with Radar,370,146,145,9,670,3,0,86,2,91,373,146,231,11,761,4,0,4,765
04/19/2001,BNA,TN,ASO,CE,Towers with Radar,380,146,183,10,719,4,0,87,2,93,384,146,270,12,812,6,0,6,818
04/20/2001,BNA,TN,ASO,CE,Towers with Radar,371,141,166,12,690,2,0,59,0,61,373,141,225,12,751,18,0,18,769
04/21/2001,BNA,TN,ASO,CE,Towers with Radar,318,64,85,2,469,2,1,32,1,36,320,65,117,3,505,11,0,11,516
04/22/2001,BNA,TN,ASO,CE,Towers with Radar,318,62,100,7,487,2,0,60,1,63,320,62,160,8,550,4,0,4,554
04/23/2001,BNA,TN,ASO,CE,Towers with Radar,351,104,110,10,575,4,0,49,0,53,355,104,159,10,628,6,0,6,634
04/24/2001,BNA,TN,ASO,CE,Towers with Radar,375,151,119,13,658,1,0,68,6,75,376,151,187,19,733,28,0,28,761
04/25/2001,BNA,TN,ASO,CE,Towers with Radar,367,147,149,13,676,2,0,83,5,90,369,147,232,18,766,33,0,33,799
04/26/2001,BNA,TN,ASO,CE,Towers with Radar,379,137,145,12,673,0,23,119,2,144,379,160,264,14,817,46,0,46,863
04/27/2001,BNA,TN,ASO,CE,Towers with Radar,372,145,126,11,654,2,1,87,5,95,374,146,213,16,749,71,0,71,820
04/28/2001,BNA,TN,ASO,CE,Towers with Radar,317,68,78,4,467,1,0,82,2,85,318,68,160,6,552,49,0,49,601
04/29/2001,BNA,TN,ASO,CE,Towers with Radar,324,69,89,6,488,1,2,62,1,66,325,71,151,7,554,8,0,8,562
04/30/2001,BNA,TN,ASO,CE,Towers with Radar,367,104,120,13,604,2,0,70,3,75,369,104,190,16,679,30,0,30,709
05/01/2001,BNA,TN,ASO,CE,Towers with Radar,365,138,135,12,650,6,1,66,1,74,371,139,201,13,724,21,0,21,745
05/02/2001,BNA,TN,ASO,CE,Towers with Radar,376,142,158,14,690,0,2,66,2,70,376,144,224,16,760,8,0,8,768
05/03/2001,BNA,TN,ASO,CE,Towers with Radar,377,161,175,4,717,0,1,79,2,82,377,162,254,6,799,43,0,43,842
05/04/2001,BNA,TN,ASO,CE,Towers with Radar,373,149,113,17,652,0,0,82,2,84,373,149,195,19,736,40,0,40,776
05/05/2001,BNA,TN,ASO,CE,Towers with Radar,324,57,74,2,457,2,0,85,3,90,326,57,159,5,547,7,0,7,554
05/06/2001,BNA,TN,ASO,CE,Towers with Radar,331,60,98,12,501,2,4,41,1,48,333,64,139,13,549,11,0,11,560
05/07/2001,BNA,TN,ASO,CE,Towers with Radar,362,118,100,12,592,0,0,28,0,28,362,118,128,12,620,10,0,10,630
05/08/2001,BNA,TN,ASO,CE,Towers with Radar,377,158,123,15,673,0,0,16,2,18,377,158,139,17,691,16,0,16,707
05/09/2001,BNA,TN,ASO,CE,Towers with Radar,375,153,150,14,692,0,0,29,3,32,375,153,179,17,724,33,0,33,757
05/10/2001,BNA,TN,ASO,CE,Towers with Radar,377,163,165,11,716,0,2,49,2,53,377,165,214,13,769,6,0,6,775
05/11/2001,BNA,TN,ASO,CE,Towers with Radar,366,153,150,14,683,0,0,28,1,29,366,153,178,15,712,7,0,7,719
05/12/2001,BNA,TN,ASO,CE,Towers with Radar,331,61,71,10,473,0,0,75,0,75,331,61,146,10,548,9,0,9,557
05/13/2001,BNA,TN,ASO,CE,Towers with Radar,333,71,68,8,480,0,0,66,0,66,333,71,134,8,546,18,0,18,564
05/14/2001,BNA,TN,ASO,CE,Towers with Radar,373,112,124,12,621,0,1,72,3,76,373,113,196,15,697,22,0,22,719
05/15/2001,BNA,TN,ASO,CE,Towers with Radar,378,141,139,15,673,2,0,89,2,93,380,141,228,17,766,7,0,7,773
05/16/2001,BNA,TN,ASO,CE,Towers with Radar,378,138,182,13,711,2,1,80,3,86,380,139,262,16,797,18,0,18,815
05/17/2001,BNA,TN,ASO,CE,Towers with Radar,373,136,169,11,689,0,1,76,4,81,373,137,245,15,770,29,0,29,799
05/18/2001,BNA,TN,ASO,CE,Towers with Radar,381,139,144,19,683,0,2,65,1,68,381,141,209,20,751,8,0,8,759
05/19/2001,BNA,TN,ASO,CE,Towers with Radar,328,60,66,3,457,0,0,11,0,11,328,60,77,3,468,4,0,4,472
05/20/2001,BNA,TN,ASO,CE,Towers with Radar,349,60,98,2,509,0,0,35,0,35,349,60,133,2,544,8,0,8,552
05/21/2001,BNA,TN,ASO,CE,Towers with Radar,316,100,76,16,508,0,0,16,0,16,316,100,92,16,524,6,0,6,530
05/22/2001,BNA,TN,ASO,CE,Towers with Radar,380,150,133,16,679,0,1,52,3,56,380,151,185,19,735,6,0,6,741
05/23/2001,BNA,TN,ASO,CE,Towers with Radar,377,157,134,8,676,0,0,68,1,69,377,157,202,9,745,6,0,6,751
05/24/2001,BNA,TN,ASO,CE,Towers with Radar,382,152,143,10,687,0,0,0,0,0,382,152,143,10,687,0,0,0,687
05/25/2001,BNA,TN,ASO,CE,Towers with Radar,378,129,121,14,642,0,0,87,0,87,378,129,208,14,729,15,0,15,744
05/26/2001,BNA,TN,ASO,CE,Towers with Radar,323,54,62,5,444,1,2,72,0,75,324,56,134,5,519,17,0,17,536
05/27/2001,BNA,TN,ASO,CE,Towers with Radar,301,38,60,3,402,3,0,37,0,40,304,38,97,3,442,4,0,4,446
05/28/2001,BNA,TN,ASO,CE,Towers with Radar,326,56,75,2,459,2,0,8,1,11,328,56,83,3,470,1,0,1,471
05/29/2001,BNA,TN,ASO,CE,Towers with Radar,363,106,139,17,625,0,0,79,3,82,363,106,218,20,707,21,0,21,728
05/30/2001,BNA,TN,ASO,CE,Towers with Radar,369,145,160,3,677,2,2,57,2,63,371,147,217,5,740,21,0,21,761
05/31/2001,BNA,TN,ASO,CE,Towers with Radar,381,150,142,9,682,0,1,18,3,22,381,151,160,12,704,1,0,1,705
06/01/2001,BNA,TN,ASO,CE,Towers with Radar,367,138,144,12,661,6,0,37,1,44,373,138,181,13,705,16,0,16,721
06/02/2001,BNA,TN,ASO,CE,Towers with Radar,330,60,57,25,472,0,1,51,0,52,330,61,108,25,524,9,0,9,533
06/03/2001,BNA,TN,ASO,CE,Towers with Radar,325,73,81,11,490,0,0,24,0,24,325,73,105,11,514,8,0,8,522
06/04/2001,BNA,TN,ASO,CE,Towers with Radar,363,101,126,8,598,0,0,50,2,52,363,101,176,10,650,21,0,21,671
06/05/2001,BNA,TN,ASO,CE,Towers with Radar,367,142,94,16,619,0,0,65,1,66,367,142,159,17,685,19,0,19,704
06/06/2001,BNA,TN,ASO,CE,Towers with Radar,360,149,144,11,664,0,2,48,0,50,360,151,192,11,714,5,0,5,719
06/07/2001,BNA,TN,ASO,CE,Towers with Radar,373,154,153,7,687,0,0,13,3,16,373,154,166,10,703,17,0,17,720
06/08/2001,BNA,TN,ASO,CE,Towers with Radar,374,148,133,17,672,1,0,57,3,61,375,148,190,20,733,7,0,7,740
06/09/2001,BNA,TN,ASO,CE,Towers with Radar,321,77,45,4,447,4,0,59,1,64,325,77,104,5,511,18,0,18,529
06/10/2001,BNA,TN,ASO,CE,Towers with Radar,333,66,79,11,489,44,0,50,0,94,377,66,129,11,583,8,0,8,591
06/11/2001,BNA,TN,ASO,CE,Towers with Radar,350,111,113,11,585,7,0,50,14,71,357,111,163,25,656,27,0,27,683
06/12/2001,BNA,TN,ASO,CE,Towers with Radar,370,155,150,18,693,0,4,78,2,84,370,159,228,20,777,45,0,45,822
06/13/2001,BNA,TN,ASO,CE,Towers with Radar,346,170,148,12,676,0,3,75,2,80,346,173,223,14,756,26,0,26,782
06/14/2001,BNA,TN,ASO,CE,Towers with Radar,351,139,133,11,634,0,41,77,0,118,351,180,210,11,752,31,0,31,783
06/15/2001,BNA,TN,ASO,CE,Towers with Radar,343,155,145,18,661,0,2,23,3,28,343,157,168,21,689,18,0,18,707
06/16/2001,BNA,TN,ASO,CE,Towers with Radar,349,74,84,2,509,0,6,89,0,95,349,80,173,2,604,35,0,35,639
06/17/2001,BNA,TN,ASO,CE,Towers with Radar,345,57,81,8,491,0,0,66,2,68,345,57,147,10,559,15,0,15,574
06/18/2001,BNA,TN,ASO,CE,Towers with Radar,354,105,111,14,584,0,1,79,2,82,354,106,190,16,666,39,0,39,705
06/19/2001,BNA,TN,ASO,CE,Towers with Radar,372,142,147,17,678,1,3,76,0,80,373,145,223,17,758,17,0,17,775
06/20/2001,BNA,TN,ASO,CE,Towers with Radar,368,157,136,16,677,0,3,67,3,73,368,160,203,19,750,15,0,15,765
06/21/2001,BNA,TN,ASO,CE,Towers with Radar,368,136,159,13,676,0,1,46,3,50,368,137,205,16,726,38,0,38,764
06/22/2001,BNA,TN,ASO,CE,Towers with Radar,361,149,121,20,651,0,0,35,7,42,361,149,156,27,693,0,0,0,693
06/23/2001,BNA,TN,ASO,CE,Towers with Radar,357,66,58,4,485,2,1,75,8,86,359,67,133,12,571,0,0,0,571
06/24/2001,BNA,TN,ASO,CE,Towers with Radar,340,59,74,12,485,3,1,60,12,76,343,60,134,24,561,10,0,10,571
06/25/2001,BNA,TN,ASO,CE,Towers with Radar,358,102,100,16,576,0,0,68,3,71,358,102,168,19,647,13,0,13,660
06/26/2001,BNA,TN,ASO,CE,Towers with Radar,374,150,131,14,669,0,3,56,7,66,374,153,187,21,735,29,0,29,764
06/27/2001,BNA,TN,ASO,CE,Towers with Radar,374,137,157,8,676,0,2,38,6,46,374,139,195,14,722,14,0,14,736
06/28/2001,BNA,TN,ASO,CE,Towers with Radar,374,153,148,7,682,1,2,48,3,54,375,155,196,10,736,28,0,28,764
06/29/2001,BNA,TN,ASO,CE,Towers with Radar,371,141,108,9,629,3,0,33,1,37,374,141,141,10,666,7,0,7,673
06/30/2001,BNA,TN,ASO,CE,Towers with Radar,280,69,81,5,435,62,0,0,0,62,342,69,81,5,497,12,0,12,509
07/01/2001,BNA,TN,ASO,CE,Towers with Radar,330,57,66,2,455,7,0,39,0,46,337,57,105,2,501,4,0,4,505
07/02/2001,BNA,TN,ASO,CE,Towers with Radar,369,93,104,19,585,1,0,42,4,47,370,93,146,23,632,32,0,32,664
07/03/2001,BNA,TN,ASO,CE,Towers with Radar,359,157,70,7,593,1,0,44,1,46,360,157,114,8,639,33,0,33,672
07/04/2001,BNA,TN,ASO,CE,Towers with Radar,332,62,41,0,435,2,0,25,2,29,334,62,66,2,464,15,0,15,479
07/05/2001,BNA,TN,ASO,CE,Towers with Radar,350,99,95,8,552,2,0,22,3,27,352,99,117,11,579,21,0,21,600
07/06/2001,BNA,TN,ASO,CE,Towers with Radar,365,144,76,14,599,4,3,57,1,65,369,147,133,15,664,35,0,35,699
07/07/2001,BNA,TN,ASO,CE,Towers with Radar,352,59,79,8,498,2,0,59,1,62,354,59,138,9,560,0,0,0,560
07/08/2001,BNA,TN,ASO,CE,Towers with Radar,360,55,91,5,511,2,0,38,0,40,362,55,129,5,551,6,0,6,557
07/09/2001,BNA,TN,ASO,CE,Towers with Radar,371,106,78,19,574,2,0,42,1,45,373,106,120,20,619,51,0,51,670
07/10/2001,BNA,TN,ASO,CE,Towers with Radar,382,166,121,11,680,2,0,55,1,58,384,166,176,12,738,22,0,22,760
07/11/2001,BNA,TN,ASO,CE,Towers with Radar,382,149,133,17,681,3,0,55,1,59,385,149,188,18,740,20,0,20,760
07/12/2001,BNA,TN,ASO,CE,Towers with Radar,383,134,122,11,650,0,11,112,0,123,383,145,234,11,773,19,0,19,792
07/13/2001,BNA,TN,ASO,CE,Towers with Radar,385,152,102,18,657,2,4,71,1,78,387,156,173,19,735,15,0,15,750
07/14/2001,BNA,TN,ASO,CE,Towers with Radar,348,70,75,4,497,4,0,79,1,84,352,70,154,5,581,2,0,2,583
07/15/2001,BNA,TN,ASO,CE,Towers with Radar,360,50,64,7,481,2,2,69,5,78,362,52,133,12,559,2,0,2,561
07/16/2001,BNA,TN,ASO,CE,Towers with Radar,360,100,91,14,565,2,1,56,1,60,362,101,147,15,625,16,0,16,641
07/17/2001,BNA,TN,ASO,CE,Towers with Radar,377,129,113,17,636,3,0,50,2,55,380,129,163,19,691,31,0,31,722
07/18/2001,BNA,TN,ASO,CE,Towers with Radar,377,142,124,9,652,2,0,35,0,37,379,142,159,9,689,15,0,15,704
07/19/2001,BNA,TN,ASO,CE,Towers with Radar,390,156,145,7,698,2,3,53,3,61,392,159,198,10,759,33,0,33,792
07/20/2001,BNA,TN,ASO,CE,Towers with Radar,378,156,118,18,670,5,1,30,0,36,383,157,148,18,706,20,0,20,726
07/21/2001,BNA,TN,ASO,CE,Towers with Radar,354,59,100,9,522,2,0,26,1,29,356,59,126,10,551,0,0,0,551
07/22/2001,BNA,TN,ASO,CE,Towers with Radar,349,61,99,8,517,2,1,54,0,57,351,62,153,8,574,18,0,18,592
07/23/2001,BNA,TN,ASO,CE,Towers with Radar,364,96,96,11,567,4,1,42,0,47,368,97,138,11,614,20,0,20,634
07/24/2001,BNA,TN,ASO,CE,Towers with Radar,389,158,159,13,719,3,1,40,0,44,392,159,199,13,763,28,0,28,791
07/25/2001,BNA,TN,ASO,CE,Towers with Radar,383,138,153,11,685,2,0,20,1,23,385,138,173,12,708,6,0,6,714
07/26/2001,BNA,TN,ASO,CE,Towers with Radar,394,148,134,7,683,3,2,38,3,46,397,150,172,10,729,20,0,20,749
07/27/2001,BNA,TN,ASO,CE,Towers with Radar,379,146,128,6,659,3,0,39,3,45,382,146,167,9,704,29,0,29,733
07/28/2001,BNA,TN,ASO,CE,Towers with Radar,346,62,45,2,455,1,0,27,3,31,347,62,72,5,486,4,0,4,490
07/29/2001,BNA,TN,ASO,CE,Towers with Radar,350,67,93,9,519,2,0,20,1,23,352,67,113,10,542,8,0,8,550
07/30/2001,BNA,TN,ASO,CE,Towers with Radar,373,119,115,18,625,1,1,48,0,50,374,120,163,18,675,15,0,15,690
07/31/2001,BNA,TN,ASO,CE,Towers with Radar,381,151,112,21,665,1,0,72,6,79,382,151,184,27,744,33,0,33,777
08/01/2001,BNA,TN,ASO,CE,Towers with Radar,380,138,141,15,674,7,2,81,3,93,387,140,222,18,767,24,0,24,791
08/02/2001,BNA,TN,ASO,CE,Towers with Radar,378,145,133,9,665,2,1,70,2,75,380,146,203,11,740,21,0,21,761
08/03/2001,BNA,TN,ASO,CE,Towers with Radar,391,143,107,11,652,0,0,17,3,20,391,143,124,14,672,11,0,11,683
08/04/2001,BNA,TN,ASO,CE,Towers with Radar,363,69,72,2,506,1,0,22,0,23,364,69,94,2,529,10,0,10,539
08/05/2001,BNA,TN,ASO,CE,Towers with Radar,357,71,81,12,521,3,0,40,0,43,360,71,121,12,564,8,0,8,572
08/06/2001,BNA,TN,ASO,CE,Towers with Radar,375,89,79,16,559,4,0,53,0,57,379,89,132,16,616,8,0,8,624
08/07/2001,BNA,TN,ASO,CE,Towers with Radar,382,138,104,14,638,5,2,41,1,49,387,140,145,15,687,4,0,4,691
08/08/2001,BNA,TN,ASO,CE,Towers with Radar,395,146,128,9,678,0,0,20,0,20,395,146,148,9,698,10,0,10,708
08/09/2001,BNA,TN,ASO,CE,Towers with Radar,385,164,125,6,680,1,0,21,0,22,386,164,146,6,702,7,0,7,709
08/10/2001,BNA,TN,ASO,CE,Towers with Radar,378,126,86,10,600,0,0,20,0,20,378,126,106,10,620,1,0,1,621
08/11/2001,BNA,TN,ASO,CE,Towers with Radar,357,56,63,10,486,1,1,31,2,35,358,57,94,12,521,13,0,13,534
08/12/2001,BNA,TN,ASO,CE,Towers with Radar,365,76,58,5,504,1,0,13,0,14,366,76,71,5,518,11,0,11,529
08/13/2001,BNA,TN,ASO,CE,Towers with Radar,371,106,104,9,590,0,3,34,0,37,371,109,138,9,627,23,0,23,650
08/14/2001,BNA,TN,ASO,CE,Towers with Radar,391,129,146,14,680,0,0,82,0,82,391,129,228,14,762,24,0,24,786
08/15/2001,BNA,TN,ASO,CE,Towers with Radar,394,152,144,11,701,0,0,80,3,83,394,152,224,14,784,39,0,39,823
08/16/2001,BNA,TN,ASO,CE,Towers with Radar,389,152,160,17,718,1,1,46,2,50,390,153,206,19,768,15,0,15,783
08/17/2001,BNA,TN,ASO,CE,Towers with Radar,385,138,121,28,672,4,1,59,4,68,389,139,180,32,740,28,0,28,768
08/18/2001,BNA,TN,ASO,CE,Towers with Radar,349,63,59,10,481,1,1,54,1,57,350,64,113,11,538,0,0,0,538
08/19/2001,BNA,TN,ASO,CE,Towers with Radar,353,62,107,14,536,1,0,52,0,53,354,62,159,14,589,10,0,10,599
08/20/2001,BNA,TN,ASO,CE,Towers with Radar,370,104,97,12,583,1,5,47,3,56,371,109,144,15,639,45,0,45,684
08/21/2001,BNA,TN,ASO,CE,Towers with Radar,389,131,153,8,681,1,1,85,0,87,390,132,238,8,768,27,0,27,795
08/22/2001,BNA,TN,ASO,CE,Towers with Radar,385,139,155,10,689,3,1,59,2,65,388,140,214,12,754,9,0,9,763
08/23/2001,BNA,TN,ASO,CE,Towers with Radar,391,141,146,14,692,2,1,64,1,68,393,142,210,15,760,12,0,12,772
08/24/2001,BNA,TN,ASO,CE,Towers with Radar,388,139,139,13,679,1,1,44,0,46,389,140,183,13,725,23,0,23,748
08/25/2001,BNA,TN,ASO,CE,Towers with Radar,357,60,70,4,491,1,1,57,0,59,358,61,127,4,550,9,0,9,559
08/26/2001,BNA,TN,ASO,CE,Towers with Radar,355,66,65,5,491,4,0,48,0,52,359,66,113,5,543,10,0,10,553
08/27/2001,BNA,TN,ASO,CE,Towers with Radar,369,104,119,16,608,1,1,35,1,38,370,105,154,17,646,11,0,11,657
08/28/2001,BNA,TN,ASO,CE,Towers with Radar,397,154,140,12,703,1,0,52,1,54,398,154,192,13,757,28,0,28,785
08/29/2001,BNA,TN,ASO,CE,Towers with Radar,394,139,144,15,692,1,3,53,3,60,395,142,197,18,752,38,0,38,790
08/30/2001,BNA,TN,ASO,CE,Towers with Radar,379,152,152,7,690,1,1,31,3,36,380,153,183,10,726,18,0,18,744
08/31/2001,BNA,TN,ASO,CE,Towers with Radar,346,104,109,12,571,0,0,0,0,0,346,104,109,12,571,8,0,8,579
09/01/2001,BNA,TN,ASO,CE,Towers with Radar,270,47,55,7,379,25,0,0,0,25,295,47,55,7,404,2,0,2,406
09/02/2001,BNA,TN,ASO,CE,Towers with Radar,295,42,49,6,392,0,5,6,1,12,295,47,55,7,404,2,0,2,406
09/03/2001,BNA,TN,ASO,CE,Towers with Radar,263,41,68,4,376,86,0,0,0,86,349,41,68,4,462,4,0,4,466
09/04/2001,BNA,TN,ASO,CE,Towers with Radar,372,102,102,23,599,0,5,40,1,46,372,107,142,24,645,8,0,8,653
09/05/2001,BNA,TN,ASO,CE,Towers with Radar,396,147,140,14,697,0,0,89,3,92,396,147,229,17,789,7,0,7,796
09/06/2001,BNA,TN,ASO,CE,Towers with Radar,368,165,152,14,699,0,4,72,6,82,368,169,224,20,781,30,0,30,811
09/07/2001,BNA,TN,ASO,CE,Towers with Radar,367,161,114,15,657,0,5,47,2,54,367,166,161,17,711,38,0,38,749
09/08/2001,BNA,TN,ASO,CE,Towers with Radar,338,81,103,4,526,0,3,38,4,45,338,84,141,8,571,4,0,4,575
09/09/2001,BNA,TN,ASO,CE,Towers with Radar,324,81,75,11,491,0,3,33,3,39,324,84,108,14,530,22,0,22,552
09/10/2001,BNA,TN,ASO,CE,Towers with Radar,355,134,134,18,641,0,3,53,0,56,355,137,187,18,697,20,0,20,717
09/11/2001,BNA,TN,ASO,CE,Towers with Radar,116,69,46,7,238,0,3,11,0,14,116,72,57,7,252,0,0,0,252
09/12/2001,BNA,TN,ASO,CE,Towers with Radar,0,0,2,0,2,1,0,5,0,6,1,0,7,0,8,0,0,0,8
09/13/2001,BNA,TN,ASO,CE,Towers with Radar,38,83,9,2,132,0,4,1,0,5,38,87,10,2,137,0,0,0,137
09/14/2001,BNA,TN,ASO,CE,Towers with Radar,205,143,41,9,398,0,4,2,0,6,205,147,43,9,404,6,0,6,410
09/15/2001,BNA,TN,ASO,CE,Towers with Radar,268,84,82,7,441,0,3,1,0,4,268,87,83,7,445,5,0,5,450
09/16/2001,BNA,TN,ASO,CE,Towers with Radar,282,66,48,7,403,0,7,1,0,8,282,73,49,7,411,2,0,2,413
09/17/2001,BNA,TN,ASO,CE,Towers with Radar,320,121,108,21,570,0,4,1,0,5,320,125,109,21,575,14,0,14,589
09/18/2001,BNA,TN,ASO,CE,Towers with Radar,330,174,159,27,690,0,4,1,0,5,330,178,160,27,695,15,0,15,710
09/19/2001,BNA,TN,ASO,CE,Towers with Radar,332,155,123,8,618,0,4,1,0,5,332,159,124,8,623,10,0,10,633
09/20/2001,BNA,TN,ASO,CE,Towers with Radar,331,187,162,16,696,0,4,15,2,21,331,191,177,18,717,18,0,18,735
09/21/2001,BNA,TN,ASO,CE,Towers with Radar,327,160,144,15,646,0,5,15,1,21,327,165,159,16,667,15,0,15,682
09/22/2001,BNA,TN,ASO,CE,Towers with Radar,286,88,103,0,477,0,4,31,1,36,286,92,134,1,513,20,0,20,533
09/23/2001,BNA,TN,ASO,CE,Towers with Radar,298,72,73,9,452,0,4,31,0,35,298,76,104,9,487,9,0,9,496
09/24/2001,BNA,TN,ASO,CE,Towers with Radar,311,135,105,18,569,0,4,5,0,9,311,139,110,18,578,13,0,13,591
09/25/2001,BNA,TN,ASO,CE,Towers with Radar,335,164,145,21,665,0,4,38,0,42,335,168,183,21,707,26,0,26,733
09/26/2001,BNA,TN,ASO,CE,Towers with Radar,333,176,160,14,683,0,5,80,1,86,333,181,240,15,769,29,0,29,798
09/27/2001,BNA,TN,ASO,CE,Towers with Radar,343,160,157,12,672,0,5,60,5,70,343,165,217,17,742,25,0,25,767
09/28/2001,BNA,TN,ASO,CE,Towers with Radar,349,159,157,12,677,0,4,71,3,78,349,163,228,15,755,43,0,43,798
09/29/2001,BNA,TN,ASO,CE,Towers with Radar,285,78,89,0,452,0,4,68,1,73,285,82,157,1,525,6,0,6,531
09/30/2001,BNA,TN,ASO,CE,Towers with Radar,304,82,125,1,512,0,4,50,2,56,304,86,175,3,568,6,0,6,574
10/01/2001,BNA,TN,ASO,CE,Towers with Radar,313,118,110,16,557,8,2,41,0,51,321,120,151,16,608,13,0,13,621
10/02/2001,BNA,TN,ASO,CE,Towers with Radar,334,183,140,16,673,0,2,48,0,50,334,185,188,16,723,10,0,10,733
10/03/2001,BNA,TN,ASO,CE,Towers with Radar,335,170,148,4,657,4,2,54,2,62,339,172,202,6,719,20,0,20,739
10/04/2001,BNA,TN,ASO,CE,Towers with Radar,338,182,144,19,683,3,1,51,0,55,341,183,195,19,738,21,0,21,759
10/05/2001,BNA,TN,ASO,CE,Towers with Radar,331,150,126,11,618,0,12,0,2,14,331,162,126,13,632,12,0,12,644
10/06/2001,BNA,TN,ASO,CE,Towers with Radar,296,83,73,4,456,0,1,31,0,32,296,84,104,4,488,0,0,0,488
10/07/2001,BNA,TN,ASO,CE,Towers with Radar,292,73,111,1,477,1,1,51,0,53,293,74,162,1,530,12,0,12,542
10/08/2001,BNA,TN,ASO,CE,Towers with Radar,296,92,119,8,515,27,0,68,2,97,323,92,187,10,612,12,0,12,624
10/09/2001,BNA,TN,ASO,CE,Towers with Radar,331,151,144,5,631,0,1,31,0,32,331,152,175,5,663,12,0,12,675
10/10/2001,BNA,TN,ASO,CE,Towers with Radar,338,158,149,19,664,0,1,46,4,51,338,159,195,23,715,21,0,21,736
10/11/2001,BNA,TN,ASO,CE,Towers with Radar,331,161,115,13,620,0,1,11,0,12,331,162,126,13,632,12,0,12,644
10/12/2001,BNA,TN,ASO,CE,Towers with Radar,344,168,131,9,652,0,1,3,0,4,344,169,134,9,656,0,0,0,656
10/13/2001,BNA,TN,ASO,CE,Towers with Radar,290,79,46,0,415,0,3,1,0,4,290,82,47,0,419,0,0,0,419
10/14/2001,BNA,TN,ASO,CE,Towers with Radar,303,90,113,8,514,0,4,30,2,36,303,94,143,10,550,16,0,16,566
10/15/2001,BNA,TN,ASO,CE,Towers with Radar,326,119,113,9,567,1,0,43,0,44,327,119,156,9,611,10,0,10,621
10/16/2001,BNA,TN,ASO,CE,Towers with Radar,326,169,127,13,635,0,0,24,2,26,326,169,151,15,661,24,0,24,685
10/17/2001,BNA,TN,ASO,CE,Towers with Radar,336,164,157,12,669,0,2,75,3,80,336,166,232,15,749,29,0,29,778
10/18/2001,BNA,TN,ASO,CE,Towers with Radar,338,158,193,10,699,0,0,70,0,70,338,158,263,10,769,8,0,8,777
10/19/2001,BNA,TN,ASO,CE,Towers with Radar,336,164,147,9,656,0,0,78,0,78,336,164,225,9,734,14,0,14,748
10/20/2001,BNA,TN,ASO,CE,Towers with Radar,294,89,91,3,477,2,0,58,0,60,296,89,149,3,537,7,0,7,544
10/21/2001,BNA,TN,ASO,CE,Towers with Radar,305,83,84,6,478,0,0,67,0,67,305,83,151,6,545,7,0,7,552
10/22/2001,BNA,TN,ASO,CE,Towers with Radar,316,118,133,9,576,1,0,44,0,45,317,118,177,9,621,6,0,6,627
10/23/2001,BNA,TN,ASO,CE,Towers with Radar,334,171,150,12,667,0,0,36,0,36,334,171,186,12,703,32,0,32,735
10/24/2001,BNA,TN,ASO,CE,Towers with Radar,319,171,146,12,648,0,1,24,0,25,319,172,170,12,673,26,0,26,699
10/25/2001,BNA,TN,ASO,CE,Towers with Radar,341,175,158,9,683,1,1,57,2,61,342,176,215,11,744,34,0,34,778
10/26/2001,BNA,TN,ASO,CE,Towers with Radar,338,162,146,9,655,0,7,69,0,76,338,169,215,9,731,34,0,34,765
10/27/2001,BNA,TN,ASO,CE,Towers with Radar,290,73,73,2,438,0,1,37,0,38,290,74,110,2,476,7,0,7,483
10/28/2001,BNA,TN,ASO,CE,Towers with Radar,276,90,113,5,484,1,1,64,0,66,277,91,177,5,550,7,0,7,557
10/29/2001,BNA,TN,ASO,CE,Towers with Radar,315,129,118,10,572,1,2,70,0,73,316,131,188,10,645,26,0,26,671
10/30/2001,BNA,TN,ASO,CE,Towers with Radar,330,168,179,11,688,1,2,69,2,74,331,170,248,13,762,22,0,22,784
10/31/2001,BNA,TN,ASO,CE,Towers with Radar,327,154,101,12,594,1,2,62,1,66,328,156,163,13,660,10,0,10,670
11/01/2001,BNA,TN,ASO,CE,Towers with Radar,315,184,138,8,645,9,3,44,3,59,324,187,182,11,704,43,0,43,747
11/02/2001,BNA,TN,ASO,CE,Towers with Radar,325,160,152,13,650,0,1,43,0,44,325,161,195,13,694,31,0,31,725
11/03/2001,BNA,TN,ASO,CE,Towers with Radar,288,79,82,7,456,0,2,48,1,51,288,81,130,8,507,24,0,24,531
11/04/2001,BNA,TN,ASO,CE,Towers with Radar,281,82,127,10,500,0,1,41,0,42,281,83,168,10,542,11,0,11,553
11/05/2001,BNA,TN,ASO,CE,Towers with Radar,294,128,112,8,542,22,0,42,1,65,316,128,154,9,607,26,0,26,633
11/06/2001,BNA,TN,ASO,CE,Towers with Radar,326,196,120,9,651,0,2,66,3,71,326,198,186,12,722,9,0,9,731
11/07/2001,BNA,TN,ASO,CE,Towers with Radar,334,193,155,7,689,0,1,65,2,68,334,194,220,9,757,30,0,30,787
11/08/2001,BNA,TN,ASO,CE,Towers with Radar,327,186,162,9,684,0,1,48,1,50,327,187,210,10,734,18,0,18,752
11/09/2001,BNA,TN,ASO,CE,Towers with Radar,330,171,111,19,631,0,2,65,1,68,330,173,176,20,699,23,0,23,722
11/10/2001,BNA,TN,ASO,CE,Towers with Radar,290,81,91,1,463,0,3,80,0,83,290,84,171,1,546,18,0,18,564
11/11/2001,BNA,TN,ASO,CE,Towers with Radar,294,80,88,3,465,0,2,91,1,94,294,82,179,4,559,28,0,28,587
11/12/2001,BNA,TN,ASO,CE,Towers with Radar,305,113,164,2,584,0,1,71,0,72,305,114,235,2,656,9,0,9,665
11/13/2001,BNA,TN,ASO,CE,Towers with Radar,325,172,196,10,703,0,1,68,2,71,325,173,264,12,774,38,0,38,812
11/14/2001,BNA,TN,ASO,CE,Towers with Radar,327,176,124,14,641,0,2,102,2,106,327,178,226,16,747,18,0,18,765
11/15/2001,BNA,TN,ASO,CE,Towers with Radar,325,192,161,16,694,0,2,84,4,90,325,194,245,20,784,29,0,29,813
11/16/2001,BNA,TN,ASO,CE,Towers with Radar,324,190,145,14,673,0,2,74,2,78,324,192,219,16,751,35,0,35,786
11/17/2001,BNA,TN,ASO,CE,Towers with Radar,291,78,81,9,459,3,1,76,4,84,294,79,157,13,543,8,0,8,551
11/18/2001,BNA,TN,ASO,CE,Towers with Radar,292,90,67,8,457,0,2,44,1,47,292,92,111,9,504,15,0,15,519
11/19/2001,BNA,TN,ASO,CE,Towers with Radar,316,160,118,8,602,0,2,16,2,20,316,162,134,10,622,21,0,21,643
11/20/2001,BNA,TN,ASO,CE,Towers with Radar,328,177,121,11,637,0,0,48,2,50,328,177,169,13,687,33,0,33,720
11/21/2001,BNA,TN,ASO,CE,Towers with Radar,329,169,120,4,622,2,1,62,4,69,331,170,182,8,691,14,0,14,705
11/22/2001,BNA,TN,ASO,CE,Towers with Radar,237,94,39,3,373,2,2,26,0,30,239,96,65,3,403,0,0,0,403
11/23/2001,BNA,TN,ASO,CE,Towers with Radar,220,86,84,3,393,34,0,12,0,46,254,86,96,3,439,4,0,4,443
11/24/2001,BNA,TN,ASO,CE,Towers with Radar,258,68,48,0,374,0,0,3,0,3,258,68,51,0,377,0,0,0,377
11/25/2001,BNA,TN,ASO,CE,Towers with Radar,278,109,154,1,542,1,1,50,1,53,279,110,204,2,595,13,0,13,608
11/26/2001,BNA,TN,ASO,CE,Towers with Radar,316,142,103,11,572,0,1,51,1,53,316,143,154,12,625,2,0,2,627
11/27/2001,BNA,TN,ASO,CE,Towers with Radar,322,172,125,11,630,0,1,3,1,5,322,173,128,12,635,0,0,0,635
11/28/2001,BNA,TN,ASO,CE,Towers with Radar,328,162,113,14,617,0,1,9,0,10,328,163,122,14,627,25,0,25,652
11/29/2001,BNA,TN,ASO,CE,Towers with Radar,323,179,106,10,618,0,1,4,0,5,323,180,110,10,623,14,0,14,637
11/30/2001,BNA,TN,ASO,CE,Towers with Radar,328,172,115,10,625,0,1,11,0,12,328,173,126,10,637,3,0,3,640
12/01/2001,BNA,TN,ASO,CE,Towers with Radar,277,78,65,9,429,6,1,67,1,75,283,79,132,10,504,12,0,12,516
12/02/2001,BNA,TN,ASO,CE,Towers with Radar,289,70,74,4,437,3,1,51,0,55,292,71,125,4,492,0,0,0,492
12/03/2001,BNA,TN,ASO,CE,Towers with Radar,312,124,106,9,551,2,2,72,3,79,314,126,178,12,630,15,0,15,645
12/04/2001,BNA,TN,ASO,CE,Towers with Radar,330,165,132,16,643,0,1,46,0,47,330,166,178,16,690,15,0,15,705
12/05/2001,BNA,TN,ASO,CE,Towers with Radar,329,163,138,11,641,0,32,101,36,169,329,195,239,47,810,11,0,11,821
12/06/2001,BNA,TN,ASO,CE,Towers with Radar,335,175,157,20,687,0,0,20,0,20,335,175,177,20,707,8,0,8,715
12/07/2001,BNA,TN,ASO,CE,Towers with Radar,331,159,136,13,639,0,0,5,0,5,331,159,141,13,644,4,0,4,648
12/08/2001,BNA,TN,ASO,CE,Towers with Radar,248,63,70,4,385,44,0,0,0,44,292,63,70,4,429,2,0,2,431
12/09/2001,BNA,TN,ASO,CE,Towers with Radar,286,88,95,4,473,4,0,44,0,48,290,88,139,4,521,4,0,4,525
12/10/2001,BNA,TN,ASO,CE,Towers with Radar,310,124,138,7,579,0,0,14,0,14,310,124,152,7,593,6,0,6,599
12/11/2001,BNA,TN,ASO,CE,Towers with Radar,331,181,148,9,669,0,0,3,0,3,331,181,151,9,672,10,0,10,682
12/12/2001,BNA,TN,ASO,CE,Towers with Radar,330,173,135,9,647,0,0,8,0,8,330,173,143,9,655,5,0,5,660
12/13/2001,BNA,TN,ASO,CE,Towers with Radar,336,167,136,11,650,0,0,6,0,6,336,167,142,11,656,4,0,4,660
12/14/2001,BNA,TN,ASO,CE,Towers with Radar,323,162,135,13,633,0,1,12,0,13,323,163,147,13,646,8,0,8,654
12/15/2001,BNA,TN,ASO,CE,Towers with Radar,302,66,78,3,449,0,2,59,7,68,302,68,137,10,517,12,0,12,529
12/16/2001,BNA,TN,ASO,CE,Towers with Radar,294,73,96,2,465,2,2,20,0,24,296,75,116,2,489,0,0,0,489
12/17/2001,BNA,TN,ASO,CE,Towers with Radar,315,127,101,5,548,0,0,0,0,0,315,127,101,5,548,0,0,0,548
12/18/2001,BNA,TN,ASO,CE,Towers with Radar,328,159,138,15,640,2,6,69,1,78,330,165,207,16,718,10,0,10,728
12/19/2001,BNA,TN,ASO,CE,Towers with Radar,335,157,128,10,630,0,0,28,0,28,335,157,156,10,658,9,0,9,667
12/20/2001,BNA,TN,ASO,CE,Towers with Radar,340,167,118,16,641,0,0,82,0,82,340,167,200,16,723,0,0,0,723
12/21/2001,BNA,TN,ASO,CE,Towers with Radar,337,141,120,7,605,0,12,82,0,94,337,153,202,7,699,7,0,7,706
12/22/2001,BNA,TN,ASO,CE,Towers with Radar,289,73,81,0,443,4,0,0,0,4,293,73,81,0,447,15,0,15,462
12/23/2001,BNA,TN,ASO,CE,Towers with Radar,266,57,51,1,375,2,0,19,0,21,268,57,70,1,396,0,0,0,396
12/24/2001,BNA,TN,ASO,CE,Towers with Radar,184,72,49,1,306,74,9,0,0,83,258,81,49,1,389,1,0,1,390
12/25/2001,BNA,TN,ASO,CE,Towers with Radar,247,63,21,0,331,0,0,10,0,10,247,63,31,0,341,0,0,0,341
12/26/2001,BNA,TN,ASO,CE,Towers with Radar,314,114,88,1,517,0,0,44,0,44,314,114,132,1,561,0,0,0,561
12/27/2001,BNA,TN,ASO,CE,Towers with Radar,331,139,75,8,553,0,3,54,1,58,331,142,129,9,611,8,0,8,619
12/28/2001,BNA,TN,ASO,CE,Towers with Radar,290,67,106,4,467,0,0,3,0,3,290,67,109,4,470,1,0,1,471
12/29/2001,BNA,TN,ASO,CE,Towers with Radar,289,67,68,4,428,1,0,41,0,42,290,67,109,4,470,0,0,0,470
12/30/2001,BNA,TN,ASO,CE,Towers with Radar,266,56,49,0,371,0,0,50,0,50,266,56,99,0,421,1,0,1,422
12/31/2001,BNA,TN,ASO,CE,Towers with Radar,272,79,42,3,396,0,4,50,1,55,272,83,92,4,451,2,0,2,453
01/01/2002,BNA,TN,ASO,CE,Towers with Radar,255,76,46,1,378,7,1,28,0,36,262,77,74,1,414,14,0,14,428
01/02/2002,BNA,TN,ASO,CE,Towers with Radar,305,114,74,10,503,0,4,36,3,43,305,118,110,13,546,8,0,8,554
01/03/2002,BNA,TN,ASO,CE,Towers with Radar,326,159,89,13,587,0,0,41,0,41,326,159,130,13,628,18,0,18,646
01/04/2002,BNA,TN,ASO,CE,Towers with Radar,335,148,79,12,574,0,3,63,1,67,335,151,142,13,641,9,0,9,650
01/05/2002,BNA,TN,ASO,CE,Towers with Radar,277,64,54,4,399,3,0,47,1,51,280,64,101,5,450,8,0,8,458
01/06/2002,BNA,TN,ASO,CE,Towers with Radar,275,73,49,2,399,4,1,2,0,7,279,74,51,2,406,0,0,0,406
01/07/2002,BNA,TN,ASO,CE,Towers with Radar,312,114,90,14,530,0,0,21,0,21,312,114,111,14,551,9,0,9,560
01/08/2002,BNA,TN,ASO,CE,Towers with Radar,327,158,100,6,591,0,1,49,2,52,327,159,149,8,643,10,0,10,653
01/09/2002,BNA,TN,ASO,CE,Towers with Radar,328,171,109,10,618,0,3,56,4,63,328,174,165,14,681,9,0,9,690
01/10/2002,BNA,TN,ASO,CE,Towers with Radar,341,176,157,18,692,0,0,4,0,4,341,176,161,18,696,6,0,6,702
01/11/2002,BNA,TN,ASO,CE,Towers with Radar,330,155,129,9,623,0,0,48,2,50,330,155,177,11,673,6,0,6,679
01/12/2002,BNA,TN,ASO,CE,Towers with Radar,279,75,64,2,420,6,1,60,0,67,285,76,124,2,487,6,0,6,493
01/13/2002,BNA,TN,ASO,CE,Towers with Radar,269,70,61,6,406,0,0,58,1,59,269,70,119,7,465,4,0,4,469
01/14/2002,BNA,TN,ASO,CE,Towers with Radar,310,117,115,5,547,1,0,35,1,37,311,117,150,6,584,17,0,17,601
01/15/2002,BNA,TN,ASO,CE,Towers with Radar,337,142,113,9,601,0,15,47,5,67,337,157,160,14,668,10,0,10,678
01/16/2002,BNA,TN,ASO,CE,Towers with Radar,335,162,118,9,624,0,0,65,2,67,335,162,183,11,691,9,0,9,700
01/17/2002,BNA,TN,ASO,CE,Towers with Radar,342,164,163,6,675,0,0,29,0,29,342,164,192,6,704,25,0,25,729
01/18/2002,BNA,TN,ASO,CE,Towers with Radar,346,147,132,9,634,0,0,45,0,45,346,147,177,9,679,12,0,12,691
01/19/2002,BNA,TN,ASO,CE,Towers with Radar,289,60,45,3,397,4,0,2,0,6,293,60,47,3,403,0,0,0,403
01/20/2002,BNA,TN,ASO,CE,Towers with Radar,281,72,63,2,418,4,1,40,1,46,285,73,103,3,464,0,0,0,464
01/21/2002,BNA,TN,ASO,CE,Towers with Radar,320,92,106,2,520,1,4,53,0,58,321,96,159,2,578,2,0,2,580
01/22/2002,BNA,TN,ASO,CE,Towers with Radar,332,128,129,11,600,0,0,46,2,48,332,128,175,13,648,17,0,17,665
01/23/2002,BNA,TN,ASO,CE,Towers with Radar,342,175,123,17,657,0,0,3,0,3,342,175,126,17,660,10,0,10,670
01/24/2002,BNA,TN,ASO,CE,Towers with Radar,337,164,125,8,634,0,0,2,0,2,337,164,127,8,636,1,0,1,637
01/25/2002,BNA,TN,ASO,CE,Towers with Radar,350,158,117,14,639,0,0,55,0,55,350,158,172,14,694,16,0,16,710
01/26/2002,BNA,TN,ASO,CE,Towers with Radar,290,59,62,3,414,7,0,93,1,101,297,59,155,4,515,5,0,5,520
01/27/2002,BNA,TN,ASO,CE,Towers with Radar,287,65,66,6,424,1,0,0,0,1,288,65,66,6,425,3,0,3,428
01/28/2002,BNA,TN,ASO,CE,Towers with Radar,315,129,155,10,609,0,0,26,1,27,315,129,181,11,636,6,0,6,642
01/29/2002,BNA,TN,ASO,CE,Towers with Radar,341,157,126,21,645,0,1,14,1,16,341,158,140,22,661,4,0,4,665
01/30/2002,BNA,TN,ASO,CE,Towers with Radar,332,169,135,12,648,4,2,9,0,15,336,171,144,12,663,5,0,5,668
01/31/2002,BNA,TN,ASO,CE,Towers with Radar,333,153,126,12,624,0,3,34,1,38,333,156,160,13,662,2,0,2,664
02/01/2002,BNA,TN,ASO,CE,Towers with Radar,337,153,130,7,627,0,10,44,0,54,337,163,174,7,681,2,0,2,683
02/02/2002,BNA,TN,ASO,CE,Towers with Radar,294,67,66,9,436,4,0,82,0,86,298,67,148,9,522,3,0,3,525
02/03/2002,BNA,TN,ASO,CE,Towers with Radar,281,70,83,1,435,3,0,7,0,10,284,70,90,1,445,1,0,1,446
02/04/2002,BNA,TN,ASO,CE,Towers with Radar,319,120,111,13,563,5,3,39,4,51,324,123,150,17,614,10,0,10,624
02/05/2002,BNA,TN,ASO,CE,Towers with Radar,327,160,112,9,608,4,6,49,3,62,331,166,161,12,670,3,0,3,673
02/06/2002,BNA,TN,ASO,CE,Towers with Radar,332,153,95,1,581,3,0,1,0,4,335,153,96,1,585,2,0,2,587
02/07/2002,BNA,TN,ASO,CE,Towers with Radar,342,158,126,5,631,3,0,0,0,3,345,158,126,5,634,4,0,4,638
02/08/2002,BNA,TN,ASO,CE,Towers with Radar,350,154,136,8,648,0,0,89,0,89,350,154,225,8,737,30,0,30,767
02/09/2002,BNA,TN,ASO,CE,Towers with Radar,294,72,56,0,422,5,0,50,0,55,299,72,106,0,477,3,0,3,480
02/10/2002,BNA,TN,ASO,CE,Towers with Radar,275,77,62,2,416,10,1,10,0,21,285,78,72,2,437,0,0,0,437
02/11/2002,BNA,TN,ASO,CE,Towers with Radar,319,126,103,6,554,4,5,59,5,73,323,131,162,11,627,8,0,8,635
02/12/2002,BNA,TN,ASO,CE,Towers with Radar,338,155,127,13,633,3,4,62,2,71,341,159,189,15,704,2,0,2,706
02/13/2002,BNA,TN,ASO,CE,Towers with Radar,335,179,181,13,708,2,3,66,1,72,337,182,247,14,780,6,0,6,786
02/14/2002,BNA,TN,ASO,CE,Towers with Radar,337,153,129,12,631,2,4,54,3,63,339,157,183,15,694,10,0,10,704
02/15/2002,BNA,TN,ASO,CE,Towers with Radar,337,153,92,6,588,2,3,56,2,63,339,156,148,8,651,7,0,7,658
02/16/2002,BNA,TN,ASO,CE,Towers with Radar,288,65,84,3,440,2,3,52,0,57,290,68,136,3,497,19,0,19,516
02/17/2002,BNA,TN,ASO,CE,Towers with Radar,283,68,78,0,429,2,2,40,0,44,285,70,118,0,473,0,0,0,473
02/18/2002,BNA,TN,ASO,CE,Towers with Radar,319,95,125,4,543,2,0,64,0,66,321,95,189,4,609,2,0,2,611
02/19/2002,BNA,TN,ASO,CE,Towers with Radar,332,129,172,11,644,2,3,32,0,37,334,132,204,11,681,5,0,5,686
02/20/2002,BNA,TN,ASO,CE,Towers with Radar,340,177,118,11,646,2,3,17,2,24,342,180,135,13,670,21,0,21,691
02/21/2002,BNA,TN,ASO,CE,Towers with Radar,335,177,138,19,669,4,2,63,2,71,339,179,201,21,740,10,0,10,750
02/22/2002,BNA,TN,ASO,CE,Towers with Radar,338,174,122,8,642,4,1,30,0,35,342,175,152,8,677,9,0,9,686
02/23/2002,BNA,TN,ASO,CE,Towers with Radar,293,65,92,3,453,3,0,79,0,82,296,65,171,3,535,9,0,9,544
02/24/2002,BNA,TN,ASO,CE,Towers with Radar,286,83,72,2,443,3,0,70,0,73,289,83,142,2,516,2,0,2,518
02/25/2002,BNA,TN,ASO,CE,Towers with Radar,319,118,102,10,549,3,2,51,3,59,322,120,153,13,608,2,0,2,610
02/26/2002,BNA,TN,ASO,CE,Towers with Radar,332,174,92,17,615,3,0,3,0,6,335,174,95,17,621,0,0,0,621
02/27/2002,BNA,TN,ASO,CE,Towers with Radar,345,181,144,10,680,2,0,33,0,35,347,181,177,10,715,12,0,12,727
02/28/2002,BNA,TN,ASO,CE,Towers with Radar,341,181,154,8,684,4,4,74,8,90,345,185,228,16,774,17,0,17,791
03/01/2002,BNA,TN,ASO,CE,Towers with Radar,343,152,163,15,673,6,6,49,4,65,349,158,212,19,738,13,0,13,751
03/02/2002,BNA,TN,ASO,CE,Towers with Radar,285,74,67,4,430,1,1,2,0,4,286,75,69,4,434,2,0,2,436
03/03/2002,BNA,TN,ASO,CE,Towers with Radar,292,86,73,5,456,0,1,12,0,13,292,87,85,5,469,4,0,4,473
03/04/2002,BNA,TN,ASO,CE,Towers with Radar,331,129,119,10,589,0,4,54,3,61,331,133,173,13,650,18,0,18,668
03/05/2002,BNA,TN,ASO,CE,Towers with Radar,335,157,135,9,636,1,3,72,2,78,336,160,207,11,714,32,0,32,746
03/06/2002,BNA,TN,ASO,CE,Towers with Radar,342,175,130,5,652,0,4,85,3,92,342,179,215,8,744,9,0,9,753
03/07/2002,BNA,TN,ASO,CE,Towers with Radar,343,153,142,7,645,0,4,53,0,57,343,157,195,7,702,5,0,5,707
03/08/2002,BNA,TN,ASO,CE,Towers with Radar,342,152,98,1,593,0,3,49,0,52,342,155,147,1,645,11,0,11,656
03/09/2002,BNA,TN,ASO,CE,Towers with Radar,295,67,39,2,403,0,0,10,0,10,295,67,49,2,413,4,0,4,417
03/10/2002,BNA,TN,ASO,CE,Towers with Radar,291,96,98,5,490,0,1,68,0,69,291,97,166,5,559,3,0,3,562
03/11/2002,BNA,TN,ASO,CE,Towers with Radar,328,132,119,4,583,0,3,54,3,60,328,135,173,7,643,11,0,11,654
03/12/2002,BNA,TN,ASO,CE,Towers with Radar,340,182,156,10,688,0,0,4,0,4,340,182,160,10,692,11,0,11,703
03/13/2002,BNA,TN,ASO,CE,Towers with Radar,341,187,188,12,728,0,0,31,2,33,341,187,219,14,761,6,0,6,767
03/14/2002,BNA,TN,ASO,CE,Towers with Radar,346,179,145,13,683,2,4,79,0,85,348,183,224,13,768,38,0,38,806
03/15/2002,BNA,TN,ASO,CE,Towers with Radar,341,175,125,14,655,0,2,15,0,17,341,177,140,14,672,11,0,11,683
03/16/2002,BNA,TN,ASO,CE,Towers with Radar,300,90,93,3,486,0,0,1,0,1,300,90,94,3,487,0,0,0,487
03/17/2002,BNA,TN,ASO,CE,Towers with Radar,292,79,61,5,437,3,0,5,0,8,295,79,66,5,445,4,0,4,449
03/18/2002,BNA,TN,ASO,CE,Towers with Radar,331,139,95,11,576,0,0,4,0,4,331,139,99,11,580,10,0,10,590
03/19/2002,BNA,TN,ASO,CE,Towers with Radar,338,171,119,9,637,0,0,9,0,9,338,171,128,9,646,6,0,6,652
03/20/2002,BNA,TN,ASO,CE,Towers with Radar,346,190,107,9,652,0,1,4,1,6,346,191,111,10,658,0,0,0,658
03/21/2002,BNA,TN,ASO,CE,Towers with Radar,349,162,135,13,659,0,3,23,0,26,349,165,158,13,685,4,0,4,689
03/22/2002,BNA,TN,ASO,CE,Towers with Radar,345,177,110,11,643,0,5,77,1,83,345,182,187,12,726,4,0,4,730
03/23/2002,BNA,TN,ASO,CE,Towers with Radar,298,86,113,3,500,0,4,71,0,75,298,90,184,3,575,11,0,11,586
03/24/2002,BNA,TN,ASO,CE,Towers with Radar,290,101,86,3,480,0,1,69,0,70,290,102,155,3,550,4,0,4,554
03/25/2002,BNA,TN,ASO,CE,Towers with Radar,313,133,102,7,555,0,1,39,1,41,313,134,141,8,596,14,0,14,610
03/26/2002,BNA,TN,ASO,CE,Towers with Radar,337,180,109,14,640,0,1,7,0,8,337,181,116,14,648,5,0,5,653
03/27/2002,BNA,TN,ASO,CE,Towers with Radar,346,192,102,12,652,1,1,55,3,60,347,193,157,15,712,9,0,9,721
03/28/2002,BNA,TN,ASO,CE,Towers with Radar,350,162,132,14,658,0,3,72,5,80,350,165,204,19,738,25,0,25,763
03/29/2002,BNA,TN,ASO,CE,Towers with Radar,345,167,83,5,600,0,2,19,1,22,345,169,102,6,622,9,0,9,631
03/30/2002,BNA,TN,ASO,CE,Towers with Radar,290,77,44,2,413,0,1,16,2,19,290,78,60,4,432,8,0,8,440
03/31/2002,BNA,TN,ASO,CE,Towers with Radar,223,76,46,4,349,60,0,0,0,60,283,76,46,4,409,2,0,2,411
04/01/2002,BNA,TN,ASO,CE,Towers with Radar,320,141,124,10,595,8,1,91,0,100,328,142,215,10,695,9,0,9,704
04/02/2002,BNA,TN,ASO,CE,Towers with Radar,339,158,126,9,632,0,9,70,0,79,339,167,196,9,711,10,0,10,721
04/03/2002,BNA,TN,ASO,CE,Towers with Radar,343,170,118,5,636,0,3,43,2,48,343,173,161,7,684,36,0,36,720
04/04/2002,BNA,TN,ASO,CE,Towers with Radar,342,180,108,15,645,0,0,57,2,59,342,180,165,17,704,24,0,24,728
04/05/2002,BNA,TN,ASO,CE,Towers with Radar,345,160,104,15,624,1,1,73,1,76,346,161,177,16,700,19,0,19,719
04/06/2002,BNA,TN,ASO,CE,Towers with Radar,289,63,60,4,416,0,1,60,1,62,289,64,120,5,478,22,0,22,500
04/07/2002,BNA,TN,ASO,CE,Towers with Radar,259,85,73,6,423,34,0,0,0,34,293,85,73,6,457,6,0,6,463
04/08/2002,BNA,TN,ASO,CE,Towers with Radar,312,151,112,5,580,0,1,8,0,9,312,152,120,5,589,9,0,9,598
04/09/2002,BNA,TN,ASO,CE,Towers with Radar,341,183,117,12,653,0,1,13,1,15,341,184,130,13,668,17,0,17,685
04/10/2002,BNA,TN,ASO,CE,Towers with Radar,340,199,155,22,716,3,4,77,3,87,343,203,232,25,803,13,0,13,816
04/11/2002,BNA,TN,ASO,CE,Towers with Radar,344,194,171,9,718,1,1,50,4,56,345,195,221,13,774,8,0,8,782
04/12/2002,BNA,TN,ASO,CE,Towers with Radar,341,181,145,8,675,1,1,20,1,23,342,182,165,9,698,3,0,3,701
04/13/2002,BNA,TN,ASO,CE,Towers with Radar,287,72,85,5,449,2,1,17,0,20,289,73,102,5,469,14,0,14,483
04/14/2002,BNA,TN,ASO,CE,Towers with Radar,295,89,118,4,506,0,1,16,0,17,295,90,134,4,523,0,0,0,523
04/15/2002,BNA,TN,ASO,CE,Towers with Radar,311,119,127,13,570,3,2,58,4,67,314,121,185,17,637,2,0,2,639
04/16/2002,BNA,TN,ASO,CE,Towers with Radar,335,168,150,9,662,0,1,65,0,66,335,169,215,9,728,34,0,34,762
04/17/2002,BNA,TN,ASO,CE,Towers with Radar,337,178,116,11,642,0,4,46,3,53,337,182,162,14,695,20,0,20,715
04/18/2002,BNA,TN,ASO,CE,Towers with Radar,331,165,143,0,639,0,2,59,0,61,331,167,202,0,700,19,0,19,719
04/19/2002,BNA,TN,ASO,CE,Towers with Radar,348,170,136,9,663,1,2,59,2,64,349,172,195,11,727,25,0,25,752
04/20/2002,BNA,TN,ASO,CE,Towers with Radar,296,71,62,4,433,0,2,54,1,57,296,73,116,5,490,4,0,4,494
04/21/2002,BNA,TN,ASO,CE,Towers with Radar,294,91,106,2,493,0,1,36,1,38,294,92,142,3,531,4,0,4,535
04/22/2002,BNA,TN,ASO,CE,Towers with Radar,321,142,115,7,585,0,1,61,4,66,321,143,176,11,651,7,0,7,658
04/23/2002,BNA,TN,ASO,CE,Towers with Radar,345,167,129,14,655,0,5,64,4,73,345,172,193,18,728,20,0,20,748
04/24/2002,BNA,TN,ASO,CE,Towers with Radar,346,182,126,5,659,0,1,17,0,18,346,183,143,5,677,5,0,5,682
04/25/2002,BNA,TN,ASO,CE,Towers with Radar,344,197,156,7,704,0,2,64,3,69,344,199,220,10,773,16,0,16,789
04/26/2002,BNA,TN,ASO,CE,Towers with Radar,341,183,137,14,675,2,1,63,4,70,343,184,200,18,745,13,0,13,758
04/27/2002,BNA,TN,ASO,CE,Towers with Radar,296,76,57,2,431,0,1,22,0,23,296,77,79,2,454,2,0,2,456
04/28/2002,BNA,TN,ASO,CE,Towers with Radar,288,73,94,5,460,0,1,20,3,24,288,74,114,8,484,0,0,0,484
04/29/2002,BNA,TN,ASO,CE,Towers with Radar,328,155,125,17,625,0,1,65,2,68,328,156,190,19,693,16,0,16,709
04/30/2002,BNA,TN,ASO,CE,Towers with Radar,339,191,123,7,660,0,0,30,20,50,339,191,153,27,710,4,0,4,714
05/01/2002,BNA,TN,ASO,CE,Towers with Radar,339,183,172,8,702,7,1,9,2,19,346,184,181,10,721,0,0,0,721
05/02/2002,BNA,TN,ASO,CE,Towers with Radar,341,175,142,5,663,0,1,8,0,9,341,176,150,5,672,8,0,8,680
05/03/2002,BNA,TN,ASO,CE,Towers with Radar,349,189,140,8,686,0,1,17,2,20,349,190,157,10,706,4,0,4,710
05/04/2002,BNA,TN,ASO,CE,Towers with Radar,292,90,82,7,471,2,2,5,0,9,294,92,87,7,480,4,0,4,484
05/05/2002,BNA,TN,ASO,CE,Towers with Radar,292,98,73,5,468,0,4,53,3,60,292,102,126,8,528,4,0,4,532
05/06/2002,BNA,TN,ASO,CE,Towers with Radar,336,142,113,10,601,0,1,17,0,18,336,143,130,10,619,5,0,5,624
05/07/2002,BNA,TN,ASO,CE,Towers with Radar,343,174,148,12,677,0,1,34,4,39,343,175,182,16,716,17,0,17,733
05/08/2002,BNA,TN,ASO,CE,Towers with Radar,346,178,139,11,674,0,3,44,0,47,346,181,183,11,721,60,0,60,781
05/09/2002,BNA,TN,ASO,CE,Towers with Radar,344,188,154,12,698,0,2,16,0,18,344,190,170,12,716,8,0,8,724
05/10/2002,BNA,TN,ASO,CE,Towers with Radar,348,188,137,10,683,2,2,27,1,32,350,190,164,11,715,6,0,6,721
05/11/2002,BNA,TN,ASO,CE,Towers with Radar,292,80,67,5,444,0,1,56,0,57,292,81,123,5,501,3,0,3,504
05/12/2002,BNA,TN,ASO,CE,Towers with Radar,288,104,66,9,467,0,2,26,1,29,288,106,92,10,496,13,0,13,509
05/13/2002,BNA,TN,ASO,CE,Towers with Radar,327,128,105,8,568,1,0,10,0,11,328,128,115,8,579,8,0,8,587
05/14/2002,BNA,TN,ASO,CE,Towers with Radar,345,197,152,20,714,4,1,89,2,96,349,198,241,22,810,14,0,14,824
05/15/2002,BNA,TN,ASO,CE,Towers with Radar,347,185,162,15,709,4,2,82,5,93,351,187,244,20,802,17,0,17,819
05/16/2002,BNA,TN,ASO,CE,Towers with Radar,342,186,128,15,671,1,3,64,2,70,343,189,192,17,741,26,0,26,767
05/17/2002,BNA,TN,ASO,CE,Towers with Radar,339,159,90,3,591,0,0,7,0,7,339,159,97,3,598,14,0,14,612
05/18/2002,BNA,TN,ASO,CE,Towers with Radar,302,97,89,9,497,1,0,18,0,19,303,97,107,9,516,2,0,2,518
05/19/2002,BNA,TN,ASO,CE,Towers with Radar,295,93,75,2,465,0,1,42,1,44,295,94,117,3,509,2,0,2,511
05/20/2002,BNA,TN,ASO,CE,Towers with Radar,313,128,111,8,560,12,0,95,3,110,325,128,206,11,670,12,0,12,682
05/21/2002,BNA,TN,ASO,CE,Towers with Radar,343,169,131,12,655,0,1,58,5,64,343,170,189,17,719,8,0,8,727
05/22/2002,BNA,TN,ASO,CE,Towers with Radar,341,179,157,10,687,0,2,82,1,85,341,181,239,11,772,44,0,44,816
05/23/2002,BNA,TN,ASO,CE,Towers with Radar,344,173,167,7,691,1,3,75,0,79,345,176,242,7,770,4,0,4,774
05/24/2002,BNA,TN,ASO,CE,Towers with Radar,349,161,135,7,652,4,1,84,0,89,353,162,219,7,741,6,0,6,747
05/25/2002,BNA,TN,ASO,CE,Towers with Radar,282,66,49,3,400,3,0,53,0,56,285,66,102,3,456,4,0,4,460
05/26/2002,BNA,TN,ASO,CE,Towers with Radar,280,68,32,5,385,2,1,14,0,17,282,69,46,5,402,0,0,0,402
05/27/2002,BNA,TN,ASO,CE,Towers with Radar,289,74,69,4,436,4,0,50,2,56,293,74,119,6,492,12,0,12,504
05/28/2002,BNA,TN,ASO,CE,Towers with Radar,326,132,117,12,587,5,0,34,2,41,331,132,151,14,628,12,0,12,640
05/29/2002,BNA,TN,ASO,CE,Towers with Radar,348,182,129,10,669,2,2,33,1,38,350,184,162,11,707,5,0,5,712
05/30/2002,BNA,TN,ASO,CE,Towers with Radar,340,168,120,20,648,0,3,51,2,56,340,171,171,22,704,19,0,19,723
05/31/2002,BNA,TN,ASO,CE,Towers with Radar,346,169,109,9,633,0,1,54,2,57,346,170,163,11,690,7,0,7,697
06/01/2002,BNA,TN,ASO,CE,Towers with Radar,305,84,64,3,456,9,1,54,1,65,314,85,118,4,521,19,0,19,540
06/02/2002,BNA,TN,ASO,CE,Towers with Radar,307,79,55,4,445,0,0,42,1,43,307,79,97,5,488,0,0,0,488
06/03/2002,BNA,TN,ASO,CE,Towers with Radar,336,122,106,7,571,0,0,62,2,64,336,122,168,9,635,8,0,8,643
06/04/2002,BNA,TN,ASO,CE,Towers with Radar,325,171,100,0,596,0,3,40,0,43,325,174,140,0,639,9,0,9,648
06/05/2002,BNA,TN,ASO,CE,Towers with Radar,350,184,125,3,662,0,1,30,5,36,350,185,155,8,698,0,0,0,698
06/06/2002,BNA,TN,ASO,CE,Towers with Radar,350,181,122,9,662,0,0,8,2,10,350,181,130,11,672,2,0,2,674
06/07/2002,BNA,TN,ASO,CE,Towers with Radar,361,170,121,12,664,4,0,65,3,72,365,170,186,15,736,4,0,4,740
06/08/2002,BNA,TN,ASO,CE,Towers with Radar,294,77,69,7,447,2,0,54,2,58,296,77,123,9,505,4,0,4,509
06/09/2002,BNA,TN,ASO,CE,Towers with Radar,319,87,104,7,517,5,0,50,0,55,324,87,154,7,572,4,0,4,576
06/10/2002,BNA,TN,ASO,CE,Towers with Radar,336,128,119,14,597,0,2,71,2,75,336,130,190,16,672,3,0,3,675
06/11/2002,BNA,TN,ASO,CE,Towers with Radar,362,178,163,14,717,0,4,52,2,58,362,182,215,16,775,10,0,10,785
06/12/2002,BNA,TN,ASO,CE,Towers with Radar,345,181,145,10,681,0,2,65,3,70,345,183,210,13,751,15,0,15,766
06/13/2002,BNA,TN,ASO,CE,Towers with Radar,351,198,135,12,696,0,4,38,1,43,351,202,173,13,739,20,0,20,759
06/14/2002,BNA,TN,ASO,CE,Towers with Radar,356,170,147,5,678,0,2,51,2,55,356,172,198,7,733,8,0,8,741
06/15/2002,BNA,TN,ASO,CE,Towers with Radar,238,80,82,7,407,64,0,59,0,123,302,80,141,7,530,1,0,1,531
06/16/2002,BNA,TN,ASO,CE,Towers with Radar,312,92,73,4,481,7,2,48,1,58,319,94,121,5,539,10,0,10,549
06/17/2002,BNA,TN,ASO,CE,Towers with Radar,338,134,107,11,590,0,2,51,6,59,338,136,158,17,649,8,0,8,657
06/18/2002,BNA,TN,ASO,CE,Towers with Radar,352,166,152,21,691,0,3,54,6,63,352,169,206,27,754,3,0,3,757
06/19/2002,BNA,TN,ASO,CE,Towers with Radar,355,169,173,11,708,0,2,66,5,73,355,171,239,16,781,4,0,4,785
06/20/2002,BNA,TN,ASO,CE,Towers with Radar,356,178,133,20,687,0,1,59,6,66,356,179,192,26,753,9,0,9,762
06/21/2002,BNA,TN,ASO,CE,Towers with Radar,357,174,143,22,696,5,1,79,1,86,362,175,222,23,782,16,0,16,798
06/22/2002,BNA,TN,ASO,CE,Towers with Radar,318,81,60,6,465,2,1,70,1,74,320,82,130,7,539,1,0,1,540
06/23/2002,BNA,TN,ASO,CE,Towers with Radar,312,93,91,12,508,0,1,45,2,48,312,94,136,14,556,0,0,0,556
06/24/2002,BNA,TN,ASO,CE,Towers with Radar,336,134,110,16,596,0,1,0,0,1,336,135,110,16,597,0,0,0,597
06/25/2002,BNA,TN,ASO,CE,Towers with Radar,341,194,131,13,679,0,3,29,1,33,341,197,160,14,712,9,0,9,721
06/26/2002,BNA,TN,ASO,CE,Towers with Radar,344,191,129,12,676,0,2,54,3,59,344,193,183,15,735,8,0,8,743
06/27/2002,BNA,TN,ASO,CE,Towers with Radar,350,183,127,19,679,0,2,29,2,33,350,185,156,21,712,24,0,24,736
06/28/2002,BNA,TN,ASO,CE,Towers with Radar,366,187,147,18,718,0,1,41,1,43,366,188,188,19,761,11,0,11,772
06/29/2002,BNA,TN,ASO,CE,Towers with Radar,310,75,88,3,476,1,1,16,0,18,311,76,104,3,494,26,0,26,520
06/30/2002,BNA,TN,ASO,CE,Towers with Radar,303,87,67,2,459,0,1,30,0,31,303,88,97,2,490,3,0,3,493
07/01/2002,BNA,TN,ASO,CE,Towers with Radar,348,125,69,14,556,9,1,50,3,63,357,126,119,17,619,16,0,16,635
07/02/2002,BNA,TN,ASO,CE,Towers with Radar,344,169,110,12,635,1,2,52,1,56,345,171,162,13,691,13,0,13,704
07/03/2002,BNA,TN,ASO,CE,Towers with Radar,354,181,111,1,647,0,2,32,0,34,354,183,143,1,681,3,0,3,684
07/04/2002,BNA,TN,ASO,CE,Towers with Radar,289,89,34,1,413,8,2,12,0,22,297,91,46,1,435,8,0,8,443
07/05/2002,BNA,TN,ASO,CE,Towers with Radar,277,91,62,4,434,7,3,38,0,48,284,94,100,4,482,8,0,8,490
07/06/2002,BNA,TN,ASO,CE,Towers with Radar,298,74,51,2,425,0,4,49,1,54,298,78,100,3,479,8,0,8,487
07/07/2002,BNA,TN,ASO,CE,Towers with Radar,314,90,77,7,488,3,0,39,5,47,317,90,116,12,535,0,0,0,535
07/08/2002,BNA,TN,ASO,CE,Towers with Radar,335,141,111,7,594,0,0,32,2,34,335,141,143,9,628,4,0,4,632
07/09/2002,BNA,TN,ASO,CE,Towers with Radar,349,176,107,18,650,0,0,18,1,19,349,176,125,19,669,15,0,15,684
07/10/2002,BNA,TN,ASO,CE,Towers with Radar,353,164,129,6,652,0,3,11,1,15,353,167,140,7,667,20,0,20,687
07/11/2002,BNA,TN,ASO,CE,Towers with Radar,363,178,142,14,697,0,2,10,0,12,363,180,152,14,709,39,0,39,748
07/12/2002,BNA,TN,ASO,CE,Towers with Radar,351,168,123,15,657,0,1,11,0,12,351,169,134,15,669,15,0,15,684
07/13/2002,BNA,TN,ASO,CE,Towers with Radar,320,72,68,16,476,2,1,5,0,8,322,73,73,16,484,2,0,2,486
07/14/2002,BNA,TN,ASO,CE,Towers with Radar,313,83,75,8,479,0,1,18,1,20,313,84,93,9,499,10,0,10,509
07/15/2002,BNA,TN,ASO,CE,Towers with Radar,340,125,117,18,600,0,1,51,4,56,340,126,168,22,656,4,0,4,660
07/16/2002,BNA,TN,ASO,CE,Towers with Radar,361,179,136,14,690,2,1,58,10,71,363,180,194,24,761,7,0,7,768
07/17/2002,BNA,TN,ASO,CE,Towers with Radar,352,186,133,6,677,0,2,64,11,77,352,188,197,17,754,16,0,16,770
07/18/2002,BNA,TN,ASO,CE,Towers with Radar,352,190,158,4,704,0,2,35,6,43,352,192,193,10,747,4,0,4,751
07/19/2002,BNA,TN,ASO,CE,Towers with Radar,356,166,140,13,675,0,6,46,1,53,356,172,186,14,728,29,0,29,757
07/20/2002,BNA,TN,ASO,CE,Towers with Radar,278,83,88,6,455,45,0,53,0,98,323,83,141,6,553,5,0,5,558
07/21/2002,BNA,TN,ASO,CE,Towers with Radar,310,76,109,9,504,5,1,32,2,40,315,77,141,11,544,0,0,0,544
07/22/2002,BNA,TN,ASO,CE,Towers with Radar,341,114,145,13,613,0,1,41,0,42,341,115,186,13,655,5,0,5,660
07/23/2002,BNA,TN,ASO,CE,Towers with Radar,358,174,119,19,670,0,4,28,1,33,358,178,147,20,703,3,0,3,706
07/24/2002,BNA,TN,ASO,CE,Towers with Radar,364,195,127,15,701,3,2,54,2,61,367,197,181,17,762,22,0,22,784
07/25/2002,BNA,TN,ASO,CE,Towers with Radar,356,172,132,14,674,0,8,48,1,57,356,180,180,15,731,24,0,24,755
07/26/2002,BNA,TN,ASO,CE,Towers with Radar,349,173,138,18,678,3,1,0,0,4,352,174,138,18,682,41,0,41,723
07/27/2002,BNA,TN,ASO,CE,Towers with Radar,314,76,73,7,470,5,1,58,0,64,319,77,131,7,534,10,0,10,544
07/28/2002,BNA,TN,ASO,CE,Towers with Radar,318,86,71,7,482,2,2,33,0,37,320,88,104,7,519,8,0,8,527
07/29/2002,BNA,TN,ASO,CE,Towers with Radar,343,112,108,9,572,2,1,61,5,69,345,113,169,14,641,11,0,11,652
07/30/2002,BNA,TN,ASO,CE,Towers with Radar,357,170,85,22,634,0,2,20,0,22,357,172,105,22,656,2,0,2,658
07/31/2002,BNA,TN,ASO,CE,Towers with Radar,355,172,113,12,652,0,2,50,5,57,355,174,163,17,709,65,0,65,774
08/01/2002,BNA,TN,ASO,CE,Towers with Radar,339,179,125,16,659,11,0,70,2,83,350,179,195,18,742,24,0,24,766
08/02/2002,BNA,TN,ASO,CE,Towers with Radar,358,184,107,5,654,4,0,58,2,64,362,184,165,7,718,20,0,20,738
08/03/2002,BNA,TN,ASO,CE,Towers with Radar,316,69,60,6,451,4,0,48,2,54,320,69,108,8,505,10,0,10,515
08/04/2002,BNA,TN,ASO,CE,Towers with Radar,318,80,76,7,481,4,0,48,2,54,322,80,124,9,535,0,0,0,535
08/05/2002,BNA,TN,ASO,CE,Towers with Radar,331,125,112,18,586,3,0,38,1,42,334,125,150,19,628,14,0,14,642
08/06/2002,BNA,TN,ASO,CE,Towers with Radar,375,187,130,16,708,3,0,42,1,46,378,187,172,17,754,28,0,28,782
08/07/2002,BNA,TN,ASO,CE,Towers with Radar,351,184,127,10,672,2,0,64,2,68,353,184,191,12,740,19,0,19,759
08/08/2002,BNA,TN,ASO,CE,Towers with Radar,357,161,128,13,659,0,16,86,6,108,357,177,214,19,767,25,0,25,792
08/09/2002,BNA,TN,ASO,CE,Towers with Radar,369,158,126,13,666,0,4,65,0,69,369,162,191,13,735,34,0,34,769
08/10/2002,BNA,TN,ASO,CE,Towers with Radar,302,82,74,3,461,6,0,45,0,51,308,82,119,3,512,18,0,18,530
08/11/2002,BNA,TN,ASO,CE,Towers with Radar,317,78,78,5,478,3,0,28,0,31,320,78,106,5,509,4,0,4,513
08/12/2002,BNA,TN,ASO,CE,Towers with Radar,336,126,103,8,573,2,2,38,4,46,338,128,141,12,619,16,0,16,635
08/13/2002,BNA,TN,ASO,CE,Towers with Radar,354,183,138,25,700,2,0,33,1,36,356,183,171,26,736,14,0,14,750
08/14/2002,BNA,TN,ASO,CE,Towers with Radar,358,179,174,14,725,4,1,34,3,42,362,180,208,17,767,0,0,0,767
08/15/2002,BNA,TN,ASO,CE,Towers with Radar,361,182,150,22,715,3,0,51,1,55,364,182,201,23,770,26,0,26,796
08/16/2002,BNA,TN,ASO,CE,Towers with Radar,369,162,114,8,653,2,2,17,2,23,371,164,131,10,676,11,0,11,687
08/17/2002,BNA,TN,ASO,CE,Towers with Radar,315,77,56,7,455,6,0,18,0,24,321,77,74,7,479,8,0,8,487
08/18/2002,BNA,TN,ASO,CE,Towers with Radar,311,80,71,4,466,5,0,24,0,29,316,80,95,4,495,2,0,2,497
08/19/2002,BNA,TN,ASO,CE,Towers with Radar,333,133,94,13,573,2,0,0,0,2,335,133,94,13,575,0,0,0,575
08/20/2002,BNA,TN,ASO,CE,Towers with Radar,364,174,133,17,688,2,0,44,2,48,366,174,177,19,736,15,0,15,751
08/21/2002,BNA,TN,ASO,CE,Towers with Radar,361,179,160,8,708,2,1,61,4,68,363,180,221,12,776,8,0,8,784
08/22/2002,BNA,TN,ASO,CE,Towers with Radar,355,196,153,18,722,6,0,57,1,64,361,196,210,19,786,17,0,17,803
08/23/2002,BNA,TN,ASO,CE,Towers with Radar,339,144,125,13,621,0,0,39,10,49,339,144,164,23,670,24,0,24,694
08/24/2002,BNA,TN,ASO,CE,Towers with Radar,316,81,69,6,472,6,5,41,0,52,322,86,110,6,524,0,0,0,524
08/25/2002,BNA,TN,ASO,CE,Towers with Radar,318,104,93,6,521,9,2,8,1,20,327,106,101,7,541,8,0,8,549
08/26/2002,BNA,TN,ASO,CE,Towers with Radar,336,144,126,19,625,3,0,38,4,45,339,144,164,23,670,24,0,24,694
08/27/2002,BNA,TN,ASO,CE,Towers with Radar,345,175,157,18,695,2,2,46,1,51,347,177,203,19,746,29,0,29,775
08/28/2002,BNA,TN,ASO,CE,Towers with Radar,353,175,155,13,696,8,0,39,7,54,361,175,194,20,750,20,0,20,770
08/29/2002,BNA,TN,ASO,CE,Towers with Radar,361,171,137,14,683,0,12,53,9,74,361,183,190,23,757,36,0,36,793
08/30/2002,BNA,TN,ASO,CE,Towers with Radar,357,177,132,17,683,4,0,50,1,55,361,177,182,18,738,7,0,7,745
08/31/2002,BNA,TN,ASO,CE,Towers with Radar,305,63,78,5,451,8,0,45,3,56,313,63,123,8,507,15,0,15,522
09/01/2002,BNA,TN,ASO,CE,Towers with Radar,206,56,74,5,341,75,0,4,0,79,281,56,78,5,420,3,0,3,423
09/02/2002,BNA,TN,ASO,CE,Towers with Radar,316,64,54,7,441,3,2,42,1,48,319,66,96,8,489,13,0,13,502
09/03/2002,BNA,TN,ASO,CE,Towers with Radar,338,128,97,14,577,0,3,54,3,60,338,131,151,17,637,10,0,10,647
09/04/2002,BNA,TN,ASO,CE,Towers with Radar,358,166,127,6,657,0,4,57,2,63,358,170,184,8,720,5,0,5,725
09/05/2002,BNA,TN,ASO,CE,Towers with Radar,354,176,142,16,688,0,13,64,2,79,354,189,206,18,767,42,0,42,809
09/06/2002,BNA,TN,ASO,CE,Towers with Radar,358,162,121,22,663,0,3,48,6,57,358,165,169,28,720,51,0,51,771
09/07/2002,BNA,TN,ASO,CE,Towers with Radar,306,64,80,11,461,1,2,76,4,83,307,66,156,15,544,13,0,13,557
09/08/2002,BNA,TN,ASO,CE,Towers with Radar,320,84,117,11,532,0,2,36,1,39,320,86,153,12,571,10,0,10,581
09/09/2002,BNA,TN,ASO,CE,Towers with Radar,333,120,117,11,581,2,0,58,6,66,335,120,175,17,647,19,0,19,666
09/10/2002,BNA,TN,ASO,CE,Towers with Radar,346,170,138,18,672,0,11,64,4,79,346,181,202,22,751,10,0,10,761
09/11/2002,BNA,TN,ASO,CE,Towers with Radar,331,144,137,16,628,3,5,66,9,83,334,149,203,25,711,38,0,38,749
09/12/2002,BNA,TN,ASO,CE,Towers with Radar,346,175,130,27,678,0,5,56,3,64,346,180,186,30,742,23,0,23,765
09/13/2002,BNA,TN,ASO,CE,Towers with Radar,353,157,105,17,632,0,2,44,4,50,353,159,149,21,682,11,0,11,693
09/14/2002,BNA,TN,ASO,CE,Towers with Radar,315,68,81,5,469,0,1,26,2,29,315,69,107,7,498,1,0,1,499
09/15/2002,BNA,TN,ASO,CE,Towers with Radar,323,102,90,8,523,0,1,10,1,12,323,103,100,9,535,0,0,0,535
09/16/2002,BNA,TN,ASO,CE,Towers with Radar,338,141,141,19,639,0,2,33,1,36,338,143,174,20,675,36,0,36,711
09/17/2002,BNA,TN,ASO,CE,Towers with Radar,358,179,137,9,683,0,1,8,0,9,358,180,145,9,692,18,0,18,710
09/18/2002,BNA,TN,ASO,CE,Towers with Radar,351,208,157,16,732,0,2,36,4,42,351,210,193,20,774,23,0,23,797
09/19/2002,BNA,TN,ASO,CE,Towers with Radar,351,180,161,9,701,1,2,27,1,31,352,182,188,10,732,11,0,11,743
09/20/2002,BNA,TN,ASO,CE,Towers with Radar,362,185,128,21,696,0,3,13,1,17,362,188,141,22,713,12,0,12,725
09/21/2002,BNA,TN,ASO,CE,Towers with Radar,309,90,98,2,499,0,1,23,1,25,309,91,121,3,524,8,0,8,532
09/22/2002,BNA,TN,ASO,CE,Towers with Radar,318,87,119,6,530,0,1,32,0,33,318,88,151,6,563,3,0,3,566
09/23/2002,BNA,TN,ASO,CE,Towers with Radar,343,144,114,10,611,0,1,65,2,68,343,145,179,12,679,28,0,28,707
09/24/2002,BNA,TN,ASO,CE,Towers with Radar,348,178,161,10,697,0,3,88,2,93,348,181,249,12,790,8,0,8,798
09/25/2002,BNA,TN,ASO,CE,Towers with Radar,348,200,146,10,704,0,5,17,1,23,348,205,163,11,727,14,0,14,741
09/26/2002,BNA,TN,ASO,CE,Towers with Radar,349,163,116,7,635,0,2,1,0,3,349,165,117,7,638,0,0,0,638
09/27/2002,BNA,TN,ASO,CE,Towers with Radar,352,182,124,12,670,0,3,20,0,23,352,185,144,12,693,31,0,31,724
09/28/2002,BNA,TN,ASO,CE,Towers with Radar,296,70,78,2,446,1,3,55,0,59,297,73,133,2,505,10,0,10,515
09/29/2002,BNA,TN,ASO,CE,Towers with Radar,318,82,119,5,524,0,2,61,0,63,318,84,180,5,587,27,0,27,614
09/30/2002,BNA,TN,ASO,CE,Towers with Radar,335,128,112,5,580,0,3,37,0,40,335,131,149,5,620,6,0,6,626
10/01/2002,BNA,TN,ASO,CE,Towers with Radar,333,173,174,2,682,11,0,6,0,17,344,173,180,2,699,16,0,16,715
10/02/2002,BNA,TN,ASO,CE,Towers with Radar,346,183,145,7,681,0,1,49,1,51,346,184,194,8,732,8,0,8,740
10/03/2002,BNA,TN,ASO,CE,Towers with Radar,347,189,121,14,671,0,2,50,0,52,347,191,171,14,723,28,0,28,751
10/04/2002,BNA,TN,ASO,CE,Towers with Radar,346,155,82,3,586,0,0,6,0,6,346,155,88,3,592,22,0,22,614
10/05/2002,BNA,TN,ASO,CE,Towers with Radar,306,66,69,4,445,2,0,73,0,75,308,66,142,4,520,0,0,0,520
10/06/2002,BNA,TN,ASO,CE,Towers with Radar,315,97,127,7,546,3,0,64,4,71,318,97,191,11,617,5,0,5,622
10/07/2002,BNA,TN,ASO,CE,Towers with Radar,334,146,108,9,597,0,1,30,0,31,334,147,138,9,628,6,0,6,634
10/08/2002,BNA,TN,ASO,CE,Towers with Radar,344,173,126,8,651,0,3,68,0,71,344,176,194,8,722,9,0,9,731
10/09/2002,BNA,TN,ASO,CE,Towers with Radar,353,192,145,9,699,1,1,14,0,16,354,193,159,9,715,8,0,8,723
10/10/2002,BNA,TN,ASO,CE,Towers with Radar,360,188,134,5,687,0,0,0,0,0,360,188,134,5,687,2,0,2,689
10/11/2002,BNA,TN,ASO,CE,Towers with Radar,354,170,149,8,681,1,0,11,0,12,355,170,160,8,693,11,0,11,704
10/12/2002,BNA,TN,ASO,CE,Towers with Radar,312,80,135,3,530,7,0,13,0,20,319,80,148,3,550,12,0,12,562
10/13/2002,BNA,TN,ASO,CE,Towers with Radar,315,103,116,5,539,6,0,22,0,28,321,103,138,5,567,21,0,21,588
10/14/2002,BNA,TN,ASO,CE,Towers with Radar,341,112,155,6,614,0,0,51,0,51,341,112,206,6,665,21,0,21,686
10/15/2002,BNA,TN,ASO,CE,Towers with Radar,344,151,140,5,640,1,1,8,0,10,345,152,148,5,650,18,0,18,668
10/16/2002,BNA,TN,ASO,CE,Towers with Radar,354,193,157,9,713,0,3,66,4,73,354,196,223,13,786,11,0,11,797
10/17/2002,BNA,TN,ASO,CE,Towers with Radar,358,188,152,6,704,1,8,59,0,68,359,196,211,6,772,7,0,7,779
10/18/2002,BNA,TN,ASO,CE,Towers with Radar,347,179,132,13,671,0,3,54,1,58,347,182,186,14,729,15,0,15,744
10/19/2002,BNA,TN,ASO,CE,Towers with Radar,316,69,75,5,465,0,1,25,0,26,316,70,100,5,491,1,0,1,492
10/20/2002,BNA,TN,ASO,CE,Towers with Radar,315,95,93,5,508,4,0,0,0,4,319,95,93,5,512,2,0,2,514
10/21/2002,BNA,TN,ASO,CE,Towers with Radar,335,153,178,11,677,0,1,5,0,6,335,154,183,11,683,6,0,6,689
10/22/2002,BNA,TN,ASO,CE,Towers with Radar,347,176,164,10,697,3,6,61,4,74,350,182,225,14,771,50,0,50,821
10/23/2002,BNA,TN,ASO,CE,Towers with Radar,354,166,145,8,673,0,8,49,11,68,354,174,194,19,741,7,0,7,748
10/24/2002,BNA,TN,ASO,CE,Towers with Radar,353,173,162,10,698,0,1,24,5,30,353,174,186,15,728,2,0,2,730
10/25/2002,BNA,TN,ASO,CE,Towers with Radar,357,173,153,3,686,0,1,0,2,3,357,174,153,5,689,0,0,0,689
10/26/2002,BNA,TN,ASO,CE,Towers with Radar,316,80,99,0,495,0,0,17,1,18,316,80,116,1,513,6,0,6,519
10/27/2002,BNA,TN,ASO,CE,Towers with Radar,283,81,113,3,480,2,0,21,1,24,285,81,134,4,504,14,0,14,518
10/28/2002,BNA,TN,ASO,CE,Towers with Radar,339,134,120,14,607,0,1,0,1,2,339,135,120,15,609,4,0,4,613
10/29/2002,BNA,TN,ASO,CE,Towers with Radar,342,177,111,7,637,0,0,11,0,11,342,177,122,7,648,10,0,10,658
10/30/2002,BNA,TN,ASO,CE,Towers with Radar,356,207,130,14,707,0,0,10,3,13,356,207,140,17,720,2,0,2,722
10/31/2002,BNA,TN,ASO,CE,Towers with Radar,356,166,106,8,636,0,0,22,1,23,356,166,128,9,659,5,0,5,664
11/01/2002,BNA,TN,ASO,CE,Towers with Radar,347,174,136,1,658,9,0,34,3,46,356,174,170,4,704,10,0,10,714
11/02/2002,BNA,TN,ASO,CE,Towers with Radar,303,58,74,3,438,0,0,69,2,71,303,58,143,5,509,8,0,8,517
11/03/2002,BNA,TN,ASO,CE,Towers with Radar,293,92,73,0,458,0,0,5,2,7,293,92,78,2,465,0,0,0,465
11/04/2002,BNA,TN,ASO,CE,Towers with Radar,336,133,111,8,588,0,0,8,1,9,336,133,119,9,597,2,0,2,599
11/05/2002,BNA,TN,ASO,CE,Towers with Radar,343,168,118,1,630,0,0,2,0,2,343,168,120,1,632,2,0,2,634
11/06/2002,BNA,TN,ASO,CE,Towers with Radar,351,173,138,7,669,0,1,31,0,32,351,174,169,7,701,4,0,4,705
11/07/2002,BNA,TN,ASO,CE,Towers with Radar,359,181,194,50,784,0,2,81,1,84,359,183,275,51,868,0,0,0,868
11/08/2002,BNA,TN,ASO,CE,Towers with Radar,356,160,124,10,650,0,4,89,1,94,356,164,213,11,744,19,0,19,763
11/09/2002,BNA,TN,ASO,CE,Towers with Radar,298,71,82,8,459,0,0,45,0,45,298,71,127,8,504,1,0,1,505
11/10/2002,BNA,TN,ASO,CE,Towers with Radar,292,86,71,40,489,0,0,9,1,10,292,86,80,41,499,0,0,0,499
11/11/2002,BNA,TN,ASO,CE,Towers with Radar,344,109,107,4,564,0,2,56,1,59,344,111,163,5,623,2,0,2,625
11/12/2002,BNA,TN,ASO,CE,Towers with Radar,351,131,146,13,641,1,2,40,4,47,352,133,186,17,688,9,0,9,697
11/13/2002,BNA,TN,ASO,CE,Towers with Radar,355,174,138,14,681,0,2,70,3,75,355,176,208,17,756,23,0,23,779
11/14/2002,BNA,TN,ASO,CE,Towers with Radar,360,155,151,11,677,0,6,69,3,78,360,161,220,14,755,0,3,3,758
11/15/2002,BNA,TN,ASO,CE,Towers with Radar,350,155,129,8,642,0,0,2,1,3,350,155,131,9,645,8,0,8,653
11/16/2002,BNA,TN,ASO,CE,Towers with Radar,295,65,66,7,433,0,0,2,0,2,295,65,68,7,435,4,0,4,439
11/17/2002,BNA,TN,ASO,CE,Towers with Radar,286,70,97,6,459,0,2,25,1,28,286,72,122,7,487,2,0,2,489
11/18/2002,BNA,TN,ASO,CE,Towers with Radar,341,114,109,14,578,0,3,51,5,59,341,117,160,19,637,4,0,4,641
11/19/2002,BNA,TN,ASO,CE,Towers with Radar,351,153,146,17,667,0,3,50,2,55,351,156,196,19,722,6,0,6,728
11/20/2002,BNA,TN,ASO,CE,Towers with Radar,350,176,135,8,669,0,1,50,1,52,350,177,185,9,721,8,0,8,729
11/21/2002,BNA,TN,ASO,CE,Towers with Radar,346,163,157,16,682,0,2,35,0,37,346,165,192,16,719,14,0,14,733
11/22/2002,BNA,TN,ASO,CE,Towers with Radar,362,148,143,8,661,0,2,57,1,60,362,150,200,9,721,6,0,6,727
11/23/2002,BNA,TN,ASO,CE,Towers with Radar,297,66,63,7,433,0,2,85,0,87,297,68,148,7,520,28,0,28,548
11/24/2002,BNA,TN,ASO,CE,Towers with Radar,297,72,61,8,438,2,1,55,0,58,299,73,116,8,496,8,0,8,504
11/25/2002,BNA,TN,ASO,CE,Towers with Radar,340,123,120,14,597,2,0,36,3,41,342,123,156,17,638,2,0,2,640
11/26/2002,BNA,TN,ASO,CE,Towers with Radar,356,174,146,0,676,0,0,1,0,1,356,174,147,0,677,21,0,21,698
11/27/2002,BNA,TN,ASO,CE,Towers with Radar,351,167,110,7,635,1,2,41,2,46,352,169,151,9,681,9,0,9,690
11/28/2002,BNA,TN,ASO,CE,Towers with Radar,263,90,28,5,386,0,0,16,0,16,263,90,44,5,402,1,0,1,403
11/29/2002,BNA,TN,ASO,CE,Towers with Radar,222,85,74,3,384,33,8,2,0,43,255,93,76,3,427,10,0,10,437
11/30/2002,BNA,TN,ASO,CE,Towers with Radar,284,56,62,0,402,0,1,22,0,23,284,57,84,0,425,8,0,8,433
12/01/2002,BNA,TN,ASO,CE,Towers with Radar,290,88,101,4,483,7,2,56,0,65,297,90,157,4,548,4,0,4,552
12/02/2002,BNA,TN,ASO,CE,Towers with Radar,323,121,107,7,558,0,0,57,2,59,323,121,164,9,617,6,0,6,623
12/03/2002,BNA,TN,ASO,CE,Towers with Radar,360,173,132,14,679,0,5,34,2,41,360,178,166,16,720,22,0,22,742
12/04/2002,BNA,TN,ASO,CE,Towers with Radar,313,125,75,1,514,0,2,0,0,2,313,127,75,1,516,4,0,4,520
12/05/2002,BNA,TN,ASO,CE,Towers with Radar,324,151,122,12,609,0,3,1,0,4,324,154,123,12,613,4,0,4,617
12/06/2002,BNA,TN,ASO,CE,Towers with Radar,368,155,133,9,665,0,3,60,0,63,368,158,193,9,728,24,0,24,752
12/07/2002,BNA,TN,ASO,CE,Towers with Radar,283,58,65,8,414,0,8,68,0,76,283,66,133,8,490,6,0,6,496
12/08/2002,BNA,TN,ASO,CE,Towers with Radar,290,86,105,3,484,0,5,42,0,47,290,91,147,3,531,10,0,10,541
12/09/2002,BNA,TN,ASO,CE,Towers with Radar,334,130,107,7,578,0,3,52,7,62,334,133,159,14,640,12,0,12,652
12/10/2002,BNA,TN,ASO,CE,Towers with Radar,346,168,144,11,669,0,2,0,0,2,346,170,144,11,671,3,0,3,674
12/11/2002,BNA,TN,ASO,CE,Towers with Radar,348,181,143,11,683,0,2,0,0,2,348,183,143,11,685,2,0,2,687
12/12/2002,BNA,TN,ASO,CE,Towers with Radar,357,181,180,22,740,0,2,14,0,16,357,183,194,22,756,8,0,8,764
12/13/2002,BNA,TN,ASO,CE,Towers with Radar,342,154,115,6,617,0,2,0,0,2,342,156,115,6,619,6,0,6,625
12/14/2002,BNA,TN,ASO,CE,Towers with Radar,252,70,78,3,403,36,0,15,0,51,288,70,93,3,454,2,0,2,456
12/15/2002,BNA,TN,ASO,CE,Towers with Radar,292,76,54,3,425,0,1,62,0,63,292,77,116,3,488,8,0,8,496
12/16/2002,BNA,TN,ASO,CE,Towers with Radar,332,120,136,7,595,0,4,49,6,59,332,124,185,13,654,13,0,13,667
12/17/2002,BNA,TN,ASO,CE,Towers with Radar,347,166,199,11,723,0,4,25,3,32,347,170,224,14,755,11,0,11,766
12/18/2002,BNA,TN,ASO,CE,Towers with Radar,335,156,137,7,635,2,1,18,1,22,337,157,155,8,657,4,0,4,661
12/19/2002,BNA,TN,ASO,CE,Towers with Radar,376,169,79,4,628,0,2,4,0,6,376,171,83,4,634,0,0,0,634
12/20/2002,BNA,TN,ASO,CE,Towers with Radar,350,170,125,6,651,2,2,44,0,48,352,172,169,6,699,11,0,11,710
12/21/2002,BNA,TN,ASO,CE,Towers with Radar,296,70,66,4,436,0,2,74,0,76,296,72,140,4,512,12,0,12,524
12/22/2002,BNA,TN,ASO,CE,Towers with Radar,288,63,47,3,401,1,1,31,0,33,289,64,78,3,434,0,0,0,434
12/23/2002,BNA,TN,ASO,CE,Towers with Radar,330,112,81,4,527,1,2,40,1,44,331,114,121,5,571,6,0,6,577
12/24/2002,BNA,TN,ASO,CE,Towers with Radar,308,131,26,0,465,0,1,0,0,1,308,132,26,0,466,2,0,2,468
12/25/2002,BNA,TN,ASO,CE,Towers with Radar,0,0,2,0,2,0,0,0,0,0,0,0,2,0,2,0,0,0,2
12/26/2002,BNA,TN,ASO,CE,Towers with Radar,330,117,105,1,553,0,2,24,0,26,330,119,129,1,579,0,0,0,579
12/27/2002,BNA,TN,ASO,CE,Towers with Radar,348,132,93,5,578,0,4,45,2,51,348,136,138,7,629,1,0,1,630
12/28/2002,BNA,TN,ASO,CE,Towers with Radar,286,64,50,3,403,0,2,71,0,73,286,66,121,3,476,7,0,7,483
12/29/2002,BNA,TN,ASO,CE,Towers with Radar,289,64,57,2,412,1,1,56,0,58,290,65,113,2,470,2,0,2,472
12/30/2002,BNA,TN,ASO,CE,Towers with Radar,306,113,94,6,519,16,0,31,9,56,322,113,125,15,575,0,0,0,575
12/31/2002,BNA,TN,ASO,CE,Towers with Radar,319,117,47,10,493,0,2,6,1,9,319,119,53,11,502,7,0,7,509
01/01/2003,BNA,TN,ASO,CE,Towers with Radar,212,82,43,3,340,52,3,0,0,55,264,85,43,3,395,0,0,0,395
01/02/2003,BNA,TN,ASO,CE,Towers with Radar,318,117,73,10,518,0,1,1,1,3,318,118,74,11,521,0,0,0,521
01/03/2003,BNA,TN,ASO,CE,Towers with Radar,352,143,62,15,572,0,4,8,1,13,352,147,70,16,585,3,0,3,588
01/04/2003,BNA,TN,ASO,CE,Towers with Radar,284,52,80,0,416,2,1,68,3,74,286,53,148,3,490,7,0,7,497
01/05/2003,BNA,TN,ASO,CE,Towers with Radar,287,69,72,3,431,0,1,32,3,36,287,70,104,6,467,4,0,4,471
01/06/2003,BNA,TN,ASO,CE,Towers with Radar,330,111,95,8,544,0,3,4,5,12,330,114,99,13,556,2,0,2,558
01/07/2003,BNA,TN,ASO,CE,Towers with Radar,334,152,107,12,605,0,3,49,5,57,334,155,156,17,662,7,0,7,669
01/08/2003,BNA,TN,ASO,CE,Towers with Radar,339,139,81,5,564,0,7,53,4,64,339,146,134,9,628,9,0,9,637
01/09/2003,BNA,TN,ASO,CE,Towers with Radar,348,149,102,9,608,0,6,54,7,67,348,155,156,16,675,13,0,13,688
01/10/2003,BNA,TN,ASO,CE,Towers with Radar,338,141,119,11,609,0,9,54,5,68,338,150,173,16,677,14,0,14,691
01/11/2003,BNA,TN,ASO,CE,Towers with Radar,280,89,111,3,483,1,2,63,1,67,281,91,174,4,550,6,0,6,556
01/12/2003,BNA,TN,ASO,CE,Towers with Radar,286,72,77,4,439,0,2,51,0,53,286,74,128,4,492,6,0,6,498
01/13/2003,BNA,TN,ASO,CE,Towers with Radar,320,113,102,10,545,0,5,41,2,48,320,118,143,12,593,9,0,9,602
01/14/2003,BNA,TN,ASO,CE,Towers with Radar,328,153,139,9,629,0,4,24,2,30,328,157,163,11,659,5,0,5,664
01/15/2003,BNA,TN,ASO,CE,Towers with Radar,345,160,149,17,671,0,8,67,2,77,345,168,216,19,748,3,0,3,751
01/16/2003,BNA,TN,ASO,CE,Towers with Radar,285,138,66,8,497,0,3,2,0,5,285,141,68,8,502,14,0,14,516
01/17/2003,BNA,TN,ASO,CE,Towers with Radar,337,151,109,4,601,0,7,26,0,33,337,158,135,4,634,5,0,5,639
01/18/2003,BNA,TN,ASO,CE,Towers with Radar,278,59,60,7,404,0,2,19,1,22,278,61,79,8,426,6,0,6,432
01/19/2003,BNA,TN,ASO,CE,Towers with Radar,289,64,75,6,434,2,2,27,0,31,291,66,102,6,465,9,0,9,474
01/20/2003,BNA,TN,ASO,CE,Towers with Radar,323,93,101,6,523,0,3,40,0,43,323,96,141,6,566,8,0,8,574
01/21/2003,BNA,TN,ASO,CE,Towers with Radar,345,138,112,8,603,0,3,36,0,39,345,141,148,8,642,26,0,26,668
01/22/2003,BNA,TN,ASO,CE,Towers with Radar,336,155,119,16,626,0,3,27,1,31,336,158,146,17,657,7,0,7,664
01/23/2003,BNA,TN,ASO,CE,Towers with Radar,345,162,144,12,663,0,2,11,1,14,345,164,155,13,677,0,0,0,677
01/24/2003,BNA,TN,ASO,CE,Towers with Radar,347,138,95,13,593,0,5,38,1,44,347,143,133,14,637,16,0,16,653
01/25/2003,BNA,TN,ASO,CE,Towers with Radar,237,61,74,5,377,42,0,32,2,76,279,61,106,7,453,4,0,4,457
01/26/2003,BNA,TN,ASO,CE,Towers with Radar,287,71,68,6,432,0,1,11,1,13,287,72,79,7,445,5,0,5,450
01/27/2003,BNA,TN,ASO,CE,Towers with Radar,326,117,90,6,539,0,2,30,6,38,326,119,120,12,577,1,0,1,578
01/28/2003,BNA,TN,ASO,CE,Towers with Radar,330,153,118,10,611,0,3,16,0,19,330,156,134,10,630,4,0,4,634
01/29/2003,BNA,TN,ASO,CE,Towers with Radar,341,157,107,10,615,0,1,0,0,1,341,158,107,10,616,2,0,2,618
01/30/2003,BNA,TN,ASO,CE,Towers with Radar,344,169,149,11,673,0,3,2,2,7,344,172,151,13,680,4,0,4,684
01/31/2003,BNA,TN,ASO,CE,Towers with Radar,338,170,117,16,641,0,3,31,0,34,338,173,148,16,675,7,0,7,682
02/01/2003,BNA,TN,ASO,CE,Towers with Radar,271,67,69,13,420,8,0,48,3,59,279,67,117,16,479,17,0,17,496
02/02/2003,BNA,TN,ASO,CE,Towers with Radar,286,75,59,6,426,1,0,61,1,63,287,75,120,7,489,5,0,5,494
02/03/2003,BNA,TN,ASO,CE,Towers with Radar,312,131,77,17,537,0,3,5,0,8,312,134,82,17,545,2,0,2,547
02/04/2003,BNA,TN,ASO,CE,Towers with Radar,336,161,121,17,635,0,2,53,3,58,336,163,174,20,693,26,0,26,719
02/05/2003,BNA,TN,ASO,CE,Towers with Radar,337,152,120,15,624,0,6,76,6,88,337,158,196,21,712,24,0,24,736
02/06/2003,BNA,TN,ASO,CE,Towers with Radar,339,175,125,12,651,0,0,1,0,1,339,175,126,12,652,2,0,2,654
02/07/2003,BNA,TN,ASO,CE,Towers with Radar,329,182,115,7,633,0,1,15,3,19,329,183,130,10,652,27,0,27,679
02/08/2003,BNA,TN,ASO,CE,Towers with Radar,284,62,79,1,426,2,8,57,0,67,286,70,136,1,493,6,0,6,499
02/09/2003,BNA,TN,ASO,CE,Towers with Radar,284,73,72,6,435,1,1,11,0,13,285,74,83,6,448,0,0,0,448
02/10/2003,BNA,TN,ASO,CE,Towers with Radar,327,118,135,15,595,0,1,4,0,5,327,119,139,15,600,13,0,13,613
02/11/2003,BNA,TN,ASO,CE,Towers with Radar,330,150,150,20,650,0,9,45,8,62,330,159,195,28,712,41,0,41,753
02/12/2003,BNA,TN,ASO,CE,Towers with Radar,337,146,131,12,626,3,7,71,0,81,340,153,202,12,707,12,0,12,719
02/13/2003,BNA,TN,ASO,CE,Towers with Radar,344,152,137,16,649,1,7,67,1,76,345,159,204,17,725,9,0,9,734
02/14/2003,BNA,TN,ASO,CE,Towers with Radar,339,152,104,12,607,0,1,2,0,3,339,153,106,12,610,6,0,6,616
02/15/2003,BNA,TN,ASO,CE,Towers with Radar,279,82,56,8,425,0,0,0,0,0,279,82,56,8,425,0,0,0,425
02/16/2003,BNA,TN,ASO,CE,Towers with Radar,273,70,45,4,392,1,0,0,0,1,274,70,45,4,393,2,0,2,395
02/17/2003,BNA,TN,ASO,CE,Towers with Radar,292,90,91,4,477,0,2,2,0,4,292,92,93,4,481,0,0,0,481
02/18/2003,BNA,TN,ASO,CE,Towers with Radar,329,144,150,25,648,3,0,10,1,14,332,144,160,26,662,2,0,2,664
02/19/2003,BNA,TN,ASO,CE,Towers with Radar,345,161,144,16,666,0,1,21,0,22,345,162,165,16,688,0,0,0,688
02/20/2003,BNA,TN,ASO,CE,Towers with Radar,350,158,147,14,669,0,1,0,0,1,350,159,147,14,670,2,0,2,672
02/21/2003,BNA,TN,ASO,CE,Towers with Radar,344,165,119,10,638,0,0,6,0,6,344,165,125,10,644,2,0,2,646
02/22/2003,BNA,TN,ASO,CE,Towers with Radar,273,67,40,2,382,0,0,1,0,1,273,67,41,2,383,3,0,3,386
02/23/2003,BNA,TN,ASO,CE,Towers with Radar,291,93,70,7,461,0,0,4,0,4,291,93,74,7,465,2,0,2,467
02/24/2003,BNA,TN,ASO,CE,Towers with Radar,321,130,105,5,561,1,1,18,1,21,322,131,123,6,582,7,0,7,589
02/25/2003,BNA,TN,ASO,CE,Towers with Radar,336,164,112,7,619,0,1,3,0,4,336,165,115,7,623,0,0,0,623
02/26/2003,BNA,TN,ASO,CE,Towers with Radar,341,155,100,5,601,0,0,1,0,1,341,155,101,5,602,2,0,2,604
02/27/2003,BNA,TN,ASO,CE,Towers with Radar,350,162,117,7,636,0,1,0,0,1,350,163,117,7,637,6,0,6,643
02/28/2003,BNA,TN,ASO,CE,Towers with Radar,349,172,133,15,669,0,3,4,0,7,349,175,137,15,676,2,0,2,678
03/01/2003,BNA,TN,ASO,CE,Towers with Radar,278,80,81,2,441,7,1,2,0,10,285,81,83,2,451,2,0,2,453
03/02/2003,BNA,TN,ASO,CE,Towers with Radar,302,76,71,5,454,0,1,3,0,4,302,77,74,5,458,2,0,2,460
03/03/2003,BNA,TN,ASO,CE,Towers with Radar,333,134,129,12,608,0,2,62,0,64,333,136,191,12,672,14,0,14,686
03/04/2003,BNA,TN,ASO,CE,Towers with Radar,337,159,126,7,629,0,1,58,0,59,337,160,184,7,688,19,0,19,707
03/05/2003,BNA,TN,ASO,CE,Towers with Radar,352,158,163,12,685,0,1,21,0,22,352,159,184,12,707,12,0,12,719
03/06/2003,BNA,TN,ASO,CE,Towers with Radar,353,175,154,9,691,0,0,9,0,9,353,175,163,9,700,4,0,4,704
03/07/2003,BNA,TN,ASO,CE,Towers with Radar,366,166,128,13,673,0,3,54,0,57,366,169,182,13,730,18,0,18,748
03/08/2003,BNA,TN,ASO,CE,Towers with Radar,281,73,83,5,442,5,0,78,0,83,286,73,161,5,525,14,0,14,539
03/09/2003,BNA,TN,ASO,CE,Towers with Radar,301,86,99,2,488,0,0,24,0,24,301,86,123,2,512,2,0,2,514
03/10/2003,BNA,TN,ASO,CE,Towers with Radar,349,126,98,11,584,0,3,63,0,66,349,129,161,11,650,1,0,1,651
03/11/2003,BNA,TN,ASO,CE,Towers with Radar,354,160,127,4,645,0,6,46,0,52,354,166,173,4,697,11,0,11,708
03/12/2003,BNA,TN,ASO,CE,Towers with Radar,353,145,133,0,631,0,16,59,0,75,353,161,192,0,706,4,0,4,710
03/13/2003,BNA,TN,ASO,CE,Towers with Radar,356,159,126,15,656,0,5,28,0,33,356,164,154,15,689,0,0,0,689
03/14/2003,BNA,TN,ASO,CE,Towers with Radar,360,150,150,13,673,0,2,22,0,24,360,152,172,13,697,12,0,12,709
03/15/2003,BNA,TN,ASO,CE,Towers with Radar,254,62,90,2,408,44,0,9,0,53,298,62,99,2,461,4,0,4,465
03/16/2003,BNA,TN,ASO,CE,Towers with Radar,306,79,102,4,491,0,2,21,1,24,306,81,123,5,515,4,0,4,519
03/17/2003,BNA,TN,ASO,CE,Towers with Radar,350,100,101,4,555,0,3,33,2,38,350,103,134,6,593,6,0,6,599
03/18/2003,BNA,TN,ASO,CE,Towers with Radar,350,166,138,8,662,0,0,6,0,6,350,166,144,8,668,9,0,9,677
03/19/2003,BNA,TN,ASO,CE,Towers with Radar,357,138,126,7,628,1,8,25,3,37,358,146,151,10,665,28,0,28,693
03/20/2003,BNA,TN,ASO,CE,Towers with Radar,345,160,130,4,639,0,1,42,1,44,345,161,172,5,683,10,0,10,693
03/21/2003,BNA,TN,ASO,CE,Towers with Radar,366,166,148,14,694,0,2,7,0,9,366,168,155,14,703,7,0,7,710
03/22/2003,BNA,TN,ASO,CE,Towers with Radar,301,68,86,5,460,1,2,54,1,58,302,70,140,6,518,16,0,16,534
03/23/2003,BNA,TN,ASO,CE,Towers with Radar,321,109,117,3,550,0,4,52,1,57,321,113,169,4,607,0,0,0,607
03/24/2003,BNA,TN,ASO,CE,Towers with Radar,346,123,118,3,590,0,6,55,0,61,346,129,173,3,651,2,0,2,653
03/25/2003,BNA,TN,ASO,CE,Towers with Radar,349,154,141,4,648,0,2,36,1,39,349,156,177,5,687,4,0,4,691
03/26/2003,BNA,TN,ASO,CE,Towers with Radar,363,163,143,5,674,0,5,24,2,31,363,168,167,7,705,26,0,26,731
03/27/2003,BNA,TN,ASO,CE,Towers with Radar,350,163,147,4,664,0,3,73,0,76,350,166,220,4,740,9,0,9,749
03/28/2003,BNA,TN,ASO,CE,Towers with Radar,359,154,121,11,645,0,1,14,1,16,359,155,135,12,661,12,0,12,673
03/29/2003,BNA,TN,ASO,CE,Towers with Radar,299,59,71,4,433,1,1,27,0,29,300,60,98,4,462,1,0,1,463
03/30/2003,BNA,TN,ASO,CE,Towers with Radar,309,97,93,7,506,0,1,32,0,33,309,98,125,7,539,6,0,6,545
03/31/2003,BNA,TN,ASO,CE,Towers with Radar,336,125,100,6,567,0,2,42,3,47,336,127,142,9,614,11,0,11,625
04/01/2003,BNA,TN,ASO,CE,Towers with Radar,339,150,109,4,602,13,3,66,0,82,352,153,175,4,684,7,0,7,691
04/02/2003,BNA,TN,ASO,CE,Towers with Radar,351,153,122,5,631,0,6,58,1,65,351,159,180,6,696,10,0,10,706
04/03/2003,BNA,TN,ASO,CE,Towers with Radar,349,149,130,3,631,0,4,53,0,57,349,153,183,3,688,22,0,22,710
04/04/2003,BNA,TN,ASO,CE,Towers with Radar,350,149,135,8,642,0,4,21,0,25,350,153,156,8,667,6,0,6,673
04/05/2003,BNA,TN,ASO,CE,Towers with Radar,273,74,71,5,423,12,1,27,0,40,285,75,98,5,463,14,0,14,477
04/06/2003,BNA,TN,ASO,CE,Towers with Radar,296,78,74,3,451,0,1,6,0,7,296,79,80,3,458,8,0,8,466
04/07/2003,BNA,TN,ASO,CE,Towers with Radar,329,127,125,4,585,0,3,41,0,44,329,130,166,4,629,30,0,30,659
04/08/2003,BNA,TN,ASO,CE,Towers with Radar,338,170,140,3,651,0,3,7,0,10,338,173,147,3,661,11,0,11,672
04/09/2003,BNA,TN,ASO,CE,Towers with Radar,336,165,127,11,639,0,0,3,0,3,336,165,130,11,642,4,0,4,646
04/10/2003,BNA,TN,ASO,CE,Towers with Radar,354,171,147,5,677,0,2,15,1,18,354,173,162,6,695,6,0,6,701
04/11/2003,BNA,TN,ASO,CE,Towers with Radar,351,156,147,10,664,2,3,60,0,65,353,159,207,10,729,8,0,8,737
04/12/2003,BNA,TN,ASO,CE,Towers with Radar,278,76,103,4,461,0,2,79,0,81,278,78,182,4,542,9,0,9,551
04/13/2003,BNA,TN,ASO,CE,Towers with Radar,303,75,97,3,478,0,1,59,4,64,303,76,156,7,542,6,0,6,548
04/14/2003,BNA,TN,ASO,CE,Towers with Radar,332,104,97,3,536,6,1,55,0,62,338,105,152,3,598,10,0,10,608
04/15/2003,BNA,TN,ASO,CE,Towers with Radar,337,147,120,7,611,0,2,39,0,41,337,149,159,7,652,4,0,4,656
04/16/2003,BNA,TN,ASO,CE,Towers with Radar,344,154,144,4,646,0,8,32,3,43,344,162,176,7,689,15,0,15,704
04/17/2003,BNA,TN,ASO,CE,Towers with Radar,351,167,143,7,668,0,4,18,1,23,351,171,161,8,691,8,0,8,699
04/18/2003,BNA,TN,ASO,CE,Towers with Radar,354,152,110,5,621,0,3,21,0,24,354,155,131,5,645,40,0,40,685
04/19/2003,BNA,TN,ASO,CE,Towers with Radar,263,58,50,4,375,9,1,52,0,62,272,59,102,4,437,32,0,32,469
04/20/2003,BNA,TN,ASO,CE,Towers with Radar,303,85,50,0,438,0,1,6,0,7,303,86,56,0,445,1,0,1,446
04/21/2003,BNA,TN,ASO,CE,Towers with Radar,334,116,121,1,572,0,2,66,1,69,334,118,187,2,641,7,0,7,648
04/22/2003,BNA,TN,ASO,CE,Towers with Radar,350,140,151,6,647,2,3,61,2,68,352,143,212,8,715,2,0,2,717
04/23/2003,BNA,TN,ASO,CE,Towers with Radar,345,151,136,2,634,0,7,67,0,74,345,158,203,2,708,0,0,0,708
04/24/2003,BNA,TN,ASO,CE,Towers with Radar,350,145,155,0,650,0,2,13,0,15,350,147,168,0,665,5,0,5,670
04/25/2003,BNA,TN,ASO,CE,Towers with Radar,351,152,111,3,617,0,2,10,0,12,351,154,121,3,629,4,0,4,633
04/26/2003,BNA,TN,ASO,CE,Towers with Radar,273,87,98,3,461,14,0,0,0,14,287,87,98,3,475,10,0,10,485
04/27/2003,BNA,TN,ASO,CE,Towers with Radar,295,91,86,5,477,1,1,45,0,47,296,92,131,5,524,0,0,0,524
04/28/2003,BNA,TN,ASO,CE,Towers with Radar,334,114,116,3,567,0,3,62,0,65,334,117,178,3,632,1,0,1,633
04/29/2003,BNA,TN,ASO,CE,Towers with Radar,339,147,137,6,629,0,3,54,3,60,339,150,191,9,689,17,0,17,706
04/30/2003,BNA,TN,ASO,CE,Towers with Radar,334,154,149,8,645,0,3,39,2,44,334,157,188,10,689,3,0,3,692
05/01/2003,BNA,TN,ASO,CE,Towers with Radar,331,163,134,6,634,13,1,43,1,58,344,164,177,7,692,13,0,13,705
05/02/2003,BNA,TN,ASO,CE,Towers with Radar,352,160,142,12,666,2,1,20,2,25,354,161,162,14,691,0,0,0,691
05/03/2003,BNA,TN,ASO,CE,Towers with Radar,297,84,74,4,459,5,0,29,3,37,302,84,103,7,496,3,0,3,499
05/04/2003,BNA,TN,ASO,CE,Towers with Radar,287,73,92,8,460,3,0,25,0,28,290,73,117,8,488,0,0,0,488
05/05/2003,BNA,TN,ASO,CE,Towers with Radar,340,77,55,1,473,3,1,12,0,16,343,78,67,1,489,0,0,0,489
05/06/2003,BNA,TN,ASO,CE,Towers with Radar,375,145,88,4,612,0,2,6,5,13,375,147,94,9,625,8,0,8,633
05/07/2003,BNA,TN,ASO,CE,Towers with Radar,363,139,81,5,588,0,2,7,1,10,363,141,88,6,598,2,7,9,607
05/08/2003,BNA,TN,ASO,CE,Towers with Radar,368,175,165,5,713,0,1,10,3,14,368,176,175,8,727,8,0,8,735
05/09/2003,BNA,TN,ASO,CE,Towers with Radar,366,160,145,6,677,0,3,31,4,38,366,163,176,10,715,10,0,10,725
05/10/2003,BNA,TN,ASO,CE,Towers with Radar,310,77,74,1,462,3,1,24,0,28,313,78,98,1,490,12,0,12,502
05/11/2003,BNA,TN,ASO,CE,Towers with Radar,282,70,76,5,433,6,1,30,1,38,288,71,106,6,471,10,0,10,481
05/12/2003,BNA,TN,ASO,CE,Towers with Radar,348,98,98,4,548,0,2,47,0,49,348,100,145,4,597,7,0,7,604
05/13/2003,BNA,TN,ASO,CE,Towers with Radar,361,156,133,4,654,0,4,68,0,72,361,160,201,4,726,22,0,22,748
05/14/2003,BNA,TN,ASO,CE,Towers with Radar,360,145,123,4,632,0,2,37,0,39,360,147,160,4,671,2,0,2,673
05/15/2003,BNA,TN,ASO,CE,Towers with Radar,370,153,142,14,679,1,0,22,0,23,371,153,164,14,702,2,0,2,704
05/16/2003,BNA,TN,ASO,CE,Towers with Radar,363,160,119,14,656,0,0,40,4,44,363,160,159,18,700,13,0,13,713
05/17/2003,BNA,TN,ASO,CE,Towers with Radar,308,73,51,0,432,0,0,7,1,8,308,73,58,1,440,20,0,20,460
05/18/2003,BNA,TN,ASO,CE,Towers with Radar,294,75,70,5,444,3,0,15,2,20,297,75,85,7,464,0,0,0,464
05/19/2003,BNA,TN,ASO,CE,Towers with Radar,352,112,118,12,594,0,0,19,0,19,352,112,137,12,613,8,0,8,621
05/20/2003,BNA,TN,ASO,CE,Towers with Radar,359,156,142,4,661,0,0,16,0,16,359,156,158,4,677,2,0,2,679
05/21/2003,BNA,TN,ASO,CE,Towers with Radar,359,156,159,6,680,0,0,4,0,4,359,156,163,6,684,0,0,0,684
05/22/2003,BNA,TN,ASO,CE,Towers with Radar,368,144,172,10,694,0,2,17,0,19,368,146,189,10,713,4,0,4,717
05/23/2003,BNA,TN,ASO,CE,Towers with Radar,365,145,125,12,647,2,1,76,1,80,367,146,201,13,727,25,0,25,752
05/24/2003,BNA,TN,ASO,CE,Towers with Radar,288,71,71,1,431,6,0,63,0,69,294,71,134,1,500,8,0,8,508
05/25/2003,BNA,TN,ASO,CE,Towers with Radar,274,70,60,7,411,4,0,15,0,19,278,70,75,7,430,4,0,4,434
05/26/2003,BNA,TN,ASO,CE,Towers with Radar,315,78,63,9,465,2,1,22,0,25,317,79,85,9,490,8,0,8,498
05/27/2003,BNA,TN,ASO,CE,Towers with Radar,341,109,146,4,600,1,4,65,0,70,342,113,211,4,670,3,0,3,673
05/28/2003,BNA,TN,ASO,CE,Towers with Radar,352,138,115,10,615,3,0,53,0,56,355,138,168,10,671,0,0,0,671
05/29/2003,BNA,TN,ASO,CE,Towers with Radar,372,147,140,4,663,1,2,30,0,33,373,149,170,4,696,4,0,4,700
05/30/2003,BNA,TN,ASO,CE,Towers with Radar,368,135,133,13,649,0,5,74,3,82,368,140,207,16,731,11,0,11,742
05/31/2003,BNA,TN,ASO,CE,Towers with Radar,303,71,52,3,429,2,1,32,0,35,305,72,84,3,464,6,0,6,470
06/01/2003,BNA,TN,ASO,CE,Towers with Radar,284,100,68,2,454,8,1,35,0,44,292,101,103,2,498,5,0,5,503
06/02/2003,BNA,TN,ASO,CE,Towers with Radar,348,101,92,5,546,0,1,21,1,23,348,102,113,6,569,3,0,3,572
06/03/2003,BNA,TN,ASO,CE,Towers with Radar,356,159,99,6,620,0,0,29,2,31,356,159,128,8,651,13,0,13,664
06/04/2003,BNA,TN,ASO,CE,Towers with Radar,361,155,113,8,637,2,4,29,1,36,363,159,142,9,673,6,0,6,679
06/05/2003,BNA,TN,ASO,CE,Towers with Radar,362,148,141,10,661,0,3,76,1,80,362,151,217,11,741,13,0,13,754
06/06/2003,BNA,TN,ASO,CE,Towers with Radar,364,157,112,12,645,0,3,35,0,38,364,160,147,12,683,5,0,5,688
06/07/2003,BNA,TN,ASO,CE,Towers with Radar,315,92,77,2,486,0,2,21,0,23,315,94,98,2,509,2,0,2,511
06/08/2003,BNA,TN,ASO,CE,Towers with Radar,284,75,82,7,448,0,3,40,0,43,284,78,122,7,491,8,0,8,499
06/09/2003,BNA,TN,ASO,CE,Towers with Radar,352,118,97,5,572,0,2,49,4,55,352,120,146,9,627,5,0,5,632
06/10/2003,BNA,TN,ASO,CE,Towers with Radar,363,160,100,2,625,0,3,40,0,43,363,163,140,2,668,0,0,0,668
06/11/2003,BNA,TN,ASO,CE,Towers with Radar,358,156,122,5,641,0,4,14,0,18,358,160,136,5,659,11,0,11,670
06/12/2003,BNA,TN,ASO,CE,Towers with Radar,356,146,148,10,660,0,2,40,0,42,356,148,188,10,702,4,0,4,706
06/13/2003,BNA,TN,ASO,CE,Towers with Radar,368,160,104,9,641,1,4,39,0,44,369,164,143,9,685,12,0,12,697
06/14/2003,BNA,TN,ASO,CE,Towers with Radar,316,73,62,4,455,5,2,18,2,27,321,75,80,6,482,2,0,2,484
06/15/2003,BNA,TN,ASO,CE,Towers with Radar,299,78,67,8,452,0,1,19,0,20,299,79,86,8,472,2,0,2,474
06/16/2003,BNA,TN,ASO,CE,Towers with Radar,341,109,125,4,579,2,1,21,1,25,343,110,146,5,604,14,0,14,618
06/17/2003,BNA,TN,ASO,CE,Towers with Radar,369,141,125,7,642,0,9,10,3,22,369,150,135,10,664,14,0,14,678
06/18/2003,BNA,TN,ASO,CE,Towers with Radar,354,148,136,5,643,0,3,11,0,14,354,151,147,5,657,3,0,3,660
06/19/2003,BNA,TN,ASO,CE,Towers with Radar,379,177,159,11,726,1,2,31,3,37,380,179,190,14,763,7,0,7,770
06/20/2003,BNA,TN,ASO,CE,Towers with Radar,368,146,149,10,673,0,6,45,5,56,368,152,194,15,729,8,0,8,737
06/21/2003,BNA,TN,ASO,CE,Towers with Radar,328,73,89,3,493,0,5,68,4,77,328,78,157,7,570,12,0,12,582
06/22/2003,BNA,TN,ASO,CE,Towers with Radar,272,88,88,5,453,25,0,52,5,82,297,88,140,10,535,11,0,11,546
06/23/2003,BNA,TN,ASO,CE,Towers with Radar,349,101,90,5,545,0,2,52,3,57,349,103,142,8,602,0,0,0,602
06/24/2003,BNA,TN,ASO,CE,Towers with Radar,364,149,160,6,679,0,3,73,1,77,364,152,233,7,756,19,0,19,775
06/25/2003,BNA,TN,ASO,CE,Towers with Radar,359,139,149,10,657,0,1,61,3,65,359,140,210,13,722,28,0,28,750
06/26/2003,BNA,TN,ASO,CE,Towers with Radar,369,152,153,10,684,0,4,32,1,37,369,156,185,11,721,28,0,28,749
06/27/2003,BNA,TN,ASO,CE,Towers with Radar,368,148,133,9,658,0,3,48,2,53,368,151,181,11,711,28,0,28,739
06/28/2003,BNA,TN,ASO,CE,Towers with Radar,280,85,90,3,458,39,0,24,0,63,319,85,114,3,521,20,0,20,541
06/29/2003,BNA,TN,ASO,CE,Towers with Radar,295,85,85,5,470,0,1,43,0,44,295,86,128,5,514,29,0,29,543
06/30/2003,BNA,TN,ASO,CE,Towers with Radar,349,88,97,6,540,0,1,26,0,27,349,89,123,6,567,19,0,19,586
07/01/2003,BNA,TN,ASO,CE,Towers with Radar,346,144,103,6,599,11,0,7,0,18,357,144,110,6,617,6,0,6,623
07/02/2003,BNA,TN,ASO,CE,Towers with Radar,365,145,119,11,640,0,1,43,2,46,365,146,162,13,686,2,0,2,688
07/03/2003,BNA,TN,ASO,CE,Towers with Radar,366,138,113,3,620,0,2,39,1,42,366,140,152,4,662,7,0,7,669
07/04/2003,BNA,TN,ASO,CE,Towers with Radar,293,79,51,1,424,4,1,17,0,22,297,80,68,1,446,2,0,2,448
07/05/2003,BNA,TN,ASO,CE,Towers with Radar,262,56,48,5,371,4,0,19,1,24,266,56,67,6,395,35,0,35,430
07/06/2003,BNA,TN,ASO,CE,Towers with Radar,271,64,72,4,411,10,1,12,1,24,281,65,84,5,435,0,0,0,435
07/07/2003,BNA,TN,ASO,CE,Towers with Radar,346,97,107,0,550,0,0,25,0,25,346,97,132,0,575,0,0,0,575
07/08/2003,BNA,TN,ASO,CE,Towers with Radar,342,137,112,0,591,0,3,38,0,41,342,140,150,0,632,9,0,9,641
07/09/2003,BNA,TN,ASO,CE,Towers with Radar,357,137,140,11,645,0,2,33,1,36,357,139,173,12,681,2,0,2,683
07/10/2003,BNA,TN,ASO,CE,Towers with Radar,369,139,125,6,639,0,0,23,1,24,369,139,148,7,663,11,0,11,674
07/11/2003,BNA,TN,ASO,CE,Towers with Radar,340,141,139,10,630,0,4,43,0,47,340,145,182,10,677,27,0,27,704
07/12/2003,BNA,TN,ASO,CE,Towers with Radar,330,87,80,5,502,1,3,53,0,57,331,90,133,5,559,8,0,8,567
07/13/2003,BNA,TN,ASO,CE,Towers with Radar,294,74,77,0,445,3,4,13,0,20,297,78,90,0,465,6,0,6,471
07/14/2003,BNA,TN,ASO,CE,Towers with Radar,350,109,119,9,587,0,1,42,3,46,350,110,161,12,633,0,0,0,633
07/15/2003,BNA,TN,ASO,CE,Towers with Radar,354,142,141,5,642,0,2,44,4,50,354,144,185,9,692,8,0,8,700
07/16/2003,BNA,TN,ASO,CE,Towers with Radar,364,162,129,7,662,0,2,34,0,36,364,164,163,7,698,3,0,3,701
07/17/2003,BNA,TN,ASO,CE,Towers with Radar,361,158,169,7,695,0,2,66,0,68,361,160,235,7,763,34,0,34,797
07/18/2003,BNA,TN,ASO,CE,Towers with Radar,372,143,156,5,676,0,1,39,1,41,372,144,195,6,717,9,0,9,726
07/19/2003,BNA,TN,ASO,CE,Towers with Radar,320,74,75,9,478,0,1,39,0,40,320,75,114,9,518,17,0,17,535
07/20/2003,BNA,TN,ASO,CE,Towers with Radar,291,82,83,7,463,2,1,42,0,45,293,83,125,7,508,4,0,4,512
07/21/2003,BNA,TN,ASO,CE,Towers with Radar,346,98,109,8,561,0,0,15,2,17,346,98,124,10,578,0,0,0,578
07/22/2003,BNA,TN,ASO,CE,Towers with Radar,360,170,140,9,679,1,1,17,2,21,361,171,157,11,700,22,0,22,722
07/23/2003,BNA,TN,ASO,CE,Towers with Radar,376,160,174,4,714,1,2,44,0,47,377,162,218,4,761,11,0,11,772
07/24/2003,BNA,TN,ASO,CE,Towers with Radar,363,156,138,11,668,1,7,64,2,74,364,163,202,13,742,15,0,15,757
07/25/2003,BNA,TN,ASO,CE,Towers with Radar,366,135,116,13,630,0,0,61,1,62,366,135,177,14,692,46,0,46,738
07/26/2003,BNA,TN,ASO,CE,Towers with Radar,304,81,80,5,470,7,0,52,0,59,311,81,132,5,529,4,0,4,533
07/27/2003,BNA,TN,ASO,CE,Towers with Radar,266,68,73,3,410,7,2,32,0,41,273,70,105,3,451,19,0,19,470
07/28/2003,BNA,TN,ASO,CE,Towers with Radar,346,123,108,9,586,0,2,27,0,29,346,125,135,9,615,21,0,21,636
07/29/2003,BNA,TN,ASO,CE,Towers with Radar,373,146,131,3,653,0,1,9,2,12,373,147,140,5,665,6,0,6,671
07/30/2003,BNA,TN,ASO,CE,Towers with Radar,365,164,135,5,669,0,1,20,1,22,365,165,155,6,691,4,0,4,695
07/31/2003,BNA,TN,ASO,CE,Towers with Radar,372,150,116,8,646,0,1,11,0,12,372,151,127,8,658,16,0,16,674
08/01/2003,BNA,TN,ASO,CE,Towers with Radar,341,132,120,22,615,10,1,38,0,49,351,133,158,22,664,11,0,11,675
08/02/2003,BNA,TN,ASO,CE,Towers with Radar,339,74,56,4,473,0,1,27,0,28,339,75,83,4,501,11,0,11,512
08/03/2003,BNA,TN,ASO,CE,Towers with Radar,290,79,71,8,448,2,0,17,0,19,292,79,88,8,467,2,0,2,469
08/04/2003,BNA,TN,ASO,CE,Towers with Radar,348,107,109,7,571,0,0,38,1,39,348,107,147,8,610,10,0,10,620
08/05/2003,BNA,TN,ASO,CE,Towers with Radar,373,137,106,13,629,1,2,27,3,33,374,139,133,16,662,7,0,7,669
08/06/2003,BNA,TN,ASO,CE,Towers with Radar,371,148,151,2,672,0,0,19,0,19,371,148,170,2,691,12,0,12,703
08/07/2003,BNA,TN,ASO,CE,Towers with Radar,372,141,153,3,669,0,1,52,0,53,372,142,205,3,722,4,0,4,726
08/08/2003,BNA,TN,ASO,CE,Towers with Radar,374,144,125,5,648,0,4,55,0,59,374,148,180,5,707,28,0,28,735
08/09/2003,BNA,TN,ASO,CE,Towers with Radar,326,80,74,5,485,0,0,68,2,70,326,80,142,7,555,12,0,12,567
08/10/2003,BNA,TN,ASO,CE,Towers with Radar,304,70,94,6,474,0,2,39,0,41,304,72,133,6,515,20,0,20,535
08/11/2003,BNA,TN,ASO,CE,Towers with Radar,342,98,119,5,564,0,1,40,0,41,342,99,159,5,605,0,0,0,605
08/12/2003,BNA,TN,ASO,CE,Towers with Radar,376,149,152,8,685,0,0,49,0,49,376,149,201,8,734,62,0,62,796
08/13/2003,BNA,TN,ASO,CE,Towers with Radar,377,135,125,5,642,0,0,15,1,16,377,135,140,6,658,6,0,6,664
08/14/2003,BNA,TN,ASO,CE,Towers with Radar,367,150,132,2,651,0,4,43,0,47,367,154,175,2,698,8,0,8,706
08/15/2003,BNA,TN,ASO,CE,Towers with Radar,368,130,135,6,639,0,4,51,0,55,368,134,186,6,694,4,0,4,698
08/16/2003,BNA,TN,ASO,CE,Towers with Radar,321,74,68,6,469,1,0,47,3,51,322,74,115,9,520,9,0,9,529
08/17/2003,BNA,TN,ASO,CE,Towers with Radar,302,81,71,2,456,5,0,33,1,39,307,81,104,3,495,6,0,6,501
08/18/2003,BNA,TN,ASO,CE,Towers with Radar,355,99,104,5,563,0,1,31,3,35,355,100,135,8,598,17,0,17,615
08/19/2003,BNA,TN,ASO,CE,Towers with Radar,361,140,132,6,639,0,2,33,0,35,361,142,165,6,674,11,0,11,685
08/20/2003,BNA,TN,ASO,CE,Towers with Radar,384,159,149,11,703,1,1,33,4,39,385,160,182,15,742,3,0,3,745
08/21/2003,BNA,TN,ASO,CE,Towers with Radar,380,153,144,5,682,1,4,20,4,29,381,157,164,9,711,23,0,23,734
08/22/2003,BNA,TN,ASO,CE,Towers with Radar,352,152,151,7,662,2,2,43,1,48,354,154,194,8,710,28,0,28,738
08/23/2003,BNA,TN,ASO,CE,Towers with Radar,323,115,68,8,514,3,0,39,0,42,326,115,107,8,556,7,0,7,563
08/24/2003,BNA,TN,ASO,CE,Towers with Radar,290,105,71,10,476,4,2,54,1,61,294,107,125,11,537,9,0,9,546
08/25/2003,BNA,TN,ASO,CE,Towers with Radar,336,132,82,5,555,0,1,47,0,48,336,133,129,5,603,0,0,0,603
08/26/2003,BNA,TN,ASO,CE,Towers with Radar,337,168,129,12,646,18,4,47,0,69,355,172,176,12,715,13,0,13,728
08/27/2003,BNA,TN,ASO,CE,Towers with Radar,353,162,160,6,681,0,2,18,3,23,353,164,178,9,704,32,0,32,736
08/28/2003,BNA,TN,ASO,CE,Towers with Radar,355,175,176,5,711,0,7,33,2,42,355,182,209,7,753,6,0,6,759
08/29/2003,BNA,TN,ASO,CE,Towers with Radar,351,159,119,10,639,0,1,31,0,32,351,160,150,10,671,14,0,14,685
08/30/2003,BNA,TN,ASO,CE,Towers with Radar,284,96,95,5,480,25,0,19,2,46,309,96,114,7,526,22,0,22,548
08/31/2003,BNA,TN,ASO,CE,Towers with Radar,245,81,60,4,390,4,1,32,0,37,249,82,92,4,427,8,0,8,435
09/01/2003,BNA,TN,ASO,CE,Towers with Radar,284,92,76,9,461,9,3,36,0,48,293,95,112,9,509,25,0,25,534
09/02/2003,BNA,TN,ASO,CE,Towers with Radar,328,122,89,2,541,1,0,20,0,21,329,122,109,2,562,0,0,0,562
09/03/2003,BNA,TN,ASO,CE,Towers with Radar,328,182,100,9,619,0,2,3,0,5,328,184,103,9,624,2,0,2,626
09/04/2003,BNA,TN,ASO,CE,Towers with Radar,343,176,117,7,643,0,2,33,0,35,343,178,150,7,678,12,0,12,690
09/05/2003,BNA,TN,ASO,CE,Towers with Radar,344,199,145,12,700,3,2,57,2,64,347,201,202,14,764,40,0,40,804
09/06/2003,BNA,TN,ASO,CE,Towers with Radar,299,94,69,7,469,0,1,65,1,67,299,95,134,8,536,42,0,42,578
09/07/2003,BNA,TN,ASO,CE,Towers with Radar,260,97,98,7,462,22,0,21,12,55,282,97,119,19,517,5,0,5,522
09/08/2003,BNA,TN,ASO,CE,Towers with Radar,328,131,115,19,593,0,2,23,0,25,328,133,138,19,618,38,0,38,656
09/09/2003,BNA,TN,ASO,CE,Towers with Radar,327,183,139,14,663,0,4,27,3,34,327,187,166,17,697,20,0,20,717
09/10/2003,BNA,TN,ASO,CE,Towers with Radar,332,176,124,16,648,1,4,39,0,44,333,180,163,16,692,11,0,11,703
09/11/2003,BNA,TN,ASO,CE,Towers with Radar,328,176,120,8,632,3,5,41,2,51,331,181,161,10,683,14,0,14,697
09/12/2003,BNA,TN,ASO,CE,Towers with Radar,338,185,156,15,694,2,1,51,0,54,340,186,207,15,748,28,0,28,776
09/13/2003,BNA,TN,ASO,CE,Towers with Radar,304,107,80,7,498,3,3,46,1,53,307,110,126,8,551,10,0,10,561
09/14/2003,BNA,TN,ASO,CE,Towers with Radar,274,102,62,3,441,2,1,31,0,34,276,103,93,3,475,24,0,24,499
09/15/2003,BNA,TN,ASO,CE,Towers with Radar,326,139,140,11,616,0,5,31,0,36,326,144,171,11,652,1,0,1,653
09/16/2003,BNA,TN,ASO,CE,Towers with Radar,332,185,132,10,659,0,7,53,0,60,332,192,185,10,719,12,0,12,731
09/17/2003,BNA,TN,ASO,CE,Towers with Radar,301,171,135,11,618,0,3,60,2,65,301,174,195,13,683,13,0,13,696
09/18/2003,BNA,TN,ASO,CE,Towers with Radar,327,174,184,11,696,0,4,49,3,56,327,178,233,14,752,15,0,15,767
09/19/2003,BNA,TN,ASO,CE,Towers with Radar,331,198,142,10,681,0,5,37,3,45,331,203,179,13,726,48,0,48,774
09/20/2003,BNA,TN,ASO,CE,Towers with Radar,288,122,97,5,512,0,2,27,0,29,288,124,124,5,541,6,0,6,547
09/21/2003,BNA,TN,ASO,CE,Towers with Radar,278,115,115,12,520,0,1,22,0,23,278,116,137,12,543,16,0,16,559
09/22/2003,BNA,TN,ASO,CE,Towers with Radar,325,150,109,7,591,0,1,11,1,13,325,151,120,8,604,4,0,4,608
09/23/2003,BNA,TN,ASO,CE,Towers with Radar,338,187,132,5,662,0,5,44,3,52,338,192,176,8,714,12,0,12,726
09/24/2003,BNA,TN,ASO,CE,Towers with Radar,333,200,169,11,713,0,5,58,1,64,333,205,227,12,777,15,0,15,792
09/25/2003,BNA,TN,ASO,CE,Towers with Radar,338,186,150,4,678,5,7,47,5,64,343,193,197,9,742,13,0,13,755
09/26/2003,BNA,TN,ASO,CE,Towers with Radar,340,185,151,8,684,2,7,51,3,63,342,192,202,11,747,30,0,30,777
09/27/2003,BNA,TN,ASO,CE,Towers with Radar,301,104,77,1,483,2,5,23,0,30,303,109,100,1,513,5,0,5,518
09/28/2003,BNA,TN,ASO,CE,Towers with Radar,282,100,112,7,501,2,2,38,0,42,284,102,150,7,543,0,0,0,543
09/29/2003,BNA,TN,ASO,CE,Towers with Radar,330,134,108,17,589,0,3,53,0,56,330,137,161,17,645,39,0,39,684
09/30/2003,BNA,TN,ASO,CE,Towers with Radar,333,190,127,15,665,0,5,56,1,62,333,195,183,16,727,26,0,26,753
10/01/2003,BNA,TN,ASO,CE,Towers with Radar,337,178,151,12,678,0,0,35,4,39,337,178,186,16,717,4,0,4,721
10/02/2003,BNA,TN,ASO,CE,Towers with Radar,347,178,142,4,671,0,15,85,0,100,347,193,227,4,771,34,0,34,805
10/03/2003,BNA,TN,ASO,CE,Towers with Radar,345,180,144,10,679,0,3,69,0,72,345,183,213,10,751,25,0,25,776
10/04/2003,BNA,TN,ASO,CE,Towers with Radar,233,108,94,7,442,69,0,10,0,79,302,108,104,7,521,41,0,41,562
10/05/2003,BNA,TN,ASO,CE,Towers with Radar,263,116,105,6,490,18,0,32,0,50,281,116,137,6,540,3,0,3,543
10/06/2003,BNA,TN,ASO,CE,Towers with Radar,292,131,116,8,547,32,0,37,5,74,324,131,153,13,621,8,0,8,629
10/07/2003,BNA,TN,ASO,CE,Towers with Radar,334,172,136,10,652,0,22,13,2,37,334,194,149,12,689,27,0,27,716
10/08/2003,BNA,TN,ASO,CE,Towers with Radar,343,174,145,11,673,0,0,68,9,77,343,174,213,20,750,32,0,32,782
10/09/2003,BNA,TN,ASO,CE,Towers with Radar,344,177,140,11,672,0,12,66,5,83,344,189,206,16,755,28,0,28,783
10/10/2003,BNA,TN,ASO,CE,Towers with Radar,345,190,156,11,702,0,0,27,9,36,345,190,183,20,738,16,0,16,754
10/11/2003,BNA,TN,ASO,CE,Towers with Radar,287,117,114,6,524,14,0,22,0,36,301,117,136,6,560,2,0,2,562
10/12/2003,BNA,TN,ASO,CE,Towers with Radar,263,108,119,5,495,0,0,49,0,49,263,108,168,5,544,8,0,8,552
10/13/2003,BNA,TN,ASO,CE,Towers with Radar,303,130,121,9,563,25,0,33,0,58,328,130,154,9,621,2,0,2,623
10/14/2003,BNA,TN,ASO,CE,Towers with Radar,304,153,121,5,583,29,7,2,0,38,333,160,123,5,621,4,0,4,625
10/15/2003,BNA,TN,ASO,CE,Towers with Radar,337,178,141,11,667,0,11,61,16,88,337,189,202,27,755,8,0,8,763
10/16/2003,BNA,TN,ASO,CE,Towers with Radar,348,184,147,11,690,0,14,72,0,86,348,198,219,11,776,1,0,1,777
10/17/2003,BNA,TN,ASO,CE,Towers with Radar,343,183,146,11,683,0,4,37,3,44,343,187,183,14,727,6,0,6,733
10/18/2003,BNA,TN,ASO,CE,Towers with Radar,273,134,109,6,522,29,0,44,0,73,302,134,153,6,595,4,0,4,599
10/19/2003,BNA,TN,ASO,CE,Towers with Radar,278,114,111,1,504,4,0,90,0,94,282,114,201,1,598,18,0,18,616
10/20/2003,BNA,TN,ASO,CE,Towers with Radar,290,144,116,8,558,37,11,26,5,79,327,155,142,13,637,16,0,16,653
10/21/2003,BNA,TN,ASO,CE,Towers with Radar,325,162,130,6,623,6,29,44,0,79,331,191,174,6,702,22,0,22,724
10/22/2003,BNA,TN,ASO,CE,Towers with Radar,337,176,141,11,665,0,29,60,3,92,337,205,201,14,757,8,0,8,765
10/23/2003,BNA,TN,ASO,CE,Towers with Radar,348,174,139,8,669,1,21,23,0,45,349,195,162,8,714,12,0,12,726
10/24/2003,BNA,TN,ASO,CE,Towers with Radar,337,178,143,10,668,0,15,58,7,80,337,193,201,17,748,21,0,21,769
10/25/2003,BNA,TN,ASO,CE,Towers with Radar,248,121,99,1,469,42,0,18,0,60,290,121,117,1,529,8,0,8,537
10/26/2003,BNA,TN,ASO,CE,Towers with Radar,247,111,99,7,464,9,0,14,4,27,256,111,113,11,491,4,0,4,495
10/27/2003,BNA,TN,ASO,CE,Towers with Radar,311,154,125,10,600,24,0,5,2,31,335,154,130,12,631,12,0,12,643
10/28/2003,BNA,TN,ASO,CE,Towers with Radar,338,171,137,4,650,0,28,28,0,56,338,199,165,4,706,5,0,5,711
10/29/2003,BNA,TN,ASO,CE,Towers with Radar,339,183,147,11,680,0,30,54,10,94,339,213,201,21,774,3,0,3,777
10/30/2003,BNA,TN,ASO,CE,Towers with Radar,334,176,141,11,662,0,18,45,2,65,334,194,186,13,727,27,0,27,754
10/31/2003,BNA,TN,ASO,CE,Towers with Radar,330,165,132,9,636,9,24,18,5,56,339,189,150,14,692,31,0,31,723
11/01/2003,BNA,TN,ASO,CE,Towers with Radar,244,110,93,7,454,36,0,35,2,73,280,110,128,9,527,4,0,4,531
11/02/2003,BNA,TN,ASO,CE,Towers with Radar,229,107,87,5,428,33,0,29,0,62,262,107,116,5,490,1,0,1,491
11/03/2003,BNA,TN,ASO,CE,Towers with Radar,288,152,109,9,558,18,0,68,7,93,306,152,177,16,651,12,0,12,663
11/04/2003,BNA,TN,ASO,CE,Towers with Radar,314,177,124,10,625,0,21,28,3,52,314,198,152,13,677,13,0,13,690
11/05/2003,BNA,TN,ASO,CE,Towers with Radar,318,188,132,9,647,0,23,19,0,42,318,211,151,9,689,3,0,3,692
11/06/2003,BNA,TN,ASO,CE,Towers with Radar,327,214,153,12,706,0,0,59,0,59,327,214,212,12,765,4,0,4,769
11/07/2003,BNA,TN,ASO,CE,Towers with Radar,329,212,149,11,701,0,11,5,8,24,329,223,154,19,725,10,0,10,735
11/08/2003,BNA,TN,ASO,CE,Towers with Radar,262,120,99,4,485,17,0,38,0,55,279,120,137,4,540,17,0,17,557
11/09/2003,BNA,TN,ASO,CE,Towers with Radar,240,108,91,7,446,9,0,31,1,41,249,108,122,8,487,2,0,2,489
11/10/2003,BNA,TN,ASO,CE,Towers with Radar,305,156,115,9,585,2,0,49,9,60,307,156,164,18,645,0,0,0,645
11/11/2003,BNA,TN,ASO,CE,Towers with Radar,309,174,122,8,613,0,0,68,0,68,309,174,190,8,681,0,0,0,681
11/12/2003,BNA,TN,ASO,CE,Towers with Radar,307,167,117,9,600,0,0,24,5,29,307,167,141,14,629,2,0,2,631
11/13/2003,BNA,TN,ASO,CE,Towers with Radar,334,185,130,10,659,0,23,48,0,71,334,208,178,10,730,4,0,4,734
11/14/2003,BNA,TN,ASO,CE,Towers with Radar,325,202,143,11,681,0,6,73,0,79,325,208,216,11,760,10,0,10,770
11/15/2003,BNA,TN,ASO,CE,Towers with Radar,259,114,87,1,461,24,0,0,0,24,283,114,87,1,485,4,0,4,489
11/16/2003,BNA,TN,ASO,CE,Towers with Radar,249,126,94,6,475,19,0,12,1,32,268,126,106,7,507,4,0,4,511
11/17/2003,BNA,TN,ASO,CE,Towers with Radar,301,162,115,8,586,0,13,10,8,31,301,175,125,16,617,3,0,3,620
11/18/2003,BNA,TN,ASO,CE,Towers with Radar,286,153,108,3,550,20,40,5,0,65,306,193,113,3,615,0,0,0,615
11/19/2003,BNA,TN,ASO,CE,Towers with Radar,318,178,126,9,631,0,14,43,6,63,318,192,169,15,694,2,0,2,696
11/20/2003,BNA,TN,ASO,CE,Towers with Radar,328,195,139,4,666,0,22,78,0,100,328,217,217,4,766,24,0,24,790
11/21/2003,BNA,TN,ASO,CE,Towers with Radar,323,181,129,9,642,0,27,41,10,78,323,208,170,19,720,32,0,32,752
11/22/2003,BNA,TN,ASO,CE,Towers with Radar,262,117,99,5,483,17,0,21,0,38,279,117,120,5,521,8,0,8,529
11/23/2003,BNA,TN,ASO,CE,Towers with Radar,210,103,80,5,398,57,0,7,1,65,267,103,87,6,463,5,0,5,468
11/24/2003,BNA,TN,ASO,CE,Towers with Radar,274,146,104,7,531,28,2,19,4,53,302,148,123,11,584,0,0,0,584
11/25/2003,BNA,TN,ASO,CE,Towers with Radar,320,177,126,9,632,0,25,53,1,79,320,202,179,10,711,8,0,8,719
11/26/2003,BNA,TN,ASO,CE,Towers with Radar,320,195,144,10,669,0,0,20,4,24,320,195,164,14,693,10,0,10,703
11/27/2003,BNA,TN,ASO,CE,Towers with Radar,199,106,35,2,342,53,15,0,0,68,252,121,35,2,410,0,0,0,410
11/28/2003,BNA,TN,ASO,CE,Towers with Radar,180,96,49,4,329,34,14,0,0,48,214,110,49,4,377,7,0,7,384
11/29/2003,BNA,TN,ASO,CE,Towers with Radar,223,102,85,0,410,40,0,29,0,69,263,102,114,0,479,24,0,24,503
11/30/2003,BNA,TN,ASO,CE,Towers with Radar,271,128,107,6,512,0,0,84,0,84,271,128,191,6,596,6,0,6,602
12/01/2003,BNA,TN,ASO,CE,Towers with Radar,304,148,108,9,569,0,0,50,7,57,304,148,158,16,626,2,0,2,628
12/02/2003,BNA,TN,ASO,CE,Towers with Radar,321,184,122,9,636,0,29,44,4,77,321,213,166,13,713,0,0,0,713
12/03/2003,BNA,TN,ASO,CE,Towers with Radar,321,186,124,9,640,0,11,38,0,49,321,197,162,9,689,0,0,0,689
12/04/2003,BNA,TN,ASO,CE,Towers with Radar,322,183,122,8,635,0,35,17,0,52,322,218,139,8,687,0,0,0,687
12/05/2003,BNA,TN,ASO,CE,Towers with Radar,317,179,119,9,624,0,22,21,3,46,317,201,140,12,670,0,0,0,670
12/06/2003,BNA,TN,ASO,CE,Towers with Radar,263,112,90,5,470,16,0,14,0,30,279,112,104,5,500,5,0,5,505
12/07/2003,BNA,TN,ASO,CE,Towers with Radar,256,102,89,7,454,0,0,80,6,86,256,102,169,13,540,2,0,2,542
12/08/2003,BNA,TN,ASO,CE,Towers with Radar,307,164,112,8,591,0,0,63,5,68,307,164,175,13,659,3,0,3,662
12/09/2003,BNA,TN,ASO,CE,Towers with Radar,319,184,123,9,635,0,8,23,2,33,319,192,146,11,668,8,0,8,676
12/10/2003,BNA,TN,ASO,CE,Towers with Radar,314,177,117,9,617,0,19,2,9,30,314,196,119,18,647,0,0,0,647
12/11/2003,BNA,TN,ASO,CE,Towers with Radar,339,198,134,10,681,0,0,76,6,82,339,198,210,16,763,0,0,0,763
12/12/2003,BNA,TN,ASO,CE,Towers with Radar,334,190,127,9,660,0,14,67,7,88,334,204,194,16,748,6,0,6,754
12/13/2003,BNA,TN,ASO,CE,Towers with Radar,240,123,65,3,431,37,4,0,0,41,277,127,65,3,472,2,0,2,474
12/14/2003,BNA,TN,ASO,CE,Towers with Radar,222,114,69,5,410,42,6,0,0,48,264,120,69,5,458,0,0,0,458
12/15/2003,BNA,TN,ASO,CE,Towers with Radar,324,143,113,8,588,0,0,52,2,54,324,143,165,10,642,3,0,3,645
12/16/2003,BNA,TN,ASO,CE,Towers with Radar,322,179,120,9,630,0,19,16,0,35,322,198,136,9,665,0,0,0,665
12/17/2003,BNA,TN,ASO,CE,Towers with Radar,274,139,122,8,543,0,0,24,1,25,274,139,146,9,568,11,0,11,579
12/18/2003,BNA,TN,ASO,CE,Towers with Radar,341,182,124,8,655,0,0,29,3,32,341,182,153,11,687,6,0,6,693
12/19/2003,BNA,TN,ASO,CE,Towers with Radar,320,187,126,3,636,0,7,29,0,36,320,194,155,3,672,5,0,5,677
12/20/2003,BNA,TN,ASO,CE,Towers with Radar,287,116,98,6,507,15,0,47,0,62,302,116,145,6,569,5,0,5,574
12/21/2003,BNA,TN,ASO,CE,Towers with Radar,220,105,76,0,401,56,0,42,0,98,276,105,118,0,499,2,0,2,501
12/22/2003,BNA,TN,ASO,CE,Towers with Radar,292,122,100,6,520,30,0,27,5,62,322,122,127,11,582,0,0,0,582
12/23/2003,BNA,TN,ASO,CE,Towers with Radar,296,150,63,6,515,30,35,0,0,65,326,185,63,6,580,13,0,13,593
12/24/2003,BNA,TN,ASO,CE,Towers with Radar,275,140,68,1,484,40,24,0,0,64,315,164,68,1,548,0,0,0,548
12/25/2003,BNA,TN,ASO,CE,Towers with Radar,173,88,42,1,304,63,16,0,0,79,236,104,42,1,383,0,0,0,383
12/26/2003,BNA,TN,ASO,CE,Towers with Radar,250,120,86,1,457,18,0,23,0,41,268,120,109,1,498,22,0,22,520
12/27/2003,BNA,TN,ASO,CE,Towers with Radar,261,111,89,1,462,26,0,37,0,63,287,111,126,1,525,2,0,2,527
12/28/2003,BNA,TN,ASO,CE,Towers with Radar,248,108,84,0,440,32,0,22,0,54,280,108,106,0,494,0,0,0,494
12/29/2003,BNA,TN,ASO,CE,Towers with Radar,262,121,69,6,458,55,0,0,6,61,317,121,69,12,519,2,0,2,521
12/30/2003,BNA,TN,ASO,CE,Towers with Radar,327,167,112,7,613,6,17,45,6,74,333,184,157,13,687,2,0,2,689
12/31/2003,BNA,TN,ASO,CE,Towers with Radar,297,149,102,6,554,8,0,64,0,72,305,149,166,6,626,0,0,0,626
01/01/2004,BNA,TN,ASO,CE,Towers with Radar,202,93,68,2,365,40,12,5,0,57,242,105,73,2,422,0,0,0,422
01/02/2004,BNA,TN,ASO,CE,Towers with Radar,270,125,78,3,476,10,1,0,0,11,280,126,78,3,487,2,0,2,489
01/03/2004,BNA,TN,ASO,CE,Towers with Radar,270,105,89,1,465,12,0,9,0,21,282,105,98,1,486,5,0,5,491
01/04/2004,BNA,TN,ASO,CE,Towers with Radar,233,101,77,2,413,15,0,2,0,17,248,101,79,2,430,49,0,49,479
01/05/2004,BNA,TN,ASO,CE,Towers with Radar,290,130,74,8,502,29,0,0,2,31,319,130,74,10,533,4,0,4,537
01/06/2004,BNA,TN,ASO,CE,Towers with Radar,338,159,114,8,619,0,26,35,0,61,338,185,149,8,680,2,0,2,682
01/07/2004,BNA,TN,ASO,CE,Towers with Radar,346,174,125,10,655,0,7,38,2,47,346,181,163,12,702,0,0,0,702
01/08/2004,BNA,TN,ASO,CE,Towers with Radar,335,158,114,10,617,0,7,19,0,26,335,165,133,10,643,2,0,2,645
01/09/2004,BNA,TN,ASO,CE,Towers with Radar,330,153,110,3,596,5,35,1,0,41,335,188,111,3,637,0,0,0,637
01/10/2004,BNA,TN,ASO,CE,Towers with Radar,280,109,93,7,489,10,0,40,2,52,290,109,133,9,541,6,0,6,547
01/11/2004,BNA,TN,ASO,CE,Towers with Radar,221,99,74,3,397,60,0,18,0,78,281,99,92,3,475,0,0,0,475
01/12/2004,BNA,TN,ASO,CE,Towers with Radar,313,118,104,8,543,11,0,73,8,92,324,118,177,16,635,6,0,6,641
01/13/2004,BNA,TN,ASO,CE,Towers with Radar,333,158,113,6,610,0,21,46,0,67,333,179,159,6,677,0,0,0,677
01/14/2004,BNA,TN,ASO,CE,Towers with Radar,331,169,123,9,632,0,1,54,11,66,331,170,177,20,698,0,0,0,698
01/15/2004,BNA,TN,ASO,CE,Towers with Radar,332,170,123,8,633,0,11,39,3,53,332,181,162,11,686,14,0,14,700
01/16/2004,BNA,TN,ASO,CE,Towers with Radar,341,165,122,8,636,0,0,49,14,63,341,165,171,22,699,17,0,17,716
01/17/2004,BNA,TN,ASO,CE,Towers with Radar,244,102,75,3,424,40,0,0,0,40,284,102,75,3,464,4,0,4,468
01/18/2004,BNA,TN,ASO,CE,Towers with Radar,225,101,75,1,402,47,0,0,0,47,272,101,75,1,449,0,0,0,449
01/19/2004,BNA,TN,ASO,CE,Towers with Radar,300,111,100,0,511,19,0,26,0,45,319,111,126,0,556,0,0,0,556
01/20/2004,BNA,TN,ASO,CE,Towers with Radar,328,155,113,7,603,0,1,50,0,51,328,156,163,7,654,2,0,2,656
01/21/2004,BNA,TN,ASO,CE,Towers with Radar,343,170,124,9,646,0,12,79,13,104,343,182,203,22,750,48,0,48,798
01/22/2004,BNA,TN,ASO,CE,Towers with Radar,335,162,118,8,623,0,5,51,3,59,335,167,169,11,682,2,0,2,684
01/23/2004,BNA,TN,ASO,CE,Towers with Radar,321,165,120,9,615,0,10,74,0,84,321,175,194,9,699,2,0,2,701
01/24/2004,BNA,TN,ASO,CE,Towers with Radar,264,94,88,4,450,36,0,54,0,90,300,94,142,4,540,4,0,4,544
01/25/2004,BNA,TN,ASO,CE,Towers with Radar,207,95,56,2,360,51,8,0,0,59,258,103,56,2,419,5,0,5,424
01/26/2004,BNA,TN,ASO,CE,Towers with Radar,279,128,93,6,506,6,4,21,12,43,285,132,114,18,549,0,0,0,549
01/27/2004,BNA,TN,ASO,CE,Towers with Radar,290,143,104,5,542,0,49,12,0,61,290,192,116,5,603,2,0,2,605
01/28/2004,BNA,TN,ASO,CE,Towers with Radar,321,176,128,9,634,0,23,46,7,76,321,199,174,16,710,1,0,1,711
01/29/2004,BNA,TN,ASO,CE,Towers with Radar,335,170,124,9,638,0,13,40,7,60,335,183,164,16,698,0,0,0,698
01/30/2004,BNA,TN,ASO,CE,Towers with Radar,291,157,122,8,578,0,0,10,8,18,291,157,132,16,596,11,0,11,607
01/31/2004,BNA,TN,ASO,CE,Towers with Radar,279,104,94,3,480,10,0,68,0,78,289,104,162,3,558,4,0,4,562
02/01/2004,BNA,TN,ASO,CE,Towers with Radar,232,102,88,4,426,43,0,17,0,60,275,102,105,4,486,6,0,6,492
02/02/2004,BNA,TN,ASO,CE,Towers with Radar,253,122,94,7,476,45,0,0,0,45,298,122,94,7,521,4,0,4,525
02/03/2004,BNA,TN,ASO,CE,Towers with Radar,317,158,118,8,601,0,31,13,0,44,317,189,131,8,645,0,0,0,645
02/04/2004,BNA,TN,ASO,CE,Towers with Radar,328,176,132,11,647,0,0,54,2,56,328,176,186,13,703,0,0,0,703
02/05/2004,BNA,TN,ASO,CE,Towers with Radar,312,156,94,10,572,13,25,0,0,38,325,181,94,10,610,0,0,0,610
02/06/2004,BNA,TN,ASO,CE,Towers with Radar,320,160,93,6,579,4,33,0,0,37,324,193,93,6,616,2,0,2,618
02/07/2004,BNA,TN,ASO,CE,Towers with Radar,234,100,68,2,404,66,0,0,0,66,300,100,68,2,470,21,0,21,491
02/08/2004,BNA,TN,ASO,CE,Towers with Radar,225,93,80,4,402,22,0,0,0,22,247,93,80,4,424,13,0,13,437
02/09/2004,BNA,TN,ASO,CE,Towers with Radar,297,141,111,9,558,6,0,45,6,57,303,141,156,15,615,4,0,4,619
02/10/2004,BNA,TN,ASO,CE,Towers with Radar,324,165,123,7,619,0,30,20,0,50,324,195,143,7,669,22,0,22,691
02/11/2004,BNA,TN,ASO,CE,Towers with Radar,334,186,139,10,669,0,11,46,6,63,334,197,185,16,732,24,0,24,756
02/12/2004,BNA,TN,ASO,CE,Towers with Radar,336,183,137,10,666,0,11,22,1,34,336,194,159,11,700,25,0,25,725
02/13/2004,BNA,TN,ASO,CE,Towers with Radar,338,174,138,10,660,0,0,63,0,63,338,174,201,10,723,5,0,5,728
02/14/2004,BNA,TN,ASO,CE,Towers with Radar,233,89,85,6,413,58,0,0,3,61,291,89,85,9,474,19,0,19,493
02/15/2004,BNA,TN,ASO,CE,Towers with Radar,209,91,78,4,382,56,0,7,0,63,265,91,85,4,445,0,0,0,445
02/16/2004,BNA,TN,ASO,CE,Towers with Radar,294,120,110,1,525,16,0,11,0,27,310,120,121,1,552,0,0,0,552
02/17/2004,BNA,TN,ASO,CE,Towers with Radar,335,160,130,10,635,0,0,44,0,44,335,160,174,10,679,0,0,0,679
02/18/2004,BNA,TN,ASO,CE,Towers with Radar,324,184,139,10,657,0,3,85,5,93,324,187,224,15,750,0,0,0,750
02/19/2004,BNA,TN,ASO,CE,Towers with Radar,329,176,133,10,648,0,14,96,6,116,329,190,229,16,764,16,0,16,780
02/20/2004,BNA,TN,ASO,CE,Towers with Radar,316,176,133,10,635,0,0,37,0,37,316,176,170,10,672,12,0,12,684
02/21/2004,BNA,TN,ASO,CE,Towers with Radar,256,104,96,5,461,41,0,21,0,62,297,104,117,5,523,4,0,4,527
02/22/2004,BNA,TN,ASO,CE,Towers with Radar,234,98,88,2,422,131,0,74,0,205,365,98,162,2,627,9,0,9,636
02/23/2004,BNA,TN,ASO,CE,Towers with Radar,298,138,112,9,557,10,0,24,12,46,308,138,136,21,603,13,0,13,616
02/24/2004,BNA,TN,ASO,CE,Towers with Radar,317,166,126,9,618,0,15,28,3,46,317,181,154,12,664,9,0,9,673
02/25/2004,BNA,TN,ASO,CE,Towers with Radar,279,164,132,11,586,0,0,16,14,30,279,164,148,25,616,0,0,0,616
02/26/2004,BNA,TN,ASO,CE,Towers with Radar,325,161,122,9,617,3,25,15,2,45,328,186,137,11,662,8,0,8,670
02/27/2004,BNA,TN,ASO,CE,Towers with Radar,334,194,147,11,686,0,11,61,1,73,334,205,208,12,759,7,0,7,766
02/28/2004,BNA,TN,ASO,CE,Towers with Radar,298,125,139,5,567,0,0,20,0,20,298,125,159,5,587,34,0,34,621
02/29/2004,BNA,TN,ASO,CE,Towers with Radar,271,104,118,5,498,0,0,14,0,14,271,104,132,5,512,15,0,15,527
03/01/2004,BNA,TN,ASO,CE,Towers with Radar,277,136,100,8,521,31,6,0,3,40,308,142,100,11,561,0,0,0,561
03/02/2004,BNA,TN,ASO,CE,Towers with Radar,329,164,127,6,626,0,21,48,0,69,329,185,175,6,695,17,0,17,712
03/03/2004,BNA,TN,ASO,CE,Towers with Radar,328,167,131,9,635,0,0,51,3,54,328,167,182,12,689,0,0,0,689
03/04/2004,BNA,TN,ASO,CE,Towers with Radar,337,172,133,9,651,0,4,61,4,69,337,176,194,13,720,9,0,9,729
03/05/2004,BNA,TN,ASO,CE,Towers with Radar,321,158,118,5,602,9,13,0,0,22,330,171,118,5,624,6,0,6,630
03/06/2004,BNA,TN,ASO,CE,Towers with Radar,276,122,105,7,510,20,0,4,4,28,296,122,109,11,538,0,0,0,538
03/07/2004,BNA,TN,ASO,CE,Towers with Radar,216,92,82,2,392,47,0,2,0,49,263,92,84,2,441,5,0,5,446
03/08/2004,BNA,TN,ASO,CE,Towers with Radar,302,136,115,8,561,22,0,49,6,77,324,136,164,14,638,20,0,20,658
03/09/2004,BNA,TN,ASO,CE,Towers with Radar,324,163,126,8,621,0,19,36,0,55,324,182,162,8,676,28,0,28,704
03/10/2004,BNA,TN,ASO,CE,Towers with Radar,321,179,139,10,649,0,9,85,2,96,321,188,224,12,745,0,0,0,745
03/11/2004,BNA,TN,ASO,CE,Towers with Radar,322,176,136,9,643,0,8,37,3,48,322,184,173,12,691,0,0,0,691
03/12/2004,BNA,TN,ASO,CE,Towers with Radar,344,167,134,9,654,0,0,62,7,69,344,167,196,16,723,26,0,26,749
03/13/2004,BNA,TN,ASO,CE,Towers with Radar,277,119,106,3,505,15,0,23,0,38,292,119,129,3,543,8,0,8,551
03/14/2004,BNA,TN,ASO,CE,Towers with Radar,224,103,86,2,415,33,0,9,0,42,257,103,95,2,457,4,0,4,461
03/15/2004,BNA,TN,ASO,CE,Towers with Radar,302,131,112,8,553,16,0,0,7,23,318,131,112,15,576,2,0,2,578
03/16/2004,BNA,TN,ASO,CE,Towers with Radar,329,162,126,7,624,1,12,36,0,49,330,174,162,7,673,4,0,4,677
03/17/2004,BNA,TN,ASO,CE,Towers with Radar,330,170,142,10,652,0,0,48,8,56,330,170,190,18,708,0,0,0,708
03/18/2004,BNA,TN,ASO,CE,Towers with Radar,338,170,133,8,649,0,10,17,4,31,338,180,150,12,680,42,0,42,722
03/19/2004,BNA,TN,ASO,CE,Towers with Radar,334,174,137,8,653,0,3,44,2,49,334,177,181,10,702,23,0,23,725
03/20/2004,BNA,TN,ASO,CE,Towers with Radar,248,121,95,6,470,86,56,86,4,232,334,177,181,10,702,30,0,30,732
03/21/2004,BNA,TN,ASO,CE,Towers with Radar,252,105,96,6,459,18,0,30,0,48,270,105,126,6,507,23,0,23,530
03/22/2004,BNA,TN,ASO,CE,Towers with Radar,281,126,120,1,528,0,0,49,0,49,281,126,169,1,577,28,0,28,605
03/23/2004,BNA,TN,ASO,CE,Towers with Radar,334,167,131,7,639,0,32,57,0,89,334,199,188,7,728,22,0,22,750
03/24/2004,BNA,TN,ASO,CE,Towers with Radar,333,170,134,1,638,0,21,55,0,76,333,191,189,1,714,0,0,0,714
03/25/2004,BNA,TN,ASO,CE,Towers with Radar,335,169,133,6,643,0,20,36,0,56,335,189,169,6,699,10,0,10,709
03/26/2004,BNA,TN,ASO,CE,Towers with Radar,339,173,136,8,656,0,8,40,9,57,339,181,176,17,713,23,0,23,736
03/27/2004,BNA,TN,ASO,CE,Towers with Radar,268,118,103,6,495,22,0,33,5,60,290,118,136,11,555,13,0,13,568
03/28/2004,BNA,TN,ASO,CE,Towers with Radar,257,123,99,5,484,0,0,69,0,69,257,123,168,5,553,6,0,6,559
03/29/2004,BNA,TN,ASO,CE,Towers with Radar,296,132,93,7,528,25,0,0,7,32,321,132,93,14,560,7,0,7,567
03/30/2004,BNA,TN,ASO,CE,Towers with Radar,329,168,132,8,637,0,14,47,1,62,329,182,179,9,699,4,0,4,703
03/31/2004,BNA,TN,ASO,CE,Towers with Radar,325,165,128,8,626,0,9,30,6,45,325,174,158,14,671,0,0,0,671
04/01/2004,BNA,TN,ASO,CE,Towers with Radar,331,167,134,7,639,0,0,34,0,34,331,167,168,7,673,0,0,0,673
04/02/2004,BNA,TN,ASO,CE,Towers with Radar,340,176,134,11,661,1,7,36,2,46,341,183,170,13,707,21,0,21,728
04/03/2004,BNA,TN,ASO,CE,Towers with Radar,264,101,104,4,473,34,0,51,0,85,298,101,155,4,558,8,0,8,566
04/04/2004,BNA,TN,ASO,CE,Towers with Radar,245,112,97,6,460,16,0,26,0,42,261,112,123,6,502,7,0,7,509
04/05/2004,BNA,TN,ASO,CE,Towers with Radar,298,136,117,9,560,21,0,63,7,91,319,136,180,16,651,5,0,5,656
04/06/2004,BNA,TN,ASO,CE,Towers with Radar,322,177,135,10,644,0,27,40,5,72,322,204,175,15,716,7,0,7,723
04/07/2004,BNA,TN,ASO,CE,Towers with Radar,278,155,126,9,568,0,0,24,3,27,278,155,150,12,595,37,0,37,632
04/08/2004,BNA,TN,ASO,CE,Towers with Radar,321,176,134,8,639,0,15,34,0,49,321,191,168,8,688,2,0,2,690
04/09/2004,BNA,TN,ASO,CE,Towers with Radar,338,180,138,10,666,0,0,69,2,71,338,180,207,12,737,12,0,12,749
04/10/2004,BNA,TN,ASO,CE,Towers with Radar,257,106,101,2,466,25,0,13,0,38,282,106,114,2,504,15,0,15,519
04/11/2004,BNA,TN,ASO,CE,Towers with Radar,222,102,78,4,406,41,0,0,0,41,263,102,78,4,447,12,0,12,459
04/12/2004,BNA,TN,ASO,CE,Towers with Radar,289,150,102,9,550,13,9,0,3,25,302,159,102,12,575,6,0,6,581
04/13/2004,BNA,TN,ASO,CE,Towers with Radar,309,160,120,7,596,22,11,0,0,33,331,171,120,7,629,2,0,2,631
04/14/2004,BNA,TN,ASO,CE,Towers with Radar,333,185,143,10,671,0,0,41,7,48,333,185,184,17,719,34,3,37,756
04/15/2004,BNA,TN,ASO,CE,Towers with Radar,337,197,150,11,695,0,8,65,1,74,337,205,215,12,769,49,5,54,823
04/16/2004,BNA,TN,ASO,CE,Towers with Radar,330,182,140,10,662,0,2,38,10,50,330,184,178,20,712,25,0,25,737
04/17/2004,BNA,TN,ASO,CE,Towers with Radar,269,115,107,4,495,12,0,54,0,66,281,115,161,4,561,39,0,39,600
04/18/2004,BNA,TN,ASO,CE,Towers with Radar,252,105,100,7,464,14,0,23,2,39,266,105,123,9,503,8,0,8,511
04/19/2004,BNA,TN,ASO,CE,Towers with Radar,301,142,119,9,571,15,0,46,7,68,316,142,165,16,639,29,0,29,668
04/20/2004,BNA,TN,ASO,CE,Towers with Radar,322,173,134,9,638,0,8,66,0,74,322,181,200,9,712,6,0,6,718
04/21/2004,BNA,TN,ASO,CE,Towers with Radar,315,162,125,7,609,12,14,7,0,33,327,176,132,7,642,3,0,3,645
04/22/2004,BNA,TN,ASO,CE,Towers with Radar,340,181,140,2,663,0,21,10,0,31,340,202,150,2,694,4,0,4,698
04/23/2004,BNA,TN,ASO,CE,Towers with Radar,331,187,145,9,672,0,22,46,0,68,331,209,191,9,740,5,0,5,745
04/24/2004,BNA,TN,ASO,CE,Towers with Radar,251,117,88,6,462,52,0,0,0,52,303,117,88,6,514,18,0,18,532
04/25/2004,BNA,TN,ASO,CE,Towers with Radar,242,124,92,7,465,13,0,0,8,21,255,124,92,15,486,11,0,11,497
04/26/2004,BNA,TN,ASO,CE,Towers with Radar,293,135,116,9,553,27,0,20,7,54,320,135,136,16,607,0,0,0,607
04/27/2004,BNA,TN,ASO,CE,Towers with Radar,328,181,140,10,659,0,5,100,7,112,328,186,240,17,771,8,0,8,779
04/28/2004,BNA,TN,ASO,CE,Towers with Radar,321,167,129,9,626,0,30,88,8,126,321,197,217,17,752,5,0,5,757
04/29/2004,BNA,TN,ASO,CE,Towers with Radar,324,182,141,11,658,0,29,57,5,91,324,211,198,16,749,58,3,61,810
04/30/2004,BNA,TN,ASO,CE,Towers with Radar,320,173,133,10,636,0,30,19,1,50,320,203,152,11,686,16,0,16,702
05/01/2004,BNA,TN,ASO,CE,Towers with Radar,246,112,95,9,462,46,0,7,3,56,292,112,102,12,518,2,0,2,520
05/02/2004,BNA,TN,ASO,CE,Towers with Radar,244,117,105,9,475,0,0,21,0,21,244,117,126,9,496,31,0,31,527
05/03/2004,BNA,TN,ASO,CE,Towers with Radar,315,163,125,11,614,0,0,37,9,46,315,163,162,20,660,2,0,2,662
05/04/2004,BNA,TN,ASO,CE,Towers with Radar,327,180,133,13,653,0,14,56,4,74,327,194,189,17,727,4,0,4,731
05/05/2004,BNA,TN,ASO,CE,Towers with Radar,330,183,135,13,661,0,26,68,8,102,330,209,203,21,763,15,0,15,778
05/06/2004,BNA,TN,ASO,CE,Towers with Radar,330,190,140,12,672,0,10,98,0,108,330,200,238,12,780,59,1,60,840
05/07/2004,BNA,TN,ASO,CE,Towers with Radar,329,173,127,12,641,0,23,48,3,74,329,196,175,15,715,8,0,8,723
05/08/2004,BNA,TN,ASO,CE,Towers with Radar,237,104,92,3,436,54,0,32,0,86,291,104,124,3,522,6,0,6,528
05/09/2004,BNA,TN,ASO,CE,Towers with Radar,232,122,89,5,448,21,1,15,0,37,253,123,104,5,485,0,0,0,485
05/10/2004,BNA,TN,ASO,CE,Towers with Radar,288,141,111,8,548,27,0,24,0,51,315,141,135,8,599,0,0,0,599
05/11/2004,BNA,TN,ASO,CE,Towers with Radar,323,185,137,13,658,0,18,36,9,63,323,203,173,22,721,0,0,0,721
05/12/2004,BNA,TN,ASO,CE,Towers with Radar,322,177,130,12,641,0,29,32,1,62,322,206,162,13,703,31,3,34,737
05/13/2004,BNA,TN,ASO,CE,Towers with Radar,320,187,138,13,658,0,21,31,0,52,320,208,169,13,710,2,0,2,712
05/14/2004,BNA,TN,ASO,CE,Towers with Radar,331,182,134,13,660,0,18,20,7,45,331,200,154,20,705,5,0,5,710
05/15/2004,BNA,TN,ASO,CE,Towers with Radar,244,116,60,4,424,52,0,0,0,52,296,116,60,4,476,2,0,2,478
05/16/2004,BNA,TN,ASO,CE,Towers with Radar,263,138,101,10,512,4,4,7,1,16,267,142,108,11,528,11,0,11,539
05/17/2004,BNA,TN,ASO,CE,Towers with Radar,292,128,114,9,543,12,0,51,7,70,304,128,165,16,613,12,0,12,625
05/18/2004,BNA,TN,ASO,CE,Towers with Radar,321,181,134,12,648,0,22,49,3,74,321,203,183,15,722,8,0,8,730
05/19/2004,BNA,TN,ASO,CE,Towers with Radar,328,186,139,13,666,0,15,48,8,71,328,201,187,21,737,34,1,35,772
05/20/2004,BNA,TN,ASO,CE,Towers with Radar,339,192,143,13,687,0,18,63,3,84,339,210,206,16,771,3,0,3,774
05/21/2004,BNA,TN,ASO,CE,Towers with Radar,317,171,128,12,628,0,9,57,7,73,317,180,185,19,701,16,0,16,717
05/22/2004,BNA,TN,ASO,CE,Towers with Radar,240,108,93,3,444,55,0,29,0,84,295,108,122,3,528,2,0,2,530
05/23/2004,BNA,TN,ASO,CE,Towers with Radar,233,106,91,9,439,34,0,21,2,57,267,106,112,11,496,9,0,9,505
05/24/2004,BNA,TN,ASO,CE,Towers with Radar,272,135,121,12,540,0,0,52,5,57,272,135,173,17,597,15,0,15,612
05/25/2004,BNA,TN,ASO,CE,Towers with Radar,328,170,127,11,636,6,22,19,4,51,334,192,146,15,687,7,0,7,694
05/26/2004,BNA,TN,ASO,CE,Towers with Radar,333,181,135,12,661,0,19,66,0,85,333,200,201,12,746,0,0,0,746
05/27/2004,BNA,TN,ASO,CE,Towers with Radar,341,193,148,11,693,0,0,0,0,0,341,193,148,11,693,0,0,0,693
05/28/2004,BNA,TN,ASO,CE,Towers with Radar,356,196,146,14,712,0,1,27,3,31,356,197,173,17,743,9,0,9,752
05/29/2004,BNA,TN,ASO,CE,Towers with Radar,242,110,76,7,435,39,0,0,0,39,281,110,76,7,474,0,0,0,474
05/30/2004,BNA,TN,ASO,CE,Towers with Radar,200,103,78,8,389,67,3,34,3,107,267,106,112,11,496,13,0,13,509
05/31/2004,BNA,TN,ASO,CE,Towers with Radar,238,103,82,6,429,52,0,0,0,52,290,103,82,6,481,2,0,2,483
06/01/2004,BNA,TN,ASO,CE,Towers with Radar,297,150,111,11,569,18,0,49,6,73,315,150,160,17,642,16,0,16,658
06/02/2004,BNA,TN,ASO,CE,Towers with Radar,329,175,122,11,637,0,7,45,0,52,329,182,167,11,689,43,1,44,733
06/03/2004,BNA,TN,ASO,CE,Towers with Radar,344,184,129,6,663,0,7,26,0,33,344,191,155,6,696,6,0,6,702
06/04/2004,BNA,TN,ASO,CE,Towers with Radar,327,168,124,13,632,0,0,50,4,54,327,168,174,17,686,12,0,12,698
06/05/2004,BNA,TN,ASO,CE,Towers with Radar,238,111,88,8,445,52,0,48,0,100,290,111,136,8,545,13,0,13,558
06/06/2004,BNA,TN,ASO,CE,Towers with Radar,232,117,85,8,442,33,0,37,1,71,265,117,122,9,513,18,0,18,531
06/07/2004,BNA,TN,ASO,CE,Towers with Radar,280,131,103,10,524,33,0,27,4,64,313,131,130,14,588,2,0,2,590
06/08/2004,BNA,TN,ASO,CE,Towers with Radar,314,166,116,11,607,10,19,40,2,71,324,185,156,13,678,2,0,2,680
06/09/2004,BNA,TN,ASO,CE,Towers with Radar,322,177,123,8,630,0,7,38,0,45,322,184,161,8,675,32,1,33,708
06/10/2004,BNA,TN,ASO,CE,Towers with Radar,323,186,130,13,652,0,12,57,2,71,323,198,187,15,723,5,8,13,736
06/11/2004,BNA,TN,ASO,CE,Towers with Radar,339,187,130,13,669,0,3,49,0,52,339,190,179,13,721,2,0,2,723
06/12/2004,BNA,TN,ASO,CE,Towers with Radar,233,116,86,8,443,53,0,13,1,67,286,116,99,9,510,2,0,2,512
06/13/2004,BNA,TN,ASO,CE,Towers with Radar,249,115,92,6,462,18,0,6,0,24,267,115,98,6,486,0,0,0,486
06/14/2004,BNA,TN,ASO,CE,Towers with Radar,309,154,114,11,588,0,0,6,6,12,309,154,120,17,600,16,0,16,616
06/15/2004,BNA,TN,ASO,CE,Towers with Radar,329,170,123,12,634,0,0,22,1,23,329,170,145,13,657,2,0,2,659
06/16/2004,BNA,TN,ASO,CE,Towers with Radar,317,178,125,12,632,0,9,45,0,54,317,187,170,12,686,0,0,0,686
06/17/2004,BNA,TN,ASO,CE,Towers with Radar,308,189,133,8,638,0,18,22,0,40,308,207,155,8,678,0,0,0,678
06/18/2004,BNA,TN,ASO,CE,Towers with Radar,283,174,131,7,595,0,0,9,0,9,283,174,140,7,604,4,0,4,608
06/19/2004,BNA,TN,ASO,CE,Towers with Radar,264,113,93,5,475,39,0,0,0,39,303,113,93,5,514,2,0,2,516
06/20/2004,BNA,TN,ASO,CE,Towers with Radar,251,122,93,5,471,29,0,37,0,66,280,122,130,5,537,3,0,3,540
06/21/2004,BNA,TN,ASO,CE,Towers with Radar,304,161,116,11,592,0,0,29,2,31,304,161,145,13,623,20,0,20,643
06/22/2004,BNA,TN,ASO,CE,Towers with Radar,335,182,129,12,658,0,22,17,12,51,335,204,146,24,709,11,0,11,720
06/23/2004,BNA,TN,ASO,CE,Towers with Radar,326,194,137,13,670,0,30,28,6,64,326,224,165,19,734,0,0,0,734
06/24/2004,BNA,TN,ASO,CE,Towers with Radar,332,191,137,13,673,0,0,73,0,73,332,191,210,13,746,0,0,0,746
06/25/2004,BNA,TN,ASO,CE,Towers with Radar,324,176,125,9,634,0,19,9,0,28,324,195,134,9,662,0,0,0,662
06/26/2004,BNA,TN,ASO,CE,Towers with Radar,254,131,94,7,486,50,0,13,0,63,304,131,107,7,549,0,0,0,549
06/27/2004,BNA,TN,ASO,CE,Towers with Radar,259,135,96,9,499,19,0,38,4,61,278,135,134,13,560,18,0,18,578
06/28/2004,BNA,TN,ASO,CE,Towers with Radar,300,151,111,10,572,17,0,12,7,36,317,151,123,17,608,4,0,4,612
06/29/2004,BNA,TN,ASO,CE,Towers with Radar,326,189,134,12,661,0,17,64,4,85,326,206,198,16,746,0,0,0,746
06/30/2004,BNA,TN,ASO,CE,Towers with Radar,328,196,139,13,676,0,5,26,10,41,328,201,165,23,717,5,0,5,722
07/01/2004,BNA,TN,ASO,CE,Towers with Radar,339,190,132,5,666,0,12,29,0,41,339,202,161,5,707,0,0,0,707
07/02/2004,BNA,TN,ASO,CE,Towers with Radar,350,180,125,8,663,0,22,3,0,25,350,202,128,8,688,7,0,7,695
07/03/2004,BNA,TN,ASO,CE,Towers with Radar,233,96,80,4,413,72,0,19,0,91,305,96,99,4,504,7,0,7,511
07/04/2004,BNA,TN,ASO,CE,Towers with Radar,195,92,42,6,335,73,0,0,3,76,268,92,42,9,411,8,0,8,419
07/05/2004,BNA,TN,ASO,CE,Towers with Radar,244,120,84,4,452,27,0,11,0,38,271,120,95,4,490,3,0,3,493
07/06/2004,BNA,TN,ASO,CE,Towers with Radar,314,150,108,9,581,11,0,45,81,137,325,150,153,90,718,10,0,10,728
07/07/2004,BNA,TN,ASO,CE,Towers with Radar,327,180,124,11,642,0,9,33,0,42,327,189,157,11,684,13,0,13,697
07/08/2004,BNA,TN,ASO,CE,Towers with Radar,353,184,127,11,675,0,23,62,4,89,353,207,189,15,764,18,0,18,782
07/09/2004,BNA,TN,ASO,CE,Towers with Radar,331,176,122,10,639,0,7,48,12,67,331,183,170,22,706,32,0,32,738
07/10/2004,BNA,TN,ASO,CE,Towers with Radar,254,122,85,8,469,63,0,0,0,63,317,122,85,8,532,27,0,27,559
07/11/2004,BNA,TN,ASO,CE,Towers with Radar,250,112,86,6,454,30,0,6,1,37,280,112,92,7,491,2,0,2,493
07/12/2004,BNA,TN,ASO,CE,Towers with Radar,306,137,105,8,556,18,0,29,0,47,324,137,134,8,603,22,0,22,625
07/13/2004,BNA,TN,ASO,CE,Towers with Radar,342,173,120,9,644,0,21,54,6,81,342,194,174,15,725,14,0,14,739
07/14/2004,BNA,TN,ASO,CE,Towers with Radar,330,169,117,9,625,0,6,47,3,56,330,175,164,12,681,6,0,6,687
07/15/2004,BNA,TN,ASO,CE,Towers with Radar,351,182,126,11,670,0,1,86,10,97,351,183,212,21,767,15,0,15,782
07/16/2004,BNA,TN,ASO,CE,Towers with Radar,341,183,127,11,662,0,0,65,3,68,341,183,192,14,730,8,0,8,738
07/17/2004,BNA,TN,ASO,CE,Towers with Radar,273,114,95,6,488,43,0,13,0,56,316,114,108,6,544,0,0,0,544
07/18/2004,BNA,TN,ASO,CE,Towers with Radar,273,105,94,4,476,7,0,41,0,48,280,105,135,4,524,3,0,3,527
07/19/2004,BNA,TN,ASO,CE,Towers with Radar,314,143,108,8,573,24,0,48,10,82,338,143,156,18,655,32,0,32,687
07/20/2004,BNA,TN,ASO,CE,Towers with Radar,344,174,122,10,650,0,16,37,3,56,344,190,159,13,706,18,0,18,724
07/21/2004,BNA,TN,ASO,CE,Towers with Radar,337,177,125,10,649,0,41,66,8,115,337,218,191,18,764,20,0,20,784
07/22/2004,BNA,TN,ASO,CE,Towers with Radar,347,188,132,10,677,0,1,60,9,70,347,189,192,19,747,15,0,15,762
07/23/2004,BNA,TN,ASO,CE,Towers with Radar,334,186,130,4,654,0,25,55,0,80,334,211,185,4,734,7,0,7,741
07/24/2004,BNA,TN,ASO,CE,Towers with Radar,276,101,96,3,476,0,0,24,0,24,276,101,120,3,500,2,0,2,502
07/25/2004,BNA,TN,ASO,CE,Towers with Radar,254,123,88,5,470,32,0,9,0,41,286,123,97,5,511,9,0,9,520
07/26/2004,BNA,TN,ASO,CE,Towers with Radar,329,163,98,9,599,0,0,0,11,11,329,163,98,20,610,2,0,2,612
07/27/2004,BNA,TN,ASO,CE,Towers with Radar,338,186,130,6,660,0,12,48,0,60,338,198,178,6,720,10,0,10,730
07/28/2004,BNA,TN,ASO,CE,Towers with Radar,354,194,136,10,694,0,14,73,6,93,354,208,209,16,787,14,0,14,801
07/29/2004,BNA,TN,ASO,CE,Towers with Radar,349,189,132,10,680,0,3,56,4,63,349,192,188,14,743,2,0,2,745
07/30/2004,BNA,TN,ASO,CE,Towers with Radar,350,184,129,11,674,0,10,12,3,25,350,194,141,14,699,15,0,15,714
07/31/2004,BNA,TN,ASO,CE,Towers with Radar,279,109,90,2,480,42,0,0,0,42,321,109,90,2,522,6,0,6,528
08/01/2004,BNA,TN,ASO,CE,Towers with Radar,240,114,88,2,444,0,0,31,0,31,240,114,119,2,475,6,0,6,481
08/02/2004,BNA,TN,ASO,CE,Towers with Radar,317,166,108,11,602,5,9,41,4,59,322,175,149,15,661,10,0,10,671
08/03/2004,BNA,TN,ASO,CE,Towers with Radar,347,184,121,13,665,0,9,48,1,58,347,193,169,14,723,3,0,3,726
08/04/2004,BNA,TN,ASO,CE,Towers with Radar,324,185,121,13,643,0,21,73,4,98,324,206,194,17,741,4,0,4,745
08/05/2004,BNA,TN,ASO,CE,Towers with Radar,349,205,139,15,708,0,0,30,2,32,349,205,169,17,740,7,0,7,747
08/06/2004,BNA,TN,ASO,CE,Towers with Radar,346,191,125,13,675,0,23,69,4,96,346,214,194,17,771,4,0,4,775
08/07/2004,BNA,TN,ASO,CE,Towers with Radar,267,109,91,10,477,52,0,35,0,87,319,109,126,10,564,0,0,0,564
08/08/2004,BNA,TN,ASO,CE,Towers with Radar,270,118,92,7,487,23,0,41,0,64,293,118,133,7,551,6,0,6,557
08/09/2004,BNA,TN,ASO,CE,Towers with Radar,308,161,106,11,586,18,1,18,7,44,326,162,124,18,630,2,0,2,632
08/10/2004,BNA,TN,ASO,CE,Towers with Radar,349,189,124,14,676,0,6,44,0,50,349,195,168,14,726,9,0,9,735
08/11/2004,BNA,TN,ASO,CE,Towers with Radar,322,189,124,12,647,0,9,65,0,74,322,198,189,12,721,10,0,10,731
08/12/2004,BNA,TN,ASO,CE,Towers with Radar,342,194,128,13,677,0,5,25,10,40,342,199,153,23,717,0,0,0,717
08/13/2004,BNA,TN,ASO,CE,Towers with Radar,347,184,121,12,664,0,23,41,6,70,347,207,162,18,734,40,0,40,774
08/14/2004,BNA,TN,ASO,CE,Towers with Radar,255,103,88,6,452,44,0,36,0,80,299,103,124,6,532,12,0,12,544
08/15/2004,BNA,TN,ASO,CE,Towers with Radar,240,121,83,8,452,46,0,24,0,70,286,121,107,8,522,2,0,2,524
08/16/2004,BNA,TN,ASO,CE,Towers with Radar,315,154,109,10,588,23,0,35,8,66,338,154,144,18,654,10,0,10,664
08/17/2004,BNA,TN,ASO,CE,Towers with Radar,339,179,119,9,646,0,23,38,0,61,339,202,157,9,707,8,0,8,715
08/18/2004,BNA,TN,ASO,CE,Towers with Radar,340,184,122,12,658,0,18,32,0,50,340,202,154,12,708,6,0,6,714
08/19/2004,BNA,TN,ASO,CE,Towers with Radar,347,189,128,13,677,0,0,72,5,77,347,189,200,18,754,13,0,13,767
08/20/2004,BNA,TN,ASO,CE,Towers with Radar,337,182,121,9,649,0,33,12,0,45,337,215,133,9,694,6,0,6,700
08/21/2004,BNA,TN,ASO,CE,Towers with Radar,269,125,75,8,477,40,0,0,0,40,309,125,75,8,517,1,0,1,518
08/22/2004,BNA,TN,ASO,CE,Towers with Radar,263,127,91,10,491,32,0,7,0,39,295,127,98,10,530,4,0,4,534
08/23/2004,BNA,TN,ASO,CE,Towers with Radar,314,155,108,11,588,3,0,33,1,37,317,155,141,12,625,2,0,2,627
08/24/2004,BNA,TN,ASO,CE,Towers with Radar,323,181,120,5,629,0,20,32,0,52,323,201,152,5,681,9,0,9,690
08/25/2004,BNA,TN,ASO,CE,Towers with Radar,321,185,123,11,640,0,4,57,0,61,321,189,180,11,701,8,0,8,709
08/26/2004,BNA,TN,ASO,CE,Towers with Radar,309,191,127,13,640,0,5,43,3,51,309,196,170,16,691,4,0,4,695
08/27/2004,BNA,TN,ASO,CE,Towers with Radar,313,162,108,11,594,29,44,66,4,143,342,206,174,15,737,18,0,18,755
08/28/2004,BNA,TN,ASO,CE,Towers with Radar,250,109,86,8,453,65,0,3,0,68,315,109,89,8,521,17,0,17,538
08/29/2004,BNA,TN,ASO,CE,Towers with Radar,251,124,86,4,465,34,0,1,0,35,285,124,87,4,500,0,0,0,500
08/30/2004,BNA,TN,ASO,CE,Towers with Radar,328,155,116,12,611,0,0,32,8,40,328,155,148,20,651,8,0,8,659
08/31/2004,BNA,TN,ASO,CE,Towers with Radar,351,195,128,14,688,0,7,26,8,41,351,202,154,22,729,13,0,13,742
09/01/2004,BNA,TN,ASO,CE,Towers with Radar,340,191,148,13,692,0,18,33,20,71,340,209,181,33,763,18,0,18,781
09/02/2004,BNA,TN,ASO,CE,Towers with Radar,332,195,150,11,688,0,10,12,0,22,332,205,162,11,710,10,0,10,720
09/03/2004,BNA,TN,ASO,CE,Towers with Radar,354,204,157,15,730,0,19,26,11,56,354,223,183,26,786,3,0,3,789
09/04/2004,BNA,TN,ASO,CE,Towers with Radar,238,93,95,9,435,51,0,3,2,56,289,93,98,11,491,2,0,2,493
09/05/2004,BNA,TN,ASO,CE,Towers with Radar,191,93,76,8,368,26,0,23,10,59,217,93,99,18,427,0,0,0,427
09/06/2004,BNA,TN,ASO,CE,Towers with Radar,232,122,92,9,455,29,10,37,5,81,261,132,129,14,536,5,0,5,541
09/07/2004,BNA,TN,ASO,CE,Towers with Radar,309,162,124,10,605,3,0,32,0,35,312,162,156,10,640,2,0,2,642
09/08/2004,BNA,TN,ASO,CE,Towers with Radar,341,189,144,14,688,0,36,67,11,114,341,225,211,25,802,6,0,6,808
09/09/2004,BNA,TN,ASO,CE,Towers with Radar,341,207,158,15,721,0,17,10,6,33,341,224,168,21,754,0,0,0,754
09/10/2004,BNA,TN,ASO,CE,Towers with Radar,351,193,147,12,703,0,5,50,0,55,351,198,197,12,758,16,0,16,774
09/11/2004,BNA,TN,ASO,CE,Towers with Radar,276,112,110,7,505,59,0,17,0,76,335,112,127,7,581,2,0,2,583
09/12/2004,BNA,TN,ASO,CE,Towers with Radar,248,120,95,6,469,43,0,0,0,43,291,120,95,6,512,5,0,5,517
09/13/2004,BNA,TN,ASO,CE,Towers with Radar,314,157,126,12,609,15,0,9,2,26,329,157,135,14,635,6,0,6,641
09/14/2004,BNA,TN,ASO,CE,Towers with Radar,334,189,144,14,681,0,19,41,7,67,334,208,185,21,748,16,0,16,764
09/15/2004,BNA,TN,ASO,CE,Towers with Radar,335,189,145,14,683,0,27,51,3,81,335,216,196,17,764,8,0,8,772
09/16/2004,BNA,TN,ASO,CE,Towers with Radar,322,169,93,12,596,40,23,0,0,63,362,192,93,12,659,4,0,4,663
09/17/2004,BNA,TN,ASO,CE,Towers with Radar,289,151,98,11,549,39,37,0,4,80,328,188,98,15,629,9,0,9,638
09/18/2004,BNA,TN,ASO,CE,Towers with Radar,258,113,103,6,480,64,0,41,0,105,322,113,144,6,585,7,0,7,592
09/19/2004,BNA,TN,ASO,CE,Towers with Radar,287,136,115,10,548,6,0,95,4,105,293,136,210,14,653,51,0,51,704
09/20/2004,BNA,TN,ASO,CE,Towers with Radar,295,147,118,10,570,30,0,63,1,94,325,147,181,11,664,6,0,6,670
09/21/2004,BNA,TN,ASO,CE,Towers with Radar,336,188,146,9,679,0,8,63,0,71,336,196,209,9,750,6,0,6,756
09/22/2004,BNA,TN,ASO,CE,Towers with Radar,339,185,143,12,679,0,16,42,3,61,339,201,185,15,740,11,0,11,751
09/23/2004,BNA,TN,ASO,CE,Towers with Radar,344,195,152,13,704,0,0,78,7,85,344,195,230,20,789,5,0,5,794
09/24/2004,BNA,TN,ASO,CE,Towers with Radar,352,194,150,13,709,0,3,63,0,66,352,197,213,13,775,12,0,12,787
09/25/2004,BNA,TN,ASO,CE,Towers with Radar,254,111,102,9,476,52,0,41,0,93,306,111,143,9,569,4,0,4,573
09/26/2004,BNA,TN,ASO,CE,Towers with Radar,254,99,102,9,464,23,0,61,4,88,277,99,163,13,552,7,0,7,559
09/27/2004,BNA,TN,ASO,CE,Towers with Radar,313,143,126,11,593,23,0,42,9,74,336,143,168,20,667,6,0,6,673
09/28/2004,BNA,TN,ASO,CE,Towers with Radar,340,186,143,12,681,0,14,38,0,52,340,200,181,12,733,2,0,2,735
09/29/2004,BNA,TN,ASO,CE,Towers with Radar,338,198,153,15,704,0,6,48,5,59,338,204,201,20,763,28,0,28,791
09/30/2004,BNA,TN,ASO,CE,Towers with Radar,342,203,157,15,717,0,10,78,3,91,342,213,235,18,808,12,0,12,820
10/01/2004,BNA,TN,ASO,CE,Combined TRACON& Tower with Radar,341,192,170,14,717,1,1,38,6,46,342,193,208,20,763,2,0,2,765
10/02/2004,BNA,TN,ASO,CE,Combined TRACON& Tower with Radar,309,116,82,10,517,2,1,7,1,11,311,117,89,11,528,2,0,2,530
10/03/2004,BNA,TN,ASO,CE,Combined TRACON& Tower with Radar,284,135,149,14,582,3,1,46,2,52,287,136,195,16,634,3,0,3,637
10/04/2004,BNA,TN,ASO,CE,Combined TRACON& Tower with Radar,331,150,83,16,580,1,5,34,7,47,332,155,117,23,627,0,0,0,627
10/05/2004,BNA,TN,ASO,CE,Combined TRACON& Tower with Radar,336,204,140,13,693,1,7,72,4,84,337,211,212,17,777,8,0,8,785
10/06/2004,BNA,TN,ASO,CE,Combined TRACON& Tower with Radar,336,207,168,17,728,1,3,44,4,52,337,210,212,21,780,1,0,1,781
10/07/2004,BNA,TN,ASO,CE,Combined TRACON& Tower with Radar,343,222,143,18,726,0,2,47,6,55,343,224,190,24,781,0,22,22,803
10/08/2004,BNA,TN,ASO,CE,Combined TRACON& Tower with Radar,346,208,156,18,728,0,1,48,2,51,346,209,204,20,779,14,0,14,793
10/09/2004,BNA,TN,ASO,CE,Combined TRACON& Tower with Radar,318,143,96,16,573,3,2,12,1,18,321,145,108,17,591,7,0,7,598
10/10/2004,BNA,TN,ASO,CE,Combined TRACON& Tower with Radar,285,152,126,3,566,1,1,23,2,27,286,153,149,5,593,10,0,10,603
10/11/2004,BNA,TN,ASO,CE,Combined TRACON& Tower with Radar,270,159,101,4,534,2,0,18,2,22,272,159,119,6,556,2,0,2,558
10/12/2004,BNA,TN,ASO,CE,Combined TRACON& Tower with Radar,333,190,153,8,684,2,1,8,0,11,335,191,161,8,695,18,0,18,713
10/13/2004,BNA,TN,ASO,CE,Combined TRACON& Tower with Radar,341,229,168,16,754,0,0,2,0,2,341,229,170,16,756,0,0,0,756
10/14/2004,BNA,TN,ASO,CE,Combined TRACON& Tower with Radar,336,211,172,17,736,0,2,13,0,15,336,213,185,17,751,4,0,4,755
10/15/2004,BNA,TN,ASO,CE,Combined TRACON& Tower with Radar,343,197,134,15,689,0,3,41,4,48,343,200,175,19,737,13,0,13,750
10/16/2004,BNA,TN,ASO,CE,Combined TRACON& Tower with Radar,318,125,82,4,529,0,1,33,1,35,318,126,115,5,564,19,0,19,583
10/17/2004,BNA,TN,ASO,CE,Combined TRACON& Tower with Radar,287,128,152,11,578,0,1,44,0,45,287,129,196,11,623,2,0,2,625
10/18/2004,BNA,TN,ASO,CE,Combined TRACON& Tower with Radar,319,158,122,9,608,0,0,7,0,7,319,158,129,9,615,6,0,6,621
10/19/2004,BNA,TN,ASO,CE,Combined TRACON& Tower with Radar,324,197,132,0,653,1,2,8,6,17,325,199,140,6,670,6,0,6,676
10/20/2004,BNA,TN,ASO,CE,Combined TRACON& Tower with Radar,324,197,132,6,659,19,38,39,5,101,343,235,171,11,760,4,0,4,764
10/21/2004,BNA,TN,ASO,CE,Combined TRACON& Tower with Radar,331,230,161,10,732,0,0,0,8,8,331,230,161,18,740,20,0,20,760
10/22/2004,BNA,TN,ASO,CE,Combined TRACON& Tower with Radar,345,212,127,8,692,1,0,1,0,2,346,212,128,8,694,6,0,6,700
10/23/2004,BNA,TN,ASO,CE,Combined TRACON& Tower with Radar,259,102,63,4,428,0,0,4,0,4,259,102,67,4,432,0,0,0,432
10/24/2004,BNA,TN,ASO,CE,Combined TRACON& Tower with Radar,280,145,103,7,535,0,0,28,1,29,280,145,131,8,564,3,0,3,567
10/25/2004,BNA,TN,ASO,CE,Combined TRACON& Tower with Radar,331,154,135,17,637,0,3,60,2,65,331,157,195,19,702,0,0,0,702
10/26/2004,BNA,TN,ASO,CE,Combined TRACON& Tower with Radar,336,211,146,9,702,4,1,21,1,27,340,212,167,10,729,0,0,0,729
10/27/2004,BNA,TN,ASO,CE,Combined TRACON& Tower with Radar,333,215,179,7,734,0,5,20,3,28,333,220,199,10,762,0,0,0,762
10/28/2004,BNA,TN,ASO,CE,Combined TRACON& Tower with Radar,334,224,142,18,718,0,0,8,3,11,334,224,150,21,729,4,0,4,733
10/29/2004,BNA,TN,ASO,CE,Combined TRACON& Tower with Radar,344,199,114,14,671,0,1,43,0,44,344,200,157,14,715,12,0,12,727
10/30/2004,BNA,TN,ASO,CE,Combined TRACON& Tower with Radar,316,111,83,2,512,0,0,22,0,22,316,111,105,2,534,3,0,3,537
10/31/2004,BNA,TN,ASO,CE,Combined TRACON& Tower with Radar,261,121,86,3,471,0,0,28,0,28,261,121,114,3,499,0,0,0,499
11/01/2004,BNA,TN,ASO,CE,Combined TRACON& Tower with Radar,307,144,117,7,575,0,0,21,2,23,307,144,138,9,598,0,0,0,598
11/02/2004,BNA,TN,ASO,CE,Combined TRACON& Tower with Radar,343,178,112,17,650,2,0,17,2,21,345,178,129,19,671,6,0,6,677
11/03/2004,BNA,TN,ASO,CE,Combined TRACON& Tower with Radar,348,194,139,12,693,0,0,3,0,3,348,194,142,12,696,1,0,1,697
11/04/2004,BNA,TN,ASO,CE,Combined TRACON& Tower with Radar,347,208,133,17,705,0,3,21,2,26,347,211,154,19,731,0,0,0,731
11/05/2004,BNA,TN,ASO,CE,Combined TRACON& Tower with Radar,339,205,145,17,706,3,3,47,174,227,342,208,192,191,933,12,0,12,945
11/06/2004,BNA,TN,ASO,CE,Combined TRACON& Tower with Radar,305,137,74,12,528,0,1,50,6,57,305,138,124,18,585,5,0,5,590
11/07/2004,BNA,TN,ASO,CE,Combined TRACON& Tower with Radar,276,114,116,5,511,1,0,60,1,62,277,114,176,6,573,3,0,3,576
11/08/2004,BNA,TN,ASO,CE,Combined TRACON& Tower with Radar,336,153,157,16,662,1,3,43,2,49,337,156,200,18,711,5,0,5,716
11/09/2004,BNA,TN,ASO,CE,Combined TRACON& Tower with Radar,351,189,135,12,687,0,1,54,3,58,351,190,189,15,745,4,0,4,749
11/10/2004,BNA,TN,ASO,CE,Combined TRACON& Tower with Radar,354,186,162,26,728,0,3,43,2,48,354,189,205,28,776,4,0,4,780
11/11/2004,BNA,TN,ASO,CE,Combined TRACON& Tower with Radar,353,164,123,7,647,0,1,2,1,4,353,165,125,8,651,2,0,2,653
11/12/2004,BNA,TN,ASO,CE,Combined TRACON& Tower with Radar,361,157,117,10,645,0,0,1,0,1,361,157,118,10,646,2,0,2,648
11/13/2004,BNA,TN,ASO,CE,Combined TRACON& Tower with Radar,306,123,88,6,523,0,1,36,0,37,306,124,124,6,560,11,0,11,571
11/14/2004,BNA,TN,ASO,CE,Combined TRACON& Tower with Radar,288,113,118,7,526,0,0,47,1,48,288,113,165,8,574,18,0,18,592
11/15/2004,BNA,TN,ASO,CE,Combined TRACON& Tower with Radar,339,145,102,11,597,1,2,39,1,43,340,147,141,12,640,14,0,14,654
11/16/2004,BNA,TN,ASO,CE,Combined TRACON& Tower with Radar,352,196,151,9,708,0,5,34,2,41,352,201,185,11,749,5,0,5,754
11/17/2004,BNA,TN,ASO,CE,Combined TRACON& Tower with Radar,310,163,154,11,638,0,2,31,0,33,310,165,185,11,671,7,0,7,678
11/18/2004,BNA,TN,ASO,CE,Combined TRACON& Tower with Radar,357,194,179,15,745,4,2,36,3,45,361,196,215,18,790,14,0,14,804
11/19/2004,BNA,TN,ASO,CE,Combined TRACON& Tower with Radar,347,193,178,16,734,0,1,9,0,10,347,194,187,16,744,4,0,4,748
11/20/2004,BNA,TN,ASO,CE,Combined TRACON& Tower with Radar,314,125,66,6,511,0,0,18,0,18,314,125,84,6,529,0,0,0,529
11/21/2004,BNA,TN,ASO,CE,Combined TRACON& Tower with Radar,289,117,83,10,499,0,0,10,0,10,289,117,93,10,509,2,0,2,511
11/22/2004,BNA,TN,ASO,CE,Combined TRACON& Tower with Radar,325,142,86,13,566,0,1,2,0,3,325,143,88,13,569,6,0,6,575
11/23/2004,BNA,TN,ASO,CE,Combined TRACON& Tower with Radar,351,205,128,12,696,0,0,1,0,1,351,205,129,12,697,4,0,4,701
11/24/2004,BNA,TN,ASO,CE,Combined TRACON& Tower with Radar,350,188,101,5,644,0,1,10,0,11,350,189,111,5,655,2,0,2,657
11/25/2004,BNA,TN,ASO,CE,Combined TRACON& Tower with Radar,304,126,33,3,466,1,1,15,0,17,305,127,48,3,483,3,0,3,486
11/26/2004,BNA,TN,ASO,CE,Combined TRACON& Tower with Radar,243,125,70,1,439,1,3,42,1,47,244,128,112,2,486,14,0,14,500
11/27/2004,BNA,TN,ASO,CE,Combined TRACON& Tower with Radar,279,110,59,1,449,0,0,1,0,1,279,110,60,1,450,2,0,2,452
11/28/2004,BNA,TN,ASO,CE,Combined TRACON& Tower with Radar,296,126,123,6,551,0,0,52,1,53,296,126,175,7,604,8,0,8,612
11/29/2004,BNA,TN,ASO,CE,Combined TRACON& Tower with Radar,351,150,134,18,653,0,1,29,1,31,351,151,163,19,684,0,0,0,684
11/30/2004,BNA,TN,ASO,CE,Combined TRACON& Tower with Radar,361,185,100,8,654,0,1,0,0,1,361,186,100,8,655,0,0,0,655
12/01/2004,BNA,TN,ASO,CE,Combined TRACON& Tower with Radar,354,187,134,11,686,1,5,31,3,40,355,192,165,14,726,22,0,22,748
12/02/2004,BNA,TN,ASO,CE,Combined TRACON& Tower with Radar,358,205,139,13,715,1,4,23,2,30,359,209,162,15,745,3,0,3,748
12/03/2004,BNA,TN,ASO,CE,Combined TRACON& Tower with Radar,353,201,125,13,692,2,1,58,2,63,355,202,183,15,755,19,0,19,774
12/04/2004,BNA,TN,ASO,CE,Combined TRACON& Tower with Radar,296,112,82,10,500,0,1,60,1,62,296,113,142,11,562,0,0,0,562
12/05/2004,BNA,TN,ASO,CE,Combined TRACON& Tower with Radar,280,109,84,6,479,0,4,58,5,67,280,113,142,11,546,6,0,6,552
12/06/2004,BNA,TN,ASO,CE,Combined TRACON& Tower with Radar,316,158,130,8,612,0,0,1,0,1,316,158,131,8,613,2,0,2,615
12/07/2004,BNA,TN,ASO,CE,Combined TRACON& Tower with Radar,349,188,114,3,654,0,2,15,1,18,349,190,129,4,672,0,0,0,672
12/08/2004,BNA,TN,ASO,CE,Combined TRACON& Tower with Radar,351,201,159,12,723,4,2,59,3,68,355,203,218,15,791,15,0,15,806
12/09/2004,BNA,TN,ASO,CE,Combined TRACON& Tower with Radar,343,209,119,15,686,0,0,1,3,4,343,209,120,18,690,6,0,6,696
12/10/2004,BNA,TN,ASO,CE,Combined TRACON& Tower with Radar,350,179,117,13,659,1,0,2,2,5,351,179,119,15,664,5,0,5,669
12/11/2004,BNA,TN,ASO,CE,Combined TRACON& Tower with Radar,294,120,55,6,475,0,0,0,2,2,294,120,55,8,477,4,0,4,481
12/12/2004,BNA,TN,ASO,CE,Combined TRACON& Tower with Radar,273,119,61,1,454,0,0,34,0,34,273,119,95,1,488,13,0,13,501
12/13/2004,BNA,TN,ASO,CE,Combined TRACON& Tower with Radar,322,143,132,10,607,0,1,35,0,36,322,144,167,10,643,6,0,6,649
12/14/2004,BNA,TN,ASO,CE,Combined TRACON& Tower with Radar,349,191,136,11,687,2,3,27,5,37,351,194,163,16,724,9,0,9,733
12/15/2004,BNA,TN,ASO,CE,Combined TRACON& Tower with Radar,342,196,108,12,658,4,1,56,4,65,346,197,164,16,723,15,0,15,738
12/16/2004,BNA,TN,ASO,CE,Combined TRACON& Tower with Radar,357,178,120,17,672,2,3,49,6,60,359,181,169,23,732,16,0,16,748
12/17/2004,BNA,TN,ASO,CE,Combined TRACON& Tower with Radar,358,178,126,11,673,2,2,48,3,55,360,180,174,14,728,0,0,0,728
12/18/2004,BNA,TN,ASO,CE,Combined TRACON& Tower with Radar,290,122,62,5,479,0,1,36,2,39,290,123,98,7,518,6,0,6,524
12/19/2004,BNA,TN,ASO,CE,Combined TRACON& Tower with Radar,246,110,40,2,398,0,1,4,1,6,246,111,44,3,404,10,0,10,414
12/20/2004,BNA,TN,ASO,CE,Combined TRACON& Tower with Radar,337,128,86,13,564,0,4,36,1,41,337,132,122,14,605,3,0,3,608
12/21/2004,BNA,TN,ASO,CE,Combined TRACON& Tower with Radar,355,182,128,17,682,0,1,15,1,17,355,183,143,18,699,0,0,0,699
12/22/2004,BNA,TN,ASO,CE,Combined TRACON& Tower with Radar,334,172,65,7,578,0,1,2,0,3,334,173,67,7,581,14,0,14,595
12/23/2004,BNA,TN,ASO,CE,Combined TRACON& Tower with Radar,309,152,76,0,537,0,0,0,0,0,309,152,76,0,537,0,0,0,537
12/24/2004,BNA,TN,ASO,CE,Combined TRACON& Tower with Radar,332,167,47,0,546,0,1,13,0,14,332,168,60,0,560,2,0,2,562
12/25/2004,BNA,TN,ASO,CE,Combined TRACON& Tower with Radar,246,94,32,1,373,0,1,3,0,4,246,95,35,1,377,3,0,3,380
12/26/2004,BNA,TN,ASO,CE,Combined TRACON& Tower with Radar,284,114,83,1,482,0,0,28,0,28,284,114,111,1,510,0,0,0,510
12/27/2004,BNA,TN,ASO,CE,Combined TRACON& Tower with Radar,341,139,91,1,572,0,4,20,0,24,341,143,111,1,596,5,0,5,601
12/28/2004,BNA,TN,ASO,CE,Combined TRACON& Tower with Radar,336,182,102,4,624,0,2,33,2,37,336,184,135,6,661,5,0,5,666
12/29/2004,BNA,TN,ASO,CE,Combined TRACON& Tower with Radar,357,176,97,6,636,0,0,19,0,19,357,176,116,6,655,0,0,0,655
12/30/2004,BNA,TN,ASO,CE,Combined TRACON& Tower with Radar,355,165,86,1,607,0,3,33,2,38,355,168,119,3,645,9,0,9,654
12/31/2004,BNA,TN,ASO,CE,Combined TRACON& Tower with Radar,322,161,108,1,592,0,2,22,2,26,322,163,130,3,618,1,0,1,619
01/01/2005,BNA,TN,ASO,CE,Combined TRACON& Tower with Radar,258,87,37,1,383,0,0,15,0,15,258,87,52,1,398,0,0,0,398
01/02/2005,BNA,TN,ASO,CE,Combined TRACON& Tower with Radar,290,111,95,3,499,0,0,13,0,13,290,111,108,3,512,2,0,2,514
01/03/2005,BNA,TN,ASO,CE,Combined TRACON& Tower with Radar,333,151,79,2,565,0,1,13,0,14,333,152,92,2,579,0,0,0,579
01/04/2005,BNA,TN,ASO,CE,Combined TRACON& Tower with Radar,357,197,69,12,635,1,0,4,1,6,358,197,73,13,641,5,0,5,646
01/05/2005,BNA,TN,ASO,CE,Combined TRACON& Tower with Radar,338,201,109,14,662,0,2,8,1,11,338,203,117,15,673,2,0,2,675
01/06/2005,BNA,TN,ASO,CE,Combined TRACON& Tower with Radar,358,178,87,14,637,0,3,5,2,10,358,181,92,16,647,3,0,3,650
01/07/2005,BNA,TN,ASO,CE,Combined TRACON& Tower with Radar,335,180,86,14,615,0,0,0,0,0,335,180,86,14,615,4,0,4,619
01/08/2005,BNA,TN,ASO,CE,Combined TRACON& Tower with Radar,296,122,82,12,512,0,0,2,0,2,296,122,84,12,514,0,0,0,514
01/09/2005,BNA,TN,ASO,CE,Combined TRACON& Tower with Radar,277,106,76,2,461,0,0,39,1,40,277,106,115,3,501,14,0,14,515
01/10/2005,BNA,TN,ASO,CE,Combined TRACON& Tower with Radar,335,141,96,13,585,0,0,18,2,20,335,141,114,15,605,2,0,2,607
01/11/2005,BNA,TN,ASO,CE,Combined TRACON& Tower with Radar,341,183,102,14,640,0,2,0,0,2,341,185,102,14,642,2,0,2,644
01/12/2005,BNA,TN,ASO,CE,Combined TRACON& Tower with Radar,331,182,144,11,668,0,0,16,2,18,331,182,160,13,686,8,0,8,694
01/13/2005,BNA,TN,ASO,CE,Combined TRACON& Tower with Radar,276,130,86,5,497,0,1,0,0,1,276,131,86,5,498,3,0,3,501
01/14/2005,BNA,TN,ASO,CE,Combined TRACON& Tower with Radar,349,183,135,19,686,4,1,27,1,33,353,184,162,20,719,6,0,6,725
01/15/2005,BNA,TN,ASO,CE,Combined TRACON& Tower with Radar,292,122,70,8,492,0,0,46,2,48,292,122,116,10,540,2,0,2,542
01/16/2005,BNA,TN,ASO,CE,Combined TRACON& Tower with Radar,259,104,49,5,417,0,0,5,1,6,259,104,54,6,423,0,0,0,423
01/17/2005,BNA,TN,ASO,CE,Combined TRACON& Tower with Radar,332,133,113,1,579,0,1,23,0,24,332,134,136,1,603,22,0,22,625
01/18/2005,BNA,TN,ASO,CE,Combined TRACON& Tower with Radar,347,159,116,11,633,0,3,19,4,26,347,162,135,15,659,6,0,6,665
01/19/2005,BNA,TN,ASO,CE,Combined TRACON& Tower with Radar,334,188,129,12,663,3,2,38,2,45,337,190,167,14,708,6,0,6,714
01/20/2005,BNA,TN,ASO,CE,Combined TRACON& Tower with Radar,344,184,143,18,689,2,1,38,2,43,346,185,181,20,732,6,0,6,738
01/21/2005,BNA,TN,ASO,CE,Combined TRACON& Tower with Radar,348,186,160,13,707,3,0,20,5,28,351,186,180,18,735,10,0,10,745
01/22/2005,BNA,TN,ASO,CE,Combined TRACON& Tower with Radar,295,103,57,9,464,0,0,1,0,1,295,103,58,9,465,0,0,0,465
01/23/2005,BNA,TN,ASO,CE,Combined TRACON& Tower with Radar,239,89,59,4,391,0,1,18,0,19,239,90,77,4,410,2,0,2,412
01/24/2005,BNA,TN,ASO,CE,Combined TRACON& Tower with Radar,317,151,87,13,568,1,0,35,0,36,318,151,122,13,604,5,0,5,609
01/25/2005,BNA,TN,ASO,CE,Combined TRACON& Tower with Radar,347,199,102,7,655,5,1,36,2,44,352,200,138,9,699,6,0,6,705
01/26/2005,BNA,TN,ASO,CE,Combined TRACON& Tower with Radar,320,198,134,14,666,0,2,25,5,32,320,200,159,19,698,0,0,0,698
01/27/2005,BNA,TN,ASO,CE,Combined TRACON& Tower with Radar,346,196,139,14,695,0,1,28,4,33,346,197,167,18,728,0,0,0,728
01/28/2005,BNA,TN,ASO,CE,Combined TRACON& Tower with Radar,339,180,141,11,671,4,1,39,3,47,343,181,180,14,718,6,0,6,724
01/29/2005,BNA,TN,ASO,CE,Combined TRACON& Tower with Radar,292,103,28,3,426,0,0,0,0,0,292,103,28,3,426,0,0,0,426
01/30/2005,BNA,TN,ASO,CE,Combined TRACON& Tower with Radar,281,109,72,3,465,0,0,4,0,4,281,109,76,3,469,2,0,2,471
01/31/2005,BNA,TN,ASO,CE,Combined TRACON& Tower with Radar,319,143,96,8,566,0,0,5,1,6,319,143,101,9,572,2,0,2,574
02/01/2005,BNA,TN,ASO,CE,Combined TRACON& Tower with Radar,335,194,126,8,663,0,1,2,2,5,335,195,128,10,668,0,0,0,668
02/02/2005,BNA,TN,ASO,CE,Combined TRACON& Tower with Radar,336,179,139,18,672,0,1,2,1,4,336,180,141,19,676,2,0,2,678
02/03/2005,BNA,TN,ASO,CE,Combined TRACON& Tower with Radar,342,209,145,3,699,2,0,4,0,6,344,209,149,3,705,0,0,0,705
02/04/2005,BNA,TN,ASO,CE,Combined TRACON& Tower with Radar,341,201,143,7,692,2,0,32,2,36,343,201,175,9,728,4,0,4,732
02/05/2005,BNA,TN,ASO,CE,Combined TRACON& Tower with Radar,309,108,67,0,484,2,0,68,1,71,311,108,135,1,555,3,0,3,558
02/06/2005,BNA,TN,ASO,CE,Combined TRACON& Tower with Radar,282,121,68,2,473,0,0,42,0,42,282,121,110,2,515,1,0,1,516
02/07/2005,BNA,TN,ASO,CE,Combined TRACON& Tower with Radar,317,145,120,10,592,0,0,18,1,19,317,145,138,11,611,5,0,5,616
02/08/2005,BNA,TN,ASO,CE,Combined TRACON& Tower with Radar,345,187,135,8,675,1,4,6,0,11,346,191,141,8,686,1,0,1,687
02/09/2005,BNA,TN,ASO,CE,Combined TRACON& Tower with Radar,331,201,133,8,673,0,2,0,0,2,331,203,133,8,675,12,0,12,687
02/10/2005,BNA,TN,ASO,CE,Combined TRACON& Tower with Radar,344,199,147,10,700,1,2,17,3,23,345,201,164,13,723,12,0,12,735
02/11/2005,BNA,TN,ASO,CE,Combined TRACON& Tower with Radar,345,195,141,13,694,1,2,53,2,58,346,197,194,15,752,8,0,8,760
02/12/2005,BNA,TN,ASO,CE,Combined TRACON& Tower with Radar,304,108,69,2,483,1,0,49,0,50,305,108,118,2,533,4,0,4,537
02/13/2005,BNA,TN,ASO,CE,Combined TRACON& Tower with Radar,294,113,66,6,479,0,0,1,0,1,294,113,67,6,480,0,0,0,480
02/14/2005,BNA,TN,ASO,CE,Combined TRACON& Tower with Radar,328,135,110,11,584,2,2,12,1,17,330,137,122,12,601,2,0,2,603
02/15/2005,BNA,TN,ASO,CE,Combined TRACON& Tower with Radar,346,189,128,10,673,2,1,28,1,32,348,190,156,11,705,10,0,10,715
02/16/2005,BNA,TN,ASO,CE,Combined TRACON& Tower with Radar,338,201,152,12,703,0,1,22,7,30,338,202,174,19,733,2,0,2,735
02/17/2005,BNA,TN,ASO,CE,Combined TRACON& Tower with Radar,291,170,140,13,614,3,0,45,1,49,294,170,185,14,663,2,0,2,665
02/18/2005,BNA,TN,ASO,CE,Combined TRACON& Tower with Radar,344,187,141,8,680,1,2,43,1,47,345,189,184,9,727,0,0,0,727
02/19/2005,BNA,TN,ASO,CE,Combined TRACON& Tower with Radar,306,115,76,4,501,0,1,36,0,37,306,116,112,4,538,8,0,8,546
02/20/2005,BNA,TN,ASO,CE,Combined TRACON& Tower with Radar,288,103,59,3,453,0,0,2,0,2,288,103,61,3,455,0,0,0,455
02/21/2005,BNA,TN,ASO,CE,Combined TRACON& Tower with Radar,308,141,101,2,552,0,0,9,0,9,308,141,110,2,561,0,0,0,561
02/22/2005,BNA,TN,ASO,CE,Combined TRACON& Tower with Radar,346,170,112,7,635,0,1,13,2,16,346,171,125,9,651,2,0,2,653
02/23/2005,BNA,TN,ASO,CE,Combined TRACON& Tower with Radar,351,189,130,18,688,0,0,30,0,30,351,189,160,18,718,2,0,2,720
02/24/2005,BNA,TN,ASO,CE,Combined TRACON& Tower with Radar,327,201,141,14,683,0,1,16,1,18,327,202,157,15,701,6,0,6,707
02/25/2005,BNA,TN,ASO,CE,Combined TRACON& Tower with Radar,333,207,136,18,694,4,1,50,1,56,337,208,186,19,750,0,0,0,750
02/26/2005,BNA,TN,ASO,CE,Combined TRACON& Tower with Radar,305,123,78,8,514,0,3,51,2,56,305,126,129,10,570,14,0,14,584
02/27/2005,BNA,TN,ASO,CE,Combined TRACON& Tower with Radar,284,114,64,3,465,0,1,24,1,26,284,115,88,4,491,13,0,13,504
02/28/2005,BNA,TN,ASO,CE,Combined TRACON& Tower with Radar,305,136,107,12,560,0,0,3,0,3,305,136,110,12,563,0,0,0,563
03/01/2005,BNA,TN,ASO,CE,Combined TRACON& Tower with Radar,326,182,134,12,654,0,2,16,0,18,326,184,150,12,672,2,0,2,674
03/02/2005,BNA,TN,ASO,CE,Combined TRACON& Tower with Radar,345,195,147,12,699,5,1,37,5,48,350,196,184,17,747,6,0,6,753
03/03/2005,BNA,TN,ASO,CE,Combined TRACON& Tower with Radar,335,202,139,11,687,0,1,52,6,59,335,203,191,17,746,6,0,6,752
03/04/2005,BNA,TN,ASO,CE,Combined TRACON& Tower with Radar,351,195,154,14,714,0,5,35,2,42,351,200,189,16,756,2,0,2,758
03/05/2005,BNA,TN,ASO,CE,Combined TRACON& Tower with Radar,315,105,81,6,507,0,6,42,0,48,315,111,123,6,555,12,0,12,567
03/06/2005,BNA,TN,ASO,CE,Combined TRACON& Tower with Radar,241,151,67,5,464,0,2,42,6,50,241,153,109,11,514,0,0,0,514
03/07/2005,BNA,TN,ASO,CE,Combined TRACON& Tower with Radar,276,183,88,6,553,0,3,8,1,12,276,186,96,7,565,0,0,0,565
03/08/2005,BNA,TN,ASO,CE,Combined TRACON& Tower with Radar,291,218,111,3,623,0,2,16,3,21,291,220,127,6,644,0,0,0,644
03/09/2005,BNA,TN,ASO,CE,Combined TRACON& Tower with Radar,293,238,141,12,684,0,3,23,3,29,293,241,164,15,713,3,0,3,716
03/10/2005,BNA,TN,ASO,CE,Combined TRACON& Tower with Radar,297,236,145,15,693,0,1,40,5,46,297,237,185,20,739,2,0,2,741
03/11/2005,BNA,TN,ASO,CE,Combined TRACON& Tower with Radar,303,226,95,9,633,0,7,16,2,25,303,233,111,11,658,4,0,4,662
03/12/2005,BNA,TN,ASO,CE,Combined TRACON& Tower with Radar,261,160,50,2,473,0,5,28,1,34,261,165,78,3,507,0,0,0,507
03/13/2005,BNA,TN,ASO,CE,Combined TRACON& Tower with Radar,251,148,72,6,477,0,4,32,0,36,251,152,104,6,513,0,0,0,513
03/14/2005,BNA,TN,ASO,CE,Combined TRACON& Tower with Radar,282,194,90,12,578,0,1,33,3,37,282,195,123,15,615,0,0,0,615
03/15/2005,BNA,TN,ASO,CE,Combined TRACON& Tower with Radar,294,234,109,8,645,0,9,33,3,45,294,243,142,11,690,0,0,0,690
03/16/2005,BNA,TN,ASO,CE,Combined TRACON& Tower with Radar,302,241,121,11,675,0,6,3,3,12,302,247,124,14,687,0,0,0,687
03/17/2005,BNA,TN,ASO,CE,Combined TRACON& Tower with Radar,301,237,125,10,673,0,2,31,5,38,301,239,156,15,711,0,0,0,711
03/18/2005,BNA,TN,ASO,CE,Combined TRACON& Tower with Radar,302,239,159,13,713,0,3,40,3,46,302,242,199,16,759,1,0,1,760
03/19/2005,BNA,TN,ASO,CE,Combined TRACON& Tower with Radar,267,165,85,2,519,0,2,14,0,16,267,167,99,2,535,3,0,3,538
03/20/2005,BNA,TN,ASO,CE,Combined TRACON& Tower with Radar,253,151,114,5,523,0,2,47,0,49,253,153,161,5,572,2,0,2,574
03/21/2005,BNA,TN,ASO,CE,Combined TRACON& Tower with Radar,286,186,98,10,580,0,0,31,0,31,286,186,129,10,611,2,0,2,613
03/22/2005,BNA,TN,ASO,CE,Combined TRACON& Tower with Radar,291,229,82,3,605,0,2,16,1,19,291,231,98,4,624,5,1,6,630
03/23/2005,BNA,TN,ASO,CE,Combined TRACON& Tower with Radar,305,241,129,9,684,0,2,16,0,18,305,243,145,9,702,2,0,2,704
03/24/2005,BNA,TN,ASO,CE,Combined TRACON& Tower with Radar,301,227,153,10,691,0,0,20,5,25,301,227,173,15,716,3,0,3,719
03/25/2005,BNA,TN,ASO,CE,Combined TRACON& Tower with Radar,295,216,103,0,614,0,2,49,0,51,295,218,152,0,665,4,0,4,669
03/26/2005,BNA,TN,ASO,CE,Combined TRACON& Tower with Radar,260,157,48,0,465,0,3,37,0,40,260,160,85,0,505,5,0,5,510
03/27/2005,BNA,TN,ASO,CE,Combined TRACON& Tower with Radar,248,138,36,4,426,0,0,2,0,2,248,138,38,4,428,0,0,0,428
03/28/2005,BNA,TN,ASO,CE,Combined TRACON& Tower with Radar,293,193,91,11,588,0,0,0,0,0,293,193,91,11,588,0,0,0,588
03/29/2005,BNA,TN,ASO,CE,Combined TRACON& Tower with Radar,307,214,109,7,637,0,0,0,0,0,307,214,109,7,637,68,2,70,707
03/30/2005,BNA,TN,ASO,CE,Combined TRACON& Tower with Radar,298,229,139,13,679,0,5,62,3,70,298,234,201,16,749,8,0,8,757
03/31/2005,BNA,TN,ASO,CE,Combined TRACON& Tower with Radar,297,222,112,8,639,0,3,49,4,56,297,225,161,12,695,0,0,0,695
04/01/2005,BNA,TN,ASO,CE,Combined TRACON& Tower with Radar,291,223,127,3,644,0,0,5,2,7,291,223,132,5,651,6,0,6,657
04/02/2005,BNA,TN,ASO,CE,Combined TRACON& Tower with Radar,263,161,63,3,490,0,2,16,0,18,263,163,79,3,508,4,0,4,512
04/03/2005,BNA,TN,ASO,CE,Combined TRACON& Tower with Radar,248,158,91,3,500,0,4,60,2,66,248,162,151,5,566,17,0,17,583
04/04/2005,BNA,TN,ASO,CE,Combined TRACON& Tower with Radar,244,165,84,5,498,3,1,55,1,60,247,166,139,6,558,17,0,17,575
04/05/2005,BNA,TN,ASO,CE,Combined TRACON& Tower with Radar,304,216,125,5,650,0,1,0,0,1,304,217,125,5,651,52,0,52,703
04/06/2005,BNA,TN,ASO,CE,Combined TRACON& Tower with Radar,304,221,96,1,622,0,1,13,1,15,304,222,109,2,637,2,0,2,639
04/07/2005,BNA,TN,ASO,CE,Combined TRACON& Tower with Radar,291,231,112,0,634,0,2,11,0,13,291,233,123,0,647,18,0,18,665
04/08/2005,BNA,TN,ASO,CE,Combined TRACON& Tower with Radar,302,244,144,1,691,0,0,17,0,17,302,244,161,1,708,3,0,3,711
04/09/2005,BNA,TN,ASO,CE,Combined TRACON& Tower with Radar,255,163,70,0,488,0,2,69,1,72,255,165,139,1,560,0,0,0,560
04/10/2005,BNA,TN,ASO,CE,Combined TRACON& Tower with Radar,243,162,88,3,496,0,1,54,0,55,243,163,142,3,551,16,0,16,567
04/11/2005,BNA,TN,ASO,CE,Combined TRACON& Tower with Radar,283,188,100,10,581,0,1,23,2,26,283,189,123,12,607,0,0,0,607
04/12/2005,BNA,TN,ASO,CE,Combined TRACON& Tower with Radar,290,239,108,7,644,0,3,17,0,20,290,242,125,7,664,4,0,4,668
04/13/2005,BNA,TN,ASO,CE,Combined TRACON& Tower with Radar,305,227,126,14,672,0,10,62,2,74,305,237,188,16,746,0,0,0,746
04/14/2005,BNA,TN,ASO,CE,Combined TRACON& Tower with Radar,304,235,129,12,680,0,4,66,2,72,304,239,195,14,752,13,0,13,765
04/15/2005,BNA,TN,ASO,CE,Combined TRACON& Tower with Radar,299,231,110,10,650,0,4,76,8,88,299,235,186,18,738,0,11,11,749
04/16/2005,BNA,TN,ASO,CE,Combined TRACON& Tower with Radar,252,165,44,4,465,0,0,68,0,68,252,165,112,4,533,17,0,17,550
04/17/2005,BNA,TN,ASO,CE,Combined TRACON& Tower with Radar,239,153,75,5,472,0,1,58,0,59,239,154,133,5,531,2,0,2,533
04/18/2005,BNA,TN,ASO,CE,Combined TRACON& Tower with Radar,287,194,94,10,585,0,4,51,2,57,287,198,145,12,642,12,2,14,656
04/19/2005,BNA,TN,ASO,CE,Combined TRACON& Tower with Radar,298,229,125,5,657,0,3,58,2,63,298,232,183,7,720,0,2,2,722
04/20/2005,BNA,TN,ASO,CE,Combined TRACON& Tower with Radar,301,226,144,7,678,0,7,57,5,69,301,233,201,12,747,0,0,0,747
04/21/2005,BNA,TN,ASO,CE,Combined TRACON& Tower with Radar,298,232,160,4,694,0,4,21,2,27,298,236,181,6,721,22,0,22,743
04/22/2005,BNA,TN,ASO,CE,Combined TRACON& Tower with Radar,293,227,96,6,622,0,5,23,1,29,293,232,119,7,651,0,0,0,651
04/23/2005,BNA,TN,ASO,CE,Combined TRACON& Tower with Radar,265,168,57,5,495,0,5,8,1,14,265,173,65,6,509,4,0,4,513
04/24/2005,BNA,TN,ASO,CE,Combined TRACON& Tower with Radar,250,159,90,5,504,0,1,22,0,23,250,160,112,5,527,1,0,1,528
04/25/2005,BNA,TN,ASO,CE,Combined TRACON& Tower with Radar,281,195,110,12,598,0,2,43,1,46,281,197,153,13,644,4,0,4,648
04/26/2005,BNA,TN,ASO,CE,Combined TRACON& Tower with Radar,294,226,132,11,663,0,1,8,4,13,294,227,140,15,676,0,0,0,676
04/27/2005,BNA,TN,ASO,CE,Combined TRACON& Tower with Radar,297,230,110,5,642,0,4,36,3,43,297,234,146,8,685,2,0,2,687
04/28/2005,BNA,TN,ASO,CE,Combined TRACON& Tower with Radar,297,235,156,8,696,0,1,22,1,24,297,236,178,9,720,12,0,12,732
04/29/2005,BNA,TN,ASO,CE,Combined TRACON& Tower with Radar,297,229,125,13,664,0,1,8,0,9,297,230,133,13,673,0,0,0,673
04/30/2005,BNA,TN,ASO,CE,Combined TRACON& Tower with Radar,254,168,61,2,485,0,1,4,0,5,254,169,65,2,490,0,0,0,490
05/01/2005,BNA,TN,ASO,CE,Combined TRACON& Tower with Radar,246,174,85,9,514,0,1,55,0,56,246,175,140,9,570,2,0,2,572
05/02/2005,BNA,TN,ASO,CE,Combined TRACON& Tower with Radar,281,199,107,12,599,0,0,0,0,0,281,199,107,12,599,39,5,44,643
05/03/2005,BNA,TN,ASO,CE,Combined TRACON& Tower with Radar,296,232,99,5,632,0,0,41,7,48,296,232,140,12,680,4,0,4,684
05/04/2005,BNA,TN,ASO,CE,Combined TRACON& Tower with Radar,296,253,134,1,684,0,7,57,5,69,296,260,191,6,753,6,0,6,759
05/05/2005,BNA,TN,ASO,CE,Combined TRACON& Tower with Radar,288,246,129,12,675,0,2,45,5,52,288,248,174,17,727,0,0,0,727
05/06/2005,BNA,TN,ASO,CE,Combined TRACON& Tower with Radar,305,255,136,14,710,0,7,65,0,72,305,262,201,14,782,16,0,16,798
05/07/2005,BNA,TN,ASO,CE,Combined TRACON& Tower with Radar,255,154,69,4,482,0,3,44,1,48,255,157,113,5,530,2,0,2,532
05/08/2005,BNA,TN,ASO,CE,Combined TRACON& Tower with Radar,242,154,80,4,480,0,0,33,2,35,242,154,113,6,515,4,0,4,519
05/09/2005,BNA,TN,ASO,CE,Combined TRACON& Tower with Radar,284,212,99,9,604,0,3,41,3,47,284,215,140,12,651,0,0,0,651
05/10/2005,BNA,TN,ASO,CE,Combined TRACON& Tower with Radar,296,232,122,7,657,0,7,47,3,57,296,239,169,10,714,6,1,7,721
05/11/2005,BNA,TN,ASO,CE,Combined TRACON& Tower with Radar,302,244,138,7,691,0,2,35,3,40,302,246,173,10,731,11,0,11,742
05/12/2005,BNA,TN,ASO,CE,Combined TRACON& Tower with Radar,303,243,148,12,706,0,2,52,6,60,303,245,200,18,766,2,0,2,768
05/13/2005,BNA,TN,ASO,CE,Combined TRACON& Tower with Radar,301,253,152,6,712,0,3,59,1,63,301,256,211,7,775,6,0,6,781
05/14/2005,BNA,TN,ASO,CE,Combined TRACON& Tower with Radar,254,168,47,3,472,0,0,16,2,18,254,168,63,5,490,0,0,0,490
05/15/2005,BNA,TN,ASO,CE,Combined TRACON& Tower with Radar,245,153,88,3,489,0,0,44,7,51,245,153,132,10,540,4,0,4,544
05/16/2005,BNA,TN,ASO,CE,Combined TRACON& Tower with Radar,293,206,113,7,619,0,3,32,3,38,293,209,145,10,657,4,0,4,661
05/17/2005,BNA,TN,ASO,CE,Combined TRACON& Tower with Radar,301,237,130,2,670,0,3,80,2,85,301,240,210,4,755,2,0,2,757
05/18/2005,BNA,TN,ASO,CE,Combined TRACON& Tower with Radar,301,235,108,8,652,0,7,79,5,91,301,242,187,13,743,10,0,10,753
05/19/2005,BNA,TN,ASO,CE,Combined TRACON& Tower with Radar,301,235,129,8,673,0,2,52,9,63,301,237,181,17,736,2,0,2,738
05/20/2005,BNA,TN,ASO,CE,Combined TRACON& Tower with Radar,298,259,108,8,673,0,2,26,1,29,298,261,134,9,702,0,0,0,702
05/21/2005,BNA,TN,ASO,CE,Combined TRACON& Tower with Radar,270,170,65,2,507,0,6,30,0,36,270,176,95,2,543,4,0,4,547
05/22/2005,BNA,TN,ASO,CE,Combined TRACON& Tower with Radar,239,166,87,2,494,0,5,38,2,45,239,171,125,4,539,0,0,0,539
05/23/2005,BNA,TN,ASO,CE,Combined TRACON& Tower with Radar,293,201,124,14,632,0,6,35,2,43,293,207,159,16,675,6,2,8,683
05/24/2005,BNA,TN,ASO,CE,Combined TRACON& Tower with Radar,295,230,147,8,680,0,4,43,1,48,295,234,190,9,728,0,0,0,728
05/25/2005,BNA,TN,ASO,CE,Combined TRACON& Tower with Radar,307,237,115,5,664,0,5,71,3,79,307,242,186,8,743,2,0,2,745
05/26/2005,BNA,TN,ASO,CE,Combined TRACON& Tower with Radar,296,250,149,11,706,0,5,67,2,74,296,255,216,13,780,0,0,0,780
05/27/2005,BNA,TN,ASO,CE,Combined TRACON& Tower with Radar,301,247,104,5,657,0,4,61,0,65,301,251,165,5,722,0,0,0,722
05/28/2005,BNA,TN,ASO,CE,Combined TRACON& Tower with Radar,253,163,50,2,468,0,3,28,0,31,253,166,78,2,499,0,0,0,499
05/29/2005,BNA,TN,ASO,CE,Combined TRACON& Tower with Radar,224,131,38,1,394,0,6,23,2,31,224,137,61,3,425,2,0,2,427
05/30/2005,BNA,TN,ASO,CE,Combined TRACON& Tower with Radar,246,153,54,6,459,0,3,33,4,40,246,156,87,10,499,0,0,0,499
05/31/2005,BNA,TN,ASO,CE,Combined TRACON& Tower with Radar,283,197,75,3,558,1,4,33,2,40,284,201,108,5,598,0,0,0,598
06/01/2005,BNA,TN,ASO,CE,Combined TRACON& Tower with Radar,298,234,110,12,654,0,0,0,0,0,298,234,110,12,654,61,0,61,715
06/02/2005,BNA,TN,ASO,CE,Combined TRACON& Tower with Radar,298,249,117,10,674,0,1,3,0,4,298,250,120,10,678,0,0,0,678
06/03/2005,BNA,TN,ASO,CE,Combined TRACON& Tower with Radar,298,228,125,14,665,0,3,17,0,20,298,231,142,14,685,0,0,0,685
06/04/2005,BNA,TN,ASO,CE,Combined TRACON& Tower with Radar,263,155,50,4,472,0,4,38,5,47,263,159,88,9,519,4,0,4,523
06/05/2005,BNA,TN,ASO,CE,Combined TRACON& Tower with Radar,236,157,58,5,456,0,1,48,2,51,236,158,106,7,507,4,0,4,511
06/06/2005,BNA,TN,ASO,CE,Combined TRACON& Tower with Radar,282,182,74,12,550,0,5,25,1,31,282,187,99,13,581,0,0,0,581
06/07/2005,BNA,TN,ASO,CE,Combined TRACON& Tower with Radar,289,269,120,4,682,0,4,44,1,49,289,273,164,5,731,8,0,8,739
06/08/2005,BNA,TN,ASO,CE,Combined TRACON& Tower with Radar,288,244,151,9,692,0,4,53,2,59,288,248,204,11,751,2,0,2,753
06/09/2005,BNA,TN,ASO,CE,Combined TRACON& Tower with Radar,286,256,140,11,693,0,5,48,6,59,286,261,188,17,752,0,0,0,752
06/10/2005,BNA,TN,ASO,CE,Combined TRACON& Tower with Radar,293,242,109,9,653,0,5,50,3,58,293,247,159,12,711,4,0,4,715
06/11/2005,BNA,TN,ASO,CE,Combined TRACON& Tower with Radar,264,162,46,8,480,0,2,25,2,29,264,164,71,10,509,4,0,4,513
06/12/2005,BNA,TN,ASO,CE,Combined TRACON& Tower with Radar,238,154,70,4,466,0,0,4,1,5,238,154,74,5,471,0,0,0,471
06/13/2005,BNA,TN,ASO,CE,Combined TRACON& Tower with Radar,284,180,120,18,602,0,3,21,1,25,284,183,141,19,627,0,0,0,627
06/14/2005,BNA,TN,ASO,CE,Combined TRACON& Tower with Radar,289,231,87,15,622,0,1,37,3,41,289,232,124,18,663,4,0,4,667
06/15/2005,BNA,TN,ASO,CE,Combined TRACON& Tower with Radar,302,248,100,7,657,0,4,36,3,43,302,252,136,10,700,0,0,0,700
06/16/2005,BNA,TN,ASO,CE,Combined TRACON& Tower with Radar,292,237,121,18,668,0,2,59,4,65,292,239,180,22,733,10,0,10,743
06/17/2005,BNA,TN,ASO,CE,Combined TRACON& Tower with Radar,291,239,111,15,656,0,6,69,2,77,291,245,180,17,733,17,0,17,750
06/18/2005,BNA,TN,ASO,CE,Combined TRACON& Tower with Radar,257,172,43,7,479,0,6,47,0,53,257,178,90,7,532,0,0,0,532
06/19/2005,BNA,TN,ASO,CE,Combined TRACON& Tower with Radar,225,154,63,8,450,0,5,28,4,37,225,159,91,12,487,0,0,0,487
06/20/2005,BNA,TN,ASO,CE,Combined TRACON& Tower with Radar,279,199,82,10,570,0,7,29,1,37,279,206,111,11,607,0,0,0,607
06/21/2005,BNA,TN,ASO,CE,Combined TRACON& Tower with Radar,294,230,99,7,630,0,8,53,4,65,294,238,152,11,695,8,0,8,703
06/22/2005,BNA,TN,ASO,CE,Combined TRACON& Tower with Radar,285,234,132,6,657,0,8,44,3,55,285,242,176,9,712,8,0,8,720
06/23/2005,BNA,TN,ASO,CE,Combined TRACON& Tower with Radar,297,255,119,7,678,0,6,50,2,58,297,261,169,9,736,0,0,0,736
06/24/2005,BNA,TN,ASO,CE,Combined TRACON& Tower with Radar,305,231,123,4,663,0,9,61,0,70,305,240,184,4,733,4,0,4,737
06/25/2005,BNA,TN,ASO,CE,Combined TRACON& Tower with Radar,256,159,43,2,460,0,3,23,0,26,256,162,66,2,486,6,0,6,492
06/26/2005,BNA,TN,ASO,CE,Combined TRACON& Tower with Radar,232,154,84,1,471,0,3,24,0,27,232,157,108,1,498,0,0,0,498
06/27/2005,BNA,TN,ASO,CE,Combined TRACON& Tower with Radar,276,191,118,8,593,0,0,0,0,0,276,191,118,8,593,16,0,16,609
06/28/2005,BNA,TN,ASO,CE,Combined TRACON& Tower with Radar,285,235,120,5,645,0,3,19,0,22,285,238,139,5,667,0,0,0,667
06/29/2005,BNA,TN,ASO,CE,Combined TRACON& Tower with Radar,293,229,142,9,673,0,6,27,2,35,293,235,169,11,708,0,0,0,708
06/30/2005,BNA,TN,ASO,CE,Combined TRACON& Tower with Radar,287,241,135,15,678,0,2,52,1,55,287,243,187,16,733,0,0,0,733
07/01/2005,BNA,TN,ASO,CE,Combined TRACON& Tower with Radar,297,228,87,3,615,0,2,48,0,50,297,230,135,3,665,1,0,1,666
07/02/2005,BNA,TN,ASO,CE,Combined TRACON& Tower with Radar,261,162,50,2,475,0,9,46,0,55,261,171,96,2,530,8,0,8,538
07/03/2005,BNA,TN,ASO,CE,Combined TRACON& Tower with Radar,206,114,19,0,339,0,7,29,3,39,206,121,48,3,378,0,0,0,378
07/04/2005,BNA,TN,ASO,CE,Combined TRACON& Tower with Radar,229,140,21,0,390,0,6,19,0,25,229,146,40,0,415,0,0,0,415
07/05/2005,BNA,TN,ASO,CE,Combined TRACON& Tower with Radar,268,186,88,4,546,0,103,33,3,139,268,289,121,7,685,2,0,2,687
07/06/2005,BNA,TN,ASO,CE,Combined TRACON& Tower with Radar,304,223,87,9,623,0,3,33,0,36,304,226,120,9,659,0,0,0,659
07/07/2005,BNA,TN,ASO,CE,Combined TRACON& Tower with Radar,288,222,94,12,616,0,2,40,2,44,288,224,134,14,660,0,0,0,660
07/08/2005,BNA,TN,ASO,CE,Combined TRACON& Tower with Radar,287,217,93,10,607,0,5,36,2,43,287,222,129,12,650,2,0,2,652
07/09/2005,BNA,TN,ASO,CE,Combined TRACON& Tower with Radar,259,161,64,5,489,0,3,32,2,37,259,164,96,7,526,24,0,24,550
07/10/2005,BNA,TN,ASO,CE,Combined TRACON& Tower with Radar,235,146,49,9,439,0,5,18,3,26,235,151,67,12,465,0,0,0,465
07/11/2005,BNA,TN,ASO,CE,Combined TRACON& Tower with Radar,277,183,50,1,511,0,0,0,0,0,277,183,50,1,511,0,0,0,511
07/12/2005,BNA,TN,ASO,CE,Combined TRACON& Tower with Radar,291,221,68,7,587,0,5,9,0,14,291,226,77,7,601,6,0,6,607
07/13/2005,BNA,TN,ASO,CE,Combined TRACON& Tower with Radar,290,233,116,11,650,0,2,4,0,6,290,235,120,11,656,0,0,0,656
07/14/2005,BNA,TN,ASO,CE,Combined TRACON& Tower with Radar,293,238,116,9,656,0,3,17,0,20,293,241,133,9,676,0,0,0,676
07/15/2005,BNA,TN,ASO,CE,Combined TRACON& Tower with Radar,310,222,133,13,678,0,1,16,1,18,310,223,149,14,696,0,0,0,696
07/16/2005,BNA,TN,ASO,CE,Combined TRACON& Tower with Radar,257,160,54,9,480,0,1,22,0,23,257,161,76,9,503,0,0,0,503
07/17/2005,BNA,TN,ASO,CE,Combined TRACON& Tower with Radar,228,145,55,9,437,0,2,39,0,41,228,147,94,9,478,0,0,0,478
07/18/2005,BNA,TN,ASO,CE,Combined TRACON& Tower with Radar,279,181,104,9,573,0,0,0,0,0,279,181,104,9,573,0,0,0,573
07/19/2005,BNA,TN,ASO,CE,Combined TRACON& Tower with Radar,303,217,120,10,650,0,0,0,0,0,303,217,120,10,650,0,0,0,650
07/20/2005,BNA,TN,ASO,CE,Combined TRACON& Tower with Radar,288,224,125,13,650,0,2,28,3,33,288,226,153,16,683,0,0,0,683
07/21/2005,BNA,TN,ASO,CE,Combined TRACON& Tower with Radar,295,216,164,10,685,0,3,47,3,53,295,219,211,13,738,0,0,0,738
07/22/2005,BNA,TN,ASO,CE,Combined TRACON& Tower with Radar,301,214,105,12,632,0,0,37,3,40,301,214,142,15,672,0,0,0,672
07/23/2005,BNA,TN,ASO,CE,Combined TRACON& Tower with Radar,258,153,49,0,460,0,1,58,0,59,258,154,107,0,519,0,0,0,519
07/24/2005,BNA,TN,ASO,CE,Combined TRACON& Tower with Radar,228,142,58,5,433,0,4,34,0,38,228,146,92,5,471,20,0,20,491
07/25/2005,BNA,TN,ASO,CE,Combined TRACON& Tower with Radar,270,188,81,7,546,0,0,0,0,0,270,188,81,7,546,0,0,0,546
07/26/2005,BNA,TN,ASO,CE,Combined TRACON& Tower with Radar,287,231,121,6,645,0,9,42,2,53,287,240,163,8,698,2,0,2,700
07/27/2005,BNA,TN,ASO,CE,Combined TRACON& Tower with Radar,301,235,101,7,644,0,5,35,1,41,301,240,136,8,685,0,0,0,685
07/28/2005,BNA,TN,ASO,CE,Combined TRACON& Tower with Radar,297,230,121,8,656,0,5,27,3,35,297,235,148,11,691,0,0,0,691
07/29/2005,BNA,TN,ASO,CE,Combined TRACON& Tower with Radar,297,221,93,7,618,1,1,41,3,46,298,222,134,10,664,2,0,2,666
07/30/2005,BNA,TN,ASO,CE,Combined TRACON& Tower with Radar,255,154,40,4,453,0,2,39,0,41,255,156,79,4,494,2,0,2,496
07/31/2005,BNA,TN,ASO,CE,Combined TRACON& Tower with Radar,234,147,68,1,450,0,3,28,2,33,234,150,96,3,483,2,0,2,485
08/01/2005,BNA,TN,ASO,CE,Combined TRACON& Tower with Radar,278,183,84,13,558,0,0,0,0,0,278,183,84,13,558,0,0,0,558
08/02/2005,BNA,TN,ASO,CE,Combined TRACON& Tower with Radar,288,234,92,7,621,0,1,38,3,42,288,235,130,10,663,0,0,0,663
08/03/2005,BNA,TN,ASO,CE,Combined TRACON& Tower with Radar,291,234,109,9,643,0,1,46,6,53,291,235,155,15,696,0,0,0,696
08/04/2005,BNA,TN,ASO,CE,Combined TRACON& Tower with Radar,280,230,115,13,638,0,3,50,1,54,280,233,165,14,692,0,0,0,692
08/05/2005,BNA,TN,ASO,CE,Combined TRACON& Tower with Radar,291,229,94,10,624,0,2,36,0,38,291,231,130,10,662,0,0,0,662
08/06/2005,BNA,TN,ASO,CE,Combined TRACON& Tower with Radar,262,160,46,1,469,0,2,33,0,35,262,162,79,1,504,0,0,0,504
08/07/2005,BNA,TN,ASO,CE,Combined TRACON& Tower with Radar,229,135,53,3,420,0,2,19,0,21,229,137,72,3,441,6,0,6,447
08/08/2005,BNA,TN,ASO,CE,Combined TRACON& Tower with Radar,272,186,88,11,557,0,2,45,2,49,272,188,133,13,606,0,0,0,606
08/09/2005,BNA,TN,ASO,CE,Combined TRACON& Tower with Radar,284,231,112,5,632,0,4,43,1,48,284,235,155,6,680,2,0,2,682
08/10/2005,BNA,TN,ASO,CE,Combined TRACON& Tower with Radar,300,229,117,13,659,0,6,50,2,58,300,235,167,15,717,0,0,0,717
08/11/2005,BNA,TN,ASO,CE,Combined TRACON& Tower with Radar,292,210,106,13,621,0,7,51,2,60,292,217,157,15,681,0,2,2,683
08/12/2005,BNA,TN,ASO,CE,Combined TRACON& Tower with Radar,288,225,105,12,630,0,0,48,1,49,288,225,153,13,679,0,0,0,679
08/13/2005,BNA,TN,ASO,CE,Combined TRACON& Tower with Radar,268,163,47,7,485,0,3,22,0,25,268,166,69,7,510,0,0,0,510
08/14/2005,BNA,TN,ASO,CE,Combined TRACON& Tower with Radar,218,143,51,9,421,0,2,28,1,31,218,145,79,10,452,0,0,0,452
08/15/2005,BNA,TN,ASO,CE,Combined TRACON& Tower with Radar,296,188,88,6,578,0,2,17,1,20,296,190,105,7,598,0,0,0,598
08/16/2005,BNA,TN,ASO,CE,Combined TRACON& Tower with Radar,282,219,96,4,601,0,1,31,1,33,282,220,127,5,634,0,0,0,634
08/17/2005,BNA,TN,ASO,CE,Combined TRACON& Tower with Radar,278,216,125,6,625,0,1,13,2,16,278,217,138,8,641,0,0,0,641
08/18/2005,BNA,TN,ASO,CE,Combined TRACON& Tower with Radar,302,231,138,14,685,0,5,33,1,39,302,236,171,15,724,0,0,0,724
08/19/2005,BNA,TN,ASO,CE,Combined TRACON& Tower with Radar,293,228,100,13,634,0,2,44,1,47,293,230,144,14,681,0,0,0,681
08/20/2005,BNA,TN,ASO,CE,Combined TRACON& Tower with Radar,248,157,76,0,481,0,4,30,0,34,248,161,106,0,515,0,0,0,515
08/21/2005,BNA,TN,ASO,CE,Combined TRACON& Tower with Radar,231,161,76,8,476,0,2,28,1,31,231,163,104,9,507,0,0,0,507
08/22/2005,BNA,TN,ASO,CE,Combined TRACON& Tower with Radar,273,182,56,9,520,0,0,0,0,0,273,182,56,9,520,0,0,0,520
08/23/2005,BNA,TN,ASO,CE,Combined TRACON& Tower with Radar,297,213,124,5,639,0,2,29,1,32,297,215,153,6,671,0,0,0,671
08/24/2005,BNA,TN,ASO,CE,Combined TRACON& Tower with Radar,301,211,119,5,636,0,3,44,1,48,301,214,163,6,684,16,0,16,700
08/25/2005,BNA,TN,ASO,CE,Combined TRACON& Tower with Radar,297,220,156,6,679,0,5,29,1,35,297,225,185,7,714,0,0,0,714
08/26/2005,BNA,TN,ASO,CE,Combined TRACON& Tower with Radar,288,224,95,13,620,0,2,20,1,23,288,226,115,14,643,2,0,2,645
08/27/2005,BNA,TN,ASO,CE,Combined TRACON& Tower with Radar,261,157,56,4,478,0,3,20,0,23,261,160,76,4,501,0,0,0,501
08/28/2005,BNA,TN,ASO,CE,Combined TRACON& Tower with Radar,232,151,59,3,445,0,2,17,0,19,232,153,76,3,464,0,0,0,464
08/29/2005,BNA,TN,ASO,CE,Combined TRACON& Tower with Radar,279,176,80,2,537,0,1,3,0,4,279,177,83,2,541,0,0,0,541
08/30/2005,BNA,TN,ASO,CE,Combined TRACON& Tower with Radar,282,184,38,0,504,0,1,0,0,1,282,185,38,0,505,2,0,2,507
08/31/2005,BNA,TN,ASO,CE,Combined TRACON& Tower with Radar,289,204,90,10,593,0,8,43,1,52,289,212,133,11,645,0,0,0,645
09/01/2005,BNA,TN,ASO,CE,Combined TRACON& Tower with Radar,291,216,101,10,618,0,0,55,0,55,291,216,156,10,673,0,0,0,673
09/02/2005,BNA,TN,ASO,CE,Combined TRACON& Tower with Radar,296,221,104,16,637,0,4,59,0,63,296,225,163,16,700,0,0,0,700
09/03/2005,BNA,TN,ASO,CE,Combined TRACON& Tower with Radar,234,142,52,15,443,0,5,43,2,50,234,147,95,17,493,0,0,0,493
09/04/2005,BNA,TN,ASO,CE,Combined TRACON& Tower with Radar,200,113,38,4,355,0,3,15,4,22,200,116,53,8,377,0,0,0,377
09/05/2005,BNA,TN,ASO,CE,Combined TRACON& Tower with Radar,239,152,50,4,445,0,0,0,0,0,239,152,50,4,445,0,0,0,445
09/06/2005,BNA,TN,ASO,CE,Combined TRACON& Tower with Radar,275,195,97,2,569,0,5,36,0,41,275,200,133,2,610,2,0,2,612
09/07/2005,BNA,TN,ASO,CE,Combined TRACON& Tower with Radar,300,222,98,16,636,0,3,42,4,49,300,225,140,20,685,0,0,0,685
09/08/2005,BNA,TN,ASO,CE,Combined TRACON& Tower with Radar,289,221,147,17,674,0,4,50,3,57,289,225,197,20,731,0,0,0,731
09/09/2005,BNA,TN,ASO,CE,Combined TRACON& Tower with Radar,298,222,115,8,643,0,1,61,2,64,298,223,176,10,707,8,0,8,715
09/10/2005,BNA,TN,ASO,CE,Combined TRACON& Tower with Radar,250,157,52,6,465,0,7,36,2,45,250,164,88,8,510,0,0,0,510
09/11/2005,BNA,TN,ASO,CE,Combined TRACON& Tower with Radar,247,135,67,9,458,0,0,42,2,44,247,135,109,11,502,0,0,0,502
09/12/2005,BNA,TN,ASO,CE,Combined TRACON& Tower with Radar,273,176,94,11,554,0,3,37,0,40,273,179,131,11,594,0,0,0,594
09/13/2005,BNA,TN,ASO,CE,Combined TRACON& Tower with Radar,291,205,121,7,624,0,8,28,1,37,291,213,149,8,661,0,0,0,661
09/14/2005,BNA,TN,ASO,CE,Combined TRACON& Tower with Radar,290,214,142,7,653,0,3,36,4,43,290,217,178,11,696,2,0,2,698
09/15/2005,BNA,TN,ASO,CE,Combined TRACON& Tower with Radar,285,230,141,11,667,0,7,24,2,33,285,237,165,13,700,0,0,0,700
09/16/2005,BNA,TN,ASO,CE,Combined TRACON& Tower with Radar,309,218,148,14,689,0,7,25,4,36,309,225,173,18,725,0,0,0,725
09/17/2005,BNA,TN,ASO,CE,Combined TRACON& Tower with Radar,244,168,82,7,501,0,5,24,1,30,244,173,106,8,531,0,0,0,531
09/18/2005,BNA,TN,ASO,CE,Combined TRACON& Tower with Radar,256,143,84,10,493,0,4,22,3,29,256,147,106,13,522,0,0,0,522
09/19/2005,BNA,TN,ASO,CE,Combined TRACON& Tower with Radar,273,170,103,14,560,0,0,40,1,41,273,170,143,15,601,0,0,0,601
09/20/2005,BNA,TN,ASO,CE,Combined TRACON& Tower with Radar,286,227,146,6,665,0,6,31,3,40,286,233,177,9,705,0,0,0,705
09/21/2005,BNA,TN,ASO,CE,Combined TRACON& Tower with Radar,297,239,131,10,677,0,2,35,3,40,297,241,166,13,717,22,0,22,739
09/22/2005,BNA,TN,ASO,CE,Combined TRACON& Tower with Radar,290,226,181,12,709,0,6,52,3,61,290,232,233,15,770,18,0,18,788
09/23/2005,BNA,TN,ASO,CE,Combined TRACON& Tower with Radar,300,225,135,24,684,0,8,48,3,59,300,233,183,27,743,4,0,4,747
09/24/2005,BNA,TN,ASO,CE,Combined TRACON& Tower with Radar,237,141,51,3,432,0,2,32,0,34,237,143,83,3,466,0,0,0,466
09/25/2005,BNA,TN,ASO,CE,Combined TRACON& Tower with Radar,255,134,90,10,489,0,3,10,0,13,255,137,100,10,502,0,0,0,502
09/26/2005,BNA,TN,ASO,CE,Combined TRACON& Tower with Radar,282,193,105,18,598,0,0,0,0,0,282,193,105,18,598,0,0,0,598
09/27/2005,BNA,TN,ASO,CE,Combined TRACON& Tower with Radar,286,215,151,7,659,0,3,49,2,54,286,218,200,9,713,0,0,0,713
09/28/2005,BNA,TN,ASO,CE,Combined TRACON& Tower with Radar,292,208,128,12,640,0,6,54,1,61,292,214,182,13,701,0,0,0,701
09/29/2005,BNA,TN,ASO,CE,Combined TRACON& Tower with Radar,283,209,115,8,615,0,3,51,2,56,283,212,166,10,671,0,0,0,671
09/30/2005,BNA,TN,ASO,CE,Combined TRACON& Tower with Radar,304,211,123,9,647,1,45,167,3,216,305,256,290,12,863,0,0,0,863
10/01/2005,BNA,TN,ASO,CE,Combined TRACON& Tower with Radar,245,146,70,7,468,0,0,0,0,0,245,146,70,7,468,0,0,0,468
10/02/2005,BNA,TN,ASO,CE,Combined TRACON& Tower with Radar,237,129,104,3,473,0,3,44,1,48,237,132,148,4,521,0,0,0,521
10/03/2005,BNA,TN,ASO,CE,Combined TRACON& Tower with Radar,275,177,107,13,572,0,0,0,0,0,275,177,107,13,572,0,0,0,572
10/04/2005,BNA,TN,ASO,CE,Combined TRACON& Tower with Radar,282,217,102,9,610,0,6,51,2,59,282,223,153,11,669,0,0,0,669
10/05/2005,BNA,TN,ASO,CE,Combined TRACON& Tower with Radar,286,207,103,7,603,0,4,37,1,42,286,211,140,8,645,0,0,0,645
10/06/2005,BNA,TN,ASO,CE,Combined TRACON& Tower with Radar,279,229,142,8,658,0,8,38,1,47,279,237,180,9,705,16,0,16,721
10/07/2005,BNA,TN,ASO,CE,Combined TRACON& Tower with Radar,285,216,165,20,686,0,0,2,0,2,285,216,167,20,688,0,0,0,688
10/08/2005,BNA,TN,ASO,CE,Combined TRACON& Tower with Radar,239,151,84,4,478,0,1,9,0,10,239,152,93,4,488,0,0,0,488
10/09/2005,BNA,TN,ASO,CE,Combined TRACON& Tower with Radar,234,152,93,1,480,0,4,4,0,8,234,156,97,1,488,2,0,2,490
10/10/2005,BNA,TN,ASO,CE,Combined TRACON& Tower with Radar,267,156,84,4,511,0,0,11,0,11,267,156,95,4,522,0,0,0,522
10/11/2005,BNA,TN,ASO,CE,Combined TRACON& Tower with Radar,285,181,119,4,589,0,2,9,0,11,285,183,128,4,600,0,0,0,600
10/12/2005,BNA,TN,ASO,CE,Combined TRACON& Tower with Radar,286,224,133,7,650,1,4,31,1,37,287,228,164,8,687,2,0,2,689
10/13/2005,BNA,TN,ASO,CE,Combined TRACON& Tower with Radar,283,232,159,10,684,0,4,32,3,39,283,236,191,13,723,4,0,4,727
10/14/2005,BNA,TN,ASO,CE,Combined TRACON& Tower with Radar,306,216,144,21,687,0,5,37,2,44,306,221,181,23,731,4,0,4,735
10/15/2005,BNA,TN,ASO,CE,Combined TRACON& Tower with Radar,237,161,76,9,483,0,6,40,3,49,237,167,116,12,532,0,0,0,532
10/16/2005,BNA,TN,ASO,CE,Combined TRACON& Tower with Radar,252,145,105,7,509,0,4,48,3,55,252,149,153,10,564,0,0,0,564
10/17/2005,BNA,TN,ASO,CE,Combined TRACON& Tower with Radar,261,188,95,14,558,0,0,0,0,0,261,188,95,14,558,0,0,0,558
10/18/2005,BNA,TN,ASO,CE,Combined TRACON& Tower with Radar,283,203,117,5,608,0,8,45,2,55,283,211,162,7,663,0,0,0,663
10/19/2005,BNA,TN,ASO,CE,Combined TRACON& Tower with Radar,288,202,124,0,614,0,3,48,3,54,288,205,172,3,668,0,0,0,668
10/20/2005,BNA,TN,ASO,CE,Combined TRACON& Tower with Radar,284,214,134,12,644,0,4,58,2,64,284,218,192,14,708,0,0,0,708
10/21/2005,BNA,TN,ASO,CE,Combined TRACON& Tower with Radar,295,225,133,9,662,0,2,19,3,24,295,227,152,12,686,0,0,0,686
10/22/2005,BNA,TN,ASO,CE,Combined TRACON& Tower with Radar,237,155,58,4,454,0,3,35,0,38,237,158,93,4,492,0,0,0,492
10/23/2005,BNA,TN,ASO,CE,Combined TRACON& Tower with Radar,232,153,75,6,466,0,1,20,1,22,232,154,95,7,488,0,0,0,488
10/24/2005,BNA,TN,ASO,CE,Combined TRACON& Tower with Radar,270,167,109,11,557,0,3,12,0,15,270,170,121,11,572,0,0,0,572
10/25/2005,BNA,TN,ASO,CE,Combined TRACON& Tower with Radar,274,216,128,7,625,0,1,20,0,21,274,217,148,7,646,0,0,0,646
10/26/2005,BNA,TN,ASO,CE,Combined TRACON& Tower with Radar,287,228,132,8,655,0,2,55,2,59,287,230,187,10,714,0,0,0,714
10/27/2005,BNA,TN,ASO,CE,Combined TRACON& Tower with Radar,286,219,130,71,706,0,8,39,3,50,286,227,169,74,756,0,0,0,756
10/28/2005,BNA,TN,ASO,CE,Combined TRACON& Tower with Radar,289,223,127,7,646,0,7,60,1,68,289,230,187,8,714,0,0,0,714
10/29/2005,BNA,TN,ASO,CE,Combined TRACON& Tower with Radar,232,147,59,9,447,0,6,56,0,62,232,153,115,9,509,0,0,0,509
10/30/2005,BNA,TN,ASO,CE,Combined TRACON& Tower with Radar,219,141,90,58,508,0,4,44,7,55,219,145,134,65,563,0,0,0,563
10/31/2005,BNA,TN,ASO,CE,Combined TRACON& Tower with Radar,262,170,71,7,510,0,0,0,0,0,262,170,71,7,510,0,0,0,510
11/01/2005,BNA,TN,ASO,CE,Combined TRACON& Tower with Radar,277,208,119,5,609,0,6,17,3,26,277,214,136,8,635,0,0,0,635
11/02/2005,BNA,TN,ASO,CE,Combined TRACON& Tower with Radar,262,219,120,15,616,0,0,39,9,48,262,219,159,24,664,0,0,0,664
11/03/2005,BNA,TN,ASO,CE,Combined TRACON& Tower with Radar,283,208,101,23,615,0,0,42,6,48,283,208,143,29,663,0,0,0,663
11/04/2005,BNA,TN,ASO,CE,Combined TRACON& Tower with Radar,286,215,90,4,595,0,1,43,6,50,286,216,133,10,645,0,0,0,645
11/05/2005,BNA,TN,ASO,CE,Combined TRACON& Tower with Radar,228,145,60,8,441,0,1,22,1,24,228,146,82,9,465,6,0,6,471
11/06/2005,BNA,TN,ASO,CE,Combined TRACON& Tower with Radar,218,130,81,7,436,0,3,28,6,37,218,133,109,13,473,0,0,0,473
11/07/2005,BNA,TN,ASO,CE,Combined TRACON& Tower with Radar,274,180,91,13,558,0,3,44,3,50,274,183,135,16,608,0,0,0,608
11/08/2005,BNA,TN,ASO,CE,Combined TRACON& Tower with Radar,282,205,116,9,612,0,1,63,3,67,282,206,179,12,679,0,0,0,679
11/09/2005,BNA,TN,ASO,CE,Combined TRACON& Tower with Radar,278,201,118,7,604,0,3,39,2,44,278,204,157,9,648,0,0,0,648
11/10/2005,BNA,TN,ASO,CE,Combined TRACON& Tower with Radar,296,232,137,9,674,0,5,53,14,72,296,237,190,23,746,0,0,0,746
11/11/2005,BNA,TN,ASO,CE,Combined TRACON& Tower with Radar,287,175,121,2,585,0,7,57,1,65,287,182,178,3,650,6,0,6,656
11/12/2005,BNA,TN,ASO,CE,Combined TRACON& Tower with Radar,236,143,53,0,432,0,1,52,2,55,236,144,105,2,487,0,0,0,487
11/13/2005,BNA,TN,ASO,CE,Combined TRACON& Tower with Radar,223,142,71,4,440,0,2,9,4,15,223,144,80,8,455,0,0,0,455
11/14/2005,BNA,TN,ASO,CE,Combined TRACON& Tower with Radar,277,172,114,6,569,0,0,0,0,0,277,172,114,6,569,2,1,3,572
11/15/2005,BNA,TN,ASO,CE,Combined TRACON& Tower with Radar,280,180,84,1,545,0,1,4,1,6,280,181,88,2,551,5,0,5,556
11/16/2005,BNA,TN,ASO,CE,Combined TRACON& Tower with Radar,280,180,84,1,545,0,1,4,1,6,280,181,88,2,551,10,0,10,561
11/17/2005,BNA,TN,ASO,CE,Combined TRACON& Tower with Radar,291,210,140,18,659,0,3,50,1,54,291,213,190,19,713,0,0,0,713
11/18/2005,BNA,TN,ASO,CE,Combined TRACON& Tower with Radar,298,200,155,21,674,0,4,48,4,56,298,204,203,25,730,4,0,4,734
11/19/2005,BNA,TN,ASO,CE,Combined TRACON& Tower with Radar,241,147,57,2,447,0,0,45,8,53,241,147,102,10,500,0,0,0,500
11/20/2005,BNA,TN,ASO,CE,Combined TRACON& Tower with Radar,225,160,98,5,488,0,1,37,5,43,225,161,135,10,531,0,0,0,531
11/21/2005,BNA,TN,ASO,CE,Combined TRACON& Tower with Radar,271,167,79,11,528,0,0,0,0,0,271,167,79,11,528,0,0,0,528
11/22/2005,BNA,TN,ASO,CE,Combined TRACON& Tower with Radar,293,206,116,6,621,0,2,30,1,33,293,208,146,7,654,0,0,0,654
11/23/2005,BNA,TN,ASO,CE,Combined TRACON& Tower with Radar,288,210,110,6,614,0,0,27,2,29,288,210,137,8,643,8,0,8,651
11/24/2005,BNA,TN,ASO,CE,Combined TRACON& Tower with Radar,235,137,16,0,388,0,3,16,0,19,235,140,32,0,407,0,0,0,407
11/25/2005,BNA,TN,ASO,CE,Combined TRACON& Tower with Radar,189,131,42,2,364,0,4,30,0,34,189,135,72,2,398,0,0,0,398
11/26/2005,BNA,TN,ASO,CE,Combined TRACON& Tower with Radar,218,135,56,3,412,0,4,38,0,42,218,139,94,3,454,0,0,0,454
11/27/2005,BNA,TN,ASO,CE,Combined TRACON& Tower with Radar,224,165,109,3,501,0,3,7,0,10,224,168,116,3,511,0,0,0,511
11/28/2005,BNA,TN,ASO,CE,Combined TRACON& Tower with Radar,272,168,73,10,523,0,0,1,0,1,272,168,74,10,524,0,0,0,524
11/29/2005,BNA,TN,ASO,CE,Combined TRACON& Tower with Radar,292,214,110,8,624,0,2,28,3,33,292,216,138,11,657,2,0,2,659
11/30/2005,BNA,TN,ASO,CE,Combined TRACON& Tower with Radar,295,209,105,6,615,0,8,38,4,50,295,217,143,10,665,2,0,2,667
12/01/2005,BNA,TN,ASO,CE,Combined TRACON& Tower with Radar,284,195,85,11,575,0,3,30,3,36,284,198,115,14,611,0,0,0,611
12/02/2005,BNA,TN,ASO,CE,Combined TRACON& Tower with Radar,298,202,114,10,624,0,4,51,3,58,298,206,165,13,682,0,0,0,682
12/03/2005,BNA,TN,ASO,CE,Combined TRACON& Tower with Radar,244,137,58,6,445,0,5,1,0,6,244,142,59,6,451,0,0,0,451
12/04/2005,BNA,TN,ASO,CE,Combined TRACON& Tower with Radar,229,116,72,1,418,0,2,1,0,3,229,118,73,1,421,0,0,0,421
12/05/2005,BNA,TN,ASO,CE,Combined TRACON& Tower with Radar,277,176,114,10,577,0,2,1,3,6,277,178,115,13,583,0,0,0,583
12/06/2005,BNA,TN,ASO,CE,Combined TRACON& Tower with Radar,291,206,120,5,622,0,2,51,3,56,291,208,171,8,678,8,0,8,686
12/07/2005,BNA,TN,ASO,CE,Combined TRACON& Tower with Radar,288,204,130,17,639,0,8,37,1,46,288,212,167,18,685,0,0,0,685
12/08/2005,BNA,TN,ASO,CE,Combined TRACON& Tower with Radar,287,206,106,6,605,0,2,0,0,2,287,208,106,6,607,0,0,0,607
12/09/2005,BNA,TN,ASO,CE,Combined TRACON& Tower with Radar,292,190,113,8,603,0,8,44,0,52,292,198,157,8,655,0,0,0,655
12/10/2005,BNA,TN,ASO,CE,Combined TRACON& Tower with Radar,244,138,70,3,455,0,4,46,0,50,244,142,116,3,505,0,0,0,505
12/11/2005,BNA,TN,ASO,CE,Combined TRACON& Tower with Radar,229,148,50,5,432,0,3,13,0,16,229,151,63,5,448,0,0,0,448
12/12/2005,BNA,TN,ASO,CE,Combined TRACON& Tower with Radar,277,164,125,13,579,0,1,25,1,27,277,165,150,14,606,0,0,0,606
12/13/2005,BNA,TN,ASO,CE,Combined TRACON& Tower with Radar,285,196,116,9,606,0,9,29,3,41,285,205,145,12,647,0,2,2,649
12/14/2005,BNA,TN,ASO,CE,Combined TRACON& Tower with Radar,290,185,138,10,623,0,3,17,4,24,290,188,155,14,647,0,0,0,647
12/15/2005,BNA,TN,ASO,CE,Combined TRACON& Tower with Radar,266,200,119,11,596,0,2,12,4,18,266,202,131,15,614,2,0,2,616
12/16/2005,BNA,TN,ASO,CE,Combined TRACON& Tower with Radar,289,210,155,10,664,0,3,46,6,55,289,213,201,16,719,0,0,0,719
12/17/2005,BNA,TN,ASO,CE,Combined TRACON& Tower with Radar,240,137,55,3,435,0,2,34,0,36,240,139,89,3,471,0,0,0,471
12/18/2005,BNA,TN,ASO,CE,Combined TRACON& Tower with Radar,228,124,71,8,431,0,3,33,3,39,228,127,104,11,470,8,0,8,478
12/19/2005,BNA,TN,ASO,CE,Combined TRACON& Tower with Radar,270,178,81,15,544,0,0,0,0,0,270,178,81,15,544,22,1,23,567
12/20/2005,BNA,TN,ASO,CE,Combined TRACON& Tower with Radar,280,212,105,5,602,0,3,40,4,47,280,215,145,9,649,0,0,0,649
12/21/2005,BNA,TN,ASO,CE,Combined TRACON& Tower with Radar,282,212,97,7,598,0,5,31,1,37,282,217,128,8,635,0,0,0,635
12/22/2005,BNA,TN,ASO,CE,Combined TRACON& Tower with Radar,291,211,90,2,594,0,4,45,1,50,291,215,135,3,644,0,0,0,644
12/23/2005,BNA,TN,ASO,CE,Combined TRACON& Tower with Radar,282,195,60,1,538,0,1,26,1,28,282,196,86,2,566,0,0,0,566
12/24/2005,BNA,TN,ASO,CE,Combined TRACON& Tower with Radar,251,116,18,0,385,0,0,4,0,4,251,116,22,0,389,0,0,0,389
12/25/2005,BNA,TN,ASO,CE,Combined TRACON& Tower with Radar,214,109,16,0,339,0,0,0,0,0,214,109,16,0,339,4,0,4,343
12/26/2005,BNA,TN,ASO,CE,Combined TRACON& Tower with Radar,266,141,66,0,473,0,4,2,1,7,266,145,68,1,480,0,0,0,480
12/27/2005,BNA,TN,ASO,CE,Combined TRACON& Tower with Radar,264,177,72,0,513,0,2,28,0,30,264,179,100,0,543,0,0,0,543
12/28/2005,BNA,TN,ASO,CE,Combined TRACON& Tower with Radar,284,207,60,0,551,5,18,80,1,104,289,225,140,1,655,39,0,39,694
12/29/2005,BNA,TN,ASO,CE,Combined TRACON& Tower with Radar,286,187,54,2,529,0,0,2,0,2,286,187,56,2,531,0,0,0,531
12/30/2005,BNA,TN,ASO,CE,Combined TRACON& Tower with Radar,289,210,66,3,568,0,2,20,0,22,289,212,86,3,590,0,0,0,590
12/31/2005,BNA,TN,ASO,CE,Combined TRACON& Tower with Radar,251,144,26,0,421,0,1,19,0,20,251,145,45,0,441,0,0,0,441
01/01/2006,BNA,TN,ASO,CE,Combined TRACON& Tower with Radar,202,127,27,0,356,0,2,4,1,7,202,129,31,1,363,2,0,2,365
01/02/2006,BNA,TN,ASO,CE,Combined TRACON& Tower with Radar,266,139,58,0,463,0,0,0,0,0,266,139,58,0,463,0,0,0,463
01/03/2006,BNA,TN,ASO,CE,Combined TRACON& Tower with Radar,266,139,58,0,463,0,1,10,0,11,266,140,68,0,474,0,0,0,474
01/04/2006,BNA,TN,ASO,CE,Combined TRACON& Tower with Radar,289,197,94,6,586,0,2,31,4,37,289,199,125,10,623,0,0,0,623
01/05/2006,BNA,TN,ASO,CE,Combined TRACON& Tower with Radar,279,203,99,8,589,0,2,11,2,15,279,205,110,10,604,0,0,0,604
01/06/2006,BNA,TN,ASO,CE,Combined TRACON& Tower with Radar,285,199,89,11,584,0,2,10,0,12,285,201,99,11,596,6,0,6,602
01/07/2006,BNA,TN,ASO,CE,Combined TRACON& Tower with Radar,228,134,46,4,412,0,3,34,1,38,228,137,80,5,450,0,0,0,450
01/08/2006,BNA,TN,ASO,CE,Combined TRACON& Tower with Radar,225,122,41,9,397,0,1,21,1,23,225,123,62,10,420,0,0,0,420
01/09/2006,BNA,TN,ASO,CE,Combined TRACON& Tower with Radar,268,174,81,10,533,0,1,37,2,40,268,175,118,12,573,2,0,2,575
01/10/2006,BNA,TN,ASO,CE,Combined TRACON& Tower with Radar,277,192,97,9,575,0,0,0,0,0,277,192,97,9,575,0,0,0,575
01/11/2006,BNA,TN,ASO,CE,Combined TRACON& Tower with Radar,280,185,110,7,582,0,3,23,1,27,280,188,133,8,609,0,0,0,609
01/12/2006,BNA,TN,ASO,CE,Combined TRACON& Tower with Radar,285,189,107,5,586,0,2,65,6,73,285,191,172,11,659,0,0,0,659
01/13/2006,BNA,TN,ASO,CE,Combined TRACON& Tower with Radar,275,189,92,3,559,0,0,12,1,13,275,189,104,4,572,0,0,0,572
01/14/2006,BNA,TN,ASO,CE,Combined TRACON& Tower with Radar,247,133,57,1,438,0,0,23,1,24,247,133,80,2,462,4,0,4,466
01/15/2006,BNA,TN,ASO,CE,Combined TRACON& Tower with Radar,217,120,55,1,393,0,1,29,1,31,217,121,84,2,424,0,0,0,424
01/16/2006,BNA,TN,ASO,CE,Combined TRACON& Tower with Radar,265,150,75,3,493,0,3,16,1,20,265,153,91,4,513,0,0,0,513
01/17/2006,BNA,TN,ASO,CE,Combined TRACON& Tower with Radar,276,172,69,5,522,0,0,0,0,0,276,172,69,5,522,0,0,0,522
01/18/2006,BNA,TN,ASO,CE,Combined TRACON& Tower with Radar,288,200,102,6,596,0,4,26,0,30,288,204,128,6,626,0,0,0,626
01/19/2006,BNA,TN,ASO,CE,Combined TRACON& Tower with Radar,278,208,108,8,602,0,2,47,5,54,278,210,155,13,656,0,0,0,656
01/20/2006,BNA,TN,ASO,CE,Combined TRACON& Tower with Radar,283,190,101,13,587,0,1,27,2,30,283,191,128,15,617,0,0,0,617
01/21/2006,BNA,TN,ASO,CE,Combined TRACON& Tower with Radar,231,133,59,0,423,0,2,5,0,7,231,135,64,0,430,0,0,0,430
01/22/2006,BNA,TN,ASO,CE,Combined TRACON& Tower with Radar,214,130,54,6,404,0,1,1,0,2,214,131,55,6,406,0,0,0,406
01/23/2006,BNA,TN,ASO,CE,Combined TRACON& Tower with Radar,265,173,84,12,534,0,0,1,0,1,265,173,85,12,535,0,0,0,535
01/24/2006,BNA,TN,ASO,CE,Combined TRACON& Tower with Radar,284,203,120,6,613,0,0,0,0,0,284,203,120,6,613,0,0,0,613
01/25/2006,BNA,TN,ASO,CE,Combined TRACON& Tower with Radar,280,192,124,7,603,0,3,46,2,51,280,195,170,9,654,0,0,0,654
01/26/2006,BNA,TN,ASO,CE,Combined TRACON& Tower with Radar,278,203,118,11,610,0,5,0,0,5,278,208,118,11,615,0,0,0,615
01/27/2006,BNA,TN,ASO,CE,Combined TRACON& Tower with Radar,283,208,100,14,605,0,1,32,5,38,283,209,132,19,643,0,0,0,643
01/28/2006,BNA,TN,ASO,CE,Combined TRACON& Tower with Radar,231,121,43,1,396,0,4,29,0,33,231,125,72,1,429,0,0,0,429
01/29/2006,BNA,TN,ASO,CE,Combined TRACON& Tower with Radar,223,119,58,5,405,0,4,9,1,14,223,123,67,6,419,0,0,0,419
01/30/2006,BNA,TN,ASO,CE,Combined TRACON& Tower with Radar,264,158,90,11,523,0,4,15,1,20,264,162,105,12,543,0,0,0,543
01/31/2006,BNA,TN,ASO,CE,Combined TRACON& Tower with Radar,279,188,103,13,583,0,0,0,0,0,279,188,103,13,583,0,0,0,583
02/01/2006,BNA,TN,ASO,CE,Combined TRACON& Tower with Radar,287,192,94,8,581,0,2,32,2,36,287,194,126,10,617,6,0,6,623
02/02/2006,BNA,TN,ASO,CE,Combined TRACON& Tower with Radar,276,209,129,14,628,0,0,0,0,0,276,209,129,14,628,0,0,0,628
02/03/2006,BNA,TN,ASO,CE,Combined TRACON& Tower with Radar,280,198,116,9,603,0,4,14,1,19,280,202,130,10,622,0,0,0,622
02/04/2006,BNA,TN,ASO,CE,Combined TRACON& Tower with Radar,233,143,48,0,424,0,5,7,1,13,233,148,55,1,437,6,0,6,443
02/05/2006,BNA,TN,ASO,CE,Combined TRACON& Tower with Radar,213,140,47,1,401,0,3,30,0,33,213,143,77,1,434,0,0,0,434
02/06/2006,BNA,TN,ASO,CE,Combined TRACON& Tower with Radar,213,140,47,1,401,0,3,30,0,33,213,143,77,1,434,0,0,0,434
02/07/2006,BNA,TN,ASO,CE,Combined TRACON& Tower with Radar,272,207,105,6,590,0,0,0,0,0,272,207,105,6,590,0,0,0,590
02/08/2006,BNA,TN,ASO,CE,Combined TRACON& Tower with Radar,270,202,121,6,599,0,0,18,1,19,270,202,139,7,618,0,0,0,618
02/09/2006,BNA,TN,ASO,CE,Combined TRACON& Tower with Radar,285,209,125,10,629,0,5,46,6,57,285,214,171,16,686,0,0,0,686
02/10/2006,BNA,TN,ASO,CE,Combined TRACON& Tower with Radar,267,203,85,11,566,0,0,28,3,31,267,203,113,14,597,0,0,0,597
02/11/2006,BNA,TN,ASO,CE,Combined TRACON& Tower with Radar,236,132,29,6,403,0,0,3,3,6,236,132,32,9,409,0,0,0,409
02/12/2006,BNA,TN,ASO,CE,Combined TRACON& Tower with Radar,205,121,36,4,366,0,1,7,1,9,205,122,43,5,375,2,0,2,377
02/13/2006,BNA,TN,ASO,CE,Combined TRACON& Tower with Radar,205,122,43,5,375,0,0,0,0,0,205,122,43,5,375,2,0,2,377
02/14/2006,BNA,TN,ASO,CE,Combined TRACON& Tower with Radar,274,193,86,5,558,0,0,0,0,0,274,193,86,5,558,0,0,0,558
02/15/2006,BNA,TN,ASO,CE,Combined TRACON& Tower with Radar,272,209,145,9,635,0,2,45,3,50,272,211,190,12,685,12,0,12,697
02/16/2006,BNA,TN,ASO,CE,Combined TRACON& Tower with Radar,273,202,141,10,626,0,4,16,5,25,273,206,157,15,651,0,0,0,651
02/17/2006,BNA,TN,ASO,CE,Combined TRACON& Tower with Radar,278,194,133,8,613,0,7,26,3,36,278,201,159,11,649,0,0,0,649
02/18/2006,BNA,TN,ASO,CE,Combined TRACON& Tower with Radar,227,141,55,1,424,0,1,6,0,7,227,142,61,1,431,0,0,0,431
02/19/2006,BNA,TN,ASO,CE,Combined TRACON& Tower with Radar,217,124,58,3,402,0,3,15,0,18,217,127,73,3,420,0,0,0,420
02/20/2006,BNA,TN,ASO,CE,Combined TRACON& Tower with Radar,269,166,100,3,538,0,0,20,0,20,269,166,120,3,558,0,0,0,558
02/21/2006,BNA,TN,ASO,CE,Combined TRACON& Tower with Radar,279,184,108,10,581,0,0,0,0,0,279,184,108,10,581,0,0,0,581
02/22/2006,BNA,TN,ASO,CE,Combined TRACON& Tower with Radar,283,207,126,8,624,0,1,2,0,3,283,208,128,8,627,0,0,0,627
02/23/2006,BNA,TN,ASO,CE,Combined TRACON& Tower with Radar,281,203,143,12,639,0,6,51,2,59,281,209,194,14,698,0,0,0,698
02/24/2006,BNA,TN,ASO,CE,Combined TRACON& Tower with Radar,282,214,88,7,591,0,8,61,2,71,282,222,149,9,662,0,0,0,662
02/25/2006,BNA,TN,ASO,CE,Combined TRACON& Tower with Radar,236,130,47,6,419,0,3,28,1,32,236,133,75,7,451,0,0,0,451
02/26/2006,BNA,TN,ASO,CE,Combined TRACON& Tower with Radar,225,122,59,2,408,0,4,39,0,43,225,126,98,2,451,0,0,0,451
02/27/2006,BNA,TN,ASO,CE,Combined TRACON& Tower with Radar,266,164,103,11,544,0,7,29,0,36,266,171,132,11,580,0,0,0,580
02/28/2006,BNA,TN,ASO,CE,Combined TRACON& Tower with Radar,275,209,87,5,576,0,0,0,0,0,275,209,87,5,576,0,0,0,576
03/01/2006,BNA,TN,ASO,CE,Combined TRACON& Tower with Radar,286,194,114,5,599,0,4,40,9,53,286,198,154,14,652,0,0,0,652
03/02/2006,BNA,TN,ASO,CE,Combined TRACON& Tower with Radar,271,208,119,15,613,0,3,48,8,59,271,211,167,23,672,2,0,2,674
03/03/2006,BNA,TN,ASO,CE,Combined TRACON& Tower with Radar,284,198,111,4,597,0,1,35,3,39,284,199,146,7,636,0,0,0,636
03/04/2006,BNA,TN,ASO,CE,Combined TRACON& Tower with Radar,245,136,56,11,448,0,3,64,2,69,245,139,120,13,517,0,0,0,517
03/05/2006,BNA,TN,ASO,CE,Combined TRACON& Tower with Radar,210,125,65,5,405,0,1,33,2,36,210,126,98,7,441,2,0,2,443
03/06/2006,BNA,TN,ASO,CE,Combined TRACON& Tower with Radar,265,171,85,13,534,0,2,24,0,26,265,173,109,13,560,0,0,0,560
03/07/2006,BNA,TN,ASO,CE,Combined TRACON& Tower with Radar,281,213,116,11,621,0,0,0,0,0,281,213,116,11,621,0,0,0,621
03/08/2006,BNA,TN,ASO,CE,Combined TRACON& Tower with Radar,287,214,136,5,642,0,5,36,5,46,287,219,172,10,688,18,0,18,706
03/09/2006,BNA,TN,ASO,CE,Combined TRACON& Tower with Radar,269,175,112,6,562,0,4,7,3,14,269,179,119,9,576,0,0,0,576
03/10/2006,BNA,TN,ASO,CE,Combined TRACON& Tower with Radar,294,213,151,6,664,0,1,56,0,57,294,214,207,6,721,0,0,0,721
03/11/2006,BNA,TN,ASO,CE,Combined TRACON& Tower with Radar,246,133,67,1,447,0,2,23,0,25,246,135,90,1,472,0,0,0,472
03/12/2006,BNA,TN,ASO,CE,Combined TRACON& Tower with Radar,223,132,83,3,441,0,1,12,0,13,223,133,95,3,454,0,0,0,454
03/13/2006,BNA,TN,ASO,CE,Combined TRACON& Tower with Radar,268,151,58,3,480,0,4,6,0,10,268,155,64,3,490,0,0,0,490
03/14/2006,BNA,TN,ASO,CE,Combined TRACON& Tower with Radar,277,216,128,3,624,0,0,0,0,0,277,216,128,3,624,0,0,0,624
03/15/2006,BNA,TN,ASO,CE,Combined TRACON& Tower with Radar,290,220,110,5,625,0,6,48,1,55,290,226,158,6,680,0,0,0,680
03/16/2006,BNA,TN,ASO,CE,Combined TRACON& Tower with Radar,289,224,119,9,641,0,6,37,5,48,289,230,156,14,689,0,0,0,689
03/17/2006,BNA,TN,ASO,CE,Combined TRACON& Tower with Radar,279,214,148,17,658,0,3,22,2,27,279,217,170,19,685,0,0,0,685
03/18/2006,BNA,TN,ASO,CE,Combined TRACON& Tower with Radar,255,155,56,6,472,0,6,38,0,44,255,161,94,6,516,0,0,0,516
03/19/2006,BNA,TN,ASO,CE,Combined TRACON& Tower with Radar,220,146,86,2,454,0,6,31,3,40,220,152,117,5,494,0,0,0,494
03/20/2006,BNA,TN,ASO,CE,Combined TRACON& Tower with Radar,261,167,69,1,498,0,0,6,2,8,261,167,75,3,506,0,0,0,506
03/21/2006,BNA,TN,ASO,CE,Combined TRACON& Tower with Radar,288,212,100,6,606,0,0,0,0,0,288,212,100,6,606,0,0,0,606
03/22/2006,BNA,TN,ASO,CE,Combined TRACON& Tower with Radar,280,200,112,8,600,0,4,58,2,64,280,204,170,10,664,0,0,0,664
03/23/2006,BNA,TN,ASO,CE,Combined TRACON& Tower with Radar,272,202,139,15,628,0,4,51,3,58,272,206,190,18,686,0,0,0,686
03/24/2006,BNA,TN,ASO,CE,Combined TRACON& Tower with Radar,282,219,110,14,625,0,2,35,1,38,282,221,145,15,663,0,0,0,663
03/25/2006,BNA,TN,ASO,CE,Combined TRACON& Tower with Radar,243,151,72,8,474,0,4,31,1,36,243,155,103,9,510,0,0,0,510
03/26/2006,BNA,TN,ASO,CE,Combined TRACON& Tower with Radar,224,136,107,7,474,0,2,32,0,34,224,138,139,7,508,0,0,0,508
03/27/2006,BNA,TN,ASO,CE,Combined TRACON& Tower with Radar,261,167,94,5,527,0,3,33,2,38,261,170,127,7,565,0,0,0,565
03/28/2006,BNA,TN,ASO,CE,Combined TRACON& Tower with Radar,276,224,111,11,622,0,0,0,0,0,276,224,111,11,622,0,0,0,622
03/29/2006,BNA,TN,ASO,CE,Combined TRACON& Tower with Radar,286,209,120,5,620,0,7,62,5,74,286,216,182,10,694,0,0,0,694
03/30/2006,BNA,TN,ASO,CE,Combined TRACON& Tower with Radar,280,199,102,7,588,0,1,68,4,73,280,200,170,11,661,8,0,8,669
03/31/2006,BNA,TN,ASO,CE,Combined TRACON& Tower with Radar,278,190,109,8,585,0,5,10,2,17,278,195,119,10,602,0,0,0,602
04/01/2006,BNA,TN,ASO,CE,Combined TRACON& Tower with Radar,257,150,67,2,476,0,4,53,1,58,257,154,120,3,534,0,0,0,534
04/02/2006,BNA,TN,ASO,CE,Combined TRACON& Tower with Radar,233,131,90,7,461,0,3,8,2,13,233,134,98,9,474,2,0,2,476
04/03/2006,BNA,TN,ASO,CE,Combined TRACON& Tower with Radar,273,165,113,8,559,0,1,12,5,18,273,166,125,13,577,0,0,0,577
04/04/2006,BNA,TN,ASO,CE,Combined TRACON& Tower with Radar,282,203,130,9,624,0,0,0,0,0,282,203,130,9,624,0,0,0,624
04/05/2006,BNA,TN,ASO,CE,Combined TRACON& Tower with Radar,290,217,108,6,621,0,4,71,5,80,290,221,179,11,701,0,0,0,701
04/06/2006,BNA,TN,ASO,CE,Combined TRACON& Tower with Radar,280,211,127,12,630,0,7,28,4,39,280,218,155,16,669,8,0,8,677
04/07/2006,BNA,TN,ASO,CE,Combined TRACON& Tower with Radar,279,201,81,11,572,0,5,16,3,24,279,206,97,14,596,0,0,0,596
04/08/2006,BNA,TN,ASO,CE,Combined TRACON& Tower with Radar,257,146,59,6,468,0,0,13,4,17,257,146,72,10,485,0,0,0,485
04/09/2006,BNA,TN,ASO,CE,Combined TRACON& Tower with Radar,242,143,79,16,480,0,4,57,2,63,242,147,136,18,543,3,0,3,546
04/10/2006,BNA,TN,ASO,CE,Combined TRACON& Tower with Radar,277,171,122,17,587,0,3,77,3,83,277,174,199,20,670,0,0,0,670
04/11/2006,BNA,TN,ASO,CE,Combined TRACON& Tower with Radar,286,211,134,18,649,0,0,0,0,0,286,211,134,18,649,0,0,0,649
04/12/2006,BNA,TN,ASO,CE,Combined TRACON& Tower with Radar,288,234,120,14,656,0,0,0,0,0,288,234,120,14,656,0,0,0,656
04/13/2006,BNA,TN,ASO,CE,Combined TRACON& Tower with Radar,287,206,131,16,640,0,0,0,0,0,287,206,131,16,640,0,0,0,640
04/14/2006,BNA,TN,ASO,CE,Combined TRACON& Tower with Radar,283,207,95,7,592,0,1,49,3,53,283,208,144,10,645,0,0,0,645
04/15/2006,BNA,TN,ASO,CE,Combined TRACON& Tower with Radar,242,148,38,3,431,0,5,33,0,38,242,153,71,3,469,0,0,0,469
04/16/2006,BNA,TN,ASO,CE,Combined TRACON& Tower with Radar,230,132,40,1,403,0,2,18,1,21,230,134,58,2,424,6,0,6,430
04/17/2006,BNA,TN,ASO,CE,Combined TRACON& Tower with Radar,273,169,100,10,552,0,4,35,1,40,273,173,135,11,592,0,0,0,592
04/18/2006,BNA,TN,ASO,CE,Combined TRACON& Tower with Radar,286,201,126,6,619,0,0,0,0,0,286,201,126,6,619,0,0,0,619
04/19/2006,BNA,TN,ASO,CE,Combined TRACON& Tower with Radar,287,206,126,5,624,0,0,0,0,0,287,206,126,5,624,0,0,0,624
04/20/2006,BNA,TN,ASO,CE,Combined TRACON& Tower with Radar,283,210,131,6,630,0,0,0,0,0,283,210,131,6,630,0,0,0,630
04/21/2006,BNA,TN,ASO,CE,Combined TRACON& Tower with Radar,288,216,100,6,610,0,1,11,1,13,288,217,111,7,623,0,0,0,623
04/22/2006,BNA,TN,ASO,CE,Combined TRACON& Tower with Radar,249,156,49,0,454,0,3,41,0,44,249,159,90,0,498,5,0,5,503
04/23/2006,BNA,TN,ASO,CE,Combined TRACON& Tower with Radar,238,146,78,4,466,0,0,28,0,28,238,146,106,4,494,0,0,0,494
04/24/2006,BNA,TN,ASO,CE,Combined TRACON& Tower with Radar,280,181,98,3,562,0,3,26,2,31,280,184,124,5,593,0,0,0,593
04/25/2006,BNA,TN,ASO,CE,Combined TRACON& Tower with Radar,284,215,126,9,634,0,0,0,0,0,284,215,126,9,634,0,0,0,634
04/26/2006,BNA,TN,ASO,CE,Combined TRACON& Tower with Radar,294,215,134,11,654,0,0,6,1,7,294,215,140,12,661,0,0,0,661
04/27/2006,BNA,TN,ASO,CE,Combined TRACON& Tower with Radar,289,219,133,10,651,0,10,63,4,77,289,229,196,14,728,0,0,0,728
04/28/2006,BNA,TN,ASO,CE,Combined TRACON& Tower with Radar,291,228,120,9,648,0,15,74,2,91,291,243,194,11,739,0,0,0,739
04/29/2006,BNA,TN,ASO,CE,Combined TRACON& Tower with Radar,248,139,65,0,452,0,3,26,0,29,248,142,91,0,481,0,0,0,481
04/30/2006,BNA,TN,ASO,CE,Combined TRACON& Tower with Radar,232,132,89,14,467,0,4,1,0,5,232,136,90,14,472,0,0,0,472
05/01/2006,BNA,TN,ASO,CE,Combined TRACON& Tower with Radar,282,180,85,4,551,0,3,29,3,35,282,183,114,7,586,0,0,0,586
05/02/2006,BNA,TN,ASO,CE,Combined TRACON& Tower with Radar,283,207,136,8,634,0,0,0,0,0,283,207,136,8,634,0,0,0,634
05/03/2006,BNA,TN,ASO,CE,Combined TRACON& Tower with Radar,287,212,130,4,633,0,5,46,2,53,287,217,176,6,686,0,0,0,686
05/04/2006,BNA,TN,ASO,CE,Combined TRACON& Tower with Radar,288,217,119,10,634,0,8,30,2,40,288,225,149,12,674,0,0,0,674
05/05/2006,BNA,TN,ASO,CE,Combined TRACON& Tower with Radar,283,203,100,6,592,0,6,22,0,28,283,209,122,6,620,0,0,0,620
05/06/2006,BNA,TN,ASO,CE,Combined TRACON& Tower with Radar,253,149,45,2,449,0,6,39,1,46,253,155,84,3,495,0,0,0,495
05/07/2006,BNA,TN,ASO,CE,Combined TRACON& Tower with Radar,225,149,91,11,476,0,1,7,0,8,225,150,98,11,484,0,2,2,486
05/08/2006,BNA,TN,ASO,CE,Combined TRACON& Tower with Radar,267,179,125,7,578,0,2,15,0,17,267,181,140,7,595,0,0,0,595
05/09/2006,BNA,TN,ASO,CE,Combined TRACON& Tower with Radar,278,205,122,18,623,0,0,0,0,0,278,205,122,18,623,0,0,0,623
05/10/2006,BNA,TN,ASO,CE,Combined TRACON& Tower with Radar,283,224,100,1,608,0,5,5,0,10,283,229,105,1,618,0,0,0,618
05/11/2006,BNA,TN,ASO,CE,Combined TRACON& Tower with Radar,286,233,159,11,689,5,51,141,8,205,291,284,300,19,894,0,0,0,894
05/12/2006,BNA,TN,ASO,CE,Combined TRACON& Tower with Radar,287,220,152,7,666,0,2,35,1,38,287,222,187,8,704,0,0,0,704
05/13/2006,BNA,TN,ASO,CE,Combined TRACON& Tower with Radar,243,153,51,2,449,0,6,38,2,46,243,159,89,4,495,0,0,0,495
05/14/2006,BNA,TN,ASO,CE,Combined TRACON& Tower with Radar,230,134,55,4,423,0,3,7,0,10,230,137,62,4,433,0,0,0,433
05/15/2006,BNA,TN,ASO,CE,Combined TRACON& Tower with Radar,259,171,86,3,519,0,2,13,0,15,259,173,99,3,534,0,0,0,534
05/16/2006,BNA,TN,ASO,CE,Combined TRACON& Tower with Radar,282,208,107,7,604,0,1,13,0,14,282,209,120,7,618,0,0,0,618
05/17/2006,BNA,TN,ASO,CE,Combined TRACON& Tower with Radar,288,216,130,5,639,0,1,24,3,28,288,217,154,8,667,0,0,0,667
05/18/2006,BNA,TN,ASO,CE,Combined TRACON& Tower with Radar,284,225,115,3,627,0,3,53,1,57,284,228,168,4,684,0,0,0,684
05/19/2006,BNA,TN,ASO,CE,Combined TRACON& Tower with Radar,288,205,124,6,623,0,6,44,2,52,288,211,168,8,675,0,0,0,675
05/20/2006,BNA,TN,ASO,CE,Combined TRACON& Tower with Radar,245,147,61,5,458,1,8,45,0,54,246,155,106,5,512,5,0,5,517
05/21/2006,BNA,TN,ASO,CE,Combined TRACON& Tower with Radar,228,137,72,3,440,0,15,14,0,29,228,152,86,3,469,0,0,0,469
05/22/2006,BNA,TN,ASO,CE,Combined TRACON& Tower with Radar,272,170,79,9,530,0,1,33,0,34,272,171,112,9,564,0,0,0,564
05/23/2006,BNA,TN,ASO,CE,Combined TRACON& Tower with Radar,280,203,110,6,599,0,0,0,0,0,280,203,110,6,599,0,0,0,599
05/24/2006,BNA,TN,ASO,CE,Combined TRACON& Tower with Radar,280,208,139,18,645,0,7,58,3,68,280,215,197,21,713,2,0,2,715
05/25/2006,BNA,TN,ASO,CE,Combined TRACON& Tower with Radar,275,225,105,8,613,0,2,16,3,21,275,227,121,11,634,0,0,0,634
05/26/2006,BNA,TN,ASO,CE,Combined TRACON& Tower with Radar,300,224,113,6,643,0,5,45,5,55,300,229,158,11,698,0,0,0,698
05/27/2006,BNA,TN,ASO,CE,Combined TRACON& Tower with Radar,250,153,40,4,447,0,1,29,5,35,250,154,69,9,482,0,0,0,482
05/28/2006,BNA,TN,ASO,CE,Combined TRACON& Tower with Radar,221,117,28,1,367,0,3,20,0,23,221,120,48,1,390,4,0,4,394
05/29/2006,BNA,TN,ASO,CE,Combined TRACON& Tower with Radar,229,127,48,5,409,0,4,24,2,30,229,131,72,7,439,0,0,0,439
05/30/2006,BNA,TN,ASO,CE,Combined TRACON& Tower with Radar,266,152,103,9,530,0,0,0,0,0,266,152,103,9,530,0,0,0,530
05/31/2006,BNA,TN,ASO,CE,Combined TRACON& Tower with Radar,271,219,101,4,595,0,0,0,0,0,271,219,101,4,595,14,0,14,609
06/01/2006,BNA,TN,ASO,CE,Combined TRACON& Tower with Radar,295,214,84,6,599,0,2,32,3,37,295,216,116,9,636,0,0,0,636
06/02/2006,BNA,TN,ASO,CE,Combined TRACON& Tower with Radar,288,192,93,6,579,0,1,19,0,20,288,193,112,6,599,0,0,0,599
06/03/2006,BNA,TN,ASO,CE,Combined TRACON& Tower with Radar,241,150,56,11,458,0,5,40,3,48,241,155,96,14,506,0,0,0,506
06/04/2006,BNA,TN,ASO,CE,Combined TRACON& Tower with Radar,231,125,56,8,420,0,2,35,5,42,231,127,91,13,462,4,0,4,466
06/05/2006,BNA,TN,ASO,CE,Combined TRACON& Tower with Radar,276,169,94,13,552,0,5,39,2,46,276,174,133,15,598,0,0,0,598
06/06/2006,BNA,TN,ASO,CE,Combined TRACON& Tower with Radar,274,221,110,10,615,0,0,0,0,0,274,221,110,10,615,0,0,0,615
06/07/2006,BNA,TN,ASO,CE,Combined TRACON& Tower with Radar,276,218,139,10,643,0,0,0,0,0,276,218,139,10,643,0,0,0,643
06/08/2006,BNA,TN,ASO,CE,Combined TRACON& Tower with Radar,284,203,136,9,632,0,5,40,3,48,284,208,176,12,680,0,0,0,680
06/09/2006,BNA,TN,ASO,CE,Combined TRACON& Tower with Radar,287,210,100,12,609,0,5,52,9,66,287,215,152,21,675,0,0,0,675
06/10/2006,BNA,TN,ASO,CE,Combined TRACON& Tower with Radar,239,154,48,3,444,0,8,48,2,58,239,162,96,5,502,0,0,0,502
06/11/2006,BNA,TN,ASO,CE,Combined TRACON& Tower with Radar,230,128,69,5,432,0,2,38,0,40,230,130,107,5,472,0,0,0,472
06/12/2006,BNA,TN,ASO,CE,Combined TRACON& Tower with Radar,231,128,69,5,433,0,2,40,0,42,231,130,109,5,475,0,0,0,475
06/13/2006,BNA,TN,ASO,CE,Combined TRACON& Tower with Radar,277,179,88,9,553,0,0,0,0,0,277,179,88,9,553,0,0,0,553
06/14/2006,BNA,TN,ASO,CE,Combined TRACON& Tower with Radar,294,194,115,6,609,0,1,40,3,44,294,195,155,9,653,0,0,0,653
06/15/2006,BNA,TN,ASO,CE,Combined TRACON& Tower with Radar,286,207,121,12,626,0,6,70,1,77,286,213,191,13,703,0,0,0,703
06/16/2006,BNA,TN,ASO,CE,Combined TRACON& Tower with Radar,289,213,100,17,619,0,8,66,6,80,289,221,166,23,699,0,0,0,699
06/17/2006,BNA,TN,ASO,CE,Combined TRACON& Tower with Radar,262,156,44,8,470,0,5,36,0,41,262,161,80,8,511,0,0,0,511
06/18/2006,BNA,TN,ASO,CE,Combined TRACON& Tower with Radar,238,139,39,4,420,0,1,10,2,13,238,140,49,6,433,0,0,0,433
06/19/2006,BNA,TN,ASO,CE,Combined TRACON& Tower with Radar,266,169,104,13,552,0,3,30,1,34,266,172,134,14,586,0,0,0,586
06/20/2006,BNA,TN,ASO,CE,Combined TRACON& Tower with Radar,291,199,117,9,616,0,0,0,0,0,291,199,117,9,616,0,0,0,616
06/21/2006,BNA,TN,ASO,CE,Combined TRACON& Tower with Radar,277,203,122,4,606,0,4,45,5,54,277,207,167,9,660,0,0,0,660
06/22/2006,BNA,TN,ASO,CE,Combined TRACON& Tower with Radar,282,216,139,11,648,0,3,54,2,59,282,219,193,13,707,0,0,0,707
06/23/2006,BNA,TN,ASO,CE,Combined TRACON& Tower with Radar,288,204,102,14,608,0,4,49,1,54,288,208,151,15,662,0,0,0,662
06/24/2006,BNA,TN,ASO,CE,Combined TRACON& Tower with Radar,254,146,54,15,469,0,1,21,1,23,254,147,75,16,492,0,0,0,492
06/25/2006,BNA,TN,ASO,CE,Combined TRACON& Tower with Radar,224,144,83,9,460,0,2,30,3,35,224,146,113,12,495,0,0,0,495
06/26/2006,BNA,TN,ASO,CE,Combined TRACON& Tower with Radar,224,144,83,9,460,0,2,30,3,35,224,146,113,12,495,0,0,0,495
06/27/2006,BNA,TN,ASO,CE,Combined TRACON& Tower with Radar,296,196,133,12,637,0,0,0,0,0,296,196,133,12,637,0,0,0,637
06/28/2006,BNA,TN,ASO,CE,Combined TRACON& Tower with Radar,286,204,123,6,619,0,0,1,0,1,286,204,124,6,620,0,0,0,620
06/29/2006,BNA,TN,ASO,CE,Combined TRACON& Tower with Radar,277,212,125,9,623,2,7,63,5,77,279,219,188,14,700,0,0,0,700
06/30/2006,BNA,TN,ASO,CE,Combined TRACON& Tower with Radar,283,201,105,5,594,0,4,56,1,61,283,205,161,6,655,0,0,0,655
07/01/2006,BNA,TN,ASO,CE,Combined TRACON& Tower with Radar,254,156,52,13,475,0,5,40,0,45,254,161,92,13,520,0,0,0,520
07/02/2006,BNA,TN,ASO,CE,Combined TRACON& Tower with Radar,232,137,26,0,395,0,5,34,3,42,232,142,60,3,437,0,0,0,437
07/03/2006,BNA,TN,ASO,CE,Combined TRACON& Tower with Radar,249,144,35,1,429,0,4,31,0,35,249,148,66,1,464,0,0,0,464
07/04/2006,BNA,TN,ASO,CE,Combined TRACON& Tower with Radar,214,142,30,0,386,0,6,23,0,29,214,148,53,0,415,0,0,0,415
07/05/2006,BNA,TN,ASO,CE,Combined TRACON& Tower with Radar,265,165,71,5,506,0,0,10,1,11,265,165,81,6,517,0,0,0,517
07/06/2006,BNA,TN,ASO,CE,Combined TRACON& Tower with Radar,295,215,104,13,627,0,4,38,0,42,295,219,142,13,669,0,0,0,669
07/07/2006,BNA,TN,ASO,CE,Combined TRACON& Tower with Radar,288,200,122,10,620,0,11,54,1,66,288,211,176,11,686,2,0,2,688
07/08/2006,BNA,TN,ASO,CE,Combined TRACON& Tower with Radar,254,148,54,13,469,0,1,44,9,54,254,149,98,22,523,0,0,0,523
07/09/2006,BNA,TN,ASO,CE,Combined TRACON& Tower with Radar,239,151,72,6,468,0,3,42,5,50,239,154,114,11,518,0,0,0,518
07/10/2006,BNA,TN,ASO,CE,Combined TRACON& Tower with Radar,272,155,87,2,516,0,1,19,3,23,272,156,106,5,539,0,0,0,539
07/11/2006,BNA,TN,ASO,CE,Combined TRACON& Tower with Radar,279,215,99,7,600,0,0,0,0,0,279,215,99,7,600,0,0,0,600
07/12/2006,BNA,TN,ASO,CE,Combined TRACON& Tower with Radar,285,197,135,10,627,0,9,40,1,50,285,206,175,11,677,0,0,0,677
07/13/2006,BNA,TN,ASO,CE,Combined TRACON& Tower with Radar,286,227,111,10,634,0,7,51,1,59,286,234,162,11,693,0,0,0,693
07/14/2006,BNA,TN,ASO,CE,Combined TRACON& Tower with Radar,290,201,111,23,625,0,3,52,5,60,290,204,163,28,685,0,0,0,685
07/15/2006,BNA,TN,ASO,CE,Combined TRACON& Tower with Radar,259,148,64,3,474,0,5,18,1,24,259,153,82,4,498,0,0,0,498
07/16/2006,BNA,TN,ASO,CE,Combined TRACON& Tower with Radar,259,148,64,3,474,0,5,18,1,24,259,153,82,4,498,0,0,0,498
07/17/2006,BNA,TN,ASO,CE,Combined TRACON& Tower with Radar,272,182,115,13,582,0,4,46,1,51,272,186,161,14,633,0,0,0,633
07/18/2006,BNA,TN,ASO,CE,Combined TRACON& Tower with Radar,268,200,94,11,573,0,0,0,0,0,268,200,94,11,573,0,0,0,573
07/19/2006,BNA,TN,ASO,CE,Combined TRACON& Tower with Radar,290,213,121,9,633,0,0,0,0,0,290,213,121,9,633,0,0,0,633
07/20/2006,BNA,TN,ASO,CE,Combined TRACON& Tower with Radar,276,216,118,15,625,0,3,52,1,56,276,219,170,16,681,0,0,0,681
07/21/2006,BNA,TN,ASO,CE,Combined TRACON& Tower with Radar,281,191,104,16,592,0,5,33,3,41,281,196,137,19,633,0,0,0,633
07/22/2006,BNA,TN,ASO,CE,Combined TRACON& Tower with Radar,257,143,54,4,458,0,2,7,0,9,257,145,61,4,467,0,0,0,467
07/23/2006,BNA,TN,ASO,CE,Combined TRACON& Tower with Radar,252,147,55,7,461,0,10,39,2,51,252,157,94,9,512,0,0,0,512
07/24/2006,BNA,TN,ASO,CE,Combined TRACON& Tower with Radar,274,184,92,6,556,0,1,48,2,51,274,185,140,8,607,0,0,0,607
07/25/2006,BNA,TN,ASO,CE,Combined TRACON& Tower with Radar,283,220,105,7,615,0,0,0,0,0,283,220,105,7,615,0,0,0,615
07/26/2006,BNA,TN,ASO,CE,Combined TRACON& Tower with Radar,288,212,148,1,649,0,0,0,0,0,288,212,148,1,649,0,0,0,649
07/27/2006,BNA,TN,ASO,CE,Combined TRACON& Tower with Radar,279,197,109,11,596,0,0,0,0,0,279,197,109,11,596,0,0,0,596
07/28/2006,BNA,TN,ASO,CE,Combined TRACON& Tower with Radar,287,192,87,12,578,0,2,32,1,35,287,194,119,13,613,0,0,0,613
07/29/2006,BNA,TN,ASO,CE,Combined TRACON& Tower with Radar,259,159,41,1,460,0,1,6,1,8,259,160,47,2,468,0,0,0,468
07/30/2006,BNA,TN,ASO,CE,Combined TRACON& Tower with Radar,237,132,43,7,419,0,1,20,0,21,237,133,63,7,440,0,1,1,441
07/31/2006,BNA,TN,ASO,CE,Combined TRACON& Tower with Radar,287,166,87,11,551,0,2,44,3,49,287,168,131,14,600,0,0,0,600
08/01/2006,BNA,TN,ASO,CE,Combined TRACON& Tower with Radar,278,217,99,5,599,0,0,0,0,0,278,217,99,5,599,0,0,0,599
08/02/2006,BNA,TN,ASO,CE,Combined TRACON& Tower with Radar,285,212,87,4,588,0,8,45,5,58,285,220,132,9,646,0,0,0,646
08/03/2006,BNA,TN,ASO,CE,Combined TRACON& Tower with Radar,267,219,133,11,630,0,7,45,1,53,267,226,178,12,683,0,0,0,683
08/04/2006,BNA,TN,ASO,CE,Combined TRACON& Tower with Radar,297,194,104,11,606,0,4,41,0,45,297,198,145,11,651,0,0,0,651
08/05/2006,BNA,TN,ASO,CE,Combined TRACON& Tower with Radar,262,156,50,6,474,0,0,16,0,16,262,156,66,6,490,0,0,0,490
08/06/2006,BNA,TN,ASO,CE,Combined TRACON& Tower with Radar,242,143,50,2,437,0,6,33,1,40,242,149,83,3,477,0,0,0,477
08/07/2006,BNA,TN,ASO,CE,Combined TRACON& Tower with Radar,277,166,81,4,528,0,1,37,0,38,277,167,118,4,566,0,0,0,566
08/08/2006,BNA,TN,ASO,CE,Combined TRACON& Tower with Radar,284,221,114,3,622,0,0,0,0,0,284,221,114,3,622,0,0,0,622
08/09/2006,BNA,TN,ASO,CE,Combined TRACON& Tower with Radar,299,206,142,3,650,0,5,54,4,63,299,211,196,7,713,2,0,2,715
08/10/2006,BNA,TN,ASO,CE,Combined TRACON& Tower with Radar,264,192,97,8,561,0,0,0,0,0,264,192,97,8,561,0,0,0,561
08/11/2006,BNA,TN,ASO,CE,Combined TRACON& Tower with Radar,316,224,88,13,641,0,1,7,1,9,316,225,95,14,650,0,0,0,650
08/12/2006,BNA,TN,ASO,CE,Combined TRACON& Tower with Radar,263,155,76,11,505,0,1,12,5,18,263,156,88,16,523,0,0,0,523
08/13/2006,BNA,TN,ASO,CE,Combined TRACON& Tower with Radar,241,149,62,3,455,0,1,8,1,10,241,150,70,4,465,0,0,0,465
08/14/2006,BNA,TN,ASO,CE,Combined TRACON& Tower with Radar,282,172,95,4,553,0,3,32,1,36,282,175,127,5,589,0,0,0,589
08/15/2006,BNA,TN,ASO,CE,Combined TRACON& Tower with Radar,283,202,124,11,620,0,0,0,0,0,283,202,124,11,620,0,0,0,620
08/16/2006,BNA,TN,ASO,CE,Combined TRACON& Tower with Radar,289,211,120,6,626,2,3,40,1,46,291,214,160,7,672,0,0,0,672
08/17/2006,BNA,TN,ASO,CE,Combined TRACON& Tower with Radar,289,217,131,14,651,0,0,0,0,0,289,217,131,14,651,0,0,0,651
08/18/2006,BNA,TN,ASO,CE,Combined TRACON& Tower with Radar,287,215,123,10,635,0,10,47,11,68,287,225,170,21,703,0,0,0,703
08/19/2006,BNA,TN,ASO,CE,Combined TRACON& Tower with Radar,259,156,69,9,493,0,6,27,2,35,259,162,96,11,528,0,0,0,528
08/20/2006,BNA,TN,ASO,CE,Combined TRACON& Tower with Radar,239,147,59,4,449,0,0,11,10,21,239,147,70,14,470,0,0,0,470
08/21/2006,BNA,TN,ASO,CE,Combined TRACON& Tower with Radar,281,174,101,12,568,0,5,19,2,26,281,179,120,14,594,0,0,0,594
08/22/2006,BNA,TN,ASO,CE,Combined TRACON& Tower with Radar,289,199,110,7,605,0,0,0,0,0,289,199,110,7,605,0,0,0,605
08/23/2006,BNA,TN,ASO,CE,Combined TRACON& Tower with Radar,295,209,120,2,626,0,0,0,0,0,295,209,120,2,626,0,0,0,626
08/24/2006,BNA,TN,ASO,CE,Combined TRACON& Tower with Radar,266,207,142,6,621,0,0,0,0,0,266,207,142,6,621,0,0,0,621
08/25/2006,BNA,TN,ASO,CE,Combined TRACON& Tower with Radar,304,214,116,6,640,0,5,60,1,66,304,219,176,7,706,0,0,0,706
08/26/2006,BNA,TN,ASO,CE,Combined TRACON& Tower with Radar,267,145,68,3,483,0,4,29,1,34,267,149,97,4,517,0,0,0,517
08/27/2006,BNA,TN,ASO,CE,Combined TRACON& Tower with Radar,248,137,48,2,435,0,6,21,2,29,248,143,69,4,464,0,0,0,464
08/28/2006,BNA,TN,ASO,CE,Combined TRACON& Tower with Radar,278,168,79,6,531,0,4,25,1,30,278,172,104,7,561,4,0,4,565
08/29/2006,BNA,TN,ASO,CE,Combined TRACON& Tower with Radar,280,194,122,5,601,0,0,15,5,20,280,194,137,10,621,0,0,0,621
08/30/2006,BNA,TN,ASO,CE,Combined TRACON& Tower with Radar,255,190,91,3,539,0,2,9,0,11,255,192,100,3,550,0,0,0,550
08/31/2006,BNA,TN,ASO,CE,Combined TRACON& Tower with Radar,297,192,128,14,631,0,4,38,4,46,297,196,166,18,677,0,0,0,677
09/01/2006,BNA,TN,ASO,CE,Combined TRACON& Tower with Radar,299,219,69,6,593,0,7,29,0,36,299,226,98,6,629,0,0,0,629
09/02/2006,BNA,TN,ASO,CE,Combined TRACON& Tower with Radar,279,142,44,2,467,0,1,24,0,25,279,143,68,2,492,0,0,0,492
09/03/2006,BNA,TN,ASO,CE,Combined TRACON& Tower with Radar,229,119,30,3,381,0,3,10,0,13,229,122,40,3,394,0,0,0,394
09/04/2006,BNA,TN,ASO,CE,Combined TRACON& Tower with Radar,262,136,38,1,437,0,3,25,2,30,262,139,63,3,467,0,0,0,467
09/05/2006,BNA,TN,ASO,CE,Combined TRACON& Tower with Radar,275,159,95,3,532,0,4,28,2,34,275,163,123,5,566,0,0,0,566
09/06/2006,BNA,TN,ASO,CE,Combined TRACON& Tower with Radar,307,203,104,11,625,0,4,45,5,54,307,207,149,16,679,0,0,0,679
09/07/2006,BNA,TN,ASO,CE,Combined TRACON& Tower with Radar,308,213,104,10,635,0,0,0,0,0,308,213,104,10,635,0,0,0,635
09/08/2006,BNA,TN,ASO,CE,Combined TRACON& Tower with Radar,314,213,134,14,675,0,4,54,2,60,314,217,188,16,735,0,0,0,735
09/09/2006,BNA,TN,ASO,CE,Combined TRACON& Tower with Radar,278,141,45,14,478,0,5,27,3,35,278,146,72,17,513,0,0,0,513
09/10/2006,BNA,TN,ASO,CE,Combined TRACON& Tower with Radar,250,138,68,5,461,0,3,15,2,20,250,141,83,7,481,0,0,0,481
09/11/2006,BNA,TN,ASO,CE,Combined TRACON& Tower with Radar,282,184,113,5,584,0,8,31,0,39,282,192,144,5,623,0,0,0,623
09/12/2006,BNA,TN,ASO,CE,Combined TRACON& Tower with Radar,302,210,112,7,631,0,0,0,0,0,302,210,112,7,631,0,0,0,631
09/13/2006,BNA,TN,ASO,CE,Combined TRACON& Tower with Radar,307,208,127,9,651,0,2,28,0,30,307,210,155,9,681,2,0,2,683
09/14/2006,BNA,TN,ASO,CE,Combined TRACON& Tower with Radar,309,223,139,17,688,0,0,0,0,0,309,223,139,17,688,0,0,0,688
09/15/2006,BNA,TN,ASO,CE,Combined TRACON& Tower with Radar,304,190,131,14,639,0,3,43,1,47,304,193,174,15,686,0,0,0,686
09/16/2006,BNA,TN,ASO,CE,Combined TRACON& Tower with Radar,277,145,57,10,489,0,3,31,2,36,277,148,88,12,525,0,0,0,525
09/17/2006,BNA,TN,ASO,CE,Combined TRACON& Tower with Radar,243,145,84,6,478,0,2,27,1,30,243,147,111,7,508,0,0,0,508
09/18/2006,BNA,TN,ASO,CE,Combined TRACON& Tower with Radar,243,145,84,6,478,0,2,27,1,30,243,147,111,7,508,0,0,0,508
09/19/2006,BNA,TN,ASO,CE,Combined TRACON& Tower with Radar,290,215,102,5,612,0,0,0,0,0,290,215,102,5,612,0,0,0,612
09/20/2006,BNA,TN,ASO,CE,Combined TRACON& Tower with Radar,327,193,121,6,647,0,3,55,3,61,327,196,176,9,708,0,0,0,708
09/21/2006,BNA,TN,ASO,CE,Combined TRACON& Tower with Radar,304,217,121,10,652,0,0,0,0,0,304,217,121,10,652,0,0,0,652
09/22/2006,BNA,TN,ASO,CE,Combined TRACON& Tower with Radar,303,204,103,7,617,0,2,13,5,20,303,206,116,12,637,0,0,0,637
09/23/2006,BNA,TN,ASO,CE,Combined TRACON& Tower with Radar,275,123,28,2,428,0,2,5,0,7,275,125,33,2,435,0,0,0,435
09/24/2006,BNA,TN,ASO,CE,Combined TRACON& Tower with Radar,251,130,68,5,454,0,0,16,2,18,251,130,84,7,472,0,0,0,472
09/25/2006,BNA,TN,ASO,CE,Combined TRACON& Tower with Radar,301,165,106,4,576,0,3,23,6,32,301,168,129,10,608,0,0,0,608
09/26/2006,BNA,TN,ASO,CE,Combined TRACON& Tower with Radar,303,198,99,1,601,0,0,0,0,0,303,198,99,1,601,0,0,0,601
09/27/2006,BNA,TN,ASO,CE,Combined TRACON& Tower with Radar,306,190,140,1,637,0,5,64,4,73,306,195,204,5,710,0,0,0,710
09/28/2006,BNA,TN,ASO,CE,Combined TRACON& Tower with Radar,292,199,150,0,641,0,2,20,0,22,292,201,170,0,663,0,0,0,663
09/29/2006,BNA,TN,ASO,CE,Combined TRACON& Tower with Radar,310,204,141,2,657,0,9,48,3,60,310,213,189,5,717,0,0,0,717
09/30/2006,BNA,TN,ASO,CE,Combined TRACON& Tower with Radar,264,142,59,0,465,0,6,43,2,51,264,148,102,2,516,0,0,0,516
10/01/2006,BNA,TN,ASO,CE,Combined TRACON& Tower with Radar,254,164,100,1,519,0,3,37,0,40,254,167,137,1,559,0,0,0,559
10/02/2006,BNA,TN,ASO,CE,Combined TRACON& Tower with Radar,280,177,76,5,538,0,6,41,0,47,280,183,117,5,585,0,0,0,585
10/03/2006,BNA,TN,ASO,CE,Combined TRACON& Tower with Radar,304,195,134,10,643,0,5,48,2,55,304,200,182,12,698,0,0,0,698
10/04/2006,BNA,TN,ASO,CE,Combined TRACON& Tower with Radar,308,199,108,5,620,0,2,53,3,58,308,201,161,8,678,0,0,0,678
10/05/2006,BNA,TN,ASO,CE,Combined TRACON& Tower with Radar,304,211,121,9,645,0,7,27,1,35,304,218,148,10,680,0,0,0,680
10/06/2006,BNA,TN,ASO,CE,Combined TRACON& Tower with Radar,313,209,112,3,637,0,4,56,0,60,313,213,168,3,697,0,0,0,697
10/07/2006,BNA,TN,ASO,CE,Combined TRACON& Tower with Radar,278,142,46,2,468,0,2,38,1,41,278,144,84,3,509,0,0,0,509
10/08/2006,BNA,TN,ASO,CE,Combined TRACON& Tower with Radar,257,157,60,1,475,0,2,28,0,30,257,159,88,1,505,4,0,4,509
10/09/2006,BNA,TN,ASO,CE,Combined TRACON& Tower with Radar,296,159,110,0,565,0,1,37,0,38,296,160,147,0,603,0,0,0,603
10/10/2006,BNA,TN,ASO,CE,Combined TRACON& Tower with Radar,303,180,136,6,625,0,0,0,0,0,303,180,136,6,625,0,0,0,625
10/11/2006,BNA,TN,ASO,CE,Combined TRACON& Tower with Radar,302,205,129,5,641,0,0,0,0,0,302,205,129,5,641,0,0,0,641
10/12/2006,BNA,TN,ASO,CE,Combined TRACON& Tower with Radar,311,214,96,10,631,0,0,0,0,0,311,214,96,10,631,0,0,0,631
10/13/2006,BNA,TN,ASO,CE,Combined TRACON& Tower with Radar,311,217,136,5,669,0,5,58,5,68,311,222,194,10,737,0,0,0,737
10/14/2006,BNA,TN,ASO,CE,Combined TRACON& Tower with Radar,263,138,37,5,443,0,4,45,0,49,263,142,82,5,492,0,0,0,492
10/15/2006,BNA,TN,ASO,CE,Combined TRACON& Tower with Radar,251,153,76,9,489,0,7,27,8,42,251,160,103,17,531,0,0,0,531
10/16/2006,BNA,TN,ASO,CE,Combined TRACON& Tower with Radar,290,173,80,0,543,0,1,9,0,10,290,174,89,0,553,0,0,0,553
10/17/2006,BNA,TN,ASO,CE,Combined TRACON& Tower with Radar,312,209,104,7,632,0,0,0,0,0,312,209,104,7,632,0,0,0,632
10/18/2006,BNA,TN,ASO,CE,Combined TRACON& Tower with Radar,307,210,145,9,671,0,4,28,3,35,307,214,173,12,706,2,0,2,708
10/19/2006,BNA,TN,ASO,CE,Combined TRACON& Tower with Radar,299,229,130,5,663,0,1,7,1,9,299,230,137,6,672,20,0,20,692
10/20/2006,BNA,TN,ASO,CE,Combined TRACON& Tower with Radar,318,211,150,10,689,0,4,32,8,44,318,215,182,18,733,0,0,0,733
10/21/2006,BNA,TN,ASO,CE,Combined TRACON& Tower with Radar,272,150,60,7,489,0,3,36,2,41,272,153,96,9,530,0,0,0,530
10/22/2006,BNA,TN,ASO,CE,Combined TRACON& Tower with Radar,245,140,65,11,461,0,5,18,2,25,245,145,83,13,486,0,0,0,486
10/23/2006,BNA,TN,ASO,CE,Combined TRACON& Tower with Radar,245,140,65,11,461,0,5,18,2,25,245,145,83,13,486,0,0,0,486
10/24/2006,BNA,TN,ASO,CE,Combined TRACON& Tower with Radar,306,209,116,13,644,0,0,0,0,0,306,209,116,13,644,0,0,0,644
10/25/2006,BNA,TN,ASO,CE,Combined TRACON& Tower with Radar,309,215,100,7,631,0,0,0,0,0,309,215,100,7,631,0,0,0,631
10/26/2006,BNA,TN,ASO,CE,Combined TRACON& Tower with Radar,296,210,137,17,660,0,0,0,0,0,296,210,137,17,660,0,0,0,660
10/27/2006,BNA,TN,ASO,CE,Combined TRACON& Tower with Radar,317,210,100,8,635,0,1,5,0,6,317,211,105,8,641,2,0,2,643
10/28/2006,BNA,TN,ASO,CE,Combined TRACON& Tower with Radar,275,153,44,0,472,0,1,21,1,23,275,154,65,1,495,0,0,0,495
10/29/2006,BNA,TN,ASO,CE,Combined TRACON& Tower with Radar,237,152,70,2,461,0,7,39,0,46,237,159,109,2,507,0,0,0,507
10/30/2006,BNA,TN,ASO,CE,Combined TRACON& Tower with Radar,289,180,93,8,570,0,4,35,3,42,289,184,128,11,612,0,0,0,612
10/31/2006,BNA,TN,ASO,CE,Combined TRACON& Tower with Radar,294,210,107,14,625,0,0,0,0,0,294,210,107,14,625,0,0,0,625
11/01/2006,BNA,TN,ASO,CE,Combined TRACON& Tower with Radar,290,215,97,2,604,0,0,2,0,2,290,215,99,2,606,8,0,8,614
11/02/2006,BNA,TN,ASO,CE,Combined TRACON& Tower with Radar,299,220,112,11,642,0,3,58,3,64,299,223,170,14,706,0,0,0,706
11/03/2006,BNA,TN,ASO,CE,Combined TRACON& Tower with Radar,302,218,126,7,653,0,3,61,6,70,302,221,187,13,723,0,0,0,723
11/04/2006,BNA,TN,ASO,CE,Combined TRACON& Tower with Radar,272,169,80,6,527,0,4,44,3,51,272,173,124,9,578,0,0,0,578
11/05/2006,BNA,TN,ASO,CE,Combined TRACON& Tower with Radar,246,156,99,17,518,0,3,31,6,40,246,159,130,23,558,0,0,0,558
11/06/2006,BNA,TN,ASO,CE,Combined TRACON& Tower with Radar,286,195,136,12,629,0,5,18,0,23,286,200,154,12,652,0,0,0,652
11/07/2006,BNA,TN,ASO,CE,Combined TRACON& Tower with Radar,289,231,132,11,663,0,0,0,0,0,289,231,132,11,663,0,0,0,663
11/08/2006,BNA,TN,ASO,CE,Combined TRACON& Tower with Radar,299,221,112,9,641,0,0,0,0,0,299,221,112,9,641,0,0,0,641
11/09/2006,BNA,TN,ASO,CE,Combined TRACON& Tower with Radar,301,239,111,12,663,0,4,61,1,66,301,243,172,13,729,0,0,0,729
11/10/2006,BNA,TN,ASO,CE,Combined TRACON& Tower with Radar,299,210,101,3,613,0,3,39,3,45,299,213,140,6,658,0,0,0,658
11/11/2006,BNA,TN,ASO,CE,Combined TRACON& Tower with Radar,267,164,56,6,493,0,1,7,0,8,267,165,63,6,501,3,0,3,504
11/12/2006,BNA,TN,ASO,CE,Combined TRACON& Tower with Radar,245,155,82,1,483,0,2,24,4,30,245,157,106,5,513,0,0,0,513
11/13/2006,BNA,TN,ASO,CE,Combined TRACON& Tower with Radar,245,155,82,1,483,0,2,24,4,30,245,157,106,5,513,0,0,0,513
11/14/2006,BNA,TN,ASO,CE,Combined TRACON& Tower with Radar,293,218,137,6,654,0,0,0,0,0,293,218,137,6,654,10,1,11,665
11/15/2006,BNA,TN,ASO,CE,Combined TRACON& Tower with Radar,288,210,87,4,589,0,3,5,0,8,288,213,92,4,597,0,0,0,597
11/16/2006,BNA,TN,ASO,CE,Combined TRACON& Tower with Radar,304,212,103,8,627,0,1,9,1,11,304,213,112,9,638,0,0,0,638
11/17/2006,BNA,TN,ASO,CE,Combined TRACON& Tower with Radar,315,233,143,14,705,0,1,47,0,48,315,234,190,14,753,0,0,0,753
11/18/2006,BNA,TN,ASO,CE,Combined TRACON& Tower with Radar,264,157,41,2,464,0,0,39,0,39,264,157,80,2,503,0,0,0,503
11/19/2006,BNA,TN,ASO,CE,Combined TRACON& Tower with Radar,247,142,57,9,455,1,4,10,0,15,248,146,67,9,470,0,0,0,470
11/20/2006,BNA,TN,ASO,CE,Combined TRACON& Tower with Radar,286,170,87,4,547,0,2,34,1,37,286,172,121,5,584,0,0,0,584
11/21/2006,BNA,TN,ASO,CE,Combined TRACON& Tower with Radar,295,225,113,6,639,0,0,0,0,0,295,225,113,6,639,10,2,12,651
11/22/2006,BNA,TN,ASO,CE,Combined TRACON& Tower with Radar,310,232,89,3,634,0,0,0,0,0,310,232,89,3,634,6,0,6,640
11/23/2006,BNA,TN,ASO,CE,Combined TRACON& Tower with Radar,253,139,11,0,403,0,4,19,0,23,253,143,30,0,426,0,0,0,426
11/24/2006,BNA,TN,ASO,CE,Combined TRACON& Tower with Radar,223,112,38,0,373,0,3,53,0,56,223,115,91,0,429,0,0,0,429
11/25/2006,BNA,TN,ASO,CE,Combined TRACON& Tower with Radar,256,154,40,0,450,0,0,30,0,30,256,154,70,0,480,10,0,10,490
11/26/2006,BNA,TN,ASO,CE,Combined TRACON& Tower with Radar,260,165,99,0,524,0,2,27,1,30,260,167,126,1,554,0,0,0,554
11/27/2006,BNA,TN,ASO,CE,Combined TRACON& Tower with Radar,296,201,89,9,595,0,3,35,4,42,296,204,124,13,637,0,0,0,637
11/28/2006,BNA,TN,ASO,CE,Combined TRACON& Tower with Radar,291,209,112,10,622,0,0,0,0,0,291,209,112,10,622,8,0,8,630
11/29/2006,BNA,TN,ASO,CE,Combined TRACON& Tower with Radar,297,243,104,11,655,0,9,26,6,41,297,252,130,17,696,1,0,1,697
11/30/2006,BNA,TN,ASO,CE,Combined TRACON& Tower with Radar,284,219,85,14,602,0,7,9,1,17,284,226,94,15,619,0,0,0,619
12/01/2006,BNA,TN,ASO,CE,Combined TRACON& Tower with Radar,309,189,90,8,596,0,2,23,0,25,309,191,113,8,621,0,0,0,621
12/02/2006,BNA,TN,ASO,CE,Combined TRACON& Tower with Radar,263,151,58,6,478,0,2,46,5,53,263,153,104,11,531,0,0,0,531
12/03/2006,BNA,TN,ASO,CE,Combined TRACON& Tower with Radar,247,150,89,3,489,0,0,26,0,26,247,150,115,3,515,22,0,22,537
12/04/2006,BNA,TN,ASO,CE,Combined TRACON& Tower with Radar,281,183,81,8,553,2,3,40,5,50,283,186,121,13,603,0,0,0,603
12/05/2006,BNA,TN,ASO,CE,Combined TRACON& Tower with Radar,290,202,103,15,610,0,2,47,2,51,290,204,150,17,661,0,0,0,661
12/06/2006,BNA,TN,ASO,CE,Combined TRACON& Tower with Radar,293,216,123,3,635,0,0,49,1,50,293,216,172,4,685,0,0,0,685
12/07/2006,BNA,TN,ASO,CE,Combined TRACON& Tower with Radar,287,231,119,12,649,0,2,26,2,30,287,233,145,14,679,0,0,0,679
12/08/2006,BNA,TN,ASO,CE,Combined TRACON& Tower with Radar,303,201,127,16,647,0,4,33,1,38,303,205,160,17,685,0,0,0,685
12/09/2006,BNA,TN,ASO,CE,Combined TRACON& Tower with Radar,252,149,60,2,463,0,3,45,0,48,252,152,105,2,511,0,0,0,511
12/10/2006,BNA,TN,ASO,CE,Combined TRACON& Tower with Radar,243,140,55,8,446,0,1,27,0,28,243,141,82,8,474,0,0,0,474
12/11/2006,BNA,TN,ASO,CE,Combined TRACON& Tower with Radar,277,192,86,13,568,0,3,32,2,37,277,195,118,15,605,0,0,0,605
12/12/2006,BNA,TN,ASO,CE,Combined TRACON& Tower with Radar,287,214,108,8,617,0,0,0,0,0,287,214,108,8,617,0,0,0,617
12/13/2006,BNA,TN,ASO,CE,Combined TRACON& Tower with Radar,287,214,108,8,617,0,4,13,1,18,287,218,121,9,635,0,0,0,635
12/14/2006,BNA,TN,ASO,CE,Combined TRACON& Tower with Radar,291,200,127,11,629,0,3,50,16,69,291,203,177,27,698,6,0,6,704
12/15/2006,BNA,TN,ASO,CE,Combined TRACON& Tower with Radar,305,203,88,9,605,0,3,52,3,58,305,206,140,12,663,0,0,0,663
12/16/2006,BNA,TN,ASO,CE,Combined TRACON& Tower with Radar,264,144,49,4,461,0,3,25,0,28,264,147,74,4,489,0,0,0,489
12/17/2006,BNA,TN,ASO,CE,Combined TRACON& Tower with Radar,244,142,48,8,442,0,3,19,0,22,244,145,67,8,464,0,0,0,464
12/18/2006,BNA,TN,ASO,CE,Combined TRACON& Tower with Radar,284,178,84,3,549,0,3,48,1,52,284,181,132,4,601,0,0,0,601
12/19/2006,BNA,TN,ASO,CE,Combined TRACON& Tower with Radar,290,220,98,14,622,0,0,0,0,0,290,220,98,14,622,6,0,6,628
12/20/2006,BNA,TN,ASO,CE,Combined TRACON& Tower with Radar,285,195,110,5,595,0,0,0,0,0,285,195,110,5,595,8,0,8,603
12/21/2006,BNA,TN,ASO,CE,Combined TRACON& Tower with Radar,288,195,87,2,572,0,1,15,1,17,288,196,102,3,589,0,0,0,589
12/22/2006,BNA,TN,ASO,CE,Combined TRACON& Tower with Radar,293,208,94,0,595,0,0,16,0,16,293,208,110,0,611,0,0,0,611
12/23/2006,BNA,TN,ASO,CE,Combined TRACON& Tower with Radar,255,169,50,0,474,0,4,46,0,50,255,173,96,0,524,0,0,0,524
12/24/2006,BNA,TN,ASO,CE,Combined TRACON& Tower with Radar,231,117,15,0,363,0,2,5,0,7,231,119,20,0,370,0,0,0,370
12/25/2006,BNA,TN,ASO,CE,Combined TRACON& Tower with Radar,222,109,3,0,334,0,0,0,0,0,222,109,3,0,334,0,0,0,334
12/26/2006,BNA,TN,ASO,CE,Combined TRACON& Tower with Radar,265,173,61,0,499,0,2,5,0,7,265,175,66,0,506,0,0,0,506
12/27/2006,BNA,TN,ASO,CE,Combined TRACON& Tower with Radar,298,204,75,0,577,0,5,27,0,32,298,209,102,0,609,0,0,0,609
12/28/2006,BNA,TN,ASO,CE,Combined TRACON& Tower with Radar,293,191,61,2,547,0,2,48,0,50,293,193,109,2,597,0,0,0,597
12/29/2006,BNA,TN,ASO,CE,Combined TRACON& Tower with Radar,280,190,82,0,552,0,2,47,1,50,280,192,129,1,602,0,0,0,602
12/30/2006,BNA,TN,ASO,CE,Combined TRACON& Tower with Radar,274,143,39,1,457,0,6,19,0,25,274,149,58,1,482,0,0,0,482
12/31/2006,BNA,TN,ASO,CE,Combined TRACON& Tower with Radar,234,128,32,0,394,0,1,2,0,3,234,129,34,0,397,0,0,0,397
01/01/2007,BNA,TN,ASO,CE,Combined TRACON& Tower with Radar,226,112,41,0,379,0,0,7,0,7,226,112,48,0,386,0,0,0,386
01/02/2007,BNA,TN,ASO,CE,Combined TRACON& Tower with Radar,279,174,76,0,529,0,0,0,0,0,279,174,76,0,529,8,2,10,539
01/03/2007,BNA,TN,ASO,CE,Combined TRACON& Tower with Radar,299,212,70,2,583,0,0,39,1,40,299,212,109,3,623,0,0,0,623
01/04/2007,BNA,TN,ASO,CE,Combined TRACON& Tower with Radar,295,190,108,16,609,0,6,12,4,22,295,196,120,20,631,0,0,0,631
01/05/2007,BNA,TN,ASO,CE,Combined TRACON& Tower with Radar,300,202,92,5,599,0,3,11,4,18,300,205,103,9,617,0,0,0,617
01/06/2007,BNA,TN,ASO,CE,Combined TRACON& Tower with Radar,256,141,48,4,449,0,0,24,0,24,256,141,72,4,473,0,0,0,473
01/07/2007,BNA,TN,ASO,CE,Combined TRACON& Tower with Radar,236,141,43,5,425,0,1,4,0,5,236,142,47,5,430,4,0,4,434
01/08/2007,BNA,TN,ASO,CE,Combined TRACON& Tower with Radar,292,166,73,11,542,0,0,29,0,29,292,166,102,11,571,2,0,2,573
01/09/2007,BNA,TN,ASO,CE,Combined TRACON& Tower with Radar,287,202,100,6,595,0,1,22,3,26,287,203,122,9,621,6,0,6,627
01/10/2007,BNA,TN,ASO,CE,Combined TRACON& Tower with Radar,298,202,125,9,634,0,5,39,6,50,298,207,164,15,684,0,0,0,684
01/11/2007,BNA,TN,ASO,CE,Combined TRACON& Tower with Radar,301,208,106,10,625,0,8,32,7,47,301,216,138,17,672,0,6,6,678
01/12/2007,BNA,TN,ASO,CE,Combined TRACON& Tower with Radar,297,195,109,4,605,0,5,29,4,38,297,200,138,8,643,0,0,0,643
01/13/2007,BNA,TN,ASO,CE,Combined TRACON& Tower with Radar,244,150,41,0,435,0,2,10,0,12,244,152,51,0,447,0,0,0,447
01/14/2007,BNA,TN,ASO,CE,Combined TRACON& Tower with Radar,222,128,41,4,395,0,6,5,0,11,222,134,46,4,406,0,0,0,406
01/15/2007,BNA,TN,ASO,CE,Combined TRACON& Tower with Radar,268,134,67,0,469,0,0,0,0,0,268,134,67,0,469,0,0,0,469
01/16/2007,BNA,TN,ASO,CE,Combined TRACON& Tower with Radar,311,164,105,12,592,0,2,21,3,26,311,166,126,15,618,2,0,2,620
01/17/2007,BNA,TN,ASO,CE,Combined TRACON& Tower with Radar,285,192,93,5,575,0,5,38,3,46,285,197,131,8,621,0,0,0,621
01/18/2007,BNA,TN,ASO,CE,Combined TRACON& Tower with Radar,291,193,111,19,614,0,1,26,8,35,291,194,137,27,649,2,0,2,651
01/19/2007,BNA,TN,ASO,CE,Combined TRACON& Tower with Radar,304,206,113,13,636,0,3,58,4,65,304,209,171,17,701,0,0,0,701
01/20/2007,BNA,TN,ASO,CE,Combined TRACON& Tower with Radar,258,147,55,13,473,0,2,39,3,44,258,149,94,16,517,0,0,0,517
01/21/2007,BNA,TN,ASO,CE,Combined TRACON& Tower with Radar,229,121,44,3,397,0,1,0,0,1,229,122,44,3,398,0,0,0,398
01/22/2007,BNA,TN,ASO,CE,Combined TRACON& Tower with Radar,280,174,77,7,538,0,0,0,0,0,280,174,77,7,538,0,0,0,538
01/23/2007,BNA,TN,ASO,CE,Combined TRACON& Tower with Radar,299,198,99,10,606,0,0,0,0,0,299,198,99,10,606,12,0,12,618
01/24/2007,BNA,TN,ASO,CE,Combined TRACON& Tower with Radar,302,199,112,3,616,0,0,0,0,0,302,199,112,3,616,16,0,16,632
01/25/2007,BNA,TN,ASO,CE,Combined TRACON& Tower with Radar,298,203,119,7,627,0,7,30,8,45,298,210,149,15,672,0,0,0,672
01/26/2007,BNA,TN,ASO,CE,Combined TRACON& Tower with Radar,302,184,92,3,581,0,7,49,6,62,302,191,141,9,643,0,0,0,643
01/27/2007,BNA,TN,ASO,CE,Combined TRACON& Tower with Radar,243,139,50,8,440,0,1,33,1,35,243,140,83,9,475,0,0,0,475
01/28/2007,BNA,TN,ASO,CE,Combined TRACON& Tower with Radar,240,141,30,10,421,0,2,19,0,21,240,143,49,10,442,0,0,0,442
01/29/2007,BNA,TN,ASO,CE,Combined TRACON& Tower with Radar,240,141,30,10,421,0,0,0,0,0,240,141,30,10,421,10,2,12,433
01/30/2007,BNA,TN,ASO,CE,Combined TRACON& Tower with Radar,292,216,83,14,605,0,3,30,4,37,292,219,113,18,642,0,0,0,642
01/31/2007,BNA,TN,ASO,CE,Combined TRACON& Tower with Radar,298,193,106,8,605,0,8,37,5,50,298,201,143,13,655,0,0,0,655
02/01/2007,BNA,TN,ASO,CE,Combined TRACON& Tower with Radar,290,205,95,0,590,0,2,9,0,11,290,207,104,0,601,0,0,0,601
02/02/2007,BNA,TN,ASO,CE,Combined TRACON& Tower with Radar,301,211,126,3,641,0,3,18,0,21,301,214,144,3,662,0,0,0,662
02/03/2007,BNA,TN,ASO,CE,Combined TRACON& Tower with Radar,254,151,40,5,450,0,4,25,1,30,254,155,65,6,480,0,0,0,480
02/04/2007,BNA,TN,ASO,CE,Combined TRACON& Tower with Radar,233,133,54,1,421,0,5,26,1,32,233,138,80,2,453,0,0,0,453
02/05/2007,BNA,TN,ASO,CE,Combined TRACON& Tower with Radar,279,171,80,8,538,0,0,0,0,0,279,171,80,8,538,10,2,12,550
02/06/2007,BNA,TN,ASO,CE,Combined TRACON& Tower with Radar,293,199,108,13,613,0,4,27,2,33,293,203,135,15,646,0,0,0,646
02/07/2007,BNA,TN,ASO,CE,Combined TRACON& Tower with Radar,299,202,122,9,632,0,0,25,5,30,299,202,147,14,662,0,0,0,662
02/08/2007,BNA,TN,ASO,CE,Combined TRACON& Tower with Radar,302,221,129,17,669,2,7,28,6,43,304,228,157,23,712,2,0,2,714
02/09/2007,BNA,TN,ASO,CE,Combined TRACON& Tower with Radar,299,196,128,3,626,0,2,34,2,38,299,198,162,5,664,3,0,3,667
02/10/2007,BNA,TN,ASO,CE,Combined TRACON& Tower with Radar,250,139,50,0,439,0,0,35,0,35,250,139,85,0,474,8,0,8,482
02/11/2007,BNA,TN,ASO,CE,Combined TRACON& Tower with Radar,236,128,61,3,428,0,4,23,0,27,236,132,84,3,455,22,0,22,477
02/12/2007,BNA,TN,ASO,CE,Combined TRACON& Tower with Radar,286,177,84,7,554,0,0,0,0,0,286,177,84,7,554,8,2,10,564
02/13/2007,BNA,TN,ASO,CE,Combined TRACON& Tower with Radar,266,164,79,12,521,0,2,3,0,5,266,166,82,12,526,2,0,2,528
02/14/2007,BNA,TN,ASO,CE,Combined TRACON& Tower with Radar,251,194,136,3,584,0,6,11,2,19,251,200,147,5,603,0,0,0,603
02/15/2007,BNA,TN,ASO,CE,Combined TRACON& Tower with Radar,288,211,124,11,634,0,7,26,5,38,288,218,150,16,672,0,0,0,672
02/16/2007,BNA,TN,ASO,CE,Combined TRACON& Tower with Radar,293,214,117,5,629,0,6,34,1,41,293,220,151,6,670,12,0,12,682
02/17/2007,BNA,TN,ASO,CE,Combined TRACON& Tower with Radar,247,156,50,2,455,0,0,6,0,6,247,156,56,2,461,0,0,0,461
02/18/2007,BNA,TN,ASO,CE,Combined TRACON& Tower with Radar,227,153,52,4,436,0,2,16,0,18,227,155,68,4,454,0,0,0,454
02/19/2007,BNA,TN,ASO,CE,Combined TRACON& Tower with Radar,262,170,108,2,542,0,2,33,2,37,262,172,141,4,579,2,0,2,581
02/20/2007,BNA,TN,ASO,CE,Combined TRACON& Tower with Radar,284,196,101,7,588,0,1,7,2,10,284,197,108,9,598,0,0,0,598
02/21/2007,BNA,TN,ASO,CE,Combined TRACON& Tower with Radar,288,232,117,4,641,0,4,24,4,32,288,236,141,8,673,0,0,0,673
02/22/2007,BNA,TN,ASO,CE,Combined TRACON& Tower with Radar,295,208,133,4,640,0,6,47,6,59,295,214,180,10,699,12,0,12,711
02/23/2007,BNA,TN,ASO,CE,Combined TRACON& Tower with Radar,291,216,107,6,620,0,2,48,4,54,291,218,155,10,674,0,0,0,674
02/24/2007,BNA,TN,ASO,CE,Combined TRACON& Tower with Radar,232,168,60,3,463,0,0,19,2,21,232,168,79,5,484,0,0,0,484
02/25/2007,BNA,TN,ASO,CE,Combined TRACON& Tower with Radar,221,104,55,5,385,0,1,13,0,14,221,105,68,5,399,14,0,14,413
02/26/2007,BNA,TN,ASO,CE,Combined TRACON& Tower with Radar,267,175,95,5,542,0,0,0,0,0,267,175,95,5,542,10,2,12,554
02/27/2007,BNA,TN,ASO,CE,Combined TRACON& Tower with Radar,285,228,110,10,633,0,2,43,5,50,285,230,153,15,683,12,0,12,695
02/28/2007,BNA,TN,ASO,CE,Combined TRACON& Tower with Radar,293,222,21,6,542,2,6,0,4,12,295,228,21,10,554,0,0,0,554
03/01/2007,BNA,TN,ASO,CE,Combined TRACON& Tower with Radar,281,201,82,2,566,0,1,8,4,13,281,202,90,6,579,0,0,0,579
03/02/2007,BNA,TN,ASO,CE,Combined TRACON& Tower with Radar,295,216,137,10,658,0,2,36,4,42,295,218,173,14,700,4,0,4,704
03/03/2007,BNA,TN,ASO,CE,Combined TRACON& Tower with Radar,244,159,61,1,465,0,1,13,0,14,244,160,74,1,479,0,0,0,479
03/04/2007,BNA,TN,ASO,CE,Combined TRACON& Tower with Radar,228,148,62,6,444,0,1,20,3,24,228,149,82,9,468,0,0,0,468
03/05/2007,BNA,TN,ASO,CE,Combined TRACON& Tower with Radar,274,182,94,6,556,0,0,0,0,0,274,182,94,6,556,8,2,10,566
03/06/2007,BNA,TN,ASO,CE,Combined TRACON& Tower with Radar,286,225,122,4,637,0,11,49,0,60,286,236,171,4,697,0,0,0,697
03/07/2007,BNA,TN,ASO,CE,Combined TRACON& Tower with Radar,289,210,102,8,609,0,3,53,6,62,289,213,155,14,671,0,0,0,671
03/08/2007,BNA,TN,ASO,CE,Combined TRACON& Tower with Radar,291,215,120,4,630,0,2,56,3,61,291,217,176,7,691,0,0,0,691
03/09/2007,BNA,TN,ASO,CE,Combined TRACON& Tower with Radar,292,222,107,4,625,0,1,53,4,58,292,223,160,8,683,0,0,0,683
03/10/2007,BNA,TN,ASO,CE,Combined TRACON& Tower with Radar,238,167,56,3,464,0,3,21,0,24,238,170,77,3,488,0,0,0,488
03/11/2007,BNA,TN,ASO,CE,Combined TRACON& Tower with Radar,228,146,58,4,436,0,3,30,0,33,228,149,88,4,469,0,0,0,469
03/12/2007,BNA,TN,ASO,CE,Combined TRACON& Tower with Radar,258,173,89,4,524,0,0,0,0,0,258,173,89,4,524,10,0,10,534
03/13/2007,BNA,TN,ASO,CE,Combined TRACON& Tower with Radar,281,218,116,5,620,0,1,38,1,40,281,219,154,6,660,0,0,0,660
03/14/2007,BNA,TN,ASO,CE,Combined TRACON& Tower with Radar,285,222,151,8,666,0,8,24,2,34,285,230,175,10,700,0,0,0,700
03/15/2007,BNA,TN,ASO,CE,Combined TRACON& Tower with Radar,306,224,108,11,649,0,2,12,3,17,306,226,120,14,666,0,0,0,666
03/16/2007,BNA,TN,ASO,CE,Combined TRACON& Tower with Radar,272,200,125,12,609,0,4,26,2,32,272,204,151,14,641,2,0,2,643
03/17/2007,BNA,TN,ASO,CE,Combined TRACON& Tower with Radar,237,158,70,5,470,0,4,37,4,45,237,162,107,9,515,4,0,4,519
03/18/2007,BNA,TN,ASO,CE,Combined TRACON& Tower with Radar,247,138,47,5,437,0,4,27,1,32,247,142,74,6,469,0,0,0,469
03/19/2007,BNA,TN,ASO,CE,Combined TRACON& Tower with Radar,272,177,82,8,539,0,0,0,0,0,272,177,82,8,539,12,0,12,551
03/20/2007,BNA,TN,ASO,CE,Combined TRACON& Tower with Radar,285,219,74,8,586,0,9,21,1,31,285,228,95,9,617,0,0,0,617
03/21/2007,BNA,TN,ASO,CE,Combined TRACON& Tower with Radar,285,204,123,11,623,0,0,40,4,44,285,204,163,15,667,0,0,0,667
03/22/2007,BNA,TN,ASO,CE,Combined TRACON& Tower with Radar,279,198,86,8,571,0,6,42,11,59,279,204,128,19,630,0,0,0,630
03/23/2007,BNA,TN,ASO,CE,Combined TRACON& Tower with Radar,298,225,94,6,623,0,4,45,7,56,298,229,139,13,679,20,0,20,699
03/24/2007,BNA,TN,ASO,CE,Combined TRACON& Tower with Radar,259,175,46,1,481,0,4,30,0,34,259,179,76,1,515,0,0,0,515
03/25/2007,BNA,TN,ASO,CE,Combined TRACON& Tower with Radar,244,160,72,6,482,0,6,31,0,37,244,166,103,6,519,0,0,0,519
03/26/2007,BNA,TN,ASO,CE,Combined TRACON& Tower with Radar,244,160,72,6,482,0,0,0,0,0,244,160,72,6,482,10,0,10,492
03/27/2007,BNA,TN,ASO,CE,Combined TRACON& Tower with Radar,286,215,122,6,629,0,0,0,0,0,286,215,122,6,629,12,0,12,641
03/28/2007,BNA,TN,ASO,CE,Combined TRACON& Tower with Radar,284,205,114,3,606,0,3,11,5,19,284,208,125,8,625,0,0,0,625
03/29/2007,BNA,TN,ASO,CE,Combined TRACON& Tower with Radar,282,213,124,8,627,0,2,32,4,38,282,215,156,12,665,0,0,0,665
03/30/2007,BNA,TN,ASO,CE,Combined TRACON& Tower with Radar,272,222,131,6,631,0,2,44,7,53,272,224,175,13,684,0,0,0,684
03/31/2007,BNA,TN,ASO,CE,Combined TRACON& Tower with Radar,263,146,56,1,466,2,3,23,6,34,265,149,79,7,500,0,0,0,500
04/01/2007,BNA,TN,ASO,CE,Combined TRACON& Tower with Radar,232,151,76,3,462,0,2,18,10,30,232,153,94,13,492,2,0,2,494
04/02/2007,BNA,TN,ASO,CE,Combined TRACON& Tower with Radar,285,189,82,2,558,0,0,0,0,0,285,189,82,2,558,12,0,12,570
04/03/2007,BNA,TN,ASO,CE,Combined TRACON& Tower with Radar,272,209,95,1,577,0,5,33,4,42,272,214,128,5,619,0,0,0,619
04/04/2007,BNA,TN,ASO,CE,Combined TRACON& Tower with Radar,288,202,112,4,606,0,4,31,6,41,288,206,143,10,647,0,0,0,647
04/05/2007,BNA,TN,ASO,CE,Combined TRACON& Tower with Radar,291,212,145,15,663,0,12,44,6,62,291,224,189,21,725,2,0,2,727
04/06/2007,BNA,TN,ASO,CE,Combined TRACON& Tower with Radar,281,210,97,8,596,0,6,43,4,53,281,216,140,12,649,0,0,0,649
04/07/2007,BNA,TN,ASO,CE,Combined TRACON& Tower with Radar,239,164,41,0,444,0,1,17,0,18,239,165,58,0,462,0,0,0,462
04/08/2007,BNA,TN,ASO,CE,Combined TRACON& Tower with Radar,245,146,43,4,438,0,1,24,0,25,245,147,67,4,463,0,0,0,463
04/09/2007,BNA,TN,ASO,CE,Combined TRACON& Tower with Radar,270,186,120,5,581,0,0,0,0,0,270,186,120,5,581,10,0,10,591
04/10/2007,BNA,TN,ASO,CE,Combined TRACON& Tower with Radar,277,214,104,19,614,0,4,30,0,34,277,218,134,19,648,0,0,0,648
04/11/2007,BNA,TN,ASO,CE,Combined TRACON& Tower with Radar,281,214,83,0,578,2,5,11,0,18,283,219,94,0,596,0,0,0,596
04/12/2007,BNA,TN,ASO,CE,Combined TRACON& Tower with Radar,299,217,116,13,645,0,2,33,1,36,299,219,149,14,681,4,0,4,685
04/13/2007,BNA,TN,ASO,CE,Combined TRACON& Tower with Radar,281,214,107,10,612,0,2,30,2,34,281,216,137,12,646,0,0,0,646
04/14/2007,BNA,TN,ASO,CE,Combined TRACON& Tower with Radar,250,158,43,0,451,0,1,2,0,3,250,159,45,0,454,0,0,0,454
04/15/2007,BNA,TN,ASO,CE,Combined TRACON& Tower with Radar,226,138,60,3,427,0,0,7,1,8,226,138,67,4,435,0,0,0,435
04/16/2007,BNA,TN,ASO,CE,Combined TRACON& Tower with Radar,269,168,101,6,544,0,0,0,0,0,269,168,101,6,544,8,2,10,554
04/17/2007,BNA,TN,ASO,CE,Combined TRACON& Tower with Radar,294,222,113,8,637,0,7,48,2,57,294,229,161,10,694,0,0,0,694
04/18/2007,BNA,TN,ASO,CE,Combined TRACON& Tower with Radar,288,205,97,4,594,0,4,37,4,45,288,209,134,8,639,2,0,2,641
04/19/2007,BNA,TN,ASO,CE,Combined TRACON& Tower with Radar,291,219,138,7,655,0,3,38,10,51,291,222,176,17,706,0,0,0,706
04/20/2007,BNA,TN,ASO,CE,Combined TRACON& Tower with Radar,286,195,135,7,623,0,5,33,3,41,286,200,168,10,664,0,0,0,664
04/21/2007,BNA,TN,ASO,CE,Combined TRACON& Tower with Radar,256,156,52,0,464,0,3,46,0,49,256,159,98,0,513,0,0,0,513
04/22/2007,BNA,TN,ASO,CE,Combined TRACON& Tower with Radar,241,151,52,2,446,0,3,24,0,27,241,154,76,2,473,0,0,0,473
04/23/2007,BNA,TN,ASO,CE,Combined TRACON& Tower with Radar,270,187,112,9,578,0,0,0,0,0,270,187,112,9,578,6,0,6,584
04/24/2007,BNA,TN,ASO,CE,Combined TRACON& Tower with Radar,275,203,133,15,626,0,2,15,3,20,275,205,148,18,646,6,0,6,652
04/25/2007,BNA,TN,ASO,CE,Combined TRACON& Tower with Radar,280,214,121,4,619,0,2,19,2,23,280,216,140,6,642,0,0,0,642
04/26/2007,BNA,TN,ASO,CE,Combined TRACON& Tower with Radar,286,206,98,9,599,0,10,4,6,20,286,216,102,15,619,0,0,0,619
04/27/2007,BNA,TN,ASO,CE,Combined TRACON& Tower with Radar,296,209,133,4,642,0,4,34,7,45,296,213,167,11,687,12,0,12,699
04/28/2007,BNA,TN,ASO,CE,Combined TRACON& Tower with Radar,256,156,44,0,456,0,2,17,1,20,256,158,61,1,476,12,0,12,488
04/29/2007,BNA,TN,ASO,CE,Combined TRACON& Tower with Radar,239,156,73,8,476,0,2,33,1,36,239,158,106,9,512,6,0,6,518
04/30/2007,BNA,TN,ASO,CE,Combined TRACON& Tower with Radar,269,177,79,9,534,0,0,0,0,0,269,177,79,9,534,8,2,10,544
05/01/2007,BNA,TN,ASO,CE,Combined TRACON& Tower with Radar,283,210,123,13,629,0,3,39,6,48,283,213,162,19,677,0,0,0,677
05/02/2007,BNA,TN,ASO,CE,Combined TRACON& Tower with Radar,293,211,83,2,589,0,1,19,4,24,293,212,102,6,613,0,0,0,613
05/03/2007,BNA,TN,ASO,CE,Combined TRACON& Tower with Radar,275,201,127,8,611,0,7,17,3,27,275,208,144,11,638,0,0,0,638
05/04/2007,BNA,TN,ASO,CE,Combined TRACON& Tower with Radar,296,194,109,6,605,0,3,19,4,26,296,197,128,10,631,0,0,0,631
05/05/2007,BNA,TN,ASO,CE,Combined TRACON& Tower with Radar,267,153,55,5,480,0,0,4,0,4,267,153,59,5,484,0,0,0,484
05/06/2007,BNA,TN,ASO,CE,Combined TRACON& Tower with Radar,241,140,77,3,461,0,5,24,1,30,241,145,101,4,491,0,0,0,491
05/07/2007,BNA,TN,ASO,CE,Combined TRACON& Tower with Radar,279,174,110,10,573,18,0,0,0,18,297,174,110,10,591,6,0,6,597
05/08/2007,BNA,TN,ASO,CE,Combined TRACON& Tower with Radar,290,193,118,10,611,0,2,33,1,36,290,195,151,11,647,0,0,0,647
05/09/2007,BNA,TN,ASO,CE,Combined TRACON& Tower with Radar,282,219,158,2,661,0,6,42,7,55,282,225,200,9,716,0,0,0,716
05/10/2007,BNA,TN,ASO,CE,Combined TRACON& Tower with Radar,287,221,151,12,671,0,2,54,2,58,287,223,205,14,729,0,0,0,729
05/11/2007,BNA,TN,ASO,CE,Combined TRACON& Tower with Radar,275,215,154,11,655,0,2,29,2,33,275,217,183,13,688,0,0,0,688
05/12/2007,BNA,TN,ASO,CE,Combined TRACON& Tower with Radar,279,153,60,0,492,0,1,19,0,20,279,154,79,0,512,0,0,0,512
05/13/2007,BNA,TN,ASO,CE,Combined TRACON& Tower with Radar,257,150,55,2,464,0,9,33,0,42,257,159,88,2,506,0,0,0,506
05/14/2007,BNA,TN,ASO,CE,Combined TRACON& Tower with Radar,282,177,106,12,577,0,3,40,0,43,282,180,146,12,620,0,0,0,620
05/15/2007,BNA,TN,ASO,CE,Combined TRACON& Tower with Radar,276,188,108,2,574,0,2,30,3,35,276,190,138,5,609,0,0,0,609
05/16/2007,BNA,TN,ASO,CE,Combined TRACON& Tower with Radar,291,216,138,7,652,0,3,23,0,26,291,219,161,7,678,0,0,0,678
05/17/2007,BNA,TN,ASO,CE,Combined TRACON& Tower with Radar,301,204,107,8,620,0,3,63,2,68,301,207,170,10,688,8,0,8,696
05/18/2007,BNA,TN,ASO,CE,Combined TRACON& Tower with Radar,285,199,119,4,607,0,9,56,1,66,285,208,175,5,673,0,0,0,673
05/19/2007,BNA,TN,ASO,CE,Combined TRACON& Tower with Radar,272,137,57,0,466,0,3,33,2,38,272,140,90,2,504,0,0,0,504
05/20/2007,BNA,TN,ASO,CE,Combined TRACON& Tower with Radar,248,139,59,2,448,0,6,17,0,23,248,145,76,2,471,0,0,0,471
05/21/2007,BNA,TN,ASO,CE,Combined TRACON& Tower with Radar,277,190,108,19,594,0,1,45,0,46,277,191,153,19,640,0,0,0,640
05/22/2007,BNA,TN,ASO,CE,Combined TRACON& Tower with Radar,288,202,130,5,625,0,9,41,2,52,288,211,171,7,677,0,0,0,677
05/23/2007,BNA,TN,ASO,CE,Combined TRACON& Tower with Radar,290,206,132,5,633,0,1,37,1,39,290,207,169,6,672,0,0,0,672
05/24/2007,BNA,TN,ASO,CE,Combined TRACON& Tower with Radar,285,205,118,8,616,0,2,27,5,34,285,207,145,13,650,0,0,0,650
05/25/2007,BNA,TN,ASO,CE,Combined TRACON& Tower with Radar,283,203,105,3,594,0,1,43,0,44,283,204,148,3,638,6,0,6,644
05/26/2007,BNA,TN,ASO,CE,Combined TRACON& Tower with Radar,267,129,44,2,442,0,1,26,0,27,267,130,70,2,469,2,0,2,471
05/27/2007,BNA,TN,ASO,CE,Combined TRACON& Tower with Radar,224,107,44,2,377,0,0,0,3,3,224,107,44,5,380,0,0,0,380
05/28/2007,BNA,TN,ASO,CE,Combined TRACON& Tower with Radar,255,136,55,2,448,0,0,0,0,0,255,136,55,2,448,0,0,0,448
05/29/2007,BNA,TN,ASO,CE,Combined TRACON& Tower with Radar,269,174,119,6,568,0,3,30,1,34,269,177,149,7,602,0,0,0,602
05/30/2007,BNA,TN,ASO,CE,Combined TRACON& Tower with Radar,284,209,113,6,612,0,2,34,2,38,284,211,147,8,650,0,0,0,650
05/31/2007,BNA,TN,ASO,CE,Combined TRACON& Tower with Radar,288,199,114,9,610,0,5,27,5,37,288,204,141,14,647,0,0,0,647
06/01/2007,BNA,TN,ASO,CE,Combined TRACON& Tower with Radar,280,199,91,4,574,0,5,25,7,37,280,204,116,11,611,0,0,0,611
06/02/2007,BNA,TN,ASO,CE,Combined TRACON& Tower with Radar,271,140,52,4,467,0,2,19,1,22,271,142,71,5,489,0,0,0,489
06/03/2007,BNA,TN,ASO,CE,Combined TRACON& Tower with Radar,248,125,52,8,433,0,1,19,6,26,248,126,71,14,459,0,0,0,459
06/04/2007,BNA,TN,ASO,CE,Combined TRACON& Tower with Radar,273,175,105,7,560,0,3,22,6,31,273,178,127,13,591,0,0,0,591
06/05/2007,BNA,TN,ASO,CE,Combined TRACON& Tower with Radar,283,201,112,8,604,0,3,36,10,49,283,204,148,18,653,0,0,0,653
06/06/2007,BNA,TN,ASO,CE,Combined TRACON& Tower with Radar,296,213,105,5,619,0,2,21,4,27,296,215,126,9,646,0,0,0,646
06/07/2007,BNA,TN,ASO,CE,Combined TRACON& Tower with Radar,286,196,112,14,608,0,2,36,5,43,286,198,148,19,651,2,0,2,653
06/08/2007,BNA,TN,ASO,CE,Combined TRACON& Tower with Radar,283,188,111,9,591,0,1,19,0,20,283,189,130,9,611,6,0,6,617
06/09/2007,BNA,TN,ASO,CE,Combined TRACON& Tower with Radar,281,133,51,2,467,0,1,22,0,23,281,134,73,2,490,0,0,0,490
06/10/2007,BNA,TN,ASO,CE,Combined TRACON& Tower with Radar,245,155,71,2,473,0,6,24,0,30,245,161,95,2,503,0,0,0,503
06/11/2007,BNA,TN,ASO,CE,Combined TRACON& Tower with Radar,279,162,74,6,521,0,0,0,0,0,279,162,74,6,521,6,0,6,527
06/12/2007,BNA,TN,ASO,CE,Combined TRACON& Tower with Radar,291,188,110,11,600,0,2,39,3,44,291,190,149,14,644,0,0,0,644
06/13/2007,BNA,TN,ASO,CE,Combined TRACON& Tower with Radar,289,203,117,2,611,0,2,36,5,43,289,205,153,7,654,0,0,0,654
06/14/2007,BNA,TN,ASO,CE,Combined TRACON& Tower with Radar,301,209,120,11,641,0,6,41,2,49,301,215,161,13,690,0,0,0,690
06/15/2007,BNA,TN,ASO,CE,Combined TRACON& Tower with Radar,299,201,102,7,609,0,2,31,1,34,299,203,133,8,643,0,0,0,643
06/16/2007,BNA,TN,ASO,CE,Combined TRACON& Tower with Radar,263,144,51,2,460,0,0,29,2,31,263,144,80,4,491,2,0,2,493
06/17/2007,BNA,TN,ASO,CE,Combined TRACON& Tower with Radar,262,142,72,4,480,0,3,21,2,26,262,145,93,6,506,0,0,0,506
06/18/2007,BNA,TN,ASO,CE,Combined TRACON& Tower with Radar,286,181,104,3,574,0,0,0,0,0,286,181,104,3,574,0,0,0,574
06/19/2007,BNA,TN,ASO,CE,Combined TRACON& Tower with Radar,296,182,123,11,612,0,8,13,1,22,296,190,136,12,634,2,0,2,636
06/20/2007,BNA,TN,ASO,CE,Combined TRACON& Tower with Radar,306,196,132,7,641,0,4,45,3,52,306,200,177,10,693,0,0,0,693
06/21/2007,BNA,TN,ASO,CE,Combined TRACON& Tower with Radar,302,201,122,8,633,0,2,42,3,47,302,203,164,11,680,0,0,0,680
06/22/2007,BNA,TN,ASO,CE,Combined TRACON& Tower with Radar,290,201,114,5,610,0,0,37,2,39,290,201,151,7,649,0,0,0,649
06/23/2007,BNA,TN,ASO,CE,Combined TRACON& Tower with Radar,279,127,53,9,468,0,2,23,2,27,279,129,76,11,495,0,0,0,495
06/24/2007,BNA,TN,ASO,CE,Combined TRACON& Tower with Radar,244,148,67,8,467,0,0,13,0,13,244,148,80,8,480,0,0,0,480
06/25/2007,BNA,TN,ASO,CE,Combined TRACON& Tower with Radar,265,171,100,5,541,0,0,0,0,0,265,171,100,5,541,8,0,8,549
06/26/2007,BNA,TN,ASO,CE,Combined TRACON& Tower with Radar,292,199,131,17,639,0,2,34,3,39,292,201,165,20,678,0,0,0,678
06/27/2007,BNA,TN,ASO,CE,Combined TRACON& Tower with Radar,282,188,127,13,610,0,3,27,1,31,282,191,154,14,641,0,0,0,641
06/28/2007,BNA,TN,ASO,CE,Combined TRACON& Tower with Radar,293,191,122,12,618,0,2,30,7,39,293,193,152,19,657,0,0,0,657
06/29/2007,BNA,TN,ASO,CE,Combined TRACON& Tower with Radar,301,184,118,8,611,0,6,21,1,28,301,190,139,9,639,0,0,0,639
06/30/2007,BNA,TN,ASO,CE,Combined TRACON& Tower with Radar,288,130,53,6,477,0,8,13,0,21,288,138,66,6,498,0,0,0,498
07/01/2007,BNA,TN,ASO,CE,Combined TRACON& Tower with Radar,245,140,26,3,414,0,2,15,0,17,245,142,41,3,431,0,0,0,431
07/02/2007,BNA,TN,ASO,CE,Combined TRACON& Tower with Radar,282,165,55,2,504,0,0,0,0,0,282,165,55,2,504,6,2,8,512
07/03/2007,BNA,TN,ASO,CE,Combined TRACON& Tower with Radar,287,176,72,6,541,0,3,27,0,30,287,179,99,6,571,0,0,0,571
07/04/2007,BNA,TN,ASO,CE,Combined TRACON& Tower with Radar,267,128,32,1,428,0,3,20,3,26,267,131,52,4,454,0,4,4,458
07/05/2007,BNA,TN,ASO,CE,Combined TRACON& Tower with Radar,262,141,58,12,473,0,1,18,3,22,262,142,76,15,495,0,0,0,495
07/06/2007,BNA,TN,ASO,CE,Combined TRACON& Tower with Radar,295,168,64,4,531,0,7,16,2,25,295,175,80,6,556,0,0,0,556
07/07/2007,BNA,TN,ASO,CE,Combined TRACON& Tower with Radar,282,139,47,9,477,0,2,16,0,18,282,141,63,9,495,0,0,0,495
07/08/2007,BNA,TN,ASO,CE,Combined TRACON& Tower with Radar,262,152,66,0,480,0,7,31,0,38,262,159,97,0,518,0,0,0,518
07/09/2007,BNA,TN,ASO,CE,Combined TRACON& Tower with Radar,273,157,89,2,521,0,0,0,0,0,273,157,89,2,521,6,0,6,527
07/10/2007,BNA,TN,ASO,CE,Combined TRACON& Tower with Radar,298,180,94,6,578,0,2,19,3,24,298,182,113,9,602,0,0,0,602
07/11/2007,BNA,TN,ASO,CE,Combined TRACON& Tower with Radar,299,200,117,2,618,0,2,29,2,33,299,202,146,4,651,2,0,2,653
07/12/2007,BNA,TN,ASO,CE,Combined TRACON& Tower with Radar,294,200,123,8,625,0,6,37,2,45,294,206,160,10,670,6,0,6,676
07/13/2007,BNA,TN,ASO,CE,Combined TRACON& Tower with Radar,309,194,90,8,601,0,3,39,2,44,309,197,129,10,645,0,0,0,645
07/14/2007,BNA,TN,ASO,CE,Combined TRACON& Tower with Radar,260,134,57,9,460,0,0,27,1,28,260,134,84,10,488,0,0,0,488
07/15/2007,BNA,TN,ASO,CE,Combined TRACON& Tower with Radar,243,153,64,2,462,0,4,31,2,37,243,157,95,4,499,0,0,0,499
07/16/2007,BNA,TN,ASO,CE,Combined TRACON& Tower with Radar,283,151,81,4,519,0,4,31,10,45,283,155,112,14,564,0,0,0,564
07/17/2007,BNA,TN,ASO,CE,Combined TRACON& Tower with Radar,294,188,106,5,593,0,4,37,19,60,294,192,143,24,653,2,0,2,655
07/18/2007,BNA,TN,ASO,CE,Combined TRACON& Tower with Radar,292,199,135,7,633,0,3,27,8,38,292,202,162,15,671,0,0,0,671
07/19/2007,BNA,TN,ASO,CE,Combined TRACON& Tower with Radar,285,167,97,9,558,0,2,35,6,43,285,169,132,15,601,0,0,0,601
07/20/2007,BNA,TN,ASO,CE,Combined TRACON& Tower with Radar,304,197,120,9,630,0,4,16,1,21,304,201,136,10,651,0,0,0,651
07/21/2007,BNA,TN,ASO,CE,Combined TRACON& Tower with Radar,276,127,54,1,458,0,0,40,1,41,276,127,94,2,499,0,0,0,499
07/22/2007,BNA,TN,ASO,CE,Combined TRACON& Tower with Radar,254,142,57,3,456,0,0,40,0,40,254,142,97,3,496,0,0,0,496
07/23/2007,BNA,TN,ASO,CE,Combined TRACON& Tower with Radar,277,159,74,8,518,0,0,0,0,0,277,159,74,8,518,0,0,0,518
07/24/2007,BNA,TN,ASO,CE,Combined TRACON& Tower with Radar,293,186,104,5,588,0,1,34,2,37,293,187,138,7,625,0,0,0,625
07/25/2007,BNA,TN,ASO,CE,Combined TRACON& Tower with Radar,298,202,113,5,618,0,4,24,3,31,298,206,137,8,649,2,0,2,651
07/26/2007,BNA,TN,ASO,CE,Combined TRACON& Tower with Radar,285,186,104,9,584,0,6,30,4,40,285,192,134,13,624,0,0,0,624
07/27/2007,BNA,TN,ASO,CE,Combined TRACON& Tower with Radar,297,183,99,11,590,0,0,23,3,26,297,183,122,14,616,0,0,0,616
07/28/2007,BNA,TN,ASO,CE,Combined TRACON& Tower with Radar,276,127,56,4,463,0,3,18,0,21,276,130,74,4,484,0,0,0,484
07/29/2007,BNA,TN,ASO,CE,Combined TRACON& Tower with Radar,239,140,60,3,442,0,3,14,2,19,239,143,74,5,461,0,0,0,461
07/30/2007,BNA,TN,ASO,CE,Combined TRACON& Tower with Radar,296,173,93,7,569,0,2,30,4,36,296,175,123,11,605,0,0,0,605
07/31/2007,BNA,TN,ASO,CE,Combined TRACON& Tower with Radar,286,210,87,12,595,0,2,24,1,27,286,212,111,13,622,0,0,0,622
08/01/2007,BNA,TN,ASO,CE,Combined TRACON& Tower with Radar,295,190,78,8,571,0,4,28,4,36,295,194,106,12,607,0,0,0,607
08/02/2007,BNA,TN,ASO,CE,Combined TRACON& Tower with Radar,300,184,100,7,591,0,4,44,1,49,300,188,144,8,640,0,0,0,640
08/03/2007,BNA,TN,ASO,CE,Combined TRACON& Tower with Radar,303,192,83,5,583,0,4,27,0,31,303,196,110,5,614,0,0,0,614
08/04/2007,BNA,TN,ASO,CE,Combined TRACON& Tower with Radar,281,141,45,1,468,0,1,23,2,26,281,142,68,3,494,0,0,0,494
08/05/2007,BNA,TN,ASO,CE,Combined TRACON& Tower with Radar,250,149,57,4,460,0,2,23,2,27,250,151,80,6,487,0,0,0,487
08/06/2007,BNA,TN,ASO,CE,Combined TRACON& Tower with Radar,285,165,77,13,540,0,2,13,0,15,285,167,90,13,555,2,0,2,557
08/07/2007,BNA,TN,ASO,CE,Combined TRACON& Tower with Radar,295,187,89,12,583,0,1,34,0,35,295,188,123,12,618,8,0,8,626
08/08/2007,BNA,TN,ASO,CE,Combined TRACON& Tower with Radar,301,205,94,10,610,0,8,36,2,46,301,213,130,12,656,0,0,0,656
08/09/2007,BNA,TN,ASO,CE,Combined TRACON& Tower with Radar,291,185,88,11,575,0,8,56,4,68,291,193,144,15,643,6,0,6,649
08/10/2007,BNA,TN,ASO,CE,Combined TRACON& Tower with Radar,312,194,78,8,592,0,4,41,0,45,312,198,119,8,637,0,0,0,637
08/11/2007,BNA,TN,ASO,CE,Combined TRACON& Tower with Radar,283,139,48,3,473,0,4,32,0,36,283,143,80,3,509,0,0,0,509
08/12/2007,BNA,TN,ASO,CE,Combined TRACON& Tower with Radar,257,162,50,15,484,0,3,16,1,20,257,165,66,16,504,0,0,0,504
08/13/2007,BNA,TN,ASO,CE,Combined TRACON& Tower with Radar,280,162,81,13,536,0,2,33,2,37,280,164,114,15,573,0,0,0,573
08/14/2007,BNA,TN,ASO,CE,Combined TRACON& Tower with Radar,304,184,88,12,588,0,3,36,0,39,304,187,124,12,627,0,0,0,627
08/15/2007,BNA,TN,ASO,CE,Combined TRACON& Tower with Radar,294,187,92,6,579,0,5,48,3,56,294,192,140,9,635,0,0,0,635
08/16/2007,BNA,TN,ASO,CE,Combined TRACON& Tower with Radar,300,173,103,12,588,0,1,53,2,56,300,174,156,14,644,2,0,2,646
08/17/2007,BNA,TN,ASO,CE,Combined TRACON& Tower with Radar,300,177,88,7,572,0,4,34,0,38,300,181,122,7,610,0,0,0,610
08/18/2007,BNA,TN,ASO,CE,Combined TRACON& Tower with Radar,283,136,58,7,484,0,5,40,1,46,283,141,98,8,530,0,0,0,530
08/19/2007,BNA,TN,ASO,CE,Combined TRACON& Tower with Radar,247,137,40,9,433,0,7,23,1,31,247,144,63,10,464,0,0,0,464
08/20/2007,BNA,TN,ASO,CE,Combined TRACON& Tower with Radar,276,159,79,8,522,0,2,32,2,36,276,161,111,10,558,0,0,0,558
08/21/2007,BNA,TN,ASO,CE,Combined TRACON& Tower with Radar,295,179,108,17,599,0,3,41,7,51,295,182,149,24,650,2,0,2,652
08/22/2007,BNA,TN,ASO,CE,Combined TRACON& Tower with Radar,302,180,131,4,617,0,2,49,6,57,302,182,180,10,674,0,0,0,674
08/23/2007,BNA,TN,ASO,CE,Combined TRACON& Tower with Radar,306,189,123,13,631,0,0,42,7,49,306,189,165,20,680,0,0,0,680
08/24/2007,BNA,TN,ASO,CE,Combined TRACON& Tower with Radar,307,195,95,11,608,0,4,45,5,54,307,199,140,16,662,0,0,0,662
08/25/2007,BNA,TN,ASO,CE,Combined TRACON& Tower with Radar,301,122,30,2,455,0,0,28,0,28,301,122,58,2,483,0,0,0,483
08/26/2007,BNA,TN,ASO,CE,Combined TRACON& Tower with Radar,248,158,45,9,460,0,3,24,2,29,248,161,69,11,489,0,0,0,489
08/27/2007,BNA,TN,ASO,CE,Combined TRACON& Tower with Radar,286,169,92,10,557,1,3,32,4,40,287,172,124,14,597,0,0,0,597
08/28/2007,BNA,TN,ASO,CE,Combined TRACON& Tower with Radar,295,190,89,10,584,0,1,34,1,36,295,191,123,11,620,0,0,0,620
08/29/2007,BNA,TN,ASO,CE,Combined TRACON& Tower with Radar,290,185,107,5,587,0,3,39,1,43,290,188,146,6,630,0,0,0,630
08/30/2007,BNA,TN,ASO,CE,Combined TRACON& Tower with Radar,299,201,116,21,637,0,1,19,2,22,299,202,135,23,659,0,0,0,659
08/31/2007,BNA,TN,ASO,CE,Combined TRACON& Tower with Radar,305,175,88,15,583,0,6,22,2,30,305,181,110,17,613,2,0,2,615
09/01/2007,BNA,TN,ASO,CE,Combined TRACON& Tower with Radar,266,123,40,3,432,0,0,27,1,28,266,123,67,4,460,0,0,0,460
09/02/2007,BNA,TN,ASO,CE,Combined TRACON& Tower with Radar,201,112,22,0,335,0,3,18,0,21,201,115,40,0,356,0,0,0,356
09/03/2007,BNA,TN,ASO,CE,Combined TRACON& Tower with Radar,249,127,42,2,420,0,5,43,0,48,249,132,85,2,468,0,0,0,468
09/04/2007,BNA,TN,ASO,CE,Combined TRACON& Tower with Radar,278,158,72,5,513,0,1,34,5,40,278,159,106,10,553,0,0,0,553
09/05/2007,BNA,TN,ASO,CE,Combined TRACON& Tower with Radar,296,182,109,5,592,0,4,27,6,37,296,186,136,11,629,0,0,0,629
09/06/2007,BNA,TN,ASO,CE,Combined TRACON& Tower with Radar,291,203,68,11,573,0,3,35,5,43,291,206,103,16,616,0,0,0,616
09/07/2007,BNA,TN,ASO,CE,Combined TRACON& Tower with Radar,307,190,113,7,617,0,3,40,4,47,307,193,153,11,664,2,0,2,666
09/08/2007,BNA,TN,ASO,CE,Combined TRACON& Tower with Radar,256,146,73,7,482,0,3,22,2,27,256,149,95,9,509,0,0,0,509
09/09/2007,BNA,TN,ASO,CE,Combined TRACON& Tower with Radar,240,154,68,8,470,0,1,8,1,10,240,155,76,9,480,0,0,0,480
09/10/2007,BNA,TN,ASO,CE,Combined TRACON& Tower with Radar,287,182,92,8,569,0,1,15,0,16,287,183,107,8,585,0,0,0,585
09/11/2007,BNA,TN,ASO,CE,Combined TRACON& Tower with Radar,282,187,120,13,602,0,1,15,0,16,282,188,135,13,618,0,0,0,618
09/12/2007,BNA,TN,ASO,CE,Combined TRACON& Tower with Radar,303,206,132,3,644,0,2,40,4,46,303,208,172,7,690,0,0,0,690
09/13/2007,BNA,TN,ASO,CE,Combined TRACON& Tower with Radar,296,201,116,12,625,0,1,51,3,55,296,202,167,15,680,0,0,0,680
09/14/2007,BNA,TN,ASO,CE,Combined TRACON& Tower with Radar,296,178,98,7,579,0,6,29,2,37,296,184,127,9,616,0,0,0,616
09/15/2007,BNA,TN,ASO,CE,Combined TRACON& Tower with Radar,267,127,70,2,466,0,1,29,0,30,267,128,99,2,496,0,0,0,496
09/16/2007,BNA,TN,ASO,CE,Combined TRACON& Tower with Radar,239,146,81,11,477,0,3,31,0,34,239,149,112,11,511,0,0,0,511
09/17/2007,BNA,TN,ASO,CE,Combined TRACON& Tower with Radar,287,167,84,5,543,0,3,24,3,30,287,170,108,8,573,2,0,2,575
09/18/2007,BNA,TN,ASO,CE,Combined TRACON& Tower with Radar,302,185,102,9,598,0,2,46,0,48,302,187,148,9,646,0,0,0,646
09/19/2007,BNA,TN,ASO,CE,Combined TRACON& Tower with Radar,300,185,108,8,601,0,5,43,3,51,300,190,151,11,652,0,0,0,652
09/20/2007,BNA,TN,ASO,CE,Combined TRACON& Tower with Radar,298,195,95,10,598,0,1,47,5,53,298,196,142,15,651,0,0,0,651
09/21/2007,BNA,TN,ASO,CE,Combined TRACON& Tower with Radar,306,186,147,11,650,0,4,53,2,59,306,190,200,13,709,0,0,0,709
09/22/2007,BNA,TN,ASO,CE,Combined TRACON& Tower with Radar,262,122,48,5,437,0,8,40,2,50,262,130,88,7,487,0,0,0,487
09/23/2007,BNA,TN,ASO,CE,Combined TRACON& Tower with Radar,239,139,66,5,449,0,6,37,1,44,239,145,103,6,493,0,0,0,493
09/24/2007,BNA,TN,ASO,CE,Combined TRACON& Tower with Radar,280,186,78,7,551,0,9,28,7,44,280,195,106,14,595,0,0,0,595
09/25/2007,BNA,TN,ASO,CE,Combined TRACON& Tower with Radar,273,178,107,0,558,0,3,42,0,45,273,181,149,0,603,0,0,0,603
09/26/2007,BNA,TN,ASO,CE,Combined TRACON& Tower with Radar,306,186,133,0,625,0,2,24,1,27,306,188,157,1,652,0,0,0,652
09/27/2007,BNA,TN,ASO,CE,Combined TRACON& Tower with Radar,292,212,115,1,620,0,1,18,2,21,292,213,133,3,641,0,0,0,641
09/28/2007,BNA,TN,ASO,CE,Combined TRACON& Tower with Radar,315,200,108,0,623,0,5,40,0,45,315,205,148,0,668,0,0,0,668
09/29/2007,BNA,TN,ASO,CE,Combined TRACON& Tower with Radar,262,122,49,0,433,0,3,37,1,41,262,125,86,1,474,0,0,0,474
09/30/2007,BNA,TN,ASO,CE,Combined TRACON& Tower with Radar,242,153,81,4,480,0,2,36,2,40,242,155,117,6,520,0,0,0,520
10/01/2007,BNA,TN,ASO,CE,Combined TRACON& Tower with Radar,286,176,91,4,557,0,2,33,0,35,286,178,124,4,592,0,0,0,592
10/02/2007,BNA,TN,ASO,CE,Combined TRACON& Tower with Radar,281,192,102,10,585,0,3,49,2,54,281,195,151,12,639,0,0,0,639
10/03/2007,BNA,TN,ASO,CE,Combined TRACON& Tower with Radar,306,199,125,3,633,0,5,38,3,46,306,204,163,6,679,0,0,0,679
10/04/2007,BNA,TN,ASO,CE,Combined TRACON& Tower with Radar,292,180,85,11,568,0,5,35,3,43,292,185,120,14,611,0,0,0,611
10/05/2007,BNA,TN,ASO,CE,Combined TRACON& Tower with Radar,309,193,80,5,587,0,4,39,1,44,309,197,119,6,631,0,0,0,631
10/06/2007,BNA,TN,ASO,CE,Combined TRACON& Tower with Radar,270,138,52,8,468,0,4,37,0,41,270,142,89,8,509,0,0,0,509
10/07/2007,BNA,TN,ASO,CE,Combined TRACON& Tower with Radar,238,144,74,3,459,0,5,27,0,32,238,149,101,3,491,0,0,0,491
10/08/2007,BNA,TN,ASO,CE,Combined TRACON& Tower with Radar,281,149,86,12,528,0,9,27,0,36,281,158,113,12,564,2,0,2,566
10/09/2007,BNA,TN,ASO,CE,Combined TRACON& Tower with Radar,299,162,113,9,583,0,3,29,2,34,299,165,142,11,617,0,0,0,617
10/10/2007,BNA,TN,ASO,CE,Combined TRACON& Tower with Radar,304,202,129,9,644,0,5,25,3,33,304,207,154,12,677,0,0,0,677
10/11/2007,BNA,TN,ASO,CE,Combined TRACON& Tower with Radar,301,190,126,11,628,0,3,53,4,60,301,193,179,15,688,0,0,0,688
10/12/2007,BNA,TN,ASO,CE,Combined TRACON& Tower with Radar,319,180,84,5,588,0,3,53,5,61,319,183,137,10,649,10,0,10,659
10/13/2007,BNA,TN,ASO,CE,Combined TRACON& Tower with Radar,271,136,53,8,468,0,9,44,1,54,271,145,97,9,522,0,0,0,522
10/14/2007,BNA,TN,ASO,CE,Combined TRACON& Tower with Radar,234,150,81,8,473,0,1,29,2,32,234,151,110,10,505,0,0,0,505
10/15/2007,BNA,TN,ASO,CE,Combined TRACON& Tower with Radar,282,162,92,10,546,0,5,32,1,38,282,167,124,11,584,0,0,0,584
10/16/2007,BNA,TN,ASO,CE,Combined TRACON& Tower with Radar,297,206,127,6,636,0,4,24,0,28,297,210,151,6,664,0,0,0,664
10/17/2007,BNA,TN,ASO,CE,Combined TRACON& Tower with Radar,292,185,119,4,600,0,3,30,3,36,292,188,149,7,636,0,0,0,636
10/18/2007,BNA,TN,ASO,CE,Combined TRACON& Tower with Radar,300,185,132,16,633,0,1,14,2,17,300,186,146,18,650,0,0,0,650
10/19/2007,BNA,TN,ASO,CE,Combined TRACON& Tower with Radar,301,190,119,6,616,0,4,38,2,44,301,194,157,8,660,0,0,0,660
10/20/2007,BNA,TN,ASO,CE,Combined TRACON& Tower with Radar,275,136,47,2,460,0,6,22,0,28,275,142,69,2,488,0,0,0,488
10/21/2007,BNA,TN,ASO,CE,Combined TRACON& Tower with Radar,225,128,65,3,421,0,3,21,0,24,225,131,86,3,445,0,0,0,445
10/22/2007,BNA,TN,ASO,CE,Combined TRACON& Tower with Radar,277,168,86,5,536,0,3,6,0,9,277,171,92,5,545,0,0,0,545
10/23/2007,BNA,TN,ASO,CE,Combined TRACON& Tower with Radar,293,204,116,10,623,0,0,2,0,2,293,204,118,10,625,14,0,14,639
10/24/2007,BNA,TN,ASO,CE,Combined TRACON& Tower with Radar,290,209,145,17,661,0,6,17,0,23,290,215,162,17,684,0,0,0,684
10/25/2007,BNA,TN,ASO,CE,Combined TRACON& Tower with Radar,299,192,133,89,713,0,1,33,1,35,299,193,166,90,748,0,0,0,748
10/26/2007,BNA,TN,ASO,CE,Combined TRACON& Tower with Radar,310,197,123,20,650,0,1,11,0,12,310,198,134,20,662,0,0,0,662
10/27/2007,BNA,TN,ASO,CE,Combined TRACON& Tower with Radar,268,135,63,7,473,0,0,21,0,21,268,135,84,7,494,0,0,0,494
10/28/2007,BNA,TN,ASO,CE,Combined TRACON& Tower with Radar,229,145,71,89,534,0,4,16,0,20,229,149,87,89,554,0,0,0,554
10/29/2007,BNA,TN,ASO,CE,Combined TRACON& Tower with Radar,289,189,72,8,558,0,2,57,2,61,289,191,129,10,619,0,0,0,619
10/30/2007,BNA,TN,ASO,CE,Combined TRACON& Tower with Radar,287,203,92,12,594,0,9,41,9,59,287,212,133,21,653,0,0,0,653
10/31/2007,BNA,TN,ASO,CE,Combined TRACON& Tower with Radar,280,175,115,8,578,0,7,47,1,55,280,182,162,9,633,0,0,0,633
11/01/2007,BNA,TN,ASO,CE,Combined TRACON& Tower with Radar,292,198,131,13,634,0,5,48,4,57,292,203,179,17,691,2,0,2,693
11/02/2007,BNA,TN,ASO,CE,Combined TRACON& Tower with Radar,292,205,127,6,630,0,5,73,3,81,292,210,200,9,711,0,0,0,711
11/03/2007,BNA,TN,ASO,CE,Combined TRACON& Tower with Radar,259,135,54,1,449,0,1,22,1,24,259,136,76,2,473,0,0,0,473
11/04/2007,BNA,TN,ASO,CE,Combined TRACON& Tower with Radar,244,142,55,8,449,0,1,26,3,30,244,143,81,11,479,2,0,2,481
11/05/2007,BNA,TN,ASO,CE,Combined TRACON& Tower with Radar,245,152,67,4,468,0,2,12,0,14,245,154,79,4,482,0,0,0,482
11/06/2007,BNA,TN,ASO,CE,Combined TRACON& Tower with Radar,326,216,127,13,682,0,5,35,4,44,326,221,162,17,726,0,0,0,726
11/07/2007,BNA,TN,ASO,CE,Combined TRACON& Tower with Radar,300,199,138,5,642,0,4,38,6,48,300,203,176,11,690,0,0,0,690
11/08/2007,BNA,TN,ASO,CE,Combined TRACON& Tower with Radar,294,225,171,13,703,0,2,44,3,49,294,227,215,16,752,0,0,0,752
11/09/2007,BNA,TN,ASO,CE,Combined TRACON& Tower with Radar,295,202,111,11,619,0,5,36,4,45,295,207,147,15,664,0,0,0,664
11/10/2007,BNA,TN,ASO,CE,Combined TRACON& Tower with Radar,274,142,58,1,475,0,5,26,4,35,274,147,84,5,510,0,0,0,510
11/11/2007,BNA,TN,ASO,CE,Combined TRACON& Tower with Radar,257,166,74,3,500,0,0,15,2,17,257,166,89,5,517,0,0,0,517
11/12/2007,BNA,TN,ASO,CE,Combined TRACON& Tower with Radar,282,168,90,5,545,0,3,24,3,30,282,171,114,8,575,0,0,0,575
11/13/2007,BNA,TN,ASO,CE,Combined TRACON& Tower with Radar,288,191,109,6,594,0,1,18,0,19,288,192,127,6,613,0,0,0,613
11/14/2007,BNA,TN,ASO,CE,Combined TRACON& Tower with Radar,297,202,105,2,606,2,4,16,1,23,299,206,121,3,629,0,0,0,629
11/15/2007,BNA,TN,ASO,CE,Combined TRACON& Tower with Radar,299,218,126,6,649,0,5,31,3,39,299,223,157,9,688,0,0,0,688
11/16/2007,BNA,TN,ASO,CE,Combined TRACON& Tower with Radar,294,200,117,10,621,3,7,58,6,74,297,207,175,16,695,0,0,0,695
11/17/2007,BNA,TN,ASO,CE,Combined TRACON& Tower with Radar,268,134,56,6,464,2,6,29,4,41,270,140,85,10,505,0,0,0,505
11/18/2007,BNA,TN,ASO,CE,Combined TRACON& Tower with Radar,256,130,53,4,443,1,2,25,0,28,257,132,78,4,471,0,0,0,471
11/19/2007,BNA,TN,ASO,CE,Combined TRACON& Tower with Radar,278,161,86,5,530,0,6,25,4,35,278,167,111,9,565,0,0,0,565
11/20/2007,BNA,TN,ASO,CE,Combined TRACON& Tower with Radar,299,195,101,6,601,3,5,46,4,58,302,200,147,10,659,0,0,0,659
11/21/2007,BNA,TN,ASO,CE,Combined TRACON& Tower with Radar,302,195,81,3,581,0,3,11,0,14,302,198,92,3,595,0,0,0,595
11/22/2007,BNA,TN,ASO,CE,Combined TRACON& Tower with Radar,259,128,21,0,408,0,1,3,0,4,259,129,24,0,412,0,0,0,412
11/23/2007,BNA,TN,ASO,CE,Combined TRACON& Tower with Radar,199,99,28,1,327,0,4,24,1,29,199,103,52,2,356,0,0,0,356
11/24/2007,BNA,TN,ASO,CE,Combined TRACON& Tower with Radar,258,132,39,2,431,1,3,22,0,26,259,135,61,2,457,0,0,0,457
11/25/2007,BNA,TN,ASO,CE,Combined TRACON& Tower with Radar,252,174,65,0,491,0,3,7,0,10,252,177,72,0,501,0,0,0,501
11/26/2007,BNA,TN,ASO,CE,Combined TRACON& Tower with Radar,291,167,92,8,558,0,4,1,0,5,291,171,93,8,563,0,0,0,563
11/27/2007,BNA,TN,ASO,CE,Combined TRACON& Tower with Radar,286,192,119,14,611,0,2,26,1,29,286,194,145,15,640,0,0,0,640
11/28/2007,BNA,TN,ASO,CE,Combined TRACON& Tower with Radar,299,171,119,10,599,0,3,35,1,39,299,174,154,11,638,0,0,0,638
11/29/2007,BNA,TN,ASO,CE,Combined TRACON& Tower with Radar,298,200,96,8,602,0,4,46,7,57,298,204,142,15,659,0,0,0,659
11/30/2007,BNA,TN,ASO,CE,Combined TRACON& Tower with Radar,286,178,113,10,587,0,7,43,9,59,286,185,156,19,646,0,0,0,646
12/01/2007,BNA,TN,ASO,CE,Combined TRACON& Tower with Radar,259,126,65,5,455,0,2,22,2,26,259,128,87,7,481,0,0,0,481
12/02/2007,BNA,TN,ASO,CE,Combined TRACON& Tower with Radar,247,126,57,3,433,0,2,3,0,5,247,128,60,3,438,0,0,0,438
12/03/2007,BNA,TN,ASO,CE,Combined TRACON& Tower with Radar,283,174,96,5,558,0,2,19,3,24,283,176,115,8,582,0,0,0,582
12/04/2007,BNA,TN,ASO,CE,Combined TRACON& Tower with Radar,294,187,93,12,586,2,5,35,4,46,296,192,128,16,632,0,0,0,632
12/05/2007,BNA,TN,ASO,CE,Combined TRACON& Tower with Radar,286,164,103,6,559,0,5,19,1,25,286,169,122,7,584,0,0,0,584
12/06/2007,BNA,TN,ASO,CE,Combined TRACON& Tower with Radar,300,187,107,6,600,1,1,37,5,44,301,188,144,11,644,0,0,0,644
12/07/2007,BNA,TN,ASO,CE,Combined TRACON& Tower with Radar,297,179,88,11,575,1,6,9,2,18,298,185,97,13,593,0,0,0,593
12/08/2007,BNA,TN,ASO,CE,Combined TRACON& Tower with Radar,258,126,56,13,453,0,1,1,0,2,258,127,57,13,455,0,0,0,455
12/09/2007,BNA,TN,ASO,CE,Combined TRACON& Tower with Radar,249,150,64,5,468,0,3,15,0,18,249,153,79,5,486,0,0,0,486
12/10/2007,BNA,TN,ASO,CE,Combined TRACON& Tower with Radar,281,163,105,8,557,0,7,10,0,17,281,170,115,8,574,0,0,0,574
12/11/2007,BNA,TN,ASO,CE,Combined TRACON& Tower with Radar,281,192,75,9,557,2,5,26,2,35,283,197,101,11,592,0,0,0,592
12/12/2007,BNA,TN,ASO,CE,Combined TRACON& Tower with Radar,300,206,144,8,658,0,1,5,1,7,300,207,149,9,665,2,0,2,667
12/13/2007,BNA,TN,ASO,CE,Combined TRACON& Tower with Radar,291,176,104,10,581,3,1,4,2,10,294,177,108,12,591,2,0,2,593
12/14/2007,BNA,TN,ASO,CE,Combined TRACON& Tower with Radar,297,190,111,10,608,0,0,15,1,16,297,190,126,11,624,0,0,0,624
12/15/2007,BNA,TN,ASO,CE,Combined TRACON& Tower with Radar,262,122,33,5,422,0,1,4,0,5,262,123,37,5,427,0,0,0,427
12/16/2007,BNA,TN,ASO,CE,Combined TRACON& Tower with Radar,235,127,36,2,400,0,3,5,1,9,235,130,41,3,409,0,0,0,409
12/17/2007,BNA,TN,ASO,CE,Combined TRACON& Tower with Radar,297,153,96,3,549,2,1,32,2,37,299,154,128,5,586,0,0,0,586
12/18/2007,BNA,TN,ASO,CE,Combined TRACON& Tower with Radar,291,194,76,19,580,2,5,34,0,41,293,199,110,19,621,0,0,0,621
12/19/2007,BNA,TN,ASO,CE,Combined TRACON& Tower with Radar,280,205,108,6,599,3,4,30,5,42,283,209,138,11,641,0,0,0,641
12/20/2007,BNA,TN,ASO,CE,Combined TRACON& Tower with Radar,274,196,99,8,577,2,4,5,3,14,276,200,104,11,591,0,0,0,591
12/21/2007,BNA,TN,ASO,CE,Combined TRACON& Tower with Radar,283,193,89,2,567,0,5,25,0,30,283,198,114,2,597,0,0,0,597
12/22/2007,BNA,TN,ASO,CE,Combined TRACON& Tower with Radar,251,157,47,1,456,3,1,11,0,15,254,158,58,1,471,0,0,0,471
12/23/2007,BNA,TN,ASO,CE,Combined TRACON& Tower with Radar,240,116,43,2,401,3,1,13,0,17,243,117,56,2,418,0,0,0,418
12/24/2007,BNA,TN,ASO,CE,Combined TRACON& Tower with Radar,245,134,19,0,398,3,3,13,0,19,248,137,32,0,417,0,0,0,417
12/25/2007,BNA,TN,ASO,CE,Combined TRACON& Tower with Radar,192,102,15,0,309,4,3,4,0,11,196,105,19,0,320,0,0,0,320
12/26/2007,BNA,TN,ASO,CE,Combined TRACON& Tower with Radar,268,178,48,0,494,0,1,31,4,36,268,179,79,4,530,0,0,0,530
12/27/2007,BNA,TN,ASO,CE,Combined TRACON& Tower with Radar,281,181,70,0,532,1,2,15,1,19,282,183,85,1,551,0,0,0,551
12/28/2007,BNA,TN,ASO,CE,Combined TRACON& Tower with Radar,274,179,45,1,499,0,2,4,0,6,274,181,49,1,505,0,0,0,505
12/29/2007,BNA,TN,ASO,CE,Combined TRACON& Tower with Radar,269,144,35,0,448,0,10,25,0,35,269,154,60,0,483,0,0,0,483
12/30/2007,BNA,TN,ASO,CE,Combined TRACON& Tower with Radar,226,127,36,3,392,2,2,19,0,23,228,129,55,3,415,0,0,0,415
12/31/2007,BNA,TN,ASO,CE,Combined TRACON& Tower with Radar,235,138,56,0,429,5,5,24,2,36,240,143,80,2,465,0,0,0,465
01/01/2008,BNA,TN,ASO,CE,Combined TRACON& Tower with Radar,210,123,64,2,399,2,2,9,0,13,212,125,73,2,412,0,0,0,412
01/02/2008,BNA,TN,ASO,CE,Combined TRACON& Tower with Radar,269,158,37,3,467,0,6,25,1,32,269,164,62,4,499,2,0,2,501
01/03/2008,BNA,TN,ASO,CE,Combined TRACON& Tower with Radar,287,180,46,7,520,1,2,46,5,54,288,182,92,12,574,0,0,0,574
01/04/2008,BNA,TN,ASO,CE,Combined TRACON& Tower with Radar,288,179,61,4,532,1,5,53,1,60,289,184,114,5,592,0,0,0,592
01/05/2008,BNA,TN,ASO,CE,Combined TRACON& Tower with Radar,239,140,46,5,430,2,2,16,0,20,241,142,62,5,450,0,0,0,450
01/06/2008,BNA,TN,ASO,CE,Combined TRACON& Tower with Radar,247,130,36,4,417,0,2,7,0,9,247,132,43,4,426,0,0,0,426
01/07/2008,BNA,TN,ASO,CE,Combined TRACON& Tower with Radar,278,152,68,5,503,0,1,31,1,33,278,153,99,6,536,0,0,0,536
01/08/2008,BNA,TN,ASO,CE,Combined TRACON& Tower with Radar,279,159,71,5,514,0,4,6,0,10,279,163,77,5,524,0,0,0,524
01/09/2008,BNA,TN,ASO,CE,Combined TRACON& Tower with Radar,297,182,102,7,588,2,4,40,1,47,299,186,142,8,635,0,0,0,635
01/10/2008,BNA,TN,ASO,CE,Combined TRACON& Tower with Radar,288,173,76,0,537,0,3,2,1,6,288,176,78,1,543,0,0,0,543
01/11/2008,BNA,TN,ASO,CE,Combined TRACON& Tower with Radar,295,194,108,8,605,0,3,29,2,34,295,197,137,10,639,0,0,0,639
01/12/2008,BNA,TN,ASO,CE,Combined TRACON& Tower with Radar,245,128,56,12,441,3,2,40,3,48,248,130,96,15,489,0,0,0,489
01/13/2008,BNA,TN,ASO,CE,Combined TRACON& Tower with Radar,224,120,47,5,396,0,3,3,0,6,224,123,50,5,402,0,0,0,402
01/14/2008,BNA,TN,ASO,CE,Combined TRACON& Tower with Radar,281,160,84,8,533,0,3,28,2,33,281,163,112,10,566,0,0,0,566
01/15/2008,BNA,TN,ASO,CE,Combined TRACON& Tower with Radar,281,164,88,7,540,0,2,27,2,31,281,166,115,9,571,0,0,0,571
01/16/2008,BNA,TN,ASO,CE,Combined TRACON& Tower with Radar,284,185,95,9,573,1,5,33,4,43,285,190,128,13,616,0,0,0,616
01/17/2008,BNA,TN,ASO,CE,Combined TRACON& Tower with Radar,282,174,104,4,564,2,1,2,0,5,284,175,106,4,569,0,0,0,569
01/18/2008,BNA,TN,ASO,CE,Combined TRACON& Tower with Radar,292,186,78,5,561,2,5,30,1,38,294,191,108,6,599,0,0,0,599
01/19/2008,BNA,TN,ASO,CE,Combined TRACON& Tower with Radar,229,138,45,2,414,2,6,8,0,16,231,144,53,2,430,0,0,0,430
01/20/2008,BNA,TN,ASO,CE,Combined TRACON& Tower with Radar,219,117,45,1,382,3,2,11,0,16,222,119,56,1,398,0,0,0,398
01/21/2008,BNA,TN,ASO,CE,Combined TRACON& Tower with Radar,274,146,54,3,477,1,1,30,0,32,275,147,84,3,509,0,0,0,509
01/22/2008,BNA,TN,ASO,CE,Combined TRACON& Tower with Radar,278,145,76,4,503,1,0,1,0,2,279,145,77,4,505,2,0,2,507
01/23/2008,BNA,TN,ASO,CE,Combined TRACON& Tower with Radar,293,188,94,5,580,3,1,17,6,27,296,189,111,11,607,0,0,0,607
01/24/2008,BNA,TN,ASO,CE,Combined TRACON& Tower with Radar,288,191,80,4,563,0,1,38,1,40,288,192,118,5,603,2,1,3,606
01/25/2008,BNA,TN,ASO,CE,Combined TRACON& Tower with Radar,287,180,72,10,549,0,6,23,1,30,287,186,95,11,579,0,0,0,579
01/26/2008,BNA,TN,ASO,CE,Combined TRACON& Tower with Radar,222,127,28,0,377,0,3,6,0,9,222,130,34,0,386,0,0,0,386
01/27/2008,BNA,TN,ASO,CE,Combined TRACON& Tower with Radar,208,135,43,5,391,0,2,30,0,32,208,137,73,5,423,0,0,0,423
01/28/2008,BNA,TN,ASO,CE,Combined TRACON& Tower with Radar,286,149,69,2,506,1,6,31,3,41,287,155,100,5,547,6,0,6,553
01/29/2008,BNA,TN,ASO,CE,Combined TRACON& Tower with Radar,272,168,80,2,522,1,1,11,0,13,273,169,91,2,535,0,0,0,535
01/30/2008,BNA,TN,ASO,CE,Combined TRACON& Tower with Radar,305,202,64,8,579,0,7,49,1,57,305,209,113,9,636,0,0,0,636
01/31/2008,BNA,TN,ASO,CE,Combined TRACON& Tower with Radar,273,194,100,6,573,0,3,27,3,33,273,197,127,9,606,0,0,0,606
02/01/2008,BNA,TN,ASO,CE,Combined TRACON& Tower with Radar,283,159,67,2,511,10,8,4,1,23,293,167,71,3,534,0,0,0,534
02/02/2008,BNA,TN,ASO,CE,Combined TRACON& Tower with Radar,232,123,58,4,417,2,2,24,1,29,234,125,82,5,446,0,0,0,446
02/03/2008,BNA,TN,ASO,CE,Combined TRACON& Tower with Radar,216,120,45,2,383,0,3,10,3,16,216,123,55,5,399,0,0,0,399
02/04/2008,BNA,TN,ASO,CE,Combined TRACON& Tower with Radar,278,149,68,6,501,0,3,6,0,9,278,152,74,6,510,0,0,0,510
02/05/2008,BNA,TN,ASO,CE,Combined TRACON& Tower with Radar,268,178,62,3,511,0,1,7,0,8,268,179,69,3,519,0,0,0,519
02/06/2008,BNA,TN,ASO,CE,Combined TRACON& Tower with Radar,284,157,56,2,499,1,3,19,8,31,285,160,75,10,530,0,0,0,530
02/07/2008,BNA,TN,ASO,CE,Combined TRACON& Tower with Radar,292,179,97,14,582,0,5,63,13,81,292,184,160,27,663,0,0,0,663
02/08/2008,BNA,TN,ASO,CE,Combined TRACON& Tower with Radar,288,179,84,10,561,0,3,45,5,53,288,182,129,15,614,0,0,0,614
02/09/2008,BNA,TN,ASO,CE,Combined TRACON& Tower with Radar,224,129,29,2,384,1,10,29,3,43,225,139,58,5,427,0,0,0,427
02/10/2008,BNA,TN,ASO,CE,Combined TRACON& Tower with Radar,217,108,40,3,368,2,3,16,0,21,219,111,56,3,389,0,0,0,389
02/11/2008,BNA,TN,ASO,CE,Combined TRACON& Tower with Radar,271,148,74,3,496,0,4,28,5,37,271,152,102,8,533,2,0,2,535
02/12/2008,BNA,TN,ASO,CE,Combined TRACON& Tower with Radar,268,147,94,3,512,0,7,7,2,16,268,154,101,5,528,0,0,0,528
02/13/2008,BNA,TN,ASO,CE,Combined TRACON& Tower with Radar,275,181,94,3,553,0,1,4,0,5,275,182,98,3,558,0,0,0,558
02/14/2008,BNA,TN,ASO,CE,Combined TRACON& Tower with Radar,291,209,108,3,611,2,5,43,1,51,293,214,151,4,662,0,0,0,662
02/15/2008,BNA,TN,ASO,CE,Combined TRACON& Tower with Radar,278,194,74,2,548,2,9,30,2,43,280,203,104,4,591,0,0,0,591
02/16/2008,BNA,TN,ASO,CE,Combined TRACON& Tower with Radar,220,139,30,2,391,0,7,13,0,20,220,146,43,2,411,0,0,0,411
02/17/2008,BNA,TN,ASO,CE,Combined TRACON& Tower with Radar,204,128,36,7,375,0,3,0,0,3,204,131,36,7,378,0,0,0,378
02/18/2008,BNA,TN,ASO,CE,Combined TRACON& Tower with Radar,281,161,86,8,536,0,4,16,0,20,281,165,102,8,556,2,0,2,558
02/19/2008,BNA,TN,ASO,CE,Combined TRACON& Tower with Radar,273,190,100,8,571,1,4,22,0,27,274,194,122,8,598,0,0,0,598
02/20/2008,BNA,TN,ASO,CE,Combined TRACON& Tower with Radar,270,197,109,14,590,0,1,29,5,35,270,198,138,19,625,0,0,0,625
02/21/2008,BNA,TN,ASO,CE,Combined TRACON& Tower with Radar,274,185,110,8,577,0,5,20,0,25,274,190,130,8,602,0,0,0,602
02/22/2008,BNA,TN,ASO,CE,Combined TRACON& Tower with Radar,266,177,106,10,559,0,1,6,0,7,266,178,112,10,566,0,0,0,566
02/23/2008,BNA,TN,ASO,CE,Combined TRACON& Tower with Radar,230,139,47,5,421,0,1,9,0,10,230,140,56,5,431,0,0,0,431
02/24/2008,BNA,TN,ASO,CE,Combined TRACON& Tower with Radar,206,125,50,1,382,0,3,4,0,7,206,128,54,1,389,0,0,0,389
02/25/2008,BNA,TN,ASO,CE,Combined TRACON& Tower with Radar,262,174,129,3,568,1,5,28,1,35,263,179,157,4,603,0,0,0,603
02/26/2008,BNA,TN,ASO,CE,Combined TRACON& Tower with Radar,258,190,102,6,556,1,1,3,2,7,259,191,105,8,563,0,0,0,563
02/27/2008,BNA,TN,ASO,CE,Combined TRACON& Tower with Radar,290,213,109,9,621,0,1,7,0,8,290,214,116,9,629,0,0,0,629
02/28/2008,BNA,TN,ASO,CE,Combined TRACON& Tower with Radar,276,198,88,1,563,1,5,60,5,71,277,203,148,6,634,0,0,0,634
02/29/2008,BNA,TN,ASO,CE,Combined TRACON& Tower with Radar,273,199,131,3,606,1,3,4,2,10,274,202,135,5,616,0,0,0,616
03/01/2008,BNA,TN,ASO,CE,Combined TRACON& Tower with Radar,225,145,74,9,453,2,6,18,3,29,227,151,92,12,482,6,0,6,488
03/02/2008,BNA,TN,ASO,CE,Combined TRACON& Tower with Radar,213,129,68,2,412,0,3,17,2,22,213,132,85,4,434,0,0,0,434
03/03/2008,BNA,TN,ASO,CE,Combined TRACON& Tower with Radar,271,172,74,5,522,0,3,15,1,19,271,175,89,6,541,0,0,0,541
03/04/2008,BNA,TN,ASO,CE,Combined TRACON& Tower with Radar,284,170,76,3,533,0,3,3,0,6,284,173,79,3,539,0,0,0,539
03/05/2008,BNA,TN,ASO,CE,Combined TRACON& Tower with Radar,278,201,107,7,593,0,4,27,1,32,278,205,134,8,625,0,0,0,625
03/06/2008,BNA,TN,ASO,CE,Combined TRACON& Tower with Radar,266,191,131,6,594,1,1,43,5,50,267,192,174,11,644,0,0,0,644
03/07/2008,BNA,TN,ASO,CE,Combined TRACON& Tower with Radar,267,181,82,2,532,1,0,0,0,1,268,181,82,2,533,0,0,0,533
03/08/2008,BNA,TN,ASO,CE,Combined TRACON& Tower with Radar,237,139,42,0,418,1,3,14,0,18,238,142,56,0,436,0,0,0,436
03/09/2008,BNA,TN,ASO,CE,Combined TRACON& Tower with Radar,226,138,71,2,437,0,6,27,1,34,226,144,98,3,471,0,0,0,471
03/10/2008,BNA,TN,ASO,CE,Combined TRACON& Tower with Radar,278,171,93,5,547,4,2,33,1,40,282,173,126,6,587,0,0,0,587
03/11/2008,BNA,TN,ASO,CE,Combined TRACON& Tower with Radar,286,183,102,4,575,0,3,36,3,42,286,186,138,7,617,0,0,0,617
03/12/2008,BNA,TN,ASO,CE,Combined TRACON& Tower with Radar,283,198,99,9,589,1,7,61,5,74,284,205,160,14,663,0,0,0,663
03/13/2008,BNA,TN,ASO,CE,Combined TRACON& Tower with Radar,285,199,94,6,584,0,5,34,11,50,285,204,128,17,634,0,0,0,634
03/14/2008,BNA,TN,ASO,CE,Combined TRACON& Tower with Radar,287,200,102,5,594,2,3,15,3,23,289,203,117,8,617,0,0,0,617
03/15/2008,BNA,TN,ASO,CE,Combined TRACON& Tower with Radar,238,155,37,1,431,0,2,3,0,5,238,157,40,1,436,0,0,0,436
03/16/2008,BNA,TN,ASO,CE,Combined TRACON& Tower with Radar,233,134,53,7,427,2,2,18,0,22,235,136,71,7,449,0,0,0,449
03/17/2008,BNA,TN,ASO,CE,Combined TRACON& Tower with Radar,273,168,52,5,498,2,3,33,0,38,275,171,85,5,536,0,0,0,536
03/18/2008,BNA,TN,ASO,CE,Combined TRACON& Tower with Radar,271,175,77,6,529,2,2,7,0,11,273,177,84,6,540,0,0,0,540
03/19/2008,BNA,TN,ASO,CE,Combined TRACON& Tower with Radar,297,189,48,5,539,0,1,0,1,2,297,190,48,6,541,0,0,0,541
03/20/2008,BNA,TN,ASO,CE,Combined TRACON& Tower with Radar,289,187,126,4,606,0,7,39,3,49,289,194,165,7,655,0,0,0,655
03/21/2008,BNA,TN,ASO,CE,Combined TRACON& Tower with Radar,290,170,64,7,531,0,3,56,0,59,290,173,120,7,590,0,0,0,590
03/22/2008,BNA,TN,ASO,CE,Combined TRACON& Tower with Radar,241,133,55,0,429,1,3,21,0,25,242,136,76,0,454,0,0,0,454
03/23/2008,BNA,TN,ASO,CE,Combined TRACON& Tower with Radar,223,123,31,1,378,0,4,18,0,22,223,127,49,1,400,0,0,0,400
03/24/2008,BNA,TN,ASO,CE,Combined TRACON& Tower with Radar,272,168,81,8,529,0,2,32,0,34,272,170,113,8,563,0,0,0,563
03/25/2008,BNA,TN,ASO,CE,Combined TRACON& Tower with Radar,273,201,94,9,577,2,6,28,2,38,275,207,122,11,615,0,0,0,615
03/26/2008,BNA,TN,ASO,CE,Combined TRACON& Tower with Radar,276,204,83,4,567,0,4,39,8,51,276,208,122,12,618,0,0,0,618
03/27/2008,BNA,TN,ASO,CE,Combined TRACON& Tower with Radar,269,186,85,4,544,0,5,22,4,31,269,191,107,8,575,0,0,0,575
03/28/2008,BNA,TN,ASO,CE,Combined TRACON& Tower with Radar,284,186,89,4,563,1,2,11,1,15,285,188,100,5,578,0,0,0,578
03/29/2008,BNA,TN,ASO,CE,Combined TRACON& Tower with Radar,239,146,42,0,427,0,2,6,0,8,239,148,48,0,435,0,0,0,435
03/30/2008,BNA,TN,ASO,CE,Combined TRACON& Tower with Radar,229,140,65,2,436,0,0,5,0,5,229,140,70,2,441,0,0,0,441
03/31/2008,BNA,TN,ASO,CE,Combined TRACON& Tower with Radar,263,152,73,3,491,0,3,16,0,19,263,155,89,3,510,0,0,0,510
04/01/2008,BNA,TN,ASO,CE,Combined TRACON& Tower with Radar,284,173,87,10,554,0,9,17,0,26,284,182,104,10,580,0,0,0,580
04/02/2008,BNA,TN,ASO,CE,Combined TRACON& Tower with Radar,292,185,102,6,585,0,1,53,4,58,292,186,155,10,643,0,0,0,643
04/03/2008,BNA,TN,ASO,CE,Combined TRACON& Tower with Radar,284,184,106,8,582,0,2,5,0,7,284,186,111,8,589,2,0,2,591
04/04/2008,BNA,TN,ASO,CE,Combined TRACON& Tower with Radar,289,183,76,2,550,1,4,4,0,9,290,187,80,2,559,0,0,0,559
04/05/2008,BNA,TN,ASO,CE,Combined TRACON& Tower with Radar,246,141,49,5,441,0,0,27,1,28,246,141,76,6,469,0,0,0,469
04/06/2008,BNA,TN,ASO,CE,Combined TRACON& Tower with Radar,212,149,58,3,422,0,4,38,2,44,212,153,96,5,466,0,0,0,466
04/07/2008,BNA,TN,ASO,CE,Combined TRACON& Tower with Radar,281,160,67,5,513,0,1,43,4,48,281,161,110,9,561,0,0,0,561
04/08/2008,BNA,TN,ASO,CE,Combined TRACON& Tower with Radar,286,188,91,6,571,0,4,23,3,30,286,192,114,9,601,0,0,0,601
04/09/2008,BNA,TN,ASO,CE,Combined TRACON& Tower with Radar,277,186,118,5,586,0,3,13,3,19,277,189,131,8,605,0,0,0,605
04/10/2008,BNA,TN,ASO,CE,Combined TRACON& Tower with Radar,274,173,111,7,565,0,3,17,1,21,274,176,128,8,586,0,0,0,586
04/11/2008,BNA,TN,ASO,CE,Combined TRACON& Tower with Radar,294,181,74,0,549,2,6,18,2,28,296,187,92,2,577,0,0,0,577
04/12/2008,BNA,TN,ASO,CE,Combined TRACON& Tower with Radar,253,136,34,1,424,2,3,9,0,14,255,139,43,1,438,0,0,0,438
04/13/2008,BNA,TN,ASO,CE,Combined TRACON& Tower with Radar,238,142,39,1,420,1,3,3,2,9,239,145,42,3,429,0,0,0,429
04/14/2008,BNA,TN,ASO,CE,Combined TRACON& Tower with Radar,290,152,83,6,531,0,3,13,2,18,290,155,96,8,549,0,0,0,549
04/15/2008,BNA,TN,ASO,CE,Combined TRACON& Tower with Radar,302,165,81,8,556,2,5,46,1,54,304,170,127,9,610,0,0,0,610
04/16/2008,BNA,TN,ASO,CE,Combined TRACON& Tower with Radar,296,173,90,10,569,0,3,44,2,49,296,176,134,12,618,0,0,0,618
04/17/2008,BNA,TN,ASO,CE,Combined TRACON& Tower with Radar,302,190,104,5,601,1,8,44,6,59,303,198,148,11,660,0,0,0,660
04/18/2008,BNA,TN,ASO,CE,Combined TRACON& Tower with Radar,303,168,91,5,567,1,4,47,2,54,304,172,138,7,621,0,0,0,621
04/19/2008,BNA,TN,ASO,CE,Combined TRACON& Tower with Radar,254,112,44,2,412,1,0,16,3,20,255,112,60,5,432,0,0,0,432
04/20/2008,BNA,TN,ASO,CE,Combined TRACON& Tower with Radar,239,112,55,2,408,0,4,21,0,25,239,116,76,2,433,0,0,0,433
04/21/2008,BNA,TN,ASO,CE,Combined TRACON& Tower with Radar,297,157,37,5,496,0,6,40,2,48,297,163,77,7,544,2,0,2,546
04/22/2008,BNA,TN,ASO,CE,Combined TRACON& Tower with Radar,292,173,84,7,556,0,1,41,1,43,292,174,125,8,599,0,0,0,599
04/23/2008,BNA,TN,ASO,CE,Combined TRACON& Tower with Radar,297,178,81,7,563,0,4,52,3,59,297,182,133,10,622,0,0,0,622
04/24/2008,BNA,TN,ASO,CE,Combined TRACON& Tower with Radar,298,172,118,2,590,1,3,36,3,43,299,175,154,5,633,0,0,0,633
04/25/2008,BNA,TN,ASO,CE,Combined TRACON& Tower with Radar,293,163,98,9,563,0,4,27,4,35,293,167,125,13,598,0,0,0,598
04/26/2008,BNA,TN,ASO,CE,Combined TRACON& Tower with Radar,261,109,53,5,428,0,1,12,1,14,261,110,65,6,442,0,0,0,442
04/27/2008,BNA,TN,ASO,CE,Combined TRACON& Tower with Radar,245,145,53,3,446,0,2,13,0,15,245,147,66,3,461,0,0,0,461
04/28/2008,BNA,TN,ASO,CE,Combined TRACON& Tower with Radar,282,138,95,5,520,0,1,18,0,19,282,139,113,5,539,0,0,0,539
04/29/2008,BNA,TN,ASO,CE,Combined TRACON& Tower with Radar,300,168,92,4,564,0,2,34,4,40,300,170,126,8,604,0,0,0,604
04/30/2008,BNA,TN,ASO,CE,Combined TRACON& Tower with Radar,308,188,83,5,584,0,3,47,3,53,308,191,130,8,637,2,0,2,639
05/01/2008,BNA,TN,ASO,CE,Combined TRACON& Tower with Radar,303,174,96,5,578,0,4,21,1,26,303,178,117,6,604,0,0,0,604
05/02/2008,BNA,TN,ASO,CE,Combined TRACON& Tower with Radar,293,164,81,3,541,0,0,14,0,14,293,164,95,3,555,0,0,0,555
05/03/2008,BNA,TN,ASO,CE,Combined TRACON& Tower with Radar,264,125,41,3,433,0,2,3,2,7,264,127,44,5,440,0,0,0,440
05/04/2008,BNA,TN,ASO,CE,Combined TRACON& Tower with Radar,239,129,64,3,435,0,2,22,3,27,239,131,86,6,462,0,0,0,462
05/05/2008,BNA,TN,ASO,CE,Combined TRACON& Tower with Radar,282,148,76,7,513,2,7,48,1,58,284,155,124,8,571,0,0,0,571
05/06/2008,BNA,TN,ASO,CE,Combined TRACON& Tower with Radar,305,170,73,7,555,1,8,34,2,45,306,178,107,9,600,0,0,0,600
05/07/2008,BNA,TN,ASO,CE,Combined TRACON& Tower with Radar,301,161,94,9,565,0,3,44,1,48,301,164,138,10,613,0,0,0,613
05/08/2008,BNA,TN,ASO,CE,Combined TRACON& Tower with Radar,313,189,95,4,601,1,5,4,0,10,314,194,99,4,611,0,0,0,611
05/09/2008,BNA,TN,ASO,CE,Combined TRACON& Tower with Radar,299,171,91,9,570,2,4,26,0,32,301,175,117,9,602,0,0,0,602
05/10/2008,BNA,TN,ASO,CE,Combined TRACON& Tower with Radar,262,118,68,2,450,1,3,19,0,23,263,121,87,2,473,0,0,0,473
05/11/2008,BNA,TN,ASO,CE,Combined TRACON& Tower with Radar,244,119,42,3,408,1,3,2,0,6,245,122,44,3,414,0,0,0,414
05/12/2008,BNA,TN,ASO,CE,Combined TRACON& Tower with Radar,283,148,76,7,514,0,5,34,1,40,283,153,110,8,554,0,0,0,554
05/13/2008,BNA,TN,ASO,CE,Combined TRACON& Tower with Radar,292,169,97,8,566,0,5,53,1,59,292,174,150,9,625,0,0,0,625
05/14/2008,BNA,TN,ASO,CE,Combined TRACON& Tower with Radar,295,155,85,6,541,0,3,22,2,27,295,158,107,8,568,0,0,0,568
05/15/2008,BNA,TN,ASO,CE,Combined TRACON& Tower with Radar,296,168,94,6,564,0,1,3,0,4,296,169,97,6,568,0,0,0,568
05/16/2008,BNA,TN,ASO,CE,Combined TRACON& Tower with Radar,293,167,77,2,539,2,3,42,2,49,295,170,119,4,588,0,0,0,588
05/17/2008,BNA,TN,ASO,CE,Combined TRACON& Tower with Radar,262,107,51,1,421,0,2,19,0,21,262,109,70,1,442,0,0,0,442
05/18/2008,BNA,TN,ASO,CE,Combined TRACON& Tower with Radar,237,114,50,5,406,0,5,10,0,15,237,119,60,5,421,0,0,0,421
05/19/2008,BNA,TN,ASO,CE,Combined TRACON& Tower with Radar,287,149,63,8,507,2,0,23,0,25,289,149,86,8,532,0,0,0,532
05/20/2008,BNA,TN,ASO,CE,Combined TRACON& Tower with Radar,288,143,102,9,542,1,1,21,3,26,289,144,123,12,568,0,0,0,568
05/21/2008,BNA,TN,ASO,CE,Combined TRACON& Tower with Radar,299,172,71,4,546,2,2,30,7,41,301,174,101,11,587,0,0,0,587
05/22/2008,BNA,TN,ASO,CE,Combined TRACON& Tower with Radar,288,170,91,6,555,0,6,19,7,32,288,176,110,13,587,0,0,0,587
05/23/2008,BNA,TN,ASO,CE,Combined TRACON& Tower with Radar,300,156,82,3,541,0,1,41,9,51,300,157,123,12,592,0,0,0,592
05/24/2008,BNA,TN,ASO,CE,Combined TRACON& Tower with Radar,262,108,37,5,412,0,3,16,1,20,262,111,53,6,432,0,0,0,432
05/25/2008,BNA,TN,ASO,CE,Combined TRACON& Tower with Radar,227,102,22,2,353,1,2,19,2,24,228,104,41,4,377,0,0,0,377
05/26/2008,BNA,TN,ASO,CE,Combined TRACON& Tower with Radar,248,123,27,0,398,3,4,13,0,20,251,127,40,0,418,0,0,0,418
05/27/2008,BNA,TN,ASO,CE,Combined TRACON& Tower with Radar,266,141,43,4,454,0,2,11,1,14,266,143,54,5,468,0,0,0,468
05/28/2008,BNA,TN,ASO,CE,Combined TRACON& Tower with Radar,304,158,58,9,529,0,1,7,1,9,304,159,65,10,538,0,0,0,538
05/29/2008,BNA,TN,ASO,CE,Combined TRACON& Tower with Radar,288,161,114,5,568,1,3,30,4,38,289,164,144,9,606,0,0,0,606
05/30/2008,BNA,TN,ASO,CE,Combined TRACON& Tower with Radar,292,157,77,6,532,0,2,27,3,32,292,159,104,9,564,0,0,0,564
05/31/2008,BNA,TN,ASO,CE,Combined TRACON& Tower with Radar,254,113,38,1,406,0,3,12,1,16,254,116,50,2,422,0,0,0,422
06/01/2008,BNA,TN,ASO,CE,Combined TRACON& Tower with Radar,245,125,49,3,422,2,5,4,1,12,247,130,53,4,434,0,0,0,434
06/02/2008,BNA,TN,ASO,CE,Combined TRACON& Tower with Radar,288,143,74,10,515,3,6,20,4,33,291,149,94,14,548,0,0,0,548
06/03/2008,BNA,TN,ASO,CE,Combined TRACON& Tower with Radar,288,155,46,15,504,0,4,9,4,17,288,159,55,19,521,0,0,0,521
06/04/2008,BNA,TN,ASO,CE,Combined TRACON& Tower with Radar,289,130,76,8,503,0,1,41,5,47,289,131,117,13,550,0,0,0,550
06/05/2008,BNA,TN,ASO,CE,Combined TRACON& Tower with Radar,279,179,90,16,564,2,4,43,8,57,281,183,133,24,621,0,0,0,621
06/06/2008,BNA,TN,ASO,CE,Combined TRACON& Tower with Radar,275,165,83,23,546,0,2,35,6,43,275,167,118,29,589,0,0,0,589
06/07/2008,BNA,TN,ASO,CE,Combined TRACON& Tower with Radar,255,135,39,12,441,5,4,22,3,34,260,139,61,15,475,0,0,0,475
06/08/2008,BNA,TN,ASO,CE,Combined TRACON& Tower with Radar,223,156,52,7,438,0,2,19,5,26,223,158,71,12,464,0,0,0,464
06/09/2008,BNA,TN,ASO,CE,Combined TRACON& Tower with Radar,266,163,73,12,514,0,2,17,1,20,266,165,90,13,534,0,0,0,534
06/10/2008,BNA,TN,ASO,CE,Combined TRACON& Tower with Radar,276,181,80,9,546,0,4,18,3,25,276,185,98,12,571,0,0,0,571
06/11/2008,BNA,TN,ASO,CE,Combined TRACON& Tower with Radar,280,187,100,8,575,0,10,27,2,39,280,197,127,10,614,0,0,0,614
06/12/2008,BNA,TN,ASO,CE,Combined TRACON& Tower with Radar,274,186,83,7,550,1,6,23,0,30,275,192,106,7,580,2,0,2,582
06/13/2008,BNA,TN,ASO,CE,Combined TRACON& Tower with Radar,267,156,85,10,518,1,9,29,0,39,268,165,114,10,557,2,0,2,559
06/14/2008,BNA,TN,ASO,CE,Combined TRACON& Tower with Radar,253,132,44,2,431,1,5,16,1,23,254,137,60,3,454,0,0,0,454
06/15/2008,BNA,TN,ASO,CE,Combined TRACON& Tower with Radar,241,147,40,1,429,0,2,32,0,34,241,149,72,1,463,0,0,0,463
06/16/2008,BNA,TN,ASO,CE,Combined TRACON& Tower with Radar,258,140,101,1,500,1,1,19,0,21,259,141,120,1,521,0,0,0,521
06/17/2008,BNA,TN,ASO,CE,Combined TRACON& Tower with Radar,279,198,90,2,569,2,6,31,2,41,281,204,121,4,610,2,0,2,612
06/18/2008,BNA,TN,ASO,CE,Combined TRACON& Tower with Radar,278,175,86,9,548,1,2,26,2,31,279,177,112,11,579,2,0,2,581
06/19/2008,BNA,TN,ASO,CE,Combined TRACON& Tower with Radar,274,193,114,10,591,0,5,40,3,48,274,198,154,13,639,0,0,0,639
06/20/2008,BNA,TN,ASO,CE,Combined TRACON& Tower with Radar,283,187,71,9,550,0,7,29,1,37,283,194,100,10,587,0,0,0,587
06/21/2008,BNA,TN,ASO,CE,Combined TRACON& Tower with Radar,251,128,35,1,415,1,4,12,0,17,252,132,47,1,432,0,0,0,432
06/22/2008,BNA,TN,ASO,CE,Combined TRACON& Tower with Radar,239,152,45,9,445,2,5,19,1,27,241,157,64,10,472,0,0,0,472
06/23/2008,BNA,TN,ASO,CE,Combined TRACON& Tower with Radar,271,159,70,6,506,0,5,27,5,37,271,164,97,11,543,0,0,0,543
06/24/2008,BNA,TN,ASO,CE,Combined TRACON& Tower with Radar,282,169,78,4,533,0,7,28,3,38,282,176,106,7,571,0,0,0,571
06/25/2008,BNA,TN,ASO,CE,Combined TRACON& Tower with Radar,276,192,92,1,561,2,5,22,7,36,278,197,114,8,597,0,0,0,597
06/26/2008,BNA,TN,ASO,CE,Combined TRACON& Tower with Radar,280,182,123,10,595,1,15,24,2,42,281,197,147,12,637,0,0,0,637
06/27/2008,BNA,TN,ASO,CE,Combined TRACON& Tower with Radar,279,185,95,18,577,1,4,18,3,26,280,189,113,21,603,0,0,0,603
06/28/2008,BNA,TN,ASO,CE,Combined TRACON& Tower with Radar,266,116,45,1,428,1,8,13,1,23,267,124,58,2,451,0,0,0,451
06/29/2008,BNA,TN,ASO,CE,Combined TRACON& Tower with Radar,245,132,47,5,429,2,3,12,0,17,247,135,59,5,446,0,0,0,446
06/30/2008,BNA,TN,ASO,CE,Combined TRACON& Tower with Radar,270,154,62,10,496,0,6,21,3,30,270,160,83,13,526,0,0,0,526
07/01/2008,BNA,TN,ASO,CE,Combined TRACON& Tower with Radar,278,169,64,5,516,0,9,28,5,42,278,178,92,10,558,0,0,0,558
07/02/2008,BNA,TN,ASO,CE,Combined TRACON& Tower with Radar,268,161,80,10,519,0,2,31,4,37,268,163,111,14,556,0,0,0,556
07/03/2008,BNA,TN,ASO,CE,Combined TRACON& Tower with Radar,285,191,78,1,555,0,5,28,1,34,285,196,106,2,589,0,0,0,589
07/04/2008,BNA,TN,ASO,CE,Combined TRACON& Tower with Radar,235,129,23,0,387,0,1,8,0,9,235,130,31,0,396,0,0,0,396
07/05/2008,BNA,TN,ASO,CE,Combined TRACON& Tower with Radar,223,112,31,0,366,0,2,3,0,5,223,114,34,0,371,0,0,0,371
07/06/2008,BNA,TN,ASO,CE,Combined TRACON& Tower with Radar,241,153,59,2,455,0,2,13,4,19,241,155,72,6,474,0,0,0,474
07/07/2008,BNA,TN,ASO,CE,Combined TRACON& Tower with Radar,267,158,54,7,486,0,3,30,0,33,267,161,84,7,519,0,0,0,519
07/08/2008,BNA,TN,ASO,CE,Combined TRACON& Tower with Radar,268,175,68,7,518,0,5,23,3,31,268,180,91,10,549,0,0,0,549
07/09/2008,BNA,TN,ASO,CE,Combined TRACON& Tower with Radar,283,176,58,3,520,0,1,6,4,11,283,177,64,7,531,0,0,0,531
07/10/2008,BNA,TN,ASO,CE,Combined TRACON& Tower with Radar,285,162,76,6,529,0,4,23,3,30,285,166,99,9,559,0,0,0,559
07/11/2008,BNA,TN,ASO,CE,Combined TRACON& Tower with Radar,284,173,53,4,514,0,0,30,1,31,284,173,83,5,545,0,0,0,545
07/12/2008,BNA,TN,ASO,CE,Combined TRACON& Tower with Radar,252,125,36,0,413,0,1,19,3,23,252,126,55,3,436,0,0,0,436
07/13/2008,BNA,TN,ASO,CE,Combined TRACON& Tower with Radar,226,138,55,9,428,0,0,6,0,6,226,138,61,9,434,0,0,0,434
07/14/2008,BNA,TN,ASO,CE,Combined TRACON& Tower with Radar,273,153,67,2,495,0,4,28,0,32,273,157,95,2,527,0,0,0,527
07/15/2008,BNA,TN,ASO,CE,Combined TRACON& Tower with Radar,270,167,81,4,522,0,3,20,5,28,270,170,101,9,550,0,0,0,550
07/16/2008,BNA,TN,ASO,CE,Combined TRACON& Tower with Radar,280,167,73,8,528,0,3,38,0,41,280,170,111,8,569,0,0,0,569
07/17/2008,BNA,TN,ASO,CE,Combined TRACON& Tower with Radar,272,177,106,10,565,0,5,23,3,31,272,182,129,13,596,0,0,0,596
07/18/2008,BNA,TN,ASO,CE,Combined TRACON& Tower with Radar,278,174,86,12,550,0,2,43,2,47,278,176,129,14,597,0,0,0,597
07/19/2008,BNA,TN,ASO,CE,Combined TRACON& Tower with Radar,253,127,33,2,415,0,0,22,1,23,253,127,55,3,438,0,0,0,438
07/20/2008,BNA,TN,ASO,CE,Combined TRACON& Tower with Radar,239,142,57,6,444,0,1,25,2,28,239,143,82,8,472,0,0,0,472
07/21/2008,BNA,TN,ASO,CE,Combined TRACON& Tower with Radar,264,160,104,8,536,0,3,26,2,31,264,163,130,10,567,2,0,2,569
07/22/2008,BNA,TN,ASO,CE,Combined TRACON& Tower with Radar,269,193,107,3,572,0,3,28,0,31,269,196,135,3,603,0,0,0,603
07/23/2008,BNA,TN,ASO,CE,Combined TRACON& Tower with Radar,269,167,102,6,544,0,4,46,3,53,269,171,148,9,597,0,0,0,597
07/24/2008,BNA,TN,ASO,CE,Combined TRACON& Tower with Radar,278,188,112,9,587,0,3,32,6,41,278,191,144,15,628,0,0,0,628
07/25/2008,BNA,TN,ASO,CE,Combined TRACON& Tower with Radar,278,190,101,14,583,0,4,14,0,18,278,194,115,14,601,0,0,0,601
07/26/2008,BNA,TN,ASO,CE,Combined TRACON& Tower with Radar,263,118,39,3,423,0,4,25,0,29,263,122,64,3,452,0,0,0,452
07/27/2008,BNA,TN,ASO,CE,Combined TRACON& Tower with Radar,226,124,50,10,410,0,2,29,2,33,226,126,79,12,443,0,0,0,443
07/28/2008,BNA,TN,ASO,CE,Combined TRACON& Tower with Radar,268,164,78,6,516,0,6,18,5,29,268,170,96,11,545,0,0,0,545
07/29/2008,BNA,TN,ASO,CE,Combined TRACON& Tower with Radar,275,185,87,7,554,0,7,38,1,46,275,192,125,8,600,0,0,0,600
07/30/2008,BNA,TN,ASO,CE,Combined TRACON& Tower with Radar,271,192,83,5,551,0,4,32,2,38,271,196,115,7,589,0,0,0,589
07/31/2008,BNA,TN,ASO,CE,Combined TRACON& Tower with Radar,278,165,119,2,564,0,6,15,3,24,278,171,134,5,588,0,0,0,588
08/01/2008,BNA,TN,ASO,CE,Combined TRACON& Tower with Radar,285,179,94,15,573,0,4,39,7,50,285,183,133,22,623,0,0,0,623
08/02/2008,BNA,TN,ASO,CE,Combined TRACON& Tower with Radar,246,121,40,5,412,0,1,23,1,25,246,122,63,6,437,0,0,0,437
08/03/2008,BNA,TN,ASO,CE,Combined TRACON& Tower with Radar,240,143,51,10,444,0,2,22,3,27,240,145,73,13,471,0,0,0,471
08/04/2008,BNA,TN,ASO,CE,Combined TRACON& Tower with Radar,266,148,63,9,486,0,2,22,3,27,266,150,85,12,513,2,0,2,515
08/05/2008,BNA,TN,ASO,CE,Combined TRACON& Tower with Radar,266,167,69,4,506,0,2,34,2,38,266,169,103,6,544,0,0,0,544
08/06/2008,BNA,TN,ASO,CE,Combined TRACON& Tower with Radar,281,168,64,1,514,0,0,25,6,31,281,168,89,7,545,0,0,0,545
08/07/2008,BNA,TN,ASO,CE,Combined TRACON& Tower with Radar,274,187,68,11,540,0,0,13,5,18,274,187,81,16,558,0,0,0,558
08/08/2008,BNA,TN,ASO,CE,Combined TRACON& Tower with Radar,284,185,72,14,555,0,3,42,3,48,284,188,114,17,603,0,0,0,603
08/09/2008,BNA,TN,ASO,CE,Combined TRACON& Tower with Radar,256,135,25,7,423,0,7,37,4,48,256,142,62,11,471,0,0,0,471
08/10/2008,BNA,TN,ASO,CE,Combined TRACON& Tower with Radar,236,132,42,8,418,1,6,22,3,32,237,138,64,11,450,0,0,0,450
08/11/2008,BNA,TN,ASO,CE,Combined TRACON& Tower with Radar,261,163,83,13,520,0,6,25,3,34,261,169,108,16,554,0,0,0,554
08/12/2008,BNA,TN,ASO,CE,Combined TRACON& Tower with Radar,272,185,82,8,547,0,5,25,6,36,272,190,107,14,583,0,0,0,583
08/13/2008,BNA,TN,ASO,CE,Combined TRACON& Tower with Radar,270,170,76,13,529,0,4,29,2,35,270,174,105,15,564,0,0,0,564
08/14/2008,BNA,TN,ASO,CE,Combined TRACON& Tower with Radar,278,172,68,13,531,0,3,27,4,34,278,175,95,17,565,0,0,0,565
08/15/2008,BNA,TN,ASO,CE,Combined TRACON& Tower with Radar,273,164,95,17,549,0,1,34,8,43,273,165,129,25,592,0,0,0,592
08/16/2008,BNA,TN,ASO,CE,Combined TRACON& Tower with Radar,252,127,35,1,415,0,5,17,4,26,252,132,52,5,441,0,0,0,441
08/17/2008,BNA,TN,ASO,CE,Combined TRACON& Tower with Radar,225,156,33,6,420,0,1,21,4,26,225,157,54,10,446,0,0,0,446
08/18/2008,BNA,TN,ASO,CE,Combined TRACON& Tower with Radar,261,162,70,5,498,0,1,13,4,18,261,163,83,9,516,0,0,0,516
08/19/2008,BNA,TN,ASO,CE,Combined TRACON& Tower with Radar,268,182,64,4,518,0,3,43,8,54,268,185,107,12,572,0,0,0,572
08/20/2008,BNA,TN,ASO,CE,Combined TRACON& Tower with Radar,272,160,78,21,531,0,1,25,3,29,272,161,103,24,560,0,0,0,560
08/21/2008,BNA,TN,ASO,CE,Combined TRACON& Tower with Radar,280,172,115,21,588,0,4,33,7,44,280,176,148,28,632,0,0,0,632
08/22/2008,BNA,TN,ASO,CE,Combined TRACON& Tower with Radar,264,192,79,17,552,0,0,32,4,36,264,192,111,21,588,0,0,0,588
08/23/2008,BNA,TN,ASO,CE,Combined TRACON& Tower with Radar,230,111,36,4,381,0,6,19,0,25,230,117,55,4,406,0,0,0,406
08/24/2008,BNA,TN,ASO,CE,Combined TRACON& Tower with Radar,224,141,46,7,418,0,4,20,1,25,224,145,66,8,443,0,0,0,443
08/25/2008,BNA,TN,ASO,CE,Combined TRACON& Tower with Radar,259,160,60,12,491,0,0,7,0,7,259,160,67,12,498,6,0,6,504
08/26/2008,BNA,TN,ASO,CE,Combined TRACON& Tower with Radar,272,176,65,10,523,0,0,2,2,4,272,176,67,12,527,0,0,0,527
08/27/2008,BNA,TN,ASO,CE,Combined TRACON& Tower with Radar,283,187,85,18,573,0,0,15,2,17,283,187,100,20,590,0,0,0,590
08/28/2008,BNA,TN,ASO,CE,Combined TRACON& Tower with Radar,269,174,106,14,563,0,2,28,5,35,269,176,134,19,598,0,0,0,598
08/29/2008,BNA,TN,ASO,CE,Combined TRACON& Tower with Radar,268,192,61,19,540,0,1,31,3,35,268,193,92,22,575,0,0,0,575
08/30/2008,BNA,TN,ASO,CE,Combined TRACON& Tower with Radar,228,108,26,3,365,0,3,19,0,22,228,111,45,3,387,0,0,0,387
08/31/2008,BNA,TN,ASO,CE,Combined TRACON& Tower with Radar,181,106,42,17,346,0,2,7,1,10,181,108,49,18,356,0,0,0,356
09/01/2008,BNA,TN,ASO,CE,Combined TRACON& Tower with Radar,197,135,32,6,370,0,3,15,2,20,197,138,47,8,390,0,0,0,390
09/02/2008,BNA,TN,ASO,CE,Combined TRACON& Tower with Radar,259,158,60,16,493,0,1,23,2,26,259,159,83,18,519,0,0,0,519
09/03/2008,BNA,TN,ASO,CE,Combined TRACON& Tower with Radar,270,163,94,9,536,0,4,19,3,26,270,167,113,12,562,0,0,0,562
09/04/2008,BNA,TN,ASO,CE,Combined TRACON& Tower with Radar,271,155,67,15,508,0,8,12,8,28,271,163,79,23,536,10,0,10,546
09/05/2008,BNA,TN,ASO,CE,Combined TRACON& Tower with Radar,286,182,95,19,582,0,2,5,2,9,286,184,100,21,591,0,0,0,591
09/06/2008,BNA,TN,ASO,CE,Combined TRACON& Tower with Radar,234,115,37,19,405,0,0,5,2,7,234,115,42,21,412,0,0,0,412
09/07/2008,BNA,TN,ASO,CE,Combined TRACON& Tower with Radar,235,138,53,6,432,0,2,22,4,28,235,140,75,10,460,0,0,0,460
09/08/2008,BNA,TN,ASO,CE,Combined TRACON& Tower with Radar,264,140,53,12,469,0,3,27,2,32,264,143,80,14,501,2,0,2,503
09/09/2008,BNA,TN,ASO,CE,Combined TRACON& Tower with Radar,284,147,59,11,501,0,2,8,5,15,284,149,67,16,516,0,0,0,516
09/10/2008,BNA,TN,ASO,CE,Combined TRACON& Tower with Radar,276,167,99,11,553,0,0,25,2,27,276,167,124,13,580,0,0,0,580
09/11/2008,BNA,TN,ASO,CE,Combined TRACON& Tower with Radar,273,169,94,13,549,0,4,29,6,39,273,173,123,19,588,0,0,0,588
09/12/2008,BNA,TN,ASO,CE,Combined TRACON& Tower with Radar,273,161,77,16,527,0,1,15,7,23,273,162,92,23,550,0,0,0,550
09/13/2008,BNA,TN,ASO,CE,Combined TRACON& Tower with Radar,216,90,26,1,333,0,4,13,5,22,216,94,39,6,355,0,0,0,355
09/14/2008,BNA,TN,ASO,CE,Combined TRACON& Tower with Radar,240,100,61,8,409,0,3,4,0,7,240,103,65,8,416,0,0,0,416
09/15/2008,BNA,TN,ASO,CE,Combined TRACON& Tower with Radar,264,147,52,7,470,0,1,7,6,14,264,148,59,13,484,0,0,0,484
09/16/2008,BNA,TN,ASO,CE,Combined TRACON& Tower with Radar,271,166,73,9,519,0,2,20,7,29,271,168,93,16,548,0,0,0,548
09/17/2008,BNA,TN,ASO,CE,Combined TRACON& Tower with Radar,279,164,93,12,548,0,3,32,6,41,279,167,125,18,589,0,0,0,589
09/18/2008,BNA,TN,ASO,CE,Combined TRACON& Tower with Radar,276,161,93,10,540,0,5,39,6,50,276,166,132,16,590,0,0,0,590
09/19/2008,BNA,TN,ASO,CE,Combined TRACON& Tower with Radar,276,166,106,10,558,0,4,49,8,61,276,170,155,18,619,0,0,0,619
09/20/2008,BNA,TN,ASO,CE,Combined TRACON& Tower with Radar,229,96,37,1,363,0,5,19,1,25,229,101,56,2,388,0,0,0,388
09/21/2008,BNA,TN,ASO,CE,Combined TRACON& Tower with Radar,243,130,72,7,452,0,1,25,1,27,243,131,97,8,479,0,0,0,479
09/22/2008,BNA,TN,ASO,CE,Combined TRACON& Tower with Radar,271,137,78,4,490,0,1,23,2,26,271,138,101,6,516,0,0,0,516
09/23/2008,BNA,TN,ASO,CE,Combined TRACON& Tower with Radar,281,146,97,4,528,0,1,20,5,26,281,147,117,9,554,0,0,0,554
09/24/2008,BNA,TN,ASO,CE,Combined TRACON& Tower with Radar,283,159,112,4,558,0,3,50,4,57,283,162,162,8,615,0,0,0,615
09/25/2008,BNA,TN,ASO,CE,Combined TRACON& Tower with Radar,288,150,99,7,544,0,0,24,7,31,288,150,123,14,575,0,0,0,575
09/26/2008,BNA,TN,ASO,CE,Combined TRACON& Tower with Radar,282,156,90,10,538,0,2,31,8,41,282,158,121,18,579,0,0,0,579
09/27/2008,BNA,TN,ASO,CE,Combined TRACON& Tower with Radar,228,123,31,1,383,0,2,10,0,12,228,125,41,1,395,0,0,0,395
09/28/2008,BNA,TN,ASO,CE,Combined TRACON& Tower with Radar,235,123,52,3,413,0,5,4,2,11,235,128,56,5,424,0,0,0,424
09/29/2008,BNA,TN,ASO,CE,Combined TRACON& Tower with Radar,276,148,44,6,474,0,0,22,6,28,276,148,66,12,502,0,0,0,502
09/30/2008,BNA,TN,ASO,CE,Combined TRACON& Tower with Radar,294,152,68,2,516,0,1,22,7,30,294,153,90,9,546,0,0,0,546
10/01/2008,BNA,TN,ASO,CE,Combined TRACON& Tower with Radar,275,158,73,4,510,0,3,31,12,46,275,161,104,16,556,0,0,0,556
10/02/2008,BNA,TN,ASO,CE,Combined TRACON& Tower with Radar,280,145,75,10,510,0,3,26,4,33,280,148,101,14,543,0,0,0,543
10/03/2008,BNA,TN,ASO,CE,Combined TRACON& Tower with Radar,295,162,95,15,567,0,3,39,2,44,295,165,134,17,611,0,0,0,611
10/04/2008,BNA,TN,ASO,CE,Combined TRACON& Tower with Radar,233,114,52,6,405,0,7,25,1,33,233,121,77,7,438,0,0,0,438
10/05/2008,BNA,TN,ASO,CE,Combined TRACON& Tower with Radar,236,132,78,14,460,0,2,36,2,40,236,134,114,16,500,0,0,0,500
10/06/2008,BNA,TN,ASO,CE,Combined TRACON& Tower with Radar,281,129,81,5,496,0,2,9,0,11,281,131,90,5,507,0,0,0,507
10/07/2008,BNA,TN,ASO,CE,Combined TRACON& Tower with Radar,279,155,114,11,559,0,1,9,1,11,279,156,123,12,570,0,0,0,570
10/08/2008,BNA,TN,ASO,CE,Combined TRACON& Tower with Radar,282,170,95,9,556,0,2,7,2,11,282,172,102,11,567,0,0,0,567
10/09/2008,BNA,TN,ASO,CE,Combined TRACON& Tower with Radar,285,160,110,12,567,0,5,21,3,29,285,165,131,15,596,0,0,0,596
10/10/2008,BNA,TN,ASO,CE,Combined TRACON& Tower with Radar,287,151,72,13,523,0,3,35,2,40,287,154,107,15,563,0,0,0,563
10/11/2008,BNA,TN,ASO,CE,Combined TRACON& Tower with Radar,232,105,35,1,373,0,0,17,0,17,232,105,52,1,390,0,0,0,390
10/12/2008,BNA,TN,ASO,CE,Combined TRACON& Tower with Radar,230,121,40,2,393,0,5,15,0,20,230,126,55,2,413,0,0,0,413
10/13/2008,BNA,TN,ASO,CE,Combined TRACON& Tower with Radar,276,130,80,4,490,0,3,7,3,13,276,133,87,7,503,0,0,0,503
10/14/2008,BNA,TN,ASO,CE,Combined TRACON& Tower with Radar,279,128,66,2,475,0,4,33,2,39,279,132,99,4,514,0,0,0,514
10/15/2008,BNA,TN,ASO,CE,Combined TRACON& Tower with Radar,275,141,89,9,514,0,5,21,5,31,275,146,110,14,545,0,0,0,545
10/16/2008,BNA,TN,ASO,CE,Combined TRACON& Tower with Radar,287,153,95,14,549,0,0,6,2,8,287,153,101,16,557,0,0,0,557
10/17/2008,BNA,TN,ASO,CE,Combined TRACON& Tower with Radar,292,168,74,22,556,0,2,17,0,19,292,170,91,22,575,0,0,0,575
10/18/2008,BNA,TN,ASO,CE,Combined TRACON& Tower with Radar,234,116,41,2,393,0,3,18,0,21,234,119,59,2,414,0,0,0,414
10/19/2008,BNA,TN,ASO,CE,Combined TRACON& Tower with Radar,230,131,49,4,414,0,3,19,1,23,230,134,68,5,437,0,0,0,437
10/20/2008,BNA,TN,ASO,CE,Combined TRACON& Tower with Radar,269,136,71,2,478,0,4,24,4,32,269,140,95,6,510,0,0,0,510
10/21/2008,BNA,TN,ASO,CE,Combined TRACON& Tower with Radar,280,152,69,5,506,0,3,30,1,34,280,155,99,6,540,0,0,0,540
10/22/2008,BNA,TN,ASO,CE,Combined TRACON& Tower with Radar,281,169,66,8,524,0,2,18,4,24,281,171,84,12,548,0,0,0,548
10/23/2008,BNA,TN,ASO,CE,Combined TRACON& Tower with Radar,283,154,93,8,538,0,2,15,3,20,283,156,108,11,558,0,0,0,558
10/24/2008,BNA,TN,ASO,CE,Combined TRACON& Tower with Radar,292,156,71,9,528,0,1,7,1,9,292,157,78,10,537,0,0,0,537
10/25/2008,BNA,TN,ASO,CE,Combined TRACON& Tower with Radar,233,106,31,3,373,0,3,16,1,20,233,109,47,4,393,0,0,0,393
10/26/2008,BNA,TN,ASO,CE,Combined TRACON& Tower with Radar,236,107,57,5,405,0,3,26,4,33,236,110,83,9,438,0,0,0,438
10/27/2008,BNA,TN,ASO,CE,Combined TRACON& Tower with Radar,272,144,98,9,523,0,2,18,2,22,272,146,116,11,545,0,0,0,545
10/28/2008,BNA,TN,ASO,CE,Combined TRACON& Tower with Radar,280,152,127,12,571,0,2,27,5,34,280,154,154,17,605,0,0,0,605
10/29/2008,BNA,TN,ASO,CE,Combined TRACON& Tower with Radar,288,156,102,9,555,0,3,33,3,39,288,159,135,12,594,0,0,0,594
10/30/2008,BNA,TN,ASO,CE,Combined TRACON& Tower with Radar,290,143,62,9,504,0,3,40,4,47,290,146,102,13,551,0,0,0,551
10/31/2008,BNA,TN,ASO,CE,Combined TRACON& Tower with Radar,284,142,73,6,505,0,6,22,2,30,284,148,95,8,535,0,0,0,535
11/01/2008,BNA,TN,ASO,CE,Combined TRACON& Tower with Radar,213,110,42,5,370,0,1,20,4,25,213,111,62,9,395,0,0,0,395
11/02/2008,BNA,TN,ASO,CE,Combined TRACON& Tower with Radar,230,135,53,4,422,0,1,23,1,25,230,136,76,5,447,0,0,0,447
11/03/2008,BNA,TN,ASO,CE,Combined TRACON& Tower with Radar,264,139,31,16,450,0,1,28,3,32,264,140,59,19,482,0,0,0,482
11/04/2008,BNA,TN,ASO,CE,Combined TRACON& Tower with Radar,274,155,53,2,484,0,3,29,4,36,274,158,82,6,520,0,0,0,520
11/05/2008,BNA,TN,ASO,CE,Combined TRACON& Tower with Radar,266,149,81,6,502,0,6,15,2,23,266,155,96,8,525,0,0,0,525
11/06/2008,BNA,TN,ASO,CE,Combined TRACON& Tower with Radar,272,156,84,13,525,0,3,19,6,28,272,159,103,19,553,0,0,0,553
11/07/2008,BNA,TN,ASO,CE,Combined TRACON& Tower with Radar,277,160,89,13,539,0,2,11,0,13,277,162,100,13,552,0,0,0,552
11/08/2008,BNA,TN,ASO,CE,Combined TRACON& Tower with Radar,225,109,44,1,379,0,3,9,0,12,225,112,53,1,391,0,0,0,391
11/09/2008,BNA,TN,ASO,CE,Combined TRACON& Tower with Radar,217,132,66,2,417,0,0,18,0,18,217,132,84,2,435,0,0,0,435
11/10/2008,BNA,TN,ASO,CE,Combined TRACON& Tower with Radar,266,142,59,9,476,0,4,20,1,25,266,146,79,10,501,0,0,0,501
11/11/2008,BNA,TN,ASO,CE,Combined TRACON& Tower with Radar,266,151,80,1,498,0,2,13,5,20,266,153,93,6,518,0,0,0,518
11/12/2008,BNA,TN,ASO,CE,Combined TRACON& Tower with Radar,269,152,120,17,558,0,0,12,0,12,269,152,132,17,570,0,0,0,570
11/13/2008,BNA,TN,ASO,CE,Combined TRACON& Tower with Radar,271,153,141,18,583,0,0,2,0,2,271,153,143,18,585,0,0,0,585
11/14/2008,BNA,TN,ASO,CE,Combined TRACON& Tower with Radar,281,166,84,13,544,0,1,15,4,20,281,167,99,17,564,0,0,0,564
11/15/2008,BNA,TN,ASO,CE,Combined TRACON& Tower with Radar,227,108,35,3,373,0,0,1,0,1,227,108,36,3,374,0,0,0,374
11/16/2008,BNA,TN,ASO,CE,Combined TRACON& Tower with Radar,219,129,124,7,479,0,18,50,0,68,219,147,174,7,547,0,0,0,547
11/17/2008,BNA,TN,ASO,CE,Combined TRACON& Tower with Radar,262,143,73,11,489,0,2,15,3,20,262,145,88,14,509,0,0,0,509
11/18/2008,BNA,TN,ASO,CE,Combined TRACON& Tower with Radar,272,164,75,8,519,0,2,31,3,36,272,166,106,11,555,0,0,0,555
11/19/2008,BNA,TN,ASO,CE,Combined TRACON& Tower with Radar,272,170,88,9,539,0,6,26,3,35,272,176,114,12,574,0,0,0,574
11/20/2008,BNA,TN,ASO,CE,Combined TRACON& Tower with Radar,276,164,81,9,530,0,3,30,5,38,276,167,111,14,568,0,0,0,568
11/21/2008,BNA,TN,ASO,CE,Combined TRACON& Tower with Radar,270,177,96,10,553,0,5,31,1,37,270,182,127,11,590,0,0,0,590
11/22/2008,BNA,TN,ASO,CE,Combined TRACON& Tower with Radar,224,110,43,4,381,0,0,16,1,17,224,110,59,5,398,0,0,0,398
11/23/2008,BNA,TN,ASO,CE,Combined TRACON& Tower with Radar,227,124,60,8,419,0,4,11,0,15,227,128,71,8,434,0,0,0,434
11/24/2008,BNA,TN,ASO,CE,Combined TRACON& Tower with Radar,260,162,66,9,497,0,1,2,0,3,260,163,68,9,500,0,0,0,500
11/25/2008,BNA,TN,ASO,CE,Combined TRACON& Tower with Radar,267,157,53,4,481,0,0,28,6,34,267,157,81,10,515,0,0,0,515
11/26/2008,BNA,TN,ASO,CE,Combined TRACON& Tower with Radar,283,150,76,10,519,0,1,20,1,22,283,151,96,11,541,0,0,0,541
11/27/2008,BNA,TN,ASO,CE,Combined TRACON& Tower with Radar,205,91,11,0,307,0,0,6,0,6,205,91,17,0,313,0,0,0,313
11/28/2008,BNA,TN,ASO,CE,Combined TRACON& Tower with Radar,187,87,29,0,303,0,6,11,0,17,187,93,40,0,320,0,0,0,320
11/29/2008,BNA,TN,ASO,CE,Combined TRACON& Tower with Radar,227,117,36,0,380,0,3,8,0,11,227,120,44,0,391,0,0,0,391
11/30/2008,BNA,TN,ASO,CE,Combined TRACON& Tower with Radar,243,140,64,0,447,0,1,1,0,2,243,141,65,0,449,0,0,0,449
12/01/2008,BNA,TN,ASO,CE,Combined TRACON& Tower with Radar,261,149,70,13,493,0,0,0,0,0,261,149,70,13,493,0,0,0,493
12/02/2008,BNA,TN,ASO,CE,Combined TRACON& Tower with Radar,278,158,67,10,513,0,2,22,3,27,278,160,89,13,540,0,0,0,540
12/03/2008,BNA,TN,ASO,CE,Combined TRACON& Tower with Radar,267,146,71,11,495,0,2,12,1,15,267,148,83,12,510,0,0,0,510
12/04/2008,BNA,TN,ASO,CE,Combined TRACON& Tower with Radar,271,164,84,13,532,0,1,0,1,2,271,165,84,14,534,0,0,0,534
12/05/2008,BNA,TN,ASO,CE,Combined TRACON& Tower with Radar,264,162,60,6,492,0,5,30,3,38,264,167,90,9,530,0,0,0,530
12/06/2008,BNA,TN,ASO,CE,Combined TRACON& Tower with Radar,213,117,33,5,368,0,3,15,3,21,213,120,48,8,389,0,0,0,389
12/07/2008,BNA,TN,ASO,CE,Combined TRACON& Tower with Radar,218,121,44,1,384,0,2,28,0,30,218,123,72,1,414,0,0,0,414
12/08/2008,BNA,TN,ASO,CE,Combined TRACON& Tower with Radar,252,147,44,8,451,0,3,19,2,24,252,150,63,10,475,0,0,0,475
12/09/2008,BNA,TN,ASO,CE,Combined TRACON& Tower with Radar,270,145,52,2,469,0,0,5,3,8,270,145,57,5,477,0,0,0,477
12/10/2008,BNA,TN,ASO,CE,Combined TRACON& Tower with Radar,268,154,81,8,511,0,0,0,0,0,268,154,81,8,511,0,0,0,511
12/11/2008,BNA,TN,ASO,CE,Combined TRACON& Tower with Radar,255,159,80,8,502,0,1,1,0,2,255,160,81,8,504,0,0,0,504
12/12/2008,BNA,TN,ASO,CE,Combined TRACON& Tower with Radar,278,161,92,19,550,0,2,25,2,29,278,163,117,21,579,0,0,0,579
12/13/2008,BNA,TN,ASO,CE,Combined TRACON& Tower with Radar,202,118,37,8,365,0,2,18,0,20,202,120,55,8,385,0,0,0,385
12/14/2008,BNA,TN,ASO,CE,Combined TRACON& Tower with Radar,214,114,38,5,371,0,4,8,3,15,214,118,46,8,386,0,0,0,386
12/15/2008,BNA,TN,ASO,CE,Combined TRACON& Tower with Radar,262,134,77,3,476,0,0,0,0,0,262,134,77,3,476,0,0,0,476
12/16/2008,BNA,TN,ASO,CE,Combined TRACON& Tower with Radar,253,156,65,7,481,0,1,1,0,2,253,157,66,7,483,0,0,0,483
12/17/2008,BNA,TN,ASO,CE,Combined TRACON& Tower with Radar,268,159,89,4,520,0,0,0,0,0,268,159,89,4,520,0,0,0,520
12/18/2008,BNA,TN,ASO,CE,Combined TRACON& Tower with Radar,249,172,64,8,493,0,0,0,0,0,249,172,64,8,493,8,0,8,501
12/19/2008,BNA,TN,ASO,CE,Combined TRACON& Tower with Radar,239,155,100,1,495,0,1,7,0,8,239,156,107,1,503,0,0,0,503
12/20/2008,BNA,TN,ASO,CE,Combined TRACON& Tower with Radar,217,124,51,4,396,0,3,11,0,14,217,127,62,4,410,0,0,0,410
12/21/2008,BNA,TN,ASO,CE,Combined TRACON& Tower with Radar,210,107,43,4,364,0,1,17,0,18,210,108,60,4,382,0,0,0,382
12/22/2008,BNA,TN,ASO,CE,Combined TRACON& Tower with Radar,236,153,70,10,469,0,5,24,5,34,236,158,94,15,503,0,0,0,503
12/23/2008,BNA,TN,ASO,CE,Combined TRACON& Tower with Radar,231,155,61,7,454,0,7,6,2,15,231,162,67,9,469,0,0,0,469
12/24/2008,BNA,TN,ASO,CE,Combined TRACON& Tower with Radar,221,134,17,0,372,0,0,0,0,0,221,134,17,0,372,0,0,0,372
12/25/2008,BNA,TN,ASO,CE,Combined TRACON& Tower with Radar,181,107,13,0,301,0,3,6,0,9,181,110,19,0,310,0,0,0,310
12/26/2008,BNA,TN,ASO,CE,Combined TRACON& Tower with Radar,227,166,46,0,439,0,1,3,0,4,227,167,49,0,443,0,0,0,443
12/27/2008,BNA,TN,ASO,CE,Combined TRACON& Tower with Radar,207,150,56,0,413,0,1,3,0,4,207,151,59,0,417,0,0,0,417
12/28/2008,BNA,TN,ASO,CE,Combined TRACON& Tower with Radar,226,128,28,0,382,0,5,4,0,9,226,133,32,0,391,0,0,0,391
12/29/2008,BNA,TN,ASO,CE,Combined TRACON& Tower with Radar,246,154,41,0,441,0,2,22,0,24,246,156,63,0,465,0,0,0,465
12/30/2008,BNA,TN,ASO,CE,Combined TRACON& Tower with Radar,237,156,40,2,435,0,2,30,2,34,237,158,70,4,469,0,0,0,469
12/31/2008,BNA,TN,ASO,CE,Combined TRACON& Tower with Radar,215,139,47,1,402,0,1,20,2,23,215,140,67,3,425,0,0,0,425
01/01/2009,BNA,TN,ASO,CE,Combined TRACON& Tower with Radar,202,110,28,0,340,0,3,12,0,15,202,113,40,0,355,0,0,0,355
01/02/2009,BNA,TN,ASO,CE,Combined TRACON& Tower with Radar,247,150,42,9,448,0,0,21,0,21,247,150,63,9,469,0,0,0,469
01/03/2009,BNA,TN,ASO,CE,Combined TRACON& Tower with Radar,204,149,47,1,401,0,0,0,0,0,204,149,47,1,401,0,0,0,401
01/04/2009,BNA,TN,ASO,CE,Combined TRACON& Tower with Radar,227,143,49,0,419,0,1,0,0,1,227,144,49,0,420,0,0,0,420
01/05/2009,BNA,TN,ASO,CE,Combined TRACON& Tower with Radar,255,156,50,10,471,0,1,0,0,1,255,157,50,10,472,0,0,0,472
01/06/2009,BNA,TN,ASO,CE,Combined TRACON& Tower with Radar,264,143,50,1,458,0,0,0,0,0,264,143,50,1,458,0,0,0,458
01/07/2009,BNA,TN,ASO,CE,Combined TRACON& Tower with Radar,259,133,52,8,452,0,1,10,0,11,259,134,62,8,463,0,0,0,463
01/08/2009,BNA,TN,ASO,CE,Combined TRACON& Tower with Radar,265,152,57,11,485,0,3,38,3,44,265,155,95,14,529,0,0,0,529
01/09/2009,BNA,TN,ASO,CE,Combined TRACON& Tower with Radar,262,160,62,9,493,0,4,39,3,46,262,164,101,12,539,0,0,0,539
01/10/2009,BNA,TN,ASO,CE,Combined TRACON& Tower with Radar,199,127,53,7,386,0,5,3,1,9,199,132,56,8,395,0,0,0,395
01/11/2009,BNA,TN,ASO,CE,Combined TRACON& Tower with Radar,214,131,70,4,419,0,3,6,0,9,214,134,76,4,428,0,0,0,428
01/12/2009,BNA,TN,ASO,CE,Combined TRACON& Tower with Radar,244,145,60,18,467,0,2,24,4,30,244,147,84,22,497,0,0,0,497
01/13/2009,BNA,TN,ASO,CE,Combined TRACON& Tower with Radar,245,155,66,8,474,0,2,6,5,13,245,157,72,13,487,0,0,0,487
01/14/2009,BNA,TN,ASO,CE,Combined TRACON& Tower with Radar,241,141,72,8,462,0,2,16,3,21,241,143,88,11,483,0,0,0,483
01/15/2009,BNA,TN,ASO,CE,Combined TRACON& Tower with Radar,256,152,56,9,473,0,5,26,6,37,256,157,82,15,510,0,0,0,510
01/16/2009,BNA,TN,ASO,CE,Combined TRACON& Tower with Radar,246,156,49,7,458,0,6,15,1,22,246,162,64,8,480,0,0,0,480
01/17/2009,BNA,TN,ASO,CE,Combined TRACON& Tower with Radar,189,120,19,4,332,0,3,6,0,9,189,123,25,4,341,0,0,0,341
01/18/2009,BNA,TN,ASO,CE,Combined TRACON& Tower with Radar,206,104,39,4,353,0,2,4,0,6,206,106,43,4,359,0,0,0,359
01/19/2009,BNA,TN,ASO,CE,Combined TRACON& Tower with Radar,232,144,69,0,445,0,0,1,0,1,232,144,70,0,446,0,0,0,446
01/20/2009,BNA,TN,ASO,CE,Combined TRACON& Tower with Radar,249,146,56,8,459,0,3,9,4,16,249,149,65,12,475,0,0,0,475
01/21/2009,BNA,TN,ASO,CE,Combined TRACON& Tower with Radar,260,155,72,8,495,0,6,24,4,34,260,161,96,12,529,0,0,0,529
01/22/2009,BNA,TN,ASO,CE,Combined TRACON& Tower with Radar,247,159,54,7,467,0,4,24,13,41,247,163,78,20,508,0,0,0,508
01/23/2009,BNA,TN,ASO,CE,Combined TRACON& Tower with Radar,251,159,59,18,487,0,2,32,5,39,251,161,91,23,526,0,0,0,526
01/24/2009,BNA,TN,ASO,CE,Combined TRACON& Tower with Radar,181,124,39,1,345,0,3,23,6,32,181,127,62,7,377,0,0,0,377
01/25/2009,BNA,TN,ASO,CE,Combined TRACON& Tower with Radar,215,105,25,7,352,0,0,7,7,14,215,105,32,14,366,0,0,0,366
01/26/2009,BNA,TN,ASO,CE,Combined TRACON& Tower with Radar,247,145,44,9,445,0,3,18,1,22,247,148,62,10,467,0,0,0,467
01/27/2009,BNA,TN,ASO,CE,Combined TRACON& Tower with Radar,243,136,42,4,425,0,2,0,1,3,243,138,42,5,428,0,0,0,428
01/28/2009,BNA,TN,ASO,CE,Combined TRACON& Tower with Radar,233,138,55,8,434,0,0,1,0,1,233,138,56,8,435,0,0,0,435
01/29/2009,BNA,TN,ASO,CE,Combined TRACON& Tower with Radar,255,160,79,10,504,0,2,17,3,22,255,162,96,13,526,0,0,0,526
01/30/2009,BNA,TN,ASO,CE,Combined TRACON& Tower with Radar,291,153,65,12,521,0,4,13,4,21,291,157,78,16,542,0,0,0,542
01/31/2009,BNA,TN,ASO,CE,Combined TRACON& Tower with Radar,182,121,40,3,346,0,2,20,0,22,182,123,60,3,368,0,0,0,368
02/01/2009,BNA,TN,ASO,CE,Combined TRACON& Tower with Radar,204,112,44,4,364,0,2,14,0,16,204,114,58,4,380,0,0,0,380
02/02/2009,BNA,TN,ASO,CE,Combined TRACON& Tower with Radar,239,140,66,10,455,0,2,14,3,19,239,142,80,13,474,2,0,2,476
02/03/2009,BNA,TN,ASO,CE,Combined TRACON& Tower with Radar,242,133,54,4,433,0,2,11,3,16,242,135,65,7,449,0,0,0,449
02/04/2009,BNA,TN,ASO,CE,Combined TRACON& Tower with Radar,251,146,56,8,461,0,2,26,7,35,251,148,82,15,496,0,0,0,496
02/05/2009,BNA,TN,ASO,CE,Combined TRACON& Tower with Radar,254,149,80,13,496,0,2,27,2,31,254,151,107,15,527,0,0,0,527
02/06/2009,BNA,TN,ASO,CE,Combined TRACON& Tower with Radar,249,173,70,15,507,0,3,37,3,43,249,176,107,18,550,0,0,0,550
02/07/2009,BNA,TN,ASO,CE,Combined TRACON& Tower with Radar,184,114,31,6,335,0,3,23,4,30,184,117,54,10,365,0,0,0,365
02/08/2009,BNA,TN,ASO,CE,Combined TRACON& Tower with Radar,211,121,38,10,380,0,4,14,1,19,211,125,52,11,399,0,0,0,399
02/09/2009,BNA,TN,ASO,CE,Combined TRACON& Tower with Radar,247,147,56,15,465,0,3,22,1,26,247,150,78,16,491,0,0,0,491
02/10/2009,BNA,TN,ASO,CE,Combined TRACON& Tower with Radar,245,156,71,9,481,0,3,12,4,19,245,159,83,13,500,0,0,0,500
02/11/2009,BNA,TN,ASO,CE,Combined TRACON& Tower with Radar,260,177,67,4,508,0,3,3,0,6,260,180,70,4,514,0,0,0,514
02/12/2009,BNA,TN,ASO,CE,Combined TRACON& Tower with Radar,248,169,86,12,515,0,2,34,5,41,248,171,120,17,556,0,0,0,556
02/13/2009,BNA,TN,ASO,CE,Combined TRACON& Tower with Radar,246,172,72,17,507,0,1,22,2,25,246,173,94,19,532,0,0,0,532
02/14/2009,BNA,TN,ASO,CE,Combined TRACON& Tower with Radar,185,125,22,4,336,0,2,14,0,16,185,127,36,4,352,0,0,0,352
02/15/2009,BNA,TN,ASO,CE,Combined TRACON& Tower with Radar,192,138,28,1,359,0,1,11,0,12,192,139,39,1,371,0,0,0,371
02/16/2009,BNA,TN,ASO,CE,Combined TRACON& Tower with Radar,233,159,66,2,460,0,3,22,1,26,233,162,88,3,486,0,0,0,486
02/17/2009,BNA,TN,ASO,CE,Combined TRACON& Tower with Radar,238,168,74,10,490,0,1,21,1,23,238,169,95,11,513,0,0,0,513
02/18/2009,BNA,TN,ASO,CE,Combined TRACON& Tower with Radar,246,162,85,8,501,0,1,7,3,11,246,163,92,11,512,0,0,0,512
02/19/2009,BNA,TN,ASO,CE,Combined TRACON& Tower with Radar,246,180,77,14,517,0,6,13,2,21,246,186,90,16,538,0,0,0,538
02/20/2009,BNA,TN,ASO,CE,Combined TRACON& Tower with Radar,240,166,74,11,491,0,5,24,4,33,240,171,98,15,524,0,0,0,524
02/21/2009,BNA,TN,ASO,CE,Combined TRACON& Tower with Radar,182,109,23,1,315,0,4,8,0,12,182,113,31,1,327,0,0,0,327
02/22/2009,BNA,TN,ASO,CE,Combined TRACON& Tower with Radar,203,131,47,0,381,0,3,8,0,11,203,134,55,0,392,0,0,0,392
02/23/2009,BNA,TN,ASO,CE,Combined TRACON& Tower with Radar,231,160,78,13,482,0,4,26,1,31,231,164,104,14,513,0,0,0,513
02/24/2009,BNA,TN,ASO,CE,Combined TRACON& Tower with Radar,239,173,78,12,502,0,4,29,2,35,239,177,107,14,537,0,0,0,537
02/25/2009,BNA,TN,ASO,CE,Combined TRACON& Tower with Radar,247,158,87,13,505,0,3,15,0,18,247,161,102,13,523,0,0,0,523
02/26/2009,BNA,TN,ASO,CE,Combined TRACON& Tower with Radar,234,152,78,6,470,0,0,13,0,13,234,152,91,6,483,0,0,0,483
02/27/2009,BNA,TN,ASO,CE,Combined TRACON& Tower with Radar,254,174,53,6,487,0,0,2,0,2,254,174,55,6,489,0,0,0,489
02/28/2009,BNA,TN,ASO,CE,Combined TRACON& Tower with Radar,187,126,29,10,352,0,0,1,0,1,187,126,30,10,353,0,0,0,353
03/01/2009,BNA,TN,ASO,CE,Combined TRACON& Tower with Radar,193,116,48,0,357,0,2,6,1,9,193,118,54,1,366,0,0,0,366
03/02/2009,BNA,TN,ASO,CE,Combined TRACON& Tower with Radar,208,122,53,3,386,0,3,23,8,34,208,125,76,11,420,0,0,0,420
03/03/2009,BNA,TN,ASO,CE,Combined TRACON& Tower with Radar,241,149,66,4,460,0,6,25,6,37,241,155,91,10,497,0,0,0,497
03/04/2009,BNA,TN,ASO,CE,Combined TRACON& Tower with Radar,243,154,70,8,475,0,11,26,4,41,243,165,96,12,516,0,0,0,516
03/05/2009,BNA,TN,ASO,CE,Combined TRACON& Tower with Radar,245,146,81,1,473,0,1,19,5,25,245,147,100,6,498,0,0,0,498
03/06/2009,BNA,TN,ASO,CE,Combined TRACON& Tower with Radar,240,156,75,12,483,0,1,10,2,13,240,157,85,14,496,0,0,0,496
03/07/2009,BNA,TN,ASO,CE,Combined TRACON& Tower with Radar,205,125,39,2,371,0,2,15,1,18,205,127,54,3,389,0,0,0,389
03/08/2009,BNA,TN,ASO,CE,Combined TRACON& Tower with Radar,206,119,43,8,376,0,4,6,0,10,206,123,49,8,386,0,0,0,386
03/09/2009,BNA,TN,ASO,CE,Combined TRACON& Tower with Radar,242,153,53,4,452,0,1,17,0,18,242,154,70,4,470,0,0,0,470
03/10/2009,BNA,TN,ASO,CE,Combined TRACON& Tower with Radar,245,162,74,10,491,0,3,13,2,18,245,165,87,12,509,0,0,0,509
03/11/2009,BNA,TN,ASO,CE,Combined TRACON& Tower with Radar,247,166,62,14,489,0,5,11,2,18,247,171,73,16,507,0,0,0,507
03/12/2009,BNA,TN,ASO,CE,Combined TRACON& Tower with Radar,243,156,52,3,454,0,1,3,2,6,243,157,55,5,460,0,0,0,460
03/13/2009,BNA,TN,ASO,CE,Combined TRACON& Tower with Radar,254,178,74,12,518,0,0,0,1,1,254,178,74,13,519,0,0,0,519
03/14/2009,BNA,TN,ASO,CE,Combined TRACON& Tower with Radar,208,147,34,6,395,0,0,0,0,0,208,147,34,6,395,0,0,0,395
03/15/2009,BNA,TN,ASO,CE,Combined TRACON& Tower with Radar,213,121,35,2,371,0,0,0,0,0,213,121,35,2,371,0,0,0,371
03/16/2009,BNA,TN,ASO,CE,Combined TRACON& Tower with Radar,241,142,58,20,461,0,1,10,0,11,241,143,68,20,472,0,0,0,472
03/17/2009,BNA,TN,ASO,CE,Combined TRACON& Tower with Radar,255,162,56,14,487,0,2,34,5,41,255,164,90,19,528,0,0,0,528
03/18/2009,BNA,TN,ASO,CE,Combined TRACON& Tower with Radar,248,148,65,11,472,0,1,28,7,36,248,149,93,18,508,0,0,0,508
03/19/2009,BNA,TN,ASO,CE,Combined TRACON& Tower with Radar,260,157,49,10,476,0,3,17,8,28,260,160,66,18,504,0,0,0,504
03/20/2009,BNA,TN,ASO,CE,Combined TRACON& Tower with Radar,251,171,74,11,507,0,7,33,3,43,251,178,107,14,550,0,0,0,550
03/21/2009,BNA,TN,ASO,CE,Combined TRACON& Tower with Radar,210,140,37,3,390,0,13,6,1,20,210,153,43,4,410,0,0,0,410
03/22/2009,BNA,TN,ASO,CE,Combined TRACON& Tower with Radar,218,126,65,2,411,0,1,8,2,11,218,127,73,4,422,0,0,0,422
03/23/2009,BNA,TN,ASO,CE,Combined TRACON& Tower with Radar,245,149,50,9,453,0,4,30,2,36,245,153,80,11,489,2,0,2,491
03/24/2009,BNA,TN,ASO,CE,Combined TRACON& Tower with Radar,251,153,65,8,477,0,0,15,8,23,251,153,80,16,500,0,0,0,500
03/25/2009,BNA,TN,ASO,CE,Combined TRACON& Tower with Radar,243,160,77,6,486,0,1,0,0,1,243,161,77,6,487,0,0,0,487
03/26/2009,BNA,TN,ASO,CE,Combined TRACON& Tower with Radar,236,155,90,16,497,0,1,17,2,20,236,156,107,18,517,0,0,0,517
03/27/2009,BNA,TN,ASO,CE,Combined TRACON& Tower with Radar,255,156,62,13,486,0,2,4,1,7,255,158,66,14,493,0,0,0,493
03/28/2009,BNA,TN,ASO,CE,Combined TRACON& Tower with Radar,209,117,35,0,361,0,1,1,1,3,209,118,36,1,364,0,0,0,364
03/29/2009,BNA,TN,ASO,CE,Combined TRACON& Tower with Radar,222,114,46,1,383,0,2,4,1,7,222,116,50,2,390,0,0,0,390
03/30/2009,BNA,TN,ASO,CE,Combined TRACON& Tower with Radar,250,151,73,9,483,0,1,26,1,28,250,152,99,10,511,0,0,0,511
03/31/2009,BNA,TN,ASO,CE,Combined TRACON& Tower with Radar,251,159,72,11,493,0,1,12,5,18,251,160,84,16,511,0,0,0,511
04/01/2009,BNA,TN,ASO,CE,Combined TRACON& Tower with Radar,253,150,100,10,513,0,1,14,5,20,253,151,114,15,533,0,0,0,533
04/02/2009,BNA,TN,ASO,CE,Combined TRACON& Tower with Radar,239,152,75,8,474,0,0,5,1,6,239,152,80,9,480,0,0,0,480
04/03/2009,BNA,TN,ASO,CE,Combined TRACON& Tower with Radar,272,163,68,5,508,0,1,8,2,11,272,164,76,7,519,0,0,0,519
04/04/2009,BNA,TN,ASO,CE,Combined TRACON& Tower with Radar,216,121,25,3,365,0,2,21,4,27,216,123,46,7,392,0,0,0,392
04/05/2009,BNA,TN,ASO,CE,Combined TRACON& Tower with Radar,214,127,48,4,393,0,1,5,4,10,214,128,53,8,403,0,0,0,403
04/06/2009,BNA,TN,ASO,CE,Combined TRACON& Tower with Radar,247,149,48,8,452,0,0,3,0,3,247,149,51,8,455,0,0,0,455
04/07/2009,BNA,TN,ASO,CE,Combined TRACON& Tower with Radar,253,138,62,10,463,0,1,11,3,15,253,139,73,13,478,2,0,2,480
04/08/2009,BNA,TN,ASO,CE,Combined TRACON& Tower with Radar,263,142,58,17,480,0,3,36,7,46,263,145,94,24,526,0,0,0,526
04/09/2009,BNA,TN,ASO,CE,Combined TRACON& Tower with Radar,250,155,73,15,493,0,3,31,10,44,250,158,104,25,537,4,0,4,541
04/10/2009,BNA,TN,ASO,CE,Combined TRACON& Tower with Radar,253,148,37,4,442,0,2,14,0,16,253,150,51,4,458,0,0,0,458
04/11/2009,BNA,TN,ASO,CE,Combined TRACON& Tower with Radar,233,135,36,4,408,0,0,12,1,13,233,135,48,5,421,0,0,0,421
04/12/2009,BNA,TN,ASO,CE,Combined TRACON& Tower with Radar,209,123,28,1,361,0,3,7,0,10,209,126,35,1,371,0,0,0,371
04/13/2009,BNA,TN,ASO,CE,Combined TRACON& Tower with Radar,249,134,55,10,448,0,6,6,1,13,249,140,61,11,461,0,0,0,461
04/14/2009,BNA,TN,ASO,CE,Combined TRACON& Tower with Radar,251,155,101,11,518,0,1,11,3,15,251,156,112,14,533,0,0,0,533
04/15/2009,BNA,TN,ASO,CE,Combined TRACON& Tower with Radar,255,142,107,13,517,0,2,16,2,20,255,144,123,15,537,0,0,0,537
04/16/2009,BNA,TN,ASO,CE,Combined TRACON& Tower with Radar,257,154,99,11,521,0,1,18,4,23,257,155,117,15,544,0,0,0,544
04/17/2009,BNA,TN,ASO,CE,Combined TRACON& Tower with Radar,242,154,72,7,475,0,3,36,3,42,242,157,108,10,517,0,0,0,517
04/18/2009,BNA,TN,ASO,CE,Combined TRACON& Tower with Radar,227,115,39,1,382,0,2,8,1,11,227,117,47,2,393,0,0,0,393
04/19/2009,BNA,TN,ASO,CE,Combined TRACON& Tower with Radar,217,132,32,3,384,0,0,2,0,2,217,132,34,3,386,0,0,0,386
04/20/2009,BNA,TN,ASO,CE,Combined TRACON& Tower with Radar,248,138,81,8,475,0,0,5,7,12,248,138,86,15,487,0,0,0,487
04/21/2009,BNA,TN,ASO,CE,Combined TRACON& Tower with Radar,258,132,82,10,482,0,7,7,7,21,258,139,89,17,503,0,0,0,503
04/22/2009,BNA,TN,ASO,CE,Combined TRACON& Tower with Radar,259,148,94,6,507,0,5,16,2,23,259,153,110,8,530,0,0,0,530
04/23/2009,BNA,TN,ASO,CE,Combined TRACON& Tower with Radar,252,171,75,8,506,0,5,13,7,25,252,176,88,15,531,0,0,0,531
04/24/2009,BNA,TN,ASO,CE,Combined TRACON& Tower with Radar,270,149,93,14,526,0,1,28,3,32,270,150,121,17,558,0,0,0,558
04/25/2009,BNA,TN,ASO,CE,Combined TRACON& Tower with Radar,216,113,40,1,370,0,4,27,1,32,216,117,67,2,402,0,0,0,402
04/26/2009,BNA,TN,ASO,CE,Combined TRACON& Tower with Radar,223,136,67,6,432,0,5,14,1,20,223,141,81,7,452,0,0,0,452
04/27/2009,BNA,TN,ASO,CE,Combined TRACON& Tower with Radar,242,132,51,14,439,0,3,16,8,27,242,135,67,22,466,0,0,0,466
04/28/2009,BNA,TN,ASO,CE,Combined TRACON& Tower with Radar,253,150,70,8,481,0,5,16,6,27,253,155,86,14,508,0,0,0,508
04/29/2009,BNA,TN,ASO,CE,Combined TRACON& Tower with Radar,259,145,68,14,486,0,8,10,16,34,259,153,78,30,520,0,0,0,520
04/30/2009,BNA,TN,ASO,CE,Combined TRACON& Tower with Radar,257,155,68,14,494,0,7,13,10,30,257,162,81,24,524,0,0,0,524
05/01/2009,BNA,TN,ASO,CE,Combined TRACON& Tower with Radar,251,147,63,6,467,0,1,0,0,1,251,148,63,6,468,0,0,0,468
05/02/2009,BNA,TN,ASO,CE,Combined TRACON& Tower with Radar,221,131,23,7,382,0,0,1,0,1,221,131,24,7,383,0,0,0,383
05/03/2009,BNA,TN,ASO,CE,Combined TRACON& Tower with Radar,221,121,40,18,400,0,0,0,0,0,221,121,40,18,400,0,0,0,400
05/04/2009,BNA,TN,ASO,CE,Combined TRACON& Tower with Radar,245,153,89,33,520,0,0,2,0,2,245,153,91,33,522,0,0,0,522
05/05/2009,BNA,TN,ASO,CE,Combined TRACON& Tower with Radar,253,149,77,16,495,0,1,17,6,24,253,150,94,22,519,2,0,2,521
05/06/2009,BNA,TN,ASO,CE,Combined TRACON& Tower with Radar,251,150,73,22,496,0,2,12,2,16,251,152,85,24,512,0,0,0,512
05/07/2009,BNA,TN,ASO,CE,Combined TRACON& Tower with Radar,257,147,104,27,535,0,0,18,7,25,257,147,122,34,560,0,0,0,560
05/08/2009,BNA,TN,ASO,CE,Combined TRACON& Tower with Radar,258,155,84,12,509,0,2,15,0,17,258,157,99,12,526,0,0,0,526
05/09/2009,BNA,TN,ASO,CE,Combined TRACON& Tower with Radar,212,135,29,4,380,0,5,1,1,7,212,140,30,5,387,0,0,0,387
05/10/2009,BNA,TN,ASO,CE,Combined TRACON& Tower with Radar,218,120,44,5,387,0,3,5,1,9,218,123,49,6,396,0,0,0,396
05/11/2009,BNA,TN,ASO,CE,Combined TRACON& Tower with Radar,251,140,58,12,461,0,4,25,2,31,251,144,83,14,492,0,0,0,492
05/12/2009,BNA,TN,ASO,CE,Combined TRACON& Tower with Radar,269,142,76,10,497,0,2,38,7,47,269,144,114,17,544,0,0,0,544
05/13/2009,BNA,TN,ASO,CE,Combined TRACON& Tower with Radar,256,145,89,9,499,0,3,14,5,22,256,148,103,14,521,0,0,0,521
05/14/2009,BNA,TN,ASO,CE,Combined TRACON& Tower with Radar,266,150,73,7,496,0,2,16,4,22,266,152,89,11,518,0,0,0,518
05/15/2009,BNA,TN,ASO,CE,Combined TRACON& Tower with Radar,266,148,58,9,481,0,0,21,5,26,266,148,79,14,507,0,0,0,507
05/16/2009,BNA,TN,ASO,CE,Combined TRACON& Tower with Radar,213,125,41,1,380,0,0,5,0,5,213,125,46,1,385,0,0,0,385
05/17/2009,BNA,TN,ASO,CE,Combined TRACON& Tower with Radar,220,137,47,3,407,0,2,14,3,19,220,139,61,6,426,0,0,0,426
05/18/2009,BNA,TN,ASO,CE,Combined TRACON& Tower with Radar,263,142,59,9,473,0,0,34,3,37,263,142,93,12,510,0,0,0,510
05/19/2009,BNA,TN,ASO,CE,Combined TRACON& Tower with Radar,265,145,85,7,502,0,3,31,6,40,265,148,116,13,542,0,0,0,542
05/20/2009,BNA,TN,ASO,CE,Combined TRACON& Tower with Radar,268,157,87,10,522,0,1,27,6,34,268,158,114,16,556,0,0,0,556
05/21/2009,BNA,TN,ASO,CE,Combined TRACON& Tower with Radar,261,150,97,8,516,0,3,30,4,37,261,153,127,12,553,0,0,0,553
05/22/2009,BNA,TN,ASO,CE,Combined TRACON& Tower with Radar,264,146,57,5,472,0,0,18,3,21,264,146,75,8,493,0,0,0,493
05/23/2009,BNA,TN,ASO,CE,Combined TRACON& Tower with Radar,220,119,29,0,368,0,3,5,0,8,220,122,34,0,376,0,0,0,376
05/24/2009,BNA,TN,ASO,CE,Combined TRACON& Tower with Radar,195,106,19,2,322,0,2,4,1,7,195,108,23,3,329,0,0,0,329
05/25/2009,BNA,TN,ASO,CE,Combined TRACON& Tower with Radar,225,134,41,1,401,0,2,6,2,10,225,136,47,3,411,0,0,0,411
05/26/2009,BNA,TN,ASO,CE,Combined TRACON& Tower with Radar,247,131,50,7,435,0,2,10,0,12,247,133,60,7,447,0,0,0,447
05/27/2009,BNA,TN,ASO,CE,Combined TRACON& Tower with Radar,264,149,69,9,491,0,0,13,3,16,264,149,82,12,507,0,0,0,507
05/28/2009,BNA,TN,ASO,CE,Combined TRACON& Tower with Radar,264,156,62,6,488,0,1,21,3,25,264,157,83,9,513,0,0,0,513
05/29/2009,BNA,TN,ASO,CE,Combined TRACON& Tower with Radar,263,149,69,9,490,0,1,11,3,15,263,150,80,12,505,0,0,0,505
05/30/2009,BNA,TN,ASO,CE,Combined TRACON& Tower with Radar,218,134,31,8,391,0,3,18,2,23,218,137,49,10,414,0,0,0,414
05/31/2009,BNA,TN,ASO,CE,Combined TRACON& Tower with Radar,221,131,36,6,394,0,6,25,2,33,221,137,61,8,427,0,0,0,427
06/01/2009,BNA,TN,ASO,CE,Combined TRACON& Tower with Radar,254,143,55,4,456,0,3,19,6,28,254,146,74,10,484,0,0,0,484
06/02/2009,BNA,TN,ASO,CE,Combined TRACON& Tower with Radar,263,137,54,6,460,0,5,18,2,25,263,142,72,8,485,2,0,2,487
06/03/2009,BNA,TN,ASO,CE,Combined TRACON& Tower with Radar,260,146,57,3,466,0,1,11,5,17,260,147,68,8,483,0,0,0,483
06/04/2009,BNA,TN,ASO,CE,Combined TRACON& Tower with Radar,270,163,80,8,521,0,0,0,0,0,270,163,80,8,521,0,0,0,521
06/05/2009,BNA,TN,ASO,CE,Combined TRACON& Tower with Radar,268,172,84,10,534,0,5,14,7,26,268,177,98,17,560,0,0,0,560
06/06/2009,BNA,TN,ASO,CE,Combined TRACON& Tower with Radar,226,140,27,9,402,0,5,26,7,38,226,145,53,16,440,0,0,0,440
06/07/2009,BNA,TN,ASO,CE,Combined TRACON& Tower with Radar,228,142,32,17,419,0,4,11,5,20,228,146,43,22,439,0,0,0,439
06/08/2009,BNA,TN,ASO,CE,Combined TRACON& Tower with Radar,255,148,73,5,481,0,1,19,4,24,255,149,92,9,505,6,0,6,511
06/09/2009,BNA,TN,ASO,CE,Combined TRACON& Tower with Radar,252,142,63,4,461,0,4,26,3,33,252,146,89,7,494,0,0,0,494
06/10/2009,BNA,TN,ASO,CE,Combined TRACON& Tower with Radar,287,155,79,2,523,0,4,12,7,23,287,159,91,9,546,0,0,0,546
06/11/2009,BNA,TN,ASO,CE,Combined TRACON& Tower with Radar,251,159,74,3,487,0,0,11,3,14,251,159,85,6,501,0,0,0,501
06/12/2009,BNA,TN,ASO,CE,Combined TRACON& Tower with Radar,283,169,66,21,539,0,0,23,7,30,283,169,89,28,569,0,0,0,569
06/13/2009,BNA,TN,ASO,CE,Combined TRACON& Tower with Radar,243,123,39,3,408,0,1,14,7,22,243,124,53,10,430,0,0,0,430
06/14/2009,BNA,TN,ASO,CE,Combined TRACON& Tower with Radar,238,132,39,12,421,0,6,20,7,33,238,138,59,19,454,0,0,0,454
06/15/2009,BNA,TN,ASO,CE,Combined TRACON& Tower with Radar,257,161,72,2,492,0,2,4,2,8,257,163,76,4,500,0,0,0,500
06/16/2009,BNA,TN,ASO,CE,Combined TRACON& Tower with Radar,276,144,88,12,520,0,4,11,3,18,276,148,99,15,538,14,0,14,552
06/17/2009,BNA,TN,ASO,CE,Combined TRACON& Tower with Radar,270,156,75,5,506,0,1,13,4,18,270,157,88,9,524,0,0,0,524
06/18/2009,BNA,TN,ASO,CE,Combined TRACON& Tower with Radar,265,146,62,9,482,0,1,28,6,35,265,147,90,15,517,0,0,0,517
06/19/2009,BNA,TN,ASO,CE,Combined TRACON& Tower with Radar,269,161,79,17,526,0,2,38,11,51,269,163,117,28,577,0,0,0,577
06/20/2009,BNA,TN,ASO,CE,Combined TRACON& Tower with Radar,233,130,31,2,396,0,0,23,4,27,233,130,54,6,423,0,0,0,423
06/21/2009,BNA,TN,ASO,CE,Combined TRACON& Tower with Radar,233,127,31,9,400,0,2,15,6,23,233,129,46,15,423,0,0,0,423
06/22/2009,BNA,TN,ASO,CE,Combined TRACON& Tower with Radar,259,153,82,9,503,0,0,26,6,32,259,153,108,15,535,0,0,0,535
06/23/2009,BNA,TN,ASO,CE,Combined TRACON& Tower with Radar,270,154,86,2,512,0,3,23,7,33,270,157,109,9,545,0,0,0,545
06/24/2009,BNA,TN,ASO,CE,Combined TRACON& Tower with Radar,265,154,86,11,516,0,3,30,7,40,265,157,116,18,556,0,0,0,556
06/25/2009,BNA,TN,ASO,CE,Combined TRACON& Tower with Radar,275,163,63,9,510,0,1,29,7,37,275,164,92,16,547,0,0,0,547
06/26/2009,BNA,TN,ASO,CE,Combined TRACON& Tower with Radar,269,149,72,11,501,0,1,11,6,18,269,150,83,17,519,0,0,0,519
06/27/2009,BNA,TN,ASO,CE,Combined TRACON& Tower with Radar,233,128,21,2,384,0,4,9,2,15,233,132,30,4,399,0,0,0,399
06/28/2009,BNA,TN,ASO,CE,Combined TRACON& Tower with Radar,237,131,43,9,420,0,3,12,2,17,237,134,55,11,437,0,0,0,437
06/29/2009,BNA,TN,ASO,CE,Combined TRACON& Tower with Radar,260,145,58,11,474,0,1,23,4,28,260,146,81,15,502,0,0,0,502
06/30/2009,BNA,TN,ASO,CE,Combined TRACON& Tower with Radar,270,143,66,9,488,0,4,24,7,35,270,147,90,16,523,0,0,0,523
07/01/2009,BNA,TN,ASO,CE,Combined TRACON& Tower with Radar,278,145,56,6,485,0,1,24,9,34,278,146,80,15,519,0,0,0,519
07/02/2009,BNA,TN,ASO,CE,Combined TRACON& Tower with Radar,279,148,68,8,503,0,1,34,13,48,279,149,102,21,551,0,0,0,551
07/03/2009,BNA,TN,ASO,CE,Combined TRACON& Tower with Radar,281,136,27,1,445,0,3,13,9,25,281,139,40,10,470,0,0,0,470
07/04/2009,BNA,TN,ASO,CE,Combined TRACON& Tower with Radar,187,103,16,1,307,0,2,11,10,23,187,105,27,11,330,0,0,0,330
07/05/2009,BNA,TN,ASO,CE,Combined TRACON& Tower with Radar,226,139,38,0,403,0,1,2,2,5,226,140,40,2,408,0,0,0,408
07/06/2009,BNA,TN,ASO,CE,Combined TRACON& Tower with Radar,269,146,60,6,481,0,2,9,8,19,269,148,69,14,500,0,0,0,500
07/07/2009,BNA,TN,ASO,CE,Combined TRACON& Tower with Radar,264,137,63,4,468,0,6,30,6,42,264,143,93,10,510,0,0,0,510
07/08/2009,BNA,TN,ASO,CE,Combined TRACON& Tower with Radar,276,141,62,15,494,0,6,23,9,38,276,147,85,24,532,0,0,0,532
07/09/2009,BNA,TN,ASO,CE,Combined TRACON& Tower with Radar,274,147,66,9,496,0,5,43,8,56,274,152,109,17,552,0,0,0,552
07/10/2009,BNA,TN,ASO,CE,Combined TRACON& Tower with Radar,277,151,64,8,500,0,3,14,10,27,277,154,78,18,527,0,0,0,527
07/11/2009,BNA,TN,ASO,CE,Combined TRACON& Tower with Radar,217,122,35,5,379,0,0,3,1,4,217,122,38,6,383,0,0,0,383
07/12/2009,BNA,TN,ASO,CE,Combined TRACON& Tower with Radar,244,128,41,5,418,0,2,10,1,13,244,130,51,6,431,0,0,0,431
07/13/2009,BNA,TN,ASO,CE,Combined TRACON& Tower with Radar,267,160,73,7,507,0,5,12,5,22,267,165,85,12,529,0,0,0,529
07/14/2009,BNA,TN,ASO,CE,Combined TRACON& Tower with Radar,264,146,78,7,495,0,4,22,4,30,264,150,100,11,525,0,0,0,525
07/15/2009,BNA,TN,ASO,CE,Combined TRACON& Tower with Radar,274,157,80,5,516,0,3,11,2,16,274,160,91,7,532,0,0,0,532
07/16/2009,BNA,TN,ASO,CE,Combined TRACON& Tower with Radar,275,149,71,13,508,0,3,8,1,12,275,152,79,14,520,0,0,0,520
07/17/2009,BNA,TN,ASO,CE,Combined TRACON& Tower with Radar,269,147,70,11,497,0,4,18,2,24,269,151,88,13,521,0,0,0,521
07/18/2009,BNA,TN,ASO,CE,Combined TRACON& Tower with Radar,225,114,34,4,377,0,1,19,1,21,225,115,53,5,398,0,0,0,398
07/19/2009,BNA,TN,ASO,CE,Combined TRACON& Tower with Radar,233,128,45,11,417,0,2,14,3,19,233,130,59,14,436,0,0,0,436
07/20/2009,BNA,TN,ASO,CE,Combined TRACON& Tower with Radar,261,147,57,11,476,0,5,24,2,31,261,152,81,13,507,0,0,0,507
07/21/2009,BNA,TN,ASO,CE,Combined TRACON& Tower with Radar,280,142,63,18,503,0,1,17,8,26,280,143,80,26,529,0,0,0,529
07/22/2009,BNA,TN,ASO,CE,Combined TRACON& Tower with Radar,270,162,66,11,509,0,0,0,0,0,270,162,66,11,509,0,0,0,509
07/23/2009,BNA,TN,ASO,CE,Combined TRACON& Tower with Radar,265,150,68,14,497,0,8,22,11,41,265,158,90,25,538,0,0,0,538
07/24/2009,BNA,TN,ASO,CE,Combined TRACON& Tower with Radar,277,160,69,20,526,0,1,17,4,22,277,161,86,24,548,0,0,0,548
07/25/2009,BNA,TN,ASO,CE,Combined TRACON& Tower with Radar,221,123,38,6,388,0,1,14,1,16,221,124,52,7,404,0,0,0,404
07/26/2009,BNA,TN,ASO,CE,Combined TRACON& Tower with Radar,241,121,41,12,415,0,0,7,2,9,241,121,48,14,424,0,0,0,424
07/27/2009,BNA,TN,ASO,CE,Combined TRACON& Tower with Radar,265,143,54,10,472,0,6,11,5,22,265,149,65,15,494,0,0,0,494
07/28/2009,BNA,TN,ASO,CE,Combined TRACON& Tower with Radar,263,149,64,10,486,0,2,2,2,6,263,151,66,12,492,0,0,0,492
07/29/2009,BNA,TN,ASO,CE,Combined TRACON& Tower with Radar,278,158,75,10,521,0,1,5,0,6,278,159,80,10,527,0,0,0,527
07/30/2009,BNA,TN,ASO,CE,Combined TRACON& Tower with Radar,285,163,66,8,522,0,2,9,3,14,285,165,75,11,536,0,0,0,536
07/31/2009,BNA,TN,ASO,CE,Combined TRACON& Tower with Radar,276,155,58,5,494,0,0,20,1,21,276,155,78,6,515,0,0,0,515
08/01/2009,BNA,TN,ASO,CE,Combined TRACON& Tower with Radar,222,114,31,10,377,0,0,9,5,14,222,114,40,15,391,0,0,0,391
08/02/2009,BNA,TN,ASO,CE,Combined TRACON& Tower with Radar,232,118,37,17,404,0,2,14,2,18,232,120,51,19,422,0,0,0,422
08/03/2009,BNA,TN,ASO,CE,Combined TRACON& Tower with Radar,267,150,68,7,492,0,4,20,4,28,267,154,88,11,520,0,0,0,520
08/04/2009,BNA,TN,ASO,CE,Combined TRACON& Tower with Radar,291,154,77,8,530,0,3,24,3,30,291,157,101,11,560,0,0,0,560
08/05/2009,BNA,TN,ASO,CE,Combined TRACON& Tower with Radar,275,152,87,10,524,0,2,13,2,17,275,154,100,12,541,0,0,0,541
08/06/2009,BNA,TN,ASO,CE,Combined TRACON& Tower with Radar,274,158,73,10,515,0,4,22,5,31,274,162,95,15,546,0,0,0,546
08/07/2009,BNA,TN,ASO,CE,Combined TRACON& Tower with Radar,269,146,60,10,485,0,3,22,10,35,269,149,82,20,520,0,0,0,520
08/08/2009,BNA,TN,ASO,CE,Combined TRACON& Tower with Radar,223,120,30,1,374,0,3,19,1,23,223,123,49,2,397,0,0,0,397
08/09/2009,BNA,TN,ASO,CE,Combined TRACON& Tower with Radar,232,126,32,7,397,0,1,8,1,10,232,127,40,8,407,0,0,0,407
08/10/2009,BNA,TN,ASO,CE,Combined TRACON& Tower with Radar,262,136,44,9,451,0,2,14,1,17,262,138,58,10,468,0,0,0,468
08/11/2009,BNA,TN,ASO,CE,Combined TRACON& Tower with Radar,270,153,78,5,506,0,5,13,1,19,270,158,91,6,525,0,0,0,525
08/12/2009,BNA,TN,ASO,CE,Combined TRACON& Tower with Radar,270,161,67,6,504,0,2,9,4,15,270,163,76,10,519,0,0,0,519
08/13/2009,BNA,TN,ASO,CE,Combined TRACON& Tower with Radar,274,149,79,8,510,0,0,31,2,33,274,149,110,10,543,0,0,0,543
08/14/2009,BNA,TN,ASO,CE,Combined TRACON& Tower with Radar,283,157,76,16,532,0,3,16,6,25,283,160,92,22,557,0,0,0,557
08/15/2009,BNA,TN,ASO,CE,Combined TRACON& Tower with Radar,207,121,25,8,361,0,1,16,2,19,207,122,41,10,380,0,0,0,380
08/16/2009,BNA,TN,ASO,CE,Combined TRACON& Tower with Radar,221,134,45,7,407,0,0,11,1,12,221,134,56,8,419,0,0,0,419
08/17/2009,BNA,TN,ASO,CE,Combined TRACON& Tower with Radar,246,132,43,12,433,0,4,15,9,28,246,136,58,21,461,8,0,8,469
08/18/2009,BNA,TN,ASO,CE,Combined TRACON& Tower with Radar,254,147,53,12,466,0,3,6,2,11,254,150,59,14,477,0,0,0,477
08/19/2009,BNA,TN,ASO,CE,Combined TRACON& Tower with Radar,253,159,66,22,500,0,2,15,4,21,253,161,81,26,521,0,0,0,521
08/20/2009,BNA,TN,ASO,CE,Combined TRACON& Tower with Radar,259,156,53,9,477,0,0,11,1,12,259,156,64,10,489,0,0,0,489
08/21/2009,BNA,TN,ASO,CE,Combined TRACON& Tower with Radar,253,138,72,16,479,0,0,21,3,24,253,138,93,19,503,0,0,0,503
08/22/2009,BNA,TN,ASO,CE,Combined TRACON& Tower with Radar,204,118,45,2,369,0,2,11,1,14,204,120,56,3,383,0,0,0,383
08/23/2009,BNA,TN,ASO,CE,Combined TRACON& Tower with Radar,212,127,48,8,395,0,0,15,0,15,212,127,63,8,410,0,0,0,410
08/24/2009,BNA,TN,ASO,CE,Combined TRACON& Tower with Radar,240,140,67,10,457,0,1,13,3,17,240,141,80,13,474,0,0,0,474
08/25/2009,BNA,TN,ASO,CE,Combined TRACON& Tower with Radar,244,151,76,8,479,0,2,16,4,22,244,153,92,12,501,0,0,0,501
08/26/2009,BNA,TN,ASO,CE,Combined TRACON& Tower with Radar,248,151,56,10,465,0,2,22,4,28,248,153,78,14,493,0,0,0,493
08/27/2009,BNA,TN,ASO,CE,Combined TRACON& Tower with Radar,249,165,61,11,486,0,4,22,4,30,249,169,83,15,516,0,0,0,516
08/28/2009,BNA,TN,ASO,CE,Combined TRACON& Tower with Radar,249,149,73,13,484,0,2,6,1,9,249,151,79,14,493,0,0,0,493
08/29/2009,BNA,TN,ASO,CE,Combined TRACON& Tower with Radar,191,142,42,5,380,0,2,1,4,7,191,144,43,9,387,0,0,0,387
08/30/2009,BNA,TN,ASO,CE,Combined TRACON& Tower with Radar,204,136,42,13,395,0,7,11,1,19,204,143,53,14,414,0,0,0,414
08/31/2009,BNA,TN,ASO,CE,Combined TRACON& Tower with Radar,242,148,44,12,446,0,6,22,5,33,242,154,66,17,479,0,0,0,479
09/01/2009,BNA,TN,ASO,CE,Combined TRACON& Tower with Radar,245,168,49,7,469,0,3,29,7,39,245,171,78,14,508,0,0,0,508
09/02/2009,BNA,TN,ASO,CE,Combined TRACON& Tower with Radar,246,165,54,6,471,0,4,18,6,28,246,169,72,12,499,0,0,0,499
09/03/2009,BNA,TN,ASO,CE,Combined TRACON& Tower with Radar,258,165,77,7,507,0,3,21,4,28,258,168,98,11,535,0,0,0,535
09/04/2009,BNA,TN,ASO,CE,Combined TRACON& Tower with Radar,258,153,69,12,492,0,12,23,0,35,258,165,92,12,527,0,0,0,527
09/05/2009,BNA,TN,ASO,CE,Combined TRACON& Tower with Radar,189,121,17,0,327,0,5,11,1,17,189,126,28,1,344,0,0,0,344
09/06/2009,BNA,TN,ASO,CE,Combined TRACON& Tower with Radar,165,105,23,2,295,0,6,5,0,11,165,111,28,2,306,0,0,0,306
09/07/2009,BNA,TN,ASO,CE,Combined TRACON& Tower with Radar,210,135,30,1,376,0,6,8,2,16,210,141,38,3,392,0,0,0,392
09/08/2009,BNA,TN,ASO,CE,Combined TRACON& Tower with Radar,245,155,59,15,474,0,3,16,5,24,245,158,75,20,498,0,0,0,498
09/09/2009,BNA,TN,ASO,CE,Combined TRACON& Tower with Radar,264,161,81,17,523,0,4,14,8,26,264,165,95,25,549,0,0,0,549
09/10/2009,BNA,TN,ASO,CE,Combined TRACON& Tower with Radar,260,149,81,21,511,0,1,16,6,23,260,150,97,27,534,0,0,0,534
09/11/2009,BNA,TN,ASO,CE,Combined TRACON& Tower with Radar,253,147,74,13,487,0,1,13,4,18,253,148,87,17,505,0,0,0,505
09/12/2009,BNA,TN,ASO,CE,Combined TRACON& Tower with Radar,209,129,32,8,378,0,2,6,1,9,209,131,38,9,387,0,0,0,387
09/13/2009,BNA,TN,ASO,CE,Combined TRACON& Tower with Radar,213,131,52,12,408,0,6,13,1,20,213,137,65,13,428,0,0,0,428
09/14/2009,BNA,TN,ASO,CE,Combined TRACON& Tower with Radar,256,150,62,23,491,0,1,23,5,29,256,151,85,28,520,0,0,0,520
09/15/2009,BNA,TN,ASO,CE,Combined TRACON& Tower with Radar,255,155,66,12,488,0,1,2,2,5,255,156,68,14,493,0,0,0,493
09/16/2009,BNA,TN,ASO,CE,Combined TRACON& Tower with Radar,252,165,75,11,503,0,0,1,2,3,252,165,76,13,506,0,0,0,506
09/17/2009,BNA,TN,ASO,CE,Combined TRACON& Tower with Radar,262,168,107,12,549,0,0,5,0,5,262,168,112,12,554,4,0,4,558
09/18/2009,BNA,TN,ASO,CE,Combined TRACON& Tower with Radar,271,168,87,12,538,0,0,12,3,15,271,168,99,15,553,0,0,0,553
09/19/2009,BNA,TN,ASO,CE,Combined TRACON& Tower with Radar,201,125,40,7,373,0,3,1,1,5,201,128,41,8,378,0,0,0,378
09/20/2009,BNA,TN,ASO,CE,Combined TRACON& Tower with Radar,216,121,60,13,410,0,1,4,7,12,216,122,64,20,422,0,0,0,422
09/21/2009,BNA,TN,ASO,CE,Combined TRACON& Tower with Radar,247,154,87,13,501,0,0,11,0,11,247,154,98,13,512,0,0,0,512
09/22/2009,BNA,TN,ASO,CE,Combined TRACON& Tower with Radar,255,163,69,18,505,0,6,7,2,15,255,169,76,20,520,0,0,0,520
09/23/2009,BNA,TN,ASO,CE,Combined TRACON& Tower with Radar,260,158,88,13,519,0,0,8,1,9,260,158,96,14,528,0,0,0,528
09/24/2009,BNA,TN,ASO,CE,Combined TRACON& Tower with Radar,263,164,78,8,513,0,1,14,3,18,263,165,92,11,531,0,0,0,531
09/25/2009,BNA,TN,ASO,CE,Combined TRACON& Tower with Radar,268,145,71,3,487,0,3,3,0,6,268,148,74,3,493,0,0,0,493
09/26/2009,BNA,TN,ASO,CE,Combined TRACON& Tower with Radar,207,126,36,1,370,0,2,1,1,4,207,128,37,2,374,0,0,0,374
09/27/2009,BNA,TN,ASO,CE,Combined TRACON& Tower with Radar,214,131,42,6,393,0,6,15,3,24,214,137,57,9,417,0,0,0,417
09/28/2009,BNA,TN,ASO,CE,Combined TRACON& Tower with Radar,255,154,43,8,460,0,1,19,4,24,255,155,62,12,484,0,0,0,484
09/29/2009,BNA,TN,ASO,CE,Combined TRACON& Tower with Radar,263,164,68,4,499,0,6,11,7,24,263,170,79,11,523,0,0,0,523
09/30/2009,BNA,TN,ASO,CE,Combined TRACON& Tower with Radar,255,171,84,8,518,0,5,35,5,45,255,176,119,13,563,0,0,0,563
10/01/2009,BNA,TN,ASO,CE,Combined TRACON& Tower with Radar,247,156,90,12,505,0,4,33,6,43,247,160,123,18,548,0,0,0,548
10/02/2009,BNA,TN,ASO,CE,Combined TRACON& Tower with Radar,261,168,101,11,541,0,4,18,3,25,261,172,119,14,566,0,0,0,566
10/03/2009,BNA,TN,ASO,CE,Combined TRACON& Tower with Radar,201,141,42,3,387,0,2,19,4,25,201,143,61,7,412,0,0,0,412
10/04/2009,BNA,TN,ASO,CE,Combined TRACON& Tower with Radar,213,133,79,9,434,0,5,7,3,15,213,138,86,12,449,0,0,0,449
10/05/2009,BNA,TN,ASO,CE,Combined TRACON& Tower with Radar,248,168,84,8,508,0,0,7,0,7,248,168,91,8,515,0,0,0,515
10/06/2009,BNA,TN,ASO,CE,Combined TRACON& Tower with Radar,246,170,72,11,499,0,0,0,0,0,246,170,72,11,499,0,0,0,499
10/07/2009,BNA,TN,ASO,CE,Combined TRACON& Tower with Radar,253,167,86,10,516,0,6,23,5,34,253,173,109,15,550,0,0,0,550
10/08/2009,BNA,TN,ASO,CE,Combined TRACON& Tower with Radar,256,172,93,8,529,0,3,21,5,29,256,175,114,13,558,0,0,0,558
10/09/2009,BNA,TN,ASO,CE,Combined TRACON& Tower with Radar,279,168,64,2,513,0,3,3,1,7,279,171,67,3,520,0,0,0,520
10/10/2009,BNA,TN,ASO,CE,Combined TRACON& Tower with Radar,204,140,42,2,388,0,0,1,0,1,204,140,43,2,389,0,0,0,389
10/11/2009,BNA,TN,ASO,CE,Combined TRACON& Tower with Radar,215,156,51,2,424,0,0,12,1,13,215,156,63,3,437,0,0,0,437
10/12/2009,BNA,TN,ASO,CE,Combined TRACON& Tower with Radar,246,162,72,8,488,0,1,15,3,19,246,163,87,11,507,0,0,0,507
10/13/2009,BNA,TN,ASO,CE,Combined TRACON& Tower with Radar,268,167,65,13,513,0,0,7,0,7,268,167,72,13,520,0,0,0,520
10/14/2009,BNA,TN,ASO,CE,Combined TRACON& Tower with Radar,252,169,78,4,503,0,1,0,0,1,252,170,78,4,504,0,0,0,504
10/15/2009,BNA,TN,ASO,CE,Combined TRACON& Tower with Radar,254,186,83,13,536,0,1,0,0,1,254,187,83,13,537,0,0,0,537
10/16/2009,BNA,TN,ASO,CE,Combined TRACON& Tower with Radar,263,185,82,5,535,0,2,7,0,9,263,187,89,5,544,0,0,0,544
10/17/2009,BNA,TN,ASO,CE,Combined TRACON& Tower with Radar,203,163,52,2,420,0,2,5,0,7,203,165,57,2,427,0,0,0,427
10/18/2009,BNA,TN,ASO,CE,Combined TRACON& Tower with Radar,208,144,51,0,403,0,5,17,1,23,208,149,68,1,426,10,0,10,436
10/19/2009,BNA,TN,ASO,CE,Combined TRACON& Tower with Radar,257,144,70,7,478,0,13,24,6,43,257,157,94,13,521,0,0,0,521
10/20/2009,BNA,TN,ASO,CE,Combined TRACON& Tower with Radar,254,163,79,8,504,0,15,10,8,33,254,178,89,16,537,0,0,0,537
10/21/2009,BNA,TN,ASO,CE,Combined TRACON& Tower with Radar,256,159,73,13,501,0,10,30,3,43,256,169,103,16,544,0,0,0,544
10/22/2009,BNA,TN,ASO,CE,Combined TRACON& Tower with Radar,253,180,102,12,547,0,8,24,4,36,253,188,126,16,583,0,0,0,583
10/23/2009,BNA,TN,ASO,CE,Combined TRACON& Tower with Radar,258,167,62,10,497,0,2,7,1,10,258,169,69,11,507,0,0,0,507
10/24/2009,BNA,TN,ASO,CE,Combined TRACON& Tower with Radar,199,127,40,4,370,0,0,15,1,16,199,127,55,5,386,0,0,0,386
10/25/2009,BNA,TN,ASO,CE,Combined TRACON& Tower with Radar,207,145,51,10,413,0,7,15,1,23,207,152,66,11,436,0,0,0,436
10/26/2009,BNA,TN,ASO,CE,Combined TRACON& Tower with Radar,241,146,63,6,456,0,16,23,9,48,241,162,86,15,504,0,0,0,504
10/27/2009,BNA,TN,ASO,CE,Combined TRACON& Tower with Radar,257,140,36,11,444,0,4,2,3,9,257,144,38,14,453,0,0,0,453
10/28/2009,BNA,TN,ASO,CE,Combined TRACON& Tower with Radar,256,162,82,21,521,0,1,11,3,15,256,163,93,24,536,0,0,0,536
10/29/2009,BNA,TN,ASO,CE,Combined TRACON& Tower with Radar,248,162,93,81,584,0,3,18,3,24,248,165,111,84,608,0,0,0,608
10/30/2009,BNA,TN,ASO,CE,Combined TRACON& Tower with Radar,268,151,98,20,537,0,3,6,1,10,268,154,104,21,547,0,0,0,547
10/31/2009,BNA,TN,ASO,CE,Combined TRACON& Tower with Radar,204,128,52,5,389,0,5,3,0,8,204,133,55,5,397,0,0,0,397
11/01/2009,BNA,TN,ASO,CE,Combined TRACON& Tower with Radar,217,147,68,82,514,0,7,23,1,31,217,154,91,83,545,0,0,0,545
11/02/2009,BNA,TN,ASO,CE,Combined TRACON& Tower with Radar,228,157,56,11,452,0,12,21,5,38,228,169,77,16,490,0,0,0,490
11/03/2009,BNA,TN,ASO,CE,Combined TRACON& Tower with Radar,243,154,61,7,465,0,12,29,8,49,243,166,90,15,514,0,0,0,514
11/04/2009,BNA,TN,ASO,CE,Combined TRACON& Tower with Radar,249,156,69,5,479,0,13,9,7,29,249,169,78,12,508,0,0,0,508
11/05/2009,BNA,TN,ASO,CE,Combined TRACON& Tower with Radar,247,161,74,9,491,0,16,22,5,43,247,177,96,14,534,0,0,0,534
11/06/2009,BNA,TN,ASO,CE,Combined TRACON& Tower with Radar,253,162,75,8,498,0,9,15,9,33,253,171,90,17,531,0,0,0,531
11/07/2009,BNA,TN,ASO,CE,Combined TRACON& Tower with Radar,202,113,39,4,358,0,8,20,5,33,202,121,59,9,391,0,0,0,391
11/08/2009,BNA,TN,ASO,CE,Combined TRACON& Tower with Radar,212,147,48,14,421,0,5,16,2,23,212,152,64,16,444,0,0,0,444
11/09/2009,BNA,TN,ASO,CE,Combined TRACON& Tower with Radar,241,150,55,10,456,0,15,21,5,41,241,165,76,15,497,0,0,0,497
11/10/2009,BNA,TN,ASO,CE,Combined TRACON& Tower with Radar,237,151,91,12,491,0,10,10,5,25,237,161,101,17,516,0,0,0,516
11/11/2009,BNA,TN,ASO,CE,Combined TRACON& Tower with Radar,240,163,124,1,528,0,10,17,2,29,240,173,141,3,557,0,0,0,557
11/12/2009,BNA,TN,ASO,CE,Combined TRACON& Tower with Radar,245,171,136,7,559,0,15,39,2,56,245,186,175,9,615,0,0,0,615
11/13/2009,BNA,TN,ASO,CE,Combined TRACON& Tower with Radar,245,153,65,9,472,0,15,32,9,56,245,168,97,18,528,0,0,0,528
11/14/2009,BNA,TN,ASO,CE,Combined TRACON& Tower with Radar,206,127,39,3,375,0,10,25,8,43,206,137,64,11,418,0,0,0,418
11/15/2009,BNA,TN,ASO,CE,Combined TRACON& Tower with Radar,212,149,57,4,422,0,6,17,4,27,212,155,74,8,449,2,0,2,451
11/16/2009,BNA,TN,ASO,CE,Combined TRACON& Tower with Radar,236,163,80,7,486,0,13,14,6,33,236,176,94,13,519,0,0,0,519
11/17/2009,BNA,TN,ASO,CE,Combined TRACON& Tower with Radar,240,160,75,6,481,0,1,1,3,5,240,161,76,9,486,0,0,0,486
11/18/2009,BNA,TN,ASO,CE,Combined TRACON& Tower with Radar,242,168,72,7,489,0,8,8,3,19,242,176,80,10,508,0,0,0,508
11/19/2009,BNA,TN,ASO,CE,Combined TRACON& Tower with Radar,233,162,122,5,522,0,6,25,4,35,233,168,147,9,557,0,0,0,557
11/20/2009,BNA,TN,ASO,CE,Combined TRACON& Tower with Radar,253,159,93,13,518,0,11,37,3,51,253,170,130,16,569,0,0,0,569
11/21/2009,BNA,TN,ASO,CE,Combined TRACON& Tower with Radar,201,119,39,2,361,0,8,22,4,34,201,127,61,6,395,0,0,0,395
11/22/2009,BNA,TN,ASO,CE,Combined TRACON& Tower with Radar,211,141,39,15,406,0,7,9,1,17,211,148,48,16,423,0,0,0,423
11/23/2009,BNA,TN,ASO,CE,Combined TRACON& Tower with Radar,222,158,59,11,450,0,0,1,0,1,222,158,60,11,451,0,0,0,451
11/24/2009,BNA,TN,ASO,CE,Combined TRACON& Tower with Radar,247,159,84,10,500,0,2,6,1,9,247,161,90,11,509,0,0,0,509
11/25/2009,BNA,TN,ASO,CE,Combined TRACON& Tower with Radar,241,168,64,2,475,0,9,30,5,44,241,177,94,7,519,0,0,0,519
11/26/2009,BNA,TN,ASO,CE,Combined TRACON& Tower with Radar,170,92,13,0,275,0,9,16,1,26,170,101,29,1,301,0,0,0,301
11/27/2009,BNA,TN,ASO,CE,Combined TRACON& Tower with Radar,181,93,23,0,297,0,14,14,1,29,181,107,37,1,326,0,0,0,326
11/28/2009,BNA,TN,ASO,CE,Combined TRACON& Tower with Radar,199,148,32,0,379,0,7,13,1,21,199,155,45,1,400,0,0,0,400
11/29/2009,BNA,TN,ASO,CE,Combined TRACON& Tower with Radar,222,166,89,0,477,0,1,5,0,6,222,167,94,0,483,0,0,0,483
11/30/2009,BNA,TN,ASO,CE,Combined TRACON& Tower with Radar,248,168,100,6,522,0,3,1,3,7,248,171,101,9,529,0,0,0,529
12/01/2009,BNA,TN,ASO,CE,Combined TRACON& Tower with Radar,258,166,48,9,481,0,9,16,7,32,258,175,64,16,513,0,0,0,513
12/02/2009,BNA,TN,ASO,CE,Combined TRACON& Tower with Radar,244,154,72,3,473,0,0,1,1,2,244,154,73,4,475,4,0,4,479
12/03/2009,BNA,TN,ASO,CE,Combined TRACON& Tower with Radar,249,170,97,15,531,0,2,2,1,5,249,172,99,16,536,0,0,0,536
12/04/2009,BNA,TN,ASO,CE,Combined TRACON& Tower with Radar,242,160,58,6,466,0,9,10,3,22,242,169,68,9,488,0,0,0,488
12/05/2009,BNA,TN,ASO,CE,Combined TRACON& Tower with Radar,202,119,40,8,369,0,6,14,3,23,202,125,54,11,392,0,0,0,392
12/06/2009,BNA,TN,ASO,CE,Combined TRACON& Tower with Radar,211,146,43,5,405,0,3,7,2,12,211,149,50,7,417,2,0,2,419
12/07/2009,BNA,TN,ASO,CE,Combined TRACON& Tower with Radar,228,165,53,9,455,0,0,6,3,9,228,165,59,12,464,0,0,0,464
12/08/2009,BNA,TN,ASO,CE,Combined TRACON& Tower with Radar,230,155,71,7,463,0,0,0,0,0,230,155,71,7,463,0,0,0,463
12/09/2009,BNA,TN,ASO,CE,Combined TRACON& Tower with Radar,254,172,76,8,510,0,2,7,0,9,254,174,83,8,519,0,0,0,519
12/10/2009,BNA,TN,ASO,CE,Combined TRACON& Tower with Radar,242,176,71,13,502,0,11,19,3,33,242,187,90,16,535,0,0,0,535
12/11/2009,BNA,TN,ASO,CE,Combined TRACON& Tower with Radar,243,161,69,12,485,0,12,19,7,38,243,173,88,19,523,0,0,0,523
12/12/2009,BNA,TN,ASO,CE,Combined TRACON& Tower with Radar,196,138,33,3,370,0,4,9,2,15,196,142,42,5,385,0,0,0,385
12/13/2009,BNA,TN,ASO,CE,Combined TRACON& Tower with Radar,215,135,43,14,407,0,1,0,1,2,215,136,43,15,409,0,0,0,409
12/14/2009,BNA,TN,ASO,CE,Combined TRACON& Tower with Radar,233,151,57,17,458,0,5,7,1,13,233,156,64,18,471,0,0,0,471
12/15/2009,BNA,TN,ASO,CE,Combined TRACON& Tower with Radar,242,166,75,18,501,0,3,2,4,9,242,169,77,22,510,0,0,0,510
12/16/2009,BNA,TN,ASO,CE,Combined TRACON& Tower with Radar,243,159,94,10,506,0,9,27,7,43,243,168,121,17,549,0,0,0,549
12/17/2009,BNA,TN,ASO,CE,Combined TRACON& Tower with Radar,225,172,71,14,482,0,7,28,7,42,225,179,99,21,524,0,0,0,524
12/18/2009,BNA,TN,ASO,CE,Combined TRACON& Tower with Radar,220,181,73,8,482,0,0,3,1,4,220,181,76,9,486,0,0,0,486
12/19/2009,BNA,TN,ASO,CE,Combined TRACON& Tower with Radar,184,137,36,0,357,0,0,1,0,1,184,137,37,0,358,0,0,0,358
12/20/2009,BNA,TN,ASO,CE,Combined TRACON& Tower with Radar,182,115,41,0,338,0,3,2,0,5,182,118,43,0,343,0,0,0,343
12/21/2009,BNA,TN,ASO,CE,Combined TRACON& Tower with Radar,226,152,72,14,464,0,4,22,4,30,226,156,94,18,494,0,0,0,494
12/22/2009,BNA,TN,ASO,CE,Combined TRACON& Tower with Radar,231,178,63,5,477,0,4,23,9,36,231,182,86,14,513,0,0,0,513
12/23/2009,BNA,TN,ASO,CE,Combined TRACON& Tower with Radar,217,180,31,2,430,0,5,12,1,18,217,185,43,3,448,0,0,0,448
12/24/2009,BNA,TN,ASO,CE,Combined TRACON& Tower with Radar,212,162,18,0,392,0,1,6,1,8,212,163,24,1,400,0,0,0,400
12/25/2009,BNA,TN,ASO,CE,Combined TRACON& Tower with Radar,175,97,3,0,275,0,3,2,1,6,175,100,5,1,281,0,0,0,281
12/26/2009,BNA,TN,ASO,CE,Combined TRACON& Tower with Radar,180,164,38,0,382,0,2,9,0,11,180,166,47,0,393,0,0,0,393
12/27/2009,BNA,TN,ASO,CE,Combined TRACON& Tower with Radar,211,136,41,0,388,0,3,6,3,12,211,139,47,3,400,0,0,0,400
12/28/2009,BNA,TN,ASO,CE,Combined TRACON& Tower with Radar,220,168,60,0,448,0,8,13,0,21,220,176,73,0,469,0,0,0,469
12/29/2009,BNA,TN,ASO,CE,Combined TRACON& Tower with Radar,228,153,26,2,409,0,16,10,0,26,228,169,36,2,435,0,0,0,435
12/30/2009,BNA,TN,ASO,CE,Combined TRACON& Tower with Radar,222,166,29,0,417,0,8,9,1,18,222,174,38,1,435,0,0,0,435
12/31/2009,BNA,TN,ASO,CE,Combined TRACON& Tower with Radar,185,149,27,0,361,0,0,0,0,0,185,149,27,0,361,0,0,0,361
01/01/2010,BNA,TN,ASO,CE,Combined TRACON& Tower with Radar,175,132,26,0,333,0,6,4,3,13,175,138,30,3,346,0,0,0,346
01/02/2010,BNA,TN,ASO,CE,Combined TRACON& Tower with Radar,179,148,27,0,354,0,2,7,2,11,179,150,34,2,365,0,0,0,365
01/03/2010,BNA,TN,ASO,CE,Combined TRACON& Tower with Radar,209,146,45,0,400,0,6,8,2,16,209,152,53,2,416,0,0,0,416
01/04/2010,BNA,TN,ASO,CE,Combined TRACON& Tower with Radar,225,164,36,2,427,0,8,9,7,24,225,172,45,9,451,0,0,0,451
01/05/2010,BNA,TN,ASO,CE,Combined TRACON& Tower with Radar,234,156,43,10,443,0,7,13,5,25,234,163,56,15,468,2,0,2,470
01/06/2010,BNA,TN,ASO,CE,Combined TRACON& Tower with Radar,234,158,54,10,456,0,10,23,2,35,234,168,77,12,491,0,0,0,491
01/07/2010,BNA,TN,ASO,CE,Combined TRACON& Tower with Radar,233,134,46,6,419,0,4,0,0,4,233,138,46,6,423,0,0,0,423
01/08/2010,BNA,TN,ASO,CE,Combined TRACON& Tower with Radar,234,175,68,6,483,0,1,6,1,8,234,176,74,7,491,0,0,0,491
01/09/2010,BNA,TN,ASO,CE,Combined TRACON& Tower with Radar,199,132,45,2,378,0,2,1,0,3,199,134,46,2,381,0,0,0,381
01/10/2010,BNA,TN,ASO,CE,Combined TRACON& Tower with Radar,179,149,49,6,383,0,3,15,1,19,179,152,64,7,402,0,0,0,402
01/11/2010,BNA,TN,ASO,CE,Combined TRACON& Tower with Radar,229,155,40,10,434,0,7,11,6,24,229,162,51,16,458,0,0,0,458
01/12/2010,BNA,TN,ASO,CE,Combined TRACON& Tower with Radar,235,162,58,15,470,0,1,9,4,14,235,163,67,19,484,0,0,0,484
01/13/2010,BNA,TN,ASO,CE,Combined TRACON& Tower with Radar,241,162,76,5,484,0,12,17,8,37,241,174,93,13,521,0,0,0,521
01/14/2010,BNA,TN,ASO,CE,Combined TRACON& Tower with Radar,239,183,73,12,507,0,9,29,5,43,239,192,102,17,550,0,0,0,550
01/15/2010,BNA,TN,ASO,CE,Combined TRACON& Tower with Radar,242,166,71,19,498,0,8,26,2,36,242,174,97,21,534,0,0,0,534
01/16/2010,BNA,TN,ASO,CE,Combined TRACON& Tower with Radar,159,151,38,9,357,0,0,5,0,5,159,151,43,9,362,0,0,0,362
01/17/2010,BNA,TN,ASO,CE,Combined TRACON& Tower with Radar,175,143,42,9,369,0,0,0,0,0,175,143,42,9,369,0,0,0,369
01/18/2010,BNA,TN,ASO,CE,Combined TRACON& Tower with Radar,231,160,66,0,457,0,5,17,0,22,231,165,83,0,479,0,0,0,479
01/19/2010,BNA,TN,ASO,CE,Combined TRACON& Tower with Radar,245,161,77,12,495,0,3,24,3,30,245,164,101,15,525,0,0,0,525
01/20/2010,BNA,TN,ASO,CE,Combined TRACON& Tower with Radar,234,163,81,11,489,0,1,4,0,5,234,164,85,11,494,0,0,0,494
01/21/2010,BNA,TN,ASO,CE,Combined TRACON& Tower with Radar,243,163,71,7,484,0,0,0,0,0,243,163,71,7,484,2,0,2,486
01/22/2010,BNA,TN,ASO,CE,Combined TRACON& Tower with Radar,250,172,84,18,524,0,0,1,0,1,250,172,85,18,525,0,0,0,525
01/23/2010,BNA,TN,ASO,CE,Combined TRACON& Tower with Radar,162,134,21,0,317,0,1,7,0,8,162,135,28,0,325,0,0,0,325
01/24/2010,BNA,TN,ASO,CE,Combined TRACON& Tower with Radar,189,142,26,7,364,0,1,1,0,2,189,143,27,7,366,0,0,0,366
01/25/2010,BNA,TN,ASO,CE,Combined TRACON& Tower with Radar,231,143,62,9,445,0,8,3,1,12,231,151,65,10,457,0,0,0,457
01/26/2010,BNA,TN,ASO,CE,Combined TRACON& Tower with Radar,236,158,57,10,461,0,14,11,1,26,236,172,68,11,487,0,0,0,487
01/27/2010,BNA,TN,ASO,CE,Combined TRACON& Tower with Radar,236,171,88,9,504,0,9,20,3,32,236,180,108,12,536,0,0,0,536
01/28/2010,BNA,TN,ASO,CE,Combined TRACON& Tower with Radar,236,178,88,9,511,0,11,13,3,27,236,189,101,12,538,0,0,0,538
01/29/2010,BNA,TN,ASO,CE,Combined TRACON& Tower with Radar,197,121,38,0,356,0,1,3,1,5,197,122,41,1,361,0,0,0,361
01/30/2010,BNA,TN,ASO,CE,Combined TRACON& Tower with Radar,132,83,21,2,238,0,0,3,3,6,132,83,24,5,244,0,0,0,244
01/31/2010,BNA,TN,ASO,CE,Combined TRACON& Tower with Radar,172,148,65,4,389,0,6,15,3,24,172,154,80,7,413,0,0,0,413
02/01/2010,BNA,TN,ASO,CE,Combined TRACON& Tower with Radar,234,167,69,3,473,0,10,17,2,29,234,177,86,5,502,0,0,0,502
02/02/2010,BNA,TN,ASO,CE,Combined TRACON& Tower with Radar,239,163,65,11,478,0,8,4,0,12,239,171,69,11,490,0,0,0,490
02/03/2010,BNA,TN,ASO,CE,Combined TRACON& Tower with Radar,238,166,71,14,489,0,5,25,3,33,238,171,96,17,522,0,0,0,522
02/04/2010,BNA,TN,ASO,CE,Combined TRACON& Tower with Radar,240,182,78,13,513,0,4,7,1,12,240,186,85,14,525,0,0,0,525
02/05/2010,BNA,TN,ASO,CE,Combined TRACON& Tower with Radar,235,160,60,6,461,0,0,0,0,0,235,160,60,6,461,0,0,0,461
02/06/2010,BNA,TN,ASO,CE,Combined TRACON& Tower with Radar,157,115,20,7,299,0,3,0,0,3,157,118,20,7,302,0,0,0,302
02/07/2010,BNA,TN,ASO,CE,Combined TRACON& Tower with Radar,156,136,20,8,320,0,1,4,2,7,156,137,24,10,327,0,0,0,327
02/08/2010,BNA,TN,ASO,CE,Combined TRACON& Tower with Radar,214,148,69,9,440,0,6,8,1,15,214,154,77,10,455,2,0,2,457
02/09/2010,BNA,TN,ASO,CE,Combined TRACON& Tower with Radar,235,155,52,6,448,0,3,0,0,3,235,158,52,6,451,0,0,0,451
02/10/2010,BNA,TN,ASO,CE,Combined TRACON& Tower with Radar,211,122,66,13,412,0,4,8,3,15,211,126,74,16,427,0,0,0,427
02/11/2010,BNA,TN,ASO,CE,Combined TRACON& Tower with Radar,210,157,99,14,480,0,7,15,4,26,210,164,114,18,506,0,0,0,506
02/12/2010,BNA,TN,ASO,CE,Combined TRACON& Tower with Radar,226,181,67,7,481,0,10,19,4,33,226,191,86,11,514,0,0,0,514
02/13/2010,BNA,TN,ASO,CE,Combined TRACON& Tower with Radar,176,151,33,2,362,0,0,3,1,4,176,151,36,3,366,0,0,0,366
02/14/2010,BNA,TN,ASO,CE,Combined TRACON& Tower with Radar,185,135,16,2,338,0,1,2,0,3,185,136,18,2,341,0,0,0,341
02/15/2010,BNA,TN,ASO,CE,Combined TRACON& Tower with Radar,220,145,83,0,448,0,5,0,0,5,220,150,83,0,453,0,0,0,453
02/16/2010,BNA,TN,ASO,CE,Combined TRACON& Tower with Radar,228,162,64,5,459,0,3,7,0,10,228,165,71,5,469,0,0,0,469
02/17/2010,BNA,TN,ASO,CE,Combined TRACON& Tower with Radar,246,181,84,10,521,0,5,15,2,22,246,186,99,12,543,0,0,0,543
02/18/2010,BNA,TN,ASO,CE,Combined TRACON& Tower with Radar,233,166,63,6,468,0,9,26,4,39,233,175,89,10,507,0,0,0,507
02/19/2010,BNA,TN,ASO,CE,Combined TRACON& Tower with Radar,238,169,75,11,493,0,9,21,3,33,238,178,96,14,526,0,0,0,526
02/20/2010,BNA,TN,ASO,CE,Combined TRACON& Tower with Radar,169,138,42,9,358,0,9,23,7,39,169,147,65,16,397,0,0,0,397
02/21/2010,BNA,TN,ASO,CE,Combined TRACON& Tower with Radar,190,140,44,9,383,0,4,3,0,7,190,144,47,9,390,0,0,0,390
02/22/2010,BNA,TN,ASO,CE,Combined TRACON& Tower with Radar,229,172,51,9,461,0,1,0,0,1,229,173,51,9,462,0,0,0,462
02/23/2010,BNA,TN,ASO,CE,Combined TRACON& Tower with Radar,238,170,61,13,482,0,5,2,0,7,238,175,63,13,489,0,0,0,489
02/24/2010,BNA,TN,ASO,CE,Combined TRACON& Tower with Radar,231,169,72,8,480,0,8,14,5,27,231,177,86,13,507,0,0,0,507
02/25/2010,BNA,TN,ASO,CE,Combined TRACON& Tower with Radar,237,172,81,19,509,0,12,14,4,30,237,184,95,23,539,0,0,0,539
02/26/2010,BNA,TN,ASO,CE,Combined TRACON& Tower with Radar,228,141,77,21,467,0,15,14,2,31,228,156,91,23,498,0,0,0,498
02/27/2010,BNA,TN,ASO,CE,Combined TRACON& Tower with Radar,172,132,41,14,359,0,8,15,3,26,172,140,56,17,385,0,0,0,385
02/28/2010,BNA,TN,ASO,CE,Combined TRACON& Tower with Radar,189,153,49,4,395,0,3,10,8,21,189,156,59,12,416,0,0,0,416
03/01/2010,BNA,TN,ASO,CE,Combined TRACON& Tower with Radar,225,160,85,6,476,0,11,19,2,32,225,171,104,8,508,0,0,0,508
03/02/2010,BNA,TN,ASO,CE,Combined TRACON& Tower with Radar,231,155,68,1,455,0,5,3,4,12,231,160,71,5,467,0,0,0,467
03/03/2010,BNA,TN,ASO,CE,Combined TRACON& Tower with Radar,236,164,83,14,497,0,5,2,1,8,236,169,85,15,505,0,0,0,505
03/04/2010,BNA,TN,ASO,CE,Combined TRACON& Tower with Radar,241,176,80,5,502,0,10,40,5,55,241,186,120,10,557,0,0,0,557
03/05/2010,BNA,TN,ASO,CE,Combined TRACON& Tower with Radar,243,154,70,5,472,0,13,28,1,42,243,167,98,6,514,0,0,0,514
03/06/2010,BNA,TN,ASO,CE,Combined TRACON& Tower with Radar,172,132,15,7,326,0,15,18,5,38,172,147,33,12,364,0,0,0,364
03/07/2010,BNA,TN,ASO,CE,Combined TRACON& Tower with Radar,180,156,42,10,388,0,5,10,3,18,180,161,52,13,406,2,0,2,408
03/08/2010,BNA,TN,ASO,CE,Combined TRACON& Tower with Radar,236,159,48,9,452,0,8,12,5,25,236,167,60,14,477,0,0,0,477
03/09/2010,BNA,TN,ASO,CE,Combined TRACON& Tower with Radar,239,176,62,18,495,0,8,8,4,20,239,184,70,22,515,0,0,0,515
03/10/2010,BNA,TN,ASO,CE,Combined TRACON& Tower with Radar,236,189,91,13,529,0,5,4,3,12,236,194,95,16,541,0,0,0,541
03/11/2010,BNA,TN,ASO,CE,Combined TRACON& Tower with Radar,244,187,114,12,557,0,6,4,3,13,244,193,118,15,570,0,0,0,570
03/12/2010,BNA,TN,ASO,CE,Combined TRACON& Tower with Radar,241,174,96,8,519,0,5,6,1,12,241,179,102,9,531,0,0,0,531
03/13/2010,BNA,TN,ASO,CE,Combined TRACON& Tower with Radar,187,143,52,7,389,0,2,3,1,6,187,145,55,8,395,0,0,0,395
03/14/2010,BNA,TN,ASO,CE,Combined TRACON& Tower with Radar,195,150,89,1,435,0,0,1,1,2,195,150,90,2,437,0,0,0,437
03/15/2010,BNA,TN,ASO,CE,Combined TRACON& Tower with Radar,230,163,76,8,477,0,1,6,0,7,230,164,82,8,484,0,0,0,484
03/16/2010,BNA,TN,ASO,CE,Combined TRACON& Tower with Radar,247,172,53,15,487,0,4,4,4,12,247,176,57,19,499,0,0,0,499
03/17/2010,BNA,TN,ASO,CE,Combined TRACON& Tower with Radar,250,165,68,13,496,0,4,8,7,19,250,169,76,20,515,0,0,0,515
03/18/2010,BNA,TN,ASO,CE,Combined TRACON& Tower with Radar,240,165,63,9,477,0,12,15,6,33,240,177,78,15,510,0,0,0,510
03/19/2010,BNA,TN,ASO,CE,Combined TRACON& Tower with Radar,243,169,47,9,468,0,5,28,4,37,243,174,75,13,505,0,0,0,505
03/20/2010,BNA,TN,ASO,CE,Combined TRACON& Tower with Radar,198,145,49,0,392,0,5,13,1,19,198,150,62,1,411,0,0,0,411
03/21/2010,BNA,TN,ASO,CE,Combined TRACON& Tower with Radar,194,155,53,3,405,0,1,6,0,7,194,156,59,3,412,0,0,0,412
03/22/2010,BNA,TN,ASO,CE,Combined TRACON& Tower with Radar,242,158,36,9,445,0,1,2,1,4,242,159,38,10,449,0,0,0,449
03/23/2010,BNA,TN,ASO,CE,Combined TRACON& Tower with Radar,240,166,76,10,492,0,8,21,6,35,240,174,97,16,527,0,0,0,527
03/24/2010,BNA,TN,ASO,CE,Combined TRACON& Tower with Radar,232,157,57,10,456,0,12,26,6,44,232,169,83,16,500,0,0,0,500
03/25/2010,BNA,TN,ASO,CE,Combined TRACON& Tower with Radar,232,175,65,7,479,0,2,4,2,8,232,177,69,9,487,0,0,0,487
03/26/2010,BNA,TN,ASO,CE,Combined TRACON& Tower with Radar,248,177,99,9,533,0,5,16,0,21,248,182,115,9,554,0,0,0,554
03/27/2010,BNA,TN,ASO,CE,Combined TRACON& Tower with Radar,199,135,45,0,379,0,7,21,0,28,199,142,66,0,407,0,0,0,407
03/28/2010,BNA,TN,ASO,CE,Combined TRACON& Tower with Radar,196,150,28,2,376,0,0,1,0,1,196,150,29,2,377,0,0,0,377
03/29/2010,BNA,TN,ASO,CE,Combined TRACON& Tower with Radar,229,168,63,4,464,0,4,11,10,25,229,172,74,14,489,0,2,2,491
03/30/2010,BNA,TN,ASO,CE,Combined TRACON& Tower with Radar,241,173,65,7,486,0,5,20,4,29,241,178,85,11,515,0,0,0,515
03/31/2010,BNA,TN,ASO,CE,Combined TRACON& Tower with Radar,241,168,78,4,491,0,13,35,2,50,241,181,113,6,541,0,0,0,541
04/01/2010,BNA,TN,ASO,CE,Combined TRACON& Tower with Radar,235,184,59,5,483,0,9,21,6,36,235,193,80,11,519,0,0,0,519
04/02/2010,BNA,TN,ASO,CE,Combined TRACON& Tower with Radar,248,172,52,2,474,0,8,30,4,42,248,180,82,6,516,0,0,0,516
04/03/2010,BNA,TN,ASO,CE,Combined TRACON& Tower with Radar,209,137,34,3,383,0,2,15,1,18,209,139,49,4,401,0,0,0,401
04/04/2010,BNA,TN,ASO,CE,Combined TRACON& Tower with Radar,189,154,40,4,387,0,4,12,1,17,189,158,52,5,404,0,0,0,404
04/05/2010,BNA,TN,ASO,CE,Combined TRACON& Tower with Radar,230,168,68,10,476,0,7,15,2,24,230,175,83,12,500,0,0,0,500
04/06/2010,BNA,TN,ASO,CE,Combined TRACON& Tower with Radar,239,161,63,7,470,0,9,19,8,36,239,170,82,15,506,0,0,0,506
04/07/2010,BNA,TN,ASO,CE,Combined TRACON& Tower with Radar,248,150,65,5,468,0,4,10,5,19,248,154,75,10,487,0,0,0,487
04/08/2010,BNA,TN,ASO,CE,Combined TRACON& Tower with Radar,242,166,71,6,485,0,2,8,9,19,242,168,79,15,504,0,0,0,504
04/09/2010,BNA,TN,ASO,CE,Combined TRACON& Tower with Radar,245,157,73,13,488,0,9,30,7,46,245,166,103,20,534,0,0,0,534
04/10/2010,BNA,TN,ASO,CE,Combined TRACON& Tower with Radar,214,133,60,9,416,0,4,16,5,25,214,137,76,14,441,0,0,0,441
04/11/2010,BNA,TN,ASO,CE,Combined TRACON& Tower with Radar,200,139,56,10,405,0,6,23,7,36,200,145,79,17,441,0,0,0,441
04/12/2010,BNA,TN,ASO,CE,Combined TRACON& Tower with Radar,231,147,49,7,434,0,5,20,3,28,231,152,69,10,462,0,0,0,462
04/13/2010,BNA,TN,ASO,CE,Combined TRACON& Tower with Radar,253,142,63,4,462,0,9,16,6,31,253,151,79,10,493,0,0,0,493
04/14/2010,BNA,TN,ASO,CE,Combined TRACON& Tower with Radar,245,145,78,5,473,0,6,19,8,33,245,151,97,13,506,0,0,0,506
04/15/2010,BNA,TN,ASO,CE,Combined TRACON& Tower with Radar,245,156,69,4,474,0,6,18,4,28,245,162,87,8,502,0,0,0,502
04/16/2010,BNA,TN,ASO,CE,Combined TRACON& Tower with Radar,246,161,85,16,508,0,10,19,12,41,246,171,104,28,549,0,0,0,549
04/17/2010,BNA,TN,ASO,CE,Combined TRACON& Tower with Radar,211,124,35,5,375,0,3,11,2,16,211,127,46,7,391,0,0,0,391
04/18/2010,BNA,TN,ASO,CE,Combined TRACON& Tower with Radar,196,140,45,7,388,0,3,11,4,18,196,143,56,11,406,0,0,0,406
04/19/2010,BNA,TN,ASO,CE,Combined TRACON& Tower with Radar,242,158,75,5,480,0,9,15,4,28,242,167,90,9,508,0,0,0,508
04/20/2010,BNA,TN,ASO,CE,Combined TRACON& Tower with Radar,249,174,86,13,522,0,8,22,9,39,249,182,108,22,561,0,0,0,561
04/21/2010,BNA,TN,ASO,CE,Combined TRACON& Tower with Radar,245,156,90,7,498,0,4,26,5,35,245,160,116,12,533,0,0,0,533
04/22/2010,BNA,TN,ASO,CE,Combined TRACON& Tower with Radar,241,176,108,12,537,0,8,16,7,31,241,184,124,19,568,0,0,0,568
04/23/2010,BNA,TN,ASO,CE,Combined TRACON& Tower with Radar,252,168,108,9,537,0,10,10,4,24,252,178,118,13,561,0,0,0,561
04/24/2010,BNA,TN,ASO,CE,Combined TRACON& Tower with Radar,207,114,8,0,329,0,0,2,0,2,207,114,10,0,331,0,0,0,331
04/25/2010,BNA,TN,ASO,CE,Combined TRACON& Tower with Radar,199,140,62,9,410,0,0,9,0,9,199,140,71,9,419,0,0,0,419
04/26/2010,BNA,TN,ASO,CE,Combined TRACON& Tower with Radar,238,185,65,7,495,0,1,3,2,6,238,186,68,9,501,2,0,2,503
04/27/2010,BNA,TN,ASO,CE,Combined TRACON& Tower with Radar,245,173,72,10,500,0,2,5,1,8,245,175,77,11,508,0,0,0,508
04/28/2010,BNA,TN,ASO,CE,Combined TRACON& Tower with Radar,244,156,94,8,502,0,6,30,2,38,244,162,124,10,540,2,0,2,542
04/29/2010,BNA,TN,ASO,CE,Combined TRACON& Tower with Radar,247,154,94,9,504,0,9,23,5,37,247,163,117,14,541,0,0,0,541
04/30/2010,BNA,TN,ASO,CE,Combined TRACON& Tower with Radar,248,161,100,4,513,0,7,17,6,30,248,168,117,10,543,0,0,0,543
05/01/2010,BNA,TN,ASO,CE,Combined TRACON& Tower with Radar,196,110,26,0,332,0,1,3,1,5,196,111,29,1,337,0,0,0,337
05/02/2010,BNA,TN,ASO,CE,Combined TRACON& Tower with Radar,153,105,38,0,296,0,0,3,3,6,153,105,41,3,302,0,0,0,302
05/03/2010,BNA,TN,ASO,CE,Combined TRACON& Tower with Radar,230,168,67,2,467,0,3,63,15,81,230,171,130,17,548,0,0,0,548
05/04/2010,BNA,TN,ASO,CE,Combined TRACON& Tower with Radar,244,166,64,3,477,0,10,60,17,87,244,176,124,20,564,0,0,0,564
05/05/2010,BNA,TN,ASO,CE,Combined TRACON& Tower with Radar,249,158,76,6,489,0,5,60,3,68,249,163,136,9,557,0,0,0,557
05/06/2010,BNA,TN,ASO,CE,Combined TRACON& Tower with Radar,243,159,114,11,527,0,6,44,8,58,243,165,158,19,585,0,0,0,585
05/07/2010,BNA,TN,ASO,CE,Combined TRACON& Tower with Radar,249,162,78,10,499,0,4,41,7,52,249,166,119,17,551,0,0,0,551
05/08/2010,BNA,TN,ASO,CE,Combined TRACON& Tower with Radar,206,141,41,5,393,0,7,24,1,32,206,148,65,6,425,0,0,0,425
05/09/2010,BNA,TN,ASO,CE,Combined TRACON& Tower with Radar,193,140,46,9,388,0,4,16,6,26,193,144,62,15,414,0,0,0,414
05/10/2010,BNA,TN,ASO,CE,Combined TRACON& Tower with Radar,247,154,79,8,488,0,1,12,1,14,247,155,91,9,502,0,0,0,502
05/11/2010,BNA,TN,ASO,CE,Combined TRACON& Tower with Radar,263,159,79,9,510,0,2,16,3,21,263,161,95,12,531,0,0,0,531
05/12/2010,BNA,TN,ASO,CE,Combined TRACON& Tower with Radar,254,163,84,4,505,0,3,22,4,29,254,166,106,8,534,0,0,0,534
05/13/2010,BNA,TN,ASO,CE,Combined TRACON& Tower with Radar,262,161,80,6,509,0,8,12,6,26,262,169,92,12,535,4,0,4,539
05/14/2010,BNA,TN,ASO,CE,Combined TRACON& Tower with Radar,245,169,79,7,500,0,4,14,2,20,245,173,93,9,520,0,0,0,520
05/15/2010,BNA,TN,ASO,CE,Combined TRACON& Tower with Radar,229,146,52,1,428,0,1,1,0,2,229,147,53,1,430,0,0,0,430
05/16/2010,BNA,TN,ASO,CE,Combined TRACON& Tower with Radar,193,165,53,4,415,0,1,2,0,3,193,166,55,4,418,0,0,0,418
05/17/2010,BNA,TN,ASO,CE,Combined TRACON& Tower with Radar,249,164,74,4,491,0,3,4,3,10,249,167,78,7,501,0,0,0,501
05/18/2010,BNA,TN,ASO,CE,Combined TRACON& Tower with Radar,263,166,68,8,505,0,4,9,1,14,263,170,77,9,519,2,0,2,521
05/19/2010,BNA,TN,ASO,CE,Combined TRACON& Tower with Radar,258,155,84,3,500,0,4,34,3,41,258,159,118,6,541,2,0,2,543
05/20/2010,BNA,TN,ASO,CE,Combined TRACON& Tower with Radar,253,179,84,3,519,0,5,7,4,16,253,184,91,7,535,0,0,0,535
05/21/2010,BNA,TN,ASO,CE,Combined TRACON& Tower with Radar,271,160,74,6,511,0,1,3,1,5,271,161,77,7,516,0,0,0,516
05/22/2010,BNA,TN,ASO,CE,Combined TRACON& Tower with Radar,225,140,33,1,399,0,1,9,0,10,225,141,42,1,409,0,0,0,409
05/23/2010,BNA,TN,ASO,CE,Combined TRACON& Tower with Radar,197,138,43,6,384,0,4,11,0,15,197,142,54,6,399,0,0,0,399
05/24/2010,BNA,TN,ASO,CE,Combined TRACON& Tower with Radar,254,150,49,3,456,0,6,27,4,37,254,156,76,7,493,0,0,0,493
05/25/2010,BNA,TN,ASO,CE,Combined TRACON& Tower with Radar,259,164,74,3,500,0,11,20,9,40,259,175,94,12,540,0,0,0,540
05/26/2010,BNA,TN,ASO,CE,Combined TRACON& Tower with Radar,257,159,77,3,496,0,10,23,7,40,257,169,100,10,536,0,0,0,536
05/27/2010,BNA,TN,ASO,CE,Combined TRACON& Tower with Radar,263,155,85,5,508,0,7,22,5,34,263,162,107,10,542,0,0,0,542
05/28/2010,BNA,TN,ASO,CE,Combined TRACON& Tower with Radar,259,159,62,4,484,0,7,10,1,18,259,166,72,5,502,0,0,0,502
05/29/2010,BNA,TN,ASO,CE,Combined TRACON& Tower with Radar,221,131,21,0,373,0,4,7,0,11,221,135,28,0,384,0,0,0,384
05/30/2010,BNA,TN,ASO,CE,Combined TRACON& Tower with Radar,171,120,23,1,315,0,4,8,1,13,171,124,31,2,328,0,0,0,328
05/31/2010,BNA,TN,ASO,CE,Combined TRACON& Tower with Radar,212,140,39,1,392,0,4,4,2,10,212,144,43,3,402,0,0,0,402
06/01/2010,BNA,TN,ASO,CE,Combined TRACON& Tower with Radar,272,151,61,5,489,0,12,10,3,25,272,163,71,8,514,0,0,0,514
06/02/2010,BNA,TN,ASO,CE,Combined TRACON& Tower with Radar,261,152,71,7,491,0,3,9,6,18,261,155,80,13,509,0,0,0,509
06/03/2010,BNA,TN,ASO,CE,Combined TRACON& Tower with Radar,261,158,82,5,506,0,5,13,7,25,261,163,95,12,531,0,0,0,531
06/04/2010,BNA,TN,ASO,CE,Combined TRACON& Tower with Radar,273,159,66,7,505,0,7,23,3,33,273,166,89,10,538,0,0,0,538
06/05/2010,BNA,TN,ASO,CE,Combined TRACON& Tower with Radar,219,128,36,2,385,0,2,9,7,18,219,130,45,9,403,0,0,0,403
06/06/2010,BNA,TN,ASO,CE,Combined TRACON& Tower with Radar,209,132,28,12,381,0,4,7,6,17,209,136,35,18,398,0,0,0,398
06/07/2010,BNA,TN,ASO,CE,Combined TRACON& Tower with Radar,249,159,43,5,456,0,19,20,2,41,249,178,63,7,497,0,0,0,497
06/08/2010,BNA,TN,ASO,CE,Combined TRACON& Tower with Radar,255,148,70,6,479,0,8,17,7,32,255,156,87,13,511,0,0,0,511
06/09/2010,BNA,TN,ASO,CE,Combined TRACON& Tower with Radar,267,168,70,6,511,0,7,2,2,11,267,175,72,8,522,0,0,0,522
06/10/2010,BNA,TN,ASO,CE,Combined TRACON& Tower with Radar,256,168,99,5,528,0,4,15,8,27,256,172,114,13,555,0,0,0,555
06/11/2010,BNA,TN,ASO,CE,Combined TRACON& Tower with Radar,255,165,49,10,479,0,6,10,5,21,255,171,59,15,500,0,0,0,500
06/12/2010,BNA,TN,ASO,CE,Combined TRACON& Tower with Radar,211,143,30,1,385,0,4,13,3,20,211,147,43,4,405,0,0,0,405
06/13/2010,BNA,TN,ASO,CE,Combined TRACON& Tower with Radar,211,160,46,7,424,0,5,13,1,19,211,165,59,8,443,0,0,0,443
06/14/2010,BNA,TN,ASO,CE,Combined TRACON& Tower with Radar,247,163,61,12,483,0,14,13,1,28,247,177,74,13,511,0,0,0,511
06/15/2010,BNA,TN,ASO,CE,Combined TRACON& Tower with Radar,268,164,83,7,522,0,6,19,3,28,268,170,102,10,550,0,0,0,550
06/16/2010,BNA,TN,ASO,CE,Combined TRACON& Tower with Radar,263,171,71,7,512,0,8,11,3,22,263,179,82,10,534,0,0,0,534
06/17/2010,BNA,TN,ASO,CE,Combined TRACON& Tower with Radar,259,178,78,4,519,0,6,13,0,19,259,184,91,4,538,0,0,0,538
06/18/2010,BNA,TN,ASO,CE,Combined TRACON& Tower with Radar,255,166,62,11,494,0,6,16,3,25,255,172,78,14,519,0,0,0,519
06/19/2010,BNA,TN,ASO,CE,Combined TRACON& Tower with Radar,220,143,31,7,401,0,3,13,1,17,220,146,44,8,418,0,0,0,418
06/20/2010,BNA,TN,ASO,CE,Combined TRACON& Tower with Radar,210,142,32,7,391,0,3,9,3,15,210,145,41,10,406,0,0,0,406
06/21/2010,BNA,TN,ASO,CE,Combined TRACON& Tower with Radar,240,156,67,11,474,0,3,15,3,21,240,159,82,14,495,0,0,0,495
06/22/2010,BNA,TN,ASO,CE,Combined TRACON& Tower with Radar,258,159,67,12,496,0,17,16,4,37,258,176,83,16,533,0,0,0,533
06/23/2010,BNA,TN,ASO,CE,Combined TRACON& Tower with Radar,266,145,93,9,513,0,7,7,4,18,266,152,100,13,531,0,0,0,531
06/24/2010,BNA,TN,ASO,CE,Combined TRACON& Tower with Radar,258,174,71,9,512,0,8,12,6,26,258,182,83,15,538,0,0,0,538
06/25/2010,BNA,TN,ASO,CE,Combined TRACON& Tower with Radar,267,169,70,14,520,0,7,11,7,25,267,176,81,21,545,0,0,0,545
06/26/2010,BNA,TN,ASO,CE,Combined TRACON& Tower with Radar,223,137,16,4,380,0,0,5,0,5,223,137,21,4,385,0,0,0,385
06/27/2010,BNA,TN,ASO,CE,Combined TRACON& Tower with Radar,209,138,37,11,395,0,5,7,4,16,209,143,44,15,411,0,0,0,411
06/28/2010,BNA,TN,ASO,CE,Combined TRACON& Tower with Radar,243,161,63,4,471,0,6,7,1,14,243,167,70,5,485,0,0,0,485
06/29/2010,BNA,TN,ASO,CE,Combined TRACON& Tower with Radar,267,163,63,10,503,0,7,14,11,32,267,170,77,21,535,0,0,0,535
06/30/2010,BNA,TN,ASO,CE,Combined TRACON& Tower with Radar,277,171,69,6,523,0,13,14,6,33,277,184,83,12,556,0,0,0,556
07/01/2010,BNA,TN,ASO,CE,Combined TRACON& Tower with Radar,266,166,61,10,503,0,6,18,4,28,266,172,79,14,531,0,0,0,531
07/02/2010,BNA,TN,ASO,CE,Combined TRACON& Tower with Radar,252,160,31,0,443,0,6,21,3,30,252,166,52,3,473,0,0,0,473
07/03/2010,BNA,TN,ASO,CE,Combined TRACON& Tower with Radar,216,146,28,3,393,0,3,15,3,21,216,149,43,6,414,0,0,0,414
07/04/2010,BNA,TN,ASO,CE,Combined TRACON& Tower with Radar,160,106,19,1,286,0,6,4,4,14,160,112,23,5,300,0,0,0,300
07/05/2010,BNA,TN,ASO,CE,Combined TRACON& Tower with Radar,206,153,27,2,388,0,9,12,4,25,206,162,39,6,413,0,0,0,413
07/06/2010,BNA,TN,ASO,CE,Combined TRACON& Tower with Radar,249,158,47,12,466,0,15,24,5,44,249,173,71,17,510,0,0,0,510
07/07/2010,BNA,TN,ASO,CE,Combined TRACON& Tower with Radar,273,157,71,8,509,0,10,14,3,27,273,167,85,11,536,0,0,0,536
07/08/2010,BNA,TN,ASO,CE,Combined TRACON& Tower with Radar,250,171,73,7,501,0,9,19,1,29,250,180,92,8,530,0,0,0,530
07/09/2010,BNA,TN,ASO,CE,Combined TRACON& Tower with Radar,259,164,48,12,483,0,8,21,4,33,259,172,69,16,516,0,0,0,516
07/10/2010,BNA,TN,ASO,CE,Combined TRACON& Tower with Radar,227,157,31,2,417,0,3,8,0,11,227,160,39,2,428,0,0,0,428
07/11/2010,BNA,TN,ASO,CE,Combined TRACON& Tower with Radar,205,145,37,5,392,0,0,12,0,12,205,145,49,5,404,0,0,0,404
07/12/2010,BNA,TN,ASO,CE,Combined TRACON& Tower with Radar,243,184,44,7,478,0,0,1,1,2,243,184,45,8,480,0,0,0,480
07/13/2010,BNA,TN,ASO,CE,Combined TRACON& Tower with Radar,265,174,55,5,499,0,4,4,4,12,265,178,59,9,511,0,0,0,511
07/14/2010,BNA,TN,ASO,CE,Combined TRACON& Tower with Radar,260,161,73,7,501,0,14,18,4,36,260,175,91,11,537,4,0,4,541
07/15/2010,BNA,TN,ASO,CE,Combined TRACON& Tower with Radar,250,160,71,5,486,0,9,11,7,27,250,169,82,12,513,0,0,0,513
07/16/2010,BNA,TN,ASO,CE,Combined TRACON& Tower with Radar,255,166,53,9,483,0,5,15,6,26,255,171,68,15,509,0,0,0,509
07/17/2010,BNA,TN,ASO,CE,Combined TRACON& Tower with Radar,217,139,38,13,407,0,3,9,2,14,217,142,47,15,421,0,0,0,421
07/18/2010,BNA,TN,ASO,CE,Combined TRACON& Tower with Radar,200,141,42,4,387,0,1,11,1,13,200,142,53,5,400,0,0,0,400
07/19/2010,BNA,TN,ASO,CE,Combined TRACON& Tower with Radar,247,163,53,5,468,0,0,8,3,11,247,163,61,8,479,0,0,0,479
07/20/2010,BNA,TN,ASO,CE,Combined TRACON& Tower with Radar,255,174,74,9,512,0,11,14,5,30,255,185,88,14,542,0,0,0,542
07/21/2010,BNA,TN,ASO,CE,Combined TRACON& Tower with Radar,254,170,81,4,509,0,8,17,3,28,254,178,98,7,537,0,0,0,537
07/22/2010,BNA,TN,ASO,CE,Combined TRACON& Tower with Radar,260,160,83,5,508,0,10,14,5,29,260,170,97,10,537,0,0,0,537
07/23/2010,BNA,TN,ASO,CE,Combined TRACON& Tower with Radar,260,154,59,9,482,0,7,21,4,32,260,161,80,13,514,0,0,0,514
07/24/2010,BNA,TN,ASO,CE,Combined TRACON& Tower with Radar,219,134,45,21,419,0,7,16,5,28,219,141,61,26,447,0,0,0,447
07/25/2010,BNA,TN,ASO,CE,Combined TRACON& Tower with Radar,214,143,51,14,422,0,3,11,2,16,214,146,62,16,438,0,0,0,438
07/26/2010,BNA,TN,ASO,CE,Combined TRACON& Tower with Radar,239,166,47,7,459,0,4,6,3,13,239,170,53,10,472,0,0,0,472
07/27/2010,BNA,TN,ASO,CE,Combined TRACON& Tower with Radar,269,166,80,1,516,0,3,13,6,22,269,169,93,7,538,4,0,4,542
07/28/2010,BNA,TN,ASO,CE,Combined TRACON& Tower with Radar,248,161,52,6,467,0,11,17,3,31,248,172,69,9,498,0,0,0,498
07/29/2010,BNA,TN,ASO,CE,Combined TRACON& Tower with Radar,259,171,74,5,509,0,5,16,2,23,259,176,90,7,532,0,0,0,532
07/30/2010,BNA,TN,ASO,CE,Combined TRACON& Tower with Radar,263,192,53,11,519,0,7,17,10,34,263,199,70,21,553,0,0,0,553
07/31/2010,BNA,TN,ASO,CE,Combined TRACON& Tower with Radar,209,141,40,0,390,0,1,8,0,9,209,142,48,0,399,0,0,0,399
08/01/2010,BNA,TN,ASO,CE,Combined TRACON& Tower with Radar,202,137,49,7,395,0,3,13,1,17,202,140,62,8,412,0,0,0,412
08/02/2010,BNA,TN,ASO,CE,Combined TRACON& Tower with Radar,252,171,65,7,495,0,5,16,6,27,252,176,81,13,522,0,0,0,522
08/03/2010,BNA,TN,ASO,CE,Combined TRACON& Tower with Radar,255,158,63,6,482,0,5,15,10,30,255,163,78,16,512,0,0,0,512
08/04/2010,BNA,TN,ASO,CE,Combined TRACON& Tower with Radar,244,161,61,11,477,0,6,11,10,27,244,167,72,21,504,0,0,0,504
08/05/2010,BNA,TN,ASO,CE,Combined TRACON& Tower with Radar,250,148,73,2,473,0,5,10,5,20,250,153,83,7,493,0,0,0,493
08/06/2010,BNA,TN,ASO,CE,Combined TRACON& Tower with Radar,272,164,65,17,518,0,4,12,5,21,272,168,77,22,539,0,0,0,539
08/07/2010,BNA,TN,ASO,CE,Combined TRACON& Tower with Radar,210,133,30,3,376,0,15,8,4,27,210,148,38,7,403,0,0,0,403
08/08/2010,BNA,TN,ASO,CE,Combined TRACON& Tower with Radar,199,141,30,18,388,0,6,14,3,23,199,147,44,21,411,2,0,2,413
08/09/2010,BNA,TN,ASO,CE,Combined TRACON& Tower with Radar,256,156,48,11,471,0,0,8,3,11,256,156,56,14,482,0,0,0,482
08/10/2010,BNA,TN,ASO,CE,Combined TRACON& Tower with Radar,258,170,62,7,497,0,8,18,5,31,258,178,80,12,528,0,0,0,528
08/11/2010,BNA,TN,ASO,CE,Combined TRACON& Tower with Radar,257,171,80,8,516,0,5,18,4,27,257,176,98,12,543,0,0,0,543
08/12/2010,BNA,TN,ASO,CE,Combined TRACON& Tower with Radar,247,169,51,3,470,0,3,16,6,25,247,172,67,9,495,0,0,0,495
08/13/2010,BNA,TN,ASO,CE,Combined TRACON& Tower with Radar,262,154,57,8,481,0,9,18,5,32,262,163,75,13,513,0,0,0,513
08/14/2010,BNA,TN,ASO,CE,Combined TRACON& Tower with Radar,209,151,28,8,396,0,2,8,1,11,209,153,36,9,407,0,0,0,407
08/15/2010,BNA,TN,ASO,CE,Combined TRACON& Tower with Radar,201,137,30,7,375,0,0,8,1,9,201,137,38,8,384,0,0,0,384
08/16/2010,BNA,TN,ASO,CE,Combined TRACON& Tower with Radar,239,163,65,6,473,0,4,11,4,19,239,167,76,10,492,0,0,0,492
08/17/2010,BNA,TN,ASO,CE,Combined TRACON& Tower with Radar,251,145,70,6,472,0,6,19,5,30,251,151,89,11,502,0,0,0,502
08/18/2010,BNA,TN,ASO,CE,Combined TRACON& Tower with Radar,255,161,78,0,494,0,0,2,2,4,255,161,80,2,498,0,0,0,498
08/19/2010,BNA,TN,ASO,CE,Combined TRACON& Tower with Radar,261,181,100,4,546,0,4,7,6,17,261,185,107,10,563,6,0,6,569
08/20/2010,BNA,TN,ASO,CE,Combined TRACON& Tower with Radar,250,172,67,12,501,0,7,28,4,39,250,179,95,16,540,0,0,0,540
08/21/2010,BNA,TN,ASO,CE,Combined TRACON& Tower with Radar,203,135,27,6,371,0,1,5,2,8,203,136,32,8,379,0,0,0,379
08/22/2010,BNA,TN,ASO,CE,Combined TRACON& Tower with Radar,196,150,40,7,393,0,4,11,5,20,196,154,51,12,413,0,0,0,413
08/23/2010,BNA,TN,ASO,CE,Combined TRACON& Tower with Radar,251,153,82,4,490,0,10,12,2,24,251,163,94,6,514,0,0,0,514
08/24/2010,BNA,TN,ASO,CE,Combined TRACON& Tower with Radar,250,149,78,8,485,0,8,24,7,39,250,157,102,15,524,0,0,0,524
08/25/2010,BNA,TN,ASO,CE,Combined TRACON& Tower with Radar,259,157,83,12,511,0,3,22,1,26,259,160,105,13,537,0,0,0,537
08/26/2010,BNA,TN,ASO,CE,Combined TRACON& Tower with Radar,255,148,87,14,504,0,13,17,2,32,255,161,104,16,536,0,0,0,536
08/27/2010,BNA,TN,ASO,CE,Combined TRACON& Tower with Radar,257,151,47,7,462,0,9,10,2,21,257,160,57,9,483,0,0,0,483
08/28/2010,BNA,TN,ASO,CE,Combined TRACON& Tower with Radar,197,123,35,2,357,0,6,11,4,21,197,129,46,6,378,0,0,0,378
08/29/2010,BNA,TN,ASO,CE,Combined TRACON& Tower with Radar,212,130,40,4,386,0,2,8,2,12,212,132,48,6,398,0,0,0,398
08/30/2010,BNA,TN,ASO,CE,Combined TRACON& Tower with Radar,248,151,61,5,465,0,10,16,4,30,248,161,77,9,495,0,0,0,495
08/31/2010,BNA,TN,ASO,CE,Combined TRACON& Tower with Radar,262,156,63,6,487,0,3,19,10,32,262,159,82,16,519,0,0,0,519
09/01/2010,BNA,TN,ASO,CE,Combined TRACON& Tower with Radar,258,150,99,4,511,0,9,30,4,43,258,159,129,8,554,0,0,0,554
09/02/2010,BNA,TN,ASO,CE,Combined TRACON& Tower with Radar,253,171,61,10,495,0,1,37,10,48,253,172,98,20,543,0,0,0,543
09/03/2010,BNA,TN,ASO,CE,Combined TRACON& Tower with Radar,260,162,82,13,517,0,4,18,7,29,260,166,100,20,546,0,0,0,546
09/04/2010,BNA,TN,ASO,CE,Combined TRACON& Tower with Radar,190,125,34,14,363,0,3,14,2,19,190,128,48,16,382,0,0,0,382
09/05/2010,BNA,TN,ASO,CE,Combined TRACON& Tower with Radar,174,111,32,1,318,0,2,7,1,10,174,113,39,2,328,0,0,0,328
09/06/2010,BNA,TN,ASO,CE,Combined TRACON& Tower with Radar,204,135,31,4,374,0,11,14,1,26,204,146,45,5,400,0,0,0,400
09/07/2010,BNA,TN,ASO,CE,Combined TRACON& Tower with Radar,239,155,63,15,472,0,6,19,5,30,239,161,82,20,502,0,0,0,502
09/08/2010,BNA,TN,ASO,CE,Combined TRACON& Tower with Radar,265,150,52,6,473,0,14,15,4,33,265,164,67,10,506,0,0,0,506
09/09/2010,BNA,TN,ASO,CE,Combined TRACON& Tower with Radar,270,169,86,4,529,0,6,16,5,27,270,175,102,9,556,0,0,0,556
09/10/2010,BNA,TN,ASO,CE,Combined TRACON& Tower with Radar,276,170,108,6,560,0,3,4,2,9,276,173,112,8,569,0,0,0,569
09/11/2010,BNA,TN,ASO,CE,Combined TRACON& Tower with Radar,209,129,45,10,393,0,6,15,0,21,209,135,60,10,414,0,0,0,414
09/12/2010,BNA,TN,ASO,CE,Combined TRACON& Tower with Radar,212,148,86,5,451,0,2,12,4,18,212,150,98,9,469,0,0,0,469
09/13/2010,BNA,TN,ASO,CE,Combined TRACON& Tower with Radar,240,161,63,7,471,0,6,18,5,29,240,167,81,12,500,0,0,0,500
09/14/2010,BNA,TN,ASO,CE,Combined TRACON& Tower with Radar,259,166,76,7,508,0,10,7,4,21,259,176,83,11,529,0,0,0,529
09/15/2010,BNA,TN,ASO,CE,Combined TRACON& Tower with Radar,260,172,75,5,512,0,10,14,7,31,260,182,89,12,543,0,0,0,543
09/16/2010,BNA,TN,ASO,CE,Combined TRACON& Tower with Radar,253,164,79,6,502,0,9,11,4,24,253,173,90,10,526,0,0,0,526
09/17/2010,BNA,TN,ASO,CE,Combined TRACON& Tower with Radar,260,159,74,3,496,0,10,29,3,42,260,169,103,6,538,0,0,0,538
09/18/2010,BNA,TN,ASO,CE,Combined TRACON& Tower with Radar,204,121,42,2,369,0,9,26,11,46,204,130,68,13,415,0,0,0,415
09/19/2010,BNA,TN,ASO,CE,Combined TRACON& Tower with Radar,197,142,69,8,416,0,12,11,7,30,197,154,80,15,446,0,0,0,446
09/20/2010,BNA,TN,ASO,CE,Combined TRACON& Tower with Radar,250,158,71,3,482,0,2,16,9,27,250,160,87,12,509,0,0,0,509
09/21/2010,BNA,TN,ASO,CE,Combined TRACON& Tower with Radar,257,162,72,6,497,0,13,23,9,45,257,175,95,15,542,0,0,0,542
09/22/2010,BNA,TN,ASO,CE,Combined TRACON& Tower with Radar,252,155,68,8,483,0,14,13,6,33,252,169,81,14,516,0,0,0,516
09/23/2010,BNA,TN,ASO,CE,Combined TRACON& Tower with Radar,258,161,73,8,500,0,18,21,7,46,258,179,94,15,546,0,0,0,546
09/24/2010,BNA,TN,ASO,CE,Combined TRACON& Tower with Radar,263,148,86,6,503,0,13,20,6,39,263,161,106,12,542,0,0,0,542
09/25/2010,BNA,TN,ASO,CE,Combined TRACON& Tower with Radar,208,116,44,0,368,0,4,21,0,25,208,120,65,0,393,0,0,0,393
09/26/2010,BNA,TN,ASO,CE,Combined TRACON& Tower with Radar,215,139,46,4,404,0,7,6,2,15,215,146,52,6,419,0,0,0,419
09/27/2010,BNA,TN,ASO,CE,Combined TRACON& Tower with Radar,251,149,53,5,458,0,1,10,3,14,251,150,63,8,472,0,0,0,472
09/28/2010,BNA,TN,ASO,CE,Combined TRACON& Tower with Radar,262,151,94,11,518,0,6,16,7,29,262,157,110,18,547,0,0,0,547
09/29/2010,BNA,TN,ASO,CE,Combined TRACON& Tower with Radar,260,157,71,8,496,0,11,23,2,36,260,168,94,10,532,0,0,0,532
09/30/2010,BNA,TN,ASO,CE,Combined TRACON& Tower with Radar,258,159,95,3,515,0,5,25,5,35,258,164,120,8,550,0,0,0,550
10/01/2010,BNA,TN,ASO,CE,Combined TRACON& Tower with Radar,258,155,71,4,488,0,7,21,0,28,258,162,92,4,516,0,0,0,516
10/02/2010,BNA,TN,ASO,CE,Combined TRACON& Tower with Radar,207,117,60,8,392,0,10,22,4,36,207,127,82,12,428,0,0,0,428
10/03/2010,BNA,TN,ASO,CE,Combined TRACON& Tower with Radar,218,127,63,8,416,0,4,8,5,17,218,131,71,13,433,0,0,0,433
10/04/2010,BNA,TN,ASO,CE,Combined TRACON& Tower with Radar,248,148,55,6,457,0,14,24,1,39,248,162,79,7,496,0,0,0,496
10/05/2010,BNA,TN,ASO,CE,Combined TRACON& Tower with Radar,271,156,96,8,531,0,2,21,5,28,271,158,117,13,559,0,0,0,559
10/06/2010,BNA,TN,ASO,CE,Combined TRACON& Tower with Radar,262,157,74,14,507,0,3,20,1,24,262,160,94,15,531,0,0,0,531
10/07/2010,BNA,TN,ASO,CE,Combined TRACON& Tower with Radar,265,153,62,7,487,0,4,20,3,27,265,157,82,10,514,0,0,0,514
10/08/2010,BNA,TN,ASO,CE,Combined TRACON& Tower with Radar,264,169,89,8,530,0,6,25,4,35,264,175,114,12,565,0,0,0,565
10/09/2010,BNA,TN,ASO,CE,Combined TRACON& Tower with Radar,205,123,39,1,368,0,6,9,1,16,205,129,48,2,384,0,0,0,384
10/10/2010,BNA,TN,ASO,CE,Combined TRACON& Tower with Radar,221,131,48,5,405,0,11,12,1,24,221,142,60,6,429,0,0,0,429
10/11/2010,BNA,TN,ASO,CE,Combined TRACON& Tower with Radar,258,140,52,3,453,0,17,21,2,40,258,157,73,5,493,0,0,0,493
10/12/2010,BNA,TN,ASO,CE,Combined TRACON& Tower with Radar,260,151,72,11,494,0,8,18,4,30,260,159,90,15,524,0,0,0,524
10/13/2010,BNA,TN,ASO,CE,Combined TRACON& Tower with Radar,271,159,108,10,548,0,8,12,0,20,271,167,120,10,568,0,0,0,568
10/14/2010,BNA,TN,ASO,CE,Combined TRACON& Tower with Radar,271,167,77,3,518,0,6,29,8,43,271,173,106,11,561,0,0,0,561
10/15/2010,BNA,TN,ASO,CE,Combined TRACON& Tower with Radar,267,163,85,3,518,0,11,18,1,30,267,174,103,4,548,0,0,0,548
10/16/2010,BNA,TN,ASO,CE,Combined TRACON& Tower with Radar,204,135,35,1,375,0,8,18,1,27,204,143,53,2,402,0,0,0,402
10/17/2010,BNA,TN,ASO,CE,Combined TRACON& Tower with Radar,220,148,51,7,426,0,11,16,2,29,220,159,67,9,455,0,0,0,455
10/18/2010,BNA,TN,ASO,CE,Combined TRACON& Tower with Radar,250,144,62,3,459,0,12,13,4,29,250,156,75,7,488,0,0,0,488
10/19/2010,BNA,TN,ASO,CE,Combined TRACON& Tower with Radar,271,156,68,6,501,0,9,16,3,28,271,165,84,9,529,0,0,0,529
10/20/2010,BNA,TN,ASO,CE,Combined TRACON& Tower with Radar,270,152,81,7,510,0,7,18,6,31,270,159,99,13,541,0,0,0,541
10/21/2010,BNA,TN,ASO,CE,Combined TRACON& Tower with Radar,263,160,78,6,507,0,9,31,6,46,263,169,109,12,553,0,0,0,553
10/22/2010,BNA,TN,ASO,CE,Combined TRACON& Tower with Radar,267,164,85,13,529,0,7,29,2,38,267,171,114,15,567,0,0,0,567
10/23/2010,BNA,TN,ASO,CE,Combined TRACON& Tower with Radar,218,114,32,3,367,0,8,13,3,24,218,122,45,6,391,0,0,0,391
10/24/2010,BNA,TN,ASO,CE,Combined TRACON& Tower with Radar,227,141,62,5,435,0,12,13,6,31,227,153,75,11,466,0,0,0,466
10/25/2010,BNA,TN,ASO,CE,Combined TRACON& Tower with Radar,261,161,67,13,502,0,2,6,4,12,261,163,73,17,514,0,0,0,514
10/26/2010,BNA,TN,ASO,CE,Combined TRACON& Tower with Radar,267,144,44,5,460,0,2,1,0,3,267,146,45,5,463,0,0,0,463
10/27/2010,BNA,TN,ASO,CE,Combined TRACON& Tower with Radar,263,152,95,17,527,0,9,26,5,40,263,161,121,22,567,2,0,2,569
10/28/2010,BNA,TN,ASO,CE,Combined TRACON& Tower with Radar,259,164,117,11,551,0,7,25,6,38,259,171,142,17,589,0,0,0,589
10/29/2010,BNA,TN,ASO,CE,Combined TRACON& Tower with Radar,272,149,74,7,502,0,18,21,2,41,272,167,95,9,543,0,0,0,543
10/30/2010,BNA,TN,ASO,CE,Combined TRACON& Tower with Radar,209,119,34,0,362,0,13,11,1,25,209,132,45,1,387,0,0,0,387
10/31/2010,BNA,TN,ASO,CE,Combined TRACON& Tower with Radar,206,122,42,0,370,0,8,16,1,25,206,130,58,1,395,0,0,0,395
11/01/2010,BNA,TN,ASO,CE,Combined TRACON& Tower with Radar,251,146,63,13,473,0,10,30,3,43,251,156,93,16,516,0,0,0,516
11/02/2010,BNA,TN,ASO,CE,Combined TRACON& Tower with Radar,255,141,67,6,469,0,8,15,6,29,255,149,82,12,498,0,0,0,498
11/03/2010,BNA,TN,ASO,CE,Combined TRACON& Tower with Radar,258,152,71,9,490,0,4,2,1,7,258,156,73,10,497,0,0,0,497
11/04/2010,BNA,TN,ASO,CE,Combined TRACON& Tower with Radar,249,168,107,12,536,0,5,6,5,16,249,173,113,17,552,0,0,0,552
11/05/2010,BNA,TN,ASO,CE,Combined TRACON& Tower with Radar,268,165,77,10,520,0,6,3,13,22,268,171,80,23,542,0,0,0,542
11/06/2010,BNA,TN,ASO,CE,Combined TRACON& Tower with Radar,204,120,47,15,386,0,8,15,8,31,204,128,62,23,417,0,0,0,417
11/07/2010,BNA,TN,ASO,CE,Combined TRACON& Tower with Radar,214,148,49,8,419,0,13,21,4,38,214,161,70,12,457,0,0,0,457
11/08/2010,BNA,TN,ASO,CE,Combined TRACON& Tower with Radar,243,149,65,11,468,0,13,14,8,35,243,162,79,19,503,0,0,0,503
11/09/2010,BNA,TN,ASO,CE,Combined TRACON& Tower with Radar,252,143,100,10,505,0,16,29,2,47,252,159,129,12,552,0,0,0,552
11/10/2010,BNA,TN,ASO,CE,Combined TRACON& Tower with Radar,246,149,89,9,493,0,15,14,5,34,246,164,103,14,527,6,0,6,533
11/11/2010,BNA,TN,ASO,CE,Combined TRACON& Tower with Radar,252,162,116,3,533,0,9,22,10,41,252,171,138,13,574,0,0,0,574
11/12/2010,BNA,TN,ASO,CE,Combined TRACON& Tower with Radar,260,135,70,3,468,0,8,30,10,48,260,143,100,13,516,0,0,0,516
11/13/2010,BNA,TN,ASO,CE,Combined TRACON& Tower with Radar,204,122,33,5,364,0,5,14,5,24,204,127,47,10,388,0,0,0,388
11/14/2010,BNA,TN,ASO,CE,Combined TRACON& Tower with Radar,211,144,38,4,397,0,3,4,2,9,211,147,42,6,406,0,0,0,406
11/15/2010,BNA,TN,ASO,CE,Combined TRACON& Tower with Radar,245,152,68,12,477,0,1,0,0,1,245,153,68,12,478,0,0,0,478
11/16/2010,BNA,TN,ASO,CE,Combined TRACON& Tower with Radar,257,147,77,6,487,0,0,2,1,3,257,147,79,7,490,0,0,0,490
11/17/2010,BNA,TN,ASO,CE,Combined TRACON& Tower with Radar,248,156,98,13,515,0,5,7,2,14,248,161,105,15,529,0,0,0,529
11/18/2010,BNA,TN,ASO,CE,Combined TRACON& Tower with Radar,250,163,97,13,523,0,8,20,3,31,250,171,117,16,554,0,0,0,554
11/19/2010,BNA,TN,ASO,CE,Combined TRACON& Tower with Radar,254,169,92,18,533,0,5,15,2,22,254,174,107,20,555,0,0,0,555
11/20/2010,BNA,TN,ASO,CE,Combined TRACON& Tower with Radar,199,125,43,4,371,0,8,10,1,19,199,133,53,5,390,0,0,0,390
11/21/2010,BNA,TN,ASO,CE,Combined TRACON& Tower with Radar,208,147,67,9,431,0,3,7,2,12,208,150,74,11,443,0,0,0,443
11/22/2010,BNA,TN,ASO,CE,Combined TRACON& Tower with Radar,242,128,58,7,435,0,12,17,6,35,242,140,75,13,470,0,0,0,470
11/23/2010,BNA,TN,ASO,CE,Combined TRACON& Tower with Radar,258,161,56,6,481,0,6,9,3,18,258,167,65,9,499,0,0,0,499
11/24/2010,BNA,TN,ASO,CE,Combined TRACON& Tower with Radar,248,152,67,1,468,0,6,15,3,24,248,158,82,4,492,0,0,0,492
11/25/2010,BNA,TN,ASO,CE,Combined TRACON& Tower with Radar,182,98,19,0,299,0,2,2,0,4,182,100,21,0,303,0,0,0,303
11/26/2010,BNA,TN,ASO,CE,Combined TRACON& Tower with Radar,172,101,25,0,298,0,7,12,1,20,172,108,37,1,318,0,0,0,318
11/27/2010,BNA,TN,ASO,CE,Combined TRACON& Tower with Radar,206,137,42,0,385,0,6,15,1,22,206,143,57,1,407,0,0,0,407
11/28/2010,BNA,TN,ASO,CE,Combined TRACON& Tower with Radar,235,151,69,0,455,0,4,15,1,20,235,155,84,1,475,0,0,0,475
11/29/2010,BNA,TN,ASO,CE,Combined TRACON& Tower with Radar,262,149,63,9,483,0,5,11,4,20,262,154,74,13,503,0,0,0,503
11/30/2010,BNA,TN,ASO,CE,Combined TRACON& Tower with Radar,253,158,70,6,487,0,0,0,0,0,253,158,70,6,487,0,0,0,487
12/01/2010,BNA,TN,ASO,CE,Combined TRACON& Tower with Radar,248,139,97,9,493,0,8,17,4,29,248,147,114,13,522,0,0,0,522
12/02/2010,BNA,TN,ASO,CE,Combined TRACON& Tower with Radar,249,163,88,10,510,0,8,33,5,46,249,171,121,15,556,0,0,0,556
12/03/2010,BNA,TN,ASO,CE,Combined TRACON& Tower with Radar,249,148,78,7,482,0,9,33,1,43,249,157,111,8,525,0,0,0,525
12/04/2010,BNA,TN,ASO,CE,Combined TRACON& Tower with Radar,192,121,42,17,372,0,4,9,2,15,192,125,51,19,387,0,0,0,387
12/05/2010,BNA,TN,ASO,CE,Combined TRACON& Tower with Radar,216,151,56,12,435,0,2,5,0,7,216,153,61,12,442,0,0,0,442
12/06/2010,BNA,TN,ASO,CE,Combined TRACON& Tower with Radar,239,145,54,16,454,0,6,11,2,19,239,151,65,18,473,0,0,0,473
12/07/2010,BNA,TN,ASO,CE,Combined TRACON& Tower with Radar,248,141,71,7,467,0,11,11,8,30,248,152,82,15,497,0,0,0,497
12/08/2010,BNA,TN,ASO,CE,Combined TRACON& Tower with Radar,252,144,65,6,467,0,5,30,8,43,252,149,95,14,510,0,0,0,510
12/09/2010,BNA,TN,ASO,CE,Combined TRACON& Tower with Radar,260,170,111,8,549,0,3,25,6,34,260,173,136,14,583,0,0,0,583
12/10/2010,BNA,TN,ASO,CE,Combined TRACON& Tower with Radar,258,144,100,11,513,0,9,12,5,26,258,153,112,16,539,0,0,0,539
12/11/2010,BNA,TN,ASO,CE,Combined TRACON& Tower with Radar,191,120,25,4,340,0,0,0,0,0,191,120,25,4,340,0,0,0,340
12/12/2010,BNA,TN,ASO,CE,Combined TRACON& Tower with Radar,161,86,29,3,279,0,0,0,0,0,161,86,29,3,279,0,0,0,279
12/13/2010,BNA,TN,ASO,CE,Combined TRACON& Tower with Radar,232,139,39,0,410,0,7,2,0,9,232,146,41,0,419,0,0,0,419
12/14/2010,BNA,TN,ASO,CE,Combined TRACON& Tower with Radar,255,129,54,12,450,0,10,12,7,29,255,139,66,19,479,4,0,4,483
12/15/2010,BNA,TN,ASO,CE,Combined TRACON& Tower with Radar,220,127,82,0,429,0,3,8,2,13,220,130,90,2,442,0,0,0,442
12/16/2010,BNA,TN,ASO,CE,Combined TRACON& Tower with Radar,245,163,73,6,487,0,0,0,0,0,245,163,73,6,487,0,0,0,487
12/17/2010,BNA,TN,ASO,CE,Combined TRACON& Tower with Radar,265,173,80,7,525,0,1,7,0,8,265,174,87,7,533,0,0,0,533
12/18/2010,BNA,TN,ASO,CE,Combined TRACON& Tower with Radar,207,149,39,7,402,0,5,3,1,9,207,154,42,8,411,0,0,0,411
12/19/2010,BNA,TN,ASO,CE,Combined TRACON& Tower with Radar,214,143,44,3,404,0,4,9,2,15,214,147,53,5,419,0,0,0,419
12/20/2010,BNA,TN,ASO,CE,Combined TRACON& Tower with Radar,226,149,57,6,438,0,13,27,7,47,226,162,84,13,485,0,0,0,485
12/21/2010,BNA,TN,ASO,CE,Combined TRACON& Tower with Radar,249,146,60,11,466,0,4,2,0,6,249,150,62,11,472,2,0,2,474
12/22/2010,BNA,TN,ASO,CE,Combined TRACON& Tower with Radar,247,175,59,2,483,0,3,5,1,9,247,178,64,3,492,0,0,0,492
12/23/2010,BNA,TN,ASO,CE,Combined TRACON& Tower with Radar,255,143,50,1,449,0,9,14,1,24,255,152,64,2,473,0,0,0,473
12/24/2010,BNA,TN,ASO,CE,Combined TRACON& Tower with Radar,210,117,11,0,338,0,8,2,0,10,210,125,13,0,348,0,0,0,348
12/25/2010,BNA,TN,ASO,CE,Combined TRACON& Tower with Radar,162,99,14,0,275,0,0,0,0,0,162,99,14,0,275,0,0,0,275
12/26/2010,BNA,TN,ASO,CE,Combined TRACON& Tower with Radar,192,129,47,0,368,0,0,0,0,0,192,129,47,0,368,0,0,0,368
12/27/2010,BNA,TN,ASO,CE,Combined TRACON& Tower with Radar,228,138,36,0,402,0,0,9,0,9,228,138,45,0,411,0,0,0,411
12/28/2010,BNA,TN,ASO,CE,Combined TRACON& Tower with Radar,241,142,29,0,412,0,5,23,0,28,241,147,52,0,440,0,0,0,440
12/29/2010,BNA,TN,ASO,CE,Combined TRACON& Tower with Radar,239,146,57,2,444,0,1,7,0,8,239,147,64,2,452,0,0,0,452
12/30/2010,BNA,TN,ASO,CE,Combined TRACON& Tower with Radar,249,139,55,0,443,0,5,5,0,10,249,144,60,0,453,0,0,0,453
12/31/2010,BNA,TN,ASO,CE,Combined TRACON& Tower with Radar,211,141,37,0,389,0,3,0,0,3,211,144,37,0,392,0,0,0,392
01/01/2011,BNA,TN,ASO,CE,Combined TRACON& Tower with Radar,163,116,23,0,302,0,3,3,0,6,163,119,26,0,308,0,0,0,308
01/02/2011,BNA,TN,ASO,CE,Combined TRACON& Tower with Radar,207,134,58,0,399,0,3,9,1,13,207,137,67,1,412,0,0,0,412
01/03/2011,BNA,TN,ASO,CE,Combined TRACON& Tower with Radar,254,146,34,0,434,0,6,19,1,26,254,152,53,1,460,0,0,0,460
01/04/2011,BNA,TN,ASO,CE,Combined TRACON& Tower with Radar,251,153,44,2,450,0,10,16,6,32,251,163,60,8,482,0,0,0,482
01/05/2011,BNA,TN,ASO,CE,Combined TRACON& Tower with Radar,249,138,56,7,450,0,0,7,1,8,249,138,63,8,458,0,0,0,458
01/06/2011,BNA,TN,ASO,CE,Combined TRACON& Tower with Radar,241,153,66,8,468,0,2,22,3,27,241,155,88,11,495,2,0,2,497
01/07/2011,BNA,TN,ASO,CE,Combined TRACON& Tower with Radar,243,147,49,3,442,0,4,6,4,14,243,151,55,7,456,0,0,0,456
01/08/2011,BNA,TN,ASO,CE,Combined TRACON& Tower with Radar,196,120,33,3,352,0,2,2,1,5,196,122,35,4,357,0,0,0,357
01/09/2011,BNA,TN,ASO,CE,Combined TRACON& Tower with Radar,196,126,45,6,373,0,0,9,1,10,196,126,54,7,383,0,0,0,383
01/10/2011,BNA,TN,ASO,CE,Combined TRACON& Tower with Radar,231,121,27,1,380,0,0,1,0,1,231,121,28,1,381,0,0,0,381
01/11/2011,BNA,TN,ASO,CE,Combined TRACON& Tower with Radar,207,118,50,1,376,0,0,0,0,0,207,118,50,1,376,0,0,0,376
01/12/2011,BNA,TN,ASO,CE,Combined TRACON& Tower with Radar,243,142,75,4,464,0,0,4,1,5,243,142,79,5,469,0,0,0,469
01/13/2011,BNA,TN,ASO,CE,Combined TRACON& Tower with Radar,246,141,85,7,479,0,10,8,4,22,246,151,93,11,501,0,0,0,501
01/14/2011,BNA,TN,ASO,CE,Combined TRACON& Tower with Radar,250,144,80,8,482,0,10,29,4,43,250,154,109,12,525,0,0,0,525
01/15/2011,BNA,TN,ASO,CE,Combined TRACON& Tower with Radar,183,120,37,0,340,0,1,21,3,25,183,121,58,3,365,0,0,0,365
01/16/2011,BNA,TN,ASO,CE,Combined TRACON& Tower with Radar,193,114,40,2,349,0,3,11,3,17,193,117,51,5,366,0,0,0,366
01/17/2011,BNA,TN,ASO,CE,Combined TRACON& Tower with Radar,231,137,39,2,409,0,1,10,1,12,231,138,49,3,421,0,0,0,421
01/18/2011,BNA,TN,ASO,CE,Combined TRACON& Tower with Radar,239,144,67,9,459,0,1,1,0,2,239,145,68,9,461,0,0,0,461
01/19/2011,BNA,TN,ASO,CE,Combined TRACON& Tower with Radar,255,156,98,13,522,0,0,8,1,9,255,156,106,14,531,0,0,0,531
01/20/2011,BNA,TN,ASO,CE,Combined TRACON& Tower with Radar,245,141,59,8,453,0,0,0,1,1,245,141,59,9,454,0,0,0,454
01/21/2011,BNA,TN,ASO,CE,Combined TRACON& Tower with Radar,252,152,73,3,480,0,4,14,2,20,252,156,87,5,500,0,0,0,500
01/22/2011,BNA,TN,ASO,CE,Combined TRACON& Tower with Radar,183,107,28,0,318,0,2,10,3,15,183,109,38,3,333,0,0,0,333
01/23/2011,BNA,TN,ASO,CE,Combined TRACON& Tower with Radar,196,131,36,1,364,0,1,5,0,6,196,132,41,1,370,2,0,2,372
01/24/2011,BNA,TN,ASO,CE,Combined TRACON& Tower with Radar,237,148,42,5,432,0,3,6,3,12,237,151,48,8,444,0,0,0,444
01/25/2011,BNA,TN,ASO,CE,Combined TRACON& Tower with Radar,241,140,63,7,451,0,0,0,1,1,241,140,63,8,452,0,0,0,452
01/26/2011,BNA,TN,ASO,CE,Combined TRACON& Tower with Radar,237,123,82,7,449,0,0,0,5,5,237,123,82,12,454,0,0,0,454
01/27/2011,BNA,TN,ASO,CE,Combined TRACON& Tower with Radar,242,134,69,8,453,0,3,18,7,28,242,137,87,15,481,0,0,0,481
01/28/2011,BNA,TN,ASO,CE,Combined TRACON& Tower with Radar,248,150,91,10,499,0,8,13,4,25,248,158,104,14,524,0,0,0,524
01/29/2011,BNA,TN,ASO,CE,Combined TRACON& Tower with Radar,184,120,42,2,348,0,9,29,2,40,184,129,71,4,388,0,0,0,388
01/30/2011,BNA,TN,ASO,CE,Combined TRACON& Tower with Radar,198,138,48,4,388,0,1,6,2,9,198,139,54,6,397,0,0,0,397
01/31/2011,BNA,TN,ASO,CE,Combined TRACON& Tower with Radar,235,145,61,11,452,0,0,2,1,3,235,145,63,12,455,0,0,0,455
02/01/2011,BNA,TN,ASO,CE,Combined TRACON& Tower with Radar,203,117,45,2,367,0,0,0,0,0,203,117,45,2,367,0,0,0,367
02/02/2011,BNA,TN,ASO,CE,Combined TRACON& Tower with Radar,200,105,41,8,354,0,7,8,7,22,200,112,49,15,376,0,0,0,376
02/03/2011,BNA,TN,ASO,CE,Combined TRACON& Tower with Radar,246,125,74,1,446,0,10,21,0,31,246,135,95,1,477,2,0,2,479
02/04/2011,BNA,TN,ASO,CE,Combined TRACON& Tower with Radar,232,136,47,2,417,0,1,9,0,10,232,137,56,2,427,0,0,0,427
02/05/2011,BNA,TN,ASO,CE,Combined TRACON& Tower with Radar,186,107,35,4,332,0,1,0,0,1,186,108,35,4,333,0,0,0,333
02/06/2011,BNA,TN,ASO,CE,Combined TRACON& Tower with Radar,203,112,29,2,346,0,7,7,1,15,203,119,36,3,361,0,0,0,361
02/07/2011,BNA,TN,ASO,CE,Combined TRACON& Tower with Radar,236,130,62,9,437,0,0,3,1,4,236,130,65,10,441,0,0,0,441
02/08/2011,BNA,TN,ASO,CE,Combined TRACON& Tower with Radar,256,139,76,7,478,0,3,11,8,22,256,142,87,15,500,0,0,0,500
02/09/2011,BNA,TN,ASO,CE,Combined TRACON& Tower with Radar,239,152,65,6,462,0,4,6,2,12,239,156,71,8,474,0,0,0,474
02/10/2011,BNA,TN,ASO,CE,Combined TRACON& Tower with Radar,253,177,70,0,500,0,6,15,0,21,253,183,85,0,521,0,0,0,521
02/11/2011,BNA,TN,ASO,CE,Combined TRACON& Tower with Radar,250,158,67,3,478,0,5,24,3,32,250,163,91,6,510,0,0,0,510
02/12/2011,BNA,TN,ASO,CE,Combined TRACON& Tower with Radar,180,106,19,5,310,0,3,18,3,24,180,109,37,8,334,0,0,0,334
02/13/2011,BNA,TN,ASO,CE,Combined TRACON& Tower with Radar,211,102,31,5,349,0,10,14,3,27,211,112,45,8,376,0,0,0,376
02/14/2011,BNA,TN,ASO,CE,Combined TRACON& Tower with Radar,240,144,55,9,448,0,5,23,7,35,240,149,78,16,483,0,0,0,483
02/15/2011,BNA,TN,ASO,CE,Combined TRACON& Tower with Radar,254,153,56,8,471,0,5,22,3,30,254,158,78,11,501,0,0,0,501
02/16/2011,BNA,TN,ASO,CE,Combined TRACON& Tower with Radar,247,160,65,6,478,0,13,25,6,44,247,173,90,12,522,2,0,2,524
02/17/2011,BNA,TN,ASO,CE,Combined TRACON& Tower with Radar,249,167,102,2,520,0,8,25,9,42,249,175,127,11,562,0,0,0,562
02/18/2011,BNA,TN,ASO,CE,Combined TRACON& Tower with Radar,239,171,83,0,493,0,1,18,2,21,239,172,101,2,514,0,0,0,514
02/19/2011,BNA,TN,ASO,CE,Combined TRACON& Tower with Radar,169,122,44,18,353,0,0,17,0,17,169,122,61,18,370,0,0,0,370
02/20/2011,BNA,TN,ASO,CE,Combined TRACON& Tower with Radar,203,106,42,1,352,0,4,9,0,13,203,110,51,1,365,0,0,0,365
02/21/2011,BNA,TN,ASO,CE,Combined TRACON& Tower with Radar,210,140,61,3,414,0,1,7,1,9,210,141,68,4,423,0,0,0,423
02/22/2011,BNA,TN,ASO,CE,Combined TRACON& Tower with Radar,248,169,71,6,494,0,0,15,3,18,248,169,86,9,512,0,0,0,512
02/23/2011,BNA,TN,ASO,CE,Combined TRACON& Tower with Radar,247,164,98,8,517,0,6,40,5,51,247,170,138,13,568,0,0,0,568
02/24/2011,BNA,TN,ASO,CE,Combined TRACON& Tower with Radar,238,166,75,11,490,0,1,4,1,6,238,167,79,12,496,0,0,0,496
02/25/2011,BNA,TN,ASO,CE,Combined TRACON& Tower with Radar,241,141,101,9,492,0,7,20,4,31,241,148,121,13,523,0,0,0,523
02/26/2011,BNA,TN,ASO,CE,Combined TRACON& Tower with Radar,175,130,54,7,366,0,5,30,2,37,175,135,84,9,403,0,0,0,403
02/27/2011,BNA,TN,ASO,CE,Combined TRACON& Tower with Radar,206,129,52,18,405,0,6,6,3,15,206,135,58,21,420,0,0,0,420
02/28/2011,BNA,TN,ASO,CE,Combined TRACON& Tower with Radar,237,154,39,4,434,0,2,4,0,6,237,156,43,4,440,0,0,0,440
03/01/2011,BNA,TN,ASO,CE,Combined TRACON& Tower with Radar,240,162,85,5,492,0,15,36,4,55,240,177,121,9,547,0,0,0,547
03/02/2011,BNA,TN,ASO,CE,Combined TRACON& Tower with Radar,251,160,104,12,527,0,12,29,4,45,251,172,133,16,572,0,0,0,572
03/03/2011,BNA,TN,ASO,CE,Combined TRACON& Tower with Radar,242,144,84,7,477,0,15,35,5,55,242,159,119,12,532,0,0,0,532
03/04/2011,BNA,TN,ASO,CE,Combined TRACON& Tower with Radar,248,155,87,6,496,0,6,11,5,22,248,161,98,11,518,0,0,0,518
03/05/2011,BNA,TN,ASO,CE,Combined TRACON& Tower with Radar,178,134,33,1,346,0,0,1,1,2,178,134,34,2,348,0,0,0,348
03/06/2011,BNA,TN,ASO,CE,Combined TRACON& Tower with Radar,207,115,60,2,384,0,4,5,4,13,207,119,65,6,397,0,0,0,397
03/07/2011,BNA,TN,ASO,CE,Combined TRACON& Tower with Radar,236,142,86,8,472,0,7,11,2,20,236,149,97,10,492,0,0,0,492
03/08/2011,BNA,TN,ASO,CE,Combined TRACON& Tower with Radar,248,146,85,5,484,0,16,13,2,31,248,162,98,7,515,0,0,0,515
03/09/2011,BNA,TN,ASO,CE,Combined TRACON& Tower with Radar,254,149,59,10,472,0,3,8,1,12,254,152,67,11,484,0,0,0,484
03/10/2011,BNA,TN,ASO,CE,Combined TRACON& Tower with Radar,244,175,64,10,493,0,5,3,2,10,244,180,67,12,503,0,0,0,503
03/11/2011,BNA,TN,ASO,CE,Combined TRACON& Tower with Radar,254,149,67,9,479,0,9,41,3,53,254,158,108,12,532,0,0,0,532
03/12/2011,BNA,TN,ASO,CE,Combined TRACON& Tower with Radar,213,123,27,6,369,0,6,13,7,26,213,129,40,13,395,0,0,0,395
03/13/2011,BNA,TN,ASO,CE,Combined TRACON& Tower with Radar,217,128,33,4,382,0,5,7,4,16,217,133,40,8,398,0,0,0,398
03/14/2011,BNA,TN,ASO,CE,Combined TRACON& Tower with Radar,242,150,41,6,439,0,0,0,4,4,242,150,41,10,443,0,0,0,443
03/15/2011,BNA,TN,ASO,CE,Combined TRACON& Tower with Radar,271,148,49,11,479,0,0,8,5,13,271,148,57,16,492,0,0,0,492
03/16/2011,BNA,TN,ASO,CE,Combined TRACON& Tower with Radar,261,152,80,6,499,0,0,26,2,28,261,152,106,8,527,0,0,0,527
03/17/2011,BNA,TN,ASO,CE,Combined TRACON& Tower with Radar,259,148,78,5,490,0,9,42,7,58,259,157,120,12,548,0,0,0,548
03/18/2011,BNA,TN,ASO,CE,Combined TRACON& Tower with Radar,262,154,59,9,484,0,4,23,4,31,262,158,82,13,515,0,0,0,515
03/19/2011,BNA,TN,ASO,CE,Combined TRACON& Tower with Radar,220,151,51,5,427,0,1,12,0,13,220,152,63,5,440,0,0,0,440
03/20/2011,BNA,TN,ASO,CE,Combined TRACON& Tower with Radar,214,129,56,9,408,0,2,9,0,11,214,131,65,9,419,0,0,0,419
03/21/2011,BNA,TN,ASO,CE,Combined TRACON& Tower with Radar,253,141,64,10,468,0,11,23,4,38,253,152,87,14,506,0,0,0,506
03/22/2011,BNA,TN,ASO,CE,Combined TRACON& Tower with Radar,265,139,69,14,487,0,11,20,4,35,265,150,89,18,522,0,0,0,522
03/23/2011,BNA,TN,ASO,CE,Combined TRACON& Tower with Radar,252,134,70,9,465,0,3,10,5,18,252,137,80,14,483,0,0,0,483
03/24/2011,BNA,TN,ASO,CE,Combined TRACON& Tower with Radar,262,143,85,15,505,0,8,18,4,30,262,151,103,19,535,0,0,0,535
03/25/2011,BNA,TN,ASO,CE,Combined TRACON& Tower with Radar,264,167,63,10,504,0,7,28,2,37,264,174,91,12,541,0,0,0,541
03/26/2011,BNA,TN,ASO,CE,Combined TRACON& Tower with Radar,215,131,27,0,373,0,1,7,0,8,215,132,34,0,381,0,0,0,381
03/27/2011,BNA,TN,ASO,CE,Combined TRACON& Tower with Radar,217,130,47,5,399,0,0,9,0,9,217,130,56,5,408,0,0,0,408
03/28/2011,BNA,TN,ASO,CE,Combined TRACON& Tower with Radar,243,159,55,8,465,0,2,7,2,11,243,161,62,10,476,0,0,0,476
03/29/2011,BNA,TN,ASO,CE,Combined TRACON& Tower with Radar,268,150,78,9,505,0,4,21,4,29,268,154,99,13,534,0,0,0,534
03/30/2011,BNA,TN,ASO,CE,Combined TRACON& Tower with Radar,258,161,93,8,520,0,0,2,0,2,258,161,95,8,522,0,0,0,522
03/31/2011,BNA,TN,ASO,CE,Combined TRACON& Tower with Radar,247,160,73,8,488,0,3,18,3,24,247,163,91,11,512,0,0,0,512
04/01/2011,BNA,TN,ASO,CE,Combined TRACON& Tower with Radar,272,168,67,13,520,0,0,23,4,27,272,168,90,17,547,0,0,0,547
04/02/2011,BNA,TN,ASO,CE,Combined TRACON& Tower with Radar,223,124,33,7,387,0,4,18,6,28,223,128,51,13,415,0,0,0,415
04/03/2011,BNA,TN,ASO,CE,Combined TRACON& Tower with Radar,204,118,31,7,360,0,10,10,5,25,204,128,41,12,385,0,0,0,385
04/04/2011,BNA,TN,ASO,CE,Combined TRACON& Tower with Radar,239,140,45,1,425,0,0,1,0,1,239,140,46,1,426,0,0,0,426
04/05/2011,BNA,TN,ASO,CE,Combined TRACON& Tower with Radar,256,149,82,3,490,0,13,19,3,35,256,162,101,6,525,0,0,0,525
04/06/2011,BNA,TN,ASO,CE,Combined TRACON& Tower with Radar,262,152,85,14,513,0,17,23,2,42,262,169,108,16,555,0,0,0,555
04/07/2011,BNA,TN,ASO,CE,Combined TRACON& Tower with Radar,260,170,101,10,541,0,8,34,8,50,260,178,135,18,591,0,0,0,591
04/08/2011,BNA,TN,ASO,CE,Combined TRACON& Tower with Radar,261,155,63,10,489,0,3,15,3,21,261,158,78,13,510,0,0,0,510
04/09/2011,BNA,TN,ASO,CE,Combined TRACON& Tower with Radar,228,135,51,0,414,0,1,13,0,14,228,136,64,0,428,0,0,0,428
04/10/2011,BNA,TN,ASO,CE,Combined TRACON& Tower with Radar,220,140,48,1,409,0,0,13,0,13,220,140,61,1,422,0,0,0,422
04/11/2011,BNA,TN,ASO,CE,Combined TRACON& Tower with Radar,248,149,48,3,448,0,4,5,1,10,248,153,53,4,458,0,0,0,458
04/12/2011,BNA,TN,ASO,CE,Combined TRACON& Tower with Radar,256,142,71,8,477,0,9,23,8,40,256,151,94,16,517,0,0,0,517
04/13/2011,BNA,TN,ASO,CE,Combined TRACON& Tower with Radar,253,155,69,16,493,0,6,45,11,62,253,161,114,27,555,0,0,0,555
04/14/2011,BNA,TN,ASO,CE,Combined TRACON& Tower with Radar,256,161,61,3,481,0,7,44,7,58,256,168,105,10,539,0,0,0,539
04/15/2011,BNA,TN,ASO,CE,Combined TRACON& Tower with Radar,258,144,60,7,469,0,1,10,3,14,258,145,70,10,483,0,0,0,483
04/16/2011,BNA,TN,ASO,CE,Combined TRACON& Tower with Radar,227,118,36,9,390,0,0,20,0,20,227,118,56,9,410,0,0,0,410
04/17/2011,BNA,TN,ASO,CE,Combined TRACON& Tower with Radar,217,133,53,7,410,0,3,33,2,38,217,136,86,9,448,0,0,0,448
04/18/2011,BNA,TN,ASO,CE,Combined TRACON& Tower with Radar,250,153,68,30,501,0,13,46,7,66,250,166,114,37,567,0,0,0,567
04/19/2011,BNA,TN,ASO,CE,Combined TRACON& Tower with Radar,250,156,77,12,495,0,9,30,4,43,250,165,107,16,538,0,0,0,538
04/20/2011,BNA,TN,ASO,CE,Combined TRACON& Tower with Radar,267,151,106,20,544,0,0,7,0,7,267,151,113,20,551,0,0,0,551
04/21/2011,BNA,TN,ASO,CE,Combined TRACON& Tower with Radar,264,186,143,16,609,0,0,24,7,31,264,186,167,23,640,0,0,0,640
04/22/2011,BNA,TN,ASO,CE,Combined TRACON& Tower with Radar,271,147,55,7,480,0,1,15,1,17,271,148,70,8,497,0,0,0,497
04/23/2011,BNA,TN,ASO,CE,Combined TRACON& Tower with Radar,217,143,29,0,389,0,0,13,0,13,217,143,42,0,402,0,0,0,402
04/24/2011,BNA,TN,ASO,CE,Combined TRACON& Tower with Radar,214,132,40,0,386,0,0,3,0,3,214,132,43,0,389,0,0,0,389
04/25/2011,BNA,TN,ASO,CE,Combined TRACON& Tower with Radar,246,147,62,4,459,0,1,18,1,20,246,148,80,5,479,0,0,0,479
04/26/2011,BNA,TN,ASO,CE,Combined TRACON& Tower with Radar,250,150,52,3,455,0,1,2,2,5,250,151,54,5,460,0,0,0,460
04/27/2011,BNA,TN,ASO,CE,Combined TRACON& Tower with Radar,258,138,38,0,434,0,0,1,2,3,258,138,39,2,437,0,0,0,437
04/28/2011,BNA,TN,ASO,CE,Combined TRACON& Tower with Radar,282,155,83,4,524,0,4,26,5,35,282,159,109,9,559,0,0,0,559
04/29/2011,BNA,TN,ASO,CE,Combined TRACON& Tower with Radar,266,161,83,6,516,0,2,43,5,50,266,163,126,11,566,0,0,0,566
04/30/2011,BNA,TN,ASO,CE,Combined TRACON& Tower with Radar,220,145,48,2,415,0,1,15,0,16,220,146,63,2,431,0,0,0,431
05/01/2011,BNA,TN,ASO,CE,Combined TRACON& Tower with Radar,214,129,49,6,398,0,0,4,0,4,214,129,53,6,402,0,0,0,402
05/02/2011,BNA,TN,ASO,CE,Combined TRACON& Tower with Radar,259,157,60,7,483,0,0,0,0,0,259,157,60,7,483,0,0,0,483
05/03/2011,BNA,TN,ASO,CE,Combined TRACON& Tower with Radar,276,158,66,4,504,0,0,5,2,7,276,158,71,6,511,0,0,0,511
05/04/2011,BNA,TN,ASO,CE,Combined TRACON& Tower with Radar,277,164,99,5,545,0,3,24,3,30,277,167,123,8,575,0,0,0,575
05/05/2011,BNA,TN,ASO,CE,Combined TRACON& Tower with Radar,270,172,85,8,535,0,3,34,3,40,270,175,119,11,575,2,0,2,577
05/06/2011,BNA,TN,ASO,CE,Combined TRACON& Tower with Radar,277,160,95,12,544,0,4,21,11,36,277,164,116,23,580,0,0,0,580
05/07/2011,BNA,TN,ASO,CE,Combined TRACON& Tower with Radar,216,147,45,10,418,0,1,12,4,17,216,148,57,14,435,0,0,0,435
05/08/2011,BNA,TN,ASO,CE,Combined TRACON& Tower with Radar,215,125,57,10,407,0,2,10,0,12,215,127,67,10,419,0,0,0,419
05/09/2011,BNA,TN,ASO,CE,Combined TRACON& Tower with Radar,259,143,66,5,473,0,2,22,3,27,259,145,88,8,500,0,0,0,500
05/10/2011,BNA,TN,ASO,CE,Combined TRACON& Tower with Radar,281,145,62,9,497,0,2,20,9,31,281,147,82,18,528,0,0,0,528
05/11/2011,BNA,TN,ASO,CE,Combined TRACON& Tower with Radar,261,150,82,9,502,0,2,29,9,40,261,152,111,18,542,0,0,0,542
05/12/2011,BNA,TN,ASO,CE,Combined TRACON& Tower with Radar,267,164,76,6,513,0,0,20,9,29,267,164,96,15,542,0,0,0,542
05/13/2011,BNA,TN,ASO,CE,Combined TRACON& Tower with Radar,273,166,88,7,534,0,1,10,2,13,273,167,98,9,547,0,0,0,547
05/14/2011,BNA,TN,ASO,CE,Combined TRACON& Tower with Radar,227,132,48,4,411,0,1,6,1,8,227,133,54,5,419,0,0,0,419
05/15/2011,BNA,TN,ASO,CE,Combined TRACON& Tower with Radar,210,113,46,2,371,0,0,0,0,0,210,113,46,2,371,0,0,0,371
05/16/2011,BNA,TN,ASO,CE,Combined TRACON& Tower with Radar,257,164,92,9,522,0,0,9,0,9,257,164,101,9,531,0,0,0,531
05/17/2011,BNA,TN,ASO,CE,Combined TRACON& Tower with Radar,278,153,93,3,527,0,0,24,4,28,278,153,117,7,555,0,0,0,555
05/18/2011,BNA,TN,ASO,CE,Combined TRACON& Tower with Radar,265,154,80,7,506,0,0,22,3,25,265,154,102,10,531,0,0,0,531
05/19/2011,BNA,TN,ASO,CE,Combined TRACON& Tower with Radar,275,170,75,6,526,0,2,35,9,46,275,172,110,15,572,0,0,0,572
05/20/2011,BNA,TN,ASO,CE,Combined TRACON& Tower with Radar,263,164,71,6,504,0,1,31,5,37,263,165,102,11,541,0,0,0,541
05/21/2011,BNA,TN,ASO,CE,Combined TRACON& Tower with Radar,225,127,28,4,384,0,2,19,2,23,225,129,47,6,407,0,0,0,407
05/22/2011,BNA,TN,ASO,CE,Combined TRACON& Tower with Radar,212,122,45,3,382,0,3,2,0,5,212,125,47,3,387,0,0,0,387
05/23/2011,BNA,TN,ASO,CE,Combined TRACON& Tower with Radar,250,155,69,4,478,0,6,12,3,21,250,161,81,7,499,0,0,0,499
05/24/2011,BNA,TN,ASO,CE,Combined TRACON& Tower with Radar,272,158,104,2,536,0,0,13,3,16,272,158,117,5,552,0,0,0,552
05/25/2011,BNA,TN,ASO,CE,Combined TRACON& Tower with Radar,249,141,88,12,490,0,1,12,5,18,249,142,100,17,508,0,0,0,508
05/26/2011,BNA,TN,ASO,CE,Combined TRACON& Tower with Radar,278,167,78,5,528,0,0,5,5,10,278,167,83,10,538,0,0,0,538
05/27/2011,BNA,TN,ASO,CE,Combined TRACON& Tower with Radar,265,170,79,7,521,0,1,18,3,22,265,171,97,10,543,0,0,0,543
05/28/2011,BNA,TN,ASO,CE,Combined TRACON& Tower with Radar,222,129,36,3,390,0,0,17,1,18,222,129,53,4,408,0,0,0,408
05/29/2011,BNA,TN,ASO,CE,Combined TRACON& Tower with Radar,171,111,28,3,313,0,1,5,0,6,171,112,33,3,319,0,0,0,319
05/30/2011,BNA,TN,ASO,CE,Combined TRACON& Tower with Radar,230,123,34,0,387,0,5,13,0,18,230,128,47,0,405,0,0,0,405
05/31/2011,BNA,TN,ASO,CE,Combined TRACON& Tower with Radar,262,145,60,5,472,0,0,20,2,22,262,145,80,7,494,0,0,0,494
06/01/2011,BNA,TN,ASO,CE,Combined TRACON& Tower with Radar,268,152,71,4,495,0,6,33,7,46,268,158,104,11,541,0,0,0,541
06/02/2011,BNA,TN,ASO,CE,Combined TRACON& Tower with Radar,273,157,89,5,524,0,3,28,6,37,273,160,117,11,561,2,0,2,563
06/03/2011,BNA,TN,ASO,CE,Combined TRACON& Tower with Radar,277,162,69,24,532,0,0,22,7,29,277,162,91,31,561,0,0,0,561
06/04/2011,BNA,TN,ASO,CE,Combined TRACON& Tower with Radar,214,131,28,7,380,0,2,28,1,31,214,133,56,8,411,0,0,0,411
06/05/2011,BNA,TN,ASO,CE,Combined TRACON& Tower with Radar,220,131,37,12,400,0,1,19,4,24,220,132,56,16,424,0,0,0,424
06/06/2011,BNA,TN,ASO,CE,Combined TRACON& Tower with Radar,262,165,61,4,492,0,4,20,6,30,262,169,81,10,522,0,0,0,522
06/07/2011,BNA,TN,ASO,CE,Combined TRACON& Tower with Radar,277,151,73,11,512,0,3,16,2,21,277,154,89,13,533,0,0,0,533
06/08/2011,BNA,TN,ASO,CE,Combined TRACON& Tower with Radar,274,153,80,7,514,0,0,32,4,36,274,153,112,11,550,0,0,0,550
06/09/2011,BNA,TN,ASO,CE,Combined TRACON& Tower with Radar,277,144,101,15,537,0,1,30,3,34,277,145,131,18,571,0,0,0,571
06/10/2011,BNA,TN,ASO,CE,Combined TRACON& Tower with Radar,283,162,68,10,523,0,0,21,4,25,283,162,89,14,548,0,0,0,548
06/11/2011,BNA,TN,ASO,CE,Combined TRACON& Tower with Radar,219,151,29,3,402,0,4,22,1,27,219,155,51,4,429,0,0,0,429
06/12/2011,BNA,TN,ASO,CE,Combined TRACON& Tower with Radar,208,151,64,6,429,0,0,13,1,14,208,151,77,7,443,0,0,0,443
06/13/2011,BNA,TN,ASO,CE,Combined TRACON& Tower with Radar,271,164,67,10,512,0,2,22,2,26,271,166,89,12,538,0,0,0,538
06/14/2011,BNA,TN,ASO,CE,Combined TRACON& Tower with Radar,273,162,69,6,510,0,5,25,2,32,273,167,94,8,542,0,0,0,542
06/15/2011,BNA,TN,ASO,CE,Combined TRACON& Tower with Radar,282,158,65,6,511,0,1,11,2,14,282,159,76,8,525,0,0,0,525
06/16/2011,BNA,TN,ASO,CE,Combined TRACON& Tower with Radar,267,156,99,5,527,0,2,30,4,36,267,158,129,9,563,0,0,0,563
06/17/2011,BNA,TN,ASO,CE,Combined TRACON& Tower with Radar,265,160,57,10,492,0,0,16,8,24,265,160,73,18,516,0,0,0,516
06/18/2011,BNA,TN,ASO,CE,Combined TRACON& Tower with Radar,236,153,37,6,432,0,0,8,0,8,236,153,45,6,440,4,0,4,444
06/19/2011,BNA,TN,ASO,CE,Combined TRACON& Tower with Radar,217,132,39,6,394,0,3,6,5,14,217,135,45,11,408,0,0,0,408
06/20/2011,BNA,TN,ASO,CE,Combined TRACON& Tower with Radar,257,142,71,6,476,0,3,18,5,26,257,145,89,11,502,0,0,0,502
06/21/2011,BNA,TN,ASO,CE,Combined TRACON& Tower with Radar,274,124,63,3,464,0,0,8,3,11,274,124,71,6,475,0,0,0,475
06/22/2011,BNA,TN,ASO,CE,Combined TRACON& Tower with Radar,264,138,56,9,467,0,1,4,1,6,264,139,60,10,473,0,0,0,473
06/23/2011,BNA,TN,ASO,CE,Combined TRACON& Tower with Radar,276,168,80,24,548,0,0,17,4,21,276,168,97,28,569,0,0,0,569
06/24/2011,BNA,TN,ASO,CE,Combined TRACON& Tower with Radar,269,162,60,9,500,0,2,24,3,29,269,164,84,12,529,0,0,0,529
06/25/2011,BNA,TN,ASO,CE,Combined TRACON& Tower with Radar,243,142,33,5,423,0,0,19,3,22,243,142,52,8,445,0,0,0,445
06/26/2011,BNA,TN,ASO,CE,Combined TRACON& Tower with Radar,220,129,35,3,387,0,2,5,2,9,220,131,40,5,396,2,0,2,398
06/27/2011,BNA,TN,ASO,CE,Combined TRACON& Tower with Radar,255,162,62,6,485,0,0,15,4,19,255,162,77,10,504,0,0,0,504
06/28/2011,BNA,TN,ASO,CE,Combined TRACON& Tower with Radar,283,163,73,5,524,0,1,15,5,21,283,164,88,10,545,0,0,0,545
06/29/2011,BNA,TN,ASO,CE,Combined TRACON& Tower with Radar,276,182,78,19,555,0,2,40,5,47,276,184,118,24,602,0,0,0,602
06/30/2011,BNA,TN,ASO,CE,Combined TRACON& Tower with Radar,269,159,79,14,521,0,0,30,7,37,269,159,109,21,558,0,0,0,558
07/01/2011,BNA,TN,ASO,CE,Combined TRACON& Tower with Radar,278,157,46,2,483,0,2,19,1,22,278,159,65,3,505,0,0,0,505
07/02/2011,BNA,TN,ASO,CE,Combined TRACON& Tower with Radar,221,141,32,3,397,0,0,22,0,22,221,141,54,3,419,0,0,0,419
07/03/2011,BNA,TN,ASO,CE,Combined TRACON& Tower with Radar,186,103,27,0,316,0,2,10,1,13,186,105,37,1,329,0,0,0,329
07/04/2011,BNA,TN,ASO,CE,Combined TRACON& Tower with Radar,227,122,5,2,356,0,2,7,0,9,227,124,12,2,365,0,0,0,365
07/05/2011,BNA,TN,ASO,CE,Combined TRACON& Tower with Radar,269,137,63,2,471,0,2,10,5,17,269,139,73,7,488,0,0,0,488
07/06/2011,BNA,TN,ASO,CE,Combined TRACON& Tower with Radar,275,150,62,5,492,0,0,19,8,27,275,150,81,13,519,0,0,0,519
07/07/2011,BNA,TN,ASO,CE,Combined TRACON& Tower with Radar,276,153,74,14,517,0,4,12,6,22,276,157,86,20,539,0,0,0,539
07/08/2011,BNA,TN,ASO,CE,Combined TRACON& Tower with Radar,258,153,65,12,488,0,0,19,6,25,258,153,84,18,513,0,0,0,513
07/09/2011,BNA,TN,ASO,CE,Combined TRACON& Tower with Radar,229,148,35,8,420,0,0,24,4,28,229,148,59,12,448,0,0,0,448
07/10/2011,BNA,TN,ASO,CE,Combined TRACON& Tower with Radar,222,130,35,3,390,0,1,17,4,22,222,131,52,7,412,0,0,0,412
07/11/2011,BNA,TN,ASO,CE,Combined TRACON& Tower with Radar,260,147,52,4,463,0,1,21,10,32,260,148,73,14,495,0,0,0,495
07/12/2011,BNA,TN,ASO,CE,Combined TRACON& Tower with Radar,270,154,65,10,499,0,1,13,8,22,270,155,78,18,521,0,0,0,521
07/13/2011,BNA,TN,ASO,CE,Combined TRACON& Tower with Radar,281,153,71,7,512,0,1,25,8,34,281,154,96,15,546,0,0,0,546
07/14/2011,BNA,TN,ASO,CE,Combined TRACON& Tower with Radar,265,164,73,6,508,0,0,26,7,33,265,164,99,13,541,0,0,0,541
07/15/2011,BNA,TN,ASO,CE,Combined TRACON& Tower with Radar,273,144,56,22,495,0,0,23,9,32,273,144,79,31,527,0,0,0,527
07/16/2011,BNA,TN,ASO,CE,Combined TRACON& Tower with Radar,229,133,29,11,402,0,0,19,5,24,229,133,48,16,426,0,0,0,426
07/17/2011,BNA,TN,ASO,CE,Combined TRACON& Tower with Radar,213,135,52,14,414,0,2,14,5,21,213,137,66,19,435,0,0,0,435
07/18/2011,BNA,TN,ASO,CE,Combined TRACON& Tower with Radar,262,155,49,8,474,0,2,14,4,20,262,157,63,12,494,0,0,0,494
07/19/2011,BNA,TN,ASO,CE,Combined TRACON& Tower with Radar,276,161,64,6,507,0,2,19,4,25,276,163,83,10,532,0,0,0,532
07/20/2011,BNA,TN,ASO,CE,Combined TRACON& Tower with Radar,283,147,70,10,510,0,4,20,7,31,283,151,90,17,541,0,0,0,541
07/21/2011,BNA,TN,ASO,CE,Combined TRACON& Tower with Radar,273,169,77,3,522,0,0,21,5,26,273,169,98,8,548,0,0,0,548
07/22/2011,BNA,TN,ASO,CE,Combined TRACON& Tower with Radar,284,154,62,15,515,0,1,17,3,21,284,155,79,18,536,0,0,0,536
07/23/2011,BNA,TN,ASO,CE,Combined TRACON& Tower with Radar,227,127,25,4,383,0,0,20,1,21,227,127,45,5,404,0,0,0,404
07/24/2011,BNA,TN,ASO,CE,Combined TRACON& Tower with Radar,219,131,25,5,380,0,1,15,2,18,219,132,40,7,398,0,0,0,398
07/25/2011,BNA,TN,ASO,CE,Combined TRACON& Tower with Radar,259,143,65,8,475,0,1,8,4,13,259,144,73,12,488,0,0,0,488
07/26/2011,BNA,TN,ASO,CE,Combined TRACON& Tower with Radar,290,150,59,11,510,0,3,32,8,43,290,153,91,19,553,0,0,0,553
07/27/2011,BNA,TN,ASO,CE,Combined TRACON& Tower with Radar,272,153,51,9,485,0,4,26,9,39,272,157,77,18,524,0,0,0,524
07/28/2011,BNA,TN,ASO,CE,Combined TRACON& Tower with Radar,277,145,83,11,516,0,7,30,11,48,277,152,113,22,564,0,0,0,564
07/29/2011,BNA,TN,ASO,CE,Combined TRACON& Tower with Radar,275,161,68,12,516,0,2,28,5,35,275,163,96,17,551,0,0,0,551
07/30/2011,BNA,TN,ASO,CE,Combined TRACON& Tower with Radar,215,137,38,2,392,0,1,8,1,10,215,138,46,3,402,0,0,0,402
07/31/2011,BNA,TN,ASO,CE,Combined TRACON& Tower with Radar,236,140,66,9,451,0,2,16,1,19,236,142,82,10,470,0,0,0,470
08/01/2011,BNA,TN,ASO,CE,Combined TRACON& Tower with Radar,256,145,58,13,472,0,12,18,5,35,256,157,76,18,507,0,0,0,507
08/02/2011,BNA,TN,ASO,CE,Combined TRACON& Tower with Radar,280,163,54,7,504,0,5,24,6,35,280,168,78,13,539,0,0,0,539
08/03/2011,BNA,TN,ASO,CE,Combined TRACON& Tower with Radar,276,168,69,6,519,0,4,20,8,32,276,172,89,14,551,0,0,0,551
08/04/2011,BNA,TN,ASO,CE,Combined TRACON& Tower with Radar,277,161,73,13,524,0,2,25,10,37,277,163,98,23,561,0,0,0,561
08/05/2011,BNA,TN,ASO,CE,Combined TRACON& Tower with Radar,264,162,56,7,489,0,0,13,5,18,264,162,69,12,507,0,0,0,507
08/06/2011,BNA,TN,ASO,CE,Combined TRACON& Tower with Radar,204,123,25,1,353,0,0,10,1,11,204,123,35,2,364,0,0,0,364
08/07/2011,BNA,TN,ASO,CE,Combined TRACON& Tower with Radar,236,137,40,6,419,0,2,8,4,14,236,139,48,10,433,0,0,0,433
08/08/2011,BNA,TN,ASO,CE,Combined TRACON& Tower with Radar,269,148,47,8,472,0,0,10,2,12,269,148,57,10,484,0,0,0,484
08/09/2011,BNA,TN,ASO,CE,Combined TRACON& Tower with Radar,276,147,52,4,479,0,2,18,2,22,276,149,70,6,501,0,0,0,501
08/10/2011,BNA,TN,ASO,CE,Combined TRACON& Tower with Radar,271,167,65,4,507,0,1,13,5,19,271,168,78,9,526,0,0,0,526
08/11/2011,BNA,TN,ASO,CE,Combined TRACON& Tower with Radar,273,161,74,8,516,0,1,24,5,30,273,162,98,13,546,0,0,0,546
08/12/2011,BNA,TN,ASO,CE,Combined TRACON& Tower with Radar,269,158,79,23,529,0,1,26,4,31,269,159,105,27,560,0,0,0,560
08/13/2011,BNA,TN,ASO,CE,Combined TRACON& Tower with Radar,210,130,31,2,373,0,1,22,1,24,210,131,53,3,397,0,0,0,397
08/14/2011,BNA,TN,ASO,CE,Combined TRACON& Tower with Radar,212,121,42,14,389,0,8,11,3,22,212,129,53,17,411,0,0,0,411
08/15/2011,BNA,TN,ASO,CE,Combined TRACON& Tower with Radar,248,148,78,8,482,0,2,38,7,47,248,150,116,15,529,0,0,0,529
08/16/2011,BNA,TN,ASO,CE,Combined TRACON& Tower with Radar,253,161,84,8,506,0,6,29,6,41,253,167,113,14,547,0,0,0,547
08/17/2011,BNA,TN,ASO,CE,Combined TRACON& Tower with Radar,257,129,85,5,476,0,13,23,14,50,257,142,108,19,526,0,0,0,526
08/18/2011,BNA,TN,ASO,CE,Combined TRACON& Tower with Radar,267,153,97,9,526,0,1,26,6,33,267,154,123,15,559,0,0,0,559
08/19/2011,BNA,TN,ASO,CE,Combined TRACON& Tower with Radar,256,152,90,9,507,0,0,33,2,35,256,152,123,11,542,0,0,0,542
08/20/2011,BNA,TN,ASO,CE,Combined TRACON& Tower with Radar,172,137,30,1,340,0,0,22,4,26,172,137,52,5,366,0,0,0,366
08/21/2011,BNA,TN,ASO,CE,Combined TRACON& Tower with Radar,212,135,40,12,399,0,0,14,4,18,212,135,54,16,417,6,0,6,423
08/22/2011,BNA,TN,ASO,CE,Combined TRACON& Tower with Radar,256,159,73,2,490,0,5,38,13,56,256,164,111,15,546,0,0,0,546
08/23/2011,BNA,TN,ASO,CE,Combined TRACON& Tower with Radar,261,139,83,7,490,0,11,34,8,53,261,150,117,15,543,0,0,0,543
08/24/2011,BNA,TN,ASO,CE,Combined TRACON& Tower with Radar,266,142,79,4,491,0,8,29,5,42,266,150,108,9,533,2,0,2,535
08/25/2011,BNA,TN,ASO,CE,Combined TRACON& Tower with Radar,265,153,64,7,489,0,4,17,10,31,265,157,81,17,520,0,0,0,520
08/26/2011,BNA,TN,ASO,CE,Combined TRACON& Tower with Radar,262,160,69,14,505,0,3,32,6,41,262,163,101,20,546,0,0,0,546
08/27/2011,BNA,TN,ASO,CE,Combined TRACON& Tower with Radar,165,106,30,7,308,0,4,27,6,37,165,110,57,13,345,0,0,0,345
08/28/2011,BNA,TN,ASO,CE,Combined TRACON& Tower with Radar,193,102,37,14,346,0,6,26,7,39,193,108,63,21,385,0,0,0,385
08/29/2011,BNA,TN,ASO,CE,Combined TRACON& Tower with Radar,257,132,66,8,463,0,9,27,9,45,257,141,93,17,508,0,0,0,508
08/30/2011,BNA,TN,ASO,CE,Combined TRACON& Tower with Radar,274,133,72,8,487,0,9,20,4,33,274,142,92,12,520,0,0,0,520
08/31/2011,BNA,TN,ASO,CE,Combined TRACON& Tower with Radar,276,143,86,3,508,0,5,24,4,33,276,148,110,7,541,0,0,0,541
09/01/2011,BNA,TN,ASO,CE,Combined TRACON& Tower with Radar,267,149,85,12,513,0,2,24,5,31,267,151,109,17,544,0,0,0,544
09/02/2011,BNA,TN,ASO,CE,Combined TRACON& Tower with Radar,268,149,61,6,484,0,0,20,3,23,268,149,81,9,507,0,0,0,507
09/03/2011,BNA,TN,ASO,CE,Combined TRACON& Tower with Radar,165,109,24,1,299,0,1,15,2,18,165,110,39,3,317,0,0,0,317
09/04/2011,BNA,TN,ASO,CE,Combined TRACON& Tower with Radar,170,101,19,0,290,0,0,5,0,5,170,101,24,0,295,0,0,0,295
09/05/2011,BNA,TN,ASO,CE,Combined TRACON& Tower with Radar,225,159,50,1,435,0,0,2,0,2,225,159,52,1,437,0,0,0,437
09/06/2011,BNA,TN,ASO,CE,Combined TRACON& Tower with Radar,258,150,62,6,476,0,0,0,0,0,258,150,62,6,476,0,0,0,476
09/07/2011,BNA,TN,ASO,CE,Combined TRACON& Tower with Radar,261,158,95,14,528,0,0,10,2,12,261,158,105,16,540,0,0,0,540
09/08/2011,BNA,TN,ASO,CE,Combined TRACON& Tower with Radar,270,155,87,8,520,0,2,17,1,20,270,157,104,9,540,0,0,0,540
09/09/2011,BNA,TN,ASO,CE,Combined TRACON& Tower with Radar,262,153,68,18,501,0,0,24,3,27,262,153,92,21,528,0,0,0,528
09/10/2011,BNA,TN,ASO,CE,Combined TRACON& Tower with Radar,179,128,45,5,357,0,4,29,2,35,179,132,74,7,392,0,0,0,392
09/11/2011,BNA,TN,ASO,CE,Combined TRACON& Tower with Radar,225,129,33,6,393,0,0,10,1,11,225,129,43,7,404,0,0,0,404
09/12/2011,BNA,TN,ASO,CE,Combined TRACON& Tower with Radar,259,142,84,24,509,0,6,23,4,33,259,148,107,28,542,0,0,0,542
09/13/2011,BNA,TN,ASO,CE,Combined TRACON& Tower with Radar,265,142,83,10,500,0,5,30,6,41,265,147,113,16,541,0,0,0,541
09/14/2011,BNA,TN,ASO,CE,Combined TRACON& Tower with Radar,265,155,83,8,511,0,1,18,0,19,265,156,101,8,530,0,0,0,530
09/15/2011,BNA,TN,ASO,CE,Combined TRACON& Tower with Radar,271,156,104,7,538,0,6,15,1,22,271,162,119,8,560,0,0,0,560
09/16/2011,BNA,TN,ASO,CE,Combined TRACON& Tower with Radar,261,157,96,11,525,0,12,28,0,40,261,169,124,11,565,0,0,0,565
09/17/2011,BNA,TN,ASO,CE,Combined TRACON& Tower with Radar,177,129,38,3,347,0,3,19,1,23,177,132,57,4,370,0,0,0,370
09/18/2011,BNA,TN,ASO,CE,Combined TRACON& Tower with Radar,235,144,73,7,459,0,1,13,3,17,235,145,86,10,476,0,0,0,476
09/19/2011,BNA,TN,ASO,CE,Combined TRACON& Tower with Radar,262,143,50,7,462,0,0,0,6,6,262,143,50,13,468,0,0,0,468
09/20/2011,BNA,TN,ASO,CE,Combined TRACON& Tower with Radar,265,143,70,13,491,0,0,6,5,11,265,143,76,18,502,0,0,0,502
09/21/2011,BNA,TN,ASO,CE,Combined TRACON& Tower with Radar,264,152,79,2,497,0,4,8,0,12,264,156,87,2,509,0,0,0,509
09/22/2011,BNA,TN,ASO,CE,Combined TRACON& Tower with Radar,268,172,86,7,533,0,0,28,1,29,268,172,114,8,562,2,0,2,564
09/23/2011,BNA,TN,ASO,CE,Combined TRACON& Tower with Radar,265,160,92,14,531,0,7,11,1,19,265,167,103,15,550,0,0,0,550
09/24/2011,BNA,TN,ASO,CE,Combined TRACON& Tower with Radar,177,117,27,4,325,0,9,31,6,46,177,126,58,10,371,0,0,0,371
09/25/2011,BNA,TN,ASO,CE,Combined TRACON& Tower with Radar,227,143,58,6,434,0,6,11,0,17,227,149,69,6,451,0,0,0,451
09/26/2011,BNA,TN,ASO,CE,Combined TRACON& Tower with Radar,267,149,73,7,496,0,10,10,4,24,267,159,83,11,520,0,0,0,520
09/27/2011,BNA,TN,ASO,CE,Combined TRACON& Tower with Radar,265,150,100,6,521,0,2,20,4,26,265,152,120,10,547,0,0,0,547
09/28/2011,BNA,TN,ASO,CE,Combined TRACON& Tower with Radar,265,148,86,3,502,0,9,26,2,37,265,157,112,5,539,0,0,0,539
09/29/2011,BNA,TN,ASO,CE,Combined TRACON& Tower with Radar,265,152,78,0,495,0,8,14,5,27,265,160,92,5,522,0,0,0,522
09/30/2011,BNA,TN,ASO,CE,Combined TRACON& Tower with Radar,264,151,72,3,490,0,9,17,3,29,264,160,89,6,519,0,0,0,519
10/01/2011,BNA,TN,ASO,CE,Combined TRACON& Tower with Radar,184,116,36,2,338,0,8,23,0,31,184,124,59,2,369,0,0,0,369
10/02/2011,BNA,TN,ASO,CE,Combined TRACON& Tower with Radar,248,121,55,3,427,0,8,21,0,29,248,129,76,3,456,0,0,0,456
10/03/2011,BNA,TN,ASO,CE,Combined TRACON& Tower with Radar,269,140,94,8,511,0,12,24,6,42,269,152,118,14,553,0,0,0,553
10/04/2011,BNA,TN,ASO,CE,Combined TRACON& Tower with Radar,268,137,81,8,494,0,13,27,11,51,268,150,108,19,545,0,0,0,545
10/05/2011,BNA,TN,ASO,CE,Combined TRACON& Tower with Radar,276,135,116,8,535,0,13,30,8,51,276,148,146,16,586,0,0,0,586
10/06/2011,BNA,TN,ASO,CE,Combined TRACON& Tower with Radar,273,127,96,13,509,0,8,24,1,33,273,135,120,14,542,0,0,0,542
10/07/2011,BNA,TN,ASO,CE,Combined TRACON& Tower with Radar,264,149,65,9,487,0,8,22,2,32,264,157,87,11,519,0,0,0,519
10/08/2011,BNA,TN,ASO,CE,Combined TRACON& Tower with Radar,187,111,31,1,330,0,8,24,0,32,187,119,55,1,362,0,0,0,362
10/09/2011,BNA,TN,ASO,CE,Combined TRACON& Tower with Radar,242,130,52,0,424,0,9,14,2,25,242,139,66,2,449,0,0,0,449
10/10/2011,BNA,TN,ASO,CE,Combined TRACON& Tower with Radar,268,136,67,0,471,0,12,10,0,22,268,148,77,0,493,0,0,0,493
10/11/2011,BNA,TN,ASO,CE,Combined TRACON& Tower with Radar,268,140,75,8,491,0,5,25,0,30,268,145,100,8,521,0,0,0,521
10/12/2011,BNA,TN,ASO,CE,Combined TRACON& Tower with Radar,278,135,89,5,507,0,1,17,2,20,278,136,106,7,527,0,0,0,527
10/13/2011,BNA,TN,ASO,CE,Combined TRACON& Tower with Radar,275,151,75,10,511,0,0,4,1,5,275,151,79,11,516,0,0,0,516
10/14/2011,BNA,TN,ASO,CE,Combined TRACON& Tower with Radar,273,154,62,4,493,0,7,24,2,33,273,161,86,6,526,0,0,0,526
10/15/2011,BNA,TN,ASO,CE,Combined TRACON& Tower with Radar,195,119,41,0,355,0,8,24,2,34,195,127,65,2,389,0,0,0,389
10/16/2011,BNA,TN,ASO,CE,Combined TRACON& Tower with Radar,247,124,76,1,448,0,8,23,1,32,247,132,99,2,480,0,0,0,480
10/17/2011,BNA,TN,ASO,CE,Combined TRACON& Tower with Radar,268,143,86,7,504,0,9,14,7,30,268,152,100,14,534,0,0,0,534
10/18/2011,BNA,TN,ASO,CE,Combined TRACON& Tower with Radar,267,144,92,6,509,0,1,9,0,10,267,145,101,6,519,0,0,0,519
10/19/2011,BNA,TN,ASO,CE,Combined TRACON& Tower with Radar,268,128,101,5,502,0,0,2,0,2,268,128,103,5,504,0,0,0,504
10/20/2011,BNA,TN,ASO,CE,Combined TRACON& Tower with Radar,276,142,107,5,530,0,9,15,5,29,276,151,122,10,559,0,0,0,559
10/21/2011,BNA,TN,ASO,CE,Combined TRACON& Tower with Radar,273,137,99,5,514,0,12,30,3,45,273,149,129,8,559,0,0,0,559
10/22/2011,BNA,TN,ASO,CE,Combined TRACON& Tower with Radar,192,115,41,4,352,0,5,28,3,36,192,120,69,7,388,0,0,0,388
10/23/2011,BNA,TN,ASO,CE,Combined TRACON& Tower with Radar,244,120,65,5,434,0,3,21,2,26,244,123,86,7,460,0,0,0,460
10/24/2011,BNA,TN,ASO,CE,Combined TRACON& Tower with Radar,282,145,74,8,509,0,4,26,5,35,282,149,100,13,544,0,0,0,544
10/25/2011,BNA,TN,ASO,CE,Combined TRACON& Tower with Radar,264,128,73,1,466,0,12,23,4,39,264,140,96,5,505,0,0,0,505
10/26/2011,BNA,TN,ASO,CE,Combined TRACON& Tower with Radar,271,139,79,7,496,0,7,23,4,34,271,146,102,11,530,0,0,0,530
10/27/2011,BNA,TN,ASO,CE,Combined TRACON& Tower with Radar,268,155,65,3,491,0,0,1,0,1,268,155,66,3,492,0,0,0,492
10/28/2011,BNA,TN,ASO,CE,Combined TRACON& Tower with Radar,272,157,73,5,507,0,0,16,0,16,272,157,89,5,523,0,0,0,523
10/29/2011,BNA,TN,ASO,CE,Combined TRACON& Tower with Radar,194,127,43,8,372,0,2,23,2,27,194,129,66,10,399,0,0,0,399
10/30/2011,BNA,TN,ASO,CE,Combined TRACON& Tower with Radar,251,121,47,14,433,0,9,18,2,29,251,130,65,16,462,0,0,0,462
10/31/2011,BNA,TN,ASO,CE,Combined TRACON& Tower with Radar,257,120,50,2,429,0,7,26,1,34,257,127,76,3,463,0,0,0,463
11/01/2011,BNA,TN,ASO,CE,Combined TRACON& Tower with Radar,263,123,73,3,462,0,12,28,6,46,263,135,101,9,508,0,0,0,508
11/02/2011,BNA,TN,ASO,CE,Combined TRACON& Tower with Radar,273,129,66,6,474,0,10,21,4,35,273,139,87,10,509,0,0,0,509
11/03/2011,BNA,TN,ASO,CE,Combined TRACON& Tower with Radar,268,149,81,78,576,0,0,1,1,2,268,149,82,79,578,0,0,0,578
11/04/2011,BNA,TN,ASO,CE,Combined TRACON& Tower with Radar,273,164,103,5,545,0,0,6,1,7,273,164,109,6,552,0,0,0,552
11/05/2011,BNA,TN,ASO,CE,Combined TRACON& Tower with Radar,194,125,31,5,355,0,0,14,5,19,194,125,45,10,374,0,0,0,374
11/06/2011,BNA,TN,ASO,CE,Combined TRACON& Tower with Radar,238,131,54,78,501,0,8,29,5,42,238,139,83,83,543,0,0,0,543
11/07/2011,BNA,TN,ASO,CE,Combined TRACON& Tower with Radar,258,133,82,7,480,0,8,25,2,35,258,141,107,9,515,0,0,0,515
11/08/2011,BNA,TN,ASO,CE,Combined TRACON& Tower with Radar,254,117,73,3,447,0,12,23,8,43,254,129,96,11,490,0,0,0,490
11/09/2011,BNA,TN,ASO,CE,Combined TRACON& Tower with Radar,256,142,111,6,515,0,2,4,3,9,256,144,115,9,524,0,0,0,524
11/10/2011,BNA,TN,ASO,CE,Combined TRACON& Tower with Radar,262,145,177,11,595,0,4,27,10,41,262,149,204,21,636,0,0,0,636
11/11/2011,BNA,TN,ASO,CE,Combined TRACON& Tower with Radar,253,140,68,6,467,0,12,21,5,38,253,152,89,11,505,0,0,0,505
11/12/2011,BNA,TN,ASO,CE,Combined TRACON& Tower with Radar,191,121,43,1,356,0,7,27,0,34,191,128,70,1,390,0,0,0,390
11/13/2011,BNA,TN,ASO,CE,Combined TRACON& Tower with Radar,239,134,39,1,413,0,0,6,5,11,239,134,45,6,424,0,0,0,424
11/14/2011,BNA,TN,ASO,CE,Combined TRACON& Tower with Radar,260,145,77,13,495,0,0,5,1,6,260,145,82,14,501,0,0,0,501
11/15/2011,BNA,TN,ASO,CE,Combined TRACON& Tower with Radar,259,156,75,4,494,0,0,2,1,3,259,156,77,5,497,0,0,0,497
11/16/2011,BNA,TN,ASO,CE,Combined TRACON& Tower with Radar,267,147,89,9,512,0,0,1,0,1,267,147,90,9,513,0,0,0,513
11/17/2011,BNA,TN,ASO,CE,Combined TRACON& Tower with Radar,263,160,114,4,541,0,7,37,2,46,263,167,151,6,587,0,0,0,587
11/18/2011,BNA,TN,ASO,CE,Combined TRACON& Tower with Radar,252,147,86,12,497,0,14,22,5,41,252,161,108,17,538,0,0,0,538
11/19/2011,BNA,TN,ASO,CE,Combined TRACON& Tower with Radar,182,126,43,2,353,0,3,25,7,35,182,129,68,9,388,0,0,0,388
11/20/2011,BNA,TN,ASO,CE,Combined TRACON& Tower with Radar,233,120,34,4,391,0,0,1,0,1,233,120,35,4,392,0,0,0,392
11/21/2011,BNA,TN,ASO,CE,Combined TRACON& Tower with Radar,250,138,48,2,438,0,0,0,0,0,250,138,48,2,438,0,0,0,438
11/22/2011,BNA,TN,ASO,CE,Combined TRACON& Tower with Radar,274,146,62,4,486,0,0,5,1,6,274,146,67,5,492,0,0,0,492
11/23/2011,BNA,TN,ASO,CE,Combined TRACON& Tower with Radar,270,148,75,3,496,0,0,0,0,0,270,148,75,3,496,0,0,0,496
11/24/2011,BNA,TN,ASO,CE,Combined TRACON& Tower with Radar,133,89,10,0,232,0,1,3,0,4,133,90,13,0,236,0,0,0,236
11/25/2011,BNA,TN,ASO,CE,Combined TRACON& Tower with Radar,195,107,15,0,317,0,6,22,2,30,195,113,37,2,347,0,0,0,347
11/26/2011,BNA,TN,ASO,CE,Combined TRACON& Tower with Radar,202,131,21,1,355,0,0,17,0,17,202,131,38,1,372,0,0,0,372
11/27/2011,BNA,TN,ASO,CE,Combined TRACON& Tower with Radar,265,136,70,1,472,0,0,0,0,0,265,136,70,1,472,0,0,0,472
11/28/2011,BNA,TN,ASO,CE,Combined TRACON& Tower with Radar,265,146,63,3,477,0,0,0,0,0,265,146,63,3,477,0,0,0,477
11/29/2011,BNA,TN,ASO,CE,Combined TRACON& Tower with Radar,251,117,96,2,466,0,0,0,0,0,251,117,96,2,466,0,0,0,466
11/30/2011,BNA,TN,ASO,CE,Combined TRACON& Tower with Radar,261,123,102,5,491,0,12,19,6,37,261,135,121,11,528,0,0,0,528
12/01/2011,BNA,TN,ASO,CE,Combined TRACON& Tower with Radar,265,138,85,12,500,0,10,19,4,33,265,148,104,16,533,0,0,0,533
12/02/2011,BNA,TN,ASO,CE,Combined TRACON& Tower with Radar,254,132,65,2,453,0,5,16,0,21,254,137,81,2,474,0,0,0,474
12/03/2011,BNA,TN,ASO,CE,Combined TRACON& Tower with Radar,186,120,24,3,333,0,0,17,1,18,186,120,41,4,351,0,0,0,351
12/04/2011,BNA,TN,ASO,CE,Combined TRACON& Tower with Radar,236,121,44,0,401,0,0,12,0,12,236,121,56,0,413,0,0,0,413
12/05/2011,BNA,TN,ASO,CE,Combined TRACON& Tower with Radar,250,146,60,5,461,0,0,1,0,1,250,146,61,5,462,0,0,0,462
12/06/2011,BNA,TN,ASO,CE,Combined TRACON& Tower with Radar,255,138,92,6,491,0,0,0,0,0,255,138,92,6,491,0,0,0,491
12/07/2011,BNA,TN,ASO,CE,Combined TRACON& Tower with Radar,253,127,84,1,465,0,1,5,3,9,253,128,89,4,474,0,0,0,474
12/08/2011,BNA,TN,ASO,CE,Combined TRACON& Tower with Radar,264,144,113,6,527,0,0,29,4,33,264,144,142,10,560,0,0,0,560
12/09/2011,BNA,TN,ASO,CE,Combined TRACON& Tower with Radar,259,136,122,10,527,0,4,31,6,41,259,140,153,16,568,0,0,0,568
12/10/2011,BNA,TN,ASO,CE,Combined TRACON& Tower with Radar,187,110,54,0,351,0,0,26,0,26,187,110,80,0,377,0,0,0,377
12/11/2011,BNA,TN,ASO,CE,Combined TRACON& Tower with Radar,234,121,60,4,419,0,1,24,1,26,234,122,84,5,445,0,0,0,445
12/12/2011,BNA,TN,ASO,CE,Combined TRACON& Tower with Radar,248,150,75,6,479,0,0,7,1,8,248,150,82,7,487,0,0,0,487
12/13/2011,BNA,TN,ASO,CE,Combined TRACON& Tower with Radar,256,135,70,8,469,0,0,1,0,1,256,135,71,8,470,0,0,0,470
12/14/2011,BNA,TN,ASO,CE,Combined TRACON& Tower with Radar,255,139,91,1,486,0,4,26,5,35,255,143,117,6,521,0,0,0,521
12/15/2011,BNA,TN,ASO,CE,Combined TRACON& Tower with Radar,260,146,72,3,481,0,0,3,1,4,260,146,75,4,485,0,0,0,485
12/16/2011,BNA,TN,ASO,CE,Combined TRACON& Tower with Radar,254,154,82,6,496,0,1,1,0,2,254,155,83,6,498,0,0,0,498
12/17/2011,BNA,TN,ASO,CE,Combined TRACON& Tower with Radar,188,152,36,7,383,0,7,29,1,37,188,159,65,8,420,0,0,0,420
12/18/2011,BNA,TN,ASO,CE,Combined TRACON& Tower with Radar,231,124,35,4,394,0,4,23,2,29,231,128,58,6,423,0,0,0,423
12/19/2011,BNA,TN,ASO,CE,Combined TRACON& Tower with Radar,256,133,46,3,438,0,0,31,2,33,256,133,77,5,471,0,0,0,471
12/20/2011,BNA,TN,ASO,CE,Combined TRACON& Tower with Radar,260,139,44,1,444,0,0,3,0,3,260,139,47,1,447,0,0,0,447
12/21/2011,BNA,TN,ASO,CE,Combined TRACON& Tower with Radar,253,137,46,1,437,0,0,7,4,11,253,137,53,5,448,0,0,0,448
12/22/2011,BNA,TN,ASO,CE,Combined TRACON& Tower with Radar,266,148,64,0,478,0,1,1,0,2,266,149,65,0,480,0,0,0,480
12/23/2011,BNA,TN,ASO,CE,Combined TRACON& Tower with Radar,259,139,37,0,435,0,0,2,0,2,259,139,39,0,437,0,0,0,437
12/24/2011,BNA,TN,ASO,CE,Combined TRACON& Tower with Radar,176,107,6,0,289,0,0,9,0,9,176,107,15,0,298,0,0,0,298
12/25/2011,BNA,TN,ASO,CE,Combined TRACON& Tower with Radar,172,95,12,0,279,0,0,3,0,3,172,95,15,0,282,0,0,0,282
12/26/2011,BNA,TN,ASO,CE,Combined TRACON& Tower with Radar,247,143,32,0,422,0,1,10,0,11,247,144,42,0,433,0,0,0,433
12/27/2011,BNA,TN,ASO,CE,Combined TRACON& Tower with Radar,261,130,37,0,428,0,0,4,0,4,261,130,41,0,432,0,0,0,432
12/28/2011,BNA,TN,ASO,CE,Combined TRACON& Tower with Radar,263,134,32,4,433,0,5,19,0,24,263,139,51,4,457,0,0,0,457
12/29/2011,BNA,TN,ASO,CE,Combined TRACON& Tower with Radar,260,133,37,2,432,0,6,15,0,21,260,139,52,2,453,0,0,0,453
12/30/2011,BNA,TN,ASO,CE,Combined TRACON& Tower with Radar,258,143,38,1,440,0,1,7,2,10,258,144,45,3,450,0,0,0,450
12/31/2011,BNA,TN,ASO,CE,Combined TRACON& Tower with Radar,167,113,26,0,306,0,0,29,0,29,167,113,55,0,335,0,0,0,335
01/01/2012,BNA,TN,ASO,CE,Combined TRACON& Tower with Radar,182,107,24,0,313,0,0,5,0,5,182,107,29,0,318,0,0,0,318
01/02/2012,BNA,TN,ASO,CE,Combined TRACON& Tower with Radar,243,138,45,2,428,0,2,7,0,9,243,140,52,2,437,0,0,0,437
01/03/2012,BNA,TN,ASO,CE,Combined TRACON& Tower with Radar,246,122,36,0,404,0,0,20,0,20,246,122,56,0,424,0,0,0,424
01/04/2012,BNA,TN,ASO,CE,Combined TRACON& Tower with Radar,252,119,60,2,433,0,1,32,0,33,252,120,92,2,466,0,0,0,466
01/05/2012,BNA,TN,ASO,CE,Combined TRACON& Tower with Radar,256,126,60,1,443,0,1,28,0,29,256,127,88,1,472,0,0,0,472
01/06/2012,BNA,TN,ASO,CE,Combined TRACON& Tower with Radar,248,134,42,7,431,0,0,42,0,42,248,134,84,7,473,0,0,0,473
01/07/2012,BNA,TN,ASO,CE,Combined TRACON& Tower with Radar,178,111,38,9,336,0,1,5,0,6,178,112,43,9,342,0,0,0,342
01/08/2012,BNA,TN,ASO,CE,Combined TRACON& Tower with Radar,225,127,34,7,393,0,0,7,0,7,225,127,41,7,400,0,0,0,400
01/09/2012,BNA,TN,ASO,CE,Combined TRACON& Tower with Radar,249,148,66,2,465,0,0,10,2,12,249,148,76,4,477,0,0,0,477
01/10/2012,BNA,TN,ASO,CE,Combined TRACON& Tower with Radar,247,135,60,6,448,0,0,8,0,8,247,135,68,6,456,0,0,0,456
01/11/2012,BNA,TN,ASO,CE,Combined TRACON& Tower with Radar,258,131,51,1,441,0,0,4,0,4,258,131,55,1,445,0,0,0,445
01/12/2012,BNA,TN,ASO,CE,Combined TRACON& Tower with Radar,253,127,72,2,454,0,0,0,0,0,253,127,72,2,454,0,0,0,454
01/13/2012,BNA,TN,ASO,CE,Combined TRACON& Tower with Radar,251,137,63,7,458,0,1,8,4,13,251,138,71,11,471,0,0,0,471
01/14/2012,BNA,TN,ASO,CE,Combined TRACON& Tower with Radar,163,111,32,2,308,0,0,17,5,22,163,111,49,7,330,0,0,0,330
01/15/2012,BNA,TN,ASO,CE,Combined TRACON& Tower with Radar,223,111,36,5,375,0,0,16,5,21,223,111,52,10,396,0,0,0,396
01/16/2012,BNA,TN,ASO,CE,Combined TRACON& Tower with Radar,244,129,68,0,441,0,2,4,1,7,244,131,72,1,448,0,0,0,448
01/17/2012,BNA,TN,ASO,CE,Combined TRACON& Tower with Radar,247,137,58,8,450,0,0,2,3,5,247,137,60,11,455,0,0,0,455
01/18/2012,BNA,TN,ASO,CE,Combined TRACON& Tower with Radar,252,143,63,11,469,0,0,15,3,18,252,143,78,14,487,0,0,0,487
01/19/2012,BNA,TN,ASO,CE,Combined TRACON& Tower with Radar,258,131,66,5,460,0,1,16,4,21,258,132,82,9,481,0,0,0,481
01/20/2012,BNA,TN,ASO,CE,Combined TRACON& Tower with Radar,247,145,63,16,471,0,1,6,0,7,247,146,69,16,478,0,0,0,478
01/21/2012,BNA,TN,ASO,CE,Combined TRACON& Tower with Radar,169,105,28,3,305,0,0,0,0,0,169,105,28,3,305,0,0,0,305
01/22/2012,BNA,TN,ASO,CE,Combined TRACON& Tower with Radar,224,121,25,13,383,0,1,2,0,3,224,122,27,13,386,0,0,0,386
01/23/2012,BNA,TN,ASO,CE,Combined TRACON& Tower with Radar,265,125,58,14,462,0,2,7,3,12,265,127,65,17,474,0,0,0,474
01/24/2012,BNA,TN,ASO,CE,Combined TRACON& Tower with Radar,247,128,70,5,450,0,1,32,2,35,247,129,102,7,485,0,0,0,485
01/25/2012,BNA,TN,ASO,CE,Combined TRACON& Tower with Radar,252,137,74,5,468,0,0,11,7,18,252,137,85,12,486,0,0,0,486
01/26/2012,BNA,TN,ASO,CE,Combined TRACON& Tower with Radar,260,148,81,2,491,0,0,0,0,0,260,148,81,2,491,0,0,0,491
01/27/2012,BNA,TN,ASO,CE,Combined TRACON& Tower with Radar,246,141,81,11,479,0,0,22,1,23,246,141,103,12,502,0,0,0,502
01/28/2012,BNA,TN,ASO,CE,Combined TRACON& Tower with Radar,159,109,36,2,306,0,0,25,0,25,159,109,61,2,331,0,0,0,331
01/29/2012,BNA,TN,ASO,CE,Combined TRACON& Tower with Radar,221,128,41,4,394,0,1,16,0,17,221,129,57,4,411,0,0,0,411
01/30/2012,BNA,TN,ASO,CE,Combined TRACON& Tower with Radar,247,137,56,3,443,0,1,14,0,15,247,138,70,3,458,0,0,0,458
01/31/2012,BNA,TN,ASO,CE,Combined TRACON& Tower with Radar,253,126,92,6,477,0,6,26,3,35,253,132,118,9,512,0,0,0,512
02/01/2012,BNA,TN,ASO,CE,Combined TRACON& Tower with Radar,255,125,85,6,471,0,0,4,0,4,255,125,89,6,475,0,0,0,475
02/02/2012,BNA,TN,ASO,CE,Combined TRACON& Tower with Radar,261,132,104,9,506,0,2,24,3,29,261,134,128,12,535,0,0,0,535
02/03/2012,BNA,TN,ASO,CE,Combined TRACON& Tower with Radar,247,138,51,7,443,0,3,21,1,25,247,141,72,8,468,0,0,0,468
02/04/2012,BNA,TN,ASO,CE,Combined TRACON& Tower with Radar,173,105,31,2,311,0,0,0,0,0,173,105,31,2,311,0,0,0,311
02/05/2012,BNA,TN,ASO,CE,Combined TRACON& Tower with Radar,228,125,46,1,400,0,0,2,0,2,228,125,48,1,402,0,0,0,402
02/06/2012,BNA,TN,ASO,CE,Combined TRACON& Tower with Radar,244,137,79,8,468,0,2,12,3,17,244,139,91,11,485,0,0,0,485
02/07/2012,BNA,TN,ASO,CE,Combined TRACON& Tower with Radar,251,133,71,9,464,0,0,41,1,42,251,133,112,10,506,0,0,0,506
02/08/2012,BNA,TN,ASO,CE,Combined TRACON& Tower with Radar,265,121,72,3,461,0,1,7,0,8,265,122,79,3,469,0,0,0,469
02/09/2012,BNA,TN,ASO,CE,Combined TRACON& Tower with Radar,260,140,92,3,495,0,0,18,4,22,260,140,110,7,517,0,0,0,517
02/10/2012,BNA,TN,ASO,CE,Combined TRACON& Tower with Radar,256,131,79,4,470,0,0,9,0,9,256,131,88,4,479,0,0,0,479
02/11/2012,BNA,TN,ASO,CE,Combined TRACON& Tower with Radar,170,109,28,0,307,0,1,12,0,13,170,110,40,0,320,0,0,0,320
02/12/2012,BNA,TN,ASO,CE,Combined TRACON& Tower with Radar,234,119,50,7,410,0,3,26,0,29,234,122,76,7,439,0,0,0,439
02/13/2012,BNA,TN,ASO,CE,Combined TRACON& Tower with Radar,262,137,50,5,454,0,2,17,3,22,262,139,67,8,476,0,0,0,476
02/14/2012,BNA,TN,ASO,CE,Combined TRACON& Tower with Radar,263,125,49,5,442,0,0,1,0,1,263,125,50,5,443,0,0,0,443
02/15/2012,BNA,TN,ASO,CE,Combined TRACON& Tower with Radar,267,134,74,11,486,0,0,19,0,19,267,134,93,11,505,0,0,0,505
02/16/2012,BNA,TN,ASO,CE,Combined TRACON& Tower with Radar,271,152,97,5,525,0,0,4,0,4,271,152,101,5,529,0,0,0,529
02/17/2012,BNA,TN,ASO,CE,Combined TRACON& Tower with Radar,264,153,83,6,506,0,0,25,3,28,264,153,108,9,534,0,0,0,534
02/18/2012,BNA,TN,ASO,CE,Combined TRACON& Tower with Radar,170,115,28,3,316,0,0,14,0,14,170,115,42,3,330,0,0,0,330
02/19/2012,BNA,TN,ASO,CE,Combined TRACON& Tower with Radar,224,121,43,1,389,0,0,3,1,4,224,121,46,2,393,0,0,0,393
02/20/2012,BNA,TN,ASO,CE,Combined TRACON& Tower with Radar,250,148,92,1,491,0,0,23,3,26,250,148,115,4,517,0,0,0,517
02/21/2012,BNA,TN,ASO,CE,Combined TRACON& Tower with Radar,266,150,89,6,511,0,0,11,5,16,266,150,100,11,527,0,0,0,527
02/22/2012,BNA,TN,ASO,CE,Combined TRACON& Tower with Radar,266,127,77,8,478,0,1,4,0,5,266,128,81,8,483,0,0,0,483
02/23/2012,BNA,TN,ASO,CE,Combined TRACON& Tower with Radar,267,142,82,17,508,0,5,8,4,17,267,147,90,21,525,0,0,0,525
02/24/2012,BNA,TN,ASO,CE,Combined TRACON& Tower with Radar,261,132,67,5,465,0,0,8,1,9,261,132,75,6,474,0,0,0,474
02/25/2012,BNA,TN,ASO,CE,Combined TRACON& Tower with Radar,169,111,30,6,316,0,2,22,0,24,169,113,52,6,340,0,0,0,340
02/26/2012,BNA,TN,ASO,CE,Combined TRACON& Tower with Radar,245,114,31,12,402,0,2,22,0,24,245,116,53,12,426,0,0,0,426
02/27/2012,BNA,TN,ASO,CE,Combined TRACON& Tower with Radar,261,138,38,14,451,0,1,22,3,26,261,139,60,17,477,0,0,0,477
02/28/2012,BNA,TN,ASO,CE,Combined TRACON& Tower with Radar,271,137,81,8,497,0,0,26,5,31,271,137,107,13,528,0,0,0,528
02/29/2012,BNA,TN,ASO,CE,Combined TRACON& Tower with Radar,269,135,73,1,478,0,0,5,3,8,269,135,78,4,486,0,0,0,486
03/01/2012,BNA,TN,ASO,CE,Combined TRACON& Tower with Radar,268,141,97,10,516,0,1,37,3,41,268,142,134,13,557,0,0,0,557
03/02/2012,BNA,TN,ASO,CE,Combined TRACON& Tower with Radar,265,139,56,2,462,0,0,0,0,0,265,139,56,2,462,0,0,0,462
03/03/2012,BNA,TN,ASO,CE,Combined TRACON& Tower with Radar,169,123,43,6,341,0,2,21,0,23,169,125,64,6,364,0,0,0,364
03/04/2012,BNA,TN,ASO,CE,Combined TRACON& Tower with Radar,241,123,46,4,414,0,0,11,1,12,241,123,57,5,426,0,0,0,426
03/05/2012,BNA,TN,ASO,CE,Combined TRACON& Tower with Radar,262,132,74,13,481,0,6,31,1,38,262,138,105,14,519,0,0,0,519
03/06/2012,BNA,TN,ASO,CE,Combined TRACON& Tower with Radar,266,143,79,6,494,0,0,59,6,65,266,143,138,12,559,0,0,0,559
03/07/2012,BNA,TN,ASO,CE,Combined TRACON& Tower with Radar,263,146,94,7,510,0,0,17,0,17,263,146,111,7,527,0,0,0,527
03/08/2012,BNA,TN,ASO,CE,Combined TRACON& Tower with Radar,273,135,68,4,480,0,0,1,0,1,273,135,69,4,481,0,0,0,481
03/09/2012,BNA,TN,ASO,CE,Combined TRACON& Tower with Radar,270,140,58,7,475,0,0,17,2,19,270,140,75,9,494,0,0,0,494
03/10/2012,BNA,TN,ASO,CE,Combined TRACON& Tower with Radar,212,131,32,5,380,0,4,37,9,50,212,135,69,14,430,0,0,0,430
03/11/2012,BNA,TN,ASO,CE,Combined TRACON& Tower with Radar,244,136,48,9,437,0,0,17,5,22,244,136,65,14,459,0,0,0,459
03/12/2012,BNA,TN,ASO,CE,Combined TRACON& Tower with Radar,271,138,53,9,471,0,1,5,3,9,271,139,58,12,480,0,0,0,480
03/13/2012,BNA,TN,ASO,CE,Combined TRACON& Tower with Radar,275,129,66,11,481,0,0,32,2,34,275,129,98,13,515,0,0,0,515
03/14/2012,BNA,TN,ASO,CE,Combined TRACON& Tower with Radar,282,145,73,8,508,0,0,35,7,42,282,145,108,15,550,0,0,0,550
03/15/2012,BNA,TN,ASO,CE,Combined TRACON& Tower with Radar,276,150,88,1,515,0,1,12,2,15,276,151,100,3,530,0,0,0,530
03/16/2012,BNA,TN,ASO,CE,Combined TRACON& Tower with Radar,280,167,80,3,530,0,0,10,0,10,280,167,90,3,540,0,0,0,540
03/17/2012,BNA,TN,ASO,CE,Combined TRACON& Tower with Radar,223,126,51,0,400,0,1,11,0,12,223,127,62,0,412,0,0,0,412
03/18/2012,BNA,TN,ASO,CE,Combined TRACON& Tower with Radar,252,143,55,3,453,0,0,24,0,24,252,143,79,3,477,0,0,0,477
03/19/2012,BNA,TN,ASO,CE,Combined TRACON& Tower with Radar,268,133,48,3,452,0,0,33,5,38,268,133,81,8,490,0,0,0,490
03/20/2012,BNA,TN,ASO,CE,Combined TRACON& Tower with Radar,275,125,64,8,472,0,2,31,6,39,275,127,95,14,511,0,0,0,511
03/21/2012,BNA,TN,ASO,CE,Combined TRACON& Tower with Radar,277,154,68,12,511,0,0,23,2,25,277,154,91,14,536,0,0,0,536
03/22/2012,BNA,TN,ASO,CE,Combined TRACON& Tower with Radar,275,144,91,2,512,0,2,14,1,17,275,146,105,3,529,0,0,0,529
03/23/2012,BNA,TN,ASO,CE,Combined TRACON& Tower with Radar,279,139,45,2,465,0,0,12,1,13,279,139,57,3,478,0,0,0,478
03/24/2012,BNA,TN,ASO,CE,Combined TRACON& Tower with Radar,221,125,45,3,394,0,0,13,0,13,221,125,58,3,407,0,0,0,407
03/25/2012,BNA,TN,ASO,CE,Combined TRACON& Tower with Radar,251,120,64,1,436,0,0,21,0,21,251,120,85,1,457,0,0,0,457
03/26/2012,BNA,TN,ASO,CE,Combined TRACON& Tower with Radar,265,142,69,7,483,0,1,37,1,39,265,143,106,8,522,0,0,0,522
03/27/2012,BNA,TN,ASO,CE,Combined TRACON& Tower with Radar,280,137,88,2,507,0,4,33,2,39,280,141,121,4,546,0,0,0,546
03/28/2012,BNA,TN,ASO,CE,Combined TRACON& Tower with Radar,273,136,85,2,496,0,2,20,8,30,273,138,105,10,526,0,0,0,526
03/29/2012,BNA,TN,ASO,CE,Combined TRACON& Tower with Radar,274,139,95,3,511,0,1,26,1,28,274,140,121,4,539,0,0,0,539
03/30/2012,BNA,TN,ASO,CE,Combined TRACON& Tower with Radar,271,143,72,3,489,0,0,18,1,19,271,143,90,4,508,0,0,0,508
03/31/2012,BNA,TN,ASO,CE,Combined TRACON& Tower with Radar,221,120,33,15,389,0,1,18,5,24,221,121,51,20,413,0,0,0,413
04/01/2012,BNA,TN,ASO,CE,Combined TRACON& Tower with Radar,253,138,45,24,460,0,2,34,6,42,253,140,79,30,502,0,0,0,502
04/02/2012,BNA,TN,ASO,CE,Combined TRACON& Tower with Radar,269,141,52,19,481,0,0,36,2,38,269,141,88,21,519,0,0,0,519
04/03/2012,BNA,TN,ASO,CE,Combined TRACON& Tower with Radar,257,147,93,24,521,0,0,27,4,31,257,147,120,28,552,0,0,0,552
04/04/2012,BNA,TN,ASO,CE,Combined TRACON& Tower with Radar,261,157,83,13,514,0,1,23,0,24,261,158,106,13,538,0,0,0,538
04/05/2012,BNA,TN,ASO,CE,Combined TRACON& Tower with Radar,260,162,77,11,510,0,0,7,0,7,260,162,84,11,517,0,0,0,517
04/06/2012,BNA,TN,ASO,CE,Combined TRACON& Tower with Radar,257,159,63,2,481,0,0,25,0,25,257,159,88,2,506,0,0,0,506
04/07/2012,BNA,TN,ASO,CE,Combined TRACON& Tower with Radar,208,115,28,6,357,0,0,20,0,20,208,115,48,6,377,0,0,0,377
04/08/2012,BNA,TN,ASO,CE,Combined TRACON& Tower with Radar,242,124,42,6,414,0,0,18,0,18,242,124,60,6,432,0,0,0,432
04/09/2012,BNA,TN,ASO,CE,Combined TRACON& Tower with Radar,268,145,66,8,487,0,2,25,1,28,268,147,91,9,515,0,0,0,515
04/10/2012,BNA,TN,ASO,CE,Combined TRACON& Tower with Radar,269,164,98,5,536,0,1,24,2,27,269,165,122,7,563,0,0,0,563
04/11/2012,BNA,TN,ASO,CE,Combined TRACON& Tower with Radar,274,146,105,7,532,0,0,22,0,22,274,146,127,7,554,0,0,0,554
04/12/2012,BNA,TN,ASO,CE,Combined TRACON& Tower with Radar,276,155,91,2,524,0,0,35,0,35,276,155,126,2,559,0,0,0,559
04/13/2012,BNA,TN,ASO,CE,Combined TRACON& Tower with Radar,269,153,75,9,506,0,1,23,5,29,269,154,98,14,535,0,0,0,535
04/14/2012,BNA,TN,ASO,CE,Combined TRACON& Tower with Radar,206,112,33,15,366,0,1,26,1,28,206,113,59,16,394,0,0,0,394
04/15/2012,BNA,TN,ASO,CE,Combined TRACON& Tower with Radar,242,130,47,10,429,0,2,17,1,20,242,132,64,11,449,0,0,0,449
04/16/2012,BNA,TN,ASO,CE,Combined TRACON& Tower with Radar,270,143,51,3,467,0,0,11,1,12,270,143,62,4,479,0,0,0,479
04/17/2012,BNA,TN,ASO,CE,Combined TRACON& Tower with Radar,270,145,106,2,523,0,2,5,2,9,270,147,111,4,532,0,0,0,532
04/18/2012,BNA,TN,ASO,CE,Combined TRACON& Tower with Radar,274,144,63,10,491,0,4,39,2,45,274,148,102,12,536,0,0,0,536
04/19/2012,BNA,TN,ASO,CE,Combined TRACON& Tower with Radar,271,143,91,4,509,0,1,28,1,30,271,144,119,5,539,0,0,0,539
04/20/2012,BNA,TN,ASO,CE,Combined TRACON& Tower with Radar,266,149,64,22,501,0,0,27,3,30,266,149,91,25,531,0,0,0,531
04/21/2012,BNA,TN,ASO,CE,Combined TRACON& Tower with Radar,217,116,34,3,370,0,0,1,0,1,217,116,35,3,371,0,0,0,371
04/22/2012,BNA,TN,ASO,CE,Combined TRACON& Tower with Radar,243,122,47,3,415,0,0,16,2,18,243,122,63,5,433,0,0,0,433
04/23/2012,BNA,TN,ASO,CE,Combined TRACON& Tower with Radar,271,137,33,17,458,0,0,20,1,21,271,137,53,18,479,0,0,0,479
04/24/2012,BNA,TN,ASO,CE,Combined TRACON& Tower with Radar,268,136,97,5,506,0,1,19,0,20,268,137,116,5,526,0,0,0,526
04/25/2012,BNA,TN,ASO,CE,Combined TRACON& Tower with Radar,269,157,80,1,507,0,6,30,1,37,269,163,110,2,544,0,0,0,544
04/26/2012,BNA,TN,ASO,CE,Combined TRACON& Tower with Radar,281,161,72,2,516,0,1,13,1,15,281,162,85,3,531,0,0,0,531
04/27/2012,BNA,TN,ASO,CE,Combined TRACON& Tower with Radar,272,175,105,6,558,0,1,29,4,34,272,176,134,10,592,0,0,0,592
04/28/2012,BNA,TN,ASO,CE,Combined TRACON& Tower with Radar,206,111,45,1,363,0,1,22,0,23,206,112,67,1,386,0,0,0,386
04/29/2012,BNA,TN,ASO,CE,Combined TRACON& Tower with Radar,241,136,57,2,436,0,2,16,0,18,241,138,73,2,454,0,0,0,454
04/30/2012,BNA,TN,ASO,CE,Combined TRACON& Tower with Radar,272,141,54,10,477,0,3,20,0,23,272,144,74,10,500,0,0,0,500
05/01/2012,BNA,TN,ASO,CE,Combined TRACON& Tower with Radar,273,147,58,9,487,0,0,33,4,37,273,147,91,13,524,0,0,0,524
05/02/2012,BNA,TN,ASO,CE,Combined TRACON& Tower with Radar,267,149,67,12,495,0,2,29,2,33,267,151,96,14,528,0,0,0,528
05/03/2012,BNA,TN,ASO,CE,Combined TRACON& Tower with Radar,272,150,83,10,515,0,2,13,2,17,272,152,96,12,532,0,0,0,532
05/04/2012,BNA,TN,ASO,CE,Combined TRACON& Tower with Radar,273,164,78,6,521,0,0,28,0,28,273,164,106,6,549,0,0,0,549
05/05/2012,BNA,TN,ASO,CE,Combined TRACON& Tower with Radar,206,115,42,7,370,0,0,12,2,14,206,115,54,9,384,0,0,0,384
05/06/2012,BNA,TN,ASO,CE,Combined TRACON& Tower with Radar,237,122,59,5,423,0,0,20,1,21,237,122,79,6,444,0,0,0,444
05/07/2012,BNA,TN,ASO,CE,Combined TRACON& Tower with Radar,266,148,47,3,464,0,3,15,2,20,266,151,62,5,484,0,0,0,484
05/08/2012,BNA,TN,ASO,CE,Combined TRACON& Tower with Radar,283,138,78,10,509,0,0,16,2,18,283,138,94,12,527,0,0,0,527
05/09/2012,BNA,TN,ASO,CE,Combined TRACON& Tower with Radar,266,149,108,6,529,0,1,26,2,29,266,150,134,8,558,0,0,0,558
05/10/2012,BNA,TN,ASO,CE,Combined TRACON& Tower with Radar,277,171,97,5,550,0,0,28,3,31,277,171,125,8,581,0,0,0,581
05/11/2012,BNA,TN,ASO,CE,Combined TRACON& Tower with Radar,276,162,85,3,526,0,3,41,3,47,276,165,126,6,573,0,0,0,573
05/12/2012,BNA,TN,ASO,CE,Combined TRACON& Tower with Radar,199,111,48,3,361,0,0,14,1,15,199,111,62,4,376,0,0,0,376
05/13/2012,BNA,TN,ASO,CE,Combined TRACON& Tower with Radar,244,134,52,3,433,0,0,0,1,1,244,134,52,4,434,0,0,0,434
05/14/2012,BNA,TN,ASO,CE,Combined TRACON& Tower with Radar,269,144,70,6,489,0,0,7,1,8,269,144,77,7,497,0,0,0,497
05/15/2012,BNA,TN,ASO,CE,Combined TRACON& Tower with Radar,273,129,95,14,511,0,3,15,4,22,273,132,110,18,533,0,0,0,533
05/16/2012,BNA,TN,ASO,CE,Combined TRACON& Tower with Radar,271,150,75,13,509,0,3,25,2,30,271,153,100,15,539,0,0,0,539
05/17/2012,BNA,TN,ASO,CE,Combined TRACON& Tower with Radar,276,168,67,8,519,0,0,48,7,55,276,168,115,15,574,0,0,0,574
05/18/2012,BNA,TN,ASO,CE,Combined TRACON& Tower with Radar,273,161,52,15,501,0,5,35,8,48,273,166,87,23,549,0,0,0,549
05/19/2012,BNA,TN,ASO,CE,Combined TRACON& Tower with Radar,213,110,35,8,366,0,2,19,3,24,213,112,54,11,390,0,0,0,390
05/20/2012,BNA,TN,ASO,CE,Combined TRACON& Tower with Radar,245,126,46,17,434,0,2,19,5,26,245,128,65,22,460,0,0,0,460
05/21/2012,BNA,TN,ASO,CE,Combined TRACON& Tower with Radar,264,146,67,3,480,0,0,12,0,12,264,146,79,3,492,0,0,0,492
05/22/2012,BNA,TN,ASO,CE,Combined TRACON& Tower with Radar,274,148,74,7,503,0,0,31,0,31,274,148,105,7,534,0,0,0,534
05/23/2012,BNA,TN,ASO,CE,Combined TRACON& Tower with Radar,279,147,74,4,504,0,0,33,1,34,279,147,107,5,538,0,0,0,538
05/24/2012,BNA,TN,ASO,CE,Combined TRACON& Tower with Radar,275,153,87,4,519,0,2,43,4,49,275,155,130,8,568,0,0,0,568
05/25/2012,BNA,TN,ASO,CE,Combined TRACON& Tower with Radar,265,148,69,6,488,0,4,28,2,34,265,152,97,8,522,0,0,0,522
05/26/2012,BNA,TN,ASO,CE,Combined TRACON& Tower with Radar,194,102,24,3,323,0,3,26,2,31,194,105,50,5,354,0,0,0,354
05/27/2012,BNA,TN,ASO,CE,Combined TRACON& Tower with Radar,195,94,40,6,335,0,0,14,2,16,195,94,54,8,351,0,0,0,351
05/28/2012,BNA,TN,ASO,CE,Combined TRACON& Tower with Radar,236,128,39,2,405,0,1,15,3,19,236,129,54,5,424,0,0,0,424
05/29/2012,BNA,TN,ASO,CE,Combined TRACON& Tower with Radar,273,137,67,2,479,0,1,23,7,31,273,138,90,9,510,0,0,0,510
05/30/2012,BNA,TN,ASO,CE,Combined TRACON& Tower with Radar,276,149,84,3,512,0,1,32,4,37,276,150,116,7,549,0,0,0,549
05/31/2012,BNA,TN,ASO,CE,Combined TRACON& Tower with Radar,274,148,89,4,515,0,0,21,2,23,274,148,110,6,538,0,0,0,538
06/01/2012,BNA,TN,ASO,CE,Combined TRACON& Tower with Radar,266,142,71,19,498,0,1,3,1,5,266,143,74,20,503,0,0,0,503
06/02/2012,BNA,TN,ASO,CE,Combined TRACON& Tower with Radar,217,102,23,14,356,0,3,19,8,30,217,105,42,22,386,0,0,0,386
06/03/2012,BNA,TN,ASO,CE,Combined TRACON& Tower with Radar,258,133,45,14,450,0,0,16,1,17,258,133,61,15,467,0,0,0,467
06/04/2012,BNA,TN,ASO,CE,Combined TRACON& Tower with Radar,279,156,70,3,508,0,1,10,1,12,279,157,80,4,520,0,0,0,520
06/05/2012,BNA,TN,ASO,CE,Combined TRACON& Tower with Radar,282,146,97,3,528,0,0,14,4,18,282,146,111,7,546,0,0,0,546
06/06/2012,BNA,TN,ASO,CE,Combined TRACON& Tower with Radar,274,149,74,5,502,0,0,14,1,15,274,149,88,6,517,0,0,0,517
06/07/2012,BNA,TN,ASO,CE,Combined TRACON& Tower with Radar,276,144,81,1,502,0,0,34,4,38,276,144,115,5,540,0,0,0,540
06/08/2012,BNA,TN,ASO,CE,Combined TRACON& Tower with Radar,277,144,45,9,475,0,1,28,2,31,277,145,73,11,506,0,0,0,506
06/09/2012,BNA,TN,ASO,CE,Combined TRACON& Tower with Radar,221,118,44,2,385,0,3,19,2,24,221,121,63,4,409,0,0,0,409
06/10/2012,BNA,TN,ASO,CE,Combined TRACON& Tower with Radar,260,125,45,14,444,0,0,4,1,5,260,125,49,15,449,0,0,0,449
06/11/2012,BNA,TN,ASO,CE,Combined TRACON& Tower with Radar,283,144,71,2,500,0,0,4,3,7,283,144,75,5,507,0,0,0,507
06/12/2012,BNA,TN,ASO,CE,Combined TRACON& Tower with Radar,284,145,101,8,538,0,0,13,3,16,284,145,114,11,554,0,0,0,554
06/13/2012,BNA,TN,ASO,CE,Combined TRACON& Tower with Radar,296,155,88,0,539,0,0,33,7,40,296,155,121,7,579,0,0,0,579
06/14/2012,BNA,TN,ASO,CE,Combined TRACON& Tower with Radar,280,148,96,6,530,0,0,26,4,30,280,148,122,10,560,0,0,0,560
06/15/2012,BNA,TN,ASO,CE,Combined TRACON& Tower with Radar,283,137,54,16,490,0,0,37,2,39,283,137,91,18,529,0,0,0,529
06/16/2012,BNA,TN,ASO,CE,Combined TRACON& Tower with Radar,224,124,26,2,376,0,2,21,0,23,224,126,47,2,399,0,0,0,399
06/17/2012,BNA,TN,ASO,CE,Combined TRACON& Tower with Radar,251,127,33,5,416,0,0,21,4,25,251,127,54,9,441,0,0,0,441
06/18/2012,BNA,TN,ASO,CE,Combined TRACON& Tower with Radar,281,151,70,5,507,0,5,12,2,19,281,156,82,7,526,0,0,0,526
06/19/2012,BNA,TN,ASO,CE,Combined TRACON& Tower with Radar,279,141,82,3,505,0,1,32,2,35,279,142,114,5,540,0,0,0,540
06/20/2012,BNA,TN,ASO,CE,Combined TRACON& Tower with Radar,282,149,65,3,499,0,2,28,0,30,282,151,93,3,529,0,0,0,529
06/21/2012,BNA,TN,ASO,CE,Combined TRACON& Tower with Radar,279,154,70,0,503,0,1,32,0,33,279,155,102,0,536,0,0,0,536
06/22/2012,BNA,TN,ASO,CE,Combined TRACON& Tower with Radar,267,137,68,1,473,0,4,37,0,41,267,141,105,1,514,0,0,0,514
06/23/2012,BNA,TN,ASO,CE,Combined TRACON& Tower with Radar,219,125,51,0,395,0,8,33,0,41,219,133,84,0,436,0,0,0,436
06/24/2012,BNA,TN,ASO,CE,Combined TRACON& Tower with Radar,254,138,56,9,457,0,3,24,0,27,254,141,80,9,484,0,0,0,484
06/25/2012,BNA,TN,ASO,CE,Combined TRACON& Tower with Radar,266,142,51,9,468,0,2,21,3,26,266,144,72,12,494,0,0,0,494
06/26/2012,BNA,TN,ASO,CE,Combined TRACON& Tower with Radar,279,158,79,3,519,0,1,29,5,35,279,159,108,8,554,0,0,0,554
06/27/2012,BNA,TN,ASO,CE,Combined TRACON& Tower with Radar,279,154,78,5,516,0,1,32,4,37,279,155,110,9,553,0,0,0,553
06/28/2012,BNA,TN,ASO,CE,Combined TRACON& Tower with Radar,286,143,85,6,520,0,0,36,7,43,286,143,121,13,563,0,0,0,563
06/29/2012,BNA,TN,ASO,CE,Combined TRACON& Tower with Radar,276,140,62,8,486,0,4,18,1,23,276,144,80,9,509,0,0,0,509
06/30/2012,BNA,TN,ASO,CE,Combined TRACON& Tower with Radar,219,124,41,6,390,0,2,25,2,29,219,126,66,8,419,0,0,0,419
07/01/2012,BNA,TN,ASO,CE,Combined TRACON& Tower with Radar,254,119,46,7,426,0,2,15,5,22,254,121,61,12,448,0,0,0,448
07/02/2012,BNA,TN,ASO,CE,Combined TRACON& Tower with Radar,259,129,42,6,436,0,0,32,2,34,259,129,74,8,470,0,0,0,470
07/03/2012,BNA,TN,ASO,CE,Combined TRACON& Tower with Radar,266,123,38,2,429,0,2,18,0,20,266,125,56,2,449,0,0,0,449
07/04/2012,BNA,TN,ASO,CE,Combined TRACON& Tower with Radar,217,92,14,0,323,0,0,15,0,15,217,92,29,0,338,0,0,0,338
07/05/2012,BNA,TN,ASO,CE,Combined TRACON& Tower with Radar,255,115,20,0,390,0,2,22,0,24,255,117,42,0,414,0,0,0,414
07/06/2012,BNA,TN,ASO,CE,Combined TRACON& Tower with Radar,251,138,39,5,433,0,4,21,3,28,251,142,60,8,461,0,0,0,461
07/07/2012,BNA,TN,ASO,CE,Combined TRACON& Tower with Radar,224,128,26,4,382,0,5,16,3,24,224,133,42,7,406,0,0,0,406
07/08/2012,BNA,TN,ASO,CE,Combined TRACON& Tower with Radar,249,127,44,2,422,0,0,13,0,13,249,127,57,2,435,0,0,0,435
07/09/2012,BNA,TN,ASO,CE,Combined TRACON& Tower with Radar,275,145,38,6,464,0,1,5,2,8,275,146,43,8,472,0,0,0,472
07/10/2012,BNA,TN,ASO,CE,Combined TRACON& Tower with Radar,288,143,80,0,511,0,1,3,0,4,288,144,83,0,515,0,0,0,515
07/11/2012,BNA,TN,ASO,CE,Combined TRACON& Tower with Radar,288,156,65,4,513,0,0,15,0,15,288,156,80,4,528,0,0,0,528
07/12/2012,BNA,TN,ASO,CE,Combined TRACON& Tower with Radar,277,150,67,0,494,0,0,3,0,3,277,150,70,0,497,0,0,0,497
07/13/2012,BNA,TN,ASO,CE,Combined TRACON& Tower with Radar,288,134,53,5,480,0,0,9,0,9,288,134,62,5,489,0,0,0,489
07/14/2012,BNA,TN,ASO,CE,Combined TRACON& Tower with Radar,213,121,20,4,358,0,0,5,0,5,213,121,25,4,363,0,0,0,363
07/15/2012,BNA,TN,ASO,CE,Combined TRACON& Tower with Radar,253,121,40,1,415,0,0,18,1,19,253,121,58,2,434,0,0,0,434
07/16/2012,BNA,TN,ASO,CE,Combined TRACON& Tower with Radar,280,140,55,13,488,0,0,17,1,18,280,140,72,14,506,0,0,0,506
07/17/2012,BNA,TN,ASO,CE,Combined TRACON& Tower with Radar,289,144,73,10,516,0,0,16,0,16,289,144,89,10,532,0,0,0,532
07/18/2012,BNA,TN,ASO,CE,Combined TRACON& Tower with Radar,273,137,81,10,501,0,0,6,0,6,273,137,87,10,507,0,0,0,507
07/19/2012,BNA,TN,ASO,CE,Combined TRACON& Tower with Radar,266,144,99,2,511,0,0,19,0,19,266,144,118,2,530,0,0,0,530
07/20/2012,BNA,TN,ASO,CE,Combined TRACON& Tower with Radar,284,151,65,14,514,0,0,15,6,21,284,151,80,20,535,0,0,0,535
07/21/2012,BNA,TN,ASO,CE,Combined TRACON& Tower with Radar,217,129,45,10,401,0,1,6,0,7,217,130,51,10,408,0,0,0,408
07/22/2012,BNA,TN,ASO,CE,Combined TRACON& Tower with Radar,256,135,39,11,441,0,6,26,4,36,256,141,65,15,477,0,0,0,477
07/23/2012,BNA,TN,ASO,CE,Combined TRACON& Tower with Radar,273,138,39,3,453,0,1,18,5,24,273,139,57,8,477,0,0,0,477
07/24/2012,BNA,TN,ASO,CE,Combined TRACON& Tower with Radar,282,157,62,3,504,0,1,28,1,30,282,158,90,4,534,0,0,0,534
07/25/2012,BNA,TN,ASO,CE,Combined TRACON& Tower with Radar,285,146,90,3,524,0,7,20,5,32,285,153,110,8,556,0,0,0,556
07/26/2012,BNA,TN,ASO,CE,Combined TRACON& Tower with Radar,274,137,72,6,489,0,4,28,0,32,274,141,100,6,521,0,0,0,521
07/27/2012,BNA,TN,ASO,CE,Combined TRACON& Tower with Radar,274,138,59,20,491,0,4,25,4,33,274,142,84,24,524,0,0,0,524
07/28/2012,BNA,TN,ASO,CE,Combined TRACON& Tower with Radar,215,122,22,4,363,0,6,15,0,21,215,128,37,4,384,0,0,0,384
07/29/2012,BNA,TN,ASO,CE,Combined TRACON& Tower with Radar,256,131,31,4,422,0,0,20,2,22,256,131,51,6,444,0,0,0,444
07/30/2012,BNA,TN,ASO,CE,Combined TRACON& Tower with Radar,272,142,64,2,480,0,0,22,2,24,272,142,86,4,504,0,0,0,504
07/31/2012,BNA,TN,ASO,CE,Combined TRACON& Tower with Radar,279,141,76,1,497,0,1,19,3,23,279,142,95,4,520,0,0,0,520
08/01/2012,BNA,TN,ASO,CE,Combined TRACON& Tower with Radar,275,128,76,1,480,0,0,34,2,36,275,128,110,3,516,0,0,0,516
08/02/2012,BNA,TN,ASO,CE,Combined TRACON& Tower with Radar,282,150,65,8,505,0,0,27,3,30,282,150,92,11,535,0,0,0,535
08/03/2012,BNA,TN,ASO,CE,Combined TRACON& Tower with Radar,269,153,41,15,478,0,2,14,0,16,269,155,55,15,494,0,0,0,494
08/04/2012,BNA,TN,ASO,CE,Combined TRACON& Tower with Radar,207,129,19,11,366,0,0,11,0,11,207,129,30,11,377,0,0,0,377
08/05/2012,BNA,TN,ASO,CE,Combined TRACON& Tower with Radar,250,125,34,1,410,0,0,7,1,8,250,125,41,2,418,0,0,0,418
08/06/2012,BNA,TN,ASO,CE,Combined TRACON& Tower with Radar,275,152,64,3,494,0,0,12,0,12,275,152,76,3,506,0,0,0,506
08/07/2012,BNA,TN,ASO,CE,Combined TRACON& Tower with Radar,277,143,78,5,503,0,2,20,1,23,277,145,98,6,526,0,0,0,526
08/08/2012,BNA,TN,ASO,CE,Combined TRACON& Tower with Radar,278,146,89,2,515,0,0,34,1,35,278,146,123,3,550,0,0,0,550
08/09/2012,BNA,TN,ASO,CE,Combined TRACON& Tower with Radar,264,144,71,0,479,0,1,10,0,11,264,145,81,0,490,0,0,0,490
08/10/2012,BNA,TN,ASO,CE,Combined TRACON& Tower with Radar,272,135,71,17,495,0,1,10,4,15,272,136,81,21,510,0,0,0,510
08/11/2012,BNA,TN,ASO,CE,Combined TRACON& Tower with Radar,210,125,33,6,374,0,4,22,1,27,210,129,55,7,401,0,0,0,401
08/12/2012,BNA,TN,ASO,CE,Combined TRACON& Tower with Radar,235,145,32,8,420,0,3,14,4,21,235,148,46,12,441,0,0,0,441
08/13/2012,BNA,TN,ASO,CE,Combined TRACON& Tower with Radar,265,142,53,0,460,0,2,7,0,9,265,144,60,0,469,0,0,0,469
08/14/2012,BNA,TN,ASO,CE,Combined TRACON& Tower with Radar,273,137,68,3,481,0,2,16,2,20,273,139,84,5,501,0,0,0,501
08/15/2012,BNA,TN,ASO,CE,Combined TRACON& Tower with Radar,266,130,82,12,490,0,5,29,1,35,266,135,111,13,525,0,0,0,525
08/16/2012,BNA,TN,ASO,CE,Combined TRACON& Tower with Radar,270,140,77,4,491,0,0,37,0,37,270,140,114,4,528,0,0,0,528
08/17/2012,BNA,TN,ASO,CE,Combined TRACON& Tower with Radar,274,141,67,9,491,0,1,9,5,15,274,142,76,14,506,0,0,0,506
08/18/2012,BNA,TN,ASO,CE,Combined TRACON& Tower with Radar,190,130,34,7,361,0,0,22,1,23,190,130,56,8,384,0,0,0,384
08/19/2012,BNA,TN,ASO,CE,Combined TRACON& Tower with Radar,234,137,50,7,428,0,0,26,3,29,234,137,76,10,457,0,0,0,457
08/20/2012,BNA,TN,ASO,CE,Combined TRACON& Tower with Radar,267,143,47,2,459,0,4,14,2,20,267,147,61,4,479,0,0,0,479
08/21/2012,BNA,TN,ASO,CE,Combined TRACON& Tower with Radar,263,131,75,4,473,0,1,23,5,29,263,132,98,9,502,0,0,0,502
08/22/2012,BNA,TN,ASO,CE,Combined TRACON& Tower with Radar,277,128,54,2,461,0,0,30,2,32,277,128,84,4,493,0,0,0,493
08/23/2012,BNA,TN,ASO,CE,Combined TRACON& Tower with Radar,272,142,85,3,502,0,0,27,5,32,272,142,112,8,534,0,0,0,534
08/24/2012,BNA,TN,ASO,CE,Combined TRACON& Tower with Radar,277,131,53,14,475,0,2,35,6,43,277,133,88,20,518,0,0,0,518
08/25/2012,BNA,TN,ASO,CE,Combined TRACON& Tower with Radar,188,117,43,6,354,0,0,11,0,11,188,117,54,6,365,0,0,0,365
08/26/2012,BNA,TN,ASO,CE,Combined TRACON& Tower with Radar,231,145,41,7,424,0,2,30,2,34,231,147,71,9,458,0,0,0,458
08/27/2012,BNA,TN,ASO,CE,Combined TRACON& Tower with Radar,258,144,55,5,462,0,1,25,2,28,258,145,80,7,490,0,0,0,490
08/28/2012,BNA,TN,ASO,CE,Combined TRACON& Tower with Radar,266,133,50,6,455,0,1,14,4,19,266,134,64,10,474,0,0,0,474
08/29/2012,BNA,TN,ASO,CE,Combined TRACON& Tower with Radar,276,132,74,7,489,0,2,19,3,24,276,134,93,10,513,0,0,0,513
08/30/2012,BNA,TN,ASO,CE,Combined TRACON& Tower with Radar,276,154,90,2,522,0,0,13,2,15,276,154,103,4,537,0,0,0,537
08/31/2012,BNA,TN,ASO,CE,Combined TRACON& Tower with Radar,276,141,68,6,491,0,0,12,0,12,276,141,80,6,503,0,0,0,503
09/01/2012,BNA,TN,ASO,CE,Combined TRACON& Tower with Radar,175,106,22,0,303,0,0,9,0,9,175,106,31,0,312,0,0,0,312
09/02/2012,BNA,TN,ASO,CE,Combined TRACON& Tower with Radar,168,67,25,0,260,0,1,0,0,1,168,68,25,0,261,0,0,0,261
09/03/2012,BNA,TN,ASO,CE,Combined TRACON& Tower with Radar,231,113,26,0,370,0,0,1,0,1,231,113,27,0,371,0,0,0,371
09/04/2012,BNA,TN,ASO,CE,Combined TRACON& Tower with Radar,265,128,46,0,439,0,0,6,0,6,265,128,52,0,445,0,0,0,445
09/05/2012,BNA,TN,ASO,CE,Combined TRACON& Tower with Radar,272,121,70,1,464,0,0,7,0,7,272,121,77,1,471,0,0,0,471
09/06/2012,BNA,TN,ASO,CE,Combined TRACON& Tower with Radar,271,142,78,5,496,0,0,23,3,26,271,142,101,8,522,0,0,0,522
09/07/2012,BNA,TN,ASO,CE,Combined TRACON& Tower with Radar,264,146,56,6,472,0,0,29,1,30,264,146,85,7,502,0,0,0,502
09/08/2012,BNA,TN,ASO,CE,Combined TRACON& Tower with Radar,180,102,37,8,327,0,0,7,0,7,180,102,44,8,334,0,0,0,334
09/09/2012,BNA,TN,ASO,CE,Combined TRACON& Tower with Radar,241,138,61,10,450,0,4,19,1,24,241,142,80,11,474,0,0,0,474
09/10/2012,BNA,TN,ASO,CE,Combined TRACON& Tower with Radar,267,151,62,3,483,0,4,19,1,24,267,155,81,4,507,0,0,0,507
09/11/2012,BNA,TN,ASO,CE,Combined TRACON& Tower with Radar,258,135,66,4,463,0,2,24,8,34,258,137,90,12,497,0,0,0,497
09/12/2012,BNA,TN,ASO,CE,Combined TRACON& Tower with Radar,274,145,94,5,518,0,0,14,1,15,274,145,108,6,533,0,0,0,533
09/13/2012,BNA,TN,ASO,CE,Combined TRACON& Tower with Radar,270,138,107,9,524,0,0,34,3,37,270,138,141,12,561,0,0,0,561
09/14/2012,BNA,TN,ASO,CE,Combined TRACON& Tower with Radar,269,144,91,14,518,0,2,34,6,42,269,146,125,20,560,0,0,0,560
09/15/2012,BNA,TN,ASO,CE,Combined TRACON& Tower with Radar,183,106,41,0,330,0,0,17,2,19,183,106,58,2,349,0,0,0,349
09/16/2012,BNA,TN,ASO,CE,Combined TRACON& Tower with Radar,228,140,45,7,420,0,0,12,3,15,228,140,57,10,435,0,0,0,435
09/17/2012,BNA,TN,ASO,CE,Combined TRACON& Tower with Radar,270,135,59,0,464,0,0,0,0,0,270,135,59,0,464,0,0,0,464
09/18/2012,BNA,TN,ASO,CE,Combined TRACON& Tower with Radar,258,133,90,0,481,0,0,5,0,5,258,133,95,0,486,0,0,0,486
09/19/2012,BNA,TN,ASO,CE,Combined TRACON& Tower with Radar,274,142,75,0,491,0,3,33,2,38,274,145,108,2,529,0,0,0,529
09/20/2012,BNA,TN,ASO,CE,Combined TRACON& Tower with Radar,269,143,85,0,497,0,3,31,6,40,269,146,116,6,537,0,0,0,537
09/21/2012,BNA,TN,ASO,CE,Combined TRACON& Tower with Radar,270,140,51,5,466,0,0,29,1,30,270,140,80,6,496,0,0,0,496
09/22/2012,BNA,TN,ASO,CE,Combined TRACON& Tower with Radar,183,102,28,11,324,0,0,31,0,31,183,102,59,11,355,0,0,0,355
09/23/2012,BNA,TN,ASO,CE,Combined TRACON& Tower with Radar,237,145,64,7,453,0,0,30,0,30,237,145,94,7,483,0,0,0,483
09/24/2012,BNA,TN,ASO,CE,Combined TRACON& Tower with Radar,258,133,63,1,455,0,4,33,1,38,258,137,96,2,493,0,0,0,493
09/25/2012,BNA,TN,ASO,CE,Combined TRACON& Tower with Radar,268,140,76,10,494,0,2,15,1,18,268,142,91,11,512,0,0,0,512
09/26/2012,BNA,TN,ASO,CE,Combined TRACON& Tower with Radar,269,126,63,12,470,0,3,31,1,35,269,129,94,13,505,0,0,0,505
09/27/2012,BNA,TN,ASO,CE,Combined TRACON& Tower with Radar,269,134,75,2,480,0,0,27,2,29,269,134,102,4,509,0,0,0,509
09/28/2012,BNA,TN,ASO,CE,Combined TRACON& Tower with Radar,268,149,78,2,497,0,0,12,1,13,268,149,90,3,510,0,0,0,510
09/29/2012,BNA,TN,ASO,CE,Combined TRACON& Tower with Radar,176,103,32,0,311,0,0,25,0,25,176,103,57,0,336,0,0,0,336
09/30/2012,BNA,TN,ASO,CE,Combined TRACON& Tower with Radar,237,123,47,6,413,0,0,15,0,15,237,123,62,6,428,0,0,0,428
10/01/2012,BNA,TN,ASO,CE,Combined TRACON& Tower with Radar,261,137,58,0,456,0,0,0,0,0,261,137,58,0,456,0,0,0,456
10/02/2012,BNA,TN,ASO,CE,Combined TRACON& Tower with Radar,273,148,111,2,534,0,0,5,0,5,273,148,116,2,539,0,0,0,539
10/03/2012,BNA,TN,ASO,CE,Combined TRACON& Tower with Radar,274,130,75,4,483,0,3,41,3,47,274,133,116,7,530,0,0,0,530
10/04/2012,BNA,TN,ASO,CE,Combined TRACON& Tower with Radar,281,142,83,2,508,0,4,40,2,46,281,146,123,4,554,0,0,0,554
10/05/2012,BNA,TN,ASO,CE,Combined TRACON& Tower with Radar,275,131,64,2,472,0,1,30,0,31,275,132,94,2,503,0,0,0,503
10/06/2012,BNA,TN,ASO,CE,Combined TRACON& Tower with Radar,196,93,40,1,330,0,0,4,0,4,196,93,44,1,334,0,0,0,334
10/07/2012,BNA,TN,ASO,CE,Combined TRACON& Tower with Radar,246,119,62,0,427,0,1,21,0,22,246,120,83,0,449,0,0,0,449
10/08/2012,BNA,TN,ASO,CE,Combined TRACON& Tower with Radar,266,136,61,6,469,0,0,30,0,30,266,136,91,6,499,0,0,0,499
10/09/2012,BNA,TN,ASO,CE,Combined TRACON& Tower with Radar,275,146,82,2,505,0,0,17,1,18,275,146,99,3,523,0,0,0,523
10/10/2012,BNA,TN,ASO,CE,Combined TRACON& Tower with Radar,279,138,99,2,518,0,0,21,0,21,279,138,120,2,539,0,0,0,539
10/11/2012,BNA,TN,ASO,CE,Combined TRACON& Tower with Radar,272,140,108,1,521,0,1,35,1,37,272,141,143,2,558,0,0,0,558
10/12/2012,BNA,TN,ASO,CE,Combined TRACON& Tower with Radar,273,164,70,7,514,0,0,1,1,2,273,164,71,8,516,0,0,0,516
10/13/2012,BNA,TN,ASO,CE,Combined TRACON& Tower with Radar,196,110,53,7,366,0,2,17,1,20,196,112,70,8,386,0,0,0,386
10/14/2012,BNA,TN,ASO,CE,Combined TRACON& Tower with Radar,241,130,73,4,448,0,0,2,4,6,241,130,75,8,454,0,0,0,454
10/15/2012,BNA,TN,ASO,CE,Combined TRACON& Tower with Radar,269,137,83,7,496,0,6,25,5,36,269,143,108,12,532,0,0,0,532
10/16/2012,BNA,TN,ASO,CE,Combined TRACON& Tower with Radar,270,127,57,3,457,0,4,31,3,38,270,131,88,6,495,0,0,0,495
10/17/2012,BNA,TN,ASO,CE,Combined TRACON& Tower with Radar,278,123,75,2,478,0,4,20,7,31,278,127,95,9,509,0,0,0,509
10/18/2012,BNA,TN,ASO,CE,Combined TRACON& Tower with Radar,277,141,93,4,515,0,0,27,0,27,277,141,120,4,542,0,0,0,542
10/19/2012,BNA,TN,ASO,CE,Combined TRACON& Tower with Radar,275,135,64,2,476,0,0,16,0,16,275,135,80,2,492,0,0,0,492
10/20/2012,BNA,TN,ASO,CE,Combined TRACON& Tower with Radar,204,104,51,2,361,0,1,23,0,24,204,105,74,2,385,0,0,0,385
10/21/2012,BNA,TN,ASO,CE,Combined TRACON& Tower with Radar,246,119,82,2,449,1,4,21,0,26,247,123,103,2,475,0,0,0,475
10/22/2012,BNA,TN,ASO,CE,Combined TRACON& Tower with Radar,269,115,53,5,442,0,4,42,1,47,269,119,95,6,489,0,0,0,489
10/23/2012,BNA,TN,ASO,CE,Combined TRACON& Tower with Radar,272,155,63,0,490,0,0,43,4,47,272,155,106,4,537,0,0,0,537
10/24/2012,BNA,TN,ASO,CE,Combined TRACON& Tower with Radar,276,134,98,0,508,0,1,27,2,30,276,135,125,2,538,0,0,0,538
10/25/2012,BNA,TN,ASO,CE,Combined TRACON& Tower with Radar,268,142,100,1,511,0,0,32,1,33,268,142,132,2,544,0,0,0,544
10/26/2012,BNA,TN,ASO,CE,Combined TRACON& Tower with Radar,278,142,87,16,523,0,0,7,0,7,278,142,94,16,530,0,0,0,530
10/27/2012,BNA,TN,ASO,CE,Combined TRACON& Tower with Radar,200,102,45,14,361,0,0,5,1,6,200,102,50,15,367,0,0,0,367
10/28/2012,BNA,TN,ASO,CE,Combined TRACON& Tower with Radar,243,118,63,12,436,0,0,8,4,12,243,118,71,16,448,0,0,0,448
10/29/2012,BNA,TN,ASO,CE,Combined TRACON& Tower with Radar,229,94,73,1,397,0,3,6,1,10,229,97,79,2,407,0,0,0,407
10/30/2012,BNA,TN,ASO,CE,Combined TRACON& Tower with Radar,243,84,54,2,383,0,0,8,3,11,243,84,62,5,394,0,0,0,394
10/31/2012,BNA,TN,ASO,CE,Combined TRACON& Tower with Radar,237,96,62,2,397,0,1,31,0,32,237,97,93,2,429,0,0,0,429
11/01/2012,BNA,TN,ASO,CE,Combined TRACON& Tower with Radar,271,142,105,0,518,0,7,28,2,37,271,149,133,2,555,0,0,0,555
11/02/2012,BNA,TN,ASO,CE,Combined TRACON& Tower with Radar,267,156,115,1,539,0,3,30,1,34,267,159,145,2,573,0,0,0,573
11/03/2012,BNA,TN,ASO,CE,Combined TRACON& Tower with Radar,198,100,57,10,365,0,2,25,1,28,198,102,82,11,393,0,0,0,393
11/04/2012,BNA,TN,ASO,CE,Combined TRACON& Tower with Radar,241,120,60,1,422,0,1,19,3,23,241,121,79,4,445,0,0,0,445
11/05/2012,BNA,TN,ASO,CE,Combined TRACON& Tower with Radar,254,140,65,7,466,0,6,17,0,23,254,146,82,7,489,0,0,0,489
11/06/2012,BNA,TN,ASO,CE,Combined TRACON& Tower with Radar,247,115,57,0,419,0,1,11,0,12,247,116,68,0,431,0,0,0,431
11/07/2012,BNA,TN,ASO,CE,Combined TRACON& Tower with Radar,249,124,73,0,446,0,3,20,1,24,249,127,93,1,470,0,0,0,470
11/08/2012,BNA,TN,ASO,CE,Combined TRACON& Tower with Radar,255,145,85,2,487,0,3,22,0,25,255,148,107,2,512,0,0,0,512
11/09/2012,BNA,TN,ASO,CE,Combined TRACON& Tower with Radar,259,135,66,4,464,0,4,27,3,34,259,139,93,7,498,0,0,0,498
11/10/2012,BNA,TN,ASO,CE,Combined TRACON& Tower with Radar,202,84,33,0,319,0,2,23,0,25,202,86,56,0,344,0,0,0,344
11/11/2012,BNA,TN,ASO,CE,Combined TRACON& Tower with Radar,235,112,38,0,385,0,0,9,0,9,235,112,47,0,394,0,0,0,394
11/12/2012,BNA,TN,ASO,CE,Combined TRACON& Tower with Radar,256,141,72,1,470,0,3,3,0,6,256,144,75,1,476,0,0,0,476
11/13/2012,BNA,TN,ASO,CE,Combined TRACON& Tower with Radar,260,139,90,10,499,0,3,22,1,26,260,142,112,11,525,0,0,0,525
11/14/2012,BNA,TN,ASO,CE,Combined TRACON& Tower with Radar,263,140,100,5,508,0,3,19,5,27,263,143,119,10,535,0,0,0,535
11/15/2012,BNA,TN,ASO,CE,Combined TRACON& Tower with Radar,260,148,93,5,506,0,4,27,7,38,260,152,120,12,544,0,0,0,544
11/16/2012,BNA,TN,ASO,CE,Combined TRACON& Tower with Radar,258,146,89,12,505,0,4,29,5,38,258,150,118,17,543,0,0,0,543
11/17/2012,BNA,TN,ASO,CE,Combined TRACON& Tower with Radar,196,93,39,10,338,0,1,29,2,32,196,94,68,12,370,0,0,0,370
11/18/2012,BNA,TN,ASO,CE,Combined TRACON& Tower with Radar,227,111,45,11,394,0,3,14,3,20,227,114,59,14,414,0,0,0,414
11/19/2012,BNA,TN,ASO,CE,Combined TRACON& Tower with Radar,241,133,75,0,449,0,1,21,0,22,241,134,96,0,471,0,0,0,471
11/20/2012,BNA,TN,ASO,CE,Combined TRACON& Tower with Radar,258,127,55,0,440,0,3,30,0,33,258,130,85,0,473,0,0,0,473
11/21/2012,BNA,TN,ASO,CE,Combined TRACON& Tower with Radar,269,130,59,1,459,0,2,30,0,32,269,132,89,1,491,0,0,0,491
11/22/2012,BNA,TN,ASO,CE,Combined TRACON& Tower with Radar,138,72,13,0,223,0,7,4,0,11,138,79,17,0,234,0,0,0,234
11/23/2012,BNA,TN,ASO,CE,Combined TRACON& Tower with Radar,196,90,26,0,312,0,3,10,0,13,196,93,36,0,325,0,0,0,325
11/24/2012,BNA,TN,ASO,CE,Combined TRACON& Tower with Radar,208,126,26,0,360,0,4,17,0,21,208,130,43,0,381,0,0,0,381
11/25/2012,BNA,TN,ASO,CE,Combined TRACON& Tower with Radar,278,137,49,0,464,0,0,25,1,26,278,137,74,1,490,0,0,0,490
11/26/2012,BNA,TN,ASO,CE,Combined TRACON& Tower with Radar,265,137,53,2,457,0,4,13,2,19,265,141,66,4,476,0,0,0,476
11/27/2012,BNA,TN,ASO,CE,Combined TRACON& Tower with Radar,257,129,81,4,471,0,0,3,0,3,257,129,84,4,474,0,0,0,474
11/28/2012,BNA,TN,ASO,CE,Combined TRACON& Tower with Radar,256,140,80,2,478,0,2,40,4,46,256,142,120,6,524,0,0,0,524
11/29/2012,BNA,TN,ASO,CE,Combined TRACON& Tower with Radar,260,143,68,4,475,0,5,33,3,41,260,148,101,7,516,0,0,0,516
11/30/2012,BNA,TN,ASO,CE,Combined TRACON& Tower with Radar,255,131,62,19,467,0,3,23,1,27,255,134,85,20,494,0,0,0,494
12/01/2012,BNA,TN,ASO,CE,Combined TRACON& Tower with Radar,197,103,42,13,355,0,3,15,6,24,197,106,57,19,379,0,0,0,379
12/02/2012,BNA,TN,ASO,CE,Combined TRACON& Tower with Radar,234,129,67,7,437,0,9,12,1,22,234,138,79,8,459,0,0,0,459
12/03/2012,BNA,TN,ASO,CE,Combined TRACON& Tower with Radar,252,142,54,4,452,0,2,30,3,35,252,144,84,7,487,0,0,0,487
12/04/2012,BNA,TN,ASO,CE,Combined TRACON& Tower with Radar,253,134,53,1,441,0,0,3,0,3,253,134,56,1,444,0,0,0,444
12/05/2012,BNA,TN,ASO,CE,Combined TRACON& Tower with Radar,258,152,73,3,486,0,1,15,0,16,258,153,88,3,502,0,0,0,502
12/06/2012,BNA,TN,ASO,CE,Combined TRACON& Tower with Radar,265,150,90,5,510,0,3,12,0,15,265,153,102,5,525,0,0,0,525
12/07/2012,BNA,TN,ASO,CE,Combined TRACON& Tower with Radar,255,139,53,4,451,0,2,15,0,17,255,141,68,4,468,0,0,0,468
12/08/2012,BNA,TN,ASO,CE,Combined TRACON& Tower with Radar,191,99,34,3,327,0,0,4,0,4,191,99,38,3,331,0,0,0,331
12/09/2012,BNA,TN,ASO,CE,Combined TRACON& Tower with Radar,227,119,35,0,381,0,0,2,0,2,227,119,37,0,383,0,0,0,383
12/10/2012,BNA,TN,ASO,CE,Combined TRACON& Tower with Radar,256,135,54,0,445,0,0,0,1,1,256,135,54,1,446,0,0,0,446
12/11/2012,BNA,TN,ASO,CE,Combined TRACON& Tower with Radar,253,143,87,9,492,0,1,28,4,33,253,144,115,13,525,0,0,0,525
12/12/2012,BNA,TN,ASO,CE,Combined TRACON& Tower with Radar,263,149,101,6,519,0,6,33,3,42,263,155,134,9,561,0,0,0,561
12/13/2012,BNA,TN,ASO,CE,Combined TRACON& Tower with Radar,263,153,84,0,500,0,5,43,2,50,263,158,127,2,550,0,0,0,550
12/14/2012,BNA,TN,ASO,CE,Combined TRACON& Tower with Radar,258,138,75,9,480,0,11,28,5,44,258,149,103,14,524,0,0,0,524
12/15/2012,BNA,TN,ASO,CE,Combined TRACON& Tower with Radar,187,106,35,15,343,0,0,4,0,4,187,106,39,15,347,0,0,0,347
12/16/2012,BNA,TN,ASO,CE,Combined TRACON& Tower with Radar,232,117,43,15,407,0,1,1,0,2,232,118,44,15,409,0,0,0,409
12/17/2012,BNA,TN,ASO,CE,Combined TRACON& Tower with Radar,235,143,65,6,449,0,1,6,2,9,235,144,71,8,458,0,0,0,458
12/18/2012,BNA,TN,ASO,CE,Combined TRACON& Tower with Radar,256,132,79,1,468,0,2,20,0,22,256,134,99,1,490,0,0,0,490
12/19/2012,BNA,TN,ASO,CE,Combined TRACON& Tower with Radar,253,154,54,3,464,0,1,22,3,26,253,155,76,6,490,0,0,0,490
12/20/2012,BNA,TN,ASO,CE,Combined TRACON& Tower with Radar,252,138,36,0,426,0,1,0,0,1,252,139,36,0,427,0,0,0,427
12/21/2012,BNA,TN,ASO,CE,Combined TRACON& Tower with Radar,255,135,53,0,443,0,1,12,0,13,255,136,65,0,456,0,0,0,456
12/22/2012,BNA,TN,ASO,CE,Combined TRACON& Tower with Radar,227,114,35,0,376,0,3,36,0,39,227,117,71,0,415,0,0,0,415
12/23/2012,BNA,TN,ASO,CE,Combined TRACON& Tower with Radar,222,114,23,0,359,0,0,3,1,4,222,114,26,1,363,0,0,0,363
12/24/2012,BNA,TN,ASO,CE,Combined TRACON& Tower with Radar,187,86,16,0,289,0,0,0,0,0,187,86,16,0,289,0,0,0,289
12/25/2012,BNA,TN,ASO,CE,Combined TRACON& Tower with Radar,181,85,10,0,276,0,0,0,0,0,181,85,10,0,276,0,0,0,276
12/26/2012,BNA,TN,ASO,CE,Combined TRACON& Tower with Radar,231,130,39,0,400,0,0,0,0,0,231,130,39,0,400,0,0,0,400
12/27/2012,BNA,TN,ASO,CE,Combined TRACON& Tower with Radar,258,149,42,0,449,0,0,3,0,3,258,149,45,0,452,0,0,0,452
12/28/2012,BNA,TN,ASO,CE,Combined TRACON& Tower with Radar,246,137,24,2,409,0,1,4,0,5,246,138,28,2,414,0,0,0,414
12/29/2012,BNA,TN,ASO,CE,Combined TRACON& Tower with Radar,185,108,28,0,321,0,0,1,0,1,185,108,29,0,322,0,0,0,322
12/30/2012,BNA,TN,ASO,CE,Combined TRACON& Tower with Radar,220,114,39,0,373,0,0,14,0,14,220,114,53,0,387,0,0,0,387
12/31/2012,BNA,TN,ASO,CE,Combined TRACON& Tower with Radar,188,116,30,0,334,0,1,16,0,17,188,117,46,0,351,0,0,0,351
01/01/2013,BNA,TN,ASO,CE,Combined TRACON& Tower with Radar,192,110,22,0,324,0,0,0,0,0,192,110,22,0,324,0,0,0,324
01/02/2013,BNA,TN,ASO,CE,Combined TRACON& Tower with Radar,248,137,40,0,425,0,0,7,0,7,248,137,47,0,432,0,0,0,432
01/03/2013,BNA,TN,ASO,CE,Combined TRACON& Tower with Radar,256,125,31,2,414,0,4,14,1,19,256,129,45,3,433,0,0,0,433
01/04/2013,BNA,TN,ASO,CE,Combined TRACON& Tower with Radar,250,132,46,2,430,0,2,40,1,43,250,134,86,3,473,0,0,0,473
01/05/2013,BNA,TN,ASO,CE,Combined TRACON& Tower with Radar,187,105,25,0,317,0,2,21,0,23,187,107,46,0,340,0,0,0,340
01/06/2013,BNA,TN,ASO,CE,Combined TRACON& Tower with Radar,232,119,45,0,396,0,0,15,0,15,232,119,60,0,411,0,0,0,411
01/07/2013,BNA,TN,ASO,CE,Combined TRACON& Tower with Radar,258,124,55,2,439,0,2,31,0,33,258,126,86,2,472,0,0,0,472
01/08/2013,BNA,TN,ASO,CE,Combined TRACON& Tower with Radar,260,133,71,3,467,0,3,23,2,28,260,136,94,5,495,0,0,0,495
01/09/2013,BNA,TN,ASO,CE,Combined TRACON& Tower with Radar,187,108,34,0,329,0,1,0,0,1,187,109,34,0,330,0,0,0,330
01/10/2013,BNA,TN,ASO,CE,Combined TRACON& Tower with Radar,264,131,66,3,464,0,1,6,0,7,264,132,72,3,471,0,0,0,471
01/11/2013,BNA,TN,ASO,CE,Combined TRACON& Tower with Radar,263,143,66,4,476,0,0,17,5,22,263,143,83,9,498,0,0,0,498
01/12/2013,BNA,TN,ASO,CE,Combined TRACON& Tower with Radar,181,109,40,5,335,0,3,0,0,3,181,112,40,5,338,0,0,0,338
01/13/2013,BNA,TN,ASO,CE,Combined TRACON& Tower with Radar,234,115,29,2,380,0,0,1,0,1,234,115,30,2,381,0,0,0,381
01/14/2013,BNA,TN,ASO,CE,Combined TRACON& Tower with Radar,258,140,52,7,457,0,0,2,2,4,258,140,54,9,461,0,0,0,461
01/15/2013,BNA,TN,ASO,CE,Combined TRACON& Tower with Radar,251,122,50,1,424,0,0,0,0,0,251,122,50,1,424,0,0,0,424
01/16/2013,BNA,TN,ASO,CE,Combined TRACON& Tower with Radar,266,135,84,2,487,0,0,0,0,0,266,135,84,2,487,0,0,0,487
01/17/2013,BNA,TN,ASO,CE,Combined TRACON& Tower with Radar,266,153,71,0,490,0,0,17,0,17,266,153,88,0,507,0,0,0,507
01/18/2013,BNA,TN,ASO,CE,Combined TRACON& Tower with Radar,265,146,59,8,478,0,0,26,3,29,265,146,85,11,507,0,0,0,507
01/19/2013,BNA,TN,ASO,CE,Combined TRACON& Tower with Radar,177,107,22,7,313,0,2,22,0,24,177,109,44,7,337,0,0,0,337
01/20/2013,BNA,TN,ASO,CE,Combined TRACON& Tower with Radar,215,105,24,7,351,0,2,20,0,22,215,107,44,7,373,0,0,0,373
01/21/2013,BNA,TN,ASO,CE,Combined TRACON& Tower with Radar,262,136,53,0,451,0,1,21,1,23,262,137,74,1,474,0,0,0,474
01/22/2013,BNA,TN,ASO,CE,Combined TRACON& Tower with Radar,261,140,76,0,477,0,1,17,7,25,261,141,93,7,502,0,0,0,502
01/23/2013,BNA,TN,ASO,CE,Combined TRACON& Tower with Radar,266,133,71,5,475,0,0,29,5,34,266,133,100,10,509,0,0,0,509
01/24/2013,BNA,TN,ASO,CE,Combined TRACON& Tower with Radar,260,139,84,2,485,0,2,26,2,30,260,141,110,4,515,0,0,0,515
01/25/2013,BNA,TN,ASO,CE,Combined TRACON& Tower with Radar,254,120,50,3,427,0,0,1,0,1,254,120,51,3,428,0,0,0,428
01/26/2013,BNA,TN,ASO,CE,Combined TRACON& Tower with Radar,177,101,37,5,320,0,0,18,0,18,177,101,55,5,338,0,0,0,338
01/27/2013,BNA,TN,ASO,CE,Combined TRACON& Tower with Radar,227,111,65,4,407,0,1,5,0,6,227,112,70,4,413,0,0,0,413
01/28/2013,BNA,TN,ASO,CE,Combined TRACON& Tower with Radar,261,128,59,6,454,0,0,4,3,7,261,128,63,9,461,0,0,0,461
01/29/2013,BNA,TN,ASO,CE,Combined TRACON& Tower with Radar,257,132,72,5,466,0,0,4,0,4,257,132,76,5,470,0,0,0,470
01/30/2013,BNA,TN,ASO,CE,Combined TRACON& Tower with Radar,266,117,68,2,453,0,0,2,7,9,266,117,70,9,462,0,0,0,462
01/31/2013,BNA,TN,ASO,CE,Combined TRACON& Tower with Radar,274,156,75,3,508,1,2,17,3,23,275,158,92,6,531,0,0,0,531
02/01/2013,BNA,TN,ASO,CE,Combined TRACON& Tower with Radar,267,139,60,6,472,0,0,31,0,31,267,139,91,6,503,0,0,0,503
02/02/2013,BNA,TN,ASO,CE,Combined TRACON& Tower with Radar,173,102,30,6,311,0,0,9,0,9,173,102,39,6,320,0,0,0,320
02/03/2013,BNA,TN,ASO,CE,Combined TRACON& Tower with Radar,218,106,37,5,366,0,0,12,0,12,218,106,49,5,378,0,0,0,378
02/04/2013,BNA,TN,ASO,CE,Combined TRACON& Tower with Radar,255,133,70,2,460,0,0,13,1,14,255,133,83,3,474,0,0,0,474
02/05/2013,BNA,TN,ASO,CE,Combined TRACON& Tower with Radar,264,130,76,1,471,0,1,20,2,23,264,131,96,3,494,0,0,0,494
02/06/2013,BNA,TN,ASO,CE,Combined TRACON& Tower with Radar,273,139,68,5,485,0,0,34,5,39,273,139,102,10,524,0,0,0,524
02/07/2013,BNA,TN,ASO,CE,Combined TRACON& Tower with Radar,265,139,85,7,496,0,0,8,1,9,265,139,93,8,505,0,0,0,505
02/08/2013,BNA,TN,ASO,CE,Combined TRACON& Tower with Radar,249,126,98,1,474,0,0,16,0,16,249,126,114,1,490,0,0,0,490
02/09/2013,BNA,TN,ASO,CE,Combined TRACON& Tower with Radar,176,95,23,11,305,0,0,25,1,26,176,95,48,12,331,0,0,0,331
02/10/2013,BNA,TN,ASO,CE,Combined TRACON& Tower with Radar,230,123,48,1,402,0,0,0,0,0,230,123,48,1,402,0,0,0,402
02/11/2013,BNA,TN,ASO,CE,Combined TRACON& Tower with Radar,260,128,69,5,462,0,0,15,0,15,260,128,84,5,477,0,0,0,477
02/12/2013,BNA,TN,ASO,CE,Combined TRACON& Tower with Radar,270,121,67,3,461,0,2,24,0,26,270,123,91,3,487,0,0,0,487
02/13/2013,BNA,TN,ASO,CE,Combined TRACON& Tower with Radar,268,134,71,2,475,0,0,2,0,2,268,134,73,2,477,0,0,0,477
02/14/2013,BNA,TN,ASO,CE,Combined TRACON& Tower with Radar,270,136,98,15,519,0,1,33,2,36,270,137,131,17,555,0,0,0,555
02/15/2013,BNA,TN,ASO,CE,Combined TRACON& Tower with Radar,277,141,84,9,511,0,0,27,0,27,277,141,111,9,538,0,0,0,538
02/16/2013,BNA,TN,ASO,CE,Combined TRACON& Tower with Radar,185,110,15,5,315,0,6,19,0,25,185,116,34,5,340,0,0,0,340
02/17/2013,BNA,TN,ASO,CE,Combined TRACON& Tower with Radar,229,135,38,10,412,0,0,18,0,18,229,135,56,10,430,0,0,0,430
02/18/2013,BNA,TN,ASO,CE,Combined TRACON& Tower with Radar,264,143,69,4,480,0,1,10,1,12,264,144,79,5,492,0,0,0,492
02/19/2013,BNA,TN,ASO,CE,Combined TRACON& Tower with Radar,270,127,80,13,490,0,0,26,1,27,270,127,106,14,517,0,0,0,517
02/20/2013,BNA,TN,ASO,CE,Combined TRACON& Tower with Radar,275,148,53,4,480,0,0,21,2,23,275,148,74,6,503,0,0,0,503
02/21/2013,BNA,TN,ASO,CE,Combined TRACON& Tower with Radar,261,157,69,1,488,0,3,9,4,16,261,160,78,5,504,0,0,0,504
02/22/2013,BNA,TN,ASO,CE,Combined TRACON& Tower with Radar,271,143,73,11,498,0,2,10,4,16,271,145,83,15,514,0,0,0,514
02/23/2013,BNA,TN,ASO,CE,Combined TRACON& Tower with Radar,184,121,31,3,339,0,0,28,1,29,184,121,59,4,368,0,0,0,368
02/24/2013,BNA,TN,ASO,CE,Combined TRACON& Tower with Radar,236,131,73,1,441,0,0,34,4,38,236,131,107,5,479,0,0,0,479
02/25/2013,BNA,TN,ASO,CE,Combined TRACON& Tower with Radar,265,124,73,2,464,0,0,6,0,6,265,124,79,2,470,0,0,0,470
02/26/2013,BNA,TN,ASO,CE,Combined TRACON& Tower with Radar,263,148,60,0,471,0,0,1,0,1,263,148,61,0,472,0,0,0,472
02/27/2013,BNA,TN,ASO,CE,Combined TRACON& Tower with Radar,272,143,89,4,508,0,0,10,2,12,272,143,99,6,520,0,0,0,520
02/28/2013,BNA,TN,ASO,CE,Combined TRACON& Tower with Radar,272,158,86,0,516,0,1,16,0,17,272,159,102,0,533,0,0,0,533
03/01/2013,BNA,TN,ASO,CE,Combined TRACON& Tower with Radar,266,155,58,0,479,0,0,0,0,0,266,155,58,0,479,0,0,0,479
03/02/2013,BNA,TN,ASO,CE,Combined TRACON& Tower with Radar,188,127,47,2,364,0,0,0,0,0,188,127,47,2,364,0,0,0,364
03/03/2013,BNA,TN,ASO,CE,Combined TRACON& Tower with Radar,242,133,66,3,444,0,0,20,0,20,242,133,86,3,464,0,0,0,464
03/04/2013,BNA,TN,ASO,CE,Combined TRACON& Tower with Radar,272,142,82,0,496,0,0,19,2,21,272,142,101,2,517,0,0,0,517
03/05/2013,BNA,TN,ASO,CE,Combined TRACON& Tower with Radar,265,134,80,1,480,0,0,1,0,1,265,134,81,1,481,0,0,0,481
03/06/2013,BNA,TN,ASO,CE,Combined TRACON& Tower with Radar,271,137,66,1,475,0,0,6,0,6,271,137,72,1,481,0,0,0,481
03/07/2013,BNA,TN,ASO,CE,Combined TRACON& Tower with Radar,277,153,81,1,512,0,0,30,0,30,277,153,111,1,542,0,0,0,542
03/08/2013,BNA,TN,ASO,CE,Combined TRACON& Tower with Radar,271,139,60,4,474,0,2,40,0,42,271,141,100,4,516,0,0,0,516
03/09/2013,BNA,TN,ASO,CE,Combined TRACON& Tower with Radar,233,112,36,9,390,0,2,35,0,37,233,114,71,9,427,0,0,0,427
03/10/2013,BNA,TN,ASO,CE,Combined TRACON& Tower with Radar,270,121,52,9,452,0,0,6,0,6,270,121,58,9,458,0,0,0,458
03/11/2013,BNA,TN,ASO,CE,Combined TRACON& Tower with Radar,273,147,54,3,477,0,0,1,4,5,273,147,55,7,482,0,0,0,482
03/12/2013,BNA,TN,ASO,CE,Combined TRACON& Tower with Radar,290,149,73,17,529,0,1,22,1,24,290,150,95,18,553,0,0,0,553
03/13/2013,BNA,TN,ASO,CE,Combined TRACON& Tower with Radar,284,149,108,2,543,0,1,21,0,22,284,150,129,2,565,0,0,0,565
03/14/2013,BNA,TN,ASO,CE,Combined TRACON& Tower with Radar,292,148,83,1,524,0,2,20,0,22,292,150,103,1,546,0,0,0,546
03/15/2013,BNA,TN,ASO,CE,Combined TRACON& Tower with Radar,292,156,101,6,555,0,4,21,0,25,292,160,122,6,580,0,0,0,580
03/16/2013,BNA,TN,ASO,CE,Combined TRACON& Tower with Radar,228,104,48,5,385,0,5,21,0,26,228,109,69,5,411,0,0,0,411
03/17/2013,BNA,TN,ASO,CE,Combined TRACON& Tower with Radar,261,123,86,6,476,0,2,7,0,9,261,125,93,6,485,0,0,0,485
03/18/2013,BNA,TN,ASO,CE,Combined TRACON& Tower with Radar,289,121,42,0,452,0,0,0,1,1,289,121,42,1,453,0,0,0,453
03/19/2013,BNA,TN,ASO,CE,Combined TRACON& Tower with Radar,294,127,71,5,497,0,9,39,0,48,294,136,110,5,545,0,0,0,545
03/20/2013,BNA,TN,ASO,CE,Combined TRACON& Tower with Radar,288,130,75,4,497,0,2,15,2,19,288,132,90,6,516,0,0,0,516
03/21/2013,BNA,TN,ASO,CE,Combined TRACON& Tower with Radar,293,164,60,2,519,0,1,23,2,26,293,165,83,4,545,0,0,0,545
03/22/2013,BNA,TN,ASO,CE,Combined TRACON& Tower with Radar,284,148,81,3,516,0,1,8,2,11,284,149,89,5,527,0,0,0,527
03/23/2013,BNA,TN,ASO,CE,Combined TRACON& Tower with Radar,234,105,44,2,385,0,0,0,0,0,234,105,44,2,385,0,0,0,385
03/24/2013,BNA,TN,ASO,CE,Combined TRACON& Tower with Radar,262,125,31,1,419,0,0,0,0,0,262,125,31,1,419,0,0,0,419
03/25/2013,BNA,TN,ASO,CE,Combined TRACON& Tower with Radar,282,136,46,1,465,0,0,0,0,0,282,136,46,1,465,0,0,0,465
03/26/2013,BNA,TN,ASO,CE,Combined TRACON& Tower with Radar,293,150,64,1,508,0,2,10,0,12,293,152,74,1,520,0,0,0,520
03/27/2013,BNA,TN,ASO,CE,Combined TRACON& Tower with Radar,288,144,79,3,514,0,0,29,0,29,288,144,108,3,543,0,0,0,543
03/28/2013,BNA,TN,ASO,CE,Combined TRACON& Tower with Radar,292,144,115,0,551,0,1,32,2,35,292,145,147,2,586,0,0,0,586
03/29/2013,BNA,TN,ASO,CE,Combined TRACON& Tower with Radar,284,145,27,4,460,0,0,4,0,4,284,145,31,4,464,0,0,0,464
03/30/2013,BNA,TN,ASO,CE,Combined TRACON& Tower with Radar,221,109,27,2,359,0,0,4,0,4,221,109,31,2,363,0,0,0,363
03/31/2013,BNA,TN,ASO,CE,Combined TRACON& Tower with Radar,252,122,31,0,405,0,0,0,0,0,252,122,31,0,405,0,0,0,405
04/01/2013,BNA,TN,ASO,CE,Combined TRACON& Tower with Radar,289,137,47,4,477,0,1,17,2,20,289,138,64,6,497,0,0,0,497
04/02/2013,BNA,TN,ASO,CE,Combined TRACON& Tower with Radar,303,142,55,0,500,0,1,23,1,25,303,143,78,1,525,0,0,0,525
04/03/2013,BNA,TN,ASO,CE,Combined TRACON& Tower with Radar,295,141,93,0,529,0,0,33,1,34,295,141,126,1,563,0,0,0,563
04/04/2013,BNA,TN,ASO,CE,Combined TRACON& Tower with Radar,289,150,86,2,527,0,0,0,0,0,289,150,86,2,527,0,0,0,527
04/05/2013,BNA,TN,ASO,CE,Combined TRACON& Tower with Radar,293,140,85,9,527,0,1,32,4,37,293,141,117,13,564,0,0,0,564
04/06/2013,BNA,TN,ASO,CE,Combined TRACON& Tower with Radar,228,105,25,2,360,0,4,19,2,25,228,109,44,4,385,0,0,0,385
04/07/2013,BNA,TN,ASO,CE,Combined TRACON& Tower with Radar,268,130,41,4,443,0,4,15,3,22,268,134,56,7,465,0,0,0,465
04/08/2013,BNA,TN,ASO,CE,Combined TRACON& Tower with Radar,284,147,72,3,506,0,3,16,2,21,284,150,88,5,527,0,0,0,527
04/09/2013,BNA,TN,ASO,CE,Combined TRACON& Tower with Radar,295,138,89,1,523,0,1,21,3,25,295,139,110,4,548,0,0,0,548
04/10/2013,BNA,TN,ASO,CE,Combined TRACON& Tower with Radar,287,137,89,5,518,0,3,20,0,23,287,140,109,5,541,0,0,0,541
04/11/2013,BNA,TN,ASO,CE,Combined TRACON& Tower with Radar,297,119,70,0,486,0,3,1,0,4,297,122,71,0,490,0,0,0,490
04/12/2013,BNA,TN,ASO,CE,Combined TRACON& Tower with Radar,293,141,81,4,519,0,2,24,2,28,293,143,105,6,547,0,0,0,547
04/13/2013,BNA,TN,ASO,CE,Combined TRACON& Tower with Radar,235,100,52,2,389,0,2,31,4,37,235,102,83,6,426,0,0,0,426
04/14/2013,BNA,TN,ASO,CE,Combined TRACON& Tower with Radar,261,136,54,1,452,0,1,8,1,10,261,137,62,2,462,0,0,0,462
04/15/2013,BNA,TN,ASO,CE,Combined TRACON& Tower with Radar,292,143,72,6,513,0,5,31,0,36,292,148,103,6,549,0,0,0,549
04/16/2013,BNA,TN,ASO,CE,Combined TRACON& Tower with Radar,286,135,98,2,521,0,1,25,0,26,286,136,123,2,547,0,0,0,547
04/17/2013,BNA,TN,ASO,CE,Combined TRACON& Tower with Radar,286,127,95,4,512,0,4,22,0,26,286,131,117,4,538,0,0,0,538
04/18/2013,BNA,TN,ASO,CE,Combined TRACON& Tower with Radar,294,131,83,2,510,0,3,5,0,8,294,134,88,2,518,0,0,0,518
04/19/2013,BNA,TN,ASO,CE,Combined TRACON& Tower with Radar,292,138,75,7,512,0,0,23,0,23,292,138,98,7,535,0,0,0,535
04/20/2013,BNA,TN,ASO,CE,Combined TRACON& Tower with Radar,213,106,25,1,345,0,2,48,2,52,213,108,73,3,397,0,0,0,397
04/21/2013,BNA,TN,ASO,CE,Combined TRACON& Tower with Radar,264,128,63,4,459,0,0,27,1,28,264,128,90,5,487,0,0,0,487
04/22/2013,BNA,TN,ASO,CE,Combined TRACON& Tower with Radar,288,135,62,2,487,0,0,33,1,34,288,135,95,3,521,0,0,0,521
04/23/2013,BNA,TN,ASO,CE,Combined TRACON& Tower with Radar,299,135,89,7,530,0,0,24,1,25,299,135,113,8,555,0,0,0,555
04/24/2013,BNA,TN,ASO,CE,Combined TRACON& Tower with Radar,296,142,72,2,512,0,0,6,0,6,296,142,78,2,518,0,0,0,518
04/25/2013,BNA,TN,ASO,CE,Combined TRACON& Tower with Radar,288,152,96,0,536,0,4,38,0,42,288,156,134,0,578,0,0,0,578
04/26/2013,BNA,TN,ASO,CE,Combined TRACON& Tower with Radar,294,145,75,5,519,1,4,17,1,23,295,149,92,6,542,0,0,0,542
04/27/2013,BNA,TN,ASO,CE,Combined TRACON& Tower with Radar,210,101,38,1,350,0,0,0,1,1,210,101,38,2,351,0,0,0,351
04/28/2013,BNA,TN,ASO,CE,Combined TRACON& Tower with Radar,262,126,57,1,446,0,1,4,2,7,262,127,61,3,453,0,0,0,453
04/29/2013,BNA,TN,ASO,CE,Combined TRACON& Tower with Radar,288,137,54,2,481,0,1,19,2,22,288,138,73,4,503,0,0,0,503
04/30/2013,BNA,TN,ASO,CE,Combined TRACON& Tower with Radar,294,130,68,9,501,0,2,37,0,39,294,132,105,9,540,0,0,0,540
05/01/2013,BNA,TN,ASO,CE,Combined TRACON& Tower with Radar,290,146,76,6,518,0,6,28,8,42,290,152,104,14,560,0,0,0,560
05/02/2013,BNA,TN,ASO,CE,Combined TRACON& Tower with Radar,294,155,82,10,541,0,1,26,4,31,294,156,108,14,572,0,0,0,572
05/03/2013,BNA,TN,ASO,CE,Combined TRACON& Tower with Radar,287,150,64,12,513,0,2,14,4,20,287,152,78,16,533,0,0,0,533
05/04/2013,BNA,TN,ASO,CE,Combined TRACON& Tower with Radar,217,97,49,4,367,0,0,0,0,0,217,97,49,4,367,0,0,0,367
05/05/2013,BNA,TN,ASO,CE,Combined TRACON& Tower with Radar,260,140,58,7,465,0,0,0,3,3,260,140,58,10,468,0,0,0,468
05/06/2013,BNA,TN,ASO,CE,Combined TRACON& Tower with Radar,289,142,46,2,479,0,0,5,0,5,289,142,51,2,484,0,0,0,484
05/07/2013,BNA,TN,ASO,CE,Combined TRACON& Tower with Radar,293,141,88,8,530,0,0,23,1,24,293,141,111,9,554,0,0,0,554
05/08/2013,BNA,TN,ASO,CE,Combined TRACON& Tower with Radar,293,157,79,7,536,0,5,27,1,33,293,162,106,8,569,0,0,0,569
05/09/2013,BNA,TN,ASO,CE,Combined TRACON& Tower with Radar,292,163,76,0,531,0,2,31,3,36,292,165,107,3,567,0,0,0,567
05/10/2013,BNA,TN,ASO,CE,Combined TRACON& Tower with Radar,297,161,76,13,547,0,1,0,0,1,297,162,76,13,548,0,0,0,548
05/11/2013,BNA,TN,ASO,CE,Combined TRACON& Tower with Radar,226,103,35,2,366,0,0,6,0,6,226,103,41,2,372,0,0,0,372
05/12/2013,BNA,TN,ASO,CE,Combined TRACON& Tower with Radar,255,137,42,3,437,0,0,21,0,21,255,137,63,3,458,0,0,0,458
05/13/2013,BNA,TN,ASO,CE,Combined TRACON& Tower with Radar,284,145,69,2,500,0,2,39,2,43,284,147,108,4,543,0,0,0,543
05/14/2013,BNA,TN,ASO,CE,Combined TRACON& Tower with Radar,296,144,68,3,511,0,0,37,3,40,296,144,105,6,551,0,0,0,551
05/15/2013,BNA,TN,ASO,CE,Combined TRACON& Tower with Radar,299,141,86,1,527,0,7,41,3,51,299,148,127,4,578,0,0,0,578
05/16/2013,BNA,TN,ASO,CE,Combined TRACON& Tower with Radar,297,144,67,2,510,0,4,24,4,32,297,148,91,6,542,0,0,0,542
05/17/2013,BNA,TN,ASO,CE,Combined TRACON& Tower with Radar,291,156,65,2,514,0,0,4,0,4,291,156,69,2,518,0,0,0,518
05/18/2013,BNA,TN,ASO,CE,Combined TRACON& Tower with Radar,216,108,34,2,360,0,1,7,0,8,216,109,41,2,368,0,0,0,368
05/19/2013,BNA,TN,ASO,CE,Combined TRACON& Tower with Radar,265,127,29,0,421,0,0,4,1,5,265,127,33,1,426,0,0,0,426
05/20/2013,BNA,TN,ASO,CE,Combined TRACON& Tower with Radar,280,146,69,3,498,0,0,17,2,19,280,146,86,5,517,0,0,0,517
05/21/2013,BNA,TN,ASO,CE,Combined TRACON& Tower with Radar,299,142,64,2,507,0,0,15,3,18,299,142,79,5,525,0,0,0,525
05/22/2013,BNA,TN,ASO,CE,Combined TRACON& Tower with Radar,287,133,74,0,494,0,0,3,0,3,287,133,77,0,497,0,0,0,497
05/23/2013,BNA,TN,ASO,CE,Combined TRACON& Tower with Radar,285,141,92,0,518,0,0,27,0,27,285,141,119,0,545,0,0,0,545
05/24/2013,BNA,TN,ASO,CE,Combined TRACON& Tower with Radar,295,165,74,0,534,0,0,32,0,32,295,165,106,0,566,0,0,0,566
05/25/2013,BNA,TN,ASO,CE,Combined TRACON& Tower with Radar,200,98,37,0,335,0,3,26,0,29,200,101,63,0,364,0,0,0,364
05/26/2013,BNA,TN,ASO,CE,Combined TRACON& Tower with Radar,209,97,30,0,336,0,2,16,0,18,209,99,46,0,354,0,0,0,354
05/27/2013,BNA,TN,ASO,CE,Combined TRACON& Tower with Radar,269,152,47,0,468,0,0,21,0,21,269,152,68,0,489,0,0,0,489
05/28/2013,BNA,TN,ASO,CE,Combined TRACON& Tower with Radar,300,148,52,4,504,0,3,28,7,38,300,151,80,11,542,0,0,0,542
05/29/2013,BNA,TN,ASO,CE,Combined TRACON& Tower with Radar,294,150,70,3,517,0,3,21,4,28,294,153,91,7,545,0,0,0,545
05/30/2013,BNA,TN,ASO,CE,Combined TRACON& Tower with Radar,295,149,73,1,518,0,1,18,0,19,295,150,91,1,537,0,0,0,537
05/31/2013,BNA,TN,ASO,CE,Combined TRACON& Tower with Radar,287,141,59,8,495,0,2,11,0,13,287,143,70,8,508,0,0,0,508
06/01/2013,BNA,TN,ASO,CE,Combined TRACON& Tower with Radar,216,105,47,5,373,0,0,7,0,7,216,105,54,5,380,0,0,0,380
06/02/2013,BNA,TN,ASO,CE,Combined TRACON& Tower with Radar,263,132,57,4,456,0,1,5,0,6,263,133,62,4,462,0,0,0,462
06/03/2013,BNA,TN,ASO,CE,Combined TRACON& Tower with Radar,290,135,45,3,473,0,0,18,0,18,290,135,63,3,491,0,0,0,491
06/04/2013,BNA,TN,ASO,CE,Combined TRACON& Tower with Radar,295,147,73,0,515,0,2,30,0,32,295,149,103,0,547,0,0,0,547
06/05/2013,BNA,TN,ASO,CE,Combined TRACON& Tower with Radar,302,160,110,2,574,0,0,18,0,18,302,160,128,2,592,0,0,0,592
06/06/2013,BNA,TN,ASO,CE,Combined TRACON& Tower with Radar,294,150,81,0,525,0,0,5,0,5,294,150,86,0,530,0,0,0,530
06/07/2013,BNA,TN,ASO,CE,Combined TRACON& Tower with Radar,296,148,74,0,518,0,0,12,1,13,296,148,86,1,531,0,0,0,531
06/08/2013,BNA,TN,ASO,CE,Combined TRACON& Tower with Radar,231,108,33,11,383,0,2,16,1,19,231,110,49,12,402,0,0,0,402
06/09/2013,BNA,TN,ASO,CE,Combined TRACON& Tower with Radar,265,132,43,8,448,0,0,9,1,10,265,132,52,9,458,0,0,0,458
06/10/2013,BNA,TN,ASO,CE,Combined TRACON& Tower with Radar,295,145,57,4,501,0,0,8,3,11,295,145,65,7,512,0,0,0,512
06/11/2013,BNA,TN,ASO,CE,Combined TRACON& Tower with Radar,301,127,71,4,503,0,2,23,5,30,301,129,94,9,533,0,0,0,533
06/12/2013,BNA,TN,ASO,CE,Combined TRACON& Tower with Radar,291,139,64,2,496,0,0,22,4,26,291,139,86,6,522,0,0,0,522
06/13/2013,BNA,TN,ASO,CE,Combined TRACON& Tower with Radar,280,143,91,4,518,0,4,20,0,24,280,147,111,4,542,0,0,0,542
06/14/2013,BNA,TN,ASO,CE,Combined TRACON& Tower with Radar,295,143,69,4,511,0,2,29,3,34,295,145,98,7,545,0,0,0,545
06/15/2013,BNA,TN,ASO,CE,Combined TRACON& Tower with Radar,237,109,40,10,396,0,0,24,2,26,237,109,64,12,422,0,0,0,422
06/16/2013,BNA,TN,ASO,CE,Combined TRACON& Tower with Radar,266,143,47,6,462,0,0,21,1,22,266,143,68,7,484,0,0,0,484
06/17/2013,BNA,TN,ASO,CE,Combined TRACON& Tower with Radar,282,150,64,5,501,0,0,10,1,11,282,150,74,6,512,0,0,0,512
06/18/2013,BNA,TN,ASO,CE,Combined TRACON& Tower with Radar,301,159,79,3,542,0,0,14,0,14,301,159,93,3,556,0,0,0,556
06/19/2013,BNA,TN,ASO,CE,Combined TRACON& Tower with Radar,295,134,92,5,526,0,0,31,2,33,295,134,123,7,559,0,0,0,559
06/20/2013,BNA,TN,ASO,CE,Combined TRACON& Tower with Radar,296,155,93,4,548,0,1,43,5,49,296,156,136,9,597,0,0,0,597
06/21/2013,BNA,TN,ASO,CE,Combined TRACON& Tower with Radar,291,140,59,11,501,0,2,23,4,29,291,142,82,15,530,0,0,0,530
06/22/2013,BNA,TN,ASO,CE,Combined TRACON& Tower with Radar,235,109,22,3,369,0,1,21,0,22,235,110,43,3,391,0,0,0,391
06/23/2013,BNA,TN,ASO,CE,Combined TRACON& Tower with Radar,263,135,38,5,441,0,1,18,1,20,263,136,56,6,461,0,0,0,461
06/24/2013,BNA,TN,ASO,CE,Combined TRACON& Tower with Radar,277,129,64,1,471,0,0,20,6,26,277,129,84,7,497,0,0,0,497
06/25/2013,BNA,TN,ASO,CE,Combined TRACON& Tower with Radar,297,148,64,0,509,0,0,24,4,28,297,148,88,4,537,0,0,0,537
06/26/2013,BNA,TN,ASO,CE,Combined TRACON& Tower with Radar,289,147,69,2,507,0,1,15,1,17,289,148,84,3,524,0,0,0,524
06/27/2013,BNA,TN,ASO,CE,Combined TRACON& Tower with Radar,291,149,76,0,516,0,0,23,5,28,291,149,99,5,544,0,0,0,544
06/28/2013,BNA,TN,ASO,CE,Combined TRACON& Tower with Radar,279,143,69,2,493,0,0,24,0,24,279,143,93,2,517,0,0,0,517
06/29/2013,BNA,TN,ASO,CE,Combined TRACON& Tower with Radar,238,113,48,1,400,0,0,24,1,25,238,113,72,2,425,0,0,0,425
06/30/2013,BNA,TN,ASO,CE,Combined TRACON& Tower with Radar,254,125,28,0,407,0,1,16,1,18,254,126,44,1,425,0,0,0,425
07/01/2013,BNA,TN,ASO,CE,Combined TRACON& Tower with Radar,267,131,61,1,460,0,1,7,1,9,267,132,68,2,469,0,0,0,469
07/02/2013,BNA,TN,ASO,CE,Combined TRACON& Tower with Radar,283,132,67,0,482,0,0,16,4,20,283,132,83,4,502,0,0,0,502
07/03/2013,BNA,TN,ASO,CE,Combined TRACON& Tower with Radar,282,135,22,2,441,0,0,17,0,17,282,135,39,2,458,0,0,0,458
07/04/2013,BNA,TN,ASO,CE,Combined TRACON& Tower with Radar,191,100,19,0,310,0,0,0,0,0,191,100,19,0,310,0,0,0,310
07/05/2013,BNA,TN,ASO,CE,Combined TRACON& Tower with Radar,240,102,29,1,372,0,0,0,0,0,240,102,29,1,372,0,0,0,372
07/06/2013,BNA,TN,ASO,CE,Combined TRACON& Tower with Radar,236,108,26,1,371,0,0,2,0,2,236,108,28,1,373,0,0,0,373
07/07/2013,BNA,TN,ASO,CE,Combined TRACON& Tower with Radar,263,121,55,1,440,0,1,16,0,17,263,122,71,1,457,0,0,0,457
07/08/2013,BNA,TN,ASO,CE,Combined TRACON& Tower with Radar,285,125,52,2,464,0,1,22,0,23,285,126,74,2,487,0,0,0,487
07/09/2013,BNA,TN,ASO,CE,Combined TRACON& Tower with Radar,290,146,65,4,505,0,0,22,4,26,290,146,87,8,531,0,0,0,531
07/10/2013,BNA,TN,ASO,CE,Combined TRACON& Tower with Radar,286,131,70,3,490,0,1,9,2,12,286,132,79,5,502,0,0,0,502
07/11/2013,BNA,TN,ASO,CE,Combined TRACON& Tower with Radar,289,150,85,0,524,0,0,30,3,33,289,150,115,3,557,0,0,0,557
07/12/2013,BNA,TN,ASO,CE,Combined TRACON& Tower with Radar,288,134,59,11,492,0,1,27,3,31,288,135,86,14,523,0,0,0,523
07/13/2013,BNA,TN,ASO,CE,Combined TRACON& Tower with Radar,240,116,40,14,410,0,0,21,2,23,240,116,61,16,433,0,0,0,433
07/14/2013,BNA,TN,ASO,CE,Combined TRACON& Tower with Radar,267,123,40,7,437,0,0,9,1,10,267,123,49,8,447,0,0,0,447
07/15/2013,BNA,TN,ASO,CE,Combined TRACON& Tower with Radar,287,138,80,1,506,0,0,17,0,17,287,138,97,1,523,0,0,0,523
07/16/2013,BNA,TN,ASO,CE,Combined TRACON& Tower with Radar,296,145,79,4,524,0,1,43,0,44,296,146,122,4,568,0,0,0,568
07/17/2013,BNA,TN,ASO,CE,Combined TRACON& Tower with Radar,287,142,90,2,521,0,0,21,0,21,287,142,111,2,542,0,0,0,542
07/18/2013,BNA,TN,ASO,CE,Combined TRACON& Tower with Radar,297,154,99,0,550,0,0,15,0,15,297,154,114,0,565,0,0,0,565
07/19/2013,BNA,TN,ASO,CE,Combined TRACON& Tower with Radar,284,136,59,12,491,0,2,17,2,21,284,138,76,14,512,0,0,0,512
07/20/2013,BNA,TN,ASO,CE,Combined TRACON& Tower with Radar,256,99,22,4,381,0,1,36,1,38,256,100,58,5,419,0,0,0,419
07/21/2013,BNA,TN,ASO,CE,Combined TRACON& Tower with Radar,276,132,44,4,456,0,1,8,2,11,276,133,52,6,467,0,0,0,467
07/22/2013,BNA,TN,ASO,CE,Combined TRACON& Tower with Radar,287,127,68,3,485,0,1,6,1,8,287,128,74,4,493,0,0,0,493
07/23/2013,BNA,TN,ASO,CE,Combined TRACON& Tower with Radar,303,154,76,0,533,0,0,32,2,34,303,154,108,2,567,0,0,0,567
07/24/2013,BNA,TN,ASO,CE,Combined TRACON& Tower with Radar,297,151,78,6,532,0,1,16,2,19,297,152,94,8,551,0,0,0,551
07/25/2013,BNA,TN,ASO,CE,Combined TRACON& Tower with Radar,287,149,86,0,522,0,0,40,1,41,287,149,126,1,563,0,0,0,563
07/26/2013,BNA,TN,ASO,CE,Combined TRACON& Tower with Radar,290,156,80,9,535,0,0,41,1,42,290,156,121,10,577,0,0,0,577
07/27/2013,BNA,TN,ASO,CE,Combined TRACON& Tower with Radar,231,108,28,1,368,0,0,24,2,26,231,108,52,3,394,0,0,0,394
07/28/2013,BNA,TN,ASO,CE,Combined TRACON& Tower with Radar,261,129,45,3,438,0,0,10,1,11,261,129,55,4,449,0,0,0,449
07/29/2013,BNA,TN,ASO,CE,Combined TRACON& Tower with Radar,294,131,47,6,478,0,3,16,4,23,294,134,63,10,501,0,0,0,501
07/30/2013,BNA,TN,ASO,CE,Combined TRACON& Tower with Radar,293,135,79,4,511,0,0,6,2,8,293,135,85,6,519,0,0,0,519
07/31/2013,BNA,TN,ASO,CE,Combined TRACON& Tower with Radar,290,154,61,0,505,0,1,7,7,15,290,155,68,7,520,0,0,0,520
08/01/2013,BNA,TN,ASO,CE,Combined TRACON& Tower with Radar,292,134,77,8,511,0,0,14,2,16,292,134,91,10,527,0,0,0,527
08/02/2013,BNA,TN,ASO,CE,Combined TRACON& Tower with Radar,288,130,61,2,481,0,2,25,5,32,288,132,86,7,513,0,0,0,513
08/03/2013,BNA,TN,ASO,CE,Combined TRACON& Tower with Radar,234,103,36,3,376,0,0,12,0,12,234,103,48,3,388,0,0,0,388
08/04/2013,BNA,TN,ASO,CE,Combined TRACON& Tower with Radar,269,124,23,3,419,0,2,13,5,20,269,126,36,8,439,0,0,0,439
08/05/2013,BNA,TN,ASO,CE,Combined TRACON& Tower with Radar,282,130,55,2,469,0,0,22,2,24,282,130,77,4,493,0,0,0,493
08/06/2013,BNA,TN,ASO,CE,Combined TRACON& Tower with Radar,290,140,68,0,498,0,0,22,0,22,290,140,90,0,520,0,0,0,520
08/07/2013,BNA,TN,ASO,CE,Combined TRACON& Tower with Radar,300,137,72,4,513,0,0,8,2,10,300,137,80,6,523,0,0,0,523
08/08/2013,BNA,TN,ASO,CE,Combined TRACON& Tower with Radar,297,136,85,2,520,0,1,2,0,3,297,137,87,2,523,0,0,0,523
08/09/2013,BNA,TN,ASO,CE,Combined TRACON& Tower with Radar,287,136,45,0,468,0,0,15,0,15,287,136,60,0,483,0,0,0,483
08/10/2013,BNA,TN,ASO,CE,Combined TRACON& Tower with Radar,231,108,30,0,369,0,0,15,0,15,231,108,45,0,384,0,0,0,384
08/11/2013,BNA,TN,ASO,CE,Combined TRACON& Tower with Radar,246,133,58,0,437,0,0,11,0,11,246,133,69,0,448,0,0,0,448
08/12/2013,BNA,TN,ASO,CE,Combined TRACON& Tower with Radar,266,140,60,2,468,0,0,7,2,9,266,140,67,4,477,0,0,0,477
08/13/2013,BNA,TN,ASO,CE,Combined TRACON& Tower with Radar,272,132,75,4,483,0,0,7,2,9,272,132,82,6,492,0,0,0,492
08/14/2013,BNA,TN,ASO,CE,Combined TRACON& Tower with Radar,272,155,86,3,516,0,2,31,7,40,272,157,117,10,556,0,0,0,556
08/15/2013,BNA,TN,ASO,CE,Combined TRACON& Tower with Radar,276,149,98,10,533,0,2,36,3,41,276,151,134,13,574,0,0,0,574
08/16/2013,BNA,TN,ASO,CE,Combined TRACON& Tower with Radar,275,138,85,4,502,0,0,23,0,23,275,138,108,4,525,0,0,0,525
08/17/2013,BNA,TN,ASO,CE,Combined TRACON& Tower with Radar,203,118,64,2,387,0,0,4,1,5,203,118,68,3,392,0,0,0,392
08/18/2013,BNA,TN,ASO,CE,Combined TRACON& Tower with Radar,247,133,58,10,448,0,0,17,0,17,247,133,75,10,465,0,0,0,465
08/19/2013,BNA,TN,ASO,CE,Combined TRACON& Tower with Radar,271,135,68,3,477,0,0,16,0,16,271,135,84,3,493,0,0,0,493
08/20/2013,BNA,TN,ASO,CE,Combined TRACON& Tower with Radar,279,135,76,2,492,0,0,19,2,21,279,135,95,4,513,0,0,0,513
08/21/2013,BNA,TN,ASO,CE,Combined TRACON& Tower with Radar,288,140,93,7,528,0,0,13,3,16,288,140,106,10,544,0,0,0,544
08/22/2013,BNA,TN,ASO,CE,Combined TRACON& Tower with Radar,271,126,98,7,502,0,0,38,3,41,271,126,136,10,543,0,0,0,543
08/23/2013,BNA,TN,ASO,CE,Combined TRACON& Tower with Radar,282,134,75,13,504,0,0,16,0,16,282,134,91,13,520,0,0,0,520
08/24/2013,BNA,TN,ASO,CE,Combined TRACON& Tower with Radar,207,100,32,12,351,0,0,19,0,19,207,100,51,12,370,0,0,0,370
08/25/2013,BNA,TN,ASO,CE,Combined TRACON& Tower with Radar,248,114,38,9,409,0,0,25,0,25,248,114,63,9,434,0,0,0,434
08/26/2013,BNA,TN,ASO,CE,Combined TRACON& Tower with Radar,264,136,75,9,484,0,0,26,1,27,264,136,101,10,511,0,0,0,511
08/27/2013,BNA,TN,ASO,CE,Combined TRACON& Tower with Radar,277,123,82,3,485,0,1,35,6,42,277,124,117,9,527,0,0,0,527
08/28/2013,BNA,TN,ASO,CE,Combined TRACON& Tower with Radar,274,134,61,3,472,0,0,23,12,35,274,134,84,15,507,0,0,0,507
08/29/2013,BNA,TN,ASO,CE,Combined TRACON& Tower with Radar,278,156,97,7,538,0,1,29,0,30,278,157,126,7,568,0,0,0,568
08/30/2013,BNA,TN,ASO,CE,Combined TRACON& Tower with Radar,276,143,78,0,497,0,0,17,0,17,276,143,95,0,514,0,0,0,514
08/31/2013,BNA,TN,ASO,CE,Combined TRACON& Tower with Radar,177,96,34,0,307,0,1,25,0,26,177,97,59,0,333,0,0,0,333
09/01/2013,BNA,TN,ASO,CE,Combined TRACON& Tower with Radar,175,75,33,0,283,0,0,10,0,10,175,75,43,0,293,0,0,0,293
09/02/2013,BNA,TN,ASO,CE,Combined TRACON& Tower with Radar,237,126,44,0,407,0,0,19,1,20,237,126,63,1,427,0,0,0,427
09/03/2013,BNA,TN,ASO,CE,Combined TRACON& Tower with Radar,265,133,67,3,468,0,0,18,2,20,265,133,85,5,488,0,0,0,488
09/04/2013,BNA,TN,ASO,CE,Combined TRACON& Tower with Radar,270,129,63,3,465,0,3,25,2,30,270,132,88,5,495,0,0,0,495
09/05/2013,BNA,TN,ASO,CE,Combined TRACON& Tower with Radar,273,133,81,7,494,0,0,28,4,32,273,133,109,11,526,0,0,0,526
09/06/2013,BNA,TN,ASO,CE,Combined TRACON& Tower with Radar,277,134,88,12,511,0,2,26,1,29,277,136,114,13,540,0,0,0,540
09/07/2013,BNA,TN,ASO,CE,Combined TRACON& Tower with Radar,189,100,35,4,328,0,1,21,2,24,189,101,56,6,352,0,0,0,352
09/08/2013,BNA,TN,ASO,CE,Combined TRACON& Tower with Radar,246,127,49,8,430,0,2,10,0,12,246,129,59,8,442,0,0,0,442
09/09/2013,BNA,TN,ASO,CE,Combined TRACON& Tower with Radar,268,140,71,5,484,0,2,25,2,29,268,142,96,7,513,0,0,0,513
09/10/2013,BNA,TN,ASO,CE,Combined TRACON& Tower with Radar,282,141,86,6,515,0,4,14,0,18,282,145,100,6,533,0,0,0,533
09/11/2013,BNA,TN,ASO,CE,Combined TRACON& Tower with Radar,281,132,84,9,506,0,0,11,1,12,281,132,95,10,518,0,0,0,518
09/12/2013,BNA,TN,ASO,CE,Combined TRACON& Tower with Radar,267,137,79,4,487,0,2,16,0,18,267,139,95,4,505,0,0,0,505
09/13/2013,BNA,TN,ASO,CE,Combined TRACON& Tower with Radar,277,144,75,8,504,0,2,27,2,31,277,146,102,10,535,0,0,0,535
09/14/2013,BNA,TN,ASO,CE,Combined TRACON& Tower with Radar,190,103,28,5,326,0,8,25,0,33,190,111,53,5,359,0,0,0,359
09/15/2013,BNA,TN,ASO,CE,Combined TRACON& Tower with Radar,250,125,44,6,425,0,1,16,1,18,250,126,60,7,443,0,0,0,443
09/16/2013,BNA,TN,ASO,CE,Combined TRACON& Tower with Radar,275,139,86,2,502,0,2,10,1,13,275,141,96,3,515,0,0,0,515
09/17/2013,BNA,TN,ASO,CE,Combined TRACON& Tower with Radar,275,135,84,3,497,0,0,26,2,28,275,135,110,5,525,0,0,0,525
09/18/2013,BNA,TN,ASO,CE,Combined TRACON& Tower with Radar,279,138,83,0,500,0,2,18,3,23,279,140,101,3,523,0,0,0,523
09/19/2013,BNA,TN,ASO,CE,Combined TRACON& Tower with Radar,268,136,83,0,487,0,1,15,0,16,268,137,98,0,503,0,0,0,503
09/20/2013,BNA,TN,ASO,CE,Combined TRACON& Tower with Radar,283,144,65,22,514,0,0,11,0,11,283,144,76,22,525,0,0,0,525
09/21/2013,BNA,TN,ASO,CE,Combined TRACON& Tower with Radar,187,97,36,4,324,0,1,10,0,11,187,98,46,4,335,0,0,0,335
09/22/2013,BNA,TN,ASO,CE,Combined TRACON& Tower with Radar,243,128,64,4,439,0,0,15,1,16,243,128,79,5,455,0,0,0,455
09/23/2013,BNA,TN,ASO,CE,Combined TRACON& Tower with Radar,268,144,68,6,486,0,0,30,3,33,268,144,98,9,519,0,0,0,519
09/24/2013,BNA,TN,ASO,CE,Combined TRACON& Tower with Radar,275,136,76,7,494,0,0,18,2,20,275,136,94,9,514,0,0,0,514
09/25/2013,BNA,TN,ASO,CE,Combined TRACON& Tower with Radar,289,135,83,3,510,0,0,10,3,13,289,135,93,6,523,0,0,0,523
09/26/2013,BNA,TN,ASO,CE,Combined TRACON& Tower with Radar,283,144,81,2,510,0,1,25,1,27,283,145,106,3,537,0,0,0,537
09/27/2013,BNA,TN,ASO,CE,Combined TRACON& Tower with Radar,277,163,98,7,545,0,3,34,2,39,277,166,132,9,584,0,0,0,584
09/28/2013,BNA,TN,ASO,CE,Combined TRACON& Tower with Radar,199,96,51,3,349,0,0,28,0,28,199,96,79,3,377,0,0,0,377
09/29/2013,BNA,TN,ASO,CE,Combined TRACON& Tower with Radar,262,148,71,4,485,0,0,12,1,13,262,148,83,5,498,0,0,0,498
09/30/2013,BNA,TN,ASO,CE,Combined TRACON& Tower with Radar,276,134,62,2,474,0,0,13,2,15,276,134,75,4,489,0,0,0,489
10/01/2013,BNA,TN,ASO,CE,Combined TRACON& Tower with Radar,281,137,95,0,513,0,1,22,0,23,281,138,117,0,536,0,0,0,536
10/02/2013,BNA,TN,ASO,CE,Combined TRACON& Tower with Radar,288,152,104,0,544,0,0,12,1,13,288,152,116,1,557,0,0,0,557
10/03/2013,BNA,TN,ASO,CE,Combined TRACON& Tower with Radar,292,158,106,1,557,0,1,22,3,26,292,159,128,4,583,0,0,0,583
10/04/2013,BNA,TN,ASO,CE,Combined TRACON& Tower with Radar,285,152,95,0,532,0,0,13,0,13,285,152,108,0,545,0,0,0,545
10/05/2013,BNA,TN,ASO,CE,Combined TRACON& Tower with Radar,215,102,35,0,352,0,1,21,0,22,215,103,56,0,374,0,0,0,374
10/06/2013,BNA,TN,ASO,CE,Combined TRACON& Tower with Radar,259,155,58,0,472,0,1,0,0,1,259,156,58,0,473,0,0,0,473
10/07/2013,BNA,TN,ASO,CE,Combined TRACON& Tower with Radar,274,131,47,0,452,0,0,12,2,14,274,131,59,2,466,0,0,0,466
10/08/2013,BNA,TN,ASO,CE,Combined TRACON& Tower with Radar,288,133,73,0,494,0,1,26,0,27,288,134,99,0,521,0,0,0,521
10/09/2013,BNA,TN,ASO,CE,Combined TRACON& Tower with Radar,289,145,79,0,513,0,0,26,1,27,289,145,105,1,540,0,0,0,540
10/10/2013,BNA,TN,ASO,CE,Combined TRACON& Tower with Radar,284,139,81,0,504,0,0,21,0,21,284,139,102,0,525,0,0,0,525
10/11/2013,BNA,TN,ASO,CE,Combined TRACON& Tower with Radar,287,147,82,0,516,0,1,24,2,27,287,148,106,2,543,0,0,0,543
10/12/2013,BNA,TN,ASO,CE,Combined TRACON& Tower with Radar,205,93,33,0,331,0,0,23,0,23,205,93,56,0,354,0,0,0,354
10/13/2013,BNA,TN,ASO,CE,Combined TRACON& Tower with Radar,256,124,64,0,444,0,0,14,0,14,256,124,78,0,458,0,0,0,458
10/14/2013,BNA,TN,ASO,CE,Combined TRACON& Tower with Radar,284,130,67,0,481,0,0,20,0,20,284,130,87,0,501,0,0,0,501
10/15/2013,BNA,TN,ASO,CE,Combined TRACON& Tower with Radar,291,141,75,0,507,0,0,15,0,15,291,141,90,0,522,0,0,0,522
10/16/2013,BNA,TN,ASO,CE,Combined TRACON& Tower with Radar,287,148,74,0,509,0,0,1,0,1,287,148,75,0,510,0,0,0,510
10/17/2013,BNA,TN,ASO,CE,Combined TRACON& Tower with Radar,290,169,94,0,553,0,0,12,0,12,290,169,106,0,565,0,0,0,565
10/18/2013,BNA,TN,ASO,CE,Combined TRACON& Tower with Radar,289,154,77,5,525,0,1,21,0,22,289,155,98,5,547,0,0,0,547
10/19/2013,BNA,TN,ASO,CE,Combined TRACON& Tower with Radar,204,122,41,5,372,0,0,7,0,7,204,122,48,5,379,0,0,0,379
10/20/2013,BNA,TN,ASO,CE,Combined TRACON& Tower with Radar,265,153,95,0,513,0,1,23,0,24,265,154,118,0,537,0,0,0,537
10/21/2013,BNA,TN,ASO,CE,Combined TRACON& Tower with Radar,283,140,75,0,498,0,0,14,0,14,283,140,89,0,512,0,0,0,512
10/22/2013,BNA,TN,ASO,CE,Combined TRACON& Tower with Radar,283,155,94,11,543,0,1,17,0,18,283,156,111,11,561,0,0,0,561
10/23/2013,BNA,TN,ASO,CE,Combined TRACON& Tower with Radar,292,143,107,1,543,0,0,14,2,16,292,143,121,3,559,0,0,0,559
10/24/2013,BNA,TN,ASO,CE,Combined TRACON& Tower with Radar,291,151,93,2,537,0,0,37,0,37,291,151,130,2,574,0,0,0,574
10/25/2013,BNA,TN,ASO,CE,Combined TRACON& Tower with Radar,283,145,64,6,498,0,2,32,1,35,283,147,96,7,533,0,0,0,533
10/26/2013,BNA,TN,ASO,CE,Combined TRACON& Tower with Radar,204,104,33,1,342,0,0,27,0,27,204,104,60,1,369,0,0,0,369
10/27/2013,BNA,TN,ASO,CE,Combined TRACON& Tower with Radar,256,124,60,5,445,0,0,10,1,11,256,124,70,6,456,0,0,0,456
10/28/2013,BNA,TN,ASO,CE,Combined TRACON& Tower with Radar,284,145,63,6,498,0,0,0,1,1,284,145,63,7,499,0,0,0,499
10/29/2013,BNA,TN,ASO,CE,Combined TRACON& Tower with Radar,293,128,84,3,508,0,1,18,2,21,293,129,102,5,529,0,0,0,529
10/30/2013,BNA,TN,ASO,CE,Combined TRACON& Tower with Radar,288,146,85,4,523,0,2,30,4,36,288,148,115,8,559,0,0,0,559
10/31/2013,BNA,TN,ASO,CE,Combined TRACON& Tower with Radar,271,135,48,2,456,0,0,0,2,2,271,135,48,4,458,0,0,0,458
11/01/2013,BNA,TN,ASO,CE,Combined TRACON& Tower with Radar,280,148,79,8,515,0,0,28,10,38,280,148,107,18,553,0,0,0,553
11/02/2013,BNA,TN,ASO,CE,Combined TRACON& Tower with Radar,208,94,47,3,352,0,1,21,1,23,208,95,68,4,375,0,0,0,375
11/03/2013,BNA,TN,ASO,CE,Combined TRACON& Tower with Radar,258,118,59,3,438,0,1,19,3,23,258,119,78,6,461,0,0,0,461
11/04/2013,BNA,TN,ASO,CE,Combined TRACON& Tower with Radar,274,158,62,2,496,0,0,18,4,22,274,158,80,6,518,0,0,0,518
11/05/2013,BNA,TN,ASO,CE,Combined TRACON& Tower with Radar,289,151,75,2,517,0,0,30,2,32,289,151,105,4,549,0,0,0,549
11/06/2013,BNA,TN,ASO,CE,Combined TRACON& Tower with Radar,285,153,140,0,578,0,0,16,4,20,285,153,156,4,598,0,0,0,598
11/07/2013,BNA,TN,ASO,CE,Combined TRACON& Tower with Radar,290,165,141,0,596,0,0,29,1,30,290,165,170,1,626,0,0,0,626
11/08/2013,BNA,TN,ASO,CE,Combined TRACON& Tower with Radar,282,152,78,2,514,0,0,28,0,28,282,152,106,2,542,0,0,0,542
11/09/2013,BNA,TN,ASO,CE,Combined TRACON& Tower with Radar,198,95,20,0,313,0,0,24,0,24,198,95,44,0,337,0,0,0,337
11/10/2013,BNA,TN,ASO,CE,Combined TRACON& Tower with Radar,247,133,55,0,435,0,1,24,0,25,247,134,79,0,460,0,0,0,460
11/11/2013,BNA,TN,ASO,CE,Combined TRACON& Tower with Radar,283,130,73,4,490,0,0,15,1,16,283,130,88,5,506,0,0,0,506
11/12/2013,BNA,TN,ASO,CE,Combined TRACON& Tower with Radar,280,146,107,4,537,0,0,11,1,12,280,146,118,5,549,0,0,0,549
11/13/2013,BNA,TN,ASO,CE,Combined TRACON& Tower with Radar,287,141,89,5,522,0,2,27,8,37,287,143,116,13,559,0,0,0,559
11/14/2013,BNA,TN,ASO,CE,Combined TRACON& Tower with Radar,285,155,119,2,561,0,2,30,0,32,285,157,149,2,593,0,0,0,593
11/15/2013,BNA,TN,ASO,CE,Combined TRACON& Tower with Radar,282,152,106,6,546,0,0,20,0,20,282,152,126,6,566,0,0,0,566
11/16/2013,BNA,TN,ASO,CE,Combined TRACON& Tower with Radar,202,95,46,0,343,0,0,2,0,2,202,95,48,0,345,0,0,0,345
11/17/2013,BNA,TN,ASO,CE,Combined TRACON& Tower with Radar,250,120,44,0,414,0,0,0,0,0,250,120,44,0,414,0,0,0,414
11/18/2013,BNA,TN,ASO,CE,Combined TRACON& Tower with Radar,278,145,74,2,499,0,1,11,3,15,278,146,85,5,514,0,0,0,514
11/19/2013,BNA,TN,ASO,CE,Combined TRACON& Tower with Radar,284,143,90,6,523,0,0,28,3,31,284,143,118,9,554,0,0,0,554
11/20/2013,BNA,TN,ASO,CE,Combined TRACON& Tower with Radar,281,136,84,4,505,0,1,28,4,33,281,137,112,8,538,0,0,0,538
11/21/2013,BNA,TN,ASO,CE,Combined TRACON& Tower with Radar,280,135,73,3,491,0,0,21,2,23,280,135,94,5,514,0,0,0,514
11/22/2013,BNA,TN,ASO,CE,Combined TRACON& Tower with Radar,293,155,102,0,550,0,0,0,0,0,293,155,102,0,550,0,0,0,550
11/23/2013,BNA,TN,ASO,CE,Combined TRACON& Tower with Radar,202,103,41,0,346,0,0,13,0,13,202,103,54,0,359,0,0,0,359
11/24/2013,BNA,TN,ASO,CE,Combined TRACON& Tower with Radar,232,133,35,0,400,0,2,16,1,19,232,135,51,1,419,0,0,0,419
11/25/2013,BNA,TN,ASO,CE,Combined TRACON& Tower with Radar,256,132,64,6,458,0,1,2,2,5,256,133,66,8,463,0,0,0,463
11/26/2013,BNA,TN,ASO,CE,Combined TRACON& Tower with Radar,293,150,52,0,495,0,0,0,0,0,293,150,52,0,495,0,0,0,495
11/27/2013,BNA,TN,ASO,CE,Combined TRACON& Tower with Radar,300,138,43,0,481,0,1,26,0,27,300,139,69,0,508,0,0,0,508
11/28/2013,BNA,TN,ASO,CE,Combined TRACON& Tower with Radar,159,83,7,1,250,0,3,5,0,8,159,86,12,1,258,0,0,0,258
11/29/2013,BNA,TN,ASO,CE,Combined TRACON& Tower with Radar,205,96,18,0,319,0,0,28,0,28,205,96,46,0,347,0,0,0,347
11/30/2013,BNA,TN,ASO,CE,Combined TRACON& Tower with Radar,254,121,41,0,416,0,0,13,0,13,254,121,54,0,429,0,0,0,429
12/01/2013,BNA,TN,ASO,CE,Combined TRACON& Tower with Radar,288,154,73,0,515,0,0,12,1,13,288,154,85,1,528,0,0,0,528
12/02/2013,BNA,TN,ASO,CE,Combined TRACON& Tower with Radar,288,142,77,6,513,0,0,5,3,8,288,142,82,9,521,0,0,0,521
12/03/2013,BNA,TN,ASO,CE,Combined TRACON& Tower with Radar,273,137,78,3,491,0,0,5,1,6,273,137,83,4,497,0,0,0,497
12/04/2013,BNA,TN,ASO,CE,Combined TRACON& Tower with Radar,274,144,81,6,505,0,1,11,3,15,274,145,92,9,520,0,0,0,520
12/05/2013,BNA,TN,ASO,CE,Combined TRACON& Tower with Radar,272,144,70,1,487,0,0,0,0,0,272,144,70,1,487,0,0,0,487
12/06/2013,BNA,TN,ASO,CE,Combined TRACON& Tower with Radar,263,118,46,0,427,0,0,1,0,1,263,118,47,0,428,0,0,0,428
12/07/2013,BNA,TN,ASO,CE,Combined TRACON& Tower with Radar,181,99,33,5,318,0,0,0,0,0,181,99,33,5,318,0,0,0,318
12/08/2013,BNA,TN,ASO,CE,Combined TRACON& Tower with Radar,214,102,45,1,362,0,0,0,0,0,214,102,45,1,362,0,0,0,362
12/09/2013,BNA,TN,ASO,CE,Combined TRACON& Tower with Radar,262,125,60,2,449,0,0,0,0,0,262,125,60,2,449,0,0,0,449
12/10/2013,BNA,TN,ASO,CE,Combined TRACON& Tower with Radar,262,128,101,2,493,0,1,15,4,20,262,129,116,6,513,0,0,0,513
12/11/2013,BNA,TN,ASO,CE,Combined TRACON& Tower with Radar,282,152,110,0,544,0,0,36,5,41,282,152,146,5,585,0,0,0,585
12/12/2013,BNA,TN,ASO,CE,Combined TRACON& Tower with Radar,287,136,92,0,515,0,7,32,3,42,287,143,124,3,557,0,0,0,557
12/13/2013,BNA,TN,ASO,CE,Combined TRACON& Tower with Radar,280,135,96,4,515,0,2,33,0,35,280,137,129,4,550,0,0,0,550
12/14/2013,BNA,TN,ASO,CE,Combined TRACON& Tower with Radar,192,97,23,1,313,0,0,0,0,0,192,97,23,1,313,0,0,0,313
12/15/2013,BNA,TN,ASO,CE,Combined TRACON& Tower with Radar,239,118,70,2,429,0,0,9,1,10,239,118,79,3,439,0,0,0,439
12/16/2013,BNA,TN,ASO,CE,Combined TRACON& Tower with Radar,281,140,63,1,485,0,0,22,2,24,281,140,85,3,509,0,0,0,509
12/17/2013,BNA,TN,ASO,CE,Combined TRACON& Tower with Radar,279,126,54,4,463,0,2,24,0,26,279,128,78,4,489,0,0,0,489
12/18/2013,BNA,TN,ASO,CE,Combined TRACON& Tower with Radar,284,150,75,2,511,0,3,27,0,30,284,153,102,2,541,0,0,0,541
12/19/2013,BNA,TN,ASO,CE,Combined TRACON& Tower with Radar,272,151,67,0,490,0,2,28,0,30,272,153,95,0,520,0,0,0,520
12/20/2013,BNA,TN,ASO,CE,Combined TRACON& Tower with Radar,287,155,71,3,516,0,0,10,0,10,287,155,81,3,526,0,0,0,526
12/21/2013,BNA,TN,ASO,CE,Combined TRACON& Tower with Radar,247,110,18,0,375,0,0,0,0,0,247,110,18,0,375,0,0,0,375
12/22/2013,BNA,TN,ASO,CE,Combined TRACON& Tower with Radar,254,110,26,1,391,0,0,4,0,4,254,110,30,1,395,0,0,0,395
12/23/2013,BNA,TN,ASO,CE,Combined TRACON& Tower with Radar,271,128,42,0,441,0,0,8,1,9,271,128,50,1,450,0,0,0,450
12/24/2013,BNA,TN,ASO,CE,Combined TRACON& Tower with Radar,199,86,8,0,293,0,1,17,1,19,199,87,25,1,312,0,0,0,312
12/25/2013,BNA,TN,ASO,CE,Combined TRACON& Tower with Radar,197,79,9,0,285,0,0,4,1,5,197,79,13,1,290,0,0,0,290
12/26/2013,BNA,TN,ASO,CE,Combined TRACON& Tower with Radar,275,133,47,0,455,0,0,29,0,29,275,133,76,0,484,0,0,0,484
12/27/2013,BNA,TN,ASO,CE,Combined TRACON& Tower with Radar,284,144,40,0,468,0,3,30,0,33,284,147,70,0,501,0,0,0,501
12/28/2013,BNA,TN,ASO,CE,Combined TRACON& Tower with Radar,236,127,38,0,401,0,0,23,0,23,236,127,61,0,424,0,0,0,424
12/29/2013,BNA,TN,ASO,CE,Combined TRACON& Tower with Radar,234,104,49,0,387,0,0,7,0,7,234,104,56,0,394,0,0,0,394
12/30/2013,BNA,TN,ASO,CE,Combined TRACON& Tower with Radar,254,124,52,2,432,0,2,4,0,6,254,126,56,2,438,0,0,0,438
12/31/2013,BNA,TN,ASO,CE,Combined TRACON& Tower with Radar,206,89,37,0,332,0,1,18,0,19,206,90,55,0,351,0,0,0,351
01/01/2014,BNA,TN,ASO,CE,Combined TRACON& Tower with Radar,196,86,17,0,299,0,1,25,0,26,196,87,42,0,325,0,0,0,325
01/02/2014,BNA,TN,ASO,CE,Combined TRACON& Tower with Radar,239,110,27,0,376,0,0,1,0,1,239,110,28,0,377,0,0,0,377
01/03/2014,BNA,TN,ASO,CE,Combined TRACON& Tower with Radar,233,116,50,0,399,0,0,13,0,13,233,116,63,0,412,0,0,0,412
01/04/2014,BNA,TN,ASO,CE,Combined TRACON& Tower with Radar,196,107,41,2,346,0,0,28,1,29,196,107,69,3,375,0,0,0,375
01/05/2014,BNA,TN,ASO,CE,Combined TRACON& Tower with Radar,213,116,53,1,383,0,1,1,1,3,213,117,54,2,386,0,0,0,386
01/06/2014,BNA,TN,ASO,CE,Combined TRACON& Tower with Radar,239,104,48,4,395,0,1,4,2,7,239,105,52,6,402,0,0,0,402
01/07/2014,BNA,TN,ASO,CE,Combined TRACON& Tower with Radar,252,108,54,0,414,0,0,20,2,22,252,108,74,2,436,0,0,0,436
01/08/2014,BNA,TN,ASO,CE,Combined TRACON& Tower with Radar,265,138,86,6,495,0,1,21,3,25,265,139,107,9,520,0,0,0,520
01/09/2014,BNA,TN,ASO,CE,Combined TRACON& Tower with Radar,282,140,57,0,479,0,0,14,0,14,282,140,71,0,493,0,0,0,493
01/10/2014,BNA,TN,ASO,CE,Combined TRACON& Tower with Radar,270,139,46,5,460,0,0,4,0,4,270,139,50,5,464,0,0,0,464
01/11/2014,BNA,TN,ASO,CE,Combined TRACON& Tower with Radar,169,86,44,3,302,0,0,17,1,18,169,86,61,4,320,0,0,0,320
01/12/2014,BNA,TN,ASO,CE,Combined TRACON& Tower with Radar,237,108,28,7,380,0,1,19,1,21,237,109,47,8,401,0,0,0,401
01/13/2014,BNA,TN,ASO,CE,Combined TRACON& Tower with Radar,264,138,52,5,459,0,1,3,0,4,264,139,55,5,463,0,0,0,463
01/14/2014,BNA,TN,ASO,CE,Combined TRACON& Tower with Radar,261,125,57,2,445,0,3,31,2,36,261,128,88,4,481,0,0,0,481
01/15/2014,BNA,TN,ASO,CE,Combined TRACON& Tower with Radar,269,135,66,6,476,0,0,12,2,14,269,135,78,8,490,0,0,0,490
01/16/2014,BNA,TN,ASO,CE,Combined TRACON& Tower with Radar,275,137,77,7,496,0,0,24,1,25,275,137,101,8,521,0,0,0,521
01/17/2014,BNA,TN,ASO,CE,Combined TRACON& Tower with Radar,276,143,88,6,513,0,1,13,6,20,276,144,101,12,533,0,0,0,533
01/18/2014,BNA,TN,ASO,CE,Combined TRACON& Tower with Radar,175,81,19,2,277,0,0,20,2,22,175,81,39,4,299,0,0,0,299
01/19/2014,BNA,TN,ASO,CE,Combined TRACON& Tower with Radar,226,107,32,0,365,0,2,14,5,21,226,109,46,5,386,0,0,0,386
01/20/2014,BNA,TN,ASO,CE,Combined TRACON& Tower with Radar,268,121,68,1,458,0,0,25,0,25,268,121,93,1,483,0,0,0,483
01/21/2014,BNA,TN,ASO,CE,Combined TRACON& Tower with Radar,243,115,73,2,433,0,1,3,2,6,243,116,76,4,439,0,0,0,439
01/22/2014,BNA,TN,ASO,CE,Combined TRACON& Tower with Radar,266,115,80,2,463,0,0,22,3,25,266,115,102,5,488,0,0,0,488
01/23/2014,BNA,TN,ASO,CE,Combined TRACON& Tower with Radar,270,134,76,6,486,0,0,14,2,16,270,134,90,8,502,0,0,0,502
01/24/2014,BNA,TN,ASO,CE,Combined TRACON& Tower with Radar,271,130,75,4,480,0,2,27,1,30,271,132,102,5,510,0,0,0,510
01/25/2014,BNA,TN,ASO,CE,Combined TRACON& Tower with Radar,182,88,25,12,307,0,3,6,0,9,182,91,31,12,316,0,0,0,316
01/26/2014,BNA,TN,ASO,CE,Combined TRACON& Tower with Radar,229,102,43,1,375,0,2,11,1,14,229,104,54,2,389,0,0,0,389
01/27/2014,BNA,TN,ASO,CE,Combined TRACON& Tower with Radar,264,124,53,9,450,0,0,9,2,11,264,124,62,11,461,0,0,0,461
01/28/2014,BNA,TN,ASO,CE,Combined TRACON& Tower with Radar,243,123,81,7,454,0,1,22,3,26,243,124,103,10,480,0,0,0,480
01/29/2014,BNA,TN,ASO,CE,Combined TRACON& Tower with Radar,238,115,81,2,436,0,0,19,3,22,238,115,100,5,458,0,0,0,458
01/30/2014,BNA,TN,ASO,CE,Combined TRACON& Tower with Radar,257,141,71,1,470,0,0,16,6,22,257,141,87,7,492,0,0,0,492
01/31/2014,BNA,TN,ASO,CE,Combined TRACON& Tower with Radar,276,137,71,4,488,0,0,17,0,17,276,137,88,4,505,0,0,0,505
02/01/2014,BNA,TN,ASO,CE,Combined TRACON& Tower with Radar,165,93,37,8,303,0,1,18,0,19,165,94,55,8,322,0,0,0,322
02/02/2014,BNA,TN,ASO,CE,Combined TRACON& Tower with Radar,209,96,25,1,331,0,0,0,0,0,209,96,25,1,331,0,0,0,331
02/03/2014,BNA,TN,ASO,CE,Combined TRACON& Tower with Radar,254,120,99,0,473,0,0,0,0,0,254,120,99,0,473,0,0,0,473
02/04/2014,BNA,TN,ASO,CE,Combined TRACON& Tower with Radar,258,124,82,2,466,0,0,0,0,0,258,124,82,2,466,0,0,0,466
02/05/2014,BNA,TN,ASO,CE,Combined TRACON& Tower with Radar,258,127,81,0,466,0,0,5,0,5,258,127,86,0,471,0,0,0,471
02/06/2014,BNA,TN,ASO,CE,Combined TRACON& Tower with Radar,268,143,96,2,509,0,0,4,0,4,268,143,100,2,513,0,0,0,513
02/07/2014,BNA,TN,ASO,CE,Combined TRACON& Tower with Radar,280,144,83,0,507,0,2,9,0,11,280,146,92,0,518,0,0,0,518
02/08/2014,BNA,TN,ASO,CE,Combined TRACON& Tower with Radar,180,86,44,3,313,0,0,18,0,18,180,86,62,3,331,0,0,0,331
02/09/2014,BNA,TN,ASO,CE,Combined TRACON& Tower with Radar,234,112,52,2,400,0,1,0,0,1,234,113,52,2,401,0,0,0,401
02/10/2014,BNA,TN,ASO,CE,Combined TRACON& Tower with Radar,264,134,55,0,453,0,2,12,1,15,264,136,67,1,468,0,0,0,468
02/11/2014,BNA,TN,ASO,CE,Combined TRACON& Tower with Radar,253,145,59,8,465,0,2,11,10,23,253,147,70,18,488,0,0,0,488
02/12/2014,BNA,TN,ASO,CE,Combined TRACON& Tower with Radar,232,135,65,0,432,0,0,7,7,14,232,135,72,7,446,0,0,0,446
02/13/2014,BNA,TN,ASO,CE,Combined TRACON& Tower with Radar,204,125,92,6,427,0,1,26,1,28,204,126,118,7,455,0,0,0,455
02/14/2014,BNA,TN,ASO,CE,Combined TRACON& Tower with Radar,262,143,65,1,471,0,0,8,0,8,262,143,73,1,479,0,0,0,479
02/15/2014,BNA,TN,ASO,CE,Combined TRACON& Tower with Radar,188,83,33,0,304,0,0,20,0,20,188,83,53,0,324,0,0,0,324
02/16/2014,BNA,TN,ASO,CE,Combined TRACON& Tower with Radar,225,108,56,2,391,0,3,23,0,26,225,111,79,2,417,0,0,0,417
02/17/2014,BNA,TN,ASO,CE,Combined TRACON& Tower with Radar,259,129,74,2,464,0,0,7,2,9,259,129,81,4,473,0,0,0,473
02/18/2014,BNA,TN,ASO,CE,Combined TRACON& Tower with Radar,266,147,95,0,508,0,0,39,1,40,266,147,134,1,548,0,0,0,548
02/19/2014,BNA,TN,ASO,CE,Combined TRACON& Tower with Radar,269,169,123,6,567,0,0,28,8,36,269,169,151,14,603,0,0,0,603
02/20/2014,BNA,TN,ASO,CE,Combined TRACON& Tower with Radar,258,137,84,2,481,0,6,8,0,14,258,143,92,2,495,0,0,0,495
02/21/2014,BNA,TN,ASO,CE,Combined TRACON& Tower with Radar,266,127,101,6,500,0,0,36,3,39,266,127,137,9,539,0,0,0,539
02/22/2014,BNA,TN,ASO,CE,Combined TRACON& Tower with Radar,188,109,85,10,392,0,2,24,2,28,188,111,109,12,420,0,0,0,420
02/23/2014,BNA,TN,ASO,CE,Combined TRACON& Tower with Radar,243,126,56,8,433,0,1,24,3,28,243,127,80,11,461,0,0,0,461
02/24/2014,BNA,TN,ASO,CE,Combined TRACON& Tower with Radar,271,126,75,6,478,0,3,14,3,20,271,129,89,9,498,0,0,0,498
02/25/2014,BNA,TN,ASO,CE,Combined TRACON& Tower with Radar,269,131,83,5,488,0,0,18,5,23,269,131,101,10,511,0,0,0,511
02/26/2014,BNA,TN,ASO,CE,Combined TRACON& Tower with Radar,276,141,75,6,498,0,0,20,2,22,276,141,95,8,520,0,0,0,520
02/27/2014,BNA,TN,ASO,CE,Combined TRACON& Tower with Radar,276,140,94,0,510,0,0,29,0,29,276,140,123,0,539,0,0,0,539
02/28/2014,BNA,TN,ASO,CE,Combined TRACON& Tower with Radar,273,131,96,1,501,0,3,21,2,26,273,134,117,3,527,0,0,0,527
03/01/2014,BNA,TN,ASO,CE,Combined TRACON& Tower with Radar,195,87,37,0,319,0,0,33,0,33,195,87,70,0,352,0,0,0,352
03/02/2014,BNA,TN,ASO,CE,Combined TRACON& Tower with Radar,204,108,46,3,361,0,0,2,1,3,204,108,48,4,364,0,0,0,364
03/03/2014,BNA,TN,ASO,CE,Combined TRACON& Tower with Radar,201,86,26,0,313,0,0,1,1,2,201,86,27,1,315,0,0,0,315
03/04/2014,BNA,TN,ASO,CE,Combined TRACON& Tower with Radar,267,138,81,3,489,0,0,8,0,8,267,138,89,3,497,0,0,0,497
03/05/2014,BNA,TN,ASO,CE,Combined TRACON& Tower with Radar,275,134,88,1,498,0,0,0,0,0,275,134,88,1,498,0,0,0,498
03/06/2014,BNA,TN,ASO,CE,Combined TRACON& Tower with Radar,282,128,89,5,504,0,0,20,1,21,282,128,109,6,525,0,0,0,525
03/07/2014,BNA,TN,ASO,CE,Combined TRACON& Tower with Radar,275,133,74,6,488,0,1,34,2,37,275,134,108,8,525,0,0,0,525
03/08/2014,BNA,TN,ASO,CE,Combined TRACON& Tower with Radar,235,94,33,7,369,0,1,23,3,27,235,95,56,10,396,0,0,0,396
03/09/2014,BNA,TN,ASO,CE,Combined TRACON& Tower with Radar,263,118,55,9,445,0,2,12,1,15,263,120,67,10,460,0,0,0,460
03/10/2014,BNA,TN,ASO,CE,Combined TRACON& Tower with Radar,283,122,69,6,480,0,1,41,2,44,283,123,110,8,524,0,0,0,524
03/11/2014,BNA,TN,ASO,CE,Combined TRACON& Tower with Radar,290,131,85,8,514,0,0,51,3,54,290,131,136,11,568,0,0,0,568
03/12/2014,BNA,TN,ASO,CE,Combined TRACON& Tower with Radar,278,132,75,4,489,0,0,1,0,1,278,132,76,4,490,0,0,0,490
03/13/2014,BNA,TN,ASO,CE,Combined TRACON& Tower with Radar,287,143,98,2,530,0,5,35,0,40,287,148,133,2,570,0,0,0,570
03/14/2014,BNA,TN,ASO,CE,Combined TRACON& Tower with Radar,285,136,77,3,501,0,5,23,2,30,285,141,100,5,531,0,0,0,531
03/15/2014,BNA,TN,ASO,CE,Combined TRACON& Tower with Radar,249,95,36,15,395,0,1,21,0,22,249,96,57,15,417,0,0,0,417
03/16/2014,BNA,TN,ASO,CE,Combined TRACON& Tower with Radar,263,111,48,3,425,0,0,0,0,0,263,111,48,3,425,0,0,0,425
03/17/2014,BNA,TN,ASO,CE,Combined TRACON& Tower with Radar,285,129,64,4,482,0,0,3,0,3,285,129,67,4,485,0,0,0,485
03/18/2014,BNA,TN,ASO,CE,Combined TRACON& Tower with Radar,287,121,90,0,498,0,0,7,0,7,287,121,97,0,505,0,0,0,505
03/19/2014,BNA,TN,ASO,CE,Combined TRACON& Tower with Radar,287,141,81,2,511,0,0,14,0,14,287,141,95,2,525,0,0,0,525
03/20/2014,BNA,TN,ASO,CE,Combined TRACON& Tower with Radar,290,133,89,4,516,0,6,41,0,47,290,139,130,4,563,0,0,0,563
03/21/2014,BNA,TN,ASO,CE,Combined TRACON& Tower with Radar,292,119,82,14,507,0,6,39,2,47,292,125,121,16,554,0,0,0,554
03/22/2014,BNA,TN,ASO,CE,Combined TRACON& Tower with Radar,244,100,53,2,399,0,0,28,0,28,244,100,81,2,427,0,0,0,427
03/23/2014,BNA,TN,ASO,CE,Combined TRACON& Tower with Radar,268,128,65,12,473,0,0,19,0,19,268,128,84,12,492,0,0,0,492
03/24/2014,BNA,TN,ASO,CE,Combined TRACON& Tower with Radar,282,111,71,1,465,0,2,30,5,37,282,113,101,6,502,0,0,0,502
03/25/2014,BNA,TN,ASO,CE,Combined TRACON& Tower with Radar,283,125,79,0,487,0,0,3,5,8,283,125,82,5,495,0,0,0,495
03/26/2014,BNA,TN,ASO,CE,Combined TRACON& Tower with Radar,290,128,73,2,493,0,5,36,0,41,290,133,109,2,534,0,0,0,534
03/27/2014,BNA,TN,ASO,CE,Combined TRACON& Tower with Radar,292,133,81,1,507,0,0,19,1,20,292,133,100,2,527,0,0,0,527
03/28/2014,BNA,TN,ASO,CE,Combined TRACON& Tower with Radar,289,127,80,6,502,0,0,8,0,8,289,127,88,6,510,0,0,0,510
03/29/2014,BNA,TN,ASO,CE,Combined TRACON& Tower with Radar,245,99,36,1,381,0,0,0,1,1,245,99,36,2,382,0,0,0,382
03/30/2014,BNA,TN,ASO,CE,Combined TRACON& Tower with Radar,266,120,51,10,447,0,0,31,3,34,266,120,82,13,481,0,0,0,481
03/31/2014,BNA,TN,ASO,CE,Combined TRACON& Tower with Radar,286,110,72,4,472,0,1,27,8,36,286,111,99,12,508,0,0,0,508
04/01/2014,BNA,TN,ASO,CE,Combined TRACON& Tower with Radar,288,116,77,11,492,0,0,26,2,28,288,116,103,13,520,0,0,0,520
04/02/2014,BNA,TN,ASO,CE,Combined TRACON& Tower with Radar,291,133,70,4,498,0,5,21,6,32,291,138,91,10,530,0,0,0,530
04/03/2014,BNA,TN,ASO,CE,Combined TRACON& Tower with Radar,300,118,80,6,504,0,0,21,3,24,300,118,101,9,528,0,0,0,528
04/04/2014,BNA,TN,ASO,CE,Combined TRACON& Tower with Radar,294,130,53,1,478,0,0,12,2,14,294,130,65,3,492,0,0,0,492
04/05/2014,BNA,TN,ASO,CE,Combined TRACON& Tower with Radar,244,79,21,0,344,0,1,25,1,27,244,80,46,1,371,0,0,0,371
04/06/2014,BNA,TN,ASO,CE,Combined TRACON& Tower with Radar,261,110,59,0,430,0,3,26,1,30,261,113,85,1,460,0,0,0,460
04/07/2014,BNA,TN,ASO,CE,Combined TRACON& Tower with Radar,292,133,74,0,499,0,0,1,1,2,292,133,75,1,501,0,0,0,501
04/08/2014,BNA,TN,ASO,CE,Combined TRACON& Tower with Radar,289,132,81,2,504,0,0,14,0,14,289,132,95,2,518,0,0,0,518
04/09/2014,BNA,TN,ASO,CE,Combined TRACON& Tower with Radar,299,124,96,6,525,0,4,32,5,41,299,128,128,11,566,0,0,0,566
04/10/2014,BNA,TN,ASO,CE,Combined TRACON& Tower with Radar,289,144,86,7,526,0,1,26,1,28,289,145,112,8,554,0,0,0,554
04/11/2014,BNA,TN,ASO,CE,Combined TRACON& Tower with Radar,288,141,92,4,525,0,1,30,4,35,288,142,122,8,560,0,0,0,560
04/12/2014,BNA,TN,ASO,CE,Combined TRACON& Tower with Radar,226,88,42,7,363,0,0,22,0,22,226,88,64,7,385,0,0,0,385
04/13/2014,BNA,TN,ASO,CE,Combined TRACON& Tower with Radar,260,120,61,4,445,0,0,20,1,21,260,120,81,5,466,0,0,0,466
04/14/2014,BNA,TN,ASO,CE,Combined TRACON& Tower with Radar,290,110,52,0,452,0,0,1,0,1,290,110,53,0,453,0,0,0,453
04/15/2014,BNA,TN,ASO,CE,Combined TRACON& Tower with Radar,285,137,83,6,511,0,0,9,2,11,285,137,92,8,522,0,0,0,522
04/16/2014,BNA,TN,ASO,CE,Combined TRACON& Tower with Radar,288,122,79,2,491,0,2,24,0,26,288,124,103,2,517,0,0,0,517
04/17/2014,BNA,TN,ASO,CE,Combined TRACON& Tower with Radar,292,127,130,4,553,0,8,30,3,41,292,135,160,7,594,0,0,0,594
04/18/2014,BNA,TN,ASO,CE,Combined TRACON& Tower with Radar,280,134,64,2,480,0,1,21,1,23,280,135,85,3,503,0,0,0,503
04/19/2014,BNA,TN,ASO,CE,Combined TRACON& Tower with Radar,218,77,23,4,322,0,1,27,0,28,218,78,50,4,350,0,0,0,350
04/20/2014,BNA,TN,ASO,CE,Combined TRACON& Tower with Radar,241,113,34,4,392,0,1,7,1,9,241,114,41,5,401,0,0,0,401
04/21/2014,BNA,TN,ASO,CE,Combined TRACON& Tower with Radar,286,132,85,0,503,0,0,15,2,17,286,132,100,2,520,0,0,0,520
04/22/2014,BNA,TN,ASO,CE,Combined TRACON& Tower with Radar,290,137,84,10,521,0,0,19,2,21,290,137,103,12,542,0,0,0,542
04/23/2014,BNA,TN,ASO,CE,Combined TRACON& Tower with Radar,293,124,106,4,527,0,2,43,0,45,293,126,149,4,572,0,0,0,572
04/24/2014,BNA,TN,ASO,CE,Combined TRACON& Tower with Radar,290,147,104,1,542,0,1,32,5,38,290,148,136,6,580,0,0,0,580
04/25/2014,BNA,TN,ASO,CE,Combined TRACON& Tower with Radar,291,123,85,2,501,0,2,12,3,17,291,125,97,5,518,0,0,0,518
04/26/2014,BNA,TN,ASO,CE,Combined TRACON& Tower with Radar,219,80,28,2,329,0,4,31,0,35,219,84,59,2,364,0,0,0,364
04/27/2014,BNA,TN,ASO,CE,Combined TRACON& Tower with Radar,253,101,54,2,410,0,1,13,2,16,253,102,67,4,426,0,0,0,426
04/28/2014,BNA,TN,ASO,CE,Combined TRACON& Tower with Radar,288,116,28,0,432,0,0,0,1,1,288,116,28,1,433,0,0,0,433
04/29/2014,BNA,TN,ASO,CE,Combined TRACON& Tower with Radar,283,120,61,0,464,0,0,15,2,17,283,120,76,2,481,0,0,0,481
04/30/2014,BNA,TN,ASO,CE,Combined TRACON& Tower with Radar,297,116,75,0,488,0,1,24,1,26,297,117,99,1,514,0,0,0,514
05/01/2014,BNA,TN,ASO,CE,Combined TRACON& Tower with Radar,290,121,95,7,513,0,2,25,7,34,290,123,120,14,547,0,0,0,547
05/02/2014,BNA,TN,ASO,CE,Combined TRACON& Tower with Radar,295,131,73,11,510,0,2,33,3,38,295,133,106,14,548,0,0,0,548
05/03/2014,BNA,TN,ASO,CE,Combined TRACON& Tower with Radar,224,70,43,4,341,0,7,32,0,39,224,77,75,4,380,0,0,0,380
05/04/2014,BNA,TN,ASO,CE,Combined TRACON& Tower with Radar,260,104,73,4,441,0,4,24,0,28,260,108,97,4,469,0,0,0,469
05/05/2014,BNA,TN,ASO,CE,Combined TRACON& Tower with Radar,286,118,78,15,497,0,0,36,0,36,286,118,114,15,533,0,0,0,533
05/06/2014,BNA,TN,ASO,CE,Combined TRACON& Tower with Radar,291,136,85,9,521,0,1,37,1,39,291,137,122,10,560,0,0,0,560
05/07/2014,BNA,TN,ASO,CE,Combined TRACON& Tower with Radar,292,141,108,2,543,0,4,20,3,27,292,145,128,5,570,0,0,0,570
05/08/2014,BNA,TN,ASO,CE,Combined TRACON& Tower with Radar,280,129,104,0,513,0,0,27,2,29,280,129,131,2,542,0,0,0,542
05/09/2014,BNA,TN,ASO,CE,Combined TRACON& Tower with Radar,301,124,88,6,519,0,0,8,0,8,301,124,96,6,527,0,0,0,527
05/10/2014,BNA,TN,ASO,CE,Combined TRACON& Tower with Radar,220,95,42,7,364,0,0,6,0,6,220,95,48,7,370,0,0,0,370
05/11/2014,BNA,TN,ASO,CE,Combined TRACON& Tower with Radar,252,109,39,1,401,0,1,19,0,20,252,110,58,1,421,0,0,0,421
05/12/2014,BNA,TN,ASO,CE,Combined TRACON& Tower with Radar,282,120,80,3,485,0,0,35,5,40,282,120,115,8,525,0,0,0,525
05/13/2014,BNA,TN,ASO,CE,Combined TRACON& Tower with Radar,286,97,75,3,461,0,1,38,0,39,286,98,113,3,500,0,0,0,500
05/14/2014,BNA,TN,ASO,CE,Combined TRACON& Tower with Radar,306,118,91,0,515,0,0,1,0,1,306,118,92,0,516,0,0,0,516
05/15/2014,BNA,TN,ASO,CE,Combined TRACON& Tower with Radar,299,125,121,0,545,0,2,28,0,30,299,127,149,0,575,0,0,0,575
05/16/2014,BNA,TN,ASO,CE,Combined TRACON& Tower with Radar,293,117,80,4,494,0,1,24,4,29,293,118,104,8,523,0,0,0,523
05/17/2014,BNA,TN,ASO,CE,Combined TRACON& Tower with Radar,228,88,41,5,362,0,2,17,4,23,228,90,58,9,385,0,0,0,385
05/18/2014,BNA,TN,ASO,CE,Combined TRACON& Tower with Radar,264,118,55,4,441,0,2,24,1,27,264,120,79,5,468,0,0,0,468
05/19/2014,BNA,TN,ASO,CE,Combined TRACON& Tower with Radar,293,133,63,8,497,0,1,30,0,31,293,134,93,8,528,0,0,0,528
05/20/2014,BNA,TN,ASO,CE,Combined TRACON& Tower with Radar,301,125,87,7,520,0,1,24,2,27,301,126,111,9,547,0,0,0,547
05/21/2014,BNA,TN,ASO,CE,Combined TRACON& Tower with Radar,297,142,106,4,549,0,0,31,2,33,297,142,137,6,582,0,0,0,582
05/22/2014,BNA,TN,ASO,CE,Combined TRACON& Tower with Radar,303,126,114,2,545,0,0,27,0,27,303,126,141,2,572,0,0,0,572
05/23/2014,BNA,TN,ASO,CE,Combined TRACON& Tower with Radar,291,125,94,0,510,0,0,34,0,34,291,125,128,0,544,0,0,0,544
05/24/2014,BNA,TN,ASO,CE,Combined TRACON& Tower with Radar,208,84,24,1,317,0,5,30,0,35,208,89,54,1,352,0,0,0,352
05/25/2014,BNA,TN,ASO,CE,Combined TRACON& Tower with Radar,217,82,30,1,330,0,0,12,0,12,217,82,42,1,342,0,0,0,342
05/26/2014,BNA,TN,ASO,CE,Combined TRACON& Tower with Radar,269,115,54,0,438,0,0,27,1,28,269,115,81,1,466,0,0,0,466
05/27/2014,BNA,TN,ASO,CE,Combined TRACON& Tower with Radar,293,113,79,2,487,0,2,26,3,31,293,115,105,5,518,0,0,0,518
05/28/2014,BNA,TN,ASO,CE,Combined TRACON& Tower with Radar,302,116,53,2,473,0,0,25,4,29,302,116,78,6,502,0,0,0,502
05/29/2014,BNA,TN,ASO,CE,Combined TRACON& Tower with Radar,294,117,70,3,484,0,0,27,1,28,294,117,97,4,512,0,0,0,512
05/30/2014,BNA,TN,ASO,CE,Combined TRACON& Tower with Radar,294,119,83,5,501,0,0,39,4,43,294,119,122,9,544,0,0,0,544
05/31/2014,BNA,TN,ASO,CE,Combined TRACON& Tower with Radar,224,92,36,12,364,0,0,31,2,33,224,92,67,14,397,0,0,0,397
06/01/2014,BNA,TN,ASO,CE,Combined TRACON& Tower with Radar,263,111,53,8,435,0,1,18,5,24,263,112,71,13,459,0,0,0,459
06/02/2014,BNA,TN,ASO,CE,Combined TRACON& Tower with Radar,291,126,57,8,482,0,0,15,1,16,291,126,72,9,498,0,0,0,498
06/03/2014,BNA,TN,ASO,CE,Combined TRACON& Tower with Radar,292,139,89,4,524,0,3,21,3,27,292,142,110,7,551,0,0,0,551
06/04/2014,BNA,TN,ASO,CE,Combined TRACON& Tower with Radar,299,134,116,0,549,0,2,31,1,34,299,136,147,1,583,0,0,0,583
06/05/2014,BNA,TN,ASO,CE,Combined TRACON& Tower with Radar,302,125,95,2,524,0,0,8,0,8,302,125,103,2,532,0,0,0,532
06/06/2014,BNA,TN,ASO,CE,Combined TRACON& Tower with Radar,288,127,83,5,503,0,0,20,0,20,288,127,103,5,523,0,0,0,523
06/07/2014,BNA,TN,ASO,CE,Combined TRACON& Tower with Radar,220,97,42,0,359,0,1,17,0,18,220,98,59,0,377,0,0,0,377
06/08/2014,BNA,TN,ASO,CE,Combined TRACON& Tower with Radar,268,122,55,2,447,0,0,16,0,16,268,122,71,2,463,0,0,0,463
06/09/2014,BNA,TN,ASO,CE,Combined TRACON& Tower with Radar,310,126,76,1,513,0,0,15,2,17,310,126,91,3,530,0,0,0,530
06/10/2014,BNA,TN,ASO,CE,Combined TRACON& Tower with Radar,303,127,85,3,518,0,0,4,1,5,303,127,89,4,523,0,0,0,523
06/11/2014,BNA,TN,ASO,CE,Combined TRACON& Tower with Radar,306,133,76,3,518,0,0,9,0,9,306,133,85,3,527,0,0,0,527
06/12/2014,BNA,TN,ASO,CE,Combined TRACON& Tower with Radar,305,131,78,0,514,0,1,43,0,44,305,132,121,0,558,0,0,0,558
06/13/2014,BNA,TN,ASO,CE,Combined TRACON& Tower with Radar,286,119,87,13,505,0,0,14,7,21,286,119,101,20,526,0,0,0,526
06/14/2014,BNA,TN,ASO,CE,Combined TRACON& Tower with Radar,233,97,34,20,384,0,2,25,3,30,233,99,59,23,414,0,0,0,414
06/15/2014,BNA,TN,ASO,CE,Combined TRACON& Tower with Radar,277,114,54,1,446,0,1,24,4,29,277,115,78,5,475,0,0,0,475
06/16/2014,BNA,TN,ASO,CE,Combined TRACON& Tower with Radar,297,121,46,1,465,0,1,26,2,29,297,122,72,3,494,0,0,0,494
06/17/2014,BNA,TN,ASO,CE,Combined TRACON& Tower with Radar,298,123,82,4,507,0,1,28,3,32,298,124,110,7,539,0,0,0,539
06/18/2014,BNA,TN,ASO,CE,Combined TRACON& Tower with Radar,303,118,79,2,502,0,1,35,1,37,303,119,114,3,539,0,0,0,539
06/19/2014,BNA,TN,ASO,CE,Combined TRACON& Tower with Radar,311,108,83,5,507,0,5,22,0,27,311,113,105,5,534,0,0,0,534
06/20/2014,BNA,TN,ASO,CE,Combined TRACON& Tower with Radar,307,136,73,8,524,0,1,33,2,36,307,137,106,10,560,0,0,0,560
06/21/2014,BNA,TN,ASO,CE,Combined TRACON& Tower with Radar,247,86,24,15,372,0,0,20,0,20,247,86,44,15,392,0,0,0,392
06/22/2014,BNA,TN,ASO,CE,Combined TRACON& Tower with Radar,276,110,55,7,448,0,1,15,4,20,276,111,70,11,468,0,0,0,468
06/23/2014,BNA,TN,ASO,CE,Combined TRACON& Tower with Radar,307,105,80,2,494,0,1,14,3,18,307,106,94,5,512,0,0,0,512
06/24/2014,BNA,TN,ASO,CE,Combined TRACON& Tower with Radar,299,116,90,2,507,0,0,11,0,11,299,116,101,2,518,0,0,0,518
06/25/2014,BNA,TN,ASO,CE,Combined TRACON& Tower with Radar,302,115,89,0,506,0,1,30,1,32,302,116,119,1,538,0,0,0,538
06/26/2014,BNA,TN,ASO,CE,Combined TRACON& Tower with Radar,336,125,104,0,565,0,0,25,0,25,336,125,129,0,590,0,0,0,590
06/27/2014,BNA,TN,ASO,CE,Combined TRACON& Tower with Radar,307,126,70,15,518,0,3,29,0,32,307,129,99,15,550,0,0,0,550
06/28/2014,BNA,TN,ASO,CE,Combined TRACON& Tower with Radar,242,89,32,3,366,0,4,11,1,16,242,93,43,4,382,0,0,0,382
06/29/2014,BNA,TN,ASO,CE,Combined TRACON& Tower with Radar,268,110,49,2,429,0,0,3,1,4,268,110,52,3,433,0,0,0,433
06/30/2014,BNA,TN,ASO,CE,Combined TRACON& Tower with Radar,288,106,65,3,462,0,0,19,2,21,288,106,84,5,483,0,0,0,483
07/01/2014,BNA,TN,ASO,CE,Combined TRACON& Tower with Radar,296,100,63,4,463,0,0,19,2,21,296,100,82,6,484,0,0,0,484
07/02/2014,BNA,TN,ASO,CE,Combined TRACON& Tower with Radar,304,106,66,0,476,0,0,15,1,16,304,106,81,1,492,0,0,0,492
07/03/2014,BNA,TN,ASO,CE,Combined TRACON& Tower with Radar,297,108,56,5,466,0,0,28,0,28,297,108,84,5,494,0,0,0,494
07/04/2014,BNA,TN,ASO,CE,Combined TRACON& Tower with Radar,189,76,15,0,280,0,0,13,0,13,189,76,28,0,293,0,0,0,293
07/05/2014,BNA,TN,ASO,CE,Combined TRACON& Tower with Radar,227,74,18,9,328,0,3,9,0,12,227,77,27,9,340,0,0,0,340
07/06/2014,BNA,TN,ASO,CE,Combined TRACON& Tower with Radar,283,90,43,0,416,0,1,30,0,31,283,91,73,0,447,0,0,0,447
07/07/2014,BNA,TN,ASO,CE,Combined TRACON& Tower with Radar,305,114,56,0,475,0,0,18,0,18,305,114,74,0,493,0,0,0,493
07/08/2014,BNA,TN,ASO,CE,Combined TRACON& Tower with Radar,292,106,68,3,469,0,0,10,6,16,292,106,78,9,485,0,0,0,485
07/09/2014,BNA,TN,ASO,CE,Combined TRACON& Tower with Radar,306,125,81,9,521,0,0,24,3,27,306,125,105,12,548,0,0,0,548
07/10/2014,BNA,TN,ASO,CE,Combined TRACON& Tower with Radar,309,138,92,6,545,0,2,25,4,31,309,140,117,10,576,0,0,0,576
07/11/2014,BNA,TN,ASO,CE,Combined TRACON& Tower with Radar,303,113,74,8,498,0,1,23,3,27,303,114,97,11,525,0,0,0,525
07/12/2014,BNA,TN,ASO,CE,Combined TRACON& Tower with Radar,236,100,36,5,377,0,2,25,5,32,236,102,61,10,409,0,0,0,409
07/13/2014,BNA,TN,ASO,CE,Combined TRACON& Tower with Radar,288,95,45,8,436,0,4,31,2,37,288,99,76,10,473,0,0,0,473
07/14/2014,BNA,TN,ASO,CE,Combined TRACON& Tower with Radar,283,110,46,3,442,0,1,6,0,7,283,111,52,3,449,0,0,0,449
07/15/2014,BNA,TN,ASO,CE,Combined TRACON& Tower with Radar,283,124,81,12,500,0,0,20,4,24,283,124,101,16,524,0,0,0,524
07/16/2014,BNA,TN,ASO,CE,Combined TRACON& Tower with Radar,303,131,90,2,526,0,2,37,4,43,303,133,127,6,569,0,0,0,569
07/17/2014,BNA,TN,ASO,CE,Combined TRACON& Tower with Radar,306,118,91,4,519,0,0,32,4,36,306,118,123,8,555,0,0,0,555
07/18/2014,BNA,TN,ASO,CE,Combined TRACON& Tower with Radar,300,121,53,7,481,0,0,8,0,8,300,121,61,7,489,0,0,0,489
07/19/2014,BNA,TN,ASO,CE,Combined TRACON& Tower with Radar,234,91,36,5,366,0,0,0,0,0,234,91,36,5,366,0,0,0,366
07/20/2014,BNA,TN,ASO,CE,Combined TRACON& Tower with Radar,281,110,33,4,428,0,0,14,1,15,281,110,47,5,443,0,0,0,443
07/21/2014,BNA,TN,ASO,CE,Combined TRACON& Tower with Radar,309,122,58,2,491,0,0,27,0,27,309,122,85,2,518,0,0,0,518
07/22/2014,BNA,TN,ASO,CE,Combined TRACON& Tower with Radar,305,120,66,4,495,0,1,26,7,34,305,121,92,11,529,0,0,0,529
07/23/2014,BNA,TN,ASO,CE,Combined TRACON& Tower with Radar,290,130,73,9,502,0,1,21,6,28,290,131,94,15,530,0,0,0,530
07/24/2014,BNA,TN,ASO,CE,Combined TRACON& Tower with Radar,309,117,68,10,504,0,0,23,0,23,309,117,91,10,527,0,0,0,527
07/25/2014,BNA,TN,ASO,CE,Combined TRACON& Tower with Radar,300,121,72,8,501,0,1,24,6,31,300,122,96,14,532,0,0,0,532
07/26/2014,BNA,TN,ASO,CE,Combined TRACON& Tower with Radar,238,90,32,8,368,0,2,21,0,23,238,92,53,8,391,0,0,0,391
07/27/2014,BNA,TN,ASO,CE,Combined TRACON& Tower with Radar,281,101,36,13,431,0,3,24,2,29,281,104,60,15,460,0,0,0,460
07/28/2014,BNA,TN,ASO,CE,Combined TRACON& Tower with Radar,304,127,66,1,498,0,0,17,4,21,304,127,83,5,519,0,0,0,519
07/29/2014,BNA,TN,ASO,CE,Combined TRACON& Tower with Radar,305,129,58,14,506,0,0,33,2,35,305,129,91,16,541,0,0,0,541
07/30/2014,BNA,TN,ASO,CE,Combined TRACON& Tower with Radar,306,116,70,0,492,0,2,22,1,25,306,118,92,1,517,0,0,0,517
07/31/2014,BNA,TN,ASO,CE,Combined TRACON& Tower with Radar,305,132,99,4,540,0,0,30,2,32,305,132,129,6,572,0,0,0,572
08/01/2014,BNA,TN,ASO,CE,Combined TRACON& Tower with Radar,296,130,85,13,524,0,1,25,0,26,296,131,110,13,550,0,0,0,550
08/02/2014,BNA,TN,ASO,CE,Combined TRACON& Tower with Radar,241,93,32,4,370,0,0,23,2,25,241,93,55,6,395,0,0,0,395
08/03/2014,BNA,TN,ASO,CE,Combined TRACON& Tower with Radar,279,106,51,10,446,0,1,37,3,41,279,107,88,13,487,0,0,0,487
08/04/2014,BNA,TN,ASO,CE,Combined TRACON& Tower with Radar,304,131,63,3,501,0,0,16,0,16,304,131,79,3,517,0,0,0,517
08/05/2014,BNA,TN,ASO,CE,Combined TRACON& Tower with Radar,307,129,70,6,512,0,0,39,0,39,307,129,109,6,551,0,0,0,551
08/06/2014,BNA,TN,ASO,CE,Combined TRACON& Tower with Radar,308,120,98,6,532,0,0,32,3,35,308,120,130,9,567,0,0,0,567
08/07/2014,BNA,TN,ASO,CE,Combined TRACON& Tower with Radar,301,128,99,2,530,0,0,15,3,18,301,128,114,5,548,0,0,0,548
08/08/2014,BNA,TN,ASO,CE,Combined TRACON& Tower with Radar,306,131,42,6,485,0,0,10,0,10,306,131,52,6,495,0,0,0,495
08/09/2014,BNA,TN,ASO,CE,Combined TRACON& Tower with Radar,241,92,36,10,379,0,1,14,0,15,241,93,50,10,394,0,0,0,394
08/10/2014,BNA,TN,ASO,CE,Combined TRACON& Tower with Radar,271,110,54,6,441,0,1,3,0,4,271,111,57,6,445,0,0,0,445
08/11/2014,BNA,TN,ASO,CE,Combined TRACON& Tower with Radar,301,121,68,2,492,0,0,16,0,16,301,121,84,2,508,0,0,0,508
08/12/2014,BNA,TN,ASO,CE,Combined TRACON& Tower with Radar,291,124,87,0,502,0,0,18,0,18,291,124,105,0,520,0,0,0,520
08/13/2014,BNA,TN,ASO,CE,Combined TRACON& Tower with Radar,295,120,93,0,508,0,0,22,1,23,295,120,115,1,531,0,0,0,531
08/14/2014,BNA,TN,ASO,CE,Combined TRACON& Tower with Radar,304,121,96,3,524,0,1,20,0,21,304,122,116,3,545,0,0,0,545
08/15/2014,BNA,TN,ASO,CE,Combined TRACON& Tower with Radar,296,131,66,19,512,0,0,26,4,30,296,131,92,23,542,0,0,0,542
08/16/2014,BNA,TN,ASO,CE,Combined TRACON& Tower with Radar,212,93,49,6,360,0,0,24,2,26,212,93,73,8,386,0,0,0,386
08/17/2014,BNA,TN,ASO,CE,Combined TRACON& Tower with Radar,263,103,56,3,425,0,1,4,3,8,263,104,60,6,433,0,0,0,433
08/18/2014,BNA,TN,ASO,CE,Combined TRACON& Tower with Radar,301,125,59,10,495,0,1,13,0,14,301,126,72,10,509,0,0,0,509
08/19/2014,BNA,TN,ASO,CE,Combined TRACON& Tower with Radar,299,132,84,3,518,0,0,12,0,12,299,132,96,3,530,0,0,0,530
08/20/2014,BNA,TN,ASO,CE,Combined TRACON& Tower with Radar,304,138,96,5,543,0,2,16,2,20,304,140,112,7,563,0,0,0,563
08/21/2014,BNA,TN,ASO,CE,Combined TRACON& Tower with Radar,292,128,81,6,507,0,0,28,2,30,292,128,109,8,537,0,0,0,537
08/22/2014,BNA,TN,ASO,CE,Combined TRACON& Tower with Radar,302,110,84,14,510,0,1,24,0,25,302,111,108,14,535,0,0,0,535
08/23/2014,BNA,TN,ASO,CE,Combined TRACON& Tower with Radar,199,85,30,6,320,0,0,18,1,19,199,85,48,7,339,0,0,0,339
08/24/2014,BNA,TN,ASO,CE,Combined TRACON& Tower with Radar,259,109,63,11,442,0,0,10,1,11,259,109,73,12,453,0,0,0,453
08/25/2014,BNA,TN,ASO,CE,Combined TRACON& Tower with Radar,289,111,68,2,470,0,0,22,1,23,289,111,90,3,493,0,0,0,493
08/26/2014,BNA,TN,ASO,CE,Combined TRACON& Tower with Radar,299,114,66,1,480,0,0,21,3,24,299,114,87,4,504,0,0,0,504
08/27/2014,BNA,TN,ASO,CE,Combined TRACON& Tower with Radar,304,124,93,3,524,0,0,39,2,41,304,124,132,5,565,0,0,0,565
08/28/2014,BNA,TN,ASO,CE,Combined TRACON& Tower with Radar,302,127,88,1,518,0,1,31,0,32,302,128,119,1,550,0,0,0,550
08/29/2014,BNA,TN,ASO,CE,Combined TRACON& Tower with Radar,302,130,69,3,504,0,2,28,1,31,302,132,97,4,535,0,0,0,535
08/30/2014,BNA,TN,ASO,CE,Combined TRACON& Tower with Radar,190,81,26,0,297,0,0,9,0,9,190,81,35,0,306,0,0,0,306
08/31/2014,BNA,TN,ASO,CE,Combined TRACON& Tower with Radar,188,82,33,3,306,0,0,4,0,4,188,82,37,3,310,0,0,0,310
09/01/2014,BNA,TN,ASO,CE,Combined TRACON& Tower with Radar,266,125,43,1,435,0,1,19,1,21,266,126,62,2,456,0,0,0,456
09/02/2014,BNA,TN,ASO,CE,Combined TRACON& Tower with Radar,301,115,70,0,486,0,2,20,2,24,301,117,90,2,510,0,0,0,510
09/03/2014,BNA,TN,ASO,CE,Combined TRACON& Tower with Radar,297,115,89,6,507,0,0,16,0,16,297,115,105,6,523,0,0,0,523
09/04/2014,BNA,TN,ASO,CE,Combined TRACON& Tower with Radar,301,98,88,2,489,0,1,16,0,17,301,99,104,2,506,0,0,0,506
09/05/2014,BNA,TN,ASO,CE,Combined TRACON& Tower with Radar,289,105,67,9,470,0,1,27,6,34,289,106,94,15,504,0,0,0,504
09/06/2014,BNA,TN,ASO,CE,Combined TRACON& Tower with Radar,199,70,37,11,317,0,0,20,4,24,199,70,57,15,341,0,0,0,341
09/07/2014,BNA,TN,ASO,CE,Combined TRACON& Tower with Radar,270,103,58,7,438,0,2,12,0,14,270,105,70,7,452,0,0,0,452
09/08/2014,BNA,TN,ASO,CE,Combined TRACON& Tower with Radar,294,113,59,14,480,0,0,16,0,16,294,113,75,14,496,0,0,0,496
09/09/2014,BNA,TN,ASO,CE,Combined TRACON& Tower with Radar,309,122,81,10,522,0,1,21,0,22,309,123,102,10,544,0,0,0,544
09/10/2014,BNA,TN,ASO,CE,Combined TRACON& Tower with Radar,299,121,93,11,524,0,0,23,2,25,299,121,116,13,549,0,0,0,549
09/11/2014,BNA,TN,ASO,CE,Combined TRACON& Tower with Radar,309,114,79,2,504,0,0,14,0,14,309,114,93,2,518,0,0,0,518
09/12/2014,BNA,TN,ASO,CE,Combined TRACON& Tower with Radar,302,123,81,11,517,0,0,5,6,11,302,123,86,17,528,0,0,0,528
09/13/2014,BNA,TN,ASO,CE,Combined TRACON& Tower with Radar,207,89,54,7,357,0,0,3,2,5,207,89,57,9,362,0,0,0,362
09/14/2014,BNA,TN,ASO,CE,Combined TRACON& Tower with Radar,263,118,99,2,482,0,0,22,2,24,263,118,121,4,506,0,0,0,506
09/15/2014,BNA,TN,ASO,CE,Combined TRACON& Tower with Radar,303,117,76,6,502,0,0,13,4,17,303,117,89,10,519,0,0,0,519
09/16/2014,BNA,TN,ASO,CE,Combined TRACON& Tower with Radar,303,117,65,2,487,0,0,11,2,13,303,117,76,4,500,0,0,0,500
09/17/2014,BNA,TN,ASO,CE,Combined TRACON& Tower with Radar,300,107,96,5,508,0,1,16,3,20,300,108,112,8,528,0,0,0,528
09/18/2014,BNA,TN,ASO,CE,Combined TRACON& Tower with Radar,299,137,88,3,527,0,1,19,3,23,299,138,107,6,550,0,0,0,550
09/19/2014,BNA,TN,ASO,CE,Combined TRACON& Tower with Radar,304,117,82,4,507,0,1,29,6,36,304,118,111,10,543,0,0,0,543
09/20/2014,BNA,TN,ASO,CE,Combined TRACON& Tower with Radar,209,72,42,5,328,0,1,33,1,35,209,73,75,6,363,0,0,0,363
09/21/2014,BNA,TN,ASO,CE,Combined TRACON& Tower with Radar,269,102,88,4,463,0,0,10,6,16,269,102,98,10,479,0,0,0,479
09/22/2014,BNA,TN,ASO,CE,Combined TRACON& Tower with Radar,306,117,77,3,503,0,0,18,4,22,306,117,95,7,525,0,0,0,525
09/23/2014,BNA,TN,ASO,CE,Combined TRACON& Tower with Radar,314,136,90,3,543,0,0,31,1,32,314,136,121,4,575,0,0,0,575
09/24/2014,BNA,TN,ASO,CE,Combined TRACON& Tower with Radar,313,115,102,6,536,0,0,26,9,35,313,115,128,15,571,0,0,0,571
09/25/2014,BNA,TN,ASO,CE,Combined TRACON& Tower with Radar,312,131,96,9,548,0,2,24,5,31,312,133,120,14,579,0,0,0,579
09/26/2014,BNA,TN,ASO,CE,Combined TRACON& Tower with Radar,290,114,87,15,506,0,0,32,1,33,290,114,119,16,539,0,0,0,539
09/27/2014,BNA,TN,ASO,CE,Combined TRACON& Tower with Radar,207,85,29,7,328,0,0,31,0,31,207,85,60,7,359,0,0,0,359
09/28/2014,BNA,TN,ASO,CE,Combined TRACON& Tower with Radar,263,107,59,6,435,0,0,20,2,22,263,107,79,8,457,0,0,0,457
09/29/2014,BNA,TN,ASO,CE,Combined TRACON& Tower with Radar,302,104,76,2,484,0,1,15,2,18,302,105,91,4,502,0,0,0,502
09/30/2014,BNA,TN,ASO,CE,Combined TRACON& Tower with Radar,304,115,91,0,510,0,0,33,0,33,304,115,124,0,543,0,0,0,543
10/01/2014,BNA,TN,ASO,CE,Combined TRACON& Tower with Radar,312,109,76,9,506,0,2,23,1,26,312,111,99,10,532,0,0,0,532
10/02/2014,BNA,TN,ASO,CE,Combined TRACON& Tower with Radar,295,111,103,0,509,0,3,22,2,27,295,114,125,2,536,0,0,0,536
10/03/2014,BNA,TN,ASO,CE,Combined TRACON& Tower with Radar,312,111,84,10,517,0,1,12,3,16,312,112,96,13,533,0,0,0,533
10/04/2014,BNA,TN,ASO,CE,Combined TRACON& Tower with Radar,213,80,60,1,354,0,2,13,4,19,213,82,73,5,373,0,0,0,373
10/05/2014,BNA,TN,ASO,CE,Combined TRACON& Tower with Radar,276,96,69,9,450,0,1,27,8,36,276,97,96,17,486,0,0,0,486
10/06/2014,BNA,TN,ASO,CE,Combined TRACON& Tower with Radar,310,107,88,0,505,0,0,5,0,5,310,107,93,0,510,0,0,0,510
10/07/2014,BNA,TN,ASO,CE,Combined TRACON& Tower with Radar,314,101,70,0,485,0,0,14,3,17,314,101,84,3,502,0,0,0,502
10/08/2014,BNA,TN,ASO,CE,Combined TRACON& Tower with Radar,317,113,107,0,537,0,4,38,0,42,317,117,145,0,579,0,0,0,579
10/09/2014,BNA,TN,ASO,CE,Combined TRACON& Tower with Radar,316,102,76,0,494,0,1,37,0,38,316,103,113,0,532,0,0,0,532
10/10/2014,BNA,TN,ASO,CE,Combined TRACON& Tower with Radar,316,115,74,0,505,0,0,1,0,1,316,115,75,0,506,0,0,0,506
10/11/2014,BNA,TN,ASO,CE,Combined TRACON& Tower with Radar,212,80,49,0,341,0,0,0,0,0,212,80,49,0,341,0,0,0,341
10/12/2014,BNA,TN,ASO,CE,Combined TRACON& Tower with Radar,276,92,72,0,440,0,0,2,0,2,276,92,74,0,442,0,0,0,442
10/13/2014,BNA,TN,ASO,CE,Combined TRACON& Tower with Radar,305,91,71,0,467,0,0,8,0,8,305,91,79,0,475,0,0,0,475
10/14/2014,BNA,TN,ASO,CE,Combined TRACON& Tower with Radar,317,118,66,5,506,0,6,13,1,20,317,124,79,6,526,0,0,0,526
10/15/2014,BNA,TN,ASO,CE,Combined TRACON& Tower with Radar,315,123,86,5,529,0,0,1,0,1,315,123,87,5,530,0,0,0,530
10/16/2014,BNA,TN,ASO,CE,Combined TRACON& Tower with Radar,320,109,93,3,525,0,0,14,3,17,320,109,107,6,542,0,0,0,542
10/17/2014,BNA,TN,ASO,CE,Combined TRACON& Tower with Radar,314,116,77,3,510,0,0,25,2,27,314,116,102,5,537,0,0,0,537
10/18/2014,BNA,TN,ASO,CE,Combined TRACON& Tower with Radar,211,75,37,2,325,0,0,25,0,25,211,75,62,2,350,0,0,0,350
10/19/2014,BNA,TN,ASO,CE,Combined TRACON& Tower with Radar,276,103,81,3,463,0,1,21,2,24,276,104,102,5,487,0,0,0,487
10/20/2014,BNA,TN,ASO,CE,Combined TRACON& Tower with Radar,315,113,66,0,494,0,3,23,1,27,315,116,89,1,521,0,0,0,521
10/21/2014,BNA,TN,ASO,CE,Combined TRACON& Tower with Radar,313,109,91,10,523,0,0,23,0,23,313,109,114,10,546,0,0,0,546
10/22/2014,BNA,TN,ASO,CE,Combined TRACON& Tower with Radar,312,97,100,9,518,0,2,26,1,29,312,99,126,10,547,0,0,0,547
10/23/2014,BNA,TN,ASO,CE,Combined TRACON& Tower with Radar,314,130,107,0,551,0,1,32,2,35,314,131,139,2,586,0,0,0,586
10/24/2014,BNA,TN,ASO,CE,Combined TRACON& Tower with Radar,319,120,81,2,522,0,0,34,0,34,319,120,115,2,556,0,0,0,556
10/25/2014,BNA,TN,ASO,CE,Combined TRACON& Tower with Radar,213,74,44,0,331,0,2,47,0,49,213,76,91,0,380,0,0,0,380
10/26/2014,BNA,TN,ASO,CE,Combined TRACON& Tower with Radar,278,88,92,5,463,0,0,23,0,23,278,88,115,5,486,0,0,0,486
10/27/2014,BNA,TN,ASO,CE,Combined TRACON& Tower with Radar,308,117,83,15,523,0,0,16,2,18,308,117,99,17,541,0,0,0,541
10/28/2014,BNA,TN,ASO,CE,Combined TRACON& Tower with Radar,295,120,54,0,469,0,0,13,1,14,295,120,67,1,483,0,0,0,483
10/29/2014,BNA,TN,ASO,CE,Combined TRACON& Tower with Radar,302,136,125,4,567,0,1,26,6,33,302,137,151,10,600,0,0,0,600
10/30/2014,BNA,TN,ASO,CE,Combined TRACON& Tower with Radar,300,121,75,25,521,0,0,22,0,22,300,121,97,25,543,0,0,0,543
10/31/2014,BNA,TN,ASO,CE,Combined TRACON& Tower with Radar,257,100,54,10,421,0,0,10,0,10,257,100,64,10,431,0,0,0,431
11/01/2014,BNA,TN,ASO,CE,Combined TRACON& Tower with Radar,204,77,53,7,341,0,0,17,0,17,204,77,70,7,358,0,0,0,358
11/02/2014,BNA,TN,ASO,CE,Combined TRACON& Tower with Radar,276,100,52,27,455,0,0,20,0,20,276,100,72,27,475,0,0,0,475
11/03/2014,BNA,TN,ASO,CE,Combined TRACON& Tower with Radar,307,117,57,5,486,0,0,25,3,28,307,117,82,8,514,0,0,0,514
11/04/2014,BNA,TN,ASO,CE,Combined TRACON& Tower with Radar,293,119,101,2,515,0,0,37,1,38,293,119,138,3,553,0,0,0,553
11/05/2014,BNA,TN,ASO,CE,Combined TRACON& Tower with Radar,311,126,124,0,561,0,0,0,0,0,311,126,124,0,561,0,0,0,561
11/06/2014,BNA,TN,ASO,CE,Combined TRACON& Tower with Radar,321,133,127,1,582,0,0,17,4,21,321,133,144,5,603,0,0,0,603
11/07/2014,BNA,TN,ASO,CE,Combined TRACON& Tower with Radar,320,116,93,4,533,0,0,32,2,34,320,116,125,6,567,0,0,0,567
11/08/2014,BNA,TN,ASO,CE,Combined TRACON& Tower with Radar,215,84,39,3,341,0,3,26,3,32,215,87,65,6,373,0,0,0,373
11/09/2014,BNA,TN,ASO,CE,Combined TRACON& Tower with Radar,283,98,71,2,454,0,1,20,0,21,283,99,91,2,475,0,0,0,475
11/10/2014,BNA,TN,ASO,CE,Combined TRACON& Tower with Radar,310,102,77,6,495,0,1,14,3,18,310,103,91,9,513,0,0,0,513
11/11/2014,BNA,TN,ASO,CE,Combined TRACON& Tower with Radar,314,109,83,0,506,0,0,11,0,11,314,109,94,0,517,0,0,0,517
11/12/2014,BNA,TN,ASO,CE,Combined TRACON& Tower with Radar,315,116,101,3,535,0,2,12,8,22,315,118,113,11,557,0,0,0,557
11/13/2014,BNA,TN,ASO,CE,Combined TRACON& Tower with Radar,319,118,76,5,518,0,0,18,0,18,319,118,94,5,536,0,0,0,536
11/14/2014,BNA,TN,ASO,CE,Combined TRACON& Tower with Radar,313,117,85,17,532,0,2,22,0,24,313,119,107,17,556,0,0,0,556
11/15/2014,BNA,TN,ASO,CE,Combined TRACON& Tower with Radar,217,85,45,1,348,0,0,26,1,27,217,85,71,2,375,0,0,0,375
11/16/2014,BNA,TN,ASO,CE,Combined TRACON& Tower with Radar,281,97,58,2,438,0,0,0,0,0,281,97,58,2,438,0,0,0,438
11/17/2014,BNA,TN,ASO,CE,Combined TRACON& Tower with Radar,300,108,94,6,508,0,0,7,3,10,300,108,101,9,518,0,0,0,518
11/18/2014,BNA,TN,ASO,CE,Combined TRACON& Tower with Radar,308,117,102,5,532,0,0,23,0,23,308,117,125,5,555,0,0,0,555
11/19/2014,BNA,TN,ASO,CE,Combined TRACON& Tower with Radar,310,100,77,6,493,0,1,25,7,33,310,101,102,13,526,0,0,0,526
11/20/2014,BNA,TN,ASO,CE,Combined TRACON& Tower with Radar,315,106,89,8,518,0,3,30,1,34,315,109,119,9,552,0,0,0,552
11/21/2014,BNA,TN,ASO,CE,Combined TRACON& Tower with Radar,317,134,89,12,552,0,1,34,3,38,317,135,123,15,590,0,0,0,590
11/22/2014,BNA,TN,ASO,CE,Combined TRACON& Tower with Radar,212,65,48,5,330,0,0,33,5,38,212,65,81,10,368,0,0,0,368
11/23/2014,BNA,TN,ASO,CE,Combined TRACON& Tower with Radar,273,80,47,1,401,0,1,1,0,2,273,81,48,1,403,0,0,0,403
11/24/2014,BNA,TN,ASO,CE,Combined TRACON& Tower with Radar,276,77,57,6,416,0,1,11,6,18,276,78,68,12,434,0,0,0,434
11/25/2014,BNA,TN,ASO,CE,Combined TRACON& Tower with Radar,316,101,60,6,483,0,0,21,3,24,316,101,81,9,507,0,0,0,507
11/26/2014,BNA,TN,ASO,CE,Combined TRACON& Tower with Radar,310,114,50,0,474,0,2,32,0,34,310,116,82,0,508,0,0,0,508
11/27/2014,BNA,TN,ASO,CE,Combined TRACON& Tower with Radar,176,54,13,0,243,0,0,9,0,9,176,54,22,0,252,0,0,0,252
11/28/2014,BNA,TN,ASO,CE,Combined TRACON& Tower with Radar,226,69,35,0,330,0,0,21,0,21,226,69,56,0,351,0,0,0,351
11/29/2014,BNA,TN,ASO,CE,Combined TRACON& Tower with Radar,272,92,43,0,407,0,0,9,0,9,272,92,52,0,416,0,0,0,416
11/30/2014,BNA,TN,ASO,CE,Combined TRACON& Tower with Radar,310,116,91,0,517,0,1,9,0,10,310,117,100,0,527,0,0,0,527
12/01/2014,BNA,TN,ASO,CE,Combined TRACON& Tower with Radar,320,112,70,3,505,0,0,0,0,0,320,112,70,3,505,0,0,0,505
12/02/2014,BNA,TN,ASO,CE,Combined TRACON& Tower with Radar,317,99,89,0,505,0,0,0,0,0,317,99,89,0,505,0,0,0,505
12/03/2014,BNA,TN,ASO,CE,Combined TRACON& Tower with Radar,321,106,90,2,519,0,0,21,8,29,321,106,111,10,548,0,0,0,548
12/04/2014,BNA,TN,ASO,CE,Combined TRACON& Tower with Radar,316,122,119,4,561,0,0,1,0,1,316,122,120,4,562,0,0,0,562
12/05/2014,BNA,TN,ASO,CE,Combined TRACON& Tower with Radar,307,122,76,1,506,0,0,1,0,1,307,122,77,1,507,0,0,0,507
12/06/2014,BNA,TN,ASO,CE,Combined TRACON& Tower with Radar,219,63,38,5,325,0,0,1,1,2,219,63,39,6,327,0,0,0,327
12/07/2014,BNA,TN,ASO,CE,Combined TRACON& Tower with Radar,273,98,66,1,438,0,0,10,0,10,273,98,76,1,448,0,0,0,448
12/08/2014,BNA,TN,ASO,CE,Combined TRACON& Tower with Radar,313,111,56,10,490,0,1,38,5,44,313,112,94,15,534,0,0,0,534
12/09/2014,BNA,TN,ASO,CE,Combined TRACON& Tower with Radar,308,103,57,9,477,0,0,15,0,15,308,103,72,9,492,0,0,0,492
12/10/2014,BNA,TN,ASO,CE,Combined TRACON& Tower with Radar,318,110,83,13,524,0,1,22,0,23,318,111,105,13,547,0,0,0,547
12/11/2014,BNA,TN,ASO,CE,Combined TRACON& Tower with Radar,314,95,132,14,555,0,0,33,5,38,314,95,165,19,593,0,0,0,593
12/12/2014,BNA,TN,ASO,CE,Combined TRACON& Tower with Radar,305,102,60,14,481,0,2,37,2,41,305,104,97,16,522,0,0,0,522
12/13/2014,BNA,TN,ASO,CE,Combined TRACON& Tower with Radar,219,60,44,5,328,0,0,13,1,14,219,60,57,6,342,0,0,0,342
12/14/2014,BNA,TN,ASO,CE,Combined TRACON& Tower with Radar,277,81,64,10,432,0,1,9,1,11,277,82,73,11,443,0,0,0,443
12/15/2014,BNA,TN,ASO,CE,Combined TRACON& Tower with Radar,311,122,58,15,506,0,1,8,0,9,311,123,66,15,515,0,0,0,515
12/16/2014,BNA,TN,ASO,CE,Combined TRACON& Tower with Radar,316,116,71,5,508,0,1,17,0,18,316,117,88,5,526,0,0,0,526
12/17/2014,BNA,TN,ASO,CE,Combined TRACON& Tower with Radar,316,117,76,5,514,0,0,12,0,12,316,117,88,5,526,0,0,0,526
12/18/2014,BNA,TN,ASO,CE,Combined TRACON& Tower with Radar,318,109,70,2,499,0,1,2,0,3,318,110,72,2,502,0,0,0,502
12/19/2014,BNA,TN,ASO,CE,Combined TRACON& Tower with Radar,312,111,67,6,496,0,0,26,0,26,312,111,93,6,522,0,0,0,522
12/20/2014,BNA,TN,ASO,CE,Combined TRACON& Tower with Radar,281,74,39,2,396,0,0,25,0,25,281,74,64,2,421,0,0,0,421
12/21/2014,BNA,TN,ASO,CE,Combined TRACON& Tower with Radar,267,81,42,1,391,0,1,18,0,19,267,82,60,1,410,0,0,0,410
12/22/2014,BNA,TN,ASO,CE,Combined TRACON& Tower with Radar,288,96,45,6,435,0,0,5,0,5,288,96,50,6,440,0,0,0,440
12/23/2014,BNA,TN,ASO,CE,Combined TRACON& Tower with Radar,303,95,34,2,434,0,0,0,0,0,303,95,34,2,434,0,0,0,434
12/24/2014,BNA,TN,ASO,CE,Combined TRACON& Tower with Radar,234,64,7,0,305,0,0,0,0,0,234,64,7,0,305,0,0,0,305
12/25/2014,BNA,TN,ASO,CE,Combined TRACON& Tower with Radar,211,55,6,0,272,0,2,1,0,3,211,57,7,0,275,0,0,0,275
12/26/2014,BNA,TN,ASO,CE,Combined TRACON& Tower with Radar,301,78,41,0,420,0,5,35,0,40,301,83,76,0,460,0,0,0,460
12/27/2014,BNA,TN,ASO,CE,Combined TRACON& Tower with Radar,285,88,48,0,421,0,1,7,0,8,285,89,55,0,429,0,0,0,429
12/28/2014,BNA,TN,ASO,CE,Combined TRACON& Tower with Radar,284,92,38,0,414,0,0,0,0,0,284,92,38,0,414,0,0,0,414
12/29/2014,BNA,TN,ASO,CE,Combined TRACON& Tower with Radar,291,94,45,0,430,0,0,4,0,4,291,94,49,0,434,0,0,0,434
12/30/2014,BNA,TN,ASO,CE,Combined TRACON& Tower with Radar,298,100,52,2,452,0,4,28,0,32,298,104,80,2,484,0,0,0,484
12/31/2014,BNA,TN,ASO,CE,Combined TRACON& Tower with Radar,226,74,44,0,344,0,0,23,0,23,226,74,67,0,367,0,0,0,367
01/01/2015,BNA,TN,ASO,CE,Combined TRACON& Tower with Radar,228,69,22,0,319,0,0,19,0,19,228,69,41,0,338,0,0,0,338
01/02/2015,BNA,TN,ASO,CE,Combined TRACON& Tower with Radar,298,105,51,0,454,0,0,1,0,1,298,105,52,0,455,0,0,0,455
01/03/2015,BNA,TN,ASO,CE,Combined TRACON& Tower with Radar,275,76,47,1,399,0,0,0,0,0,275,76,47,1,399,0,0,0,399
01/04/2015,BNA,TN,ASO,CE,Combined TRACON& Tower with Radar,269,95,53,1,418,0,0,2,0,2,269,95,55,1,420,0,0,0,420
01/05/2015,BNA,TN,ASO,CE,Combined TRACON& Tower with Radar,285,114,58,0,457,0,0,24,0,24,285,114,82,0,481,0,0,0,481
01/06/2015,BNA,TN,ASO,CE,Combined TRACON& Tower with Radar,286,113,48,0,447,0,2,17,3,22,286,115,65,3,469,0,0,0,469
01/07/2015,BNA,TN,ASO,CE,Combined TRACON& Tower with Radar,284,104,57,1,446,0,2,8,0,10,284,106,65,1,456,0,0,0,456
01/08/2015,BNA,TN,ASO,CE,Combined TRACON& Tower with Radar,284,95,55,1,435,0,5,19,1,25,284,100,74,2,460,0,0,0,460
01/09/2015,BNA,TN,ASO,CE,Combined TRACON& Tower with Radar,293,102,49,10,454,0,2,20,0,22,293,104,69,10,476,0,0,0,476
01/10/2015,BNA,TN,ASO,CE,Combined TRACON& Tower with Radar,194,71,28,16,309,0,0,16,4,20,194,71,44,20,329,0,0,0,329
01/11/2015,BNA,TN,ASO,CE,Combined TRACON& Tower with Radar,244,90,37,14,385,0,1,8,0,9,244,91,45,14,394,0,0,0,394
01/12/2015,BNA,TN,ASO,CE,Combined TRACON& Tower with Radar,295,91,50,6,442,0,0,0,0,0,295,91,50,6,442,0,0,0,442
01/13/2015,BNA,TN,ASO,CE,Combined TRACON& Tower with Radar,300,92,72,6,470,0,0,1,1,2,300,92,73,7,472,0,0,0,472
01/14/2015,BNA,TN,ASO,CE,Combined TRACON& Tower with Radar,295,107,80,3,485,0,0,20,1,21,295,107,100,4,506,0,0,0,506
01/15/2015,BNA,TN,ASO,CE,Combined TRACON& Tower with Radar,299,110,70,3,482,0,3,14,0,17,299,113,84,3,499,0,0,0,499
01/16/2015,BNA,TN,ASO,CE,Combined TRACON& Tower with Radar,302,117,73,3,495,0,6,26,2,34,302,123,99,5,529,0,0,0,529
01/17/2015,BNA,TN,ASO,CE,Combined TRACON& Tower with Radar,194,67,34,0,295,0,1,42,0,43,194,68,76,0,338,0,0,0,338
01/18/2015,BNA,TN,ASO,CE,Combined TRACON& Tower with Radar,232,77,37,0,346,0,1,10,0,11,232,78,47,0,357,0,0,0,357
01/19/2015,BNA,TN,ASO,CE,Combined TRACON& Tower with Radar,290,100,69,2,461,0,1,20,1,22,290,101,89,3,483,0,0,0,483
01/20/2015,BNA,TN,ASO,CE,Combined TRACON& Tower with Radar,294,102,81,2,479,0,2,20,1,23,294,104,101,3,502,0,0,0,502
01/21/2015,BNA,TN,ASO,CE,Combined TRACON& Tower with Radar,298,113,77,5,493,0,0,45,5,50,298,113,122,10,543,0,0,0,543
01/22/2015,BNA,TN,ASO,CE,Combined TRACON& Tower with Radar,300,97,87,11,495,0,1,26,3,30,300,98,113,14,525,0,0,0,525
01/23/2015,BNA,TN,ASO,CE,Combined TRACON& Tower with Radar,294,115,58,2,469,0,1,0,0,1,294,116,58,2,470,0,0,0,470
01/24/2015,BNA,TN,ASO,CE,Combined TRACON& Tower with Radar,193,70,23,6,292,0,0,20,3,23,193,70,43,9,315,0,0,0,315
01/25/2015,BNA,TN,ASO,CE,Combined TRACON& Tower with Radar,239,94,36,1,370,0,0,4,0,4,239,94,40,1,374,0,0,0,374
01/26/2015,BNA,TN,ASO,CE,Combined TRACON& Tower with Radar,263,96,50,2,411,0,0,16,0,16,263,96,66,2,427,0,0,0,427
01/27/2015,BNA,TN,ASO,CE,Combined TRACON& Tower with Radar,261,75,66,3,405,0,4,14,1,19,261,79,80,4,424,0,0,0,424
01/28/2015,BNA,TN,ASO,CE,Combined TRACON& Tower with Radar,290,119,93,5,507,0,1,46,4,51,290,120,139,9,558,0,0,0,558
01/29/2015,BNA,TN,ASO,CE,Combined TRACON& Tower with Radar,297,133,75,6,511,0,0,16,0,16,297,133,91,6,527,0,0,0,527
01/30/2015,BNA,TN,ASO,CE,Combined TRACON& Tower with Radar,296,108,78,2,484,0,3,24,0,27,296,111,102,2,511,0,0,0,511
01/31/2015,BNA,TN,ASO,CE,Combined TRACON& Tower with Radar,196,75,33,1,305,0,1,41,0,42,196,76,74,1,347,0,0,0,347
02/01/2015,BNA,TN,ASO,CE,Combined TRACON& Tower with Radar,207,72,28,0,307,0,0,0,0,0,207,72,28,0,307,0,0,0,307
02/02/2015,BNA,TN,ASO,CE,Combined TRACON& Tower with Radar,261,94,68,5,428,0,0,5,3,8,261,94,73,8,436,0,0,0,436
02/03/2015,BNA,TN,ASO,CE,Combined TRACON& Tower with Radar,292,119,97,14,522,0,1,30,6,37,292,120,127,20,559,0,0,0,559
02/04/2015,BNA,TN,ASO,CE,Combined TRACON& Tower with Radar,295,110,79,4,488,0,1,20,6,27,295,111,99,10,515,0,0,0,515
02/05/2015,BNA,TN,ASO,CE,Combined TRACON& Tower with Radar,298,110,86,4,498,0,1,21,2,24,298,111,107,6,522,0,0,0,522
02/06/2015,BNA,TN,ASO,CE,Combined TRACON& Tower with Radar,297,105,70,14,486,0,0,33,0,33,297,105,103,14,519,0,0,0,519
02/07/2015,BNA,TN,ASO,CE,Combined TRACON& Tower with Radar,200,64,35,8,307,0,0,35,3,38,200,64,70,11,345,0,0,0,345
02/08/2015,BNA,TN,ASO,CE,Combined TRACON& Tower with Radar,248,83,51,10,392,0,1,5,1,7,248,84,56,11,399,0,0,0,399
02/09/2015,BNA,TN,ASO,CE,Combined TRACON& Tower with Radar,274,91,67,5,437,0,0,2,0,2,274,91,69,5,439,0,0,0,439
02/10/2015,BNA,TN,ASO,CE,Combined TRACON& Tower with Radar,296,90,78,3,467,0,3,24,3,30,296,93,102,6,497,0,0,0,497
02/11/2015,BNA,TN,ASO,CE,Combined TRACON& Tower with Radar,292,121,70,7,490,0,0,29,6,35,292,121,99,13,525,0,0,0,525
02/12/2015,BNA,TN,ASO,CE,Combined TRACON& Tower with Radar,296,106,65,4,471,0,0,17,5,22,296,106,82,9,493,0,0,0,493
02/13/2015,BNA,TN,ASO,CE,Combined TRACON& Tower with Radar,297,121,84,13,515,0,3,29,3,35,297,124,113,16,550,0,0,0,550
02/14/2015,BNA,TN,ASO,CE,Combined TRACON& Tower with Radar,199,75,25,2,301,0,0,26,0,26,199,75,51,2,327,0,0,0,327
02/15/2015,BNA,TN,ASO,CE,Combined TRACON& Tower with Radar,226,94,58,1,379,0,0,23,0,23,226,94,81,1,402,0,0,0,402
02/16/2015,BNA,TN,ASO,CE,Combined TRACON& Tower with Radar,9,9,23,0,41,0,0,2,0,2,9,9,25,0,43,0,0,0,43
02/17/2015,BNA,TN,ASO,CE,Combined TRACON& Tower with Radar,88,120,93,2,303,0,1,10,1,12,88,121,103,3,315,0,0,0,315
02/18/2015,BNA,TN,ASO,CE,Combined TRACON& Tower with Radar,263,115,77,2,457,0,0,6,0,6,263,115,83,2,463,0,0,0,463
02/19/2015,BNA,TN,ASO,CE,Combined TRACON& Tower with Radar,293,127,91,4,515,0,0,7,1,8,293,127,98,5,523,0,0,0,523
02/20/2015,BNA,TN,ASO,CE,Combined TRACON& Tower with Radar,211,98,54,0,363,0,0,0,2,2,211,98,54,2,365,0,0,0,365
02/21/2015,BNA,TN,ASO,CE,Combined TRACON& Tower with Radar,176,70,31,0,277,0,0,0,0,0,176,70,31,0,277,0,0,0,277
02/22/2015,BNA,TN,ASO,CE,Combined TRACON& Tower with Radar,234,105,72,0,411,0,0,4,0,4,234,105,76,0,415,0,0,0,415
02/23/2015,BNA,TN,ASO,CE,Combined TRACON& Tower with Radar,284,110,68,9,471,0,0,10,2,12,284,110,78,11,483,0,0,0,483
02/24/2015,BNA,TN,ASO,CE,Combined TRACON& Tower with Radar,282,127,93,10,512,0,0,15,4,19,282,127,108,14,531,0,0,0,531
02/25/2015,BNA,TN,ASO,CE,Combined TRACON& Tower with Radar,279,107,73,4,463,0,0,25,11,36,279,107,98,15,499,0,0,0,499
02/26/2015,BNA,TN,ASO,CE,Combined TRACON& Tower with Radar,291,111,86,9,497,0,0,11,0,11,291,111,97,9,508,0,0,0,508
02/27/2015,BNA,TN,ASO,CE,Combined TRACON& Tower with Radar,297,123,74,5,499,0,2,27,4,33,297,125,101,9,532,0,0,0,532
02/28/2015,BNA,TN,ASO,CE,Combined TRACON& Tower with Radar,190,84,35,8,317,0,0,38,1,39,190,84,73,9,356,0,0,0,356
03/01/2015,BNA,TN,ASO,CE,Combined TRACON& Tower with Radar,223,86,57,0,366,0,0,0,0,0,223,86,57,0,366,0,0,0,366
03/02/2015,BNA,TN,ASO,CE,Combined TRACON& Tower with Radar,279,136,67,4,486,0,2,13,19,34,279,138,80,23,520,0,0,0,520
03/03/2015,BNA,TN,ASO,CE,Combined TRACON& Tower with Radar,282,119,101,1,503,0,0,1,0,1,282,119,102,1,504,0,0,0,504
03/04/2015,BNA,TN,ASO,CE,Combined TRACON& Tower with Radar,231,105,77,2,415,0,0,0,0,0,231,105,77,2,415,0,0,0,415
03/05/2015,BNA,TN,ASO,CE,Combined TRACON& Tower with Radar,190,60,47,0,297,0,0,1,0,1,190,60,48,0,298,0,0,0,298
03/06/2015,BNA,TN,ASO,CE,Combined TRACON& Tower with Radar,297,102,60,8,467,0,2,27,3,32,297,104,87,11,499,0,0,0,499
03/07/2015,BNA,TN,ASO,CE,Combined TRACON& Tower with Radar,266,85,30,8,389,0,1,35,2,38,266,86,65,10,427,0,0,0,427
03/08/2015,BNA,TN,ASO,CE,Combined TRACON& Tower with Radar,300,93,60,12,465,0,2,21,1,24,300,95,81,13,489,0,0,0,489
03/09/2015,BNA,TN,ASO,CE,Combined TRACON& Tower with Radar,321,100,64,10,495,0,4,18,3,25,321,104,82,13,520,0,0,0,520
03/10/2015,BNA,TN,ASO,CE,Combined TRACON& Tower with Radar,315,114,73,2,504,0,1,0,0,1,315,115,73,2,505,0,0,0,505
03/11/2015,BNA,TN,ASO,CE,Combined TRACON& Tower with Radar,322,114,92,5,533,0,0,2,0,2,322,114,94,5,535,0,0,0,535
03/12/2015,BNA,TN,ASO,CE,Combined TRACON& Tower with Radar,325,128,100,6,559,0,0,21,2,23,325,128,121,8,582,0,0,0,582
03/13/2015,BNA,TN,ASO,CE,Combined TRACON& Tower with Radar,322,109,103,4,538,0,0,3,0,3,322,109,106,4,541,0,0,0,541
03/14/2015,BNA,TN,ASO,CE,Combined TRACON& Tower with Radar,274,89,60,1,424,0,0,0,0,0,274,89,60,1,424,0,0,0,424
03/15/2015,BNA,TN,ASO,CE,Combined TRACON& Tower with Radar,300,95,87,9,491,0,2,19,0,21,300,97,106,9,512,0,0,0,512
03/16/2015,BNA,TN,ASO,CE,Combined TRACON& Tower with Radar,319,95,57,6,477,0,3,33,2,38,319,98,90,8,515,0,0,0,515
03/17/2015,BNA,TN,ASO,CE,Combined TRACON& Tower with Radar,319,89,66,4,478,0,3,29,7,39,319,92,95,11,517,0,0,0,517
03/18/2015,BNA,TN,ASO,CE,Combined TRACON& Tower with Radar,319,110,86,2,517,0,2,17,0,19,319,112,103,2,536,0,0,0,536
03/19/2015,BNA,TN,ASO,CE,Combined TRACON& Tower with Radar,327,98,56,0,481,0,0,1,0,1,327,98,57,0,482,0,0,0,482
03/20/2015,BNA,TN,ASO,CE,Combined TRACON& Tower with Radar,300,110,90,15,515,0,0,3,0,3,300,110,93,15,518,0,0,0,518
03/21/2015,BNA,TN,ASO,CE,Combined TRACON& Tower with Radar,274,92,60,8,434,0,0,41,2,43,274,92,101,10,477,0,0,0,477
03/22/2015,BNA,TN,ASO,CE,Combined TRACON& Tower with Radar,292,95,62,7,456,0,1,4,0,5,292,96,66,7,461,0,0,0,461
03/23/2015,BNA,TN,ASO,CE,Combined TRACON& Tower with Radar,301,87,69,11,468,0,0,33,1,34,301,87,102,12,502,0,0,0,502
03/24/2015,BNA,TN,ASO,CE,Combined TRACON& Tower with Radar,317,86,111,7,521,0,1,20,4,25,317,87,131,11,546,0,0,0,546
03/25/2015,BNA,TN,ASO,CE,Combined TRACON& Tower with Radar,323,106,90,12,531,0,2,15,3,20,323,108,105,15,551,0,0,0,551
03/26/2015,BNA,TN,ASO,CE,Combined TRACON& Tower with Radar,321,103,88,4,516,0,0,4,0,4,321,103,92,4,520,0,0,0,520
03/27/2015,BNA,TN,ASO,CE,Combined TRACON& Tower with Radar,321,92,92,3,508,0,0,34,2,36,321,92,126,5,544,0,0,0,544
03/28/2015,BNA,TN,ASO,CE,Combined TRACON& Tower with Radar,268,85,50,0,403,0,1,42,1,44,268,86,92,1,447,0,0,0,447
03/29/2015,BNA,TN,ASO,CE,Combined TRACON& Tower with Radar,301,92,82,5,480,0,0,18,0,18,301,92,100,5,498,0,0,0,498
03/30/2015,BNA,TN,ASO,CE,Combined TRACON& Tower with Radar,322,91,81,4,498,0,0,18,2,20,322,91,99,6,518,0,0,0,518
03/31/2015,BNA,TN,ASO,CE,Combined TRACON& Tower with Radar,324,90,84,2,500,0,0,39,2,41,324,90,123,4,541,0,0,0,541
04/01/2015,BNA,TN,ASO,CE,Combined TRACON& Tower with Radar,319,147,90,5,561,0,0,37,14,51,319,147,127,19,612,0,0,0,612
04/02/2015,BNA,TN,ASO,CE,Combined TRACON& Tower with Radar,326,109,107,2,544,0,1,9,2,12,326,110,116,4,556,0,0,0,556
04/03/2015,BNA,TN,ASO,CE,Combined TRACON& Tower with Radar,335,117,64,2,518,0,1,3,0,4,335,118,67,2,522,0,0,0,522
04/04/2015,BNA,TN,ASO,CE,Combined TRACON& Tower with Radar,255,74,30,3,362,0,0,38,0,38,255,74,68,3,400,0,0,0,400
04/05/2015,BNA,TN,ASO,CE,Combined TRACON& Tower with Radar,286,89,36,4,415,0,0,19,0,19,286,89,55,4,434,0,0,0,434
04/06/2015,BNA,TN,ASO,CE,Combined TRACON& Tower with Radar,321,105,90,1,517,0,0,5,0,5,321,105,95,1,522,0,0,0,522
04/07/2015,BNA,TN,ASO,CE,Combined TRACON& Tower with Radar,324,103,95,4,526,0,0,7,4,11,324,103,102,8,537,0,0,0,537
04/08/2015,BNA,TN,ASO,CE,Combined TRACON& Tower with Radar,335,101,102,0,538,0,0,13,11,24,335,101,115,11,562,0,0,0,562
04/09/2015,BNA,TN,ASO,CE,Combined TRACON& Tower with Radar,333,124,123,3,583,0,2,16,3,21,333,126,139,6,604,0,0,0,604
04/10/2015,BNA,TN,ASO,CE,Combined TRACON& Tower with Radar,355,97,98,23,573,0,0,17,0,17,355,97,115,23,590,0,0,0,590
04/11/2015,BNA,TN,ASO,CE,Combined TRACON& Tower with Radar,234,84,74,0,392,0,2,30,2,34,234,86,104,2,426,0,0,0,426
04/12/2015,BNA,TN,ASO,CE,Combined TRACON& Tower with Radar,294,110,80,5,489,0,1,15,0,16,294,111,95,5,505,0,0,0,505
04/13/2015,BNA,TN,ASO,CE,Combined TRACON& Tower with Radar,320,82,54,4,460,0,0,7,2,9,320,82,61,6,469,0,0,0,469
04/14/2015,BNA,TN,ASO,CE,Combined TRACON& Tower with Radar,325,83,89,3,500,0,0,2,0,2,325,83,91,3,502,0,0,0,502
04/15/2015,BNA,TN,ASO,CE,Combined TRACON& Tower with Radar,332,98,87,3,520,0,0,6,2,8,332,98,93,5,528,0,0,0,528
04/16/2015,BNA,TN,ASO,CE,Combined TRACON& Tower with Radar,335,102,88,3,528,0,0,3,3,6,335,102,91,6,534,0,0,0,534
04/17/2015,BNA,TN,ASO,CE,Combined TRACON& Tower with Radar,332,106,85,9,532,0,2,4,6,12,332,108,89,15,544,0,0,0,544
04/18/2015,BNA,TN,ASO,CE,Combined TRACON& Tower with Radar,244,84,28,7,363,0,0,25,3,28,244,84,53,10,391,0,0,0,391
04/19/2015,BNA,TN,ASO,CE,Combined TRACON& Tower with Radar,287,94,56,6,443,0,0,0,0,0,287,94,56,6,443,0,0,0,443
04/20/2015,BNA,TN,ASO,CE,Combined TRACON& Tower with Radar,313,90,94,2,499,0,0,8,2,10,313,90,102,4,509,0,0,0,509
04/21/2015,BNA,TN,ASO,CE,Combined TRACON& Tower with Radar,322,111,98,6,537,0,1,30,4,35,322,112,128,10,572,0,0,0,572
04/22/2015,BNA,TN,ASO,CE,Combined TRACON& Tower with Radar,333,106,77,6,522,0,2,28,7,37,333,108,105,13,559,0,0,0,559
04/23/2015,BNA,TN,ASO,CE,Combined TRACON& Tower with Radar,334,99,122,7,562,0,2,38,8,48,334,101,160,15,610,0,0,0,610
04/24/2015,BNA,TN,ASO,CE,Combined TRACON& Tower with Radar,330,113,87,5,535,0,0,20,2,22,330,113,107,7,557,0,0,0,557
04/25/2015,BNA,TN,ASO,CE,Combined TRACON& Tower with Radar,240,75,26,2,343,0,0,11,0,11,240,75,37,2,354,0,0,0,354
04/26/2015,BNA,TN,ASO,CE,Combined TRACON& Tower with Radar,290,88,71,5,454,0,2,5,0,7,290,90,76,5,461,0,0,0,461
04/27/2015,BNA,TN,ASO,CE,Combined TRACON& Tower with Radar,327,99,68,5,499,0,0,31,0,31,327,99,99,5,530,0,0,0,530
04/28/2015,BNA,TN,ASO,CE,Combined TRACON& Tower with Radar,328,92,93,12,525,0,0,34,6,40,328,92,127,18,565,0,0,0,565
04/29/2015,BNA,TN,ASO,CE,Combined TRACON& Tower with Radar,326,94,100,7,527,0,0,27,12,39,326,94,127,19,566,0,0,0,566
04/30/2015,BNA,TN,ASO,CE,Combined TRACON& Tower with Radar,335,98,90,4,527,0,5,25,11,41,335,103,115,15,568,0,0,0,568
05/01/2015,BNA,TN,ASO,CE,Combined TRACON& Tower with Radar,324,99,100,7,530,0,2,27,6,35,324,101,127,13,565,0,0,0,565
05/02/2015,BNA,TN,ASO,CE,Combined TRACON& Tower with Radar,241,71,29,8,349,0,5,36,4,45,241,76,65,12,394,0,0,0,394
05/03/2015,BNA,TN,ASO,CE,Combined TRACON& Tower with Radar,293,86,65,9,453,0,0,18,3,21,293,86,83,12,474,0,0,0,474
05/04/2015,BNA,TN,ASO,CE,Combined TRACON& Tower with Radar,327,87,61,7,482,0,0,25,0,25,327,87,86,7,507,0,0,0,507
05/05/2015,BNA,TN,ASO,CE,Combined TRACON& Tower with Radar,327,102,105,6,540,0,1,43,10,54,327,103,148,16,594,0,0,0,594
05/06/2015,BNA,TN,ASO,CE,Combined TRACON& Tower with Radar,329,107,89,2,527,0,1,20,7,28,329,108,109,9,555,0,0,0,555
05/07/2015,BNA,TN,ASO,CE,Combined TRACON& Tower with Radar,331,110,107,3,551,0,2,37,32,71,331,112,144,35,622,0,0,0,622
05/08/2015,BNA,TN,ASO,CE,Combined TRACON& Tower with Radar,329,101,89,7,526,0,1,32,9,42,329,102,121,16,568,0,0,0,568
05/09/2015,BNA,TN,ASO,CE,Combined TRACON& Tower with Radar,239,76,48,1,364,0,0,34,66,100,239,76,82,67,464,0,0,0,464
05/10/2015,BNA,TN,ASO,CE,Combined TRACON& Tower with Radar,274,98,46,4,422,0,1,9,9,19,274,99,55,13,441,0,0,0,441
05/11/2015,BNA,TN,ASO,CE,Combined TRACON& Tower with Radar,323,98,86,1,508,0,2,15,9,26,323,100,101,10,534,0,0,0,534
05/12/2015,BNA,TN,ASO,CE,Combined TRACON& Tower with Radar,329,107,87,7,530,0,2,27,31,60,329,109,114,38,590,0,0,0,590
05/13/2015,BNA,TN,ASO,CE,Combined TRACON& Tower with Radar,331,98,89,11,529,0,4,31,7,42,331,102,120,18,571,0,0,0,571
05/14/2015,BNA,TN,ASO,CE,Combined TRACON& Tower with Radar,329,101,99,7,536,0,1,34,28,63,329,102,133,35,599,0,0,0,599
05/15/2015,BNA,TN,ASO,CE,Combined TRACON& Tower with Radar,325,94,61,8,488,0,0,25,14,39,325,94,86,22,527,0,0,0,527
05/16/2015,BNA,TN,ASO,CE,Combined TRACON& Tower with Radar,238,72,36,2,348,0,0,9,15,24,238,72,45,17,372,0,0,0,372
05/17/2015,BNA,TN,ASO,CE,Combined TRACON& Tower with Radar,282,93,50,4,429,0,2,0,0,2,282,95,50,4,431,0,0,0,431
05/18/2015,BNA,TN,ASO,CE,Combined TRACON& Tower with Radar,312,97,78,4,491,0,0,8,2,10,312,97,86,6,501,0,0,0,501
05/19/2015,BNA,TN,ASO,CE,Combined TRACON& Tower with Radar,324,88,91,8,511,0,0,16,16,32,324,88,107,24,543,0,0,0,543
05/20/2015,BNA,TN,ASO,CE,Combined TRACON& Tower with Radar,334,95,88,1,518,0,1,39,7,47,334,96,127,8,565,0,0,0,565
05/21/2015,BNA,TN,ASO,CE,Combined TRACON& Tower with Radar,335,97,105,3,540,0,0,23,22,45,335,97,128,25,585,0,0,0,585
05/22/2015,BNA,TN,ASO,CE,Combined TRACON& Tower with Radar,333,89,67,2,491,0,0,30,2,32,333,89,97,4,523,0,0,0,523
05/23/2015,BNA,TN,ASO,CE,Combined TRACON& Tower with Radar,240,72,23,1,336,0,2,28,1,31,240,74,51,2,367,0,0,0,367
05/24/2015,BNA,TN,ASO,CE,Combined TRACON& Tower with Radar,240,56,30,0,326,0,1,6,0,7,240,57,36,0,333,0,0,0,333
05/25/2015,BNA,TN,ASO,CE,Combined TRACON& Tower with Radar,298,71,38,2,409,0,0,4,0,4,298,71,42,2,413,0,0,0,413
05/26/2015,BNA,TN,ASO,CE,Combined TRACON& Tower with Radar,322,89,69,3,483,0,0,7,14,21,322,89,76,17,504,0,0,0,504
05/27/2015,BNA,TN,ASO,CE,Combined TRACON& Tower with Radar,322,84,83,4,493,0,0,7,7,14,322,84,90,11,507,0,0,0,507
05/28/2015,BNA,TN,ASO,CE,Combined TRACON& Tower with Radar,333,100,73,1,507,0,0,28,23,51,333,100,101,24,558,0,0,0,558
05/29/2015,BNA,TN,ASO,CE,Combined TRACON& Tower with Radar,361,113,91,4,569,0,0,27,7,34,361,113,118,11,603,0,0,0,603
05/30/2015,BNA,TN,ASO,CE,Combined TRACON& Tower with Radar,242,71,56,3,372,0,1,26,1,28,242,72,82,4,400,0,0,0,400
05/31/2015,BNA,TN,ASO,CE,Combined TRACON& Tower with Radar,278,80,57,3,418,0,0,10,0,10,278,80,67,3,428,0,0,0,428
06/01/2015,BNA,TN,ASO,CE,Combined TRACON& Tower with Radar,316,78,93,2,489,0,0,0,0,0,316,78,93,2,489,0,0,0,489
06/02/2015,BNA,TN,ASO,CE,Combined TRACON& Tower with Radar,330,122,124,2,578,0,0,7,5,12,330,122,131,7,590,0,0,0,590
06/03/2015,BNA,TN,ASO,CE,Combined TRACON& Tower with Radar,329,101,80,10,520,0,0,30,5,35,329,101,110,15,555,0,0,0,555
06/04/2015,BNA,TN,ASO,CE,Combined TRACON& Tower with Radar,337,99,104,7,547,0,0,42,28,70,337,99,146,35,617,0,0,0,617
06/05/2015,BNA,TN,ASO,CE,Combined TRACON& Tower with Radar,333,85,103,4,525,0,1,46,12,59,333,86,149,16,584,0,0,0,584
06/06/2015,BNA,TN,ASO,CE,Combined TRACON& Tower with Radar,243,74,46,3,366,0,0,36,4,40,243,74,82,7,406,0,0,0,406
06/07/2015,BNA,TN,ASO,CE,Combined TRACON& Tower with Radar,323,79,65,7,474,0,1,32,9,42,323,80,97,16,516,0,0,0,516
06/08/2015,BNA,TN,ASO,CE,Combined TRACON& Tower with Radar,332,64,74,2,472,0,0,8,2,10,332,64,82,4,482,0,0,0,482
06/09/2015,BNA,TN,ASO,CE,Combined TRACON& Tower with Radar,367,106,116,4,593,0,0,32,6,38,367,106,148,10,631,0,0,0,631
06/10/2015,BNA,TN,ASO,CE,Combined TRACON& Tower with Radar,356,105,138,9,608,0,0,34,15,49,356,105,172,24,657,0,0,0,657
06/11/2015,BNA,TN,ASO,CE,Combined TRACON& Tower with Radar,358,118,153,8,637,0,2,49,29,80,358,120,202,37,717,0,0,0,717
06/12/2015,BNA,TN,ASO,CE,Combined TRACON& Tower with Radar,344,79,110,4,537,0,0,29,5,34,344,79,139,9,571,0,0,0,571
06/13/2015,BNA,TN,ASO,CE,Combined TRACON& Tower with Radar,272,74,49,2,397,0,1,32,29,62,272,75,81,31,459,0,0,0,459
06/14/2015,BNA,TN,ASO,CE,Combined TRACON& Tower with Radar,320,90,75,2,487,0,0,22,11,33,320,90,97,13,520,0,0,0,520
06/15/2015,BNA,TN,ASO,CE,Combined TRACON& Tower with Radar,336,88,118,2,544,0,0,30,4,34,336,88,148,6,578,4,0,4,582
06/16/2015,BNA,TN,ASO,CE,Combined TRACON& Tower with Radar,335,108,127,6,576,0,0,47,5,52,335,108,174,11,628,0,0,0,628
06/17/2015,BNA,TN,ASO,CE,Combined TRACON& Tower with Radar,348,103,155,2,608,0,0,37,10,47,348,103,192,12,655,0,0,0,655
06/18/2015,BNA,TN,ASO,CE,Combined TRACON& Tower with Radar,344,144,128,4,620,0,0,33,16,49,344,144,161,20,669,0,0,0,669
06/19/2015,BNA,TN,ASO,CE,Combined TRACON& Tower with Radar,348,99,68,2,517,0,0,21,7,28,348,99,89,9,545,0,0,0,545
06/20/2015,BNA,TN,ASO,CE,Combined TRACON& Tower with Radar,266,75,45,0,386,0,1,19,0,20,266,76,64,0,406,0,0,0,406
06/21/2015,BNA,TN,ASO,CE,Combined TRACON& Tower with Radar,318,89,54,0,461,0,1,25,4,30,318,90,79,4,491,0,0,0,491
06/22/2015,BNA,TN,ASO,CE,Combined TRACON& Tower with Radar,346,74,79,3,502,0,1,18,3,22,346,75,97,6,524,0,0,0,524
06/23/2015,BNA,TN,ASO,CE,Combined TRACON& Tower with Radar,333,90,115,0,538,0,0,38,4,42,333,90,153,4,580,0,0,0,580
06/24/2015,BNA,TN,ASO,CE,Combined TRACON& Tower with Radar,378,93,121,3,595,0,0,29,7,36,378,93,150,10,631,0,0,0,631
06/25/2015,BNA,TN,ASO,CE,Combined TRACON& Tower with Radar,354,108,92,0,554,0,1,34,21,56,354,109,126,21,610,0,0,0,610
06/26/2015,BNA,TN,ASO,CE,Combined TRACON& Tower with Radar,342,90,102,4,538,0,1,25,9,35,342,91,127,13,573,0,0,0,573
06/27/2015,BNA,TN,ASO,CE,Combined TRACON& Tower with Radar,273,67,56,3,399,0,0,19,6,25,273,67,75,9,424,0,0,0,424
06/28/2015,BNA,TN,ASO,CE,Combined TRACON& Tower with Radar,321,94,67,4,486,0,1,21,2,24,321,95,88,6,510,0,0,0,510
06/29/2015,BNA,TN,ASO,CE,Combined TRACON& Tower with Radar,348,82,87,10,527,0,1,26,1,28,348,83,113,11,555,0,0,0,555
06/30/2015,BNA,TN,ASO,CE,Combined TRACON& Tower with Radar,333,103,105,12,553,0,0,32,3,35,333,103,137,15,588,0,0,0,588
07/01/2015,BNA,TN,ASO,CE,Combined TRACON& Tower with Radar,347,80,74,5,506,0,0,10,0,10,347,80,84,5,516,0,0,0,516
07/02/2015,BNA,TN,ASO,CE,Combined TRACON& Tower with Radar,352,101,49,2,504,0,2,7,6,15,352,103,56,8,519,0,0,0,519
07/03/2015,BNA,TN,ASO,CE,Combined TRACON& Tower with Radar,300,63,36,1,400,0,0,13,1,14,300,63,49,2,414,0,0,0,414
07/04/2015,BNA,TN,ASO,CE,Combined TRACON& Tower with Radar,223,49,19,1,292,0,0,7,0,7,223,49,26,1,299,0,0,0,299
07/05/2015,BNA,TN,ASO,CE,Combined TRACON& Tower with Radar,314,68,50,2,434,0,1,11,0,12,314,69,61,2,446,0,0,0,446
07/06/2015,BNA,TN,ASO,CE,Combined TRACON& Tower with Radar,348,99,66,0,513,0,1,45,5,51,348,100,111,5,564,0,0,0,564
07/07/2015,BNA,TN,ASO,CE,Combined TRACON& Tower with Radar,351,102,76,3,532,0,1,31,6,38,351,103,107,9,570,0,0,0,570
07/08/2015,BNA,TN,ASO,CE,Combined TRACON& Tower with Radar,350,93,82,0,525,0,0,35,5,40,350,93,117,5,565,0,0,0,565
07/09/2015,BNA,TN,ASO,CE,Combined TRACON& Tower with Radar,356,98,124,1,579,0,3,31,15,49,356,101,155,16,628,0,0,0,628
07/10/2015,BNA,TN,ASO,CE,Combined TRACON& Tower with Radar,351,94,101,9,555,0,0,28,0,28,351,94,129,9,583,0,0,0,583
07/11/2015,BNA,TN,ASO,CE,Combined TRACON& Tower with Radar,279,76,59,5,419,0,1,34,2,37,279,77,93,7,456,0,0,0,456
07/12/2015,BNA,TN,ASO,CE,Combined TRACON& Tower with Radar,333,77,91,8,509,0,5,17,1,23,333,82,108,9,532,0,0,0,532
07/13/2015,BNA,TN,ASO,CE,Combined TRACON& Tower with Radar,341,89,96,5,531,0,1,41,4,46,341,90,137,9,577,0,0,0,577
07/14/2015,BNA,TN,ASO,CE,Combined TRACON& Tower with Radar,391,87,113,1,592,0,2,30,10,42,391,89,143,11,634,0,0,0,634
07/15/2015,BNA,TN,ASO,CE,Combined TRACON& Tower with Radar,349,90,116,1,556,0,3,31,14,48,349,93,147,15,604,0,0,0,604
07/16/2015,BNA,TN,ASO,CE,Combined TRACON& Tower with Radar,355,89,97,2,543,0,3,51,37,91,355,92,148,39,634,0,0,0,634
07/17/2015,BNA,TN,ASO,CE,Combined TRACON& Tower with Radar,362,90,84,11,547,0,0,37,30,67,362,90,121,41,614,0,0,0,614
07/18/2015,BNA,TN,ASO,CE,Combined TRACON& Tower with Radar,283,64,58,18,423,0,4,50,24,78,283,68,108,42,501,0,0,0,501
07/19/2015,BNA,TN,ASO,CE,Combined TRACON& Tower with Radar,330,71,63,8,472,0,0,27,24,51,330,71,90,32,523,0,0,0,523
07/20/2015,BNA,TN,ASO,CE,Combined TRACON& Tower with Radar,355,84,70,2,511,0,0,15,2,17,355,84,85,4,528,0,0,0,528
07/21/2015,BNA,TN,ASO,CE,Combined TRACON& Tower with Radar,346,101,96,4,547,0,0,19,7,26,346,101,115,11,573,0,0,0,573
07/22/2015,BNA,TN,ASO,CE,Combined TRACON& Tower with Radar,359,106,123,6,594,0,2,12,0,14,359,108,135,6,608,0,0,0,608
07/23/2015,BNA,TN,ASO,CE,Combined TRACON& Tower with Radar,356,91,101,2,550,0,0,13,8,21,356,91,114,10,571,0,0,0,571
07/24/2015,BNA,TN,ASO,CE,Combined TRACON& Tower with Radar,352,97,97,12,558,0,0,29,6,35,352,97,126,18,593,0,0,0,593
07/25/2015,BNA,TN,ASO,CE,Combined TRACON& Tower with Radar,273,65,58,8,404,0,0,42,4,46,273,65,100,12,450,0,0,0,450
07/26/2015,BNA,TN,ASO,CE,Combined TRACON& Tower with Radar,334,64,77,1,476,0,1,31,4,36,334,65,108,5,512,0,0,0,512
07/27/2015,BNA,TN,ASO,CE,Combined TRACON& Tower with Radar,350,89,82,4,525,0,0,37,2,39,350,89,119,6,564,0,0,0,564
07/28/2015,BNA,TN,ASO,CE,Combined TRACON& Tower with Radar,321,86,90,4,501,0,2,34,5,41,321,88,124,9,542,0,0,0,542
07/29/2015,BNA,TN,ASO,CE,Combined TRACON& Tower with Radar,352,100,106,1,559,0,0,34,8,42,352,100,140,9,601,0,0,0,601
07/30/2015,BNA,TN,ASO,CE,Combined TRACON& Tower with Radar,353,83,124,17,577,0,2,50,24,76,353,85,174,41,653,0,0,0,653
07/31/2015,BNA,TN,ASO,CE,Combined TRACON& Tower with Radar,357,98,79,2,536,0,2,54,8,64,357,100,133,10,600,0,0,0,600
08/01/2015,BNA,TN,ASO,CE,Combined TRACON& Tower with Radar,275,76,50,8,409,0,1,32,1,34,275,77,82,9,443,0,0,0,443
08/02/2015,BNA,TN,ASO,CE,Combined TRACON& Tower with Radar,330,68,73,14,485,0,1,25,2,28,330,69,98,16,513,0,0,0,513
08/03/2015,BNA,TN,ASO,CE,Combined TRACON& Tower with Radar,349,82,73,9,513,0,0,34,4,38,349,82,107,13,551,0,0,0,551
08/04/2015,BNA,TN,ASO,CE,Combined TRACON& Tower with Radar,352,111,83,8,554,0,0,34,23,57,352,111,117,31,611,0,0,0,611
08/05/2015,BNA,TN,ASO,CE,Combined TRACON& Tower with Radar,351,101,108,1,561,0,0,21,8,29,351,101,129,9,590,0,0,0,590
08/06/2015,BNA,TN,ASO,CE,Combined TRACON& Tower with Radar,393,93,97,3,586,0,0,1,20,21,393,93,98,23,607,0,0,0,607
08/07/2015,BNA,TN,ASO,CE,Combined TRACON& Tower with Radar,358,98,74,17,547,0,1,16,21,38,358,99,90,38,585,0,0,0,585
08/08/2015,BNA,TN,ASO,CE,Combined TRACON& Tower with Radar,271,77,48,5,401,0,1,41,39,81,271,78,89,44,482,0,0,0,482
08/09/2015,BNA,TN,ASO,CE,Combined TRACON& Tower with Radar,315,83,67,12,477,0,0,22,16,38,315,83,89,28,515,0,0,0,515
08/10/2015,BNA,TN,ASO,CE,Combined TRACON& Tower with Radar,327,94,72,1,494,0,0,16,0,16,327,94,88,1,510,0,0,0,510
08/11/2015,BNA,TN,ASO,CE,Combined TRACON& Tower with Radar,337,80,83,5,505,0,6,30,9,45,337,86,113,14,550,0,0,0,550
08/12/2015,BNA,TN,ASO,CE,Combined TRACON& Tower with Radar,337,105,111,6,559,0,7,39,12,58,337,112,150,18,617,0,0,0,617
08/13/2015,BNA,TN,ASO,CE,Combined TRACON& Tower with Radar,348,91,67,3,509,0,0,38,20,58,348,91,105,23,567,0,0,0,567
08/14/2015,BNA,TN,ASO,CE,Combined TRACON& Tower with Radar,339,91,80,5,515,0,0,28,3,31,339,91,108,8,546,0,0,0,546
08/15/2015,BNA,TN,ASO,CE,Combined TRACON& Tower with Radar,223,74,44,3,344,0,0,21,0,21,223,74,65,3,365,0,0,0,365
08/16/2015,BNA,TN,ASO,CE,Combined TRACON& Tower with Radar,308,76,49,8,441,0,0,9,0,9,308,76,58,8,450,0,0,0,450
08/17/2015,BNA,TN,ASO,CE,Combined TRACON& Tower with Radar,334,115,78,2,529,0,0,3,0,3,334,115,81,2,532,0,0,0,532
08/18/2015,BNA,TN,ASO,CE,Combined TRACON& Tower with Radar,350,87,95,5,537,0,4,17,4,25,350,91,112,9,562,0,0,0,562
08/19/2015,BNA,TN,ASO,CE,Combined TRACON& Tower with Radar,326,99,94,2,521,0,0,9,5,14,326,99,103,7,535,0,0,0,535
08/20/2015,BNA,TN,ASO,CE,Combined TRACON& Tower with Radar,329,86,104,4,523,0,3,29,15,47,329,89,133,19,570,0,0,0,570
08/21/2015,BNA,TN,ASO,CE,Combined TRACON& Tower with Radar,337,86,105,20,548,0,2,26,6,34,337,88,131,26,582,0,0,0,582
08/22/2015,BNA,TN,ASO,CE,Combined TRACON& Tower with Radar,217,72,44,2,335,0,1,45,4,50,217,73,89,6,385,0,0,0,385
08/23/2015,BNA,TN,ASO,CE,Combined TRACON& Tower with Radar,299,78,57,4,438,0,0,12,1,13,299,78,69,5,451,0,0,0,451
08/24/2015,BNA,TN,ASO,CE,Combined TRACON& Tower with Radar,344,86,78,0,508,0,1,29,2,32,344,87,107,2,540,0,0,0,540
08/25/2015,BNA,TN,ASO,CE,Combined TRACON& Tower with Radar,336,94,99,0,529,0,4,54,8,66,336,98,153,8,595,0,0,0,595
08/26/2015,BNA,TN,ASO,CE,Combined TRACON& Tower with Radar,331,94,109,3,537,0,2,40,16,58,331,96,149,19,595,0,0,0,595
08/27/2015,BNA,TN,ASO,CE,Combined TRACON& Tower with Radar,348,99,89,5,541,0,0,39,22,61,348,99,128,27,602,0,0,0,602
08/28/2015,BNA,TN,ASO,CE,Combined TRACON& Tower with Radar,343,92,86,9,530,0,2,33,26,61,343,94,119,35,591,0,0,0,591
08/29/2015,BNA,TN,ASO,CE,Combined TRACON& Tower with Radar,215,64,31,3,313,0,2,24,8,34,215,66,55,11,347,0,0,0,347
08/30/2015,BNA,TN,ASO,CE,Combined TRACON& Tower with Radar,290,83,47,11,431,0,0,5,11,16,290,83,52,22,447,0,0,0,447
08/31/2015,BNA,TN,ASO,CE,Combined TRACON& Tower with Radar,335,83,64,9,491,0,0,23,12,35,335,83,87,21,526,0,0,0,526
09/01/2015,BNA,TN,ASO,CE,Combined TRACON& Tower with Radar,333,83,68,7,491,0,4,26,22,52,333,87,94,29,543,0,0,0,543
09/02/2015,BNA,TN,ASO,CE,Combined TRACON& Tower with Radar,340,101,88,2,531,0,0,24,16,40,340,101,112,18,571,0,0,0,571
09/03/2015,BNA,TN,ASO,CE,Combined TRACON& Tower with Radar,349,102,84,6,541,0,2,34,23,59,349,104,118,29,600,0,0,0,600
09/04/2015,BNA,TN,ASO,CE,Combined TRACON& Tower with Radar,340,82,79,3,504,0,0,30,1,31,340,82,109,4,535,0,0,0,535
09/05/2015,BNA,TN,ASO,CE,Combined TRACON& Tower with Radar,193,55,56,0,304,0,2,23,3,28,193,57,79,3,332,0,0,0,332
09/06/2015,BNA,TN,ASO,CE,Combined TRACON& Tower with Radar,215,53,43,1,312,0,0,12,0,12,215,53,55,1,324,0,0,0,324
09/07/2015,BNA,TN,ASO,CE,Combined TRACON& Tower with Radar,306,77,54,0,437,0,0,13,0,13,306,77,67,0,450,0,0,0,450
09/08/2015,BNA,TN,ASO,CE,Combined TRACON& Tower with Radar,317,87,81,2,487,0,5,27,2,34,317,92,108,4,521,0,0,0,521
09/09/2015,BNA,TN,ASO,CE,Combined TRACON& Tower with Radar,328,81,82,1,492,0,4,4,9,17,328,85,86,10,509,0,0,0,509
09/10/2015,BNA,TN,ASO,CE,Combined TRACON& Tower with Radar,339,95,115,2,551,0,0,8,22,30,339,95,123,24,581,0,0,0,581
09/11/2015,BNA,TN,ASO,CE,Combined TRACON& Tower with Radar,328,94,112,4,538,0,0,9,3,12,328,94,121,7,550,0,0,0,550
09/12/2015,BNA,TN,ASO,CE,Combined TRACON& Tower with Radar,211,61,62,6,340,0,2,25,2,29,211,63,87,8,369,0,0,0,369
09/13/2015,BNA,TN,ASO,CE,Combined TRACON& Tower with Radar,302,93,76,5,476,0,2,27,1,30,302,95,103,6,506,0,0,0,506
09/14/2015,BNA,TN,ASO,CE,Combined TRACON& Tower with Radar,338,76,94,5,513,0,0,30,8,38,338,76,124,13,551,0,0,0,551
09/15/2015,BNA,TN,ASO,CE,Combined TRACON& Tower with Radar,332,92,82,5,511,0,4,35,7,46,332,96,117,12,557,0,0,0,557
09/16/2015,BNA,TN,ASO,CE,Combined TRACON& Tower with Radar,341,87,118,3,549,0,1,41,5,47,341,88,159,8,596,0,0,0,596
09/17/2015,BNA,TN,ASO,CE,Combined TRACON& Tower with Radar,339,97,96,0,532,0,3,30,9,42,339,100,126,9,574,0,0,0,574
09/18/2015,BNA,TN,ASO,CE,Combined TRACON& Tower with Radar,336,94,107,6,543,0,0,30,0,30,336,94,137,6,573,0,0,0,573
09/19/2015,BNA,TN,ASO,CE,Combined TRACON& Tower with Radar,219,72,72,2,365,0,0,21,3,24,219,72,93,5,389,0,0,0,389
09/20/2015,BNA,TN,ASO,CE,Combined TRACON& Tower with Radar,296,103,80,2,481,0,1,18,1,20,296,104,98,3,501,0,0,0,501
09/21/2015,BNA,TN,ASO,CE,Combined TRACON& Tower with Radar,340,90,78,14,522,0,0,18,2,20,340,90,96,16,542,0,0,0,542
09/22/2015,BNA,TN,ASO,CE,Combined TRACON& Tower with Radar,334,94,75,0,503,0,1,35,5,41,334,95,110,5,544,0,0,0,544
09/23/2015,BNA,TN,ASO,CE,Combined TRACON& Tower with Radar,339,93,99,8,539,0,1,28,4,33,339,94,127,12,572,0,0,0,572
09/24/2015,BNA,TN,ASO,CE,Combined TRACON& Tower with Radar,340,90,118,0,548,0,1,41,3,45,340,91,159,3,593,0,0,0,593
09/25/2015,BNA,TN,ASO,CE,Combined TRACON& Tower with Radar,338,97,119,8,562,0,0,15,0,15,338,97,134,8,577,0,0,0,577
09/26/2015,BNA,TN,ASO,CE,Combined TRACON& Tower with Radar,220,72,65,2,359,0,0,1,1,2,220,72,66,3,361,0,0,0,361
09/27/2015,BNA,TN,ASO,CE,Combined TRACON& Tower with Radar,301,91,105,5,502,0,2,6,0,8,301,93,111,5,510,0,0,0,510
09/28/2015,BNA,TN,ASO,CE,Combined TRACON& Tower with Radar,335,86,73,7,501,0,1,20,2,23,335,87,93,9,524,0,0,0,524
09/29/2015,BNA,TN,ASO,CE,Combined TRACON& Tower with Radar,333,100,99,1,533,0,0,6,0,6,333,100,105,1,539,0,0,0,539
09/30/2015,BNA,TN,ASO,CE,Combined TRACON& Tower with Radar,341,101,117,0,559,0,0,4,0,4,341,101,121,0,563,0,0,0,563
10/01/2015,BNA,TN,ASO,CE,Combined TRACON& Tower with Radar,343,105,140,1,589,0,1,1,1,3,343,106,141,2,592,0,0,0,592
10/02/2015,BNA,TN,ASO,CE,Combined TRACON& Tower with Radar,340,99,128,0,567,0,0,4,3,7,340,99,132,3,574,0,0,0,574
10/03/2015,BNA,TN,ASO,CE,Combined TRACON& Tower with Radar,225,66,53,0,344,0,0,0,0,0,225,66,53,0,344,0,0,0,344
10/04/2015,BNA,TN,ASO,CE,Combined TRACON& Tower with Radar,306,74,82,0,462,0,0,3,0,3,306,74,85,0,465,0,0,0,465
10/05/2015,BNA,TN,ASO,CE,Combined TRACON& Tower with Radar,337,87,77,6,507,0,2,24,0,26,337,89,101,6,533,0,0,0,533
10/06/2015,BNA,TN,ASO,CE,Combined TRACON& Tower with Radar,348,70,72,8,498,0,1,40,11,52,348,71,112,19,550,0,0,0,550
10/07/2015,BNA,TN,ASO,CE,Combined TRACON& Tower with Radar,346,104,94,3,547,0,2,31,3,36,346,106,125,6,583,0,0,0,583
10/08/2015,BNA,TN,ASO,CE,Combined TRACON& Tower with Radar,350,92,83,4,529,0,2,45,19,66,350,94,128,23,595,0,0,0,595
10/09/2015,BNA,TN,ASO,CE,Combined TRACON& Tower with Radar,332,90,85,6,513,0,1,17,4,22,332,91,102,10,535,0,0,0,535
10/10/2015,BNA,TN,ASO,CE,Combined TRACON& Tower with Radar,233,67,56,2,358,0,0,21,0,21,233,67,77,2,379,0,0,0,379
10/11/2015,BNA,TN,ASO,CE,Combined TRACON& Tower with Radar,311,81,89,5,486,0,0,19,2,21,311,81,108,7,507,0,0,0,507
10/12/2015,BNA,TN,ASO,CE,Combined TRACON& Tower with Radar,339,85,97,2,523,0,0,17,0,17,339,85,114,2,540,0,0,0,540
10/13/2015,BNA,TN,ASO,CE,Combined TRACON& Tower with Radar,346,81,94,2,523,0,0,30,15,45,346,81,124,17,568,0,0,0,568
10/14/2015,BNA,TN,ASO,CE,Combined TRACON& Tower with Radar,345,93,129,0,567,0,2,40,23,65,345,95,169,23,632,0,0,0,632
10/15/2015,BNA,TN,ASO,CE,Combined TRACON& Tower with Radar,343,99,101,1,544,0,2,48,27,77,343,101,149,28,621,0,0,0,621
10/16/2015,BNA,TN,ASO,CE,Combined TRACON& Tower with Radar,339,82,79,7,507,0,1,32,29,62,339,83,111,36,569,0,0,0,569
10/17/2015,BNA,TN,ASO,CE,Combined TRACON& Tower with Radar,225,65,59,4,353,0,3,22,21,46,225,68,81,25,399,0,0,0,399
10/18/2015,BNA,TN,ASO,CE,Combined TRACON& Tower with Radar,312,87,78,1,478,0,1,20,19,40,312,88,98,20,518,0,0,0,518
10/19/2015,BNA,TN,ASO,CE,Combined TRACON& Tower with Radar,343,88,71,4,506,0,3,28,1,32,343,91,99,5,538,0,0,0,538
10/20/2015,BNA,TN,ASO,CE,Combined TRACON& Tower with Radar,347,95,114,6,562,0,0,52,17,69,347,95,166,23,631,0,0,0,631
10/21/2015,BNA,TN,ASO,CE,Combined TRACON& Tower with Radar,344,109,119,3,575,0,3,26,15,44,344,112,145,18,619,0,0,0,619
10/22/2015,BNA,TN,ASO,CE,Combined TRACON& Tower with Radar,342,96,129,9,576,0,2,24,23,49,342,98,153,32,625,0,0,0,625
10/23/2015,BNA,TN,ASO,CE,Combined TRACON& Tower with Radar,339,110,114,9,572,0,4,40,10,54,339,114,154,19,626,0,0,0,626
10/24/2015,BNA,TN,ASO,CE,Combined TRACON& Tower with Radar,229,74,55,3,361,0,5,22,0,27,229,79,77,3,388,0,0,0,388
10/25/2015,BNA,TN,ASO,CE,Combined TRACON& Tower with Radar,302,96,95,2,495,0,0,0,1,1,302,96,95,3,496,0,0,0,496
10/26/2015,BNA,TN,ASO,CE,Combined TRACON& Tower with Radar,336,77,79,3,495,0,0,0,0,0,336,77,79,3,495,0,0,0,495
10/27/2015,BNA,TN,ASO,CE,Combined TRACON& Tower with Radar,326,88,101,0,515,0,0,0,0,0,326,88,101,0,515,0,0,0,515
10/28/2015,BNA,TN,ASO,CE,Combined TRACON& Tower with Radar,329,104,97,4,534,0,0,7,9,16,329,104,104,13,550,0,0,0,550
10/29/2015,BNA,TN,ASO,CE,Combined TRACON& Tower with Radar,340,102,130,4,576,0,0,38,28,66,340,102,168,32,642,0,0,0,642
10/30/2015,BNA,TN,ASO,CE,Combined TRACON& Tower with Radar,321,96,76,10,503,0,2,41,0,43,321,98,117,10,546,0,0,0,546
10/31/2015,BNA,TN,ASO,CE,Combined TRACON& Tower with Radar,200,59,20,8,287,0,0,15,0,15,200,59,35,8,302,0,0,0,302
11/01/2015,BNA,TN,ASO,CE,Combined TRACON& Tower with Radar,298,88,69,4,459,0,0,0,0,0,298,88,69,4,459,0,0,0,459
11/02/2015,BNA,TN,ASO,CE,Combined TRACON& Tower with Radar,330,96,83,0,509,0,0,4,0,4,330,96,87,0,513,0,0,0,513
11/03/2015,BNA,TN,ASO,CE,Combined TRACON& Tower with Radar,334,91,99,1,525,0,0,23,0,23,334,91,122,1,548,0,0,0,548
11/04/2015,BNA,TN,ASO,CE,Combined TRACON& Tower with Radar,328,93,121,5,547,0,0,23,9,32,328,93,144,14,579,0,0,0,579
11/05/2015,BNA,TN,ASO,CE,Combined TRACON& Tower with Radar,341,102,143,1,587,0,0,29,0,29,341,102,172,1,616,0,0,0,616
11/06/2015,BNA,TN,ASO,CE,Combined TRACON& Tower with Radar,342,77,102,1,522,0,0,8,1,9,342,77,110,2,531,0,0,0,531
11/07/2015,BNA,TN,ASO,CE,Combined TRACON& Tower with Radar,240,60,30,5,335,0,0,31,2,33,240,60,61,7,368,0,0,0,368
11/08/2015,BNA,TN,ASO,CE,Combined TRACON& Tower with Radar,305,84,64,3,456,0,1,21,1,23,305,85,85,4,479,0,0,0,479
11/09/2015,BNA,TN,ASO,CE,Combined TRACON& Tower with Radar,330,93,80,13,516,0,0,1,0,1,330,93,81,13,517,0,0,0,517
11/10/2015,BNA,TN,ASO,CE,Combined TRACON& Tower with Radar,338,89,96,5,528,0,1,33,5,39,338,90,129,10,567,0,0,0,567
11/11/2015,BNA,TN,ASO,CE,Combined TRACON& Tower with Radar,337,95,105,1,538,0,2,26,0,28,337,97,131,1,566,0,0,0,566
11/12/2015,BNA,TN,ASO,CE,Combined TRACON& Tower with Radar,342,98,102,6,548,0,1,28,23,52,342,99,130,29,600,0,0,0,600
11/13/2015,BNA,TN,ASO,CE,Combined TRACON& Tower with Radar,333,94,87,11,525,0,1,38,18,57,333,95,125,29,582,0,0,0,582
11/14/2015,BNA,TN,ASO,CE,Combined TRACON& Tower with Radar,233,61,29,6,329,0,1,18,26,45,233,62,47,32,374,0,0,0,374
11/15/2015,BNA,TN,ASO,CE,Combined TRACON& Tower with Radar,300,81,95,5,481,0,0,15,21,36,300,81,110,26,517,0,0,0,517
11/16/2015,BNA,TN,ASO,CE,Combined TRACON& Tower with Radar,332,91,57,1,481,0,0,14,0,14,332,91,71,1,495,0,0,0,495
11/17/2015,BNA,TN,ASO,CE,Combined TRACON& Tower with Radar,349,85,92,2,528,0,0,19,4,23,349,85,111,6,551,0,0,0,551
11/18/2015,BNA,TN,ASO,CE,Combined TRACON& Tower with Radar,341,102,89,1,533,0,0,3,1,4,341,102,92,2,537,0,0,0,537
11/19/2015,BNA,TN,ASO,CE,Combined TRACON& Tower with Radar,345,106,111,12,574,0,2,32,22,56,345,108,143,34,630,0,0,0,630
11/20/2015,BNA,TN,ASO,CE,Combined TRACON& Tower with Radar,338,107,111,7,563,0,1,32,11,44,338,108,143,18,607,0,0,0,607
11/21/2015,BNA,TN,ASO,CE,Combined TRACON& Tower with Radar,227,65,34,4,330,0,1,12,1,14,227,66,46,5,344,0,0,0,344
11/22/2015,BNA,TN,ASO,CE,Combined TRACON& Tower with Radar,284,79,67,2,432,0,0,16,1,17,284,79,83,3,449,0,0,0,449
11/23/2015,BNA,TN,ASO,CE,Combined TRACON& Tower with Radar,300,90,53,10,453,0,0,29,12,41,300,90,82,22,494,0,0,0,494
11/24/2015,BNA,TN,ASO,CE,Combined TRACON& Tower with Radar,331,106,87,10,534,0,0,23,5,28,331,106,110,15,562,0,0,0,562
11/25/2015,BNA,TN,ASO,CE,Combined TRACON& Tower with Radar,352,94,40,2,488,0,2,23,0,25,352,96,63,2,513,0,0,0,513
11/26/2015,BNA,TN,ASO,CE,Combined TRACON& Tower with Radar,160,47,18,0,225,0,0,5,0,5,160,47,23,0,230,0,0,0,230
11/27/2015,BNA,TN,ASO,CE,Combined TRACON& Tower with Radar,258,56,32,1,347,0,0,17,0,17,258,56,49,1,364,0,0,0,364
11/28/2015,BNA,TN,ASO,CE,Combined TRACON& Tower with Radar,306,72,31,0,409,0,0,4,0,4,306,72,35,0,413,0,0,0,413
11/29/2015,BNA,TN,ASO,CE,Combined TRACON& Tower with Radar,329,127,104,0,560,0,0,0,0,0,329,127,104,0,560,0,0,0,560
11/30/2015,BNA,TN,ASO,CE,Combined TRACON& Tower with Radar,341,88,64,1,494,0,0,0,0,0,341,88,64,1,494,0,0,0,494
12/01/2015,BNA,TN,ASO,CE,Combined TRACON& Tower with Radar,338,81,97,0,516,0,0,0,0,0,338,81,97,0,516,0,0,0,516
12/02/2015,BNA,TN,ASO,CE,Combined TRACON& Tower with Radar,334,94,91,1,520,0,1,31,11,43,334,95,122,12,563,0,0,0,563
12/03/2015,BNA,TN,ASO,CE,Combined TRACON& Tower with Radar,342,101,91,2,536,0,1,50,28,79,342,102,141,30,615,0,0,0,615
12/04/2015,BNA,TN,ASO,CE,Combined TRACON& Tower with Radar,335,91,100,19,545,0,0,35,9,44,335,91,135,28,589,0,0,0,589
12/05/2015,BNA,TN,ASO,CE,Combined TRACON& Tower with Radar,230,46,56,5,337,0,0,34,0,34,230,46,90,5,371,0,0,0,371
12/06/2015,BNA,TN,ASO,CE,Combined TRACON& Tower with Radar,300,74,68,4,446,0,1,9,1,11,300,75,77,5,457,0,0,0,457
12/07/2015,BNA,TN,ASO,CE,Combined TRACON& Tower with Radar,324,86,81,3,494,0,0,32,0,32,324,86,113,3,526,0,0,0,526
12/08/2015,BNA,TN,ASO,CE,Combined TRACON& Tower with Radar,342,98,100,3,543,0,0,29,11,40,342,98,129,14,583,0,0,0,583
12/09/2015,BNA,TN,ASO,CE,Combined TRACON& Tower with Radar,350,92,113,4,559,0,0,21,10,31,350,92,134,14,590,0,0,0,590
12/10/2015,BNA,TN,ASO,CE,Combined TRACON& Tower with Radar,343,110,110,0,563,0,0,10,25,35,343,110,120,25,598,0,0,0,598
12/11/2015,BNA,TN,ASO,CE,Combined TRACON& Tower with Radar,329,94,80,5,508,0,0,18,15,33,329,94,98,20,541,0,0,0,541
12/12/2015,BNA,TN,ASO,CE,Combined TRACON& Tower with Radar,226,54,39,4,323,0,0,11,11,22,226,54,50,15,345,0,0,0,345
12/13/2015,BNA,TN,ASO,CE,Combined TRACON& Tower with Radar,301,75,60,3,439,0,0,2,10,12,301,75,62,13,451,0,0,0,451
12/14/2015,BNA,TN,ASO,CE,Combined TRACON& Tower with Radar,324,102,74,9,509,0,1,10,0,11,324,103,84,9,520,0,0,0,520
12/15/2015,BNA,TN,ASO,CE,Combined TRACON& Tower with Radar,337,95,82,11,525,0,1,37,21,59,337,96,119,32,584,0,0,0,584
12/16/2015,BNA,TN,ASO,CE,Combined TRACON& Tower with Radar,343,86,93,6,528,0,0,27,13,40,343,86,120,19,568,0,0,0,568
12/17/2015,BNA,TN,ASO,CE,Combined TRACON& Tower with Radar,329,92,113,11,545,0,0,37,12,49,329,92,150,23,594,0,0,0,594
12/18/2015,BNA,TN,ASO,CE,Combined TRACON& Tower with Radar,333,113,81,9,536,0,0,27,1,28,333,113,108,10,564,0,0,0,564
12/19/2015,BNA,TN,ASO,CE,Combined TRACON& Tower with Radar,259,66,52,1,378,0,0,38,1,39,259,66,90,2,417,0,0,0,417
12/20/2015,BNA,TN,ASO,CE,Combined TRACON& Tower with Radar,288,72,49,2,411,0,0,28,0,28,288,72,77,2,439,0,0,0,439
12/21/2015,BNA,TN,ASO,CE,Combined TRACON& Tower with Radar,311,85,50,0,446,0,0,3,0,3,311,85,53,0,449,0,0,0,449
12/22/2015,BNA,TN,ASO,CE,Combined TRACON& Tower with Radar,322,86,57,0,465,0,1,11,6,18,322,87,68,6,483,0,0,0,483
12/23/2015,BNA,TN,ASO,CE,Combined TRACON& Tower with Radar,304,74,18,0,396,0,0,0,0,0,304,74,18,0,396,0,0,0,396
12/24/2015,BNA,TN,ASO,CE,Combined TRACON& Tower with Radar,257,66,12,0,335,2,4,10,0,16,259,70,22,0,351,0,0,0,351
12/25/2015,BNA,TN,ASO,CE,Combined TRACON& Tower with Radar,216,38,4,0,258,0,0,0,0,0,216,38,4,0,258,0,0,0,258
12/26/2015,BNA,TN,ASO,CE,Combined TRACON& Tower with Radar,271,78,39,0,388,0,1,3,1,5,271,79,42,1,393,0,0,0,393
12/27/2015,BNA,TN,ASO,CE,Combined TRACON& Tower with Radar,289,76,47,0,412,0,1,3,0,4,289,77,50,0,416,0,0,0,416
12/28/2015,BNA,TN,ASO,CE,Combined TRACON& Tower with Radar,291,74,22,3,390,0,0,1,0,1,291,74,23,3,391,0,0,0,391
12/29/2015,BNA,TN,ASO,CE,Combined TRACON& Tower with Radar,299,70,55,3,427,0,1,14,2,17,299,71,69,5,444,0,0,0,444
12/30/2015,BNA,TN,ASO,CE,Combined TRACON& Tower with Radar,331,96,58,3,488,0,0,14,6,20,331,96,72,9,508,0,0,0,508
12/31/2015,BNA,TN,ASO,CE,Combined TRACON& Tower with Radar,233,67,44,0,344,0,0,12,0,12,233,67,56,0,356,0,0,0,356
01/01/2016,BNA,TN,ASO,CE,Combined TRACON& Tower with Radar,223,69,33,0,325,0,1,5,1,7,223,70,38,1,332,0,0,0,332
01/02/2016,BNA,TN,ASO,CE,Combined TRACON& Tower with Radar,279,65,45,0,389,0,0,30,0,30,279,65,75,0,419,0,0,0,419
01/03/2016,BNA,TN,ASO,CE,Combined TRACON& Tower with Radar,302,92,61,0,455,0,0,10,0,10,302,92,71,0,465,0,0,0,465
01/04/2016,BNA,TN,ASO,CE,Combined TRACON& Tower with Radar,308,88,41,2,439,0,2,22,0,24,308,90,63,2,463,0,0,0,463
01/05/2016,BNA,TN,ASO,CE,Combined TRACON& Tower with Radar,307,82,65,2,456,0,0,25,14,39,307,82,90,16,495,0,0,0,495
01/06/2016,BNA,TN,ASO,CE,Combined TRACON& Tower with Radar,303,97,56,4,460,0,0,32,9,41,303,97,88,13,501,0,0,0,501
01/07/2016,BNA,TN,ASO,CE,Combined TRACON& Tower with Radar,317,89,67,6,479,0,0,26,31,57,317,89,93,37,536,0,0,0,536
01/08/2016,BNA,TN,ASO,CE,Combined TRACON& Tower with Radar,305,99,71,11,486,0,0,8,7,15,305,99,79,18,501,0,0,0,501
01/09/2016,BNA,TN,ASO,CE,Combined TRACON& Tower with Radar,213,70,30,2,315,0,0,0,4,4,213,70,30,6,319,0,0,0,319
01/10/2016,BNA,TN,ASO,CE,Combined TRACON& Tower with Radar,252,77,26,6,361,0,0,1,8,9,252,77,27,14,370,0,0,0,370
01/11/2016,BNA,TN,ASO,CE,Combined TRACON& Tower with Radar,306,89,64,6,465,0,0,22,2,24,306,89,86,8,489,0,0,0,489
01/12/2016,BNA,TN,ASO,CE,Combined TRACON& Tower with Radar,320,85,73,5,483,0,1,21,21,43,320,86,94,26,526,0,0,0,526
01/13/2016,BNA,TN,ASO,CE,Combined TRACON& Tower with Radar,308,101,84,6,499,0,2,26,22,50,308,103,110,28,549,0,0,0,549
01/14/2016,BNA,TN,ASO,CE,Combined TRACON& Tower with Radar,318,98,81,5,502,0,0,29,21,50,318,98,110,26,552,0,0,0,552
01/15/2016,BNA,TN,ASO,CE,Combined TRACON& Tower with Radar,318,84,62,17,481,0,0,1,2,3,318,84,63,19,484,0,0,0,484
01/16/2016,BNA,TN,ASO,CE,Combined TRACON& Tower with Radar,212,59,25,8,304,0,0,4,1,5,212,59,29,9,309,0,0,0,309
01/17/2016,BNA,TN,ASO,CE,Combined TRACON& Tower with Radar,241,53,27,3,324,0,0,17,0,17,241,53,44,3,341,0,0,0,341
01/18/2016,BNA,TN,ASO,CE,Combined TRACON& Tower with Radar,311,87,59,5,462,0,0,28,1,29,311,87,87,6,491,0,0,0,491
01/19/2016,BNA,TN,ASO,CE,Combined TRACON& Tower with Radar,311,95,88,2,496,0,0,23,9,32,311,95,111,11,528,0,0,0,528
01/20/2016,BNA,TN,ASO,CE,Combined TRACON& Tower with Radar,268,73,55,0,396,0,0,0,0,0,268,73,55,0,396,0,0,0,396
01/21/2016,BNA,TN,ASO,CE,Combined TRACON& Tower with Radar,316,96,82,0,494,0,0,0,0,0,316,96,82,0,494,0,0,0,494
01/22/2016,BNA,TN,ASO,CE,Combined TRACON& Tower with Radar,123,38,20,0,181,0,0,0,0,0,123,38,20,0,181,0,0,0,181
01/23/2016,BNA,TN,ASO,CE,Combined TRACON& Tower with Radar,162,51,22,0,235,0,0,1,4,5,162,51,23,4,240,0,0,0,240
01/24/2016,BNA,TN,ASO,CE,Combined TRACON& Tower with Radar,220,64,48,0,332,0,0,4,0,4,220,64,52,0,336,0,0,0,336
01/25/2016,BNA,TN,ASO,CE,Combined TRACON& Tower with Radar,290,81,74,4,449,0,0,17,0,17,290,81,91,4,466,0,0,0,466
01/26/2016,BNA,TN,ASO,CE,Combined TRACON& Tower with Radar,312,84,88,1,485,0,0,4,9,13,312,84,92,10,498,0,0,0,498
01/27/2016,BNA,TN,ASO,CE,Combined TRACON& Tower with Radar,309,96,91,5,501,0,1,28,15,44,309,97,119,20,545,0,0,0,545
01/28/2016,BNA,TN,ASO,CE,Combined TRACON& Tower with Radar,331,117,111,1,560,0,0,37,40,77,331,117,148,41,637,0,0,0,637
01/29/2016,BNA,TN,ASO,CE,Combined TRACON& Tower with Radar,316,90,81,0,487,0,1,33,12,46,316,91,114,12,533,0,0,0,533
01/30/2016,BNA,TN,ASO,CE,Combined TRACON& Tower with Radar,213,81,35,5,334,0,0,35,0,35,213,81,70,5,369,0,0,0,369
01/31/2016,BNA,TN,ASO,CE,Combined TRACON& Tower with Radar,259,101,54,0,414,0,0,3,1,4,259,101,57,1,418,0,0,0,418
02/01/2016,BNA,TN,ASO,CE,Combined TRACON& Tower with Radar,312,97,71,3,483,0,0,6,0,6,312,97,77,3,489,0,0,0,489
02/02/2016,BNA,TN,ASO,CE,Combined TRACON& Tower with Radar,307,90,46,3,446,0,0,0,0,0,307,90,46,3,446,0,0,0,446
02/03/2016,BNA,TN,ASO,CE,Combined TRACON& Tower with Radar,317,91,80,6,494,0,0,19,14,33,317,91,99,20,527,0,0,0,527
02/04/2016,BNA,TN,ASO,CE,Combined TRACON& Tower with Radar,329,101,100,5,535,0,0,38,22,60,329,101,138,27,595,0,0,0,595
02/05/2016,BNA,TN,ASO,CE,Combined TRACON& Tower with Radar,301,79,76,9,465,0,0,32,9,41,301,79,108,18,506,0,0,0,506
02/06/2016,BNA,TN,ASO,CE,Combined TRACON& Tower with Radar,211,61,22,5,299,0,0,22,17,39,211,61,44,22,338,0,0,0,338
02/07/2016,BNA,TN,ASO,CE,Combined TRACON& Tower with Radar,226,77,35,3,341,0,0,16,12,28,226,77,51,15,369,0,0,0,369
02/08/2016,BNA,TN,ASO,CE,Combined TRACON& Tower with Radar,302,100,67,0,469,0,0,9,0,9,302,100,76,0,478,0,0,0,478
02/09/2016,BNA,TN,ASO,CE,Combined TRACON& Tower with Radar,314,101,47,0,462,0,0,0,0,0,314,101,47,0,462,0,0,0,462
02/10/2016,BNA,TN,ASO,CE,Combined TRACON& Tower with Radar,314,101,81,2,498,0,1,19,4,24,314,102,100,6,522,0,0,0,522
02/11/2016,BNA,TN,ASO,CE,Combined TRACON& Tower with Radar,321,115,87,8,531,0,0,20,14,34,321,115,107,22,565,0,0,0,565
02/12/2016,BNA,TN,ASO,CE,Combined TRACON& Tower with Radar,315,93,66,0,474,0,5,15,2,22,315,98,81,2,496,0,0,0,496
02/13/2016,BNA,TN,ASO,CE,Combined TRACON& Tower with Radar,216,62,40,1,319,0,0,25,2,27,216,62,65,3,346,0,0,0,346
02/14/2016,BNA,TN,ASO,CE,Combined TRACON& Tower with Radar,251,68,33,0,352,0,0,0,0,0,251,68,33,0,352,0,0,0,352
02/15/2016,BNA,TN,ASO,CE,Combined TRACON& Tower with Radar,286,71,80,0,437,0,0,0,0,0,286,71,80,0,437,0,0,0,437
02/16/2016,BNA,TN,ASO,CE,Combined TRACON& Tower with Radar,312,82,87,3,484,0,0,2,0,2,312,82,89,3,486,0,0,0,486
02/17/2016,BNA,TN,ASO,CE,Combined TRACON& Tower with Radar,315,105,98,5,523,0,0,3,1,4,315,105,101,6,527,0,0,0,527
02/18/2016,BNA,TN,ASO,CE,Combined TRACON& Tower with Radar,318,101,93,1,513,0,0,46,25,71,318,101,139,26,584,0,0,0,584
02/19/2016,BNA,TN,ASO,CE,Combined TRACON& Tower with Radar,309,85,85,11,490,0,1,9,9,19,309,86,94,20,509,0,0,0,509
02/20/2016,BNA,TN,ASO,CE,Combined TRACON& Tower with Radar,221,63,26,11,321,0,0,15,16,31,221,63,41,27,352,0,0,0,352
02/21/2016,BNA,TN,ASO,CE,Combined TRACON& Tower with Radar,270,68,79,9,426,0,0,1,1,2,270,68,80,10,428,0,0,0,428
02/22/2016,BNA,TN,ASO,CE,Combined TRACON& Tower with Radar,313,87,82,0,482,0,0,22,0,22,313,87,104,0,504,0,0,0,504
02/23/2016,BNA,TN,ASO,CE,Combined TRACON& Tower with Radar,320,88,133,2,543,0,0,5,0,5,320,88,138,2,548,0,0,0,548
02/24/2016,BNA,TN,ASO,CE,Combined TRACON& Tower with Radar,296,84,74,0,454,0,0,0,0,0,296,84,74,0,454,0,0,0,454
02/25/2016,BNA,TN,ASO,CE,Combined TRACON& Tower with Radar,319,100,91,1,511,0,0,9,19,28,319,100,100,20,539,0,0,0,539
02/26/2016,BNA,TN,ASO,CE,Combined TRACON& Tower with Radar,319,89,90,9,507,0,1,42,14,57,319,90,132,23,564,0,0,0,564
02/27/2016,BNA,TN,ASO,CE,Combined TRACON& Tower with Radar,218,75,37,5,335,0,1,35,3,39,218,76,72,8,374,0,0,0,374
02/28/2016,BNA,TN,ASO,CE,Combined TRACON& Tower with Radar,271,87,52,9,419,0,0,33,1,34,271,87,85,10,453,0,0,0,453
02/29/2016,BNA,TN,ASO,CE,Combined TRACON& Tower with Radar,315,94,76,0,485,0,3,29,1,33,315,97,105,1,518,0,0,0,518
03/01/2016,BNA,TN,ASO,CE,Combined TRACON& Tower with Radar,313,84,86,2,485,0,0,3,1,4,313,84,89,3,489,0,0,0,489
03/02/2016,BNA,TN,ASO,CE,Combined TRACON& Tower with Radar,326,87,79,2,494,0,0,45,15,60,326,87,124,17,554,0,0,0,554
03/03/2016,BNA,TN,ASO,CE,Combined TRACON& Tower with Radar,328,103,107,0,538,0,1,4,0,5,328,104,111,0,543,0,0,0,543
03/04/2016,BNA,TN,ASO,CE,Combined TRACON& Tower with Radar,330,93,87,2,512,0,0,7,3,10,330,93,94,5,522,0,0,0,522
03/05/2016,BNA,TN,ASO,CE,Combined TRACON& Tower with Radar,239,66,40,6,351,0,0,24,2,26,239,66,64,8,377,0,0,0,377
03/06/2016,BNA,TN,ASO,CE,Combined TRACON& Tower with Radar,276,79,78,1,434,0,0,11,1,12,276,79,89,2,446,0,0,0,446
03/07/2016,BNA,TN,ASO,CE,Combined TRACON& Tower with Radar,325,85,74,7,491,0,0,21,0,21,325,85,95,7,512,0,0,0,512
03/08/2016,BNA,TN,ASO,CE,Combined TRACON& Tower with Radar,327,91,78,4,500,0,0,38,14,52,327,91,116,18,552,0,0,0,552
03/09/2016,BNA,TN,ASO,CE,Combined TRACON& Tower with Radar,329,92,100,6,527,0,0,20,5,25,329,92,120,11,552,0,0,0,552
03/10/2016,BNA,TN,ASO,CE,Combined TRACON& Tower with Radar,341,89,119,1,550,0,0,8,2,10,341,89,127,3,560,0,0,0,560
03/11/2016,BNA,TN,ASO,CE,Combined TRACON& Tower with Radar,335,93,120,0,548,0,0,0,0,0,335,93,120,0,548,0,0,0,548
03/12/2016,BNA,TN,ASO,CE,Combined TRACON& Tower with Radar,280,64,32,0,376,0,0,3,1,4,280,64,35,1,380,0,0,0,380
03/13/2016,BNA,TN,ASO,CE,Combined TRACON& Tower with Radar,312,97,90,0,499,0,1,4,3,8,312,98,94,3,507,0,0,0,507
03/14/2016,BNA,TN,ASO,CE,Combined TRACON& Tower with Radar,330,86,97,4,517,0,2,23,4,29,330,88,120,8,546,0,0,0,546
03/15/2016,BNA,TN,ASO,CE,Combined TRACON& Tower with Radar,340,90,82,6,518,0,0,42,19,61,340,90,124,25,579,0,0,0,579
03/16/2016,BNA,TN,ASO,CE,Combined TRACON& Tower with Radar,343,91,96,7,537,0,0,39,7,46,343,91,135,14,583,0,0,0,583
03/17/2016,BNA,TN,ASO,CE,Combined TRACON& Tower with Radar,346,92,101,5,544,0,1,45,12,58,346,93,146,17,602,0,0,0,602
03/18/2016,BNA,TN,ASO,CE,Combined TRACON& Tower with Radar,332,100,86,15,533,0,1,37,13,51,332,101,123,28,584,0,0,0,584
03/19/2016,BNA,TN,ASO,CE,Combined TRACON& Tower with Radar,288,70,69,7,434,0,0,25,3,28,288,70,94,10,462,0,0,0,462
03/20/2016,BNA,TN,ASO,CE,Combined TRACON& Tower with Radar,313,76,60,8,457,0,1,5,6,12,313,77,65,14,469,0,0,0,469
03/21/2016,BNA,TN,ASO,CE,Combined TRACON& Tower with Radar,338,86,56,6,486,0,1,38,1,40,338,87,94,7,526,0,0,0,526
03/22/2016,BNA,TN,ASO,CE,Combined TRACON& Tower with Radar,345,87,96,0,528,0,0,18,13,31,345,87,114,13,559,0,0,0,559
03/23/2016,BNA,TN,ASO,CE,Combined TRACON& Tower with Radar,343,71,109,11,534,0,0,21,10,31,343,71,130,21,565,0,0,0,565
03/24/2016,BNA,TN,ASO,CE,Combined TRACON& Tower with Radar,374,94,80,9,557,0,0,2,5,7,374,94,82,14,564,0,0,0,564
03/25/2016,BNA,TN,ASO,CE,Combined TRACON& Tower with Radar,341,87,59,5,492,0,1,20,0,21,341,88,79,5,513,0,0,0,513
03/26/2016,BNA,TN,ASO,CE,Combined TRACON& Tower with Radar,283,64,37,1,385,0,2,27,0,29,283,66,64,1,414,0,0,0,414
03/27/2016,BNA,TN,ASO,CE,Combined TRACON& Tower with Radar,299,97,45,0,441,0,1,3,0,4,299,98,48,0,445,0,0,0,445
03/28/2016,BNA,TN,ASO,CE,Combined TRACON& Tower with Radar,334,98,69,0,501,0,1,33,0,34,334,99,102,0,535,0,0,0,535
03/29/2016,BNA,TN,ASO,CE,Combined TRACON& Tower with Radar,339,104,83,0,526,0,1,33,13,47,339,105,116,13,573,0,0,0,573
03/30/2016,BNA,TN,ASO,CE,Combined TRACON& Tower with Radar,335,95,80,1,511,0,1,28,10,39,335,96,108,11,550,0,0,0,550
03/31/2016,BNA,TN,ASO,CE,Combined TRACON& Tower with Radar,339,102,72,3,516,0,0,5,0,5,339,102,77,3,521,0,0,0,521
04/01/2016,BNA,TN,ASO,CE,Combined TRACON& Tower with Radar,329,94,100,5,528,0,0,30,12,42,329,94,130,17,570,0,0,0,570
04/02/2016,BNA,TN,ASO,CE,Combined TRACON& Tower with Radar,277,77,52,6,412,0,1,11,3,15,277,78,63,9,427,0,0,0,427
04/03/2016,BNA,TN,ASO,CE,Combined TRACON& Tower with Radar,312,97,56,3,468,0,0,14,1,15,312,97,70,4,483,0,0,0,483
04/04/2016,BNA,TN,ASO,CE,Combined TRACON& Tower with Radar,335,102,61,4,502,0,1,32,2,35,335,103,93,6,537,0,0,0,537
04/05/2016,BNA,TN,ASO,CE,Combined TRACON& Tower with Radar,332,124,98,5,559,0,0,48,0,48,332,124,146,5,607,0,0,0,607
04/06/2016,BNA,TN,ASO,CE,Combined TRACON& Tower with Radar,340,106,67,3,516,0,0,8,0,8,340,106,75,3,524,0,0,0,524
04/07/2016,BNA,TN,ASO,CE,Combined TRACON& Tower with Radar,341,112,94,0,547,0,1,23,1,25,341,113,117,1,572,0,0,0,572
04/08/2016,BNA,TN,ASO,CE,Combined TRACON& Tower with Radar,329,119,80,4,532,0,0,10,1,11,329,119,90,5,543,0,0,0,543
04/09/2016,BNA,TN,ASO,CE,Combined TRACON& Tower with Radar,279,74,42,11,406,0,0,19,2,21,279,74,61,13,427,0,0,0,427
04/10/2016,BNA,TN,ASO,CE,Combined TRACON& Tower with Radar,307,101,68,9,485,0,0,9,1,10,307,101,77,10,495,0,0,0,495
04/11/2016,BNA,TN,ASO,CE,Combined TRACON& Tower with Radar,331,112,85,0,528,0,2,5,1,8,331,114,90,1,536,0,0,0,536
04/12/2016,BNA,TN,ASO,CE,Combined TRACON& Tower with Radar,325,114,121,4,564,0,2,41,14,57,325,116,162,18,621,0,0,0,621
04/13/2016,BNA,TN,ASO,CE,Combined TRACON& Tower with Radar,334,105,113,2,554,0,3,45,9,57,334,108,158,11,611,0,0,0,611
04/14/2016,BNA,TN,ASO,CE,Combined TRACON& Tower with Radar,345,112,105,10,572,0,1,28,4,33,345,113,133,14,605,0,0,0,605
04/15/2016,BNA,TN,ASO,CE,Combined TRACON& Tower with Radar,336,110,87,7,540,0,0,49,6,55,336,110,136,13,595,0,0,0,595
04/16/2016,BNA,TN,ASO,CE,Combined TRACON& Tower with Radar,250,77,55,2,384,0,0,20,4,24,250,77,75,6,408,0,0,0,408
04/17/2016,BNA,TN,ASO,CE,Combined TRACON& Tower with Radar,293,103,65,8,469,0,2,12,1,15,293,105,77,9,484,0,0,0,484
04/18/2016,BNA,TN,ASO,CE,Combined TRACON& Tower with Radar,322,95,91,2,510,0,0,34,0,34,322,95,125,2,544,0,0,0,544
04/19/2016,BNA,TN,ASO,CE,Combined TRACON& Tower with Radar,331,117,70,4,522,0,0,31,17,48,331,117,101,21,570,0,0,0,570
04/20/2016,BNA,TN,ASO,CE,Combined TRACON& Tower with Radar,336,110,79,2,527,0,1,26,12,39,336,111,105,14,566,0,0,0,566
04/21/2016,BNA,TN,ASO,CE,Combined TRACON& Tower with Radar,341,122,86,3,552,0,0,7,9,16,341,122,93,12,568,0,0,0,568
04/22/2016,BNA,TN,ASO,CE,Combined TRACON& Tower with Radar,336,118,78,16,548,0,1,27,8,36,336,119,105,24,584,0,0,0,584
04/23/2016,BNA,TN,ASO,CE,Combined TRACON& Tower with Radar,247,71,37,6,361,0,0,28,12,40,247,71,65,18,401,0,0,0,401
04/24/2016,BNA,TN,ASO,CE,Combined TRACON& Tower with Radar,303,98,58,5,464,0,1,14,5,20,303,99,72,10,484,0,0,0,484
04/25/2016,BNA,TN,ASO,CE,Combined TRACON& Tower with Radar,323,110,77,5,515,0,0,28,13,41,323,110,105,18,556,0,0,0,556
04/26/2016,BNA,TN,ASO,CE,Combined TRACON& Tower with Radar,338,106,79,4,527,0,0,41,21,62,338,106,120,25,589,0,0,0,589
04/27/2016,BNA,TN,ASO,CE,Combined TRACON& Tower with Radar,336,120,62,2,520,0,1,25,8,34,336,121,87,10,554,0,0,0,554
04/28/2016,BNA,TN,ASO,CE,Combined TRACON& Tower with Radar,337,121,76,3,537,0,1,32,13,46,337,122,108,16,583,0,0,0,583
04/29/2016,BNA,TN,ASO,CE,Combined TRACON& Tower with Radar,329,131,96,8,564,0,2,42,3,47,329,133,138,11,611,0,0,0,611
04/30/2016,BNA,TN,ASO,CE,Combined TRACON& Tower with Radar,251,71,40,1,363,0,0,8,0,8,251,71,48,1,371,0,0,0,371
05/01/2016,BNA,TN,ASO,CE,Combined TRACON& Tower with Radar,297,103,55,6,461,0,0,15,2,17,297,103,70,8,478,0,0,0,478
05/02/2016,BNA,TN,ASO,CE,Combined TRACON& Tower with Radar,328,98,54,0,480,0,0,5,2,7,328,98,59,2,487,0,0,0,487
05/03/2016,BNA,TN,ASO,CE,Combined TRACON& Tower with Radar,331,103,93,2,529,0,0,22,11,33,331,103,115,13,562,0,0,0,562
05/04/2016,BNA,TN,ASO,CE,Combined TRACON& Tower with Radar,326,122,71,3,522,0,0,21,9,30,326,122,92,12,552,0,0,0,552
05/05/2016,BNA,TN,ASO,CE,Combined TRACON& Tower with Radar,345,133,115,5,598,0,0,24,19,43,345,133,139,24,641,0,0,0,641
05/06/2016,BNA,TN,ASO,CE,Combined TRACON& Tower with Radar,347,119,87,14,567,0,0,33,19,52,347,119,120,33,619,0,0,0,619
05/07/2016,BNA,TN,ASO,CE,Combined TRACON& Tower with Radar,270,70,38,5,383,0,0,23,2,25,270,70,61,7,408,0,0,0,408
05/08/2016,BNA,TN,ASO,CE,Combined TRACON& Tower with Radar,312,123,56,7,498,0,4,8,6,18,312,127,64,13,516,0,0,0,516
05/09/2016,BNA,TN,ASO,CE,Combined TRACON& Tower with Radar,346,106,89,2,543,0,0,23,8,31,346,106,112,10,574,0,0,0,574
05/10/2016,BNA,TN,ASO,CE,Combined TRACON& Tower with Radar,356,104,115,5,580,0,0,13,11,24,356,104,128,16,604,0,0,0,604
05/11/2016,BNA,TN,ASO,CE,Combined TRACON& Tower with Radar,355,111,109,8,583,0,0,21,5,26,355,111,130,13,609,0,0,0,609
05/12/2016,BNA,TN,ASO,CE,Combined TRACON& Tower with Radar,362,124,74,2,562,0,0,15,1,16,362,124,89,3,578,0,0,0,578
05/13/2016,BNA,TN,ASO,CE,Combined TRACON& Tower with Radar,355,116,87,14,572,0,2,30,13,45,355,118,117,27,617,0,0,0,617
05/14/2016,BNA,TN,ASO,CE,Combined TRACON& Tower with Radar,257,77,45,17,396,0,4,18,8,30,257,81,63,25,426,0,0,0,426
05/15/2016,BNA,TN,ASO,CE,Combined TRACON& Tower with Radar,314,109,40,10,473,0,2,23,8,33,314,111,63,18,506,0,0,0,506
05/16/2016,BNA,TN,ASO,CE,Combined TRACON& Tower with Radar,351,99,81,8,539,0,0,17,1,18,351,99,98,9,557,0,0,0,557
05/17/2016,BNA,TN,ASO,CE,Combined TRACON& Tower with Radar,354,106,103,2,565,0,0,3,8,11,354,106,106,10,576,0,0,0,576
05/18/2016,BNA,TN,ASO,CE,Combined TRACON& Tower with Radar,361,113,86,3,563,0,0,6,5,11,361,113,92,8,574,0,0,0,574
05/19/2016,BNA,TN,ASO,CE,Combined TRACON& Tower with Radar,357,127,88,5,577,0,1,41,14,56,357,128,129,19,633,0,0,0,633
05/20/2016,BNA,TN,ASO,CE,Combined TRACON& Tower with Radar,351,113,77,1,542,0,0,3,2,5,351,113,80,3,547,0,0,0,547
05/21/2016,BNA,TN,ASO,CE,Combined TRACON& Tower with Radar,265,71,20,14,370,0,1,18,5,24,265,72,38,19,394,0,0,0,394
05/22/2016,BNA,TN,ASO,CE,Combined TRACON& Tower with Radar,316,94,45,10,465,0,0,15,9,24,316,94,60,19,489,0,0,0,489
05/23/2016,BNA,TN,ASO,CE,Combined TRACON& Tower with Radar,360,110,88,3,561,0,0,28,11,39,360,110,116,14,600,0,0,0,600
05/24/2016,BNA,TN,ASO,CE,Combined TRACON& Tower with Radar,359,121,75,3,558,0,1,40,15,56,359,122,115,18,614,0,0,0,614
05/25/2016,BNA,TN,ASO,CE,Combined TRACON& Tower with Radar,350,113,81,6,550,0,1,20,9,30,350,114,101,15,580,0,0,0,580
05/26/2016,BNA,TN,ASO,CE,Combined TRACON& Tower with Radar,351,107,99,4,561,0,0,27,15,42,351,107,126,19,603,0,0,0,603
05/27/2016,BNA,TN,ASO,CE,Combined TRACON& Tower with Radar,343,98,57,2,500,0,0,27,2,29,343,98,84,4,529,0,0,0,529
05/28/2016,BNA,TN,ASO,CE,Combined TRACON& Tower with Radar,259,68,28,0,355,0,1,30,0,31,259,69,58,0,386,0,0,0,386
05/29/2016,BNA,TN,ASO,CE,Combined TRACON& Tower with Radar,253,83,19,0,355,0,1,11,1,13,253,84,30,1,368,0,0,0,368
05/30/2016,BNA,TN,ASO,CE,Combined TRACON& Tower with Radar,306,115,48,0,469,0,3,28,2,33,306,118,76,2,502,0,0,0,502
05/31/2016,BNA,TN,ASO,CE,Combined TRACON& Tower with Radar,338,96,76,4,514,0,0,36,1,37,338,96,112,5,551,0,0,0,551
06/01/2016,BNA,TN,ASO,CE,Combined TRACON& Tower with Radar,363,98,76,0,537,0,3,20,5,28,363,101,96,5,565,0,0,0,565
06/02/2016,BNA,TN,ASO,CE,Combined TRACON& Tower with Radar,344,120,84,2,550,0,0,27,8,35,344,120,111,10,585,0,0,0,585
06/03/2016,BNA,TN,ASO,CE,Combined TRACON& Tower with Radar,350,117,98,14,579,0,0,22,13,35,350,117,120,27,614,0,0,0,614
06/04/2016,BNA,TN,ASO,CE,Combined TRACON& Tower with Radar,262,70,39,3,374,0,0,3,2,5,262,70,42,5,379,0,0,0,379
06/05/2016,BNA,TN,ASO,CE,Combined TRACON& Tower with Radar,340,92,79,3,514,0,0,8,4,12,340,92,87,7,526,0,0,0,526
06/06/2016,BNA,TN,ASO,CE,Combined TRACON& Tower with Radar,365,101,77,1,544,0,5,33,8,46,365,106,110,9,590,0,0,0,590
06/07/2016,BNA,TN,ASO,CE,Combined TRACON& Tower with Radar,366,113,89,5,573,0,3,31,10,44,366,116,120,15,617,0,0,0,617
06/08/2016,BNA,TN,ASO,CE,Combined TRACON& Tower with Radar,364,126,113,1,604,0,1,30,21,52,364,127,143,22,656,0,0,0,656
06/09/2016,BNA,TN,ASO,CE,Combined TRACON& Tower with Radar,374,111,107,5,597,0,3,41,26,70,374,114,148,31,667,0,0,0,667
06/10/2016,BNA,TN,ASO,CE,Combined TRACON& Tower with Radar,375,114,73,15,577,0,0,31,4,35,375,114,104,19,612,0,0,0,612
06/11/2016,BNA,TN,ASO,CE,Combined TRACON& Tower with Radar,314,72,35,6,427,0,3,16,10,29,314,75,51,16,456,0,0,0,456
06/12/2016,BNA,TN,ASO,CE,Combined TRACON& Tower with Radar,343,120,48,5,516,0,1,13,2,16,343,121,61,7,532,0,0,0,532
06/13/2016,BNA,TN,ASO,CE,Combined TRACON& Tower with Radar,378,115,64,9,566,0,0,33,10,43,378,115,97,19,609,0,0,0,609
06/14/2016,BNA,TN,ASO,CE,Combined TRACON& Tower with Radar,392,96,65,8,561,0,1,29,9,39,392,97,94,17,600,0,0,0,600
06/15/2016,BNA,TN,ASO,CE,Combined TRACON& Tower with Radar,382,112,80,6,580,0,0,9,9,18,382,112,89,15,598,0,0,0,598
06/16/2016,BNA,TN,ASO,CE,Combined TRACON& Tower with Radar,368,102,71,2,543,0,0,35,33,68,368,102,106,35,611,0,0,0,611
06/17/2016,BNA,TN,ASO,CE,Combined TRACON& Tower with Radar,406,115,79,14,614,0,2,39,6,47,406,117,118,20,661,0,0,0,661
06/18/2016,BNA,TN,ASO,CE,Combined TRACON& Tower with Radar,304,63,29,6,402,0,1,23,0,24,304,64,52,6,426,0,0,0,426
06/19/2016,BNA,TN,ASO,CE,Combined TRACON& Tower with Radar,352,91,42,3,488,0,1,12,3,16,352,92,54,6,504,0,0,0,504
06/20/2016,BNA,TN,ASO,CE,Combined TRACON& Tower with Radar,368,95,71,1,535,0,1,32,11,44,368,96,103,12,579,0,0,0,579
06/21/2016,BNA,TN,ASO,CE,Combined TRACON& Tower with Radar,362,101,67,4,534,0,1,20,9,30,362,102,87,13,564,0,0,0,564
06/22/2016,BNA,TN,ASO,CE,Combined TRACON& Tower with Radar,364,104,68,2,538,0,1,18,7,26,364,105,86,9,564,0,0,0,564
06/23/2016,BNA,TN,ASO,CE,Combined TRACON& Tower with Radar,378,121,98,2,599,0,0,30,21,51,378,121,128,23,650,0,0,0,650
06/24/2016,BNA,TN,ASO,CE,Combined TRACON& Tower with Radar,383,106,69,5,563,0,1,31,15,47,383,107,100,20,610,0,0,0,610
06/25/2016,BNA,TN,ASO,CE,Combined TRACON& Tower with Radar,308,66,31,0,405,0,0,17,0,17,308,66,48,0,422,0,0,0,422
06/26/2016,BNA,TN,ASO,CE,Combined TRACON& Tower with Radar,362,101,54,2,519,0,0,5,2,7,362,101,59,4,526,0,0,0,526
06/27/2016,BNA,TN,ASO,CE,Combined TRACON& Tower with Radar,383,100,60,3,546,0,0,7,1,8,383,100,67,4,554,0,0,0,554
06/28/2016,BNA,TN,ASO,CE,Combined TRACON& Tower with Radar,364,92,74,3,533,0,1,31,5,37,364,93,105,8,570,0,0,0,570
06/29/2016,BNA,TN,ASO,CE,Combined TRACON& Tower with Radar,373,120,99,11,603,0,0,30,8,38,373,120,129,19,641,0,0,0,641
06/30/2016,BNA,TN,ASO,CE,Combined TRACON& Tower with Radar,380,115,106,5,606,0,0,50,16,66,380,115,156,21,672,0,0,0,672
07/01/2016,BNA,TN,ASO,CE,Combined TRACON& Tower with Radar,366,107,69,3,545,0,1,28,2,31,366,108,97,5,576,0,0,0,576
07/02/2016,BNA,TN,ASO,CE,Combined TRACON& Tower with Radar,306,68,36,2,412,0,0,33,0,33,306,68,69,2,445,0,0,0,445
07/03/2016,BNA,TN,ASO,CE,Combined TRACON& Tower with Radar,273,69,29,2,373,0,1,10,0,11,273,70,39,2,384,0,0,0,384
07/04/2016,BNA,TN,ASO,CE,Combined TRACON& Tower with Radar,299,80,23,0,402,0,2,11,1,14,299,82,34,1,416,0,0,0,416
07/05/2016,BNA,TN,ASO,CE,Combined TRACON& Tower with Radar,372,96,63,3,534,0,0,3,2,5,372,96,66,5,539,0,0,0,539
07/06/2016,BNA,TN,ASO,CE,Combined TRACON& Tower with Radar,378,95,53,2,528,0,0,15,7,22,378,95,68,9,550,0,0,0,550
07/07/2016,BNA,TN,ASO,CE,Combined TRACON& Tower with Radar,380,101,74,3,558,0,0,20,19,39,380,101,94,22,597,0,0,0,597
07/08/2016,BNA,TN,ASO,CE,Combined TRACON& Tower with Radar,363,96,62,2,523,0,0,38,6,44,363,96,100,8,567,0,0,0,567
07/09/2016,BNA,TN,ASO,CE,Combined TRACON& Tower with Radar,305,86,43,2,436,0,0,36,21,57,305,86,79,23,493,0,0,0,493
07/10/2016,BNA,TN,ASO,CE,Combined TRACON& Tower with Radar,344,106,81,7,538,0,0,8,8,16,344,106,89,15,554,0,0,0,554
07/11/2016,BNA,TN,ASO,CE,Combined TRACON& Tower with Radar,378,102,54,7,541,0,2,12,5,19,378,104,66,12,560,0,0,0,560
07/12/2016,BNA,TN,ASO,CE,Combined TRACON& Tower with Radar,372,102,78,4,556,0,2,22,8,32,372,104,100,12,588,0,0,0,588
07/13/2016,BNA,TN,ASO,CE,Combined TRACON& Tower with Radar,363,103,84,9,559,0,0,36,4,40,363,103,120,13,599,0,0,0,599
07/14/2016,BNA,TN,ASO,CE,Combined TRACON& Tower with Radar,384,102,87,3,576,0,1,9,7,17,384,103,96,10,593,0,0,0,593
07/15/2016,BNA,TN,ASO,CE,Combined TRACON& Tower with Radar,373,110,86,14,583,0,0,18,4,22,373,110,104,18,605,0,0,0,605
07/16/2016,BNA,TN,ASO,CE,Combined TRACON& Tower with Radar,313,70,36,2,421,0,0,21,1,22,313,70,57,3,443,0,0,0,443
07/17/2016,BNA,TN,ASO,CE,Combined TRACON& Tower with Radar,347,86,55,7,495,0,1,5,2,8,347,87,60,9,503,0,0,0,503
07/18/2016,BNA,TN,ASO,CE,Combined TRACON& Tower with Radar,362,105,37,4,508,0,4,23,10,37,362,109,60,14,545,0,0,0,545
07/19/2016,BNA,TN,ASO,CE,Combined TRACON& Tower with Radar,374,97,69,0,540,0,0,18,11,29,374,97,87,11,569,0,0,0,569
07/20/2016,BNA,TN,ASO,CE,Combined TRACON& Tower with Radar,345,109,64,6,524,0,1,23,7,31,345,110,87,13,555,0,0,0,555
07/21/2016,BNA,TN,ASO,CE,Combined TRACON& Tower with Radar,317,119,88,9,533,0,0,35,11,46,317,119,123,20,579,0,0,0,579
07/22/2016,BNA,TN,ASO,CE,Combined TRACON& Tower with Radar,340,110,80,16,546,0,1,32,2,35,340,111,112,18,581,0,0,0,581
07/23/2016,BNA,TN,ASO,CE,Combined TRACON& Tower with Radar,296,71,38,0,405,0,0,23,0,23,296,71,61,0,428,0,0,0,428
07/24/2016,BNA,TN,ASO,CE,Combined TRACON& Tower with Radar,343,85,45,3,476,0,0,10,0,10,343,85,55,3,486,0,0,0,486
07/25/2016,BNA,TN,ASO,CE,Combined TRACON& Tower with Radar,357,90,77,5,529,0,1,14,3,18,357,91,91,8,547,0,0,0,547
07/26/2016,BNA,TN,ASO,CE,Combined TRACON& Tower with Radar,375,104,62,1,542,0,0,20,8,28,375,104,82,9,570,0,0,0,570
07/27/2016,BNA,TN,ASO,CE,Combined TRACON& Tower with Radar,375,105,76,2,558,0,1,18,4,23,375,106,94,6,581,0,0,0,581
07/28/2016,BNA,TN,ASO,CE,Combined TRACON& Tower with Radar,358,113,71,3,545,0,1,5,8,14,358,114,76,11,559,0,0,0,559
07/29/2016,BNA,TN,ASO,CE,Combined TRACON& Tower with Radar,372,119,64,10,565,0,4,13,14,31,372,123,77,24,596,0,0,0,596
07/30/2016,BNA,TN,ASO,CE,Combined TRACON& Tower with Radar,296,75,40,2,413,0,0,10,19,29,296,75,50,21,442,0,0,0,442
07/31/2016,BNA,TN,ASO,CE,Combined TRACON& Tower with Radar,358,94,44,10,506,0,2,18,11,31,358,96,62,21,537,0,0,0,537
08/01/2016,BNA,TN,ASO,CE,Combined TRACON& Tower with Radar,378,97,77,4,556,0,0,24,9,33,378,97,101,13,589,0,0,0,589
08/02/2016,BNA,TN,ASO,CE,Combined TRACON& Tower with Radar,369,113,62,3,547,0,0,19,17,36,369,113,81,20,583,0,0,0,583
08/03/2016,BNA,TN,ASO,CE,Combined TRACON& Tower with Radar,389,112,82,5,588,0,1,17,9,27,389,113,99,14,615,0,0,0,615
08/04/2016,BNA,TN,ASO,CE,Combined TRACON& Tower with Radar,370,118,67,9,564,0,0,26,14,40,370,118,93,23,604,0,0,0,604
08/05/2016,BNA,TN,ASO,CE,Combined TRACON& Tower with Radar,368,116,49,16,549,0,0,33,5,38,368,116,82,21,587,0,0,0,587
08/06/2016,BNA,TN,ASO,CE,Combined TRACON& Tower with Radar,308,71,30,16,425,0,2,25,1,28,308,73,55,17,453,0,0,0,453
08/07/2016,BNA,TN,ASO,CE,Combined TRACON& Tower with Radar,336,102,50,2,490,0,3,16,2,21,336,105,66,4,511,0,0,0,511
08/08/2016,BNA,TN,ASO,CE,Combined TRACON& Tower with Radar,337,116,92,1,546,0,2,29,3,34,337,118,121,4,580,0,0,0,580
08/09/2016,BNA,TN,ASO,CE,Combined TRACON& Tower with Radar,344,118,86,6,554,0,1,18,14,33,344,119,104,20,587,0,0,0,587
08/10/2016,BNA,TN,ASO,CE,Combined TRACON& Tower with Radar,354,113,83,14,564,0,0,28,6,34,354,113,111,20,598,0,0,0,598
08/11/2016,BNA,TN,ASO,CE,Combined TRACON& Tower with Radar,358,117,88,4,567,0,1,36,16,53,358,118,124,20,620,0,0,0,620
08/12/2016,BNA,TN,ASO,CE,Combined TRACON& Tower with Radar,348,108,65,8,529,0,0,33,17,50,348,108,98,25,579,0,0,0,579
08/13/2016,BNA,TN,ASO,CE,Combined TRACON& Tower with Radar,264,72,37,2,375,0,0,9,0,9,264,72,46,2,384,0,0,0,384
08/14/2016,BNA,TN,ASO,CE,Combined TRACON& Tower with Radar,328,93,44,3,468,0,0,18,5,23,328,93,62,8,491,0,0,0,491
08/15/2016,BNA,TN,ASO,CE,Combined TRACON& Tower with Radar,356,100,82,3,541,0,1,28,12,41,356,101,110,15,582,0,0,0,582
08/16/2016,BNA,TN,ASO,CE,Combined TRACON& Tower with Radar,346,107,96,5,554,0,0,16,8,24,346,107,112,13,578,0,0,0,578
08/17/2016,BNA,TN,ASO,CE,Combined TRACON& Tower with Radar,359,120,83,5,567,0,0,30,3,33,359,120,113,8,600,0,0,0,600
08/18/2016,BNA,TN,ASO,CE,Combined TRACON& Tower with Radar,340,129,91,4,564,0,0,9,10,19,340,129,100,14,583,0,0,0,583
08/19/2016,BNA,TN,ASO,CE,Combined TRACON& Tower with Radar,343,123,81,8,555,0,0,4,7,11,343,123,85,15,566,0,0,0,566
08/20/2016,BNA,TN,ASO,CE,Combined TRACON& Tower with Radar,241,86,42,0,369,0,0,0,0,0,241,86,42,0,369,0,0,0,369
08/21/2016,BNA,TN,ASO,CE,Combined TRACON& Tower with Radar,308,122,40,10,480,0,0,2,1,3,308,122,42,11,483,0,0,0,483
08/22/2016,BNA,TN,ASO,CE,Combined TRACON& Tower with Radar,346,120,62,3,531,0,0,41,1,42,346,120,103,4,573,0,0,0,573
08/23/2016,BNA,TN,ASO,CE,Combined TRACON& Tower with Radar,351,103,84,7,545,0,0,41,7,48,351,103,125,14,593,0,0,0,593
08/24/2016,BNA,TN,ASO,CE,Combined TRACON& Tower with Radar,347,118,74,3,542,0,0,41,9,50,347,118,115,12,592,0,0,0,592
08/25/2016,BNA,TN,ASO,CE,Combined TRACON& Tower with Radar,347,131,77,7,562,0,0,37,18,55,347,131,114,25,617,0,0,0,617
08/26/2016,BNA,TN,ASO,CE,Combined TRACON& Tower with Radar,356,102,80,9,547,0,2,40,6,48,356,104,120,15,595,0,0,0,595
08/27/2016,BNA,TN,ASO,CE,Combined TRACON& Tower with Radar,255,60,44,3,362,0,0,19,3,22,255,60,63,6,384,0,0,0,384
08/28/2016,BNA,TN,ASO,CE,Combined TRACON& Tower with Radar,322,89,40,6,457,1,1,20,4,26,323,90,60,10,483,0,0,0,483
08/29/2016,BNA,TN,ASO,CE,Combined TRACON& Tower with Radar,358,95,56,0,509,0,1,48,5,54,358,96,104,5,563,0,0,0,563
08/30/2016,BNA,TN,ASO,CE,Combined TRACON& Tower with Radar,358,103,63,2,526,0,0,30,12,42,358,103,93,14,568,0,0,0,568
08/31/2016,BNA,TN,ASO,CE,Combined TRACON& Tower with Radar,364,104,64,9,541,0,0,22,4,26,364,104,86,13,567,0,0,0,567
09/01/2016,BNA,TN,ASO,CE,Combined TRACON& Tower with Radar,365,109,92,6,572,0,0,37,19,56,365,109,129,25,628,0,0,0,628
09/02/2016,BNA,TN,ASO,CE,Combined TRACON& Tower with Radar,365,113,86,4,568,0,1,35,2,38,365,114,121,6,606,0,0,0,606
09/03/2016,BNA,TN,ASO,CE,Combined TRACON& Tower with Radar,222,64,34,3,323,0,1,40,0,41,222,65,74,3,364,0,0,0,364
09/04/2016,BNA,TN,ASO,CE,Combined TRACON& Tower with Radar,242,62,28,2,334,0,0,16,0,16,242,62,44,2,350,0,0,0,350
09/05/2016,BNA,TN,ASO,CE,Combined TRACON& Tower with Radar,313,93,49,2,457,0,4,24,2,30,313,97,73,4,487,0,0,0,487
09/06/2016,BNA,TN,ASO,CE,Combined TRACON& Tower with Radar,352,110,77,5,544,0,8,18,5,31,352,118,95,10,575,0,0,0,575
09/07/2016,BNA,TN,ASO,CE,Combined TRACON& Tower with Radar,357,92,71,18,538,0,4,37,16,57,357,96,108,34,595,0,0,0,595
09/08/2016,BNA,TN,ASO,CE,Combined TRACON& Tower with Radar,350,106,91,10,557,0,3,40,24,67,350,109,131,34,624,0,0,0,624
09/09/2016,BNA,TN,ASO,CE,Combined TRACON& Tower with Radar,350,106,82,9,547,0,0,41,36,77,350,106,123,45,624,0,0,0,624
09/10/2016,BNA,TN,ASO,CE,Combined TRACON& Tower with Radar,254,71,48,6,379,0,3,14,18,35,254,74,62,24,414,0,0,0,414
09/11/2016,BNA,TN,ASO,CE,Combined TRACON& Tower with Radar,322,113,98,7,540,0,0,14,13,27,322,113,112,20,567,0,0,0,567
09/12/2016,BNA,TN,ASO,CE,Combined TRACON& Tower with Radar,375,109,94,8,586,0,2,32,12,46,375,111,126,20,632,0,0,0,632
09/13/2016,BNA,TN,ASO,CE,Combined TRACON& Tower with Radar,369,92,78,12,551,0,0,32,16,48,369,92,110,28,599,0,0,0,599
09/14/2016,BNA,TN,ASO,CE,Combined TRACON& Tower with Radar,380,101,109,6,596,0,0,53,3,56,380,101,162,9,652,0,0,0,652
09/15/2016,BNA,TN,ASO,CE,Combined TRACON& Tower with Radar,370,103,78,4,555,0,3,39,7,49,370,106,117,11,604,0,0,0,604
09/16/2016,BNA,TN,ASO,CE,Combined TRACON& Tower with Radar,376,99,74,9,558,0,3,37,4,44,376,102,111,13,602,0,0,0,602
09/17/2016,BNA,TN,ASO,CE,Combined TRACON& Tower with Radar,266,71,36,4,377,0,0,1,1,2,266,71,37,5,379,0,0,0,379
09/18/2016,BNA,TN,ASO,CE,Combined TRACON& Tower with Radar,326,102,62,0,490,0,0,13,1,14,326,102,75,1,504,0,0,0,504
09/19/2016,BNA,TN,ASO,CE,Combined TRACON& Tower with Radar,375,80,89,0,544,0,2,28,4,34,375,82,117,4,578,0,0,0,578
09/20/2016,BNA,TN,ASO,CE,Combined TRACON& Tower with Radar,371,91,106,9,577,0,0,33,3,36,371,91,139,12,613,0,0,0,613
09/21/2016,BNA,TN,ASO,CE,Combined TRACON& Tower with Radar,375,93,90,7,565,0,1,33,12,46,375,94,123,19,611,0,0,0,611
09/22/2016,BNA,TN,ASO,CE,Combined TRACON& Tower with Radar,368,110,89,7,574,0,0,49,7,56,368,110,138,14,630,0,0,0,630
09/23/2016,BNA,TN,ASO,CE,Combined TRACON& Tower with Radar,382,112,128,9,631,0,0,52,4,56,382,112,180,13,687,0,0,0,687
09/24/2016,BNA,TN,ASO,CE,Combined TRACON& Tower with Radar,266,70,38,1,375,0,0,28,2,30,266,70,66,3,405,0,0,0,405
09/25/2016,BNA,TN,ASO,CE,Combined TRACON& Tower with Radar,323,113,82,8,526,0,2,19,2,23,323,115,101,10,549,0,0,0,549
09/26/2016,BNA,TN,ASO,CE,Combined TRACON& Tower with Radar,369,94,49,2,514,0,0,5,1,6,369,94,54,3,520,0,0,0,520
09/27/2016,BNA,TN,ASO,CE,Combined TRACON& Tower with Radar,371,98,84,4,557,0,2,40,3,45,371,100,124,7,602,0,0,0,602
09/28/2016,BNA,TN,ASO,CE,Combined TRACON& Tower with Radar,378,94,84,4,560,0,2,17,4,23,378,96,101,8,583,0,0,0,583
09/29/2016,BNA,TN,ASO,CE,Combined TRACON& Tower with Radar,370,109,89,3,571,0,0,26,14,40,370,109,115,17,611,0,0,0,611
09/30/2016,BNA,TN,ASO,CE,Combined TRACON& Tower with Radar,371,112,122,1,606,0,1,5,0,6,371,113,127,1,612,0,0,0,612
10/01/2016,BNA,TN,ASO,CE,Combined TRACON& Tower with Radar,266,72,64,8,410,0,1,22,7,30,266,73,86,15,440,0,0,0,440
10/02/2016,BNA,TN,ASO,CE,Combined TRACON& Tower with Radar,327,99,66,1,493,0,0,12,0,12,327,99,78,1,505,0,0,0,505
10/03/2016,BNA,TN,ASO,CE,Combined TRACON& Tower with Radar,375,96,98,14,583,0,0,44,1,45,375,96,142,15,628,0,0,0,628
10/04/2016,BNA,TN,ASO,CE,Combined TRACON& Tower with Radar,370,108,97,6,581,0,2,55,3,60,370,110,152,9,641,0,0,0,641
10/05/2016,BNA,TN,ASO,CE,Combined TRACON& Tower with Radar,378,116,117,2,613,0,3,46,5,54,378,119,163,7,667,0,0,0,667
10/06/2016,BNA,TN,ASO,CE,Combined TRACON& Tower with Radar,365,121,103,9,598,0,3,39,10,52,365,124,142,19,650,0,0,0,650
10/07/2016,BNA,TN,ASO,CE,Combined TRACON& Tower with Radar,365,101,102,13,581,0,3,48,3,54,365,104,150,16,635,0,0,0,635
10/08/2016,BNA,TN,ASO,CE,Combined TRACON& Tower with Radar,306,89,64,5,464,0,2,53,3,58,306,91,117,8,522,0,0,0,522
10/09/2016,BNA,TN,ASO,CE,Combined TRACON& Tower with Radar,338,88,73,4,503,0,5,10,1,16,338,93,83,5,519,0,0,0,519
10/10/2016,BNA,TN,ASO,CE,Combined TRACON& Tower with Radar,382,87,84,2,555,0,8,40,0,48,382,95,124,2,603,0,0,0,603
10/11/2016,BNA,TN,ASO,CE,Combined TRACON& Tower with Radar,380,91,85,11,567,0,4,22,7,33,380,95,107,18,600,0,0,0,600
10/12/2016,BNA,TN,ASO,CE,Combined TRACON& Tower with Radar,379,105,100,10,594,0,5,36,7,48,379,110,136,17,642,0,0,0,642
10/13/2016,BNA,TN,ASO,CE,Combined TRACON& Tower with Radar,379,111,96,7,593,0,2,18,3,23,379,113,114,10,616,0,0,0,616
10/14/2016,BNA,TN,ASO,CE,Combined TRACON& Tower with Radar,382,102,70,9,563,0,0,7,2,9,382,102,77,11,572,0,0,0,572
10/15/2016,BNA,TN,ASO,CE,Combined TRACON& Tower with Radar,278,88,45,3,414,0,0,33,0,33,278,88,78,3,447,0,0,0,447
10/16/2016,BNA,TN,ASO,CE,Combined TRACON& Tower with Radar,337,114,105,6,562,0,0,24,1,25,337,114,129,7,587,0,0,0,587
10/17/2016,BNA,TN,ASO,CE,Combined TRACON& Tower with Radar,381,95,53,8,537,0,3,41,2,46,381,98,94,10,583,0,0,0,583
10/18/2016,BNA,TN,ASO,CE,Combined TRACON& Tower with Radar,386,83,78,5,552,0,2,25,10,37,386,85,103,15,589,0,0,0,589
10/19/2016,BNA,TN,ASO,CE,Combined TRACON& Tower with Radar,391,130,123,5,649,0,3,46,3,52,391,133,169,8,701,0,0,0,701
10/20/2016,BNA,TN,ASO,CE,Combined TRACON& Tower with Radar,381,112,104,1,598,0,1,9,2,12,381,113,113,3,610,0,0,0,610
10/21/2016,BNA,TN,ASO,CE,Combined TRACON& Tower with Radar,374,110,97,13,594,0,1,17,13,31,374,111,114,26,625,0,0,0,625
10/22/2016,BNA,TN,ASO,CE,Combined TRACON& Tower with Radar,279,75,48,11,413,0,3,42,5,50,279,78,90,16,463,0,0,0,463
10/23/2016,BNA,TN,ASO,CE,Combined TRACON& Tower with Radar,335,95,88,9,527,0,1,15,14,30,335,96,103,23,557,0,0,0,557
10/24/2016,BNA,TN,ASO,CE,Combined TRACON& Tower with Radar,378,85,63,3,529,0,1,32,2,35,378,86,95,5,564,0,0,0,564
10/25/2016,BNA,TN,ASO,CE,Combined TRACON& Tower with Radar,377,97,78,4,556,0,4,29,11,44,377,101,107,15,600,0,0,0,600
10/26/2016,BNA,TN,ASO,CE,Combined TRACON& Tower with Radar,381,110,96,10,597,0,5,49,11,65,381,115,145,21,662,0,0,0,662
10/27/2016,BNA,TN,ASO,CE,Combined TRACON& Tower with Radar,376,112,119,19,626,0,2,31,3,36,376,114,150,22,662,0,0,0,662
10/28/2016,BNA,TN,ASO,CE,Combined TRACON& Tower with Radar,374,110,81,19,584,0,1,42,6,49,374,111,123,25,633,0,0,0,633
10/29/2016,BNA,TN,ASO,CE,Combined TRACON& Tower with Radar,270,74,44,1,389,0,1,29,4,34,270,75,73,5,423,0,0,0,423
10/30/2016,BNA,TN,ASO,CE,Combined TRACON& Tower with Radar,319,106,58,21,504,0,0,18,2,20,319,106,76,23,524,0,0,0,524
10/31/2016,BNA,TN,ASO,CE,Combined TRACON& Tower with Radar,328,85,42,3,458,0,1,30,1,32,328,86,72,4,490,0,0,0,490
11/01/2016,BNA,TN,ASO,CE,Combined TRACON& Tower with Radar,366,119,99,9,593,0,0,39,10,49,366,119,138,19,642,0,0,0,642
11/02/2016,BNA,TN,ASO,CE,Combined TRACON& Tower with Radar,369,113,144,0,626,0,1,32,5,38,369,114,176,5,664,0,0,0,664
11/03/2016,BNA,TN,ASO,CE,Combined TRACON& Tower with Radar,371,148,149,2,670,0,0,30,19,49,371,148,179,21,719,0,0,0,719
11/04/2016,BNA,TN,ASO,CE,Combined TRACON& Tower with Radar,381,108,70,11,570,0,2,24,20,46,381,110,94,31,616,0,0,0,616
11/05/2016,BNA,TN,ASO,CE,Combined TRACON& Tower with Radar,266,72,43,3,384,0,0,35,28,63,266,72,78,31,447,0,0,0,447
11/06/2016,BNA,TN,ASO,CE,Combined TRACON& Tower with Radar,329,93,56,8,486,0,3,22,15,40,329,96,78,23,526,0,0,0,526
11/07/2016,BNA,TN,ASO,CE,Combined TRACON& Tower with Radar,362,89,61,9,521,0,7,53,10,70,362,96,114,19,591,0,0,0,591
11/08/2016,BNA,TN,ASO,CE,Combined TRACON& Tower with Radar,323,88,97,8,516,0,3,47,5,55,323,91,144,13,571,0,0,0,571
11/09/2016,BNA,TN,ASO,CE,Combined TRACON& Tower with Radar,384,93,93,3,573,0,4,27,9,40,384,97,120,12,613,0,0,0,613
11/10/2016,BNA,TN,ASO,CE,Combined TRACON& Tower with Radar,394,103,88,2,587,0,9,57,16,82,394,112,145,18,669,0,0,0,669
11/11/2016,BNA,TN,ASO,CE,Combined TRACON& Tower with Radar,381,88,104,6,579,0,3,33,7,43,381,91,137,13,622,0,0,0,622
11/12/2016,BNA,TN,ASO,CE,Combined TRACON& Tower with Radar,264,65,46,0,375,0,0,41,0,41,264,65,87,0,416,0,0,0,416
11/13/2016,BNA,TN,ASO,CE,Combined TRACON& Tower with Radar,339,89,74,0,502,0,0,16,0,16,339,89,90,0,518,0,0,0,518
11/14/2016,BNA,TN,ASO,CE,Combined TRACON& Tower with Radar,378,88,82,3,551,0,2,21,3,26,378,90,103,6,577,0,0,0,577
11/15/2016,BNA,TN,ASO,CE,Combined TRACON& Tower with Radar,381,85,73,1,540,0,2,36,3,41,381,87,109,4,581,0,0,0,581
11/16/2016,BNA,TN,ASO,CE,Combined TRACON& Tower with Radar,380,103,108,4,595,0,1,41,6,48,380,104,149,10,643,0,0,0,643
11/17/2016,BNA,TN,ASO,CE,Combined TRACON& Tower with Radar,386,102,94,0,582,0,1,41,17,59,386,103,135,17,641,0,0,0,641
11/18/2016,BNA,TN,ASO,CE,Combined TRACON& Tower with Radar,375,98,81,5,559,0,1,34,15,50,375,99,115,20,609,0,0,0,609
11/19/2016,BNA,TN,ASO,CE,Combined TRACON& Tower with Radar,303,75,40,5,423,0,0,14,16,30,303,75,54,21,453,0,0,0,453
11/20/2016,BNA,TN,ASO,CE,Combined TRACON& Tower with Radar,319,83,48,3,453,0,1,13,8,22,319,84,61,11,475,0,0,0,475
11/21/2016,BNA,TN,ASO,CE,Combined TRACON& Tower with Radar,351,88,61,6,506,0,1,38,4,43,351,89,99,10,549,0,0,0,549
11/22/2016,BNA,TN,ASO,CE,Combined TRACON& Tower with Radar,391,116,88,2,597,0,1,28,23,52,391,117,116,25,649,0,0,0,649
11/23/2016,BNA,TN,ASO,CE,Combined TRACON& Tower with Radar,401,81,41,1,524,0,2,12,4,18,401,83,53,5,542,0,0,0,542
11/24/2016,BNA,TN,ASO,CE,Combined TRACON& Tower with Radar,204,42,9,0,255,0,0,0,0,0,204,42,9,0,255,0,0,0,255
11/25/2016,BNA,TN,ASO,CE,Combined TRACON& Tower with Radar,265,68,21,2,356,0,1,10,1,12,265,69,31,3,368,0,0,0,368
11/26/2016,BNA,TN,ASO,CE,Combined TRACON& Tower with Radar,347,88,43,1,479,0,2,16,0,18,347,90,59,1,497,0,0,0,497
11/27/2016,BNA,TN,ASO,CE,Combined TRACON& Tower with Radar,407,107,86,5,605,0,0,11,0,11,407,107,97,5,616,0,0,0,616
11/28/2016,BNA,TN,ASO,CE,Combined TRACON& Tower with Radar,407,79,40,2,528,0,0,9,0,9,407,79,49,2,537,0,0,0,537
11/29/2016,BNA,TN,ASO,CE,Combined TRACON& Tower with Radar,377,85,69,7,538,0,0,28,13,41,377,85,97,20,579,0,0,0,579
11/30/2016,BNA,TN,ASO,CE,Combined TRACON& Tower with Radar,385,110,91,9,595,0,0,11,2,13,385,110,102,11,608,0,0,0,608
12/01/2016,BNA,TN,ASO,CE,Combined TRACON& Tower with Radar,371,105,96,3,575,0,5,39,12,56,371,110,135,15,631,0,0,0,631
12/02/2016,BNA,TN,ASO,CE,Combined TRACON& Tower with Radar,367,111,99,12,589,0,1,54,8,63,367,112,153,20,652,0,0,0,652
12/03/2016,BNA,TN,ASO,CE,Combined TRACON& Tower with Radar,255,64,24,3,346,0,0,33,12,45,255,64,57,15,391,0,0,0,391
12/04/2016,BNA,TN,ASO,CE,Combined TRACON& Tower with Radar,324,85,40,1,450,0,0,0,0,0,324,85,40,1,450,0,0,0,450
12/05/2016,BNA,TN,ASO,CE,Combined TRACON& Tower with Radar,374,100,54,4,532,0,0,0,0,0,374,100,54,4,532,0,0,0,532
12/06/2016,BNA,TN,ASO,CE,Combined TRACON& Tower with Radar,364,102,89,2,557,0,0,1,0,1,364,102,90,2,558,0,0,0,558
12/07/2016,BNA,TN,ASO,CE,Combined TRACON& Tower with Radar,370,107,116,9,602,0,0,16,11,27,370,107,132,20,629,0,0,0,629
12/08/2016,BNA,TN,ASO,CE,Combined TRACON& Tower with Radar,374,111,117,4,606,0,2,41,13,56,374,113,158,17,662,0,0,0,662
12/09/2016,BNA,TN,ASO,CE,Combined TRACON& Tower with Radar,362,107,101,13,583,0,5,29,11,45,362,112,130,24,628,0,0,0,628
12/10/2016,BNA,TN,ASO,CE,Combined TRACON& Tower with Radar,244,77,37,7,365,0,2,19,13,34,244,79,56,20,399,0,0,0,399
12/11/2016,BNA,TN,ASO,CE,Combined TRACON& Tower with Radar,310,86,67,7,470,0,2,3,5,10,310,88,70,12,480,0,0,0,480
12/12/2016,BNA,TN,ASO,CE,Combined TRACON& Tower with Radar,366,95,61,12,534,0,0,3,2,5,366,95,64,14,539,0,0,0,539
12/13/2016,BNA,TN,ASO,CE,Combined TRACON& Tower with Radar,357,98,78,1,534,0,0,3,0,3,357,98,81,1,537,0,0,0,537
12/14/2016,BNA,TN,ASO,CE,Combined TRACON& Tower with Radar,365,102,96,6,569,0,0,4,4,8,365,102,100,10,577,0,0,0,577
12/15/2016,BNA,TN,ASO,CE,Combined TRACON& Tower with Radar,352,108,100,8,568,0,0,41,7,48,352,108,141,15,616,0,0,0,616
12/16/2016,BNA,TN,ASO,CE,Combined TRACON& Tower with Radar,337,111,92,7,547,0,1,31,1,33,337,112,123,8,580,0,0,0,580
12/17/2016,BNA,TN,ASO,CE,Combined TRACON& Tower with Radar,272,65,39,1,377,0,0,0,0,0,272,65,39,1,377,0,0,0,377
12/18/2016,BNA,TN,ASO,CE,Combined TRACON& Tower with Radar,267,65,47,0,379,0,0,1,0,1,267,65,48,0,380,0,0,0,380
12/19/2016,BNA,TN,ASO,CE,Combined TRACON& Tower with Radar,326,103,50,5,484,0,0,4,0,4,326,103,54,5,488,0,0,0,488
12/20/2016,BNA,TN,ASO,CE,Combined TRACON& Tower with Radar,344,100,78,4,526,0,1,10,19,30,344,101,88,23,556,0,0,0,556
12/21/2016,BNA,TN,ASO,CE,Combined TRACON& Tower with Radar,362,104,54,3,523,0,0,37,4,41,362,104,91,7,564,0,0,0,564
12/22/2016,BNA,TN,ASO,CE,Combined TRACON& Tower with Radar,367,107,55,5,534,0,3,46,2,51,367,110,101,7,585,0,0,0,585
12/23/2016,BNA,TN,ASO,CE,Combined TRACON& Tower with Radar,355,103,36,0,494,0,1,28,0,29,355,104,64,0,523,0,0,0,523
12/24/2016,BNA,TN,ASO,CE,Combined TRACON& Tower with Radar,244,54,18,0,316,0,0,0,0,0,244,54,18,0,316,0,0,0,316
12/25/2016,BNA,TN,ASO,CE,Combined TRACON& Tower with Radar,247,51,4,0,302,0,1,1,0,2,247,52,5,0,304,0,0,0,304
12/26/2016,BNA,TN,ASO,CE,Combined TRACON& Tower with Radar,346,103,65,0,514,0,0,12,0,12,346,103,77,0,526,0,0,0,526
12/27/2016,BNA,TN,ASO,CE,Combined TRACON& Tower with Radar,368,109,42,3,522,0,2,33,0,35,368,111,75,3,557,0,0,0,557
12/28/2016,BNA,TN,ASO,CE,Combined TRACON& Tower with Radar,362,97,39,5,503,0,0,32,0,32,362,97,71,5,535,0,0,0,535
12/29/2016,BNA,TN,ASO,CE,Combined TRACON& Tower with Radar,362,102,33,1,498,0,0,15,0,15,362,102,48,1,513,0,0,0,513
12/30/2016,BNA,TN,ASO,CE,Combined TRACON& Tower with Radar,360,104,59,0,523,0,0,45,1,46,360,104,104,1,569,0,0,0,569
12/31/2016,BNA,TN,ASO,CE,Combined TRACON& Tower with Radar,251,53,26,0,330,0,0,1,0,1,251,53,27,0,331,0,0,0,331
01/01/2017,BNA,TN,ASO,CE,Combined TRACON& Tower with Radar,290,74,53,0,417,0,0,0,0,0,290,74,53,0,417,0,0,0,417
01/02/2017,BNA,TN,ASO,CE,Combined TRACON& Tower with Radar,337,103,49,0,489,0,0,3,0,3,337,103,52,0,492,0,0,0,492
01/03/2017,BNA,TN,ASO,CE,Combined TRACON& Tower with Radar,347,100,53,2,502,0,0,2,0,2,347,100,55,2,504,0,0,0,504
01/04/2017,BNA,TN,ASO,CE,Combined TRACON& Tower with Radar,344,94,53,17,508,0,0,18,1,19,344,94,71,18,527,0,0,0,527
01/05/2017,BNA,TN,ASO,CE,Combined TRACON& Tower with Radar,342,91,58,9,500,0,1,29,5,35,342,92,87,14,535,0,0,0,535
01/06/2017,BNA,TN,ASO,CE,Combined TRACON& Tower with Radar,325,110,71,2,508,0,1,3,2,6,325,111,74,4,514,0,0,0,514
01/07/2017,BNA,TN,ASO,CE,Combined TRACON& Tower with Radar,229,61,30,1,321,0,1,29,7,37,229,62,59,8,358,0,0,0,358
01/08/2017,BNA,TN,ASO,CE,Combined TRACON& Tower with Radar,273,95,52,0,420,0,0,8,8,16,273,95,60,8,436,0,0,0,436
01/09/2017,BNA,TN,ASO,CE,Combined TRACON& Tower with Radar,352,88,76,4,520,0,2,41,5,48,352,90,117,9,568,0,0,0,568
01/10/2017,BNA,TN,ASO,CE,Combined TRACON& Tower with Radar,339,104,80,3,526,0,1,9,0,10,339,105,89,3,536,0,0,0,536
01/11/2017,BNA,TN,ASO,CE,Combined TRACON& Tower with Radar,360,88,83,2,533,0,0,9,0,9,360,88,92,2,542,0,0,0,542
01/12/2017,BNA,TN,ASO,CE,Combined TRACON& Tower with Radar,362,82,78,4,526,0,2,14,25,41,362,84,92,29,567,0,0,0,567
01/13/2017,BNA,TN,ASO,CE,Combined TRACON& Tower with Radar,355,102,71,7,535,0,0,0,0,0,355,102,71,7,535,0,0,0,535
01/14/2017,BNA,TN,ASO,CE,Combined TRACON& Tower with Radar,247,62,24,2,335,0,0,2,0,2,247,62,26,2,337,0,0,0,337
01/15/2017,BNA,TN,ASO,CE,Combined TRACON& Tower with Radar,281,67,46,2,396,0,0,0,0,0,281,67,46,2,396,0,0,0,396
01/16/2017,BNA,TN,ASO,CE,Combined TRACON& Tower with Radar,353,96,63,3,515,0,0,22,0,22,353,96,85,3,537,0,0,0,537
01/17/2017,BNA,TN,ASO,CE,Combined TRACON& Tower with Radar,349,89,75,7,520,0,0,4,14,18,349,89,79,21,538,0,0,0,538
01/18/2017,BNA,TN,ASO,CE,Combined TRACON& Tower with Radar,354,101,103,9,567,0,0,11,3,14,354,101,114,12,581,0,0,0,581
01/19/2017,BNA,TN,ASO,CE,Combined TRACON& Tower with Radar,367,108,87,2,564,0,0,1,0,1,367,108,88,2,565,0,0,0,565
01/20/2017,BNA,TN,ASO,CE,Combined TRACON& Tower with Radar,357,90,94,8,549,0,1,25,19,45,357,91,119,27,594,0,0,0,594
01/21/2017,BNA,TN,ASO,CE,Combined TRACON& Tower with Radar,276,74,41,8,399,0,1,38,10,49,276,75,79,18,448,0,0,0,448
01/22/2017,BNA,TN,ASO,CE,Combined TRACON& Tower with Radar,309,106,40,3,458,0,0,2,0,2,309,106,42,3,460,0,0,0,460
01/23/2017,BNA,TN,ASO,CE,Combined TRACON& Tower with Radar,359,102,63,1,525,0,0,3,0,3,359,102,66,1,528,0,0,0,528
01/24/2017,BNA,TN,ASO,CE,Combined TRACON& Tower with Radar,353,85,96,2,536,0,1,23,22,46,353,86,119,24,582,0,0,0,582
01/25/2017,BNA,TN,ASO,CE,Combined TRACON& Tower with Radar,362,88,79,0,529,0,0,9,6,15,362,88,88,6,544,0,0,0,544
01/26/2017,BNA,TN,ASO,CE,Combined TRACON& Tower with Radar,358,85,88,2,533,0,1,39,25,65,358,86,127,27,598,0,0,0,598
01/27/2017,BNA,TN,ASO,CE,Combined TRACON& Tower with Radar,353,101,89,7,550,0,1,36,7,44,353,102,125,14,594,0,0,0,594
01/28/2017,BNA,TN,ASO,CE,Combined TRACON& Tower with Radar,255,60,37,7,359,0,0,40,0,40,255,60,77,7,399,0,0,0,399
01/29/2017,BNA,TN,ASO,CE,Combined TRACON& Tower with Radar,279,79,43,1,402,0,0,3,0,3,279,79,46,1,405,0,0,0,405
01/30/2017,BNA,TN,ASO,CE,Combined TRACON& Tower with Radar,353,96,60,13,522,0,1,46,9,56,353,97,106,22,578,0,0,0,578
01/31/2017,BNA,TN,ASO,CE,Combined TRACON& Tower with Radar,353,92,90,7,542,0,3,50,17,70,353,95,140,24,612,0,0,0,612
02/01/2017,BNA,TN,ASO,CE,Combined TRACON& Tower with Radar,366,90,122,9,587,0,1,25,7,33,366,91,147,16,620,0,0,0,620
02/02/2017,BNA,TN,ASO,CE,Combined TRACON& Tower with Radar,360,96,91,5,552,0,3,44,29,76,360,99,135,34,628,0,0,0,628
02/03/2017,BNA,TN,ASO,CE,Combined TRACON& Tower with Radar,357,88,85,14,544,0,1,42,20,63,357,89,127,34,607,0,0,0,607
02/04/2017,BNA,TN,ASO,CE,Combined TRACON& Tower with Radar,249,75,48,6,378,0,1,48,0,49,249,76,96,6,427,0,0,0,427
02/05/2017,BNA,TN,ASO,CE,Combined TRACON& Tower with Radar,261,88,44,1,394,0,0,19,4,23,261,88,63,5,417,0,0,0,417
02/06/2017,BNA,TN,ASO,CE,Combined TRACON& Tower with Radar,352,92,50,9,503,0,0,4,0,4,352,92,54,9,507,0,0,0,507
02/07/2017,BNA,TN,ASO,CE,Combined TRACON& Tower with Radar,351,92,57,2,502,0,0,3,2,5,351,92,60,4,507,0,0,0,507
02/08/2017,BNA,TN,ASO,CE,Combined TRACON& Tower with Radar,360,111,90,5,566,0,0,0,0,0,360,111,90,5,566,0,0,0,566
02/09/2017,BNA,TN,ASO,CE,Combined TRACON& Tower with Radar,326,107,104,12,549,0,2,50,4,56,326,109,154,16,605,0,0,0,605
02/10/2017,BNA,TN,ASO,CE,Combined TRACON& Tower with Radar,363,102,80,14,559,0,0,46,3,49,363,102,126,17,608,0,0,0,608
02/11/2017,BNA,TN,ASO,CE,Combined TRACON& Tower with Radar,258,70,29,4,361,0,2,1,0,3,258,72,30,4,364,0,0,0,364
02/12/2017,BNA,TN,ASO,CE,Combined TRACON& Tower with Radar,287,103,45,5,440,0,1,7,0,8,287,104,52,5,448,0,0,0,448
02/13/2017,BNA,TN,ASO,CE,Combined TRACON& Tower with Radar,336,87,58,2,483,0,3,30,5,38,336,90,88,7,521,0,0,0,521
02/14/2017,BNA,TN,ASO,CE,Combined TRACON& Tower with Radar,319,92,82,4,497,0,1,12,17,30,319,93,94,21,527,0,0,0,527
02/15/2017,BNA,TN,ASO,CE,Combined TRACON& Tower with Radar,357,94,111,9,571,0,1,27,2,30,357,95,138,11,601,0,0,0,601
02/16/2017,BNA,TN,ASO,CE,Combined TRACON& Tower with Radar,371,80,81,6,538,0,1,45,24,70,371,81,126,30,608,0,0,0,608
02/17/2017,BNA,TN,ASO,CE,Combined TRACON& Tower with Radar,365,98,84,10,557,0,2,40,15,57,365,100,124,25,614,0,0,0,614
02/18/2017,BNA,TN,ASO,CE,Combined TRACON& Tower with Radar,263,68,27,2,360,0,1,6,8,15,263,69,33,10,375,0,0,0,375
02/19/2017,BNA,TN,ASO,CE,Combined TRACON& Tower with Radar,289,86,53,4,432,0,2,19,0,21,289,88,72,4,453,0,0,0,453
02/20/2017,BNA,TN,ASO,CE,Combined TRACON& Tower with Radar,363,91,90,0,544,0,2,39,0,41,363,93,129,0,585,0,0,0,585
02/21/2017,BNA,TN,ASO,CE,Combined TRACON& Tower with Radar,367,95,80,11,553,0,3,16,0,19,367,98,96,11,572,0,0,0,572
02/22/2017,BNA,TN,ASO,CE,Combined TRACON& Tower with Radar,371,90,76,2,539,0,1,23,3,27,371,91,99,5,566,0,0,0,566
02/23/2017,BNA,TN,ASO,CE,Combined TRACON& Tower with Radar,373,101,104,5,583,0,1,28,13,42,373,102,132,18,625,0,0,0,625
02/24/2017,BNA,TN,ASO,CE,Combined TRACON& Tower with Radar,368,102,70,7,547,0,0,11,4,15,368,102,81,11,562,0,0,0,562
02/25/2017,BNA,TN,ASO,CE,Combined TRACON& Tower with Radar,278,64,23,14,379,0,1,37,3,41,278,65,60,17,420,0,0,0,420
02/26/2017,BNA,TN,ASO,CE,Combined TRACON& Tower with Radar,311,90,59,6,466,0,1,39,0,40,311,91,98,6,506,0,0,0,506
02/27/2017,BNA,TN,ASO,CE,Combined TRACON& Tower with Radar,372,87,65,4,528,0,4,36,3,43,372,91,101,7,571,0,0,0,571
02/28/2017,BNA,TN,ASO,CE,Combined TRACON& Tower with Radar,364,68,65,0,497,0,0,5,3,8,364,68,70,3,505,0,0,0,505
03/01/2017,BNA,TN,ASO,CE,Combined TRACON& Tower with Radar,370,70,86,2,528,0,1,3,1,5,370,71,89,3,533,0,0,0,533
03/02/2017,BNA,TN,ASO,CE,Combined TRACON& Tower with Radar,378,102,86,12,578,0,0,58,19,77,378,102,144,31,655,0,0,0,655
03/03/2017,BNA,TN,ASO,CE,Combined TRACON& Tower with Radar,362,85,67,10,524,0,5,47,11,63,362,90,114,21,587,0,0,0,587
03/04/2017,BNA,TN,ASO,CE,Combined TRACON& Tower with Radar,280,68,45,4,397,0,1,35,10,46,280,69,80,14,443,0,0,0,443
03/05/2017,BNA,TN,ASO,CE,Combined TRACON& Tower with Radar,318,90,46,8,462,0,1,13,7,21,318,91,59,15,483,0,0,0,483
03/06/2017,BNA,TN,ASO,CE,Combined TRACON& Tower with Radar,367,79,54,10,510,0,1,6,0,7,367,80,60,10,517,0,0,0,517
03/07/2017,BNA,TN,ASO,CE,Combined TRACON& Tower with Radar,367,83,63,4,517,0,0,4,3,7,367,83,67,7,524,0,0,0,524
03/08/2017,BNA,TN,ASO,CE,Combined TRACON& Tower with Radar,379,98,103,4,584,0,0,51,2,53,379,98,154,6,637,0,0,0,637
03/09/2017,BNA,TN,ASO,CE,Combined TRACON& Tower with Radar,377,91,106,9,583,0,3,45,18,66,377,94,151,27,649,0,0,0,649
03/10/2017,BNA,TN,ASO,CE,Combined TRACON& Tower with Radar,400,103,89,9,601,0,1,26,4,31,400,104,115,13,632,0,0,0,632
03/11/2017,BNA,TN,ASO,CE,Combined TRACON& Tower with Radar,319,57,47,0,423,0,0,2,1,3,319,57,49,1,426,0,0,0,426
03/12/2017,BNA,TN,ASO,CE,Combined TRACON& Tower with Radar,351,88,72,3,514,0,0,32,2,34,351,88,104,5,548,0,0,0,548
03/13/2017,BNA,TN,ASO,CE,Combined TRACON& Tower with Radar,361,70,66,6,503,0,1,17,0,18,361,71,83,6,521,0,0,0,521
03/14/2017,BNA,TN,ASO,CE,Combined TRACON& Tower with Radar,297,67,65,2,431,0,1,8,0,9,297,68,73,2,440,0,0,0,440
03/15/2017,BNA,TN,ASO,CE,Combined TRACON& Tower with Radar,372,76,67,3,518,0,1,38,0,39,372,77,105,3,557,0,0,0,557
03/16/2017,BNA,TN,ASO,CE,Combined TRACON& Tower with Radar,384,86,89,9,568,0,2,52,22,76,384,88,141,31,644,0,0,0,644
03/17/2017,BNA,TN,ASO,CE,Combined TRACON& Tower with Radar,384,93,83,5,565,0,1,6,1,8,384,94,89,6,573,0,0,0,573
03/18/2017,BNA,TN,ASO,CE,Combined TRACON& Tower with Radar,322,55,38,2,417,0,0,28,4,32,322,55,66,6,449,0,0,0,449
03/19/2017,BNA,TN,ASO,CE,Combined TRACON& Tower with Radar,352,71,46,1,470,0,0,27,2,29,352,71,73,3,499,0,0,0,499
03/20/2017,BNA,TN,ASO,CE,Combined TRACON& Tower with Radar,388,70,40,1,499,0,2,44,2,48,388,72,84,3,547,0,0,0,547
03/21/2017,BNA,TN,ASO,CE,Combined TRACON& Tower with Radar,384,74,63,1,522,0,2,20,3,25,384,76,83,4,547,0,0,0,547
03/22/2017,BNA,TN,ASO,CE,Combined TRACON& Tower with Radar,384,77,63,3,527,0,3,48,9,60,384,80,111,12,587,0,0,0,587
03/23/2017,BNA,TN,ASO,CE,Combined TRACON& Tower with Radar,384,72,67,4,527,0,0,50,24,74,384,72,117,28,601,0,0,0,601
03/24/2017,BNA,TN,ASO,CE,Combined TRACON& Tower with Radar,375,76,60,8,519,0,2,23,15,40,375,78,83,23,559,0,0,0,559
03/25/2017,BNA,TN,ASO,CE,Combined TRACON& Tower with Radar,321,56,29,2,408,0,0,4,4,8,321,56,33,6,416,0,0,0,416
03/26/2017,BNA,TN,ASO,CE,Combined TRACON& Tower with Radar,355,87,64,3,509,0,0,5,12,17,355,87,69,15,526,0,0,0,526
03/27/2017,BNA,TN,ASO,CE,Combined TRACON& Tower with Radar,385,74,65,3,527,0,0,8,6,14,385,74,73,9,541,0,0,0,541
03/28/2017,BNA,TN,ASO,CE,Combined TRACON& Tower with Radar,377,85,116,10,588,0,3,32,7,42,377,88,148,17,630,0,0,0,630
03/29/2017,BNA,TN,ASO,CE,Combined TRACON& Tower with Radar,385,70,79,5,539,0,1,53,4,58,385,71,132,9,597,0,0,0,597
03/30/2017,BNA,TN,ASO,CE,Combined TRACON& Tower with Radar,391,86,76,5,558,0,2,17,3,22,391,88,93,8,580,0,0,0,580
03/31/2017,BNA,TN,ASO,CE,Combined TRACON& Tower with Radar,374,91,88,13,566,0,4,31,12,47,374,95,119,25,613,0,0,0,613
04/01/2017,BNA,TN,ASO,CE,Combined TRACON& Tower with Radar,327,70,36,7,440,0,1,9,8,18,327,71,45,15,458,0,0,0,458
04/02/2017,BNA,TN,ASO,CE,Combined TRACON& Tower with Radar,360,81,72,4,517,0,2,17,13,32,360,83,89,17,549,0,0,0,549
04/03/2017,BNA,TN,ASO,CE,Combined TRACON& Tower with Radar,397,84,65,2,548,0,0,5,0,5,397,84,70,2,553,0,0,0,553
04/04/2017,BNA,TN,ASO,CE,Combined TRACON& Tower with Radar,385,70,64,6,525,0,0,57,13,70,385,70,121,19,595,0,0,0,595
04/05/2017,BNA,TN,ASO,CE,Combined TRACON& Tower with Radar,403,73,88,2,566,0,0,20,2,22,403,73,108,4,588,0,0,0,588
04/06/2017,BNA,TN,ASO,CE,Combined TRACON& Tower with Radar,361,88,110,4,563,0,0,1,8,9,361,88,111,12,572,0,0,0,572
04/07/2017,BNA,TN,ASO,CE,Combined TRACON& Tower with Radar,375,117,97,2,591,0,1,41,11,53,375,118,138,13,644,0,0,0,644
04/08/2017,BNA,TN,ASO,CE,Combined TRACON& Tower with Radar,327,75,34,4,440,0,2,62,3,67,327,77,96,7,507,0,0,0,507
04/09/2017,BNA,TN,ASO,CE,Combined TRACON& Tower with Radar,363,84,58,2,507,0,2,16,3,21,363,86,74,5,528,0,0,0,528
04/10/2017,BNA,TN,ASO,CE,Combined TRACON& Tower with Radar,390,78,55,6,529,0,2,36,9,47,390,80,91,15,576,0,0,0,576
04/11/2017,BNA,TN,ASO,CE,Combined TRACON& Tower with Radar,383,73,76,6,538,0,0,34,11,45,383,73,110,17,583,0,0,0,583
04/12/2017,BNA,TN,ASO,CE,Combined TRACON& Tower with Radar,391,80,111,6,588,0,3,57,14,74,391,83,168,20,662,0,0,0,662
04/13/2017,BNA,TN,ASO,CE,Combined TRACON& Tower with Radar,392,95,82,7,576,0,1,51,14,66,392,96,133,21,642,0,0,0,642
04/14/2017,BNA,TN,ASO,CE,Combined TRACON& Tower with Radar,391,78,58,7,534,0,3,36,1,40,391,81,94,8,574,0,0,0,574
04/15/2017,BNA,TN,ASO,CE,Combined TRACON& Tower with Radar,313,59,24,0,396,0,0,44,0,44,313,59,68,0,440,0,0,0,440
04/16/2017,BNA,TN,ASO,CE,Combined TRACON& Tower with Radar,342,81,47,1,471,0,2,6,0,8,342,83,53,1,479,0,0,0,479
04/17/2017,BNA,TN,ASO,CE,Combined TRACON& Tower with Radar,385,94,82,3,564,0,0,6,0,6,385,94,88,3,570,0,0,0,570
04/18/2017,BNA,TN,ASO,CE,Combined TRACON& Tower with Radar,392,84,98,2,576,0,0,14,2,16,392,84,112,4,592,0,0,0,592
04/19/2017,BNA,TN,ASO,CE,Combined TRACON& Tower with Radar,394,82,118,7,601,0,4,44,3,51,394,86,162,10,652,0,0,0,652
04/20/2017,BNA,TN,ASO,CE,Combined TRACON& Tower with Radar,402,100,113,2,617,0,0,49,20,69,402,100,162,22,686,0,0,0,686
04/21/2017,BNA,TN,ASO,CE,Combined TRACON& Tower with Radar,393,75,85,3,556,0,0,6,2,8,393,75,91,5,564,0,0,0,564
04/22/2017,BNA,TN,ASO,CE,Combined TRACON& Tower with Radar,323,77,44,1,445,0,0,0,0,0,323,77,44,1,445,0,0,0,445
04/23/2017,BNA,TN,ASO,CE,Combined TRACON& Tower with Radar,362,98,78,3,541,0,0,0,0,0,362,98,78,3,541,0,0,0,541
04/24/2017,BNA,TN,ASO,CE,Combined TRACON& Tower with Radar,387,66,91,6,550,0,0,8,1,9,387,66,99,7,559,0,0,0,559
04/25/2017,BNA,TN,ASO,CE,Combined TRACON& Tower with Radar,384,77,130,16,607,0,1,55,24,80,384,78,185,40,687,0,0,0,687
04/26/2017,BNA,TN,ASO,CE,Combined TRACON& Tower with Radar,386,83,99,9,577,0,0,50,15,65,386,83,149,24,642,0,0,0,642
04/27/2017,BNA,TN,ASO,CE,Combined TRACON& Tower with Radar,400,95,123,5,623,0,3,28,25,56,400,98,151,30,679,0,0,0,679
04/28/2017,BNA,TN,ASO,CE,Combined TRACON& Tower with Radar,390,105,86,16,597,0,1,20,0,21,390,106,106,16,618,0,0,0,618
04/29/2017,BNA,TN,ASO,CE,Combined TRACON& Tower with Radar,304,55,44,8,411,0,2,34,1,37,304,57,78,9,448,0,0,0,448
04/30/2017,BNA,TN,ASO,CE,Combined TRACON& Tower with Radar,361,73,67,2,503,0,0,0,1,1,361,73,67,3,504,0,0,0,504
05/01/2017,BNA,TN,ASO,CE,Combined TRACON& Tower with Radar,386,80,65,4,535,0,4,20,2,26,386,84,85,6,561,0,0,0,561
05/02/2017,BNA,TN,ASO,CE,Combined TRACON& Tower with Radar,389,97,81,3,570,0,2,35,15,52,389,99,116,18,622,0,0,0,622
05/03/2017,BNA,TN,ASO,CE,Combined TRACON& Tower with Radar,388,90,78,4,560,0,1,53,14,68,388,91,131,18,628,0,0,0,628
05/04/2017,BNA,TN,ASO,CE,Combined TRACON& Tower with Radar,397,91,79,5,572,0,0,0,0,0,397,91,79,5,572,0,0,0,572
05/05/2017,BNA,TN,ASO,CE,Combined TRACON& Tower with Radar,390,75,97,5,567,0,0,3,2,5,390,75,100,7,572,0,0,0,572
05/06/2017,BNA,TN,ASO,CE,Combined TRACON& Tower with Radar,298,64,52,0,414,0,0,26,6,32,298,64,78,6,446,0,0,0,446
05/07/2017,BNA,TN,ASO,CE,Combined TRACON& Tower with Radar,365,94,100,2,561,0,0,24,8,32,365,94,124,10,593,0,0,0,593
05/08/2017,BNA,TN,ASO,CE,Combined TRACON& Tower with Radar,394,75,78,4,551,0,2,48,5,55,394,77,126,9,606,0,0,0,606
05/09/2017,BNA,TN,ASO,CE,Combined TRACON& Tower with Radar,394,94,85,6,579,0,2,51,34,87,394,96,136,40,666,0,0,0,666
05/10/2017,BNA,TN,ASO,CE,Combined TRACON& Tower with Radar,395,86,95,6,582,0,1,41,7,49,395,87,136,13,631,0,0,0,631
05/11/2017,BNA,TN,ASO,CE,Combined TRACON& Tower with Radar,407,108,90,4,609,0,0,28,19,47,407,108,118,23,656,0,0,0,656
05/12/2017,BNA,TN,ASO,CE,Combined TRACON& Tower with Radar,398,90,108,8,604,0,0,0,0,0,398,90,108,8,604,0,0,0,604
05/13/2017,BNA,TN,ASO,CE,Combined TRACON& Tower with Radar,297,75,69,9,450,0,1,14,2,17,297,76,83,11,467,0,0,0,467
05/14/2017,BNA,TN,ASO,CE,Combined TRACON& Tower with Radar,356,87,62,4,509,0,2,11,3,16,356,89,73,7,525,0,0,0,525
05/15/2017,BNA,TN,ASO,CE,Combined TRACON& Tower with Radar,402,71,95,2,570,0,5,50,2,57,402,76,145,4,627,0,0,0,627
05/16/2017,BNA,TN,ASO,CE,Combined TRACON& Tower with Radar,402,73,81,7,563,0,0,42,14,56,402,73,123,21,619,0,0,0,619
05/17/2017,BNA,TN,ASO,CE,Combined TRACON& Tower with Radar,402,91,103,0,596,0,2,41,13,56,402,93,144,13,652,0,0,0,652
05/18/2017,BNA,TN,ASO,CE,Combined TRACON& Tower with Radar,399,100,86,8,593,0,2,43,21,66,399,102,129,29,659,0,0,0,659
05/19/2017,BNA,TN,ASO,CE,Combined TRACON& Tower with Radar,389,85,90,10,574,0,0,26,19,45,389,85,116,29,619,0,0,0,619
05/20/2017,BNA,TN,ASO,CE,Combined TRACON& Tower with Radar,304,61,48,4,417,0,3,30,0,33,304,64,78,4,450,0,0,0,450
05/21/2017,BNA,TN,ASO,CE,Combined TRACON& Tower with Radar,368,64,62,7,501,0,1,4,6,11,368,65,66,13,512,0,0,0,512
05/22/2017,BNA,TN,ASO,CE,Combined TRACON& Tower with Radar,398,69,75,8,550,0,2,41,3,46,398,71,116,11,596,0,0,0,596
05/23/2017,BNA,TN,ASO,CE,Combined TRACON& Tower with Radar,398,79,87,5,569,1,0,37,9,47,399,79,124,14,616,0,0,0,616
05/24/2017,BNA,TN,ASO,CE,Combined TRACON& Tower with Radar,408,68,99,3,578,0,1,3,0,4,408,69,102,3,582,0,0,0,582
05/25/2017,BNA,TN,ASO,CE,Combined TRACON& Tower with Radar,401,92,110,6,609,0,3,20,2,25,401,95,130,8,634,0,0,0,634
05/26/2017,BNA,TN,ASO,CE,Combined TRACON& Tower with Radar,410,75,93,0,578,0,2,45,2,49,410,77,138,2,627,0,0,0,627
05/27/2017,BNA,TN,ASO,CE,Combined TRACON& Tower with Radar,300,50,35,2,387,0,2,1,0,3,300,52,36,2,390,0,0,0,390
05/28/2017,BNA,TN,ASO,CE,Combined TRACON& Tower with Radar,303,55,40,0,398,0,0,7,0,7,303,55,47,0,405,0,0,0,405
05/29/2017,BNA,TN,ASO,CE,Combined TRACON& Tower with Radar,353,69,55,0,477,0,2,29,3,34,353,71,84,3,511,0,0,0,511
05/30/2017,BNA,TN,ASO,CE,Combined TRACON& Tower with Radar,388,85,78,6,557,0,0,53,1,54,388,85,131,7,611,0,0,0,611
05/31/2017,BNA,TN,ASO,CE,Combined TRACON& Tower with Radar,401,79,101,7,588,0,5,55,15,75,401,84,156,22,663,0,0,0,663
06/01/2017,BNA,TN,ASO,CE,Combined TRACON& Tower with Radar,410,99,90,3,602,0,0,70,18,88,410,99,160,21,690,0,0,0,690
06/02/2017,BNA,TN,ASO,CE,Combined TRACON& Tower with Radar,389,76,77,9,551,0,0,51,2,53,389,76,128,11,604,0,0,0,604
06/03/2017,BNA,TN,ASO,CE,Combined TRACON& Tower with Radar,303,84,93,0,480,0,1,35,1,37,303,85,128,1,517,0,0,0,517
06/04/2017,BNA,TN,ASO,CE,Combined TRACON& Tower with Radar,386,84,69,0,539,0,0,2,1,3,386,84,71,1,542,0,0,0,542
06/05/2017,BNA,TN,ASO,CE,Combined TRACON& Tower with Radar,408,106,87,2,603,0,0,0,0,0,408,106,87,2,603,0,0,0,603
06/06/2017,BNA,TN,ASO,CE,Combined TRACON& Tower with Radar,404,112,103,5,624,0,0,5,13,18,404,112,108,18,642,0,0,0,642
06/07/2017,BNA,TN,ASO,CE,Combined TRACON& Tower with Radar,403,101,85,4,593,0,1,47,6,54,403,102,132,10,647,0,0,0,647
06/08/2017,BNA,TN,ASO,CE,Combined TRACON& Tower with Radar,404,108,125,4,641,0,0,58,13,71,404,108,183,17,712,0,0,0,712
06/09/2017,BNA,TN,ASO,CE,Combined TRACON& Tower with Radar,399,102,93,2,596,0,1,52,16,69,399,103,145,18,665,0,0,0,665
06/10/2017,BNA,TN,ASO,CE,Combined TRACON& Tower with Radar,315,82,50,3,450,0,0,34,9,43,315,82,84,12,493,0,0,0,493
06/11/2017,BNA,TN,ASO,CE,Combined TRACON& Tower with Radar,384,114,94,5,597,0,2,16,6,24,384,116,110,11,621,0,0,0,621
06/12/2017,BNA,TN,ASO,CE,Combined TRACON& Tower with Radar,417,117,92,2,628,0,1,37,2,40,417,118,129,4,668,0,0,0,668
06/13/2017,BNA,TN,ASO,CE,Combined TRACON& Tower with Radar,409,83,71,3,566,1,1,37,10,49,410,84,108,13,615,0,0,0,615
06/14/2017,BNA,TN,ASO,CE,Combined TRACON& Tower with Radar,395,99,86,2,582,0,2,35,4,41,395,101,121,6,623,0,0,0,623
06/15/2017,BNA,TN,ASO,CE,Combined TRACON& Tower with Radar,427,86,73,2,588,0,1,22,8,31,427,87,95,10,619,0,0,0,619
06/16/2017,BNA,TN,ASO,CE,Combined TRACON& Tower with Radar,403,108,83,2,596,0,0,22,4,26,403,108,105,6,622,0,0,0,622
06/17/2017,BNA,TN,ASO,CE,Combined TRACON& Tower with Radar,337,57,36,3,433,0,0,34,0,34,337,57,70,3,467,0,0,0,467
06/18/2017,BNA,TN,ASO,CE,Combined TRACON& Tower with Radar,401,70,41,1,513,0,0,3,0,3,401,70,44,1,516,0,0,0,516
06/19/2017,BNA,TN,ASO,CE,Combined TRACON& Tower with Radar,372,80,80,0,532,0,0,18,0,18,372,80,98,0,550,0,0,0,550
06/20/2017,BNA,TN,ASO,CE,Combined TRACON& Tower with Radar,410,87,75,3,575,0,2,55,4,61,410,89,130,7,636,0,0,0,636
06/21/2017,BNA,TN,ASO,CE,Combined TRACON& Tower with Radar,413,99,93,10,615,0,2,25,11,38,413,101,118,21,653,0,0,0,653
06/22/2017,BNA,TN,ASO,CE,Combined TRACON& Tower with Radar,417,95,76,2,590,0,1,2,4,7,417,96,78,6,597,0,0,0,597
06/23/2017,BNA,TN,ASO,CE,Combined TRACON& Tower with Radar,410,76,62,4,552,0,0,2,2,4,410,76,64,6,556,0,0,0,556
06/24/2017,BNA,TN,ASO,CE,Combined TRACON& Tower with Radar,326,65,29,1,421,0,5,36,13,54,326,70,65,14,475,0,0,0,475
06/25/2017,BNA,TN,ASO,CE,Combined TRACON& Tower with Radar,385,81,58,5,529,0,2,11,13,26,385,83,69,18,555,0,0,0,555
06/26/2017,BNA,TN,ASO,CE,Combined TRACON& Tower with Radar,411,70,68,4,553,0,0,41,3,44,411,70,109,7,597,0,0,0,597
06/27/2017,BNA,TN,ASO,CE,Combined TRACON& Tower with Radar,408,80,82,3,573,0,2,52,19,73,408,82,134,22,646,0,0,0,646
06/28/2017,BNA,TN,ASO,CE,Combined TRACON& Tower with Radar,418,79,100,5,602,0,0,36,10,46,418,79,136,15,648,0,0,0,648
06/29/2017,BNA,TN,ASO,CE,Combined TRACON& Tower with Radar,418,84,83,6,591,0,0,41,20,61,418,84,124,26,652,0,0,0,652
06/30/2017,BNA,TN,ASO,CE,Combined TRACON& Tower with Radar,405,83,76,0,564,0,1,17,0,18,405,84,93,0,582,0,0,0,582
07/01/2017,BNA,TN,ASO,CE,Combined TRACON& Tower with Radar,331,63,32,0,426,0,1,16,2,19,331,64,48,2,445,0,0,0,445
07/02/2017,BNA,TN,ASO,CE,Combined TRACON& Tower with Radar,353,56,33,0,442,0,1,3,0,4,353,57,36,0,446,0,0,0,446
07/03/2017,BNA,TN,ASO,CE,Combined TRACON& Tower with Radar,329,66,22,0,417,0,0,11,2,13,329,66,33,2,430,0,0,0,430
07/04/2017,BNA,TN,ASO,CE,Combined TRACON& Tower with Radar,331,58,20,0,409,0,1,5,0,6,331,59,25,0,415,0,0,0,415
07/05/2017,BNA,TN,ASO,CE,Combined TRACON& Tower with Radar,406,62,47,3,518,0,0,7,1,8,406,62,54,4,526,0,0,0,526
07/06/2017,BNA,TN,ASO,CE,Combined TRACON& Tower with Radar,415,75,59,1,550,0,0,27,9,36,415,75,86,10,586,0,0,0,586
07/07/2017,BNA,TN,ASO,CE,Combined TRACON& Tower with Radar,413,85,57,7,562,0,0,33,17,50,413,85,90,24,612,0,0,0,612
07/08/2017,BNA,TN,ASO,CE,Combined TRACON& Tower with Radar,325,73,42,3,443,0,3,19,18,40,325,76,61,21,483,0,0,0,483
07/09/2017,BNA,TN,ASO,CE,Combined TRACON& Tower with Radar,391,86,46,3,526,0,3,31,11,45,391,89,77,14,571,0,0,0,571
07/10/2017,BNA,TN,ASO,CE,Combined TRACON& Tower with Radar,406,81,68,6,561,0,0,50,2,52,406,81,118,8,613,0,0,0,613
07/11/2017,BNA,TN,ASO,CE,Combined TRACON& Tower with Radar,429,77,76,7,589,0,11,51,8,70,429,88,127,15,659,0,0,0,659
07/12/2017,BNA,TN,ASO,CE,Combined TRACON& Tower with Radar,411,84,113,6,614,0,0,64,5,69,411,84,177,11,683,0,0,0,683
07/13/2017,BNA,TN,ASO,CE,Combined TRACON& Tower with Radar,419,92,103,7,621,0,0,45,20,65,419,92,148,27,686,0,0,0,686
07/14/2017,BNA,TN,ASO,CE,Combined TRACON& Tower with Radar,398,73,64,1,536,0,1,27,2,30,398,74,91,3,566,0,0,0,566
07/15/2017,BNA,TN,ASO,CE,Combined TRACON& Tower with Radar,323,61,27,0,411,0,0,8,0,8,323,61,35,0,419,0,0,0,419
07/16/2017,BNA,TN,ASO,CE,Combined TRACON& Tower with Radar,391,78,51,2,522,0,0,23,1,24,391,78,74,3,546,0,0,0,546
07/17/2017,BNA,TN,ASO,CE,Combined TRACON& Tower with Radar,410,84,80,6,580,0,1,58,3,62,410,85,138,9,642,0,0,0,642
07/18/2017,BNA,TN,ASO,CE,Combined TRACON& Tower with Radar,413,79,84,7,583,0,1,49,3,53,413,80,133,10,636,0,0,0,636
07/19/2017,BNA,TN,ASO,CE,Combined TRACON& Tower with Radar,417,97,103,6,623,0,0,40,1,41,417,97,143,7,664,0,0,0,664
07/20/2017,BNA,TN,ASO,CE,Combined TRACON& Tower with Radar,415,90,90,7,602,0,4,54,0,58,415,94,144,7,660,0,0,0,660
07/21/2017,BNA,TN,ASO,CE,Combined TRACON& Tower with Radar,402,82,74,10,568,0,0,49,0,49,402,82,123,10,617,0,0,0,617
07/22/2017,BNA,TN,ASO,CE,Combined TRACON& Tower with Radar,323,58,26,7,414,3,0,22,8,33,326,58,48,15,447,0,0,0,447
07/23/2017,BNA,TN,ASO,CE,Combined TRACON& Tower with Radar,383,60,45,8,496,1,0,8,2,11,384,60,53,10,507,0,0,0,507
07/24/2017,BNA,TN,ASO,CE,Combined TRACON& Tower with Radar,421,87,71,4,583,0,0,28,4,32,421,87,99,8,615,0,0,0,615
07/25/2017,BNA,TN,ASO,CE,Combined TRACON& Tower with Radar,420,82,84,6,592,0,0,30,0,30,420,82,114,6,622,0,0,0,622
07/26/2017,BNA,TN,ASO,CE,Combined TRACON& Tower with Radar,420,96,84,1,601,0,0,36,1,37,420,96,120,2,638,0,0,0,638
07/27/2017,BNA,TN,ASO,CE,Combined TRACON& Tower with Radar,424,86,68,4,582,0,1,33,1,35,424,87,101,5,617,0,0,0,617
07/28/2017,BNA,TN,ASO,CE,Combined TRACON& Tower with Radar,412,70,78,8,568,0,0,4,0,4,412,70,82,8,572,0,0,0,572
07/29/2017,BNA,TN,ASO,CE,Combined TRACON& Tower with Radar,325,71,54,14,464,0,0,53,2,55,325,71,107,16,519,0,0,0,519
07/30/2017,BNA,TN,ASO,CE,Combined TRACON& Tower with Radar,387,77,56,9,529,0,2,15,1,18,387,79,71,10,547,0,0,0,547
07/31/2017,BNA,TN,ASO,CE,Combined TRACON& Tower with Radar,421,86,62,11,580,0,2,61,2,65,421,88,123,13,645,0,0,0,645
08/01/2017,BNA,TN,ASO,CE,Combined TRACON& Tower with Radar,422,76,65,2,565,0,1,43,1,45,422,77,108,3,610,0,0,0,610
08/02/2017,BNA,TN,ASO,CE,Combined TRACON& Tower with Radar,394,77,68,5,544,0,0,44,1,45,394,77,112,6,589,0,0,0,589
08/03/2017,BNA,TN,ASO,CE,Combined TRACON& Tower with Radar,387,74,110,6,577,0,0,49,7,56,387,74,159,13,633,0,0,0,633
08/04/2017,BNA,TN,ASO,CE,Combined TRACON& Tower with Radar,393,75,65,0,533,0,3,5,0,8,393,78,70,0,541,0,0,0,541
08/05/2017,BNA,TN,ASO,CE,Combined TRACON& Tower with Radar,318,61,38,3,420,0,1,44,5,50,318,62,82,8,470,0,0,0,470
08/06/2017,BNA,TN,ASO,CE,Combined TRACON& Tower with Radar,387,63,45,5,500,0,2,18,0,20,387,65,63,5,520,0,0,0,520
08/07/2017,BNA,TN,ASO,CE,Combined TRACON& Tower with Radar,409,81,73,10,573,0,1,1,1,3,409,82,74,11,576,0,0,0,576
08/08/2017,BNA,TN,ASO,CE,Combined TRACON& Tower with Radar,422,105,71,9,607,0,2,52,4,58,422,107,123,13,665,0,0,0,665
08/09/2017,BNA,TN,ASO,CE,Combined TRACON& Tower with Radar,412,84,80,7,583,0,1,51,6,58,412,85,131,13,641,0,0,0,641
08/10/2017,BNA,TN,ASO,CE,Combined TRACON& Tower with Radar,417,85,91,4,597,0,2,35,1,38,417,87,126,5,635,0,0,0,635
08/11/2017,BNA,TN,ASO,CE,Combined TRACON& Tower with Radar,410,91,57,7,565,0,3,13,4,20,410,94,70,11,585,0,0,0,585
08/12/2017,BNA,TN,ASO,CE,Combined TRACON& Tower with Radar,321,65,38,1,425,0,0,3,0,3,321,65,41,1,428,0,0,0,428
08/13/2017,BNA,TN,ASO,CE,Combined TRACON& Tower with Radar,386,64,68,3,521,0,2,16,1,19,386,66,84,4,540,0,0,0,540
08/14/2017,BNA,TN,ASO,CE,Combined TRACON& Tower with Radar,410,78,53,2,543,0,0,1,0,1,410,78,54,2,544,0,0,0,544
08/15/2017,BNA,TN,ASO,CE,Combined TRACON& Tower with Radar,402,80,79,4,565,0,0,17,5,22,402,80,96,9,587,0,0,0,587
08/16/2017,BNA,TN,ASO,CE,Combined TRACON& Tower with Radar,409,75,85,3,572,0,1,16,1,18,409,76,101,4,590,0,0,0,590
08/17/2017,BNA,TN,ASO,CE,Combined TRACON& Tower with Radar,407,102,108,1,618,0,3,39,6,48,407,105,147,7,666,0,0,0,666
08/18/2017,BNA,TN,ASO,CE,Combined TRACON& Tower with Radar,386,106,104,2,598,0,1,26,14,41,386,107,130,16,639,0,0,0,639
08/19/2017,BNA,TN,ASO,CE,Combined TRACON& Tower with Radar,288,92,37,1,418,0,0,35,10,45,288,92,72,11,463,0,0,0,463
08/20/2017,BNA,TN,ASO,CE,Combined TRACON& Tower with Radar,372,105,96,1,574,0,2,21,6,29,372,107,117,7,603,0,0,0,603
08/21/2017,BNA,TN,ASO,CE,Combined TRACON& Tower with Radar,397,160,233,5,795,0,2,31,4,37,397,162,264,9,832,0,0,0,832
08/22/2017,BNA,TN,ASO,CE,Combined TRACON& Tower with Radar,405,114,131,4,654,0,0,45,4,49,405,114,176,8,703,0,0,0,703
08/23/2017,BNA,TN,ASO,CE,Combined TRACON& Tower with Radar,416,97,125,12,650,0,0,38,1,39,416,97,163,13,689,0,0,0,689
08/24/2017,BNA,TN,ASO,CE,Combined TRACON& Tower with Radar,411,90,122,3,626,0,2,53,20,75,411,92,175,23,701,0,0,0,701
08/25/2017,BNA,TN,ASO,CE,Combined TRACON& Tower with Radar,409,86,89,3,587,0,1,51,7,59,409,87,140,10,646,0,0,0,646
08/26/2017,BNA,TN,ASO,CE,Combined TRACON& Tower with Radar,270,56,44,10,380,0,1,39,5,45,270,57,83,15,425,0,0,0,425
08/27/2017,BNA,TN,ASO,CE,Combined TRACON& Tower with Radar,340,77,47,11,475,0,0,18,1,19,340,77,65,12,494,0,0,0,494
08/28/2017,BNA,TN,ASO,CE,Combined TRACON& Tower with Radar,384,71,57,5,517,0,0,4,3,7,384,71,61,8,524,0,0,0,524
08/29/2017,BNA,TN,ASO,CE,Combined TRACON& Tower with Radar,386,79,85,10,560,0,0,42,9,51,386,79,127,19,611,0,0,0,611
08/30/2017,BNA,TN,ASO,CE,Combined TRACON& Tower with Radar,388,79,93,2,562,0,0,15,4,19,388,79,108,6,581,0,0,0,581
08/31/2017,BNA,TN,ASO,CE,Combined TRACON& Tower with Radar,397,68,81,2,548,0,0,0,1,1,397,68,81,3,549,0,0,0,549
09/01/2017,BNA,TN,ASO,CE,Combined TRACON& Tower with Radar,409,81,69,1,560,0,0,0,0,0,409,81,69,1,560,0,0,0,560
09/02/2017,BNA,TN,ASO,CE,Combined TRACON& Tower with Radar,245,58,32,5,340,0,0,17,0,17,245,58,49,5,357,0,0,0,357
09/03/2017,BNA,TN,ASO,CE,Combined TRACON& Tower with Radar,260,49,32,1,342,0,1,15,1,17,260,50,47,2,359,0,0,0,359
09/04/2017,BNA,TN,ASO,CE,Combined TRACON& Tower with Radar,373,79,56,0,508,0,0,41,0,41,373,79,97,0,549,0,0,0,549
09/05/2017,BNA,TN,ASO,CE,Combined TRACON& Tower with Radar,379,73,77,2,531,0,0,17,2,19,379,73,94,4,550,0,0,0,550
09/06/2017,BNA,TN,ASO,CE,Combined TRACON& Tower with Radar,384,94,97,9,584,0,1,27,3,31,384,95,124,12,615,0,0,0,615
09/07/2017,BNA,TN,ASO,CE,Combined TRACON& Tower with Radar,386,101,134,5,626,0,0,55,10,65,386,101,189,15,691,0,0,0,691
09/08/2017,BNA,TN,ASO,CE,Combined TRACON& Tower with Radar,393,113,127,8,641,0,1,54,9,64,393,114,181,17,705,0,0,0,705
09/09/2017,BNA,TN,ASO,CE,Combined TRACON& Tower with Radar,253,70,64,1,388,0,1,55,2,58,253,71,119,3,446,0,0,0,446
09/10/2017,BNA,TN,ASO,CE,Combined TRACON& Tower with Radar,335,91,64,0,490,0,0,19,2,21,335,91,83,2,511,0,0,0,511
09/11/2017,BNA,TN,ASO,CE,Combined TRACON& Tower with Radar,353,70,69,0,492,0,0,19,1,20,353,70,88,1,512,0,0,0,512
09/12/2017,BNA,TN,ASO,CE,Combined TRACON& Tower with Radar,375,95,98,4,572,0,0,0,0,0,375,95,98,4,572,0,0,0,572
09/13/2017,BNA,TN,ASO,CE,Combined TRACON& Tower with Radar,398,94,110,10,612,0,0,0,0,0,398,94,110,10,612,0,0,0,612
09/14/2017,BNA,TN,ASO,CE,Combined TRACON& Tower with Radar,418,97,140,3,658,2,0,17,5,24,420,97,157,8,682,0,0,0,682
09/15/2017,BNA,TN,ASO,CE,Combined TRACON& Tower with Radar,411,102,120,12,645,0,0,40,1,41,411,102,160,13,686,0,0,0,686
09/16/2017,BNA,TN,ASO,CE,Combined TRACON& Tower with Radar,275,69,48,12,404,0,1,49,4,54,275,70,97,16,458,0,0,0,458
09/17/2017,BNA,TN,ASO,CE,Combined TRACON& Tower with Radar,364,94,133,7,598,0,0,16,5,21,364,94,149,12,619,0,0,0,619
09/18/2017,BNA,TN,ASO,CE,Combined TRACON& Tower with Radar,411,88,76,6,581,0,0,36,0,36,411,88,112,6,617,0,0,0,617
09/19/2017,BNA,TN,ASO,CE,Combined TRACON& Tower with Radar,400,88,102,5,595,0,0,13,2,15,400,88,115,7,610,0,0,0,610
09/20/2017,BNA,TN,ASO,CE,Combined TRACON& Tower with Radar,411,82,97,4,594,0,0,33,1,34,411,82,130,5,628,0,0,0,628
09/21/2017,BNA,TN,ASO,CE,Combined TRACON& Tower with Radar,412,90,102,6,610,0,0,49,9,58,412,90,151,15,668,0,0,0,668
09/22/2017,BNA,TN,ASO,CE,Combined TRACON& Tower with Radar,413,100,77,8,598,0,0,41,0,41,413,100,118,8,639,0,0,0,639
09/23/2017,BNA,TN,ASO,CE,Combined TRACON& Tower with Radar,281,61,61,3,406,0,0,36,4,40,281,61,97,7,446,0,0,0,446
09/24/2017,BNA,TN,ASO,CE,Combined TRACON& Tower with Radar,368,80,89,6,543,0,0,10,0,10,368,80,99,6,553,0,0,0,553
09/25/2017,BNA,TN,ASO,CE,Combined TRACON& Tower with Radar,410,80,82,6,578,0,1,38,2,41,410,81,120,8,619,0,0,0,619
09/26/2017,BNA,TN,ASO,CE,Combined TRACON& Tower with Radar,404,92,102,2,600,0,0,51,4,55,404,92,153,6,655,0,0,0,655
09/27/2017,BNA,TN,ASO,CE,Combined TRACON& Tower with Radar,408,93,94,0,595,0,5,31,4,40,408,98,125,4,635,0,0,0,635
09/28/2017,BNA,TN,ASO,CE,Combined TRACON& Tower with Radar,416,99,71,2,588,0,2,37,3,42,416,101,108,5,630,0,0,0,630
09/29/2017,BNA,TN,ASO,CE,Combined TRACON& Tower with Radar,409,85,81,6,581,0,0,23,1,24,409,85,104,7,605,0,0,0,605
09/30/2017,BNA,TN,ASO,CE,Combined TRACON& Tower with Radar,276,68,41,2,387,0,3,25,0,28,276,71,66,2,415,0,0,0,415
10/01/2017,BNA,TN,ASO,CE,Combined TRACON& Tower with Radar,366,74,61,3,504,0,0,16,0,16,366,74,77,3,520,0,0,0,520
10/02/2017,BNA,TN,ASO,CE,Combined TRACON& Tower with Radar,410,84,62,3,559,0,0,29,4,33,410,84,91,7,592,0,0,0,592
10/03/2017,BNA,TN,ASO,CE,Combined TRACON& Tower with Radar,408,90,98,2,598,0,0,33,3,36,408,90,131,5,634,0,0,0,634
10/04/2017,BNA,TN,ASO,CE,Combined TRACON& Tower with Radar,411,80,98,5,594,0,0,37,2,39,411,80,135,7,633,0,0,0,633
10/05/2017,BNA,TN,ASO,CE,Combined TRACON& Tower with Radar,415,107,97,1,620,0,0,54,3,57,415,107,151,4,677,0,0,0,677
10/06/2017,BNA,TN,ASO,CE,Combined TRACON& Tower with Radar,411,85,97,5,598,0,0,26,1,27,411,85,123,6,625,0,0,0,625
10/07/2017,BNA,TN,ASO,CE,Combined TRACON& Tower with Radar,291,67,54,2,414,0,0,8,1,9,291,67,62,3,423,0,0,0,423
10/08/2017,BNA,TN,ASO,CE,Combined TRACON& Tower with Radar,377,85,73,0,535,0,0,1,0,1,377,85,74,0,536,0,0,0,536
10/09/2017,BNA,TN,ASO,CE,Combined TRACON& Tower with Radar,420,87,95,4,606,0,2,14,0,16,420,89,109,4,622,0,0,0,622
10/10/2017,BNA,TN,ASO,CE,Combined TRACON& Tower with Radar,416,69,84,5,574,0,0,2,0,2,416,69,86,5,576,0,0,0,576
10/11/2017,BNA,TN,ASO,CE,Combined TRACON& Tower with Radar,426,91,123,2,642,0,1,1,0,2,426,92,124,2,644,0,0,0,644
10/12/2017,BNA,TN,ASO,CE,Combined TRACON& Tower with Radar,421,117,115,1,654,0,0,9,8,17,421,117,124,9,671,0,0,0,671
10/13/2017,BNA,TN,ASO,CE,Combined TRACON& Tower with Radar,420,80,81,5,586,0,6,27,6,39,420,86,108,11,625,0,0,0,625
10/14/2017,BNA,TN,ASO,CE,Combined TRACON& Tower with Radar,276,63,47,4,390,0,1,25,1,27,276,64,72,5,417,0,0,0,417
10/15/2017,BNA,TN,ASO,CE,Combined TRACON& Tower with Radar,375,84,94,3,556,0,1,3,1,5,375,85,97,4,561,0,0,0,561
10/16/2017,BNA,TN,ASO,CE,Combined TRACON& Tower with Radar,419,97,74,1,591,0,0,34,2,36,419,97,108,3,627,0,0,0,627
10/17/2017,BNA,TN,ASO,CE,Combined TRACON& Tower with Radar,418,92,93,3,606,0,0,48,8,56,418,92,141,11,662,0,0,0,662
10/18/2017,BNA,TN,ASO,CE,Combined TRACON& Tower with Radar,423,83,147,6,659,0,0,34,2,36,423,83,181,8,695,0,0,0,695
10/19/2017,BNA,TN,ASO,CE,Combined TRACON& Tower with Radar,418,109,120,2,649,0,0,49,10,59,418,109,169,12,708,0,0,0,708
10/20/2017,BNA,TN,ASO,CE,Combined TRACON& Tower with Radar,415,94,86,3,598,0,0,26,1,27,415,94,112,4,625,0,0,0,625
10/21/2017,BNA,TN,ASO,CE,Combined TRACON& Tower with Radar,285,65,48,3,401,0,1,36,8,45,285,66,84,11,446,0,0,0,446
10/22/2017,BNA,TN,ASO,CE,Combined TRACON& Tower with Radar,368,83,83,9,543,0,2,6,2,10,368,85,89,11,553,0,0,0,553
10/23/2017,BNA,TN,ASO,CE,Combined TRACON& Tower with Radar,422,76,65,6,569,0,0,1,2,3,422,76,66,8,572,0,0,0,572
10/24/2017,BNA,TN,ASO,CE,Combined TRACON& Tower with Radar,410,90,89,7,596,0,2,23,7,32,410,92,112,14,628,0,0,0,628
10/25/2017,BNA,TN,ASO,CE,Combined TRACON& Tower with Radar,419,85,95,6,605,0,0,37,3,40,419,85,132,9,645,0,0,0,645
10/26/2017,BNA,TN,ASO,CE,Combined TRACON& Tower with Radar,416,91,132,0,639,0,0,55,16,71,416,91,187,16,710,0,0,0,710
10/27/2017,BNA,TN,ASO,CE,Combined TRACON& Tower with Radar,422,95,99,7,623,0,0,21,4,25,422,95,120,11,648,0,0,0,648
10/28/2017,BNA,TN,ASO,CE,Combined TRACON& Tower with Radar,287,74,49,7,417,0,0,13,0,13,287,74,62,7,430,0,0,0,430
10/29/2017,BNA,TN,ASO,CE,Combined TRACON& Tower with Radar,365,56,63,8,492,0,0,8,1,9,365,56,71,9,501,0,0,0,501
10/30/2017,BNA,TN,ASO,CE,Combined TRACON& Tower with Radar,393,73,79,5,550,0,0,47,0,47,393,73,126,5,597,0,0,0,597
10/31/2017,BNA,TN,ASO,CE,Combined TRACON& Tower with Radar,358,73,62,3,496,0,1,34,0,35,358,74,96,3,531,0,0,0,531
11/01/2017,BNA,TN,ASO,CE,Combined TRACON& Tower with Radar,409,94,95,2,600,0,2,9,2,13,409,96,104,4,613,0,0,0,613
11/02/2017,BNA,TN,ASO,CE,Combined TRACON& Tower with Radar,412,81,81,3,577,0,1,8,14,23,412,82,89,17,600,0,0,0,600
11/03/2017,BNA,TN,ASO,CE,Combined TRACON& Tower with Radar,412,93,96,12,613,0,0,4,3,7,412,93,100,15,620,0,0,0,620
11/04/2017,BNA,TN,ASO,CE,Combined TRACON& Tower with Radar,288,63,43,9,403,0,1,4,12,17,288,64,47,21,420,0,0,0,420
11/05/2017,BNA,TN,ASO,CE,Combined TRACON& Tower with Radar,368,79,71,7,525,0,2,6,3,11,368,81,77,10,536,0,0,0,536
11/06/2017,BNA,TN,ASO,CE,Combined TRACON& Tower with Radar,412,87,103,7,609,0,0,0,0,0,412,87,103,7,609,0,0,0,609
11/07/2017,BNA,TN,ASO,CE,Combined TRACON& Tower with Radar,402,95,126,9,632,0,0,0,1,1,402,95,126,10,633,0,0,0,633
11/08/2017,BNA,TN,ASO,CE,Combined TRACON& Tower with Radar,412,107,126,4,649,0,0,6,0,6,412,107,132,4,655,0,0,0,655
11/09/2017,BNA,TN,ASO,CE,Combined TRACON& Tower with Radar,408,136,154,5,703,0,2,37,11,50,408,138,191,16,753,0,0,0,753
11/10/2017,BNA,TN,ASO,CE,Combined TRACON& Tower with Radar,401,94,86,1,582,0,1,34,1,36,401,95,120,2,618,0,0,0,618
11/11/2017,BNA,TN,ASO,CE,Combined TRACON& Tower with Radar,301,61,50,3,415,0,0,32,0,32,301,61,82,3,447,0,0,0,447
11/12/2017,BNA,TN,ASO,CE,Combined TRACON& Tower with Radar,372,78,83,10,543,0,0,4,2,6,372,78,87,12,549,0,0,0,549
11/13/2017,BNA,TN,ASO,CE,Combined TRACON& Tower with Radar,412,86,95,9,602,0,0,15,0,15,412,86,110,9,617,0,0,0,617
11/14/2017,BNA,TN,ASO,CE,Combined TRACON& Tower with Radar,35,20,56,2,113,0,0,40,0,40,35,20,96,2,153,8,0,8,161
11/15/2017,BNA,TN,ASO,CE,Combined TRACON& Tower with Radar,390,67,84,5,546,0,0,14,0,14,390,67,98,5,560,0,0,0,560
11/16/2017,BNA,TN,ASO,CE,Combined TRACON& Tower with Radar,409,76,120,10,615,0,1,37,21,59,409,77,157,31,674,0,0,0,674
11/17/2017,BNA,TN,ASO,CE,Combined TRACON& Tower with Radar,442,86,107,16,651,0,3,39,12,54,442,89,146,28,705,0,0,0,705
11/18/2017,BNA,TN,ASO,CE,Combined TRACON& Tower with Radar,346,54,43,7,450,0,0,2,0,2,346,54,45,7,452,0,0,0,452
11/19/2017,BNA,TN,ASO,CE,Combined TRACON& Tower with Radar,358,73,70,7,508,0,0,14,11,25,358,73,84,18,533,0,0,0,533
11/20/2017,BNA,TN,ASO,CE,Combined TRACON& Tower with Radar,376,83,79,5,543,0,3,45,2,50,376,86,124,7,593,0,0,0,593
11/21/2017,BNA,TN,ASO,CE,Combined TRACON& Tower with Radar,399,97,70,9,575,0,1,38,13,52,399,98,108,22,627,0,0,0,627
11/22/2017,BNA,TN,ASO,CE,Combined TRACON& Tower with Radar,445,81,72,2,600,0,0,34,0,34,445,81,106,2,634,0,0,0,634
11/23/2017,BNA,TN,ASO,CE,Combined TRACON& Tower with Radar,202,41,15,0,258,0,0,4,0,4,202,41,19,0,262,0,0,0,262
11/24/2017,BNA,TN,ASO,CE,Combined TRACON& Tower with Radar,293,64,46,0,403,0,0,31,0,31,293,64,77,0,434,0,0,0,434
11/25/2017,BNA,TN,ASO,CE,Combined TRACON& Tower with Radar,380,82,50,0,512,0,1,26,0,27,380,83,76,0,539,0,0,0,539
11/26/2017,BNA,TN,ASO,CE,Combined TRACON& Tower with Radar,416,84,78,1,579,0,0,24,0,24,416,84,102,1,603,0,0,0,603
11/27/2017,BNA,TN,ASO,CE,Combined TRACON& Tower with Radar,439,72,79,7,597,0,1,41,2,44,439,73,120,9,641,0,0,0,641
11/28/2017,BNA,TN,ASO,CE,Combined TRACON& Tower with Radar,402,80,90,2,574,0,0,48,10,58,402,80,138,12,632,0,0,0,632
11/29/2017,BNA,TN,ASO,CE,Combined TRACON& Tower with Radar,405,82,109,11,607,0,2,38,4,44,405,84,147,15,651,0,0,0,651
11/30/2017,BNA,TN,ASO,CE,Combined TRACON& Tower with Radar,406,107,101,10,624,0,0,5,11,16,406,107,106,21,640,0,0,0,640
12/01/2017,BNA,TN,ASO,CE,Combined TRACON& Tower with Radar,409,109,90,6,614,0,3,36,6,45,409,112,126,12,659,0,0,0,659
12/02/2017,BNA,TN,ASO,CE,Combined TRACON& Tower with Radar,291,72,40,5,408,0,0,32,5,37,291,72,72,10,445,0,0,0,445
12/03/2017,BNA,TN,ASO,CE,Combined TRACON& Tower with Radar,341,90,61,6,498,0,0,11,2,13,341,90,72,8,511,0,0,0,511
12/04/2017,BNA,TN,ASO,CE,Combined TRACON& Tower with Radar,395,89,50,8,542,0,5,28,2,35,395,94,78,10,577,0,0,0,577
12/05/2017,BNA,TN,ASO,CE,Combined TRACON& Tower with Radar,394,80,78,2,554,0,0,5,12,17,394,80,83,14,571,0,0,0,571
12/06/2017,BNA,TN,ASO,CE,Combined TRACON& Tower with Radar,405,76,83,3,567,0,3,32,2,37,405,79,115,5,604,0,0,0,604
12/07/2017,BNA,TN,ASO,CE,Combined TRACON& Tower with Radar,393,92,93,4,582,0,1,32,9,42,393,93,125,13,624,0,0,0,624
12/08/2017,BNA,TN,ASO,CE,Combined TRACON& Tower with Radar,387,81,83,4,555,0,1,32,1,34,387,82,115,5,589,0,0,0,589
12/09/2017,BNA,TN,ASO,CE,Combined TRACON& Tower with Radar,281,55,43,9,388,0,2,30,2,34,281,57,73,11,422,0,0,0,422
12/10/2017,BNA,TN,ASO,CE,Combined TRACON& Tower with Radar,338,56,39,5,438,0,0,18,0,18,338,56,57,5,456,0,0,0,456
12/11/2017,BNA,TN,ASO,CE,Combined TRACON& Tower with Radar,399,69,71,3,542,0,1,50,1,52,399,70,121,4,594,0,0,0,594
12/12/2017,BNA,TN,ASO,CE,Combined TRACON& Tower with Radar,392,76,71,3,542,0,0,16,13,29,392,76,87,16,571,0,0,0,571
12/13/2017,BNA,TN,ASO,CE,Combined TRACON& Tower with Radar,399,70,81,5,555,0,0,28,4,32,399,70,109,9,587,0,0,0,587
12/14/2017,BNA,TN,ASO,CE,Combined TRACON& Tower with Radar,391,98,101,4,594,0,0,34,10,44,391,98,135,14,638,0,0,0,638
12/15/2017,BNA,TN,ASO,CE,Combined TRACON& Tower with Radar,389,93,73,6,561,0,0,31,9,40,389,93,104,15,601,0,0,0,601
12/16/2017,BNA,TN,ASO,CE,Combined TRACON& Tower with Radar,289,83,40,6,418,0,0,26,7,33,289,83,66,13,451,0,0,0,451
12/17/2017,BNA,TN,ASO,CE,Combined TRACON& Tower with Radar,343,60,57,1,461,0,0,0,2,2,343,60,57,3,463,0,0,0,463
12/18/2017,BNA,TN,ASO,CE,Combined TRACON& Tower with Radar,403,90,73,1,567,0,0,6,4,10,403,90,79,5,577,0,0,0,577
12/19/2017,BNA,TN,ASO,CE,Combined TRACON& Tower with Radar,390,79,77,1,547,0,0,1,1,2,390,79,78,2,549,0,0,0,549
12/20/2017,BNA,TN,ASO,CE,Combined TRACON& Tower with Radar,430,96,66,5,597,0,0,0,0,0,430,96,66,5,597,0,0,0,597
12/21/2017,BNA,TN,ASO,CE,Combined TRACON& Tower with Radar,413,85,74,7,579,0,0,1,0,1,413,85,75,7,580,0,0,0,580
12/22/2017,BNA,TN,ASO,CE,Combined TRACON& Tower with Radar,414,75,52,2,543,0,0,0,0,0,414,75,52,2,543,0,0,0,543
12/23/2017,BNA,TN,ASO,CE,Combined TRACON& Tower with Radar,368,87,33,0,488,0,0,0,0,0,368,87,33,0,488,0,0,0,488
12/24/2017,BNA,TN,ASO,CE,Combined TRACON& Tower with Radar,276,42,36,0,354,0,0,0,0,0,276,42,36,0,354,0,0,0,354
12/25/2017,BNA,TN,ASO,CE,Combined TRACON& Tower with Radar,286,32,12,0,330,0,1,2,0,3,286,33,14,0,333,0,0,0,333
12/26/2017,BNA,TN,ASO,CE,Combined TRACON& Tower with Radar,397,72,62,2,533,0,0,27,0,27,397,72,89,2,560,0,0,0,560
12/27/2017,BNA,TN,ASO,CE,Combined TRACON& Tower with Radar,397,81,53,2,533,0,0,27,0,27,397,81,80,2,560,0,0,0,560
12/28/2017,BNA,TN,ASO,CE,Combined TRACON& Tower with Radar,385,70,47,1,503,0,2,32,4,38,385,72,79,5,541,0,0,0,541
12/29/2017,BNA,TN,ASO,CE,Combined TRACON& Tower with Radar,401,76,39,0,516,0,0,24,1,25,401,76,63,1,541,0,0,0,541
12/30/2017,BNA,TN,ASO,CE,Combined TRACON& Tower with Radar,362,69,42,3,476,0,1,17,0,18,362,70,59,3,494,0,0,0,494
12/31/2017,BNA,TN,ASO,CE,Combined TRACON& Tower with Radar,284,62,33,0,379,0,0,5,0,5,284,62,38,0,384,0,0,0,384
01/01/2018,BNA,TN,ASO,CE,Combined TRACON& Tower with Radar,322,77,43,0,442,0,0,8,0,8,322,77,51,0,450,0,0,0,450
01/02/2018,BNA,TN,ASO,CE,Combined TRACON& Tower with Radar,390,79,66,2,537,0,0,31,0,31,390,79,97,2,568,0,0,0,568
01/03/2018,BNA,TN,ASO,CE,Combined TRACON& Tower with Radar,376,65,48,1,490,0,1,40,6,47,376,66,88,7,537,0,0,0,537
01/04/2018,BNA,TN,ASO,CE,Combined TRACON& Tower with Radar,332,62,38,5,437,0,2,24,23,49,332,64,62,28,486,0,0,0,486
01/05/2018,BNA,TN,ASO,CE,Combined TRACON& Tower with Radar,360,75,64,10,509,0,3,28,9,40,360,78,92,19,549,0,0,0,549
01/06/2018,BNA,TN,ASO,CE,Combined TRACON& Tower with Radar,308,55,33,10,406,0,0,31,11,42,308,55,64,21,448,0,0,0,448
01/07/2018,BNA,TN,ASO,CE,Combined TRACON& Tower with Radar,350,71,52,2,475,0,3,11,0,14,350,74,63,2,489,0,0,0,489
01/08/2018,BNA,TN,ASO,CE,Combined TRACON& Tower with Radar,371,73,40,1,485,0,0,0,0,0,371,73,40,1,485,0,0,0,485
01/09/2018,BNA,TN,ASO,CE,Combined TRACON& Tower with Radar,390,73,97,2,562,0,0,0,0,0,390,73,97,2,562,0,0,0,562
01/10/2018,BNA,TN,ASO,CE,Combined TRACON& Tower with Radar,394,62,72,0,528,0,1,36,6,43,394,63,108,6,571,0,0,0,571
01/11/2018,BNA,TN,ASO,CE,Combined TRACON& Tower with Radar,387,87,84,4,562,0,1,18,14,33,387,88,102,18,595,0,0,0,595
01/12/2018,BNA,TN,ASO,CE,Combined TRACON& Tower with Radar,282,48,42,0,372,0,0,0,0,0,282,48,42,0,372,0,0,0,372
01/13/2018,BNA,TN,ASO,CE,Combined TRACON& Tower with Radar,275,68,41,1,385,0,0,1,1,2,275,68,42,2,387,0,0,0,387
01/14/2018,BNA,TN,ASO,CE,Combined TRACON& Tower with Radar,318,54,40,0,412,0,0,14,2,16,318,54,54,2,428,0,0,0,428
01/15/2018,BNA,TN,ASO,CE,Combined TRACON& Tower with Radar,374,92,81,0,547,0,0,26,1,27,374,92,107,1,574,0,0,0,574
01/16/2018,BNA,TN,ASO,CE,Combined TRACON& Tower with Radar,371,63,57,0,491,0,1,1,0,2,371,64,58,0,493,0,0,0,493
01/17/2018,BNA,TN,ASO,CE,Combined TRACON& Tower with Radar,359,65,57,1,482,0,0,11,0,11,359,65,68,1,493,0,0,0,493
01/18/2018,BNA,TN,ASO,CE,Combined TRACON& Tower with Radar,369,94,80,4,547,0,0,29,12,41,369,94,109,16,588,0,0,0,588
01/19/2018,BNA,TN,ASO,CE,Combined TRACON& Tower with Radar,390,79,79,4,552,0,0,49,24,73,390,79,128,28,625,0,0,0,625
01/20/2018,BNA,TN,ASO,CE,Combined TRACON& Tower with Radar,290,54,35,1,380,0,0,34,4,38,290,54,69,5,418,0,0,0,418
01/21/2018,BNA,TN,ASO,CE,Combined TRACON& Tower with Radar,332,65,37,3,437,0,0,16,1,17,332,65,53,4,454,0,0,0,454
01/22/2018,BNA,TN,ASO,CE,Combined TRACON& Tower with Radar,387,77,51,1,516,0,0,2,3,5,387,77,53,4,521,0,0,0,521
01/23/2018,BNA,TN,ASO,CE,Combined TRACON& Tower with Radar,383,70,75,2,530,0,0,24,2,26,383,70,99,4,556,0,0,0,556
01/24/2018,BNA,TN,ASO,CE,Combined TRACON& Tower with Radar,403,87,82,5,577,0,2,37,2,41,403,89,119,7,618,0,0,0,618
01/25/2018,BNA,TN,ASO,CE,Combined TRACON& Tower with Radar,392,85,71,3,551,0,4,39,18,61,392,89,110,21,612,0,0,0,612
01/26/2018,BNA,TN,ASO,CE,Combined TRACON& Tower with Radar,400,75,63,1,539,0,5,45,3,53,400,80,108,4,592,0,0,0,592
01/27/2018,BNA,TN,ASO,CE,Combined TRACON& Tower with Radar,279,64,34,2,379,0,1,3,0,4,279,65,37,2,383,0,0,0,383
01/28/2018,BNA,TN,ASO,CE,Combined TRACON& Tower with Radar,335,62,58,1,456,0,0,13,1,14,335,62,71,2,470,0,0,0,470
01/29/2018,BNA,TN,ASO,CE,Combined TRACON& Tower with Radar,389,66,56,2,513,0,0,22,4,26,389,66,78,6,539,0,0,0,539
01/30/2018,BNA,TN,ASO,CE,Combined TRACON& Tower with Radar,384,59,56,2,501,0,2,53,13,68,384,61,109,15,569,0,0,0,569
01/31/2018,BNA,TN,ASO,CE,Combined TRACON& Tower with Radar,395,63,89,5,552,0,0,44,7,51,395,63,133,12,603,0,0,0,603
02/01/2018,BNA,TN,ASO,CE,Combined TRACON& Tower with Radar,392,92,79,0,563,0,0,1,1,2,392,92,80,1,565,0,0,0,565
02/02/2018,BNA,TN,ASO,CE,Combined TRACON& Tower with Radar,389,79,70,8,546,0,0,27,8,35,389,79,97,16,581,0,0,0,581
02/03/2018,BNA,TN,ASO,CE,Combined TRACON& Tower with Radar,283,63,36,0,382,0,3,20,12,35,283,66,56,12,417,0,0,0,417
02/04/2018,BNA,TN,ASO,CE,Combined TRACON& Tower with Radar,292,56,41,2,391,0,0,3,2,5,292,56,44,4,396,0,0,0,396
02/05/2018,BNA,TN,ASO,CE,Combined TRACON& Tower with Radar,391,69,55,7,522,0,0,29,5,34,391,69,84,12,556,0,0,0,556
02/06/2018,BNA,TN,ASO,CE,Combined TRACON& Tower with Radar,388,87,82,7,564,0,2,21,6,29,388,89,103,13,593,0,0,0,593
02/07/2018,BNA,TN,ASO,CE,Combined TRACON& Tower with Radar,382,83,79,11,555,0,0,3,0,3,382,83,82,11,558,0,0,0,558
02/08/2018,BNA,TN,ASO,CE,Combined TRACON& Tower with Radar,389,86,88,3,566,0,1,42,22,65,389,87,130,25,631,0,0,0,631
02/09/2018,BNA,TN,ASO,CE,Combined TRACON& Tower with Radar,365,63,78,12,518,0,1,37,9,47,365,64,115,21,565,0,0,0,565
02/10/2018,BNA,TN,ASO,CE,Combined TRACON& Tower with Radar,288,51,30,2,371,0,0,0,0,0,288,51,30,2,371,0,0,0,371
02/11/2018,BNA,TN,ASO,CE,Combined TRACON& Tower with Radar,320,62,39,9,430,0,0,0,0,0,320,62,39,9,430,0,0,0,430
02/12/2018,BNA,TN,ASO,CE,Combined TRACON& Tower with Radar,388,87,63,11,549,0,0,5,2,7,388,87,68,13,556,0,0,0,556
02/13/2018,BNA,TN,ASO,CE,Combined TRACON& Tower with Radar,385,87,85,6,563,0,0,15,14,29,385,87,100,20,592,0,0,0,592
02/14/2018,BNA,TN,ASO,CE,Combined TRACON& Tower with Radar,363,60,67,5,495,0,0,0,0,0,363,60,67,5,495,0,0,0,495
02/15/2018,BNA,TN,ASO,CE,Combined TRACON& Tower with Radar,397,105,85,2,589,0,2,14,17,33,397,107,99,19,622,0,0,0,622
02/16/2018,BNA,TN,ASO,CE,Combined TRACON& Tower with Radar,399,83,52,5,539,0,0,0,0,0,399,83,52,5,539,0,0,0,539
02/17/2018,BNA,TN,ASO,CE,Combined TRACON& Tower with Radar,286,74,23,1,384,0,0,0,0,0,286,74,23,1,384,0,0,0,384
02/18/2018,BNA,TN,ASO,CE,Combined TRACON& Tower with Radar,325,89,36,4,454,0,3,25,3,31,325,92,61,7,485,0,0,0,485
02/19/2018,BNA,TN,ASO,CE,Combined TRACON& Tower with Radar,395,88,70,1,554,0,1,11,0,12,395,89,81,1,566,0,0,0,566
02/20/2018,BNA,TN,ASO,CE,Combined TRACON& Tower with Radar,385,75,79,11,550,0,0,14,5,19,385,75,93,16,569,0,0,0,569
02/21/2018,BNA,TN,ASO,CE,Combined TRACON& Tower with Radar,427,84,87,7,605,0,0,3,0,3,427,84,90,7,608,0,0,0,608
02/22/2018,BNA,TN,ASO,CE,Combined TRACON& Tower with Radar,403,77,67,3,550,0,0,2,0,2,403,77,69,3,552,0,0,0,552
02/23/2018,BNA,TN,ASO,CE,Combined TRACON& Tower with Radar,406,90,70,6,572,0,0,34,18,52,406,90,104,24,624,0,0,0,624
02/24/2018,BNA,TN,ASO,CE,Combined TRACON& Tower with Radar,302,66,31,3,402,0,0,8,16,24,302,66,39,19,426,0,0,0,426
02/25/2018,BNA,TN,ASO,CE,Combined TRACON& Tower with Radar,353,83,75,7,518,0,0,20,12,32,353,83,95,19,550,0,0,0,550
02/26/2018,BNA,TN,ASO,CE,Combined TRACON& Tower with Radar,399,92,76,5,572,0,2,46,6,54,399,94,122,11,626,0,0,0,626
02/27/2018,BNA,TN,ASO,CE,Combined TRACON& Tower with Radar,392,90,132,2,616,0,0,25,1,26,392,90,157,3,642,0,0,0,642
02/28/2018,BNA,TN,ASO,CE,Combined TRACON& Tower with Radar,408,110,112,2,632,0,0,1,0,1,408,110,113,2,633,0,0,0,633
03/01/2018,BNA,TN,ASO,CE,Combined TRACON& Tower with Radar,408,105,111,2,626,0,1,11,9,21,408,106,122,11,647,0,0,0,647
03/02/2018,BNA,TN,ASO,CE,Combined TRACON& Tower with Radar,354,77,105,2,538,0,0,61,7,68,354,77,166,9,606,0,0,0,606
03/03/2018,BNA,TN,ASO,CE,Combined TRACON& Tower with Radar,290,68,50,2,410,0,0,61,6,67,290,68,111,8,477,0,0,0,477
03/04/2018,BNA,TN,ASO,CE,Combined TRACON& Tower with Radar,352,80,67,4,503,0,0,31,7,38,352,80,98,11,541,0,0,0,541
03/05/2018,BNA,TN,ASO,CE,Combined TRACON& Tower with Radar,389,74,75,0,538,0,1,14,0,15,389,75,89,0,553,0,0,0,553
03/06/2018,BNA,TN,ASO,CE,Combined TRACON& Tower with Radar,396,90,97,4,587,0,0,30,14,44,396,90,127,18,631,0,0,0,631
03/07/2018,BNA,TN,ASO,CE,Combined TRACON& Tower with Radar,366,81,99,6,552,0,0,15,0,15,366,81,114,6,567,0,0,0,567
03/08/2018,BNA,TN,ASO,CE,Combined TRACON& Tower with Radar,406,94,95,5,600,0,0,17,8,25,406,94,112,13,625,0,0,0,625
03/09/2018,BNA,TN,ASO,CE,Combined TRACON& Tower with Radar,410,84,76,4,574,0,0,13,5,18,410,84,89,9,592,0,0,0,592
03/10/2018,BNA,TN,ASO,CE,Combined TRACON& Tower with Radar,349,56,49,4,458,0,1,14,1,16,349,57,63,5,474,0,0,0,474
03/11/2018,BNA,TN,ASO,CE,Combined TRACON& Tower with Radar,378,64,61,4,507,0,0,0,0,0,378,64,61,4,507,0,0,0,507
03/12/2018,BNA,TN,ASO,CE,Combined TRACON& Tower with Radar,410,84,55,3,552,0,1,20,2,23,410,85,75,5,575,0,0,0,575
03/13/2018,BNA,TN,ASO,CE,Combined TRACON& Tower with Radar,386,86,68,1,541,0,0,33,12,45,386,86,101,13,586,0,0,0,586
03/14/2018,BNA,TN,ASO,CE,Combined TRACON& Tower with Radar,421,74,62,4,561,0,0,26,15,41,421,74,88,19,602,0,0,0,602
03/15/2018,BNA,TN,ASO,CE,Combined TRACON& Tower with Radar,413,75,81,5,574,0,0,36,19,55,413,75,117,24,629,0,0,0,629
03/16/2018,BNA,TN,ASO,CE,Combined TRACON& Tower with Radar,403,100,89,5,597,0,0,24,1,25,403,100,113,6,622,0,0,0,622
03/17/2018,BNA,TN,ASO,CE,Combined TRACON& Tower with Radar,351,72,47,4,474,0,0,14,2,16,351,72,61,6,490,0,0,0,490
03/18/2018,BNA,TN,ASO,CE,Combined TRACON& Tower with Radar,382,89,60,4,535,0,0,12,0,12,382,89,72,4,547,0,0,0,547
03/19/2018,BNA,TN,ASO,CE,Combined TRACON& Tower with Radar,394,68,52,4,518,0,0,16,0,16,394,68,68,4,534,0,0,0,534
03/20/2018,BNA,TN,ASO,CE,Combined TRACON& Tower with Radar,390,72,82,1,545,0,0,2,0,2,390,72,84,1,547,0,0,0,547
03/21/2018,BNA,TN,ASO,CE,Combined TRACON& Tower with Radar,340,78,70,1,489,0,2,20,10,32,340,80,90,11,521,0,0,0,521
03/22/2018,BNA,TN,ASO,CE,Combined TRACON& Tower with Radar,393,95,106,2,596,0,1,61,13,75,393,96,167,15,671,0,0,0,671
03/23/2018,BNA,TN,ASO,CE,Combined TRACON& Tower with Radar,406,97,77,11,591,0,0,47,6,53,406,97,124,17,644,0,0,0,644
03/24/2018,BNA,TN,ASO,CE,Combined TRACON& Tower with Radar,347,78,72,5,502,0,0,4,0,4,347,78,76,5,506,0,0,0,506
03/25/2018,BNA,TN,ASO,CE,Combined TRACON& Tower with Radar,387,98,79,1,565,0,0,2,0,2,387,98,81,1,567,0,0,0,567
03/26/2018,BNA,TN,ASO,CE,Combined TRACON& Tower with Radar,419,83,79,2,583,0,0,13,0,13,419,83,92,2,596,0,0,0,596
03/27/2018,BNA,TN,ASO,CE,Combined TRACON& Tower with Radar,403,77,81,6,567,0,3,14,17,34,403,80,95,23,601,0,0,0,601
03/28/2018,BNA,TN,ASO,CE,Combined TRACON& Tower with Radar,416,81,126,2,625,0,0,12,4,16,416,81,138,6,641,0,0,0,641
03/29/2018,BNA,TN,ASO,CE,Combined TRACON& Tower with Radar,415,74,110,9,608,0,0,8,0,8,415,74,118,9,616,0,0,0,616
03/30/2018,BNA,TN,ASO,CE,Combined TRACON& Tower with Radar,423,75,69,0,567,0,0,20,1,21,423,75,89,1,588,0,0,0,588
03/31/2018,BNA,TN,ASO,CE,Combined TRACON& Tower with Radar,342,61,27,1,431,0,0,36,0,36,342,61,63,1,467,0,0,0,467
04/01/2018,BNA,TN,ASO,CE,Combined TRACON& Tower with Radar,379,81,30,1,491,0,1,1,0,2,379,82,31,1,493,0,0,0,493
04/02/2018,BNA,TN,ASO,CE,Combined TRACON& Tower with Radar,395,90,65,3,553,0,0,5,1,6,395,90,70,4,559,0,0,0,559
04/03/2018,BNA,TN,ASO,CE,Combined TRACON& Tower with Radar,378,70,77,4,529,0,1,21,4,26,378,71,98,8,555,0,0,0,555
04/04/2018,BNA,TN,ASO,CE,Combined TRACON& Tower with Radar,416,89,87,5,597,0,0,39,4,43,416,89,126,9,640,0,0,0,640
04/05/2018,BNA,TN,ASO,CE,Combined TRACON& Tower with Radar,416,98,99,5,618,0,1,92,15,108,416,99,191,20,726,0,0,0,726
04/06/2018,BNA,TN,ASO,CE,Combined TRACON& Tower with Radar,391,92,81,0,564,0,0,46,1,47,391,92,127,1,611,0,0,0,611
04/07/2018,BNA,TN,ASO,CE,Combined TRACON& Tower with Radar,343,83,36,3,465,0,0,1,1,2,343,83,37,4,467,0,0,0,467
04/08/2018,BNA,TN,ASO,CE,Combined TRACON& Tower with Radar,398,116,71,2,587,0,0,11,0,11,398,116,82,2,598,0,0,0,598
04/09/2018,BNA,TN,ASO,CE,Combined TRACON& Tower with Radar,406,97,65,3,571,0,0,41,1,42,406,97,106,4,613,0,0,0,613
04/10/2018,BNA,TN,ASO,CE,Combined TRACON& Tower with Radar,406,90,101,12,609,0,2,51,2,55,406,92,152,14,664,0,0,0,664
04/11/2018,BNA,TN,ASO,CE,Combined TRACON& Tower with Radar,411,84,91,3,589,0,1,55,0,56,411,85,146,3,645,0,0,0,645
04/12/2018,BNA,TN,ASO,CE,Combined TRACON& Tower with Radar,416,112,89,0,617,0,0,24,0,24,416,112,113,0,641,0,0,0,641
04/13/2018,BNA,TN,ASO,CE,Combined TRACON& Tower with Radar,404,99,101,7,611,0,0,13,1,14,404,99,114,8,625,0,0,0,625
04/14/2018,BNA,TN,ASO,CE,Combined TRACON& Tower with Radar,314,60,29,1,404,0,0,1,0,1,314,60,30,1,405,0,0,0,405
04/15/2018,BNA,TN,ASO,CE,Combined TRACON& Tower with Radar,383,73,58,0,514,0,1,5,1,7,383,74,63,1,521,0,0,0,521
04/16/2018,BNA,TN,ASO,CE,Combined TRACON& Tower with Radar,415,94,78,2,589,0,2,15,0,17,415,96,93,2,606,0,0,0,606
04/17/2018,BNA,TN,ASO,CE,Combined TRACON& Tower with Radar,413,92,96,3,604,0,1,47,24,72,413,93,143,27,676,0,0,0,676
04/18/2018,BNA,TN,ASO,CE,Combined TRACON& Tower with Radar,421,98,85,2,606,0,0,17,10,27,421,98,102,12,633,0,0,0,633
04/19/2018,BNA,TN,ASO,CE,Combined TRACON& Tower with Radar,426,98,108,2,634,0,1,45,11,57,426,99,153,13,691,0,0,0,691
04/20/2018,BNA,TN,ASO,CE,Combined TRACON& Tower with Radar,419,96,95,3,613,0,1,46,12,59,419,97,141,15,672,0,0,0,672
04/21/2018,BNA,TN,ASO,CE,Combined TRACON& Tower with Radar,319,72,50,3,444,0,0,56,8,64,319,72,106,11,508,0,0,0,508
04/22/2018,BNA,TN,ASO,CE,Combined TRACON& Tower with Radar,406,87,70,2,565,0,0,0,2,2,406,87,70,4,567,0,0,0,567
04/23/2018,BNA,TN,ASO,CE,Combined TRACON& Tower with Radar,406,101,77,1,585,0,2,2,1,5,406,103,79,2,590,0,0,0,590
04/24/2018,BNA,TN,ASO,CE,Combined TRACON& Tower with Radar,416,108,91,5,620,0,0,4,4,8,416,108,95,9,628,0,0,0,628
04/25/2018,BNA,TN,ASO,CE,Combined TRACON& Tower with Radar,408,107,113,6,634,0,0,19,7,26,408,107,132,13,660,0,0,0,660
04/26/2018,BNA,TN,ASO,CE,Combined TRACON& Tower with Radar,425,119,82,5,631,0,0,5,15,20,425,119,87,20,651,0,0,0,651
04/27/2018,BNA,TN,ASO,CE,Combined TRACON& Tower with Radar,416,88,95,15,614,0,0,57,7,64,416,88,152,22,678,0,0,0,678
04/28/2018,BNA,TN,ASO,CE,Combined TRACON& Tower with Radar,313,74,45,5,437,0,0,50,2,52,313,74,95,7,489,0,0,0,489
04/29/2018,BNA,TN,ASO,CE,Combined TRACON& Tower with Radar,416,86,78,3,583,0,0,19,0,19,416,86,97,3,602,0,0,0,602
04/30/2018,BNA,TN,ASO,CE,Combined TRACON& Tower with Radar,421,95,71,2,589,0,5,59,0,64,421,100,130,2,653,0,0,0,653
05/01/2018,BNA,TN,ASO,CE,Combined TRACON& Tower with Radar,415,100,80,3,598,0,1,60,20,81,415,101,140,23,679,0,0,0,679
05/02/2018,BNA,TN,ASO,CE,Combined TRACON& Tower with Radar,412,107,85,3,607,0,1,57,5,63,412,108,142,8,670,0,0,0,670
05/03/2018,BNA,TN,ASO,CE,Combined TRACON& Tower with Radar,409,103,99,11,622,0,1,52,13,66,409,104,151,24,688,0,0,0,688
05/04/2018,BNA,TN,ASO,CE,Combined TRACON& Tower with Radar,428,115,109,13,665,0,1,23,7,31,428,116,132,20,696,0,0,0,696
05/05/2018,BNA,TN,ASO,CE,Combined TRACON& Tower with Radar,318,55,41,4,418,0,0,0,0,0,318,55,41,4,418,0,0,0,418
05/06/2018,BNA,TN,ASO,CE,Combined TRACON& Tower with Radar,420,91,85,7,603,0,0,18,7,25,420,91,103,14,628,0,0,0,628
05/07/2018,BNA,TN,ASO,CE,Combined TRACON& Tower with Radar,416,101,55,0,572,0,1,20,2,23,416,102,75,2,595,0,0,0,595
05/08/2018,BNA,TN,ASO,CE,Combined TRACON& Tower with Radar,434,86,98,0,618,0,1,43,16,60,434,87,141,16,678,0,0,0,678
05/09/2018,BNA,TN,ASO,CE,Combined TRACON& Tower with Radar,414,117,102,0,633,0,3,43,8,54,414,120,145,8,687,0,0,0,687
05/10/2018,BNA,TN,ASO,CE,Combined TRACON& Tower with Radar,426,133,128,0,687,0,2,29,13,44,426,135,157,13,731,0,0,0,731
05/11/2018,BNA,TN,ASO,CE,Combined TRACON& Tower with Radar,419,115,94,0,628,0,2,38,4,44,419,117,132,4,672,0,0,0,672
05/12/2018,BNA,TN,ASO,CE,Combined TRACON& Tower with Radar,314,95,41,0,450,0,0,62,4,66,314,95,103,4,516,0,0,0,516
05/13/2018,BNA,TN,ASO,CE,Combined TRACON& Tower with Radar,400,79,55,2,536,0,0,19,1,20,400,79,74,3,556,0,0,0,556
05/14/2018,BNA,TN,ASO,CE,Combined TRACON& Tower with Radar,405,91,76,4,576,0,0,44,1,45,405,91,120,5,621,0,0,0,621
05/15/2018,BNA,TN,ASO,CE,Combined TRACON& Tower with Radar,407,78,90,7,582,0,0,30,6,36,407,78,120,13,618,0,0,0,618
05/16/2018,BNA,TN,ASO,CE,Combined TRACON& Tower with Radar,426,89,126,5,646,0,0,29,5,34,426,89,155,10,680,0,0,0,680
05/17/2018,BNA,TN,ASO,CE,Combined TRACON& Tower with Radar,426,102,89,1,618,0,0,18,8,26,426,102,107,9,644,0,0,0,644
05/18/2018,BNA,TN,ASO,CE,Combined TRACON& Tower with Radar,420,102,94,5,621,0,0,31,7,38,420,102,125,12,659,0,0,0,659
05/19/2018,BNA,TN,ASO,CE,Combined TRACON& Tower with Radar,318,83,42,5,448,0,0,33,9,42,318,83,75,14,490,0,0,0,490
05/20/2018,BNA,TN,ASO,CE,Combined TRACON& Tower with Radar,404,99,63,6,572,0,0,7,5,12,404,99,70,11,584,0,0,0,584
05/21/2018,BNA,TN,ASO,CE,Combined TRACON& Tower with Radar,419,89,85,1,594,0,1,63,2,66,419,90,148,3,660,0,0,0,660
05/22/2018,BNA,TN,ASO,CE,Combined TRACON& Tower with Radar,427,93,65,0,585,0,0,33,2,35,427,93,98,2,620,0,0,0,620
05/23/2018,BNA,TN,ASO,CE,Combined TRACON& Tower with Radar,423,94,92,2,611,0,0,59,9,68,423,94,151,11,679,0,0,0,679
05/24/2018,BNA,TN,ASO,CE,Combined TRACON& Tower with Radar,427,97,81,5,610,0,2,51,24,77,427,99,132,29,687,0,0,0,687
05/25/2018,BNA,TN,ASO,CE,Combined TRACON& Tower with Radar,418,93,69,2,582,0,2,42,2,46,418,95,111,4,628,0,0,0,628
05/26/2018,BNA,TN,ASO,CE,Combined TRACON& Tower with Radar,310,84,42,3,439,0,0,16,1,17,310,84,58,4,456,0,0,0,456
05/27/2018,BNA,TN,ASO,CE,Combined TRACON& Tower with Radar,299,73,39,0,411,0,1,7,0,8,299,74,46,0,419,0,0,0,419
05/28/2018,BNA,TN,ASO,CE,Combined TRACON& Tower with Radar,377,70,30,2,479,0,0,20,0,20,377,70,50,2,499,0,0,0,499
05/29/2018,BNA,TN,ASO,CE,Combined TRACON& Tower with Radar,428,85,32,2,547,0,0,6,0,6,428,85,38,2,553,0,0,0,553
05/30/2018,BNA,TN,ASO,CE,Combined TRACON& Tower with Radar,425,99,106,3,633,0,0,21,4,25,425,99,127,7,658,0,0,0,658
05/31/2018,BNA,TN,ASO,CE,Combined TRACON& Tower with Radar,415,97,92,3,607,0,0,56,15,71,415,97,148,18,678,0,0,0,678
06/01/2018,BNA,TN,ASO,CE,Combined TRACON& Tower with Radar,416,86,48,1,551,0,0,30,8,38,416,86,78,9,589,0,0,0,589
06/02/2018,BNA,TN,ASO,CE,Combined TRACON& Tower with Radar,320,92,47,1,460,0,1,62,8,71,320,93,109,9,531,0,0,0,531
06/03/2018,BNA,TN,ASO,CE,Combined TRACON& Tower with Radar,408,82,47,3,540,0,0,9,3,12,408,82,56,6,552,0,0,0,552
06/04/2018,BNA,TN,ASO,CE,Combined TRACON& Tower with Radar,418,106,75,1,600,0,1,48,0,49,418,107,123,1,649,0,0,0,649
06/05/2018,BNA,TN,ASO,CE,Combined TRACON& Tower with Radar,421,85,97,0,603,0,1,61,2,64,421,86,158,2,667,0,0,0,667
06/06/2018,BNA,TN,ASO,CE,Combined TRACON& Tower with Radar,424,104,116,0,644,0,1,66,6,73,424,105,182,6,717,0,0,0,717
06/07/2018,BNA,TN,ASO,CE,Combined TRACON& Tower with Radar,413,112,86,4,615,0,0,78,14,92,413,112,164,18,707,0,0,0,707
06/08/2018,BNA,TN,ASO,CE,Combined TRACON& Tower with Radar,433,102,83,1,619,0,1,38,2,41,433,103,121,3,660,0,0,0,660
06/09/2018,BNA,TN,ASO,CE,Combined TRACON& Tower with Radar,377,71,40,1,489,0,5,51,0,56,377,76,91,1,545,0,0,0,545
06/10/2018,BNA,TN,ASO,CE,Combined TRACON& Tower with Radar,422,91,63,1,577,0,4,11,0,15,422,95,74,1,592,0,0,0,592
06/11/2018,BNA,TN,ASO,CE,Combined TRACON& Tower with Radar,454,101,85,3,643,0,4,31,1,36,454,105,116,4,679,0,0,0,679
06/12/2018,BNA,TN,ASO,CE,Combined TRACON& Tower with Radar,436,104,82,4,626,0,0,19,8,27,436,104,101,12,653,0,0,0,653
06/13/2018,BNA,TN,ASO,CE,Combined TRACON& Tower with Radar,434,95,75,2,606,0,0,19,4,23,434,95,94,6,629,0,0,0,629
06/14/2018,BNA,TN,ASO,CE,Combined TRACON& Tower with Radar,435,97,96,1,629,0,1,31,17,49,435,98,127,18,678,0,0,0,678
06/15/2018,BNA,TN,ASO,CE,Combined TRACON& Tower with Radar,427,90,69,0,586,0,0,41,12,53,427,90,110,12,639,0,0,0,639
06/16/2018,BNA,TN,ASO,CE,Combined TRACON& Tower with Radar,372,70,36,8,486,0,0,57,2,59,372,70,93,10,545,0,0,0,545
06/17/2018,BNA,TN,ASO,CE,Combined TRACON& Tower with Radar,436,87,50,5,578,0,1,12,0,13,436,88,62,5,591,0,0,0,591
06/18/2018,BNA,TN,ASO,CE,Combined TRACON& Tower with Radar,429,92,70,0,591,0,0,35,3,38,429,92,105,3,629,0,0,0,629
06/19/2018,BNA,TN,ASO,CE,Combined TRACON& Tower with Radar,428,92,94,2,616,0,0,44,6,50,428,92,138,8,666,0,0,0,666
06/20/2018,BNA,TN,ASO,CE,Combined TRACON& Tower with Radar,418,90,90,5,603,0,0,42,7,49,418,90,132,12,652,0,0,0,652
06/21/2018,BNA,TN,ASO,CE,Combined TRACON& Tower with Radar,447,98,98,1,644,0,0,8,6,14,447,98,106,7,658,0,0,0,658
06/22/2018,BNA,TN,ASO,CE,Combined TRACON& Tower with Radar,431,98,99,8,636,0,0,20,2,22,431,98,119,10,658,0,0,0,658
06/23/2018,BNA,TN,ASO,CE,Combined TRACON& Tower with Radar,373,63,32,1,469,0,2,29,0,31,373,65,61,1,500,0,0,0,500
06/24/2018,BNA,TN,ASO,CE,Combined TRACON& Tower with Radar,425,97,61,9,592,0,3,9,1,13,425,100,70,10,605,0,0,0,605
06/25/2018,BNA,TN,ASO,CE,Combined TRACON& Tower with Radar,450,89,69,1,609,0,0,42,2,44,450,89,111,3,653,0,0,0,653
06/26/2018,BNA,TN,ASO,CE,Combined TRACON& Tower with Radar,445,84,85,6,620,0,3,37,22,62,445,87,122,28,682,0,0,0,682
06/27/2018,BNA,TN,ASO,CE,Combined TRACON& Tower with Radar,435,96,86,9,626,0,0,22,4,26,435,96,108,13,652,0,0,0,652
06/28/2018,BNA,TN,ASO,CE,Combined TRACON& Tower with Radar,431,93,83,3,610,0,0,21,15,36,431,93,104,18,646,0,0,0,646
06/29/2018,BNA,TN,ASO,CE,Combined TRACON& Tower with Radar,438,106,89,10,643,0,1,45,5,51,438,107,134,15,694,0,0,0,694
06/30/2018,BNA,TN,ASO,CE,Combined TRACON& Tower with Radar,376,90,43,1,510,0,2,52,3,57,376,92,95,4,567,0,0,0,567
07/01/2018,BNA,TN,ASO,CE,Combined TRACON& Tower with Radar,405,87,54,6,552,0,0,20,0,20,405,87,74,6,572,0,0,0,572
07/02/2018,BNA,TN,ASO,CE,Combined TRACON& Tower with Radar,382,76,36,2,496,0,0,38,3,41,382,76,74,5,537,0,0,0,537
07/03/2018,BNA,TN,ASO,CE,Combined TRACON& Tower with Radar,353,78,51,2,484,0,0,44,1,45,353,78,95,3,529,0,0,0,529
07/04/2018,BNA,TN,ASO,CE,Combined TRACON& Tower with Radar,314,65,16,3,398,0,2,44,0,46,314,67,60,3,444,0,0,0,444
07/05/2018,BNA,TN,ASO,CE,Combined TRACON& Tower with Radar,383,94,39,2,518,0,0,45,12,57,383,94,84,14,575,0,0,0,575
07/06/2018,BNA,TN,ASO,CE,Combined TRACON& Tower with Radar,390,96,42,7,535,0,1,24,3,28,390,97,66,10,563,0,0,0,563
07/07/2018,BNA,TN,ASO,CE,Combined TRACON& Tower with Radar,382,91,33,0,506,0,0,48,1,49,382,91,81,1,555,0,0,0,555
07/08/2018,BNA,TN,ASO,CE,Combined TRACON& Tower with Radar,431,86,64,7,588,0,0,20,2,22,431,86,84,9,610,0,0,0,610
07/09/2018,BNA,TN,ASO,CE,Combined TRACON& Tower with Radar,425,80,66,0,571,0,0,46,2,48,425,80,112,2,619,0,0,0,619
07/10/2018,BNA,TN,ASO,CE,Combined TRACON& Tower with Radar,434,84,36,0,554,0,0,52,28,80,434,84,88,28,634,0,0,0,634
07/11/2018,BNA,TN,ASO,CE,Combined TRACON& Tower with Radar,422,93,87,0,602,0,0,69,18,87,422,93,156,18,689,0,0,0,689
07/12/2018,BNA,TN,ASO,CE,Combined TRACON& Tower with Radar,437,92,90,0,619,0,3,56,6,65,437,95,146,6,684,0,0,0,684
07/13/2018,BNA,TN,ASO,CE,Combined TRACON& Tower with Radar,427,91,67,12,597,0,1,52,3,56,427,92,119,15,653,0,0,0,653
07/14/2018,BNA,TN,ASO,CE,Combined TRACON& Tower with Radar,384,76,36,5,501,0,1,49,4,54,384,77,85,9,555,0,0,0,555
07/15/2018,BNA,TN,ASO,CE,Combined TRACON& Tower with Radar,434,82,43,5,564,0,0,5,1,6,434,82,48,6,570,0,0,0,570
07/16/2018,BNA,TN,ASO,CE,Combined TRACON& Tower with Radar,421,87,52,4,564,0,0,25,1,26,421,87,77,5,590,0,0,0,590
07/17/2018,BNA,TN,ASO,CE,Combined TRACON& Tower with Radar,418,74,75,4,571,0,2,52,3,57,418,76,127,7,628,0,0,0,628
07/18/2018,BNA,TN,ASO,CE,Combined TRACON& Tower with Radar,430,97,62,5,594,0,3,65,2,70,430,100,127,7,664,0,0,0,664
07/19/2018,BNA,TN,ASO,CE,Combined TRACON& Tower with Radar,434,100,78,4,616,0,0,54,6,60,434,100,132,10,676,0,0,0,676
07/20/2018,BNA,TN,ASO,CE,Combined TRACON& Tower with Radar,433,99,64,2,598,0,0,54,3,57,433,99,118,5,655,0,0,0,655
07/21/2018,BNA,TN,ASO,CE,Combined TRACON& Tower with Radar,387,80,36,1,504,0,1,43,2,46,387,81,79,3,550,0,0,0,550
07/22/2018,BNA,TN,ASO,CE,Combined TRACON& Tower with Radar,418,77,53,1,549,0,0,10,1,11,418,77,63,2,560,0,0,0,560
07/23/2018,BNA,TN,ASO,CE,Combined TRACON& Tower with Radar,416,91,69,2,578,0,0,11,1,12,416,91,80,3,590,0,0,0,590
07/24/2018,BNA,TN,ASO,CE,Combined TRACON& Tower with Radar,426,80,66,4,576,0,1,44,3,48,426,81,110,7,624,0,0,0,624
07/25/2018,BNA,TN,ASO,CE,Combined TRACON& Tower with Radar,429,80,65,7,581,0,0,47,2,49,429,80,112,9,630,0,0,0,630
07/26/2018,BNA,TN,ASO,CE,Combined TRACON& Tower with Radar,444,94,76,3,617,0,3,56,2,61,444,97,132,5,678,0,0,0,678
07/27/2018,BNA,TN,ASO,CE,Combined TRACON& Tower with Radar,407,83,73,7,570,0,6,53,5,64,407,89,126,12,634,0,0,0,634
07/28/2018,BNA,TN,ASO,CE,Combined TRACON& Tower with Radar,380,79,50,1,510,0,1,55,4,60,380,80,105,5,570,0,0,0,570
07/29/2018,BNA,TN,ASO,CE,Combined TRACON& Tower with Radar,443,87,71,14,615,0,2,23,3,28,443,89,94,17,643,0,0,0,643
07/30/2018,BNA,TN,ASO,CE,Combined TRACON& Tower with Radar,433,89,52,3,577,0,0,33,3,36,433,89,85,6,613,0,0,0,613
07/31/2018,BNA,TN,ASO,CE,Combined TRACON& Tower with Radar,438,83,60,6,587,0,0,36,9,45,438,83,96,15,632,0,0,0,632
08/01/2018,BNA,TN,ASO,CE,Combined TRACON& Tower with Radar,439,84,86,2,611,0,0,40,10,50,439,84,126,12,661,0,0,0,661
08/02/2018,BNA,TN,ASO,CE,Combined TRACON& Tower with Radar,425,96,96,1,618,0,0,27,15,42,425,96,123,16,660,0,0,0,660
08/03/2018,BNA,TN,ASO,CE,Combined TRACON& Tower with Radar,448,94,72,8,622,0,0,51,3,54,448,94,123,11,676,0,0,0,676
08/04/2018,BNA,TN,ASO,CE,Combined TRACON& Tower with Radar,369,72,27,7,475,0,0,54,4,58,369,72,81,11,533,0,0,0,533
08/05/2018,BNA,TN,ASO,CE,Combined TRACON& Tower with Radar,436,82,55,3,576,0,0,18,2,20,436,82,73,5,596,0,0,0,596
08/06/2018,BNA,TN,ASO,CE,Combined TRACON& Tower with Radar,425,87,62,2,576,0,0,52,1,53,425,87,114,3,629,0,0,0,629
08/07/2018,BNA,TN,ASO,CE,Combined TRACON& Tower with Radar,435,88,88,1,612,0,0,38,8,46,435,88,126,9,658,0,0,0,658
08/08/2018,BNA,TN,ASO,CE,Combined TRACON& Tower with Radar,422,89,81,6,598,0,0,30,7,37,422,89,111,13,635,0,0,0,635
08/09/2018,BNA,TN,ASO,CE,Combined TRACON& Tower with Radar,435,99,105,0,639,0,2,28,13,43,435,101,133,13,682,0,0,0,682
08/10/2018,BNA,TN,ASO,CE,Combined TRACON& Tower with Radar,436,98,116,5,655,0,0,13,2,15,436,98,129,7,670,0,0,0,670
08/11/2018,BNA,TN,ASO,CE,Combined TRACON& Tower with Radar,330,83,57,4,474,0,1,60,0,61,330,84,117,4,535,0,0,0,535
08/12/2018,BNA,TN,ASO,CE,Combined TRACON& Tower with Radar,415,97,77,0,589,0,0,15,0,15,415,97,92,0,604,0,0,0,604
08/13/2018,BNA,TN,ASO,CE,Combined TRACON& Tower with Radar,407,76,68,5,556,0,0,60,1,61,407,76,128,6,617,0,0,0,617
08/14/2018,BNA,TN,ASO,CE,Combined TRACON& Tower with Radar,424,78,77,3,582,0,0,56,18,74,424,78,133,21,656,0,0,0,656
08/15/2018,BNA,TN,ASO,CE,Combined TRACON& Tower with Radar,434,92,64,4,594,0,0,51,9,60,434,92,115,13,654,0,0,0,654
08/16/2018,BNA,TN,ASO,CE,Combined TRACON& Tower with Radar,433,93,110,0,636,0,0,36,13,49,433,93,146,13,685,0,0,0,685
08/17/2018,BNA,TN,ASO,CE,Combined TRACON& Tower with Radar,426,89,84,8,607,0,0,28,6,34,426,89,112,14,641,0,0,0,641
08/18/2018,BNA,TN,ASO,CE,Combined TRACON& Tower with Radar,340,81,56,3,480,0,0,20,0,20,340,81,76,3,500,0,0,0,500
08/19/2018,BNA,TN,ASO,CE,Combined TRACON& Tower with Radar,416,90,93,3,602,0,0,14,0,14,416,90,107,3,616,0,0,0,616
08/20/2018,BNA,TN,ASO,CE,Combined TRACON& Tower with Radar,423,89,51,3,566,0,0,4,1,5,423,89,55,4,571,0,0,0,571
08/21/2018,BNA,TN,ASO,CE,Combined TRACON& Tower with Radar,420,79,88,2,589,0,0,32,9,41,420,79,120,11,630,0,0,0,630
08/22/2018,BNA,TN,ASO,CE,Combined TRACON& Tower with Radar,444,95,88,5,632,0,0,54,4,58,444,95,142,9,690,0,0,0,690
08/23/2018,BNA,TN,ASO,CE,Combined TRACON& Tower with Radar,442,105,105,4,656,0,1,60,18,79,442,106,165,22,735,0,0,0,735
08/24/2018,BNA,TN,ASO,CE,Combined TRACON& Tower with Radar,446,93,81,1,621,0,2,67,2,71,446,95,148,3,692,0,0,0,692
08/25/2018,BNA,TN,ASO,CE,Combined TRACON& Tower with Radar,339,70,44,1,454,0,0,34,2,36,339,70,78,3,490,0,0,0,490
08/26/2018,BNA,TN,ASO,CE,Combined TRACON& Tower with Radar,412,99,68,2,581,0,0,16,0,16,412,99,84,2,597,0,0,0,597
08/27/2018,BNA,TN,ASO,CE,Combined TRACON& Tower with Radar,446,81,60,6,593,0,2,40,4,46,446,83,100,10,639,0,0,0,639
08/28/2018,BNA,TN,ASO,CE,Combined TRACON& Tower with Radar,416,93,86,2,597,0,0,41,10,51,416,93,127,12,648,0,0,0,648
08/29/2018,BNA,TN,ASO,CE,Combined TRACON& Tower with Radar,445,85,95,3,628,0,0,35,3,38,445,85,130,6,666,0,0,0,666
08/30/2018,BNA,TN,ASO,CE,Combined TRACON& Tower with Radar,443,112,90,1,646,0,1,35,1,37,443,113,125,2,683,0,0,0,683
08/31/2018,BNA,TN,ASO,CE,Combined TRACON& Tower with Radar,438,83,66,0,587,0,0,54,1,55,438,83,120,1,642,0,0,0,642
09/01/2018,BNA,TN,ASO,CE,Combined TRACON& Tower with Radar,299,62,40,2,403,0,0,35,0,35,299,62,75,2,438,0,0,0,438
09/02/2018,BNA,TN,ASO,CE,Combined TRACON& Tower with Radar,303,56,31,2,392,0,0,30,0,30,303,56,61,2,422,0,0,0,422
09/03/2018,BNA,TN,ASO,CE,Combined TRACON& Tower with Radar,398,94,60,0,552,0,3,38,0,41,398,97,98,0,593,0,0,0,593
09/04/2018,BNA,TN,ASO,CE,Combined TRACON& Tower with Radar,426,67,55,0,548,0,0,50,3,53,426,67,105,3,601,0,0,0,601
09/05/2018,BNA,TN,ASO,CE,Combined TRACON& Tower with Radar,435,70,102,2,609,0,2,36,2,40,435,72,138,4,649,0,0,0,649
09/06/2018,BNA,TN,ASO,CE,Combined TRACON& Tower with Radar,432,82,98,0,612,0,0,33,3,36,432,82,131,3,648,0,0,0,648
09/07/2018,BNA,TN,ASO,CE,Combined TRACON& Tower with Radar,423,100,93,3,619,0,0,41,2,43,423,100,134,5,662,0,0,0,662
09/08/2018,BNA,TN,ASO,CE,Combined TRACON& Tower with Radar,349,70,40,0,459,0,0,37,3,40,349,70,77,3,499,0,0,0,499
09/09/2018,BNA,TN,ASO,CE,Combined TRACON& Tower with Radar,427,94,46,3,570,0,0,2,0,2,427,94,48,3,572,0,0,0,572
09/10/2018,BNA,TN,ASO,CE,Combined TRACON& Tower with Radar,462,88,69,14,633,0,0,19,5,24,462,88,88,19,657,0,0,0,657
09/11/2018,BNA,TN,ASO,CE,Combined TRACON& Tower with Radar,439,73,97,1,610,0,1,13,9,23,439,74,110,10,633,0,0,0,633
09/12/2018,BNA,TN,ASO,CE,Combined TRACON& Tower with Radar,453,93,110,4,660,0,0,63,2,65,453,93,173,6,725,0,0,0,725
09/13/2018,BNA,TN,ASO,CE,Combined TRACON& Tower with Radar,451,99,116,0,666,0,2,40,1,43,451,101,156,1,709,0,0,0,709
09/14/2018,BNA,TN,ASO,CE,Combined TRACON& Tower with Radar,439,111,107,1,658,0,0,48,4,52,439,111,155,5,710,0,0,0,710
09/15/2018,BNA,TN,ASO,CE,Combined TRACON& Tower with Radar,345,61,46,3,455,0,0,49,1,50,345,61,95,4,505,0,0,0,505
09/16/2018,BNA,TN,ASO,CE,Combined TRACON& Tower with Radar,422,83,98,8,611,0,1,15,1,17,422,84,113,9,628,0,0,0,628
09/17/2018,BNA,TN,ASO,CE,Combined TRACON& Tower with Radar,451,79,83,1,614,0,0,41,1,42,451,79,124,2,656,0,0,0,656
09/18/2018,BNA,TN,ASO,CE,Combined TRACON& Tower with Radar,447,75,71,3,596,0,0,46,7,53,447,75,117,10,649,0,0,0,649
09/19/2018,BNA,TN,ASO,CE,Combined TRACON& Tower with Radar,458,95,94,1,648,0,0,44,4,48,458,95,138,5,696,0,0,0,696
09/20/2018,BNA,TN,ASO,CE,Combined TRACON& Tower with Radar,449,97,93,4,643,0,1,41,9,51,449,98,134,13,694,0,0,0,694
09/21/2018,BNA,TN,ASO,CE,Combined TRACON& Tower with Radar,460,97,105,10,672,0,0,36,4,40,460,97,141,14,712,0,0,0,712
09/22/2018,BNA,TN,ASO,CE,Combined TRACON& Tower with Radar,348,68,62,1,479,0,0,5,0,5,348,68,67,1,484,0,0,0,484
09/23/2018,BNA,TN,ASO,CE,Combined TRACON& Tower with Radar,437,92,76,1,606,0,0,0,0,0,437,92,76,1,606,0,0,0,606
09/24/2018,BNA,TN,ASO,CE,Combined TRACON& Tower with Radar,475,82,74,0,631,0,0,5,0,5,475,82,79,0,636,0,0,0,636
09/25/2018,BNA,TN,ASO,CE,Combined TRACON& Tower with Radar,446,81,89,2,618,0,0,15,2,17,446,81,104,4,635,0,0,0,635
09/26/2018,BNA,TN,ASO,CE,Combined TRACON& Tower with Radar,468,90,68,2,628,0,0,3,0,3,468,90,71,2,631,0,0,0,631
09/27/2018,BNA,TN,ASO,CE,Combined TRACON& Tower with Radar,469,112,81,2,664,0,0,4,1,5,469,112,85,3,669,0,0,0,669
09/28/2018,BNA,TN,ASO,CE,Combined TRACON& Tower with Radar,457,107,88,1,653,0,2,49,0,51,457,109,137,1,704,0,0,0,704
09/29/2018,BNA,TN,ASO,CE,Combined TRACON& Tower with Radar,348,74,55,2,479,0,2,74,0,76,348,76,129,2,555,0,0,0,555
09/30/2018,BNA,TN,ASO,CE,Combined TRACON& Tower with Radar,432,116,70,1,619,0,0,28,0,28,432,116,98,1,647,0,0,0,647
10/01/2018,BNA,TN,ASO,CE,Combined TRACON& Tower with Radar,462,81,77,2,622,0,2,44,2,48,462,83,121,4,670,0,0,0,670
10/02/2018,BNA,TN,ASO,CE,Combined TRACON& Tower with Radar,436,77,65,0,578,0,0,26,10,36,436,77,91,10,614,0,0,0,614
10/03/2018,BNA,TN,ASO,CE,Combined TRACON& Tower with Radar,451,92,97,3,643,1,1,48,8,58,452,93,145,11,701,0,0,0,701
10/04/2018,BNA,TN,ASO,CE,Combined TRACON& Tower with Radar,472,88,83,6,649,0,0,41,3,44,472,88,124,9,693,0,0,0,693
10/05/2018,BNA,TN,ASO,CE,Combined TRACON& Tower with Radar,460,84,111,2,657,0,0,51,1,52,460,84,162,3,709,0,0,0,709
10/06/2018,BNA,TN,ASO,CE,Combined TRACON& Tower with Radar,361,67,50,0,478,0,0,37,1,38,361,67,87,1,516,0,0,0,516
10/07/2018,BNA,TN,ASO,CE,Combined TRACON& Tower with Radar,435,92,62,3,592,0,0,17,0,17,435,92,79,3,609,0,0,0,609
10/08/2018,BNA,TN,ASO,CE,Combined TRACON& Tower with Radar,469,84,96,4,653,0,0,49,0,49,469,84,145,4,702,0,0,0,702
10/09/2018,BNA,TN,ASO,CE,Combined TRACON& Tower with Radar,440,83,95,8,626,0,0,85,2,87,440,83,180,10,713,0,0,0,713
10/10/2018,BNA,TN,ASO,CE,Combined TRACON& Tower with Radar,455,86,107,5,653,0,0,18,0,18,455,86,125,5,671,0,0,0,671
10/11/2018,BNA,TN,ASO,CE,Combined TRACON& Tower with Radar,463,101,112,0,676,0,1,29,4,34,463,102,141,4,710,0,0,0,710
10/12/2018,BNA,TN,ASO,CE,Combined TRACON& Tower with Radar,469,97,105,4,675,0,1,59,4,64,469,98,164,8,739,0,0,0,739
10/13/2018,BNA,TN,ASO,CE,Combined TRACON& Tower with Radar,351,92,46,8,497,0,0,7,0,7,351,92,53,8,504,0,0,0,504
10/14/2018,BNA,TN,ASO,CE,Combined TRACON& Tower with Radar,446,87,98,4,635,0,0,27,1,28,446,87,125,5,663,0,0,0,663
10/15/2018,BNA,TN,ASO,CE,Combined TRACON& Tower with Radar,470,82,94,6,652,0,0,0,0,0,470,82,94,6,652,0,0,0,652
10/16/2018,BNA,TN,ASO,CE,Combined TRACON& Tower with Radar,471,79,94,1,645,0,0,3,0,3,471,79,97,1,648,0,0,0,648
10/17/2018,BNA,TN,ASO,CE,Combined TRACON& Tower with Radar,464,91,123,6,684,0,0,45,5,50,464,91,168,11,734,0,0,0,734
10/18/2018,BNA,TN,ASO,CE,Combined TRACON& Tower with Radar,475,88,87,0,650,0,0,49,8,57,475,88,136,8,707,0,0,0,707
10/19/2018,BNA,TN,ASO,CE,Combined TRACON& Tower with Radar,465,75,108,2,650,0,0,53,1,54,465,75,161,3,704,0,0,0,704
10/20/2018,BNA,TN,ASO,CE,Combined TRACON& Tower with Radar,353,62,48,6,469,0,0,15,7,22,353,62,63,13,491,0,0,0,491
10/21/2018,BNA,TN,ASO,CE,Combined TRACON& Tower with Radar,442,98,89,4,633,0,0,30,5,35,442,98,119,9,668,0,0,0,668
10/22/2018,BNA,TN,ASO,CE,Combined TRACON& Tower with Radar,479,77,91,4,651,0,0,34,4,38,479,77,125,8,689,0,0,0,689
10/23/2018,BNA,TN,ASO,CE,Combined TRACON& Tower with Radar,457,88,98,0,643,0,0,58,13,71,457,88,156,13,714,0,0,0,714
10/24/2018,BNA,TN,ASO,CE,Combined TRACON& Tower with Radar,468,94,85,4,651,0,0,52,1,53,468,94,137,5,704,0,0,0,704
10/25/2018,BNA,TN,ASO,CE,Combined TRACON& Tower with Radar,472,99,107,0,678,0,0,37,6,43,472,99,144,6,721,0,0,0,721
10/26/2018,BNA,TN,ASO,CE,Combined TRACON& Tower with Radar,476,95,99,7,677,0,0,0,0,0,476,95,99,7,677,0,0,0,677
10/27/2018,BNA,TN,ASO,CE,Combined TRACON& Tower with Radar,361,66,55,0,482,0,0,5,0,5,361,66,60,0,487,0,0,0,487
10/28/2018,BNA,TN,ASO,CE,Combined TRACON& Tower with Radar,414,85,70,2,571,0,1,11,8,20,414,86,81,10,591,0,0,0,591
10/29/2018,BNA,TN,ASO,CE,Combined TRACON& Tower with Radar,447,70,70,4,591,0,2,59,0,61,447,72,129,4,652,0,0,0,652
10/30/2018,BNA,TN,ASO,CE,Combined TRACON& Tower with Radar,438,81,78,2,599,0,1,62,14,77,438,82,140,16,676,0,0,0,676
10/31/2018,BNA,TN,ASO,CE,Combined TRACON& Tower with Radar,367,73,67,3,510,0,0,7,0,7,367,73,74,3,517,0,0,0,517
11/01/2018,BNA,TN,ASO,CE,Combined TRACON& Tower with Radar,455,102,89,4,650,0,0,3,0,3,455,102,92,4,653,0,0,0,653
11/02/2018,BNA,TN,ASO,CE,Combined TRACON& Tower with Radar,462,99,72,8,641,0,0,36,11,47,462,99,108,19,688,0,0,0,688
11/03/2018,BNA,TN,ASO,CE,Combined TRACON& Tower with Radar,352,65,27,2,446,0,0,68,9,77,352,65,95,11,523,0,0,0,523
11/04/2018,BNA,TN,ASO,CE,Combined TRACON& Tower with Radar,418,92,64,7,581,0,0,11,11,22,418,92,75,18,603,0,0,0,603
11/05/2018,BNA,TN,ASO,CE,Combined TRACON& Tower with Radar,444,75,79,5,603,0,0,14,0,14,444,75,93,5,617,0,0,0,617
11/06/2018,BNA,TN,ASO,CE,Combined TRACON& Tower with Radar,449,92,96,6,643,0,0,40,10,50,449,92,136,16,693,0,0,0,693
11/07/2018,BNA,TN,ASO,CE,Combined TRACON& Tower with Radar,445,80,99,4,628,0,1,32,7,40,445,81,131,11,668,0,0,0,668
11/08/2018,BNA,TN,ASO,CE,Combined TRACON& Tower with Radar,455,98,82,3,638,0,0,50,10,60,455,98,132,13,698,0,0,0,698
11/09/2018,BNA,TN,ASO,CE,Combined TRACON& Tower with Radar,461,101,97,5,664,0,0,10,0,10,461,101,107,5,674,0,0,0,674
11/10/2018,BNA,TN,ASO,CE,Combined TRACON& Tower with Radar,346,73,52,7,478,0,0,53,0,53,346,73,105,7,531,0,0,0,531
11/11/2018,BNA,TN,ASO,CE,Combined TRACON& Tower with Radar,428,113,79,0,620,0,6,24,2,32,428,119,103,2,652,0,0,0,652
11/12/2018,BNA,TN,ASO,CE,Combined TRACON& Tower with Radar,463,79,80,0,622,0,0,0,0,0,463,79,80,0,622,0,0,0,622
11/13/2018,BNA,TN,ASO,CE,Combined TRACON& Tower with Radar,463,97,118,2,680,0,0,0,0,0,463,97,118,2,680,0,0,0,680
11/14/2018,BNA,TN,ASO,CE,Combined TRACON& Tower with Radar,470,99,108,0,677,0,0,0,0,0,470,99,108,0,677,0,0,0,677
11/15/2018,BNA,TN,ASO,CE,Combined TRACON& Tower with Radar,435,102,118,3,658,0,0,3,1,4,435,102,121,4,662,0,0,0,662
11/16/2018,BNA,TN,ASO,CE,Combined TRACON& Tower with Radar,471,100,111,12,694,0,2,62,11,75,471,102,173,23,769,0,0,0,769
11/17/2018,BNA,TN,ASO,CE,Combined TRACON& Tower with Radar,390,76,36,5,507,0,2,56,7,65,390,78,92,12,572,0,0,0,572
11/18/2018,BNA,TN,ASO,CE,Combined TRACON& Tower with Radar,420,97,66,10,593,0,0,29,0,29,420,97,95,10,622,0,0,0,622
11/19/2018,BNA,TN,ASO,CE,Combined TRACON& Tower with Radar,429,90,56,3,578,0,0,7,4,11,429,90,63,7,589,0,0,0,589
11/20/2018,BNA,TN,ASO,CE,Combined TRACON& Tower with Radar,456,107,98,2,663,0,1,51,8,60,456,108,149,10,723,0,0,0,723
11/21/2018,BNA,TN,ASO,CE,Combined TRACON& Tower with Radar,481,88,82,2,653,0,2,53,0,55,481,90,135,2,708,0,0,0,708
11/22/2018,BNA,TN,ASO,CE,Combined TRACON& Tower with Radar,245,36,19,0,300,0,0,11,0,11,245,36,30,0,311,0,0,0,311
11/23/2018,BNA,TN,ASO,CE,Combined TRACON& Tower with Radar,328,60,31,0,419,0,1,14,0,15,328,61,45,0,434,0,0,0,434
11/24/2018,BNA,TN,ASO,CE,Combined TRACON& Tower with Radar,421,74,53,0,548,0,1,15,0,16,421,75,68,0,564,0,0,0,564
11/25/2018,BNA,TN,ASO,CE,Combined TRACON& Tower with Radar,460,87,84,0,631,0,0,12,1,13,460,87,96,1,644,0,0,0,644
11/26/2018,BNA,TN,ASO,CE,Combined TRACON& Tower with Radar,457,64,74,0,595,0,0,15,5,20,457,64,89,5,615,0,0,0,615
11/27/2018,BNA,TN,ASO,CE,Combined TRACON& Tower with Radar,458,81,74,2,615,0,0,43,12,55,458,81,117,14,670,0,0,0,670
11/28/2018,BNA,TN,ASO,CE,Combined TRACON& Tower with Radar,436,96,102,2,636,0,1,36,2,39,436,97,138,4,675,0,0,0,675
11/29/2018,BNA,TN,ASO,CE,Combined TRACON& Tower with Radar,437,81,93,8,619,0,0,5,5,10,437,81,98,13,629,0,0,0,629
11/30/2018,BNA,TN,ASO,CE,Combined TRACON& Tower with Radar,441,88,104,7,640,0,0,0,3,3,441,88,104,10,643,0,0,0,643
12/01/2018,BNA,TN,ASO,CE,Combined TRACON& Tower with Radar,340,63,38,1,442,0,0,0,1,1,340,63,38,2,443,0,0,0,443
12/02/2018,BNA,TN,ASO,CE,Combined TRACON& Tower with Radar,408,90,82,5,585,0,0,15,5,20,408,90,97,10,605,0,0,0,605
12/03/2018,BNA,TN,ASO,CE,Combined TRACON& Tower with Radar,430,76,68,6,580,0,0,31,2,33,430,76,99,8,613,0,0,0,613
12/04/2018,BNA,TN,ASO,CE,Combined TRACON& Tower with Radar,418,89,68,0,575,0,0,20,1,21,418,89,88,1,596,0,0,0,596
12/05/2018,BNA,TN,ASO,CE,Combined TRACON& Tower with Radar,435,98,95,0,628,0,0,38,0,38,435,98,133,0,666,0,0,0,666
12/06/2018,BNA,TN,ASO,CE,Combined TRACON& Tower with Radar,438,94,112,7,651,0,8,53,10,71,438,102,165,17,722,0,0,0,722
12/07/2018,BNA,TN,ASO,CE,Combined TRACON& Tower with Radar,441,95,62,7,605,0,0,5,2,7,441,95,67,9,612,0,0,0,612
12/08/2018,BNA,TN,ASO,CE,Combined TRACON& Tower with Radar,334,57,30,2,423,0,0,0,0,0,334,57,30,2,423,0,0,0,423
12/09/2018,BNA,TN,ASO,CE,Combined TRACON& Tower with Radar,376,82,41,1,500,0,0,0,0,0,376,82,41,1,500,0,0,0,500
12/10/2018,BNA,TN,ASO,CE,Combined TRACON& Tower with Radar,416,70,54,3,543,0,0,31,1,32,416,70,85,4,575,0,0,0,575
12/11/2018,BNA,TN,ASO,CE,Combined TRACON& Tower with Radar,426,69,91,2,588,0,1,54,7,62,426,70,145,9,650,0,0,0,650
12/12/2018,BNA,TN,ASO,CE,Combined TRACON& Tower with Radar,434,88,76,5,603,0,0,36,4,40,434,88,112,9,643,0,0,0,643
12/13/2018,BNA,TN,ASO,CE,Combined TRACON& Tower with Radar,434,95,86,12,627,0,0,51,7,58,434,95,137,19,685,0,0,0,685
12/14/2018,BNA,TN,ASO,CE,Combined TRACON& Tower with Radar,439,82,85,4,610,0,0,2,0,2,439,82,87,4,612,0,0,0,612
12/15/2018,BNA,TN,ASO,CE,Combined TRACON& Tower with Radar,340,47,41,6,434,0,0,27,0,27,340,47,68,6,461,0,0,0,461
12/16/2018,BNA,TN,ASO,CE,Combined TRACON& Tower with Radar,394,82,57,8,541,0,0,23,0,23,394,82,80,8,564,0,0,0,564
12/17/2018,BNA,TN,ASO,CE,Combined TRACON& Tower with Radar,445,70,78,3,596,0,6,38,1,45,445,76,116,4,641,0,0,0,641
12/18/2018,BNA,TN,ASO,CE,Combined TRACON& Tower with Radar,417,85,76,6,584,0,1,37,6,44,417,86,113,12,628,0,0,0,628
12/19/2018,BNA,TN,ASO,CE,Combined TRACON& Tower with Radar,438,83,76,8,605,0,0,48,5,53,438,83,124,13,658,0,0,0,658
12/20/2018,BNA,TN,ASO,CE,Combined TRACON& Tower with Radar,441,93,56,0,590,0,0,0,0,0,441,93,56,0,590,0,0,0,590
12/21/2018,BNA,TN,ASO,CE,Combined TRACON& Tower with Radar,443,77,66,2,588,0,0,1,0,1,443,77,67,2,589,0,0,0,589
12/22/2018,BNA,TN,ASO,CE,Combined TRACON& Tower with Radar,404,75,51,2,532,0,1,56,0,57,404,76,107,2,589,0,0,0,589
12/23/2018,BNA,TN,ASO,CE,Combined TRACON& Tower with Radar,421,68,32,0,521,0,0,3,0,3,421,68,35,0,524,0,0,0,524
12/24/2018,BNA,TN,ASO,CE,Combined TRACON& Tower with Radar,301,52,14,2,369,0,0,13,0,13,301,52,27,2,382,0,0,0,382
12/25/2018,BNA,TN,ASO,CE,Combined TRACON& Tower with Radar,288,48,8,0,344,0,0,3,2,5,288,48,11,2,349,0,0,0,349
12/26/2018,BNA,TN,ASO,CE,Combined TRACON& Tower with Radar,423,82,59,0,564,0,0,11,0,11,423,82,70,0,575,0,0,0,575
12/27/2018,BNA,TN,ASO,CE,Combined TRACON& Tower with Radar,439,72,46,0,557,0,0,1,0,1,439,72,47,0,558,0,0,0,558
12/28/2018,BNA,TN,ASO,CE,Combined TRACON& Tower with Radar,434,97,67,2,600,0,0,24,1,25,434,97,91,3,625,0,0,0,625
12/29/2018,BNA,TN,ASO,CE,Combined TRACON& Tower with Radar,395,57,39,1,492,0,0,38,0,38,395,57,77,1,530,0,0,0,530
12/30/2018,BNA,TN,ASO,CE,Combined TRACON& Tower with Radar,429,76,51,0,556,0,2,12,0,14,429,78,63,0,570,0,0,0,570
12/31/2018,BNA,TN,ASO,CE,Combined TRACON& Tower with Radar,354,63,15,0,432,0,0,3,0,3,354,63,18,0,435,0,0,0,435
01/01/2019,BNA,TN,ASO,CE,Combined TRACON& Tower with Radar,350,72,31,0,453,0,0,7,0,7,350,72,38,0,460,0,0,0,460
01/02/2019,BNA,TN,ASO,CE,Combined TRACON& Tower with Radar,441,81,53,2,577,0,0,0,0,0,441,81,53,2,577,0,0,0,577
01/03/2019,BNA,TN,ASO,CE,Combined TRACON& Tower with Radar,407,79,47,7,540,0,0,0,1,1,407,79,47,8,541,0,0,0,541
01/04/2019,BNA,TN,ASO,CE,Combined TRACON& Tower with Radar,400,70,49,10,529,0,0,0,0,0,400,70,49,10,529,0,0,0,529
01/05/2019,BNA,TN,ASO,CE,Combined TRACON& Tower with Radar,337,66,33,10,446,0,0,72,13,85,337,66,105,23,531,0,0,0,531
01/06/2019,BNA,TN,ASO,CE,Combined TRACON& Tower with Radar,414,77,48,8,547,0,1,33,7,41,414,78,81,15,588,0,0,0,588
01/07/2019,BNA,TN,ASO,CE,Combined TRACON& Tower with Radar,428,70,58,5,561,0,0,28,4,32,428,70,86,9,593,0,0,0,593
01/08/2019,BNA,TN,ASO,CE,Combined TRACON& Tower with Radar,410,84,69,3,566,0,1,9,7,17,410,85,78,10,583,0,0,0,583
01/09/2019,BNA,TN,ASO,CE,Combined TRACON& Tower with Radar,427,78,71,9,585,0,5,32,0,37,427,83,103,9,622,0,0,0,622
01/10/2019,BNA,TN,ASO,CE,Combined TRACON& Tower with Radar,432,80,81,6,599,0,1,54,6,61,432,81,135,12,660,0,0,0,660
01/11/2019,BNA,TN,ASO,CE,Combined TRACON& Tower with Radar,441,78,78,11,608,0,0,34,2,36,441,78,112,13,644,0,0,0,644
01/12/2019,BNA,TN,ASO,CE,Combined TRACON& Tower with Radar,312,55,31,2,400,0,0,13,0,13,312,55,44,2,413,0,0,0,413
01/13/2019,BNA,TN,ASO,CE,Combined TRACON& Tower with Radar,375,72,48,9,504,0,0,0,0,0,375,72,48,9,504,0,0,0,504
01/14/2019,BNA,TN,ASO,CE,Combined TRACON& Tower with Radar,435,81,60,5,581,0,0,1,0,1,435,81,61,5,582,0,0,0,582
01/15/2019,BNA,TN,ASO,CE,Combined TRACON& Tower with Radar,415,101,54,8,578,0,0,2,8,10,415,101,56,16,588,0,0,0,588
01/16/2019,BNA,TN,ASO,CE,Combined TRACON& Tower with Radar,429,84,80,5,598,0,0,55,0,55,429,84,135,5,653,0,0,0,653
01/17/2019,BNA,TN,ASO,CE,Combined TRACON& Tower with Radar,437,99,87,2,625,0,0,0,0,0,437,99,87,2,625,0,0,0,625
01/18/2019,BNA,TN,ASO,CE,Combined TRACON& Tower with Radar,441,70,82,6,599,0,0,0,3,3,441,70,82,9,602,0,0,0,602
01/19/2019,BNA,TN,ASO,CE,Combined TRACON& Tower with Radar,293,38,20,1,352,0,0,1,0,1,293,38,21,1,353,0,0,0,353
01/20/2019,BNA,TN,ASO,CE,Combined TRACON& Tower with Radar,357,85,43,2,487,0,0,16,0,16,357,85,59,2,503,0,0,0,503
01/21/2019,BNA,TN,ASO,CE,Combined TRACON& Tower with Radar,411,72,66,3,552,0,0,68,0,68,411,72,134,3,620,0,0,0,620
01/22/2019,BNA,TN,ASO,CE,Combined TRACON& Tower with Radar,383,81,66,4,534,0,0,22,0,22,383,81,88,4,556,0,0,0,556
01/23/2019,BNA,TN,ASO,CE,Combined TRACON& Tower with Radar,419,102,56,5,582,0,0,0,0,0,419,102,56,5,582,0,0,0,582
01/24/2019,BNA,TN,ASO,CE,Combined TRACON& Tower with Radar,433,94,91,5,623,0,0,69,16,85,433,94,160,21,708,0,0,0,708
01/25/2019,BNA,TN,ASO,CE,Combined TRACON& Tower with Radar,435,100,66,12,613,0,0,53,2,55,435,100,119,14,668,0,0,0,668
01/26/2019,BNA,TN,ASO,CE,Combined TRACON& Tower with Radar,308,59,38,1,406,0,0,49,1,50,308,59,87,2,456,0,0,0,456
01/27/2019,BNA,TN,ASO,CE,Combined TRACON& Tower with Radar,388,74,40,2,504,0,0,10,0,10,388,74,50,2,514,0,0,0,514
01/28/2019,BNA,TN,ASO,CE,Combined TRACON& Tower with Radar,407,66,50,2,525,1,0,38,2,41,408,66,88,4,566,0,0,0,566
01/29/2019,BNA,TN,ASO,CE,Combined TRACON& Tower with Radar,376,77,53,3,509,0,1,27,0,28,376,78,80,3,537,0,0,0,537
01/30/2019,BNA,TN,ASO,CE,Combined TRACON& Tower with Radar,386,94,68,3,551,0,0,23,2,25,386,94,91,5,576,0,0,0,576
01/31/2019,BNA,TN,ASO,CE,Combined TRACON& Tower with Radar,406,82,83,4,575,0,0,52,12,64,406,82,135,16,639,0,0,0,639
02/01/2019,BNA,TN,ASO,CE,Combined TRACON& Tower with Radar,427,88,73,4,592,2,0,53,4,59,429,88,126,8,651,0,0,0,651
02/02/2019,BNA,TN,ASO,CE,Combined TRACON& Tower with Radar,305,69,43,7,424,0,0,62,1,63,305,69,105,8,487,0,0,0,487
02/03/2019,BNA,TN,ASO,CE,Combined TRACON& Tower with Radar,332,96,56,2,486,0,0,10,7,17,332,96,66,9,503,0,0,0,503
02/04/2019,BNA,TN,ASO,CE,Combined TRACON& Tower with Radar,434,82,71,1,588,0,0,1,0,1,434,82,72,1,589,0,0,0,589
02/05/2019,BNA,TN,ASO,CE,Combined TRACON& Tower with Radar,407,81,69,4,561,0,0,7,6,13,407,81,76,10,574,0,0,0,574
02/06/2019,BNA,TN,ASO,CE,Combined TRACON& Tower with Radar,435,73,72,1,581,0,0,1,0,1,435,73,73,1,582,0,0,0,582
02/07/2019,BNA,TN,ASO,CE,Combined TRACON& Tower with Radar,430,94,88,2,614,0,0,5,0,5,430,94,93,2,619,0,0,0,619
02/08/2019,BNA,TN,ASO,CE,Combined TRACON& Tower with Radar,441,77,68,10,596,0,0,44,4,48,441,77,112,14,644,0,0,0,644
02/09/2019,BNA,TN,ASO,CE,Combined TRACON& Tower with Radar,322,56,24,3,405,0,0,44,3,47,322,56,68,6,452,0,0,0,452
02/10/2019,BNA,TN,ASO,CE,Combined TRACON& Tower with Radar,388,77,58,1,524,0,0,1,0,1,388,77,59,1,525,0,0,0,525
02/11/2019,BNA,TN,ASO,CE,Combined TRACON& Tower with Radar,429,67,76,0,572,0,0,0,0,0,429,67,76,0,572,0,0,0,572
02/12/2019,BNA,TN,ASO,CE,Combined TRACON& Tower with Radar,388,83,94,1,566,0,0,6,4,10,388,83,100,5,576,0,0,0,576
02/13/2019,BNA,TN,ASO,CE,Combined TRACON& Tower with Radar,425,98,100,2,625,0,1,49,6,56,425,99,149,8,681,0,0,0,681
02/14/2019,BNA,TN,ASO,CE,Combined TRACON& Tower with Radar,439,91,96,0,626,0,0,42,4,46,439,91,138,4,672,0,0,0,672
02/15/2019,BNA,TN,ASO,CE,Combined TRACON& Tower with Radar,442,99,82,7,630,0,0,9,1,10,442,99,91,8,640,0,0,0,640
02/16/2019,BNA,TN,ASO,CE,Combined TRACON& Tower with Radar,319,56,33,3,411,0,0,5,0,5,319,56,38,3,416,0,0,0,416
02/17/2019,BNA,TN,ASO,CE,Combined TRACON& Tower with Radar,379,70,60,4,513,0,0,1,0,1,379,70,61,4,514,0,0,0,514
02/18/2019,BNA,TN,ASO,CE,Combined TRACON& Tower with Radar,440,86,83,2,611,0,2,38,0,40,440,88,121,2,651,0,0,0,651
02/19/2019,BNA,TN,ASO,CE,Combined TRACON& Tower with Radar,434,66,90,2,592,0,0,21,1,22,434,66,111,3,614,0,0,0,614
02/20/2019,BNA,TN,ASO,CE,Combined TRACON& Tower with Radar,419,88,69,3,579,0,0,0,0,0,419,88,69,3,579,0,0,0,579
02/21/2019,BNA,TN,ASO,CE,Combined TRACON& Tower with Radar,449,96,73,7,625,2,0,27,10,39,451,96,100,17,664,0,0,0,664
02/22/2019,BNA,TN,ASO,CE,Combined TRACON& Tower with Radar,448,83,74,3,608,0,0,0,0,0,448,83,74,3,608,0,0,0,608
02/23/2019,BNA,TN,ASO,CE,Combined TRACON& Tower with Radar,329,63,29,1,422,0,0,0,0,0,329,63,29,1,422,0,0,0,422
02/24/2019,BNA,TN,ASO,CE,Combined TRACON& Tower with Radar,404,87,56,5,552,0,0,15,7,22,404,87,71,12,574,0,0,0,574
02/25/2019,BNA,TN,ASO,CE,Combined TRACON& Tower with Radar,442,87,54,7,590,0,1,52,0,53,442,88,106,7,643,0,0,0,643
02/26/2019,BNA,TN,ASO,CE,Combined TRACON& Tower with Radar,415,89,85,6,595,0,2,65,10,77,415,91,150,16,672,0,0,0,672
02/27/2019,BNA,TN,ASO,CE,Combined TRACON& Tower with Radar,440,92,100,10,642,0,0,49,7,56,440,92,149,17,698,0,0,0,698
02/28/2019,BNA,TN,ASO,CE,Combined TRACON& Tower with Radar,446,96,116,6,664,0,0,13,2,15,446,96,129,8,679,0,0,0,679
03/01/2019,BNA,TN,ASO,CE,Combined TRACON& Tower with Radar,437,102,76,5,620,0,0,0,3,3,437,102,76,8,623,0,0,0,623
03/02/2019,BNA,TN,ASO,CE,Combined TRACON& Tower with Radar,350,65,44,3,462,0,0,3,1,4,350,65,47,4,466,0,0,0,466
03/03/2019,BNA,TN,ASO,CE,Combined TRACON& Tower with Radar,404,81,43,4,532,0,0,0,0,0,404,81,43,4,532,0,0,0,532
03/04/2019,BNA,TN,ASO,CE,Combined TRACON& Tower with Radar,443,100,66,0,609,0,0,37,0,37,443,100,103,0,646,0,0,0,646
03/05/2019,BNA,TN,ASO,CE,Combined TRACON& Tower with Radar,428,101,82,0,611,0,1,51,12,64,428,102,133,12,675,0,0,0,675
03/06/2019,BNA,TN,ASO,CE,Combined TRACON& Tower with Radar,447,75,60,9,591,0,0,44,6,50,447,75,104,15,641,0,0,0,641
03/07/2019,BNA,TN,ASO,CE,Combined TRACON& Tower with Radar,456,90,94,2,642,0,1,36,11,48,456,91,130,13,690,0,0,0,690
03/08/2019,BNA,TN,ASO,CE,Combined TRACON& Tower with Radar,460,86,80,0,626,0,0,0,0,0,460,86,80,0,626,0,0,0,626
03/09/2019,BNA,TN,ASO,CE,Combined TRACON& Tower with Radar,383,57,36,0,476,0,0,1,0,1,383,57,37,0,477,0,0,0,477
03/10/2019,BNA,TN,ASO,CE,Combined TRACON& Tower with Radar,440,92,48,3,583,0,0,24,0,24,440,92,72,3,607,0,0,0,607
03/11/2019,BNA,TN,ASO,CE,Combined TRACON& Tower with Radar,476,85,72,5,638,0,1,41,0,42,476,86,113,5,680,0,0,0,680
03/12/2019,BNA,TN,ASO,CE,Combined TRACON& Tower with Radar,446,87,81,4,618,0,0,42,13,55,446,87,123,17,673,0,0,0,673
03/13/2019,BNA,TN,ASO,CE,Combined TRACON& Tower with Radar,441,100,68,2,611,0,0,22,4,26,441,100,90,6,637,0,0,0,637
03/14/2019,BNA,TN,ASO,CE,Combined TRACON& Tower with Radar,454,97,72,5,628,0,0,3,4,7,454,97,75,9,635,0,0,0,635
03/15/2019,BNA,TN,ASO,CE,Combined TRACON& Tower with Radar,464,104,91,1,660,0,0,55,8,63,464,104,146,9,723,0,0,0,723
03/16/2019,BNA,TN,ASO,CE,Combined TRACON& Tower with Radar,388,77,67,5,537,0,0,66,0,66,388,77,133,5,603,0,0,0,603
03/17/2019,BNA,TN,ASO,CE,Combined TRACON& Tower with Radar,444,79,82,6,611,0,4,29,0,33,444,83,111,6,644,0,0,0,644
03/18/2019,BNA,TN,ASO,CE,Combined TRACON& Tower with Radar,472,75,57,2,606,0,2,38,0,40,472,77,95,2,646,0,0,0,646
03/19/2019,BNA,TN,ASO,CE,Combined TRACON& Tower with Radar,441,87,76,12,616,0,0,58,12,70,441,87,134,24,686,0,0,0,686
03/20/2019,BNA,TN,ASO,CE,Combined TRACON& Tower with Radar,462,77,76,2,617,0,0,54,8,62,462,77,130,10,679,0,0,0,679
03/21/2019,BNA,TN,ASO,CE,Combined TRACON& Tower with Radar,461,80,107,6,654,0,2,19,4,25,461,82,126,10,679,0,0,0,679
03/22/2019,BNA,TN,ASO,CE,Combined TRACON& Tower with Radar,463,84,75,10,632,0,0,49,4,53,463,84,124,14,685,0,0,0,685
03/23/2019,BNA,TN,ASO,CE,Combined TRACON& Tower with Radar,398,72,62,7,539,0,0,67,3,70,398,72,129,10,609,0,0,0,609
03/24/2019,BNA,TN,ASO,CE,Combined TRACON& Tower with Radar,447,88,65,7,607,0,1,10,3,14,447,89,75,10,621,0,0,0,621
03/25/2019,BNA,TN,ASO,CE,Combined TRACON& Tower with Radar,461,76,55,4,596,0,0,13,2,15,461,76,68,6,611,0,0,0,611
03/26/2019,BNA,TN,ASO,CE,Combined TRACON& Tower with Radar,445,107,63,0,615,0,0,62,8,70,445,107,125,8,685,0,0,0,685
03/27/2019,BNA,TN,ASO,CE,Combined TRACON& Tower with Radar,448,90,57,6,601,0,0,56,3,59,448,90,113,9,660,0,0,0,660
03/28/2019,BNA,TN,ASO,CE,Combined TRACON& Tower with Radar,460,95,67,4,626,0,2,40,11,53,460,97,107,15,679,0,0,0,679
03/29/2019,BNA,TN,ASO,CE,Combined TRACON& Tower with Radar,459,85,82,2,628,0,0,46,7,53,459,85,128,9,681,0,0,0,681
03/30/2019,BNA,TN,ASO,CE,Combined TRACON& Tower with Radar,399,66,28,2,495,0,1,20,1,22,399,67,48,3,517,0,0,0,517
03/31/2019,BNA,TN,ASO,CE,Combined TRACON& Tower with Radar,446,86,47,0,579,0,3,9,3,15,446,89,56,3,594,0,0,0,594
04/01/2019,BNA,TN,ASO,CE,Combined TRACON& Tower with Radar,467,66,69,2,604,0,0,32,6,38,467,66,101,8,642,0,0,0,642
04/02/2019,BNA,TN,ASO,CE,Combined TRACON& Tower with Radar,452,73,70,1,596,0,1,51,2,54,452,74,121,3,650,0,0,0,650
04/03/2019,BNA,TN,ASO,CE,Combined TRACON& Tower with Radar,467,74,94,9,644,0,0,52,5,57,467,74,146,14,701,0,0,0,701
04/04/2019,BNA,TN,ASO,CE,Combined TRACON& Tower with Radar,476,84,75,5,640,0,0,17,0,17,476,84,92,5,657,0,0,0,657
04/05/2019,BNA,TN,ASO,CE,Combined TRACON& Tower with Radar,470,87,84,13,654,0,0,12,4,16,470,87,96,17,670,0,0,0,670
04/06/2019,BNA,TN,ASO,CE,Combined TRACON& Tower with Radar,385,56,35,4,480,0,0,32,6,38,385,56,67,10,518,0,0,0,518
04/07/2019,BNA,TN,ASO,CE,Combined TRACON& Tower with Radar,437,91,54,2,584,0,2,1,0,3,437,93,55,2,587,0,0,0,587
04/08/2019,BNA,TN,ASO,CE,Combined TRACON& Tower with Radar,487,80,67,2,636,0,0,0,0,0,487,80,67,2,636,0,0,0,636
04/09/2019,BNA,TN,ASO,CE,Combined TRACON& Tower with Radar,466,86,84,5,641,0,0,48,9,57,466,86,132,14,698,0,0,0,698
04/10/2019,BNA,TN,ASO,CE,Combined TRACON& Tower with Radar,468,88,97,11,664,0,0,52,6,58,468,88,149,17,722,0,0,0,722
04/11/2019,BNA,TN,ASO,CE,Combined TRACON& Tower with Radar,466,87,79,4,636,0,2,11,10,23,466,89,90,14,659,0,0,0,659
04/12/2019,BNA,TN,ASO,CE,Combined TRACON& Tower with Radar,481,99,91,8,679,0,0,39,1,40,481,99,130,9,719,0,0,0,719
04/13/2019,BNA,TN,ASO,CE,Combined TRACON& Tower with Radar,360,69,47,7,483,0,0,29,1,30,360,69,76,8,513,0,0,0,513
04/14/2019,BNA,TN,ASO,CE,Combined TRACON& Tower with Radar,447,94,69,10,620,0,1,2,0,3,447,95,71,10,623,0,0,0,623
04/15/2019,BNA,TN,ASO,CE,Combined TRACON& Tower with Radar,485,64,75,8,632,0,2,50,4,56,485,66,125,12,688,0,0,0,688
04/16/2019,BNA,TN,ASO,CE,Combined TRACON& Tower with Radar,466,95,109,10,680,0,0,64,10,74,466,95,173,20,754,0,0,0,754
04/17/2019,BNA,TN,ASO,CE,Combined TRACON& Tower with Radar,474,83,99,11,667,0,0,71,7,78,474,83,170,18,745,0,0,0,745
04/18/2019,BNA,TN,ASO,CE,Combined TRACON& Tower with Radar,487,107,124,0,718,0,0,14,2,16,487,107,138,2,734,0,0,0,734
04/19/2019,BNA,TN,ASO,CE,Combined TRACON& Tower with Radar,450,75,66,5,596,0,0,0,0,0,450,75,66,5,596,0,0,0,596
04/20/2019,BNA,TN,ASO,CE,Combined TRACON& Tower with Radar,356,53,37,0,446,0,0,4,0,4,356,53,41,0,450,0,0,0,450
04/21/2019,BNA,TN,ASO,CE,Combined TRACON& Tower with Radar,446,70,46,2,564,0,1,14,0,15,446,71,60,2,579,0,0,0,579
04/22/2019,BNA,TN,ASO,CE,Combined TRACON& Tower with Radar,496,83,67,4,650,0,0,52,0,52,496,83,119,4,702,0,0,0,702
04/23/2019,BNA,TN,ASO,CE,Combined TRACON& Tower with Radar,462,90,82,3,637,0,0,46,14,60,462,90,128,17,697,0,0,0,697
04/24/2019,BNA,TN,ASO,CE,Combined TRACON& Tower with Radar,474,78,93,5,650,0,0,40,2,42,474,78,133,7,692,0,0,0,692
04/25/2019,BNA,TN,ASO,CE,Combined TRACON& Tower with Radar,489,87,99,5,680,0,0,11,6,17,489,87,110,11,697,0,0,0,697
04/26/2019,BNA,TN,ASO,CE,Combined TRACON& Tower with Radar,485,96,125,0,706,0,0,26,5,31,485,96,151,5,737,0,0,0,737
04/27/2019,BNA,TN,ASO,CE,Combined TRACON& Tower with Radar,364,65,33,0,462,0,0,65,4,69,364,65,98,4,531,0,0,0,531
04/28/2019,BNA,TN,ASO,CE,Combined TRACON& Tower with Radar,458,89,67,1,615,0,0,18,1,19,458,89,85,2,634,0,0,0,634
04/29/2019,BNA,TN,ASO,CE,Combined TRACON& Tower with Radar,491,77,89,1,658,0,1,42,0,43,491,78,131,1,701,0,0,0,701
04/30/2019,BNA,TN,ASO,CE,Combined TRACON& Tower with Radar,455,68,66,8,597,0,1,69,2,72,455,69,135,10,669,0,0,0,669
05/01/2019,BNA,TN,ASO,CE,Combined TRACON& Tower with Radar,476,77,94,12,659,0,0,42,11,53,476,77,136,23,712,0,0,0,712
05/02/2019,BNA,TN,ASO,CE,Combined TRACON& Tower with Radar,491,82,95,3,671,0,0,24,3,27,491,82,119,6,698,0,0,0,698
05/03/2019,BNA,TN,ASO,CE,Combined TRACON& Tower with Radar,498,78,95,8,679,0,2,21,8,31,498,80,116,16,710,0,0,0,710
05/04/2019,BNA,TN,ASO,CE,Combined TRACON& Tower with Radar,377,59,34,4,474,0,0,7,2,9,377,59,41,6,483,0,0,0,483
05/05/2019,BNA,TN,ASO,CE,Combined TRACON& Tower with Radar,468,62,76,5,611,0,0,10,2,12,468,62,86,7,623,0,0,0,623
05/06/2019,BNA,TN,ASO,CE,Combined TRACON& Tower with Radar,504,82,62,5,653,0,2,47,4,53,504,84,109,9,706,0,0,0,706
05/07/2019,BNA,TN,ASO,CE,Combined TRACON& Tower with Radar,463,76,85,3,627,0,1,57,12,70,463,77,142,15,697,0,0,0,697
05/08/2019,BNA,TN,ASO,CE,Combined TRACON& Tower with Radar,471,77,109,2,659,0,0,55,8,63,471,77,164,10,722,0,0,0,722
05/09/2019,BNA,TN,ASO,CE,Combined TRACON& Tower with Radar,515,90,80,0,685,0,0,3,0,3,515,90,83,0,688,0,0,0,688
05/10/2019,BNA,TN,ASO,CE,Combined TRACON& Tower with Radar,513,101,109,21,744,0,1,13,2,16,513,102,122,23,760,0,0,0,760
05/11/2019,BNA,TN,ASO,CE,Combined TRACON& Tower with Radar,373,49,54,4,480,0,0,0,0,0,373,49,54,4,480,0,0,0,480
05/12/2019,BNA,TN,ASO,CE,Combined TRACON& Tower with Radar,472,75,75,7,629,0,0,1,0,1,472,75,76,7,630,0,0,0,630
05/13/2019,BNA,TN,ASO,CE,Combined TRACON& Tower with Radar,495,71,93,5,664,0,1,58,1,60,495,72,151,6,724,0,0,0,724
05/14/2019,BNA,TN,ASO,CE,Combined TRACON& Tower with Radar,472,90,116,10,688,0,0,72,19,91,472,90,188,29,779,0,0,0,779
05/15/2019,BNA,TN,ASO,CE,Combined TRACON& Tower with Radar,478,85,120,1,684,0,0,28,1,29,478,85,148,2,713,0,0,0,713
05/16/2019,BNA,TN,ASO,CE,Combined TRACON& Tower with Radar,504,90,88,5,687,0,2,53,23,78,504,92,141,28,765,0,0,0,765
05/17/2019,BNA,TN,ASO,CE,Combined TRACON& Tower with Radar,509,69,69,21,668,0,0,64,5,69,509,69,133,26,737,0,0,0,737
05/18/2019,BNA,TN,ASO,CE,Combined TRACON& Tower with Radar,362,58,40,2,462,0,2,48,1,51,362,60,88,3,513,0,0,0,513
05/19/2019,BNA,TN,ASO,CE,Combined TRACON& Tower with Radar,475,58,37,9,579,0,0,15,3,18,475,58,52,12,597,0,0,0,597
05/20/2019,BNA,TN,ASO,CE,Combined TRACON& Tower with Radar,502,83,57,4,646,0,3,44,0,47,502,86,101,4,693,0,0,0,693
05/21/2019,BNA,TN,ASO,CE,Combined TRACON& Tower with Radar,463,76,85,2,626,0,2,63,10,75,463,78,148,12,701,0,0,0,701
05/22/2019,BNA,TN,ASO,CE,Combined TRACON& Tower with Radar,485,69,88,2,644,0,1,39,6,46,485,70,127,8,690,0,0,0,690
05/23/2019,BNA,TN,ASO,CE,Combined TRACON& Tower with Radar,489,66,114,7,676,0,0,70,16,86,489,66,184,23,762,0,0,0,762
05/24/2019,BNA,TN,ASO,CE,Combined TRACON& Tower with Radar,513,72,69,1,655,0,3,90,1,94,513,75,159,2,749,0,0,0,749
05/25/2019,BNA,TN,ASO,CE,Combined TRACON& Tower with Radar,371,49,26,0,446,0,0,47,1,48,371,49,73,1,494,0,0,0,494
05/26/2019,BNA,TN,ASO,CE,Combined TRACON& Tower with Radar,380,57,44,0,481,0,0,12,0,12,380,57,56,0,493,0,0,0,493
05/27/2019,BNA,TN,ASO,CE,Combined TRACON& Tower with Radar,451,73,51,8,583,0,0,15,0,15,451,73,66,8,598,0,0,0,598
05/28/2019,BNA,TN,ASO,CE,Combined TRACON& Tower with Radar,461,69,71,5,606,0,0,41,0,41,461,69,112,5,647,0,0,0,647
05/29/2019,BNA,TN,ASO,CE,Combined TRACON& Tower with Radar,453,64,73,4,594,0,0,41,2,43,453,64,114,6,637,0,0,0,637
05/30/2019,BNA,TN,ASO,CE,Combined TRACON& Tower with Radar,487,85,87,0,659,0,3,32,2,37,487,88,119,2,696,0,0,0,696
05/31/2019,BNA,TN,ASO,CE,Combined TRACON& Tower with Radar,498,74,87,3,662,0,2,48,2,52,498,76,135,5,714,0,0,0,714
06/01/2019,BNA,TN,ASO,CE,Combined TRACON& Tower with Radar,368,53,25,9,455,0,0,41,6,47,368,53,66,15,502,0,0,0,502
06/02/2019,BNA,TN,ASO,CE,Combined TRACON& Tower with Radar,479,60,56,7,602,0,0,16,0,16,479,60,72,7,618,0,0,0,618
06/03/2019,BNA,TN,ASO,CE,Combined TRACON& Tower with Radar,506,75,78,6,665,0,0,43,6,49,506,75,121,12,714,0,0,0,714
06/04/2019,BNA,TN,ASO,CE,Combined TRACON& Tower with Radar,465,86,82,6,639,0,0,49,3,52,465,86,131,9,691,0,0,0,691
06/05/2019,BNA,TN,ASO,CE,Combined TRACON& Tower with Radar,483,75,89,8,655,0,1,39,11,51,483,76,128,19,706,0,0,0,706
06/06/2019,BNA,TN,ASO,CE,Combined TRACON& Tower with Radar,508,86,87,7,688,0,0,18,4,22,508,86,105,11,710,0,0,0,710
06/07/2019,BNA,TN,ASO,CE,Combined TRACON& Tower with Radar,509,96,54,2,661,0,0,3,2,5,509,96,57,4,666,0,0,0,666
06/08/2019,BNA,TN,ASO,CE,Combined TRACON& Tower with Radar,401,58,25,0,484,0,0,5,2,7,401,58,30,2,491,0,0,0,491
06/09/2019,BNA,TN,ASO,CE,Combined TRACON& Tower with Radar,478,87,44,0,609,0,0,8,0,8,478,87,52,0,617,0,0,0,617
06/10/2019,BNA,TN,ASO,CE,Combined TRACON& Tower with Radar,523,78,76,3,680,0,0,38,4,42,523,78,114,7,722,0,0,0,722
06/11/2019,BNA,TN,ASO,CE,Combined TRACON& Tower with Radar,483,76,83,3,645,0,1,48,2,51,483,77,131,5,696,0,0,0,696
06/12/2019,BNA,TN,ASO,CE,Combined TRACON& Tower with Radar,493,78,100,2,673,0,2,52,3,57,493,80,152,5,730,0,0,0,730
06/13/2019,BNA,TN,ASO,CE,Combined TRACON& Tower with Radar,505,74,84,2,665,0,0,84,4,88,505,74,168,6,753,0,0,0,753
06/14/2019,BNA,TN,ASO,CE,Combined TRACON& Tower with Radar,506,67,74,11,658,0,1,55,5,61,506,68,129,16,719,0,0,0,719
06/15/2019,BNA,TN,ASO,CE,Combined TRACON& Tower with Radar,407,65,41,6,519,0,1,32,0,33,407,66,73,6,552,0,0,0,552
06/16/2019,BNA,TN,ASO,CE,Combined TRACON& Tower with Radar,491,77,53,10,631,0,2,10,5,17,491,79,63,15,648,0,0,0,648
06/17/2019,BNA,TN,ASO,CE,Combined TRACON& Tower with Radar,513,80,58,5,656,0,0,49,1,50,513,80,107,6,706,0,0,0,706
06/18/2019,BNA,TN,ASO,CE,Combined TRACON& Tower with Radar,489,81,82,2,654,0,0,14,2,16,489,81,96,4,670,0,0,0,670
06/19/2019,BNA,TN,ASO,CE,Combined TRACON& Tower with Radar,481,79,83,5,648,0,0,26,5,31,481,79,109,10,679,0,0,0,679
06/20/2019,BNA,TN,ASO,CE,Combined TRACON& Tower with Radar,510,68,85,6,669,0,0,32,8,40,510,68,117,14,709,0,0,0,709
06/21/2019,BNA,TN,ASO,CE,Combined TRACON& Tower with Radar,492,72,76,6,646,0,0,66,7,73,492,72,142,13,719,0,0,0,719
06/22/2019,BNA,TN,ASO,CE,Combined TRACON& Tower with Radar,414,54,43,2,513,0,1,22,0,23,414,55,65,2,536,0,0,0,536
06/23/2019,BNA,TN,ASO,CE,Combined TRACON& Tower with Radar,487,75,43,3,608,0,1,7,0,8,487,76,50,3,616,0,0,0,616
06/24/2019,BNA,TN,ASO,CE,Combined TRACON& Tower with Radar,521,71,39,0,631,0,0,6,1,7,521,71,45,1,638,0,0,0,638
06/25/2019,BNA,TN,ASO,CE,Combined TRACON& Tower with Radar,492,68,82,3,645,0,0,62,4,66,492,68,144,7,711,0,0,0,711
06/26/2019,BNA,TN,ASO,CE,Combined TRACON& Tower with Radar,493,74,91,0,658,0,1,38,4,43,493,75,129,4,701,0,0,0,701
06/27/2019,BNA,TN,ASO,CE,Combined TRACON& Tower with Radar,524,70,72,0,666,0,0,32,7,39,524,70,104,7,705,0,0,0,705
06/28/2019,BNA,TN,ASO,CE,Combined TRACON& Tower with Radar,513,71,81,9,674,0,0,69,0,69,513,71,150,9,743,0,0,0,743
06/29/2019,BNA,TN,ASO,CE,Combined TRACON& Tower with Radar,393,70,42,3,508,0,3,65,0,68,393,73,107,3,576,0,0,0,576
06/30/2019,BNA,TN,ASO,CE,Combined TRACON& Tower with Radar,477,71,62,2,612,0,1,20,2,23,477,72,82,4,635,0,0,0,635
07/01/2019,BNA,TN,ASO,CE,Combined TRACON& Tower with Radar,482,57,53,6,598,0,1,55,7,63,482,58,108,13,661,0,0,0,661
07/02/2019,BNA,TN,ASO,CE,Combined TRACON& Tower with Radar,448,68,53,2,571,0,0,41,4,45,448,68,94,6,616,0,0,0,616
07/03/2019,BNA,TN,ASO,CE,Combined TRACON& Tower with Radar,450,66,47,0,563,0,0,47,0,47,450,66,94,0,610,0,0,0,610
07/04/2019,BNA,TN,ASO,CE,Combined TRACON& Tower with Radar,357,42,20,3,422,0,0,16,0,16,357,42,36,3,438,0,0,0,438
07/05/2019,BNA,TN,ASO,CE,Combined TRACON& Tower with Radar,407,61,31,3,502,0,1,27,0,28,407,62,58,3,530,0,0,0,530
07/06/2019,BNA,TN,ASO,CE,Combined TRACON& Tower with Radar,382,64,36,2,484,0,0,33,1,34,382,64,69,3,518,0,0,0,518
07/07/2019,BNA,TN,ASO,CE,Combined TRACON& Tower with Radar,495,72,58,3,628,0,1,9,0,10,495,73,67,3,638,0,0,0,638
07/08/2019,BNA,TN,ASO,CE,Combined TRACON& Tower with Radar,520,85,63,3,671,0,2,54,1,57,520,87,117,4,728,0,0,0,728
07/09/2019,BNA,TN,ASO,CE,Combined TRACON& Tower with Radar,491,77,78,12,658,0,0,59,4,63,491,77,137,16,721,0,0,0,721
07/10/2019,BNA,TN,ASO,CE,Combined TRACON& Tower with Radar,484,90,72,0,646,0,0,29,12,41,484,90,101,12,687,0,0,0,687
07/11/2019,BNA,TN,ASO,CE,Combined TRACON& Tower with Radar,476,87,77,13,653,0,0,54,10,64,476,87,131,23,717,0,0,0,717
07/12/2019,BNA,TN,ASO,CE,Combined TRACON& Tower with Radar,510,78,72,13,673,0,0,51,4,55,510,78,123,17,728,0,0,0,728
07/13/2019,BNA,TN,ASO,CE,Combined TRACON& Tower with Radar,402,73,27,14,516,0,0,35,7,42,402,73,62,21,558,0,0,0,558
07/14/2019,BNA,TN,ASO,CE,Combined TRACON& Tower with Radar,502,70,52,1,625,0,1,4,0,5,502,71,56,1,630,0,0,0,630
07/15/2019,BNA,TN,ASO,CE,Combined TRACON& Tower with Radar,511,64,44,0,619,0,0,43,3,46,511,64,87,3,665,0,0,0,665
07/16/2019,BNA,TN,ASO,CE,Combined TRACON& Tower with Radar,487,83,76,4,650,0,0,25,8,33,487,83,101,12,683,0,0,0,683
07/17/2019,BNA,TN,ASO,CE,Combined TRACON& Tower with Radar,482,88,91,5,666,0,0,26,10,36,482,88,117,15,702,0,0,0,702
07/18/2019,BNA,TN,ASO,CE,Combined TRACON& Tower with Radar,494,88,87,2,671,0,1,49,5,55,494,89,136,7,726,0,0,0,726
07/19/2019,BNA,TN,ASO,CE,Combined TRACON& Tower with Radar,524,70,67,5,666,0,0,66,0,66,524,70,133,5,732,0,0,0,732
07/20/2019,BNA,TN,ASO,CE,Combined TRACON& Tower with Radar,407,75,42,1,525,0,0,57,1,58,407,75,99,2,583,0,0,0,583
07/21/2019,BNA,TN,ASO,CE,Combined TRACON& Tower with Radar,492,81,45,3,621,0,0,4,0,4,492,81,49,3,625,0,0,0,625
07/22/2019,BNA,TN,ASO,CE,Combined TRACON& Tower with Radar,514,78,62,8,662,0,0,4,1,5,514,78,66,9,667,0,0,0,667
07/23/2019,BNA,TN,ASO,CE,Combined TRACON& Tower with Radar,495,87,56,3,641,0,0,21,0,21,495,87,77,3,662,0,0,0,662
07/24/2019,BNA,TN,ASO,CE,Combined TRACON& Tower with Radar,499,70,72,6,647,0,0,36,3,39,499,70,108,9,686,0,0,0,686
07/25/2019,BNA,TN,ASO,CE,Combined TRACON& Tower with Radar,511,93,76,3,683,0,1,53,12,66,511,94,129,15,749,0,0,0,749
07/26/2019,BNA,TN,ASO,CE,Combined TRACON& Tower with Radar,507,91,58,13,669,0,0,35,2,37,507,91,93,15,706,0,0,0,706
07/27/2019,BNA,TN,ASO,CE,Combined TRACON& Tower with Radar,403,61,34,4,502,0,0,40,2,42,403,61,74,6,544,0,0,0,544
07/28/2019,BNA,TN,ASO,CE,Combined TRACON& Tower with Radar,496,65,35,6,602,0,1,20,5,26,496,66,55,11,628,0,0,0,628
07/29/2019,BNA,TN,ASO,CE,Combined TRACON& Tower with Radar,510,59,57,2,628,0,0,60,3,63,510,59,117,5,691,0,0,0,691
07/30/2019,BNA,TN,ASO,CE,Combined TRACON& Tower with Radar,493,59,75,2,629,0,0,46,4,50,493,59,121,6,679,0,0,0,679
07/31/2019,BNA,TN,ASO,CE,Combined TRACON& Tower with Radar,485,67,70,2,624,0,0,47,8,55,485,67,117,10,679,0,0,0,679
08/01/2019,BNA,TN,ASO,CE,Combined TRACON& Tower with Radar,504,93,92,9,698,0,0,52,16,68,504,93,144,25,766,0,0,0,766
08/02/2019,BNA,TN,ASO,CE,Combined TRACON& Tower with Radar,511,74,72,8,665,0,0,47,4,51,511,74,119,12,716,0,0,0,716
08/03/2019,BNA,TN,ASO,CE,Combined TRACON& Tower with Radar,423,80,51,1,555,0,0,45,5,50,423,80,96,6,605,0,0,0,605
08/04/2019,BNA,TN,ASO,CE,Combined TRACON& Tower with Radar,491,73,70,1,635,0,0,9,0,9,491,73,79,1,644,0,0,0,644
08/05/2019,BNA,TN,ASO,CE,Combined TRACON& Tower with Radar,525,66,71,5,667,0,0,30,0,30,525,66,101,5,697,0,0,0,697
08/06/2019,BNA,TN,ASO,CE,Combined TRACON& Tower with Radar,456,68,54,9,587,0,0,35,8,43,456,68,89,17,630,0,0,0,630
08/07/2019,BNA,TN,ASO,CE,Combined TRACON& Tower with Radar,456,71,66,5,598,0,0,43,7,50,456,71,109,12,648,0,0,0,648
08/08/2019,BNA,TN,ASO,CE,Combined TRACON& Tower with Radar,480,101,95,4,680,0,0,37,11,48,480,101,132,15,728,0,0,0,728
08/09/2019,BNA,TN,ASO,CE,Combined TRACON& Tower with Radar,490,73,73,2,638,0,0,23,4,27,490,73,96,6,665,0,0,0,665
08/10/2019,BNA,TN,ASO,CE,Combined TRACON& Tower with Radar,384,72,30,0,486,0,1,30,6,37,384,73,60,6,523,0,0,0,523
08/11/2019,BNA,TN,ASO,CE,Combined TRACON& Tower with Radar,496,50,70,0,616,0,0,17,2,19,496,50,87,2,635,0,0,0,635
08/12/2019,BNA,TN,ASO,CE,Combined TRACON& Tower with Radar,483,57,43,0,583,0,2,30,8,40,483,59,73,8,623,0,0,0,623
08/13/2019,BNA,TN,ASO,CE,Combined TRACON& Tower with Radar,462,67,62,2,593,0,0,27,12,39,462,67,89,14,632,0,0,0,632
08/14/2019,BNA,TN,ASO,CE,Combined TRACON& Tower with Radar,479,92,77,0,648,0,0,36,8,44,479,92,113,8,692,0,0,0,692
08/15/2019,BNA,TN,ASO,CE,Combined TRACON& Tower with Radar,478,86,77,2,643,0,0,45,17,62,478,86,122,19,705,0,0,0,705
08/16/2019,BNA,TN,ASO,CE,Combined TRACON& Tower with Radar,492,86,86,13,677,0,0,67,13,80,492,86,153,26,757,0,0,0,757
08/17/2019,BNA,TN,ASO,CE,Combined TRACON& Tower with Radar,387,60,41,1,489,0,0,49,4,53,387,60,90,5,542,0,0,0,542
08/18/2019,BNA,TN,ASO,CE,Combined TRACON& Tower with Radar,468,78,57,13,616,0,0,19,10,29,468,78,76,23,645,0,0,0,645
08/19/2019,BNA,TN,ASO,CE,Combined TRACON& Tower with Radar,500,71,59,2,632,0,0,48,1,49,500,71,107,3,681,0,0,0,681
08/20/2019,BNA,TN,ASO,CE,Combined TRACON& Tower with Radar,459,69,44,0,572,0,1,31,14,46,459,70,75,14,618,0,0,0,618
08/21/2019,BNA,TN,ASO,CE,Combined TRACON& Tower with Radar,460,71,65,3,599,0,0,39,11,50,460,71,104,14,649,0,0,0,649
08/22/2019,BNA,TN,ASO,CE,Combined TRACON& Tower with Radar,487,91,63,3,644,0,0,14,11,25,487,91,77,14,669,0,0,0,669
08/23/2019,BNA,TN,ASO,CE,Combined TRACON& Tower with Radar,501,60,82,16,659,0,0,25,3,28,501,60,107,19,687,0,0,0,687
08/24/2019,BNA,TN,ASO,CE,Combined TRACON& Tower with Radar,387,48,37,11,483,0,2,24,0,26,387,50,61,11,509,0,0,0,509
08/25/2019,BNA,TN,ASO,CE,Combined TRACON& Tower with Radar,494,57,68,4,623,0,0,2,0,2,494,57,70,4,625,0,0,0,625
08/26/2019,BNA,TN,ASO,CE,Combined TRACON& Tower with Radar,502,68,59,2,631,0,0,4,0,4,502,68,63,2,635,0,0,0,635
08/27/2019,BNA,TN,ASO,CE,Combined TRACON& Tower with Radar,469,62,72,3,606,0,3,13,5,21,469,65,85,8,627,0,0,0,627
08/28/2019,BNA,TN,ASO,CE,Combined TRACON& Tower with Radar,474,78,70,9,631,0,3,60,4,67,474,81,130,13,698,0,0,0,698
08/29/2019,BNA,TN,ASO,CE,Combined TRACON& Tower with Radar,493,77,89,5,664,0,2,70,16,88,493,79,159,21,752,0,0,0,752
08/30/2019,BNA,TN,ASO,CE,Combined TRACON& Tower with Radar,500,92,86,6,684,0,3,79,5,87,500,95,165,11,771,0,0,0,771
08/31/2019,BNA,TN,ASO,CE,Combined TRACON& Tower with Radar,351,59,39,0,449,0,4,55,0,59,351,63,94,0,508,0,0,0,508
09/01/2019,BNA,TN,ASO,CE,Combined TRACON& Tower with Radar,366,56,49,2,473,0,2,19,0,21,366,58,68,2,494,0,0,0,494
09/02/2019,BNA,TN,ASO,CE,Combined TRACON& Tower with Radar,470,67,72,1,610,0,0,35,0,35,470,67,107,1,645,0,0,0,645
09/03/2019,BNA,TN,ASO,CE,Combined TRACON& Tower with Radar,447,59,66,6,578,0,3,66,4,73,447,62,132,10,651,0,0,0,651
09/04/2019,BNA,TN,ASO,CE,Combined TRACON& Tower with Radar,455,52,85,3,595,0,1,46,13,60,455,53,131,16,655,0,0,0,655
09/05/2019,BNA,TN,ASO,CE,Combined TRACON& Tower with Radar,482,81,78,3,644,0,1,48,25,74,482,82,126,28,718,0,0,0,718
09/06/2019,BNA,TN,ASO,CE,Combined TRACON& Tower with Radar,491,57,75,3,626,0,3,59,7,69,491,60,134,10,695,0,0,0,695
09/07/2019,BNA,TN,ASO,CE,Combined TRACON& Tower with Radar,388,51,39,10,488,0,1,60,11,72,388,52,99,21,560,0,0,0,560
09/08/2019,BNA,TN,ASO,CE,Combined TRACON& Tower with Radar,516,78,53,11,658,0,1,8,4,13,516,79,61,15,671,0,0,0,671
09/09/2019,BNA,TN,ASO,CE,Combined TRACON& Tower with Radar,508,66,60,6,640,0,5,38,1,44,508,71,98,7,684,0,0,0,684
09/10/2019,BNA,TN,ASO,CE,Combined TRACON& Tower with Radar,481,62,56,5,604,0,3,32,9,44,481,65,88,14,648,0,0,0,648
09/11/2019,BNA,TN,ASO,CE,Combined TRACON& Tower with Radar,497,63,92,4,656,0,0,36,11,47,497,63,128,15,703,0,0,0,703
09/12/2019,BNA,TN,ASO,CE,Combined TRACON& Tower with Radar,505,99,96,4,704,0,4,46,17,67,505,103,142,21,771,0,0,0,771
09/13/2019,BNA,TN,ASO,CE,Combined TRACON& Tower with Radar,513,72,107,15,707,0,0,41,20,61,513,72,148,35,768,0,0,0,768
09/14/2019,BNA,TN,ASO,CE,Combined TRACON& Tower with Radar,386,47,35,6,474,0,0,43,12,55,386,47,78,18,529,0,0,0,529
09/15/2019,BNA,TN,ASO,CE,Combined TRACON& Tower with Radar,521,64,86,5,676,0,2,22,11,35,521,66,108,16,711,0,0,0,711
09/16/2019,BNA,TN,ASO,CE,Combined TRACON& Tower with Radar,517,55,85,5,662,0,6,59,6,71,517,61,144,11,733,0,0,0,733
09/17/2019,BNA,TN,ASO,CE,Combined TRACON& Tower with Radar,478,69,71,5,623,0,12,46,9,67,478,81,117,14,690,0,0,0,690
09/18/2019,BNA,TN,ASO,CE,Combined TRACON& Tower with Radar,489,75,96,4,664,0,1,42,2,45,489,76,138,6,709,0,0,0,709
09/19/2019,BNA,TN,ASO,CE,Combined TRACON& Tower with Radar,500,82,80,6,668,0,1,49,9,59,500,83,129,15,727,0,0,0,727
09/20/2019,BNA,TN,ASO,CE,Combined TRACON& Tower with Radar,515,79,82,6,682,0,0,54,4,58,515,79,136,10,740,0,0,0,740
09/21/2019,BNA,TN,ASO,CE,Combined TRACON& Tower with Radar,388,58,50,1,497,0,0,32,2,34,388,58,82,3,531,0,0,0,531
09/22/2019,BNA,TN,ASO,CE,Combined TRACON& Tower with Radar,519,91,83,7,700,0,0,13,2,15,519,91,96,9,715,0,0,0,715
09/23/2019,BNA,TN,ASO,CE,Combined TRACON& Tower with Radar,512,59,65,1,637,0,1,33,2,36,512,60,98,3,673,0,0,0,673
09/24/2019,BNA,TN,ASO,CE,Combined TRACON& Tower with Radar,481,64,83,8,636,0,1,43,2,46,481,65,126,10,682,0,0,0,682
09/25/2019,BNA,TN,ASO,CE,Combined TRACON& Tower with Radar,493,73,77,3,646,0,1,41,5,47,493,74,118,8,693,0,0,0,693
09/26/2019,BNA,TN,ASO,CE,Combined TRACON& Tower with Radar,512,74,124,7,717,0,3,35,4,42,512,77,159,11,759,0,0,0,759
09/27/2019,BNA,TN,ASO,CE,Combined TRACON& Tower with Radar,494,74,138,14,720,0,2,51,6,59,494,76,189,20,779,0,0,0,779
09/28/2019,BNA,TN,ASO,CE,Combined TRACON& Tower with Radar,397,62,40,4,503,0,2,36,2,40,397,64,76,6,543,0,0,0,543
09/29/2019,BNA,TN,ASO,CE,Combined TRACON& Tower with Radar,522,64,77,9,672,0,1,13,0,14,522,65,90,9,686,0,0,0,686
09/30/2019,BNA,TN,ASO,CE,Combined TRACON& Tower with Radar,510,78,53,5,646,0,0,32,1,33,510,78,85,6,679,0,0,0,679
10/01/2019,BNA,TN,ASO,CE,Combined TRACON& Tower with Radar,473,57,91,4,625,0,0,44,4,48,473,57,135,8,673,0,0,0,673
10/02/2019,BNA,TN,ASO,CE,Combined TRACON& Tower with Radar,505,63,95,5,668,0,0,31,2,33,505,63,126,7,701,0,0,0,701
10/03/2019,BNA,TN,ASO,CE,Combined TRACON& Tower with Radar,525,71,97,6,699,0,0,44,3,47,525,71,141,9,746,0,0,0,746
10/04/2019,BNA,TN,ASO,CE,Combined TRACON& Tower with Radar,527,65,96,5,693,0,2,33,6,41,527,67,129,11,734,0,0,0,734
10/05/2019,BNA,TN,ASO,CE,Combined TRACON& Tower with Radar,395,58,45,1,499,0,0,45,7,52,395,58,90,8,551,0,0,0,551
10/06/2019,BNA,TN,ASO,CE,Combined TRACON& Tower with Radar,528,86,58,2,674,0,0,2,0,2,528,86,60,2,676,0,0,0,676
10/07/2019,BNA,TN,ASO,CE,Combined TRACON& Tower with Radar,525,53,74,5,657,0,0,0,4,4,525,53,74,9,661,0,0,0,661
10/08/2019,BNA,TN,ASO,CE,Combined TRACON& Tower with Radar,492,58,64,2,616,0,2,27,10,39,492,60,91,12,655,0,0,0,655
10/09/2019,BNA,TN,ASO,CE,Combined TRACON& Tower with Radar,504,85,82,8,679,0,7,30,3,40,504,92,112,11,719,0,0,0,719
10/10/2019,BNA,TN,ASO,CE,Combined TRACON& Tower with Radar,535,82,104,7,728,0,0,32,22,54,535,82,136,29,782,0,0,0,782
10/11/2019,BNA,TN,ASO,CE,Combined TRACON& Tower with Radar,540,77,94,4,715,0,1,38,0,39,540,78,132,4,754,0,0,0,754
10/12/2019,BNA,TN,ASO,CE,Combined TRACON& Tower with Radar,406,57,56,3,522,0,4,28,2,34,406,61,84,5,556,0,0,0,556
10/13/2019,BNA,TN,ASO,CE,Combined TRACON& Tower with Radar,538,71,100,6,715,0,0,17,0,17,538,71,117,6,732,0,0,0,732
10/14/2019,BNA,TN,ASO,CE,Combined TRACON& Tower with Radar,539,54,96,4,693,0,0,47,0,47,539,54,143,4,740,0,0,0,740
10/15/2019,BNA,TN,ASO,CE,Combined TRACON& Tower with Radar,502,78,73,6,659,0,1,43,0,44,502,79,116,6,703,0,0,0,703
10/16/2019,BNA,TN,ASO,CE,Combined TRACON& Tower with Radar,518,76,121,2,717,0,2,32,11,45,518,78,153,13,762,0,0,0,762
10/17/2019,BNA,TN,ASO,CE,Combined TRACON& Tower with Radar,529,74,91,1,695,0,3,50,18,71,529,77,141,19,766,0,0,0,766
10/18/2019,BNA,TN,ASO,CE,Combined TRACON& Tower with Radar,535,105,99,8,747,0,3,68,14,85,535,108,167,22,832,0,0,0,832
10/19/2019,BNA,TN,ASO,CE,Combined TRACON& Tower with Radar,406,60,41,9,516,0,1,31,11,43,406,61,72,20,559,0,0,0,559
10/20/2019,BNA,TN,ASO,CE,Combined TRACON& Tower with Radar,538,77,98,5,718,0,0,10,0,10,538,77,108,5,728,0,0,0,728
10/21/2019,BNA,TN,ASO,CE,Combined TRACON& Tower with Radar,535,64,70,2,671,0,1,0,2,3,535,65,70,4,674,0,0,0,674
10/22/2019,BNA,TN,ASO,CE,Combined TRACON& Tower with Radar,509,79,90,0,678,0,0,35,18,53,509,79,125,18,731,0,0,0,731
10/23/2019,BNA,TN,ASO,CE,Combined TRACON& Tower with Radar,513,81,93,0,687,0,4,60,6,70,513,85,153,6,757,0,0,0,757
10/24/2019,BNA,TN,ASO,CE,Combined TRACON& Tower with Radar,536,99,79,6,720,0,2,80,13,95,536,101,159,19,815,0,0,0,815
10/25/2019,BNA,TN,ASO,CE,Combined TRACON& Tower with Radar,530,71,96,4,701,0,0,17,2,19,530,71,113,6,720,0,0,0,720
10/26/2019,BNA,TN,ASO,CE,Combined TRACON& Tower with Radar,400,50,32,0,482,0,0,0,0,0,400,50,32,0,482,0,0,0,482
10/27/2019,BNA,TN,ASO,CE,Combined TRACON& Tower with Radar,516,88,96,5,705,0,1,7,2,10,516,89,103,7,715,0,0,0,715
10/28/2019,BNA,TN,ASO,CE,Combined TRACON& Tower with Radar,510,57,100,10,677,0,0,8,0,8,510,57,108,10,685,0,0,0,685
10/29/2019,BNA,TN,ASO,CE,Combined TRACON& Tower with Radar,485,69,127,8,689,0,0,12,2,14,485,69,139,10,703,0,0,0,703
10/30/2019,BNA,TN,ASO,CE,Combined TRACON& Tower with Radar,501,75,80,4,660,0,0,0,0,0,501,75,80,4,660,0,0,0,660
10/31/2019,BNA,TN,ASO,CE,Combined TRACON& Tower with Radar,461,68,54,10,593,0,0,2,2,4,461,68,56,12,597,0,0,0,597
11/01/2019,BNA,TN,ASO,CE,Combined TRACON& Tower with Radar,497,83,89,15,684,0,0,66,16,82,497,83,155,31,766,0,0,0,766
11/02/2019,BNA,TN,ASO,CE,Combined TRACON& Tower with Radar,397,57,34,4,492,0,2,57,8,67,397,59,91,12,559,0,0,0,559
11/03/2019,BNA,TN,ASO,CE,Combined TRACON& Tower with Radar,513,65,76,7,661,0,1,31,7,39,513,66,107,14,700,0,0,0,700
11/04/2019,BNA,TN,ASO,CE,Combined TRACON& Tower with Radar,511,70,66,2,649,0,2,54,9,65,511,72,120,11,714,0,0,0,714
11/05/2019,BNA,TN,ASO,CE,Combined TRACON& Tower with Radar,469,76,55,2,602,0,2,44,21,67,469,78,99,23,669,0,0,0,669
11/06/2019,BNA,TN,ASO,CE,Combined TRACON& Tower with Radar,474,75,98,6,653,0,1,58,10,69,474,76,156,16,722,0,0,0,722
11/07/2019,BNA,TN,ASO,CE,Combined TRACON& Tower with Radar,512,74,103,1,690,0,0,0,0,0,512,74,103,1,690,0,0,0,690
11/08/2019,BNA,TN,ASO,CE,Combined TRACON& Tower with Radar,518,74,91,3,686,0,2,53,11,66,518,76,144,14,752,0,0,0,752
11/09/2019,BNA,TN,ASO,CE,Combined TRACON& Tower with Radar,366,59,55,2,482,0,1,57,1,59,366,60,112,3,541,0,0,0,541
11/10/2019,BNA,TN,ASO,CE,Combined TRACON& Tower with Radar,508,73,83,1,665,0,0,17,2,19,508,73,100,3,684,0,0,0,684
11/11/2019,BNA,TN,ASO,CE,Combined TRACON& Tower with Radar,492,71,81,0,644,0,0,31,0,31,492,71,112,0,675,0,0,0,675
11/12/2019,BNA,TN,ASO,CE,Combined TRACON& Tower with Radar,489,92,134,0,715,0,2,25,4,31,489,94,159,4,746,0,0,0,746
11/13/2019,BNA,TN,ASO,CE,Combined TRACON& Tower with Radar,488,106,134,5,733,0,0,53,0,53,488,106,187,5,786,0,0,0,786
11/14/2019,BNA,TN,ASO,CE,Combined TRACON& Tower with Radar,519,125,140,2,786,0,0,51,14,65,519,125,191,16,851,0,0,0,851
11/15/2019,BNA,TN,ASO,CE,Combined TRACON& Tower with Radar,501,90,116,5,712,0,6,60,19,85,501,96,176,24,797,0,0,0,797
11/16/2019,BNA,TN,ASO,CE,Combined TRACON& Tower with Radar,367,54,30,1,452,0,0,54,10,64,367,54,84,11,516,0,0,0,516
11/17/2019,BNA,TN,ASO,CE,Combined TRACON& Tower with Radar,517,77,77,5,676,0,1,18,7,26,517,78,95,12,702,0,0,0,702
11/18/2019,BNA,TN,ASO,CE,Combined TRACON& Tower with Radar,514,86,80,6,686,0,0,33,4,37,514,86,113,10,723,0,0,0,723
11/19/2019,BNA,TN,ASO,CE,Combined TRACON& Tower with Radar,485,70,83,4,642,0,0,24,17,41,485,70,107,21,683,0,0,0,683
11/20/2019,BNA,TN,ASO,CE,Combined TRACON& Tower with Radar,481,77,86,4,648,0,0,49,9,58,481,77,135,13,706,0,0,0,706
11/21/2019,BNA,TN,ASO,CE,Combined TRACON& Tower with Radar,500,74,108,4,686,0,1,25,8,34,500,75,133,12,720,0,0,0,720
11/22/2019,BNA,TN,ASO,CE,Combined TRACON& Tower with Radar,516,90,93,1,700,0,0,0,0,0,516,90,93,1,700,0,0,0,700
11/23/2019,BNA,TN,ASO,CE,Combined TRACON& Tower with Radar,404,65,41,0,510,0,0,0,0,0,404,65,41,0,510,0,0,0,510
11/24/2019,BNA,TN,ASO,CE,Combined TRACON& Tower with Radar,495,74,55,0,624,0,1,14,3,18,495,75,69,3,642,0,0,0,642
11/25/2019,BNA,TN,ASO,CE,Combined TRACON& Tower with Radar,471,69,84,7,631,0,3,36,4,43,471,72,120,11,674,0,0,0,674
11/26/2019,BNA,TN,ASO,CE,Combined TRACON& Tower with Radar,476,73,64,6,619,0,0,15,0,15,476,73,79,6,634,0,0,0,634
11/27/2019,BNA,TN,ASO,CE,Combined TRACON& Tower with Radar,503,74,46,0,623,0,0,13,0,13,503,74,59,0,636,0,0,0,636
11/28/2019,BNA,TN,ASO,CE,Combined TRACON& Tower with Radar,265,24,18,0,307,0,0,7,0,7,265,24,25,0,314,0,0,0,314
11/29/2019,BNA,TN,ASO,CE,Combined TRACON& Tower with Radar,332,42,37,0,411,0,0,31,0,31,332,42,68,0,442,0,0,0,442
11/30/2019,BNA,TN,ASO,CE,Combined TRACON& Tower with Radar,456,74,33,1,564,0,0,4,1,5,456,74,37,2,569,0,0,0,569
12/01/2019,BNA,TN,ASO,CE,Combined TRACON& Tower with Radar,517,82,95,0,694,0,0,6,0,6,517,82,101,0,700,0,0,0,700
12/02/2019,BNA,TN,ASO,CE,Combined TRACON& Tower with Radar,505,58,55,4,622,0,0,7,0,7,505,58,62,4,629,0,0,0,629
12/03/2019,BNA,TN,ASO,CE,Combined TRACON& Tower with Radar,476,80,107,1,664,0,0,52,3,55,476,80,159,4,719,0,0,0,719
12/04/2019,BNA,TN,ASO,CE,Combined TRACON& Tower with Radar,476,75,72,4,627,0,0,50,0,50,476,75,122,4,677,0,0,0,677
12/05/2019,BNA,TN,ASO,CE,Combined TRACON& Tower with Radar,496,90,109,4,699,0,0,57,19,76,496,90,166,23,775,0,0,0,775
12/06/2019,BNA,TN,ASO,CE,Combined TRACON& Tower with Radar,486,81,118,3,688,0,0,19,6,25,486,81,137,9,713,0,0,0,713
12/07/2019,BNA,TN,ASO,CE,Combined TRACON& Tower with Radar,352,59,48,10,469,0,0,28,6,34,352,59,76,16,503,0,0,0,503
12/08/2019,BNA,TN,ASO,CE,Combined TRACON& Tower with Radar,502,68,48,0,618,0,1,7,3,11,502,69,55,3,629,0,0,0,629
12/09/2019,BNA,TN,ASO,CE,Combined TRACON& Tower with Radar,496,52,71,0,619,0,0,0,7,7,496,52,71,7,626,0,0,0,626
12/10/2019,BNA,TN,ASO,CE,Combined TRACON& Tower with Radar,475,63,69,3,610,0,0,3,13,16,475,63,72,16,626,0,0,0,626
12/11/2019,BNA,TN,ASO,CE,Combined TRACON& Tower with Radar,464,77,80,2,623,0,4,57,11,72,464,81,137,13,695,0,0,0,695
12/12/2019,BNA,TN,ASO,CE,Combined TRACON& Tower with Radar,507,79,81,7,674,0,0,58,23,81,507,79,139,30,755,0,0,0,755
12/13/2019,BNA,TN,ASO,CE,Combined TRACON& Tower with Radar,488,49,65,8,610,0,0,0,0,0,488,49,65,8,610,0,0,0,610
12/14/2019,BNA,TN,ASO,CE,Combined TRACON& Tower with Radar,364,57,48,1,470,0,0,15,1,16,364,57,63,2,486,0,0,0,486
12/15/2019,BNA,TN,ASO,CE,Combined TRACON& Tower with Radar,501,61,70,4,636,0,0,10,2,12,501,61,80,6,648,0,0,0,648
12/16/2019,BNA,TN,ASO,CE,Combined TRACON& Tower with Radar,507,49,52,3,611,0,0,1,0,1,507,49,53,3,612,0,0,0,612
12/17/2019,BNA,TN,ASO,CE,Combined TRACON& Tower with Radar,469,75,85,2,631,0,1,5,14,20,469,76,90,16,651,0,0,0,651
12/18/2019,BNA,TN,ASO,CE,Combined TRACON& Tower with Radar,472,64,89,3,628,0,0,11,4,15,472,64,100,7,643,0,0,0,643
12/19/2019,BNA,TN,ASO,CE,Combined TRACON& Tower with Radar,474,79,88,1,642,0,1,46,24,71,474,80,134,25,713,0,0,0,713
12/20/2019,BNA,TN,ASO,CE,Combined TRACON& Tower with Radar,451,84,64,4,603,0,1,49,0,50,451,85,113,4,653,0,0,0,653
12/21/2019,BNA,TN,ASO,CE,Combined TRACON& Tower with Radar,408,66,34,1,509,0,1,41,0,42,408,67,75,1,551,0,0,0,551
12/22/2019,BNA,TN,ASO,CE,Combined TRACON& Tower with Radar,449,60,47,0,556,0,0,4,0,4,449,60,51,0,560,0,0,0,560
12/23/2019,BNA,TN,ASO,CE,Combined TRACON& Tower with Radar,445,74,39,3,561,0,0,35,0,35,445,74,74,3,596,0,0,0,596
12/24/2019,BNA,TN,ASO,CE,Combined TRACON& Tower with Radar,344,54,21,0,419,0,1,19,0,20,344,55,40,0,439,0,0,0,439
12/25/2019,BNA,TN,ASO,CE,Combined TRACON& Tower with Radar,336,55,5,0,396,0,1,3,0,4,336,56,8,0,400,0,0,0,400
12/26/2019,BNA,TN,ASO,CE,Combined TRACON& Tower with Radar,450,96,41,2,589,0,1,15,0,16,450,97,56,2,605,0,0,0,605
12/27/2019,BNA,TN,ASO,CE,Combined TRACON& Tower with Radar,454,88,74,1,617,0,1,27,2,30,454,89,101,3,647,0,0,0,647
12/28/2019,BNA,TN,ASO,CE,Combined TRACON& Tower with Radar,404,75,54,0,533,0,0,11,0,11,404,75,65,0,544,0,0,0,544
12/29/2019,BNA,TN,ASO,CE,Combined TRACON& Tower with Radar,450,81,31,0,562,0,0,0,0,0,450,81,31,0,562,0,0,0,562
12/30/2019,BNA,TN,ASO,CE,Combined TRACON& Tower with Radar,455,69,69,6,599,0,2,24,4,30,455,71,93,10,629,0,0,0,629
12/31/2019,BNA,TN,ASO,CE,Combined TRACON& Tower with Radar,368,59,36,1,464,0,0,26,0,26,368,59,62,1,490,0,0,0,490
01/01/2020,BNA,TN,ASO,CE,Combined TRACON& Tower with Radar,380,72,41,0,493,0,0,16,0,16,380,72,57,0,509,0,0,0,509
01/02/2020,BNA,TN,ASO,CE,Combined TRACON& Tower with Radar,444,70,55,0,569,0,0,0,0,0,444,70,55,0,569,0,0,0,569
01/03/2020,BNA,TN,ASO,CE,Combined TRACON& Tower with Radar,447,76,47,0,570,0,0,0,0,0,447,76,47,0,570,0,0,0,570
01/04/2020,BNA,TN,ASO,CE,Combined TRACON& Tower with Radar,348,73,52,0,473,0,0,2,0,2,348,73,54,0,475,0,0,0,475
01/05/2020,BNA,TN,ASO,CE,Combined TRACON& Tower with Radar,454,89,51,1,595,0,0,7,2,9,454,89,58,3,604,0,0,0,604
01/06/2020,BNA,TN,ASO,CE,Combined TRACON& Tower with Radar,465,65,61,1,592,0,0,36,0,36,465,65,97,1,628,0,0,0,628
01/07/2020,BNA,TN,ASO,CE,Combined TRACON& Tower with Radar,445,61,83,5,594,0,1,37,7,45,445,62,120,12,639,0,0,0,639
01/08/2020,BNA,TN,ASO,CE,Combined TRACON& Tower with Radar,449,45,57,4,555,0,1,50,4,55,449,46,107,8,610,0,0,0,610
01/09/2020,BNA,TN,ASO,CE,Combined TRACON& Tower with Radar,460,70,55,3,588,0,0,20,8,28,460,70,75,11,616,0,0,0,616
01/10/2020,BNA,TN,ASO,CE,Combined TRACON& Tower with Radar,456,50,54,4,564,0,0,7,14,21,456,50,61,18,585,0,0,0,585
01/11/2020,BNA,TN,ASO,CE,Combined TRACON& Tower with Radar,333,31,21,4,389,0,0,0,0,0,333,31,21,4,389,0,0,0,389
01/12/2020,BNA,TN,ASO,CE,Combined TRACON& Tower with Radar,446,71,57,7,581,0,1,7,0,8,446,72,64,7,589,0,0,0,589
01/13/2020,BNA,TN,ASO,CE,Combined TRACON& Tower with Radar,449,60,56,2,567,0,0,12,0,12,449,60,68,2,579,0,0,0,579
01/14/2020,BNA,TN,ASO,CE,Combined TRACON& Tower with Radar,442,72,72,12,598,0,1,8,5,14,442,73,80,17,612,0,0,0,612
01/15/2020,BNA,TN,ASO,CE,Combined TRACON& Tower with Radar,450,51,79,7,587,0,0,2,0,2,450,51,81,7,589,0,0,0,589
01/16/2020,BNA,TN,ASO,CE,Combined TRACON& Tower with Radar,462,67,95,9,633,0,0,38,13,51,462,67,133,22,684,0,0,0,684
01/17/2020,BNA,TN,ASO,CE,Combined TRACON& Tower with Radar,438,74,69,1,582,0,0,31,8,39,438,74,100,9,621,0,0,0,621
01/18/2020,BNA,TN,ASO,CE,Combined TRACON& Tower with Radar,318,59,36,3,416,0,0,0,3,3,318,59,36,6,419,0,0,0,419
01/19/2020,BNA,TN,ASO,CE,Combined TRACON& Tower with Radar,411,75,42,2,530,0,0,13,2,15,411,75,55,4,545,0,0,0,545
01/20/2020,BNA,TN,ASO,CE,Combined TRACON& Tower with Radar,448,76,65,3,592,0,0,5,1,6,448,76,70,4,598,0,0,0,598
01/21/2020,BNA,TN,ASO,CE,Combined TRACON& Tower with Radar,432,74,71,2,579,0,2,43,0,45,432,76,114,2,624,0,0,0,624
01/22/2020,BNA,TN,ASO,CE,Combined TRACON& Tower with Radar,443,64,68,9,584,0,0,38,13,51,443,64,106,22,635,0,0,0,635
01/23/2020,BNA,TN,ASO,CE,Combined TRACON& Tower with Radar,457,78,93,8,636,0,0,25,0,25,457,78,118,8,661,0,0,0,661
01/24/2020,BNA,TN,ASO,CE,Combined TRACON& Tower with Radar,455,60,80,4,599,0,1,0,8,9,455,61,80,12,608,0,0,0,608
01/25/2020,BNA,TN,ASO,CE,Combined TRACON& Tower with Radar,336,51,30,3,420,0,2,3,14,19,336,53,33,17,439,0,0,0,439
01/26/2020,BNA,TN,ASO,CE,Combined TRACON& Tower with Radar,442,75,50,1,568,0,0,13,6,19,442,75,63,7,587,0,0,0,587
01/27/2020,BNA,TN,ASO,CE,Combined TRACON& Tower with Radar,453,61,65,3,582,0,4,21,0,25,453,65,86,3,607,0,0,0,607
01/28/2020,BNA,TN,ASO,CE,Combined TRACON& Tower with Radar,445,64,70,2,581,0,4,11,2,17,445,68,81,4,598,0,0,0,598
01/29/2020,BNA,TN,ASO,CE,Combined TRACON& Tower with Radar,443,66,93,11,613,0,3,21,4,28,443,69,114,15,641,0,0,0,641
01/30/2020,BNA,TN,ASO,CE,Combined TRACON& Tower with Radar,452,96,100,5,653,0,0,7,17,24,452,96,107,22,677,0,0,0,677
01/31/2020,BNA,TN,ASO,CE,Combined TRACON& Tower with Radar,458,73,85,6,622,0,0,2,2,4,458,73,87,8,626,0,0,0,626
02/01/2020,BNA,TN,ASO,ES,Combined TRACON& Tower with Radar,342,61,22,6,431,0,0,10,0,10,342,61,32,6,441,0,0,0,441
02/02/2020,BNA,TN,ASO,ES,Combined TRACON& Tower with Radar,420,57,52,9,538,0,4,25,2,31,420,61,77,11,569,0,0,0,569
02/03/2020,BNA,TN,ASO,ES,Combined TRACON& Tower with Radar,450,77,66,4,597,0,6,43,3,52,450,83,109,7,649,0,0,0,649
02/04/2020,BNA,TN,ASO,ES,Combined TRACON& Tower with Radar,443,73,87,3,606,0,1,2,0,3,443,74,89,3,609,0,0,0,609
02/05/2020,BNA,TN,ASO,ES,Combined TRACON& Tower with Radar,443,59,59,0,561,0,0,0,0,0,443,59,59,0,561,0,0,0,561
02/06/2020,BNA,TN,ASO,ES,Combined TRACON& Tower with Radar,455,90,69,0,614,0,0,0,0,0,455,90,69,0,614,0,0,0,614
02/07/2020,BNA,TN,ASO,ES,Combined TRACON& Tower with Radar,447,77,83,5,612,0,0,20,16,36,447,77,103,21,648,0,0,0,648
02/08/2020,BNA,TN,ASO,ES,Combined TRACON& Tower with Radar,342,40,30,8,420,0,0,53,5,58,342,40,83,13,478,0,0,0,478
02/09/2020,BNA,TN,ASO,ES,Combined TRACON& Tower with Radar,437,75,36,2,550,0,3,14,7,24,437,78,50,9,574,0,0,0,574
02/10/2020,BNA,TN,ASO,ES,Combined TRACON& Tower with Radar,470,70,61,2,603,0,0,0,0,0,470,70,61,2,603,0,0,0,603
02/11/2020,BNA,TN,ASO,ES,Combined TRACON& Tower with Radar,452,98,70,4,624,0,0,1,8,9,452,98,71,12,633,0,0,0,633
02/12/2020,BNA,TN,ASO,ES,Combined TRACON& Tower with Radar,462,76,88,0,626,0,0,0,0,0,462,76,88,0,626,0,0,0,626
02/13/2020,BNA,TN,ASO,ES,Combined TRACON& Tower with Radar,468,108,102,0,678,0,0,5,13,18,468,108,107,13,696,0,0,0,696
02/14/2020,BNA,TN,ASO,ES,Combined TRACON& Tower with Radar,490,81,82,4,657,0,3,36,3,42,490,84,118,7,699,0,0,0,699
02/15/2020,BNA,TN,ASO,ES,Combined TRACON& Tower with Radar,331,64,31,4,430,0,1,58,0,59,331,65,89,4,489,0,0,0,489
02/16/2020,BNA,TN,ASO,ES,Combined TRACON& Tower with Radar,436,83,39,6,564,0,1,24,1,26,436,84,63,7,590,0,0,0,590
02/17/2020,BNA,TN,ASO,ES,Combined TRACON& Tower with Radar,491,70,72,3,636,0,2,32,1,35,491,72,104,4,671,0,0,0,671
02/18/2020,BNA,TN,ASO,ES,Combined TRACON& Tower with Radar,467,74,84,5,630,0,0,1,0,1,467,74,85,5,631,0,0,0,631
02/19/2020,BNA,TN,ASO,ES,Combined TRACON& Tower with Radar,467,79,82,6,634,0,2,48,8,58,467,81,130,14,692,0,0,0,692
02/20/2020,BNA,TN,ASO,ES,Combined TRACON& Tower with Radar,483,82,56,0,621,0,0,10,6,16,483,82,66,6,637,0,0,0,637
02/21/2020,BNA,TN,ASO,ES,Combined TRACON& Tower with Radar,492,81,93,6,672,0,6,69,11,86,492,87,162,17,758,0,0,0,758
02/22/2020,BNA,TN,ASO,ES,Combined TRACON& Tower with Radar,346,59,37,0,442,0,2,56,16,74,346,61,93,16,516,0,0,0,516
02/23/2020,BNA,TN,ASO,ES,Combined TRACON& Tower with Radar,467,80,48,2,597,0,0,11,5,16,467,80,59,7,613,0,0,0,613
02/24/2020,BNA,TN,ASO,ES,Combined TRACON& Tower with Radar,484,72,51,0,607,0,0,0,0,0,484,72,51,0,607,0,0,0,607
02/25/2020,BNA,TN,ASO,ES,Combined TRACON& Tower with Radar,469,79,93,2,643,0,1,12,6,19,469,80,105,8,662,0,0,0,662
02/26/2020,BNA,TN,ASO,ES,Combined TRACON& Tower with Radar,473,83,72,2,630,0,0,4,1,5,473,83,76,3,635,0,0,0,635
02/27/2020,BNA,TN,ASO,ES,Combined TRACON& Tower with Radar,490,81,87,4,662,0,0,61,11,72,490,81,148,15,734,0,0,0,734
02/28/2020,BNA,TN,ASO,ES,Combined TRACON& Tower with Radar,484,83,83,6,656,0,0,16,2,18,484,83,99,8,674,0,0,0,674
02/29/2020,BNA,TN,ASO,ES,Combined TRACON& Tower with Radar,341,58,31,8,438,0,1,63,0,64,341,59,94,8,502,0,0,0,502
03/01/2020,BNA,TN,ASO,ES,Combined TRACON& Tower with Radar,473,85,66,8,632,0,4,12,1,17,473,89,78,9,649,0,0,0,649
03/02/2020,BNA,TN,ASO,ES,Combined TRACON& Tower with Radar,485,77,72,1,635,0,0,0,0,0,485,77,72,1,635,0,0,0,635
03/03/2020,BNA,TN,ASO,ES,Combined TRACON& Tower with Radar,472,78,107,4,661,0,4,44,7,55,472,82,151,11,716,0,0,0,716
03/04/2020,BNA,TN,ASO,ES,Combined TRACON& Tower with Radar,475,86,123,9,693,0,4,53,7,64,475,90,176,16,757,0,0,0,757
03/05/2020,BNA,TN,ASO,ES,Combined TRACON& Tower with Radar,497,101,111,5,714,0,5,48,1,54,497,106,159,6,768,0,0,0,768
03/06/2020,BNA,TN,ASO,ES,Combined TRACON& Tower with Radar,489,89,66,9,653,0,5,7,9,21,489,94,73,18,674,0,0,0,674
03/07/2020,BNA,TN,ASO,ES,Combined TRACON& Tower with Radar,412,67,61,2,542,0,2,65,16,83,412,69,126,18,625,0,0,0,625
03/08/2020,BNA,TN,ASO,ES,Combined TRACON& Tower with Radar,497,104,83,2,686,0,5,21,6,32,497,109,104,8,718,0,0,0,718
03/09/2020,BNA,TN,ASO,ES,Combined TRACON& Tower with Radar,492,80,98,5,675,0,2,34,6,42,492,82,132,11,717,0,0,0,717
03/10/2020,BNA,TN,ASO,ES,Combined TRACON& Tower with Radar,472,76,110,1,659,0,0,7,4,11,472,76,117,5,670,0,0,0,670
03/11/2020,BNA,TN,ASO,ES,Combined TRACON& Tower with Radar,481,98,118,6,703,0,1,9,2,12,481,99,127,8,715,0,0,0,715
03/12/2020,BNA,TN,ASO,ES,Combined TRACON& Tower with Radar,511,107,107,8,733,0,0,3,0,3,511,107,110,8,736,0,0,0,736
03/13/2020,BNA,TN,ASO,ES,Combined TRACON& Tower with Radar,490,101,114,3,708,0,2,43,4,49,490,103,157,7,757,0,0,0,757
03/14/2020,BNA,TN,ASO,ES,Combined TRACON& Tower with Radar,434,80,61,0,575,0,0,8,0,8,434,80,69,0,583,0,0,0,583
03/15/2020,BNA,TN,ASO,ES,Combined TRACON& Tower with Radar,504,86,66,0,656,0,0,0,0,0,504,86,66,0,656,0,0,0,656
03/16/2020,BNA,TN,ASO,ES,Combined TRACON& Tower with Radar,498,65,55,0,618,0,0,16,0,16,498,65,71,0,634,0,0,0,634
03/17/2020,BNA,TN,ASO,ES,Combined TRACON& Tower with Radar,453,52,40,2,547,0,0,0,3,3,453,52,40,5,550,0,0,0,550
03/18/2020,BNA,TN,ASO,ES,Combined TRACON& Tower with Radar,463,69,49,0,581,0,0,13,1,14,463,69,62,1,595,0,0,0,595
03/19/2020,BNA,TN,ASO,ES,Combined TRACON& Tower with Radar,429,65,52,0,546,0,0,6,0,6,429,65,58,0,552,0,0,0,552
03/20/2020,BNA,TN,ASO,ES,Combined TRACON& Tower with Radar,410,62,46,0,518,0,0,3,0,3,410,62,49,0,521,0,0,0,521
03/21/2020,BNA,TN,ASO,ES,Combined TRACON& Tower with Radar,371,60,44,0,475,0,2,16,0,18,371,62,60,0,493,0,0,0,493
03/22/2020,BNA,TN,ASO,ES,Combined TRACON& Tower with Radar,323,52,38,0,413,0,0,7,0,7,323,52,45,0,420,0,0,0,420
03/23/2020,BNA,TN,ASO,ES,Combined TRACON& Tower with Radar,314,61,19,0,394,0,0,7,0,7,314,61,26,0,401,0,0,0,401
03/24/2020,BNA,TN,ASO,ES,Combined TRACON& Tower with Radar,277,34,16,0,327,0,0,0,0,0,277,34,16,0,327,0,0,0,327
03/25/2020,BNA,TN,ASO,ES,Combined TRACON& Tower with Radar,274,47,15,3,339,0,0,7,1,8,274,47,22,4,347,0,0,0,347
03/26/2020,BNA,TN,ASO,ES,Combined TRACON& Tower with Radar,277,35,19,2,333,0,2,14,0,16,277,37,33,2,349,0,0,0,349
03/27/2020,BNA,TN,ASO,ES,Combined TRACON& Tower with Radar,254,47,22,2,325,0,1,14,5,20,254,48,36,7,345,0,0,0,345
03/28/2020,BNA,TN,ASO,ES,Combined TRACON& Tower with Radar,232,33,9,0,274,0,0,5,0,5,232,33,14,0,279,0,0,0,279
03/29/2020,BNA,TN,ASO,ES,Combined TRACON& Tower with Radar,243,28,9,0,280,0,2,6,0,8,243,30,15,0,288,0,0,0,288
03/30/2020,BNA,TN,ASO,ES,Combined TRACON& Tower with Radar,225,40,22,0,287,0,0,18,0,18,225,40,40,0,305,0,0,0,305
03/31/2020,BNA,TN,ASO,ES,Combined TRACON& Tower with Radar,215,30,9,2,256,0,0,0,0,0,215,30,9,2,256,0,0,0,256
04/01/2020,BNA,TN,ASO,ES,Combined TRACON& Tower with Radar,211,27,13,2,253,0,2,15,2,19,211,29,28,4,272,0,0,0,272
04/02/2020,BNA,TN,ASO,ES,Combined TRACON& Tower with Radar,220,24,14,4,262,0,5,12,0,17,220,29,26,4,279,0,0,0,279
04/03/2020,BNA,TN,ASO,ES,Combined TRACON& Tower with Radar,210,33,9,0,252,0,3,9,3,15,210,36,18,3,267,0,0,0,267
04/04/2020,BNA,TN,ASO,ES,Combined TRACON& Tower with Radar,184,23,12,0,219,0,2,9,0,11,184,25,21,0,230,0,0,0,230
04/05/2020,BNA,TN,ASO,ES,Combined TRACON& Tower with Radar,175,22,9,0,206,0,1,8,0,9,175,23,17,0,215,0,0,0,215
04/06/2020,BNA,TN,ASO,ES,Combined TRACON& Tower with Radar,191,28,13,4,236,0,0,13,0,13,191,28,26,4,249,0,0,0,249
04/07/2020,BNA,TN,ASO,ES,Combined TRACON& Tower with Radar,180,31,15,5,231,0,1,8,2,11,180,32,23,7,242,0,0,0,242
04/08/2020,BNA,TN,ASO,ES,Combined TRACON& Tower with Radar,172,28,25,2,227,0,0,2,4,6,172,28,27,6,233,0,0,0,233
04/09/2020,BNA,TN,ASO,ES,Combined TRACON& Tower with Radar,173,17,14,2,206,0,0,10,4,14,173,17,24,6,220,0,0,0,220
04/10/2020,BNA,TN,ASO,ES,Combined TRACON& Tower with Radar,182,25,18,0,225,0,4,7,2,13,182,29,25,2,238,0,0,0,238
04/11/2020,BNA,TN,ASO,ES,Combined TRACON& Tower with Radar,119,17,10,2,148,0,1,15,0,16,119,18,25,2,164,0,0,0,164
04/12/2020,BNA,TN,ASO,ES,Combined TRACON& Tower with Radar,151,15,3,0,169,0,2,0,0,2,151,17,3,0,171,0,0,0,171
04/13/2020,BNA,TN,ASO,ES,Combined TRACON& Tower with Radar,168,30,10,4,212,0,0,6,0,6,168,30,16,4,218,0,0,0,218
04/14/2020,BNA,TN,ASO,ES,Combined TRACON& Tower with Radar,137,21,12,2,172,0,3,6,4,13,137,24,18,6,185,0,0,0,185
04/15/2020,BNA,TN,ASO,ES,Combined TRACON& Tower with Radar,146,22,12,0,180,0,4,12,6,22,146,26,24,6,202,0,0,0,202
04/16/2020,BNA,TN,ASO,ES,Combined TRACON& Tower with Radar,138,34,13,1,186,0,3,17,0,20,138,37,30,1,206,0,0,0,206
04/17/2020,BNA,TN,ASO,ES,Combined TRACON& Tower with Radar,123,34,18,3,178,0,2,6,2,10,123,36,24,5,188,0,0,0,188
04/18/2020,BNA,TN,ASO,ES,Combined TRACON& Tower with Radar,110,21,18,0,149,0,1,22,2,25,110,22,40,2,174,0,0,0,174
04/19/2020,BNA,TN,ASO,ES,Combined TRACON& Tower with Radar,125,20,9,2,156,0,0,6,4,10,125,20,15,6,166,0,0,0,166
04/20/2020,BNA,TN,ASO,ES,Combined TRACON& Tower with Radar,120,30,15,0,165,0,0,12,9,21,120,30,27,9,186,0,0,0,186
04/21/2020,BNA,TN,ASO,ES,Combined TRACON& Tower with Radar,117,34,33,0,184,0,2,17,6,25,117,36,50,6,209,0,0,0,209
04/22/2020,BNA,TN,ASO,ES,Combined TRACON& Tower with Radar,127,30,39,0,196,0,1,16,7,24,127,31,55,7,220,0,0,0,220
04/23/2020,BNA,TN,ASO,ES,Combined TRACON& Tower with Radar,128,32,14,0,174,0,0,2,0,2,128,32,16,0,176,0,0,0,176
04/24/2020,BNA,TN,ASO,ES,Combined TRACON& Tower with Radar,117,39,36,8,200,0,0,30,4,34,117,39,66,12,234,0,0,0,234
04/25/2020,BNA,TN,ASO,ES,Combined TRACON& Tower with Radar,107,22,4,0,133,0,0,4,0,4,107,22,8,0,137,0,0,0,137
04/26/2020,BNA,TN,ASO,ES,Combined TRACON& Tower with Radar,134,25,18,2,179,0,0,10,0,10,134,25,28,2,189,0,0,0,189
04/27/2020,BNA,TN,ASO,ES,Combined TRACON& Tower with Radar,122,26,17,8,173,0,1,24,10,35,122,27,41,18,208,0,0,0,208
04/28/2020,BNA,TN,ASO,ES,Combined TRACON& Tower with Radar,135,29,22,4,190,0,2,32,12,46,135,31,54,16,236,0,0,0,236
04/29/2020,BNA,TN,ASO,ES,Combined TRACON& Tower with Radar,136,31,8,0,175,0,0,0,0,0,136,31,8,0,175,0,0,0,175
04/30/2020,BNA,TN,ASO,ES,Combined TRACON& Tower with Radar,138,35,23,6,202,0,0,9,10,19,138,35,32,16,221,0,0,0,221
05/01/2020,BNA,TN,ASO,ES,Combined TRACON& Tower with Radar,142,27,31,1,201,0,5,68,6,79,142,32,99,7,280,0,0,0,280
05/02/2020,BNA,TN,ASO,ES,Combined TRACON& Tower with Radar,124,24,20,0,168,3,3,45,2,53,127,27,65,2,221,0,0,0,221
05/03/2020,BNA,TN,ASO,ES,Combined TRACON& Tower with Radar,137,32,31,0,200,0,0,5,0,5,137,32,36,0,205,0,0,0,205
05/04/2020,BNA,TN,ASO,ES,Combined TRACON& Tower with Radar,139,26,16,0,181,0,3,25,0,28,139,29,41,0,209,0,0,0,209
05/05/2020,BNA,TN,ASO,ES,Combined TRACON& Tower with Radar,131,31,20,4,186,0,0,6,7,13,131,31,26,11,199,0,0,0,199
05/06/2020,BNA,TN,ASO,ES,Combined TRACON& Tower with Radar,132,38,30,4,204,0,0,14,3,17,132,38,44,7,221,0,0,0,221
05/07/2020,BNA,TN,ASO,ES,Combined TRACON& Tower with Radar,138,42,31,2,213,0,4,54,10,68,138,46,85,12,281,0,0,0,281
05/08/2020,BNA,TN,ASO,ES,Combined TRACON& Tower with Radar,143,31,56,6,236,0,0,6,0,6,143,31,62,6,242,0,0,0,242
05/09/2020,BNA,TN,ASO,ES,Combined TRACON& Tower with Radar,123,37,18,0,178,0,0,57,0,57,123,37,75,0,235,0,0,0,235
05/10/2020,BNA,TN,ASO,ES,Combined TRACON& Tower with Radar,127,35,14,0,176,0,0,17,0,17,127,35,31,0,193,0,0,0,193
05/11/2020,BNA,TN,ASO,ES,Combined TRACON& Tower with Radar,139,40,40,1,220,0,0,39,0,39,139,40,79,1,259,0,0,0,259
05/12/2020,BNA,TN,ASO,ES,Combined TRACON& Tower with Radar,126,30,32,1,189,0,0,38,3,41,126,30,70,4,230,0,0,0,230
05/13/2020,BNA,TN,ASO,ES,Combined TRACON& Tower with Radar,140,32,28,0,200,0,0,24,0,24,140,32,52,0,224,0,0,0,224
05/14/2020,BNA,TN,ASO,ES,Combined TRACON& Tower with Radar,145,34,25,2,206,0,1,39,10,50,145,35,64,12,256,0,0,0,256
05/15/2020,BNA,TN,ASO,ES,Combined TRACON& Tower with Radar,143,43,17,0,203,0,2,36,3,41,143,45,53,3,244,0,0,0,244
05/16/2020,BNA,TN,ASO,ES,Combined TRACON& Tower with Radar,125,24,16,0,165,0,0,35,1,36,125,24,51,1,201,0,0,0,201
05/17/2020,BNA,TN,ASO,ES,Combined TRACON& Tower with Radar,137,31,31,0,199,0,0,8,0,8,137,31,39,0,207,0,0,0,207
05/18/2020,BNA,TN,ASO,ES,Combined TRACON& Tower with Radar,144,41,24,2,211,0,2,12,1,15,144,43,36,3,226,0,0,0,226
05/19/2020,BNA,TN,ASO,ES,Combined TRACON& Tower with Radar,129,35,36,0,200,0,0,21,10,31,129,35,57,10,231,0,0,0,231
05/20/2020,BNA,TN,ASO,ES,Combined TRACON& Tower with Radar,146,41,56,2,245,0,0,0,2,2,146,41,56,4,247,0,0,0,247
05/21/2020,BNA,TN,ASO,ES,Combined TRACON& Tower with Radar,170,47,40,5,262,0,1,14,9,24,170,48,54,14,286,0,0,0,286
05/22/2020,BNA,TN,ASO,ES,Combined TRACON& Tower with Radar,159,44,37,0,240,0,1,22,0,23,159,45,59,0,263,0,0,0,263
05/23/2020,BNA,TN,ASO,ES,Combined TRACON& Tower with Radar,132,37,27,0,196,0,0,40,0,40,132,37,67,0,236,0,0,0,236
05/24/2020,BNA,TN,ASO,ES,Combined TRACON& Tower with Radar,146,29,16,0,191,0,2,22,0,24,146,31,38,0,215,12,0,12,227
05/25/2020,BNA,TN,ASO,ES,Combined TRACON& Tower with Radar,150,32,23,0,205,0,0,24,0,24,150,32,47,0,229,14,0,14,243
05/26/2020,BNA,TN,ASO,ES,Combined TRACON& Tower with Radar,133,40,50,2,225,0,1,40,4,45,133,41,90,6,270,0,0,0,270
05/27/2020,BNA,TN,ASO,ES,Combined TRACON& Tower with Radar,146,49,52,3,250,0,1,4,1,6,146,50,56,4,256,0,0,0,256
05/28/2020,BNA,TN,ASO,ES,Combined TRACON& Tower with Radar,165,50,49,0,264,0,0,41,5,46,165,50,90,5,310,0,0,0,310
05/29/2020,BNA,TN,ASO,ES,Combined TRACON& Tower with Radar,166,33,36,1,236,0,2,54,2,58,166,35,90,3,294,0,0,0,294
05/30/2020,BNA,TN,ASO,ES,Combined TRACON& Tower with Radar,136,30,27,1,194,0,0,64,2,66,136,30,91,3,260,0,0,0,260
05/31/2020,BNA,TN,ASO,ES,Combined TRACON& Tower with Radar,163,38,28,0,229,0,0,22,2,24,163,38,50,2,253,0,0,0,253
06/01/2020,BNA,TN,ASO,ES,Combined TRACON& Tower with Radar,160,37,41,2,240,0,1,41,4,46,160,38,82,6,286,0,0,0,286
06/02/2020,BNA,TN,ASO,ES,Combined TRACON& Tower with Radar,141,40,16,3,200,0,10,46,7,63,141,50,62,10,263,0,0,0,263
06/03/2020,BNA,TN,ASO,ES,Combined TRACON& Tower with Radar,157,43,44,1,245,0,1,50,4,55,157,44,94,5,300,0,0,0,300
06/04/2020,BNA,TN,ASO,ES,Combined TRACON& Tower with Radar,197,50,44,3,294,0,0,29,2,31,197,50,73,5,325,0,0,0,325
06/05/2020,BNA,TN,ASO,ES,Combined TRACON& Tower with Radar,192,61,55,7,315,0,2,43,0,45,192,63,98,7,360,0,0,0,360
06/06/2020,BNA,TN,ASO,ES,Combined TRACON& Tower with Radar,160,35,19,0,214,0,0,61,2,63,160,35,80,2,277,0,0,0,277
06/07/2020,BNA,TN,ASO,ES,Combined TRACON& Tower with Radar,220,36,27,0,283,0,0,22,2,24,220,36,49,2,307,0,0,0,307
06/08/2020,BNA,TN,ASO,ES,Combined TRACON& Tower with Radar,214,50,38,3,305,0,1,23,2,26,214,51,61,5,331,0,0,0,331
06/09/2020,BNA,TN,ASO,ES,Combined TRACON& Tower with Radar,179,37,44,0,260,0,0,9,8,17,179,37,53,8,277,0,0,0,277
06/10/2020,BNA,TN,ASO,ES,Combined TRACON& Tower with Radar,183,58,50,2,293,0,1,20,4,25,183,59,70,6,318,0,0,0,318
06/11/2020,BNA,TN,ASO,ES,Combined TRACON& Tower with Radar,241,49,64,5,359,0,2,48,23,73,241,51,112,28,432,0,0,0,432
06/12/2020,BNA,TN,ASO,ES,Combined TRACON& Tower with Radar,232,45,56,1,334,0,1,40,4,45,232,46,96,5,379,0,0,0,379
06/13/2020,BNA,TN,ASO,ES,Combined TRACON& Tower with Radar,195,34,27,0,256,0,0,40,0,40,195,34,67,0,296,0,0,0,296
06/14/2020,BNA,TN,ASO,ES,Combined TRACON& Tower with Radar,239,40,53,0,332,1,0,3,0,4,240,40,56,0,336,0,0,0,336
06/15/2020,BNA,TN,ASO,ES,Combined TRACON& Tower with Radar,236,47,34,5,322,0,0,33,8,41,236,47,67,13,363,0,0,0,363
06/16/2020,BNA,TN,ASO,ES,Combined TRACON& Tower with Radar,187,31,32,2,252,0,4,55,7,66,187,35,87,9,318,0,0,0,318
06/17/2020,BNA,TN,ASO,ES,Combined TRACON& Tower with Radar,187,52,46,9,294,0,1,41,9,51,187,53,87,18,345,0,0,0,345
06/18/2020,BNA,TN,ASO,ES,Combined TRACON& Tower with Radar,240,54,49,2,345,0,1,64,13,78,240,55,113,15,423,0,0,0,423
06/19/2020,BNA,TN,ASO,ES,Combined TRACON& Tower with Radar,243,46,53,1,343,0,1,48,2,51,243,47,101,3,394,0,0,0,394
06/20/2020,BNA,TN,ASO,ES,Combined TRACON& Tower with Radar,225,29,37,1,292,0,5,47,1,53,225,34,84,2,345,0,0,0,345
06/21/2020,BNA,TN,ASO,ES,Combined TRACON& Tower with Radar,281,51,33,3,368,0,2,1,0,3,281,53,34,3,371,0,0,0,371
06/22/2020,BNA,TN,ASO,ES,Combined TRACON& Tower with Radar,283,44,46,0,373,0,0,20,3,23,283,44,66,3,396,0,0,0,396
06/23/2020,BNA,TN,ASO,ES,Combined TRACON& Tower with Radar,249,53,33,2,337,0,0,26,9,35,249,53,59,11,372,0,0,0,372
06/24/2020,BNA,TN,ASO,ES,Combined TRACON& Tower with Radar,250,47,61,2,360,0,0,58,7,65,250,47,119,9,425,0,0,0,425
06/25/2020,BNA,TN,ASO,ES,Combined TRACON& Tower with Radar,299,42,60,4,405,0,1,50,16,67,299,43,110,20,472,0,0,0,472
06/26/2020,BNA,TN,ASO,ES,Combined TRACON& Tower with Radar,288,54,65,9,416,0,1,49,4,54,288,55,114,13,470,0,0,0,470
06/27/2020,BNA,TN,ASO,ES,Combined TRACON& Tower with Radar,252,41,47,1,341,0,5,10,0,15,252,46,57,1,356,0,0,0,356
06/28/2020,BNA,TN,ASO,ES,Combined TRACON& Tower with Radar,298,43,38,4,383,0,0,3,0,3,298,43,41,4,386,0,0,0,386
06/29/2020,BNA,TN,ASO,ES,Combined TRACON& Tower with Radar,299,63,55,3,420,0,0,19,4,23,299,63,74,7,443,0,0,0,443
06/30/2020,BNA,TN,ASO,ES,Combined TRACON& Tower with Radar,279,50,31,0,360,0,0,6,0,6,279,50,37,0,366,0,0,0,366
07/01/2020,BNA,TN,ASO,ES,Combined TRACON& Tower with Radar,283,50,55,2,390,0,0,8,6,14,283,50,63,8,404,0,0,0,404
07/02/2020,BNA,TN,ASO,ES,Combined TRACON& Tower with Radar,328,56,57,0,441,0,0,38,3,41,328,56,95,3,482,0,0,0,482
07/03/2020,BNA,TN,ASO,ES,Combined TRACON& Tower with Radar,328,49,34,0,411,0,1,55,4,60,328,50,89,4,471,0,0,0,471
07/04/2020,BNA,TN,ASO,ES,Combined TRACON& Tower with Radar,254,22,10,0,286,0,0,34,2,36,254,22,44,2,322,0,0,0,322
07/05/2020,BNA,TN,ASO,ES,Combined TRACON& Tower with Radar,324,50,39,0,413,0,5,9,0,14,324,55,48,0,427,0,0,0,427
07/06/2020,BNA,TN,ASO,ES,Combined TRACON& Tower with Radar,326,52,38,2,418,0,0,44,1,45,326,52,82,3,463,0,0,0,463
07/07/2020,BNA,TN,ASO,ES,Combined TRACON& Tower with Radar,310,44,40,1,395,0,0,38,8,46,310,44,78,9,441,0,0,0,441
07/08/2020,BNA,TN,ASO,ES,Combined TRACON& Tower with Radar,313,40,53,3,409,0,0,30,13,43,313,40,83,16,452,0,0,0,452
07/09/2020,BNA,TN,ASO,ES,Combined TRACON& Tower with Radar,366,47,40,3,456,0,0,41,13,54,366,47,81,16,510,0,0,0,510
07/10/2020,BNA,TN,ASO,ES,Combined TRACON& Tower with Radar,355,49,53,5,462,0,2,38,1,41,355,51,91,6,503,0,0,0,503
07/11/2020,BNA,TN,ASO,ES,Combined TRACON& Tower with Radar,306,25,20,3,354,0,1,47,10,58,306,26,67,13,412,0,0,0,412
07/12/2020,BNA,TN,ASO,ES,Combined TRACON& Tower with Radar,357,54,35,0,446,0,0,5,1,6,357,54,40,1,452,0,0,0,452
07/13/2020,BNA,TN,ASO,ES,Combined TRACON& Tower with Radar,359,39,42,0,440,0,1,43,11,55,359,40,85,11,495,0,0,0,495
07/14/2020,BNA,TN,ASO,ES,Combined TRACON& Tower with Radar,317,50,34,8,409,0,4,47,10,61,317,54,81,18,470,0,0,0,470
07/15/2020,BNA,TN,ASO,ES,Combined TRACON& Tower with Radar,316,48,56,4,424,0,0,54,10,64,316,48,110,14,488,0,0,0,488
07/16/2020,BNA,TN,ASO,ES,Combined TRACON& Tower with Radar,367,52,41,8,468,0,0,37,12,49,367,52,78,20,517,0,0,0,517
07/17/2020,BNA,TN,ASO,ES,Combined TRACON& Tower with Radar,363,39,36,0,438,0,2,37,2,41,363,41,73,2,479,0,0,0,479
07/18/2020,BNA,TN,ASO,ES,Combined TRACON& Tower with Radar,316,35,29,0,380,0,1,38,4,43,316,36,67,4,423,0,0,0,423
07/19/2020,BNA,TN,ASO,ES,Combined TRACON& Tower with Radar,364,37,22,0,423,0,0,26,0,26,364,37,48,0,449,0,0,0,449
07/20/2020,BNA,TN,ASO,ES,Combined TRACON& Tower with Radar,364,46,28,3,441,0,2,31,11,44,364,48,59,14,485,0,0,0,485
07/21/2020,BNA,TN,ASO,ES,Combined TRACON& Tower with Radar,321,35,30,1,387,0,0,37,7,44,321,35,67,8,431,0,0,0,431
07/22/2020,BNA,TN,ASO,ES,Combined TRACON& Tower with Radar,314,45,39,2,400,0,1,18,3,22,314,46,57,5,422,0,0,0,422
07/23/2020,BNA,TN,ASO,ES,Combined TRACON& Tower with Radar,365,50,38,0,453,0,3,31,18,52,365,53,69,18,505,0,0,0,505
07/24/2020,BNA,TN,ASO,ES,Combined TRACON& Tower with Radar,358,55,36,2,451,0,0,25,1,26,358,55,61,3,477,0,0,0,477
07/25/2020,BNA,TN,ASO,ES,Combined TRACON& Tower with Radar,319,53,26,0,398,0,0,38,4,42,319,53,64,4,440,0,0,0,440
07/26/2020,BNA,TN,ASO,ES,Combined TRACON& Tower with Radar,351,39,20,0,410,0,1,11,5,17,351,40,31,5,427,0,0,0,427
07/27/2020,BNA,TN,ASO,ES,Combined TRACON& Tower with Radar,345,36,35,4,420,0,0,45,6,51,345,36,80,10,471,0,0,0,471
07/28/2020,BNA,TN,ASO,ES,Combined TRACON& Tower with Radar,318,53,32,4,407,0,0,43,3,46,318,53,75,7,453,0,0,0,453
07/29/2020,BNA,TN,ASO,ES,Combined TRACON& Tower with Radar,310,43,42,4,399,0,0,49,9,58,310,43,91,13,457,0,0,0,457
07/30/2020,BNA,TN,ASO,ES,Combined TRACON& Tower with Radar,355,54,25,9,443,0,2,29,5,36,355,56,54,14,479,0,0,0,479
07/31/2020,BNA,TN,ASO,ES,Combined TRACON& Tower with Radar,350,44,49,3,446,0,2,36,2,40,350,46,85,5,486,0,0,0,486
08/01/2020,BNA,TN,ASO,ES,Combined TRACON& Tower with Radar,324,41,32,4,401,0,0,22,0,22,324,41,54,4,423,0,0,0,423
08/02/2020,BNA,TN,ASO,ES,Combined TRACON& Tower with Radar,354,37,33,0,424,0,0,23,2,25,354,37,56,2,449,0,0,0,449
08/03/2020,BNA,TN,ASO,ES,Combined TRACON& Tower with Radar,364,44,33,1,442,0,0,44,3,47,364,44,77,4,489,0,0,0,489
08/04/2020,BNA,TN,ASO,ES,Combined TRACON& Tower with Radar,304,50,46,9,409,0,0,38,7,45,304,50,84,16,454,0,0,0,454
08/05/2020,BNA,TN,ASO,ES,Combined TRACON& Tower with Radar,312,49,44,3,408,0,2,57,7,66,312,51,101,10,474,0,0,0,474
08/06/2020,BNA,TN,ASO,ES,Combined TRACON& Tower with Radar,367,42,49,0,458,0,3,73,20,96,367,45,122,20,554,0,0,0,554
08/07/2020,BNA,TN,ASO,ES,Combined TRACON& Tower with Radar,363,39,51,1,454,0,8,62,13,83,363,47,113,14,537,0,0,0,537
08/08/2020,BNA,TN,ASO,ES,Combined TRACON& Tower with Radar,313,36,34,1,384,0,7,47,7,61,313,43,81,8,445,0,0,0,445
08/09/2020,BNA,TN,ASO,ES,Combined TRACON& Tower with Radar,357,44,42,4,447,0,1,29,4,34,357,45,71,8,481,0,0,0,481
08/10/2020,BNA,TN,ASO,ES,Combined TRACON& Tower with Radar,364,47,30,1,442,0,0,36,3,39,364,47,66,4,481,0,0,0,481
08/11/2020,BNA,TN,ASO,ES,Combined TRACON& Tower with Radar,336,52,53,5,446,0,0,51,9,60,336,52,104,14,506,0,0,0,506
08/12/2020,BNA,TN,ASO,ES,Combined TRACON& Tower with Radar,337,62,52,3,454,0,0,34,5,39,337,62,86,8,493,0,0,0,493
08/13/2020,BNA,TN,ASO,ES,Combined TRACON& Tower with Radar,404,62,38,2,506,0,0,22,9,31,404,62,60,11,537,0,0,0,537
08/14/2020,BNA,TN,ASO,ES,Combined TRACON& Tower with Radar,384,60,38,6,488,0,2,22,1,25,384,62,60,7,513,0,0,0,513
08/15/2020,BNA,TN,ASO,ES,Combined TRACON& Tower with Radar,344,40,33,0,417,0,3,38,0,41,344,43,71,0,458,0,0,0,458
08/16/2020,BNA,TN,ASO,ES,Combined TRACON& Tower with Radar,372,57,35,2,466,0,0,15,0,15,372,57,50,2,481,0,0,0,481
08/17/2020,BNA,TN,ASO,ES,Combined TRACON& Tower with Radar,377,41,30,2,450,0,2,57,3,62,377,43,87,5,512,0,0,0,512
08/18/2020,BNA,TN,ASO,ES,Combined TRACON& Tower with Radar,329,44,37,1,411,0,1,49,15,65,329,45,86,16,476,0,0,0,476
08/19/2020,BNA,TN,ASO,ES,Combined TRACON& Tower with Radar,337,47,58,5,447,0,2,19,4,25,337,49,77,9,472,0,0,0,472
08/20/2020,BNA,TN,ASO,ES,Combined TRACON& Tower with Radar,391,69,41,6,507,0,0,47,27,74,391,69,88,33,581,0,0,0,581
08/21/2020,BNA,TN,ASO,ES,Combined TRACON& Tower with Radar,378,40,55,0,473,0,1,11,0,12,378,41,66,0,485,0,0,0,485
08/22/2020,BNA,TN,ASO,ES,Combined TRACON& Tower with Radar,343,45,22,2,412,0,1,24,18,43,343,46,46,20,455,0,0,0,455
08/23/2020,BNA,TN,ASO,ES,Combined TRACON& Tower with Radar,369,51,43,3,466,0,4,8,7,19,369,55,51,10,485,0,0,0,485
08/24/2020,BNA,TN,ASO,ES,Combined TRACON& Tower with Radar,366,41,22,5,434,0,2,19,2,23,366,43,41,7,457,0,0,0,457
08/25/2020,BNA,TN,ASO,ES,Combined TRACON& Tower with Radar,331,45,58,7,441,0,1,59,27,87,331,46,117,34,528,0,0,0,528
08/26/2020,BNA,TN,ASO,ES,Combined TRACON& Tower with Radar,326,59,54,4,443,0,14,47,17,78,326,73,101,21,521,0,0,0,521
08/27/2020,BNA,TN,ASO,ES,Combined TRACON& Tower with Radar,388,51,60,3,502,0,0,56,4,60,388,51,116,7,562,0,0,0,562
08/28/2020,BNA,TN,ASO,ES,Combined TRACON& Tower with Radar,375,33,26,0,434,0,0,0,2,2,375,33,26,2,436,0,0,0,436
08/29/2020,BNA,TN,ASO,ES,Combined TRACON& Tower with Radar,333,49,27,4,413,0,3,28,0,31,333,52,55,4,444,0,0,0,444
08/30/2020,BNA,TN,ASO,ES,Combined TRACON& Tower with Radar,371,47,34,2,454,0,0,5,0,5,371,47,39,2,459,0,0,0,459
08/31/2020,BNA,TN,ASO,ES,Combined TRACON& Tower with Radar,366,39,48,2,455,0,0,29,1,30,366,39,77,3,485,0,0,0,485
09/01/2020,BNA,TN,ASO,ES,Combined TRACON& Tower with Radar,335,48,40,10,433,0,0,21,10,31,335,48,61,20,464,0,0,0,464
09/02/2020,BNA,TN,ASO,ES,Combined TRACON& Tower with Radar,332,57,62,8,459,0,3,33,0,36,332,60,95,8,495,0,0,0,495
09/03/2020,BNA,TN,ASO,ES,Combined TRACON& Tower with Radar,398,53,60,2,513,0,0,37,18,55,398,53,97,20,568,0,0,0,568
09/04/2020,BNA,TN,ASO,ES,Combined TRACON& Tower with Radar,380,72,48,2,502,0,2,18,2,22,380,74,66,4,524,0,0,0,524
09/05/2020,BNA,TN,ASO,ES,Combined TRACON& Tower with Radar,319,35,19,0,373,0,5,59,2,66,319,40,78,2,439,0,0,0,439
09/06/2020,BNA,TN,ASO,ES,Combined TRACON& Tower with Radar,312,41,28,0,381,0,0,31,0,31,312,41,59,0,412,0,0,0,412
09/07/2020,BNA,TN,ASO,ES,Combined TRACON& Tower with Radar,332,73,35,0,440,0,4,66,1,71,332,77,101,1,511,0,0,0,511
09/08/2020,BNA,TN,ASO,ES,Combined TRACON& Tower with Radar,283,69,47,13,412,0,0,56,26,82,283,69,103,39,494,0,0,0,494
09/09/2020,BNA,TN,ASO,ES,Combined TRACON& Tower with Radar,277,60,55,2,394,0,2,40,11,53,277,62,95,13,447,0,0,0,447
09/10/2020,BNA,TN,ASO,ES,Combined TRACON& Tower with Radar,329,64,57,5,455,0,0,52,19,71,329,64,109,24,526,0,0,0,526
09/11/2020,BNA,TN,ASO,ES,Combined TRACON& Tower with Radar,318,62,46,9,435,0,3,41,19,63,318,65,87,28,498,0,0,0,498
09/12/2020,BNA,TN,ASO,ES,Combined TRACON& Tower with Radar,286,45,24,2,357,0,0,19,4,23,286,45,43,6,380,0,0,0,380
09/13/2020,BNA,TN,ASO,ES,Combined TRACON& Tower with Radar,314,53,30,0,397,0,0,3,1,4,314,53,33,1,401,0,0,0,401
09/14/2020,BNA,TN,ASO,ES,Combined TRACON& Tower with Radar,310,67,48,9,434,0,1,21,2,24,310,68,69,11,458,0,0,0,458
09/15/2020,BNA,TN,ASO,ES,Combined TRACON& Tower with Radar,259,47,55,4,365,0,0,42,15,57,259,47,97,19,422,0,0,0,422
09/16/2020,BNA,TN,ASO,ES,Combined TRACON& Tower with Radar,267,79,62,1,409,0,4,55,2,61,267,83,117,3,470,0,0,0,470
09/17/2020,BNA,TN,ASO,ES,Combined TRACON& Tower with Radar,332,71,49,0,452,0,0,40,7,47,332,71,89,7,499,0,0,0,499
09/18/2020,BNA,TN,ASO,ES,Combined TRACON& Tower with Radar,318,79,62,8,467,0,0,52,3,55,318,79,114,11,522,0,0,0,522
09/19/2020,BNA,TN,ASO,ES,Combined TRACON& Tower with Radar,287,50,36,5,378,0,0,65,3,68,287,50,101,8,446,0,0,0,446
09/20/2020,BNA,TN,ASO,ES,Combined TRACON& Tower with Radar,321,75,42,3,441,0,3,22,0,25,321,78,64,3,466,0,0,0,466
09/21/2020,BNA,TN,ASO,ES,Combined TRACON& Tower with Radar,313,58,48,1,420,0,0,51,0,51,313,58,99,1,471,0,0,0,471
09/22/2020,BNA,TN,ASO,ES,Combined TRACON& Tower with Radar,270,53,55,6,384,0,0,52,8,60,270,53,107,14,444,0,0,0,444
09/23/2020,BNA,TN,ASO,ES,Combined TRACON& Tower with Radar,288,56,66,1,411,0,0,42,5,47,288,56,108,6,458,0,0,0,458
09/24/2020,BNA,TN,ASO,ES,Combined TRACON& Tower with Radar,336,70,66,0,472,0,0,8,0,8,336,70,74,0,480,0,0,0,480
09/25/2020,BNA,TN,ASO,ES,Combined TRACON& Tower with Radar,328,70,58,9,465,0,1,14,0,15,328,71,72,9,480,0,0,0,480
09/26/2020,BNA,TN,ASO,ES,Combined TRACON& Tower with Radar,285,41,42,0,368,0,0,40,1,41,285,41,82,1,409,0,0,0,409
09/27/2020,BNA,TN,ASO,ES,Combined TRACON& Tower with Radar,324,62,53,2,441,0,0,20,2,22,324,62,73,4,463,0,0,0,463
09/28/2020,BNA,TN,ASO,ES,Combined TRACON& Tower with Radar,315,46,44,0,405,0,3,9,0,12,315,49,53,0,417,0,0,0,417
09/29/2020,BNA,TN,ASO,ES,Combined TRACON& Tower with Radar,277,55,63,5,400,0,1,59,0,60,277,56,122,5,460,0,0,0,460
09/30/2020,BNA,TN,ASO,ES,Combined TRACON& Tower with Radar,287,75,61,0,423,0,2,58,4,64,287,77,119,4,487,0,0,0,487
10/01/2020,BNA,TN,ASO,ES,Combined TRACON& Tower with Radar,340,61,60,5,466,0,3,64,1,68,340,64,124,6,534,0,0,0,534
10/02/2020,BNA,TN,ASO,ES,Combined TRACON& Tower with Radar,325,71,53,4,453,0,4,62,4,70,325,75,115,8,523,0,0,0,523
10/03/2020,BNA,TN,ASO,ES,Combined TRACON& Tower with Radar,296,59,23,0,378,0,3,52,2,57,296,62,75,2,435,0,0,0,435
10/04/2020,BNA,TN,ASO,ES,Combined TRACON& Tower with Radar,327,71,62,3,463,0,5,9,4,18,327,76,71,7,481,0,0,0,481
10/05/2020,BNA,TN,ASO,ES,Combined TRACON& Tower with Radar,327,60,42,3,432,0,7,40,11,58,327,67,82,14,490,0,0,0,490
10/06/2020,BNA,TN,ASO,ES,Combined TRACON& Tower with Radar,275,58,36,0,369,0,1,48,8,57,275,59,84,8,426,0,0,0,426
10/07/2020,BNA,TN,ASO,ES,Combined TRACON& Tower with Radar,284,67,62,7,420,0,0,48,10,58,284,67,110,17,478,0,0,0,478
10/08/2020,BNA,TN,ASO,ES,Combined TRACON& Tower with Radar,390,86,58,9,543,0,2,55,8,65,390,88,113,17,608,0,0,0,608
10/09/2020,BNA,TN,ASO,ES,Combined TRACON& Tower with Radar,369,57,52,3,481,0,3,38,1,42,369,60,90,4,523,0,0,0,523
10/10/2020,BNA,TN,ASO,ES,Combined TRACON& Tower with Radar,339,44,24,2,409,0,0,6,0,6,339,44,30,2,415,0,0,0,415
10/11/2020,BNA,TN,ASO,ES,Combined TRACON& Tower with Radar,387,69,40,1,497,0,0,2,0,2,387,69,42,1,499,0,0,0,499
10/12/2020,BNA,TN,ASO,ES,Combined TRACON& Tower with Radar,379,60,44,2,485,0,1,26,0,27,379,61,70,2,512,0,0,0,512
10/13/2020,BNA,TN,ASO,ES,Combined TRACON& Tower with Radar,280,60,56,2,398,0,0,52,0,52,280,60,108,2,450,0,0,0,450
10/14/2020,BNA,TN,ASO,ES,Combined TRACON& Tower with Radar,292,90,83,6,471,0,1,45,0,46,292,91,128,6,517,0,0,0,517
10/15/2020,BNA,TN,ASO,ES,Combined TRACON& Tower with Radar,373,73,44,4,494,0,1,36,6,43,373,74,80,10,537,0,0,0,537
10/16/2020,BNA,TN,ASO,ES,Combined TRACON& Tower with Radar,366,56,66,5,493,0,1,53,2,56,366,57,119,7,549,0,0,0,549
10/17/2020,BNA,TN,ASO,ES,Combined TRACON& Tower with Radar,317,43,28,6,394,0,1,76,7,84,317,44,104,13,478,0,0,0,478
10/18/2020,BNA,TN,ASO,ES,Combined TRACON& Tower with Radar,372,93,71,6,542,0,1,9,0,10,372,94,80,6,552,0,0,0,552
10/19/2020,BNA,TN,ASO,ES,Combined TRACON& Tower with Radar,351,59,51,10,471,0,2,39,4,45,351,61,90,14,516,0,0,0,516
10/20/2020,BNA,TN,ASO,ES,Combined TRACON& Tower with Radar,274,49,68,6,397,0,0,53,23,76,274,49,121,29,473,0,0,0,473
10/21/2020,BNA,TN,ASO,ES,Combined TRACON& Tower with Radar,283,72,80,5,440,0,2,25,0,27,283,74,105,5,467,0,0,0,467
10/22/2020,BNA,TN,ASO,ES,Combined TRACON& Tower with Radar,351,61,43,5,460,0,0,21,1,22,351,61,64,6,482,0,0,0,482
10/23/2020,BNA,TN,ASO,ES,Combined TRACON& Tower with Radar,339,66,69,8,482,0,2,37,2,41,339,68,106,10,523,0,0,0,523
10/24/2020,BNA,TN,ASO,ES,Combined TRACON& Tower with Radar,278,41,29,0,348,0,0,2,0,2,278,41,31,0,350,0,0,0,350
10/25/2020,BNA,TN,ASO,ES,Combined TRACON& Tower with Radar,333,71,71,1,476,0,0,2,0,2,333,71,73,1,478,0,0,0,478
10/26/2020,BNA,TN,ASO,ES,Combined TRACON& Tower with Radar,325,44,56,3,428,0,0,0,0,0,325,44,56,3,428,0,0,0,428
10/27/2020,BNA,TN,ASO,ES,Combined TRACON& Tower with Radar,262,61,66,4,393,0,0,7,0,7,262,61,73,4,400,0,0,0,400
10/28/2020,BNA,TN,ASO,ES,Combined TRACON& Tower with Radar,265,63,40,1,369,0,0,0,0,0,265,63,40,1,369,0,0,0,369
10/29/2020,BNA,TN,ASO,ES,Combined TRACON& Tower with Radar,320,59,55,1,435,0,0,5,2,7,320,59,60,3,442,0,0,0,442
10/30/2020,BNA,TN,ASO,ES,Combined TRACON& Tower with Radar,312,61,74,4,451,0,2,38,0,40,312,63,112,4,491,0,0,0,491
10/31/2020,BNA,TN,ASO,ES,Combined TRACON& Tower with Radar,237,28,27,3,295,0,9,64,0,73,237,37,91,3,368,0,0,0,368
11/01/2020,BNA,TN,ASO,ES,Combined TRACON& Tower with Radar,298,40,52,0,390,0,4,9,0,13,298,44,61,0,403,0,0,0,403
11/02/2020,BNA,TN,ASO,ES,Combined TRACON& Tower with Radar,320,55,46,9,430,0,2,41,9,52,320,57,87,18,482,0,0,0,482
11/03/2020,BNA,TN,ASO,ES,Combined TRACON& Tower with Radar,245,51,37,0,333,0,4,42,3,49,245,55,79,3,382,0,0,0,382
11/04/2020,BNA,TN,ASO,ES,Combined TRACON& Tower with Radar,250,52,47,5,354,0,0,33,7,40,250,52,80,12,394,0,0,0,394
11/05/2020,BNA,TN,ASO,ES,Combined TRACON& Tower with Radar,371,62,78,4,515,0,2,34,6,42,371,64,112,10,557,0,0,0,557
11/06/2020,BNA,TN,ASO,ES,Combined TRACON& Tower with Radar,358,69,55,5,487,0,2,46,26,74,358,71,101,31,561,0,0,0,561
11/07/2020,BNA,TN,ASO,ES,Combined TRACON& Tower with Radar,243,54,26,5,328,0,0,54,18,72,243,54,80,23,400,0,0,0,400
11/08/2020,BNA,TN,ASO,ES,Combined TRACON& Tower with Radar,379,59,57,4,499,0,1,15,10,26,379,60,72,14,525,0,0,0,525
11/09/2020,BNA,TN,ASO,ES,Combined TRACON& Tower with Radar,384,61,44,0,489,0,0,43,0,43,384,61,87,0,532,0,0,0,532
11/10/2020,BNA,TN,ASO,ES,Combined TRACON& Tower with Radar,244,52,71,3,370,0,0,23,0,23,244,52,94,3,393,0,0,0,393
11/11/2020,BNA,TN,ASO,ES,Combined TRACON& Tower with Radar,256,49,44,2,351,0,0,9,0,9,256,49,53,2,360,0,0,0,360
11/12/2020,BNA,TN,ASO,ES,Combined TRACON& Tower with Radar,383,62,78,7,530,0,1,56,15,72,383,63,134,22,602,0,0,0,602
11/13/2020,BNA,TN,ASO,ES,Combined TRACON& Tower with Radar,365,54,56,11,486,0,7,44,9,60,365,61,100,20,546,0,0,0,546
11/14/2020,BNA,TN,ASO,ES,Combined TRACON& Tower with Radar,240,40,51,4,335,0,4,38,0,42,240,44,89,4,377,0,0,0,377
11/15/2020,BNA,TN,ASO,ES,Combined TRACON& Tower with Radar,377,62,41,6,486,0,0,3,0,3,377,62,44,6,489,0,0,0,489
11/16/2020,BNA,TN,ASO,ES,Combined TRACON& Tower with Radar,368,53,45,5,471,0,3,34,4,41,368,56,79,9,512,0,0,0,512
11/17/2020,BNA,TN,ASO,ES,Combined TRACON& Tower with Radar,242,47,56,0,345,0,0,47,8,55,242,47,103,8,400,0,0,0,400
11/18/2020,BNA,TN,ASO,ES,Combined TRACON& Tower with Radar,264,45,45,5,359,0,3,40,0,43,264,48,85,5,402,0,0,0,402
11/19/2020,BNA,TN,ASO,ES,Combined TRACON& Tower with Radar,381,50,52,0,483,0,1,51,11,63,381,51,103,11,546,0,0,0,546
11/20/2020,BNA,TN,ASO,ES,Combined TRACON& Tower with Radar,372,67,63,7,509,0,2,73,7,82,372,69,136,14,591,0,0,0,591
11/21/2020,BNA,TN,ASO,ES,Combined TRACON& Tower with Radar,339,68,46,4,457,0,1,48,10,59,339,69,94,14,516,0,0,0,516
11/22/2020,BNA,TN,ASO,ES,Combined TRACON& Tower with Radar,383,51,38,6,478,0,0,2,3,5,383,51,40,9,483,0,0,0,483
11/23/2020,BNA,TN,ASO,ES,Combined TRACON& Tower with Radar,352,54,40,2,448,0,4,29,0,33,352,58,69,2,481,0,0,0,481
11/24/2020,BNA,TN,ASO,ES,Combined TRACON& Tower with Radar,374,59,49,8,490,0,1,48,2,51,374,60,97,10,541,0,0,0,541
11/25/2020,BNA,TN,ASO,ES,Combined TRACON& Tower with Radar,393,58,52,0,503,0,3,0,0,3,393,61,52,0,506,0,0,0,506
11/26/2020,BNA,TN,ASO,ES,Combined TRACON& Tower with Radar,207,31,7,0,245,0,0,5,0,5,207,31,12,0,250,0,0,0,250
11/27/2020,BNA,TN,ASO,ES,Combined TRACON& Tower with Radar,330,40,32,0,402,0,0,26,0,26,330,40,58,0,428,0,0,0,428
11/28/2020,BNA,TN,ASO,ES,Combined TRACON& Tower with Radar,370,58,44,0,472,0,2,24,0,26,370,60,68,0,498,0,0,0,498
11/29/2020,BNA,TN,ASO,ES,Combined TRACON& Tower with Radar,379,84,79,0,542,0,0,8,0,8,379,84,87,0,550,0,0,0,550
11/30/2020,BNA,TN,ASO,ES,Combined TRACON& Tower with Radar,379,43,38,0,460,0,0,0,0,0,379,43,38,0,460,0,0,0,460
12/01/2020,BNA,TN,ASO,ES,Combined TRACON& Tower with Radar,338,59,47,3,447,1,2,36,4,43,339,61,83,7,490,0,0,0,490
12/02/2020,BNA,TN,ASO,ES,Combined TRACON& Tower with Radar,244,62,63,4,373,0,0,47,9,56,244,62,110,13,429,0,0,0,429
12/03/2020,BNA,TN,ASO,ES,Combined TRACON& Tower with Radar,294,48,41,2,385,0,0,36,20,56,294,48,77,22,441,0,0,0,441
12/04/2020,BNA,TN,ASO,ES,Combined TRACON& Tower with Radar,283,47,59,3,392,0,0,1,0,1,283,47,60,3,393,0,0,0,393
12/05/2020,BNA,TN,ASO,ES,Combined TRACON& Tower with Radar,211,49,33,1,294,0,0,44,2,46,211,49,77,3,340,0,0,0,340
12/06/2020,BNA,TN,ASO,ES,Combined TRACON& Tower with Radar,275,58,62,0,395,0,1,20,2,23,275,59,82,2,418,0,0,0,418
12/07/2020,BNA,TN,ASO,ES,Combined TRACON& Tower with Radar,278,50,38,5,371,0,1,43,0,44,278,51,81,5,415,0,0,0,415
12/08/2020,BNA,TN,ASO,ES,Combined TRACON& Tower with Radar,231,57,31,3,322,0,2,47,14,63,231,59,78,17,385,0,0,0,385
12/09/2020,BNA,TN,ASO,ES,Combined TRACON& Tower with Radar,239,66,71,6,382,0,4,51,3,58,239,70,122,9,440,0,0,0,440
12/10/2020,BNA,TN,ASO,ES,Combined TRACON& Tower with Radar,282,66,43,8,399,0,5,56,24,85,282,71,99,32,484,0,0,0,484
12/11/2020,BNA,TN,ASO,ES,Combined TRACON& Tower with Radar,288,55,45,6,394,0,0,53,2,55,288,55,98,8,449,0,0,0,449
12/12/2020,BNA,TN,ASO,ES,Combined TRACON& Tower with Radar,213,31,35,0,279,0,0,9,0,9,213,31,44,0,288,0,0,0,288
12/13/2020,BNA,TN,ASO,ES,Combined TRACON& Tower with Radar,280,42,41,1,364,0,0,16,0,16,280,42,57,1,380,0,0,0,380
12/14/2020,BNA,TN,ASO,ES,Combined TRACON& Tower with Radar,278,69,37,1,385,0,0,0,0,0,278,69,37,1,385,0,0,0,385
12/15/2020,BNA,TN,ASO,ES,Combined TRACON& Tower with Radar,233,63,58,0,354,0,2,55,20,77,233,65,113,20,431,0,0,0,431
12/16/2020,BNA,TN,ASO,ES,Combined TRACON& Tower with Radar,240,55,46,0,341,0,0,0,0,0,240,55,46,0,341,0,0,0,341
12/17/2020,BNA,TN,ASO,ES,Combined TRACON& Tower with Radar,348,59,61,7,475,0,0,54,12,66,348,59,115,19,541,0,0,0,541
12/18/2020,BNA,TN,ASO,ES,Combined TRACON& Tower with Radar,368,64,51,4,487,0,2,51,0,53,368,66,102,4,540,0,0,0,540
12/19/2020,BNA,TN,ASO,ES,Combined TRACON& Tower with Radar,353,49,56,0,458,0,0,36,0,36,353,49,92,0,494,0,0,0,494
12/20/2020,BNA,TN,ASO,ES,Combined TRACON& Tower with Radar,358,52,68,0,478,0,0,6,1,7,358,52,74,1,485,0,0,0,485
12/21/2020,BNA,TN,ASO,ES,Combined TRACON& Tower with Radar,361,68,43,2,474,0,5,28,1,34,361,73,71,3,508,0,0,0,508
12/22/2020,BNA,TN,ASO,ES,Combined TRACON& Tower with Radar,362,64,36,9,471,0,2,49,1,52,362,66,85,10,523,0,0,0,523
12/23/2020,BNA,TN,ASO,ES,Combined TRACON& Tower with Radar,385,45,47,0,477,0,1,14,0,15,385,46,61,0,492,0,0,0,492
12/24/2020,BNA,TN,ASO,ES,Combined TRACON& Tower with Radar,263,37,14,0,314,0,0,11,0,11,263,37,25,0,325,0,0,0,325
12/25/2020,BNA,TN,ASO,ES,Combined TRACON& Tower with Radar,227,43,15,0,285,0,1,14,0,15,227,44,29,0,300,0,0,0,300
12/26/2020,BNA,TN,ASO,ES,Combined TRACON& Tower with Radar,358,74,44,0,476,0,3,30,0,33,358,77,74,0,509,0,0,0,509
12/27/2020,BNA,TN,ASO,ES,Combined TRACON& Tower with Radar,373,70,44,0,487,0,0,10,0,10,373,70,54,0,497,0,0,0,497
12/28/2020,BNA,TN,ASO,ES,Combined TRACON& Tower with Radar,366,68,35,0,469,0,1,30,0,31,366,69,65,0,500,0,0,0,500
12/29/2020,BNA,TN,ASO,ES,Combined TRACON& Tower with Radar,356,47,39,2,444,0,1,32,2,35,356,48,71,4,479,0,0,0,479
12/30/2020,BNA,TN,ASO,ES,Combined TRACON& Tower with Radar,384,65,44,0,493,0,0,8,0,8,384,65,52,0,501,0,0,0,501
12/31/2020,BNA,TN,ASO,ES,Combined TRACON& Tower with Radar,258,54,19,0,331,0,0,0,0,0,258,54,19,0,331,0,0,0,331
01/01/2021,BNA,TN,ASO,ES,Combined TRACON& Tower with Radar,244,41,26,0,311,0,0,1,0,1,244,41,27,0,312,0,0,0,312
01/02/2021,BNA,TN,ASO,ES,Combined TRACON& Tower with Radar,362,81,62,0,505,0,0,5,0,5,362,81,67,0,510,0,0,0,510
01/03/2021,BNA,TN,ASO,ES,Combined TRACON& Tower with Radar,379,75,67,0,521,0,2,17,0,19,379,77,84,0,540,0,0,0,540
01/04/2021,BNA,TN,ASO,ES,Combined TRACON& Tower with Radar,362,53,59,2,476,0,0,45,0,45,362,53,104,2,521,0,0,0,521
01/05/2021,BNA,TN,ASO,ES,Combined TRACON& Tower with Radar,296,51,44,4,395,0,0,35,2,37,296,51,79,6,432,0,0,0,432
01/06/2021,BNA,TN,ASO,ES,Combined TRACON& Tower with Radar,287,44,47,6,384,0,2,46,0,48,287,46,93,6,432,0,0,0,432
01/07/2021,BNA,TN,ASO,ES,Combined TRACON& Tower with Radar,295,49,24,7,375,0,0,28,9,37,295,49,52,16,412,0,0,0,412
01/08/2021,BNA,TN,ASO,ES,Combined TRACON& Tower with Radar,279,54,36,3,372,0,0,3,6,9,279,54,39,9,381,0,0,0,381
01/09/2021,BNA,TN,ASO,ES,Combined TRACON& Tower with Radar,204,60,22,4,290,0,2,6,1,9,204,62,28,5,299,0,0,0,299
01/10/2021,BNA,TN,ASO,ES,Combined TRACON& Tower with Radar,272,52,63,2,389,0,4,19,4,27,272,56,82,6,416,0,0,0,416
01/11/2021,BNA,TN,ASO,ES,Combined TRACON& Tower with Radar,280,47,36,0,363,0,0,3,1,4,280,47,39,1,367,0,0,0,367
01/12/2021,BNA,TN,ASO,ES,Combined TRACON& Tower with Radar,244,48,50,9,351,0,0,33,4,37,244,48,83,13,388,0,0,0,388
01/13/2021,BNA,TN,ASO,ES,Combined TRACON& Tower with Radar,248,57,44,3,352,0,6,60,3,69,248,63,104,6,421,0,0,0,421
01/14/2021,BNA,TN,ASO,ES,Combined TRACON& Tower with Radar,296,87,43,2,428,0,0,64,10,74,296,87,107,12,502,0,0,0,502
01/15/2021,BNA,TN,ASO,ES,Combined TRACON& Tower with Radar,287,62,47,1,397,0,3,27,3,33,287,65,74,4,430,0,0,0,430
01/16/2021,BNA,TN,ASO,ES,Combined TRACON& Tower with Radar,204,46,29,1,280,0,1,9,0,10,204,47,38,1,290,0,0,0,290
01/17/2021,BNA,TN,ASO,ES,Combined TRACON& Tower with Radar,265,46,31,0,342,1,0,11,0,12,266,46,42,0,354,0,0,0,354
01/18/2021,BNA,TN,ASO,ES,Combined TRACON& Tower with Radar,286,65,61,0,412,0,0,33,0,33,286,65,94,0,445,0,0,0,445
01/19/2021,BNA,TN,ASO,ES,Combined TRACON& Tower with Radar,249,50,44,3,346,0,0,47,2,49,249,50,91,5,395,0,0,0,395
01/20/2021,BNA,TN,ASO,ES,Combined TRACON& Tower with Radar,248,53,48,1,350,0,3,63,2,68,248,56,111,3,418,0,0,0,418
01/21/2021,BNA,TN,ASO,ES,Combined TRACON& Tower with Radar,296,57,51,1,405,0,0,3,5,8,296,57,54,6,413,0,0,0,413
01/22/2021,BNA,TN,ASO,ES,Combined TRACON& Tower with Radar,284,57,71,11,423,0,2,40,10,52,284,59,111,21,475,0,0,0,475
01/23/2021,BNA,TN,ASO,ES,Combined TRACON& Tower with Radar,205,47,29,7,288,0,2,72,5,79,205,49,101,12,367,0,0,0,367
01/24/2021,BNA,TN,ASO,ES,Combined TRACON& Tower with Radar,282,57,54,8,401,0,0,6,7,13,282,57,60,15,414,0,0,0,414
01/25/2021,BNA,TN,ASO,ES,Combined TRACON& Tower with Radar,291,48,48,3,390,0,0,1,0,1,291,48,49,3,391,0,0,0,391
01/26/2021,BNA,TN,ASO,ES,Combined TRACON& Tower with Radar,244,51,39,6,340,0,1,41,9,51,244,52,80,15,391,0,0,0,391
01/27/2021,BNA,TN,ASO,ES,Combined TRACON& Tower with Radar,254,57,47,1,359,0,0,17,0,17,254,57,64,1,376,0,0,0,376
01/28/2021,BNA,TN,ASO,ES,Combined TRACON& Tower with Radar,290,55,69,6,420,0,0,56,2,58,290,55,125,8,478,0,0,0,478
01/29/2021,BNA,TN,ASO,ES,Combined TRACON& Tower with Radar,286,66,65,4,421,0,8,50,0,58,286,74,115,4,479,0,0,0,479
01/30/2021,BNA,TN,ASO,ES,Combined TRACON& Tower with Radar,198,48,24,1,271,0,1,33,4,38,198,49,57,5,309,0,0,0,309
01/31/2021,BNA,TN,ASO,ES,Combined TRACON& Tower with Radar,270,62,41,1,374,0,0,5,0,5,270,62,46,1,379,0,0,0,379
02/01/2021,BNA,TN,ASO,ES,Combined TRACON& Tower with Radar,263,31,50,2,346,0,0,0,0,0,263,31,50,2,346,0,0,0,346
02/02/2021,BNA,TN,ASO,ES,Combined TRACON& Tower with Radar,236,49,54,2,341,0,4,40,4,48,236,53,94,6,389,0,0,0,389
02/03/2021,BNA,TN,ASO,ES,Combined TRACON& Tower with Radar,244,63,69,0,376,0,0,54,2,56,244,63,123,2,432,0,0,0,432
02/04/2021,BNA,TN,ASO,ES,Combined TRACON& Tower with Radar,291,56,42,0,389,0,0,28,2,30,291,56,70,2,419,0,0,0,419
02/05/2021,BNA,TN,ASO,ES,Combined TRACON& Tower with Radar,288,63,52,7,410,0,3,60,9,72,288,66,112,16,482,0,0,0,482
02/06/2021,BNA,TN,ASO,ES,Combined TRACON& Tower with Radar,207,46,28,0,281,0,3,56,2,61,207,49,84,2,342,0,0,0,342
02/07/2021,BNA,TN,ASO,ES,Combined TRACON& Tower with Radar,265,55,28,8,356,0,0,6,3,9,265,55,34,11,365,0,0,0,365
02/08/2021,BNA,TN,ASO,ES,Combined TRACON& Tower with Radar,283,50,47,2,382,0,2,45,1,48,283,52,92,3,430,0,0,0,430
02/09/2021,BNA,TN,ASO,ES,Combined TRACON& Tower with Radar,240,43,44,7,334,0,0,40,0,40,240,43,84,7,374,0,0,0,374
02/10/2021,BNA,TN,ASO,ES,Combined TRACON& Tower with Radar,250,63,49,4,366,0,0,9,0,9,250,63,58,4,375,0,0,0,375
02/11/2021,BNA,TN,ASO,ES,Combined TRACON& Tower with Radar,298,78,65,0,441,0,0,0,0,0,298,78,65,0,441,0,0,0,441
02/12/2021,BNA,TN,ASO,ES,Combined TRACON& Tower with Radar,311,80,75,2,468,0,0,2,0,2,311,80,77,2,470,0,0,0,470
02/13/2021,BNA,TN,ASO,ES,Combined TRACON& Tower with Radar,216,46,31,0,293,0,0,0,0,0,216,46,31,0,293,0,0,0,293
02/14/2021,BNA,TN,ASO,ES,Combined TRACON& Tower with Radar,212,35,39,0,286,0,0,0,0,0,212,35,39,0,286,0,0,0,286
02/15/2021,BNA,TN,ASO,ES,Combined TRACON& Tower with Radar,21,12,10,0,43,0,0,0,0,0,21,12,10,0,43,0,0,0,43
02/16/2021,BNA,TN,ASO,ES,Combined TRACON& Tower with Radar,62,16,20,0,98,0,0,0,0,0,62,16,20,0,98,0,0,0,98
02/17/2021,BNA,TN,ASO,ES,Combined TRACON& Tower with Radar,66,39,38,0,143,0,0,2,0,2,66,39,40,0,145,0,0,0,145
02/18/2021,BNA,TN,ASO,ES,Combined TRACON& Tower with Radar,146,9,4,0,159,0,0,0,0,0,146,9,4,0,159,0,0,0,159
02/19/2021,BNA,TN,ASO,ES,Combined TRACON& Tower with Radar,246,54,60,0,360,0,0,6,0,6,246,54,66,0,366,0,0,0,366
02/20/2021,BNA,TN,ASO,ES,Combined TRACON& Tower with Radar,226,52,31,0,309,0,2,22,0,24,226,54,53,0,333,0,0,0,333
02/21/2021,BNA,TN,ASO,ES,Combined TRACON& Tower with Radar,306,58,48,0,412,0,2,6,0,8,306,60,54,0,420,0,0,0,420
02/22/2021,BNA,TN,ASO,ES,Combined TRACON& Tower with Radar,313,51,51,3,418,0,0,31,3,34,313,51,82,6,452,0,0,0,452
02/23/2021,BNA,TN,ASO,ES,Combined TRACON& Tower with Radar,269,69,79,5,422,0,3,64,5,72,269,72,143,10,494,0,0,0,494
02/24/2021,BNA,TN,ASO,ES,Combined TRACON& Tower with Radar,269,73,66,6,414,0,10,45,8,63,269,83,111,14,477,0,0,0,477
02/25/2021,BNA,TN,ASO,ES,Combined TRACON& Tower with Radar,325,78,80,2,485,0,6,57,6,69,325,84,137,8,554,0,0,0,554
02/26/2021,BNA,TN,ASO,ES,Combined TRACON& Tower with Radar,324,53,70,2,449,0,0,3,0,3,324,53,73,2,452,0,0,0,452
02/27/2021,BNA,TN,ASO,ES,Combined TRACON& Tower with Radar,222,53,30,0,305,0,0,1,0,1,222,53,31,0,306,0,0,0,306
02/28/2021,BNA,TN,ASO,ES,Combined TRACON& Tower with Radar,307,52,43,3,405,0,0,3,0,3,307,52,46,3,408,0,0,0,408
03/01/2021,BNA,TN,ASO,ES,Combined TRACON& Tower with Radar,310,62,63,2,437,0,0,44,0,44,310,62,107,2,481,0,0,0,481
03/02/2021,BNA,TN,ASO,ES,Combined TRACON& Tower with Radar,271,67,49,2,389,0,4,60,0,64,271,71,109,2,453,0,0,0,453
03/03/2021,BNA,TN,ASO,ES,Combined TRACON& Tower with Radar,279,68,63,4,414,1,1,61,0,63,280,69,124,4,477,0,0,0,477
03/04/2021,BNA,TN,ASO,ES,Combined TRACON& Tower with Radar,341,67,76,3,487,0,4,67,11,82,341,71,143,14,569,0,0,0,569
03/05/2021,BNA,TN,ASO,ES,Combined TRACON& Tower with Radar,331,61,56,3,451,0,10,73,6,89,331,71,129,9,540,0,0,0,540
03/06/2021,BNA,TN,ASO,ES,Combined TRACON& Tower with Radar,253,42,30,3,328,0,4,61,3,68,253,46,91,6,396,0,0,0,396
03/07/2021,BNA,TN,ASO,ES,Combined TRACON& Tower with Radar,374,54,43,3,474,0,2,24,8,34,374,56,67,11,508,0,0,0,508
03/08/2021,BNA,TN,ASO,ES,Combined TRACON& Tower with Radar,379,61,61,2,503,0,4,58,2,64,379,65,119,4,567,0,0,0,567
03/09/2021,BNA,TN,ASO,ES,Combined TRACON& Tower with Radar,295,51,62,2,410,0,2,51,6,59,295,53,113,8,469,0,0,0,469
03/10/2021,BNA,TN,ASO,ES,Combined TRACON& Tower with Radar,301,65,80,2,448,0,0,38,0,38,301,65,118,2,486,0,0,0,486
03/11/2021,BNA,TN,ASO,ES,Combined TRACON& Tower with Radar,396,82,90,6,574,0,2,38,2,42,396,84,128,8,616,0,0,0,616
03/12/2021,BNA,TN,ASO,ES,Combined TRACON& Tower with Radar,395,102,112,5,614,0,0,11,0,11,395,102,123,5,625,0,0,0,625
03/13/2021,BNA,TN,ASO,ES,Combined TRACON& Tower with Radar,332,85,55,6,478,0,0,8,0,8,332,85,63,6,486,0,0,0,486
03/14/2021,BNA,TN,ASO,ES,Combined TRACON& Tower with Radar,360,80,71,2,513,0,0,21,0,21,360,80,92,2,534,0,0,0,534
03/15/2021,BNA,TN,ASO,ES,Combined TRACON& Tower with Radar,372,57,47,2,478,0,0,10,1,11,372,57,57,3,489,0,0,0,489
03/16/2021,BNA,TN,ASO,ES,Combined TRACON& Tower with Radar,342,54,35,5,436,0,1,35,8,44,342,55,70,13,480,0,0,0,480
03/17/2021,BNA,TN,ASO,ES,Combined TRACON& Tower with Radar,341,31,36,0,408,0,0,2,0,2,341,31,38,0,410,0,0,0,410
03/18/2021,BNA,TN,ASO,ES,Combined TRACON& Tower with Radar,400,77,50,3,530,0,2,20,14,36,400,79,70,17,566,0,0,0,566
03/19/2021,BNA,TN,ASO,ES,Combined TRACON& Tower with Radar,387,64,84,6,541,0,0,24,4,28,387,64,108,10,569,0,0,0,569
03/20/2021,BNA,TN,ASO,ES,Combined TRACON& Tower with Radar,349,71,55,6,481,0,4,79,6,89,349,75,134,12,570,0,0,0,570
03/21/2021,BNA,TN,ASO,ES,Combined TRACON& Tower with Radar,379,88,68,2,537,0,6,41,4,51,379,94,109,6,588,0,0,0,588
03/22/2021,BNA,TN,ASO,ES,Combined TRACON& Tower with Radar,393,67,68,0,528,0,2,60,1,63,393,69,128,1,591,0,0,0,591
03/23/2021,BNA,TN,ASO,ES,Combined TRACON& Tower with Radar,346,60,56,0,462,0,0,5,7,12,346,60,61,7,474,0,0,0,474
03/24/2021,BNA,TN,ASO,ES,Combined TRACON& Tower with Radar,357,71,55,3,486,0,2,38,6,46,357,73,93,9,532,0,0,0,532
03/25/2021,BNA,TN,ASO,ES,Combined TRACON& Tower with Radar,392,48,38,2,480,0,0,2,0,2,392,48,40,2,482,0,0,0,482
03/26/2021,BNA,TN,ASO,ES,Combined TRACON& Tower with Radar,397,79,65,10,551,0,4,83,3,90,397,83,148,13,641,0,0,0,641
03/27/2021,BNA,TN,ASO,ES,Combined TRACON& Tower with Radar,332,42,24,2,400,0,0,10,0,10,332,42,34,2,410,0,0,0,410
03/28/2021,BNA,TN,ASO,ES,Combined TRACON& Tower with Radar,380,59,43,2,484,0,3,4,5,12,380,62,47,7,496,0,0,0,496
03/29/2021,BNA,TN,ASO,ES,Combined TRACON& Tower with Radar,399,61,44,7,511,0,2,56,1,59,399,63,100,8,570,0,0,0,570
03/30/2021,BNA,TN,ASO,ES,Combined TRACON& Tower with Radar,349,61,48,3,461,0,0,26,5,31,349,61,74,8,492,0,0,0,492
03/31/2021,BNA,TN,ASO,ES,Combined TRACON& Tower with Radar,358,61,57,7,483,0,2,8,3,13,358,63,65,10,496,0,0,0,496
04/01/2021,BNA,TN,ASO,ES,Combined TRACON& Tower with Radar,406,71,59,9,545,0,3,38,3,44,406,74,97,12,589,0,0,0,589
04/02/2021,BNA,TN,ASO,ES,Combined TRACON& Tower with Radar,403,72,58,5,538,0,5,63,0,68,403,77,121,5,606,0,0,0,606
04/03/2021,BNA,TN,ASO,ES,Combined TRACON& Tower with Radar,358,52,29,0,439,0,4,79,0,83,358,56,108,0,522,0,0,0,522
04/04/2021,BNA,TN,ASO,ES,Combined TRACON& Tower with Radar,384,53,38,0,475,0,4,17,0,21,384,57,55,0,496,0,0,0,496
04/05/2021,BNA,TN,ASO,ES,Combined TRACON& Tower with Radar,399,56,67,4,526,0,1,42,2,45,399,57,109,6,571,0,0,0,571
04/06/2021,BNA,TN,ASO,ES,Combined TRACON& Tower with Radar,353,87,76,4,520,0,0,46,18,64,353,87,122,22,584,0,0,0,584
04/07/2021,BNA,TN,ASO,ES,Combined TRACON& Tower with Radar,365,61,85,3,514,0,0,74,8,82,365,61,159,11,596,0,0,0,596
04/08/2021,BNA,TN,ASO,ES,Combined TRACON& Tower with Radar,417,68,80,5,570,0,0,25,12,37,417,68,105,17,607,0,0,0,607
04/09/2021,BNA,TN,ASO,ES,Combined TRACON& Tower with Radar,409,74,84,21,588,0,2,53,8,63,409,76,137,29,651,0,0,0,651
04/10/2021,BNA,TN,ASO,ES,Combined TRACON& Tower with Radar,363,42,36,2,443,0,0,7,0,7,363,42,43,2,450,0,0,0,450
04/11/2021,BNA,TN,ASO,ES,Combined TRACON& Tower with Radar,372,61,62,2,497,0,4,19,4,27,372,65,81,6,524,0,0,0,524
04/12/2021,BNA,TN,ASO,ES,Combined TRACON& Tower with Radar,414,77,57,12,560,0,1,42,2,45,414,78,99,14,605,0,0,0,605
04/13/2021,BNA,TN,ASO,ES,Combined TRACON& Tower with Radar,319,64,71,3,457,0,0,34,4,38,319,64,105,7,495,0,0,0,495
04/14/2021,BNA,TN,ASO,ES,Combined TRACON& Tower with Radar,327,59,63,3,452,0,5,52,4,61,327,64,115,7,513,0,0,0,513
04/15/2021,BNA,TN,ASO,ES,Combined TRACON& Tower with Radar,423,84,73,8,588,0,5,74,10,89,423,89,147,18,677,0,0,0,677
04/16/2021,BNA,TN,ASO,ES,Combined TRACON& Tower with Radar,418,66,69,14,567,0,8,59,5,72,418,74,128,19,639,0,0,0,639
04/17/2021,BNA,TN,ASO,ES,Combined TRACON& Tower with Radar,328,44,41,4,417,0,2,46,3,51,328,46,87,7,468,0,0,0,468
04/18/2021,BNA,TN,ASO,ES,Combined TRACON& Tower with Radar,409,71,77,9,566,0,1,17,8,26,409,72,94,17,592,0,0,0,592
04/19/2021,BNA,TN,ASO,ES,Combined TRACON& Tower with Radar,410,66,44,19,539,0,0,33,2,35,410,66,77,21,574,0,0,0,574
04/20/2021,BNA,TN,ASO,ES,Combined TRACON& Tower with Radar,328,69,67,5,469,0,2,36,8,46,328,71,103,13,515,0,0,0,515
04/21/2021,BNA,TN,ASO,ES,Combined TRACON& Tower with Radar,326,59,78,10,473,0,2,36,11,49,326,61,114,21,522,0,0,0,522
04/22/2021,BNA,TN,ASO,ES,Combined TRACON& Tower with Radar,430,69,70,8,577,0,2,47,9,58,430,71,117,17,635,0,0,0,635
04/23/2021,BNA,TN,ASO,ES,Combined TRACON& Tower with Radar,424,65,78,10,577,0,1,56,7,64,424,66,134,17,641,0,0,0,641
04/24/2021,BNA,TN,ASO,ES,Combined TRACON& Tower with Radar,343,37,27,4,411,0,0,16,0,16,343,37,43,4,427,0,0,0,427
04/25/2021,BNA,TN,ASO,ES,Combined TRACON& Tower with Radar,410,81,93,8,592,0,3,43,4,50,410,84,136,12,642,0,0,0,642
04/26/2021,BNA,TN,ASO,ES,Combined TRACON& Tower with Radar,418,64,64,5,551,0,0,51,2,53,418,64,115,7,604,0,0,0,604
04/27/2021,BNA,TN,ASO,ES,Combined TRACON& Tower with Radar,332,68,67,4,471,0,5,47,10,62,332,73,114,14,533,0,0,0,533
04/28/2021,BNA,TN,ASO,ES,Combined TRACON& Tower with Radar,331,92,80,2,505,0,0,9,4,13,331,92,89,6,518,0,0,0,518
04/29/2021,BNA,TN,ASO,ES,Combined TRACON& Tower with Radar,430,90,75,3,598,0,0,4,0,4,430,90,79,3,602,0,0,0,602
04/30/2021,BNA,TN,ASO,ES,Combined TRACON& Tower with Radar,413,80,84,8,585,0,3,58,15,76,413,83,142,23,661,0,0,0,661
05/01/2021,BNA,TN,ASO,ES,Combined TRACON& Tower with Radar,332,50,46,6,434,0,4,66,7,77,332,54,112,13,511,0,0,0,511
05/02/2021,BNA,TN,ASO,ES,Combined TRACON& Tower with Radar,417,80,67,3,567,0,0,12,2,14,417,80,79,5,581,0,0,0,581
05/03/2021,BNA,TN,ASO,ES,Combined TRACON& Tower with Radar,425,55,62,6,548,0,2,10,2,14,425,57,72,8,562,0,0,0,562
05/04/2021,BNA,TN,ASO,ES,Combined TRACON& Tower with Radar,301,44,57,0,402,0,0,2,0,2,301,44,59,0,404,0,0,0,404
05/05/2021,BNA,TN,ASO,ES,Combined TRACON& Tower with Radar,342,69,78,6,495,0,2,29,10,41,342,71,107,16,536,0,0,0,536
05/06/2021,BNA,TN,ASO,ES,Combined TRACON& Tower with Radar,450,67,85,3,605,0,2,43,22,67,450,69,128,25,672,0,0,0,672
05/07/2021,BNA,TN,ASO,ES,Combined TRACON& Tower with Radar,458,63,79,13,613,0,1,74,5,80,458,64,153,18,693,0,0,0,693
05/08/2021,BNA,TN,ASO,ES,Combined TRACON& Tower with Radar,363,38,68,7,476,0,0,57,0,57,363,38,125,7,533,0,0,0,533
05/09/2021,BNA,TN,ASO,ES,Combined TRACON& Tower with Radar,451,44,56,7,558,0,0,4,0,4,451,44,60,7,562,0,0,0,562
05/10/2021,BNA,TN,ASO,ES,Combined TRACON& Tower with Radar,457,50,76,9,592,0,0,14,3,17,457,50,90,12,609,0,0,0,609
05/11/2021,BNA,TN,ASO,ES,Combined TRACON& Tower with Radar,396,89,83,1,569,0,0,51,15,66,396,89,134,16,635,0,0,0,635
05/12/2021,BNA,TN,ASO,ES,Combined TRACON& Tower with Radar,398,78,79,0,555,0,1,31,11,43,398,79,110,11,598,0,0,0,598
05/13/2021,BNA,TN,ASO,ES,Combined TRACON& Tower with Radar,461,89,89,5,644,0,10,63,13,86,461,99,152,18,730,0,0,0,730
05/14/2021,BNA,TN,ASO,ES,Combined TRACON& Tower with Radar,470,75,84,10,639,0,6,49,17,72,470,81,133,27,711,0,0,0,711
05/15/2021,BNA,TN,ASO,ES,Combined TRACON& Tower with Radar,382,69,58,4,513,0,3,76,11,90,382,72,134,15,603,0,0,0,603
05/16/2021,BNA,TN,ASO,ES,Combined TRACON& Tower with Radar,440,71,88,6,605,0,6,15,6,27,440,77,103,12,632,0,0,0,632
05/17/2021,BNA,TN,ASO,ES,Combined TRACON& Tower with Radar,456,61,66,1,584,0,1,47,5,53,456,62,113,6,637,0,0,0,637
05/18/2021,BNA,TN,ASO,ES,Combined TRACON& Tower with Radar,411,59,73,7,550,0,1,53,17,71,411,60,126,24,621,0,0,0,621
05/19/2021,BNA,TN,ASO,ES,Combined TRACON& Tower with Radar,410,72,100,16,598,0,0,47,6,53,410,72,147,22,651,0,0,0,651
05/20/2021,BNA,TN,ASO,ES,Combined TRACON& Tower with Radar,472,66,82,5,625,0,2,52,24,78,472,68,134,29,703,0,0,0,703
05/21/2021,BNA,TN,ASO,ES,Combined TRACON& Tower with Radar,470,78,82,9,639,0,9,62,2,73,470,87,144,11,712,0,0,0,712
05/22/2021,BNA,TN,ASO,ES,Combined TRACON& Tower with Radar,379,51,40,9,479,0,1,50,6,57,379,52,90,15,536,0,0,0,536
05/23/2021,BNA,TN,ASO,ES,Combined TRACON& Tower with Radar,451,69,64,2,586,0,5,12,4,21,451,74,76,6,607,0,0,0,607
05/24/2021,BNA,TN,ASO,ES,Combined TRACON& Tower with Radar,463,52,80,0,595,0,4,38,5,47,463,56,118,5,642,0,0,0,642
05/25/2021,BNA,TN,ASO,ES,Combined TRACON& Tower with Radar,420,78,70,6,574,0,3,56,10,69,420,81,126,16,643,0,0,0,643
05/26/2021,BNA,TN,ASO,ES,Combined TRACON& Tower with Radar,424,65,104,2,595,0,0,22,10,32,424,65,126,12,627,0,0,0,627
05/27/2021,BNA,TN,ASO,ES,Combined TRACON& Tower with Radar,484,99,96,3,682,0,2,43,8,53,484,101,139,11,735,0,0,0,735
05/28/2021,BNA,TN,ASO,ES,Combined TRACON& Tower with Radar,474,69,91,2,636,0,0,12,2,14,474,69,103,4,650,0,0,0,650
05/29/2021,BNA,TN,ASO,ES,Combined TRACON& Tower with Radar,384,62,52,5,503,0,2,4,7,13,384,64,56,12,516,0,0,0,516
05/30/2021,BNA,TN,ASO,ES,Combined TRACON& Tower with Radar,423,51,59,3,536,0,2,15,3,20,423,53,74,6,556,0,0,0,556
05/31/2021,BNA,TN,ASO,ES,Combined TRACON& Tower with Radar,457,56,58,2,573,0,3,40,5,48,457,59,98,7,621,0,0,0,621
06/01/2021,BNA,TN,ASO,ES,Combined TRACON& Tower with Radar,425,66,73,2,566,0,1,47,0,48,425,67,120,2,614,0,0,0,614
06/02/2021,BNA,TN,ASO,ES,Combined TRACON& Tower with Radar,439,67,59,4,569,0,0,8,0,8,439,67,67,4,577,0,0,0,577
06/03/2021,BNA,TN,ASO,ES,Combined TRACON& Tower with Radar,479,96,59,1,635,0,0,37,9,46,479,96,96,10,681,0,0,0,681
06/04/2021,BNA,TN,ASO,ES,Combined TRACON& Tower with Radar,481,65,76,21,643,0,0,60,10,70,481,65,136,31,713,0,0,0,713
06/05/2021,BNA,TN,ASO,ES,Combined TRACON& Tower with Radar,409,70,31,8,518,0,3,33,2,38,409,73,64,10,556,0,0,0,556
06/06/2021,BNA,TN,ASO,ES,Combined TRACON& Tower with Radar,468,80,86,12,646,0,0,6,2,8,468,80,92,14,654,0,0,0,654
06/07/2021,BNA,TN,ASO,ES,Combined TRACON& Tower with Radar,494,65,59,9,627,0,2,12,2,16,494,67,71,11,643,0,0,0,643
06/08/2021,BNA,TN,ASO,ES,Combined TRACON& Tower with Radar,452,61,65,0,578,0,1,28,5,34,452,62,93,5,612,0,0,0,612
06/09/2021,BNA,TN,ASO,ES,Combined TRACON& Tower with Radar,469,82,70,0,621,0,0,5,2,7,469,82,75,2,628,0,0,0,628
06/10/2021,BNA,TN,ASO,ES,Combined TRACON& Tower with Radar,503,85,84,4,676,0,2,15,3,20,503,87,99,7,696,0,0,0,696
06/11/2021,BNA,TN,ASO,ES,Combined TRACON& Tower with Radar,509,61,72,5,647,0,0,21,4,25,509,61,93,9,672,0,0,0,672
06/12/2021,BNA,TN,ASO,ES,Combined TRACON& Tower with Radar,435,51,53,7,546,0,3,59,1,63,435,54,112,8,609,0,0,0,609
06/13/2021,BNA,TN,ASO,ES,Combined TRACON& Tower with Radar,474,79,93,4,650,0,1,13,0,14,474,80,106,4,664,0,0,0,664
06/14/2021,BNA,TN,ASO,ES,Combined TRACON& Tower with Radar,481,70,63,4,618,0,0,64,10,74,481,70,127,14,692,0,0,0,692
06/15/2021,BNA,TN,ASO,ES,Combined TRACON& Tower with Radar,425,48,88,6,567,0,2,42,14,58,425,50,130,20,625,0,0,0,625
06/16/2021,BNA,TN,ASO,ES,Combined TRACON& Tower with Radar,460,96,79,1,636,0,4,49,5,58,460,100,128,6,694,0,0,0,694
06/17/2021,BNA,TN,ASO,ES,Combined TRACON& Tower with Radar,499,82,97,2,680,0,8,70,12,90,499,90,167,14,770,0,0,0,770
06/18/2021,BNA,TN,ASO,ES,Combined TRACON& Tower with Radar,497,82,100,4,683,0,7,69,2,78,497,89,169,6,761,0,0,0,761
06/19/2021,BNA,TN,ASO,ES,Combined TRACON& Tower with Radar,431,49,54,5,539,0,1,40,5,46,431,50,94,10,585,0,0,0,585
06/20/2021,BNA,TN,ASO,ES,Combined TRACON& Tower with Radar,483,65,65,3,616,0,4,8,1,13,483,69,73,4,629,0,0,0,629
06/21/2021,BNA,TN,ASO,ES,Combined TRACON& Tower with Radar,470,70,56,7,603,0,0,19,0,19,470,70,75,7,622,0,0,0,622
06/22/2021,BNA,TN,ASO,ES,Combined TRACON& Tower with Radar,471,91,67,8,637,0,1,40,7,48,471,92,107,15,685,0,0,0,685
06/23/2021,BNA,TN,ASO,ES,Combined TRACON& Tower with Radar,486,75,68,1,630,0,7,57,9,73,486,82,125,10,703,0,0,0,703
06/24/2021,BNA,TN,ASO,ES,Combined TRACON& Tower with Radar,488,89,82,2,661,0,7,57,8,72,488,96,139,10,733,0,0,0,733
06/25/2021,BNA,TN,ASO,ES,Combined TRACON& Tower with Radar,498,93,95,8,694,0,2,54,3,59,498,95,149,11,753,0,0,0,753
06/26/2021,BNA,TN,ASO,ES,Combined TRACON& Tower with Radar,422,67,49,1,539,0,2,32,0,34,422,69,81,1,573,0,0,0,573
06/27/2021,BNA,TN,ASO,ES,Combined TRACON& Tower with Radar,472,68,83,6,629,0,1,20,2,23,472,69,103,8,652,0,0,0,652
06/28/2021,BNA,TN,ASO,ES,Combined TRACON& Tower with Radar,483,71,70,3,627,0,0,36,4,40,483,71,106,7,667,0,0,0,667
06/29/2021,BNA,TN,ASO,ES,Combined TRACON& Tower with Radar,462,75,73,2,612,0,3,15,7,25,462,78,88,9,637,0,0,0,637
06/30/2021,BNA,TN,ASO,ES,Combined TRACON& Tower with Radar,472,91,87,0,650,0,2,26,4,32,472,93,113,4,682,0,0,0,682
07/01/2021,BNA,TN,ASO,ES,Combined TRACON& Tower with Radar,495,92,83,3,673,0,0,16,0,16,495,92,99,3,689,0,0,0,689
07/02/2021,BNA,TN,ASO,ES,Combined TRACON& Tower with Radar,502,61,60,1,624,0,0,27,0,27,502,61,87,1,651,0,0,0,651
07/03/2021,BNA,TN,ASO,ES,Combined TRACON& Tower with Radar,437,44,44,0,525,0,4,50,0,54,437,48,94,0,579,0,0,0,579
07/04/2021,BNA,TN,ASO,ES,Combined TRACON& Tower with Radar,448,41,30,0,519,0,5,14,0,19,448,46,44,0,538,0,0,0,538
07/05/2021,BNA,TN,ASO,ES,Combined TRACON& Tower with Radar,482,45,55,1,583,0,0,43,0,43,482,45,98,1,626,0,0,0,626
07/06/2021,BNA,TN,ASO,ES,Combined TRACON& Tower with Radar,462,59,52,3,576,0,2,45,0,47,462,61,97,3,623,0,0,0,623
07/07/2021,BNA,TN,ASO,ES,Combined TRACON& Tower with Radar,477,74,55,0,606,0,0,26,7,33,477,74,81,7,639,0,0,0,639
07/08/2021,BNA,TN,ASO,ES,Combined TRACON& Tower with Radar,502,66,84,7,659,0,4,37,16,57,502,70,121,23,716,0,0,0,716
07/09/2021,BNA,TN,ASO,ES,Combined TRACON& Tower with Radar,526,60,60,10,656,0,7,26,3,36,526,67,86,13,692,0,0,0,692
07/10/2021,BNA,TN,ASO,ES,Combined TRACON& Tower with Radar,450,56,52,5,563,0,2,27,0,29,450,58,79,5,592,0,0,0,592
07/11/2021,BNA,TN,ASO,ES,Combined TRACON& Tower with Radar,487,71,85,4,647,0,0,2,0,2,487,71,87,4,649,0,0,0,649
07/12/2021,BNA,TN,ASO,ES,Combined TRACON& Tower with Radar,483,63,55,2,603,0,0,18,0,18,483,63,73,2,621,0,0,0,621
07/13/2021,BNA,TN,ASO,ES,Combined TRACON& Tower with Radar,491,52,56,6,605,0,0,12,0,12,491,52,68,6,617,0,0,0,617
07/14/2021,BNA,TN,ASO,ES,Combined TRACON& Tower with Radar,486,85,90,7,668,0,2,51,7,60,486,87,141,14,728,0,0,0,728
07/15/2021,BNA,TN,ASO,ES,Combined TRACON& Tower with Radar,507,87,63,7,664,0,2,52,18,72,507,89,115,25,736,0,0,0,736
07/16/2021,BNA,TN,ASO,ES,Combined TRACON& Tower with Radar,543,71,84,5,703,0,6,35,4,45,543,77,119,9,748,0,0,0,748
07/17/2021,BNA,TN,ASO,ES,Combined TRACON& Tower with Radar,440,58,46,1,545,0,0,14,1,15,440,58,60,2,560,0,0,0,560
07/18/2021,BNA,TN,ASO,ES,Combined TRACON& Tower with Radar,481,79,81,3,644,0,0,0,0,0,481,79,81,3,644,0,0,0,644
07/19/2021,BNA,TN,ASO,ES,Combined TRACON& Tower with Radar,505,44,63,0,612,0,0,19,0,19,505,44,82,0,631,0,0,0,631
07/20/2021,BNA,TN,ASO,ES,Combined TRACON& Tower with Radar,484,58,67,6,615,0,1,52,3,56,484,59,119,9,671,0,0,0,671
07/21/2021,BNA,TN,ASO,ES,Combined TRACON& Tower with Radar,498,79,78,6,661,0,2,41,5,48,498,81,119,11,709,0,0,0,709
07/22/2021,BNA,TN,ASO,ES,Combined TRACON& Tower with Radar,509,68,71,2,650,0,2,46,2,50,509,70,117,4,700,0,0,0,700
07/23/2021,BNA,TN,ASO,ES,Combined TRACON& Tower with Radar,524,65,70,6,665,0,1,73,0,74,524,66,143,6,739,0,0,0,739
07/24/2021,BNA,TN,ASO,ES,Combined TRACON& Tower with Radar,451,59,39,5,554,0,2,53,4,59,451,61,92,9,613,0,0,0,613
07/25/2021,BNA,TN,ASO,ES,Combined TRACON& Tower with Radar,493,51,67,6,617,0,1,4,3,8,493,52,71,9,625,0,0,0,625
07/26/2021,BNA,TN,ASO,ES,Combined TRACON& Tower with Radar,541,66,66,2,675,0,0,12,2,14,541,66,78,4,689,0,0,0,689
07/27/2021,BNA,TN,ASO,ES,Combined TRACON& Tower with Radar,509,78,71,0,658,0,2,30,5,37,509,80,101,5,695,0,0,0,695
07/28/2021,BNA,TN,ASO,ES,Combined TRACON& Tower with Radar,500,78,83,2,663,0,2,55,2,59,500,80,138,4,722,0,0,0,722
07/29/2021,BNA,TN,ASO,ES,Combined TRACON& Tower with Radar,499,64,90,4,657,0,0,56,6,62,499,64,146,10,719,0,0,0,719
07/30/2021,BNA,TN,ASO,ES,Combined TRACON& Tower with Radar,518,76,79,2,675,0,0,46,6,52,518,76,125,8,727,0,0,0,727
07/31/2021,BNA,TN,ASO,ES,Combined TRACON& Tower with Radar,408,65,54,1,528,0,5,29,0,34,408,70,83,1,562,0,0,0,562
08/01/2021,BNA,TN,ASO,ES,Combined TRACON& Tower with Radar,514,81,88,2,685,0,0,6,4,10,514,81,94,6,695,0,0,0,695
08/02/2021,BNA,TN,ASO,ES,Combined TRACON& Tower with Radar,481,62,63,7,613,0,3,41,4,48,481,65,104,11,661,0,0,0,661
08/03/2021,BNA,TN,ASO,ES,Combined TRACON& Tower with Radar,464,69,92,9,634,0,2,36,2,40,464,71,128,11,674,0,0,0,674
08/04/2021,BNA,TN,ASO,ES,Combined TRACON& Tower with Radar,474,75,86,0,635,0,2,42,6,50,474,77,128,6,685,0,0,0,685
08/05/2021,BNA,TN,ASO,ES,Combined TRACON& Tower with Radar,504,88,105,6,703,0,4,61,10,75,504,92,166,16,778,0,0,0,778
08/06/2021,BNA,TN,ASO,ES,Combined TRACON& Tower with Radar,505,80,90,0,675,0,2,32,6,40,505,82,122,6,715,0,0,0,715
08/07/2021,BNA,TN,ASO,ES,Combined TRACON& Tower with Radar,436,55,63,0,554,0,2,46,1,49,436,57,109,1,603,0,0,0,603
08/08/2021,BNA,TN,ASO,ES,Combined TRACON& Tower with Radar,493,84,111,0,688,0,2,15,2,19,493,86,126,2,707,0,0,0,707
08/09/2021,BNA,TN,ASO,ES,Combined TRACON& Tower with Radar,492,91,122,8,713,0,5,33,0,38,492,96,155,8,751,0,0,0,751
08/10/2021,BNA,TN,ASO,ES,Combined TRACON& Tower with Radar,464,66,84,5,619,0,3,34,4,41,464,69,118,9,660,0,0,0,660
08/11/2021,BNA,TN,ASO,ES,Combined TRACON& Tower with Radar,481,73,89,0,643,0,1,38,6,45,481,74,127,6,688,0,0,0,688
08/12/2021,BNA,TN,ASO,ES,Combined TRACON& Tower with Radar,497,75,100,0,672,0,1,35,6,42,497,76,135,6,714,0,0,0,714
08/13/2021,BNA,TN,ASO,ES,Combined TRACON& Tower with Radar,509,62,78,4,653,0,0,19,1,20,509,62,97,5,673,0,0,0,673
08/14/2021,BNA,TN,ASO,ES,Combined TRACON& Tower with Radar,438,51,49,0,538,0,1,20,9,30,438,52,69,9,568,0,0,0,568
08/15/2021,BNA,TN,ASO,ES,Combined TRACON& Tower with Radar,484,75,60,3,622,0,0,1,1,2,484,75,61,4,624,0,0,0,624
08/16/2021,BNA,TN,ASO,ES,Combined TRACON& Tower with Radar,489,53,80,7,629,0,0,27,0,27,489,53,107,7,656,0,0,0,656
08/17/2021,BNA,TN,ASO,ES,Combined TRACON& Tower with Radar,468,78,55,4,605,0,1,60,2,63,468,79,115,6,668,0,0,0,668
08/18/2021,BNA,TN,ASO,ES,Combined TRACON& Tower with Radar,479,58,59,4,600,0,3,13,0,16,479,61,72,4,616,0,0,0,616
08/19/2021,BNA,TN,ASO,ES,Combined TRACON& Tower with Radar,519,84,74,1,678,0,0,4,7,11,519,84,78,8,689,0,0,0,689
08/20/2021,BNA,TN,ASO,ES,Combined TRACON& Tower with Radar,491,73,56,4,624,0,3,12,4,19,491,76,68,8,643,0,0,0,643
08/21/2021,BNA,TN,ASO,ES,Combined TRACON& Tower with Radar,436,50,56,4,546,0,0,2,6,8,436,50,58,10,554,0,0,0,554
08/22/2021,BNA,TN,ASO,ES,Combined TRACON& Tower with Radar,485,71,60,3,619,0,4,14,4,22,485,75,74,7,641,0,0,0,641
08/23/2021,BNA,TN,ASO,ES,Combined TRACON& Tower with Radar,494,58,68,2,622,0,0,53,0,53,494,58,121,2,675,0,0,0,675
08/24/2021,BNA,TN,ASO,ES,Combined TRACON& Tower with Radar,459,92,80,4,635,1,2,43,2,48,460,94,123,6,683,0,0,0,683
08/25/2021,BNA,TN,ASO,ES,Combined TRACON& Tower with Radar,485,72,132,2,691,0,4,54,13,71,485,76,186,15,762,0,0,0,762
08/26/2021,BNA,TN,ASO,ES,Combined TRACON& Tower with Radar,527,84,105,2,718,0,4,31,8,43,527,88,136,10,761,0,0,0,761
08/27/2021,BNA,TN,ASO,ES,Combined TRACON& Tower with Radar,502,73,93,1,669,0,3,42,1,46,502,76,135,2,715,0,0,0,715
08/28/2021,BNA,TN,ASO,ES,Combined TRACON& Tower with Radar,451,49,52,0,552,0,3,33,0,36,451,52,85,0,588,0,0,0,588
08/29/2021,BNA,TN,ASO,ES,Combined TRACON& Tower with Radar,504,61,65,1,631,0,1,11,1,13,504,62,76,2,644,0,0,0,644
08/30/2021,BNA,TN,ASO,ES,Combined TRACON& Tower with Radar,494,51,49,0,594,0,2,16,6,24,494,53,65,6,618,0,0,0,618
08/31/2021,BNA,TN,ASO,ES,Combined TRACON& Tower with Radar,463,42,31,0,536,0,0,0,0,0,463,42,31,0,536,0,0,0,536
09/01/2021,BNA,TN,ASO,ES,Combined TRACON& Tower with Radar,459,69,69,1,598,0,3,35,6,44,459,72,104,7,642,0,0,0,642
09/02/2021,BNA,TN,ASO,ES,Combined TRACON& Tower with Radar,515,74,74,3,666,0,1,58,6,65,515,75,132,9,731,0,0,0,731
09/03/2021,BNA,TN,ASO,ES,Combined TRACON& Tower with Radar,519,70,69,4,662,0,3,63,2,68,519,73,132,6,730,0,0,0,730
09/04/2021,BNA,TN,ASO,ES,Combined TRACON& Tower with Radar,435,55,24,0,514,0,2,53,0,55,435,57,77,0,569,0,0,0,569
09/05/2021,BNA,TN,ASO,ES,Combined TRACON& Tower with Radar,488,67,43,4,602,0,0,3,2,5,488,67,46,6,607,0,0,0,607
09/06/2021,BNA,TN,ASO,ES,Combined TRACON& Tower with Radar,483,77,63,2,625,0,2,24,1,27,483,79,87,3,652,0,0,0,652
09/07/2021,BNA,TN,ASO,ES,Combined TRACON& Tower with Radar,440,81,77,2,600,0,4,60,1,65,440,85,137,3,665,0,0,0,665
09/08/2021,BNA,TN,ASO,ES,Combined TRACON& Tower with Radar,461,86,80,2,629,0,6,25,4,35,461,92,105,6,664,0,0,0,664
09/09/2021,BNA,TN,ASO,ES,Combined TRACON& Tower with Radar,524,96,82,4,706,0,8,54,18,80,524,104,136,22,786,0,0,0,786
09/10/2021,BNA,TN,ASO,ES,Combined TRACON& Tower with Radar,514,84,86,9,693,0,3,68,19,90,514,87,154,28,783,0,0,0,783
09/11/2021,BNA,TN,ASO,ES,Combined TRACON& Tower with Radar,403,45,49,5,502,0,8,22,10,40,403,53,71,15,542,0,0,0,542
09/12/2021,BNA,TN,ASO,ES,Combined TRACON& Tower with Radar,519,96,107,13,735,0,4,13,7,24,519,100,120,20,759,0,0,0,759
09/13/2021,BNA,TN,ASO,ES,Combined TRACON& Tower with Radar,501,80,47,3,631,0,7,42,4,53,501,87,89,7,684,0,0,0,684
09/14/2021,BNA,TN,ASO,ES,Combined TRACON& Tower with Radar,455,78,75,2,610,0,0,47,4,51,455,78,122,6,661,0,0,0,661
09/15/2021,BNA,TN,ASO,ES,Combined TRACON& Tower with Radar,470,101,89,5,665,0,5,5,1,11,470,106,94,6,676,0,0,0,676
09/16/2021,BNA,TN,ASO,ES,Combined TRACON& Tower with Radar,555,86,114,7,762,0,2,42,8,52,555,88,156,15,814,0,0,0,814
09/17/2021,BNA,TN,ASO,ES,Combined TRACON& Tower with Radar,522,82,98,10,712,0,2,6,1,9,522,84,104,11,721,0,0,0,721
09/18/2021,BNA,TN,ASO,ES,Combined TRACON& Tower with Radar,411,57,48,1,517,0,0,6,0,6,411,57,54,1,523,0,0,0,523
09/19/2021,BNA,TN,ASO,ES,Combined TRACON& Tower with Radar,525,97,78,0,700,0,0,1,0,1,525,97,79,0,701,0,0,0,701
09/20/2021,BNA,TN,ASO,ES,Combined TRACON& Tower with Radar,508,53,55,2,618,0,0,0,2,2,508,53,55,4,620,0,0,0,620
09/21/2021,BNA,TN,ASO,ES,Combined TRACON& Tower with Radar,471,75,81,4,631,0,0,8,0,8,471,75,89,4,639,0,0,0,639
09/22/2021,BNA,TN,ASO,ES,Combined TRACON& Tower with Radar,470,90,73,2,635,0,5,21,2,28,470,95,94,4,663,0,0,0,663
09/23/2021,BNA,TN,ASO,ES,Combined TRACON& Tower with Radar,530,115,83,1,729,0,9,61,3,73,530,124,144,4,802,0,0,0,802
09/24/2021,BNA,TN,ASO,ES,Combined TRACON& Tower with Radar,516,79,95,3,693,0,4,59,5,68,516,83,154,8,761,0,0,0,761
09/25/2021,BNA,TN,ASO,ES,Combined TRACON& Tower with Radar,419,73,49,0,541,0,0,53,3,56,419,73,102,3,597,0,0,0,597
09/26/2021,BNA,TN,ASO,ES,Combined TRACON& Tower with Radar,533,99,121,0,753,0,6,16,1,23,533,105,137,1,776,0,0,0,776
09/27/2021,BNA,TN,ASO,ES,Combined TRACON& Tower with Radar,509,66,71,0,646,0,7,33,2,42,509,73,104,2,688,0,0,0,688
09/28/2021,BNA,TN,ASO,ES,Combined TRACON& Tower with Radar,468,75,66,2,611,0,4,46,4,54,468,79,112,6,665,0,0,0,665
09/29/2021,BNA,TN,ASO,ES,Combined TRACON& Tower with Radar,474,74,64,4,616,0,3,48,1,52,474,77,112,5,668,0,0,0,668
09/30/2021,BNA,TN,ASO,ES,Combined TRACON& Tower with Radar,542,113,98,2,755,0,1,50,2,53,542,114,148,4,808,0,0,0,808
10/01/2021,BNA,TN,ASO,ES,Combined TRACON& Tower with Radar,511,102,86,5,704,0,3,49,3,55,511,105,135,8,759,0,0,0,759
10/02/2021,BNA,TN,ASO,ES,Combined TRACON& Tower with Radar,419,80,63,2,564,0,0,30,2,32,419,80,93,4,596,0,0,0,596
10/03/2021,BNA,TN,ASO,ES,Combined TRACON& Tower with Radar,535,111,94,0,740,0,0,3,2,5,535,111,97,2,745,0,0,0,745
10/04/2021,BNA,TN,ASO,ES,Combined TRACON& Tower with Radar,511,70,81,4,666,0,2,21,2,25,511,72,102,6,691,0,0,0,691
10/05/2021,BNA,TN,ASO,ES,Combined TRACON& Tower with Radar,490,60,66,4,620,0,2,12,1,15,490,62,78,5,635,0,0,0,635
10/06/2021,BNA,TN,ASO,ES,Combined TRACON& Tower with Radar,487,93,86,2,668,0,0,5,3,8,487,93,91,5,676,0,0,0,676
10/07/2021,BNA,TN,ASO,ES,Combined TRACON& Tower with Radar,548,107,87,6,748,0,11,19,0,30,548,118,106,6,778,0,0,0,778
10/08/2021,BNA,TN,ASO,ES,Combined TRACON& Tower with Radar,506,84,124,5,719,0,4,40,0,44,506,88,164,5,763,0,0,0,763
10/09/2021,BNA,TN,ASO,ES,Combined TRACON& Tower with Radar,405,88,96,0,589,0,9,45,2,56,405,97,141,2,645,0,0,0,645
10/10/2021,BNA,TN,ASO,ES,Combined TRACON& Tower with Radar,461,106,110,0,677,0,8,18,0,26,461,114,128,0,703,0,0,0,703
10/11/2021,BNA,TN,ASO,ES,Combined TRACON& Tower with Radar,492,95,88,1,676,0,5,23,0,28,492,100,111,1,704,0,0,0,704
10/12/2021,BNA,TN,ASO,ES,Combined TRACON& Tower with Radar,488,92,82,4,666,0,1,39,7,47,488,93,121,11,713,0,0,0,713
10/13/2021,BNA,TN,ASO,ES,Combined TRACON& Tower with Radar,474,120,111,2,707,0,1,44,2,47,474,121,155,4,754,0,0,0,754
10/14/2021,BNA,TN,ASO,ES,Combined TRACON& Tower with Radar,546,105,102,2,755,0,28,45,10,83,546,133,147,12,838,0,0,0,838
10/15/2021,BNA,TN,ASO,ES,Combined TRACON& Tower with Radar,529,89,95,17,730,0,4,6,2,12,529,93,101,19,742,0,0,0,742
10/16/2021,BNA,TN,ASO,ES,Combined TRACON& Tower with Radar,455,56,73,0,584,0,4,30,14,48,455,60,103,14,632,0,0,0,632
10/17/2021,BNA,TN,ASO,ES,Combined TRACON& Tower with Radar,524,122,134,6,786,0,4,28,3,35,524,126,162,9,821,0,0,0,821
10/18/2021,BNA,TN,ASO,ES,Combined TRACON& Tower with Radar,521,114,85,3,723,0,2,29,0,31,521,116,114,3,754,0,0,0,754
10/19/2021,BNA,TN,ASO,ES,Combined TRACON& Tower with Radar,489,100,93,5,687,0,0,40,4,44,489,100,133,9,731,0,0,0,731
10/20/2021,BNA,TN,ASO,ES,Combined TRACON& Tower with Radar,482,86,77,1,646,0,3,43,4,50,482,89,120,5,696,0,0,0,696
10/21/2021,BNA,TN,ASO,ES,Combined TRACON& Tower with Radar,541,92,116,2,751,0,0,18,6,24,541,92,134,8,775,0,0,0,775
10/22/2021,BNA,TN,ASO,ES,Combined TRACON& Tower with Radar,529,100,127,4,760,0,6,24,0,30,529,106,151,4,790,0,0,0,790
10/23/2021,BNA,TN,ASO,ES,Combined TRACON& Tower with Radar,449,88,101,0,638,0,6,40,0,46,449,94,141,0,684,0,0,0,684
10/24/2021,BNA,TN,ASO,ES,Combined TRACON& Tower with Radar,528,126,169,3,826,0,2,19,1,22,528,128,188,4,848,0,0,0,848
10/25/2021,BNA,TN,ASO,ES,Combined TRACON& Tower with Radar,512,64,114,2,692,0,0,2,4,6,512,64,116,6,698,0,0,0,698
10/26/2021,BNA,TN,ASO,ES,Combined TRACON& Tower with Radar,495,86,114,5,700,0,2,47,10,59,495,88,161,15,759,0,0,0,759
10/27/2021,BNA,TN,ASO,ES,Combined TRACON& Tower with Radar,476,100,109,4,689,0,3,44,4,51,476,103,153,8,740,0,0,0,740
10/28/2021,BNA,TN,ASO,ES,Combined TRACON& Tower with Radar,553,62,99,3,717,0,0,4,10,14,553,62,103,13,731,0,0,0,731
10/29/2021,BNA,TN,ASO,ES,Combined TRACON& Tower with Radar,528,80,109,4,721,0,0,2,1,3,528,80,111,5,724,0,0,0,724
10/30/2021,BNA,TN,ASO,ES,Combined TRACON& Tower with Radar,442,58,55,2,557,0,0,0,0,0,442,58,55,2,557,0,0,0,557
10/31/2021,BNA,TN,ASO,ES,Combined TRACON& Tower with Radar,482,77,87,2,648,0,4,16,1,21,482,81,103,3,669,0,0,0,669
11/01/2021,BNA,TN,ASO,ES,Combined TRACON& Tower with Radar,504,73,87,2,666,0,3,46,2,51,504,76,133,4,717,0,0,0,717
11/02/2021,BNA,TN,ASO,ES,Combined TRACON& Tower with Radar,480,96,100,2,678,0,4,25,8,37,480,100,125,10,715,0,0,0,715
11/03/2021,BNA,TN,ASO,ES,Combined TRACON& Tower with Radar,492,97,109,0,698,0,1,43,1,45,492,98,152,1,743,0,0,0,743
11/04/2021,BNA,TN,ASO,ES,Combined TRACON& Tower with Radar,550,89,95,1,735,0,7,38,18,63,550,96,133,19,798,0,0,0,798
11/05/2021,BNA,TN,ASO,ES,Combined TRACON& Tower with Radar,531,100,89,5,725,0,6,50,8,64,531,106,139,13,789,0,0,0,789
11/06/2021,BNA,TN,ASO,ES,Combined TRACON& Tower with Radar,448,73,46,8,575,0,2,47,0,49,448,75,93,8,624,0,0,0,624
11/07/2021,BNA,TN,ASO,ES,Combined TRACON& Tower with Radar,500,112,77,5,694,0,5,18,14,37,500,117,95,19,731,0,0,0,731
11/08/2021,BNA,TN,ASO,ES,Combined TRACON& Tower with Radar,518,76,92,4,690,0,2,37,0,39,518,78,129,4,729,0,0,0,729
11/09/2021,BNA,TN,ASO,ES,Combined TRACON& Tower with Radar,462,83,97,2,644,0,1,38,8,47,462,84,135,10,691,0,0,0,691
11/10/2021,BNA,TN,ASO,ES,Combined TRACON& Tower with Radar,473,91,88,2,654,0,6,41,6,53,473,97,129,8,707,0,0,0,707
11/11/2021,BNA,TN,ASO,ES,Combined TRACON& Tower with Radar,531,93,115,0,739,0,2,7,0,9,531,95,122,0,748,0,0,0,748
11/12/2021,BNA,TN,ASO,ES,Combined TRACON& Tower with Radar,518,103,109,10,740,0,1,41,11,53,518,104,150,21,793,0,0,0,793
11/13/2021,BNA,TN,ASO,ES,Combined TRACON& Tower with Radar,411,53,52,2,518,0,3,38,12,53,411,56,90,14,571,0,0,0,571
11/14/2021,BNA,TN,ASO,ES,Combined TRACON& Tower with Radar,503,98,99,3,703,0,1,11,2,14,503,99,110,5,717,0,0,0,717
11/15/2021,BNA,TN,ASO,ES,Combined TRACON& Tower with Radar,523,77,82,0,682,0,5,41,4,50,523,82,123,4,732,0,0,0,732
11/16/2021,BNA,TN,ASO,ES,Combined TRACON& Tower with Radar,459,84,104,0,647,0,3,23,3,29,459,87,127,3,676,0,0,0,676
11/17/2021,BNA,TN,ASO,ES,Combined TRACON& Tower with Radar,474,90,96,0,660,0,3,29,2,34,474,93,125,2,694,0,0,0,694
11/18/2021,BNA,TN,ASO,ES,Combined TRACON& Tower with Radar,531,84,103,1,719,0,3,20,9,32,531,87,123,10,751,0,0,0,751
11/19/2021,BNA,TN,ASO,ES,Combined TRACON& Tower with Radar,524,89,105,1,719,0,10,62,1,73,524,99,167,2,792,0,0,0,792
11/20/2021,BNA,TN,ASO,ES,Combined TRACON& Tower with Radar,467,59,60,1,587,0,8,29,0,37,467,67,89,1,624,0,0,0,624
11/21/2021,BNA,TN,ASO,ES,Combined TRACON& Tower with Radar,500,81,94,2,677,0,0,0,2,2,500,81,94,4,679,0,0,0,679
11/22/2021,BNA,TN,ASO,ES,Combined TRACON& Tower with Radar,504,87,86,3,680,0,4,36,4,44,504,91,122,7,724,0,0,0,724
11/23/2021,BNA,TN,ASO,ES,Combined TRACON& Tower with Radar,529,81,90,0,700,0,3,50,11,64,529,84,140,11,764,0,0,0,764
11/24/2021,BNA,TN,ASO,ES,Combined TRACON& Tower with Radar,537,85,64,2,688,0,0,24,0,24,537,85,88,2,712,0,0,0,712
11/25/2021,BNA,TN,ASO,ES,Combined TRACON& Tower with Radar,357,20,19,0,396,0,0,0,0,0,357,20,19,0,396,0,0,0,396
11/26/2021,BNA,TN,ASO,ES,Combined TRACON& Tower with Radar,408,59,40,0,507,0,4,15,0,19,408,63,55,0,526,0,0,0,526
11/27/2021,BNA,TN,ASO,ES,Combined TRACON& Tower with Radar,499,95,55,0,649,0,5,28,0,33,499,100,83,0,682,0,0,0,682
11/28/2021,BNA,TN,ASO,ES,Combined TRACON& Tower with Radar,520,93,118,0,731,0,4,8,0,12,520,97,126,0,743,0,0,0,743
11/29/2021,BNA,TN,ASO,ES,Combined TRACON& Tower with Radar,530,84,55,0,669,0,4,19,0,23,530,88,74,0,692,0,0,0,692
11/30/2021,BNA,TN,ASO,ES,Combined TRACON& Tower with Radar,487,81,76,2,646,0,2,41,0,43,487,83,117,2,689,0,0,0,689
12/01/2021,BNA,TN,ASO,ES,Combined TRACON& Tower with Radar,473,99,119,1,692,0,2,40,9,51,473,101,159,10,743,0,0,0,743
12/02/2021,BNA,TN,ASO,ES,Combined TRACON& Tower with Radar,515,99,130,2,746,0,4,41,16,61,515,103,171,18,807,0,0,0,807
12/03/2021,BNA,TN,ASO,ES,Combined TRACON& Tower with Radar,498,86,103,6,693,0,6,58,15,79,498,92,161,21,772,0,0,0,772
12/04/2021,BNA,TN,ASO,ES,Combined TRACON& Tower with Radar,395,71,40,1,507,0,0,2,0,2,395,71,42,1,509,0,0,0,509
12/05/2021,BNA,TN,ASO,ES,Combined TRACON& Tower with Radar,489,68,66,5,628,0,0,2,0,2,489,68,68,5,630,0,0,0,630
12/06/2021,BNA,TN,ASO,ES,Combined TRACON& Tower with Radar,461,64,49,7,581,0,3,9,0,12,461,67,58,7,593,0,0,0,593
12/07/2021,BNA,TN,ASO,ES,Combined TRACON& Tower with Radar,443,72,81,3,599,0,3,30,12,45,443,75,111,15,644,0,0,0,644
12/08/2021,BNA,TN,ASO,ES,Combined TRACON& Tower with Radar,453,88,86,9,636,0,9,30,5,44,453,97,116,14,680,0,0,0,680
12/09/2021,BNA,TN,ASO,ES,Combined TRACON& Tower with Radar,503,88,93,6,690,0,2,26,22,50,503,90,119,28,740,0,0,0,740
12/10/2021,BNA,TN,ASO,ES,Combined TRACON& Tower with Radar,479,65,89,4,637,0,0,1,1,2,479,65,90,5,639,0,0,0,639
12/11/2021,BNA,TN,ASO,ES,Combined TRACON& Tower with Radar,415,61,36,0,512,0,1,7,2,10,415,62,43,2,522,0,0,0,522
12/12/2021,BNA,TN,ASO,ES,Combined TRACON& Tower with Radar,486,80,84,3,653,0,7,22,2,31,486,87,106,5,684,0,0,0,684
12/13/2021,BNA,TN,ASO,ES,Combined TRACON& Tower with Radar,480,71,73,2,626,0,2,41,7,50,480,73,114,9,676,0,0,0,676
12/14/2021,BNA,TN,ASO,ES,Combined TRACON& Tower with Radar,449,73,92,2,616,0,1,41,12,54,449,74,133,14,670,0,0,0,670
12/15/2021,BNA,TN,ASO,ES,Combined TRACON& Tower with Radar,447,80,87,2,616,0,2,54,3,59,447,82,141,5,675,0,0,0,675
12/16/2021,BNA,TN,ASO,ES,Combined TRACON& Tower with Radar,514,77,89,5,685,0,0,13,9,22,514,77,102,14,707,0,0,0,707
12/17/2021,BNA,TN,ASO,ES,Combined TRACON& Tower with Radar,508,84,94,3,689,0,0,0,0,0,508,84,94,3,689,0,0,0,689
12/18/2021,BNA,TN,ASO,ES,Combined TRACON& Tower with Radar,414,55,77,1,547,0,0,3,0,3,414,55,80,1,550,0,0,0,550
12/19/2021,BNA,TN,ASO,ES,Combined TRACON& Tower with Radar,474,83,66,0,623,0,0,15,0,15,474,83,81,0,638,0,0,0,638
12/20/2021,BNA,TN,ASO,ES,Combined TRACON& Tower with Radar,483,79,74,0,636,0,0,28,0,28,483,79,102,0,664,0,0,0,664
12/21/2021,BNA,TN,ASO,ES,Combined TRACON& Tower with Radar,487,58,57,2,604,0,0,47,10,57,487,58,104,12,661,0,0,0,661
12/22/2021,BNA,TN,ASO,ES,Combined TRACON& Tower with Radar,486,84,56,0,626,0,5,32,4,41,486,89,88,4,667,0,0,0,667
12/23/2021,BNA,TN,ASO,ES,Combined TRACON& Tower with Radar,501,57,58,1,617,0,4,28,1,33,501,61,86,2,650,0,0,0,650
12/24/2021,BNA,TN,ASO,ES,Combined TRACON& Tower with Radar,401,30,36,0,467,0,2,0,0,2,401,32,36,0,469,0,0,0,469
12/25/2021,BNA,TN,ASO,ES,Combined TRACON& Tower with Radar,345,40,21,0,406,0,2,0,0,2,345,42,21,0,408,0,0,0,408
12/26/2021,BNA,TN,ASO,ES,Combined TRACON& Tower with Radar,456,72,70,0,598,0,0,0,0,0,456,72,70,0,598,0,0,0,598
12/27/2021,BNA,TN,ASO,ES,Combined TRACON& Tower with Radar,456,72,66,0,594,1,2,9,0,12,457,74,75,0,606,0,0,0,606
12/28/2021,BNA,TN,ASO,ES,Combined TRACON& Tower with Radar,469,65,54,0,588,0,1,2,4,7,469,66,56,4,595,0,0,0,595
12/29/2021,BNA,TN,ASO,ES,Combined TRACON& Tower with Radar,475,48,39,2,564,1,1,8,1,11,476,49,47,3,575,0,0,0,575
12/30/2021,BNA,TN,ASO,ES,Combined TRACON& Tower with Radar,485,52,99,2,638,0,0,0,0,0,485,52,99,2,638,0,0,0,638
12/31/2021,BNA,TN,ASO,ES,Combined TRACON& Tower with Radar,405,74,26,1,506,0,0,9,0,9,405,74,35,1,515,0,0,0,515
01/01/2022,BNA,TN,ASO,ES,Combined TRACON& Tower with Radar,369,47,26,0,442,0,0,1,0,1,369,47,27,0,443,0,0,0,443
01/02/2022,BNA,TN,ASO,ES,Combined TRACON& Tower with Radar,418,92,107,0,617,0,0,0,0,0,418,92,107,0,617,0,0,0,617
01/03/2022,BNA,TN,ASO,ES,Combined TRACON& Tower with Radar,442,75,56,1,574,0,0,22,0,22,442,75,78,1,596,0,0,0,596
01/04/2022,BNA,TN,ASO,ES,Combined TRACON& Tower with Radar,422,59,61,3,545,0,0,40,2,42,422,59,101,5,587,0,0,0,587
01/05/2022,BNA,TN,ASO,ES,Combined TRACON& Tower with Radar,402,59,55,0,516,0,1,21,7,29,402,60,76,7,545,0,0,0,545
01/06/2022,BNA,TN,ASO,ES,Combined TRACON& Tower with Radar,157,24,40,0,221,0,0,1,0,1,157,24,41,0,222,0,0,0,222
01/07/2022,BNA,TN,ASO,ES,Combined TRACON& Tower with Radar,350,66,52,1,469,0,6,4,0,10,350,72,56,1,479,0,0,0,479
01/08/2022,BNA,TN,ASO,ES,Combined TRACON& Tower with Radar,357,37,56,5,455,0,4,16,3,23,357,41,72,8,478,0,0,0,478
01/09/2022,BNA,TN,ASO,ES,Combined TRACON& Tower with Radar,437,69,38,0,544,0,1,6,0,7,437,70,44,0,551,0,0,0,551
01/10/2022,BNA,TN,ASO,ES,Combined TRACON& Tower with Radar,434,61,51,6,552,0,3,44,1,48,434,64,95,7,600,0,0,0,600
01/11/2022,BNA,TN,ASO,ES,Combined TRACON& Tower with Radar,413,57,63,2,535,0,1,64,0,65,413,58,127,2,600,0,0,0,600
01/12/2022,BNA,TN,ASO,ES,Combined TRACON& Tower with Radar,436,65,54,4,559,0,2,37,13,52,436,67,91,17,611,0,0,0,611
01/13/2022,BNA,TN,ASO,ES,Combined TRACON& Tower with Radar,461,63,63,2,589,0,6,27,14,47,461,69,90,16,636,0,0,0,636
01/14/2022,BNA,TN,ASO,ES,Combined TRACON& Tower with Radar,469,60,63,2,594,0,1,40,4,45,469,61,103,6,639,0,0,0,639
01/15/2022,BNA,TN,ASO,ES,Combined TRACON& Tower with Radar,344,65,39,0,448,0,0,0,0,0,344,65,39,0,448,0,0,0,448
01/16/2022,BNA,TN,ASO,ES,Combined TRACON& Tower with Radar,312,38,21,0,371,0,0,1,0,1,312,38,22,0,372,0,0,0,372
01/17/2022,BNA,TN,ASO,ES,Combined TRACON& Tower with Radar,439,50,55,2,546,0,0,5,0,5,439,50,60,2,551,0,0,0,551
01/18/2022,BNA,TN,ASO,ES,Combined TRACON& Tower with Radar,445,54,75,0,574,0,7,39,2,48,445,61,114,2,622,0,0,0,622
01/19/2022,BNA,TN,ASO,ES,Combined TRACON& Tower with Radar,449,54,75,4,582,0,0,2,0,2,449,54,77,4,584,0,0,0,584
01/20/2022,BNA,TN,ASO,ES,Combined TRACON& Tower with Radar,466,69,74,4,613,0,2,7,18,27,466,71,81,22,640,0,0,0,640
01/21/2022,BNA,TN,ASO,ES,Combined TRACON& Tower with Radar,478,89,70,4,641,0,22,41,11,74,478,111,111,15,715,0,0,0,715
01/22/2022,BNA,TN,ASO,ES,Combined TRACON& Tower with Radar,349,68,52,2,471,0,8,54,11,73,349,76,106,13,544,0,0,0,544
01/23/2022,BNA,TN,ASO,ES,Combined TRACON& Tower with Radar,449,80,63,2,594,0,2,8,6,16,449,82,71,8,610,0,0,0,610
01/24/2022,BNA,TN,ASO,ES,Combined TRACON& Tower with Radar,457,70,65,2,594,0,9,31,0,40,457,79,96,2,634,0,0,0,634
01/25/2022,BNA,TN,ASO,ES,Combined TRACON& Tower with Radar,445,70,51,4,570,0,4,36,0,40,445,74,87,4,610,0,0,0,610
01/26/2022,BNA,TN,ASO,ES,Combined TRACON& Tower with Radar,454,73,75,4,606,0,5,46,6,57,454,78,121,10,663,0,0,0,663
01/27/2022,BNA,TN,ASO,ES,Combined TRACON& Tower with Radar,484,84,66,4,638,0,2,32,5,39,484,86,98,9,677,0,0,0,677
01/28/2022,BNA,TN,ASO,ES,Combined TRACON& Tower with Radar,467,77,54,1,599,0,0,7,0,7,467,77,61,1,606,0,0,0,606
01/29/2022,BNA,TN,ASO,ES,Combined TRACON& Tower with Radar,310,48,44,3,405,0,4,67,3,74,310,52,111,6,479,0,0,0,479
01/30/2022,BNA,TN,ASO,ES,Combined TRACON& Tower with Radar,433,61,45,0,539,0,3,16,1,20,433,64,61,1,559,0,0,0,559
01/31/2022,BNA,TN,ASO,ES,Combined TRACON& Tower with Radar,457,47,49,11,564,0,2,53,6,61,457,49,102,17,625,0,0,0,625
02/01/2022,BNA,TN,ASO,ES,Combined TRACON& Tower with Radar,443,69,61,1,574,0,3,58,7,68,443,72,119,8,642,0,0,0,642
02/02/2022,BNA,TN,ASO,ES,Combined TRACON& Tower with Radar,440,84,70,3,597,0,0,1,0,1,440,84,71,3,598,0,0,0,598
02/03/2022,BNA,TN,ASO,ES,Combined TRACON& Tower with Radar,376,55,48,2,481,0,0,0,0,0,376,55,48,2,481,0,0,0,481
02/04/2022,BNA,TN,ASO,ES,Combined TRACON& Tower with Radar,372,62,49,1,484,0,0,6,4,10,372,62,55,5,494,0,0,0,494
02/05/2022,BNA,TN,ASO,ES,Combined TRACON& Tower with Radar,352,36,37,5,430,0,4,61,0,65,352,40,98,5,495,0,0,0,495
02/06/2022,BNA,TN,ASO,ES,Combined TRACON& Tower with Radar,447,81,70,0,598,0,5,19,13,37,447,86,89,13,635,0,0,0,635
02/07/2022,BNA,TN,ASO,ES,Combined TRACON& Tower with Radar,466,55,69,1,591,0,2,72,3,77,466,57,141,4,668,0,0,0,668
02/08/2022,BNA,TN,ASO,ES,Combined TRACON& Tower with Radar,453,84,73,8,618,0,6,58,0,64,453,90,131,8,682,0,0,0,682
02/09/2022,BNA,TN,ASO,ES,Combined TRACON& Tower with Radar,472,75,102,5,654,0,5,45,2,52,472,80,147,7,706,0,0,0,706
02/10/2022,BNA,TN,ASO,ES,Combined TRACON& Tower with Radar,490,84,99,0,673,0,4,43,21,68,490,88,142,21,741,0,0,0,741
02/11/2022,BNA,TN,ASO,ES,Combined TRACON& Tower with Radar,483,85,96,5,669,0,2,16,3,21,483,87,112,8,690,0,0,0,690
02/12/2022,BNA,TN,ASO,ES,Combined TRACON& Tower with Radar,364,50,57,5,476,0,0,33,1,34,364,50,90,6,510,0,0,0,510
02/13/2022,BNA,TN,ASO,ES,Combined TRACON& Tower with Radar,438,75,57,8,578,0,2,15,1,18,438,77,72,9,596,0,0,0,596
02/14/2022,BNA,TN,ASO,ES,Combined TRACON& Tower with Radar,480,64,67,1,612,0,4,36,7,47,480,68,103,8,659,0,0,0,659
02/15/2022,BNA,TN,ASO,ES,Combined TRACON& Tower with Radar,459,64,95,2,620,0,5,38,12,55,459,69,133,14,675,0,0,0,675
02/16/2022,BNA,TN,ASO,ES,Combined TRACON& Tower with Radar,459,62,92,6,619,0,4,17,10,31,459,66,109,16,650,0,0,0,650
02/17/2022,BNA,TN,ASO,ES,Combined TRACON& Tower with Radar,487,93,57,1,638,0,0,1,0,1,487,93,58,1,639,0,0,0,639
02/18/2022,BNA,TN,ASO,ES,Combined TRACON& Tower with Radar,512,92,96,3,703,0,3,40,4,47,512,95,136,7,750,0,0,0,750
02/19/2022,BNA,TN,ASO,ES,Combined TRACON& Tower with Radar,377,38,39,2,456,0,6,42,0,48,377,44,81,2,504,0,0,0,504
02/20/2022,BNA,TN,ASO,ES,Combined TRACON& Tower with Radar,449,62,57,4,572,0,9,18,3,30,449,71,75,7,602,0,0,0,602
02/21/2022,BNA,TN,ASO,ES,Combined TRACON& Tower with Radar,497,83,58,0,638,0,2,17,0,19,497,85,75,0,657,0,0,0,657
02/22/2022,BNA,TN,ASO,ES,Combined TRACON& Tower with Radar,460,54,68,0,582,0,0,3,0,3,460,54,71,0,585,0,0,0,585
02/23/2022,BNA,TN,ASO,ES,Combined TRACON& Tower with Radar,470,85,76,2,633,0,0,2,0,2,470,85,78,2,635,0,0,0,635
02/24/2022,BNA,TN,ASO,ES,Combined TRACON& Tower with Radar,509,75,80,0,664,0,0,0,0,0,509,75,80,0,664,0,0,0,664
02/25/2022,BNA,TN,ASO,ES,Combined TRACON& Tower with Radar,489,89,98,3,679,0,0,8,10,18,489,89,106,13,697,0,0,0,697
02/26/2022,BNA,TN,ASO,ES,Combined TRACON& Tower with Radar,387,64,51,0,502,0,1,17,12,30,387,65,68,12,532,0,0,0,532
02/27/2022,BNA,TN,ASO,ES,Combined TRACON& Tower with Radar,469,98,89,1,657,0,7,16,5,28,469,105,105,6,685,0,0,0,685
02/28/2022,BNA,TN,ASO,ES,Combined TRACON& Tower with Radar,502,71,77,4,654,0,11,52,9,72,502,82,129,13,726,0,0,0,726
03/01/2022,BNA,TN,ASO,ES,Combined TRACON& Tower with Radar,461,69,71,4,605,0,8,51,9,68,461,77,122,13,673,0,0,0,673
03/02/2022,BNA,TN,ASO,ES,Combined TRACON& Tower with Radar,480,74,81,4,639,1,7,57,4,69,481,81,138,8,708,0,0,0,708
03/03/2022,BNA,TN,ASO,ES,Combined TRACON& Tower with Radar,509,88,85,1,683,0,9,54,12,75,509,97,139,13,758,0,0,0,758
03/04/2022,BNA,TN,ASO,ES,Combined TRACON& Tower with Radar,492,105,108,1,706,0,3,39,4,46,492,108,147,5,752,0,0,0,752
03/05/2022,BNA,TN,ASO,ES,Combined TRACON& Tower with Radar,383,54,49,0,486,0,1,13,6,20,383,55,62,6,506,0,0,0,506
03/06/2022,BNA,TN,ASO,ES,Combined TRACON& Tower with Radar,455,89,67,0,611,0,0,0,9,9,455,89,67,9,620,0,0,0,620
03/07/2022,BNA,TN,ASO,ES,Combined TRACON& Tower with Radar,483,71,78,0,632,0,1,5,1,7,483,72,83,1,639,0,0,0,639
03/08/2022,BNA,TN,ASO,ES,Combined TRACON& Tower with Radar,444,95,125,1,665,0,0,24,4,28,444,95,149,5,693,0,0,0,693
03/09/2022,BNA,TN,ASO,ES,Combined TRACON& Tower with Radar,440,106,99,3,648,0,4,25,3,32,440,110,124,6,680,0,0,0,680
03/10/2022,BNA,TN,ASO,ES,Combined TRACON& Tower with Radar,487,99,96,7,689,0,4,40,17,61,487,103,136,24,750,0,0,0,750
03/11/2022,BNA,TN,ASO,ES,Combined TRACON& Tower with Radar,461,102,118,3,684,0,1,30,3,34,461,103,148,6,718,0,0,0,718
03/12/2022,BNA,TN,ASO,ES,Combined TRACON& Tower with Radar,363,82,52,0,497,0,3,10,1,14,363,85,62,1,511,0,0,0,511
03/13/2022,BNA,TN,ASO,ES,Combined TRACON& Tower with Radar,441,100,76,1,618,0,5,7,0,12,441,105,83,1,630,0,0,0,630
03/14/2022,BNA,TN,ASO,ES,Combined TRACON& Tower with Radar,489,44,55,2,590,0,7,46,3,56,489,51,101,5,646,0,0,0,646
03/15/2022,BNA,TN,ASO,ES,Combined TRACON& Tower with Radar,451,68,36,2,557,0,5,47,11,63,451,73,83,13,620,0,0,0,620
03/16/2022,BNA,TN,ASO,ES,Combined TRACON& Tower with Radar,466,88,81,5,640,0,1,3,2,6,466,89,84,7,646,0,0,0,646
03/17/2022,BNA,TN,ASO,ES,Combined TRACON& Tower with Radar,482,82,81,3,648,0,4,40,29,73,482,86,121,32,721,0,0,0,721
03/18/2022,BNA,TN,ASO,ES,Combined TRACON& Tower with Radar,485,86,89,5,665,0,2,11,7,20,485,88,100,12,685,0,0,0,685
03/19/2022,BNA,TN,ASO,ES,Combined TRACON& Tower with Radar,423,99,81,8,611,0,3,10,11,24,423,102,91,19,635,0,0,0,635
03/20/2022,BNA,TN,ASO,ES,Combined TRACON& Tower with Radar,481,101,89,3,674,0,10,24,7,41,481,111,113,10,715,0,0,0,715
03/21/2022,BNA,TN,ASO,ES,Combined TRACON& Tower with Radar,472,72,81,1,626,0,9,45,0,54,472,81,126,1,680,0,0,0,680
03/22/2022,BNA,TN,ASO,ES,Combined TRACON& Tower with Radar,444,62,60,0,566,0,0,13,2,15,444,62,73,2,581,0,0,0,581
03/23/2022,BNA,TN,ASO,ES,Combined TRACON& Tower with Radar,464,76,80,1,621,0,0,5,3,8,464,76,85,4,629,0,0,0,629
03/24/2022,BNA,TN,ASO,ES,Combined TRACON& Tower with Radar,497,82,112,8,699,0,0,25,10,35,497,82,137,18,734,0,0,0,734
03/25/2022,BNA,TN,ASO,ES,Combined TRACON& Tower with Radar,490,79,60,4,633,0,3,40,7,50,490,82,100,11,683,0,0,0,683
03/26/2022,BNA,TN,ASO,ES,Combined TRACON& Tower with Radar,421,66,45,3,535,0,6,10,2,18,421,72,55,5,553,0,0,0,553
03/27/2022,BNA,TN,ASO,ES,Combined TRACON& Tower with Radar,468,86,75,5,634,0,8,22,4,34,468,94,97,9,668,0,0,0,668
03/28/2022,BNA,TN,ASO,ES,Combined TRACON& Tower with Radar,486,62,93,2,643,0,5,53,14,72,486,67,146,16,715,0,0,0,715
03/29/2022,BNA,TN,ASO,ES,Combined TRACON& Tower with Radar,439,70,97,3,609,0,4,51,7,62,439,74,148,10,671,0,0,0,671
03/30/2022,BNA,TN,ASO,ES,Combined TRACON& Tower with Radar,447,70,82,6,605,0,6,2,1,9,447,76,84,7,614,0,0,0,614
03/31/2022,BNA,TN,ASO,ES,Combined TRACON& Tower with Radar,480,76,119,4,679,0,0,7,17,24,480,76,126,21,703,0,0,0,703
04/01/2022,BNA,TN,ASO,ES,Combined TRACON& Tower with Radar,485,90,84,6,665,0,7,49,4,60,485,97,133,10,725,0,0,0,725
04/02/2022,BNA,TN,ASO,ES,Combined TRACON& Tower with Radar,374,63,50,15,502,0,4,56,1,61,374,67,106,16,563,0,0,0,563
04/03/2022,BNA,TN,ASO,ES,Combined TRACON& Tower with Radar,425,100,78,18,621,0,7,23,2,32,425,107,101,20,653,0,0,0,653
04/04/2022,BNA,TN,ASO,ES,Combined TRACON& Tower with Radar,494,71,91,4,660,0,1,33,4,38,494,72,124,8,698,0,0,0,698
04/05/2022,BNA,TN,ASO,ES,Combined TRACON& Tower with Radar,476,73,98,10,657,0,0,8,3,11,476,73,106,13,668,0,0,0,668
04/06/2022,BNA,TN,ASO,ES,Combined TRACON& Tower with Radar,502,99,93,11,705,0,0,0,0,0,502,99,93,11,705,0,0,0,705
04/07/2022,BNA,TN,ASO,ES,Combined TRACON& Tower with Radar,506,90,117,4,717,0,6,33,19,58,506,96,150,23,775,3,0,3,778
04/08/2022,BNA,TN,ASO,ES,Combined TRACON& Tower with Radar,515,84,98,3,700,0,1,10,8,19,515,85,108,11,719,0,0,0,719
04/09/2022,BNA,TN,ASO,ES,Combined TRACON& Tower with Radar,403,59,39,4,505,0,6,19,5,30,403,65,58,9,535,0,0,0,535
04/10/2022,BNA,TN,ASO,ES,Combined TRACON& Tower with Radar,486,76,88,2,652,0,0,17,2,19,486,76,105,4,671,0,0,0,671
04/11/2022,BNA,TN,ASO,ES,Combined TRACON& Tower with Radar,504,80,83,1,668,0,0,7,0,7,504,80,90,1,675,0,0,0,675
04/12/2022,BNA,TN,ASO,ES,Combined TRACON& Tower with Radar,476,57,70,1,604,1,1,11,4,17,477,58,81,5,621,0,0,0,621
04/13/2022,BNA,TN,ASO,ES,Combined TRACON& Tower with Radar,489,64,80,1,634,0,0,4,3,7,489,64,84,4,641,0,0,0,641
04/14/2022,BNA,TN,ASO,ES,Combined TRACON& Tower with Radar,551,85,126,0,762,0,0,65,13,78,551,85,191,13,840,0,0,0,840
04/15/2022,BNA,TN,ASO,ES,Combined TRACON& Tower with Radar,510,68,55,15,648,0,3,53,0,56,510,71,108,15,704,0,0,0,704
04/16/2022,BNA,TN,ASO,ES,Combined TRACON& Tower with Radar,411,56,54,0,521,0,0,25,0,25,411,56,79,0,546,0,0,0,546
04/17/2022,BNA,TN,ASO,ES,Combined TRACON& Tower with Radar,480,64,52,0,596,0,3,3,0,6,480,67,55,0,602,0,0,0,602
04/18/2022,BNA,TN,ASO,ES,Combined TRACON& Tower with Radar,514,81,82,2,679,0,0,11,0,11,514,81,93,2,690,0,0,0,690
04/19/2022,BNA,TN,ASO,ES,Combined TRACON& Tower with Radar,494,78,84,8,664,0,4,61,15,80,494,82,145,23,744,0,0,0,744
04/20/2022,BNA,TN,ASO,ES,Combined TRACON& Tower with Radar,494,85,81,1,661,0,5,35,8,48,494,90,116,9,709,0,0,0,709
04/21/2022,BNA,TN,ASO,ES,Combined TRACON& Tower with Radar,534,87,99,5,725,0,2,30,18,50,534,89,129,23,775,0,0,0,775
04/22/2022,BNA,TN,ASO,ES,Combined TRACON& Tower with Radar,533,90,92,7,722,0,0,57,16,73,533,90,149,23,795,0,0,0,795
04/23/2022,BNA,TN,ASO,ES,Combined TRACON& Tower with Radar,419,75,50,4,548,0,1,49,4,54,419,76,99,8,602,0,0,0,602
04/24/2022,BNA,TN,ASO,ES,Combined TRACON& Tower with Radar,487,103,106,3,699,0,2,7,3,12,487,105,113,6,711,0,0,0,711
04/25/2022,BNA,TN,ASO,ES,Combined TRACON& Tower with Radar,507,87,81,0,675,0,0,4,2,6,507,87,85,2,681,0,0,0,681
04/26/2022,BNA,TN,ASO,ES,Combined TRACON& Tower with Radar,497,91,83,9,680,0,2,44,6,52,497,93,127,15,732,0,0,0,732
04/27/2022,BNA,TN,ASO,ES,Combined TRACON& Tower with Radar,503,102,123,5,733,0,5,53,13,71,503,107,176,18,804,0,0,0,804
04/28/2022,BNA,TN,ASO,ES,Combined TRACON& Tower with Radar,537,110,117,5,769,0,3,42,17,62,537,113,159,22,831,0,0,0,831
04/29/2022,BNA,TN,ASO,ES,Combined TRACON& Tower with Radar,528,116,92,2,738,0,5,46,0,51,528,121,138,2,789,0,0,0,789
04/30/2022,BNA,TN,ASO,ES,Combined TRACON& Tower with Radar,425,77,78,0,580,0,0,44,0,44,425,77,122,0,624,0,0,0,624
05/01/2022,BNA,TN,ASO,ES,Combined TRACON& Tower with Radar,493,105,82,2,682,0,2,9,0,11,493,107,91,2,693,0,0,0,693
05/02/2022,BNA,TN,ASO,ES,Combined TRACON& Tower with Radar,514,67,65,4,650,0,4,39,2,45,514,71,104,6,695,0,0,0,695
05/03/2022,BNA,TN,ASO,ES,Combined TRACON& Tower with Radar,507,80,100,3,690,0,2,5,0,7,507,82,105,3,697,0,0,0,697
05/04/2022,BNA,TN,ASO,ES,Combined TRACON& Tower with Radar,493,90,131,1,715,0,2,53,6,61,493,92,184,7,776,0,0,0,776
05/05/2022,BNA,TN,ASO,ES,Combined TRACON& Tower with Radar,525,107,105,2,739,0,2,37,8,47,525,109,142,10,786,0,0,0,786
05/06/2022,BNA,TN,ASO,ES,Combined TRACON& Tower with Radar,550,96,78,2,726,0,0,4,2,6,550,96,82,4,732,0,0,0,732
05/07/2022,BNA,TN,ASO,ES,Combined TRACON& Tower with Radar,441,71,78,6,596,0,0,3,2,5,441,71,81,8,601,0,0,0,601
05/08/2022,BNA,TN,ASO,ES,Combined TRACON& Tower with Radar,506,97,96,0,699,0,2,12,4,18,506,99,108,4,717,0,0,0,717
05/09/2022,BNA,TN,ASO,ES,Combined TRACON& Tower with Radar,546,87,99,3,735,0,4,47,0,51,546,91,146,3,786,0,0,0,786
05/10/2022,BNA,TN,ASO,ES,Combined TRACON& Tower with Radar,499,78,98,3,678,0,5,41,2,48,499,83,139,5,726,0,0,0,726
05/11/2022,BNA,TN,ASO,ES,Combined TRACON& Tower with Radar,513,85,130,4,732,0,3,42,12,57,513,88,172,16,789,0,0,0,789
05/12/2022,BNA,TN,ASO,ES,Combined TRACON& Tower with Radar,537,105,126,6,774,0,0,41,9,50,537,105,167,15,824,0,0,0,824
05/13/2022,BNA,TN,ASO,ES,Combined TRACON& Tower with Radar,548,88,74,7,717,0,4,36,3,43,548,92,110,10,760,0,0,0,760
05/14/2022,BNA,TN,ASO,ES,Combined TRACON& Tower with Radar,453,63,60,3,579,0,0,34,2,36,453,63,94,5,615,0,0,0,615
05/15/2022,BNA,TN,ASO,ES,Combined TRACON& Tower with Radar,520,87,77,3,687,0,0,14,0,14,520,87,91,3,701,0,0,0,701
05/16/2022,BNA,TN,ASO,ES,Combined TRACON& Tower with Radar,531,72,88,1,692,0,9,31,0,40,531,81,119,1,732,0,0,0,732
05/17/2022,BNA,TN,ASO,ES,Combined TRACON& Tower with Radar,509,81,77,0,667,0,7,44,8,59,509,88,121,8,726,0,0,0,726
05/18/2022,BNA,TN,ASO,ES,Combined TRACON& Tower with Radar,517,64,104,0,685,0,8,52,4,64,517,72,156,4,749,0,0,0,749
05/19/2022,BNA,TN,ASO,ES,Combined TRACON& Tower with Radar,544,88,87,0,719,0,5,60,10,75,544,93,147,10,794,0,0,0,794
05/20/2022,BNA,TN,ASO,ES,Combined TRACON& Tower with Radar,530,84,81,11,706,0,7,28,21,56,530,91,109,32,762,0,0,0,762
05/21/2022,BNA,TN,ASO,ES,Combined TRACON& Tower with Radar,449,50,51,1,551,0,5,57,4,66,449,55,108,5,617,0,0,0,617
05/22/2022,BNA,TN,ASO,ES,Combined TRACON& Tower with Radar,507,94,75,4,680,0,0,7,3,10,507,94,82,7,690,0,0,0,690
05/23/2022,BNA,TN,ASO,ES,Combined TRACON& Tower with Radar,530,70,90,4,694,0,0,3,0,3,530,70,93,4,697,0,0,0,697
05/24/2022,BNA,TN,ASO,ES,Combined TRACON& Tower with Radar,511,80,99,0,690,0,0,4,3,7,511,80,103,3,697,0,0,0,697
05/25/2022,BNA,TN,ASO,ES,Combined TRACON& Tower with Radar,508,96,76,0,680,0,0,16,8,24,508,96,92,8,704,0,0,0,704
05/26/2022,BNA,TN,ASO,ES,Combined TRACON& Tower with Radar,543,99,112,0,754,0,0,7,7,14,543,99,119,7,768,0,0,0,768
05/27/2022,BNA,TN,ASO,ES,Combined TRACON& Tower with Radar,524,99,96,0,719,0,2,29,0,31,524,101,125,0,750,0,0,0,750
05/28/2022,BNA,TN,ASO,ES,Combined TRACON& Tower with Radar,437,59,55,0,551,0,0,32,2,34,437,59,87,2,585,0,0,0,585
05/29/2022,BNA,TN,ASO,ES,Combined TRACON& Tower with Radar,497,53,61,0,611,0,2,10,0,12,497,55,71,0,623,0,0,0,623
05/30/2022,BNA,TN,ASO,ES,Combined TRACON& Tower with Radar,526,58,60,0,644,0,5,34,0,39,526,63,94,0,683,0,0,0,683
05/31/2022,BNA,TN,ASO,ES,Combined TRACON& Tower with Radar,501,61,71,2,635,0,6,61,0,67,501,67,132,2,702,0,0,0,702
06/01/2022,BNA,TN,ASO,ES,Combined TRACON& Tower with Radar,505,77,65,2,649,0,4,75,2,81,505,81,140,4,730,0,0,0,730
06/02/2022,BNA,TN,ASO,ES,Combined TRACON& Tower with Radar,527,83,97,2,709,0,1,32,21,54,527,84,129,23,763,0,0,0,763
06/03/2022,BNA,TN,ASO,ES,Combined TRACON& Tower with Radar,532,77,83,7,699,0,4,45,14,63,532,81,128,21,762,0,0,0,762
06/04/2022,BNA,TN,ASO,ES,Combined TRACON& Tower with Radar,447,56,34,3,540,0,2,64,22,88,447,58,98,25,628,0,0,0,628
06/05/2022,BNA,TN,ASO,ES,Combined TRACON& Tower with Radar,517,88,70,5,680,0,2,21,0,23,517,90,91,5,703,0,0,0,703
06/06/2022,BNA,TN,ASO,ES,Combined TRACON& Tower with Radar,536,58,58,1,653,0,0,30,7,37,536,58,88,8,690,0,0,0,690
06/07/2022,BNA,TN,ASO,ES,Combined TRACON& Tower with Radar,530,58,84,0,672,0,0,16,7,23,530,58,100,7,695,0,0,0,695
06/08/2022,BNA,TN,ASO,ES,Combined TRACON& Tower with Radar,527,69,85,0,681,0,2,30,2,34,527,71,115,2,715,0,0,0,715
06/09/2022,BNA,TN,ASO,ES,Combined TRACON& Tower with Radar,541,86,115,1,743,0,7,63,12,82,541,93,178,13,825,0,0,0,825
06/10/2022,BNA,TN,ASO,ES,Combined TRACON& Tower with Radar,542,83,56,4,685,0,7,38,6,51,542,90,94,10,736,0,0,0,736
06/11/2022,BNA,TN,ASO,ES,Combined TRACON& Tower with Radar,461,64,49,2,576,0,9,41,5,55,461,73,90,7,631,0,0,0,631
06/12/2022,BNA,TN,ASO,ES,Combined TRACON& Tower with Radar,518,79,66,7,670,0,6,18,0,24,518,85,84,7,694,0,0,0,694
06/13/2022,BNA,TN,ASO,ES,Combined TRACON& Tower with Radar,521,73,90,1,685,0,2,47,1,50,521,75,137,2,735,0,0,0,735
06/14/2022,BNA,TN,ASO,ES,Combined TRACON& Tower with Radar,523,64,80,3,670,0,4,45,4,53,523,68,125,7,723,0,0,0,723
06/15/2022,BNA,TN,ASO,ES,Combined TRACON& Tower with Radar,540,89,91,4,724,0,5,57,5,67,540,94,148,9,791,0,0,0,791
06/16/2022,BNA,TN,ASO,ES,Combined TRACON& Tower with Radar,535,75,64,4,678,0,12,42,23,77,535,87,106,27,755,0,0,0,755
06/17/2022,BNA,TN,ASO,ES,Combined TRACON& Tower with Radar,515,76,69,1,661,0,4,27,6,37,515,80,96,7,698,0,0,0,698
06/18/2022,BNA,TN,ASO,ES,Combined TRACON& Tower with Radar,453,74,39,3,569,0,0,51,8,59,453,74,90,11,628,0,0,0,628
06/19/2022,BNA,TN,ASO,ES,Combined TRACON& Tower with Radar,512,78,47,1,638,0,1,8,3,12,512,79,55,4,650,0,0,0,650
06/20/2022,BNA,TN,ASO,ES,Combined TRACON& Tower with Radar,539,67,51,1,658,0,4,35,2,41,539,71,86,3,699,0,0,0,699
06/21/2022,BNA,TN,ASO,ES,Combined TRACON& Tower with Radar,523,66,77,2,668,0,8,43,4,55,523,74,120,6,723,0,0,0,723
06/22/2022,BNA,TN,ASO,ES,Combined TRACON& Tower with Radar,499,73,72,2,646,0,5,46,12,63,499,78,118,14,709,0,0,0,709
06/23/2022,BNA,TN,ASO,ES,Combined TRACON& Tower with Radar,549,92,93,1,735,0,1,40,14,55,549,93,133,15,790,0,0,0,790
06/24/2022,BNA,TN,ASO,ES,Combined TRACON& Tower with Radar,527,100,88,4,719,0,6,40,0,46,527,106,128,4,765,0,0,0,765
06/25/2022,BNA,TN,ASO,ES,Combined TRACON& Tower with Radar,456,55,34,2,547,0,5,40,1,46,456,60,74,3,593,0,0,0,593
06/26/2022,BNA,TN,ASO,ES,Combined TRACON& Tower with Radar,516,87,54,4,661,0,4,5,2,11,516,91,59,6,672,0,0,0,672
06/27/2022,BNA,TN,ASO,ES,Combined TRACON& Tower with Radar,518,63,71,6,658,0,3,30,1,34,518,66,101,7,692,0,0,0,692
06/28/2022,BNA,TN,ASO,ES,Combined TRACON& Tower with Radar,507,54,67,0,628,0,4,63,2,69,507,58,130,2,697,0,0,0,697
06/29/2022,BNA,TN,ASO,ES,Combined TRACON& Tower with Radar,516,73,58,7,654,0,5,43,1,49,516,78,101,8,703,0,0,0,703
06/30/2022,BNA,TN,ASO,ES,Combined TRACON& Tower with Radar,549,70,80,2,701,0,1,23,13,37,549,71,103,15,738,0,0,0,738
07/01/2022,BNA,TN,ASO,ES,Combined TRACON& Tower with Radar,540,78,63,1,682,0,3,43,0,46,540,81,106,1,728,0,0,0,728
07/02/2022,BNA,TN,ASO,ES,Combined TRACON& Tower with Radar,456,67,51,1,575,0,0,19,2,21,456,67,70,3,596,0,0,0,596
07/03/2022,BNA,TN,ASO,ES,Combined TRACON& Tower with Radar,511,53,34,0,598,0,0,6,0,6,511,53,40,0,604,0,0,0,604
07/04/2022,BNA,TN,ASO,ES,Combined TRACON& Tower with Radar,524,47,18,0,589,0,0,19,0,19,524,47,37,0,608,0,0,0,608
07/05/2022,BNA,TN,ASO,ES,Combined TRACON& Tower with Radar,520,66,54,0,640,0,1,26,3,30,520,67,80,3,670,0,0,0,670
07/06/2022,BNA,TN,ASO,ES,Combined TRACON& Tower with Radar,526,83,48,2,659,0,0,33,4,37,526,83,81,6,696,0,0,0,696
07/07/2022,BNA,TN,ASO,ES,Combined TRACON& Tower with Radar,546,82,56,0,684,0,0,26,8,34,546,82,82,8,718,0,0,0,718
07/08/2022,BNA,TN,ASO,ES,Combined TRACON& Tower with Radar,553,74,58,11,696,0,1,25,7,33,553,75,83,18,729,0,0,0,729
07/09/2022,BNA,TN,ASO,ES,Combined TRACON& Tower with Radar,471,64,34,2,571,0,0,8,2,10,471,64,42,4,581,0,0,0,581
07/10/2022,BNA,TN,ASO,ES,Combined TRACON& Tower with Radar,537,96,81,8,722,0,2,7,0,9,537,98,88,8,731,0,0,0,731
07/11/2022,BNA,TN,ASO,ES,Combined TRACON& Tower with Radar,548,65,43,4,660,0,2,34,1,37,548,67,77,5,697,0,0,0,697
07/12/2022,BNA,TN,ASO,ES,Combined TRACON& Tower with Radar,515,74,68,0,657,0,0,24,5,29,515,74,92,5,686,0,0,0,686
07/13/2022,BNA,TN,ASO,ES,Combined TRACON& Tower with Radar,538,54,62,1,655,0,2,42,4,48,538,56,104,5,703,0,0,0,703
07/14/2022,BNA,TN,ASO,ES,Combined TRACON& Tower with Radar,558,73,77,5,713,0,1,45,23,69,558,74,122,28,782,0,0,0,782
07/15/2022,BNA,TN,ASO,ES,Combined TRACON& Tower with Radar,549,67,86,4,706,0,4,54,9,67,549,71,140,13,773,0,0,0,773
07/16/2022,BNA,TN,ASO,ES,Combined TRACON& Tower with Radar,480,44,37,3,564,0,1,42,2,45,480,45,79,5,609,0,0,0,609
07/17/2022,BNA,TN,ASO,ES,Combined TRACON& Tower with Radar,541,90,57,4,692,0,0,14,3,17,541,90,71,7,709,0,0,0,709
07/18/2022,BNA,TN,ASO,ES,Combined TRACON& Tower with Radar,530,72,56,2,660,0,2,3,1,6,530,74,59,3,666,0,0,0,666
07/19/2022,BNA,TN,ASO,ES,Combined TRACON& Tower with Radar,525,88,62,0,675,0,0,35,6,41,525,88,97,6,716,0,0,0,716
07/20/2022,BNA,TN,ASO,ES,Combined TRACON& Tower with Radar,533,63,54,5,655,0,2,78,5,85,533,65,132,10,740,0,0,0,740
07/21/2022,BNA,TN,ASO,ES,Combined TRACON& Tower with Radar,547,88,61,1,697,0,2,45,15,62,547,90,106,16,759,0,0,0,759
07/22/2022,BNA,TN,ASO,ES,Combined TRACON& Tower with Radar,561,89,79,2,731,0,0,48,3,51,561,89,127,5,782,0,0,0,782
07/23/2022,BNA,TN,ASO,ES,Combined TRACON& Tower with Radar,478,63,45,7,593,0,1,38,3,42,478,64,83,10,635,0,0,0,635
07/24/2022,BNA,TN,ASO,ES,Combined TRACON& Tower with Radar,531,93,55,9,688,0,0,24,1,25,531,93,79,10,713,0,0,0,713
07/25/2022,BNA,TN,ASO,ES,Combined TRACON& Tower with Radar,512,68,57,2,639,0,0,6,7,13,512,68,63,9,652,0,0,0,652
07/26/2022,BNA,TN,ASO,ES,Combined TRACON& Tower with Radar,520,57,60,3,640,0,0,46,1,47,520,57,106,4,687,0,0,0,687
07/27/2022,BNA,TN,ASO,ES,Combined TRACON& Tower with Radar,525,68,65,0,658,0,3,42,17,62,525,71,107,17,720,0,0,0,720
07/28/2022,BNA,TN,ASO,ES,Combined TRACON& Tower with Radar,557,72,72,1,702,0,0,26,3,29,557,72,98,4,731,0,0,0,731
07/29/2022,BNA,TN,ASO,ES,Combined TRACON& Tower with Radar,554,80,77,1,712,0,0,0,2,2,554,80,77,3,714,0,0,0,714
07/30/2022,BNA,TN,ASO,ES,Combined TRACON& Tower with Radar,472,71,50,0,593,0,0,39,2,41,472,71,89,2,634,0,0,0,634
07/31/2022,BNA,TN,ASO,ES,Combined TRACON& Tower with Radar,528,84,67,2,681,0,0,4,0,4,528,84,71,2,685,0,0,0,685
08/01/2022,BNA,TN,ASO,ES,Combined TRACON& Tower with Radar,554,77,60,4,695,0,0,30,5,35,554,77,90,9,730,0,0,0,730
08/02/2022,BNA,TN,ASO,ES,Combined TRACON& Tower with Radar,527,65,62,8,662,0,2,49,7,58,527,67,111,15,720,0,0,0,720
08/03/2022,BNA,TN,ASO,ES,Combined TRACON& Tower with Radar,518,82,75,3,678,0,9,37,8,54,518,91,112,11,732,0,0,0,732
08/04/2022,BNA,TN,ASO,ES,Combined TRACON& Tower with Radar,524,78,94,5,701,0,1,35,5,41,524,79,129,10,742,0,0,0,742
08/05/2022,BNA,TN,ASO,ES,Combined TRACON& Tower with Radar,518,77,88,0,683,0,1,18,3,22,518,78,106,3,705,0,0,0,705
08/06/2022,BNA,TN,ASO,ES,Combined TRACON& Tower with Radar,481,64,45,1,591,0,0,32,0,32,481,64,77,1,623,0,0,0,623
08/07/2022,BNA,TN,ASO,ES,Combined TRACON& Tower with Radar,531,92,82,0,705,0,2,5,4,11,531,94,87,4,716,0,0,0,716
08/08/2022,BNA,TN,ASO,ES,Combined TRACON& Tower with Radar,528,60,60,2,650,0,10,28,2,40,528,70,88,4,690,0,0,0,690
08/09/2022,BNA,TN,ASO,ES,Combined TRACON& Tower with Radar,526,61,53,0,640,0,0,22,4,26,526,61,75,4,666,0,0,0,666
08/10/2022,BNA,TN,ASO,ES,Combined TRACON& Tower with Radar,529,52,71,4,656,0,0,21,2,23,529,52,92,6,679,0,0,0,679
08/11/2022,BNA,TN,ASO,ES,Combined TRACON& Tower with Radar,563,81,89,0,733,0,0,21,10,31,563,81,110,10,764,0,0,0,764
08/12/2022,BNA,TN,ASO,ES,Combined TRACON& Tower with Radar,546,82,72,2,702,0,1,68,7,76,546,83,140,9,778,0,0,0,778
08/13/2022,BNA,TN,ASO,ES,Combined TRACON& Tower with Radar,478,50,34,2,564,1,1,48,0,50,479,51,82,2,614,0,0,0,614
08/14/2022,BNA,TN,ASO,ES,Combined TRACON& Tower with Radar,538,86,69,3,696,0,2,8,2,12,538,88,77,5,708,0,0,0,708
08/15/2022,BNA,TN,ASO,ES,Combined TRACON& Tower with Radar,547,68,51,8,674,0,0,37,1,38,547,68,88,9,712,0,0,0,712
08/16/2022,BNA,TN,ASO,ES,Combined TRACON& Tower with Radar,528,66,72,2,668,0,0,13,4,17,528,66,85,6,685,0,0,0,685
08/17/2022,BNA,TN,ASO,ES,Combined TRACON& Tower with Radar,525,76,76,5,682,0,0,24,5,29,525,76,100,10,711,0,0,0,711
08/18/2022,BNA,TN,ASO,ES,Combined TRACON& Tower with Radar,562,88,92,5,747,0,6,43,16,65,562,94,135,21,812,0,0,0,812
08/19/2022,BNA,TN,ASO,ES,Combined TRACON& Tower with Radar,568,80,50,1,699,0,2,18,10,30,568,82,68,11,729,0,0,0,729
08/20/2022,BNA,TN,ASO,ES,Combined TRACON& Tower with Radar,470,52,38,1,561,0,0,10,2,12,470,52,48,3,573,0,0,0,573
08/21/2022,BNA,TN,ASO,ES,Combined TRACON& Tower with Radar,521,90,67,2,680,0,1,9,2,12,521,91,76,4,692,0,0,0,692
08/22/2022,BNA,TN,ASO,ES,Combined TRACON& Tower with Radar,520,65,68,0,653,0,0,42,1,43,520,65,110,1,696,0,0,0,696
08/23/2022,BNA,TN,ASO,ES,Combined TRACON& Tower with Radar,530,69,73,2,674,0,3,43,2,48,530,72,116,4,722,0,0,0,722
08/24/2022,BNA,TN,ASO,ES,Combined TRACON& Tower with Radar,535,85,97,6,723,0,12,32,4,48,535,97,129,10,771,0,0,0,771
08/25/2022,BNA,TN,ASO,ES,Combined TRACON& Tower with Radar,564,89,102,5,760,0,1,17,7,25,564,90,119,12,785,0,0,0,785
08/26/2022,BNA,TN,ASO,ES,Combined TRACON& Tower with Radar,559,66,59,1,685,0,2,36,2,40,559,68,95,3,725,0,0,0,725
08/27/2022,BNA,TN,ASO,ES,Combined TRACON& Tower with Radar,474,64,21,2,561,0,6,48,0,54,474,70,69,2,615,0,0,0,615
08/28/2022,BNA,TN,ASO,ES,Combined TRACON& Tower with Radar,545,78,63,2,688,0,0,14,4,18,545,78,77,6,706,0,0,0,706
08/29/2022,BNA,TN,ASO,ES,Combined TRACON& Tower with Radar,543,60,53,3,659,0,3,16,3,22,543,63,69,6,681,0,0,0,681
08/30/2022,BNA,TN,ASO,ES,Combined TRACON& Tower with Radar,505,78,91,2,676,0,0,14,1,15,505,78,105,3,691,0,0,0,691
08/31/2022,BNA,TN,ASO,ES,Combined TRACON& Tower with Radar,532,84,96,1,713,0,2,56,5,63,532,86,152,6,776,0,0,0,776
09/01/2022,BNA,TN,ASO,ES,Combined TRACON& Tower with Radar,572,108,90,7,777,2,3,48,3,56,574,111,138,10,833,0,0,0,833
09/02/2022,BNA,TN,ASO,ES,Combined TRACON& Tower with Radar,572,71,78,2,723,0,0,24,0,24,572,71,102,2,747,0,0,0,747
09/03/2022,BNA,TN,ASO,ES,Combined TRACON& Tower with Radar,462,34,29,0,525,0,0,14,0,14,462,34,43,0,539,0,0,0,539
09/04/2022,BNA,TN,ASO,ES,Combined TRACON& Tower with Radar,512,57,27,2,598,0,0,5,0,5,512,57,32,2,603,0,0,0,603
09/05/2022,BNA,TN,ASO,ES,Combined TRACON& Tower with Radar,540,80,59,0,679,0,0,2,0,2,540,80,61,0,681,0,0,0,681
09/06/2022,BNA,TN,ASO,ES,Combined TRACON& Tower with Radar,521,54,58,2,635,0,0,12,4,16,521,54,70,6,651,0,0,0,651
09/07/2022,BNA,TN,ASO,ES,Combined TRACON& Tower with Radar,536,81,83,3,703,0,2,28,4,34,536,83,111,7,737,0,0,0,737
09/08/2022,BNA,TN,ASO,ES,Combined TRACON& Tower with Radar,581,105,96,0,782,0,5,38,5,48,581,110,134,5,830,0,0,0,830
09/09/2022,BNA,TN,ASO,ES,Combined TRACON& Tower with Radar,586,111,100,2,799,0,0,46,2,48,586,111,146,4,847,0,0,0,847
09/10/2022,BNA,TN,ASO,ES,Combined TRACON& Tower with Radar,469,59,53,3,584,0,0,10,2,12,469,59,63,5,596,0,0,0,596
09/11/2022,BNA,TN,ASO,ES,Combined TRACON& Tower with Radar,591,111,89,2,793,0,0,1,1,2,591,111,90,3,795,0,0,0,795
09/12/2022,BNA,TN,ASO,ES,Combined TRACON& Tower with Radar,561,80,52,2,695,0,2,26,0,28,561,82,78,2,723,0,0,0,723
09/13/2022,BNA,TN,ASO,ES,Combined TRACON& Tower with Radar,525,75,78,3,681,0,2,56,4,62,525,77,134,7,743,0,0,0,743
09/14/2022,BNA,TN,ASO,ES,Combined TRACON& Tower with Radar,532,100,78,2,712,0,5,59,4,68,532,105,137,6,780,0,0,0,780
09/15/2022,BNA,TN,ASO,ES,Combined TRACON& Tower with Radar,586,111,77,0,774,0,3,38,10,51,586,114,115,10,825,0,0,0,825
09/16/2022,BNA,TN,ASO,ES,Combined TRACON& Tower with Radar,576,122,100,2,800,0,0,27,4,31,576,122,127,6,831,0,0,0,831
09/17/2022,BNA,TN,ASO,ES,Combined TRACON& Tower with Radar,458,82,46,2,588,0,4,42,0,46,458,86,88,2,634,0,0,0,634
09/18/2022,BNA,TN,ASO,ES,Combined TRACON& Tower with Radar,585,114,101,1,801,0,7,13,3,23,585,121,114,4,824,0,0,0,824
09/19/2022,BNA,TN,ASO,ES,Combined TRACON& Tower with Radar,556,69,71,0,696,0,4,28,2,34,556,73,99,2,730,0,0,0,730
09/20/2022,BNA,TN,ASO,ES,Combined TRACON& Tower with Radar,525,62,86,6,679,0,0,35,0,35,525,62,121,6,714,0,0,0,714
09/21/2022,BNA,TN,ASO,ES,Combined TRACON& Tower with Radar,534,126,96,5,761,0,0,40,1,41,534,126,136,6,802,0,0,0,802
09/22/2022,BNA,TN,ASO,ES,Combined TRACON& Tower with Radar,571,100,119,1,791,0,0,33,8,41,571,100,152,9,832,0,0,0,832
09/23/2022,BNA,TN,ASO,ES,Combined TRACON& Tower with Radar,576,84,86,2,748,0,1,45,5,51,576,85,131,7,799,0,0,0,799
09/24/2022,BNA,TN,ASO,ES,Combined TRACON& Tower with Radar,466,74,68,6,614,0,1,28,5,34,466,75,96,11,648,0,0,0,648
09/25/2022,BNA,TN,ASO,ES,Combined TRACON& Tower with Radar,579,114,81,1,775,0,2,7,4,13,579,116,88,5,788,0,0,0,788
09/26/2022,BNA,TN,ASO,ES,Combined TRACON& Tower with Radar,563,72,64,3,702,0,4,22,3,29,563,76,86,6,731,0,0,0,731
09/27/2022,BNA,TN,ASO,ES,Combined TRACON& Tower with Radar,535,73,70,11,689,0,2,24,3,29,535,75,94,14,718,0,0,0,718
09/28/2022,BNA,TN,ASO,ES,Combined TRACON& Tower with Radar,488,76,83,4,651,0,2,45,5,52,488,78,128,9,703,0,0,0,703
09/29/2022,BNA,TN,ASO,ES,Combined TRACON& Tower with Radar,536,91,108,6,741,1,1,29,9,40,537,92,137,15,781,0,0,0,781
09/30/2022,BNA,TN,ASO,ES,Combined TRACON& Tower with Radar,530,83,65,6,684,0,0,33,9,42,530,83,98,15,726,0,0,0,726
10/01/2022,BNA,TN,ASO,ES,Combined TRACON& Tower with Radar,463,62,49,0,574,0,0,39,1,40,463,62,88,1,614,0,0,0,614
10/02/2022,BNA,TN,ASO,ES,Combined TRACON& Tower with Radar,576,94,76,0,746,0,1,9,0,10,576,95,85,0,756,0,0,0,756
10/03/2022,BNA,TN,ASO,ES,Combined TRACON& Tower with Radar,558,80,84,0,722,0,0,33,1,34,558,80,117,1,756,0,0,0,756
10/04/2022,BNA,TN,ASO,ES,Combined TRACON& Tower with Radar,518,83,71,3,675,0,2,40,3,45,518,85,111,6,720,0,0,0,720
10/05/2022,BNA,TN,ASO,ES,Combined TRACON& Tower with Radar,528,82,83,4,697,0,6,45,4,55,528,88,128,8,752,0,0,0,752
10/06/2022,BNA,TN,ASO,ES,Combined TRACON& Tower with Radar,581,98,88,2,769,0,1,53,3,57,581,99,141,5,826,0,0,0,826
10/07/2022,BNA,TN,ASO,ES,Combined TRACON& Tower with Radar,592,113,84,2,791,0,1,48,2,51,592,114,132,4,842,0,0,0,842
10/08/2022,BNA,TN,ASO,ES,Combined TRACON& Tower with Radar,486,73,50,1,610,0,0,35,0,35,486,73,85,1,645,0,0,0,645
10/09/2022,BNA,TN,ASO,ES,Combined TRACON& Tower with Radar,595,130,94,0,819,0,0,13,0,13,595,130,107,0,832,0,0,0,832
10/10/2022,BNA,TN,ASO,ES,Combined TRACON& Tower with Radar,581,85,73,1,740,0,0,46,0,46,581,85,119,1,786,0,0,0,786
10/11/2022,BNA,TN,ASO,ES,Combined TRACON& Tower with Radar,552,68,77,0,697,0,0,40,4,44,552,68,117,4,741,0,0,0,741
10/12/2022,BNA,TN,ASO,ES,Combined TRACON& Tower with Radar,563,102,122,3,790,0,1,10,0,11,563,103,132,3,801,0,0,0,801
10/13/2022,BNA,TN,ASO,ES,Combined TRACON& Tower with Radar,591,102,98,7,798,0,4,20,18,42,591,106,118,25,840,0,0,0,840
10/14/2022,BNA,TN,ASO,ES,Combined TRACON& Tower with Radar,596,97,77,1,771,0,1,33,10,44,596,98,110,11,815,0,0,0,815
10/15/2022,BNA,TN,ASO,ES,Combined TRACON& Tower with Radar,492,77,49,1,619,0,3,32,19,54,492,80,81,20,673,0,0,0,673
10/16/2022,BNA,TN,ASO,ES,Combined TRACON& Tower with Radar,595,134,116,4,849,0,1,6,9,16,595,135,122,13,865,0,0,0,865
10/17/2022,BNA,TN,ASO,ES,Combined TRACON& Tower with Radar,579,82,97,2,760,0,5,15,0,20,579,87,112,2,780,0,0,0,780
10/18/2022,BNA,TN,ASO,ES,Combined TRACON& Tower with Radar,554,104,91,1,750,0,1,22,2,25,554,105,113,3,775,0,0,0,775
10/19/2022,BNA,TN,ASO,ES,Combined TRACON& Tower with Radar,565,89,98,2,754,0,0,43,10,53,565,89,141,12,807,0,0,0,807
10/20/2022,BNA,TN,ASO,ES,Combined TRACON& Tower with Radar,591,126,103,6,826,0,3,34,15,52,591,129,137,21,878,0,0,0,878
10/21/2022,BNA,TN,ASO,ES,Combined TRACON& Tower with Radar,596,103,96,0,795,0,1,35,0,36,596,104,131,0,831,0,0,0,831
10/22/2022,BNA,TN,ASO,ES,Combined TRACON& Tower with Radar,485,64,56,0,605,0,0,61,0,61,485,64,117,0,666,0,0,0,666
10/23/2022,BNA,TN,ASO,ES,Combined TRACON& Tower with Radar,588,117,108,0,813,0,4,15,0,19,588,121,123,0,832,0,0,0,832
10/24/2022,BNA,TN,ASO,ES,Combined TRACON& Tower with Radar,573,90,81,2,746,0,0,27,11,38,573,90,108,13,784,0,0,0,784
10/25/2022,BNA,TN,ASO,ES,Combined TRACON& Tower with Radar,527,72,76,0,675,0,0,7,3,10,527,72,83,3,685,0,0,0,685
10/26/2022,BNA,TN,ASO,ES,Combined TRACON& Tower with Radar,552,89,83,3,727,0,6,24,2,32,552,95,107,5,759,0,0,0,759
10/27/2022,BNA,TN,ASO,ES,Combined TRACON& Tower with Radar,598,108,68,3,777,0,2,36,11,49,598,110,104,14,826,0,0,0,826
10/28/2022,BNA,TN,ASO,ES,Combined TRACON& Tower with Radar,592,81,66,3,742,0,1,37,10,48,592,82,103,13,790,0,0,0,790
10/29/2022,BNA,TN,ASO,ES,Combined TRACON& Tower with Radar,479,62,38,1,580,0,5,42,5,52,479,67,80,6,632,0,0,0,632
10/30/2022,BNA,TN,ASO,ES,Combined TRACON& Tower with Radar,591,106,62,3,762,0,0,0,0,0,591,106,62,3,762,0,0,0,762
10/31/2022,BNA,TN,ASO,ES,Combined TRACON& Tower with Radar,556,64,41,1,662,0,0,3,0,3,556,64,44,1,665,0,0,0,665
11/01/2022,BNA,TN,ASO,ES,Combined TRACON& Tower with Radar,536,90,90,4,720,0,1,41,2,44,536,91,131,6,764,0,0,0,764
11/02/2022,BNA,TN,ASO,ES,Combined TRACON& Tower with Radar,556,70,81,0,707,0,1,37,2,40,556,71,118,2,747,0,0,0,747
11/03/2022,BNA,TN,ASO,ES,Combined TRACON& Tower with Radar,575,128,91,4,798,0,2,42,10,54,575,130,133,14,852,0,0,0,852
11/04/2022,BNA,TN,ASO,ES,Combined TRACON& Tower with Radar,558,89,108,3,758,0,4,25,8,37,558,93,133,11,795,0,0,0,795
11/05/2022,BNA,TN,ASO,ES,Combined TRACON& Tower with Radar,478,69,37,1,585,0,0,0,0,0,478,69,37,1,585,0,0,0,585
11/06/2022,BNA,TN,ASO,ES,Combined TRACON& Tower with Radar,534,109,103,6,752,0,0,3,2,5,534,109,106,8,757,0,0,0,757
11/07/2022,BNA,TN,ASO,ES,Combined TRACON& Tower with Radar,561,86,74,7,728,0,1,18,4,23,561,87,92,11,751,0,0,0,751
11/08/2022,BNA,TN,ASO,ES,Combined TRACON& Tower with Radar,526,125,124,6,781,0,0,44,2,46,526,125,168,8,827,0,0,0,827
11/09/2022,BNA,TN,ASO,ES,Combined TRACON& Tower with Radar,517,108,126,1,752,0,5,42,9,56,517,113,168,10,808,0,0,0,808
11/10/2022,BNA,TN,ASO,ES,Combined TRACON& Tower with Radar,545,118,148,3,814,0,1,40,16,57,545,119,188,19,871,0,0,0,871
11/11/2022,BNA,TN,ASO,ES,Combined TRACON& Tower with Radar,573,106,82,5,766,0,0,5,2,7,573,106,87,7,773,0,0,0,773
11/12/2022,BNA,TN,ASO,ES,Combined TRACON& Tower with Radar,500,81,33,0,614,0,0,0,0,0,500,81,33,0,614,0,0,0,614
11/13/2022,BNA,TN,ASO,ES,Combined TRACON& Tower with Radar,545,129,97,0,771,0,1,10,2,13,545,130,107,2,784,0,0,0,784
11/14/2022,BNA,TN,ASO,ES,Combined TRACON& Tower with Radar,558,99,93,1,751,0,0,34,0,34,558,99,127,1,785,0,0,0,785
11/15/2022,BNA,TN,ASO,ES,Combined TRACON& Tower with Radar,532,100,101,1,734,0,0,0,0,0,532,100,101,1,734,0,0,0,734
11/16/2022,BNA,TN,ASO,ES,Combined TRACON& Tower with Radar,533,92,110,3,738,0,1,31,12,44,533,93,141,15,782,0,0,0,782
11/17/2022,BNA,TN,ASO,ES,Combined TRACON& Tower with Radar,567,114,113,4,798,0,4,41,14,59,567,118,154,18,857,0,0,0,857
11/18/2022,BNA,TN,ASO,ES,Combined TRACON& Tower with Radar,574,120,92,7,793,0,0,50,8,58,574,120,142,15,851,0,0,0,851
11/19/2022,BNA,TN,ASO,ES,Combined TRACON& Tower with Radar,503,69,38,1,611,0,1,45,0,46,503,70,83,1,657,0,0,0,657
11/20/2022,BNA,TN,ASO,ES,Combined TRACON& Tower with Radar,553,95,52,5,705,0,2,8,1,11,553,97,60,6,716,0,0,0,716
11/21/2022,BNA,TN,ASO,ES,Combined TRACON& Tower with Radar,559,109,61,2,731,0,2,35,0,37,559,111,96,2,768,0,0,0,768
11/22/2022,BNA,TN,ASO,ES,Combined TRACON& Tower with Radar,583,115,88,0,786,0,0,35,0,35,583,115,123,0,821,0,0,0,821
11/23/2022,BNA,TN,ASO,ES,Combined TRACON& Tower with Radar,577,94,51,0,722,0,0,41,0,41,577,94,92,0,763,0,0,0,763
11/24/2022,BNA,TN,ASO,ES,Combined TRACON& Tower with Radar,376,37,14,1,428,0,0,4,0,4,376,37,18,1,432,0,0,0,432
11/25/2022,BNA,TN,ASO,ES,Combined TRACON& Tower with Radar,499,57,27,3,586,0,0,16,0,16,499,57,43,3,602,0,0,0,602
11/26/2022,BNA,TN,ASO,ES,Combined TRACON& Tower with Radar,529,85,53,0,667,0,0,30,0,30,529,85,83,0,697,0,0,0,697
11/27/2022,BNA,TN,ASO,ES,Combined TRACON& Tower with Radar,552,98,96,2,748,0,0,2,0,2,552,98,98,2,750,0,0,0,750
11/28/2022,BNA,TN,ASO,ES,Combined TRACON& Tower with Radar,583,72,56,0,711,0,0,9,0,9,583,72,65,0,720,0,0,0,720
11/29/2022,BNA,TN,ASO,ES,Combined TRACON& Tower with Radar,527,63,60,2,652,0,0,15,2,17,527,63,75,4,669,0,0,0,669
11/30/2022,BNA,TN,ASO,ES,Combined TRACON& Tower with Radar,528,57,75,0,660,1,1,28,4,34,529,58,103,4,694,0,0,0,694
12/01/2022,BNA,TN,ASO,ES,Combined TRACON& Tower with Radar,556,105,108,2,771,0,4,42,14,60,556,109,150,16,831,0,0,0,831
12/02/2022,BNA,TN,ASO,ES,Combined TRACON& Tower with Radar,540,77,93,8,718,0,0,16,0,16,540,77,109,8,734,0,0,0,734
12/03/2022,BNA,TN,ASO,ES,Combined TRACON& Tower with Radar,476,58,54,5,593,0,0,10,3,13,476,58,64,8,606,0,0,0,606
12/04/2022,BNA,TN,ASO,ES,Combined TRACON& Tower with Radar,547,97,62,0,706,0,3,5,2,10,547,100,67,2,716,0,0,0,716
12/05/2022,BNA,TN,ASO,ES,Combined TRACON& Tower with Radar,545,74,82,0,701,0,0,0,0,0,545,74,82,0,701,0,0,0,701
12/06/2022,BNA,TN,ASO,ES,Combined TRACON& Tower with Radar,525,76,75,0,676,0,0,0,0,0,525,76,75,0,676,0,0,0,676
12/07/2022,BNA,TN,ASO,ES,Combined TRACON& Tower with Radar,541,81,64,2,688,0,0,0,0,0,541,81,64,2,688,0,0,0,688
12/08/2022,BNA,TN,ASO,ES,Combined TRACON& Tower with Radar,570,89,86,2,747,0,0,0,0,0,570,89,86,2,747,0,0,0,747
12/09/2022,BNA,TN,ASO,ES,Combined TRACON& Tower with Radar,558,90,88,4,740,0,0,0,0,0,558,90,88,4,740,0,0,0,740
12/10/2022,BNA,TN,ASO,ES,Combined TRACON& Tower with Radar,473,60,38,2,573,0,0,1,0,1,473,60,39,2,574,0,0,0,574
12/11/2022,BNA,TN,ASO,ES,Combined TRACON& Tower with Radar,542,98,61,2,703,0,0,0,0,0,542,98,61,2,703,0,0,0,703
12/12/2022,BNA,TN,ASO,ES,Combined TRACON& Tower with Radar,547,84,48,5,684,0,2,27,0,29,547,86,75,5,713,0,0,0,713
12/13/2022,BNA,TN,ASO,ES,Combined TRACON& Tower with Radar,519,71,84,1,675,0,0,23,4,27,519,71,107,5,702,0,0,0,702
12/14/2022,BNA,TN,ASO,ES,Combined TRACON& Tower with Radar,528,82,66,1,677,0,0,0,0,0,528,82,66,1,677,0,0,0,677
12/15/2022,BNA,TN,ASO,ES,Combined TRACON& Tower with Radar,525,111,74,3,713,0,2,29,12,43,525,113,103,15,756,0,0,0,756
12/16/2022,BNA,TN,ASO,ES,Combined TRACON& Tower with Radar,560,96,93,12,761,0,0,36,3,39,560,96,129,15,800,0,0,0,800
12/17/2022,BNA,TN,ASO,ES,Combined TRACON& Tower with Radar,488,77,35,1,601,0,3,31,1,35,488,80,66,2,636,0,0,0,636
12/18/2022,BNA,TN,ASO,ES,Combined TRACON& Tower with Radar,511,89,51,2,653,0,0,13,0,13,511,89,64,2,666,0,0,0,666
12/19/2022,BNA,TN,ASO,ES,Combined TRACON& Tower with Radar,551,76,55,4,686,0,2,41,0,43,551,78,96,4,729,0,0,0,729
12/20/2022,BNA,TN,ASO,ES,Combined TRACON& Tower with Radar,526,70,43,7,646,0,2,55,2,59,526,72,98,9,705,0,0,0,705
12/21/2022,BNA,TN,ASO,ES,Combined TRACON& Tower with Radar,538,84,43,5,670,0,4,42,4,50,538,88,85,9,720,0,0,0,720
12/22/2022,BNA,TN,ASO,ES,Combined TRACON& Tower with Radar,468,66,61,0,595,0,0,0,0,0,468,66,61,0,595,0,0,0,595
12/23/2022,BNA,TN,ASO,ES,Combined TRACON& Tower with Radar,284,57,37,0,378,0,0,4,0,4,284,57,41,0,382,0,0,0,382
12/24/2022,BNA,TN,ASO,ES,Combined TRACON& Tower with Radar,304,42,16,0,362,0,1,5,0,6,304,43,21,0,368,0,0,0,368
12/25/2022,BNA,TN,ASO,ES,Combined TRACON& Tower with Radar,304,49,13,0,366,0,0,2,0,2,304,49,15,0,368,0,0,0,368
12/26/2022,BNA,TN,ASO,ES,Combined TRACON& Tower with Radar,324,103,79,0,506,0,0,0,0,0,324,103,79,0,506,0,0,0,506
12/27/2022,BNA,TN,ASO,ES,Combined TRACON& Tower with Radar,309,97,79,0,485,0,4,20,0,24,309,101,99,0,509,0,0,0,509
12/28/2022,BNA,TN,ASO,ES,Combined TRACON& Tower with Radar,339,103,49,0,491,0,1,25,2,28,339,104,74,2,519,0,0,0,519
12/29/2022,BNA,TN,ASO,ES,Combined TRACON& Tower with Radar,363,94,80,3,540,0,0,14,0,14,363,94,94,3,554,0,0,0,554
12/30/2022,BNA,TN,ASO,ES,Combined TRACON& Tower with Radar,529,106,71,1,707,0,0,8,1,9,529,106,79,2,716,0,0,0,716
12/31/2022,BNA,TN,ASO,ES,Combined TRACON& Tower with Radar,433,70,24,1,528,0,0,5,1,6,433,70,29,2,534,0,0,0,534
01/01/2023,BNA,TN,ASO,ES,Combined TRACON& Tower with Radar,482,86,51,1,620,0,0,6,0,6,482,86,57,1,626,0,0,0,626
01/02/2023,BNA,TN,ASO,ES,Combined TRACON& Tower with Radar,505,96,82,0,683,0,0,8,0,8,505,96,90,0,691,0,0,0,691
01/03/2023,BNA,TN,ASO,ES,Combined TRACON& Tower with Radar,528,59,22,0,609,0,2,2,0,4,528,61,24,0,613,0,0,0,613
01/04/2023,BNA,TN,ASO,ES,Combined TRACON& Tower with Radar,527,57,45,9,638,0,3,46,4,53,527,60,91,13,691,0,0,0,691
01/05/2023,BNA,TN,ASO,ES,Combined TRACON& Tower with Radar,531,70,43,0,644,0,4,25,14,43,531,74,68,14,687,0,0,0,687
01/06/2023,BNA,TN,ASO,ES,Combined TRACON& Tower with Radar,536,61,48,13,658,0,1,35,5,41,536,62,83,18,699,0,0,0,699
01/07/2023,BNA,TN,ASO,ES,Combined TRACON& Tower with Radar,440,64,33,1,538,0,2,4,0,6,440,66,37,1,544,0,0,0,544
01/08/2023,BNA,TN,ASO,ES,Combined TRACON& Tower with Radar,513,98,57,5,673,0,0,1,0,1,513,98,58,5,674,0,0,0,674
01/09/2023,BNA,TN,ASO,ES,Combined TRACON& Tower with Radar,542,63,37,3,645,0,1,36,0,37,542,64,73,3,682,0,0,0,682
01/10/2023,BNA,TN,ASO,ES,Combined TRACON& Tower with Radar,527,67,38,7,639,0,2,50,8,60,527,69,88,15,699,0,0,0,699
01/11/2023,BNA,TN,ASO,ES,Combined TRACON& Tower with Radar,495,68,60,7,630,0,0,5,3,8,495,68,65,10,638,0,0,0,638
01/12/2023,BNA,TN,ASO,ES,Combined TRACON& Tower with Radar,563,65,46,4,678,0,0,1,0,1,563,65,47,4,679,0,0,0,679
01/13/2023,BNA,TN,ASO,ES,Combined TRACON& Tower with Radar,551,75,67,0,693,0,0,1,0,1,551,75,68,0,694,0,0,0,694
01/14/2023,BNA,TN,ASO,ES,Combined TRACON& Tower with Radar,429,57,29,0,515,0,2,19,0,21,429,59,48,0,536,0,0,0,536
01/15/2023,BNA,TN,ASO,ES,Combined TRACON& Tower with Radar,496,77,51,0,624,0,0,12,0,12,496,77,63,0,636,0,0,0,636
01/16/2023,BNA,TN,ASO,ES,Combined TRACON& Tower with Radar,542,68,47,0,657,0,2,17,0,19,542,70,64,0,676,0,0,0,676
01/17/2023,BNA,TN,ASO,ES,Combined TRACON& Tower with Radar,538,80,59,5,682,0,0,15,2,17,538,80,74,7,699,0,0,0,699
01/18/2023,BNA,TN,ASO,ES,Combined TRACON& Tower with Radar,537,81,66,0,684,0,0,0,0,0,537,81,66,0,684,0,0,0,684
01/19/2023,BNA,TN,ASO,ES,Combined TRACON& Tower with Radar,568,83,85,2,738,0,2,24,10,36,568,85,109,12,774,0,0,0,774
01/20/2023,BNA,TN,ASO,ES,Combined TRACON& Tower with Radar,557,75,60,8,700,0,4,62,16,82,557,79,122,24,782,0,0,0,782
01/21/2023,BNA,TN,ASO,ES,Combined TRACON& Tower with Radar,448,64,45,2,559,0,6,38,9,53,448,70,83,11,612,0,0,0,612
01/22/2023,BNA,TN,ASO,ES,Combined TRACON& Tower with Radar,527,75,41,1,644,0,0,0,0,0,527,75,41,1,644,0,0,0,644
01/23/2023,BNA,TN,ASO,ES,Combined TRACON& Tower with Radar,540,82,64,1,687,0,0,30,5,35,540,82,94,6,722,0,0,0,722
01/24/2023,BNA,TN,ASO,ES,Combined TRACON& Tower with Radar,524,74,97,0,695,0,3,39,6,48,524,77,136,6,743,0,0,0,743
01/25/2023,BNA,TN,ASO,ES,Combined TRACON& Tower with Radar,523,63,63,1,650,0,0,3,0,3,523,63,66,1,653,0,0,0,653
01/26/2023,BNA,TN,ASO,ES,Combined TRACON& Tower with Radar,550,84,82,0,716,0,1,4,10,15,550,85,86,10,731,0,0,0,731
01/27/2023,BNA,TN,ASO,ES,Combined TRACON& Tower with Radar,555,77,66,4,702,0,0,27,5,32,555,77,93,9,734,0,0,0,734
01/28/2023,BNA,TN,ASO,ES,Combined TRACON& Tower with Radar,439,59,28,1,527,0,2,58,1,61,439,61,86,2,588,0,0,0,588
01/29/2023,BNA,TN,ASO,ES,Combined TRACON& Tower with Radar,524,69,50,3,646,0,0,0,0,0,524,69,50,3,646,0,0,0,646
01/30/2023,BNA,TN,ASO,ES,Combined TRACON& Tower with Radar,535,66,50,0,651,0,0,0,0,0,535,66,50,0,651,0,0,0,651
01/31/2023,BNA,TN,ASO,ES,Combined TRACON& Tower with Radar,389,61,61,0,511,0,0,0,0,0,389,61,61,0,511,0,0,0,511
02/01/2023,BNA,TN,ASO,ES,Combined TRACON& Tower with Radar,445,68,58,1,572,0,0,0,0,0,445,68,58,1,572,0,0,0,572
02/02/2023,BNA,TN,ASO,ES,Combined TRACON& Tower with Radar,541,94,64,4,703,0,2,0,0,2,541,96,64,4,705,0,0,0,705
02/03/2023,BNA,TN,ASO,ES,Combined TRACON& Tower with Radar,542,74,73,2,691,0,3,39,0,42,542,77,112,2,733,0,0,0,733
02/04/2023,BNA,TN,ASO,ES,Combined TRACON& Tower with Radar,441,67,37,2,547,0,3,37,4,44,441,70,74,6,591,0,0,0,591
02/05/2023,BNA,TN,ASO,ES,Combined TRACON& Tower with Radar,510,89,73,5,677,0,1,12,4,17,510,90,85,9,694,0,0,0,694
02/06/2023,BNA,TN,ASO,ES,Combined TRACON& Tower with Radar,541,66,57,6,670,0,3,47,0,50,541,69,104,6,720,0,0,0,720
02/07/2023,BNA,TN,ASO,ES,Combined TRACON& Tower with Radar,533,79,61,6,679,0,1,43,13,57,533,80,104,19,736,0,0,0,736
02/08/2023,BNA,TN,ASO,ES,Combined TRACON& Tower with Radar,528,78,88,9,703,0,2,7,1,10,528,80,95,10,713,0,0,0,713
02/09/2023,BNA,TN,ASO,ES,Combined TRACON& Tower with Radar,558,83,77,4,722,0,0,4,23,27,558,83,81,27,749,0,0,0,749
02/10/2023,BNA,TN,ASO,ES,Combined TRACON& Tower with Radar,539,94,93,4,730,0,1,47,9,57,539,95,140,13,787,0,0,0,787
02/11/2023,BNA,TN,ASO,ES,Combined TRACON& Tower with Radar,443,52,35,4,534,0,0,41,3,44,443,52,76,7,578,0,0,0,578
02/12/2023,BNA,TN,ASO,ES,Combined TRACON& Tower with Radar,497,60,53,2,612,0,1,9,2,12,497,61,62,4,624,0,0,0,624
02/13/2023,BNA,TN,ASO,ES,Combined TRACON& Tower with Radar,534,75,64,0,673,0,2,37,6,45,534,77,101,6,718,0,0,0,718
02/14/2023,BNA,TN,ASO,ES,Combined TRACON& Tower with Radar,521,60,50,0,631,0,2,19,6,27,521,62,69,6,658,0,0,0,658
02/15/2023,BNA,TN,ASO,ES,Combined TRACON& Tower with Radar,518,78,89,1,686,0,0,3,7,10,518,78,92,8,696,0,0,0,696
02/16/2023,BNA,TN,ASO,ES,Combined TRACON& Tower with Radar,535,77,59,0,671,0,0,0,0,0,535,77,59,0,671,0,0,0,671
02/17/2023,BNA,TN,ASO,ES,Combined TRACON& Tower with Radar,555,99,74,4,732,0,0,11,2,13,555,99,85,6,745,0,0,0,745
02/18/2023,BNA,TN,ASO,ES,Combined TRACON& Tower with Radar,443,49,42,3,537,0,4,70,0,74,443,53,112,3,611,0,0,0,611
02/19/2023,BNA,TN,ASO,ES,Combined TRACON& Tower with Radar,504,93,67,1,665,0,2,10,0,12,504,95,77,1,677,0,0,0,677
02/20/2023,BNA,TN,ASO,ES,Combined TRACON& Tower with Radar,546,95,67,0,708,0,1,8,0,9,546,96,75,0,717,0,0,0,717
02/21/2023,BNA,TN,ASO,ES,Combined TRACON& Tower with Radar,536,95,98,6,735,0,1,37,0,38,536,96,135,6,773,0,0,0,773
02/22/2023,BNA,TN,ASO,ES,Combined TRACON& Tower with Radar,530,87,90,4,711,0,4,6,0,10,530,91,96,4,721,0,0,0,721
02/23/2023,BNA,TN,ASO,ES,Combined TRACON& Tower with Radar,553,126,119,1,799,0,0,29,2,31,553,126,148,3,830,0,0,0,830
02/24/2023,BNA,TN,ASO,ES,Combined TRACON& Tower with Radar,547,113,106,1,767,0,4,20,5,29,547,117,126,6,796,0,0,0,796
02/25/2023,BNA,TN,ASO,ES,Combined TRACON& Tower with Radar,454,70,65,1,590,0,0,0,0,0,454,70,65,1,590,0,0,0,590
02/26/2023,BNA,TN,ASO,ES,Combined TRACON& Tower with Radar,506,110,95,0,711,0,0,0,1,1,506,110,95,1,712,0,0,0,712
02/27/2023,BNA,TN,ASO,ES,Combined TRACON& Tower with Radar,557,68,64,2,691,0,0,4,0,4,557,68,68,2,695,0,0,0,695
02/28/2023,BNA,TN,ASO,ES,Combined TRACON& Tower with Radar,534,79,85,4,702,0,3,67,0,70,534,82,152,4,772,0,0,0,772
03/01/2023,BNA,TN,ASO,ES,Combined TRACON& Tower with Radar,535,88,86,3,712,0,0,31,1,32,535,88,117,4,744,0,0,0,744
03/02/2023,BNA,TN,ASO,ES,Combined TRACON& Tower with Radar,551,95,77,0,723,0,0,3,0,3,551,95,80,0,726,0,0,0,726
03/03/2023,BNA,TN,ASO,ES,Combined TRACON& Tower with Radar,432,44,40,2,518,0,0,1,0,1,432,44,41,2,519,0,0,0,519
03/04/2023,BNA,TN,ASO,ES,Combined TRACON& Tower with Radar,454,81,54,0,589,0,5,43,0,48,454,86,97,0,637,0,0,0,637
03/05/2023,BNA,TN,ASO,ES,Combined TRACON& Tower with Radar,516,82,90,0,688,0,3,20,0,23,516,85,110,0,711,0,0,0,711
03/06/2023,BNA,TN,ASO,ES,Combined TRACON& Tower with Radar,553,73,67,2,695,0,5,41,2,48,553,78,108,4,743,0,0,0,743
03/07/2023,BNA,TN,ASO,ES,Combined TRACON& Tower with Radar,538,90,79,4,711,0,7,40,3,50,538,97,119,7,761,0,0,0,761
03/08/2023,BNA,TN,ASO,ES,Combined TRACON& Tower with Radar,548,85,94,4,731,0,2,40,1,43,548,87,134,5,774,0,0,0,774
03/09/2023,BNA,TN,ASO,ES,Combined TRACON& Tower with Radar,545,97,99,0,741,0,0,22,0,22,545,97,121,0,763,0,0,0,763
03/10/2023,BNA,TN,ASO,ES,Combined TRACON& Tower with Radar,556,96,99,3,754,0,2,25,2,29,556,98,124,5,783,0,0,0,783
03/11/2023,BNA,TN,ASO,ES,Combined TRACON& Tower with Radar,484,89,59,4,636,0,0,53,0,53,484,89,112,4,689,0,0,0,689
03/12/2023,BNA,TN,ASO,ES,Combined TRACON& Tower with Radar,552,78,67,1,698,0,0,0,0,0,552,78,67,1,698,0,0,0,698
03/13/2023,BNA,TN,ASO,ES,Combined TRACON& Tower with Radar,562,65,52,4,683,0,0,22,0,22,562,65,74,4,705,0,0,0,705
03/14/2023,BNA,TN,ASO,ES,Combined TRACON& Tower with Radar,530,50,37,3,620,0,1,50,0,51,530,51,87,3,671,0,0,0,671
03/15/2023,BNA,TN,ASO,ES,Combined TRACON& Tower with Radar,547,71,56,3,677,0,1,66,3,70,547,72,122,6,747,0,0,0,747
03/16/2023,BNA,TN,ASO,ES,Combined TRACON& Tower with Radar,549,79,55,2,685,0,3,25,6,34,549,82,80,8,719,0,0,0,719
03/17/2023,BNA,TN,ASO,ES,Combined TRACON& Tower with Radar,577,107,47,2,733,0,0,2,0,2,577,107,49,2,735,0,0,0,735
03/18/2023,BNA,TN,ASO,ES,Combined TRACON& Tower with Radar,473,98,47,3,621,0,2,35,1,38,473,100,82,4,659,0,0,0,659
03/19/2023,BNA,TN,ASO,ES,Combined TRACON& Tower with Radar,557,111,77,3,748,0,0,22,1,23,557,111,99,4,771,0,0,0,771
03/20/2023,BNA,TN,ASO,ES,Combined TRACON& Tower with Radar,565,88,52,1,706,0,0,39,0,39,565,88,91,1,745,0,0,0,745
03/21/2023,BNA,TN,ASO,ES,Combined TRACON& Tower with Radar,551,85,53,2,691,0,1,33,0,34,551,86,86,2,725,0,0,0,725
03/22/2023,BNA,TN,ASO,ES,Combined TRACON& Tower with Radar,553,81,86,0,720,0,0,0,0,0,553,81,86,0,720,0,0,0,720
03/23/2023,BNA,TN,ASO,ES,Combined TRACON& Tower with Radar,566,95,67,12,740,0,1,37,19,57,566,96,104,31,797,0,0,0,797
03/24/2023,BNA,TN,ASO,ES,Combined TRACON& Tower with Radar,557,61,82,4,704,0,0,11,1,12,557,61,93,5,716,0,0,0,716
03/25/2023,BNA,TN,ASO,ES,Combined TRACON& Tower with Radar,507,58,53,1,619,0,2,10,3,15,507,60,63,4,634,0,0,0,634
03/26/2023,BNA,TN,ASO,ES,Combined TRACON& Tower with Radar,546,89,85,3,723,0,5,17,2,24,546,94,102,5,747,0,0,0,747
03/27/2023,BNA,TN,ASO,ES,Combined TRACON& Tower with Radar,563,76,64,0,703,0,0,35,2,37,563,76,99,2,740,0,0,0,740
03/28/2023,BNA,TN,ASO,ES,Combined TRACON& Tower with Radar,545,85,79,5,714,0,5,34,4,43,545,90,113,9,757,0,0,0,757
03/29/2023,BNA,TN,ASO,ES,Combined TRACON& Tower with Radar,551,73,90,6,720,0,1,42,11,54,551,74,132,17,774,0,0,0,774
03/30/2023,BNA,TN,ASO,ES,Combined TRACON& Tower with Radar,563,89,77,3,732,0,2,39,24,65,563,91,116,27,797,0,0,0,797
03/31/2023,BNA,TN,ASO,ES,Combined TRACON& Tower with Radar,550,69,52,0,671,0,0,2,5,7,550,69,54,5,678,0,0,0,678
04/01/2023,BNA,TN,ASO,ES,Combined TRACON& Tower with Radar,511,53,43,3,610,0,0,10,0,10,511,53,53,3,620,0,0,0,620
04/02/2023,BNA,TN,ASO,ES,Combined TRACON& Tower with Radar,560,89,75,3,727,0,0,19,6,25,560,89,94,9,752,0,0,0,752
04/03/2023,BNA,TN,ASO,ES,Combined TRACON& Tower with Radar,548,73,60,4,685,0,0,5,2,7,548,73,65,6,692,0,0,0,692
04/04/2023,BNA,TN,ASO,ES,Combined TRACON& Tower with Radar,536,75,76,4,691,0,3,16,5,24,536,78,92,9,715,0,0,0,715
04/05/2023,BNA,TN,ASO,ES,Combined TRACON& Tower with Radar,522,56,61,3,642,0,1,8,4,13,522,57,69,7,655,0,0,0,655
04/06/2023,BNA,TN,ASO,ES,Combined TRACON& Tower with Radar,577,88,73,1,739,0,0,0,0,0,577,88,73,1,739,0,0,0,739
04/07/2023,BNA,TN,ASO,ES,Combined TRACON& Tower with Radar,572,98,64,6,740,0,1,34,4,39,572,99,98,10,779,0,0,0,779
04/08/2023,BNA,TN,ASO,ES,Combined TRACON& Tower with Radar,492,63,34,1,590,0,0,2,0,2,492,63,36,1,592,0,0,0,592
04/09/2023,BNA,TN,ASO,ES,Combined TRACON& Tower with Radar,562,71,44,0,677,0,0,11,0,11,562,71,55,0,688,0,0,0,688
04/10/2023,BNA,TN,ASO,ES,Combined TRACON& Tower with Radar,551,88,90,2,731,0,1,32,4,37,551,89,122,6,768,0,0,0,768
04/11/2023,BNA,TN,ASO,ES,Combined TRACON& Tower with Radar,544,82,90,3,719,0,5,59,8,72,544,87,149,11,791,0,0,0,791
04/12/2023,BNA,TN,ASO,ES,Combined TRACON& Tower with Radar,543,100,74,2,719,0,0,55,9,64,543,100,129,11,783,0,0,0,783
04/13/2023,BNA,TN,ASO,ES,Combined TRACON& Tower with Radar,558,111,69,5,743,0,1,34,22,57,558,112,103,27,800,0,0,0,800
04/14/2023,BNA,TN,ASO,ES,Combined TRACON& Tower with Radar,554,92,103,3,752,0,1,24,14,39,554,93,127,17,791,0,0,0,791
04/15/2023,BNA,TN,ASO,ES,Combined TRACON& Tower with Radar,514,66,66,1,647,0,0,45,4,49,514,66,111,5,696,0,0,0,696
04/16/2023,BNA,TN,ASO,ES,Combined TRACON& Tower with Radar,566,125,81,0,772,0,0,2,1,3,566,125,83,1,775,0,0,0,775
04/17/2023,BNA,TN,ASO,ES,Combined TRACON& Tower with Radar,544,65,76,0,685,0,4,15,1,20,544,69,91,1,705,0,0,0,705
04/18/2023,BNA,TN,ASO,ES,Combined TRACON& Tower with Radar,529,57,84,0,670,0,0,55,9,64,529,57,139,9,734,0,0,0,734
04/19/2023,BNA,TN,ASO,ES,Combined TRACON& Tower with Radar,543,99,95,6,743,0,0,72,9,81,543,99,167,15,824,0,0,0,824
04/20/2023,BNA,TN,ASO,ES,Combined TRACON& Tower with Radar,546,108,86,2,742,0,0,27,18,45,546,108,113,20,787,0,0,0,787
04/21/2023,BNA,TN,ASO,ES,Combined TRACON& Tower with Radar,563,111,73,3,750,0,2,19,0,21,563,113,92,3,771,0,0,0,771
04/22/2023,BNA,TN,ASO,ES,Combined TRACON& Tower with Radar,510,80,39,3,632,0,0,39,0,39,510,80,78,3,671,0,0,0,671
04/23/2023,BNA,TN,ASO,ES,Combined TRACON& Tower with Radar,565,105,98,4,772,0,0,14,1,15,565,105,112,5,787,0,0,0,787
04/24/2023,BNA,TN,ASO,ES,Combined TRACON& Tower with Radar,542,71,56,5,674,0,5,44,7,56,542,76,100,12,730,0,0,0,730
04/25/2023,BNA,TN,ASO,ES,Combined TRACON& Tower with Radar,533,80,113,13,739,0,0,43,12,55,533,80,156,25,794,0,0,0,794
04/26/2023,BNA,TN,ASO,ES,Combined TRACON& Tower with Radar,542,90,89,10,731,0,2,47,6,55,542,92,136,16,786,0,0,0,786
04/27/2023,BNA,TN,ASO,ES,Combined TRACON& Tower with Radar,568,98,85,3,754,0,2,6,0,8,568,100,91,3,762,0,0,0,762
04/28/2023,BNA,TN,ASO,ES,Combined TRACON& Tower with Radar,560,103,82,17,762,0,2,9,7,18,560,105,91,24,780,0,0,0,780
04/29/2023,BNA,TN,ASO,ES,Combined TRACON& Tower with Radar,524,76,46,6,652,0,1,39,2,42,524,77,85,8,694,0,0,0,694
04/30/2023,BNA,TN,ASO,ES,Combined TRACON& Tower with Radar,542,113,61,1,717,0,0,10,3,13,542,113,71,4,730,0,0,0,730
05/01/2023,BNA,TN,ASO,ES,Combined TRACON& Tower with Radar,558,89,84,0,731,0,2,21,0,23,558,91,105,0,754,0,0,0,754
05/02/2023,BNA,TN,ASO,ES,Combined TRACON& Tower with Radar,554,86,85,0,725,0,0,17,0,17,554,86,102,0,742,0,0,0,742
05/03/2023,BNA,TN,ASO,ES,Combined TRACON& Tower with Radar,555,93,112,2,762,0,4,54,0,58,555,97,166,2,820,0,0,0,820
05/04/2023,BNA,TN,ASO,ES,Combined TRACON& Tower with Radar,563,106,99,5,773,0,0,67,14,81,563,106,166,19,854,0,0,0,854
05/05/2023,BNA,TN,ASO,ES,Combined TRACON& Tower with Radar,573,161,86,1,821,0,2,42,8,52,573,163,128,9,873,0,0,0,873
05/06/2023,BNA,TN,ASO,ES,Combined TRACON& Tower with Radar,523,80,83,0,686,0,0,38,2,40,523,80,121,2,726,0,0,0,726
05/07/2023,BNA,TN,ASO,ES,Combined TRACON& Tower with Radar,521,123,91,3,738,0,0,4,8,12,521,123,95,11,750,0,0,0,750
05/08/2023,BNA,TN,ASO,ES,Combined TRACON& Tower with Radar,628,114,89,1,832,0,0,8,4,12,628,114,97,5,844,0,0,0,844
05/09/2023,BNA,TN,ASO,ES,Combined TRACON& Tower with Radar,552,84,71,1,708,0,2,38,10,50,552,86,109,11,758,0,0,0,758
05/10/2023,BNA,TN,ASO,ES,Combined TRACON& Tower with Radar,565,114,82,2,763,0,2,60,8,70,565,116,142,10,833,0,0,0,833
05/11/2023,BNA,TN,ASO,ES,Combined TRACON& Tower with Radar,578,112,96,2,788,0,1,9,12,22,578,113,105,14,810,0,0,0,810
05/12/2023,BNA,TN,ASO,ES,Combined TRACON& Tower with Radar,577,101,75,0,753,0,0,12,0,12,577,101,87,0,765,0,0,0,765
05/13/2023,BNA,TN,ASO,ES,Combined TRACON& Tower with Radar,525,81,48,5,659,0,0,12,1,13,525,81,60,6,672,0,0,0,672
05/14/2023,BNA,TN,ASO,ES,Combined TRACON& Tower with Radar,572,83,41,0,696,0,0,2,0,2,572,83,43,0,698,0,0,0,698
05/15/2023,BNA,TN,ASO,ES,Combined TRACON& Tower with Radar,579,101,72,4,756,0,0,16,2,18,579,101,88,6,774,0,0,0,774
05/16/2023,BNA,TN,ASO,ES,Combined TRACON& Tower with Radar,562,73,93,0,728,0,2,27,10,39,562,75,120,10,767,0,0,0,767
05/17/2023,BNA,TN,ASO,ES,Combined TRACON& Tower with Radar,576,109,93,8,786,1,0,46,7,54,577,109,139,15,840,0,0,0,840
05/18/2023,BNA,TN,ASO,ES,Combined TRACON& Tower with Radar,576,123,94,0,793,0,0,43,20,63,576,123,137,20,856,0,0,0,856
05/19/2023,BNA,TN,ASO,ES,Combined TRACON& Tower with Radar,571,98,97,3,769,0,2,22,12,36,571,100,119,15,805,0,0,0,805
05/20/2023,BNA,TN,ASO,ES,Combined TRACON& Tower with Radar,527,71,59,0,657,0,0,0,10,10,527,71,59,10,667,0,0,0,667
05/21/2023,BNA,TN,ASO,ES,Combined TRACON& Tower with Radar,589,103,75,4,771,0,4,23,10,37,589,107,98,14,808,0,0,0,808
05/22/2023,BNA,TN,ASO,ES,Combined TRACON& Tower with Radar,577,66,64,4,711,0,2,31,4,37,577,68,95,8,748,0,0,0,748
05/23/2023,BNA,TN,ASO,ES,Combined TRACON& Tower with Radar,550,83,73,2,708,0,6,34,12,52,550,89,107,14,760,0,0,0,760
05/24/2023,BNA,TN,ASO,ES,Combined TRACON& Tower with Radar,559,82,73,8,722,0,0,43,8,51,559,82,116,16,773,0,0,0,773
05/25/2023,BNA,TN,ASO,ES,Combined TRACON& Tower with Radar,578,99,91,1,769,0,3,53,7,63,578,102,144,8,832,0,0,0,832
05/26/2023,BNA,TN,ASO,ES,Combined TRACON& Tower with Radar,579,92,64,0,735,0,0,46,1,47,579,92,110,1,782,0,0,0,782
05/27/2023,BNA,TN,ASO,ES,Combined TRACON& Tower with Radar,511,62,30,1,604,0,1,41,0,42,511,63,71,1,646,0,0,0,646
05/28/2023,BNA,TN,ASO,ES,Combined TRACON& Tower with Radar,566,49,36,0,651,0,0,10,0,10,566,49,46,0,661,0,0,0,661
05/29/2023,BNA,TN,ASO,ES,Combined TRACON& Tower with Radar,563,66,47,0,676,0,0,32,0,32,563,66,79,0,708,0,0,0,708
05/30/2023,BNA,TN,ASO,ES,Combined TRACON& Tower with Radar,549,68,71,10,698,0,1,49,1,51,549,69,120,11,749,0,0,0,749
05/31/2023,BNA,TN,ASO,ES,Combined TRACON& Tower with Radar,558,70,68,4,700,0,11,57,9,77,558,81,125,13,777,0,0,0,777
06/01/2023,BNA,TN,ASO,ES,Combined TRACON& Tower with Radar,574,98,67,5,744,0,0,38,20,58,574,98,105,25,802,0,0,0,802
06/02/2023,BNA,TN,ASO,ES,Combined TRACON& Tower with Radar,583,87,93,7,770,0,4,38,7,49,583,91,131,14,819,0,0,0,819
06/03/2023,BNA,TN,ASO,ES,Combined TRACON& Tower with Radar,519,85,28,2,634,0,2,54,1,57,519,87,82,3,691,0,0,0,691
06/04/2023,BNA,TN,ASO,ES,Combined TRACON& Tower with Radar,593,88,61,3,745,0,2,18,0,20,593,90,79,3,765,0,0,0,765
06/05/2023,BNA,TN,ASO,ES,Combined TRACON& Tower with Radar,580,80,69,2,731,0,7,15,7,29,580,87,84,9,760,0,0,0,760
06/06/2023,BNA,TN,ASO,ES,Combined TRACON& Tower with Radar,547,64,75,2,688,0,4,40,8,52,547,68,115,10,740,0,0,0,740
06/07/2023,BNA,TN,ASO,ES,Combined TRACON& Tower with Radar,574,81,76,0,731,0,0,38,5,43,574,81,114,5,774,0,0,0,774
06/08/2023,BNA,TN,ASO,ES,Combined TRACON& Tower with Radar,585,84,63,0,732,0,0,34,19,53,585,84,97,19,785,0,0,0,785
06/09/2023,BNA,TN,ASO,ES,Combined TRACON& Tower with Radar,603,80,61,3,747,0,0,38,4,42,603,80,99,7,789,0,0,0,789
06/10/2023,BNA,TN,ASO,ES,Combined TRACON& Tower with Radar,514,70,42,2,628,0,0,34,2,36,514,70,76,4,664,0,0,0,664
06/11/2023,BNA,TN,ASO,ES,Combined TRACON& Tower with Radar,579,89,65,1,734,0,0,4,2,6,579,89,69,3,740,0,0,0,740
06/12/2023,BNA,TN,ASO,ES,Combined TRACON& Tower with Radar,586,80,82,0,748,0,4,23,1,28,586,84,105,1,776,0,0,0,776
06/13/2023,BNA,TN,ASO,ES,Combined TRACON& Tower with Radar,564,67,68,1,700,0,0,46,6,52,564,67,114,7,752,0,0,0,752
06/14/2023,BNA,TN,ASO,ES,Combined TRACON& Tower with Radar,569,82,86,1,738,0,3,30,4,37,569,85,116,5,775,0,0,0,775
06/15/2023,BNA,TN,ASO,ES,Combined TRACON& Tower with Radar,571,109,70,9,759,0,4,44,12,60,571,113,114,21,819,0,0,0,819
06/16/2023,BNA,TN,ASO,ES,Combined TRACON& Tower with Radar,600,78,71,2,751,0,1,35,5,41,600,79,106,7,792,0,0,0,792
06/17/2023,BNA,TN,ASO,ES,Combined TRACON& Tower with Radar,511,73,36,1,621,0,1,51,1,53,511,74,87,2,674,0,0,0,674
06/18/2023,BNA,TN,ASO,ES,Combined TRACON& Tower with Radar,575,68,44,4,691,0,0,10,3,13,575,68,54,7,704,0,0,0,704
06/19/2023,BNA,TN,ASO,ES,Combined TRACON& Tower with Radar,583,65,61,1,710,0,0,10,0,10,583,65,71,1,720,0,0,0,720
06/20/2023,BNA,TN,ASO,ES,Combined TRACON& Tower with Radar,542,64,70,5,681,0,0,3,0,3,542,64,73,5,684,0,0,0,684
06/21/2023,BNA,TN,ASO,ES,Combined TRACON& Tower with Radar,548,78,67,4,697,0,0,2,7,9,548,78,69,11,706,0,0,0,706
06/22/2023,BNA,TN,ASO,ES,Combined TRACON& Tower with Radar,566,98,95,5,764,0,1,15,10,26,566,99,110,15,790,0,0,0,790
06/23/2023,BNA,TN,ASO,ES,Combined TRACON& Tower with Radar,585,95,71,13,764,0,0,38,4,42,585,95,109,17,806,0,0,0,806
06/24/2023,BNA,TN,ASO,ES,Combined TRACON& Tower with Radar,512,96,55,2,665,0,0,60,0,60,512,96,115,2,725,0,0,0,725
06/25/2023,BNA,TN,ASO,ES,Combined TRACON& Tower with Radar,563,100,57,14,734,1,0,21,0,22,564,100,78,14,756,0,0,0,756
06/26/2023,BNA,TN,ASO,ES,Combined TRACON& Tower with Radar,560,82,93,10,745,1,0,34,3,38,561,82,127,13,783,0,0,0,783
06/27/2023,BNA,TN,ASO,ES,Combined TRACON& Tower with Radar,513,107,85,8,713,0,2,35,7,44,513,109,120,15,757,0,0,0,757
06/28/2023,BNA,TN,ASO,ES,Combined TRACON& Tower with Radar,544,67,73,8,692,0,2,54,14,70,544,69,127,22,762,0,0,0,762
06/29/2023,BNA,TN,ASO,ES,Combined TRACON& Tower with Radar,581,101,88,2,772,0,0,20,19,39,581,101,108,21,811,0,0,0,811
06/30/2023,BNA,TN,ASO,ES,Combined TRACON& Tower with Radar,536,125,80,4,745,0,2,37,0,39,536,127,117,4,784,0,0,0,784
07/01/2023,BNA,TN,ASO,ES,Combined TRACON& Tower with Radar,567,82,61,0,710,0,0,26,0,26,567,82,87,0,736,0,0,0,736
07/02/2023,BNA,TN,ASO,ES,Combined TRACON& Tower with Radar,565,98,45,0,708,0,0,7,0,7,565,98,52,0,715,0,0,0,715
07/03/2023,BNA,TN,ASO,ES,Combined TRACON& Tower with Radar,545,68,26,0,639,0,2,27,0,29,545,70,53,0,668,0,0,0,668
07/04/2023,BNA,TN,ASO,ES,Combined TRACON& Tower with Radar,484,50,13,0,547,0,0,35,0,35,484,50,48,0,582,0,0,0,582
07/05/2023,BNA,TN,ASO,ES,Combined TRACON& Tower with Radar,544,71,53,0,668,0,0,32,0,32,544,71,85,0,700,0,0,0,700
07/06/2023,BNA,TN,ASO,ES,Combined TRACON& Tower with Radar,571,76,51,2,700,0,0,31,14,45,571,76,82,16,745,0,0,0,745
07/07/2023,BNA,TN,ASO,ES,Combined TRACON& Tower with Radar,560,75,38,1,674,0,5,55,3,63,560,80,93,4,737,0,0,0,737
07/08/2023,BNA,TN,ASO,ES,Combined TRACON& Tower with Radar,522,62,29,1,614,0,0,22,4,26,522,62,51,5,640,0,0,0,640
07/09/2023,BNA,TN,ASO,ES,Combined TRACON& Tower with Radar,560,107,48,3,718,0,0,4,0,4,560,107,52,3,722,0,0,0,722
07/10/2023,BNA,TN,ASO,ES,Combined TRACON& Tower with Radar,578,99,70,1,748,0,0,50,20,70,578,99,120,21,818,0,0,0,818
07/11/2023,BNA,TN,ASO,ES,Combined TRACON& Tower with Radar,557,77,62,1,697,0,0,42,12,54,557,77,104,13,751,0,0,0,751
07/12/2023,BNA,TN,ASO,ES,Combined TRACON& Tower with Radar,552,129,71,3,755,0,0,42,3,45,552,129,113,6,800,0,0,0,800
07/13/2023,BNA,TN,ASO,ES,Combined TRACON& Tower with Radar,584,95,89,2,770,0,0,14,5,19,584,95,103,7,789,0,0,0,789
07/14/2023,BNA,TN,ASO,ES,Combined TRACON& Tower with Radar,581,77,54,1,713,0,2,26,15,43,581,79,80,16,756,0,0,0,756
07/15/2023,BNA,TN,ASO,ES,Combined TRACON& Tower with Radar,522,78,30,3,633,0,0,1,0,1,522,78,31,3,634,0,0,0,634
07/16/2023,BNA,TN,ASO,ES,Combined TRACON& Tower with Radar,546,106,72,5,729,0,0,17,7,24,546,106,89,12,753,0,0,0,753
07/17/2023,BNA,TN,ASO,ES,Combined TRACON& Tower with Radar,608,77,67,4,756,0,2,19,8,29,608,79,86,12,785,0,0,0,785
07/18/2023,BNA,TN,ASO,ES,Combined TRACON& Tower with Radar,548,81,67,0,696,0,0,24,8,32,548,81,91,8,728,0,0,0,728
07/19/2023,BNA,TN,ASO,ES,Combined TRACON& Tower with Radar,568,62,61,4,695,0,0,19,8,27,568,62,80,12,722,0,0,0,722
07/20/2023,BNA,TN,ASO,ES,Combined TRACON& Tower with Radar,582,83,90,1,756,0,0,11,4,15,582,83,101,5,771,0,0,0,771
07/21/2023,BNA,TN,ASO,ES,Combined TRACON& Tower with Radar,600,74,62,7,743,0,4,42,8,54,600,78,104,15,797,0,0,0,797
07/22/2023,BNA,TN,ASO,ES,Combined TRACON& Tower with Radar,540,65,45,0,650,0,0,30,0,30,540,65,75,0,680,0,0,0,680
07/23/2023,BNA,TN,ASO,ES,Combined TRACON& Tower with Radar,586,102,57,3,748,0,0,8,6,14,586,102,65,9,762,0,0,0,762
07/24/2023,BNA,TN,ASO,ES,Combined TRACON& Tower with Radar,602,65,66,7,740,0,0,32,3,35,602,65,98,10,775,0,0,0,775
07/25/2023,BNA,TN,ASO,ES,Combined TRACON& Tower with Radar,540,81,63,2,686,0,2,32,4,38,540,83,95,6,724,0,0,0,724
07/26/2023,BNA,TN,ASO,ES,Combined TRACON& Tower with Radar,550,94,66,5,715,0,6,53,1,60,550,100,119,6,775,0,0,0,775
07/27/2023,BNA,TN,ASO,ES,Combined TRACON& Tower with Radar,579,112,117,3,811,0,2,46,9,57,579,114,163,12,868,0,0,0,868
07/28/2023,BNA,TN,ASO,ES,Combined TRACON& Tower with Radar,601,116,79,6,802,0,2,65,2,69,601,118,144,8,871,0,0,0,871
07/29/2023,BNA,TN,ASO,ES,Combined TRACON& Tower with Radar,516,69,64,1,650,0,2,40,0,42,516,71,104,1,692,0,0,0,692
07/30/2023,BNA,TN,ASO,ES,Combined TRACON& Tower with Radar,600,107,109,1,817,0,2,5,0,7,600,109,114,1,824,0,0,0,824
07/31/2023,BNA,TN,ASO,ES,Combined TRACON& Tower with Radar,597,75,67,2,741,0,4,51,0,55,597,79,118,2,796,0,0,0,796
08/01/2023,BNA,TN,ASO,ES,Combined TRACON& Tower with Radar,548,74,73,0,695,0,2,45,2,49,548,76,118,2,744,0,0,0,744
08/02/2023,BNA,TN,ASO,ES,Combined TRACON& Tower with Radar,553,90,95,0,738,0,2,48,6,56,553,92,143,6,794,0,0,0,794
08/03/2023,BNA,TN,ASO,ES,Combined TRACON& Tower with Radar,599,94,76,3,772,0,0,8,0,8,599,94,84,3,780,0,0,0,780
08/04/2023,BNA,TN,ASO,ES,Combined TRACON& Tower with Radar,588,85,81,3,757,0,0,3,0,3,588,85,84,3,760,0,0,0,760
08/05/2023,BNA,TN,ASO,ES,Combined TRACON& Tower with Radar,531,75,53,1,660,0,2,7,6,15,531,77,60,7,675,0,0,0,675
08/06/2023,BNA,TN,ASO,ES,Combined TRACON& Tower with Radar,610,100,92,1,803,0,0,14,6,20,610,100,106,7,823,0,0,0,823
08/07/2023,BNA,TN,ASO,ES,Combined TRACON& Tower with Radar,579,87,62,2,730,0,0,24,1,25,579,87,86,3,755,0,0,0,755
08/08/2023,BNA,TN,ASO,ES,Combined TRACON& Tower with Radar,550,66,54,0,670,0,0,40,2,42,550,66,94,2,712,0,0,0,712
08/09/2023,BNA,TN,ASO,ES,Combined TRACON& Tower with Radar,550,77,68,1,696,0,0,30,15,45,550,77,98,16,741,0,0,0,741
08/10/2023,BNA,TN,ASO,ES,Combined TRACON& Tower with Radar,592,92,80,7,771,0,0,13,6,19,592,92,93,13,790,0,0,0,790
08/11/2023,BNA,TN,ASO,ES,Combined TRACON& Tower with Radar,595,79,71,6,751,0,2,40,8,50,595,81,111,14,801,0,0,0,801
08/12/2023,BNA,TN,ASO,ES,Combined TRACON& Tower with Radar,532,61,33,1,627,0,0,18,0,18,532,61,51,1,645,0,0,0,645
08/13/2023,BNA,TN,ASO,ES,Combined TRACON& Tower with Radar,589,88,48,2,727,0,0,9,1,10,589,88,57,3,737,0,0,0,737
08/14/2023,BNA,TN,ASO,ES,Combined TRACON& Tower with Radar,584,70,60,4,718,0,5,31,5,41,584,75,91,9,759,0,0,0,759
08/15/2023,BNA,TN,ASO,ES,Combined TRACON& Tower with Radar,558,58,55,2,673,0,0,51,4,55,558,58,106,6,728,0,0,0,728
08/16/2023,BNA,TN,ASO,ES,Combined TRACON& Tower with Radar,551,69,73,5,698,0,2,44,6,52,551,71,117,11,750,0,0,0,750
08/17/2023,BNA,TN,ASO,ES,Combined TRACON& Tower with Radar,554,97,92,9,752,0,2,48,14,64,554,99,140,23,816,0,0,0,816
08/18/2023,BNA,TN,ASO,ES,Combined TRACON& Tower with Radar,568,84,59,6,717,0,1,45,3,49,568,85,104,9,766,0,0,0,766
08/19/2023,BNA,TN,ASO,ES,Combined TRACON& Tower with Radar,496,71,48,1,616,0,0,61,0,61,496,71,109,1,677,0,0,0,677
08/20/2023,BNA,TN,ASO,ES,Combined TRACON& Tower with Radar,543,101,62,5,711,0,2,7,0,9,543,103,69,5,720,0,0,0,720
08/21/2023,BNA,TN,ASO,ES,Combined TRACON& Tower with Radar,571,80,74,4,729,0,0,42,2,44,571,80,116,6,773,0,0,0,773
08/22/2023,BNA,TN,ASO,ES,Combined TRACON& Tower with Radar,549,75,60,8,692,0,2,25,7,34,549,77,85,15,726,0,0,0,726
08/23/2023,BNA,TN,ASO,ES,Combined TRACON& Tower with Radar,553,71,80,1,705,0,1,22,8,31,553,72,102,9,736,0,0,0,736
08/24/2023,BNA,TN,ASO,ES,Combined TRACON& Tower with Radar,553,87,104,4,748,0,0,30,6,36,553,87,134,10,784,0,0,0,784
08/25/2023,BNA,TN,ASO,ES,Combined TRACON& Tower with Radar,580,77,74,1,732,0,0,38,2,40,580,77,112,3,772,0,0,0,772
08/26/2023,BNA,TN,ASO,ES,Combined TRACON& Tower with Radar,489,66,36,1,592,0,0,23,1,24,489,66,59,2,616,0,0,0,616
08/27/2023,BNA,TN,ASO,ES,Combined TRACON& Tower with Radar,541,73,58,0,672,0,0,0,0,0,541,73,58,0,672,0,0,0,672
08/28/2023,BNA,TN,ASO,ES,Combined TRACON& Tower with Radar,569,71,73,3,716,0,0,17,0,17,569,71,90,3,733,0,0,0,733
08/29/2023,BNA,TN,ASO,ES,Combined TRACON& Tower with Radar,531,83,79,8,701,0,2,26,5,33,531,85,105,13,734,0,0,0,734
08/30/2023,BNA,TN,ASO,ES,Combined TRACON& Tower with Radar,520,59,73,1,653,0,0,43,4,47,520,59,116,5,700,0,0,0,700
08/31/2023,BNA,TN,ASO,ES,Combined TRACON& Tower with Radar,560,72,115,6,753,0,6,37,8,51,560,78,152,14,804,0,0,0,804
