01/01/2000,BOI,ID,ANM,WE,Towers with Radar,69,41,6,0,116,1,0,0,5,6,70,41,6,5,122,0,0,0,122
01/02/2000,BOI,ID,ANM,WE,Towers with Radar,82,51,42,0,175,1,0,3,0,4,83,51,45,0,179,6,0,6,185
01/03/2000,BOI,ID,ANM,WE,Towers with Radar,118,70,46,12,246,1,4,23,4,32,119,74,69,16,278,2,0,2,280
01/04/2000,BOI,ID,ANM,WE,Towers with Radar,127,84,52,23,286,1,5,17,10,33,128,89,69,33,319,46,40,86,405
01/05/2000,BOI,ID,ANM,WE,Towers with Radar,139,77,50,17,283,5,12,69,19,105,144,89,119,36,388,108,12,120,508
01/06/2000,BOI,ID,ANM,WE,Towers with Radar,119,84,69,18,290,0,2,110,35,147,119,86,179,53,437,132,48,180,617
01/07/2000,BOI,ID,ANM,WE,Towers with Radar,117,78,57,41,293,1,10,40,13,64,118,88,97,54,357,28,58,86,443
01/08/2000,BOI,ID,ANM,WE,Towers with Radar,86,53,41,18,198,1,0,36,9,46,87,53,77,27,244,58,24,82,326
01/09/2000,BOI,ID,ANM,WE,Towers with Radar,94,52,33,4,183,1,1,12,1,15,95,53,45,5,198,22,0,22,220
01/10/2000,BOI,ID,ANM,WE,Towers with Radar,138,87,64,4,293,3,0,1,0,4,141,87,65,4,297,46,0,46,343
01/11/2000,BOI,ID,ANM,WE,Towers with Radar,114,76,58,23,271,1,0,13,3,17,115,76,71,26,288,30,14,44,332
01/12/2000,BOI,ID,ANM,WE,Towers with Radar,113,81,82,30,306,2,1,41,16,60,115,82,123,46,366,60,8,68,434
01/13/2000,BOI,ID,ANM,WE,Towers with Radar,116,76,75,59,326,1,5,38,9,53,117,81,113,68,379,48,56,104,483
01/14/2000,BOI,ID,ANM,WE,Towers with Radar,123,72,75,5,275,1,6,58,3,68,124,78,133,8,343,110,6,116,459
01/15/2000,BOI,ID,ANM,WE,Towers with Radar,119,57,27,0,203,9,1,49,0,59,128,58,76,0,262,106,0,106,368
01/16/2000,BOI,ID,ANM,WE,Towers with Radar,99,49,25,1,174,1,1,39,0,41,100,50,64,1,215,54,0,54,269
01/17/2000,BOI,ID,ANM,WE,Towers with Radar,116,57,78,1,252,1,8,111,2,122,117,65,189,3,374,110,0,110,484
01/18/2000,BOI,ID,ANM,WE,Towers with Radar,120,89,68,22,299,1,5,46,5,57,121,94,114,27,356,80,20,100,456
01/19/2000,BOI,ID,ANM,WE,Towers with Radar,95,77,64,10,246,0,1,16,0,17,95,78,80,10,263,30,0,30,293
01/20/2000,BOI,ID,ANM,WE,Towers with Radar,118,90,70,19,297,0,3,50,13,66,118,93,120,32,363,108,14,122,485
01/21/2000,BOI,ID,ANM,WE,Towers with Radar,118,84,75,8,285,0,3,40,1,44,118,87,115,9,329,64,6,70,399
01/22/2000,BOI,ID,ANM,WE,Towers with Radar,87,51,26,5,169,0,1,72,0,73,87,52,98,5,242,126,0,126,368
01/23/2000,BOI,ID,ANM,WE,Towers with Radar,101,45,32,12,190,0,2,57,3,62,101,47,89,15,252,49,0,49,301
01/24/2000,BOI,ID,ANM,WE,Towers with Radar,110,76,53,8,247,0,1,24,3,28,110,77,77,11,275,30,18,48,323
01/25/2000,BOI,ID,ANM,WE,Towers with Radar,119,69,81,9,278,0,8,36,10,54,119,77,117,19,332,12,4,16,348
01/26/2000,BOI,ID,ANM,WE,Towers with Radar,126,77,106,25,334,0,9,55,2,66,126,86,161,27,400,84,34,118,518
01/27/2000,BOI,ID,ANM,WE,Towers with Radar,123,68,75,23,289,0,13,107,26,146,123,81,182,49,435,92,108,200,635
01/28/2000,BOI,ID,ANM,WE,Towers with Radar,116,69,73,13,271,0,6,119,9,134,116,75,192,22,405,142,4,146,551
01/29/2000,BOI,ID,ANM,WE,Towers with Radar,95,51,30,0,176,0,4,156,0,160,95,55,186,0,336,114,0,114,450
01/30/2000,BOI,ID,ANM,WE,Towers with Radar,106,44,36,1,187,0,3,100,0,103,106,47,136,1,290,62,0,62,352
01/31/2000,BOI,ID,ANM,WE,Towers with Radar,112,73,62,16,263,0,2,47,22,71,112,75,109,38,334,34,8,42,376
02/01/2000,BOI,ID,ANM,WE,Towers with Radar,115,73,61,31,280,2,3,26,14,45,117,76,87,45,325,36,54,90,415
02/02/2000,BOI,ID,ANM,WE,Towers with Radar,119,84,68,14,285,0,0,117,18,135,119,84,185,32,420,80,16,96,516
02/03/2000,BOI,ID,ANM,WE,Towers with Radar,122,81,66,14,283,0,31,82,25,138,122,112,148,39,421,38,24,62,483
02/04/2000,BOI,ID,ANM,WE,Towers with Radar,114,65,63,19,261,1,8,90,11,110,115,73,153,30,371,56,16,72,443
02/05/2000,BOI,ID,ANM,WE,Towers with Radar,85,51,25,5,166,2,4,75,2,83,87,55,100,7,249,120,2,122,371
02/06/2000,BOI,ID,ANM,WE,Towers with Radar,95,50,35,3,183,2,1,90,1,94,97,51,125,4,277,91,2,93,370
02/07/2000,BOI,ID,ANM,WE,Towers with Radar,112,70,38,8,228,1,17,63,4,85,113,87,101,12,313,42,2,44,357
02/08/2000,BOI,ID,ANM,WE,Towers with Radar,110,69,70,14,263,1,9,55,9,74,111,78,125,23,337,22,14,36,373
02/09/2000,BOI,ID,ANM,WE,Towers with Radar,118,76,56,18,268,1,7,61,7,76,119,83,117,25,344,48,10,58,402
02/10/2000,BOI,ID,ANM,WE,Towers with Radar,114,73,62,14,263,0,0,100,1,101,114,73,162,15,364,106,14,120,484
02/11/2000,BOI,ID,ANM,WE,Towers with Radar,107,69,56,12,244,13,10,33,0,56,120,79,89,12,300,54,6,60,360
02/12/2000,BOI,ID,ANM,WE,Towers with Radar,92,52,21,4,169,1,0,22,1,24,93,52,43,5,193,6,0,6,199
02/13/2000,BOI,ID,ANM,WE,Towers with Radar,97,52,19,1,169,1,7,13,0,21,98,59,32,1,190,20,0,20,210
02/14/2000,BOI,ID,ANM,WE,Towers with Radar,106,71,37,2,216,1,2,27,0,30,107,73,64,2,246,14,0,14,260
02/15/2000,BOI,ID,ANM,WE,Towers with Radar,116,80,64,20,280,1,13,50,9,73,117,93,114,29,353,3,11,14,367
02/16/2000,BOI,ID,ANM,WE,Towers with Radar,111,83,90,29,313,1,6,76,16,99,112,89,166,45,412,120,44,164,576
02/17/2000,BOI,ID,ANM,WE,Towers with Radar,120,79,86,11,296,1,6,89,7,103,121,85,175,18,399,24,0,24,423
02/18/2000,BOI,ID,ANM,WE,Towers with Radar,102,68,67,10,247,1,6,120,4,131,103,74,187,14,378,50,22,72,450
02/19/2000,BOI,ID,ANM,WE,Towers with Radar,93,47,58,2,200,1,7,135,0,143,94,54,193,2,343,74,0,74,417
02/20/2000,BOI,ID,ANM,WE,Towers with Radar,100,52,35,3,190,1,2,58,1,62,101,54,93,4,252,54,2,56,308
02/21/2000,BOI,ID,ANM,WE,Towers with Radar,109,66,32,0,207,1,8,68,0,77,110,74,100,0,284,50,0,50,334
02/22/2000,BOI,ID,ANM,WE,Towers with Radar,112,72,70,9,263,1,8,62,16,87,113,80,132,25,350,46,12,58,408
02/23/2000,BOI,ID,ANM,WE,Towers with Radar,121,88,81,26,316,1,23,21,5,50,122,111,102,31,366,46,70,116,482
02/24/2000,BOI,ID,ANM,WE,Towers with Radar,116,81,53,16,266,1,6,31,11,49,117,87,84,27,315,16,34,50,365
02/25/2000,BOI,ID,ANM,WE,Towers with Radar,114,74,77,20,285,1,8,112,5,126,115,82,189,25,411,115,82,197,608
02/26/2000,BOI,ID,ANM,WE,Towers with Radar,91,58,35,28,212,1,2,23,20,46,92,60,58,48,258,60,62,122,380
02/27/2000,BOI,ID,ANM,WE,Towers with Radar,72,36,74,5,187,1,1,9,9,20,73,37,83,14,207,14,0,14,221
02/28/2000,BOI,ID,ANM,WE,Towers with Radar,112,73,50,4,239,1,6,86,0,93,113,79,136,4,332,96,0,96,428
02/29/2000,BOI,ID,ANM,WE,Towers with Radar,115,86,70,15,286,0,14,31,7,52,115,100,101,22,338,46,30,76,414
03/01/2000,BOI,ID,ANM,WE,Towers with Radar,116,71,99,15,301,1,4,81,8,94,117,75,180,23,395,64,10,74,469
03/02/2000,BOI,ID,ANM,WE,Towers with Radar,116,67,105,26,314,0,9,108,16,133,116,76,213,42,447,122,68,190,637
03/03/2000,BOI,ID,ANM,WE,Towers with Radar,117,74,65,16,272,0,1,154,12,167,117,75,219,28,439,66,42,108,547
03/04/2000,BOI,ID,ANM,WE,Towers with Radar,94,49,32,5,180,0,3,110,0,113,94,52,142,5,293,74,8,82,375
03/05/2000,BOI,ID,ANM,WE,Towers with Radar,93,49,25,7,174,0,11,59,1,71,93,60,84,8,245,58,2,60,305
03/06/2000,BOI,ID,ANM,WE,Towers with Radar,115,75,57,15,262,0,8,30,11,49,115,83,87,26,311,34,38,72,383
03/07/2000,BOI,ID,ANM,WE,Towers with Radar,130,64,62,11,267,0,7,53,11,71,130,71,115,22,338,70,6,76,414
03/08/2000,BOI,ID,ANM,WE,Towers with Radar,114,81,119,17,331,0,7,68,18,93,114,88,187,35,424,56,30,86,510
03/09/2000,BOI,ID,ANM,WE,Towers with Radar,118,81,78,26,303,0,2,61,24,87,118,83,139,50,390,100,22,122,512
03/10/2000,BOI,ID,ANM,WE,Towers with Radar,122,69,62,10,263,0,4,121,17,142,122,73,183,27,405,66,18,84,489
03/11/2000,BOI,ID,ANM,WE,Towers with Radar,86,49,42,11,188,0,9,89,30,128,86,58,131,41,316,104,8,112,428
03/12/2000,BOI,ID,ANM,WE,Towers with Radar,96,44,47,13,200,26,0,84,5,115,122,44,131,18,315,42,0,42,357
03/13/2000,BOI,ID,ANM,WE,Towers with Radar,104,62,71,2,239,0,7,89,5,101,104,69,160,7,340,42,2,44,384
03/14/2000,BOI,ID,ANM,WE,Towers with Radar,123,69,63,13,268,0,9,59,16,84,123,78,122,29,352,48,40,88,440
03/15/2000,BOI,ID,ANM,WE,Towers with Radar,120,73,51,25,269,0,10,122,17,149,120,83,173,42,418,78,10,88,506
03/16/2000,BOI,ID,ANM,WE,Towers with Radar,134,68,52,6,260,0,6,34,8,48,134,74,86,14,308,2,6,8,316
03/17/2000,BOI,ID,ANM,WE,Towers with Radar,124,72,53,13,262,0,4,100,3,107,124,76,153,16,369,142,4,146,515
03/18/2000,BOI,ID,ANM,WE,Towers with Radar,102,57,35,1,195,0,2,167,0,169,102,59,202,1,364,124,0,124,488
03/19/2000,BOI,ID,ANM,WE,Towers with Radar,102,46,22,6,176,0,2,15,0,17,102,48,37,6,193,22,0,22,215
03/20/2000,BOI,ID,ANM,WE,Towers with Radar,120,74,40,12,246,0,10,71,16,97,120,84,111,28,343,40,20,60,403
03/21/2000,BOI,ID,ANM,WE,Towers with Radar,122,81,66,18,287,0,11,109,15,135,122,92,175,33,422,104,10,114,536
03/22/2000,BOI,ID,ANM,WE,Towers with Radar,119,84,75,21,299,0,27,136,15,178,119,111,211,36,477,74,18,92,569
03/23/2000,BOI,ID,ANM,WE,Towers with Radar,125,72,64,18,279,0,8,91,12,111,125,80,155,30,390,92,68,160,550
03/24/2000,BOI,ID,ANM,WE,Towers with Radar,124,71,62,16,273,1,5,177,12,195,125,76,239,28,468,78,10,88,556
03/25/2000,BOI,ID,ANM,WE,Towers with Radar,101,51,21,4,177,0,3,133,0,136,101,54,154,4,313,78,0,78,391
03/26/2000,BOI,ID,ANM,WE,Towers with Radar,108,48,30,2,188,0,14,133,0,147,108,62,163,2,335,42,0,42,377
03/27/2000,BOI,ID,ANM,WE,Towers with Radar,107,68,42,5,222,0,8,117,1,126,107,76,159,6,348,100,0,100,448
03/28/2000,BOI,ID,ANM,WE,Towers with Radar,125,77,64,28,294,0,1,83,19,103,125,78,147,47,397,56,36,92,489
03/29/2000,BOI,ID,ANM,WE,Towers with Radar,122,77,67,17,283,0,4,98,33,135,122,81,165,50,418,34,26,60,478
03/30/2000,BOI,ID,ANM,WE,Towers with Radar,118,75,49,29,271,0,5,169,20,194,118,80,218,49,465,70,14,84,549
03/31/2000,BOI,ID,ANM,WE,Towers with Radar,120,61,57,9,247,0,7,169,4,180,120,68,226,13,427,76,28,104,531
04/01/2000,BOI,ID,ANM,WE,Towers with Radar,101,54,26,0,181,1,2,102,1,106,102,56,128,1,287,126,0,126,413
04/02/2000,BOI,ID,ANM,WE,Towers with Radar,100,42,37,5,184,0,1,82,3,86,100,43,119,8,270,62,0,62,332
04/03/2000,BOI,ID,ANM,WE,Towers with Radar,124,74,31,10,239,0,21,120,19,160,124,95,151,29,399,32,8,40,439
04/04/2000,BOI,ID,ANM,WE,Towers with Radar,133,62,99,0,294,0,23,111,19,153,133,85,210,19,447,149,10,159,606
04/05/2000,BOI,ID,ANM,WE,Towers with Radar,124,68,84,26,302,0,8,101,33,142,124,76,185,59,444,96,44,140,584
04/06/2000,BOI,ID,ANM,WE,Towers with Radar,126,64,47,12,249,0,6,72,14,92,126,70,119,26,341,24,26,50,391
04/07/2000,BOI,ID,ANM,WE,Towers with Radar,132,67,52,9,260,0,5,125,12,142,132,72,177,21,402,110,8,118,520
04/08/2000,BOI,ID,ANM,WE,Towers with Radar,102,46,31,27,206,0,4,153,42,199,102,50,184,69,405,106,58,164,569
04/09/2000,BOI,ID,ANM,WE,Towers with Radar,105,53,43,5,206,1,4,42,3,50,106,57,85,8,256,54,0,54,310
04/10/2000,BOI,ID,ANM,WE,Towers with Radar,117,64,57,13,251,0,9,150,2,161,117,73,207,15,412,120,0,120,532
04/11/2000,BOI,ID,ANM,WE,Towers with Radar,125,67,78,21,291,0,13,140,16,169,125,80,218,37,460,90,18,108,568
04/12/2000,BOI,ID,ANM,WE,Towers with Radar,129,68,85,17,299,0,23,113,13,149,129,91,198,30,448,182,36,218,666
04/13/2000,BOI,ID,ANM,WE,Towers with Radar,127,76,84,12,299,0,4,42,22,68,127,80,126,34,367,32,10,42,409
04/14/2000,BOI,ID,ANM,WE,Towers with Radar,124,74,80,4,282,0,6,97,6,109,124,80,177,10,391,114,0,114,505
04/15/2000,BOI,ID,ANM,WE,Towers with Radar,104,45,40,1,190,1,9,85,0,95,105,54,125,1,285,70,0,70,355
04/16/2000,BOI,ID,ANM,WE,Towers with Radar,100,43,59,5,207,0,4,66,0,70,100,47,125,5,277,85,0,85,362
04/17/2000,BOI,ID,ANM,WE,Towers with Radar,120,68,47,26,261,1,6,81,19,107,121,74,128,45,368,66,28,94,462
04/18/2000,BOI,ID,ANM,WE,Towers with Radar,125,72,74,31,302,1,7,72,16,96,126,79,146,47,398,46,40,86,484
04/19/2000,BOI,ID,ANM,WE,Towers with Radar,106,87,62,11,266,1,12,115,17,145,107,99,177,28,411,190,20,210,621
04/20/2000,BOI,ID,ANM,WE,Towers with Radar,126,73,78,27,304,1,8,122,36,167,127,81,200,63,471,108,70,178,649
04/21/2000,BOI,ID,ANM,WE,Towers with Radar,120,65,60,14,259,0,11,130,14,155,120,76,190,28,414,126,30,156,570
04/22/2000,BOI,ID,ANM,WE,Towers with Radar,111,50,48,0,209,1,1,119,0,121,112,51,167,0,330,142,0,142,472
04/23/2000,BOI,ID,ANM,WE,Towers with Radar,102,44,25,3,174,1,9,71,0,81,103,53,96,3,255,22,0,22,277
04/24/2000,BOI,ID,ANM,WE,Towers with Radar,127,74,68,16,285,0,15,64,18,97,127,89,132,34,382,60,6,66,448
04/25/2000,BOI,ID,ANM,WE,Towers with Radar,127,84,70,21,302,0,5,62,13,80,127,89,132,34,382,60,6,66,448
04/26/2000,BOI,ID,ANM,WE,Towers with Radar,131,66,73,30,300,0,20,151,17,188,131,86,224,47,488,158,60,218,706
04/27/2000,BOI,ID,ANM,WE,Towers with Radar,128,68,63,14,273,5,4,108,9,126,133,72,171,23,399,312,24,336,735
04/28/2000,BOI,ID,ANM,WE,Towers with Radar,123,65,49,17,254,0,11,105,3,119,123,76,154,20,373,86,32,118,491
04/29/2000,BOI,ID,ANM,WE,Towers with Radar,105,51,20,17,193,0,3,117,0,120,105,54,137,17,313,34,14,48,361
04/30/2000,BOI,ID,ANM,WE,Towers with Radar,102,47,30,7,186,0,5,127,1,133,102,52,157,8,319,40,8,48,367
05/01/2000,BOI,ID,ANM,WE,Towers with Radar,120,56,54,12,242,0,15,137,8,160,120,71,191,20,402,188,8,196,598
05/02/2000,BOI,ID,ANM,WE,Towers with Radar,126,64,76,38,304,0,10,101,22,133,126,74,177,60,437,114,38,152,589
05/03/2000,BOI,ID,ANM,WE,Towers with Radar,123,64,74,33,294,0,17,95,20,132,123,81,169,53,426,120,32,152,578
05/04/2000,BOI,ID,ANM,WE,Towers with Radar,119,67,58,32,276,0,9,82,17,108,119,76,140,49,384,70,36,106,490
05/05/2000,BOI,ID,ANM,WE,Towers with Radar,135,71,65,15,286,4,2,84,11,101,139,73,149,26,387,250,24,274,661
05/06/2000,BOI,ID,ANM,WE,Towers with Radar,106,52,39,25,222,0,21,130,34,185,106,73,169,59,407,124,36,160,567
05/07/2000,BOI,ID,ANM,WE,Towers with Radar,105,50,24,22,201,0,1,55,2,58,105,51,79,24,259,10,0,10,269
05/08/2000,BOI,ID,ANM,WE,Towers with Radar,137,74,67,11,289,2,5,98,0,105,139,79,165,11,394,84,0,84,478
05/09/2000,BOI,ID,ANM,WE,Towers with Radar,129,72,65,21,287,0,10,85,13,108,129,82,150,34,395,102,10,112,507
05/10/2000,BOI,ID,ANM,WE,Towers with Radar,128,69,92,30,319,0,5,65,10,80,128,74,157,40,399,126,2,128,527
05/11/2000,BOI,ID,ANM,WE,Towers with Radar,130,72,92,17,311,0,6,54,8,68,130,78,146,25,379,96,16,112,491
05/12/2000,BOI,ID,ANM,WE,Towers with Radar,120,82,74,15,291,0,12,132,8,152,120,94,206,23,443,174,8,182,625
05/13/2000,BOI,ID,ANM,WE,Towers with Radar,107,52,35,1,195,0,8,164,1,173,107,60,199,2,368,148,0,148,516
05/14/2000,BOI,ID,ANM,WE,Towers with Radar,105,47,36,1,189,0,6,101,1,108,105,53,137,2,297,74,0,74,371
05/15/2000,BOI,ID,ANM,WE,Towers with Radar,122,61,55,16,254,0,12,135,16,163,122,73,190,32,417,124,24,148,565
05/16/2000,BOI,ID,ANM,WE,Towers with Radar,125,67,66,25,283,0,12,70,10,92,125,79,136,35,375,44,34,78,453
05/17/2000,BOI,ID,ANM,WE,Towers with Radar,126,72,64,11,273,0,12,81,14,107,126,84,145,25,380,28,24,52,432
05/18/2000,BOI,ID,ANM,WE,Towers with Radar,122,79,73,3,277,0,10,161,1,172,122,89,234,4,449,80,0,80,529
05/19/2000,BOI,ID,ANM,WE,Towers with Radar,122,63,67,10,262,0,10,157,7,174,122,73,224,17,436,236,226,462,898
05/20/2000,BOI,ID,ANM,WE,Towers with Radar,99,46,16,4,165,0,4,168,1,173,99,50,184,5,338,144,0,144,482
05/21/2000,BOI,ID,ANM,WE,Towers with Radar,106,45,26,3,180,0,10,157,0,167,106,55,183,3,347,188,0,188,535
05/22/2000,BOI,ID,ANM,WE,Towers with Radar,119,64,68,1,252,0,9,137,11,157,119,73,205,12,409,68,24,92,501
05/23/2000,BOI,ID,ANM,WE,Towers with Radar,127,66,73,15,281,0,18,119,15,152,127,84,192,30,433,108,22,130,563
05/24/2000,BOI,ID,ANM,WE,Towers with Radar,128,66,73,19,286,0,18,172,20,210,128,84,245,39,496,98,26,124,620
05/25/2000,BOI,ID,ANM,WE,Towers with Radar,128,78,81,11,298,0,7,128,17,152,128,85,209,28,450,146,0,146,596
05/26/2000,BOI,ID,ANM,WE,Towers with Radar,126,66,57,6,255,0,10,168,4,182,126,76,225,10,437,296,16,312,749
05/27/2000,BOI,ID,ANM,WE,Towers with Radar,101,46,22,0,169,0,5,131,0,136,101,51,153,0,305,80,0,80,385
05/28/2000,BOI,ID,ANM,WE,Towers with Radar,91,46,21,0,158,0,10,94,0,104,91,56,115,0,262,58,0,58,320
05/29/2000,BOI,ID,ANM,WE,Towers with Radar,111,56,30,0,197,0,1,148,0,149,111,57,178,0,346,76,0,76,422
05/30/2000,BOI,ID,ANM,WE,Towers with Radar,126,80,57,8,271,0,11,129,9,149,126,91,186,17,420,208,18,226,646
05/31/2000,BOI,ID,ANM,WE,Towers with Radar,123,80,79,7,289,0,25,180,17,222,123,105,259,24,511,176,2,178,689
06/01/2000,BOI,ID,ANM,WE,Towers with Radar,128,72,85,3,288,1,11,178,23,213,129,83,263,26,501,168,52,220,721
06/02/2000,BOI,ID,ANM,WE,Towers with Radar,128,68,59,8,263,0,9,194,3,206,128,77,253,11,469,274,4,278,747
06/03/2000,BOI,ID,ANM,WE,Towers with Radar,105,54,31,3,193,0,9,153,17,179,105,63,184,20,372,134,18,152,524
06/04/2000,BOI,ID,ANM,WE,Towers with Radar,108,48,25,8,189,1,7,135,5,148,109,55,160,13,337,102,0,102,439
06/05/2000,BOI,ID,ANM,WE,Towers with Radar,122,39,63,14,238,1,13,123,6,143,123,52,186,20,381,50,6,56,437
06/06/2000,BOI,ID,ANM,WE,Towers with Radar,126,60,52,7,245,1,13,152,10,176,127,73,204,17,421,36,20,56,477
06/07/2000,BOI,ID,ANM,WE,Towers with Radar,128,75,62,3,268,0,18,171,9,198,128,93,233,12,466,98,4,102,568
06/08/2000,BOI,ID,ANM,WE,Towers with Radar,129,71,59,7,266,0,4,98,10,112,129,75,157,17,378,34,4,38,416
06/09/2000,BOI,ID,ANM,WE,Towers with Radar,133,67,68,10,278,0,9,129,1,139,133,76,197,11,417,244,24,268,685
06/10/2000,BOI,ID,ANM,WE,Towers with Radar,106,50,28,7,191,0,13,135,16,164,106,63,163,23,355,10,16,26,381
06/11/2000,BOI,ID,ANM,WE,Towers with Radar,103,47,34,9,193,0,15,108,4,127,103,62,142,13,320,122,16,138,458
06/12/2000,BOI,ID,ANM,WE,Towers with Radar,123,65,78,12,278,0,7,93,12,112,123,72,171,24,390,102,32,134,524
06/13/2000,BOI,ID,ANM,WE,Towers with Radar,126,67,81,16,290,0,14,167,4,185,126,81,248,20,475,174,6,180,655
06/14/2000,BOI,ID,ANM,WE,Towers with Radar,133,65,55,16,269,0,14,167,9,190,133,79,222,25,459,250,24,274,733
06/15/2000,BOI,ID,ANM,WE,Towers with Radar,129,61,54,6,250,0,16,88,10,114,129,77,142,16,364,48,2,50,414
06/16/2000,BOI,ID,ANM,WE,Towers with Radar,133,70,57,3,263,0,7,201,7,215,133,77,258,10,478,266,14,280,758
06/17/2000,BOI,ID,ANM,WE,Towers with Radar,110,52,21,3,186,0,15,139,0,154,110,67,160,3,340,130,4,134,474
06/18/2000,BOI,ID,ANM,WE,Towers with Radar,117,52,27,6,202,0,3,172,1,176,117,55,199,7,378,80,0,80,458
06/19/2000,BOI,ID,ANM,WE,Towers with Radar,131,67,61,6,265,0,11,156,14,181,131,78,217,20,446,106,12,118,564
06/20/2000,BOI,ID,ANM,WE,Towers with Radar,126,73,62,35,296,0,16,205,13,234,126,89,267,48,530,142,44,186,716
06/21/2000,BOI,ID,ANM,WE,Towers with Radar,127,74,62,12,275,0,17,184,13,214,127,91,246,25,489,144,16,160,649
06/22/2000,BOI,ID,ANM,WE,Towers with Radar,132,77,63,10,282,0,12,209,13,234,132,89,272,23,516,86,2,88,604
06/23/2000,BOI,ID,ANM,WE,Towers with Radar,136,72,67,18,293,0,17,239,6,262,136,89,306,24,555,118,24,142,697
06/24/2000,BOI,ID,ANM,WE,Towers with Radar,125,55,26,8,214,0,5,211,0,216,125,60,237,8,430,124,2,126,556
06/25/2000,BOI,ID,ANM,WE,Towers with Radar,123,48,31,4,206,0,9,177,0,186,123,57,208,4,392,22,0,22,414
06/26/2000,BOI,ID,ANM,WE,Towers with Radar,124,67,40,8,239,0,14,158,4,176,124,81,198,12,415,116,14,130,545
06/27/2000,BOI,ID,ANM,WE,Towers with Radar,133,71,88,7,299,0,14,241,14,269,133,85,329,21,568,82,4,86,654
06/28/2000,BOI,ID,ANM,WE,Towers with Radar,124,74,72,12,282,0,12,250,9,271,124,86,322,21,553,159,4,163,716
06/29/2000,BOI,ID,ANM,WE,Towers with Radar,132,76,60,1,269,0,19,205,18,242,132,95,265,19,511,122,2,124,635
06/30/2000,BOI,ID,ANM,WE,Towers with Radar,134,73,56,1,264,0,9,304,4,317,134,82,360,5,581,296,6,302,883
07/01/2000,BOI,ID,ANM,WE,Towers with Radar,120,65,29,1,215,1,1,197,2,201,121,66,226,3,416,256,2,258,674
07/02/2000,BOI,ID,ANM,WE,Towers with Radar,103,56,21,1,181,1,9,219,0,229,104,65,240,1,410,30,0,30,440
07/03/2000,BOI,ID,ANM,WE,Towers with Radar,105,63,32,1,201,1,12,150,1,164,106,75,182,2,365,62,0,62,427
07/04/2000,BOI,ID,ANM,WE,Towers with Radar,110,60,38,0,208,1,8,165,5,179,111,68,203,5,387,86,0,86,473
07/05/2000,BOI,ID,ANM,WE,Towers with Radar,128,75,65,7,275,1,20,195,9,225,129,95,260,16,500,102,14,116,616
07/06/2000,BOI,ID,ANM,WE,Towers with Radar,127,71,68,6,272,0,14,228,2,244,127,85,296,8,516,36,4,40,556
07/07/2000,BOI,ID,ANM,WE,Towers with Radar,136,75,78,8,297,1,26,235,3,265,137,101,313,11,562,124,0,124,686
07/08/2000,BOI,ID,ANM,WE,Towers with Radar,130,60,22,7,219,0,13,242,12,267,130,73,264,19,486,114,0,114,600
07/09/2000,BOI,ID,ANM,WE,Towers with Radar,120,54,20,5,199,0,1,192,4,197,120,55,212,9,396,86,0,86,482
07/10/2000,BOI,ID,ANM,WE,Towers with Radar,128,82,48,3,261,0,12,176,12,200,128,94,224,15,461,108,28,136,597
07/11/2000,BOI,ID,ANM,WE,Towers with Radar,130,69,69,13,281,0,19,201,22,242,130,88,270,35,523,46,6,52,575
07/12/2000,BOI,ID,ANM,WE,Towers with Radar,128,81,72,18,299,0,18,210,16,244,128,99,282,34,543,152,46,198,741
07/13/2000,BOI,ID,ANM,WE,Towers with Radar,133,84,78,17,312,0,12,264,13,289,133,96,342,30,601,96,8,104,705
07/14/2000,BOI,ID,ANM,WE,Towers with Radar,131,74,61,23,289,0,37,247,14,298,131,111,308,37,587,216,20,236,823
07/15/2000,BOI,ID,ANM,WE,Towers with Radar,134,52,32,11,229,0,8,255,15,278,134,60,287,26,507,202,8,210,717
07/16/2000,BOI,ID,ANM,WE,Towers with Radar,120,56,29,11,216,0,3,215,6,224,120,59,244,17,440,71,4,75,515
07/17/2000,BOI,ID,ANM,WE,Towers with Radar,118,80,55,19,272,0,11,267,8,286,118,91,322,27,558,50,8,58,616
07/18/2000,BOI,ID,ANM,WE,Towers with Radar,132,76,60,12,280,0,10,237,17,264,132,86,297,29,544,36,8,44,588
07/19/2000,BOI,ID,ANM,WE,Towers with Radar,134,75,81,7,297,0,22,253,13,288,134,97,334,20,585,228,22,250,835
07/20/2000,BOI,ID,ANM,WE,Towers with Radar,134,78,75,7,294,0,17,249,16,282,134,95,324,23,576,168,8,176,752
07/21/2000,BOI,ID,ANM,WE,Towers with Radar,125,60,57,5,247,0,10,284,3,297,125,70,341,8,544,48,10,58,602
07/22/2000,BOI,ID,ANM,WE,Towers with Radar,122,66,32,8,228,0,9,248,3,260,122,75,280,11,488,138,4,142,630
07/23/2000,BOI,ID,ANM,WE,Towers with Radar,133,59,20,0,212,0,2,95,2,99,133,61,115,2,311,70,0,70,381
07/24/2000,BOI,ID,ANM,WE,Towers with Radar,129,76,50,7,262,0,14,214,19,247,129,90,264,26,509,32,4,36,545
07/25/2000,BOI,ID,ANM,WE,Towers with Radar,130,75,58,6,269,0,24,237,16,277,130,99,295,22,546,62,4,66,612
07/26/2000,BOI,ID,ANM,WE,Towers with Radar,135,75,52,12,274,0,18,236,4,258,135,93,288,16,532,52,18,70,602
07/27/2000,BOI,ID,ANM,WE,Towers with Radar,134,69,61,4,268,0,10,259,9,278,134,79,320,13,546,52,20,72,618
07/28/2000,BOI,ID,ANM,WE,Towers with Radar,126,73,52,8,259,0,17,234,9,260,126,90,286,17,519,56,14,70,589
07/29/2000,BOI,ID,ANM,WE,Towers with Radar,132,61,34,1,228,0,4,221,9,234,132,65,255,10,462,18,0,18,480
07/30/2000,BOI,ID,ANM,WE,Towers with Radar,126,53,40,1,220,0,4,187,2,193,126,57,227,3,413,4,0,4,417
07/31/2000,BOI,ID,ANM,WE,Towers with Radar,123,94,50,12,279,0,17,192,6,215,123,111,242,18,494,8,12,20,514
08/01/2000,BOI,ID,ANM,WE,Towers with Radar,126,35,72,14,247,0,31,216,11,258,126,66,288,25,505,14,12,26,531
08/02/2000,BOI,ID,ANM,WE,Towers with Radar,132,82,60,9,283,0,12,206,15,233,132,94,266,24,516,32,16,48,564
08/03/2000,BOI,ID,ANM,WE,Towers with Radar,134,73,65,14,286,0,1,209,20,230,134,74,274,34,516,8,32,40,556
08/04/2000,BOI,ID,ANM,WE,Towers with Radar,126,78,38,32,274,0,6,227,13,246,126,84,265,45,520,38,16,54,574
08/05/2000,BOI,ID,ANM,WE,Towers with Radar,124,60,37,23,244,0,11,217,27,255,124,71,254,50,499,4,32,36,535
08/06/2000,BOI,ID,ANM,WE,Towers with Radar,124,59,33,7,223,0,11,247,24,282,124,70,280,31,505,4,0,4,509
08/07/2000,BOI,ID,ANM,WE,Towers with Radar,122,69,54,7,252,0,19,241,9,269,122,88,295,16,521,16,2,18,539
08/08/2000,BOI,ID,ANM,WE,Towers with Radar,137,77,61,21,296,0,36,198,11,245,137,113,259,32,541,24,8,32,573
08/09/2000,BOI,ID,ANM,WE,Towers with Radar,125,82,55,19,281,0,8,241,11,260,125,90,296,30,541,32,20,52,593
08/10/2000,BOI,ID,ANM,WE,Towers with Radar,143,60,58,10,271,0,12,267,9,288,143,72,325,19,559,42,2,44,603
08/11/2000,BOI,ID,ANM,WE,Towers with Radar,108,56,49,11,224,16,33,195,1,245,124,89,244,12,469,20,8,28,497
08/12/2000,BOI,ID,ANM,WE,Towers with Radar,126,64,57,12,259,7,21,277,9,314,133,85,334,21,573,24,2,26,599
08/13/2000,BOI,ID,ANM,WE,Towers with Radar,121,56,16,3,196,0,27,201,4,232,121,83,217,7,428,2,0,2,430
08/14/2000,BOI,ID,ANM,WE,Towers with Radar,130,67,59,13,269,0,24,19,10,53,130,91,78,23,322,30,14,44,366
08/15/2000,BOI,ID,ANM,WE,Towers with Radar,133,76,80,24,313,0,61,203,18,282,133,137,283,42,595,28,12,40,635
08/16/2000,BOI,ID,ANM,WE,Towers with Radar,134,68,65,19,286,0,33,266,23,322,134,101,331,42,608,30,6,36,644
08/17/2000,BOI,ID,ANM,WE,Towers with Radar,133,73,76,5,287,0,75,215,38,328,133,148,291,43,615,10,40,50,665
08/18/2000,BOI,ID,ANM,WE,Towers with Radar,141,71,79,16,307,0,114,214,51,379,141,185,293,67,686,88,10,98,784
08/19/2000,BOI,ID,ANM,WE,Towers with Radar,118,61,34,3,216,0,62,187,0,249,118,123,221,3,465,16,0,16,481
08/20/2000,BOI,ID,ANM,WE,Towers with Radar,124,51,40,6,221,0,93,196,6,295,124,144,236,12,516,26,0,26,542
08/21/2000,BOI,ID,ANM,WE,Towers with Radar,127,67,70,8,272,0,43,201,29,273,127,110,271,37,545,20,2,22,567
08/22/2000,BOI,ID,ANM,WE,Towers with Radar,131,68,58,9,266,0,66,182,16,264,131,134,240,25,530,18,0,18,548
08/23/2000,BOI,ID,ANM,WE,Towers with Radar,132,77,61,17,287,0,36,140,32,208,132,113,201,49,495,14,14,28,523
08/24/2000,BOI,ID,ANM,WE,Towers with Radar,130,77,73,10,290,0,58,211,26,295,130,135,284,36,585,10,2,12,597
08/25/2000,BOI,ID,ANM,WE,Towers with Radar,142,66,54,16,278,0,27,196,11,234,142,93,250,27,512,136,8,144,656
08/26/2000,BOI,ID,ANM,WE,Towers with Radar,122,57,23,7,209,0,7,212,1,220,122,64,235,8,429,4,0,4,433
08/27/2000,BOI,ID,ANM,WE,Towers with Radar,120,53,36,7,216,0,2,163,4,169,120,55,199,11,385,22,0,22,407
08/28/2000,BOI,ID,ANM,WE,Towers with Radar,136,66,46,13,261,0,12,225,22,259,136,78,271,35,520,8,28,36,556
08/29/2000,BOI,ID,ANM,WE,Towers with Radar,137,76,90,6,309,0,18,218,20,256,137,94,308,26,565,48,38,86,651
08/30/2000,BOI,ID,ANM,WE,Towers with Radar,138,72,69,8,287,0,12,178,11,201,138,84,247,19,488,44,22,66,554
08/31/2000,BOI,ID,ANM,WE,Towers with Radar,128,76,196,28,428,0,6,135,22,163,128,82,331,50,591,26,8,34,625
09/01/2000,BOI,ID,ANM,WE,Towers with Radar,141,80,64,24,309,0,30,104,0,134,141,110,168,24,443,6,4,10,453
09/02/2000,BOI,ID,ANM,WE,Towers with Radar,113,69,40,4,226,3,6,56,0,65,116,75,96,4,291,14,0,14,305
09/03/2000,BOI,ID,ANM,WE,Towers with Radar,91,54,39,4,188,4,2,110,0,116,95,56,149,4,304,18,0,18,322
09/04/2000,BOI,ID,ANM,WE,Towers with Radar,112,53,34,1,200,3,2,145,0,150,115,55,179,1,350,22,2,24,374
09/05/2000,BOI,ID,ANM,WE,Towers with Radar,122,71,58,16,267,0,15,136,0,151,122,86,194,16,418,40,0,40,458
09/06/2000,BOI,ID,ANM,WE,Towers with Radar,132,74,60,13,279,3,21,165,24,213,135,95,225,37,492,20,18,38,530
09/07/2000,BOI,ID,ANM,WE,Towers with Radar,129,70,64,20,283,3,12,198,10,223,132,82,262,30,506,48,10,58,564
09/08/2000,BOI,ID,ANM,WE,Towers with Radar,134,78,63,11,286,2,10,195,25,232,136,88,258,36,518,38,4,42,560
09/09/2000,BOI,ID,ANM,WE,Towers with Radar,125,55,78,28,286,0,0,93,190,283,125,55,171,218,569,38,46,84,653
09/10/2000,BOI,ID,ANM,WE,Towers with Radar,112,45,59,3,219,3,144,3,0,150,115,189,62,3,369,18,0,18,387
09/11/2000,BOI,ID,ANM,WE,Towers with Radar,131,64,64,13,272,3,8,140,2,153,134,72,204,15,425,14,2,16,441
09/12/2000,BOI,ID,ANM,WE,Towers with Radar,131,76,79,19,305,3,11,166,44,224,134,87,245,63,529,40,28,68,597
09/13/2000,BOI,ID,ANM,WE,Towers with Radar,126,74,46,21,267,3,18,182,10,213,129,92,228,31,480,50,0,50,530
09/14/2000,BOI,ID,ANM,WE,Towers with Radar,130,67,81,17,295,3,14,179,35,231,133,81,260,52,526,56,4,60,586
09/15/2000,BOI,ID,ANM,WE,Towers with Radar,128,67,89,14,298,3,13,189,0,205,131,80,278,14,503,54,2,56,559
09/16/2000,BOI,ID,ANM,WE,Towers with Radar,117,60,29,2,208,3,9,105,0,117,120,69,134,2,325,1,2,3,328
09/17/2000,BOI,ID,ANM,WE,Towers with Radar,124,50,30,7,211,1,7,175,0,183,125,57,205,7,394,34,6,40,434
09/18/2000,BOI,ID,ANM,WE,Towers with Radar,127,62,83,14,286,5,14,184,17,220,132,76,267,31,506,48,26,74,580
09/19/2000,BOI,ID,ANM,WE,Towers with Radar,128,71,40,12,251,3,21,127,13,164,131,92,167,25,415,20,8,28,443
09/20/2000,BOI,ID,ANM,WE,Towers with Radar,130,73,56,18,277,3,18,147,12,180,133,91,203,30,457,6,12,18,475
09/21/2000,BOI,ID,ANM,WE,Towers with Radar,127,65,64,15,271,3,7,160,12,182,130,72,224,27,453,44,4,48,501
09/22/2000,BOI,ID,ANM,WE,Towers with Radar,134,71,49,16,270,3,5,110,0,118,137,76,159,16,388,10,0,10,398
09/23/2000,BOI,ID,ANM,WE,Towers with Radar,120,60,32,8,220,3,10,141,0,154,123,70,173,8,374,20,8,28,402
09/24/2000,BOI,ID,ANM,WE,Towers with Radar,113,59,22,0,194,3,8,168,0,179,116,67,190,0,373,20,0,20,393
09/25/2000,BOI,ID,ANM,WE,Towers with Radar,122,63,48,10,243,3,4,122,10,139,125,67,170,20,382,18,13,31,413
09/26/2000,BOI,ID,ANM,WE,Towers with Radar,128,77,52,16,273,3,9,145,19,176,131,86,197,35,449,0,4,4,453
09/27/2000,BOI,ID,ANM,WE,Towers with Radar,129,57,72,19,277,3,12,161,12,188,132,69,233,31,465,22,12,34,499
09/28/2000,BOI,ID,ANM,WE,Towers with Radar,126,64,63,34,287,3,8,164,21,196,129,72,227,55,483,76,26,102,585
09/29/2000,BOI,ID,ANM,WE,Towers with Radar,124,65,47,10,246,3,5,162,0,170,127,70,209,10,416,52,0,52,468
09/30/2000,BOI,ID,ANM,WE,Towers with Radar,110,34,27,8,179,3,9,138,0,150,113,43,165,8,329,40,0,40,369
10/01/2000,BOI,ID,ANM,WE,Towers with Radar,107,45,30,2,184,1,2,101,0,104,108,47,131,2,288,16,0,16,304
10/02/2000,BOI,ID,ANM,WE,Towers with Radar,121,61,53,12,247,1,12,124,29,166,122,73,177,41,413,34,46,80,493
10/03/2000,BOI,ID,ANM,WE,Towers with Radar,145,58,49,15,267,0,9,126,24,159,145,67,175,39,426,30,14,44,470
10/04/2000,BOI,ID,ANM,WE,Towers with Radar,128,68,64,7,267,0,18,118,24,160,128,86,182,31,427,42,6,48,475
10/05/2000,BOI,ID,ANM,WE,Towers with Radar,124,67,71,17,279,0,19,155,16,190,124,86,226,33,469,70,0,70,539
10/06/2000,BOI,ID,ANM,WE,Towers with Radar,126,64,65,10,265,0,6,162,21,189,126,70,227,31,454,36,24,60,514
10/07/2000,BOI,ID,ANM,WE,Towers with Radar,109,41,28,5,183,0,17,167,0,184,109,58,195,5,367,40,2,42,409
10/08/2000,BOI,ID,ANM,WE,Towers with Radar,109,41,39,2,191,0,9,140,0,149,109,50,179,2,340,28,0,28,368
10/09/2000,BOI,ID,ANM,WE,Towers with Radar,112,48,46,0,206,0,20,106,0,126,112,68,152,0,332,24,0,24,356
10/10/2000,BOI,ID,ANM,WE,Towers with Radar,133,40,95,8,276,0,8,30,17,55,133,48,125,25,331,32,26,58,389
10/11/2000,BOI,ID,ANM,WE,Towers with Radar,132,68,85,11,296,0,3,20,5,28,132,71,105,16,324,22,2,24,348
10/12/2000,BOI,ID,ANM,WE,Towers with Radar,126,78,60,10,274,0,8,14,7,29,126,86,74,17,303,10,0,10,313
10/13/2000,BOI,ID,ANM,WE,Towers with Radar,130,72,92,8,302,0,3,54,7,64,130,75,146,15,366,16,16,32,398
10/14/2000,BOI,ID,ANM,WE,Towers with Radar,105,54,32,15,206,0,9,112,39,160,105,63,144,54,366,16,10,26,392
10/15/2000,BOI,ID,ANM,WE,Towers with Radar,114,48,27,7,196,0,4,125,0,129,114,52,152,7,325,6,0,6,331
10/16/2000,BOI,ID,ANM,WE,Towers with Radar,108,64,98,3,273,0,14,109,5,128,108,78,207,8,401,46,0,46,447
10/17/2000,BOI,ID,ANM,WE,Towers with Radar,128,73,63,6,270,0,23,149,16,188,128,96,212,22,458,64,30,94,552
10/18/2000,BOI,ID,ANM,WE,Towers with Radar,133,73,72,10,288,0,6,142,19,167,133,79,214,29,455,52,12,64,519
10/19/2000,BOI,ID,ANM,WE,Towers with Radar,126,71,56,9,262,0,9,90,25,124,126,80,146,34,386,52,10,62,448
10/20/2000,BOI,ID,ANM,WE,Towers with Radar,124,66,56,6,252,0,6,141,5,152,124,72,197,11,404,16,0,16,420
10/21/2000,BOI,ID,ANM,WE,Towers with Radar,118,62,46,13,239,0,1,61,8,70,118,63,107,21,309,40,14,54,363
10/22/2000,BOI,ID,ANM,WE,Towers with Radar,104,49,40,5,198,0,4,101,0,105,104,53,141,5,303,20,0,20,323
10/23/2000,BOI,ID,ANM,WE,Towers with Radar,125,68,74,9,276,0,19,122,26,167,125,87,196,35,443,46,34,80,523
10/24/2000,BOI,ID,ANM,WE,Towers with Radar,126,68,60,9,263,0,17,107,22,146,126,85,167,31,409,36,14,50,459
10/25/2000,BOI,ID,ANM,WE,Towers with Radar,123,73,107,11,314,0,6,123,21,150,123,79,230,32,464,46,14,60,524
10/26/2000,BOI,ID,ANM,WE,Towers with Radar,129,79,96,6,310,0,2,49,6,57,129,81,145,12,367,22,6,28,395
10/27/2000,BOI,ID,ANM,WE,Towers with Radar,122,64,66,9,261,0,4,79,9,92,122,68,145,18,353,14,12,26,379
10/28/2000,BOI,ID,ANM,WE,Towers with Radar,111,57,54,0,222,0,0,67,0,67,111,57,121,0,289,28,0,28,317
10/29/2000,BOI,ID,ANM,WE,Towers with Radar,113,49,43,1,206,0,0,45,0,45,113,49,88,1,251,14,8,22,273
10/30/2000,BOI,ID,ANM,WE,Towers with Radar,122,72,66,4,264,0,0,79,10,89,122,72,145,14,353,8,2,10,363
10/31/2000,BOI,ID,ANM,WE,Towers with Radar,126,72,61,8,267,0,5,65,14,84,126,77,126,22,351,18,4,22,373
11/01/2000,BOI,ID,ANM,WE,Towers with Radar,124,65,58,16,263,1,9,97,22,129,125,74,155,38,392,10,0,10,402
11/02/2000,BOI,ID,ANM,WE,Towers with Radar,135,68,86,23,312,1,19,116,15,151,136,87,202,38,463,32,2,34,497
11/03/2000,BOI,ID,ANM,WE,Towers with Radar,130,59,64,16,269,0,11,162,4,177,130,70,226,20,446,24,0,24,470
11/04/2000,BOI,ID,ANM,WE,Towers with Radar,106,61,19,10,196,0,9,72,26,107,106,70,91,36,303,26,4,30,333
11/05/2000,BOI,ID,ANM,WE,Towers with Radar,107,45,22,3,177,1,6,65,3,75,108,51,87,6,252,16,2,18,270
11/06/2000,BOI,ID,ANM,WE,Towers with Radar,121,65,47,4,237,0,10,69,10,89,121,75,116,14,326,20,2,22,348
11/07/2000,BOI,ID,ANM,WE,Towers with Radar,129,66,43,18,256,0,16,110,19,145,129,82,153,37,401,8,14,22,423
11/08/2000,BOI,ID,ANM,WE,Towers with Radar,129,101,44,16,290,0,3,3,3,9,129,104,47,19,299,13,2,15,314
11/09/2000,BOI,ID,ANM,WE,Towers with Radar,137,73,48,10,268,0,7,53,18,78,137,80,101,28,346,18,10,28,374
11/10/2000,BOI,ID,ANM,WE,Towers with Radar,128,77,56,0,261,0,8,45,4,57,128,85,101,4,318,34,0,34,352
11/11/2000,BOI,ID,ANM,WE,Towers with Radar,104,50,34,2,190,0,7,51,2,60,104,57,85,4,250,20,0,20,270
11/12/2000,BOI,ID,ANM,WE,Towers with Radar,104,46,24,4,178,0,1,35,0,36,104,47,59,4,214,28,0,28,242
11/13/2000,BOI,ID,ANM,WE,Towers with Radar,122,81,92,24,319,0,4,70,20,94,122,85,162,44,413,42,26,68,481
11/14/2000,BOI,ID,ANM,WE,Towers with Radar,130,96,52,24,302,0,0,2,0,2,130,96,54,24,304,6,12,18,322
11/15/2000,BOI,ID,ANM,WE,Towers with Radar,114,65,57,23,259,0,25,15,0,40,114,90,72,23,299,40,10,50,349
11/16/2000,BOI,ID,ANM,WE,Towers with Radar,115,72,79,30,296,0,3,98,20,121,115,75,177,50,417,39,10,49,466
11/17/2000,BOI,ID,ANM,WE,Towers with Radar,129,90,61,27,307,0,3,53,3,59,129,93,114,30,366,42,0,42,408
11/18/2000,BOI,ID,ANM,WE,Towers with Radar,109,50,43,1,203,0,3,62,8,73,109,53,105,9,276,40,0,40,316
11/19/2000,BOI,ID,ANM,WE,Towers with Radar,108,38,40,4,190,0,1,11,0,12,108,39,51,4,202,20,0,20,222
11/20/2000,BOI,ID,ANM,WE,Towers with Radar,121,92,59,17,289,0,2,81,27,110,121,94,140,44,399,68,22,90,489
11/21/2000,BOI,ID,ANM,WE,Towers with Radar,126,80,67,16,289,0,12,94,16,122,126,92,161,32,411,40,8,48,459
11/22/2000,BOI,ID,ANM,WE,Towers with Radar,131,74,55,14,274,3,3,111,14,131,134,77,166,28,405,7,20,27,432
11/23/2000,BOI,ID,ANM,WE,Towers with Radar,82,46,9,0,137,0,2,34,0,36,82,48,43,0,173,10,0,10,183
11/24/2000,BOI,ID,ANM,WE,Towers with Radar,128,60,17,0,205,0,0,2,0,2,128,60,19,0,207,0,0,0,207
11/25/2000,BOI,ID,ANM,WE,Towers with Radar,103,56,21,2,182,0,4,82,0,86,103,60,103,2,268,54,0,54,322
11/26/2000,BOI,ID,ANM,WE,Towers with Radar,104,45,36,5,190,0,0,17,0,17,104,45,53,5,207,32,0,32,239
11/27/2000,BOI,ID,ANM,WE,Towers with Radar,118,83,68,16,285,0,3,36,26,65,118,86,104,42,350,20,32,52,402
11/28/2000,BOI,ID,ANM,WE,Towers with Radar,138,79,72,14,303,0,10,115,23,148,138,89,187,37,451,6,2,8,459
11/29/2000,BOI,ID,ANM,WE,Towers with Radar,129,77,66,20,292,0,6,32,19,57,129,83,98,39,349,32,34,66,415
11/30/2000,BOI,ID,ANM,WE,Towers with Radar,134,77,71,15,297,0,11,56,24,91,134,88,127,39,388,20,0,20,408
12/01/2000,BOI,ID,ANM,WE,Towers with Radar,131,76,52,12,271,0,13,87,20,120,131,89,139,32,391,58,12,70,461
12/02/2000,BOI,ID,ANM,WE,Towers with Radar,109,43,41,17,210,0,60,111,17,188,109,103,152,34,398,48,30,78,476
12/03/2000,BOI,ID,ANM,WE,Towers with Radar,109,49,30,3,191,0,1,89,12,102,109,50,119,15,293,34,0,34,327
12/04/2000,BOI,ID,ANM,WE,Towers with Radar,115,65,91,9,280,0,1,49,9,59,115,66,140,18,339,41,10,51,390
12/05/2000,BOI,ID,ANM,WE,Towers with Radar,98,42,59,4,203,0,0,4,1,5,98,42,63,5,208,6,2,8,216
12/06/2000,BOI,ID,ANM,WE,Towers with Radar,103,60,66,9,238,0,5,11,2,18,103,65,77,11,256,58,16,74,330
12/07/2000,BOI,ID,ANM,WE,Towers with Radar,131,89,72,0,292,0,0,5,1,6,131,89,77,1,298,23,0,23,321
12/08/2000,BOI,ID,ANM,WE,Towers with Radar,126,71,51,6,254,0,14,2,0,16,126,85,53,6,270,16,0,16,286
12/09/2000,BOI,ID,ANM,WE,Towers with Radar,93,48,22,0,163,10,7,0,0,17,103,55,22,0,180,0,0,0,180
12/10/2000,BOI,ID,ANM,WE,Towers with Radar,109,50,23,1,183,0,0,22,2,24,109,50,45,3,207,52,0,52,259
12/11/2000,BOI,ID,ANM,WE,Towers with Radar,118,65,34,8,225,0,12,71,30,113,118,77,105,38,338,86,3,89,427
12/12/2000,BOI,ID,ANM,WE,Towers with Radar,132,79,61,11,283,0,7,28,14,49,132,86,89,25,332,42,36,78,410
12/13/2000,BOI,ID,ANM,WE,Towers with Radar,127,77,70,34,308,0,4,43,17,64,127,81,113,51,372,76,16,92,464
12/14/2000,BOI,ID,ANM,WE,Towers with Radar,135,63,61,10,269,0,0,51,18,69,135,63,112,28,338,36,14,50,388
12/15/2000,BOI,ID,ANM,WE,Towers with Radar,123,71,42,5,241,0,1,23,8,32,123,72,65,13,273,4,8,12,285
12/16/2000,BOI,ID,ANM,WE,Towers with Radar,111,53,36,0,200,0,8,87,2,97,111,61,123,2,297,62,0,62,359
12/17/2000,BOI,ID,ANM,WE,Towers with Radar,106,44,18,0,168,0,1,124,1,126,106,45,142,1,294,82,0,82,376
12/18/2000,BOI,ID,ANM,WE,Towers with Radar,111,65,77,13,266,0,6,140,8,154,111,71,217,21,420,84,4,88,508
12/19/2000,BOI,ID,ANM,WE,Towers with Radar,137,65,52,8,262,0,0,111,13,124,137,65,163,21,386,48,4,52,438
12/20/2000,BOI,ID,ANM,WE,Towers with Radar,138,80,57,9,284,0,3,75,15,93,138,83,132,24,377,77,20,97,474
12/21/2000,BOI,ID,ANM,WE,Towers with Radar,134,85,61,10,290,0,4,110,18,132,134,89,171,28,422,0,0,0,422
12/22/2000,BOI,ID,ANM,WE,Towers with Radar,136,74,47,3,260,0,3,23,0,26,136,77,70,3,286,42,2,44,330
12/23/2000,BOI,ID,ANM,WE,Towers with Radar,116,55,29,0,200,0,12,85,0,97,116,67,114,0,297,71,0,71,368
12/24/2000,BOI,ID,ANM,WE,Towers with Radar,88,46,18,0,152,22,8,0,0,30,110,54,18,0,182,8,0,8,190
12/25/2000,BOI,ID,ANM,WE,Towers with Radar,101,45,8,0,154,0,11,33,0,44,101,56,41,0,198,12,0,12,210
12/26/2000,BOI,ID,ANM,WE,Towers with Radar,125,74,35,5,239,0,11,72,5,88,125,85,107,10,327,34,4,38,365
12/27/2000,BOI,ID,ANM,WE,Towers with Radar,137,64,36,15,252,0,9,86,23,118,137,73,122,38,370,62,20,82,452
12/28/2000,BOI,ID,ANM,WE,Towers with Radar,124,86,42,5,257,0,0,9,0,9,124,86,51,5,266,20,0,20,286
12/29/2000,BOI,ID,ANM,WE,Towers with Radar,129,70,50,7,256,0,19,47,0,66,129,89,97,7,322,70,20,90,412
12/30/2000,BOI,ID,ANM,WE,Towers with Radar,158,62,35,0,255,71,0,0,0,71,229,62,35,0,326,56,0,56,382
12/31/2000,BOI,ID,ANM,WE,Towers with Radar,85,42,17,0,144,0,0,20,0,20,85,42,37,0,164,68,0,68,232
01/01/2001,BOI,ID,ANM,WE,Towers with Radar,97,47,30,0,174,2,2,1,0,5,99,49,31,0,179,0,0,0,179
01/02/2001,BOI,ID,ANM,WE,Towers with Radar,121,73,78,8,280,2,4,55,27,88,123,77,133,35,368,61,12,73,441
01/03/2001,BOI,ID,ANM,WE,Towers with Radar,102,53,48,26,229,1,3,89,23,116,103,56,137,49,345,68,10,78,423
01/04/2001,BOI,ID,ANM,WE,Towers with Radar,132,75,55,22,284,2,14,65,25,106,134,89,120,47,390,43,12,55,445
01/05/2001,BOI,ID,ANM,WE,Towers with Radar,124,77,51,6,258,1,20,115,0,136,125,97,166,6,394,58,10,68,462
01/06/2001,BOI,ID,ANM,WE,Towers with Radar,103,61,22,9,195,2,17,59,0,78,105,78,81,9,273,116,0,116,389
01/07/2001,BOI,ID,ANM,WE,Towers with Radar,104,45,40,11,200,1,0,82,0,83,105,45,122,11,283,28,0,28,311
01/08/2001,BOI,ID,ANM,WE,Towers with Radar,117,62,72,23,274,1,1,80,13,95,118,63,152,36,369,134,24,158,527
01/09/2001,BOI,ID,ANM,WE,Towers with Radar,128,73,64,19,284,2,8,9,5,24,130,81,73,24,308,6,8,14,322
01/10/2001,BOI,ID,ANM,WE,Towers with Radar,133,85,48,15,281,2,14,24,0,40,135,99,72,15,321,14,0,14,335
01/11/2001,BOI,ID,ANM,WE,Towers with Radar,124,76,67,20,287,0,11,51,9,71,124,87,118,29,358,68,28,96,454
01/12/2001,BOI,ID,ANM,WE,Towers with Radar,115,76,56,0,247,2,0,0,0,2,117,76,56,0,249,0,0,0,249
01/13/2001,BOI,ID,ANM,WE,Towers with Radar,89,51,45,3,188,20,10,28,0,58,109,61,73,3,246,64,0,64,310
01/14/2001,BOI,ID,ANM,WE,Towers with Radar,101,55,38,0,194,2,0,14,0,16,103,55,52,0,210,32,0,32,242
01/15/2001,BOI,ID,ANM,WE,Towers with Radar,114,51,69,2,236,2,14,61,0,77,116,65,130,2,313,124,0,124,437
01/16/2001,BOI,ID,ANM,WE,Towers with Radar,125,67,69,23,284,2,4,116,23,145,127,71,185,46,429,120,34,154,583
01/17/2001,BOI,ID,ANM,WE,Towers with Radar,127,79,62,34,302,2,3,87,9,101,129,82,149,43,403,70,22,92,495
01/18/2001,BOI,ID,ANM,WE,Towers with Radar,127,83,82,27,319,1,5,74,19,99,128,88,156,46,418,76,18,94,512
01/19/2001,BOI,ID,ANM,WE,Towers with Radar,123,70,55,5,253,1,1,14,0,16,124,71,69,5,269,14,0,14,283
01/20/2001,BOI,ID,ANM,WE,Towers with Radar,101,51,37,24,213,1,2,3,0,6,102,53,40,24,219,14,8,22,241
01/21/2001,BOI,ID,ANM,WE,Towers with Radar,102,39,61,21,223,1,10,66,2,79,103,49,127,23,302,86,34,120,422
01/22/2001,BOI,ID,ANM,WE,Towers with Radar,122,72,67,19,280,0,0,81,48,129,122,72,148,67,409,96,12,108,517
01/23/2001,BOI,ID,ANM,WE,Towers with Radar,132,75,74,21,302,0,0,43,51,94,132,75,117,72,396,49,44,93,489
01/24/2001,BOI,ID,ANM,WE,Towers with Radar,132,75,74,21,302,0,0,43,51,94,132,75,117,72,396,49,44,93,489
01/25/2001,BOI,ID,ANM,WE,Towers with Radar,126,82,61,27,296,1,4,46,25,76,127,86,107,52,372,42,2,44,416
01/26/2001,BOI,ID,ANM,WE,Towers with Radar,124,66,69,14,273,1,12,76,2,91,125,78,145,16,364,54,2,56,420
01/27/2001,BOI,ID,ANM,WE,Towers with Radar,100,50,30,4,184,1,4,31,0,36,101,54,61,4,220,92,0,92,312
01/28/2001,BOI,ID,ANM,WE,Towers with Radar,99,37,36,1,173,1,1,0,0,2,100,38,36,1,175,0,0,0,175
01/29/2001,BOI,ID,ANM,WE,Towers with Radar,113,70,51,15,249,1,5,2,0,8,114,75,53,15,257,9,0,9,266
01/30/2001,BOI,ID,ANM,WE,Towers with Radar,117,70,94,12,293,1,4,39,21,65,118,74,133,33,358,76,6,82,440
01/31/2001,BOI,ID,ANM,WE,Towers with Radar,127,75,93,16,311,1,8,77,19,105,128,83,170,35,416,132,12,144,560
02/01/2001,BOI,ID,ANM,WE,Towers with Radar,129,80,74,17,300,0,5,77,25,107,129,85,151,42,407,75,42,117,524
02/02/2001,BOI,ID,ANM,WE,Towers with Radar,104,67,52,2,225,1,2,7,4,14,105,69,59,6,239,4,14,18,257
02/03/2001,BOI,ID,ANM,WE,Towers with Radar,103,56,38,20,217,1,1,6,15,23,104,57,44,35,240,27,26,53,293
02/04/2001,BOI,ID,ANM,WE,Towers with Radar,101,47,61,15,224,1,54,4,0,59,102,101,65,15,283,96,12,108,391
02/05/2001,BOI,ID,ANM,WE,Towers with Radar,121,70,53,9,253,1,2,29,20,52,122,72,82,29,305,38,16,54,359
02/06/2001,BOI,ID,ANM,WE,Towers with Radar,124,80,36,70,310,1,7,53,35,96,125,87,89,105,406,52,52,104,510
02/07/2001,BOI,ID,ANM,WE,Towers with Radar,124,69,77,29,299,1,6,83,15,105,125,75,160,44,404,77,36,113,517
02/08/2001,BOI,ID,ANM,WE,Towers with Radar,123,67,84,27,301,1,15,89,23,128,124,82,173,50,429,84,54,138,567
02/09/2001,BOI,ID,ANM,WE,Towers with Radar,123,77,58,26,284,1,5,24,3,33,124,82,82,29,317,56,28,84,401
02/10/2001,BOI,ID,ANM,WE,Towers with Radar,99,59,30,3,191,1,0,37,0,38,100,59,67,3,229,68,0,68,297
02/11/2001,BOI,ID,ANM,WE,Towers with Radar,100,45,51,3,199,1,1,55,0,57,101,46,106,3,256,22,8,30,286
02/12/2001,BOI,ID,ANM,WE,Towers with Radar,118,73,65,27,283,1,4,12,10,27,119,77,77,37,310,35,46,81,391
02/13/2001,BOI,ID,ANM,WE,Towers with Radar,125,79,86,8,298,0,3,25,15,43,125,82,111,23,341,128,28,156,497
02/14/2001,BOI,ID,ANM,WE,Towers with Radar,122,84,63,16,285,0,2,84,20,106,122,86,147,36,391,29,8,37,428
02/15/2001,BOI,ID,ANM,WE,Towers with Radar,128,75,100,16,319,0,14,108,32,154,128,89,208,48,473,147,18,165,638
02/16/2001,BOI,ID,ANM,WE,Towers with Radar,128,69,82,10,289,0,10,121,2,133,128,79,203,12,422,62,2,64,486
02/17/2001,BOI,ID,ANM,WE,Towers with Radar,107,50,33,3,193,0,14,89,1,104,107,64,122,4,297,59,0,59,356
02/18/2001,BOI,ID,ANM,WE,Towers with Radar,99,45,28,2,174,0,2,89,0,91,99,47,117,2,265,80,0,80,345
02/19/2001,BOI,ID,ANM,WE,Towers with Radar,115,56,42,0,213,0,1,58,0,59,115,57,100,0,272,58,0,58,330
02/20/2001,BOI,ID,ANM,WE,Towers with Radar,131,75,61,16,283,0,10,29,24,63,131,85,90,40,346,28,30,58,404
02/21/2001,BOI,ID,ANM,WE,Towers with Radar,130,65,97,10,302,0,8,35,11,54,130,73,132,21,356,58,44,102,458
02/22/2001,BOI,ID,ANM,WE,Towers with Radar,130,74,74,18,296,0,18,92,19,129,130,92,166,37,425,14,0,14,439
02/23/2001,BOI,ID,ANM,WE,Towers with Radar,118,77,70,7,272,0,4,62,8,74,118,81,132,15,346,58,0,58,404
02/24/2001,BOI,ID,ANM,WE,Towers with Radar,107,58,35,1,201,0,12,130,1,143,107,70,165,2,344,160,0,160,504
02/25/2001,BOI,ID,ANM,WE,Towers with Radar,96,49,33,4,182,0,4,40,0,44,96,53,73,4,226,60,0,60,286
02/26/2001,BOI,ID,ANM,WE,Towers with Radar,127,73,57,11,268,0,3,66,4,73,127,76,123,15,341,90,12,102,443
02/27/2001,BOI,ID,ANM,WE,Towers with Radar,124,70,61,6,261,0,10,132,12,154,124,80,193,18,415,98,2,100,515
02/28/2001,BOI,ID,ANM,WE,Towers with Radar,121,71,98,13,303,0,7,103,13,123,121,78,201,26,426,84,6,90,516
03/01/2001,BOI,ID,ANM,WE,Towers with Radar,119,79,73,15,286,0,6,130,31,167,119,85,203,46,453,65,44,109,562
03/02/2001,BOI,ID,ANM,WE,Towers with Radar,122,78,62,10,272,3,3,11,4,21,125,81,73,14,293,0,6,6,299
03/03/2001,BOI,ID,ANM,WE,Towers with Radar,102,58,43,17,220,4,17,93,21,135,106,75,136,38,355,66,12,78,433
03/04/2001,BOI,ID,ANM,WE,Towers with Radar,99,34,35,17,185,2,7,30,11,50,101,41,65,28,235,32,10,42,277
03/05/2001,BOI,ID,ANM,WE,Towers with Radar,120,71,71,7,269,3,5,65,6,79,123,76,136,13,348,14,0,14,362
03/06/2001,BOI,ID,ANM,WE,Towers with Radar,128,72,63,5,268,3,12,162,20,197,131,84,225,25,465,100,2,102,567
03/07/2001,BOI,ID,ANM,WE,Towers with Radar,123,85,68,9,285,3,27,140,10,180,126,112,208,19,465,68,10,78,543
03/08/2001,BOI,ID,ANM,WE,Towers with Radar,127,71,77,7,282,0,14,115,13,142,127,85,192,20,424,50,34,84,508
03/09/2001,BOI,ID,ANM,WE,Towers with Radar,126,78,83,17,304,0,1,66,1,68,126,79,149,18,372,60,10,70,442
03/10/2001,BOI,ID,ANM,WE,Towers with Radar,97,59,41,6,203,3,9,92,0,104,100,68,133,6,307,88,0,88,395
03/11/2001,BOI,ID,ANM,WE,Towers with Radar,92,49,31,6,178,4,12,78,0,94,96,61,109,6,272,30,0,30,302
03/12/2001,BOI,ID,ANM,WE,Towers with Radar,122,73,66,14,275,0,17,84,27,128,122,90,150,41,403,124,38,162,565
03/13/2001,BOI,ID,ANM,WE,Towers with Radar,134,80,67,20,301,6,14,105,18,143,140,94,172,38,444,98,4,102,546
03/14/2001,BOI,ID,ANM,WE,Towers with Radar,124,82,80,31,317,4,8,87,13,112,128,90,167,44,429,50,2,52,481
03/15/2001,BOI,ID,ANM,WE,Towers with Radar,132,76,82,34,324,0,14,116,22,152,132,90,198,56,476,140,28,168,644
03/16/2001,BOI,ID,ANM,WE,Towers with Radar,129,79,71,7,286,0,6,53,2,61,129,85,124,9,347,46,4,50,397
03/17/2001,BOI,ID,ANM,WE,Towers with Radar,104,54,62,6,226,3,5,103,0,111,107,59,165,6,337,112,28,140,477
03/18/2001,BOI,ID,ANM,WE,Towers with Radar,99,44,46,3,192,4,1,71,0,76,103,45,117,3,268,106,0,106,374
03/19/2001,BOI,ID,ANM,WE,Towers with Radar,115,73,69,7,264,3,13,71,18,105,118,86,140,25,369,85,2,87,456
03/20/2001,BOI,ID,ANM,WE,Towers with Radar,129,83,75,15,302,0,16,121,30,167,129,99,196,45,469,100,24,124,593
03/21/2001,BOI,ID,ANM,WE,Towers with Radar,129,80,73,14,296,0,16,135,35,186,129,96,208,49,482,87,16,103,585
03/22/2001,BOI,ID,ANM,WE,Towers with Radar,138,67,70,10,285,1,11,153,31,196,139,78,223,41,481,167,18,185,666
03/23/2001,BOI,ID,ANM,WE,Towers with Radar,122,69,72,9,272,3,7,111,10,131,125,76,183,19,403,80,8,88,491
03/24/2001,BOI,ID,ANM,WE,Towers with Radar,101,51,26,2,180,3,19,129,0,151,104,70,155,2,331,174,0,174,505
03/25/2001,BOI,ID,ANM,WE,Towers with Radar,98,48,28,4,178,3,1,53,0,57,101,49,81,4,235,26,0,26,261
03/26/2001,BOI,ID,ANM,WE,Towers with Radar,127,63,64,11,265,0,5,82,8,95,127,68,146,19,360,48,10,58,418
03/27/2001,BOI,ID,ANM,WE,Towers with Radar,126,76,69,15,286,0,5,94,36,135,126,81,163,51,421,130,46,176,597
03/28/2001,BOI,ID,ANM,WE,Towers with Radar,125,78,74,9,286,1,12,91,21,125,126,90,165,30,411,82,34,116,527
03/29/2001,BOI,ID,ANM,WE,Towers with Radar,123,70,54,7,254,1,4,151,27,183,124,74,205,34,437,148,18,166,603
03/30/2001,BOI,ID,ANM,WE,Towers with Radar,121,71,53,6,251,2,12,88,13,115,123,83,141,19,366,34,6,40,406
03/31/2001,BOI,ID,ANM,WE,Towers with Radar,109,51,41,2,203,0,16,82,8,106,109,67,123,10,309,107,0,107,416
04/01/2001,BOI,ID,ANM,WE,Towers with Radar,96,36,24,4,160,3,2,99,1,105,99,38,123,5,265,52,0,52,317
04/02/2001,BOI,ID,ANM,WE,Towers with Radar,122,69,48,8,247,2,9,29,1,41,124,78,77,9,288,76,2,78,366
04/03/2001,BOI,ID,ANM,WE,Towers with Radar,127,88,83,15,313,0,4,97,48,149,127,92,180,63,462,62,58,120,582
04/04/2001,BOI,ID,ANM,WE,Towers with Radar,133,77,89,23,322,1,12,140,19,172,134,89,229,42,494,76,46,122,616
04/05/2001,BOI,ID,ANM,WE,Towers with Radar,127,71,105,6,309,1,18,151,23,193,128,89,256,29,502,110,20,130,632
04/06/2001,BOI,ID,ANM,WE,Towers with Radar,123,68,66,10,267,0,0,47,0,47,123,68,113,10,314,98,2,100,414
04/07/2001,BOI,ID,ANM,WE,Towers with Radar,101,54,47,2,204,1,5,11,0,17,102,59,58,2,221,10,0,10,231
04/08/2001,BOI,ID,ANM,WE,Towers with Radar,101,47,40,1,189,2,6,54,4,66,103,53,94,5,255,92,0,92,347
04/09/2001,BOI,ID,ANM,WE,Towers with Radar,120,69,69,9,267,1,1,97,14,113,121,70,166,23,380,102,14,116,496
04/10/2001,BOI,ID,ANM,WE,Towers with Radar,125,67,125,16,333,1,8,84,19,112,126,75,209,35,445,88,24,112,557
04/11/2001,BOI,ID,ANM,WE,Towers with Radar,120,74,69,9,272,1,8,17,14,40,121,82,86,23,312,108,32,140,452
04/12/2001,BOI,ID,ANM,WE,Towers with Radar,127,69,91,20,307,1,4,57,17,79,128,73,148,37,386,52,2,54,440
04/13/2001,BOI,ID,ANM,WE,Towers with Radar,124,72,81,9,286,1,7,88,3,99,125,79,169,12,385,130,28,158,543
04/14/2001,BOI,ID,ANM,WE,Towers with Radar,98,51,41,1,191,1,3,144,0,148,99,54,185,1,339,128,0,128,467
04/15/2001,BOI,ID,ANM,WE,Towers with Radar,103,45,16,2,166,1,2,50,0,53,104,47,66,2,219,28,0,28,247
04/16/2001,BOI,ID,ANM,WE,Towers with Radar,114,69,62,12,257,1,8,106,20,135,115,77,168,32,392,146,4,150,542
04/17/2001,BOI,ID,ANM,WE,Towers with Radar,126,73,67,20,286,1,10,132,18,161,127,83,199,38,447,74,52,126,573
04/18/2001,BOI,ID,ANM,WE,Towers with Radar,121,70,90,21,302,1,6,147,22,176,122,76,237,43,478,46,8,54,532
04/19/2001,BOI,ID,ANM,WE,Towers with Radar,125,70,61,17,273,1,10,49,14,74,126,80,110,31,347,34,26,60,407
04/20/2001,BOI,ID,ANM,WE,Towers with Radar,128,78,59,9,274,1,17,46,3,67,129,95,105,12,341,89,2,91,432
04/21/2001,BOI,ID,ANM,WE,Towers with Radar,99,56,40,6,201,2,8,52,1,63,101,64,92,7,264,112,8,120,384
04/22/2001,BOI,ID,ANM,WE,Towers with Radar,98,49,29,5,181,2,2,98,1,103,100,51,127,6,284,60,2,62,346
04/23/2001,BOI,ID,ANM,WE,Towers with Radar,118,70,57,8,253,2,5,108,19,134,120,75,165,27,387,105,36,141,528
04/24/2001,BOI,ID,ANM,WE,Towers with Radar,128,87,58,20,293,1,15,124,31,171,129,102,182,51,464,80,16,96,560
04/25/2001,BOI,ID,ANM,WE,Towers with Radar,130,80,75,15,300,0,16,165,39,220,130,96,240,54,520,91,16,107,627
04/26/2001,BOI,ID,ANM,WE,Towers with Radar,127,79,67,15,288,2,8,130,26,166,129,87,197,41,454,44,38,82,536
04/27/2001,BOI,ID,ANM,WE,Towers with Radar,122,70,62,17,271,2,10,149,8,169,124,80,211,25,440,54,14,68,508
04/28/2001,BOI,ID,ANM,WE,Towers with Radar,99,55,21,2,177,1,11,81,0,93,100,66,102,2,270,106,0,106,376
04/29/2001,BOI,ID,ANM,WE,Towers with Radar,100,51,53,2,206,4,0,127,0,131,104,51,180,2,337,124,0,124,461
04/30/2001,BOI,ID,ANM,WE,Towers with Radar,118,79,55,9,261,1,6,61,9,77,119,85,116,18,338,48,18,66,404
05/01/2001,BOI,ID,ANM,WE,Towers with Radar,126,74,62,12,274,1,15,41,17,74,127,89,103,29,348,6,8,14,362
05/02/2001,BOI,ID,ANM,WE,Towers with Radar,128,73,76,8,285,0,4,64,23,91,128,77,140,31,376,7,14,21,397
05/03/2001,BOI,ID,ANM,WE,Towers with Radar,128,57,49,8,242,0,3,138,16,157,128,60,187,24,399,37,0,37,436
05/04/2001,BOI,ID,ANM,WE,Towers with Radar,101,57,72,6,236,0,10,161,8,179,101,67,233,14,415,58,0,58,473
05/05/2001,BOI,ID,ANM,WE,Towers with Radar,123,58,31,13,225,0,20,111,23,154,123,78,142,36,379,52,13,65,444
05/06/2001,BOI,ID,ANM,WE,Towers with Radar,100,34,24,5,163,0,16,113,18,147,100,50,137,23,310,26,4,30,340
05/07/2001,BOI,ID,ANM,WE,Towers with Radar,125,59,46,8,238,0,13,141,8,162,125,72,187,16,400,98,8,106,506
05/08/2001,BOI,ID,ANM,WE,Towers with Radar,128,69,84,11,292,0,18,101,22,141,128,87,185,33,433,33,4,37,470
05/09/2001,BOI,ID,ANM,WE,Towers with Radar,128,65,81,17,291,0,13,159,37,209,128,78,240,54,500,60,10,70,570
05/10/2001,BOI,ID,ANM,WE,Towers with Radar,129,67,76,17,289,0,18,140,24,182,129,85,216,41,471,28,4,32,503
05/11/2001,BOI,ID,ANM,WE,Towers with Radar,127,71,58,11,267,0,21,212,7,240,127,92,270,18,507,24,0,24,531
05/12/2001,BOI,ID,ANM,WE,Towers with Radar,100,52,38,1,191,0,18,145,1,164,100,70,183,2,355,50,0,50,405
05/13/2001,BOI,ID,ANM,WE,Towers with Radar,90,48,42,2,182,12,19,79,0,110,102,67,121,2,292,18,0,18,310
05/14/2001,BOI,ID,ANM,WE,Towers with Radar,118,77,66,23,284,0,4,110,23,137,118,81,176,46,421,110,40,150,571
05/15/2001,BOI,ID,ANM,WE,Towers with Radar,112,83,64,9,268,0,2,45,21,68,112,85,109,30,336,34,12,46,382
05/16/2001,BOI,ID,ANM,WE,Towers with Radar,126,76,65,10,277,0,9,114,37,160,126,85,179,47,437,46,28,74,511
05/17/2001,BOI,ID,ANM,WE,Towers with Radar,129,73,58,4,264,0,6,166,28,200,129,79,224,32,464,72,8,80,544
05/18/2001,BOI,ID,ANM,WE,Towers with Radar,127,63,52,8,250,0,9,164,9,182,127,72,216,17,432,34,10,44,476
05/19/2001,BOI,ID,ANM,WE,Towers with Radar,100,51,16,8,175,0,38,86,19,143,100,89,102,27,318,28,16,44,362
05/20/2001,BOI,ID,ANM,WE,Towers with Radar,99,39,20,2,160,0,11,60,2,73,99,50,80,4,233,8,0,8,241
05/21/2001,BOI,ID,ANM,WE,Towers with Radar,120,65,55,9,249,0,9,141,10,160,120,74,196,19,409,44,4,48,457
05/22/2001,BOI,ID,ANM,WE,Towers with Radar,129,83,70,16,298,0,13,156,26,195,129,96,226,42,493,54,14,68,561
05/23/2001,BOI,ID,ANM,WE,Towers with Radar,126,79,77,15,297,0,23,179,28,230,126,102,256,43,527,116,10,126,653
05/24/2001,BOI,ID,ANM,WE,Towers with Radar,131,82,60,7,280,0,13,157,12,182,131,95,217,19,462,33,2,35,497
05/25/2001,BOI,ID,ANM,WE,Towers with Radar,126,73,65,13,277,0,23,189,7,219,126,96,254,20,496,64,2,66,562
05/26/2001,BOI,ID,ANM,WE,Towers with Radar,98,47,24,1,170,0,18,103,0,121,98,65,127,1,291,49,0,49,340
05/27/2001,BOI,ID,ANM,WE,Towers with Radar,72,39,36,1,148,0,13,93,0,106,72,52,129,1,254,45,0,45,299
05/28/2001,BOI,ID,ANM,WE,Towers with Radar,123,46,31,0,200,0,7,119,4,130,123,53,150,4,330,68,0,68,398
05/29/2001,BOI,ID,ANM,WE,Towers with Radar,120,69,59,10,258,0,4,148,6,158,120,73,207,16,416,38,11,49,465
05/30/2001,BOI,ID,ANM,WE,Towers with Radar,127,73,60,15,275,0,10,154,11,175,127,83,214,26,450,60,2,62,512
05/31/2001,BOI,ID,ANM,WE,Towers with Radar,132,74,67,21,294,0,15,177,19,211,132,89,244,40,505,96,8,104,609
06/01/2001,BOI,ID,ANM,WE,Towers with Radar,128,69,31,23,251,0,5,148,4,157,128,74,179,27,408,46,14,60,468
06/02/2001,BOI,ID,ANM,WE,Towers with Radar,81,45,36,6,168,20,13,82,4,119,101,58,118,10,287,54,0,54,341
06/03/2001,BOI,ID,ANM,WE,Towers with Radar,99,44,23,3,169,0,7,65,3,75,99,51,88,6,244,24,0,24,268
06/04/2001,BOI,ID,ANM,WE,Towers with Radar,118,64,63,26,271,0,15,98,12,125,118,79,161,38,396,108,20,128,524
06/05/2001,BOI,ID,ANM,WE,Towers with Radar,125,83,78,11,297,0,6,111,23,140,125,89,189,34,437,52,18,70,507
06/06/2001,BOI,ID,ANM,WE,Towers with Radar,126,76,67,9,278,0,18,178,11,207,126,94,245,20,485,146,6,152,637
06/07/2001,BOI,ID,ANM,WE,Towers with Radar,132,71,78,3,284,0,3,199,10,212,132,74,277,13,496,120,2,122,618
06/08/2001,BOI,ID,ANM,WE,Towers with Radar,125,66,54,7,252,0,9,204,1,214,125,75,258,8,466,136,0,136,602
06/09/2001,BOI,ID,ANM,WE,Towers with Radar,103,48,16,10,177,0,5,131,6,142,103,53,147,16,319,26,0,26,345
06/10/2001,BOI,ID,ANM,WE,Towers with Radar,107,36,31,5,179,0,10,139,10,159,107,46,170,15,338,18,0,18,356
06/11/2001,BOI,ID,ANM,WE,Towers with Radar,117,64,56,1,238,0,35,115,4,154,117,99,171,5,392,25,0,25,417
06/12/2001,BOI,ID,ANM,WE,Towers with Radar,131,67,74,6,278,0,8,59,15,82,131,75,133,21,360,46,28,74,434
06/13/2001,BOI,ID,ANM,WE,Towers with Radar,126,96,69,19,310,0,2,110,11,123,126,98,179,30,433,55,24,79,512
06/14/2001,BOI,ID,ANM,WE,Towers with Radar,127,74,62,10,273,0,8,220,20,248,127,82,282,30,521,123,12,135,656
06/15/2001,BOI,ID,ANM,WE,Towers with Radar,125,65,50,12,252,0,38,206,4,248,125,103,256,16,500,58,8,66,566
06/16/2001,BOI,ID,ANM,WE,Towers with Radar,110,47,29,9,195,0,23,197,10,230,110,70,226,19,425,88,0,88,513
06/17/2001,BOI,ID,ANM,WE,Towers with Radar,108,47,22,10,187,0,23,128,4,155,108,70,150,14,342,14,4,18,360
06/18/2001,BOI,ID,ANM,WE,Towers with Radar,116,81,54,7,258,0,8,162,13,183,116,89,216,20,441,92,4,96,537
06/19/2001,BOI,ID,ANM,WE,Towers with Radar,130,73,79,5,287,0,17,196,17,230,130,90,275,22,517,98,6,104,621
06/20/2001,BOI,ID,ANM,WE,Towers with Radar,126,77,64,11,278,0,10,224,19,253,126,87,288,30,531,87,13,100,631
06/21/2001,BOI,ID,ANM,WE,Towers with Radar,124,77,74,14,289,0,19,184,16,219,124,96,258,30,508,82,26,108,616
06/22/2001,BOI,ID,ANM,WE,Towers with Radar,127,77,57,10,271,0,5,202,15,222,127,82,259,25,493,58,6,64,557
06/23/2001,BOI,ID,ANM,WE,Towers with Radar,109,58,35,7,209,0,14,148,5,167,109,72,183,12,376,60,7,67,443
06/24/2001,BOI,ID,ANM,WE,Towers with Radar,106,45,34,2,187,0,7,159,11,177,106,52,193,13,364,25,6,31,395
06/25/2001,BOI,ID,ANM,WE,Towers with Radar,118,90,84,5,297,0,22,165,3,190,118,112,249,8,487,90,6,96,583
06/26/2001,BOI,ID,ANM,WE,Towers with Radar,131,73,78,18,300,0,12,158,13,183,131,85,236,31,483,144,22,166,649
06/27/2001,BOI,ID,ANM,WE,Towers with Radar,114,64,74,6,258,0,0,134,15,149,114,64,208,21,407,107,0,107,514
06/28/2001,BOI,ID,ANM,WE,Towers with Radar,137,84,83,10,314,0,5,214,19,238,137,89,297,29,552,110,8,118,670
06/29/2001,BOI,ID,ANM,WE,Towers with Radar,125,71,61,10,267,0,23,207,1,231,125,94,268,11,498,100,4,104,602
06/30/2001,BOI,ID,ANM,WE,Towers with Radar,112,57,40,2,211,0,6,205,0,211,112,63,245,2,422,165,0,165,587
07/01/2001,BOI,ID,ANM,WE,Towers with Radar,107,49,35,0,191,1,17,145,0,163,108,66,180,0,354,48,0,48,402
07/02/2001,BOI,ID,ANM,WE,Towers with Radar,109,61,48,8,226,0,36,164,2,202,109,97,212,10,428,176,3,179,607
07/03/2001,BOI,ID,ANM,WE,Towers with Radar,127,78,46,12,263,0,14,216,8,238,127,92,262,20,501,64,8,72,573
07/04/2001,BOI,ID,ANM,WE,Towers with Radar,100,45,17,1,163,1,16,160,8,185,101,61,177,9,348,106,2,108,456
07/05/2001,BOI,ID,ANM,WE,Towers with Radar,121,68,43,9,241,0,17,162,9,188,121,85,205,18,429,88,14,102,531
07/06/2001,BOI,ID,ANM,WE,Towers with Radar,122,74,34,16,246,1,17,183,4,205,123,91,217,20,451,56,32,88,539
07/07/2001,BOI,ID,ANM,WE,Towers with Radar,112,52,43,0,207,1,26,162,0,189,113,78,205,0,396,80,0,80,476
07/08/2001,BOI,ID,ANM,WE,Towers with Radar,105,44,24,3,176,1,14,154,0,169,106,58,178,3,345,66,0,66,411
07/09/2001,BOI,ID,ANM,WE,Towers with Radar,142,65,45,14,266,1,27,152,9,189,143,92,197,23,455,105,12,117,572
07/10/2001,BOI,ID,ANM,WE,Towers with Radar,128,77,63,12,280,0,11,179,22,212,128,88,242,34,492,114,26,140,632
07/11/2001,BOI,ID,ANM,WE,Towers with Radar,130,75,60,12,277,0,16,185,21,222,130,91,245,33,499,84,8,92,591
07/12/2001,BOI,ID,ANM,WE,Towers with Radar,128,71,82,21,302,1,24,176,6,207,129,95,258,27,509,69,6,75,584
07/13/2001,BOI,ID,ANM,WE,Towers with Radar,127,71,57,10,265,0,25,220,0,245,127,96,277,10,510,27,0,27,537
07/14/2001,BOI,ID,ANM,WE,Towers with Radar,111,49,27,7,194,1,20,166,25,212,112,69,193,32,406,70,10,80,486
07/15/2001,BOI,ID,ANM,WE,Towers with Radar,111,45,36,5,197,1,29,198,9,237,112,74,234,14,434,74,0,74,508
07/16/2001,BOI,ID,ANM,WE,Towers with Radar,119,76,62,3,260,1,8,173,7,189,120,84,235,10,449,109,2,111,560
07/17/2001,BOI,ID,ANM,WE,Towers with Radar,128,77,63,12,280,0,43,215,22,280,128,120,278,34,560,96,2,98,658
07/18/2001,BOI,ID,ANM,WE,Towers with Radar,123,83,67,12,285,1,4,263,9,277,124,87,330,21,562,56,10,66,628
07/19/2001,BOI,ID,ANM,WE,Towers with Radar,134,75,92,7,308,1,9,215,15,240,135,84,307,22,548,119,4,123,671
07/20/2001,BOI,ID,ANM,WE,Towers with Radar,124,73,89,16,302,1,20,231,13,265,125,93,320,29,567,136,26,162,729
07/21/2001,BOI,ID,ANM,WE,Towers with Radar,105,58,48,9,220,4,9,176,3,192,109,67,224,12,412,43,2,45,457
07/22/2001,BOI,ID,ANM,WE,Towers with Radar,95,52,42,7,196,16,2,206,1,225,111,54,248,8,421,106,8,114,535
07/23/2001,BOI,ID,ANM,WE,Towers with Radar,124,74,71,15,284,0,9,192,15,216,124,83,263,30,500,144,24,168,668
07/24/2001,BOI,ID,ANM,WE,Towers with Radar,129,73,56,20,278,0,24,142,16,182,129,97,198,36,460,46,18,64,524
07/25/2001,BOI,ID,ANM,WE,Towers with Radar,128,68,53,16,265,0,5,216,16,237,128,73,269,32,502,82,9,91,593
07/26/2001,BOI,ID,ANM,WE,Towers with Radar,129,66,86,4,285,0,24,227,16,267,129,90,313,20,552,168,26,194,746
07/27/2001,BOI,ID,ANM,WE,Towers with Radar,127,83,62,7,279,0,31,188,5,224,127,114,250,12,503,112,2,114,617
07/28/2001,BOI,ID,ANM,WE,Towers with Radar,112,54,38,4,208,0,68,193,9,270,112,122,231,13,478,38,4,42,520
07/29/2001,BOI,ID,ANM,WE,Towers with Radar,108,53,47,3,211,0,1,168,0,169,108,54,215,3,380,64,2,66,446
07/30/2001,BOI,ID,ANM,WE,Towers with Radar,122,69,62,14,267,0,10,98,11,119,122,79,160,25,386,151,9,160,546
07/31/2001,BOI,ID,ANM,WE,Towers with Radar,126,86,81,4,297,0,14,195,13,222,126,100,276,17,519,64,8,72,591
08/01/2001,BOI,ID,ANM,WE,Towers with Radar,137,62,55,13,267,0,13,163,5,181,137,75,218,18,448,74,4,78,526
08/02/2001,BOI,ID,ANM,WE,Towers with Radar,131,71,68,0,270,0,12,183,6,201,131,83,251,6,471,95,4,99,570
08/03/2001,BOI,ID,ANM,WE,Towers with Radar,119,75,39,8,241,0,30,233,0,263,119,105,272,8,504,106,8,114,618
08/04/2001,BOI,ID,ANM,WE,Towers with Radar,111,53,28,8,200,0,6,158,7,171,111,59,186,15,371,112,5,117,488
08/05/2001,BOI,ID,ANM,WE,Towers with Radar,105,46,30,3,184,0,11,157,0,168,105,57,187,3,352,14,0,14,366
08/06/2001,BOI,ID,ANM,WE,Towers with Radar,106,58,47,9,220,9,20,186,0,215,115,78,233,9,435,65,2,67,502
08/07/2001,BOI,ID,ANM,WE,Towers with Radar,123,81,48,4,256,0,13,194,19,226,123,94,242,23,482,112,10,122,604
08/08/2001,BOI,ID,ANM,WE,Towers with Radar,119,70,58,12,259,0,15,189,14,218,119,85,247,26,477,80,4,84,561
08/09/2001,BOI,ID,ANM,WE,Towers with Radar,126,76,60,10,272,0,42,178,6,226,126,118,238,16,498,133,2,135,633
08/10/2001,BOI,ID,ANM,WE,Towers with Radar,115,83,48,10,256,0,72,231,5,308,115,155,279,15,564,45,0,45,609
08/11/2001,BOI,ID,ANM,WE,Towers with Radar,97,53,44,10,204,21,45,183,5,254,118,98,227,15,458,16,3,19,477
08/12/2001,BOI,ID,ANM,WE,Towers with Radar,114,48,34,11,207,0,36,208,5,249,114,84,242,16,456,12,0,12,468
08/13/2001,BOI,ID,ANM,WE,Towers with Radar,126,53,59,21,259,0,9,169,16,194,126,62,228,37,453,46,48,94,547
08/14/2001,BOI,ID,ANM,WE,Towers with Radar,136,78,61,35,310,0,4,203,22,229,136,82,264,57,539,82,18,100,639
08/15/2001,BOI,ID,ANM,WE,Towers with Radar,129,77,68,21,295,0,29,185,8,222,129,106,253,29,517,151,10,161,678
08/16/2001,BOI,ID,ANM,WE,Towers with Radar,127,73,75,9,284,0,32,202,8,242,127,105,277,17,526,90,4,94,620
08/17/2001,BOI,ID,ANM,WE,Towers with Radar,130,71,58,24,283,0,7,222,9,238,130,78,280,33,521,168,0,168,689
08/18/2001,BOI,ID,ANM,WE,Towers with Radar,118,56,35,8,217,0,40,214,9,263,118,96,249,17,480,103,18,121,601
08/19/2001,BOI,ID,ANM,WE,Towers with Radar,115,44,34,20,213,0,16,191,27,234,115,60,225,47,447,50,0,50,497
08/20/2001,BOI,ID,ANM,WE,Towers with Radar,122,70,67,5,264,0,12,180,7,199,122,82,247,12,463,106,16,122,585
08/21/2001,BOI,ID,ANM,WE,Towers with Radar,124,81,73,14,292,0,7,180,13,200,124,88,253,27,492,90,14,104,596
08/22/2001,BOI,ID,ANM,WE,Towers with Radar,131,83,93,26,333,0,2,230,20,252,131,85,323,46,585,164,20,184,769
08/23/2001,BOI,ID,ANM,WE,Towers with Radar,132,78,64,14,288,0,9,199,22,230,132,87,263,36,518,164,2,166,684
08/24/2001,BOI,ID,ANM,WE,Towers with Radar,127,81,57,18,283,0,14,217,9,240,127,95,274,27,523,146,12,158,681
08/25/2001,BOI,ID,ANM,WE,Towers with Radar,116,57,122,5,300,0,3,96,3,102,116,60,218,8,402,59,0,59,461
08/26/2001,BOI,ID,ANM,WE,Towers with Radar,111,53,33,5,202,0,7,165,0,172,111,60,198,5,374,72,0,72,446
08/27/2001,BOI,ID,ANM,WE,Towers with Radar,115,66,52,6,239,0,21,230,56,307,115,87,282,62,546,79,26,105,651
08/28/2001,BOI,ID,ANM,WE,Towers with Radar,129,78,72,8,287,0,13,222,31,266,129,91,294,39,553,114,24,138,691
08/29/2001,BOI,ID,ANM,WE,Towers with Radar,127,80,70,11,288,0,13,199,33,245,127,93,269,44,533,120,33,153,686
08/30/2001,BOI,ID,ANM,WE,Towers with Radar,129,87,46,22,284,0,22,221,19,262,129,109,267,41,546,118,24,142,688
08/31/2001,BOI,ID,ANM,WE,Towers with Radar,132,73,70,8,283,0,46,184,3,233,132,119,254,11,516,150,0,150,666
09/01/2001,BOI,ID,ANM,WE,Towers with Radar,103,52,26,0,181,3,18,163,0,184,106,70,189,0,365,94,0,94,459
09/02/2001,BOI,ID,ANM,WE,Towers with Radar,84,38,28,2,152,2,3,132,1,138,86,41,160,3,290,24,0,24,314
09/03/2001,BOI,ID,ANM,WE,Towers with Radar,108,39,38,0,185,2,19,175,35,231,110,58,213,35,416,90,0,90,506
09/04/2001,BOI,ID,ANM,WE,Towers with Radar,116,70,48,7,241,2,14,173,68,257,118,84,221,75,498,56,8,64,562
09/05/2001,BOI,ID,ANM,WE,Towers with Radar,130,76,64,14,284,0,21,127,19,167,130,97,191,33,451,98,6,104,555
09/06/2001,BOI,ID,ANM,WE,Towers with Radar,120,79,42,17,258,2,12,121,24,159,122,91,163,41,417,108,12,120,537
09/07/2001,BOI,ID,ANM,WE,Towers with Radar,114,68,43,16,241,2,42,178,8,230,116,110,221,24,471,60,18,78,549
09/08/2001,BOI,ID,ANM,WE,Towers with Radar,75,45,37,9,166,26,18,155,23,222,101,63,192,32,388,108,16,124,512
09/09/2001,BOI,ID,ANM,WE,Towers with Radar,105,43,16,9,173,2,3,157,8,170,107,46,173,17,343,70,14,84,427
09/10/2001,BOI,ID,ANM,WE,Towers with Radar,111,76,60,18,265,2,8,153,15,178,113,84,213,33,443,92,50,142,585
09/11/2001,BOI,ID,ANM,WE,Towers with Radar,22,21,10,0,53,2,6,11,0,19,24,27,21,0,72,0,0,0,72
09/12/2001,BOI,ID,ANM,WE,Towers with Radar,0,2,0,1,3,0,5,5,1,11,0,7,5,2,14,0,0,0,14
09/13/2001,BOI,ID,ANM,WE,Towers with Radar,11,21,14,2,48,0,51,14,0,65,11,72,28,2,113,0,0,0,113
09/14/2001,BOI,ID,ANM,WE,Towers with Radar,70,59,49,11,189,0,44,41,14,99,70,103,90,25,288,0,0,0,288
09/15/2001,BOI,ID,ANM,WE,Towers with Radar,73,53,61,3,190,2,15,24,0,41,75,68,85,3,231,0,0,0,231
09/16/2001,BOI,ID,ANM,WE,Towers with Radar,76,55,33,3,167,2,32,29,0,63,78,87,62,3,230,0,0,0,230
09/17/2001,BOI,ID,ANM,WE,Towers with Radar,90,69,60,13,232,0,41,18,8,67,90,110,78,21,299,4,18,22,321
09/18/2001,BOI,ID,ANM,WE,Towers with Radar,106,77,89,10,282,2,34,14,2,52,108,111,103,12,334,0,34,34,368
09/19/2001,BOI,ID,ANM,WE,Towers with Radar,105,81,83,16,285,2,36,15,2,55,107,117,98,18,340,0,4,4,344
09/20/2001,BOI,ID,ANM,WE,Towers with Radar,114,30,57,12,213,4,0,119,18,141,118,30,176,30,354,18,8,26,380
09/21/2001,BOI,ID,ANM,WE,Towers with Radar,112,61,63,20,256,2,20,101,8,131,114,81,164,28,387,4,14,18,405
09/22/2001,BOI,ID,ANM,WE,Towers with Radar,89,37,54,4,184,2,3,135,0,140,91,40,189,4,324,44,8,52,376
09/23/2001,BOI,ID,ANM,WE,Towers with Radar,95,36,34,9,174,2,7,155,0,164,97,43,189,9,338,36,0,36,374
09/24/2001,BOI,ID,ANM,WE,Towers with Radar,100,53,72,17,242,2,11,101,1,115,102,64,173,18,357,92,6,98,455
09/25/2001,BOI,ID,ANM,WE,Towers with Radar,107,59,46,11,223,2,14,55,1,72,109,73,101,12,295,26,0,26,321
09/26/2001,BOI,ID,ANM,WE,Towers with Radar,110,68,59,33,270,2,6,118,12,138,112,74,177,45,408,157,22,179,587
09/27/2001,BOI,ID,ANM,WE,Towers with Radar,106,61,84,18,269,2,17,14,14,47,108,78,98,32,316,130,62,192,508
09/28/2001,BOI,ID,ANM,WE,Towers with Radar,113,58,85,11,267,2,11,138,17,168,115,69,223,28,435,60,10,70,505
09/29/2001,BOI,ID,ANM,WE,Towers with Radar,98,26,28,4,156,2,15,144,12,173,100,41,172,16,329,152,0,152,481
09/30/2001,BOI,ID,ANM,WE,Towers with Radar,93,29,24,9,155,2,13,133,1,149,95,42,157,10,304,16,0,16,320
10/01/2001,BOI,ID,ANM,WE,Towers with Radar,103,61,46,16,226,1,13,121,11,146,104,74,167,27,372,0,0,0,372
10/02/2001,BOI,ID,ANM,WE,Towers with Radar,116,70,65,18,269,1,9,134,21,165,117,79,199,39,434,84,18,102,536
10/03/2001,BOI,ID,ANM,WE,Towers with Radar,114,56,73,15,258,1,9,148,22,180,115,65,221,37,438,60,20,80,518
10/04/2001,BOI,ID,ANM,WE,Towers with Radar,115,58,75,14,262,1,11,136,28,176,116,69,211,42,438,78,26,104,542
10/05/2001,BOI,ID,ANM,WE,Towers with Radar,113,56,47,6,222,1,15,131,1,148,114,71,178,7,370,110,4,114,484
10/06/2001,BOI,ID,ANM,WE,Towers with Radar,98,30,33,1,162,1,3,136,0,140,99,33,169,1,302,73,2,75,377
10/07/2001,BOI,ID,ANM,WE,Towers with Radar,106,24,16,6,152,1,0,119,0,120,107,24,135,6,272,24,0,24,296
10/08/2001,BOI,ID,ANM,WE,Towers with Radar,106,47,69,1,223,1,7,84,0,92,107,54,153,1,315,52,0,52,367
10/09/2001,BOI,ID,ANM,WE,Towers with Radar,121,60,57,19,257,1,2,125,9,137,122,62,182,28,394,58,0,58,452
10/10/2001,BOI,ID,ANM,WE,Towers with Radar,116,60,75,18,269,1,9,120,28,158,117,69,195,46,427,108,12,120,547
10/11/2001,BOI,ID,ANM,WE,Towers with Radar,113,60,64,13,250,1,16,43,23,83,114,76,107,36,333,20,8,28,361
10/12/2001,BOI,ID,ANM,WE,Towers with Radar,118,50,69,13,250,1,8,95,9,113,119,58,164,22,363,92,12,104,467
10/13/2001,BOI,ID,ANM,WE,Towers with Radar,99,29,29,9,166,1,0,107,24,132,100,29,136,33,298,70,26,96,394
10/14/2001,BOI,ID,ANM,WE,Towers with Radar,85,42,44,7,178,12,4,61,22,99,97,46,105,29,277,50,18,68,345
10/15/2001,BOI,ID,ANM,WE,Towers with Radar,108,55,69,0,232,1,19,101,9,130,109,74,170,9,362,46,0,46,408
10/16/2001,BOI,ID,ANM,WE,Towers with Radar,117,66,70,12,265,0,9,110,25,144,117,75,180,37,409,64,4,68,477
10/17/2001,BOI,ID,ANM,WE,Towers with Radar,114,62,89,13,278,1,13,81,13,108,115,75,170,26,386,74,12,86,472
10/18/2001,BOI,ID,ANM,WE,Towers with Radar,119,58,61,10,248,1,14,132,14,161,120,72,193,24,409,99,4,103,512
10/19/2001,BOI,ID,ANM,WE,Towers with Radar,116,53,61,7,237,0,23,121,6,150,116,76,182,13,387,120,14,134,521
10/20/2001,BOI,ID,ANM,WE,Towers with Radar,110,39,18,2,169,0,9,128,1,138,110,48,146,3,307,92,0,92,399
10/21/2001,BOI,ID,ANM,WE,Towers with Radar,97,29,34,4,164,0,3,103,1,107,97,32,137,5,271,78,2,80,351
10/22/2001,BOI,ID,ANM,WE,Towers with Radar,113,57,87,6,263,0,6,59,22,87,113,63,146,28,350,102,8,110,460
10/23/2001,BOI,ID,ANM,WE,Towers with Radar,120,67,54,14,255,0,14,25,4,43,120,81,79,18,298,30,18,48,346
10/24/2001,BOI,ID,ANM,WE,Towers with Radar,119,63,54,17,253,0,16,102,23,141,119,79,156,40,394,132,32,164,558
10/25/2001,BOI,ID,ANM,WE,Towers with Radar,119,72,76,22,289,0,10,90,19,119,119,82,166,41,408,44,18,62,470
10/26/2001,BOI,ID,ANM,WE,Towers with Radar,117,54,68,9,248,0,10,147,12,169,117,64,215,21,417,48,0,48,465
10/27/2001,BOI,ID,ANM,WE,Towers with Radar,100,34,35,0,169,0,5,118,0,123,100,39,153,0,292,26,0,26,318
10/28/2001,BOI,ID,ANM,WE,Towers with Radar,92,42,36,2,172,0,1,66,0,67,92,43,102,2,239,52,0,52,291
10/29/2001,BOI,ID,ANM,WE,Towers with Radar,109,71,84,5,269,0,17,85,2,104,109,88,169,7,373,56,2,58,431
10/30/2001,BOI,ID,ANM,WE,Towers with Radar,114,74,72,12,272,0,5,40,11,56,114,79,112,23,328,14,20,34,362
10/31/2001,BOI,ID,ANM,WE,Towers with Radar,110,57,61,11,239,0,3,97,28,128,110,60,158,39,367,60,10,70,437
11/01/2001,BOI,ID,ANM,WE,Towers with Radar,115,61,65,17,258,1,5,75,23,104,116,66,140,40,362,60,20,80,442
11/02/2001,BOI,ID,ANM,WE,Towers with Radar,112,68,65,15,260,0,20,120,24,164,112,88,185,39,424,28,4,32,456
11/03/2001,BOI,ID,ANM,WE,Towers with Radar,91,33,35,12,171,1,10,145,29,185,92,43,180,41,356,34,4,38,394
11/04/2001,BOI,ID,ANM,WE,Towers with Radar,93,34,29,28,184,1,14,102,8,125,94,48,131,36,309,6,12,18,327
11/05/2001,BOI,ID,ANM,WE,Towers with Radar,106,58,64,16,244,1,18,101,10,130,107,76,165,26,374,110,2,112,486
11/06/2001,BOI,ID,ANM,WE,Towers with Radar,108,67,92,36,303,1,9,84,8,102,109,76,176,44,405,22,0,22,427
11/07/2001,BOI,ID,ANM,WE,Towers with Radar,114,53,86,28,281,1,6,112,20,139,115,59,198,48,420,62,6,68,488
11/08/2001,BOI,ID,ANM,WE,Towers with Radar,109,56,76,37,278,1,95,36,11,143,110,151,112,48,421,14,12,26,447
11/09/2001,BOI,ID,ANM,WE,Towers with Radar,116,79,69,11,275,0,7,104,3,114,116,86,173,14,389,94,6,100,489
11/10/2001,BOI,ID,ANM,WE,Towers with Radar,94,40,27,3,164,0,0,116,2,118,94,40,143,5,282,54,14,68,350
11/11/2001,BOI,ID,ANM,WE,Towers with Radar,97,34,28,0,159,0,16,60,0,76,97,50,88,0,235,36,2,38,273
11/12/2001,BOI,ID,ANM,WE,Towers with Radar,106,67,77,0,250,0,8,100,2,110,106,75,177,2,360,34,0,34,394
11/13/2001,BOI,ID,ANM,WE,Towers with Radar,118,71,72,21,282,0,10,57,28,95,118,81,129,49,377,44,36,80,457
11/14/2001,BOI,ID,ANM,WE,Towers with Radar,118,91,49,17,275,0,6,83,19,108,118,97,132,36,383,46,18,64,447
11/15/2001,BOI,ID,ANM,WE,Towers with Radar,112,74,77,25,288,0,22,81,29,132,112,96,158,54,420,46,36,82,502
11/16/2001,BOI,ID,ANM,WE,Towers with Radar,114,58,73,16,261,0,5,105,10,120,114,63,178,26,381,64,4,68,449
11/17/2001,BOI,ID,ANM,WE,Towers with Radar,91,39,38,12,180,0,6,45,8,59,91,45,83,20,239,16,0,16,255
11/18/2001,BOI,ID,ANM,WE,Towers with Radar,91,38,35,6,170,0,12,97,4,113,91,50,132,10,283,109,2,111,394
11/19/2001,BOI,ID,ANM,WE,Towers with Radar,112,67,78,16,273,0,11,72,21,104,112,78,150,37,377,69,60,129,506
11/20/2001,BOI,ID,ANM,WE,Towers with Radar,114,70,72,24,280,0,20,64,74,158,114,90,136,98,438,42,4,46,484
11/21/2001,BOI,ID,ANM,WE,Towers with Radar,116,64,62,14,256,1,14,59,5,79,117,78,121,19,335,39,30,69,404
11/22/2001,BOI,ID,ANM,WE,Towers with Radar,76,45,9,0,130,0,4,23,0,27,76,49,32,0,157,0,0,0,157
11/23/2001,BOI,ID,ANM,WE,Towers with Radar,85,51,40,2,178,0,7,64,0,71,85,58,104,2,249,42,0,42,291
11/24/2001,BOI,ID,ANM,WE,Towers with Radar,91,35,24,1,151,0,2,15,0,17,91,37,39,1,168,34,0,34,202
11/25/2001,BOI,ID,ANM,WE,Towers with Radar,95,38,74,1,208,0,6,7,0,13,95,44,81,1,221,2,0,2,223
11/26/2001,BOI,ID,ANM,WE,Towers with Radar,117,71,69,15,272,0,7,34,17,58,117,78,103,32,330,34,0,34,364
11/27/2001,BOI,ID,ANM,WE,Towers with Radar,120,78,64,20,282,0,11,96,16,123,120,89,160,36,405,44,16,60,465
11/28/2001,BOI,ID,ANM,WE,Towers with Radar,113,63,36,0,212,0,0,9,0,9,113,63,45,0,221,6,0,6,227
11/29/2001,BOI,ID,ANM,WE,Towers with Radar,117,81,44,4,246,0,3,19,5,27,117,84,63,9,273,30,0,30,303
11/30/2001,BOI,ID,ANM,WE,Towers with Radar,125,73,73,7,278,0,5,72,9,86,125,78,145,16,364,64,6,70,434
12/01/2001,BOI,ID,ANM,WE,Towers with Radar,92,32,12,3,139,1,0,48,19,68,93,32,60,22,207,30,6,36,243
12/02/2001,BOI,ID,ANM,WE,Towers with Radar,93,34,15,2,144,0,6,9,1,16,93,40,24,3,160,16,0,16,176
12/03/2001,BOI,ID,ANM,WE,Towers with Radar,118,76,56,7,257,0,9,49,28,86,118,85,105,35,343,30,20,50,393
12/04/2001,BOI,ID,ANM,WE,Towers with Radar,120,70,59,7,256,0,7,15,18,40,120,77,74,25,296,22,10,32,328
12/05/2001,BOI,ID,ANM,WE,Towers with Radar,122,79,63,10,274,0,1,11,11,23,122,80,74,21,297,12,26,38,335
12/06/2001,BOI,ID,ANM,WE,Towers with Radar,114,80,63,8,265,0,10,37,21,68,114,90,100,29,333,24,28,52,385
12/07/2001,BOI,ID,ANM,WE,Towers with Radar,122,67,50,9,248,1,12,76,2,91,123,79,126,11,339,102,6,108,447
12/08/2001,BOI,ID,ANM,WE,Towers with Radar,87,33,49,11,180,0,14,87,13,114,87,47,136,24,294,32,12,44,338
12/09/2001,BOI,ID,ANM,WE,Towers with Radar,96,56,42,6,200,0,16,45,10,71,96,72,87,16,271,65,0,65,336
12/10/2001,BOI,ID,ANM,WE,Towers with Radar,113,77,69,1,260,0,7,38,14,59,113,84,107,15,319,30,74,104,423
12/11/2001,BOI,ID,ANM,WE,Towers with Radar,115,88,65,13,281,0,0,20,5,25,115,88,85,18,306,22,8,30,336
12/12/2001,BOI,ID,ANM,WE,Towers with Radar,113,90,76,22,301,1,5,42,32,80,114,95,118,54,381,60,42,102,483
12/13/2001,BOI,ID,ANM,WE,Towers with Radar,120,75,50,12,257,0,2,12,9,23,120,77,62,21,280,22,18,40,320
12/14/2001,BOI,ID,ANM,WE,Towers with Radar,125,70,60,5,260,0,2,37,7,46,125,72,97,12,306,6,8,14,320
12/15/2001,BOI,ID,ANM,WE,Towers with Radar,99,30,37,3,169,0,5,114,1,120,99,35,151,4,289,0,0,0,289
12/16/2001,BOI,ID,ANM,WE,Towers with Radar,82,39,35,1,157,16,0,10,0,26,98,39,45,1,183,44,0,44,227
12/17/2001,BOI,ID,ANM,WE,Towers with Radar,119,64,47,11,241,0,9,39,24,72,119,73,86,35,313,26,25,51,364
12/18/2001,BOI,ID,ANM,WE,Towers with Radar,128,64,62,18,272,0,9,59,24,92,128,73,121,42,364,14,15,29,393
12/19/2001,BOI,ID,ANM,WE,Towers with Radar,134,85,82,18,319,0,6,58,23,87,134,91,140,41,406,86,16,102,508
12/20/2001,BOI,ID,ANM,WE,Towers with Radar,127,72,74,11,284,0,10,71,36,117,127,82,145,47,401,48,42,90,491
12/21/2001,BOI,ID,ANM,WE,Towers with Radar,111,70,53,2,236,0,4,70,0,74,111,74,123,2,310,50,0,50,360
12/22/2001,BOI,ID,ANM,WE,Towers with Radar,103,38,45,1,187,0,0,52,0,52,103,38,97,1,239,28,0,28,267
12/23/2001,BOI,ID,ANM,WE,Towers with Radar,93,28,33,0,154,0,5,66,0,71,93,33,99,0,225,50,0,50,275
12/24/2001,BOI,ID,ANM,WE,Towers with Radar,106,72,16,0,194,0,11,7,0,18,106,83,23,0,212,0,8,8,220
12/25/2001,BOI,ID,ANM,WE,Towers with Radar,87,38,8,0,133,0,0,30,0,30,87,38,38,0,163,2,0,2,165
12/26/2001,BOI,ID,ANM,WE,Towers with Radar,127,73,40,2,242,0,1,17,0,18,127,74,57,2,260,80,0,80,340
12/27/2001,BOI,ID,ANM,WE,Towers with Radar,127,74,31,8,240,0,3,38,7,48,127,77,69,15,288,36,0,36,324
12/28/2001,BOI,ID,ANM,WE,Towers with Radar,120,79,43,0,242,0,11,39,1,51,120,90,82,1,293,50,0,50,343
12/29/2001,BOI,ID,ANM,WE,Towers with Radar,98,40,59,0,197,0,2,3,0,5,98,42,62,0,202,8,0,8,210
12/30/2001,BOI,ID,ANM,WE,Towers with Radar,93,33,27,0,153,0,8,45,0,53,93,41,72,0,206,120,0,120,326
12/31/2001,BOI,ID,ANM,WE,Towers with Radar,101,69,18,0,188,0,0,0,0,0,101,69,18,0,188,0,0,0,188
01/01/2002,BOI,ID,ANM,WE,Towers with Radar,86,44,23,0,153,1,11,31,0,43,87,55,54,0,196,16,0,16,212
01/02/2002,BOI,ID,ANM,WE,Towers with Radar,117,70,36,10,233,0,9,34,1,44,117,79,70,11,277,46,8,54,331
01/03/2002,BOI,ID,ANM,WE,Towers with Radar,100,71,48,5,224,0,1,0,1,2,100,72,48,6,226,6,0,6,232
01/04/2002,BOI,ID,ANM,WE,Towers with Radar,133,81,49,10,273,0,1,0,1,2,133,82,49,11,275,0,0,0,275
01/05/2002,BOI,ID,ANM,WE,Towers with Radar,93,39,41,30,203,0,13,23,19,55,93,52,64,49,258,7,15,22,280
01/06/2002,BOI,ID,ANM,WE,Towers with Radar,98,33,54,3,188,0,6,3,1,10,98,39,57,4,198,20,0,20,218
01/07/2002,BOI,ID,ANM,WE,Towers with Radar,110,75,43,17,245,0,3,67,17,87,110,78,110,34,332,70,0,70,402
01/08/2002,BOI,ID,ANM,WE,Towers with Radar,120,74,68,13,275,0,11,58,26,95,120,85,126,39,370,92,28,120,490
01/09/2002,BOI,ID,ANM,WE,Towers with Radar,124,78,66,23,291,0,0,16,9,25,124,78,82,32,316,28,26,54,370
01/10/2002,BOI,ID,ANM,WE,Towers with Radar,108,84,70,21,283,1,7,136,26,170,109,91,206,47,453,164,16,180,633
01/11/2002,BOI,ID,ANM,WE,Towers with Radar,117,75,70,1,263,1,5,107,0,113,118,80,177,1,376,88,0,88,464
01/12/2002,BOI,ID,ANM,WE,Towers with Radar,79,35,41,5,160,15,0,118,0,133,94,35,159,5,293,116,0,116,409
01/13/2002,BOI,ID,ANM,WE,Towers with Radar,100,28,44,4,176,0,4,102,0,106,100,32,146,4,282,110,10,120,402
01/14/2002,BOI,ID,ANM,WE,Towers with Radar,118,65,66,10,259,0,13,78,15,106,118,78,144,25,365,44,10,54,419
01/15/2002,BOI,ID,ANM,WE,Towers with Radar,121,66,54,12,253,0,17,70,18,105,121,83,124,30,358,70,2,72,430
01/16/2002,BOI,ID,ANM,WE,Towers with Radar,125,79,63,9,276,0,11,70,16,97,125,90,133,25,373,36,8,44,417
01/17/2002,BOI,ID,ANM,WE,Towers with Radar,128,90,86,19,323,0,11,39,23,73,128,101,125,42,396,72,22,94,490
01/18/2002,BOI,ID,ANM,WE,Towers with Radar,121,62,69,22,274,0,17,75,2,94,121,79,144,24,368,52,0,52,420
01/19/2002,BOI,ID,ANM,WE,Towers with Radar,99,34,13,0,146,0,3,1,1,5,99,37,14,1,151,0,0,0,151
01/20/2002,BOI,ID,ANM,WE,Towers with Radar,92,26,17,2,137,0,1,0,0,1,92,27,17,2,138,0,0,0,138
01/21/2002,BOI,ID,ANM,WE,Towers with Radar,114,54,48,1,217,0,16,34,1,51,114,70,82,2,268,22,0,22,290
01/22/2002,BOI,ID,ANM,WE,Towers with Radar,117,72,61,7,257,0,5,42,9,56,117,77,103,16,313,42,14,56,369
01/23/2002,BOI,ID,ANM,WE,Towers with Radar,118,65,58,10,251,0,3,70,7,80,118,68,128,17,331,56,0,56,387
01/24/2002,BOI,ID,ANM,WE,Towers with Radar,121,72,70,7,270,0,10,38,18,66,121,82,108,25,336,38,18,56,392
01/25/2002,BOI,ID,ANM,WE,Towers with Radar,126,65,70,28,289,0,12,36,3,51,126,77,106,31,340,38,32,70,410
01/26/2002,BOI,ID,ANM,WE,Towers with Radar,99,31,28,7,165,0,2,55,0,57,99,33,83,7,222,94,0,94,316
01/27/2002,BOI,ID,ANM,WE,Towers with Radar,97,35,46,4,182,0,17,76,0,93,97,52,122,4,275,44,0,44,319
01/28/2002,BOI,ID,ANM,WE,Towers with Radar,116,59,59,7,241,0,7,76,10,93,116,66,135,17,334,42,8,50,384
01/29/2002,BOI,ID,ANM,WE,Towers with Radar,129,63,99,6,297,0,8,89,12,109,129,71,188,18,406,94,0,94,500
01/30/2002,BOI,ID,ANM,WE,Towers with Radar,121,81,97,0,299,0,13,38,7,58,121,94,135,7,357,98,0,98,455
01/31/2002,BOI,ID,ANM,WE,Towers with Radar,127,78,72,13,290,0,3,102,19,124,127,81,174,32,414,7,0,7,421
02/01/2002,BOI,ID,ANM,WE,Towers with Radar,117,70,90,10,287,0,7,49,0,56,117,77,139,10,343,146,4,150,493
02/02/2002,BOI,ID,ANM,WE,Towers with Radar,108,34,44,15,201,0,16,120,7,143,108,50,164,22,344,106,16,122,466
02/03/2002,BOI,ID,ANM,WE,Towers with Radar,96,34,14,6,150,0,8,63,5,76,96,42,77,11,226,56,2,58,284
02/04/2002,BOI,ID,ANM,WE,Towers with Radar,114,70,45,3,232,0,4,86,12,102,114,74,131,15,334,52,0,52,386
02/05/2002,BOI,ID,ANM,WE,Towers with Radar,122,67,52,8,249,0,10,72,19,101,122,77,124,27,350,70,12,82,432
02/06/2002,BOI,ID,ANM,WE,Towers with Radar,125,74,67,13,279,0,0,107,15,122,125,74,174,28,401,113,30,143,544
02/07/2002,BOI,ID,ANM,WE,Towers with Radar,128,74,68,16,286,0,13,30,12,55,128,87,98,28,341,58,8,66,407
02/08/2002,BOI,ID,ANM,WE,Towers with Radar,121,85,79,5,290,0,12,52,7,71,121,97,131,12,361,30,10,40,401
02/09/2002,BOI,ID,ANM,WE,Towers with Radar,101,34,53,3,191,0,11,122,6,139,101,45,175,9,330,36,6,42,372
02/10/2002,BOI,ID,ANM,WE,Towers with Radar,81,47,41,3,172,15,3,71,0,89,96,50,112,3,261,40,0,40,301
02/11/2002,BOI,ID,ANM,WE,Towers with Radar,115,71,65,8,259,0,13,78,14,105,115,84,143,22,364,34,18,52,416
02/12/2002,BOI,ID,ANM,WE,Towers with Radar,126,78,50,12,266,0,13,73,17,103,126,91,123,29,369,138,14,152,521
02/13/2002,BOI,ID,ANM,WE,Towers with Radar,128,78,85,19,310,0,29,74,11,114,128,107,159,30,424,82,3,85,509
02/14/2002,BOI,ID,ANM,WE,Towers with Radar,126,84,56,7,273,0,33,109,11,153,126,117,165,18,426,92,18,110,536
02/15/2002,BOI,ID,ANM,WE,Towers with Radar,116,89,84,2,291,0,13,110,6,129,116,102,194,8,420,90,0,90,510
02/16/2002,BOI,ID,ANM,WE,Towers with Radar,103,44,61,2,210,0,9,105,0,114,103,53,166,2,324,72,14,86,410
02/17/2002,BOI,ID,ANM,WE,Towers with Radar,93,43,29,0,165,0,10,35,0,45,93,53,64,0,210,8,0,8,218
02/18/2002,BOI,ID,ANM,WE,Towers with Radar,115,58,43,1,217,0,9,64,0,73,115,67,107,1,290,62,0,62,352
02/19/2002,BOI,ID,ANM,WE,Towers with Radar,128,80,62,9,279,0,2,13,13,28,128,82,75,22,307,10,36,46,353
02/20/2002,BOI,ID,ANM,WE,Towers with Radar,125,74,84,3,286,0,13,44,21,78,125,87,128,24,364,44,22,66,430
02/21/2002,BOI,ID,ANM,WE,Towers with Radar,123,80,80,53,336,0,41,81,22,144,123,121,161,75,480,34,58,92,572
02/22/2002,BOI,ID,ANM,WE,Towers with Radar,119,74,77,7,277,0,6,103,5,114,119,80,180,12,391,94,4,98,489
02/23/2002,BOI,ID,ANM,WE,Towers with Radar,101,50,57,6,214,0,2,39,12,53,101,52,96,18,267,94,36,130,397
02/24/2002,BOI,ID,ANM,WE,Towers with Radar,98,44,48,4,194,0,9,48,0,57,98,53,96,4,251,44,2,46,297
02/25/2002,BOI,ID,ANM,WE,Towers with Radar,117,66,41,15,239,0,9,74,16,99,117,75,115,31,338,22,6,28,366
02/26/2002,BOI,ID,ANM,WE,Towers with Radar,129,75,48,29,281,6,12,77,21,116,135,87,125,50,397,92,18,110,507
02/27/2002,BOI,ID,ANM,WE,Towers with Radar,94,92,55,21,262,0,8,102,24,134,94,100,157,45,396,94,20,114,510
02/28/2002,BOI,ID,ANM,WE,Towers with Radar,126,79,54,12,271,0,7,53,24,84,126,86,107,36,355,18,12,30,385
03/01/2002,BOI,ID,ANM,WE,Towers with Radar,116,73,60,12,261,1,2,74,3,80,117,75,134,15,341,80,4,84,425
03/02/2002,BOI,ID,ANM,WE,Towers with Radar,103,54,52,8,217,18,9,96,26,149,121,63,148,34,366,114,18,132,498
03/03/2002,BOI,ID,ANM,WE,Towers with Radar,109,36,58,2,205,1,6,100,4,111,110,42,158,6,316,30,0,30,346
03/04/2002,BOI,ID,ANM,WE,Towers with Radar,121,67,51,9,248,1,10,114,8,133,122,77,165,17,381,162,0,162,543
03/05/2002,BOI,ID,ANM,WE,Towers with Radar,122,73,61,31,287,1,16,78,9,104,123,89,139,40,391,108,16,124,515
03/06/2002,BOI,ID,ANM,WE,Towers with Radar,114,73,70,11,268,0,12,73,12,97,114,85,143,23,365,88,22,110,475
03/07/2002,BOI,ID,ANM,WE,Towers with Radar,124,70,81,4,279,1,7,32,2,42,125,77,113,6,321,4,4,8,329
03/08/2002,BOI,ID,ANM,WE,Towers with Radar,124,69,83,12,288,1,17,64,7,89,125,86,147,19,377,62,8,70,447
03/09/2002,BOI,ID,ANM,WE,Towers with Radar,99,43,36,2,180,1,3,76,0,80,100,46,112,2,260,128,11,139,399
03/10/2002,BOI,ID,ANM,WE,Towers with Radar,92,36,25,3,156,1,2,14,0,17,93,38,39,3,173,2,0,2,175
03/11/2002,BOI,ID,ANM,WE,Towers with Radar,107,70,87,24,288,1,14,45,32,92,108,84,132,56,380,30,24,54,434
03/12/2002,BOI,ID,ANM,WE,Towers with Radar,117,63,78,12,270,1,14,34,26,75,118,77,112,38,345,26,0,26,371
03/13/2002,BOI,ID,ANM,WE,Towers with Radar,150,63,82,14,309,1,3,36,36,76,151,66,118,50,385,48,16,64,449
03/14/2002,BOI,ID,ANM,WE,Towers with Radar,118,63,73,11,265,1,8,59,17,85,119,71,132,28,350,100,10,110,460
03/15/2002,BOI,ID,ANM,WE,Towers with Radar,115,65,58,8,246,1,10,71,6,88,116,75,129,14,334,100,2,102,436
03/16/2002,BOI,ID,ANM,WE,Towers with Radar,98,37,16,8,159,1,16,17,0,34,99,53,33,8,193,0,66,66,259
03/17/2002,BOI,ID,ANM,WE,Towers with Radar,89,37,21,4,151,1,8,7,0,16,90,45,28,4,167,0,0,0,167
03/18/2002,BOI,ID,ANM,WE,Towers with Radar,109,74,60,6,249,1,12,72,15,100,110,86,132,21,349,118,16,134,483
03/19/2002,BOI,ID,ANM,WE,Towers with Radar,123,66,65,10,264,0,18,35,2,55,123,84,100,12,319,30,2,32,351
03/20/2002,BOI,ID,ANM,WE,Towers with Radar,112,65,86,17,280,1,6,80,8,95,113,71,166,25,375,112,19,131,506
03/21/2002,BOI,ID,ANM,WE,Towers with Radar,131,70,69,11,281,0,2,125,12,139,131,72,194,23,420,96,6,102,522
03/22/2002,BOI,ID,ANM,WE,Towers with Radar,125,68,59,12,264,1,10,109,9,129,126,78,168,21,393,98,4,102,495
03/23/2002,BOI,ID,ANM,WE,Towers with Radar,102,42,51,4,199,1,8,23,9,41,103,50,74,13,240,56,6,62,302
03/24/2002,BOI,ID,ANM,WE,Towers with Radar,104,38,35,3,180,0,5,16,7,28,104,43,51,10,208,38,0,38,246
03/25/2002,BOI,ID,ANM,WE,Towers with Radar,121,64,48,2,235,0,4,93,8,105,121,68,141,10,340,151,0,151,491
03/26/2002,BOI,ID,ANM,WE,Towers with Radar,127,58,73,16,274,0,4,136,20,160,127,62,209,36,434,94,20,114,548
03/27/2002,BOI,ID,ANM,WE,Towers with Radar,126,72,65,4,267,0,6,97,12,115,126,78,162,16,382,53,4,57,439
03/28/2002,BOI,ID,ANM,WE,Towers with Radar,126,65,63,9,263,0,30,84,7,121,126,95,147,16,384,92,16,108,492
03/29/2002,BOI,ID,ANM,WE,Towers with Radar,117,72,51,1,241,0,7,118,2,127,117,79,169,3,368,104,0,104,472
03/30/2002,BOI,ID,ANM,WE,Towers with Radar,100,43,37,7,187,0,10,131,1,142,100,53,168,8,329,76,0,76,405
03/31/2002,BOI,ID,ANM,WE,Towers with Radar,94,37,31,3,165,0,8,77,0,85,94,45,108,3,250,24,0,24,274
04/01/2002,BOI,ID,ANM,WE,Towers with Radar,119,60,46,7,232,1,6,85,17,109,120,66,131,24,341,112,13,125,466
04/02/2002,BOI,ID,ANM,WE,Towers with Radar,123,74,65,14,276,0,12,102,37,151,123,86,167,51,427,28,37,65,492
04/03/2002,BOI,ID,ANM,WE,Towers with Radar,128,67,58,13,266,0,17,169,17,203,128,84,227,30,469,59,8,67,536
04/04/2002,BOI,ID,ANM,WE,Towers with Radar,124,71,55,0,250,0,6,126,29,161,124,77,181,29,411,102,25,127,538
04/05/2002,BOI,ID,ANM,WE,Towers with Radar,124,63,55,12,254,0,12,116,8,136,124,75,171,20,390,102,8,110,500
04/06/2002,BOI,ID,ANM,WE,Towers with Radar,101,38,23,6,168,0,13,91,29,133,101,51,114,35,301,80,10,90,391
04/07/2002,BOI,ID,ANM,WE,Towers with Radar,100,35,33,0,168,1,10,58,23,92,101,45,91,23,260,80,0,80,340
04/08/2002,BOI,ID,ANM,WE,Towers with Radar,122,68,73,9,272,0,11,97,9,117,122,79,170,18,389,60,6,66,455
04/09/2002,BOI,ID,ANM,WE,Towers with Radar,131,60,55,13,259,0,4,47,10,61,131,64,102,23,320,64,14,78,398
04/10/2002,BOI,ID,ANM,WE,Towers with Radar,128,41,79,18,266,0,5,60,41,106,128,46,139,59,372,116,34,150,522
04/11/2002,BOI,ID,ANM,WE,Towers with Radar,121,67,61,17,266,1,7,74,33,115,122,74,135,50,381,104,22,126,507
04/12/2002,BOI,ID,ANM,WE,Towers with Radar,126,68,70,0,264,0,11,121,11,143,126,79,191,11,407,78,6,84,491
04/13/2002,BOI,ID,ANM,WE,Towers with Radar,104,49,42,8,203,1,4,80,2,87,105,53,122,10,290,144,0,144,434
04/14/2002,BOI,ID,ANM,WE,Towers with Radar,94,42,40,2,178,1,4,31,0,36,95,46,71,2,214,10,0,10,224
04/15/2002,BOI,ID,ANM,WE,Towers with Radar,140,75,53,14,282,0,9,45,26,80,140,84,98,40,362,8,8,16,378
04/16/2002,BOI,ID,ANM,WE,Towers with Radar,131,62,64,31,288,0,1,76,27,104,131,63,140,58,392,98,10,108,500
04/17/2002,BOI,ID,ANM,WE,Towers with Radar,128,68,69,15,280,1,11,38,20,70,129,79,107,35,350,53,2,55,405
04/18/2002,BOI,ID,ANM,WE,Towers with Radar,126,80,58,45,309,1,12,25,16,54,127,92,83,61,363,48,24,72,435
04/19/2002,BOI,ID,ANM,WE,Towers with Radar,126,73,78,15,292,2,15,107,23,147,128,88,185,38,439,33,20,53,492
04/20/2002,BOI,ID,ANM,WE,Towers with Radar,102,41,22,2,167,1,20,86,7,114,103,61,108,9,281,96,8,104,385
04/21/2002,BOI,ID,ANM,WE,Towers with Radar,85,44,38,0,167,11,3,70,0,84,96,47,108,0,251,10,1,11,262
04/22/2002,BOI,ID,ANM,WE,Towers with Radar,118,73,42,11,244,1,28,110,10,149,119,101,152,21,393,60,8,68,461
04/23/2002,BOI,ID,ANM,WE,Towers with Radar,126,62,47,12,247,1,12,75,21,109,127,74,122,33,356,24,6,30,386
04/24/2002,BOI,ID,ANM,WE,Towers with Radar,114,67,60,6,247,1,12,161,25,199,115,79,221,31,446,64,36,100,546
04/25/2002,BOI,ID,ANM,WE,Towers with Radar,126,65,68,12,271,1,7,155,23,186,127,72,223,35,457,128,14,142,599
04/26/2002,BOI,ID,ANM,WE,Towers with Radar,123,68,61,14,266,0,15,129,9,153,123,83,190,23,419,94,16,110,529
04/27/2002,BOI,ID,ANM,WE,Towers with Radar,92,41,20,0,153,0,20,72,2,94,92,61,92,2,247,132,0,132,379
04/28/2002,BOI,ID,ANM,WE,Towers with Radar,97,36,20,1,154,0,11,88,0,99,97,47,108,1,253,56,0,56,309
04/29/2002,BOI,ID,ANM,WE,Towers with Radar,123,64,44,8,239,0,12,102,28,142,123,76,146,36,381,52,10,62,443
04/30/2002,BOI,ID,ANM,WE,Towers with Radar,131,73,44,18,266,0,10,80,15,105,131,83,124,33,371,98,20,118,489
05/01/2002,BOI,ID,ANM,WE,Towers with Radar,133,60,64,21,278,0,11,122,19,152,133,71,186,40,430,113,12,125,555
05/02/2002,BOI,ID,ANM,WE,Towers with Radar,135,67,71,36,309,0,18,155,23,196,135,85,226,59,505,60,36,96,601
05/03/2002,BOI,ID,ANM,WE,Towers with Radar,130,70,67,11,278,0,15,116,5,136,130,85,183,16,414,64,8,72,486
05/04/2002,BOI,ID,ANM,WE,Towers with Radar,108,42,32,10,192,0,11,139,23,173,108,53,171,33,365,104,4,108,473
05/05/2002,BOI,ID,ANM,WE,Towers with Radar,98,38,33,17,186,0,4,67,9,80,98,42,100,26,266,48,0,48,314
05/06/2002,BOI,ID,ANM,WE,Towers with Radar,123,63,47,13,246,0,14,86,11,111,123,77,133,24,357,72,12,84,441
05/07/2002,BOI,ID,ANM,WE,Towers with Radar,135,67,44,10,256,0,17,36,9,62,135,84,80,19,318,38,5,43,361
05/08/2002,BOI,ID,ANM,WE,Towers with Radar,130,66,70,17,283,0,17,122,14,153,130,83,192,31,436,81,2,83,519
05/09/2002,BOI,ID,ANM,WE,Towers with Radar,125,64,51,7,247,0,7,126,25,158,125,71,177,32,405,56,10,66,471
05/10/2002,BOI,ID,ANM,WE,Towers with Radar,131,69,55,10,265,0,7,112,8,127,131,76,167,18,392,90,0,90,482
05/11/2002,BOI,ID,ANM,WE,Towers with Radar,110,48,29,0,187,0,10,148,3,161,110,58,177,3,348,52,2,54,402
05/12/2002,BOI,ID,ANM,WE,Towers with Radar,103,36,20,1,160,0,11,98,1,110,103,47,118,2,270,6,0,6,276
05/13/2002,BOI,ID,ANM,WE,Towers with Radar,126,69,71,24,290,0,14,121,14,149,126,83,192,38,439,28,20,48,487
05/14/2002,BOI,ID,ANM,WE,Towers with Radar,134,64,34,10,242,0,5,97,63,165,134,69,131,73,407,91,16,107,514
05/15/2002,BOI,ID,ANM,WE,Towers with Radar,128,80,59,15,282,0,2,159,111,272,128,82,218,126,554,97,8,105,659
05/16/2002,BOI,ID,ANM,WE,Towers with Radar,133,74,54,0,261,0,15,149,115,279,133,89,203,115,540,108,12,120,660
05/17/2002,BOI,ID,ANM,WE,Towers with Radar,130,75,58,12,275,0,28,124,71,223,130,103,182,83,498,134,12,146,644
05/18/2002,BOI,ID,ANM,WE,Towers with Radar,110,38,2,11,161,0,14,135,1,150,110,52,137,12,311,79,0,79,390
05/19/2002,BOI,ID,ANM,WE,Towers with Radar,102,34,27,0,163,0,12,92,0,104,102,46,119,0,267,22,0,22,289
05/20/2002,BOI,ID,ANM,WE,Towers with Radar,123,63,52,11,249,0,17,54,14,85,123,80,106,25,334,62,6,68,402
05/21/2002,BOI,ID,ANM,WE,Towers with Radar,133,59,42,4,238,0,9,50,12,71,133,68,92,16,309,32,20,52,361
05/22/2002,BOI,ID,ANM,WE,Towers with Radar,127,60,51,12,250,7,0,115,5,127,134,60,166,17,377,0,0,0,377
05/23/2002,BOI,ID,ANM,WE,Towers with Radar,130,70,87,15,302,0,6,117,20,143,130,76,204,35,445,28,14,42,487
05/24/2002,BOI,ID,ANM,WE,Towers with Radar,133,74,67,5,279,0,17,151,14,182,133,91,218,19,461,86,6,92,553
05/25/2002,BOI,ID,ANM,WE,Towers with Radar,104,39,36,2,181,0,27,180,3,210,104,66,216,5,391,86,4,90,481
05/26/2002,BOI,ID,ANM,WE,Towers with Radar,84,38,21,4,147,0,9,62,0,71,84,47,83,4,218,28,4,32,250
05/27/2002,BOI,ID,ANM,WE,Towers with Radar,117,42,29,2,190,0,12,116,0,128,117,54,145,2,318,68,0,68,386
05/28/2002,BOI,ID,ANM,WE,Towers with Radar,124,71,53,17,265,0,22,102,9,133,124,93,155,26,398,104,8,112,510
05/29/2002,BOI,ID,ANM,WE,Towers with Radar,128,75,78,17,298,0,9,131,8,148,128,84,209,25,446,108,0,108,554
05/30/2002,BOI,ID,ANM,WE,Towers with Radar,138,72,74,11,295,0,14,172,15,201,138,86,246,26,496,136,10,146,642
05/31/2002,BOI,ID,ANM,WE,Towers with Radar,130,71,54,16,271,0,17,136,6,159,130,88,190,22,430,30,0,30,460
06/01/2002,BOI,ID,ANM,WE,Towers with Radar,112,47,10,13,182,0,13,70,35,118,112,60,80,48,300,38,12,50,350
06/02/2002,BOI,ID,ANM,WE,Towers with Radar,107,37,31,4,179,0,28,74,7,109,107,65,105,11,288,26,2,28,316
06/03/2002,BOI,ID,ANM,WE,Towers with Radar,141,69,44,9,263,0,27,110,3,140,141,96,154,12,403,58,10,68,471
06/04/2002,BOI,ID,ANM,WE,Towers with Radar,136,65,65,14,280,0,14,128,11,153,136,79,193,25,433,100,14,114,547
06/05/2002,BOI,ID,ANM,WE,Towers with Radar,145,67,67,9,288,0,9,163,12,184,145,76,230,21,472,92,16,108,580
06/06/2002,BOI,ID,ANM,WE,Towers with Radar,135,83,80,9,307,0,13,154,19,186,135,96,234,28,493,140,24,164,657
06/07/2002,BOI,ID,ANM,WE,Towers with Radar,130,87,58,14,289,0,18,61,17,96,130,105,119,31,385,110,12,122,507
06/08/2002,BOI,ID,ANM,WE,Towers with Radar,120,40,30,6,196,0,20,86,8,114,120,60,116,14,310,24,6,30,340
06/09/2002,BOI,ID,ANM,WE,Towers with Radar,117,39,29,3,188,0,19,44,18,81,117,58,73,21,269,32,4,36,305
06/10/2002,BOI,ID,ANM,WE,Towers with Radar,134,72,47,15,268,0,15,94,21,130,134,87,141,36,398,152,5,157,555
06/11/2002,BOI,ID,ANM,WE,Towers with Radar,135,61,57,13,266,0,8,133,29,170,135,69,190,42,436,216,6,222,658
06/12/2002,BOI,ID,ANM,WE,Towers with Radar,135,72,56,14,277,0,12,179,37,228,135,84,235,51,505,168,10,178,683
06/13/2002,BOI,ID,ANM,WE,Towers with Radar,140,73,53,16,282,0,24,186,11,221,140,97,239,27,503,126,0,126,629
06/14/2002,BOI,ID,ANM,WE,Towers with Radar,129,74,61,21,285,0,0,197,15,212,129,74,258,36,497,70,28,98,595
06/15/2002,BOI,ID,ANM,WE,Towers with Radar,100,48,37,10,195,16,3,151,2,172,116,51,188,12,367,46,2,48,415
06/16/2002,BOI,ID,ANM,WE,Towers with Radar,115,35,24,8,182,0,24,105,0,129,115,59,129,8,311,12,0,12,323
06/17/2002,BOI,ID,ANM,WE,Towers with Radar,129,66,51,23,269,0,11,97,9,117,129,77,148,32,386,48,4,52,438
06/18/2002,BOI,ID,ANM,WE,Towers with Radar,139,83,75,10,307,0,10,84,14,108,139,93,159,24,415,24,6,30,445
06/19/2002,BOI,ID,ANM,WE,Towers with Radar,132,72,84,21,309,0,14,202,26,242,132,86,286,47,551,59,56,115,666
06/20/2002,BOI,ID,ANM,WE,Towers with Radar,141,73,58,12,284,0,14,168,20,202,141,87,226,32,486,58,6,64,550
06/21/2002,BOI,ID,ANM,WE,Towers with Radar,134,76,64,21,295,0,13,138,8,159,134,89,202,29,454,14,0,14,468
06/22/2002,BOI,ID,ANM,WE,Towers with Radar,118,52,24,2,196,0,22,120,1,143,118,74,144,3,339,18,10,28,367
06/23/2002,BOI,ID,ANM,WE,Towers with Radar,131,42,32,3,208,0,5,129,0,134,131,47,161,3,342,54,0,54,396
06/24/2002,BOI,ID,ANM,WE,Towers with Radar,134,82,43,2,261,0,17,167,2,186,134,99,210,4,447,84,0,84,531
06/25/2002,BOI,ID,ANM,WE,Towers with Radar,142,71,55,21,289,0,9,163,22,194,142,80,218,43,483,71,30,101,584
06/26/2002,BOI,ID,ANM,WE,Towers with Radar,144,75,57,17,293,0,30,163,10,203,144,105,220,27,496,24,8,32,528
06/27/2002,BOI,ID,ANM,WE,Towers with Radar,144,75,76,23,318,0,17,212,9,238,144,92,288,32,556,76,12,88,644
06/28/2002,BOI,ID,ANM,WE,Towers with Radar,144,64,48,15,271,0,55,157,12,224,144,119,205,27,495,53,4,57,552
06/29/2002,BOI,ID,ANM,WE,Towers with Radar,133,48,46,4,231,0,17,169,3,189,133,65,215,7,420,106,0,106,526
06/30/2002,BOI,ID,ANM,WE,Towers with Radar,130,42,37,0,209,0,25,114,1,140,130,67,151,1,349,84,0,84,433
07/01/2002,BOI,ID,ANM,WE,Towers with Radar,145,76,84,11,316,0,12,172,12,196,145,88,256,23,512,52,1,53,565
07/02/2002,BOI,ID,ANM,WE,Towers with Radar,147,64,77,21,309,0,14,161,11,186,147,78,238,32,495,72,2,74,569
07/03/2002,BOI,ID,ANM,WE,Towers with Radar,141,64,59,10,274,0,6,170,5,181,141,70,229,15,455,34,0,34,489
07/04/2002,BOI,ID,ANM,WE,Towers with Radar,102,49,21,2,174,0,13,120,6,139,102,62,141,8,313,48,22,70,383
07/05/2002,BOI,ID,ANM,WE,Towers with Radar,112,58,37,2,209,0,18,131,0,149,112,76,168,2,358,72,0,72,430
07/06/2002,BOI,ID,ANM,WE,Towers with Radar,130,36,17,0,183,0,16,119,0,135,130,52,136,0,318,102,0,102,420
07/07/2002,BOI,ID,ANM,WE,Towers with Radar,125,51,35,0,211,0,38,171,0,209,125,89,206,0,420,6,0,6,426
07/08/2002,BOI,ID,ANM,WE,Towers with Radar,135,75,65,24,299,0,65,175,3,243,135,140,240,27,542,76,12,88,630
07/09/2002,BOI,ID,ANM,WE,Towers with Radar,144,71,67,13,295,0,6,210,19,235,144,77,277,32,530,36,4,40,570
07/10/2002,BOI,ID,ANM,WE,Towers with Radar,138,56,75,18,287,0,25,140,21,186,138,81,215,39,473,106,6,112,585
07/11/2002,BOI,ID,ANM,WE,Towers with Radar,160,89,70,30,349,0,8,207,29,244,160,97,277,59,593,48,14,62,655
07/12/2002,BOI,ID,ANM,WE,Towers with Radar,147,66,57,18,288,0,23,165,22,210,147,89,222,40,498,52,2,54,552
07/13/2002,BOI,ID,ANM,WE,Towers with Radar,132,48,40,6,226,0,23,135,12,170,132,71,175,18,396,43,0,43,439
07/14/2002,BOI,ID,ANM,WE,Towers with Radar,134,53,42,17,246,0,5,140,63,208,134,58,182,80,454,44,4,48,502
07/15/2002,BOI,ID,ANM,WE,Towers with Radar,135,75,75,7,292,0,25,151,32,208,135,100,226,39,500,34,6,40,540
07/16/2002,BOI,ID,ANM,WE,Towers with Radar,140,63,78,7,288,0,10,151,39,200,140,73,229,46,488,134,28,162,650
07/17/2002,BOI,ID,ANM,WE,Towers with Radar,144,71,96,16,327,0,19,225,16,260,144,90,321,32,587,113,21,134,721
07/18/2002,BOI,ID,ANM,WE,Towers with Radar,150,63,98,17,328,1,16,171,19,207,151,79,269,36,535,68,18,86,621
07/19/2002,BOI,ID,ANM,WE,Towers with Radar,148,79,60,21,308,0,11,195,3,209,148,90,255,24,517,66,12,78,595
07/20/2002,BOI,ID,ANM,WE,Towers with Radar,133,45,51,8,237,0,6,190,2,198,133,51,241,10,435,142,4,146,581
07/21/2002,BOI,ID,ANM,WE,Towers with Radar,137,40,30,10,217,0,15,196,5,216,137,55,226,15,433,90,0,90,523
07/22/2002,BOI,ID,ANM,WE,Towers with Radar,135,72,66,15,288,0,11,158,26,195,135,83,224,41,483,64,4,68,551
07/23/2002,BOI,ID,ANM,WE,Towers with Radar,145,69,78,38,330,0,30,168,30,228,145,99,246,68,558,104,12,116,674
07/24/2002,BOI,ID,ANM,WE,Towers with Radar,157,72,71,15,315,0,5,233,46,284,157,77,304,61,599,68,22,90,689
07/25/2002,BOI,ID,ANM,WE,Towers with Radar,146,73,79,19,317,0,17,88,49,154,146,90,167,68,471,70,22,92,563
07/26/2002,BOI,ID,ANM,WE,Towers with Radar,142,64,60,15,281,0,21,219,27,267,142,85,279,42,548,140,1,141,689
07/27/2002,BOI,ID,ANM,WE,Towers with Radar,135,48,26,3,212,0,23,218,31,272,135,71,244,34,484,128,0,128,612
07/28/2002,BOI,ID,ANM,WE,Towers with Radar,123,49,39,2,213,0,7,173,9,189,123,56,212,11,402,42,0,42,444
07/29/2002,BOI,ID,ANM,WE,Towers with Radar,131,71,60,8,270,0,16,210,26,252,131,87,270,34,522,120,4,124,646
07/30/2002,BOI,ID,ANM,WE,Towers with Radar,129,69,75,18,291,0,17,204,11,232,129,86,279,29,523,152,8,160,683
07/31/2002,BOI,ID,ANM,WE,Towers with Radar,142,48,74,22,286,0,21,208,17,246,142,69,282,39,532,110,28,138,670
08/01/2002,BOI,ID,ANM,WE,Towers with Radar,144,61,83,19,307,0,13,238,25,276,144,74,321,44,583,128,6,134,717
08/02/2002,BOI,ID,ANM,WE,Towers with Radar,138,63,53,13,267,0,42,208,65,315,138,105,261,78,582,74,2,76,658
08/03/2002,BOI,ID,ANM,WE,Towers with Radar,129,49,38,10,226,0,31,192,41,264,129,80,230,51,490,104,30,134,624
08/04/2002,BOI,ID,ANM,WE,Towers with Radar,131,37,40,2,210,0,25,138,17,180,131,62,178,19,390,2,4,6,396
08/05/2002,BOI,ID,ANM,WE,Towers with Radar,136,71,55,6,268,0,26,135,6,167,136,97,190,12,435,66,2,68,503
08/06/2002,BOI,ID,ANM,WE,Towers with Radar,132,67,54,20,273,0,14,198,13,225,132,81,252,33,498,110,8,118,616
08/07/2002,BOI,ID,ANM,WE,Towers with Radar,140,64,72,20,296,0,8,177,14,199,140,72,249,34,495,70,4,74,569
08/08/2002,BOI,ID,ANM,WE,Towers with Radar,147,68,56,24,295,0,17,198,13,228,147,85,254,37,523,74,6,80,603
08/09/2002,BOI,ID,ANM,WE,Towers with Radar,141,66,57,4,268,0,20,196,23,239,141,86,253,27,507,152,36,188,695
08/10/2002,BOI,ID,ANM,WE,Towers with Radar,130,44,38,1,213,0,19,182,2,203,130,63,220,3,416,204,20,224,640
08/11/2002,BOI,ID,ANM,WE,Towers with Radar,111,50,48,11,220,22,17,157,7,203,133,67,205,18,423,44,0,44,467
08/12/2002,BOI,ID,ANM,WE,Towers with Radar,134,67,72,22,295,0,32,170,15,217,134,99,242,37,512,36,30,66,578
08/13/2002,BOI,ID,ANM,WE,Towers with Radar,145,71,54,19,289,0,24,197,11,232,145,95,251,30,521,118,62,180,701
08/14/2002,BOI,ID,ANM,WE,Towers with Radar,143,64,62,15,284,0,0,197,8,205,143,64,259,23,489,64,10,74,563
08/15/2002,BOI,ID,ANM,WE,Towers with Radar,143,78,88,16,325,0,7,180,13,200,143,85,268,29,525,120,2,122,647
08/16/2002,BOI,ID,ANM,WE,Towers with Radar,139,69,56,14,278,0,27,174,8,209,139,96,230,22,487,76,0,76,563
08/17/2002,BOI,ID,ANM,WE,Towers with Radar,133,45,30,7,215,0,30,191,2,223,133,75,221,9,438,142,0,142,580
08/18/2002,BOI,ID,ANM,WE,Towers with Radar,124,48,27,4,203,0,14,168,0,182,124,62,195,4,385,62,0,62,447
08/19/2002,BOI,ID,ANM,WE,Towers with Radar,129,70,63,18,280,0,26,171,5,202,129,96,234,23,482,120,8,128,610
08/20/2002,BOI,ID,ANM,WE,Towers with Radar,137,68,55,14,274,0,14,135,14,163,137,82,190,28,437,38,14,52,489
08/21/2002,BOI,ID,ANM,WE,Towers with Radar,144,55,80,31,310,0,22,133,15,170,144,77,213,46,480,64,42,106,586
08/22/2002,BOI,ID,ANM,WE,Towers with Radar,136,62,68,17,283,0,8,175,19,202,136,70,243,36,485,54,10,64,549
08/23/2002,BOI,ID,ANM,WE,Towers with Radar,139,80,86,20,325,0,23,161,8,192,139,103,247,28,517,24,10,34,551
08/24/2002,BOI,ID,ANM,WE,Towers with Radar,129,46,40,1,216,0,11,139,2,152,129,57,179,3,368,66,0,66,434
08/25/2002,BOI,ID,ANM,WE,Towers with Radar,125,47,48,3,223,0,18,168,0,186,125,65,216,3,409,74,0,74,483
08/26/2002,BOI,ID,ANM,WE,Towers with Radar,130,72,64,11,277,0,10,168,4,182,130,82,232,15,459,62,3,65,524
08/27/2002,BOI,ID,ANM,WE,Towers with Radar,138,76,63,23,300,0,9,115,15,139,138,85,178,38,439,46,20,66,505
08/28/2002,BOI,ID,ANM,WE,Towers with Radar,141,73,89,12,315,0,12,174,16,202,141,85,263,28,517,54,25,79,596
08/29/2002,BOI,ID,ANM,WE,Towers with Radar,139,73,83,26,321,0,10,165,7,182,139,83,248,33,503,88,2,90,593
08/30/2002,BOI,ID,ANM,WE,Towers with Radar,138,72,64,8,282,0,26,132,6,164,138,98,196,14,446,128,10,138,584
08/31/2002,BOI,ID,ANM,WE,Towers with Radar,115,51,32,0,198,0,16,112,4,132,115,67,144,4,330,26,0,26,356
09/01/2002,BOI,ID,ANM,WE,Towers with Radar,87,51,38,3,179,0,21,85,0,106,87,72,123,3,285,36,0,36,321
09/02/2002,BOI,ID,ANM,WE,Towers with Radar,113,52,44,0,209,0,11,172,0,183,113,63,216,0,392,38,0,38,430
09/03/2002,BOI,ID,ANM,WE,Towers with Radar,126,75,48,14,263,0,33,132,5,170,126,108,180,19,433,78,28,106,539
09/04/2002,BOI,ID,ANM,WE,Towers with Radar,133,82,61,10,286,5,10,101,23,139,138,92,162,33,425,44,10,54,479
09/05/2002,BOI,ID,ANM,WE,Towers with Radar,132,85,86,19,322,0,9,122,8,139,132,94,208,27,461,46,8,54,515
09/06/2002,BOI,ID,ANM,WE,Towers with Radar,132,98,73,20,323,0,16,81,0,97,132,114,154,20,420,114,6,120,540
09/07/2002,BOI,ID,ANM,WE,Towers with Radar,110,54,43,33,240,0,32,99,10,141,110,86,142,43,381,32,12,44,425
09/08/2002,BOI,ID,ANM,WE,Towers with Radar,116,54,36,7,213,0,35,110,0,145,116,89,146,7,358,30,0,30,388
09/09/2002,BOI,ID,ANM,WE,Towers with Radar,125,84,69,4,282,0,24,152,0,176,125,108,221,4,458,64,0,64,522
09/10/2002,BOI,ID,ANM,WE,Towers with Radar,127,82,56,6,271,0,18,171,12,201,127,100,227,18,472,88,4,92,564
09/11/2002,BOI,ID,ANM,WE,Towers with Radar,124,85,52,15,276,0,30,156,18,204,124,115,208,33,480,60,26,86,566
09/12/2002,BOI,ID,ANM,WE,Towers with Radar,130,84,69,5,288,0,13,160,12,185,130,97,229,17,473,86,12,98,571
09/13/2002,BOI,ID,ANM,WE,Towers with Radar,126,91,83,9,309,0,26,168,5,199,126,117,251,14,508,100,4,104,612
09/14/2002,BOI,ID,ANM,WE,Towers with Radar,108,55,37,2,202,0,11,132,2,145,108,66,169,4,347,56,0,56,403
09/15/2002,BOI,ID,ANM,WE,Towers with Radar,109,52,37,2,200,0,2,117,0,119,109,54,154,2,319,30,0,30,349
09/16/2002,BOI,ID,ANM,WE,Towers with Radar,122,89,62,14,287,0,21,113,4,138,122,110,175,18,425,184,4,188,613
09/17/2002,BOI,ID,ANM,WE,Towers with Radar,126,102,98,14,340,0,10,55,11,76,126,112,153,25,416,100,4,104,520
09/18/2002,BOI,ID,ANM,WE,Towers with Radar,127,88,48,15,278,0,18,133,19,170,127,106,181,34,448,90,14,104,552
09/19/2002,BOI,ID,ANM,WE,Towers with Radar,128,89,70,16,303,0,33,161,9,203,128,122,231,25,506,144,0,144,650
09/20/2002,BOI,ID,ANM,WE,Towers with Radar,127,89,68,15,299,0,14,149,8,171,127,103,217,23,470,136,0,136,606
09/21/2002,BOI,ID,ANM,WE,Towers with Radar,106,52,22,5,185,0,18,133,16,167,106,70,155,21,352,80,2,82,434
09/22/2002,BOI,ID,ANM,WE,Towers with Radar,110,57,34,1,202,0,8,111,3,122,110,65,145,4,324,48,2,50,374
09/23/2002,BOI,ID,ANM,WE,Towers with Radar,120,98,56,0,274,0,21,133,4,158,120,119,189,4,432,100,16,116,548
09/24/2002,BOI,ID,ANM,WE,Towers with Radar,136,91,46,7,280,3,20,146,11,180,139,111,192,18,460,136,2,138,598
09/25/2002,BOI,ID,ANM,WE,Towers with Radar,140,79,60,11,290,0,32,152,15,199,140,111,212,26,489,64,2,66,555
09/26/2002,BOI,ID,ANM,WE,Towers with Radar,126,94,58,9,287,0,19,138,16,173,126,113,196,25,460,128,60,188,648
09/27/2002,BOI,ID,ANM,WE,Towers with Radar,130,89,66,8,293,0,16,138,3,157,130,105,204,11,450,120,4,124,574
09/28/2002,BOI,ID,ANM,WE,Towers with Radar,108,62,30,2,202,0,22,111,6,139,108,84,141,8,341,66,0,66,407
09/29/2002,BOI,ID,ANM,WE,Towers with Radar,110,61,63,0,234,0,27,91,0,118,110,88,154,0,352,52,0,52,404
09/30/2002,BOI,ID,ANM,WE,Towers with Radar,134,81,73,2,290,0,1,153,3,157,134,82,226,5,447,50,0,50,497
10/01/2002,BOI,ID,ANM,WE,Towers with Radar,129,80,67,12,288,0,16,111,14,141,129,96,178,26,429,58,8,66,495
10/02/2002,BOI,ID,ANM,WE,Towers with Radar,130,82,72,13,297,0,21,190,11,222,130,103,262,24,519,36,12,48,567
10/03/2002,BOI,ID,ANM,WE,Towers with Radar,131,76,63,20,290,0,6,108,15,129,131,82,171,35,419,66,12,78,497
10/04/2002,BOI,ID,ANM,WE,Towers with Radar,126,85,69,15,295,0,13,100,2,115,126,98,169,17,410,50,4,54,464
10/05/2002,BOI,ID,ANM,WE,Towers with Radar,106,53,22,20,201,0,5,103,10,118,106,58,125,30,319,72,12,84,403
10/06/2002,BOI,ID,ANM,WE,Towers with Radar,110,50,36,8,204,0,2,126,0,128,110,52,162,8,332,70,2,72,404
10/07/2002,BOI,ID,ANM,WE,Towers with Radar,121,79,63,2,265,0,19,138,1,158,121,98,201,3,423,54,8,62,485
10/08/2002,BOI,ID,ANM,WE,Towers with Radar,122,87,56,21,286,0,2,155,10,167,122,89,211,31,453,48,14,62,515
10/09/2002,BOI,ID,ANM,WE,Towers with Radar,119,87,72,16,294,0,8,120,13,141,119,95,192,29,435,64,24,88,523
10/10/2002,BOI,ID,ANM,WE,Towers with Radar,128,74,105,9,316,0,23,103,11,137,128,97,208,20,453,44,6,50,503
10/11/2002,BOI,ID,ANM,WE,Towers with Radar,144,78,68,10,300,4,16,121,1,142,148,94,189,11,442,40,2,42,484
10/12/2002,BOI,ID,ANM,WE,Towers with Radar,105,49,8,1,163,0,34,102,0,136,105,83,110,1,299,106,0,106,405
10/13/2002,BOI,ID,ANM,WE,Towers with Radar,111,48,18,2,179,0,6,105,0,111,111,54,123,2,290,24,8,32,322
10/14/2002,BOI,ID,ANM,WE,Towers with Radar,119,58,40,3,220,0,27,105,0,132,119,85,145,3,352,40,0,40,392
10/15/2002,BOI,ID,ANM,WE,Towers with Radar,127,71,51,9,258,0,29,121,20,170,127,100,172,29,428,96,44,140,568
10/16/2002,BOI,ID,ANM,WE,Towers with Radar,127,76,62,11,276,0,16,119,14,149,127,92,181,25,425,62,14,76,501
10/17/2002,BOI,ID,ANM,WE,Towers with Radar,136,82,95,18,331,0,22,131,9,162,136,104,226,27,493,106,4,110,603
10/18/2002,BOI,ID,ANM,WE,Towers with Radar,131,95,57,17,300,0,13,172,5,190,131,108,229,22,490,94,4,98,588
10/19/2002,BOI,ID,ANM,WE,Towers with Radar,102,59,40,1,202,0,22,114,0,136,102,81,154,1,338,94,0,94,432
10/20/2002,BOI,ID,ANM,WE,Towers with Radar,108,51,39,3,201,0,20,97,0,117,108,71,136,3,318,32,0,32,350
10/21/2002,BOI,ID,ANM,WE,Towers with Radar,120,72,60,5,257,5,22,72,0,99,125,94,132,5,356,96,0,96,452
10/22/2002,BOI,ID,ANM,WE,Towers with Radar,125,90,82,10,307,0,13,106,14,133,125,103,188,24,440,28,4,32,472
10/23/2002,BOI,ID,ANM,WE,Towers with Radar,132,96,102,13,343,0,7,60,15,82,132,103,162,28,425,54,0,54,479
10/24/2002,BOI,ID,ANM,WE,Towers with Radar,126,86,71,12,295,0,19,116,22,157,126,105,187,34,452,153,10,163,615
10/25/2002,BOI,ID,ANM,WE,Towers with Radar,132,82,66,12,292,0,8,113,4,125,132,90,179,16,417,94,8,102,519
10/26/2002,BOI,ID,ANM,WE,Towers with Radar,107,55,44,0,206,0,13,106,0,119,107,68,150,0,325,102,17,119,444
10/27/2002,BOI,ID,ANM,WE,Towers with Radar,103,48,24,0,175,0,11,88,0,99,103,59,112,0,274,64,0,64,338
10/28/2002,BOI,ID,ANM,WE,Towers with Radar,117,74,61,10,262,0,25,55,4,84,117,99,116,14,346,56,0,56,402
10/29/2002,BOI,ID,ANM,WE,Towers with Radar,129,91,125,12,357,0,15,49,8,72,129,106,174,20,429,74,0,74,503
10/30/2002,BOI,ID,ANM,WE,Towers with Radar,130,87,90,16,323,0,8,52,11,71,130,95,142,27,394,70,10,80,474
10/31/2002,BOI,ID,ANM,WE,Towers with Radar,96,58,48,6,208,27,58,11,0,96,123,116,59,6,304,47,2,49,353
11/01/2002,BOI,ID,ANM,WE,Towers with Radar,127,82,52,11,272,0,6,117,15,138,127,88,169,26,410,34,12,46,456
11/02/2002,BOI,ID,ANM,WE,Towers with Radar,103,59,46,14,222,0,12,99,17,128,103,71,145,31,350,68,16,84,434
11/03/2002,BOI,ID,ANM,WE,Towers with Radar,104,44,33,12,193,0,15,93,8,116,104,59,126,20,309,47,4,51,360
11/04/2002,BOI,ID,ANM,WE,Towers with Radar,122,85,46,2,255,0,23,96,2,121,122,108,142,4,376,108,2,110,486
11/05/2002,BOI,ID,ANM,WE,Towers with Radar,130,83,63,14,290,0,10,95,17,122,130,93,158,31,412,92,42,134,546
11/06/2002,BOI,ID,ANM,WE,Towers with Radar,128,82,68,2,280,0,1,107,10,118,128,83,175,12,398,126,32,158,556
11/07/2002,BOI,ID,ANM,WE,Towers with Radar,109,61,54,13,237,0,15,60,7,82,109,76,114,20,319,106,34,140,459
11/08/2002,BOI,ID,ANM,WE,Towers with Radar,130,101,54,36,321,0,9,32,6,47,130,110,86,42,368,38,10,48,416
11/09/2002,BOI,ID,ANM,WE,Towers with Radar,110,57,27,6,200,0,6,27,6,39,110,63,54,12,239,16,0,16,255
11/10/2002,BOI,ID,ANM,WE,Towers with Radar,105,56,30,0,191,0,17,20,1,38,105,73,50,1,229,36,0,36,265
11/11/2002,BOI,ID,ANM,WE,Towers with Radar,129,74,34,4,241,0,13,54,9,76,129,87,88,13,317,74,1,75,392
11/12/2002,BOI,ID,ANM,WE,Towers with Radar,148,103,59,20,330,0,6,47,14,67,148,109,106,34,397,68,12,80,477
11/13/2002,BOI,ID,ANM,WE,Towers with Radar,127,98,48,12,285,0,11,89,10,110,127,109,137,22,395,98,6,104,499
11/14/2002,BOI,ID,ANM,WE,Towers with Radar,133,84,66,10,293,0,12,74,10,96,133,96,140,20,389,50,18,68,457
11/15/2002,BOI,ID,ANM,WE,Towers with Radar,128,92,56,7,283,0,17,100,5,122,128,109,156,12,405,66,4,70,475
11/16/2002,BOI,ID,ANM,WE,Towers with Radar,106,53,19,6,184,0,13,85,11,109,106,66,104,17,293,40,22,62,355
11/17/2002,BOI,ID,ANM,WE,Towers with Radar,102,57,49,0,208,0,4,46,1,51,102,61,95,1,259,14,0,14,273
11/18/2002,BOI,ID,ANM,WE,Towers with Radar,125,89,54,16,284,0,3,96,13,112,125,92,150,29,396,64,26,90,486
11/19/2002,BOI,ID,ANM,WE,Towers with Radar,129,93,71,16,309,0,6,71,6,83,129,99,142,22,392,88,10,98,490
11/20/2002,BOI,ID,ANM,WE,Towers with Radar,131,94,60,12,297,0,2,121,17,140,131,96,181,29,437,116,22,138,575
11/21/2002,BOI,ID,ANM,WE,Towers with Radar,128,88,70,6,292,0,12,85,12,109,128,100,155,18,401,108,14,122,523
11/22/2002,BOI,ID,ANM,WE,Towers with Radar,130,94,67,18,309,0,13,101,3,117,130,107,168,21,426,164,14,178,604
11/23/2002,BOI,ID,ANM,WE,Towers with Radar,105,51,29,4,189,0,6,55,2,63,105,57,84,6,252,53,0,53,305
11/24/2002,BOI,ID,ANM,WE,Towers with Radar,103,51,22,0,176,0,1,80,0,81,103,52,102,0,257,99,0,99,356
11/25/2002,BOI,ID,ANM,WE,Towers with Radar,124,81,55,18,278,0,7,107,8,122,124,88,162,26,400,106,18,124,524
11/26/2002,BOI,ID,ANM,WE,Towers with Radar,137,76,68,18,299,0,12,114,2,128,137,88,182,20,427,60,18,78,505
11/27/2002,BOI,ID,ANM,WE,Towers with Radar,138,86,64,7,295,0,13,97,5,115,138,99,161,12,410,54,6,60,470
11/28/2002,BOI,ID,ANM,WE,Towers with Radar,87,51,11,0,149,0,2,35,0,37,87,53,46,0,186,26,0,26,212
11/29/2002,BOI,ID,ANM,WE,Towers with Radar,94,76,24,1,195,0,15,66,0,81,94,91,90,1,276,24,0,24,300
11/30/2002,BOI,ID,ANM,WE,Towers with Radar,97,62,39,1,199,19,7,92,0,118,116,69,131,1,317,22,7,29,346
12/01/2002,BOI,ID,ANM,WE,Towers with Radar,114,70,23,0,207,2,16,31,0,49,116,86,54,0,256,8,0,8,264
12/02/2002,BOI,ID,ANM,WE,Towers with Radar,119,97,47,15,278,1,4,60,5,70,120,101,107,20,348,42,12,54,402
12/03/2002,BOI,ID,ANM,WE,Towers with Radar,127,91,63,16,297,1,2,56,3,62,128,93,119,19,359,112,50,162,521
12/04/2002,BOI,ID,ANM,WE,Towers with Radar,124,91,52,1,268,0,0,70,0,70,124,91,122,1,338,54,8,62,400
12/05/2002,BOI,ID,ANM,WE,Towers with Radar,132,103,55,6,296,0,0,73,2,75,132,103,128,8,371,52,2,54,425
12/06/2002,BOI,ID,ANM,WE,Towers with Radar,97,79,42,4,222,0,8,34,4,46,97,87,76,8,268,71,0,71,339
12/07/2002,BOI,ID,ANM,WE,Towers with Radar,87,40,21,0,148,1,0,0,1,2,88,40,21,1,150,0,0,0,150
12/08/2002,BOI,ID,ANM,WE,Towers with Radar,108,63,31,10,212,1,0,0,1,2,109,63,31,11,214,0,2,2,216
12/09/2002,BOI,ID,ANM,WE,Towers with Radar,120,83,49,16,268,1,5,55,2,63,121,88,104,18,331,152,2,154,485
12/10/2002,BOI,ID,ANM,WE,Towers with Radar,129,102,63,19,313,1,4,21,10,36,130,106,84,29,349,74,52,126,475
12/11/2002,BOI,ID,ANM,WE,Towers with Radar,129,93,67,6,295,1,4,37,12,54,130,97,104,18,349,118,54,172,521
12/12/2002,BOI,ID,ANM,WE,Towers with Radar,121,77,69,0,267,2,1,80,5,88,123,78,149,5,355,0,0,0,355
12/13/2002,BOI,ID,ANM,WE,Towers with Radar,122,83,52,8,265,1,3,41,8,53,123,86,93,16,318,144,2,146,464
12/14/2002,BOI,ID,ANM,WE,Towers with Radar,97,65,24,0,186,2,8,22,0,32,99,73,46,0,218,34,0,34,252
12/15/2002,BOI,ID,ANM,WE,Towers with Radar,103,63,16,0,182,2,12,33,0,47,105,75,49,0,229,36,2,38,267
12/16/2002,BOI,ID,ANM,WE,Towers with Radar,120,96,35,6,257,1,11,7,8,27,121,107,42,14,284,14,0,14,298
12/17/2002,BOI,ID,ANM,WE,Towers with Radar,131,94,78,8,311,1,8,49,18,76,132,102,127,26,387,122,14,136,523
12/18/2002,BOI,ID,ANM,WE,Towers with Radar,106,98,72,7,283,1,6,67,14,88,107,104,139,21,371,100,20,120,491
12/19/2002,BOI,ID,ANM,WE,Towers with Radar,127,104,52,4,287,1,17,71,12,101,128,121,123,16,388,148,46,194,582
12/20/2002,BOI,ID,ANM,WE,Towers with Radar,136,100,67,7,310,1,3,33,7,44,137,103,100,14,354,40,4,44,398
12/21/2002,BOI,ID,ANM,WE,Towers with Radar,115,86,38,2,241,1,15,31,1,48,116,101,69,3,289,80,0,80,369
12/22/2002,BOI,ID,ANM,WE,Towers with Radar,119,69,28,0,216,2,9,13,0,24,121,78,41,0,240,0,0,0,240
12/23/2002,BOI,ID,ANM,WE,Towers with Radar,123,97,40,5,265,0,7,63,6,76,123,104,103,11,341,76,2,78,419
12/24/2002,BOI,ID,ANM,WE,Towers with Radar,107,84,15,0,206,1,3,29,0,33,108,87,44,0,239,28,0,28,267
12/25/2002,BOI,ID,ANM,WE,Towers with Radar,86,45,9,0,140,1,2,28,0,31,87,47,37,0,171,12,0,12,183
12/26/2002,BOI,ID,ANM,WE,Towers with Radar,132,101,42,8,283,1,16,7,0,24,133,117,49,8,307,10,18,28,335
12/27/2002,BOI,ID,ANM,WE,Towers with Radar,129,92,35,1,257,1,15,18,5,39,130,107,53,6,296,44,10,54,350
12/28/2002,BOI,ID,ANM,WE,Towers with Radar,101,71,38,0,210,16,28,29,0,73,117,99,67,0,283,50,0,50,333
12/29/2002,BOI,ID,ANM,WE,Towers with Radar,113,64,23,0,200,1,8,22,0,31,114,72,45,0,231,34,0,34,265
12/30/2002,BOI,ID,ANM,WE,Towers with Radar,120,89,39,2,250,1,2,1,0,4,121,91,40,2,254,14,0,14,268
12/31/2002,BOI,ID,ANM,WE,Towers with Radar,112,77,26,0,215,1,1,15,12,29,113,78,41,12,244,38,2,40,284
01/01/2003,BOI,ID,ANM,WE,Towers with Radar,96,60,24,0,180,0,5,49,0,54,96,65,73,0,234,22,0,22,256
01/02/2003,BOI,ID,ANM,WE,Towers with Radar,132,81,56,10,279,0,3,38,2,43,132,84,94,12,322,68,6,74,396
01/03/2003,BOI,ID,ANM,WE,Towers with Radar,126,89,43,8,266,0,11,46,1,58,126,100,89,9,324,48,0,48,372
01/04/2003,BOI,ID,ANM,WE,Towers with Radar,114,75,31,1,221,0,19,61,0,80,114,94,92,1,301,110,0,110,411
01/05/2003,BOI,ID,ANM,WE,Towers with Radar,113,61,31,2,207,0,10,66,0,76,113,71,97,2,283,20,0,20,303
01/06/2003,BOI,ID,ANM,WE,Towers with Radar,122,83,52,12,269,0,24,83,5,112,122,107,135,17,381,78,30,108,489
01/07/2003,BOI,ID,ANM,WE,Towers with Radar,120,95,50,7,272,0,9,89,5,103,120,104,139,12,375,126,18,144,519
01/08/2003,BOI,ID,ANM,WE,Towers with Radar,130,81,60,10,281,0,0,55,18,73,130,81,115,28,354,42,16,58,412
01/09/2003,BOI,ID,ANM,WE,Towers with Radar,121,82,87,3,293,0,2,17,0,19,121,84,104,3,312,24,0,24,336
01/10/2003,BOI,ID,ANM,WE,Towers with Radar,123,85,66,15,289,0,6,18,0,24,123,91,84,15,313,88,2,90,403
01/11/2003,BOI,ID,ANM,WE,Towers with Radar,97,58,32,6,193,0,2,47,17,66,97,60,79,23,259,87,28,115,374
01/12/2003,BOI,ID,ANM,WE,Towers with Radar,102,55,31,5,193,0,8,33,5,46,102,63,64,10,239,54,0,54,293
01/13/2003,BOI,ID,ANM,WE,Towers with Radar,117,83,58,3,261,0,1,48,3,52,117,84,106,6,313,94,4,98,411
01/14/2003,BOI,ID,ANM,WE,Towers with Radar,136,79,64,10,289,0,4,9,0,13,136,83,73,10,302,8,0,8,310
01/15/2003,BOI,ID,ANM,WE,Towers with Radar,127,93,57,12,289,0,8,66,10,84,127,101,123,22,373,84,32,116,489
01/16/2003,BOI,ID,ANM,WE,Towers with Radar,126,83,68,4,281,0,6,96,12,114,126,89,164,16,395,144,42,186,581
01/17/2003,BOI,ID,ANM,WE,Towers with Radar,124,87,55,7,273,1,15,60,8,84,125,102,115,15,357,152,36,188,545
01/18/2003,BOI,ID,ANM,WE,Towers with Radar,98,78,31,0,207,0,0,0,0,0,98,78,31,0,207,0,0,0,207
01/19/2003,BOI,ID,ANM,WE,Towers with Radar,91,64,41,5,201,14,22,26,0,62,105,86,67,5,263,122,0,122,385
01/20/2003,BOI,ID,ANM,WE,Towers with Radar,115,70,52,1,238,0,5,6,0,11,115,75,58,1,249,0,0,0,249
01/21/2003,BOI,ID,ANM,WE,Towers with Radar,123,95,57,10,285,0,0,3,0,3,123,95,60,10,288,10,0,10,298
01/22/2003,BOI,ID,ANM,WE,Towers with Radar,117,99,38,8,262,0,3,9,3,15,117,102,47,11,277,14,6,20,297
01/23/2003,BOI,ID,ANM,WE,Towers with Radar,121,102,77,11,311,0,9,53,5,67,121,111,130,16,378,40,10,50,428
01/24/2003,BOI,ID,ANM,WE,Towers with Radar,103,88,66,5,262,0,12,35,5,52,103,100,101,10,314,102,0,102,416
01/25/2003,BOI,ID,ANM,WE,Towers with Radar,89,53,24,14,180,0,4,14,1,19,89,57,38,15,199,68,28,96,295
01/26/2003,BOI,ID,ANM,WE,Towers with Radar,101,52,26,6,185,0,11,28,3,42,101,63,54,9,227,42,8,50,277
01/27/2003,BOI,ID,ANM,WE,Towers with Radar,113,88,36,7,244,0,2,5,0,7,113,90,41,7,251,14,18,32,283
01/28/2003,BOI,ID,ANM,WE,Towers with Radar,122,97,69,8,296,0,8,93,13,114,122,105,162,21,410,112,18,130,540
01/29/2003,BOI,ID,ANM,WE,Towers with Radar,119,90,75,11,295,0,2,70,8,80,119,92,145,19,375,46,64,110,485
01/30/2003,BOI,ID,ANM,WE,Towers with Radar,122,99,70,14,305,0,0,34,2,36,122,99,104,16,341,62,4,66,407
01/31/2003,BOI,ID,ANM,WE,Towers with Radar,117,86,60,6,269,0,13,74,10,97,117,99,134,16,366,120,12,132,498
02/01/2003,BOI,ID,ANM,WE,Towers with Radar,92,57,22,11,182,1,5,16,2,24,93,62,38,13,206,38,0,38,244
02/02/2003,BOI,ID,ANM,WE,Towers with Radar,95,55,23,6,179,1,14,58,2,75,96,69,81,8,254,79,20,99,353
02/03/2003,BOI,ID,ANM,WE,Towers with Radar,113,92,68,3,276,1,9,47,0,57,114,101,115,3,333,78,0,78,411
02/04/2003,BOI,ID,ANM,WE,Towers with Radar,123,88,77,13,301,1,1,95,14,111,124,89,172,27,412,72,9,81,493
02/05/2003,BOI,ID,ANM,WE,Towers with Radar,122,85,55,9,271,0,12,77,9,98,122,97,132,18,369,18,28,46,415
02/06/2003,BOI,ID,ANM,WE,Towers with Radar,121,94,69,4,288,0,20,68,12,100,121,114,137,16,388,82,22,104,492
02/07/2003,BOI,ID,ANM,WE,Towers with Radar,118,87,60,3,268,0,19,101,0,120,118,106,161,3,388,99,0,99,487
02/08/2003,BOI,ID,ANM,WE,Towers with Radar,90,62,31,8,191,0,14,92,7,113,90,76,123,15,304,64,16,80,384
02/09/2003,BOI,ID,ANM,WE,Towers with Radar,96,57,40,2,195,0,6,91,2,99,96,63,131,4,294,38,0,38,332
02/10/2003,BOI,ID,ANM,WE,Towers with Radar,111,94,62,2,269,0,12,40,3,55,111,106,102,5,324,58,0,58,382
02/11/2003,BOI,ID,ANM,WE,Towers with Radar,117,89,74,11,291,0,7,94,9,110,117,96,168,20,401,0,0,0,401
02/12/2003,BOI,ID,ANM,WE,Towers with Radar,120,89,62,8,279,0,13,109,10,132,120,102,171,18,411,96,14,110,521
02/13/2003,BOI,ID,ANM,WE,Towers with Radar,118,82,75,24,299,0,7,11,1,19,118,89,86,25,318,14,5,19,337
02/14/2003,BOI,ID,ANM,WE,Towers with Radar,124,92,73,14,303,0,9,38,4,51,124,101,111,18,354,26,8,34,388
02/15/2003,BOI,ID,ANM,WE,Towers with Radar,84,59,36,0,179,6,1,0,0,7,90,60,36,0,186,48,1,49,235
02/16/2003,BOI,ID,ANM,WE,Towers with Radar,104,55,26,3,188,0,7,13,1,21,104,62,39,4,209,20,0,20,229
02/17/2003,BOI,ID,ANM,WE,Towers with Radar,116,64,56,2,238,0,7,61,0,68,116,71,117,2,306,54,0,54,360
02/18/2003,BOI,ID,ANM,WE,Towers with Radar,123,98,55,7,283,0,2,41,3,46,123,100,96,10,329,30,0,30,359
02/19/2003,BOI,ID,ANM,WE,Towers with Radar,129,86,78,16,309,0,6,72,11,89,129,92,150,27,398,82,40,122,520
02/20/2003,BOI,ID,ANM,WE,Towers with Radar,125,92,64,9,290,0,8,69,17,94,125,100,133,26,384,74,46,120,504
02/21/2003,BOI,ID,ANM,WE,Towers with Radar,114,79,55,8,256,4,11,33,5,53,118,90,88,13,309,75,0,75,384
02/22/2003,BOI,ID,ANM,WE,Towers with Radar,87,60,42,6,195,1,22,108,3,134,88,82,150,9,329,108,0,108,437
02/23/2003,BOI,ID,ANM,WE,Towers with Radar,98,55,28,1,182,0,9,45,0,54,98,64,73,1,236,0,0,0,236
02/24/2003,BOI,ID,ANM,WE,Towers with Radar,114,78,46,11,249,0,6,87,8,101,114,84,133,19,350,68,10,78,428
02/25/2003,BOI,ID,ANM,WE,Towers with Radar,126,80,50,9,265,0,5,114,13,132,126,85,164,22,397,88,34,122,519
02/26/2003,BOI,ID,ANM,WE,Towers with Radar,122,96,59,4,281,0,12,98,22,132,122,108,157,26,413,50,40,90,503
02/27/2003,BOI,ID,ANM,WE,Towers with Radar,120,87,69,7,283,0,3,104,12,119,120,90,173,19,402,88,10,98,500
02/28/2003,BOI,ID,ANM,WE,Towers with Radar,123,86,66,8,283,0,3,73,8,84,123,89,139,16,367,76,10,86,453
03/01/2003,BOI,ID,ANM,WE,Towers with Radar,91,70,87,10,258,0,7,44,15,66,91,77,131,25,324,24,12,36,360
03/02/2003,BOI,ID,ANM,WE,Towers with Radar,99,68,95,11,273,0,0,86,14,100,99,68,181,25,373,38,52,90,463
03/03/2003,BOI,ID,ANM,WE,Towers with Radar,101,78,96,6,281,11,39,5,0,55,112,117,101,6,336,82,0,82,418
03/04/2003,BOI,ID,ANM,WE,Towers with Radar,112,86,103,13,314,8,23,0,9,40,120,109,103,22,354,39,20,59,413
03/05/2003,BOI,ID,ANM,WE,Towers with Radar,121,93,115,14,343,1,0,41,34,76,122,93,156,48,419,62,22,84,503
03/06/2003,BOI,ID,ANM,WE,Towers with Radar,107,82,74,12,275,25,12,0,11,48,132,94,74,23,323,14,16,30,353
03/07/2003,BOI,ID,ANM,WE,Towers with Radar,113,87,108,12,320,11,10,29,0,50,124,97,137,12,370,84,0,84,454
03/08/2003,BOI,ID,ANM,WE,Towers with Radar,89,77,94,8,268,0,30,84,0,114,89,107,178,8,382,44,0,44,426
03/09/2003,BOI,ID,ANM,WE,Towers with Radar,77,60,74,8,219,21,5,11,0,37,98,65,85,8,256,44,1,45,301
03/10/2003,BOI,ID,ANM,WE,Towers with Radar,118,91,111,14,334,1,13,65,6,85,119,104,176,20,419,108,2,110,529
03/11/2003,BOI,ID,ANM,WE,Towers with Radar,121,94,127,16,358,0,0,111,9,120,121,94,238,25,478,78,6,84,562
03/12/2003,BOI,ID,ANM,WE,Towers with Radar,93,56,95,12,256,0,0,115,13,128,93,56,210,25,384,68,4,72,456
03/13/2003,BOI,ID,ANM,WE,Towers with Radar,119,91,112,15,337,2,2,67,3,74,121,93,179,18,411,30,26,56,467
03/14/2003,BOI,ID,ANM,WE,Towers with Radar,120,92,114,15,341,4,14,46,0,64,124,106,160,15,405,82,0,82,487
03/15/2003,BOI,ID,ANM,WE,Towers with Radar,83,63,79,5,230,12,19,32,0,63,95,82,111,5,293,6,0,6,299
03/16/2003,BOI,ID,ANM,WE,Towers with Radar,104,83,103,7,297,0,13,109,0,122,104,96,212,7,419,140,0,140,559
03/17/2003,BOI,ID,ANM,WE,Towers with Radar,116,96,119,16,347,0,21,80,2,103,116,117,199,18,450,30,16,46,496
03/18/2003,BOI,ID,ANM,WE,Towers with Radar,115,97,124,16,352,0,0,83,23,106,115,97,207,39,458,56,8,64,522
03/19/2003,BOI,ID,ANM,WE,Towers with Radar,114,85,133,17,349,0,0,159,22,181,114,85,292,39,530,76,4,80,610
03/20/2003,BOI,ID,ANM,WE,Towers with Radar,116,100,124,16,356,0,9,81,19,109,116,109,205,35,465,98,10,108,573
03/21/2003,BOI,ID,ANM,WE,Towers with Radar,123,97,119,12,351,0,10,83,0,93,123,107,202,12,444,76,0,76,520
03/22/2003,BOI,ID,ANM,WE,Towers with Radar,93,73,90,12,268,0,10,50,8,68,93,83,140,20,336,58,0,58,394
03/23/2003,BOI,ID,ANM,WE,Towers with Radar,85,64,79,4,232,17,30,12,0,59,102,94,91,4,291,84,1,85,376
03/24/2003,BOI,ID,ANM,WE,Towers with Radar,111,89,111,15,326,0,16,93,0,109,111,105,204,15,435,120,2,122,557
03/25/2003,BOI,ID,ANM,WE,Towers with Radar,104,78,73,13,268,20,27,0,12,59,124,105,73,25,327,92,2,94,421
03/26/2003,BOI,ID,ANM,WE,Towers with Radar,100,76,63,12,251,23,17,0,16,56,123,93,63,28,307,70,20,90,397
03/27/2003,BOI,ID,ANM,WE,Towers with Radar,114,91,113,15,333,0,15,88,2,105,114,106,201,17,438,22,18,40,478
03/28/2003,BOI,ID,ANM,WE,Towers with Radar,129,107,133,16,385,0,1,153,4,158,129,108,286,20,543,94,46,140,683
03/29/2003,BOI,ID,ANM,WE,Towers with Radar,95,83,103,2,283,0,9,145,0,154,95,92,248,2,437,64,4,68,505
03/30/2003,BOI,ID,ANM,WE,Towers with Radar,104,77,98,4,283,0,0,111,0,111,104,77,209,4,394,62,0,62,456
03/31/2003,BOI,ID,ANM,WE,Towers with Radar,116,92,114,14,336,0,43,54,7,104,116,135,168,21,440,48,2,50,490
04/01/2003,BOI,ID,ANM,WE,Towers with Radar,126,84,51,8,269,2,14,42,13,71,128,98,93,21,340,73,16,89,429
04/02/2003,BOI,ID,ANM,WE,Towers with Radar,119,86,61,7,273,0,2,27,8,37,119,88,88,15,310,72,2,74,384
04/03/2003,BOI,ID,ANM,WE,Towers with Radar,118,80,45,3,246,0,0,35,9,44,118,80,80,12,290,58,6,64,354
04/04/2003,BOI,ID,ANM,WE,Towers with Radar,118,81,48,7,254,0,11,69,9,89,118,92,117,16,343,46,44,90,433
04/05/2003,BOI,ID,ANM,WE,Towers with Radar,94,57,9,5,165,0,3,28,16,47,94,60,37,21,212,36,0,36,248
04/06/2003,BOI,ID,ANM,WE,Towers with Radar,67,47,21,2,137,12,3,0,2,17,79,50,21,4,154,2,4,6,160
04/07/2003,BOI,ID,ANM,WE,Towers with Radar,105,82,49,0,236,1,13,73,3,90,106,95,122,3,326,78,0,78,404
04/08/2003,BOI,ID,ANM,WE,Towers with Radar,121,74,55,13,263,0,3,98,10,111,121,77,153,23,374,54,2,56,430
04/09/2003,BOI,ID,ANM,WE,Towers with Radar,122,72,51,7,252,0,9,124,6,139,122,81,175,13,391,208,6,214,605
04/10/2003,BOI,ID,ANM,WE,Towers with Radar,119,79,54,15,267,0,15,88,8,111,119,94,142,23,378,120,20,140,518
04/11/2003,BOI,ID,ANM,WE,Towers with Radar,118,87,90,0,295,0,19,117,4,140,118,106,207,4,435,120,0,120,555
04/12/2003,BOI,ID,ANM,WE,Towers with Radar,80,55,35,0,170,8,18,78,0,104,88,73,113,0,274,50,0,50,324
04/13/2003,BOI,ID,ANM,WE,Towers with Radar,97,44,19,3,163,0,1,33,2,36,97,45,52,5,199,17,3,20,219
04/14/2003,BOI,ID,ANM,WE,Towers with Radar,112,76,43,3,234,0,4,34,13,51,112,80,77,16,285,40,12,52,337
04/15/2003,BOI,ID,ANM,WE,Towers with Radar,110,101,55,5,271,0,22,73,12,107,110,123,128,17,378,98,2,100,478
04/16/2003,BOI,ID,ANM,WE,Towers with Radar,109,93,82,12,296,0,2,67,13,82,109,95,149,25,378,58,32,90,468
04/17/2003,BOI,ID,ANM,WE,Towers with Radar,117,79,75,11,282,0,7,83,11,101,117,86,158,22,383,138,6,144,527
04/18/2003,BOI,ID,ANM,WE,Towers with Radar,116,82,66,3,267,0,5,85,9,99,116,87,151,12,366,18,12,30,396
04/19/2003,BOI,ID,ANM,WE,Towers with Radar,83,56,21,0,160,0,6,153,0,159,83,62,174,0,319,122,0,122,441
04/20/2003,BOI,ID,ANM,WE,Towers with Radar,94,48,26,0,168,2,7,85,0,94,96,55,111,0,262,16,0,16,278
04/21/2003,BOI,ID,ANM,WE,Towers with Radar,109,74,35,6,224,0,8,52,11,71,109,82,87,17,295,36,16,52,347
04/22/2003,BOI,ID,ANM,WE,Towers with Radar,123,83,48,5,259,0,9,46,11,66,123,92,94,16,325,96,2,98,423
04/23/2003,BOI,ID,ANM,WE,Towers with Radar,121,3,79,22,225,0,82,73,0,155,121,85,152,22,380,58,10,68,448
04/24/2003,BOI,ID,ANM,WE,Towers with Radar,120,87,41,15,263,0,4,53,10,67,120,91,94,25,330,26,16,42,372
04/25/2003,BOI,ID,ANM,WE,Towers with Radar,116,84,46,10,256,0,2,85,3,90,116,86,131,13,346,0,0,0,346
04/26/2003,BOI,ID,ANM,WE,Towers with Radar,86,58,45,2,191,0,17,47,9,73,86,75,92,11,264,26,4,30,294
04/27/2003,BOI,ID,ANM,WE,Towers with Radar,93,48,21,0,162,0,9,59,3,71,93,57,80,3,233,68,0,68,301
04/28/2003,BOI,ID,ANM,WE,Towers with Radar,109,88,65,0,262,0,7,60,9,76,109,95,125,9,338,0,0,0,338
04/29/2003,BOI,ID,ANM,WE,Towers with Radar,119,80,65,10,274,0,6,76,18,100,119,86,141,28,374,70,6,76,450
04/30/2003,BOI,ID,ANM,WE,Towers with Radar,117,70,52,13,252,0,1,35,6,42,117,71,87,19,294,27,0,27,321
05/01/2003,BOI,ID,ANM,WE,Towers with Radar,118,87,57,10,272,0,11,124,6,141,118,98,181,16,413,102,14,116,529
05/02/2003,BOI,ID,ANM,WE,Towers with Radar,115,79,69,5,268,0,12,117,11,140,115,91,186,16,408,68,18,86,494
05/03/2003,BOI,ID,ANM,WE,Towers with Radar,87,59,28,9,183,1,14,20,9,44,88,73,48,18,227,34,42,76,303
05/04/2003,BOI,ID,ANM,WE,Towers with Radar,93,50,37,23,203,1,5,17,5,28,94,55,54,28,231,0,0,0,231
05/05/2003,BOI,ID,ANM,WE,Towers with Radar,100,90,69,2,261,1,8,101,14,124,101,98,170,16,385,96,12,108,493
05/06/2003,BOI,ID,ANM,WE,Towers with Radar,109,86,53,14,262,1,18,130,126,275,110,104,183,140,537,116,14,130,667
05/07/2003,BOI,ID,ANM,WE,Towers with Radar,111,81,51,17,260,1,8,154,132,295,112,89,205,149,555,38,58,96,651
05/08/2003,BOI,ID,ANM,WE,Towers with Radar,116,86,56,11,269,0,38,122,119,279,116,124,178,130,548,64,22,86,634
05/09/2003,BOI,ID,ANM,WE,Towers with Radar,110,85,59,15,269,1,29,83,121,234,111,114,142,136,503,48,48,96,599
05/10/2003,BOI,ID,ANM,WE,Towers with Radar,81,54,39,11,185,1,17,129,33,180,82,71,168,44,365,68,2,70,435
05/11/2003,BOI,ID,ANM,WE,Towers with Radar,90,55,17,7,169,0,15,23,0,38,90,70,40,7,207,40,0,40,247
05/12/2003,BOI,ID,ANM,WE,Towers with Radar,104,80,43,4,231,0,9,57,16,82,104,89,100,20,313,88,34,122,435
05/13/2003,BOI,ID,ANM,WE,Towers with Radar,116,74,39,16,245,0,8,153,21,182,116,82,192,37,427,122,6,128,555
05/14/2003,BOI,ID,ANM,WE,Towers with Radar,114,80,59,12,265,0,12,140,15,167,114,92,199,27,432,90,26,116,548
05/15/2003,BOI,ID,ANM,WE,Towers with Radar,114,88,58,9,269,0,13,160,11,184,114,101,218,20,453,74,2,76,529
05/16/2003,BOI,ID,ANM,WE,Towers with Radar,108,78,48,7,241,0,29,135,8,172,108,107,183,15,413,92,2,94,507
05/17/2003,BOI,ID,ANM,WE,Towers with Radar,72,50,33,5,160,9,12,80,8,109,81,62,113,13,269,40,0,40,309
05/18/2003,BOI,ID,ANM,WE,Towers with Radar,90,56,18,0,164,0,8,62,0,70,90,64,80,0,234,44,0,44,278
05/19/2003,BOI,ID,ANM,WE,Towers with Radar,76,70,39,2,187,0,11,111,9,131,76,81,150,11,318,44,2,46,364
05/20/2003,BOI,ID,ANM,WE,Towers with Radar,115,76,57,6,254,0,12,150,30,192,115,88,207,36,446,56,6,62,508
05/21/2003,BOI,ID,ANM,WE,Towers with Radar,108,68,44,9,229,0,26,122,28,176,108,94,166,37,405,68,32,100,505
05/22/2003,BOI,ID,ANM,WE,Towers with Radar,115,76,44,14,249,0,41,128,31,200,115,117,172,45,449,94,18,112,561
05/23/2003,BOI,ID,ANM,WE,Towers with Radar,124,66,62,8,260,0,34,133,8,175,124,100,195,16,435,86,18,104,539
05/24/2003,BOI,ID,ANM,WE,Towers with Radar,81,50,26,19,176,0,33,78,2,113,81,83,104,21,289,72,0,72,361
05/25/2003,BOI,ID,ANM,WE,Towers with Radar,63,44,28,2,137,14,31,56,0,101,77,75,84,2,238,26,0,26,264
05/26/2003,BOI,ID,ANM,WE,Towers with Radar,92,53,34,0,179,0,7,98,4,109,92,60,132,4,288,86,0,86,374
05/27/2003,BOI,ID,ANM,WE,Towers with Radar,109,71,56,8,244,0,3,141,10,154,109,74,197,18,398,38,4,42,440
05/28/2003,BOI,ID,ANM,WE,Towers with Radar,111,83,46,5,245,0,12,151,12,175,111,95,197,17,420,44,18,62,482
05/29/2003,BOI,ID,ANM,WE,Towers with Radar,68,72,61,6,207,0,26,135,19,180,68,98,196,25,387,90,12,102,489
05/30/2003,BOI,ID,ANM,WE,Towers with Radar,112,74,36,7,229,0,38,43,4,85,112,112,79,11,314,18,0,18,332
05/31/2003,BOI,ID,ANM,WE,Towers with Radar,82,49,24,3,158,0,18,127,1,146,82,67,151,4,304,68,0,68,372
06/01/2003,BOI,ID,ANM,WE,Towers with Radar,143,51,17,4,215,1,0,97,1,99,144,51,114,5,314,54,0,54,368
06/02/2003,BOI,ID,ANM,WE,Towers with Radar,104,80,43,12,239,1,15,109,20,145,105,95,152,32,384,62,4,66,450
06/03/2003,BOI,ID,ANM,WE,Towers with Radar,122,71,60,6,259,1,16,143,19,179,123,87,203,25,438,50,44,94,532
06/04/2003,BOI,ID,ANM,WE,Towers with Radar,112,90,54,12,268,0,24,125,14,163,112,114,179,26,431,102,4,106,537
06/05/2003,BOI,ID,ANM,WE,Towers with Radar,111,69,81,6,267,0,10,164,11,185,111,79,245,17,452,116,18,134,586
06/06/2003,BOI,ID,ANM,WE,Towers with Radar,113,82,71,10,276,0,24,175,9,208,113,106,246,19,484,160,14,174,658
06/07/2003,BOI,ID,ANM,WE,Towers with Radar,85,46,21,3,155,0,16,127,18,161,85,62,148,21,316,63,8,71,387
06/08/2003,BOI,ID,ANM,WE,Towers with Radar,95,49,25,11,180,1,20,117,10,148,96,69,142,21,328,44,4,48,376
06/09/2003,BOI,ID,ANM,WE,Towers with Radar,106,69,58,4,237,1,14,115,12,142,107,83,173,16,379,54,10,64,443
06/10/2003,BOI,ID,ANM,WE,Towers with Radar,111,72,62,8,253,0,18,131,16,165,111,90,193,24,418,94,16,110,528
06/11/2003,BOI,ID,ANM,WE,Towers with Radar,116,73,53,9,251,5,9,142,29,185,121,82,195,38,436,38,4,42,478
06/12/2003,BOI,ID,ANM,WE,Towers with Radar,119,71,71,8,269,1,32,147,24,204,120,103,218,32,473,60,6,66,539
06/13/2003,BOI,ID,ANM,WE,Towers with Radar,111,70,51,8,240,2,29,113,4,148,113,99,164,12,388,114,2,116,504
06/14/2003,BOI,ID,ANM,WE,Towers with Radar,96,50,25,7,178,1,13,125,15,154,97,63,150,22,332,40,6,46,378
06/15/2003,BOI,ID,ANM,WE,Towers with Radar,102,53,23,7,185,1,10,140,10,161,103,63,163,17,346,20,0,20,366
06/16/2003,BOI,ID,ANM,WE,Towers with Radar,107,67,48,9,231,0,10,109,15,134,107,77,157,24,365,40,28,68,433
06/17/2003,BOI,ID,ANM,WE,Towers with Radar,114,68,63,13,258,1,15,114,23,153,115,83,177,36,411,98,34,132,543
06/18/2003,BOI,ID,ANM,WE,Towers with Radar,112,70,60,11,253,1,15,101,16,133,113,85,161,27,386,0,0,0,386
06/19/2003,BOI,ID,ANM,WE,Towers with Radar,115,77,45,15,252,1,13,152,11,177,116,90,197,26,429,104,0,104,533
06/20/2003,BOI,ID,ANM,WE,Towers with Radar,111,83,72,8,274,1,15,169,6,191,112,98,241,14,465,100,0,100,565
06/21/2003,BOI,ID,ANM,WE,Towers with Radar,98,51,31,5,185,1,13,136,5,155,99,64,167,10,340,64,0,64,404
06/22/2003,BOI,ID,ANM,WE,Towers with Radar,99,56,34,2,191,1,9,112,1,123,100,65,146,3,314,34,0,34,348
06/23/2003,BOI,ID,ANM,WE,Towers with Radar,110,82,70,3,265,1,14,116,15,146,111,96,186,18,411,0,0,0,411
06/24/2003,BOI,ID,ANM,WE,Towers with Radar,111,86,51,6,254,1,26,111,16,154,112,112,162,22,408,84,22,106,514
06/25/2003,BOI,ID,ANM,WE,Towers with Radar,120,83,60,11,274,0,17,153,30,200,120,100,213,41,474,48,48,96,570
06/26/2003,BOI,ID,ANM,WE,Towers with Radar,117,81,50,13,261,1,2,162,19,184,118,83,212,32,445,78,8,86,531
06/27/2003,BOI,ID,ANM,WE,Towers with Radar,112,66,55,16,249,0,12,211,11,234,112,78,266,27,483,160,10,170,653
06/28/2003,BOI,ID,ANM,WE,Towers with Radar,96,52,35,5,188,0,23,163,0,186,96,75,198,5,374,48,0,48,422
06/29/2003,BOI,ID,ANM,WE,Towers with Radar,102,51,19,1,173,0,25,137,0,162,102,76,156,1,335,52,0,52,387
06/30/2003,BOI,ID,ANM,WE,Towers with Radar,107,73,52,9,241,0,22,164,15,201,107,95,216,24,442,108,2,110,552
07/01/2003,BOI,ID,ANM,WE,Towers with Radar,116,81,56,11,264,1,9,146,11,167,117,90,202,22,431,82,4,86,517
07/02/2003,BOI,ID,ANM,WE,Towers with Radar,116,80,45,7,248,0,18,163,22,203,116,98,208,29,451,120,16,136,587
07/03/2003,BOI,ID,ANM,WE,Towers with Radar,102,73,42,0,217,0,7,173,0,180,102,80,215,0,397,168,4,172,569
07/04/2003,BOI,ID,ANM,WE,Towers with Radar,79,45,19,0,143,1,37,90,5,133,80,82,109,5,276,88,6,94,370
07/05/2003,BOI,ID,ANM,WE,Towers with Radar,90,48,20,2,160,1,23,124,2,150,91,71,144,4,310,50,0,50,360
07/06/2003,BOI,ID,ANM,WE,Towers with Radar,105,55,36,0,196,0,12,218,0,230,105,67,254,0,426,44,0,44,470
07/07/2003,BOI,ID,ANM,WE,Towers with Radar,112,71,35,10,228,1,13,139,18,171,113,84,174,28,399,58,10,68,467
07/08/2003,BOI,ID,ANM,WE,Towers with Radar,111,84,48,13,256,0,6,153,11,170,111,90,201,24,426,90,2,92,518
07/09/2003,BOI,ID,ANM,WE,Towers with Radar,111,85,49,16,261,0,12,151,7,170,111,97,200,23,431,88,6,94,525
07/10/2003,BOI,ID,ANM,WE,Towers with Radar,115,81,55,11,262,1,17,96,10,124,116,98,151,21,386,84,14,98,484
07/11/2003,BOI,ID,ANM,WE,Towers with Radar,111,71,40,16,238,1,24,233,7,265,112,95,273,23,503,58,0,58,561
07/12/2003,BOI,ID,ANM,WE,Towers with Radar,99,52,22,9,182,1,27,139,17,184,100,79,161,26,366,74,2,76,442
07/13/2003,BOI,ID,ANM,WE,Towers with Radar,97,56,38,10,201,1,17,134,12,164,98,73,172,22,365,72,28,100,465
07/14/2003,BOI,ID,ANM,WE,Towers with Radar,105,78,37,5,225,1,21,133,10,165,106,99,170,15,390,64,20,84,474
07/15/2003,BOI,ID,ANM,WE,Towers with Radar,114,71,43,7,235,1,33,145,16,195,115,104,188,23,430,84,40,124,554
07/16/2003,BOI,ID,ANM,WE,Towers with Radar,112,77,56,22,267,1,29,159,6,195,113,106,215,28,462,94,10,104,566
07/17/2003,BOI,ID,ANM,WE,Towers with Radar,115,70,76,21,282,1,16,158,18,193,116,86,234,39,475,88,8,96,571
07/18/2003,BOI,ID,ANM,WE,Towers with Radar,110,76,43,11,240,1,24,143,9,177,111,100,186,20,417,172,4,176,593
07/19/2003,BOI,ID,ANM,WE,Towers with Radar,99,62,23,0,184,0,31,158,7,196,99,93,181,7,380,104,0,104,484
07/20/2003,BOI,ID,ANM,WE,Towers with Radar,102,63,31,0,196,0,9,149,0,158,102,72,180,0,354,32,0,32,386
07/21/2003,BOI,ID,ANM,WE,Towers with Radar,108,76,50,9,243,0,9,188,11,208,108,85,238,20,451,78,20,98,549
07/22/2003,BOI,ID,ANM,WE,Towers with Radar,113,78,47,11,249,0,42,182,35,259,113,120,229,46,508,30,4,34,542
07/23/2003,BOI,ID,ANM,WE,Towers with Radar,113,85,91,17,306,0,14,124,16,154,113,99,215,33,460,34,12,46,506
07/24/2003,BOI,ID,ANM,WE,Towers with Radar,117,81,51,10,259,0,19,204,26,249,117,100,255,36,508,102,48,150,658
07/25/2003,BOI,ID,ANM,WE,Towers with Radar,127,76,54,10,267,0,12,174,6,192,127,88,228,16,459,62,12,74,533
07/26/2003,BOI,ID,ANM,WE,Towers with Radar,98,51,38,5,192,0,11,118,2,131,98,62,156,7,323,68,0,68,391
07/27/2003,BOI,ID,ANM,WE,Towers with Radar,189,124,75,11,399,0,15,226,5,246,189,139,301,16,645,22,0,22,667
07/28/2003,BOI,ID,ANM,WE,Towers with Radar,104,70,37,7,218,0,21,153,18,192,104,91,190,25,410,70,58,128,538
07/29/2003,BOI,ID,ANM,WE,Towers with Radar,116,81,51,9,257,0,42,170,14,226,116,123,221,23,483,54,30,84,567
07/30/2003,BOI,ID,ANM,WE,Towers with Radar,118,89,45,8,260,0,32,156,21,209,118,121,201,29,469,85,26,111,580
07/31/2003,BOI,ID,ANM,WE,Towers with Radar,119,80,68,9,276,0,30,185,19,234,119,110,253,28,510,70,6,76,586
08/01/2003,BOI,ID,ANM,WE,Towers with Radar,114,72,58,6,250,0,30,183,10,223,114,102,241,16,473,48,8,56,529
08/02/2003,BOI,ID,ANM,WE,Towers with Radar,94,57,40,10,201,5,25,120,30,180,99,82,160,40,381,102,30,132,513
08/03/2003,BOI,ID,ANM,WE,Towers with Radar,107,49,43,9,208,0,27,132,9,168,107,76,175,18,376,30,8,38,414
08/04/2003,BOI,ID,ANM,WE,Towers with Radar,108,69,52,1,230,0,18,155,11,184,108,87,207,12,414,86,0,86,500
08/05/2003,BOI,ID,ANM,WE,Towers with Radar,116,75,55,18,264,0,21,151,15,187,116,96,206,33,451,64,24,88,539
08/06/2003,BOI,ID,ANM,WE,Towers with Radar,121,75,66,18,280,0,13,202,21,236,121,88,268,39,516,78,20,98,614
08/07/2003,BOI,ID,ANM,WE,Towers with Radar,115,75,60,19,269,0,16,205,26,247,115,91,265,45,516,94,33,127,643
08/08/2003,BOI,ID,ANM,WE,Towers with Radar,119,76,47,17,259,0,12,199,8,219,119,88,246,25,478,180,22,202,680
08/09/2003,BOI,ID,ANM,WE,Towers with Radar,100,55,38,2,195,0,11,142,9,162,100,66,180,11,357,34,2,36,393
08/10/2003,BOI,ID,ANM,WE,Towers with Radar,103,52,37,5,197,0,38,193,0,231,103,90,230,5,428,24,0,24,452
08/11/2003,BOI,ID,ANM,WE,Towers with Radar,110,76,49,26,261,0,15,151,26,192,110,91,200,52,453,88,24,112,565
08/12/2003,BOI,ID,ANM,WE,Towers with Radar,121,84,42,15,262,0,23,187,14,224,121,107,229,29,486,140,16,156,642
08/13/2003,BOI,ID,ANM,WE,Towers with Radar,121,75,66,12,274,0,15,186,26,227,121,90,252,38,501,106,20,126,627
08/14/2003,BOI,ID,ANM,WE,Towers with Radar,117,75,34,14,240,0,30,198,17,245,117,105,232,31,485,60,2,62,547
08/15/2003,BOI,ID,ANM,WE,Towers with Radar,119,81,52,25,277,0,35,207,5,247,119,116,259,30,524,118,6,124,648
08/16/2003,BOI,ID,ANM,WE,Towers with Radar,98,56,24,7,185,0,31,203,4,238,98,87,227,11,423,54,0,54,477
08/17/2003,BOI,ID,ANM,WE,Towers with Radar,95,59,40,10,204,11,10,145,2,168,106,69,185,12,372,36,0,36,408
08/18/2003,BOI,ID,ANM,WE,Towers with Radar,94,73,52,4,223,0,14,143,9,166,94,87,195,13,389,70,12,82,471
08/19/2003,BOI,ID,ANM,WE,Towers with Radar,116,69,56,11,252,0,18,191,22,231,116,87,247,33,483,118,26,144,627
08/20/2003,BOI,ID,ANM,WE,Towers with Radar,118,67,39,10,234,0,18,184,16,218,118,85,223,26,452,52,10,62,514
08/21/2003,BOI,ID,ANM,WE,Towers with Radar,111,91,69,5,276,0,26,199,14,239,111,117,268,19,515,118,0,118,633
08/22/2003,BOI,ID,ANM,WE,Towers with Radar,128,78,58,15,279,0,17,139,2,158,128,95,197,17,437,34,0,34,471
08/23/2003,BOI,ID,ANM,WE,Towers with Radar,97,59,42,4,202,0,13,163,4,180,97,72,205,8,382,60,0,60,442
08/24/2003,BOI,ID,ANM,WE,Towers with Radar,103,61,29,7,200,0,8,120,5,133,103,69,149,12,333,20,0,20,353
08/25/2003,BOI,ID,ANM,WE,Towers with Radar,109,86,46,8,249,0,11,123,10,144,109,97,169,18,393,74,0,74,467
08/26/2003,BOI,ID,ANM,WE,Towers with Radar,119,77,66,17,279,0,1,150,4,155,119,78,216,21,434,74,10,84,518
08/27/2003,BOI,ID,ANM,WE,Towers with Radar,114,75,70,24,283,0,14,138,19,171,114,89,208,43,454,164,44,208,662
08/28/2003,BOI,ID,ANM,WE,Towers with Radar,118,72,53,17,260,0,28,141,24,193,118,100,194,41,453,154,31,185,638
08/29/2003,BOI,ID,ANM,WE,Towers with Radar,139,79,54,19,291,0,22,181,12,215,139,101,235,31,506,96,4,100,606
08/30/2003,BOI,ID,ANM,WE,Towers with Radar,87,55,38,10,190,12,20,113,0,145,99,75,151,10,335,130,0,130,465
08/31/2003,BOI,ID,ANM,WE,Towers with Radar,81,42,15,3,141,0,27,98,0,125,81,69,113,3,266,14,6,20,286
09/01/2003,BOI,ID,ANM,WE,Towers with Radar,99,44,46,2,191,0,17,145,1,163,99,61,191,3,354,55,0,55,409
09/02/2003,BOI,ID,ANM,WE,Towers with Radar,113,59,47,19,238,0,4,129,25,158,113,63,176,44,396,78,12,90,486
09/03/2003,BOI,ID,ANM,WE,Towers with Radar,114,67,69,12,262,0,14,115,23,152,114,81,184,35,414,58,10,68,482
09/04/2003,BOI,ID,ANM,WE,Towers with Radar,116,74,50,18,258,0,12,121,43,176,116,86,171,61,434,60,10,70,504
09/05/2003,BOI,ID,ANM,WE,Towers with Radar,118,68,39,7,232,0,17,128,11,156,118,85,167,18,388,52,0,52,440
09/06/2003,BOI,ID,ANM,WE,Towers with Radar,96,46,21,8,171,0,14,131,19,164,96,60,152,27,335,76,8,84,419
09/07/2003,BOI,ID,ANM,WE,Towers with Radar,96,42,40,0,178,0,6,126,2,134,96,48,166,2,312,62,2,64,376
09/08/2003,BOI,ID,ANM,WE,Towers with Radar,109,69,28,11,217,0,12,78,10,100,109,81,106,21,317,86,12,98,415
09/09/2003,BOI,ID,ANM,WE,Towers with Radar,113,75,46,15,249,0,16,83,10,109,113,91,129,25,358,64,16,80,438
09/10/2003,BOI,ID,ANM,WE,Towers with Radar,116,81,67,20,284,0,14,123,15,152,116,95,190,35,436,92,30,122,558
09/11/2003,BOI,ID,ANM,WE,Towers with Radar,116,76,67,11,270,0,18,131,14,163,116,94,198,25,433,66,6,72,505
09/12/2003,BOI,ID,ANM,WE,Towers with Radar,117,75,51,13,256,0,24,103,16,143,117,99,154,29,399,46,8,54,453
09/13/2003,BOI,ID,ANM,WE,Towers with Radar,90,48,31,1,170,0,12,165,8,185,90,60,196,9,355,102,2,104,459
09/14/2003,BOI,ID,ANM,WE,Towers with Radar,101,40,25,4,170,0,2,135,11,148,101,42,160,15,318,32,6,38,356
09/15/2003,BOI,ID,ANM,WE,Towers with Radar,106,69,55,15,245,0,11,90,20,121,106,80,145,35,366,116,24,140,506
09/16/2003,BOI,ID,ANM,WE,Towers with Radar,113,72,66,17,268,0,18,75,28,121,113,90,141,45,389,36,26,62,451
09/17/2003,BOI,ID,ANM,WE,Towers with Radar,114,74,58,11,257,0,13,86,9,108,114,87,144,20,365,74,0,74,439
09/18/2003,BOI,ID,ANM,WE,Towers with Radar,117,78,59,16,270,0,13,140,19,172,117,91,199,35,442,116,2,118,560
09/19/2003,BOI,ID,ANM,WE,Towers with Radar,117,70,65,30,282,0,21,140,30,191,117,91,205,60,473,138,18,156,629
09/20/2003,BOI,ID,ANM,WE,Towers with Radar,87,48,35,4,174,0,19,130,1,150,87,67,165,5,324,102,20,122,446
09/21/2003,BOI,ID,ANM,WE,Towers with Radar,95,44,41,4,184,0,10,177,1,188,95,54,218,5,372,24,0,24,396
09/22/2003,BOI,ID,ANM,WE,Towers with Radar,106,68,60,12,246,0,24,105,7,136,106,92,165,19,382,84,0,84,466
09/23/2003,BOI,ID,ANM,WE,Towers with Radar,118,72,49,24,263,0,23,141,13,177,118,95,190,37,440,94,2,96,536
09/24/2003,BOI,ID,ANM,WE,Towers with Radar,118,73,63,33,287,0,19,136,13,168,118,92,199,46,455,80,52,132,587
09/25/2003,BOI,ID,ANM,WE,Towers with Radar,121,70,65,18,274,0,17,148,13,178,121,87,213,31,452,122,0,122,574
09/26/2003,BOI,ID,ANM,WE,Towers with Radar,114,67,56,6,243,0,11,159,3,173,114,78,215,9,416,150,18,168,584
09/27/2003,BOI,ID,ANM,WE,Towers with Radar,91,46,27,1,165,0,21,157,1,179,91,67,184,2,344,218,0,218,562
09/28/2003,BOI,ID,ANM,WE,Towers with Radar,93,45,18,3,159,0,30,135,1,166,93,75,153,4,325,28,2,30,355
09/29/2003,BOI,ID,ANM,WE,Towers with Radar,108,72,52,5,237,0,52,130,13,195,108,124,182,18,432,122,12,134,566
09/30/2003,BOI,ID,ANM,WE,Towers with Radar,111,80,71,10,272,0,20,130,4,154,111,100,201,14,426,88,34,122,548
10/01/2003,BOI,ID,ANM,WE,Towers with Radar,115,72,67,18,272,0,18,124,6,148,115,90,191,24,420,144,18,162,582
10/02/2003,BOI,ID,ANM,WE,Towers with Radar,116,73,61,5,255,0,14,123,12,149,116,87,184,17,404,190,6,196,600
10/03/2003,BOI,ID,ANM,WE,Towers with Radar,111,92,53,16,272,0,12,89,6,107,111,104,142,22,379,64,2,66,445
10/04/2003,BOI,ID,ANM,WE,Towers with Radar,85,42,19,15,161,0,46,118,20,184,85,88,137,35,345,78,16,94,439
10/05/2003,BOI,ID,ANM,WE,Towers with Radar,92,38,31,11,172,0,25,71,6,102,92,63,102,17,274,64,4,68,342
10/06/2003,BOI,ID,ANM,WE,Towers with Radar,106,66,59,3,234,0,0,83,7,90,106,66,142,10,324,140,0,140,464
10/07/2003,BOI,ID,ANM,WE,Towers with Radar,115,67,52,17,251,0,10,71,11,92,115,77,123,28,343,128,0,128,471
10/08/2003,BOI,ID,ANM,WE,Towers with Radar,114,70,64,8,256,0,17,131,17,165,114,87,195,25,421,128,10,138,559
10/09/2003,BOI,ID,ANM,WE,Towers with Radar,114,73,48,21,256,0,25,98,17,140,114,98,146,38,396,114,12,126,522
10/10/2003,BOI,ID,ANM,WE,Towers with Radar,113,81,63,5,262,0,26,113,7,146,113,107,176,12,408,86,26,112,520
10/11/2003,BOI,ID,ANM,WE,Towers with Radar,86,46,29,5,166,0,8,81,16,105,86,54,110,21,271,79,0,79,350
10/12/2003,BOI,ID,ANM,WE,Towers with Radar,92,43,28,0,163,0,16,86,0,102,92,59,114,0,265,40,0,40,305
10/13/2003,BOI,ID,ANM,WE,Towers with Radar,105,54,42,0,201,0,15,93,0,108,105,69,135,0,309,98,0,98,407
10/14/2003,BOI,ID,ANM,WE,Towers with Radar,110,60,31,26,227,0,9,118,11,138,110,69,149,37,365,82,22,104,469
10/15/2003,BOI,ID,ANM,WE,Towers with Radar,127,81,66,13,287,0,8,102,22,132,127,89,168,35,419,48,12,60,479
10/16/2003,BOI,ID,ANM,WE,Towers with Radar,115,72,33,11,231,0,11,79,19,109,115,83,112,30,340,78,18,96,436
10/17/2003,BOI,ID,ANM,WE,Towers with Radar,113,67,52,28,260,0,25,122,14,161,113,92,174,42,421,46,11,57,478
10/18/2003,BOI,ID,ANM,WE,Towers with Radar,84,43,30,11,168,0,22,135,14,171,84,65,165,25,339,24,0,24,363
10/19/2003,BOI,ID,ANM,WE,Towers with Radar,95,38,24,13,170,0,10,86,7,103,95,48,110,20,273,44,10,54,327
10/20/2003,BOI,ID,ANM,WE,Towers with Radar,107,67,34,9,217,0,23,92,8,123,107,90,126,17,340,66,28,94,434
10/21/2003,BOI,ID,ANM,WE,Towers with Radar,113,71,31,18,233,0,12,108,17,137,113,83,139,35,370,105,42,147,517
10/22/2003,BOI,ID,ANM,WE,Towers with Radar,117,65,70,26,278,0,10,137,24,171,117,75,207,50,449,120,36,156,605
10/23/2003,BOI,ID,ANM,WE,Towers with Radar,100,76,63,18,257,0,9,53,2,64,100,85,116,20,321,44,16,60,381
10/24/2003,BOI,ID,ANM,WE,Towers with Radar,99,73,81,21,274,0,10,137,15,162,99,83,218,36,436,70,10,80,516
10/25/2003,BOI,ID,ANM,WE,Towers with Radar,86,49,49,3,187,0,13,116,10,139,86,62,165,13,326,178,0,178,504
10/26/2003,BOI,ID,ANM,WE,Towers with Radar,75,37,53,5,170,1,11,93,16,121,76,48,146,21,291,144,0,144,435
10/27/2003,BOI,ID,ANM,WE,Towers with Radar,95,65,48,19,227,0,8,83,17,108,95,73,131,36,335,74,0,74,409
10/28/2003,BOI,ID,ANM,WE,Towers with Radar,101,65,60,17,243,0,13,93,16,122,101,78,153,33,365,62,5,67,432
10/29/2003,BOI,ID,ANM,WE,Towers with Radar,114,81,56,28,279,0,11,78,10,99,114,92,134,38,378,28,12,40,418
10/30/2003,BOI,ID,ANM,WE,Towers with Radar,118,76,75,22,291,0,12,80,11,103,118,88,155,33,394,60,4,64,458
10/31/2003,BOI,ID,ANM,WE,Towers with Radar,106,74,40,21,241,0,20,96,3,119,106,94,136,24,360,82,40,122,482
11/01/2003,BOI,ID,ANM,WE,Towers with Radar,84,51,73,25,233,0,16,96,6,118,84,67,169,31,351,156,10,166,517
11/02/2003,BOI,ID,ANM,WE,Towers with Radar,79,52,26,9,166,0,10,31,6,47,79,62,57,15,213,26,6,32,245
11/03/2003,BOI,ID,ANM,WE,Towers with Radar,113,77,44,10,244,0,6,15,1,22,113,83,59,11,266,8,4,12,278
11/04/2003,BOI,ID,ANM,WE,Towers with Radar,111,91,56,12,270,0,8,90,3,101,111,99,146,15,371,52,22,74,445
11/05/2003,BOI,ID,ANM,WE,Towers with Radar,106,90,88,16,300,0,9,93,3,105,106,99,181,19,405,98,21,119,524
11/06/2003,BOI,ID,ANM,WE,Towers with Radar,111,83,96,12,302,0,10,101,8,119,111,93,197,20,421,104,22,126,547
11/07/2003,BOI,ID,ANM,WE,Towers with Radar,110,107,84,9,310,0,7,123,6,136,110,114,207,15,446,170,6,176,622
11/08/2003,BOI,ID,ANM,WE,Towers with Radar,91,64,31,4,190,0,13,91,8,112,91,77,122,12,302,162,2,164,466
11/09/2003,BOI,ID,ANM,WE,Towers with Radar,78,44,27,0,149,0,5,34,7,46,78,49,61,7,195,14,0,14,209
11/10/2003,BOI,ID,ANM,WE,Towers with Radar,103,67,38,14,222,0,12,33,3,48,103,79,71,17,270,66,8,74,344
11/11/2003,BOI,ID,ANM,WE,Towers with Radar,109,61,51,0,221,0,5,56,10,71,109,66,107,10,292,113,0,113,405
11/12/2003,BOI,ID,ANM,WE,Towers with Radar,107,73,67,20,267,0,10,112,5,127,107,83,179,25,394,124,0,124,518
11/13/2003,BOI,ID,ANM,WE,Towers with Radar,95,73,70,22,260,0,4,111,7,122,95,77,181,29,382,70,14,84,466
11/14/2003,BOI,ID,ANM,WE,Towers with Radar,112,83,68,6,269,0,22,112,7,141,112,105,180,13,410,230,10,240,650
11/15/2003,BOI,ID,ANM,WE,Towers with Radar,94,52,27,24,197,0,13,39,9,61,94,65,66,33,258,204,11,215,473
11/16/2003,BOI,ID,ANM,WE,Towers with Radar,74,41,32,7,154,0,0,21,5,26,74,41,53,12,180,30,10,40,220
11/17/2003,BOI,ID,ANM,WE,Towers with Radar,104,72,86,18,280,0,9,59,19,87,104,81,145,37,367,90,16,106,473
11/18/2003,BOI,ID,ANM,WE,Towers with Radar,107,88,79,38,312,0,10,82,20,112,107,98,161,58,424,99,24,123,547
11/19/2003,BOI,ID,ANM,WE,Towers with Radar,111,91,50,19,271,0,21,54,11,86,111,112,104,30,357,78,48,126,483
11/20/2003,BOI,ID,ANM,WE,Towers with Radar,107,91,69,31,298,0,14,101,19,134,107,105,170,50,432,162,30,192,624
11/21/2003,BOI,ID,ANM,WE,Towers with Radar,111,76,67,15,269,0,23,160,18,201,111,99,227,33,470,108,30,138,608
11/22/2003,BOI,ID,ANM,WE,Towers with Radar,95,53,41,3,192,0,3,84,4,91,95,56,125,7,283,88,0,88,371
11/23/2003,BOI,ID,ANM,WE,Towers with Radar,78,45,22,3,148,0,2,62,8,72,78,47,84,11,220,72,0,72,292
11/24/2003,BOI,ID,ANM,WE,Towers with Radar,104,72,43,22,241,0,9,31,5,45,104,81,74,27,286,52,14,66,352
11/25/2003,BOI,ID,ANM,WE,Towers with Radar,108,81,48,36,273,0,6,42,16,64,108,87,90,52,337,40,22,62,399
11/26/2003,BOI,ID,ANM,WE,Towers with Radar,116,83,54,8,261,0,15,17,5,37,116,98,71,13,298,50,7,57,355
11/27/2003,BOI,ID,ANM,WE,Towers with Radar,80,43,17,0,140,0,4,23,1,28,80,47,40,1,168,18,0,18,186
11/28/2003,BOI,ID,ANM,WE,Towers with Radar,74,63,24,0,161,0,12,52,3,67,74,75,76,3,228,66,0,66,294
11/29/2003,BOI,ID,ANM,WE,Towers with Radar,95,62,21,0,178,0,6,14,9,29,95,68,35,9,207,78,0,78,285
11/30/2003,BOI,ID,ANM,WE,Towers with Radar,99,54,52,0,205,0,7,3,0,10,99,61,55,0,215,0,0,0,215
12/01/2003,BOI,ID,ANM,WE,Towers with Radar,107,83,65,28,283,0,15,83,12,110,107,98,148,40,393,66,24,90,483
12/02/2003,BOI,ID,ANM,WE,Towers with Radar,115,72,59,23,269,0,11,55,5,71,115,83,114,28,340,82,14,96,436
12/03/2003,BOI,ID,ANM,WE,Towers with Radar,103,70,55,27,255,0,10,53,4,67,103,80,108,31,322,20,12,32,354
12/04/2003,BOI,ID,ANM,WE,Towers with Radar,112,87,62,13,274,0,9,59,5,73,112,96,121,18,347,38,2,40,387
12/05/2003,BOI,ID,ANM,WE,Towers with Radar,108,70,63,11,252,0,11,43,22,76,108,81,106,33,328,64,16,80,408
12/06/2003,BOI,ID,ANM,WE,Towers with Radar,95,51,41,16,203,0,15,85,32,132,95,66,126,48,335,140,44,184,519
12/07/2003,BOI,ID,ANM,WE,Towers with Radar,81,47,26,0,154,0,10,30,2,42,81,57,56,2,196,30,10,40,236
12/08/2003,BOI,ID,ANM,WE,Towers with Radar,99,78,56,11,244,0,7,54,4,65,99,85,110,15,309,66,24,90,399
12/09/2003,BOI,ID,ANM,WE,Towers with Radar,110,86,51,32,279,0,8,86,8,102,110,94,137,40,381,64,30,94,475
12/10/2003,BOI,ID,ANM,WE,Towers with Radar,107,78,65,13,263,0,7,47,12,66,107,85,112,25,329,88,48,136,465
12/11/2003,BOI,ID,ANM,WE,Towers with Radar,109,79,91,27,306,0,4,8,1,13,109,83,99,28,319,20,2,22,341
12/12/2003,BOI,ID,ANM,WE,Towers with Radar,112,89,61,17,279,0,14,16,8,38,112,103,77,25,317,36,0,36,353
12/13/2003,BOI,ID,ANM,WE,Towers with Radar,94,64,56,2,216,0,2,23,4,29,94,66,79,6,245,58,0,58,303
12/14/2003,BOI,ID,ANM,WE,Towers with Radar,75,66,32,2,175,0,7,16,0,23,75,73,48,2,198,20,0,20,218
12/15/2003,BOI,ID,ANM,WE,Towers with Radar,109,82,59,27,277,0,3,72,2,77,109,85,131,29,354,100,10,110,464
12/16/2003,BOI,ID,ANM,WE,Towers with Radar,114,75,66,26,281,0,12,64,8,84,114,87,130,34,365,76,28,104,469
12/17/2003,BOI,ID,ANM,WE,Towers with Radar,116,83,67,29,295,0,13,122,4,139,116,96,189,33,434,126,44,170,604
12/18/2003,BOI,ID,ANM,WE,Towers with Radar,114,80,57,27,278,0,9,103,9,121,114,89,160,36,399,114,14,128,527
12/19/2003,BOI,ID,ANM,WE,Towers with Radar,115,85,64,20,284,0,2,135,20,157,115,87,199,40,441,96,4,100,541
12/20/2003,BOI,ID,ANM,WE,Towers with Radar,109,59,43,0,211,0,10,49,10,69,109,69,92,10,280,74,0,74,354
12/21/2003,BOI,ID,ANM,WE,Towers with Radar,98,50,34,0,182,0,5,49,0,54,98,55,83,0,236,50,1,51,287
12/22/2003,BOI,ID,ANM,WE,Towers with Radar,118,73,90,18,299,0,2,68,4,74,118,75,158,22,373,88,12,100,473
12/23/2003,BOI,ID,ANM,WE,Towers with Radar,119,81,67,18,285,0,7,74,8,89,119,88,141,26,374,68,28,96,470
12/24/2003,BOI,ID,ANM,WE,Towers with Radar,117,67,29,0,213,0,9,5,2,16,117,76,34,2,229,26,0,26,255
12/25/2003,BOI,ID,ANM,WE,Towers with Radar,68,48,13,0,129,0,2,16,5,23,68,50,29,5,152,4,0,4,156
12/26/2003,BOI,ID,ANM,WE,Towers with Radar,107,64,33,0,204,0,9,17,0,26,107,73,50,0,230,12,0,12,242
12/27/2003,BOI,ID,ANM,WE,Towers with Radar,107,55,39,3,204,0,7,46,4,57,107,62,85,7,261,60,0,60,321
12/28/2003,BOI,ID,ANM,WE,Towers with Radar,94,56,20,0,170,0,15,1,1,17,94,71,21,1,187,4,0,4,191
12/29/2003,BOI,ID,ANM,WE,Towers with Radar,108,62,28,3,201,0,2,2,0,4,108,64,30,3,205,8,6,14,219
12/30/2003,BOI,ID,ANM,WE,Towers with Radar,117,78,63,16,274,0,4,85,10,99,117,82,148,26,373,106,14,120,493
12/31/2003,BOI,ID,ANM,WE,Towers with Radar,107,79,33,5,224,0,0,5,3,8,107,79,38,8,232,10,6,16,248
01/01/2004,BOI,ID,ANM,WE,Towers with Radar,66,50,10,0,126,0,5,3,0,8,66,55,13,0,134,4,0,4,138
01/02/2004,BOI,ID,ANM,WE,Towers with Radar,113,65,75,0,253,0,6,40,20,66,113,71,115,20,319,82,0,82,401
01/03/2004,BOI,ID,ANM,WE,Towers with Radar,105,56,43,3,207,0,7,51,8,66,105,63,94,11,273,42,0,42,315
01/04/2004,BOI,ID,ANM,WE,Towers with Radar,101,42,33,1,177,0,8,7,0,15,101,50,40,1,192,24,2,26,218
01/05/2004,BOI,ID,ANM,WE,Towers with Radar,102,71,39,15,227,0,12,49,16,77,102,83,88,31,304,54,8,62,366
01/06/2004,BOI,ID,ANM,WE,Towers with Radar,105,69,45,20,239,0,6,15,12,33,105,75,60,32,272,22,40,62,334
01/07/2004,BOI,ID,ANM,WE,Towers with Radar,77,71,26,2,176,0,1,0,0,1,77,72,26,2,177,2,0,2,179
01/08/2004,BOI,ID,ANM,WE,Towers with Radar,89,93,46,3,231,0,0,4,0,4,89,93,50,3,235,14,2,16,251
01/09/2004,BOI,ID,ANM,WE,Towers with Radar,98,77,44,13,232,0,10,37,9,56,98,87,81,22,288,96,2,98,386
01/10/2004,BOI,ID,ANM,WE,Towers with Radar,93,45,63,31,232,0,12,42,15,69,93,57,105,46,301,156,32,188,489
01/11/2004,BOI,ID,ANM,WE,Towers with Radar,80,46,44,1,171,0,9,43,10,62,80,55,87,11,233,36,3,39,272
01/12/2004,BOI,ID,ANM,WE,Towers with Radar,104,73,51,9,237,0,4,51,3,58,104,77,102,12,295,50,8,58,353
01/13/2004,BOI,ID,ANM,WE,Towers with Radar,118,92,62,35,307,0,7,26,4,37,118,99,88,39,344,88,48,136,480
01/14/2004,BOI,ID,ANM,WE,Towers with Radar,116,64,60,32,272,0,2,27,5,34,116,66,87,37,306,88,11,99,405
01/15/2004,BOI,ID,ANM,WE,Towers with Radar,116,65,47,21,249,0,1,0,0,1,116,66,47,21,250,0,0,0,250
01/16/2004,BOI,ID,ANM,WE,Towers with Radar,115,76,76,21,288,0,0,2,0,2,115,76,78,21,290,8,6,14,304
01/17/2004,BOI,ID,ANM,WE,Towers with Radar,98,47,56,0,201,0,14,21,1,36,98,61,77,1,237,86,0,86,323
01/18/2004,BOI,ID,ANM,WE,Towers with Radar,80,38,22,0,140,0,8,30,3,41,80,46,52,3,181,60,8,68,249
01/19/2004,BOI,ID,ANM,WE,Towers with Radar,103,49,55,2,209,0,11,19,5,35,103,60,74,7,244,44,16,60,304
01/20/2004,BOI,ID,ANM,WE,Towers with Radar,113,71,45,39,268,0,2,5,2,9,113,73,50,41,277,22,22,44,321
01/21/2004,BOI,ID,ANM,WE,Towers with Radar,116,69,46,19,250,0,0,4,1,5,116,69,50,20,255,8,41,49,304
01/22/2004,BOI,ID,ANM,WE,Towers with Radar,115,68,94,26,303,0,2,41,6,49,115,70,135,32,352,92,8,100,452
01/23/2004,BOI,ID,ANM,WE,Towers with Radar,110,66,108,17,301,0,9,68,1,78,110,75,176,18,379,98,24,122,501
01/24/2004,BOI,ID,ANM,WE,Towers with Radar,99,48,33,4,184,0,9,4,6,19,99,57,37,10,203,18,0,18,221
01/25/2004,BOI,ID,ANM,WE,Towers with Radar,81,41,23,0,145,0,14,37,5,56,81,55,60,5,201,66,0,66,267
01/26/2004,BOI,ID,ANM,WE,Towers with Radar,106,71,63,9,249,0,2,71,2,75,106,73,134,11,324,104,11,115,439
01/27/2004,BOI,ID,ANM,WE,Towers with Radar,119,61,44,15,239,0,0,3,4,7,119,61,47,19,246,0,0,0,246
01/28/2004,BOI,ID,ANM,WE,Towers with Radar,115,69,52,37,273,0,5,16,0,21,115,74,68,37,294,18,44,62,356
01/29/2004,BOI,ID,ANM,WE,Towers with Radar,116,69,70,39,294,0,2,32,12,46,116,71,102,51,340,58,50,108,448
01/30/2004,BOI,ID,ANM,WE,Towers with Radar,113,67,62,17,259,0,14,12,8,34,113,81,74,25,293,44,2,46,339
01/31/2004,BOI,ID,ANM,WE,Towers with Radar,92,44,50,0,186,0,4,123,6,133,92,48,173,6,319,162,2,164,483
02/01/2004,BOI,ID,ANM,WE,Towers with Radar,77,34,22,1,134,0,12,8,3,23,77,46,30,4,157,16,0,16,173
02/02/2004,BOI,ID,ANM,WE,Towers with Radar,102,65,53,17,237,0,2,10,0,12,102,67,63,17,249,44,24,68,317
02/03/2004,BOI,ID,ANM,WE,Towers with Radar,114,70,46,15,245,0,0,2,0,2,114,70,48,15,247,4,0,4,251
02/04/2004,BOI,ID,ANM,WE,Towers with Radar,113,69,58,36,276,0,10,69,8,87,113,79,127,44,363,113,41,154,517
02/05/2004,BOI,ID,ANM,WE,Towers with Radar,110,73,86,31,300,0,0,156,7,163,110,73,242,38,463,104,16,120,583
02/06/2004,BOI,ID,ANM,WE,Towers with Radar,108,74,63,8,253,0,3,80,11,94,108,77,143,19,347,104,32,136,483
02/07/2004,BOI,ID,ANM,WE,Towers with Radar,100,48,62,22,232,0,1,27,0,28,100,49,89,22,260,14,2,16,276
02/08/2004,BOI,ID,ANM,WE,Towers with Radar,80,35,40,10,165,0,1,63,4,68,80,36,103,14,233,120,0,120,353
02/09/2004,BOI,ID,ANM,WE,Towers with Radar,104,57,80,4,245,0,1,88,0,89,104,58,168,4,334,156,23,179,513
02/10/2004,BOI,ID,ANM,WE,Towers with Radar,110,58,78,24,270,0,1,77,4,82,110,59,155,28,352,124,10,134,486
02/11/2004,BOI,ID,ANM,WE,Towers with Radar,111,67,105,34,317,0,2,56,2,60,111,69,161,36,377,152,38,190,567
02/12/2004,BOI,ID,ANM,WE,Towers with Radar,113,61,85,26,285,0,0,63,4,67,113,61,148,30,352,58,14,72,424
02/13/2004,BOI,ID,ANM,WE,Towers with Radar,108,59,89,18,274,0,2,101,4,107,108,61,190,22,381,154,0,154,535
02/14/2004,BOI,ID,ANM,WE,Towers with Radar,98,78,76,2,254,0,0,92,0,92,98,78,168,2,346,158,0,158,504
02/15/2004,BOI,ID,ANM,WE,Towers with Radar,80,32,29,0,141,0,0,39,0,39,80,32,68,0,180,122,0,122,302
02/16/2004,BOI,ID,ANM,WE,Towers with Radar,104,50,54,0,208,0,1,24,0,25,104,51,78,0,233,22,0,22,255
02/17/2004,BOI,ID,ANM,WE,Towers with Radar,113,57,82,34,286,0,1,40,7,48,113,58,122,41,334,28,21,49,383
02/18/2004,BOI,ID,ANM,WE,Towers with Radar,114,63,68,37,282,0,0,46,4,50,114,63,114,41,332,70,44,114,446
02/19/2004,BOI,ID,ANM,WE,Towers with Radar,110,62,120,21,313,0,0,143,9,152,110,62,263,30,465,100,38,138,603
02/20/2004,BOI,ID,ANM,WE,Towers with Radar,108,61,118,19,306,0,2,141,7,150,108,63,259,26,456,128,20,148,604
02/21/2004,BOI,ID,ANM,WE,Towers with Radar,99,40,45,6,190,0,0,133,3,136,99,40,178,9,326,154,0,154,480
02/22/2004,BOI,ID,ANM,WE,Towers with Radar,82,30,56,5,173,0,2,95,1,98,82,32,151,6,271,106,0,106,377
02/23/2004,BOI,ID,ANM,WE,Towers with Radar,104,66,45,3,218,0,2,80,2,84,104,68,125,5,302,0,12,12,314
02/24/2004,BOI,ID,ANM,WE,Towers with Radar,117,60,61,9,247,0,0,47,9,56,117,60,108,18,303,26,10,36,339
02/25/2004,BOI,ID,ANM,WE,Towers with Radar,115,62,60,20,257,0,0,35,7,42,115,62,95,27,299,8,12,20,319
02/26/2004,BOI,ID,ANM,WE,Towers with Radar,115,63,49,27,254,0,1,46,8,55,115,64,95,35,309,56,30,86,395
02/27/2004,BOI,ID,ANM,WE,Towers with Radar,104,72,82,17,275,0,1,72,4,77,104,73,154,21,352,84,14,98,450
02/28/2004,BOI,ID,ANM,WE,Towers with Radar,99,43,31,7,180,0,0,66,0,66,99,43,97,7,246,43,8,51,297
02/29/2004,BOI,ID,ANM,WE,Towers with Radar,82,33,32,5,152,0,0,118,2,120,82,33,150,7,272,70,0,70,342
03/01/2004,BOI,ID,ANM,WE,Towers with Radar,104,66,40,25,235,0,5,54,25,84,104,71,94,50,319,63,42,105,424
03/02/2004,BOI,ID,ANM,WE,Towers with Radar,113,55,57,31,256,0,1,85,9,95,113,56,142,40,351,126,38,164,515
03/03/2004,BOI,ID,ANM,WE,Towers with Radar,113,59,70,34,276,0,0,95,8,103,113,59,165,42,379,88,124,212,591
03/04/2004,BOI,ID,ANM,WE,Towers with Radar,115,68,90,27,300,0,0,13,0,13,115,68,103,27,313,8,26,34,347
03/05/2004,BOI,ID,ANM,WE,Towers with Radar,115,75,96,34,320,0,0,91,6,97,115,75,187,40,417,130,34,164,581
03/06/2004,BOI,ID,ANM,WE,Towers with Radar,98,48,49,32,227,0,3,89,8,100,98,51,138,40,327,138,66,204,531
03/07/2004,BOI,ID,ANM,WE,Towers with Radar,81,35,41,17,174,0,5,124,3,132,81,40,165,20,306,68,20,88,394
03/08/2004,BOI,ID,ANM,WE,Towers with Radar,85,41,74,1,201,0,2,72,0,74,85,43,146,1,275,146,6,152,427
03/09/2004,BOI,ID,ANM,WE,Towers with Radar,114,73,75,19,281,0,1,106,11,118,114,74,181,30,399,82,40,122,521
03/10/2004,BOI,ID,ANM,WE,Towers with Radar,115,66,87,17,285,0,3,141,14,158,115,69,228,31,443,116,10,126,569
03/11/2004,BOI,ID,ANM,WE,Towers with Radar,114,85,97,30,326,0,4,135,4,143,114,89,232,34,469,60,30,90,559
03/12/2004,BOI,ID,ANM,WE,Towers with Radar,114,73,97,19,303,0,0,123,4,127,114,73,220,23,430,110,24,134,564
03/13/2004,BOI,ID,ANM,WE,Towers with Radar,95,46,62,6,209,0,4,135,1,140,95,50,197,7,349,204,0,204,553
03/14/2004,BOI,ID,ANM,WE,Towers with Radar,84,37,30,13,164,0,0,105,1,106,84,37,135,14,270,46,14,60,330
03/15/2004,BOI,ID,ANM,WE,Towers with Radar,108,66,50,27,251,0,2,79,3,84,108,68,129,30,335,116,24,140,475
03/16/2004,BOI,ID,ANM,WE,Towers with Radar,114,72,62,18,266,0,5,102,14,121,114,77,164,32,387,88,18,106,493
03/17/2004,BOI,ID,ANM,WE,Towers with Radar,112,64,84,15,275,0,1,116,1,118,112,65,200,16,393,100,54,154,547
03/18/2004,BOI,ID,ANM,WE,Towers with Radar,119,62,100,13,294,0,1,98,12,111,119,63,198,25,405,152,44,196,601
03/19/2004,BOI,ID,ANM,WE,Towers with Radar,113,64,92,17,286,0,2,118,4,124,113,66,210,21,410,66,18,84,494
03/20/2004,BOI,ID,ANM,WE,Towers with Radar,103,43,23,13,182,0,0,122,10,132,103,43,145,23,314,118,68,186,500
03/21/2004,BOI,ID,ANM,WE,Towers with Radar,84,39,19,11,153,0,0,114,0,114,84,39,133,11,267,78,42,120,387
03/22/2004,BOI,ID,ANM,WE,Towers with Radar,106,63,50,2,221,0,9,132,1,142,106,72,182,3,363,118,4,122,485
03/23/2004,BOI,ID,ANM,WE,Towers with Radar,115,63,52,18,248,0,1,102,2,105,115,64,154,20,353,121,3,124,477
03/24/2004,BOI,ID,ANM,WE,Towers with Radar,109,68,64,27,268,0,0,94,5,99,109,68,158,32,367,102,16,118,485
03/25/2004,BOI,ID,ANM,WE,Towers with Radar,114,66,52,19,251,0,0,90,9,99,114,66,142,28,350,50,44,94,444
03/26/2004,BOI,ID,ANM,WE,Towers with Radar,113,64,82,11,270,0,0,81,4,85,113,64,163,15,355,98,6,104,459
03/27/2004,BOI,ID,ANM,WE,Towers with Radar,101,44,39,2,186,0,1,45,0,46,101,45,84,2,232,51,0,51,283
03/28/2004,BOI,ID,ANM,WE,Towers with Radar,85,43,43,2,173,0,3,135,1,139,85,46,178,3,312,46,0,46,358
03/29/2004,BOI,ID,ANM,WE,Towers with Radar,107,68,65,21,261,0,2,83,7,92,107,70,148,28,353,60,10,70,423
03/30/2004,BOI,ID,ANM,WE,Towers with Radar,115,64,72,14,265,0,5,129,12,146,115,69,201,26,411,94,64,158,569
03/31/2004,BOI,ID,ANM,WE,Towers with Radar,112,69,79,29,289,0,0,102,4,106,112,69,181,33,395,94,18,112,507
04/01/2004,BOI,ID,ANM,WE,Towers with Radar,115,62,58,32,267,0,2,83,8,93,115,64,141,40,360,38,50,88,448
04/02/2004,BOI,ID,ANM,WE,Towers with Radar,111,60,77,13,261,0,1,114,4,119,111,61,191,17,380,128,2,130,510
04/03/2004,BOI,ID,ANM,WE,Towers with Radar,95,41,46,23,205,0,0,113,19,132,95,41,159,42,337,96,20,116,453
04/04/2004,BOI,ID,ANM,WE,Towers with Radar,82,40,38,7,167,0,3,109,6,118,82,43,147,13,285,26,16,42,327
04/05/2004,BOI,ID,ANM,WE,Towers with Radar,104,64,66,6,240,0,2,131,4,137,104,66,197,10,377,88,12,100,477
04/06/2004,BOI,ID,ANM,WE,Towers with Radar,112,73,65,29,279,0,5,85,10,100,112,78,150,39,379,108,12,120,499
04/07/2004,BOI,ID,ANM,WE,Towers with Radar,110,71,94,39,314,0,2,115,9,126,110,73,209,48,440,78,30,108,548
04/08/2004,BOI,ID,ANM,WE,Towers with Radar,117,76,70,28,291,0,5,120,2,127,117,81,190,30,418,148,16,164,582
04/09/2004,BOI,ID,ANM,WE,Towers with Radar,110,65,67,21,263,0,4,120,6,130,110,69,187,27,393,78,0,78,471
04/10/2004,BOI,ID,ANM,WE,Towers with Radar,102,36,47,0,185,0,0,143,1,144,102,36,190,1,329,128,4,132,461
04/11/2004,BOI,ID,ANM,WE,Towers with Radar,75,34,21,0,130,0,0,110,1,111,75,34,131,1,241,20,0,20,261
04/12/2004,BOI,ID,ANM,WE,Towers with Radar,97,71,60,21,249,0,3,111,12,126,97,74,171,33,375,126,26,152,527
04/13/2004,BOI,ID,ANM,WE,Towers with Radar,111,71,62,30,274,0,2,106,9,117,111,73,168,39,391,92,4,96,487
04/14/2004,BOI,ID,ANM,WE,Towers with Radar,111,67,83,24,285,0,0,75,8,83,111,67,158,32,368,160,10,170,538
04/15/2004,BOI,ID,ANM,WE,Towers with Radar,108,68,60,25,261,0,2,86,12,100,108,70,146,37,361,98,6,104,465
04/16/2004,BOI,ID,ANM,WE,Towers with Radar,109,74,71,16,270,0,2,124,11,137,109,76,195,27,407,136,6,142,549
04/17/2004,BOI,ID,ANM,WE,Towers with Radar,98,64,76,0,238,0,2,78,3,83,98,66,154,3,321,156,0,156,477
04/18/2004,BOI,ID,ANM,WE,Towers with Radar,77,50,50,1,178,0,0,77,2,79,77,50,127,3,257,80,0,80,337
04/19/2004,BOI,ID,ANM,WE,Towers with Radar,103,64,71,9,247,0,2,58,4,64,103,66,129,13,311,83,0,83,394
04/20/2004,BOI,ID,ANM,WE,Towers with Radar,112,88,63,14,277,0,0,66,4,70,112,88,129,18,347,60,0,60,407
04/21/2004,BOI,ID,ANM,WE,Towers with Radar,114,67,55,8,244,0,0,18,2,20,114,67,73,10,264,62,14,76,340
04/22/2004,BOI,ID,ANM,WE,Towers with Radar,111,71,68,19,269,0,0,122,20,142,111,71,190,39,411,54,10,64,475
04/23/2004,BOI,ID,ANM,WE,Towers with Radar,111,70,115,18,314,0,6,143,3,152,111,76,258,21,466,188,2,190,656
04/24/2004,BOI,ID,ANM,WE,Towers with Radar,98,42,47,2,189,0,1,129,3,133,98,43,176,5,322,120,0,120,442
04/25/2004,BOI,ID,ANM,WE,Towers with Radar,74,42,34,1,151,0,3,157,2,162,74,45,191,3,313,92,0,92,405
04/26/2004,BOI,ID,ANM,WE,Towers with Radar,107,67,66,21,261,0,4,108,5,117,107,71,174,26,378,28,18,46,424
04/27/2004,BOI,ID,ANM,WE,Towers with Radar,0,0,0,0,0,112,72,187,42,413,112,72,187,42,413,84,16,100,513
04/28/2004,BOI,ID,ANM,WE,Towers with Radar,114,71,68,19,272,0,7,44,3,54,114,78,112,22,326,8,10,18,344
04/29/2004,BOI,ID,ANM,WE,Towers with Radar,115,72,62,24,273,0,2,164,9,175,115,74,226,33,448,64,14,78,526
04/30/2004,BOI,ID,ANM,WE,Towers with Radar,107,66,81,19,273,0,8,179,4,191,107,74,260,23,464,126,24,150,614
05/01/2004,BOI,ID,ANM,WE,Towers with Radar,97,45,49,21,212,0,1,120,5,126,97,46,169,26,338,82,4,86,424
05/02/2004,BOI,ID,ANM,WE,Towers with Radar,77,43,43,19,182,0,0,126,6,132,77,43,169,25,314,50,12,62,376
05/03/2004,BOI,ID,ANM,WE,Towers with Radar,105,71,59,2,237,0,5,112,5,122,105,76,171,7,359,148,6,154,513
05/04/2004,BOI,ID,ANM,WE,Towers with Radar,112,66,68,12,258,0,6,131,6,143,112,72,199,18,401,96,24,120,521
05/05/2004,BOI,ID,ANM,WE,Towers with Radar,114,68,59,22,263,0,1,131,7,139,114,69,190,29,402,110,14,124,526
05/06/2004,BOI,ID,ANM,WE,Towers with Radar,113,74,71,18,276,0,4,149,10,163,113,78,220,28,439,64,8,72,511
05/07/2004,BOI,ID,ANM,WE,Towers with Radar,109,66,71,16,262,0,3,144,6,153,109,69,215,22,415,164,30,194,609
05/08/2004,BOI,ID,ANM,WE,Towers with Radar,98,54,36,1,189,0,4,166,12,182,98,58,202,13,371,130,2,132,503
05/09/2004,BOI,ID,ANM,WE,Towers with Radar,78,41,42,9,170,0,1,99,2,102,78,42,141,11,272,38,2,40,312
05/10/2004,BOI,ID,ANM,WE,Towers with Radar,100,76,57,25,258,0,2,62,10,74,100,78,119,35,332,22,18,40,372
05/11/2004,BOI,ID,ANM,WE,Towers with Radar,117,63,48,26,254,0,4,37,32,73,117,67,85,58,327,16,13,29,356
05/12/2004,BOI,ID,ANM,WE,Towers with Radar,96,73,60,22,251,0,2,65,12,79,96,75,125,34,330,16,26,42,372
05/13/2004,BOI,ID,ANM,WE,Towers with Radar,111,74,71,18,274,0,8,143,11,162,111,82,214,29,436,110,40,150,586
05/14/2004,BOI,ID,ANM,WE,Towers with Radar,116,70,89,13,288,0,4,175,11,190,116,74,264,24,478,120,6,126,604
05/15/2004,BOI,ID,ANM,WE,Towers with Radar,96,44,23,8,171,0,0,121,9,130,96,44,144,17,301,52,0,52,353
05/16/2004,BOI,ID,ANM,WE,Towers with Radar,78,42,31,5,156,0,0,106,1,107,78,42,137,6,263,62,14,76,339
05/17/2004,BOI,ID,ANM,WE,Towers with Radar,105,69,48,5,227,0,2,124,2,128,105,71,172,7,355,48,0,48,403
05/18/2004,BOI,ID,ANM,WE,Towers with Radar,112,63,57,16,248,0,1,53,16,70,112,64,110,32,318,50,2,52,370
05/19/2004,BOI,ID,ANM,WE,Towers with Radar,110,68,68,12,258,0,4,77,20,101,110,72,145,32,359,108,34,142,501
05/20/2004,BOI,ID,ANM,WE,Towers with Radar,115,77,61,23,276,0,4,138,6,148,115,81,199,29,424,124,24,148,572
05/21/2004,BOI,ID,ANM,WE,Towers with Radar,109,62,48,16,235,0,3,107,9,119,109,65,155,25,354,172,10,182,536
05/22/2004,BOI,ID,ANM,WE,Towers with Radar,96,43,43,2,184,0,0,135,11,146,96,43,178,13,330,114,0,114,444
05/23/2004,BOI,ID,ANM,WE,Towers with Radar,75,39,27,3,144,0,1,46,0,47,75,40,73,3,191,58,0,58,249
05/24/2004,BOI,ID,ANM,WE,Towers with Radar,104,65,73,20,262,0,7,129,9,145,104,72,202,29,407,104,16,120,527
05/25/2004,BOI,ID,ANM,WE,Towers with Radar,113,66,67,18,264,0,0,160,15,175,113,66,227,33,439,170,20,190,629
05/26/2004,BOI,ID,ANM,WE,Towers with Radar,109,66,90,18,283,0,2,114,2,118,109,68,204,20,401,140,24,164,565
05/27/2004,BOI,ID,ANM,WE,Towers with Radar,114,68,74,13,269,0,1,95,7,103,114,69,169,20,372,76,2,78,450
05/28/2004,BOI,ID,ANM,WE,Towers with Radar,110,73,63,33,279,0,17,48,6,71,110,90,111,39,350,36,22,58,408
05/29/2004,BOI,ID,ANM,WE,Towers with Radar,96,45,30,2,173,0,35,87,0,122,96,80,117,2,295,60,0,60,355
05/30/2004,BOI,ID,ANM,WE,Towers with Radar,68,34,12,0,114,0,31,80,0,111,68,65,92,0,225,36,0,36,261
05/31/2004,BOI,ID,ANM,WE,Towers with Radar,79,40,27,3,149,0,11,115,0,126,79,51,142,3,275,60,0,60,335
06/01/2004,BOI,ID,ANM,WE,Towers with Radar,106,70,47,15,238,0,25,150,12,187,106,95,197,27,425,98,2,100,525
06/02/2004,BOI,ID,ANM,WE,Towers with Radar,113,74,80,17,284,0,18,170,10,198,113,92,250,27,482,140,10,150,632
06/03/2004,BOI,ID,ANM,WE,Towers with Radar,112,66,66,14,258,0,17,184,14,215,112,83,250,28,473,90,3,93,566
06/04/2004,BOI,ID,ANM,WE,Towers with Radar,109,64,60,14,247,0,16,178,6,200,109,80,238,20,447,166,12,178,625
06/05/2004,BOI,ID,ANM,WE,Towers with Radar,97,64,29,12,202,0,13,152,11,176,97,77,181,23,378,172,36,208,586
06/06/2004,BOI,ID,ANM,WE,Towers with Radar,95,43,30,9,177,0,14,121,10,145,95,57,151,19,322,100,6,106,428
06/07/2004,BOI,ID,ANM,WE,Towers with Radar,108,79,50,12,249,0,22,126,12,160,108,101,176,24,409,124,0,124,533
06/08/2004,BOI,ID,ANM,WE,Towers with Radar,117,74,57,8,256,0,9,114,7,130,117,83,171,15,386,134,4,138,524
06/09/2004,BOI,ID,ANM,WE,Towers with Radar,118,85,50,19,272,0,18,123,16,157,118,103,173,35,429,112,22,134,563
06/10/2004,BOI,ID,ANM,WE,Towers with Radar,126,78,86,11,301,0,5,88,6,99,126,83,174,17,400,84,2,86,486
06/11/2004,BOI,ID,ANM,WE,Towers with Radar,116,68,71,3,258,0,11,172,6,189,116,79,243,9,447,98,6,104,551
06/12/2004,BOI,ID,ANM,WE,Towers with Radar,108,45,24,4,181,0,27,172,13,212,108,72,196,17,393,104,0,104,497
06/13/2004,BOI,ID,ANM,WE,Towers with Radar,97,49,30,6,182,0,21,124,3,148,97,70,154,9,330,56,0,56,386
06/14/2004,BOI,ID,ANM,WE,Towers with Radar,111,66,54,2,233,0,13,143,1,157,111,79,197,3,390,70,0,70,460
06/15/2004,BOI,ID,ANM,WE,Towers with Radar,118,66,42,11,237,0,14,143,5,162,118,80,185,16,399,92,24,116,515
06/16/2004,BOI,ID,ANM,WE,Towers with Radar,117,79,63,3,262,0,20,155,2,177,117,99,218,5,439,81,0,81,520
06/17/2004,BOI,ID,ANM,WE,Towers with Radar,119,75,54,8,256,0,13,159,2,174,119,88,213,10,430,82,0,82,512
06/18/2004,BOI,ID,ANM,WE,Towers with Radar,117,82,65,5,269,0,16,163,5,184,117,98,228,10,453,100,0,100,553
06/19/2004,BOI,ID,ANM,WE,Towers with Radar,111,47,54,3,215,0,15,149,3,167,111,62,203,6,382,104,0,104,486
06/20/2004,BOI,ID,ANM,WE,Towers with Radar,99,38,36,2,175,0,19,146,0,165,99,57,182,2,340,180,0,180,520
06/21/2004,BOI,ID,ANM,WE,Towers with Radar,110,62,78,8,258,0,13,180,9,202,110,75,258,17,460,120,0,120,580
06/22/2004,BOI,ID,ANM,WE,Towers with Radar,119,75,77,23,294,0,21,196,7,224,119,96,273,30,518,128,24,152,670
06/23/2004,BOI,ID,ANM,WE,Towers with Radar,115,68,57,16,256,0,15,149,17,181,115,83,206,33,437,100,2,102,539
06/24/2004,BOI,ID,ANM,WE,Towers with Radar,118,64,70,40,292,0,23,185,12,220,118,87,255,52,512,94,24,118,630
06/25/2004,BOI,ID,ANM,WE,Towers with Radar,117,64,49,16,246,0,17,163,11,191,117,81,212,27,437,66,0,66,503
06/26/2004,BOI,ID,ANM,WE,Towers with Radar,109,92,47,0,248,0,18,151,0,169,109,110,198,0,417,108,0,108,525
06/27/2004,BOI,ID,ANM,WE,Towers with Radar,101,64,29,1,195,0,10,182,5,197,101,74,211,6,392,106,7,113,505
06/28/2004,BOI,ID,ANM,WE,Towers with Radar,117,75,35,5,232,0,13,169,2,184,117,88,204,7,416,124,10,134,550
06/29/2004,BOI,ID,ANM,WE,Towers with Radar,119,86,58,17,280,0,12,159,13,184,119,98,217,30,464,64,18,82,546
06/30/2004,BOI,ID,ANM,WE,Towers with Radar,113,81,81,20,295,0,17,183,10,210,113,98,264,30,505,142,18,160,665
07/01/2004,BOI,ID,ANM,WE,Towers with Radar,128,88,67,11,294,0,22,175,10,207,128,110,242,21,501,62,12,74,575
07/02/2004,BOI,ID,ANM,WE,Towers with Radar,119,77,61,12,269,0,14,222,4,240,119,91,283,16,509,54,0,54,563
07/03/2004,BOI,ID,ANM,WE,Towers with Radar,106,53,35,9,203,0,13,151,5,169,106,66,186,14,372,118,8,126,498
07/04/2004,BOI,ID,ANM,WE,Towers with Radar,90,49,13,1,153,0,29,98,11,138,90,78,111,12,291,48,8,56,347
07/05/2004,BOI,ID,ANM,WE,Towers with Radar,86,64,48,2,200,0,15,175,0,190,86,79,223,2,390,28,0,28,418
07/06/2004,BOI,ID,ANM,WE,Towers with Radar,117,82,45,24,268,0,8,122,4,134,117,90,167,28,402,52,16,68,470
07/07/2004,BOI,ID,ANM,WE,Towers with Radar,117,77,63,17,274,0,11,147,8,166,117,88,210,25,440,50,10,60,500
07/08/2004,BOI,ID,ANM,WE,Towers with Radar,120,75,57,21,273,0,24,191,8,223,120,99,248,29,496,112,48,160,656
07/09/2004,BOI,ID,ANM,WE,Towers with Radar,115,68,65,13,261,0,11,205,3,219,115,79,270,16,480,114,20,134,614
07/10/2004,BOI,ID,ANM,WE,Towers with Radar,107,46,39,31,223,0,17,168,17,202,107,63,207,48,425,98,14,112,537
07/11/2004,BOI,ID,ANM,WE,Towers with Radar,98,47,28,3,176,0,37,167,14,218,98,84,195,17,394,142,36,178,572
07/12/2004,BOI,ID,ANM,WE,Towers with Radar,111,70,65,5,251,0,16,171,5,192,111,86,236,10,443,108,2,110,553
07/13/2004,BOI,ID,ANM,WE,Towers with Radar,122,79,60,31,292,0,20,175,18,213,122,99,235,49,505,90,28,118,623
07/14/2004,BOI,ID,ANM,WE,Towers with Radar,118,81,128,19,346,0,27,162,16,205,118,108,290,35,551,72,92,164,715
07/15/2004,BOI,ID,ANM,WE,Towers with Radar,123,78,96,16,313,0,4,184,12,200,123,82,280,28,513,74,10,84,597
07/16/2004,BOI,ID,ANM,WE,Towers with Radar,117,74,56,17,264,0,22,216,3,241,117,96,272,20,505,96,21,117,622
07/17/2004,BOI,ID,ANM,WE,Towers with Radar,118,60,32,1,211,0,17,179,1,197,118,77,211,2,408,86,0,86,494
07/18/2004,BOI,ID,ANM,WE,Towers with Radar,98,51,51,5,205,0,7,139,2,148,98,58,190,7,353,24,0,24,377
07/19/2004,BOI,ID,ANM,WE,Towers with Radar,107,64,38,11,220,0,18,126,8,152,107,82,164,19,372,46,6,52,424
07/20/2004,BOI,ID,ANM,WE,Towers with Radar,121,82,68,30,301,0,53,137,9,199,121,135,205,39,500,64,34,98,598
07/21/2004,BOI,ID,ANM,WE,Towers with Radar,119,81,69,30,299,0,21,220,11,252,119,102,289,41,551,134,50,184,735
07/22/2004,BOI,ID,ANM,WE,Towers with Radar,120,63,56,25,264,0,22,186,6,214,120,85,242,31,478,90,46,136,614
07/23/2004,BOI,ID,ANM,WE,Towers with Radar,113,70,59,19,261,0,27,177,9,213,113,97,236,28,474,62,40,102,576
07/24/2004,BOI,ID,ANM,WE,Towers with Radar,110,53,29,5,197,0,14,122,3,139,110,67,151,8,336,54,0,54,390
07/25/2004,BOI,ID,ANM,WE,Towers with Radar,95,46,38,2,181,0,22,135,0,157,95,68,173,2,338,73,4,77,415
07/26/2004,BOI,ID,ANM,WE,Towers with Radar,115,68,68,5,256,0,12,151,4,167,115,80,219,9,423,68,14,82,505
07/27/2004,BOI,ID,ANM,WE,Towers with Radar,120,68,65,59,312,0,17,163,15,195,120,85,228,74,507,72,18,90,597
07/28/2004,BOI,ID,ANM,WE,Towers with Radar,118,74,62,20,274,0,24,196,6,226,118,98,258,26,500,132,7,139,639
07/29/2004,BOI,ID,ANM,WE,Towers with Radar,117,69,59,15,260,0,22,196,5,223,117,91,255,20,483,98,4,102,585
07/30/2004,BOI,ID,ANM,WE,Towers with Radar,117,70,91,13,291,0,17,204,1,222,117,87,295,14,513,104,2,106,619
07/31/2004,BOI,ID,ANM,WE,Towers with Radar,104,50,29,3,186,0,46,171,3,220,104,96,200,6,406,116,0,116,522
08/01/2004,BOI,ID,ANM,WE,Towers with Radar,103,45,28,2,178,0,35,185,0,220,103,80,213,2,398,58,0,58,456
08/02/2004,BOI,ID,ANM,WE,Towers with Radar,110,73,59,29,271,0,13,116,6,135,110,86,175,35,406,54,12,66,472
08/03/2004,BOI,ID,ANM,WE,Towers with Radar,118,66,58,17,259,0,26,155,11,192,118,92,213,28,451,88,28,116,567
08/04/2004,BOI,ID,ANM,WE,Towers with Radar,118,64,62,35,279,0,25,184,10,219,118,89,246,45,498,104,88,192,690
08/05/2004,BOI,ID,ANM,WE,Towers with Radar,119,71,57,14,261,0,8,200,10,218,119,79,257,24,479,56,18,74,553
08/06/2004,BOI,ID,ANM,WE,Towers with Radar,121,78,44,8,251,0,16,219,4,239,121,94,263,12,490,80,0,80,570
08/07/2004,BOI,ID,ANM,WE,Towers with Radar,110,67,40,22,239,0,25,197,16,238,110,92,237,38,477,138,4,142,619
08/08/2004,BOI,ID,ANM,WE,Towers with Radar,97,56,54,7,214,0,26,191,9,226,97,82,245,16,440,138,14,152,592
08/09/2004,BOI,ID,ANM,WE,Towers with Radar,111,65,70,9,255,0,22,140,5,167,111,87,210,14,422,46,4,50,472
08/10/2004,BOI,ID,ANM,WE,Towers with Radar,121,86,72,24,303,0,15,192,9,216,121,101,264,33,519,134,41,175,694
08/11/2004,BOI,ID,ANM,WE,Towers with Radar,121,83,65,12,281,0,39,197,14,250,121,122,262,26,531,114,18,132,663
08/12/2004,BOI,ID,ANM,WE,Towers with Radar,117,77,57,19,270,0,25,197,6,228,117,102,254,25,498,128,8,136,634
08/13/2004,BOI,ID,ANM,WE,Towers with Radar,121,69,60,12,262,0,13,176,10,199,121,82,236,22,461,92,2,94,555
08/14/2004,BOI,ID,ANM,WE,Towers with Radar,111,55,46,4,216,0,23,138,23,184,111,78,184,27,400,128,4,132,532
08/15/2004,BOI,ID,ANM,WE,Towers with Radar,95,45,40,4,184,0,17,168,20,205,95,62,208,24,389,64,1,65,454
08/16/2004,BOI,ID,ANM,WE,Towers with Radar,112,74,57,21,264,0,17,153,19,189,112,91,210,40,453,54,14,68,521
08/17/2004,BOI,ID,ANM,WE,Towers with Radar,115,73,93,8,289,0,16,114,13,143,115,89,207,21,432,64,8,72,504
08/18/2004,BOI,ID,ANM,WE,Towers with Radar,120,66,64,24,274,0,14,145,7,166,120,80,209,31,440,156,43,199,639
08/19/2004,BOI,ID,ANM,WE,Towers with Radar,117,58,64,7,246,0,29,154,0,183,117,87,218,7,429,102,12,114,543
08/20/2004,BOI,ID,ANM,WE,Towers with Radar,114,67,74,11,266,0,7,172,1,180,114,74,246,12,446,120,6,126,572
08/21/2004,BOI,ID,ANM,WE,Towers with Radar,106,53,49,4,212,0,12,167,1,180,106,65,216,5,392,84,0,84,476
08/22/2004,BOI,ID,ANM,WE,Towers with Radar,102,47,39,9,197,0,5,139,1,145,102,52,178,10,342,36,0,36,378
08/23/2004,BOI,ID,ANM,WE,Towers with Radar,109,68,65,4,246,0,9,100,5,114,109,77,165,9,360,84,4,88,448
08/24/2004,BOI,ID,ANM,WE,Towers with Radar,118,66,56,34,274,0,8,114,8,130,118,74,170,42,404,96,36,132,536
08/25/2004,BOI,ID,ANM,WE,Towers with Radar,116,69,83,57,325,0,14,91,8,113,116,83,174,65,438,32,52,84,522
08/26/2004,BOI,ID,ANM,WE,Towers with Radar,121,84,92,35,332,0,9,96,8,113,121,93,188,43,445,28,2,30,475
08/27/2004,BOI,ID,ANM,WE,Towers with Radar,115,79,56,9,259,0,19,192,14,225,115,98,248,23,484,104,16,120,604
08/28/2004,BOI,ID,ANM,WE,Towers with Radar,109,69,32,2,212,0,15,156,1,172,109,84,188,3,384,84,0,84,468
08/29/2004,BOI,ID,ANM,WE,Towers with Radar,95,50,39,5,189,0,23,164,0,187,95,73,203,5,376,124,0,124,500
08/30/2004,BOI,ID,ANM,WE,Towers with Radar,112,63,58,14,247,0,17,127,0,144,112,80,185,14,391,42,2,44,435
08/31/2004,BOI,ID,ANM,WE,Towers with Radar,116,73,52,23,264,0,6,138,6,150,116,79,190,29,414,58,12,70,484
09/01/2004,BOI,ID,ANM,WE,Towers with Radar,114,65,86,13,278,0,13,125,15,153,114,78,211,28,431,60,24,84,515
09/02/2004,BOI,ID,ANM,WE,Towers with Radar,116,61,65,13,255,0,24,127,10,161,116,85,192,23,416,54,12,66,482
09/03/2004,BOI,ID,ANM,WE,Towers with Radar,112,61,57,4,234,0,6,149,7,162,112,67,206,11,396,84,2,86,482
09/04/2004,BOI,ID,ANM,WE,Towers with Radar,105,43,18,0,166,0,70,179,0,249,105,113,197,0,415,122,0,122,537
09/05/2004,BOI,ID,ANM,WE,Towers with Radar,74,51,37,2,164,0,25,125,0,150,74,76,162,2,314,64,16,80,394
09/06/2004,BOI,ID,ANM,WE,Towers with Radar,87,46,42,0,175,0,23,171,0,194,87,69,213,0,369,36,0,36,405
09/07/2004,BOI,ID,ANM,WE,Towers with Radar,108,70,45,27,250,0,29,150,9,188,108,99,195,36,438,58,2,60,498
09/08/2004,BOI,ID,ANM,WE,Towers with Radar,116,65,73,18,272,0,26,135,9,170,116,91,208,27,442,88,20,108,550
09/09/2004,BOI,ID,ANM,WE,Towers with Radar,118,64,66,18,266,0,11,147,5,163,118,75,213,23,429,74,6,80,509
09/10/2004,BOI,ID,ANM,WE,Towers with Radar,118,65,58,21,262,0,15,179,8,202,118,80,237,29,464,90,10,100,564
09/11/2004,BOI,ID,ANM,WE,Towers with Radar,108,45,33,8,194,0,23,159,9,191,108,68,192,17,385,164,42,206,591
09/12/2004,BOI,ID,ANM,WE,Towers with Radar,95,45,41,8,189,0,13,74,0,87,95,58,115,8,276,38,0,38,314
09/13/2004,BOI,ID,ANM,WE,Towers with Radar,109,70,47,15,241,0,12,76,2,90,109,82,123,17,331,56,0,56,387
09/14/2004,BOI,ID,ANM,WE,Towers with Radar,116,65,56,16,253,0,15,116,5,136,116,80,172,21,389,120,2,122,511
09/15/2004,BOI,ID,ANM,WE,Towers with Radar,118,68,66,23,275,0,20,100,5,125,118,88,166,28,400,116,8,124,524
09/16/2004,BOI,ID,ANM,WE,Towers with Radar,116,67,67,34,284,0,10,118,12,140,116,77,185,46,424,102,28,130,554
09/17/2004,BOI,ID,ANM,WE,Towers with Radar,113,67,50,13,243,0,13,104,7,124,113,80,154,20,367,90,20,110,477
09/18/2004,BOI,ID,ANM,WE,Towers with Radar,97,55,29,2,183,0,30,72,0,102,97,85,101,2,285,56,0,56,341
09/19/2004,BOI,ID,ANM,WE,Towers with Radar,94,44,32,4,174,0,7,34,4,45,94,51,66,8,219,34,0,34,253
09/20/2004,BOI,ID,ANM,WE,Towers with Radar,112,79,51,14,256,0,11,56,4,71,112,90,107,18,327,60,14,74,401
09/21/2004,BOI,ID,ANM,WE,Towers with Radar,113,71,42,15,241,0,8,143,11,162,113,79,185,26,403,114,12,126,529
09/22/2004,BOI,ID,ANM,WE,Towers with Radar,113,66,63,16,258,0,14,182,13,209,113,80,245,29,467,38,30,68,535
09/23/2004,BOI,ID,ANM,WE,Towers with Radar,120,62,63,18,263,0,15,133,24,172,120,77,196,42,435,82,25,107,542
09/24/2004,BOI,ID,ANM,WE,Towers with Radar,115,80,65,23,283,0,26,151,2,179,115,106,216,25,462,50,6,56,518
09/25/2004,BOI,ID,ANM,WE,Towers with Radar,98,55,37,4,194,0,26,158,5,189,98,81,195,9,383,132,2,134,517
09/26/2004,BOI,ID,ANM,WE,Towers with Radar,94,48,38,1,181,0,28,112,1,141,94,76,150,2,322,28,0,28,350
09/27/2004,BOI,ID,ANM,WE,Towers with Radar,110,62,48,5,225,0,15,155,3,173,110,77,203,8,398,92,22,114,512
09/28/2004,BOI,ID,ANM,WE,Towers with Radar,119,70,104,10,303,0,10,114,3,127,119,80,218,13,430,84,4,88,518
09/29/2004,BOI,ID,ANM,WE,Towers with Radar,114,61,69,12,256,0,21,135,7,163,114,82,204,19,419,54,26,80,499
09/30/2004,BOI,ID,ANM,WE,Towers with Radar,116,68,82,14,280,0,8,137,1,146,116,76,219,15,426,112,28,140,566
10/01/2004,BOI,ID,ANM,WE,Towers with Radar,119,79,73,10,281,0,4,132,7,143,119,83,205,17,424,104,30,134,558
10/02/2004,BOI,ID,ANM,WE,Towers with Radar,94,47,25,15,181,0,3,157,17,177,94,50,182,32,358,126,4,130,488
10/03/2004,BOI,ID,ANM,WE,Towers with Radar,96,44,22,3,165,0,19,129,2,150,96,63,151,5,315,58,2,60,375
10/04/2004,BOI,ID,ANM,WE,Towers with Radar,105,66,72,2,245,0,24,126,0,150,105,90,198,2,395,68,0,68,463
10/05/2004,BOI,ID,ANM,WE,Towers with Radar,115,75,66,24,280,0,18,147,6,171,115,93,213,30,451,98,6,104,555
10/06/2004,BOI,ID,ANM,WE,Towers with Radar,113,64,67,18,262,0,18,124,18,160,113,82,191,36,422,104,42,146,568
10/07/2004,BOI,ID,ANM,WE,Towers with Radar,117,68,45,17,247,0,24,123,5,152,117,92,168,22,399,80,24,104,503
10/08/2004,BOI,ID,ANM,WE,Towers with Radar,112,84,52,18,266,0,22,135,2,159,112,106,187,20,425,90,68,158,583
10/09/2004,BOI,ID,ANM,WE,Towers with Radar,90,67,32,0,189,0,14,54,2,70,90,81,86,2,259,46,2,48,307
10/10/2004,BOI,ID,ANM,WE,Towers with Radar,91,61,31,0,183,0,11,91,0,102,91,72,122,0,285,54,0,54,339
10/11/2004,BOI,ID,ANM,WE,Towers with Radar,105,57,53,2,217,0,14,88,1,103,105,71,141,3,320,110,0,110,430
10/12/2004,BOI,ID,ANM,WE,Towers with Radar,114,92,73,12,291,0,27,95,8,130,114,119,168,20,421,156,16,172,593
10/13/2004,BOI,ID,ANM,WE,Towers with Radar,115,85,70,21,291,0,13,127,5,145,115,98,197,26,436,154,14,168,604
10/14/2004,BOI,ID,ANM,WE,Towers with Radar,110,63,55,13,241,0,22,136,7,165,110,85,191,20,406,72,6,78,484
10/15/2004,BOI,ID,ANM,WE,Towers with Radar,111,65,50,36,262,0,7,123,4,134,111,72,173,40,396,48,24,72,468
10/16/2004,BOI,ID,ANM,WE,Towers with Radar,94,56,23,4,177,0,28,113,2,143,94,84,136,6,320,116,4,120,440
10/17/2004,BOI,ID,ANM,WE,Towers with Radar,92,43,34,3,172,0,14,26,0,40,92,57,60,3,212,38,0,38,250
10/18/2004,BOI,ID,ANM,WE,Towers with Radar,107,70,65,4,246,0,11,41,0,52,107,81,106,4,298,66,0,66,364
10/19/2004,BOI,ID,ANM,WE,Towers with Radar,114,73,49,17,253,0,18,37,1,56,114,91,86,18,309,32,10,42,351
10/20/2004,BOI,ID,ANM,WE,Towers with Radar,108,78,84,22,292,0,4,78,10,92,108,82,162,32,384,36,14,50,434
10/21/2004,BOI,ID,ANM,WE,Towers with Radar,113,75,97,21,306,0,18,89,4,111,113,93,186,25,417,122,4,126,543
10/22/2004,BOI,ID,ANM,WE,Towers with Radar,115,83,68,23,289,0,17,68,3,88,115,100,136,26,377,72,6,78,455
10/23/2004,BOI,ID,ANM,WE,Towers with Radar,94,50,52,5,201,0,4,5,1,10,94,54,57,6,211,12,0,12,223
10/24/2004,BOI,ID,ANM,WE,Towers with Radar,90,47,57,2,196,0,13,91,0,104,90,60,148,2,300,72,0,72,372
10/25/2004,BOI,ID,ANM,WE,Towers with Radar,108,68,49,13,238,0,4,73,4,81,108,72,122,17,319,40,11,51,370
10/26/2004,BOI,ID,ANM,WE,Towers with Radar,114,72,60,22,268,0,10,35,9,54,114,82,95,31,322,36,22,58,380
10/27/2004,BOI,ID,ANM,WE,Towers with Radar,112,70,75,13,270,0,8,42,4,54,112,78,117,17,324,44,14,58,382
10/28/2004,BOI,ID,ANM,WE,Towers with Radar,114,72,59,22,267,0,14,32,4,50,114,86,91,26,317,44,4,48,365
10/29/2004,BOI,ID,ANM,WE,Towers with Radar,113,84,79,28,304,0,17,53,0,70,113,101,132,28,374,82,8,90,464
10/30/2004,BOI,ID,ANM,WE,Towers with Radar,96,89,65,1,251,0,15,43,0,58,96,104,108,1,309,162,0,162,471
10/31/2004,BOI,ID,ANM,WE,Towers with Radar,75,62,33,3,173,0,16,73,3,92,75,78,106,6,265,88,0,88,353
11/01/2004,BOI,ID,ANM,WE,Combined TRACON& Tower with Radar,109,55,56,18,238,0,9,88,4,101,109,64,144,22,339,0,34,34,373
11/02/2004,BOI,ID,ANM,WE,Combined TRACON& Tower with Radar,113,64,69,31,277,0,18,80,7,105,113,82,149,38,382,66,20,86,468
11/03/2004,BOI,ID,ANM,WE,Combined TRACON& Tower with Radar,110,71,55,17,253,0,3,26,7,36,110,74,81,24,289,16,12,28,317
11/04/2004,BOI,ID,ANM,WE,Combined TRACON& Tower with Radar,55,55,55,55,220,0,0,0,0,0,55,55,55,55,220,55,55,110,330
11/05/2004,BOI,ID,ANM,WE,Combined TRACON& Tower with Radar,115,88,84,4,291,0,13,137,0,150,115,101,221,4,441,82,18,100,541
11/06/2004,BOI,ID,ANM,WE,Combined TRACON& Tower with Radar,99,59,50,16,224,0,14,79,7,100,99,73,129,23,324,0,0,0,324
11/07/2004,BOI,ID,ANM,WE,Combined TRACON& Tower with Radar,87,42,33,9,171,0,3,17,1,21,87,45,50,10,192,14,20,34,226
11/08/2004,BOI,ID,ANM,WE,Combined TRACON& Tower with Radar,94,60,37,12,203,0,0,6,0,6,94,60,43,12,209,2,0,2,211
11/09/2004,BOI,ID,ANM,WE,Combined TRACON& Tower with Radar,114,61,78,27,280,0,0,22,6,28,114,61,100,33,308,18,17,35,343
11/10/2004,BOI,ID,ANM,WE,Combined TRACON& Tower with Radar,107,56,95,54,312,0,3,64,6,73,107,59,159,60,385,94,20,114,499
11/11/2004,BOI,ID,ANM,WE,Combined TRACON& Tower with Radar,107,63,68,12,250,0,0,3,2,5,107,63,71,14,255,0,8,8,263
11/12/2004,BOI,ID,ANM,WE,Combined TRACON& Tower with Radar,121,54,58,3,236,0,0,20,0,20,121,54,78,3,256,64,8,72,328
11/13/2004,BOI,ID,ANM,WE,Combined TRACON& Tower with Radar,107,55,43,1,206,0,5,18,0,23,107,60,61,1,229,88,0,88,317
11/14/2004,BOI,ID,ANM,WE,Combined TRACON& Tower with Radar,79,44,53,2,178,0,6,69,0,75,79,50,122,2,253,100,0,100,353
11/15/2004,BOI,ID,ANM,WE,Combined TRACON& Tower with Radar,110,58,60,20,248,0,3,101,3,107,110,61,161,23,355,76,12,88,443
11/16/2004,BOI,ID,ANM,WE,Combined TRACON& Tower with Radar,114,74,58,34,280,0,8,78,9,95,114,82,136,43,375,122,42,164,539
11/17/2004,BOI,ID,ANM,WE,Combined TRACON& Tower with Radar,113,75,97,39,324,0,3,7,1,11,113,78,104,40,335,0,0,0,335
11/18/2004,BOI,ID,ANM,WE,Combined TRACON& Tower with Radar,112,69,79,31,291,0,5,55,3,63,112,74,134,34,354,42,10,52,406
11/19/2004,BOI,ID,ANM,WE,Combined TRACON& Tower with Radar,120,72,64,24,280,0,14,106,8,128,120,86,170,32,408,38,6,44,452
11/20/2004,BOI,ID,ANM,WE,Combined TRACON& Tower with Radar,97,74,47,0,218,0,22,92,1,115,97,96,139,1,333,86,0,86,419
11/21/2004,BOI,ID,ANM,WE,Combined TRACON& Tower with Radar,89,66,51,0,206,0,4,124,0,128,89,70,175,0,334,138,0,138,472
11/22/2004,BOI,ID,ANM,WE,Combined TRACON& Tower with Radar,112,80,50,36,278,0,5,108,7,120,112,85,158,43,398,62,20,82,480
11/23/2004,BOI,ID,ANM,WE,Combined TRACON& Tower with Radar,91,72,66,17,246,0,17,78,2,97,91,89,144,19,343,120,30,150,493
11/24/2004,BOI,ID,ANM,WE,Combined TRACON& Tower with Radar,119,77,102,6,304,0,14,44,10,68,119,91,146,16,372,36,16,52,424
11/25/2004,BOI,ID,ANM,WE,Combined TRACON& Tower with Radar,81,44,14,0,139,0,1,2,1,4,81,45,16,1,143,50,0,50,193
11/26/2004,BOI,ID,ANM,WE,Combined TRACON& Tower with Radar,82,58,44,0,184,0,23,47,0,70,82,81,91,0,254,52,0,52,306
11/27/2004,BOI,ID,ANM,WE,Combined TRACON& Tower with Radar,108,63,17,1,189,0,2,2,0,4,108,65,19,1,193,8,0,8,201
11/28/2004,BOI,ID,ANM,WE,Combined TRACON& Tower with Radar,105,54,45,1,205,0,5,61,0,66,105,59,106,1,271,48,4,52,323
11/29/2004,BOI,ID,ANM,WE,Combined TRACON& Tower with Radar,113,77,63,26,279,0,10,77,6,93,113,87,140,32,372,66,6,72,444
11/30/2004,BOI,ID,ANM,WE,Combined TRACON& Tower with Radar,120,83,78,26,307,0,0,35,7,42,120,83,113,33,349,58,16,74,423
12/01/2004,BOI,ID,ANM,WE,Combined TRACON& Tower with Radar,116,66,43,32,257,0,0,14,0,14,116,66,57,32,271,28,0,28,299
12/02/2004,BOI,ID,ANM,WE,Combined TRACON& Tower with Radar,117,69,62,15,263,0,0,7,0,7,117,69,69,15,270,22,8,30,300
12/03/2004,BOI,ID,ANM,WE,Combined TRACON& Tower with Radar,113,68,51,13,245,0,5,17,0,22,113,73,68,13,267,78,0,78,345
12/04/2004,BOI,ID,ANM,WE,Combined TRACON& Tower with Radar,98,54,43,27,222,0,3,87,13,103,98,57,130,40,325,80,0,80,405
12/05/2004,BOI,ID,ANM,WE,Combined TRACON& Tower with Radar,88,43,33,0,164,0,11,64,1,76,88,54,97,1,240,90,0,90,330
12/06/2004,BOI,ID,ANM,WE,Combined TRACON& Tower with Radar,107,69,39,2,217,0,5,30,0,35,107,74,69,2,252,100,12,112,364
12/07/2004,BOI,ID,ANM,WE,Combined TRACON& Tower with Radar,116,72,48,24,260,0,8,54,9,71,116,80,102,33,331,150,26,176,507
12/08/2004,BOI,ID,ANM,WE,Combined TRACON& Tower with Radar,119,75,57,15,266,0,8,13,12,33,119,83,70,27,299,68,32,100,399
12/09/2004,BOI,ID,ANM,WE,Combined TRACON& Tower with Radar,116,76,46,22,260,0,7,9,5,21,116,83,55,27,281,16,2,18,299
12/10/2004,BOI,ID,ANM,WE,Combined TRACON& Tower with Radar,113,63,70,24,270,0,12,103,9,124,113,75,173,33,394,146,4,150,544
12/11/2004,BOI,ID,ANM,WE,Combined TRACON& Tower with Radar,99,53,66,5,223,0,4,93,0,97,99,57,159,5,320,142,0,142,462
12/12/2004,BOI,ID,ANM,WE,Combined TRACON& Tower with Radar,86,44,16,3,149,0,0,7,0,7,86,44,23,3,156,0,0,0,156
12/13/2004,BOI,ID,ANM,WE,Combined TRACON& Tower with Radar,85,48,63,20,216,0,10,109,3,122,85,58,172,23,338,160,34,194,532
12/14/2004,BOI,ID,ANM,WE,Combined TRACON& Tower with Radar,118,63,77,30,288,0,6,72,3,81,118,69,149,33,369,106,20,126,495
12/15/2004,BOI,ID,ANM,WE,Combined TRACON& Tower with Radar,119,73,82,25,299,0,11,63,1,75,119,84,145,26,374,95,10,105,479
12/16/2004,BOI,ID,ANM,WE,Combined TRACON& Tower with Radar,133,65,72,15,285,0,7,73,2,82,133,72,145,17,367,56,10,66,433
12/17/2004,BOI,ID,ANM,WE,Combined TRACON& Tower with Radar,107,57,52,5,221,0,4,10,0,14,107,61,62,5,235,34,2,36,271
12/18/2004,BOI,ID,ANM,WE,Combined TRACON& Tower with Radar,105,53,58,1,217,0,2,0,0,2,105,55,58,1,219,0,0,0,219
12/19/2004,BOI,ID,ANM,WE,Combined TRACON& Tower with Radar,100,60,44,0,204,0,6,6,0,12,100,66,50,0,216,60,0,60,276
12/20/2004,BOI,ID,ANM,WE,Combined TRACON& Tower with Radar,112,81,64,29,286,0,9,34,3,46,112,90,98,32,332,114,10,124,456
12/21/2004,BOI,ID,ANM,WE,Combined TRACON& Tower with Radar,118,83,90,24,315,0,22,77,7,106,118,105,167,31,421,138,24,162,583
12/22/2004,BOI,ID,ANM,WE,Combined TRACON& Tower with Radar,127,74,66,8,275,0,10,48,16,74,127,84,114,24,349,88,32,120,469
12/23/2004,BOI,ID,ANM,WE,Combined TRACON& Tower with Radar,131,90,42,5,268,0,12,94,3,109,131,102,136,8,377,104,4,108,485
12/24/2004,BOI,ID,ANM,WE,Combined TRACON& Tower with Radar,110,66,42,0,218,0,17,70,0,87,110,83,112,0,305,80,10,90,395
12/25/2004,BOI,ID,ANM,WE,Combined TRACON& Tower with Radar,91,44,17,0,152,0,11,36,0,47,91,55,53,0,199,24,0,24,223
12/26/2004,BOI,ID,ANM,WE,Combined TRACON& Tower with Radar,105,58,41,0,204,0,7,55,1,63,105,65,96,1,267,44,0,44,311
12/27/2004,BOI,ID,ANM,WE,Combined TRACON& Tower with Radar,114,65,57,31,267,0,17,64,5,86,114,82,121,36,353,58,18,76,429
12/28/2004,BOI,ID,ANM,WE,Combined TRACON& Tower with Radar,121,78,50,21,270,0,18,102,6,126,121,96,152,27,396,102,18,120,516
12/29/2004,BOI,ID,ANM,WE,Combined TRACON& Tower with Radar,121,72,46,25,264,0,18,41,2,61,121,90,87,27,325,138,8,146,471
12/30/2004,BOI,ID,ANM,WE,Combined TRACON& Tower with Radar,130,89,51,13,283,0,16,20,0,36,130,105,71,13,319,36,4,40,359
12/31/2004,BOI,ID,ANM,WE,Combined TRACON& Tower with Radar,105,67,22,0,194,0,6,15,0,21,105,73,37,0,215,54,0,54,269
01/01/2005,BOI,ID,ANM,WE,Combined TRACON& Tower with Radar,95,52,26,0,173,0,3,7,0,10,95,55,33,0,183,20,0,20,203
01/02/2005,BOI,ID,ANM,WE,Combined TRACON& Tower with Radar,111,56,46,0,213,0,12,50,1,63,111,68,96,1,276,74,0,74,350
01/03/2005,BOI,ID,ANM,WE,Combined TRACON& Tower with Radar,112,66,37,35,250,0,7,16,5,28,112,73,53,40,278,86,2,88,366
01/04/2005,BOI,ID,ANM,WE,Combined TRACON& Tower with Radar,126,75,45,20,266,0,0,11,1,12,126,75,56,21,278,28,52,80,358
01/05/2005,BOI,ID,ANM,WE,Combined TRACON& Tower with Radar,116,65,59,32,272,0,7,70,1,78,116,72,129,33,350,140,13,153,503
01/06/2005,BOI,ID,ANM,WE,Combined TRACON& Tower with Radar,117,79,75,14,285,0,4,55,26,85,117,83,130,40,370,148,40,188,558
01/07/2005,BOI,ID,ANM,WE,Combined TRACON& Tower with Radar,114,69,50,17,250,0,7,28,1,36,114,76,78,18,286,52,20,72,358
01/08/2005,BOI,ID,ANM,WE,Combined TRACON& Tower with Radar,97,73,34,1,205,0,7,69,6,82,97,80,103,7,287,124,0,124,411
01/09/2005,BOI,ID,ANM,WE,Combined TRACON& Tower with Radar,86,61,21,1,169,0,8,61,0,69,86,69,82,1,238,116,0,116,354
01/10/2005,BOI,ID,ANM,WE,Combined TRACON& Tower with Radar,106,68,64,9,247,0,18,88,2,108,106,86,152,11,355,152,6,158,513
01/11/2005,BOI,ID,ANM,WE,Combined TRACON& Tower with Radar,111,95,54,20,280,0,8,16,0,24,111,103,70,20,304,72,32,104,408
01/12/2005,BOI,ID,ANM,WE,Combined TRACON& Tower with Radar,115,96,67,29,307,0,8,51,5,64,115,104,118,34,371,114,6,120,491
01/13/2005,BOI,ID,ANM,WE,Combined TRACON& Tower with Radar,113,69,75,23,280,0,13,87,7,107,113,82,162,30,387,126,40,166,553
01/14/2005,BOI,ID,ANM,WE,Combined TRACON& Tower with Radar,108,79,64,16,267,0,16,81,0,97,108,95,145,16,364,156,14,170,534
01/15/2005,BOI,ID,ANM,WE,Combined TRACON& Tower with Radar,92,43,28,16,179,0,14,75,3,92,92,57,103,19,271,0,2,2,273
01/16/2005,BOI,ID,ANM,WE,Combined TRACON& Tower with Radar,84,45,22,14,165,0,5,1,0,6,84,50,23,14,171,4,0,4,175
01/17/2005,BOI,ID,ANM,WE,Combined TRACON& Tower with Radar,103,60,54,2,219,0,12,30,0,42,103,72,84,2,261,82,2,84,345
01/18/2005,BOI,ID,ANM,WE,Combined TRACON& Tower with Radar,117,68,56,24,265,0,19,38,5,62,117,87,94,29,327,78,14,92,419
01/19/2005,BOI,ID,ANM,WE,Combined TRACON& Tower with Radar,112,71,67,27,277,0,8,77,2,87,112,79,144,29,364,170,24,194,558
01/20/2005,BOI,ID,ANM,WE,Combined TRACON& Tower with Radar,80,52,43,9,184,0,2,9,3,14,80,54,52,12,198,8,8,16,214
01/21/2005,BOI,ID,ANM,WE,Combined TRACON& Tower with Radar,113,54,37,9,213,0,0,0,0,0,113,54,37,9,213,0,0,0,213
01/22/2005,BOI,ID,ANM,WE,Combined TRACON& Tower with Radar,101,51,17,0,169,0,3,10,0,13,101,54,27,0,182,24,0,24,206
01/23/2005,BOI,ID,ANM,WE,Combined TRACON& Tower with Radar,81,50,33,1,165,0,5,11,0,16,81,55,44,1,181,18,0,18,199
01/24/2005,BOI,ID,ANM,WE,Combined TRACON& Tower with Radar,108,67,53,9,237,0,0,7,0,7,108,67,60,9,244,66,8,74,318
01/25/2005,BOI,ID,ANM,WE,Combined TRACON& Tower with Radar,114,77,73,23,287,0,2,20,2,24,114,79,93,25,311,44,6,50,361
01/26/2005,BOI,ID,ANM,WE,Combined TRACON& Tower with Radar,114,70,100,32,316,0,15,80,1,96,114,85,180,33,412,136,14,150,562
01/27/2005,BOI,ID,ANM,WE,Combined TRACON& Tower with Radar,115,77,47,22,261,0,7,12,3,22,115,84,59,25,283,52,0,52,335
01/28/2005,BOI,ID,ANM,WE,Combined TRACON& Tower with Radar,113,71,51,29,264,0,7,79,2,88,113,78,130,31,352,140,14,154,506
01/29/2005,BOI,ID,ANM,WE,Combined TRACON& Tower with Radar,99,75,26,1,201,0,7,13,0,20,99,82,39,1,221,60,2,62,283
01/30/2005,BOI,ID,ANM,WE,Combined TRACON& Tower with Radar,79,37,27,2,145,0,5,95,2,102,79,42,122,4,247,190,0,190,437
01/31/2005,BOI,ID,ANM,WE,Combined TRACON& Tower with Radar,109,64,43,24,240,0,17,87,2,106,109,81,130,26,346,72,2,74,420
02/01/2005,BOI,ID,ANM,WE,Combined TRACON& Tower with Radar,120,76,47,38,281,0,5,41,4,50,120,81,88,42,331,56,6,62,393
02/02/2005,BOI,ID,ANM,WE,Combined TRACON& Tower with Radar,110,87,84,25,306,0,16,92,7,115,110,103,176,32,421,126,6,132,553
02/03/2005,BOI,ID,ANM,WE,Combined TRACON& Tower with Radar,111,78,77,1,267,0,12,134,10,156,111,90,211,11,423,186,28,214,637
02/04/2005,BOI,ID,ANM,WE,Combined TRACON& Tower with Radar,112,67,64,3,246,0,10,132,2,144,112,77,196,5,390,118,22,140,530
02/05/2005,BOI,ID,ANM,WE,Combined TRACON& Tower with Radar,102,49,28,39,218,0,16,95,18,129,102,65,123,57,347,126,10,136,483
02/06/2005,BOI,ID,ANM,WE,Combined TRACON& Tower with Radar,88,43,18,22,171,0,10,51,13,74,88,53,69,35,245,74,8,82,327
02/07/2005,BOI,ID,ANM,WE,Combined TRACON& Tower with Radar,106,66,61,3,236,0,10,59,2,71,106,76,120,5,307,52,0,52,359
02/08/2005,BOI,ID,ANM,WE,Combined TRACON& Tower with Radar,116,76,50,23,265,0,18,91,4,113,116,94,141,27,378,128,10,138,516
02/09/2005,BOI,ID,ANM,WE,Combined TRACON& Tower with Radar,110,77,62,23,272,0,11,127,5,143,110,88,189,28,415,108,10,118,533
02/10/2005,BOI,ID,ANM,WE,Combined TRACON& Tower with Radar,118,70,59,23,270,0,6,119,10,135,118,76,178,33,405,132,26,158,563
02/11/2005,BOI,ID,ANM,WE,Combined TRACON& Tower with Radar,113,69,64,32,278,0,15,95,5,115,113,84,159,37,393,112,46,158,551
02/12/2005,BOI,ID,ANM,WE,Combined TRACON& Tower with Radar,101,53,25,5,184,0,9,54,0,63,101,62,79,5,247,120,0,120,367
02/13/2005,BOI,ID,ANM,WE,Combined TRACON& Tower with Radar,85,47,40,4,176,0,7,22,1,30,85,54,62,5,206,62,22,84,290
02/14/2005,BOI,ID,ANM,WE,Combined TRACON& Tower with Radar,107,71,60,18,256,0,6,79,5,90,107,77,139,23,346,72,18,90,436
02/15/2005,BOI,ID,ANM,WE,Combined TRACON& Tower with Radar,113,71,55,23,262,0,8,109,5,122,113,79,164,28,384,132,26,158,542
02/16/2005,BOI,ID,ANM,WE,Combined TRACON& Tower with Radar,114,69,58,22,263,0,15,103,1,119,114,84,161,23,382,142,22,164,546
02/17/2005,BOI,ID,ANM,WE,Combined TRACON& Tower with Radar,116,90,57,22,285,0,29,98,6,133,116,119,155,28,418,112,40,152,570
02/18/2005,BOI,ID,ANM,WE,Combined TRACON& Tower with Radar,115,68,84,29,296,0,30,126,4,160,115,98,210,33,456,150,20,170,626
02/19/2005,BOI,ID,ANM,WE,Combined TRACON& Tower with Radar,100,79,41,1,221,0,2,9,0,11,100,81,50,1,232,10,8,18,250
02/20/2005,BOI,ID,ANM,WE,Combined TRACON& Tower with Radar,90,54,42,12,198,0,6,25,1,32,90,60,67,13,230,88,2,90,320
02/21/2005,BOI,ID,ANM,WE,Combined TRACON& Tower with Radar,122,101,61,2,286,0,17,5,0,22,122,118,66,2,308,38,0,38,346
02/22/2005,BOI,ID,ANM,WE,Combined TRACON& Tower with Radar,117,107,72,23,319,0,16,77,5,98,117,123,149,28,417,124,30,154,571
02/23/2005,BOI,ID,ANM,WE,Combined TRACON& Tower with Radar,115,94,66,14,289,0,15,100,1,116,115,109,166,15,405,156,46,202,607
02/24/2005,BOI,ID,ANM,WE,Combined TRACON& Tower with Radar,114,92,85,23,314,0,8,124,7,139,114,100,209,30,453,140,42,182,635
02/25/2005,BOI,ID,ANM,WE,Combined TRACON& Tower with Radar,113,71,82,11,277,0,20,135,2,157,113,91,217,13,434,126,0,126,560
02/26/2005,BOI,ID,ANM,WE,Combined TRACON& Tower with Radar,101,54,42,1,198,0,16,116,1,133,101,70,158,2,331,82,0,82,413
02/27/2005,BOI,ID,ANM,WE,Combined TRACON& Tower with Radar,89,53,45,2,189,0,22,146,0,168,89,75,191,2,357,60,0,60,417
02/28/2005,BOI,ID,ANM,WE,Combined TRACON& Tower with Radar,109,75,59,9,252,0,14,58,4,76,109,89,117,13,328,76,26,102,430
03/01/2005,BOI,ID,ANM,WE,Combined TRACON& Tower with Radar,116,67,67,18,268,0,16,104,8,128,116,83,171,26,396,96,10,106,502
03/02/2005,BOI,ID,ANM,WE,Combined TRACON& Tower with Radar,113,78,80,37,308,0,17,78,2,97,113,95,158,39,405,138,54,192,597
03/03/2005,BOI,ID,ANM,WE,Combined TRACON& Tower with Radar,113,82,97,30,322,0,7,92,4,103,113,89,189,34,425,145,35,180,605
03/04/2005,BOI,ID,ANM,WE,Combined TRACON& Tower with Radar,112,71,60,20,263,0,8,123,5,136,112,79,183,25,399,152,30,182,581
03/05/2005,BOI,ID,ANM,WE,Combined TRACON& Tower with Radar,99,65,51,22,237,0,19,121,7,147,99,84,172,29,384,110,64,174,558
03/06/2005,BOI,ID,ANM,WE,Combined TRACON& Tower with Radar,87,50,39,22,198,0,15,105,8,128,87,65,144,30,326,70,24,94,420
03/07/2005,BOI,ID,ANM,WE,Combined TRACON& Tower with Radar,107,79,50,6,242,0,19,101,1,121,107,98,151,7,363,176,36,212,575
03/08/2005,BOI,ID,ANM,WE,Combined TRACON& Tower with Radar,114,83,59,9,265,0,20,147,11,178,114,103,206,20,443,179,14,193,636
03/09/2005,BOI,ID,ANM,WE,Combined TRACON& Tower with Radar,114,70,79,29,292,0,17,162,11,190,114,87,241,40,482,142,38,180,662
03/10/2005,BOI,ID,ANM,WE,Combined TRACON& Tower with Radar,115,92,70,28,305,0,9,147,9,165,115,101,217,37,470,122,28,150,620
03/11/2005,BOI,ID,ANM,WE,Combined TRACON& Tower with Radar,114,74,70,25,283,0,10,134,3,147,114,84,204,28,430,84,18,102,532
03/12/2005,BOI,ID,ANM,WE,Combined TRACON& Tower with Radar,98,78,33,3,212,0,13,82,0,95,98,91,115,3,307,24,0,24,331
03/13/2005,BOI,ID,ANM,WE,Combined TRACON& Tower with Radar,79,71,36,6,192,0,11,103,0,114,79,82,139,6,306,112,0,112,418
03/14/2005,BOI,ID,ANM,WE,Combined TRACON& Tower with Radar,107,101,53,22,283,0,12,75,2,89,107,113,128,24,372,118,52,170,542
03/15/2005,BOI,ID,ANM,WE,Combined TRACON& Tower with Radar,120,98,71,34,323,0,13,83,21,117,120,111,154,55,440,114,18,132,572
03/16/2005,BOI,ID,ANM,WE,Combined TRACON& Tower with Radar,117,84,64,24,289,0,8,80,8,96,117,92,144,32,385,130,8,138,523
03/17/2005,BOI,ID,ANM,WE,Combined TRACON& Tower with Radar,116,75,76,25,292,0,21,86,6,113,116,96,162,31,405,86,30,116,521
03/18/2005,BOI,ID,ANM,WE,Combined TRACON& Tower with Radar,115,77,83,10,285,0,20,103,9,132,115,97,186,19,417,152,2,154,571
03/19/2005,BOI,ID,ANM,WE,Combined TRACON& Tower with Radar,98,61,81,3,243,0,3,58,0,61,98,64,139,3,304,64,2,66,370
03/20/2005,BOI,ID,ANM,WE,Combined TRACON& Tower with Radar,88,51,28,12,179,0,9,21,5,35,88,60,49,17,214,6,8,14,228
03/21/2005,BOI,ID,ANM,WE,Combined TRACON& Tower with Radar,104,79,57,6,246,0,9,71,4,84,104,88,128,10,330,86,0,86,416
03/22/2005,BOI,ID,ANM,WE,Combined TRACON& Tower with Radar,116,80,35,6,237,0,2,13,3,18,116,82,48,9,255,22,14,36,291
03/23/2005,BOI,ID,ANM,WE,Combined TRACON& Tower with Radar,112,86,77,22,297,0,7,43,6,56,112,93,120,28,353,96,26,122,475
03/24/2005,BOI,ID,ANM,WE,Combined TRACON& Tower with Radar,111,80,87,24,302,0,24,81,5,110,111,104,168,29,412,64,20,84,496
03/25/2005,BOI,ID,ANM,WE,Combined TRACON& Tower with Radar,110,73,66,13,262,0,13,60,7,80,110,86,126,20,342,60,12,72,414
03/26/2005,BOI,ID,ANM,WE,Combined TRACON& Tower with Radar,96,60,59,0,215,0,14,122,0,136,96,74,181,0,351,108,0,108,459
03/27/2005,BOI,ID,ANM,WE,Combined TRACON& Tower with Radar,87,45,25,0,157,0,4,9,1,14,87,49,34,1,171,16,0,16,187
03/28/2005,BOI,ID,ANM,WE,Combined TRACON& Tower with Radar,102,80,70,19,271,0,10,19,12,41,102,90,89,31,312,34,20,54,366
03/29/2005,BOI,ID,ANM,WE,Combined TRACON& Tower with Radar,113,79,37,12,241,0,8,22,2,32,113,87,59,14,273,86,58,144,417
03/30/2005,BOI,ID,ANM,WE,Combined TRACON& Tower with Radar,112,83,48,24,267,0,5,68,7,80,112,88,116,31,347,56,5,61,408
03/31/2005,BOI,ID,ANM,WE,Combined TRACON& Tower with Radar,116,89,71,7,283,0,13,167,3,183,116,102,238,10,466,180,62,242,708
04/01/2005,BOI,ID,ANM,WE,Combined TRACON& Tower with Radar,112,82,53,3,250,0,17,86,5,108,112,99,139,8,358,224,10,234,592
04/02/2005,BOI,ID,ANM,WE,Combined TRACON& Tower with Radar,99,71,42,7,219,0,16,129,13,158,99,87,171,20,377,148,44,192,569
04/03/2005,BOI,ID,ANM,WE,Combined TRACON& Tower with Radar,92,61,47,8,208,0,8,32,2,42,92,69,79,10,250,36,6,42,292
04/04/2005,BOI,ID,ANM,WE,Combined TRACON& Tower with Radar,107,78,40,0,225,0,12,21,1,34,107,90,61,1,259,38,42,80,339
04/05/2005,BOI,ID,ANM,WE,Combined TRACON& Tower with Radar,114,97,46,7,264,0,19,95,8,122,114,116,141,15,386,234,6,240,626
04/06/2005,BOI,ID,ANM,WE,Combined TRACON& Tower with Radar,114,92,42,10,258,0,14,84,13,111,114,106,126,23,369,120,12,132,501
04/07/2005,BOI,ID,ANM,WE,Combined TRACON& Tower with Radar,115,81,32,10,238,0,7,58,6,71,115,88,90,16,309,146,20,166,475
04/08/2005,BOI,ID,ANM,WE,Combined TRACON& Tower with Radar,111,77,60,5,253,0,16,100,8,124,111,93,160,13,377,112,10,122,499
04/09/2005,BOI,ID,ANM,WE,Combined TRACON& Tower with Radar,99,57,46,3,205,0,18,87,8,113,99,75,133,11,318,158,0,158,476
04/10/2005,BOI,ID,ANM,WE,Combined TRACON& Tower with Radar,80,47,32,5,164,0,11,119,7,137,80,58,151,12,301,94,0,94,395
04/11/2005,BOI,ID,ANM,WE,Combined TRACON& Tower with Radar,104,79,61,22,266,0,10,107,7,124,104,89,168,29,390,154,14,168,558
04/12/2005,BOI,ID,ANM,WE,Combined TRACON& Tower with Radar,111,90,66,16,283,0,6,90,5,101,111,96,156,21,384,22,32,54,438
04/13/2005,BOI,ID,ANM,WE,Combined TRACON& Tower with Radar,112,80,60,30,282,0,23,72,16,111,112,103,132,46,393,62,42,104,497
04/14/2005,BOI,ID,ANM,WE,Combined TRACON& Tower with Radar,113,78,55,27,273,0,16,95,5,116,113,94,150,32,389,64,17,81,470
04/15/2005,BOI,ID,ANM,WE,Combined TRACON& Tower with Radar,104,79,75,16,274,0,12,160,13,185,104,91,235,29,459,124,40,164,623
04/16/2005,BOI,ID,ANM,WE,Combined TRACON& Tower with Radar,96,61,34,7,198,0,4,139,3,146,96,65,173,10,344,58,0,58,402
04/17/2005,BOI,ID,ANM,WE,Combined TRACON& Tower with Radar,88,58,25,0,171,0,6,37,1,44,88,64,62,1,215,58,8,66,281
04/18/2005,BOI,ID,ANM,WE,Combined TRACON& Tower with Radar,106,85,55,3,249,0,11,43,3,57,106,96,98,6,306,48,18,66,372
04/19/2005,BOI,ID,ANM,WE,Combined TRACON& Tower with Radar,115,83,78,20,296,0,15,88,11,114,115,98,166,31,410,156,42,198,608
04/20/2005,BOI,ID,ANM,WE,Combined TRACON& Tower with Radar,116,77,78,12,283,0,15,41,11,67,116,92,119,23,350,104,8,112,462
04/21/2005,BOI,ID,ANM,WE,Combined TRACON& Tower with Radar,113,87,59,11,270,0,6,59,13,78,113,93,118,24,348,102,6,108,456
04/22/2005,BOI,ID,ANM,WE,Combined TRACON& Tower with Radar,110,81,57,16,264,0,16,135,5,156,110,97,192,21,420,70,32,102,522
04/23/2005,BOI,ID,ANM,WE,Combined TRACON& Tower with Radar,101,82,41,1,225,0,22,79,2,103,101,104,120,3,328,84,0,84,412
04/24/2005,BOI,ID,ANM,WE,Combined TRACON& Tower with Radar,88,60,35,0,183,0,10,42,0,52,88,70,77,0,235,86,0,86,321
04/25/2005,BOI,ID,ANM,WE,Combined TRACON& Tower with Radar,103,85,56,23,267,0,1,112,5,118,103,86,168,28,385,106,0,106,491
04/26/2005,BOI,ID,ANM,WE,Combined TRACON& Tower with Radar,118,95,65,21,299,0,8,120,18,146,118,103,185,39,445,138,58,196,641
04/27/2005,BOI,ID,ANM,WE,Combined TRACON& Tower with Radar,116,87,66,20,289,0,2,87,13,102,116,89,153,33,391,80,6,86,477
04/28/2005,BOI,ID,ANM,WE,Combined TRACON& Tower with Radar,115,79,98,10,302,0,4,101,12,117,115,83,199,22,419,62,6,68,487
04/29/2005,BOI,ID,ANM,WE,Combined TRACON& Tower with Radar,111,78,80,17,286,0,11,124,9,144,111,89,204,26,430,116,26,142,572
04/30/2005,BOI,ID,ANM,WE,Combined TRACON& Tower with Radar,100,62,32,1,195,0,17,103,10,130,100,79,135,11,325,88,2,90,415
05/01/2005,BOI,ID,ANM,WE,Combined TRACON& Tower with Radar,88,49,36,1,174,0,8,111,0,119,88,57,147,1,293,34,0,34,327
05/02/2005,BOI,ID,ANM,WE,Combined TRACON& Tower with Radar,107,80,35,13,235,0,28,86,9,123,107,108,121,22,358,24,0,24,382
05/03/2005,BOI,ID,ANM,WE,Combined TRACON& Tower with Radar,112,78,40,15,245,0,9,92,10,111,112,87,132,25,356,74,26,100,456
05/04/2005,BOI,ID,ANM,WE,Combined TRACON& Tower with Radar,117,85,57,14,273,0,15,78,10,103,117,100,135,24,376,26,0,26,402
05/05/2005,BOI,ID,ANM,WE,Combined TRACON& Tower with Radar,115,77,73,16,281,0,20,64,13,97,115,97,137,29,378,8,0,8,386
05/06/2005,BOI,ID,ANM,WE,Combined TRACON& Tower with Radar,119,82,42,14,257,0,22,66,7,95,119,104,108,21,352,52,2,54,406
05/07/2005,BOI,ID,ANM,WE,Combined TRACON& Tower with Radar,101,62,32,1,196,0,22,64,0,86,101,84,96,1,282,58,0,58,340
05/08/2005,BOI,ID,ANM,WE,Combined TRACON& Tower with Radar,92,43,23,1,159,0,8,64,0,72,92,51,87,1,231,50,0,50,281
05/09/2005,BOI,ID,ANM,WE,Combined TRACON& Tower with Radar,108,88,44,6,246,0,10,38,2,50,108,98,82,8,296,38,28,66,362
05/10/2005,BOI,ID,ANM,WE,Combined TRACON& Tower with Radar,118,83,64,10,275,0,8,71,8,87,118,91,135,18,362,92,74,166,528
05/11/2005,BOI,ID,ANM,WE,Combined TRACON& Tower with Radar,121,78,67,8,274,0,18,96,8,122,121,96,163,16,396,82,52,134,530
05/12/2005,BOI,ID,ANM,WE,Combined TRACON& Tower with Radar,117,81,82,4,284,0,17,117,6,140,117,98,199,10,424,32,10,42,466
05/13/2005,BOI,ID,ANM,WE,Combined TRACON& Tower with Radar,117,74,66,9,266,0,17,155,8,180,117,91,221,17,446,112,0,112,558
05/14/2005,BOI,ID,ANM,WE,Combined TRACON& Tower with Radar,100,62,44,6,212,0,24,126,4,154,100,86,170,10,366,110,2,112,478
05/15/2005,BOI,ID,ANM,WE,Combined TRACON& Tower with Radar,93,48,41,1,183,0,16,47,0,63,93,64,88,1,246,10,0,10,256
05/16/2005,BOI,ID,ANM,WE,Combined TRACON& Tower with Radar,116,79,41,2,238,0,4,15,0,19,116,83,56,2,257,22,6,28,285
05/17/2005,BOI,ID,ANM,WE,Combined TRACON& Tower with Radar,118,78,47,17,260,0,6,94,14,114,118,84,141,31,374,132,42,174,548
05/18/2005,BOI,ID,ANM,WE,Combined TRACON& Tower with Radar,118,64,56,28,266,0,7,68,8,83,118,71,124,36,349,64,2,66,415
05/19/2005,BOI,ID,ANM,WE,Combined TRACON& Tower with Radar,116,73,58,31,278,0,18,89,25,132,116,91,147,56,410,132,8,140,550
05/20/2005,BOI,ID,ANM,WE,Combined TRACON& Tower with Radar,117,76,63,37,293,0,21,91,3,115,117,97,154,40,408,66,20,86,494
05/21/2005,BOI,ID,ANM,WE,Combined TRACON& Tower with Radar,104,58,34,3,199,0,32,188,18,238,104,90,222,21,437,66,2,68,505
05/22/2005,BOI,ID,ANM,WE,Combined TRACON& Tower with Radar,92,51,46,3,192,0,5,130,12,147,92,56,176,15,339,104,8,112,451
05/23/2005,BOI,ID,ANM,WE,Combined TRACON& Tower with Radar,110,71,49,2,232,0,10,130,13,153,110,81,179,15,385,40,2,42,427
05/24/2005,BOI,ID,ANM,WE,Combined TRACON& Tower with Radar,122,73,49,9,253,0,20,120,12,152,122,93,169,21,405,78,20,98,503
05/25/2005,BOI,ID,ANM,WE,Combined TRACON& Tower with Radar,117,78,62,19,276,0,24,154,14,192,117,102,216,33,468,110,67,177,645
05/26/2005,BOI,ID,ANM,WE,Combined TRACON& Tower with Radar,118,74,75,17,284,0,20,127,4,151,118,94,202,21,435,50,28,78,513
05/27/2005,BOI,ID,ANM,WE,Combined TRACON& Tower with Radar,115,75,51,5,246,0,15,143,5,163,115,90,194,10,409,36,0,36,445
05/28/2005,BOI,ID,ANM,WE,Combined TRACON& Tower with Radar,94,66,49,2,211,4,26,129,0,159,98,92,178,2,370,68,4,72,442
05/29/2005,BOI,ID,ANM,WE,Combined TRACON& Tower with Radar,84,46,16,0,146,0,14,74,0,88,84,60,90,0,234,40,0,40,274
05/30/2005,BOI,ID,ANM,WE,Combined TRACON& Tower with Radar,101,55,28,2,186,0,19,186,10,215,101,74,214,12,401,72,0,72,473
05/31/2005,BOI,ID,ANM,WE,Combined TRACON& Tower with Radar,107,76,53,12,248,0,13,92,7,112,107,89,145,19,360,38,4,42,402
06/01/2005,BOI,ID,ANM,WE,Combined TRACON& Tower with Radar,117,74,55,19,265,0,19,91,13,123,117,93,146,32,388,88,8,96,484
06/02/2005,BOI,ID,ANM,WE,Combined TRACON& Tower with Radar,118,76,53,19,266,0,19,118,18,155,118,95,171,37,421,60,6,66,487
06/03/2005,BOI,ID,ANM,WE,Combined TRACON& Tower with Radar,115,84,61,7,267,0,16,96,9,121,115,100,157,16,388,82,6,88,476
06/04/2005,BOI,ID,ANM,WE,Combined TRACON& Tower with Radar,104,65,30,34,233,0,21,156,11,188,104,86,186,45,421,94,14,108,529
06/05/2005,BOI,ID,ANM,WE,Combined TRACON& Tower with Radar,87,55,29,2,173,0,6,44,5,55,87,61,73,7,228,18,0,18,246
06/06/2005,BOI,ID,ANM,WE,Combined TRACON& Tower with Radar,115,81,50,6,252,0,19,102,5,126,115,100,152,11,378,98,6,104,482
06/07/2005,BOI,ID,ANM,WE,Combined TRACON& Tower with Radar,119,88,67,16,290,0,5,90,8,103,119,93,157,24,393,140,12,152,545
06/08/2005,BOI,ID,ANM,WE,Combined TRACON& Tower with Radar,119,103,56,13,291,0,11,108,12,131,119,114,164,25,422,166,12,178,600
06/09/2005,BOI,ID,ANM,WE,Combined TRACON& Tower with Radar,118,80,60,18,276,0,16,143,9,168,118,96,203,27,444,98,6,104,548
06/10/2005,BOI,ID,ANM,WE,Combined TRACON& Tower with Radar,113,85,52,13,263,0,12,151,11,174,113,97,203,24,437,90,2,92,529
06/11/2005,BOI,ID,ANM,WE,Combined TRACON& Tower with Radar,114,68,29,1,212,0,10,99,1,110,114,78,128,2,322,40,0,40,362
06/12/2005,BOI,ID,ANM,WE,Combined TRACON& Tower with Radar,95,61,36,3,195,0,8,115,5,128,95,69,151,8,323,26,0,26,349
06/13/2005,BOI,ID,ANM,WE,Combined TRACON& Tower with Radar,115,68,46,5,234,0,9,137,9,155,115,77,183,14,389,130,0,130,519
06/14/2005,BOI,ID,ANM,WE,Combined TRACON& Tower with Radar,120,73,63,13,269,0,9,118,6,133,120,82,181,19,402,64,4,68,470
06/15/2005,BOI,ID,ANM,WE,Combined TRACON& Tower with Radar,118,77,57,19,271,0,11,194,24,229,118,88,251,43,500,110,14,124,624
06/16/2005,BOI,ID,ANM,WE,Combined TRACON& Tower with Radar,122,81,64,26,293,0,11,174,23,208,122,92,238,49,501,108,30,138,639
06/17/2005,BOI,ID,ANM,WE,Combined TRACON& Tower with Radar,117,78,59,16,270,0,10,108,13,131,117,88,167,29,401,80,12,92,493
06/18/2005,BOI,ID,ANM,WE,Combined TRACON& Tower with Radar,110,67,32,10,219,0,15,110,13,138,110,82,142,23,357,86,0,86,443
06/19/2005,BOI,ID,ANM,WE,Combined TRACON& Tower with Radar,102,53,22,4,181,0,20,159,13,192,102,73,181,17,373,100,4,104,477
06/20/2005,BOI,ID,ANM,WE,Combined TRACON& Tower with Radar,114,82,50,28,274,0,17,138,14,169,114,99,188,42,443,84,10,94,537
06/21/2005,BOI,ID,ANM,WE,Combined TRACON& Tower with Radar,120,87,42,26,275,0,17,110,21,148,120,104,152,47,423,72,18,90,513
06/22/2005,BOI,ID,ANM,WE,Combined TRACON& Tower with Radar,121,78,75,7,281,0,25,195,14,234,121,103,270,21,515,90,0,90,605
06/23/2005,BOI,ID,ANM,WE,Combined TRACON& Tower with Radar,124,82,63,17,286,0,14,180,19,213,124,96,243,36,499,128,36,164,663
06/24/2005,BOI,ID,ANM,WE,Combined TRACON& Tower with Radar,122,94,75,16,307,0,22,186,21,229,122,116,261,37,536,102,4,106,642
06/25/2005,BOI,ID,ANM,WE,Combined TRACON& Tower with Radar,103,78,30,0,211,0,21,133,8,162,103,99,163,8,373,170,0,170,543
06/26/2005,BOI,ID,ANM,WE,Combined TRACON& Tower with Radar,106,59,33,2,200,0,13,109,7,129,106,72,142,9,329,76,0,76,405
06/27/2005,BOI,ID,ANM,WE,Combined TRACON& Tower with Radar,108,74,42,2,226,0,14,91,14,119,108,88,133,16,345,16,3,19,364
06/28/2005,BOI,ID,ANM,WE,Combined TRACON& Tower with Radar,118,85,69,22,294,0,22,127,14,163,118,107,196,36,457,70,4,74,531
06/29/2005,BOI,ID,ANM,WE,Combined TRACON& Tower with Radar,115,107,72,13,307,0,18,211,18,247,115,125,283,31,554,68,30,98,652
06/30/2005,BOI,ID,ANM,WE,Combined TRACON& Tower with Radar,115,102,81,5,303,0,24,200,28,252,115,126,281,33,555,164,0,164,719
07/01/2005,BOI,ID,ANM,WE,Combined TRACON& Tower with Radar,121,100,60,6,287,0,18,182,10,210,121,118,242,16,497,124,16,140,637
07/02/2005,BOI,ID,ANM,WE,Combined TRACON& Tower with Radar,116,64,29,0,209,0,29,186,10,225,116,93,215,10,434,92,0,92,526
07/03/2005,BOI,ID,ANM,WE,Combined TRACON& Tower with Radar,94,52,23,0,169,0,23,124,12,159,94,75,147,12,328,56,0,56,384
07/04/2005,BOI,ID,ANM,WE,Combined TRACON& Tower with Radar,94,49,24,1,168,0,24,147,10,181,94,73,171,11,349,70,2,72,421
07/05/2005,BOI,ID,ANM,WE,Combined TRACON& Tower with Radar,109,84,49,2,244,0,21,170,18,209,109,105,219,20,453,58,0,58,511
07/06/2005,BOI,ID,ANM,WE,Combined TRACON& Tower with Radar,120,85,62,11,278,0,23,197,21,241,120,108,259,32,519,43,24,67,586
07/07/2005,BOI,ID,ANM,WE,Combined TRACON& Tower with Radar,122,83,49,13,267,3,13,146,20,182,125,96,195,33,449,80,4,84,533
07/08/2005,BOI,ID,ANM,WE,Combined TRACON& Tower with Radar,118,82,56,7,263,0,29,137,16,182,118,111,193,23,445,64,2,66,511
07/09/2005,BOI,ID,ANM,WE,Combined TRACON& Tower with Radar,112,73,38,1,224,0,11,95,15,121,112,84,133,16,345,42,12,54,399
07/10/2005,BOI,ID,ANM,WE,Combined TRACON& Tower with Radar,108,62,36,14,220,0,11,118,18,147,108,73,154,32,367,88,2,90,457
07/11/2005,BOI,ID,ANM,WE,Combined TRACON& Tower with Radar,117,75,50,5,247,0,17,194,9,220,117,92,244,14,467,72,0,72,539
07/12/2005,BOI,ID,ANM,WE,Combined TRACON& Tower with Radar,120,88,62,25,295,0,16,163,22,201,120,104,225,47,496,92,10,102,598
07/13/2005,BOI,ID,ANM,WE,Combined TRACON& Tower with Radar,122,79,60,21,282,0,20,172,16,208,122,99,232,37,490,98,2,100,590
07/14/2005,BOI,ID,ANM,WE,Combined TRACON& Tower with Radar,123,70,68,15,276,0,12,196,25,233,123,82,264,40,509,114,64,178,687
07/15/2005,BOI,ID,ANM,WE,Combined TRACON& Tower with Radar,118,87,64,17,286,0,21,203,33,257,118,108,267,50,543,122,10,132,675
07/16/2005,BOI,ID,ANM,WE,Combined TRACON& Tower with Radar,109,73,36,5,223,0,25,161,14,200,109,98,197,19,423,142,0,142,565
07/17/2005,BOI,ID,ANM,WE,Combined TRACON& Tower with Radar,104,62,46,2,214,0,21,156,15,192,104,83,202,17,406,72,2,74,480
07/18/2005,BOI,ID,ANM,WE,Combined TRACON& Tower with Radar,119,70,62,8,259,0,14,174,33,221,119,84,236,41,480,38,22,60,540
07/19/2005,BOI,ID,ANM,WE,Combined TRACON& Tower with Radar,118,80,68,35,301,0,15,165,35,215,118,95,233,70,516,34,52,86,602
07/20/2005,BOI,ID,ANM,WE,Combined TRACON& Tower with Radar,124,89,84,29,326,0,24,170,17,211,124,113,254,46,537,112,20,132,669
07/21/2005,BOI,ID,ANM,WE,Combined TRACON& Tower with Radar,115,94,79,27,315,0,14,192,27,233,115,108,271,54,548,98,12,110,658
07/22/2005,BOI,ID,ANM,WE,Combined TRACON& Tower with Radar,126,81,60,28,295,0,16,136,41,193,126,97,196,69,488,98,20,118,606
07/23/2005,BOI,ID,ANM,WE,Combined TRACON& Tower with Radar,109,57,33,2,201,0,34,178,41,253,109,91,211,43,454,82,0,82,536
07/24/2005,BOI,ID,ANM,WE,Combined TRACON& Tower with Radar,102,54,30,3,189,0,21,145,15,181,102,75,175,18,370,46,0,46,416
07/25/2005,BOI,ID,ANM,WE,Combined TRACON& Tower with Radar,122,71,63,2,258,0,20,128,12,160,122,91,191,14,418,36,0,36,454
07/26/2005,BOI,ID,ANM,WE,Combined TRACON& Tower with Radar,126,71,61,24,282,1,20,201,59,281,127,91,262,83,563,12,0,12,575
07/27/2005,BOI,ID,ANM,WE,Combined TRACON& Tower with Radar,124,80,42,20,266,0,18,167,16,201,124,98,209,36,467,65,2,67,534
07/28/2005,BOI,ID,ANM,WE,Combined TRACON& Tower with Radar,120,89,66,12,287,0,12,185,78,275,120,101,251,90,562,72,34,106,668
07/29/2005,BOI,ID,ANM,WE,Combined TRACON& Tower with Radar,121,89,45,20,275,0,15,197,78,290,121,104,242,98,565,22,8,30,595
07/30/2005,BOI,ID,ANM,WE,Combined TRACON& Tower with Radar,114,65,23,5,207,0,18,176,23,217,114,83,199,28,424,82,0,82,506
07/31/2005,BOI,ID,ANM,WE,Combined TRACON& Tower with Radar,109,62,32,5,208,0,12,153,56,221,109,74,185,61,429,90,0,90,519
08/01/2005,BOI,ID,ANM,WE,Combined TRACON& Tower with Radar,119,80,59,20,278,0,24,166,42,232,119,104,225,62,510,76,0,76,586
08/02/2005,BOI,ID,ANM,WE,Combined TRACON& Tower with Radar,119,81,53,23,276,0,25,158,38,221,119,106,211,61,497,194,26,220,717
08/03/2005,BOI,ID,ANM,WE,Combined TRACON& Tower with Radar,123,74,60,9,266,0,26,188,19,233,123,100,248,28,499,102,12,114,613
08/04/2005,BOI,ID,ANM,WE,Combined TRACON& Tower with Radar,123,86,61,5,275,0,34,271,38,343,123,120,332,43,618,114,38,152,770
08/05/2005,BOI,ID,ANM,WE,Combined TRACON& Tower with Radar,117,79,54,29,279,0,7,188,20,215,117,86,242,49,494,134,2,136,630
08/06/2005,BOI,ID,ANM,WE,Combined TRACON& Tower with Radar,106,87,44,67,304,0,22,179,18,219,106,109,223,85,523,60,10,70,593
08/07/2005,BOI,ID,ANM,WE,Combined TRACON& Tower with Radar,104,85,58,38,285,0,10,161,70,241,104,95,219,108,526,64,6,70,596
08/08/2005,BOI,ID,ANM,WE,Combined TRACON& Tower with Radar,114,87,65,3,269,0,14,142,31,187,114,101,207,34,456,124,12,136,592
08/09/2005,BOI,ID,ANM,WE,Combined TRACON& Tower with Radar,119,98,61,21,299,0,21,188,29,238,119,119,249,50,537,142,36,178,715
08/10/2005,BOI,ID,ANM,WE,Combined TRACON& Tower with Radar,119,101,74,24,318,0,10,183,43,236,119,111,257,67,554,180,19,199,753
08/11/2005,BOI,ID,ANM,WE,Combined TRACON& Tower with Radar,117,85,76,29,307,0,9,177,44,230,117,94,253,73,537,144,16,160,697
08/12/2005,BOI,ID,ANM,WE,Combined TRACON& Tower with Radar,122,82,70,26,300,0,18,189,25,232,122,100,259,51,532,160,10,170,702
08/13/2005,BOI,ID,ANM,WE,Combined TRACON& Tower with Radar,104,72,27,2,205,0,13,176,20,209,104,85,203,22,414,100,0,100,514
08/14/2005,BOI,ID,ANM,WE,Combined TRACON& Tower with Radar,103,62,35,3,203,0,17,133,21,171,103,79,168,24,374,204,0,204,578
08/15/2005,BOI,ID,ANM,WE,Combined TRACON& Tower with Radar,112,83,60,24,279,0,21,106,33,160,112,104,166,57,439,146,10,156,595
08/16/2005,BOI,ID,ANM,WE,Combined TRACON& Tower with Radar,121,83,75,18,297,0,12,127,19,158,121,95,202,37,455,72,16,88,543
08/17/2005,BOI,ID,ANM,WE,Combined TRACON& Tower with Radar,119,84,99,22,324,0,22,135,21,178,119,106,234,43,502,126,12,138,640
08/18/2005,BOI,ID,ANM,WE,Combined TRACON& Tower with Radar,115,88,78,16,297,0,29,157,13,199,115,117,235,29,496,176,32,208,704
08/19/2005,BOI,ID,ANM,WE,Combined TRACON& Tower with Radar,120,85,70,13,288,0,14,170,42,226,120,99,240,55,514,140,8,148,662
08/20/2005,BOI,ID,ANM,WE,Combined TRACON& Tower with Radar,108,71,43,6,228,0,28,179,5,212,108,99,222,11,440,94,0,94,534
08/21/2005,BOI,ID,ANM,WE,Combined TRACON& Tower with Radar,104,65,41,2,212,0,18,143,12,173,104,83,184,14,385,210,0,210,595
08/22/2005,BOI,ID,ANM,WE,Combined TRACON& Tower with Radar,116,82,65,9,272,0,11,125,49,185,116,93,190,58,457,110,4,114,571
08/23/2005,BOI,ID,ANM,WE,Combined TRACON& Tower with Radar,120,92,78,26,316,0,9,175,54,238,120,101,253,80,554,172,29,201,755
08/24/2005,BOI,ID,ANM,WE,Combined TRACON& Tower with Radar,120,91,80,7,298,0,31,123,43,197,120,122,203,50,495,58,2,60,555
08/25/2005,BOI,ID,ANM,WE,Combined TRACON& Tower with Radar,111,94,75,22,302,0,12,202,25,239,111,106,277,47,541,60,2,62,603
08/26/2005,BOI,ID,ANM,WE,Combined TRACON& Tower with Radar,115,95,56,17,283,0,20,207,13,240,115,115,263,30,523,138,10,148,671
08/27/2005,BOI,ID,ANM,WE,Combined TRACON& Tower with Radar,115,95,56,17,283,0,20,207,13,240,115,115,263,30,523,98,0,98,621
08/28/2005,BOI,ID,ANM,WE,Combined TRACON& Tower with Radar,100,89,42,9,240,0,11,134,20,165,100,100,176,29,405,72,0,72,477
08/29/2005,BOI,ID,ANM,WE,Combined TRACON& Tower with Radar,110,84,41,23,258,0,16,111,54,181,110,100,152,77,439,136,22,158,597
08/30/2005,BOI,ID,ANM,WE,Combined TRACON& Tower with Radar,121,87,59,24,291,0,6,140,14,160,121,93,199,38,451,34,12,46,497
08/31/2005,BOI,ID,ANM,WE,Combined TRACON& Tower with Radar,114,88,71,16,289,0,22,127,11,160,114,110,198,27,449,16,0,16,465
09/01/2005,BOI,ID,ANM,WE,Combined TRACON& Tower with Radar,121,92,74,19,306,0,6,148,33,187,121,98,222,52,493,72,2,74,567
09/02/2005,BOI,ID,ANM,WE,Combined TRACON& Tower with Radar,116,83,40,6,245,0,13,177,12,202,116,96,217,18,447,84,18,102,549
09/03/2005,BOI,ID,ANM,WE,Combined TRACON& Tower with Radar,102,68,27,5,202,0,16,132,23,171,102,84,159,28,373,190,0,190,563
09/04/2005,BOI,ID,ANM,WE,Combined TRACON& Tower with Radar,87,46,18,3,154,0,23,141,39,203,87,69,159,42,357,34,0,34,391
09/05/2005,BOI,ID,ANM,WE,Combined TRACON& Tower with Radar,93,57,45,4,199,0,30,184,35,249,93,87,229,39,448,98,2,100,548
09/06/2005,BOI,ID,ANM,WE,Combined TRACON& Tower with Radar,110,83,66,11,270,0,10,164,13,187,110,93,230,24,457,124,9,133,590
09/07/2005,BOI,ID,ANM,WE,Combined TRACON& Tower with Radar,117,91,74,18,300,0,27,138,8,173,117,118,212,26,473,100,0,100,573
09/08/2005,BOI,ID,ANM,WE,Combined TRACON& Tower with Radar,113,85,54,20,272,0,18,206,10,234,113,103,260,30,506,122,18,140,646
09/09/2005,BOI,ID,ANM,WE,Combined TRACON& Tower with Radar,113,79,73,16,281,0,14,108,22,144,113,93,181,38,425,150,16,166,591
09/10/2005,BOI,ID,ANM,WE,Combined TRACON& Tower with Radar,106,74,41,32,253,0,7,106,2,115,106,81,147,34,368,48,24,72,440
09/11/2005,BOI,ID,ANM,WE,Combined TRACON& Tower with Radar,91,60,39,3,193,0,11,88,1,100,91,71,127,4,293,114,2,116,409
09/12/2005,BOI,ID,ANM,WE,Combined TRACON& Tower with Radar,107,78,51,5,241,0,12,117,5,134,107,90,168,10,375,66,0,66,441
09/13/2005,BOI,ID,ANM,WE,Combined TRACON& Tower with Radar,115,78,49,18,260,0,18,107,12,137,115,96,156,30,397,88,8,96,493
09/14/2005,BOI,ID,ANM,WE,Combined TRACON& Tower with Radar,114,81,55,21,271,0,25,159,16,200,114,106,214,37,471,98,30,128,599
09/15/2005,BOI,ID,ANM,WE,Combined TRACON& Tower with Radar,116,92,56,29,293,0,17,127,7,151,116,109,183,36,444,92,14,106,550
09/16/2005,BOI,ID,ANM,WE,Combined TRACON& Tower with Radar,110,83,53,14,260,0,16,119,17,152,110,99,172,31,412,142,0,142,554
09/17/2005,BOI,ID,ANM,WE,Combined TRACON& Tower with Radar,99,88,38,0,225,0,14,73,5,92,99,102,111,5,317,104,0,104,421
09/18/2005,BOI,ID,ANM,WE,Combined TRACON& Tower with Radar,86,58,45,0,189,0,24,99,9,132,86,82,144,9,321,58,0,58,379
09/19/2005,BOI,ID,ANM,WE,Combined TRACON& Tower with Radar,113,73,48,21,255,0,17,90,10,117,113,90,138,31,372,72,20,92,464
09/20/2005,BOI,ID,ANM,WE,Combined TRACON& Tower with Radar,120,88,58,10,276,0,21,128,13,162,120,109,186,23,438,35,12,47,485
09/21/2005,BOI,ID,ANM,WE,Combined TRACON& Tower with Radar,113,85,67,16,281,0,24,92,10,126,113,109,159,26,407,108,10,118,525
09/22/2005,BOI,ID,ANM,WE,Combined TRACON& Tower with Radar,113,83,86,10,292,0,6,151,20,177,113,89,237,30,469,108,10,118,587
09/23/2005,BOI,ID,ANM,WE,Combined TRACON& Tower with Radar,116,76,54,14,260,0,10,88,15,113,116,86,142,29,373,20,0,20,393
09/24/2005,BOI,ID,ANM,WE,Combined TRACON& Tower with Radar,98,61,45,2,206,0,9,33,3,45,98,70,78,5,251,26,0,26,277
09/25/2005,BOI,ID,ANM,WE,Combined TRACON& Tower with Radar,84,55,36,1,176,0,12,173,5,190,84,67,209,6,366,110,0,110,476
09/26/2005,BOI,ID,ANM,WE,Combined TRACON& Tower with Radar,113,78,64,7,262,0,17,130,4,151,113,95,194,11,413,80,6,86,499
09/27/2005,BOI,ID,ANM,WE,Combined TRACON& Tower with Radar,117,90,60,13,280,0,19,109,6,134,117,109,169,19,414,84,20,104,518
09/28/2005,BOI,ID,ANM,WE,Combined TRACON& Tower with Radar,114,81,88,11,294,0,40,181,9,230,114,121,269,20,524,186,4,190,714
09/29/2005,BOI,ID,ANM,WE,Combined TRACON& Tower with Radar,121,82,102,14,319,0,22,149,7,178,121,104,251,21,497,146,28,174,671
09/30/2005,BOI,ID,ANM,WE,Combined TRACON& Tower with Radar,114,70,79,13,276,0,22,136,14,172,114,92,215,27,448,104,20,124,572
10/01/2005,BOI,ID,ANM,WE,Combined TRACON& Tower with Radar,106,57,36,4,203,0,13,84,4,101,106,70,120,8,304,36,0,36,340
10/02/2005,BOI,ID,ANM,WE,Combined TRACON& Tower with Radar,87,48,36,6,177,0,9,72,0,81,87,57,108,6,258,58,0,58,316
10/03/2005,BOI,ID,ANM,WE,Combined TRACON& Tower with Radar,112,80,52,11,255,0,24,47,1,72,112,104,99,12,327,30,16,46,373
10/04/2005,BOI,ID,ANM,WE,Combined TRACON& Tower with Radar,113,87,56,13,269,0,11,64,14,89,113,98,120,27,358,104,12,116,474
10/05/2005,BOI,ID,ANM,WE,Combined TRACON& Tower with Radar,113,71,67,20,271,0,15,123,5,143,113,86,190,25,414,67,32,99,513
10/06/2005,BOI,ID,ANM,WE,Combined TRACON& Tower with Radar,113,85,55,19,272,0,22,147,10,179,113,107,202,29,451,48,4,52,503
10/07/2005,BOI,ID,ANM,WE,Combined TRACON& Tower with Radar,117,74,66,15,272,0,14,121,5,140,117,88,187,20,412,22,22,44,456
10/08/2005,BOI,ID,ANM,WE,Combined TRACON& Tower with Radar,117,74,66,15,272,0,14,121,5,140,117,88,187,20,412,112,0,112,524
10/09/2005,BOI,ID,ANM,WE,Combined TRACON& Tower with Radar,90,66,22,1,179,0,9,92,1,102,90,75,114,2,281,76,0,76,357
10/10/2005,BOI,ID,ANM,WE,Combined TRACON& Tower with Radar,99,67,45,0,211,0,13,115,3,131,99,80,160,3,342,114,0,114,456
10/11/2005,BOI,ID,ANM,WE,Combined TRACON& Tower with Radar,99,67,45,0,211,0,13,115,3,131,99,80,160,3,342,88,2,90,432
10/12/2005,BOI,ID,ANM,WE,Combined TRACON& Tower with Radar,113,77,69,13,272,0,7,94,12,113,113,84,163,25,385,146,12,158,543
10/13/2005,BOI,ID,ANM,WE,Combined TRACON& Tower with Radar,115,82,64,12,273,0,17,142,9,168,115,99,206,21,441,54,30,84,525
10/14/2005,BOI,ID,ANM,WE,Combined TRACON& Tower with Radar,110,77,58,21,266,0,8,133,11,152,110,85,191,32,418,120,2,122,540
10/15/2005,BOI,ID,ANM,WE,Combined TRACON& Tower with Radar,98,62,35,1,196,0,22,90,5,117,98,84,125,6,313,113,0,113,426
10/16/2005,BOI,ID,ANM,WE,Combined TRACON& Tower with Radar,87,50,34,0,171,0,12,142,2,156,87,62,176,2,327,42,0,42,369
10/17/2005,BOI,ID,ANM,WE,Combined TRACON& Tower with Radar,110,78,51,1,240,0,16,105,6,127,110,94,156,7,367,76,0,76,443
10/18/2005,BOI,ID,ANM,WE,Combined TRACON& Tower with Radar,114,72,60,7,253,0,8,116,6,130,114,80,176,13,383,142,2,144,527
10/19/2005,BOI,ID,ANM,WE,Combined TRACON& Tower with Radar,115,80,44,9,248,0,14,83,3,100,115,94,127,12,348,70,5,75,423
10/20/2005,BOI,ID,ANM,WE,Combined TRACON& Tower with Radar,116,76,57,10,259,0,15,127,12,154,116,91,184,22,413,144,6,150,563
10/21/2005,BOI,ID,ANM,WE,Combined TRACON& Tower with Radar,112,70,57,14,253,0,17,146,3,166,112,87,203,17,419,84,0,84,503
10/22/2005,BOI,ID,ANM,WE,Combined TRACON& Tower with Radar,93,62,30,6,191,0,19,172,0,191,93,81,202,6,382,78,0,78,460
10/23/2005,BOI,ID,ANM,WE,Combined TRACON& Tower with Radar,84,52,42,2,180,1,17,101,0,119,85,69,143,2,299,52,0,52,351
10/24/2005,BOI,ID,ANM,WE,Combined TRACON& Tower with Radar,109,77,32,12,230,0,6,94,6,106,109,83,126,18,336,78,10,88,424
10/25/2005,BOI,ID,ANM,WE,Combined TRACON& Tower with Radar,119,80,59,2,260,0,17,154,9,180,119,97,213,11,440,76,32,108,548
10/26/2005,BOI,ID,ANM,WE,Combined TRACON& Tower with Radar,113,87,66,45,311,0,22,89,14,125,113,109,155,59,436,90,20,110,546
10/27/2005,BOI,ID,ANM,WE,Combined TRACON& Tower with Radar,113,94,88,48,343,0,9,24,2,35,113,103,112,50,378,36,0,36,414
10/28/2005,BOI,ID,ANM,WE,Combined TRACON& Tower with Radar,118,78,59,55,310,0,19,95,5,119,118,97,154,60,429,88,2,90,519
10/29/2005,BOI,ID,ANM,WE,Combined TRACON& Tower with Radar,102,56,23,7,188,0,21,75,0,96,102,77,98,7,284,78,0,78,362
10/30/2005,BOI,ID,ANM,WE,Combined TRACON& Tower with Radar,83,53,31,10,177,0,15,79,2,96,83,68,110,12,273,50,10,60,333
10/31/2005,BOI,ID,ANM,WE,Combined TRACON& Tower with Radar,101,72,35,6,214,0,10,67,3,80,101,82,102,9,294,112,0,112,406
11/01/2005,BOI,ID,ANM,WE,Combined TRACON& Tower with Radar,107,78,52,4,241,0,18,99,5,122,107,96,151,9,363,86,2,88,451
11/02/2005,BOI,ID,ANM,WE,Combined TRACON& Tower with Radar,118,86,37,7,248,0,4,55,4,63,118,90,92,11,311,78,0,78,389
11/03/2005,BOI,ID,ANM,WE,Combined TRACON& Tower with Radar,116,86,60,20,282,0,6,76,3,85,116,92,136,23,367,128,8,136,503
11/04/2005,BOI,ID,ANM,WE,Combined TRACON& Tower with Radar,117,80,82,10,289,0,4,59,2,65,117,84,141,12,354,50,0,50,404
11/05/2005,BOI,ID,ANM,WE,Combined TRACON& Tower with Radar,102,67,35,16,220,0,4,84,18,106,102,71,119,34,326,0,0,0,326
11/06/2005,BOI,ID,ANM,WE,Combined TRACON& Tower with Radar,80,54,22,19,175,0,1,16,1,18,80,55,38,20,193,18,8,26,219
11/07/2005,BOI,ID,ANM,WE,Combined TRACON& Tower with Radar,107,79,34,5,225,0,3,36,0,39,107,82,70,5,264,88,4,92,356
11/08/2005,BOI,ID,ANM,WE,Combined TRACON& Tower with Radar,118,82,48,21,269,0,9,86,4,99,118,91,134,25,368,70,8,78,446
11/09/2005,BOI,ID,ANM,WE,Combined TRACON& Tower with Radar,116,81,60,21,278,0,25,148,9,182,116,106,208,30,460,166,20,186,646
11/10/2005,BOI,ID,ANM,WE,Combined TRACON& Tower with Radar,119,87,62,25,293,0,20,145,7,172,119,107,207,32,465,52,8,60,525
11/11/2005,BOI,ID,ANM,WE,Combined TRACON& Tower with Radar,113,73,64,4,254,0,15,73,1,89,113,88,137,5,343,150,2,152,495
11/12/2005,BOI,ID,ANM,WE,Combined TRACON& Tower with Radar,100,42,22,8,172,0,10,91,3,104,100,52,113,11,276,116,6,122,398
11/13/2005,BOI,ID,ANM,WE,Combined TRACON& Tower with Radar,86,54,30,2,172,0,4,20,0,24,86,58,50,2,196,28,0,28,224
11/14/2005,BOI,ID,ANM,WE,Combined TRACON& Tower with Radar,112,75,56,17,260,0,5,33,0,38,112,80,89,17,298,40,10,50,348
11/15/2005,BOI,ID,ANM,WE,Combined TRACON& Tower with Radar,114,84,83,21,302,0,4,123,8,135,114,88,206,29,437,162,29,191,628
11/16/2005,BOI,ID,ANM,WE,Combined TRACON& Tower with Radar,119,83,74,26,302,0,11,124,11,146,119,94,198,37,448,172,2,174,622
11/17/2005,BOI,ID,ANM,WE,Combined TRACON& Tower with Radar,114,86,73,31,304,0,12,174,8,194,114,98,247,39,498,92,9,101,599
11/18/2005,BOI,ID,ANM,WE,Combined TRACON& Tower with Radar,116,91,59,14,280,0,9,156,13,178,116,100,215,27,458,128,0,128,586
11/19/2005,BOI,ID,ANM,WE,Combined TRACON& Tower with Radar,102,71,55,0,228,0,9,91,6,106,102,80,146,6,334,0,0,0,334
11/20/2005,BOI,ID,ANM,WE,Combined TRACON& Tower with Radar,82,66,33,0,181,0,8,138,0,146,82,74,171,0,327,104,0,104,431
11/21/2005,BOI,ID,ANM,WE,Combined TRACON& Tower with Radar,110,84,46,27,267,0,16,65,4,85,110,100,111,31,352,114,4,118,470
11/22/2005,BOI,ID,ANM,WE,Combined TRACON& Tower with Radar,104,74,72,11,261,0,3,46,3,52,104,77,118,14,313,178,4,182,495
11/23/2005,BOI,ID,ANM,WE,Combined TRACON& Tower with Radar,123,82,56,0,261,0,0,2,0,2,123,82,58,0,263,0,0,0,263
11/24/2005,BOI,ID,ANM,WE,Combined TRACON& Tower with Radar,90,53,3,0,146,0,0,1,0,1,90,53,4,0,147,0,0,0,147
11/25/2005,BOI,ID,ANM,WE,Combined TRACON& Tower with Radar,85,52,30,0,167,0,2,0,0,2,85,54,30,0,169,0,0,0,169
11/26/2005,BOI,ID,ANM,WE,Combined TRACON& Tower with Radar,101,58,21,0,180,0,10,33,0,43,101,68,54,0,223,0,0,0,223
11/27/2005,BOI,ID,ANM,WE,Combined TRACON& Tower with Radar,103,53,65,0,221,0,5,72,0,77,103,58,137,0,298,74,0,74,372
11/28/2005,BOI,ID,ANM,WE,Combined TRACON& Tower with Radar,112,77,55,22,266,0,13,80,8,101,112,90,135,30,367,142,26,168,535
11/29/2005,BOI,ID,ANM,WE,Combined TRACON& Tower with Radar,118,76,54,26,274,0,6,33,1,40,118,82,87,27,314,112,2,114,428
11/30/2005,BOI,ID,ANM,WE,Combined TRACON& Tower with Radar,113,80,78,28,299,0,18,82,5,105,113,98,160,33,404,54,12,66,470
12/01/2005,BOI,ID,ANM,WE,Combined TRACON& Tower with Radar,114,82,54,1,251,0,2,21,0,23,114,84,75,1,274,18,2,20,294
12/02/2005,BOI,ID,ANM,WE,Combined TRACON& Tower with Radar,111,91,42,17,261,0,22,71,5,98,111,113,113,22,359,78,2,80,439
12/03/2005,BOI,ID,ANM,WE,Combined TRACON& Tower with Radar,97,62,32,9,200,0,11,16,3,30,97,73,48,12,230,48,2,50,280
12/04/2005,BOI,ID,ANM,WE,Combined TRACON& Tower with Radar,80,52,33,13,178,0,18,83,27,128,80,70,116,40,306,168,20,188,494
12/05/2005,BOI,ID,ANM,WE,Combined TRACON& Tower with Radar,104,80,74,0,258,0,13,73,2,88,104,93,147,2,346,164,4,168,514
12/06/2005,BOI,ID,ANM,WE,Combined TRACON& Tower with Radar,117,83,63,14,277,0,6,62,4,72,117,89,125,18,349,72,6,78,427
12/07/2005,BOI,ID,ANM,WE,Combined TRACON& Tower with Radar,113,75,50,27,265,0,14,86,7,107,113,89,136,34,372,150,2,152,524
12/08/2005,BOI,ID,ANM,WE,Combined TRACON& Tower with Radar,114,79,63,15,271,0,13,94,6,113,114,92,157,21,384,86,4,90,474
12/09/2005,BOI,ID,ANM,WE,Combined TRACON& Tower with Radar,113,72,45,8,238,0,19,71,4,94,113,91,116,12,332,0,0,0,332
12/10/2005,BOI,ID,ANM,WE,Combined TRACON& Tower with Radar,95,63,45,1,204,0,7,45,1,53,95,70,90,2,257,96,0,96,353
12/11/2005,BOI,ID,ANM,WE,Combined TRACON& Tower with Radar,79,57,31,3,170,0,11,53,0,64,79,68,84,3,234,64,0,64,298
12/12/2005,BOI,ID,ANM,WE,Combined TRACON& Tower with Radar,105,79,74,23,281,0,9,32,3,44,105,88,106,26,325,88,4,92,417
12/13/2005,BOI,ID,ANM,WE,Combined TRACON& Tower with Radar,123,86,68,27,304,0,5,88,1,94,123,91,156,28,398,66,8,74,472
12/14/2005,BOI,ID,ANM,WE,Combined TRACON& Tower with Radar,110,86,65,29,290,0,8,75,6,89,110,94,140,35,379,74,14,88,467
12/15/2005,BOI,ID,ANM,WE,Combined TRACON& Tower with Radar,116,85,72,16,289,0,15,70,7,92,116,100,142,23,381,102,8,110,491
12/16/2005,BOI,ID,ANM,WE,Combined TRACON& Tower with Radar,119,86,67,31,303,0,6,19,0,25,119,92,86,31,328,28,0,28,356
12/17/2005,BOI,ID,ANM,WE,Combined TRACON& Tower with Radar,101,66,35,1,203,0,6,58,2,66,101,72,93,3,269,92,0,92,361
12/18/2005,BOI,ID,ANM,WE,Combined TRACON& Tower with Radar,101,66,35,1,203,0,6,58,2,66,101,72,93,3,269,40,0,40,309
12/19/2005,BOI,ID,ANM,WE,Combined TRACON& Tower with Radar,112,74,36,3,225,0,0,0,0,0,112,74,36,3,225,0,0,0,225
12/20/2005,BOI,ID,ANM,WE,Combined TRACON& Tower with Radar,104,77,24,1,206,0,0,0,0,0,104,77,24,1,206,0,0,0,206
12/21/2005,BOI,ID,ANM,WE,Combined TRACON& Tower with Radar,96,77,93,23,289,0,7,50,3,60,96,84,143,26,349,50,10,60,409
12/22/2005,BOI,ID,ANM,WE,Combined TRACON& Tower with Radar,122,102,48,9,281,0,4,28,4,36,122,106,76,13,317,26,0,26,343
12/23/2005,BOI,ID,ANM,WE,Combined TRACON& Tower with Radar,124,86,37,0,247,0,17,70,3,90,124,103,107,3,337,30,0,30,367
12/24/2005,BOI,ID,ANM,WE,Combined TRACON& Tower with Radar,108,60,19,0,187,0,19,63,2,84,108,79,82,2,271,88,0,88,359
12/25/2005,BOI,ID,ANM,WE,Combined TRACON& Tower with Radar,73,42,8,0,123,0,5,15,0,20,73,47,23,0,143,10,0,10,153
12/26/2005,BOI,ID,ANM,WE,Combined TRACON& Tower with Radar,98,71,56,0,225,0,7,6,0,13,98,78,62,0,238,8,0,8,246
12/27/2005,BOI,ID,ANM,WE,Combined TRACON& Tower with Radar,115,80,44,0,239,0,1,28,0,29,115,81,72,0,268,22,0,22,290
12/28/2005,BOI,ID,ANM,WE,Combined TRACON& Tower with Radar,120,83,44,6,253,0,0,22,3,25,120,83,66,9,278,10,0,10,288
12/29/2005,BOI,ID,ANM,WE,Combined TRACON& Tower with Radar,125,80,43,12,260,0,9,114,6,129,125,89,157,18,389,120,6,126,515
12/30/2005,BOI,ID,ANM,WE,Combined TRACON& Tower with Radar,118,88,35,3,244,0,0,9,0,9,118,88,44,3,253,18,2,20,273
12/31/2005,BOI,ID,ANM,WE,Combined TRACON& Tower with Radar,103,63,19,0,185,0,7,23,1,31,103,70,42,1,216,56,0,56,272
01/01/2006,BOI,ID,ANM,WE,Combined TRACON& Tower with Radar,72,47,24,0,143,0,15,31,1,47,72,62,55,1,190,46,0,46,236
01/02/2006,BOI,ID,ANM,WE,Combined TRACON& Tower with Radar,99,64,34,0,197,0,17,65,0,82,99,81,99,0,279,78,0,78,357
01/03/2006,BOI,ID,ANM,WE,Combined TRACON& Tower with Radar,116,79,45,15,255,0,27,105,2,134,116,106,150,17,389,110,34,144,533
01/04/2006,BOI,ID,ANM,WE,Combined TRACON& Tower with Radar,119,89,42,26,276,0,25,106,5,136,119,114,148,31,412,42,18,60,472
01/05/2006,BOI,ID,ANM,WE,Combined TRACON& Tower with Radar,123,74,40,23,260,0,11,132,4,147,123,85,172,27,407,98,12,110,517
01/06/2006,BOI,ID,ANM,WE,Combined TRACON& Tower with Radar,116,75,31,19,241,0,10,113,4,127,116,85,144,23,368,124,34,158,526
01/07/2006,BOI,ID,ANM,WE,Combined TRACON& Tower with Radar,96,64,34,18,212,0,7,67,20,94,96,71,101,38,306,82,10,92,398
01/08/2006,BOI,ID,ANM,WE,Combined TRACON& Tower with Radar,89,58,52,19,218,0,9,49,6,64,89,67,101,25,282,66,14,80,362
01/09/2006,BOI,ID,ANM,WE,Combined TRACON& Tower with Radar,110,76,52,7,245,0,10,83,7,100,110,86,135,14,345,86,10,96,441
01/10/2006,BOI,ID,ANM,WE,Combined TRACON& Tower with Radar,118,78,45,17,258,0,8,20,7,35,118,86,65,24,293,60,12,72,365
01/11/2006,BOI,ID,ANM,WE,Combined TRACON& Tower with Radar,114,81,49,24,268,0,11,73,5,89,114,92,122,29,357,42,12,54,411
01/12/2006,BOI,ID,ANM,WE,Combined TRACON& Tower with Radar,118,86,70,43,317,0,7,94,11,112,118,93,164,54,429,112,20,132,561
01/13/2006,BOI,ID,ANM,WE,Combined TRACON& Tower with Radar,114,85,68,15,282,0,12,39,12,63,114,97,107,27,345,22,18,40,385
01/14/2006,BOI,ID,ANM,WE,Combined TRACON& Tower with Radar,105,65,37,1,208,0,10,53,6,69,105,75,90,7,277,55,33,88,365
01/15/2006,BOI,ID,ANM,WE,Combined TRACON& Tower with Radar,86,62,39,0,187,0,33,23,3,59,86,95,62,3,246,50,0,50,296
01/16/2006,BOI,ID,ANM,WE,Combined TRACON& Tower with Radar,111,72,59,1,243,0,22,95,2,119,111,94,154,3,362,118,2,120,482
01/17/2006,BOI,ID,ANM,WE,Combined TRACON& Tower with Radar,114,81,47,3,245,0,8,5,5,18,114,89,52,8,263,18,4,22,285
01/18/2006,BOI,ID,ANM,WE,Combined TRACON& Tower with Radar,117,80,83,18,298,0,5,49,10,64,117,85,132,28,362,34,18,52,414
01/19/2006,BOI,ID,ANM,WE,Combined TRACON& Tower with Radar,112,95,84,22,313,0,12,83,16,111,112,107,167,38,424,58,14,72,496
01/20/2006,BOI,ID,ANM,WE,Combined TRACON& Tower with Radar,112,95,84,22,313,0,12,83,16,111,112,107,167,38,424,82,12,94,518
01/21/2006,BOI,ID,ANM,WE,Combined TRACON& Tower with Radar,103,72,45,0,220,0,9,50,3,62,103,81,95,3,282,80,0,80,362
01/22/2006,BOI,ID,ANM,WE,Combined TRACON& Tower with Radar,85,62,41,1,189,0,5,18,1,24,85,67,59,2,213,60,4,64,277
01/23/2006,BOI,ID,ANM,WE,Combined TRACON& Tower with Radar,112,95,59,0,266,0,4,12,0,16,112,99,71,0,282,14,0,14,296
01/24/2006,BOI,ID,ANM,WE,Combined TRACON& Tower with Radar,118,90,86,16,310,0,14,103,11,128,118,104,189,27,438,78,16,94,532
01/25/2006,BOI,ID,ANM,WE,Combined TRACON& Tower with Radar,115,84,86,22,307,0,22,137,5,164,115,106,223,27,471,96,0,96,567
01/26/2006,BOI,ID,ANM,WE,Combined TRACON& Tower with Radar,114,91,51,15,271,0,16,26,2,44,114,107,77,17,315,84,4,88,403
01/27/2006,BOI,ID,ANM,WE,Combined TRACON& Tower with Radar,114,91,51,15,271,0,16,26,2,44,114,107,77,17,315,96,0,96,411
01/28/2006,BOI,ID,ANM,WE,Combined TRACON& Tower with Radar,116,94,58,10,278,0,20,23,3,46,116,114,81,13,324,54,10,64,388
01/29/2006,BOI,ID,ANM,WE,Combined TRACON& Tower with Radar,90,57,50,6,203,0,14,44,3,61,90,71,94,9,264,102,54,156,420
01/30/2006,BOI,ID,ANM,WE,Combined TRACON& Tower with Radar,109,77,58,23,267,0,2,15,4,21,109,79,73,27,288,88,2,90,378
01/31/2006,BOI,ID,ANM,WE,Combined TRACON& Tower with Radar,115,78,84,29,306,0,9,118,15,142,115,87,202,44,448,114,6,120,568
02/01/2006,BOI,ID,ANM,WE,Combined TRACON& Tower with Radar,112,84,70,37,303,0,10,56,3,69,112,94,126,40,372,94,20,114,486
02/02/2006,BOI,ID,ANM,WE,Combined TRACON& Tower with Radar,112,84,70,37,303,0,10,56,3,69,112,94,126,40,372,120,30,150,522
02/03/2006,BOI,ID,ANM,WE,Combined TRACON& Tower with Radar,115,82,58,11,266,0,16,148,10,174,115,98,206,21,440,130,0,130,570
02/04/2006,BOI,ID,ANM,WE,Combined TRACON& Tower with Radar,102,67,26,25,220,0,5,32,7,44,102,72,58,32,264,16,0,16,280
02/05/2006,BOI,ID,ANM,WE,Combined TRACON& Tower with Radar,88,54,21,2,165,0,8,81,0,89,88,62,102,2,254,14,0,14,268
02/06/2006,BOI,ID,ANM,WE,Combined TRACON& Tower with Radar,109,77,63,0,249,0,10,118,3,131,109,87,181,3,380,78,0,78,458
02/07/2006,BOI,ID,ANM,WE,Combined TRACON& Tower with Radar,109,77,63,0,249,0,10,118,3,131,109,87,181,3,380,96,0,96,476
02/08/2006,BOI,ID,ANM,WE,Combined TRACON& Tower with Radar,115,86,79,16,296,0,11,116,12,139,115,97,195,28,435,75,36,111,546
02/09/2006,BOI,ID,ANM,WE,Combined TRACON& Tower with Radar,108,97,70,24,299,0,10,91,10,111,108,107,161,34,410,84,14,98,508
02/10/2006,BOI,ID,ANM,WE,Combined TRACON& Tower with Radar,113,82,61,14,270,0,15,87,15,117,113,97,148,29,387,68,12,80,467
02/11/2006,BOI,ID,ANM,WE,Combined TRACON& Tower with Radar,97,66,29,33,225,0,13,134,3,150,97,79,163,36,375,48,36,84,459
02/12/2006,BOI,ID,ANM,WE,Combined TRACON& Tower with Radar,81,62,37,1,181,0,20,94,4,118,81,82,131,5,299,132,0,132,431
02/13/2006,BOI,ID,ANM,WE,Combined TRACON& Tower with Radar,109,77,46,16,248,0,12,105,8,125,109,89,151,24,373,92,8,100,473
02/14/2006,BOI,ID,ANM,WE,Combined TRACON& Tower with Radar,111,82,56,21,270,0,8,87,14,109,111,90,143,35,379,72,10,82,461
02/15/2006,BOI,ID,ANM,WE,Combined TRACON& Tower with Radar,112,91,56,31,290,0,5,59,2,66,112,96,115,33,356,48,24,72,428
02/16/2006,BOI,ID,ANM,WE,Combined TRACON& Tower with Radar,112,97,84,23,316,0,10,97,10,117,112,107,181,33,433,102,10,112,545
02/17/2006,BOI,ID,ANM,WE,Combined TRACON& Tower with Radar,108,85,64,16,273,0,28,91,6,125,108,113,155,22,398,94,6,100,498
02/18/2006,BOI,ID,ANM,WE,Combined TRACON& Tower with Radar,104,76,46,1,227,0,19,82,2,103,104,95,128,3,330,96,0,96,426
02/19/2006,BOI,ID,ANM,WE,Combined TRACON& Tower with Radar,90,69,29,2,190,0,29,57,1,87,90,98,86,3,277,60,0,60,337
02/20/2006,BOI,ID,ANM,WE,Combined TRACON& Tower with Radar,107,79,59,2,247,0,16,103,2,121,107,95,162,4,368,70,0,70,438
02/21/2006,BOI,ID,ANM,WE,Combined TRACON& Tower with Radar,111,93,68,7,279,0,18,79,8,105,111,111,147,15,384,44,2,46,430
02/22/2006,BOI,ID,ANM,WE,Combined TRACON& Tower with Radar,113,86,71,25,295,0,10,117,14,141,113,96,188,39,436,38,32,70,506
02/23/2006,BOI,ID,ANM,WE,Combined TRACON& Tower with Radar,113,88,87,15,303,0,21,131,10,162,113,109,218,25,465,92,20,112,577
02/24/2006,BOI,ID,ANM,WE,Combined TRACON& Tower with Radar,110,88,52,21,271,0,14,105,10,129,110,102,157,31,400,96,14,110,510
02/25/2006,BOI,ID,ANM,WE,Combined TRACON& Tower with Radar,97,63,32,1,193,0,26,138,0,164,97,89,170,1,357,100,0,100,457
02/26/2006,BOI,ID,ANM,WE,Combined TRACON& Tower with Radar,86,76,49,1,212,0,28,58,0,86,86,104,107,1,298,40,0,40,338
02/27/2006,BOI,ID,ANM,WE,Combined TRACON& Tower with Radar,107,84,40,2,233,0,3,14,2,19,107,87,54,4,252,50,2,52,304
02/28/2006,BOI,ID,ANM,WE,Combined TRACON& Tower with Radar,112,88,52,13,265,0,6,33,10,49,112,94,85,23,314,14,60,74,388
03/01/2006,BOI,ID,ANM,WE,Combined TRACON& Tower with Radar,114,84,56,30,284,0,17,72,8,97,114,101,128,38,381,54,12,66,447
03/02/2006,BOI,ID,ANM,WE,Combined TRACON& Tower with Radar,110,90,45,16,261,0,19,69,13,101,110,109,114,29,362,84,22,106,468
03/03/2006,BOI,ID,ANM,WE,Combined TRACON& Tower with Radar,107,91,60,22,280,0,17,62,3,82,107,108,122,25,362,70,0,70,432
03/04/2006,BOI,ID,ANM,WE,Combined TRACON& Tower with Radar,100,72,28,4,204,0,16,37,18,71,100,88,65,22,275,32,2,34,309
03/05/2006,BOI,ID,ANM,WE,Combined TRACON& Tower with Radar,82,56,54,6,198,0,6,47,3,56,82,62,101,9,254,48,0,48,302
03/06/2006,BOI,ID,ANM,WE,Combined TRACON& Tower with Radar,102,90,54,3,249,0,4,38,0,42,102,94,92,3,291,26,0,26,317
03/07/2006,BOI,ID,ANM,WE,Combined TRACON& Tower with Radar,109,99,65,24,297,0,9,47,14,70,109,108,112,38,367,60,28,88,455
03/08/2006,BOI,ID,ANM,WE,Combined TRACON& Tower with Radar,102,87,81,11,281,0,11,91,13,115,102,98,172,24,396,46,19,65,461
03/09/2006,BOI,ID,ANM,WE,Combined TRACON& Tower with Radar,117,91,59,11,278,0,6,47,14,67,117,97,106,25,345,42,12,54,399
03/10/2006,BOI,ID,ANM,WE,Combined TRACON& Tower with Radar,109,89,45,19,262,0,12,66,3,81,109,101,111,22,343,56,8,64,407
03/11/2006,BOI,ID,ANM,WE,Combined TRACON& Tower with Radar,99,64,40,2,205,0,11,97,0,108,99,75,137,2,313,114,0,114,427
03/12/2006,BOI,ID,ANM,WE,Combined TRACON& Tower with Radar,87,68,57,1,213,0,19,96,0,115,87,87,153,1,328,46,0,46,374
03/13/2006,BOI,ID,ANM,WE,Combined TRACON& Tower with Radar,107,86,56,12,261,0,19,93,6,118,107,105,149,18,379,98,1,99,478
03/14/2006,BOI,ID,ANM,WE,Combined TRACON& Tower with Radar,106,94,73,14,287,0,16,38,6,60,106,110,111,20,347,36,26,62,409
03/15/2006,BOI,ID,ANM,WE,Combined TRACON& Tower with Radar,113,97,81,17,308,0,20,52,10,82,113,117,133,27,390,60,12,72,462
03/16/2006,BOI,ID,ANM,WE,Combined TRACON& Tower with Radar,106,95,73,24,298,0,20,58,7,85,106,115,131,31,383,72,14,86,469
03/17/2006,BOI,ID,ANM,WE,Combined TRACON& Tower with Radar,109,102,69,17,297,0,15,66,5,86,109,117,135,22,383,46,8,54,437
03/18/2006,BOI,ID,ANM,WE,Combined TRACON& Tower with Radar,103,79,33,0,215,0,13,40,0,53,103,92,73,0,268,62,2,64,332
03/19/2006,BOI,ID,ANM,WE,Combined TRACON& Tower with Radar,82,82,54,0,218,0,23,84,2,109,82,105,138,2,327,66,0,66,393
03/20/2006,BOI,ID,ANM,WE,Combined TRACON& Tower with Radar,110,98,75,0,283,0,10,85,2,97,110,108,160,2,380,74,0,74,454
03/21/2006,BOI,ID,ANM,WE,Combined TRACON& Tower with Radar,112,97,71,14,294,0,13,67,5,85,112,110,138,19,379,46,6,52,431
03/22/2006,BOI,ID,ANM,WE,Combined TRACON& Tower with Radar,111,81,104,18,314,0,26,137,7,170,111,107,241,25,484,142,2,144,628
03/23/2006,BOI,ID,ANM,WE,Combined TRACON& Tower with Radar,114,92,84,19,309,0,18,61,14,93,114,110,145,33,402,54,12,66,468
03/24/2006,BOI,ID,ANM,WE,Combined TRACON& Tower with Radar,110,91,74,14,289,0,15,87,9,111,110,106,161,23,400,82,0,82,482
03/25/2006,BOI,ID,ANM,WE,Combined TRACON& Tower with Radar,103,68,18,1,190,0,2,33,0,35,103,70,51,1,225,22,0,22,247
03/26/2006,BOI,ID,ANM,WE,Combined TRACON& Tower with Radar,84,64,29,0,177,0,14,49,3,66,84,78,78,3,243,12,0,12,255
03/27/2006,BOI,ID,ANM,WE,Combined TRACON& Tower with Radar,106,88,63,17,274,0,10,90,5,105,106,98,153,22,379,64,8,72,451
03/28/2006,BOI,ID,ANM,WE,Combined TRACON& Tower with Radar,108,87,44,25,264,0,14,65,6,85,108,101,109,31,349,90,42,132,481
03/29/2006,BOI,ID,ANM,WE,Combined TRACON& Tower with Radar,110,91,59,7,267,0,4,9,5,18,110,95,68,12,285,32,0,32,317
03/30/2006,BOI,ID,ANM,WE,Combined TRACON& Tower with Radar,90,70,58,12,230,0,11,104,3,118,90,81,162,15,348,46,12,58,406
03/31/2006,BOI,ID,ANM,WE,Combined TRACON& Tower with Radar,111,92,60,21,284,0,4,52,4,60,111,96,112,25,344,38,26,64,408
04/01/2006,BOI,ID,ANM,WE,Combined TRACON& Tower with Radar,98,74,36,16,224,0,7,33,9,49,98,81,69,25,273,26,16,42,315
04/02/2006,BOI,ID,ANM,WE,Combined TRACON& Tower with Radar,89,65,49,15,218,0,9,61,8,78,89,74,110,23,296,32,24,56,352
04/03/2006,BOI,ID,ANM,WE,Combined TRACON& Tower with Radar,90,65,62,8,225,0,24,49,1,74,90,89,111,9,299,56,6,62,361
04/04/2006,BOI,ID,ANM,WE,Combined TRACON& Tower with Radar,115,88,59,18,280,0,8,70,1,79,115,96,129,19,359,74,6,80,439
04/05/2006,BOI,ID,ANM,WE,Combined TRACON& Tower with Radar,114,92,72,26,304,0,4,24,0,28,114,96,96,26,332,24,12,36,368
04/06/2006,BOI,ID,ANM,WE,Combined TRACON& Tower with Radar,115,94,77,15,301,0,9,62,13,84,115,103,139,28,385,64,28,92,477
04/07/2006,BOI,ID,ANM,WE,Combined TRACON& Tower with Radar,114,82,74,8,278,0,16,134,13,163,114,98,208,21,441,66,16,82,523
04/08/2006,BOI,ID,ANM,WE,Combined TRACON& Tower with Radar,105,66,43,0,214,0,7,94,1,102,105,73,137,1,316,44,0,44,360
04/09/2006,BOI,ID,ANM,WE,Combined TRACON& Tower with Radar,83,58,42,0,183,0,9,102,0,111,83,67,144,0,294,28,2,30,324
04/10/2006,BOI,ID,ANM,WE,Combined TRACON& Tower with Radar,110,91,48,13,262,0,13,76,7,96,110,104,124,20,358,72,16,88,446
04/11/2006,BOI,ID,ANM,WE,Combined TRACON& Tower with Radar,113,87,82,11,293,0,7,95,12,114,113,94,177,23,407,56,48,104,511
04/12/2006,BOI,ID,ANM,WE,Combined TRACON& Tower with Radar,110,83,112,24,329,0,8,98,15,121,110,91,210,39,450,68,44,112,562
04/13/2006,BOI,ID,ANM,WE,Combined TRACON& Tower with Radar,111,84,72,28,295,0,11,199,16,226,111,95,271,44,521,78,22,100,621
04/14/2006,BOI,ID,ANM,WE,Combined TRACON& Tower with Radar,108,99,63,30,300,0,16,76,16,108,108,115,139,46,408,52,24,76,484
04/15/2006,BOI,ID,ANM,WE,Combined TRACON& Tower with Radar,104,68,41,4,217,0,9,42,0,51,104,77,83,4,268,34,6,40,308
04/16/2006,BOI,ID,ANM,WE,Combined TRACON& Tower with Radar,104,68,41,4,217,0,9,42,0,51,104,77,83,4,268,14,0,14,282
04/17/2006,BOI,ID,ANM,WE,Combined TRACON& Tower with Radar,104,88,58,17,267,0,6,29,5,40,104,94,87,22,307,50,4,54,361
04/18/2006,BOI,ID,ANM,WE,Combined TRACON& Tower with Radar,111,90,55,16,272,0,14,131,6,151,111,104,186,22,423,124,22,146,569
04/19/2006,BOI,ID,ANM,WE,Combined TRACON& Tower with Radar,113,90,86,14,303,0,22,179,12,213,113,112,265,26,516,164,4,168,684
04/20/2006,BOI,ID,ANM,WE,Combined TRACON& Tower with Radar,111,87,80,34,312,0,18,163,12,193,111,105,243,46,505,124,22,146,651
04/21/2006,BOI,ID,ANM,WE,Combined TRACON& Tower with Radar,110,81,72,19,282,0,18,129,5,152,110,99,201,24,434,50,24,74,508
04/22/2006,BOI,ID,ANM,WE,Combined TRACON& Tower with Radar,107,69,16,5,197,0,9,106,2,117,107,78,122,7,314,82,4,86,400
04/23/2006,BOI,ID,ANM,WE,Combined TRACON& Tower with Radar,86,57,17,2,162,0,5,98,2,105,86,62,115,4,267,60,0,60,327
04/24/2006,BOI,ID,ANM,WE,Combined TRACON& Tower with Radar,109,87,43,2,241,0,8,77,2,87,109,95,120,4,328,56,2,58,386
04/25/2006,BOI,ID,ANM,WE,Combined TRACON& Tower with Radar,97,56,43,12,208,0,9,107,6,122,97,65,150,18,330,86,10,96,426
04/26/2006,BOI,ID,ANM,WE,Combined TRACON& Tower with Radar,110,78,74,8,270,0,19,139,11,169,110,97,213,19,439,84,4,88,527
04/27/2006,BOI,ID,ANM,WE,Combined TRACON& Tower with Radar,113,85,71,18,287,0,25,124,12,161,113,110,195,30,448,84,4,88,536
04/28/2006,BOI,ID,ANM,WE,Combined TRACON& Tower with Radar,119,88,81,22,310,0,15,109,13,137,119,103,190,35,447,28,12,40,487
04/29/2006,BOI,ID,ANM,WE,Combined TRACON& Tower with Radar,101,59,21,4,185,0,11,158,1,170,101,70,179,5,355,72,0,72,427
04/30/2006,BOI,ID,ANM,WE,Combined TRACON& Tower with Radar,91,63,14,5,173,0,13,81,0,94,91,76,95,5,267,28,0,28,295
05/01/2006,BOI,ID,ANM,WE,Combined TRACON& Tower with Radar,108,79,58,24,269,0,26,84,9,119,108,105,142,33,388,46,10,56,444
05/02/2006,BOI,ID,ANM,WE,Combined TRACON& Tower with Radar,121,82,46,19,268,0,15,103,9,127,121,97,149,28,395,58,12,70,465
05/03/2006,BOI,ID,ANM,WE,Combined TRACON& Tower with Radar,113,83,58,22,276,0,19,123,12,154,113,102,181,34,430,102,40,142,572
05/04/2006,BOI,ID,ANM,WE,Combined TRACON& Tower with Radar,117,98,65,29,309,0,14,150,5,169,117,112,215,34,478,102,8,110,588
05/05/2006,BOI,ID,ANM,WE,Combined TRACON& Tower with Radar,117,98,65,29,309,0,14,150,5,169,117,112,215,34,478,106,16,122,600
05/06/2006,BOI,ID,ANM,WE,Combined TRACON& Tower with Radar,103,65,25,32,225,0,16,87,12,115,103,81,112,44,340,36,14,50,390
05/07/2006,BOI,ID,ANM,WE,Combined TRACON& Tower with Radar,86,73,34,16,209,0,16,44,4,64,86,89,78,20,273,48,4,52,325
05/08/2006,BOI,ID,ANM,WE,Combined TRACON& Tower with Radar,113,84,54,0,251,0,12,63,3,78,113,96,117,3,329,60,2,62,391
05/09/2006,BOI,ID,ANM,WE,Combined TRACON& Tower with Radar,118,92,67,5,282,0,28,132,4,164,118,120,199,9,446,88,0,88,534
05/10/2006,BOI,ID,ANM,WE,Combined TRACON& Tower with Radar,118,93,77,18,306,0,9,169,23,201,118,102,246,41,507,92,52,144,651
05/11/2006,BOI,ID,ANM,WE,Combined TRACON& Tower with Radar,117,90,85,20,312,0,17,131,20,168,117,107,216,40,480,110,22,132,612
05/12/2006,BOI,ID,ANM,WE,Combined TRACON& Tower with Radar,118,91,79,33,321,0,19,149,16,184,118,110,228,49,505,148,20,168,673
05/13/2006,BOI,ID,ANM,WE,Combined TRACON& Tower with Radar,106,77,29,5,217,0,24,137,3,164,106,101,166,8,381,110,0,110,491
05/14/2006,BOI,ID,ANM,WE,Combined TRACON& Tower with Radar,87,66,36,14,203,0,17,109,6,132,87,83,145,20,335,36,0,36,371
05/15/2006,BOI,ID,ANM,WE,Combined TRACON& Tower with Radar,110,91,53,9,263,0,15,158,13,186,110,106,211,22,449,60,8,68,517
05/16/2006,BOI,ID,ANM,WE,Combined TRACON& Tower with Radar,119,89,78,12,298,0,17,125,15,157,119,106,203,27,455,50,18,68,523
05/17/2006,BOI,ID,ANM,WE,Combined TRACON& Tower with Radar,115,97,85,24,321,0,23,144,11,178,115,120,229,35,499,70,7,77,576
05/18/2006,BOI,ID,ANM,WE,Combined TRACON& Tower with Radar,118,94,91,18,321,0,26,197,1,224,118,120,288,19,545,102,18,120,665
05/19/2006,BOI,ID,ANM,WE,Combined TRACON& Tower with Radar,116,83,72,23,294,0,19,184,13,216,116,102,256,36,510,134,14,148,658
05/20/2006,BOI,ID,ANM,WE,Combined TRACON& Tower with Radar,109,67,29,5,210,0,17,125,1,143,109,84,154,6,353,54,0,54,407
05/21/2006,BOI,ID,ANM,WE,Combined TRACON& Tower with Radar,109,67,29,5,210,0,17,125,1,143,109,84,154,6,353,68,0,68,421
05/22/2006,BOI,ID,ANM,WE,Combined TRACON& Tower with Radar,113,90,58,7,268,0,13,77,10,100,113,103,135,17,368,28,0,28,396
05/23/2006,BOI,ID,ANM,WE,Combined TRACON& Tower with Radar,119,91,66,7,283,0,19,128,14,161,119,110,194,21,444,60,32,92,536
05/24/2006,BOI,ID,ANM,WE,Combined TRACON& Tower with Radar,116,100,72,21,309,0,10,133,10,153,116,110,205,31,462,92,23,115,577
05/25/2006,BOI,ID,ANM,WE,Combined TRACON& Tower with Radar,117,90,61,58,326,0,13,162,20,195,117,103,223,78,521,132,22,154,675
05/26/2006,BOI,ID,ANM,WE,Combined TRACON& Tower with Radar,120,101,71,19,311,0,10,113,10,133,120,111,184,29,444,74,31,105,549
05/27/2006,BOI,ID,ANM,WE,Combined TRACON& Tower with Radar,106,63,30,0,199,0,14,62,0,76,106,77,92,0,275,34,0,34,309
05/28/2006,BOI,ID,ANM,WE,Combined TRACON& Tower with Radar,77,55,18,1,151,0,10,39,2,51,77,65,57,3,202,6,0,6,208
05/29/2006,BOI,ID,ANM,WE,Combined TRACON& Tower with Radar,89,68,67,0,224,0,3,144,7,154,89,71,211,7,378,50,0,50,428
05/30/2006,BOI,ID,ANM,WE,Combined TRACON& Tower with Radar,108,84,73,13,278,0,13,125,11,149,108,97,198,24,427,70,18,88,515
05/31/2006,BOI,ID,ANM,WE,Combined TRACON& Tower with Radar,121,85,79,25,310,0,14,181,12,207,121,99,260,37,517,122,64,186,703
06/01/2006,BOI,ID,ANM,WE,Combined TRACON& Tower with Radar,120,87,91,22,320,0,26,162,18,206,120,113,253,40,526,114,36,150,676
06/02/2006,BOI,ID,ANM,WE,Combined TRACON& Tower with Radar,113,97,98,13,321,0,27,137,10,174,113,124,235,23,495,190,0,190,685
06/03/2006,BOI,ID,ANM,WE,Combined TRACON& Tower with Radar,105,69,42,33,249,0,7,76,23,106,105,76,118,56,355,82,4,86,441
06/04/2006,BOI,ID,ANM,WE,Combined TRACON& Tower with Radar,88,68,35,32,223,0,12,80,11,103,88,80,115,43,326,26,58,84,410
06/05/2006,BOI,ID,ANM,WE,Combined TRACON& Tower with Radar,111,91,75,1,278,0,14,152,13,179,111,105,227,14,457,98,42,140,597
06/06/2006,BOI,ID,ANM,WE,Combined TRACON& Tower with Radar,116,87,88,15,306,0,13,161,12,186,116,100,249,27,492,102,18,120,612
06/07/2006,BOI,ID,ANM,WE,Combined TRACON& Tower with Radar,117,78,85,23,303,0,21,125,9,155,117,99,210,32,458,64,20,84,542
06/08/2006,BOI,ID,ANM,WE,Combined TRACON& Tower with Radar,117,78,85,23,303,0,21,125,9,155,117,99,210,32,458,82,16,98,556
06/09/2006,BOI,ID,ANM,WE,Combined TRACON& Tower with Radar,119,93,67,16,295,0,18,71,8,97,119,111,138,24,392,78,12,90,482
06/10/2006,BOI,ID,ANM,WE,Combined TRACON& Tower with Radar,107,71,42,6,226,0,11,162,8,181,107,82,204,14,407,52,0,52,459
06/11/2006,BOI,ID,ANM,WE,Combined TRACON& Tower with Radar,94,59,45,6,204,0,8,107,5,120,94,67,152,11,324,24,0,24,348
06/12/2006,BOI,ID,ANM,WE,Combined TRACON& Tower with Radar,116,84,86,2,288,0,12,102,4,118,116,96,188,6,406,60,2,62,468
06/13/2006,BOI,ID,ANM,WE,Combined TRACON& Tower with Radar,120,87,57,15,279,0,10,87,11,108,120,97,144,26,387,38,0,38,425
06/14/2006,BOI,ID,ANM,WE,Combined TRACON& Tower with Radar,125,88,85,24,322,0,6,72,9,87,125,94,157,33,409,94,10,104,513
06/15/2006,BOI,ID,ANM,WE,Combined TRACON& Tower with Radar,126,99,88,26,339,0,23,136,17,176,126,122,224,43,515,86,36,122,637
06/16/2006,BOI,ID,ANM,WE,Combined TRACON& Tower with Radar,117,82,67,17,283,1,18,156,11,186,118,100,223,28,469,84,10,94,563
06/17/2006,BOI,ID,ANM,WE,Combined TRACON& Tower with Radar,117,82,67,17,283,1,18,156,11,186,118,100,223,28,469,44,0,44,513
06/18/2006,BOI,ID,ANM,WE,Combined TRACON& Tower with Radar,97,66,53,0,216,0,30,140,4,174,97,96,193,4,390,56,2,58,448
06/19/2006,BOI,ID,ANM,WE,Combined TRACON& Tower with Radar,114,87,66,10,277,0,29,112,15,156,114,116,178,25,433,104,2,106,539
06/20/2006,BOI,ID,ANM,WE,Combined TRACON& Tower with Radar,126,89,78,12,305,0,12,173,14,199,126,101,251,26,504,94,10,104,608
06/21/2006,BOI,ID,ANM,WE,Combined TRACON& Tower with Radar,120,87,77,15,299,0,12,180,9,201,120,99,257,24,500,66,6,72,572
06/22/2006,BOI,ID,ANM,WE,Combined TRACON& Tower with Radar,122,92,74,22,310,0,14,173,17,204,122,106,247,39,514,56,12,68,582
06/23/2006,BOI,ID,ANM,WE,Combined TRACON& Tower with Radar,119,82,72,36,309,0,20,164,6,190,119,102,236,42,499,0,0,0,499
06/24/2006,BOI,ID,ANM,WE,Combined TRACON& Tower with Radar,120,71,51,0,242,0,31,136,8,175,120,102,187,8,417,102,0,102,519
06/25/2006,BOI,ID,ANM,WE,Combined TRACON& Tower with Radar,104,59,52,0,215,0,26,122,6,154,104,85,174,6,369,26,0,26,395
06/26/2006,BOI,ID,ANM,WE,Combined TRACON& Tower with Radar,114,93,61,8,276,0,17,133,9,159,114,110,194,17,435,68,0,68,503
06/27/2006,BOI,ID,ANM,WE,Combined TRACON& Tower with Radar,125,90,77,9,301,0,27,169,18,214,125,117,246,27,515,106,28,134,649
06/28/2006,BOI,ID,ANM,WE,Combined TRACON& Tower with Radar,130,96,91,13,330,0,18,149,14,181,130,114,240,27,511,120,16,136,647
06/29/2006,BOI,ID,ANM,WE,Combined TRACON& Tower with Radar,122,94,71,21,308,0,19,137,8,164,122,113,208,29,472,92,14,106,578
06/30/2006,BOI,ID,ANM,WE,Combined TRACON& Tower with Radar,120,92,72,7,291,0,21,182,17,220,120,113,254,24,511,62,4,66,577
07/01/2006,BOI,ID,ANM,WE,Combined TRACON& Tower with Radar,120,92,72,7,291,0,21,182,17,220,120,113,254,24,511,72,0,72,583
07/02/2006,BOI,ID,ANM,WE,Combined TRACON& Tower with Radar,105,50,27,0,182,0,31,136,19,186,105,81,163,19,368,74,0,74,442
07/03/2006,BOI,ID,ANM,WE,Combined TRACON& Tower with Radar,103,72,45,3,223,0,25,150,7,182,103,97,195,10,405,74,2,76,481
07/04/2006,BOI,ID,ANM,WE,Combined TRACON& Tower with Radar,103,64,22,5,194,0,26,135,3,164,103,90,157,8,358,30,6,36,394
07/05/2006,BOI,ID,ANM,WE,Combined TRACON& Tower with Radar,115,90,60,13,278,0,15,132,12,159,115,105,192,25,437,40,6,46,483
07/06/2006,BOI,ID,ANM,WE,Combined TRACON& Tower with Radar,128,93,63,18,302,0,9,139,24,172,128,102,202,42,474,52,28,80,554
07/07/2006,BOI,ID,ANM,WE,Combined TRACON& Tower with Radar,128,93,63,18,302,0,9,139,24,172,128,102,202,42,474,104,38,142,616
07/08/2006,BOI,ID,ANM,WE,Combined TRACON& Tower with Radar,118,76,54,21,269,0,17,181,15,213,118,93,235,36,482,84,6,90,572
07/09/2006,BOI,ID,ANM,WE,Combined TRACON& Tower with Radar,107,62,34,11,214,0,19,130,6,155,107,81,164,17,369,56,0,56,425
07/10/2006,BOI,ID,ANM,WE,Combined TRACON& Tower with Radar,121,76,37,0,234,0,11,176,5,192,121,87,213,5,426,108,0,108,534
07/11/2006,BOI,ID,ANM,WE,Combined TRACON& Tower with Radar,130,85,67,19,301,0,12,171,14,197,130,97,238,33,498,56,2,58,556
07/12/2006,BOI,ID,ANM,WE,Combined TRACON& Tower with Radar,125,83,85,24,317,0,17,132,18,167,125,100,217,42,484,50,24,74,558
07/13/2006,BOI,ID,ANM,WE,Combined TRACON& Tower with Radar,130,86,75,9,300,0,17,175,23,215,130,103,250,32,515,84,28,112,627
07/14/2006,BOI,ID,ANM,WE,Combined TRACON& Tower with Radar,128,89,95,12,324,0,22,175,11,208,128,111,270,23,532,124,2,126,658
07/15/2006,BOI,ID,ANM,WE,Combined TRACON& Tower with Radar,113,79,49,2,243,0,17,144,7,168,113,96,193,9,411,48,2,50,461
07/16/2006,BOI,ID,ANM,WE,Combined TRACON& Tower with Radar,105,62,45,2,214,0,28,165,10,203,105,90,210,12,417,60,0,60,477
07/17/2006,BOI,ID,ANM,WE,Combined TRACON& Tower with Radar,125,82,72,13,292,0,21,134,12,167,125,103,206,25,459,88,6,94,553
07/18/2006,BOI,ID,ANM,WE,Combined TRACON& Tower with Radar,126,98,79,27,330,0,24,155,19,198,126,122,234,46,528,126,28,154,682
07/19/2006,BOI,ID,ANM,WE,Combined TRACON& Tower with Radar,126,89,109,15,339,0,37,146,24,207,126,126,255,39,546,86,23,109,655
07/20/2006,BOI,ID,ANM,WE,Combined TRACON& Tower with Radar,127,84,86,12,309,0,7,202,19,228,127,91,288,31,537,96,6,102,639
07/21/2006,BOI,ID,ANM,WE,Combined TRACON& Tower with Radar,127,84,86,12,309,0,7,202,19,228,127,91,288,31,537,56,22,78,615
07/22/2006,BOI,ID,ANM,WE,Combined TRACON& Tower with Radar,117,68,39,5,229,0,16,167,8,191,117,84,206,13,420,64,2,66,486
07/23/2006,BOI,ID,ANM,WE,Combined TRACON& Tower with Radar,110,70,41,2,223,0,23,137,7,167,110,93,178,9,390,30,0,30,420
07/24/2006,BOI,ID,ANM,WE,Combined TRACON& Tower with Radar,121,81,73,5,280,0,12,120,20,152,121,93,193,25,432,20,0,20,452
07/25/2006,BOI,ID,ANM,WE,Combined TRACON& Tower with Radar,127,84,63,15,289,0,18,188,14,220,127,102,251,29,509,60,10,70,579
07/26/2006,BOI,ID,ANM,WE,Combined TRACON& Tower with Radar,131,93,95,25,344,0,31,168,18,217,131,124,263,43,561,100,10,110,671
07/27/2006,BOI,ID,ANM,WE,Combined TRACON& Tower with Radar,127,94,76,24,321,0,24,154,20,198,127,118,230,44,519,74,18,92,611
07/28/2006,BOI,ID,ANM,WE,Combined TRACON& Tower with Radar,132,88,56,10,286,0,14,175,20,209,132,102,231,30,495,98,16,114,609
07/29/2006,BOI,ID,ANM,WE,Combined TRACON& Tower with Radar,115,77,42,4,238,0,32,162,10,204,115,109,204,14,442,54,12,66,508
07/30/2006,BOI,ID,ANM,WE,Combined TRACON& Tower with Radar,113,69,46,1,229,0,28,178,8,214,113,97,224,9,443,24,0,24,467
07/31/2006,BOI,ID,ANM,WE,Combined TRACON& Tower with Radar,119,91,48,23,281,0,25,141,9,175,119,116,189,32,456,32,0,32,488
08/01/2006,BOI,ID,ANM,WE,Combined TRACON& Tower with Radar,127,87,70,16,300,0,31,157,38,226,127,118,227,54,526,48,56,104,630
08/02/2006,BOI,ID,ANM,WE,Combined TRACON& Tower with Radar,130,101,53,16,300,0,24,175,23,222,130,125,228,39,522,104,30,134,656
08/03/2006,BOI,ID,ANM,WE,Combined TRACON& Tower with Radar,127,95,49,10,281,0,16,170,23,209,127,111,219,33,490,70,14,84,574
08/04/2006,BOI,ID,ANM,WE,Combined TRACON& Tower with Radar,122,97,52,23,294,0,21,165,19,205,122,118,217,42,499,50,0,50,549
08/05/2006,BOI,ID,ANM,WE,Combined TRACON& Tower with Radar,117,81,30,9,237,0,21,161,21,203,117,102,191,30,440,86,10,96,536
08/06/2006,BOI,ID,ANM,WE,Combined TRACON& Tower with Radar,111,78,37,5,231,0,41,145,26,212,111,119,182,31,443,66,4,70,513
08/07/2006,BOI,ID,ANM,WE,Combined TRACON& Tower with Radar,122,81,43,9,255,0,21,144,36,201,122,102,187,45,456,64,0,64,520
08/08/2006,BOI,ID,ANM,WE,Combined TRACON& Tower with Radar,126,81,76,29,312,0,22,141,28,191,126,103,217,57,503,74,4,78,581
08/09/2006,BOI,ID,ANM,WE,Combined TRACON& Tower with Radar,129,78,71,27,305,0,15,154,43,212,129,93,225,70,517,38,14,52,569
08/10/2006,BOI,ID,ANM,WE,Combined TRACON& Tower with Radar,122,87,60,27,296,0,23,181,20,224,122,110,241,47,520,78,4,82,602
08/11/2006,BOI,ID,ANM,WE,Combined TRACON& Tower with Radar,139,85,74,17,315,0,15,223,80,318,139,100,297,97,633,88,18,106,739
08/12/2006,BOI,ID,ANM,WE,Combined TRACON& Tower with Radar,125,71,50,7,253,0,22,160,43,225,125,93,210,50,478,66,0,66,544
08/13/2006,BOI,ID,ANM,WE,Combined TRACON& Tower with Radar,117,70,34,1,222,0,26,209,32,267,117,96,243,33,489,80,0,80,569
08/14/2006,BOI,ID,ANM,WE,Combined TRACON& Tower with Radar,129,82,66,22,299,0,38,211,63,312,129,120,277,85,611,62,4,66,677
08/15/2006,BOI,ID,ANM,WE,Combined TRACON& Tower with Radar,127,84,73,33,317,0,19,148,50,217,127,103,221,83,534,88,24,112,646
08/16/2006,BOI,ID,ANM,WE,Combined TRACON& Tower with Radar,127,87,73,29,316,0,12,150,43,205,127,99,223,72,521,29,2,31,552
08/17/2006,BOI,ID,ANM,WE,Combined TRACON& Tower with Radar,132,84,90,21,327,0,7,168,38,213,132,91,258,59,540,72,4,76,616
08/18/2006,BOI,ID,ANM,WE,Combined TRACON& Tower with Radar,129,86,88,27,330,0,19,203,23,245,129,105,291,50,575,130,2,132,707
08/19/2006,BOI,ID,ANM,WE,Combined TRACON& Tower with Radar,119,71,51,3,244,0,30,179,23,232,119,101,230,26,476,52,0,52,528
08/20/2006,BOI,ID,ANM,WE,Combined TRACON& Tower with Radar,119,71,51,3,244,0,30,179,23,232,119,101,230,26,476,32,0,32,508
08/21/2006,BOI,ID,ANM,WE,Combined TRACON& Tower with Radar,125,83,66,17,291,0,13,157,39,209,125,96,223,56,500,64,14,78,578
08/22/2006,BOI,ID,ANM,WE,Combined TRACON& Tower with Radar,128,84,69,14,295,0,16,182,56,254,128,100,251,70,549,58,0,58,607
08/23/2006,BOI,ID,ANM,WE,Combined TRACON& Tower with Radar,121,80,79,25,305,0,26,230,34,290,121,106,309,59,595,94,20,114,709
08/24/2006,BOI,ID,ANM,WE,Combined TRACON& Tower with Radar,124,83,105,14,326,0,21,160,61,242,124,104,265,75,568,102,12,114,682
08/25/2006,BOI,ID,ANM,WE,Combined TRACON& Tower with Radar,124,86,99,20,329,0,13,159,26,198,124,99,258,46,527,62,24,86,613
08/26/2006,BOI,ID,ANM,WE,Combined TRACON& Tower with Radar,112,72,50,2,236,0,10,171,6,187,112,82,221,8,423,64,0,64,487
08/27/2006,BOI,ID,ANM,WE,Combined TRACON& Tower with Radar,115,58,62,8,243,0,13,141,3,157,115,71,203,11,400,24,2,26,426
08/28/2006,BOI,ID,ANM,WE,Combined TRACON& Tower with Radar,117,85,75,22,299,0,23,118,15,156,117,108,193,37,455,224,6,230,685
08/29/2006,BOI,ID,ANM,WE,Combined TRACON& Tower with Radar,123,86,77,22,308,0,21,178,46,245,123,107,255,68,553,166,14,180,733
08/30/2006,BOI,ID,ANM,WE,Combined TRACON& Tower with Radar,129,98,67,14,308,0,21,124,26,171,129,119,191,40,479,102,72,174,653
08/31/2006,BOI,ID,ANM,WE,Combined TRACON& Tower with Radar,126,101,67,19,313,0,9,142,25,176,126,110,209,44,489,130,8,138,627
09/01/2006,BOI,ID,ANM,WE,Combined TRACON& Tower with Radar,128,93,70,31,322,0,29,167,25,221,128,122,237,56,543,66,32,98,641
09/02/2006,BOI,ID,ANM,WE,Combined TRACON& Tower with Radar,112,60,36,0,208,0,11,151,5,167,112,71,187,5,375,28,0,28,403
09/03/2006,BOI,ID,ANM,WE,Combined TRACON& Tower with Radar,98,46,34,4,182,0,15,115,7,137,98,61,149,11,319,32,0,32,351
09/04/2006,BOI,ID,ANM,WE,Combined TRACON& Tower with Radar,100,66,40,2,208,0,19,151,19,189,100,85,191,21,397,102,0,102,499
09/05/2006,BOI,ID,ANM,WE,Combined TRACON& Tower with Radar,117,88,67,11,283,0,20,193,46,259,117,108,260,57,542,80,0,80,622
09/06/2006,BOI,ID,ANM,WE,Combined TRACON& Tower with Radar,130,75,84,18,307,0,14,124,41,179,130,89,208,59,486,98,14,112,598
09/07/2006,BOI,ID,ANM,WE,Combined TRACON& Tower with Radar,124,80,90,43,337,0,9,108,25,142,124,89,198,68,479,24,6,30,509
09/08/2006,BOI,ID,ANM,WE,Combined TRACON& Tower with Radar,126,92,95,7,320,0,15,127,8,150,126,107,222,15,470,94,32,126,596
09/09/2006,BOI,ID,ANM,WE,Combined TRACON& Tower with Radar,108,63,36,18,225,0,23,166,21,210,108,86,202,39,435,146,10,156,591
09/10/2006,BOI,ID,ANM,WE,Combined TRACON& Tower with Radar,107,47,52,8,214,0,4,135,30,169,107,51,187,38,383,34,0,34,417
09/11/2006,BOI,ID,ANM,WE,Combined TRACON& Tower with Radar,118,89,34,15,256,0,30,124,10,164,118,119,158,25,420,50,10,60,480
09/12/2006,BOI,ID,ANM,WE,Combined TRACON& Tower with Radar,128,107,87,27,349,0,12,96,13,121,128,119,183,40,470,54,2,56,526
09/13/2006,BOI,ID,ANM,WE,Combined TRACON& Tower with Radar,127,81,84,17,309,0,17,172,57,246,127,98,256,74,555,106,42,148,703
09/14/2006,BOI,ID,ANM,WE,Combined TRACON& Tower with Radar,24,25,29,3,81,0,0,0,0,0,24,25,29,3,81,88,26,114,195
09/15/2006,BOI,ID,ANM,WE,Combined TRACON& Tower with Radar,120,72,75,25,292,5,39,164,24,232,125,111,239,49,524,88,26,114,638
09/16/2006,BOI,ID,ANM,WE,Combined TRACON& Tower with Radar,118,60,48,3,229,0,26,96,8,130,118,86,144,11,359,68,16,84,443
09/17/2006,BOI,ID,ANM,WE,Combined TRACON& Tower with Radar,104,45,45,7,201,0,10,131,9,150,104,55,176,16,351,124,0,124,475
09/18/2006,BOI,ID,ANM,WE,Combined TRACON& Tower with Radar,115,79,54,22,270,0,13,117,8,138,115,92,171,30,408,44,16,60,468
09/19/2006,BOI,ID,ANM,WE,Combined TRACON& Tower with Radar,121,105,59,17,302,0,14,82,12,108,121,119,141,29,410,116,8,124,534
09/20/2006,BOI,ID,ANM,WE,Combined TRACON& Tower with Radar,124,97,56,27,304,0,23,108,2,133,124,120,164,29,437,90,26,116,553
09/21/2006,BOI,ID,ANM,WE,Combined TRACON& Tower with Radar,124,74,78,10,286,0,14,71,5,90,124,88,149,15,376,91,16,107,483
09/22/2006,BOI,ID,ANM,WE,Combined TRACON& Tower with Radar,129,83,63,3,278,0,28,132,6,166,129,111,195,9,444,68,0,68,512
09/23/2006,BOI,ID,ANM,WE,Combined TRACON& Tower with Radar,111,55,46,5,217,0,20,152,2,174,111,75,198,7,391,90,2,92,483
09/24/2006,BOI,ID,ANM,WE,Combined TRACON& Tower with Radar,103,49,37,2,191,0,27,143,0,170,103,76,180,2,361,126,0,126,487
09/25/2006,BOI,ID,ANM,WE,Combined TRACON& Tower with Radar,117,71,52,2,242,0,22,128,7,157,117,93,180,9,399,104,2,106,505
09/26/2006,BOI,ID,ANM,WE,Combined TRACON& Tower with Radar,126,79,52,6,263,0,10,148,5,163,126,89,200,11,426,90,4,94,520
09/27/2006,BOI,ID,ANM,WE,Combined TRACON& Tower with Radar,124,76,82,14,296,0,12,172,14,198,124,88,254,28,494,160,84,244,738
09/28/2006,BOI,ID,ANM,WE,Combined TRACON& Tower with Radar,128,73,69,38,308,0,19,145,13,177,128,92,214,51,485,60,17,77,562
09/29/2006,BOI,ID,ANM,WE,Combined TRACON& Tower with Radar,126,76,73,18,293,0,19,196,21,236,126,95,269,39,529,90,4,94,623
09/30/2006,BOI,ID,ANM,WE,Combined TRACON& Tower with Radar,107,64,55,0,226,0,27,161,5,193,107,91,216,5,419,130,0,130,549
10/01/2006,BOI,ID,ANM,WE,Combined TRACON& Tower with Radar,101,49,33,2,185,0,12,95,3,110,101,61,128,5,295,94,0,94,389
10/02/2006,BOI,ID,ANM,WE,Combined TRACON& Tower with Radar,122,68,59,4,253,0,10,101,4,115,122,78,160,8,368,82,0,82,450
10/03/2006,BOI,ID,ANM,WE,Combined TRACON& Tower with Radar,118,75,80,16,289,0,14,121,16,151,118,89,201,32,440,110,0,110,550
10/04/2006,BOI,ID,ANM,WE,Combined TRACON& Tower with Radar,125,86,67,18,296,0,16,95,8,119,125,102,162,26,415,78,6,84,499
10/05/2006,BOI,ID,ANM,WE,Combined TRACON& Tower with Radar,123,74,69,25,291,0,5,151,17,173,123,79,220,42,464,112,32,144,608
10/06/2006,BOI,ID,ANM,WE,Combined TRACON& Tower with Radar,127,70,52,22,271,0,13,119,9,141,127,83,171,31,412,172,32,204,616
10/07/2006,BOI,ID,ANM,WE,Combined TRACON& Tower with Radar,113,65,42,2,222,0,20,79,4,103,113,85,121,6,325,34,12,46,371
10/08/2006,BOI,ID,ANM,WE,Combined TRACON& Tower with Radar,107,50,36,2,195,0,17,120,1,138,107,67,156,3,333,96,0,96,429
10/09/2006,BOI,ID,ANM,WE,Combined TRACON& Tower with Radar,119,77,40,9,245,0,11,85,3,99,119,88,125,12,344,96,0,96,440
10/10/2006,BOI,ID,ANM,WE,Combined TRACON& Tower with Radar,124,116,59,17,316,0,12,106,7,125,124,128,165,24,441,136,2,138,579
10/11/2006,BOI,ID,ANM,WE,Combined TRACON& Tower with Radar,127,68,69,19,283,0,19,148,9,176,127,87,217,28,459,174,44,218,677
10/12/2006,BOI,ID,ANM,WE,Combined TRACON& Tower with Radar,127,73,70,27,297,0,17,115,10,142,127,90,185,37,439,80,14,94,533
10/13/2006,BOI,ID,ANM,WE,Combined TRACON& Tower with Radar,119,71,75,20,285,0,22,152,11,185,119,93,227,31,470,140,2,142,612
10/14/2006,BOI,ID,ANM,WE,Combined TRACON& Tower with Radar,113,53,49,18,233,0,16,159,17,192,113,69,208,35,425,128,48,176,601
10/15/2006,BOI,ID,ANM,WE,Combined TRACON& Tower with Radar,98,49,53,14,214,0,24,88,21,133,98,73,141,35,347,134,26,160,507
10/16/2006,BOI,ID,ANM,WE,Combined TRACON& Tower with Radar,122,76,46,6,250,0,8,66,1,75,122,84,112,7,325,46,0,46,371
10/17/2006,BOI,ID,ANM,WE,Combined TRACON& Tower with Radar,132,65,50,12,259,0,16,93,10,119,132,81,143,22,378,86,6,92,470
10/18/2006,BOI,ID,ANM,WE,Combined TRACON& Tower with Radar,123,82,65,19,289,0,12,186,14,212,123,94,251,33,501,100,40,140,641
10/19/2006,BOI,ID,ANM,WE,Combined TRACON& Tower with Radar,124,77,93,17,311,0,14,107,13,134,124,91,200,30,445,152,0,152,597
10/20/2006,BOI,ID,ANM,WE,Combined TRACON& Tower with Radar,127,68,54,19,268,0,20,120,4,144,127,88,174,23,412,108,4,112,524
10/21/2006,BOI,ID,ANM,WE,Combined TRACON& Tower with Radar,127,68,54,19,268,0,20,120,4,144,127,88,174,23,412,186,23,209,621
10/22/2006,BOI,ID,ANM,WE,Combined TRACON& Tower with Radar,101,46,28,9,184,0,5,136,4,145,101,51,164,13,329,96,0,96,425
10/23/2006,BOI,ID,ANM,WE,Combined TRACON& Tower with Radar,122,68,71,27,288,0,19,127,9,155,122,87,198,36,443,118,4,122,565
10/24/2006,BOI,ID,ANM,WE,Combined TRACON& Tower with Radar,125,73,66,20,284,0,22,144,11,177,125,95,210,31,461,52,12,64,525
10/25/2006,BOI,ID,ANM,WE,Combined TRACON& Tower with Radar,122,77,71,15,285,0,15,64,7,86,122,92,135,22,371,46,48,94,465
10/26/2006,BOI,ID,ANM,WE,Combined TRACON& Tower with Radar,122,76,87,25,310,0,14,148,31,193,122,90,235,56,503,170,20,190,693
10/27/2006,BOI,ID,ANM,WE,Combined TRACON& Tower with Radar,101,57,68,18,244,0,17,144,24,185,101,74,212,42,429,164,10,174,603
10/28/2006,BOI,ID,ANM,WE,Combined TRACON& Tower with Radar,127,70,84,22,303,0,21,160,25,206,127,91,244,47,509,136,0,136,645
10/29/2006,BOI,ID,ANM,WE,Combined TRACON& Tower with Radar,91,46,23,3,163,0,16,105,0,121,91,62,128,3,284,60,0,60,344
10/30/2006,BOI,ID,ANM,WE,Combined TRACON& Tower with Radar,116,61,58,23,258,0,10,74,4,88,116,71,132,27,346,36,14,50,396
10/31/2006,BOI,ID,ANM,WE,Combined TRACON& Tower with Radar,110,76,58,24,268,0,7,110,8,125,110,83,168,32,393,90,28,118,511
11/01/2006,BOI,ID,ANM,WE,Combined TRACON& Tower with Radar,110,81,78,26,295,0,15,142,6,163,110,96,220,32,458,74,20,94,552
11/02/2006,BOI,ID,ANM,WE,Combined TRACON& Tower with Radar,118,107,91,14,330,0,11,110,16,137,118,118,201,30,467,96,8,104,571
11/03/2006,BOI,ID,ANM,WE,Combined TRACON& Tower with Radar,116,98,63,27,304,0,9,79,7,95,116,107,142,34,399,92,24,116,515
11/04/2006,BOI,ID,ANM,WE,Combined TRACON& Tower with Radar,108,67,24,25,224,0,25,104,24,153,108,92,128,49,377,108,60,168,545
11/05/2006,BOI,ID,ANM,WE,Combined TRACON& Tower with Radar,85,53,41,2,181,0,12,23,2,37,85,65,64,4,218,18,0,18,236
11/06/2006,BOI,ID,ANM,WE,Combined TRACON& Tower with Radar,110,76,53,1,240,0,15,82,3,100,110,91,135,4,340,82,4,86,426
11/07/2006,BOI,ID,ANM,WE,Combined TRACON& Tower with Radar,112,97,71,14,294,0,18,104,8,130,112,115,175,22,424,169,0,169,593
11/08/2006,BOI,ID,ANM,WE,Combined TRACON& Tower with Radar,113,83,81,36,313,0,11,103,5,119,113,94,184,41,432,116,28,144,576
11/09/2006,BOI,ID,ANM,WE,Combined TRACON& Tower with Radar,119,87,89,16,311,0,10,66,7,83,119,97,155,23,394,90,4,94,488
11/10/2006,BOI,ID,ANM,WE,Combined TRACON& Tower with Radar,120,56,82,10,268,0,18,86,20,124,120,74,168,30,392,74,8,82,474
11/11/2006,BOI,ID,ANM,WE,Combined TRACON& Tower with Radar,105,55,38,2,200,0,8,62,11,81,105,63,100,13,281,56,2,58,339
11/12/2006,BOI,ID,ANM,WE,Combined TRACON& Tower with Radar,83,56,50,1,190,0,4,106,0,110,83,60,156,1,300,78,0,78,378
11/13/2006,BOI,ID,ANM,WE,Combined TRACON& Tower with Radar,115,78,60,6,259,0,16,56,1,73,115,94,116,7,332,32,2,34,366
11/14/2006,BOI,ID,ANM,WE,Combined TRACON& Tower with Radar,117,86,96,24,323,0,7,103,8,118,117,93,199,32,441,60,24,84,525
11/15/2006,BOI,ID,ANM,WE,Combined TRACON& Tower with Radar,122,86,76,18,302,0,20,68,10,98,122,106,144,28,400,86,10,96,496
11/16/2006,BOI,ID,ANM,WE,Combined TRACON& Tower with Radar,117,93,84,26,320,0,18,84,4,106,117,111,168,30,426,128,14,142,568
11/17/2006,BOI,ID,ANM,WE,Combined TRACON& Tower with Radar,118,79,77,14,288,0,22,118,24,164,118,101,195,38,452,146,6,152,604
11/18/2006,BOI,ID,ANM,WE,Combined TRACON& Tower with Radar,105,53,23,2,183,0,18,118,3,139,105,71,141,5,322,82,0,82,404
11/19/2006,BOI,ID,ANM,WE,Combined TRACON& Tower with Radar,89,52,18,1,160,0,10,48,0,58,89,62,66,1,218,28,4,32,250
11/20/2006,BOI,ID,ANM,WE,Combined TRACON& Tower with Radar,110,69,56,39,274,0,8,77,5,90,110,77,133,44,364,108,12,120,484
11/21/2006,BOI,ID,ANM,WE,Combined TRACON& Tower with Radar,109,82,60,30,281,0,15,57,10,82,109,97,117,40,363,42,32,74,437
11/22/2006,BOI,ID,ANM,WE,Combined TRACON& Tower with Radar,121,84,57,7,269,0,15,110,15,140,121,99,167,22,409,100,6,106,515
11/23/2006,BOI,ID,ANM,WE,Combined TRACON& Tower with Radar,102,41,13,1,157,0,15,47,1,63,102,56,60,2,220,24,1,25,245
11/24/2006,BOI,ID,ANM,WE,Combined TRACON& Tower with Radar,85,57,29,1,172,0,16,112,0,128,85,73,141,1,300,110,0,110,410
11/25/2006,BOI,ID,ANM,WE,Combined TRACON& Tower with Radar,102,57,29,0,188,0,11,70,0,81,102,68,99,0,269,118,0,118,387
11/26/2006,BOI,ID,ANM,WE,Combined TRACON& Tower with Radar,92,57,45,0,194,0,9,38,2,49,92,66,83,2,243,30,0,30,273
11/27/2006,BOI,ID,ANM,WE,Combined TRACON& Tower with Radar,114,91,78,12,295,0,9,44,1,54,114,100,122,13,349,136,10,146,495
11/28/2006,BOI,ID,ANM,WE,Combined TRACON& Tower with Radar,116,88,60,29,293,0,21,72,6,99,116,109,132,35,392,186,14,200,592
11/29/2006,BOI,ID,ANM,WE,Combined TRACON& Tower with Radar,122,81,59,24,286,0,15,134,11,160,122,96,193,35,446,122,9,131,577
11/30/2006,BOI,ID,ANM,WE,Combined TRACON& Tower with Radar,116,92,91,17,316,0,14,73,3,90,116,106,164,20,406,68,2,70,476
12/01/2006,BOI,ID,ANM,WE,Combined TRACON& Tower with Radar,119,96,67,6,288,0,5,65,4,74,119,101,132,10,362,192,12,204,566
12/02/2006,BOI,ID,ANM,WE,Combined TRACON& Tower with Radar,105,61,39,38,243,0,7,113,10,130,105,68,152,48,373,140,30,170,543
12/03/2006,BOI,ID,ANM,WE,Combined TRACON& Tower with Radar,87,56,39,7,189,0,17,86,8,111,87,73,125,15,300,66,8,74,374
12/04/2006,BOI,ID,ANM,WE,Combined TRACON& Tower with Radar,109,85,62,6,262,0,18,87,2,107,109,103,149,8,369,110,4,114,483
12/05/2006,BOI,ID,ANM,WE,Combined TRACON& Tower with Radar,116,87,80,21,304,0,10,85,4,99,116,97,165,25,403,170,0,170,573
12/06/2006,BOI,ID,ANM,WE,Combined TRACON& Tower with Radar,113,82,74,18,287,0,12,148,9,169,113,94,222,27,456,102,10,112,568
12/07/2006,BOI,ID,ANM,WE,Combined TRACON& Tower with Radar,117,78,79,20,294,0,16,108,4,128,117,94,187,24,422,122,0,122,544
12/08/2006,BOI,ID,ANM,WE,Combined TRACON& Tower with Radar,113,69,78,18,278,0,16,156,6,178,113,85,234,24,456,178,8,186,642
12/09/2006,BOI,ID,ANM,WE,Combined TRACON& Tower with Radar,104,73,57,0,234,0,14,51,0,65,104,87,108,0,299,112,0,112,411
12/10/2006,BOI,ID,ANM,WE,Combined TRACON& Tower with Radar,93,68,37,7,205,0,16,34,0,50,93,84,71,7,255,96,0,96,351
12/11/2006,BOI,ID,ANM,WE,Combined TRACON& Tower with Radar,108,74,81,18,281,0,13,102,4,119,108,87,183,22,400,192,10,202,602
12/12/2006,BOI,ID,ANM,WE,Combined TRACON& Tower with Radar,120,87,67,8,282,0,8,55,20,83,120,95,122,28,365,58,26,84,449
12/13/2006,BOI,ID,ANM,WE,Combined TRACON& Tower with Radar,120,78,78,23,299,0,17,76,8,101,120,95,154,31,400,122,2,124,524
12/14/2006,BOI,ID,ANM,WE,Combined TRACON& Tower with Radar,111,88,93,34,326,0,6,22,18,46,111,94,115,52,372,102,58,160,532
12/15/2006,BOI,ID,ANM,WE,Combined TRACON& Tower with Radar,111,75,59,9,254,0,9,27,9,45,111,84,86,18,299,54,6,60,359
12/16/2006,BOI,ID,ANM,WE,Combined TRACON& Tower with Radar,105,67,32,2,206,0,5,118,2,125,105,72,150,4,331,118,0,118,449
12/17/2006,BOI,ID,ANM,WE,Combined TRACON& Tower with Radar,94,61,33,1,189,0,16,97,2,115,94,77,130,3,304,94,0,94,398
12/18/2006,BOI,ID,ANM,WE,Combined TRACON& Tower with Radar,94,61,33,1,189,0,16,97,2,115,94,77,130,3,304,126,0,126,430
12/19/2006,BOI,ID,ANM,WE,Combined TRACON& Tower with Radar,116,77,74,20,287,0,8,147,16,171,116,85,221,36,458,118,8,126,584
12/20/2006,BOI,ID,ANM,WE,Combined TRACON& Tower with Radar,119,74,71,29,293,0,18,121,14,153,119,92,192,43,446,110,30,140,586
12/21/2006,BOI,ID,ANM,WE,Combined TRACON& Tower with Radar,112,76,83,17,288,0,3,23,0,26,112,79,106,17,314,58,16,74,388
12/22/2006,BOI,ID,ANM,WE,Combined TRACON& Tower with Radar,114,92,65,1,272,0,16,72,11,99,114,108,137,12,371,116,10,126,497
12/23/2006,BOI,ID,ANM,WE,Combined TRACON& Tower with Radar,115,73,23,0,211,0,5,20,6,31,115,78,43,6,242,30,0,30,272
12/24/2006,BOI,ID,ANM,WE,Combined TRACON& Tower with Radar,95,50,19,0,164,0,5,18,0,23,95,55,37,0,187,16,0,16,203
12/25/2006,BOI,ID,ANM,WE,Combined TRACON& Tower with Radar,88,37,13,2,140,0,7,0,4,11,88,44,13,6,151,30,0,30,181
12/26/2006,BOI,ID,ANM,WE,Combined TRACON& Tower with Radar,111,70,65,0,246,0,7,57,12,76,111,77,122,12,322,110,0,110,432
12/27/2006,BOI,ID,ANM,WE,Combined TRACON& Tower with Radar,121,95,36,11,263,0,4,30,4,38,121,99,66,15,301,72,0,72,373
12/28/2006,BOI,ID,ANM,WE,Combined TRACON& Tower with Radar,119,83,53,35,290,0,17,86,7,110,119,100,139,42,400,88,26,114,514
12/29/2006,BOI,ID,ANM,WE,Combined TRACON& Tower with Radar,129,78,43,8,258,0,21,169,13,203,129,99,212,21,461,140,8,148,609
12/30/2006,BOI,ID,ANM,WE,Combined TRACON& Tower with Radar,123,61,46,0,230,0,4,108,2,114,123,65,154,2,344,102,0,102,446
12/31/2006,BOI,ID,ANM,WE,Combined TRACON& Tower with Radar,100,51,34,0,185,0,8,63,0,71,100,59,97,0,256,56,0,56,312
01/01/2007,BOI,ID,ANM,WE,Combined TRACON& Tower with Radar,90,56,42,0,188,0,12,21,1,34,90,68,63,1,222,14,0,14,236
01/02/2007,BOI,ID,ANM,WE,Combined TRACON& Tower with Radar,150,80,87,0,317,0,18,88,12,118,150,98,175,12,435,80,0,80,515
01/03/2007,BOI,ID,ANM,WE,Combined TRACON& Tower with Radar,128,88,63,20,299,0,11,40,2,53,128,99,103,22,352,96,18,114,466
01/04/2007,BOI,ID,ANM,WE,Combined TRACON& Tower with Radar,116,88,77,18,299,0,12,110,14,136,116,100,187,32,435,92,8,100,535
01/05/2007,BOI,ID,ANM,WE,Combined TRACON& Tower with Radar,114,68,54,7,243,0,14,93,23,130,114,82,147,30,373,92,4,96,469
01/06/2007,BOI,ID,ANM,WE,Combined TRACON& Tower with Radar,109,76,36,5,226,0,11,32,8,51,109,87,68,13,277,36,10,46,323
01/07/2007,BOI,ID,ANM,WE,Combined TRACON& Tower with Radar,90,76,23,17,206,0,12,108,13,133,90,88,131,30,339,94,6,100,439
01/08/2007,BOI,ID,ANM,WE,Combined TRACON& Tower with Radar,117,96,85,2,300,0,15,98,6,119,117,111,183,8,419,140,8,148,567
01/09/2007,BOI,ID,ANM,WE,Combined TRACON& Tower with Radar,113,80,98,10,301,0,12,140,15,167,113,92,238,25,468,144,6,150,618
01/10/2007,BOI,ID,ANM,WE,Combined TRACON& Tower with Radar,123,80,83,20,306,0,14,68,6,88,123,94,151,26,394,98,2,100,494
01/11/2007,BOI,ID,ANM,WE,Combined TRACON& Tower with Radar,126,95,79,18,318,0,6,53,7,66,126,101,132,25,384,58,4,62,446
01/12/2007,BOI,ID,ANM,WE,Combined TRACON& Tower with Radar,123,77,76,14,290,0,15,91,16,122,123,92,167,30,412,162,0,162,574
01/13/2007,BOI,ID,ANM,WE,Combined TRACON& Tower with Radar,79,51,32,19,181,23,0,87,6,116,102,51,119,25,297,90,0,90,387
01/14/2007,BOI,ID,ANM,WE,Combined TRACON& Tower with Radar,94,58,31,6,189,0,21,56,2,79,94,79,87,8,268,84,0,84,352
01/15/2007,BOI,ID,ANM,WE,Combined TRACON& Tower with Radar,108,58,62,2,230,0,13,92,2,107,108,71,154,4,337,70,0,70,407
01/16/2007,BOI,ID,ANM,WE,Combined TRACON& Tower with Radar,114,80,87,14,295,0,7,80,16,103,114,87,167,30,398,136,6,142,540
01/17/2007,BOI,ID,ANM,WE,Combined TRACON& Tower with Radar,130,71,52,36,289,0,5,98,33,136,130,76,150,69,425,132,14,146,571
01/18/2007,BOI,ID,ANM,WE,Combined TRACON& Tower with Radar,121,74,100,35,330,0,12,73,16,101,121,86,173,51,431,72,10,82,513
01/19/2007,BOI,ID,ANM,WE,Combined TRACON& Tower with Radar,121,59,61,21,262,0,11,107,15,133,121,70,168,36,395,152,28,180,575
01/20/2007,BOI,ID,ANM,WE,Combined TRACON& Tower with Radar,104,62,51,2,219,0,20,97,3,120,104,82,148,5,339,158,0,158,497
01/21/2007,BOI,ID,ANM,WE,Combined TRACON& Tower with Radar,88,53,52,0,193,0,12,92,2,106,88,65,144,2,299,70,0,70,369
01/22/2007,BOI,ID,ANM,WE,Combined TRACON& Tower with Radar,117,75,79,4,275,0,10,68,5,83,117,85,147,9,358,108,2,110,468
01/23/2007,BOI,ID,ANM,WE,Combined TRACON& Tower with Radar,117,72,73,28,290,0,15,99,18,132,117,87,172,46,422,72,20,92,514
01/24/2007,BOI,ID,ANM,WE,Combined TRACON& Tower with Radar,126,63,64,13,266,0,16,106,17,139,126,79,170,30,405,94,0,94,499
01/25/2007,BOI,ID,ANM,WE,Combined TRACON& Tower with Radar,120,73,63,20,276,0,17,145,4,166,120,90,208,24,442,58,0,58,500
01/26/2007,BOI,ID,ANM,WE,Combined TRACON& Tower with Radar,130,70,81,18,299,0,29,118,8,155,130,99,199,26,454,105,2,107,561
01/27/2007,BOI,ID,ANM,WE,Combined TRACON& Tower with Radar,105,61,29,0,195,0,12,107,10,129,105,73,136,10,324,164,2,166,490
01/28/2007,BOI,ID,ANM,WE,Combined TRACON& Tower with Radar,94,50,55,4,203,0,2,89,9,100,94,52,144,13,303,114,0,114,417
01/29/2007,BOI,ID,ANM,WE,Combined TRACON& Tower with Radar,109,65,60,31,265,0,15,99,15,129,109,80,159,46,394,68,0,68,462
01/30/2007,BOI,ID,ANM,WE,Combined TRACON& Tower with Radar,123,81,78,27,309,0,7,131,9,147,123,88,209,36,456,92,0,92,548
01/31/2007,BOI,ID,ANM,WE,Combined TRACON& Tower with Radar,124,72,76,12,284,0,19,126,7,152,124,91,202,19,436,140,3,143,579
02/01/2007,BOI,ID,ANM,WE,Combined TRACON& Tower with Radar,124,92,77,35,328,0,16,77,12,105,124,108,154,47,433,106,12,118,551
02/02/2007,BOI,ID,ANM,WE,Combined TRACON& Tower with Radar,120,66,61,29,276,0,20,124,11,155,120,86,185,40,431,110,0,110,541
02/03/2007,BOI,ID,ANM,WE,Combined TRACON& Tower with Radar,106,61,24,17,208,0,15,116,19,150,106,76,140,36,358,120,12,132,490
02/04/2007,BOI,ID,ANM,WE,Combined TRACON& Tower with Radar,90,54,20,24,188,0,11,133,11,155,90,65,153,35,343,62,32,94,437
02/05/2007,BOI,ID,ANM,WE,Combined TRACON& Tower with Radar,116,67,77,4,264,0,24,111,8,143,116,91,188,12,407,164,0,164,571
02/06/2007,BOI,ID,ANM,WE,Combined TRACON& Tower with Radar,118,72,90,18,298,0,18,101,10,129,118,90,191,28,427,100,0,100,527
02/07/2007,BOI,ID,ANM,WE,Combined TRACON& Tower with Radar,126,72,63,27,288,0,11,120,13,144,126,83,183,40,432,110,6,116,548
02/08/2007,BOI,ID,ANM,WE,Combined TRACON& Tower with Radar,4,62,82,11,159,120,14,88,6,228,124,76,170,17,387,112,4,116,503
02/09/2007,BOI,ID,ANM,WE,Combined TRACON& Tower with Radar,119,78,80,14,291,0,21,87,11,119,119,99,167,25,410,112,22,134,544
02/10/2007,BOI,ID,ANM,WE,Combined TRACON& Tower with Radar,107,66,30,1,204,0,14,90,12,116,107,80,120,13,320,92,2,94,414
02/11/2007,BOI,ID,ANM,WE,Combined TRACON& Tower with Radar,94,62,41,2,199,0,8,25,5,38,94,70,66,7,237,28,2,30,267
02/12/2007,BOI,ID,ANM,WE,Combined TRACON& Tower with Radar,122,75,55,16,268,0,17,106,2,125,122,92,161,18,393,116,0,116,509
02/13/2007,BOI,ID,ANM,WE,Combined TRACON& Tower with Radar,115,90,48,17,270,0,20,55,8,83,115,110,103,25,353,86,0,86,439
02/14/2007,BOI,ID,ANM,WE,Combined TRACON& Tower with Radar,118,73,66,14,271,0,6,126,13,145,118,79,192,27,416,110,2,112,528
02/15/2007,BOI,ID,ANM,WE,Combined TRACON& Tower with Radar,116,92,65,8,281,0,0,39,9,48,116,92,104,17,329,40,0,40,369
02/16/2007,BOI,ID,ANM,WE,Combined TRACON& Tower with Radar,118,78,63,11,270,0,13,56,8,77,118,91,119,19,347,50,22,72,419
02/17/2007,BOI,ID,ANM,WE,Combined TRACON& Tower with Radar,101,62,52,3,218,0,28,148,9,185,101,90,200,12,403,146,0,146,549
02/18/2007,BOI,ID,ANM,WE,Combined TRACON& Tower with Radar,94,54,26,3,177,0,8,45,2,55,94,62,71,5,232,46,0,46,278
02/19/2007,BOI,ID,ANM,WE,Combined TRACON& Tower with Radar,106,68,48,1,223,0,24,96,15,135,106,92,144,16,358,119,0,119,477
02/20/2007,BOI,ID,ANM,WE,Combined TRACON& Tower with Radar,122,77,73,27,299,0,17,76,9,102,122,94,149,36,401,118,8,126,527
02/21/2007,BOI,ID,ANM,WE,Combined TRACON& Tower with Radar,115,87,52,22,276,0,7,37,3,47,115,94,89,25,323,62,8,70,393
02/22/2007,BOI,ID,ANM,WE,Combined TRACON& Tower with Radar,125,97,61,20,303,0,8,17,3,28,125,105,78,23,331,26,12,38,369
02/23/2007,BOI,ID,ANM,WE,Combined TRACON& Tower with Radar,114,85,52,11,262,0,9,30,11,50,114,94,82,22,312,34,12,46,358
02/24/2007,BOI,ID,ANM,WE,Combined TRACON& Tower with Radar,104,64,45,1,214,0,7,68,5,80,104,71,113,6,294,0,0,0,294
02/25/2007,BOI,ID,ANM,WE,Combined TRACON& Tower with Radar,99,61,30,1,191,0,3,32,0,35,99,64,62,1,226,58,0,58,284
02/26/2007,BOI,ID,ANM,WE,Combined TRACON& Tower with Radar,115,82,75,2,274,0,10,47,0,57,115,92,122,2,331,90,2,92,423
02/27/2007,BOI,ID,ANM,WE,Combined TRACON& Tower with Radar,117,84,62,15,278,0,18,74,12,104,117,102,136,27,382,60,2,62,444
02/28/2007,BOI,ID,ANM,WE,Combined TRACON& Tower with Radar,118,85,67,10,280,0,12,38,6,56,118,97,105,16,336,118,2,120,456
03/01/2007,BOI,ID,ANM,WE,Combined TRACON& Tower with Radar,120,82,60,5,267,0,12,12,0,24,120,94,72,5,291,10,0,10,301
03/02/2007,BOI,ID,ANM,WE,Combined TRACON& Tower with Radar,117,80,71,17,285,0,17,64,9,90,117,97,135,26,375,50,0,50,425
03/03/2007,BOI,ID,ANM,WE,Combined TRACON& Tower with Radar,102,69,34,17,222,0,0,78,12,90,102,69,112,29,312,140,18,158,470
03/04/2007,BOI,ID,ANM,WE,Combined TRACON& Tower with Radar,93,55,45,15,208,0,9,62,11,82,93,64,107,26,290,84,12,96,386
03/05/2007,BOI,ID,ANM,WE,Combined TRACON& Tower with Radar,89,48,58,5,200,0,19,93,5,117,89,67,151,10,317,72,0,72,389
03/06/2007,BOI,ID,ANM,WE,Combined TRACON& Tower with Radar,116,79,51,23,269,0,19,138,15,172,116,98,189,38,441,98,0,98,539
03/07/2007,BOI,ID,ANM,WE,Combined TRACON& Tower with Radar,117,77,63,24,281,0,5,131,11,147,117,82,194,35,428,122,42,164,592
03/08/2007,BOI,ID,ANM,WE,Combined TRACON& Tower with Radar,118,86,95,12,311,0,21,164,23,208,118,107,259,35,519,254,24,278,797
03/09/2007,BOI,ID,ANM,WE,Combined TRACON& Tower with Radar,114,82,68,15,279,0,5,75,11,91,114,87,143,26,370,170,14,184,554
03/10/2007,BOI,ID,ANM,WE,Combined TRACON& Tower with Radar,104,60,36,0,200,0,12,128,0,140,104,72,164,0,340,150,0,150,490
03/11/2007,BOI,ID,ANM,WE,Combined TRACON& Tower with Radar,101,51,24,1,177,0,18,81,2,101,101,69,105,3,278,112,0,112,390
03/12/2007,BOI,ID,ANM,WE,Combined TRACON& Tower with Radar,114,80,57,18,269,0,18,91,4,113,114,98,148,22,382,134,0,134,516
03/13/2007,BOI,ID,ANM,WE,Combined TRACON& Tower with Radar,118,79,54,22,273,0,9,113,13,135,118,88,167,35,408,154,4,158,566
03/14/2007,BOI,ID,ANM,WE,Combined TRACON& Tower with Radar,117,82,59,19,277,0,22,120,13,155,117,104,179,32,432,106,4,110,542
03/15/2007,BOI,ID,ANM,WE,Combined TRACON& Tower with Radar,119,76,74,30,299,0,16,170,22,208,119,92,244,52,507,194,4,198,705
03/16/2007,BOI,ID,ANM,WE,Combined TRACON& Tower with Radar,115,73,66,22,276,0,15,127,13,155,115,88,193,35,431,122,2,124,555
03/17/2007,BOI,ID,ANM,WE,Combined TRACON& Tower with Radar,103,56,30,12,201,0,38,107,13,158,103,94,137,25,359,116,0,116,475
03/18/2007,BOI,ID,ANM,WE,Combined TRACON& Tower with Radar,98,53,46,7,204,0,14,123,6,143,98,67,169,13,347,88,0,88,435
03/19/2007,BOI,ID,ANM,WE,Combined TRACON& Tower with Radar,110,75,66,0,251,0,23,114,8,145,110,98,180,8,396,90,0,90,486
03/20/2007,BOI,ID,ANM,WE,Combined TRACON& Tower with Radar,122,76,61,6,265,0,13,45,2,60,122,89,106,8,325,64,2,66,391
03/21/2007,BOI,ID,ANM,WE,Combined TRACON& Tower with Radar,117,75,78,14,284,0,12,97,11,120,117,87,175,25,404,86,16,102,506
03/22/2007,BOI,ID,ANM,WE,Combined TRACON& Tower with Radar,115,67,54,16,252,0,17,134,12,163,115,84,188,28,415,192,12,204,619
03/23/2007,BOI,ID,ANM,WE,Combined TRACON& Tower with Radar,120,68,52,17,257,0,11,156,15,182,120,79,208,32,439,170,2,172,611
03/24/2007,BOI,ID,ANM,WE,Combined TRACON& Tower with Radar,101,51,37,2,191,0,10,147,10,167,101,61,184,12,358,124,0,124,482
03/25/2007,BOI,ID,ANM,WE,Combined TRACON& Tower with Radar,95,42,20,3,160,0,17,59,3,79,95,59,79,6,239,60,0,60,299
03/26/2007,BOI,ID,ANM,WE,Combined TRACON& Tower with Radar,112,69,55,5,241,0,17,95,5,117,112,86,150,10,358,70,8,78,436
03/27/2007,BOI,ID,ANM,WE,Combined TRACON& Tower with Radar,122,73,43,10,248,0,14,12,3,29,122,87,55,13,277,14,12,26,303
03/28/2007,BOI,ID,ANM,WE,Combined TRACON& Tower with Radar,113,75,29,4,221,0,12,17,5,34,113,87,46,9,255,6,0,6,261
03/29/2007,BOI,ID,ANM,WE,Combined TRACON& Tower with Radar,123,71,72,10,276,0,12,121,2,135,123,83,193,12,411,118,16,134,545
03/30/2007,BOI,ID,ANM,WE,Combined TRACON& Tower with Radar,117,57,57,10,241,0,25,142,6,173,117,82,199,16,414,114,0,114,528
03/31/2007,BOI,ID,ANM,WE,Combined TRACON& Tower with Radar,106,51,23,1,181,0,15,105,4,124,106,66,128,5,305,70,0,70,375
04/01/2007,BOI,ID,ANM,WE,Combined TRACON& Tower with Radar,96,46,46,2,190,0,12,71,0,83,96,58,117,2,273,50,0,50,323
04/02/2007,BOI,ID,ANM,WE,Combined TRACON& Tower with Radar,110,79,48,2,239,0,16,61,7,84,110,95,109,9,323,64,0,64,387
04/03/2007,BOI,ID,ANM,WE,Combined TRACON& Tower with Radar,118,72,66,9,265,0,12,120,16,148,118,84,186,25,413,136,14,150,563
04/04/2007,BOI,ID,ANM,WE,Combined TRACON& Tower with Radar,116,73,74,9,272,0,11,135,22,168,116,84,209,31,440,150,27,177,617
04/05/2007,BOI,ID,ANM,WE,Combined TRACON& Tower with Radar,118,73,76,7,274,0,11,142,20,173,118,84,218,27,447,132,8,140,587
04/06/2007,BOI,ID,ANM,WE,Combined TRACON& Tower with Radar,118,65,62,7,252,0,22,180,16,218,118,87,242,23,470,116,0,116,586
04/07/2007,BOI,ID,ANM,WE,Combined TRACON& Tower with Radar,98,49,21,4,172,0,19,141,15,175,98,68,162,19,347,110,0,110,457
04/08/2007,BOI,ID,ANM,WE,Combined TRACON& Tower with Radar,94,49,18,8,169,0,18,45,3,66,94,67,63,11,235,48,0,48,283
04/09/2007,BOI,ID,ANM,WE,Combined TRACON& Tower with Radar,111,71,69,0,251,0,11,46,6,63,111,82,115,6,314,66,0,66,380
04/10/2007,BOI,ID,ANM,WE,Combined TRACON& Tower with Radar,120,75,52,15,262,0,29,66,12,107,120,104,118,27,369,74,40,114,483
04/11/2007,BOI,ID,ANM,WE,Combined TRACON& Tower with Radar,119,70,76,17,282,0,19,94,17,130,119,89,170,34,412,84,18,102,514
04/12/2007,BOI,ID,ANM,WE,Combined TRACON& Tower with Radar,117,88,59,17,281,0,15,72,15,102,117,103,131,32,383,78,18,96,479
04/13/2007,BOI,ID,ANM,WE,Combined TRACON& Tower with Radar,120,60,58,26,264,0,26,158,16,200,120,86,216,42,464,106,40,146,610
04/14/2007,BOI,ID,ANM,WE,Combined TRACON& Tower with Radar,105,63,27,3,198,0,10,78,11,99,105,73,105,14,297,58,2,60,357
04/15/2007,BOI,ID,ANM,WE,Combined TRACON& Tower with Radar,94,50,29,20,193,0,18,39,7,64,94,68,68,27,257,14,12,26,283
04/16/2007,BOI,ID,ANM,WE,Combined TRACON& Tower with Radar,113,68,62,9,252,0,26,93,11,130,113,94,155,20,382,102,4,106,488
04/17/2007,BOI,ID,ANM,WE,Combined TRACON& Tower with Radar,118,76,63,34,291,0,11,49,18,78,118,87,112,52,369,60,4,64,433
04/18/2007,BOI,ID,ANM,WE,Combined TRACON& Tower with Radar,117,88,53,23,281,0,1,10,8,19,117,89,63,31,300,16,16,32,332
04/19/2007,BOI,ID,ANM,WE,Combined TRACON& Tower with Radar,119,86,65,17,287,0,10,117,29,156,119,96,182,46,443,76,24,100,543
04/20/2007,BOI,ID,ANM,WE,Combined TRACON& Tower with Radar,117,79,66,11,273,0,21,137,19,177,117,100,203,30,450,176,24,200,650
04/21/2007,BOI,ID,ANM,WE,Combined TRACON& Tower with Radar,103,54,23,0,180,0,16,111,6,133,103,70,134,6,313,86,0,86,399
04/22/2007,BOI,ID,ANM,WE,Combined TRACON& Tower with Radar,94,50,32,7,183,0,5,8,1,14,94,55,40,8,197,4,0,4,201
04/23/2007,BOI,ID,ANM,WE,Combined TRACON& Tower with Radar,114,82,38,12,246,0,12,68,7,87,114,94,106,19,333,56,8,64,397
04/24/2007,BOI,ID,ANM,WE,Combined TRACON& Tower with Radar,95,56,75,13,239,0,20,135,22,177,95,76,210,35,416,148,40,188,604
04/25/2007,BOI,ID,ANM,WE,Combined TRACON& Tower with Radar,114,67,64,17,262,0,11,111,19,141,114,78,175,36,403,160,36,196,599
04/26/2007,BOI,ID,ANM,WE,Combined TRACON& Tower with Radar,116,74,72,21,283,0,14,166,19,199,116,88,238,40,482,172,48,220,702
04/27/2007,BOI,ID,ANM,WE,Combined TRACON& Tower with Radar,116,82,74,5,277,0,21,188,11,220,116,103,262,16,497,120,6,126,623
04/28/2007,BOI,ID,ANM,WE,Combined TRACON& Tower with Radar,101,51,25,0,177,0,25,171,8,204,101,76,196,8,381,130,2,132,513
04/29/2007,BOI,ID,ANM,WE,Combined TRACON& Tower with Radar,96,55,33,0,184,0,21,150,2,173,96,76,183,2,357,112,0,112,469
04/30/2007,BOI,ID,ANM,WE,Combined TRACON& Tower with Radar,108,78,78,8,272,0,33,108,11,152,108,111,186,19,424,90,0,90,514
05/01/2007,BOI,ID,ANM,WE,Combined TRACON& Tower with Radar,116,76,66,11,269,0,27,147,22,196,116,103,213,33,465,130,28,158,623
05/02/2007,BOI,ID,ANM,WE,Combined TRACON& Tower with Radar,113,75,79,12,279,0,16,69,4,89,113,91,148,16,368,86,2,88,456
05/03/2007,BOI,ID,ANM,WE,Combined TRACON& Tower with Radar,116,79,77,11,283,0,12,112,8,132,116,91,189,19,415,110,24,134,549
05/04/2007,BOI,ID,ANM,WE,Combined TRACON& Tower with Radar,114,73,68,0,255,0,26,137,7,170,114,99,205,7,425,114,4,118,543
05/05/2007,BOI,ID,ANM,WE,Combined TRACON& Tower with Radar,105,58,24,9,196,0,31,58,10,99,105,89,82,19,295,72,6,78,373
05/06/2007,BOI,ID,ANM,WE,Combined TRACON& Tower with Radar,92,49,28,14,183,0,15,61,9,85,92,64,89,23,268,54,6,60,328
05/07/2007,BOI,ID,ANM,WE,Combined TRACON& Tower with Radar,109,64,54,5,232,0,18,119,11,148,109,82,173,16,380,136,6,142,522
05/08/2007,BOI,ID,ANM,WE,Combined TRACON& Tower with Radar,117,71,87,7,282,0,15,174,8,197,117,86,261,15,479,208,2,210,689
05/09/2007,BOI,ID,ANM,WE,Combined TRACON& Tower with Radar,115,69,67,8,259,0,24,121,19,164,115,93,188,27,423,138,24,162,585
05/10/2007,BOI,ID,ANM,WE,Combined TRACON& Tower with Radar,116,79,93,3,291,0,20,166,5,191,116,99,259,8,482,113,12,125,607
05/11/2007,BOI,ID,ANM,WE,Combined TRACON& Tower with Radar,112,71,80,11,274,0,16,158,17,191,112,87,238,28,465,174,32,206,671
05/12/2007,BOI,ID,ANM,WE,Combined TRACON& Tower with Radar,106,54,40,6,206,0,28,135,8,171,106,82,175,14,377,134,0,134,511
05/13/2007,BOI,ID,ANM,WE,Combined TRACON& Tower with Radar,98,53,25,1,177,0,9,54,8,71,98,62,79,9,248,56,0,56,304
05/14/2007,BOI,ID,ANM,WE,Combined TRACON& Tower with Radar,111,72,86,8,277,0,21,135,14,170,111,93,221,22,447,90,4,94,541
05/15/2007,BOI,ID,ANM,WE,Combined TRACON& Tower with Radar,116,80,95,8,299,0,16,140,21,177,116,96,235,29,476,86,4,90,566
05/16/2007,BOI,ID,ANM,WE,Combined TRACON& Tower with Radar,116,75,89,7,287,0,20,145,16,181,116,95,234,23,468,170,0,170,638
05/17/2007,BOI,ID,ANM,WE,Combined TRACON& Tower with Radar,119,76,91,8,294,0,22,131,12,165,119,98,222,20,459,58,6,64,523
05/18/2007,BOI,ID,ANM,WE,Combined TRACON& Tower with Radar,114,84,66,10,274,0,27,176,14,217,114,111,242,24,491,288,10,298,789
05/19/2007,BOI,ID,ANM,WE,Combined TRACON& Tower with Radar,103,54,44,2,203,0,30,181,14,225,103,84,225,16,428,140,4,144,572
05/20/2007,BOI,ID,ANM,WE,Combined TRACON& Tower with Radar,97,56,27,6,186,0,19,98,5,122,97,75,125,11,308,106,8,114,422
05/21/2007,BOI,ID,ANM,WE,Combined TRACON& Tower with Radar,112,85,55,7,259,0,21,27,9,57,112,106,82,16,316,72,0,72,388
05/22/2007,BOI,ID,ANM,WE,Combined TRACON& Tower with Radar,114,86,60,9,269,0,18,66,17,101,114,104,126,26,370,80,16,96,466
05/23/2007,BOI,ID,ANM,WE,Combined TRACON& Tower with Radar,114,74,84,13,285,0,15,169,27,211,114,89,253,40,496,110,28,138,634
05/24/2007,BOI,ID,ANM,WE,Combined TRACON& Tower with Radar,118,73,68,4,263,0,11,146,20,177,118,84,214,24,440,122,20,142,582
05/25/2007,BOI,ID,ANM,WE,Combined TRACON& Tower with Radar,116,84,83,8,291,0,16,172,20,208,116,100,255,28,499,170,22,192,691
05/26/2007,BOI,ID,ANM,WE,Combined TRACON& Tower with Radar,105,52,18,7,182,0,36,112,3,151,105,88,130,10,333,136,0,136,469
05/27/2007,BOI,ID,ANM,WE,Combined TRACON& Tower with Radar,80,44,22,3,149,0,31,66,5,102,80,75,88,8,251,92,0,92,343
05/28/2007,BOI,ID,ANM,WE,Combined TRACON& Tower with Radar,94,62,47,3,206,0,32,125,16,173,94,94,172,19,379,86,0,86,465
05/29/2007,BOI,ID,ANM,WE,Combined TRACON& Tower with Radar,110,69,81,4,264,0,19,149,15,183,110,88,230,19,447,100,4,104,551
05/30/2007,BOI,ID,ANM,WE,Combined TRACON& Tower with Radar,115,77,86,10,288,0,12,119,20,151,115,89,205,30,439,124,32,156,595
05/31/2007,BOI,ID,ANM,WE,Combined TRACON& Tower with Radar,119,75,96,12,302,0,15,139,22,176,119,90,235,34,478,146,18,164,642
06/01/2007,BOI,ID,ANM,WE,Combined TRACON& Tower with Radar,118,77,66,20,281,0,16,151,19,186,118,93,217,39,467,74,14,88,555
06/02/2007,BOI,ID,ANM,WE,Combined TRACON& Tower with Radar,103,56,37,7,203,0,15,175,15,205,103,71,212,22,408,132,6,138,546
06/03/2007,BOI,ID,ANM,WE,Combined TRACON& Tower with Radar,100,58,21,5,184,0,33,95,11,139,100,91,116,16,323,64,2,66,389
06/04/2007,BOI,ID,ANM,WE,Combined TRACON& Tower with Radar,115,76,50,0,241,0,31,109,9,149,115,107,159,9,390,92,10,102,492
06/05/2007,BOI,ID,ANM,WE,Combined TRACON& Tower with Radar,118,88,86,10,302,0,10,58,5,73,118,98,144,15,375,118,18,136,511
06/06/2007,BOI,ID,ANM,WE,Combined TRACON& Tower with Radar,113,89,56,6,264,0,14,17,4,35,113,103,73,10,299,44,54,98,397
06/07/2007,BOI,ID,ANM,WE,Combined TRACON& Tower with Radar,130,77,86,7,300,0,12,90,19,121,130,89,176,26,421,140,2,142,563
06/08/2007,BOI,ID,ANM,WE,Combined TRACON& Tower with Radar,130,66,68,7,271,0,33,149,21,203,130,99,217,28,474,160,12,172,646
06/09/2007,BOI,ID,ANM,WE,Combined TRACON& Tower with Radar,113,59,31,3,206,0,24,120,17,161,113,83,151,20,367,96,0,96,463
06/10/2007,BOI,ID,ANM,WE,Combined TRACON& Tower with Radar,112,65,34,1,212,0,6,16,1,23,112,71,50,2,235,24,0,24,259
06/11/2007,BOI,ID,ANM,WE,Combined TRACON& Tower with Radar,128,78,59,8,273,0,22,117,29,168,128,100,176,37,441,74,14,88,529
06/12/2007,BOI,ID,ANM,WE,Combined TRACON& Tower with Radar,132,77,73,12,294,0,12,118,27,157,132,89,191,39,451,72,24,96,547
06/13/2007,BOI,ID,ANM,WE,Combined TRACON& Tower with Radar,129,68,78,13,288,0,17,128,20,165,129,85,206,33,453,100,6,106,559
06/14/2007,BOI,ID,ANM,WE,Combined TRACON& Tower with Radar,137,71,101,8,317,0,21,137,11,169,137,92,238,19,486,28,10,38,524
06/15/2007,BOI,ID,ANM,WE,Combined TRACON& Tower with Radar,125,71,87,5,288,0,18,125,32,175,125,89,212,37,463,82,10,92,555
06/16/2007,BOI,ID,ANM,WE,Combined TRACON& Tower with Radar,116,64,36,0,216,0,27,100,16,143,116,91,136,16,359,90,2,92,451
06/17/2007,BOI,ID,ANM,WE,Combined TRACON& Tower with Radar,112,50,24,2,188,0,15,123,8,146,112,65,147,10,334,50,3,53,387
06/18/2007,BOI,ID,ANM,WE,Combined TRACON& Tower with Radar,134,86,67,7,294,0,17,138,14,169,134,103,205,21,463,70,56,126,589
06/19/2007,BOI,ID,ANM,WE,Combined TRACON& Tower with Radar,131,84,93,5,313,0,16,122,30,168,131,100,215,35,481,150,8,158,639
06/20/2007,BOI,ID,ANM,WE,Combined TRACON& Tower with Radar,127,73,75,22,297,0,21,153,26,200,127,94,228,48,497,66,6,72,569
06/21/2007,BOI,ID,ANM,WE,Combined TRACON& Tower with Radar,133,73,77,11,294,0,22,165,26,213,133,95,242,37,507,160,26,186,693
06/22/2007,BOI,ID,ANM,WE,Combined TRACON& Tower with Radar,110,53,37,1,201,0,17,147,27,191,110,70,184,28,392,140,4,144,536
06/23/2007,BOI,ID,ANM,WE,Combined TRACON& Tower with Radar,110,53,37,1,201,0,17,147,27,191,110,70,184,28,392,140,4,144,536
06/24/2007,BOI,ID,ANM,WE,Combined TRACON& Tower with Radar,113,56,30,3,202,0,10,112,14,136,113,66,142,17,338,62,4,66,404
06/25/2007,BOI,ID,ANM,WE,Combined TRACON& Tower with Radar,124,63,93,11,291,0,23,114,10,147,124,86,207,21,438,100,2,102,540
06/26/2007,BOI,ID,ANM,WE,Combined TRACON& Tower with Radar,129,71,100,13,313,0,25,184,20,229,129,96,284,33,542,76,32,108,650
06/27/2007,BOI,ID,ANM,WE,Combined TRACON& Tower with Radar,131,76,81,21,309,0,30,168,51,249,131,106,249,72,558,76,14,90,648
06/28/2007,BOI,ID,ANM,WE,Combined TRACON& Tower with Radar,131,80,88,12,311,0,25,156,19,200,131,105,244,31,511,70,30,100,611
06/29/2007,BOI,ID,ANM,WE,Combined TRACON& Tower with Radar,128,73,51,3,255,0,27,136,13,176,128,100,187,16,431,92,0,92,523
06/30/2007,BOI,ID,ANM,WE,Combined TRACON& Tower with Radar,117,55,49,5,226,0,30,177,20,227,117,85,226,25,453,122,0,122,575
07/01/2007,BOI,ID,ANM,WE,Combined TRACON& Tower with Radar,116,52,31,1,200,0,28,116,5,149,116,80,147,6,349,68,0,68,417
07/02/2007,BOI,ID,ANM,WE,Combined TRACON& Tower with Radar,122,72,36,10,240,0,18,153,37,208,122,90,189,47,448,72,16,88,536
07/03/2007,BOI,ID,ANM,WE,Combined TRACON& Tower with Radar,132,70,56,11,269,0,28,133,17,178,132,98,189,28,447,88,12,100,547
07/04/2007,BOI,ID,ANM,WE,Combined TRACON& Tower with Radar,99,48,32,4,183,0,31,118,21,170,99,79,150,25,353,168,8,176,529
07/05/2007,BOI,ID,ANM,WE,Combined TRACON& Tower with Radar,117,64,55,6,242,0,17,169,22,208,117,81,224,28,450,82,8,90,540
07/06/2007,BOI,ID,ANM,WE,Combined TRACON& Tower with Radar,129,79,52,6,266,0,23,142,20,185,129,102,194,26,451,124,2,126,577
07/07/2007,BOI,ID,ANM,WE,Combined TRACON& Tower with Radar,113,55,25,0,193,0,21,167,3,191,113,76,192,3,384,72,0,72,456
07/08/2007,BOI,ID,ANM,WE,Combined TRACON& Tower with Radar,122,49,43,1,215,0,15,139,14,168,122,64,182,15,383,50,0,50,433
07/09/2007,BOI,ID,ANM,WE,Combined TRACON& Tower with Radar,122,49,43,1,215,0,15,139,14,168,122,64,182,15,383,72,2,74,457
07/10/2007,BOI,ID,ANM,WE,Combined TRACON& Tower with Radar,133,74,71,6,284,0,15,175,24,214,133,89,246,30,498,50,24,74,572
07/11/2007,BOI,ID,ANM,WE,Combined TRACON& Tower with Radar,130,71,77,8,286,0,19,208,31,258,130,90,285,39,544,150,20,170,714
07/12/2007,BOI,ID,ANM,WE,Combined TRACON& Tower with Radar,133,69,79,9,290,0,20,210,21,251,133,89,289,30,541,92,20,112,653
07/13/2007,BOI,ID,ANM,WE,Combined TRACON& Tower with Radar,134,79,63,5,281,0,26,203,17,246,134,105,266,22,527,106,10,116,643
07/14/2007,BOI,ID,ANM,WE,Combined TRACON& Tower with Radar,120,63,37,5,225,0,24,237,12,273,120,87,274,17,498,234,24,258,756
07/15/2007,BOI,ID,ANM,WE,Combined TRACON& Tower with Radar,118,60,56,9,243,0,28,187,17,232,118,88,243,26,475,60,2,62,537
07/16/2007,BOI,ID,ANM,WE,Combined TRACON& Tower with Radar,121,69,72,4,266,0,22,187,17,226,121,91,259,21,492,126,2,128,620
07/17/2007,BOI,ID,ANM,WE,Combined TRACON& Tower with Radar,127,77,57,5,266,0,14,159,23,196,127,91,216,28,462,60,1,61,523
07/18/2007,BOI,ID,ANM,WE,Combined TRACON& Tower with Radar,135,82,86,15,318,0,16,316,24,356,135,98,402,39,674,106,6,112,786
07/19/2007,BOI,ID,ANM,WE,Combined TRACON& Tower with Radar,131,72,73,11,287,0,25,287,37,349,131,97,360,48,636,110,29,139,775
07/20/2007,BOI,ID,ANM,WE,Combined TRACON& Tower with Radar,133,74,78,15,300,0,27,238,22,287,133,101,316,37,587,56,10,66,653
07/21/2007,BOI,ID,ANM,WE,Combined TRACON& Tower with Radar,116,55,45,7,223,0,12,214,25,251,116,67,259,32,474,90,22,112,586
07/22/2007,BOI,ID,ANM,WE,Combined TRACON& Tower with Radar,122,54,41,3,220,0,8,204,21,233,122,62,245,24,453,42,0,42,495
07/23/2007,BOI,ID,ANM,WE,Combined TRACON& Tower with Radar,129,62,54,7,252,0,15,171,18,204,129,77,225,25,456,0,0,0,456
07/24/2007,BOI,ID,ANM,WE,Combined TRACON& Tower with Radar,141,69,93,6,309,0,27,155,34,216,141,96,248,40,525,144,0,144,669
07/25/2007,BOI,ID,ANM,WE,Combined TRACON& Tower with Radar,138,80,77,4,299,0,15,160,25,200,138,95,237,29,499,106,8,114,613
07/26/2007,BOI,ID,ANM,WE,Combined TRACON& Tower with Radar,137,72,76,6,291,0,14,180,26,220,137,86,256,32,511,102,10,112,623
07/27/2007,BOI,ID,ANM,WE,Combined TRACON& Tower with Radar,131,67,59,12,269,0,26,158,21,205,131,93,217,33,474,104,4,108,582
07/28/2007,BOI,ID,ANM,WE,Combined TRACON& Tower with Radar,128,53,43,12,236,0,22,203,18,243,128,75,246,30,479,126,0,126,605
07/29/2007,BOI,ID,ANM,WE,Combined TRACON& Tower with Radar,122,47,53,2,224,0,22,264,29,315,122,69,317,31,539,84,0,84,623
07/30/2007,BOI,ID,ANM,WE,Combined TRACON& Tower with Radar,128,72,50,2,252,0,20,148,18,186,128,92,198,20,438,78,2,80,518
07/31/2007,BOI,ID,ANM,WE,Combined TRACON& Tower with Radar,139,70,88,9,306,0,25,200,20,245,139,95,288,29,551,68,16,84,635
08/01/2007,BOI,ID,ANM,WE,Combined TRACON& Tower with Radar,139,72,70,9,290,0,28,168,19,215,139,100,238,28,505,52,26,78,583
08/02/2007,BOI,ID,ANM,WE,Combined TRACON& Tower with Radar,134,76,98,19,327,0,20,116,21,157,134,96,214,40,484,70,18,88,572
08/03/2007,BOI,ID,ANM,WE,Combined TRACON& Tower with Radar,131,74,105,21,331,0,39,178,31,248,131,113,283,52,579,114,16,130,709
08/04/2007,BOI,ID,ANM,WE,Combined TRACON& Tower with Radar,128,70,55,4,257,0,62,212,29,303,128,132,267,33,560,130,14,144,704
08/05/2007,BOI,ID,ANM,WE,Combined TRACON& Tower with Radar,122,48,45,13,228,0,33,150,14,197,122,81,195,27,425,88,6,94,519
08/06/2007,BOI,ID,ANM,WE,Combined TRACON& Tower with Radar,132,71,81,6,290,0,38,138,24,200,132,109,219,30,490,110,0,110,600
08/07/2007,BOI,ID,ANM,WE,Combined TRACON& Tower with Radar,139,71,77,4,291,0,33,164,25,222,139,104,241,29,513,72,4,76,589
08/08/2007,BOI,ID,ANM,WE,Combined TRACON& Tower with Radar,135,72,79,6,292,0,36,181,12,229,135,108,260,18,521,106,16,122,643
08/09/2007,BOI,ID,ANM,WE,Combined TRACON& Tower with Radar,136,63,73,19,291,0,43,142,21,206,136,106,215,40,497,150,32,182,679
08/10/2007,BOI,ID,ANM,WE,Combined TRACON& Tower with Radar,132,73,64,11,280,0,30,161,25,216,132,103,225,36,496,88,14,102,598
08/11/2007,BOI,ID,ANM,WE,Combined TRACON& Tower with Radar,119,52,46,1,218,0,25,180,25,230,119,77,226,26,448,50,0,50,498
08/12/2007,BOI,ID,ANM,WE,Combined TRACON& Tower with Radar,121,47,33,19,220,0,29,124,3,156,121,76,157,22,376,74,0,74,450
08/13/2007,BOI,ID,ANM,WE,Combined TRACON& Tower with Radar,132,72,84,5,293,0,33,174,26,233,132,105,258,31,526,112,0,112,638
08/14/2007,BOI,ID,ANM,WE,Combined TRACON& Tower with Radar,136,74,71,5,286,0,22,142,31,195,136,96,213,36,481,66,38,104,585
08/15/2007,BOI,ID,ANM,WE,Combined TRACON& Tower with Radar,135,79,88,16,318,0,31,145,37,213,135,110,233,53,531,68,4,72,603
08/16/2007,BOI,ID,ANM,WE,Combined TRACON& Tower with Radar,117,64,103,20,304,0,25,145,37,207,117,89,248,57,511,112,8,120,631
08/17/2007,BOI,ID,ANM,WE,Combined TRACON& Tower with Radar,140,69,63,8,280,0,13,177,30,220,140,82,240,38,500,78,0,78,578
08/18/2007,BOI,ID,ANM,WE,Combined TRACON& Tower with Radar,121,57,59,7,244,0,83,156,11,250,121,140,215,18,494,44,6,50,544
08/19/2007,BOI,ID,ANM,WE,Combined TRACON& Tower with Radar,119,58,53,2,232,0,35,81,14,130,119,93,134,16,362,10,0,10,372
08/20/2007,BOI,ID,ANM,WE,Combined TRACON& Tower with Radar,125,60,64,0,249,0,34,158,15,207,125,94,222,15,456,58,12,70,526
08/21/2007,BOI,ID,ANM,WE,Combined TRACON& Tower with Radar,135,66,76,14,291,0,47,130,24,201,135,113,206,38,492,58,12,70,562
08/22/2007,BOI,ID,ANM,WE,Combined TRACON& Tower with Radar,129,75,76,11,291,0,39,177,25,241,129,114,253,36,532,8,0,8,540
08/23/2007,BOI,ID,ANM,WE,Combined TRACON& Tower with Radar,143,65,69,15,292,0,52,124,25,201,143,117,193,40,493,52,10,62,555
08/24/2007,BOI,ID,ANM,WE,Combined TRACON& Tower with Radar,134,72,47,32,285,0,32,144,26,202,134,104,191,58,487,90,8,98,585
08/25/2007,BOI,ID,ANM,WE,Combined TRACON& Tower with Radar,122,43,47,3,215,0,36,140,15,191,122,79,187,18,406,46,2,48,454
08/26/2007,BOI,ID,ANM,WE,Combined TRACON& Tower with Radar,111,54,37,2,204,0,75,120,8,203,111,129,157,10,407,64,2,66,473
08/27/2007,BOI,ID,ANM,WE,Combined TRACON& Tower with Radar,134,61,84,4,283,0,56,142,19,217,134,117,226,23,500,76,8,84,584
08/28/2007,BOI,ID,ANM,WE,Combined TRACON& Tower with Radar,132,69,83,11,295,0,26,153,22,201,132,95,236,33,496,66,24,90,586
08/29/2007,BOI,ID,ANM,WE,Combined TRACON& Tower with Radar,130,58,81,19,288,0,50,160,23,233,130,108,241,42,521,34,18,52,573
08/30/2007,BOI,ID,ANM,WE,Combined TRACON& Tower with Radar,143,72,70,13,298,0,42,123,24,189,143,114,193,37,487,58,10,68,555
08/31/2007,BOI,ID,ANM,WE,Combined TRACON& Tower with Radar,133,69,68,12,282,0,33,140,14,187,133,102,208,26,469,68,6,74,543
09/01/2007,BOI,ID,ANM,WE,Combined TRACON& Tower with Radar,118,48,47,2,215,0,37,164,9,210,118,85,211,11,425,52,6,58,483
09/02/2007,BOI,ID,ANM,WE,Combined TRACON& Tower with Radar,82,30,33,0,145,0,30,101,13,144,82,60,134,13,289,42,0,42,331
09/03/2007,BOI,ID,ANM,WE,Combined TRACON& Tower with Radar,109,47,65,0,221,0,95,186,18,299,109,142,251,18,520,86,0,86,606
09/04/2007,BOI,ID,ANM,WE,Combined TRACON& Tower with Radar,132,72,65,7,276,0,56,144,26,226,132,128,209,33,502,104,0,104,606
09/05/2007,BOI,ID,ANM,WE,Combined TRACON& Tower with Radar,139,77,71,12,299,0,10,118,8,136,139,87,189,20,435,32,8,40,475
09/06/2007,BOI,ID,ANM,WE,Combined TRACON& Tower with Radar,131,71,79,11,292,0,35,145,18,198,131,106,224,29,490,118,4,122,612
09/07/2007,BOI,ID,ANM,WE,Combined TRACON& Tower with Radar,132,72,82,22,308,0,28,198,38,264,132,100,280,60,572,102,44,146,718
09/08/2007,BOI,ID,ANM,WE,Combined TRACON& Tower with Radar,120,57,51,16,244,0,5,150,15,170,120,62,201,31,414,110,10,120,534
09/09/2007,BOI,ID,ANM,WE,Combined TRACON& Tower with Radar,113,51,70,13,247,0,12,131,14,157,113,63,201,27,404,58,12,70,474
09/10/2007,BOI,ID,ANM,WE,Combined TRACON& Tower with Radar,113,51,70,13,247,0,12,131,14,157,113,63,201,27,404,60,16,76,480
09/11/2007,BOI,ID,ANM,WE,Combined TRACON& Tower with Radar,138,70,99,11,318,0,21,174,20,215,138,91,273,31,533,70,36,106,639
09/12/2007,BOI,ID,ANM,WE,Combined TRACON& Tower with Radar,106,67,99,14,286,0,23,171,11,205,106,90,270,25,491,54,10,64,555
09/13/2007,BOI,ID,ANM,WE,Combined TRACON& Tower with Radar,110,80,99,26,315,0,30,163,20,213,110,110,262,46,528,108,8,116,644
09/14/2007,BOI,ID,ANM,WE,Combined TRACON& Tower with Radar,124,80,71,17,292,0,20,117,10,147,124,100,188,27,439,86,18,104,543
09/15/2007,BOI,ID,ANM,WE,Combined TRACON& Tower with Radar,108,58,31,3,200,0,16,147,9,172,108,74,178,12,372,122,8,130,502
09/16/2007,BOI,ID,ANM,WE,Combined TRACON& Tower with Radar,100,53,36,3,192,0,17,94,12,123,100,70,130,15,315,54,2,56,371
09/17/2007,BOI,ID,ANM,WE,Combined TRACON& Tower with Radar,123,65,41,12,241,0,16,114,22,152,123,81,155,34,393,98,5,103,496
09/18/2007,BOI,ID,ANM,WE,Combined TRACON& Tower with Radar,129,73,61,23,286,0,5,99,20,124,129,78,160,43,410,98,16,114,524
09/19/2007,BOI,ID,ANM,WE,Combined TRACON& Tower with Radar,132,64,89,20,305,0,18,132,10,160,132,82,221,30,465,52,12,64,529
09/20/2007,BOI,ID,ANM,WE,Combined TRACON& Tower with Radar,132,75,94,8,309,0,12,140,23,175,132,87,234,31,484,100,10,110,594
09/21/2007,BOI,ID,ANM,WE,Combined TRACON& Tower with Radar,130,66,65,15,276,0,15,153,19,187,130,81,218,34,463,104,2,106,569
09/22/2007,BOI,ID,ANM,WE,Combined TRACON& Tower with Radar,122,48,40,5,215,0,23,108,3,134,122,71,148,8,349,152,0,152,501
09/23/2007,BOI,ID,ANM,WE,Combined TRACON& Tower with Radar,111,44,45,4,204,0,7,43,3,53,111,51,88,7,257,52,2,54,311
09/24/2007,BOI,ID,ANM,WE,Combined TRACON& Tower with Radar,125,64,71,8,268,0,9,143,2,154,125,73,214,10,422,86,4,90,512
09/25/2007,BOI,ID,ANM,WE,Combined TRACON& Tower with Radar,134,61,89,18,302,0,18,139,31,188,134,79,228,49,490,96,2,98,588
09/26/2007,BOI,ID,ANM,WE,Combined TRACON& Tower with Radar,134,70,74,19,297,0,14,173,33,220,134,84,247,52,517,114,10,124,641
09/27/2007,BOI,ID,ANM,WE,Combined TRACON& Tower with Radar,133,76,85,27,321,0,16,158,26,200,133,92,243,53,521,104,14,118,639
09/28/2007,BOI,ID,ANM,WE,Combined TRACON& Tower with Radar,135,71,77,12,295,0,15,101,18,134,135,86,178,30,429,76,0,76,505
09/29/2007,BOI,ID,ANM,WE,Combined TRACON& Tower with Radar,126,53,43,0,222,0,15,113,14,142,126,68,156,14,364,70,0,70,434
09/30/2007,BOI,ID,ANM,WE,Combined TRACON& Tower with Radar,116,46,51,3,216,0,10,101,1,112,116,56,152,4,328,28,0,28,356
10/01/2007,BOI,ID,ANM,WE,Combined TRACON& Tower with Radar,122,82,63,5,272,0,13,51,0,64,122,95,114,5,336,60,4,64,400
10/02/2007,BOI,ID,ANM,WE,Combined TRACON& Tower with Radar,128,80,67,7,282,0,19,122,18,159,128,99,189,25,441,84,48,132,573
10/03/2007,BOI,ID,ANM,WE,Combined TRACON& Tower with Radar,128,77,68,19,292,0,13,126,20,159,128,90,194,39,451,104,18,122,573
10/04/2007,BOI,ID,ANM,WE,Combined TRACON& Tower with Radar,125,77,80,9,291,0,7,134,13,154,125,84,214,22,445,68,14,82,527
10/05/2007,BOI,ID,ANM,WE,Combined TRACON& Tower with Radar,130,77,62,19,288,0,5,85,13,103,130,82,147,32,391,42,10,52,443
10/06/2007,BOI,ID,ANM,WE,Combined TRACON& Tower with Radar,121,52,34,6,213,0,12,84,9,105,121,64,118,15,318,38,0,38,356
10/07/2007,BOI,ID,ANM,WE,Combined TRACON& Tower with Radar,104,53,27,0,184,0,9,139,4,152,104,62,166,4,336,72,0,72,408
10/08/2007,BOI,ID,ANM,WE,Combined TRACON& Tower with Radar,122,61,36,0,219,0,6,95,19,120,122,67,131,19,339,50,0,50,389
10/09/2007,BOI,ID,ANM,WE,Combined TRACON& Tower with Radar,131,69,60,13,273,0,17,59,13,89,131,86,119,26,362,44,12,56,418
10/10/2007,BOI,ID,ANM,WE,Combined TRACON& Tower with Radar,129,79,72,9,289,0,5,82,20,107,129,84,154,29,396,40,32,72,468
10/11/2007,BOI,ID,ANM,WE,Combined TRACON& Tower with Radar,129,66,92,15,302,0,7,155,18,180,129,73,247,33,482,82,6,88,570
10/12/2007,BOI,ID,ANM,WE,Combined TRACON& Tower with Radar,130,71,61,26,288,0,24,132,9,165,130,95,193,35,453,34,24,58,511
10/13/2007,BOI,ID,ANM,WE,Combined TRACON& Tower with Radar,120,51,28,16,215,0,22,117,21,160,120,73,145,37,375,44,34,78,453
10/14/2007,BOI,ID,ANM,WE,Combined TRACON& Tower with Radar,100,45,26,0,171,0,16,125,6,147,100,61,151,6,318,46,0,46,364
10/15/2007,BOI,ID,ANM,WE,Combined TRACON& Tower with Radar,134,74,54,11,273,0,14,115,14,143,134,88,169,25,416,58,14,72,488
10/16/2007,BOI,ID,ANM,WE,Combined TRACON& Tower with Radar,132,70,86,23,311,0,18,105,17,140,132,88,191,40,451,94,32,126,577
10/17/2007,BOI,ID,ANM,WE,Combined TRACON& Tower with Radar,127,82,78,15,302,0,14,63,14,91,127,96,141,29,393,54,6,60,453
10/18/2007,BOI,ID,ANM,WE,Combined TRACON& Tower with Radar,124,86,62,32,304,0,3,68,12,83,124,89,130,44,387,50,8,58,445
10/19/2007,BOI,ID,ANM,WE,Combined TRACON& Tower with Radar,135,73,74,15,297,0,6,21,5,32,135,79,95,20,329,30,2,32,361
10/20/2007,BOI,ID,ANM,WE,Combined TRACON& Tower with Radar,135,73,74,15,297,0,6,21,5,32,135,79,95,20,329,69,0,69,398
10/21/2007,BOI,ID,ANM,WE,Combined TRACON& Tower with Radar,104,43,39,0,186,0,12,150,5,167,104,55,189,5,353,50,0,50,403
10/22/2007,BOI,ID,ANM,WE,Combined TRACON& Tower with Radar,128,71,74,11,284,0,33,150,24,207,128,104,224,35,491,34,28,62,553
10/23/2007,BOI,ID,ANM,WE,Combined TRACON& Tower with Radar,128,65,78,27,298,0,15,157,23,195,128,80,235,50,493,38,24,62,555
10/24/2007,BOI,ID,ANM,WE,Combined TRACON& Tower with Radar,127,67,76,18,288,0,21,174,16,211,127,88,250,34,499,68,0,68,567
10/25/2007,BOI,ID,ANM,WE,Combined TRACON& Tower with Radar,132,64,98,14,308,0,14,89,24,127,132,78,187,38,435,32,4,36,471
10/26/2007,BOI,ID,ANM,WE,Combined TRACON& Tower with Radar,132,64,98,14,308,0,14,89,24,127,132,78,187,38,435,22,8,30,465
10/27/2007,BOI,ID,ANM,WE,Combined TRACON& Tower with Radar,119,47,33,3,202,0,31,181,12,224,119,78,214,15,426,68,0,68,494
10/28/2007,BOI,ID,ANM,WE,Combined TRACON& Tower with Radar,96,46,39,2,183,0,18,133,5,156,96,64,172,7,339,44,0,44,383
10/29/2007,BOI,ID,ANM,WE,Combined TRACON& Tower with Radar,119,64,78,27,288,0,16,129,11,156,119,80,207,38,444,64,16,80,524
10/30/2007,BOI,ID,ANM,WE,Combined TRACON& Tower with Radar,122,71,77,18,288,0,21,118,25,164,122,92,195,43,452,86,33,119,571
10/31/2007,BOI,ID,ANM,WE,Combined TRACON& Tower with Radar,111,58,58,16,243,0,21,185,26,232,111,79,243,42,475,136,12,148,623
11/01/2007,BOI,ID,ANM,WE,Combined TRACON& Tower with Radar,121,75,76,17,289,0,24,149,12,185,121,99,225,29,474,80,12,92,566
11/02/2007,BOI,ID,ANM,WE,Combined TRACON& Tower with Radar,123,76,81,10,290,0,14,138,13,165,123,90,219,23,455,96,8,104,559
11/03/2007,BOI,ID,ANM,WE,Combined TRACON& Tower with Radar,112,55,28,30,225,0,12,130,25,167,112,67,158,55,392,52,14,66,458
11/04/2007,BOI,ID,ANM,WE,Combined TRACON& Tower with Radar,100,43,20,1,164,0,27,110,18,155,100,70,130,19,319,66,12,78,397
11/05/2007,BOI,ID,ANM,WE,Combined TRACON& Tower with Radar,100,43,20,1,164,0,27,110,18,155,100,70,130,19,319,90,6,96,415
11/06/2007,BOI,ID,ANM,WE,Combined TRACON& Tower with Radar,127,61,80,12,280,0,13,179,28,220,127,74,259,40,500,42,0,42,542
11/07/2007,BOI,ID,ANM,WE,Combined TRACON& Tower with Radar,124,68,87,13,292,0,20,166,59,245,124,88,253,72,537,140,6,146,683
11/08/2007,BOI,ID,ANM,WE,Combined TRACON& Tower with Radar,125,67,88,13,293,0,21,147,58,226,125,88,235,71,519,42,6,48,567
11/09/2007,BOI,ID,ANM,WE,Combined TRACON& Tower with Radar,121,72,99,16,308,0,21,101,32,154,121,93,200,48,462,60,8,68,530
11/10/2007,BOI,ID,ANM,WE,Combined TRACON& Tower with Radar,121,57,58,4,240,0,22,103,6,131,121,79,161,10,371,94,0,94,465
11/11/2007,BOI,ID,ANM,WE,Combined TRACON& Tower with Radar,107,45,32,1,185,0,10,63,5,78,107,55,95,6,263,64,0,64,327
11/12/2007,BOI,ID,ANM,WE,Combined TRACON& Tower with Radar,115,59,46,4,224,0,19,31,5,55,115,78,77,9,279,20,0,20,299
11/13/2007,BOI,ID,ANM,WE,Combined TRACON& Tower with Radar,130,71,51,25,277,0,18,65,14,97,130,89,116,39,374,74,30,104,478
11/14/2007,BOI,ID,ANM,WE,Combined TRACON& Tower with Radar,125,71,84,22,302,0,16,110,20,146,125,87,194,42,448,100,24,124,572
11/15/2007,BOI,ID,ANM,WE,Combined TRACON& Tower with Radar,130,79,81,34,324,0,4,121,19,144,130,83,202,53,468,58,2,60,528
11/16/2007,BOI,ID,ANM,WE,Combined TRACON& Tower with Radar,129,71,71,10,281,0,2,62,10,74,129,73,133,20,355,34,0,34,389
11/17/2007,BOI,ID,ANM,WE,Combined TRACON& Tower with Radar,118,55,44,0,217,0,7,88,19,114,118,62,132,19,331,128,0,128,459
11/18/2007,BOI,ID,ANM,WE,Combined TRACON& Tower with Radar,110,42,38,0,190,0,12,79,2,93,110,54,117,2,283,97,0,97,380
11/19/2007,BOI,ID,ANM,WE,Combined TRACON& Tower with Radar,121,65,64,16,266,0,7,66,7,80,121,72,130,23,346,54,14,68,414
11/20/2007,BOI,ID,ANM,WE,Combined TRACON& Tower with Radar,130,69,78,10,287,0,4,56,16,76,130,73,134,26,363,40,8,48,411
11/21/2007,BOI,ID,ANM,WE,Combined TRACON& Tower with Radar,121,72,67,8,268,0,10,124,18,152,121,82,191,26,420,70,2,72,492
11/22/2007,BOI,ID,ANM,WE,Combined TRACON& Tower with Radar,107,45,20,0,172,0,11,50,5,66,107,56,70,5,238,48,0,48,286
11/23/2007,BOI,ID,ANM,WE,Combined TRACON& Tower with Radar,87,49,27,0,163,0,9,121,4,134,87,58,148,4,297,42,0,42,339
11/24/2007,BOI,ID,ANM,WE,Combined TRACON& Tower with Radar,119,62,34,0,215,0,17,108,5,130,119,79,142,5,345,44,0,44,389
11/25/2007,BOI,ID,ANM,WE,Combined TRACON& Tower with Radar,120,49,39,3,211,0,20,89,4,113,120,69,128,7,324,92,0,92,416
11/26/2007,BOI,ID,ANM,WE,Combined TRACON& Tower with Radar,119,68,70,13,270,0,9,78,10,97,119,77,148,23,367,38,4,42,409
11/27/2007,BOI,ID,ANM,WE,Combined TRACON& Tower with Radar,127,73,66,20,286,0,11,52,8,71,127,84,118,28,357,56,4,60,417
11/28/2007,BOI,ID,ANM,WE,Combined TRACON& Tower with Radar,129,72,98,22,321,0,5,85,21,111,129,77,183,43,432,52,6,58,490
11/29/2007,BOI,ID,ANM,WE,Combined TRACON& Tower with Radar,126,83,90,26,325,0,19,72,23,114,126,102,162,49,439,44,28,72,511
11/30/2007,BOI,ID,ANM,WE,Combined TRACON& Tower with Radar,121,76,71,14,282,0,9,113,21,143,121,85,184,35,425,82,12,94,519
12/01/2007,BOI,ID,ANM,WE,Combined TRACON& Tower with Radar,122,59,45,48,274,0,11,108,17,136,122,70,153,65,410,58,6,64,474
12/02/2007,BOI,ID,ANM,WE,Combined TRACON& Tower with Radar,100,51,38,34,223,0,13,51,20,84,100,64,89,54,307,42,20,62,369
12/03/2007,BOI,ID,ANM,WE,Combined TRACON& Tower with Radar,114,71,61,2,248,0,5,59,10,74,114,76,120,12,322,42,2,44,366
12/04/2007,BOI,ID,ANM,WE,Combined TRACON& Tower with Radar,122,66,60,8,256,0,18,82,13,113,122,84,142,21,369,74,19,93,462
12/05/2007,BOI,ID,ANM,WE,Combined TRACON& Tower with Radar,123,66,94,29,312,0,17,112,22,151,123,83,206,51,463,60,6,66,529
12/06/2007,BOI,ID,ANM,WE,Combined TRACON& Tower with Radar,123,67,96,18,304,0,9,103,18,130,123,76,199,36,434,46,2,48,482
12/07/2007,BOI,ID,ANM,WE,Combined TRACON& Tower with Radar,120,69,48,1,238,0,0,1,0,1,120,69,49,1,239,0,0,0,239
12/08/2007,BOI,ID,ANM,WE,Combined TRACON& Tower with Radar,117,59,35,7,218,0,4,57,6,67,117,63,92,13,285,66,0,66,351
12/09/2007,BOI,ID,ANM,WE,Combined TRACON& Tower with Radar,106,46,27,2,181,0,6,105,0,111,106,52,132,2,292,30,4,34,326
12/10/2007,BOI,ID,ANM,WE,Combined TRACON& Tower with Radar,119,66,44,3,232,0,14,34,10,58,119,80,78,13,290,52,0,52,342
12/11/2007,BOI,ID,ANM,WE,Combined TRACON& Tower with Radar,126,71,71,7,275,0,5,99,11,115,126,76,170,18,390,98,6,104,494
12/12/2007,BOI,ID,ANM,WE,Combined TRACON& Tower with Radar,127,74,72,12,285,0,8,117,25,150,127,82,189,37,435,170,24,194,629
12/13/2007,BOI,ID,ANM,WE,Combined TRACON& Tower with Radar,125,66,59,18,268,0,8,121,23,152,125,74,180,41,420,108,32,140,560
12/14/2007,BOI,ID,ANM,WE,Combined TRACON& Tower with Radar,124,79,82,8,293,0,6,108,25,139,124,85,190,33,432,26,20,46,478
12/15/2007,BOI,ID,ANM,WE,Combined TRACON& Tower with Radar,116,60,34,1,211,0,18,85,3,106,116,78,119,4,317,72,0,72,389
12/16/2007,BOI,ID,ANM,WE,Combined TRACON& Tower with Radar,110,46,29,4,189,0,9,97,7,113,110,55,126,11,302,62,2,64,366
12/17/2007,BOI,ID,ANM,WE,Combined TRACON& Tower with Radar,129,65,62,14,270,0,16,77,14,107,129,81,139,28,377,58,6,64,441
12/18/2007,BOI,ID,ANM,WE,Combined TRACON& Tower with Radar,129,68,75,8,280,0,6,39,0,45,129,74,114,8,325,54,2,56,381
12/19/2007,BOI,ID,ANM,WE,Combined TRACON& Tower with Radar,133,76,78,7,294,0,12,51,10,73,133,88,129,17,367,80,6,86,453
12/20/2007,BOI,ID,ANM,WE,Combined TRACON& Tower with Radar,141,79,86,14,320,0,4,71,8,83,141,83,157,22,403,88,44,132,535
12/21/2007,BOI,ID,ANM,WE,Combined TRACON& Tower with Radar,133,70,83,25,311,0,23,130,13,166,133,93,213,38,477,102,12,114,591
12/22/2007,BOI,ID,ANM,WE,Combined TRACON& Tower with Radar,127,63,35,0,225,0,6,94,7,107,127,69,129,7,332,114,0,114,446
12/23/2007,BOI,ID,ANM,WE,Combined TRACON& Tower with Radar,115,55,31,0,201,0,1,13,0,14,115,56,44,0,215,20,0,20,235
12/24/2007,BOI,ID,ANM,WE,Combined TRACON& Tower with Radar,126,69,29,0,224,0,2,11,0,13,126,71,40,0,237,22,0,22,259
12/25/2007,BOI,ID,ANM,WE,Combined TRACON& Tower with Radar,96,37,4,0,137,0,5,19,0,24,96,42,23,0,161,8,0,8,169
12/26/2007,BOI,ID,ANM,WE,Combined TRACON& Tower with Radar,113,70,61,0,244,0,2,21,0,23,113,72,82,0,267,18,2,20,287
12/27/2007,BOI,ID,ANM,WE,Combined TRACON& Tower with Radar,134,84,62,11,291,0,12,100,6,118,134,96,162,17,409,70,18,88,497
12/28/2007,BOI,ID,ANM,WE,Combined TRACON& Tower with Radar,125,68,52,0,245,0,17,52,0,69,125,85,104,0,314,106,0,106,420
12/29/2007,BOI,ID,ANM,WE,Combined TRACON& Tower with Radar,119,56,26,0,201,0,7,70,9,86,119,63,96,9,287,46,0,46,333
12/30/2007,BOI,ID,ANM,WE,Combined TRACON& Tower with Radar,112,54,54,0,220,0,21,3,2,26,112,75,57,2,246,28,0,28,274
12/31/2007,BOI,ID,ANM,WE,Combined TRACON& Tower with Radar,114,59,59,0,232,0,23,112,17,152,114,82,171,17,384,52,0,52,436
01/01/2008,BOI,ID,ANM,WE,Combined TRACON& Tower with Radar,87,49,49,0,185,0,13,32,4,49,87,62,81,4,234,54,0,54,288
01/02/2008,BOI,ID,ANM,WE,Combined TRACON& Tower with Radar,124,65,65,10,264,0,17,77,7,101,124,82,142,17,365,46,42,88,453
01/03/2008,BOI,ID,ANM,WE,Combined TRACON& Tower with Radar,119,71,71,28,289,0,5,41,16,62,119,76,112,44,351,89,50,139,490
01/04/2008,BOI,ID,ANM,WE,Combined TRACON& Tower with Radar,122,67,36,21,246,0,4,0,9,13,122,71,36,30,259,12,0,12,271
01/05/2008,BOI,ID,ANM,WE,Combined TRACON& Tower with Radar,133,66,66,30,295,0,13,29,48,90,133,79,95,78,385,38,0,38,423
01/06/2008,BOI,ID,ANM,WE,Combined TRACON& Tower with Radar,113,45,45,6,209,0,10,33,7,50,113,55,78,13,259,24,12,36,295
01/07/2008,BOI,ID,ANM,WE,Combined TRACON& Tower with Radar,122,71,71,10,274,0,0,25,5,30,122,71,96,15,304,98,8,106,410
01/08/2008,BOI,ID,ANM,WE,Combined TRACON& Tower with Radar,139,74,74,3,290,0,0,16,0,16,139,74,90,3,306,6,0,6,312
01/09/2008,BOI,ID,ANM,WE,Combined TRACON& Tower with Radar,127,71,71,25,294,0,10,125,4,139,127,81,196,29,433,74,4,78,511
01/10/2008,BOI,ID,ANM,WE,Combined TRACON& Tower with Radar,132,73,73,26,304,0,6,92,3,101,132,79,165,29,405,64,18,82,487
01/11/2008,BOI,ID,ANM,WE,Combined TRACON& Tower with Radar,135,64,64,13,276,0,12,130,5,147,135,76,194,18,423,88,32,120,543
01/12/2008,BOI,ID,ANM,WE,Combined TRACON& Tower with Radar,122,49,49,5,225,0,4,76,4,84,122,53,125,9,309,142,0,142,451
01/13/2008,BOI,ID,ANM,WE,Combined TRACON& Tower with Radar,100,38,28,2,168,0,0,0,0,0,100,38,28,2,168,0,0,0,168
01/14/2008,BOI,ID,ANM,WE,Combined TRACON& Tower with Radar,131,63,63,17,274,0,13,134,18,165,131,76,197,35,439,170,16,186,625
01/15/2008,BOI,ID,ANM,WE,Combined TRACON& Tower with Radar,129,62,62,22,275,0,6,74,19,99,129,68,136,41,374,80,56,136,510
01/16/2008,BOI,ID,ANM,WE,Combined TRACON& Tower with Radar,133,62,62,11,268,0,9,133,20,162,133,71,195,31,430,92,26,118,548
01/17/2008,BOI,ID,ANM,WE,Combined TRACON& Tower with Radar,130,72,72,27,301,0,8,132,18,158,130,80,204,45,459,124,4,128,587
01/18/2008,BOI,ID,ANM,WE,Combined TRACON& Tower with Radar,125,66,66,12,269,0,16,135,12,163,125,82,201,24,432,74,0,74,506
01/19/2008,BOI,ID,ANM,WE,Combined TRACON& Tower with Radar,109,45,45,4,203,0,19,92,12,123,109,64,137,16,326,162,0,162,488
01/20/2008,BOI,ID,ANM,WE,Combined TRACON& Tower with Radar,106,36,21,5,168,0,7,0,0,7,106,43,21,5,175,52,0,52,227
01/21/2008,BOI,ID,ANM,WE,Combined TRACON& Tower with Radar,130,53,53,2,238,0,5,24,3,32,130,58,77,5,270,66,0,66,336
01/22/2008,BOI,ID,ANM,WE,Combined TRACON& Tower with Radar,138,56,56,12,262,0,12,152,12,176,138,68,208,24,438,112,40,152,590
01/23/2008,BOI,ID,ANM,WE,Combined TRACON& Tower with Radar,134,56,56,36,282,0,4,183,17,204,134,60,239,53,486,108,32,140,626
01/24/2008,BOI,ID,ANM,WE,Combined TRACON& Tower with Radar,131,56,56,27,270,0,15,132,6,153,131,71,188,33,423,59,4,63,486
01/25/2008,BOI,ID,ANM,WE,Combined TRACON& Tower with Radar,134,77,70,2,283,0,3,0,0,3,134,80,70,2,286,8,6,14,300
01/26/2008,BOI,ID,ANM,WE,Combined TRACON& Tower with Radar,105,48,48,7,208,0,13,7,5,25,105,61,55,12,233,86,0,86,319
01/27/2008,BOI,ID,ANM,WE,Combined TRACON& Tower with Radar,99,42,42,4,187,0,9,10,0,19,99,51,52,4,206,10,2,12,218
01/28/2008,BOI,ID,ANM,WE,Combined TRACON& Tower with Radar,136,60,60,4,260,0,16,30,12,58,136,76,90,16,318,48,2,50,368
01/29/2008,BOI,ID,ANM,WE,Combined TRACON& Tower with Radar,136,59,59,1,255,0,2,1,0,3,136,61,60,1,258,30,2,32,290
01/30/2008,BOI,ID,ANM,WE,Combined TRACON& Tower with Radar,136,67,67,9,279,0,4,82,8,94,136,71,149,17,373,98,12,110,483
01/31/2008,BOI,ID,ANM,WE,Combined TRACON& Tower with Radar,127,65,65,8,265,0,3,9,0,12,127,68,74,8,277,8,0,8,285
02/01/2008,BOI,ID,ANM,WE,Combined TRACON& Tower with Radar,127,72,72,6,277,0,14,118,5,137,127,86,190,11,414,148,0,148,562
02/02/2008,BOI,ID,ANM,WE,Combined TRACON& Tower with Radar,115,38,38,2,193,0,5,33,5,43,115,43,71,7,236,108,0,108,344
02/03/2008,BOI,ID,ANM,WE,Combined TRACON& Tower with Radar,102,33,22,1,158,0,1,0,0,1,102,34,22,1,159,0,0,0,159
02/04/2008,BOI,ID,ANM,WE,Combined TRACON& Tower with Radar,122,54,54,15,245,0,68,62,11,141,122,122,116,26,386,30,34,64,450
02/05/2008,BOI,ID,ANM,WE,Combined TRACON& Tower with Radar,137,59,59,14,269,0,8,57,16,81,137,67,116,30,350,48,12,60,410
02/06/2008,BOI,ID,ANM,WE,Combined TRACON& Tower with Radar,134,65,65,13,277,0,0,4,8,12,134,65,69,21,289,28,22,50,339
02/07/2008,BOI,ID,ANM,WE,Combined TRACON& Tower with Radar,137,62,62,12,273,0,4,16,15,35,137,66,78,27,308,40,12,52,360
02/08/2008,BOI,ID,ANM,WE,Combined TRACON& Tower with Radar,131,59,59,11,260,0,9,55,7,71,131,68,114,18,331,80,0,80,411
02/09/2008,BOI,ID,ANM,WE,Combined TRACON& Tower with Radar,112,46,46,35,239,0,28,125,25,178,112,74,171,60,417,76,4,80,497
02/10/2008,BOI,ID,ANM,WE,Combined TRACON& Tower with Radar,101,33,33,0,167,0,20,72,13,105,101,53,105,13,272,56,0,56,328
02/11/2008,BOI,ID,ANM,WE,Combined TRACON& Tower with Radar,127,54,54,6,241,0,19,87,20,126,127,73,141,26,367,120,4,124,491
02/12/2008,BOI,ID,ANM,WE,Combined TRACON& Tower with Radar,131,55,55,10,251,0,22,103,20,145,131,77,158,30,396,102,12,114,510
02/13/2008,BOI,ID,ANM,WE,Combined TRACON& Tower with Radar,123,74,74,14,285,0,16,15,11,42,123,90,89,25,327,26,0,26,353
02/14/2008,BOI,ID,ANM,WE,Combined TRACON& Tower with Radar,135,66,66,15,282,0,9,58,15,82,135,75,124,30,364,54,4,58,422
02/15/2008,BOI,ID,ANM,WE,Combined TRACON& Tower with Radar,117,70,70,10,267,0,11,88,22,121,117,81,158,32,388,64,2,66,454
02/16/2008,BOI,ID,ANM,WE,Combined TRACON& Tower with Radar,107,44,44,0,195,0,26,96,19,141,107,70,140,19,336,58,2,60,396
02/17/2008,BOI,ID,ANM,WE,Combined TRACON& Tower with Radar,95,40,40,2,177,0,18,64,1,83,95,58,104,3,260,52,0,52,312
02/18/2008,BOI,ID,ANM,WE,Combined TRACON& Tower with Radar,120,46,46,1,213,0,20,86,4,110,120,66,132,5,323,100,0,100,423
02/19/2008,BOI,ID,ANM,WE,Combined TRACON& Tower with Radar,128,66,66,24,284,0,23,59,13,95,128,89,125,37,379,68,18,86,465
02/20/2008,BOI,ID,ANM,WE,Combined TRACON& Tower with Radar,125,68,68,26,287,0,8,52,13,73,125,76,120,39,360,78,17,95,455
02/21/2008,BOI,ID,ANM,WE,Combined TRACON& Tower with Radar,120,65,65,13,263,0,6,105,17,128,120,71,170,30,391,128,12,140,531
02/22/2008,BOI,ID,ANM,WE,Combined TRACON& Tower with Radar,127,72,36,2,237,0,5,0,0,5,127,77,36,2,242,4,0,4,246
02/23/2008,BOI,ID,ANM,WE,Combined TRACON& Tower with Radar,111,40,40,1,192,0,2,7,8,17,111,42,47,9,209,0,4,4,213
02/24/2008,BOI,ID,ANM,WE,Combined TRACON& Tower with Radar,101,39,39,0,179,0,14,14,1,29,101,53,53,1,208,34,0,34,242
02/25/2008,BOI,ID,ANM,WE,Combined TRACON& Tower with Radar,122,60,60,2,244,0,5,45,17,67,122,65,105,19,311,30,0,30,341
02/26/2008,BOI,ID,ANM,WE,Combined TRACON& Tower with Radar,126,62,62,14,264,0,5,90,10,105,126,67,152,24,369,52,8,60,429
02/27/2008,BOI,ID,ANM,WE,Combined TRACON& Tower with Radar,128,65,65,30,288,0,17,82,16,115,128,82,147,46,403,64,0,64,467
02/28/2008,BOI,ID,ANM,WE,Combined TRACON& Tower with Radar,122,66,66,25,279,0,24,86,25,135,122,90,152,50,414,104,2,106,520
02/29/2008,BOI,ID,ANM,WE,Combined TRACON& Tower with Radar,130,70,70,14,284,0,20,65,5,90,130,90,135,19,374,102,10,112,486
03/01/2008,BOI,ID,ANM,WE,Combined TRACON& Tower with Radar,104,43,43,25,215,0,10,3,5,18,104,53,46,30,233,16,6,22,255
03/02/2008,BOI,ID,ANM,WE,Combined TRACON& Tower with Radar,103,40,40,8,191,0,19,57,4,80,103,59,97,12,271,14,0,14,285
03/03/2008,BOI,ID,ANM,WE,Combined TRACON& Tower with Radar,118,58,58,3,237,0,22,48,4,74,118,80,106,7,311,20,0,20,331
03/04/2008,BOI,ID,ANM,WE,Combined TRACON& Tower with Radar,135,69,69,14,287,0,5,33,13,51,135,74,102,27,338,82,16,98,436
03/05/2008,BOI,ID,ANM,WE,Combined TRACON& Tower with Radar,127,67,67,27,288,0,19,81,22,122,127,86,148,49,410,57,6,63,473
03/06/2008,BOI,ID,ANM,WE,Combined TRACON& Tower with Radar,128,60,60,37,285,0,9,102,24,135,128,69,162,61,420,74,40,114,534
03/07/2008,BOI,ID,ANM,WE,Combined TRACON& Tower with Radar,127,66,66,14,273,0,6,103,13,122,127,72,169,27,395,54,22,76,471
03/08/2008,BOI,ID,ANM,WE,Combined TRACON& Tower with Radar,112,48,48,0,208,0,13,18,4,35,112,61,66,4,243,22,0,22,265
03/09/2008,BOI,ID,ANM,WE,Combined TRACON& Tower with Radar,0,36,36,7,79,110,32,96,6,244,110,68,132,13,323,106,0,106,429
03/10/2008,BOI,ID,ANM,WE,Combined TRACON& Tower with Radar,120,63,63,12,258,0,10,70,11,91,120,73,133,23,349,76,14,90,439
03/11/2008,BOI,ID,ANM,WE,Combined TRACON& Tower with Radar,129,62,62,24,277,0,6,77,28,111,129,68,139,52,388,41,28,69,457
03/12/2008,BOI,ID,ANM,WE,Combined TRACON& Tower with Radar,125,69,69,27,290,0,10,73,22,105,125,79,142,49,395,48,31,79,474
03/13/2008,BOI,ID,ANM,WE,Combined TRACON& Tower with Radar,135,59,59,21,274,0,9,46,7,62,135,68,105,28,336,52,10,62,398
03/14/2008,BOI,ID,ANM,WE,Combined TRACON& Tower with Radar,128,77,77,17,299,0,12,28,20,60,128,89,105,37,359,132,2,134,493
03/15/2008,BOI,ID,ANM,WE,Combined TRACON& Tower with Radar,116,47,47,4,214,0,8,20,15,43,116,55,67,19,257,66,8,74,331
03/16/2008,BOI,ID,ANM,WE,Combined TRACON& Tower with Radar,104,43,43,11,201,0,7,26,9,42,104,50,69,20,243,34,4,38,281
03/17/2008,BOI,ID,ANM,WE,Combined TRACON& Tower with Radar,123,62,62,8,255,0,16,71,9,96,123,78,133,17,351,72,11,83,434
03/18/2008,BOI,ID,ANM,WE,Combined TRACON& Tower with Radar,138,71,71,13,293,0,12,41,11,64,138,83,112,24,357,94,0,94,451
03/19/2008,BOI,ID,ANM,WE,Combined TRACON& Tower with Radar,136,62,62,8,268,0,14,58,6,78,136,76,120,14,346,46,14,60,406
03/20/2008,BOI,ID,ANM,WE,Combined TRACON& Tower with Radar,128,72,72,21,293,0,8,86,14,108,128,80,158,35,401,50,12,62,463
03/21/2008,BOI,ID,ANM,WE,Combined TRACON& Tower with Radar,128,72,72,13,285,0,17,48,18,83,128,89,120,31,368,124,12,136,504
03/22/2008,BOI,ID,ANM,WE,Combined TRACON& Tower with Radar,112,48,48,3,211,0,13,134,13,160,112,61,182,16,371,54,8,62,433
03/23/2008,BOI,ID,ANM,WE,Combined TRACON& Tower with Radar,110,41,41,0,192,0,17,23,2,42,110,58,64,2,234,28,0,28,262
03/24/2008,BOI,ID,ANM,WE,Combined TRACON& Tower with Radar,130,64,64,9,267,0,18,49,6,73,130,82,113,15,340,78,2,80,420
03/25/2008,BOI,ID,ANM,WE,Combined TRACON& Tower with Radar,134,71,71,18,294,0,17,49,9,75,134,88,120,27,369,44,10,54,423
03/26/2008,BOI,ID,ANM,WE,Combined TRACON& Tower with Radar,131,71,71,13,286,0,5,12,14,31,131,76,83,27,317,86,24,110,427
03/27/2008,BOI,ID,ANM,WE,Combined TRACON& Tower with Radar,128,69,69,10,276,0,12,63,9,84,128,81,132,19,360,62,18,80,440
03/28/2008,BOI,ID,ANM,WE,Combined TRACON& Tower with Radar,131,63,63,17,274,0,21,49,20,90,131,84,112,37,364,68,16,84,448
03/29/2008,BOI,ID,ANM,WE,Combined TRACON& Tower with Radar,116,47,47,1,211,0,5,63,4,72,116,52,110,5,283,108,0,108,391
03/30/2008,BOI,ID,ANM,WE,Combined TRACON& Tower with Radar,110,37,37,0,184,0,14,43,10,67,110,51,80,10,251,26,0,26,277
03/31/2008,BOI,ID,ANM,WE,Combined TRACON& Tower with Radar,129,55,55,0,239,0,7,65,13,85,129,62,120,13,324,52,0,52,376
04/01/2008,BOI,ID,ANM,WE,Combined TRACON& Tower with Radar,137,66,66,14,283,0,11,111,10,132,137,77,177,24,415,102,34,136,551
04/02/2008,BOI,ID,ANM,WE,Combined TRACON& Tower with Radar,137,63,63,6,269,0,12,88,17,117,137,75,151,23,386,90,30,120,506
04/03/2008,BOI,ID,ANM,WE,Combined TRACON& Tower with Radar,134,61,61,4,260,0,10,80,13,103,134,71,141,17,363,86,18,104,467
04/04/2008,BOI,ID,ANM,WE,Combined TRACON& Tower with Radar,132,62,62,9,265,0,25,52,7,84,132,87,114,16,349,36,28,64,413
04/05/2008,BOI,ID,ANM,WE,Combined TRACON& Tower with Radar,112,44,44,9,209,0,15,79,12,106,112,59,123,21,315,70,10,80,395
04/06/2008,BOI,ID,ANM,WE,Combined TRACON& Tower with Radar,102,41,41,5,189,0,20,17,8,45,102,61,58,13,234,70,6,76,310
04/07/2008,BOI,ID,ANM,WE,Combined TRACON& Tower with Radar,126,61,61,4,252,0,4,66,9,79,126,65,127,13,331,54,0,54,385
04/08/2008,BOI,ID,ANM,WE,Combined TRACON& Tower with Radar,130,45,45,15,235,0,11,79,11,101,130,56,124,26,336,52,10,62,398
04/09/2008,BOI,ID,ANM,WE,Combined TRACON& Tower with Radar,134,53,53,10,250,0,7,33,10,50,134,60,86,20,300,2,14,16,316
04/10/2008,BOI,ID,ANM,WE,Combined TRACON& Tower with Radar,132,52,52,2,238,0,13,88,12,113,132,65,140,14,351,90,2,92,443
04/11/2008,BOI,ID,ANM,WE,Combined TRACON& Tower with Radar,135,41,41,16,233,0,13,149,13,175,135,54,190,29,408,106,2,108,516
04/12/2008,BOI,ID,ANM,WE,Combined TRACON& Tower with Radar,106,28,28,6,168,0,17,91,8,116,106,45,119,14,284,112,2,114,398
04/13/2008,BOI,ID,ANM,WE,Combined TRACON& Tower with Radar,103,36,36,4,179,0,33,60,1,94,103,69,96,5,273,48,0,48,321
04/14/2008,BOI,ID,ANM,WE,Combined TRACON& Tower with Radar,127,57,57,24,265,0,16,69,6,91,127,73,126,30,356,48,0,48,404
04/15/2008,BOI,ID,ANM,WE,Combined TRACON& Tower with Radar,134,47,47,25,253,0,6,65,10,81,134,53,112,35,334,40,2,42,376
04/16/2008,BOI,ID,ANM,WE,Combined TRACON& Tower with Radar,137,57,57,37,288,0,27,89,17,133,137,84,146,54,421,68,1,69,490
04/17/2008,BOI,ID,ANM,WE,Combined TRACON& Tower with Radar,133,48,48,30,259,0,8,156,9,173,133,56,204,39,432,54,2,56,488
04/18/2008,BOI,ID,ANM,WE,Combined TRACON& Tower with Radar,133,44,44,9,230,0,16,147,13,176,133,60,191,22,406,100,4,104,510
04/19/2008,BOI,ID,ANM,WE,Combined TRACON& Tower with Radar,106,30,30,2,168,0,14,28,6,48,106,44,58,8,216,64,0,64,280
04/20/2008,BOI,ID,ANM,WE,Combined TRACON& Tower with Radar,100,31,31,1,163,0,5,11,2,18,100,36,42,3,181,26,0,26,207
04/21/2008,BOI,ID,ANM,WE,Combined TRACON& Tower with Radar,126,44,44,14,228,0,8,96,9,113,126,52,140,23,341,64,0,64,405
04/22/2008,BOI,ID,ANM,WE,Combined TRACON& Tower with Radar,28,13,13,0,54,0,3,5,1,9,28,16,18,1,63,28,2,30,93
04/23/2008,BOI,ID,ANM,WE,Combined TRACON& Tower with Radar,137,71,71,16,295,0,13,31,7,51,137,84,102,23,346,106,17,123,469
04/24/2008,BOI,ID,ANM,WE,Combined TRACON& Tower with Radar,131,49,49,25,254,0,16,102,16,134,131,65,151,41,388,64,14,78,466
04/25/2008,BOI,ID,ANM,WE,Combined TRACON& Tower with Radar,141,52,52,3,248,0,14,139,9,162,141,66,191,12,410,124,8,132,542
04/26/2008,BOI,ID,ANM,WE,Combined TRACON& Tower with Radar,114,35,35,14,198,0,19,90,10,119,114,54,125,24,317,88,6,94,411
04/27/2008,BOI,ID,ANM,WE,Combined TRACON& Tower with Radar,103,31,31,2,167,0,7,57,1,65,103,38,88,3,232,34,0,34,266
04/28/2008,BOI,ID,ANM,WE,Combined TRACON& Tower with Radar,133,57,57,11,258,0,8,150,16,174,133,65,207,27,432,60,4,64,496
04/29/2008,BOI,ID,ANM,WE,Combined TRACON& Tower with Radar,135,54,54,35,278,0,10,55,9,74,135,64,109,44,352,48,7,55,407
04/30/2008,BOI,ID,ANM,WE,Combined TRACON& Tower with Radar,141,70,70,21,302,0,13,29,12,54,141,83,99,33,356,48,4,52,408
05/01/2008,BOI,ID,ANM,WE,Combined TRACON& Tower with Radar,135,50,50,20,255,0,12,95,16,123,135,62,145,36,378,52,10,62,440
05/02/2008,BOI,ID,ANM,WE,Combined TRACON& Tower with Radar,138,47,47,32,264,0,12,113,13,138,138,59,160,45,402,88,10,98,500
05/03/2008,BOI,ID,ANM,WE,Combined TRACON& Tower with Radar,113,29,29,36,207,0,18,68,25,111,113,47,97,61,318,128,18,146,464
05/04/2008,BOI,ID,ANM,WE,Combined TRACON& Tower with Radar,103,31,31,7,172,0,21,85,9,115,103,52,116,16,287,78,8,86,373
05/05/2008,BOI,ID,ANM,WE,Combined TRACON& Tower with Radar,136,47,47,3,233,0,25,84,20,129,136,72,131,23,362,52,0,52,414
05/06/2008,BOI,ID,ANM,WE,Combined TRACON& Tower with Radar,136,45,45,16,242,0,19,118,20,157,136,64,163,36,399,40,8,48,447
05/07/2008,BOI,ID,ANM,WE,Combined TRACON& Tower with Radar,135,44,44,26,249,0,13,101,18,132,135,57,145,44,381,94,72,166,547
05/08/2008,BOI,ID,ANM,WE,Combined TRACON& Tower with Radar,136,45,45,26,252,0,13,100,18,131,136,58,145,44,383,38,27,65,448
05/09/2008,BOI,ID,ANM,WE,Combined TRACON& Tower with Radar,138,42,42,16,238,0,23,113,9,145,138,65,155,25,383,54,4,58,441
05/10/2008,BOI,ID,ANM,WE,Combined TRACON& Tower with Radar,115,34,34,3,186,0,18,77,13,108,115,52,111,16,294,30,0,30,324
05/11/2008,BOI,ID,ANM,WE,Combined TRACON& Tower with Radar,104,37,37,1,179,0,7,31,1,39,104,44,68,2,218,46,0,46,264
05/12/2008,BOI,ID,ANM,WE,Combined TRACON& Tower with Radar,142,42,63,14,261,0,14,89,27,130,142,56,152,41,391,42,10,52,443
05/13/2008,BOI,ID,ANM,WE,Combined TRACON& Tower with Radar,136,49,64,17,266,0,17,105,15,137,136,66,169,32,403,72,26,98,501
05/14/2008,BOI,ID,ANM,WE,Combined TRACON& Tower with Radar,141,48,48,14,251,0,7,70,26,103,141,55,118,40,354,22,6,28,382
05/15/2008,BOI,ID,ANM,WE,Combined TRACON& Tower with Radar,130,50,50,23,253,0,10,107,20,137,130,60,157,43,390,28,16,44,434
05/16/2008,BOI,ID,ANM,WE,Combined TRACON& Tower with Radar,139,51,51,21,262,0,16,124,17,157,139,67,175,38,419,54,4,58,477
05/17/2008,BOI,ID,ANM,WE,Combined TRACON& Tower with Radar,118,31,31,2,182,0,13,83,20,116,118,44,114,22,298,62,0,62,360
05/18/2008,BOI,ID,ANM,WE,Combined TRACON& Tower with Radar,104,33,33,2,172,0,13,80,7,100,104,46,113,9,272,58,0,58,330
05/19/2008,BOI,ID,ANM,WE,Combined TRACON& Tower with Radar,132,38,38,10,218,0,20,82,5,107,132,58,120,15,325,28,0,28,353
05/20/2008,BOI,ID,ANM,WE,Combined TRACON& Tower with Radar,135,48,48,20,251,0,22,66,12,100,135,70,114,32,351,40,12,52,403
05/21/2008,BOI,ID,ANM,WE,Combined TRACON& Tower with Radar,136,58,58,22,274,0,10,40,13,63,136,68,98,35,337,16,6,22,359
05/22/2008,BOI,ID,ANM,WE,Combined TRACON& Tower with Radar,135,47,47,17,246,0,3,27,16,46,135,50,74,33,292,12,0,12,304
05/23/2008,BOI,ID,ANM,WE,Combined TRACON& Tower with Radar,137,45,45,8,235,0,6,65,18,89,137,51,110,26,324,26,6,32,356
05/24/2008,BOI,ID,ANM,WE,Combined TRACON& Tower with Radar,111,37,37,2,187,0,22,51,8,81,111,59,88,10,268,10,0,10,278
05/25/2008,BOI,ID,ANM,WE,Combined TRACON& Tower with Radar,85,19,19,0,123,0,20,60,0,80,85,39,79,0,203,16,0,16,219
05/26/2008,BOI,ID,ANM,WE,Combined TRACON& Tower with Radar,114,21,21,4,160,0,20,72,18,110,114,41,93,22,270,40,2,42,312
05/27/2008,BOI,ID,ANM,WE,Combined TRACON& Tower with Radar,127,54,54,4,239,0,20,58,10,88,127,74,112,14,327,36,2,38,365
05/28/2008,BOI,ID,ANM,WE,Combined TRACON& Tower with Radar,139,43,43,7,232,0,2,110,15,127,139,45,153,22,359,42,4,46,405
05/29/2008,BOI,ID,ANM,WE,Combined TRACON& Tower with Radar,132,51,51,25,259,0,13,72,19,104,132,64,123,44,363,78,12,90,453
05/30/2008,BOI,ID,ANM,WE,Combined TRACON& Tower with Radar,135,43,43,10,231,0,13,107,15,135,135,56,150,25,366,56,14,70,436
05/31/2008,BOI,ID,ANM,WE,Combined TRACON& Tower with Radar,0,25,25,1,51,115,10,84,8,217,115,35,109,9,268,104,0,104,372
06/01/2008,BOI,ID,ANM,WE,Combined TRACON& Tower with Radar,105,28,54,0,187,0,19,56,1,76,105,47,110,1,263,46,0,46,309
06/02/2008,BOI,ID,ANM,WE,Combined TRACON& Tower with Radar,131,49,54,14,248,0,6,88,11,105,131,55,142,25,353,78,0,78,431
06/03/2008,BOI,ID,ANM,WE,Combined TRACON& Tower with Radar,135,59,59,19,272,0,9,29,10,48,135,68,88,29,320,30,2,32,352
06/04/2008,BOI,ID,ANM,WE,Combined TRACON& Tower with Radar,136,57,39,32,264,0,7,44,13,64,136,64,83,45,328,56,24,80,408
06/05/2008,BOI,ID,ANM,WE,Combined TRACON& Tower with Radar,36,51,67,42,196,0,22,121,146,289,36,73,188,188,485,84,36,120,605
06/06/2008,BOI,ID,ANM,WE,Combined TRACON& Tower with Radar,131,57,68,23,279,0,16,81,14,111,131,73,149,37,390,34,10,44,434
06/07/2008,BOI,ID,ANM,WE,Combined TRACON& Tower with Radar,116,50,25,23,214,0,23,102,32,157,116,73,127,55,371,88,22,110,481
06/08/2008,BOI,ID,ANM,WE,Combined TRACON& Tower with Radar,110,31,16,13,170,0,11,87,18,116,110,42,103,31,286,16,32,48,334
06/09/2008,BOI,ID,ANM,WE,Combined TRACON& Tower with Radar,128,51,65,4,248,0,36,86,4,126,128,87,151,8,374,130,0,130,504
06/10/2008,BOI,ID,ANM,WE,Combined TRACON& Tower with Radar,125,58,42,12,237,0,16,31,17,64,125,74,73,29,301,28,2,30,331
06/11/2008,BOI,ID,ANM,WE,Combined TRACON& Tower with Radar,141,63,82,12,298,0,8,58,18,84,141,71,140,30,382,62,22,84,466
06/12/2008,BOI,ID,ANM,WE,Combined TRACON& Tower with Radar,137,59,68,18,282,0,8,149,17,174,137,67,217,35,456,54,8,62,518
06/13/2008,BOI,ID,ANM,WE,Combined TRACON& Tower with Radar,135,51,46,14,246,0,13,113,12,138,135,64,159,26,384,62,8,70,454
06/14/2008,BOI,ID,ANM,WE,Combined TRACON& Tower with Radar,109,47,23,1,180,0,26,100,9,135,109,73,123,10,315,56,0,56,371
06/15/2008,BOI,ID,ANM,WE,Combined TRACON& Tower with Radar,119,32,15,2,168,0,25,113,6,144,119,57,128,8,312,6,0,6,318
06/16/2008,BOI,ID,ANM,WE,Combined TRACON& Tower with Radar,124,63,61,6,254,0,14,99,6,119,124,77,160,12,373,40,0,40,413
06/17/2008,BOI,ID,ANM,WE,Combined TRACON& Tower with Radar,139,61,56,13,269,0,27,112,18,157,139,88,168,31,426,90,30,120,546
06/18/2008,BOI,ID,ANM,WE,Combined TRACON& Tower with Radar,139,58,70,18,285,0,15,117,26,158,139,73,187,44,443,82,3,85,528
06/19/2008,BOI,ID,ANM,WE,Combined TRACON& Tower with Radar,129,59,76,5,269,0,14,126,18,158,129,73,202,23,427,80,6,86,513
06/20/2008,BOI,ID,ANM,WE,Combined TRACON& Tower with Radar,141,53,50,16,260,0,16,113,14,143,141,69,163,30,403,96,10,106,509
06/21/2008,BOI,ID,ANM,WE,Combined TRACON& Tower with Radar,107,44,31,9,191,0,17,112,24,153,107,61,143,33,344,68,0,68,412
06/22/2008,BOI,ID,ANM,WE,Combined TRACON& Tower with Radar,118,34,44,4,200,0,22,96,11,129,118,56,140,15,329,26,2,28,357
06/23/2008,BOI,ID,ANM,WE,Combined TRACON& Tower with Radar,136,49,57,16,258,0,23,117,21,161,136,72,174,37,419,52,14,66,485
06/24/2008,BOI,ID,ANM,WE,Combined TRACON& Tower with Radar,137,65,78,8,288,0,19,139,25,183,137,84,217,33,471,14,30,44,515
06/25/2008,BOI,ID,ANM,WE,Combined TRACON& Tower with Radar,154,81,179,24,438,0,0,0,0,0,154,81,179,24,438,80,18,98,536
06/26/2008,BOI,ID,ANM,WE,Combined TRACON& Tower with Radar,151,78,156,24,409,0,0,0,0,0,151,78,156,24,409,110,10,120,529
06/27/2008,BOI,ID,ANM,WE,Combined TRACON& Tower with Radar,142,54,84,9,289,0,5,163,20,188,142,59,247,29,477,40,8,48,525
06/28/2008,BOI,ID,ANM,WE,Combined TRACON& Tower with Radar,113,53,36,0,202,0,32,123,20,175,113,85,159,20,377,40,6,46,423
06/29/2008,BOI,ID,ANM,WE,Combined TRACON& Tower with Radar,120,34,41,3,198,0,15,97,5,117,120,49,138,8,315,28,0,28,343
06/30/2008,BOI,ID,ANM,WE,Combined TRACON& Tower with Radar,140,52,41,2,235,0,8,103,15,126,140,60,144,17,361,24,6,30,391
07/01/2008,BOI,ID,ANM,WE,Combined TRACON& Tower with Radar,137,58,95,7,297,0,4,90,15,109,137,62,185,22,406,52,14,66,472
07/02/2008,BOI,ID,ANM,WE,Combined TRACON& Tower with Radar,160,67,64,9,300,0,35,147,24,206,160,102,211,33,506,48,22,70,576
07/03/2008,BOI,ID,ANM,WE,Combined TRACON& Tower with Radar,139,54,58,9,260,0,21,136,19,176,139,75,194,28,436,86,15,101,537
07/04/2008,BOI,ID,ANM,WE,Combined TRACON& Tower with Radar,108,27,23,0,158,0,23,92,15,130,108,50,115,15,288,38,2,40,328
07/05/2008,BOI,ID,ANM,WE,Combined TRACON& Tower with Radar,102,36,23,2,163,0,21,107,8,136,102,57,130,10,299,24,0,24,323
07/06/2008,BOI,ID,ANM,WE,Combined TRACON& Tower with Radar,114,41,46,0,201,0,19,79,9,107,114,60,125,9,308,6,0,6,314
07/07/2008,BOI,ID,ANM,WE,Combined TRACON& Tower with Radar,141,50,78,9,278,0,13,130,10,153,141,63,208,19,431,34,0,34,465
07/08/2008,BOI,ID,ANM,WE,Combined TRACON& Tower with Radar,133,56,82,11,282,0,11,138,27,176,133,67,220,38,458,30,6,36,494
07/09/2008,BOI,ID,ANM,WE,Combined TRACON& Tower with Radar,137,59,65,28,289,0,11,133,35,179,137,70,198,63,468,22,4,26,494
07/10/2008,BOI,ID,ANM,WE,Combined TRACON& Tower with Radar,139,54,91,21,305,0,14,109,34,157,139,68,200,55,462,30,4,34,496
07/11/2008,BOI,ID,ANM,WE,Combined TRACON& Tower with Radar,143,57,57,18,275,0,28,119,5,152,143,85,176,23,427,30,4,34,461
07/12/2008,BOI,ID,ANM,WE,Combined TRACON& Tower with Radar,119,45,39,18,221,0,46,109,12,167,119,91,148,30,388,22,4,26,414
07/13/2008,BOI,ID,ANM,WE,Combined TRACON& Tower with Radar,128,37,38,24,227,0,25,125,28,178,128,62,163,52,405,30,18,48,453
07/14/2008,BOI,ID,ANM,WE,Combined TRACON& Tower with Radar,135,49,68,14,266,0,25,126,28,179,135,74,194,42,445,27,0,27,472
07/15/2008,BOI,ID,ANM,WE,Combined TRACON& Tower with Radar,137,70,89,15,311,0,19,131,52,202,137,89,220,67,513,44,16,60,573
07/16/2008,BOI,ID,ANM,WE,Combined TRACON& Tower with Radar,130,89,76,30,325,0,13,123,41,177,130,102,199,71,502,24,22,46,548
07/17/2008,BOI,ID,ANM,WE,Combined TRACON& Tower with Radar,141,60,66,24,291,0,6,133,57,196,141,66,199,81,487,76,0,76,563
07/18/2008,BOI,ID,ANM,WE,Combined TRACON& Tower with Radar,141,51,78,16,286,0,11,108,38,157,141,62,186,54,443,64,8,72,515
07/19/2008,BOI,ID,ANM,WE,Combined TRACON& Tower with Radar,118,43,31,7,199,0,24,122,8,154,118,67,153,15,353,52,4,56,409
07/20/2008,BOI,ID,ANM,WE,Combined TRACON& Tower with Radar,125,36,36,4,201,0,11,100,8,119,125,47,136,12,320,36,0,36,356
07/21/2008,BOI,ID,ANM,WE,Combined TRACON& Tower with Radar,132,46,57,12,247,0,16,118,34,168,132,62,175,46,415,68,8,76,491
07/22/2008,BOI,ID,ANM,WE,Combined TRACON& Tower with Radar,136,58,66,12,272,0,22,109,25,156,136,80,175,37,428,70,8,78,506
07/23/2008,BOI,ID,ANM,WE,Combined TRACON& Tower with Radar,137,57,57,9,260,0,5,130,28,163,137,62,187,37,423,66,6,72,495
07/24/2008,BOI,ID,ANM,WE,Combined TRACON& Tower with Radar,137,57,65,18,277,0,5,130,28,163,137,62,195,46,440,126,2,128,568
07/25/2008,BOI,ID,ANM,WE,Combined TRACON& Tower with Radar,145,52,70,11,278,0,17,122,18,157,145,69,192,29,435,56,0,56,491
07/26/2008,BOI,ID,ANM,WE,Combined TRACON& Tower with Radar,118,43,38,3,202,0,28,118,13,159,118,71,156,16,361,108,0,108,469
07/27/2008,BOI,ID,ANM,WE,Combined TRACON& Tower with Radar,123,38,38,0,199,0,20,111,16,147,123,58,149,16,346,28,0,28,374
07/28/2008,BOI,ID,ANM,WE,Combined TRACON& Tower with Radar,131,50,51,4,236,0,17,104,7,128,131,67,155,11,364,76,0,76,440
07/29/2008,BOI,ID,ANM,WE,Combined TRACON& Tower with Radar,138,54,50,11,253,0,20,119,17,156,138,74,169,28,409,32,4,36,445
07/30/2008,BOI,ID,ANM,WE,Combined TRACON& Tower with Radar,140,53,84,17,294,0,11,120,11,142,140,64,204,28,436,60,6,66,502
07/31/2008,BOI,ID,ANM,WE,Combined TRACON& Tower with Radar,139,139,101,16,395,0,22,132,16,170,139,161,233,32,565,78,4,82,647
08/01/2008,BOI,ID,ANM,WE,Combined TRACON& Tower with Radar,142,53,61,5,261,0,37,115,17,169,142,90,176,22,430,28,0,28,458
08/02/2008,BOI,ID,ANM,WE,Combined TRACON& Tower with Radar,116,49,30,3,198,0,26,101,27,154,116,75,131,30,352,40,0,40,392
08/03/2008,BOI,ID,ANM,WE,Combined TRACON& Tower with Radar,121,37,30,6,194,0,22,125,7,154,121,59,155,13,348,60,0,60,408
08/04/2008,BOI,ID,ANM,WE,Combined TRACON& Tower with Radar,132,49,37,10,228,0,34,77,8,119,132,83,114,18,347,84,4,88,435
08/05/2008,BOI,ID,ANM,WE,Combined TRACON& Tower with Radar,140,54,79,4,277,0,14,114,10,138,140,68,193,14,415,44,2,46,461
08/06/2008,BOI,ID,ANM,WE,Combined TRACON& Tower with Radar,138,62,79,5,284,0,16,110,29,155,138,78,189,34,439,54,1,55,494
08/07/2008,BOI,ID,ANM,WE,Combined TRACON& Tower with Radar,139,53,91,14,297,0,11,131,27,169,139,64,222,41,466,86,20,106,572
08/08/2008,BOI,ID,ANM,WE,Combined TRACON& Tower with Radar,142,51,62,19,274,0,6,99,21,126,142,57,161,40,400,26,18,44,444
08/09/2008,BOI,ID,ANM,WE,Combined TRACON& Tower with Radar,115,44,34,3,196,0,21,90,19,130,115,65,124,22,326,22,0,22,348
08/10/2008,BOI,ID,ANM,WE,Combined TRACON& Tower with Radar,122,35,38,0,195,0,14,114,8,136,122,49,152,8,331,20,0,20,351
08/11/2008,BOI,ID,ANM,WE,Combined TRACON& Tower with Radar,134,48,68,6,256,0,20,101,16,137,134,68,169,22,393,46,4,50,443
08/12/2008,BOI,ID,ANM,WE,Combined TRACON& Tower with Radar,136,59,84,9,288,0,22,144,21,187,136,81,228,30,475,46,16,62,537
08/13/2008,BOI,ID,ANM,WE,Combined TRACON& Tower with Radar,135,52,62,9,258,0,21,107,23,151,135,73,169,32,409,30,18,48,457
08/14/2008,BOI,ID,ANM,WE,Combined TRACON& Tower with Radar,126,61,68,13,268,0,8,139,33,180,126,69,207,46,448,20,24,44,492
08/15/2008,BOI,ID,ANM,WE,Combined TRACON& Tower with Radar,136,48,102,7,293,0,26,130,15,171,136,74,232,22,464,62,0,62,526
08/16/2008,BOI,ID,ANM,WE,Combined TRACON& Tower with Radar,120,42,76,17,255,0,59,125,15,199,120,101,201,32,454,18,3,21,475
08/17/2008,BOI,ID,ANM,WE,Combined TRACON& Tower with Radar,120,34,35,4,193,0,24,100,13,137,120,58,135,17,330,16,0,16,346
08/18/2008,BOI,ID,ANM,WE,Combined TRACON& Tower with Radar,136,50,75,5,266,0,13,90,9,112,136,63,165,14,378,20,4,24,402
08/19/2008,BOI,ID,ANM,WE,Combined TRACON& Tower with Radar,140,52,67,8,267,0,20,81,15,116,140,72,148,23,383,66,8,74,457
08/20/2008,BOI,ID,ANM,WE,Combined TRACON& Tower with Radar,136,51,94,5,286,0,16,111,26,153,136,67,205,31,439,48,4,52,491
08/21/2008,BOI,ID,ANM,WE,Combined TRACON& Tower with Radar,139,56,67,8,270,0,16,111,31,158,139,72,178,39,428,16,44,60,488
08/22/2008,BOI,ID,ANM,WE,Combined TRACON& Tower with Radar,137,53,71,5,266,0,15,159,26,200,137,68,230,31,466,36,6,42,508
08/23/2008,BOI,ID,ANM,WE,Combined TRACON& Tower with Radar,115,29,47,1,192,0,19,119,21,159,115,48,166,22,351,79,0,79,430
08/24/2008,BOI,ID,ANM,WE,Combined TRACON& Tower with Radar,122,42,34,4,202,0,23,112,19,154,122,65,146,23,356,34,0,34,390
08/25/2008,BOI,ID,ANM,WE,Combined TRACON& Tower with Radar,117,54,62,10,243,0,19,82,15,116,117,73,144,25,359,56,0,56,415
08/26/2008,BOI,ID,ANM,WE,Combined TRACON& Tower with Radar,122,55,79,6,262,0,22,103,19,144,122,77,182,25,406,36,4,40,446
08/27/2008,BOI,ID,ANM,WE,Combined TRACON& Tower with Radar,122,67,90,14,293,0,32,96,23,151,122,99,186,37,444,22,5,27,471
08/28/2008,BOI,ID,ANM,WE,Combined TRACON& Tower with Radar,120,56,104,17,297,0,9,118,17,144,120,65,222,34,441,80,2,82,523
08/29/2008,BOI,ID,ANM,WE,Combined TRACON& Tower with Radar,127,80,70,10,287,0,23,145,15,183,127,103,215,25,470,104,0,104,574
08/30/2008,BOI,ID,ANM,WE,Combined TRACON& Tower with Radar,101,41,30,2,174,0,37,106,7,150,101,78,136,9,324,48,0,48,372
08/31/2008,BOI,ID,ANM,WE,Combined TRACON& Tower with Radar,73,31,40,1,145,0,32,47,2,81,73,63,87,3,226,22,0,22,248
09/01/2008,BOI,ID,ANM,WE,Combined TRACON& Tower with Radar,94,39,37,1,171,0,23,93,7,123,94,62,130,8,294,88,0,88,382
09/02/2008,BOI,ID,ANM,WE,Combined TRACON& Tower with Radar,111,52,55,10,228,0,24,98,8,130,111,76,153,18,358,20,1,21,379
09/03/2008,BOI,ID,ANM,WE,Combined TRACON& Tower with Radar,117,55,96,11,279,0,27,138,8,173,117,82,234,19,452,38,14,52,504
09/04/2008,BOI,ID,ANM,WE,Combined TRACON& Tower with Radar,115,57,78,21,271,0,10,102,11,123,115,67,180,32,394,64,0,64,458
09/05/2008,BOI,ID,ANM,WE,Combined TRACON& Tower with Radar,113,58,67,8,246,0,21,88,13,122,113,79,155,21,368,26,6,32,400
09/06/2008,BOI,ID,ANM,WE,Combined TRACON& Tower with Radar,94,38,36,10,178,0,28,97,12,137,94,66,133,22,315,94,8,102,417
09/07/2008,BOI,ID,ANM,WE,Combined TRACON& Tower with Radar,87,40,46,7,180,0,25,119,9,153,87,65,165,16,333,60,0,60,393
09/08/2008,BOI,ID,ANM,WE,Combined TRACON& Tower with Radar,111,51,73,1,236,0,15,99,5,119,111,66,172,6,355,52,2,54,409
09/09/2008,BOI,ID,ANM,WE,Combined TRACON& Tower with Radar,116,58,80,10,264,0,24,122,6,152,116,82,202,16,416,78,4,82,498
09/10/2008,BOI,ID,ANM,WE,Combined TRACON& Tower with Radar,114,53,70,14,251,0,30,115,17,162,114,83,185,31,413,18,16,34,447
09/11/2008,BOI,ID,ANM,WE,Combined TRACON& Tower with Radar,115,60,91,25,291,0,14,127,7,148,115,74,218,32,439,66,14,80,519
09/12/2008,BOI,ID,ANM,WE,Combined TRACON& Tower with Radar,111,56,59,19,245,0,28,98,14,140,111,84,157,33,385,36,4,40,425
09/13/2008,BOI,ID,ANM,WE,Combined TRACON& Tower with Radar,100,35,37,4,176,0,24,83,11,118,100,59,120,15,294,14,0,14,308
09/14/2008,BOI,ID,ANM,WE,Combined TRACON& Tower with Radar,88,47,44,3,182,0,41,98,6,145,88,88,142,9,327,22,0,22,349
09/15/2008,BOI,ID,ANM,WE,Combined TRACON& Tower with Radar,108,55,67,14,244,0,17,58,15,90,108,72,125,29,334,24,26,50,384
09/16/2008,BOI,ID,ANM,WE,Combined TRACON& Tower with Radar,119,65,79,14,277,0,25,90,8,123,119,90,169,22,400,33,14,47,447
09/17/2008,BOI,ID,ANM,WE,Combined TRACON& Tower with Radar,109,54,76,28,267,0,18,106,16,140,109,72,182,44,407,36,14,50,457
09/18/2008,BOI,ID,ANM,WE,Combined TRACON& Tower with Radar,113,67,61,17,258,0,20,99,15,134,113,87,160,32,392,52,8,60,452
09/19/2008,BOI,ID,ANM,WE,Combined TRACON& Tower with Radar,120,57,62,9,248,0,22,84,12,118,120,79,146,21,366,38,8,46,412
09/20/2008,BOI,ID,ANM,WE,Combined TRACON& Tower with Radar,96,39,40,4,179,0,15,28,1,44,96,54,68,5,223,16,0,16,239
09/21/2008,BOI,ID,ANM,WE,Combined TRACON& Tower with Radar,88,43,42,4,177,0,14,67,3,84,88,57,109,7,261,22,0,22,283
09/22/2008,BOI,ID,ANM,WE,Combined TRACON& Tower with Radar,105,55,79,7,246,0,8,69,5,82,105,63,148,12,328,24,0,24,352
09/23/2008,BOI,ID,ANM,WE,Combined TRACON& Tower with Radar,119,58,88,8,273,0,15,97,9,121,119,73,185,17,394,32,0,32,426
09/24/2008,BOI,ID,ANM,WE,Combined TRACON& Tower with Radar,114,55,85,6,260,0,11,73,16,100,114,66,158,22,360,54,2,56,416
09/25/2008,BOI,ID,ANM,WE,Combined TRACON& Tower with Radar,114,67,114,20,315,0,22,71,19,112,114,89,185,39,427,46,2,48,475
09/26/2008,BOI,ID,ANM,WE,Combined TRACON& Tower with Radar,118,72,88,15,293,0,15,106,12,133,118,87,194,27,426,36,4,40,466
09/27/2008,BOI,ID,ANM,WE,Combined TRACON& Tower with Radar,96,31,20,8,155,0,19,139,3,161,96,50,159,11,316,54,0,54,370
09/28/2008,BOI,ID,ANM,WE,Combined TRACON& Tower with Radar,82,45,28,12,167,0,14,84,14,112,82,59,112,26,279,22,2,24,303
09/29/2008,BOI,ID,ANM,WE,Combined TRACON& Tower with Radar,112,50,47,31,240,0,7,78,22,107,112,57,125,53,347,32,4,36,383
09/30/2008,BOI,ID,ANM,WE,Combined TRACON& Tower with Radar,114,59,64,21,258,0,20,77,14,111,114,79,141,35,369,26,7,33,402
10/01/2008,BOI,ID,ANM,WE,Combined TRACON& Tower with Radar,116,54,63,12,245,0,20,85,15,120,116,74,148,27,365,20,6,26,391
10/02/2008,BOI,ID,ANM,WE,Combined TRACON& Tower with Radar,118,53,110,13,294,0,18,49,9,76,118,71,159,22,370,58,6,64,434
10/03/2008,BOI,ID,ANM,WE,Combined TRACON& Tower with Radar,116,54,49,11,230,0,19,60,15,94,116,73,109,26,324,48,8,56,380
10/04/2008,BOI,ID,ANM,WE,Combined TRACON& Tower with Radar,102,30,24,11,167,0,13,23,16,52,102,43,47,27,219,22,0,22,241
10/05/2008,BOI,ID,ANM,WE,Combined TRACON& Tower with Radar,80,39,30,5,154,0,27,46,4,77,80,66,76,9,231,60,6,66,297
10/06/2008,BOI,ID,ANM,WE,Combined TRACON& Tower with Radar,115,54,66,14,249,0,29,50,20,99,115,83,116,34,348,18,0,18,366
10/07/2008,BOI,ID,ANM,WE,Combined TRACON& Tower with Radar,115,58,71,24,268,0,20,67,11,98,115,78,138,35,366,30,18,48,414
10/08/2008,BOI,ID,ANM,WE,Combined TRACON& Tower with Radar,115,61,85,24,285,0,17,78,15,110,115,78,163,39,395,24,10,34,429
10/09/2008,BOI,ID,ANM,WE,Combined TRACON& Tower with Radar,114,69,62,13,258,0,6,51,19,76,114,75,113,32,334,8,6,14,348
10/10/2008,BOI,ID,ANM,WE,Combined TRACON& Tower with Radar,116,58,51,2,227,0,4,14,7,25,116,62,65,9,252,22,0,22,274
10/11/2008,BOI,ID,ANM,WE,Combined TRACON& Tower with Radar,111,33,20,2,166,0,9,4,1,14,111,42,24,3,180,2,0,2,182
10/12/2008,BOI,ID,ANM,WE,Combined TRACON& Tower with Radar,85,34,30,0,149,0,2,43,12,57,85,36,73,12,206,14,0,14,220
10/13/2008,BOI,ID,ANM,WE,Combined TRACON& Tower with Radar,113,27,55,14,209,0,24,80,12,116,113,51,135,26,325,36,0,36,361
10/14/2008,BOI,ID,ANM,WE,Combined TRACON& Tower with Radar,116,42,74,16,248,0,22,69,9,100,116,64,143,25,348,38,3,41,389
10/15/2008,BOI,ID,ANM,WE,Combined TRACON& Tower with Radar,119,43,64,22,248,0,13,84,23,120,119,56,148,45,368,50,38,88,456
10/16/2008,BOI,ID,ANM,WE,Combined TRACON& Tower with Radar,114,44,79,18,255,0,11,77,20,108,114,55,156,38,363,64,2,66,429
10/17/2008,BOI,ID,ANM,WE,Combined TRACON& Tower with Radar,123,47,59,7,236,0,22,91,24,137,123,69,150,31,373,26,6,32,405
10/18/2008,BOI,ID,ANM,WE,Combined TRACON& Tower with Radar,102,25,18,0,145,0,10,82,13,105,102,35,100,13,250,16,0,16,266
10/19/2008,BOI,ID,ANM,WE,Combined TRACON& Tower with Radar,84,23,33,8,148,0,10,68,3,81,84,33,101,11,229,26,0,26,255
10/20/2008,BOI,ID,ANM,WE,Combined TRACON& Tower with Radar,115,41,39,3,198,0,22,68,6,96,115,63,107,9,294,46,0,46,340
10/21/2008,BOI,ID,ANM,WE,Combined TRACON& Tower with Radar,120,40,66,11,237,0,8,64,21,93,120,48,130,32,330,70,1,71,401
10/22/2008,BOI,ID,ANM,WE,Combined TRACON& Tower with Radar,120,48,107,13,288,0,14,92,9,115,120,62,199,22,403,76,20,96,499
10/23/2008,BOI,ID,ANM,WE,Combined TRACON& Tower with Radar,125,43,81,37,286,0,4,93,21,118,125,47,174,58,404,44,19,63,467
10/24/2008,BOI,ID,ANM,WE,Combined TRACON& Tower with Radar,117,46,72,36,271,0,17,79,17,113,117,63,151,53,384,42,4,46,430
10/25/2008,BOI,ID,ANM,WE,Combined TRACON& Tower with Radar,100,23,31,2,156,0,20,89,6,115,100,43,120,8,271,54,0,54,325
10/26/2008,BOI,ID,ANM,WE,Combined TRACON& Tower with Radar,86,25,16,1,128,0,9,71,7,87,86,34,87,8,215,64,0,64,279
10/27/2008,BOI,ID,ANM,WE,Combined TRACON& Tower with Radar,116,40,53,8,217,0,21,58,13,92,116,61,111,21,309,64,2,66,375
10/28/2008,BOI,ID,ANM,WE,Combined TRACON& Tower with Radar,122,53,61,11,247,0,12,77,11,100,122,65,138,22,347,52,28,80,427
10/29/2008,BOI,ID,ANM,WE,Combined TRACON& Tower with Radar,119,44,61,13,237,0,12,87,15,114,119,56,148,28,351,12,26,38,389
10/30/2008,BOI,ID,ANM,WE,Combined TRACON& Tower with Radar,114,49,76,10,249,0,8,93,10,111,114,57,169,20,360,66,17,83,443
10/31/2008,BOI,ID,ANM,WE,Combined TRACON& Tower with Radar,117,50,45,16,228,0,16,42,8,66,117,66,87,24,294,84,10,94,388
11/01/2008,BOI,ID,ANM,WE,Combined TRACON& Tower with Radar,94,24,19,10,147,0,1,39,9,49,94,25,58,19,196,46,18,64,260
11/02/2008,BOI,ID,ANM,WE,Combined TRACON& Tower with Radar,98,25,12,4,139,0,3,31,32,66,98,28,43,36,205,40,0,40,245
11/03/2008,BOI,ID,ANM,WE,Combined TRACON& Tower with Radar,120,40,35,8,203,0,0,32,16,48,120,40,67,24,251,0,0,0,251
11/04/2008,BOI,ID,ANM,WE,Combined TRACON& Tower with Radar,132,39,57,8,236,0,3,26,15,44,132,42,83,23,280,16,6,22,302
11/05/2008,BOI,ID,ANM,WE,Combined TRACON& Tower with Radar,128,39,56,17,240,0,1,75,15,91,128,40,131,32,331,54,26,80,411
11/06/2008,BOI,ID,ANM,WE,Combined TRACON& Tower with Radar,121,39,52,8,220,0,1,66,18,85,121,40,118,26,305,30,28,58,363
11/07/2008,BOI,ID,ANM,WE,Combined TRACON& Tower with Radar,125,45,59,5,234,0,2,93,16,111,125,47,152,21,345,104,14,118,463
11/08/2008,BOI,ID,ANM,WE,Combined TRACON& Tower with Radar,95,24,33,0,152,0,0,54,4,58,95,24,87,4,210,76,0,76,286
11/09/2008,BOI,ID,ANM,WE,Combined TRACON& Tower with Radar,85,40,28,2,155,0,0,6,0,6,85,40,34,2,161,26,0,26,187
11/10/2008,BOI,ID,ANM,WE,Combined TRACON& Tower with Radar,122,30,35,6,193,0,0,56,4,60,122,30,91,10,253,62,0,62,315
11/11/2008,BOI,ID,ANM,WE,Combined TRACON& Tower with Radar,126,28,37,2,193,0,5,21,8,34,126,33,58,10,227,34,0,34,261
11/12/2008,BOI,ID,ANM,WE,Combined TRACON& Tower with Radar,127,34,65,12,238,0,0,45,26,71,127,34,110,38,309,58,16,74,383
11/13/2008,BOI,ID,ANM,WE,Combined TRACON& Tower with Radar,130,42,54,17,243,0,0,45,9,54,130,42,99,26,297,60,10,70,367
11/14/2008,BOI,ID,ANM,WE,Combined TRACON& Tower with Radar,119,40,54,16,229,0,1,109,12,122,119,41,163,28,351,72,6,78,429
11/15/2008,BOI,ID,ANM,WE,Combined TRACON& Tower with Radar,96,17,24,2,139,0,3,98,16,117,96,20,122,18,256,84,2,86,342
11/16/2008,BOI,ID,ANM,WE,Combined TRACON& Tower with Radar,98,25,33,0,156,0,3,69,6,78,98,28,102,6,234,26,2,28,262
11/17/2008,BOI,ID,ANM,WE,Combined TRACON& Tower with Radar,124,34,36,21,215,0,2,62,12,76,124,36,98,33,291,96,22,118,409
11/18/2008,BOI,ID,ANM,WE,Combined TRACON& Tower with Radar,121,39,38,12,210,0,2,85,25,112,121,41,123,37,322,54,0,54,376
11/19/2008,BOI,ID,ANM,WE,Combined TRACON& Tower with Radar,126,34,48,24,232,0,5,69,35,109,126,39,117,59,341,8,12,20,361
11/20/2008,BOI,ID,ANM,WE,Combined TRACON& Tower with Radar,126,34,53,17,230,0,3,50,19,72,126,37,103,36,302,18,8,26,328
11/21/2008,BOI,ID,ANM,WE,Combined TRACON& Tower with Radar,127,44,62,9,242,0,4,79,14,97,127,48,141,23,339,42,12,54,393
11/22/2008,BOI,ID,ANM,WE,Combined TRACON& Tower with Radar,101,17,23,0,141,0,2,44,0,46,101,19,67,0,187,28,0,28,215
11/23/2008,BOI,ID,ANM,WE,Combined TRACON& Tower with Radar,93,20,23,0,136,0,0,22,1,23,93,20,45,1,159,16,0,16,175
11/24/2008,BOI,ID,ANM,WE,Combined TRACON& Tower with Radar,121,32,49,15,217,0,4,75,17,96,121,36,124,32,313,32,16,48,361
11/25/2008,BOI,ID,ANM,WE,Combined TRACON& Tower with Radar,129,43,60,15,247,0,4,61,16,81,129,47,121,31,328,82,14,96,424
11/26/2008,BOI,ID,ANM,WE,Combined TRACON& Tower with Radar,125,41,45,5,216,0,2,63,3,68,125,43,108,8,284,36,4,40,324
11/27/2008,BOI,ID,ANM,WE,Combined TRACON& Tower with Radar,105,16,22,0,143,0,1,43,0,44,105,17,65,0,187,6,0,6,193
11/28/2008,BOI,ID,ANM,WE,Combined TRACON& Tower with Radar,98,19,22,0,139,0,2,27,2,31,98,21,49,2,170,26,0,26,196
11/29/2008,BOI,ID,ANM,WE,Combined TRACON& Tower with Radar,114,31,28,0,173,0,3,45,0,48,114,34,73,0,221,50,0,50,271
11/30/2008,BOI,ID,ANM,WE,Combined TRACON& Tower with Radar,117,26,32,2,177,0,0,46,0,46,117,26,78,2,223,48,0,48,271
12/01/2008,BOI,ID,ANM,WE,Combined TRACON& Tower with Radar,95,29,36,6,166,0,1,23,10,34,95,30,59,16,200,38,6,44,244
12/02/2008,BOI,ID,ANM,WE,Combined TRACON& Tower with Radar,139,42,43,6,230,0,0,24,21,45,139,42,67,27,275,2,0,2,277
12/03/2008,BOI,ID,ANM,WE,Combined TRACON& Tower with Radar,125,34,57,9,225,0,0,70,37,107,125,34,127,46,332,50,26,76,408
12/04/2008,BOI,ID,ANM,WE,Combined TRACON& Tower with Radar,129,40,57,11,237,0,1,82,29,112,129,41,139,40,349,58,24,82,431
12/05/2008,BOI,ID,ANM,WE,Combined TRACON& Tower with Radar,122,41,76,7,246,0,1,95,6,102,122,42,171,13,348,58,24,82,430
12/06/2008,BOI,ID,ANM,WE,Combined TRACON& Tower with Radar,93,12,28,13,146,0,3,96,20,119,93,15,124,33,265,46,34,80,345
12/07/2008,BOI,ID,ANM,WE,Combined TRACON& Tower with Radar,99,25,23,26,173,0,1,59,10,70,99,26,82,36,243,52,28,80,323
12/08/2008,BOI,ID,ANM,WE,Combined TRACON& Tower with Radar,119,42,59,13,233,0,0,26,28,54,119,42,85,41,287,42,34,76,363
12/09/2008,BOI,ID,ANM,WE,Combined TRACON& Tower with Radar,125,53,59,9,246,0,2,50,33,85,125,55,109,42,331,18,36,54,385
12/10/2008,BOI,ID,ANM,WE,Combined TRACON& Tower with Radar,124,43,63,16,246,0,2,81,27,110,124,45,144,43,356,56,18,74,430
12/11/2008,BOI,ID,ANM,WE,Combined TRACON& Tower with Radar,117,42,58,17,234,0,2,50,16,68,117,44,108,33,302,34,10,44,346
12/12/2008,BOI,ID,ANM,WE,Combined TRACON& Tower with Radar,123,41,54,11,229,0,1,44,7,52,123,42,98,18,281,38,0,38,319
12/13/2008,BOI,ID,ANM,WE,Combined TRACON& Tower with Radar,102,15,15,0,132,0,0,12,0,12,102,15,27,0,144,12,0,12,156
12/14/2008,BOI,ID,ANM,WE,Combined TRACON& Tower with Radar,106,23,15,1,145,0,0,0,0,0,106,23,15,1,145,2,0,2,147
12/15/2008,BOI,ID,ANM,WE,Combined TRACON& Tower with Radar,119,46,47,9,221,0,3,6,7,16,119,49,53,16,237,30,0,30,267
12/16/2008,BOI,ID,ANM,WE,Combined TRACON& Tower with Radar,123,34,42,14,213,0,2,32,17,51,123,36,74,31,264,12,40,52,316
12/17/2008,BOI,ID,ANM,WE,Combined TRACON& Tower with Radar,122,37,60,13,232,0,0,48,34,82,122,37,108,47,314,50,4,54,368
12/18/2008,BOI,ID,ANM,WE,Combined TRACON& Tower with Radar,112,50,58,5,225,0,2,33,10,45,112,52,91,15,270,54,18,72,342
12/19/2008,BOI,ID,ANM,WE,Combined TRACON& Tower with Radar,131,47,47,3,228,0,3,43,5,51,131,50,90,8,279,42,2,44,323
12/20/2008,BOI,ID,ANM,WE,Combined TRACON& Tower with Radar,108,30,29,0,167,0,5,69,0,74,108,35,98,0,241,64,0,64,305
12/21/2008,BOI,ID,ANM,WE,Combined TRACON& Tower with Radar,90,20,24,0,134,0,0,4,0,4,90,20,28,0,138,0,0,0,138
12/22/2008,BOI,ID,ANM,WE,Combined TRACON& Tower with Radar,100,50,38,0,188,0,3,27,6,36,100,53,65,6,224,6,0,6,230
12/23/2008,BOI,ID,ANM,WE,Combined TRACON& Tower with Radar,118,56,46,0,220,0,0,26,2,28,118,56,72,2,248,32,0,32,280
12/24/2008,BOI,ID,ANM,WE,Combined TRACON& Tower with Radar,113,48,29,0,190,0,2,0,0,2,113,50,29,0,192,32,0,32,224
12/25/2008,BOI,ID,ANM,WE,Combined TRACON& Tower with Radar,105,34,1,0,140,0,3,0,0,3,105,37,1,0,143,0,0,0,143
12/26/2008,BOI,ID,ANM,WE,Combined TRACON& Tower with Radar,129,56,25,0,210,0,7,50,0,57,129,63,75,0,267,32,0,32,299
12/27/2008,BOI,ID,ANM,WE,Combined TRACON& Tower with Radar,112,38,27,0,177,0,0,0,0,0,112,38,27,0,177,0,0,0,177
12/28/2008,BOI,ID,ANM,WE,Combined TRACON& Tower with Radar,112,35,27,0,174,0,1,12,0,13,112,36,39,0,187,8,0,8,195
12/29/2008,BOI,ID,ANM,WE,Combined TRACON& Tower with Radar,117,43,53,5,218,0,4,39,3,46,117,47,92,8,264,36,6,42,306
12/30/2008,BOI,ID,ANM,WE,Combined TRACON& Tower with Radar,122,40,42,13,217,0,3,76,5,84,122,43,118,18,301,0,0,0,301
12/31/2008,BOI,ID,ANM,WE,Combined TRACON& Tower with Radar,110,44,27,2,183,0,4,39,4,47,110,48,66,6,230,24,4,28,258
01/01/2009,BOI,ID,ANM,WE,Combined TRACON& Tower with Radar,96,25,5,0,126,0,1,12,0,13,96,26,17,0,139,10,0,10,149
01/02/2009,BOI,ID,ANM,WE,Combined TRACON& Tower with Radar,117,48,20,0,185,0,1,10,0,11,117,49,30,0,196,0,0,0,196
01/03/2009,BOI,ID,ANM,WE,Combined TRACON& Tower with Radar,116,26,37,0,179,0,11,89,0,100,116,37,126,0,279,92,0,92,371
01/04/2009,BOI,ID,ANM,WE,Combined TRACON& Tower with Radar,105,26,28,0,159,0,3,60,0,63,105,29,88,0,222,28,0,28,250
01/05/2009,BOI,ID,ANM,WE,Combined TRACON& Tower with Radar,123,50,36,4,213,0,0,0,0,0,123,50,36,4,213,0,0,0,213
01/06/2009,BOI,ID,ANM,WE,Combined TRACON& Tower with Radar,124,57,34,4,219,0,3,3,8,14,124,60,37,12,233,0,4,4,237
01/07/2009,BOI,ID,ANM,WE,Combined TRACON& Tower with Radar,120,43,46,15,224,0,2,36,23,61,120,45,82,38,285,50,8,58,343
01/08/2009,BOI,ID,ANM,WE,Combined TRACON& Tower with Radar,114,56,58,16,244,0,0,46,27,73,114,56,104,43,317,34,12,46,363
01/09/2009,BOI,ID,ANM,WE,Combined TRACON& Tower with Radar,117,46,37,13,213,0,4,70,26,100,117,50,107,39,313,0,0,0,313
01/10/2009,BOI,ID,ANM,WE,Combined TRACON& Tower with Radar,90,20,12,6,128,0,1,71,20,92,90,21,83,26,220,42,16,58,278
01/11/2009,BOI,ID,ANM,WE,Combined TRACON& Tower with Radar,86,30,18,10,144,0,1,37,14,52,86,31,55,24,196,30,2,32,228
01/12/2009,BOI,ID,ANM,WE,Combined TRACON& Tower with Radar,117,34,69,1,221,0,0,40,15,55,117,34,109,16,276,62,0,62,338
01/13/2009,BOI,ID,ANM,WE,Combined TRACON& Tower with Radar,96,22,35,8,161,0,0,5,0,5,96,22,40,8,166,2,0,2,168
01/14/2009,BOI,ID,ANM,WE,Combined TRACON& Tower with Radar,107,27,40,1,175,0,0,5,0,5,107,27,45,1,180,0,0,0,180
01/15/2009,BOI,ID,ANM,WE,Combined TRACON& Tower with Radar,110,49,110,23,292,0,0,18,10,28,110,49,128,33,320,22,6,28,348
01/16/2009,BOI,ID,ANM,WE,Combined TRACON& Tower with Radar,115,51,58,10,234,0,0,4,0,4,115,51,62,10,238,46,0,46,284
01/17/2009,BOI,ID,ANM,WE,Combined TRACON& Tower with Radar,92,21,40,0,153,0,1,2,0,3,92,22,42,0,156,70,0,70,226
01/18/2009,BOI,ID,ANM,WE,Combined TRACON& Tower with Radar,89,29,24,0,142,0,0,4,0,4,89,29,28,0,146,12,0,12,158
01/19/2009,BOI,ID,ANM,WE,Combined TRACON& Tower with Radar,111,32,51,0,194,0,1,10,0,11,111,33,61,0,205,28,0,28,233
01/20/2009,BOI,ID,ANM,WE,Combined TRACON& Tower with Radar,115,46,51,11,223,0,3,14,6,23,115,49,65,17,246,22,20,42,288
01/21/2009,BOI,ID,ANM,WE,Combined TRACON& Tower with Radar,120,48,63,28,259,0,0,3,14,17,120,48,66,42,276,18,8,26,302
01/22/2009,BOI,ID,ANM,WE,Combined TRACON& Tower with Radar,108,57,49,22,236,0,0,6,10,16,108,57,55,32,252,0,0,0,252
01/23/2009,BOI,ID,ANM,WE,Combined TRACON& Tower with Radar,127,38,43,5,213,0,0,1,2,3,127,38,44,7,216,0,0,0,216
01/24/2009,BOI,ID,ANM,WE,Combined TRACON& Tower with Radar,90,25,21,0,136,0,0,2,0,2,90,25,23,0,138,2,0,2,140
01/25/2009,BOI,ID,ANM,WE,Combined TRACON& Tower with Radar,97,26,22,1,146,0,2,6,0,8,97,28,28,1,154,14,0,14,168
01/26/2009,BOI,ID,ANM,WE,Combined TRACON& Tower with Radar,110,41,48,1,200,0,2,64,9,75,110,43,112,10,275,64,0,64,339
01/27/2009,BOI,ID,ANM,WE,Combined TRACON& Tower with Radar,110,41,52,8,211,0,1,52,11,64,110,42,104,19,275,82,0,82,357
01/28/2009,BOI,ID,ANM,WE,Combined TRACON& Tower with Radar,113,48,40,14,215,0,0,68,24,92,113,48,108,38,307,60,30,90,397
01/29/2009,BOI,ID,ANM,WE,Combined TRACON& Tower with Radar,116,49,80,15,260,0,6,103,23,132,116,55,183,38,392,64,0,64,456
01/30/2009,BOI,ID,ANM,WE,Combined TRACON& Tower with Radar,122,48,45,22,237,0,9,86,14,109,122,57,131,36,346,98,12,110,456
01/31/2009,BOI,ID,ANM,WE,Combined TRACON& Tower with Radar,85,18,19,4,126,0,5,63,0,68,85,23,82,4,194,112,0,112,306
02/01/2009,BOI,ID,ANM,WE,Combined TRACON& Tower with Radar,90,28,22,1,141,0,1,45,2,48,90,29,67,3,189,26,0,26,215
02/02/2009,BOI,ID,ANM,WE,Combined TRACON& Tower with Radar,111,41,43,14,209,0,9,66,14,89,111,50,109,28,298,38,8,46,344
02/03/2009,BOI,ID,ANM,WE,Combined TRACON& Tower with Radar,116,41,38,10,205,0,4,73,35,112,116,45,111,45,317,84,4,88,405
02/04/2009,BOI,ID,ANM,WE,Combined TRACON& Tower with Radar,119,43,63,11,236,0,5,97,17,119,119,48,160,28,355,104,16,120,475
02/05/2009,BOI,ID,ANM,WE,Combined TRACON& Tower with Radar,118,48,51,21,238,0,5,76,25,106,118,53,127,46,344,56,6,62,406
02/06/2009,BOI,ID,ANM,WE,Combined TRACON& Tower with Radar,119,50,37,10,216,0,6,64,18,88,119,56,101,28,304,56,6,62,366
02/07/2009,BOI,ID,ANM,WE,Combined TRACON& Tower with Radar,84,22,22,12,140,0,3,66,24,93,84,25,88,36,233,86,24,110,343
02/08/2009,BOI,ID,ANM,WE,Combined TRACON& Tower with Radar,86,32,22,5,145,0,4,26,17,47,86,36,48,22,192,28,0,28,220
02/09/2009,BOI,ID,ANM,WE,Combined TRACON& Tower with Radar,112,46,27,5,190,0,2,0,7,9,112,48,27,12,199,4,4,8,207
02/10/2009,BOI,ID,ANM,WE,Combined TRACON& Tower with Radar,117,43,32,5,197,0,2,66,23,91,117,45,98,28,288,54,16,70,358
02/11/2009,BOI,ID,ANM,WE,Combined TRACON& Tower with Radar,115,41,47,9,212,0,2,65,29,96,115,43,112,38,308,140,30,170,478
02/12/2009,BOI,ID,ANM,WE,Combined TRACON& Tower with Radar,113,43,61,18,235,0,4,49,13,66,113,47,110,31,301,20,32,52,353
02/13/2009,BOI,ID,ANM,WE,Combined TRACON& Tower with Radar,118,36,51,10,215,0,1,61,6,68,118,37,112,16,283,66,18,84,367
02/14/2009,BOI,ID,ANM,WE,Combined TRACON& Tower with Radar,100,23,20,2,145,0,2,24,0,26,100,25,44,2,171,14,0,14,185
02/15/2009,BOI,ID,ANM,WE,Combined TRACON& Tower with Radar,94,22,23,0,139,0,1,38,0,39,94,23,61,0,178,0,0,0,178
02/16/2009,BOI,ID,ANM,WE,Combined TRACON& Tower with Radar,116,37,33,2,188,0,5,61,0,66,116,42,94,2,254,56,0,56,310
02/17/2009,BOI,ID,ANM,WE,Combined TRACON& Tower with Radar,121,55,65,14,255,0,2,40,21,63,121,57,105,35,318,86,4,90,408
02/18/2009,BOI,ID,ANM,WE,Combined TRACON& Tower with Radar,119,45,62,13,239,0,7,88,18,113,119,52,150,31,352,0,0,0,352
02/19/2009,BOI,ID,ANM,WE,Combined TRACON& Tower with Radar,109,44,82,11,246,0,5,84,28,117,109,49,166,39,363,76,0,76,439
02/20/2009,BOI,ID,ANM,WE,Combined TRACON& Tower with Radar,120,36,45,11,212,0,4,113,11,128,120,40,158,22,340,116,2,118,458
02/21/2009,BOI,ID,ANM,WE,Combined TRACON& Tower with Radar,95,19,29,2,145,0,5,120,6,131,95,24,149,8,276,50,20,70,346
02/22/2009,BOI,ID,ANM,WE,Combined TRACON& Tower with Radar,93,27,26,1,147,0,1,29,0,30,93,28,55,1,177,36,0,36,213
02/23/2009,BOI,ID,ANM,WE,Combined TRACON& Tower with Radar,117,42,28,3,190,0,1,11,3,15,117,43,39,6,205,28,0,28,233
02/24/2009,BOI,ID,ANM,WE,Combined TRACON& Tower with Radar,124,44,44,5,217,0,3,35,19,57,124,47,79,24,274,28,2,30,304
02/25/2009,BOI,ID,ANM,WE,Combined TRACON& Tower with Radar,113,51,69,5,238,0,4,65,13,82,113,55,134,18,320,54,0,54,374
02/26/2009,BOI,ID,ANM,WE,Combined TRACON& Tower with Radar,123,45,55,4,227,0,2,26,0,28,123,47,81,4,255,18,0,18,273
02/27/2009,BOI,ID,ANM,WE,Combined TRACON& Tower with Radar,120,41,55,7,223,0,8,96,6,110,120,49,151,13,333,94,0,94,427
02/28/2009,BOI,ID,ANM,WE,Combined TRACON& Tower with Radar,94,19,24,3,140,0,3,60,1,64,94,22,84,4,204,32,0,32,236
03/01/2009,BOI,ID,ANM,WE,Combined TRACON& Tower with Radar,96,25,36,2,159,0,1,32,0,33,96,26,68,2,192,10,0,10,202
03/02/2009,BOI,ID,ANM,WE,Combined TRACON& Tower with Radar,113,42,34,7,196,0,3,41,10,54,113,45,75,17,250,60,10,70,320
03/03/2009,BOI,ID,ANM,WE,Combined TRACON& Tower with Radar,118,47,47,6,218,0,4,52,11,67,118,51,99,17,285,102,44,146,431
03/04/2009,BOI,ID,ANM,WE,Combined TRACON& Tower with Radar,123,43,34,2,202,0,1,15,3,19,123,44,49,5,221,14,0,14,235
03/05/2009,BOI,ID,ANM,WE,Combined TRACON& Tower with Radar,119,45,64,5,233,0,8,32,6,46,119,53,96,11,279,36,16,52,331
03/06/2009,BOI,ID,ANM,WE,Combined TRACON& Tower with Radar,121,51,61,4,237,0,1,64,7,72,121,52,125,11,309,96,22,118,427
03/07/2009,BOI,ID,ANM,WE,Combined TRACON& Tower with Radar,88,14,33,12,147,0,1,95,8,104,88,15,128,20,251,0,0,0,251
03/08/2009,BOI,ID,ANM,WE,Combined TRACON& Tower with Radar,95,24,24,10,153,0,2,11,12,25,95,26,35,22,178,0,0,0,178
03/09/2009,BOI,ID,ANM,WE,Combined TRACON& Tower with Radar,114,41,45,2,202,0,0,31,10,41,114,41,76,12,243,18,0,18,261
03/10/2009,BOI,ID,ANM,WE,Combined TRACON& Tower with Radar,114,45,43,3,205,0,3,37,21,61,114,48,80,24,266,48,34,82,348
03/11/2009,BOI,ID,ANM,WE,Combined TRACON& Tower with Radar,123,39,73,6,241,0,5,92,22,119,123,44,165,28,360,0,0,0,360
03/12/2009,BOI,ID,ANM,WE,Combined TRACON& Tower with Radar,115,42,63,6,226,0,3,102,28,133,115,45,165,34,359,68,12,80,439
03/13/2009,BOI,ID,ANM,WE,Combined TRACON& Tower with Radar,119,34,45,9,207,0,6,112,5,123,119,40,157,14,330,98,0,98,428
03/14/2009,BOI,ID,ANM,WE,Combined TRACON& Tower with Radar,90,19,32,12,153,0,8,73,9,90,90,27,105,21,243,26,8,34,277
03/15/2009,BOI,ID,ANM,WE,Combined TRACON& Tower with Radar,104,25,31,2,162,0,1,13,9,23,104,26,44,11,185,28,0,28,213
03/16/2009,BOI,ID,ANM,WE,Combined TRACON& Tower with Radar,113,50,30,5,198,0,0,21,8,29,113,50,51,13,227,18,8,26,253
03/17/2009,BOI,ID,ANM,WE,Combined TRACON& Tower with Radar,118,39,44,9,210,0,4,42,17,63,118,43,86,26,273,90,6,96,369
03/18/2009,BOI,ID,ANM,WE,Combined TRACON& Tower with Radar,133,37,77,8,255,0,8,90,29,127,133,45,167,37,382,28,44,72,454
03/19/2009,BOI,ID,ANM,WE,Combined TRACON& Tower with Radar,119,40,67,7,233,0,3,102,13,118,119,43,169,20,351,70,8,78,429
03/20/2009,BOI,ID,ANM,WE,Combined TRACON& Tower with Radar,119,46,79,14,258,0,4,107,19,130,119,50,186,33,388,68,10,78,466
03/21/2009,BOI,ID,ANM,WE,Combined TRACON& Tower with Radar,102,15,43,1,161,0,8,45,8,61,102,23,88,9,222,0,0,0,222
03/22/2009,BOI,ID,ANM,WE,Combined TRACON& Tower with Radar,111,30,34,2,177,0,3,9,1,13,111,33,43,3,190,4,0,4,194
03/23/2009,BOI,ID,ANM,WE,Combined TRACON& Tower with Radar,114,41,39,7,201,0,6,38,6,50,114,47,77,13,251,34,0,34,285
03/24/2009,BOI,ID,ANM,WE,Combined TRACON& Tower with Radar,119,45,50,6,220,0,2,59,14,75,119,47,109,20,295,64,42,106,401
03/25/2009,BOI,ID,ANM,WE,Combined TRACON& Tower with Radar,121,42,42,9,214,0,1,17,11,29,121,43,59,20,243,32,42,74,317
03/26/2009,BOI,ID,ANM,WE,Combined TRACON& Tower with Radar,110,43,43,7,203,0,5,59,18,82,110,48,102,25,285,80,32,112,397
03/27/2009,BOI,ID,ANM,WE,Combined TRACON& Tower with Radar,125,47,51,7,230,0,2,111,20,133,125,49,162,27,363,70,14,84,447
03/28/2009,BOI,ID,ANM,WE,Combined TRACON& Tower with Radar,93,10,17,11,131,0,2,56,1,59,93,12,73,12,190,28,10,38,228
03/29/2009,BOI,ID,ANM,WE,Combined TRACON& Tower with Radar,102,27,17,0,146,0,3,4,0,7,102,30,21,0,153,6,0,6,159
03/30/2009,BOI,ID,ANM,WE,Combined TRACON& Tower with Radar,109,37,49,4,199,0,5,71,21,97,109,42,120,25,296,50,8,58,354
03/31/2009,BOI,ID,ANM,WE,Combined TRACON& Tower with Radar,119,48,35,6,208,0,5,24,21,50,119,53,59,27,258,36,14,50,308
04/01/2009,BOI,ID,ANM,WE,Combined TRACON& Tower with Radar,116,46,57,12,231,0,3,78,19,100,116,49,135,31,331,94,10,104,435
04/02/2009,BOI,ID,ANM,WE,Combined TRACON& Tower with Radar,112,52,46,13,223,0,2,29,30,61,112,54,75,43,284,16,18,34,318
04/03/2009,BOI,ID,ANM,WE,Combined TRACON& Tower with Radar,116,51,60,8,235,0,1,43,6,50,116,52,103,14,285,60,30,90,375
04/04/2009,BOI,ID,ANM,WE,Combined TRACON& Tower with Radar,83,20,27,13,143,0,6,81,19,106,83,26,108,32,249,72,38,110,359
04/05/2009,BOI,ID,ANM,WE,Combined TRACON& Tower with Radar,94,26,25,3,148,0,1,76,8,85,94,27,101,11,233,30,4,34,267
04/06/2009,BOI,ID,ANM,WE,Combined TRACON& Tower with Radar,115,33,56,2,206,0,8,93,9,110,115,41,149,11,316,62,2,64,380
04/07/2009,BOI,ID,ANM,WE,Combined TRACON& Tower with Radar,116,34,49,4,203,0,6,98,27,131,116,40,147,31,334,68,2,70,404
04/08/2009,BOI,ID,ANM,WE,Combined TRACON& Tower with Radar,117,43,59,10,229,0,0,39,14,53,117,43,98,24,282,34,18,52,334
04/09/2009,BOI,ID,ANM,WE,Combined TRACON& Tower with Radar,117,55,69,11,252,0,7,68,30,105,117,62,137,41,357,102,14,116,473
04/10/2009,BOI,ID,ANM,WE,Combined TRACON& Tower with Radar,116,49,65,7,237,0,5,45,7,57,116,54,110,14,294,30,4,34,328
04/11/2009,BOI,ID,ANM,WE,Combined TRACON& Tower with Radar,83,20,23,1,127,0,1,61,2,64,83,21,84,3,191,74,0,74,265
04/12/2009,BOI,ID,ANM,WE,Combined TRACON& Tower with Radar,93,26,5,0,124,0,0,65,0,65,93,26,70,0,189,106,0,106,295
04/13/2009,BOI,ID,ANM,WE,Combined TRACON& Tower with Radar,109,46,54,5,214,0,10,55,8,73,109,56,109,13,287,54,36,90,377
04/14/2009,BOI,ID,ANM,WE,Combined TRACON& Tower with Radar,117,39,60,6,222,0,8,51,15,74,117,47,111,21,296,42,6,48,344
04/15/2009,BOI,ID,ANM,WE,Combined TRACON& Tower with Radar,118,49,71,5,243,0,2,30,16,48,118,51,101,21,291,42,6,48,339
04/16/2009,BOI,ID,ANM,WE,Combined TRACON& Tower with Radar,116,47,71,13,247,0,3,92,15,110,116,50,163,28,357,38,0,38,395
04/17/2009,BOI,ID,ANM,WE,Combined TRACON& Tower with Radar,109,49,50,9,217,0,4,124,6,134,109,53,174,15,351,90,26,116,467
04/18/2009,BOI,ID,ANM,WE,Combined TRACON& Tower with Radar,90,20,35,0,145,0,6,103,0,109,90,26,138,0,254,94,0,94,348
04/19/2009,BOI,ID,ANM,WE,Combined TRACON& Tower with Radar,93,29,23,0,145,0,1,68,0,69,93,30,91,0,214,74,0,74,288
04/20/2009,BOI,ID,ANM,WE,Combined TRACON& Tower with Radar,111,33,37,2,183,0,11,108,9,128,111,44,145,11,311,106,2,108,419
04/21/2009,BOI,ID,ANM,WE,Combined TRACON& Tower with Radar,115,37,59,6,217,0,8,94,19,121,115,45,153,25,338,30,14,44,382
04/22/2009,BOI,ID,ANM,WE,Combined TRACON& Tower with Radar,122,40,67,6,235,0,3,104,13,120,122,43,171,19,355,60,6,66,421
04/23/2009,BOI,ID,ANM,WE,Combined TRACON& Tower with Radar,119,44,55,6,224,0,5,65,20,90,119,49,120,26,314,42,12,54,368
04/24/2009,BOI,ID,ANM,WE,Combined TRACON& Tower with Radar,116,41,49,6,212,0,9,86,3,98,116,50,135,9,310,28,2,30,340
04/25/2009,BOI,ID,ANM,WE,Combined TRACON& Tower with Radar,84,23,26,1,134,0,2,98,8,108,84,25,124,9,242,118,0,118,360
04/26/2009,BOI,ID,ANM,WE,Combined TRACON& Tower with Radar,95,27,20,3,145,0,1,33,2,36,95,28,53,5,181,16,0,16,197
04/27/2009,BOI,ID,ANM,WE,Combined TRACON& Tower with Radar,115,31,35,9,190,0,10,66,11,87,115,41,101,20,277,44,18,62,339
04/28/2009,BOI,ID,ANM,WE,Combined TRACON& Tower with Radar,116,34,41,11,202,0,1,24,8,33,116,35,65,19,235,40,22,62,297
04/29/2009,BOI,ID,ANM,WE,Combined TRACON& Tower with Radar,118,38,54,7,217,0,6,60,8,74,118,44,114,15,291,46,2,48,339
04/30/2009,BOI,ID,ANM,WE,Combined TRACON& Tower with Radar,121,43,69,7,240,0,2,92,20,114,121,45,161,27,354,70,14,84,438
05/01/2009,BOI,ID,ANM,WE,Combined TRACON& Tower with Radar,116,40,41,5,202,0,6,82,3,91,116,46,123,8,293,42,0,42,335
05/02/2009,BOI,ID,ANM,WE,Combined TRACON& Tower with Radar,83,27,23,9,142,0,2,45,13,60,83,29,68,22,202,44,0,44,246
05/03/2009,BOI,ID,ANM,WE,Combined TRACON& Tower with Radar,98,25,18,9,150,0,4,7,11,22,98,29,25,20,172,14,2,16,188
05/04/2009,BOI,ID,ANM,WE,Combined TRACON& Tower with Radar,114,44,44,2,204,0,5,89,12,106,114,49,133,14,310,54,0,54,364
05/05/2009,BOI,ID,ANM,WE,Combined TRACON& Tower with Radar,113,37,55,20,225,0,1,45,16,62,113,38,100,36,287,44,10,54,341
05/06/2009,BOI,ID,ANM,WE,Combined TRACON& Tower with Radar,115,41,60,26,242,0,8,47,22,77,115,49,107,48,319,48,22,70,389
05/07/2009,BOI,ID,ANM,WE,Combined TRACON& Tower with Radar,119,42,82,14,257,0,7,92,39,138,119,49,174,53,395,56,18,74,469
05/08/2009,BOI,ID,ANM,WE,Combined TRACON& Tower with Radar,117,40,51,17,225,0,10,131,22,163,117,50,182,39,388,102,32,134,522
05/09/2009,BOI,ID,ANM,WE,Combined TRACON& Tower with Radar,74,19,19,2,114,0,11,76,2,89,74,30,95,4,203,68,0,68,271
05/10/2009,BOI,ID,ANM,WE,Combined TRACON& Tower with Radar,90,31,25,0,146,0,5,67,4,76,90,36,92,4,222,34,4,38,260
05/11/2009,BOI,ID,ANM,WE,Combined TRACON& Tower with Radar,106,36,37,16,195,0,2,63,9,74,106,38,100,25,269,60,40,100,369
05/12/2009,BOI,ID,ANM,WE,Combined TRACON& Tower with Radar,109,38,47,13,207,0,2,31,14,47,109,40,78,27,254,44,20,64,318
05/13/2009,BOI,ID,ANM,WE,Combined TRACON& Tower with Radar,117,44,61,28,250,0,4,100,21,125,117,48,161,49,375,34,32,66,441
05/14/2009,BOI,ID,ANM,WE,Combined TRACON& Tower with Radar,114,50,41,26,231,0,2,52,18,72,114,52,93,44,303,44,56,100,403
05/15/2009,BOI,ID,ANM,WE,Combined TRACON& Tower with Radar,116,38,64,25,243,0,11,144,6,161,116,49,208,31,404,50,4,54,458
05/16/2009,BOI,ID,ANM,WE,Combined TRACON& Tower with Radar,86,21,28,10,145,0,6,111,2,119,86,27,139,12,264,86,2,88,352
05/17/2009,BOI,ID,ANM,WE,Combined TRACON& Tower with Radar,89,29,39,12,169,0,2,101,9,112,89,31,140,21,281,36,40,76,357
05/18/2009,BOI,ID,ANM,WE,Combined TRACON& Tower with Radar,110,40,45,4,199,0,9,83,10,102,110,49,128,14,301,62,2,64,365
05/19/2009,BOI,ID,ANM,WE,Combined TRACON& Tower with Radar,114,50,48,22,234,0,2,77,14,93,114,52,125,36,327,16,36,52,379
05/20/2009,BOI,ID,ANM,WE,Combined TRACON& Tower with Radar,114,38,70,25,247,0,10,97,19,126,114,48,167,44,373,46,30,76,449
05/21/2009,BOI,ID,ANM,WE,Combined TRACON& Tower with Radar,118,42,68,23,251,0,12,106,23,141,118,54,174,46,392,58,22,80,472
05/22/2009,BOI,ID,ANM,WE,Combined TRACON& Tower with Radar,117,37,57,17,228,0,7,129,6,142,117,44,186,23,370,38,28,66,436
05/23/2009,BOI,ID,ANM,WE,Combined TRACON& Tower with Radar,87,26,38,0,151,0,7,79,0,86,87,33,117,0,237,74,0,74,311
05/24/2009,BOI,ID,ANM,WE,Combined TRACON& Tower with Radar,76,18,14,0,108,0,1,57,0,58,76,19,71,0,166,0,0,0,166
05/25/2009,BOI,ID,ANM,WE,Combined TRACON& Tower with Radar,101,22,22,4,149,0,3,81,4,88,101,25,103,8,237,34,8,42,279
05/26/2009,BOI,ID,ANM,WE,Combined TRACON& Tower with Radar,109,39,54,3,205,0,13,116,8,137,109,52,170,11,342,122,2,124,466
05/27/2009,BOI,ID,ANM,WE,Combined TRACON& Tower with Radar,113,34,63,22,232,0,11,129,13,153,113,45,192,35,385,38,8,46,431
05/28/2009,BOI,ID,ANM,WE,Combined TRACON& Tower with Radar,115,38,48,19,220,0,8,139,27,174,115,46,187,46,394,112,28,140,534
05/29/2009,BOI,ID,ANM,WE,Combined TRACON& Tower with Radar,116,35,29,27,207,0,6,110,4,120,116,41,139,31,327,88,20,108,435
05/30/2009,BOI,ID,ANM,WE,Combined TRACON& Tower with Radar,84,20,25,4,133,0,4,98,6,108,84,24,123,10,241,126,0,126,367
05/31/2009,BOI,ID,ANM,WE,Combined TRACON& Tower with Radar,101,26,20,4,151,0,3,95,30,128,101,29,115,34,279,62,0,62,341
06/01/2009,BOI,ID,ANM,WE,Combined TRACON& Tower with Radar,110,40,63,23,236,0,5,90,20,115,110,45,153,43,351,54,34,88,439
06/02/2009,BOI,ID,ANM,WE,Combined TRACON& Tower with Radar,115,41,40,26,222,0,5,41,21,67,115,46,81,47,289,40,24,64,353
06/03/2009,BOI,ID,ANM,WE,Combined TRACON& Tower with Radar,115,43,50,22,230,0,7,88,33,128,115,50,138,55,358,84,24,108,466
06/04/2009,BOI,ID,ANM,WE,Combined TRACON& Tower with Radar,124,44,52,18,238,0,9,73,12,94,124,53,125,30,332,44,26,70,402
06/05/2009,BOI,ID,ANM,WE,Combined TRACON& Tower with Radar,122,43,43,19,227,0,6,87,25,118,122,49,130,44,345,56,8,64,409
06/06/2009,BOI,ID,ANM,WE,Combined TRACON& Tower with Radar,93,26,17,28,164,0,4,16,15,35,93,30,33,43,199,24,6,30,229
06/07/2009,BOI,ID,ANM,WE,Combined TRACON& Tower with Radar,103,30,32,10,175,0,1,47,12,60,103,31,79,22,235,24,12,36,271
06/08/2009,BOI,ID,ANM,WE,Combined TRACON& Tower with Radar,118,43,31,8,200,0,9,95,18,122,118,52,126,26,322,58,14,72,394
06/09/2009,BOI,ID,ANM,WE,Combined TRACON& Tower with Radar,122,46,38,26,232,0,12,94,25,131,122,58,132,51,363,134,24,158,521
06/10/2009,BOI,ID,ANM,WE,Combined TRACON& Tower with Radar,118,45,47,29,239,0,5,54,18,77,118,50,101,47,316,34,18,52,368
06/11/2009,BOI,ID,ANM,WE,Combined TRACON& Tower with Radar,119,54,57,25,255,0,5,64,14,83,119,59,121,39,338,72,18,90,428
06/12/2009,BOI,ID,ANM,WE,Combined TRACON& Tower with Radar,126,41,30,18,215,0,6,63,6,75,126,47,93,24,290,0,0,0,290
06/13/2009,BOI,ID,ANM,WE,Combined TRACON& Tower with Radar,92,22,19,7,140,0,1,49,3,53,92,23,68,10,193,50,20,70,263
06/14/2009,BOI,ID,ANM,WE,Combined TRACON& Tower with Radar,103,26,19,3,151,0,4,28,1,33,103,30,47,4,184,38,2,40,224
06/15/2009,BOI,ID,ANM,WE,Combined TRACON& Tower with Radar,121,49,28,21,219,0,11,33,11,55,121,60,61,32,274,24,12,36,310
06/16/2009,BOI,ID,ANM,WE,Combined TRACON& Tower with Radar,121,37,76,23,257,0,5,135,14,154,121,42,211,37,411,114,0,114,525
06/17/2009,BOI,ID,ANM,WE,Combined TRACON& Tower with Radar,121,45,57,27,250,0,9,67,13,89,121,54,124,40,339,60,14,74,413
06/18/2009,BOI,ID,ANM,WE,Combined TRACON& Tower with Radar,119,41,55,19,234,0,13,122,19,154,119,54,177,38,388,96,16,112,500
06/19/2009,BOI,ID,ANM,WE,Combined TRACON& Tower with Radar,120,37,53,25,235,0,12,118,7,137,120,49,171,32,372,92,0,92,464
06/20/2009,BOI,ID,ANM,WE,Combined TRACON& Tower with Radar,97,22,23,2,144,0,4,53,0,57,97,26,76,2,201,124,0,124,325
06/21/2009,BOI,ID,ANM,WE,Combined TRACON& Tower with Radar,105,26,33,0,164,0,3,30,0,33,105,29,63,0,197,20,0,20,217
06/22/2009,BOI,ID,ANM,WE,Combined TRACON& Tower with Radar,115,35,47,30,227,0,13,91,16,120,115,48,138,46,347,114,14,128,475
06/23/2009,BOI,ID,ANM,WE,Combined TRACON& Tower with Radar,121,40,47,29,237,0,12,116,16,144,121,52,163,45,381,118,30,148,529
06/24/2009,BOI,ID,ANM,WE,Combined TRACON& Tower with Radar,123,40,56,37,256,0,18,127,26,171,123,58,183,63,427,78,22,100,527
06/25/2009,BOI,ID,ANM,WE,Combined TRACON& Tower with Radar,121,38,42,31,232,0,10,104,17,131,121,48,146,48,363,88,40,128,491
06/26/2009,BOI,ID,ANM,WE,Combined TRACON& Tower with Radar,125,41,30,15,211,0,12,108,4,124,125,53,138,19,335,62,10,72,407
06/27/2009,BOI,ID,ANM,WE,Combined TRACON& Tower with Radar,96,25,26,4,151,0,7,93,4,104,96,32,119,8,255,84,8,92,347
06/28/2009,BOI,ID,ANM,WE,Combined TRACON& Tower with Radar,107,27,16,4,154,0,4,75,0,79,107,31,91,4,233,96,0,96,329
06/29/2009,BOI,ID,ANM,WE,Combined TRACON& Tower with Radar,115,37,39,32,223,0,11,98,21,130,115,48,137,53,353,88,40,128,481
06/30/2009,BOI,ID,ANM,WE,Combined TRACON& Tower with Radar,120,40,32,25,217,0,10,141,24,175,120,50,173,49,392,94,30,124,516
07/01/2009,BOI,ID,ANM,WE,Combined TRACON& Tower with Radar,124,40,38,14,216,0,13,113,14,140,124,53,151,28,356,102,16,118,474
07/02/2009,BOI,ID,ANM,WE,Combined TRACON& Tower with Radar,120,44,35,9,208,0,17,93,2,112,120,61,128,11,320,100,0,100,420
07/03/2009,BOI,ID,ANM,WE,Combined TRACON& Tower with Radar,118,36,19,3,176,0,12,86,1,99,118,48,105,4,275,58,2,60,335
07/04/2009,BOI,ID,ANM,WE,Combined TRACON& Tower with Radar,73,16,8,1,98,0,8,61,6,75,73,24,69,7,173,70,4,74,247
07/05/2009,BOI,ID,ANM,WE,Combined TRACON& Tower with Radar,107,21,13,0,141,0,19,106,0,125,107,40,119,0,266,26,0,26,292
07/06/2009,BOI,ID,ANM,WE,Combined TRACON& Tower with Radar,118,45,33,30,226,0,15,118,5,138,118,60,151,35,364,124,42,166,530
07/07/2009,BOI,ID,ANM,WE,Combined TRACON& Tower with Radar,120,47,51,25,243,0,9,113,12,134,120,56,164,37,377,52,22,74,451
07/08/2009,BOI,ID,ANM,WE,Combined TRACON& Tower with Radar,125,42,63,27,257,0,10,132,16,158,125,52,195,43,415,0,0,0,415
07/09/2009,BOI,ID,ANM,WE,Combined TRACON& Tower with Radar,127,38,46,26,237,0,15,134,15,164,127,53,180,41,401,80,46,126,527
07/10/2009,BOI,ID,ANM,WE,Combined TRACON& Tower with Radar,123,35,35,34,227,0,13,101,9,123,123,48,136,43,350,54,34,88,438
07/11/2009,BOI,ID,ANM,WE,Combined TRACON& Tower with Radar,93,27,19,36,175,0,15,97,21,133,93,42,116,57,308,112,24,136,444
07/12/2009,BOI,ID,ANM,WE,Combined TRACON& Tower with Radar,109,27,25,18,179,0,22,93,10,125,109,49,118,28,304,30,22,52,356
07/13/2009,BOI,ID,ANM,WE,Combined TRACON& Tower with Radar,122,39,38,7,206,0,21,111,7,139,122,60,149,14,345,62,12,74,419
07/14/2009,BOI,ID,ANM,WE,Combined TRACON& Tower with Radar,120,45,54,16,235,0,12,117,15,144,120,57,171,31,379,44,6,50,429
07/15/2009,BOI,ID,ANM,WE,Combined TRACON& Tower with Radar,121,45,45,30,241,0,14,113,27,154,121,59,158,57,395,62,24,86,481
07/16/2009,BOI,ID,ANM,WE,Combined TRACON& Tower with Radar,122,43,61,39,265,0,12,137,21,170,122,55,198,60,435,106,34,140,575
07/17/2009,BOI,ID,ANM,WE,Combined TRACON& Tower with Radar,122,42,47,19,230,0,18,105,10,133,122,60,152,29,363,48,6,54,417
07/18/2009,BOI,ID,ANM,WE,Combined TRACON& Tower with Radar,96,22,23,7,148,0,24,108,0,132,96,46,131,7,280,84,0,84,364
07/19/2009,BOI,ID,ANM,WE,Combined TRACON& Tower with Radar,111,27,30,2,170,0,9,73,4,86,111,36,103,6,256,50,4,54,310
07/20/2009,BOI,ID,ANM,WE,Combined TRACON& Tower with Radar,115,39,45,22,221,0,15,82,10,107,115,54,127,32,328,116,40,156,484
07/21/2009,BOI,ID,ANM,WE,Combined TRACON& Tower with Radar,121,35,43,30,229,0,14,78,11,103,121,49,121,41,332,60,22,82,414
07/22/2009,BOI,ID,ANM,WE,Combined TRACON& Tower with Radar,125,37,68,34,264,0,11,99,13,123,125,48,167,47,387,60,37,97,484
07/23/2009,BOI,ID,ANM,WE,Combined TRACON& Tower with Radar,125,37,69,37,268,0,23,92,17,132,125,60,161,54,400,70,34,104,504
07/24/2009,BOI,ID,ANM,WE,Combined TRACON& Tower with Radar,123,32,53,27,235,0,22,105,12,139,123,54,158,39,374,110,28,138,512
07/25/2009,BOI,ID,ANM,WE,Combined TRACON& Tower with Radar,93,19,30,6,148,0,8,83,1,92,93,27,113,7,240,104,0,104,344
07/26/2009,BOI,ID,ANM,WE,Combined TRACON& Tower with Radar,106,18,21,10,155,0,7,96,0,103,106,25,117,10,258,22,0,22,280
07/27/2009,BOI,ID,ANM,WE,Combined TRACON& Tower with Radar,119,31,32,8,190,0,11,97,8,116,119,42,129,16,306,72,8,80,386
07/28/2009,BOI,ID,ANM,WE,Combined TRACON& Tower with Radar,114,36,61,30,241,0,11,100,17,128,114,47,161,47,369,60,48,108,477
07/29/2009,BOI,ID,ANM,WE,Combined TRACON& Tower with Radar,125,40,50,25,240,0,13,116,19,148,125,53,166,44,388,34,28,62,450
07/30/2009,BOI,ID,ANM,WE,Combined TRACON& Tower with Radar,121,42,43,36,242,0,12,99,21,132,121,54,142,57,374,44,24,68,442
07/31/2009,BOI,ID,ANM,WE,Combined TRACON& Tower with Radar,124,34,54,26,238,0,19,123,12,154,124,53,177,38,392,22,0,22,414
08/01/2009,BOI,ID,ANM,WE,Combined TRACON& Tower with Radar,97,22,26,12,157,0,19,95,30,144,97,41,121,42,301,36,12,48,349
08/02/2009,BOI,ID,ANM,WE,Combined TRACON& Tower with Radar,106,30,24,12,172,0,24,90,13,127,106,54,114,25,299,36,12,48,347
08/03/2009,BOI,ID,ANM,WE,Combined TRACON& Tower with Radar,120,36,36,6,198,0,10,97,2,109,120,46,133,8,307,38,0,38,345
08/04/2009,BOI,ID,ANM,WE,Combined TRACON& Tower with Radar,126,41,43,28,238,0,16,96,14,126,126,57,139,42,364,58,30,88,452
08/05/2009,BOI,ID,ANM,WE,Combined TRACON& Tower with Radar,132,41,31,24,228,0,10,119,18,147,132,51,150,42,375,46,50,96,471
08/06/2009,BOI,ID,ANM,WE,Combined TRACON& Tower with Radar,132,41,27,16,216,0,6,21,3,30,132,47,48,19,246,16,18,34,280
08/07/2009,BOI,ID,ANM,WE,Combined TRACON& Tower with Radar,129,51,33,25,238,0,3,15,2,20,129,54,48,27,258,37,18,55,313
08/08/2009,BOI,ID,ANM,WE,Combined TRACON& Tower with Radar,97,22,20,1,140,0,11,45,2,58,97,33,65,3,198,90,0,90,288
08/09/2009,BOI,ID,ANM,WE,Combined TRACON& Tower with Radar,107,29,31,5,172,0,9,90,0,99,107,38,121,5,271,28,0,28,299
08/10/2009,BOI,ID,ANM,WE,Combined TRACON& Tower with Radar,125,34,40,28,227,0,11,76,12,99,125,45,116,40,326,100,14,114,440
08/11/2009,BOI,ID,ANM,WE,Combined TRACON& Tower with Radar,126,45,55,28,254,0,13,109,16,138,126,58,164,44,392,48,10,58,450
08/12/2009,BOI,ID,ANM,WE,Combined TRACON& Tower with Radar,124,42,51,22,239,0,10,81,15,106,124,52,132,37,345,70,24,94,439
08/13/2009,BOI,ID,ANM,WE,Combined TRACON& Tower with Radar,124,34,71,28,257,0,11,106,24,141,124,45,177,52,398,66,26,92,490
08/14/2009,BOI,ID,ANM,WE,Combined TRACON& Tower with Radar,123,39,43,18,223,0,16,82,21,119,123,55,125,39,342,68,14,82,424
08/15/2009,BOI,ID,ANM,WE,Combined TRACON& Tower with Radar,97,23,17,12,149,0,13,78,5,96,97,36,95,17,245,78,26,104,349
08/16/2009,BOI,ID,ANM,WE,Combined TRACON& Tower with Radar,106,19,23,18,166,0,10,80,4,94,106,29,103,22,260,18,46,64,324
08/17/2009,BOI,ID,ANM,WE,Combined TRACON& Tower with Radar,115,48,62,6,231,0,12,114,13,139,115,60,176,19,370,92,8,100,470
08/18/2009,BOI,ID,ANM,WE,Combined TRACON& Tower with Radar,122,35,62,21,240,0,12,114,19,145,122,47,176,40,385,86,14,100,485
08/19/2009,BOI,ID,ANM,WE,Combined TRACON& Tower with Radar,119,32,67,27,245,0,11,115,18,144,119,43,182,45,389,62,26,88,477
08/20/2009,BOI,ID,ANM,WE,Combined TRACON& Tower with Radar,120,41,53,20,234,0,13,109,26,148,120,54,162,46,382,52,12,64,446
08/21/2009,BOI,ID,ANM,WE,Combined TRACON& Tower with Radar,118,40,48,22,228,0,15,122,21,158,118,55,170,43,386,62,20,82,468
08/22/2009,BOI,ID,ANM,WE,Combined TRACON& Tower with Radar,92,22,26,4,144,0,7,99,3,109,92,29,125,7,253,216,2,218,471
08/23/2009,BOI,ID,ANM,WE,Combined TRACON& Tower with Radar,96,24,28,2,150,0,10,79,1,90,96,34,107,3,240,52,6,58,298
08/24/2009,BOI,ID,ANM,WE,Combined TRACON& Tower with Radar,116,37,55,28,236,0,12,92,13,117,116,49,147,41,353,44,12,56,409
08/25/2009,BOI,ID,ANM,WE,Combined TRACON& Tower with Radar,120,36,57,21,234,0,4,113,28,145,120,40,170,49,379,90,24,114,493
08/26/2009,BOI,ID,ANM,WE,Combined TRACON& Tower with Radar,121,37,39,29,226,0,8,98,31,137,121,45,137,60,363,46,27,73,436
08/27/2009,BOI,ID,ANM,WE,Combined TRACON& Tower with Radar,122,48,48,28,246,0,7,123,18,148,122,55,171,46,394,46,20,66,460
08/28/2009,BOI,ID,ANM,WE,Combined TRACON& Tower with Radar,121,39,48,21,229,0,13,116,5,134,121,52,164,26,363,75,18,93,456
08/29/2009,BOI,ID,ANM,WE,Combined TRACON& Tower with Radar,88,21,29,2,140,0,5,96,1,102,88,26,125,3,242,96,0,96,338
08/30/2009,BOI,ID,ANM,WE,Combined TRACON& Tower with Radar,97,26,18,0,141,0,2,86,1,89,97,28,104,1,230,94,0,94,324
08/31/2009,BOI,ID,ANM,WE,Combined TRACON& Tower with Radar,117,36,48,28,229,0,8,78,19,105,117,44,126,47,334,64,34,98,432
09/01/2009,BOI,ID,ANM,WE,Combined TRACON& Tower with Radar,120,48,66,29,263,0,8,109,35,152,120,56,175,64,415,78,58,136,551
09/02/2009,BOI,ID,ANM,WE,Combined TRACON& Tower with Radar,124,36,52,23,235,0,7,111,40,158,124,43,163,63,393,50,16,66,459
09/03/2009,BOI,ID,ANM,WE,Combined TRACON& Tower with Radar,119,43,66,22,250,0,4,118,12,134,119,47,184,34,384,54,18,72,456
09/04/2009,BOI,ID,ANM,WE,Combined TRACON& Tower with Radar,122,44,68,4,238,0,8,116,2,126,122,52,184,6,364,38,0,38,402
09/05/2009,BOI,ID,ANM,WE,Combined TRACON& Tower with Radar,86,17,21,1,125,0,2,75,0,77,86,19,96,1,202,26,0,26,228
09/06/2009,BOI,ID,ANM,WE,Combined TRACON& Tower with Radar,83,9,17,4,113,0,7,58,3,68,83,16,75,7,181,54,6,60,241
09/07/2009,BOI,ID,ANM,WE,Combined TRACON& Tower with Radar,108,18,21,5,152,0,9,82,0,91,108,27,103,5,243,28,8,36,279
09/08/2009,BOI,ID,ANM,WE,Combined TRACON& Tower with Radar,113,41,46,11,211,0,10,70,22,102,113,51,116,33,313,22,6,28,341
09/09/2009,BOI,ID,ANM,WE,Combined TRACON& Tower with Radar,118,40,64,26,248,0,9,103,12,124,118,49,167,38,372,32,32,64,436
09/10/2009,BOI,ID,ANM,WE,Combined TRACON& Tower with Radar,120,43,53,30,246,0,11,107,16,134,120,54,160,46,380,42,18,60,440
09/11/2009,BOI,ID,ANM,WE,Combined TRACON& Tower with Radar,117,41,57,19,234,0,10,115,22,147,117,51,172,41,381,120,6,126,507
09/12/2009,BOI,ID,ANM,WE,Combined TRACON& Tower with Radar,89,19,43,24,175,0,9,135,30,174,89,28,178,54,349,46,18,64,413
09/13/2009,BOI,ID,ANM,WE,Combined TRACON& Tower with Radar,96,33,60,13,202,0,6,142,1,149,96,39,202,14,351,72,36,108,459
09/14/2009,BOI,ID,ANM,WE,Combined TRACON& Tower with Radar,111,39,54,7,211,0,8,59,16,83,111,47,113,23,294,20,22,42,336
09/15/2009,BOI,ID,ANM,WE,Combined TRACON& Tower with Radar,116,45,73,26,260,0,3,108,28,139,116,48,181,54,399,60,24,84,483
09/16/2009,BOI,ID,ANM,WE,Combined TRACON& Tower with Radar,117,40,53,20,230,0,10,112,17,139,117,50,165,37,369,66,18,84,453
09/17/2009,BOI,ID,ANM,WE,Combined TRACON& Tower with Radar,120,45,47,19,231,0,7,109,14,130,120,52,156,33,361,102,16,118,479
09/18/2009,BOI,ID,ANM,WE,Combined TRACON& Tower with Radar,114,37,43,7,201,0,6,106,2,114,114,43,149,9,315,62,0,62,377
09/19/2009,BOI,ID,ANM,WE,Combined TRACON& Tower with Radar,86,13,40,2,141,0,5,104,1,110,86,18,144,3,251,40,0,40,291
09/20/2009,BOI,ID,ANM,WE,Combined TRACON& Tower with Radar,92,24,25,7,148,0,5,84,1,90,92,29,109,8,238,26,0,26,264
09/21/2009,BOI,ID,ANM,WE,Combined TRACON& Tower with Radar,111,35,40,17,203,0,6,65,10,81,111,41,105,27,284,48,18,66,350
09/22/2009,BOI,ID,ANM,WE,Combined TRACON& Tower with Radar,116,39,63,23,241,0,12,97,22,131,116,51,160,45,372,52,22,74,446
09/23/2009,BOI,ID,ANM,WE,Combined TRACON& Tower with Radar,118,47,63,23,251,0,6,86,22,114,118,53,149,45,365,66,36,102,467
09/24/2009,BOI,ID,ANM,WE,Combined TRACON& Tower with Radar,116,47,50,19,232,0,4,89,24,117,116,51,139,43,349,64,22,86,435
09/25/2009,BOI,ID,ANM,WE,Combined TRACON& Tower with Radar,115,41,50,16,222,0,4,136,11,151,115,45,186,27,373,110,14,124,497
09/26/2009,BOI,ID,ANM,WE,Combined TRACON& Tower with Radar,85,16,25,6,132,0,6,115,4,125,85,22,140,10,257,64,0,64,321
09/27/2009,BOI,ID,ANM,WE,Combined TRACON& Tower with Radar,92,29,22,3,146,0,5,88,2,95,92,34,110,5,241,78,0,78,319
09/28/2009,BOI,ID,ANM,WE,Combined TRACON& Tower with Radar,112,40,34,27,213,0,5,81,20,106,112,45,115,47,319,28,34,62,381
09/29/2009,BOI,ID,ANM,WE,Combined TRACON& Tower with Radar,118,47,45,18,228,0,4,69,24,97,118,51,114,42,325,30,16,46,371
09/30/2009,BOI,ID,ANM,WE,Combined TRACON& Tower with Radar,118,47,34,12,211,0,5,43,15,63,118,52,77,27,274,48,0,48,322
10/01/2009,BOI,ID,ANM,WE,Combined TRACON& Tower with Radar,117,37,49,21,224,0,3,100,19,122,117,40,149,40,346,50,32,82,428
10/02/2009,BOI,ID,ANM,WE,Combined TRACON& Tower with Radar,116,40,38,15,209,0,7,94,9,110,116,47,132,24,319,62,20,82,401
10/03/2009,BOI,ID,ANM,WE,Combined TRACON& Tower with Radar,92,21,27,3,143,0,4,43,18,65,92,25,70,21,208,172,16,188,396
10/04/2009,BOI,ID,ANM,WE,Combined TRACON& Tower with Radar,96,33,19,8,156,0,0,5,2,7,96,33,24,10,163,4,0,4,167
10/05/2009,BOI,ID,ANM,WE,Combined TRACON& Tower with Radar,113,33,50,2,198,0,6,15,9,30,113,39,65,11,228,2,2,4,232
10/06/2009,BOI,ID,ANM,WE,Combined TRACON& Tower with Radar,114,34,70,33,251,0,3,77,14,94,114,37,147,47,345,92,34,126,471
10/07/2009,BOI,ID,ANM,WE,Combined TRACON& Tower with Radar,112,38,60,30,240,0,7,94,30,131,112,45,154,60,371,86,40,126,497
10/08/2009,BOI,ID,ANM,WE,Combined TRACON& Tower with Radar,114,46,59,45,264,0,9,98,9,116,114,55,157,54,380,84,54,138,518
10/09/2009,BOI,ID,ANM,WE,Combined TRACON& Tower with Radar,113,39,46,25,223,0,9,49,6,64,113,48,95,31,287,14,38,52,339
10/10/2009,BOI,ID,ANM,WE,Combined TRACON& Tower with Radar,85,20,23,2,130,0,2,76,0,78,85,22,99,2,208,80,0,80,288
10/11/2009,BOI,ID,ANM,WE,Combined TRACON& Tower with Radar,92,28,17,4,141,0,2,50,0,52,92,30,67,4,193,34,0,34,227
10/12/2009,BOI,ID,ANM,WE,Combined TRACON& Tower with Radar,112,26,63,7,208,0,6,75,0,81,112,32,138,7,289,68,2,70,359
10/13/2009,BOI,ID,ANM,WE,Combined TRACON& Tower with Radar,115,42,51,25,233,0,4,39,22,65,115,46,90,47,298,24,18,42,340
10/14/2009,BOI,ID,ANM,WE,Combined TRACON& Tower with Radar,117,46,67,29,259,0,6,39,16,61,117,52,106,45,320,10,24,34,354
10/15/2009,BOI,ID,ANM,WE,Combined TRACON& Tower with Radar,117,37,48,37,239,0,8,57,25,90,117,45,105,62,329,48,36,84,413
10/16/2009,BOI,ID,ANM,WE,Combined TRACON& Tower with Radar,116,43,35,36,230,0,7,91,11,109,116,50,126,47,339,32,20,52,391
10/17/2009,BOI,ID,ANM,WE,Combined TRACON& Tower with Radar,84,19,27,45,175,0,2,68,9,79,84,21,95,54,254,66,34,100,354
10/18/2009,BOI,ID,ANM,WE,Combined TRACON& Tower with Radar,95,32,17,14,158,0,1,77,4,82,95,33,94,18,240,54,16,70,310
10/19/2009,BOI,ID,ANM,WE,Combined TRACON& Tower with Radar,113,34,48,3,198,0,3,30,12,45,113,37,78,15,243,40,4,44,287
10/20/2009,BOI,ID,ANM,WE,Combined TRACON& Tower with Radar,119,47,71,25,262,0,3,69,11,83,119,50,140,36,345,110,10,120,465
10/21/2009,BOI,ID,ANM,WE,Combined TRACON& Tower with Radar,113,42,52,27,234,0,3,85,19,107,113,45,137,46,341,102,12,114,455
10/22/2009,BOI,ID,ANM,WE,Combined TRACON& Tower with Radar,121,44,45,44,254,0,5,95,17,117,121,49,140,61,371,34,52,86,457
10/23/2009,BOI,ID,ANM,WE,Combined TRACON& Tower with Radar,118,48,57,24,247,0,2,95,25,122,118,50,152,49,369,140,36,176,545
10/24/2009,BOI,ID,ANM,WE,Combined TRACON& Tower with Radar,88,13,27,3,131,0,4,57,1,62,88,17,84,4,193,26,0,26,219
10/25/2009,BOI,ID,ANM,WE,Combined TRACON& Tower with Radar,98,14,26,5,143,0,3,80,3,86,98,17,106,8,229,68,0,68,297
10/26/2009,BOI,ID,ANM,WE,Combined TRACON& Tower with Radar,113,40,36,28,217,0,1,28,8,37,113,41,64,36,254,64,28,92,346
10/27/2009,BOI,ID,ANM,WE,Combined TRACON& Tower with Radar,120,48,51,23,242,0,1,36,14,51,120,49,87,37,293,36,34,70,363
10/28/2009,BOI,ID,ANM,WE,Combined TRACON& Tower with Radar,111,35,57,26,229,0,4,62,21,87,111,39,119,47,316,50,38,88,404
10/29/2009,BOI,ID,ANM,WE,Combined TRACON& Tower with Radar,114,41,56,34,245,0,1,45,6,52,114,42,101,40,297,68,36,104,401
10/30/2009,BOI,ID,ANM,WE,Combined TRACON& Tower with Radar,116,48,50,18,232,0,4,39,4,47,116,52,89,22,279,70,18,88,367
10/31/2009,BOI,ID,ANM,WE,Combined TRACON& Tower with Radar,88,20,26,21,155,0,4,56,7,67,88,24,82,28,222,102,10,112,334
11/01/2009,BOI,ID,ANM,WE,Combined TRACON& Tower with Radar,101,26,19,6,152,0,6,52,2,60,101,32,71,8,212,26,12,38,250
11/02/2009,BOI,ID,ANM,WE,Combined TRACON& Tower with Radar,110,37,40,10,197,0,5,71,15,91,110,42,111,25,288,42,10,52,340
11/03/2009,BOI,ID,ANM,WE,Combined TRACON& Tower with Radar,117,39,53,35,244,0,7,103,12,122,117,46,156,47,366,88,12,100,466
11/04/2009,BOI,ID,ANM,WE,Combined TRACON& Tower with Radar,114,36,44,36,230,0,4,99,17,120,114,40,143,53,350,84,13,97,447
11/05/2009,BOI,ID,ANM,WE,Combined TRACON& Tower with Radar,114,47,55,28,244,0,3,96,14,113,114,50,151,42,357,32,10,42,399
11/06/2009,BOI,ID,ANM,WE,Combined TRACON& Tower with Radar,114,45,31,2,192,0,6,25,6,37,114,51,56,8,229,18,4,22,251
11/07/2009,BOI,ID,ANM,WE,Combined TRACON& Tower with Radar,91,16,18,2,127,0,3,85,25,113,91,19,103,27,240,122,0,122,362
11/08/2009,BOI,ID,ANM,WE,Combined TRACON& Tower with Radar,97,24,13,0,134,0,1,55,9,65,97,25,68,9,199,26,0,26,225
11/09/2009,BOI,ID,ANM,WE,Combined TRACON& Tower with Radar,110,36,31,22,199,0,4,51,22,77,110,40,82,44,276,46,20,66,342
11/10/2009,BOI,ID,ANM,WE,Combined TRACON& Tower with Radar,110,33,36,18,197,0,3,65,19,87,110,36,101,37,284,32,0,32,316
11/11/2009,BOI,ID,ANM,WE,Combined TRACON& Tower with Radar,115,28,53,6,202,0,3,36,2,41,115,31,89,8,243,26,0,26,269
11/12/2009,BOI,ID,ANM,WE,Combined TRACON& Tower with Radar,111,46,53,17,227,0,1,44,13,58,111,47,97,30,285,34,24,58,343
11/13/2009,BOI,ID,ANM,WE,Combined TRACON& Tower with Radar,114,41,51,17,223,0,0,70,5,75,114,41,121,22,298,24,8,32,330
11/14/2009,BOI,ID,ANM,WE,Combined TRACON& Tower with Radar,84,26,21,10,141,0,2,24,4,30,84,28,45,14,171,26,14,40,211
11/15/2009,BOI,ID,ANM,WE,Combined TRACON& Tower with Radar,99,23,25,5,152,0,2,77,0,79,99,25,102,5,231,56,0,56,287
11/16/2009,BOI,ID,ANM,WE,Combined TRACON& Tower with Radar,107,36,42,4,189,0,5,53,12,70,107,41,95,16,259,42,10,52,311
11/17/2009,BOI,ID,ANM,WE,Combined TRACON& Tower with Radar,112,36,48,5,201,0,5,38,4,47,112,41,86,9,248,70,2,72,320
11/18/2009,BOI,ID,ANM,WE,Combined TRACON& Tower with Radar,112,40,52,11,215,0,8,55,18,81,112,48,107,29,296,76,0,76,372
11/19/2009,BOI,ID,ANM,WE,Combined TRACON& Tower with Radar,112,40,72,10,234,0,5,75,21,101,112,45,147,31,335,22,14,36,371
11/20/2009,BOI,ID,ANM,WE,Combined TRACON& Tower with Radar,111,52,36,16,215,0,2,41,7,50,111,54,77,23,265,42,6,48,313
11/21/2009,BOI,ID,ANM,WE,Combined TRACON& Tower with Radar,88,20,17,3,128,0,3,66,1,70,88,23,83,4,198,60,0,60,258
11/22/2009,BOI,ID,ANM,WE,Combined TRACON& Tower with Radar,102,18,20,1,141,0,0,17,0,17,102,18,37,1,158,8,0,8,166
11/23/2009,BOI,ID,ANM,WE,Combined TRACON& Tower with Radar,105,33,48,13,199,0,6,63,22,91,105,39,111,35,290,74,26,100,390
11/24/2009,BOI,ID,ANM,WE,Combined TRACON& Tower with Radar,112,38,44,17,211,0,3,77,19,99,112,41,121,36,310,134,8,142,452
11/25/2009,BOI,ID,ANM,WE,Combined TRACON& Tower with Radar,113,46,35,3,197,0,3,82,10,95,113,49,117,13,292,120,2,122,414
11/26/2009,BOI,ID,ANM,WE,Combined TRACON& Tower with Radar,67,16,5,0,88,0,4,27,0,31,67,20,32,0,119,30,0,30,149
11/27/2009,BOI,ID,ANM,WE,Combined TRACON& Tower with Radar,90,41,18,0,149,0,2,7,0,9,90,43,25,0,158,32,0,32,190
11/28/2009,BOI,ID,ANM,WE,Combined TRACON& Tower with Radar,109,22,16,0,147,0,3,31,0,34,109,25,47,0,181,44,0,44,225
11/29/2009,BOI,ID,ANM,WE,Combined TRACON& Tower with Radar,111,18,34,0,163,0,5,61,0,66,111,23,95,0,229,26,0,26,255
11/30/2009,BOI,ID,ANM,WE,Combined TRACON& Tower with Radar,112,38,43,5,198,0,6,39,15,60,112,44,82,20,258,50,8,58,316
12/01/2009,BOI,ID,ANM,WE,Combined TRACON& Tower with Radar,117,40,38,13,208,0,7,35,12,54,117,47,73,25,262,74,20,94,356
12/02/2009,BOI,ID,ANM,WE,Combined TRACON& Tower with Radar,112,35,45,13,205,0,6,69,23,98,112,41,114,36,303,168,2,170,473
12/03/2009,BOI,ID,ANM,WE,Combined TRACON& Tower with Radar,113,41,36,23,213,0,6,63,19,88,113,47,99,42,301,66,10,76,377
12/04/2009,BOI,ID,ANM,WE,Combined TRACON& Tower with Radar,111,47,46,15,219,0,3,82,9,94,111,50,128,24,313,117,4,121,434
12/05/2009,BOI,ID,ANM,WE,Combined TRACON& Tower with Radar,88,19,28,10,145,0,1,48,3,52,88,20,76,13,197,68,2,70,267
12/06/2009,BOI,ID,ANM,WE,Combined TRACON& Tower with Radar,101,22,23,7,153,0,0,8,0,8,101,22,31,7,161,34,6,40,201
12/07/2009,BOI,ID,ANM,WE,Combined TRACON& Tower with Radar,108,39,33,3,183,0,1,6,5,12,108,40,39,8,195,2,14,16,211
12/08/2009,BOI,ID,ANM,WE,Combined TRACON& Tower with Radar,113,42,54,14,223,0,1,26,18,45,113,43,80,32,268,40,18,58,326
12/09/2009,BOI,ID,ANM,WE,Combined TRACON& Tower with Radar,114,45,52,18,229,0,4,39,28,71,114,49,91,46,300,88,48,136,436
12/10/2009,BOI,ID,ANM,WE,Combined TRACON& Tower with Radar,112,39,55,20,226,0,5,46,15,66,112,44,101,35,292,20,22,42,334
12/11/2009,BOI,ID,ANM,WE,Combined TRACON& Tower with Radar,113,43,45,17,218,0,4,49,7,60,113,47,94,24,278,82,28,110,388
12/12/2009,BOI,ID,ANM,WE,Combined TRACON& Tower with Radar,85,28,14,1,128,0,1,0,0,1,85,29,14,1,129,0,0,0,129
12/13/2009,BOI,ID,ANM,WE,Combined TRACON& Tower with Radar,100,20,15,0,135,0,1,5,0,6,100,21,20,0,141,6,0,6,147
12/14/2009,BOI,ID,ANM,WE,Combined TRACON& Tower with Radar,107,49,71,7,234,0,8,46,9,63,107,57,117,16,297,64,4,68,365
12/15/2009,BOI,ID,ANM,WE,Combined TRACON& Tower with Radar,116,39,48,1,204,0,2,7,0,9,116,41,55,1,213,10,0,10,223
12/16/2009,BOI,ID,ANM,WE,Combined TRACON& Tower with Radar,114,50,66,9,239,0,2,24,18,44,114,52,90,27,283,16,2,18,301
12/17/2009,BOI,ID,ANM,WE,Combined TRACON& Tower with Radar,83,26,32,11,152,0,1,6,2,9,83,27,38,13,161,32,2,34,195
12/18/2009,BOI,ID,ANM,WE,Combined TRACON& Tower with Radar,112,37,50,15,214,0,1,56,8,65,112,38,106,23,279,68,2,70,349
12/19/2009,BOI,ID,ANM,WE,Combined TRACON& Tower with Radar,111,24,25,1,161,0,2,26,0,28,111,26,51,1,189,16,0,16,205
12/20/2009,BOI,ID,ANM,WE,Combined TRACON& Tower with Radar,110,19,11,2,142,0,2,35,0,37,110,21,46,2,179,0,0,0,179
12/21/2009,BOI,ID,ANM,WE,Combined TRACON& Tower with Radar,107,52,37,17,213,0,5,44,16,65,107,57,81,33,278,60,18,78,356
12/22/2009,BOI,ID,ANM,WE,Combined TRACON& Tower with Radar,114,48,31,0,193,0,1,11,1,13,114,49,42,1,206,10,2,12,218
12/23/2009,BOI,ID,ANM,WE,Combined TRACON& Tower with Radar,113,50,38,9,210,0,5,81,6,92,113,55,119,15,302,46,8,54,356
12/24/2009,BOI,ID,ANM,WE,Combined TRACON& Tower with Radar,100,31,18,0,149,0,3,65,0,68,100,34,83,0,217,0,0,0,217
12/25/2009,BOI,ID,ANM,WE,Combined TRACON& Tower with Radar,87,19,2,0,108,0,1,23,0,24,87,20,25,0,132,30,0,30,162
12/26/2009,BOI,ID,ANM,WE,Combined TRACON& Tower with Radar,109,18,20,0,147,0,5,41,0,46,109,23,61,0,193,44,0,44,237
12/27/2009,BOI,ID,ANM,WE,Combined TRACON& Tower with Radar,107,20,25,3,155,0,3,46,0,49,107,23,71,3,204,44,0,44,248
12/28/2009,BOI,ID,ANM,WE,Combined TRACON& Tower with Radar,114,40,37,4,195,0,5,53,9,67,114,45,90,13,262,98,8,106,368
12/29/2009,BOI,ID,ANM,WE,Combined TRACON& Tower with Radar,114,48,30,11,203,0,7,52,14,73,114,55,82,25,276,88,22,110,386
12/30/2009,BOI,ID,ANM,WE,Combined TRACON& Tower with Radar,118,53,46,3,220,0,3,28,2,33,118,56,74,5,253,0,0,0,253
12/31/2009,BOI,ID,ANM,WE,Combined TRACON& Tower with Radar,91,44,15,0,150,0,1,13,0,14,91,45,28,0,164,8,0,8,172
01/01/2010,BOI,ID,ANM,WE,Combined TRACON& Tower with Radar,91,22,25,0,138,0,3,16,0,19,91,25,41,0,157,36,0,36,193
01/02/2010,BOI,ID,ANM,WE,Combined TRACON& Tower with Radar,119,21,39,0,179,0,4,45,0,49,119,25,84,0,228,34,0,34,262
01/03/2010,BOI,ID,ANM,WE,Combined TRACON& Tower with Radar,110,22,22,0,154,0,3,35,0,38,110,25,57,0,192,54,0,54,246
01/04/2010,BOI,ID,ANM,WE,Combined TRACON& Tower with Radar,111,49,36,7,203,0,9,43,7,59,111,58,79,14,262,78,0,78,340
01/05/2010,BOI,ID,ANM,WE,Combined TRACON& Tower with Radar,129,48,65,15,257,0,0,9,0,9,129,48,74,15,266,10,0,10,276
01/06/2010,BOI,ID,ANM,WE,Combined TRACON& Tower with Radar,112,52,58,2,224,0,0,8,3,11,112,52,66,5,235,46,0,46,281
01/07/2010,BOI,ID,ANM,WE,Combined TRACON& Tower with Radar,111,42,63,19,235,0,5,76,29,110,111,47,139,48,345,76,24,100,445
01/08/2010,BOI,ID,ANM,WE,Combined TRACON& Tower with Radar,108,44,45,10,207,0,5,59,7,71,108,49,104,17,278,100,4,104,382
01/09/2010,BOI,ID,ANM,WE,Combined TRACON& Tower with Radar,80,27,26,10,143,0,8,45,19,72,80,35,71,29,215,74,16,90,305
01/10/2010,BOI,ID,ANM,WE,Combined TRACON& Tower with Radar,93,22,32,4,151,0,1,70,15,86,93,23,102,19,237,48,2,50,287
01/11/2010,BOI,ID,ANM,WE,Combined TRACON& Tower with Radar,105,45,26,3,179,0,1,60,10,71,105,46,86,13,250,82,10,92,342
01/12/2010,BOI,ID,ANM,WE,Combined TRACON& Tower with Radar,105,45,42,14,206,0,1,27,20,48,105,46,69,34,254,50,6,56,310
01/13/2010,BOI,ID,ANM,WE,Combined TRACON& Tower with Radar,105,43,39,18,205,0,0,11,20,31,105,43,50,38,236,20,0,20,256
01/14/2010,BOI,ID,ANM,WE,Combined TRACON& Tower with Radar,110,49,60,20,239,0,3,70,35,108,110,52,130,55,347,186,22,208,555
01/15/2010,BOI,ID,ANM,WE,Combined TRACON& Tower with Radar,110,43,63,3,219,0,4,59,3,66,110,47,122,6,285,74,6,80,365
01/16/2010,BOI,ID,ANM,WE,Combined TRACON& Tower with Radar,70,27,29,0,126,0,0,48,0,48,70,27,77,0,174,0,0,0,174
01/17/2010,BOI,ID,ANM,WE,Combined TRACON& Tower with Radar,88,15,24,2,129,0,3,38,0,41,88,18,62,2,170,80,0,80,250
01/18/2010,BOI,ID,ANM,WE,Combined TRACON& Tower with Radar,107,25,35,0,167,0,1,41,0,42,107,26,76,0,209,76,0,76,285
01/19/2010,BOI,ID,ANM,WE,Combined TRACON& Tower with Radar,106,42,47,20,215,0,3,49,26,78,106,45,96,46,293,90,16,106,399
01/20/2010,BOI,ID,ANM,WE,Combined TRACON& Tower with Radar,110,58,49,20,237,0,0,37,18,55,110,58,86,38,292,16,20,36,328
01/21/2010,BOI,ID,ANM,WE,Combined TRACON& Tower with Radar,110,45,41,20,216,0,1,25,14,40,110,46,66,34,256,60,0,60,316
01/22/2010,BOI,ID,ANM,WE,Combined TRACON& Tower with Radar,114,46,25,3,188,0,0,0,0,0,114,46,25,3,188,0,0,0,188
01/23/2010,BOI,ID,ANM,WE,Combined TRACON& Tower with Radar,69,28,14,3,114,0,0,13,0,13,69,28,27,3,127,18,0,18,145
01/24/2010,BOI,ID,ANM,WE,Combined TRACON& Tower with Radar,89,19,19,3,130,0,0,68,1,69,89,19,87,4,199,112,0,112,311
01/25/2010,BOI,ID,ANM,WE,Combined TRACON& Tower with Radar,102,40,43,5,190,0,3,33,16,52,102,43,76,21,242,50,12,62,304
01/26/2010,BOI,ID,ANM,WE,Combined TRACON& Tower with Radar,102,45,45,20,212,0,1,16,22,39,102,46,61,42,251,40,10,50,301
01/27/2010,BOI,ID,ANM,WE,Combined TRACON& Tower with Radar,106,58,50,20,234,0,3,16,14,33,106,61,66,34,267,94,12,106,373
01/28/2010,BOI,ID,ANM,WE,Combined TRACON& Tower with Radar,110,50,71,23,254,0,1,79,11,91,110,51,150,34,345,108,12,120,465
01/29/2010,BOI,ID,ANM,WE,Combined TRACON& Tower with Radar,106,40,52,10,208,0,2,83,16,101,106,42,135,26,309,0,0,0,309
01/30/2010,BOI,ID,ANM,WE,Combined TRACON& Tower with Radar,79,25,10,0,114,0,3,35,0,38,79,28,45,0,152,96,0,96,248
01/31/2010,BOI,ID,ANM,WE,Combined TRACON& Tower with Radar,105,23,21,2,151,0,0,0,0,0,105,23,21,2,151,0,0,0,151
02/01/2010,BOI,ID,ANM,WE,Combined TRACON& Tower with Radar,106,48,44,25,223,0,5,16,24,45,106,53,60,49,268,4,8,12,280
02/02/2010,BOI,ID,ANM,WE,Combined TRACON& Tower with Radar,105,45,50,18,218,0,4,50,26,80,105,49,100,44,298,84,10,94,392
02/03/2010,BOI,ID,ANM,WE,Combined TRACON& Tower with Radar,111,41,60,20,232,0,2,38,22,62,111,43,98,42,294,134,24,158,452
02/04/2010,BOI,ID,ANM,WE,Combined TRACON& Tower with Radar,112,47,45,19,223,0,2,31,8,41,112,49,76,27,264,36,10,46,310
02/05/2010,BOI,ID,ANM,WE,Combined TRACON& Tower with Radar,109,47,37,11,204,0,3,47,13,63,109,50,84,24,267,86,14,100,367
02/06/2010,BOI,ID,ANM,WE,Combined TRACON& Tower with Radar,70,30,16,15,131,0,3,45,9,57,70,33,61,24,188,62,30,92,280
02/07/2010,BOI,ID,ANM,WE,Combined TRACON& Tower with Radar,92,23,13,11,139,0,1,10,0,11,92,24,23,11,150,26,0,26,176
02/08/2010,BOI,ID,ANM,WE,Combined TRACON& Tower with Radar,104,46,46,3,199,0,4,53,14,71,104,50,99,17,270,108,10,118,388
02/09/2010,BOI,ID,ANM,WE,Combined TRACON& Tower with Radar,107,44,48,16,215,0,4,74,26,104,107,48,122,42,319,62,14,76,395
02/10/2010,BOI,ID,ANM,WE,Combined TRACON& Tower with Radar,109,50,62,10,231,0,3,58,22,83,109,53,120,32,314,116,16,132,446
02/11/2010,BOI,ID,ANM,WE,Combined TRACON& Tower with Radar,106,43,52,6,207,0,1,34,21,56,106,44,86,27,263,30,4,34,297
02/12/2010,BOI,ID,ANM,WE,Combined TRACON& Tower with Radar,108,50,69,13,240,0,6,65,9,80,108,56,134,22,320,60,12,72,392
02/13/2010,BOI,ID,ANM,WE,Combined TRACON& Tower with Radar,85,26,18,0,129,0,3,58,0,61,85,29,76,0,190,82,0,82,272
02/14/2010,BOI,ID,ANM,WE,Combined TRACON& Tower with Radar,97,20,20,0,137,0,3,46,0,49,97,23,66,0,186,74,0,74,260
02/15/2010,BOI,ID,ANM,WE,Combined TRACON& Tower with Radar,104,41,50,0,195,0,3,16,0,19,104,44,66,0,214,10,0,10,224
02/16/2010,BOI,ID,ANM,WE,Combined TRACON& Tower with Radar,107,47,55,10,219,0,4,33,21,58,107,51,88,31,277,38,4,42,319
02/17/2010,BOI,ID,ANM,WE,Combined TRACON& Tower with Radar,99,47,70,22,238,0,5,29,19,53,99,52,99,41,291,52,80,132,423
02/18/2010,BOI,ID,ANM,WE,Combined TRACON& Tower with Radar,106,50,74,22,252,0,8,60,22,90,106,58,134,44,342,52,16,68,410
02/19/2010,BOI,ID,ANM,WE,Combined TRACON& Tower with Radar,106,45,56,13,220,0,9,69,18,96,106,54,125,31,316,150,22,172,488
02/20/2010,BOI,ID,ANM,WE,Combined TRACON& Tower with Radar,86,30,26,2,144,0,5,30,0,35,86,35,56,2,179,56,0,56,235
02/21/2010,BOI,ID,ANM,WE,Combined TRACON& Tower with Radar,92,28,16,5,141,0,3,60,0,63,92,31,76,5,204,94,0,94,298
02/22/2010,BOI,ID,ANM,WE,Combined TRACON& Tower with Radar,106,38,42,3,189,0,6,74,11,91,106,44,116,14,280,68,14,82,362
02/23/2010,BOI,ID,ANM,WE,Combined TRACON& Tower with Radar,109,49,48,10,216,0,4,67,23,94,109,53,115,33,310,52,14,66,376
02/24/2010,BOI,ID,ANM,WE,Combined TRACON& Tower with Radar,108,49,52,6,215,0,1,17,7,25,108,50,69,13,240,58,24,82,322
02/25/2010,BOI,ID,ANM,WE,Combined TRACON& Tower with Radar,111,50,65,18,244,0,4,52,9,65,111,54,117,27,309,36,0,36,345
02/26/2010,BOI,ID,ANM,WE,Combined TRACON& Tower with Radar,105,46,46,15,212,0,3,25,15,43,105,49,71,30,255,54,8,62,317
02/27/2010,BOI,ID,ANM,WE,Combined TRACON& Tower with Radar,89,27,18,0,134,0,3,27,1,31,89,30,45,1,165,70,0,70,235
02/28/2010,BOI,ID,ANM,WE,Combined TRACON& Tower with Radar,95,21,15,0,131,0,1,48,0,49,95,22,63,0,180,70,0,70,250
03/01/2010,BOI,ID,ANM,WE,Combined TRACON& Tower with Radar,101,37,28,5,171,0,8,76,14,98,101,45,104,19,269,46,2,48,317
03/02/2010,BOI,ID,ANM,WE,Combined TRACON& Tower with Radar,110,40,40,11,201,0,7,61,19,87,110,47,101,30,288,34,12,46,334
03/03/2010,BOI,ID,ANM,WE,Combined TRACON& Tower with Radar,108,45,53,2,208,0,2,54,20,76,108,47,107,22,284,40,2,42,326
03/04/2010,BOI,ID,ANM,WE,Combined TRACON& Tower with Radar,109,56,64,17,246,0,11,24,14,49,109,67,88,31,295,50,10,60,355
03/05/2010,BOI,ID,ANM,WE,Combined TRACON& Tower with Radar,108,41,68,9,226,0,7,79,12,98,108,48,147,21,324,40,12,52,376
03/06/2010,BOI,ID,ANM,WE,Combined TRACON& Tower with Radar,83,20,33,2,138,0,5,92,11,108,83,25,125,13,246,94,20,114,360
03/07/2010,BOI,ID,ANM,WE,Combined TRACON& Tower with Radar,93,20,22,10,145,0,6,59,15,80,93,26,81,25,225,100,0,100,325
03/08/2010,BOI,ID,ANM,WE,Combined TRACON& Tower with Radar,106,49,48,3,206,0,1,21,0,22,106,50,69,3,228,30,8,38,266
03/09/2010,BOI,ID,ANM,WE,Combined TRACON& Tower with Radar,104,49,39,15,207,0,7,35,13,55,104,56,74,28,262,64,18,82,344
03/10/2010,BOI,ID,ANM,WE,Combined TRACON& Tower with Radar,107,47,48,13,215,0,3,35,17,55,107,50,83,30,270,22,22,44,314
03/11/2010,BOI,ID,ANM,WE,Combined TRACON& Tower with Radar,110,40,61,7,218,0,4,60,17,81,110,44,121,24,299,44,28,72,371
03/12/2010,BOI,ID,ANM,WE,Combined TRACON& Tower with Radar,109,41,43,10,203,0,6,30,10,46,109,47,73,20,249,28,8,36,285
03/13/2010,BOI,ID,ANM,WE,Combined TRACON& Tower with Radar,84,24,5,0,113,0,1,8,0,9,84,25,13,0,122,4,0,4,126
03/14/2010,BOI,ID,ANM,WE,Combined TRACON& Tower with Radar,97,21,32,6,156,0,1,90,0,91,97,22,122,6,247,38,0,38,285
03/15/2010,BOI,ID,ANM,WE,Combined TRACON& Tower with Radar,106,38,58,7,209,0,10,86,16,112,106,48,144,23,321,86,14,100,421
03/16/2010,BOI,ID,ANM,WE,Combined TRACON& Tower with Radar,116,41,45,9,211,0,18,87,23,128,116,59,132,32,339,78,12,90,429
03/17/2010,BOI,ID,ANM,WE,Combined TRACON& Tower with Radar,112,48,51,13,224,0,8,73,22,103,112,56,124,35,327,70,14,84,411
03/18/2010,BOI,ID,ANM,WE,Combined TRACON& Tower with Radar,111,41,38,21,211,0,8,75,24,107,111,49,113,45,318,86,22,108,426
03/19/2010,BOI,ID,ANM,WE,Combined TRACON& Tower with Radar,115,33,57,19,224,0,13,109,3,125,115,46,166,22,349,152,0,152,501
03/20/2010,BOI,ID,ANM,WE,Combined TRACON& Tower with Radar,85,20,32,5,142,0,5,85,3,93,85,25,117,8,235,36,6,42,277
03/21/2010,BOI,ID,ANM,WE,Combined TRACON& Tower with Radar,99,23,24,4,150,0,4,67,0,71,99,27,91,4,221,52,0,52,273
03/22/2010,BOI,ID,ANM,WE,Combined TRACON& Tower with Radar,109,39,28,5,181,0,6,37,7,50,109,45,65,12,231,60,22,82,313
03/23/2010,BOI,ID,ANM,WE,Combined TRACON& Tower with Radar,108,35,50,8,201,0,7,81,16,104,108,42,131,24,305,42,6,48,353
03/24/2010,BOI,ID,ANM,WE,Combined TRACON& Tower with Radar,111,31,46,15,203,0,14,68,23,105,111,45,114,38,308,38,16,54,362
03/25/2010,BOI,ID,ANM,WE,Combined TRACON& Tower with Radar,110,43,33,12,198,0,4,25,5,34,110,47,58,17,232,28,8,36,268
03/26/2010,BOI,ID,ANM,WE,Combined TRACON& Tower with Radar,110,48,23,18,199,0,5,32,12,49,110,53,55,30,248,56,22,78,326
03/27/2010,BOI,ID,ANM,WE,Combined TRACON& Tower with Radar,83,20,40,1,144,0,4,75,0,79,83,24,115,1,223,40,0,40,263
03/28/2010,BOI,ID,ANM,WE,Combined TRACON& Tower with Radar,100,23,18,2,143,0,0,41,0,41,100,23,59,2,184,34,0,34,218
03/29/2010,BOI,ID,ANM,WE,Combined TRACON& Tower with Radar,108,43,28,9,188,0,3,19,9,31,108,46,47,18,219,28,2,30,249
03/30/2010,BOI,ID,ANM,WE,Combined TRACON& Tower with Radar,113,47,38,2,200,0,2,17,9,28,113,49,55,11,228,34,0,34,262
03/31/2010,BOI,ID,ANM,WE,Combined TRACON& Tower with Radar,109,49,39,16,213,0,1,47,15,63,109,50,86,31,276,38,10,48,324
04/01/2010,BOI,ID,ANM,WE,Combined TRACON& Tower with Radar,113,37,32,21,203,0,6,15,7,28,113,43,47,28,231,32,0,32,263
04/02/2010,BOI,ID,ANM,WE,Combined TRACON& Tower with Radar,113,38,35,17,203,0,3,15,9,27,113,41,50,26,230,16,14,30,260
04/03/2010,BOI,ID,ANM,WE,Combined TRACON& Tower with Radar,83,21,18,0,122,0,2,42,2,46,83,23,60,2,168,64,0,64,232
04/04/2010,BOI,ID,ANM,WE,Combined TRACON& Tower with Radar,102,21,15,0,138,0,1,31,0,32,102,22,46,0,170,18,0,18,188
04/05/2010,BOI,ID,ANM,WE,Combined TRACON& Tower with Radar,113,46,42,2,203,0,4,27,6,37,113,50,69,8,240,60,0,60,300
04/06/2010,BOI,ID,ANM,WE,Combined TRACON& Tower with Radar,112,40,48,7,207,0,6,39,22,67,112,46,87,29,274,32,2,34,308
04/07/2010,BOI,ID,ANM,WE,Combined TRACON& Tower with Radar,110,42,63,16,231,0,5,103,17,125,110,47,166,33,356,116,10,126,482
04/08/2010,BOI,ID,ANM,WE,Combined TRACON& Tower with Radar,110,40,49,12,211,0,3,38,22,63,110,43,87,34,274,24,2,26,300
04/09/2010,BOI,ID,ANM,WE,Combined TRACON& Tower with Radar,112,33,59,10,214,0,9,117,8,134,112,42,176,18,348,90,0,90,438
04/10/2010,BOI,ID,ANM,WE,Combined TRACON& Tower with Radar,75,22,15,5,117,0,5,73,14,92,75,27,88,19,209,66,10,76,285
04/11/2010,BOI,ID,ANM,WE,Combined TRACON& Tower with Radar,89,27,19,2,137,0,3,45,6,54,89,30,64,8,191,96,0,96,287
04/12/2010,BOI,ID,ANM,WE,Combined TRACON& Tower with Radar,107,43,51,0,201,0,2,18,13,33,107,45,69,13,234,28,0,28,262
04/13/2010,BOI,ID,ANM,WE,Combined TRACON& Tower with Radar,110,38,42,12,202,0,5,32,17,54,110,43,74,29,256,34,10,44,300
04/14/2010,BOI,ID,ANM,WE,Combined TRACON& Tower with Radar,114,36,67,14,231,0,4,75,18,97,114,40,142,32,328,78,8,86,414
04/15/2010,BOI,ID,ANM,WE,Combined TRACON& Tower with Radar,110,42,50,15,217,0,9,61,23,93,110,51,111,38,310,18,12,30,340
04/16/2010,BOI,ID,ANM,WE,Combined TRACON& Tower with Radar,110,42,66,11,229,0,8,81,8,97,110,50,147,19,326,54,6,60,386
04/17/2010,BOI,ID,ANM,WE,Combined TRACON& Tower with Radar,76,27,16,0,119,0,3,81,0,84,76,30,97,0,203,76,0,76,279
04/18/2010,BOI,ID,ANM,WE,Combined TRACON& Tower with Radar,93,27,15,0,135,0,3,66,0,69,93,30,81,0,204,68,0,68,272
04/19/2010,BOI,ID,ANM,WE,Combined TRACON& Tower with Radar,105,31,43,11,190,0,8,81,20,109,105,39,124,31,299,102,6,108,407
04/20/2010,BOI,ID,ANM,WE,Combined TRACON& Tower with Radar,109,41,51,14,215,0,3,55,14,72,109,44,106,28,287,66,2,68,355
04/21/2010,BOI,ID,ANM,WE,Combined TRACON& Tower with Radar,110,46,57,16,229,0,2,21,15,38,110,48,78,31,267,18,10,28,295
04/22/2010,BOI,ID,ANM,WE,Combined TRACON& Tower with Radar,116,42,44,10,212,0,6,35,21,62,116,48,79,31,274,22,0,22,296
04/23/2010,BOI,ID,ANM,WE,Combined TRACON& Tower with Radar,111,46,40,18,215,0,8,64,13,85,111,54,104,31,300,58,0,58,358
04/24/2010,BOI,ID,ANM,WE,Combined TRACON& Tower with Radar,76,22,12,3,113,0,3,68,2,73,76,25,80,5,186,100,0,100,286
04/25/2010,BOI,ID,ANM,WE,Combined TRACON& Tower with Radar,95,23,20,3,141,0,3,62,3,68,95,26,82,6,209,24,0,24,233
04/26/2010,BOI,ID,ANM,WE,Combined TRACON& Tower with Radar,105,41,35,9,190,0,10,76,26,112,105,51,111,35,302,62,6,68,370
04/27/2010,BOI,ID,ANM,WE,Combined TRACON& Tower with Radar,110,43,45,18,216,0,6,25,21,52,110,49,70,39,268,50,4,54,322
04/28/2010,BOI,ID,ANM,WE,Combined TRACON& Tower with Radar,110,52,40,7,209,0,0,11,21,32,110,52,51,28,241,22,4,26,267
04/29/2010,BOI,ID,ANM,WE,Combined TRACON& Tower with Radar,106,48,58,16,228,0,2,40,37,79,106,50,98,53,307,28,16,44,351
04/30/2010,BOI,ID,ANM,WE,Combined TRACON& Tower with Radar,111,46,65,18,240,0,3,43,33,79,111,49,108,51,319,26,14,40,359
05/01/2010,BOI,ID,ANM,WE,Combined TRACON& Tower with Radar,76,25,33,16,150,0,2,38,36,76,76,27,71,52,226,16,34,50,276
05/02/2010,BOI,ID,ANM,WE,Combined TRACON& Tower with Radar,93,25,20,6,144,0,1,37,15,53,93,26,57,21,197,44,0,44,241
05/03/2010,BOI,ID,ANM,WE,Combined TRACON& Tower with Radar,110,47,35,21,213,0,3,36,21,60,110,50,71,42,273,12,2,14,287
05/04/2010,BOI,ID,ANM,WE,Combined TRACON& Tower with Radar,110,37,51,31,229,0,9,61,49,119,110,46,112,80,348,18,14,32,380
05/05/2010,BOI,ID,ANM,WE,Combined TRACON& Tower with Radar,111,46,40,32,229,0,2,45,15,62,111,48,85,47,291,54,22,76,367
05/06/2010,BOI,ID,ANM,WE,Combined TRACON& Tower with Radar,112,55,63,25,255,0,1,55,23,79,112,56,118,48,334,34,0,34,368
05/07/2010,BOI,ID,ANM,WE,Combined TRACON& Tower with Radar,111,40,37,27,215,0,7,108,18,133,111,47,145,45,348,154,22,176,524
05/08/2010,BOI,ID,ANM,WE,Combined TRACON& Tower with Radar,80,24,15,3,122,0,2,67,2,71,80,26,82,5,193,50,2,52,245
05/09/2010,BOI,ID,ANM,WE,Combined TRACON& Tower with Radar,93,24,12,0,129,0,1,37,0,38,93,25,49,0,167,36,0,36,203
05/10/2010,BOI,ID,ANM,WE,Combined TRACON& Tower with Radar,110,41,41,13,205,0,1,44,12,57,110,42,85,25,262,18,0,18,280
05/11/2010,BOI,ID,ANM,WE,Combined TRACON& Tower with Radar,113,36,45,24,218,0,4,19,22,45,113,40,64,46,263,16,20,36,299
05/12/2010,BOI,ID,ANM,WE,Combined TRACON& Tower with Radar,114,38,67,29,248,2,4,72,14,92,116,42,139,43,340,68,0,68,408
05/13/2010,BOI,ID,ANM,WE,Combined TRACON& Tower with Radar,116,33,41,19,209,0,8,94,21,123,116,41,135,40,332,34,2,36,368
05/14/2010,BOI,ID,ANM,WE,Combined TRACON& Tower with Radar,114,37,55,13,219,0,11,91,9,111,114,48,146,22,330,44,8,52,382
05/15/2010,BOI,ID,ANM,WE,Combined TRACON& Tower with Radar,84,20,13,6,123,0,5,93,3,101,84,25,106,9,224,66,0,66,290
05/16/2010,BOI,ID,ANM,WE,Combined TRACON& Tower with Radar,92,24,24,0,140,0,4,85,0,89,92,28,109,0,229,76,0,76,305
05/17/2010,BOI,ID,ANM,WE,Combined TRACON& Tower with Radar,112,38,40,3,193,0,5,78,5,88,112,43,118,8,281,36,0,36,317
05/18/2010,BOI,ID,ANM,WE,Combined TRACON& Tower with Radar,109,45,56,11,221,0,0,35,15,50,109,45,91,26,271,38,22,60,331
05/19/2010,BOI,ID,ANM,WE,Combined TRACON& Tower with Radar,116,44,64,12,236,0,9,98,23,130,116,53,162,35,366,86,2,88,454
05/20/2010,BOI,ID,ANM,WE,Combined TRACON& Tower with Radar,114,39,65,15,233,0,2,69,20,91,114,41,134,35,324,30,2,32,356
05/21/2010,BOI,ID,ANM,WE,Combined TRACON& Tower with Radar,111,40,49,9,209,0,4,61,5,70,111,44,110,14,279,40,6,46,325
05/22/2010,BOI,ID,ANM,WE,Combined TRACON& Tower with Radar,83,36,13,5,137,0,3,11,3,17,83,39,24,8,154,22,0,22,176
05/23/2010,BOI,ID,ANM,WE,Combined TRACON& Tower with Radar,92,33,22,4,151,0,0,22,2,24,92,33,44,6,175,38,0,38,213
05/24/2010,BOI,ID,ANM,WE,Combined TRACON& Tower with Radar,105,35,41,12,193,0,4,61,21,86,105,39,102,33,279,74,2,76,355
05/25/2010,BOI,ID,ANM,WE,Combined TRACON& Tower with Radar,112,35,60,10,217,0,5,104,19,128,112,40,164,29,345,72,4,76,421
05/26/2010,BOI,ID,ANM,WE,Combined TRACON& Tower with Radar,110,54,49,8,221,0,7,41,21,69,110,61,90,29,290,54,4,58,348
05/27/2010,BOI,ID,ANM,WE,Combined TRACON& Tower with Radar,115,44,40,9,208,0,0,50,4,54,115,44,90,13,262,78,0,78,340
05/28/2010,BOI,ID,ANM,WE,Combined TRACON& Tower with Radar,117,42,62,3,224,0,4,72,7,83,117,46,134,10,307,60,0,60,367
05/29/2010,BOI,ID,ANM,WE,Combined TRACON& Tower with Radar,79,27,11,2,119,0,3,44,1,48,79,30,55,3,167,50,0,50,217
05/30/2010,BOI,ID,ANM,WE,Combined TRACON& Tower with Radar,73,20,23,0,116,0,2,63,2,67,73,22,86,2,183,42,0,42,225
05/31/2010,BOI,ID,ANM,WE,Combined TRACON& Tower with Radar,96,35,21,1,153,0,7,52,2,61,96,42,73,3,214,32,0,32,246
06/01/2010,BOI,ID,ANM,WE,Combined TRACON& Tower with Radar,110,53,42,3,208,0,4,50,9,63,110,57,92,12,271,16,0,16,287
06/02/2010,BOI,ID,ANM,WE,Combined TRACON& Tower with Radar,111,48,59,8,226,0,3,34,29,66,111,51,93,37,292,92,8,100,392
06/03/2010,BOI,ID,ANM,WE,Combined TRACON& Tower with Radar,119,44,45,18,226,0,5,65,22,92,119,49,110,40,318,54,4,58,376
06/04/2010,BOI,ID,ANM,WE,Combined TRACON& Tower with Radar,112,58,47,8,225,0,3,44,8,55,112,61,91,16,280,10,16,26,306
06/05/2010,BOI,ID,ANM,WE,Combined TRACON& Tower with Radar,80,27,13,12,132,0,10,82,13,105,80,37,95,25,237,52,8,60,297
06/06/2010,BOI,ID,ANM,WE,Combined TRACON& Tower with Radar,92,32,17,3,144,0,2,24,3,29,92,34,41,6,173,32,6,38,211
06/07/2010,BOI,ID,ANM,WE,Combined TRACON& Tower with Radar,109,38,55,7,209,0,8,89,12,109,109,46,144,19,318,40,2,42,360
06/08/2010,BOI,ID,ANM,WE,Combined TRACON& Tower with Radar,112,33,62,7,214,0,5,108,14,127,112,38,170,21,341,58,4,62,403
06/09/2010,BOI,ID,ANM,WE,Combined TRACON& Tower with Radar,106,44,56,16,222,0,11,63,26,100,106,55,119,42,322,83,2,85,407
06/10/2010,BOI,ID,ANM,WE,Combined TRACON& Tower with Radar,117,43,58,11,229,0,4,53,23,80,117,47,111,34,309,100,26,126,435
06/11/2010,BOI,ID,ANM,WE,Combined TRACON& Tower with Radar,116,35,47,9,207,0,6,68,13,87,116,41,115,22,294,104,16,120,414
06/12/2010,BOI,ID,ANM,WE,Combined TRACON& Tower with Radar,89,25,37,3,154,0,7,89,0,96,89,32,126,3,250,40,0,40,290
06/13/2010,BOI,ID,ANM,WE,Combined TRACON& Tower with Radar,108,27,33,4,172,0,2,97,12,111,108,29,130,16,283,64,4,68,351
06/14/2010,BOI,ID,ANM,WE,Combined TRACON& Tower with Radar,115,35,48,4,202,0,9,84,18,111,115,44,132,22,313,20,0,20,333
06/15/2010,BOI,ID,ANM,WE,Combined TRACON& Tower with Radar,117,38,50,21,226,0,10,79,25,114,117,48,129,46,340,70,18,88,428
06/16/2010,BOI,ID,ANM,WE,Combined TRACON& Tower with Radar,118,41,55,16,230,0,2,54,17,73,118,43,109,33,303,32,0,32,335
06/17/2010,BOI,ID,ANM,WE,Combined TRACON& Tower with Radar,121,34,51,14,220,0,9,98,22,129,121,43,149,36,349,40,0,40,389
06/18/2010,BOI,ID,ANM,WE,Combined TRACON& Tower with Radar,117,31,63,18,229,0,8,121,26,155,117,39,184,44,384,98,20,118,502
06/19/2010,BOI,ID,ANM,WE,Combined TRACON& Tower with Radar,91,21,17,4,133,0,1,103,22,126,91,22,120,26,259,50,0,50,309
06/20/2010,BOI,ID,ANM,WE,Combined TRACON& Tower with Radar,106,30,25,6,167,0,6,43,19,68,106,36,68,25,235,64,0,64,299
06/21/2010,BOI,ID,ANM,WE,Combined TRACON& Tower with Radar,111,35,39,6,191,0,13,73,14,100,111,48,112,20,291,22,0,22,313
06/22/2010,BOI,ID,ANM,WE,Combined TRACON& Tower with Radar,119,35,41,16,211,0,12,72,23,107,119,47,113,39,318,54,2,56,374
06/23/2010,BOI,ID,ANM,WE,Combined TRACON& Tower with Radar,116,37,72,13,238,0,9,111,18,138,116,46,183,31,376,86,12,98,474
06/24/2010,BOI,ID,ANM,WE,Combined TRACON& Tower with Radar,116,53,32,23,224,0,8,97,30,135,116,61,129,53,359,36,4,40,399
06/25/2010,BOI,ID,ANM,WE,Combined TRACON& Tower with Radar,118,36,49,23,226,0,12,97,13,122,118,48,146,36,348,90,18,108,456
06/26/2010,BOI,ID,ANM,WE,Combined TRACON& Tower with Radar,92,25,13,6,136,0,5,91,7,103,92,30,104,13,239,56,0,56,295
06/27/2010,BOI,ID,ANM,WE,Combined TRACON& Tower with Radar,105,29,24,5,163,0,15,104,4,123,105,44,128,9,286,54,4,58,344
06/28/2010,BOI,ID,ANM,WE,Combined TRACON& Tower with Radar,117,32,35,12,196,0,14,63,21,98,117,46,98,33,294,64,28,92,386
06/29/2010,BOI,ID,ANM,WE,Combined TRACON& Tower with Radar,123,35,41,10,209,0,11,82,17,110,123,46,123,27,319,76,4,80,399
06/30/2010,BOI,ID,ANM,WE,Combined TRACON& Tower with Radar,118,40,32,13,203,0,10,93,19,122,118,50,125,32,325,154,18,172,497
07/01/2010,BOI,ID,ANM,WE,Combined TRACON& Tower with Radar,118,37,41,13,209,0,9,119,7,135,118,46,160,20,344,48,8,56,400
07/02/2010,BOI,ID,ANM,WE,Combined TRACON& Tower with Radar,117,39,30,6,192,0,11,68,3,82,117,50,98,9,274,54,10,64,338
07/03/2010,BOI,ID,ANM,WE,Combined TRACON& Tower with Radar,84,28,11,1,124,0,13,75,5,93,84,41,86,6,217,24,0,24,241
07/04/2010,BOI,ID,ANM,WE,Combined TRACON& Tower with Radar,88,15,11,2,116,0,9,52,0,61,88,24,63,2,177,22,0,22,199
07/05/2010,BOI,ID,ANM,WE,Combined TRACON& Tower with Radar,99,27,24,0,150,0,21,117,1,139,99,48,141,1,289,38,0,38,327
07/06/2010,BOI,ID,ANM,WE,Combined TRACON& Tower with Radar,114,36,33,9,192,0,16,91,19,126,114,52,124,28,318,64,14,78,396
07/07/2010,BOI,ID,ANM,WE,Combined TRACON& Tower with Radar,117,43,54,2,216,0,19,104,15,138,117,62,158,17,354,96,0,96,450
07/08/2010,BOI,ID,ANM,WE,Combined TRACON& Tower with Radar,120,37,50,6,213,0,11,97,16,124,120,48,147,22,337,148,38,186,523
07/09/2010,BOI,ID,ANM,WE,Combined TRACON& Tower with Radar,118,40,46,5,209,0,16,118,24,158,118,56,164,29,367,140,0,140,507
07/10/2010,BOI,ID,ANM,WE,Combined TRACON& Tower with Radar,84,25,21,20,150,0,11,85,23,119,84,36,106,43,269,74,20,94,363
07/11/2010,BOI,ID,ANM,WE,Combined TRACON& Tower with Radar,103,23,32,6,164,0,15,81,31,127,103,38,113,37,291,16,8,24,315
07/12/2010,BOI,ID,ANM,WE,Combined TRACON& Tower with Radar,118,42,37,2,199,0,19,95,5,119,118,61,132,7,318,36,10,46,364
07/13/2010,BOI,ID,ANM,WE,Combined TRACON& Tower with Radar,124,34,35,9,202,0,18,104,22,144,124,52,139,31,346,36,6,42,388
07/14/2010,BOI,ID,ANM,WE,Combined TRACON& Tower with Radar,113,33,58,10,214,0,3,134,33,170,113,36,192,43,384,130,10,140,524
07/15/2010,BOI,ID,ANM,WE,Combined TRACON& Tower with Radar,118,35,45,13,211,0,16,118,16,150,118,51,163,29,361,54,2,56,417
07/16/2010,BOI,ID,ANM,WE,Combined TRACON& Tower with Radar,118,37,38,12,205,0,19,70,10,99,118,56,108,22,304,82,8,90,394
07/17/2010,BOI,ID,ANM,WE,Combined TRACON& Tower with Radar,91,25,17,6,139,0,5,87,4,96,91,30,104,10,235,88,0,88,323
07/18/2010,BOI,ID,ANM,WE,Combined TRACON& Tower with Radar,105,28,15,1,149,0,13,66,1,80,105,41,81,2,229,28,0,28,257
07/19/2010,BOI,ID,ANM,WE,Combined TRACON& Tower with Radar,113,35,32,14,194,0,15,94,14,123,113,50,126,28,317,64,4,68,385
07/20/2010,BOI,ID,ANM,WE,Combined TRACON& Tower with Radar,117,35,33,11,196,0,16,91,22,129,117,51,124,33,325,132,4,136,461
07/21/2010,BOI,ID,ANM,WE,Combined TRACON& Tower with Radar,118,35,62,10,225,0,21,102,25,148,118,56,164,35,373,84,16,100,473
07/22/2010,BOI,ID,ANM,WE,Combined TRACON& Tower with Radar,117,33,47,12,209,0,17,101,19,137,117,50,148,31,346,40,14,54,400
07/23/2010,BOI,ID,ANM,WE,Combined TRACON& Tower with Radar,116,31,29,8,184,0,20,107,14,141,116,51,136,22,325,126,20,146,471
07/24/2010,BOI,ID,ANM,WE,Combined TRACON& Tower with Radar,86,26,28,13,153,0,20,102,21,143,86,46,130,34,296,40,8,48,344
07/25/2010,BOI,ID,ANM,WE,Combined TRACON& Tower with Radar,103,30,21,0,154,0,13,72,2,87,103,43,93,2,241,24,0,24,265
07/26/2010,BOI,ID,ANM,WE,Combined TRACON& Tower with Radar,113,34,38,4,189,0,20,55,12,87,113,54,93,16,276,38,20,58,334
07/27/2010,BOI,ID,ANM,WE,Combined TRACON& Tower with Radar,123,39,59,20,241,5,27,91,18,141,128,66,150,38,382,56,16,72,454
07/28/2010,BOI,ID,ANM,WE,Combined TRACON& Tower with Radar,121,39,58,7,225,0,10,142,52,204,121,49,200,59,429,28,8,36,465
07/29/2010,BOI,ID,ANM,WE,Combined TRACON& Tower with Radar,113,42,62,9,226,0,23,125,24,172,113,65,187,33,398,0,0,0,398
07/30/2010,BOI,ID,ANM,WE,Combined TRACON& Tower with Radar,122,35,61,0,218,0,18,134,2,154,122,53,195,2,372,86,4,90,462
07/31/2010,BOI,ID,ANM,WE,Combined TRACON& Tower with Radar,86,27,34,0,147,0,17,103,4,124,86,44,137,4,271,76,0,76,347
08/01/2010,BOI,ID,ANM,WE,Combined TRACON& Tower with Radar,103,29,28,0,160,0,15,133,16,164,103,44,161,16,324,40,0,40,364
08/02/2010,BOI,ID,ANM,WE,Combined TRACON& Tower with Radar,113,30,40,2,185,0,17,94,17,128,113,47,134,19,313,102,16,118,431
08/03/2010,BOI,ID,ANM,WE,Combined TRACON& Tower with Radar,118,34,31,10,193,0,19,87,12,118,118,53,118,22,311,28,2,30,341
08/04/2010,BOI,ID,ANM,WE,Combined TRACON& Tower with Radar,121,35,55,4,215,0,17,80,18,115,121,52,135,22,330,30,12,42,372
08/05/2010,BOI,ID,ANM,WE,Combined TRACON& Tower with Radar,122,32,66,24,244,0,11,108,22,141,122,43,174,46,385,24,2,26,411
08/06/2010,BOI,ID,ANM,WE,Combined TRACON& Tower with Radar,120,42,56,22,240,0,24,126,15,165,120,66,182,37,405,28,6,34,439
08/07/2010,BOI,ID,ANM,WE,Combined TRACON& Tower with Radar,90,28,25,10,153,0,12,138,44,194,90,40,163,54,347,138,0,138,485
08/08/2010,BOI,ID,ANM,WE,Combined TRACON& Tower with Radar,99,28,23,2,152,0,10,116,20,146,99,38,139,22,298,64,6,70,368
08/09/2010,BOI,ID,ANM,WE,Combined TRACON& Tower with Radar,112,31,41,8,192,0,15,82,17,114,112,46,123,25,306,94,8,102,408
08/10/2010,BOI,ID,ANM,WE,Combined TRACON& Tower with Radar,120,36,38,10,204,0,13,121,24,158,120,49,159,34,362,110,0,110,472
08/11/2010,BOI,ID,ANM,WE,Combined TRACON& Tower with Radar,119,45,50,12,226,0,9,59,10,78,119,54,109,22,304,62,6,68,372
08/12/2010,BOI,ID,ANM,WE,Combined TRACON& Tower with Radar,121,32,65,24,242,0,12,108,22,142,121,44,173,46,384,87,10,97,481
08/13/2010,BOI,ID,ANM,WE,Combined TRACON& Tower with Radar,120,42,56,22,240,0,24,126,15,165,120,66,182,37,405,92,12,104,509
08/14/2010,BOI,ID,ANM,WE,Combined TRACON& Tower with Radar,90,28,25,10,153,0,12,138,44,194,90,40,163,54,347,62,0,62,409
08/15/2010,BOI,ID,ANM,WE,Combined TRACON& Tower with Radar,99,28,23,2,152,0,10,116,20,146,99,38,139,22,298,70,4,74,372
08/16/2010,BOI,ID,ANM,WE,Combined TRACON& Tower with Radar,110,32,41,15,198,0,15,73,12,100,110,47,114,27,298,32,22,54,352
08/17/2010,BOI,ID,ANM,WE,Combined TRACON& Tower with Radar,113,38,57,15,223,0,21,107,23,151,113,59,164,38,374,118,20,138,512
08/18/2010,BOI,ID,ANM,WE,Combined TRACON& Tower with Radar,118,29,58,12,217,0,14,84,19,117,118,43,142,31,334,90,20,110,444
08/19/2010,BOI,ID,ANM,WE,Combined TRACON& Tower with Radar,121,48,67,22,258,0,17,107,23,147,121,65,174,45,405,78,10,88,493
08/20/2010,BOI,ID,ANM,WE,Combined TRACON& Tower with Radar,118,35,46,5,204,0,18,120,11,149,118,53,166,16,353,76,0,76,429
08/21/2010,BOI,ID,ANM,WE,Combined TRACON& Tower with Radar,91,23,23,2,139,0,10,109,9,128,91,33,132,11,267,68,0,68,335
08/22/2010,BOI,ID,ANM,WE,Combined TRACON& Tower with Radar,106,30,36,5,177,0,12,98,3,113,106,42,134,8,290,44,0,44,334
08/23/2010,BOI,ID,ANM,WE,Combined TRACON& Tower with Radar,108,28,40,4,180,0,17,116,13,146,108,45,156,17,326,62,2,64,390
08/24/2010,BOI,ID,ANM,WE,Combined TRACON& Tower with Radar,114,36,33,15,198,0,10,86,14,110,114,46,119,29,308,38,6,44,352
08/25/2010,BOI,ID,ANM,WE,Combined TRACON& Tower with Radar,114,33,48,17,212,0,17,126,23,166,114,50,174,40,378,52,16,68,446
08/26/2010,BOI,ID,ANM,WE,Combined TRACON& Tower with Radar,115,35,70,23,243,0,11,118,26,155,115,46,188,49,398,42,14,56,454
08/27/2010,BOI,ID,ANM,WE,Combined TRACON& Tower with Radar,110,38,44,13,205,0,15,215,73,303,110,53,259,86,508,92,4,96,604
08/28/2010,BOI,ID,ANM,WE,Combined TRACON& Tower with Radar,93,23,22,2,140,0,10,212,58,280,93,33,234,60,420,18,0,18,438
08/29/2010,BOI,ID,ANM,WE,Combined TRACON& Tower with Radar,96,21,16,8,141,0,9,39,2,50,96,30,55,10,191,56,0,56,247
08/30/2010,BOI,ID,ANM,WE,Combined TRACON& Tower with Radar,110,43,39,11,203,0,6,76,11,93,110,49,115,22,296,74,0,74,370
08/31/2010,BOI,ID,ANM,WE,Combined TRACON& Tower with Radar,112,48,54,12,226,0,6,94,29,129,112,54,148,41,355,82,22,104,459
09/01/2010,BOI,ID,ANM,WE,Combined TRACON& Tower with Radar,111,41,75,17,244,0,5,108,23,136,111,46,183,40,380,80,0,80,460
09/02/2010,BOI,ID,ANM,WE,Combined TRACON& Tower with Radar,109,38,39,18,204,0,14,96,15,125,109,52,135,33,329,24,2,26,355
09/03/2010,BOI,ID,ANM,WE,Combined TRACON& Tower with Radar,112,50,36,4,202,0,11,115,11,137,112,61,151,15,339,64,8,72,411
09/04/2010,BOI,ID,ANM,WE,Combined TRACON& Tower with Radar,84,12,14,1,111,0,8,85,5,98,84,20,99,6,209,60,4,64,273
09/05/2010,BOI,ID,ANM,WE,Combined TRACON& Tower with Radar,80,10,14,0,104,0,10,58,0,68,80,20,72,0,172,76,0,76,248
09/06/2010,BOI,ID,ANM,WE,Combined TRACON& Tower with Radar,97,27,21,1,146,0,12,76,7,95,97,39,97,8,241,60,2,62,303
09/07/2010,BOI,ID,ANM,WE,Combined TRACON& Tower with Radar,102,43,50,9,204,0,13,66,14,93,102,56,116,23,297,44,10,54,351
09/08/2010,BOI,ID,ANM,WE,Combined TRACON& Tower with Radar,107,40,44,17,208,0,6,47,20,73,107,46,91,37,281,38,16,54,335
09/09/2010,BOI,ID,ANM,WE,Combined TRACON& Tower with Radar,105,39,46,22,212,0,1,46,11,58,105,40,92,33,270,50,38,88,358
09/10/2010,BOI,ID,ANM,WE,Combined TRACON& Tower with Radar,104,41,55,14,214,0,8,109,7,124,104,49,164,21,338,74,10,84,422
09/11/2010,BOI,ID,ANM,WE,Combined TRACON& Tower with Radar,79,18,18,13,128,0,9,84,37,130,79,27,102,50,258,102,12,114,372
09/12/2010,BOI,ID,ANM,WE,Combined TRACON& Tower with Radar,96,23,24,4,147,0,2,95,21,118,96,25,119,25,265,46,0,46,311
09/13/2010,BOI,ID,ANM,WE,Combined TRACON& Tower with Radar,99,37,50,8,194,0,11,69,24,104,99,48,119,32,298,100,12,112,410
09/14/2010,BOI,ID,ANM,WE,Combined TRACON& Tower with Radar,102,40,50,8,200,0,5,70,22,97,102,45,120,30,297,50,10,60,357
09/15/2010,BOI,ID,ANM,WE,Combined TRACON& Tower with Radar,103,42,41,14,200,0,4,76,25,105,103,46,117,39,305,62,0,62,367
09/16/2010,BOI,ID,ANM,WE,Combined TRACON& Tower with Radar,107,42,50,21,220,0,7,77,31,115,107,49,127,52,335,56,12,68,403
09/17/2010,BOI,ID,ANM,WE,Combined TRACON& Tower with Radar,108,44,62,17,231,0,3,85,25,113,108,47,147,42,344,84,18,102,446
09/18/2010,BOI,ID,ANM,WE,Combined TRACON& Tower with Radar,79,16,22,1,118,0,7,72,2,81,79,23,94,3,199,54,0,54,253
09/19/2010,BOI,ID,ANM,WE,Combined TRACON& Tower with Radar,93,21,25,0,139,0,5,53,0,58,93,26,78,0,197,0,0,0,197
09/20/2010,BOI,ID,ANM,WE,Combined TRACON& Tower with Radar,102,43,43,10,198,0,7,71,16,94,102,50,114,26,292,68,2,70,362
09/21/2010,BOI,ID,ANM,WE,Combined TRACON& Tower with Radar,110,37,43,18,208,0,9,63,33,105,110,46,106,51,313,54,16,70,383
09/22/2010,BOI,ID,ANM,WE,Combined TRACON& Tower with Radar,109,46,50,7,212,0,11,71,21,103,109,57,121,28,315,78,6,84,399
09/23/2010,BOI,ID,ANM,WE,Combined TRACON& Tower with Radar,104,51,56,20,231,0,4,91,30,125,104,55,147,50,356,76,8,84,440
09/24/2010,BOI,ID,ANM,WE,Combined TRACON& Tower with Radar,106,41,59,10,216,0,5,119,13,137,106,46,178,23,353,118,0,118,471
09/25/2010,BOI,ID,ANM,WE,Combined TRACON& Tower with Radar,84,26,27,7,144,0,6,99,0,105,84,32,126,7,249,94,0,94,343
09/26/2010,BOI,ID,ANM,WE,Combined TRACON& Tower with Radar,93,30,22,2,147,0,2,60,0,62,93,32,82,2,209,46,0,46,255
09/27/2010,BOI,ID,ANM,WE,Combined TRACON& Tower with Radar,99,38,36,7,180,0,12,79,20,111,99,50,115,27,291,70,0,70,361
09/28/2010,BOI,ID,ANM,WE,Combined TRACON& Tower with Radar,101,35,63,14,213,0,10,74,28,112,101,45,137,42,325,62,12,74,399
09/29/2010,BOI,ID,ANM,WE,Combined TRACON& Tower with Radar,104,33,59,14,210,0,8,76,15,99,104,41,135,29,309,102,0,102,411
09/30/2010,BOI,ID,ANM,WE,Combined TRACON& Tower with Radar,104,37,63,2,206,0,6,91,19,116,104,43,154,21,322,32,0,32,354
10/01/2010,BOI,ID,ANM,WE,Combined TRACON& Tower with Radar,108,35,52,11,206,0,6,98,12,116,108,41,150,23,322,82,6,88,410
10/02/2010,BOI,ID,ANM,WE,Combined TRACON& Tower with Radar,80,21,28,13,142,0,7,82,30,119,80,28,110,43,261,76,0,76,337
10/03/2010,BOI,ID,ANM,WE,Combined TRACON& Tower with Radar,90,28,13,10,141,0,4,43,34,81,90,32,56,44,222,26,8,34,256
10/04/2010,BOI,ID,ANM,WE,Combined TRACON& Tower with Radar,100,52,43,6,201,0,3,46,12,61,100,55,89,18,262,34,2,36,298
10/05/2010,BOI,ID,ANM,WE,Combined TRACON& Tower with Radar,102,46,47,16,211,0,7,32,14,53,102,53,79,30,264,12,6,18,282
10/06/2010,BOI,ID,ANM,WE,Combined TRACON& Tower with Radar,102,47,51,19,219,0,1,67,16,84,102,48,118,35,303,44,10,54,357
10/07/2010,BOI,ID,ANM,WE,Combined TRACON& Tower with Radar,104,47,52,12,215,0,4,61,21,86,104,51,113,33,301,60,18,78,379
10/08/2010,BOI,ID,ANM,WE,Combined TRACON& Tower with Radar,106,41,33,13,193,0,10,57,13,80,106,51,90,26,273,62,6,68,341
10/09/2010,BOI,ID,ANM,WE,Combined TRACON& Tower with Radar,79,21,12,0,112,0,1,70,0,71,79,22,82,0,183,84,2,86,269
10/10/2010,BOI,ID,ANM,WE,Combined TRACON& Tower with Radar,87,27,17,2,133,0,5,67,0,72,87,32,84,2,205,42,0,42,247
10/11/2010,BOI,ID,ANM,WE,Combined TRACON& Tower with Radar,100,36,32,0,168,0,8,44,0,52,100,44,76,0,220,96,0,96,316
10/12/2010,BOI,ID,ANM,WE,Combined TRACON& Tower with Radar,107,48,39,17,211,0,11,43,24,78,107,59,82,41,289,84,22,106,395
10/13/2010,BOI,ID,ANM,WE,Combined TRACON& Tower with Radar,102,56,48,22,228,0,5,55,23,83,102,61,103,45,311,96,14,110,421
10/14/2010,BOI,ID,ANM,WE,Combined TRACON& Tower with Radar,103,64,45,26,238,0,7,92,15,114,103,71,137,41,352,56,22,78,430
10/15/2010,BOI,ID,ANM,WE,Combined TRACON& Tower with Radar,109,45,55,18,227,0,7,84,13,104,109,52,139,31,331,98,26,124,455
10/16/2010,BOI,ID,ANM,WE,Combined TRACON& Tower with Radar,79,21,19,15,134,0,4,62,3,69,79,25,81,18,203,38,0,38,241
10/17/2010,BOI,ID,ANM,WE,Combined TRACON& Tower with Radar,90,27,29,6,152,0,2,64,0,66,90,29,93,6,218,52,0,52,270
10/18/2010,BOI,ID,ANM,WE,Combined TRACON& Tower with Radar,103,45,39,8,195,0,8,57,12,77,103,53,96,20,272,42,2,44,316
10/19/2010,BOI,ID,ANM,WE,Combined TRACON& Tower with Radar,104,39,50,23,216,0,8,65,24,97,104,47,115,47,313,20,20,40,353
10/20/2010,BOI,ID,ANM,WE,Combined TRACON& Tower with Radar,102,35,43,18,198,0,8,67,18,93,102,43,110,36,291,0,0,0,291
10/21/2010,BOI,ID,ANM,WE,Combined TRACON& Tower with Radar,104,41,53,16,214,0,5,90,19,114,104,46,143,35,328,72,10,82,410
10/22/2010,BOI,ID,ANM,WE,Combined TRACON& Tower with Radar,106,44,34,13,197,0,8,70,11,89,106,52,104,24,286,84,10,94,380
10/23/2010,BOI,ID,ANM,WE,Combined TRACON& Tower with Radar,80,23,17,6,126,0,2,26,3,31,80,25,43,9,157,98,4,102,259
10/24/2010,BOI,ID,ANM,WE,Combined TRACON& Tower with Radar,85,24,9,3,121,0,2,2,0,4,85,26,11,3,125,2,0,2,127
10/25/2010,BOI,ID,ANM,WE,Combined TRACON& Tower with Radar,99,41,38,11,189,0,2,34,12,48,99,43,72,23,237,24,12,36,273
10/26/2010,BOI,ID,ANM,WE,Combined TRACON& Tower with Radar,101,54,33,19,207,0,1,12,17,30,101,55,45,36,237,16,4,20,257
10/27/2010,BOI,ID,ANM,WE,Combined TRACON& Tower with Radar,103,53,54,24,234,0,4,49,28,81,103,57,103,52,315,96,38,134,449
10/28/2010,BOI,ID,ANM,WE,Combined TRACON& Tower with Radar,105,47,55,22,229,0,2,43,22,67,105,49,98,44,296,62,28,90,386
10/29/2010,BOI,ID,ANM,WE,Combined TRACON& Tower with Radar,104,39,59,12,214,0,8,81,13,102,104,47,140,25,316,70,12,82,398
10/30/2010,BOI,ID,ANM,WE,Combined TRACON& Tower with Radar,76,25,27,0,128,0,2,57,0,59,76,27,84,0,187,116,0,116,303
10/31/2010,BOI,ID,ANM,WE,Combined TRACON& Tower with Radar,86,29,26,0,141,0,1,35,1,37,86,30,61,1,178,44,0,44,222
11/01/2010,BOI,ID,ANM,WE,Combined TRACON& Tower with Radar,97,41,49,6,193,0,7,75,4,86,97,48,124,10,279,86,12,98,377
11/02/2010,BOI,ID,ANM,WE,Combined TRACON& Tower with Radar,100,39,34,11,184,0,4,85,20,109,100,43,119,31,293,42,6,48,341
11/03/2010,BOI,ID,ANM,WE,Combined TRACON& Tower with Radar,104,46,46,7,203,0,6,74,22,102,104,52,120,29,305,70,16,86,391
11/04/2010,BOI,ID,ANM,WE,Combined TRACON& Tower with Radar,106,45,53,11,215,0,5,86,13,104,106,50,139,24,319,36,0,36,355
11/05/2010,BOI,ID,ANM,WE,Combined TRACON& Tower with Radar,106,44,58,11,219,0,3,85,14,102,106,47,143,25,321,62,10,72,393
11/06/2010,BOI,ID,ANM,WE,Combined TRACON& Tower with Radar,81,22,35,8,146,0,3,66,25,94,81,25,101,33,240,34,14,48,288
11/07/2010,BOI,ID,ANM,WE,Combined TRACON& Tower with Radar,92,29,21,4,146,0,2,18,18,38,92,31,39,22,184,34,0,34,218
11/08/2010,BOI,ID,ANM,WE,Combined TRACON& Tower with Radar,97,46,38,7,188,0,1,29,14,44,97,47,67,21,232,18,8,26,258
11/09/2010,BOI,ID,ANM,WE,Combined TRACON& Tower with Radar,100,45,47,18,210,0,3,51,23,77,100,48,98,41,287,44,16,60,347
11/10/2010,BOI,ID,ANM,WE,Combined TRACON& Tower with Radar,100,41,38,30,209,0,3,18,22,43,100,44,56,52,252,12,22,34,286
11/11/2010,BOI,ID,ANM,WE,Combined TRACON& Tower with Radar,104,30,48,4,186,0,0,51,5,56,104,30,99,9,242,60,4,64,306
11/12/2010,BOI,ID,ANM,WE,Combined TRACON& Tower with Radar,99,35,42,8,184,0,8,50,10,68,99,43,92,18,252,82,12,94,346
11/13/2010,BOI,ID,ANM,WE,Combined TRACON& Tower with Radar,76,17,17,0,110,0,3,55,0,58,76,20,72,0,168,18,0,18,186
11/14/2010,BOI,ID,ANM,WE,Combined TRACON& Tower with Radar,94,31,25,1,151,0,1,4,0,5,94,32,29,1,156,10,0,10,166
11/15/2010,BOI,ID,ANM,WE,Combined TRACON& Tower with Radar,96,53,53,25,227,0,6,56,19,81,96,59,109,44,308,74,10,84,392
11/16/2010,BOI,ID,ANM,WE,Combined TRACON& Tower with Radar,98,47,33,18,196,0,0,22,17,39,98,47,55,35,235,28,20,48,283
11/17/2010,BOI,ID,ANM,WE,Combined TRACON& Tower with Radar,100,41,52,26,219,0,4,41,24,69,100,45,93,50,288,42,34,76,364
11/18/2010,BOI,ID,ANM,WE,Combined TRACON& Tower with Radar,102,46,55,13,216,0,1,25,11,37,102,47,80,24,253,20,2,22,275
11/19/2010,BOI,ID,ANM,WE,Combined TRACON& Tower with Radar,109,49,52,6,216,0,3,13,14,30,109,52,65,20,246,40,6,46,292
11/20/2010,BOI,ID,ANM,WE,Combined TRACON& Tower with Radar,85,30,16,1,132,0,4,7,0,11,85,34,23,1,143,22,0,22,165
11/21/2010,BOI,ID,ANM,WE,Combined TRACON& Tower with Radar,91,24,11,0,126,0,3,5,0,8,91,27,16,0,134,0,0,0,134
11/22/2010,BOI,ID,ANM,WE,Combined TRACON& Tower with Radar,89,50,32,4,175,0,0,20,13,33,89,50,52,17,208,20,4,24,232
11/23/2010,BOI,ID,ANM,WE,Combined TRACON& Tower with Radar,105,62,29,2,198,0,1,8,11,20,105,63,37,13,218,2,10,12,230
11/24/2010,BOI,ID,ANM,WE,Combined TRACON& Tower with Radar,103,54,50,14,221,0,3,28,20,51,103,57,78,34,272,28,30,58,330
11/25/2010,BOI,ID,ANM,WE,Combined TRACON& Tower with Radar,67,12,4,0,83,0,5,20,0,25,67,17,24,0,108,16,0,16,124
11/26/2010,BOI,ID,ANM,WE,Combined TRACON& Tower with Radar,85,36,20,0,141,0,5,31,0,36,85,41,51,0,177,36,0,36,213
11/27/2010,BOI,ID,ANM,WE,Combined TRACON& Tower with Radar,97,32,24,0,153,0,0,0,0,0,97,32,24,0,153,4,0,4,157
11/28/2010,BOI,ID,ANM,WE,Combined TRACON& Tower with Radar,98,29,32,0,159,0,6,19,0,25,98,35,51,0,184,0,0,0,184
11/29/2010,BOI,ID,ANM,WE,Combined TRACON& Tower with Radar,93,53,31,11,188,0,5,37,29,71,93,58,68,40,259,32,14,46,305
11/30/2010,BOI,ID,ANM,WE,Combined TRACON& Tower with Radar,99,46,37,15,197,0,1,7,1,9,99,47,44,16,206,10,2,12,218
12/01/2010,BOI,ID,ANM,WE,Combined TRACON& Tower with Radar,102,53,30,2,187,0,0,1,0,1,102,53,31,2,188,0,0,0,188
12/02/2010,BOI,ID,ANM,WE,Combined TRACON& Tower with Radar,100,45,34,2,181,0,0,1,1,2,100,45,35,3,183,0,0,0,183
12/03/2010,BOI,ID,ANM,WE,Combined TRACON& Tower with Radar,101,43,26,1,171,0,0,1,0,1,101,43,27,1,172,0,0,0,172
12/04/2010,BOI,ID,ANM,WE,Combined TRACON& Tower with Radar,80,17,13,4,114,0,1,1,0,2,80,18,14,4,116,2,2,4,120
12/05/2010,BOI,ID,ANM,WE,Combined TRACON& Tower with Radar,91,28,17,15,151,0,4,26,11,41,91,32,43,26,192,64,0,64,256
12/06/2010,BOI,ID,ANM,WE,Combined TRACON& Tower with Radar,90,41,49,6,186,0,1,11,9,21,90,42,60,15,207,10,16,26,233
12/07/2010,BOI,ID,ANM,WE,Combined TRACON& Tower with Radar,95,38,39,6,178,0,0,4,2,6,95,38,43,8,184,0,2,2,186
12/08/2010,BOI,ID,ANM,WE,Combined TRACON& Tower with Radar,99,47,60,28,234,0,5,37,34,76,99,52,97,62,310,36,22,58,368
12/09/2010,BOI,ID,ANM,WE,Combined TRACON& Tower with Radar,100,44,61,21,226,0,2,35,17,54,100,46,96,38,280,56,10,66,346
12/10/2010,BOI,ID,ANM,WE,Combined TRACON& Tower with Radar,101,40,66,10,217,0,3,44,9,56,101,43,110,19,273,36,0,36,309
12/11/2010,BOI,ID,ANM,WE,Combined TRACON& Tower with Radar,71,21,13,0,105,0,3,11,0,14,71,24,24,0,119,48,0,48,167
12/12/2010,BOI,ID,ANM,WE,Combined TRACON& Tower with Radar,91,18,16,3,128,0,2,7,0,9,91,20,23,3,137,22,0,22,159
12/13/2010,BOI,ID,ANM,WE,Combined TRACON& Tower with Radar,92,41,50,16,199,0,2,41,12,55,92,43,91,28,254,34,10,44,298
12/14/2010,BOI,ID,ANM,WE,Combined TRACON& Tower with Radar,106,42,64,17,229,0,2,28,26,56,106,44,92,43,285,30,18,48,333
12/15/2010,BOI,ID,ANM,WE,Combined TRACON& Tower with Radar,104,46,78,18,246,0,6,58,26,90,104,52,136,44,336,96,16,112,448
12/16/2010,BOI,ID,ANM,WE,Combined TRACON& Tower with Radar,102,42,49,19,212,0,4,104,17,125,102,46,153,36,337,86,0,86,423
12/17/2010,BOI,ID,ANM,WE,Combined TRACON& Tower with Radar,104,46,47,5,202,0,8,106,8,122,104,54,153,13,324,134,8,142,466
12/18/2010,BOI,ID,ANM,WE,Combined TRACON& Tower with Radar,93,34,37,0,164,0,1,29,4,34,93,35,66,4,198,54,0,54,252
12/19/2010,BOI,ID,ANM,WE,Combined TRACON& Tower with Radar,95,31,24,2,152,0,0,9,0,9,95,31,33,2,161,8,0,8,169
12/20/2010,BOI,ID,ANM,WE,Combined TRACON& Tower with Radar,90,59,24,9,182,0,9,36,16,61,90,68,60,25,243,114,6,120,363
12/21/2010,BOI,ID,ANM,WE,Combined TRACON& Tower with Radar,102,51,48,14,215,0,3,79,12,94,102,54,127,26,309,94,26,120,429
12/22/2010,BOI,ID,ANM,WE,Combined TRACON& Tower with Radar,101,52,53,12,218,0,1,55,16,72,101,53,108,28,290,144,20,164,454
12/23/2010,BOI,ID,ANM,WE,Combined TRACON& Tower with Radar,110,56,39,0,205,0,3,54,0,57,110,59,93,0,262,44,0,44,306
12/24/2010,BOI,ID,ANM,WE,Combined TRACON& Tower with Radar,85,40,10,0,135,0,8,52,0,60,85,48,62,0,195,88,0,88,283
12/25/2010,BOI,ID,ANM,WE,Combined TRACON& Tower with Radar,73,18,11,0,102,0,4,36,0,40,73,22,47,0,142,50,0,50,192
12/26/2010,BOI,ID,ANM,WE,Combined TRACON& Tower with Radar,97,31,21,0,149,0,5,30,0,35,97,36,51,0,184,22,0,22,206
12/27/2010,BOI,ID,ANM,WE,Combined TRACON& Tower with Radar,86,51,35,6,178,0,5,67,12,84,86,56,102,18,262,128,2,130,392
12/28/2010,BOI,ID,ANM,WE,Combined TRACON& Tower with Radar,97,59,22,10,188,0,0,0,2,2,97,59,22,12,190,68,2,70,260
12/29/2010,BOI,ID,ANM,WE,Combined TRACON& Tower with Radar,99,54,31,1,185,0,1,28,0,29,99,55,59,1,214,0,0,0,214
12/30/2010,BOI,ID,ANM,WE,Combined TRACON& Tower with Radar,91,59,36,6,192,0,6,59,11,76,91,65,95,17,268,16,0,16,284
12/31/2010,BOI,ID,ANM,WE,Combined TRACON& Tower with Radar,77,35,21,0,133,0,3,71,0,74,77,38,92,0,207,90,0,90,297
01/01/2011,BOI,ID,ANM,WE,Combined TRACON& Tower with Radar,74,24,12,0,110,0,5,60,0,65,74,29,72,0,175,80,0,80,255
01/02/2011,BOI,ID,ANM,WE,Combined TRACON& Tower with Radar,91,29,28,0,148,0,6,36,0,42,91,35,64,0,190,36,0,36,226
01/03/2011,BOI,ID,ANM,WE,Combined TRACON& Tower with Radar,91,47,33,2,173,0,9,41,13,63,91,56,74,15,236,26,2,28,264
01/04/2011,BOI,ID,ANM,WE,Combined TRACON& Tower with Radar,96,44,58,5,203,0,5,64,8,77,96,49,122,13,280,92,6,98,378
01/05/2011,BOI,ID,ANM,WE,Combined TRACON& Tower with Radar,96,50,73,9,228,0,1,76,11,88,96,51,149,20,316,102,0,102,418
01/06/2011,BOI,ID,ANM,WE,Combined TRACON& Tower with Radar,62,41,46,2,151,0,1,35,10,46,62,42,81,12,197,18,2,20,217
01/07/2011,BOI,ID,ANM,WE,Combined TRACON& Tower with Radar,98,57,43,3,201,0,1,45,10,56,98,58,88,13,257,50,6,56,313
01/08/2011,BOI,ID,ANM,WE,Combined TRACON& Tower with Radar,73,27,20,10,130,0,0,20,14,34,73,27,40,24,164,0,8,8,172
01/09/2011,BOI,ID,ANM,WE,Combined TRACON& Tower with Radar,82,27,20,4,133,0,2,23,2,27,82,29,43,6,160,54,0,54,214
01/10/2011,BOI,ID,ANM,WE,Combined TRACON& Tower with Radar,94,42,28,3,167,0,3,26,14,43,94,45,54,17,210,46,2,48,258
01/11/2011,BOI,ID,ANM,WE,Combined TRACON& Tower with Radar,98,43,59,14,214,0,2,46,26,74,98,45,105,40,288,52,16,68,356
01/12/2011,BOI,ID,ANM,WE,Combined TRACON& Tower with Radar,100,47,37,21,205,4,1,11,23,39,104,48,48,44,244,28,18,46,290
01/13/2011,BOI,ID,ANM,WE,Combined TRACON& Tower with Radar,96,44,49,8,197,0,3,4,5,12,96,47,53,13,209,6,4,10,219
01/14/2011,BOI,ID,ANM,WE,Combined TRACON& Tower with Radar,101,48,42,7,198,0,10,26,7,43,101,58,68,14,241,50,10,60,301
01/15/2011,BOI,ID,ANM,WE,Combined TRACON& Tower with Radar,76,23,23,0,122,0,2,24,0,26,76,25,47,0,148,2,0,2,150
01/16/2011,BOI,ID,ANM,WE,Combined TRACON& Tower with Radar,81,30,18,3,132,0,3,7,0,10,81,33,25,3,142,2,0,2,144
01/17/2011,BOI,ID,ANM,WE,Combined TRACON& Tower with Radar,89,39,43,2,173,0,5,50,0,55,89,44,93,2,228,52,0,52,280
01/18/2011,BOI,ID,ANM,WE,Combined TRACON& Tower with Radar,103,39,46,17,205,0,3,25,11,39,103,42,71,28,244,40,6,46,290
01/19/2011,BOI,ID,ANM,WE,Combined TRACON& Tower with Radar,96,48,52,15,211,0,8,47,19,74,96,56,99,34,285,42,10,52,337
01/20/2011,BOI,ID,ANM,WE,Combined TRACON& Tower with Radar,98,47,53,15,213,0,4,81,17,102,98,51,134,32,315,78,12,90,405
01/21/2011,BOI,ID,ANM,WE,Combined TRACON& Tower with Radar,95,64,45,13,217,0,0,39,13,52,95,64,84,26,269,70,14,84,353
01/22/2011,BOI,ID,ANM,WE,Combined TRACON& Tower with Radar,70,22,20,1,113,0,2,31,0,33,70,24,51,1,146,38,0,38,184
01/23/2011,BOI,ID,ANM,WE,Combined TRACON& Tower with Radar,78,35,25,6,144,0,2,38,0,40,78,37,63,6,184,74,6,80,264
01/24/2011,BOI,ID,ANM,WE,Combined TRACON& Tower with Radar,90,46,42,4,182,0,3,26,12,41,90,49,68,16,223,18,0,18,241
01/25/2011,BOI,ID,ANM,WE,Combined TRACON& Tower with Radar,98,42,32,10,182,0,1,17,11,29,98,43,49,21,211,12,0,12,223
01/26/2011,BOI,ID,ANM,WE,Combined TRACON& Tower with Radar,97,42,47,15,201,0,3,26,12,41,97,45,73,27,242,18,18,36,278
01/27/2011,BOI,ID,ANM,WE,Combined TRACON& Tower with Radar,99,45,65,18,227,0,5,49,17,71,99,50,114,35,298,60,26,86,384
01/28/2011,BOI,ID,ANM,WE,Combined TRACON& Tower with Radar,96,52,51,13,212,0,7,68,18,93,96,59,119,31,305,74,0,74,379
01/29/2011,BOI,ID,ANM,WE,Combined TRACON& Tower with Radar,70,20,29,3,122,0,3,55,2,60,70,23,84,5,182,108,0,108,290
01/30/2011,BOI,ID,ANM,WE,Combined TRACON& Tower with Radar,81,27,22,11,141,0,1,10,0,11,81,28,32,11,152,10,0,10,162
01/31/2011,BOI,ID,ANM,WE,Combined TRACON& Tower with Radar,94,46,44,13,197,0,6,40,23,69,94,52,84,36,266,38,28,66,332
02/01/2011,BOI,ID,ANM,WE,Combined TRACON& Tower with Radar,96,43,64,13,216,0,3,67,21,91,96,46,131,34,307,58,10,68,375
02/02/2011,BOI,ID,ANM,WE,Combined TRACON& Tower with Radar,92,45,44,24,205,0,10,57,31,98,92,55,101,55,303,42,22,64,367
02/03/2011,BOI,ID,ANM,WE,Combined TRACON& Tower with Radar,98,51,52,22,223,0,3,94,18,115,98,54,146,40,338,60,44,104,442
02/04/2011,BOI,ID,ANM,WE,Combined TRACON& Tower with Radar,98,49,46,7,200,0,7,45,9,61,98,56,91,16,261,52,2,54,315
02/05/2011,BOI,ID,ANM,WE,Combined TRACON& Tower with Radar,74,22,17,14,127,0,4,48,7,59,74,26,65,21,186,38,10,48,234
02/06/2011,BOI,ID,ANM,WE,Combined TRACON& Tower with Radar,78,30,16,0,124,0,2,27,0,29,78,32,43,0,153,26,0,26,179
02/07/2011,BOI,ID,ANM,WE,Combined TRACON& Tower with Radar,91,52,35,4,182,0,4,12,8,24,91,56,47,12,206,22,10,32,238
02/08/2011,BOI,ID,ANM,WE,Combined TRACON& Tower with Radar,94,43,74,12,223,0,2,59,20,81,94,45,133,32,304,24,14,38,342
02/09/2011,BOI,ID,ANM,WE,Combined TRACON& Tower with Radar,98,43,49,18,208,0,2,65,18,85,98,45,114,36,293,64,10,74,367
02/10/2011,BOI,ID,ANM,WE,Combined TRACON& Tower with Radar,100,41,38,11,190,0,7,90,18,115,100,48,128,29,305,38,8,46,351
02/11/2011,BOI,ID,ANM,WE,Combined TRACON& Tower with Radar,95,43,67,11,216,0,11,96,12,119,95,54,163,23,335,48,8,56,391
02/12/2011,BOI,ID,ANM,WE,Combined TRACON& Tower with Radar,72,17,31,0,120,0,9,53,2,64,72,26,84,2,184,34,0,34,218
02/13/2011,BOI,ID,ANM,WE,Combined TRACON& Tower with Radar,81,28,20,3,132,0,1,44,0,45,81,29,64,3,177,34,0,34,211
02/14/2011,BOI,ID,ANM,WE,Combined TRACON& Tower with Radar,91,41,36,7,175,0,14,47,16,77,91,55,83,23,252,48,16,64,316
02/15/2011,BOI,ID,ANM,WE,Combined TRACON& Tower with Radar,96,39,40,21,196,0,7,25,9,41,96,46,65,30,237,8,4,12,249
02/16/2011,BOI,ID,ANM,WE,Combined TRACON& Tower with Radar,106,44,33,8,191,0,3,7,16,26,106,47,40,24,217,6,2,8,225
02/17/2011,BOI,ID,ANM,WE,Combined TRACON& Tower with Radar,100,46,51,17,214,0,3,40,16,59,100,49,91,33,273,40,20,60,333
02/18/2011,BOI,ID,ANM,WE,Combined TRACON& Tower with Radar,106,45,49,10,210,0,6,35,19,60,106,51,84,29,270,42,8,50,320
02/19/2011,BOI,ID,ANM,WE,Combined TRACON& Tower with Radar,79,31,20,1,131,0,1,4,0,5,79,32,24,1,136,14,0,14,150
02/20/2011,BOI,ID,ANM,WE,Combined TRACON& Tower with Radar,80,30,14,2,126,0,1,7,0,8,80,31,21,2,134,6,0,6,140
02/21/2011,BOI,ID,ANM,WE,Combined TRACON& Tower with Radar,95,31,35,0,161,0,2,39,0,41,95,33,74,0,202,72,0,72,274
02/22/2011,BOI,ID,ANM,WE,Combined TRACON& Tower with Radar,105,44,38,10,197,0,4,21,15,40,105,48,59,25,237,10,4,14,251
02/23/2011,BOI,ID,ANM,WE,Combined TRACON& Tower with Radar,100,43,63,15,221,0,1,40,14,55,100,44,103,29,276,52,18,70,346
02/24/2011,BOI,ID,ANM,WE,Combined TRACON& Tower with Radar,104,47,39,7,197,0,1,11,7,19,104,48,50,14,216,0,0,0,216
02/25/2011,BOI,ID,ANM,WE,Combined TRACON& Tower with Radar,102,41,31,10,184,0,4,17,0,21,102,45,48,10,205,50,14,64,269
02/26/2011,BOI,ID,ANM,WE,Combined TRACON& Tower with Radar,72,27,37,0,136,0,4,71,1,76,72,31,108,1,212,52,0,52,264
02/27/2011,BOI,ID,ANM,WE,Combined TRACON& Tower with Radar,83,28,19,0,130,0,5,38,0,43,83,33,57,0,173,48,0,48,221
02/28/2011,BOI,ID,ANM,WE,Combined TRACON& Tower with Radar,92,38,47,3,180,0,5,33,14,52,92,43,80,17,232,56,6,62,294
03/01/2011,BOI,ID,ANM,WE,Combined TRACON& Tower with Radar,101,34,39,6,180,0,6,41,20,67,101,40,80,26,247,36,4,40,287
03/02/2011,BOI,ID,ANM,WE,Combined TRACON& Tower with Radar,99,51,60,5,215,0,2,28,11,41,99,53,88,16,256,32,2,34,290
03/03/2011,BOI,ID,ANM,WE,Combined TRACON& Tower with Radar,102,47,35,2,186,0,0,37,9,46,102,47,72,11,232,32,1,33,265
03/04/2011,BOI,ID,ANM,WE,Combined TRACON& Tower with Radar,99,46,35,9,189,0,9,50,17,76,99,55,85,26,265,74,2,76,341
03/05/2011,BOI,ID,ANM,WE,Combined TRACON& Tower with Radar,74,41,19,3,137,0,1,10,5,16,74,42,29,8,153,16,4,20,173
03/06/2011,BOI,ID,ANM,WE,Combined TRACON& Tower with Radar,87,32,26,3,148,0,0,6,4,10,87,32,32,7,158,12,4,16,174
03/07/2011,BOI,ID,ANM,WE,Combined TRACON& Tower with Radar,91,52,30,3,176,0,1,8,4,13,91,53,38,7,189,0,4,4,193
03/08/2011,BOI,ID,ANM,WE,Combined TRACON& Tower with Radar,99,50,38,10,197,0,1,6,17,24,99,51,44,27,221,16,10,26,247
03/09/2011,BOI,ID,ANM,WE,Combined TRACON& Tower with Radar,106,48,55,13,222,10,2,46,18,76,116,50,101,31,298,44,10,54,352
03/10/2011,BOI,ID,ANM,WE,Combined TRACON& Tower with Radar,100,47,45,18,210,0,3,32,12,47,100,50,77,30,257,56,0,56,313
03/11/2011,BOI,ID,ANM,WE,Combined TRACON& Tower with Radar,98,45,50,10,203,0,3,76,11,90,98,48,126,21,293,76,6,82,375
03/12/2011,BOI,ID,ANM,WE,Combined TRACON& Tower with Radar,78,28,31,1,138,0,8,47,0,55,78,36,78,1,193,48,0,48,241
03/13/2011,BOI,ID,ANM,WE,Combined TRACON& Tower with Radar,79,30,18,7,134,0,3,27,0,30,79,33,45,7,164,40,0,40,204
03/14/2011,BOI,ID,ANM,WE,Combined TRACON& Tower with Radar,97,50,55,9,211,0,6,29,20,55,97,56,84,29,266,50,28,78,344
03/15/2011,BOI,ID,ANM,WE,Combined TRACON& Tower with Radar,100,48,32,8,188,0,2,21,14,37,100,50,53,22,225,4,14,18,243
03/16/2011,BOI,ID,ANM,WE,Combined TRACON& Tower with Radar,102,45,44,10,201,0,3,14,14,31,102,48,58,24,232,22,14,36,268
03/17/2011,BOI,ID,ANM,WE,Combined TRACON& Tower with Radar,100,49,60,15,224,0,5,71,12,88,100,54,131,27,312,16,0,16,328
03/18/2011,BOI,ID,ANM,WE,Combined TRACON& Tower with Radar,98,43,59,9,209,0,9,45,7,61,98,52,104,16,270,34,16,50,320
03/19/2011,BOI,ID,ANM,WE,Combined TRACON& Tower with Radar,80,29,22,2,133,0,1,24,0,25,80,30,46,2,158,76,0,76,234
03/20/2011,BOI,ID,ANM,WE,Combined TRACON& Tower with Radar,81,28,26,6,141,0,4,13,0,17,81,32,39,6,158,6,0,6,164
03/21/2011,BOI,ID,ANM,WE,Combined TRACON& Tower with Radar,94,50,44,2,190,0,4,23,3,30,94,54,67,5,220,20,8,28,248
03/22/2011,BOI,ID,ANM,WE,Combined TRACON& Tower with Radar,93,45,52,14,204,0,6,60,15,81,93,51,112,29,285,50,10,60,345
03/23/2011,BOI,ID,ANM,WE,Combined TRACON& Tower with Radar,95,49,60,25,229,0,2,40,20,62,95,51,100,45,291,82,20,102,393
03/24/2011,BOI,ID,ANM,WE,Combined TRACON& Tower with Radar,102,50,57,8,217,0,3,41,13,57,102,53,98,21,274,23,12,35,309
03/25/2011,BOI,ID,ANM,WE,Combined TRACON& Tower with Radar,98,46,51,9,204,0,2,44,16,62,98,48,95,25,266,94,16,110,376
03/26/2011,BOI,ID,ANM,WE,Combined TRACON& Tower with Radar,75,34,22,0,131,0,1,27,0,28,75,35,49,0,159,28,0,28,187
03/27/2011,BOI,ID,ANM,WE,Combined TRACON& Tower with Radar,85,29,13,1,128,0,2,22,0,24,85,31,35,1,152,50,0,50,202
03/28/2011,BOI,ID,ANM,WE,Combined TRACON& Tower with Radar,96,48,48,11,203,0,2,42,25,69,96,50,90,36,272,34,14,48,320
03/29/2011,BOI,ID,ANM,WE,Combined TRACON& Tower with Radar,95,44,45,8,192,0,4,43,17,64,95,48,88,25,256,82,20,102,358
03/30/2011,BOI,ID,ANM,WE,Combined TRACON& Tower with Radar,93,57,37,18,205,0,6,47,24,77,93,63,84,42,282,60,6,66,348
03/31/2011,BOI,ID,ANM,WE,Combined TRACON& Tower with Radar,98,48,53,5,204,0,3,96,20,119,98,51,149,25,323,48,8,56,379
04/01/2011,BOI,ID,ANM,WE,Combined TRACON& Tower with Radar,101,37,43,4,185,0,8,98,11,117,101,45,141,15,302,108,18,126,428
04/02/2011,BOI,ID,ANM,WE,Combined TRACON& Tower with Radar,78,29,28,1,136,0,2,15,0,17,78,31,43,1,153,40,0,40,193
04/03/2011,BOI,ID,ANM,WE,Combined TRACON& Tower with Radar,89,19,26,4,138,0,3,39,1,43,89,22,65,5,181,44,0,44,225
04/04/2011,BOI,ID,ANM,WE,Combined TRACON& Tower with Radar,95,39,53,12,199,0,4,42,19,65,95,43,95,31,264,64,6,70,334
04/05/2011,BOI,ID,ANM,WE,Combined TRACON& Tower with Radar,98,38,35,11,182,0,2,27,16,45,98,40,62,27,227,20,22,42,269
04/06/2011,BOI,ID,ANM,WE,Combined TRACON& Tower with Radar,92,53,62,18,225,0,3,60,27,90,92,56,122,45,315,84,10,94,409
04/07/2011,BOI,ID,ANM,WE,Combined TRACON& Tower with Radar,102,46,41,18,207,0,4,30,16,50,102,50,71,34,257,24,2,26,283
04/08/2011,BOI,ID,ANM,WE,Combined TRACON& Tower with Radar,100,42,48,9,199,0,3,44,16,63,100,45,92,25,262,34,18,52,314
04/09/2011,BOI,ID,ANM,WE,Combined TRACON& Tower with Radar,77,32,25,2,136,0,0,44,0,44,77,32,69,2,180,66,0,66,246
04/10/2011,BOI,ID,ANM,WE,Combined TRACON& Tower with Radar,88,25,31,0,144,0,5,54,1,60,88,30,85,1,204,88,0,88,292
04/11/2011,BOI,ID,ANM,WE,Combined TRACON& Tower with Radar,93,49,36,5,183,0,5,39,2,46,93,54,75,7,229,68,0,68,297
04/12/2011,BOI,ID,ANM,WE,Combined TRACON& Tower with Radar,94,36,71,18,219,0,9,102,26,137,94,45,173,44,356,117,12,129,485
04/13/2011,BOI,ID,ANM,WE,Combined TRACON& Tower with Radar,91,48,72,21,232,0,4,54,21,79,91,52,126,42,311,68,28,96,407
04/14/2011,BOI,ID,ANM,WE,Combined TRACON& Tower with Radar,99,50,64,20,233,0,6,86,24,116,99,56,150,44,349,64,2,66,415
04/15/2011,BOI,ID,ANM,WE,Combined TRACON& Tower with Radar,101,44,49,11,205,0,4,47,13,64,101,48,96,24,269,76,8,84,353
04/16/2011,BOI,ID,ANM,WE,Combined TRACON& Tower with Radar,79,23,25,11,138,0,2,58,5,65,79,25,83,16,203,94,8,102,305
04/17/2011,BOI,ID,ANM,WE,Combined TRACON& Tower with Radar,81,29,18,6,134,0,1,38,6,45,81,30,56,12,179,54,2,56,235
04/18/2011,BOI,ID,ANM,WE,Combined TRACON& Tower with Radar,96,49,45,14,204,0,3,39,20,62,96,52,84,34,266,0,0,0,266
04/19/2011,BOI,ID,ANM,WE,Combined TRACON& Tower with Radar,94,37,51,22,204,0,0,104,25,129,94,37,155,47,333,62,2,64,397
04/20/2011,BOI,ID,ANM,WE,Combined TRACON& Tower with Radar,98,53,53,24,228,0,3,44,21,68,98,56,97,45,296,44,12,56,352
04/21/2011,BOI,ID,ANM,WE,Combined TRACON& Tower with Radar,104,51,41,7,203,0,3,16,21,40,104,54,57,28,243,16,4,20,263
04/22/2011,BOI,ID,ANM,WE,Combined TRACON& Tower with Radar,107,45,33,17,202,0,8,88,18,114,107,53,121,35,316,108,8,116,432
04/23/2011,BOI,ID,ANM,WE,Combined TRACON& Tower with Radar,80,25,23,1,129,0,4,84,0,88,80,29,107,1,217,74,0,74,291
04/24/2011,BOI,ID,ANM,WE,Combined TRACON& Tower with Radar,89,31,15,1,136,0,5,33,0,38,89,36,48,1,174,62,0,62,236
04/25/2011,BOI,ID,ANM,WE,Combined TRACON& Tower with Radar,97,51,29,8,185,0,4,22,17,43,97,55,51,25,228,38,12,50,278
04/26/2011,BOI,ID,ANM,WE,Combined TRACON& Tower with Radar,99,45,54,14,212,0,0,47,21,68,99,45,101,35,280,64,6,70,350
04/27/2011,BOI,ID,ANM,WE,Combined TRACON& Tower with Radar,100,52,60,22,234,3,2,72,22,99,103,54,132,44,333,54,10,64,397
04/28/2011,BOI,ID,ANM,WE,Combined TRACON& Tower with Radar,105,53,32,15,205,0,2,28,22,52,105,55,60,37,257,84,14,98,355
04/29/2011,BOI,ID,ANM,WE,Combined TRACON& Tower with Radar,107,40,37,11,195,0,4,23,14,41,107,44,60,25,236,20,6,26,262
04/30/2011,BOI,ID,ANM,WE,Combined TRACON& Tower with Radar,82,30,32,16,160,0,4,73,28,105,82,34,105,44,265,110,24,134,399
05/01/2011,BOI,ID,ANM,WE,Combined TRACON& Tower with Radar,94,35,39,14,182,0,3,74,8,85,94,38,113,22,267,128,14,142,409
05/02/2011,BOI,ID,ANM,WE,Combined TRACON& Tower with Radar,101,40,32,5,178,0,8,65,32,105,101,48,97,37,283,50,16,66,349
05/03/2011,BOI,ID,ANM,WE,Combined TRACON& Tower with Radar,98,43,54,22,217,0,7,100,60,167,98,50,154,82,384,112,16,128,512
05/04/2011,BOI,ID,ANM,WE,Combined TRACON& Tower with Radar,100,43,58,27,228,0,7,118,57,182,100,50,176,84,410,100,16,116,526
05/05/2011,BOI,ID,ANM,WE,Combined TRACON& Tower with Radar,105,42,72,19,238,0,8,102,55,165,105,50,174,74,403,52,0,52,455
05/06/2011,BOI,ID,ANM,WE,Combined TRACON& Tower with Radar,104,34,36,14,188,0,7,81,23,111,104,41,117,37,299,70,28,98,397
05/07/2011,BOI,ID,ANM,WE,Combined TRACON& Tower with Radar,82,24,17,6,129,2,3,63,3,71,84,27,80,9,200,82,0,82,282
05/08/2011,BOI,ID,ANM,WE,Combined TRACON& Tower with Radar,92,28,16,1,137,0,0,6,0,6,92,28,22,1,143,8,0,8,151
05/09/2011,BOI,ID,ANM,WE,Combined TRACON& Tower with Radar,102,44,34,17,197,0,3,24,13,40,102,47,58,30,237,40,22,62,299
05/10/2011,BOI,ID,ANM,WE,Combined TRACON& Tower with Radar,102,40,67,18,227,0,5,66,26,97,102,45,133,44,324,72,28,100,424
05/11/2011,BOI,ID,ANM,WE,Combined TRACON& Tower with Radar,95,43,51,33,222,0,8,78,37,123,95,51,129,70,345,144,8,152,497
05/12/2011,BOI,ID,ANM,WE,Combined TRACON& Tower with Radar,107,45,57,21,230,0,6,92,26,124,107,51,149,47,354,104,12,116,470
05/13/2011,BOI,ID,ANM,WE,Combined TRACON& Tower with Radar,100,36,50,8,194,0,7,100,12,119,100,43,150,20,313,60,18,78,391
05/14/2011,BOI,ID,ANM,WE,Combined TRACON& Tower with Radar,79,28,9,2,118,0,4,53,0,57,79,32,62,2,175,38,0,38,213
05/15/2011,BOI,ID,ANM,WE,Combined TRACON& Tower with Radar,88,34,17,2,141,0,1,16,0,17,88,35,33,2,158,24,2,26,184
05/16/2011,BOI,ID,ANM,WE,Combined TRACON& Tower with Radar,100,42,38,3,183,0,4,22,11,37,100,46,60,14,220,82,10,92,312
05/17/2011,BOI,ID,ANM,WE,Combined TRACON& Tower with Radar,98,48,60,25,231,0,5,70,28,103,98,53,130,53,334,84,8,92,426
05/18/2011,BOI,ID,ANM,WE,Combined TRACON& Tower with Radar,99,48,55,29,231,0,8,41,38,87,99,56,96,67,318,98,48,146,464
05/19/2011,BOI,ID,ANM,WE,Combined TRACON& Tower with Radar,102,48,57,19,226,0,6,39,27,72,102,54,96,46,298,16,0,16,314
05/20/2011,BOI,ID,ANM,WE,Combined TRACON& Tower with Radar,106,40,47,20,213,0,5,86,12,103,106,45,133,32,316,98,0,98,414
05/21/2011,BOI,ID,ANM,WE,Combined TRACON& Tower with Radar,82,28,19,5,134,0,2,83,1,86,82,30,102,6,220,76,0,76,296
05/22/2011,BOI,ID,ANM,WE,Combined TRACON& Tower with Radar,88,30,23,5,146,0,2,30,4,36,88,32,53,9,182,78,0,78,260
05/23/2011,BOI,ID,ANM,WE,Combined TRACON& Tower with Radar,96,51,37,18,202,0,11,38,20,69,96,62,75,38,271,62,18,80,351
05/24/2011,BOI,ID,ANM,WE,Combined TRACON& Tower with Radar,98,41,41,29,209,0,7,64,27,98,98,48,105,56,307,94,16,110,417
05/25/2011,BOI,ID,ANM,WE,Combined TRACON& Tower with Radar,92,49,62,18,221,0,11,58,10,79,92,60,120,28,300,102,18,120,420
05/26/2011,BOI,ID,ANM,WE,Combined TRACON& Tower with Radar,105,48,41,15,209,0,8,48,34,90,105,56,89,49,299,48,22,70,369
05/27/2011,BOI,ID,ANM,WE,Combined TRACON& Tower with Radar,98,48,35,8,189,0,4,33,12,49,98,52,68,20,238,78,10,88,326
05/28/2011,BOI,ID,ANM,WE,Combined TRACON& Tower with Radar,75,33,38,1,147,0,2,27,2,31,75,35,65,3,178,62,0,62,240
05/29/2011,BOI,ID,ANM,WE,Combined TRACON& Tower with Radar,81,18,8,2,109,0,4,14,0,18,81,22,22,2,127,36,0,36,163
05/30/2011,BOI,ID,ANM,WE,Combined TRACON& Tower with Radar,97,36,30,0,163,0,3,52,5,60,97,39,82,5,223,92,0,92,315
05/31/2011,BOI,ID,ANM,WE,Combined TRACON& Tower with Radar,95,53,43,2,193,0,7,81,7,95,95,60,124,9,288,64,2,66,354
06/01/2011,BOI,ID,ANM,WE,Combined TRACON& Tower with Radar,97,45,47,17,206,0,3,57,17,77,97,48,104,34,283,96,32,128,411
06/02/2011,BOI,ID,ANM,WE,Combined TRACON& Tower with Radar,104,55,49,10,218,0,6,40,18,64,104,61,89,28,282,28,6,34,316
06/03/2011,BOI,ID,ANM,WE,Combined TRACON& Tower with Radar,102,46,52,13,213,0,8,113,10,131,102,54,165,23,344,88,22,110,454
06/04/2011,BOI,ID,ANM,WE,Combined TRACON& Tower with Radar,75,26,31,5,137,0,4,85,2,91,75,30,116,7,228,82,0,82,310
06/05/2011,BOI,ID,ANM,WE,Combined TRACON& Tower with Radar,93,34,13,0,140,0,4,87,9,100,93,38,100,9,240,78,0,78,318
06/06/2011,BOI,ID,ANM,WE,Combined TRACON& Tower with Radar,94,49,32,6,181,0,6,53,16,75,94,55,85,22,256,64,6,70,326
06/07/2011,BOI,ID,ANM,WE,Combined TRACON& Tower with Radar,101,46,38,2,187,0,8,50,27,85,101,54,88,29,272,56,2,58,330
06/08/2011,BOI,ID,ANM,WE,Combined TRACON& Tower with Radar,99,46,48,17,210,0,13,65,30,108,99,59,113,47,318,74,16,90,408
06/09/2011,BOI,ID,ANM,WE,Combined TRACON& Tower with Radar,103,45,54,10,212,0,10,79,22,111,103,55,133,32,323,44,16,60,383
06/10/2011,BOI,ID,ANM,WE,Combined TRACON& Tower with Radar,99,50,65,2,216,0,9,67,23,99,99,59,132,25,315,96,20,116,431
06/11/2011,BOI,ID,ANM,WE,Combined TRACON& Tower with Radar,88,25,20,10,143,0,5,90,18,113,88,30,110,28,256,48,18,66,322
06/12/2011,BOI,ID,ANM,WE,Combined TRACON& Tower with Radar,94,36,32,1,163,0,5,66,21,92,94,41,98,22,255,48,0,48,303
06/13/2011,BOI,ID,ANM,WE,Combined TRACON& Tower with Radar,99,43,43,6,191,0,7,54,12,73,99,50,97,18,264,60,0,60,324
06/14/2011,BOI,ID,ANM,WE,Combined TRACON& Tower with Radar,111,41,56,21,229,0,11,82,25,118,111,52,138,46,347,68,0,68,415
06/15/2011,BOI,ID,ANM,WE,Combined TRACON& Tower with Radar,105,44,66,25,240,0,9,65,23,97,105,53,131,48,337,108,52,160,497
06/16/2011,BOI,ID,ANM,WE,Combined TRACON& Tower with Radar,103,38,54,17,212,0,11,87,13,111,103,49,141,30,323,50,10,60,383
06/17/2011,BOI,ID,ANM,WE,Combined TRACON& Tower with Radar,107,35,55,15,212,0,13,103,9,125,107,48,158,24,337,124,24,148,485
06/18/2011,BOI,ID,ANM,WE,Combined TRACON& Tower with Radar,87,29,23,0,139,0,7,59,0,66,87,36,82,0,205,24,0,24,229
06/19/2011,BOI,ID,ANM,WE,Combined TRACON& Tower with Radar,98,37,28,0,163,0,6,39,2,47,98,43,67,2,210,58,0,58,268
06/20/2011,BOI,ID,ANM,WE,Combined TRACON& Tower with Radar,102,40,57,12,211,0,9,85,5,99,102,49,142,17,310,88,0,88,398
06/21/2011,BOI,ID,ANM,WE,Combined TRACON& Tower with Radar,106,48,64,16,234,0,13,90,16,119,106,61,154,32,353,102,2,104,457
06/22/2011,BOI,ID,ANM,WE,Combined TRACON& Tower with Radar,103,42,75,16,236,0,17,99,13,129,103,59,174,29,365,78,18,96,461
06/23/2011,BOI,ID,ANM,WE,Combined TRACON& Tower with Radar,113,43,36,14,206,0,13,88,7,108,113,56,124,21,314,90,8,98,412
06/24/2011,BOI,ID,ANM,WE,Combined TRACON& Tower with Radar,105,46,65,13,229,0,10,107,14,131,105,56,172,27,360,88,0,88,448
06/25/2011,BOI,ID,ANM,WE,Combined TRACON& Tower with Radar,86,25,23,1,135,0,12,80,6,98,86,37,103,7,233,38,0,38,271
06/26/2011,BOI,ID,ANM,WE,Combined TRACON& Tower with Radar,98,31,19,4,152,0,7,80,0,87,98,38,99,4,239,40,0,40,279
06/27/2011,BOI,ID,ANM,WE,Combined TRACON& Tower with Radar,102,46,56,9,213,0,9,81,18,108,102,55,137,27,321,84,24,108,429
06/28/2011,BOI,ID,ANM,WE,Combined TRACON& Tower with Radar,103,41,61,19,224,0,13,84,20,117,103,54,145,39,341,70,16,86,427
06/29/2011,BOI,ID,ANM,WE,Combined TRACON& Tower with Radar,105,45,60,7,217,0,9,81,25,115,105,54,141,32,332,86,26,112,444
06/30/2011,BOI,ID,ANM,WE,Combined TRACON& Tower with Radar,107,44,49,12,212,0,19,115,22,156,107,63,164,34,368,82,6,88,456
07/01/2011,BOI,ID,ANM,WE,Combined TRACON& Tower with Radar,105,39,56,0,200,0,19,105,5,129,105,58,161,5,329,100,0,100,429
07/02/2011,BOI,ID,ANM,WE,Combined TRACON& Tower with Radar,95,25,34,0,154,0,23,99,0,122,95,48,133,0,276,44,0,44,320
07/03/2011,BOI,ID,ANM,WE,Combined TRACON& Tower with Radar,77,21,19,0,117,0,10,61,0,71,77,31,80,0,188,48,0,48,236
07/04/2011,BOI,ID,ANM,WE,Combined TRACON& Tower with Radar,91,18,8,3,120,0,12,68,3,83,91,30,76,6,203,32,0,32,235
07/05/2011,BOI,ID,ANM,WE,Combined TRACON& Tower with Radar,95,47,50,7,199,0,24,99,15,138,95,71,149,22,337,50,30,80,417
07/06/2011,BOI,ID,ANM,WE,Combined TRACON& Tower with Radar,100,50,53,16,219,0,20,113,17,150,100,70,166,33,369,48,44,92,461
07/07/2011,BOI,ID,ANM,WE,Combined TRACON& Tower with Radar,110,46,71,17,244,0,19,73,14,106,110,65,144,31,350,82,6,88,438
07/08/2011,BOI,ID,ANM,WE,Combined TRACON& Tower with Radar,110,43,48,17,218,0,24,110,12,146,110,67,158,29,364,80,4,84,448
07/09/2011,BOI,ID,ANM,WE,Combined TRACON& Tower with Radar,89,26,24,1,140,0,10,110,2,122,89,36,134,3,262,40,0,40,302
07/10/2011,BOI,ID,ANM,WE,Combined TRACON& Tower with Radar,105,32,23,6,166,2,15,112,0,129,107,47,135,6,295,70,0,70,365
07/11/2011,BOI,ID,ANM,WE,Combined TRACON& Tower with Radar,102,39,57,13,211,0,18,96,18,132,102,57,153,31,343,60,8,68,411
07/12/2011,BOI,ID,ANM,WE,Combined TRACON& Tower with Radar,103,49,36,15,203,0,18,89,42,149,103,67,125,57,352,60,10,70,422
07/13/2011,BOI,ID,ANM,WE,Combined TRACON& Tower with Radar,100,46,56,19,221,0,14,117,43,174,100,60,173,62,395,102,40,142,537
07/14/2011,BOI,ID,ANM,WE,Combined TRACON& Tower with Radar,108,38,58,24,228,0,10,77,67,154,108,48,135,91,382,78,40,118,500
07/15/2011,BOI,ID,ANM,WE,Combined TRACON& Tower with Radar,109,47,45,16,217,1,18,109,33,161,110,65,154,49,378,40,24,64,442
07/16/2011,BOI,ID,ANM,WE,Combined TRACON& Tower with Radar,92,25,23,3,143,0,20,93,46,159,92,45,116,49,302,28,16,44,346
07/17/2011,BOI,ID,ANM,WE,Combined TRACON& Tower with Radar,100,30,13,5,148,0,13,93,48,154,100,43,106,53,302,106,2,108,410
07/18/2011,BOI,ID,ANM,WE,Combined TRACON& Tower with Radar,104,48,37,18,207,0,30,75,51,156,104,78,112,69,363,78,14,92,455
07/19/2011,BOI,ID,ANM,WE,Combined TRACON& Tower with Radar,99,51,48,21,219,0,15,107,43,165,99,66,155,64,384,102,10,112,496
07/20/2011,BOI,ID,ANM,WE,Combined TRACON& Tower with Radar,106,50,53,19,228,1,20,106,33,160,107,70,159,52,388,56,8,64,452
07/21/2011,BOI,ID,ANM,WE,Combined TRACON& Tower with Radar,107,48,62,25,242,0,27,111,47,185,107,75,173,72,427,32,20,52,479
07/22/2011,BOI,ID,ANM,WE,Combined TRACON& Tower with Radar,106,42,40,26,214,0,16,118,25,159,106,58,158,51,373,52,22,74,447
07/23/2011,BOI,ID,ANM,WE,Combined TRACON& Tower with Radar,99,28,28,12,167,0,13,82,19,114,99,41,110,31,281,32,4,36,317
07/24/2011,BOI,ID,ANM,WE,Combined TRACON& Tower with Radar,98,40,21,5,164,0,22,79,21,122,98,62,100,26,286,46,0,46,332
07/25/2011,BOI,ID,ANM,WE,Combined TRACON& Tower with Radar,106,51,41,8,206,0,27,83,35,145,106,78,124,43,351,30,2,32,383
07/26/2011,BOI,ID,ANM,WE,Combined TRACON& Tower with Radar,101,45,40,14,200,0,21,63,40,124,101,66,103,54,324,54,4,58,382
07/27/2011,BOI,ID,ANM,WE,Combined TRACON& Tower with Radar,108,43,54,21,226,0,20,79,48,147,108,63,133,69,373,54,24,78,451
07/28/2011,BOI,ID,ANM,WE,Combined TRACON& Tower with Radar,102,48,52,16,218,0,24,83,42,149,102,72,135,58,367,36,12,48,415
07/29/2011,BOI,ID,ANM,WE,Combined TRACON& Tower with Radar,113,44,52,13,222,0,33,67,21,121,113,77,119,34,343,104,4,108,451
07/30/2011,BOI,ID,ANM,WE,Combined TRACON& Tower with Radar,93,23,23,1,140,0,6,90,4,100,93,29,113,5,240,40,8,48,288
07/31/2011,BOI,ID,ANM,WE,Combined TRACON& Tower with Radar,103,31,28,4,166,0,27,78,1,106,103,58,106,5,272,46,0,46,318
08/01/2011,BOI,ID,ANM,WE,Combined TRACON& Tower with Radar,104,47,25,5,181,0,19,65,17,101,104,66,90,22,282,80,10,90,372
08/02/2011,BOI,ID,ANM,WE,Combined TRACON& Tower with Radar,105,53,29,3,190,1,22,80,16,119,106,75,109,19,309,78,2,80,389
08/03/2011,BOI,ID,ANM,WE,Combined TRACON& Tower with Radar,106,45,51,5,207,0,20,94,23,137,106,65,145,28,344,52,12,64,408
08/04/2011,BOI,ID,ANM,WE,Combined TRACON& Tower with Radar,113,45,43,5,206,0,25,170,5,200,113,70,213,10,406,28,6,34,440
08/05/2011,BOI,ID,ANM,WE,Combined TRACON& Tower with Radar,106,53,39,5,203,0,21,137,5,163,106,74,176,10,366,98,2,100,466
08/06/2011,BOI,ID,ANM,WE,Combined TRACON& Tower with Radar,90,26,28,6,150,0,12,126,9,147,90,38,154,15,297,68,0,68,365
08/07/2011,BOI,ID,ANM,WE,Combined TRACON& Tower with Radar,99,36,36,5,176,0,12,98,3,113,99,48,134,8,289,8,0,8,297
08/08/2011,BOI,ID,ANM,WE,Combined TRACON& Tower with Radar,102,50,48,10,210,0,19,117,12,148,102,69,165,22,358,82,0,82,440
08/09/2011,BOI,ID,ANM,WE,Combined TRACON& Tower with Radar,107,53,60,19,239,0,16,114,21,151,107,69,174,40,390,84,42,126,516
08/10/2011,BOI,ID,ANM,WE,Combined TRACON& Tower with Radar,102,49,49,31,231,0,21,108,22,151,102,70,157,53,382,112,6,118,500
08/11/2011,BOI,ID,ANM,WE,Combined TRACON& Tower with Radar,108,53,51,12,224,0,29,149,8,186,108,82,200,20,410,52,0,52,462
08/12/2011,BOI,ID,ANM,WE,Combined TRACON& Tower with Radar,112,46,38,13,209,0,22,105,16,143,112,68,143,29,352,90,38,128,480
08/13/2011,BOI,ID,ANM,WE,Combined TRACON& Tower with Radar,90,26,20,6,142,0,11,92,0,103,90,37,112,6,245,106,0,106,351
08/14/2011,BOI,ID,ANM,WE,Combined TRACON& Tower with Radar,96,42,31,4,173,0,19,81,2,102,96,61,112,6,275,44,0,44,319
08/15/2011,BOI,ID,ANM,WE,Combined TRACON& Tower with Radar,100,43,49,20,212,0,23,166,15,204,100,66,215,35,416,86,28,114,530
08/16/2011,BOI,ID,ANM,WE,Combined TRACON& Tower with Radar,101,41,47,25,214,0,20,198,18,236,101,61,245,43,450,0,0,0,450
08/17/2011,BOI,ID,ANM,WE,Combined TRACON& Tower with Radar,104,38,53,28,223,0,26,112,21,159,104,64,165,49,382,138,34,172,554
08/18/2011,BOI,ID,ANM,WE,Combined TRACON& Tower with Radar,102,35,37,18,192,0,21,119,16,156,102,56,156,34,348,50,6,56,404
08/19/2011,BOI,ID,ANM,WE,Combined TRACON& Tower with Radar,103,47,45,16,211,0,22,103,11,136,103,69,148,27,347,68,24,92,439
08/20/2011,BOI,ID,ANM,WE,Combined TRACON& Tower with Radar,82,26,25,6,139,0,8,115,1,124,82,34,140,7,263,44,0,44,307
08/21/2011,BOI,ID,ANM,WE,Combined TRACON& Tower with Radar,97,31,34,7,169,0,14,100,1,115,97,45,134,8,284,106,0,106,390
08/22/2011,BOI,ID,ANM,WE,Combined TRACON& Tower with Radar,98,43,38,9,188,0,16,93,8,117,98,59,131,17,305,74,6,80,385
08/23/2011,BOI,ID,ANM,WE,Combined TRACON& Tower with Radar,103,49,40,10,202,0,15,91,21,127,103,64,131,31,329,8,18,26,355
08/24/2011,BOI,ID,ANM,WE,Combined TRACON& Tower with Radar,104,52,43,23,222,2,20,95,26,143,106,72,138,49,365,44,16,60,425
08/25/2011,BOI,ID,ANM,WE,Combined TRACON& Tower with Radar,105,44,54,16,219,0,19,106,21,146,105,63,160,37,365,40,6,46,411
08/26/2011,BOI,ID,ANM,WE,Combined TRACON& Tower with Radar,105,44,54,17,220,0,20,125,13,158,105,64,179,30,378,64,4,68,446
08/27/2011,BOI,ID,ANM,WE,Combined TRACON& Tower with Radar,85,23,28,3,139,0,5,109,3,117,85,28,137,6,256,64,0,64,320
08/28/2011,BOI,ID,ANM,WE,Combined TRACON& Tower with Radar,91,37,21,5,154,0,9,107,3,119,91,46,128,8,273,22,2,24,297
08/29/2011,BOI,ID,ANM,WE,Combined TRACON& Tower with Radar,98,39,52,14,203,0,20,157,23,200,98,59,209,37,403,34,8,42,445
08/30/2011,BOI,ID,ANM,WE,Combined TRACON& Tower with Radar,100,49,49,18,216,1,12,111,26,150,101,61,160,44,366,68,12,80,446
08/31/2011,BOI,ID,ANM,WE,Combined TRACON& Tower with Radar,104,54,52,17,227,0,17,126,27,170,104,71,178,44,397,42,12,54,451
09/01/2011,BOI,ID,ANM,WE,Combined TRACON& Tower with Radar,101,51,47,11,210,0,19,92,19,130,101,70,139,30,340,40,0,40,380
09/02/2011,BOI,ID,ANM,WE,Combined TRACON& Tower with Radar,102,40,39,6,187,2,21,115,15,153,104,61,154,21,340,76,6,82,422
09/03/2011,BOI,ID,ANM,WE,Combined TRACON& Tower with Radar,85,17,14,0,116,1,6,64,1,72,86,23,78,1,188,68,0,68,256
09/04/2011,BOI,ID,ANM,WE,Combined TRACON& Tower with Radar,77,21,19,2,119,0,10,61,0,71,77,31,80,2,190,40,0,40,230
09/05/2011,BOI,ID,ANM,WE,Combined TRACON& Tower with Radar,90,36,20,4,150,0,8,68,0,76,90,44,88,4,226,36,0,36,262
09/06/2011,BOI,ID,ANM,WE,Combined TRACON& Tower with Radar,94,50,39,8,191,0,14,76,9,99,94,64,115,17,290,48,6,54,344
09/07/2011,BOI,ID,ANM,WE,Combined TRACON& Tower with Radar,100,52,78,21,251,0,18,94,23,135,100,70,172,44,386,32,18,50,436
09/08/2011,BOI,ID,ANM,WE,Combined TRACON& Tower with Radar,103,44,58,17,222,1,16,69,19,105,104,60,127,36,327,90,16,106,433
09/09/2011,BOI,ID,ANM,WE,Combined TRACON& Tower with Radar,102,45,38,12,197,0,15,76,5,96,102,60,114,17,293,32,8,40,333
09/10/2011,BOI,ID,ANM,WE,Combined TRACON& Tower with Radar,84,19,34,9,146,0,9,93,24,126,84,28,127,33,272,48,10,58,330
09/11/2011,BOI,ID,ANM,WE,Combined TRACON& Tower with Radar,93,39,23,15,170,0,13,64,21,98,93,52,87,36,268,36,4,40,308
09/12/2011,BOI,ID,ANM,WE,Combined TRACON& Tower with Radar,99,48,52,3,202,0,16,85,15,116,99,64,137,18,318,100,24,124,442
09/13/2011,BOI,ID,ANM,WE,Combined TRACON& Tower with Radar,101,46,66,13,226,0,10,96,21,127,101,56,162,34,353,122,16,138,491
09/14/2011,BOI,ID,ANM,WE,Combined TRACON& Tower with Radar,97,48,69,14,228,2,14,96,13,125,99,62,165,27,353,74,18,92,445
09/15/2011,BOI,ID,ANM,WE,Combined TRACON& Tower with Radar,104,49,80,15,248,0,13,60,13,86,104,62,140,28,334,28,0,28,362
09/16/2011,BOI,ID,ANM,WE,Combined TRACON& Tower with Radar,105,56,57,8,226,0,7,75,13,95,105,63,132,21,321,78,2,80,401
09/17/2011,BOI,ID,ANM,WE,Combined TRACON& Tower with Radar,84,20,26,1,131,0,8,84,3,95,84,28,110,4,226,140,20,160,386
09/18/2011,BOI,ID,ANM,WE,Combined TRACON& Tower with Radar,91,29,23,9,152,0,2,66,3,71,91,31,89,12,223,22,6,28,251
09/19/2011,BOI,ID,ANM,WE,Combined TRACON& Tower with Radar,90,44,44,15,193,0,12,66,16,94,90,56,110,31,287,34,12,46,333
09/20/2011,BOI,ID,ANM,WE,Combined TRACON& Tower with Radar,94,40,30,17,181,0,16,71,28,115,94,56,101,45,296,72,22,94,390
09/21/2011,BOI,ID,ANM,WE,Combined TRACON& Tower with Radar,95,44,43,37,219,0,13,89,23,125,95,57,132,60,344,80,34,114,458
09/22/2011,BOI,ID,ANM,WE,Combined TRACON& Tower with Radar,98,51,54,23,226,0,14,88,37,139,98,65,142,60,365,84,12,96,461
09/23/2011,BOI,ID,ANM,WE,Combined TRACON& Tower with Radar,98,46,45,13,202,0,7,82,7,96,98,53,127,20,298,74,12,86,384
09/24/2011,BOI,ID,ANM,WE,Combined TRACON& Tower with Radar,86,23,30,0,139,0,6,86,0,92,86,29,116,0,231,44,4,48,279
09/25/2011,BOI,ID,ANM,WE,Combined TRACON& Tower with Radar,85,38,19,4,146,0,5,58,1,64,85,43,77,5,210,50,0,50,260
09/26/2011,BOI,ID,ANM,WE,Combined TRACON& Tower with Radar,92,46,38,10,186,0,16,71,14,101,92,62,109,24,287,100,2,102,389
09/27/2011,BOI,ID,ANM,WE,Combined TRACON& Tower with Radar,98,44,32,14,188,0,10,73,23,106,98,54,105,37,294,46,4,50,344
09/28/2011,BOI,ID,ANM,WE,Combined TRACON& Tower with Radar,94,55,54,10,213,0,12,98,24,134,94,67,152,34,347,62,10,72,419
09/29/2011,BOI,ID,ANM,WE,Combined TRACON& Tower with Radar,99,48,51,17,215,0,13,75,14,102,99,61,126,31,317,64,6,70,387
09/30/2011,BOI,ID,ANM,WE,Combined TRACON& Tower with Radar,97,41,50,15,203,0,17,100,8,125,97,58,150,23,328,76,16,92,420
10/01/2011,BOI,ID,ANM,WE,Combined TRACON& Tower with Radar,81,14,25,4,124,0,6,57,8,71,81,20,82,12,195,66,0,66,261
10/02/2011,BOI,ID,ANM,WE,Combined TRACON& Tower with Radar,80,35,27,4,146,0,5,80,4,89,80,40,107,8,235,52,0,52,287
10/03/2011,BOI,ID,ANM,WE,Combined TRACON& Tower with Radar,97,41,34,8,180,0,5,70,20,95,97,46,104,28,275,52,14,66,341
10/04/2011,BOI,ID,ANM,WE,Combined TRACON& Tower with Radar,97,44,53,13,207,0,8,38,17,63,97,52,91,30,270,30,14,44,314
10/05/2011,BOI,ID,ANM,WE,Combined TRACON& Tower with Radar,95,48,32,9,184,0,0,20,19,39,95,48,52,28,223,14,8,22,245
10/06/2011,BOI,ID,ANM,WE,Combined TRACON& Tower with Radar,105,60,44,15,224,0,2,16,18,36,105,62,60,33,260,20,26,46,306
10/07/2011,BOI,ID,ANM,WE,Combined TRACON& Tower with Radar,96,50,59,17,222,0,7,40,19,66,96,57,99,36,288,70,4,74,362
10/08/2011,BOI,ID,ANM,WE,Combined TRACON& Tower with Radar,80,15,23,4,122,0,4,89,2,95,80,19,112,6,217,0,0,0,217
10/09/2011,BOI,ID,ANM,WE,Combined TRACON& Tower with Radar,84,31,25,2,142,0,0,63,3,66,84,31,88,5,208,28,0,28,236
10/10/2011,BOI,ID,ANM,WE,Combined TRACON& Tower with Radar,93,41,29,4,167,0,6,38,0,44,93,47,67,4,211,52,0,52,263
10/11/2011,BOI,ID,ANM,WE,Combined TRACON& Tower with Radar,96,42,19,15,172,0,7,34,23,64,96,49,53,38,236,44,12,56,292
10/12/2011,BOI,ID,ANM,WE,Combined TRACON& Tower with Radar,96,47,29,10,182,0,6,73,20,99,96,53,102,30,281,42,4,46,327
10/13/2011,BOI,ID,ANM,WE,Combined TRACON& Tower with Radar,96,43,59,6,204,0,11,70,17,98,96,54,129,23,302,84,8,92,394
10/14/2011,BOI,ID,ANM,WE,Combined TRACON& Tower with Radar,96,36,38,8,178,0,8,81,12,101,96,44,119,20,279,26,2,28,307
10/15/2011,BOI,ID,ANM,WE,Combined TRACON& Tower with Radar,78,26,26,14,144,0,2,54,5,61,78,28,80,19,205,74,0,74,279
10/16/2011,BOI,ID,ANM,WE,Combined TRACON& Tower with Radar,89,34,24,9,156,0,0,16,1,17,89,34,40,10,173,6,0,6,179
10/17/2011,BOI,ID,ANM,WE,Combined TRACON& Tower with Radar,94,43,46,15,198,0,6,41,16,63,94,49,87,31,261,84,18,102,363
10/18/2011,BOI,ID,ANM,WE,Combined TRACON& Tower with Radar,98,44,41,6,189,0,11,85,11,107,98,55,126,17,296,54,6,60,356
10/19/2011,BOI,ID,ANM,WE,Combined TRACON& Tower with Radar,96,44,51,9,200,0,10,62,27,99,96,54,113,36,299,106,6,112,411
10/20/2011,BOI,ID,ANM,WE,Combined TRACON& Tower with Radar,94,46,29,12,181,0,11,52,31,94,94,57,81,43,275,64,16,80,355
10/21/2011,BOI,ID,ANM,WE,Combined TRACON& Tower with Radar,100,48,36,19,203,0,7,60,15,82,100,55,96,34,285,21,4,25,310
10/22/2011,BOI,ID,ANM,WE,Combined TRACON& Tower with Radar,79,15,12,18,124,0,4,73,12,89,79,19,85,30,213,36,34,70,283
10/23/2011,BOI,ID,ANM,WE,Combined TRACON& Tower with Radar,84,31,22,12,149,0,6,59,2,67,84,37,81,14,216,24,0,24,240
10/24/2011,BOI,ID,ANM,WE,Combined TRACON& Tower with Radar,93,41,29,20,183,0,6,32,25,63,93,47,61,45,246,44,18,62,308
10/25/2011,BOI,ID,ANM,WE,Combined TRACON& Tower with Radar,95,42,40,25,202,0,4,48,23,75,95,46,88,48,277,64,30,94,371
10/26/2011,BOI,ID,ANM,WE,Combined TRACON& Tower with Radar,96,39,48,18,201,0,8,52,14,74,96,47,100,32,275,76,14,90,365
10/27/2011,BOI,ID,ANM,WE,Combined TRACON& Tower with Radar,98,42,43,20,203,0,11,54,15,80,98,53,97,35,283,18,0,18,301
10/28/2011,BOI,ID,ANM,WE,Combined TRACON& Tower with Radar,96,43,52,13,204,0,8,94,9,111,96,51,146,22,315,90,6,96,411
10/29/2011,BOI,ID,ANM,WE,Combined TRACON& Tower with Radar,81,29,19,3,132,0,6,42,2,50,81,35,61,5,182,0,0,0,182
10/30/2011,BOI,ID,ANM,WE,Combined TRACON& Tower with Radar,86,29,28,3,146,0,4,60,0,64,86,33,88,3,210,102,1,103,313
10/31/2011,BOI,ID,ANM,WE,Combined TRACON& Tower with Radar,92,46,31,2,171,0,3,32,8,43,92,49,63,10,214,0,0,0,214
11/01/2011,BOI,ID,ANM,WE,Combined TRACON& Tower with Radar,94,39,39,17,189,0,7,43,19,69,94,46,82,36,258,22,2,24,282
11/02/2011,BOI,ID,ANM,WE,Combined TRACON& Tower with Radar,94,46,41,16,197,0,13,80,22,115,94,59,121,38,312,52,8,60,372
11/03/2011,BOI,ID,ANM,WE,Combined TRACON& Tower with Radar,95,47,45,22,209,0,10,20,15,45,95,57,65,37,254,20,6,26,280
11/04/2011,BOI,ID,ANM,WE,Combined TRACON& Tower with Radar,97,56,31,1,185,0,2,4,0,6,97,58,35,1,191,38,0,38,229
11/05/2011,BOI,ID,ANM,WE,Combined TRACON& Tower with Radar,75,24,20,15,134,0,3,67,11,81,75,27,87,26,215,128,4,132,347
11/06/2011,BOI,ID,ANM,WE,Combined TRACON& Tower with Radar,88,30,25,2,145,0,1,10,8,19,88,31,35,10,164,24,6,30,194
11/07/2011,BOI,ID,ANM,WE,Combined TRACON& Tower with Radar,92,54,41,2,189,0,2,38,7,47,92,56,79,9,236,34,0,34,270
11/08/2011,BOI,ID,ANM,WE,Combined TRACON& Tower with Radar,95,47,38,17,197,0,8,51,19,78,95,55,89,36,275,74,2,76,351
11/09/2011,BOI,ID,ANM,WE,Combined TRACON& Tower with Radar,96,46,55,20,217,0,16,89,24,129,96,62,144,44,346,96,28,124,470
11/10/2011,BOI,ID,ANM,WE,Combined TRACON& Tower with Radar,98,39,67,11,215,0,9,82,22,113,98,48,149,33,328,54,14,68,396
11/11/2011,BOI,ID,ANM,WE,Combined TRACON& Tower with Radar,97,38,42,4,181,0,7,106,4,117,97,45,148,8,298,92,0,92,390
11/12/2011,BOI,ID,ANM,WE,Combined TRACON& Tower with Radar,78,22,27,1,128,0,2,42,1,45,78,24,69,2,173,44,0,44,217
11/13/2011,BOI,ID,ANM,WE,Combined TRACON& Tower with Radar,87,33,22,1,143,0,3,34,0,37,87,36,56,1,180,42,0,42,222
11/14/2011,BOI,ID,ANM,WE,Combined TRACON& Tower with Radar,91,44,37,10,182,0,13,47,10,70,91,57,84,20,252,30,4,34,286
11/15/2011,BOI,ID,ANM,WE,Combined TRACON& Tower with Radar,95,43,37,15,190,0,9,42,22,73,95,52,79,37,263,34,10,44,307
11/16/2011,BOI,ID,ANM,WE,Combined TRACON& Tower with Radar,96,48,46,21,211,0,6,39,28,73,96,54,85,49,284,28,22,50,334
11/17/2011,BOI,ID,ANM,WE,Combined TRACON& Tower with Radar,97,47,42,16,202,0,4,13,18,35,97,51,55,34,237,14,2,16,253
11/18/2011,BOI,ID,ANM,WE,Combined TRACON& Tower with Radar,97,55,28,10,190,0,1,21,5,27,97,56,49,15,217,16,6,22,239
11/19/2011,BOI,ID,ANM,WE,Combined TRACON& Tower with Radar,80,23,15,0,118,0,5,36,0,41,80,28,51,0,159,56,0,56,215
11/20/2011,BOI,ID,ANM,WE,Combined TRACON& Tower with Radar,78,41,22,6,147,0,4,60,5,69,78,45,82,11,216,88,0,88,304
11/21/2011,BOI,ID,ANM,WE,Combined TRACON& Tower with Radar,82,58,39,10,189,0,7,50,18,75,82,65,89,28,264,68,18,86,350
11/22/2011,BOI,ID,ANM,WE,Combined TRACON& Tower with Radar,99,42,58,14,213,0,1,38,18,57,99,43,96,32,270,20,2,22,292
11/23/2011,BOI,ID,ANM,WE,Combined TRACON& Tower with Radar,99,43,40,16,198,0,2,35,15,52,99,45,75,31,250,28,14,42,292
11/24/2011,BOI,ID,ANM,WE,Combined TRACON& Tower with Radar,58,11,7,0,76,0,3,15,0,18,58,14,22,0,94,6,0,6,100
11/25/2011,BOI,ID,ANM,WE,Combined TRACON& Tower with Radar,80,32,8,0,120,0,7,11,0,18,80,39,19,0,138,18,0,18,156
11/26/2011,BOI,ID,ANM,WE,Combined TRACON& Tower with Radar,88,24,18,0,130,0,5,57,0,62,88,29,75,0,192,18,0,18,210
11/27/2011,BOI,ID,ANM,WE,Combined TRACON& Tower with Radar,96,36,43,0,175,0,7,52,0,59,96,43,95,0,234,38,0,38,272
11/28/2011,BOI,ID,ANM,WE,Combined TRACON& Tower with Radar,99,48,48,13,208,0,5,42,15,62,99,53,90,28,270,34,8,42,312
11/29/2011,BOI,ID,ANM,WE,Combined TRACON& Tower with Radar,98,49,40,13,200,0,7,49,19,75,98,56,89,32,275,52,2,54,329
11/30/2011,BOI,ID,ANM,WE,Combined TRACON& Tower with Radar,97,52,46,11,206,0,7,20,15,42,97,59,66,26,248,38,16,54,302
12/01/2011,BOI,ID,ANM,WE,Combined TRACON& Tower with Radar,97,50,35,12,194,0,7,65,29,101,97,57,100,41,295,56,4,60,355
12/02/2011,BOI,ID,ANM,WE,Combined TRACON& Tower with Radar,96,45,35,18,194,0,4,31,20,55,96,49,66,38,249,48,16,64,313
12/03/2011,BOI,ID,ANM,WE,Combined TRACON& Tower with Radar,72,18,19,17,126,0,7,66,6,79,72,25,85,23,205,48,24,72,277
12/04/2011,BOI,ID,ANM,WE,Combined TRACON& Tower with Radar,82,29,24,11,146,0,2,39,7,48,82,31,63,18,194,16,14,30,224
12/05/2011,BOI,ID,ANM,WE,Combined TRACON& Tower with Radar,91,45,26,8,170,0,8,56,21,85,91,53,82,29,255,65,26,91,346
12/06/2011,BOI,ID,ANM,WE,Combined TRACON& Tower with Radar,91,41,40,16,188,0,5,69,24,98,91,46,109,40,286,80,6,86,372
12/07/2011,BOI,ID,ANM,WE,Combined TRACON& Tower with Radar,91,50,51,17,209,0,8,69,13,90,91,58,120,30,299,30,8,38,337
12/08/2011,BOI,ID,ANM,WE,Combined TRACON& Tower with Radar,98,45,32,14,189,0,7,61,13,81,98,52,93,27,270,56,6,62,332
12/09/2011,BOI,ID,ANM,WE,Combined TRACON& Tower with Radar,96,58,53,16,223,0,18,78,13,109,96,76,131,29,332,42,14,56,388
12/10/2011,BOI,ID,ANM,WE,Combined TRACON& Tower with Radar,70,22,35,5,132,0,5,74,1,80,70,27,109,6,212,48,0,48,260
12/11/2011,BOI,ID,ANM,WE,Combined TRACON& Tower with Radar,85,26,18,0,129,0,5,31,0,36,85,31,49,0,165,46,0,46,211
12/12/2011,BOI,ID,ANM,WE,Combined TRACON& Tower with Radar,90,45,45,13,193,0,8,35,16,59,90,53,80,29,252,28,8,36,288
12/13/2011,BOI,ID,ANM,WE,Combined TRACON& Tower with Radar,96,47,58,17,218,0,5,52,26,83,96,52,110,43,301,44,8,52,353
12/14/2011,BOI,ID,ANM,WE,Combined TRACON& Tower with Radar,91,53,45,13,202,0,3,42,25,70,91,56,87,38,272,66,4,70,342
12/15/2011,BOI,ID,ANM,WE,Combined TRACON& Tower with Radar,98,52,39,16,205,0,5,31,31,67,98,57,70,47,272,34,0,34,306
12/16/2011,BOI,ID,ANM,WE,Combined TRACON& Tower with Radar,90,60,41,11,202,0,4,80,10,94,90,64,121,21,296,192,18,210,506
12/17/2011,BOI,ID,ANM,WE,Combined TRACON& Tower with Radar,80,34,25,0,139,0,5,78,1,84,80,39,103,1,223,0,0,0,223
12/18/2011,BOI,ID,ANM,WE,Combined TRACON& Tower with Radar,91,32,22,1,146,0,1,65,1,67,91,33,87,2,213,116,0,116,329
12/19/2011,BOI,ID,ANM,WE,Combined TRACON& Tower with Radar,92,46,34,7,179,0,5,63,16,84,92,51,97,23,263,126,10,136,399
12/20/2011,BOI,ID,ANM,WE,Combined TRACON& Tower with Radar,98,56,37,8,199,0,5,70,11,86,98,61,107,19,285,104,2,106,391
12/21/2011,BOI,ID,ANM,WE,Combined TRACON& Tower with Radar,99,49,44,12,204,0,4,73,17,94,99,53,117,29,298,92,8,100,398
12/22/2011,BOI,ID,ANM,WE,Combined TRACON& Tower with Radar,103,38,46,13,200,0,7,100,4,111,103,45,146,17,311,118,6,124,435
12/23/2011,BOI,ID,ANM,WE,Combined TRACON& Tower with Radar,104,52,37,0,193,0,1,124,0,125,104,53,161,0,318,194,0,194,512
12/24/2011,BOI,ID,ANM,WE,Combined TRACON& Tower with Radar,76,27,16,0,119,0,5,66,0,71,76,32,82,0,190,58,0,58,248
12/25/2011,BOI,ID,ANM,WE,Combined TRACON& Tower with Radar,59,33,3,0,95,0,4,18,0,22,59,37,21,0,117,42,0,42,159
12/26/2011,BOI,ID,ANM,WE,Combined TRACON& Tower with Radar,91,28,19,0,138,0,3,102,0,105,91,31,121,0,243,114,0,114,357
12/27/2011,BOI,ID,ANM,WE,Combined TRACON& Tower with Radar,93,53,30,2,178,0,3,61,6,70,93,56,91,8,248,84,6,90,338
12/28/2011,BOI,ID,ANM,WE,Combined TRACON& Tower with Radar,101,61,17,3,182,0,0,35,3,38,101,61,52,6,220,50,0,50,270
12/29/2011,BOI,ID,ANM,WE,Combined TRACON& Tower with Radar,95,51,29,7,182,0,7,44,10,61,95,58,73,17,243,62,6,68,311
12/30/2011,BOI,ID,ANM,WE,Combined TRACON& Tower with Radar,99,41,29,0,169,0,6,12,0,18,99,47,41,0,187,12,0,12,199
12/31/2011,BOI,ID,ANM,WE,Combined TRACON& Tower with Radar,72,26,12,0,110,0,10,77,0,87,72,36,89,0,197,128,0,128,325
01/01/2012,BOI,ID,ANM,WE,Combined TRACON& Tower with Radar,66,30,11,0,107,0,7,57,0,64,66,37,68,0,171,70,0,70,241
01/02/2012,BOI,ID,ANM,WE,Combined TRACON& Tower with Radar,91,27,23,0,141,0,6,57,0,63,91,33,80,0,204,70,0,70,274
01/03/2012,BOI,ID,ANM,WE,Combined TRACON& Tower with Radar,96,39,36,3,174,0,8,58,8,74,96,47,94,11,248,68,6,74,322
01/04/2012,BOI,ID,ANM,WE,Combined TRACON& Tower with Radar,92,42,38,6,178,0,2,61,18,81,92,44,99,24,259,52,6,58,317
01/05/2012,BOI,ID,ANM,WE,Combined TRACON& Tower with Radar,96,42,33,6,177,0,6,65,8,79,96,48,98,14,256,112,4,116,372
01/06/2012,BOI,ID,ANM,WE,Combined TRACON& Tower with Radar,94,41,38,3,176,0,9,45,0,54,94,50,83,3,230,90,0,90,320
01/07/2012,BOI,ID,ANM,WE,Combined TRACON& Tower with Radar,80,13,20,5,118,0,2,29,3,34,80,15,49,8,152,78,0,78,230
01/08/2012,BOI,ID,ANM,WE,Combined TRACON& Tower with Radar,79,27,16,15,137,0,2,53,9,64,79,29,69,24,201,26,14,40,241
01/09/2012,BOI,ID,ANM,WE,Combined TRACON& Tower with Radar,85,29,40,2,156,0,4,54,10,68,85,33,94,12,224,88,2,90,314
01/10/2012,BOI,ID,ANM,WE,Combined TRACON& Tower with Radar,83,34,48,16,181,0,2,21,11,34,83,36,69,27,215,60,18,78,293
01/11/2012,BOI,ID,ANM,WE,Combined TRACON& Tower with Radar,83,31,46,20,180,0,4,64,10,78,83,35,110,30,258,38,15,53,311
01/12/2012,BOI,ID,ANM,WE,Combined TRACON& Tower with Radar,63,23,31,11,128,0,5,36,24,65,63,28,67,35,193,40,24,64,257
01/13/2012,BOI,ID,ANM,WE,Combined TRACON& Tower with Radar,88,33,54,12,187,0,5,55,12,72,88,38,109,24,259,50,6,56,315
01/14/2012,BOI,ID,ANM,WE,Combined TRACON& Tower with Radar,69,15,15,2,101,0,6,67,2,75,69,21,82,4,176,78,0,78,254
01/15/2012,BOI,ID,ANM,WE,Combined TRACON& Tower with Radar,71,25,21,0,117,0,3,30,0,33,71,28,51,0,150,40,0,40,190
01/16/2012,BOI,ID,ANM,WE,Combined TRACON& Tower with Radar,84,26,29,3,142,0,4,35,0,39,84,30,64,3,181,0,0,0,181
01/17/2012,BOI,ID,ANM,WE,Combined TRACON& Tower with Radar,84,33,44,13,174,0,4,30,18,52,84,37,74,31,226,8,6,14,240
01/18/2012,BOI,ID,ANM,WE,Combined TRACON& Tower with Radar,73,32,24,0,129,0,0,0,0,0,73,32,24,0,129,0,0,0,129
01/19/2012,BOI,ID,ANM,WE,Combined TRACON& Tower with Radar,81,42,64,4,191,0,0,11,1,12,81,42,75,5,203,8,0,8,211
01/20/2012,BOI,ID,ANM,WE,Combined TRACON& Tower with Radar,79,38,69,10,196,0,4,37,9,50,79,42,106,19,246,56,6,62,308
01/21/2012,BOI,ID,ANM,WE,Combined TRACON& Tower with Radar,80,12,14,2,108,0,1,13,0,14,80,13,27,2,122,20,0,20,142
01/22/2012,BOI,ID,ANM,WE,Combined TRACON& Tower with Radar,83,24,32,2,141,2,4,18,0,24,85,28,50,2,165,68,0,68,233
01/23/2012,BOI,ID,ANM,WE,Combined TRACON& Tower with Radar,84,44,39,3,170,0,4,0,2,6,84,48,39,5,176,0,2,2,178
01/24/2012,BOI,ID,ANM,WE,Combined TRACON& Tower with Radar,87,29,55,8,179,0,3,26,11,40,87,32,81,19,219,58,4,62,281
01/25/2012,BOI,ID,ANM,WE,Combined TRACON& Tower with Radar,84,41,58,6,189,0,4,42,21,67,84,45,100,27,256,34,0,34,290
01/26/2012,BOI,ID,ANM,WE,Combined TRACON& Tower with Radar,94,36,52,7,189,0,3,32,22,57,94,39,84,29,246,36,10,46,292
01/27/2012,BOI,ID,ANM,WE,Combined TRACON& Tower with Radar,88,35,65,5,193,0,12,75,4,91,88,47,140,9,284,32,2,34,318
01/28/2012,BOI,ID,ANM,WE,Combined TRACON& Tower with Radar,77,18,19,4,118,0,5,56,0,61,77,23,75,4,179,96,0,96,275
01/29/2012,BOI,ID,ANM,WE,Combined TRACON& Tower with Radar,78,28,16,5,127,0,3,48,0,51,78,31,64,5,178,57,8,65,243
01/30/2012,BOI,ID,ANM,WE,Combined TRACON& Tower with Radar,82,32,42,6,162,0,2,45,14,61,82,34,87,20,223,34,2,36,259
01/31/2012,BOI,ID,ANM,WE,Combined TRACON& Tower with Radar,83,32,36,13,164,0,4,54,16,74,83,36,90,29,238,54,2,56,294
02/01/2012,BOI,ID,ANM,WE,Combined TRACON& Tower with Radar,87,29,36,6,158,0,2,23,7,32,87,31,59,13,190,22,2,24,214
02/02/2012,BOI,ID,ANM,WE,Combined TRACON& Tower with Radar,90,31,37,7,165,0,8,54,8,70,90,39,91,15,235,14,0,14,249
02/03/2012,BOI,ID,ANM,WE,Combined TRACON& Tower with Radar,83,27,48,6,164,0,9,56,2,67,83,36,104,8,231,28,0,28,259
02/04/2012,BOI,ID,ANM,WE,Combined TRACON& Tower with Radar,74,12,16,17,119,0,6,66,7,79,74,18,82,24,198,76,4,80,278
02/05/2012,BOI,ID,ANM,WE,Combined TRACON& Tower with Radar,81,24,19,8,132,0,3,35,4,42,81,27,54,12,174,26,4,30,204
02/06/2012,BOI,ID,ANM,WE,Combined TRACON& Tower with Radar,86,18,43,9,156,0,10,53,13,76,86,28,96,22,232,36,0,36,268
02/07/2012,BOI,ID,ANM,WE,Combined TRACON& Tower with Radar,84,31,38,11,164,0,2,52,10,64,84,33,90,21,228,68,4,72,300
02/08/2012,BOI,ID,ANM,WE,Combined TRACON& Tower with Radar,90,31,43,13,177,0,5,45,16,66,90,36,88,29,243,64,0,64,307
02/09/2012,BOI,ID,ANM,WE,Combined TRACON& Tower with Radar,92,42,44,24,202,0,5,43,14,62,92,47,87,38,264,100,20,120,384
02/10/2012,BOI,ID,ANM,WE,Combined TRACON& Tower with Radar,88,35,41,17,181,0,4,45,18,67,88,39,86,35,248,90,8,98,346
02/11/2012,BOI,ID,ANM,WE,Combined TRACON& Tower with Radar,73,20,22,5,120,0,1,17,6,24,73,21,39,11,144,40,0,40,184
02/12/2012,BOI,ID,ANM,WE,Combined TRACON& Tower with Radar,84,20,20,11,135,0,0,41,8,49,84,20,61,19,184,36,0,36,220
02/13/2012,BOI,ID,ANM,WE,Combined TRACON& Tower with Radar,85,26,35,9,155,0,3,33,20,56,85,29,68,29,211,18,6,24,235
02/14/2012,BOI,ID,ANM,WE,Combined TRACON& Tower with Radar,84,34,44,8,170,0,7,31,14,52,84,41,75,22,222,50,6,56,278
02/15/2012,BOI,ID,ANM,WE,Combined TRACON& Tower with Radar,82,33,56,15,186,0,6,36,13,55,82,39,92,28,241,96,2,98,339
02/16/2012,BOI,ID,ANM,WE,Combined TRACON& Tower with Radar,93,37,46,11,187,0,8,49,17,74,93,45,95,28,261,54,2,56,317
02/17/2012,BOI,ID,ANM,WE,Combined TRACON& Tower with Radar,88,45,58,12,203,0,4,66,8,78,88,49,124,20,281,60,6,66,347
02/18/2012,BOI,ID,ANM,WE,Combined TRACON& Tower with Radar,69,22,26,0,117,0,3,7,0,10,69,25,33,0,127,2,0,2,129
02/19/2012,BOI,ID,ANM,WE,Combined TRACON& Tower with Radar,72,21,33,0,126,0,5,33,0,38,72,26,66,0,164,28,0,28,192
02/20/2012,BOI,ID,ANM,WE,Combined TRACON& Tower with Radar,88,38,28,0,154,0,3,20,0,23,88,41,48,0,177,24,0,24,201
02/21/2012,BOI,ID,ANM,WE,Combined TRACON& Tower with Radar,84,42,35,7,168,0,2,17,3,22,84,44,52,10,190,26,4,30,220
02/22/2012,BOI,ID,ANM,WE,Combined TRACON& Tower with Radar,90,29,47,8,174,0,0,10,8,18,90,29,57,16,192,12,6,18,210
02/23/2012,BOI,ID,ANM,WE,Combined TRACON& Tower with Radar,90,40,69,16,215,0,4,63,20,87,90,44,132,36,302,36,0,36,338
02/24/2012,BOI,ID,ANM,WE,Combined TRACON& Tower with Radar,88,38,45,18,189,0,4,73,10,87,88,42,118,28,276,28,6,34,310
02/25/2012,BOI,ID,ANM,WE,Combined TRACON& Tower with Radar,72,19,22,7,120,0,3,10,2,15,72,22,32,9,135,22,0,22,157
02/26/2012,BOI,ID,ANM,WE,Combined TRACON& Tower with Radar,70,25,33,4,132,0,1,55,0,56,70,26,88,4,188,50,0,50,238
02/27/2012,BOI,ID,ANM,WE,Combined TRACON& Tower with Radar,87,32,40,9,168,0,5,38,8,51,87,37,78,17,219,40,4,44,263
02/28/2012,BOI,ID,ANM,WE,Combined TRACON& Tower with Radar,86,32,41,9,168,0,3,58,12,73,86,35,99,21,241,68,12,80,321
02/29/2012,BOI,ID,ANM,WE,Combined TRACON& Tower with Radar,92,33,27,9,161,0,8,29,7,44,92,41,56,16,205,46,6,52,257
03/01/2012,BOI,ID,ANM,WE,Combined TRACON& Tower with Radar,90,35,48,0,173,0,6,21,3,30,90,41,69,3,203,0,0,0,203
03/02/2012,BOI,ID,ANM,WE,Combined TRACON& Tower with Radar,93,36,63,9,201,0,6,65,15,86,93,42,128,24,287,52,4,56,343
03/03/2012,BOI,ID,ANM,WE,Combined TRACON& Tower with Radar,75,14,45,4,138,0,3,68,8,79,75,17,113,12,217,68,0,68,285
03/04/2012,BOI,ID,ANM,WE,Combined TRACON& Tower with Radar,80,17,32,10,139,0,6,72,4,82,80,23,104,14,221,62,0,62,283
03/05/2012,BOI,ID,ANM,WE,Combined TRACON& Tower with Radar,84,30,44,3,161,0,8,59,5,72,84,38,103,8,233,110,4,114,347
03/06/2012,BOI,ID,ANM,WE,Combined TRACON& Tower with Radar,92,37,40,14,183,0,2,14,14,30,92,39,54,28,213,4,12,16,229
03/07/2012,BOI,ID,ANM,WE,Combined TRACON& Tower with Radar,90,41,56,17,204,0,8,73,23,104,90,49,129,40,308,44,4,48,356
03/08/2012,BOI,ID,ANM,WE,Combined TRACON& Tower with Radar,91,34,67,17,209,0,5,91,13,109,91,39,158,30,318,88,4,92,410
03/09/2012,BOI,ID,ANM,WE,Combined TRACON& Tower with Radar,88,36,59,18,201,0,6,74,23,103,88,42,133,41,304,102,4,106,410
03/10/2012,BOI,ID,ANM,WE,Combined TRACON& Tower with Radar,77,19,31,4,131,0,11,105,1,117,77,30,136,5,248,100,2,102,350
03/11/2012,BOI,ID,ANM,WE,Combined TRACON& Tower with Radar,84,18,31,6,139,0,2,22,0,24,84,20,53,6,163,18,0,18,181
03/12/2012,BOI,ID,ANM,WE,Combined TRACON& Tower with Radar,80,36,54,18,188,0,4,47,17,68,80,40,101,35,256,68,12,80,336
03/13/2012,BOI,ID,ANM,WE,Combined TRACON& Tower with Radar,91,42,46,10,189,0,3,15,19,37,91,45,61,29,226,10,2,12,238
03/14/2012,BOI,ID,ANM,WE,Combined TRACON& Tower with Radar,90,35,34,8,167,0,5,17,14,36,90,40,51,22,203,84,6,90,293
03/15/2012,BOI,ID,ANM,WE,Combined TRACON& Tower with Radar,100,41,64,12,217,4,2,51,17,74,104,43,115,29,291,44,2,46,337
03/16/2012,BOI,ID,ANM,WE,Combined TRACON& Tower with Radar,90,40,49,15,194,0,4,30,21,55,90,44,79,36,249,90,8,98,347
03/17/2012,BOI,ID,ANM,WE,Combined TRACON& Tower with Radar,78,28,26,2,134,0,2,49,4,55,78,30,75,6,189,64,0,64,253
03/18/2012,BOI,ID,ANM,WE,Combined TRACON& Tower with Radar,81,30,7,4,122,0,0,3,0,3,81,30,10,4,125,2,0,2,127
03/19/2012,BOI,ID,ANM,WE,Combined TRACON& Tower with Radar,86,41,70,7,204,0,6,69,18,93,86,47,139,25,297,40,6,46,343
03/20/2012,BOI,ID,ANM,WE,Combined TRACON& Tower with Radar,88,40,33,6,167,0,1,12,3,16,88,41,45,9,183,54,4,58,241
03/21/2012,BOI,ID,ANM,WE,Combined TRACON& Tower with Radar,87,37,70,12,206,0,5,67,33,105,87,42,137,45,311,104,8,112,423
03/22/2012,BOI,ID,ANM,WE,Combined TRACON& Tower with Radar,90,35,70,14,209,0,8,70,26,104,90,43,140,40,313,46,13,59,372
03/23/2012,BOI,ID,ANM,WE,Combined TRACON& Tower with Radar,88,41,49,9,187,0,3,43,17,63,88,44,92,26,250,74,30,104,354
03/24/2012,BOI,ID,ANM,WE,Combined TRACON& Tower with Radar,77,22,32,5,136,0,5,86,2,93,77,27,118,7,229,100,0,100,329
03/25/2012,BOI,ID,ANM,WE,Combined TRACON& Tower with Radar,78,23,25,0,126,0,5,39,0,44,78,28,64,0,170,14,0,14,184
03/26/2012,BOI,ID,ANM,WE,Combined TRACON& Tower with Radar,84,30,26,8,148,0,1,10,8,19,84,31,36,16,167,14,10,24,191
03/27/2012,BOI,ID,ANM,WE,Combined TRACON& Tower with Radar,91,26,36,7,160,0,6,60,15,81,91,32,96,22,241,60,8,68,309
03/28/2012,BOI,ID,ANM,WE,Combined TRACON& Tower with Radar,89,32,35,8,164,0,6,26,5,37,89,38,61,13,201,56,10,66,267
03/29/2012,BOI,ID,ANM,WE,Combined TRACON& Tower with Radar,89,35,25,13,162,0,1,18,8,27,89,36,43,21,189,36,8,44,233
03/30/2012,BOI,ID,ANM,WE,Combined TRACON& Tower with Radar,86,47,53,8,194,0,7,30,8,45,86,54,83,16,239,34,0,34,273
03/31/2012,BOI,ID,ANM,WE,Combined TRACON& Tower with Radar,79,19,31,1,130,0,3,35,0,38,79,22,66,1,168,56,0,56,224
04/01/2012,BOI,ID,ANM,WE,Combined TRACON& Tower with Radar,77,26,27,1,131,0,3,21,0,24,77,29,48,1,155,34,0,34,189
04/02/2012,BOI,ID,ANM,WE,Combined TRACON& Tower with Radar,85,30,52,3,170,0,5,84,5,94,85,35,136,8,264,96,6,102,366
04/03/2012,BOI,ID,ANM,WE,Combined TRACON& Tower with Radar,87,28,54,6,175,0,2,63,6,71,87,30,117,12,246,78,0,78,324
04/04/2012,BOI,ID,ANM,WE,Combined TRACON& Tower with Radar,90,36,44,7,177,0,5,43,6,54,90,41,87,13,231,68,2,70,301
04/05/2012,BOI,ID,ANM,WE,Combined TRACON& Tower with Radar,87,41,43,7,178,0,13,58,11,82,87,54,101,18,260,108,0,108,368
04/06/2012,BOI,ID,ANM,WE,Combined TRACON& Tower with Radar,95,33,39,8,175,0,5,59,3,67,95,38,98,11,242,86,0,86,328
04/07/2012,BOI,ID,ANM,WE,Combined TRACON& Tower with Radar,71,17,23,2,113,0,7,61,3,71,71,24,84,5,184,80,0,80,264
04/08/2012,BOI,ID,ANM,WE,Combined TRACON& Tower with Radar,76,17,10,2,105,0,3,43,0,46,76,20,53,2,151,28,0,28,179
04/09/2012,BOI,ID,ANM,WE,Combined TRACON& Tower with Radar,82,38,62,3,185,0,12,80,5,97,82,50,142,8,282,84,18,102,384
04/10/2012,BOI,ID,ANM,WE,Combined TRACON& Tower with Radar,90,24,53,8,175,0,4,51,7,62,90,28,104,15,237,76,0,76,313
04/11/2012,BOI,ID,ANM,WE,Combined TRACON& Tower with Radar,87,29,43,4,163,0,0,55,11,66,87,29,98,15,229,32,0,32,261
04/12/2012,BOI,ID,ANM,WE,Combined TRACON& Tower with Radar,90,44,58,5,197,0,6,47,8,61,90,50,105,13,258,24,0,24,282
04/13/2012,BOI,ID,ANM,WE,Combined TRACON& Tower with Radar,87,37,43,13,180,0,5,65,1,71,87,42,108,14,251,120,0,120,371
04/14/2012,BOI,ID,ANM,WE,Combined TRACON& Tower with Radar,75,18,29,12,134,0,3,35,5,43,75,21,64,17,177,60,0,60,237
04/15/2012,BOI,ID,ANM,WE,Combined TRACON& Tower with Radar,77,18,22,12,129,0,3,61,3,67,77,21,83,15,196,56,0,56,252
04/16/2012,BOI,ID,ANM,WE,Combined TRACON& Tower with Radar,84,35,38,1,158,1,7,42,0,50,85,42,80,1,208,70,0,70,278
04/17/2012,BOI,ID,ANM,WE,Combined TRACON& Tower with Radar,87,30,41,8,166,0,0,61,4,65,87,30,102,12,231,106,2,108,339
04/18/2012,BOI,ID,ANM,WE,Combined TRACON& Tower with Radar,90,29,55,9,183,0,2,41,22,65,90,31,96,31,248,34,4,38,286
04/19/2012,BOI,ID,ANM,WE,Combined TRACON& Tower with Radar,89,41,49,11,190,0,9,35,7,51,89,50,84,18,241,46,18,64,305
04/20/2012,BOI,ID,ANM,WE,Combined TRACON& Tower with Radar,88,42,34,13,177,0,3,73,3,79,88,45,107,16,256,82,0,82,338
04/21/2012,BOI,ID,ANM,WE,Combined TRACON& Tower with Radar,76,19,16,6,117,0,8,114,3,125,76,27,130,9,242,48,0,48,290
04/22/2012,BOI,ID,ANM,WE,Combined TRACON& Tower with Radar,75,23,13,6,117,0,5,66,4,75,75,28,79,10,192,74,0,74,266
04/23/2012,BOI,ID,ANM,WE,Combined TRACON& Tower with Radar,85,39,34,0,158,0,7,52,2,61,85,46,86,2,219,72,0,72,291
04/24/2012,BOI,ID,ANM,WE,Combined TRACON& Tower with Radar,86,34,42,13,175,0,4,60,7,71,86,38,102,20,246,52,6,58,304
04/25/2012,BOI,ID,ANM,WE,Combined TRACON& Tower with Radar,90,32,58,11,191,0,6,72,6,84,90,38,130,17,275,66,0,66,341
04/26/2012,BOI,ID,ANM,WE,Combined TRACON& Tower with Radar,86,48,49,13,196,0,9,12,1,22,86,57,61,14,218,32,6,38,256
04/27/2012,BOI,ID,ANM,WE,Combined TRACON& Tower with Radar,92,32,50,15,189,0,6,47,2,55,92,38,97,17,244,72,0,72,316
04/28/2012,BOI,ID,ANM,WE,Combined TRACON& Tower with Radar,85,16,18,22,141,0,12,69,5,86,85,28,87,27,227,62,6,68,295
04/29/2012,BOI,ID,ANM,WE,Combined TRACON& Tower with Radar,78,26,26,13,143,0,4,70,6,80,78,30,96,19,223,98,0,98,321
04/30/2012,BOI,ID,ANM,WE,Combined TRACON& Tower with Radar,80,36,41,6,163,0,6,34,7,47,80,42,75,13,210,106,44,150,360
05/01/2012,BOI,ID,ANM,WE,Combined TRACON& Tower with Radar,82,31,58,18,189,0,4,88,9,101,82,35,146,27,290,128,6,134,424
05/02/2012,BOI,ID,ANM,WE,Combined TRACON& Tower with Radar,87,33,40,12,172,0,4,62,19,85,87,37,102,31,257,54,2,56,313
05/03/2012,BOI,ID,ANM,WE,Combined TRACON& Tower with Radar,87,33,42,11,173,0,2,31,10,43,87,35,73,21,216,52,14,66,282
05/04/2012,BOI,ID,ANM,WE,Combined TRACON& Tower with Radar,87,33,45,7,172,0,6,27,5,38,87,39,72,12,210,86,0,86,296
05/05/2012,BOI,ID,ANM,WE,Combined TRACON& Tower with Radar,73,15,17,11,116,0,4,48,23,75,73,19,65,34,191,36,6,42,233
05/06/2012,BOI,ID,ANM,WE,Combined TRACON& Tower with Radar,84,23,25,5,137,0,5,68,9,82,84,28,93,14,219,68,0,68,287
05/07/2012,BOI,ID,ANM,WE,Combined TRACON& Tower with Radar,84,30,43,1,158,0,7,74,13,94,84,37,117,14,252,182,6,188,440
05/08/2012,BOI,ID,ANM,WE,Combined TRACON& Tower with Radar,82,32,34,14,162,0,11,91,12,114,82,43,125,26,276,80,2,82,358
05/09/2012,BOI,ID,ANM,WE,Combined TRACON& Tower with Radar,86,32,49,13,180,0,11,75,14,100,86,43,124,27,280,72,24,96,376
05/10/2012,BOI,ID,ANM,WE,Combined TRACON& Tower with Radar,89,34,35,8,166,0,11,63,9,83,89,45,98,17,249,106,18,124,373
05/11/2012,BOI,ID,ANM,WE,Combined TRACON& Tower with Radar,89,32,48,7,176,0,9,113,8,130,89,41,161,15,306,0,0,0,306
05/12/2012,BOI,ID,ANM,WE,Combined TRACON& Tower with Radar,73,14,21,8,116,0,10,97,8,115,73,24,118,16,231,80,0,80,311
05/13/2012,BOI,ID,ANM,WE,Combined TRACON& Tower with Radar,76,23,15,1,115,0,5,65,3,73,76,28,80,4,188,20,4,24,212
05/14/2012,BOI,ID,ANM,WE,Combined TRACON& Tower with Radar,86,33,42,10,171,0,5,69,11,85,86,38,111,21,256,96,4,100,356
05/15/2012,BOI,ID,ANM,WE,Combined TRACON& Tower with Radar,87,35,47,14,183,0,7,55,7,69,87,42,102,21,252,70,2,72,324
05/16/2012,BOI,ID,ANM,WE,Combined TRACON& Tower with Radar,92,31,59,12,194,0,4,84,14,102,92,35,143,26,296,52,2,54,350
05/17/2012,BOI,ID,ANM,WE,Combined TRACON& Tower with Radar,93,37,51,11,192,0,5,82,25,112,93,42,133,36,304,46,16,62,366
05/18/2012,BOI,ID,ANM,WE,Combined TRACON& Tower with Radar,95,36,42,8,181,0,6,64,6,76,95,42,106,14,257,66,6,72,329
05/19/2012,BOI,ID,ANM,WE,Combined TRACON& Tower with Radar,79,15,21,1,116,0,4,81,3,88,79,19,102,4,204,98,0,98,302
05/20/2012,BOI,ID,ANM,WE,Combined TRACON& Tower with Radar,79,19,18,3,119,0,4,67,0,71,79,23,85,3,190,56,0,56,246
05/21/2012,BOI,ID,ANM,WE,Combined TRACON& Tower with Radar,91,33,43,2,169,0,14,58,5,77,91,47,101,7,246,48,10,58,304
05/22/2012,BOI,ID,ANM,WE,Combined TRACON& Tower with Radar,88,39,46,9,182,0,2,38,10,50,88,41,84,19,232,66,8,74,306
05/23/2012,BOI,ID,ANM,WE,Combined TRACON& Tower with Radar,86,32,72,11,201,0,7,51,11,69,86,39,123,22,270,68,0,68,338
05/24/2012,BOI,ID,ANM,WE,Combined TRACON& Tower with Radar,95,41,58,8,202,0,5,67,7,79,95,46,125,15,281,36,8,44,325
05/25/2012,BOI,ID,ANM,WE,Combined TRACON& Tower with Radar,93,37,36,8,174,0,4,36,0,40,93,41,72,8,214,28,0,28,242
05/26/2012,BOI,ID,ANM,WE,Combined TRACON& Tower with Radar,72,21,21,2,116,0,5,14,0,19,72,26,35,2,135,4,0,4,139
05/27/2012,BOI,ID,ANM,WE,Combined TRACON& Tower with Radar,61,19,35,5,120,0,15,22,2,39,61,34,57,7,159,60,0,60,219
05/28/2012,BOI,ID,ANM,WE,Combined TRACON& Tower with Radar,76,29,25,6,136,0,9,82,7,98,76,38,107,13,234,46,0,46,280
05/29/2012,BOI,ID,ANM,WE,Combined TRACON& Tower with Radar,87,42,31,12,172,0,5,73,12,90,87,47,104,24,262,58,2,60,322
05/30/2012,BOI,ID,ANM,WE,Combined TRACON& Tower with Radar,89,32,53,16,190,0,6,87,18,111,89,38,140,34,301,66,10,76,377
05/31/2012,BOI,ID,ANM,WE,Combined TRACON& Tower with Radar,92,44,56,17,209,0,12,110,16,138,92,56,166,33,347,68,52,120,467
06/01/2012,BOI,ID,ANM,WE,Combined TRACON& Tower with Radar,93,38,56,11,198,0,10,97,16,123,93,48,153,27,321,22,0,22,343
06/02/2012,BOI,ID,ANM,WE,Combined TRACON& Tower with Radar,75,19,17,13,124,0,9,65,25,99,75,28,82,38,223,50,8,58,281
06/03/2012,BOI,ID,ANM,WE,Combined TRACON& Tower with Radar,78,21,17,2,118,0,5,53,11,69,78,26,70,13,187,28,0,28,215
06/04/2012,BOI,ID,ANM,WE,Combined TRACON& Tower with Radar,92,30,34,0,156,0,12,49,7,68,92,42,83,7,224,56,0,56,280
06/05/2012,BOI,ID,ANM,WE,Combined TRACON& Tower with Radar,95,37,44,9,185,0,7,46,6,59,95,44,90,15,244,79,2,81,325
06/06/2012,BOI,ID,ANM,WE,Combined TRACON& Tower with Radar,90,25,50,15,180,0,15,97,18,130,90,40,147,33,310,78,2,80,390
06/07/2012,BOI,ID,ANM,WE,Combined TRACON& Tower with Radar,97,32,42,18,189,0,9,75,17,101,97,41,117,35,290,50,16,66,356
06/08/2012,BOI,ID,ANM,WE,Combined TRACON& Tower with Radar,99,36,37,7,179,0,11,73,5,89,99,47,110,12,268,36,4,40,308
06/09/2012,BOI,ID,ANM,WE,Combined TRACON& Tower with Radar,81,22,22,10,135,0,10,41,1,52,81,32,63,11,187,52,2,54,241
06/10/2012,BOI,ID,ANM,WE,Combined TRACON& Tower with Radar,89,24,26,6,145,0,10,77,0,87,89,34,103,6,232,96,4,100,332
06/11/2012,BOI,ID,ANM,WE,Combined TRACON& Tower with Radar,97,30,46,10,183,0,10,85,13,108,97,40,131,23,291,72,16,88,379
06/12/2012,BOI,ID,ANM,WE,Combined TRACON& Tower with Radar,100,31,51,12,194,0,9,96,14,119,100,40,147,26,313,68,4,72,385
06/13/2012,BOI,ID,ANM,WE,Combined TRACON& Tower with Radar,103,27,58,10,198,0,7,102,14,123,103,34,160,24,321,48,16,64,385
06/14/2012,BOI,ID,ANM,WE,Combined TRACON& Tower with Radar,102,28,67,17,214,0,8,135,13,156,102,36,202,30,370,34,2,36,406
06/15/2012,BOI,ID,ANM,WE,Combined TRACON& Tower with Radar,101,26,34,8,169,0,14,102,3,119,101,40,136,11,288,0,0,0,288
06/16/2012,BOI,ID,ANM,WE,Combined TRACON& Tower with Radar,83,19,11,1,114,0,12,88,2,102,83,31,99,3,216,76,0,76,292
06/17/2012,BOI,ID,ANM,WE,Combined TRACON& Tower with Radar,86,23,23,1,133,0,4,52,1,57,86,27,75,2,190,32,0,32,222
06/18/2012,BOI,ID,ANM,WE,Combined TRACON& Tower with Radar,98,30,44,12,184,0,15,54,10,79,98,45,98,22,263,68,44,112,375
06/19/2012,BOI,ID,ANM,WE,Combined TRACON& Tower with Radar,98,23,45,19,185,0,14,79,34,127,98,37,124,53,312,38,16,54,366
06/20/2012,BOI,ID,ANM,WE,Combined TRACON& Tower with Radar,98,31,82,16,227,0,14,122,27,163,98,45,204,43,390,56,10,66,456
06/21/2012,BOI,ID,ANM,WE,Combined TRACON& Tower with Radar,101,26,70,15,212,0,19,114,31,164,101,45,184,46,376,90,29,119,495
06/22/2012,BOI,ID,ANM,WE,Combined TRACON& Tower with Radar,96,29,41,10,176,0,20,74,13,107,96,49,115,23,283,94,0,94,377
06/23/2012,BOI,ID,ANM,WE,Combined TRACON& Tower with Radar,85,19,24,1,129,0,22,98,11,131,85,41,122,12,260,124,0,124,384
06/24/2012,BOI,ID,ANM,WE,Combined TRACON& Tower with Radar,89,21,22,1,133,0,11,80,5,96,89,32,102,6,229,70,2,72,301
06/25/2012,BOI,ID,ANM,WE,Combined TRACON& Tower with Radar,99,35,48,11,193,0,14,69,13,96,99,49,117,24,289,78,16,94,383
06/26/2012,BOI,ID,ANM,WE,Combined TRACON& Tower with Radar,98,29,41,29,197,0,16,60,17,93,98,45,101,46,290,26,6,32,322
06/27/2012,BOI,ID,ANM,WE,Combined TRACON& Tower with Radar,98,24,67,15,204,0,19,122,16,157,98,43,189,31,361,40,14,54,415
06/28/2012,BOI,ID,ANM,WE,Combined TRACON& Tower with Radar,102,29,51,13,195,0,18,117,20,155,102,47,168,33,350,108,0,108,458
06/29/2012,BOI,ID,ANM,WE,Combined TRACON& Tower with Radar,98,26,36,8,168,0,12,104,5,121,98,38,140,13,289,98,0,98,387
06/30/2012,BOI,ID,ANM,WE,Combined TRACON& Tower with Radar,81,21,30,6,138,0,29,101,5,135,81,50,131,11,273,90,10,100,373
07/01/2012,BOI,ID,ANM,WE,Combined TRACON& Tower with Radar,86,27,19,7,139,0,21,111,1,133,86,48,130,8,272,56,0,56,328
07/02/2012,BOI,ID,ANM,WE,Combined TRACON& Tower with Radar,96,28,29,16,169,0,16,91,21,128,96,44,120,37,297,48,4,52,349
07/03/2012,BOI,ID,ANM,WE,Combined TRACON& Tower with Radar,91,23,21,13,148,0,16,82,21,119,91,39,103,34,267,34,20,54,321
07/04/2012,BOI,ID,ANM,WE,Combined TRACON& Tower with Radar,64,13,9,1,87,0,12,101,5,118,64,25,110,6,205,116,6,122,327
07/05/2012,BOI,ID,ANM,WE,Combined TRACON& Tower with Radar,88,32,20,6,146,0,19,97,5,121,88,51,117,11,267,84,4,88,355
07/06/2012,BOI,ID,ANM,WE,Combined TRACON& Tower with Radar,87,30,30,9,156,0,25,125,3,153,87,55,155,12,309,66,0,66,375
07/07/2012,BOI,ID,ANM,WE,Combined TRACON& Tower with Radar,82,27,13,5,127,1,16,102,0,119,83,43,115,5,246,82,0,82,328
07/08/2012,BOI,ID,ANM,WE,Combined TRACON& Tower with Radar,86,21,19,1,127,0,19,90,0,109,86,40,109,1,236,64,0,64,300
07/09/2012,BOI,ID,ANM,WE,Combined TRACON& Tower with Radar,97,31,52,2,182,0,23,155,7,185,97,54,207,9,367,64,0,64,431
07/10/2012,BOI,ID,ANM,WE,Combined TRACON& Tower with Radar,97,34,58,15,204,0,26,197,23,246,97,60,255,38,450,44,2,46,496
07/11/2012,BOI,ID,ANM,WE,Combined TRACON& Tower with Radar,101,30,66,11,208,0,23,162,50,235,101,53,228,61,443,140,76,216,659
07/12/2012,BOI,ID,ANM,WE,Combined TRACON& Tower with Radar,98,34,58,11,201,0,17,146,72,235,98,51,204,83,436,108,38,146,582
07/13/2012,BOI,ID,ANM,WE,Combined TRACON& Tower with Radar,99,35,44,8,186,0,22,146,30,198,99,57,190,38,384,60,0,60,444
07/14/2012,BOI,ID,ANM,WE,Combined TRACON& Tower with Radar,89,24,21,4,138,0,10,69,1,80,89,34,90,5,218,42,0,42,260
07/15/2012,BOI,ID,ANM,WE,Combined TRACON& Tower with Radar,88,25,47,3,163,0,11,95,1,107,88,36,142,4,270,80,0,80,350
07/16/2012,BOI,ID,ANM,WE,Combined TRACON& Tower with Radar,94,30,43,7,174,0,26,75,15,116,94,56,118,22,290,50,30,80,370
07/17/2012,BOI,ID,ANM,WE,Combined TRACON& Tower with Radar,99,27,64,11,201,0,16,111,27,154,99,43,175,38,355,78,4,82,437
07/18/2012,BOI,ID,ANM,WE,Combined TRACON& Tower with Radar,97,31,50,11,189,0,21,125,32,178,97,52,175,43,367,54,12,66,433
07/19/2012,BOI,ID,ANM,WE,Combined TRACON& Tower with Radar,101,35,52,5,193,0,12,106,15,133,101,47,158,20,326,42,16,58,384
07/20/2012,BOI,ID,ANM,WE,Combined TRACON& Tower with Radar,99,31,44,12,186,0,34,127,29,190,99,65,171,41,376,72,2,74,450
07/21/2012,BOI,ID,ANM,WE,Combined TRACON& Tower with Radar,82,19,18,4,123,0,18,85,1,104,82,37,103,5,227,60,0,60,287
07/22/2012,BOI,ID,ANM,WE,Combined TRACON& Tower with Radar,87,21,33,4,145,0,12,74,22,108,87,33,107,26,253,28,0,28,281
07/23/2012,BOI,ID,ANM,WE,Combined TRACON& Tower with Radar,93,28,35,13,169,0,15,53,25,93,93,43,88,38,262,44,8,52,314
07/24/2012,BOI,ID,ANM,WE,Combined TRACON& Tower with Radar,96,27,54,15,192,0,16,89,34,139,96,43,143,49,331,220,100,320,651
07/25/2012,BOI,ID,ANM,WE,Combined TRACON& Tower with Radar,94,34,50,7,185,0,23,81,13,117,94,57,131,20,302,52,8,60,362
07/26/2012,BOI,ID,ANM,WE,Combined TRACON& Tower with Radar,98,40,66,12,216,0,26,100,18,144,98,66,166,30,360,88,26,114,474
07/27/2012,BOI,ID,ANM,WE,Combined TRACON& Tower with Radar,97,34,45,17,193,0,17,101,13,131,97,51,146,30,324,62,14,76,400
07/28/2012,BOI,ID,ANM,WE,Combined TRACON& Tower with Radar,89,17,28,7,141,0,10,79,6,95,89,27,107,13,236,28,0,28,264
07/29/2012,BOI,ID,ANM,WE,Combined TRACON& Tower with Radar,85,26,31,7,149,0,11,80,3,94,85,37,111,10,243,66,0,66,309
07/30/2012,BOI,ID,ANM,WE,Combined TRACON& Tower with Radar,93,29,41,13,176,0,16,76,21,113,93,45,117,34,289,40,6,46,335
07/31/2012,BOI,ID,ANM,WE,Combined TRACON& Tower with Radar,96,29,33,11,169,0,14,96,16,126,96,43,129,27,295,42,8,50,345
08/01/2012,BOI,ID,ANM,WE,Combined TRACON& Tower with Radar,96,28,52,19,195,0,13,92,28,133,96,41,144,47,328,50,4,54,382
08/02/2012,BOI,ID,ANM,WE,Combined TRACON& Tower with Radar,98,33,60,10,201,0,31,87,14,132,98,64,147,24,333,14,4,18,351
08/03/2012,BOI,ID,ANM,WE,Combined TRACON& Tower with Radar,98,26,55,17,196,0,17,130,39,186,98,43,185,56,382,52,14,66,448
08/04/2012,BOI,ID,ANM,WE,Combined TRACON& Tower with Radar,80,22,27,11,140,0,9,97,90,196,80,31,124,101,336,122,12,134,470
08/05/2012,BOI,ID,ANM,WE,Combined TRACON& Tower with Radar,82,31,39,18,170,0,24,78,36,138,82,55,117,54,308,39,5,44,352
08/06/2012,BOI,ID,ANM,WE,Combined TRACON& Tower with Radar,95,33,66,10,204,0,26,121,22,169,95,59,187,32,373,68,4,72,445
08/07/2012,BOI,ID,ANM,WE,Combined TRACON& Tower with Radar,100,33,56,17,206,0,17,99,30,146,100,50,155,47,352,48,6,54,406
08/08/2012,BOI,ID,ANM,WE,Combined TRACON& Tower with Radar,98,28,47,15,188,0,12,129,45,186,98,40,176,60,374,66,4,70,444
08/09/2012,BOI,ID,ANM,WE,Combined TRACON& Tower with Radar,96,32,54,8,190,1,24,128,41,194,97,56,182,49,384,50,0,50,434
08/10/2012,BOI,ID,ANM,WE,Combined TRACON& Tower with Radar,100,27,38,13,178,0,28,119,53,200,100,55,157,66,378,18,0,18,396
08/11/2012,BOI,ID,ANM,WE,Combined TRACON& Tower with Radar,84,21,21,9,135,3,12,108,55,178,87,33,129,64,313,50,0,50,363
08/12/2012,BOI,ID,ANM,WE,Combined TRACON& Tower with Radar,92,24,35,8,159,1,31,83,49,164,93,55,118,57,323,22,0,22,345
08/13/2012,BOI,ID,ANM,WE,Combined TRACON& Tower with Radar,93,41,63,15,212,1,22,127,36,186,94,63,190,51,398,40,12,52,450
08/14/2012,BOI,ID,ANM,WE,Combined TRACON& Tower with Radar,92,29,61,13,195,0,25,98,60,183,92,54,159,73,378,22,0,22,400
08/15/2012,BOI,ID,ANM,WE,Combined TRACON& Tower with Radar,96,38,63,10,207,0,13,81,41,135,96,51,144,51,342,26,0,26,368
08/16/2012,BOI,ID,ANM,WE,Combined TRACON& Tower with Radar,99,33,73,8,213,0,11,148,11,170,99,44,221,19,383,22,2,24,407
08/17/2012,BOI,ID,ANM,WE,Combined TRACON& Tower with Radar,99,32,50,10,191,0,18,94,6,118,99,50,144,16,309,4,2,6,315
08/18/2012,BOI,ID,ANM,WE,Combined TRACON& Tower with Radar,83,21,41,7,152,0,8,65,7,80,83,29,106,14,232,42,0,42,274
08/19/2012,BOI,ID,ANM,WE,Combined TRACON& Tower with Radar,86,24,23,3,136,1,12,70,11,94,87,36,93,14,230,28,2,30,260
08/20/2012,BOI,ID,ANM,WE,Combined TRACON& Tower with Radar,86,34,60,0,180,0,11,72,7,90,86,45,132,7,270,18,0,18,288
08/21/2012,BOI,ID,ANM,WE,Combined TRACON& Tower with Radar,97,35,60,3,195,0,15,68,34,117,97,50,128,37,312,12,0,12,324
08/22/2012,BOI,ID,ANM,WE,Combined TRACON& Tower with Radar,98,30,60,9,197,0,14,110,28,152,98,44,170,37,349,50,4,54,403
08/23/2012,BOI,ID,ANM,WE,Combined TRACON& Tower with Radar,96,27,59,9,191,0,11,111,26,148,96,38,170,35,339,54,4,58,397
08/24/2012,BOI,ID,ANM,WE,Combined TRACON& Tower with Radar,97,33,51,14,195,0,11,102,37,150,97,44,153,51,345,46,0,46,391
08/25/2012,BOI,ID,ANM,WE,Combined TRACON& Tower with Radar,76,14,25,7,122,0,8,67,9,84,76,22,92,16,206,8,2,10,216
08/26/2012,BOI,ID,ANM,WE,Combined TRACON& Tower with Radar,88,32,23,10,153,0,18,78,13,109,88,50,101,23,262,14,0,14,276
08/27/2012,BOI,ID,ANM,WE,Combined TRACON& Tower with Radar,88,30,45,16,179,0,9,120,28,157,88,39,165,44,336,42,16,58,394
08/28/2012,BOI,ID,ANM,WE,Combined TRACON& Tower with Radar,95,26,45,9,175,0,12,99,23,134,95,38,144,32,309,40,6,46,355
08/29/2012,BOI,ID,ANM,WE,Combined TRACON& Tower with Radar,100,29,47,9,185,0,7,89,29,125,100,36,136,38,310,32,2,34,344
08/30/2012,BOI,ID,ANM,WE,Combined TRACON& Tower with Radar,100,32,51,7,190,0,16,89,10,115,100,48,140,17,305,16,2,18,323
08/31/2012,BOI,ID,ANM,WE,Combined TRACON& Tower with Radar,98,35,39,6,178,0,12,109,8,129,98,47,148,14,307,74,0,74,381
09/01/2012,BOI,ID,ANM,WE,Combined TRACON& Tower with Radar,72,22,30,4,128,0,17,87,4,108,72,39,117,8,236,70,0,70,306
09/02/2012,BOI,ID,ANM,WE,Combined TRACON& Tower with Radar,65,10,20,2,97,0,11,84,10,105,65,21,104,12,202,50,0,50,252
09/03/2012,BOI,ID,ANM,WE,Combined TRACON& Tower with Radar,78,25,19,4,126,0,13,101,0,114,78,38,120,4,240,52,0,52,292
09/04/2012,BOI,ID,ANM,WE,Combined TRACON& Tower with Radar,91,35,33,5,164,0,15,95,21,131,91,50,128,26,295,54,2,56,351
09/05/2012,BOI,ID,ANM,WE,Combined TRACON& Tower with Radar,95,25,42,7,169,0,10,108,34,152,95,35,150,41,321,16,8,24,345
09/06/2012,BOI,ID,ANM,WE,Combined TRACON& Tower with Radar,98,31,43,10,182,0,4,104,27,135,98,35,147,37,317,26,4,30,347
09/07/2012,BOI,ID,ANM,WE,Combined TRACON& Tower with Radar,99,27,52,20,198,0,7,107,13,127,99,34,159,33,325,48,0,48,373
09/08/2012,BOI,ID,ANM,WE,Combined TRACON& Tower with Radar,73,16,20,16,125,0,12,102,29,143,73,28,122,45,268,26,2,28,296
09/09/2012,BOI,ID,ANM,WE,Combined TRACON& Tower with Radar,84,23,17,6,130,0,12,128,2,142,84,35,145,8,272,40,6,46,318
09/10/2012,BOI,ID,ANM,WE,Combined TRACON& Tower with Radar,92,27,41,1,161,0,6,119,21,146,92,33,160,22,307,44,28,72,379
09/11/2012,BOI,ID,ANM,WE,Combined TRACON& Tower with Radar,87,32,47,5,171,0,7,83,23,113,87,39,130,28,284,18,6,24,308
09/12/2012,BOI,ID,ANM,WE,Combined TRACON& Tower with Radar,94,33,41,7,175,0,1,83,23,107,94,34,124,30,282,32,14,46,328
09/13/2012,BOI,ID,ANM,WE,Combined TRACON& Tower with Radar,93,34,51,8,186,0,6,83,34,123,93,40,134,42,309,38,2,40,349
09/14/2012,BOI,ID,ANM,WE,Combined TRACON& Tower with Radar,99,31,44,6,180,0,10,104,9,123,99,41,148,15,303,32,2,34,337
09/15/2012,BOI,ID,ANM,WE,Combined TRACON& Tower with Radar,75,12,22,4,113,0,16,79,4,99,75,28,101,8,212,60,6,66,278
09/16/2012,BOI,ID,ANM,WE,Combined TRACON& Tower with Radar,85,24,27,3,139,0,16,74,5,95,85,40,101,8,234,14,2,16,250
09/17/2012,BOI,ID,ANM,WE,Combined TRACON& Tower with Radar,93,28,40,6,167,0,9,95,21,125,93,37,135,27,292,98,22,120,412
09/18/2012,BOI,ID,ANM,WE,Combined TRACON& Tower with Radar,91,22,56,8,177,0,11,177,28,216,91,33,233,36,393,14,10,24,417
09/19/2012,BOI,ID,ANM,WE,Combined TRACON& Tower with Radar,98,31,51,13,193,0,4,117,24,145,98,35,168,37,338,44,14,58,396
09/20/2012,BOI,ID,ANM,WE,Combined TRACON& Tower with Radar,100,32,82,15,229,0,4,55,24,83,100,36,137,39,312,20,4,24,336
09/21/2012,BOI,ID,ANM,WE,Combined TRACON& Tower with Radar,100,44,72,15,231,0,5,47,7,59,100,49,119,22,290,44,0,44,334
09/22/2012,BOI,ID,ANM,WE,Combined TRACON& Tower with Radar,75,25,19,4,123,0,13,39,0,52,75,38,58,4,175,25,1,26,201
09/23/2012,BOI,ID,ANM,WE,Combined TRACON& Tower with Radar,84,25,31,3,143,0,5,21,4,30,84,30,52,7,173,22,0,22,195
09/24/2012,BOI,ID,ANM,WE,Combined TRACON& Tower with Radar,90,31,50,13,184,0,1,65,25,91,90,32,115,38,275,8,2,10,285
09/25/2012,BOI,ID,ANM,WE,Combined TRACON& Tower with Radar,93,23,45,7,168,0,3,74,24,101,93,26,119,31,269,54,2,56,325
09/26/2012,BOI,ID,ANM,WE,Combined TRACON& Tower with Radar,91,27,41,9,168,0,5,82,24,111,91,32,123,33,279,58,8,66,345
09/27/2012,BOI,ID,ANM,WE,Combined TRACON& Tower with Radar,98,31,35,10,174,0,1,114,35,150,98,32,149,45,324,40,10,50,374
09/28/2012,BOI,ID,ANM,WE,Combined TRACON& Tower with Radar,98,26,39,6,169,0,11,83,3,97,98,37,122,9,266,10,0,10,276
09/29/2012,BOI,ID,ANM,WE,Combined TRACON& Tower with Radar,76,11,18,1,106,0,5,80,0,85,76,16,98,1,191,28,0,28,219
09/30/2012,BOI,ID,ANM,WE,Combined TRACON& Tower with Radar,86,21,27,2,136,0,8,107,0,115,86,29,134,2,251,8,0,8,259
10/01/2012,BOI,ID,ANM,WE,Combined TRACON& Tower with Radar,91,29,42,7,169,1,7,72,16,96,92,36,114,23,265,40,6,46,311
10/02/2012,BOI,ID,ANM,WE,Combined TRACON& Tower with Radar,91,24,51,12,178,0,7,55,19,81,91,31,106,31,259,34,4,38,297
10/03/2012,BOI,ID,ANM,WE,Combined TRACON& Tower with Radar,88,29,31,9,157,0,4,35,19,58,88,33,66,28,215,14,4,18,233
10/04/2012,BOI,ID,ANM,WE,Combined TRACON& Tower with Radar,97,33,42,5,177,0,4,94,19,117,97,37,136,24,294,20,2,22,316
10/05/2012,BOI,ID,ANM,WE,Combined TRACON& Tower with Radar,94,26,28,4,152,0,6,89,0,95,94,32,117,4,247,44,0,44,291
10/06/2012,BOI,ID,ANM,WE,Combined TRACON& Tower with Radar,74,16,12,0,102,0,8,71,0,79,74,24,83,0,181,66,0,66,247
10/07/2012,BOI,ID,ANM,WE,Combined TRACON& Tower with Radar,89,23,20,2,134,0,5,72,0,77,89,28,92,2,211,78,0,78,289
10/08/2012,BOI,ID,ANM,WE,Combined TRACON& Tower with Radar,79,22,32,7,140,0,5,58,1,64,79,27,90,8,204,44,0,44,248
10/09/2012,BOI,ID,ANM,WE,Combined TRACON& Tower with Radar,92,23,50,13,178,0,7,63,22,92,92,30,113,35,270,68,2,70,340
10/10/2012,BOI,ID,ANM,WE,Combined TRACON& Tower with Radar,92,29,41,17,179,0,6,65,24,95,92,35,106,41,274,30,14,44,318
10/11/2012,BOI,ID,ANM,WE,Combined TRACON& Tower with Radar,94,33,47,7,181,0,7,84,11,102,94,40,131,18,283,28,8,36,319
10/12/2012,BOI,ID,ANM,WE,Combined TRACON& Tower with Radar,95,29,41,17,182,0,8,56,18,82,95,37,97,35,264,30,0,30,294
10/13/2012,BOI,ID,ANM,WE,Combined TRACON& Tower with Radar,74,16,26,12,128,0,3,48,19,70,74,19,74,31,198,28,4,32,230
10/14/2012,BOI,ID,ANM,WE,Combined TRACON& Tower with Radar,86,23,31,4,144,0,3,66,10,79,86,26,97,14,223,12,0,12,235
10/15/2012,BOI,ID,ANM,WE,Combined TRACON& Tower with Radar,92,26,29,6,153,0,7,53,14,74,92,33,82,20,227,24,16,40,267
10/16/2012,BOI,ID,ANM,WE,Combined TRACON& Tower with Radar,88,28,27,15,158,0,2,15,16,33,88,30,42,31,191,18,0,18,209
10/17/2012,BOI,ID,ANM,WE,Combined TRACON& Tower with Radar,90,20,42,8,160,0,4,57,22,83,90,24,99,30,243,60,0,60,303
10/18/2012,BOI,ID,ANM,WE,Combined TRACON& Tower with Radar,95,29,51,17,192,0,4,74,34,112,95,33,125,51,304,56,8,64,368
10/19/2012,BOI,ID,ANM,WE,Combined TRACON& Tower with Radar,95,28,37,4,164,0,10,68,4,82,95,38,105,8,246,28,0,28,274
10/20/2012,BOI,ID,ANM,WE,Combined TRACON& Tower with Radar,76,17,9,0,102,0,6,51,0,57,76,23,60,0,159,0,0,0,159
10/21/2012,BOI,ID,ANM,WE,Combined TRACON& Tower with Radar,88,20,27,1,136,0,4,81,0,85,88,24,108,1,221,50,0,50,271
10/22/2012,BOI,ID,ANM,WE,Combined TRACON& Tower with Radar,92,32,49,15,188,0,5,21,8,34,92,37,70,23,222,6,10,16,238
10/23/2012,BOI,ID,ANM,WE,Combined TRACON& Tower with Radar,88,28,26,15,157,0,2,13,14,29,88,30,39,29,186,14,6,20,206
10/24/2012,BOI,ID,ANM,WE,Combined TRACON& Tower with Radar,90,20,42,8,160,0,4,57,22,83,90,24,99,30,243,8,12,20,263
10/25/2012,BOI,ID,ANM,WE,Combined TRACON& Tower with Radar,96,40,54,16,206,0,6,58,33,97,96,46,112,49,303,8,2,10,313
10/26/2012,BOI,ID,ANM,WE,Combined TRACON& Tower with Radar,101,31,55,5,192,0,3,79,5,87,101,34,134,10,279,18,4,22,301
10/27/2012,BOI,ID,ANM,WE,Combined TRACON& Tower with Radar,77,19,36,12,144,0,2,58,0,60,77,21,94,12,204,48,24,72,276
10/28/2012,BOI,ID,ANM,WE,Combined TRACON& Tower with Radar,82,29,28,3,142,0,4,32,0,36,82,33,60,3,178,18,0,18,196
10/29/2012,BOI,ID,ANM,WE,Combined TRACON& Tower with Radar,94,24,32,10,160,0,6,56,19,81,94,30,88,29,241,16,20,36,277
10/30/2012,BOI,ID,ANM,WE,Combined TRACON& Tower with Radar,90,31,37,11,169,0,11,84,25,120,90,42,121,36,289,30,10,40,329
10/31/2012,BOI,ID,ANM,WE,Combined TRACON& Tower with Radar,88,28,32,9,157,0,6,56,19,81,88,34,88,28,238,32,14,46,284
11/01/2012,BOI,ID,ANM,WE,Combined TRACON& Tower with Radar,95,35,41,7,178,0,6,39,26,71,95,41,80,33,249,14,18,32,281
11/02/2012,BOI,ID,ANM,WE,Combined TRACON& Tower with Radar,101,28,39,17,185,0,6,69,17,92,101,34,108,34,277,54,14,68,345
11/03/2012,BOI,ID,ANM,WE,Combined TRACON& Tower with Radar,71,17,30,4,122,0,4,66,4,74,71,21,96,8,196,0,0,0,196
11/04/2012,BOI,ID,ANM,WE,Combined TRACON& Tower with Radar,85,29,31,0,145,0,8,76,0,84,85,37,107,0,229,78,0,78,307
11/05/2012,BOI,ID,ANM,WE,Combined TRACON& Tower with Radar,92,32,37,3,164,0,18,61,26,105,92,50,98,29,269,74,2,76,345
11/06/2012,BOI,ID,ANM,WE,Combined TRACON& Tower with Radar,88,34,50,12,184,0,9,64,25,98,88,43,114,37,282,54,12,66,348
11/07/2012,BOI,ID,ANM,WE,Combined TRACON& Tower with Radar,89,34,53,10,186,0,2,65,35,102,89,36,118,45,288,38,6,44,332
11/08/2012,BOI,ID,ANM,WE,Combined TRACON& Tower with Radar,98,32,63,8,201,0,4,18,22,44,98,36,81,30,245,20,14,34,279
11/09/2012,BOI,ID,ANM,WE,Combined TRACON& Tower with Radar,92,33,37,5,167,0,2,17,0,19,92,35,54,5,186,44,0,44,230
11/10/2012,BOI,ID,ANM,WE,Combined TRACON& Tower with Radar,85,12,15,10,122,0,5,43,6,54,85,17,58,16,176,0,0,0,176
11/11/2012,BOI,ID,ANM,WE,Combined TRACON& Tower with Radar,88,22,16,6,132,0,4,37,4,45,88,26,53,10,177,40,2,42,219
11/12/2012,BOI,ID,ANM,WE,Combined TRACON& Tower with Radar,92,27,34,1,154,0,3,18,2,23,92,30,52,3,177,44,0,44,221
11/13/2012,BOI,ID,ANM,WE,Combined TRACON& Tower with Radar,89,33,43,2,167,0,4,69,37,110,89,37,112,39,277,0,0,0,277
11/14/2012,BOI,ID,ANM,WE,Combined TRACON& Tower with Radar,93,30,37,27,187,0,2,17,14,33,93,32,54,41,220,30,9,39,259
11/15/2012,BOI,ID,ANM,WE,Combined TRACON& Tower with Radar,96,29,62,12,199,0,4,52,21,77,96,33,114,33,276,18,8,26,302
11/16/2012,BOI,ID,ANM,WE,Combined TRACON& Tower with Radar,96,31,64,13,204,0,2,47,9,58,96,33,111,22,262,56,12,68,330
11/17/2012,BOI,ID,ANM,WE,Combined TRACON& Tower with Radar,80,19,22,4,125,0,0,36,5,41,80,19,58,9,166,20,14,34,200
11/18/2012,BOI,ID,ANM,WE,Combined TRACON& Tower with Radar,81,25,17,4,127,0,0,37,0,37,81,25,54,4,164,56,0,56,220
11/19/2012,BOI,ID,ANM,WE,Combined TRACON& Tower with Radar,84,20,58,10,172,0,6,28,20,54,84,26,86,30,226,62,4,66,292
11/20/2012,BOI,ID,ANM,WE,Combined TRACON& Tower with Radar,95,27,38,14,174,0,3,50,26,79,95,30,88,40,253,0,0,0,253
11/21/2012,BOI,ID,ANM,WE,Combined TRACON& Tower with Radar,96,22,24,6,148,0,3,17,13,33,96,25,41,19,181,36,18,54,235
11/22/2012,BOI,ID,ANM,WE,Combined TRACON& Tower with Radar,57,10,6,3,76,0,1,16,0,17,57,11,22,3,93,8,0,8,101
11/23/2012,BOI,ID,ANM,WE,Combined TRACON& Tower with Radar,81,12,19,0,112,0,7,46,0,53,81,19,65,0,165,36,0,36,201
11/24/2012,BOI,ID,ANM,WE,Combined TRACON& Tower with Radar,84,21,11,0,116,0,2,11,0,13,84,23,22,0,129,88,0,88,217
11/25/2012,BOI,ID,ANM,WE,Combined TRACON& Tower with Radar,93,22,38,0,153,0,3,32,0,35,93,25,70,0,188,28,0,28,216
11/26/2012,BOI,ID,ANM,WE,Combined TRACON& Tower with Radar,90,30,37,9,166,0,1,57,30,88,90,31,94,39,254,68,10,78,332
11/27/2012,BOI,ID,ANM,WE,Combined TRACON& Tower with Radar,94,29,43,8,174,0,10,58,18,86,94,39,101,26,260,78,2,80,340
11/28/2012,BOI,ID,ANM,WE,Combined TRACON& Tower with Radar,94,34,40,16,184,0,3,45,26,74,94,37,85,42,258,50,10,60,318
11/29/2012,BOI,ID,ANM,WE,Combined TRACON& Tower with Radar,94,41,44,9,188,0,6,46,24,76,94,47,90,33,264,63,22,85,349
11/30/2012,BOI,ID,ANM,WE,Combined TRACON& Tower with Radar,96,33,49,10,188,0,1,35,5,41,96,34,84,15,229,71,3,74,303
12/01/2012,BOI,ID,ANM,WE,Combined TRACON& Tower with Radar,69,21,23,11,124,0,3,32,4,39,69,24,55,15,163,38,2,40,203
12/02/2012,BOI,ID,ANM,WE,Combined TRACON& Tower with Radar,86,16,17,0,119,0,2,1,0,3,86,18,18,0,122,4,2,6,128
12/03/2012,BOI,ID,ANM,WE,Combined TRACON& Tower with Radar,89,20,45,6,160,0,5,56,29,90,89,25,101,35,250,46,16,62,312
12/04/2012,BOI,ID,ANM,WE,Combined TRACON& Tower with Radar,87,26,37,6,156,0,2,25,14,41,87,28,62,20,197,8,12,20,217
12/05/2012,BOI,ID,ANM,WE,Combined TRACON& Tower with Radar,91,31,37,16,175,0,4,37,34,75,91,35,74,50,250,76,34,110,360
12/06/2012,BOI,ID,ANM,WE,Combined TRACON& Tower with Radar,87,31,60,16,194,0,2,69,21,92,87,33,129,37,286,46,2,48,334
12/07/2012,BOI,ID,ANM,WE,Combined TRACON& Tower with Radar,94,30,62,23,209,0,3,44,18,65,94,33,106,41,274,131,20,151,425
12/08/2012,BOI,ID,ANM,WE,Combined TRACON& Tower with Radar,74,17,22,7,120,0,5,33,0,38,74,22,55,7,158,42,2,44,202
12/09/2012,BOI,ID,ANM,WE,Combined TRACON& Tower with Radar,88,17,29,3,137,0,4,44,0,48,88,21,73,3,185,64,0,64,249
12/10/2012,BOI,ID,ANM,WE,Combined TRACON& Tower with Radar,92,32,40,3,167,0,6,25,19,50,92,38,65,22,217,42,8,50,267
12/11/2012,BOI,ID,ANM,WE,Combined TRACON& Tower with Radar,92,32,60,11,195,0,3,77,16,96,92,35,137,27,291,0,0,0,291
12/12/2012,BOI,ID,ANM,WE,Combined TRACON& Tower with Radar,93,29,61,7,190,0,0,34,20,54,93,29,95,27,244,54,0,54,298
12/13/2012,BOI,ID,ANM,WE,Combined TRACON& Tower with Radar,99,32,68,8,207,0,5,30,12,47,99,37,98,20,254,50,18,68,322
12/14/2012,BOI,ID,ANM,WE,Combined TRACON& Tower with Radar,101,33,60,15,209,0,0,101,4,105,101,33,161,19,314,140,0,140,454
12/15/2012,BOI,ID,ANM,WE,Combined TRACON& Tower with Radar,73,17,32,0,122,0,6,104,1,111,73,23,136,1,233,152,0,152,385
12/16/2012,BOI,ID,ANM,WE,Combined TRACON& Tower with Radar,91,11,27,2,131,0,1,3,2,6,91,12,30,4,137,8,0,8,145
12/17/2012,BOI,ID,ANM,WE,Combined TRACON& Tower with Radar,98,27,52,9,186,0,2,77,15,94,98,29,129,24,280,64,2,66,346
12/18/2012,BOI,ID,ANM,WE,Combined TRACON& Tower with Radar,95,24,53,14,186,0,5,96,13,114,95,29,149,27,300,116,6,122,422
12/19/2012,BOI,ID,ANM,WE,Combined TRACON& Tower with Radar,91,41,49,12,193,0,4,116,28,148,91,45,165,40,341,136,26,162,503
12/20/2012,BOI,ID,ANM,WE,Combined TRACON& Tower with Radar,99,49,52,14,214,0,2,64,23,89,99,51,116,37,303,70,12,82,385
12/21/2012,BOI,ID,ANM,WE,Combined TRACON& Tower with Radar,95,37,58,7,197,0,7,104,5,116,95,44,162,12,313,100,8,108,421
12/22/2012,BOI,ID,ANM,WE,Combined TRACON& Tower with Radar,82,30,21,0,133,0,3,67,0,70,82,33,88,0,203,116,0,116,319
12/23/2012,BOI,ID,ANM,WE,Combined TRACON& Tower with Radar,89,25,12,0,126,0,2,43,0,45,89,27,55,0,171,80,0,80,251
12/24/2012,BOI,ID,ANM,WE,Combined TRACON& Tower with Radar,82,30,11,0,123,0,7,56,0,63,82,37,67,0,186,88,0,88,274
12/25/2012,BOI,ID,ANM,WE,Combined TRACON& Tower with Radar,61,21,5,0,87,0,0,5,0,5,61,21,10,0,92,0,0,0,92
12/26/2012,BOI,ID,ANM,WE,Combined TRACON& Tower with Radar,96,38,36,0,170,0,0,0,0,0,96,38,36,0,170,0,0,0,170
12/27/2012,BOI,ID,ANM,WE,Combined TRACON& Tower with Radar,97,41,42,2,182,0,2,56,5,63,97,43,98,7,245,68,0,68,313
12/28/2012,BOI,ID,ANM,WE,Combined TRACON& Tower with Radar,91,47,32,2,172,0,6,82,0,88,91,53,114,2,260,134,0,134,394
12/29/2012,BOI,ID,ANM,WE,Combined TRACON& Tower with Radar,75,20,25,0,120,0,3,123,0,126,75,23,148,0,246,0,0,0,246
12/30/2012,BOI,ID,ANM,WE,Combined TRACON& Tower with Radar,79,34,18,0,131,0,0,20,0,20,79,34,38,0,151,92,0,92,243
12/31/2012,BOI,ID,ANM,WE,Combined TRACON& Tower with Radar,85,27,16,4,132,0,2,57,4,63,85,29,73,8,195,102,0,102,297
01/01/2013,BOI,ID,ANM,WE,Combined TRACON& Tower with Radar,72,27,14,0,113,0,0,8,0,8,72,27,22,0,121,38,0,38,159
01/02/2013,BOI,ID,ANM,WE,Combined TRACON& Tower with Radar,90,32,59,2,183,0,1,31,6,38,90,33,90,8,221,42,2,44,265
01/03/2013,BOI,ID,ANM,WE,Combined TRACON& Tower with Radar,94,28,37,12,171,0,5,47,13,65,94,33,84,25,236,48,8,56,292
01/04/2013,BOI,ID,ANM,WE,Combined TRACON& Tower with Radar,90,27,45,13,175,0,7,45,11,63,90,34,90,24,238,88,10,98,336
01/05/2013,BOI,ID,ANM,WE,Combined TRACON& Tower with Radar,68,17,34,6,125,0,5,57,5,67,68,22,91,11,192,0,0,0,192
01/06/2013,BOI,ID,ANM,WE,Combined TRACON& Tower with Radar,78,27,27,7,139,0,5,33,3,41,78,32,60,10,180,36,6,42,222
01/07/2013,BOI,ID,ANM,WE,Combined TRACON& Tower with Radar,87,28,26,2,143,0,0,0,2,2,87,28,26,4,145,0,2,2,147
01/08/2013,BOI,ID,ANM,WE,Combined TRACON& Tower with Radar,77,28,56,4,165,0,0,24,1,25,77,28,80,5,190,20,0,20,210
01/09/2013,BOI,ID,ANM,WE,Combined TRACON& Tower with Radar,80,33,63,6,182,0,1,47,13,61,80,34,110,19,243,40,2,42,285
01/10/2013,BOI,ID,ANM,WE,Combined TRACON& Tower with Radar,83,34,16,3,136,0,0,0,3,3,83,34,16,6,139,0,0,0,139
01/11/2013,BOI,ID,ANM,WE,Combined TRACON& Tower with Radar,89,39,35,5,168,0,1,28,0,29,89,40,63,5,197,10,0,10,207
01/12/2013,BOI,ID,ANM,WE,Combined TRACON& Tower with Radar,63,16,23,7,109,0,1,57,1,59,63,17,80,8,168,30,0,30,198
01/13/2013,BOI,ID,ANM,WE,Combined TRACON& Tower with Radar,76,21,19,2,118,0,2,43,3,48,76,23,62,5,166,46,0,46,212
01/14/2013,BOI,ID,ANM,WE,Combined TRACON& Tower with Radar,86,34,31,2,153,0,1,15,5,21,86,35,46,7,174,30,10,40,214
01/15/2013,BOI,ID,ANM,WE,Combined TRACON& Tower with Radar,75,25,56,4,160,0,1,30,8,39,75,26,86,12,199,46,2,48,247
01/16/2013,BOI,ID,ANM,WE,Combined TRACON& Tower with Radar,77,29,42,6,154,0,0,28,9,37,77,29,70,15,191,46,6,52,243
01/17/2013,BOI,ID,ANM,WE,Combined TRACON& Tower with Radar,84,31,43,4,162,0,0,28,10,38,84,31,71,14,200,0,0,0,200
01/18/2013,BOI,ID,ANM,WE,Combined TRACON& Tower with Radar,87,38,35,3,163,0,0,54,3,57,87,38,89,6,220,0,0,0,220
01/19/2013,BOI,ID,ANM,WE,Combined TRACON& Tower with Radar,55,18,12,0,85,0,1,11,1,13,55,19,23,1,98,12,4,16,114
01/20/2013,BOI,ID,ANM,WE,Combined TRACON& Tower with Radar,59,28,15,6,108,0,0,2,0,2,59,28,17,6,110,0,0,0,110
01/21/2013,BOI,ID,ANM,WE,Combined TRACON& Tower with Radar,83,31,50,2,166,0,0,4,0,4,83,31,54,2,170,10,0,10,180
01/22/2013,BOI,ID,ANM,WE,Combined TRACON& Tower with Radar,84,27,41,3,155,0,0,2,6,8,84,27,43,9,163,0,0,0,163
01/23/2013,BOI,ID,ANM,WE,Combined TRACON& Tower with Radar,83,36,51,7,177,0,0,6,0,6,83,36,57,7,183,0,0,0,183
01/24/2013,BOI,ID,ANM,WE,Combined TRACON& Tower with Radar,84,36,34,1,155,0,0,0,0,0,84,36,34,1,155,0,0,0,155
01/25/2013,BOI,ID,ANM,WE,Combined TRACON& Tower with Radar,94,34,41,4,173,0,0,3,0,3,94,34,44,4,176,6,0,6,182
01/26/2013,BOI,ID,ANM,WE,Combined TRACON& Tower with Radar,66,15,17,11,109,0,0,2,1,3,66,15,19,12,112,0,0,0,112
01/27/2013,BOI,ID,ANM,WE,Combined TRACON& Tower with Radar,85,23,31,9,148,0,1,31,0,32,85,24,62,9,180,28,0,28,208
01/28/2013,BOI,ID,ANM,WE,Combined TRACON& Tower with Radar,87,30,35,5,157,0,0,1,0,1,87,30,36,5,158,0,0,0,158
01/29/2013,BOI,ID,ANM,WE,Combined TRACON& Tower with Radar,84,36,47,7,174,0,5,41,14,60,84,41,88,21,234,40,10,50,284
01/30/2013,BOI,ID,ANM,WE,Combined TRACON& Tower with Radar,85,34,47,3,169,0,2,34,23,59,85,36,81,26,228,50,8,58,286
01/31/2013,BOI,ID,ANM,WE,Combined TRACON& Tower with Radar,93,34,47,15,189,0,6,48,18,72,93,40,95,33,261,43,8,51,312
02/01/2013,BOI,ID,ANM,WE,Combined TRACON& Tower with Radar,90,33,44,4,171,0,2,73,1,76,90,35,117,5,247,22,2,24,271
02/02/2013,BOI,ID,ANM,WE,Combined TRACON& Tower with Radar,58,15,13,10,96,0,5,43,7,55,58,20,56,17,151,66,8,74,225
02/03/2013,BOI,ID,ANM,WE,Combined TRACON& Tower with Radar,80,16,17,1,114,0,1,1,0,2,80,17,18,1,116,4,0,4,120
02/04/2013,BOI,ID,ANM,WE,Combined TRACON& Tower with Radar,93,39,32,5,169,0,0,1,3,4,93,39,33,8,173,0,0,0,173
02/05/2013,BOI,ID,ANM,WE,Combined TRACON& Tower with Radar,83,32,43,6,164,0,0,6,2,8,83,32,49,8,172,18,2,20,192
02/06/2013,BOI,ID,ANM,WE,Combined TRACON& Tower with Radar,85,30,36,14,165,0,5,43,24,72,85,35,79,38,237,34,32,66,303
02/07/2013,BOI,ID,ANM,WE,Combined TRACON& Tower with Radar,89,36,57,17,199,0,3,99,34,136,89,39,156,51,335,0,0,0,335
02/08/2013,BOI,ID,ANM,WE,Combined TRACON& Tower with Radar,93,36,54,12,195,0,3,48,2,53,93,39,102,14,248,44,2,46,294
02/09/2013,BOI,ID,ANM,WE,Combined TRACON& Tower with Radar,66,14,17,3,100,0,7,28,31,66,66,21,45,34,166,44,0,44,210
02/10/2013,BOI,ID,ANM,WE,Combined TRACON& Tower with Radar,78,15,20,9,122,0,1,62,24,87,78,16,82,33,209,34,10,44,253
02/11/2013,BOI,ID,ANM,WE,Combined TRACON& Tower with Radar,84,23,46,1,154,0,2,76,35,113,84,25,122,36,267,72,22,94,361
02/12/2013,BOI,ID,ANM,WE,Combined TRACON& Tower with Radar,86,24,52,15,177,0,4,67,29,100,86,28,119,44,277,34,22,56,333
02/13/2013,BOI,ID,ANM,WE,Combined TRACON& Tower with Radar,84,33,48,12,177,0,5,52,30,87,84,38,100,42,264,50,4,54,318
02/14/2013,BOI,ID,ANM,WE,Combined TRACON& Tower with Radar,96,27,48,14,185,0,0,60,15,75,96,27,108,29,260,30,0,30,290
02/15/2013,BOI,ID,ANM,WE,Combined TRACON& Tower with Radar,101,31,65,8,205,0,4,90,25,119,101,35,155,33,324,48,18,66,390
02/16/2013,BOI,ID,ANM,WE,Combined TRACON& Tower with Radar,71,22,34,3,130,0,6,83,13,102,71,28,117,16,232,48,0,48,280
02/17/2013,BOI,ID,ANM,WE,Combined TRACON& Tower with Radar,76,24,22,3,125,0,4,59,15,78,76,28,81,18,203,48,0,48,251
02/18/2013,BOI,ID,ANM,WE,Combined TRACON& Tower with Radar,92,25,49,1,167,0,2,58,14,74,92,27,107,15,241,36,6,42,283
02/19/2013,BOI,ID,ANM,WE,Combined TRACON& Tower with Radar,95,40,34,16,185,0,5,15,14,34,95,45,49,30,219,86,2,88,307
02/20/2013,BOI,ID,ANM,WE,Combined TRACON& Tower with Radar,90,42,43,20,195,0,1,32,42,75,90,43,75,62,270,22,6,28,298
02/21/2013,BOI,ID,ANM,WE,Combined TRACON& Tower with Radar,98,36,55,11,200,0,4,66,42,112,98,40,121,53,312,50,2,52,364
02/22/2013,BOI,ID,ANM,WE,Combined TRACON& Tower with Radar,100,30,59,14,203,0,4,38,7,49,100,34,97,21,252,26,40,66,318
02/23/2013,BOI,ID,ANM,WE,Combined TRACON& Tower with Radar,73,17,27,1,118,0,5,21,10,36,73,22,48,11,154,14,8,22,176
02/24/2013,BOI,ID,ANM,WE,Combined TRACON& Tower with Radar,78,25,33,2,138,0,5,54,22,81,78,30,87,24,219,48,4,52,271
02/25/2013,BOI,ID,ANM,WE,Combined TRACON& Tower with Radar,94,22,45,2,163,0,2,14,11,27,94,24,59,13,190,26,6,32,222
02/26/2013,BOI,ID,ANM,WE,Combined TRACON& Tower with Radar,86,30,59,18,193,0,1,66,21,88,86,31,125,39,281,64,4,68,349
02/27/2013,BOI,ID,ANM,WE,Combined TRACON& Tower with Radar,92,41,48,6,187,0,2,76,16,94,92,43,124,22,281,54,4,58,339
02/28/2013,BOI,ID,ANM,WE,Combined TRACON& Tower with Radar,94,31,51,3,179,0,3,39,10,52,94,34,90,13,231,29,0,29,260
03/01/2013,BOI,ID,ANM,WE,Combined TRACON& Tower with Radar,90,34,41,6,171,0,5,28,1,34,90,39,69,7,205,32,0,32,237
03/02/2013,BOI,ID,ANM,WE,Combined TRACON& Tower with Radar,72,23,13,8,116,0,4,49,14,67,72,27,62,22,183,36,4,40,223
03/03/2013,BOI,ID,ANM,WE,Combined TRACON& Tower with Radar,82,21,19,2,124,0,9,18,4,31,82,30,37,6,155,48,0,48,203
03/04/2013,BOI,ID,ANM,WE,Combined TRACON& Tower with Radar,89,30,48,13,180,0,5,64,21,90,89,35,112,34,270,48,16,64,334
03/05/2013,BOI,ID,ANM,WE,Combined TRACON& Tower with Radar,88,24,47,6,165,0,6,37,23,66,88,30,84,29,231,42,4,46,277
03/06/2013,BOI,ID,ANM,WE,Combined TRACON& Tower with Radar,98,34,39,4,175,0,2,25,27,54,98,36,64,31,229,20,12,32,261
03/07/2013,BOI,ID,ANM,WE,Combined TRACON& Tower with Radar,94,33,53,11,191,0,2,109,32,143,94,35,162,43,334,0,0,0,334
03/08/2013,BOI,ID,ANM,WE,Combined TRACON& Tower with Radar,98,36,52,9,195,0,11,68,6,85,98,47,120,15,280,50,4,54,334
03/09/2013,BOI,ID,ANM,WE,Combined TRACON& Tower with Radar,72,23,19,3,117,0,4,69,0,73,72,27,88,3,190,64,0,64,254
03/10/2013,BOI,ID,ANM,WE,Combined TRACON& Tower with Radar,85,18,32,2,137,0,3,55,0,58,85,21,87,2,195,74,0,74,269
03/11/2013,BOI,ID,ANM,WE,Combined TRACON& Tower with Radar,88,30,47,3,168,0,3,52,15,70,88,33,99,18,238,64,4,68,306
03/12/2013,BOI,ID,ANM,WE,Combined TRACON& Tower with Radar,91,33,40,8,172,0,2,63,23,88,91,35,103,31,260,40,6,46,306
03/13/2013,BOI,ID,ANM,WE,Combined TRACON& Tower with Radar,94,29,49,5,177,0,5,61,24,90,94,34,110,29,267,68,6,74,341
03/14/2013,BOI,ID,ANM,WE,Combined TRACON& Tower with Radar,92,42,70,5,209,0,11,80,17,108,92,53,150,22,317,31,3,34,351
03/15/2013,BOI,ID,ANM,WE,Combined TRACON& Tower with Radar,92,33,54,3,182,0,8,80,9,97,92,41,134,12,279,22,8,30,309
03/16/2013,BOI,ID,ANM,WE,Combined TRACON& Tower with Radar,78,18,30,5,131,0,9,61,3,73,78,27,91,8,204,98,0,98,302
03/17/2013,BOI,ID,ANM,WE,Combined TRACON& Tower with Radar,81,22,19,3,125,0,5,13,3,21,81,27,32,6,146,22,0,22,168
03/18/2013,BOI,ID,ANM,WE,Combined TRACON& Tower with Radar,92,26,24,3,145,0,8,47,20,75,92,34,71,23,220,46,14,60,280
03/19/2013,BOI,ID,ANM,WE,Combined TRACON& Tower with Radar,94,30,45,3,172,0,5,58,28,91,94,35,103,31,263,24,8,32,295
03/20/2013,BOI,ID,ANM,WE,Combined TRACON& Tower with Radar,98,38,46,5,187,0,0,17,15,32,98,38,63,20,219,18,4,22,241
03/21/2013,BOI,ID,ANM,WE,Combined TRACON& Tower with Radar,99,41,68,11,219,0,5,59,38,102,99,46,127,49,321,34,8,42,363
03/22/2013,BOI,ID,ANM,WE,Combined TRACON& Tower with Radar,99,35,44,16,194,0,3,25,2,30,99,38,69,18,224,20,5,25,249
03/23/2013,BOI,ID,ANM,WE,Combined TRACON& Tower with Radar,77,21,31,3,132,0,4,70,0,74,77,25,101,3,206,66,2,68,274
03/24/2013,BOI,ID,ANM,WE,Combined TRACON& Tower with Radar,86,21,28,1,136,0,1,71,0,72,86,22,99,1,208,34,0,34,242
03/25/2013,BOI,ID,ANM,WE,Combined TRACON& Tower with Radar,89,45,36,5,175,0,12,48,22,82,89,57,84,27,257,47,4,51,308
03/26/2013,BOI,ID,ANM,WE,Combined TRACON& Tower with Radar,93,31,42,14,180,0,0,43,31,74,93,31,85,45,254,52,28,80,334
03/27/2013,BOI,ID,ANM,WE,Combined TRACON& Tower with Radar,94,34,47,5,180,0,4,62,33,99,94,38,109,38,279,44,12,56,335
03/28/2013,BOI,ID,ANM,WE,Combined TRACON& Tower with Radar,94,37,68,22,221,0,5,146,50,201,94,42,214,72,422,0,0,0,422
03/29/2013,BOI,ID,ANM,WE,Combined TRACON& Tower with Radar,92,29,31,3,155,0,7,78,3,88,92,36,109,6,243,74,2,76,319
03/30/2013,BOI,ID,ANM,WE,Combined TRACON& Tower with Radar,72,21,22,0,115,0,7,66,0,73,72,28,88,0,188,82,0,82,270
03/31/2013,BOI,ID,ANM,WE,Combined TRACON& Tower with Radar,82,30,14,1,127,0,6,34,0,40,82,36,48,1,167,22,0,22,189
04/01/2013,BOI,ID,ANM,WE,Combined TRACON& Tower with Radar,89,31,49,4,173,0,5,43,14,62,89,36,92,18,235,38,12,50,285
04/02/2013,BOI,ID,ANM,WE,Combined TRACON& Tower with Radar,93,26,36,15,170,0,3,65,22,90,93,29,101,37,260,76,10,86,346
04/03/2013,BOI,ID,ANM,WE,Combined TRACON& Tower with Radar,92,32,48,11,183,0,6,66,28,100,92,38,114,39,283,108,16,124,407
04/04/2013,BOI,ID,ANM,WE,Combined TRACON& Tower with Radar,91,34,40,10,175,0,6,42,35,83,91,40,82,45,258,54,14,68,326
04/05/2013,BOI,ID,ANM,WE,Combined TRACON& Tower with Radar,91,35,54,12,192,0,5,43,9,57,91,40,97,21,249,48,2,50,299
04/06/2013,BOI,ID,ANM,WE,Combined TRACON& Tower with Radar,74,18,15,11,118,0,3,26,4,33,74,21,41,15,151,44,2,46,197
04/07/2013,BOI,ID,ANM,WE,Combined TRACON& Tower with Radar,85,24,22,8,139,0,4,13,4,21,85,28,35,12,160,6,0,6,166
04/08/2013,BOI,ID,ANM,WE,Combined TRACON& Tower with Radar,86,42,34,0,162,0,8,15,16,39,86,50,49,16,201,4,0,4,205
04/09/2013,BOI,ID,ANM,WE,Combined TRACON& Tower with Radar,92,33,49,11,185,0,9,58,27,94,92,42,107,38,279,24,4,28,307
04/10/2013,BOI,ID,ANM,WE,Combined TRACON& Tower with Radar,97,21,65,12,195,0,3,67,31,101,97,24,132,43,296,58,8,66,362
04/11/2013,BOI,ID,ANM,WE,Combined TRACON& Tower with Radar,98,27,63,11,199,0,7,51,23,81,98,34,114,34,280,50,6,56,336
04/12/2013,BOI,ID,ANM,WE,Combined TRACON& Tower with Radar,102,24,45,16,187,0,4,84,4,92,102,28,129,20,279,28,1,29,308
04/13/2013,BOI,ID,ANM,WE,Combined TRACON& Tower with Radar,75,12,17,0,104,0,3,7,0,10,75,15,24,0,114,0,0,0,114
04/14/2013,BOI,ID,ANM,WE,Combined TRACON& Tower with Radar,87,19,30,1,137,0,5,53,0,58,87,24,83,1,195,38,0,38,233
04/15/2013,BOI,ID,ANM,WE,Combined TRACON& Tower with Radar,93,33,58,9,193,0,5,54,31,90,93,38,112,40,283,50,2,52,335
04/16/2013,BOI,ID,ANM,WE,Combined TRACON& Tower with Radar,84,36,34,11,165,0,0,18,24,42,84,36,52,35,207,12,4,16,223
04/17/2013,BOI,ID,ANM,WE,Combined TRACON& Tower with Radar,85,20,48,17,170,0,0,57,18,75,85,20,105,35,245,44,4,48,293
04/18/2013,BOI,ID,ANM,WE,Combined TRACON& Tower with Radar,94,24,66,9,193,0,4,80,23,107,94,28,146,32,300,54,2,56,356
04/19/2013,BOI,ID,ANM,WE,Combined TRACON& Tower with Radar,97,35,39,12,183,0,2,18,6,26,97,37,57,18,209,32,6,38,247
04/20/2013,BOI,ID,ANM,WE,Combined TRACON& Tower with Radar,71,11,23,4,109,0,5,67,1,73,71,16,90,5,182,62,2,64,246
04/21/2013,BOI,ID,ANM,WE,Combined TRACON& Tower with Radar,89,14,21,6,130,0,1,70,19,90,89,15,91,25,220,72,2,74,294
04/22/2013,BOI,ID,ANM,WE,Combined TRACON& Tower with Radar,90,25,46,9,170,0,5,53,23,81,90,30,99,32,251,20,10,30,281
04/23/2013,BOI,ID,ANM,WE,Combined TRACON& Tower with Radar,92,34,66,10,202,0,7,107,19,133,92,41,173,29,335,110,0,110,445
04/24/2013,BOI,ID,ANM,WE,Combined TRACON& Tower with Radar,96,20,62,20,198,0,5,100,19,124,96,25,162,39,322,100,2,102,424
04/25/2013,BOI,ID,ANM,WE,Combined TRACON& Tower with Radar,100,36,75,12,223,0,10,92,21,123,100,46,167,33,346,100,4,104,450
04/26/2013,BOI,ID,ANM,WE,Combined TRACON& Tower with Radar,94,27,58,18,197,0,10,115,13,138,94,37,173,31,335,50,8,58,393
04/27/2013,BOI,ID,ANM,WE,Combined TRACON& Tower with Radar,67,18,21,0,106,0,10,81,12,103,67,28,102,12,209,104,0,104,313
04/28/2013,BOI,ID,ANM,WE,Combined TRACON& Tower with Radar,89,21,17,5,132,0,1,44,11,56,89,22,61,16,188,10,2,12,200
04/29/2013,BOI,ID,ANM,WE,Combined TRACON& Tower with Radar,92,32,48,7,179,0,8,47,13,68,92,40,95,20,247,48,0,48,295
04/30/2013,BOI,ID,ANM,WE,Combined TRACON& Tower with Radar,92,32,56,11,191,0,2,45,16,63,92,34,101,27,254,0,0,0,254
05/01/2013,BOI,ID,ANM,WE,Combined TRACON& Tower with Radar,94,22,60,6,182,0,4,71,18,93,94,26,131,24,275,76,8,84,359
05/02/2013,BOI,ID,ANM,WE,Combined TRACON& Tower with Radar,96,27,49,20,192,0,10,71,12,93,96,37,120,32,285,99,8,107,392
05/03/2013,BOI,ID,ANM,WE,Combined TRACON& Tower with Radar,90,28,50,17,185,0,12,70,16,98,90,40,120,33,283,44,2,46,329
05/04/2013,BOI,ID,ANM,WE,Combined TRACON& Tower with Radar,69,9,25,13,116,0,7,55,21,83,69,16,80,34,199,42,4,46,245
05/05/2013,BOI,ID,ANM,WE,Combined TRACON& Tower with Radar,81,26,29,0,136,0,10,56,7,73,81,36,85,7,209,40,2,42,251
05/06/2013,BOI,ID,ANM,WE,Combined TRACON& Tower with Radar,89,27,25,16,157,0,11,45,8,64,89,38,70,24,221,40,4,44,265
05/07/2013,BOI,ID,ANM,WE,Combined TRACON& Tower with Radar,93,31,62,12,198,0,4,53,29,86,93,35,115,41,284,26,8,34,318
05/08/2013,BOI,ID,ANM,WE,Combined TRACON& Tower with Radar,93,27,48,11,179,0,3,65,31,99,93,30,113,42,278,90,14,104,382
05/09/2013,BOI,ID,ANM,WE,Combined TRACON& Tower with Radar,97,32,51,17,197,0,11,64,30,105,97,43,115,47,302,30,4,34,336
05/10/2013,BOI,ID,ANM,WE,Combined TRACON& Tower with Radar,90,31,58,9,188,0,16,99,7,122,90,47,157,16,310,146,0,146,456
05/11/2013,BOI,ID,ANM,WE,Combined TRACON& Tower with Radar,69,18,25,4,116,0,6,83,8,97,69,24,108,12,213,26,0,26,239
05/12/2013,BOI,ID,ANM,WE,Combined TRACON& Tower with Radar,84,18,14,0,116,0,6,47,7,60,84,24,61,7,176,0,0,0,176
05/13/2013,BOI,ID,ANM,WE,Combined TRACON& Tower with Radar,90,30,48,13,181,0,6,37,30,73,90,36,85,43,254,44,8,52,306
05/14/2013,BOI,ID,ANM,WE,Combined TRACON& Tower with Radar,92,26,46,16,180,0,1,65,30,96,92,27,111,46,276,98,4,102,378
05/15/2013,BOI,ID,ANM,WE,Combined TRACON& Tower with Radar,85,30,43,21,179,0,2,86,28,116,85,32,129,49,295,110,2,112,407
05/16/2013,BOI,ID,ANM,WE,Combined TRACON& Tower with Radar,99,28,58,8,193,0,5,57,44,106,99,33,115,52,299,26,0,26,325
05/17/2013,BOI,ID,ANM,WE,Combined TRACON& Tower with Radar,95,35,35,1,166,0,8,38,9,55,95,43,73,10,221,54,0,54,275
05/18/2013,BOI,ID,ANM,WE,Combined TRACON& Tower with Radar,70,21,14,0,105,0,10,43,6,59,70,31,57,6,164,56,0,56,220
05/19/2013,BOI,ID,ANM,WE,Combined TRACON& Tower with Radar,84,22,17,0,123,0,9,27,2,38,84,31,44,2,161,18,0,18,179
05/20/2013,BOI,ID,ANM,WE,Combined TRACON& Tower with Radar,89,20,38,5,152,0,6,56,19,81,89,26,94,24,233,44,0,44,277
05/21/2013,BOI,ID,ANM,WE,Combined TRACON& Tower with Radar,90,26,36,15,167,0,3,51,33,87,90,29,87,48,254,20,28,48,302
05/22/2013,BOI,ID,ANM,WE,Combined TRACON& Tower with Radar,98,27,44,15,184,0,8,68,35,111,98,35,112,50,295,54,10,64,359
05/23/2013,BOI,ID,ANM,WE,Combined TRACON& Tower with Radar,96,31,65,9,201,0,4,89,57,150,96,35,154,66,351,68,0,68,419
05/24/2013,BOI,ID,ANM,WE,Combined TRACON& Tower with Radar,96,26,44,2,168,0,4,66,11,81,96,30,110,13,249,52,0,52,301
05/25/2013,BOI,ID,ANM,WE,Combined TRACON& Tower with Radar,66,11,20,0,97,0,8,98,0,106,66,19,118,0,203,64,0,64,267
05/26/2013,BOI,ID,ANM,WE,Combined TRACON& Tower with Radar,68,17,14,0,99,0,5,26,0,31,68,22,40,0,130,28,0,28,158
05/27/2013,BOI,ID,ANM,WE,Combined TRACON& Tower with Radar,84,27,22,0,133,0,10,57,0,67,84,37,79,0,200,14,0,14,214
05/28/2013,BOI,ID,ANM,WE,Combined TRACON& Tower with Radar,89,37,42,14,182,0,2,36,21,59,89,39,78,35,241,78,14,92,333
05/29/2013,BOI,ID,ANM,WE,Combined TRACON& Tower with Radar,97,28,39,2,166,0,4,49,29,82,97,32,88,31,248,94,18,112,360
05/30/2013,BOI,ID,ANM,WE,Combined TRACON& Tower with Radar,94,34,52,4,184,0,4,96,12,112,94,38,148,16,296,70,0,70,366
05/31/2013,BOI,ID,ANM,WE,Combined TRACON& Tower with Radar,93,28,48,10,179,0,3,97,6,106,93,31,145,16,285,54,4,58,343
06/01/2013,BOI,ID,ANM,WE,Combined TRACON& Tower with Radar,74,11,27,12,124,0,9,88,12,109,74,20,115,24,233,46,2,48,281
06/02/2013,BOI,ID,ANM,WE,Combined TRACON& Tower with Radar,91,27,18,11,147,0,7,76,10,93,91,34,94,21,240,38,0,38,278
06/03/2013,BOI,ID,ANM,WE,Combined TRACON& Tower with Radar,94,30,25,5,154,0,6,67,3,76,94,36,92,8,230,40,0,40,270
06/04/2013,BOI,ID,ANM,WE,Combined TRACON& Tower with Radar,93,28,43,18,182,0,11,86,28,125,93,39,129,46,307,54,16,70,377
06/05/2013,BOI,ID,ANM,WE,Combined TRACON& Tower with Radar,95,27,52,11,185,0,5,77,37,119,95,32,129,48,304,104,2,106,410
06/06/2013,BOI,ID,ANM,WE,Combined TRACON& Tower with Radar,104,34,62,18,218,0,5,82,27,114,104,39,144,45,332,72,32,104,436
06/07/2013,BOI,ID,ANM,WE,Combined TRACON& Tower with Radar,105,26,47,10,188,0,11,89,9,109,105,37,136,19,297,88,6,94,391
06/08/2013,BOI,ID,ANM,WE,Combined TRACON& Tower with Radar,79,20,24,1,124,0,10,82,0,92,79,30,106,1,216,86,0,86,302
06/09/2013,BOI,ID,ANM,WE,Combined TRACON& Tower with Radar,93,26,30,1,150,0,7,82,0,89,93,33,112,1,239,18,0,18,257
06/10/2013,BOI,ID,ANM,WE,Combined TRACON& Tower with Radar,88,33,41,11,173,0,8,78,20,106,88,41,119,31,279,40,6,46,325
06/11/2013,BOI,ID,ANM,WE,Combined TRACON& Tower with Radar,98,35,42,12,187,0,17,92,30,139,98,52,134,42,326,36,32,68,394
06/12/2013,BOI,ID,ANM,WE,Combined TRACON& Tower with Radar,99,33,41,13,186,0,16,87,29,132,99,49,128,42,318,20,8,28,346
06/13/2013,BOI,ID,ANM,WE,Combined TRACON& Tower with Radar,108,30,41,7,186,0,10,61,14,85,108,40,102,21,271,14,8,22,293
06/14/2013,BOI,ID,ANM,WE,Combined TRACON& Tower with Radar,104,30,52,11,197,0,13,110,6,129,104,43,162,17,326,60,2,62,388
06/15/2013,BOI,ID,ANM,WE,Combined TRACON& Tower with Radar,83,16,13,2,114,0,14,87,2,103,83,30,100,4,217,64,0,64,281
06/16/2013,BOI,ID,ANM,WE,Combined TRACON& Tower with Radar,91,19,31,0,141,0,11,82,4,97,91,30,113,4,238,0,0,0,238
06/17/2013,BOI,ID,ANM,WE,Combined TRACON& Tower with Radar,91,33,46,9,179,0,14,101,25,140,91,47,147,34,319,58,4,62,381
06/18/2013,BOI,ID,ANM,WE,Combined TRACON& Tower with Radar,98,33,41,13,185,0,10,75,35,120,98,43,116,48,305,0,0,0,305
06/19/2013,BOI,ID,ANM,WE,Combined TRACON& Tower with Radar,97,39,45,8,189,0,8,34,30,72,97,47,79,38,261,24,40,64,325
06/20/2013,BOI,ID,ANM,WE,Combined TRACON& Tower with Radar,100,33,45,14,192,0,8,65,42,115,100,41,110,56,307,52,38,90,397
06/21/2013,BOI,ID,ANM,WE,Combined TRACON& Tower with Radar,99,27,37,12,175,0,14,96,19,129,99,41,133,31,304,54,0,54,358
06/22/2013,BOI,ID,ANM,WE,Combined TRACON& Tower with Radar,84,21,22,2,129,0,12,98,4,114,84,33,120,6,243,10,0,10,253
06/23/2013,BOI,ID,ANM,WE,Combined TRACON& Tower with Radar,89,27,20,0,136,0,4,58,3,65,89,31,78,3,201,52,0,52,253
06/24/2013,BOI,ID,ANM,WE,Combined TRACON& Tower with Radar,91,41,55,0,187,0,10,54,28,92,91,51,109,28,279,42,8,50,329
06/25/2013,BOI,ID,ANM,WE,Combined TRACON& Tower with Radar,99,44,62,6,211,0,10,40,25,75,99,54,102,31,286,58,4,62,348
06/26/2013,BOI,ID,ANM,WE,Combined TRACON& Tower with Radar,102,36,52,6,196,0,15,101,48,164,102,51,153,54,360,66,8,74,434
06/27/2013,BOI,ID,ANM,WE,Combined TRACON& Tower with Radar,97,28,58,14,197,0,11,90,40,141,97,39,148,54,338,50,10,60,398
06/28/2013,BOI,ID,ANM,WE,Combined TRACON& Tower with Radar,92,32,42,5,171,0,13,92,4,109,92,45,134,9,280,42,4,46,326
06/29/2013,BOI,ID,ANM,WE,Combined TRACON& Tower with Radar,88,37,17,1,143,0,24,68,2,94,88,61,85,3,237,52,2,54,291
06/30/2013,BOI,ID,ANM,WE,Combined TRACON& Tower with Radar,91,17,26,2,136,0,12,87,0,99,91,29,113,2,235,48,0,48,283
07/01/2013,BOI,ID,ANM,WE,Combined TRACON& Tower with Radar,84,33,38,7,162,0,15,100,21,136,84,48,138,28,298,40,0,40,338
07/02/2013,BOI,ID,ANM,WE,Combined TRACON& Tower with Radar,99,31,42,6,178,0,16,126,25,167,99,47,168,31,345,24,4,28,373
07/03/2013,BOI,ID,ANM,WE,Combined TRACON& Tower with Radar,104,32,42,2,180,0,16,143,9,168,104,48,185,11,348,56,4,60,408
07/04/2013,BOI,ID,ANM,WE,Combined TRACON& Tower with Radar,69,19,11,0,99,0,12,69,2,83,69,31,80,2,182,28,0,28,210
07/05/2013,BOI,ID,ANM,WE,Combined TRACON& Tower with Radar,82,27,18,0,127,0,17,95,2,114,82,44,113,2,241,70,0,70,311
07/06/2013,BOI,ID,ANM,WE,Combined TRACON& Tower with Radar,79,26,18,0,123,0,14,96,3,113,79,40,114,3,236,74,0,74,310
07/07/2013,BOI,ID,ANM,WE,Combined TRACON& Tower with Radar,88,27,17,0,132,0,19,84,0,103,88,46,101,0,235,24,0,24,259
07/08/2013,BOI,ID,ANM,WE,Combined TRACON& Tower with Radar,93,32,46,3,174,0,15,94,16,125,93,47,140,19,299,98,2,100,399
07/09/2013,BOI,ID,ANM,WE,Combined TRACON& Tower with Radar,99,33,59,11,202,0,6,84,17,107,99,39,143,28,309,94,10,104,413
07/10/2013,BOI,ID,ANM,WE,Combined TRACON& Tower with Radar,95,40,51,10,196,0,19,101,28,148,95,59,152,38,344,86,10,96,440
07/11/2013,BOI,ID,ANM,WE,Combined TRACON& Tower with Radar,104,36,39,1,180,0,14,85,20,119,104,50,124,21,299,78,10,88,387
07/12/2013,BOI,ID,ANM,WE,Combined TRACON& Tower with Radar,99,34,41,2,176,0,28,137,5,170,99,62,178,7,346,97,0,97,443
07/13/2013,BOI,ID,ANM,WE,Combined TRACON& Tower with Radar,75,30,20,14,139,0,26,85,15,126,75,56,105,29,265,68,2,70,335
07/14/2013,BOI,ID,ANM,WE,Combined TRACON& Tower with Radar,92,25,32,15,164,0,14,90,9,113,92,39,122,24,277,14,0,14,291
07/15/2013,BOI,ID,ANM,WE,Combined TRACON& Tower with Radar,90,36,35,2,163,0,14,152,18,184,90,50,187,20,347,46,6,52,399
07/16/2013,BOI,ID,ANM,WE,Combined TRACON& Tower with Radar,96,36,59,6,197,0,22,191,28,241,96,58,250,34,438,80,4,84,522
07/17/2013,BOI,ID,ANM,WE,Combined TRACON& Tower with Radar,102,42,41,12,197,0,11,231,40,282,102,53,272,52,479,88,26,114,593
07/18/2013,BOI,ID,ANM,WE,Combined TRACON& Tower with Radar,102,39,52,11,204,0,20,262,23,305,102,59,314,34,509,94,2,96,605
07/19/2013,BOI,ID,ANM,WE,Combined TRACON& Tower with Radar,97,35,57,6,195,1,29,168,6,204,98,64,225,12,399,150,0,150,549
07/20/2013,BOI,ID,ANM,WE,Combined TRACON& Tower with Radar,74,28,41,9,152,0,19,134,7,160,74,47,175,16,312,72,0,72,384
07/21/2013,BOI,ID,ANM,WE,Combined TRACON& Tower with Radar,88,35,27,3,153,0,23,91,17,131,88,58,118,20,284,12,0,12,296
07/22/2013,BOI,ID,ANM,WE,Combined TRACON& Tower with Radar,94,28,43,9,174,0,31,119,37,187,94,59,162,46,361,36,0,36,397
07/23/2013,BOI,ID,ANM,WE,Combined TRACON& Tower with Radar,97,33,57,21,208,0,19,101,16,136,97,52,158,37,344,100,8,108,452
07/24/2013,BOI,ID,ANM,WE,Combined TRACON& Tower with Radar,97,35,51,28,211,0,25,115,32,172,97,60,166,60,383,112,18,130,513
07/25/2013,BOI,ID,ANM,WE,Combined TRACON& Tower with Radar,104,31,48,29,212,2,30,107,42,181,106,61,155,71,393,76,22,98,491
07/26/2013,BOI,ID,ANM,WE,Combined TRACON& Tower with Radar,101,33,51,16,201,2,16,116,10,144,103,49,167,26,345,54,2,56,401
07/27/2013,BOI,ID,ANM,WE,Combined TRACON& Tower with Radar,77,23,15,18,133,0,19,87,9,115,77,42,102,27,248,38,8,46,294
07/28/2013,BOI,ID,ANM,WE,Combined TRACON& Tower with Radar,86,28,30,12,156,0,11,111,20,142,86,39,141,32,298,72,0,72,370
07/29/2013,BOI,ID,ANM,WE,Combined TRACON& Tower with Radar,99,35,43,22,199,0,25,139,46,210,99,60,182,68,409,54,6,60,469
07/30/2013,BOI,ID,ANM,WE,Combined TRACON& Tower with Radar,95,42,50,9,196,0,21,110,19,150,95,63,160,28,346,160,12,172,518
07/31/2013,BOI,ID,ANM,WE,Combined TRACON& Tower with Radar,101,35,47,28,211,8,24,92,28,152,109,59,139,56,363,54,26,80,443
08/01/2013,BOI,ID,ANM,WE,Combined TRACON& Tower with Radar,101,31,71,21,224,6,30,93,24,153,107,61,164,45,377,90,24,114,491
08/02/2013,BOI,ID,ANM,WE,Combined TRACON& Tower with Radar,98,22,45,22,187,1,25,101,20,147,99,47,146,42,334,60,4,64,398
08/03/2013,BOI,ID,ANM,WE,Combined TRACON& Tower with Radar,77,29,29,25,160,0,24,106,38,168,77,53,135,63,328,86,6,92,420
08/04/2013,BOI,ID,ANM,WE,Combined TRACON& Tower with Radar,92,32,30,15,169,0,13,179,38,230,92,45,209,53,399,6,0,6,405
08/05/2013,BOI,ID,ANM,WE,Combined TRACON& Tower with Radar,102,39,52,11,204,0,20,262,23,305,102,59,314,34,509,178,22,200,709
08/06/2013,BOI,ID,ANM,WE,Combined TRACON& Tower with Radar,98,32,45,15,190,0,20,160,31,211,98,52,205,46,401,116,12,128,529
08/07/2013,BOI,ID,ANM,WE,Combined TRACON& Tower with Radar,97,23,38,12,170,5,15,97,49,166,102,38,135,61,336,72,4,76,412
08/08/2013,BOI,ID,ANM,WE,Combined TRACON& Tower with Radar,100,41,26,6,173,3,32,138,48,221,103,73,164,54,394,88,18,106,500
08/09/2013,BOI,ID,ANM,WE,Combined TRACON& Tower with Radar,107,39,41,7,194,1,19,227,20,267,108,58,268,27,461,84,0,84,545
08/10/2013,BOI,ID,ANM,WE,Combined TRACON& Tower with Radar,77,26,35,9,147,0,25,235,29,289,77,51,270,38,436,28,0,28,464
08/11/2013,BOI,ID,ANM,WE,Combined TRACON& Tower with Radar,90,39,38,4,171,0,14,141,12,167,90,53,179,16,338,36,0,36,374
08/12/2013,BOI,ID,ANM,WE,Combined TRACON& Tower with Radar,94,28,51,17,190,0,15,85,24,124,94,43,136,41,314,90,2,92,406
08/13/2013,BOI,ID,ANM,WE,Combined TRACON& Tower with Radar,98,31,73,10,212,0,32,143,40,215,98,63,216,50,427,58,0,58,485
08/14/2013,BOI,ID,ANM,WE,Combined TRACON& Tower with Radar,100,33,67,18,218,0,15,122,26,163,100,48,189,44,381,78,8,86,467
08/15/2013,BOI,ID,ANM,WE,Combined TRACON& Tower with Radar,98,27,91,17,233,0,23,118,35,176,98,50,209,52,409,40,0,40,449
08/16/2013,BOI,ID,ANM,WE,Combined TRACON& Tower with Radar,105,32,50,10,197,0,13,125,28,166,105,45,175,38,363,82,4,86,449
08/17/2013,BOI,ID,ANM,WE,Combined TRACON& Tower with Radar,84,27,31,3,145,0,23,120,22,165,84,50,151,25,310,86,0,86,396
08/18/2013,BOI,ID,ANM,WE,Combined TRACON& Tower with Radar,88,16,40,3,147,0,14,87,24,125,88,30,127,27,272,54,22,76,348
08/19/2013,BOI,ID,ANM,WE,Combined TRACON& Tower with Radar,96,31,40,8,175,0,17,101,18,136,96,48,141,26,311,60,2,62,373
08/20/2013,BOI,ID,ANM,WE,Combined TRACON& Tower with Radar,101,30,53,9,193,0,41,106,40,187,101,71,159,49,380,76,20,96,476
08/21/2013,BOI,ID,ANM,WE,Combined TRACON& Tower with Radar,99,25,59,14,197,0,16,78,21,115,99,41,137,35,312,56,4,60,372
08/22/2013,BOI,ID,ANM,WE,Combined TRACON& Tower with Radar,102,31,57,13,203,0,11,83,27,121,102,42,140,40,324,26,8,34,358
08/23/2013,BOI,ID,ANM,WE,Combined TRACON& Tower with Radar,97,33,37,18,185,0,14,135,29,178,97,47,172,47,363,4,0,4,367
08/24/2013,BOI,ID,ANM,WE,Combined TRACON& Tower with Radar,82,23,23,0,128,0,16,107,10,133,82,39,130,10,261,54,0,54,315
08/25/2013,BOI,ID,ANM,WE,Combined TRACON& Tower with Radar,88,23,39,4,154,0,19,95,5,119,88,42,134,9,273,38,0,38,311
08/26/2013,BOI,ID,ANM,WE,Combined TRACON& Tower with Radar,90,30,66,12,198,1,9,81,25,116,91,39,147,37,314,62,0,62,376
08/27/2013,BOI,ID,ANM,WE,Combined TRACON& Tower with Radar,98,24,61,15,198,0,8,98,25,131,98,32,159,40,329,82,12,94,423
08/28/2013,BOI,ID,ANM,WE,Combined TRACON& Tower with Radar,102,37,49,14,202,0,19,75,26,120,102,56,124,40,322,54,8,62,384
08/29/2013,BOI,ID,ANM,WE,Combined TRACON& Tower with Radar,100,36,46,11,193,0,12,155,25,192,100,48,201,36,385,46,12,58,443
08/30/2013,BOI,ID,ANM,WE,Combined TRACON& Tower with Radar,100,27,59,2,188,0,12,180,5,197,100,39,239,7,385,30,8,38,423
08/31/2013,BOI,ID,ANM,WE,Combined TRACON& Tower with Radar,75,7,29,0,111,0,15,91,0,106,75,22,120,0,217,34,0,34,251
09/01/2013,BOI,ID,ANM,WE,Combined TRACON& Tower with Radar,71,13,37,0,121,0,13,96,0,109,71,26,133,0,230,26,0,26,256
09/02/2013,BOI,ID,ANM,WE,Combined TRACON& Tower with Radar,88,22,21,2,133,0,9,60,0,69,88,31,81,2,202,78,0,78,280
09/03/2013,BOI,ID,ANM,WE,Combined TRACON& Tower with Radar,84,35,33,6,158,0,9,54,14,77,84,44,87,20,235,34,10,44,279
09/04/2013,BOI,ID,ANM,WE,Combined TRACON& Tower with Radar,91,25,66,10,192,0,11,92,18,121,91,36,158,28,313,56,34,90,403
09/05/2013,BOI,ID,ANM,WE,Combined TRACON& Tower with Radar,94,31,43,5,173,0,5,54,16,75,94,36,97,21,248,54,12,66,314
09/06/2013,BOI,ID,ANM,WE,Combined TRACON& Tower with Radar,93,30,51,9,183,0,9,92,14,115,93,39,143,23,298,74,6,80,378
09/07/2013,BOI,ID,ANM,WE,Combined TRACON& Tower with Radar,77,9,19,18,123,0,9,109,38,156,77,18,128,56,279,38,2,40,319
09/08/2013,BOI,ID,ANM,WE,Combined TRACON& Tower with Radar,92,20,25,4,141,0,5,77,12,94,92,25,102,16,235,32,0,32,267
09/09/2013,BOI,ID,ANM,WE,Combined TRACON& Tower with Radar,84,26,38,1,149,0,6,59,12,77,84,32,97,13,226,36,0,36,262
09/10/2013,BOI,ID,ANM,WE,Combined TRACON& Tower with Radar,86,21,53,12,172,0,11,90,12,113,86,32,143,24,285,28,12,40,325
09/11/2013,BOI,ID,ANM,WE,Combined TRACON& Tower with Radar,93,22,57,19,191,0,4,86,12,102,93,26,143,31,293,84,14,98,391
09/12/2013,BOI,ID,ANM,WE,Combined TRACON& Tower with Radar,94,35,64,13,206,0,3,83,16,102,94,38,147,29,308,48,16,64,372
09/13/2013,BOI,ID,ANM,WE,Combined TRACON& Tower with Radar,95,31,63,21,210,0,7,93,5,105,95,38,156,26,315,54,4,58,373
09/14/2013,BOI,ID,ANM,WE,Combined TRACON& Tower with Radar,76,17,29,11,133,0,6,72,0,78,76,23,101,11,211,40,0,40,251
09/15/2013,BOI,ID,ANM,WE,Combined TRACON& Tower with Radar,92,23,34,4,153,0,5,61,0,66,92,28,95,4,219,26,2,28,247
09/16/2013,BOI,ID,ANM,WE,Combined TRACON& Tower with Radar,84,33,38,12,167,0,10,99,13,122,84,43,137,25,289,28,4,32,321
09/17/2013,BOI,ID,ANM,WE,Combined TRACON& Tower with Radar,85,31,51,10,177,0,9,71,23,103,85,40,122,33,280,50,2,52,332
09/18/2013,BOI,ID,ANM,WE,Combined TRACON& Tower with Radar,91,36,64,15,206,0,10,57,34,101,91,46,121,49,307,78,8,86,393
09/19/2013,BOI,ID,ANM,WE,Combined TRACON& Tower with Radar,95,32,48,11,186,0,10,97,41,148,95,42,145,52,334,0,0,0,334
09/20/2013,BOI,ID,ANM,WE,Combined TRACON& Tower with Radar,91,31,41,19,182,0,10,78,7,95,91,41,119,26,277,50,8,58,335
09/21/2013,BOI,ID,ANM,WE,Combined TRACON& Tower with Radar,77,20,27,7,131,0,13,96,0,109,77,33,123,7,240,66,8,74,314
09/22/2013,BOI,ID,ANM,WE,Combined TRACON& Tower with Radar,88,22,35,4,149,0,7,42,0,49,88,29,77,4,198,66,0,66,264
09/23/2013,BOI,ID,ANM,WE,Combined TRACON& Tower with Radar,88,26,35,4,153,0,12,62,20,94,88,38,97,24,247,32,0,32,279
09/24/2013,BOI,ID,ANM,WE,Combined TRACON& Tower with Radar,87,29,44,5,165,0,2,30,18,50,87,31,74,23,215,48,2,50,265
09/25/2013,BOI,ID,ANM,WE,Combined TRACON& Tower with Radar,91,30,48,2,171,0,2,21,18,41,91,32,69,20,212,38,14,52,264
09/26/2013,BOI,ID,ANM,WE,Combined TRACON& Tower with Radar,96,39,62,15,212,0,2,22,14,38,96,41,84,29,250,38,12,50,300
09/27/2013,BOI,ID,ANM,WE,Combined TRACON& Tower with Radar,93,33,56,12,194,0,10,82,5,97,93,43,138,17,291,96,0,96,387
09/28/2013,BOI,ID,ANM,WE,Combined TRACON& Tower with Radar,73,20,39,3,135,0,9,67,1,77,73,29,106,4,212,56,0,56,268
09/29/2013,BOI,ID,ANM,WE,Combined TRACON& Tower with Radar,83,30,21,9,143,0,1,14,1,16,83,31,35,10,159,18,0,18,177
09/30/2013,BOI,ID,ANM,WE,Combined TRACON& Tower with Radar,90,31,65,8,194,0,5,38,15,58,90,36,103,23,252,40,4,44,296
10/01/2013,BOI,ID,ANM,WE,Combined TRACON& Tower with Radar,83,34,59,5,181,0,2,77,3,82,83,36,136,8,263,120,0,120,383
10/02/2013,BOI,ID,ANM,WE,Combined TRACON& Tower with Radar,90,43,45,14,192,0,5,97,10,112,90,48,142,24,304,132,4,136,440
10/03/2013,BOI,ID,ANM,WE,Combined TRACON& Tower with Radar,92,36,58,11,197,0,5,29,2,36,92,41,87,13,233,30,6,36,269
10/04/2013,BOI,ID,ANM,WE,Combined TRACON& Tower with Radar,86,41,54,19,200,0,4,120,6,130,86,45,174,25,330,74,0,74,404
10/05/2013,BOI,ID,ANM,WE,Combined TRACON& Tower with Radar,74,14,34,6,128,0,9,90,5,104,74,23,124,11,232,94,0,94,326
10/06/2013,BOI,ID,ANM,WE,Combined TRACON& Tower with Radar,80,25,28,1,134,0,8,88,4,100,80,33,116,5,234,0,0,0,234
10/07/2013,BOI,ID,ANM,WE,Combined TRACON& Tower with Radar,81,32,49,15,177,0,3,75,0,78,81,35,124,15,255,42,0,42,297
10/08/2013,BOI,ID,ANM,WE,Combined TRACON& Tower with Radar,84,29,48,16,177,0,15,60,7,82,84,44,108,23,259,44,0,44,303
10/09/2013,BOI,ID,ANM,WE,Combined TRACON& Tower with Radar,87,36,54,20,197,0,10,53,10,73,87,46,107,30,270,84,6,90,360
10/10/2013,BOI,ID,ANM,WE,Combined TRACON& Tower with Radar,95,37,35,14,181,0,5,75,4,84,95,42,110,18,265,54,0,54,319
10/11/2013,BOI,ID,ANM,WE,Combined TRACON& Tower with Radar,91,38,62,16,207,0,3,80,11,94,91,41,142,27,301,78,2,80,381
10/12/2013,BOI,ID,ANM,WE,Combined TRACON& Tower with Radar,73,29,38,4,144,0,8,59,0,67,73,37,97,4,211,72,0,72,283
10/13/2013,BOI,ID,ANM,WE,Combined TRACON& Tower with Radar,81,32,21,3,137,0,5,48,0,53,81,37,69,3,190,50,0,50,240
10/14/2013,BOI,ID,ANM,WE,Combined TRACON& Tower with Radar,79,30,40,1,150,0,7,70,0,77,79,37,110,1,227,102,0,102,329
10/15/2013,BOI,ID,ANM,WE,Combined TRACON& Tower with Radar,85,27,57,23,192,0,7,69,6,82,85,34,126,29,274,46,24,70,344
10/16/2013,BOI,ID,ANM,WE,Combined TRACON& Tower with Radar,88,38,56,10,192,0,6,79,11,96,88,44,135,21,288,54,2,56,344
10/17/2013,BOI,ID,ANM,WE,Combined TRACON& Tower with Radar,92,34,63,19,208,0,7,90,16,113,92,41,153,35,321,50,18,68,389
10/18/2013,BOI,ID,ANM,WE,Combined TRACON& Tower with Radar,88,36,32,14,170,0,2,89,32,123,88,38,121,46,293,36,30,66,359
10/19/2013,BOI,ID,ANM,WE,Combined TRACON& Tower with Radar,74,14,17,2,107,0,4,66,20,90,74,18,83,22,197,68,0,68,265
10/20/2013,BOI,ID,ANM,WE,Combined TRACON& Tower with Radar,81,23,32,4,140,0,5,72,19,96,81,28,104,23,236,34,0,34,270
10/21/2013,BOI,ID,ANM,WE,Combined TRACON& Tower with Radar,80,36,34,24,174,0,10,56,38,104,80,46,90,62,278,66,10,76,354
10/22/2013,BOI,ID,ANM,WE,Combined TRACON& Tower with Radar,84,30,37,13,164,0,2,81,48,131,84,32,118,61,295,110,20,130,425
10/23/2013,BOI,ID,ANM,WE,Combined TRACON& Tower with Radar,88,31,62,21,202,0,8,81,25,114,88,39,143,46,316,42,6,48,364
10/24/2013,BOI,ID,ANM,WE,Combined TRACON& Tower with Radar,90,35,43,21,189,0,6,74,42,122,90,41,117,63,311,86,12,98,409
10/25/2013,BOI,ID,ANM,WE,Combined TRACON& Tower with Radar,88,35,54,9,186,0,6,68,7,81,88,41,122,16,267,56,16,72,339
10/26/2013,BOI,ID,ANM,WE,Combined TRACON& Tower with Radar,71,21,31,27,150,0,7,75,15,97,71,28,106,42,247,58,46,104,351
10/27/2013,BOI,ID,ANM,WE,Combined TRACON& Tower with Radar,76,30,26,2,134,1,5,54,13,73,77,35,80,15,207,0,0,0,207
10/28/2013,BOI,ID,ANM,WE,Combined TRACON& Tower with Radar,84,43,40,1,168,0,0,9,2,11,84,43,49,3,179,6,0,6,185
10/29/2013,BOI,ID,ANM,WE,Combined TRACON& Tower with Radar,85,30,51,20,186,0,5,48,50,103,85,35,99,70,289,100,10,110,399
10/30/2013,BOI,ID,ANM,WE,Combined TRACON& Tower with Radar,87,27,56,25,195,0,6,61,46,113,87,33,117,71,308,108,30,138,446
10/31/2013,BOI,ID,ANM,WE,Combined TRACON& Tower with Radar,86,29,37,16,168,0,7,39,49,95,86,36,76,65,263,56,4,60,323
11/01/2013,BOI,ID,ANM,WE,Combined TRACON& Tower with Radar,88,35,33,12,168,0,9,79,40,128,88,44,112,52,296,96,52,148,444
11/02/2013,BOI,ID,ANM,WE,Combined TRACON& Tower with Radar,73,24,22,19,138,0,6,56,41,103,73,30,78,60,241,54,14,68,309
11/03/2013,BOI,ID,ANM,WE,Combined TRACON& Tower with Radar,83,31,28,4,146,0,1,31,24,56,83,32,59,28,202,12,16,28,230
11/04/2013,BOI,ID,ANM,WE,Combined TRACON& Tower with Radar,82,41,39,5,167,0,2,18,23,43,82,43,57,28,210,32,0,32,242
11/05/2013,BOI,ID,ANM,WE,Combined TRACON& Tower with Radar,87,50,41,34,212,0,2,27,24,53,87,52,68,58,265,56,45,101,366
11/06/2013,BOI,ID,ANM,WE,Combined TRACON& Tower with Radar,87,32,37,18,174,0,0,16,33,49,87,32,53,51,223,20,22,42,265
11/07/2013,BOI,ID,ANM,WE,Combined TRACON& Tower with Radar,89,45,60,14,208,0,1,36,57,94,89,46,96,71,302,27,31,58,360
11/08/2013,BOI,ID,ANM,WE,Combined TRACON& Tower with Radar,90,39,44,8,181,0,4,93,23,120,90,43,137,31,301,76,24,100,401
11/09/2013,BOI,ID,ANM,WE,Combined TRACON& Tower with Radar,74,23,20,2,119,0,5,69,24,98,74,28,89,26,217,0,0,0,217
11/10/2013,BOI,ID,ANM,WE,Combined TRACON& Tower with Radar,82,34,10,0,126,0,2,64,22,88,82,36,74,22,214,76,2,78,292
11/11/2013,BOI,ID,ANM,WE,Combined TRACON& Tower with Radar,84,39,27,3,153,0,4,57,23,84,84,43,84,26,237,0,0,0,237
11/12/2013,BOI,ID,ANM,WE,Combined TRACON& Tower with Radar,88,23,47,20,178,0,9,45,48,102,88,32,92,68,280,0,0,0,280
11/13/2013,BOI,ID,ANM,WE,Combined TRACON& Tower with Radar,86,34,36,15,171,0,7,59,54,120,86,41,95,69,291,38,14,52,343
11/14/2013,BOI,ID,ANM,WE,Combined TRACON& Tower with Radar,93,33,47,13,186,0,3,56,32,91,93,36,103,45,277,62,14,76,353
11/15/2013,BOI,ID,ANM,WE,Combined TRACON& Tower with Radar,92,48,56,8,204,0,11,67,3,81,92,59,123,11,285,40,6,46,331
11/16/2013,BOI,ID,ANM,WE,Combined TRACON& Tower with Radar,77,35,23,0,135,0,0,11,1,12,77,35,34,1,147,28,0,28,175
11/17/2013,BOI,ID,ANM,WE,Combined TRACON& Tower with Radar,83,36,28,1,148,0,4,51,2,57,83,40,79,3,205,52,4,56,261
11/18/2013,BOI,ID,ANM,WE,Combined TRACON& Tower with Radar,85,39,38,18,180,0,5,48,25,78,85,44,86,43,258,9,8,17,275
11/19/2013,BOI,ID,ANM,WE,Combined TRACON& Tower with Radar,85,26,52,9,172,0,2,24,35,61,85,28,76,44,233,36,8,44,277
11/20/2013,BOI,ID,ANM,WE,Combined TRACON& Tower with Radar,91,46,66,9,212,0,0,28,33,61,91,46,94,42,273,48,14,62,335
11/21/2013,BOI,ID,ANM,WE,Combined TRACON& Tower with Radar,92,28,57,15,192,0,5,71,30,106,92,33,128,45,298,118,26,144,442
11/22/2013,BOI,ID,ANM,WE,Combined TRACON& Tower with Radar,92,32,61,8,193,0,4,76,7,87,92,36,137,15,280,142,2,144,424
11/23/2013,BOI,ID,ANM,WE,Combined TRACON& Tower with Radar,85,26,26,0,137,0,10,92,1,103,85,36,118,1,240,0,0,0,240
11/24/2013,BOI,ID,ANM,WE,Combined TRACON& Tower with Radar,82,27,14,10,133,0,4,68,0,72,82,31,82,10,205,52,0,52,257
11/25/2013,BOI,ID,ANM,WE,Combined TRACON& Tower with Radar,82,30,35,11,158,0,5,58,38,101,82,35,93,49,259,58,24,82,341
11/26/2013,BOI,ID,ANM,WE,Combined TRACON& Tower with Radar,97,25,38,17,177,0,13,54,31,98,97,38,92,48,275,66,32,98,373
11/27/2013,BOI,ID,ANM,WE,Combined TRACON& Tower with Radar,91,26,38,9,164,0,12,54,15,81,91,38,92,24,245,36,4,40,285
11/28/2013,BOI,ID,ANM,WE,Combined TRACON& Tower with Radar,55,15,3,0,73,0,1,26,0,27,55,16,29,0,100,10,0,10,110
11/29/2013,BOI,ID,ANM,WE,Combined TRACON& Tower with Radar,72,20,34,4,130,0,8,57,3,68,72,28,91,7,198,70,4,74,272
11/30/2013,BOI,ID,ANM,WE,Combined TRACON& Tower with Radar,85,32,27,1,145,0,2,33,0,35,85,34,60,1,180,90,0,90,270
12/01/2013,BOI,ID,ANM,WE,Combined TRACON& Tower with Radar,99,27,44,0,170,0,1,9,0,10,99,28,53,0,180,68,0,68,248
12/02/2013,BOI,ID,ANM,WE,Combined TRACON& Tower with Radar,91,27,43,12,173,0,1,14,17,32,91,28,57,29,205,8,0,8,213
12/03/2013,BOI,ID,ANM,WE,Combined TRACON& Tower with Radar,97,32,43,14,186,0,3,36,33,72,97,35,79,47,258,64,16,80,338
12/04/2013,BOI,ID,ANM,WE,Combined TRACON& Tower with Radar,99,31,36,16,182,0,3,18,27,48,99,34,54,43,230,50,10,60,290
12/05/2013,BOI,ID,ANM,WE,Combined TRACON& Tower with Radar,100,32,45,4,181,0,3,59,13,75,100,35,104,17,256,62,0,62,318
12/06/2013,BOI,ID,ANM,WE,Combined TRACON& Tower with Radar,93,29,43,6,171,0,8,37,1,46,93,37,80,7,217,78,2,80,297
12/07/2013,BOI,ID,ANM,WE,Combined TRACON& Tower with Radar,84,21,21,0,126,0,0,1,0,1,84,21,22,0,127,0,0,0,127
12/08/2013,BOI,ID,ANM,WE,Combined TRACON& Tower with Radar,83,24,17,0,124,0,4,37,0,41,83,28,54,0,165,52,2,54,219
12/09/2013,BOI,ID,ANM,WE,Combined TRACON& Tower with Radar,93,29,44,4,170,0,5,63,24,92,93,34,107,28,262,88,4,92,354
12/10/2013,BOI,ID,ANM,WE,Combined TRACON& Tower with Radar,99,26,46,13,184,0,7,25,25,57,99,33,71,38,241,99,6,105,346
12/11/2013,BOI,ID,ANM,WE,Combined TRACON& Tower with Radar,98,32,48,15,193,0,9,65,30,104,98,41,113,45,297,105,26,131,428
12/12/2013,BOI,ID,ANM,WE,Combined TRACON& Tower with Radar,100,26,42,12,180,0,10,62,42,114,100,36,104,54,294,52,34,86,380
12/13/2013,BOI,ID,ANM,WE,Combined TRACON& Tower with Radar,96,33,37,7,173,0,2,40,2,44,96,35,77,9,217,94,2,96,313
12/14/2013,BOI,ID,ANM,WE,Combined TRACON& Tower with Radar,79,25,29,0,133,0,6,44,0,50,79,31,73,0,183,43,0,43,226
12/15/2013,BOI,ID,ANM,WE,Combined TRACON& Tower with Radar,88,23,18,4,133,0,3,56,4,63,88,26,74,8,196,87,0,87,283
12/16/2013,BOI,ID,ANM,WE,Combined TRACON& Tower with Radar,89,19,31,1,140,0,0,6,0,6,89,19,37,1,146,4,0,4,150
12/17/2013,BOI,ID,ANM,WE,Combined TRACON& Tower with Radar,99,26,35,0,160,0,0,6,0,6,99,26,41,0,166,36,0,36,202
12/18/2013,BOI,ID,ANM,WE,Combined TRACON& Tower with Radar,102,35,40,1,178,0,0,0,0,0,102,35,40,1,178,0,0,0,178
12/19/2013,BOI,ID,ANM,WE,Combined TRACON& Tower with Radar,114,43,59,16,232,0,9,57,42,108,114,52,116,58,340,108,40,148,488
12/20/2013,BOI,ID,ANM,WE,Combined TRACON& Tower with Radar,104,35,65,9,213,0,3,55,7,65,104,38,120,16,278,68,6,74,352
12/21/2013,BOI,ID,ANM,WE,Combined TRACON& Tower with Radar,102,28,27,0,157,0,2,41,1,44,102,30,68,1,201,68,0,68,269
12/22/2013,BOI,ID,ANM,WE,Combined TRACON& Tower with Radar,96,31,27,0,154,0,2,18,0,20,96,33,45,0,174,46,0,46,220
12/23/2013,BOI,ID,ANM,WE,Combined TRACON& Tower with Radar,92,40,21,21,174,0,4,12,12,28,92,44,33,33,202,24,2,26,228
12/24/2013,BOI,ID,ANM,WE,Combined TRACON& Tower with Radar,84,28,14,4,130,0,7,47,8,62,84,35,61,12,192,24,16,40,232
12/25/2013,BOI,ID,ANM,WE,Combined TRACON& Tower with Radar,71,24,1,0,96,0,1,18,0,19,71,25,19,0,115,12,0,12,127
12/26/2013,BOI,ID,ANM,WE,Combined TRACON& Tower with Radar,102,31,40,2,175,0,9,46,0,55,102,40,86,2,230,82,2,84,314
12/27/2013,BOI,ID,ANM,WE,Combined TRACON& Tower with Radar,97,41,33,2,173,0,2,57,0,59,97,43,90,2,232,98,0,98,330
12/28/2013,BOI,ID,ANM,WE,Combined TRACON& Tower with Radar,94,40,23,0,157,0,1,59,0,60,94,41,82,0,217,76,0,76,293
12/29/2013,BOI,ID,ANM,WE,Combined TRACON& Tower with Radar,88,26,28,0,142,0,7,56,0,63,88,33,84,0,205,84,0,84,289
12/30/2013,BOI,ID,ANM,WE,Combined TRACON& Tower with Radar,86,28,45,3,162,0,5,67,29,101,86,33,112,32,263,32,36,68,331
12/31/2013,BOI,ID,ANM,WE,Combined TRACON& Tower with Radar,85,34,33,5,157,0,5,32,15,52,85,39,65,20,209,60,2,62,271
01/01/2014,BOI,ID,ANM,WE,Combined TRACON& Tower with Radar,72,24,13,0,109,0,4,24,0,28,72,28,37,0,137,38,0,38,175
01/02/2014,BOI,ID,ANM,WE,Combined TRACON& Tower with Radar,94,33,45,5,177,0,6,66,17,89,94,39,111,22,266,0,0,0,266
01/03/2014,BOI,ID,ANM,WE,Combined TRACON& Tower with Radar,103,31,30,8,172,0,4,17,0,21,103,35,47,8,193,108,12,120,313
01/04/2014,BOI,ID,ANM,WE,Combined TRACON& Tower with Radar,83,25,43,3,154,0,6,72,2,80,83,31,115,5,234,0,0,0,234
01/05/2014,BOI,ID,ANM,WE,Combined TRACON& Tower with Radar,93,26,23,0,142,0,0,61,0,61,93,26,84,0,203,70,0,70,273
01/06/2014,BOI,ID,ANM,WE,Combined TRACON& Tower with Radar,87,34,33,12,166,0,6,49,39,94,87,40,82,51,260,18,6,24,284
01/07/2014,BOI,ID,ANM,WE,Combined TRACON& Tower with Radar,89,34,56,9,188,0,12,43,28,83,89,46,99,37,271,54,32,86,357
01/08/2014,BOI,ID,ANM,WE,Combined TRACON& Tower with Radar,88,37,36,8,169,0,0,2,7,9,88,37,38,15,178,26,6,32,210
01/09/2014,BOI,ID,ANM,WE,Combined TRACON& Tower with Radar,96,28,44,9,177,0,2,14,29,45,96,30,58,38,222,0,0,0,222
01/10/2014,BOI,ID,ANM,WE,Combined TRACON& Tower with Radar,93,27,29,14,163,0,6,35,10,51,93,33,64,24,214,94,8,102,316
01/11/2014,BOI,ID,ANM,WE,Combined TRACON& Tower with Radar,83,21,11,10,125,0,3,22,15,40,83,24,33,25,165,0,0,0,165
01/12/2014,BOI,ID,ANM,WE,Combined TRACON& Tower with Radar,85,25,22,7,139,0,4,14,13,31,85,29,36,20,170,36,6,42,212
01/13/2014,BOI,ID,ANM,WE,Combined TRACON& Tower with Radar,88,25,28,8,149,0,3,47,19,69,88,28,75,27,218,32,6,38,256
01/14/2014,BOI,ID,ANM,WE,Combined TRACON& Tower with Radar,91,29,39,10,169,0,5,81,25,111,91,34,120,35,280,108,36,144,424
01/15/2014,BOI,ID,ANM,WE,Combined TRACON& Tower with Radar,86,28,45,20,179,0,3,45,26,74,86,31,90,46,253,34,24,58,311
01/16/2014,BOI,ID,ANM,WE,Combined TRACON& Tower with Radar,93,37,49,12,191,0,6,91,19,116,93,43,140,31,307,100,0,100,407
01/17/2014,BOI,ID,ANM,WE,Combined TRACON& Tower with Radar,90,22,47,8,167,0,7,52,6,65,90,29,99,14,232,62,0,62,294
01/18/2014,BOI,ID,ANM,WE,Combined TRACON& Tower with Radar,79,13,20,2,114,0,3,31,3,37,79,16,51,5,151,44,0,44,195
01/19/2014,BOI,ID,ANM,WE,Combined TRACON& Tower with Radar,83,17,19,2,121,0,0,3,0,3,83,17,22,2,124,0,0,0,124
01/20/2014,BOI,ID,ANM,WE,Combined TRACON& Tower with Radar,86,30,23,6,145,0,1,4,0,5,86,31,27,6,150,8,0,8,158
01/21/2014,BOI,ID,ANM,WE,Combined TRACON& Tower with Radar,87,38,56,5,186,0,0,2,0,2,87,38,58,5,188,0,0,0,188
01/22/2014,BOI,ID,ANM,WE,Combined TRACON& Tower with Radar,89,26,23,3,141,0,0,0,1,1,89,26,23,4,142,0,0,0,142
01/23/2014,BOI,ID,ANM,WE,Combined TRACON& Tower with Radar,92,36,58,18,204,0,0,4,1,5,92,36,62,19,209,10,0,10,219
01/24/2014,BOI,ID,ANM,WE,Combined TRACON& Tower with Radar,93,32,57,9,191,0,0,4,0,4,93,32,61,9,195,4,0,4,199
01/25/2014,BOI,ID,ANM,WE,Combined TRACON& Tower with Radar,77,13,14,0,104,0,0,0,1,1,77,13,14,1,105,0,0,0,105
01/26/2014,BOI,ID,ANM,WE,Combined TRACON& Tower with Radar,84,25,24,0,133,0,0,0,0,0,84,25,24,0,133,0,0,0,133
01/27/2014,BOI,ID,ANM,WE,Combined TRACON& Tower with Radar,87,38,37,2,164,0,0,0,0,0,87,38,37,2,164,0,0,0,164
01/28/2014,BOI,ID,ANM,WE,Combined TRACON& Tower with Radar,86,35,48,20,189,0,5,15,19,39,86,40,63,39,228,60,6,66,294
01/29/2014,BOI,ID,ANM,WE,Combined TRACON& Tower with Radar,92,39,32,0,163,0,0,1,0,1,92,39,33,0,164,8,0,8,172
01/30/2014,BOI,ID,ANM,WE,Combined TRACON& Tower with Radar,94,36,62,16,208,0,4,72,25,101,94,40,134,41,309,60,16,76,385
01/31/2014,BOI,ID,ANM,WE,Combined TRACON& Tower with Radar,92,37,45,10,184,0,5,53,5,63,92,42,98,15,247,58,0,58,305
02/01/2014,BOI,ID,ANM,WE,Combined TRACON& Tower with Radar,78,20,16,0,114,0,3,76,0,79,78,23,92,0,193,174,0,174,367
02/02/2014,BOI,ID,ANM,WE,Combined TRACON& Tower with Radar,82,18,16,2,118,0,3,47,0,50,82,21,63,2,168,122,0,122,290
02/03/2014,BOI,ID,ANM,WE,Combined TRACON& Tower with Radar,85,27,30,6,148,0,5,31,17,53,85,32,61,23,201,132,32,164,365
02/04/2014,BOI,ID,ANM,WE,Combined TRACON& Tower with Radar,88,30,47,22,187,0,1,73,27,101,88,31,120,49,288,116,34,150,438
02/05/2014,BOI,ID,ANM,WE,Combined TRACON& Tower with Radar,87,40,45,20,192,0,0,1,2,3,87,40,46,22,195,8,12,20,215
02/06/2014,BOI,ID,ANM,WE,Combined TRACON& Tower with Radar,86,30,27,5,148,0,1,10,0,11,86,31,37,5,159,84,2,86,245
02/07/2014,BOI,ID,ANM,WE,Combined TRACON& Tower with Radar,96,38,43,5,182,0,0,5,5,10,96,38,48,10,192,26,0,26,218
02/08/2014,BOI,ID,ANM,WE,Combined TRACON& Tower with Radar,81,17,17,10,125,0,0,0,0,0,81,17,17,10,125,0,0,0,125
02/09/2014,BOI,ID,ANM,WE,Combined TRACON& Tower with Radar,81,29,23,25,158,0,2,40,24,66,81,31,63,49,224,124,10,134,358
02/10/2014,BOI,ID,ANM,WE,Combined TRACON& Tower with Radar,86,33,33,21,173,0,1,48,17,66,86,34,81,38,239,76,10,86,325
02/11/2014,BOI,ID,ANM,WE,Combined TRACON& Tower with Radar,86,35,48,18,187,0,7,58,32,97,86,42,106,50,284,166,46,212,496
02/12/2014,BOI,ID,ANM,WE,Combined TRACON& Tower with Radar,94,41,68,7,210,0,1,12,22,35,94,42,80,29,245,44,36,80,325
02/13/2014,BOI,ID,ANM,WE,Combined TRACON& Tower with Radar,98,32,50,8,188,0,7,46,31,84,98,39,96,39,272,82,22,104,376
02/14/2014,BOI,ID,ANM,WE,Combined TRACON& Tower with Radar,95,40,35,8,178,0,0,13,0,13,95,40,48,8,191,44,0,44,235
02/15/2014,BOI,ID,ANM,WE,Combined TRACON& Tower with Radar,91,17,25,1,134,0,1,47,0,48,91,18,72,1,182,128,0,128,310
02/16/2014,BOI,ID,ANM,WE,Combined TRACON& Tower with Radar,76,25,19,4,124,0,5,31,0,36,76,30,50,4,160,56,2,58,218
02/17/2014,BOI,ID,ANM,WE,Combined TRACON& Tower with Radar,90,27,46,3,166,0,8,102,0,110,90,35,148,3,276,152,0,152,428
02/18/2014,BOI,ID,ANM,WE,Combined TRACON& Tower with Radar,94,27,62,22,205,0,2,104,29,135,94,29,166,51,340,136,42,178,518
02/19/2014,BOI,ID,ANM,WE,Combined TRACON& Tower with Radar,92,40,46,19,197,0,7,56,30,93,92,47,102,49,290,110,52,162,452
02/20/2014,BOI,ID,ANM,WE,Combined TRACON& Tower with Radar,96,34,52,21,203,0,0,43,18,61,96,34,95,39,264,70,16,86,350
02/21/2014,BOI,ID,ANM,WE,Combined TRACON& Tower with Radar,98,27,49,16,190,0,6,84,3,93,98,33,133,19,283,132,10,142,425
02/22/2014,BOI,ID,ANM,WE,Combined TRACON& Tower with Radar,83,25,31,0,139,0,3,84,0,87,83,28,115,0,226,62,0,62,288
02/23/2014,BOI,ID,ANM,WE,Combined TRACON& Tower with Radar,85,27,42,10,164,0,4,76,0,80,85,31,118,10,244,93,40,133,377
02/24/2014,BOI,ID,ANM,WE,Combined TRACON& Tower with Radar,90,27,48,22,187,0,3,63,27,93,90,30,111,49,280,86,28,114,394
02/25/2014,BOI,ID,ANM,WE,Combined TRACON& Tower with Radar,92,31,64,14,201,0,1,82,39,122,92,32,146,53,323,128,36,164,487
02/26/2014,BOI,ID,ANM,WE,Combined TRACON& Tower with Radar,89,30,73,13,205,0,5,79,21,105,89,35,152,34,310,142,40,182,492
02/27/2014,BOI,ID,ANM,WE,Combined TRACON& Tower with Radar,97,27,36,1,161,0,0,25,34,59,97,27,61,35,220,90,18,108,328
02/28/2014,BOI,ID,ANM,WE,Combined TRACON& Tower with Radar,92,34,55,15,196,0,3,83,12,98,92,37,138,27,294,148,0,148,442
03/01/2014,BOI,ID,ANM,WE,Combined TRACON& Tower with Radar,89,14,32,6,141,0,3,47,14,64,89,17,79,20,205,92,4,96,301
03/02/2014,BOI,ID,ANM,WE,Combined TRACON& Tower with Radar,84,23,27,7,141,0,2,19,14,35,84,25,46,21,176,56,4,60,236
03/03/2014,BOI,ID,ANM,WE,Combined TRACON& Tower with Radar,91,33,35,5,164,0,2,29,21,52,91,35,64,26,216,112,14,126,342
03/04/2014,BOI,ID,ANM,WE,Combined TRACON& Tower with Radar,98,27,51,23,199,0,3,55,26,84,98,30,106,49,283,230,26,256,539
03/05/2014,BOI,ID,ANM,WE,Combined TRACON& Tower with Radar,89,34,71,12,206,0,1,47,16,64,89,35,118,28,270,112,22,134,404
03/06/2014,BOI,ID,ANM,WE,Combined TRACON& Tower with Radar,91,39,65,16,211,0,5,52,29,86,91,44,117,45,297,106,62,168,465
03/07/2014,BOI,ID,ANM,WE,Combined TRACON& Tower with Radar,88,34,62,5,189,0,3,75,2,80,88,37,137,7,269,104,0,104,373
03/08/2014,BOI,ID,ANM,WE,Combined TRACON& Tower with Radar,74,25,33,4,136,0,2,218,0,220,74,27,251,4,356,128,0,128,484
03/09/2014,BOI,ID,ANM,WE,Combined TRACON& Tower with Radar,80,21,20,7,128,0,2,22,0,24,80,23,42,7,152,58,0,58,210
03/10/2014,BOI,ID,ANM,WE,Combined TRACON& Tower with Radar,87,30,40,4,161,0,4,4,19,27,87,34,44,23,188,14,6,20,208
03/11/2014,BOI,ID,ANM,WE,Combined TRACON& Tower with Radar,84,33,55,2,174,0,3,46,29,78,84,36,101,31,252,156,38,194,446
03/12/2014,BOI,ID,ANM,WE,Combined TRACON& Tower with Radar,89,31,54,8,182,0,11,119,25,155,89,42,173,33,337,198,16,214,551
03/13/2014,BOI,ID,ANM,WE,Combined TRACON& Tower with Radar,87,34,77,13,211,0,10,90,26,126,87,44,167,39,337,102,2,104,441
03/14/2014,BOI,ID,ANM,WE,Combined TRACON& Tower with Radar,89,30,54,5,178,0,6,69,0,75,89,36,123,5,253,106,0,106,359
03/15/2014,BOI,ID,ANM,WE,Combined TRACON& Tower with Radar,70,22,37,0,129,0,1,83,0,84,70,23,120,0,213,56,0,56,269
03/16/2014,BOI,ID,ANM,WE,Combined TRACON& Tower with Radar,84,18,22,4,128,0,3,69,1,73,84,21,91,5,201,56,0,56,257
03/17/2014,BOI,ID,ANM,WE,Combined TRACON& Tower with Radar,82,43,31,1,157,0,3,6,1,10,82,46,37,2,167,8,0,8,175
03/18/2014,BOI,ID,ANM,WE,Combined TRACON& Tower with Radar,85,32,55,6,178,0,6,99,32,137,85,38,154,38,315,100,36,136,451
03/19/2014,BOI,ID,ANM,WE,Combined TRACON& Tower with Radar,89,37,55,43,224,0,4,69,26,99,89,41,124,69,323,112,58,170,493
03/20/2014,BOI,ID,ANM,WE,Combined TRACON& Tower with Radar,89,32,70,6,197,0,6,55,34,95,89,38,125,40,292,36,6,42,334
03/21/2014,BOI,ID,ANM,WE,Combined TRACON& Tower with Radar,94,32,56,5,187,0,4,83,5,92,94,36,139,10,279,134,6,140,419
03/22/2014,BOI,ID,ANM,WE,Combined TRACON& Tower with Radar,72,19,23,0,114,0,7,91,2,100,72,26,114,2,214,146,0,146,360
03/23/2014,BOI,ID,ANM,WE,Combined TRACON& Tower with Radar,82,21,22,6,131,0,3,57,2,62,82,24,79,8,193,68,0,68,261
03/24/2014,BOI,ID,ANM,WE,Combined TRACON& Tower with Radar,85,25,56,7,173,0,9,97,33,139,85,34,153,40,312,104,16,120,432
03/25/2014,BOI,ID,ANM,WE,Combined TRACON& Tower with Radar,90,37,52,8,187,0,6,68,27,101,90,43,120,35,288,230,64,294,582
03/26/2014,BOI,ID,ANM,WE,Combined TRACON& Tower with Radar,89,36,53,17,195,0,4,89,24,117,89,40,142,41,312,158,14,172,484
03/27/2014,BOI,ID,ANM,WE,Combined TRACON& Tower with Radar,93,34,41,14,182,0,3,15,6,24,93,37,56,20,206,76,6,82,288
03/28/2014,BOI,ID,ANM,WE,Combined TRACON& Tower with Radar,92,38,39,37,206,0,4,46,6,56,92,42,85,43,262,102,26,128,390
03/29/2014,BOI,ID,ANM,WE,Combined TRACON& Tower with Radar,78,23,21,0,122,0,4,24,0,28,78,27,45,0,150,120,0,120,270
03/30/2014,BOI,ID,ANM,WE,Combined TRACON& Tower with Radar,87,23,34,5,149,0,0,25,0,25,87,23,59,5,174,84,2,86,260
03/31/2014,BOI,ID,ANM,WE,Combined TRACON& Tower with Radar,82,29,41,2,154,0,2,48,16,66,82,31,89,18,220,182,4,186,406
04/01/2014,BOI,ID,ANM,WE,Combined TRACON& Tower with Radar,98,30,44,9,181,0,0,6,2,8,98,30,50,11,189,16,10,26,215
04/02/2014,BOI,ID,ANM,WE,Combined TRACON& Tower with Radar,97,26,46,10,179,0,5,41,17,63,97,31,87,27,242,62,6,68,310
04/03/2014,BOI,ID,ANM,WE,Combined TRACON& Tower with Radar,95,22,70,17,204,0,5,127,34,166,95,27,197,51,370,112,10,122,492
04/04/2014,BOI,ID,ANM,WE,Combined TRACON& Tower with Radar,95,36,53,9,193,0,4,66,10,80,95,40,119,19,273,242,10,252,525
04/05/2014,BOI,ID,ANM,WE,Combined TRACON& Tower with Radar,72,19,21,10,122,0,3,80,16,99,72,22,101,26,221,124,6,130,351
04/06/2014,BOI,ID,ANM,WE,Combined TRACON& Tower with Radar,86,22,38,3,149,0,3,43,12,58,86,25,81,15,207,44,2,46,253
04/07/2014,BOI,ID,ANM,WE,Combined TRACON& Tower with Radar,90,21,64,9,184,0,8,128,25,161,90,29,192,34,345,124,20,144,489
04/08/2014,BOI,ID,ANM,WE,Combined TRACON& Tower with Radar,93,21,79,11,204,0,6,101,28,135,93,27,180,39,339,108,44,152,491
04/09/2014,BOI,ID,ANM,WE,Combined TRACON& Tower with Radar,92,25,56,21,194,0,6,74,31,111,92,31,130,52,305,84,28,112,417
04/10/2014,BOI,ID,ANM,WE,Combined TRACON& Tower with Radar,94,23,65,11,193,0,7,90,30,127,94,30,155,41,320,112,36,148,468
04/11/2014,BOI,ID,ANM,WE,Combined TRACON& Tower with Radar,93,18,63,20,194,0,7,89,14,110,93,25,152,34,304,60,18,78,382
04/12/2014,BOI,ID,ANM,WE,Combined TRACON& Tower with Radar,73,18,18,17,126,0,2,60,1,63,73,20,78,18,189,44,6,50,239
04/13/2014,BOI,ID,ANM,WE,Combined TRACON& Tower with Radar,82,21,15,15,133,0,0,37,1,38,82,21,52,16,171,56,4,60,231
04/14/2014,BOI,ID,ANM,WE,Combined TRACON& Tower with Radar,88,19,56,19,182,0,4,91,17,112,88,23,147,36,294,110,40,150,444
04/15/2014,BOI,ID,ANM,WE,Combined TRACON& Tower with Radar,91,31,54,12,188,0,2,50,30,82,91,33,104,42,270,62,36,98,368
04/16/2014,BOI,ID,ANM,WE,Combined TRACON& Tower with Radar,96,28,65,19,208,0,7,69,36,112,96,35,134,55,320,96,16,112,432
04/17/2014,BOI,ID,ANM,WE,Combined TRACON& Tower with Radar,98,25,72,21,216,0,5,72,32,109,98,30,144,53,325,76,22,98,423
04/18/2014,BOI,ID,ANM,WE,Combined TRACON& Tower with Radar,93,26,41,4,164,0,1,74,1,76,93,27,115,5,240,62,0,62,302
04/19/2014,BOI,ID,ANM,WE,Combined TRACON& Tower with Radar,73,15,17,0,105,0,4,92,1,97,73,19,109,1,202,152,4,156,358
04/20/2014,BOI,ID,ANM,WE,Combined TRACON& Tower with Radar,77,21,21,0,119,0,1,44,0,45,77,22,65,0,164,70,0,70,234
04/21/2014,BOI,ID,ANM,WE,Combined TRACON& Tower with Radar,91,25,51,8,175,0,13,68,31,112,91,38,119,39,287,82,34,116,403
04/22/2014,BOI,ID,ANM,WE,Combined TRACON& Tower with Radar,94,23,46,11,174,0,1,27,32,60,94,24,73,43,234,90,36,126,360
04/23/2014,BOI,ID,ANM,WE,Combined TRACON& Tower with Radar,93,26,64,18,201,0,7,58,30,95,93,33,122,48,296,96,44,140,436
04/24/2014,BOI,ID,ANM,WE,Combined TRACON& Tower with Radar,98,30,68,19,215,0,6,54,25,85,98,36,122,44,300,118,48,166,466
04/25/2014,BOI,ID,ANM,WE,Combined TRACON& Tower with Radar,96,27,55,5,183,0,1,15,3,19,96,28,70,8,202,66,0,66,268
04/26/2014,BOI,ID,ANM,WE,Combined TRACON& Tower with Radar,74,17,27,3,121,0,9,36,5,50,74,26,63,8,171,48,20,68,239
04/27/2014,BOI,ID,ANM,WE,Combined TRACON& Tower with Radar,81,28,30,0,139,0,1,24,0,25,81,29,54,0,164,40,0,40,204
04/28/2014,BOI,ID,ANM,WE,Combined TRACON& Tower with Radar,91,25,64,19,199,0,5,87,35,127,91,30,151,54,326,77,34,111,437
04/29/2014,BOI,ID,ANM,WE,Combined TRACON& Tower with Radar,90,18,52,18,178,0,7,107,38,152,90,25,159,56,330,126,28,154,484
04/30/2014,BOI,ID,ANM,WE,Combined TRACON& Tower with Radar,93,22,48,15,178,0,8,99,30,137,93,30,147,45,315,140,40,180,495
05/01/2014,BOI,ID,ANM,WE,Combined TRACON& Tower with Radar,101,21,44,5,171,0,5,77,26,108,101,26,121,31,279,134,18,152,431
05/02/2014,BOI,ID,ANM,WE,Combined TRACON& Tower with Radar,95,20,52,9,176,0,11,120,14,145,95,31,172,23,321,102,14,116,437
05/03/2014,BOI,ID,ANM,WE,Combined TRACON& Tower with Radar,72,21,30,5,128,0,8,84,31,123,72,29,114,36,251,66,10,76,327
05/04/2014,BOI,ID,ANM,WE,Combined TRACON& Tower with Radar,84,24,33,8,149,0,7,55,21,83,84,31,88,29,232,142,2,144,376
05/05/2014,BOI,ID,ANM,WE,Combined TRACON& Tower with Radar,94,18,43,2,157,0,6,70,14,90,94,24,113,16,247,138,28,166,413
05/06/2014,BOI,ID,ANM,WE,Combined TRACON& Tower with Radar,94,24,49,12,179,0,9,42,18,69,94,33,91,30,248,34,8,42,290
05/07/2014,BOI,ID,ANM,WE,Combined TRACON& Tower with Radar,95,22,49,4,170,0,4,40,23,67,95,26,89,27,237,60,14,74,311
05/08/2014,BOI,ID,ANM,WE,Combined TRACON& Tower with Radar,98,25,62,8,193,0,9,56,20,85,98,34,118,28,278,110,24,134,412
05/09/2014,BOI,ID,ANM,WE,Combined TRACON& Tower with Radar,93,23,34,0,150,0,7,40,8,55,93,30,74,8,205,32,4,36,241
05/10/2014,BOI,ID,ANM,WE,Combined TRACON& Tower with Radar,70,19,12,4,105,0,2,24,5,31,70,21,36,9,136,50,0,50,186
05/11/2014,BOI,ID,ANM,WE,Combined TRACON& Tower with Radar,85,16,22,3,126,0,3,28,5,36,85,19,50,8,162,24,0,24,186
05/12/2014,BOI,ID,ANM,WE,Combined TRACON& Tower with Radar,92,19,52,7,170,0,2,84,32,118,92,21,136,39,288,64,26,90,378
05/13/2014,BOI,ID,ANM,WE,Combined TRACON& Tower with Radar,94,21,65,7,187,0,16,115,26,157,94,37,180,33,344,102,34,136,480
05/14/2014,BOI,ID,ANM,WE,Combined TRACON& Tower with Radar,103,24,51,14,192,0,10,92,26,128,103,34,143,40,320,46,28,74,394
05/15/2014,BOI,ID,ANM,WE,Combined TRACON& Tower with Radar,97,23,57,8,185,0,11,86,30,127,97,34,143,38,312,42,31,73,385
05/16/2014,BOI,ID,ANM,WE,Combined TRACON& Tower with Radar,99,21,44,3,167,0,9,88,3,100,99,30,132,6,267,72,2,74,341
05/17/2014,BOI,ID,ANM,WE,Combined TRACON& Tower with Radar,69,15,29,2,115,0,10,84,4,98,69,25,113,6,213,68,0,68,281
05/18/2014,BOI,ID,ANM,WE,Combined TRACON& Tower with Radar,88,21,12,0,121,0,4,40,1,45,88,25,52,1,166,44,0,44,210
05/19/2014,BOI,ID,ANM,WE,Combined TRACON& Tower with Radar,95,23,57,4,179,0,1,72,14,87,95,24,129,18,266,40,8,48,314
05/20/2014,BOI,ID,ANM,WE,Combined TRACON& Tower with Radar,94,31,55,7,187,0,6,75,30,111,94,37,130,37,298,26,44,70,368
05/21/2014,BOI,ID,ANM,WE,Combined TRACON& Tower with Radar,101,22,51,11,185,0,8,62,25,95,101,30,113,36,280,34,8,42,322
05/22/2014,BOI,ID,ANM,WE,Combined TRACON& Tower with Radar,99,22,67,11,199,0,8,110,20,138,99,30,177,31,337,106,0,106,443
05/23/2014,BOI,ID,ANM,WE,Combined TRACON& Tower with Radar,101,22,55,2,180,0,8,125,10,143,101,30,180,12,323,24,0,24,347
05/24/2014,BOI,ID,ANM,WE,Combined TRACON& Tower with Radar,70,15,21,0,106,0,4,86,0,90,70,19,107,0,196,46,0,46,242
05/25/2014,BOI,ID,ANM,WE,Combined TRACON& Tower with Radar,72,8,18,0,98,0,8,88,1,97,72,16,106,1,195,36,0,36,231
05/26/2014,BOI,ID,ANM,WE,Combined TRACON& Tower with Radar,92,14,29,2,137,0,6,89,0,95,92,20,118,2,232,50,0,50,282
05/27/2014,BOI,ID,ANM,WE,Combined TRACON& Tower with Radar,91,26,53,7,177,0,10,76,16,102,91,36,129,23,279,68,18,86,365
05/28/2014,BOI,ID,ANM,WE,Combined TRACON& Tower with Radar,101,26,47,12,186,0,6,77,35,118,101,32,124,47,304,102,22,124,428
05/29/2014,BOI,ID,ANM,WE,Combined TRACON& Tower with Radar,106,23,47,9,185,0,6,114,5,125,106,29,161,14,310,76,26,102,412
05/30/2014,BOI,ID,ANM,WE,Combined TRACON& Tower with Radar,96,21,62,6,185,0,6,79,7,92,96,27,141,13,277,52,0,52,329
05/31/2014,BOI,ID,ANM,WE,Combined TRACON& Tower with Radar,76,14,27,5,122,0,5,77,5,87,76,19,104,10,209,76,2,78,287
06/01/2014,BOI,ID,ANM,WE,Combined TRACON& Tower with Radar,93,17,21,2,133,0,7,76,20,103,93,24,97,22,236,12,0,12,248
06/02/2014,BOI,ID,ANM,WE,Combined TRACON& Tower with Radar,94,19,43,7,163,0,7,97,23,127,94,26,140,30,290,66,6,72,362
06/03/2014,BOI,ID,ANM,WE,Combined TRACON& Tower with Radar,104,18,59,11,192,0,10,106,26,142,104,28,165,37,334,124,48,172,506
06/04/2014,BOI,ID,ANM,WE,Combined TRACON& Tower with Radar,97,21,63,10,191,0,4,108,6,118,97,25,171,16,309,34,6,40,349
06/05/2014,BOI,ID,ANM,WE,Combined TRACON& Tower with Radar,102,29,42,2,175,0,7,91,7,105,102,36,133,9,280,50,0,50,330
06/06/2014,BOI,ID,ANM,WE,Combined TRACON& Tower with Radar,99,25,45,12,181,0,8,76,7,91,99,33,121,19,272,40,2,42,314
06/07/2014,BOI,ID,ANM,WE,Combined TRACON& Tower with Radar,78,20,36,7,141,0,15,90,14,119,78,35,126,21,260,68,6,74,334
06/08/2014,BOI,ID,ANM,WE,Combined TRACON& Tower with Radar,98,20,33,14,165,0,4,103,20,127,98,24,136,34,292,82,30,112,404
06/09/2014,BOI,ID,ANM,WE,Combined TRACON& Tower with Radar,94,28,43,9,174,0,13,78,7,98,94,41,121,16,272,56,4,60,332
06/10/2014,BOI,ID,ANM,WE,Combined TRACON& Tower with Radar,102,27,56,14,199,0,9,59,30,98,102,36,115,44,297,60,20,80,377
06/11/2014,BOI,ID,ANM,WE,Combined TRACON& Tower with Radar,103,27,53,13,196,0,5,86,26,117,103,32,139,39,313,92,14,106,419
06/12/2014,BOI,ID,ANM,WE,Combined TRACON& Tower with Radar,108,24,51,9,192,0,9,76,14,99,108,33,127,23,291,18,18,36,327
06/13/2014,BOI,ID,ANM,WE,Combined TRACON& Tower with Radar,105,33,51,5,194,0,20,78,13,111,105,53,129,18,305,32,12,44,349
06/14/2014,BOI,ID,ANM,WE,Combined TRACON& Tower with Radar,86,26,28,0,140,0,13,66,2,81,86,39,94,2,221,46,0,46,267
06/15/2014,BOI,ID,ANM,WE,Combined TRACON& Tower with Radar,102,19,31,5,157,0,13,95,2,110,102,32,126,7,267,34,0,34,301
06/16/2014,BOI,ID,ANM,WE,Combined TRACON& Tower with Radar,107,32,39,17,195,0,4,55,16,75,107,36,94,33,270,32,18,50,320
06/17/2014,BOI,ID,ANM,WE,Combined TRACON& Tower with Radar,107,32,38,32,209,0,9,41,29,79,107,41,79,61,288,26,76,102,390
06/18/2014,BOI,ID,ANM,WE,Combined TRACON& Tower with Radar,107,38,48,5,198,0,3,67,22,92,107,41,115,27,290,88,4,92,382
06/19/2014,BOI,ID,ANM,WE,Combined TRACON& Tower with Radar,101,29,62,11,203,0,11,113,24,148,101,40,175,35,351,111,20,131,482
06/20/2014,BOI,ID,ANM,WE,Combined TRACON& Tower with Radar,108,23,42,12,185,0,21,121,12,154,108,44,163,24,339,92,10,102,441
06/21/2014,BOI,ID,ANM,WE,Combined TRACON& Tower with Radar,87,23,34,7,151,0,22,76,12,110,87,45,110,19,261,38,4,42,303
06/22/2014,BOI,ID,ANM,WE,Combined TRACON& Tower with Radar,99,24,32,3,158,0,11,94,5,110,99,35,126,8,268,56,2,58,326
06/23/2014,BOI,ID,ANM,WE,Combined TRACON& Tower with Radar,100,25,48,4,177,0,9,89,17,115,100,34,137,21,292,48,12,60,352
06/24/2014,BOI,ID,ANM,WE,Combined TRACON& Tower with Radar,108,31,44,9,192,0,19,96,17,132,108,50,140,26,324,122,24,146,470
06/25/2014,BOI,ID,ANM,WE,Combined TRACON& Tower with Radar,108,29,59,11,207,0,11,116,28,155,108,40,175,39,362,136,10,146,508
06/26/2014,BOI,ID,ANM,WE,Combined TRACON& Tower with Radar,104,43,59,8,214,0,7,73,22,102,104,50,132,30,316,80,37,117,433
06/27/2014,BOI,ID,ANM,WE,Combined TRACON& Tower with Radar,105,30,42,14,191,0,4,85,5,94,105,34,127,19,285,46,16,62,347
06/28/2014,BOI,ID,ANM,WE,Combined TRACON& Tower with Radar,90,23,18,2,133,0,13,99,0,112,90,36,117,2,245,62,0,62,307
06/29/2014,BOI,ID,ANM,WE,Combined TRACON& Tower with Radar,94,22,22,2,140,0,7,90,1,98,94,29,112,3,238,12,4,16,254
06/30/2014,BOI,ID,ANM,WE,Combined TRACON& Tower with Radar,102,23,31,11,167,0,15,67,27,109,102,38,98,38,276,64,18,82,358
07/01/2014,BOI,ID,ANM,WE,Combined TRACON& Tower with Radar,103,25,51,11,190,0,19,88,35,142,103,44,139,46,332,46,36,82,414
07/02/2014,BOI,ID,ANM,WE,Combined TRACON& Tower with Radar,106,19,48,12,185,0,13,88,20,121,106,32,136,32,306,54,10,64,370
07/03/2014,BOI,ID,ANM,WE,Combined TRACON& Tower with Radar,111,31,56,2,200,0,10,96,10,116,111,41,152,12,316,72,0,72,388
07/04/2014,BOI,ID,ANM,WE,Combined TRACON& Tower with Radar,73,17,24,0,114,1,9,79,11,100,74,26,103,11,214,78,0,78,292
07/05/2014,BOI,ID,ANM,WE,Combined TRACON& Tower with Radar,83,14,19,2,118,0,14,61,8,83,83,28,80,10,201,28,0,28,229
07/06/2014,BOI,ID,ANM,WE,Combined TRACON& Tower with Radar,103,25,36,0,164,0,16,85,2,103,103,41,121,2,267,60,0,60,327
07/07/2014,BOI,ID,ANM,WE,Combined TRACON& Tower with Radar,97,24,40,13,174,0,28,86,21,135,97,52,126,34,309,72,6,78,387
07/08/2014,BOI,ID,ANM,WE,Combined TRACON& Tower with Radar,112,27,63,4,206,0,16,102,11,129,112,43,165,15,335,54,44,98,433
07/09/2014,BOI,ID,ANM,WE,Combined TRACON& Tower with Radar,109,29,54,5,197,0,14,97,22,133,109,43,151,27,330,72,24,96,426
07/10/2014,BOI,ID,ANM,WE,Combined TRACON& Tower with Radar,107,31,56,8,202,0,19,106,27,152,107,50,162,35,354,76,6,82,436
07/11/2014,BOI,ID,ANM,WE,Combined TRACON& Tower with Radar,111,24,41,9,185,0,15,82,24,121,111,39,123,33,306,88,0,88,394
07/12/2014,BOI,ID,ANM,WE,Combined TRACON& Tower with Radar,90,19,29,5,143,0,25,108,21,154,90,44,137,26,297,12,12,24,321
07/13/2014,BOI,ID,ANM,WE,Combined TRACON& Tower with Radar,100,17,26,4,147,0,11,94,31,136,100,28,120,35,283,10,6,16,299
07/14/2014,BOI,ID,ANM,WE,Combined TRACON& Tower with Radar,104,29,68,10,211,0,20,84,43,147,104,49,152,53,358,16,54,70,428
07/15/2014,BOI,ID,ANM,WE,Combined TRACON& Tower with Radar,106,25,52,10,193,0,28,85,107,220,106,53,137,117,413,56,22,78,491
07/16/2014,BOI,ID,ANM,WE,Combined TRACON& Tower with Radar,110,27,48,5,190,0,19,117,41,177,110,46,165,46,367,60,44,104,471
07/17/2014,BOI,ID,ANM,WE,Combined TRACON& Tower with Radar,110,37,62,10,219,5,36,74,40,155,115,73,136,50,374,14,0,14,388
07/18/2014,BOI,ID,ANM,WE,Combined TRACON& Tower with Radar,110,30,41,4,185,0,71,97,7,175,110,101,138,11,360,68,10,78,438
07/19/2014,BOI,ID,ANM,WE,Combined TRACON& Tower with Radar,89,21,18,2,130,0,23,112,7,142,89,44,130,9,272,58,0,58,330
07/20/2014,BOI,ID,ANM,WE,Combined TRACON& Tower with Radar,105,17,15,7,144,0,9,80,6,95,105,26,95,13,239,108,0,108,347
07/21/2014,BOI,ID,ANM,WE,Combined TRACON& Tower with Radar,107,27,54,11,199,0,19,70,35,124,107,46,124,46,323,48,62,110,433
07/22/2014,BOI,ID,ANM,WE,Combined TRACON& Tower with Radar,106,27,63,13,209,0,13,76,34,123,106,40,139,47,332,182,30,212,544
07/23/2014,BOI,ID,ANM,WE,Combined TRACON& Tower with Radar,105,32,52,15,204,2,32,81,85,200,107,64,133,100,404,132,72,204,608
07/24/2014,BOI,ID,ANM,WE,Combined TRACON& Tower with Radar,112,26,59,5,202,1,42,116,67,226,113,68,175,72,428,56,15,71,499
07/25/2014,BOI,ID,ANM,WE,Combined TRACON& Tower with Radar,111,18,56,7,192,0,22,110,9,141,111,40,166,16,333,100,4,104,437
07/26/2014,BOI,ID,ANM,WE,Combined TRACON& Tower with Radar,91,22,33,0,146,0,23,92,3,118,91,45,125,3,264,28,0,28,292
07/27/2014,BOI,ID,ANM,WE,Combined TRACON& Tower with Radar,104,18,22,11,155,0,15,57,1,73,104,33,79,12,228,14,2,16,244
07/28/2014,BOI,ID,ANM,WE,Combined TRACON& Tower with Radar,103,26,39,14,182,0,12,70,20,102,103,38,109,34,284,22,22,44,328
07/29/2014,BOI,ID,ANM,WE,Combined TRACON& Tower with Radar,104,26,54,10,194,1,12,83,19,115,105,38,137,29,309,62,66,128,437
07/30/2014,BOI,ID,ANM,WE,Combined TRACON& Tower with Radar,111,27,53,15,206,0,18,90,34,142,111,45,143,49,348,62,36,98,446
07/31/2014,BOI,ID,ANM,WE,Combined TRACON& Tower with Radar,110,24,46,21,201,0,32,99,24,155,110,56,145,45,356,38,14,52,408
08/01/2014,BOI,ID,ANM,WE,Combined TRACON& Tower with Radar,102,29,35,26,192,0,32,92,22,146,102,61,127,48,338,66,26,92,430
08/02/2014,BOI,ID,ANM,WE,Combined TRACON& Tower with Radar,92,22,35,18,167,0,27,93,27,147,92,49,128,45,314,56,6,62,376
08/03/2014,BOI,ID,ANM,WE,Combined TRACON& Tower with Radar,106,14,38,8,166,0,36,98,17,151,106,50,136,25,317,34,0,34,351
08/04/2014,BOI,ID,ANM,WE,Combined TRACON& Tower with Radar,103,25,43,6,177,0,16,72,23,111,103,41,115,29,288,18,38,56,344
08/05/2014,BOI,ID,ANM,WE,Combined TRACON& Tower with Radar,114,27,59,16,216,0,7,80,32,119,114,34,139,48,335,32,48,80,415
08/06/2014,BOI,ID,ANM,WE,Combined TRACON& Tower with Radar,112,40,61,24,237,0,16,79,46,141,112,56,140,70,378,86,24,110,488
08/07/2014,BOI,ID,ANM,WE,Combined TRACON& Tower with Radar,112,41,54,16,223,0,14,116,22,152,112,55,170,38,375,52,19,71,446
08/08/2014,BOI,ID,ANM,WE,Combined TRACON& Tower with Radar,107,29,48,9,193,0,24,106,15,145,107,53,154,24,338,108,12,120,458
08/09/2014,BOI,ID,ANM,WE,Combined TRACON& Tower with Radar,86,24,21,2,133,0,24,91,8,123,86,48,112,10,256,16,2,18,274
08/10/2014,BOI,ID,ANM,WE,Combined TRACON& Tower with Radar,111,22,33,8,174,1,41,111,61,214,112,63,144,69,388,70,0,70,458
08/11/2014,BOI,ID,ANM,WE,Combined TRACON& Tower with Radar,104,32,41,14,191,5,26,75,45,151,109,58,116,59,342,44,12,56,398
08/12/2014,BOI,ID,ANM,WE,Combined TRACON& Tower with Radar,115,28,59,9,211,0,18,68,53,139,115,46,127,62,350,50,22,72,422
08/13/2014,BOI,ID,ANM,WE,Combined TRACON& Tower with Radar,116,34,53,5,208,0,10,49,31,90,116,44,102,36,298,62,36,98,396
08/14/2014,BOI,ID,ANM,WE,Combined TRACON& Tower with Radar,111,26,51,9,197,0,14,234,40,288,111,40,285,49,485,0,0,0,485
08/15/2014,BOI,ID,ANM,WE,Combined TRACON& Tower with Radar,105,38,40,10,193,0,18,132,5,155,105,56,172,15,348,84,26,110,458
08/16/2014,BOI,ID,ANM,WE,Combined TRACON& Tower with Radar,89,25,28,1,143,0,9,104,2,115,89,34,132,3,258,54,0,54,312
08/17/2014,BOI,ID,ANM,WE,Combined TRACON& Tower with Radar,99,15,37,0,151,0,21,99,3,123,99,36,136,3,274,2,0,2,276
08/18/2014,BOI,ID,ANM,WE,Combined TRACON& Tower with Radar,104,24,44,5,177,0,17,91,13,121,104,41,135,18,298,76,12,88,386
08/19/2014,BOI,ID,ANM,WE,Combined TRACON& Tower with Radar,109,23,66,15,213,0,12,63,23,98,109,35,129,38,311,92,62,154,465
08/20/2014,BOI,ID,ANM,WE,Combined TRACON& Tower with Radar,107,26,49,19,201,0,12,95,21,128,107,38,144,40,329,118,24,142,471
08/21/2014,BOI,ID,ANM,WE,Combined TRACON& Tower with Radar,105,22,46,4,177,0,15,100,17,132,105,37,146,21,309,38,26,64,373
08/22/2014,BOI,ID,ANM,WE,Combined TRACON& Tower with Radar,109,27,46,9,191,0,8,91,13,112,109,35,137,22,303,38,32,70,373
08/23/2014,BOI,ID,ANM,WE,Combined TRACON& Tower with Radar,91,12,17,6,126,0,11,90,1,102,91,23,107,7,228,70,0,70,298
08/24/2014,BOI,ID,ANM,WE,Combined TRACON& Tower with Radar,99,15,26,5,145,0,8,89,4,101,99,23,115,9,246,10,0,10,256
08/25/2014,BOI,ID,ANM,WE,Combined TRACON& Tower with Radar,102,25,52,12,191,0,13,60,14,87,102,38,112,26,278,26,6,32,310
08/26/2014,BOI,ID,ANM,WE,Combined TRACON& Tower with Radar,109,19,58,10,196,0,18,97,21,136,109,37,155,31,332,88,46,134,466
08/27/2014,BOI,ID,ANM,WE,Combined TRACON& Tower with Radar,112,20,52,15,199,0,24,93,12,129,112,44,145,27,328,118,16,134,462
08/28/2014,BOI,ID,ANM,WE,Combined TRACON& Tower with Radar,108,23,69,12,212,0,23,102,20,145,108,46,171,32,357,170,6,176,533
08/29/2014,BOI,ID,ANM,WE,Combined TRACON& Tower with Radar,110,30,39,5,184,0,13,113,1,127,110,43,152,6,311,134,6,140,451
08/30/2014,BOI,ID,ANM,WE,Combined TRACON& Tower with Radar,88,18,25,0,131,0,14,59,0,73,88,32,84,0,204,62,2,64,268
08/31/2014,BOI,ID,ANM,WE,Combined TRACON& Tower with Radar,79,12,20,1,112,0,4,78,1,83,79,16,98,2,195,38,0,38,233
09/01/2014,BOI,ID,ANM,WE,Combined TRACON& Tower with Radar,94,21,27,1,143,0,12,84,0,96,94,33,111,1,239,66,0,66,305
09/02/2014,BOI,ID,ANM,WE,Combined TRACON& Tower with Radar,98,26,70,1,195,0,14,103,14,131,98,40,173,15,326,64,60,124,450
09/03/2014,BOI,ID,ANM,WE,Combined TRACON& Tower with Radar,104,20,44,15,183,0,10,58,20,88,104,30,102,35,271,132,20,152,423
09/04/2014,BOI,ID,ANM,WE,Combined TRACON& Tower with Radar,100,20,55,11,186,0,8,100,24,132,100,28,155,35,318,80,10,90,408
09/05/2014,BOI,ID,ANM,WE,Combined TRACON& Tower with Radar,103,26,35,13,177,0,16,100,5,121,103,42,135,18,298,82,14,96,394
09/06/2014,BOI,ID,ANM,WE,Combined TRACON& Tower with Radar,89,11,32,14,146,0,6,80,8,94,89,17,112,22,240,34,14,48,288
09/07/2014,BOI,ID,ANM,WE,Combined TRACON& Tower with Radar,106,15,24,3,148,0,10,79,1,90,106,25,103,4,238,84,0,84,322
09/08/2014,BOI,ID,ANM,WE,Combined TRACON& Tower with Radar,101,19,38,9,167,0,8,82,19,109,101,27,120,28,276,90,6,96,372
09/09/2014,BOI,ID,ANM,WE,Combined TRACON& Tower with Radar,102,25,59,8,194,0,9,66,36,111,102,34,125,44,305,48,50,98,403
09/10/2014,BOI,ID,ANM,WE,Combined TRACON& Tower with Radar,106,25,53,8,192,0,11,71,26,108,106,36,124,34,300,78,50,128,428
09/11/2014,BOI,ID,ANM,WE,Combined TRACON& Tower with Radar,113,24,61,12,210,0,10,107,35,152,113,34,168,47,362,86,32,118,480
09/12/2014,BOI,ID,ANM,WE,Combined TRACON& Tower with Radar,106,24,56,5,191,0,10,107,9,126,106,34,163,14,317,72,4,76,393
09/13/2014,BOI,ID,ANM,WE,Combined TRACON& Tower with Radar,86,16,19,3,124,0,10,80,5,95,86,26,99,8,219,80,0,80,299
09/14/2014,BOI,ID,ANM,WE,Combined TRACON& Tower with Radar,98,14,28,8,148,0,7,73,0,80,98,21,101,8,228,48,0,48,276
09/15/2014,BOI,ID,ANM,WE,Combined TRACON& Tower with Radar,101,26,39,14,180,0,14,104,22,140,101,40,143,36,320,90,36,126,446
09/16/2014,BOI,ID,ANM,WE,Combined TRACON& Tower with Radar,106,30,52,9,197,0,8,75,27,110,106,38,127,36,307,42,74,116,423
09/17/2014,BOI,ID,ANM,WE,Combined TRACON& Tower with Radar,105,22,68,11,206,0,12,84,29,125,105,34,152,40,331,118,30,148,479
09/18/2014,BOI,ID,ANM,WE,Combined TRACON& Tower with Radar,105,29,61,13,208,0,21,65,17,103,105,50,126,30,311,64,26,90,401
09/19/2014,BOI,ID,ANM,WE,Combined TRACON& Tower with Radar,112,24,51,4,191,1,18,118,17,154,113,42,169,21,345,122,0,122,467
09/20/2014,BOI,ID,ANM,WE,Combined TRACON& Tower with Radar,82,17,26,7,132,0,16,96,6,118,82,33,122,13,250,118,2,120,370
09/21/2014,BOI,ID,ANM,WE,Combined TRACON& Tower with Radar,100,23,34,5,162,0,8,59,3,70,100,31,93,8,232,58,2,60,292
09/22/2014,BOI,ID,ANM,WE,Combined TRACON& Tower with Radar,96,33,57,1,187,0,7,101,11,119,96,40,158,12,306,112,4,116,422
09/23/2014,BOI,ID,ANM,WE,Combined TRACON& Tower with Radar,102,26,47,19,194,0,13,78,36,127,102,39,125,55,321,162,102,264,585
09/24/2014,BOI,ID,ANM,WE,Combined TRACON& Tower with Radar,97,34,45,13,189,0,14,71,25,110,97,48,116,38,299,48,32,80,379
09/25/2014,BOI,ID,ANM,WE,Combined TRACON& Tower with Radar,109,31,64,10,214,0,6,96,16,118,109,37,160,26,332,48,46,94,426
09/26/2014,BOI,ID,ANM,WE,Combined TRACON& Tower with Radar,102,34,55,9,200,0,8,85,13,106,102,42,140,22,306,42,0,42,348
09/27/2014,BOI,ID,ANM,WE,Combined TRACON& Tower with Radar,82,21,16,14,133,0,9,25,16,50,82,30,41,30,183,28,2,30,213
09/28/2014,BOI,ID,ANM,WE,Combined TRACON& Tower with Radar,113,27,34,11,185,0,3,56,6,65,113,30,90,17,250,78,2,80,330
09/29/2014,BOI,ID,ANM,WE,Combined TRACON& Tower with Radar,97,27,42,18,184,0,4,41,24,69,97,31,83,42,253,52,32,84,337
09/30/2014,BOI,ID,ANM,WE,Combined TRACON& Tower with Radar,101,29,50,6,186,0,2,60,10,72,101,31,110,16,258,114,26,140,398
10/01/2014,BOI,ID,ANM,WE,Combined TRACON& Tower with Radar,103,30,57,22,212,0,6,92,33,131,103,36,149,55,343,78,56,134,477
10/02/2014,BOI,ID,ANM,WE,Combined TRACON& Tower with Radar,107,31,53,4,195,0,14,82,28,124,107,45,135,32,319,56,46,102,421
10/03/2014,BOI,ID,ANM,WE,Combined TRACON& Tower with Radar,107,22,31,27,187,0,7,106,22,135,107,29,137,49,322,82,6,88,410
10/04/2014,BOI,ID,ANM,WE,Combined TRACON& Tower with Radar,85,18,15,25,143,0,6,86,26,118,85,24,101,51,261,42,0,42,303
10/05/2014,BOI,ID,ANM,WE,Combined TRACON& Tower with Radar,107,24,30,12,173,0,4,90,10,104,107,28,120,22,277,30,14,44,321
10/06/2014,BOI,ID,ANM,WE,Combined TRACON& Tower with Radar,96,22,43,3,164,0,6,84,16,106,96,28,127,19,270,42,24,66,336
10/07/2014,BOI,ID,ANM,WE,Combined TRACON& Tower with Radar,99,26,54,9,188,0,6,73,28,107,99,32,127,37,295,102,36,138,433
10/08/2014,BOI,ID,ANM,WE,Combined TRACON& Tower with Radar,102,29,71,10,212,0,8,81,30,119,102,37,152,40,331,118,56,174,505
10/09/2014,BOI,ID,ANM,WE,Combined TRACON& Tower with Radar,107,24,55,11,197,0,10,96,16,122,107,34,151,27,319,90,8,98,417
10/10/2014,BOI,ID,ANM,WE,Combined TRACON& Tower with Radar,106,24,56,6,192,0,4,98,6,108,106,28,154,12,300,88,16,104,404
10/11/2014,BOI,ID,ANM,WE,Combined TRACON& Tower with Radar,83,22,15,2,122,0,6,79,0,85,83,28,94,2,207,145,0,145,352
10/12/2014,BOI,ID,ANM,WE,Combined TRACON& Tower with Radar,104,20,22,0,146,0,7,77,0,84,104,27,99,0,230,82,0,82,312
10/13/2014,BOI,ID,ANM,WE,Combined TRACON& Tower with Radar,99,31,39,0,169,0,6,65,0,71,99,37,104,0,240,16,0,16,256
10/14/2014,BOI,ID,ANM,WE,Combined TRACON& Tower with Radar,100,25,43,6,174,0,5,57,16,78,100,30,100,22,252,92,16,108,360
10/15/2014,BOI,ID,ANM,WE,Combined TRACON& Tower with Radar,102,31,56,20,209,0,5,39,25,69,102,36,95,45,278,28,8,36,314
10/16/2014,BOI,ID,ANM,WE,Combined TRACON& Tower with Radar,111,34,62,22,229,0,3,86,16,105,111,37,148,38,334,132,8,140,474
10/17/2014,BOI,ID,ANM,WE,Combined TRACON& Tower with Radar,106,25,48,12,191,0,10,105,8,123,106,35,153,20,314,44,22,66,380
10/18/2014,BOI,ID,ANM,WE,Combined TRACON& Tower with Radar,87,19,27,3,136,0,5,105,0,110,87,24,132,3,246,108,0,108,354
10/19/2014,BOI,ID,ANM,WE,Combined TRACON& Tower with Radar,106,18,27,3,154,0,1,79,0,80,106,19,106,3,234,16,0,16,250
10/20/2014,BOI,ID,ANM,WE,Combined TRACON& Tower with Radar,98,34,49,13,194,0,10,73,19,102,98,44,122,32,296,46,52,98,394
10/21/2014,BOI,ID,ANM,WE,Combined TRACON& Tower with Radar,99,34,44,13,190,0,4,37,15,56,99,38,81,28,246,90,12,102,348
10/22/2014,BOI,ID,ANM,WE,Combined TRACON& Tower with Radar,102,28,79,16,225,0,5,68,18,91,102,33,147,34,316,28,46,74,390
10/23/2014,BOI,ID,ANM,WE,Combined TRACON& Tower with Radar,108,36,50,6,200,0,3,54,13,70,108,39,104,19,270,86,30,116,386
10/24/2014,BOI,ID,ANM,WE,Combined TRACON& Tower with Radar,108,38,56,3,205,0,8,67,0,75,108,46,123,3,280,42,0,42,322
10/25/2014,BOI,ID,ANM,WE,Combined TRACON& Tower with Radar,83,26,18,1,128,0,2,74,0,76,83,28,92,1,204,56,0,56,260
10/26/2014,BOI,ID,ANM,WE,Combined TRACON& Tower with Radar,108,16,22,2,148,0,3,28,0,31,108,19,50,2,179,46,0,46,225
10/27/2014,BOI,ID,ANM,WE,Combined TRACON& Tower with Radar,97,29,46,0,172,0,6,60,16,82,97,35,106,16,254,62,28,90,344
10/28/2014,BOI,ID,ANM,WE,Combined TRACON& Tower with Radar,98,19,64,14,195,0,11,91,27,129,98,30,155,41,324,68,28,96,420
10/29/2014,BOI,ID,ANM,WE,Combined TRACON& Tower with Radar,101,23,43,6,173,0,3,77,25,105,101,26,120,31,278,140,16,156,434
10/30/2014,BOI,ID,ANM,WE,Combined TRACON& Tower with Radar,105,27,62,26,220,0,11,86,29,126,105,38,148,55,346,82,32,114,460
10/31/2014,BOI,ID,ANM,WE,Combined TRACON& Tower with Radar,97,23,37,19,176,0,4,74,14,92,97,27,111,33,268,88,8,96,364
11/01/2014,BOI,ID,ANM,WE,Combined TRACON& Tower with Radar,87,18,18,19,142,0,8,12,11,31,87,26,30,30,173,20,22,42,215
11/02/2014,BOI,ID,ANM,WE,Combined TRACON& Tower with Radar,95,28,15,17,155,0,2,35,12,49,95,30,50,29,204,18,0,18,222
11/03/2014,BOI,ID,ANM,WE,Combined TRACON& Tower with Radar,93,25,36,0,154,0,2,69,17,88,93,27,105,17,242,116,62,178,420
11/04/2014,BOI,ID,ANM,WE,Combined TRACON& Tower with Radar,95,34,56,5,190,0,4,49,23,76,95,38,105,28,266,118,84,202,468
11/05/2014,BOI,ID,ANM,WE,Combined TRACON& Tower with Radar,99,27,53,11,190,0,3,60,21,84,99,30,113,32,274,86,24,110,384
11/06/2014,BOI,ID,ANM,WE,Combined TRACON& Tower with Radar,100,24,53,4,181,0,8,65,17,90,100,32,118,21,271,18,0,18,289
11/07/2014,BOI,ID,ANM,WE,Combined TRACON& Tower with Radar,100,35,65,3,203,0,5,80,1,86,100,40,145,4,289,56,2,58,347
11/08/2014,BOI,ID,ANM,WE,Combined TRACON& Tower with Radar,84,14,17,2,117,0,1,81,1,83,84,15,98,3,200,40,0,40,240
11/09/2014,BOI,ID,ANM,WE,Combined TRACON& Tower with Radar,99,22,20,2,143,0,2,62,2,66,99,24,82,4,209,126,0,126,335
11/10/2014,BOI,ID,ANM,WE,Combined TRACON& Tower with Radar,94,27,50,8,179,0,6,55,2,63,94,33,105,10,242,38,8,46,288
11/11/2014,BOI,ID,ANM,WE,Combined TRACON& Tower with Radar,97,24,60,4,185,0,4,71,10,85,97,28,131,14,270,80,26,106,376
11/12/2014,BOI,ID,ANM,WE,Combined TRACON& Tower with Radar,96,20,49,17,182,0,7,65,15,87,96,27,114,32,269,98,14,112,381
11/13/2014,BOI,ID,ANM,WE,Combined TRACON& Tower with Radar,101,39,34,2,176,0,1,1,0,2,101,40,35,2,178,0,0,0,178
11/14/2014,BOI,ID,ANM,WE,Combined TRACON& Tower with Radar,104,28,31,0,163,0,0,1,0,1,104,28,32,0,164,8,0,8,172
11/15/2014,BOI,ID,ANM,WE,Combined TRACON& Tower with Radar,86,21,31,1,139,0,7,37,1,45,86,28,68,2,184,40,0,40,224
11/16/2014,BOI,ID,ANM,WE,Combined TRACON& Tower with Radar,98,20,28,0,146,0,3,58,0,61,98,23,86,0,207,46,0,46,253
11/17/2014,BOI,ID,ANM,WE,Combined TRACON& Tower with Radar,91,32,45,5,173,0,1,39,1,41,91,33,84,6,214,60,0,60,274
11/18/2014,BOI,ID,ANM,WE,Combined TRACON& Tower with Radar,98,37,54,0,189,0,1,18,0,19,98,38,72,0,208,86,0,86,294
11/19/2014,BOI,ID,ANM,WE,Combined TRACON& Tower with Radar,96,31,51,22,200,0,3,21,5,29,96,34,72,27,229,74,6,80,309
11/20/2014,BOI,ID,ANM,WE,Combined TRACON& Tower with Radar,102,46,49,22,219,0,2,4,1,7,102,48,53,23,226,4,0,4,230
11/21/2014,BOI,ID,ANM,WE,Combined TRACON& Tower with Radar,103,35,41,18,197,0,6,22,1,29,103,41,63,19,226,86,12,98,324
11/22/2014,BOI,ID,ANM,WE,Combined TRACON& Tower with Radar,88,19,20,8,135,0,0,29,2,31,88,19,49,10,166,124,0,124,290
11/23/2014,BOI,ID,ANM,WE,Combined TRACON& Tower with Radar,93,24,26,2,145,0,1,49,0,50,93,25,75,2,195,72,0,72,267
11/24/2014,BOI,ID,ANM,WE,Combined TRACON& Tower with Radar,89,30,59,16,194,0,8,83,26,117,89,38,142,42,311,96,82,178,489
11/25/2014,BOI,ID,ANM,WE,Combined TRACON& Tower with Radar,106,32,42,7,187,0,3,26,26,55,106,35,68,33,242,44,42,86,328
11/26/2014,BOI,ID,ANM,WE,Combined TRACON& Tower with Radar,104,31,51,4,190,0,0,99,11,110,104,31,150,15,300,122,20,142,442
11/27/2014,BOI,ID,ANM,WE,Combined TRACON& Tower with Radar,68,13,8,0,89,0,3,28,0,31,68,16,36,0,120,50,0,50,170
11/28/2014,BOI,ID,ANM,WE,Combined TRACON& Tower with Radar,77,26,21,0,124,0,4,51,0,55,77,30,72,0,179,74,0,74,253
11/29/2014,BOI,ID,ANM,WE,Combined TRACON& Tower with Radar,103,28,17,0,148,0,5,36,2,43,103,33,53,2,191,62,0,62,253
11/30/2014,BOI,ID,ANM,WE,Combined TRACON& Tower with Radar,96,18,32,2,148,0,2,49,1,52,96,20,81,3,200,40,0,40,240
12/01/2014,BOI,ID,ANM,WE,Combined TRACON& Tower with Radar,106,33,69,13,221,0,1,5,1,7,106,34,74,14,228,28,0,28,256
12/02/2014,BOI,ID,ANM,WE,Combined TRACON& Tower with Radar,105,21,46,0,172,0,0,0,0,0,105,21,46,0,172,0,10,10,182
12/03/2014,BOI,ID,ANM,WE,Combined TRACON& Tower with Radar,105,24,41,17,187,0,0,13,9,22,105,24,54,26,209,62,8,70,279
12/04/2014,BOI,ID,ANM,WE,Combined TRACON& Tower with Radar,105,30,57,9,201,0,0,42,27,69,105,30,99,36,270,60,68,128,398
12/05/2014,BOI,ID,ANM,WE,Combined TRACON& Tower with Radar,97,23,45,9,174,0,1,21,4,26,97,24,66,13,200,120,0,120,320
12/06/2014,BOI,ID,ANM,WE,Combined TRACON& Tower with Radar,88,18,34,11,151,0,1,49,10,60,88,19,83,21,211,62,10,72,283
12/07/2014,BOI,ID,ANM,WE,Combined TRACON& Tower with Radar,95,17,32,10,154,0,0,55,7,62,95,17,87,17,216,105,4,109,325
12/08/2014,BOI,ID,ANM,WE,Combined TRACON& Tower with Radar,98,25,55,8,186,0,0,67,29,96,98,25,122,37,282,92,62,154,436
12/09/2014,BOI,ID,ANM,WE,Combined TRACON& Tower with Radar,104,29,47,11,191,0,3,61,32,96,104,32,108,43,287,108,120,228,515
12/10/2014,BOI,ID,ANM,WE,Combined TRACON& Tower with Radar,103,16,56,25,200,0,2,68,36,106,103,18,124,61,306,156,124,280,586
12/11/2014,BOI,ID,ANM,WE,Combined TRACON& Tower with Radar,106,29,49,9,193,0,2,29,24,55,106,31,78,33,248,72,12,84,332
12/12/2014,BOI,ID,ANM,WE,Combined TRACON& Tower with Radar,100,24,39,6,169,0,1,9,20,30,100,25,48,26,199,2,0,2,201
12/13/2014,BOI,ID,ANM,WE,Combined TRACON& Tower with Radar,86,21,21,3,131,0,2,80,0,82,86,23,101,3,213,48,0,48,261
12/14/2014,BOI,ID,ANM,WE,Combined TRACON& Tower with Radar,94,26,29,2,151,0,2,95,8,105,94,28,124,10,256,80,2,82,338
12/15/2014,BOI,ID,ANM,WE,Combined TRACON& Tower with Radar,96,26,46,12,180,0,6,66,26,98,96,32,112,38,278,96,22,118,396
12/16/2014,BOI,ID,ANM,WE,Combined TRACON& Tower with Radar,115,24,66,12,217,0,4,54,24,82,115,28,120,36,299,90,50,140,439
12/17/2014,BOI,ID,ANM,WE,Combined TRACON& Tower with Radar,105,27,47,13,192,0,4,83,29,116,105,31,130,42,308,72,2,74,382
12/18/2014,BOI,ID,ANM,WE,Combined TRACON& Tower with Radar,115,31,62,13,221,0,6,62,29,97,115,37,124,42,318,78,46,124,442
12/19/2014,BOI,ID,ANM,WE,Combined TRACON& Tower with Radar,109,38,40,11,198,0,3,41,13,57,109,41,81,24,255,70,14,84,339
12/20/2014,BOI,ID,ANM,WE,Combined TRACON& Tower with Radar,111,29,29,1,170,0,2,38,4,44,111,31,67,5,214,0,0,0,214
12/21/2014,BOI,ID,ANM,WE,Combined TRACON& Tower with Radar,107,31,31,1,170,0,2,25,1,28,107,33,56,2,198,54,0,54,252
12/22/2014,BOI,ID,ANM,WE,Combined TRACON& Tower with Radar,108,30,37,5,180,0,6,40,10,56,108,36,77,15,236,82,2,84,320
12/23/2014,BOI,ID,ANM,WE,Combined TRACON& Tower with Radar,111,28,35,18,192,0,4,105,33,142,111,32,140,51,334,114,68,182,516
12/24/2014,BOI,ID,ANM,WE,Combined TRACON& Tower with Radar,103,20,14,6,143,0,0,11,7,18,103,20,25,13,161,14,10,24,185
12/25/2014,BOI,ID,ANM,WE,Combined TRACON& Tower with Radar,83,14,5,0,102,0,3,7,0,10,83,17,12,0,112,12,0,12,124
12/26/2014,BOI,ID,ANM,WE,Combined TRACON& Tower with Radar,106,26,20,0,152,0,5,89,0,94,106,31,109,0,246,82,0,82,328
12/27/2014,BOI,ID,ANM,WE,Combined TRACON& Tower with Radar,107,27,21,0,155,0,0,28,0,28,107,27,49,0,183,56,0,56,239
12/28/2014,BOI,ID,ANM,WE,Combined TRACON& Tower with Radar,100,29,13,0,142,0,1,2,0,3,100,30,15,0,145,0,0,0,145
12/29/2014,BOI,ID,ANM,WE,Combined TRACON& Tower with Radar,105,34,24,2,165,0,1,5,15,21,105,35,29,17,186,14,20,34,220
12/30/2014,BOI,ID,ANM,WE,Combined TRACON& Tower with Radar,111,26,43,9,189,0,2,21,10,33,111,28,64,19,222,16,12,28,250
12/31/2014,BOI,ID,ANM,WE,Combined TRACON& Tower with Radar,104,21,35,3,163,0,2,44,13,59,104,23,79,16,222,30,6,36,258
01/01/2015,BOI,ID,ANM,WE,Combined TRACON& Tower with Radar,92,24,21,0,137,0,0,7,0,7,92,24,28,0,144,12,0,12,156
01/02/2015,BOI,ID,ANM,WE,Combined TRACON& Tower with Radar,105,25,52,0,182,0,6,57,0,63,105,31,109,0,245,66,0,66,311
01/03/2015,BOI,ID,ANM,WE,Combined TRACON& Tower with Radar,97,27,36,6,166,0,6,70,0,76,97,33,106,6,242,80,6,86,328
01/04/2015,BOI,ID,ANM,WE,Combined TRACON& Tower with Radar,95,30,37,0,162,0,5,0,0,5,95,35,37,0,167,16,0,16,183
01/05/2015,BOI,ID,ANM,WE,Combined TRACON& Tower with Radar,101,36,20,1,158,0,1,1,1,3,101,37,21,2,161,0,16,16,177
01/06/2015,BOI,ID,ANM,WE,Combined TRACON& Tower with Radar,96,17,44,21,178,0,0,5,5,10,96,17,49,26,188,18,8,26,214
01/07/2015,BOI,ID,ANM,WE,Combined TRACON& Tower with Radar,83,14,26,16,139,0,4,23,16,43,83,18,49,32,182,60,4,64,246
01/08/2015,BOI,ID,ANM,WE,Combined TRACON& Tower with Radar,86,29,18,0,133,0,0,0,0,0,86,29,18,0,133,0,0,0,133
01/09/2015,BOI,ID,ANM,WE,Combined TRACON& Tower with Radar,94,22,33,12,161,0,0,1,1,2,94,22,34,13,163,0,0,0,163
01/10/2015,BOI,ID,ANM,WE,Combined TRACON& Tower with Radar,83,23,33,23,162,0,0,0,0,0,83,23,33,23,162,4,0,4,166
01/11/2015,BOI,ID,ANM,WE,Combined TRACON& Tower with Radar,87,27,25,0,139,0,0,0,0,0,87,27,25,0,139,0,0,0,139
01/12/2015,BOI,ID,ANM,WE,Combined TRACON& Tower with Radar,98,25,27,0,150,0,0,1,0,1,98,25,28,0,151,0,0,0,151
01/13/2015,BOI,ID,ANM,WE,Combined TRACON& Tower with Radar,98,32,59,6,195,0,1,54,18,73,98,33,113,24,268,54,36,90,358
01/14/2015,BOI,ID,ANM,WE,Combined TRACON& Tower with Radar,94,38,66,27,225,0,0,46,23,69,94,38,112,50,294,92,66,158,452
01/15/2015,BOI,ID,ANM,WE,Combined TRACON& Tower with Radar,98,33,49,12,192,0,4,75,30,109,98,37,124,42,301,26,16,42,343
01/16/2015,BOI,ID,ANM,WE,Combined TRACON& Tower with Radar,99,36,31,4,170,0,1,1,3,5,99,37,32,7,175,0,0,0,175
01/17/2015,BOI,ID,ANM,WE,Combined TRACON& Tower with Radar,83,27,35,0,145,0,1,36,0,37,83,28,71,0,182,34,0,34,216
01/18/2015,BOI,ID,ANM,WE,Combined TRACON& Tower with Radar,85,20,16,2,123,0,4,18,0,22,85,24,34,2,145,12,0,12,157
01/19/2015,BOI,ID,ANM,WE,Combined TRACON& Tower with Radar,91,24,30,1,146,0,2,49,2,53,91,26,79,3,199,92,0,92,291
01/20/2015,BOI,ID,ANM,WE,Combined TRACON& Tower with Radar,97,25,44,8,174,0,1,17,4,22,97,26,61,12,196,64,10,74,270
01/21/2015,BOI,ID,ANM,WE,Combined TRACON& Tower with Radar,93,22,46,4,165,0,4,7,19,30,93,26,53,23,195,50,58,108,303
01/22/2015,BOI,ID,ANM,WE,Combined TRACON& Tower with Radar,98,27,47,11,183,0,13,72,31,116,98,40,119,42,299,70,42,112,411
01/23/2015,BOI,ID,ANM,WE,Combined TRACON& Tower with Radar,95,25,53,12,185,0,4,76,6,86,95,29,129,18,271,88,14,102,373
01/24/2015,BOI,ID,ANM,WE,Combined TRACON& Tower with Radar,82,18,29,8,137,0,5,45,5,55,82,23,74,13,192,90,0,90,282
01/25/2015,BOI,ID,ANM,WE,Combined TRACON& Tower with Radar,83,18,26,7,134,0,0,53,5,58,83,18,79,12,192,80,0,80,272
01/26/2015,BOI,ID,ANM,WE,Combined TRACON& Tower with Radar,92,21,43,7,163,0,5,65,35,105,92,26,108,42,268,161,72,233,501
01/27/2015,BOI,ID,ANM,WE,Combined TRACON& Tower with Radar,94,30,32,10,166,0,0,6,4,10,94,30,38,14,176,50,2,52,228
01/28/2015,BOI,ID,ANM,WE,Combined TRACON& Tower with Radar,93,20,54,6,173,0,6,28,19,53,93,26,82,25,226,74,92,166,392
01/29/2015,BOI,ID,ANM,WE,Combined TRACON& Tower with Radar,99,37,62,6,204,0,7,60,28,95,99,44,122,34,299,60,70,130,429
01/30/2015,BOI,ID,ANM,WE,Combined TRACON& Tower with Radar,98,22,54,3,177,0,1,64,3,68,98,23,118,6,245,114,0,114,359
01/31/2015,BOI,ID,ANM,WE,Combined TRACON& Tower with Radar,81,12,20,3,116,0,8,97,0,105,81,20,117,3,221,80,16,96,317
02/01/2015,BOI,ID,ANM,WE,Combined TRACON& Tower with Radar,87,15,11,4,117,0,2,41,0,43,87,17,52,4,160,36,0,36,196
02/02/2015,BOI,ID,ANM,WE,Combined TRACON& Tower with Radar,96,29,42,7,174,0,0,10,18,28,96,29,52,25,202,16,64,80,282
02/03/2015,BOI,ID,ANM,WE,Combined TRACON& Tower with Radar,101,28,37,5,171,0,0,0,0,0,101,28,37,5,171,0,0,0,171
02/04/2015,BOI,ID,ANM,WE,Combined TRACON& Tower with Radar,95,24,47,4,170,0,4,39,16,59,95,28,86,20,229,58,40,98,327
02/05/2015,BOI,ID,ANM,WE,Combined TRACON& Tower with Radar,98,26,45,4,173,0,4,69,24,97,98,30,114,28,270,118,66,184,454
02/06/2015,BOI,ID,ANM,WE,Combined TRACON& Tower with Radar,100,28,41,2,171,0,2,35,2,39,100,30,76,4,210,22,8,30,240
02/07/2015,BOI,ID,ANM,WE,Combined TRACON& Tower with Radar,80,16,15,3,114,0,4,30,22,56,80,20,45,25,170,64,2,66,236
02/08/2015,BOI,ID,ANM,WE,Combined TRACON& Tower with Radar,86,22,33,9,150,0,7,57,4,68,86,29,90,13,218,60,56,116,334
02/09/2015,BOI,ID,ANM,WE,Combined TRACON& Tower with Radar,92,26,46,5,169,0,1,36,32,69,92,27,82,37,238,28,28,56,294
02/10/2015,BOI,ID,ANM,WE,Combined TRACON& Tower with Radar,96,26,47,7,176,0,6,57,41,104,96,32,104,48,280,76,20,96,376
02/11/2015,BOI,ID,ANM,WE,Combined TRACON& Tower with Radar,94,18,59,8,179,0,5,100,41,146,94,23,159,49,325,144,42,186,511
02/12/2015,BOI,ID,ANM,WE,Combined TRACON& Tower with Radar,101,16,78,2,197,0,8,111,32,151,101,24,189,34,348,220,44,264,612
02/13/2015,BOI,ID,ANM,WE,Combined TRACON& Tower with Radar,100,27,49,4,180,0,8,94,2,104,100,35,143,6,284,104,0,104,388
02/14/2015,BOI,ID,ANM,WE,Combined TRACON& Tower with Radar,83,17,28,0,128,0,8,91,0,99,83,25,119,0,227,92,0,92,319
02/15/2015,BOI,ID,ANM,WE,Combined TRACON& Tower with Radar,85,9,17,2,113,0,2,80,0,82,85,11,97,2,195,64,0,64,259
02/16/2015,BOI,ID,ANM,WE,Combined TRACON& Tower with Radar,93,26,44,0,163,0,7,97,0,104,93,33,141,0,267,120,0,120,387
02/17/2015,BOI,ID,ANM,WE,Combined TRACON& Tower with Radar,101,29,65,9,204,0,13,103,30,146,101,42,168,39,350,108,34,142,492
02/18/2015,BOI,ID,ANM,WE,Combined TRACON& Tower with Radar,97,21,65,10,193,0,15,81,30,126,97,36,146,40,319,130,32,162,481
02/19/2015,BOI,ID,ANM,WE,Combined TRACON& Tower with Radar,101,18,47,7,173,0,4,89,22,115,101,22,136,29,288,132,28,160,448
02/20/2015,BOI,ID,ANM,WE,Combined TRACON& Tower with Radar,99,23,53,17,192,0,4,55,0,59,99,27,108,17,251,64,10,74,325
02/21/2015,BOI,ID,ANM,WE,Combined TRACON& Tower with Radar,87,11,26,0,124,0,0,62,0,62,87,11,88,0,186,96,0,96,282
02/22/2015,BOI,ID,ANM,WE,Combined TRACON& Tower with Radar,90,15,35,1,141,0,1,65,0,66,90,16,100,1,207,88,0,88,295
02/23/2015,BOI,ID,ANM,WE,Combined TRACON& Tower with Radar,94,17,49,7,167,0,5,66,18,89,94,22,115,25,256,90,18,108,364
02/24/2015,BOI,ID,ANM,WE,Combined TRACON& Tower with Radar,100,20,52,9,181,0,7,109,24,140,100,27,161,33,321,168,96,264,585
02/25/2015,BOI,ID,ANM,WE,Combined TRACON& Tower with Radar,96,26,59,14,195,0,6,72,34,112,96,32,131,48,307,110,46,156,463
02/26/2015,BOI,ID,ANM,WE,Combined TRACON& Tower with Radar,104,29,52,9,194,0,8,41,31,80,104,37,93,40,274,72,4,76,350
02/27/2015,BOI,ID,ANM,WE,Combined TRACON& Tower with Radar,101,23,44,3,171,0,0,54,1,55,101,23,98,4,226,90,2,92,318
02/28/2015,BOI,ID,ANM,WE,Combined TRACON& Tower with Radar,83,11,13,0,107,0,7,12,0,19,83,18,25,0,126,66,0,66,192
03/01/2015,BOI,ID,ANM,WE,Combined TRACON& Tower with Radar,91,13,33,7,144,0,5,63,2,70,91,18,96,9,214,134,0,134,348
03/02/2015,BOI,ID,ANM,WE,Combined TRACON& Tower with Radar,96,18,28,5,147,0,3,48,23,74,96,21,76,28,221,78,4,82,303
03/03/2015,BOI,ID,ANM,WE,Combined TRACON& Tower with Radar,104,14,47,4,169,0,8,38,28,74,104,22,85,32,243,64,16,80,323
03/04/2015,BOI,ID,ANM,WE,Combined TRACON& Tower with Radar,101,15,45,8,169,0,3,69,26,98,101,18,114,34,267,118,10,128,395
03/05/2015,BOI,ID,ANM,WE,Combined TRACON& Tower with Radar,94,24,55,9,182,0,4,66,28,98,94,28,121,37,280,106,18,124,404
03/06/2015,BOI,ID,ANM,WE,Combined TRACON& Tower with Radar,95,24,55,11,185,0,10,95,16,121,95,34,150,27,306,104,26,130,436
03/07/2015,BOI,ID,ANM,WE,Combined TRACON& Tower with Radar,76,19,16,6,117,0,4,111,26,141,76,23,127,32,258,90,4,94,352
03/08/2015,BOI,ID,ANM,WE,Combined TRACON& Tower with Radar,91,21,29,5,146,0,4,65,11,80,91,25,94,16,226,40,22,62,288
03/09/2015,BOI,ID,ANM,WE,Combined TRACON& Tower with Radar,92,23,38,3,156,0,6,102,26,134,92,29,140,29,290,136,34,170,460
03/10/2015,BOI,ID,ANM,WE,Combined TRACON& Tower with Radar,94,25,69,8,196,0,9,89,30,128,94,34,158,38,324,124,94,218,542
03/11/2015,BOI,ID,ANM,WE,Combined TRACON& Tower with Radar,95,25,48,14,182,0,8,24,29,61,95,33,72,43,243,134,60,194,437
03/12/2015,BOI,ID,ANM,WE,Combined TRACON& Tower with Radar,94,24,58,14,190,0,5,58,26,89,94,29,116,40,279,126,80,206,485
03/13/2015,BOI,ID,ANM,WE,Combined TRACON& Tower with Radar,102,23,47,12,184,0,3,85,13,101,102,26,132,25,285,214,42,256,541
03/14/2015,BOI,ID,ANM,WE,Combined TRACON& Tower with Radar,76,18,45,2,141,0,2,78,1,81,76,20,123,3,222,104,0,104,326
03/15/2015,BOI,ID,ANM,WE,Combined TRACON& Tower with Radar,93,31,28,7,159,0,7,46,0,53,93,38,74,7,212,86,2,88,300
03/16/2015,BOI,ID,ANM,WE,Combined TRACON& Tower with Radar,92,31,55,13,191,0,4,53,21,78,92,35,108,34,269,70,28,98,367
03/17/2015,BOI,ID,ANM,WE,Combined TRACON& Tower with Radar,98,27,56,18,199,0,8,55,30,93,98,35,111,48,292,180,86,266,558
03/18/2015,BOI,ID,ANM,WE,Combined TRACON& Tower with Radar,96,32,42,11,181,0,9,75,16,100,96,41,117,27,281,82,6,88,369
03/19/2015,BOI,ID,ANM,WE,Combined TRACON& Tower with Radar,103,25,61,18,207,0,7,111,43,161,103,32,172,61,368,182,62,244,612
03/20/2015,BOI,ID,ANM,WE,Combined TRACON& Tower with Radar,98,22,57,5,182,0,5,93,0,98,98,27,150,5,280,98,4,102,382
03/21/2015,BOI,ID,ANM,WE,Combined TRACON& Tower with Radar,82,18,27,2,129,0,3,58,2,63,82,21,85,4,192,70,0,70,262
03/22/2015,BOI,ID,ANM,WE,Combined TRACON& Tower with Radar,90,18,30,4,142,0,7,58,0,65,90,25,88,4,207,92,2,94,301
03/23/2015,BOI,ID,ANM,WE,Combined TRACON& Tower with Radar,90,32,22,13,157,0,2,33,20,55,90,34,55,33,212,26,24,50,262
03/24/2015,BOI,ID,ANM,WE,Combined TRACON& Tower with Radar,100,29,41,16,186,0,3,16,31,50,100,32,57,47,236,54,18,72,308
03/25/2015,BOI,ID,ANM,WE,Combined TRACON& Tower with Radar,95,27,43,20,185,0,7,59,26,92,95,34,102,46,277,110,80,190,467
03/26/2015,BOI,ID,ANM,WE,Combined TRACON& Tower with Radar,97,24,35,9,165,0,6,85,24,115,97,30,120,33,280,122,42,164,444
03/27/2015,BOI,ID,ANM,WE,Combined TRACON& Tower with Radar,99,21,64,2,186,0,5,90,3,98,99,26,154,5,284,120,8,128,412
03/28/2015,BOI,ID,ANM,WE,Combined TRACON& Tower with Radar,78,16,12,2,108,0,4,41,0,45,78,20,53,2,153,108,0,108,261
03/29/2015,BOI,ID,ANM,WE,Combined TRACON& Tower with Radar,95,18,38,0,151,0,7,76,2,85,95,25,114,2,236,108,0,108,344
03/30/2015,BOI,ID,ANM,WE,Combined TRACON& Tower with Radar,89,27,45,5,166,0,7,76,33,116,89,34,121,38,282,62,4,66,348
03/31/2015,BOI,ID,ANM,WE,Combined TRACON& Tower with Radar,101,29,51,5,186,0,3,42,23,68,101,32,93,28,254,22,4,26,280
04/01/2015,BOI,ID,ANM,WE,Combined TRACON& Tower with Radar,98,29,38,28,193,0,5,42,21,68,98,34,80,49,261,108,64,172,433
04/02/2015,BOI,ID,ANM,WE,Combined TRACON& Tower with Radar,99,22,47,6,174,0,9,55,17,81,99,31,102,23,255,52,40,92,347
04/03/2015,BOI,ID,ANM,WE,Combined TRACON& Tower with Radar,98,25,52,10,185,0,5,92,1,98,98,30,144,11,283,98,2,100,383
04/04/2015,BOI,ID,ANM,WE,Combined TRACON& Tower with Radar,82,15,19,2,118,0,5,54,0,59,82,20,73,2,177,94,0,94,271
04/05/2015,BOI,ID,ANM,WE,Combined TRACON& Tower with Radar,89,20,14,1,124,0,2,13,0,15,89,22,27,1,139,40,0,40,179
04/06/2015,BOI,ID,ANM,WE,Combined TRACON& Tower with Radar,94,24,49,14,181,0,6,69,20,95,94,30,118,34,276,106,54,160,436
04/07/2015,BOI,ID,ANM,WE,Combined TRACON& Tower with Radar,98,23,71,16,208,0,2,60,29,91,98,25,131,45,299,102,72,174,473
04/08/2015,BOI,ID,ANM,WE,Combined TRACON& Tower with Radar,100,27,45,5,177,0,3,20,32,55,100,30,65,37,232,2,30,32,264
04/09/2015,BOI,ID,ANM,WE,Combined TRACON& Tower with Radar,101,20,66,19,206,0,3,93,18,114,101,23,159,37,320,170,24,194,514
04/10/2015,BOI,ID,ANM,WE,Combined TRACON& Tower with Radar,100,17,52,21,190,0,3,115,11,129,100,20,167,32,319,96,10,106,425
04/11/2015,BOI,ID,ANM,WE,Combined TRACON& Tower with Radar,81,23,26,10,140,0,6,31,28,65,81,29,57,38,205,0,0,0,205
04/12/2015,BOI,ID,ANM,WE,Combined TRACON& Tower with Radar,94,14,44,15,167,0,0,74,22,96,94,14,118,37,263,108,50,158,421
04/13/2015,BOI,ID,ANM,WE,Combined TRACON& Tower with Radar,96,19,55,17,187,0,8,77,23,108,96,27,132,40,295,70,70,140,435
04/14/2015,BOI,ID,ANM,WE,Combined TRACON& Tower with Radar,122,22,34,13,191,0,0,13,13,26,122,22,47,26,217,28,94,122,339
04/15/2015,BOI,ID,ANM,WE,Combined TRACON& Tower with Radar,107,23,33,26,189,0,5,41,18,64,107,28,74,44,253,80,20,100,353
04/16/2015,BOI,ID,ANM,WE,Combined TRACON& Tower with Radar,102,23,72,36,233,0,4,129,33,166,102,27,201,69,399,112,24,136,535
04/17/2015,BOI,ID,ANM,WE,Combined TRACON& Tower with Radar,100,24,61,28,213,0,6,120,10,136,100,30,181,38,349,178,26,204,553
04/18/2015,BOI,ID,ANM,WE,Combined TRACON& Tower with Radar,80,11,21,15,127,0,6,72,6,84,80,17,93,21,211,78,0,78,289
04/19/2015,BOI,ID,ANM,WE,Combined TRACON& Tower with Radar,98,16,26,22,162,0,3,89,6,98,98,19,115,28,260,100,30,130,390
04/20/2015,BOI,ID,ANM,WE,Combined TRACON& Tower with Radar,97,18,71,12,198,0,7,116,31,154,97,25,187,43,352,76,56,132,484
04/21/2015,BOI,ID,ANM,WE,Combined TRACON& Tower with Radar,104,26,67,17,214,0,5,97,25,127,104,31,164,42,341,136,12,148,489
04/22/2015,BOI,ID,ANM,WE,Combined TRACON& Tower with Radar,106,22,44,8,180,0,8,46,31,85,106,30,90,39,265,84,30,114,379
04/23/2015,BOI,ID,ANM,WE,Combined TRACON& Tower with Radar,103,20,65,12,200,0,3,92,34,129,103,23,157,46,329,127,46,173,502
04/24/2015,BOI,ID,ANM,WE,Combined TRACON& Tower with Radar,99,21,37,7,164,0,4,43,11,58,99,25,80,18,222,76,4,80,302
04/25/2015,BOI,ID,ANM,WE,Combined TRACON& Tower with Radar,82,20,25,1,128,0,2,88,4,94,82,22,113,5,222,60,0,60,282
04/26/2015,BOI,ID,ANM,WE,Combined TRACON& Tower with Radar,91,14,23,2,130,0,2,41,1,44,91,16,64,3,174,44,0,44,218
04/27/2015,BOI,ID,ANM,WE,Combined TRACON& Tower with Radar,95,18,34,11,158,0,2,71,30,103,95,20,105,41,261,112,36,148,409
04/28/2015,BOI,ID,ANM,WE,Combined TRACON& Tower with Radar,102,19,42,10,173,0,12,82,44,138,102,31,124,54,311,94,64,158,469
04/29/2015,BOI,ID,ANM,WE,Combined TRACON& Tower with Radar,101,20,53,12,186,0,6,91,34,131,101,26,144,46,317,94,24,118,435
04/30/2015,BOI,ID,ANM,WE,Combined TRACON& Tower with Radar,105,20,61,3,189,0,7,126,29,162,105,27,187,32,351,74,36,110,461
05/01/2015,BOI,ID,ANM,WE,Combined TRACON& Tower with Radar,107,18,50,6,181,0,7,99,13,119,107,25,149,19,300,86,2,88,388
05/02/2015,BOI,ID,ANM,WE,Combined TRACON& Tower with Radar,84,19,24,20,147,0,10,74,20,104,84,29,98,40,251,78,16,94,345
05/03/2015,BOI,ID,ANM,WE,Combined TRACON& Tower with Radar,99,25,24,12,160,0,8,63,5,76,99,33,87,17,236,72,6,78,314
05/04/2015,BOI,ID,ANM,WE,Combined TRACON& Tower with Radar,104,23,65,9,201,0,2,111,16,129,104,25,176,25,330,112,12,124,454
05/05/2015,BOI,ID,ANM,WE,Combined TRACON& Tower with Radar,109,26,59,18,212,0,8,68,24,100,109,34,127,42,312,54,8,62,374
05/06/2015,BOI,ID,ANM,WE,Combined TRACON& Tower with Radar,116,22,45,12,195,0,5,66,31,102,116,27,111,43,297,72,32,104,401
05/07/2015,BOI,ID,ANM,WE,Combined TRACON& Tower with Radar,115,19,39,19,192,0,1,31,17,49,115,20,70,36,241,34,28,62,303
05/08/2015,BOI,ID,ANM,WE,Combined TRACON& Tower with Radar,116,23,43,14,196,0,5,51,16,72,116,28,94,30,268,72,2,74,342
05/09/2015,BOI,ID,ANM,WE,Combined TRACON& Tower with Radar,86,14,33,0,133,0,8,57,3,68,86,22,90,3,201,24,0,24,225
05/10/2015,BOI,ID,ANM,WE,Combined TRACON& Tower with Radar,99,19,21,0,139,0,5,61,3,69,99,24,82,3,208,82,6,88,296
05/11/2015,BOI,ID,ANM,WE,Combined TRACON& Tower with Radar,113,20,58,9,200,0,6,58,25,89,113,26,116,34,289,66,8,74,363
05/12/2015,BOI,ID,ANM,WE,Combined TRACON& Tower with Radar,114,22,46,10,192,0,4,57,15,76,114,26,103,25,268,88,0,88,356
05/13/2015,BOI,ID,ANM,WE,Combined TRACON& Tower with Radar,119,19,65,12,215,0,2,92,22,116,119,21,157,34,331,156,8,164,495
05/14/2015,BOI,ID,ANM,WE,Combined TRACON& Tower with Radar,118,19,60,13,210,0,5,56,28,89,118,24,116,41,299,129,18,147,446
05/15/2015,BOI,ID,ANM,WE,Combined TRACON& Tower with Radar,114,19,47,14,194,0,1,11,2,14,114,20,58,16,208,20,2,22,230
05/16/2015,BOI,ID,ANM,WE,Combined TRACON& Tower with Radar,91,14,25,2,132,0,4,25,6,35,91,18,50,8,167,22,0,22,189
05/17/2015,BOI,ID,ANM,WE,Combined TRACON& Tower with Radar,107,16,24,2,149,0,5,39,5,49,107,21,63,7,198,74,0,74,272
05/18/2015,BOI,ID,ANM,WE,Combined TRACON& Tower with Radar,106,21,42,25,194,0,8,46,21,75,106,29,88,46,269,90,10,100,369
05/19/2015,BOI,ID,ANM,WE,Combined TRACON& Tower with Radar,117,18,65,6,206,0,2,28,17,47,117,20,93,23,253,68,28,96,349
05/20/2015,BOI,ID,ANM,WE,Combined TRACON& Tower with Radar,113,22,56,14,205,0,11,39,31,81,113,33,95,45,286,72,10,82,368
05/21/2015,BOI,ID,ANM,WE,Combined TRACON& Tower with Radar,119,23,70,15,227,0,8,61,27,96,119,31,131,42,323,56,12,68,391
05/22/2015,BOI,ID,ANM,WE,Combined TRACON& Tower with Radar,113,17,52,2,184,0,12,62,6,80,113,29,114,8,264,68,6,74,338
05/23/2015,BOI,ID,ANM,WE,Combined TRACON& Tower with Radar,88,15,25,0,128,0,14,44,1,59,88,29,69,1,187,0,0,0,187
05/24/2015,BOI,ID,ANM,WE,Combined TRACON& Tower with Radar,86,10,17,0,113,0,10,57,0,67,86,20,74,0,180,0,0,0,180
05/25/2015,BOI,ID,ANM,WE,Combined TRACON& Tower with Radar,101,13,35,0,149,0,8,63,0,71,101,21,98,0,220,0,0,0,220
05/26/2015,BOI,ID,ANM,WE,Combined TRACON& Tower with Radar,112,22,49,10,193,0,5,90,17,112,112,27,139,27,305,0,0,0,305
05/27/2015,BOI,ID,ANM,WE,Combined TRACON& Tower with Radar,121,24,41,15,201,0,8,77,32,117,121,32,118,47,318,64,62,126,444
05/28/2015,BOI,ID,ANM,WE,Combined TRACON& Tower with Radar,115,17,62,13,207,0,5,129,30,164,115,22,191,43,371,180,28,208,579
05/29/2015,BOI,ID,ANM,WE,Combined TRACON& Tower with Radar,117,20,75,6,218,0,2,113,6,121,117,22,188,12,339,116,12,128,467
05/30/2015,BOI,ID,ANM,WE,Combined TRACON& Tower with Radar,92,12,36,2,142,0,9,91,3,103,92,21,127,5,245,120,4,124,369
05/31/2015,BOI,ID,ANM,WE,Combined TRACON& Tower with Radar,105,14,31,5,155,0,6,99,0,105,105,20,130,5,260,122,4,126,386
06/01/2015,BOI,ID,ANM,WE,Combined TRACON& Tower with Radar,115,21,39,14,189,0,8,48,39,95,115,29,87,53,284,50,38,88,372
06/02/2015,BOI,ID,ANM,WE,Combined TRACON& Tower with Radar,116,14,54,6,190,0,9,59,33,101,116,23,113,39,291,106,22,128,419
06/03/2015,BOI,ID,ANM,WE,Combined TRACON& Tower with Radar,117,22,53,8,200,0,10,93,31,134,117,32,146,39,334,138,16,154,488
06/04/2015,BOI,ID,ANM,WE,Combined TRACON& Tower with Radar,120,20,45,14,199,0,8,94,32,134,120,28,139,46,333,108,28,136,469
06/05/2015,BOI,ID,ANM,WE,Combined TRACON& Tower with Radar,127,19,38,6,190,0,10,90,11,111,127,29,128,17,301,124,24,148,449
06/06/2015,BOI,ID,ANM,WE,Combined TRACON& Tower with Radar,103,17,27,10,157,0,10,98,52,160,103,27,125,62,317,112,0,112,429
06/07/2015,BOI,ID,ANM,WE,Combined TRACON& Tower with Radar,115,14,27,10,166,0,5,98,33,136,115,19,125,43,302,52,14,66,368
06/08/2015,BOI,ID,ANM,WE,Combined TRACON& Tower with Radar,121,24,56,2,203,0,15,89,16,120,121,39,145,18,323,122,4,126,449
06/09/2015,BOI,ID,ANM,WE,Combined TRACON& Tower with Radar,121,16,55,15,207,0,13,73,33,119,121,29,128,48,326,120,0,120,446
06/10/2015,BOI,ID,ANM,WE,Combined TRACON& Tower with Radar,121,15,35,16,187,0,9,69,28,106,121,24,104,44,293,102,6,108,401
06/11/2015,BOI,ID,ANM,WE,Combined TRACON& Tower with Radar,131,28,54,10,223,0,9,134,41,184,131,37,188,51,407,0,0,0,407
06/12/2015,BOI,ID,ANM,WE,Combined TRACON& Tower with Radar,131,21,48,9,209,2,14,114,22,152,133,35,162,31,361,44,4,48,409
06/13/2015,BOI,ID,ANM,WE,Combined TRACON& Tower with Radar,114,7,29,2,152,0,14,90,25,129,114,21,119,27,281,68,0,68,349
06/14/2015,BOI,ID,ANM,WE,Combined TRACON& Tower with Radar,121,18,38,2,179,0,6,91,1,98,121,24,129,3,277,32,0,32,309
06/15/2015,BOI,ID,ANM,WE,Combined TRACON& Tower with Radar,122,16,63,4,205,0,18,95,22,135,122,34,158,26,340,66,10,76,416
06/16/2015,BOI,ID,ANM,WE,Combined TRACON& Tower with Radar,125,21,51,8,205,0,4,77,21,102,125,25,128,29,307,0,0,0,307
06/17/2015,BOI,ID,ANM,WE,Combined TRACON& Tower with Radar,124,18,63,11,216,0,9,134,31,174,124,27,197,42,390,136,24,160,550
06/18/2015,BOI,ID,ANM,WE,Combined TRACON& Tower with Radar,125,16,61,18,220,0,14,113,24,151,125,30,174,42,371,66,18,84,455
06/19/2015,BOI,ID,ANM,WE,Combined TRACON& Tower with Radar,127,16,49,7,199,0,16,89,9,114,127,32,138,16,313,114,16,130,443
06/20/2015,BOI,ID,ANM,WE,Combined TRACON& Tower with Radar,111,14,24,3,152,0,15,119,8,142,111,29,143,11,294,24,0,24,318
06/21/2015,BOI,ID,ANM,WE,Combined TRACON& Tower with Radar,120,11,21,4,156,0,6,82,38,126,120,17,103,42,282,30,0,30,312
06/22/2015,BOI,ID,ANM,WE,Combined TRACON& Tower with Radar,127,16,49,3,195,0,13,84,17,114,127,29,133,20,309,20,8,28,337
06/23/2015,BOI,ID,ANM,WE,Combined TRACON& Tower with Radar,124,21,62,13,220,0,8,93,22,123,124,29,155,35,343,94,18,112,455
06/24/2015,BOI,ID,ANM,WE,Combined TRACON& Tower with Radar,124,15,49,15,203,1,19,92,25,137,125,34,141,40,340,84,0,84,424
06/25/2015,BOI,ID,ANM,WE,Combined TRACON& Tower with Radar,123,18,46,15,202,8,51,122,108,289,131,69,168,123,491,90,32,122,613
06/26/2015,BOI,ID,ANM,WE,Combined TRACON& Tower with Radar,130,24,50,18,222,4,51,123,63,241,134,75,173,81,463,88,2,90,553
06/27/2015,BOI,ID,ANM,WE,Combined TRACON& Tower with Radar,118,22,43,4,187,0,16,87,24,127,118,38,130,28,314,38,0,38,352
06/28/2015,BOI,ID,ANM,WE,Combined TRACON& Tower with Radar,110,20,45,5,180,0,9,71,33,113,110,29,116,38,293,58,0,58,351
06/29/2015,BOI,ID,ANM,WE,Combined TRACON& Tower with Radar,118,24,58,13,213,0,21,111,79,211,118,45,169,92,424,132,2,134,558
06/30/2015,BOI,ID,ANM,WE,Combined TRACON& Tower with Radar,118,9,60,18,205,0,13,121,15,149,118,22,181,33,354,118,10,128,482
07/01/2015,BOI,ID,ANM,WE,Combined TRACON& Tower with Radar,125,9,39,10,183,0,16,113,29,158,125,25,152,39,341,122,32,154,495
07/02/2015,BOI,ID,ANM,WE,Combined TRACON& Tower with Radar,120,26,48,3,197,0,16,88,0,104,120,42,136,3,301,36,0,36,337
07/03/2015,BOI,ID,ANM,WE,Combined TRACON& Tower with Radar,112,11,43,6,172,1,8,116,9,134,113,19,159,15,306,106,0,106,412
07/04/2015,BOI,ID,ANM,WE,Combined TRACON& Tower with Radar,97,0,6,0,103,0,10,80,3,93,97,10,86,3,196,14,8,22,218
07/05/2015,BOI,ID,ANM,WE,Combined TRACON& Tower with Radar,115,15,19,0,149,0,15,78,3,96,115,30,97,3,245,62,0,62,307
07/06/2015,BOI,ID,ANM,WE,Combined TRACON& Tower with Radar,119,30,44,16,209,0,16,71,35,122,119,46,115,51,331,74,40,114,445
07/07/2015,BOI,ID,ANM,WE,Combined TRACON& Tower with Radar,121,24,63,13,221,0,12,81,27,120,121,36,144,40,341,66,22,88,429
07/08/2015,BOI,ID,ANM,WE,Combined TRACON& Tower with Radar,126,37,52,20,235,0,19,77,19,115,126,56,129,39,350,92,18,110,460
07/09/2015,BOI,ID,ANM,WE,Combined TRACON& Tower with Radar,128,34,59,48,269,1,4,89,35,129,129,38,148,83,398,94,64,158,556
07/10/2015,BOI,ID,ANM,WE,Combined TRACON& Tower with Radar,126,27,57,9,219,0,26,85,12,123,126,53,142,21,342,50,4,54,396
07/11/2015,BOI,ID,ANM,WE,Combined TRACON& Tower with Radar,117,20,32,3,172,0,22,87,4,113,117,42,119,7,285,82,0,82,367
07/12/2015,BOI,ID,ANM,WE,Combined TRACON& Tower with Radar,117,17,33,2,169,0,13,78,2,93,117,30,111,4,262,56,12,68,330
07/13/2015,BOI,ID,ANM,WE,Combined TRACON& Tower with Radar,111,32,46,5,194,0,5,80,27,112,111,37,126,32,306,40,24,64,370
07/14/2015,BOI,ID,ANM,WE,Combined TRACON& Tower with Radar,122,27,62,12,223,0,13,86,31,130,122,40,148,43,353,38,60,98,451
07/15/2015,BOI,ID,ANM,WE,Combined TRACON& Tower with Radar,122,21,55,16,214,1,8,108,24,141,123,29,163,40,355,76,18,94,449
07/16/2015,BOI,ID,ANM,WE,Combined TRACON& Tower with Radar,123,18,60,9,210,0,15,136,33,184,123,33,196,42,394,72,8,80,474
07/17/2015,BOI,ID,ANM,WE,Combined TRACON& Tower with Radar,121,25,41,14,201,0,10,111,8,129,121,35,152,22,330,72,0,72,402
07/18/2015,BOI,ID,ANM,WE,Combined TRACON& Tower with Radar,114,15,28,2,159,0,22,89,2,113,114,37,117,4,272,68,0,68,340
07/19/2015,BOI,ID,ANM,WE,Combined TRACON& Tower with Radar,119,10,24,0,153,0,7,98,2,107,119,17,122,2,260,42,0,42,302
07/20/2015,BOI,ID,ANM,WE,Combined TRACON& Tower with Radar,121,23,33,23,200,0,8,92,32,132,121,31,125,55,332,92,48,140,472
07/21/2015,BOI,ID,ANM,WE,Combined TRACON& Tower with Radar,121,23,53,17,214,0,18,83,14,115,121,41,136,31,329,112,6,118,447
07/22/2015,BOI,ID,ANM,WE,Combined TRACON& Tower with Radar,125,20,56,16,217,0,15,98,18,131,125,35,154,34,348,158,6,164,512
07/23/2015,BOI,ID,ANM,WE,Combined TRACON& Tower with Radar,122,30,38,14,204,0,8,83,27,118,122,38,121,41,322,116,6,122,444
07/24/2015,BOI,ID,ANM,WE,Combined TRACON& Tower with Radar,121,13,39,14,187,0,19,111,8,138,121,32,150,22,325,40,0,40,365
07/25/2015,BOI,ID,ANM,WE,Combined TRACON& Tower with Radar,112,14,27,3,156,0,16,100,3,119,112,30,127,6,275,26,0,26,301
07/26/2015,BOI,ID,ANM,WE,Combined TRACON& Tower with Radar,113,13,31,6,163,0,22,103,2,127,113,35,134,8,290,80,0,80,370
07/27/2015,BOI,ID,ANM,WE,Combined TRACON& Tower with Radar,123,21,44,16,204,0,13,79,20,112,123,34,123,36,316,38,0,38,354
07/28/2015,BOI,ID,ANM,WE,Combined TRACON& Tower with Radar,122,20,55,9,206,0,8,118,17,143,122,28,173,26,349,74,42,116,465
07/29/2015,BOI,ID,ANM,WE,Combined TRACON& Tower with Radar,120,21,46,15,202,0,12,128,25,165,120,33,174,40,367,62,0,62,429
07/30/2015,BOI,ID,ANM,WE,Combined TRACON& Tower with Radar,123,19,60,10,212,0,9,120,28,157,123,28,180,38,369,48,18,66,435
07/31/2015,BOI,ID,ANM,WE,Combined TRACON& Tower with Radar,122,21,49,6,198,0,7,108,6,121,122,28,157,12,319,46,10,56,375
08/01/2015,BOI,ID,ANM,WE,Combined TRACON& Tower with Radar,116,10,19,7,152,0,14,88,25,127,116,24,107,32,279,20,0,20,299
08/02/2015,BOI,ID,ANM,WE,Combined TRACON& Tower with Radar,125,15,26,15,181,0,12,103,9,124,125,27,129,24,305,64,0,64,369
08/03/2015,BOI,ID,ANM,WE,Combined TRACON& Tower with Radar,122,18,52,10,202,0,21,96,23,140,122,39,148,33,342,46,22,68,410
08/04/2015,BOI,ID,ANM,WE,Combined TRACON& Tower with Radar,123,14,62,11,210,1,34,86,86,207,124,48,148,97,417,70,10,80,497
08/05/2015,BOI,ID,ANM,WE,Combined TRACON& Tower with Radar,124,19,45,18,206,6,19,110,41,176,130,38,155,59,382,70,18,88,470
08/06/2015,BOI,ID,ANM,WE,Combined TRACON& Tower with Radar,125,32,52,28,237,0,39,142,12,193,125,71,194,40,430,98,16,114,544
08/07/2015,BOI,ID,ANM,WE,Combined TRACON& Tower with Radar,138,26,45,14,223,0,8,91,11,110,138,34,136,25,333,38,2,40,373
08/08/2015,BOI,ID,ANM,WE,Combined TRACON& Tower with Radar,123,14,32,2,171,0,18,72,2,92,123,32,104,4,263,16,0,16,279
08/09/2015,BOI,ID,ANM,WE,Combined TRACON& Tower with Radar,116,21,30,15,182,0,21,67,5,93,116,42,97,20,275,22,26,48,323
08/10/2015,BOI,ID,ANM,WE,Combined TRACON& Tower with Radar,115,21,43,32,211,3,52,102,49,206,118,73,145,81,417,42,2,44,461
08/11/2015,BOI,ID,ANM,WE,Combined TRACON& Tower with Radar,125,17,68,54,264,7,75,116,68,266,132,92,184,122,530,56,6,62,592
08/12/2015,BOI,ID,ANM,WE,Combined TRACON& Tower with Radar,126,22,56,50,254,7,79,87,63,236,133,101,143,113,490,28,4,32,522
08/13/2015,BOI,ID,ANM,WE,Combined TRACON& Tower with Radar,125,29,55,40,249,14,59,117,43,233,139,88,172,83,482,34,0,34,516
08/14/2015,BOI,ID,ANM,WE,Combined TRACON& Tower with Radar,121,22,43,31,217,12,52,99,80,243,133,74,142,111,460,28,8,36,496
08/15/2015,BOI,ID,ANM,WE,Combined TRACON& Tower with Radar,114,20,22,3,159,0,15,95,23,133,114,35,117,26,292,28,0,28,320
08/16/2015,BOI,ID,ANM,WE,Combined TRACON& Tower with Radar,112,16,39,10,177,2,13,70,18,103,114,29,109,28,280,72,4,76,356
08/17/2015,BOI,ID,ANM,WE,Combined TRACON& Tower with Radar,117,25,53,42,237,5,19,79,14,117,122,44,132,56,354,66,0,66,420
08/18/2015,BOI,ID,ANM,WE,Combined TRACON& Tower with Radar,127,19,53,55,254,5,18,68,29,120,132,37,121,84,374,32,4,36,410
08/19/2015,BOI,ID,ANM,WE,Combined TRACON& Tower with Radar,124,27,55,46,252,0,20,77,25,122,124,47,132,71,374,18,2,20,394
08/20/2015,BOI,ID,ANM,WE,Combined TRACON& Tower with Radar,130,21,60,52,263,6,20,89,29,144,136,41,149,81,407,16,0,16,423
08/21/2015,BOI,ID,ANM,WE,Combined TRACON& Tower with Radar,126,30,31,31,218,5,17,84,23,129,131,47,115,54,347,20,0,20,367
08/22/2015,BOI,ID,ANM,WE,Combined TRACON& Tower with Radar,116,4,39,7,166,0,9,86,19,114,116,13,125,26,280,40,0,40,320
08/23/2015,BOI,ID,ANM,WE,Combined TRACON& Tower with Radar,109,16,30,5,160,3,14,46,22,85,112,30,76,27,245,18,0,18,263
08/24/2015,BOI,ID,ANM,WE,Combined TRACON& Tower with Radar,119,24,43,18,204,4,31,75,38,148,123,55,118,56,352,54,4,58,410
08/25/2015,BOI,ID,ANM,WE,Combined TRACON& Tower with Radar,131,20,62,23,236,6,20,77,49,152,137,40,139,72,388,56,12,68,456
08/26/2015,BOI,ID,ANM,WE,Combined TRACON& Tower with Radar,127,23,53,20,223,12,19,72,36,139,139,42,125,56,362,48,4,52,414
08/27/2015,BOI,ID,ANM,WE,Combined TRACON& Tower with Radar,132,11,58,27,228,7,22,92,39,160,139,33,150,66,388,64,6,70,458
08/28/2015,BOI,ID,ANM,WE,Combined TRACON& Tower with Radar,130,21,60,11,222,0,9,76,15,100,130,30,136,26,322,32,2,34,356
08/29/2015,BOI,ID,ANM,WE,Combined TRACON& Tower with Radar,100,10,31,4,145,1,10,44,14,69,101,20,75,18,214,48,0,48,262
08/30/2015,BOI,ID,ANM,WE,Combined TRACON& Tower with Radar,119,15,29,10,173,2,5,65,12,84,121,20,94,22,257,22,2,24,281
08/31/2015,BOI,ID,ANM,WE,Combined TRACON& Tower with Radar,121,10,58,2,191,0,18,74,8,100,121,28,132,10,291,56,6,62,353
09/01/2015,BOI,ID,ANM,WE,Combined TRACON& Tower with Radar,130,6,48,10,194,5,14,81,17,117,135,20,129,27,311,44,4,48,359
09/02/2015,BOI,ID,ANM,WE,Combined TRACON& Tower with Radar,130,10,49,3,192,7,12,68,22,109,137,22,117,25,301,68,4,72,373
09/03/2015,BOI,ID,ANM,WE,Combined TRACON& Tower with Radar,142,17,42,17,218,0,10,62,28,100,142,27,104,45,318,50,14,64,382
09/04/2015,BOI,ID,ANM,WE,Combined TRACON& Tower with Radar,125,19,48,2,194,0,6,79,8,93,125,25,127,10,287,134,0,134,421
09/05/2015,BOI,ID,ANM,WE,Combined TRACON& Tower with Radar,95,12,24,0,131,0,11,50,4,65,95,23,74,4,196,38,0,38,234
09/06/2015,BOI,ID,ANM,WE,Combined TRACON& Tower with Radar,99,9,14,0,122,0,7,73,1,81,99,16,87,1,203,52,0,52,255
09/07/2015,BOI,ID,ANM,WE,Combined TRACON& Tower with Radar,110,14,34,1,159,1,8,94,1,104,111,22,128,2,263,64,0,64,327
09/08/2015,BOI,ID,ANM,WE,Combined TRACON& Tower with Radar,121,17,56,8,202,0,18,77,30,125,121,35,133,38,327,92,18,110,437
09/09/2015,BOI,ID,ANM,WE,Combined TRACON& Tower with Radar,123,14,58,13,208,0,7,112,27,146,123,21,170,40,354,112,20,132,486
09/10/2015,BOI,ID,ANM,WE,Combined TRACON& Tower with Radar,129,15,41,7,192,0,9,89,30,128,129,24,130,37,320,74,6,80,400
09/11/2015,BOI,ID,ANM,WE,Combined TRACON& Tower with Radar,128,19,44,14,205,2,9,87,17,115,130,28,131,31,320,50,2,52,372
09/12/2015,BOI,ID,ANM,WE,Combined TRACON& Tower with Radar,109,2,47,27,185,2,19,88,25,134,111,21,135,52,319,62,4,66,385
09/13/2015,BOI,ID,ANM,WE,Combined TRACON& Tower with Radar,123,11,35,3,172,2,11,72,12,97,125,22,107,15,269,46,40,86,355
09/14/2015,BOI,ID,ANM,WE,Combined TRACON& Tower with Radar,127,20,37,10,194,0,13,39,25,77,127,33,76,35,271,50,8,58,329
09/15/2015,BOI,ID,ANM,WE,Combined TRACON& Tower with Radar,127,28,54,12,221,0,10,37,29,76,127,38,91,41,297,52,42,94,391
09/16/2015,BOI,ID,ANM,WE,Combined TRACON& Tower with Radar,127,29,37,12,205,0,12,60,28,100,127,41,97,40,305,126,54,180,485
09/17/2015,BOI,ID,ANM,WE,Combined TRACON& Tower with Radar,136,15,45,9,205,0,6,39,30,75,136,21,84,39,280,18,12,30,310
09/18/2015,BOI,ID,ANM,WE,Combined TRACON& Tower with Radar,133,16,50,24,223,0,12,94,14,120,133,28,144,38,343,138,2,140,483
09/19/2015,BOI,ID,ANM,WE,Combined TRACON& Tower with Radar,108,3,12,5,128,0,6,87,12,105,108,9,99,17,233,76,4,80,313
09/20/2015,BOI,ID,ANM,WE,Combined TRACON& Tower with Radar,122,12,30,5,169,0,5,80,1,86,122,17,110,6,255,128,0,128,383
09/21/2015,BOI,ID,ANM,WE,Combined TRACON& Tower with Radar,128,15,48,12,203,0,9,87,20,116,128,24,135,32,319,74,18,92,411
09/22/2015,BOI,ID,ANM,WE,Combined TRACON& Tower with Radar,126,12,66,20,224,0,10,112,17,139,126,22,178,37,363,44,30,74,437
09/23/2015,BOI,ID,ANM,WE,Combined TRACON& Tower with Radar,132,15,60,13,220,0,11,112,33,156,132,26,172,46,376,42,22,64,440
09/24/2015,BOI,ID,ANM,WE,Combined TRACON& Tower with Radar,133,16,62,24,235,1,6,92,29,128,134,22,154,53,363,78,50,128,491
09/25/2015,BOI,ID,ANM,WE,Combined TRACON& Tower with Radar,131,12,47,14,204,0,4,88,6,98,131,16,135,20,302,42,2,44,346
09/26/2015,BOI,ID,ANM,WE,Combined TRACON& Tower with Radar,109,10,17,3,139,0,10,65,5,80,109,20,82,8,219,32,2,34,253
09/27/2015,BOI,ID,ANM,WE,Combined TRACON& Tower with Radar,125,9,24,3,161,0,10,101,3,114,125,19,125,6,275,68,0,68,343
09/28/2015,BOI,ID,ANM,WE,Combined TRACON& Tower with Radar,125,20,41,8,194,0,13,82,14,109,125,33,123,22,303,74,42,116,419
09/29/2015,BOI,ID,ANM,WE,Combined TRACON& Tower with Radar,125,15,55,1,196,0,8,78,13,99,125,23,133,14,295,98,44,142,437
09/30/2015,BOI,ID,ANM,WE,Combined TRACON& Tower with Radar,127,21,61,3,212,0,10,80,27,117,127,31,141,30,329,82,10,92,421
10/01/2015,BOI,ID,ANM,WE,Combined TRACON& Tower with Radar,133,20,53,11,217,0,9,59,24,92,133,29,112,35,309,34,24,58,367
10/02/2015,BOI,ID,ANM,WE,Combined TRACON& Tower with Radar,132,22,50,13,217,0,5,48,14,67,132,27,98,27,284,46,2,48,332
10/03/2015,BOI,ID,ANM,WE,Combined TRACON& Tower with Radar,104,13,28,25,170,0,9,43,19,71,104,22,71,44,241,20,22,42,283
10/04/2015,BOI,ID,ANM,WE,Combined TRACON& Tower with Radar,125,7,23,7,162,0,5,72,5,82,125,12,95,12,244,62,2,64,308
10/05/2015,BOI,ID,ANM,WE,Combined TRACON& Tower with Radar,127,16,52,11,206,0,7,69,14,90,127,23,121,25,296,72,6,78,374
10/06/2015,BOI,ID,ANM,WE,Combined TRACON& Tower with Radar,126,18,48,17,209,0,11,81,24,116,126,29,129,41,325,74,72,146,471
10/07/2015,BOI,ID,ANM,WE,Combined TRACON& Tower with Radar,125,19,50,15,209,0,8,82,32,122,125,27,132,47,331,122,8,130,461
10/08/2015,BOI,ID,ANM,WE,Combined TRACON& Tower with Radar,140,24,66,13,243,0,9,87,24,120,140,33,153,37,363,50,64,114,477
10/09/2015,BOI,ID,ANM,WE,Combined TRACON& Tower with Radar,126,24,49,13,212,0,2,83,10,95,126,26,132,23,307,56,24,80,387
10/10/2015,BOI,ID,ANM,WE,Combined TRACON& Tower with Radar,105,12,31,1,149,0,4,77,5,86,105,16,108,6,235,30,0,30,265
10/11/2015,BOI,ID,ANM,WE,Combined TRACON& Tower with Radar,129,12,19,3,163,1,11,68,31,111,130,23,87,34,274,26,0,26,300
10/12/2015,BOI,ID,ANM,WE,Combined TRACON& Tower with Radar,126,11,60,8,205,2,29,43,15,89,128,40,103,23,294,44,0,44,338
10/13/2015,BOI,ID,ANM,WE,Combined TRACON& Tower with Radar,125,16,71,17,229,0,16,33,20,69,125,32,104,37,298,20,30,50,348
10/14/2015,BOI,ID,ANM,WE,Combined TRACON& Tower with Radar,126,26,60,9,221,0,23,50,30,103,126,49,110,39,324,104,102,206,530
10/15/2015,BOI,ID,ANM,WE,Combined TRACON& Tower with Radar,137,19,58,15,229,0,10,71,32,113,137,29,129,47,342,78,34,112,454
10/16/2015,BOI,ID,ANM,WE,Combined TRACON& Tower with Radar,127,28,36,10,201,2,5,56,8,71,129,33,92,18,272,26,0,26,298
10/17/2015,BOI,ID,ANM,WE,Combined TRACON& Tower with Radar,104,12,19,3,138,0,13,45,1,59,104,25,64,4,197,38,0,38,235
10/18/2015,BOI,ID,ANM,WE,Combined TRACON& Tower with Radar,127,11,47,1,186,0,6,30,1,37,127,17,77,2,223,68,0,68,291
10/19/2015,BOI,ID,ANM,WE,Combined TRACON& Tower with Radar,126,27,42,7,202,0,0,0,0,0,126,27,42,7,202,0,0,0,202
10/20/2015,BOI,ID,ANM,WE,Combined TRACON& Tower with Radar,121,14,35,12,182,0,6,57,29,92,121,20,92,41,274,20,28,48,322
10/21/2015,BOI,ID,ANM,WE,Combined TRACON& Tower with Radar,130,14,56,22,222,0,10,97,17,124,130,24,153,39,346,100,18,118,464
10/22/2015,BOI,ID,ANM,WE,Combined TRACON& Tower with Radar,136,16,54,9,215,0,2,70,28,100,136,18,124,37,315,76,12,88,403
10/23/2015,BOI,ID,ANM,WE,Combined TRACON& Tower with Radar,127,18,52,13,210,0,6,91,10,107,127,24,143,23,317,88,0,88,405
10/24/2015,BOI,ID,ANM,WE,Combined TRACON& Tower with Radar,104,13,31,5,153,0,13,71,3,87,104,26,102,8,240,146,0,146,386
10/25/2015,BOI,ID,ANM,WE,Combined TRACON& Tower with Radar,124,12,32,2,170,0,5,41,4,50,124,17,73,6,220,36,0,36,256
10/26/2015,BOI,ID,ANM,WE,Combined TRACON& Tower with Radar,117,27,58,13,215,0,10,41,32,83,117,37,99,45,298,58,50,108,406
10/27/2015,BOI,ID,ANM,WE,Combined TRACON& Tower with Radar,118,14,59,18,209,0,7,89,24,120,118,21,148,42,329,118,28,146,475
10/28/2015,BOI,ID,ANM,WE,Combined TRACON& Tower with Radar,120,18,64,13,215,0,3,64,24,91,120,21,128,37,306,122,58,180,486
10/29/2015,BOI,ID,ANM,WE,Combined TRACON& Tower with Radar,127,30,70,13,240,0,3,49,31,83,127,33,119,44,323,76,38,114,437
10/30/2015,BOI,ID,ANM,WE,Combined TRACON& Tower with Radar,122,14,65,2,203,0,0,65,4,69,122,14,130,6,272,58,6,64,336
10/31/2015,BOI,ID,ANM,WE,Combined TRACON& Tower with Radar,100,10,20,2,132,0,6,52,1,59,100,16,72,3,191,56,0,56,247
11/01/2015,BOI,ID,ANM,WE,Combined TRACON& Tower with Radar,115,16,21,4,156,0,4,11,5,20,115,20,32,9,176,38,0,38,214
11/02/2015,BOI,ID,ANM,WE,Combined TRACON& Tower with Radar,117,27,24,8,176,0,0,21,15,36,117,27,45,23,212,64,12,76,288
11/03/2015,BOI,ID,ANM,WE,Combined TRACON& Tower with Radar,120,29,55,2,206,0,6,27,22,55,120,35,82,24,261,22,12,34,295
11/04/2015,BOI,ID,ANM,WE,Combined TRACON& Tower with Radar,115,24,64,6,209,0,4,110,30,144,115,28,174,36,353,122,48,170,523
11/05/2015,BOI,ID,ANM,WE,Combined TRACON& Tower with Radar,124,20,60,13,217,0,5,76,25,106,124,25,136,38,323,94,42,136,459
11/06/2015,BOI,ID,ANM,WE,Combined TRACON& Tower with Radar,121,25,63,16,225,0,7,78,7,92,121,32,141,23,317,50,8,58,375
11/07/2015,BOI,ID,ANM,WE,Combined TRACON& Tower with Radar,108,15,32,19,174,0,7,55,20,82,108,22,87,39,256,54,14,68,324
11/08/2015,BOI,ID,ANM,WE,Combined TRACON& Tower with Radar,115,16,16,8,155,0,5,35,11,51,115,21,51,19,206,26,2,28,234
11/09/2015,BOI,ID,ANM,WE,Combined TRACON& Tower with Radar,117,27,51,2,197,0,0,3,2,5,117,27,54,4,202,10,44,54,256
11/10/2015,BOI,ID,ANM,WE,Combined TRACON& Tower with Radar,118,27,64,18,227,0,0,36,35,71,118,27,100,53,298,74,118,192,490
11/11/2015,BOI,ID,ANM,WE,Combined TRACON& Tower with Radar,121,27,56,0,204,0,5,53,1,59,121,32,109,1,263,56,0,56,319
11/12/2015,BOI,ID,ANM,WE,Combined TRACON& Tower with Radar,125,22,64,9,220,0,4,95,23,122,125,26,159,32,342,102,68,170,512
11/13/2015,BOI,ID,ANM,WE,Combined TRACON& Tower with Radar,123,21,45,10,199,0,6,98,11,115,123,27,143,21,314,98,18,116,430
11/14/2015,BOI,ID,ANM,WE,Combined TRACON& Tower with Radar,106,10,33,8,157,0,6,87,1,94,106,16,120,9,251,84,10,94,345
11/15/2015,BOI,ID,ANM,WE,Combined TRACON& Tower with Radar,113,19,23,4,159,0,3,18,0,21,113,22,41,4,180,22,8,30,210
11/16/2015,BOI,ID,ANM,WE,Combined TRACON& Tower with Radar,115,22,62,13,212,0,3,29,21,53,115,25,91,34,265,38,48,86,351
11/17/2015,BOI,ID,ANM,WE,Combined TRACON& Tower with Radar,125,22,60,14,221,0,1,29,19,49,125,23,89,33,270,0,0,0,270
11/18/2015,BOI,ID,ANM,WE,Combined TRACON& Tower with Radar,121,30,76,10,237,0,7,52,23,82,121,37,128,33,319,66,18,84,403
11/19/2015,BOI,ID,ANM,WE,Combined TRACON& Tower with Radar,128,29,65,15,237,0,3,15,4,22,128,32,80,19,259,72,10,82,341
11/20/2015,BOI,ID,ANM,WE,Combined TRACON& Tower with Radar,127,24,61,17,229,0,6,58,7,71,127,30,119,24,300,56,12,68,368
11/21/2015,BOI,ID,ANM,WE,Combined TRACON& Tower with Radar,109,14,35,11,169,0,6,83,0,89,109,20,118,11,258,110,0,110,368
11/22/2015,BOI,ID,ANM,WE,Combined TRACON& Tower with Radar,114,15,33,15,177,0,7,67,0,74,114,22,100,15,251,60,0,60,311
11/23/2015,BOI,ID,ANM,WE,Combined TRACON& Tower with Radar,108,24,52,21,205,0,6,53,27,86,108,30,105,48,291,84,76,160,451
11/24/2015,BOI,ID,ANM,WE,Combined TRACON& Tower with Radar,122,26,46,6,200,0,2,40,30,72,122,28,86,36,272,70,44,114,386
11/25/2015,BOI,ID,ANM,WE,Combined TRACON& Tower with Radar,129,16,34,0,179,0,0,0,0,0,129,16,34,0,179,0,0,0,179
11/26/2015,BOI,ID,ANM,WE,Combined TRACON& Tower with Radar,85,10,6,0,101,0,3,10,0,13,85,13,16,0,114,40,0,40,154
11/27/2015,BOI,ID,ANM,WE,Combined TRACON& Tower with Radar,102,5,18,0,125,0,1,15,0,16,102,6,33,0,141,10,0,10,151
11/28/2015,BOI,ID,ANM,WE,Combined TRACON& Tower with Radar,114,19,29,0,162,0,1,3,0,4,114,20,32,0,166,10,0,10,176
11/29/2015,BOI,ID,ANM,WE,Combined TRACON& Tower with Radar,131,22,48,0,201,0,0,7,0,7,131,22,55,0,208,0,0,0,208
11/30/2015,BOI,ID,ANM,WE,Combined TRACON& Tower with Radar,123,31,34,26,214,0,1,3,1,5,123,32,37,27,219,8,30,38,257
12/01/2015,BOI,ID,ANM,WE,Combined TRACON& Tower with Radar,121,25,64,26,236,0,2,21,11,34,121,27,85,37,270,60,100,160,430
12/02/2015,BOI,ID,ANM,WE,Combined TRACON& Tower with Radar,124,15,69,20,228,0,2,26,8,36,124,17,95,28,264,68,4,72,336
12/03/2015,BOI,ID,ANM,WE,Combined TRACON& Tower with Radar,130,20,66,11,227,0,2,42,21,65,130,22,108,32,292,34,68,102,394
12/04/2015,BOI,ID,ANM,WE,Combined TRACON& Tower with Radar,122,18,48,16,204,0,2,16,4,22,122,20,64,20,226,12,2,14,240
12/05/2015,BOI,ID,ANM,WE,Combined TRACON& Tower with Radar,106,11,30,22,169,0,3,42,15,60,106,14,72,37,229,62,20,82,311
12/06/2015,BOI,ID,ANM,WE,Combined TRACON& Tower with Radar,119,8,23,3,153,0,8,25,8,41,119,16,48,11,194,54,4,58,252
12/07/2015,BOI,ID,ANM,WE,Combined TRACON& Tower with Radar,117,19,37,14,187,0,0,8,1,9,117,19,45,15,196,24,6,30,226
12/08/2015,BOI,ID,ANM,WE,Combined TRACON& Tower with Radar,127,19,70,7,223,0,5,49,31,85,127,24,119,38,308,106,20,126,434
12/09/2015,BOI,ID,ANM,WE,Combined TRACON& Tower with Radar,123,35,53,12,223,0,5,26,14,45,123,40,79,26,268,18,58,76,344
12/10/2015,BOI,ID,ANM,WE,Combined TRACON& Tower with Radar,124,14,67,14,219,0,2,33,9,44,124,16,100,23,263,64,20,84,347
12/11/2015,BOI,ID,ANM,WE,Combined TRACON& Tower with Radar,122,27,43,13,205,0,3,44,5,52,122,30,87,18,257,27,0,27,284
12/12/2015,BOI,ID,ANM,WE,Combined TRACON& Tower with Radar,102,18,28,6,154,0,1,53,1,55,102,19,81,7,209,110,0,110,319
12/13/2015,BOI,ID,ANM,WE,Combined TRACON& Tower with Radar,114,9,23,0,146,0,0,7,0,7,114,9,30,0,153,8,0,8,161
12/14/2015,BOI,ID,ANM,WE,Combined TRACON& Tower with Radar,116,32,30,14,192,0,2,12,3,17,116,34,42,17,209,6,30,36,245
12/15/2015,BOI,ID,ANM,WE,Combined TRACON& Tower with Radar,122,20,51,16,209,0,5,48,8,61,122,25,99,24,270,128,8,136,406
12/16/2015,BOI,ID,ANM,WE,Combined TRACON& Tower with Radar,125,24,53,3,205,0,1,16,3,20,125,25,69,6,225,26,0,26,251
12/17/2015,BOI,ID,ANM,WE,Combined TRACON& Tower with Radar,135,25,56,3,219,0,0,20,0,20,135,25,76,3,239,54,0,54,293
12/18/2015,BOI,ID,ANM,WE,Combined TRACON& Tower with Radar,144,23,57,6,230,0,6,23,4,33,144,29,80,10,263,6,0,6,269
12/19/2015,BOI,ID,ANM,WE,Combined TRACON& Tower with Radar,133,20,39,0,192,0,0,11,0,11,133,20,50,0,203,68,0,68,271
12/20/2015,BOI,ID,ANM,WE,Combined TRACON& Tower with Radar,134,13,26,2,175,0,2,18,0,20,134,15,44,2,195,46,0,46,241
12/21/2015,BOI,ID,ANM,WE,Combined TRACON& Tower with Radar,134,18,32,12,196,0,2,5,14,21,134,20,37,26,217,24,58,82,299
12/22/2015,BOI,ID,ANM,WE,Combined TRACON& Tower with Radar,144,29,38,11,222,0,3,18,16,37,144,32,56,27,259,0,0,0,259
12/23/2015,BOI,ID,ANM,WE,Combined TRACON& Tower with Radar,143,20,26,0,189,0,2,38,6,46,143,22,64,6,235,76,0,76,311
12/24/2015,BOI,ID,ANM,WE,Combined TRACON& Tower with Radar,124,19,6,0,149,0,0,3,0,3,124,19,9,0,152,0,0,0,152
12/25/2015,BOI,ID,ANM,WE,Combined TRACON& Tower with Radar,102,7,3,2,114,0,0,7,0,7,102,7,10,2,121,0,0,0,121
12/26/2015,BOI,ID,ANM,WE,Combined TRACON& Tower with Radar,119,20,24,0,163,0,7,43,0,50,119,27,67,0,213,32,0,32,245
12/27/2015,BOI,ID,ANM,WE,Combined TRACON& Tower with Radar,131,28,25,3,187,0,5,39,0,44,131,33,64,3,231,60,2,62,293
12/28/2015,BOI,ID,ANM,WE,Combined TRACON& Tower with Radar,123,32,26,10,191,0,0,22,29,51,123,32,48,39,242,60,52,112,354
12/29/2015,BOI,ID,ANM,WE,Combined TRACON& Tower with Radar,144,26,44,9,223,0,2,40,28,70,144,28,84,37,293,102,26,128,421
12/30/2015,BOI,ID,ANM,WE,Combined TRACON& Tower with Radar,136,25,32,13,206,0,4,34,16,54,136,29,66,29,260,44,8,52,312
12/31/2015,BOI,ID,ANM,WE,Combined TRACON& Tower with Radar,110,16,12,0,138,0,2,50,0,52,110,18,62,0,190,66,0,66,256
01/01/2016,BOI,ID,ANM,WE,Combined TRACON& Tower with Radar,103,16,19,0,138,0,7,51,0,58,103,23,70,0,196,44,0,44,240
01/02/2016,BOI,ID,ANM,WE,Combined TRACON& Tower with Radar,123,22,30,0,175,0,3,62,0,65,123,25,92,0,240,48,0,48,288
01/03/2016,BOI,ID,ANM,WE,Combined TRACON& Tower with Radar,127,17,37,0,181,0,3,44,0,47,127,20,81,0,228,34,0,34,262
01/04/2016,BOI,ID,ANM,WE,Combined TRACON& Tower with Radar,123,18,46,10,197,0,2,58,23,83,123,20,104,33,280,120,20,140,420
01/05/2016,BOI,ID,ANM,WE,Combined TRACON& Tower with Radar,116,15,58,11,200,0,2,41,23,66,116,17,99,34,266,70,34,104,370
01/06/2016,BOI,ID,ANM,WE,Combined TRACON& Tower with Radar,119,29,32,10,190,0,2,5,9,16,119,31,37,19,206,0,0,0,206
01/07/2016,BOI,ID,ANM,WE,Combined TRACON& Tower with Radar,127,24,41,8,200,0,0,2,0,2,127,24,43,8,202,20,8,28,230
01/08/2016,BOI,ID,ANM,WE,Combined TRACON& Tower with Radar,130,21,38,8,197,0,1,49,4,54,130,22,87,12,251,38,0,38,289
01/09/2016,BOI,ID,ANM,WE,Combined TRACON& Tower with Radar,101,20,27,13,161,0,6,59,7,72,101,26,86,20,233,62,10,72,305
01/10/2016,BOI,ID,ANM,WE,Combined TRACON& Tower with Radar,113,21,22,2,158,0,0,12,0,12,113,21,34,2,170,92,0,92,262
01/11/2016,BOI,ID,ANM,WE,Combined TRACON& Tower with Radar,117,25,48,7,197,0,5,47,14,66,117,30,95,21,263,92,38,130,393
01/12/2016,BOI,ID,ANM,WE,Combined TRACON& Tower with Radar,123,20,63,3,209,0,4,61,26,91,123,24,124,29,300,100,36,136,436
01/13/2016,BOI,ID,ANM,WE,Combined TRACON& Tower with Radar,124,22,50,15,211,0,8,18,7,33,124,30,68,22,244,42,18,60,304
01/14/2016,BOI,ID,ANM,WE,Combined TRACON& Tower with Radar,128,27,60,8,223,0,5,68,29,102,128,32,128,37,325,126,16,142,467
01/15/2016,BOI,ID,ANM,WE,Combined TRACON& Tower with Radar,125,25,49,1,200,0,1,29,1,31,125,26,78,2,231,46,0,46,277
01/16/2016,BOI,ID,ANM,WE,Combined TRACON& Tower with Radar,98,19,14,0,131,0,0,2,0,2,98,19,16,0,133,32,0,32,165
01/17/2016,BOI,ID,ANM,WE,Combined TRACON& Tower with Radar,104,16,34,2,156,0,0,27,0,27,104,16,61,2,183,34,0,34,217
01/18/2016,BOI,ID,ANM,WE,Combined TRACON& Tower with Radar,118,30,49,3,200,0,2,71,2,75,118,32,120,5,275,146,8,154,429
01/19/2016,BOI,ID,ANM,WE,Combined TRACON& Tower with Radar,120,22,75,9,226,0,2,21,7,30,120,24,96,16,256,54,20,74,330
01/20/2016,BOI,ID,ANM,WE,Combined TRACON& Tower with Radar,121,19,49,17,206,0,2,64,19,85,121,21,113,36,291,96,16,112,403
01/21/2016,BOI,ID,ANM,WE,Combined TRACON& Tower with Radar,119,29,56,3,207,0,10,58,30,98,119,39,114,33,305,126,30,156,461
01/22/2016,BOI,ID,ANM,WE,Combined TRACON& Tower with Radar,121,16,62,4,203,0,2,42,2,46,121,18,104,6,249,58,2,60,309
01/23/2016,BOI,ID,ANM,WE,Combined TRACON& Tower with Radar,102,16,17,3,138,0,5,22,0,27,102,21,39,3,165,38,8,46,211
01/24/2016,BOI,ID,ANM,WE,Combined TRACON& Tower with Radar,110,22,18,1,151,0,11,65,0,76,110,33,83,1,227,82,0,82,309
01/25/2016,BOI,ID,ANM,WE,Combined TRACON& Tower with Radar,112,25,65,6,208,0,6,91,1,98,112,31,156,7,306,112,6,118,424
01/26/2016,BOI,ID,ANM,WE,Combined TRACON& Tower with Radar,118,13,81,5,217,0,5,94,22,121,118,18,175,27,338,190,36,226,564
01/27/2016,BOI,ID,ANM,WE,Combined TRACON& Tower with Radar,119,14,71,18,222,0,12,100,25,137,119,26,171,43,359,154,16,170,529
01/28/2016,BOI,ID,ANM,WE,Combined TRACON& Tower with Radar,127,17,56,10,210,0,3,50,13,66,127,20,106,23,276,80,28,108,384
01/29/2016,BOI,ID,ANM,WE,Combined TRACON& Tower with Radar,124,26,49,6,205,0,0,19,2,21,124,26,68,8,226,16,4,20,246
01/30/2016,BOI,ID,ANM,WE,Combined TRACON& Tower with Radar,99,18,38,10,165,0,4,38,5,47,99,22,76,15,212,26,2,28,240
01/31/2016,BOI,ID,ANM,WE,Combined TRACON& Tower with Radar,110,19,34,4,167,0,0,7,0,7,110,19,41,4,174,4,0,4,178
02/01/2016,BOI,ID,ANM,WE,Combined TRACON& Tower with Radar,106,27,44,8,185,0,8,59,23,90,106,35,103,31,275,70,12,82,357
02/02/2016,BOI,ID,ANM,WE,Combined TRACON& Tower with Radar,108,21,54,9,192,0,5,70,29,104,108,26,124,38,296,138,62,200,496
02/03/2016,BOI,ID,ANM,WE,Combined TRACON& Tower with Radar,120,14,51,7,192,0,6,64,22,92,120,20,115,29,284,80,30,110,394
02/04/2016,BOI,ID,ANM,WE,Combined TRACON& Tower with Radar,121,21,49,10,201,0,0,21,19,40,121,21,70,29,241,28,18,46,287
02/05/2016,BOI,ID,ANM,WE,Combined TRACON& Tower with Radar,116,19,37,11,183,0,3,43,2,48,116,22,80,13,231,60,8,68,299
02/06/2016,BOI,ID,ANM,WE,Combined TRACON& Tower with Radar,92,12,36,2,142,0,6,83,0,89,92,18,119,2,231,70,0,70,301
02/07/2016,BOI,ID,ANM,WE,Combined TRACON& Tower with Radar,103,3,21,0,127,0,4,53,0,57,103,7,74,0,184,52,0,52,236
02/08/2016,BOI,ID,ANM,WE,Combined TRACON& Tower with Radar,111,24,38,11,184,0,6,62,22,90,111,30,100,33,274,88,16,104,378
02/09/2016,BOI,ID,ANM,WE,Combined TRACON& Tower with Radar,112,20,46,24,202,0,7,60,14,81,112,27,106,38,283,76,12,88,371
02/10/2016,BOI,ID,ANM,WE,Combined TRACON& Tower with Radar,116,26,50,11,203,0,4,28,13,45,116,30,78,24,248,30,12,42,290
02/11/2016,BOI,ID,ANM,WE,Combined TRACON& Tower with Radar,121,28,61,17,227,0,2,75,18,95,121,30,136,35,322,76,12,88,410
02/12/2016,BOI,ID,ANM,WE,Combined TRACON& Tower with Radar,123,22,57,2,204,0,3,71,1,75,123,25,128,3,279,102,0,102,381
02/13/2016,BOI,ID,ANM,WE,Combined TRACON& Tower with Radar,99,23,30,3,155,0,4,44,0,48,99,27,74,3,203,100,0,100,303
02/14/2016,BOI,ID,ANM,WE,Combined TRACON& Tower with Radar,101,31,15,0,147,0,0,5,1,6,101,31,20,1,153,8,0,8,161
02/15/2016,BOI,ID,ANM,WE,Combined TRACON& Tower with Radar,115,32,58,3,208,0,5,76,0,81,115,37,134,3,289,158,0,158,447
02/16/2016,BOI,ID,ANM,WE,Combined TRACON& Tower with Radar,116,28,61,21,226,0,8,101,11,120,116,36,162,32,346,124,10,134,480
02/17/2016,BOI,ID,ANM,WE,Combined TRACON& Tower with Radar,119,28,49,14,210,0,9,63,13,85,119,37,112,27,295,52,6,58,353
02/18/2016,BOI,ID,ANM,WE,Combined TRACON& Tower with Radar,133,21,52,8,214,0,3,29,17,49,133,24,81,25,263,28,4,32,295
02/19/2016,BOI,ID,ANM,WE,Combined TRACON& Tower with Radar,120,27,41,11,199,0,4,32,11,47,120,31,73,22,246,42,14,56,302
02/20/2016,BOI,ID,ANM,WE,Combined TRACON& Tower with Radar,98,14,22,15,149,0,6,67,23,96,98,20,89,38,245,104,0,104,349
02/21/2016,BOI,ID,ANM,WE,Combined TRACON& Tower with Radar,112,13,30,11,166,0,1,68,11,80,112,14,98,22,246,60,14,74,320
02/22/2016,BOI,ID,ANM,WE,Combined TRACON& Tower with Radar,118,25,35,9,187,0,7,60,19,86,118,32,95,28,273,90,30,120,393
02/23/2016,BOI,ID,ANM,WE,Combined TRACON& Tower with Radar,117,20,48,5,190,0,8,78,33,119,117,28,126,38,309,98,42,140,449
02/24/2016,BOI,ID,ANM,WE,Combined TRACON& Tower with Radar,120,18,71,14,223,0,6,102,39,147,120,24,173,53,370,120,26,146,516
02/25/2016,BOI,ID,ANM,WE,Combined TRACON& Tower with Radar,122,21,74,12,229,0,5,119,30,154,122,26,193,42,383,130,10,140,523
02/26/2016,BOI,ID,ANM,WE,Combined TRACON& Tower with Radar,121,28,53,14,216,0,8,81,11,100,121,36,134,25,316,98,10,108,424
02/27/2016,BOI,ID,ANM,WE,Combined TRACON& Tower with Radar,98,15,26,8,147,0,5,19,2,26,98,20,45,10,173,6,0,6,179
02/28/2016,BOI,ID,ANM,WE,Combined TRACON& Tower with Radar,116,20,30,3,169,0,4,50,2,56,116,24,80,5,225,32,0,32,257
02/29/2016,BOI,ID,ANM,WE,Combined TRACON& Tower with Radar,113,22,46,13,194,0,4,64,23,91,113,26,110,36,285,38,30,68,353
03/01/2016,BOI,ID,ANM,WE,Combined TRACON& Tower with Radar,116,19,54,12,201,0,0,35,24,59,116,19,89,36,260,38,28,66,326
03/02/2016,BOI,ID,ANM,WE,Combined TRACON& Tower with Radar,122,27,59,9,217,0,7,61,30,98,122,34,120,39,315,68,22,90,405
03/03/2016,BOI,ID,ANM,WE,Combined TRACON& Tower with Radar,120,22,63,11,216,0,3,82,30,115,120,25,145,41,331,138,88,226,557
03/04/2016,BOI,ID,ANM,WE,Combined TRACON& Tower with Radar,118,22,66,0,206,0,1,90,2,93,118,23,156,2,299,102,0,102,401
03/05/2016,BOI,ID,ANM,WE,Combined TRACON& Tower with Radar,99,19,43,19,180,0,2,36,8,46,99,21,79,27,226,100,14,114,340
03/06/2016,BOI,ID,ANM,WE,Combined TRACON& Tower with Radar,114,21,30,3,168,0,4,17,2,23,114,25,47,5,191,40,0,40,231
03/07/2016,BOI,ID,ANM,WE,Combined TRACON& Tower with Radar,113,18,54,28,213,0,8,81,17,106,113,26,135,45,319,142,28,170,489
03/08/2016,BOI,ID,ANM,WE,Combined TRACON& Tower with Radar,121,26,66,8,221,0,6,98,22,126,121,32,164,30,347,140,12,152,499
03/09/2016,BOI,ID,ANM,WE,Combined TRACON& Tower with Radar,115,30,73,7,225,0,4,60,27,91,115,34,133,34,316,106,8,114,430
03/10/2016,BOI,ID,ANM,WE,Combined TRACON& Tower with Radar,120,26,63,15,224,0,3,57,26,86,120,29,120,41,310,56,22,78,388
03/11/2016,BOI,ID,ANM,WE,Combined TRACON& Tower with Radar,124,23,58,7,212,0,6,58,4,68,124,29,116,11,280,66,12,78,358
03/12/2016,BOI,ID,ANM,WE,Combined TRACON& Tower with Radar,103,18,42,2,165,0,0,59,13,72,103,18,101,15,237,74,6,80,317
03/13/2016,BOI,ID,ANM,WE,Combined TRACON& Tower with Radar,117,21,29,1,168,0,1,14,4,19,117,22,43,5,187,44,0,44,231
03/14/2016,BOI,ID,ANM,WE,Combined TRACON& Tower with Radar,117,14,40,17,188,0,3,26,19,48,117,17,66,36,236,28,52,80,316
03/15/2016,BOI,ID,ANM,WE,Combined TRACON& Tower with Radar,118,27,73,9,227,0,3,23,10,36,118,30,96,19,263,0,0,0,263
03/16/2016,BOI,ID,ANM,WE,Combined TRACON& Tower with Radar,119,23,44,16,202,0,4,39,19,62,119,27,83,35,264,88,10,98,362
03/17/2016,BOI,ID,ANM,WE,Combined TRACON& Tower with Radar,121,15,50,10,196,0,5,79,36,120,121,20,129,46,316,124,32,156,472
03/18/2016,BOI,ID,ANM,WE,Combined TRACON& Tower with Radar,120,18,61,4,203,0,5,81,7,93,120,23,142,11,296,66,0,66,362
03/19/2016,BOI,ID,ANM,WE,Combined TRACON& Tower with Radar,103,10,41,0,154,0,8,72,0,80,103,18,113,0,234,84,0,84,318
03/20/2016,BOI,ID,ANM,WE,Combined TRACON& Tower with Radar,114,14,39,4,171,0,6,49,0,55,114,20,88,4,226,70,0,70,296
03/21/2016,BOI,ID,ANM,WE,Combined TRACON& Tower with Radar,116,20,49,5,190,0,3,44,5,52,116,23,93,10,242,66,8,74,316
03/22/2016,BOI,ID,ANM,WE,Combined TRACON& Tower with Radar,117,19,34,7,177,0,2,33,14,49,117,21,67,21,226,46,30,76,302
03/23/2016,BOI,ID,ANM,WE,Combined TRACON& Tower with Radar,114,20,44,13,191,0,7,79,26,112,114,27,123,39,303,88,32,120,423
03/24/2016,BOI,ID,ANM,WE,Combined TRACON& Tower with Radar,116,34,41,16,207,1,2,23,17,43,117,36,64,33,250,38,16,54,304
03/25/2016,BOI,ID,ANM,WE,Combined TRACON& Tower with Radar,122,15,38,5,180,0,3,47,5,55,122,18,85,10,235,106,14,120,355
03/26/2016,BOI,ID,ANM,WE,Combined TRACON& Tower with Radar,101,11,38,2,152,0,2,118,0,120,101,13,156,2,272,122,2,124,396
03/27/2016,BOI,ID,ANM,WE,Combined TRACON& Tower with Radar,113,19,29,2,163,0,2,20,0,22,113,21,49,2,185,36,0,36,221
03/28/2016,BOI,ID,ANM,WE,Combined TRACON& Tower with Radar,117,16,64,7,204,0,5,55,17,77,117,21,119,24,281,42,28,70,351
03/29/2016,BOI,ID,ANM,WE,Combined TRACON& Tower with Radar,122,21,76,3,222,0,1,34,30,65,122,22,110,33,287,38,2,40,327
03/30/2016,BOI,ID,ANM,WE,Combined TRACON& Tower with Radar,123,14,59,8,204,0,3,95,25,123,123,17,154,33,327,160,14,174,501
03/31/2016,BOI,ID,ANM,WE,Combined TRACON& Tower with Radar,123,23,52,15,213,0,2,85,24,111,123,25,137,39,324,89,4,93,417
04/01/2016,BOI,ID,ANM,WE,Combined TRACON& Tower with Radar,119,18,72,4,213,0,6,94,3,103,119,24,166,7,316,120,4,124,440
04/02/2016,BOI,ID,ANM,WE,Combined TRACON& Tower with Radar,100,15,28,3,146,0,6,95,1,102,100,21,123,4,248,108,0,108,356
04/03/2016,BOI,ID,ANM,WE,Combined TRACON& Tower with Radar,122,12,17,2,153,0,6,57,1,64,122,18,74,3,217,34,0,34,251
04/04/2016,BOI,ID,ANM,WE,Combined TRACON& Tower with Radar,113,21,48,7,189,0,5,22,15,42,113,26,70,22,231,118,10,128,359
04/05/2016,BOI,ID,ANM,WE,Combined TRACON& Tower with Radar,120,16,47,3,186,0,4,78,19,101,120,20,125,22,287,200,34,234,521
04/06/2016,BOI,ID,ANM,WE,Combined TRACON& Tower with Radar,126,11,50,2,189,0,5,85,21,111,126,16,135,23,300,96,2,98,398
04/07/2016,BOI,ID,ANM,WE,Combined TRACON& Tower with Radar,124,22,60,11,217,0,9,98,19,126,124,31,158,30,343,124,8,132,475
04/08/2016,BOI,ID,ANM,WE,Combined TRACON& Tower with Radar,117,19,46,9,191,0,8,88,6,102,117,27,134,15,293,84,0,84,377
04/09/2016,BOI,ID,ANM,WE,Combined TRACON& Tower with Radar,100,8,29,16,153,0,10,82,5,97,100,18,111,21,250,32,0,32,282
04/10/2016,BOI,ID,ANM,WE,Combined TRACON& Tower with Radar,114,13,25,0,152,0,14,72,7,93,114,27,97,7,245,108,12,120,365
04/11/2016,BOI,ID,ANM,WE,Combined TRACON& Tower with Radar,117,24,58,8,207,0,3,67,1,71,117,27,125,9,278,72,4,76,354
04/12/2016,BOI,ID,ANM,WE,Combined TRACON& Tower with Radar,122,21,44,2,189,0,9,42,1,52,122,30,86,3,241,36,0,36,277
04/13/2016,BOI,ID,ANM,WE,Combined TRACON& Tower with Radar,122,15,49,12,198,0,4,55,10,69,122,19,104,22,267,94,16,110,377
04/14/2016,BOI,ID,ANM,WE,Combined TRACON& Tower with Radar,123,19,60,4,206,0,8,19,16,43,123,27,79,20,249,48,20,68,317
04/15/2016,BOI,ID,ANM,WE,Combined TRACON& Tower with Radar,120,21,36,2,179,0,7,35,10,52,120,28,71,12,231,28,0,28,259
04/16/2016,BOI,ID,ANM,WE,Combined TRACON& Tower with Radar,94,8,25,11,138,0,7,89,2,98,94,15,114,13,236,62,6,68,304
04/17/2016,BOI,ID,ANM,WE,Combined TRACON& Tower with Radar,111,10,34,5,160,0,3,76,3,82,111,13,110,8,242,94,3,97,339
04/18/2016,BOI,ID,ANM,WE,Combined TRACON& Tower with Radar,114,24,65,6,209,0,10,91,22,123,114,34,156,28,332,80,4,84,416
04/19/2016,BOI,ID,ANM,WE,Combined TRACON& Tower with Radar,122,13,51,2,188,0,13,77,28,118,122,26,128,30,306,106,18,124,430
04/20/2016,BOI,ID,ANM,WE,Combined TRACON& Tower with Radar,120,12,62,10,204,0,5,100,13,118,120,17,162,23,322,80,12,92,414
04/21/2016,BOI,ID,ANM,WE,Combined TRACON& Tower with Radar,128,19,60,9,216,0,4,84,25,113,128,23,144,34,329,94,6,100,429
04/22/2016,BOI,ID,ANM,WE,Combined TRACON& Tower with Radar,123,17,39,7,186,0,6,60,10,76,123,23,99,17,262,30,2,32,294
04/23/2016,BOI,ID,ANM,WE,Combined TRACON& Tower with Radar,100,13,20,4,137,0,0,12,0,12,100,13,32,4,149,14,0,14,163
04/24/2016,BOI,ID,ANM,WE,Combined TRACON& Tower with Radar,112,10,20,3,145,0,7,26,0,33,112,17,46,3,178,40,0,40,218
04/25/2016,BOI,ID,ANM,WE,Combined TRACON& Tower with Radar,122,16,44,4,186,0,1,17,12,30,122,17,61,16,216,32,0,32,248
04/26/2016,BOI,ID,ANM,WE,Combined TRACON& Tower with Radar,123,14,57,8,202,0,2,60,33,95,123,16,117,41,297,68,30,98,395
04/27/2016,BOI,ID,ANM,WE,Combined TRACON& Tower with Radar,126,20,47,12,205,0,7,68,26,101,126,27,115,38,306,70,6,76,382
04/28/2016,BOI,ID,ANM,WE,Combined TRACON& Tower with Radar,123,23,50,2,198,0,11,62,31,104,123,34,112,33,302,56,11,67,369
04/29/2016,BOI,ID,ANM,WE,Combined TRACON& Tower with Radar,121,29,48,2,200,0,10,50,12,72,121,39,98,14,272,70,0,70,342
04/30/2016,BOI,ID,ANM,WE,Combined TRACON& Tower with Radar,102,9,15,2,128,0,4,26,2,32,102,13,41,4,160,34,0,34,194
05/01/2016,BOI,ID,ANM,WE,Combined TRACON& Tower with Radar,108,12,25,2,147,0,9,66,1,76,108,21,91,3,223,46,0,46,269
05/02/2016,BOI,ID,ANM,WE,Combined TRACON& Tower with Radar,116,21,54,3,194,0,6,82,10,98,116,27,136,13,292,104,8,112,404
05/03/2016,BOI,ID,ANM,WE,Combined TRACON& Tower with Radar,124,14,56,21,215,0,6,80,22,108,124,20,136,43,323,102,16,118,441
05/04/2016,BOI,ID,ANM,WE,Combined TRACON& Tower with Radar,120,16,56,11,203,0,5,68,27,100,120,21,124,38,303,96,24,120,423
05/05/2016,BOI,ID,ANM,WE,Combined TRACON& Tower with Radar,126,18,68,7,219,0,9,71,21,101,126,27,139,28,320,58,6,64,384
05/06/2016,BOI,ID,ANM,WE,Combined TRACON& Tower with Radar,135,21,64,3,223,0,6,60,7,73,135,27,124,10,296,98,0,98,394
05/07/2016,BOI,ID,ANM,WE,Combined TRACON& Tower with Radar,106,11,24,2,143,0,6,31,0,37,106,17,55,2,180,40,0,40,220
05/08/2016,BOI,ID,ANM,WE,Combined TRACON& Tower with Radar,112,9,20,4,145,0,6,31,0,37,112,15,51,4,182,0,0,0,182
05/09/2016,BOI,ID,ANM,WE,Combined TRACON& Tower with Radar,124,22,66,3,215,0,7,47,3,57,124,29,113,6,272,20,0,20,292
05/10/2016,BOI,ID,ANM,WE,Combined TRACON& Tower with Radar,130,11,50,2,193,0,7,62,10,79,130,18,112,12,272,50,2,52,324
05/11/2016,BOI,ID,ANM,WE,Combined TRACON& Tower with Radar,125,22,87,13,247,0,13,120,27,160,125,35,207,40,407,120,16,136,543
05/12/2016,BOI,ID,ANM,WE,Combined TRACON& Tower with Radar,128,15,82,5,230,0,13,120,10,143,128,28,202,15,373,118,6,124,497
05/13/2016,BOI,ID,ANM,WE,Combined TRACON& Tower with Radar,131,17,49,5,202,0,6,113,7,126,131,23,162,12,328,176,16,192,520
05/14/2016,BOI,ID,ANM,WE,Combined TRACON& Tower with Radar,104,9,22,12,147,0,11,77,12,100,104,20,99,24,247,88,20,108,355
05/15/2016,BOI,ID,ANM,WE,Combined TRACON& Tower with Radar,114,6,15,2,137,0,2,25,7,34,114,8,40,9,171,46,6,52,223
05/16/2016,BOI,ID,ANM,WE,Combined TRACON& Tower with Radar,123,27,53,2,205,0,10,70,16,96,123,37,123,18,301,150,0,150,451
05/17/2016,BOI,ID,ANM,WE,Combined TRACON& Tower with Radar,130,13,62,0,205,0,3,108,8,119,130,16,170,8,324,142,2,144,468
05/18/2016,BOI,ID,ANM,WE,Combined TRACON& Tower with Radar,128,20,55,0,203,0,7,85,17,109,128,27,140,17,312,66,0,66,378
05/19/2016,BOI,ID,ANM,WE,Combined TRACON& Tower with Radar,128,20,50,5,203,0,5,36,25,66,128,25,86,30,269,50,14,64,333
05/20/2016,BOI,ID,ANM,WE,Combined TRACON& Tower with Radar,129,21,41,5,196,0,0,26,2,28,129,21,67,7,224,46,2,48,272
05/21/2016,BOI,ID,ANM,WE,Combined TRACON& Tower with Radar,106,20,20,3,149,0,5,26,1,32,106,25,46,4,181,62,0,62,243
05/22/2016,BOI,ID,ANM,WE,Combined TRACON& Tower with Radar,111,10,27,0,148,0,9,40,3,52,111,19,67,3,200,86,0,86,286
05/23/2016,BOI,ID,ANM,WE,Combined TRACON& Tower with Radar,126,16,49,8,199,0,7,69,18,94,126,23,118,26,293,62,2,64,357
05/24/2016,BOI,ID,ANM,WE,Combined TRACON& Tower with Radar,124,18,74,6,222,0,9,109,12,130,124,27,183,18,352,86,2,88,440
05/25/2016,BOI,ID,ANM,WE,Combined TRACON& Tower with Radar,127,19,62,8,216,0,9,83,16,108,127,28,145,24,324,92,0,92,416
05/26/2016,BOI,ID,ANM,WE,Combined TRACON& Tower with Radar,132,23,64,9,228,0,3,90,16,109,132,26,154,25,337,78,6,84,421
05/27/2016,BOI,ID,ANM,WE,Combined TRACON& Tower with Radar,130,11,53,6,200,0,14,77,2,93,130,25,130,8,293,84,0,84,377
05/28/2016,BOI,ID,ANM,WE,Combined TRACON& Tower with Radar,105,6,19,1,131,0,10,87,0,97,105,16,106,1,228,54,4,58,286
05/29/2016,BOI,ID,ANM,WE,Combined TRACON& Tower with Radar,95,6,12,1,114,0,8,56,0,64,95,14,68,1,178,48,0,48,226
05/30/2016,BOI,ID,ANM,WE,Combined TRACON& Tower with Radar,117,9,19,4,149,0,5,82,5,92,117,14,101,9,241,49,8,57,298
05/31/2016,BOI,ID,ANM,WE,Combined TRACON& Tower with Radar,122,15,36,7,180,0,10,114,14,138,122,25,150,21,318,138,0,138,456
06/01/2016,BOI,ID,ANM,WE,Combined TRACON& Tower with Radar,130,14,69,6,219,0,6,89,12,107,130,20,158,18,326,94,4,98,424
06/02/2016,BOI,ID,ANM,WE,Combined TRACON& Tower with Radar,128,17,60,6,211,0,8,83,8,99,128,25,143,14,310,86,4,90,400
06/03/2016,BOI,ID,ANM,WE,Combined TRACON& Tower with Radar,139,9,45,13,206,0,9,91,8,108,139,18,136,21,314,94,8,102,416
06/04/2016,BOI,ID,ANM,WE,Combined TRACON& Tower with Radar,108,9,17,3,137,0,9,95,6,110,108,18,112,9,247,52,2,54,301
06/05/2016,BOI,ID,ANM,WE,Combined TRACON& Tower with Radar,118,7,33,5,163,0,8,69,10,87,118,15,102,15,250,48,0,48,298
06/06/2016,BOI,ID,ANM,WE,Combined TRACON& Tower with Radar,133,15,38,5,191,1,13,82,24,120,134,28,120,29,311,82,10,92,403
06/07/2016,BOI,ID,ANM,WE,Combined TRACON& Tower with Radar,137,16,55,4,212,0,15,88,30,133,137,31,143,34,345,82,4,86,431
06/08/2016,BOI,ID,ANM,WE,Combined TRACON& Tower with Radar,133,18,65,4,220,0,9,60,19,88,133,27,125,23,308,48,0,48,356
06/09/2016,BOI,ID,ANM,WE,Combined TRACON& Tower with Radar,139,17,59,1,216,0,7,66,22,95,139,24,125,23,311,96,6,102,413
06/10/2016,BOI,ID,ANM,WE,Combined TRACON& Tower with Radar,141,13,58,8,220,0,13,72,13,98,141,26,130,21,318,38,0,38,356
06/11/2016,BOI,ID,ANM,WE,Combined TRACON& Tower with Radar,119,14,29,4,166,0,16,67,7,90,119,30,96,11,256,50,0,50,306
06/12/2016,BOI,ID,ANM,WE,Combined TRACON& Tower with Radar,125,13,35,1,174,0,8,84,1,93,125,21,119,2,267,58,4,62,329
06/13/2016,BOI,ID,ANM,WE,Combined TRACON& Tower with Radar,126,14,46,10,196,0,7,83,12,102,126,21,129,22,298,56,14,70,368
06/14/2016,BOI,ID,ANM,WE,Combined TRACON& Tower with Radar,130,21,61,17,229,0,6,50,22,78,130,27,111,39,307,56,6,62,369
06/15/2016,BOI,ID,ANM,WE,Combined TRACON& Tower with Radar,132,18,43,7,200,0,1,100,24,125,132,19,143,31,325,124,6,130,455
06/16/2016,BOI,ID,ANM,WE,Combined TRACON& Tower with Radar,143,14,72,17,246,0,6,80,38,124,143,20,152,55,370,94,6,100,470
06/17/2016,BOI,ID,ANM,WE,Combined TRACON& Tower with Radar,132,15,47,14,208,0,12,83,13,108,132,27,130,27,316,88,8,96,412
06/18/2016,BOI,ID,ANM,WE,Combined TRACON& Tower with Radar,124,9,27,4,164,0,9,69,17,95,124,18,96,21,259,38,0,38,297
06/19/2016,BOI,ID,ANM,WE,Combined TRACON& Tower with Radar,124,14,23,2,163,0,10,76,19,105,124,24,99,21,268,36,2,38,306
06/20/2016,BOI,ID,ANM,WE,Combined TRACON& Tower with Radar,130,21,51,8,210,0,11,107,29,147,130,32,158,37,357,114,6,120,477
06/21/2016,BOI,ID,ANM,WE,Combined TRACON& Tower with Radar,133,18,53,15,219,0,14,106,22,142,133,32,159,37,361,146,6,152,513
06/22/2016,BOI,ID,ANM,WE,Combined TRACON& Tower with Radar,135,16,57,23,231,1,8,91,18,118,136,24,148,41,349,88,8,96,445
06/23/2016,BOI,ID,ANM,WE,Combined TRACON& Tower with Radar,137,23,62,11,233,0,10,113,16,139,137,33,175,27,372,72,5,77,449
06/24/2016,BOI,ID,ANM,WE,Combined TRACON& Tower with Radar,133,22,43,13,211,0,12,78,12,102,133,34,121,25,313,34,8,42,355
06/25/2016,BOI,ID,ANM,WE,Combined TRACON& Tower with Radar,125,13,32,6,176,0,31,79,11,121,125,44,111,17,297,22,2,24,321
06/26/2016,BOI,ID,ANM,WE,Combined TRACON& Tower with Radar,131,13,26,4,174,0,14,76,1,91,131,27,102,5,265,32,0,32,297
06/27/2016,BOI,ID,ANM,WE,Combined TRACON& Tower with Radar,128,17,48,0,193,0,11,95,10,116,128,28,143,10,309,108,20,128,437
06/28/2016,BOI,ID,ANM,WE,Combined TRACON& Tower with Radar,128,18,38,11,195,0,14,73,7,94,128,32,111,18,289,114,10,124,413
06/29/2016,BOI,ID,ANM,WE,Combined TRACON& Tower with Radar,135,17,40,9,201,0,5,86,13,104,135,22,126,22,305,78,10,88,393
06/30/2016,BOI,ID,ANM,WE,Combined TRACON& Tower with Radar,133,26,53,5,217,0,34,92,18,144,133,60,145,23,361,74,8,82,443
07/01/2016,BOI,ID,ANM,WE,Combined TRACON& Tower with Radar,140,21,33,2,196,0,10,93,3,106,140,31,126,5,302,68,0,68,370
07/02/2016,BOI,ID,ANM,WE,Combined TRACON& Tower with Radar,120,9,23,0,152,1,25,100,1,127,121,34,123,1,279,88,0,88,367
07/03/2016,BOI,ID,ANM,WE,Combined TRACON& Tower with Radar,117,2,10,0,129,1,20,51,12,84,118,22,61,12,213,38,0,38,251
07/04/2016,BOI,ID,ANM,WE,Combined TRACON& Tower with Radar,104,5,10,1,120,1,16,57,43,117,105,21,67,44,237,24,0,24,261
07/05/2016,BOI,ID,ANM,WE,Combined TRACON& Tower with Radar,127,25,43,5,200,10,23,114,18,165,137,48,157,23,365,60,0,60,425
07/06/2016,BOI,ID,ANM,WE,Combined TRACON& Tower with Radar,134,30,49,23,236,0,23,118,20,161,134,53,167,43,397,116,12,128,525
07/07/2016,BOI,ID,ANM,WE,Combined TRACON& Tower with Radar,144,24,50,13,231,0,11,121,22,154,144,35,171,35,385,118,14,132,517
07/08/2016,BOI,ID,ANM,WE,Combined TRACON& Tower with Radar,140,18,44,7,209,1,18,92,13,124,141,36,136,20,333,152,4,156,489
07/09/2016,BOI,ID,ANM,WE,Combined TRACON& Tower with Radar,116,15,17,2,150,0,9,102,23,134,116,24,119,25,284,26,0,26,310
07/10/2016,BOI,ID,ANM,WE,Combined TRACON& Tower with Radar,126,22,35,1,184,0,3,22,5,30,126,25,57,6,214,24,0,24,238
07/11/2016,BOI,ID,ANM,WE,Combined TRACON& Tower with Radar,129,13,31,5,178,0,17,111,15,143,129,30,142,20,321,104,2,106,427
07/12/2016,BOI,ID,ANM,WE,Combined TRACON& Tower with Radar,121,16,52,2,191,0,6,90,4,100,121,22,142,6,291,90,0,90,381
07/13/2016,BOI,ID,ANM,WE,Combined TRACON& Tower with Radar,119,9,36,4,168,0,12,94,9,115,119,21,130,13,283,84,10,94,377
07/14/2016,BOI,ID,ANM,WE,Combined TRACON& Tower with Radar,137,20,39,2,198,0,27,88,7,122,137,47,127,9,320,186,2,188,508
07/15/2016,BOI,ID,ANM,WE,Combined TRACON& Tower with Radar,140,18,51,9,218,0,15,106,7,128,140,33,157,16,346,56,0,56,402
07/16/2016,BOI,ID,ANM,WE,Combined TRACON& Tower with Radar,116,14,26,7,163,0,18,98,38,154,116,32,124,45,317,44,0,44,361
07/17/2016,BOI,ID,ANM,WE,Combined TRACON& Tower with Radar,126,9,18,5,158,0,7,74,23,104,126,16,92,28,262,86,8,94,356
07/18/2016,BOI,ID,ANM,WE,Combined TRACON& Tower with Radar,130,18,55,6,209,2,17,98,23,140,132,35,153,29,349,86,8,94,443
07/19/2016,BOI,ID,ANM,WE,Combined TRACON& Tower with Radar,137,24,76,3,240,0,35,131,63,229,137,59,207,66,469,94,2,96,565
07/20/2016,BOI,ID,ANM,WE,Combined TRACON& Tower with Radar,133,17,61,4,215,3,26,111,98,238,136,43,172,102,453,88,1,89,542
07/21/2016,BOI,ID,ANM,WE,Combined TRACON& Tower with Radar,119,35,71,4,229,1,20,112,23,156,120,55,183,27,385,120,2,122,507
07/22/2016,BOI,ID,ANM,WE,Combined TRACON& Tower with Radar,115,37,53,4,209,0,17,112,10,139,115,54,165,14,348,92,0,92,440
07/23/2016,BOI,ID,ANM,WE,Combined TRACON& Tower with Radar,104,24,26,2,156,0,23,88,20,131,104,47,114,22,287,60,0,60,347
07/24/2016,BOI,ID,ANM,WE,Combined TRACON& Tower with Radar,117,31,33,4,185,0,26,89,43,158,117,57,122,47,343,42,12,54,397
07/25/2016,BOI,ID,ANM,WE,Combined TRACON& Tower with Radar,110,36,53,11,210,0,18,112,20,150,110,54,165,31,360,134,16,150,510
07/26/2016,BOI,ID,ANM,WE,Combined TRACON& Tower with Radar,120,35,45,12,212,6,52,107,81,246,126,87,152,93,458,80,14,94,552
07/27/2016,BOI,ID,ANM,WE,Combined TRACON& Tower with Radar,117,46,38,8,209,23,19,98,40,180,140,65,136,48,389,60,4,64,453
07/28/2016,BOI,ID,ANM,WE,Combined TRACON& Tower with Radar,110,39,64,4,217,40,28,97,16,181,150,67,161,20,398,92,4,96,494
07/29/2016,BOI,ID,ANM,WE,Combined TRACON& Tower with Radar,125,40,44,3,212,4,58,100,41,203,129,98,144,44,415,44,0,44,459
07/30/2016,BOI,ID,ANM,WE,Combined TRACON& Tower with Radar,101,29,22,5,157,6,35,86,16,143,107,64,108,21,300,68,0,68,368
07/31/2016,BOI,ID,ANM,WE,Combined TRACON& Tower with Radar,111,31,35,5,182,3,14,81,60,158,114,45,116,65,340,26,0,26,366
08/01/2016,BOI,ID,ANM,WE,Combined TRACON& Tower with Radar,109,37,36,3,185,1,40,102,63,206,110,77,138,66,391,52,8,60,451
08/02/2016,BOI,ID,ANM,WE,Combined TRACON& Tower with Radar,118,37,47,2,204,2,48,68,62,180,120,85,115,64,384,50,0,50,434
08/03/2016,BOI,ID,ANM,WE,Combined TRACON& Tower with Radar,123,42,47,13,225,5,29,90,49,173,128,71,137,62,398,32,12,44,442
08/04/2016,BOI,ID,ANM,WE,Combined TRACON& Tower with Radar,118,42,53,5,218,0,16,102,33,151,118,58,155,38,369,46,0,46,415
08/05/2016,BOI,ID,ANM,WE,Combined TRACON& Tower with Radar,120,39,63,7,229,1,19,94,23,137,121,58,157,30,366,38,0,38,404
08/06/2016,BOI,ID,ANM,WE,Combined TRACON& Tower with Radar,103,29,29,12,173,2,38,95,31,166,105,67,124,43,339,22,12,34,373
08/07/2016,BOI,ID,ANM,WE,Combined TRACON& Tower with Radar,106,30,17,46,199,4,20,82,63,169,110,50,99,109,368,44,46,90,458
08/08/2016,BOI,ID,ANM,WE,Combined TRACON& Tower with Radar,117,42,51,18,228,4,11,83,74,172,121,53,134,92,400,74,10,84,484
08/09/2016,BOI,ID,ANM,WE,Combined TRACON& Tower with Radar,110,39,59,9,217,0,18,84,30,132,110,57,143,39,349,44,16,60,409
08/10/2016,BOI,ID,ANM,WE,Combined TRACON& Tower with Radar,116,32,46,11,205,0,20,101,29,150,116,52,147,40,355,72,20,92,447
08/11/2016,BOI,ID,ANM,WE,Combined TRACON& Tower with Radar,119,49,47,10,225,0,19,117,43,179,119,68,164,53,404,102,14,116,520
08/12/2016,BOI,ID,ANM,WE,Combined TRACON& Tower with Radar,116,40,57,3,216,0,20,106,16,142,116,60,163,19,358,66,4,70,428
08/13/2016,BOI,ID,ANM,WE,Combined TRACON& Tower with Radar,97,24,26,4,151,6,16,72,41,135,103,40,98,45,286,34,0,34,320
08/14/2016,BOI,ID,ANM,WE,Combined TRACON& Tower with Radar,109,36,40,2,187,1,11,67,10,89,110,47,107,12,276,0,0,0,276
08/15/2016,BOI,ID,ANM,WE,Combined TRACON& Tower with Radar,109,34,51,6,200,0,23,92,19,134,109,57,143,25,334,138,22,160,494
08/16/2016,BOI,ID,ANM,WE,Combined TRACON& Tower with Radar,117,38,55,12,222,1,13,82,32,128,118,51,137,44,350,134,30,164,514
08/17/2016,BOI,ID,ANM,WE,Combined TRACON& Tower with Radar,122,39,45,13,219,0,20,88,48,156,122,59,133,61,375,102,8,110,485
08/18/2016,BOI,ID,ANM,WE,Combined TRACON& Tower with Radar,118,38,72,15,243,7,22,86,28,143,125,60,158,43,386,72,8,80,466
08/19/2016,BOI,ID,ANM,WE,Combined TRACON& Tower with Radar,114,39,29,1,183,1,22,85,18,126,115,61,114,19,309,90,2,92,401
08/20/2016,BOI,ID,ANM,WE,Combined TRACON& Tower with Radar,96,25,35,0,156,0,17,83,9,109,96,42,118,9,265,92,0,92,357
08/21/2016,BOI,ID,ANM,WE,Combined TRACON& Tower with Radar,107,44,26,6,183,0,15,80,36,131,107,59,106,42,314,70,2,72,386
08/22/2016,BOI,ID,ANM,WE,Combined TRACON& Tower with Radar,111,37,48,5,201,6,23,87,38,154,117,60,135,43,355,86,12,98,453
08/23/2016,BOI,ID,ANM,WE,Combined TRACON& Tower with Radar,113,34,40,5,192,0,17,92,25,134,113,51,132,30,326,120,32,152,478
08/24/2016,BOI,ID,ANM,WE,Combined TRACON& Tower with Radar,117,35,50,13,215,0,17,93,30,140,117,52,143,43,355,74,6,80,435
08/25/2016,BOI,ID,ANM,WE,Combined TRACON& Tower with Radar,119,45,62,13,239,1,16,104,14,135,120,61,166,27,374,94,2,96,470
08/26/2016,BOI,ID,ANM,WE,Combined TRACON& Tower with Radar,113,46,44,10,213,0,16,64,2,82,113,62,108,12,295,48,0,48,343
08/27/2016,BOI,ID,ANM,WE,Combined TRACON& Tower with Radar,96,26,27,0,149,0,14,72,2,88,96,40,99,2,237,66,0,66,303
08/28/2016,BOI,ID,ANM,WE,Combined TRACON& Tower with Radar,103,32,36,10,181,0,10,81,5,96,103,42,117,15,277,18,2,20,297
08/29/2016,BOI,ID,ANM,WE,Combined TRACON& Tower with Radar,109,44,50,11,214,0,17,78,25,120,109,61,128,36,334,86,6,92,426
08/30/2016,BOI,ID,ANM,WE,Combined TRACON& Tower with Radar,115,36,71,7,229,0,14,91,16,121,115,50,162,23,350,72,2,74,424
08/31/2016,BOI,ID,ANM,WE,Combined TRACON& Tower with Radar,109,31,46,26,212,0,16,95,17,128,109,47,141,43,340,152,30,182,522
09/01/2016,BOI,ID,ANM,WE,Combined TRACON& Tower with Radar,130,37,43,6,216,0,15,94,7,116,130,52,137,13,332,138,4,142,474
09/02/2016,BOI,ID,ANM,WE,Combined TRACON& Tower with Radar,116,34,46,2,198,0,10,86,10,106,116,44,132,12,304,76,0,76,380
09/03/2016,BOI,ID,ANM,WE,Combined TRACON& Tower with Radar,85,25,21,1,132,0,13,73,4,90,85,38,94,5,222,58,0,58,280
09/04/2016,BOI,ID,ANM,WE,Combined TRACON& Tower with Radar,90,23,14,5,132,0,7,28,6,41,90,30,42,11,173,38,0,38,211
09/05/2016,BOI,ID,ANM,WE,Combined TRACON& Tower with Radar,98,33,33,0,164,0,11,92,10,113,98,44,125,10,277,120,0,120,397
09/06/2016,BOI,ID,ANM,WE,Combined TRACON& Tower with Radar,109,39,50,4,202,0,12,64,19,95,109,51,114,23,297,78,0,78,375
09/07/2016,BOI,ID,ANM,WE,Combined TRACON& Tower with Radar,119,34,52,13,218,0,15,73,15,103,119,49,125,28,321,38,10,48,369
09/08/2016,BOI,ID,ANM,WE,Combined TRACON& Tower with Radar,121,43,58,12,234,0,8,89,12,109,121,51,147,24,343,58,0,58,401
09/09/2016,BOI,ID,ANM,WE,Combined TRACON& Tower with Radar,119,38,66,4,227,0,17,86,13,116,119,55,152,17,343,48,4,52,395
09/10/2016,BOI,ID,ANM,WE,Combined TRACON& Tower with Radar,89,25,34,11,159,0,16,91,16,123,89,41,125,27,282,110,6,116,398
09/11/2016,BOI,ID,ANM,WE,Combined TRACON& Tower with Radar,102,32,42,10,186,0,2,77,16,95,102,34,119,26,281,36,12,48,329
09/12/2016,BOI,ID,ANM,WE,Combined TRACON& Tower with Radar,109,37,49,5,200,0,9,85,7,101,109,46,134,12,301,84,4,88,389
09/13/2016,BOI,ID,ANM,WE,Combined TRACON& Tower with Radar,119,35,58,4,216,0,12,67,11,90,119,47,125,15,306,88,10,98,404
09/14/2016,BOI,ID,ANM,WE,Combined TRACON& Tower with Radar,118,40,57,7,222,0,6,66,12,84,118,46,123,19,306,44,6,50,356
09/15/2016,BOI,ID,ANM,WE,Combined TRACON& Tower with Radar,132,24,59,2,217,0,5,101,15,121,132,29,160,17,338,72,20,92,430
09/16/2016,BOI,ID,ANM,WE,Combined TRACON& Tower with Radar,133,18,45,2,198,0,12,104,4,120,133,30,149,6,318,76,4,80,398
09/17/2016,BOI,ID,ANM,WE,Combined TRACON& Tower with Radar,108,20,18,7,153,0,7,75,2,84,108,27,93,9,237,94,0,94,331
09/18/2016,BOI,ID,ANM,WE,Combined TRACON& Tower with Radar,120,14,28,1,163,0,5,69,1,75,120,19,97,2,238,62,0,62,300
09/19/2016,BOI,ID,ANM,WE,Combined TRACON& Tower with Radar,130,16,44,2,192,0,8,86,10,104,130,24,130,12,296,146,28,174,470
09/20/2016,BOI,ID,ANM,WE,Combined TRACON& Tower with Radar,134,17,70,5,226,0,17,118,9,144,134,34,188,14,370,202,6,208,578
09/21/2016,BOI,ID,ANM,WE,Combined TRACON& Tower with Radar,139,22,56,4,221,0,7,72,16,95,139,29,128,20,316,62,4,66,382
09/22/2016,BOI,ID,ANM,WE,Combined TRACON& Tower with Radar,141,21,66,10,238,0,3,39,6,48,141,24,105,16,286,38,11,49,335
09/23/2016,BOI,ID,ANM,WE,Combined TRACON& Tower with Radar,137,17,49,2,205,0,8,37,3,48,137,25,86,5,253,56,0,56,309
09/24/2016,BOI,ID,ANM,WE,Combined TRACON& Tower with Radar,110,15,32,2,159,0,4,79,5,88,110,19,111,7,247,54,0,54,301
09/25/2016,BOI,ID,ANM,WE,Combined TRACON& Tower with Radar,118,16,28,0,162,0,5,93,0,98,118,21,121,0,260,126,0,126,386
09/26/2016,BOI,ID,ANM,WE,Combined TRACON& Tower with Radar,130,13,42,1,186,0,8,98,8,114,130,21,140,9,300,106,16,122,422
09/27/2016,BOI,ID,ANM,WE,Combined TRACON& Tower with Radar,134,13,50,7,204,0,9,198,28,235,134,22,248,35,439,0,0,0,439
09/28/2016,BOI,ID,ANM,WE,Combined TRACON& Tower with Radar,134,23,76,9,242,0,4,89,10,103,134,27,165,19,345,92,6,98,443
09/29/2016,BOI,ID,ANM,WE,Combined TRACON& Tower with Radar,140,21,67,7,235,0,6,91,11,108,140,27,158,18,343,60,0,60,403
09/30/2016,BOI,ID,ANM,WE,Combined TRACON& Tower with Radar,134,17,49,6,206,0,8,92,5,105,134,25,141,11,311,100,0,100,411
10/01/2016,BOI,ID,ANM,WE,Combined TRACON& Tower with Radar,110,14,15,10,149,4,8,55,5,72,114,22,70,15,221,60,4,64,285
10/02/2016,BOI,ID,ANM,WE,Combined TRACON& Tower with Radar,125,10,28,12,175,0,4,79,6,89,125,14,107,18,264,72,8,80,344
10/03/2016,BOI,ID,ANM,WE,Combined TRACON& Tower with Radar,129,19,54,20,222,0,4,39,6,49,129,23,93,26,271,42,26,68,339
10/04/2016,BOI,ID,ANM,WE,Combined TRACON& Tower with Radar,136,15,67,7,225,0,5,63,14,82,136,20,130,21,307,104,24,128,435
10/05/2016,BOI,ID,ANM,WE,Combined TRACON& Tower with Radar,132,15,55,12,214,0,4,60,17,81,132,19,115,29,295,88,20,108,403
10/06/2016,BOI,ID,ANM,WE,Combined TRACON& Tower with Radar,148,14,60,13,235,0,6,59,8,73,148,20,119,21,308,96,8,104,412
10/07/2016,BOI,ID,ANM,WE,Combined TRACON& Tower with Radar,134,14,46,3,197,0,9,92,3,104,134,23,138,6,301,32,0,32,333
10/08/2016,BOI,ID,ANM,WE,Combined TRACON& Tower with Radar,110,8,25,0,143,0,7,52,1,60,110,15,77,1,203,92,0,92,295
10/09/2016,BOI,ID,ANM,WE,Combined TRACON& Tower with Radar,120,14,17,0,151,0,5,82,0,87,120,19,99,0,238,66,0,66,304
10/10/2016,BOI,ID,ANM,WE,Combined TRACON& Tower with Radar,126,13,37,1,177,0,6,65,8,79,126,19,102,9,256,66,0,66,322
10/11/2016,BOI,ID,ANM,WE,Combined TRACON& Tower with Radar,136,12,60,14,222,0,3,63,11,77,136,15,123,25,299,48,20,68,367
10/12/2016,BOI,ID,ANM,WE,Combined TRACON& Tower with Radar,134,22,48,24,228,0,9,77,15,101,134,31,125,39,329,28,54,82,411
10/13/2016,BOI,ID,ANM,WE,Combined TRACON& Tower with Radar,136,25,84,10,255,0,4,74,16,94,136,29,158,26,349,82,0,82,431
10/14/2016,BOI,ID,ANM,WE,Combined TRACON& Tower with Radar,140,25,64,8,237,0,4,24,1,29,140,29,88,9,266,24,0,24,290
10/15/2016,BOI,ID,ANM,WE,Combined TRACON& Tower with Radar,107,11,18,1,137,0,5,19,3,27,107,16,37,4,164,28,0,28,192
10/16/2016,BOI,ID,ANM,WE,Combined TRACON& Tower with Radar,125,20,26,9,180,0,5,22,4,31,125,25,48,13,211,56,0,56,267
10/17/2016,BOI,ID,ANM,WE,Combined TRACON& Tower with Radar,133,11,47,9,200,0,3,47,17,67,133,14,94,26,267,70,14,84,351
10/18/2016,BOI,ID,ANM,WE,Combined TRACON& Tower with Radar,138,14,55,7,214,0,3,104,7,114,138,17,159,14,328,0,0,0,328
10/19/2016,BOI,ID,ANM,WE,Combined TRACON& Tower with Radar,134,18,66,10,228,0,3,92,22,117,134,21,158,32,345,96,20,116,461
10/20/2016,BOI,ID,ANM,WE,Combined TRACON& Tower with Radar,142,22,94,8,266,0,5,78,9,92,142,27,172,17,358,122,4,126,484
10/21/2016,BOI,ID,ANM,WE,Combined TRACON& Tower with Radar,136,16,62,10,224,0,10,96,3,109,136,26,158,13,333,84,0,84,417
10/22/2016,BOI,ID,ANM,WE,Combined TRACON& Tower with Radar,108,17,14,0,139,0,4,70,1,75,108,21,84,1,214,54,2,56,270
10/23/2016,BOI,ID,ANM,WE,Combined TRACON& Tower with Radar,120,24,19,5,168,0,1,45,1,47,120,25,64,6,215,72,0,72,287
10/24/2016,BOI,ID,ANM,WE,Combined TRACON& Tower with Radar,128,17,55,14,214,0,2,30,4,36,128,19,85,18,250,54,80,134,384
10/25/2016,BOI,ID,ANM,WE,Combined TRACON& Tower with Radar,134,14,62,24,234,0,2,34,5,41,134,16,96,29,275,84,30,114,389
10/26/2016,BOI,ID,ANM,WE,Combined TRACON& Tower with Radar,133,15,39,7,194,0,5,70,3,78,133,20,109,10,272,84,4,88,360
10/27/2016,BOI,ID,ANM,WE,Combined TRACON& Tower with Radar,134,12,48,16,210,0,4,66,6,76,134,16,114,22,286,154,10,164,450
10/28/2016,BOI,ID,ANM,WE,Combined TRACON& Tower with Radar,138,27,29,1,195,0,6,48,2,56,138,33,77,3,251,50,0,50,301
10/29/2016,BOI,ID,ANM,WE,Combined TRACON& Tower with Radar,107,8,31,3,149,0,3,41,16,60,107,11,72,19,209,34,0,34,243
10/30/2016,BOI,ID,ANM,WE,Combined TRACON& Tower with Radar,127,11,16,3,157,0,3,22,2,27,127,14,38,5,184,106,0,106,290
10/31/2016,BOI,ID,ANM,WE,Combined TRACON& Tower with Radar,132,8,35,7,182,0,5,54,5,64,132,13,89,12,246,112,0,112,358
11/01/2016,BOI,ID,ANM,WE,Combined TRACON& Tower with Radar,138,9,51,5,203,0,4,66,7,77,138,13,117,12,280,68,2,70,350
11/02/2016,BOI,ID,ANM,WE,Combined TRACON& Tower with Radar,139,8,65,2,214,0,6,98,4,108,139,14,163,6,322,144,2,146,468
11/03/2016,BOI,ID,ANM,WE,Combined TRACON& Tower with Radar,140,8,69,0,217,0,4,97,6,107,140,12,166,6,324,98,0,98,422
11/04/2016,BOI,ID,ANM,WE,Combined TRACON& Tower with Radar,139,9,47,6,201,0,4,105,9,118,139,13,152,15,319,140,2,142,461
11/05/2016,BOI,ID,ANM,WE,Combined TRACON& Tower with Radar,115,3,31,9,158,0,6,71,21,98,115,9,102,30,256,92,2,94,350
11/06/2016,BOI,ID,ANM,WE,Combined TRACON& Tower with Radar,127,5,33,3,168,0,7,50,3,60,127,12,83,6,228,102,0,102,330
11/07/2016,BOI,ID,ANM,WE,Combined TRACON& Tower with Radar,128,12,65,8,213,0,8,84,12,104,128,20,149,20,317,268,48,316,633
11/08/2016,BOI,ID,ANM,WE,Combined TRACON& Tower with Radar,126,7,62,5,200,0,5,85,11,101,126,12,147,16,301,84,6,90,391
11/09/2016,BOI,ID,ANM,WE,Combined TRACON& Tower with Radar,136,4,50,11,201,0,4,76,15,95,136,8,126,26,296,99,4,103,399
11/10/2016,BOI,ID,ANM,WE,Combined TRACON& Tower with Radar,145,12,63,4,224,0,8,74,9,91,145,20,137,13,315,160,0,160,475
11/11/2016,BOI,ID,ANM,WE,Combined TRACON& Tower with Radar,136,11,57,0,204,0,6,89,0,95,136,17,146,0,299,66,0,66,365
11/12/2016,BOI,ID,ANM,WE,Combined TRACON& Tower with Radar,113,4,13,0,130,0,4,76,0,80,113,8,89,0,210,78,0,78,288
11/13/2016,BOI,ID,ANM,WE,Combined TRACON& Tower with Radar,127,3,38,0,168,0,3,78,0,81,127,6,116,0,249,60,0,60,309
11/14/2016,BOI,ID,ANM,WE,Combined TRACON& Tower with Radar,133,12,50,10,205,0,4,60,15,79,133,16,110,25,284,54,102,156,440
11/15/2016,BOI,ID,ANM,WE,Combined TRACON& Tower with Radar,136,10,50,2,198,0,2,28,4,34,136,12,78,6,232,70,0,70,302
11/16/2016,BOI,ID,ANM,WE,Combined TRACON& Tower with Radar,134,9,49,8,200,0,1,50,4,55,134,10,99,12,255,74,0,74,329
11/17/2016,BOI,ID,ANM,WE,Combined TRACON& Tower with Radar,132,15,63,9,219,0,6,82,9,97,132,21,145,18,316,60,2,62,378
11/18/2016,BOI,ID,ANM,WE,Combined TRACON& Tower with Radar,144,13,35,3,195,0,3,57,0,60,144,16,92,3,255,56,0,56,311
11/19/2016,BOI,ID,ANM,WE,Combined TRACON& Tower with Radar,112,12,26,3,153,0,5,37,1,43,112,17,63,4,196,36,0,36,232
11/20/2016,BOI,ID,ANM,WE,Combined TRACON& Tower with Radar,125,8,34,2,169,0,4,35,0,39,125,12,69,2,208,52,0,52,260
11/21/2016,BOI,ID,ANM,WE,Combined TRACON& Tower with Radar,136,15,44,8,203,0,7,59,2,68,136,22,103,10,271,94,0,94,365
11/22/2016,BOI,ID,ANM,WE,Combined TRACON& Tower with Radar,138,14,79,11,242,0,6,103,5,114,138,20,182,16,356,152,0,152,508
11/23/2016,BOI,ID,ANM,WE,Combined TRACON& Tower with Radar,143,12,62,6,223,0,5,19,3,27,143,17,81,9,250,20,0,20,270
11/24/2016,BOI,ID,ANM,WE,Combined TRACON& Tower with Radar,91,2,9,0,102,0,2,25,0,27,91,4,34,0,129,12,0,12,141
11/25/2016,BOI,ID,ANM,WE,Combined TRACON& Tower with Radar,109,10,17,1,137,0,1,24,0,25,109,11,41,1,162,0,0,0,162
11/26/2016,BOI,ID,ANM,WE,Combined TRACON& Tower with Radar,121,20,32,0,173,0,5,39,0,44,121,25,71,0,217,28,0,28,245
11/27/2016,BOI,ID,ANM,WE,Combined TRACON& Tower with Radar,141,16,30,0,187,0,5,21,0,26,141,21,51,0,213,28,0,28,241
11/28/2016,BOI,ID,ANM,WE,Combined TRACON& Tower with Radar,140,19,45,7,211,0,1,21,2,24,140,20,66,9,235,50,4,54,289
11/29/2016,BOI,ID,ANM,WE,Combined TRACON& Tower with Radar,136,14,51,4,205,0,5,234,74,313,136,19,285,78,518,0,0,0,518
11/30/2016,BOI,ID,ANM,WE,Combined TRACON& Tower with Radar,140,11,64,2,217,0,1,22,8,31,140,12,86,10,248,30,4,34,282
12/01/2016,BOI,ID,ANM,WE,Combined TRACON& Tower with Radar,147,15,59,4,225,0,3,36,7,46,147,18,95,11,271,54,4,58,329
12/02/2016,BOI,ID,ANM,WE,Combined TRACON& Tower with Radar,132,15,47,13,207,0,1,76,0,77,132,16,123,13,284,96,0,96,380
12/03/2016,BOI,ID,ANM,WE,Combined TRACON& Tower with Radar,103,18,38,0,159,0,5,57,2,64,103,23,95,2,223,84,0,84,307
12/04/2016,BOI,ID,ANM,WE,Combined TRACON& Tower with Radar,122,7,20,6,155,0,3,6,0,9,122,10,26,6,164,8,8,16,180
12/05/2016,BOI,ID,ANM,WE,Combined TRACON& Tower with Radar,134,18,52,1,205,0,5,62,6,73,134,23,114,7,278,76,4,80,358
12/06/2016,BOI,ID,ANM,WE,Combined TRACON& Tower with Radar,134,18,45,6,203,0,2,2,5,9,134,20,47,11,212,8,12,20,232
12/07/2016,BOI,ID,ANM,WE,Combined TRACON& Tower with Radar,136,13,65,10,224,0,6,61,12,79,136,19,126,22,303,62,4,66,369
12/08/2016,BOI,ID,ANM,WE,Combined TRACON& Tower with Radar,136,18,45,3,202,0,0,6,3,9,136,18,51,6,211,56,0,56,267
12/09/2016,BOI,ID,ANM,WE,Combined TRACON& Tower with Radar,137,11,37,0,185,0,1,2,0,3,137,12,39,0,188,0,0,0,188
12/10/2016,BOI,ID,ANM,WE,Combined TRACON& Tower with Radar,108,7,9,0,124,0,0,0,0,0,108,7,9,0,124,0,0,0,124
12/11/2016,BOI,ID,ANM,WE,Combined TRACON& Tower with Radar,119,6,23,1,149,0,1,28,0,29,119,7,51,1,178,24,0,24,202
12/12/2016,BOI,ID,ANM,WE,Combined TRACON& Tower with Radar,128,7,37,15,187,0,3,30,15,48,128,10,67,30,235,42,2,44,279
12/13/2016,BOI,ID,ANM,WE,Combined TRACON& Tower with Radar,138,13,71,52,274,0,6,80,7,93,138,19,151,59,367,100,36,136,503
12/14/2016,BOI,ID,ANM,WE,Combined TRACON& Tower with Radar,136,6,31,0,173,0,0,1,0,1,136,6,32,0,174,0,0,0,174
12/15/2016,BOI,ID,ANM,WE,Combined TRACON& Tower with Radar,149,11,52,13,225,0,1,6,2,9,149,12,58,15,234,0,12,12,246
12/16/2016,BOI,ID,ANM,WE,Combined TRACON& Tower with Radar,137,20,47,2,206,0,3,11,1,15,137,23,58,3,221,38,2,40,261
12/17/2016,BOI,ID,ANM,WE,Combined TRACON& Tower with Radar,120,19,32,2,173,0,2,48,0,50,120,21,80,2,223,42,0,42,265
12/18/2016,BOI,ID,ANM,WE,Combined TRACON& Tower with Radar,138,10,36,2,186,0,4,46,0,50,138,14,82,2,236,118,0,118,354
12/19/2016,BOI,ID,ANM,WE,Combined TRACON& Tower with Radar,140,15,52,1,208,0,3,28,2,33,140,18,80,3,241,36,2,38,279
12/20/2016,BOI,ID,ANM,WE,Combined TRACON& Tower with Radar,156,9,37,1,203,0,0,0,0,0,156,9,37,1,203,0,0,0,203
12/21/2016,BOI,ID,ANM,WE,Combined TRACON& Tower with Radar,146,9,85,10,250,0,4,36,5,45,146,13,121,15,295,140,20,160,455
12/22/2016,BOI,ID,ANM,WE,Combined TRACON& Tower with Radar,149,22,66,11,248,0,2,52,8,62,149,24,118,19,310,62,16,78,388
12/23/2016,BOI,ID,ANM,WE,Combined TRACON& Tower with Radar,155,16,40,1,212,0,0,0,0,0,155,16,40,1,212,0,0,0,212
12/24/2016,BOI,ID,ANM,WE,Combined TRACON& Tower with Radar,127,9,12,0,148,0,0,0,0,0,127,9,12,0,148,0,0,0,148
12/25/2016,BOI,ID,ANM,WE,Combined TRACON& Tower with Radar,107,9,14,0,130,0,4,5,0,9,107,13,19,0,139,8,0,8,147
12/26/2016,BOI,ID,ANM,WE,Combined TRACON& Tower with Radar,133,11,33,0,177,0,8,34,0,42,133,19,67,0,219,40,0,40,259
12/27/2016,BOI,ID,ANM,WE,Combined TRACON& Tower with Radar,141,15,33,0,189,0,0,4,0,4,141,15,37,0,193,0,0,0,193
12/28/2016,BOI,ID,ANM,WE,Combined TRACON& Tower with Radar,145,13,31,14,203,0,4,37,8,49,145,17,68,22,252,78,8,86,338
12/29/2016,BOI,ID,ANM,WE,Combined TRACON& Tower with Radar,151,17,30,7,205,0,7,56,10,73,151,24,86,17,278,70,2,72,350
12/30/2016,BOI,ID,ANM,WE,Combined TRACON& Tower with Radar,134,19,19,5,177,0,0,7,1,8,134,19,26,6,185,18,0,18,203
12/31/2016,BOI,ID,ANM,WE,Combined TRACON& Tower with Radar,117,16,18,0,151,0,0,2,0,2,117,16,20,0,153,14,0,14,167
01/01/2017,BOI,ID,ANM,WE,Combined TRACON& Tower with Radar,107,13,18,0,138,0,0,1,0,1,107,13,19,0,139,0,0,0,139
01/02/2017,BOI,ID,ANM,WE,Combined TRACON& Tower with Radar,131,15,40,0,186,0,0,7,0,7,131,15,47,0,193,4,0,4,197
01/03/2017,BOI,ID,ANM,WE,Combined TRACON& Tower with Radar,130,23,38,10,201,0,0,3,9,12,130,23,41,19,213,0,0,0,213
01/04/2017,BOI,ID,ANM,WE,Combined TRACON& Tower with Radar,134,15,24,0,173,0,0,0,0,0,134,15,24,0,173,4,0,4,177
01/05/2017,BOI,ID,ANM,WE,Combined TRACON& Tower with Radar,140,15,44,18,217,0,4,18,6,28,140,19,62,24,245,62,2,64,309
01/06/2017,BOI,ID,ANM,WE,Combined TRACON& Tower with Radar,136,13,50,9,208,0,4,52,4,60,136,17,102,13,268,36,0,36,304
01/07/2017,BOI,ID,ANM,WE,Combined TRACON& Tower with Radar,105,9,23,0,137,0,1,2,0,3,105,10,25,0,140,2,0,2,142
01/08/2017,BOI,ID,ANM,WE,Combined TRACON& Tower with Radar,105,10,13,0,128,0,0,0,0,0,105,10,13,0,128,0,0,0,128
01/09/2017,BOI,ID,ANM,WE,Combined TRACON& Tower with Radar,136,15,47,6,204,0,1,17,2,20,136,16,64,8,224,78,0,78,302
01/10/2017,BOI,ID,ANM,WE,Combined TRACON& Tower with Radar,130,8,36,5,179,0,0,3,0,3,130,8,39,5,182,20,12,32,214
01/11/2017,BOI,ID,ANM,WE,Combined TRACON& Tower with Radar,127,19,35,14,195,0,6,18,20,44,127,25,53,34,239,42,6,48,287
01/12/2017,BOI,ID,ANM,WE,Combined TRACON& Tower with Radar,135,19,56,16,226,0,6,69,14,89,135,25,125,30,315,76,6,82,397
01/13/2017,BOI,ID,ANM,WE,Combined TRACON& Tower with Radar,133,12,53,10,208,0,3,36,9,48,133,15,89,19,256,42,6,48,304
01/14/2017,BOI,ID,ANM,WE,Combined TRACON& Tower with Radar,102,15,19,0,136,0,1,1,0,2,102,16,20,0,138,0,0,0,138
01/15/2017,BOI,ID,ANM,WE,Combined TRACON& Tower with Radar,116,5,15,0,136,0,0,1,0,1,116,5,16,0,137,0,0,0,137
01/16/2017,BOI,ID,ANM,WE,Combined TRACON& Tower with Radar,125,14,41,0,180,0,4,40,0,44,125,18,81,0,224,50,0,50,274
01/17/2017,BOI,ID,ANM,WE,Combined TRACON& Tower with Radar,124,24,61,13,222,0,2,36,20,58,124,26,97,33,280,46,48,94,374
01/18/2017,BOI,ID,ANM,WE,Combined TRACON& Tower with Radar,124,9,40,0,173,0,0,1,0,1,124,9,41,0,174,0,0,0,174
01/19/2017,BOI,ID,ANM,WE,Combined TRACON& Tower with Radar,131,17,50,13,211,0,5,22,7,34,131,22,72,20,245,26,8,34,279
01/20/2017,BOI,ID,ANM,WE,Combined TRACON& Tower with Radar,131,10,46,14,201,0,4,20,16,40,131,14,66,30,241,58,18,76,317
01/21/2017,BOI,ID,ANM,WE,Combined TRACON& Tower with Radar,108,13,18,0,139,0,1,20,0,21,108,14,38,0,160,57,6,63,223
01/22/2017,BOI,ID,ANM,WE,Combined TRACON& Tower with Radar,118,7,27,0,152,0,3,8,0,11,118,10,35,0,163,30,0,30,193
01/23/2017,BOI,ID,ANM,WE,Combined TRACON& Tower with Radar,129,17,35,1,182,0,1,8,3,12,129,18,43,4,194,22,8,30,224
01/24/2017,BOI,ID,ANM,WE,Combined TRACON& Tower with Radar,129,15,44,13,201,0,6,41,16,63,129,21,85,29,264,82,10,92,356
01/25/2017,BOI,ID,ANM,WE,Combined TRACON& Tower with Radar,133,12,56,17,218,0,6,41,21,68,133,18,97,38,286,80,14,94,380
01/26/2017,BOI,ID,ANM,WE,Combined TRACON& Tower with Radar,132,18,51,16,217,0,0,8,2,10,132,18,59,18,227,4,0,4,231
01/27/2017,BOI,ID,ANM,WE,Combined TRACON& Tower with Radar,132,26,40,2,200,0,4,8,0,12,132,30,48,2,212,26,0,26,238
01/28/2017,BOI,ID,ANM,WE,Combined TRACON& Tower with Radar,108,18,25,1,152,0,0,8,0,8,108,18,33,1,160,14,0,14,174
01/29/2017,BOI,ID,ANM,WE,Combined TRACON& Tower with Radar,121,7,25,2,155,2,4,41,0,47,123,11,66,2,202,110,0,110,312
01/30/2017,BOI,ID,ANM,WE,Combined TRACON& Tower with Radar,129,14,80,15,238,0,2,54,12,68,129,16,134,27,306,112,18,130,436
01/31/2017,BOI,ID,ANM,WE,Combined TRACON& Tower with Radar,130,12,66,20,228,0,0,13,8,21,130,12,79,28,249,20,10,30,279
02/01/2017,BOI,ID,ANM,WE,Combined TRACON& Tower with Radar,138,22,54,2,216,0,0,15,2,17,138,22,69,4,233,30,0,30,263
02/02/2017,BOI,ID,ANM,WE,Combined TRACON& Tower with Radar,137,12,59,12,220,0,0,7,6,13,137,12,66,18,233,26,4,30,263
02/03/2017,BOI,ID,ANM,WE,Combined TRACON& Tower with Radar,130,26,49,3,208,0,3,18,4,25,130,29,67,7,233,0,0,0,233
02/04/2017,BOI,ID,ANM,WE,Combined TRACON& Tower with Radar,104,13,28,0,145,0,0,29,0,29,104,13,57,0,174,52,0,52,226
02/05/2017,BOI,ID,ANM,WE,Combined TRACON& Tower with Radar,103,5,28,0,136,0,3,24,0,27,103,8,52,0,163,42,0,42,205
02/06/2017,BOI,ID,ANM,WE,Combined TRACON& Tower with Radar,111,14,56,11,192,0,7,17,11,35,111,21,73,22,227,64,4,68,295
02/07/2017,BOI,ID,ANM,WE,Combined TRACON& Tower with Radar,133,20,41,2,196,0,3,18,5,26,133,23,59,7,222,68,0,68,290
02/08/2017,BOI,ID,ANM,WE,Combined TRACON& Tower with Radar,127,19,60,14,220,0,1,35,20,56,127,20,95,34,276,64,6,70,346
02/09/2017,BOI,ID,ANM,WE,Combined TRACON& Tower with Radar,135,27,62,22,246,0,7,33,23,63,135,34,95,45,309,47,11,58,367
02/10/2017,BOI,ID,ANM,WE,Combined TRACON& Tower with Radar,131,28,64,16,239,0,7,43,16,66,131,35,107,32,305,70,36,106,411
02/11/2017,BOI,ID,ANM,WE,Combined TRACON& Tower with Radar,104,12,26,12,154,0,6,69,13,88,104,18,95,25,242,95,26,121,363
02/12/2017,BOI,ID,ANM,WE,Combined TRACON& Tower with Radar,114,4,34,13,165,0,2,68,15,85,114,6,102,28,250,82,12,94,344
02/13/2017,BOI,ID,ANM,WE,Combined TRACON& Tower with Radar,131,15,49,2,197,0,13,80,7,100,131,28,129,9,297,131,14,145,442
02/14/2017,BOI,ID,ANM,WE,Combined TRACON& Tower with Radar,132,14,54,4,204,0,0,46,10,56,132,14,100,14,260,122,0,122,382
02/15/2017,BOI,ID,ANM,WE,Combined TRACON& Tower with Radar,130,11,72,13,226,0,6,44,24,74,130,17,116,37,300,100,10,110,410
02/16/2017,BOI,ID,ANM,WE,Combined TRACON& Tower with Radar,139,12,63,12,226,0,2,30,12,44,139,14,93,24,270,20,0,20,290
02/17/2017,BOI,ID,ANM,WE,Combined TRACON& Tower with Radar,138,23,66,10,237,0,2,52,9,63,138,25,118,19,300,128,8,136,436
02/18/2017,BOI,ID,ANM,WE,Combined TRACON& Tower with Radar,106,12,28,1,147,0,0,15,0,15,106,12,43,1,162,8,0,8,170
02/19/2017,BOI,ID,ANM,WE,Combined TRACON& Tower with Radar,117,12,27,1,157,0,5,14,2,21,117,17,41,3,178,14,0,14,192
02/20/2017,BOI,ID,ANM,WE,Combined TRACON& Tower with Radar,123,26,57,0,206,0,4,15,1,20,123,30,72,1,226,80,0,80,306
02/21/2017,BOI,ID,ANM,WE,Combined TRACON& Tower with Radar,136,28,56,10,230,0,2,16,20,38,136,30,72,30,268,4,6,10,278
02/22/2017,BOI,ID,ANM,WE,Combined TRACON& Tower with Radar,129,20,40,12,201,0,3,41,23,67,129,23,81,35,268,82,38,120,388
02/23/2017,BOI,ID,ANM,WE,Combined TRACON& Tower with Radar,141,27,61,12,241,0,0,2,7,9,141,27,63,19,250,10,22,32,282
02/24/2017,BOI,ID,ANM,WE,Combined TRACON& Tower with Radar,131,21,55,21,228,0,3,50,6,59,131,24,105,27,287,146,14,160,447
02/25/2017,BOI,ID,ANM,WE,Combined TRACON& Tower with Radar,106,12,37,2,157,0,5,96,1,102,106,17,133,3,259,106,0,106,365
02/26/2017,BOI,ID,ANM,WE,Combined TRACON& Tower with Radar,122,13,40,2,177,0,3,16,12,31,122,16,56,14,208,27,6,33,241
02/27/2017,BOI,ID,ANM,WE,Combined TRACON& Tower with Radar,126,16,46,13,201,0,2,15,27,44,126,18,61,40,245,44,20,64,309
02/28/2017,BOI,ID,ANM,WE,Combined TRACON& Tower with Radar,132,21,52,18,223,0,3,21,18,42,132,24,73,36,265,56,15,71,336
03/01/2017,BOI,ID,ANM,WE,Combined TRACON& Tower with Radar,132,17,69,17,235,0,4,62,18,84,132,21,131,35,319,136,32,168,487
03/02/2017,BOI,ID,ANM,WE,Combined TRACON& Tower with Radar,136,26,71,33,266,0,2,83,27,112,136,28,154,60,378,72,18,90,468
03/03/2017,BOI,ID,ANM,WE,Combined TRACON& Tower with Radar,132,18,61,3,214,0,8,81,10,99,132,26,142,13,313,104,10,114,427
03/04/2017,BOI,ID,ANM,WE,Combined TRACON& Tower with Radar,105,19,22,2,148,0,3,25,0,28,105,22,47,2,176,48,0,48,224
03/05/2017,BOI,ID,ANM,WE,Combined TRACON& Tower with Radar,122,10,31,4,167,0,1,15,0,16,122,11,46,4,183,40,0,40,223
03/06/2017,BOI,ID,ANM,WE,Combined TRACON& Tower with Radar,124,27,50,8,209,0,3,10,10,23,124,30,60,18,232,16,8,24,256
03/07/2017,BOI,ID,ANM,WE,Combined TRACON& Tower with Radar,131,16,59,19,225,0,0,9,19,28,131,16,68,38,253,24,2,26,279
03/08/2017,BOI,ID,ANM,WE,Combined TRACON& Tower with Radar,130,20,70,12,232,0,3,48,25,76,130,23,118,37,308,72,32,104,412
03/09/2017,BOI,ID,ANM,WE,Combined TRACON& Tower with Radar,136,18,89,15,258,0,2,46,25,73,136,20,135,40,331,52,6,58,389
03/10/2017,BOI,ID,ANM,WE,Combined TRACON& Tower with Radar,132,23,43,14,212,0,2,57,10,69,132,25,100,24,281,92,14,106,387
03/11/2017,BOI,ID,ANM,WE,Combined TRACON& Tower with Radar,106,19,25,21,171,0,5,49,26,80,106,24,74,47,251,74,26,100,351
03/12/2017,BOI,ID,ANM,WE,Combined TRACON& Tower with Radar,128,4,27,20,179,0,4,67,19,90,128,8,94,39,269,18,10,28,297
03/13/2017,BOI,ID,ANM,WE,Combined TRACON& Tower with Radar,129,23,37,1,190,0,7,51,12,70,129,30,88,13,260,64,6,70,330
03/14/2017,BOI,ID,ANM,WE,Combined TRACON& Tower with Radar,136,8,71,6,221,0,5,74,23,102,136,13,145,29,323,82,8,90,413
03/15/2017,BOI,ID,ANM,WE,Combined TRACON& Tower with Radar,140,14,55,12,221,0,7,69,27,103,140,21,124,39,324,42,30,72,396
03/16/2017,BOI,ID,ANM,WE,Combined TRACON& Tower with Radar,145,11,61,19,236,0,6,68,24,98,145,17,129,43,334,102,26,128,462
03/17/2017,BOI,ID,ANM,WE,Combined TRACON& Tower with Radar,137,13,59,14,223,0,5,105,15,125,137,18,164,29,348,202,18,220,568
03/18/2017,BOI,ID,ANM,WE,Combined TRACON& Tower with Radar,110,17,34,0,161,0,3,45,0,48,110,20,79,0,209,44,0,44,253
03/19/2017,BOI,ID,ANM,WE,Combined TRACON& Tower with Radar,129,10,31,2,172,0,2,30,0,32,129,12,61,2,204,30,0,30,234
03/20/2017,BOI,ID,ANM,WE,Combined TRACON& Tower with Radar,126,20,76,18,240,0,2,61,16,79,126,22,137,34,319,0,0,0,319
03/21/2017,BOI,ID,ANM,WE,Combined TRACON& Tower with Radar,140,19,49,23,231,0,4,32,10,46,140,23,81,33,277,32,0,32,309
03/22/2017,BOI,ID,ANM,WE,Combined TRACON& Tower with Radar,137,18,57,11,223,0,6,69,18,93,137,24,126,29,316,62,24,86,402
03/23/2017,BOI,ID,ANM,WE,Combined TRACON& Tower with Radar,147,14,64,14,239,0,3,78,14,95,147,17,142,28,334,90,12,102,436
03/24/2017,BOI,ID,ANM,WE,Combined TRACON& Tower with Radar,140,13,67,4,224,0,4,33,4,41,140,17,100,8,265,44,2,46,311
03/25/2017,BOI,ID,ANM,WE,Combined TRACON& Tower with Radar,111,12,45,5,173,0,7,81,1,89,111,19,126,6,262,130,0,130,392
03/26/2017,BOI,ID,ANM,WE,Combined TRACON& Tower with Radar,127,5,23,2,157,0,5,28,1,34,127,10,51,3,191,10,0,10,201
03/27/2017,BOI,ID,ANM,WE,Combined TRACON& Tower with Radar,133,14,56,6,209,0,7,25,10,42,133,21,81,16,251,30,14,44,295
03/28/2017,BOI,ID,ANM,WE,Combined TRACON& Tower with Radar,140,7,61,17,225,0,0,89,18,107,140,7,150,35,332,126,16,142,474
03/29/2017,BOI,ID,ANM,WE,Combined TRACON& Tower with Radar,137,16,36,16,205,0,3,67,12,82,137,19,103,28,287,70,40,110,397
03/30/2017,BOI,ID,ANM,WE,Combined TRACON& Tower with Radar,138,16,44,2,200,0,0,2,0,2,138,16,46,2,202,2,0,2,204
03/31/2017,BOI,ID,ANM,WE,Combined TRACON& Tower with Radar,141,16,44,13,214,0,0,26,8,34,141,16,70,21,248,14,6,20,268
04/01/2017,BOI,ID,ANM,WE,Combined TRACON& Tower with Radar,106,14,35,2,157,0,12,77,14,103,106,26,112,16,260,118,10,128,388
04/02/2017,BOI,ID,ANM,WE,Combined TRACON& Tower with Radar,125,14,31,9,179,0,2,37,12,51,125,16,68,21,230,24,0,24,254
04/03/2017,BOI,ID,ANM,WE,Combined TRACON& Tower with Radar,134,14,51,13,212,0,4,63,25,92,134,18,114,38,304,111,8,119,423
04/04/2017,BOI,ID,ANM,WE,Combined TRACON& Tower with Radar,136,14,78,14,242,0,3,77,19,99,136,17,155,33,341,96,4,100,441
04/05/2017,BOI,ID,ANM,WE,Combined TRACON& Tower with Radar,134,16,51,16,217,0,3,56,19,78,134,19,107,35,295,146,16,162,457
04/06/2017,BOI,ID,ANM,WE,Combined TRACON& Tower with Radar,137,17,44,13,211,0,2,31,11,44,137,19,75,24,255,70,10,80,335
04/07/2017,BOI,ID,ANM,WE,Combined TRACON& Tower with Radar,139,11,35,10,195,0,3,7,10,20,139,14,42,20,215,30,2,32,247
04/08/2017,BOI,ID,ANM,WE,Combined TRACON& Tower with Radar,108,21,18,5,152,0,4,15,19,38,108,25,33,24,190,56,20,76,266
04/09/2017,BOI,ID,ANM,WE,Combined TRACON& Tower with Radar,128,6,49,8,191,0,2,97,25,124,128,8,146,33,315,166,8,174,489
04/10/2017,BOI,ID,ANM,WE,Combined TRACON& Tower with Radar,131,10,42,11,194,0,8,54,12,74,131,18,96,23,268,72,10,82,350
04/11/2017,BOI,ID,ANM,WE,Combined TRACON& Tower with Radar,139,11,56,2,208,0,10,59,21,90,139,21,115,23,298,22,8,30,328
04/12/2017,BOI,ID,ANM,WE,Combined TRACON& Tower with Radar,134,8,70,10,222,0,8,60,16,84,134,16,130,26,306,76,10,86,392
04/13/2017,BOI,ID,ANM,WE,Combined TRACON& Tower with Radar,149,18,64,6,237,0,1,29,15,45,149,19,93,21,282,32,0,32,314
04/14/2017,BOI,ID,ANM,WE,Combined TRACON& Tower with Radar,139,10,42,4,195,0,3,7,0,10,139,13,49,4,205,22,0,22,227
04/15/2017,BOI,ID,ANM,WE,Combined TRACON& Tower with Radar,102,9,30,2,143,0,5,97,2,104,102,14,127,4,247,108,0,108,355
04/16/2017,BOI,ID,ANM,WE,Combined TRACON& Tower with Radar,118,5,18,1,142,0,6,42,0,48,118,11,60,1,190,46,0,46,236
04/17/2017,BOI,ID,ANM,WE,Combined TRACON& Tower with Radar,132,12,53,28,225,0,5,41,30,76,132,17,94,58,301,74,28,102,403
04/18/2017,BOI,ID,ANM,WE,Combined TRACON& Tower with Radar,143,13,63,18,237,0,2,18,30,50,143,15,81,48,287,0,0,0,287
04/19/2017,BOI,ID,ANM,WE,Combined TRACON& Tower with Radar,133,15,56,36,240,0,9,89,50,148,133,24,145,86,388,82,22,104,492
04/20/2017,BOI,ID,ANM,WE,Combined TRACON& Tower with Radar,137,18,60,19,234,0,15,32,22,69,137,33,92,41,303,28,14,42,345
04/21/2017,BOI,ID,ANM,WE,Combined TRACON& Tower with Radar,141,10,65,19,235,0,7,109,106,222,141,17,174,125,457,40,0,40,497
04/22/2017,BOI,ID,ANM,WE,Combined TRACON& Tower with Radar,105,14,14,5,138,0,14,50,95,159,105,28,64,100,297,20,0,20,317
04/23/2017,BOI,ID,ANM,WE,Combined TRACON& Tower with Radar,122,7,37,9,175,0,6,81,71,158,122,13,118,80,333,28,0,28,361
04/24/2017,BOI,ID,ANM,WE,Combined TRACON& Tower with Radar,130,21,23,29,203,0,3,9,21,33,130,24,32,50,236,8,4,12,248
04/25/2017,BOI,ID,ANM,WE,Combined TRACON& Tower with Radar,140,17,51,26,234,0,5,49,34,88,140,22,100,60,322,116,8,124,446
04/26/2017,BOI,ID,ANM,WE,Combined TRACON& Tower with Radar,133,11,46,18,208,0,3,11,5,19,133,14,57,23,227,20,0,20,247
04/27/2017,BOI,ID,ANM,WE,Combined TRACON& Tower with Radar,137,17,46,12,212,0,8,21,12,41,137,25,67,24,253,45,6,51,304
04/28/2017,BOI,ID,ANM,WE,Combined TRACON& Tower with Radar,142,16,33,3,194,0,2,44,2,48,142,18,77,5,242,24,0,24,266
04/29/2017,BOI,ID,ANM,WE,Combined TRACON& Tower with Radar,105,9,12,0,126,0,1,75,0,76,105,10,87,0,202,48,0,48,250
04/30/2017,BOI,ID,ANM,WE,Combined TRACON& Tower with Radar,126,3,17,6,152,0,7,38,3,48,126,10,55,9,200,42,0,42,242
05/01/2017,BOI,ID,ANM,WE,Combined TRACON& Tower with Radar,135,11,25,6,177,0,15,68,25,108,135,26,93,31,285,53,7,60,345
05/02/2017,BOI,ID,ANM,WE,Combined TRACON& Tower with Radar,134,9,56,12,211,0,8,75,37,120,134,17,131,49,331,94,40,134,465
05/03/2017,BOI,ID,ANM,WE,Combined TRACON& Tower with Radar,134,13,60,11,218,0,6,100,31,137,134,19,160,42,355,38,11,49,404
05/04/2017,BOI,ID,ANM,WE,Combined TRACON& Tower with Radar,139,15,57,17,228,0,8,107,27,142,139,23,164,44,370,117,46,163,533
05/05/2017,BOI,ID,ANM,WE,Combined TRACON& Tower with Radar,134,20,48,11,213,0,4,51,19,74,134,24,99,30,287,34,0,34,321
05/06/2017,BOI,ID,ANM,WE,Combined TRACON& Tower with Radar,104,18,34,7,163,0,6,23,6,35,104,24,57,13,198,28,0,28,226
05/07/2017,BOI,ID,ANM,WE,Combined TRACON& Tower with Radar,127,5,35,19,186,0,5,29,14,48,127,10,64,33,234,28,2,30,264
05/08/2017,BOI,ID,ANM,WE,Combined TRACON& Tower with Radar,135,7,52,8,202,0,11,81,29,121,135,18,133,37,323,84,24,108,431
05/09/2017,BOI,ID,ANM,WE,Combined TRACON& Tower with Radar,132,12,56,18,218,0,13,98,22,133,132,25,154,40,351,76,20,96,447
05/10/2017,BOI,ID,ANM,WE,Combined TRACON& Tower with Radar,137,12,56,18,223,0,7,77,24,108,137,19,133,42,331,66,6,72,403
05/11/2017,BOI,ID,ANM,WE,Combined TRACON& Tower with Radar,139,20,54,10,223,0,12,70,18,100,139,32,124,28,323,89,1,90,413
05/12/2017,BOI,ID,ANM,WE,Combined TRACON& Tower with Radar,136,20,47,6,209,2,5,34,15,56,138,25,81,21,265,7,0,7,272
05/13/2017,BOI,ID,ANM,WE,Combined TRACON& Tower with Radar,117,10,12,0,139,0,1,27,1,29,117,11,39,1,168,53,0,53,221
05/14/2017,BOI,ID,ANM,WE,Combined TRACON& Tower with Radar,133,7,18,0,158,0,3,40,1,44,133,10,58,1,202,52,2,54,256
05/15/2017,BOI,ID,ANM,WE,Combined TRACON& Tower with Radar,130,15,43,38,226,0,4,66,20,90,130,19,109,58,316,66,26,92,408
05/16/2017,BOI,ID,ANM,WE,Combined TRACON& Tower with Radar,134,28,64,12,238,0,0,15,15,30,134,28,79,27,268,24,6,30,298
05/17/2017,BOI,ID,ANM,WE,Combined TRACON& Tower with Radar,134,16,53,14,217,0,3,31,22,56,134,19,84,36,273,33,16,49,322
05/18/2017,BOI,ID,ANM,WE,Combined TRACON& Tower with Radar,142,9,81,18,250,0,4,85,23,112,142,13,166,41,362,64,9,73,435
05/19/2017,BOI,ID,ANM,WE,Combined TRACON& Tower with Radar,138,6,47,15,206,0,5,92,19,116,138,11,139,34,322,84,0,84,406
05/20/2017,BOI,ID,ANM,WE,Combined TRACON& Tower with Radar,114,7,24,2,147,0,8,66,7,81,114,15,90,9,228,56,0,56,284
05/21/2017,BOI,ID,ANM,WE,Combined TRACON& Tower with Radar,128,3,12,3,146,0,3,61,2,66,128,6,73,5,212,40,0,40,252
05/22/2017,BOI,ID,ANM,WE,Combined TRACON& Tower with Radar,131,10,42,15,198,0,10,86,20,116,131,20,128,35,314,80,2,82,396
05/23/2017,BOI,ID,ANM,WE,Combined TRACON& Tower with Radar,138,22,51,10,221,0,8,103,26,137,138,30,154,36,358,82,6,88,446
05/24/2017,BOI,ID,ANM,WE,Combined TRACON& Tower with Radar,139,10,46,14,209,0,6,61,25,92,139,16,107,39,301,67,8,75,376
05/25/2017,BOI,ID,ANM,WE,Combined TRACON& Tower with Radar,143,13,40,17,213,0,9,148,16,173,143,22,188,33,386,0,0,0,386
05/26/2017,BOI,ID,ANM,WE,Combined TRACON& Tower with Radar,137,18,48,0,203,0,6,77,8,91,137,24,125,8,294,36,0,36,330
05/27/2017,BOI,ID,ANM,WE,Combined TRACON& Tower with Radar,112,3,31,0,146,0,8,65,0,73,112,11,96,0,219,58,0,58,277
05/28/2017,BOI,ID,ANM,WE,Combined TRACON& Tower with Radar,112,7,29,0,148,0,7,64,0,71,112,14,93,0,219,30,0,30,249
05/29/2017,BOI,ID,ANM,WE,Combined TRACON& Tower with Radar,128,11,35,0,174,0,10,89,2,101,128,21,124,2,275,48,0,48,323
05/30/2017,BOI,ID,ANM,WE,Combined TRACON& Tower with Radar,134,11,47,14,206,0,7,82,28,117,134,18,129,42,323,60,6,66,389
05/31/2017,BOI,ID,ANM,WE,Combined TRACON& Tower with Radar,140,13,47,15,215,0,7,75,34,116,140,20,122,49,331,70,10,80,411
06/01/2017,BOI,ID,ANM,WE,Combined TRACON& Tower with Radar,158,22,47,2,229,0,10,49,15,74,158,32,96,17,303,5,2,7,310
06/02/2017,BOI,ID,ANM,WE,Combined TRACON& Tower with Radar,133,16,54,21,224,0,11,94,20,125,133,27,148,41,349,50,10,60,409
06/03/2017,BOI,ID,ANM,WE,Combined TRACON& Tower with Radar,101,14,24,11,150,0,10,84,27,121,101,24,108,38,271,39,2,41,312
06/04/2017,BOI,ID,ANM,WE,Combined TRACON& Tower with Radar,137,3,30,5,175,0,6,60,4,70,137,9,90,9,245,52,6,58,303
06/05/2017,BOI,ID,ANM,WE,Combined TRACON& Tower with Radar,134,11,51,4,200,0,5,96,8,109,134,16,147,12,309,93,1,94,403
06/06/2017,BOI,ID,ANM,WE,Combined TRACON& Tower with Radar,138,12,48,9,207,0,11,105,10,126,138,23,153,19,333,46,0,46,379
06/07/2017,BOI,ID,ANM,WE,Combined TRACON& Tower with Radar,135,9,55,19,218,0,7,84,15,106,135,16,139,34,324,62,15,77,401
06/08/2017,BOI,ID,ANM,WE,Combined TRACON& Tower with Radar,136,19,66,9,230,0,7,68,18,93,136,26,134,27,323,35,0,35,358
06/09/2017,BOI,ID,ANM,WE,Combined TRACON& Tower with Radar,134,16,52,13,215,0,12,66,5,83,134,28,118,18,298,38,2,40,338
06/10/2017,BOI,ID,ANM,WE,Combined TRACON& Tower with Radar,112,16,26,3,157,0,19,52,3,74,112,35,78,6,231,53,2,55,286
06/11/2017,BOI,ID,ANM,WE,Combined TRACON& Tower with Radar,130,19,30,1,180,0,6,33,1,40,130,25,63,2,220,6,0,6,226
06/12/2017,BOI,ID,ANM,WE,Combined TRACON& Tower with Radar,137,21,25,9,192,0,4,17,4,25,137,25,42,13,217,14,4,18,235
06/13/2017,BOI,ID,ANM,WE,Combined TRACON& Tower with Radar,137,15,70,40,262,0,12,72,17,101,137,27,142,57,363,48,42,90,453
06/14/2017,BOI,ID,ANM,WE,Combined TRACON& Tower with Radar,139,19,66,22,246,0,8,126,16,150,139,27,192,38,396,45,8,53,449
06/15/2017,BOI,ID,ANM,WE,Combined TRACON& Tower with Radar,137,20,56,27,240,0,7,107,16,130,137,27,163,43,370,39,2,41,411
06/16/2017,BOI,ID,ANM,WE,Combined TRACON& Tower with Radar,145,16,59,11,231,0,9,70,9,88,145,25,129,20,319,47,0,47,366
06/17/2017,BOI,ID,ANM,WE,Combined TRACON& Tower with Radar,120,9,34,4,167,0,11,92,7,110,120,20,126,11,277,56,8,64,341
06/18/2017,BOI,ID,ANM,WE,Combined TRACON& Tower with Radar,133,11,31,0,175,0,12,100,2,114,133,23,131,2,289,18,0,18,307
06/19/2017,BOI,ID,ANM,WE,Combined TRACON& Tower with Radar,131,22,54,2,209,0,19,98,12,129,131,41,152,14,338,21,4,25,363
06/20/2017,BOI,ID,ANM,WE,Combined TRACON& Tower with Radar,139,13,59,7,218,0,16,88,24,128,139,29,147,31,346,62,12,74,420
06/21/2017,BOI,ID,ANM,WE,Combined TRACON& Tower with Radar,141,14,68,13,236,0,5,71,27,103,141,19,139,40,339,58,12,70,409
06/22/2017,BOI,ID,ANM,WE,Combined TRACON& Tower with Radar,141,21,71,15,248,0,7,112,17,136,141,28,183,32,384,61,0,61,445
06/23/2017,BOI,ID,ANM,WE,Combined TRACON& Tower with Radar,135,15,49,8,207,0,8,131,5,144,135,23,180,13,351,107,6,113,464
06/24/2017,BOI,ID,ANM,WE,Combined TRACON& Tower with Radar,116,19,33,7,175,0,22,101,2,125,116,41,134,9,300,22,0,22,322
06/25/2017,BOI,ID,ANM,WE,Combined TRACON& Tower with Radar,135,14,24,4,177,0,6,99,1,106,135,20,123,5,283,10,0,10,293
06/26/2017,BOI,ID,ANM,WE,Combined TRACON& Tower with Radar,130,21,44,9,204,2,11,82,25,120,132,32,126,34,324,0,0,0,324
06/27/2017,BOI,ID,ANM,WE,Combined TRACON& Tower with Radar,135,18,70,11,234,3,20,107,25,155,138,38,177,36,389,68,6,74,463
06/28/2017,BOI,ID,ANM,WE,Combined TRACON& Tower with Radar,136,15,46,13,210,11,15,105,25,156,147,30,151,38,366,85,11,96,462
06/29/2017,BOI,ID,ANM,WE,Combined TRACON& Tower with Radar,143,21,64,9,237,0,13,112,33,158,143,34,176,42,395,92,8,100,495
06/30/2017,BOI,ID,ANM,WE,Combined TRACON& Tower with Radar,139,20,65,2,226,3,19,125,10,157,142,39,190,12,383,47,2,49,432
07/01/2017,BOI,ID,ANM,WE,Combined TRACON& Tower with Radar,114,16,55,1,186,2,11,95,3,111,116,27,150,4,297,55,0,55,352
07/02/2017,BOI,ID,ANM,WE,Combined TRACON& Tower with Radar,115,6,28,1,150,0,11,70,3,84,115,17,98,4,234,20,0,20,254
07/03/2017,BOI,ID,ANM,WE,Combined TRACON& Tower with Radar,121,11,26,0,158,1,23,91,0,115,122,34,117,0,273,36,0,36,309
07/04/2017,BOI,ID,ANM,WE,Combined TRACON& Tower with Radar,109,3,17,0,129,0,18,76,2,96,109,21,93,2,225,30,0,30,255
07/05/2017,BOI,ID,ANM,WE,Combined TRACON& Tower with Radar,137,18,48,4,207,0,17,98,10,125,137,35,146,14,332,11,4,15,347
07/06/2017,BOI,ID,ANM,WE,Combined TRACON& Tower with Radar,141,11,53,17,222,0,21,80,36,137,141,32,133,53,359,64,3,67,426
07/07/2017,BOI,ID,ANM,WE,Combined TRACON& Tower with Radar,139,16,43,25,223,0,4,103,15,122,139,20,146,40,345,40,16,56,401
07/08/2017,BOI,ID,ANM,WE,Combined TRACON& Tower with Radar,124,7,25,10,166,0,24,91,17,132,124,31,116,27,298,16,4,20,318
07/09/2017,BOI,ID,ANM,WE,Combined TRACON& Tower with Radar,144,10,22,11,187,0,15,85,12,112,144,25,107,23,299,18,4,22,321
07/10/2017,BOI,ID,ANM,WE,Combined TRACON& Tower with Radar,136,12,42,24,214,1,18,78,29,126,137,30,120,53,340,35,9,44,384
07/11/2017,BOI,ID,ANM,WE,Combined TRACON& Tower with Radar,136,22,47,9,214,0,10,127,26,163,136,32,174,35,377,56,3,59,436
07/12/2017,BOI,ID,ANM,WE,Combined TRACON& Tower with Radar,140,20,56,14,230,0,19,112,41,172,140,39,168,55,402,46,10,56,458
07/13/2017,BOI,ID,ANM,WE,Combined TRACON& Tower with Radar,146,21,60,16,243,0,13,132,34,179,146,34,192,50,422,67,10,77,499
07/14/2017,BOI,ID,ANM,WE,Combined TRACON& Tower with Radar,139,17,59,16,231,1,7,102,24,134,140,24,161,40,365,36,24,60,425
07/15/2017,BOI,ID,ANM,WE,Combined TRACON& Tower with Radar,121,13,24,5,163,0,12,100,21,133,121,25,124,26,296,62,2,64,360
07/16/2017,BOI,ID,ANM,WE,Combined TRACON& Tower with Radar,139,11,24,1,175,0,23,106,17,146,139,34,130,18,321,43,24,67,388
07/17/2017,BOI,ID,ANM,WE,Combined TRACON& Tower with Radar,136,29,51,5,221,0,16,107,27,150,136,45,158,32,371,34,16,50,421
07/18/2017,BOI,ID,ANM,WE,Combined TRACON& Tower with Radar,139,15,66,11,231,0,16,108,34,158,139,31,174,45,389,30,2,32,421
07/19/2017,BOI,ID,ANM,WE,Combined TRACON& Tower with Radar,138,18,48,6,210,0,12,116,21,149,138,30,164,27,359,45,0,45,404
07/20/2017,BOI,ID,ANM,WE,Combined TRACON& Tower with Radar,146,21,64,9,240,2,17,138,40,197,148,38,202,49,437,31,2,33,470
07/21/2017,BOI,ID,ANM,WE,Combined TRACON& Tower with Radar,137,24,47,14,222,0,15,143,15,173,137,39,190,29,395,94,9,103,498
07/22/2017,BOI,ID,ANM,WE,Combined TRACON& Tower with Radar,122,7,16,2,147,0,8,111,11,130,122,15,127,13,277,111,0,111,388
07/23/2017,BOI,ID,ANM,WE,Combined TRACON& Tower with Radar,137,17,47,0,201,0,12,112,9,133,137,29,159,9,334,28,5,33,367
07/24/2017,BOI,ID,ANM,WE,Combined TRACON& Tower with Radar,137,25,53,3,218,0,16,95,15,126,137,41,148,18,344,30,5,35,379
07/25/2017,BOI,ID,ANM,WE,Combined TRACON& Tower with Radar,138,21,60,12,231,0,16,91,24,131,138,37,151,36,362,66,12,78,440
07/26/2017,BOI,ID,ANM,WE,Combined TRACON& Tower with Radar,142,25,42,19,228,0,15,81,13,109,142,40,123,32,337,46,6,52,389
07/27/2017,BOI,ID,ANM,WE,Combined TRACON& Tower with Radar,148,26,45,18,237,2,18,96,18,134,150,44,141,36,371,79,0,79,450
07/28/2017,BOI,ID,ANM,WE,Combined TRACON& Tower with Radar,137,20,46,15,218,12,18,98,14,142,149,38,144,29,360,49,4,53,413
07/29/2017,BOI,ID,ANM,WE,Combined TRACON& Tower with Radar,124,10,27,2,163,27,39,102,43,211,151,49,129,45,374,24,0,24,398
07/30/2017,BOI,ID,ANM,WE,Combined TRACON& Tower with Radar,139,9,41,3,192,0,15,77,6,98,139,24,118,9,290,20,0,20,310
07/31/2017,BOI,ID,ANM,WE,Combined TRACON& Tower with Radar,137,18,42,12,209,3,16,95,13,127,140,34,137,25,336,32,0,32,368
08/01/2017,BOI,ID,ANM,WE,Combined TRACON& Tower with Radar,139,9,37,11,196,2,7,87,21,117,141,16,124,32,313,30,2,32,345
08/02/2017,BOI,ID,ANM,WE,Combined TRACON& Tower with Radar,138,17,44,12,211,0,13,103,28,144,138,30,147,40,355,54,10,64,419
08/03/2017,BOI,ID,ANM,WE,Combined TRACON& Tower with Radar,139,18,41,5,203,1,23,92,14,130,140,41,133,19,333,54,2,56,389
08/04/2017,BOI,ID,ANM,WE,Combined TRACON& Tower with Radar,132,20,49,17,218,0,9,108,23,140,132,29,157,40,358,78,8,86,444
08/05/2017,BOI,ID,ANM,WE,Combined TRACON& Tower with Radar,123,15,33,10,181,0,9,56,13,78,123,24,89,23,259,6,0,6,265
08/06/2017,BOI,ID,ANM,WE,Combined TRACON& Tower with Radar,132,14,34,11,191,0,24,44,20,88,132,38,78,31,279,48,4,52,331
08/07/2017,BOI,ID,ANM,WE,Combined TRACON& Tower with Radar,131,18,55,3,207,0,12,40,13,65,131,30,95,16,272,26,8,34,306
08/08/2017,BOI,ID,ANM,WE,Combined TRACON& Tower with Radar,135,21,51,6,213,2,4,72,24,102,137,25,123,30,315,76,4,80,395
08/09/2017,BOI,ID,ANM,WE,Combined TRACON& Tower with Radar,138,19,54,5,216,2,15,100,32,149,140,34,154,37,365,84,14,98,463
08/10/2017,BOI,ID,ANM,WE,Combined TRACON& Tower with Radar,132,17,61,8,218,1,13,86,21,121,133,30,147,29,339,36,10,46,385
08/11/2017,BOI,ID,ANM,WE,Combined TRACON& Tower with Radar,133,23,63,22,241,1,10,92,20,123,134,33,155,42,364,35,14,49,413
08/12/2017,BOI,ID,ANM,WE,Combined TRACON& Tower with Radar,124,10,34,5,173,0,17,78,5,100,124,27,112,10,273,46,3,49,322
08/13/2017,BOI,ID,ANM,WE,Combined TRACON& Tower with Radar,129,8,19,4,160,0,11,82,5,98,129,19,101,9,258,0,0,0,258
08/14/2017,BOI,ID,ANM,WE,Combined TRACON& Tower with Radar,126,12,40,7,185,0,19,76,18,113,126,31,116,25,298,46,13,59,357
08/15/2017,BOI,ID,ANM,WE,Combined TRACON& Tower with Radar,132,22,53,14,221,0,12,107,43,162,132,34,160,57,383,68,4,72,455
08/16/2017,BOI,ID,ANM,WE,Combined TRACON& Tower with Radar,133,17,38,9,197,0,7,113,34,154,133,24,151,43,351,148,11,159,510
08/17/2017,BOI,ID,ANM,WE,Combined TRACON& Tower with Radar,138,20,50,10,218,0,24,112,42,178,138,44,162,52,396,78,0,78,474
08/18/2017,BOI,ID,ANM,WE,Combined TRACON& Tower with Radar,130,22,42,7,201,0,13,146,25,184,130,35,188,32,385,84,4,88,473
08/19/2017,BOI,ID,ANM,WE,Combined TRACON& Tower with Radar,124,15,35,0,174,2,21,132,12,167,126,36,167,12,341,70,0,70,411
08/20/2017,BOI,ID,ANM,WE,Combined TRACON& Tower with Radar,128,14,47,1,190,0,17,108,4,129,128,31,155,5,319,43,0,43,362
08/21/2017,BOI,ID,ANM,WE,Combined TRACON& Tower with Radar,120,25,70,10,225,0,19,223,5,247,120,44,293,15,472,44,0,44,516
08/22/2017,BOI,ID,ANM,WE,Combined TRACON& Tower with Radar,142,23,67,9,241,0,9,122,24,155,142,32,189,33,396,72,8,80,476
08/23/2017,BOI,ID,ANM,WE,Combined TRACON& Tower with Radar,133,25,63,8,229,2,17,88,33,140,135,42,151,41,369,31,0,31,400
08/24/2017,BOI,ID,ANM,WE,Combined TRACON& Tower with Radar,134,19,70,10,233,1,21,112,39,173,135,40,182,49,406,44,2,46,452
08/25/2017,BOI,ID,ANM,WE,Combined TRACON& Tower with Radar,130,20,61,9,220,1,17,103,20,141,131,37,164,29,361,79,4,83,444
08/26/2017,BOI,ID,ANM,WE,Combined TRACON& Tower with Radar,125,13,24,3,165,1,8,76,0,85,126,21,100,3,250,64,0,64,314
08/27/2017,BOI,ID,ANM,WE,Combined TRACON& Tower with Radar,127,17,39,0,183,0,22,82,10,114,127,39,121,10,297,11,0,11,308
08/28/2017,BOI,ID,ANM,WE,Combined TRACON& Tower with Radar,125,26,47,5,203,0,9,76,16,101,125,35,123,21,304,60,8,68,372
08/29/2017,BOI,ID,ANM,WE,Combined TRACON& Tower with Radar,130,17,50,13,210,0,12,78,24,114,130,29,128,37,324,31,0,31,355
08/30/2017,BOI,ID,ANM,WE,Combined TRACON& Tower with Radar,134,22,43,19,218,1,10,63,25,99,135,32,106,44,317,20,0,20,337
08/31/2017,BOI,ID,ANM,WE,Combined TRACON& Tower with Radar,132,20,74,16,242,0,16,102,19,137,132,36,176,35,379,132,0,132,511
09/01/2017,BOI,ID,ANM,WE,Combined TRACON& Tower with Radar,133,20,52,8,213,0,9,66,8,83,133,29,118,16,296,29,0,29,325
09/02/2017,BOI,ID,ANM,WE,Combined TRACON& Tower with Radar,106,6,27,0,139,0,17,88,2,107,106,23,115,2,246,58,0,58,304
09/03/2017,BOI,ID,ANM,WE,Combined TRACON& Tower with Radar,106,5,25,2,138,0,5,61,1,67,106,10,86,3,205,11,0,11,216
09/04/2017,BOI,ID,ANM,WE,Combined TRACON& Tower with Radar,110,20,39,2,171,0,15,54,6,75,110,35,93,8,246,24,0,24,270
09/05/2017,BOI,ID,ANM,WE,Combined TRACON& Tower with Radar,122,27,86,19,254,0,9,20,9,38,122,36,106,28,292,40,12,52,344
09/06/2017,BOI,ID,ANM,WE,Combined TRACON& Tower with Radar,133,24,80,16,253,0,1,7,0,8,133,25,87,16,261,6,0,6,267
09/07/2017,BOI,ID,ANM,WE,Combined TRACON& Tower with Radar,135,34,86,18,273,0,3,11,2,16,135,37,97,20,289,8,2,10,299
09/08/2017,BOI,ID,ANM,WE,Combined TRACON& Tower with Radar,138,28,39,20,225,0,3,57,15,75,138,31,96,35,300,49,6,55,355
09/09/2017,BOI,ID,ANM,WE,Combined TRACON& Tower with Radar,103,19,31,19,172,0,7,29,38,74,103,26,60,57,246,40,0,40,286
09/10/2017,BOI,ID,ANM,WE,Combined TRACON& Tower with Radar,127,14,41,5,187,0,11,64,10,85,127,25,105,15,272,45,2,47,319
09/11/2017,BOI,ID,ANM,WE,Combined TRACON& Tower with Radar,124,21,65,7,217,0,8,72,10,90,124,29,137,17,307,76,4,80,387
09/12/2017,BOI,ID,ANM,WE,Combined TRACON& Tower with Radar,131,25,68,3,227,0,10,88,13,111,131,35,156,16,338,44,0,44,382
09/13/2017,BOI,ID,ANM,WE,Combined TRACON& Tower with Radar,131,33,61,26,251,0,9,82,15,106,131,42,143,41,357,66,8,74,431
09/14/2017,BOI,ID,ANM,WE,Combined TRACON& Tower with Radar,131,32,51,13,227,0,6,60,9,75,131,38,111,22,302,45,6,51,353
09/15/2017,BOI,ID,ANM,WE,Combined TRACON& Tower with Radar,130,36,44,20,230,0,4,34,6,44,130,40,78,26,274,20,6,26,300
09/16/2017,BOI,ID,ANM,WE,Combined TRACON& Tower with Radar,101,22,17,1,141,0,4,93,29,126,101,26,110,30,267,104,0,104,371
09/17/2017,BOI,ID,ANM,WE,Combined TRACON& Tower with Radar,121,21,33,13,188,0,3,65,4,72,121,24,98,17,260,38,4,42,302
09/18/2017,BOI,ID,ANM,WE,Combined TRACON& Tower with Radar,116,35,62,13,226,0,6,45,22,73,116,41,107,35,299,32,2,34,333
09/19/2017,BOI,ID,ANM,WE,Combined TRACON& Tower with Radar,125,32,74,21,252,0,2,33,14,49,125,34,107,35,301,58,8,66,367
09/20/2017,BOI,ID,ANM,WE,Combined TRACON& Tower with Radar,132,25,44,16,217,0,0,25,13,38,132,25,69,29,255,28,8,36,291
09/21/2017,BOI,ID,ANM,WE,Combined TRACON& Tower with Radar,135,32,60,12,239,0,3,60,14,77,135,35,120,26,316,29,10,39,355
09/22/2017,BOI,ID,ANM,WE,Combined TRACON& Tower with Radar,134,26,48,19,227,0,2,24,2,28,134,28,72,21,255,54,0,54,309
09/23/2017,BOI,ID,ANM,WE,Combined TRACON& Tower with Radar,103,17,33,5,158,0,0,85,8,93,103,17,118,13,251,42,0,42,293
09/24/2017,BOI,ID,ANM,WE,Combined TRACON& Tower with Radar,120,20,35,6,181,0,5,89,6,100,120,25,124,12,281,41,0,41,322
09/25/2017,BOI,ID,ANM,WE,Combined TRACON& Tower with Radar,122,26,54,11,213,0,5,95,12,112,122,31,149,23,325,72,2,74,399
09/26/2017,BOI,ID,ANM,WE,Combined TRACON& Tower with Radar,126,28,88,15,257,0,5,110,13,128,126,33,198,28,385,104,10,114,499
09/27/2017,BOI,ID,ANM,WE,Combined TRACON& Tower with Radar,135,25,68,15,243,0,4,118,16,138,135,29,186,31,381,104,0,104,485
09/28/2017,BOI,ID,ANM,WE,Combined TRACON& Tower with Radar,129,31,71,16,247,0,5,98,16,119,129,36,169,32,366,144,6,150,516
09/29/2017,BOI,ID,ANM,WE,Combined TRACON& Tower with Radar,129,26,58,27,240,1,6,108,10,125,130,32,166,37,365,48,28,76,441
09/30/2017,BOI,ID,ANM,WE,Combined TRACON& Tower with Radar,105,21,28,7,161,0,2,30,6,38,105,23,58,13,199,22,0,22,221
10/01/2017,BOI,ID,ANM,WE,Combined TRACON& Tower with Radar,111,16,26,17,170,0,2,48,3,53,111,18,74,20,223,8,6,14,237
10/02/2017,BOI,ID,ANM,WE,Combined TRACON& Tower with Radar,119,31,58,14,222,0,1,59,9,69,119,32,117,23,291,11,6,17,308
10/03/2017,BOI,ID,ANM,WE,Combined TRACON& Tower with Radar,124,22,64,14,224,0,4,83,2,89,124,26,147,16,313,64,4,68,381
10/04/2017,BOI,ID,ANM,WE,Combined TRACON& Tower with Radar,120,20,65,15,220,0,5,76,6,87,120,25,141,21,307,88,22,110,417
10/05/2017,BOI,ID,ANM,WE,Combined TRACON& Tower with Radar,129,34,62,15,240,0,5,95,14,114,129,39,157,29,354,139,12,151,505
10/06/2017,BOI,ID,ANM,WE,Combined TRACON& Tower with Radar,126,23,47,7,203,0,9,101,6,116,126,32,148,13,319,36,12,48,367
10/07/2017,BOI,ID,ANM,WE,Combined TRACON& Tower with Radar,104,18,25,8,155,0,9,73,2,84,104,27,98,10,239,70,0,70,309
10/08/2017,BOI,ID,ANM,WE,Combined TRACON& Tower with Radar,112,21,30,0,163,0,1,31,1,33,112,22,61,1,196,8,0,8,204
10/09/2017,BOI,ID,ANM,WE,Combined TRACON& Tower with Radar,114,22,43,13,192,0,3,84,0,87,114,25,127,13,279,106,12,118,397
10/10/2017,BOI,ID,ANM,WE,Combined TRACON& Tower with Radar,129,24,81,33,267,0,3,67,5,75,129,27,148,38,342,114,18,132,474
10/11/2017,BOI,ID,ANM,WE,Combined TRACON& Tower with Radar,120,34,52,17,223,0,4,66,9,79,120,38,118,26,302,50,0,50,352
10/12/2017,BOI,ID,ANM,WE,Combined TRACON& Tower with Radar,130,32,53,12,227,0,3,104,18,125,130,35,157,30,352,62,12,74,426
10/13/2017,BOI,ID,ANM,WE,Combined TRACON& Tower with Radar,129,20,42,16,207,0,5,24,51,80,129,25,66,67,287,14,0,14,301
10/14/2017,BOI,ID,ANM,WE,Combined TRACON& Tower with Radar,101,23,13,0,137,0,10,32,1,43,101,33,45,1,180,0,0,0,180
10/15/2017,BOI,ID,ANM,WE,Combined TRACON& Tower with Radar,119,17,12,4,152,0,6,37,34,77,119,23,49,38,229,0,0,0,229
10/16/2017,BOI,ID,ANM,WE,Combined TRACON& Tower with Radar,124,27,82,14,247,0,14,118,11,143,124,41,200,25,390,90,4,94,484
10/17/2017,BOI,ID,ANM,WE,Combined TRACON& Tower with Radar,124,31,65,17,237,0,10,87,18,115,124,41,152,35,352,60,18,78,430
10/18/2017,BOI,ID,ANM,WE,Combined TRACON& Tower with Radar,125,22,60,15,222,0,7,93,19,119,125,29,153,34,341,116,2,118,459
10/19/2017,BOI,ID,ANM,WE,Combined TRACON& Tower with Radar,131,26,80,20,257,0,9,94,11,114,131,35,174,31,371,88,16,104,475
10/20/2017,BOI,ID,ANM,WE,Combined TRACON& Tower with Radar,128,37,47,2,214,0,3,11,4,18,128,40,58,6,232,8,0,8,240
10/21/2017,BOI,ID,ANM,WE,Combined TRACON& Tower with Radar,109,20,30,0,159,0,3,23,8,34,109,23,53,8,193,34,6,40,233
10/22/2017,BOI,ID,ANM,WE,Combined TRACON& Tower with Radar,122,21,45,3,191,0,1,54,11,66,122,22,99,14,257,77,0,77,334
10/23/2017,BOI,ID,ANM,WE,Combined TRACON& Tower with Radar,122,30,42,15,209,0,11,69,17,97,122,41,111,32,306,48,10,58,364
10/24/2017,BOI,ID,ANM,WE,Combined TRACON& Tower with Radar,123,16,75,15,229,0,2,86,15,103,123,18,161,30,332,114,0,114,446
10/25/2017,BOI,ID,ANM,WE,Combined TRACON& Tower with Radar,125,27,69,14,235,0,10,90,14,114,125,37,159,28,349,119,0,119,468
10/26/2017,BOI,ID,ANM,WE,Combined TRACON& Tower with Radar,125,23,50,14,212,0,11,82,12,105,125,34,132,26,317,76,0,76,393
10/27/2017,BOI,ID,ANM,WE,Combined TRACON& Tower with Radar,130,24,55,12,221,0,9,83,3,95,130,33,138,15,316,70,4,74,390
10/28/2017,BOI,ID,ANM,WE,Combined TRACON& Tower with Radar,103,17,33,0,153,0,7,77,0,84,103,24,110,0,237,42,0,42,279
10/29/2017,BOI,ID,ANM,WE,Combined TRACON& Tower with Radar,119,13,39,4,175,0,11,85,1,97,119,24,124,5,272,22,0,22,294
10/30/2017,BOI,ID,ANM,WE,Combined TRACON& Tower with Radar,120,23,58,14,215,0,9,101,20,130,120,32,159,34,345,88,8,96,441
10/31/2017,BOI,ID,ANM,WE,Combined TRACON& Tower with Radar,120,21,53,15,209,0,5,62,11,78,120,26,115,26,287,76,3,79,366
11/01/2017,BOI,ID,ANM,WE,Combined TRACON& Tower with Radar,124,26,60,6,216,1,4,56,21,82,125,30,116,27,298,50,4,54,352
11/02/2017,BOI,ID,ANM,WE,Combined TRACON& Tower with Radar,139,18,69,26,252,0,5,47,15,67,139,23,116,41,319,116,16,132,451
11/03/2017,BOI,ID,ANM,WE,Combined TRACON& Tower with Radar,127,17,54,5,203,0,3,23,6,32,127,20,77,11,235,57,4,61,296
11/04/2017,BOI,ID,ANM,WE,Combined TRACON& Tower with Radar,124,16,26,8,174,0,2,37,19,58,124,18,63,27,232,8,6,14,246
11/05/2017,BOI,ID,ANM,WE,Combined TRACON& Tower with Radar,113,18,42,13,186,0,1,18,14,33,113,19,60,27,219,30,2,32,251
11/06/2017,BOI,ID,ANM,WE,Combined TRACON& Tower with Radar,129,31,35,7,202,0,2,28,7,37,129,33,63,14,239,54,4,58,297
11/07/2017,BOI,ID,ANM,WE,Combined TRACON& Tower with Radar,129,22,49,2,202,0,5,77,8,90,129,27,126,10,292,78,0,78,370
11/08/2017,BOI,ID,ANM,WE,Combined TRACON& Tower with Radar,130,21,72,18,241,0,2,53,21,76,130,23,125,39,317,32,6,38,355
11/09/2017,BOI,ID,ANM,WE,Combined TRACON& Tower with Radar,140,30,76,31,277,0,3,31,11,45,140,33,107,42,322,34,8,42,364
11/10/2017,BOI,ID,ANM,WE,Combined TRACON& Tower with Radar,135,35,63,4,237,0,0,44,4,48,135,35,107,8,285,34,0,34,319
11/11/2017,BOI,ID,ANM,WE,Combined TRACON& Tower with Radar,121,16,26,2,165,0,6,80,0,86,121,22,106,2,251,80,2,82,333
11/12/2017,BOI,ID,ANM,WE,Combined TRACON& Tower with Radar,122,24,32,2,180,0,3,44,1,48,122,27,76,3,228,28,0,28,256
11/13/2017,BOI,ID,ANM,WE,Combined TRACON& Tower with Radar,129,31,66,15,241,0,12,46,19,77,129,43,112,34,318,46,10,56,374
11/14/2017,BOI,ID,ANM,WE,Combined TRACON& Tower with Radar,133,24,78,18,253,0,7,85,16,108,133,31,163,34,361,68,0,68,429
11/15/2017,BOI,ID,ANM,WE,Combined TRACON& Tower with Radar,135,18,66,14,233,0,2,38,10,50,135,20,104,24,283,62,2,64,347
11/16/2017,BOI,ID,ANM,WE,Combined TRACON& Tower with Radar,134,25,76,14,249,0,17,49,23,89,134,42,125,37,338,60,22,82,420
11/17/2017,BOI,ID,ANM,WE,Combined TRACON& Tower with Radar,141,25,63,10,239,0,0,48,7,55,141,25,111,17,294,56,0,56,350
11/18/2017,BOI,ID,ANM,WE,Combined TRACON& Tower with Radar,118,23,24,6,171,0,10,78,2,90,118,33,102,8,261,62,2,64,325
11/19/2017,BOI,ID,ANM,WE,Combined TRACON& Tower with Radar,126,12,33,5,176,0,3,64,1,68,126,15,97,6,244,80,0,80,324
11/20/2017,BOI,ID,ANM,WE,Combined TRACON& Tower with Radar,126,30,47,17,220,0,0,9,11,20,126,30,56,28,240,35,5,40,280
11/21/2017,BOI,ID,ANM,WE,Combined TRACON& Tower with Radar,147,20,63,14,244,0,6,40,16,62,147,26,103,30,306,64,4,68,374
11/22/2017,BOI,ID,ANM,WE,Combined TRACON& Tower with Radar,135,23,57,11,226,0,5,67,15,87,135,28,124,26,313,42,0,42,355
11/23/2017,BOI,ID,ANM,WE,Combined TRACON& Tower with Radar,88,12,9,0,109,0,6,28,0,34,88,18,37,0,143,38,2,40,183
11/24/2017,BOI,ID,ANM,WE,Combined TRACON& Tower with Radar,106,27,28,0,161,0,5,78,0,83,106,32,106,0,244,86,0,86,330
11/25/2017,BOI,ID,ANM,WE,Combined TRACON& Tower with Radar,128,11,41,0,180,0,6,76,0,82,128,17,117,0,262,30,0,30,292
11/26/2017,BOI,ID,ANM,WE,Combined TRACON& Tower with Radar,138,16,31,0,185,0,3,45,0,48,138,19,76,0,233,42,0,42,275
11/27/2017,BOI,ID,ANM,WE,Combined TRACON& Tower with Radar,132,37,45,11,225,0,15,26,17,58,132,52,71,28,283,48,2,50,333
11/28/2017,BOI,ID,ANM,WE,Combined TRACON& Tower with Radar,130,25,54,37,246,0,11,67,19,97,130,36,121,56,343,48,16,64,407
11/29/2017,BOI,ID,ANM,WE,Combined TRACON& Tower with Radar,125,26,77,16,244,0,5,94,20,119,125,31,171,36,363,70,8,78,441
11/30/2017,BOI,ID,ANM,WE,Combined TRACON& Tower with Radar,135,34,39,31,239,0,8,50,26,84,135,42,89,57,323,62,10,72,395
12/01/2017,BOI,ID,ANM,WE,Combined TRACON& Tower with Radar,143,23,77,9,252,0,5,91,11,107,143,28,168,20,359,78,10,88,447
12/02/2017,BOI,ID,ANM,WE,Combined TRACON& Tower with Radar,111,24,26,11,172,0,6,22,6,34,111,30,48,17,206,18,8,26,232
12/03/2017,BOI,ID,ANM,WE,Combined TRACON& Tower with Radar,122,19,25,1,167,0,0,5,0,5,122,19,30,1,172,0,0,0,172
12/04/2017,BOI,ID,ANM,WE,Combined TRACON& Tower with Radar,131,27,46,18,222,0,2,61,8,71,131,29,107,26,293,83,7,90,383
12/05/2017,BOI,ID,ANM,WE,Combined TRACON& Tower with Radar,129,18,57,3,207,0,1,80,10,91,129,19,137,13,298,96,2,98,396
12/06/2017,BOI,ID,ANM,WE,Combined TRACON& Tower with Radar,130,22,64,11,227,0,2,80,11,93,130,24,144,22,320,83,17,100,420
12/07/2017,BOI,ID,ANM,WE,Combined TRACON& Tower with Radar,137,23,70,15,245,0,6,45,7,58,137,29,115,22,303,48,4,52,355
12/08/2017,BOI,ID,ANM,WE,Combined TRACON& Tower with Radar,132,21,55,17,225,0,1,5,0,6,132,22,60,17,231,9,0,9,240
12/09/2017,BOI,ID,ANM,WE,Combined TRACON& Tower with Radar,112,12,38,2,164,0,2,12,0,14,112,14,50,2,178,0,0,0,178
12/10/2017,BOI,ID,ANM,WE,Combined TRACON& Tower with Radar,123,20,23,0,166,0,1,1,0,2,123,21,24,0,168,4,0,4,172
12/11/2017,BOI,ID,ANM,WE,Combined TRACON& Tower with Radar,125,26,50,14,215,0,0,0,0,0,125,26,50,14,215,0,0,0,215
12/12/2017,BOI,ID,ANM,WE,Combined TRACON& Tower with Radar,133,19,56,23,231,0,0,0,0,0,133,19,56,23,231,0,0,0,231
12/13/2017,BOI,ID,ANM,WE,Combined TRACON& Tower with Radar,132,23,49,3,207,0,0,3,1,4,132,23,52,4,211,0,0,0,211
12/14/2017,BOI,ID,ANM,WE,Combined TRACON& Tower with Radar,135,44,47,4,230,0,0,0,0,0,135,44,47,4,230,0,2,2,232
12/15/2017,BOI,ID,ANM,WE,Combined TRACON& Tower with Radar,140,36,55,15,246,0,2,9,2,13,140,38,64,17,259,32,0,32,291
12/16/2017,BOI,ID,ANM,WE,Combined TRACON& Tower with Radar,116,14,38,2,170,0,3,54,0,57,116,17,92,2,227,150,0,150,377
12/17/2017,BOI,ID,ANM,WE,Combined TRACON& Tower with Radar,128,21,32,0,181,0,5,45,1,51,128,26,77,1,232,140,0,140,372
12/18/2017,BOI,ID,ANM,WE,Combined TRACON& Tower with Radar,144,32,62,10,248,0,6,71,15,92,144,38,133,25,340,92,0,92,432
12/19/2017,BOI,ID,ANM,WE,Combined TRACON& Tower with Radar,145,26,56,18,245,0,5,44,27,76,145,31,100,45,321,64,4,68,389
12/20/2017,BOI,ID,ANM,WE,Combined TRACON& Tower with Radar,150,24,53,8,235,0,1,57,32,90,150,25,110,40,325,48,0,48,373
12/21/2017,BOI,ID,ANM,WE,Combined TRACON& Tower with Radar,140,25,80,16,261,0,1,85,14,100,140,26,165,30,361,80,0,80,441
12/22/2017,BOI,ID,ANM,WE,Combined TRACON& Tower with Radar,143,32,47,1,223,0,0,40,4,44,143,32,87,5,267,58,0,58,325
12/23/2017,BOI,ID,ANM,WE,Combined TRACON& Tower with Radar,131,17,36,0,184,0,0,21,0,21,131,17,57,0,205,2,0,2,207
12/24/2017,BOI,ID,ANM,WE,Combined TRACON& Tower with Radar,118,13,16,0,147,0,3,10,0,13,118,16,26,0,160,0,0,0,160
12/25/2017,BOI,ID,ANM,WE,Combined TRACON& Tower with Radar,105,9,4,0,118,0,0,1,0,1,105,9,5,0,119,0,0,0,119
12/26/2017,BOI,ID,ANM,WE,Combined TRACON& Tower with Radar,136,25,42,0,203,0,1,16,0,17,136,26,58,0,220,26,0,26,246
12/27/2017,BOI,ID,ANM,WE,Combined TRACON& Tower with Radar,141,25,32,4,202,0,2,13,8,23,141,27,45,12,225,46,6,52,277
12/28/2017,BOI,ID,ANM,WE,Combined TRACON& Tower with Radar,146,23,32,10,211,0,0,24,2,26,146,23,56,12,237,28,0,28,265
12/29/2017,BOI,ID,ANM,WE,Combined TRACON& Tower with Radar,141,33,30,12,216,0,1,17,4,22,141,34,47,16,238,48,2,50,288
12/30/2017,BOI,ID,ANM,WE,Combined TRACON& Tower with Radar,130,20,38,0,188,0,4,42,0,46,130,24,80,0,234,40,0,40,274
12/31/2017,BOI,ID,ANM,WE,Combined TRACON& Tower with Radar,111,17,13,0,141,0,3,62,0,65,111,20,75,0,206,60,0,60,266
01/01/2018,BOI,ID,ANM,WE,Combined TRACON& Tower with Radar,118,17,28,0,163,0,6,60,0,66,118,23,88,0,229,62,0,62,291
01/02/2018,BOI,ID,ANM,WE,Combined TRACON& Tower with Radar,134,20,38,14,206,0,1,60,13,74,134,21,98,27,280,72,4,76,356
01/03/2018,BOI,ID,ANM,WE,Combined TRACON& Tower with Radar,137,15,30,32,214,0,4,68,26,98,137,19,98,58,312,110,30,140,452
01/04/2018,BOI,ID,ANM,WE,Combined TRACON& Tower with Radar,139,29,50,20,238,0,5,58,22,85,139,34,108,42,323,88,18,106,429
01/05/2018,BOI,ID,ANM,WE,Combined TRACON& Tower with Radar,134,42,58,29,263,0,3,45,10,58,134,45,103,39,321,0,0,0,321
01/06/2018,BOI,ID,ANM,WE,Combined TRACON& Tower with Radar,123,27,19,5,174,0,0,5,0,5,123,27,24,5,179,0,0,0,179
01/07/2018,BOI,ID,ANM,WE,Combined TRACON& Tower with Radar,118,24,29,4,175,0,1,49,8,58,118,25,78,12,233,60,0,60,293
01/08/2018,BOI,ID,ANM,WE,Combined TRACON& Tower with Radar,130,34,38,10,212,0,2,46,6,54,130,36,84,16,266,112,12,124,390
01/09/2018,BOI,ID,ANM,WE,Combined TRACON& Tower with Radar,129,25,81,21,256,0,4,26,13,43,129,29,107,34,299,38,0,38,337
01/10/2018,BOI,ID,ANM,WE,Combined TRACON& Tower with Radar,134,23,63,12,232,0,8,54,25,87,134,31,117,37,319,34,8,42,361
01/11/2018,BOI,ID,ANM,WE,Combined TRACON& Tower with Radar,126,28,60,8,222,0,0,18,14,32,126,28,78,22,254,28,2,30,284
01/12/2018,BOI,ID,ANM,WE,Combined TRACON& Tower with Radar,115,30,75,59,279,0,4,84,9,97,115,34,159,68,376,99,44,143,519
01/13/2018,BOI,ID,ANM,WE,Combined TRACON& Tower with Radar,104,20,38,10,172,0,2,79,9,90,104,22,117,19,262,86,6,92,354
01/14/2018,BOI,ID,ANM,WE,Combined TRACON& Tower with Radar,115,16,28,6,165,0,1,83,5,89,115,17,111,11,254,100,14,114,368
01/15/2018,BOI,ID,ANM,WE,Combined TRACON& Tower with Radar,119,29,64,0,212,0,3,111,1,115,119,32,175,1,327,131,0,131,458
01/16/2018,BOI,ID,ANM,WE,Combined TRACON& Tower with Radar,120,32,63,20,235,0,3,47,10,60,120,35,110,30,295,94,18,112,407
01/17/2018,BOI,ID,ANM,WE,Combined TRACON& Tower with Radar,130,20,61,18,229,0,5,68,17,90,130,25,129,35,319,58,0,58,377
01/18/2018,BOI,ID,ANM,WE,Combined TRACON& Tower with Radar,128,31,53,10,222,0,3,35,14,52,128,34,88,24,274,50,12,62,336
01/19/2018,BOI,ID,ANM,WE,Combined TRACON& Tower with Radar,129,31,51,4,215,0,1,37,4,42,129,32,88,8,257,36,0,36,293
01/20/2018,BOI,ID,ANM,WE,Combined TRACON& Tower with Radar,103,19,40,8,170,0,4,73,0,77,103,23,113,8,247,95,0,95,342
01/21/2018,BOI,ID,ANM,WE,Combined TRACON& Tower with Radar,115,21,30,2,168,0,0,43,2,45,115,21,73,4,213,34,2,36,249
01/22/2018,BOI,ID,ANM,WE,Combined TRACON& Tower with Radar,121,33,49,2,205,0,2,39,0,41,121,35,88,2,246,97,0,97,343
01/23/2018,BOI,ID,ANM,WE,Combined TRACON& Tower with Radar,120,27,69,12,228,0,1,71,14,86,120,28,140,26,314,124,0,124,438
01/24/2018,BOI,ID,ANM,WE,Combined TRACON& Tower with Radar,122,32,59,38,251,0,2,43,21,66,122,34,102,59,317,56,20,76,393
01/25/2018,BOI,ID,ANM,WE,Combined TRACON& Tower with Radar,130,32,55,20,237,0,3,50,19,72,130,35,105,39,309,30,8,38,347
01/26/2018,BOI,ID,ANM,WE,Combined TRACON& Tower with Radar,128,29,51,2,210,0,5,36,1,42,128,34,87,3,252,52,0,52,304
01/27/2018,BOI,ID,ANM,WE,Combined TRACON& Tower with Radar,101,27,21,6,155,0,0,4,0,4,101,27,25,6,159,5,6,11,170
01/28/2018,BOI,ID,ANM,WE,Combined TRACON& Tower with Radar,105,29,22,1,157,0,0,36,0,36,105,29,58,1,193,126,0,126,319
01/29/2018,BOI,ID,ANM,WE,Combined TRACON& Tower with Radar,124,30,51,19,224,0,5,47,8,60,124,35,98,27,284,104,8,112,396
01/30/2018,BOI,ID,ANM,WE,Combined TRACON& Tower with Radar,126,24,49,16,215,0,6,63,21,90,126,30,112,37,305,46,12,58,363
01/31/2018,BOI,ID,ANM,WE,Combined TRACON& Tower with Radar,126,22,34,16,198,0,0,75,17,92,126,22,109,33,290,91,0,91,381
02/01/2018,BOI,ID,ANM,WE,Combined TRACON& Tower with Radar,128,31,66,15,240,0,1,75,16,92,128,32,141,31,332,116,6,122,454
02/02/2018,BOI,ID,ANM,WE,Combined TRACON& Tower with Radar,129,36,50,7,222,0,2,56,5,63,129,38,106,12,285,58,0,58,343
02/03/2018,BOI,ID,ANM,WE,Combined TRACON& Tower with Radar,104,23,32,0,159,0,5,43,0,48,104,28,75,0,207,34,0,34,241
02/04/2018,BOI,ID,ANM,WE,Combined TRACON& Tower with Radar,111,16,20,1,148,0,7,41,1,49,111,23,61,2,197,133,0,133,330
02/05/2018,BOI,ID,ANM,WE,Combined TRACON& Tower with Radar,118,32,46,23,219,0,8,59,11,78,118,40,105,34,297,40,12,52,349
02/06/2018,BOI,ID,ANM,WE,Combined TRACON& Tower with Radar,128,23,60,23,234,0,2,64,16,82,128,25,124,39,316,59,4,63,379
02/07/2018,BOI,ID,ANM,WE,Combined TRACON& Tower with Radar,129,32,71,3,235,0,1,70,13,84,129,33,141,16,319,110,0,110,429
02/08/2018,BOI,ID,ANM,WE,Combined TRACON& Tower with Radar,139,27,73,5,244,0,12,73,15,100,139,39,146,20,344,70,0,70,414
02/09/2018,BOI,ID,ANM,WE,Combined TRACON& Tower with Radar,130,34,68,7,239,0,8,68,1,77,130,42,136,8,316,42,0,42,358
02/10/2018,BOI,ID,ANM,WE,Combined TRACON& Tower with Radar,104,14,22,5,145,0,4,48,8,60,104,18,70,13,205,54,0,54,259
02/11/2018,BOI,ID,ANM,WE,Combined TRACON& Tower with Radar,118,17,38,6,179,0,3,42,12,57,118,20,80,18,236,84,4,88,324
02/12/2018,BOI,ID,ANM,WE,Combined TRACON& Tower with Radar,124,31,49,45,249,0,5,63,9,77,124,36,112,54,326,120,18,138,464
02/13/2018,BOI,ID,ANM,WE,Combined TRACON& Tower with Radar,129,23,71,24,247,0,4,81,16,101,129,27,152,40,348,112,0,112,460
02/14/2018,BOI,ID,ANM,WE,Combined TRACON& Tower with Radar,134,20,58,13,225,0,2,18,6,26,134,22,76,19,251,32,20,52,303
02/15/2018,BOI,ID,ANM,WE,Combined TRACON& Tower with Radar,141,35,75,31,282,0,3,82,15,100,141,38,157,46,382,75,30,105,487
02/16/2018,BOI,ID,ANM,WE,Combined TRACON& Tower with Radar,143,27,70,18,258,0,7,71,8,86,143,34,141,26,344,63,0,63,407
02/17/2018,BOI,ID,ANM,WE,Combined TRACON& Tower with Radar,114,20,30,0,164,0,2,28,0,30,114,22,58,0,194,12,0,12,206
02/18/2018,BOI,ID,ANM,WE,Combined TRACON& Tower with Radar,121,27,15,0,163,0,1,13,0,14,121,28,28,0,177,24,0,24,201
02/19/2018,BOI,ID,ANM,WE,Combined TRACON& Tower with Radar,126,29,36,0,191,0,5,25,0,30,126,34,61,0,221,16,0,16,237
02/20/2018,BOI,ID,ANM,WE,Combined TRACON& Tower with Radar,133,24,69,45,271,0,5,103,11,119,133,29,172,56,390,114,40,154,544
02/21/2018,BOI,ID,ANM,WE,Combined TRACON& Tower with Radar,132,39,68,13,252,0,5,64,16,85,132,44,132,29,337,129,2,131,468
02/22/2018,BOI,ID,ANM,WE,Combined TRACON& Tower with Radar,133,29,51,18,231,0,1,27,19,47,133,30,78,37,278,14,18,32,310
02/23/2018,BOI,ID,ANM,WE,Combined TRACON& Tower with Radar,136,33,51,25,245,0,5,74,13,92,136,38,125,38,337,30,8,38,375
02/24/2018,BOI,ID,ANM,WE,Combined TRACON& Tower with Radar,111,21,18,0,150,0,2,1,1,4,111,23,19,1,154,0,0,0,154
02/25/2018,BOI,ID,ANM,WE,Combined TRACON& Tower with Radar,121,25,36,0,182,0,3,0,0,3,121,28,36,0,185,0,0,0,185
02/26/2018,BOI,ID,ANM,WE,Combined TRACON& Tower with Radar,127,33,36,6,202,0,1,25,14,40,127,34,61,20,242,38,7,45,287
02/27/2018,BOI,ID,ANM,WE,Combined TRACON& Tower with Radar,131,30,74,9,244,0,2,62,30,94,131,32,136,39,338,64,8,72,410
02/28/2018,BOI,ID,ANM,WE,Combined TRACON& Tower with Radar,131,20,62,22,235,0,4,64,23,91,131,24,126,45,326,31,35,66,392
03/01/2018,BOI,ID,ANM,WE,Combined TRACON& Tower with Radar,133,26,45,16,220,0,1,13,17,31,133,27,58,33,251,14,14,28,279
03/02/2018,BOI,ID,ANM,WE,Combined TRACON& Tower with Radar,137,25,60,4,226,0,3,43,19,65,137,28,103,23,291,72,12,84,375
03/03/2018,BOI,ID,ANM,WE,Combined TRACON& Tower with Radar,114,20,23,9,166,0,1,24,16,41,114,21,47,25,207,24,6,30,237
03/04/2018,BOI,ID,ANM,WE,Combined TRACON& Tower with Radar,120,22,24,5,171,0,2,49,6,57,120,24,73,11,228,42,2,44,272
03/05/2018,BOI,ID,ANM,WE,Combined TRACON& Tower with Radar,128,27,56,29,240,0,4,91,16,111,128,31,147,45,351,62,34,96,447
03/06/2018,BOI,ID,ANM,WE,Combined TRACON& Tower with Radar,130,23,61,12,226,0,1,103,10,114,130,24,164,22,340,86,2,88,428
03/07/2018,BOI,ID,ANM,WE,Combined TRACON& Tower with Radar,132,22,61,4,219,0,4,69,11,84,132,26,130,15,303,88,10,98,401
03/08/2018,BOI,ID,ANM,WE,Combined TRACON& Tower with Radar,127,19,83,29,258,0,2,66,21,89,127,21,149,50,347,36,20,56,403
03/09/2018,BOI,ID,ANM,WE,Combined TRACON& Tower with Radar,133,23,54,5,215,0,1,46,6,53,133,24,100,11,268,45,10,55,323
03/10/2018,BOI,ID,ANM,WE,Combined TRACON& Tower with Radar,113,17,29,3,162,0,2,81,3,86,113,19,110,6,248,74,18,92,340
03/11/2018,BOI,ID,ANM,WE,Combined TRACON& Tower with Radar,125,13,28,5,171,0,2,66,2,70,125,15,94,7,241,36,0,36,277
03/12/2018,BOI,ID,ANM,WE,Combined TRACON& Tower with Radar,138,19,74,6,237,0,4,97,4,105,138,23,171,10,342,100,4,104,446
03/13/2018,BOI,ID,ANM,WE,Combined TRACON& Tower with Radar,145,23,51,8,227,0,2,62,13,77,145,25,113,21,304,56,14,70,374
03/14/2018,BOI,ID,ANM,WE,Combined TRACON& Tower with Radar,139,30,68,7,244,0,3,47,2,52,139,33,115,9,296,101,2,103,399
03/15/2018,BOI,ID,ANM,WE,Combined TRACON& Tower with Radar,141,36,75,17,269,0,2,35,10,47,141,38,110,27,316,90,2,92,408
03/16/2018,BOI,ID,ANM,WE,Combined TRACON& Tower with Radar,145,29,75,8,257,0,4,27,6,37,145,33,102,14,294,62,0,62,356
03/17/2018,BOI,ID,ANM,WE,Combined TRACON& Tower with Radar,121,31,43,3,198,0,0,6,1,7,121,31,49,4,205,18,0,18,223
03/18/2018,BOI,ID,ANM,WE,Combined TRACON& Tower with Radar,127,13,36,10,186,0,2,34,0,36,127,15,70,10,222,50,0,50,272
03/19/2018,BOI,ID,ANM,WE,Combined TRACON& Tower with Radar,134,19,79,17,249,0,4,97,19,120,134,23,176,36,369,138,0,138,507
03/20/2018,BOI,ID,ANM,WE,Combined TRACON& Tower with Radar,135,22,70,28,255,0,5,78,11,94,135,27,148,39,349,70,0,70,419
03/21/2018,BOI,ID,ANM,WE,Combined TRACON& Tower with Radar,131,25,57,25,238,0,5,26,9,40,131,30,83,34,278,39,19,58,336
03/22/2018,BOI,ID,ANM,WE,Combined TRACON& Tower with Radar,142,33,68,14,257,0,5,17,11,33,142,38,85,25,290,12,2,14,304
03/23/2018,BOI,ID,ANM,WE,Combined TRACON& Tower with Radar,140,22,77,5,244,0,3,87,4,94,140,25,164,9,338,137,0,137,475
03/24/2018,BOI,ID,ANM,WE,Combined TRACON& Tower with Radar,116,14,26,4,160,0,5,48,1,54,116,19,74,5,214,34,0,34,248
03/25/2018,BOI,ID,ANM,WE,Combined TRACON& Tower with Radar,125,24,30,2,181,0,5,13,0,18,125,29,43,2,199,8,0,8,207
03/26/2018,BOI,ID,ANM,WE,Combined TRACON& Tower with Radar,134,25,30,10,199,0,7,83,14,104,134,32,113,24,303,64,19,83,386
03/27/2018,BOI,ID,ANM,WE,Combined TRACON& Tower with Radar,139,23,50,13,225,0,6,62,9,77,139,29,112,22,302,94,4,98,400
03/28/2018,BOI,ID,ANM,WE,Combined TRACON& Tower with Radar,136,23,55,22,236,0,14,83,11,108,136,37,138,33,344,106,6,112,456
03/29/2018,BOI,ID,ANM,WE,Combined TRACON& Tower with Radar,142,21,68,36,267,0,15,109,13,137,142,36,177,49,404,150,6,156,560
03/30/2018,BOI,ID,ANM,WE,Combined TRACON& Tower with Radar,144,21,43,12,220,0,8,71,7,86,144,29,114,19,306,42,14,56,362
03/31/2018,BOI,ID,ANM,WE,Combined TRACON& Tower with Radar,115,15,29,8,167,0,11,60,2,73,115,26,89,10,240,34,0,34,274
04/01/2018,BOI,ID,ANM,WE,Combined TRACON& Tower with Radar,123,18,20,0,161,0,0,47,0,47,123,18,67,0,208,86,0,86,294
04/02/2018,BOI,ID,ANM,WE,Combined TRACON& Tower with Radar,139,26,32,5,202,0,4,17,11,32,139,30,49,16,234,0,6,6,240
04/03/2018,BOI,ID,ANM,WE,Combined TRACON& Tower with Radar,138,17,69,14,238,0,6,102,14,122,138,23,171,28,360,58,6,64,424
04/04/2018,BOI,ID,ANM,WE,Combined TRACON& Tower with Radar,134,25,59,13,231,0,1,63,26,90,134,26,122,39,321,54,4,58,379
04/05/2018,BOI,ID,ANM,WE,Combined TRACON& Tower with Radar,140,19,69,7,235,0,3,50,5,58,140,22,119,12,293,96,3,99,392
04/06/2018,BOI,ID,ANM,WE,Combined TRACON& Tower with Radar,141,27,47,9,224,0,2,52,24,78,141,29,99,33,302,96,20,116,418
04/07/2018,BOI,ID,ANM,WE,Combined TRACON& Tower with Radar,116,15,20,11,162,0,2,14,22,38,116,17,34,33,200,16,2,18,218
04/08/2018,BOI,ID,ANM,WE,Combined TRACON& Tower with Radar,125,14,21,5,165,0,7,12,12,31,125,21,33,17,196,18,2,20,216
04/09/2018,BOI,ID,ANM,WE,Combined TRACON& Tower with Radar,138,20,68,10,236,0,6,105,9,120,138,26,173,19,356,126,8,134,490
04/10/2018,BOI,ID,ANM,WE,Combined TRACON& Tower with Radar,135,20,54,16,225,0,7,61,21,89,135,27,115,37,314,112,2,114,428
04/11/2018,BOI,ID,ANM,WE,Combined TRACON& Tower with Radar,138,20,62,22,242,0,8,54,26,88,138,28,116,48,330,40,10,50,380
04/12/2018,BOI,ID,ANM,WE,Combined TRACON& Tower with Radar,140,20,52,23,235,0,2,7,21,30,140,22,59,44,265,6,24,30,295
04/13/2018,BOI,ID,ANM,WE,Combined TRACON& Tower with Radar,142,19,69,26,256,0,7,82,24,113,142,26,151,50,369,112,30,142,511
04/14/2018,BOI,ID,ANM,WE,Combined TRACON& Tower with Radar,120,22,31,1,174,0,5,76,2,83,120,27,107,3,257,68,0,68,325
04/15/2018,BOI,ID,ANM,WE,Combined TRACON& Tower with Radar,121,15,32,0,168,0,2,39,1,42,121,17,71,1,210,28,0,28,238
04/16/2018,BOI,ID,ANM,WE,Combined TRACON& Tower with Radar,146,23,62,28,259,0,3,34,36,73,146,26,96,64,332,22,30,52,384
04/17/2018,BOI,ID,ANM,WE,Combined TRACON& Tower with Radar,141,17,53,7,218,0,7,66,25,98,141,24,119,32,316,104,14,118,434
04/18/2018,BOI,ID,ANM,WE,Combined TRACON& Tower with Radar,133,17,74,16,240,0,1,83,19,103,133,18,157,35,343,97,4,101,444
04/19/2018,BOI,ID,ANM,WE,Combined TRACON& Tower with Radar,140,25,48,11,224,0,6,55,19,80,140,31,103,30,304,47,13,60,364
04/20/2018,BOI,ID,ANM,WE,Combined TRACON& Tower with Radar,137,23,60,2,222,0,2,79,14,95,137,25,139,16,317,51,0,51,368
04/21/2018,BOI,ID,ANM,WE,Combined TRACON& Tower with Radar,116,21,36,3,176,0,8,102,22,132,116,29,138,25,308,47,0,47,355
04/22/2018,BOI,ID,ANM,WE,Combined TRACON& Tower with Radar,125,17,23,1,166,0,6,79,11,96,125,23,102,12,262,36,0,36,298
04/23/2018,BOI,ID,ANM,WE,Combined TRACON& Tower with Radar,135,19,47,10,211,0,1,71,31,103,135,20,118,41,314,88,2,90,404
04/24/2018,BOI,ID,ANM,WE,Combined TRACON& Tower with Radar,138,14,78,17,247,0,6,96,24,126,138,20,174,41,373,76,0,76,449
04/25/2018,BOI,ID,ANM,WE,Combined TRACON& Tower with Radar,138,17,60,8,223,0,3,113,23,139,138,20,173,31,362,69,0,69,431
04/26/2018,BOI,ID,ANM,WE,Combined TRACON& Tower with Radar,144,22,64,16,246,0,9,102,30,141,144,31,166,46,387,80,14,94,481
04/27/2018,BOI,ID,ANM,WE,Combined TRACON& Tower with Radar,140,19,50,3,212,0,6,73,7,86,140,25,123,10,298,60,0,60,358
04/28/2018,BOI,ID,ANM,WE,Combined TRACON& Tower with Radar,118,19,16,0,153,0,6,81,6,93,118,25,97,6,246,96,0,96,342
04/29/2018,BOI,ID,ANM,WE,Combined TRACON& Tower with Radar,126,12,28,1,167,0,8,29,4,41,126,20,57,5,208,32,0,32,240
04/30/2018,BOI,ID,ANM,WE,Combined TRACON& Tower with Radar,141,20,37,13,211,0,3,33,17,53,141,23,70,30,264,78,0,78,342
05/01/2018,BOI,ID,ANM,WE,Combined TRACON& Tower with Radar,139,20,52,5,216,0,5,59,19,83,139,25,111,24,299,48,4,52,351
05/02/2018,BOI,ID,ANM,WE,Combined TRACON& Tower with Radar,135,18,35,9,197,0,6,74,30,110,135,24,109,39,307,77,0,77,384
05/03/2018,BOI,ID,ANM,WE,Combined TRACON& Tower with Radar,152,19,46,6,223,0,10,76,28,114,152,29,122,34,337,66,12,78,415
05/04/2018,BOI,ID,ANM,WE,Combined TRACON& Tower with Radar,144,19,68,11,242,0,5,91,31,127,144,24,159,42,369,38,12,50,419
05/05/2018,BOI,ID,ANM,WE,Combined TRACON& Tower with Radar,118,21,31,12,182,0,5,60,20,85,118,26,91,32,267,24,10,34,301
05/06/2018,BOI,ID,ANM,WE,Combined TRACON& Tower with Radar,130,14,35,11,190,0,4,47,18,69,130,18,82,29,259,52,8,60,319
05/07/2018,BOI,ID,ANM,WE,Combined TRACON& Tower with Radar,135,22,33,9,199,0,3,71,18,92,135,25,104,27,291,72,2,74,365
05/08/2018,BOI,ID,ANM,WE,Combined TRACON& Tower with Radar,141,24,61,3,229,0,5,101,20,126,141,29,162,23,355,102,6,108,463
05/09/2018,BOI,ID,ANM,WE,Combined TRACON& Tower with Radar,135,22,75,12,244,0,0,71,18,89,135,22,146,30,333,50,9,59,392
05/10/2018,BOI,ID,ANM,WE,Combined TRACON& Tower with Radar,149,23,69,16,257,0,9,71,37,117,149,32,140,53,374,69,16,85,459
05/11/2018,BOI,ID,ANM,WE,Combined TRACON& Tower with Radar,140,22,57,7,226,0,6,12,11,29,140,28,69,18,255,8,0,8,263
05/12/2018,BOI,ID,ANM,WE,Combined TRACON& Tower with Radar,115,21,23,4,163,0,4,55,0,59,115,25,78,4,222,46,0,46,268
05/13/2018,BOI,ID,ANM,WE,Combined TRACON& Tower with Radar,122,21,29,4,176,0,6,34,0,40,122,27,63,4,216,28,0,28,244
05/14/2018,BOI,ID,ANM,WE,Combined TRACON& Tower with Radar,136,21,69,9,235,0,6,115,25,146,136,27,184,34,381,56,8,64,445
05/15/2018,BOI,ID,ANM,WE,Combined TRACON& Tower with Radar,137,19,65,6,227,0,5,63,19,87,137,24,128,25,314,86,6,92,406
05/16/2018,BOI,ID,ANM,WE,Combined TRACON& Tower with Radar,138,22,75,7,242,0,5,76,17,98,138,27,151,24,340,42,0,42,382
05/17/2018,BOI,ID,ANM,WE,Combined TRACON& Tower with Radar,143,31,57,6,237,0,3,80,20,103,143,34,137,26,340,50,0,50,390
05/18/2018,BOI,ID,ANM,WE,Combined TRACON& Tower with Radar,147,17,78,3,245,0,2,79,7,88,147,19,157,10,333,108,0,108,441
05/19/2018,BOI,ID,ANM,WE,Combined TRACON& Tower with Radar,113,15,44,6,178,0,5,103,10,118,113,20,147,16,296,70,16,86,382
05/20/2018,BOI,ID,ANM,WE,Combined TRACON& Tower with Radar,116,23,15,1,155,0,0,26,0,26,116,23,41,1,181,4,0,4,185
05/21/2018,BOI,ID,ANM,WE,Combined TRACON& Tower with Radar,140,26,56,9,231,0,4,100,13,117,140,30,156,22,348,94,4,98,446
05/22/2018,BOI,ID,ANM,WE,Combined TRACON& Tower with Radar,142,24,66,8,240,0,10,66,30,106,142,34,132,38,346,62,4,66,412
05/23/2018,BOI,ID,ANM,WE,Combined TRACON& Tower with Radar,135,38,58,11,242,0,2,64,26,92,135,40,122,37,334,168,6,174,508
05/24/2018,BOI,ID,ANM,WE,Combined TRACON& Tower with Radar,145,24,58,8,235,0,11,101,19,131,145,35,159,27,366,81,6,87,453
05/25/2018,BOI,ID,ANM,WE,Combined TRACON& Tower with Radar,138,30,49,2,219,0,12,92,14,118,138,42,141,16,337,88,0,88,425
05/26/2018,BOI,ID,ANM,WE,Combined TRACON& Tower with Radar,115,24,32,0,171,0,12,56,0,68,115,36,88,0,239,64,0,64,303
05/27/2018,BOI,ID,ANM,WE,Combined TRACON& Tower with Radar,115,18,4,1,138,0,5,44,2,51,115,23,48,3,189,26,0,26,215
05/28/2018,BOI,ID,ANM,WE,Combined TRACON& Tower with Radar,128,16,31,0,175,0,1,71,6,78,128,17,102,6,253,94,6,100,353
05/29/2018,BOI,ID,ANM,WE,Combined TRACON& Tower with Radar,138,26,72,7,243,0,7,100,4,111,138,33,172,11,354,86,2,88,442
05/30/2018,BOI,ID,ANM,WE,Combined TRACON& Tower with Radar,140,25,55,6,226,0,10,83,8,101,140,35,138,14,327,68,2,70,397
05/31/2018,BOI,ID,ANM,WE,Combined TRACON& Tower with Radar,140,30,52,14,236,0,3,59,24,86,140,33,111,38,322,46,4,50,372
06/01/2018,BOI,ID,ANM,WE,Combined TRACON& Tower with Radar,143,26,62,12,243,0,12,93,16,121,143,38,155,28,364,82,14,96,460
06/02/2018,BOI,ID,ANM,WE,Combined TRACON& Tower with Radar,115,20,26,1,162,0,4,95,10,109,115,24,121,11,271,40,8,48,319
06/03/2018,BOI,ID,ANM,WE,Combined TRACON& Tower with Radar,129,12,15,12,168,0,8,77,10,95,129,20,92,22,263,18,0,18,281
06/04/2018,BOI,ID,ANM,WE,Combined TRACON& Tower with Radar,144,25,47,11,227,0,7,88,11,106,144,32,135,22,333,20,0,20,353
06/05/2018,BOI,ID,ANM,WE,Combined TRACON& Tower with Radar,141,23,52,12,228,0,8,111,8,127,141,31,163,20,355,88,0,88,443
06/06/2018,BOI,ID,ANM,WE,Combined TRACON& Tower with Radar,143,25,58,4,230,0,9,101,6,116,143,34,159,10,346,121,0,121,467
06/07/2018,BOI,ID,ANM,WE,Combined TRACON& Tower with Radar,152,20,59,23,254,0,10,78,24,112,152,30,137,47,366,49,16,65,431
06/08/2018,BOI,ID,ANM,WE,Combined TRACON& Tower with Radar,148,14,65,4,231,0,8,133,3,144,148,22,198,7,375,40,0,40,415
06/09/2018,BOI,ID,ANM,WE,Combined TRACON& Tower with Radar,141,19,23,3,186,0,2,61,7,70,141,21,84,10,256,14,0,14,270
06/10/2018,BOI,ID,ANM,WE,Combined TRACON& Tower with Radar,140,20,22,4,186,0,6,51,5,62,140,26,73,9,248,38,0,38,286
06/11/2018,BOI,ID,ANM,WE,Combined TRACON& Tower with Radar,161,20,48,1,230,0,10,92,7,109,161,30,140,8,339,55,0,55,394
06/12/2018,BOI,ID,ANM,WE,Combined TRACON& Tower with Radar,155,18,48,6,227,0,4,125,11,140,155,22,173,17,367,40,2,42,409
06/13/2018,BOI,ID,ANM,WE,Combined TRACON& Tower with Radar,152,19,41,16,228,0,12,72,24,108,152,31,113,40,336,48,16,64,400
06/14/2018,BOI,ID,ANM,WE,Combined TRACON& Tower with Radar,157,20,56,3,236,0,5,91,23,119,157,25,147,26,355,74,6,80,435
06/15/2018,BOI,ID,ANM,WE,Combined TRACON& Tower with Radar,157,17,63,11,248,0,9,131,15,155,157,26,194,26,403,80,10,90,493
06/16/2018,BOI,ID,ANM,WE,Combined TRACON& Tower with Radar,140,10,26,1,177,0,3,52,1,56,140,13,78,2,233,20,2,22,255
06/17/2018,BOI,ID,ANM,WE,Combined TRACON& Tower with Radar,147,13,40,2,202,0,2,6,5,13,147,15,46,7,215,0,1,1,216
06/18/2018,BOI,ID,ANM,WE,Combined TRACON& Tower with Radar,150,23,75,2,250,0,7,40,23,70,150,30,115,25,320,46,6,52,372
06/19/2018,BOI,ID,ANM,WE,Combined TRACON& Tower with Radar,151,10,67,4,232,0,13,110,10,133,151,23,177,14,365,146,0,146,511
06/20/2018,BOI,ID,ANM,WE,Combined TRACON& Tower with Radar,149,24,63,0,236,0,5,125,12,142,149,29,188,12,378,80,0,80,458
06/21/2018,BOI,ID,ANM,WE,Combined TRACON& Tower with Radar,154,21,57,5,237,0,11,96,10,117,154,32,153,15,354,74,2,76,430
06/22/2018,BOI,ID,ANM,WE,Combined TRACON& Tower with Radar,156,13,54,8,231,0,8,137,3,148,156,21,191,11,379,44,10,54,433
06/23/2018,BOI,ID,ANM,WE,Combined TRACON& Tower with Radar,143,20,23,0,186,0,4,73,6,83,143,24,96,6,269,38,0,38,307
06/24/2018,BOI,ID,ANM,WE,Combined TRACON& Tower with Radar,149,16,36,9,210,0,12,109,4,125,149,28,145,13,335,52,0,52,387
06/25/2018,BOI,ID,ANM,WE,Combined TRACON& Tower with Radar,156,14,56,7,233,0,5,103,6,114,156,19,159,13,347,60,6,66,413
06/26/2018,BOI,ID,ANM,WE,Combined TRACON& Tower with Radar,156,11,74,8,249,0,10,117,24,151,156,21,191,32,400,50,4,54,454
06/27/2018,BOI,ID,ANM,WE,Combined TRACON& Tower with Radar,153,18,51,19,241,0,13,100,19,132,153,31,151,38,373,60,15,75,448
06/28/2018,BOI,ID,ANM,WE,Combined TRACON& Tower with Radar,153,15,51,7,226,0,18,92,15,125,153,33,143,22,351,69,6,75,426
06/29/2018,BOI,ID,ANM,WE,Combined TRACON& Tower with Radar,157,11,55,10,233,0,7,119,7,133,157,18,174,17,366,54,2,56,422
06/30/2018,BOI,ID,ANM,WE,Combined TRACON& Tower with Radar,139,13,26,3,181,3,18,104,11,136,142,31,130,14,317,60,0,60,377
07/01/2018,BOI,ID,ANM,WE,Combined TRACON& Tower with Radar,137,11,34,2,184,0,8,114,2,124,137,19,148,4,308,22,0,22,330
07/02/2018,BOI,ID,ANM,WE,Combined TRACON& Tower with Radar,148,12,48,20,228,0,16,92,17,125,148,28,140,37,353,34,14,48,401
07/03/2018,BOI,ID,ANM,WE,Combined TRACON& Tower with Radar,148,11,42,9,210,0,10,90,13,113,148,21,132,22,323,82,12,94,417
07/04/2018,BOI,ID,ANM,WE,Combined TRACON& Tower with Radar,117,9,13,4,143,0,17,83,22,122,117,26,96,26,265,86,6,92,357
07/05/2018,BOI,ID,ANM,WE,Combined TRACON& Tower with Radar,145,6,31,5,187,0,17,100,10,127,145,23,131,15,314,88,0,88,402
07/06/2018,BOI,ID,ANM,WE,Combined TRACON& Tower with Radar,152,8,55,8,223,0,14,85,12,111,152,22,140,20,334,34,21,55,389
07/07/2018,BOI,ID,ANM,WE,Combined TRACON& Tower with Radar,148,8,14,2,172,0,11,110,3,124,148,19,124,5,296,58,0,58,354
07/08/2018,BOI,ID,ANM,WE,Combined TRACON& Tower with Radar,146,14,43,2,205,0,15,79,14,108,146,29,122,16,313,30,0,30,343
07/09/2018,BOI,ID,ANM,WE,Combined TRACON& Tower with Radar,153,16,51,12,232,0,15,108,15,138,153,31,159,27,370,170,0,170,540
07/10/2018,BOI,ID,ANM,WE,Combined TRACON& Tower with Radar,163,23,56,10,252,0,18,113,17,148,163,41,169,27,400,86,0,86,486
07/11/2018,BOI,ID,ANM,WE,Combined TRACON& Tower with Radar,160,16,67,16,259,0,9,126,25,160,160,25,193,41,419,114,4,118,537
07/12/2018,BOI,ID,ANM,WE,Combined TRACON& Tower with Radar,155,21,77,20,273,0,23,134,24,181,155,44,211,44,454,80,4,84,538
07/13/2018,BOI,ID,ANM,WE,Combined TRACON& Tower with Radar,161,16,70,16,263,0,14,135,19,168,161,30,205,35,431,83,0,83,514
07/14/2018,BOI,ID,ANM,WE,Combined TRACON& Tower with Radar,146,13,37,7,203,4,27,136,22,189,150,40,173,29,392,94,2,96,488
07/15/2018,BOI,ID,ANM,WE,Combined TRACON& Tower with Radar,146,17,43,6,212,3,21,91,50,165,149,38,134,56,377,46,0,46,423
07/16/2018,BOI,ID,ANM,WE,Combined TRACON& Tower with Radar,152,21,42,11,226,5,35,101,27,168,157,56,143,38,394,64,0,64,458
07/17/2018,BOI,ID,ANM,WE,Combined TRACON& Tower with Radar,158,23,53,20,254,1,18,110,38,167,159,41,163,58,421,86,2,88,509
07/18/2018,BOI,ID,ANM,WE,Combined TRACON& Tower with Radar,157,20,85,22,284,0,10,102,26,138,157,30,187,48,422,114,12,126,548
07/19/2018,BOI,ID,ANM,WE,Combined TRACON& Tower with Radar,164,25,75,23,287,1,17,108,27,153,165,42,183,50,440,65,2,67,507
07/20/2018,BOI,ID,ANM,WE,Combined TRACON& Tower with Radar,159,16,36,18,229,0,11,113,21,145,159,27,149,39,374,59,6,65,439
07/21/2018,BOI,ID,ANM,WE,Combined TRACON& Tower with Radar,152,9,27,9,197,0,7,109,24,140,152,16,136,33,337,56,0,56,393
07/22/2018,BOI,ID,ANM,WE,Combined TRACON& Tower with Radar,143,6,35,6,190,0,15,93,43,151,143,21,128,49,341,66,0,66,407
07/23/2018,BOI,ID,ANM,WE,Combined TRACON& Tower with Radar,154,22,62,3,241,7,13,92,15,127,161,35,154,18,368,86,4,90,458
07/24/2018,BOI,ID,ANM,WE,Combined TRACON& Tower with Radar,159,13,60,20,252,14,23,134,17,188,173,36,194,37,440,56,0,56,496
07/25/2018,BOI,ID,ANM,WE,Combined TRACON& Tower with Radar,164,14,44,30,252,1,24,101,33,159,165,38,145,63,411,46,6,52,463
07/26/2018,BOI,ID,ANM,WE,Combined TRACON& Tower with Radar,164,15,65,20,264,30,33,133,88,284,194,48,198,108,548,38,0,38,586
07/27/2018,BOI,ID,ANM,WE,Combined TRACON& Tower with Radar,155,17,74,20,266,3,25,124,28,180,158,42,198,48,446,90,10,100,546
07/28/2018,BOI,ID,ANM,WE,Combined TRACON& Tower with Radar,150,13,35,3,201,0,15,110,25,150,150,28,145,28,351,70,0,70,421
07/29/2018,BOI,ID,ANM,WE,Combined TRACON& Tower with Radar,142,14,27,3,186,0,25,98,10,133,142,39,125,13,319,14,4,18,337
07/30/2018,BOI,ID,ANM,WE,Combined TRACON& Tower with Radar,158,13,55,15,241,0,14,105,15,134,158,27,160,30,375,40,2,42,417
07/31/2018,BOI,ID,ANM,WE,Combined TRACON& Tower with Radar,162,19,72,24,277,0,12,82,16,110,162,31,154,40,387,68,18,86,473
08/01/2018,BOI,ID,ANM,WE,Combined TRACON& Tower with Radar,161,17,62,7,247,0,16,88,20,124,161,33,150,27,371,104,0,104,475
08/02/2018,BOI,ID,ANM,WE,Combined TRACON& Tower with Radar,157,26,65,9,257,0,22,109,13,144,157,48,174,22,401,110,10,120,521
08/03/2018,BOI,ID,ANM,WE,Combined TRACON& Tower with Radar,157,24,46,12,239,0,24,87,17,128,157,48,133,29,367,70,4,74,441
08/04/2018,BOI,ID,ANM,WE,Combined TRACON& Tower with Radar,145,11,21,15,192,0,12,86,9,107,145,23,107,24,299,6,10,16,315
08/05/2018,BOI,ID,ANM,WE,Combined TRACON& Tower with Radar,147,14,37,10,208,0,16,88,11,115,147,30,125,21,323,42,0,42,365
08/06/2018,BOI,ID,ANM,WE,Combined TRACON& Tower with Radar,158,22,43,13,236,0,20,115,4,139,158,42,158,17,375,0,0,0,375
08/07/2018,BOI,ID,ANM,WE,Combined TRACON& Tower with Radar,159,11,59,7,236,2,19,98,18,137,161,30,157,25,373,62,14,76,449
08/08/2018,BOI,ID,ANM,WE,Combined TRACON& Tower with Radar,154,20,68,14,256,1,13,108,23,145,155,33,176,37,401,46,4,50,451
08/09/2018,BOI,ID,ANM,WE,Combined TRACON& Tower with Radar,158,19,63,22,262,7,20,83,23,133,165,39,146,45,395,38,6,44,439
08/10/2018,BOI,ID,ANM,WE,Combined TRACON& Tower with Radar,160,15,61,12,248,0,12,95,9,116,160,27,156,21,364,24,4,28,392
08/11/2018,BOI,ID,ANM,WE,Combined TRACON& Tower with Radar,146,8,29,5,188,1,22,74,28,125,147,30,103,33,313,16,8,24,337
08/12/2018,BOI,ID,ANM,WE,Combined TRACON& Tower with Radar,137,8,39,6,190,0,7,93,12,112,137,15,132,18,302,58,4,62,364
08/13/2018,BOI,ID,ANM,WE,Combined TRACON& Tower with Radar,156,14,72,11,253,1,16,98,15,130,157,30,170,26,383,121,4,125,508
08/14/2018,BOI,ID,ANM,WE,Combined TRACON& Tower with Radar,162,16,69,9,256,0,19,93,19,131,162,35,162,28,387,18,2,20,407
08/15/2018,BOI,ID,ANM,WE,Combined TRACON& Tower with Radar,161,17,77,16,271,0,10,104,26,140,161,27,181,42,411,48,2,50,461
08/16/2018,BOI,ID,ANM,WE,Combined TRACON& Tower with Radar,164,16,59,9,248,1,10,91,17,119,165,26,150,26,367,66,4,70,437
08/17/2018,BOI,ID,ANM,WE,Combined TRACON& Tower with Radar,153,15,73,11,252,0,21,128,31,180,153,36,201,42,432,91,2,93,525
08/18/2018,BOI,ID,ANM,WE,Combined TRACON& Tower with Radar,143,10,34,2,189,0,24,97,9,130,143,34,131,11,319,46,0,46,365
08/19/2018,BOI,ID,ANM,WE,Combined TRACON& Tower with Radar,141,10,37,1,189,2,16,72,16,106,143,26,109,17,295,56,0,56,351
08/20/2018,BOI,ID,ANM,WE,Combined TRACON& Tower with Radar,148,28,62,23,261,0,12,59,19,90,148,40,121,42,351,50,4,54,405
08/21/2018,BOI,ID,ANM,WE,Combined TRACON& Tower with Radar,159,15,81,10,265,0,4,48,24,76,159,19,129,34,341,58,12,70,411
08/22/2018,BOI,ID,ANM,WE,Combined TRACON& Tower with Radar,146,24,65,18,253,1,14,60,18,93,147,38,125,36,346,34,2,36,382
08/23/2018,BOI,ID,ANM,WE,Combined TRACON& Tower with Radar,145,15,79,24,263,2,13,92,17,124,147,28,171,41,387,76,0,76,463
08/24/2018,BOI,ID,ANM,WE,Combined TRACON& Tower with Radar,151,19,56,15,241,0,11,86,14,111,151,30,142,29,352,62,2,64,416
08/25/2018,BOI,ID,ANM,WE,Combined TRACON& Tower with Radar,127,10,16,3,156,0,18,64,14,96,127,28,80,17,252,20,6,26,278
08/26/2018,BOI,ID,ANM,WE,Combined TRACON& Tower with Radar,130,11,34,5,180,1,14,80,12,107,131,25,114,17,287,24,0,24,311
08/27/2018,BOI,ID,ANM,WE,Combined TRACON& Tower with Radar,133,22,62,17,234,0,7,72,15,94,133,29,134,32,328,57,3,60,388
08/28/2018,BOI,ID,ANM,WE,Combined TRACON& Tower with Radar,142,12,63,12,229,0,21,125,24,170,142,33,188,36,399,134,18,152,551
08/29/2018,BOI,ID,ANM,WE,Combined TRACON& Tower with Radar,140,27,67,14,248,0,14,124,17,155,140,41,191,31,403,145,4,149,552
08/30/2018,BOI,ID,ANM,WE,Combined TRACON& Tower with Radar,146,18,76,17,257,0,10,121,21,152,146,28,197,38,409,44,6,50,459
08/31/2018,BOI,ID,ANM,WE,Combined TRACON& Tower with Radar,139,21,64,2,226,2,21,140,11,174,141,42,204,13,400,64,0,64,464
09/01/2018,BOI,ID,ANM,WE,Combined TRACON& Tower with Radar,112,10,18,0,140,0,8,90,1,99,112,18,108,1,239,28,0,28,267
09/02/2018,BOI,ID,ANM,WE,Combined TRACON& Tower with Radar,98,15,23,0,136,0,10,76,0,86,98,25,99,0,222,6,0,6,228
09/03/2018,BOI,ID,ANM,WE,Combined TRACON& Tower with Radar,119,9,44,0,172,0,20,106,1,127,119,29,150,1,299,28,0,28,327
09/04/2018,BOI,ID,ANM,WE,Combined TRACON& Tower with Radar,130,20,59,7,216,0,7,86,19,112,130,27,145,26,328,44,4,48,376
09/05/2018,BOI,ID,ANM,WE,Combined TRACON& Tower with Radar,136,18,83,7,244,0,17,84,14,115,136,35,167,21,359,52,0,52,411
09/06/2018,BOI,ID,ANM,WE,Combined TRACON& Tower with Radar,144,23,70,15,252,0,5,104,18,127,144,28,174,33,379,34,10,44,423
09/07/2018,BOI,ID,ANM,WE,Combined TRACON& Tower with Radar,133,18,41,6,198,1,25,138,38,202,134,43,179,44,400,57,0,57,457
09/08/2018,BOI,ID,ANM,WE,Combined TRACON& Tower with Radar,120,6,32,5,163,0,13,103,23,139,120,19,135,28,302,16,0,16,318
09/09/2018,BOI,ID,ANM,WE,Combined TRACON& Tower with Radar,125,10,39,3,177,0,18,89,12,119,125,28,128,15,296,6,0,6,302
09/10/2018,BOI,ID,ANM,WE,Combined TRACON& Tower with Radar,135,12,49,0,196,1,18,104,15,138,136,30,153,15,334,50,1,51,385
09/11/2018,BOI,ID,ANM,WE,Combined TRACON& Tower with Radar,137,19,45,2,203,0,16,112,17,145,137,35,157,19,348,82,8,90,438
09/12/2018,BOI,ID,ANM,WE,Combined TRACON& Tower with Radar,134,24,56,8,222,0,4,117,20,141,134,28,173,28,363,48,1,49,412
09/13/2018,BOI,ID,ANM,WE,Combined TRACON& Tower with Radar,145,17,65,11,238,0,9,101,20,130,145,26,166,31,368,39,2,41,409
09/14/2018,BOI,ID,ANM,WE,Combined TRACON& Tower with Radar,142,19,64,10,235,0,15,101,9,125,142,34,165,19,360,46,0,46,406
09/15/2018,BOI,ID,ANM,WE,Combined TRACON& Tower with Radar,126,12,23,4,165,0,14,92,2,108,126,26,115,6,273,86,0,86,359
09/16/2018,BOI,ID,ANM,WE,Combined TRACON& Tower with Radar,126,11,31,1,169,0,7,81,5,93,126,18,112,6,262,12,0,12,274
09/17/2018,BOI,ID,ANM,WE,Combined TRACON& Tower with Radar,137,15,67,9,228,0,11,82,14,107,137,26,149,23,335,32,10,42,377
09/18/2018,BOI,ID,ANM,WE,Combined TRACON& Tower with Radar,139,22,43,12,216,0,5,103,11,119,139,27,146,23,335,42,4,46,381
09/19/2018,BOI,ID,ANM,WE,Combined TRACON& Tower with Radar,135,28,56,7,226,0,15,88,22,125,135,43,144,29,351,56,0,56,407
09/20/2018,BOI,ID,ANM,WE,Combined TRACON& Tower with Radar,141,20,44,5,210,1,7,109,21,138,142,27,153,26,348,66,2,68,416
09/21/2018,BOI,ID,ANM,WE,Combined TRACON& Tower with Radar,141,17,59,23,240,1,11,103,17,132,142,28,162,40,372,115,20,135,507
09/22/2018,BOI,ID,ANM,WE,Combined TRACON& Tower with Radar,127,12,20,17,176,4,6,90,25,125,131,18,110,42,301,30,0,30,331
09/23/2018,BOI,ID,ANM,WE,Combined TRACON& Tower with Radar,125,7,31,8,171,2,10,59,11,82,127,17,90,19,253,24,0,24,277
09/24/2018,BOI,ID,ANM,WE,Combined TRACON& Tower with Radar,133,18,44,27,222,0,8,74,27,109,133,26,118,54,331,36,32,68,399
09/25/2018,BOI,ID,ANM,WE,Combined TRACON& Tower with Radar,141,26,47,16,230,0,10,69,21,100,141,36,116,37,330,80,10,90,420
09/26/2018,BOI,ID,ANM,WE,Combined TRACON& Tower with Radar,135,17,62,19,233,0,2,81,20,103,135,19,143,39,336,110,0,110,446
09/27/2018,BOI,ID,ANM,WE,Combined TRACON& Tower with Radar,140,18,57,17,232,0,11,104,12,127,140,29,161,29,359,49,4,53,412
09/28/2018,BOI,ID,ANM,WE,Combined TRACON& Tower with Radar,146,26,65,9,246,0,18,115,11,144,146,44,180,20,390,47,6,53,443
09/29/2018,BOI,ID,ANM,WE,Combined TRACON& Tower with Radar,120,16,30,1,167,6,8,98,23,135,126,24,128,24,302,82,0,82,384
09/30/2018,BOI,ID,ANM,WE,Combined TRACON& Tower with Radar,125,22,31,2,180,0,12,67,21,100,125,34,98,23,280,32,0,32,312
10/01/2018,BOI,ID,ANM,WE,Combined TRACON& Tower with Radar,135,20,55,44,254,2,4,95,17,118,137,24,150,61,372,92,8,100,472
10/02/2018,BOI,ID,ANM,WE,Combined TRACON& Tower with Radar,140,14,76,19,249,1,1,101,17,120,141,15,177,36,369,80,0,80,449
10/03/2018,BOI,ID,ANM,WE,Combined TRACON& Tower with Radar,132,19,64,19,234,0,15,92,13,120,132,34,156,32,354,84,6,90,444
10/04/2018,BOI,ID,ANM,WE,Combined TRACON& Tower with Radar,141,24,75,18,258,0,4,27,4,35,141,28,102,22,293,26,0,26,319
10/05/2018,BOI,ID,ANM,WE,Combined TRACON& Tower with Radar,150,21,88,9,268,0,12,107,15,134,150,33,195,24,402,26,0,26,428
10/06/2018,BOI,ID,ANM,WE,Combined TRACON& Tower with Radar,122,24,28,4,178,0,4,30,5,39,122,28,58,9,217,8,0,8,225
10/07/2018,BOI,ID,ANM,WE,Combined TRACON& Tower with Radar,132,20,39,7,198,0,7,58,18,83,132,27,97,25,281,18,0,18,299
10/08/2018,BOI,ID,ANM,WE,Combined TRACON& Tower with Radar,143,21,62,16,242,0,9,97,16,122,143,30,159,32,364,92,2,94,458
10/09/2018,BOI,ID,ANM,WE,Combined TRACON& Tower with Radar,144,19,49,6,218,0,2,7,0,9,144,21,56,6,227,6,0,6,233
10/10/2018,BOI,ID,ANM,WE,Combined TRACON& Tower with Radar,137,27,62,24,250,0,10,51,21,82,137,37,113,45,332,47,2,49,381
10/11/2018,BOI,ID,ANM,WE,Combined TRACON& Tower with Radar,141,18,63,22,244,0,10,137,28,175,141,28,200,50,419,81,4,85,504
10/12/2018,BOI,ID,ANM,WE,Combined TRACON& Tower with Radar,145,26,70,10,251,0,8,143,14,165,145,34,213,24,416,72,2,74,490
10/13/2018,BOI,ID,ANM,WE,Combined TRACON& Tower with Radar,122,16,20,15,173,0,9,64,23,96,122,25,84,38,269,50,18,68,337
10/14/2018,BOI,ID,ANM,WE,Combined TRACON& Tower with Radar,132,15,30,10,187,0,9,89,15,113,132,24,119,25,300,32,0,32,332
10/15/2018,BOI,ID,ANM,WE,Combined TRACON& Tower with Radar,138,15,57,7,217,0,8,87,8,103,138,23,144,15,320,120,2,122,442
10/16/2018,BOI,ID,ANM,WE,Combined TRACON& Tower with Radar,143,15,53,18,229,0,7,97,14,118,143,22,150,32,347,82,8,90,437
10/17/2018,BOI,ID,ANM,WE,Combined TRACON& Tower with Radar,140,21,56,12,229,0,15,76,10,101,140,36,132,22,330,56,4,60,390
10/18/2018,BOI,ID,ANM,WE,Combined TRACON& Tower with Radar,148,27,68,14,257,0,5,83,8,96,148,32,151,22,353,76,4,80,433
10/19/2018,BOI,ID,ANM,WE,Combined TRACON& Tower with Radar,143,21,70,7,241,0,2,100,7,109,143,23,170,14,350,81,4,85,435
10/20/2018,BOI,ID,ANM,WE,Combined TRACON& Tower with Radar,126,15,28,2,171,0,6,100,2,108,126,21,128,4,279,70,0,70,349
10/21/2018,BOI,ID,ANM,WE,Combined TRACON& Tower with Radar,131,8,34,1,174,0,7,100,1,108,131,15,134,2,282,30,2,32,314
10/22/2018,BOI,ID,ANM,WE,Combined TRACON& Tower with Radar,135,20,63,8,226,0,10,93,14,117,135,30,156,22,343,30,0,30,373
10/23/2018,BOI,ID,ANM,WE,Combined TRACON& Tower with Radar,143,19,68,15,245,0,6,85,21,112,143,25,153,36,357,38,6,44,401
10/24/2018,BOI,ID,ANM,WE,Combined TRACON& Tower with Radar,135,14,77,17,243,0,4,126,27,157,135,18,203,44,400,52,6,58,458
10/25/2018,BOI,ID,ANM,WE,Combined TRACON& Tower with Radar,146,18,54,19,237,0,7,100,18,125,146,25,154,37,362,76,16,92,454
10/26/2018,BOI,ID,ANM,WE,Combined TRACON& Tower with Radar,142,15,66,1,224,0,8,98,5,111,142,23,164,6,335,48,0,48,383
10/27/2018,BOI,ID,ANM,WE,Combined TRACON& Tower with Radar,114,11,35,0,160,0,14,68,1,83,114,25,103,1,243,106,2,108,351
10/28/2018,BOI,ID,ANM,WE,Combined TRACON& Tower with Radar,127,14,38,1,180,0,16,57,1,74,127,30,95,2,254,72,0,72,326
10/29/2018,BOI,ID,ANM,WE,Combined TRACON& Tower with Radar,125,26,49,8,208,0,2,62,12,76,125,28,111,20,284,124,0,124,408
10/30/2018,BOI,ID,ANM,WE,Combined TRACON& Tower with Radar,129,19,63,15,226,0,13,110,20,143,129,32,173,35,369,68,0,68,437
10/31/2018,BOI,ID,ANM,WE,Combined TRACON& Tower with Radar,111,14,55,11,191,0,4,29,13,46,111,18,84,24,237,26,0,26,263
11/01/2018,BOI,ID,ANM,WE,Combined TRACON& Tower with Radar,135,32,71,11,249,0,2,61,26,89,135,34,132,37,338,31,0,31,369
11/02/2018,BOI,ID,ANM,WE,Combined TRACON& Tower with Radar,132,24,74,12,242,0,11,37,24,72,132,35,111,36,314,42,0,42,356
11/03/2018,BOI,ID,ANM,WE,Combined TRACON& Tower with Radar,116,11,34,10,171,0,2,90,26,118,116,13,124,36,289,72,14,86,375
11/04/2018,BOI,ID,ANM,WE,Combined TRACON& Tower with Radar,125,21,47,8,201,0,7,20,18,45,125,28,67,26,246,12,2,14,260
11/05/2018,BOI,ID,ANM,WE,Combined TRACON& Tower with Radar,136,22,53,5,216,0,8,81,6,95,136,30,134,11,311,114,0,114,425
11/06/2018,BOI,ID,ANM,WE,Combined TRACON& Tower with Radar,136,30,66,4,236,0,6,73,8,87,136,36,139,12,323,106,4,110,433
11/07/2018,BOI,ID,ANM,WE,Combined TRACON& Tower with Radar,131,23,72,22,248,0,4,93,17,114,131,27,165,39,362,117,0,117,479
11/08/2018,BOI,ID,ANM,WE,Combined TRACON& Tower with Radar,141,22,53,18,234,0,9,86,20,115,141,31,139,38,349,88,4,92,441
11/09/2018,BOI,ID,ANM,WE,Combined TRACON& Tower with Radar,138,23,65,10,236,0,12,86,6,104,138,35,151,16,340,102,0,102,442
11/10/2018,BOI,ID,ANM,WE,Combined TRACON& Tower with Radar,120,11,27,0,158,0,6,78,0,84,120,17,105,0,242,32,0,32,274
11/11/2018,BOI,ID,ANM,WE,Combined TRACON& Tower with Radar,126,13,43,0,182,0,7,71,0,78,126,20,114,0,260,31,0,31,291
11/12/2018,BOI,ID,ANM,WE,Combined TRACON& Tower with Radar,138,22,60,2,222,0,3,93,2,98,138,25,153,4,320,96,0,96,416
11/13/2018,BOI,ID,ANM,WE,Combined TRACON& Tower with Radar,132,20,85,9,246,0,4,105,14,123,132,24,190,23,369,96,0,96,465
11/14/2018,BOI,ID,ANM,WE,Combined TRACON& Tower with Radar,131,19,55,27,232,0,3,87,26,116,131,22,142,53,348,35,16,51,399
11/15/2018,BOI,ID,ANM,WE,Combined TRACON& Tower with Radar,138,22,92,12,264,0,7,110,15,132,138,29,202,27,396,24,20,44,440
11/16/2018,BOI,ID,ANM,WE,Combined TRACON& Tower with Radar,149,24,85,9,267,0,6,94,7,107,149,30,179,16,374,38,4,42,416
11/17/2018,BOI,ID,ANM,WE,Combined TRACON& Tower with Radar,133,19,31,1,184,0,9,102,0,111,133,28,133,1,295,50,2,52,347
11/18/2018,BOI,ID,ANM,WE,Combined TRACON& Tower with Radar,128,14,32,4,178,0,5,90,0,95,128,19,122,4,273,60,0,60,333
11/19/2018,BOI,ID,ANM,WE,Combined TRACON& Tower with Radar,135,15,77,7,234,0,3,95,8,106,135,18,172,15,340,88,0,88,428
11/20/2018,BOI,ID,ANM,WE,Combined TRACON& Tower with Radar,155,19,72,13,259,0,10,96,13,119,155,29,168,26,378,92,10,102,480
11/21/2018,BOI,ID,ANM,WE,Combined TRACON& Tower with Radar,154,21,47,9,231,0,3,73,12,88,154,24,120,21,319,30,4,34,353
11/22/2018,BOI,ID,ANM,WE,Combined TRACON& Tower with Radar,98,8,11,0,117,0,0,6,0,6,98,8,17,0,123,8,0,8,131
11/23/2018,BOI,ID,ANM,WE,Combined TRACON& Tower with Radar,116,14,24,0,154,0,0,12,0,12,116,14,36,0,166,30,0,30,196
11/24/2018,BOI,ID,ANM,WE,Combined TRACON& Tower with Radar,140,19,38,0,197,0,6,41,0,47,140,25,79,0,244,2,0,2,246
11/25/2018,BOI,ID,ANM,WE,Combined TRACON& Tower with Radar,147,16,45,0,208,0,2,53,0,55,147,18,98,0,263,66,0,66,329
11/26/2018,BOI,ID,ANM,WE,Combined TRACON& Tower with Radar,147,19,73,8,247,0,6,63,7,76,147,25,136,15,323,42,2,44,367
11/27/2018,BOI,ID,ANM,WE,Combined TRACON& Tower with Radar,140,15,85,17,257,0,1,40,14,55,140,16,125,31,312,40,0,40,352
11/28/2018,BOI,ID,ANM,WE,Combined TRACON& Tower with Radar,138,26,47,4,215,0,2,10,9,21,138,28,57,13,236,12,0,12,248
11/29/2018,BOI,ID,ANM,WE,Combined TRACON& Tower with Radar,145,32,51,20,248,0,1,5,0,6,145,33,56,20,254,0,0,0,254
11/30/2018,BOI,ID,ANM,WE,Combined TRACON& Tower with Radar,141,22,47,2,212,0,1,17,0,18,141,23,64,2,230,0,0,0,230
12/01/2018,BOI,ID,ANM,WE,Combined TRACON& Tower with Radar,117,12,16,43,188,0,2,19,8,29,117,14,35,51,217,16,0,16,233
12/02/2018,BOI,ID,ANM,WE,Combined TRACON& Tower with Radar,128,13,23,1,165,0,0,1,0,1,128,13,24,1,166,0,0,0,166
12/03/2018,BOI,ID,ANM,WE,Combined TRACON& Tower with Radar,141,19,55,16,231,0,8,76,5,89,141,27,131,21,320,76,0,76,396
12/04/2018,BOI,ID,ANM,WE,Combined TRACON& Tower with Radar,138,28,57,26,249,0,13,76,8,97,138,41,133,34,346,112,8,120,466
12/05/2018,BOI,ID,ANM,WE,Combined TRACON& Tower with Radar,137,22,55,6,220,0,6,75,3,84,137,28,130,9,304,26,12,38,342
12/06/2018,BOI,ID,ANM,WE,Combined TRACON& Tower with Radar,145,22,59,20,246,0,7,67,34,108,145,29,126,54,354,98,16,114,468
12/07/2018,BOI,ID,ANM,WE,Combined TRACON& Tower with Radar,136,23,78,16,253,0,7,60,12,79,136,30,138,28,332,54,0,54,386
12/08/2018,BOI,ID,ANM,WE,Combined TRACON& Tower with Radar,126,13,35,8,182,0,4,44,6,54,126,17,79,14,236,46,0,46,282
12/09/2018,BOI,ID,ANM,WE,Combined TRACON& Tower with Radar,128,9,36,5,178,0,4,33,0,37,128,13,69,5,215,54,0,54,269
12/10/2018,BOI,ID,ANM,WE,Combined TRACON& Tower with Radar,132,23,55,14,224,0,0,30,3,33,132,23,85,17,257,93,0,93,350
12/11/2018,BOI,ID,ANM,WE,Combined TRACON& Tower with Radar,133,18,74,21,246,0,4,52,16,72,133,22,126,37,318,98,6,104,422
12/12/2018,BOI,ID,ANM,WE,Combined TRACON& Tower with Radar,135,27,91,14,267,0,9,48,15,72,135,36,139,29,339,85,18,103,442
12/13/2018,BOI,ID,ANM,WE,Combined TRACON& Tower with Radar,147,18,60,21,246,0,6,81,30,117,147,24,141,51,363,64,2,66,429
12/14/2018,BOI,ID,ANM,WE,Combined TRACON& Tower with Radar,138,19,60,8,225,0,5,51,4,60,138,24,111,12,285,38,0,38,323
12/15/2018,BOI,ID,ANM,WE,Combined TRACON& Tower with Radar,122,10,24,3,159,0,5,74,0,79,122,15,98,3,238,60,0,60,298
12/16/2018,BOI,ID,ANM,WE,Combined TRACON& Tower with Radar,131,13,28,3,175,0,8,43,0,51,131,21,71,3,226,34,0,34,260
12/17/2018,BOI,ID,ANM,WE,Combined TRACON& Tower with Radar,140,24,58,2,224,0,1,32,1,34,140,25,90,3,258,94,0,94,352
12/18/2018,BOI,ID,ANM,WE,Combined TRACON& Tower with Radar,136,25,61,12,234,0,2,24,14,40,136,27,85,26,274,72,4,76,350
12/19/2018,BOI,ID,ANM,WE,Combined TRACON& Tower with Radar,142,23,63,22,250,0,6,91,28,125,142,29,154,50,375,124,4,128,503
12/20/2018,BOI,ID,ANM,WE,Combined TRACON& Tower with Radar,149,30,45,15,239,0,6,80,13,99,149,36,125,28,338,126,8,134,472
12/21/2018,BOI,ID,ANM,WE,Combined TRACON& Tower with Radar,160,33,61,5,259,0,3,56,3,62,160,36,117,8,321,94,4,98,419
12/22/2018,BOI,ID,ANM,WE,Combined TRACON& Tower with Radar,140,22,20,0,182,0,13,73,1,87,140,35,93,1,269,114,0,114,383
12/23/2018,BOI,ID,ANM,WE,Combined TRACON& Tower with Radar,144,22,26,0,192,0,2,2,0,4,144,24,28,0,196,4,0,4,200
12/24/2018,BOI,ID,ANM,WE,Combined TRACON& Tower with Radar,122,30,13,0,165,0,2,10,0,12,122,32,23,0,177,56,0,56,233
12/25/2018,BOI,ID,ANM,WE,Combined TRACON& Tower with Radar,117,8,5,0,130,0,2,4,0,6,117,10,9,0,136,0,0,0,136
12/26/2018,BOI,ID,ANM,WE,Combined TRACON& Tower with Radar,138,30,38,13,219,0,2,55,7,64,138,32,93,20,283,12,8,20,303
12/27/2018,BOI,ID,ANM,WE,Combined TRACON& Tower with Radar,146,31,30,8,215,0,2,26,5,33,146,33,56,13,248,30,0,30,278
12/28/2018,BOI,ID,ANM,WE,Combined TRACON& Tower with Radar,148,26,56,7,237,0,13,86,7,106,148,39,142,14,343,42,3,45,388
12/29/2018,BOI,ID,ANM,WE,Combined TRACON& Tower with Radar,139,32,23,0,194,0,0,20,0,20,139,32,43,0,214,36,0,36,250
12/30/2018,BOI,ID,ANM,WE,Combined TRACON& Tower with Radar,142,19,25,0,186,0,8,12,0,20,142,27,37,0,206,34,0,34,240
12/31/2018,BOI,ID,ANM,WE,Combined TRACON& Tower with Radar,126,21,24,0,171,0,8,81,0,89,126,29,105,0,260,96,4,100,360
01/01/2019,BOI,ID,ANM,WE,Combined TRACON& Tower with Radar,112,15,20,0,147,0,5,51,0,56,112,20,71,0,203,26,0,26,229
01/02/2019,BOI,ID,ANM,WE,Combined TRACON& Tower with Radar,141,24,44,4,213,0,15,61,8,84,141,39,105,12,297,56,0,56,353
01/03/2019,BOI,ID,ANM,WE,Combined TRACON& Tower with Radar,137,27,42,10,216,0,8,74,21,103,137,35,116,31,319,69,2,71,390
01/04/2019,BOI,ID,ANM,WE,Combined TRACON& Tower with Radar,142,20,48,16,226,0,5,75,6,86,142,25,123,22,312,76,22,98,410
01/05/2019,BOI,ID,ANM,WE,Combined TRACON& Tower with Radar,120,21,37,0,178,0,5,60,0,65,120,26,97,0,243,84,0,84,327
01/06/2019,BOI,ID,ANM,WE,Combined TRACON& Tower with Radar,120,20,29,0,169,0,5,47,0,52,120,25,76,0,221,86,0,86,307
01/07/2019,BOI,ID,ANM,WE,Combined TRACON& Tower with Radar,135,25,51,14,225,0,3,39,12,54,135,28,90,26,279,78,6,84,363
01/08/2019,BOI,ID,ANM,WE,Combined TRACON& Tower with Radar,132,20,62,26,240,0,2,69,13,84,132,22,131,39,324,80,14,94,418
01/09/2019,BOI,ID,ANM,WE,Combined TRACON& Tower with Radar,135,25,54,9,223,0,5,48,16,69,135,30,102,25,292,150,4,154,446
01/10/2019,BOI,ID,ANM,WE,Combined TRACON& Tower with Radar,140,18,64,11,233,0,0,93,16,109,140,18,157,27,342,90,0,90,432
01/11/2019,BOI,ID,ANM,WE,Combined TRACON& Tower with Radar,137,23,62,10,232,0,10,91,13,114,137,33,153,23,346,68,4,72,418
01/12/2019,BOI,ID,ANM,WE,Combined TRACON& Tower with Radar,112,22,18,9,161,0,9,98,17,124,112,31,116,26,285,74,12,86,371
01/13/2019,BOI,ID,ANM,WE,Combined TRACON& Tower with Radar,116,18,34,3,171,0,0,64,6,70,116,18,98,9,241,94,0,94,335
01/14/2019,BOI,ID,ANM,WE,Combined TRACON& Tower with Radar,133,23,60,2,218,0,3,74,7,84,133,26,134,9,302,133,11,144,446
01/15/2019,BOI,ID,ANM,WE,Combined TRACON& Tower with Radar,134,23,47,1,205,0,2,6,6,14,134,25,53,7,219,22,0,22,241
01/16/2019,BOI,ID,ANM,WE,Combined TRACON& Tower with Radar,131,21,48,19,219,0,0,23,17,40,131,21,71,36,259,60,2,62,321
01/17/2019,BOI,ID,ANM,WE,Combined TRACON& Tower with Radar,136,22,63,16,237,0,1,31,17,49,136,23,94,33,286,18,4,22,308
01/18/2019,BOI,ID,ANM,WE,Combined TRACON& Tower with Radar,141,20,56,12,229,0,3,78,5,86,141,23,134,17,315,64,0,64,379
01/19/2019,BOI,ID,ANM,WE,Combined TRACON& Tower with Radar,105,20,27,2,154,0,4,15,0,19,105,24,42,2,173,16,0,16,189
01/20/2019,BOI,ID,ANM,WE,Combined TRACON& Tower with Radar,111,14,30,1,156,0,0,20,0,20,111,14,50,1,176,4,0,4,180
01/21/2019,BOI,ID,ANM,WE,Combined TRACON& Tower with Radar,135,20,50,0,205,0,12,26,0,38,135,32,76,0,243,8,0,8,251
01/22/2019,BOI,ID,ANM,WE,Combined TRACON& Tower with Radar,135,17,55,19,226,0,5,104,10,119,135,22,159,29,345,188,10,198,543
01/23/2019,BOI,ID,ANM,WE,Combined TRACON& Tower with Radar,136,21,69,14,240,0,4,71,14,89,136,25,140,28,329,102,0,102,431
01/24/2019,BOI,ID,ANM,WE,Combined TRACON& Tower with Radar,138,22,70,13,243,0,4,98,9,111,138,26,168,22,354,166,0,166,520
01/25/2019,BOI,ID,ANM,WE,Combined TRACON& Tower with Radar,137,31,48,19,235,0,8,76,7,91,137,39,124,26,326,112,0,112,438
01/26/2019,BOI,ID,ANM,WE,Combined TRACON& Tower with Radar,120,21,29,1,171,0,4,108,0,112,120,25,137,1,283,100,0,100,383
01/27/2019,BOI,ID,ANM,WE,Combined TRACON& Tower with Radar,115,18,25,0,158,0,5,68,0,73,115,23,93,0,231,68,0,68,299
01/28/2019,BOI,ID,ANM,WE,Combined TRACON& Tower with Radar,131,26,45,8,210,0,3,92,6,101,131,29,137,14,311,55,0,55,366
01/29/2019,BOI,ID,ANM,WE,Combined TRACON& Tower with Radar,135,19,75,20,249,0,4,75,18,97,135,23,150,38,346,132,8,140,486
01/30/2019,BOI,ID,ANM,WE,Combined TRACON& Tower with Radar,130,23,67,19,239,0,11,96,18,125,130,34,163,37,364,130,14,144,508
01/31/2019,BOI,ID,ANM,WE,Combined TRACON& Tower with Radar,135,25,76,9,245,0,12,83,14,109,135,37,159,23,354,50,0,50,404
02/01/2019,BOI,ID,ANM,WE,Combined TRACON& Tower with Radar,136,22,52,0,210,0,2,65,3,70,136,24,117,3,280,56,2,58,338
02/02/2019,BOI,ID,ANM,WE,Combined TRACON& Tower with Radar,115,18,30,0,163,0,2,12,0,14,115,20,42,0,177,86,0,86,263
02/03/2019,BOI,ID,ANM,WE,Combined TRACON& Tower with Radar,106,16,15,3,140,0,0,10,0,10,106,16,25,3,150,6,0,6,156
02/04/2019,BOI,ID,ANM,WE,Combined TRACON& Tower with Radar,129,25,54,14,222,0,2,17,13,32,129,27,71,27,254,6,12,18,272
02/05/2019,BOI,ID,ANM,WE,Combined TRACON& Tower with Radar,134,23,68,25,250,0,4,60,20,84,134,27,128,45,334,72,10,82,416
02/06/2019,BOI,ID,ANM,WE,Combined TRACON& Tower with Radar,137,22,65,17,241,0,6,38,22,66,137,28,103,39,307,50,26,76,383
02/07/2019,BOI,ID,ANM,WE,Combined TRACON& Tower with Radar,133,27,69,25,254,0,5,109,28,142,133,32,178,53,396,98,28,126,522
02/08/2019,BOI,ID,ANM,WE,Combined TRACON& Tower with Radar,134,23,58,21,236,0,8,62,8,78,134,31,120,29,314,152,6,158,472
02/09/2019,BOI,ID,ANM,WE,Combined TRACON& Tower with Radar,103,19,17,13,152,0,2,5,5,12,103,21,22,18,164,26,0,26,190
02/10/2019,BOI,ID,ANM,WE,Combined TRACON& Tower with Radar,110,18,52,6,186,0,8,29,10,47,110,26,81,16,233,60,10,70,303
02/11/2019,BOI,ID,ANM,WE,Combined TRACON& Tower with Radar,129,26,61,0,216,0,8,11,2,21,129,34,72,2,237,0,0,0,237
02/12/2019,BOI,ID,ANM,WE,Combined TRACON& Tower with Radar,132,22,55,11,220,0,10,59,10,79,132,32,114,21,299,56,2,58,357
02/13/2019,BOI,ID,ANM,WE,Combined TRACON& Tower with Radar,143,16,62,11,232,0,0,2,1,3,143,16,64,12,235,22,2,24,259
02/14/2019,BOI,ID,ANM,WE,Combined TRACON& Tower with Radar,152,22,70,5,249,0,0,21,8,29,152,22,91,13,278,74,2,76,354
02/15/2019,BOI,ID,ANM,WE,Combined TRACON& Tower with Radar,141,28,67,9,245,0,4,32,5,41,141,32,99,14,286,90,0,90,376
02/16/2019,BOI,ID,ANM,WE,Combined TRACON& Tower with Radar,117,13,58,2,190,0,0,23,0,23,117,13,81,2,213,34,0,34,247
02/17/2019,BOI,ID,ANM,WE,Combined TRACON& Tower with Radar,112,14,32,0,158,0,2,24,0,26,112,16,56,0,184,18,0,18,202
02/18/2019,BOI,ID,ANM,WE,Combined TRACON& Tower with Radar,135,22,49,0,206,0,6,82,0,88,135,28,131,0,294,146,0,146,440
02/19/2019,BOI,ID,ANM,WE,Combined TRACON& Tower with Radar,137,21,84,36,278,0,4,33,16,53,137,25,117,52,331,42,6,48,379
02/20/2019,BOI,ID,ANM,WE,Combined TRACON& Tower with Radar,136,18,44,0,198,0,2,14,4,20,136,20,58,4,218,18,0,18,236
02/21/2019,BOI,ID,ANM,WE,Combined TRACON& Tower with Radar,141,24,59,14,238,0,5,28,6,39,141,29,87,20,277,4,0,4,281
02/22/2019,BOI,ID,ANM,WE,Combined TRACON& Tower with Radar,141,20,79,8,248,0,9,104,9,122,141,29,183,17,370,80,2,82,452
02/23/2019,BOI,ID,ANM,WE,Combined TRACON& Tower with Radar,113,14,38,0,165,0,0,16,0,16,113,14,54,0,181,6,0,6,187
02/24/2019,BOI,ID,ANM,WE,Combined TRACON& Tower with Radar,122,11,47,0,180,0,2,4,1,7,122,13,51,1,187,0,0,0,187
02/25/2019,BOI,ID,ANM,WE,Combined TRACON& Tower with Radar,131,18,53,9,211,0,0,24,10,34,131,18,77,19,245,8,0,8,253
02/26/2019,BOI,ID,ANM,WE,Combined TRACON& Tower with Radar,136,18,61,2,217,0,0,0,0,0,136,18,61,2,217,0,0,0,217
02/27/2019,BOI,ID,ANM,WE,Combined TRACON& Tower with Radar,141,30,46,10,227,0,0,25,9,34,141,30,71,19,261,42,0,42,303
02/28/2019,BOI,ID,ANM,WE,Combined TRACON& Tower with Radar,144,24,68,13,249,0,5,30,12,47,144,29,98,25,296,74,0,74,370
03/01/2019,BOI,ID,ANM,WE,Combined TRACON& Tower with Radar,146,26,75,4,251,0,6,97,4,107,146,32,172,8,358,124,0,124,482
03/02/2019,BOI,ID,ANM,WE,Combined TRACON& Tower with Radar,112,18,23,8,161,0,5,114,0,119,112,23,137,8,280,166,0,166,446
03/03/2019,BOI,ID,ANM,WE,Combined TRACON& Tower with Radar,123,15,34,2,174,0,6,84,0,90,123,21,118,2,264,42,0,42,306
03/04/2019,BOI,ID,ANM,WE,Combined TRACON& Tower with Radar,135,26,60,10,231,0,5,85,14,104,135,31,145,24,335,86,6,92,427
03/05/2019,BOI,ID,ANM,WE,Combined TRACON& Tower with Radar,136,17,61,12,226,0,4,63,19,86,136,21,124,31,312,78,0,78,390
03/06/2019,BOI,ID,ANM,WE,Combined TRACON& Tower with Radar,135,17,49,19,220,0,9,30,14,53,135,26,79,33,273,46,2,48,321
03/07/2019,BOI,ID,ANM,WE,Combined TRACON& Tower with Radar,137,21,66,13,237,0,6,69,15,90,137,27,135,28,327,88,18,106,433
03/08/2019,BOI,ID,ANM,WE,Combined TRACON& Tower with Radar,133,27,64,22,246,0,5,79,10,94,133,32,143,32,340,90,8,98,438
03/09/2019,BOI,ID,ANM,WE,Combined TRACON& Tower with Radar,110,20,41,16,187,0,2,45,20,67,110,22,86,36,254,54,0,54,308
03/10/2019,BOI,ID,ANM,WE,Combined TRACON& Tower with Radar,129,13,37,11,190,0,5,85,22,112,129,18,122,33,302,68,0,68,370
03/11/2019,BOI,ID,ANM,WE,Combined TRACON& Tower with Radar,137,23,49,7,216,0,13,125,9,147,137,36,174,16,363,112,8,120,483
03/12/2019,BOI,ID,ANM,WE,Combined TRACON& Tower with Radar,139,20,76,11,246,0,2,49,3,54,139,22,125,14,300,70,0,70,370
03/13/2019,BOI,ID,ANM,WE,Combined TRACON& Tower with Radar,130,23,70,11,234,0,4,37,4,45,130,27,107,15,279,10,0,10,289
03/14/2019,BOI,ID,ANM,WE,Combined TRACON& Tower with Radar,135,23,48,21,227,0,7,114,12,133,135,30,162,33,360,108,4,112,472
03/15/2019,BOI,ID,ANM,WE,Combined TRACON& Tower with Radar,136,26,80,12,254,0,8,115,17,140,136,34,195,29,394,92,0,92,486
03/16/2019,BOI,ID,ANM,WE,Combined TRACON& Tower with Radar,114,16,42,1,173,0,10,105,20,135,114,26,147,21,308,94,0,94,402
03/17/2019,BOI,ID,ANM,WE,Combined TRACON& Tower with Radar,125,14,26,6,171,0,6,55,19,80,125,20,81,25,251,72,0,72,323
03/18/2019,BOI,ID,ANM,WE,Combined TRACON& Tower with Radar,132,19,50,9,210,0,10,106,15,131,132,29,156,24,341,76,0,76,417
03/19/2019,BOI,ID,ANM,WE,Combined TRACON& Tower with Radar,137,23,71,7,238,0,14,90,16,120,137,37,161,23,358,38,0,38,396
03/20/2019,BOI,ID,ANM,WE,Combined TRACON& Tower with Radar,140,21,55,25,241,0,6,88,13,107,140,27,143,38,348,50,2,52,400
03/21/2019,BOI,ID,ANM,WE,Combined TRACON& Tower with Radar,145,24,63,27,259,0,5,91,13,109,145,29,154,40,368,84,0,84,452
03/22/2019,BOI,ID,ANM,WE,Combined TRACON& Tower with Radar,138,22,56,8,224,0,12,66,3,81,138,34,122,11,305,50,0,50,355
03/23/2019,BOI,ID,ANM,WE,Combined TRACON& Tower with Radar,119,15,42,3,179,0,4,51,3,58,119,19,93,6,237,12,0,12,249
03/24/2019,BOI,ID,ANM,WE,Combined TRACON& Tower with Radar,127,25,36,2,190,0,6,13,0,19,127,31,49,2,209,4,0,4,213
03/25/2019,BOI,ID,ANM,WE,Combined TRACON& Tower with Radar,135,23,61,17,236,0,10,59,9,78,135,33,120,26,314,16,24,40,354
03/26/2019,BOI,ID,ANM,WE,Combined TRACON& Tower with Radar,141,26,55,13,235,0,9,43,18,70,141,35,98,31,305,88,0,88,393
03/27/2019,BOI,ID,ANM,WE,Combined TRACON& Tower with Radar,136,20,52,31,239,0,7,41,12,60,136,27,93,43,299,48,14,62,361
03/28/2019,BOI,ID,ANM,WE,Combined TRACON& Tower with Radar,143,23,55,16,237,0,4,52,13,69,143,27,107,29,306,96,0,96,402
03/29/2019,BOI,ID,ANM,WE,Combined TRACON& Tower with Radar,138,25,47,14,224,0,5,72,8,85,138,30,119,22,309,88,2,90,399
03/30/2019,BOI,ID,ANM,WE,Combined TRACON& Tower with Radar,115,16,37,0,168,0,8,117,3,128,115,24,154,3,296,58,0,58,354
03/31/2019,BOI,ID,ANM,WE,Combined TRACON& Tower with Radar,127,17,27,1,172,0,7,92,0,99,127,24,119,1,271,98,0,98,369
04/01/2019,BOI,ID,ANM,WE,Combined TRACON& Tower with Radar,135,19,55,7,216,0,5,81,8,94,135,24,136,15,310,76,0,76,386
04/02/2019,BOI,ID,ANM,WE,Combined TRACON& Tower with Radar,141,15,70,17,243,0,3,43,11,57,141,18,113,28,300,20,10,30,330
04/03/2019,BOI,ID,ANM,WE,Combined TRACON& Tower with Radar,133,13,63,19,228,0,7,46,23,76,133,20,109,42,304,70,0,70,374
04/04/2019,BOI,ID,ANM,WE,Combined TRACON& Tower with Radar,141,14,61,10,226,0,3,82,35,120,141,17,143,45,346,122,0,122,468
04/05/2019,BOI,ID,ANM,WE,Combined TRACON& Tower with Radar,143,23,57,7,230,0,10,65,24,99,143,33,122,31,329,106,36,142,471
04/06/2019,BOI,ID,ANM,WE,Combined TRACON& Tower with Radar,115,13,34,14,176,0,0,35,26,61,115,13,69,40,237,44,8,52,289
04/07/2019,BOI,ID,ANM,WE,Combined TRACON& Tower with Radar,127,11,34,8,180,0,5,23,10,38,127,16,57,18,218,54,0,54,272
04/08/2019,BOI,ID,ANM,WE,Combined TRACON& Tower with Radar,138,21,53,3,215,0,6,46,7,59,138,27,99,10,274,80,0,80,354
04/09/2019,BOI,ID,ANM,WE,Combined TRACON& Tower with Radar,133,31,39,2,205,0,4,10,15,29,133,35,49,17,234,30,6,36,270
04/10/2019,BOI,ID,ANM,WE,Combined TRACON& Tower with Radar,137,23,55,9,224,0,6,16,18,40,137,29,71,27,264,22,0,22,286
04/11/2019,BOI,ID,ANM,WE,Combined TRACON& Tower with Radar,139,20,60,22,241,0,5,30,23,58,139,25,90,45,299,30,0,30,329
04/12/2019,BOI,ID,ANM,WE,Combined TRACON& Tower with Radar,137,19,47,12,215,0,8,79,16,103,137,27,126,28,318,91,6,97,415
04/13/2019,BOI,ID,ANM,WE,Combined TRACON& Tower with Radar,109,11,35,3,158,0,10,67,3,80,109,21,102,6,238,60,0,60,298
04/14/2019,BOI,ID,ANM,WE,Combined TRACON& Tower with Radar,124,14,27,0,165,0,5,24,1,30,124,19,51,1,195,36,0,36,231
04/15/2019,BOI,ID,ANM,WE,Combined TRACON& Tower with Radar,135,16,67,13,231,0,7,81,9,97,135,23,148,22,328,132,8,140,468
04/16/2019,BOI,ID,ANM,WE,Combined TRACON& Tower with Radar,138,18,57,13,226,0,7,60,12,79,138,25,117,25,305,32,4,36,341
04/17/2019,BOI,ID,ANM,WE,Combined TRACON& Tower with Radar,133,16,58,16,223,0,7,89,24,120,133,23,147,40,343,68,6,74,417
04/18/2019,BOI,ID,ANM,WE,Combined TRACON& Tower with Radar,146,28,71,13,258,0,14,135,26,175,146,42,206,39,433,142,8,150,583
04/19/2019,BOI,ID,ANM,WE,Combined TRACON& Tower with Radar,137,17,56,4,214,0,9,137,6,152,137,26,193,10,366,110,0,110,476
04/20/2019,BOI,ID,ANM,WE,Combined TRACON& Tower with Radar,110,14,19,0,143,0,5,46,0,51,110,19,65,0,194,44,0,44,238
04/21/2019,BOI,ID,ANM,WE,Combined TRACON& Tower with Radar,124,13,15,0,152,0,14,17,0,31,124,27,32,0,183,4,0,4,187
04/22/2019,BOI,ID,ANM,WE,Combined TRACON& Tower with Radar,137,23,65,8,233,0,18,127,16,161,137,41,192,24,394,120,2,122,516
04/23/2019,BOI,ID,ANM,WE,Combined TRACON& Tower with Radar,139,18,60,20,237,0,7,104,25,136,139,25,164,45,373,88,4,92,465
04/24/2019,BOI,ID,ANM,WE,Combined TRACON& Tower with Radar,133,24,52,24,233,0,8,96,31,135,133,32,148,55,368,48,4,52,420
04/25/2019,BOI,ID,ANM,WE,Combined TRACON& Tower with Radar,139,15,68,30,252,0,13,116,30,159,139,28,184,60,411,126,2,128,539
04/26/2019,BOI,ID,ANM,WE,Combined TRACON& Tower with Radar,140,30,46,16,232,0,6,70,9,85,140,36,116,25,317,30,0,30,347
04/27/2019,BOI,ID,ANM,WE,Combined TRACON& Tower with Radar,109,13,18,2,142,0,5,90,2,97,109,18,108,4,239,92,0,92,331
04/28/2019,BOI,ID,ANM,WE,Combined TRACON& Tower with Radar,126,19,26,6,177,0,9,59,0,68,126,28,85,6,245,26,0,26,271
04/29/2019,BOI,ID,ANM,WE,Combined TRACON& Tower with Radar,132,27,50,28,237,0,9,95,15,119,132,36,145,43,356,69,22,91,447
04/30/2019,BOI,ID,ANM,WE,Combined TRACON& Tower with Radar,138,20,53,15,226,0,5,68,23,96,138,25,121,38,322,66,10,76,398
05/01/2019,BOI,ID,ANM,WE,Combined TRACON& Tower with Radar,142,16,58,9,225,0,2,104,22,128,142,18,162,31,353,119,0,119,472
05/02/2019,BOI,ID,ANM,WE,Combined TRACON& Tower with Radar,141,13,62,11,227,0,6,112,23,141,141,19,174,34,368,28,0,28,396
05/03/2019,BOI,ID,ANM,WE,Combined TRACON& Tower with Radar,143,18,52,16,229,0,15,96,12,123,143,33,148,28,352,54,0,54,406
05/04/2019,BOI,ID,ANM,WE,Combined TRACON& Tower with Radar,120,12,22,14,168,0,5,97,14,116,120,17,119,28,284,68,10,78,362
05/05/2019,BOI,ID,ANM,WE,Combined TRACON& Tower with Radar,129,7,32,7,175,0,10,68,5,83,129,17,100,12,258,42,0,42,300
05/06/2019,BOI,ID,ANM,WE,Combined TRACON& Tower with Radar,151,17,38,21,227,0,11,104,2,117,151,28,142,23,344,88,0,88,432
05/07/2019,BOI,ID,ANM,WE,Combined TRACON& Tower with Radar,141,13,43,15,212,0,9,75,9,93,141,22,118,24,305,54,4,58,363
05/08/2019,BOI,ID,ANM,WE,Combined TRACON& Tower with Radar,142,14,62,16,234,0,14,100,21,135,142,28,162,37,369,24,2,26,395
05/09/2019,BOI,ID,ANM,WE,Combined TRACON& Tower with Radar,147,14,52,21,234,0,10,113,27,150,147,24,165,48,384,110,2,112,496
05/10/2019,BOI,ID,ANM,WE,Combined TRACON& Tower with Radar,144,19,57,20,240,0,7,112,7,126,144,26,169,27,366,88,0,88,454
05/11/2019,BOI,ID,ANM,WE,Combined TRACON& Tower with Radar,120,14,35,9,178,0,8,84,3,95,120,22,119,12,273,28,0,28,301
05/12/2019,BOI,ID,ANM,WE,Combined TRACON& Tower with Radar,129,11,28,9,177,0,8,83,2,93,129,19,111,11,270,60,0,60,330
05/13/2019,BOI,ID,ANM,WE,Combined TRACON& Tower with Radar,138,17,53,12,220,0,13,125,8,146,138,30,178,20,366,90,3,93,459
05/14/2019,BOI,ID,ANM,WE,Combined TRACON& Tower with Radar,141,16,54,12,223,0,9,100,11,120,141,25,154,23,343,60,4,64,407
05/15/2019,BOI,ID,ANM,WE,Combined TRACON& Tower with Radar,142,16,70,20,248,0,3,84,21,108,142,19,154,41,356,26,6,32,388
05/16/2019,BOI,ID,ANM,WE,Combined TRACON& Tower with Radar,146,19,66,8,239,0,9,37,17,63,146,28,103,25,302,46,0,46,348
05/17/2019,BOI,ID,ANM,WE,Combined TRACON& Tower with Radar,143,16,65,6,230,0,5,6,0,11,143,21,71,6,241,0,0,0,241
05/18/2019,BOI,ID,ANM,WE,Combined TRACON& Tower with Radar,120,17,47,2,186,0,7,88,17,112,120,24,135,19,298,82,0,82,380
05/19/2019,BOI,ID,ANM,WE,Combined TRACON& Tower with Radar,132,10,31,0,173,0,0,4,3,7,132,10,35,3,180,6,0,6,186
05/20/2019,BOI,ID,ANM,WE,Combined TRACON& Tower with Radar,140,23,52,3,218,0,7,8,1,16,140,30,60,4,234,2,0,2,236
05/21/2019,BOI,ID,ANM,WE,Combined TRACON& Tower with Radar,140,20,51,35,246,0,8,29,24,61,140,28,80,59,307,38,16,54,361
05/22/2019,BOI,ID,ANM,WE,Combined TRACON& Tower with Radar,142,14,55,12,223,0,7,66,18,91,142,21,121,30,314,30,4,34,348
05/23/2019,BOI,ID,ANM,WE,Combined TRACON& Tower with Radar,148,18,77,7,250,0,12,102,12,126,148,30,179,19,376,58,4,62,438
05/24/2019,BOI,ID,ANM,WE,Combined TRACON& Tower with Radar,144,17,49,9,219,0,9,76,3,88,144,26,125,12,307,68,2,70,377
05/25/2019,BOI,ID,ANM,WE,Combined TRACON& Tower with Radar,118,9,15,1,143,0,5,36,1,42,118,14,51,2,185,80,0,80,265
05/26/2019,BOI,ID,ANM,WE,Combined TRACON& Tower with Radar,118,9,23,0,150,0,7,41,1,49,118,16,64,1,199,18,0,18,217
05/27/2019,BOI,ID,ANM,WE,Combined TRACON& Tower with Radar,130,9,33,0,172,0,1,48,5,54,130,10,81,5,226,38,8,46,272
05/28/2019,BOI,ID,ANM,WE,Combined TRACON& Tower with Radar,131,14,53,2,200,0,5,54,10,69,131,19,107,12,269,14,4,18,287
05/29/2019,BOI,ID,ANM,WE,Combined TRACON& Tower with Radar,139,13,58,11,221,0,7,107,8,122,139,20,165,19,343,76,6,82,425
05/30/2019,BOI,ID,ANM,WE,Combined TRACON& Tower with Radar,150,23,54,11,238,0,6,69,11,86,150,29,123,22,324,60,0,60,384
05/31/2019,BOI,ID,ANM,WE,Combined TRACON& Tower with Radar,144,19,49,2,214,0,14,91,1,106,144,33,140,3,320,12,0,12,332
06/01/2019,BOI,ID,ANM,WE,Combined TRACON& Tower with Radar,117,15,28,1,161,0,9,98,5,112,117,24,126,6,273,50,0,50,323
06/02/2019,BOI,ID,ANM,WE,Combined TRACON& Tower with Radar,130,14,23,0,167,0,6,84,1,91,130,20,107,1,258,64,0,64,322
06/03/2019,BOI,ID,ANM,WE,Combined TRACON& Tower with Radar,138,14,59,4,215,0,10,79,3,92,138,24,138,7,307,47,0,47,354
06/04/2019,BOI,ID,ANM,WE,Combined TRACON& Tower with Radar,140,22,51,5,218,0,6,104,13,123,140,28,155,18,341,54,4,58,399
06/05/2019,BOI,ID,ANM,WE,Combined TRACON& Tower with Radar,144,13,59,1,217,0,10,137,21,168,144,23,196,22,385,72,10,82,467
06/06/2019,BOI,ID,ANM,WE,Combined TRACON& Tower with Radar,141,23,58,3,225,0,17,84,16,117,141,40,142,19,342,36,2,38,380
06/07/2019,BOI,ID,ANM,WE,Combined TRACON& Tower with Radar,138,25,51,3,217,0,19,57,14,90,138,44,108,17,307,12,0,12,319
06/08/2019,BOI,ID,ANM,WE,Combined TRACON& Tower with Radar,126,10,28,4,168,0,15,102,6,123,126,25,130,10,291,14,2,16,307
06/09/2019,BOI,ID,ANM,WE,Combined TRACON& Tower with Radar,133,13,43,3,192,0,15,104,10,129,133,28,147,13,321,22,0,22,343
06/10/2019,BOI,ID,ANM,WE,Combined TRACON& Tower with Radar,141,38,65,0,244,0,18,139,13,170,141,56,204,13,414,28,2,30,444
06/11/2019,BOI,ID,ANM,WE,Combined TRACON& Tower with Radar,144,30,56,7,237,0,7,99,23,129,144,37,155,30,366,16,6,22,388
06/12/2019,BOI,ID,ANM,WE,Combined TRACON& Tower with Radar,145,27,49,6,227,0,11,128,12,151,145,38,177,18,378,64,1,65,443
06/13/2019,BOI,ID,ANM,WE,Combined TRACON& Tower with Radar,161,22,60,5,248,0,14,105,12,131,161,36,165,17,379,52,2,54,433
06/14/2019,BOI,ID,ANM,WE,Combined TRACON& Tower with Radar,143,23,53,6,225,0,3,99,5,107,143,26,152,11,332,16,0,16,348
06/15/2019,BOI,ID,ANM,WE,Combined TRACON& Tower with Radar,134,15,27,14,190,2,14,94,8,118,136,29,121,22,308,16,0,16,324
06/16/2019,BOI,ID,ANM,WE,Combined TRACON& Tower with Radar,138,21,35,11,205,0,13,77,0,90,138,34,112,11,295,30,0,30,325
06/17/2019,BOI,ID,ANM,WE,Combined TRACON& Tower with Radar,139,23,62,7,231,0,15,99,5,119,139,38,161,12,350,26,9,35,385
06/18/2019,BOI,ID,ANM,WE,Combined TRACON& Tower with Radar,157,26,66,8,257,0,9,125,19,153,157,35,191,27,410,26,18,44,454
06/19/2019,BOI,ID,ANM,WE,Combined TRACON& Tower with Radar,157,21,71,24,273,0,14,87,19,120,157,35,158,43,393,28,8,36,429
06/20/2019,BOI,ID,ANM,WE,Combined TRACON& Tower with Radar,153,30,56,12,251,0,10,86,15,111,153,40,142,27,362,10,2,12,374
06/21/2019,BOI,ID,ANM,WE,Combined TRACON& Tower with Radar,147,20,63,10,240,0,6,113,8,127,147,26,176,18,367,32,2,34,401
06/22/2019,BOI,ID,ANM,WE,Combined TRACON& Tower with Radar,131,18,36,2,187,0,16,108,1,125,131,34,144,3,312,42,0,42,354
06/23/2019,BOI,ID,ANM,WE,Combined TRACON& Tower with Radar,137,21,47,2,207,0,12,98,0,110,137,33,145,2,317,26,0,26,343
06/24/2019,BOI,ID,ANM,WE,Combined TRACON& Tower with Radar,143,24,60,32,259,0,6,133,7,146,143,30,193,39,405,38,30,68,473
06/25/2019,BOI,ID,ANM,WE,Combined TRACON& Tower with Radar,153,22,66,10,251,0,14,106,20,140,153,36,172,30,391,48,0,48,439
06/26/2019,BOI,ID,ANM,WE,Combined TRACON& Tower with Radar,144,16,61,27,248,0,12,129,14,155,144,28,190,41,403,42,16,58,461
06/27/2019,BOI,ID,ANM,WE,Combined TRACON& Tower with Radar,158,29,69,10,266,0,10,109,15,134,158,39,178,25,400,24,6,30,430
06/28/2019,BOI,ID,ANM,WE,Combined TRACON& Tower with Radar,147,27,64,5,243,0,28,141,10,179,147,55,205,15,422,38,4,42,464
06/29/2019,BOI,ID,ANM,WE,Combined TRACON& Tower with Radar,130,19,39,6,194,0,10,125,1,136,130,29,164,7,330,8,0,8,338
06/30/2019,BOI,ID,ANM,WE,Combined TRACON& Tower with Radar,129,20,40,1,190,0,14,102,1,117,129,34,142,2,307,10,0,10,317
07/01/2019,BOI,ID,ANM,WE,Combined TRACON& Tower with Radar,137,22,73,18,250,0,10,101,6,117,137,32,174,24,367,49,0,49,416
07/02/2019,BOI,ID,ANM,WE,Combined TRACON& Tower with Radar,141,17,55,9,222,0,18,107,15,140,141,35,162,24,362,22,2,24,386
07/03/2019,BOI,ID,ANM,WE,Combined TRACON& Tower with Radar,149,20,55,7,231,0,17,105,7,129,149,37,160,14,360,58,0,58,418
07/04/2019,BOI,ID,ANM,WE,Combined TRACON& Tower with Radar,107,11,12,1,131,0,11,89,4,104,107,22,101,5,235,70,4,74,309
07/05/2019,BOI,ID,ANM,WE,Combined TRACON& Tower with Radar,119,18,39,0,176,0,19,118,0,137,119,37,157,0,313,24,0,24,337
07/06/2019,BOI,ID,ANM,WE,Combined TRACON& Tower with Radar,135,17,35,0,187,0,13,81,1,95,135,30,116,1,282,18,0,18,300
07/07/2019,BOI,ID,ANM,WE,Combined TRACON& Tower with Radar,135,19,40,0,194,0,14,83,1,98,135,33,123,1,292,25,0,25,317
07/08/2019,BOI,ID,ANM,WE,Combined TRACON& Tower with Radar,144,29,51,20,244,0,12,84,6,102,144,41,135,26,346,34,4,38,384
07/09/2019,BOI,ID,ANM,WE,Combined TRACON& Tower with Radar,153,26,72,11,262,0,16,123,22,161,153,42,195,33,423,48,2,50,473
07/10/2019,BOI,ID,ANM,WE,Combined TRACON& Tower with Radar,151,25,63,23,262,0,10,129,21,160,151,35,192,44,422,28,15,43,465
07/11/2019,BOI,ID,ANM,WE,Combined TRACON& Tower with Radar,155,25,57,10,247,0,26,99,13,138,155,51,156,23,385,28,8,36,421
07/12/2019,BOI,ID,ANM,WE,Combined TRACON& Tower with Radar,146,23,55,6,230,0,17,120,5,142,146,40,175,11,372,28,0,28,400
07/13/2019,BOI,ID,ANM,WE,Combined TRACON& Tower with Radar,138,21,31,0,190,0,19,98,8,125,138,40,129,8,315,44,0,44,359
07/14/2019,BOI,ID,ANM,WE,Combined TRACON& Tower with Radar,143,20,37,1,201,1,26,101,8,136,144,46,138,9,337,24,0,24,361
07/15/2019,BOI,ID,ANM,WE,Combined TRACON& Tower with Radar,141,23,62,0,226,0,26,111,9,146,141,49,173,9,372,34,0,34,406
07/16/2019,BOI,ID,ANM,WE,Combined TRACON& Tower with Radar,153,20,61,5,239,0,17,116,13,146,153,37,177,18,385,78,0,78,463
07/17/2019,BOI,ID,ANM,WE,Combined TRACON& Tower with Radar,153,26,65,10,254,0,9,122,15,146,153,35,187,25,400,42,0,42,442
07/18/2019,BOI,ID,ANM,WE,Combined TRACON& Tower with Radar,151,27,81,14,273,0,19,132,18,169,151,46,213,32,442,60,0,60,502
07/19/2019,BOI,ID,ANM,WE,Combined TRACON& Tower with Radar,148,27,63,5,243,2,20,150,8,180,150,47,213,13,423,40,0,40,463
07/20/2019,BOI,ID,ANM,WE,Combined TRACON& Tower with Radar,130,20,41,2,193,3,24,112,22,161,133,44,153,24,354,34,0,34,388
07/21/2019,BOI,ID,ANM,WE,Combined TRACON& Tower with Radar,145,25,45,8,223,0,20,99,0,119,145,45,144,8,342,38,0,38,380
07/22/2019,BOI,ID,ANM,WE,Combined TRACON& Tower with Radar,148,21,65,10,244,1,14,84,6,105,149,35,149,16,349,120,0,120,469
07/23/2019,BOI,ID,ANM,WE,Combined TRACON& Tower with Radar,148,23,56,6,233,2,30,93,32,157,150,53,149,38,390,52,2,54,444
07/24/2019,BOI,ID,ANM,WE,Combined TRACON& Tower with Radar,151,25,73,14,263,0,19,150,21,190,151,44,223,35,453,76,6,82,535
07/25/2019,BOI,ID,ANM,WE,Combined TRACON& Tower with Radar,151,25,63,18,257,0,31,127,29,187,151,56,190,47,444,78,6,84,528
07/26/2019,BOI,ID,ANM,WE,Combined TRACON& Tower with Radar,146,22,49,8,225,0,17,152,12,181,146,39,201,20,406,26,0,26,432
07/27/2019,BOI,ID,ANM,WE,Combined TRACON& Tower with Radar,141,14,39,8,202,0,22,90,0,112,141,36,129,8,314,24,0,24,338
07/28/2019,BOI,ID,ANM,WE,Combined TRACON& Tower with Radar,141,13,39,5,198,0,9,71,7,87,141,22,110,12,285,14,0,14,299
07/29/2019,BOI,ID,ANM,WE,Combined TRACON& Tower with Radar,141,29,52,1,223,0,33,107,7,147,141,62,159,8,370,48,0,48,418
07/30/2019,BOI,ID,ANM,WE,Combined TRACON& Tower with Radar,155,28,58,11,252,0,29,113,30,172,155,57,171,41,424,104,4,108,532
07/31/2019,BOI,ID,ANM,WE,Combined TRACON& Tower with Radar,151,19,64,9,243,0,16,105,28,149,151,35,169,37,392,60,2,62,454
08/01/2019,BOI,ID,ANM,WE,Combined TRACON& Tower with Radar,158,20,58,8,244,0,13,101,20,134,158,33,159,28,378,101,3,104,482
08/02/2019,BOI,ID,ANM,WE,Combined TRACON& Tower with Radar,151,19,70,36,276,4,18,102,23,147,155,37,172,59,423,76,10,86,509
08/03/2019,BOI,ID,ANM,WE,Combined TRACON& Tower with Radar,137,13,40,16,206,2,31,138,42,213,139,44,178,58,419,48,0,48,467
08/04/2019,BOI,ID,ANM,WE,Combined TRACON& Tower with Radar,146,20,46,7,219,5,30,88,48,171,151,50,134,55,390,42,0,42,432
08/05/2019,BOI,ID,ANM,WE,Combined TRACON& Tower with Radar,148,21,71,5,245,10,13,106,28,157,158,34,177,33,402,80,0,80,482
08/06/2019,BOI,ID,ANM,WE,Combined TRACON& Tower with Radar,159,20,58,6,243,7,17,114,26,164,166,37,172,32,407,140,2,142,549
08/07/2019,BOI,ID,ANM,WE,Combined TRACON& Tower with Radar,155,23,66,16,260,10,11,118,28,167,165,34,184,44,427,92,4,96,523
08/08/2019,BOI,ID,ANM,WE,Combined TRACON& Tower with Radar,162,30,71,28,291,6,13,91,40,150,168,43,162,68,441,54,12,66,507
08/09/2019,BOI,ID,ANM,WE,Combined TRACON& Tower with Radar,150,18,56,14,238,2,20,135,30,187,152,38,191,44,425,46,0,46,471
08/10/2019,BOI,ID,ANM,WE,Combined TRACON& Tower with Radar,141,15,22,2,180,1,20,86,6,113,142,35,108,8,293,18,0,18,311
08/11/2019,BOI,ID,ANM,WE,Combined TRACON& Tower with Radar,141,26,41,3,211,0,23,115,5,143,141,49,156,8,354,54,0,54,408
08/12/2019,BOI,ID,ANM,WE,Combined TRACON& Tower with Radar,146,20,65,7,238,0,18,119,13,150,146,38,184,20,388,36,2,38,426
08/13/2019,BOI,ID,ANM,WE,Combined TRACON& Tower with Radar,151,26,81,12,270,1,10,140,27,178,152,36,221,39,448,22,4,26,474
08/14/2019,BOI,ID,ANM,WE,Combined TRACON& Tower with Radar,157,25,53,23,258,1,22,116,28,167,158,47,169,51,425,28,10,38,463
08/15/2019,BOI,ID,ANM,WE,Combined TRACON& Tower with Radar,157,22,77,8,264,0,22,118,23,163,157,44,195,31,427,88,0,88,515
08/16/2019,BOI,ID,ANM,WE,Combined TRACON& Tower with Radar,162,24,58,8,252,0,10,106,12,128,162,34,164,20,380,90,0,90,470
08/17/2019,BOI,ID,ANM,WE,Combined TRACON& Tower with Radar,148,14,27,6,195,0,17,117,9,143,148,31,144,15,338,12,20,32,370
08/18/2019,BOI,ID,ANM,WE,Combined TRACON& Tower with Radar,137,17,24,1,179,0,17,117,5,139,137,34,141,6,318,46,0,46,364
08/19/2019,BOI,ID,ANM,WE,Combined TRACON& Tower with Radar,147,26,57,10,240,0,12,112,12,136,147,38,169,22,376,81,0,81,457
08/20/2019,BOI,ID,ANM,WE,Combined TRACON& Tower with Radar,162,19,73,10,264,0,28,103,16,147,162,47,176,26,411,112,8,120,531
08/21/2019,BOI,ID,ANM,WE,Combined TRACON& Tower with Radar,162,23,67,16,268,0,8,127,19,154,162,31,194,35,422,112,20,132,554
08/22/2019,BOI,ID,ANM,WE,Combined TRACON& Tower with Radar,161,18,72,19,270,0,14,101,11,126,161,32,173,30,396,56,8,64,460
08/23/2019,BOI,ID,ANM,WE,Combined TRACON& Tower with Radar,153,16,59,6,234,0,14,112,3,129,153,30,171,9,363,64,0,64,427
08/24/2019,BOI,ID,ANM,WE,Combined TRACON& Tower with Radar,139,14,33,0,186,0,15,108,1,124,139,29,141,1,310,66,0,66,376
08/25/2019,BOI,ID,ANM,WE,Combined TRACON& Tower with Radar,142,19,44,0,205,0,7,80,2,89,142,26,124,2,294,22,0,22,316
08/26/2019,BOI,ID,ANM,WE,Combined TRACON& Tower with Radar,148,27,62,14,251,0,28,90,3,121,148,55,152,17,372,93,6,99,471
08/27/2019,BOI,ID,ANM,WE,Combined TRACON& Tower with Radar,152,20,89,6,267,0,14,99,7,120,152,34,188,13,387,60,6,66,453
08/28/2019,BOI,ID,ANM,WE,Combined TRACON& Tower with Radar,154,20,65,31,270,0,15,116,13,144,154,35,181,44,414,56,22,78,492
08/29/2019,BOI,ID,ANM,WE,Combined TRACON& Tower with Radar,160,21,67,5,253,0,10,104,13,127,160,31,171,18,380,42,4,46,426
08/30/2019,BOI,ID,ANM,WE,Combined TRACON& Tower with Radar,150,18,60,3,231,0,18,108,5,131,150,36,168,8,362,66,2,68,430
08/31/2019,BOI,ID,ANM,WE,Combined TRACON& Tower with Radar,118,10,22,1,151,0,14,83,3,100,118,24,105,4,251,142,0,142,393
09/01/2019,BOI,ID,ANM,WE,Combined TRACON& Tower with Radar,117,9,21,0,147,0,27,63,0,90,117,36,84,0,237,22,0,22,259
09/02/2019,BOI,ID,ANM,WE,Combined TRACON& Tower with Radar,133,18,34,1,186,0,24,101,3,128,133,42,135,4,314,56,0,56,370
09/03/2019,BOI,ID,ANM,WE,Combined TRACON& Tower with Radar,133,21,65,12,231,0,17,80,15,112,133,38,145,27,343,80,4,84,427
09/04/2019,BOI,ID,ANM,WE,Combined TRACON& Tower with Radar,146,20,56,12,234,0,9,113,27,149,146,29,169,39,383,52,4,56,439
09/05/2019,BOI,ID,ANM,WE,Combined TRACON& Tower with Radar,147,12,69,7,235,0,18,85,13,116,147,30,154,20,351,44,0,44,395
09/06/2019,BOI,ID,ANM,WE,Combined TRACON& Tower with Radar,142,26,52,3,223,0,8,42,7,57,142,34,94,10,280,48,0,48,328
09/07/2019,BOI,ID,ANM,WE,Combined TRACON& Tower with Radar,132,15,47,13,207,0,13,95,30,138,132,28,142,43,345,54,2,56,401
09/08/2019,BOI,ID,ANM,WE,Combined TRACON& Tower with Radar,140,10,52,5,207,0,9,21,2,32,140,19,73,7,239,32,2,34,273
09/09/2019,BOI,ID,ANM,WE,Combined TRACON& Tower with Radar,146,26,56,5,233,0,6,77,4,87,146,32,133,9,320,102,2,104,424
09/10/2019,BOI,ID,ANM,WE,Combined TRACON& Tower with Radar,151,20,60,7,238,0,15,92,13,120,151,35,152,20,358,102,0,102,460
09/11/2019,BOI,ID,ANM,WE,Combined TRACON& Tower with Radar,154,15,66,18,253,0,5,82,19,106,154,20,148,37,359,131,26,157,516
09/12/2019,BOI,ID,ANM,WE,Combined TRACON& Tower with Radar,154,18,60,18,250,0,18,107,16,141,154,36,167,34,391,88,21,109,500
09/13/2019,BOI,ID,ANM,WE,Combined TRACON& Tower with Radar,151,17,59,5,232,0,3,124,2,129,151,20,183,7,361,72,0,72,433
09/14/2019,BOI,ID,ANM,WE,Combined TRACON& Tower with Radar,128,17,29,1,175,0,10,103,4,117,128,27,132,5,292,28,0,28,320
09/15/2019,BOI,ID,ANM,WE,Combined TRACON& Tower with Radar,139,12,43,3,197,0,14,73,0,87,139,26,116,3,284,32,0,32,316
09/16/2019,BOI,ID,ANM,WE,Combined TRACON& Tower with Radar,143,17,55,19,234,0,4,72,5,81,143,21,127,24,315,68,0,68,383
09/17/2019,BOI,ID,ANM,WE,Combined TRACON& Tower with Radar,153,21,65,7,246,0,7,97,14,118,153,28,162,21,364,100,0,100,464
09/18/2019,BOI,ID,ANM,WE,Combined TRACON& Tower with Radar,153,26,79,12,270,0,15,55,13,83,153,41,134,25,353,44,0,44,397
09/19/2019,BOI,ID,ANM,WE,Combined TRACON& Tower with Radar,158,26,72,18,274,0,4,41,9,54,158,30,113,27,328,16,0,16,344
09/20/2019,BOI,ID,ANM,WE,Combined TRACON& Tower with Radar,156,27,64,14,261,0,10,75,9,94,156,37,139,23,355,28,12,40,395
09/21/2019,BOI,ID,ANM,WE,Combined TRACON& Tower with Radar,135,21,45,4,205,0,8,112,3,123,135,29,157,7,328,74,0,74,402
09/22/2019,BOI,ID,ANM,WE,Combined TRACON& Tower with Radar,142,20,47,6,215,0,9,107,2,118,142,29,154,8,333,82,0,82,415
09/23/2019,BOI,ID,ANM,WE,Combined TRACON& Tower with Radar,150,21,51,26,248,0,7,94,15,116,150,28,145,41,364,90,18,108,472
09/24/2019,BOI,ID,ANM,WE,Combined TRACON& Tower with Radar,154,19,68,10,251,0,15,80,17,112,154,34,148,27,363,160,12,172,535
09/25/2019,BOI,ID,ANM,WE,Combined TRACON& Tower with Radar,154,22,62,9,247,0,8,92,19,119,154,30,154,28,366,30,2,32,398
09/26/2019,BOI,ID,ANM,WE,Combined TRACON& Tower with Radar,160,21,67,10,258,0,11,91,11,113,160,32,158,21,371,60,0,60,431
09/27/2019,BOI,ID,ANM,WE,Combined TRACON& Tower with Radar,149,15,65,2,231,0,17,92,6,115,149,32,157,8,346,136,0,136,482
09/28/2019,BOI,ID,ANM,WE,Combined TRACON& Tower with Radar,136,16,36,2,190,0,1,39,3,43,136,17,75,5,233,14,0,14,247
09/29/2019,BOI,ID,ANM,WE,Combined TRACON& Tower with Radar,142,25,40,2,209,0,0,33,1,34,142,25,73,3,243,16,0,16,259
09/30/2019,BOI,ID,ANM,WE,Combined TRACON& Tower with Radar,146,16,71,2,235,0,9,79,2,90,146,25,150,4,325,102,0,102,427
10/01/2019,BOI,ID,ANM,WE,Combined TRACON& Tower with Radar,151,20,66,11,248,0,7,60,18,85,151,27,126,29,333,42,10,52,385
10/02/2019,BOI,ID,ANM,WE,Combined TRACON& Tower with Radar,151,26,57,13,247,0,9,118,18,145,151,35,175,31,392,98,0,98,490
10/03/2019,BOI,ID,ANM,WE,Combined TRACON& Tower with Radar,154,23,77,11,265,0,11,99,22,132,154,34,176,33,397,60,2,62,459
10/04/2019,BOI,ID,ANM,WE,Combined TRACON& Tower with Radar,157,19,67,18,261,0,4,37,8,49,157,23,104,26,310,4,4,8,318
10/05/2019,BOI,ID,ANM,WE,Combined TRACON& Tower with Radar,129,14,37,14,194,0,12,89,10,111,129,26,126,24,305,42,14,56,361
10/06/2019,BOI,ID,ANM,WE,Combined TRACON& Tower with Radar,144,17,42,13,216,0,13,98,8,119,144,30,140,21,335,26,0,26,361
10/07/2019,BOI,ID,ANM,WE,Combined TRACON& Tower with Radar,146,19,67,6,238,0,9,105,1,115,146,28,172,7,353,26,2,28,381
10/08/2019,BOI,ID,ANM,WE,Combined TRACON& Tower with Radar,154,19,60,3,236,0,1,75,13,89,154,20,135,16,325,126,10,136,461
10/09/2019,BOI,ID,ANM,WE,Combined TRACON& Tower with Radar,153,19,67,22,261,0,7,19,16,42,153,26,86,38,303,60,7,67,370
10/10/2019,BOI,ID,ANM,WE,Combined TRACON& Tower with Radar,159,24,70,14,267,0,12,104,19,135,159,36,174,33,402,130,4,134,536
10/11/2019,BOI,ID,ANM,WE,Combined TRACON& Tower with Radar,153,19,51,11,234,0,14,109,9,132,153,33,160,20,366,62,6,68,434
10/12/2019,BOI,ID,ANM,WE,Combined TRACON& Tower with Radar,134,13,30,0,177,0,4,99,0,103,134,17,129,0,280,22,0,22,302
10/13/2019,BOI,ID,ANM,WE,Combined TRACON& Tower with Radar,144,16,31,0,191,0,2,79,0,81,144,18,110,0,272,82,0,82,354
10/14/2019,BOI,ID,ANM,WE,Combined TRACON& Tower with Radar,145,22,50,2,219,0,13,104,0,117,145,35,154,2,336,104,0,104,440
10/15/2019,BOI,ID,ANM,WE,Combined TRACON& Tower with Radar,155,14,54,6,229,0,8,94,19,121,155,22,148,25,350,50,2,52,402
10/16/2019,BOI,ID,ANM,WE,Combined TRACON& Tower with Radar,153,18,61,18,250,0,13,84,25,122,153,31,145,43,372,92,34,126,498
10/17/2019,BOI,ID,ANM,WE,Combined TRACON& Tower with Radar,163,22,75,11,271,0,4,49,20,73,163,26,124,31,344,22,18,40,384
10/18/2019,BOI,ID,ANM,WE,Combined TRACON& Tower with Radar,153,19,48,16,236,0,9,64,9,82,153,28,112,25,318,80,8,88,406
10/19/2019,BOI,ID,ANM,WE,Combined TRACON& Tower with Radar,126,13,24,1,164,0,2,10,0,12,126,15,34,1,176,14,0,14,190
10/20/2019,BOI,ID,ANM,WE,Combined TRACON& Tower with Radar,141,16,43,3,203,0,5,62,3,70,141,21,105,6,273,40,0,40,313
10/21/2019,BOI,ID,ANM,WE,Combined TRACON& Tower with Radar,150,30,56,13,249,0,13,59,6,78,150,43,115,19,327,66,0,66,393
10/22/2019,BOI,ID,ANM,WE,Combined TRACON& Tower with Radar,149,22,49,17,237,0,10,76,21,107,149,32,125,38,344,112,8,120,464
10/23/2019,BOI,ID,ANM,WE,Combined TRACON& Tower with Radar,160,28,66,21,275,0,10,83,23,116,160,38,149,44,391,37,0,37,428
10/24/2019,BOI,ID,ANM,WE,Combined TRACON& Tower with Radar,160,17,80,15,272,0,4,105,17,126,160,21,185,32,398,112,0,112,510
10/25/2019,BOI,ID,ANM,WE,Combined TRACON& Tower with Radar,150,20,61,2,233,0,7,98,2,107,150,27,159,4,340,56,0,56,396
10/26/2019,BOI,ID,ANM,WE,Combined TRACON& Tower with Radar,121,15,28,1,165,0,8,39,4,51,121,23,67,5,216,30,0,30,246
10/27/2019,BOI,ID,ANM,WE,Combined TRACON& Tower with Radar,131,15,21,5,172,0,13,64,2,79,131,28,85,7,251,20,0,20,271
10/28/2019,BOI,ID,ANM,WE,Combined TRACON& Tower with Radar,134,30,76,19,259,0,6,77,12,95,134,36,153,31,354,88,32,120,474
10/29/2019,BOI,ID,ANM,WE,Combined TRACON& Tower with Radar,139,23,48,12,222,0,9,43,8,60,139,32,91,20,282,46,4,50,332
10/30/2019,BOI,ID,ANM,WE,Combined TRACON& Tower with Radar,145,25,65,15,250,0,8,103,16,127,145,33,168,31,377,36,2,38,415
10/31/2019,BOI,ID,ANM,WE,Combined TRACON& Tower with Radar,121,23,57,12,213,0,8,80,15,103,121,31,137,27,316,48,2,50,366
11/01/2019,BOI,ID,ANM,WE,Combined TRACON& Tower with Radar,137,24,59,16,236,0,8,88,18,114,137,32,147,34,350,42,8,50,400
11/02/2019,BOI,ID,ANM,WE,Combined TRACON& Tower with Radar,118,16,34,5,173,0,3,90,20,113,118,19,124,25,286,102,6,108,394
11/03/2019,BOI,ID,ANM,WE,Combined TRACON& Tower with Radar,133,13,39,11,196,0,4,76,20,100,133,17,115,31,296,36,8,44,340
11/04/2019,BOI,ID,ANM,WE,Combined TRACON& Tower with Radar,148,19,41,4,212,0,2,75,10,87,148,21,116,14,299,109,0,109,408
11/05/2019,BOI,ID,ANM,WE,Combined TRACON& Tower with Radar,143,31,70,7,251,0,6,89,19,114,143,37,159,26,365,58,6,64,429
11/06/2019,BOI,ID,ANM,WE,Combined TRACON& Tower with Radar,141,19,78,9,247,0,6,118,23,147,141,25,196,32,394,96,4,100,494
11/07/2019,BOI,ID,ANM,WE,Combined TRACON& Tower with Radar,160,22,63,12,257,0,2,87,16,105,160,24,150,28,362,108,0,108,470
11/08/2019,BOI,ID,ANM,WE,Combined TRACON& Tower with Radar,153,30,62,8,253,0,4,96,19,119,153,34,158,27,372,100,12,112,484
11/09/2019,BOI,ID,ANM,WE,Combined TRACON& Tower with Radar,139,18,37,2,196,0,8,104,2,114,139,26,141,4,310,14,4,18,328
11/10/2019,BOI,ID,ANM,WE,Combined TRACON& Tower with Radar,137,19,31,0,187,0,0,51,0,51,137,19,82,0,238,30,0,30,268
11/11/2019,BOI,ID,ANM,WE,Combined TRACON& Tower with Radar,147,22,77,0,246,0,2,92,2,96,147,24,169,2,342,42,0,42,384
11/12/2019,BOI,ID,ANM,WE,Combined TRACON& Tower with Radar,144,33,73,31,281,0,3,91,24,118,144,36,164,55,399,68,16,84,483
11/13/2019,BOI,ID,ANM,WE,Combined TRACON& Tower with Radar,155,28,82,34,299,0,7,99,32,138,155,35,181,66,437,76,26,102,539
11/14/2019,BOI,ID,ANM,WE,Combined TRACON& Tower with Radar,158,22,75,30,285,0,4,95,30,129,158,26,170,60,414,70,10,80,494
11/15/2019,BOI,ID,ANM,WE,Combined TRACON& Tower with Radar,154,18,88,12,272,0,5,86,9,100,154,23,174,21,372,42,0,42,414
11/16/2019,BOI,ID,ANM,WE,Combined TRACON& Tower with Radar,128,20,33,0,181,0,7,83,4,94,128,27,116,4,275,50,0,50,325
11/17/2019,BOI,ID,ANM,WE,Combined TRACON& Tower with Radar,135,16,32,4,187,0,3,66,2,71,135,19,98,6,258,52,2,54,312
11/18/2019,BOI,ID,ANM,WE,Combined TRACON& Tower with Radar,149,21,69,26,265,0,15,89,14,118,149,36,158,40,383,84,18,102,485
11/19/2019,BOI,ID,ANM,WE,Combined TRACON& Tower with Radar,147,25,80,18,270,0,5,64,12,81,147,30,144,30,351,138,30,168,519
11/20/2019,BOI,ID,ANM,WE,Combined TRACON& Tower with Radar,148,22,72,6,248,0,8,75,18,101,148,30,147,24,349,44,2,46,395
11/21/2019,BOI,ID,ANM,WE,Combined TRACON& Tower with Radar,156,20,97,6,279,0,0,92,20,112,156,20,189,26,391,58,2,60,451
11/22/2019,BOI,ID,ANM,WE,Combined TRACON& Tower with Radar,161,19,62,13,255,0,10,106,4,120,161,29,168,17,375,39,4,43,418
11/23/2019,BOI,ID,ANM,WE,Combined TRACON& Tower with Radar,134,23,35,0,192,0,4,85,8,97,134,27,120,8,289,62,0,62,351
11/24/2019,BOI,ID,ANM,WE,Combined TRACON& Tower with Radar,127,17,29,3,176,0,8,58,0,66,127,25,87,3,242,40,0,40,282
11/25/2019,BOI,ID,ANM,WE,Combined TRACON& Tower with Radar,139,24,45,7,215,0,8,33,6,47,139,32,78,13,262,42,0,42,304
11/26/2019,BOI,ID,ANM,WE,Combined TRACON& Tower with Radar,147,23,65,8,243,0,5,46,19,70,147,28,111,27,313,46,0,46,359
11/27/2019,BOI,ID,ANM,WE,Combined TRACON& Tower with Radar,156,30,26,9,221,0,7,4,12,23,156,37,30,21,244,4,0,4,248
11/28/2019,BOI,ID,ANM,WE,Combined TRACON& Tower with Radar,101,10,9,0,120,0,1,7,0,8,101,11,16,0,128,6,0,6,134
11/29/2019,BOI,ID,ANM,WE,Combined TRACON& Tower with Radar,120,20,26,0,166,0,0,3,0,3,120,20,29,0,169,0,0,0,169
11/30/2019,BOI,ID,ANM,WE,Combined TRACON& Tower with Radar,157,15,44,0,216,0,3,91,0,94,157,18,135,0,310,98,0,98,408
12/01/2019,BOI,ID,ANM,WE,Combined TRACON& Tower with Radar,141,17,31,2,191,0,0,0,1,1,141,17,31,3,192,0,0,0,192
12/02/2019,BOI,ID,ANM,WE,Combined TRACON& Tower with Radar,165,31,64,0,260,0,0,0,0,0,165,31,64,0,260,0,0,0,260
12/03/2019,BOI,ID,ANM,WE,Combined TRACON& Tower with Radar,157,26,47,20,250,0,0,1,0,1,157,26,48,20,251,0,0,0,251
12/04/2019,BOI,ID,ANM,WE,Combined TRACON& Tower with Radar,164,26,75,18,283,0,3,61,22,86,164,29,136,40,369,96,2,98,467
12/05/2019,BOI,ID,ANM,WE,Combined TRACON& Tower with Radar,158,28,65,9,260,0,0,3,1,4,158,28,68,10,264,16,0,16,280
12/06/2019,BOI,ID,ANM,WE,Combined TRACON& Tower with Radar,155,21,89,12,277,0,6,67,8,81,155,27,156,20,358,20,8,28,386
12/07/2019,BOI,ID,ANM,WE,Combined TRACON& Tower with Radar,128,20,38,16,202,0,4,17,27,48,128,24,55,43,250,8,4,12,262
12/08/2019,BOI,ID,ANM,WE,Combined TRACON& Tower with Radar,138,14,51,5,208,0,4,14,7,25,138,18,65,12,233,74,0,74,307
12/09/2019,BOI,ID,ANM,WE,Combined TRACON& Tower with Radar,145,29,75,1,250,0,9,82,5,96,145,38,157,6,346,74,4,78,424
12/10/2019,BOI,ID,ANM,WE,Combined TRACON& Tower with Radar,152,34,101,12,299,0,6,105,13,124,152,40,206,25,423,48,2,50,473
12/11/2019,BOI,ID,ANM,WE,Combined TRACON& Tower with Radar,154,31,89,13,287,0,3,38,6,47,154,34,127,19,334,54,2,56,390
12/12/2019,BOI,ID,ANM,WE,Combined TRACON& Tower with Radar,155,36,64,14,269,0,2,22,21,45,155,38,86,35,314,25,24,49,363
12/13/2019,BOI,ID,ANM,WE,Combined TRACON& Tower with Radar,155,33,62,9,259,0,4,21,7,32,155,37,83,16,291,60,0,60,351
12/14/2019,BOI,ID,ANM,WE,Combined TRACON& Tower with Radar,125,18,30,0,173,0,4,41,0,45,125,22,71,0,218,62,0,62,280
12/15/2019,BOI,ID,ANM,WE,Combined TRACON& Tower with Radar,135,14,22,0,171,0,6,49,0,55,135,20,71,0,226,8,0,8,234
12/16/2019,BOI,ID,ANM,WE,Combined TRACON& Tower with Radar,148,35,84,7,274,0,9,107,6,122,148,44,191,13,396,100,0,100,496
12/17/2019,BOI,ID,ANM,WE,Combined TRACON& Tower with Radar,162,23,81,48,314,0,3,83,29,115,162,26,164,77,429,74,68,142,571
12/18/2019,BOI,ID,ANM,WE,Combined TRACON& Tower with Radar,150,24,83,26,283,0,12,95,25,132,150,36,178,51,415,103,12,115,530
12/19/2019,BOI,ID,ANM,WE,Combined TRACON& Tower with Radar,160,33,64,8,265,0,15,16,23,54,160,48,80,31,319,18,4,22,341
12/20/2019,BOI,ID,ANM,WE,Combined TRACON& Tower with Radar,158,39,80,6,283,0,0,50,1,51,158,39,130,7,334,78,4,82,416
12/21/2019,BOI,ID,ANM,WE,Combined TRACON& Tower with Radar,152,23,34,0,209,0,8,46,0,54,152,31,80,0,263,80,0,80,343
12/22/2019,BOI,ID,ANM,WE,Combined TRACON& Tower with Radar,147,27,28,0,202,0,6,41,0,47,147,33,69,0,249,64,0,64,313
12/23/2019,BOI,ID,ANM,WE,Combined TRACON& Tower with Radar,150,32,42,9,233,0,7,46,5,58,150,39,88,14,291,174,4,178,469
12/24/2019,BOI,ID,ANM,WE,Combined TRACON& Tower with Radar,139,26,15,0,180,0,0,8,0,8,139,26,23,0,188,0,0,0,188
12/25/2019,BOI,ID,ANM,WE,Combined TRACON& Tower with Radar,120,19,2,0,141,0,0,0,0,0,120,19,2,0,141,0,0,0,141
12/26/2019,BOI,ID,ANM,WE,Combined TRACON& Tower with Radar,149,34,45,0,228,0,7,15,0,22,149,41,60,0,250,46,0,46,296
12/27/2019,BOI,ID,ANM,WE,Combined TRACON& Tower with Radar,155,32,54,4,245,0,4,50,4,58,155,36,104,8,303,142,0,142,445
12/28/2019,BOI,ID,ANM,WE,Combined TRACON& Tower with Radar,146,30,26,0,202,0,5,60,0,65,146,35,86,0,267,0,0,0,267
12/29/2019,BOI,ID,ANM,WE,Combined TRACON& Tower with Radar,141,25,17,0,183,0,2,0,0,2,141,27,17,0,185,133,0,133,318
12/30/2019,BOI,ID,ANM,WE,Combined TRACON& Tower with Radar,149,35,49,6,239,0,2,45,6,53,149,37,94,12,292,50,0,50,342
12/31/2019,BOI,ID,ANM,WE,Combined TRACON& Tower with Radar,141,25,19,7,192,0,2,49,8,59,141,27,68,15,251,52,0,52,303
01/01/2020,BOI,ID,ANM,WE,Combined TRACON& Tower with Radar,125,25,21,0,171,0,5,9,0,14,125,30,30,0,185,26,0,26,211
01/02/2020,BOI,ID,ANM,WE,Combined TRACON& Tower with Radar,149,33,44,3,229,0,8,45,10,63,149,41,89,13,292,36,4,40,332
01/03/2020,BOI,ID,ANM,WE,Combined TRACON& Tower with Radar,155,33,41,7,236,0,7,78,10,95,155,40,119,17,331,48,0,48,379
01/04/2020,BOI,ID,ANM,WE,Combined TRACON& Tower with Radar,133,29,26,1,189,0,2,35,2,39,133,31,61,3,228,68,0,68,296
01/05/2020,BOI,ID,ANM,WE,Combined TRACON& Tower with Radar,127,24,29,0,180,0,7,12,0,19,127,31,41,0,199,70,0,70,269
01/06/2020,BOI,ID,ANM,WE,Combined TRACON& Tower with Radar,145,31,63,27,266,0,3,30,7,40,145,34,93,34,306,55,0,55,361
01/07/2020,BOI,ID,ANM,WE,Combined TRACON& Tower with Radar,137,23,76,15,251,0,16,95,27,138,137,39,171,42,389,72,14,86,475
01/08/2020,BOI,ID,ANM,WE,Combined TRACON& Tower with Radar,137,23,52,8,220,0,4,27,20,51,137,27,79,28,271,20,10,30,301
01/09/2020,BOI,ID,ANM,WE,Combined TRACON& Tower with Radar,142,31,44,33,250,0,6,14,19,39,142,37,58,52,289,0,0,0,289
01/10/2020,BOI,ID,ANM,WE,Combined TRACON& Tower with Radar,144,33,57,9,243,0,9,39,8,56,144,42,96,17,299,40,8,48,347
01/11/2020,BOI,ID,ANM,WE,Combined TRACON& Tower with Radar,107,21,32,6,166,0,0,2,4,6,107,21,34,10,172,0,0,0,172
01/12/2020,BOI,ID,ANM,WE,Combined TRACON& Tower with Radar,131,19,18,0,168,0,0,2,0,2,131,19,20,0,170,0,0,0,170
01/13/2020,BOI,ID,ANM,WE,Combined TRACON& Tower with Radar,136,39,62,4,241,0,4,22,2,28,136,43,84,6,269,50,0,50,319
01/14/2020,BOI,ID,ANM,WE,Combined TRACON& Tower with Radar,143,28,39,7,217,0,4,21,5,30,143,32,60,12,247,40,2,42,289
01/15/2020,BOI,ID,ANM,WE,Combined TRACON& Tower with Radar,135,31,68,10,244,0,7,46,19,72,135,38,114,29,316,30,4,34,350
01/16/2020,BOI,ID,ANM,WE,Combined TRACON& Tower with Radar,141,35,65,10,251,0,4,27,18,49,141,39,92,28,300,12,8,20,320
01/17/2020,BOI,ID,ANM,WE,Combined TRACON& Tower with Radar,144,26,61,10,241,0,13,77,11,101,144,39,138,21,342,78,16,94,436
01/18/2020,BOI,ID,ANM,WE,Combined TRACON& Tower with Radar,102,23,39,2,166,0,4,66,2,72,102,27,105,4,238,0,0,0,238
01/19/2020,BOI,ID,ANM,WE,Combined TRACON& Tower with Radar,117,17,38,0,172,0,9,86,0,95,117,26,124,0,267,70,0,70,337
01/20/2020,BOI,ID,ANM,WE,Combined TRACON& Tower with Radar,138,33,64,0,235,0,16,94,0,110,138,49,158,0,345,106,0,106,451
01/21/2020,BOI,ID,ANM,WE,Combined TRACON& Tower with Radar,131,28,87,12,258,0,2,61,7,70,131,30,148,19,328,107,0,107,435
01/22/2020,BOI,ID,ANM,WE,Combined TRACON& Tower with Radar,137,29,66,8,240,0,0,57,11,68,137,29,123,19,308,78,4,82,390
01/23/2020,BOI,ID,ANM,WE,Combined TRACON& Tower with Radar,144,31,79,13,267,0,6,61,10,77,144,37,140,23,344,80,4,84,428
01/24/2020,BOI,ID,ANM,WE,Combined TRACON& Tower with Radar,144,32,53,6,235,0,2,32,7,41,144,34,85,13,276,76,0,76,352
01/25/2020,BOI,ID,ANM,WE,Combined TRACON& Tower with Radar,105,24,29,9,167,0,1,9,0,10,105,25,38,9,177,18,0,18,195
01/26/2020,BOI,ID,ANM,WE,Combined TRACON& Tower with Radar,126,20,29,0,175,0,0,6,0,6,126,20,35,0,181,0,0,0,181
01/27/2020,BOI,ID,ANM,WE,Combined TRACON& Tower with Radar,136,28,71,17,252,0,8,55,15,78,136,36,126,32,330,52,0,52,382
01/28/2020,BOI,ID,ANM,WE,Combined TRACON& Tower with Radar,138,27,51,12,228,0,2,19,20,41,138,29,70,32,269,0,22,22,291
01/29/2020,BOI,ID,ANM,WE,Combined TRACON& Tower with Radar,137,29,71,10,247,0,1,46,22,69,137,30,117,32,316,74,26,100,416
01/30/2020,BOI,ID,ANM,WE,Combined TRACON& Tower with Radar,140,35,91,13,279,0,1,16,15,32,140,36,107,28,311,86,4,90,401
01/31/2020,BOI,ID,ANM,WE,Combined TRACON& Tower with Radar,143,32,68,0,243,0,15,84,0,99,143,47,152,0,342,130,0,130,472
02/01/2020,BOI,ID,ANM,WE,Combined TRACON& Tower with Radar,101,25,44,3,173,0,8,73,0,81,101,33,117,3,254,78,0,78,332
02/02/2020,BOI,ID,ANM,WE,Combined TRACON& Tower with Radar,126,22,24,0,172,0,12,7,0,19,126,34,31,0,191,0,0,0,191
02/03/2020,BOI,ID,ANM,WE,Combined TRACON& Tower with Radar,137,20,66,24,247,0,16,13,4,33,137,36,79,28,280,10,0,10,290
02/04/2020,BOI,ID,ANM,WE,Combined TRACON& Tower with Radar,136,33,76,8,253,0,17,116,26,159,136,50,192,34,412,84,10,94,506
02/05/2020,BOI,ID,ANM,WE,Combined TRACON& Tower with Radar,139,37,52,0,228,0,0,0,0,0,139,37,52,0,228,0,0,0,228
02/06/2020,BOI,ID,ANM,WE,Combined TRACON& Tower with Radar,151,34,70,9,264,0,5,9,22,36,151,39,79,31,300,4,4,8,308
02/07/2020,BOI,ID,ANM,WE,Combined TRACON& Tower with Radar,142,33,50,11,236,0,11,43,12,66,142,44,93,23,302,34,0,34,336
02/08/2020,BOI,ID,ANM,WE,Combined TRACON& Tower with Radar,110,32,27,8,177,0,5,30,28,63,110,37,57,36,240,62,4,66,306
02/09/2020,BOI,ID,ANM,WE,Combined TRACON& Tower with Radar,132,16,31,10,189,0,7,93,16,116,132,23,124,26,305,54,0,54,359
02/10/2020,BOI,ID,ANM,WE,Combined TRACON& Tower with Radar,134,30,61,2,227,0,13,85,2,100,134,43,146,4,327,66,2,68,395
02/11/2020,BOI,ID,ANM,WE,Combined TRACON& Tower with Radar,131,27,69,24,251,0,11,90,18,119,131,38,159,42,370,82,36,118,488
02/12/2020,BOI,ID,ANM,WE,Combined TRACON& Tower with Radar,139,28,80,15,262,0,14,106,20,140,139,42,186,35,402,104,18,122,524
02/13/2020,BOI,ID,ANM,WE,Combined TRACON& Tower with Radar,144,31,78,14,267,0,20,100,21,141,144,51,178,35,408,52,12,64,472
02/14/2020,BOI,ID,ANM,WE,Combined TRACON& Tower with Radar,150,34,46,5,235,0,19,46,7,72,150,53,92,12,307,19,4,23,330
02/15/2020,BOI,ID,ANM,WE,Combined TRACON& Tower with Radar,107,26,31,0,164,0,10,43,2,55,107,36,74,2,219,38,0,38,257
02/16/2020,BOI,ID,ANM,WE,Combined TRACON& Tower with Radar,120,22,14,0,156,0,8,3,1,12,120,30,17,1,168,0,0,0,168
02/17/2020,BOI,ID,ANM,WE,Combined TRACON& Tower with Radar,139,41,46,1,227,0,12,59,2,73,139,53,105,3,300,69,0,69,369
02/18/2020,BOI,ID,ANM,WE,Combined TRACON& Tower with Radar,139,27,72,21,259,0,9,108,15,132,139,36,180,36,391,86,0,86,477
02/19/2020,BOI,ID,ANM,WE,Combined TRACON& Tower with Radar,135,37,73,27,272,0,14,116,18,148,135,51,189,45,420,140,0,140,560
02/20/2020,BOI,ID,ANM,WE,Combined TRACON& Tower with Radar,143,35,72,12,262,0,20,89,15,124,143,55,161,27,386,78,0,78,464
02/21/2020,BOI,ID,ANM,WE,Combined TRACON& Tower with Radar,144,29,52,7,232,0,14,98,10,122,144,43,150,17,354,108,6,114,468
02/22/2020,BOI,ID,ANM,WE,Combined TRACON& Tower with Radar,115,20,37,6,178,0,14,110,10,134,115,34,147,16,312,66,0,66,378
02/23/2020,BOI,ID,ANM,WE,Combined TRACON& Tower with Radar,129,22,38,6,195,0,6,36,2,44,129,28,74,8,239,26,0,26,265
02/24/2020,BOI,ID,ANM,WE,Combined TRACON& Tower with Radar,140,30,57,6,233,0,9,75,0,84,140,39,132,6,317,74,0,74,391
02/25/2020,BOI,ID,ANM,WE,Combined TRACON& Tower with Radar,141,29,68,7,245,0,4,97,22,123,141,33,165,29,368,76,0,76,444
02/26/2020,BOI,ID,ANM,WE,Combined TRACON& Tower with Radar,137,37,96,32,302,0,5,122,25,152,137,42,218,57,454,95,12,107,561
02/27/2020,BOI,ID,ANM,WE,Combined TRACON& Tower with Radar,145,36,87,13,281,0,13,101,22,136,145,49,188,35,417,110,4,114,531
02/28/2020,BOI,ID,ANM,WE,Combined TRACON& Tower with Radar,146,40,74,12,272,0,10,70,7,87,146,50,144,19,359,30,6,36,395
02/29/2020,BOI,ID,ANM,WE,Combined TRACON& Tower with Radar,111,20,25,2,158,0,8,50,0,58,111,28,75,2,216,40,0,40,256
03/01/2020,BOI,ID,ANM,WE,Combined TRACON& Tower with Radar,131,24,40,1,196,0,6,29,1,36,131,30,69,2,232,30,0,30,262
03/02/2020,BOI,ID,ANM,WE,Combined TRACON& Tower with Radar,139,28,40,31,238,0,9,56,6,71,139,37,96,37,309,74,0,74,383
03/03/2020,BOI,ID,ANM,WE,Combined TRACON& Tower with Radar,143,26,55,29,253,0,5,61,19,85,143,31,116,48,338,66,50,116,454
03/04/2020,BOI,ID,ANM,WE,Combined TRACON& Tower with Radar,139,30,65,35,269,0,12,84,29,125,139,42,149,64,394,86,42,128,522
03/05/2020,BOI,ID,ANM,WE,Combined TRACON& Tower with Radar,150,32,70,9,261,0,5,100,22,127,150,37,170,31,388,78,6,84,472
03/06/2020,BOI,ID,ANM,WE,Combined TRACON& Tower with Radar,149,25,64,15,253,0,14,71,11,96,149,39,135,26,349,62,36,98,447
03/07/2020,BOI,ID,ANM,WE,Combined TRACON& Tower with Radar,115,21,33,14,183,0,3,13,23,39,115,24,46,37,222,0,0,0,222
03/08/2020,BOI,ID,ANM,WE,Combined TRACON& Tower with Radar,133,29,36,3,201,0,12,87,15,114,133,41,123,18,315,68,2,70,385
03/09/2020,BOI,ID,ANM,WE,Combined TRACON& Tower with Radar,149,34,56,7,246,0,17,68,3,88,149,51,124,10,334,134,2,136,470
03/10/2020,BOI,ID,ANM,WE,Combined TRACON& Tower with Radar,145,33,70,1,249,0,17,109,10,136,145,50,179,11,385,102,2,104,489
03/11/2020,BOI,ID,ANM,WE,Combined TRACON& Tower with Radar,147,20,60,25,252,0,9,101,19,129,147,29,161,44,381,94,10,104,485
03/12/2020,BOI,ID,ANM,WE,Combined TRACON& Tower with Radar,155,31,50,12,248,0,12,63,15,90,155,43,113,27,338,30,12,42,380
03/13/2020,BOI,ID,ANM,WE,Combined TRACON& Tower with Radar,148,22,61,15,246,0,17,71,12,100,148,39,132,27,346,50,10,60,406
03/14/2020,BOI,ID,ANM,WE,Combined TRACON& Tower with Radar,120,23,27,0,170,0,5,17,0,22,120,28,44,0,192,34,0,34,226
03/15/2020,BOI,ID,ANM,WE,Combined TRACON& Tower with Radar,139,24,47,1,211,0,2,21,1,24,139,26,68,2,235,8,0,8,243
03/16/2020,BOI,ID,ANM,WE,Combined TRACON& Tower with Radar,145,33,48,11,237,0,11,58,8,77,145,44,106,19,314,79,3,82,396
03/17/2020,BOI,ID,ANM,WE,Combined TRACON& Tower with Radar,145,30,47,10,232,0,6,52,10,68,145,36,99,20,300,34,0,34,334
03/18/2020,BOI,ID,ANM,WE,Combined TRACON& Tower with Radar,142,32,37,13,224,0,6,56,9,71,142,38,93,22,295,60,0,60,355
03/19/2020,BOI,ID,ANM,WE,Combined TRACON& Tower with Radar,152,22,34,11,219,0,8,66,17,91,152,30,100,28,310,64,0,64,374
03/20/2020,BOI,ID,ANM,WE,Combined TRACON& Tower with Radar,133,19,52,1,205,0,7,82,2,91,133,26,134,3,296,56,0,56,352
03/21/2020,BOI,ID,ANM,WE,Combined TRACON& Tower with Radar,100,26,26,0,152,0,14,85,0,99,100,40,111,0,251,52,0,52,303
03/22/2020,BOI,ID,ANM,WE,Combined TRACON& Tower with Radar,101,13,20,0,134,0,9,76,0,85,101,22,96,0,219,38,0,38,257
03/23/2020,BOI,ID,ANM,WE,Combined TRACON& Tower with Radar,125,21,16,4,166,0,5,34,1,40,125,26,50,5,206,52,0,52,258
03/24/2020,BOI,ID,ANM,WE,Combined TRACON& Tower with Radar,110,17,22,10,159,0,6,31,8,45,110,23,53,18,204,60,2,62,266
03/25/2020,BOI,ID,ANM,WE,Combined TRACON& Tower with Radar,104,16,21,8,149,0,2,30,8,40,104,18,51,16,189,42,0,42,231
03/26/2020,BOI,ID,ANM,WE,Combined TRACON& Tower with Radar,105,21,20,4,150,0,2,38,11,51,105,23,58,15,201,32,2,34,235
03/27/2020,BOI,ID,ANM,WE,Combined TRACON& Tower with Radar,92,15,18,0,125,1,3,25,1,30,93,18,43,1,155,22,0,22,177
03/28/2020,BOI,ID,ANM,WE,Combined TRACON& Tower with Radar,88,13,10,0,111,0,0,52,0,52,88,13,62,0,163,20,0,20,183
03/29/2020,BOI,ID,ANM,WE,Combined TRACON& Tower with Radar,96,11,11,0,118,0,0,6,0,6,96,11,17,0,124,4,0,4,128
03/30/2020,BOI,ID,ANM,WE,Combined TRACON& Tower with Radar,85,9,20,0,114,0,7,12,2,21,85,16,32,2,135,19,0,19,154
03/31/2020,BOI,ID,ANM,WE,Combined TRACON& Tower with Radar,98,17,14,2,131,0,8,3,2,13,98,25,17,4,144,0,0,0,144
04/01/2020,BOI,ID,ANM,WE,Combined TRACON& Tower with Radar,89,12,15,1,117,0,4,39,4,47,89,16,54,5,164,25,0,25,189
04/02/2020,BOI,ID,ANM,WE,Combined TRACON& Tower with Radar,83,15,21,15,134,0,9,55,1,65,83,24,76,16,199,20,2,22,221
04/03/2020,BOI,ID,ANM,WE,Combined TRACON& Tower with Radar,72,12,22,1,107,0,11,34,1,46,72,23,56,2,153,30,0,30,183
04/04/2020,BOI,ID,ANM,WE,Combined TRACON& Tower with Radar,59,8,9,1,77,0,6,24,0,30,59,14,33,1,107,0,0,0,107
04/05/2020,BOI,ID,ANM,WE,Combined TRACON& Tower with Radar,57,8,8,0,73,0,4,11,0,15,57,12,19,0,88,8,0,8,96
04/06/2020,BOI,ID,ANM,WE,Combined TRACON& Tower with Radar,66,11,17,0,94,0,5,29,2,36,66,16,46,2,130,38,0,38,168
04/07/2020,BOI,ID,ANM,WE,Combined TRACON& Tower with Radar,65,9,15,7,96,0,6,53,5,64,65,15,68,12,160,22,0,22,182
04/08/2020,BOI,ID,ANM,WE,Combined TRACON& Tower with Radar,76,8,18,5,107,0,11,75,10,96,76,19,93,15,203,44,0,44,247
04/09/2020,BOI,ID,ANM,WE,Combined TRACON& Tower with Radar,73,6,26,4,109,0,6,71,9,86,73,12,97,13,195,36,12,48,243
04/10/2020,BOI,ID,ANM,WE,Combined TRACON& Tower with Radar,63,9,19,0,91,0,2,65,1,68,63,11,84,1,159,14,0,14,173
04/11/2020,BOI,ID,ANM,WE,Combined TRACON& Tower with Radar,51,3,11,0,65,0,4,14,0,18,51,7,25,0,83,10,0,10,93
04/12/2020,BOI,ID,ANM,WE,Combined TRACON& Tower with Radar,39,2,5,0,46,0,3,17,0,20,39,5,22,0,66,18,0,18,84
04/13/2020,BOI,ID,ANM,WE,Combined TRACON& Tower with Radar,56,18,13,8,95,0,6,40,7,53,56,24,53,15,148,26,0,26,174
04/14/2020,BOI,ID,ANM,WE,Combined TRACON& Tower with Radar,57,7,18,5,87,0,7,42,6,55,57,14,60,11,142,24,2,26,168
04/15/2020,BOI,ID,ANM,WE,Combined TRACON& Tower with Radar,52,9,24,7,92,0,3,16,3,22,52,12,40,10,114,12,0,12,126
04/16/2020,BOI,ID,ANM,WE,Combined TRACON& Tower with Radar,45,14,22,4,85,0,0,51,4,55,45,14,73,8,140,48,0,48,188
04/17/2020,BOI,ID,ANM,WE,Combined TRACON& Tower with Radar,45,9,24,4,82,0,8,90,10,108,45,17,114,14,190,58,4,62,252
04/18/2020,BOI,ID,ANM,WE,Combined TRACON& Tower with Radar,37,4,27,0,68,0,10,76,0,86,37,14,103,0,154,48,0,48,202
04/19/2020,BOI,ID,ANM,WE,Combined TRACON& Tower with Radar,35,4,13,0,52,0,9,52,0,61,35,13,65,0,113,12,0,12,125
04/20/2020,BOI,ID,ANM,WE,Combined TRACON& Tower with Radar,41,10,19,0,70,0,14,61,2,77,41,24,80,2,147,60,0,60,207
04/21/2020,BOI,ID,ANM,WE,Combined TRACON& Tower with Radar,44,15,21,2,82,0,10,53,2,65,44,25,74,4,147,62,0,62,209
04/22/2020,BOI,ID,ANM,WE,Combined TRACON& Tower with Radar,46,13,26,1,86,0,10,58,0,68,46,23,84,1,154,36,0,36,190
04/23/2020,BOI,ID,ANM,WE,Combined TRACON& Tower with Radar,53,12,18,1,84,0,7,12,0,19,53,19,30,1,103,22,2,24,127
04/24/2020,BOI,ID,ANM,WE,Combined TRACON& Tower with Radar,42,7,32,2,83,0,9,76,3,88,42,16,108,5,171,30,0,30,201
04/25/2020,BOI,ID,ANM,WE,Combined TRACON& Tower with Radar,38,5,14,0,57,0,10,44,0,54,38,15,58,0,111,16,0,16,127
04/26/2020,BOI,ID,ANM,WE,Combined TRACON& Tower with Radar,33,7,34,0,74,0,4,60,0,64,33,11,94,0,138,21,0,21,159
04/27/2020,BOI,ID,ANM,WE,Combined TRACON& Tower with Radar,38,12,19,9,78,0,4,26,4,34,38,16,45,13,112,12,4,16,128
04/28/2020,BOI,ID,ANM,WE,Combined TRACON& Tower with Radar,44,10,24,5,83,0,3,52,18,73,44,13,76,23,156,22,0,22,178
04/29/2020,BOI,ID,ANM,WE,Combined TRACON& Tower with Radar,47,11,23,10,91,0,9,54,3,66,47,20,77,13,157,22,0,22,179
04/30/2020,BOI,ID,ANM,WE,Combined TRACON& Tower with Radar,53,16,26,7,102,0,2,32,15,49,53,18,58,22,151,30,8,38,189
05/01/2020,BOI,ID,ANM,WE,Combined TRACON& Tower with Radar,46,10,31,6,93,0,7,88,8,103,46,17,119,14,196,20,0,20,216
05/02/2020,BOI,ID,ANM,WE,Combined TRACON& Tower with Radar,37,11,8,0,56,0,12,47,0,59,37,23,55,0,115,0,0,0,115
05/03/2020,BOI,ID,ANM,WE,Combined TRACON& Tower with Radar,37,5,15,0,57,0,9,24,0,33,37,14,39,0,90,24,0,24,114
05/04/2020,BOI,ID,ANM,WE,Combined TRACON& Tower with Radar,40,21,33,9,103,0,6,81,1,88,40,27,114,10,191,32,0,32,223
05/05/2020,BOI,ID,ANM,WE,Combined TRACON& Tower with Radar,48,9,26,4,87,0,11,74,15,100,48,20,100,19,187,10,0,10,197
05/06/2020,BOI,ID,ANM,WE,Combined TRACON& Tower with Radar,50,13,29,15,107,0,5,26,8,39,50,18,55,23,146,0,0,0,146
05/07/2020,BOI,ID,ANM,WE,Combined TRACON& Tower with Radar,57,9,39,6,111,0,14,91,14,119,57,23,130,20,230,30,12,42,272
05/08/2020,BOI,ID,ANM,WE,Combined TRACON& Tower with Radar,54,15,51,15,135,0,12,116,10,138,54,27,167,25,273,44,26,70,343
05/09/2020,BOI,ID,ANM,WE,Combined TRACON& Tower with Radar,39,6,14,0,59,0,2,90,0,92,39,8,104,0,151,24,0,24,175
05/10/2020,BOI,ID,ANM,WE,Combined TRACON& Tower with Radar,49,5,13,0,67,0,10,58,0,68,49,15,71,0,135,24,0,24,159
05/11/2020,BOI,ID,ANM,WE,Combined TRACON& Tower with Radar,48,13,28,20,109,0,5,65,8,78,48,18,93,28,187,14,24,38,225
05/12/2020,BOI,ID,ANM,WE,Combined TRACON& Tower with Radar,48,11,38,8,105,0,12,47,26,85,48,23,85,34,190,48,46,94,284
05/13/2020,BOI,ID,ANM,WE,Combined TRACON& Tower with Radar,58,11,33,12,114,0,4,41,19,64,58,15,74,31,178,30,22,52,230
05/14/2020,BOI,ID,ANM,WE,Combined TRACON& Tower with Radar,54,14,41,2,111,0,6,27,19,52,54,20,68,21,163,7,7,14,177
05/15/2020,BOI,ID,ANM,WE,Combined TRACON& Tower with Radar,54,14,49,1,118,0,6,90,6,102,54,20,139,7,220,8,0,8,228
05/16/2020,BOI,ID,ANM,WE,Combined TRACON& Tower with Radar,44,2,21,0,67,0,1,68,0,69,44,3,89,0,136,6,0,6,142
05/17/2020,BOI,ID,ANM,WE,Combined TRACON& Tower with Radar,50,4,8,0,62,0,5,25,0,30,50,9,33,0,92,14,0,14,106
05/18/2020,BOI,ID,ANM,WE,Combined TRACON& Tower with Radar,47,21,35,6,109,0,6,25,1,32,47,27,60,7,141,14,16,30,171
05/19/2020,BOI,ID,ANM,WE,Combined TRACON& Tower with Radar,50,11,28,13,102,0,4,12,9,25,50,15,40,22,127,12,16,28,155
05/20/2020,BOI,ID,ANM,WE,Combined TRACON& Tower with Radar,55,20,47,3,125,0,1,4,1,6,55,21,51,4,131,0,0,0,131
05/21/2020,BOI,ID,ANM,WE,Combined TRACON& Tower with Radar,63,15,42,28,148,0,4,55,16,75,63,19,97,44,223,14,8,22,245
05/22/2020,BOI,ID,ANM,WE,Combined TRACON& Tower with Radar,57,9,42,0,108,0,6,53,1,60,57,15,95,1,168,18,0,18,186
05/23/2020,BOI,ID,ANM,WE,Combined TRACON& Tower with Radar,50,3,22,0,75,0,9,72,3,84,50,12,94,3,159,66,0,66,225
05/24/2020,BOI,ID,ANM,WE,Combined TRACON& Tower with Radar,55,5,15,0,75,0,17,72,1,90,55,22,87,1,165,20,0,20,185
05/25/2020,BOI,ID,ANM,WE,Combined TRACON& Tower with Radar,50,3,31,0,84,0,2,110,0,112,50,5,141,0,196,46,0,46,242
05/26/2020,BOI,ID,ANM,WE,Combined TRACON& Tower with Radar,54,13,42,5,114,0,7,68,6,81,54,20,110,11,195,56,0,56,251
05/27/2020,BOI,ID,ANM,WE,Combined TRACON& Tower with Radar,58,16,64,17,155,0,13,107,25,145,58,29,171,42,300,132,10,142,442
05/28/2020,BOI,ID,ANM,WE,Combined TRACON& Tower with Radar,70,13,68,4,155,0,7,111,4,122,70,20,179,8,277,120,0,120,397
05/29/2020,BOI,ID,ANM,WE,Combined TRACON& Tower with Radar,55,6,41,3,105,0,21,95,1,117,55,27,136,4,222,64,4,68,290
05/30/2020,BOI,ID,ANM,WE,Combined TRACON& Tower with Radar,53,20,13,1,87,0,7,45,0,52,53,27,58,1,139,0,0,0,139
05/31/2020,BOI,ID,ANM,WE,Combined TRACON& Tower with Radar,61,2,18,4,85,0,6,85,0,91,61,8,103,4,176,26,0,26,202
06/01/2020,BOI,ID,ANM,WE,Combined TRACON& Tower with Radar,59,8,40,1,108,0,6,62,1,69,59,14,102,2,177,66,0,66,243
06/02/2020,BOI,ID,ANM,WE,Combined TRACON& Tower with Radar,63,13,62,8,146,0,9,140,12,161,63,22,202,20,307,162,24,186,493
06/03/2020,BOI,ID,ANM,WE,Combined TRACON& Tower with Radar,62,18,63,5,148,1,11,108,17,137,63,29,171,22,285,88,12,100,385
06/04/2020,BOI,ID,ANM,WE,Combined TRACON& Tower with Radar,64,14,48,24,150,0,11,119,21,151,64,25,167,45,301,66,12,78,379
06/05/2020,BOI,ID,ANM,WE,Combined TRACON& Tower with Radar,64,13,64,9,150,0,6,104,5,115,64,19,168,14,265,30,6,36,301
06/06/2020,BOI,ID,ANM,WE,Combined TRACON& Tower with Radar,59,24,17,4,104,0,11,36,17,64,59,35,53,21,168,12,20,32,200
06/07/2020,BOI,ID,ANM,WE,Combined TRACON& Tower with Radar,67,9,37,8,121,0,0,1,8,9,67,9,38,16,130,0,0,0,130
06/08/2020,BOI,ID,ANM,WE,Combined TRACON& Tower with Radar,65,9,47,8,129,0,3,66,27,96,65,12,113,35,225,26,8,34,259
06/09/2020,BOI,ID,ANM,WE,Combined TRACON& Tower with Radar,64,15,63,24,166,0,11,92,20,123,64,26,155,44,289,58,2,60,349
06/10/2020,BOI,ID,ANM,WE,Combined TRACON& Tower with Radar,71,20,59,48,198,0,6,135,25,166,71,26,194,73,364,50,32,82,446
06/11/2020,BOI,ID,ANM,WE,Combined TRACON& Tower with Radar,76,12,65,22,175,0,9,99,20,128,76,21,164,42,303,70,4,74,377
06/12/2020,BOI,ID,ANM,WE,Combined TRACON& Tower with Radar,72,14,49,5,140,0,15,100,19,134,72,29,149,24,274,100,0,100,374
06/13/2020,BOI,ID,ANM,WE,Combined TRACON& Tower with Radar,66,12,20,2,100,0,0,10,3,13,66,12,30,5,113,0,0,0,113
06/14/2020,BOI,ID,ANM,WE,Combined TRACON& Tower with Radar,71,8,26,2,107,0,4,44,25,73,71,12,70,27,180,12,0,12,192
06/15/2020,BOI,ID,ANM,WE,Combined TRACON& Tower with Radar,75,10,37,8,130,0,7,68,23,98,75,17,105,31,228,58,14,72,300
06/16/2020,BOI,ID,ANM,WE,Combined TRACON& Tower with Radar,73,13,51,3,140,0,9,15,15,39,73,22,66,18,179,48,12,60,239
06/17/2020,BOI,ID,ANM,WE,Combined TRACON& Tower with Radar,80,15,52,20,167,0,12,58,22,92,80,27,110,42,259,24,14,38,297
06/18/2020,BOI,ID,ANM,WE,Combined TRACON& Tower with Radar,86,14,65,8,173,0,9,143,20,172,86,23,208,28,345,20,0,20,365
06/19/2020,BOI,ID,ANM,WE,Combined TRACON& Tower with Radar,72,4,50,3,129,0,10,119,17,146,72,14,169,20,275,7,0,7,282
06/20/2020,BOI,ID,ANM,WE,Combined TRACON& Tower with Radar,73,4,37,0,114,0,12,114,0,126,73,16,151,0,240,12,0,12,252
06/21/2020,BOI,ID,ANM,WE,Combined TRACON& Tower with Radar,83,5,32,1,121,0,5,77,7,89,83,10,109,8,210,0,0,0,210
06/22/2020,BOI,ID,ANM,WE,Combined TRACON& Tower with Radar,81,10,50,4,145,0,14,104,15,133,81,24,154,19,278,62,0,62,340
06/23/2020,BOI,ID,ANM,WE,Combined TRACON& Tower with Radar,86,18,51,9,164,0,18,107,16,141,86,36,158,25,305,92,12,104,409
06/24/2020,BOI,ID,ANM,WE,Combined TRACON& Tower with Radar,85,23,57,7,172,0,15,111,16,142,85,38,168,23,314,88,0,88,402
06/25/2020,BOI,ID,ANM,WE,Combined TRACON& Tower with Radar,92,15,56,16,179,0,8,97,10,115,92,23,153,26,294,58,4,62,356
06/26/2020,BOI,ID,ANM,WE,Combined TRACON& Tower with Radar,85,13,65,5,168,0,15,123,3,141,85,28,188,8,309,58,2,60,369
06/27/2020,BOI,ID,ANM,WE,Combined TRACON& Tower with Radar,81,11,26,0,118,0,13,107,0,120,81,24,133,0,238,12,0,12,250
06/28/2020,BOI,ID,ANM,WE,Combined TRACON& Tower with Radar,79,3,27,0,109,0,10,47,0,57,79,13,74,0,166,6,0,6,172
06/29/2020,BOI,ID,ANM,WE,Combined TRACON& Tower with Radar,77,14,49,3,143,0,1,4,0,5,77,15,53,3,148,0,0,0,148
06/30/2020,BOI,ID,ANM,WE,Combined TRACON& Tower with Radar,80,7,75,22,184,0,15,89,25,129,80,22,164,47,313,105,16,121,434
07/01/2020,BOI,ID,ANM,WE,Combined TRACON& Tower with Radar,84,20,55,29,188,0,15,102,18,135,84,35,157,47,323,34,0,34,357
07/02/2020,BOI,ID,ANM,WE,Combined TRACON& Tower with Radar,90,7,49,0,146,0,14,118,0,132,90,21,167,0,278,82,0,82,360
07/03/2020,BOI,ID,ANM,WE,Combined TRACON& Tower with Radar,83,8,29,0,120,0,13,117,3,133,83,21,146,3,253,62,0,62,315
07/04/2020,BOI,ID,ANM,WE,Combined TRACON& Tower with Radar,74,2,11,0,87,0,16,74,0,90,74,18,85,0,177,66,0,66,243
07/05/2020,BOI,ID,ANM,WE,Combined TRACON& Tower with Radar,89,6,26,0,121,0,14,57,1,72,89,20,83,1,193,10,0,10,203
07/06/2020,BOI,ID,ANM,WE,Combined TRACON& Tower with Radar,86,14,42,11,153,0,8,89,5,102,86,22,131,16,255,20,2,22,277
07/07/2020,BOI,ID,ANM,WE,Combined TRACON& Tower with Radar,92,12,52,9,165,0,15,94,15,124,92,27,146,24,289,30,0,30,319
07/08/2020,BOI,ID,ANM,WE,Combined TRACON& Tower with Radar,94,11,26,12,143,0,8,119,22,149,94,19,145,34,292,22,0,22,314
07/09/2020,BOI,ID,ANM,WE,Combined TRACON& Tower with Radar,102,19,55,30,206,0,9,110,21,140,102,28,165,51,346,58,4,62,408
07/10/2020,BOI,ID,ANM,WE,Combined TRACON& Tower with Radar,95,11,52,1,159,0,12,107,6,125,95,23,159,7,284,50,0,50,334
07/11/2020,BOI,ID,ANM,WE,Combined TRACON& Tower with Radar,93,5,30,0,128,0,17,89,0,106,93,22,119,0,234,74,0,74,308
07/12/2020,BOI,ID,ANM,WE,Combined TRACON& Tower with Radar,97,6,22,2,127,0,19,92,1,112,97,25,114,3,239,6,0,6,245
07/13/2020,BOI,ID,ANM,WE,Combined TRACON& Tower with Radar,92,10,39,0,141,0,9,110,6,125,92,19,149,6,266,6,0,6,272
07/14/2020,BOI,ID,ANM,WE,Combined TRACON& Tower with Radar,93,9,54,23,179,0,21,121,11,153,93,30,175,34,332,100,22,122,454
07/15/2020,BOI,ID,ANM,WE,Combined TRACON& Tower with Radar,98,27,48,2,175,0,8,122,16,146,98,35,170,18,321,24,6,30,351
07/16/2020,BOI,ID,ANM,WE,Combined TRACON& Tower with Radar,104,13,59,22,198,0,18,100,25,143,104,31,159,47,341,68,8,76,417
07/17/2020,BOI,ID,ANM,WE,Combined TRACON& Tower with Radar,99,9,38,2,148,0,11,113,6,130,99,20,151,8,278,70,0,70,348
07/18/2020,BOI,ID,ANM,WE,Combined TRACON& Tower with Radar,94,16,23,4,137,0,18,114,0,132,94,34,137,4,269,72,0,72,341
07/19/2020,BOI,ID,ANM,WE,Combined TRACON& Tower with Radar,102,10,39,0,151,0,21,66,3,90,102,31,105,3,241,12,0,12,253
07/20/2020,BOI,ID,ANM,WE,Combined TRACON& Tower with Radar,96,12,42,0,150,0,13,113,2,128,96,25,155,2,278,37,6,43,321
07/21/2020,BOI,ID,ANM,WE,Combined TRACON& Tower with Radar,99,9,47,8,163,0,15,89,24,128,99,24,136,32,291,10,8,18,309
07/22/2020,BOI,ID,ANM,WE,Combined TRACON& Tower with Radar,100,12,45,4,161,6,22,71,24,123,106,34,116,28,284,0,0,0,284
07/23/2020,BOI,ID,ANM,WE,Combined TRACON& Tower with Radar,106,11,44,10,171,0,9,72,18,99,106,20,116,28,270,44,2,46,316
07/24/2020,BOI,ID,ANM,WE,Combined TRACON& Tower with Radar,99,9,44,5,157,1,14,130,6,151,100,23,174,11,308,78,4,82,390
07/25/2020,BOI,ID,ANM,WE,Combined TRACON& Tower with Radar,98,5,32,0,135,0,31,102,20,153,98,36,134,20,288,58,0,58,346
07/26/2020,BOI,ID,ANM,WE,Combined TRACON& Tower with Radar,97,5,41,0,143,0,11,107,3,121,97,16,148,3,264,24,0,24,288
07/27/2020,BOI,ID,ANM,WE,Combined TRACON& Tower with Radar,94,15,43,7,159,6,39,95,25,165,100,54,138,32,324,20,0,20,344
07/28/2020,BOI,ID,ANM,WE,Combined TRACON& Tower with Radar,96,14,48,6,164,7,17,75,20,119,103,31,123,26,283,24,8,32,315
07/29/2020,BOI,ID,ANM,WE,Combined TRACON& Tower with Radar,98,13,68,5,184,3,11,139,27,180,101,24,207,32,364,146,4,150,514
07/30/2020,BOI,ID,ANM,WE,Combined TRACON& Tower with Radar,109,16,79,27,231,2,22,134,18,176,111,38,213,45,407,102,2,104,511
07/31/2020,BOI,ID,ANM,WE,Combined TRACON& Tower with Radar,100,14,63,1,178,5,13,121,25,164,105,27,184,26,342,58,2,60,402
08/01/2020,BOI,ID,ANM,WE,Combined TRACON& Tower with Radar,100,15,33,1,149,1,12,100,42,155,101,27,133,43,304,34,4,38,342
08/02/2020,BOI,ID,ANM,WE,Combined TRACON& Tower with Radar,109,1,23,2,135,1,11,92,19,123,110,12,115,21,258,36,0,36,294
08/03/2020,BOI,ID,ANM,WE,Combined TRACON& Tower with Radar,111,8,36,4,159,2,17,90,17,126,113,25,126,21,285,8,0,8,293
08/04/2020,BOI,ID,ANM,WE,Combined TRACON& Tower with Radar,111,11,48,15,185,2,9,105,17,133,113,20,153,32,318,18,0,18,336
08/05/2020,BOI,ID,ANM,WE,Combined TRACON& Tower with Radar,116,24,33,8,181,0,15,95,27,137,116,39,128,35,318,14,2,16,334
08/06/2020,BOI,ID,ANM,WE,Combined TRACON& Tower with Radar,121,13,56,27,217,11,39,105,107,262,132,52,161,134,479,12,8,20,499
08/07/2020,BOI,ID,ANM,WE,Combined TRACON& Tower with Radar,114,11,42,3,170,35,25,106,36,202,149,36,148,39,372,10,0,10,382
08/08/2020,BOI,ID,ANM,WE,Combined TRACON& Tower with Radar,114,7,31,1,153,6,21,112,59,198,120,28,143,60,351,14,0,14,365
08/09/2020,BOI,ID,ANM,WE,Combined TRACON& Tower with Radar,118,7,37,2,164,2,15,106,14,137,120,22,143,16,301,0,0,0,301
08/10/2020,BOI,ID,ANM,WE,Combined TRACON& Tower with Radar,111,6,56,8,181,2,28,143,12,185,113,34,199,20,366,28,0,28,394
08/11/2020,BOI,ID,ANM,WE,Combined TRACON& Tower with Radar,112,9,46,10,177,3,7,115,27,152,115,16,161,37,329,8,10,18,347
08/12/2020,BOI,ID,ANM,WE,Combined TRACON& Tower with Radar,112,11,44,19,186,1,11,121,35,168,113,22,165,54,354,24,26,50,404
08/13/2020,BOI,ID,ANM,WE,Combined TRACON& Tower with Radar,119,16,68,23,226,2,15,128,32,177,121,31,196,55,403,0,0,0,403
08/14/2020,BOI,ID,ANM,WE,Combined TRACON& Tower with Radar,113,12,45,8,178,1,10,134,11,156,114,22,179,19,334,22,0,22,356
08/15/2020,BOI,ID,ANM,WE,Combined TRACON& Tower with Radar,112,8,35,2,157,0,11,95,4,110,112,19,130,6,267,52,0,52,319
08/16/2020,BOI,ID,ANM,WE,Combined TRACON& Tower with Radar,115,8,35,1,159,1,19,85,10,115,116,27,120,11,274,10,0,10,284
08/17/2020,BOI,ID,ANM,WE,Combined TRACON& Tower with Radar,110,11,41,5,167,4,6,76,9,95,114,17,117,14,262,0,0,0,262
08/18/2020,BOI,ID,ANM,WE,Combined TRACON& Tower with Radar,111,14,50,6,181,7,12,96,40,155,118,26,146,46,336,0,0,0,336
08/19/2020,BOI,ID,ANM,WE,Combined TRACON& Tower with Radar,117,21,66,14,218,15,17,91,40,163,132,38,157,54,381,24,2,26,407
08/20/2020,BOI,ID,ANM,WE,Combined TRACON& Tower with Radar,121,20,89,6,236,4,10,101,19,134,125,30,190,25,370,28,0,28,398
08/21/2020,BOI,ID,ANM,WE,Combined TRACON& Tower with Radar,120,16,52,8,196,2,10,62,4,78,122,26,114,12,274,28,0,28,302
08/22/2020,BOI,ID,ANM,WE,Combined TRACON& Tower with Radar,111,11,39,3,164,1,18,61,19,99,112,29,100,22,263,78,0,78,341
08/23/2020,BOI,ID,ANM,WE,Combined TRACON& Tower with Radar,115,7,40,1,163,0,7,47,2,56,115,14,87,3,219,18,0,18,237
08/24/2020,BOI,ID,ANM,WE,Combined TRACON& Tower with Radar,108,15,48,10,181,0,11,43,5,59,108,26,91,15,240,14,0,14,254
08/25/2020,BOI,ID,ANM,WE,Combined TRACON& Tower with Radar,112,18,58,4,192,11,6,52,23,92,123,24,110,27,284,26,6,32,316
08/26/2020,BOI,ID,ANM,WE,Combined TRACON& Tower with Radar,111,21,55,17,204,5,15,97,26,143,116,36,152,43,347,32,2,34,381
08/27/2020,BOI,ID,ANM,WE,Combined TRACON& Tower with Radar,121,18,54,6,199,0,21,79,20,120,121,39,133,26,319,18,2,20,339
08/28/2020,BOI,ID,ANM,WE,Combined TRACON& Tower with Radar,117,11,61,3,192,0,18,103,6,127,117,29,164,9,319,36,2,38,357
08/29/2020,BOI,ID,ANM,WE,Combined TRACON& Tower with Radar,110,6,29,1,146,1,19,65,22,107,111,25,94,23,253,22,0,22,275
08/30/2020,BOI,ID,ANM,WE,Combined TRACON& Tower with Radar,113,6,38,4,161,4,16,75,11,106,117,22,113,15,267,2,0,2,269
08/31/2020,BOI,ID,ANM,WE,Combined TRACON& Tower with Radar,113,8,62,12,195,0,5,52,4,61,113,13,114,16,256,6,0,6,262
09/01/2020,BOI,ID,ANM,WE,Combined TRACON& Tower with Radar,118,16,47,6,187,1,2,96,15,114,119,18,143,21,301,26,4,30,331
09/02/2020,BOI,ID,ANM,WE,Combined TRACON& Tower with Radar,120,22,47,12,201,0,16,114,19,149,120,38,161,31,350,20,2,22,372
09/03/2020,BOI,ID,ANM,WE,Combined TRACON& Tower with Radar,126,19,65,4,214,0,17,102,22,141,126,36,167,26,355,0,0,0,355
09/04/2020,BOI,ID,ANM,WE,Combined TRACON& Tower with Radar,123,9,36,4,172,1,4,109,2,116,124,13,145,6,288,48,0,48,336
09/05/2020,BOI,ID,ANM,WE,Combined TRACON& Tower with Radar,110,9,14,3,136,0,7,65,2,74,110,16,79,5,210,26,0,26,236
09/06/2020,BOI,ID,ANM,WE,Combined TRACON& Tower with Radar,98,11,25,5,139,0,14,38,3,55,98,25,63,8,194,6,0,6,200
09/07/2020,BOI,ID,ANM,WE,Combined TRACON& Tower with Radar,106,15,44,1,166,6,6,58,26,96,112,21,102,27,262,10,0,10,272
09/08/2020,BOI,ID,ANM,WE,Combined TRACON& Tower with Radar,121,11,49,9,190,13,13,80,27,133,134,24,129,36,323,42,0,42,365
09/09/2020,BOI,ID,ANM,WE,Combined TRACON& Tower with Radar,115,19,46,14,194,9,9,82,30,130,124,28,128,44,324,24,12,36,360
09/10/2020,BOI,ID,ANM,WE,Combined TRACON& Tower with Radar,121,17,62,6,206,0,7,112,11,130,121,24,174,17,336,14,0,14,350
09/11/2020,BOI,ID,ANM,WE,Combined TRACON& Tower with Radar,120,16,41,8,185,0,8,129,14,151,120,24,170,22,336,26,0,26,362
09/12/2020,BOI,ID,ANM,WE,Combined TRACON& Tower with Radar,116,12,46,12,186,0,19,50,20,89,116,31,96,32,275,30,2,32,307
09/13/2020,BOI,ID,ANM,WE,Combined TRACON& Tower with Radar,116,23,71,18,228,0,0,2,1,3,116,23,73,19,231,0,0,0,231
09/14/2020,BOI,ID,ANM,WE,Combined TRACON& Tower with Radar,104,27,61,8,200,5,8,30,23,66,109,35,91,31,266,28,0,28,294
09/15/2020,BOI,ID,ANM,WE,Combined TRACON& Tower with Radar,101,27,72,21,221,0,5,50,17,72,101,32,122,38,293,0,0,0,293
09/16/2020,BOI,ID,ANM,WE,Combined TRACON& Tower with Radar,113,24,91,22,250,0,6,12,2,20,113,30,103,24,270,2,0,2,272
09/17/2020,BOI,ID,ANM,WE,Combined TRACON& Tower with Radar,122,26,66,13,227,0,8,32,13,53,122,34,98,26,280,0,0,0,280
09/18/2020,BOI,ID,ANM,WE,Combined TRACON& Tower with Radar,117,21,66,12,216,0,13,43,0,56,117,34,109,12,272,52,0,52,324
09/19/2020,BOI,ID,ANM,WE,Combined TRACON& Tower with Radar,112,11,41,1,165,0,4,49,2,55,112,15,90,3,220,46,0,46,266
09/20/2020,BOI,ID,ANM,WE,Combined TRACON& Tower with Radar,112,5,52,1,170,0,9,91,1,101,112,14,143,2,271,26,0,26,297
09/21/2020,BOI,ID,ANM,WE,Combined TRACON& Tower with Radar,106,18,67,16,207,0,14,97,8,119,106,32,164,24,326,94,0,94,420
09/22/2020,BOI,ID,ANM,WE,Combined TRACON& Tower with Radar,113,15,56,20,204,0,18,89,13,120,113,33,145,33,324,62,4,66,390
09/23/2020,BOI,ID,ANM,WE,Combined TRACON& Tower with Radar,115,21,55,12,203,0,16,74,20,110,115,37,129,32,313,96,6,102,415
09/24/2020,BOI,ID,ANM,WE,Combined TRACON& Tower with Radar,122,16,84,29,251,0,11,69,21,101,122,27,153,50,352,34,18,52,404
09/25/2020,BOI,ID,ANM,WE,Combined TRACON& Tower with Radar,118,14,56,7,195,0,8,94,6,108,118,22,150,13,303,10,0,10,313
09/26/2020,BOI,ID,ANM,WE,Combined TRACON& Tower with Radar,114,7,29,10,160,0,8,61,0,69,114,15,90,10,229,72,0,72,301
09/27/2020,BOI,ID,ANM,WE,Combined TRACON& Tower with Radar,113,6,33,4,156,0,21,105,3,129,113,27,138,7,285,12,0,12,297
09/28/2020,BOI,ID,ANM,WE,Combined TRACON& Tower with Radar,106,12,49,6,173,0,9,117,8,134,106,21,166,14,307,100,4,104,411
09/29/2020,BOI,ID,ANM,WE,Combined TRACON& Tower with Radar,114,14,63,26,217,0,10,116,19,145,114,24,179,45,362,38,14,52,414
09/30/2020,BOI,ID,ANM,WE,Combined TRACON& Tower with Radar,118,11,59,11,199,0,8,110,23,141,118,19,169,34,340,68,0,68,408
10/01/2020,BOI,ID,ANM,WE,Combined TRACON& Tower with Radar,131,11,72,13,227,0,14,105,22,141,131,25,177,35,368,84,0,84,452
10/02/2020,BOI,ID,ANM,WE,Combined TRACON& Tower with Radar,122,4,51,10,187,0,8,91,14,113,122,12,142,24,300,40,14,54,354
10/03/2020,BOI,ID,ANM,WE,Combined TRACON& Tower with Radar,118,19,49,16,202,0,11,60,24,95,118,30,109,40,297,16,22,38,335
10/04/2020,BOI,ID,ANM,WE,Combined TRACON& Tower with Radar,122,10,38,10,180,0,12,67,30,109,122,22,105,40,289,12,0,12,301
10/05/2020,BOI,ID,ANM,WE,Combined TRACON& Tower with Radar,117,13,57,4,191,0,10,77,6,93,117,23,134,10,284,46,0,46,330
10/06/2020,BOI,ID,ANM,WE,Combined TRACON& Tower with Radar,124,13,72,34,243,0,10,105,13,128,124,23,177,47,371,106,16,122,493
10/07/2020,BOI,ID,ANM,WE,Combined TRACON& Tower with Radar,125,11,53,25,214,0,7,104,10,121,125,18,157,35,335,132,0,132,467
10/08/2020,BOI,ID,ANM,WE,Combined TRACON& Tower with Radar,139,14,66,19,238,0,5,77,17,99,139,19,143,36,337,128,0,128,465
10/09/2020,BOI,ID,ANM,WE,Combined TRACON& Tower with Radar,130,14,52,9,205,0,10,52,12,74,130,24,104,21,279,52,14,66,345
10/10/2020,BOI,ID,ANM,WE,Combined TRACON& Tower with Radar,124,18,28,2,172,0,6,23,2,31,124,24,51,4,203,12,0,12,215
10/11/2020,BOI,ID,ANM,WE,Combined TRACON& Tower with Radar,128,7,41,0,176,0,15,39,0,54,128,22,80,0,230,4,0,4,234
10/12/2020,BOI,ID,ANM,WE,Combined TRACON& Tower with Radar,121,14,32,4,171,0,6,67,14,87,121,20,99,18,258,10,0,10,268
10/13/2020,BOI,ID,ANM,WE,Combined TRACON& Tower with Radar,128,18,57,10,213,0,9,77,14,100,128,27,134,24,313,94,10,104,417
10/14/2020,BOI,ID,ANM,WE,Combined TRACON& Tower with Radar,128,6,59,15,208,0,8,60,23,91,128,14,119,38,299,54,0,54,353
10/15/2020,BOI,ID,ANM,WE,Combined TRACON& Tower with Radar,142,19,89,17,267,0,23,92,25,140,142,42,181,42,407,86,4,90,497
10/16/2020,BOI,ID,ANM,WE,Combined TRACON& Tower with Radar,136,10,61,10,217,0,18,118,13,149,136,28,179,23,366,46,0,46,412
10/17/2020,BOI,ID,ANM,WE,Combined TRACON& Tower with Radar,123,10,20,4,157,0,10,46,3,59,123,20,66,7,216,26,0,26,242
10/18/2020,BOI,ID,ANM,WE,Combined TRACON& Tower with Radar,129,10,26,5,170,0,13,84,0,97,129,23,110,5,267,0,0,0,267
10/19/2020,BOI,ID,ANM,WE,Combined TRACON& Tower with Radar,123,12,35,5,175,0,13,83,26,122,123,25,118,31,297,48,0,48,345
10/20/2020,BOI,ID,ANM,WE,Combined TRACON& Tower with Radar,125,18,54,21,218,0,10,90,36,136,125,28,144,57,354,86,0,86,440
10/21/2020,BOI,ID,ANM,WE,Combined TRACON& Tower with Radar,127,19,45,42,233,0,10,72,29,111,127,29,117,71,344,66,8,74,418
10/22/2020,BOI,ID,ANM,WE,Combined TRACON& Tower with Radar,140,13,35,16,204,0,9,77,37,123,140,22,112,53,327,60,4,64,391
10/23/2020,BOI,ID,ANM,WE,Combined TRACON& Tower with Radar,126,15,54,5,200,0,6,97,27,130,126,21,151,32,330,106,0,106,436
10/24/2020,BOI,ID,ANM,WE,Combined TRACON& Tower with Radar,120,12,11,2,145,0,7,11,13,31,120,19,22,15,176,24,0,24,200
10/25/2020,BOI,ID,ANM,WE,Combined TRACON& Tower with Radar,122,9,31,1,163,0,4,57,2,63,122,13,88,3,226,20,0,20,246
10/26/2020,BOI,ID,ANM,WE,Combined TRACON& Tower with Radar,116,13,39,6,174,0,6,69,17,92,116,19,108,23,266,68,0,68,334
10/27/2020,BOI,ID,ANM,WE,Combined TRACON& Tower with Radar,108,26,45,21,200,0,12,71,36,119,108,38,116,57,319,56,16,72,391
10/28/2020,BOI,ID,ANM,WE,Combined TRACON& Tower with Radar,122,19,36,14,191,0,15,86,31,132,122,34,122,45,323,74,12,86,409
10/29/2020,BOI,ID,ANM,WE,Combined TRACON& Tower with Radar,132,24,50,34,240,0,19,124,37,180,132,43,174,71,420,105,6,111,531
10/30/2020,BOI,ID,ANM,WE,Combined TRACON& Tower with Radar,128,13,49,8,198,0,7,112,7,126,128,20,161,15,324,56,0,56,380
10/31/2020,BOI,ID,ANM,WE,Combined TRACON& Tower with Radar,109,7,37,2,155,0,11,117,0,128,109,18,154,2,283,24,0,24,307
11/01/2020,BOI,ID,ANM,WE,Combined TRACON& Tower with Radar,117,14,40,3,174,0,12,102,3,117,117,26,142,6,291,14,0,14,305
11/02/2020,BOI,ID,ANM,WE,Combined TRACON& Tower with Radar,110,22,45,6,183,0,6,95,7,108,110,28,140,13,291,28,2,30,321
11/03/2020,BOI,ID,ANM,WE,Combined TRACON& Tower with Radar,116,22,46,23,207,0,15,71,12,98,116,37,117,35,305,38,0,38,343
11/04/2020,BOI,ID,ANM,WE,Combined TRACON& Tower with Radar,123,20,59,14,216,0,4,99,20,123,123,24,158,34,339,18,10,28,367
11/05/2020,BOI,ID,ANM,WE,Combined TRACON& Tower with Radar,138,18,45,9,210,0,11,121,15,147,138,29,166,24,357,20,0,20,377
11/06/2020,BOI,ID,ANM,WE,Combined TRACON& Tower with Radar,125,14,36,7,182,0,2,78,11,91,125,16,114,18,273,4,0,4,277
11/07/2020,BOI,ID,ANM,WE,Combined TRACON& Tower with Radar,120,9,34,1,164,0,2,36,11,49,120,11,70,12,213,42,0,42,255
11/08/2020,BOI,ID,ANM,WE,Combined TRACON& Tower with Radar,134,10,17,6,167,0,0,1,1,2,134,10,18,7,169,0,0,0,169
11/09/2020,BOI,ID,ANM,WE,Combined TRACON& Tower with Radar,126,19,40,1,186,0,8,61,7,76,126,27,101,8,262,32,0,32,294
11/10/2020,BOI,ID,ANM,WE,Combined TRACON& Tower with Radar,122,23,47,6,198,0,5,21,13,39,122,28,68,19,237,64,6,70,307
11/11/2020,BOI,ID,ANM,WE,Combined TRACON& Tower with Radar,130,18,39,0,187,0,3,56,13,72,130,21,95,13,259,108,0,108,367
11/12/2020,BOI,ID,ANM,WE,Combined TRACON& Tower with Radar,147,32,84,14,277,0,11,93,24,128,147,43,177,38,405,24,6,30,435
11/13/2020,BOI,ID,ANM,WE,Combined TRACON& Tower with Radar,130,12,27,3,172,0,0,2,3,5,130,12,29,6,177,0,0,0,177
11/14/2020,BOI,ID,ANM,WE,Combined TRACON& Tower with Radar,119,12,27,5,163,0,8,70,0,78,119,20,97,5,241,46,0,46,287
11/15/2020,BOI,ID,ANM,WE,Combined TRACON& Tower with Radar,129,8,25,0,162,0,2,16,0,18,129,10,41,0,180,0,0,0,180
11/16/2020,BOI,ID,ANM,WE,Combined TRACON& Tower with Radar,125,25,52,7,209,0,6,76,11,93,125,31,128,18,302,60,0,60,362
11/17/2020,BOI,ID,ANM,WE,Combined TRACON& Tower with Radar,124,15,64,36,239,0,7,66,20,93,124,22,130,56,332,22,0,22,354
11/18/2020,BOI,ID,ANM,WE,Combined TRACON& Tower with Radar,126,15,51,10,202,0,5,24,20,49,126,20,75,30,251,62,0,62,313
11/19/2020,BOI,ID,ANM,WE,Combined TRACON& Tower with Radar,142,28,57,38,265,0,3,55,22,80,142,31,112,60,345,62,16,78,423
11/20/2020,BOI,ID,ANM,WE,Combined TRACON& Tower with Radar,132,17,54,18,221,0,9,132,9,150,132,26,186,27,371,70,0,70,441
11/21/2020,BOI,ID,ANM,WE,Combined TRACON& Tower with Radar,142,10,45,6,203,0,3,103,1,107,142,13,148,7,310,66,0,66,376
11/22/2020,BOI,ID,ANM,WE,Combined TRACON& Tower with Radar,141,5,40,3,189,0,0,85,3,88,141,5,125,6,277,18,0,18,295
11/23/2020,BOI,ID,ANM,WE,Combined TRACON& Tower with Radar,132,17,40,6,195,0,7,42,6,55,132,24,82,12,250,40,0,40,290
11/24/2020,BOI,ID,ANM,WE,Combined TRACON& Tower with Radar,149,13,49,22,233,0,4,91,16,111,149,17,140,38,344,70,18,88,432
11/25/2020,BOI,ID,ANM,WE,Combined TRACON& Tower with Radar,146,21,40,4,211,0,5,18,2,25,146,26,58,6,236,36,10,46,282
11/26/2020,BOI,ID,ANM,WE,Combined TRACON& Tower with Radar,76,9,17,0,102,0,3,29,0,32,76,12,46,0,134,12,0,12,146
11/27/2020,BOI,ID,ANM,WE,Combined TRACON& Tower with Radar,123,16,27,0,166,0,5,79,0,84,123,21,106,0,250,80,0,80,330
11/28/2020,BOI,ID,ANM,WE,Combined TRACON& Tower with Radar,145,9,36,0,190,0,5,59,0,64,145,14,95,0,254,12,0,12,266
11/29/2020,BOI,ID,ANM,WE,Combined TRACON& Tower with Radar,134,9,50,0,193,0,10,70,0,80,134,19,120,0,273,46,0,46,319
11/30/2020,BOI,ID,ANM,WE,Combined TRACON& Tower with Radar,135,17,42,16,210,0,3,27,5,35,135,20,69,21,245,44,4,48,293
12/01/2020,BOI,ID,ANM,WE,Combined TRACON& Tower with Radar,135,13,43,14,205,0,3,76,20,99,135,16,119,34,304,74,6,80,384
12/02/2020,BOI,ID,ANM,WE,Combined TRACON& Tower with Radar,121,18,57,22,218,0,6,71,22,99,121,24,128,44,317,46,18,64,381
12/03/2020,BOI,ID,ANM,WE,Combined TRACON& Tower with Radar,135,17,41,13,206,0,6,79,18,103,135,23,120,31,309,38,6,44,353
12/04/2020,BOI,ID,ANM,WE,Combined TRACON& Tower with Radar,127,17,35,6,185,0,6,75,16,97,127,23,110,22,282,8,2,10,292
12/05/2020,BOI,ID,ANM,WE,Combined TRACON& Tower with Radar,113,6,21,3,143,0,6,84,10,100,113,12,105,13,243,0,0,0,243
12/06/2020,BOI,ID,ANM,WE,Combined TRACON& Tower with Radar,125,5,22,3,155,0,1,50,12,63,125,6,72,15,218,4,0,4,222
12/07/2020,BOI,ID,ANM,WE,Combined TRACON& Tower with Radar,122,17,31,0,170,0,8,68,2,78,122,25,99,2,248,0,0,0,248
12/08/2020,BOI,ID,ANM,WE,Combined TRACON& Tower with Radar,120,16,38,4,178,0,4,72,16,92,120,20,110,20,270,28,0,28,298
12/09/2020,BOI,ID,ANM,WE,Combined TRACON& Tower with Radar,129,20,34,16,199,2,5,59,23,89,131,25,93,39,288,24,0,24,312
12/10/2020,BOI,ID,ANM,WE,Combined TRACON& Tower with Radar,133,21,56,11,221,0,7,94,17,118,133,28,150,28,339,22,0,22,361
12/11/2020,BOI,ID,ANM,WE,Combined TRACON& Tower with Radar,127,14,31,3,175,0,3,75,16,94,127,17,106,19,269,30,2,32,301
12/12/2020,BOI,ID,ANM,WE,Combined TRACON& Tower with Radar,113,14,48,2,177,0,13,86,18,117,113,27,134,20,294,26,0,26,320
12/13/2020,BOI,ID,ANM,WE,Combined TRACON& Tower with Radar,124,13,22,0,159,0,0,5,0,5,124,13,27,0,164,0,4,4,168
12/14/2020,BOI,ID,ANM,WE,Combined TRACON& Tower with Radar,120,30,47,8,205,0,3,33,8,44,120,33,80,16,249,6,0,6,255
12/15/2020,BOI,ID,ANM,WE,Combined TRACON& Tower with Radar,122,22,44,2,190,0,3,25,2,30,122,25,69,4,220,0,0,0,220
12/16/2020,BOI,ID,ANM,WE,Combined TRACON& Tower with Radar,125,21,46,4,196,0,0,3,1,4,125,21,49,5,200,0,0,0,200
12/17/2020,BOI,ID,ANM,WE,Combined TRACON& Tower with Radar,155,27,49,9,240,0,1,11,8,20,155,28,60,17,260,0,0,0,260
12/18/2020,BOI,ID,ANM,WE,Combined TRACON& Tower with Radar,143,23,66,3,235,0,9,101,6,116,143,32,167,9,351,24,0,24,375
12/19/2020,BOI,ID,ANM,WE,Combined TRACON& Tower with Radar,148,12,45,0,205,0,12,87,2,101,148,24,132,2,306,42,0,42,348
12/20/2020,BOI,ID,ANM,WE,Combined TRACON& Tower with Radar,135,16,19,0,170,0,2,17,0,19,135,18,36,0,189,34,0,34,223
12/21/2020,BOI,ID,ANM,WE,Combined TRACON& Tower with Radar,138,30,26,5,199,0,9,71,15,95,138,39,97,20,294,14,0,14,308
12/22/2020,BOI,ID,ANM,WE,Combined TRACON& Tower with Radar,148,32,46,8,234,0,4,16,21,41,148,36,62,29,275,4,4,8,283
12/23/2020,BOI,ID,ANM,WE,Combined TRACON& Tower with Radar,153,30,46,4,233,0,10,120,6,136,153,40,166,10,369,2,0,2,371
12/24/2020,BOI,ID,ANM,WE,Combined TRACON& Tower with Radar,107,17,19,0,143,0,3,69,0,72,107,20,88,0,215,0,0,0,215
12/25/2020,BOI,ID,ANM,WE,Combined TRACON& Tower with Radar,90,11,2,0,103,0,7,7,0,14,90,18,9,0,117,0,0,0,117
12/26/2020,BOI,ID,ANM,WE,Combined TRACON& Tower with Radar,135,16,29,0,180,0,1,2,0,3,135,17,31,0,183,0,0,0,183
12/27/2020,BOI,ID,ANM,WE,Combined TRACON& Tower with Radar,136,12,41,0,189,0,0,2,0,2,136,12,43,0,191,0,0,0,191
12/28/2020,BOI,ID,ANM,WE,Combined TRACON& Tower with Radar,128,19,35,6,188,0,5,10,2,17,128,24,45,8,205,20,0,20,225
12/29/2020,BOI,ID,ANM,WE,Combined TRACON& Tower with Radar,150,27,25,2,204,0,1,10,0,11,150,28,35,2,215,0,0,0,215
12/30/2020,BOI,ID,ANM,WE,Combined TRACON& Tower with Radar,144,27,54,3,228,0,5,50,21,76,144,32,104,24,304,38,12,50,354
12/31/2020,BOI,ID,ANM,WE,Combined TRACON& Tower with Radar,107,27,33,0,167,0,0,8,0,8,107,27,41,0,175,0,0,0,175
01/01/2021,BOI,ID,ANM,WE,Combined TRACON& Tower with Radar,94,10,33,0,137,0,4,62,0,66,94,14,95,0,203,38,0,38,241
01/02/2021,BOI,ID,ANM,WE,Combined TRACON& Tower with Radar,147,15,38,0,200,0,12,44,0,56,147,27,82,0,256,60,0,60,316
01/03/2021,BOI,ID,ANM,WE,Combined TRACON& Tower with Radar,129,21,39,0,189,0,2,15,0,17,129,23,54,0,206,0,0,0,206
01/04/2021,BOI,ID,ANM,WE,Combined TRACON& Tower with Radar,132,24,48,0,204,0,0,3,6,9,132,24,51,6,213,0,0,0,213
01/05/2021,BOI,ID,ANM,WE,Combined TRACON& Tower with Radar,121,20,58,14,213,0,4,105,28,137,121,24,163,42,350,14,0,14,364
01/06/2021,BOI,ID,ANM,WE,Combined TRACON& Tower with Radar,120,14,52,12,198,0,1,69,21,91,120,15,121,33,289,48,16,64,353
01/07/2021,BOI,ID,ANM,WE,Combined TRACON& Tower with Radar,131,22,55,3,211,0,5,37,32,74,131,27,92,35,285,16,0,16,301
01/08/2021,BOI,ID,ANM,WE,Combined TRACON& Tower with Radar,135,19,40,17,211,0,0,28,20,48,135,19,68,37,259,30,22,52,311
01/09/2021,BOI,ID,ANM,WE,Combined TRACON& Tower with Radar,105,15,36,4,160,0,3,43,7,53,105,18,79,11,213,8,0,8,221
01/10/2021,BOI,ID,ANM,WE,Combined TRACON& Tower with Radar,115,18,36,2,171,0,7,59,27,93,115,25,95,29,264,18,6,24,288
01/11/2021,BOI,ID,ANM,WE,Combined TRACON& Tower with Radar,120,19,43,5,187,0,14,95,2,111,120,33,138,7,298,10,0,10,308
01/12/2021,BOI,ID,ANM,WE,Combined TRACON& Tower with Radar,119,15,45,8,187,0,2,2,10,14,119,17,47,18,201,0,0,0,201
01/13/2021,BOI,ID,ANM,WE,Combined TRACON& Tower with Radar,122,22,41,9,194,0,11,31,23,65,122,33,72,32,259,6,10,16,275
01/14/2021,BOI,ID,ANM,WE,Combined TRACON& Tower with Radar,133,36,73,20,262,1,15,123,26,165,134,51,196,46,427,0,0,0,427
01/15/2021,BOI,ID,ANM,WE,Combined TRACON& Tower with Radar,127,27,48,7,209,0,13,74,9,96,127,40,122,16,305,10,0,10,315
01/16/2021,BOI,ID,ANM,WE,Combined TRACON& Tower with Radar,102,17,20,2,141,0,3,42,0,45,102,20,62,2,186,40,0,40,226
01/17/2021,BOI,ID,ANM,WE,Combined TRACON& Tower with Radar,109,19,32,3,163,0,3,33,0,36,109,22,65,3,199,22,0,22,221
01/18/2021,BOI,ID,ANM,WE,Combined TRACON& Tower with Radar,123,21,29,1,174,0,3,59,4,66,123,24,88,5,240,38,0,38,278
01/19/2021,BOI,ID,ANM,WE,Combined TRACON& Tower with Radar,118,19,46,10,193,0,2,107,11,120,118,21,153,21,313,85,4,89,402
01/20/2021,BOI,ID,ANM,WE,Combined TRACON& Tower with Radar,118,19,57,32,226,0,9,108,27,144,118,28,165,59,370,36,16,52,422
01/21/2021,BOI,ID,ANM,WE,Combined TRACON& Tower with Radar,136,25,53,5,219,0,4,28,21,53,136,29,81,26,272,40,8,48,320
01/22/2021,BOI,ID,ANM,WE,Combined TRACON& Tower with Radar,124,27,49,0,200,0,0,0,0,0,124,27,49,0,200,0,0,0,200
01/23/2021,BOI,ID,ANM,WE,Combined TRACON& Tower with Radar,105,23,34,3,165,0,6,85,1,92,105,29,119,4,257,72,0,72,329
01/24/2021,BOI,ID,ANM,WE,Combined TRACON& Tower with Radar,114,13,40,6,173,0,5,70,1,76,114,18,110,7,249,8,0,8,257
01/25/2021,BOI,ID,ANM,WE,Combined TRACON& Tower with Radar,118,19,52,8,197,0,8,68,11,87,118,27,120,19,284,30,0,30,314
01/26/2021,BOI,ID,ANM,WE,Combined TRACON& Tower with Radar,119,17,72,12,220,0,10,52,26,88,119,27,124,38,308,64,6,70,378
01/27/2021,BOI,ID,ANM,WE,Combined TRACON& Tower with Radar,119,20,46,5,190,0,4,5,25,34,119,24,51,30,224,30,0,30,254
01/28/2021,BOI,ID,ANM,WE,Combined TRACON& Tower with Radar,132,24,55,15,226,0,2,23,28,53,132,26,78,43,279,14,0,14,293
01/29/2021,BOI,ID,ANM,WE,Combined TRACON& Tower with Radar,126,24,41,7,198,0,0,0,0,0,126,24,41,7,198,6,0,6,204
01/30/2021,BOI,ID,ANM,WE,Combined TRACON& Tower with Radar,105,13,35,2,155,0,6,87,2,95,105,19,122,4,250,46,0,46,296
01/31/2021,BOI,ID,ANM,WE,Combined TRACON& Tower with Radar,115,16,29,3,163,0,3,40,2,45,115,19,69,5,208,50,0,50,258
02/01/2021,BOI,ID,ANM,WE,Combined TRACON& Tower with Radar,125,19,35,4,183,0,6,63,9,78,125,25,98,13,261,62,4,66,327
02/02/2021,BOI,ID,ANM,WE,Combined TRACON& Tower with Radar,122,11,51,6,190,0,0,33,18,51,122,11,84,24,241,24,2,26,267
02/03/2021,BOI,ID,ANM,WE,Combined TRACON& Tower with Radar,119,24,66,10,219,0,5,26,3,34,119,29,92,13,253,74,6,80,333
02/04/2021,BOI,ID,ANM,WE,Combined TRACON& Tower with Radar,129,29,58,12,228,0,4,88,12,104,129,33,146,24,332,78,0,78,410
02/05/2021,BOI,ID,ANM,WE,Combined TRACON& Tower with Radar,130,17,63,13,223,0,5,32,20,57,130,22,95,33,280,34,0,34,314
02/06/2021,BOI,ID,ANM,WE,Combined TRACON& Tower with Radar,104,11,34,5,154,0,3,96,14,113,104,14,130,19,267,130,0,130,397
02/07/2021,BOI,ID,ANM,WE,Combined TRACON& Tower with Radar,107,20,23,11,161,0,2,35,11,48,107,22,58,22,209,0,0,0,209
02/08/2021,BOI,ID,ANM,WE,Combined TRACON& Tower with Radar,118,20,39,15,192,0,5,94,9,108,118,25,133,24,300,90,18,108,408
02/09/2021,BOI,ID,ANM,WE,Combined TRACON& Tower with Radar,119,24,47,22,212,0,8,90,13,111,119,32,137,35,323,106,4,110,433
02/10/2021,BOI,ID,ANM,WE,Combined TRACON& Tower with Radar,117,25,75,6,223,0,8,114,28,150,117,33,189,34,373,98,18,116,489
02/11/2021,BOI,ID,ANM,WE,Combined TRACON& Tower with Radar,121,25,81,9,236,0,2,11,12,25,121,27,92,21,261,0,0,0,261
02/12/2021,BOI,ID,ANM,WE,Combined TRACON& Tower with Radar,127,38,40,1,206,0,0,0,0,0,127,38,40,1,206,0,0,0,206
02/13/2021,BOI,ID,ANM,WE,Combined TRACON& Tower with Radar,75,23,14,0,112,0,0,0,0,0,75,23,14,0,112,0,0,0,112
02/14/2021,BOI,ID,ANM,WE,Combined TRACON& Tower with Radar,94,16,29,0,139,0,0,15,3,18,94,16,44,3,157,16,0,16,173
02/15/2021,BOI,ID,ANM,WE,Combined TRACON& Tower with Radar,118,16,37,0,171,0,0,15,1,16,118,16,52,1,187,46,0,46,233
02/16/2021,BOI,ID,ANM,WE,Combined TRACON& Tower with Radar,116,17,56,0,189,0,1,26,10,37,116,18,82,10,226,46,0,46,272
02/17/2021,BOI,ID,ANM,WE,Combined TRACON& Tower with Radar,109,33,53,5,200,0,3,81,8,92,109,36,134,13,292,34,0,34,326
02/18/2021,BOI,ID,ANM,WE,Combined TRACON& Tower with Radar,129,27,61,7,224,0,3,72,10,85,129,30,133,17,309,28,0,28,337
02/19/2021,BOI,ID,ANM,WE,Combined TRACON& Tower with Radar,129,30,51,12,222,0,3,22,15,40,129,33,73,27,262,16,0,16,278
02/20/2021,BOI,ID,ANM,WE,Combined TRACON& Tower with Radar,99,11,22,0,132,0,2,26,0,28,99,13,48,0,160,8,0,8,168
02/21/2021,BOI,ID,ANM,WE,Combined TRACON& Tower with Radar,116,15,40,0,171,0,1,40,0,41,116,16,80,0,212,2,0,2,214
02/22/2021,BOI,ID,ANM,WE,Combined TRACON& Tower with Radar,123,19,47,29,218,0,4,64,14,82,123,23,111,43,300,92,6,98,398
02/23/2021,BOI,ID,ANM,WE,Combined TRACON& Tower with Radar,121,14,65,32,232,0,5,72,11,88,121,19,137,43,320,38,20,58,378
02/24/2021,BOI,ID,ANM,WE,Combined TRACON& Tower with Radar,120,25,55,17,217,0,9,76,14,99,120,34,131,31,316,30,12,42,358
02/25/2021,BOI,ID,ANM,WE,Combined TRACON& Tower with Radar,125,22,60,3,210,0,6,71,12,89,125,28,131,15,299,42,0,42,341
02/26/2021,BOI,ID,ANM,WE,Combined TRACON& Tower with Radar,128,33,54,0,215,0,2,15,0,17,128,35,69,0,232,6,0,6,238
02/27/2021,BOI,ID,ANM,WE,Combined TRACON& Tower with Radar,101,16,31,0,148,0,2,46,0,48,101,18,77,0,196,58,0,58,254
02/28/2021,BOI,ID,ANM,WE,Combined TRACON& Tower with Radar,114,19,48,0,181,0,9,93,0,102,114,28,141,0,283,42,0,42,325
03/01/2021,BOI,ID,ANM,WE,Combined TRACON& Tower with Radar,123,30,56,3,212,0,8,65,5,78,123,38,121,8,290,40,0,40,330
03/02/2021,BOI,ID,ANM,WE,Combined TRACON& Tower with Radar,117,20,62,8,207,0,6,98,14,118,117,26,160,22,325,62,0,62,387
03/03/2021,BOI,ID,ANM,WE,Combined TRACON& Tower with Radar,120,32,68,20,240,0,5,107,14,126,120,37,175,34,366,132,6,138,504
03/04/2021,BOI,ID,ANM,WE,Combined TRACON& Tower with Radar,133,29,63,8,233,0,26,128,12,166,133,55,191,20,399,64,4,68,467
03/05/2021,BOI,ID,ANM,WE,Combined TRACON& Tower with Radar,128,17,52,6,203,0,16,67,13,96,128,33,119,19,299,12,6,18,317
03/06/2021,BOI,ID,ANM,WE,Combined TRACON& Tower with Radar,103,16,22,1,142,0,4,42,32,78,103,20,64,33,220,54,6,60,280
03/07/2021,BOI,ID,ANM,WE,Combined TRACON& Tower with Radar,123,25,39,5,192,0,5,69,11,85,123,30,108,16,277,26,4,30,307
03/08/2021,BOI,ID,ANM,WE,Combined TRACON& Tower with Radar,126,24,67,11,228,0,7,58,0,65,126,31,125,11,293,44,10,54,347
03/09/2021,BOI,ID,ANM,WE,Combined TRACON& Tower with Radar,121,24,70,8,223,0,4,90,13,107,121,28,160,21,330,86,6,92,422
03/10/2021,BOI,ID,ANM,WE,Combined TRACON& Tower with Radar,123,26,71,14,234,0,5,116,14,135,123,31,187,28,369,128,12,140,509
03/11/2021,BOI,ID,ANM,WE,Combined TRACON& Tower with Radar,137,28,70,18,253,0,17,115,19,151,137,45,185,37,404,40,0,40,444
03/12/2021,BOI,ID,ANM,WE,Combined TRACON& Tower with Radar,129,21,56,8,214,0,4,116,11,131,129,25,172,19,345,86,4,90,435
03/13/2021,BOI,ID,ANM,WE,Combined TRACON& Tower with Radar,104,20,27,6,157,0,9,96,9,114,104,29,123,15,271,68,6,74,345
03/14/2021,BOI,ID,ANM,WE,Combined TRACON& Tower with Radar,112,14,54,5,185,0,8,94,0,102,112,22,148,5,287,16,0,16,303
03/15/2021,BOI,ID,ANM,WE,Combined TRACON& Tower with Radar,117,24,50,19,210,0,6,62,26,94,117,30,112,45,304,38,0,38,342
03/16/2021,BOI,ID,ANM,WE,Combined TRACON& Tower with Radar,127,22,75,28,252,0,5,77,38,120,127,27,152,66,372,64,6,70,442
03/17/2021,BOI,ID,ANM,WE,Combined TRACON& Tower with Radar,117,26,60,31,234,0,10,102,29,141,117,36,162,60,375,94,12,106,481
03/18/2021,BOI,ID,ANM,WE,Combined TRACON& Tower with Radar,140,23,82,10,255,0,14,68,42,124,140,37,150,52,379,76,4,80,459
03/19/2021,BOI,ID,ANM,WE,Combined TRACON& Tower with Radar,134,30,67,11,242,0,4,36,17,57,134,34,103,28,299,36,0,36,335
03/20/2021,BOI,ID,ANM,WE,Combined TRACON& Tower with Radar,117,22,33,2,174,0,8,47,0,55,117,30,80,2,229,120,0,120,349
03/21/2021,BOI,ID,ANM,WE,Combined TRACON& Tower with Radar,120,18,29,2,169,0,10,75,3,88,120,28,104,5,257,30,0,30,287
03/22/2021,BOI,ID,ANM,WE,Combined TRACON& Tower with Radar,121,23,45,0,189,0,1,6,6,13,121,24,51,6,202,0,0,0,202
03/23/2021,BOI,ID,ANM,WE,Combined TRACON& Tower with Radar,128,34,55,15,232,0,7,55,35,97,128,41,110,50,329,66,4,70,399
03/24/2021,BOI,ID,ANM,WE,Combined TRACON& Tower with Radar,129,28,72,14,243,0,6,88,39,133,129,34,160,53,376,126,8,134,510
03/25/2021,BOI,ID,ANM,WE,Combined TRACON& Tower with Radar,141,24,50,12,227,0,2,19,20,41,141,26,69,32,268,70,0,70,338
03/26/2021,BOI,ID,ANM,WE,Combined TRACON& Tower with Radar,128,22,57,3,210,0,5,86,12,103,128,27,143,15,313,116,0,116,429
03/27/2021,BOI,ID,ANM,WE,Combined TRACON& Tower with Radar,110,21,40,0,171,0,7,117,10,134,110,28,157,10,305,82,0,82,387
03/28/2021,BOI,ID,ANM,WE,Combined TRACON& Tower with Radar,124,21,43,1,189,0,6,61,1,68,124,27,104,2,257,6,0,6,263
03/29/2021,BOI,ID,ANM,WE,Combined TRACON& Tower with Radar,122,27,74,6,229,0,3,27,5,35,122,30,101,11,264,18,0,18,282
03/30/2021,BOI,ID,ANM,WE,Combined TRACON& Tower with Radar,131,22,62,9,224,0,10,101,32,143,131,32,163,41,367,80,4,84,451
03/31/2021,BOI,ID,ANM,WE,Combined TRACON& Tower with Radar,121,29,81,9,240,0,12,124,24,160,121,41,205,33,400,88,0,88,488
04/01/2021,BOI,ID,ANM,WE,Combined TRACON& Tower with Radar,135,30,72,12,249,0,11,89,17,117,135,41,161,29,366,56,2,58,424
04/02/2021,BOI,ID,ANM,WE,Combined TRACON& Tower with Radar,128,30,80,5,243,0,6,124,9,139,128,36,204,14,382,182,10,192,574
04/03/2021,BOI,ID,ANM,WE,Combined TRACON& Tower with Radar,112,15,35,4,166,0,10,102,4,116,112,25,137,8,282,54,0,54,336
04/04/2021,BOI,ID,ANM,WE,Combined TRACON& Tower with Radar,116,24,28,0,168,0,6,59,1,66,116,30,87,1,234,26,0,26,260
04/05/2021,BOI,ID,ANM,WE,Combined TRACON& Tower with Radar,123,23,58,2,206,0,6,34,5,45,123,29,92,7,251,6,0,6,257
04/06/2021,BOI,ID,ANM,WE,Combined TRACON& Tower with Radar,121,16,65,28,230,0,7,117,13,137,121,23,182,41,367,56,8,64,431
04/07/2021,BOI,ID,ANM,WE,Combined TRACON& Tower with Radar,124,24,73,14,235,0,10,118,28,156,124,34,191,42,391,54,0,54,445
04/08/2021,BOI,ID,ANM,WE,Combined TRACON& Tower with Radar,135,31,67,15,248,0,12,64,19,95,135,43,131,34,343,20,10,30,373
04/09/2021,BOI,ID,ANM,WE,Combined TRACON& Tower with Radar,128,26,81,13,248,0,21,126,14,161,128,47,207,27,409,95,2,97,506
04/10/2021,BOI,ID,ANM,WE,Combined TRACON& Tower with Radar,111,16,28,11,166,0,7,48,13,68,111,23,76,24,234,46,0,46,280
04/11/2021,BOI,ID,ANM,WE,Combined TRACON& Tower with Radar,122,15,24,14,175,0,5,72,14,91,122,20,96,28,266,24,0,24,290
04/12/2021,BOI,ID,ANM,WE,Combined TRACON& Tower with Radar,124,16,57,8,205,0,11,117,6,134,124,27,174,14,339,33,0,33,372
04/13/2021,BOI,ID,ANM,WE,Combined TRACON& Tower with Radar,122,21,43,18,204,0,12,65,14,91,122,33,108,32,295,74,8,82,377
04/14/2021,BOI,ID,ANM,WE,Combined TRACON& Tower with Radar,121,30,68,18,237,0,6,79,30,115,121,36,147,48,352,74,6,80,432
04/15/2021,BOI,ID,ANM,WE,Combined TRACON& Tower with Radar,135,24,59,18,236,0,11,75,13,99,135,35,134,31,335,16,10,26,361
04/16/2021,BOI,ID,ANM,WE,Combined TRACON& Tower with Radar,131,22,64,12,229,0,9,95,17,121,131,31,159,29,350,86,0,86,436
04/17/2021,BOI,ID,ANM,WE,Combined TRACON& Tower with Radar,115,14,37,2,168,0,11,107,5,123,115,25,144,7,291,60,0,60,351
04/18/2021,BOI,ID,ANM,WE,Combined TRACON& Tower with Radar,118,15,45,4,182,0,9,84,5,98,118,24,129,9,280,68,0,68,348
04/19/2021,BOI,ID,ANM,WE,Combined TRACON& Tower with Radar,121,33,50,24,228,0,4,42,13,59,121,37,92,37,287,20,14,34,321
04/20/2021,BOI,ID,ANM,WE,Combined TRACON& Tower with Radar,122,20,57,24,223,0,19,119,37,175,122,39,176,61,398,122,12,134,532
04/21/2021,BOI,ID,ANM,WE,Combined TRACON& Tower with Radar,130,15,83,11,239,0,8,116,32,156,130,23,199,43,395,105,0,105,500
04/22/2021,BOI,ID,ANM,WE,Combined TRACON& Tower with Radar,140,21,86,15,262,0,5,128,26,159,140,26,214,41,421,88,0,88,509
04/23/2021,BOI,ID,ANM,WE,Combined TRACON& Tower with Radar,131,22,71,6,230,0,5,126,5,136,131,27,197,11,366,120,0,120,486
04/24/2021,BOI,ID,ANM,WE,Combined TRACON& Tower with Radar,113,16,27,6,162,0,6,29,0,35,113,22,56,6,197,42,0,42,239
04/25/2021,BOI,ID,ANM,WE,Combined TRACON& Tower with Radar,115,20,38,3,176,0,3,19,1,23,115,23,57,4,199,10,0,10,209
04/26/2021,BOI,ID,ANM,WE,Combined TRACON& Tower with Radar,122,21,52,3,198,0,2,21,16,39,122,23,73,19,237,60,0,60,297
04/27/2021,BOI,ID,ANM,WE,Combined TRACON& Tower with Radar,125,15,59,17,216,0,10,70,35,115,125,25,129,52,331,62,2,64,395
04/28/2021,BOI,ID,ANM,WE,Combined TRACON& Tower with Radar,124,25,59,5,213,0,23,99,27,149,124,48,158,32,362,156,0,156,518
04/29/2021,BOI,ID,ANM,WE,Combined TRACON& Tower with Radar,136,21,68,13,238,0,14,121,21,156,136,35,189,34,394,102,6,108,502
04/30/2021,BOI,ID,ANM,WE,Combined TRACON& Tower with Radar,129,15,52,5,201,0,3,119,24,146,129,18,171,29,347,72,10,82,429
05/01/2021,BOI,ID,ANM,WE,Combined TRACON& Tower with Radar,115,19,28,5,167,0,5,53,11,69,115,24,81,16,236,26,0,26,262
05/02/2021,BOI,ID,ANM,WE,Combined TRACON& Tower with Radar,116,13,39,6,174,0,6,17,15,38,116,19,56,21,212,4,4,8,220
05/03/2021,BOI,ID,ANM,WE,Combined TRACON& Tower with Radar,129,22,54,3,208,0,12,84,5,101,129,34,138,8,309,74,0,74,383
05/04/2021,BOI,ID,ANM,WE,Combined TRACON& Tower with Radar,122,19,62,9,212,0,7,78,16,101,122,26,140,25,313,56,0,56,369
05/05/2021,BOI,ID,ANM,WE,Combined TRACON& Tower with Radar,121,30,67,4,222,0,12,112,30,154,121,42,179,34,376,108,10,118,494
05/06/2021,BOI,ID,ANM,WE,Combined TRACON& Tower with Radar,141,34,52,2,229,0,11,58,21,90,141,45,110,23,319,38,2,40,359
05/07/2021,BOI,ID,ANM,WE,Combined TRACON& Tower with Radar,134,17,53,7,211,0,7,54,6,67,134,24,107,13,278,14,0,14,292
05/08/2021,BOI,ID,ANM,WE,Combined TRACON& Tower with Radar,123,11,34,2,170,0,7,71,2,80,123,18,105,4,250,52,0,52,302
05/09/2021,BOI,ID,ANM,WE,Combined TRACON& Tower with Radar,121,15,30,6,172,0,7,51,2,60,121,22,81,8,232,64,0,64,296
05/10/2021,BOI,ID,ANM,WE,Combined TRACON& Tower with Radar,129,22,76,3,230,0,16,75,19,110,129,38,151,22,340,30,0,30,370
05/11/2021,BOI,ID,ANM,WE,Combined TRACON& Tower with Radar,130,17,43,21,211,0,14,110,17,141,130,31,153,38,352,76,26,102,454
05/12/2021,BOI,ID,ANM,WE,Combined TRACON& Tower with Radar,131,18,82,36,267,0,13,96,32,141,131,31,178,68,408,2,12,14,422
05/13/2021,BOI,ID,ANM,WE,Combined TRACON& Tower with Radar,142,22,71,8,243,0,24,128,30,182,142,46,199,38,425,58,4,62,487
05/14/2021,BOI,ID,ANM,WE,Combined TRACON& Tower with Radar,133,20,63,10,226,0,10,111,14,135,133,30,174,24,361,50,16,66,427
05/15/2021,BOI,ID,ANM,WE,Combined TRACON& Tower with Radar,122,12,21,4,159,0,13,98,8,119,122,25,119,12,278,36,0,36,314
05/16/2021,BOI,ID,ANM,WE,Combined TRACON& Tower with Radar,126,17,55,2,200,0,4,85,3,92,126,21,140,5,292,64,0,64,356
05/17/2021,BOI,ID,ANM,WE,Combined TRACON& Tower with Radar,134,24,69,12,239,0,7,96,8,111,134,31,165,20,350,34,12,46,396
05/18/2021,BOI,ID,ANM,WE,Combined TRACON& Tower with Radar,126,30,64,8,228,0,9,62,15,86,126,39,126,23,314,64,2,66,380
05/19/2021,BOI,ID,ANM,WE,Combined TRACON& Tower with Radar,132,23,70,8,233,0,12,65,31,108,132,35,135,39,341,20,2,22,363
05/20/2021,BOI,ID,ANM,WE,Combined TRACON& Tower with Radar,127,35,78,14,254,1,17,43,20,81,128,52,121,34,335,52,0,52,387
05/21/2021,BOI,ID,ANM,WE,Combined TRACON& Tower with Radar,138,23,75,5,241,0,7,36,7,50,138,30,111,12,291,22,0,22,313
05/22/2021,BOI,ID,ANM,WE,Combined TRACON& Tower with Radar,124,22,24,4,174,0,0,14,0,14,124,22,38,4,188,26,0,26,214
05/23/2021,BOI,ID,ANM,WE,Combined TRACON& Tower with Radar,127,20,29,0,176,0,7,25,2,34,127,27,54,2,210,56,0,56,266
05/24/2021,BOI,ID,ANM,WE,Combined TRACON& Tower with Radar,129,22,51,4,206,0,6,69,15,90,129,28,120,19,296,50,0,50,346
05/25/2021,BOI,ID,ANM,WE,Combined TRACON& Tower with Radar,136,22,52,7,217,0,4,44,15,63,136,26,96,22,280,60,0,60,340
05/26/2021,BOI,ID,ANM,WE,Combined TRACON& Tower with Radar,130,20,74,13,237,0,10,146,18,174,130,30,220,31,411,110,0,110,521
05/27/2021,BOI,ID,ANM,WE,Combined TRACON& Tower with Radar,142,34,70,10,256,0,20,119,23,162,142,54,189,33,418,16,12,28,446
05/28/2021,BOI,ID,ANM,WE,Combined TRACON& Tower with Radar,141,20,72,7,240,0,16,124,0,140,141,36,196,7,380,38,2,40,420
05/29/2021,BOI,ID,ANM,WE,Combined TRACON& Tower with Radar,122,14,28,0,164,0,15,93,3,111,122,29,121,3,275,14,0,14,289
05/30/2021,BOI,ID,ANM,WE,Combined TRACON& Tower with Radar,126,13,26,0,165,0,19,74,0,93,126,32,100,0,258,6,0,6,264
05/31/2021,BOI,ID,ANM,WE,Combined TRACON& Tower with Radar,127,17,39,0,183,0,8,103,2,113,127,25,142,2,296,0,0,0,296
06/01/2021,BOI,ID,ANM,WE,Combined TRACON& Tower with Radar,126,14,58,8,206,0,7,114,11,132,126,21,172,19,338,50,0,50,388
06/02/2021,BOI,ID,ANM,WE,Combined TRACON& Tower with Radar,135,22,60,36,253,0,15,111,15,141,135,37,171,51,394,68,22,90,484
06/03/2021,BOI,ID,ANM,WE,Combined TRACON& Tower with Radar,144,43,72,22,281,0,13,86,21,120,144,56,158,43,401,86,26,112,513
06/04/2021,BOI,ID,ANM,WE,Combined TRACON& Tower with Radar,138,21,56,7,222,0,10,104,25,139,138,31,160,32,361,66,0,66,427
06/05/2021,BOI,ID,ANM,WE,Combined TRACON& Tower with Radar,126,12,28,6,172,0,8,66,6,80,126,20,94,12,252,24,0,24,276
06/06/2021,BOI,ID,ANM,WE,Combined TRACON& Tower with Radar,141,14,41,6,202,0,13,86,16,115,141,27,127,22,317,44,0,44,361
06/07/2021,BOI,ID,ANM,WE,Combined TRACON& Tower with Radar,148,24,58,16,246,0,8,117,13,138,148,32,175,29,384,62,18,80,464
06/08/2021,BOI,ID,ANM,WE,Combined TRACON& Tower with Radar,153,24,61,12,250,0,14,88,13,115,153,38,149,25,365,90,4,94,459
06/09/2021,BOI,ID,ANM,WE,Combined TRACON& Tower with Radar,152,33,63,2,250,0,11,91,13,115,152,44,154,15,365,54,2,56,421
06/10/2021,BOI,ID,ANM,WE,Combined TRACON& Tower with Radar,157,31,80,3,271,0,0,46,5,51,157,31,126,8,322,72,0,72,394
06/11/2021,BOI,ID,ANM,WE,Combined TRACON& Tower with Radar,157,32,61,5,255,0,8,94,11,113,157,40,155,16,368,54,0,54,422
06/12/2021,BOI,ID,ANM,WE,Combined TRACON& Tower with Radar,135,27,32,2,196,0,10,114,14,138,135,37,146,16,334,50,2,52,386
06/13/2021,BOI,ID,ANM,WE,Combined TRACON& Tower with Radar,142,19,32,3,196,0,12,71,5,88,142,31,103,8,284,33,0,33,317
06/14/2021,BOI,ID,ANM,WE,Combined TRACON& Tower with Radar,146,24,52,3,225,0,10,104,9,123,146,34,156,12,348,20,6,26,374
06/15/2021,BOI,ID,ANM,WE,Combined TRACON& Tower with Radar,153,20,82,7,262,0,15,104,18,137,153,35,186,25,399,70,0,70,469
06/16/2021,BOI,ID,ANM,WE,Combined TRACON& Tower with Radar,152,25,95,13,285,0,15,119,13,147,152,40,214,26,432,64,6,70,502
06/17/2021,BOI,ID,ANM,WE,Combined TRACON& Tower with Radar,168,26,65,16,275,0,13,125,20,158,168,39,190,36,433,92,2,94,527
06/18/2021,BOI,ID,ANM,WE,Combined TRACON& Tower with Radar,164,22,49,3,238,0,13,123,2,138,164,35,172,5,376,48,0,48,424
06/19/2021,BOI,ID,ANM,WE,Combined TRACON& Tower with Radar,150,21,38,3,212,0,9,117,2,128,150,30,155,5,340,20,0,20,360
06/20/2021,BOI,ID,ANM,WE,Combined TRACON& Tower with Radar,152,16,46,3,217,0,5,111,2,118,152,21,157,5,335,40,0,40,375
06/21/2021,BOI,ID,ANM,WE,Combined TRACON& Tower with Radar,154,37,66,10,267,0,13,115,8,136,154,50,181,18,403,55,0,55,458
06/22/2021,BOI,ID,ANM,WE,Combined TRACON& Tower with Radar,172,23,56,19,270,0,2,92,15,109,172,25,148,34,379,26,2,28,407
06/23/2021,BOI,ID,ANM,WE,Combined TRACON& Tower with Radar,160,32,82,8,282,3,20,123,17,163,163,52,205,25,445,36,0,36,481
06/24/2021,BOI,ID,ANM,WE,Combined TRACON& Tower with Radar,166,28,92,12,298,0,24,124,36,184,166,52,216,48,482,54,0,54,536
06/25/2021,BOI,ID,ANM,WE,Combined TRACON& Tower with Radar,165,33,59,15,272,0,22,151,12,185,165,55,210,27,457,38,4,42,499
06/26/2021,BOI,ID,ANM,WE,Combined TRACON& Tower with Radar,141,19,45,0,205,0,23,126,4,153,141,42,171,4,358,86,0,86,444
06/27/2021,BOI,ID,ANM,WE,Combined TRACON& Tower with Radar,149,19,45,2,215,0,11,112,1,124,149,30,157,3,339,70,0,70,409
06/28/2021,BOI,ID,ANM,WE,Combined TRACON& Tower with Radar,157,31,44,10,242,0,15,117,17,149,157,46,161,27,391,34,0,34,425
06/29/2021,BOI,ID,ANM,WE,Combined TRACON& Tower with Radar,164,30,83,17,294,0,25,108,16,149,164,55,191,33,443,62,0,62,505
06/30/2021,BOI,ID,ANM,WE,Combined TRACON& Tower with Radar,164,38,84,8,294,0,19,70,26,115,164,57,154,34,409,55,0,55,464
07/01/2021,BOI,ID,ANM,WE,Combined TRACON& Tower with Radar,173,36,83,9,301,0,24,88,27,139,173,60,171,36,440,18,4,22,462
07/02/2021,BOI,ID,ANM,WE,Combined TRACON& Tower with Radar,170,34,60,3,267,2,17,96,1,116,172,51,156,4,383,24,0,24,407
07/03/2021,BOI,ID,ANM,WE,Combined TRACON& Tower with Radar,143,20,24,2,189,4,23,75,9,111,147,43,99,11,300,30,0,30,330
07/04/2021,BOI,ID,ANM,WE,Combined TRACON& Tower with Radar,148,18,17,4,187,2,19,49,6,76,150,37,66,10,263,26,0,26,289
07/05/2021,BOI,ID,ANM,WE,Combined TRACON& Tower with Radar,164,27,48,0,239,2,21,108,11,142,166,48,156,11,381,10,0,10,391
07/06/2021,BOI,ID,ANM,WE,Combined TRACON& Tower with Radar,160,28,73,9,270,9,16,93,46,164,169,44,166,55,434,60,0,60,494
07/07/2021,BOI,ID,ANM,WE,Combined TRACON& Tower with Radar,163,29,63,11,266,3,6,116,37,162,166,35,179,48,428,98,13,111,539
07/08/2021,BOI,ID,ANM,WE,Combined TRACON& Tower with Radar,171,35,53,11,270,6,30,160,30,226,177,65,213,41,496,26,6,32,528
07/09/2021,BOI,ID,ANM,WE,Combined TRACON& Tower with Radar,173,33,71,15,292,0,17,126,36,179,173,50,197,51,471,62,6,68,539
07/10/2021,BOI,ID,ANM,WE,Combined TRACON& Tower with Radar,156,24,50,5,235,2,15,115,1,133,158,39,165,6,368,78,0,78,446
07/11/2021,BOI,ID,ANM,WE,Combined TRACON& Tower with Radar,155,41,57,8,261,0,25,88,6,119,155,66,145,14,380,52,0,52,432
07/12/2021,BOI,ID,ANM,WE,Combined TRACON& Tower with Radar,163,41,61,21,286,0,17,99,1,117,163,58,160,22,403,72,8,80,483
07/13/2021,BOI,ID,ANM,WE,Combined TRACON& Tower with Radar,172,32,63,18,285,0,16,92,13,121,172,48,155,31,406,132,2,134,540
07/14/2021,BOI,ID,ANM,WE,Combined TRACON& Tower with Radar,170,30,96,9,305,0,13,108,18,139,170,43,204,27,444,83,0,83,527
07/15/2021,BOI,ID,ANM,WE,Combined TRACON& Tower with Radar,177,29,79,15,300,0,11,119,11,141,177,40,198,26,441,70,4,74,515
07/16/2021,BOI,ID,ANM,WE,Combined TRACON& Tower with Radar,171,36,70,13,290,1,22,111,21,155,172,58,181,34,445,86,4,90,535
07/17/2021,BOI,ID,ANM,WE,Combined TRACON& Tower with Radar,149,20,46,7,222,1,23,116,16,156,150,43,162,23,378,64,0,64,442
07/18/2021,BOI,ID,ANM,WE,Combined TRACON& Tower with Radar,158,27,48,6,239,17,14,90,30,151,175,41,138,36,390,76,0,76,466
07/19/2021,BOI,ID,ANM,WE,Combined TRACON& Tower with Radar,161,26,68,9,264,9,16,93,25,143,170,42,161,34,407,0,0,0,407
07/20/2021,BOI,ID,ANM,WE,Combined TRACON& Tower with Radar,188,29,62,13,292,3,12,103,20,138,191,41,165,33,430,16,2,18,448
07/21/2021,BOI,ID,ANM,WE,Combined TRACON& Tower with Radar,166,31,74,12,283,0,11,116,27,154,166,42,190,39,437,4,0,4,441
07/22/2021,BOI,ID,ANM,WE,Combined TRACON& Tower with Radar,178,44,66,12,300,0,8,127,15,150,178,52,193,27,450,0,0,0,450
07/23/2021,BOI,ID,ANM,WE,Combined TRACON& Tower with Radar,174,25,50,9,258,0,9,121,9,139,174,34,171,18,397,52,0,52,449
07/24/2021,BOI,ID,ANM,WE,Combined TRACON& Tower with Radar,150,26,34,5,215,1,12,85,6,104,151,38,119,11,319,0,0,0,319
07/25/2021,BOI,ID,ANM,WE,Combined TRACON& Tower with Radar,161,20,57,6,244,0,13,80,4,97,161,33,137,10,341,6,0,6,347
07/26/2021,BOI,ID,ANM,WE,Combined TRACON& Tower with Radar,165,30,51,14,260,0,9,78,11,98,165,39,129,25,358,24,0,24,382
07/27/2021,BOI,ID,ANM,WE,Combined TRACON& Tower with Radar,171,28,60,19,278,0,19,84,13,116,171,47,144,32,394,20,0,20,414
07/28/2021,BOI,ID,ANM,WE,Combined TRACON& Tower with Radar,174,31,67,29,301,8,11,65,33,117,182,42,132,62,418,0,0,0,418
07/29/2021,BOI,ID,ANM,WE,Combined TRACON& Tower with Radar,173,34,73,14,294,0,14,118,17,149,173,48,191,31,443,0,0,0,443
07/30/2021,BOI,ID,ANM,WE,Combined TRACON& Tower with Radar,170,32,57,4,263,1,14,133,12,160,171,46,190,16,423,14,0,14,437
07/31/2021,BOI,ID,ANM,WE,Combined TRACON& Tower with Radar,147,22,29,4,202,0,23,59,1,83,147,45,88,5,285,36,0,36,321
08/01/2021,BOI,ID,ANM,WE,Combined TRACON& Tower with Radar,158,23,40,3,224,0,7,44,0,51,158,30,84,3,275,2,0,2,277
08/02/2021,BOI,ID,ANM,WE,Combined TRACON& Tower with Radar,160,30,58,8,256,0,8,81,18,107,160,38,139,26,363,16,0,16,379
08/03/2021,BOI,ID,ANM,WE,Combined TRACON& Tower with Radar,171,29,56,10,266,2,10,97,17,126,173,39,153,27,392,8,4,12,404
08/04/2021,BOI,ID,ANM,WE,Combined TRACON& Tower with Radar,169,38,53,7,267,6,20,109,24,159,175,58,162,31,426,16,0,16,442
08/05/2021,BOI,ID,ANM,WE,Combined TRACON& Tower with Radar,171,28,58,7,264,6,12,86,14,118,177,40,144,21,382,2,0,2,384
08/06/2021,BOI,ID,ANM,WE,Combined TRACON& Tower with Radar,166,33,60,5,264,0,22,88,7,117,166,55,148,12,381,0,0,0,381
08/07/2021,BOI,ID,ANM,WE,Combined TRACON& Tower with Radar,147,19,46,2,214,1,19,134,13,167,148,38,180,15,381,35,0,35,416
08/08/2021,BOI,ID,ANM,WE,Combined TRACON& Tower with Radar,155,22,43,2,222,1,23,90,5,119,156,45,133,7,341,16,0,16,357
08/09/2021,BOI,ID,ANM,WE,Combined TRACON& Tower with Radar,162,32,64,8,266,0,8,143,7,158,162,40,207,15,424,42,0,42,466
08/10/2021,BOI,ID,ANM,WE,Combined TRACON& Tower with Radar,168,33,52,16,269,1,19,123,31,174,169,52,175,47,443,42,6,48,491
08/11/2021,BOI,ID,ANM,WE,Combined TRACON& Tower with Radar,165,36,92,16,309,2,11,135,26,174,167,47,227,42,483,40,0,40,523
08/12/2021,BOI,ID,ANM,WE,Combined TRACON& Tower with Radar,168,32,63,9,272,3,27,128,37,195,171,59,191,46,467,20,4,24,491
08/13/2021,BOI,ID,ANM,WE,Combined TRACON& Tower with Radar,171,32,61,7,271,0,6,76,13,95,171,38,137,20,366,0,0,0,366
08/14/2021,BOI,ID,ANM,WE,Combined TRACON& Tower with Radar,145,30,54,8,237,0,15,45,0,60,145,45,99,8,297,0,0,0,297
08/15/2021,BOI,ID,ANM,WE,Combined TRACON& Tower with Radar,153,28,54,3,238,0,15,32,3,50,153,43,86,6,288,18,2,20,308
08/16/2021,BOI,ID,ANM,WE,Combined TRACON& Tower with Radar,162,42,70,18,292,1,19,70,15,105,163,61,140,33,397,0,0,0,397
08/17/2021,BOI,ID,ANM,WE,Combined TRACON& Tower with Radar,170,44,82,17,313,0,22,91,20,133,170,66,173,37,446,0,0,0,446
08/18/2021,BOI,ID,ANM,WE,Combined TRACON& Tower with Radar,169,27,87,12,295,2,17,95,27,141,171,44,182,39,436,0,0,0,436
08/19/2021,BOI,ID,ANM,WE,Combined TRACON& Tower with Radar,181,28,78,24,311,0,16,110,21,147,181,44,188,45,458,64,6,70,528
08/20/2021,BOI,ID,ANM,WE,Combined TRACON& Tower with Radar,175,32,56,6,269,0,16,116,1,133,175,48,172,7,402,2,0,2,404
08/21/2021,BOI,ID,ANM,WE,Combined TRACON& Tower with Radar,155,23,44,5,227,0,5,30,1,36,155,28,74,6,263,0,0,0,263
08/22/2021,BOI,ID,ANM,WE,Combined TRACON& Tower with Radar,159,22,52,2,235,0,15,111,6,132,159,37,163,8,367,10,0,10,377
08/23/2021,BOI,ID,ANM,WE,Combined TRACON& Tower with Radar,163,20,53,13,249,1,18,120,19,158,164,38,173,32,407,30,2,32,439
08/24/2021,BOI,ID,ANM,WE,Combined TRACON& Tower with Radar,166,29,78,11,284,0,14,138,27,179,166,43,216,38,463,18,0,18,481
08/25/2021,BOI,ID,ANM,WE,Combined TRACON& Tower with Radar,164,34,55,11,264,1,11,112,31,155,165,45,167,42,419,18,8,26,445
08/26/2021,BOI,ID,ANM,WE,Combined TRACON& Tower with Radar,176,31,69,7,283,0,19,100,14,133,176,50,169,21,416,22,0,22,438
08/27/2021,BOI,ID,ANM,WE,Combined TRACON& Tower with Radar,174,33,53,17,277,0,6,110,18,134,174,39,163,35,411,8,6,14,425
08/28/2021,BOI,ID,ANM,WE,Combined TRACON& Tower with Radar,157,22,33,13,225,0,25,92,18,135,157,47,125,31,360,24,0,24,384
08/29/2021,BOI,ID,ANM,WE,Combined TRACON& Tower with Radar,155,25,34,11,225,0,9,88,14,111,155,34,122,25,336,16,0,16,352
08/30/2021,BOI,ID,ANM,WE,Combined TRACON& Tower with Radar,163,33,66,10,272,1,13,95,9,118,164,46,161,19,390,8,0,8,398
08/31/2021,BOI,ID,ANM,WE,Combined TRACON& Tower with Radar,163,31,50,13,257,0,14,96,14,124,163,45,146,27,381,0,2,2,383
09/01/2021,BOI,ID,ANM,WE,Combined TRACON& Tower with Radar,167,33,63,6,269,0,10,84,8,102,167,43,147,14,371,30,0,30,401
09/02/2021,BOI,ID,ANM,WE,Combined TRACON& Tower with Radar,178,24,67,7,276,0,20,120,19,159,178,44,187,26,435,0,0,0,435
09/03/2021,BOI,ID,ANM,WE,Combined TRACON& Tower with Radar,175,24,61,9,269,0,18,119,7,144,175,42,180,16,413,24,0,24,437
09/04/2021,BOI,ID,ANM,WE,Combined TRACON& Tower with Radar,151,17,36,3,207,0,14,102,0,116,151,31,138,3,323,16,0,16,339
09/05/2021,BOI,ID,ANM,WE,Combined TRACON& Tower with Radar,150,23,28,4,205,0,12,49,4,65,150,35,77,8,270,0,0,0,270
09/06/2021,BOI,ID,ANM,WE,Combined TRACON& Tower with Radar,157,22,48,5,232,0,16,76,1,93,157,38,124,6,325,24,0,24,349
09/07/2021,BOI,ID,ANM,WE,Combined TRACON& Tower with Radar,155,39,73,6,273,0,15,85,16,116,155,54,158,22,389,8,0,8,397
09/08/2021,BOI,ID,ANM,WE,Combined TRACON& Tower with Radar,147,40,91,11,289,0,10,82,16,108,147,50,173,27,397,10,0,10,407
09/09/2021,BOI,ID,ANM,WE,Combined TRACON& Tower with Radar,163,41,76,24,304,2,14,73,13,102,165,55,149,37,406,14,0,14,420
09/10/2021,BOI,ID,ANM,WE,Combined TRACON& Tower with Radar,164,35,60,8,267,0,11,47,5,63,164,46,107,13,330,0,4,4,334
09/11/2021,BOI,ID,ANM,WE,Combined TRACON& Tower with Radar,135,29,26,17,207,0,7,68,44,119,135,36,94,61,326,0,0,0,326
09/12/2021,BOI,ID,ANM,WE,Combined TRACON& Tower with Radar,148,29,46,11,234,0,20,89,17,126,148,49,135,28,360,0,0,0,360
09/13/2021,BOI,ID,ANM,WE,Combined TRACON& Tower with Radar,161,29,49,16,255,0,8,54,6,68,161,37,103,22,323,26,0,26,349
09/14/2021,BOI,ID,ANM,WE,Combined TRACON& Tower with Radar,139,30,44,19,232,0,15,148,12,175,139,45,192,31,407,32,2,34,441
09/15/2021,BOI,ID,ANM,WE,Combined TRACON& Tower with Radar,142,50,67,11,270,0,10,97,18,125,142,60,164,29,395,0,0,0,395
09/16/2021,BOI,ID,ANM,WE,Combined TRACON& Tower with Radar,173,28,67,13,281,0,17,135,21,173,173,45,202,34,454,16,0,16,470
09/17/2021,BOI,ID,ANM,WE,Combined TRACON& Tower with Radar,164,29,64,13,270,0,13,115,16,144,164,42,179,29,414,0,0,0,414
09/18/2021,BOI,ID,ANM,WE,Combined TRACON& Tower with Radar,136,27,38,3,204,0,10,59,0,69,136,37,97,3,273,0,0,0,273
09/19/2021,BOI,ID,ANM,WE,Combined TRACON& Tower with Radar,147,37,63,4,251,0,8,20,0,28,147,45,83,4,279,0,0,0,279
09/20/2021,BOI,ID,ANM,WE,Combined TRACON& Tower with Radar,158,35,63,9,265,0,11,109,15,135,158,46,172,24,400,8,4,12,412
09/21/2021,BOI,ID,ANM,WE,Combined TRACON& Tower with Radar,140,32,39,12,223,0,7,128,13,148,140,39,167,25,371,0,0,0,371
09/22/2021,BOI,ID,ANM,WE,Combined TRACON& Tower with Radar,145,36,62,10,253,0,8,115,10,133,145,44,177,20,386,18,0,18,404
09/23/2021,BOI,ID,ANM,WE,Combined TRACON& Tower with Radar,171,38,63,18,290,0,15,113,21,149,171,53,176,39,439,24,0,24,463
09/24/2021,BOI,ID,ANM,WE,Combined TRACON& Tower with Radar,162,36,51,5,254,0,24,136,5,165,162,60,187,10,419,12,0,12,431
09/25/2021,BOI,ID,ANM,WE,Combined TRACON& Tower with Radar,139,28,37,5,209,0,20,81,10,111,139,48,118,15,320,2,0,2,322
09/26/2021,BOI,ID,ANM,WE,Combined TRACON& Tower with Radar,146,28,36,6,216,1,4,77,3,85,147,32,113,9,301,10,0,10,311
09/27/2021,BOI,ID,ANM,WE,Combined TRACON& Tower with Radar,159,31,39,7,236,1,13,116,23,153,160,44,155,30,389,0,0,0,389
09/28/2021,BOI,ID,ANM,WE,Combined TRACON& Tower with Radar,147,39,66,21,273,0,9,52,21,82,147,48,118,42,355,34,0,34,389
09/29/2021,BOI,ID,ANM,WE,Combined TRACON& Tower with Radar,148,29,55,8,240,0,12,98,27,137,148,41,153,35,377,0,0,0,377
09/30/2021,BOI,ID,ANM,WE,Combined TRACON& Tower with Radar,165,37,74,7,283,1,14,100,19,134,166,51,174,26,417,0,0,0,417
10/01/2021,BOI,ID,ANM,WE,Combined TRACON& Tower with Radar,169,38,79,3,289,0,18,108,23,149,169,56,187,26,438,4,0,4,442
10/02/2021,BOI,ID,ANM,WE,Combined TRACON& Tower with Radar,130,19,36,4,189,0,14,85,22,121,130,33,121,26,310,24,4,28,338
10/03/2021,BOI,ID,ANM,WE,Combined TRACON& Tower with Radar,150,20,34,4,208,0,10,79,15,104,150,30,113,19,312,14,2,16,328
10/04/2021,BOI,ID,ANM,WE,Combined TRACON& Tower with Radar,155,29,66,4,254,0,9,108,9,126,155,38,174,13,380,11,0,11,391
10/05/2021,BOI,ID,ANM,WE,Combined TRACON& Tower with Radar,143,34,73,6,256,0,11,106,11,128,143,45,179,17,384,48,0,48,432
10/06/2021,BOI,ID,ANM,WE,Combined TRACON& Tower with Radar,147,28,75,10,260,0,8,75,18,101,147,36,150,28,361,14,0,14,375
10/07/2021,BOI,ID,ANM,WE,Combined TRACON& Tower with Radar,157,35,93,5,290,0,8,91,18,117,157,43,184,23,407,6,0,6,413
10/08/2021,BOI,ID,ANM,WE,Combined TRACON& Tower with Radar,149,44,57,8,258,0,2,26,19,47,149,46,83,27,305,0,0,0,305
10/09/2021,BOI,ID,ANM,WE,Combined TRACON& Tower with Radar,122,26,42,9,199,0,9,67,1,77,122,35,109,10,276,14,0,14,290
10/10/2021,BOI,ID,ANM,WE,Combined TRACON& Tower with Radar,137,24,60,9,230,0,7,60,1,68,137,31,120,10,298,2,0,2,300
10/11/2021,BOI,ID,ANM,WE,Combined TRACON& Tower with Radar,145,28,52,4,229,0,15,14,0,29,145,43,66,4,258,0,0,0,258
10/12/2021,BOI,ID,ANM,WE,Combined TRACON& Tower with Radar,133,24,46,12,215,0,3,59,11,73,133,27,105,23,288,6,0,6,294
10/13/2021,BOI,ID,ANM,WE,Combined TRACON& Tower with Radar,133,38,71,14,256,0,12,72,13,97,133,50,143,27,353,8,0,8,361
10/14/2021,BOI,ID,ANM,WE,Combined TRACON& Tower with Radar,159,33,84,13,289,0,5,112,8,125,159,38,196,21,414,0,0,0,414
10/15/2021,BOI,ID,ANM,WE,Combined TRACON& Tower with Radar,153,28,81,6,268,0,21,126,12,159,153,49,207,18,427,18,4,22,449
10/16/2021,BOI,ID,ANM,WE,Combined TRACON& Tower with Radar,120,19,41,4,184,0,10,107,7,124,120,29,148,11,308,16,0,16,324
10/17/2021,BOI,ID,ANM,WE,Combined TRACON& Tower with Radar,149,24,43,4,220,0,15,81,2,98,149,39,124,6,318,10,0,10,328
10/18/2021,BOI,ID,ANM,WE,Combined TRACON& Tower with Radar,151,25,65,4,245,0,7,72,6,85,151,32,137,10,330,18,0,18,348
10/19/2021,BOI,ID,ANM,WE,Combined TRACON& Tower with Radar,128,31,74,6,239,0,11,110,15,136,128,42,184,21,375,10,12,22,397
10/20/2021,BOI,ID,ANM,WE,Combined TRACON& Tower with Radar,135,31,63,9,238,0,11,54,11,76,135,42,117,20,314,0,0,0,314
10/21/2021,BOI,ID,ANM,WE,Combined TRACON& Tower with Radar,137,23,81,3,244,0,5,117,7,129,137,28,198,10,373,24,0,24,397
10/22/2021,BOI,ID,ANM,WE,Combined TRACON& Tower with Radar,146,25,59,4,234,0,9,21,3,33,146,34,80,7,267,12,0,12,279
10/23/2021,BOI,ID,ANM,WE,Combined TRACON& Tower with Radar,121,35,37,4,197,0,6,42,1,49,121,41,79,5,246,8,0,8,254
10/24/2021,BOI,ID,ANM,WE,Combined TRACON& Tower with Radar,141,22,35,1,199,0,0,3,0,3,141,22,38,1,202,0,0,0,202
10/25/2021,BOI,ID,ANM,WE,Combined TRACON& Tower with Radar,150,35,61,5,251,0,2,20,12,34,150,37,81,17,285,22,0,22,307
10/26/2021,BOI,ID,ANM,WE,Combined TRACON& Tower with Radar,133,38,66,2,239,0,6,32,26,64,133,44,98,28,303,2,2,4,307
10/27/2021,BOI,ID,ANM,WE,Combined TRACON& Tower with Radar,130,41,92,21,284,0,3,109,22,134,130,44,201,43,418,28,0,28,446
10/28/2021,BOI,ID,ANM,WE,Combined TRACON& Tower with Radar,157,35,98,9,299,0,6,115,30,151,157,41,213,39,450,14,0,14,464
10/29/2021,BOI,ID,ANM,WE,Combined TRACON& Tower with Radar,156,27,65,2,250,0,8,100,7,115,156,35,165,9,365,26,2,28,393
10/30/2021,BOI,ID,ANM,WE,Combined TRACON& Tower with Radar,117,25,57,2,201,0,2,42,0,44,117,27,99,2,245,0,0,0,245
10/31/2021,BOI,ID,ANM,WE,Combined TRACON& Tower with Radar,128,26,44,2,200,0,3,71,2,76,128,29,115,4,276,4,0,4,280
11/01/2021,BOI,ID,ANM,WE,Combined TRACON& Tower with Radar,139,38,67,2,246,0,9,55,15,79,139,47,122,17,325,36,0,36,361
11/02/2021,BOI,ID,ANM,WE,Combined TRACON& Tower with Radar,131,28,57,10,226,0,2,59,22,83,131,30,116,32,309,10,0,10,319
11/03/2021,BOI,ID,ANM,WE,Combined TRACON& Tower with Radar,127,31,55,9,222,0,7,139,27,173,127,38,194,36,395,12,8,20,415
11/04/2021,BOI,ID,ANM,WE,Combined TRACON& Tower with Radar,158,44,78,4,284,0,8,30,16,54,158,52,108,20,338,0,0,0,338
11/05/2021,BOI,ID,ANM,WE,Combined TRACON& Tower with Radar,149,31,82,6,268,0,4,80,14,98,149,35,162,20,366,22,0,22,388
11/06/2021,BOI,ID,ANM,WE,Combined TRACON& Tower with Radar,119,19,46,2,186,0,3,51,31,85,119,22,97,33,271,10,4,14,285
11/07/2021,BOI,ID,ANM,WE,Combined TRACON& Tower with Radar,139,23,51,2,215,0,7,77,17,101,139,30,128,19,316,24,4,28,344
11/08/2021,BOI,ID,ANM,WE,Combined TRACON& Tower with Radar,142,39,58,0,239,0,10,103,7,120,142,49,161,7,359,32,0,32,391
11/09/2021,BOI,ID,ANM,WE,Combined TRACON& Tower with Radar,127,35,65,9,236,0,4,25,15,44,127,39,90,24,280,46,0,46,326
11/10/2021,BOI,ID,ANM,WE,Combined TRACON& Tower with Radar,134,32,78,7,251,0,12,95,23,130,134,44,173,30,381,10,0,10,391
11/11/2021,BOI,ID,ANM,WE,Combined TRACON& Tower with Radar,154,32,65,15,266,0,6,41,0,47,154,38,106,15,313,2,0,2,315
11/12/2021,BOI,ID,ANM,WE,Combined TRACON& Tower with Radar,150,28,75,2,255,0,8,95,1,104,150,36,170,3,359,34,0,34,393
11/13/2021,BOI,ID,ANM,WE,Combined TRACON& Tower with Radar,116,26,51,2,195,0,4,77,0,81,116,30,128,2,276,6,0,6,282
11/14/2021,BOI,ID,ANM,WE,Combined TRACON& Tower with Radar,142,28,57,2,229,0,6,86,0,92,142,34,143,2,321,36,0,36,357
11/15/2021,BOI,ID,ANM,WE,Combined TRACON& Tower with Radar,149,28,77,8,262,0,12,85,10,107,149,40,162,18,369,0,0,0,369
11/16/2021,BOI,ID,ANM,WE,Combined TRACON& Tower with Radar,123,32,86,7,248,0,5,58,21,84,123,37,144,28,332,10,0,10,342
11/17/2021,BOI,ID,ANM,WE,Combined TRACON& Tower with Radar,128,33,80,21,262,0,15,114,18,147,128,48,194,39,409,8,0,8,417
11/18/2021,BOI,ID,ANM,WE,Combined TRACON& Tower with Radar,151,34,85,8,278,0,2,87,15,104,151,36,172,23,382,4,0,4,386
11/19/2021,BOI,ID,ANM,WE,Combined TRACON& Tower with Radar,152,38,71,6,267,0,9,45,3,57,152,47,116,9,324,14,0,14,338
11/20/2021,BOI,ID,ANM,WE,Combined TRACON& Tower with Radar,131,24,46,1,202,0,7,81,1,89,131,31,127,2,291,26,0,26,317
11/21/2021,BOI,ID,ANM,WE,Combined TRACON& Tower with Radar,146,23,47,0,216,0,6,80,0,86,146,29,127,0,302,22,0,22,324
11/22/2021,BOI,ID,ANM,WE,Combined TRACON& Tower with Radar,148,30,64,14,256,0,2,105,16,123,148,32,169,30,379,18,16,34,413
11/23/2021,BOI,ID,ANM,WE,Combined TRACON& Tower with Radar,153,26,65,9,253,0,7,25,12,44,153,33,90,21,297,0,4,4,301
11/24/2021,BOI,ID,ANM,WE,Combined TRACON& Tower with Radar,149,34,60,0,243,0,3,99,16,118,149,37,159,16,361,26,2,28,389
11/25/2021,BOI,ID,ANM,WE,Combined TRACON& Tower with Radar,90,12,15,0,117,0,6,40,0,46,90,18,55,0,163,0,0,0,163
11/26/2021,BOI,ID,ANM,WE,Combined TRACON& Tower with Radar,126,26,41,0,193,0,4,50,0,54,126,30,91,0,247,30,0,30,277
11/27/2021,BOI,ID,ANM,WE,Combined TRACON& Tower with Radar,141,19,38,0,198,0,0,74,0,74,141,19,112,0,272,14,0,14,286
11/28/2021,BOI,ID,ANM,WE,Combined TRACON& Tower with Radar,140,22,78,0,240,0,4,69,0,73,140,26,147,0,313,32,0,32,345
11/29/2021,BOI,ID,ANM,WE,Combined TRACON& Tower with Radar,146,38,62,12,258,0,9,73,10,92,146,47,135,22,350,18,0,18,368
11/30/2021,BOI,ID,ANM,WE,Combined TRACON& Tower with Radar,150,38,69,10,267,0,7,102,14,123,150,45,171,24,390,20,0,20,410
12/01/2021,BOI,ID,ANM,WE,Combined TRACON& Tower with Radar,132,42,61,6,241,0,10,86,13,109,132,52,147,19,350,34,12,46,396
12/02/2021,BOI,ID,ANM,WE,Combined TRACON& Tower with Radar,143,33,75,3,254,0,2,106,16,124,143,35,181,19,378,22,2,24,402
12/03/2021,BOI,ID,ANM,WE,Combined TRACON& Tower with Radar,142,29,61,5,237,0,3,85,12,100,142,32,146,17,337,11,0,11,348
12/04/2021,BOI,ID,ANM,WE,Combined TRACON& Tower with Radar,104,14,57,2,177,0,4,65,3,72,104,18,122,5,249,10,0,10,259
12/05/2021,BOI,ID,ANM,WE,Combined TRACON& Tower with Radar,127,24,40,2,193,0,3,64,1,68,127,27,104,3,261,100,0,100,361
12/06/2021,BOI,ID,ANM,WE,Combined TRACON& Tower with Radar,135,26,40,1,202,0,2,8,0,10,135,28,48,1,212,0,0,0,212
12/07/2021,BOI,ID,ANM,WE,Combined TRACON& Tower with Radar,127,19,64,9,219,0,0,3,8,11,127,19,67,17,230,0,0,0,230
12/08/2021,BOI,ID,ANM,WE,Combined TRACON& Tower with Radar,138,31,58,6,233,0,2,33,15,50,138,33,91,21,283,14,0,14,297
12/09/2021,BOI,ID,ANM,WE,Combined TRACON& Tower with Radar,146,39,89,25,299,0,7,59,19,85,146,46,148,44,384,91,0,91,475
12/10/2021,BOI,ID,ANM,WE,Combined TRACON& Tower with Radar,134,36,68,3,241,0,8,71,9,88,134,44,139,12,329,112,2,114,443
12/11/2021,BOI,ID,ANM,WE,Combined TRACON& Tower with Radar,112,21,26,1,160,0,0,11,7,18,112,21,37,8,178,2,0,2,180
12/12/2021,BOI,ID,ANM,WE,Combined TRACON& Tower with Radar,127,20,46,3,196,0,3,21,4,28,127,23,67,7,224,14,0,14,238
12/13/2021,BOI,ID,ANM,WE,Combined TRACON& Tower with Radar,134,35,62,6,237,0,0,9,7,16,134,35,71,13,253,14,0,14,267
12/14/2021,BOI,ID,ANM,WE,Combined TRACON& Tower with Radar,123,32,66,5,226,0,1,5,6,12,123,33,71,11,238,0,0,0,238
12/15/2021,BOI,ID,ANM,WE,Combined TRACON& Tower with Radar,130,26,69,6,231,0,3,28,12,43,130,29,97,18,274,86,32,118,392
12/16/2021,BOI,ID,ANM,WE,Combined TRACON& Tower with Radar,147,32,70,2,251,0,0,7,3,10,147,32,77,5,261,0,0,0,261
12/17/2021,BOI,ID,ANM,WE,Combined TRACON& Tower with Radar,155,48,91,5,299,0,8,95,4,107,155,56,186,9,406,164,0,164,570
12/18/2021,BOI,ID,ANM,WE,Combined TRACON& Tower with Radar,132,20,56,0,208,0,5,69,0,74,132,25,125,0,282,2,0,2,284
12/19/2021,BOI,ID,ANM,WE,Combined TRACON& Tower with Radar,142,26,42,0,210,0,6,18,0,24,142,32,60,0,234,26,0,26,260
12/20/2021,BOI,ID,ANM,WE,Combined TRACON& Tower with Radar,145,36,54,7,242,0,12,73,16,101,145,48,127,23,343,26,0,26,369
12/21/2021,BOI,ID,ANM,WE,Combined TRACON& Tower with Radar,139,42,47,5,233,0,5,55,16,76,139,47,102,21,309,80,6,86,395
12/22/2021,BOI,ID,ANM,WE,Combined TRACON& Tower with Radar,147,34,62,2,245,0,2,44,15,61,147,36,106,17,306,48,6,54,360
12/23/2021,BOI,ID,ANM,WE,Combined TRACON& Tower with Radar,149,36,58,2,245,0,5,17,0,22,149,41,75,2,267,0,0,0,267
12/24/2021,BOI,ID,ANM,WE,Combined TRACON& Tower with Radar,133,21,21,0,175,0,4,24,0,28,133,25,45,0,203,12,0,12,215
12/25/2021,BOI,ID,ANM,WE,Combined TRACON& Tower with Radar,104,22,13,0,139,0,0,2,0,2,104,22,15,0,141,0,0,0,141
12/26/2021,BOI,ID,ANM,WE,Combined TRACON& Tower with Radar,114,21,46,0,181,0,2,5,0,7,114,23,51,0,188,0,0,0,188
12/27/2021,BOI,ID,ANM,WE,Combined TRACON& Tower with Radar,121,37,65,0,223,0,5,9,2,16,121,42,74,2,239,28,0,28,267
12/28/2021,BOI,ID,ANM,WE,Combined TRACON& Tower with Radar,115,35,53,4,207,0,0,6,4,10,115,35,59,8,217,42,0,42,259
12/29/2021,BOI,ID,ANM,WE,Combined TRACON& Tower with Radar,136,29,33,1,199,0,0,0,0,0,136,29,33,1,199,0,0,0,199
12/30/2021,BOI,ID,ANM,WE,Combined TRACON& Tower with Radar,133,38,25,1,197,0,0,0,0,0,133,38,25,1,197,0,0,0,197
12/31/2021,BOI,ID,ANM,WE,Combined TRACON& Tower with Radar,135,27,52,0,214,0,0,42,0,42,135,27,94,0,256,28,0,28,284
01/01/2022,BOI,ID,ANM,WE,Combined TRACON& Tower with Radar,105,18,34,0,157,0,5,46,1,52,105,23,80,1,209,82,0,82,291
01/02/2022,BOI,ID,ANM,WE,Combined TRACON& Tower with Radar,127,25,46,0,198,0,13,37,0,50,127,38,83,0,248,42,0,42,290
01/03/2022,BOI,ID,ANM,WE,Combined TRACON& Tower with Radar,129,34,51,1,215,0,4,15,7,26,129,38,66,8,241,14,0,14,255
01/04/2022,BOI,ID,ANM,WE,Combined TRACON& Tower with Radar,141,19,44,5,209,0,0,5,1,6,141,19,49,6,215,4,0,4,219
01/05/2022,BOI,ID,ANM,WE,Combined TRACON& Tower with Radar,134,18,42,2,196,0,0,4,8,12,134,18,46,10,208,54,0,54,262
01/06/2022,BOI,ID,ANM,WE,Combined TRACON& Tower with Radar,144,27,43,6,220,0,4,15,8,27,144,31,58,14,247,26,0,26,273
01/07/2022,BOI,ID,ANM,WE,Combined TRACON& Tower with Radar,149,15,64,3,231,0,4,23,21,48,149,19,87,24,279,78,24,102,381
01/08/2022,BOI,ID,ANM,WE,Combined TRACON& Tower with Radar,119,18,50,4,191,0,9,76,30,115,119,27,126,34,306,84,0,84,390
01/09/2022,BOI,ID,ANM,WE,Combined TRACON& Tower with Radar,122,14,43,3,182,0,11,70,12,93,122,25,113,15,275,52,0,52,327
01/10/2022,BOI,ID,ANM,WE,Combined TRACON& Tower with Radar,145,19,41,8,213,0,13,90,4,107,145,32,131,12,320,105,0,105,425
01/11/2022,BOI,ID,ANM,WE,Combined TRACON& Tower with Radar,132,22,54,2,210,0,10,67,7,84,132,32,121,9,294,104,0,104,398
01/12/2022,BOI,ID,ANM,WE,Combined TRACON& Tower with Radar,135,23,65,18,241,0,10,85,10,105,135,33,150,28,346,84,0,84,430
01/13/2022,BOI,ID,ANM,WE,Combined TRACON& Tower with Radar,151,21,67,3,242,0,8,73,16,97,151,29,140,19,339,80,0,80,419
01/14/2022,BOI,ID,ANM,WE,Combined TRACON& Tower with Radar,157,29,68,3,257,0,10,83,7,100,157,39,151,10,357,60,0,60,417
01/15/2022,BOI,ID,ANM,WE,Combined TRACON& Tower with Radar,128,21,33,0,182,0,6,32,0,38,128,27,65,0,220,82,0,82,302
01/16/2022,BOI,ID,ANM,WE,Combined TRACON& Tower with Radar,124,15,44,0,183,0,4,34,4,42,124,19,78,4,225,52,0,52,277
01/17/2022,BOI,ID,ANM,WE,Combined TRACON& Tower with Radar,145,27,77,2,251,0,0,25,0,25,145,27,102,2,276,154,0,154,430
01/18/2022,BOI,ID,ANM,WE,Combined TRACON& Tower with Radar,138,22,67,2,229,0,0,12,4,16,138,22,79,6,245,64,0,64,309
01/19/2022,BOI,ID,ANM,WE,Combined TRACON& Tower with Radar,140,35,69,5,249,0,0,0,0,0,140,35,69,5,249,0,0,0,249
01/20/2022,BOI,ID,ANM,WE,Combined TRACON& Tower with Radar,156,26,81,0,263,0,2,4,0,6,156,28,85,0,269,0,0,0,269
01/21/2022,BOI,ID,ANM,WE,Combined TRACON& Tower with Radar,149,25,54,8,236,0,1,77,4,82,149,26,131,12,318,8,0,8,326
01/22/2022,BOI,ID,ANM,WE,Combined TRACON& Tower with Radar,124,26,33,2,185,0,5,59,0,64,124,31,92,2,249,126,0,126,375
01/23/2022,BOI,ID,ANM,WE,Combined TRACON& Tower with Radar,154,21,45,1,221,0,2,12,0,14,154,23,57,1,235,56,0,56,291
01/24/2022,BOI,ID,ANM,WE,Combined TRACON& Tower with Radar,147,42,75,24,288,0,0,5,0,5,147,42,80,24,293,0,0,0,293
01/25/2022,BOI,ID,ANM,WE,Combined TRACON& Tower with Radar,131,25,67,18,241,0,5,49,17,71,131,30,116,35,312,170,50,220,532
01/26/2022,BOI,ID,ANM,WE,Combined TRACON& Tower with Radar,143,27,57,14,241,0,0,11,7,18,143,27,68,21,259,49,22,71,330
01/27/2022,BOI,ID,ANM,WE,Combined TRACON& Tower with Radar,155,33,54,6,248,0,4,57,30,91,155,37,111,36,339,194,16,210,549
01/28/2022,BOI,ID,ANM,WE,Combined TRACON& Tower with Radar,157,24,68,2,251,0,7,111,12,130,157,31,179,14,381,118,0,118,499
01/29/2022,BOI,ID,ANM,WE,Combined TRACON& Tower with Radar,123,17,37,0,177,0,5,78,2,85,123,22,115,2,262,23,0,23,285
01/30/2022,BOI,ID,ANM,WE,Combined TRACON& Tower with Radar,135,11,37,1,184,0,6,46,0,52,135,17,83,1,236,66,0,66,302
01/31/2022,BOI,ID,ANM,WE,Combined TRACON& Tower with Radar,144,22,76,5,247,0,5,73,14,92,144,27,149,19,339,18,0,18,357
02/01/2022,BOI,ID,ANM,WE,Combined TRACON& Tower with Radar,132,24,59,5,220,0,6,63,21,90,132,30,122,26,310,42,2,44,354
02/02/2022,BOI,ID,ANM,WE,Combined TRACON& Tower with Radar,139,20,55,3,217,0,7,70,10,87,139,27,125,13,304,34,0,34,338
02/03/2022,BOI,ID,ANM,WE,Combined TRACON& Tower with Radar,139,26,65,5,235,0,8,61,19,88,139,34,126,24,323,58,0,58,381
02/04/2022,BOI,ID,ANM,WE,Combined TRACON& Tower with Radar,148,16,77,11,252,0,12,102,26,140,148,28,179,37,392,14,26,40,432
02/05/2022,BOI,ID,ANM,WE,Combined TRACON& Tower with Radar,123,14,36,2,175,0,5,96,26,127,123,19,132,28,302,62,0,62,364
02/06/2022,BOI,ID,ANM,WE,Combined TRACON& Tower with Radar,132,17,32,1,182,0,8,87,15,110,132,25,119,16,292,68,0,68,360
02/07/2022,BOI,ID,ANM,WE,Combined TRACON& Tower with Radar,146,19,73,4,242,0,14,76,5,95,146,33,149,9,337,40,0,40,377
02/08/2022,BOI,ID,ANM,WE,Combined TRACON& Tower with Radar,140,24,76,7,247,0,4,87,15,106,140,28,163,22,353,40,12,52,405
02/09/2022,BOI,ID,ANM,WE,Combined TRACON& Tower with Radar,139,21,75,10,245,0,6,83,37,126,139,27,158,47,371,75,0,75,446
02/10/2022,BOI,ID,ANM,WE,Combined TRACON& Tower with Radar,148,26,75,8,257,0,7,115,16,138,148,33,190,24,395,104,0,104,499
02/11/2022,BOI,ID,ANM,WE,Combined TRACON& Tower with Radar,148,27,58,6,239,0,12,88,9,109,148,39,146,15,348,52,0,52,400
02/12/2022,BOI,ID,ANM,WE,Combined TRACON& Tower with Radar,119,14,46,0,179,0,8,104,4,116,119,22,150,4,295,76,0,76,371
02/13/2022,BOI,ID,ANM,WE,Combined TRACON& Tower with Radar,123,24,28,2,177,0,7,77,1,85,123,31,105,3,262,38,2,40,302
02/14/2022,BOI,ID,ANM,WE,Combined TRACON& Tower with Radar,141,25,40,2,208,0,11,55,12,78,141,36,95,14,286,38,0,38,324
02/15/2022,BOI,ID,ANM,WE,Combined TRACON& Tower with Radar,137,31,79,8,255,0,13,57,16,86,137,44,136,24,341,52,0,52,393
02/16/2022,BOI,ID,ANM,WE,Combined TRACON& Tower with Radar,137,22,67,9,235,0,2,48,14,64,137,24,115,23,299,42,6,48,347
02/17/2022,BOI,ID,ANM,WE,Combined TRACON& Tower with Radar,153,43,90,11,297,0,5,82,12,99,153,48,172,23,396,64,2,66,462
02/18/2022,BOI,ID,ANM,WE,Combined TRACON& Tower with Radar,148,23,76,15,262,0,8,123,5,136,148,31,199,20,398,44,0,44,442
02/19/2022,BOI,ID,ANM,WE,Combined TRACON& Tower with Radar,115,25,49,0,189,0,19,114,0,133,115,44,163,0,322,60,0,60,382
02/20/2022,BOI,ID,ANM,WE,Combined TRACON& Tower with Radar,129,17,39,4,189,0,12,37,1,50,129,29,76,5,239,60,0,60,299
02/21/2022,BOI,ID,ANM,WE,Combined TRACON& Tower with Radar,146,26,52,0,224,0,8,46,0,54,146,34,98,0,278,42,0,42,320
02/22/2022,BOI,ID,ANM,WE,Combined TRACON& Tower with Radar,134,22,84,0,240,0,8,19,10,37,134,30,103,10,277,54,2,56,333
02/23/2022,BOI,ID,ANM,WE,Combined TRACON& Tower with Radar,134,29,59,6,228,0,9,54,17,80,134,38,113,23,308,42,0,42,350
02/24/2022,BOI,ID,ANM,WE,Combined TRACON& Tower with Radar,149,33,58,7,247,0,3,9,7,19,149,36,67,14,266,6,0,6,272
02/25/2022,BOI,ID,ANM,WE,Combined TRACON& Tower with Radar,157,34,76,5,272,0,7,103,16,126,157,41,179,21,398,94,14,108,506
02/26/2022,BOI,ID,ANM,WE,Combined TRACON& Tower with Radar,123,16,50,2,191,0,15,84,0,99,123,31,134,2,290,64,0,64,354
02/27/2022,BOI,ID,ANM,WE,Combined TRACON& Tower with Radar,138,26,41,1,206,0,9,51,0,60,138,35,92,1,266,54,0,54,320
02/28/2022,BOI,ID,ANM,WE,Combined TRACON& Tower with Radar,149,42,69,5,265,0,7,80,16,103,149,49,149,21,368,105,0,105,473
03/01/2022,BOI,ID,ANM,WE,Combined TRACON& Tower with Radar,129,31,62,3,225,0,6,83,20,109,129,37,145,23,334,40,22,62,396
03/02/2022,BOI,ID,ANM,WE,Combined TRACON& Tower with Radar,136,32,86,6,260,0,12,71,15,98,136,44,157,21,358,58,0,58,416
03/03/2022,BOI,ID,ANM,WE,Combined TRACON& Tower with Radar,151,33,83,8,275,0,7,82,27,116,151,40,165,35,391,68,0,68,459
03/04/2022,BOI,ID,ANM,WE,Combined TRACON& Tower with Radar,148,32,62,4,246,0,5,85,15,105,148,37,147,19,351,24,0,24,375
03/05/2022,BOI,ID,ANM,WE,Combined TRACON& Tower with Radar,112,23,32,8,175,0,6,61,25,92,112,29,93,33,267,108,0,108,375
03/06/2022,BOI,ID,ANM,WE,Combined TRACON& Tower with Radar,127,13,34,3,177,0,2,29,3,34,127,15,63,6,211,14,0,14,225
03/07/2022,BOI,ID,ANM,WE,Combined TRACON& Tower with Radar,137,24,66,0,227,0,12,98,9,119,137,36,164,9,346,76,0,76,422
03/08/2022,BOI,ID,ANM,WE,Combined TRACON& Tower with Radar,127,23,57,5,212,0,6,23,14,43,127,29,80,19,255,68,2,70,325
03/09/2022,BOI,ID,ANM,WE,Combined TRACON& Tower with Radar,129,33,71,4,237,0,5,20,19,44,129,38,91,23,281,68,2,70,351
03/10/2022,BOI,ID,ANM,WE,Combined TRACON& Tower with Radar,145,27,75,7,254,0,5,121,30,156,145,32,196,37,410,62,2,64,474
03/11/2022,BOI,ID,ANM,WE,Combined TRACON& Tower with Radar,141,22,72,3,238,0,8,109,19,136,141,30,181,22,374,123,6,129,503
03/12/2022,BOI,ID,ANM,WE,Combined TRACON& Tower with Radar,113,18,44,5,180,0,18,76,20,114,113,36,120,25,294,58,0,58,352
03/13/2022,BOI,ID,ANM,WE,Combined TRACON& Tower with Radar,125,21,42,3,191,0,3,24,18,45,125,24,66,21,236,24,0,24,260
03/14/2022,BOI,ID,ANM,WE,Combined TRACON& Tower with Radar,138,21,67,11,237,0,9,81,14,104,138,30,148,25,341,133,24,157,498
03/15/2022,BOI,ID,ANM,WE,Combined TRACON& Tower with Radar,133,30,57,5,225,0,2,22,15,39,133,32,79,20,264,54,0,54,318
03/16/2022,BOI,ID,ANM,WE,Combined TRACON& Tower with Radar,130,22,56,13,221,0,0,84,32,116,130,22,140,45,337,102,4,106,443
03/17/2022,BOI,ID,ANM,WE,Combined TRACON& Tower with Radar,155,26,88,9,278,0,15,117,19,151,155,41,205,28,429,54,4,58,487
03/18/2022,BOI,ID,ANM,WE,Combined TRACON& Tower with Radar,142,27,96,9,274,0,11,135,17,163,142,38,231,26,437,98,22,120,557
03/19/2022,BOI,ID,ANM,WE,Combined TRACON& Tower with Radar,125,14,51,1,191,0,4,56,3,63,125,18,107,4,254,72,0,72,326
03/20/2022,BOI,ID,ANM,WE,Combined TRACON& Tower with Radar,134,21,44,0,199,0,4,17,5,26,134,25,61,5,225,4,0,4,229
03/21/2022,BOI,ID,ANM,WE,Combined TRACON& Tower with Radar,143,23,52,10,228,0,10,101,25,136,143,33,153,35,364,86,12,98,462
03/22/2022,BOI,ID,ANM,WE,Combined TRACON& Tower with Radar,131,24,60,6,221,0,8,87,18,113,131,32,147,24,334,56,2,58,392
03/23/2022,BOI,ID,ANM,WE,Combined TRACON& Tower with Radar,140,24,66,3,233,0,4,123,24,151,140,28,189,27,384,57,0,57,441
03/24/2022,BOI,ID,ANM,WE,Combined TRACON& Tower with Radar,150,27,67,11,255,0,6,93,21,120,150,33,160,32,375,50,0,50,425
03/25/2022,BOI,ID,ANM,WE,Combined TRACON& Tower with Radar,146,23,60,9,238,0,11,109,19,139,146,34,169,28,377,38,10,48,425
03/26/2022,BOI,ID,ANM,WE,Combined TRACON& Tower with Radar,120,31,54,4,209,0,11,83,7,101,120,42,137,11,310,60,0,60,370
03/27/2022,BOI,ID,ANM,WE,Combined TRACON& Tower with Radar,141,20,44,6,211,0,13,69,2,84,141,33,113,8,295,28,0,28,323
03/28/2022,BOI,ID,ANM,WE,Combined TRACON& Tower with Radar,143,23,72,2,240,0,9,40,14,63,143,32,112,16,303,32,4,36,339
03/29/2022,BOI,ID,ANM,WE,Combined TRACON& Tower with Radar,139,18,65,9,231,0,7,46,14,67,139,25,111,23,298,32,0,32,330
03/30/2022,BOI,ID,ANM,WE,Combined TRACON& Tower with Radar,140,21,73,14,248,0,8,84,20,112,140,29,157,34,360,32,0,32,392
03/31/2022,BOI,ID,ANM,WE,Combined TRACON& Tower with Radar,152,24,80,6,262,0,6,75,15,96,152,30,155,21,358,52,2,54,412
04/01/2022,BOI,ID,ANM,WE,Combined TRACON& Tower with Radar,138,16,56,7,217,0,13,142,11,166,138,29,198,18,383,95,22,117,500
04/02/2022,BOI,ID,ANM,WE,Combined TRACON& Tower with Radar,104,22,31,4,161,0,4,53,14,71,104,26,84,18,232,36,12,48,280
04/03/2022,BOI,ID,ANM,WE,Combined TRACON& Tower with Radar,132,14,59,2,207,0,4,88,8,100,132,18,147,10,307,64,8,72,379
04/04/2022,BOI,ID,ANM,WE,Combined TRACON& Tower with Radar,138,21,45,0,204,0,3,7,5,15,138,24,52,5,219,10,0,10,229
04/05/2022,BOI,ID,ANM,WE,Combined TRACON& Tower with Radar,129,31,63,6,229,0,3,48,10,61,129,34,111,16,290,4,0,4,294
04/06/2022,BOI,ID,ANM,WE,Combined TRACON& Tower with Radar,135,34,72,16,257,0,14,119,25,158,135,48,191,41,415,118,6,124,539
04/07/2022,BOI,ID,ANM,WE,Combined TRACON& Tower with Radar,149,28,73,4,254,0,13,106,25,144,149,41,179,29,398,102,0,102,500
04/08/2022,BOI,ID,ANM,WE,Combined TRACON& Tower with Radar,147,33,53,10,243,0,10,83,12,105,147,43,136,22,348,52,24,76,424
04/09/2022,BOI,ID,ANM,WE,Combined TRACON& Tower with Radar,110,28,34,0,172,0,3,40,4,47,110,31,74,4,219,30,0,30,249
04/10/2022,BOI,ID,ANM,WE,Combined TRACON& Tower with Radar,139,17,34,2,192,0,0,8,0,8,139,17,42,2,200,34,0,34,234
04/11/2022,BOI,ID,ANM,WE,Combined TRACON& Tower with Radar,138,30,46,0,214,0,3,7,3,13,138,33,53,3,227,0,0,0,227
04/12/2022,BOI,ID,ANM,WE,Combined TRACON& Tower with Radar,128,38,50,5,221,0,5,11,24,40,128,43,61,29,261,0,0,0,261
04/13/2022,BOI,ID,ANM,WE,Combined TRACON& Tower with Radar,137,38,72,12,259,0,4,33,29,66,137,42,105,41,325,24,1,25,350
04/14/2022,BOI,ID,ANM,WE,Combined TRACON& Tower with Radar,153,35,61,6,255,0,4,8,11,23,153,39,69,17,278,20,0,20,298
04/15/2022,BOI,ID,ANM,WE,Combined TRACON& Tower with Radar,140,31,70,7,248,0,10,116,19,145,140,41,186,26,393,16,0,16,409
04/16/2022,BOI,ID,ANM,WE,Combined TRACON& Tower with Radar,109,18,26,1,154,0,1,10,0,11,109,19,36,1,165,0,0,0,165
04/17/2022,BOI,ID,ANM,WE,Combined TRACON& Tower with Radar,134,22,32,3,191,0,7,61,2,70,134,29,93,5,261,48,0,48,309
04/18/2022,BOI,ID,ANM,WE,Combined TRACON& Tower with Radar,138,30,70,15,253,0,13,75,11,99,138,43,145,26,352,36,0,36,388
04/19/2022,BOI,ID,ANM,WE,Combined TRACON& Tower with Radar,135,30,60,6,231,0,10,59,13,82,135,40,119,19,313,104,0,104,417
04/20/2022,BOI,ID,ANM,WE,Combined TRACON& Tower with Radar,137,29,82,19,267,0,10,97,29,136,137,39,179,48,403,66,10,76,479
04/21/2022,BOI,ID,ANM,WE,Combined TRACON& Tower with Radar,152,33,79,9,273,0,2,15,19,36,152,35,94,28,309,50,0,50,359
04/22/2022,BOI,ID,ANM,WE,Combined TRACON& Tower with Radar,142,27,67,4,240,0,11,44,5,60,142,38,111,9,300,18,4,22,322
04/23/2022,BOI,ID,ANM,WE,Combined TRACON& Tower with Radar,116,18,29,7,170,0,5,57,2,64,116,23,86,9,234,32,8,40,274
04/24/2022,BOI,ID,ANM,WE,Combined TRACON& Tower with Radar,135,13,49,12,209,0,9,128,28,165,135,22,177,40,374,56,0,56,430
04/25/2022,BOI,ID,ANM,WE,Combined TRACON& Tower with Radar,141,23,72,4,240,2,16,89,13,120,143,39,161,17,360,54,2,56,416
04/26/2022,BOI,ID,ANM,WE,Combined TRACON& Tower with Radar,138,34,54,5,231,0,5,33,101,139,138,39,87,106,370,40,4,44,414
04/27/2022,BOI,ID,ANM,WE,Combined TRACON& Tower with Radar,139,22,66,6,233,0,14,93,142,249,139,36,159,148,482,12,10,22,504
04/28/2022,BOI,ID,ANM,WE,Combined TRACON& Tower with Radar,156,28,73,10,267,0,7,46,100,153,156,35,119,110,420,10,0,10,430
04/29/2022,BOI,ID,ANM,WE,Combined TRACON& Tower with Radar,144,29,73,13,259,0,9,121,110,240,144,38,194,123,499,16,4,20,519
04/30/2022,BOI,ID,ANM,WE,Combined TRACON& Tower with Radar,112,17,36,22,187,0,4,37,24,65,112,21,73,46,252,61,2,63,315
05/01/2022,BOI,ID,ANM,WE,Combined TRACON& Tower with Radar,127,24,43,2,196,0,4,22,2,28,127,28,65,4,224,28,0,28,252
05/02/2022,BOI,ID,ANM,WE,Combined TRACON& Tower with Radar,144,28,54,2,228,0,8,25,11,44,144,36,79,13,272,16,0,16,288
05/03/2022,BOI,ID,ANM,WE,Combined TRACON& Tower with Radar,140,22,70,13,245,0,4,29,41,74,140,26,99,54,319,48,0,48,367
05/04/2022,BOI,ID,ANM,WE,Combined TRACON& Tower with Radar,143,22,78,12,255,0,22,125,43,190,143,44,203,55,445,82,0,82,527
05/05/2022,BOI,ID,ANM,WE,Combined TRACON& Tower with Radar,149,25,84,17,275,0,5,52,39,96,149,30,136,56,371,36,2,38,409
05/06/2022,BOI,ID,ANM,WE,Combined TRACON& Tower with Radar,156,22,67,10,255,0,15,94,19,128,156,37,161,29,383,26,12,38,421
05/07/2022,BOI,ID,ANM,WE,Combined TRACON& Tower with Radar,114,19,26,0,159,0,6,22,0,28,114,25,48,0,187,45,0,45,232
05/08/2022,BOI,ID,ANM,WE,Combined TRACON& Tower with Radar,139,25,35,3,202,0,5,33,0,38,139,30,68,3,240,22,0,22,262
05/09/2022,BOI,ID,ANM,WE,Combined TRACON& Tower with Radar,139,29,61,3,232,0,2,3,6,11,139,31,64,9,243,30,0,30,273
05/10/2022,BOI,ID,ANM,WE,Combined TRACON& Tower with Radar,143,32,58,8,241,0,15,82,22,119,143,47,140,30,360,106,4,110,470
05/11/2022,BOI,ID,ANM,WE,Combined TRACON& Tower with Radar,138,24,61,7,230,0,26,117,31,174,138,50,178,38,404,78,10,88,492
05/12/2022,BOI,ID,ANM,WE,Combined TRACON& Tower with Radar,151,31,93,5,280,0,11,113,35,159,151,42,206,40,439,36,6,42,481
05/13/2022,BOI,ID,ANM,WE,Combined TRACON& Tower with Radar,153,35,55,4,247,0,28,86,16,130,153,63,141,20,377,46,16,62,439
05/14/2022,BOI,ID,ANM,WE,Combined TRACON& Tower with Radar,118,19,43,1,181,0,16,71,12,99,118,35,114,13,280,70,0,70,350
05/15/2022,BOI,ID,ANM,WE,Combined TRACON& Tower with Radar,135,22,37,4,198,0,13,81,8,102,135,35,118,12,300,16,0,16,316
05/16/2022,BOI,ID,ANM,WE,Combined TRACON& Tower with Radar,148,24,59,0,231,0,20,84,15,119,148,44,143,15,350,4,6,10,360
05/17/2022,BOI,ID,ANM,WE,Combined TRACON& Tower with Radar,143,18,68,0,229,0,13,97,9,119,143,31,165,9,348,64,0,64,412
05/18/2022,BOI,ID,ANM,WE,Combined TRACON& Tower with Radar,142,29,79,7,257,0,18,92,26,136,142,47,171,33,393,40,4,44,437
05/19/2022,BOI,ID,ANM,WE,Combined TRACON& Tower with Radar,157,35,53,13,258,0,10,24,13,47,157,45,77,26,305,0,2,2,307
05/20/2022,BOI,ID,ANM,WE,Combined TRACON& Tower with Radar,146,34,66,6,252,0,12,93,17,122,146,46,159,23,374,34,12,46,420
05/21/2022,BOI,ID,ANM,WE,Combined TRACON& Tower with Radar,121,24,34,7,186,0,11,72,6,89,121,35,106,13,275,46,0,46,321
05/22/2022,BOI,ID,ANM,WE,Combined TRACON& Tower with Radar,138,17,39,1,195,0,2,68,2,72,138,19,107,3,267,56,0,56,323
05/23/2022,BOI,ID,ANM,WE,Combined TRACON& Tower with Radar,142,23,74,4,243,0,10,94,20,124,142,33,168,24,367,58,2,60,427
05/24/2022,BOI,ID,ANM,WE,Combined TRACON& Tower with Radar,137,31,64,13,245,0,12,95,14,121,137,43,159,27,366,62,6,68,434
05/25/2022,BOI,ID,ANM,WE,Combined TRACON& Tower with Radar,142,25,81,8,256,0,12,111,22,145,142,37,192,30,401,46,14,60,461
05/26/2022,BOI,ID,ANM,WE,Combined TRACON& Tower with Radar,159,34,63,3,259,0,9,87,17,113,159,43,150,20,372,12,0,12,384
05/27/2022,BOI,ID,ANM,WE,Combined TRACON& Tower with Radar,154,32,62,0,248,0,15,93,0,108,154,47,155,0,356,34,0,34,390
05/28/2022,BOI,ID,ANM,WE,Combined TRACON& Tower with Radar,118,12,29,0,159,0,5,44,0,49,118,17,73,0,208,109,0,109,317
05/29/2022,BOI,ID,ANM,WE,Combined TRACON& Tower with Radar,134,16,14,2,166,0,0,4,0,4,134,16,18,2,170,6,0,6,176
05/30/2022,BOI,ID,ANM,WE,Combined TRACON& Tower with Radar,141,28,27,0,196,0,1,1,0,2,141,29,28,0,198,36,12,48,246
05/31/2022,BOI,ID,ANM,WE,Combined TRACON& Tower with Radar,128,24,75,1,228,0,10,74,9,93,128,34,149,10,321,18,0,18,339
06/01/2022,BOI,ID,ANM,WE,Combined TRACON& Tower with Radar,129,23,81,3,236,0,4,138,6,148,129,27,219,9,384,0,0,0,384
06/02/2022,BOI,ID,ANM,WE,Combined TRACON& Tower with Radar,160,34,75,3,272,0,19,86,2,107,160,53,161,5,379,0,0,0,379
06/03/2022,BOI,ID,ANM,WE,Combined TRACON& Tower with Radar,150,27,60,3,240,0,11,71,1,83,150,38,131,4,323,66,14,80,403
06/04/2022,BOI,ID,ANM,WE,Combined TRACON& Tower with Radar,117,21,49,6,193,0,16,44,8,68,117,37,93,14,261,24,0,24,285
06/05/2022,BOI,ID,ANM,WE,Combined TRACON& Tower with Radar,140,22,40,1,203,0,11,15,8,34,140,33,55,9,237,0,0,0,237
06/06/2022,BOI,ID,ANM,WE,Combined TRACON& Tower with Radar,157,37,62,4,260,0,11,105,33,149,157,48,167,37,409,85,12,97,506
06/07/2022,BOI,ID,ANM,WE,Combined TRACON& Tower with Radar,141,32,66,0,239,0,15,125,23,163,141,47,191,23,402,35,0,35,437
06/08/2022,BOI,ID,ANM,WE,Combined TRACON& Tower with Radar,140,31,57,6,234,0,13,92,25,130,140,44,149,31,364,4,17,21,385
06/09/2022,BOI,ID,ANM,WE,Combined TRACON& Tower with Radar,162,33,67,3,265,0,11,131,22,164,162,44,198,25,429,6,0,6,435
06/10/2022,BOI,ID,ANM,WE,Combined TRACON& Tower with Radar,169,40,67,3,279,0,16,134,26,176,169,56,201,29,455,16,0,16,471
06/11/2022,BOI,ID,ANM,WE,Combined TRACON& Tower with Radar,120,21,35,1,177,0,7,92,22,121,120,28,127,23,298,56,0,56,354
06/12/2022,BOI,ID,ANM,WE,Combined TRACON& Tower with Radar,139,20,38,0,197,0,3,1,0,4,139,23,39,0,201,8,0,8,209
06/13/2022,BOI,ID,ANM,WE,Combined TRACON& Tower with Radar,157,24,56,0,237,0,6,73,42,121,157,30,129,42,358,12,2,14,372
06/14/2022,BOI,ID,ANM,WE,Combined TRACON& Tower with Radar,142,26,64,10,242,0,6,74,24,104,142,32,138,34,346,2,2,4,350
06/15/2022,BOI,ID,ANM,WE,Combined TRACON& Tower with Radar,141,19,60,8,228,0,9,124,20,153,141,28,184,28,381,12,2,14,395
06/16/2022,BOI,ID,ANM,WE,Combined TRACON& Tower with Radar,181,31,70,2,284,0,10,102,28,140,181,41,172,30,424,10,0,10,434
06/17/2022,BOI,ID,ANM,WE,Combined TRACON& Tower with Radar,171,28,83,1,283,0,5,94,12,111,171,33,177,13,394,0,0,0,394
06/18/2022,BOI,ID,ANM,WE,Combined TRACON& Tower with Radar,138,20,43,1,202,0,15,89,4,108,138,35,132,5,310,4,0,4,314
06/19/2022,BOI,ID,ANM,WE,Combined TRACON& Tower with Radar,181,23,36,2,242,0,2,39,0,41,181,25,75,2,283,21,0,21,304
06/20/2022,BOI,ID,ANM,WE,Combined TRACON& Tower with Radar,173,34,68,0,275,0,3,128,0,131,173,37,196,0,406,38,0,38,444
06/21/2022,BOI,ID,ANM,WE,Combined TRACON& Tower with Radar,159,29,68,2,258,0,7,129,0,136,159,36,197,2,394,60,0,60,454
06/22/2022,BOI,ID,ANM,WE,Combined TRACON& Tower with Radar,163,29,80,5,277,0,10,132,7,149,163,39,212,12,426,48,0,48,474
06/23/2022,BOI,ID,ANM,WE,Combined TRACON& Tower with Radar,180,40,77,5,302,0,20,121,14,155,180,60,198,19,457,26,0,26,483
06/24/2022,BOI,ID,ANM,WE,Combined TRACON& Tower with Radar,179,30,62,0,271,0,24,121,14,159,179,54,183,14,430,16,6,22,452
06/25/2022,BOI,ID,ANM,WE,Combined TRACON& Tower with Radar,133,28,30,2,193,0,17,77,0,94,133,45,107,2,287,50,0,50,337
06/26/2022,BOI,ID,ANM,WE,Combined TRACON& Tower with Radar,165,27,38,0,230,0,17,90,2,109,165,44,128,2,339,48,0,48,387
06/27/2022,BOI,ID,ANM,WE,Combined TRACON& Tower with Radar,170,32,46,4,252,0,15,109,13,137,170,47,155,17,389,22,0,22,411
06/28/2022,BOI,ID,ANM,WE,Combined TRACON& Tower with Radar,153,23,72,10,258,0,9,71,13,93,153,32,143,23,351,0,0,0,351
06/29/2022,BOI,ID,ANM,WE,Combined TRACON& Tower with Radar,161,32,70,5,268,0,18,131,21,170,161,50,201,26,438,52,0,52,490
06/30/2022,BOI,ID,ANM,WE,Combined TRACON& Tower with Radar,187,28,94,5,314,0,17,111,23,151,187,45,205,28,465,122,8,130,595
07/01/2022,BOI,ID,ANM,WE,Combined TRACON& Tower with Radar,179,32,63,4,278,0,22,112,11,145,179,54,175,15,423,20,2,22,445
07/02/2022,BOI,ID,ANM,WE,Combined TRACON& Tower with Radar,132,24,47,1,204,0,15,107,2,124,132,39,154,3,328,46,0,46,374
07/03/2022,BOI,ID,ANM,WE,Combined TRACON& Tower with Radar,164,13,37,2,216,0,20,59,0,79,164,33,96,2,295,18,0,18,313
07/04/2022,BOI,ID,ANM,WE,Combined TRACON& Tower with Radar,155,17,35,2,209,0,18,78,6,102,155,35,113,8,311,18,0,18,329
07/05/2022,BOI,ID,ANM,WE,Combined TRACON& Tower with Radar,148,26,56,8,238,0,14,102,10,126,148,40,158,18,364,36,8,44,408
07/06/2022,BOI,ID,ANM,WE,Combined TRACON& Tower with Radar,157,37,63,8,265,1,15,89,22,127,158,52,152,30,392,64,0,64,456
07/07/2022,BOI,ID,ANM,WE,Combined TRACON& Tower with Radar,174,24,85,5,288,0,8,115,16,139,174,32,200,21,427,56,0,56,483
07/08/2022,BOI,ID,ANM,WE,Combined TRACON& Tower with Radar,173,37,77,8,295,0,16,118,14,148,173,53,195,22,443,42,2,44,487
07/09/2022,BOI,ID,ANM,WE,Combined TRACON& Tower with Radar,134,28,26,4,192,0,16,107,3,126,134,44,133,7,318,22,0,22,340
07/10/2022,BOI,ID,ANM,WE,Combined TRACON& Tower with Radar,161,20,52,5,238,0,13,101,5,119,161,33,153,10,357,30,0,30,387
07/11/2022,BOI,ID,ANM,WE,Combined TRACON& Tower with Radar,165,32,45,3,245,0,22,107,8,137,165,54,152,11,382,44,0,44,426
07/12/2022,BOI,ID,ANM,WE,Combined TRACON& Tower with Radar,152,31,62,6,251,0,9,125,25,159,152,40,187,31,410,32,0,32,442
07/13/2022,BOI,ID,ANM,WE,Combined TRACON& Tower with Radar,167,22,79,7,275,0,15,124,19,158,167,37,203,26,433,0,0,0,433
07/14/2022,BOI,ID,ANM,WE,Combined TRACON& Tower with Radar,173,24,74,7,278,0,12,94,25,131,173,36,168,32,409,42,2,44,453
07/15/2022,BOI,ID,ANM,WE,Combined TRACON& Tower with Radar,178,29,66,6,279,0,14,116,24,154,178,43,182,30,433,38,0,38,471
07/16/2022,BOI,ID,ANM,WE,Combined TRACON& Tower with Radar,139,17,35,2,193,0,12,101,4,117,139,29,136,6,310,0,0,0,310
07/17/2022,BOI,ID,ANM,WE,Combined TRACON& Tower with Radar,174,22,44,3,243,1,13,92,8,114,175,35,136,11,357,32,0,32,389
07/18/2022,BOI,ID,ANM,WE,Combined TRACON& Tower with Radar,170,25,64,0,259,1,8,96,13,118,171,33,160,13,377,26,0,26,403
07/19/2022,BOI,ID,ANM,WE,Combined TRACON& Tower with Radar,156,24,53,6,239,1,4,119,30,154,157,28,172,36,393,64,0,64,457
07/20/2022,BOI,ID,ANM,WE,Combined TRACON& Tower with Radar,161,29,75,8,273,0,13,131,38,182,161,42,206,46,455,40,0,40,495
07/21/2022,BOI,ID,ANM,WE,Combined TRACON& Tower with Radar,175,36,81,12,304,1,13,121,20,155,176,49,202,32,459,16,0,16,475
07/22/2022,BOI,ID,ANM,WE,Combined TRACON& Tower with Radar,175,21,69,6,271,0,2,115,11,128,175,23,184,17,399,16,0,16,415
07/23/2022,BOI,ID,ANM,WE,Combined TRACON& Tower with Radar,130,17,37,2,186,0,11,93,0,104,130,28,130,2,290,8,0,8,298
07/24/2022,BOI,ID,ANM,WE,Combined TRACON& Tower with Radar,164,22,43,3,232,0,21,97,1,119,164,43,140,4,351,26,0,26,377
07/25/2022,BOI,ID,ANM,WE,Combined TRACON& Tower with Radar,169,42,41,9,261,0,9,110,23,142,169,51,151,32,403,23,2,25,428
07/26/2022,BOI,ID,ANM,WE,Combined TRACON& Tower with Radar,155,26,64,23,268,0,8,128,22,158,155,34,192,45,426,26,2,28,454
07/27/2022,BOI,ID,ANM,WE,Combined TRACON& Tower with Radar,161,30,63,12,266,1,23,124,26,174,162,53,187,38,440,54,0,54,494
07/28/2022,BOI,ID,ANM,WE,Combined TRACON& Tower with Radar,179,32,71,15,297,0,11,100,15,126,179,43,171,30,423,14,0,14,437
07/29/2022,BOI,ID,ANM,WE,Combined TRACON& Tower with Radar,166,37,50,8,261,0,5,119,11,135,166,42,169,19,396,0,0,0,396
07/30/2022,BOI,ID,ANM,WE,Combined TRACON& Tower with Radar,135,24,29,6,194,1,17,99,1,118,136,41,128,7,312,12,0,12,324
07/31/2022,BOI,ID,ANM,WE,Combined TRACON& Tower with Radar,166,20,27,4,217,1,9,70,17,97,167,29,97,21,314,18,0,18,332
08/01/2022,BOI,ID,ANM,WE,Combined TRACON& Tower with Radar,169,34,30,10,243,2,8,83,29,122,171,42,113,39,365,9,0,9,374
08/02/2022,BOI,ID,ANM,WE,Combined TRACON& Tower with Radar,152,28,58,6,244,0,14,79,28,121,152,42,137,34,365,26,4,30,395
08/03/2022,BOI,ID,ANM,WE,Combined TRACON& Tower with Radar,159,36,72,7,274,2,9,136,33,180,161,45,208,40,454,10,0,10,464
08/04/2022,BOI,ID,ANM,WE,Combined TRACON& Tower with Radar,175,32,61,11,279,0,8,127,22,157,175,40,188,33,436,22,0,22,458
08/05/2022,BOI,ID,ANM,WE,Combined TRACON& Tower with Radar,174,30,43,7,254,0,20,108,9,137,174,50,151,16,391,12,0,12,403
08/06/2022,BOI,ID,ANM,WE,Combined TRACON& Tower with Radar,136,24,21,5,186,0,15,123,16,154,136,39,144,21,340,30,0,30,370
08/07/2022,BOI,ID,ANM,WE,Combined TRACON& Tower with Radar,162,20,37,5,224,0,14,132,10,156,162,34,169,15,380,34,0,34,414
08/08/2022,BOI,ID,ANM,WE,Combined TRACON& Tower with Radar,168,30,61,6,265,0,11,127,12,150,168,41,188,18,415,46,4,50,465
08/09/2022,BOI,ID,ANM,WE,Combined TRACON& Tower with Radar,160,27,56,7,250,2,9,116,10,137,162,36,172,17,387,48,0,48,435
08/10/2022,BOI,ID,ANM,WE,Combined TRACON& Tower with Radar,168,35,53,8,264,1,5,84,16,106,169,40,137,24,370,30,2,32,402
08/11/2022,BOI,ID,ANM,WE,Combined TRACON& Tower with Radar,179,29,85,9,302,0,8,115,14,137,179,37,200,23,439,52,4,56,495
08/12/2022,BOI,ID,ANM,WE,Combined TRACON& Tower with Radar,178,33,63,8,282,0,8,122,9,139,178,41,185,17,421,102,0,102,523
08/13/2022,BOI,ID,ANM,WE,Combined TRACON& Tower with Radar,136,39,37,6,218,0,18,101,3,122,136,57,138,9,340,38,0,38,378
08/14/2022,BOI,ID,ANM,WE,Combined TRACON& Tower with Radar,168,33,52,9,262,12,14,120,24,170,180,47,172,33,432,14,0,14,446
08/15/2022,BOI,ID,ANM,WE,Combined TRACON& Tower with Radar,168,34,70,8,280,15,11,150,34,210,183,45,220,42,490,78,0,78,568
08/16/2022,BOI,ID,ANM,WE,Combined TRACON& Tower with Radar,157,27,72,7,263,10,14,127,53,204,167,41,199,60,467,74,2,76,543
08/17/2022,BOI,ID,ANM,WE,Combined TRACON& Tower with Radar,163,34,53,13,263,1,7,114,26,148,164,41,167,39,411,45,0,45,456
08/18/2022,BOI,ID,ANM,WE,Combined TRACON& Tower with Radar,171,34,63,8,276,0,9,104,37,150,171,43,167,45,426,28,30,58,484
08/19/2022,BOI,ID,ANM,WE,Combined TRACON& Tower with Radar,178,40,48,8,274,0,10,84,20,114,178,50,132,28,388,46,4,50,438
08/20/2022,BOI,ID,ANM,WE,Combined TRACON& Tower with Radar,133,21,36,14,204,0,10,83,41,134,133,31,119,55,338,34,6,40,378
08/21/2022,BOI,ID,ANM,WE,Combined TRACON& Tower with Radar,166,20,54,6,246,9,15,98,20,142,175,35,152,26,388,58,0,58,446
08/22/2022,BOI,ID,ANM,WE,Combined TRACON& Tower with Radar,165,33,50,10,258,14,11,107,27,159,179,44,157,37,417,14,0,14,431
08/23/2022,BOI,ID,ANM,WE,Combined TRACON& Tower with Radar,153,32,61,3,249,3,6,111,28,148,156,38,172,31,397,60,0,60,457
08/24/2022,BOI,ID,ANM,WE,Combined TRACON& Tower with Radar,162,30,72,9,273,1,15,119,39,174,163,45,191,48,447,36,0,36,483
08/25/2022,BOI,ID,ANM,WE,Combined TRACON& Tower with Radar,177,36,95,6,314,0,17,139,21,177,177,53,234,27,491,0,0,0,491
08/26/2022,BOI,ID,ANM,WE,Combined TRACON& Tower with Radar,175,34,55,8,272,0,9,137,21,167,175,43,192,29,439,64,0,64,503
08/27/2022,BOI,ID,ANM,WE,Combined TRACON& Tower with Radar,134,17,38,2,191,0,7,90,12,109,134,24,128,14,300,24,8,32,332
08/28/2022,BOI,ID,ANM,WE,Combined TRACON& Tower with Radar,165,28,50,3,246,0,14,121,2,137,165,42,171,5,383,16,0,16,399
08/29/2022,BOI,ID,ANM,WE,Combined TRACON& Tower with Radar,167,35,43,10,255,0,11,120,15,146,167,46,163,25,401,0,0,0,401
08/30/2022,BOI,ID,ANM,WE,Combined TRACON& Tower with Radar,155,27,68,6,256,4,13,92,26,135,159,40,160,32,391,42,0,42,433
08/31/2022,BOI,ID,ANM,WE,Combined TRACON& Tower with Radar,164,24,74,12,274,5,19,112,43,179,169,43,186,55,453,98,0,98,551
09/01/2022,BOI,ID,ANM,WE,Combined TRACON& Tower with Radar,178,31,75,10,294,3,18,121,44,186,181,49,196,54,480,70,0,70,550
09/02/2022,BOI,ID,ANM,WE,Combined TRACON& Tower with Radar,175,17,50,7,249,6,10,123,18,157,181,27,173,25,406,86,0,86,492
09/03/2022,BOI,ID,ANM,WE,Combined TRACON& Tower with Radar,134,17,30,6,187,12,20,82,19,133,146,37,112,25,320,34,0,34,354
09/04/2022,BOI,ID,ANM,WE,Combined TRACON& Tower with Radar,156,17,32,7,212,17,23,60,20,120,173,40,92,27,332,60,0,60,392
09/05/2022,BOI,ID,ANM,WE,Combined TRACON& Tower with Radar,165,20,36,6,227,8,10,110,21,149,173,30,146,27,376,32,0,32,408
09/06/2022,BOI,ID,ANM,WE,Combined TRACON& Tower with Radar,146,23,65,10,244,0,12,113,31,156,146,35,178,41,400,43,0,43,443
09/07/2022,BOI,ID,ANM,WE,Combined TRACON& Tower with Radar,162,33,59,13,267,0,11,82,18,111,162,44,141,31,378,32,0,32,410
09/08/2022,BOI,ID,ANM,WE,Combined TRACON& Tower with Radar,178,29,77,8,292,0,19,99,60,178,178,48,176,68,470,16,0,16,486
09/09/2022,BOI,ID,ANM,WE,Combined TRACON& Tower with Radar,170,28,69,24,291,0,7,63,17,87,170,35,132,41,378,28,0,28,406
09/10/2022,BOI,ID,ANM,WE,Combined TRACON& Tower with Radar,141,23,43,8,215,1,10,63,24,98,142,33,106,32,313,10,0,10,323
09/11/2022,BOI,ID,ANM,WE,Combined TRACON& Tower with Radar,162,24,61,6,253,0,21,50,25,96,162,45,111,31,349,22,0,22,371
09/12/2022,BOI,ID,ANM,WE,Combined TRACON& Tower with Radar,175,29,57,14,275,0,12,44,17,73,175,41,101,31,348,71,12,83,431
09/13/2022,BOI,ID,ANM,WE,Combined TRACON& Tower with Radar,160,32,68,10,270,0,14,70,22,106,160,46,138,32,376,110,0,110,486
09/14/2022,BOI,ID,ANM,WE,Combined TRACON& Tower with Radar,165,28,86,14,293,0,9,104,29,142,165,37,190,43,435,62,6,68,503
09/15/2022,BOI,ID,ANM,WE,Combined TRACON& Tower with Radar,175,29,77,16,297,0,8,86,22,116,175,37,163,38,413,84,0,84,497
09/16/2022,BOI,ID,ANM,WE,Combined TRACON& Tower with Radar,182,31,56,21,290,0,8,109,14,131,182,39,165,35,421,70,2,72,493
09/17/2022,BOI,ID,ANM,WE,Combined TRACON& Tower with Radar,141,16,34,7,198,0,7,61,1,69,141,23,95,8,267,58,0,58,325
09/18/2022,BOI,ID,ANM,WE,Combined TRACON& Tower with Radar,159,25,47,6,237,0,9,71,2,82,159,34,118,8,319,54,6,60,379
09/19/2022,BOI,ID,ANM,WE,Combined TRACON& Tower with Radar,164,33,56,11,264,0,13,109,16,138,164,46,165,27,402,30,0,30,432
09/20/2022,BOI,ID,ANM,WE,Combined TRACON& Tower with Radar,161,23,54,11,249,0,6,107,21,134,161,29,161,32,383,64,0,64,447
09/21/2022,BOI,ID,ANM,WE,Combined TRACON& Tower with Radar,166,34,53,8,261,0,8,81,11,100,166,42,134,19,361,82,0,82,443
09/22/2022,BOI,ID,ANM,WE,Combined TRACON& Tower with Radar,175,34,81,6,296,0,9,92,15,116,175,43,173,21,412,90,0,90,502
09/23/2022,BOI,ID,ANM,WE,Combined TRACON& Tower with Radar,175,25,58,10,268,0,17,150,17,184,175,42,208,27,452,64,4,68,520
09/24/2022,BOI,ID,ANM,WE,Combined TRACON& Tower with Radar,139,20,39,7,205,0,9,86,13,108,139,29,125,20,313,82,18,100,413
09/25/2022,BOI,ID,ANM,WE,Combined TRACON& Tower with Radar,159,30,47,11,247,1,2,73,4,80,160,32,120,15,327,33,0,33,360
09/26/2022,BOI,ID,ANM,WE,Combined TRACON& Tower with Radar,167,32,60,11,270,0,8,123,5,136,167,40,183,16,406,90,0,90,496
09/27/2022,BOI,ID,ANM,WE,Combined TRACON& Tower with Radar,162,20,56,7,245,0,20,113,7,140,162,40,169,14,385,0,0,0,385
09/28/2022,BOI,ID,ANM,WE,Combined TRACON& Tower with Radar,166,25,55,10,256,0,3,75,12,90,166,28,130,22,346,180,4,184,530
09/29/2022,BOI,ID,ANM,WE,Combined TRACON& Tower with Radar,174,29,75,8,286,20,11,91,55,177,194,40,166,63,463,64,0,64,527
09/30/2022,BOI,ID,ANM,WE,Combined TRACON& Tower with Radar,177,22,67,6,272,0,15,86,2,103,177,37,153,8,375,44,0,44,419
10/01/2022,BOI,ID,ANM,WE,Combined TRACON& Tower with Radar,132,12,43,3,190,0,2,106,4,112,132,14,149,7,302,120,0,120,422
10/02/2022,BOI,ID,ANM,WE,Combined TRACON& Tower with Radar,158,18,54,7,237,0,5,113,2,120,158,23,167,9,357,86,0,86,443
10/03/2022,BOI,ID,ANM,WE,Combined TRACON& Tower with Radar,168,25,51,9,253,0,13,86,21,120,168,38,137,30,373,54,2,56,429
10/04/2022,BOI,ID,ANM,WE,Combined TRACON& Tower with Radar,158,27,72,9,266,0,6,118,23,147,158,33,190,32,413,78,2,80,493
10/05/2022,BOI,ID,ANM,WE,Combined TRACON& Tower with Radar,162,22,84,4,272,0,12,137,19,168,162,34,221,23,440,82,2,84,524
10/06/2022,BOI,ID,ANM,WE,Combined TRACON& Tower with Radar,162,24,67,11,264,0,9,121,16,146,162,33,188,27,410,44,2,46,456
10/07/2022,BOI,ID,ANM,WE,Combined TRACON& Tower with Radar,162,23,53,7,245,0,11,142,6,159,162,34,195,13,404,40,0,40,444
10/08/2022,BOI,ID,ANM,WE,Combined TRACON& Tower with Radar,136,13,31,2,182,0,10,82,0,92,136,23,113,2,274,40,0,40,314
10/09/2022,BOI,ID,ANM,WE,Combined TRACON& Tower with Radar,157,22,42,3,224,0,5,105,0,110,157,27,147,3,334,104,0,104,438
10/10/2022,BOI,ID,ANM,WE,Combined TRACON& Tower with Radar,158,21,49,4,232,0,16,114,0,130,158,37,163,4,362,69,0,69,431
10/11/2022,BOI,ID,ANM,WE,Combined TRACON& Tower with Radar,146,27,46,10,229,0,2,74,13,89,146,29,120,23,318,48,0,48,366
10/12/2022,BOI,ID,ANM,WE,Combined TRACON& Tower with Radar,147,15,58,12,232,0,11,99,17,127,147,26,157,29,359,62,0,62,421
10/13/2022,BOI,ID,ANM,WE,Combined TRACON& Tower with Radar,164,32,82,12,290,0,12,117,18,147,164,44,199,30,437,8,0,8,445
10/14/2022,BOI,ID,ANM,WE,Combined TRACON& Tower with Radar,166,24,70,4,264,0,11,122,13,146,166,35,192,17,410,132,0,132,542
10/15/2022,BOI,ID,ANM,WE,Combined TRACON& Tower with Radar,128,9,60,6,203,0,7,98,9,114,128,16,158,15,317,24,0,24,341
10/16/2022,BOI,ID,ANM,WE,Combined TRACON& Tower with Radar,153,12,51,3,219,0,10,96,15,121,153,22,147,18,340,56,6,62,402
10/17/2022,BOI,ID,ANM,WE,Combined TRACON& Tower with Radar,149,18,77,3,247,0,8,96,11,115,149,26,173,14,362,102,0,102,464
10/18/2022,BOI,ID,ANM,WE,Combined TRACON& Tower with Radar,153,13,64,14,244,0,6,104,19,129,153,19,168,33,373,54,0,54,427
10/19/2022,BOI,ID,ANM,WE,Combined TRACON& Tower with Radar,155,22,81,11,269,0,8,97,28,133,155,30,178,39,402,30,2,32,434
10/20/2022,BOI,ID,ANM,WE,Combined TRACON& Tower with Radar,164,30,61,6,261,0,8,128,13,149,164,38,189,19,410,122,0,122,532
10/21/2022,BOI,ID,ANM,WE,Combined TRACON& Tower with Radar,177,23,66,6,272,1,8,99,16,124,178,31,165,22,396,47,6,53,449
10/22/2022,BOI,ID,ANM,WE,Combined TRACON& Tower with Radar,130,21,26,2,179,0,7,18,0,25,130,28,44,2,204,14,0,14,218
10/23/2022,BOI,ID,ANM,WE,Combined TRACON& Tower with Radar,156,20,43,1,220,0,5,39,1,45,156,25,82,2,265,24,0,24,289
10/24/2022,BOI,ID,ANM,WE,Combined TRACON& Tower with Radar,154,26,68,8,256,0,2,60,12,74,154,28,128,20,330,22,0,22,352
10/25/2022,BOI,ID,ANM,WE,Combined TRACON& Tower with Radar,142,27,63,7,239,0,7,65,14,86,142,34,128,21,325,76,0,76,401
10/26/2022,BOI,ID,ANM,WE,Combined TRACON& Tower with Radar,157,31,69,10,267,0,5,28,15,48,157,36,97,25,315,20,0,20,335
10/27/2022,BOI,ID,ANM,WE,Combined TRACON& Tower with Radar,160,40,88,11,299,0,5,98,11,114,160,45,186,22,413,84,0,84,497
10/28/2022,BOI,ID,ANM,WE,Combined TRACON& Tower with Radar,165,25,64,6,260,0,6,105,0,111,165,31,169,6,371,0,0,0,371
10/29/2022,BOI,ID,ANM,WE,Combined TRACON& Tower with Radar,131,13,47,9,200,0,6,73,5,84,131,19,120,14,284,36,0,36,320
10/30/2022,BOI,ID,ANM,WE,Combined TRACON& Tower with Radar,148,9,45,4,206,0,5,84,1,90,148,14,129,5,296,17,0,17,313
10/31/2022,BOI,ID,ANM,WE,Combined TRACON& Tower with Radar,140,15,48,5,208,0,5,78,5,88,140,20,126,10,296,54,0,54,350
11/01/2022,BOI,ID,ANM,WE,Combined TRACON& Tower with Radar,150,29,59,12,250,0,2,34,14,50,150,31,93,26,300,0,0,0,300
11/02/2022,BOI,ID,ANM,WE,Combined TRACON& Tower with Radar,144,29,59,6,238,0,4,42,20,66,144,33,101,26,304,26,0,26,330
11/03/2022,BOI,ID,ANM,WE,Combined TRACON& Tower with Radar,160,28,65,1,254,0,6,58,14,78,160,34,123,15,332,0,0,0,332
11/04/2022,BOI,ID,ANM,WE,Combined TRACON& Tower with Radar,170,33,37,0,240,0,3,4,0,7,170,36,41,0,247,0,0,0,247
11/05/2022,BOI,ID,ANM,WE,Combined TRACON& Tower with Radar,129,20,49,4,202,0,4,13,20,37,129,24,62,24,239,16,0,16,255
11/06/2022,BOI,ID,ANM,WE,Combined TRACON& Tower with Radar,144,23,34,2,203,0,11,39,19,69,144,34,73,21,272,6,0,6,278
11/07/2022,BOI,ID,ANM,WE,Combined TRACON& Tower with Radar,154,30,65,0,249,0,4,67,8,79,154,34,132,8,328,68,12,80,408
11/08/2022,BOI,ID,ANM,WE,Combined TRACON& Tower with Radar,142,34,79,4,259,0,8,80,11,99,142,42,159,15,358,50,2,52,410
11/09/2022,BOI,ID,ANM,WE,Combined TRACON& Tower with Radar,148,21,57,0,226,0,2,2,0,4,148,23,59,0,230,0,0,0,230
11/10/2022,BOI,ID,ANM,WE,Combined TRACON& Tower with Radar,164,29,81,11,285,0,12,106,7,125,164,41,187,18,410,50,4,54,464
11/11/2022,BOI,ID,ANM,WE,Combined TRACON& Tower with Radar,164,21,65,3,253,0,8,101,3,112,164,29,166,6,365,58,0,58,423
11/12/2022,BOI,ID,ANM,WE,Combined TRACON& Tower with Radar,130,15,52,0,197,0,10,93,0,103,130,25,145,0,300,24,0,24,324
11/13/2022,BOI,ID,ANM,WE,Combined TRACON& Tower with Radar,160,10,55,0,225,0,11,90,0,101,160,21,145,0,326,78,0,78,404
11/14/2022,BOI,ID,ANM,WE,Combined TRACON& Tower with Radar,159,36,51,13,259,0,4,64,15,83,159,40,115,28,342,60,0,60,402
11/15/2022,BOI,ID,ANM,WE,Combined TRACON& Tower with Radar,152,22,47,25,246,0,6,71,14,91,152,28,118,39,337,44,0,44,381
11/16/2022,BOI,ID,ANM,WE,Combined TRACON& Tower with Radar,155,34,70,15,274,0,17,60,13,90,155,51,130,28,364,32,0,32,396
11/17/2022,BOI,ID,ANM,WE,Combined TRACON& Tower with Radar,158,38,102,11,309,1,5,35,13,54,159,43,137,24,363,46,0,46,409
11/18/2022,BOI,ID,ANM,WE,Combined TRACON& Tower with Radar,166,38,80,2,286,0,3,49,0,52,166,41,129,2,338,36,0,36,374
11/19/2022,BOI,ID,ANM,WE,Combined TRACON& Tower with Radar,149,16,40,1,206,0,9,69,1,79,149,25,109,2,285,98,0,98,383
11/20/2022,BOI,ID,ANM,WE,Combined TRACON& Tower with Radar,160,20,50,1,231,0,4,76,1,81,160,24,126,2,312,52,0,52,364
11/21/2022,BOI,ID,ANM,WE,Combined TRACON& Tower with Radar,160,21,59,8,248,0,3,103,21,127,160,24,162,29,375,68,16,84,459
11/22/2022,BOI,ID,ANM,WE,Combined TRACON& Tower with Radar,163,29,57,23,272,0,2,61,14,77,163,31,118,37,349,42,2,44,393
11/23/2022,BOI,ID,ANM,WE,Combined TRACON& Tower with Radar,174,30,49,5,258,0,6,59,12,77,174,36,108,17,335,8,2,10,345
11/24/2022,BOI,ID,ANM,WE,Combined TRACON& Tower with Radar,107,13,9,2,131,0,6,16,0,22,107,19,25,2,153,26,0,26,179
11/25/2022,BOI,ID,ANM,WE,Combined TRACON& Tower with Radar,150,19,20,0,189,0,6,65,0,71,150,25,85,0,260,26,0,26,286
11/26/2022,BOI,ID,ANM,WE,Combined TRACON& Tower with Radar,152,18,38,0,208,0,10,19,0,29,152,28,57,0,237,42,0,42,279
11/27/2022,BOI,ID,ANM,WE,Combined TRACON& Tower with Radar,174,18,76,0,268,0,2,57,0,59,174,20,133,0,327,36,0,36,363
11/28/2022,BOI,ID,ANM,WE,Combined TRACON& Tower with Radar,163,24,45,10,242,0,4,0,5,9,163,28,45,15,251,12,0,12,263
11/29/2022,BOI,ID,ANM,WE,Combined TRACON& Tower with Radar,150,31,70,7,258,0,9,54,27,90,150,40,124,34,348,6,0,6,354
11/30/2022,BOI,ID,ANM,WE,Combined TRACON& Tower with Radar,148,43,62,2,255,0,1,9,21,31,148,44,71,23,286,0,0,0,286
12/01/2022,BOI,ID,ANM,WE,Combined TRACON& Tower with Radar,166,25,64,3,258,0,4,6,17,27,166,29,70,20,285,0,0,0,285
12/02/2022,BOI,ID,ANM,WE,Combined TRACON& Tower with Radar,160,25,53,2,240,0,6,92,18,116,160,31,145,20,356,72,0,72,428
12/03/2022,BOI,ID,ANM,WE,Combined TRACON& Tower with Radar,124,11,50,3,188,0,9,78,0,87,124,20,128,3,275,124,0,124,399
12/04/2022,BOI,ID,ANM,WE,Combined TRACON& Tower with Radar,152,20,29,0,201,0,0,0,0,0,152,20,29,0,201,0,0,0,201
12/05/2022,BOI,ID,ANM,WE,Combined TRACON& Tower with Radar,156,12,39,0,207,0,0,0,0,0,156,12,39,0,207,0,0,0,207
12/06/2022,BOI,ID,ANM,WE,Combined TRACON& Tower with Radar,157,29,50,4,240,0,0,0,0,0,157,29,50,4,240,2,0,2,242
12/07/2022,BOI,ID,ANM,WE,Combined TRACON& Tower with Radar,153,27,69,13,262,0,0,4,0,4,153,27,73,13,266,74,0,74,340
12/08/2022,BOI,ID,ANM,WE,Combined TRACON& Tower with Radar,167,32,84,12,295,0,5,71,24,100,167,37,155,36,395,66,0,66,461
12/09/2022,BOI,ID,ANM,WE,Combined TRACON& Tower with Radar,162,16,50,1,229,0,4,66,6,76,162,20,116,7,305,54,2,56,361
12/10/2022,BOI,ID,ANM,WE,Combined TRACON& Tower with Radar,122,18,35,0,175,0,0,12,0,12,122,18,47,0,187,8,0,8,195
12/11/2022,BOI,ID,ANM,WE,Combined TRACON& Tower with Radar,145,17,37,0,199,0,0,7,0,7,145,17,44,0,206,24,0,24,230
12/12/2022,BOI,ID,ANM,WE,Combined TRACON& Tower with Radar,168,26,35,0,229,0,0,0,0,0,168,26,35,0,229,0,0,0,229
12/13/2022,BOI,ID,ANM,WE,Combined TRACON& Tower with Radar,149,18,57,2,226,0,5,61,19,85,149,23,118,21,311,64,4,68,379
12/14/2022,BOI,ID,ANM,WE,Combined TRACON& Tower with Radar,147,25,58,10,240,0,5,21,9,35,147,30,79,19,275,40,0,40,315
12/15/2022,BOI,ID,ANM,WE,Combined TRACON& Tower with Radar,168,25,64,8,265,0,6,44,15,65,168,31,108,23,330,83,0,83,413
12/16/2022,BOI,ID,ANM,WE,Combined TRACON& Tower with Radar,162,24,75,2,263,0,2,29,11,42,162,26,104,13,305,16,0,16,321
12/17/2022,BOI,ID,ANM,WE,Combined TRACON& Tower with Radar,132,24,51,0,207,0,6,30,0,36,132,30,81,0,243,36,0,36,279
12/18/2022,BOI,ID,ANM,WE,Combined TRACON& Tower with Radar,153,17,40,0,210,0,4,72,0,76,153,21,112,0,286,50,0,50,336
12/19/2022,BOI,ID,ANM,WE,Combined TRACON& Tower with Radar,151,44,58,7,260,0,1,70,23,94,151,45,128,30,354,48,0,48,402
12/20/2022,BOI,ID,ANM,WE,Combined TRACON& Tower with Radar,147,36,67,1,251,0,5,48,23,76,147,41,115,24,327,14,2,16,343
12/21/2022,BOI,ID,ANM,WE,Combined TRACON& Tower with Radar,154,24,50,0,228,0,7,44,14,65,154,31,94,14,293,48,0,48,341
12/22/2022,BOI,ID,ANM,WE,Combined TRACON& Tower with Radar,160,36,50,0,246,0,9,63,22,94,160,45,113,22,340,20,0,20,360
12/23/2022,BOI,ID,ANM,WE,Combined TRACON& Tower with Radar,121,16,36,0,173,0,0,0,0,0,121,16,36,0,173,24,0,24,197
12/24/2022,BOI,ID,ANM,WE,Combined TRACON& Tower with Radar,91,24,24,0,139,0,1,0,0,1,91,25,24,0,140,0,0,0,140
12/25/2022,BOI,ID,ANM,WE,Combined TRACON& Tower with Radar,111,13,3,0,127,0,0,0,0,0,111,13,3,0,127,0,0,0,127
12/26/2022,BOI,ID,ANM,WE,Combined TRACON& Tower with Radar,105,20,31,0,156,0,0,1,0,1,105,20,32,0,157,0,0,0,157
12/27/2022,BOI,ID,ANM,WE,Combined TRACON& Tower with Radar,121,30,57,1,209,0,2,26,11,39,121,32,83,12,248,4,0,4,252
12/28/2022,BOI,ID,ANM,WE,Combined TRACON& Tower with Radar,134,32,65,6,237,0,7,50,28,85,134,39,115,34,322,56,0,56,378
12/29/2022,BOI,ID,ANM,WE,Combined TRACON& Tower with Radar,143,35,47,5,230,0,9,53,18,80,143,44,100,23,310,88,0,88,398
12/30/2022,BOI,ID,ANM,WE,Combined TRACON& Tower with Radar,153,26,20,0,199,0,0,4,0,4,153,26,24,0,203,8,0,8,211
12/31/2022,BOI,ID,ANM,WE,Combined TRACON& Tower with Radar,100,15,20,1,136,0,2,6,0,8,100,17,26,1,144,8,0,8,152
01/01/2023,BOI,ID,ANM,WE,Combined TRACON& Tower with Radar,131,23,40,0,194,0,6,32,0,38,131,29,72,0,232,26,0,26,258
01/02/2023,BOI,ID,ANM,WE,Combined TRACON& Tower with Radar,132,31,71,0,234,0,3,74,0,77,132,34,145,0,311,38,0,38,349
01/03/2023,BOI,ID,ANM,WE,Combined TRACON& Tower with Radar,142,23,60,0,225,0,7,77,20,104,142,30,137,20,329,82,2,84,413
01/04/2023,BOI,ID,ANM,WE,Combined TRACON& Tower with Radar,145,23,47,1,216,0,6,61,26,93,145,29,108,27,309,52,2,54,363
01/05/2023,BOI,ID,ANM,WE,Combined TRACON& Tower with Radar,161,21,48,4,234,0,2,26,17,45,161,23,74,21,279,22,0,22,301
01/06/2023,BOI,ID,ANM,WE,Combined TRACON& Tower with Radar,149,17,43,1,210,0,2,40,14,56,149,19,83,15,266,24,4,28,294
01/07/2023,BOI,ID,ANM,WE,Combined TRACON& Tower with Radar,120,16,44,3,183,0,4,65,20,89,120,20,109,23,272,32,0,32,304
01/08/2023,BOI,ID,ANM,WE,Combined TRACON& Tower with Radar,142,16,26,1,185,0,1,9,14,24,142,17,35,15,209,20,6,26,235
01/09/2023,BOI,ID,ANM,WE,Combined TRACON& Tower with Radar,144,19,40,0,203,0,5,7,5,17,144,24,47,5,220,24,0,24,244
01/10/2023,BOI,ID,ANM,WE,Combined TRACON& Tower with Radar,127,15,43,2,187,0,1,9,4,14,127,16,52,6,201,22,0,22,223
01/11/2023,BOI,ID,ANM,WE,Combined TRACON& Tower with Radar,124,26,65,1,216,0,5,69,39,113,124,31,134,40,329,16,0,16,345
01/12/2023,BOI,ID,ANM,WE,Combined TRACON& Tower with Radar,158,29,64,1,252,0,8,46,19,73,158,37,110,20,325,66,0,66,391
01/13/2023,BOI,ID,ANM,WE,Combined TRACON& Tower with Radar,151,29,74,1,255,0,7,100,10,117,151,36,174,11,372,70,2,72,444
01/14/2023,BOI,ID,ANM,WE,Combined TRACON& Tower with Radar,107,14,31,0,152,0,0,43,1,44,107,14,74,1,196,43,0,43,239
01/15/2023,BOI,ID,ANM,WE,Combined TRACON& Tower with Radar,137,16,39,1,193,0,3,62,2,67,137,19,101,3,260,76,0,76,336
01/16/2023,BOI,ID,ANM,WE,Combined TRACON& Tower with Radar,146,18,57,0,221,0,6,83,1,90,146,24,140,1,311,108,0,108,419
01/17/2023,BOI,ID,ANM,WE,Combined TRACON& Tower with Radar,135,13,49,27,224,0,10,69,25,104,135,23,118,52,328,52,0,52,380
01/18/2023,BOI,ID,ANM,WE,Combined TRACON& Tower with Radar,131,18,59,4,212,0,11,71,21,103,131,29,130,25,315,67,2,69,384
01/19/2023,BOI,ID,ANM,WE,Combined TRACON& Tower with Radar,161,37,49,1,248,0,2,18,5,25,161,39,67,6,273,0,0,0,273
01/20/2023,BOI,ID,ANM,WE,Combined TRACON& Tower with Radar,159,23,53,3,238,0,6,94,6,106,159,29,147,9,344,53,0,53,397
01/21/2023,BOI,ID,ANM,WE,Combined TRACON& Tower with Radar,110,14,37,1,162,0,8,78,0,86,110,22,115,1,248,50,0,50,298
01/22/2023,BOI,ID,ANM,WE,Combined TRACON& Tower with Radar,139,13,29,1,182,0,4,37,0,41,139,17,66,1,223,30,0,30,253
01/23/2023,BOI,ID,ANM,WE,Combined TRACON& Tower with Radar,147,22,51,9,229,0,11,53,24,88,147,33,104,33,317,78,18,96,413
01/24/2023,BOI,ID,ANM,WE,Combined TRACON& Tower with Radar,131,19,35,11,196,0,3,72,28,103,131,22,107,39,299,94,0,94,393
01/25/2023,BOI,ID,ANM,WE,Combined TRACON& Tower with Radar,139,26,69,23,257,0,3,56,25,84,139,29,125,48,341,69,0,69,410
01/26/2023,BOI,ID,ANM,WE,Combined TRACON& Tower with Radar,156,41,75,11,283,0,12,67,36,115,156,53,142,47,398,16,0,16,414
01/27/2023,BOI,ID,ANM,WE,Combined TRACON& Tower with Radar,158,35,62,5,260,0,1,48,2,51,158,36,110,7,311,25,0,25,336
01/28/2023,BOI,ID,ANM,WE,Combined TRACON& Tower with Radar,109,24,22,0,155,0,0,19,0,19,109,24,41,0,174,16,0,16,190
01/29/2023,BOI,ID,ANM,WE,Combined TRACON& Tower with Radar,136,5,31,0,172,0,2,33,0,35,136,7,64,0,207,18,0,18,225
01/30/2023,BOI,ID,ANM,WE,Combined TRACON& Tower with Radar,139,18,47,6,210,0,16,102,17,135,139,34,149,23,345,104,0,104,449
01/31/2023,BOI,ID,ANM,WE,Combined TRACON& Tower with Radar,132,18,46,5,201,0,5,59,7,71,132,23,105,12,272,54,2,56,328
02/01/2023,BOI,ID,ANM,WE,Combined TRACON& Tower with Radar,145,21,57,6,229,0,4,90,12,106,145,25,147,18,335,144,4,148,483
02/02/2023,BOI,ID,ANM,WE,Combined TRACON& Tower with Radar,156,25,71,2,254,0,5,77,12,94,156,30,148,14,348,51,4,55,403
02/03/2023,BOI,ID,ANM,WE,Combined TRACON& Tower with Radar,158,22,51,4,235,0,15,90,22,127,158,37,141,26,362,22,4,26,388
02/04/2023,BOI,ID,ANM,WE,Combined TRACON& Tower with Radar,123,15,29,0,167,0,12,102,11,125,123,27,131,11,292,78,0,78,370
02/05/2023,BOI,ID,ANM,WE,Combined TRACON& Tower with Radar,140,19,25,0,184,0,0,28,4,32,140,19,53,4,216,20,0,20,236
02/06/2023,BOI,ID,ANM,WE,Combined TRACON& Tower with Radar,154,27,37,3,221,0,2,56,14,72,154,29,93,17,293,42,2,44,337
02/07/2023,BOI,ID,ANM,WE,Combined TRACON& Tower with Radar,150,18,49,3,220,0,3,66,16,85,150,21,115,19,305,41,4,45,350
02/08/2023,BOI,ID,ANM,WE,Combined TRACON& Tower with Radar,152,17,58,10,237,0,4,77,27,108,152,21,135,37,345,59,0,59,404
02/09/2023,BOI,ID,ANM,WE,Combined TRACON& Tower with Radar,160,24,65,5,254,0,14,93,37,144,160,38,158,42,398,45,0,45,443
02/10/2023,BOI,ID,ANM,WE,Combined TRACON& Tower with Radar,157,21,59,3,240,0,3,83,12,98,157,24,142,15,338,32,0,32,370
02/11/2023,BOI,ID,ANM,WE,Combined TRACON& Tower with Radar,121,23,48,1,193,0,8,96,3,107,121,31,144,4,300,90,0,90,390
02/12/2023,BOI,ID,ANM,WE,Combined TRACON& Tower with Radar,135,25,33,1,194,0,7,80,0,87,135,32,113,1,281,82,0,82,363
02/13/2023,BOI,ID,ANM,WE,Combined TRACON& Tower with Radar,146,38,53,7,244,0,5,60,23,88,146,43,113,30,332,12,8,20,352
02/14/2023,BOI,ID,ANM,WE,Combined TRACON& Tower with Radar,143,21,46,4,214,0,13,33,33,79,143,34,79,37,293,36,2,38,331
02/15/2023,BOI,ID,ANM,WE,Combined TRACON& Tower with Radar,151,27,65,7,250,0,2,69,41,112,151,29,134,48,362,30,0,30,392
02/16/2023,BOI,ID,ANM,WE,Combined TRACON& Tower with Radar,160,33,78,3,274,0,12,99,33,144,160,45,177,36,418,25,0,25,443
02/17/2023,BOI,ID,ANM,WE,Combined TRACON& Tower with Radar,154,41,69,0,264,0,6,92,17,115,154,47,161,17,379,36,0,36,415
02/18/2023,BOI,ID,ANM,WE,Combined TRACON& Tower with Radar,124,30,35,0,189,0,14,65,1,80,124,44,100,1,269,27,0,27,296
02/19/2023,BOI,ID,ANM,WE,Combined TRACON& Tower with Radar,137,22,47,0,206,0,9,67,0,76,137,31,114,0,282,38,0,38,320
02/20/2023,BOI,ID,ANM,WE,Combined TRACON& Tower with Radar,148,25,61,0,234,0,4,65,0,69,148,29,126,0,303,80,0,80,383
02/21/2023,BOI,ID,ANM,WE,Combined TRACON& Tower with Radar,145,36,42,3,226,0,2,12,14,28,145,38,54,17,254,18,0,18,272
02/22/2023,BOI,ID,ANM,WE,Combined TRACON& Tower with Radar,148,28,50,11,237,0,2,41,15,58,148,30,91,26,295,18,2,20,315
02/23/2023,BOI,ID,ANM,WE,Combined TRACON& Tower with Radar,156,27,52,1,236,0,7,19,21,47,156,34,71,22,283,28,2,30,313
02/24/2023,BOI,ID,ANM,WE,Combined TRACON& Tower with Radar,148,32,58,5,243,0,10,99,9,118,148,42,157,14,361,40,6,46,407
02/25/2023,BOI,ID,ANM,WE,Combined TRACON& Tower with Radar,123,20,37,3,183,0,7,132,1,140,123,27,169,4,323,16,0,16,339
02/26/2023,BOI,ID,ANM,WE,Combined TRACON& Tower with Radar,148,15,30,4,197,0,0,23,0,23,148,15,53,4,220,22,0,22,242
02/27/2023,BOI,ID,ANM,WE,Combined TRACON& Tower with Radar,147,22,35,10,214,0,4,31,15,50,147,26,66,25,264,34,0,34,298
02/28/2023,BOI,ID,ANM,WE,Combined TRACON& Tower with Radar,143,20,47,4,214,0,3,32,7,42,143,23,79,11,256,18,2,20,276
03/01/2023,BOI,ID,ANM,WE,Combined TRACON& Tower with Radar,136,23,45,1,205,0,8,50,16,74,136,31,95,17,279,40,0,40,319
03/02/2023,BOI,ID,ANM,WE,Combined TRACON& Tower with Radar,154,18,68,3,243,0,9,69,25,103,154,27,137,28,346,144,0,144,490
03/03/2023,BOI,ID,ANM,WE,Combined TRACON& Tower with Radar,145,31,69,1,246,0,6,80,27,113,145,37,149,28,359,87,6,93,452
03/04/2023,BOI,ID,ANM,WE,Combined TRACON& Tower with Radar,111,22,39,4,176,0,4,25,32,61,111,26,64,36,237,8,6,14,251
03/05/2023,BOI,ID,ANM,WE,Combined TRACON& Tower with Radar,131,17,46,0,194,0,7,26,24,57,131,24,72,24,251,26,2,28,279
03/06/2023,BOI,ID,ANM,WE,Combined TRACON& Tower with Radar,146,32,42,1,221,0,7,34,9,50,146,39,76,10,271,56,0,56,327
03/07/2023,BOI,ID,ANM,WE,Combined TRACON& Tower with Radar,138,25,59,5,227,0,3,70,14,87,138,28,129,19,314,73,0,73,387
03/08/2023,BOI,ID,ANM,WE,Combined TRACON& Tower with Radar,139,27,59,9,234,0,2,28,14,44,139,29,87,23,278,18,8,26,304
03/09/2023,BOI,ID,ANM,WE,Combined TRACON& Tower with Radar,157,39,65,2,263,0,7,47,21,75,157,46,112,23,338,28,2,30,368
03/10/2023,BOI,ID,ANM,WE,Combined TRACON& Tower with Radar,158,42,38,0,238,0,2,9,6,17,158,44,47,6,255,3,1,4,259
03/11/2023,BOI,ID,ANM,WE,Combined TRACON& Tower with Radar,113,19,46,1,179,0,11,118,0,129,113,30,164,1,308,64,0,64,372
03/12/2023,BOI,ID,ANM,WE,Combined TRACON& Tower with Radar,135,24,23,0,182,0,13,41,8,62,135,37,64,8,244,80,0,80,324
03/13/2023,BOI,ID,ANM,WE,Combined TRACON& Tower with Radar,146,29,55,11,241,0,0,44,25,69,146,29,99,36,310,97,4,101,411
03/14/2023,BOI,ID,ANM,WE,Combined TRACON& Tower with Radar,133,28,45,2,208,0,4,15,6,25,133,32,60,8,233,52,0,52,285
03/15/2023,BOI,ID,ANM,WE,Combined TRACON& Tower with Radar,143,34,70,8,255,0,6,51,21,78,143,40,121,29,333,30,0,30,363
03/16/2023,BOI,ID,ANM,WE,Combined TRACON& Tower with Radar,154,32,65,9,260,0,10,138,27,175,154,42,203,36,435,76,0,76,511
03/17/2023,BOI,ID,ANM,WE,Combined TRACON& Tower with Radar,150,35,74,0,259,0,5,131,16,152,150,40,205,16,411,68,2,70,481
03/18/2023,BOI,ID,ANM,WE,Combined TRACON& Tower with Radar,115,13,43,2,173,0,12,84,12,108,115,25,127,14,281,47,0,47,328
03/19/2023,BOI,ID,ANM,WE,Combined TRACON& Tower with Radar,141,22,26,1,190,0,7,62,1,70,141,29,88,2,260,77,4,81,341
03/20/2023,BOI,ID,ANM,WE,Combined TRACON& Tower with Radar,144,29,43,2,218,0,0,10,5,15,144,29,53,7,233,4,0,4,237
03/21/2023,BOI,ID,ANM,WE,Combined TRACON& Tower with Radar,124,29,41,6,200,0,4,86,12,102,124,33,127,18,302,84,0,84,386
03/22/2023,BOI,ID,ANM,WE,Combined TRACON& Tower with Radar,141,29,69,2,241,0,10,73,14,97,141,39,142,16,338,124,0,124,462
03/23/2023,BOI,ID,ANM,WE,Combined TRACON& Tower with Radar,161,31,77,1,270,0,7,43,10,60,161,38,120,11,330,42,0,42,372
03/24/2023,BOI,ID,ANM,WE,Combined TRACON& Tower with Radar,149,26,53,1,229,0,1,32,1,34,149,27,85,2,263,70,0,70,333
03/25/2023,BOI,ID,ANM,WE,Combined TRACON& Tower with Radar,116,18,26,2,162,0,5,33,2,40,116,23,59,4,202,133,0,133,335
03/26/2023,BOI,ID,ANM,WE,Combined TRACON& Tower with Radar,142,34,51,2,229,0,9,60,0,69,142,43,111,2,298,24,0,24,322
03/27/2023,BOI,ID,ANM,WE,Combined TRACON& Tower with Radar,136,25,57,0,218,0,9,129,12,150,136,34,186,12,368,106,0,106,474
03/28/2023,BOI,ID,ANM,WE,Combined TRACON& Tower with Radar,129,21,46,6,202,0,3,14,12,29,129,24,60,18,231,16,0,16,247
03/29/2023,BOI,ID,ANM,WE,Combined TRACON& Tower with Radar,140,31,50,5,226,0,4,25,12,41,140,35,75,17,267,84,0,84,351
03/30/2023,BOI,ID,ANM,WE,Combined TRACON& Tower with Radar,157,26,56,1,240,0,0,3,6,9,157,26,59,7,249,0,0,0,249
03/31/2023,BOI,ID,ANM,WE,Combined TRACON& Tower with Radar,141,27,76,7,251,0,7,100,18,125,141,34,176,25,376,126,0,126,502
04/01/2023,BOI,ID,ANM,WE,Combined TRACON& Tower with Radar,120,19,30,0,169,0,1,17,13,31,120,20,47,13,200,32,2,34,234
04/02/2023,BOI,ID,ANM,WE,Combined TRACON& Tower with Radar,136,29,50,2,217,0,3,48,9,60,136,32,98,11,277,104,0,104,381
04/03/2023,BOI,ID,ANM,WE,Combined TRACON& Tower with Radar,140,24,40,4,208,0,6,40,13,59,140,30,80,17,267,40,0,40,307
04/04/2023,BOI,ID,ANM,WE,Combined TRACON& Tower with Radar,142,27,45,5,219,0,3,23,12,38,142,30,68,17,257,52,0,52,309
04/05/2023,BOI,ID,ANM,WE,Combined TRACON& Tower with Radar,134,23,73,12,242,0,6,137,18,161,134,29,210,30,403,128,13,141,544
04/06/2023,BOI,ID,ANM,WE,Combined TRACON& Tower with Radar,166,31,60,2,259,0,13,73,17,103,166,44,133,19,362,44,2,46,408
04/07/2023,BOI,ID,ANM,WE,Combined TRACON& Tower with Radar,155,32,53,3,243,0,6,36,7,49,155,38,89,10,292,14,0,14,306
04/08/2023,BOI,ID,ANM,WE,Combined TRACON& Tower with Radar,116,12,38,0,166,0,4,95,0,99,116,16,133,0,265,26,0,26,291
04/09/2023,BOI,ID,ANM,WE,Combined TRACON& Tower with Radar,142,22,42,0,206,0,10,71,0,81,142,32,113,0,287,143,0,143,430
04/10/2023,BOI,ID,ANM,WE,Combined TRACON& Tower with Radar,143,34,59,9,245,0,14,44,16,74,143,48,103,25,319,18,0,18,337
04/11/2023,BOI,ID,ANM,WE,Combined TRACON& Tower with Radar,137,22,53,14,226,0,9,60,13,82,137,31,113,27,308,22,8,30,338
04/12/2023,BOI,ID,ANM,WE,Combined TRACON& Tower with Radar,135,28,69,15,247,0,8,103,14,125,135,36,172,29,372,0,0,0,372
04/13/2023,BOI,ID,ANM,WE,Combined TRACON& Tower with Radar,162,38,62,2,264,0,9,84,9,102,162,47,146,11,366,108,12,120,486
04/14/2023,BOI,ID,ANM,WE,Combined TRACON& Tower with Radar,152,27,55,3,237,0,11,118,8,137,152,38,173,11,374,124,0,124,498
04/15/2023,BOI,ID,ANM,WE,Combined TRACON& Tower with Radar,118,23,37,4,182,0,11,107,8,126,118,34,144,12,308,62,0,62,370
04/16/2023,BOI,ID,ANM,WE,Combined TRACON& Tower with Radar,144,14,37,3,198,0,11,36,3,50,144,25,73,6,248,26,0,26,274
04/17/2023,BOI,ID,ANM,WE,Combined TRACON& Tower with Radar,147,23,58,3,231,0,14,62,21,97,147,37,120,24,328,96,2,98,426
04/18/2023,BOI,ID,ANM,WE,Combined TRACON& Tower with Radar,140,32,43,5,220,0,3,12,15,30,140,35,55,20,250,30,9,39,289
04/19/2023,BOI,ID,ANM,WE,Combined TRACON& Tower with Radar,146,31,76,6,259,0,4,79,36,119,146,35,155,42,378,76,0,76,454
04/20/2023,BOI,ID,ANM,WE,Combined TRACON& Tower with Radar,149,42,66,10,267,0,13,81,31,125,149,55,147,41,392,78,24,102,494
04/21/2023,BOI,ID,ANM,WE,Combined TRACON& Tower with Radar,154,43,60,4,261,0,13,39,9,61,154,56,99,13,322,3,0,3,325
04/22/2023,BOI,ID,ANM,WE,Combined TRACON& Tower with Radar,119,10,38,1,168,0,13,118,5,136,119,23,156,6,304,100,0,100,404
04/23/2023,BOI,ID,ANM,WE,Combined TRACON& Tower with Radar,148,25,48,1,222,0,4,60,3,67,148,29,108,4,289,56,0,56,345
04/24/2023,BOI,ID,ANM,WE,Combined TRACON& Tower with Radar,144,36,63,3,246,0,11,46,29,86,144,47,109,32,332,28,12,40,372
04/25/2023,BOI,ID,ANM,WE,Combined TRACON& Tower with Radar,136,36,40,5,217,0,12,105,27,144,136,48,145,32,361,74,2,76,437
04/26/2023,BOI,ID,ANM,WE,Combined TRACON& Tower with Radar,144,30,78,5,257,0,14,161,35,210,144,44,239,40,467,146,0,146,613
04/27/2023,BOI,ID,ANM,WE,Combined TRACON& Tower with Radar,159,28,70,10,267,0,8,77,31,116,159,36,147,41,383,54,2,56,439
04/28/2023,BOI,ID,ANM,WE,Combined TRACON& Tower with Radar,147,27,67,6,247,0,6,150,20,176,147,33,217,26,423,111,11,122,545
04/29/2023,BOI,ID,ANM,WE,Combined TRACON& Tower with Radar,127,21,53,7,208,0,10,110,3,123,127,31,163,10,331,118,0,118,449
04/30/2023,BOI,ID,ANM,WE,Combined TRACON& Tower with Radar,149,15,70,2,236,0,7,110,2,119,149,22,180,4,355,84,0,84,439
05/01/2023,BOI,ID,ANM,WE,Combined TRACON& Tower with Radar,146,24,53,13,236,0,17,78,11,106,146,41,131,24,342,74,0,74,416
05/02/2023,BOI,ID,ANM,WE,Combined TRACON& Tower with Radar,142,30,70,1,243,0,15,114,9,138,142,45,184,10,381,56,0,56,437
05/03/2023,BOI,ID,ANM,WE,Combined TRACON& Tower with Radar,148,37,61,1,247,0,18,102,10,130,148,55,163,11,377,51,0,51,428
05/04/2023,BOI,ID,ANM,WE,Combined TRACON& Tower with Radar,157,32,53,7,249,0,15,66,25,106,157,47,119,32,355,50,0,50,405
05/05/2023,BOI,ID,ANM,WE,Combined TRACON& Tower with Radar,153,34,47,3,237,0,6,24,10,40,153,40,71,13,277,16,4,20,297
05/06/2023,BOI,ID,ANM,WE,Combined TRACON& Tower with Radar,130,23,28,2,183,0,4,36,20,60,130,27,64,22,243,60,6,66,309
05/07/2023,BOI,ID,ANM,WE,Combined TRACON& Tower with Radar,144,18,25,3,190,0,1,32,14,47,144,19,57,17,237,112,8,120,357
05/08/2023,BOI,ID,ANM,WE,Combined TRACON& Tower with Radar,146,29,39,3,217,0,7,78,1,86,146,36,117,4,303,52,0,52,355
05/09/2023,BOI,ID,ANM,WE,Combined TRACON& Tower with Radar,146,33,51,6,236,2,9,109,12,132,148,42,160,18,368,132,12,144,512
05/10/2023,BOI,ID,ANM,WE,Combined TRACON& Tower with Radar,148,30,61,3,242,1,14,130,10,155,149,44,191,13,397,100,2,102,499
05/11/2023,BOI,ID,ANM,WE,Combined TRACON& Tower with Radar,162,28,60,8,258,0,20,129,10,159,162,48,189,18,417,0,0,0,417
05/12/2023,BOI,ID,ANM,WE,Combined TRACON& Tower with Radar,150,26,55,3,234,0,7,125,16,148,150,33,180,19,382,89,0,89,471
05/13/2023,BOI,ID,ANM,WE,Combined TRACON& Tower with Radar,127,14,28,3,172,0,7,111,0,118,127,21,139,3,290,88,0,88,378
05/14/2023,BOI,ID,ANM,WE,Combined TRACON& Tower with Radar,143,24,25,0,192,0,6,36,0,42,143,30,61,0,234,8,0,8,242
05/15/2023,BOI,ID,ANM,WE,Combined TRACON& Tower with Radar,149,30,61,6,246,0,5,79,10,94,149,35,140,16,340,70,0,70,410
05/16/2023,BOI,ID,ANM,WE,Combined TRACON& Tower with Radar,143,28,61,9,241,0,11,117,11,139,143,39,178,20,380,68,16,84,464
05/17/2023,BOI,ID,ANM,WE,Combined TRACON& Tower with Radar,146,22,70,8,246,0,10,107,13,130,146,32,177,21,376,143,23,166,542
05/18/2023,BOI,ID,ANM,WE,Combined TRACON& Tower with Radar,156,37,72,8,273,1,5,140,9,155,157,42,212,17,428,81,0,81,509
05/19/2023,BOI,ID,ANM,WE,Combined TRACON& Tower with Radar,155,34,50,0,239,0,11,97,1,109,155,45,147,1,348,203,0,203,551
05/20/2023,BOI,ID,ANM,WE,Combined TRACON& Tower with Radar,134,22,50,2,208,0,18,80,6,104,134,40,130,8,312,85,6,91,403
05/21/2023,BOI,ID,ANM,WE,Combined TRACON& Tower with Radar,148,17,34,0,199,0,16,81,2,99,148,33,115,2,298,100,0,100,398
05/22/2023,BOI,ID,ANM,WE,Combined TRACON& Tower with Radar,143,39,53,3,238,0,9,101,25,135,143,48,154,28,373,184,10,194,567
05/23/2023,BOI,ID,ANM,WE,Combined TRACON& Tower with Radar,150,30,51,1,232,0,17,110,31,158,150,47,161,32,390,106,0,106,496
05/24/2023,BOI,ID,ANM,WE,Combined TRACON& Tower with Radar,148,25,52,3,228,0,9,127,27,163,148,34,179,30,391,96,12,108,499
05/25/2023,BOI,ID,ANM,WE,Combined TRACON& Tower with Radar,160,32,41,3,236,0,17,102,26,145,160,49,143,29,381,66,0,66,447
05/26/2023,BOI,ID,ANM,WE,Combined TRACON& Tower with Radar,152,13,49,2,216,0,15,93,4,112,152,28,142,6,328,62,0,62,390
05/27/2023,BOI,ID,ANM,WE,Combined TRACON& Tower with Radar,127,20,18,0,165,0,13,71,2,86,127,33,89,2,251,80,0,80,331
05/28/2023,BOI,ID,ANM,WE,Combined TRACON& Tower with Radar,144,22,22,0,188,0,11,77,1,89,144,33,99,1,277,26,0,26,303
05/29/2023,BOI,ID,ANM,WE,Combined TRACON& Tower with Radar,141,23,38,0,202,0,8,117,2,127,141,31,155,2,329,78,8,86,415
05/30/2023,BOI,ID,ANM,WE,Combined TRACON& Tower with Radar,141,21,49,4,215,0,5,97,7,109,141,26,146,11,324,30,4,34,358
05/31/2023,BOI,ID,ANM,WE,Combined TRACON& Tower with Radar,151,26,38,1,216,0,7,79,14,100,151,33,117,15,316,30,2,32,348
06/01/2023,BOI,ID,ANM,WE,Combined TRACON& Tower with Radar,158,28,57,11,254,0,9,109,12,130,158,37,166,23,384,102,2,104,488
06/02/2023,BOI,ID,ANM,WE,Combined TRACON& Tower with Radar,157,18,47,9,231,0,12,128,4,144,157,30,175,13,375,44,0,44,419
06/03/2023,BOI,ID,ANM,WE,Combined TRACON& Tower with Radar,119,18,46,7,190,0,6,113,22,141,119,24,159,29,331,24,0,24,355
06/04/2023,BOI,ID,ANM,WE,Combined TRACON& Tower with Radar,144,19,35,5,203,0,8,99,9,116,144,27,134,14,319,56,0,56,375
06/05/2023,BOI,ID,ANM,WE,Combined TRACON& Tower with Radar,148,40,50,15,253,0,15,108,11,134,148,55,158,26,387,102,0,102,489
06/06/2023,BOI,ID,ANM,WE,Combined TRACON& Tower with Radar,148,25,43,11,227,0,14,100,12,126,148,39,143,23,353,24,22,46,399
06/07/2023,BOI,ID,ANM,WE,Combined TRACON& Tower with Radar,154,28,50,9,241,0,14,114,16,144,154,42,164,25,385,26,0,26,411
06/08/2023,BOI,ID,ANM,WE,Combined TRACON& Tower with Radar,166,29,55,10,260,0,11,82,13,106,166,40,137,23,366,78,4,82,448
06/09/2023,BOI,ID,ANM,WE,Combined TRACON& Tower with Radar,158,39,46,11,254,0,6,44,10,60,158,45,90,21,314,100,0,100,414
06/10/2023,BOI,ID,ANM,WE,Combined TRACON& Tower with Radar,127,23,38,4,192,0,13,84,18,115,127,36,122,22,307,172,2,174,481
06/11/2023,BOI,ID,ANM,WE,Combined TRACON& Tower with Radar,146,19,39,6,210,0,10,77,6,93,146,29,116,12,303,40,0,40,343
06/12/2023,BOI,ID,ANM,WE,Combined TRACON& Tower with Radar,150,21,41,9,221,0,9,105,30,144,150,30,146,39,365,8,0,8,373
06/13/2023,BOI,ID,ANM,WE,Combined TRACON& Tower with Radar,143,20,56,3,222,0,9,99,23,131,143,29,155,26,353,8,0,8,361
06/14/2023,BOI,ID,ANM,WE,Combined TRACON& Tower with Radar,150,23,59,4,236,0,5,119,20,144,150,28,178,24,380,26,0,26,406
06/15/2023,BOI,ID,ANM,WE,Combined TRACON& Tower with Radar,164,33,73,1,271,0,10,130,12,152,164,43,203,13,423,36,2,38,461
06/16/2023,BOI,ID,ANM,WE,Combined TRACON& Tower with Radar,164,29,77,4,274,0,11,131,6,148,164,40,208,10,422,41,4,45,467
06/17/2023,BOI,ID,ANM,WE,Combined TRACON& Tower with Radar,125,18,46,4,193,0,10,107,2,119,125,28,153,6,312,2,0,2,314
06/18/2023,BOI,ID,ANM,WE,Combined TRACON& Tower with Radar,149,19,38,1,207,0,14,72,1,87,149,33,110,2,294,6,0,6,300
06/19/2023,BOI,ID,ANM,WE,Combined TRACON& Tower with Radar,151,32,56,3,242,0,9,31,0,40,151,41,87,3,282,10,0,10,292
06/20/2023,BOI,ID,ANM,WE,Combined TRACON& Tower with Radar,149,18,63,3,233,0,10,93,8,111,149,28,156,11,344,10,0,10,354
06/21/2023,BOI,ID,ANM,WE,Combined TRACON& Tower with Radar,145,22,75,7,249,2,9,150,20,181,147,31,225,27,430,20,0,20,450
06/22/2023,BOI,ID,ANM,WE,Combined TRACON& Tower with Radar,163,28,56,3,250,0,5,136,13,154,163,33,192,16,404,30,2,32,436
06/23/2023,BOI,ID,ANM,WE,Combined TRACON& Tower with Radar,165,22,58,7,252,0,18,138,7,163,165,40,196,14,415,22,0,22,437
06/24/2023,BOI,ID,ANM,WE,Combined TRACON& Tower with Radar,114,25,40,6,185,0,10,125,0,135,114,35,165,6,320,5,0,5,325
06/25/2023,BOI,ID,ANM,WE,Combined TRACON& Tower with Radar,143,17,46,0,206,0,12,87,3,102,143,29,133,3,308,12,0,12,320
06/26/2023,BOI,ID,ANM,WE,Combined TRACON& Tower with Radar,143,34,46,6,229,0,8,120,22,150,143,42,166,28,379,2,2,4,383
06/27/2023,BOI,ID,ANM,WE,Combined TRACON& Tower with Radar,148,31,63,7,249,0,17,115,30,162,148,48,178,37,411,46,18,64,475
06/28/2023,BOI,ID,ANM,WE,Combined TRACON& Tower with Radar,145,39,57,3,244,2,13,109,23,147,147,52,166,26,391,0,0,0,391
06/29/2023,BOI,ID,ANM,WE,Combined TRACON& Tower with Radar,164,27,69,3,263,0,23,131,16,170,164,50,200,19,433,22,2,24,457
06/30/2023,BOI,ID,ANM,WE,Combined TRACON& Tower with Radar,165,29,76,6,276,0,26,155,5,186,165,55,231,11,462,10,0,10,472
07/01/2023,BOI,ID,ANM,WE,Combined TRACON& Tower with Radar,120,20,55,0,195,0,17,107,6,130,120,37,162,6,325,14,0,14,339
07/02/2023,BOI,ID,ANM,WE,Combined TRACON& Tower with Radar,143,26,29,1,199,0,20,90,0,110,143,46,119,1,309,0,0,0,309
07/03/2023,BOI,ID,ANM,WE,Combined TRACON& Tower with Radar,143,14,29,1,187,0,6,102,4,112,143,20,131,5,299,16,0,16,315
07/04/2023,BOI,ID,ANM,WE,Combined TRACON& Tower with Radar,124,14,13,1,152,0,7,84,6,97,124,21,97,7,249,16,0,16,265
07/05/2023,BOI,ID,ANM,WE,Combined TRACON& Tower with Radar,144,22,58,1,225,0,15,135,12,162,144,37,193,13,387,6,0,6,393
07/06/2023,BOI,ID,ANM,WE,Combined TRACON& Tower with Radar,163,27,56,5,251,1,15,114,17,147,164,42,170,22,398,26,0,26,424
07/07/2023,BOI,ID,ANM,WE,Combined TRACON& Tower with Radar,158,25,52,12,247,0,8,131,13,152,158,33,183,25,399,18,0,18,417
07/08/2023,BOI,ID,ANM,WE,Combined TRACON& Tower with Radar,122,15,40,4,181,0,7,93,12,112,122,22,133,16,293,8,0,8,301
07/09/2023,BOI,ID,ANM,WE,Combined TRACON& Tower with Radar,150,19,46,8,223,0,10,98,8,116,150,29,144,16,339,4,0,4,343
07/10/2023,BOI,ID,ANM,WE,Combined TRACON& Tower with Radar,151,26,42,7,226,0,21,104,38,163,151,47,146,45,389,8,0,8,397
07/11/2023,BOI,ID,ANM,WE,Combined TRACON& Tower with Radar,153,45,68,5,271,0,16,135,20,171,153,61,203,25,442,78,14,92,534
07/12/2023,BOI,ID,ANM,WE,Combined TRACON& Tower with Radar,152,22,60,11,245,0,9,140,11,160,152,31,200,22,405,32,0,32,437
07/13/2023,BOI,ID,ANM,WE,Combined TRACON& Tower with Radar,166,38,56,7,267,0,17,130,27,174,166,55,186,34,441,16,0,16,457
07/14/2023,BOI,ID,ANM,WE,Combined TRACON& Tower with Radar,167,20,55,6,248,0,6,129,9,144,167,26,184,15,392,0,0,0,392
07/15/2023,BOI,ID,ANM,WE,Combined TRACON& Tower with Radar,122,14,30,4,170,0,23,110,2,135,122,37,140,6,305,8,0,8,313
07/16/2023,BOI,ID,ANM,WE,Combined TRACON& Tower with Radar,153,16,50,6,225,0,10,98,2,110,153,26,148,8,335,2,0,2,337
07/17/2023,BOI,ID,ANM,WE,Combined TRACON& Tower with Radar,156,33,43,9,241,4,19,88,28,139,160,52,131,37,380,2,0,2,382
07/18/2023,BOI,ID,ANM,WE,Combined TRACON& Tower with Radar,148,25,62,8,243,6,3,128,41,178,154,28,190,49,421,14,0,14,435
07/19/2023,BOI,ID,ANM,WE,Combined TRACON& Tower with Radar,152,33,64,12,261,10,10,139,56,215,162,43,203,68,476,8,2,10,486
07/20/2023,BOI,ID,ANM,WE,Combined TRACON& Tower with Radar,164,35,55,14,268,0,8,127,17,152,164,43,182,31,420,42,1,43,463
07/21/2023,BOI,ID,ANM,WE,Combined TRACON& Tower with Radar,163,34,53,12,262,0,16,135,16,167,163,50,188,28,429,26,0,26,455
07/22/2023,BOI,ID,ANM,WE,Combined TRACON& Tower with Radar,121,23,31,1,176,0,12,128,9,149,121,35,159,10,325,10,0,10,335
07/23/2023,BOI,ID,ANM,WE,Combined TRACON& Tower with Radar,149,23,37,4,213,0,19,100,1,120,149,42,137,5,333,20,2,22,355
07/24/2023,BOI,ID,ANM,WE,Combined TRACON& Tower with Radar,159,30,51,4,244,0,9,89,16,114,159,39,140,20,358,12,0,12,370
07/25/2023,BOI,ID,ANM,WE,Combined TRACON& Tower with Radar,151,30,58,11,250,1,4,135,30,170,152,34,193,41,420,26,6,32,452
07/26/2023,BOI,ID,ANM,WE,Combined TRACON& Tower with Radar,155,24,41,10,230,0,16,120,20,156,155,40,161,30,386,24,0,24,410
07/27/2023,BOI,ID,ANM,WE,Combined TRACON& Tower with Radar,169,30,63,10,272,0,14,106,21,141,169,44,169,31,413,14,4,18,431
07/28/2023,BOI,ID,ANM,WE,Combined TRACON& Tower with Radar,159,19,57,7,242,0,12,111,16,139,159,31,168,23,381,52,0,52,433
07/29/2023,BOI,ID,ANM,WE,Combined TRACON& Tower with Radar,122,17,35,4,178,0,12,105,3,120,122,29,140,7,298,10,2,12,310
07/30/2023,BOI,ID,ANM,WE,Combined TRACON& Tower with Radar,151,15,33,3,202,1,6,110,3,120,152,21,143,6,322,2,0,2,324
07/31/2023,BOI,ID,ANM,WE,Combined TRACON& Tower with Radar,158,29,45,6,238,0,4,111,19,134,158,33,156,25,372,50,0,50,422
08/01/2023,BOI,ID,ANM,WE,Combined TRACON& Tower with Radar,152,25,52,8,237,3,6,77,27,113,155,31,129,35,350,20,0,20,370
08/02/2023,BOI,ID,ANM,WE,Combined TRACON& Tower with Radar,166,23,49,7,245,0,10,82,13,105,166,33,131,20,350,48,0,48,398
08/03/2023,BOI,ID,ANM,WE,Combined TRACON& Tower with Radar,172,21,58,8,259,0,14,91,20,125,172,35,149,28,384,12,0,12,396
08/04/2023,BOI,ID,ANM,WE,Combined TRACON& Tower with Radar,167,27,47,4,245,0,15,100,11,126,167,42,147,15,371,0,0,0,371
08/05/2023,BOI,ID,ANM,WE,Combined TRACON& Tower with Radar,123,21,36,2,182,0,17,105,8,130,123,38,141,10,312,12,0,12,324
08/06/2023,BOI,ID,ANM,WE,Combined TRACON& Tower with Radar,157,23,32,6,218,0,10,64,0,74,157,33,96,6,292,14,0,14,306
08/07/2023,BOI,ID,ANM,WE,Combined TRACON& Tower with Radar,155,25,54,9,243,0,4,101,16,121,155,29,155,25,364,18,0,18,382
08/08/2023,BOI,ID,ANM,WE,Combined TRACON& Tower with Radar,162,18,66,3,249,0,1,101,27,129,162,19,167,30,378,34,0,34,412
08/09/2023,BOI,ID,ANM,WE,Combined TRACON& Tower with Radar,151,29,55,3,238,1,6,127,18,152,152,35,182,21,390,18,0,18,408
08/10/2023,BOI,ID,ANM,WE,Combined TRACON& Tower with Radar,169,31,73,10,283,0,11,119,16,146,169,42,192,26,429,16,0,16,445
08/11/2023,BOI,ID,ANM,WE,Combined TRACON& Tower with Radar,165,23,58,2,248,0,10,133,5,148,165,33,191,7,396,6,0,6,402
08/12/2023,BOI,ID,ANM,WE,Combined TRACON& Tower with Radar,124,18,23,3,168,0,10,122,2,134,124,28,145,5,302,28,0,28,330
08/13/2023,BOI,ID,ANM,WE,Combined TRACON& Tower with Radar,154,21,46,3,224,0,4,94,0,98,154,25,140,3,322,2,0,2,324
08/14/2023,BOI,ID,ANM,WE,Combined TRACON& Tower with Radar,162,28,62,12,264,0,13,109,15,137,162,41,171,27,401,18,0,18,419
08/15/2023,BOI,ID,ANM,WE,Combined TRACON& Tower with Radar,149,38,62,10,259,0,19,126,18,163,149,57,188,28,422,0,0,0,422
08/16/2023,BOI,ID,ANM,WE,Combined TRACON& Tower with Radar,151,31,60,12,254,3,11,89,28,131,154,42,149,40,385,30,0,30,415
08/17/2023,BOI,ID,ANM,WE,Combined TRACON& Tower with Radar,170,42,81,14,307,6,7,114,55,182,176,49,195,69,489,10,0,10,499
08/18/2023,BOI,ID,ANM,WE,Combined TRACON& Tower with Radar,163,31,65,15,274,8,14,100,31,153,171,45,165,46,427,0,0,0,427
08/19/2023,BOI,ID,ANM,WE,Combined TRACON& Tower with Radar,127,20,38,5,190,1,6,101,16,124,128,26,139,21,314,12,0,12,326
08/20/2023,BOI,ID,ANM,WE,Combined TRACON& Tower with Radar,147,27,58,5,237,9,2,19,11,41,156,29,77,16,278,4,0,4,282
08/21/2023,BOI,ID,ANM,WE,Combined TRACON& Tower with Radar,154,24,52,3,233,0,5,21,17,43,154,29,73,20,276,8,0,8,284
08/22/2023,BOI,ID,ANM,WE,Combined TRACON& Tower with Radar,153,35,82,8,278,0,11,84,11,106,153,46,166,19,384,54,0,54,438
08/23/2023,BOI,ID,ANM,WE,Combined TRACON& Tower with Radar,151,24,80,10,265,0,7,137,8,152,151,31,217,18,417,30,0,30,447
08/24/2023,BOI,ID,ANM,WE,Combined TRACON& Tower with Radar,163,41,87,13,304,0,17,125,16,158,163,58,212,29,462,20,0,20,482
08/25/2023,BOI,ID,ANM,WE,Combined TRACON& Tower with Radar,148,18,34,7,207,0,10,54,6,70,148,28,88,13,277,32,0,32,309
08/26/2023,BOI,ID,ANM,WE,Combined TRACON& Tower with Radar,110,14,15,6,145,0,13,36,8,57,110,27,51,14,202,0,0,0,202
08/27/2023,BOI,ID,ANM,WE,Combined TRACON& Tower with Radar,143,16,36,3,198,0,16,61,6,83,143,32,97,9,281,26,0,26,307
08/28/2023,BOI,ID,ANM,WE,Combined TRACON& Tower with Radar,155,31,58,23,267,0,9,129,3,141,155,40,187,26,408,84,0,84,492
08/29/2023,BOI,ID,ANM,WE,Combined TRACON& Tower with Radar,157,27,42,9,235,0,9,64,17,90,157,36,106,26,325,34,4,38,363
08/30/2023,BOI,ID,ANM,WE,Combined TRACON& Tower with Radar,151,25,54,10,240,0,9,119,25,153,151,34,173,35,393,106,0,106,499
08/31/2023,BOI,ID,ANM,WE,Combined TRACON& Tower with Radar,164,36,87,22,309,0,8,139,16,163,164,44,226,38,472,76,30,106,578
