01/01/2000,BOS,MA,ANE,EN,Combined TRACON& Tower with Radar,426,222,34,0,682,104,0,0,0,104,530,222,34,0,786,0,0,0,786
01/02/2000,BOS,MA,ANE,EN,Combined TRACON& Tower with Radar,651,433,53,0,1137,3,12,10,0,25,654,445,63,0,1162,0,0,0,1162
01/03/2000,BOS,MA,ANE,EN,Combined TRACON& Tower with Radar,715,490,54,0,1259,0,65,0,2,67,715,555,54,2,1326,0,0,0,1326
01/04/2000,BOS,MA,ANE,EN,Combined TRACON& Tower with Radar,778,490,64,0,1332,12,0,18,0,30,790,490,82,0,1362,0,0,0,1362
01/05/2000,BOS,MA,ANE,EN,Combined TRACON& Tower with Radar,775,518,64,0,1357,0,43,13,0,56,775,561,77,0,1413,0,0,0,1413
01/06/2000,BOS,MA,ANE,EN,Combined TRACON& Tower with Radar,771,516,64,0,1351,0,38,8,0,46,771,554,72,0,1397,0,0,0,1397
01/07/2000,BOS,MA,ANE,EN,Combined TRACON& Tower with Radar,789,525,65,0,1379,4,14,26,1,45,793,539,91,1,1424,0,0,0,1424
01/08/2000,BOS,MA,ANE,EN,Combined TRACON& Tower with Radar,604,360,50,0,1014,52,0,36,0,88,656,360,86,0,1102,0,0,0,1102
01/09/2000,BOS,MA,ANE,EN,Combined TRACON& Tower with Radar,633,166,52,0,851,300,0,11,0,311,933,166,63,0,1162,0,0,0,1162
01/10/2000,BOS,MA,ANE,EN,Combined TRACON& Tower with Radar,702,467,44,0,1213,23,12,0,1,36,725,479,44,1,1249,0,0,0,1249
01/11/2000,BOS,MA,ANE,EN,Combined TRACON& Tower with Radar,767,510,63,0,1340,9,4,11,5,29,776,514,74,5,1369,0,0,0,1369
01/12/2000,BOS,MA,ANE,EN,Combined TRACON& Tower with Radar,785,529,64,0,1378,0,16,33,0,49,785,545,97,0,1427,0,0,0,1427
01/13/2000,BOS,MA,ANE,EN,Combined TRACON& Tower with Radar,578,353,46,1,978,2,0,37,1,40,580,353,83,2,1018,0,0,0,1018
01/14/2000,BOS,MA,ANE,EN,Combined TRACON& Tower with Radar,684,436,55,0,1175,44,0,24,0,68,728,436,79,0,1243,0,0,0,1243
01/15/2000,BOS,MA,ANE,EN,Combined TRACON& Tower with Radar,578,352,35,0,965,73,0,0,0,73,651,352,35,0,1038,0,0,0,1038
01/16/2000,BOS,MA,ANE,EN,Combined TRACON& Tower with Radar,594,359,18,0,971,77,0,0,0,77,671,359,18,0,1048,0,0,0,1048
01/17/2000,BOS,MA,ANE,EN,Combined TRACON& Tower with Radar,625,406,45,0,1076,38,0,0,0,38,663,406,45,0,1114,0,0,0,1114
01/18/2000,BOS,MA,ANE,EN,Combined TRACON& Tower with Radar,779,515,63,1,1358,12,0,50,4,66,791,515,113,5,1424,0,0,0,1424
01/19/2000,BOS,MA,ANE,EN,Combined TRACON& Tower with Radar,769,530,64,1,1364,0,18,45,0,63,769,548,109,1,1427,0,0,0,1427
01/20/2000,BOS,MA,ANE,EN,Combined TRACON& Tower with Radar,593,405,49,0,1047,0,20,24,0,44,593,425,73,0,1091,0,0,0,1091
01/21/2000,BOS,MA,ANE,EN,Combined TRACON& Tower with Radar,599,388,48,1,1036,19,0,9,0,28,618,388,57,1,1064,0,0,0,1064
01/22/2000,BOS,MA,ANE,EN,Combined TRACON& Tower with Radar,559,337,20,1,917,85,0,0,0,85,644,337,20,1,1002,0,0,0,1002
01/23/2000,BOS,MA,ANE,EN,Combined TRACON& Tower with Radar,618,399,40,0,1057,43,0,0,0,43,661,399,40,0,1100,0,0,0,1100
01/24/2000,BOS,MA,ANE,EN,Combined TRACON& Tower with Radar,745,497,61,0,1303,0,34,1,0,35,745,531,62,0,1338,0,0,0,1338
01/25/2000,BOS,MA,ANE,EN,Combined TRACON& Tower with Radar,183,101,14,0,298,4,0,17,0,21,187,101,31,0,319,0,0,0,319
01/26/2000,BOS,MA,ANE,EN,Combined TRACON& Tower with Radar,652,458,55,1,1166,0,7,52,1,60,652,465,107,2,1226,0,0,0,1226
01/27/2000,BOS,MA,ANE,EN,Combined TRACON& Tower with Radar,750,518,63,0,1331,0,19,59,0,78,750,537,122,0,1409,0,0,0,1409
01/28/2000,BOS,MA,ANE,EN,Combined TRACON& Tower with Radar,761,528,65,1,1355,0,19,69,3,91,761,547,134,4,1446,0,0,0,1446
01/29/2000,BOS,MA,ANE,EN,Combined TRACON& Tower with Radar,590,376,47,1,1014,34,0,21,0,55,624,376,68,1,1069,0,0,0,1069
01/30/2000,BOS,MA,ANE,EN,Combined TRACON& Tower with Radar,567,377,35,0,979,33,16,0,0,49,600,393,35,0,1028,0,0,0,1028
01/31/2000,BOS,MA,ANE,EN,Combined TRACON& Tower with Radar,733,495,60,0,1288,0,0,24,0,24,733,495,84,0,1312,0,0,0,1312
02/01/2000,BOS,MA,ANE,EN,Combined TRACON& Tower with Radar,751,482,67,0,1300,33,58,48,2,141,784,540,115,2,1441,0,0,0,1441
02/02/2000,BOS,MA,ANE,EN,Combined TRACON& Tower with Radar,778,532,74,0,1384,0,30,71,0,101,778,562,145,0,1485,0,0,0,1485
02/03/2000,BOS,MA,ANE,EN,Combined TRACON& Tower with Radar,778,516,72,0,1366,0,41,25,0,66,778,557,97,0,1432,0,0,0,1432
02/04/2000,BOS,MA,ANE,EN,Combined TRACON& Tower with Radar,759,515,72,0,1346,0,38,18,2,58,759,553,90,2,1404,0,0,0,1404
02/05/2000,BOS,MA,ANE,EN,Combined TRACON& Tower with Radar,612,382,50,0,1044,42,0,0,1,43,654,382,50,1,1087,0,0,0,1087
02/06/2000,BOS,MA,ANE,EN,Combined TRACON& Tower with Radar,640,411,46,0,1097,25,18,0,1,44,665,429,46,1,1141,0,0,0,1141
02/07/2000,BOS,MA,ANE,EN,Combined TRACON& Tower with Radar,751,507,71,0,1329,0,47,33,0,80,751,554,104,0,1409,0,0,0,1409
02/08/2000,BOS,MA,ANE,EN,Combined TRACON& Tower with Radar,793,528,74,0,1395,0,39,47,0,86,793,567,121,0,1481,0,0,0,1481
02/09/2000,BOS,MA,ANE,EN,Combined TRACON& Tower with Radar,787,528,74,0,1389,0,33,119,1,153,787,561,193,1,1542,0,0,0,1542
02/10/2000,BOS,MA,ANE,EN,Combined TRACON& Tower with Radar,769,521,72,1,1363,0,44,68,1,113,769,565,140,2,1476,0,0,0,1476
02/11/2000,BOS,MA,ANE,EN,Combined TRACON& Tower with Radar,688,406,60,1,1155,38,0,0,1,39,726,406,60,2,1194,0,0,0,1194
02/12/2000,BOS,MA,ANE,EN,Combined TRACON& Tower with Radar,589,367,52,1,1009,54,0,10,0,64,643,367,62,1,1073,0,0,0,1073
02/13/2000,BOS,MA,ANE,EN,Combined TRACON& Tower with Radar,629,404,55,0,1088,15,29,3,0,47,644,433,58,0,1135,0,0,0,1135
02/14/2000,BOS,MA,ANE,EN,Combined TRACON& Tower with Radar,679,385,60,0,1124,33,0,24,0,57,712,385,84,0,1181,0,0,0,1181
02/15/2000,BOS,MA,ANE,EN,Combined TRACON& Tower with Radar,772,515,71,1,1359,0,33,37,0,70,772,548,108,1,1429,0,0,0,1429
02/16/2000,BOS,MA,ANE,EN,Combined TRACON& Tower with Radar,785,516,71,1,1373,0,23,40,0,63,785,539,111,1,1436,0,0,0,1436
02/17/2000,BOS,MA,ANE,EN,Combined TRACON& Tower with Radar,804,520,72,1,1397,0,39,29,0,68,804,559,101,1,1465,0,0,0,1465
02/18/2000,BOS,MA,ANE,EN,Combined TRACON& Tower with Radar,500,310,44,1,855,15,0,23,2,40,515,310,67,3,895,0,0,0,895
02/19/2000,BOS,MA,ANE,EN,Combined TRACON& Tower with Radar,522,248,32,1,803,100,0,0,0,100,622,248,32,1,903,0,0,0,903
02/20/2000,BOS,MA,ANE,EN,Combined TRACON& Tower with Radar,652,411,32,1,1096,48,0,0,0,48,700,411,32,1,1144,0,0,0,1144
02/21/2000,BOS,MA,ANE,EN,Combined TRACON& Tower with Radar,758,490,68,0,1316,0,47,17,0,64,758,537,85,0,1380,0,0,0,1380
02/22/2000,BOS,MA,ANE,EN,Combined TRACON& Tower with Radar,753,493,69,0,1315,0,45,31,0,76,753,538,100,0,1391,0,0,0,1391
02/23/2000,BOS,MA,ANE,EN,Combined TRACON& Tower with Radar,783,501,69,1,1354,2,55,24,0,81,785,556,93,1,1435,0,0,0,1435
02/24/2000,BOS,MA,ANE,EN,Combined TRACON& Tower with Radar,802,532,74,1,1409,0,40,35,2,77,802,572,109,3,1486,0,0,0,1486
02/25/2000,BOS,MA,ANE,EN,Combined TRACON& Tower with Radar,762,495,45,0,1302,0,37,0,0,37,762,532,45,0,1339,0,0,0,1339
02/26/2000,BOS,MA,ANE,EN,Combined TRACON& Tower with Radar,657,410,41,0,1108,28,0,0,0,28,685,410,41,0,1136,0,0,0,1136
02/27/2000,BOS,MA,ANE,EN,Combined TRACON& Tower with Radar,674,377,57,0,1108,59,0,0,2,61,733,377,57,2,1169,0,0,0,1169
02/28/2000,BOS,MA,ANE,EN,Combined TRACON& Tower with Radar,766,495,68,0,1329,0,17,4,0,21,766,512,72,0,1350,10,0,10,1360
02/29/2000,BOS,MA,ANE,EN,Combined TRACON& Tower with Radar,802,531,73,0,1406,0,31,43,0,74,802,562,116,0,1480,0,0,0,1480
03/01/2000,BOS,MA,ANE,EN,Combined TRACON& Tower with Radar,804,544,82,1,1431,0,50,13,1,64,804,594,95,2,1495,0,0,0,1495
03/02/2000,BOS,MA,ANE,EN,Combined TRACON& Tower with Radar,797,537,81,0,1415,0,41,35,0,76,797,578,116,0,1491,17,0,17,1508
03/03/2000,BOS,MA,ANE,EN,Combined TRACON& Tower with Radar,810,529,79,0,1418,0,24,36,0,60,810,553,115,0,1478,0,0,0,1478
03/04/2000,BOS,MA,ANE,EN,Combined TRACON& Tower with Radar,626,393,46,0,1065,71,0,0,4,75,697,393,46,4,1140,0,0,0,1140
03/05/2000,BOS,MA,ANE,EN,Combined TRACON& Tower with Radar,670,435,64,1,1170,35,5,0,0,40,705,440,64,1,1210,0,0,0,1210
03/06/2000,BOS,MA,ANE,EN,Combined TRACON& Tower with Radar,777,533,80,1,1391,0,38,60,1,99,777,571,140,2,1490,0,0,0,1490
03/07/2000,BOS,MA,ANE,EN,Combined TRACON& Tower with Radar,793,548,83,0,1424,0,19,88,0,107,793,567,171,0,1531,0,0,0,1531
03/08/2000,BOS,MA,ANE,EN,Combined TRACON& Tower with Radar,795,538,81,1,1415,0,38,48,1,87,795,576,129,2,1502,0,0,0,1502
03/09/2000,BOS,MA,ANE,EN,Combined TRACON& Tower with Radar,814,541,81,1,1437,0,4,43,1,48,814,545,124,2,1485,0,0,0,1485
03/10/2000,BOS,MA,ANE,EN,Combined TRACON& Tower with Radar,822,537,81,1,1441,0,39,3,0,42,822,576,84,1,1483,0,0,0,1483
03/11/2000,BOS,MA,ANE,EN,Combined TRACON& Tower with Radar,588,340,19,0,947,83,0,0,1,84,671,340,19,1,1031,7,0,7,1038
03/12/2000,BOS,MA,ANE,EN,Combined TRACON& Tower with Radar,679,414,66,0,1159,27,0,3,0,30,706,414,69,0,1189,0,0,0,1189
03/13/2000,BOS,MA,ANE,EN,Combined TRACON& Tower with Radar,792,514,76,2,1384,4,24,19,0,47,796,538,95,2,1431,0,0,0,1431
03/14/2000,BOS,MA,ANE,EN,Combined TRACON& Tower with Radar,807,523,78,2,1410,0,34,20,1,55,807,557,98,3,1465,25,2,27,1492
03/15/2000,BOS,MA,ANE,EN,Combined TRACON& Tower with Radar,799,530,79,2,1410,0,34,38,1,73,799,564,117,3,1483,0,0,0,1483
03/16/2000,BOS,MA,ANE,EN,Combined TRACON& Tower with Radar,793,522,78,2,1395,0,29,11,0,40,793,551,89,2,1435,0,0,0,1435
03/17/2000,BOS,MA,ANE,EN,Combined TRACON& Tower with Radar,613,338,53,0,1004,71,0,0,0,71,684,338,53,0,1075,0,0,0,1075
03/18/2000,BOS,MA,ANE,EN,Combined TRACON& Tower with Radar,618,374,51,1,1044,75,0,0,1,76,693,374,51,2,1120,29,1,30,1150
03/19/2000,BOS,MA,ANE,EN,Combined TRACON& Tower with Radar,669,432,55,2,1158,23,14,0,0,37,692,446,55,2,1195,0,0,0,1195
03/20/2000,BOS,MA,ANE,EN,Combined TRACON& Tower with Radar,767,521,78,1,1367,0,36,18,0,54,767,557,96,1,1421,0,0,0,1421
03/21/2000,BOS,MA,ANE,EN,Combined TRACON& Tower with Radar,772,506,74,2,1354,0,18,0,0,18,772,524,74,2,1372,0,0,0,1372
03/22/2000,BOS,MA,ANE,EN,Combined TRACON& Tower with Radar,798,539,80,1,1418,0,28,32,0,60,798,567,112,1,1478,0,0,0,1478
03/23/2000,BOS,MA,ANE,EN,Combined TRACON& Tower with Radar,812,528,78,1,1419,0,37,29,0,66,812,565,107,1,1485,0,0,0,1485
03/24/2000,BOS,MA,ANE,EN,Combined TRACON& Tower with Radar,816,534,80,1,1431,0,68,14,0,82,816,602,94,1,1513,0,0,0,1513
03/25/2000,BOS,MA,ANE,EN,Combined TRACON& Tower with Radar,606,384,40,0,1030,67,0,0,3,70,673,384,40,3,1100,35,0,35,1135
03/26/2000,BOS,MA,ANE,EN,Combined TRACON& Tower with Radar,690,447,66,0,1203,32,0,19,0,51,722,447,85,0,1254,0,0,0,1254
03/27/2000,BOS,MA,ANE,EN,Combined TRACON& Tower with Radar,815,535,80,1,1431,0,23,66,0,89,815,558,146,1,1520,0,0,0,1520
03/28/2000,BOS,MA,ANE,EN,Combined TRACON& Tower with Radar,706,467,69,1,1243,0,15,17,0,32,706,482,86,1,1275,0,0,0,1275
03/29/2000,BOS,MA,ANE,EN,Combined TRACON& Tower with Radar,813,568,85,0,1466,0,21,79,0,100,813,589,164,0,1566,0,0,0,1566
03/30/2000,BOS,MA,ANE,EN,Combined TRACON& Tower with Radar,821,549,82,1,1453,0,22,57,0,79,821,571,139,1,1532,0,0,0,1532
03/31/2000,BOS,MA,ANE,EN,Combined TRACON& Tower with Radar,801,531,79,1,1412,0,67,30,0,97,801,598,109,1,1509,0,0,0,1509
04/01/2000,BOS,MA,ANE,EN,Combined TRACON& Tower with Radar,631,388,56,1,1076,35,0,15,3,53,666,388,71,4,1129,30,0,30,1159
04/02/2000,BOS,MA,ANE,EN,Combined TRACON& Tower with Radar,659,426,53,1,1139,42,1,0,1,44,701,427,53,2,1183,18,0,18,1201
04/03/2000,BOS,MA,ANE,EN,Combined TRACON& Tower with Radar,774,511,71,1,1357,0,12,13,0,25,774,523,84,1,1382,0,0,0,1382
04/04/2000,BOS,MA,ANE,EN,Combined TRACON& Tower with Radar,747,483,50,1,1281,9,10,0,1,20,756,493,50,2,1301,0,0,0,1301
04/05/2000,BOS,MA,ANE,EN,Combined TRACON& Tower with Radar,801,541,75,1,1418,0,38,53,3,94,801,579,128,4,1512,0,0,0,1512
04/06/2000,BOS,MA,ANE,EN,Combined TRACON& Tower with Radar,809,548,75,1,1433,0,44,53,1,98,809,592,128,2,1531,0,0,0,1531
04/07/2000,BOS,MA,ANE,EN,Combined TRACON& Tower with Radar,804,538,74,0,1416,0,60,62,0,122,804,598,136,0,1538,0,0,0,1538
04/08/2000,BOS,MA,ANE,EN,Combined TRACON& Tower with Radar,602,373,47,0,1022,53,0,0,0,53,655,373,47,0,1075,14,0,14,1089
04/09/2000,BOS,MA,ANE,EN,Combined TRACON& Tower with Radar,619,334,54,0,1007,78,0,0,0,78,697,334,54,0,1085,0,0,0,1085
04/10/2000,BOS,MA,ANE,EN,Combined TRACON& Tower with Radar,781,528,73,0,1382,0,55,37,0,92,781,583,110,0,1474,0,0,0,1474
04/11/2000,BOS,MA,ANE,EN,Combined TRACON& Tower with Radar,806,541,74,1,1422,0,36,39,8,83,806,577,113,9,1505,0,0,0,1505
04/12/2000,BOS,MA,ANE,EN,Combined TRACON& Tower with Radar,805,556,75,2,1438,0,48,42,2,92,805,604,117,4,1530,0,0,0,1530
04/13/2000,BOS,MA,ANE,EN,Combined TRACON& Tower with Radar,839,564,77,1,1481,0,42,71,0,113,839,606,148,1,1594,0,0,0,1594
04/14/2000,BOS,MA,ANE,EN,Combined TRACON& Tower with Radar,852,560,76,1,1489,0,54,27,0,81,852,614,103,1,1570,0,0,0,1570
04/15/2000,BOS,MA,ANE,EN,Combined TRACON& Tower with Radar,659,394,37,1,1091,65,0,0,0,65,724,394,37,1,1156,16,0,16,1172
04/16/2000,BOS,MA,ANE,EN,Combined TRACON& Tower with Radar,679,439,34,1,1153,24,5,0,0,29,703,444,34,1,1182,0,0,0,1182
04/17/2000,BOS,MA,ANE,EN,Combined TRACON& Tower with Radar,783,520,71,0,1374,0,42,30,0,72,783,562,101,0,1446,0,0,0,1446
04/18/2000,BOS,MA,ANE,EN,Combined TRACON& Tower with Radar,820,546,74,2,1442,0,16,32,3,51,820,562,106,5,1493,0,0,0,1493
04/19/2000,BOS,MA,ANE,EN,Combined TRACON& Tower with Radar,785,541,74,1,1401,0,10,47,0,57,785,551,121,1,1458,0,0,0,1458
04/20/2000,BOS,MA,ANE,EN,Combined TRACON& Tower with Radar,790,540,73,0,1403,0,68,6,0,74,790,608,79,0,1477,0,0,0,1477
04/21/2000,BOS,MA,ANE,EN,Combined TRACON& Tower with Radar,697,453,50,2,1202,0,39,0,0,39,697,492,50,2,1241,0,0,0,1241
04/22/2000,BOS,MA,ANE,EN,Combined TRACON& Tower with Radar,491,272,21,2,786,65,0,0,0,65,556,272,21,2,851,0,0,0,851
04/23/2000,BOS,MA,ANE,EN,Combined TRACON& Tower with Radar,465,257,16,0,738,69,0,0,0,69,534,257,16,0,807,0,0,0,807
04/24/2000,BOS,MA,ANE,EN,Combined TRACON& Tower with Radar,627,365,55,1,1048,67,0,20,0,87,694,365,75,1,1135,0,0,0,1135
04/25/2000,BOS,MA,ANE,EN,Combined TRACON& Tower with Radar,784,522,71,2,1379,0,69,0,2,71,784,591,71,4,1450,0,0,0,1450
04/26/2000,BOS,MA,ANE,EN,Combined TRACON& Tower with Radar,704,455,54,0,1213,0,11,0,0,11,704,466,54,0,1224,0,0,0,1224
04/27/2000,BOS,MA,ANE,EN,Combined TRACON& Tower with Radar,821,573,77,3,1474,0,41,49,0,90,821,614,126,3,1564,0,0,0,1564
04/28/2000,BOS,MA,ANE,EN,Combined TRACON& Tower with Radar,815,552,75,1,1443,0,76,15,0,91,815,628,90,1,1534,0,0,0,1534
04/29/2000,BOS,MA,ANE,EN,Combined TRACON& Tower with Radar,615,395,47,0,1057,54,0,0,0,54,669,395,47,0,1111,29,1,30,1141
04/30/2000,BOS,MA,ANE,EN,Combined TRACON& Tower with Radar,697,450,61,1,1209,16,22,15,2,55,713,472,76,3,1264,0,0,0,1264
05/01/2000,BOS,MA,ANE,EN,Combined TRACON& Tower with Radar,788,572,76,0,1436,4,32,29,0,65,792,604,105,0,1501,0,0,0,1501
05/02/2000,BOS,MA,ANE,EN,Combined TRACON& Tower with Radar,794,584,78,0,1456,0,22,10,0,32,794,606,88,0,1488,0,0,0,1488
05/03/2000,BOS,MA,ANE,EN,Combined TRACON& Tower with Radar,797,579,77,1,1454,9,26,32,1,68,806,605,109,2,1522,0,0,0,1522
05/04/2000,BOS,MA,ANE,EN,Combined TRACON& Tower with Radar,811,589,78,1,1479,7,47,30,0,84,818,636,108,1,1563,0,0,0,1563
05/05/2000,BOS,MA,ANE,EN,Combined TRACON& Tower with Radar,799,583,77,1,1460,0,64,4,0,68,799,647,81,1,1528,0,0,0,1528
05/06/2000,BOS,MA,ANE,EN,Combined TRACON& Tower with Radar,594,421,58,0,1073,69,0,1,0,70,663,421,59,0,1143,0,0,0,1143
05/07/2000,BOS,MA,ANE,EN,Combined TRACON& Tower with Radar,690,501,67,1,1259,40,9,1,1,51,730,510,68,2,1310,0,0,0,1310
05/08/2000,BOS,MA,ANE,EN,Combined TRACON& Tower with Radar,780,568,75,0,1423,9,35,11,0,55,789,603,86,0,1478,0,0,0,1478
05/09/2000,BOS,MA,ANE,EN,Combined TRACON& Tower with Radar,764,554,74,1,1393,0,0,22,0,22,764,554,96,1,1415,12,0,12,1427
05/10/2000,BOS,MA,ANE,EN,Combined TRACON& Tower with Radar,439,337,45,0,821,0,18,9,0,27,439,355,54,0,848,0,0,0,848
05/11/2000,BOS,MA,ANE,EN,Combined TRACON& Tower with Radar,832,648,86,1,1567,0,1,91,0,92,832,649,177,1,1659,0,0,0,1659
05/12/2000,BOS,MA,ANE,EN,Combined TRACON& Tower with Radar,768,565,74,0,1407,0,68,43,0,111,768,633,117,0,1518,0,0,0,1518
05/13/2000,BOS,MA,ANE,EN,Combined TRACON& Tower with Radar,575,390,40,1,1006,43,0,0,5,48,618,390,40,6,1054,8,0,8,1062
05/14/2000,BOS,MA,ANE,EN,Combined TRACON& Tower with Radar,664,483,64,1,1212,40,8,7,0,55,704,491,71,1,1267,0,0,0,1267
05/15/2000,BOS,MA,ANE,EN,Combined TRACON& Tower with Radar,781,568,74,2,1425,12,30,46,0,88,793,598,120,2,1513,0,0,0,1513
05/16/2000,BOS,MA,ANE,EN,Combined TRACON& Tower with Radar,813,590,77,1,1481,2,21,64,0,87,815,611,141,1,1568,0,0,0,1568
05/17/2000,BOS,MA,ANE,EN,Combined TRACON& Tower with Radar,799,587,77,0,1463,0,21,59,0,80,799,608,136,0,1543,0,0,0,1543
05/18/2000,BOS,MA,ANE,EN,Combined TRACON& Tower with Radar,627,467,62,0,1156,0,36,12,0,48,627,503,74,0,1204,0,0,0,1204
05/19/2000,BOS,MA,ANE,EN,Combined TRACON& Tower with Radar,775,579,76,2,1432,0,23,13,4,40,775,602,89,6,1472,0,0,0,1472
05/20/2000,BOS,MA,ANE,EN,Combined TRACON& Tower with Radar,642,440,62,1,1145,50,0,19,0,69,692,440,81,1,1214,25,1,26,1240
05/21/2000,BOS,MA,ANE,EN,Combined TRACON& Tower with Radar,710,513,68,2,1293,1,25,10,0,36,711,538,78,2,1329,0,0,0,1329
05/22/2000,BOS,MA,ANE,EN,Combined TRACON& Tower with Radar,768,601,79,2,1450,0,48,34,0,82,768,649,113,2,1532,0,0,0,1532
05/23/2000,BOS,MA,ANE,EN,Combined TRACON& Tower with Radar,814,607,80,1,1502,0,34,28,0,62,814,641,108,1,1564,0,0,0,1564
05/24/2000,BOS,MA,ANE,EN,Combined TRACON& Tower with Radar,685,512,67,1,1265,0,12,10,1,23,685,524,77,2,1288,0,0,0,1288
05/25/2000,BOS,MA,ANE,EN,Combined TRACON& Tower with Radar,786,585,77,1,1449,0,83,12,0,95,786,668,89,1,1544,0,0,0,1544
05/26/2000,BOS,MA,ANE,EN,Combined TRACON& Tower with Radar,824,612,80,0,1516,0,150,54,0,204,824,762,134,0,1720,0,0,0,1720
05/27/2000,BOS,MA,ANE,EN,Combined TRACON& Tower with Radar,571,415,54,0,1040,52,33,1,2,88,623,448,55,2,1128,18,1,19,1147
05/28/2000,BOS,MA,ANE,EN,Combined TRACON& Tower with Radar,559,406,33,0,998,74,6,0,1,81,633,412,33,1,1079,0,0,0,1079
05/29/2000,BOS,MA,ANE,EN,Combined TRACON& Tower with Radar,716,519,46,1,1282,1,121,0,1,123,717,640,46,2,1405,0,0,0,1405
05/30/2000,BOS,MA,ANE,EN,Combined TRACON& Tower with Radar,779,596,69,1,1445,0,48,0,1,49,779,644,69,2,1494,0,0,0,1494
05/31/2000,BOS,MA,ANE,EN,Combined TRACON& Tower with Radar,786,621,82,0,1489,0,56,59,0,115,786,677,141,0,1604,0,0,0,1604
06/01/2000,BOS,MA,ANE,EN,Combined TRACON& Tower with Radar,809,627,81,0,1517,5,33,42,0,80,814,660,123,0,1597,0,0,0,1597
06/02/2000,BOS,MA,ANE,EN,Combined TRACON& Tower with Radar,726,568,74,1,1369,0,54,35,1,90,726,622,109,2,1459,0,0,0,1459
06/03/2000,BOS,MA,ANE,EN,Combined TRACON& Tower with Radar,622,481,62,0,1165,67,0,10,0,77,689,481,72,0,1242,33,0,33,1275
06/04/2000,BOS,MA,ANE,EN,Combined TRACON& Tower with Radar,667,517,67,1,1252,48,48,30,0,126,715,565,97,1,1378,0,0,0,1378
06/05/2000,BOS,MA,ANE,EN,Combined TRACON& Tower with Radar,788,614,80,1,1483,0,26,60,1,87,788,640,140,2,1570,0,0,0,1570
06/06/2000,BOS,MA,ANE,EN,Combined TRACON& Tower with Radar,709,541,71,1,1322,5,0,7,0,12,714,541,78,1,1334,0,0,0,1334
06/07/2000,BOS,MA,ANE,EN,Combined TRACON& Tower with Radar,823,637,83,1,1544,18,11,6,0,35,841,648,89,1,1579,0,0,0,1579
06/08/2000,BOS,MA,ANE,EN,Combined TRACON& Tower with Radar,822,637,82,1,1542,33,35,51,0,119,855,672,133,1,1661,0,0,0,1661
06/09/2000,BOS,MA,ANE,EN,Combined TRACON& Tower with Radar,774,599,78,0,1451,6,96,39,0,141,780,695,117,0,1592,0,0,0,1592
06/10/2000,BOS,MA,ANE,EN,Combined TRACON& Tower with Radar,597,462,55,0,1114,64,17,0,0,81,661,479,55,0,1195,17,2,19,1214
06/11/2000,BOS,MA,ANE,EN,Combined TRACON& Tower with Radar,635,491,59,1,1186,18,36,0,0,54,653,527,59,1,1240,0,0,0,1240
06/12/2000,BOS,MA,ANE,EN,Combined TRACON& Tower with Radar,715,581,75,0,1371,0,36,1,0,37,715,617,76,0,1408,0,0,0,1408
06/13/2000,BOS,MA,ANE,EN,Combined TRACON& Tower with Radar,754,617,80,1,1452,0,78,29,4,111,754,695,109,5,1563,0,0,0,1563
06/14/2000,BOS,MA,ANE,EN,Combined TRACON& Tower with Radar,719,598,77,2,1396,0,77,37,0,114,719,675,114,2,1510,0,0,0,1510
06/15/2000,BOS,MA,ANE,EN,Combined TRACON& Tower with Radar,725,580,74,0,1379,0,32,12,0,44,725,612,86,0,1423,0,0,0,1423
06/16/2000,BOS,MA,ANE,EN,Combined TRACON& Tower with Radar,768,599,77,1,1445,0,85,11,0,96,768,684,88,1,1541,0,0,0,1541
06/17/2000,BOS,MA,ANE,EN,Combined TRACON& Tower with Radar,598,461,46,2,1107,34,30,0,0,64,632,491,46,2,1171,17,2,19,1190
06/18/2000,BOS,MA,ANE,EN,Combined TRACON& Tower with Radar,672,518,60,0,1250,34,38,0,0,72,706,556,60,0,1322,0,0,0,1322
06/19/2000,BOS,MA,ANE,EN,Combined TRACON& Tower with Radar,763,637,82,2,1484,0,98,25,1,124,763,735,107,3,1608,0,0,0,1608
06/20/2000,BOS,MA,ANE,EN,Combined TRACON& Tower with Radar,817,630,81,2,1530,6,85,53,2,146,823,715,134,4,1676,0,0,0,1676
06/21/2000,BOS,MA,ANE,EN,Combined TRACON& Tower with Radar,734,574,73,1,1382,0,60,54,0,114,734,634,127,1,1496,0,0,0,1496
06/22/2000,BOS,MA,ANE,EN,Combined TRACON& Tower with Radar,765,616,79,2,1462,0,71,15,7,93,765,687,94,9,1555,0,0,0,1555
06/23/2000,BOS,MA,ANE,EN,Combined TRACON& Tower with Radar,825,636,82,1,1544,6,126,5,0,137,831,762,87,1,1681,0,0,0,1681
06/24/2000,BOS,MA,ANE,EN,Combined TRACON& Tower with Radar,620,478,53,2,1153,60,47,0,1,108,680,525,53,3,1261,31,2,33,1294
06/25/2000,BOS,MA,ANE,EN,Combined TRACON& Tower with Radar,640,495,54,1,1190,56,50,0,3,109,696,545,54,4,1299,0,0,0,1299
06/26/2000,BOS,MA,ANE,EN,Combined TRACON& Tower with Radar,766,639,82,1,1488,0,57,30,1,88,766,696,112,2,1576,0,0,0,1576
06/27/2000,BOS,MA,ANE,EN,Combined TRACON& Tower with Radar,707,554,71,1,1333,0,2,29,1,32,707,556,100,2,1365,0,0,0,1365
06/28/2000,BOS,MA,ANE,EN,Combined TRACON& Tower with Radar,799,627,80,1,1507,0,64,58,1,123,799,691,138,2,1630,0,0,0,1630
06/29/2000,BOS,MA,ANE,EN,Combined TRACON& Tower with Radar,784,641,82,0,1507,0,87,28,0,115,784,728,110,0,1622,0,0,0,1622
06/30/2000,BOS,MA,ANE,EN,Combined TRACON& Tower with Radar,837,674,86,1,1598,0,111,33,5,149,837,785,119,6,1747,0,0,0,1747
07/01/2000,BOS,MA,ANE,EN,Combined TRACON& Tower with Radar,637,513,59,1,1210,47,101,18,5,171,684,614,77,6,1381,48,0,48,1429
07/02/2000,BOS,MA,ANE,EN,Combined TRACON& Tower with Radar,591,477,54,1,1123,74,42,0,2,118,665,519,54,3,1241,0,0,0,1241
07/03/2000,BOS,MA,ANE,EN,Combined TRACON& Tower with Radar,583,470,40,0,1093,52,37,0,0,89,635,507,40,0,1182,0,0,0,1182
07/04/2000,BOS,MA,ANE,EN,Combined TRACON& Tower with Radar,668,540,59,0,1267,0,50,0,0,50,668,590,59,0,1317,0,0,0,1317
07/05/2000,BOS,MA,ANE,EN,Combined TRACON& Tower with Radar,776,635,73,1,1485,0,150,28,1,179,776,785,101,2,1664,0,0,0,1664
07/06/2000,BOS,MA,ANE,EN,Combined TRACON& Tower with Radar,801,646,74,1,1522,17,96,35,1,149,818,742,109,2,1671,0,0,0,1671
07/07/2000,BOS,MA,ANE,EN,Combined TRACON& Tower with Radar,798,643,75,1,1517,5,133,24,2,164,803,776,99,3,1681,0,0,0,1681
07/08/2000,BOS,MA,ANE,EN,Combined TRACON& Tower with Radar,624,503,58,1,1186,61,64,20,2,147,685,567,78,3,1333,67,1,68,1401
07/09/2000,BOS,MA,ANE,EN,Combined TRACON& Tower with Radar,674,543,63,0,1280,55,64,32,0,151,729,607,95,0,1431,0,0,0,1431
07/10/2000,BOS,MA,ANE,EN,Combined TRACON& Tower with Radar,763,642,74,1,1480,0,53,75,1,129,763,695,149,2,1609,0,0,0,1609
07/11/2000,BOS,MA,ANE,EN,Combined TRACON& Tower with Radar,818,658,75,3,1554,0,38,119,0,157,818,696,194,3,1711,0,0,0,1711
07/12/2000,BOS,MA,ANE,EN,Combined TRACON& Tower with Radar,823,663,75,3,1564,5,37,127,0,169,828,700,202,3,1733,0,0,0,1733
07/13/2000,BOS,MA,ANE,EN,Combined TRACON& Tower with Radar,829,668,76,3,1576,14,85,86,0,185,843,753,162,3,1761,0,0,0,1761
07/14/2000,BOS,MA,ANE,EN,Combined TRACON& Tower with Radar,576,512,58,2,1148,0,167,66,1,234,576,679,124,3,1382,0,0,0,1382
07/15/2000,BOS,MA,ANE,EN,Combined TRACON& Tower with Radar,629,506,57,1,1193,58,30,24,0,112,687,536,81,1,1305,0,0,0,1305
07/16/2000,BOS,MA,ANE,EN,Combined TRACON& Tower with Radar,613,458,56,2,1129,21,0,18,1,40,634,458,74,3,1169,0,0,0,1169
07/17/2000,BOS,MA,ANE,EN,Combined TRACON& Tower with Radar,749,650,74,2,1475,0,58,15,3,76,749,708,89,5,1551,0,0,0,1551
07/18/2000,BOS,MA,ANE,EN,Combined TRACON& Tower with Radar,750,608,69,1,1428,0,0,31,0,31,750,608,100,1,1459,0,0,0,1459
07/19/2000,BOS,MA,ANE,EN,Combined TRACON& Tower with Radar,820,667,76,1,1564,0,69,77,0,146,820,736,153,1,1710,0,0,0,1710
07/20/2000,BOS,MA,ANE,EN,Combined TRACON& Tower with Radar,814,673,77,0,1564,0,126,69,0,195,814,799,146,0,1759,0,0,0,1759
07/21/2000,BOS,MA,ANE,EN,Combined TRACON& Tower with Radar,802,658,75,1,1536,0,149,47,0,196,802,807,122,1,1732,0,0,0,1732
07/22/2000,BOS,MA,ANE,EN,Combined TRACON& Tower with Radar,683,549,62,1,1295,8,52,0,0,60,691,601,62,1,1355,0,0,0,1355
07/23/2000,BOS,MA,ANE,EN,Combined TRACON& Tower with Radar,687,552,63,2,1304,25,91,64,0,180,712,643,127,2,1484,0,0,0,1484
07/24/2000,BOS,MA,ANE,EN,Combined TRACON& Tower with Radar,779,636,73,2,1490,0,126,56,0,182,779,762,129,2,1672,0,0,0,1672
07/25/2000,BOS,MA,ANE,EN,Combined TRACON& Tower with Radar,794,673,76,1,1544,0,33,85,0,118,794,706,161,1,1662,0,0,0,1662
07/26/2000,BOS,MA,ANE,EN,Combined TRACON& Tower with Radar,751,626,71,2,1450,0,12,16,2,30,751,638,87,4,1480,0,0,0,1480
07/27/2000,BOS,MA,ANE,EN,Combined TRACON& Tower with Radar,743,604,69,0,1416,0,6,5,0,11,743,610,74,0,1427,0,0,0,1427
07/28/2000,BOS,MA,ANE,EN,Combined TRACON& Tower with Radar,661,601,68,1,1331,0,83,25,4,112,661,684,93,5,1443,0,0,0,1443
07/29/2000,BOS,MA,ANE,EN,Combined TRACON& Tower with Radar,678,545,62,1,1286,19,47,6,0,72,697,592,68,1,1358,0,0,0,1358
07/30/2000,BOS,MA,ANE,EN,Combined TRACON& Tower with Radar,670,550,45,1,1266,0,43,0,0,43,670,593,45,1,1309,0,0,0,1309
07/31/2000,BOS,MA,ANE,EN,Combined TRACON& Tower with Radar,697,599,69,1,1366,0,29,24,3,56,697,628,93,4,1422,0,0,0,1422
08/01/2000,BOS,MA,ANE,EN,Combined TRACON& Tower with Radar,693,596,60,0,1349,0,1,34,0,35,693,597,94,0,1384,0,0,0,1384
08/02/2000,BOS,MA,ANE,EN,Combined TRACON& Tower with Radar,737,623,65,2,1427,0,0,68,2,70,737,623,133,4,1497,0,0,0,1497
08/03/2000,BOS,MA,ANE,EN,Combined TRACON& Tower with Radar,741,632,63,1,1437,0,19,47,0,66,741,651,110,1,1503,0,0,0,1503
08/04/2000,BOS,MA,ANE,EN,Combined TRACON& Tower with Radar,790,667,67,1,1525,0,65,64,0,129,790,732,131,1,1654,43,1,44,1698
08/05/2000,BOS,MA,ANE,EN,Combined TRACON& Tower with Radar,624,517,52,1,1194,50,53,19,3,125,674,570,71,4,1319,49,0,49,1368
08/06/2000,BOS,MA,ANE,EN,Combined TRACON& Tower with Radar,671,557,56,1,1285,26,70,45,3,144,697,627,101,4,1429,0,0,0,1429
08/07/2000,BOS,MA,ANE,EN,Combined TRACON& Tower with Radar,746,658,66,2,1472,0,44,35,0,79,746,702,101,2,1551,0,0,0,1551
08/08/2000,BOS,MA,ANE,EN,Combined TRACON& Tower with Radar,796,660,66,2,1524,3,52,69,3,127,799,712,135,5,1651,0,0,0,1651
08/09/2000,BOS,MA,ANE,EN,Combined TRACON& Tower with Radar,762,646,63,1,1472,0,50,71,0,121,762,696,134,1,1593,0,0,0,1593
08/10/2000,BOS,MA,ANE,EN,Combined TRACON& Tower with Radar,834,693,68,1,1596,0,86,52,0,138,834,779,120,1,1734,0,0,0,1734
08/11/2000,BOS,MA,ANE,EN,Combined TRACON& Tower with Radar,749,627,62,0,1438,0,102,67,0,169,749,729,129,0,1607,0,0,0,1607
08/12/2000,BOS,MA,ANE,EN,Combined TRACON& Tower with Radar,649,538,34,0,1221,1,51,0,0,52,650,589,34,0,1273,0,0,0,1273
08/13/2000,BOS,MA,ANE,EN,Combined TRACON& Tower with Radar,683,574,57,2,1316,0,10,4,1,15,683,584,61,3,1331,0,0,0,1331
08/14/2000,BOS,MA,ANE,EN,Combined TRACON& Tower with Radar,711,615,61,3,1390,0,30,1,1,32,711,645,62,4,1422,0,0,0,1422
08/15/2000,BOS,MA,ANE,EN,Combined TRACON& Tower with Radar,789,666,65,3,1523,0,17,9,2,28,789,683,74,5,1551,0,0,0,1551
08/16/2000,BOS,MA,ANE,EN,Combined TRACON& Tower with Radar,682,548,56,2,1288,25,0,24,1,50,707,548,80,3,1338,0,0,0,1338
08/17/2000,BOS,MA,ANE,EN,Combined TRACON& Tower with Radar,831,686,68,1,1586,14,98,56,0,168,845,784,124,1,1754,0,0,0,1754
08/18/2000,BOS,MA,ANE,EN,Combined TRACON& Tower with Radar,782,662,65,2,1511,0,135,29,0,164,782,797,94,2,1675,0,0,0,1675
08/19/2000,BOS,MA,ANE,EN,Combined TRACON& Tower with Radar,675,558,47,1,1281,24,48,0,0,72,699,606,47,1,1353,0,0,0,1353
08/20/2000,BOS,MA,ANE,EN,Combined TRACON& Tower with Radar,666,550,54,2,1272,45,105,26,3,179,711,655,80,5,1451,0,0,0,1451
08/21/2000,BOS,MA,ANE,EN,Combined TRACON& Tower with Radar,758,625,62,0,1445,27,134,1,0,162,785,759,63,0,1607,0,0,0,1607
08/22/2000,BOS,MA,ANE,EN,Combined TRACON& Tower with Radar,797,659,65,2,1523,4,70,43,0,117,801,729,108,2,1640,0,0,0,1640
08/23/2000,BOS,MA,ANE,EN,Combined TRACON& Tower with Radar,748,621,61,0,1430,0,85,28,0,113,748,706,89,0,1543,0,0,0,1543
08/24/2000,BOS,MA,ANE,EN,Combined TRACON& Tower with Radar,813,689,68,2,1572,0,85,22,3,110,813,774,90,5,1682,0,0,0,1682
08/25/2000,BOS,MA,ANE,EN,Combined TRACON& Tower with Radar,800,662,65,2,1529,8,135,25,1,169,808,797,90,3,1698,0,0,0,1698
08/26/2000,BOS,MA,ANE,EN,Combined TRACON& Tower with Radar,610,505,49,1,1165,72,64,7,0,143,682,569,56,1,1308,0,0,0,1308
08/27/2000,BOS,MA,ANE,EN,Combined TRACON& Tower with Radar,681,564,56,1,1302,33,72,28,6,139,714,636,84,7,1441,0,0,0,1441
08/28/2000,BOS,MA,ANE,EN,Combined TRACON& Tower with Radar,788,660,65,0,1513,0,98,16,0,114,788,758,81,0,1627,0,0,0,1627
08/29/2000,BOS,MA,ANE,EN,Combined TRACON& Tower with Radar,784,649,64,1,1498,7,72,19,0,98,791,721,83,1,1596,0,0,0,1596
08/30/2000,BOS,MA,ANE,EN,Combined TRACON& Tower with Radar,801,684,67,0,1552,0,35,28,0,63,801,719,95,0,1615,0,0,0,1615
08/31/2000,BOS,MA,ANE,EN,Combined TRACON& Tower with Radar,817,699,69,2,1587,0,59,41,9,109,817,758,110,11,1696,0,0,0,1696
09/01/2000,BOS,MA,ANE,EN,Combined TRACON& Tower with Radar,809,661,79,1,1550,0,141,25,2,168,809,802,104,3,1718,0,0,0,1718
09/02/2000,BOS,MA,ANE,EN,Combined TRACON& Tower with Radar,604,469,31,1,1105,36,0,0,0,36,640,469,31,1,1141,0,0,0,1141
09/03/2000,BOS,MA,ANE,EN,Combined TRACON& Tower with Radar,593,471,40,1,1105,8,8,0,0,16,601,479,40,1,1121,0,0,0,1121
09/04/2000,BOS,MA,ANE,EN,Combined TRACON& Tower with Radar,680,585,38,1,1304,0,93,0,1,94,680,678,38,2,1398,0,0,0,1398
09/05/2000,BOS,MA,ANE,EN,Combined TRACON& Tower with Radar,776,627,75,1,1479,0,132,26,1,159,776,759,101,2,1638,0,0,0,1638
09/06/2000,BOS,MA,ANE,EN,Combined TRACON& Tower with Radar,806,648,77,1,1532,0,88,50,1,139,806,736,127,2,1671,0,0,0,1671
09/07/2000,BOS,MA,ANE,EN,Combined TRACON& Tower with Radar,816,650,77,1,1544,0,71,43,4,118,816,721,120,5,1662,0,0,0,1662
09/08/2000,BOS,MA,ANE,EN,Combined TRACON& Tower with Radar,801,638,76,1,1516,0,103,53,1,157,801,741,129,2,1673,0,0,0,1673
09/09/2000,BOS,MA,ANE,EN,Combined TRACON& Tower with Radar,598,475,50,0,1123,77,14,0,0,91,675,489,50,0,1214,25,0,25,1239
09/10/2000,BOS,MA,ANE,EN,Combined TRACON& Tower with Radar,663,526,63,1,1253,9,80,59,1,149,672,606,122,2,1402,0,0,0,1402
09/11/2000,BOS,MA,ANE,EN,Combined TRACON& Tower with Radar,775,633,76,1,1485,0,100,29,0,129,775,733,105,1,1614,0,0,0,1614
09/12/2000,BOS,MA,ANE,EN,Combined TRACON& Tower with Radar,760,612,73,1,1446,0,93,53,3,149,760,705,126,4,1595,0,0,0,1595
09/13/2000,BOS,MA,ANE,EN,Combined TRACON& Tower with Radar,803,674,80,1,1558,0,32,71,1,104,803,706,151,2,1662,0,0,0,1662
09/14/2000,BOS,MA,ANE,EN,Combined TRACON& Tower with Radar,809,642,76,2,1529,5,99,55,3,162,814,741,131,5,1691,0,0,0,1691
09/15/2000,BOS,MA,ANE,EN,Combined TRACON& Tower with Radar,749,595,63,0,1407,0,52,0,0,52,749,647,63,0,1459,0,0,0,1459
09/16/2000,BOS,MA,ANE,EN,Combined TRACON& Tower with Radar,574,456,54,0,1084,84,17,3,0,104,658,473,57,0,1188,20,0,20,1208
09/17/2000,BOS,MA,ANE,EN,Combined TRACON& Tower with Radar,663,524,62,0,1249,38,99,11,0,148,701,623,73,0,1397,0,0,0,1397
09/18/2000,BOS,MA,ANE,EN,Combined TRACON& Tower with Radar,768,616,73,2,1459,0,118,36,2,156,768,734,109,4,1615,0,0,0,1615
09/19/2000,BOS,MA,ANE,EN,Combined TRACON& Tower with Radar,764,607,72,0,1443,0,45,41,0,86,764,652,113,0,1529,0,0,0,1529
09/20/2000,BOS,MA,ANE,EN,Combined TRACON& Tower with Radar,826,676,80,1,1583,0,37,27,0,64,826,713,107,1,1647,0,0,0,1647
09/21/2000,BOS,MA,ANE,EN,Combined TRACON& Tower with Radar,819,665,78,2,1564,0,67,66,0,133,819,732,144,2,1697,0,0,0,1697
09/22/2000,BOS,MA,ANE,EN,Combined TRACON& Tower with Radar,778,630,74,1,1483,0,119,68,0,187,778,749,142,1,1670,0,0,0,1670
09/23/2000,BOS,MA,ANE,EN,Combined TRACON& Tower with Radar,592,459,55,2,1108,73,0,3,0,76,665,459,58,2,1184,34,0,34,1218
09/24/2000,BOS,MA,ANE,EN,Combined TRACON& Tower with Radar,708,586,69,0,1363,0,48,2,0,50,708,634,71,0,1413,0,0,0,1413
09/25/2000,BOS,MA,ANE,EN,Combined TRACON& Tower with Radar,776,634,75,1,1486,0,71,55,1,127,776,705,130,2,1613,0,0,0,1613
09/26/2000,BOS,MA,ANE,EN,Combined TRACON& Tower with Radar,762,617,73,1,1453,0,7,16,0,23,762,624,89,1,1476,0,0,0,1476
09/27/2000,BOS,MA,ANE,EN,Combined TRACON& Tower with Radar,809,650,76,0,1535,0,41,58,0,99,809,691,134,0,1634,0,0,0,1634
09/28/2000,BOS,MA,ANE,EN,Combined TRACON& Tower with Radar,820,667,79,1,1567,0,52,35,5,92,820,719,114,6,1659,0,0,0,1659
09/29/2000,BOS,MA,ANE,EN,Combined TRACON& Tower with Radar,817,648,76,1,1542,2,108,33,1,144,819,756,109,2,1686,0,0,0,1686
09/30/2000,BOS,MA,ANE,EN,Combined TRACON& Tower with Radar,589,445,55,0,1089,90,0,6,4,100,679,445,61,4,1189,31,1,32,1221
10/01/2000,BOS,MA,ANE,EN,Combined TRACON& Tower with Radar,704,499,65,1,1269,31,98,21,0,150,735,597,86,1,1419,0,0,0,1419
10/02/2000,BOS,MA,ANE,EN,Combined TRACON& Tower with Radar,786,589,76,1,1452,0,65,40,2,107,786,654,116,3,1559,0,0,0,1559
10/03/2000,BOS,MA,ANE,EN,Combined TRACON& Tower with Radar,818,601,78,1,1498,0,44,74,3,121,818,645,152,4,1619,0,0,0,1619
10/04/2000,BOS,MA,ANE,EN,Combined TRACON& Tower with Radar,822,602,78,1,1503,0,54,39,2,95,822,656,117,3,1598,0,0,0,1598
10/05/2000,BOS,MA,ANE,EN,Combined TRACON& Tower with Radar,833,618,80,1,1532,0,55,36,0,91,833,673,116,1,1623,0,0,0,1623
10/06/2000,BOS,MA,ANE,EN,Combined TRACON& Tower with Radar,782,564,69,0,1415,0,20,0,0,20,782,584,69,0,1435,0,0,0,1435
10/07/2000,BOS,MA,ANE,EN,Combined TRACON& Tower with Radar,642,452,59,1,1154,55,0,4,1,60,697,452,63,2,1214,42,0,42,1256
10/08/2000,BOS,MA,ANE,EN,Combined TRACON& Tower with Radar,668,473,54,1,1196,41,66,0,0,107,709,539,54,1,1303,0,0,0,1303
10/09/2000,BOS,MA,ANE,EN,Combined TRACON& Tower with Radar,779,587,48,1,1415,0,95,0,0,95,779,682,48,1,1510,0,0,0,1510
10/10/2000,BOS,MA,ANE,EN,Combined TRACON& Tower with Radar,817,597,77,1,1492,0,66,23,0,89,817,663,100,1,1581,99,1,100,1681
10/11/2000,BOS,MA,ANE,EN,Combined TRACON& Tower with Radar,813,583,76,0,1472,0,50,37,0,87,813,633,113,0,1559,0,0,0,1559
10/12/2000,BOS,MA,ANE,EN,Combined TRACON& Tower with Radar,818,598,78,1,1495,0,83,48,0,131,818,681,126,1,1626,0,0,0,1626
10/13/2000,BOS,MA,ANE,EN,Combined TRACON& Tower with Radar,815,579,75,1,1470,0,94,43,1,138,815,673,118,2,1608,0,0,0,1608
10/14/2000,BOS,MA,ANE,EN,Combined TRACON& Tower with Radar,597,423,55,0,1075,72,11,11,0,94,669,434,66,0,1169,0,0,0,1169
10/15/2000,BOS,MA,ANE,EN,Combined TRACON& Tower with Radar,688,487,63,0,1238,32,61,39,0,132,720,548,102,0,1370,0,0,0,1370
10/16/2000,BOS,MA,ANE,EN,Combined TRACON& Tower with Radar,756,564,73,0,1393,0,54,12,0,66,756,618,85,0,1459,0,0,0,1459
10/17/2000,BOS,MA,ANE,EN,Combined TRACON& Tower with Radar,806,592,76,2,1476,0,29,18,1,48,806,621,94,3,1524,0,0,0,1524
10/18/2000,BOS,MA,ANE,EN,Combined TRACON& Tower with Radar,795,587,75,2,1459,0,3,58,0,61,795,590,133,2,1520,0,0,0,1520
10/19/2000,BOS,MA,ANE,EN,Combined TRACON& Tower with Radar,838,605,77,0,1520,0,61,54,0,115,838,666,131,0,1635,0,0,0,1635
10/20/2000,BOS,MA,ANE,EN,Combined TRACON& Tower with Radar,825,583,75,2,1485,7,93,17,7,124,832,676,92,9,1609,0,0,0,1609
10/21/2000,BOS,MA,ANE,EN,Combined TRACON& Tower with Radar,635,422,57,2,1116,53,0,19,4,76,688,422,76,6,1192,15,0,15,1207
10/22/2000,BOS,MA,ANE,EN,Combined TRACON& Tower with Radar,693,488,63,0,1244,35,57,18,0,110,728,545,81,0,1354,0,0,0,1354
10/23/2000,BOS,MA,ANE,EN,Combined TRACON& Tower with Radar,802,572,73,0,1447,0,54,32,0,86,802,626,105,0,1533,0,0,0,1533
10/24/2000,BOS,MA,ANE,EN,Combined TRACON& Tower with Radar,812,588,75,0,1475,0,54,48,0,102,812,642,123,0,1577,0,0,0,1577
10/25/2000,BOS,MA,ANE,EN,Combined TRACON& Tower with Radar,809,572,73,0,1454,14,63,9,0,86,823,635,82,0,1540,0,0,0,1540
10/26/2000,BOS,MA,ANE,EN,Combined TRACON& Tower with Radar,832,579,75,1,1487,34,0,32,0,66,866,579,107,1,1553,0,0,0,1553
10/27/2000,BOS,MA,ANE,EN,Combined TRACON& Tower with Radar,798,576,74,0,1448,0,60,25,0,85,798,636,99,0,1533,0,0,0,1533
10/28/2000,BOS,MA,ANE,EN,Combined TRACON& Tower with Radar,587,394,37,1,1019,68,0,0,0,68,655,394,37,1,1087,11,0,11,1098
10/29/2000,BOS,MA,ANE,EN,Combined TRACON& Tower with Radar,676,478,44,1,1199,24,12,0,2,38,700,490,44,3,1237,0,0,0,1237
10/30/2000,BOS,MA,ANE,EN,Combined TRACON& Tower with Radar,753,536,69,1,1359,0,15,0,0,15,753,551,69,1,1374,0,0,0,1374
10/31/2000,BOS,MA,ANE,EN,Combined TRACON& Tower with Radar,730,525,51,1,1307,0,29,0,1,30,730,554,51,2,1337,0,0,0,1337
11/01/2000,BOS,MA,ANE,EN,Combined TRACON& Tower with Radar,807,519,63,1,1390,2,26,0,1,29,809,545,63,2,1419,0,0,0,1419
11/02/2000,BOS,MA,ANE,EN,Combined TRACON& Tower with Radar,838,563,69,1,1471,0,24,71,3,98,838,587,140,4,1569,0,0,0,1569
11/03/2000,BOS,MA,ANE,EN,Combined TRACON& Tower with Radar,816,534,66,1,1417,0,62,61,0,123,816,596,127,1,1540,0,0,0,1540
11/04/2000,BOS,MA,ANE,EN,Combined TRACON& Tower with Radar,611,381,49,0,1041,59,0,4,0,63,670,381,53,0,1104,17,0,17,1121
11/05/2000,BOS,MA,ANE,EN,Combined TRACON& Tower with Radar,687,444,54,0,1185,0,5,0,0,5,687,449,54,0,1190,0,0,0,1190
11/06/2000,BOS,MA,ANE,EN,Combined TRACON& Tower with Radar,776,521,64,0,1361,0,56,29,0,85,776,577,93,0,1446,0,0,0,1446
11/07/2000,BOS,MA,ANE,EN,Combined TRACON& Tower with Radar,821,543,67,0,1431,0,39,35,0,74,821,582,102,0,1505,0,0,0,1505
11/08/2000,BOS,MA,ANE,EN,Combined TRACON& Tower with Radar,817,559,69,1,1446,0,27,42,1,70,817,586,111,2,1516,0,0,0,1516
11/09/2000,BOS,MA,ANE,EN,Combined TRACON& Tower with Radar,832,584,72,1,1489,0,36,47,2,85,832,620,119,3,1574,0,0,0,1574
11/10/2000,BOS,MA,ANE,EN,Combined TRACON& Tower with Radar,783,515,58,1,1357,0,22,0,3,25,783,537,58,4,1382,0,0,0,1382
11/11/2000,BOS,MA,ANE,EN,Combined TRACON& Tower with Radar,638,385,21,0,1044,58,0,0,0,58,696,385,21,0,1102,3,0,3,1105
11/12/2000,BOS,MA,ANE,EN,Combined TRACON& Tower with Radar,691,445,55,0,1191,21,11,17,0,49,712,456,72,0,1240,0,0,0,1240
11/13/2000,BOS,MA,ANE,EN,Combined TRACON& Tower with Radar,806,535,65,2,1408,0,42,1,0,43,806,577,66,2,1451,0,0,0,1451
11/14/2000,BOS,MA,ANE,EN,Combined TRACON& Tower with Radar,791,526,64,2,1383,0,12,20,1,33,791,538,84,3,1416,0,0,0,1416
11/15/2000,BOS,MA,ANE,EN,Combined TRACON& Tower with Radar,838,546,66,2,1452,0,24,39,3,66,838,570,105,5,1518,0,0,0,1518
11/16/2000,BOS,MA,ANE,EN,Combined TRACON& Tower with Radar,813,534,65,1,1413,0,45,38,0,83,813,579,103,1,1496,0,0,0,1496
11/17/2000,BOS,MA,ANE,EN,Combined TRACON& Tower with Radar,816,528,64,0,1408,0,63,13,0,76,816,591,77,0,1484,0,0,0,1484
11/18/2000,BOS,MA,ANE,EN,Combined TRACON& Tower with Radar,621,400,40,0,1061,58,6,0,0,64,679,406,40,0,1125,0,0,0,1125
11/19/2000,BOS,MA,ANE,EN,Combined TRACON& Tower with Radar,646,415,37,0,1098,48,28,0,0,76,694,443,37,0,1174,0,0,0,1174
11/20/2000,BOS,MA,ANE,EN,Combined TRACON& Tower with Radar,785,514,63,0,1362,0,52,19,0,71,785,566,82,0,1433,0,0,0,1433
11/21/2000,BOS,MA,ANE,EN,Combined TRACON& Tower with Radar,821,526,64,2,1413,19,47,8,0,74,840,573,72,2,1487,0,0,0,1487
11/22/2000,BOS,MA,ANE,EN,Combined TRACON& Tower with Radar,823,529,56,0,1408,11,93,0,0,104,834,622,56,0,1512,0,0,0,1512
11/23/2000,BOS,MA,ANE,EN,Combined TRACON& Tower with Radar,539,346,34,0,919,56,16,0,1,73,595,362,34,1,992,0,0,0,992
11/24/2000,BOS,MA,ANE,EN,Combined TRACON& Tower with Radar,487,313,38,0,838,33,33,5,0,71,520,346,43,0,909,0,0,0,909
11/25/2000,BOS,MA,ANE,EN,Combined TRACON& Tower with Radar,609,392,42,0,1043,67,27,0,1,95,676,419,42,1,1138,0,0,0,1138
11/26/2000,BOS,MA,ANE,EN,Combined TRACON& Tower with Radar,695,429,42,0,1166,43,0,0,0,43,738,429,42,0,1209,0,0,0,1209
11/27/2000,BOS,MA,ANE,EN,Combined TRACON& Tower with Radar,811,549,67,0,1427,0,27,42,0,69,811,576,109,0,1496,0,0,0,1496
11/28/2000,BOS,MA,ANE,EN,Combined TRACON& Tower with Radar,807,534,65,1,1407,0,39,25,1,65,807,573,90,2,1472,0,0,0,1472
11/29/2000,BOS,MA,ANE,EN,Combined TRACON& Tower with Radar,816,537,65,0,1418,0,43,50,0,93,816,580,115,0,1511,0,0,0,1511
11/30/2000,BOS,MA,ANE,EN,Combined TRACON& Tower with Radar,802,533,65,0,1400,0,43,5,0,48,802,576,70,0,1448,0,0,0,1448
12/01/2000,BOS,MA,ANE,EN,Combined TRACON& Tower with Radar,802,500,46,0,1348,0,109,48,2,159,802,609,94,2,1507,0,0,0,1507
12/02/2000,BOS,MA,ANE,EN,Combined TRACON& Tower with Radar,591,324,32,0,947,66,0,16,0,82,657,324,48,0,1029,13,2,15,1044
12/03/2000,BOS,MA,ANE,EN,Combined TRACON& Tower with Radar,686,401,37,0,1124,12,61,15,1,89,698,462,52,1,1213,0,0,0,1213
12/04/2000,BOS,MA,ANE,EN,Combined TRACON& Tower with Radar,747,460,41,1,1249,0,85,30,0,115,747,545,71,1,1364,0,0,0,1364
12/05/2000,BOS,MA,ANE,EN,Combined TRACON& Tower with Radar,814,506,46,0,1366,0,34,85,0,119,814,540,131,0,1485,0,0,0,1485
12/06/2000,BOS,MA,ANE,EN,Combined TRACON& Tower with Radar,835,520,47,0,1402,0,48,56,0,104,835,568,103,0,1506,0,0,0,1506
12/07/2000,BOS,MA,ANE,EN,Combined TRACON& Tower with Radar,806,504,46,1,1357,0,68,42,1,111,806,572,88,2,1468,0,0,0,1468
12/08/2000,BOS,MA,ANE,EN,Combined TRACON& Tower with Radar,790,488,44,1,1323,0,43,12,0,55,790,531,56,1,1378,0,0,0,1378
12/09/2000,BOS,MA,ANE,EN,Combined TRACON& Tower with Radar,616,336,32,1,985,50,0,19,0,69,666,336,51,1,1054,21,1,22,1076
12/10/2000,BOS,MA,ANE,EN,Combined TRACON& Tower with Radar,691,402,37,1,1131,35,0,17,0,52,726,402,54,1,1183,0,0,0,1183
12/11/2000,BOS,MA,ANE,EN,Combined TRACON& Tower with Radar,744,483,43,0,1270,0,59,24,0,83,744,542,67,0,1353,0,0,0,1353
12/12/2000,BOS,MA,ANE,EN,Combined TRACON& Tower with Radar,699,416,5,1,1121,0,16,0,2,18,699,432,5,3,1139,0,0,0,1139
12/13/2000,BOS,MA,ANE,EN,Combined TRACON& Tower with Radar,757,468,42,1,1268,0,56,48,0,104,757,524,90,1,1372,0,0,0,1372
12/14/2000,BOS,MA,ANE,EN,Combined TRACON& Tower with Radar,620,328,32,0,980,21,0,14,0,35,641,328,46,0,1015,0,0,0,1015
12/15/2000,BOS,MA,ANE,EN,Combined TRACON& Tower with Radar,788,491,45,1,1325,0,65,26,2,93,788,556,71,3,1418,0,0,0,1418
12/16/2000,BOS,MA,ANE,EN,Combined TRACON& Tower with Radar,607,347,28,0,982,31,0,0,0,31,638,347,28,0,1013,10,0,10,1023
12/17/2000,BOS,MA,ANE,EN,Combined TRACON& Tower with Radar,475,195,25,0,695,82,0,1,0,83,557,195,26,0,778,0,0,0,778
12/18/2000,BOS,MA,ANE,EN,Combined TRACON& Tower with Radar,779,460,41,1,1281,0,31,14,4,49,779,491,55,5,1330,0,0,0,1330
12/19/2000,BOS,MA,ANE,EN,Combined TRACON& Tower with Radar,803,490,45,1,1339,0,46,33,2,81,803,536,78,3,1420,0,0,0,1420
12/20/2000,BOS,MA,ANE,EN,Combined TRACON& Tower with Radar,642,374,29,1,1046,2,28,0,0,30,644,402,29,1,1076,0,0,0,1076
12/21/2000,BOS,MA,ANE,EN,Combined TRACON& Tower with Radar,801,486,44,0,1331,0,78,22,0,100,801,564,66,0,1431,0,0,0,1431
12/22/2000,BOS,MA,ANE,EN,Combined TRACON& Tower with Radar,805,472,28,0,1305,0,34,0,0,34,805,506,28,0,1339,0,0,0,1339
12/23/2000,BOS,MA,ANE,EN,Combined TRACON& Tower with Radar,648,377,33,0,1058,47,8,0,0,55,695,385,33,0,1113,22,2,24,1137
12/24/2000,BOS,MA,ANE,EN,Combined TRACON& Tower with Radar,495,264,17,0,776,63,0,0,0,63,558,264,17,0,839,0,0,0,839
12/25/2000,BOS,MA,ANE,EN,Combined TRACON& Tower with Radar,471,260,14,0,745,53,0,0,0,53,524,260,14,0,798,0,0,0,798
12/26/2000,BOS,MA,ANE,EN,Combined TRACON& Tower with Radar,662,401,36,0,1099,0,56,22,0,78,662,457,58,0,1177,0,0,0,1177
12/27/2000,BOS,MA,ANE,EN,Combined TRACON& Tower with Radar,713,427,38,0,1178,0,62,0,1,63,713,489,38,1,1241,0,0,0,1241
12/28/2000,BOS,MA,ANE,EN,Combined TRACON& Tower with Radar,722,428,26,0,1176,0,68,0,0,68,722,496,26,0,1244,0,0,0,1244
12/29/2000,BOS,MA,ANE,EN,Combined TRACON& Tower with Radar,712,435,40,0,1187,0,97,2,0,99,712,532,42,0,1286,0,0,0,1286
12/30/2000,BOS,MA,ANE,EN,Combined TRACON& Tower with Radar,340,153,18,0,511,0,0,0,0,0,340,153,18,0,511,0,0,0,511
12/31/2000,BOS,MA,ANE,EN,Combined TRACON& Tower with Radar,454,250,12,0,716,51,0,0,0,51,505,250,12,0,767,0,0,0,767
01/01/2001,BOS,MA,ANE,EN,Combined TRACON& Tower with Radar,554,323,25,0,902,72,0,0,0,72,626,323,25,0,974,0,0,0,974
01/02/2001,BOS,MA,ANE,EN,Combined TRACON& Tower with Radar,739,452,40,0,1231,16,36,0,0,52,755,488,40,0,1283,0,0,0,1283
01/03/2001,BOS,MA,ANE,EN,Combined TRACON& Tower with Radar,794,494,47,1,1336,0,45,36,0,81,794,539,83,1,1417,0,0,0,1417
01/04/2001,BOS,MA,ANE,EN,Combined TRACON& Tower with Radar,805,498,47,1,1351,0,48,3,0,51,805,546,50,1,1402,0,0,0,1402
01/05/2001,BOS,MA,ANE,EN,Combined TRACON& Tower with Radar,720,446,42,0,1208,0,44,11,0,55,720,490,53,0,1263,0,0,0,1263
01/06/2001,BOS,MA,ANE,EN,Combined TRACON& Tower with Radar,595,329,23,0,947,48,0,0,0,48,643,329,23,0,995,3,0,3,998
01/07/2001,BOS,MA,ANE,EN,Combined TRACON& Tower with Radar,662,406,31,0,1099,34,6,0,0,40,696,412,31,0,1139,0,0,0,1139
01/08/2001,BOS,MA,ANE,EN,Combined TRACON& Tower with Radar,749,470,42,0,1261,0,49,0,0,49,749,519,42,0,1310,0,0,0,1310
01/09/2001,BOS,MA,ANE,EN,Combined TRACON& Tower with Radar,742,464,44,0,1250,0,12,9,0,21,742,476,53,0,1271,0,0,0,1271
01/10/2001,BOS,MA,ANE,EN,Combined TRACON& Tower with Radar,812,512,48,0,1372,0,33,29,1,63,812,545,77,1,1435,0,0,0,1435
01/11/2001,BOS,MA,ANE,EN,Combined TRACON& Tower with Radar,798,505,47,0,1350,0,48,12,3,63,798,553,59,3,1413,0,0,0,1413
01/12/2001,BOS,MA,ANE,EN,Combined TRACON& Tower with Radar,792,504,48,0,1344,0,78,9,5,92,792,582,57,5,1436,0,0,0,1436
01/13/2001,BOS,MA,ANE,EN,Combined TRACON& Tower with Radar,630,350,35,0,1015,72,0,0,3,75,702,350,35,3,1090,0,0,0,1090
01/14/2001,BOS,MA,ANE,EN,Combined TRACON& Tower with Radar,650,398,34,0,1082,38,5,0,0,43,688,403,34,0,1125,0,0,0,1125
01/15/2001,BOS,MA,ANE,EN,Combined TRACON& Tower with Radar,705,426,39,0,1170,6,0,0,1,7,711,426,39,1,1177,0,0,0,1177
01/16/2001,BOS,MA,ANE,EN,Combined TRACON& Tower with Radar,797,500,46,1,1344,0,13,25,1,39,797,513,71,2,1383,0,0,0,1383
01/17/2001,BOS,MA,ANE,EN,Combined TRACON& Tower with Radar,796,498,46,1,1341,0,28,36,0,64,796,526,82,1,1405,0,0,0,1405
01/18/2001,BOS,MA,ANE,EN,Combined TRACON& Tower with Radar,811,513,47,1,1372,0,50,19,0,69,811,563,66,1,1441,0,0,0,1441
01/19/2001,BOS,MA,ANE,EN,Combined TRACON& Tower with Radar,755,462,43,0,1260,0,0,17,0,17,755,462,60,0,1277,0,0,0,1277
01/20/2001,BOS,MA,ANE,EN,Combined TRACON& Tower with Radar,534,288,13,0,835,55,0,0,0,55,589,288,13,0,890,0,0,0,890
01/21/2001,BOS,MA,ANE,EN,Combined TRACON& Tower with Radar,449,246,18,0,713,45,0,0,0,45,494,246,18,0,758,0,0,0,758
01/22/2001,BOS,MA,ANE,EN,Combined TRACON& Tower with Radar,778,481,45,0,1304,0,24,29,0,53,778,505,74,0,1357,0,0,0,1357
01/23/2001,BOS,MA,ANE,EN,Combined TRACON& Tower with Radar,791,497,46,0,1334,0,34,38,0,72,791,531,84,0,1406,0,0,0,1406
01/24/2001,BOS,MA,ANE,EN,Combined TRACON& Tower with Radar,786,502,46,0,1334,0,44,27,0,71,786,546,73,0,1405,49,0,49,1454
01/25/2001,BOS,MA,ANE,EN,Combined TRACON& Tower with Radar,793,503,46,0,1342,0,59,21,0,80,793,562,67,0,1422,0,0,0,1422
01/26/2001,BOS,MA,ANE,EN,Combined TRACON& Tower with Radar,787,506,47,1,1341,0,53,53,1,107,787,559,100,2,1448,0,0,0,1448
01/27/2001,BOS,MA,ANE,EN,Combined TRACON& Tower with Radar,606,354,34,0,994,31,0,1,0,32,637,354,35,0,1026,15,1,16,1042
01/28/2001,BOS,MA,ANE,EN,Combined TRACON& Tower with Radar,666,406,37,1,1110,20,10,8,2,40,686,416,45,3,1150,0,0,0,1150
01/29/2001,BOS,MA,ANE,EN,Combined TRACON& Tower with Radar,743,482,44,1,1270,0,58,40,1,99,743,540,84,2,1369,0,0,0,1369
01/30/2001,BOS,MA,ANE,EN,Combined TRACON& Tower with Radar,775,484,44,1,1304,0,9,23,1,33,775,493,67,2,1337,0,0,0,1337
01/31/2001,BOS,MA,ANE,EN,Combined TRACON& Tower with Radar,786,487,45,0,1318,0,4,35,0,39,786,491,80,0,1357,0,0,0,1357
02/01/2001,BOS,MA,ANE,EN,Combined TRACON& Tower with Radar,790,523,58,0,1371,0,36,18,3,57,790,559,76,3,1428,0,0,0,1428
02/02/2001,BOS,MA,ANE,EN,Combined TRACON& Tower with Radar,783,522,58,0,1363,0,56,9,0,65,783,578,67,0,1428,0,0,0,1428
02/03/2001,BOS,MA,ANE,EN,Combined TRACON& Tower with Radar,598,350,37,0,985,71,0,0,2,73,669,350,37,2,1058,8,0,8,1066
02/04/2001,BOS,MA,ANE,EN,Combined TRACON& Tower with Radar,659,427,40,0,1126,28,9,0,2,39,687,436,40,2,1165,0,0,0,1165
02/05/2001,BOS,MA,ANE,EN,Combined TRACON& Tower with Radar,512,341,38,0,891,0,24,6,0,30,512,365,44,0,921,0,0,0,921
02/06/2001,BOS,MA,ANE,EN,Combined TRACON& Tower with Radar,714,476,53,0,1243,0,13,40,0,53,714,489,93,0,1296,0,0,0,1296
02/07/2001,BOS,MA,ANE,EN,Combined TRACON& Tower with Radar,757,520,56,0,1333,0,41,63,0,104,757,561,119,0,1437,0,0,0,1437
02/08/2001,BOS,MA,ANE,EN,Combined TRACON& Tower with Radar,757,507,55,1,1320,0,2,52,0,54,757,509,107,1,1374,0,0,0,1374
02/09/2001,BOS,MA,ANE,EN,Combined TRACON& Tower with Radar,734,477,52,0,1263,0,0,13,0,13,734,477,65,0,1276,0,0,0,1276
02/10/2001,BOS,MA,ANE,EN,Combined TRACON& Tower with Radar,535,278,30,1,844,87,0,0,1,88,622,278,30,2,932,4,0,4,936
02/11/2001,BOS,MA,ANE,EN,Combined TRACON& Tower with Radar,667,418,46,1,1132,47,0,4,0,51,714,418,50,1,1183,0,0,0,1183
02/12/2001,BOS,MA,ANE,EN,Combined TRACON& Tower with Radar,770,507,54,1,1332,0,48,16,0,64,770,555,70,1,1396,0,0,0,1396
02/13/2001,BOS,MA,ANE,EN,Combined TRACON& Tower with Radar,800,533,58,1,1392,0,60,16,0,76,800,593,74,1,1468,0,0,0,1468
02/14/2001,BOS,MA,ANE,EN,Combined TRACON& Tower with Radar,728,501,54,0,1283,0,59,16,0,75,728,560,70,0,1358,0,0,0,1358
02/15/2001,BOS,MA,ANE,EN,Combined TRACON& Tower with Radar,794,533,58,1,1386,0,57,31,0,88,794,590,89,1,1474,0,0,0,1474
02/16/2001,BOS,MA,ANE,EN,Combined TRACON& Tower with Radar,772,525,57,1,1355,0,50,23,1,74,772,575,80,2,1429,0,0,0,1429
02/17/2001,BOS,MA,ANE,EN,Combined TRACON& Tower with Radar,628,370,21,1,1020,75,0,0,0,75,703,370,21,1,1095,9,0,9,1104
02/18/2001,BOS,MA,ANE,EN,Combined TRACON& Tower with Radar,645,417,45,0,1107,9,29,5,0,43,654,446,50,0,1150,0,0,0,1150
02/19/2001,BOS,MA,ANE,EN,Combined TRACON& Tower with Radar,735,482,32,0,1249,0,76,0,0,76,735,558,32,0,1325,0,0,0,1325
02/20/2001,BOS,MA,ANE,EN,Combined TRACON& Tower with Radar,779,519,56,1,1355,0,38,36,3,77,779,557,92,4,1432,0,0,0,1432
02/21/2001,BOS,MA,ANE,EN,Combined TRACON& Tower with Radar,772,520,56,1,1349,0,59,12,1,72,772,579,68,2,1421,0,0,0,1421
02/22/2001,BOS,MA,ANE,EN,Combined TRACON& Tower with Radar,754,508,55,1,1318,0,65,9,1,75,754,573,64,2,1393,0,0,0,1393
02/23/2001,BOS,MA,ANE,EN,Combined TRACON& Tower with Radar,790,523,53,0,1366,0,53,0,0,53,790,576,53,0,1419,31,0,31,1450
02/24/2001,BOS,MA,ANE,EN,Combined TRACON& Tower with Radar,618,367,40,0,1025,79,0,0,0,79,697,367,40,0,1104,16,1,17,1121
02/25/2001,BOS,MA,ANE,EN,Combined TRACON& Tower with Radar,561,234,39,1,835,116,0,14,0,130,677,234,53,1,965,0,0,0,965
02/26/2001,BOS,MA,ANE,EN,Combined TRACON& Tower with Radar,796,522,56,0,1374,0,17,37,0,54,796,539,93,0,1428,22,0,22,1450
02/27/2001,BOS,MA,ANE,EN,Combined TRACON& Tower with Radar,779,526,56,0,1361,0,48,39,0,87,779,574,95,0,1448,0,0,0,1448
02/28/2001,BOS,MA,ANE,EN,Combined TRACON& Tower with Radar,786,515,55,0,1356,0,99,59,0,158,786,614,114,0,1514,0,0,0,1514
03/01/2001,BOS,MA,ANE,EN,Combined TRACON& Tower with Radar,791,528,52,1,1372,0,19,42,0,61,791,547,94,1,1433,18,2,20,1453
03/02/2001,BOS,MA,ANE,EN,Combined TRACON& Tower with Radar,785,530,51,1,1367,0,4,17,1,22,785,534,68,2,1389,13,0,13,1402
03/03/2001,BOS,MA,ANE,EN,Combined TRACON& Tower with Radar,634,384,31,1,1050,47,0,0,1,48,681,384,31,2,1098,3,0,3,1101
03/04/2001,BOS,MA,ANE,EN,Combined TRACON& Tower with Radar,615,401,33,0,1049,31,0,0,0,31,646,401,33,0,1080,0,0,0,1080
03/05/2001,BOS,MA,ANE,EN,Combined TRACON& Tower with Radar,116,35,5,0,156,0,0,0,0,0,116,35,5,0,156,0,0,0,156
03/06/2001,BOS,MA,ANE,EN,Combined TRACON& Tower with Radar,163,64,7,0,234,48,0,0,0,48,211,64,7,0,282,0,0,0,282
03/07/2001,BOS,MA,ANE,EN,Combined TRACON& Tower with Radar,737,502,48,0,1287,0,13,30,0,43,737,515,78,0,1330,32,0,32,1362
03/08/2001,BOS,MA,ANE,EN,Combined TRACON& Tower with Radar,798,551,53,0,1402,0,40,42,0,82,798,591,95,0,1484,16,0,16,1500
03/09/2001,BOS,MA,ANE,EN,Combined TRACON& Tower with Radar,689,461,44,0,1194,0,10,14,0,24,689,471,58,0,1218,13,0,13,1231
03/10/2001,BOS,MA,ANE,EN,Combined TRACON& Tower with Radar,579,358,19,0,956,55,0,0,0,55,634,358,19,0,1011,3,0,3,1014
03/11/2001,BOS,MA,ANE,EN,Combined TRACON& Tower with Radar,683,454,44,0,1181,12,12,3,0,27,695,466,47,0,1208,0,0,0,1208
03/12/2001,BOS,MA,ANE,EN,Combined TRACON& Tower with Radar,759,531,51,0,1341,0,48,39,0,87,759,579,90,0,1428,0,0,0,1428
03/13/2001,BOS,MA,ANE,EN,Combined TRACON& Tower with Radar,700,485,46,0,1231,0,18,12,0,30,700,503,58,0,1261,0,0,0,1261
03/14/2001,BOS,MA,ANE,EN,Combined TRACON& Tower with Radar,793,554,53,1,1401,0,38,40,1,79,793,592,93,2,1480,0,0,0,1480
03/15/2001,BOS,MA,ANE,EN,Combined TRACON& Tower with Radar,758,534,51,1,1344,0,58,48,1,107,758,592,99,2,1451,22,0,22,1473
03/16/2001,BOS,MA,ANE,EN,Combined TRACON& Tower with Radar,801,552,53,1,1407,0,57,42,1,100,801,609,95,2,1507,23,0,23,1530
03/17/2001,BOS,MA,ANE,EN,Combined TRACON& Tower with Radar,620,400,24,0,1044,56,0,0,0,56,676,400,24,0,1100,22,1,23,1123
03/18/2001,BOS,MA,ANE,EN,Combined TRACON& Tower with Radar,678,451,28,0,1157,8,29,0,0,37,686,480,28,0,1194,0,0,0,1194
03/19/2001,BOS,MA,ANE,EN,Combined TRACON& Tower with Radar,764,520,49,1,1334,0,55,11,0,66,764,575,60,1,1400,0,0,0,1400
03/20/2001,BOS,MA,ANE,EN,Combined TRACON& Tower with Radar,779,536,51,1,1367,0,60,30,1,91,779,596,81,2,1458,0,0,0,1458
03/21/2001,BOS,MA,ANE,EN,Combined TRACON& Tower with Radar,756,534,51,1,1342,0,57,31,1,89,756,591,82,2,1431,0,0,0,1431
03/22/2001,BOS,MA,ANE,EN,Combined TRACON& Tower with Radar,683,427,34,1,1145,35,0,0,0,35,718,427,34,1,1180,0,0,0,1180
03/23/2001,BOS,MA,ANE,EN,Combined TRACON& Tower with Radar,805,533,51,1,1390,2,40,3,1,46,807,573,54,2,1436,14,0,14,1450
03/24/2001,BOS,MA,ANE,EN,Combined TRACON& Tower with Radar,622,388,23,1,1034,62,0,0,0,62,684,388,23,1,1096,0,0,0,1096
03/25/2001,BOS,MA,ANE,EN,Combined TRACON& Tower with Radar,687,455,33,0,1175,47,6,0,0,53,734,461,33,0,1228,0,0,0,1228
03/26/2001,BOS,MA,ANE,EN,Combined TRACON& Tower with Radar,716,492,47,0,1255,0,38,16,0,54,716,530,63,0,1309,0,0,0,1309
03/27/2001,BOS,MA,ANE,EN,Combined TRACON& Tower with Radar,812,563,53,1,1429,0,46,42,1,89,812,609,95,2,1518,52,0,52,1570
03/28/2001,BOS,MA,ANE,EN,Combined TRACON& Tower with Radar,808,569,54,0,1431,0,57,67,0,124,808,626,121,0,1555,0,0,0,1555
03/29/2001,BOS,MA,ANE,EN,Combined TRACON& Tower with Radar,775,543,52,1,1371,0,62,27,2,91,775,605,79,3,1462,34,0,34,1496
03/30/2001,BOS,MA,ANE,EN,Combined TRACON& Tower with Radar,693,441,42,0,1176,21,0,0,0,21,714,441,42,0,1197,1,0,1,1198
03/31/2001,BOS,MA,ANE,EN,Combined TRACON& Tower with Radar,617,388,33,0,1038,45,0,0,0,45,662,388,33,0,1083,0,0,0,1083
04/01/2001,BOS,MA,ANE,EN,Combined TRACON& Tower with Radar,686,513,48,0,1247,6,0,0,3,9,692,513,48,3,1256,0,0,0,1256
04/02/2001,BOS,MA,ANE,EN,Combined TRACON& Tower with Radar,777,582,56,0,1415,10,23,14,2,49,787,605,70,2,1464,0,0,0,1464
04/03/2001,BOS,MA,ANE,EN,Combined TRACON& Tower with Radar,798,601,58,0,1457,0,29,33,0,62,798,630,91,0,1519,0,0,0,1519
04/04/2001,BOS,MA,ANE,EN,Combined TRACON& Tower with Radar,777,602,58,1,1438,0,34,63,2,99,777,636,121,3,1537,0,0,0,1537
04/05/2001,BOS,MA,ANE,EN,Combined TRACON& Tower with Radar,789,615,59,1,1464,0,63,57,0,120,789,678,116,1,1584,0,0,0,1584
04/06/2001,BOS,MA,ANE,EN,Combined TRACON& Tower with Radar,767,581,56,0,1404,0,37,23,0,60,767,618,79,0,1464,21,0,21,1485
04/07/2001,BOS,MA,ANE,EN,Combined TRACON& Tower with Radar,611,435,34,0,1080,56,0,0,0,56,667,435,34,0,1136,11,0,11,1147
04/08/2001,BOS,MA,ANE,EN,Combined TRACON& Tower with Radar,620,432,36,1,1089,39,0,0,1,40,659,432,36,2,1129,0,0,0,1129
04/09/2001,BOS,MA,ANE,EN,Combined TRACON& Tower with Radar,729,560,54,0,1343,0,30,23,0,53,729,590,77,0,1396,0,0,0,1396
04/10/2001,BOS,MA,ANE,EN,Combined TRACON& Tower with Radar,761,570,54,0,1385,55,53,25,0,133,816,623,79,0,1518,0,0,0,1518
04/11/2001,BOS,MA,ANE,EN,Combined TRACON& Tower with Radar,749,585,56,0,1390,0,41,41,0,82,749,626,97,0,1472,0,0,0,1472
04/12/2001,BOS,MA,ANE,EN,Combined TRACON& Tower with Radar,763,550,53,0,1366,24,0,0,0,24,787,550,53,0,1390,4,0,4,1394
04/13/2001,BOS,MA,ANE,EN,Combined TRACON& Tower with Radar,810,609,55,1,1475,0,40,0,0,40,810,649,55,1,1515,16,0,16,1531
04/14/2001,BOS,MA,ANE,EN,Combined TRACON& Tower with Radar,605,430,35,1,1071,79,0,0,0,79,684,430,35,1,1150,21,0,21,1171
04/15/2001,BOS,MA,ANE,EN,Combined TRACON& Tower with Radar,682,509,48,1,1240,18,32,15,0,65,700,541,63,1,1305,0,0,0,1305
04/16/2001,BOS,MA,ANE,EN,Combined TRACON& Tower with Radar,775,598,56,2,1431,0,67,38,0,105,775,665,94,2,1536,0,0,0,1536
04/17/2001,BOS,MA,ANE,EN,Combined TRACON& Tower with Radar,790,619,58,1,1468,0,47,34,0,81,790,666,92,1,1549,0,0,0,1549
04/18/2001,BOS,MA,ANE,EN,Combined TRACON& Tower with Radar,736,561,54,1,1352,0,21,19,1,41,736,582,73,2,1393,0,0,0,1393
04/19/2001,BOS,MA,ANE,EN,Combined TRACON& Tower with Radar,802,624,59,2,1487,0,73,44,0,117,802,697,103,2,1604,0,0,0,1604
04/20/2001,BOS,MA,ANE,EN,Combined TRACON& Tower with Radar,812,611,58,0,1481,0,66,29,0,95,812,677,87,0,1576,30,0,30,1606
04/21/2001,BOS,MA,ANE,EN,Combined TRACON& Tower with Radar,637,440,37,0,1114,60,0,0,0,60,697,440,37,0,1174,23,2,25,1199
04/22/2001,BOS,MA,ANE,EN,Combined TRACON& Tower with Radar,696,520,47,0,1263,26,12,0,0,38,722,532,47,0,1301,0,0,0,1301
04/23/2001,BOS,MA,ANE,EN,Combined TRACON& Tower with Radar,789,605,57,1,1452,0,48,54,0,102,789,653,111,1,1554,0,0,0,1554
04/24/2001,BOS,MA,ANE,EN,Combined TRACON& Tower with Radar,803,616,58,1,1478,0,21,53,6,80,803,637,111,7,1558,0,0,0,1558
04/25/2001,BOS,MA,ANE,EN,Combined TRACON& Tower with Radar,793,611,58,1,1463,0,51,31,1,83,793,662,89,2,1546,0,0,0,1546
04/26/2001,BOS,MA,ANE,EN,Combined TRACON& Tower with Radar,802,621,59,0,1482,0,69,45,0,114,802,690,104,0,1596,0,0,0,1596
04/27/2001,BOS,MA,ANE,EN,Combined TRACON& Tower with Radar,803,631,59,1,1494,0,78,40,2,120,803,709,99,3,1614,0,0,0,1614
04/28/2001,BOS,MA,ANE,EN,Combined TRACON& Tower with Radar,598,443,27,0,1068,68,0,0,1,69,666,443,27,1,1137,0,0,0,1137
04/29/2001,BOS,MA,ANE,EN,Combined TRACON& Tower with Radar,664,497,47,0,1208,31,57,10,1,99,695,554,57,1,1307,0,0,0,1307
04/30/2001,BOS,MA,ANE,EN,Combined TRACON& Tower with Radar,769,592,56,0,1417,0,75,20,0,95,769,667,76,0,1512,42,0,42,1554
05/01/2001,BOS,MA,ANE,EN,Combined TRACON& Tower with Radar,807,652,65,0,1524,1,42,31,0,74,808,694,96,0,1598,0,0,0,1598
05/02/2001,BOS,MA,ANE,EN,Combined TRACON& Tower with Radar,792,648,65,1,1506,0,47,32,1,80,792,695,97,2,1586,29,2,31,1617
05/03/2001,BOS,MA,ANE,EN,Combined TRACON& Tower with Radar,805,651,66,1,1523,6,39,41,1,87,811,690,107,2,1610,0,0,0,1610
05/04/2001,BOS,MA,ANE,EN,Combined TRACON& Tower with Radar,808,654,66,1,1529,0,49,30,0,79,808,703,96,1,1608,0,0,0,1608
05/05/2001,BOS,MA,ANE,EN,Combined TRACON& Tower with Radar,599,471,37,0,1107,72,0,0,0,72,671,471,37,0,1179,22,4,26,1205
05/06/2001,BOS,MA,ANE,EN,Combined TRACON& Tower with Radar,666,538,54,1,1259,54,8,10,0,72,720,546,64,1,1331,0,0,0,1331
05/07/2001,BOS,MA,ANE,EN,Combined TRACON& Tower with Radar,751,622,62,1,1436,0,60,28,2,90,751,682,90,3,1526,48,0,48,1574
05/08/2001,BOS,MA,ANE,EN,Combined TRACON& Tower with Radar,798,648,65,1,1512,0,27,58,1,86,798,675,123,2,1598,0,0,0,1598
05/09/2001,BOS,MA,ANE,EN,Combined TRACON& Tower with Radar,785,645,65,1,1496,0,40,37,2,79,785,685,102,3,1575,0,0,0,1575
05/10/2001,BOS,MA,ANE,EN,Combined TRACON& Tower with Radar,809,666,67,1,1543,0,41,49,4,94,809,707,116,5,1637,0,0,0,1637
05/11/2001,BOS,MA,ANE,EN,Combined TRACON& Tower with Radar,785,635,63,0,1483,10,78,15,0,103,795,713,78,0,1586,35,1,36,1622
05/12/2001,BOS,MA,ANE,EN,Combined TRACON& Tower with Radar,611,472,33,2,1118,84,0,0,0,84,695,472,33,2,1202,0,0,0,1202
05/13/2001,BOS,MA,ANE,EN,Combined TRACON& Tower with Radar,661,534,53,0,1248,32,21,4,0,57,693,555,57,0,1305,0,0,0,1305
05/14/2001,BOS,MA,ANE,EN,Combined TRACON& Tower with Radar,761,622,62,0,1445,0,52,16,0,68,761,674,78,0,1513,37,0,37,1550
05/15/2001,BOS,MA,ANE,EN,Combined TRACON& Tower with Radar,743,633,62,1,1439,0,46,24,0,70,743,679,86,1,1509,0,0,0,1509
05/16/2001,BOS,MA,ANE,EN,Combined TRACON& Tower with Radar,791,672,66,1,1530,0,22,31,0,53,791,694,97,1,1583,0,0,0,1583
05/17/2001,BOS,MA,ANE,EN,Combined TRACON& Tower with Radar,793,667,66,1,1527,0,39,32,0,71,793,706,98,1,1598,0,0,0,1598
05/18/2001,BOS,MA,ANE,EN,Combined TRACON& Tower with Radar,808,671,67,1,1547,0,94,30,0,124,808,765,97,1,1671,0,0,0,1671
05/19/2001,BOS,MA,ANE,EN,Combined TRACON& Tower with Radar,630,496,50,2,1178,50,0,4,0,54,680,496,54,2,1232,0,0,0,1232
05/20/2001,BOS,MA,ANE,EN,Combined TRACON& Tower with Radar,701,568,56,2,1327,0,52,33,1,86,701,620,89,3,1413,0,0,0,1413
05/21/2001,BOS,MA,ANE,EN,Combined TRACON& Tower with Radar,774,669,66,2,1511,0,58,47,2,107,774,727,113,4,1618,29,0,29,1647
05/22/2001,BOS,MA,ANE,EN,Combined TRACON& Tower with Radar,774,624,55,0,1453,2,6,0,0,8,776,630,55,0,1461,0,0,0,1461
05/23/2001,BOS,MA,ANE,EN,Combined TRACON& Tower with Radar,808,660,65,1,1534,0,45,11,2,58,808,705,76,3,1592,0,0,0,1592
05/24/2001,BOS,MA,ANE,EN,Combined TRACON& Tower with Radar,787,676,67,1,1531,0,91,11,0,102,787,767,78,1,1633,0,0,0,1633
05/25/2001,BOS,MA,ANE,EN,Combined TRACON& Tower with Radar,712,575,56,1,1344,67,209,25,0,301,779,784,81,1,1645,0,0,0,1645
05/26/2001,BOS,MA,ANE,EN,Combined TRACON& Tower with Radar,573,463,45,1,1082,57,29,23,0,109,630,492,68,1,1191,42,1,43,1234
05/27/2001,BOS,MA,ANE,EN,Combined TRACON& Tower with Radar,582,429,46,0,1057,35,0,8,0,43,617,429,54,0,1100,0,0,0,1100
05/28/2001,BOS,MA,ANE,EN,Combined TRACON& Tower with Radar,638,515,32,1,1186,21,46,0,1,68,659,561,32,2,1254,13,0,13,1267
05/29/2001,BOS,MA,ANE,EN,Combined TRACON& Tower with Radar,792,655,65,1,1513,0,98,21,4,123,792,753,86,5,1636,0,0,0,1636
05/30/2001,BOS,MA,ANE,EN,Combined TRACON& Tower with Radar,809,663,65,1,1538,0,41,44,1,86,809,704,109,2,1624,0,0,0,1624
05/31/2001,BOS,MA,ANE,EN,Combined TRACON& Tower with Radar,757,635,63,1,1456,0,102,12,2,116,757,737,75,3,1572,0,0,0,1572
06/01/2001,BOS,MA,ANE,EN,Combined TRACON& Tower with Radar,786,650,62,2,1500,0,107,52,10,169,786,757,114,12,1669,66,0,66,1735
06/02/2001,BOS,MA,ANE,EN,Combined TRACON& Tower with Radar,620,463,32,1,1116,59,0,0,0,59,679,463,32,1,1175,0,0,0,1175
06/03/2001,BOS,MA,ANE,EN,Combined TRACON& Tower with Radar,672,518,42,2,1234,49,0,0,0,49,721,518,42,2,1283,0,0,0,1283
06/04/2001,BOS,MA,ANE,EN,Combined TRACON& Tower with Radar,785,635,61,1,1482,3,72,20,0,95,788,707,81,1,1577,0,0,0,1577
06/05/2001,BOS,MA,ANE,EN,Combined TRACON& Tower with Radar,772,631,60,2,1465,0,60,35,1,96,772,691,95,3,1561,0,0,0,1561
06/06/2001,BOS,MA,ANE,EN,Combined TRACON& Tower with Radar,775,651,62,2,1490,0,59,49,1,109,775,710,111,3,1599,0,0,0,1599
06/07/2001,BOS,MA,ANE,EN,Combined TRACON& Tower with Radar,820,671,65,2,1558,0,60,61,1,122,820,731,126,3,1680,0,0,0,1680
06/08/2001,BOS,MA,ANE,EN,Combined TRACON& Tower with Radar,799,651,62,1,1513,0,126,43,0,169,799,777,105,1,1682,0,0,0,1682
06/09/2001,BOS,MA,ANE,EN,Combined TRACON& Tower with Radar,592,480,47,1,1120,60,32,9,0,101,652,512,56,1,1221,0,0,0,1221
06/10/2001,BOS,MA,ANE,EN,Combined TRACON& Tower with Radar,695,562,54,2,1313,27,77,28,5,137,722,639,82,7,1450,0,0,0,1450
06/11/2001,BOS,MA,ANE,EN,Combined TRACON& Tower with Radar,730,603,57,0,1390,0,81,32,0,113,730,684,89,0,1503,24,0,24,1527
06/12/2001,BOS,MA,ANE,EN,Combined TRACON& Tower with Radar,787,663,63,2,1515,0,35,10,0,45,787,698,73,2,1560,0,0,0,1560
06/13/2001,BOS,MA,ANE,EN,Combined TRACON& Tower with Radar,757,633,60,3,1453,0,13,62,0,75,757,646,122,3,1528,0,0,0,1528
06/14/2001,BOS,MA,ANE,EN,Combined TRACON& Tower with Radar,777,670,64,2,1513,0,67,25,0,92,777,737,89,2,1605,0,0,0,1605
06/15/2001,BOS,MA,ANE,EN,Combined TRACON& Tower with Radar,750,620,59,3,1432,0,79,9,2,90,750,699,68,5,1522,18,0,18,1540
06/16/2001,BOS,MA,ANE,EN,Combined TRACON& Tower with Radar,601,486,38,2,1127,29,22,0,1,52,630,508,38,3,1179,9,0,9,1188
06/17/2001,BOS,MA,ANE,EN,Combined TRACON& Tower with Radar,514,338,29,0,881,90,0,0,0,90,604,338,29,0,971,0,0,0,971
06/18/2001,BOS,MA,ANE,EN,Combined TRACON& Tower with Radar,808,660,62,1,1531,0,114,16,0,130,808,774,78,1,1661,0,0,0,1661
06/19/2001,BOS,MA,ANE,EN,Combined TRACON& Tower with Radar,836,675,64,0,1575,2,75,50,0,127,838,750,114,0,1702,0,0,0,1702
06/20/2001,BOS,MA,ANE,EN,Combined TRACON& Tower with Radar,762,626,59,1,1448,0,53,65,0,118,762,679,124,1,1566,0,0,0,1566
06/21/2001,BOS,MA,ANE,EN,Combined TRACON& Tower with Radar,770,679,64,3,1516,0,103,55,0,158,770,782,119,3,1674,0,0,0,1674
06/22/2001,BOS,MA,ANE,EN,Combined TRACON& Tower with Radar,599,458,46,2,1105,80,0,18,3,101,679,458,64,5,1206,19,0,19,1225
06/23/2001,BOS,MA,ANE,EN,Combined TRACON& Tower with Radar,642,517,40,3,1202,4,29,0,3,36,646,546,40,6,1238,16,1,17,1255
06/24/2001,BOS,MA,ANE,EN,Combined TRACON& Tower with Radar,745,601,32,3,1381,6,39,0,0,45,751,640,32,3,1426,0,0,0,1426
06/25/2001,BOS,MA,ANE,EN,Combined TRACON& Tower with Radar,774,664,63,0,1501,0,112,48,0,160,774,776,111,0,1661,0,0,0,1661
06/26/2001,BOS,MA,ANE,EN,Combined TRACON& Tower with Radar,814,658,62,1,1535,10,85,28,0,123,824,743,90,1,1658,0,0,0,1658
06/27/2001,BOS,MA,ANE,EN,Combined TRACON& Tower with Radar,803,670,63,3,1539,0,101,70,0,171,803,771,133,3,1710,0,0,0,1710
06/28/2001,BOS,MA,ANE,EN,Combined TRACON& Tower with Radar,798,665,63,2,1528,0,122,33,1,156,798,787,96,3,1684,45,0,45,1729
06/29/2001,BOS,MA,ANE,EN,Combined TRACON& Tower with Radar,801,668,64,2,1535,0,205,30,5,240,801,873,94,7,1775,44,0,44,1819
06/30/2001,BOS,MA,ANE,EN,Combined TRACON& Tower with Radar,637,515,42,2,1196,3,74,0,1,78,640,589,42,3,1274,11,0,11,1285
07/01/2001,BOS,MA,ANE,EN,Combined TRACON& Tower with Radar,546,475,37,1,1059,36,0,5,1,42,582,475,42,2,1101,0,0,0,1101
07/02/2001,BOS,MA,ANE,EN,Combined TRACON& Tower with Radar,700,614,47,1,1362,0,113,38,1,152,700,727,85,2,1514,0,0,0,1514
07/03/2001,BOS,MA,ANE,EN,Combined TRACON& Tower with Radar,695,607,47,1,1350,4,120,28,4,156,699,727,75,5,1506,0,0,0,1506
07/04/2001,BOS,MA,ANE,EN,Combined TRACON& Tower with Radar,585,524,40,1,1150,0,82,3,0,85,585,606,43,1,1235,0,0,0,1235
07/05/2001,BOS,MA,ANE,EN,Combined TRACON& Tower with Radar,670,616,47,0,1333,0,116,1,0,117,670,732,48,0,1450,0,0,0,1450
07/06/2001,BOS,MA,ANE,EN,Combined TRACON& Tower with Radar,707,641,50,1,1399,0,167,5,1,173,707,808,55,2,1572,43,0,43,1615
07/07/2001,BOS,MA,ANE,EN,Combined TRACON& Tower with Radar,618,539,42,1,1200,53,98,0,3,154,671,637,42,4,1354,37,1,38,1392
07/08/2001,BOS,MA,ANE,EN,Combined TRACON& Tower with Radar,655,571,44,1,1271,26,10,18,2,56,681,581,62,3,1327,0,0,0,1327
07/09/2001,BOS,MA,ANE,EN,Combined TRACON& Tower with Radar,798,711,55,0,1564,0,66,8,0,74,798,777,63,0,1638,0,0,0,1638
07/10/2001,BOS,MA,ANE,EN,Combined TRACON& Tower with Radar,748,653,51,0,1452,0,0,36,0,36,748,653,87,0,1488,0,0,0,1488
07/11/2001,BOS,MA,ANE,EN,Combined TRACON& Tower with Radar,830,724,56,1,1611,7,12,24,0,43,837,736,80,1,1654,0,0,0,1654
07/12/2001,BOS,MA,ANE,EN,Combined TRACON& Tower with Radar,805,702,54,2,1563,36,80,39,4,159,841,782,93,6,1722,0,0,0,1722
07/13/2001,BOS,MA,ANE,EN,Combined TRACON& Tower with Radar,797,708,54,2,1561,0,141,52,2,195,797,849,106,4,1756,37,0,37,1793
07/14/2001,BOS,MA,ANE,EN,Combined TRACON& Tower with Radar,638,557,43,1,1239,55,62,0,1,118,693,619,43,2,1357,24,2,26,1383
07/15/2001,BOS,MA,ANE,EN,Combined TRACON& Tower with Radar,715,624,47,1,1387,13,107,24,0,144,728,731,71,1,1531,0,0,0,1531
07/16/2001,BOS,MA,ANE,EN,Combined TRACON& Tower with Radar,773,674,51,0,1498,10,129,35,0,174,783,803,86,0,1672,0,0,0,1672
07/17/2001,BOS,MA,ANE,EN,Combined TRACON& Tower with Radar,767,700,53,3,1523,0,45,13,1,59,767,745,66,4,1582,0,0,0,1582
07/18/2001,BOS,MA,ANE,EN,Combined TRACON& Tower with Radar,798,719,54,0,1571,0,30,31,0,61,798,749,85,0,1632,0,0,0,1632
07/19/2001,BOS,MA,ANE,EN,Combined TRACON& Tower with Radar,810,746,56,2,1614,0,59,48,0,107,810,805,104,2,1721,0,0,0,1721
07/20/2001,BOS,MA,ANE,EN,Combined TRACON& Tower with Radar,796,702,53,3,1554,0,134,57,1,192,796,836,110,4,1746,32,0,32,1778
07/21/2001,BOS,MA,ANE,EN,Combined TRACON& Tower with Radar,632,550,41,2,1225,56,78,9,3,146,688,628,50,5,1371,39,3,42,1413
07/22/2001,BOS,MA,ANE,EN,Combined TRACON& Tower with Radar,703,611,47,2,1363,24,112,27,2,165,727,723,74,4,1528,0,0,0,1528
07/23/2001,BOS,MA,ANE,EN,Combined TRACON& Tower with Radar,774,698,53,3,1528,0,102,63,0,165,774,800,116,3,1693,0,0,0,1693
07/24/2001,BOS,MA,ANE,EN,Combined TRACON& Tower with Radar,813,725,55,2,1595,0,37,55,0,92,813,762,110,2,1687,0,0,0,1687
07/25/2001,BOS,MA,ANE,EN,Combined TRACON& Tower with Radar,815,713,54,2,1584,0,55,50,0,105,815,768,104,2,1689,0,0,0,1689
07/26/2001,BOS,MA,ANE,EN,Combined TRACON& Tower with Radar,737,696,53,3,1489,0,46,53,3,102,737,742,106,6,1591,0,0,0,1591
07/27/2001,BOS,MA,ANE,EN,Combined TRACON& Tower with Radar,791,689,52,2,1534,0,150,72,0,222,791,839,124,2,1756,43,0,43,1799
07/28/2001,BOS,MA,ANE,EN,Combined TRACON& Tower with Radar,629,547,41,2,1219,58,92,2,0,152,687,639,43,2,1371,35,0,35,1406
07/29/2001,BOS,MA,ANE,EN,Combined TRACON& Tower with Radar,704,612,46,2,1364,33,113,11,0,157,737,725,57,2,1521,0,0,0,1521
07/30/2001,BOS,MA,ANE,EN,Combined TRACON& Tower with Radar,785,683,52,1,1521,4,130,17,2,153,789,813,69,3,1674,0,0,0,1674
07/31/2001,BOS,MA,ANE,EN,Combined TRACON& Tower with Radar,820,717,54,1,1592,0,87,67,0,154,820,804,121,1,1746,0,0,0,1746
08/01/2001,BOS,MA,ANE,EN,Combined TRACON& Tower with Radar,810,694,53,0,1557,0,78,51,0,129,810,772,104,0,1686,0,0,0,1686
08/02/2001,BOS,MA,ANE,EN,Combined TRACON& Tower with Radar,799,687,53,2,1541,0,112,48,0,160,799,799,101,2,1701,24,0,24,1725
08/03/2001,BOS,MA,ANE,EN,Combined TRACON& Tower with Radar,695,587,45,1,1328,18,72,15,0,105,713,659,60,1,1433,26,0,26,1459
08/04/2001,BOS,MA,ANE,EN,Combined TRACON& Tower with Radar,685,582,37,0,1304,0,33,0,0,33,685,615,37,0,1337,3,0,3,1340
08/05/2001,BOS,MA,ANE,EN,Combined TRACON& Tower with Radar,714,620,48,2,1384,0,23,4,3,30,714,643,52,5,1414,0,0,0,1414
08/06/2001,BOS,MA,ANE,EN,Combined TRACON& Tower with Radar,821,705,54,3,1583,0,49,42,3,94,821,754,96,6,1677,0,0,0,1677
08/07/2001,BOS,MA,ANE,EN,Combined TRACON& Tower with Radar,811,736,56,3,1606,0,67,48,5,120,811,803,104,8,1726,0,0,0,1726
08/08/2001,BOS,MA,ANE,EN,Combined TRACON& Tower with Radar,810,720,55,3,1588,0,78,58,5,141,810,798,113,8,1729,0,0,0,1729
08/09/2001,BOS,MA,ANE,EN,Combined TRACON& Tower with Radar,800,698,53,3,1554,0,86,59,0,145,800,784,112,3,1699,0,0,0,1699
08/10/2001,BOS,MA,ANE,EN,Combined TRACON& Tower with Radar,615,546,41,3,1205,0,40,7,3,50,615,586,48,6,1255,6,0,6,1261
08/11/2001,BOS,MA,ANE,EN,Combined TRACON& Tower with Radar,677,571,43,2,1293,8,69,12,0,89,685,640,55,2,1382,24,2,26,1408
08/12/2001,BOS,MA,ANE,EN,Combined TRACON& Tower with Radar,702,593,35,2,1332,0,12,0,0,12,702,605,35,2,1344,0,0,0,1344
08/13/2001,BOS,MA,ANE,EN,Combined TRACON& Tower with Radar,724,635,48,2,1409,0,23,21,0,44,724,658,69,2,1453,4,0,4,1457
08/14/2001,BOS,MA,ANE,EN,Combined TRACON& Tower with Radar,790,687,51,1,1529,0,52,29,0,81,790,739,80,1,1610,34,0,34,1644
08/15/2001,BOS,MA,ANE,EN,Combined TRACON& Tower with Radar,801,676,51,2,1530,27,72,35,0,134,828,748,86,2,1664,0,0,0,1664
08/16/2001,BOS,MA,ANE,EN,Combined TRACON& Tower with Radar,793,668,50,3,1514,4,95,47,0,146,797,763,97,3,1660,0,0,0,1660
08/17/2001,BOS,MA,ANE,EN,Combined TRACON& Tower with Radar,781,675,51,3,1510,0,93,11,0,104,781,768,62,3,1614,14,1,15,1629
08/18/2001,BOS,MA,ANE,EN,Combined TRACON& Tower with Radar,634,534,35,1,1204,46,77,0,0,123,680,611,35,1,1327,0,0,0,1327
08/19/2001,BOS,MA,ANE,EN,Combined TRACON& Tower with Radar,714,616,47,3,1380,0,77,25,5,107,714,693,72,8,1487,0,0,0,1487
08/20/2001,BOS,MA,ANE,EN,Combined TRACON& Tower with Radar,751,649,49,2,1451,0,34,2,0,36,751,683,51,2,1487,6,0,6,1493
08/21/2001,BOS,MA,ANE,EN,Combined TRACON& Tower with Radar,794,581,46,3,1424,98,0,0,0,98,892,581,46,3,1522,0,0,0,1522
08/22/2001,BOS,MA,ANE,EN,Combined TRACON& Tower with Radar,785,661,50,3,1499,45,34,38,0,117,830,695,88,3,1616,0,0,0,1616
08/23/2001,BOS,MA,ANE,EN,Combined TRACON& Tower with Radar,776,653,49,4,1482,18,94,14,2,128,794,747,63,6,1610,0,0,0,1610
08/24/2001,BOS,MA,ANE,EN,Combined TRACON& Tower with Radar,790,671,50,3,1514,0,108,13,1,122,790,779,63,4,1636,20,2,22,1658
08/25/2001,BOS,MA,ANE,EN,Combined TRACON& Tower with Radar,647,545,41,1,1234,28,61,10,0,99,675,606,51,1,1333,0,0,0,1333
08/26/2001,BOS,MA,ANE,EN,Combined TRACON& Tower with Radar,709,598,46,2,1355,43,100,12,5,160,752,698,58,7,1515,0,0,0,1515
08/27/2001,BOS,MA,ANE,EN,Combined TRACON& Tower with Radar,772,652,49,2,1475,0,46,35,0,81,772,698,84,2,1556,14,0,14,1570
08/28/2001,BOS,MA,ANE,EN,Combined TRACON& Tower with Radar,759,646,48,3,1456,0,18,22,0,40,759,664,70,3,1496,0,0,0,1496
08/29/2001,BOS,MA,ANE,EN,Combined TRACON& Tower with Radar,769,648,49,1,1467,39,50,28,0,117,808,698,77,1,1584,0,0,0,1584
08/30/2001,BOS,MA,ANE,EN,Combined TRACON& Tower with Radar,777,655,49,3,1484,5,102,53,3,163,782,757,102,6,1647,38,0,38,1685
08/31/2001,BOS,MA,ANE,EN,Combined TRACON& Tower with Radar,729,637,48,3,1417,0,100,24,4,128,729,737,72,7,1545,16,3,19,1564
09/01/2001,BOS,MA,ANE,EN,Combined TRACON& Tower with Radar,583,544,34,1,1162,35,34,24,0,93,618,578,58,1,1255,19,0,19,1274
09/02/2001,BOS,MA,ANE,EN,Combined TRACON& Tower with Radar,554,517,33,1,1105,30,66,3,1,100,584,583,36,2,1205,0,0,0,1205
09/03/2001,BOS,MA,ANE,EN,Combined TRACON& Tower with Radar,655,611,39,2,1307,56,105,17,1,179,711,716,56,3,1486,0,23,23,1509
09/04/2001,BOS,MA,ANE,EN,Combined TRACON& Tower with Radar,677,632,40,1,1350,36,47,25,0,108,713,679,65,1,1458,0,0,0,1458
09/05/2001,BOS,MA,ANE,EN,Combined TRACON& Tower with Radar,753,703,45,0,1501,19,8,62,0,89,772,711,107,0,1590,0,0,0,1590
09/06/2001,BOS,MA,ANE,EN,Combined TRACON& Tower with Radar,727,678,42,2,1449,25,49,73,0,147,752,727,115,2,1596,0,0,0,1596
09/07/2001,BOS,MA,ANE,EN,Combined TRACON& Tower with Radar,740,691,43,2,1476,24,64,45,0,133,764,755,88,2,1609,25,2,27,1636
09/08/2001,BOS,MA,ANE,EN,Combined TRACON& Tower with Radar,583,544,33,0,1160,41,47,21,0,109,624,591,54,0,1269,27,0,27,1296
09/09/2001,BOS,MA,ANE,EN,Combined TRACON& Tower with Radar,618,578,35,0,1231,44,86,27,0,157,662,664,62,0,1388,0,0,0,1388
09/10/2001,BOS,MA,ANE,EN,Combined TRACON& Tower with Radar,678,624,39,2,1343,33,0,43,0,76,711,624,82,2,1419,23,0,23,1442
09/11/2001,BOS,MA,ANE,EN,Combined TRACON& Tower with Radar,168,152,10,1,331,8,0,14,1,23,176,152,24,2,354,0,0,0,354
09/12/2001,BOS,MA,ANE,EN,Combined TRACON& Tower with Radar,2,4,0,1,7,0,1,3,4,8,2,5,3,5,15,0,0,0,15
09/13/2001,BOS,MA,ANE,EN,Combined TRACON& Tower with Radar,9,8,0,0,17,0,1,0,0,1,9,9,0,0,18,0,0,0,18
09/14/2001,BOS,MA,ANE,EN,Combined TRACON& Tower with Radar,9,9,0,1,19,0,0,3,5,8,9,9,3,6,27,8,0,8,35
09/15/2001,BOS,MA,ANE,EN,Combined TRACON& Tower with Radar,208,231,14,1,454,0,33,9,1,43,208,264,23,2,497,5,1,6,503
09/16/2001,BOS,MA,ANE,EN,Combined TRACON& Tower with Radar,404,402,9,2,817,0,38,0,9,47,404,440,9,11,864,0,0,0,864
09/17/2001,BOS,MA,ANE,EN,Combined TRACON& Tower with Radar,486,497,13,2,998,0,75,0,1,76,486,572,13,3,1074,7,0,7,1081
09/18/2001,BOS,MA,ANE,EN,Combined TRACON& Tower with Radar,546,527,26,3,1102,0,38,0,0,38,546,565,26,3,1140,0,0,0,1140
09/19/2001,BOS,MA,ANE,EN,Combined TRACON& Tower with Radar,522,509,28,2,1061,0,33,0,3,36,522,542,28,5,1097,0,0,0,1097
09/20/2001,BOS,MA,ANE,EN,Combined TRACON& Tower with Radar,531,521,29,0,1081,0,44,0,0,44,531,565,29,0,1125,0,0,0,1125
09/21/2001,BOS,MA,ANE,EN,Combined TRACON& Tower with Radar,512,498,19,1,1030,0,36,0,0,36,512,534,19,1,1066,0,0,0,1066
09/22/2001,BOS,MA,ANE,EN,Combined TRACON& Tower with Radar,446,406,21,1,874,18,0,0,0,18,464,406,21,1,892,0,0,0,892
09/23/2001,BOS,MA,ANE,EN,Combined TRACON& Tower with Radar,455,463,25,0,943,0,56,0,0,56,455,519,25,0,999,5,1,6,1005
09/24/2001,BOS,MA,ANE,EN,Combined TRACON& Tower with Radar,501,487,29,1,1018,0,21,0,2,23,501,508,29,3,1041,2,0,2,1043
09/25/2001,BOS,MA,ANE,EN,Combined TRACON& Tower with Radar,525,492,25,0,1042,0,10,0,0,10,525,502,25,0,1052,0,0,0,1052
09/26/2001,BOS,MA,ANE,EN,Combined TRACON& Tower with Radar,517,482,30,1,1030,4,7,6,1,18,521,489,36,2,1048,0,0,0,1048
09/27/2001,BOS,MA,ANE,EN,Combined TRACON& Tower with Radar,502,486,31,0,1019,0,33,9,0,42,502,519,40,0,1061,0,0,0,1061
09/28/2001,BOS,MA,ANE,EN,Combined TRACON& Tower with Radar,508,511,32,1,1052,0,30,13,7,50,508,541,45,8,1102,0,0,0,1102
09/29/2001,BOS,MA,ANE,EN,Combined TRACON& Tower with Radar,430,401,14,1,846,12,4,0,3,19,442,405,14,4,865,6,3,9,874
09/30/2001,BOS,MA,ANE,EN,Combined TRACON& Tower with Radar,445,454,28,1,928,0,44,6,0,50,445,498,34,1,978,10,0,10,988
10/01/2001,BOS,MA,ANE,EN,Combined TRACON& Tower with Radar,487,513,32,1,1033,0,67,0,0,67,487,580,32,1,1100,16,0,16,1116
10/02/2001,BOS,MA,ANE,EN,Combined TRACON& Tower with Radar,536,524,26,1,1087,0,47,0,2,49,536,571,26,3,1136,0,0,0,1136
10/03/2001,BOS,MA,ANE,EN,Combined TRACON& Tower with Radar,526,558,43,1,1128,0,50,23,4,77,526,608,66,5,1205,0,0,0,1205
10/04/2001,BOS,MA,ANE,EN,Combined TRACON& Tower with Radar,514,566,43,1,1124,0,82,16,2,100,514,648,59,3,1224,0,0,0,1224
10/05/2001,BOS,MA,ANE,EN,Combined TRACON& Tower with Radar,521,556,36,0,1113,0,96,0,0,96,521,652,36,0,1209,10,0,10,1219
10/06/2001,BOS,MA,ANE,EN,Combined TRACON& Tower with Radar,456,433,7,0,896,9,24,0,0,33,465,457,7,0,929,7,0,7,936
10/07/2001,BOS,MA,ANE,EN,Combined TRACON& Tower with Radar,475,459,23,1,958,0,49,0,1,50,475,508,23,2,1008,0,0,0,1008
10/08/2001,BOS,MA,ANE,EN,Combined TRACON& Tower with Radar,551,522,27,1,1101,13,30,0,0,43,564,552,27,1,1144,0,0,0,1144
10/09/2001,BOS,MA,ANE,EN,Combined TRACON& Tower with Radar,574,543,38,0,1155,18,17,0,0,35,592,560,38,0,1190,0,0,0,1190
10/10/2001,BOS,MA,ANE,EN,Combined TRACON& Tower with Radar,551,534,41,1,1127,0,13,14,6,33,551,547,55,7,1160,0,0,0,1160
10/11/2001,BOS,MA,ANE,EN,Combined TRACON& Tower with Radar,544,520,40,1,1105,0,32,9,0,41,544,552,49,1,1146,0,0,0,1146
10/12/2001,BOS,MA,ANE,EN,Combined TRACON& Tower with Radar,536,515,39,1,1091,0,42,3,1,46,536,557,42,2,1137,0,0,0,1137
10/13/2001,BOS,MA,ANE,EN,Combined TRACON& Tower with Radar,448,401,25,0,874,32,0,0,0,32,480,401,25,0,906,0,0,0,906
10/14/2001,BOS,MA,ANE,EN,Combined TRACON& Tower with Radar,494,471,30,0,995,0,10,0,0,10,494,481,30,0,1005,0,0,0,1005
10/15/2001,BOS,MA,ANE,EN,Combined TRACON& Tower with Radar,542,514,34,0,1090,8,8,0,0,16,550,522,34,0,1106,0,0,0,1106
10/16/2001,BOS,MA,ANE,EN,Combined TRACON& Tower with Radar,552,523,40,1,1116,2,16,11,0,29,554,539,51,1,1145,0,0,0,1145
10/17/2001,BOS,MA,ANE,EN,Combined TRACON& Tower with Radar,554,527,40,1,1122,0,19,23,1,43,554,546,63,2,1165,0,0,0,1165
10/18/2001,BOS,MA,ANE,EN,Combined TRACON& Tower with Radar,573,545,41,0,1159,0,1,35,0,36,573,546,76,0,1195,0,0,0,1195
10/19/2001,BOS,MA,ANE,EN,Combined TRACON& Tower with Radar,540,509,33,2,1084,4,45,0,0,49,544,554,33,2,1133,0,0,0,1133
10/20/2001,BOS,MA,ANE,EN,Combined TRACON& Tower with Radar,461,430,32,0,923,26,0,3,0,29,487,430,35,0,952,0,0,0,952
10/21/2001,BOS,MA,ANE,EN,Combined TRACON& Tower with Radar,474,447,18,2,941,21,40,0,0,61,495,487,18,2,1002,0,0,0,1002
10/22/2001,BOS,MA,ANE,EN,Combined TRACON& Tower with Radar,521,491,27,0,1039,21,11,0,0,32,542,502,27,0,1071,0,0,0,1071
10/23/2001,BOS,MA,ANE,EN,Combined TRACON& Tower with Radar,540,493,38,0,1071,19,0,12,0,31,559,493,50,0,1102,0,0,0,1102
10/24/2001,BOS,MA,ANE,EN,Combined TRACON& Tower with Radar,556,499,39,1,1095,22,0,10,1,33,578,499,49,2,1128,0,0,0,1128
10/25/2001,BOS,MA,ANE,EN,Combined TRACON& Tower with Radar,589,513,42,1,1145,34,0,10,3,47,623,513,52,4,1192,0,0,0,1192
10/26/2001,BOS,MA,ANE,EN,Combined TRACON& Tower with Radar,558,528,39,1,1126,7,24,8,1,40,565,552,47,2,1166,0,0,0,1166
10/27/2001,BOS,MA,ANE,EN,Combined TRACON& Tower with Radar,452,415,14,1,882,46,0,0,3,49,498,415,14,4,931,0,0,0,931
10/28/2001,BOS,MA,ANE,EN,Combined TRACON& Tower with Radar,492,465,35,1,993,31,4,5,2,42,523,469,40,3,1035,0,0,0,1035
10/29/2001,BOS,MA,ANE,EN,Combined TRACON& Tower with Radar,541,512,38,1,1092,5,6,21,0,32,546,518,59,1,1124,0,0,0,1124
10/30/2001,BOS,MA,ANE,EN,Combined TRACON& Tower with Radar,564,518,40,1,1123,15,0,21,5,41,579,518,61,6,1164,0,0,0,1164
10/31/2001,BOS,MA,ANE,EN,Combined TRACON& Tower with Radar,555,514,39,1,1109,14,0,21,0,35,569,514,60,1,1144,0,0,0,1144
11/01/2001,BOS,MA,ANE,EN,Combined TRACON& Tower with Radar,612,476,47,1,1136,0,14,14,6,34,612,490,61,7,1170,0,0,0,1170
11/02/2001,BOS,MA,ANE,EN,Combined TRACON& Tower with Radar,568,447,44,0,1059,0,31,15,0,46,568,478,59,0,1105,0,0,0,1105
11/03/2001,BOS,MA,ANE,EN,Combined TRACON& Tower with Radar,455,342,31,0,828,27,0,0,0,27,482,342,31,0,855,0,0,0,855
11/04/2001,BOS,MA,ANE,EN,Combined TRACON& Tower with Radar,488,374,21,1,884,6,33,0,2,41,494,407,21,3,925,0,0,0,925
11/05/2001,BOS,MA,ANE,EN,Combined TRACON& Tower with Radar,531,429,42,0,1002,0,44,0,0,44,531,473,42,0,1046,0,0,0,1046
11/06/2001,BOS,MA,ANE,EN,Combined TRACON& Tower with Radar,573,454,44,1,1072,0,40,0,3,43,573,494,44,4,1115,0,0,0,1115
11/07/2001,BOS,MA,ANE,EN,Combined TRACON& Tower with Radar,595,474,47,1,1117,0,33,13,0,46,595,507,60,1,1163,0,0,0,1163
11/08/2001,BOS,MA,ANE,EN,Combined TRACON& Tower with Radar,590,470,46,1,1107,0,17,32,1,50,590,487,78,2,1157,0,0,0,1157
11/09/2001,BOS,MA,ANE,EN,Combined TRACON& Tower with Radar,640,493,49,1,1183,0,5,28,2,35,640,498,77,3,1218,0,0,0,1218
11/10/2001,BOS,MA,ANE,EN,Combined TRACON& Tower with Radar,454,344,29,1,828,32,0,0,1,33,486,344,29,2,861,0,0,0,861
11/11/2001,BOS,MA,ANE,EN,Combined TRACON& Tower with Radar,502,385,22,0,909,22,18,0,0,40,524,403,22,0,949,0,0,0,949
11/12/2001,BOS,MA,ANE,EN,Combined TRACON& Tower with Radar,572,439,43,1,1055,0,22,8,2,32,572,461,51,3,1087,0,0,0,1087
11/13/2001,BOS,MA,ANE,EN,Combined TRACON& Tower with Radar,580,462,44,1,1087,0,27,30,0,57,580,489,74,1,1144,0,0,0,1144
11/14/2001,BOS,MA,ANE,EN,Combined TRACON& Tower with Radar,590,476,46,0,1112,0,22,32,0,54,590,498,78,0,1166,0,0,0,1166
11/15/2001,BOS,MA,ANE,EN,Combined TRACON& Tower with Radar,534,409,39,1,983,60,91,13,0,164,594,500,52,1,1147,0,0,0,1147
11/16/2001,BOS,MA,ANE,EN,Combined TRACON& Tower with Radar,584,472,45,1,1102,0,51,12,0,63,584,523,57,1,1165,0,0,0,1165
11/17/2001,BOS,MA,ANE,EN,Combined TRACON& Tower with Radar,463,352,27,2,844,35,0,0,0,35,498,352,27,2,879,6,0,6,885
11/18/2001,BOS,MA,ANE,EN,Combined TRACON& Tower with Radar,504,392,39,2,937,0,0,58,0,58,504,392,97,2,995,0,0,0,995
11/19/2001,BOS,MA,ANE,EN,Combined TRACON& Tower with Radar,549,420,29,1,999,0,45,0,0,45,549,465,29,1,1044,0,0,0,1044
11/20/2001,BOS,MA,ANE,EN,Combined TRACON& Tower with Radar,580,465,45,2,1092,0,33,15,0,48,580,498,60,2,1140,0,0,0,1140
11/21/2001,BOS,MA,ANE,EN,Combined TRACON& Tower with Radar,586,450,44,2,1082,0,53,8,0,61,586,503,52,2,1143,0,0,0,1143
11/22/2001,BOS,MA,ANE,EN,Combined TRACON& Tower with Radar,382,289,6,1,678,54,0,0,0,54,436,289,6,1,732,0,0,0,732
11/23/2001,BOS,MA,ANE,EN,Combined TRACON& Tower with Radar,352,264,21,0,637,46,0,0,0,46,398,264,21,0,683,0,0,0,683
11/24/2001,BOS,MA,ANE,EN,Combined TRACON& Tower with Radar,436,333,12,2,783,31,13,0,1,45,467,346,12,3,828,0,0,0,828
11/25/2001,BOS,MA,ANE,EN,Combined TRACON& Tower with Radar,554,422,26,2,1004,24,34,0,1,59,578,456,26,3,1063,0,0,0,1063
11/26/2001,BOS,MA,ANE,EN,Combined TRACON& Tower with Radar,559,427,29,2,1017,10,3,0,0,13,569,430,29,2,1030,0,0,0,1030
11/27/2001,BOS,MA,ANE,EN,Combined TRACON& Tower with Radar,590,450,38,1,1079,1,19,0,0,20,591,469,38,1,1099,0,0,0,1099
11/28/2001,BOS,MA,ANE,EN,Combined TRACON& Tower with Radar,556,440,40,1,1037,0,35,0,1,36,556,475,40,2,1073,0,0,0,1073
11/29/2001,BOS,MA,ANE,EN,Combined TRACON& Tower with Radar,593,464,26,1,1084,0,34,0,0,34,593,498,26,1,1118,0,0,0,1118
11/30/2001,BOS,MA,ANE,EN,Combined TRACON& Tower with Radar,518,366,27,1,912,40,0,0,2,42,558,366,27,3,954,0,0,0,954
12/01/2001,BOS,MA,ANE,EN,Combined TRACON& Tower with Radar,461,325,16,0,802,42,0,0,3,45,503,325,16,3,847,0,0,0,847
12/02/2001,BOS,MA,ANE,EN,Combined TRACON& Tower with Radar,498,379,23,0,900,4,52,0,1,57,502,431,23,1,957,0,0,0,957
12/03/2001,BOS,MA,ANE,EN,Combined TRACON& Tower with Radar,546,441,31,0,1018,0,54,28,3,85,546,495,59,3,1103,0,0,0,1103
12/04/2001,BOS,MA,ANE,EN,Combined TRACON& Tower with Radar,300,200,5,0,505,0,0,0,5,5,300,200,5,5,510,0,0,0,510
12/05/2001,BOS,MA,ANE,EN,Combined TRACON& Tower with Radar,560,465,33,0,1058,0,45,30,1,76,560,510,63,1,1134,0,0,0,1134
12/06/2001,BOS,MA,ANE,EN,Combined TRACON& Tower with Radar,608,479,33,2,1122,0,20,34,1,55,608,499,67,3,1177,0,0,0,1177
12/07/2001,BOS,MA,ANE,EN,Combined TRACON& Tower with Radar,634,481,33,2,1150,0,26,7,0,33,634,507,40,2,1183,0,0,0,1183
12/08/2001,BOS,MA,ANE,EN,Combined TRACON& Tower with Radar,437,332,18,1,788,31,7,0,3,41,468,339,18,4,829,8,0,8,837
12/09/2001,BOS,MA,ANE,EN,Combined TRACON& Tower with Radar,503,382,26,1,912,1,0,6,0,7,504,382,32,1,919,0,0,0,919
12/10/2001,BOS,MA,ANE,EN,Combined TRACON& Tower with Radar,543,440,30,1,1014,0,43,16,5,64,543,483,46,6,1078,0,0,0,1078
12/11/2001,BOS,MA,ANE,EN,Combined TRACON& Tower with Radar,618,479,32,2,1131,0,14,16,0,30,618,493,48,2,1161,0,0,0,1161
12/12/2001,BOS,MA,ANE,EN,Combined TRACON& Tower with Radar,574,463,32,0,1069,0,38,11,0,49,574,501,43,0,1118,0,0,0,1118
12/13/2001,BOS,MA,ANE,EN,Combined TRACON& Tower with Radar,570,454,31,0,1055,0,13,16,0,29,570,467,47,0,1084,0,0,0,1084
12/14/2001,BOS,MA,ANE,EN,Combined TRACON& Tower with Radar,579,460,32,1,1072,0,29,4,3,36,579,489,36,4,1108,0,0,0,1108
12/15/2001,BOS,MA,ANE,EN,Combined TRACON& Tower with Radar,449,313,23,0,785,34,0,6,0,40,483,313,29,0,825,0,0,0,825
12/16/2001,BOS,MA,ANE,EN,Combined TRACON& Tower with Radar,504,383,27,1,915,9,14,12,0,35,513,397,39,1,950,0,0,0,950
12/17/2001,BOS,MA,ANE,EN,Combined TRACON& Tower with Radar,574,465,32,1,1072,0,3,58,0,61,574,468,90,1,1133,0,0,0,1133
12/18/2001,BOS,MA,ANE,EN,Combined TRACON& Tower with Radar,585,447,31,0,1063,0,0,25,0,25,585,447,56,0,1088,0,0,0,1088
12/19/2001,BOS,MA,ANE,EN,Combined TRACON& Tower with Radar,613,467,32,2,1114,0,15,15,0,30,613,482,47,2,1144,0,0,0,1144
12/20/2001,BOS,MA,ANE,EN,Combined TRACON& Tower with Radar,644,488,33,0,1165,6,3,13,0,22,650,491,46,0,1187,18,0,18,1205
12/21/2001,BOS,MA,ANE,EN,Combined TRACON& Tower with Radar,641,484,33,0,1158,2,15,11,0,28,643,499,44,0,1186,44,0,44,1230
12/22/2001,BOS,MA,ANE,EN,Combined TRACON& Tower with Radar,467,344,22,1,834,46,0,0,1,47,513,344,22,2,881,11,0,11,892
12/23/2001,BOS,MA,ANE,EN,Combined TRACON& Tower with Radar,461,343,19,0,823,50,0,0,0,50,511,343,19,0,873,0,0,0,873
12/24/2001,BOS,MA,ANE,EN,Combined TRACON& Tower with Radar,377,265,2,0,644,41,0,0,0,41,418,265,2,0,685,0,0,0,685
12/25/2001,BOS,MA,ANE,EN,Combined TRACON& Tower with Radar,365,263,10,1,639,41,0,0,1,42,406,263,10,2,681,0,0,0,681
12/26/2001,BOS,MA,ANE,EN,Combined TRACON& Tower with Radar,508,398,20,0,926,0,42,0,1,43,508,440,20,1,969,0,0,0,969
12/27/2001,BOS,MA,ANE,EN,Combined TRACON& Tower with Radar,544,422,28,0,994,0,50,0,0,50,544,472,28,0,1044,0,0,0,1044
12/28/2001,BOS,MA,ANE,EN,Combined TRACON& Tower with Radar,542,424,23,0,989,0,56,0,1,57,542,480,23,1,1046,0,0,0,1046
12/29/2001,BOS,MA,ANE,EN,Combined TRACON& Tower with Radar,433,329,18,0,780,27,4,0,0,31,460,333,18,0,811,0,0,0,811
12/30/2001,BOS,MA,ANE,EN,Combined TRACON& Tower with Radar,446,324,4,0,774,34,0,0,0,34,480,324,4,0,808,0,0,0,808
12/31/2001,BOS,MA,ANE,EN,Combined TRACON& Tower with Radar,412,312,18,0,742,26,0,0,0,26,438,312,18,0,768,20,1,21,789
01/01/2002,BOS,MA,ANE,EN,Combined TRACON& Tower with Radar,459,358,30,1,848,22,9,0,0,31,481,367,30,1,879,8,1,9,888
01/02/2002,BOS,MA,ANE,EN,Combined TRACON& Tower with Radar,543,424,24,0,991,21,30,0,0,51,564,454,24,0,1042,0,0,0,1042
01/03/2002,BOS,MA,ANE,EN,Combined TRACON& Tower with Radar,530,413,21,1,965,10,7,0,0,17,540,420,21,1,982,0,0,0,982
01/04/2002,BOS,MA,ANE,EN,Combined TRACON& Tower with Radar,563,439,37,0,1039,12,37,0,0,49,575,476,37,0,1088,0,0,0,1088
01/05/2002,BOS,MA,ANE,EN,Combined TRACON& Tower with Radar,434,331,31,0,796,44,0,1,0,45,478,331,32,0,841,0,0,0,841
01/06/2002,BOS,MA,ANE,EN,Combined TRACON& Tower with Radar,480,374,25,2,881,21,20,0,0,41,501,394,25,2,922,0,0,0,922
01/07/2002,BOS,MA,ANE,EN,Combined TRACON& Tower with Radar,551,431,24,0,1006,2,14,0,0,16,553,445,24,0,1022,0,0,0,1022
01/08/2002,BOS,MA,ANE,EN,Combined TRACON& Tower with Radar,581,459,41,2,1083,0,17,4,15,36,581,476,45,17,1119,0,0,0,1119
01/09/2002,BOS,MA,ANE,EN,Combined TRACON& Tower with Radar,568,459,40,2,1069,0,35,9,1,45,568,494,49,3,1114,0,0,0,1114
01/10/2002,BOS,MA,ANE,EN,Combined TRACON& Tower with Radar,567,465,26,2,1060,0,14,0,14,28,567,479,26,16,1088,0,0,0,1088
01/11/2002,BOS,MA,ANE,EN,Combined TRACON& Tower with Radar,571,450,28,0,1049,0,41,0,0,41,571,491,28,0,1090,0,0,0,1090
01/12/2002,BOS,MA,ANE,EN,Combined TRACON& Tower with Radar,439,334,29,0,802,35,0,8,0,43,474,334,37,0,845,0,0,0,845
01/13/2002,BOS,MA,ANE,EN,Combined TRACON& Tower with Radar,489,298,33,0,820,20,0,69,0,89,509,298,102,0,909,0,0,0,909
01/14/2002,BOS,MA,ANE,EN,Combined TRACON& Tower with Radar,551,444,38,0,1033,0,38,16,0,54,551,482,54,0,1087,22,0,22,1109
01/15/2002,BOS,MA,ANE,EN,Combined TRACON& Tower with Radar,583,461,40,0,1084,0,8,2,0,10,583,469,42,0,1094,0,0,0,1094
01/16/2002,BOS,MA,ANE,EN,Combined TRACON& Tower with Radar,577,468,40,3,1088,0,31,36,1,68,577,499,76,4,1156,17,0,17,1173
01/17/2002,BOS,MA,ANE,EN,Combined TRACON& Tower with Radar,592,464,37,0,1093,0,25,0,0,25,592,489,37,0,1118,6,0,6,1124
01/18/2002,BOS,MA,ANE,EN,Combined TRACON& Tower with Radar,586,467,40,0,1093,0,24,38,0,62,586,491,78,0,1155,0,0,0,1155
01/19/2002,BOS,MA,ANE,EN,Combined TRACON& Tower with Radar,410,310,10,1,731,49,0,0,0,49,459,310,10,1,780,0,0,0,780
01/20/2002,BOS,MA,ANE,EN,Combined TRACON& Tower with Radar,497,376,33,0,906,33,0,1,0,34,530,376,34,0,940,0,0,0,940
01/21/2002,BOS,MA,ANE,EN,Combined TRACON& Tower with Radar,560,435,29,0,1024,1,25,0,0,26,561,460,29,0,1050,4,0,4,1054
01/22/2002,BOS,MA,ANE,EN,Combined TRACON& Tower with Radar,579,453,39,1,1072,0,15,20,0,35,579,468,59,1,1107,0,0,0,1107
01/23/2002,BOS,MA,ANE,EN,Combined TRACON& Tower with Radar,573,466,41,0,1080,0,18,64,0,82,573,484,105,0,1162,0,0,0,1162
01/24/2002,BOS,MA,ANE,EN,Combined TRACON& Tower with Radar,572,472,41,0,1085,0,10,32,0,42,572,482,73,0,1127,0,0,0,1127
01/25/2002,BOS,MA,ANE,EN,Combined TRACON& Tower with Radar,569,461,40,2,1072,0,48,15,1,64,569,509,55,3,1136,0,0,0,1136
01/26/2002,BOS,MA,ANE,EN,Combined TRACON& Tower with Radar,429,325,27,0,781,48,0,0,0,48,477,325,27,0,829,16,0,16,845
01/27/2002,BOS,MA,ANE,EN,Combined TRACON& Tower with Radar,496,377,26,2,901,1,0,0,1,2,497,377,26,3,903,4,0,4,907
01/28/2002,BOS,MA,ANE,EN,Combined TRACON& Tower with Radar,549,452,39,2,1042,0,23,18,2,43,549,475,57,4,1085,7,0,7,1092
01/29/2002,BOS,MA,ANE,EN,Combined TRACON& Tower with Radar,562,456,40,2,1060,0,35,17,0,52,562,491,57,2,1112,29,1,30,1142
01/30/2002,BOS,MA,ANE,EN,Combined TRACON& Tower with Radar,567,477,42,0,1086,0,23,24,0,47,567,500,66,0,1133,19,0,19,1152
01/31/2002,BOS,MA,ANE,EN,Combined TRACON& Tower with Radar,509,394,35,1,939,0,0,24,0,24,509,394,59,1,963,0,0,0,963
02/01/2002,BOS,MA,ANE,EN,Combined TRACON& Tower with Radar,573,398,38,1,1010,29,0,22,3,54,602,398,60,4,1064,0,0,0,1064
02/02/2002,BOS,MA,ANE,EN,Combined TRACON& Tower with Radar,441,314,7,0,762,43,0,0,1,44,484,314,7,1,806,0,0,0,806
02/03/2002,BOS,MA,ANE,EN,Combined TRACON& Tower with Radar,524,406,34,1,965,43,0,1,1,45,567,406,35,2,1010,0,0,0,1010
02/04/2002,BOS,MA,ANE,EN,Combined TRACON& Tower with Radar,578,472,39,1,1090,0,16,43,0,59,578,488,82,1,1149,22,0,22,1171
02/05/2002,BOS,MA,ANE,EN,Combined TRACON& Tower with Radar,562,461,38,0,1061,0,33,31,0,64,562,494,69,0,1125,0,0,0,1125
02/06/2002,BOS,MA,ANE,EN,Combined TRACON& Tower with Radar,568,473,39,1,1081,0,45,22,3,70,568,518,61,4,1151,0,0,0,1151
02/07/2002,BOS,MA,ANE,EN,Combined TRACON& Tower with Radar,579,480,6,0,1065,0,87,0,0,87,579,567,6,0,1152,0,0,0,1152
02/08/2002,BOS,MA,ANE,EN,Combined TRACON& Tower with Radar,575,468,39,1,1083,0,40,20,4,64,575,508,59,5,1147,0,0,0,1147
02/09/2002,BOS,MA,ANE,EN,Combined TRACON& Tower with Radar,461,353,30,0,844,44,0,4,0,48,505,353,34,0,892,14,0,14,906
02/10/2002,BOS,MA,ANE,EN,Combined TRACON& Tower with Radar,503,398,19,1,921,8,14,0,1,23,511,412,19,2,944,1,0,1,945
02/11/2002,BOS,MA,ANE,EN,Combined TRACON& Tower with Radar,561,464,39,1,1065,0,19,19,4,42,561,483,58,5,1107,12,0,12,1119
02/12/2002,BOS,MA,ANE,EN,Combined TRACON& Tower with Radar,583,475,40,0,1098,0,40,7,0,47,583,515,47,0,1145,12,1,13,1158
02/13/2002,BOS,MA,ANE,EN,Combined TRACON& Tower with Radar,580,475,40,0,1095,0,47,16,0,63,580,522,56,0,1158,21,0,21,1179
02/14/2002,BOS,MA,ANE,EN,Combined TRACON& Tower with Radar,583,468,38,0,1089,0,48,9,0,57,583,516,47,0,1146,8,0,8,1154
02/15/2002,BOS,MA,ANE,EN,Combined TRACON& Tower with Radar,593,470,38,2,1103,0,42,11,0,53,593,512,49,2,1156,49,2,51,1207
02/16/2002,BOS,MA,ANE,EN,Combined TRACON& Tower with Radar,467,356,30,0,853,36,0,4,0,40,503,356,34,0,893,0,0,0,893
02/17/2002,BOS,MA,ANE,EN,Combined TRACON& Tower with Radar,517,381,33,0,931,0,0,11,0,11,517,381,44,0,942,0,0,0,942
02/18/2002,BOS,MA,ANE,EN,Combined TRACON& Tower with Radar,552,446,36,0,1034,0,31,13,0,44,552,477,49,0,1078,0,0,0,1078
02/19/2002,BOS,MA,ANE,EN,Combined TRACON& Tower with Radar,575,459,37,0,1071,0,25,21,0,46,575,484,58,0,1117,0,0,0,1117
02/20/2002,BOS,MA,ANE,EN,Combined TRACON& Tower with Radar,575,466,38,0,1079,0,50,12,0,62,575,516,50,0,1141,21,0,21,1162
02/21/2002,BOS,MA,ANE,EN,Combined TRACON& Tower with Radar,595,444,38,1,1078,11,0,16,3,30,606,444,54,4,1108,0,0,0,1108
02/22/2002,BOS,MA,ANE,EN,Combined TRACON& Tower with Radar,594,475,39,1,1109,0,44,2,2,48,594,519,41,3,1157,0,0,0,1157
02/23/2002,BOS,MA,ANE,EN,Combined TRACON& Tower with Radar,488,347,31,1,867,55,0,10,4,69,543,347,41,5,936,0,0,0,936
02/24/2002,BOS,MA,ANE,EN,Combined TRACON& Tower with Radar,506,399,32,1,938,13,17,10,1,41,519,416,42,2,979,40,1,41,1020
02/25/2002,BOS,MA,ANE,EN,Combined TRACON& Tower with Radar,562,443,36,1,1042,1,27,0,0,28,563,470,36,1,1070,39,0,39,1109
02/26/2002,BOS,MA,ANE,EN,Combined TRACON& Tower with Radar,568,469,38,0,1075,0,5,13,0,18,568,474,51,0,1093,50,0,50,1143
02/27/2002,BOS,MA,ANE,EN,Combined TRACON& Tower with Radar,573,451,37,0,1061,1,0,2,0,3,574,451,39,0,1064,0,0,0,1064
02/28/2002,BOS,MA,ANE,EN,Combined TRACON& Tower with Radar,581,466,38,0,1085,0,29,19,0,48,581,495,57,0,1133,0,0,0,1133
03/01/2002,BOS,MA,ANE,EN,Combined TRACON& Tower with Radar,593,457,39,1,1090,0,52,15,2,69,593,509,54,3,1159,0,0,0,1159
03/02/2002,BOS,MA,ANE,EN,Combined TRACON& Tower with Radar,445,334,28,0,807,21,20,3,0,44,466,354,31,0,851,0,0,0,851
03/03/2002,BOS,MA,ANE,EN,Combined TRACON& Tower with Radar,497,341,31,0,869,31,0,0,2,33,528,341,31,2,902,0,0,0,902
03/04/2002,BOS,MA,ANE,EN,Combined TRACON& Tower with Radar,568,447,37,0,1052,0,25,41,0,66,568,472,78,0,1118,26,0,26,1144
03/05/2002,BOS,MA,ANE,EN,Combined TRACON& Tower with Radar,588,451,30,0,1069,0,16,0,0,16,588,467,30,0,1085,0,0,0,1085
03/06/2002,BOS,MA,ANE,EN,Combined TRACON& Tower with Radar,599,454,38,1,1092,0,18,13,2,33,599,472,51,3,1125,0,0,0,1125
03/07/2002,BOS,MA,ANE,EN,Combined TRACON& Tower with Radar,608,476,40,0,1124,0,29,23,0,52,608,505,63,0,1176,0,0,0,1176
03/08/2002,BOS,MA,ANE,EN,Combined TRACON& Tower with Radar,604,471,40,1,1116,0,9,16,4,29,604,480,56,5,1145,2,0,2,1147
03/09/2002,BOS,MA,ANE,EN,Combined TRACON& Tower with Radar,436,289,10,0,735,64,0,0,2,66,500,289,10,2,801,0,0,0,801
03/10/2002,BOS,MA,ANE,EN,Combined TRACON& Tower with Radar,520,371,25,0,916,20,0,0,0,20,540,371,25,0,936,0,0,0,936
03/11/2002,BOS,MA,ANE,EN,Combined TRACON& Tower with Radar,582,449,38,1,1070,0,31,22,1,54,582,480,60,2,1124,9,0,9,1133
03/12/2002,BOS,MA,ANE,EN,Combined TRACON& Tower with Radar,580,459,38,0,1077,0,16,38,0,54,580,475,76,0,1131,0,0,0,1131
03/13/2002,BOS,MA,ANE,EN,Combined TRACON& Tower with Radar,597,472,39,0,1108,0,7,35,0,42,597,479,74,0,1150,0,0,0,1150
03/14/2002,BOS,MA,ANE,EN,Combined TRACON& Tower with Radar,602,469,38,0,1109,0,21,32,0,53,602,490,70,0,1162,6,0,6,1168
03/15/2002,BOS,MA,ANE,EN,Combined TRACON& Tower with Radar,621,468,34,2,1125,0,23,0,2,25,621,491,34,4,1150,0,0,0,1150
03/16/2002,BOS,MA,ANE,EN,Combined TRACON& Tower with Radar,467,328,15,0,810,37,0,0,0,37,504,328,15,0,847,0,0,0,847
03/17/2002,BOS,MA,ANE,EN,Combined TRACON& Tower with Radar,515,384,31,0,930,25,5,16,0,46,540,389,47,0,976,9,0,9,985
03/18/2002,BOS,MA,ANE,EN,Combined TRACON& Tower with Radar,567,437,36,1,1041,0,15,2,0,17,567,452,38,1,1058,0,0,0,1058
03/19/2002,BOS,MA,ANE,EN,Combined TRACON& Tower with Radar,592,460,38,2,1092,0,20,9,3,32,592,480,47,5,1124,0,0,0,1124
03/20/2002,BOS,MA,ANE,EN,Combined TRACON& Tower with Radar,589,449,37,0,1075,0,3,22,0,25,589,452,59,0,1100,0,0,0,1100
03/21/2002,BOS,MA,ANE,EN,Combined TRACON& Tower with Radar,604,466,38,0,1108,0,21,34,0,55,604,487,72,0,1163,0,0,0,1163
03/22/2002,BOS,MA,ANE,EN,Combined TRACON& Tower with Radar,606,457,37,1,1101,0,34,1,2,37,606,491,38,3,1138,1,0,1,1139
03/23/2002,BOS,MA,ANE,EN,Combined TRACON& Tower with Radar,472,349,21,0,842,42,0,0,0,42,514,349,21,0,884,18,0,18,902
03/24/2002,BOS,MA,ANE,EN,Combined TRACON& Tower with Radar,516,386,22,1,925,34,13,0,1,48,550,399,22,2,973,1,0,1,974
03/25/2002,BOS,MA,ANE,EN,Combined TRACON& Tower with Radar,591,453,37,0,1081,0,24,13,0,37,591,477,50,0,1118,6,0,6,1124
03/26/2002,BOS,MA,ANE,EN,Combined TRACON& Tower with Radar,605,453,37,1,1096,1,8,1,4,14,606,461,38,5,1110,6,0,6,1116
03/27/2002,BOS,MA,ANE,EN,Combined TRACON& Tower with Radar,600,465,38,1,1104,0,9,19,4,32,600,474,57,5,1136,0,0,0,1136
03/28/2002,BOS,MA,ANE,EN,Combined TRACON& Tower with Radar,600,448,37,1,1086,0,36,7,0,43,600,484,44,1,1129,0,0,0,1129
03/29/2002,BOS,MA,ANE,EN,Combined TRACON& Tower with Radar,584,437,36,1,1058,0,48,5,0,53,584,485,41,1,1111,0,0,0,1111
03/30/2002,BOS,MA,ANE,EN,Combined TRACON& Tower with Radar,456,334,14,0,804,27,0,0,1,28,483,334,14,1,832,0,0,0,832
03/31/2002,BOS,MA,ANE,EN,Combined TRACON& Tower with Radar,545,407,23,0,975,36,0,0,0,36,581,407,23,0,1011,0,0,0,1011
04/01/2002,BOS,MA,ANE,EN,Combined TRACON& Tower with Radar,575,438,44,1,1058,0,29,33,0,62,575,467,77,1,1120,0,0,0,1120
04/02/2002,BOS,MA,ANE,EN,Combined TRACON& Tower with Radar,598,436,44,3,1081,0,19,30,0,49,598,455,74,3,1130,0,0,0,1130
04/03/2002,BOS,MA,ANE,EN,Combined TRACON& Tower with Radar,595,428,39,0,1062,0,25,0,0,25,595,453,39,0,1087,3,0,3,1090
04/04/2002,BOS,MA,ANE,EN,Combined TRACON& Tower with Radar,615,450,46,1,1112,0,43,25,0,68,615,493,71,1,1180,0,0,0,1180
04/05/2002,BOS,MA,ANE,EN,Combined TRACON& Tower with Radar,624,450,45,0,1119,0,46,28,0,74,624,496,73,0,1193,60,0,60,1253
04/06/2002,BOS,MA,ANE,EN,Combined TRACON& Tower with Radar,475,337,24,0,836,42,4,0,0,46,517,341,24,0,882,4,3,7,889
04/07/2002,BOS,MA,ANE,EN,Combined TRACON& Tower with Radar,532,377,38,1,948,33,17,9,0,59,565,394,47,1,1007,0,0,0,1007
04/08/2002,BOS,MA,ANE,EN,Combined TRACON& Tower with Radar,632,448,45,0,1125,6,32,12,0,50,638,480,57,0,1175,0,0,0,1175
04/09/2002,BOS,MA,ANE,EN,Combined TRACON& Tower with Radar,613,446,37,3,1099,0,21,0,2,23,613,467,37,5,1122,0,0,0,1122
04/10/2002,BOS,MA,ANE,EN,Combined TRACON& Tower with Radar,630,476,48,3,1157,0,0,1,6,7,630,476,49,9,1164,0,0,0,1164
04/11/2002,BOS,MA,ANE,EN,Combined TRACON& Tower with Radar,624,441,45,0,1110,18,48,15,0,81,642,489,60,0,1191,0,0,0,1191
04/12/2002,BOS,MA,ANE,EN,Combined TRACON& Tower with Radar,637,453,46,0,1136,0,42,15,0,57,637,495,61,0,1193,21,0,21,1214
04/13/2002,BOS,MA,ANE,EN,Combined TRACON& Tower with Radar,522,351,25,1,899,37,0,0,0,37,559,351,25,1,936,5,0,5,941
04/14/2002,BOS,MA,ANE,EN,Combined TRACON& Tower with Radar,540,380,23,1,944,31,23,0,0,54,571,403,23,1,998,5,0,5,1003
04/15/2002,BOS,MA,ANE,EN,Combined TRACON& Tower with Radar,645,449,45,4,1143,2,0,7,3,12,647,449,52,7,1155,0,0,0,1155
04/16/2002,BOS,MA,ANE,EN,Combined TRACON& Tower with Radar,678,485,48,4,1215,0,0,35,16,51,678,485,83,20,1266,0,0,0,1266
04/17/2002,BOS,MA,ANE,EN,Combined TRACON& Tower with Radar,611,450,45,1,1107,0,56,36,0,92,611,506,81,1,1199,23,0,23,1222
04/18/2002,BOS,MA,ANE,EN,Combined TRACON& Tower with Radar,634,473,47,4,1158,0,10,52,6,68,634,483,99,10,1226,16,0,16,1242
04/19/2002,BOS,MA,ANE,EN,Combined TRACON& Tower with Radar,600,423,41,2,1066,13,3,0,0,16,613,426,41,2,1082,0,0,0,1082
04/20/2002,BOS,MA,ANE,EN,Combined TRACON& Tower with Radar,532,357,38,0,927,54,0,16,0,70,586,357,54,0,997,2,0,2,999
04/21/2002,BOS,MA,ANE,EN,Combined TRACON& Tower with Radar,579,409,41,0,1029,32,1,20,0,53,611,410,61,0,1082,0,0,0,1082
04/22/2002,BOS,MA,ANE,EN,Combined TRACON& Tower with Radar,638,450,45,0,1133,0,15,16,0,31,638,465,61,0,1164,0,0,0,1164
04/23/2002,BOS,MA,ANE,EN,Combined TRACON& Tower with Radar,641,455,45,3,1144,0,9,25,0,34,641,464,70,3,1178,0,0,0,1178
04/24/2002,BOS,MA,ANE,EN,Combined TRACON& Tower with Radar,636,455,45,0,1136,0,34,21,0,55,636,489,66,0,1191,0,0,0,1191
04/25/2002,BOS,MA,ANE,EN,Combined TRACON& Tower with Radar,655,463,46,3,1167,0,34,0,4,38,655,497,46,7,1205,0,0,0,1205
04/26/2002,BOS,MA,ANE,EN,Combined TRACON& Tower with Radar,636,454,45,0,1135,0,59,6,0,65,636,513,51,0,1200,6,0,6,1206
04/27/2002,BOS,MA,ANE,EN,Combined TRACON& Tower with Radar,481,306,21,2,810,47,0,0,0,47,528,306,21,2,857,0,0,0,857
04/28/2002,BOS,MA,ANE,EN,Combined TRACON& Tower with Radar,531,375,34,0,940,0,6,0,0,6,531,381,34,0,946,0,0,0,946
04/29/2002,BOS,MA,ANE,EN,Combined TRACON& Tower with Radar,623,457,45,2,1127,0,21,16,0,37,623,478,61,2,1164,0,0,0,1164
04/30/2002,BOS,MA,ANE,EN,Combined TRACON& Tower with Radar,669,488,48,3,1208,0,1,32,17,50,669,489,80,20,1258,0,0,0,1258
05/01/2002,BOS,MA,ANE,EN,Combined TRACON& Tower with Radar,611,466,49,1,1127,0,18,35,0,53,611,484,84,1,1180,0,0,0,1180
05/02/2002,BOS,MA,ANE,EN,Combined TRACON& Tower with Radar,581,431,46,0,1058,6,0,11,0,17,587,431,57,0,1075,0,0,0,1075
05/03/2002,BOS,MA,ANE,EN,Combined TRACON& Tower with Radar,623,474,49,0,1146,17,30,6,0,53,640,504,55,0,1199,0,0,0,1199
05/04/2002,BOS,MA,ANE,EN,Combined TRACON& Tower with Radar,475,352,37,1,865,42,0,20,0,62,517,352,57,1,927,0,0,0,927
05/05/2002,BOS,MA,ANE,EN,Combined TRACON& Tower with Radar,510,388,40,1,939,35,23,9,0,67,545,411,49,1,1006,0,0,0,1006
05/06/2002,BOS,MA,ANE,EN,Combined TRACON& Tower with Radar,577,447,47,1,1072,0,22,25,20,67,577,469,72,21,1139,0,0,0,1139
05/07/2002,BOS,MA,ANE,EN,Combined TRACON& Tower with Radar,601,457,48,1,1107,9,9,14,0,32,610,466,62,1,1139,0,0,0,1139
05/08/2002,BOS,MA,ANE,EN,Combined TRACON& Tower with Radar,602,486,49,2,1139,0,27,50,17,94,602,513,99,19,1233,0,0,0,1233
05/09/2002,BOS,MA,ANE,EN,Combined TRACON& Tower with Radar,634,486,49,0,1169,0,14,17,0,31,634,500,66,0,1200,0,0,0,1200
05/10/2002,BOS,MA,ANE,EN,Combined TRACON& Tower with Radar,629,478,49,1,1157,0,28,33,0,61,629,506,82,1,1218,0,0,0,1218
05/11/2002,BOS,MA,ANE,EN,Combined TRACON& Tower with Radar,460,350,22,0,832,43,11,0,0,54,503,361,22,0,886,0,0,0,886
05/12/2002,BOS,MA,ANE,EN,Combined TRACON& Tower with Radar,524,398,34,0,956,9,17,0,0,26,533,415,34,0,982,0,0,0,982
05/13/2002,BOS,MA,ANE,EN,Combined TRACON& Tower with Radar,566,443,45,0,1054,0,5,14,0,19,566,448,59,0,1073,0,0,0,1073
05/14/2002,BOS,MA,ANE,EN,Combined TRACON& Tower with Radar,620,487,49,1,1157,0,31,9,0,40,620,518,58,1,1197,0,0,0,1197
05/15/2002,BOS,MA,ANE,EN,Combined TRACON& Tower with Radar,604,464,47,0,1115,0,40,27,0,67,604,504,74,0,1182,0,0,0,1182
05/16/2002,BOS,MA,ANE,EN,Combined TRACON& Tower with Radar,614,476,49,0,1139,0,68,41,0,109,614,544,90,0,1248,0,0,0,1248
05/17/2002,BOS,MA,ANE,EN,Combined TRACON& Tower with Radar,603,472,49,1,1125,0,102,10,0,112,603,574,59,1,1237,0,0,0,1237
05/18/2002,BOS,MA,ANE,EN,Combined TRACON& Tower with Radar,508,381,39,0,928,0,0,16,0,16,508,381,55,0,944,0,0,0,944
05/19/2002,BOS,MA,ANE,EN,Combined TRACON& Tower with Radar,540,409,41,0,990,1,50,52,0,103,541,459,93,0,1093,0,0,0,1093
05/20/2002,BOS,MA,ANE,EN,Combined TRACON& Tower with Radar,603,465,48,1,1117,0,53,25,0,78,603,518,73,1,1195,0,0,0,1195
05/21/2002,BOS,MA,ANE,EN,Combined TRACON& Tower with Radar,610,470,48,2,1130,0,57,16,0,73,610,527,64,2,1203,0,0,0,1203
05/22/2002,BOS,MA,ANE,EN,Combined TRACON& Tower with Radar,610,462,48,0,1120,16,57,14,0,87,626,519,62,0,1207,0,0,0,1207
05/23/2002,BOS,MA,ANE,EN,Combined TRACON& Tower with Radar,615,471,48,0,1134,0,92,32,0,124,615,563,80,0,1258,0,0,0,1258
05/24/2002,BOS,MA,ANE,EN,Combined TRACON& Tower with Radar,634,480,49,1,1164,1,132,33,0,166,635,612,82,1,1330,0,0,0,1330
05/25/2002,BOS,MA,ANE,EN,Combined TRACON& Tower with Radar,464,351,36,0,851,23,54,8,0,85,487,405,44,0,936,0,0,0,936
05/26/2002,BOS,MA,ANE,EN,Combined TRACON& Tower with Radar,442,335,13,0,790,16,42,0,0,58,458,377,13,0,848,0,0,0,848
05/27/2002,BOS,MA,ANE,EN,Combined TRACON& Tower with Radar,561,436,24,1,1022,0,87,0,0,87,561,523,24,1,1109,0,0,0,1109
05/28/2002,BOS,MA,ANE,EN,Combined TRACON& Tower with Radar,639,486,34,0,1159,0,42,0,0,42,639,528,34,0,1201,0,0,0,1201
05/29/2002,BOS,MA,ANE,EN,Combined TRACON& Tower with Radar,648,497,51,0,1196,0,15,1,0,16,648,512,52,0,1212,0,0,0,1212
05/30/2002,BOS,MA,ANE,EN,Combined TRACON& Tower with Radar,618,475,48,1,1142,0,12,32,1,45,618,487,80,2,1187,0,0,0,1187
05/31/2002,BOS,MA,ANE,EN,Combined TRACON& Tower with Radar,575,453,46,1,1075,0,23,32,1,56,575,476,78,2,1131,0,0,0,1131
06/01/2002,BOS,MA,ANE,EN,Combined TRACON& Tower with Radar,493,402,38,1,934,24,10,30,1,65,517,412,68,2,999,0,0,0,999
06/02/2002,BOS,MA,ANE,EN,Combined TRACON& Tower with Radar,543,445,41,0,1029,1,45,25,0,71,544,490,66,0,1100,0,0,0,1100
06/03/2002,BOS,MA,ANE,EN,Combined TRACON& Tower with Radar,571,467,44,1,1083,0,41,40,0,81,571,508,84,1,1164,0,0,0,1164
06/04/2002,BOS,MA,ANE,EN,Combined TRACON& Tower with Radar,570,480,45,1,1096,0,29,67,0,96,570,509,112,1,1192,0,0,0,1192
06/05/2002,BOS,MA,ANE,EN,Combined TRACON& Tower with Radar,603,504,47,1,1155,0,10,37,1,48,603,514,84,2,1203,15,0,15,1218
06/06/2002,BOS,MA,ANE,EN,Combined TRACON& Tower with Radar,592,499,47,1,1139,0,14,4,0,18,592,513,51,1,1157,0,0,0,1157
06/07/2002,BOS,MA,ANE,EN,Combined TRACON& Tower with Radar,626,519,28,1,1174,0,48,0,1,49,626,567,28,2,1223,2,0,2,1225
06/08/2002,BOS,MA,ANE,EN,Combined TRACON& Tower with Radar,467,383,36,0,886,35,18,17,2,72,502,401,53,2,958,11,0,11,969
06/09/2002,BOS,MA,ANE,EN,Combined TRACON& Tower with Radar,524,428,40,1,993,32,64,6,2,104,556,492,46,3,1097,6,0,6,1103
06/10/2002,BOS,MA,ANE,EN,Combined TRACON& Tower with Radar,578,473,44,1,1096,18,55,33,0,106,596,528,77,1,1202,39,0,39,1241
06/11/2002,BOS,MA,ANE,EN,Combined TRACON& Tower with Radar,631,517,48,1,1197,18,7,38,0,63,649,524,86,1,1260,23,0,23,1283
06/12/2002,BOS,MA,ANE,EN,Combined TRACON& Tower with Radar,620,526,49,1,1196,0,5,16,1,22,620,531,65,2,1218,0,0,0,1218
06/13/2002,BOS,MA,ANE,EN,Combined TRACON& Tower with Radar,612,513,48,0,1173,0,31,59,0,90,612,544,107,0,1263,51,0,51,1314
06/14/2002,BOS,MA,ANE,EN,Combined TRACON& Tower with Radar,633,521,37,0,1191,0,44,0,0,44,633,565,37,0,1235,6,0,6,1241
06/15/2002,BOS,MA,ANE,EN,Combined TRACON& Tower with Radar,500,409,15,0,924,19,6,0,0,25,519,415,15,0,949,0,0,0,949
06/16/2002,BOS,MA,ANE,EN,Combined TRACON& Tower with Radar,587,479,34,0,1100,2,29,0,0,31,589,508,34,0,1131,0,0,0,1131
06/17/2002,BOS,MA,ANE,EN,Combined TRACON& Tower with Radar,631,515,47,1,1194,4,44,65,0,113,635,559,112,1,1307,0,0,0,1307
06/18/2002,BOS,MA,ANE,EN,Combined TRACON& Tower with Radar,643,517,35,2,1197,0,0,0,0,0,643,517,35,2,1197,88,0,88,1285
06/19/2002,BOS,MA,ANE,EN,Combined TRACON& Tower with Radar,597,489,45,1,1132,0,54,22,0,76,597,543,67,1,1208,6,0,6,1214
06/20/2002,BOS,MA,ANE,EN,Combined TRACON& Tower with Radar,627,513,47,2,1189,0,95,24,3,122,627,608,71,5,1311,0,0,0,1311
06/21/2002,BOS,MA,ANE,EN,Combined TRACON& Tower with Radar,603,496,45,1,1145,0,112,17,0,129,603,608,62,1,1274,0,0,0,1274
06/22/2002,BOS,MA,ANE,EN,Combined TRACON& Tower with Radar,508,414,31,1,954,8,53,0,0,61,516,467,31,1,1015,0,0,0,1015
06/23/2002,BOS,MA,ANE,EN,Combined TRACON& Tower with Radar,546,461,31,1,1039,0,78,0,0,78,546,539,31,1,1117,0,0,0,1117
06/24/2002,BOS,MA,ANE,EN,Combined TRACON& Tower with Radar,616,508,46,1,1171,0,88,24,0,112,616,596,70,1,1283,0,0,0,1283
06/25/2002,BOS,MA,ANE,EN,Combined TRACON& Tower with Radar,622,517,47,1,1187,0,92,27,3,122,622,609,74,4,1309,0,0,0,1309
06/26/2002,BOS,MA,ANE,EN,Combined TRACON& Tower with Radar,585,502,46,0,1133,0,41,31,0,72,585,543,77,0,1205,0,0,0,1205
06/27/2002,BOS,MA,ANE,EN,Combined TRACON& Tower with Radar,587,491,45,1,1124,0,14,46,2,62,587,505,91,3,1186,0,0,0,1186
06/28/2002,BOS,MA,ANE,EN,Combined TRACON& Tower with Radar,648,550,50,1,1249,0,81,26,0,107,648,631,76,1,1356,0,0,0,1356
06/29/2002,BOS,MA,ANE,EN,Combined TRACON& Tower with Radar,499,408,37,1,945,24,101,2,1,128,523,509,39,2,1073,0,0,0,1073
06/30/2002,BOS,MA,ANE,EN,Combined TRACON& Tower with Radar,559,456,41,1,1057,6,69,0,1,76,565,525,41,2,1133,0,0,0,1133
07/01/2002,BOS,MA,ANE,EN,Combined TRACON& Tower with Radar,581,504,36,2,1123,10,85,2,0,97,591,589,38,2,1220,4,0,4,1224
07/02/2002,BOS,MA,ANE,EN,Combined TRACON& Tower with Radar,617,536,38,0,1191,0,71,8,0,79,617,607,46,0,1270,0,0,0,1270
07/03/2002,BOS,MA,ANE,EN,Combined TRACON& Tower with Radar,620,551,40,2,1213,0,0,1,3,4,620,551,41,5,1217,0,0,0,1217
07/04/2002,BOS,MA,ANE,EN,Combined TRACON& Tower with Radar,453,393,27,1,874,7,81,0,2,90,460,474,27,3,964,0,0,0,964
07/05/2002,BOS,MA,ANE,EN,Combined TRACON& Tower with Radar,462,401,29,1,893,16,89,9,2,116,478,490,38,3,1009,0,0,0,1009
07/06/2002,BOS,MA,ANE,EN,Combined TRACON& Tower with Radar,495,429,30,1,955,7,123,0,1,131,502,552,30,2,1086,0,0,0,1086
07/07/2002,BOS,MA,ANE,EN,Combined TRACON& Tower with Radar,573,522,37,2,1134,0,98,18,1,117,573,620,55,3,1251,0,0,0,1251
07/08/2002,BOS,MA,ANE,EN,Combined TRACON& Tower with Radar,616,534,38,0,1188,21,91,13,0,125,637,625,51,0,1313,0,0,0,1313
07/09/2002,BOS,MA,ANE,EN,Combined TRACON& Tower with Radar,587,509,35,2,1133,9,41,0,0,50,596,550,35,2,1183,0,0,0,1183
07/10/2002,BOS,MA,ANE,EN,Combined TRACON& Tower with Radar,621,539,38,2,1200,5,65,15,2,87,626,604,53,4,1287,0,0,0,1287
07/11/2002,BOS,MA,ANE,EN,Combined TRACON& Tower with Radar,600,521,37,2,1160,31,66,10,4,111,631,587,47,6,1271,0,0,0,1271
07/12/2002,BOS,MA,ANE,EN,Combined TRACON& Tower with Radar,612,530,38,2,1182,23,99,38,2,162,635,629,76,4,1344,19,0,19,1363
07/13/2002,BOS,MA,ANE,EN,Combined TRACON& Tower with Radar,489,425,24,0,938,20,94,0,0,114,509,519,24,0,1052,6,0,6,1058
07/14/2002,BOS,MA,ANE,EN,Combined TRACON& Tower with Radar,537,467,33,2,1039,5,103,13,1,122,542,570,46,3,1161,0,0,0,1161
07/15/2002,BOS,MA,ANE,EN,Combined TRACON& Tower with Radar,608,528,37,2,1175,9,59,34,0,102,617,587,71,2,1277,0,0,0,1277
07/16/2002,BOS,MA,ANE,EN,Combined TRACON& Tower with Radar,608,509,37,0,1154,0,0,26,0,26,608,509,63,0,1180,0,0,0,1180
07/17/2002,BOS,MA,ANE,EN,Combined TRACON& Tower with Radar,627,542,38,2,1209,11,52,40,0,103,638,594,78,2,1312,0,0,0,1312
07/18/2002,BOS,MA,ANE,EN,Combined TRACON& Tower with Radar,598,517,36,0,1151,0,68,21,0,89,598,585,57,0,1240,0,0,0,1240
07/19/2002,BOS,MA,ANE,EN,Combined TRACON& Tower with Radar,581,539,37,2,1159,0,36,12,0,48,581,575,49,2,1207,0,0,0,1207
07/20/2002,BOS,MA,ANE,EN,Combined TRACON& Tower with Radar,519,475,31,0,1025,0,57,0,0,57,519,532,31,0,1082,0,0,0,1082
07/21/2002,BOS,MA,ANE,EN,Combined TRACON& Tower with Radar,548,479,33,0,1060,0,104,24,0,128,548,583,57,0,1188,0,0,0,1188
07/22/2002,BOS,MA,ANE,EN,Combined TRACON& Tower with Radar,588,524,36,3,1151,0,94,15,13,122,588,618,51,16,1273,0,0,0,1273
07/23/2002,BOS,MA,ANE,EN,Combined TRACON& Tower with Radar,544,470,33,2,1049,8,4,33,1,46,552,474,66,3,1095,0,0,0,1095
07/24/2002,BOS,MA,ANE,EN,Combined TRACON& Tower with Radar,609,527,37,0,1173,8,58,31,0,97,617,585,68,0,1270,0,0,0,1270
07/25/2002,BOS,MA,ANE,EN,Combined TRACON& Tower with Radar,601,521,36,2,1160,23,85,17,0,125,624,606,53,2,1285,0,0,0,1285
07/26/2002,BOS,MA,ANE,EN,Combined TRACON& Tower with Radar,593,532,37,2,1164,0,106,36,2,144,593,638,73,4,1308,0,0,0,1308
07/27/2002,BOS,MA,ANE,EN,Combined TRACON& Tower with Radar,515,461,31,1,1008,0,65,0,1,66,515,526,31,2,1074,1,0,1,1075
07/28/2002,BOS,MA,ANE,EN,Combined TRACON& Tower with Radar,574,515,25,2,1116,0,43,0,0,43,574,558,25,2,1159,1,0,1,1160
07/29/2002,BOS,MA,ANE,EN,Combined TRACON& Tower with Radar,584,516,36,2,1138,0,83,17,0,100,584,599,53,2,1238,0,0,0,1238
07/30/2002,BOS,MA,ANE,EN,Combined TRACON& Tower with Radar,613,545,38,2,1198,0,39,42,2,83,613,584,80,4,1281,0,0,0,1281
07/31/2002,BOS,MA,ANE,EN,Combined TRACON& Tower with Radar,617,535,37,1,1190,4,78,37,0,119,621,613,74,1,1309,0,0,0,1309
08/01/2002,BOS,MA,ANE,EN,Combined TRACON& Tower with Radar,627,536,36,1,1200,7,88,41,2,138,634,624,77,3,1338,0,0,0,1338
08/02/2002,BOS,MA,ANE,EN,Combined TRACON& Tower with Radar,559,478,32,0,1069,49,60,7,0,116,608,538,39,0,1185,0,0,0,1185
08/03/2002,BOS,MA,ANE,EN,Combined TRACON& Tower with Radar,506,434,29,1,970,9,112,16,1,138,515,546,45,2,1108,0,0,0,1108
08/04/2002,BOS,MA,ANE,EN,Combined TRACON& Tower with Radar,540,462,31,1,1034,11,86,12,2,111,551,548,43,3,1145,0,0,0,1145
08/05/2002,BOS,MA,ANE,EN,Combined TRACON& Tower with Radar,605,524,35,0,1164,0,42,34,0,76,605,566,69,0,1240,0,0,0,1240
08/06/2002,BOS,MA,ANE,EN,Combined TRACON& Tower with Radar,625,535,36,1,1197,5,64,29,1,99,630,599,65,2,1296,0,0,0,1296
08/07/2002,BOS,MA,ANE,EN,Combined TRACON& Tower with Radar,614,525,35,1,1175,9,66,50,0,125,623,591,85,1,1300,0,0,0,1300
08/08/2002,BOS,MA,ANE,EN,Combined TRACON& Tower with Radar,627,536,36,1,1200,10,82,44,1,137,637,618,80,2,1337,0,0,0,1337
08/09/2002,BOS,MA,ANE,EN,Combined TRACON& Tower with Radar,606,518,35,1,1160,18,120,40,1,179,624,638,75,2,1339,0,0,0,1339
08/10/2002,BOS,MA,ANE,EN,Combined TRACON& Tower with Radar,495,424,29,1,949,4,127,3,0,134,499,551,32,1,1083,0,0,0,1083
08/11/2002,BOS,MA,ANE,EN,Combined TRACON& Tower with Radar,529,452,31,0,1012,22,118,5,0,145,551,570,36,0,1157,0,0,0,1157
08/12/2002,BOS,MA,ANE,EN,Combined TRACON& Tower with Radar,603,515,35,0,1153,6,84,27,0,117,609,599,62,0,1270,0,0,0,1270
08/13/2002,BOS,MA,ANE,EN,Combined TRACON& Tower with Radar,592,514,35,0,1141,0,61,31,0,92,592,575,66,0,1233,0,0,0,1233
08/14/2002,BOS,MA,ANE,EN,Combined TRACON& Tower with Radar,627,537,35,0,1199,0,57,29,0,86,627,594,64,0,1285,0,0,0,1285
08/15/2002,BOS,MA,ANE,EN,Combined TRACON& Tower with Radar,633,553,37,0,1223,0,78,40,0,118,633,631,77,0,1341,0,0,0,1341
08/16/2002,BOS,MA,ANE,EN,Combined TRACON& Tower with Radar,622,539,36,2,1199,0,73,15,2,90,622,612,51,4,1289,0,0,0,1289
08/17/2002,BOS,MA,ANE,EN,Combined TRACON& Tower with Radar,508,433,16,0,957,0,13,0,0,13,508,446,16,0,970,0,0,0,970
08/18/2002,BOS,MA,ANE,EN,Combined TRACON& Tower with Radar,557,475,31,1,1064,3,82,7,0,92,560,557,38,1,1156,0,0,0,1156
08/19/2002,BOS,MA,ANE,EN,Combined TRACON& Tower with Radar,615,524,35,1,1175,6,82,40,0,128,621,606,75,1,1303,0,0,0,1303
08/20/2002,BOS,MA,ANE,EN,Combined TRACON& Tower with Radar,616,548,36,0,1200,0,49,28,0,77,616,597,64,0,1277,0,0,0,1277
08/21/2002,BOS,MA,ANE,EN,Combined TRACON& Tower with Radar,609,519,34,0,1162,18,84,38,0,140,627,603,72,0,1302,0,0,0,1302
08/22/2002,BOS,MA,ANE,EN,Combined TRACON& Tower with Radar,597,509,33,2,1141,17,103,4,0,124,614,612,37,2,1265,9,0,9,1274
08/23/2002,BOS,MA,ANE,EN,Combined TRACON& Tower with Radar,620,547,36,1,1204,0,68,9,0,77,620,615,45,1,1281,0,0,0,1281
08/24/2002,BOS,MA,ANE,EN,Combined TRACON& Tower with Radar,508,458,30,0,996,0,65,1,0,66,508,523,31,0,1062,5,0,5,1067
08/25/2002,BOS,MA,ANE,EN,Combined TRACON& Tower with Radar,550,474,31,2,1057,0,100,8,10,118,550,574,39,12,1175,0,0,0,1175
08/26/2002,BOS,MA,ANE,EN,Combined TRACON& Tower with Radar,586,501,33,1,1121,12,101,25,2,140,598,602,58,3,1261,0,0,0,1261
08/27/2002,BOS,MA,ANE,EN,Combined TRACON& Tower with Radar,620,530,35,1,1186,7,66,47,1,121,627,596,82,2,1307,0,0,0,1307
08/28/2002,BOS,MA,ANE,EN,Combined TRACON& Tower with Radar,606,517,34,1,1158,21,54,21,2,98,627,571,55,3,1256,0,0,0,1256
08/29/2002,BOS,MA,ANE,EN,Combined TRACON& Tower with Radar,628,579,38,1,1246,0,52,8,8,68,628,631,46,9,1314,0,0,0,1314
08/30/2002,BOS,MA,ANE,EN,Combined TRACON& Tower with Radar,620,560,37,1,1218,0,65,23,2,90,620,625,60,3,1308,0,0,0,1308
08/31/2002,BOS,MA,ANE,EN,Combined TRACON& Tower with Radar,482,434,28,0,944,0,66,1,0,67,482,500,29,0,1011,0,0,0,1011
09/01/2002,BOS,MA,ANE,EN,Combined TRACON& Tower with Radar,438,390,32,0,860,0,75,6,1,82,438,465,38,1,942,0,0,0,942
09/02/2002,BOS,MA,ANE,EN,Combined TRACON& Tower with Radar,529,495,30,1,1055,0,70,0,3,73,529,565,30,4,1128,0,0,0,1128
09/03/2002,BOS,MA,ANE,EN,Combined TRACON& Tower with Radar,596,549,37,0,1182,0,59,0,0,59,596,608,37,0,1241,0,0,0,1241
09/04/2002,BOS,MA,ANE,EN,Combined TRACON& Tower with Radar,604,533,43,0,1180,0,22,34,0,56,604,555,77,0,1236,0,0,0,1236
09/05/2002,BOS,MA,ANE,EN,Combined TRACON& Tower with Radar,607,524,42,0,1173,0,72,51,0,123,607,596,93,0,1296,16,0,16,1312
09/06/2002,BOS,MA,ANE,EN,Combined TRACON& Tower with Radar,587,501,40,1,1129,27,79,26,0,132,614,580,66,1,1261,0,0,0,1261
09/07/2002,BOS,MA,ANE,EN,Combined TRACON& Tower with Radar,462,394,29,0,885,14,77,0,2,93,476,471,29,2,978,2,0,2,980
09/08/2002,BOS,MA,ANE,EN,Combined TRACON& Tower with Radar,508,433,35,1,977,17,95,24,2,138,525,528,59,3,1115,0,0,0,1115
09/09/2002,BOS,MA,ANE,EN,Combined TRACON& Tower with Radar,576,491,39,1,1107,21,59,28,0,108,597,550,67,1,1215,0,0,0,1215
09/10/2002,BOS,MA,ANE,EN,Combined TRACON& Tower with Radar,551,470,37,2,1060,30,1,15,2,48,581,471,52,4,1108,0,0,0,1108
09/11/2002,BOS,MA,ANE,EN,Combined TRACON& Tower with Radar,487,415,32,0,934,9,30,1,0,40,496,445,33,0,974,0,0,0,974
09/12/2002,BOS,MA,ANE,EN,Combined TRACON& Tower with Radar,587,501,39,2,1129,9,73,40,1,123,596,574,79,3,1252,0,0,0,1252
09/13/2002,BOS,MA,ANE,EN,Combined TRACON& Tower with Radar,584,495,39,0,1118,18,73,36,0,127,602,568,75,0,1245,0,0,0,1245
09/14/2002,BOS,MA,ANE,EN,Combined TRACON& Tower with Radar,453,384,31,1,869,24,56,8,1,89,477,440,39,2,958,0,0,0,958
09/15/2002,BOS,MA,ANE,EN,Combined TRACON& Tower with Radar,548,467,22,1,1038,0,38,0,0,38,548,505,22,1,1076,0,0,0,1076
09/16/2002,BOS,MA,ANE,EN,Combined TRACON& Tower with Radar,593,512,34,0,1139,0,19,0,0,19,593,531,34,0,1158,0,0,0,1158
09/17/2002,BOS,MA,ANE,EN,Combined TRACON& Tower with Radar,625,540,43,2,1210,0,18,30,0,48,625,558,73,2,1258,0,0,0,1258
09/18/2002,BOS,MA,ANE,EN,Combined TRACON& Tower with Radar,611,519,41,2,1173,5,41,55,2,103,616,560,96,4,1276,4,0,4,1280
09/19/2002,BOS,MA,ANE,EN,Combined TRACON& Tower with Radar,608,516,41,1,1166,2,65,52,0,119,610,581,93,1,1285,15,0,15,1300
09/20/2002,BOS,MA,ANE,EN,Combined TRACON& Tower with Radar,593,504,40,1,1138,17,92,13,1,123,610,596,53,2,1261,0,0,0,1261
09/21/2002,BOS,MA,ANE,EN,Combined TRACON& Tower with Radar,463,394,32,0,889,5,49,1,0,55,468,443,33,0,944,0,0,0,944
09/22/2002,BOS,MA,ANE,EN,Combined TRACON& Tower with Radar,523,452,35,1,1011,0,68,10,0,78,523,520,45,1,1089,0,0,0,1089
09/23/2002,BOS,MA,ANE,EN,Combined TRACON& Tower with Radar,592,525,41,1,1159,0,20,15,0,35,592,545,56,1,1194,0,0,0,1194
09/24/2002,BOS,MA,ANE,EN,Combined TRACON& Tower with Radar,618,544,43,0,1205,0,0,47,0,47,618,544,90,0,1252,0,0,0,1252
09/25/2002,BOS,MA,ANE,EN,Combined TRACON& Tower with Radar,609,525,41,0,1175,0,34,25,0,59,609,559,66,0,1234,0,0,0,1234
09/26/2002,BOS,MA,ANE,EN,Combined TRACON& Tower with Radar,588,500,39,0,1127,34,80,36,0,150,622,580,75,0,1277,0,0,0,1277
09/27/2002,BOS,MA,ANE,EN,Combined TRACON& Tower with Radar,620,535,32,0,1187,0,20,0,0,20,620,555,32,0,1207,0,0,0,1207
09/28/2002,BOS,MA,ANE,EN,Combined TRACON& Tower with Radar,475,404,32,1,912,8,28,4,1,41,483,432,36,2,953,0,0,0,953
09/29/2002,BOS,MA,ANE,EN,Combined TRACON& Tower with Radar,504,428,34,1,967,18,76,26,3,123,522,504,60,4,1090,7,0,7,1097
09/30/2002,BOS,MA,ANE,EN,Combined TRACON& Tower with Radar,586,504,40,1,1131,0,51,36,4,91,586,555,76,5,1222,0,0,0,1222
10/01/2002,BOS,MA,ANE,EN,Combined TRACON& Tower with Radar,602,500,48,0,1150,0,37,34,0,71,602,537,82,0,1221,0,0,0,1221
10/02/2002,BOS,MA,ANE,EN,Combined TRACON& Tower with Radar,601,519,50,1,1171,0,30,37,1,68,601,549,87,2,1239,0,0,0,1239
10/03/2002,BOS,MA,ANE,EN,Combined TRACON& Tower with Radar,594,519,50,0,1163,0,29,28,0,57,594,548,78,0,1220,11,0,11,1231
10/04/2002,BOS,MA,ANE,EN,Combined TRACON& Tower with Radar,624,529,51,1,1205,0,22,23,2,47,624,551,74,3,1252,0,0,0,1252
10/05/2002,BOS,MA,ANE,EN,Combined TRACON& Tower with Radar,458,391,35,0,884,0,40,0,0,40,458,431,35,0,924,0,0,0,924
10/06/2002,BOS,MA,ANE,EN,Combined TRACON& Tower with Radar,504,416,40,0,960,18,101,24,2,145,522,517,64,2,1105,0,0,0,1105
10/07/2002,BOS,MA,ANE,EN,Combined TRACON& Tower with Radar,580,490,47,1,1118,0,49,8,0,57,580,539,55,1,1175,0,0,0,1175
10/08/2002,BOS,MA,ANE,EN,Combined TRACON& Tower with Radar,592,489,47,1,1129,4,36,25,3,68,596,525,72,4,1197,0,0,0,1197
10/09/2002,BOS,MA,ANE,EN,Combined TRACON& Tower with Radar,605,503,49,0,1157,0,30,39,0,69,605,533,88,0,1226,29,0,29,1255
10/10/2002,BOS,MA,ANE,EN,Combined TRACON& Tower with Radar,600,509,49,1,1159,0,65,29,0,94,600,574,78,1,1253,11,0,11,1264
10/11/2002,BOS,MA,ANE,EN,Combined TRACON& Tower with Radar,603,532,52,0,1187,0,41,4,0,45,603,573,56,0,1232,0,0,0,1232
10/12/2002,BOS,MA,ANE,EN,Combined TRACON& Tower with Radar,471,395,16,0,882,0,30,0,0,30,471,425,16,0,912,0,0,0,912
10/13/2002,BOS,MA,ANE,EN,Combined TRACON& Tower with Radar,539,453,39,0,1031,0,14,0,0,14,539,467,39,0,1045,0,0,0,1045
10/14/2002,BOS,MA,ANE,EN,Combined TRACON& Tower with Radar,579,478,46,1,1104,10,71,21,2,104,589,549,67,3,1208,31,0,31,1239
10/15/2002,BOS,MA,ANE,EN,Combined TRACON& Tower with Radar,584,481,46,2,1113,22,32,28,0,82,606,513,74,2,1195,0,0,0,1195
10/16/2002,BOS,MA,ANE,EN,Combined TRACON& Tower with Radar,582,461,46,0,1089,12,0,9,0,21,594,461,55,0,1110,0,0,0,1110
10/17/2002,BOS,MA,ANE,EN,Combined TRACON& Tower with Radar,595,489,46,2,1132,6,43,29,0,78,601,532,75,2,1210,0,0,0,1210
10/18/2002,BOS,MA,ANE,EN,Combined TRACON& Tower with Radar,575,473,46,1,1095,21,40,20,3,84,596,513,66,4,1179,0,0,0,1179
10/19/2002,BOS,MA,ANE,EN,Combined TRACON& Tower with Radar,457,375,24,0,856,13,33,0,0,46,470,408,24,0,902,0,0,0,902
10/20/2002,BOS,MA,ANE,EN,Combined TRACON& Tower with Radar,519,432,41,1,993,0,69,13,2,84,519,501,54,3,1077,3,0,3,1080
10/21/2002,BOS,MA,ANE,EN,Combined TRACON& Tower with Radar,559,459,44,1,1063,16,33,8,1,58,575,492,52,2,1121,11,0,11,1132
10/22/2002,BOS,MA,ANE,EN,Combined TRACON& Tower with Radar,576,474,46,0,1096,11,30,18,0,59,587,504,64,0,1155,0,0,0,1155
10/23/2002,BOS,MA,ANE,EN,Combined TRACON& Tower with Radar,587,501,48,0,1136,0,10,25,0,35,587,511,73,0,1171,0,0,0,1171
10/24/2002,BOS,MA,ANE,EN,Combined TRACON& Tower with Radar,593,488,46,1,1128,1,23,22,0,46,594,511,68,1,1174,5,0,5,1179
10/25/2002,BOS,MA,ANE,EN,Combined TRACON& Tower with Radar,577,474,45,0,1096,18,29,9,0,56,595,503,54,0,1152,0,0,0,1152
10/26/2002,BOS,MA,ANE,EN,Combined TRACON& Tower with Radar,454,373,15,0,842,10,14,0,0,24,464,387,15,0,866,0,0,0,866
10/27/2002,BOS,MA,ANE,EN,Combined TRACON& Tower with Radar,488,406,39,0,933,0,43,8,2,53,488,449,47,2,986,0,0,0,986
10/28/2002,BOS,MA,ANE,EN,Combined TRACON& Tower with Radar,576,475,45,0,1096,17,7,32,1,57,593,482,77,1,1153,6,0,6,1159
10/29/2002,BOS,MA,ANE,EN,Combined TRACON& Tower with Radar,590,488,46,1,1125,0,15,32,1,48,590,503,78,2,1173,0,0,0,1173
10/30/2002,BOS,MA,ANE,EN,Combined TRACON& Tower with Radar,573,473,45,0,1091,17,3,12,4,36,590,476,57,4,1127,4,0,4,1131
10/31/2002,BOS,MA,ANE,EN,Combined TRACON& Tower with Radar,562,463,44,0,1069,44,28,2,0,74,606,491,46,0,1143,0,0,0,1143
11/01/2002,BOS,MA,ANE,EN,Combined TRACON& Tower with Radar,576,459,43,1,1079,0,36,1,1,38,576,495,44,2,1117,0,0,0,1117
11/02/2002,BOS,MA,ANE,EN,Combined TRACON& Tower with Radar,433,344,32,0,809,13,14,3,0,30,446,358,35,0,839,0,0,0,839
11/03/2002,BOS,MA,ANE,EN,Combined TRACON& Tower with Radar,482,383,36,0,901,9,24,18,0,51,491,407,54,0,952,0,0,0,952
11/04/2002,BOS,MA,ANE,EN,Combined TRACON& Tower with Radar,547,437,41,0,1025,0,27,9,0,36,547,464,50,0,1061,0,0,0,1061
11/05/2002,BOS,MA,ANE,EN,Combined TRACON& Tower with Radar,573,458,42,0,1073,0,31,24,0,55,573,489,66,0,1128,0,0,0,1128
11/06/2002,BOS,MA,ANE,EN,Combined TRACON& Tower with Radar,556,449,42,1,1048,0,3,10,0,13,556,452,52,1,1061,0,0,0,1061
11/07/2002,BOS,MA,ANE,EN,Combined TRACON& Tower with Radar,565,448,41,0,1054,1,15,29,0,45,566,463,70,0,1099,0,0,0,1099
11/08/2002,BOS,MA,ANE,EN,Combined TRACON& Tower with Radar,578,459,42,1,1080,0,52,14,1,67,578,511,56,2,1147,0,0,0,1147
11/09/2002,BOS,MA,ANE,EN,Combined TRACON& Tower with Radar,429,340,32,0,801,24,17,4,2,47,453,357,36,2,848,0,0,0,848
11/10/2002,BOS,MA,ANE,EN,Combined TRACON& Tower with Radar,494,392,35,1,922,0,13,0,1,14,494,405,35,2,936,0,0,0,936
11/11/2002,BOS,MA,ANE,EN,Combined TRACON& Tower with Radar,555,440,41,1,1037,2,3,5,2,12,557,443,46,3,1049,0,0,0,1049
11/12/2002,BOS,MA,ANE,EN,Combined TRACON& Tower with Radar,570,454,42,0,1066,0,22,4,0,26,570,476,46,0,1092,0,0,0,1092
11/13/2002,BOS,MA,ANE,EN,Combined TRACON& Tower with Radar,571,454,42,0,1067,0,41,18,0,59,571,495,60,0,1126,0,0,0,1126
11/14/2002,BOS,MA,ANE,EN,Combined TRACON& Tower with Radar,574,476,44,0,1094,0,15,61,0,76,574,491,105,0,1170,0,0,0,1170
11/15/2002,BOS,MA,ANE,EN,Combined TRACON& Tower with Radar,579,468,42,2,1091,0,32,8,1,41,579,500,50,3,1132,0,0,0,1132
11/16/2002,BOS,MA,ANE,EN,Combined TRACON& Tower with Radar,432,340,24,0,796,13,0,0,0,13,445,340,24,0,809,0,0,0,809
11/17/2002,BOS,MA,ANE,EN,Combined TRACON& Tower with Radar,485,383,20,1,889,15,0,0,0,15,500,383,20,1,904,0,0,0,904
11/18/2002,BOS,MA,ANE,EN,Combined TRACON& Tower with Radar,541,442,40,2,1025,0,18,26,2,46,541,460,66,4,1071,0,0,0,1071
11/19/2002,BOS,MA,ANE,EN,Combined TRACON& Tower with Radar,569,468,42,2,1081,0,30,46,0,76,569,498,88,2,1157,0,0,0,1157
11/20/2002,BOS,MA,ANE,EN,Combined TRACON& Tower with Radar,584,490,44,2,1120,0,20,62,0,82,584,510,106,2,1202,0,0,0,1202
11/21/2002,BOS,MA,ANE,EN,Combined TRACON& Tower with Radar,581,424,42,2,1049,9,0,25,2,36,590,424,67,4,1085,0,0,0,1085
11/22/2002,BOS,MA,ANE,EN,Combined TRACON& Tower with Radar,593,477,43,2,1115,0,2,9,1,12,593,479,52,3,1127,0,0,0,1127
11/23/2002,BOS,MA,ANE,EN,Combined TRACON& Tower with Radar,432,341,16,0,789,12,22,0,0,34,444,363,16,0,823,0,0,0,823
11/24/2002,BOS,MA,ANE,EN,Combined TRACON& Tower with Radar,480,379,27,0,886,17,36,0,0,53,497,415,27,0,939,0,0,0,939
11/25/2002,BOS,MA,ANE,EN,Combined TRACON& Tower with Radar,543,436,40,1,1020,0,50,22,0,72,543,486,62,1,1092,0,0,0,1092
11/26/2002,BOS,MA,ANE,EN,Combined TRACON& Tower with Radar,576,465,42,0,1083,0,54,32,0,86,576,519,74,0,1169,0,0,0,1169
11/27/2002,BOS,MA,ANE,EN,Combined TRACON& Tower with Radar,565,448,16,1,1030,8,26,0,1,35,573,474,16,2,1065,0,0,0,1065
11/28/2002,BOS,MA,ANE,EN,Combined TRACON& Tower with Radar,367,290,14,0,671,27,37,0,0,64,394,327,14,0,735,0,0,0,735
11/29/2002,BOS,MA,ANE,EN,Combined TRACON& Tower with Radar,360,285,20,0,665,20,22,0,1,43,380,307,20,1,708,0,0,0,708
11/30/2002,BOS,MA,ANE,EN,Combined TRACON& Tower with Radar,426,337,15,0,778,22,47,0,0,69,448,384,15,0,847,0,0,0,847
12/01/2002,BOS,MA,ANE,EN,Combined TRACON& Tower with Radar,536,401,32,0,969,1,80,3,1,85,537,481,35,1,1054,0,0,0,1054
12/02/2002,BOS,MA,ANE,EN,Combined TRACON& Tower with Radar,538,420,34,1,993,0,76,26,3,105,538,496,60,4,1098,0,0,0,1098
12/03/2002,BOS,MA,ANE,EN,Combined TRACON& Tower with Radar,565,428,34,0,1027,0,33,23,0,56,565,461,57,0,1083,0,0,0,1083
12/04/2002,BOS,MA,ANE,EN,Combined TRACON& Tower with Radar,559,444,35,1,1039,0,38,67,0,105,559,482,102,1,1144,0,0,0,1144
12/05/2002,BOS,MA,ANE,EN,Combined TRACON& Tower with Radar,442,326,27,0,795,18,0,2,1,21,460,326,29,1,816,0,0,0,816
12/06/2002,BOS,MA,ANE,EN,Combined TRACON& Tower with Radar,199,141,15,0,355,0,0,0,0,0,199,141,15,0,355,0,0,0,355
12/07/2002,BOS,MA,ANE,EN,Combined TRACON& Tower with Radar,402,301,17,0,720,26,39,0,2,67,428,340,17,2,787,0,0,0,787
12/08/2002,BOS,MA,ANE,EN,Combined TRACON& Tower with Radar,496,371,31,0,898,3,63,10,0,76,499,434,41,0,974,0,0,0,974
12/09/2002,BOS,MA,ANE,EN,Combined TRACON& Tower with Radar,534,414,33,1,982,0,40,30,0,70,534,454,63,1,1052,0,0,0,1052
12/10/2002,BOS,MA,ANE,EN,Combined TRACON& Tower with Radar,560,440,35,0,1035,0,30,37,0,67,560,470,72,0,1102,0,0,0,1102
12/11/2002,BOS,MA,ANE,EN,Combined TRACON& Tower with Radar,571,436,35,0,1042,0,12,24,0,36,571,448,59,0,1078,0,0,0,1078
12/12/2002,BOS,MA,ANE,EN,Combined TRACON& Tower with Radar,575,447,36,1,1059,0,19,12,0,31,575,466,48,1,1090,0,0,0,1090
12/13/2002,BOS,MA,ANE,EN,Combined TRACON& Tower with Radar,579,439,34,1,1053,0,34,31,0,65,579,473,65,1,1118,21,0,21,1139
12/14/2002,BOS,MA,ANE,EN,Combined TRACON& Tower with Radar,425,316,11,1,753,16,0,0,0,16,441,316,11,1,769,0,0,0,769
12/15/2002,BOS,MA,ANE,EN,Combined TRACON& Tower with Radar,500,374,29,1,904,12,7,18,1,38,512,381,47,2,942,0,0,0,942
12/16/2002,BOS,MA,ANE,EN,Combined TRACON& Tower with Radar,552,431,34,2,1019,0,22,11,5,38,552,453,45,7,1057,0,0,0,1057
12/17/2002,BOS,MA,ANE,EN,Combined TRACON& Tower with Radar,590,472,37,2,1101,0,11,73,2,86,590,483,110,4,1187,0,0,0,1187
12/18/2002,BOS,MA,ANE,EN,Combined TRACON& Tower with Radar,588,447,35,0,1070,0,36,38,0,74,588,483,73,0,1144,0,0,0,1144
12/19/2002,BOS,MA,ANE,EN,Combined TRACON& Tower with Radar,601,447,35,2,1085,8,14,33,0,55,609,461,68,2,1140,0,0,0,1140
12/20/2002,BOS,MA,ANE,EN,Combined TRACON& Tower with Radar,594,434,19,1,1048,24,0,0,0,24,618,434,19,1,1072,0,0,0,1072
12/21/2002,BOS,MA,ANE,EN,Combined TRACON& Tower with Radar,447,332,17,1,797,21,16,0,0,37,468,348,17,1,834,0,0,0,834
12/22/2002,BOS,MA,ANE,EN,Combined TRACON& Tower with Radar,496,369,13,1,879,35,12,0,5,52,531,381,13,6,931,0,0,0,931
12/23/2002,BOS,MA,ANE,EN,Combined TRACON& Tower with Radar,525,391,30,1,947,21,11,10,2,44,546,402,40,3,991,31,0,31,1022
12/24/2002,BOS,MA,ANE,EN,Combined TRACON& Tower with Radar,409,305,18,0,732,9,32,0,0,41,418,337,18,0,773,0,0,0,773
12/25/2002,BOS,MA,ANE,EN,Combined TRACON& Tower with Radar,255,190,7,0,452,0,12,0,0,12,255,202,7,0,464,0,0,0,464
12/26/2002,BOS,MA,ANE,EN,Combined TRACON& Tower with Radar,453,332,25,0,810,8,0,0,0,8,461,332,25,0,818,0,0,0,818
12/27/2002,BOS,MA,ANE,EN,Combined TRACON& Tower with Radar,525,391,31,1,948,1,57,9,1,68,526,448,40,2,1016,0,0,0,1016
12/28/2002,BOS,MA,ANE,EN,Combined TRACON& Tower with Radar,423,316,22,0,761,21,8,0,2,31,444,324,22,2,792,3,0,3,795
12/29/2002,BOS,MA,ANE,EN,Combined TRACON& Tower with Radar,480,358,18,0,856,18,29,0,0,47,498,387,18,0,903,0,0,0,903
12/30/2002,BOS,MA,ANE,EN,Combined TRACON& Tower with Radar,487,364,29,0,880,8,36,0,0,44,495,400,29,0,924,0,0,0,924
12/31/2002,BOS,MA,ANE,EN,Combined TRACON& Tower with Radar,414,274,10,0,698,49,0,0,1,50,463,274,10,1,748,0,0,0,748
01/01/2003,BOS,MA,ANE,EN,Combined TRACON& Tower with Radar,416,314,12,0,742,14,22,0,1,37,430,336,12,1,779,0,0,0,779
01/02/2003,BOS,MA,ANE,EN,Combined TRACON& Tower with Radar,522,387,13,0,922,33,0,0,1,34,555,387,13,1,956,0,0,0,956
01/03/2003,BOS,MA,ANE,EN,Combined TRACON& Tower with Radar,512,386,13,0,911,15,7,0,0,22,527,393,13,0,933,0,0,0,933
01/04/2003,BOS,MA,ANE,EN,Combined TRACON& Tower with Radar,397,282,17,0,696,25,0,0,2,27,422,282,17,2,723,0,0,0,723
01/05/2003,BOS,MA,ANE,EN,Combined TRACON& Tower with Radar,470,355,29,0,854,28,0,3,0,31,498,355,32,0,885,0,0,0,885
01/06/2003,BOS,MA,ANE,EN,Combined TRACON& Tower with Radar,563,431,35,0,1029,0,0,20,0,20,563,431,55,0,1049,0,0,0,1049
01/07/2003,BOS,MA,ANE,EN,Combined TRACON& Tower with Radar,549,422,34,0,1005,0,27,6,0,33,549,449,40,0,1038,0,0,0,1038
01/08/2003,BOS,MA,ANE,EN,Combined TRACON& Tower with Radar,550,418,33,1,1002,0,16,10,2,28,550,434,43,3,1030,0,0,0,1030
01/09/2003,BOS,MA,ANE,EN,Combined TRACON& Tower with Radar,562,433,34,0,1029,0,19,7,0,26,562,452,41,0,1055,0,0,0,1055
01/10/2003,BOS,MA,ANE,EN,Combined TRACON& Tower with Radar,560,422,23,1,1006,2,31,0,0,33,562,453,23,1,1039,0,0,0,1039
01/11/2003,BOS,MA,ANE,EN,Combined TRACON& Tower with Radar,388,292,17,1,698,26,4,0,0,30,414,296,17,1,728,0,0,0,728
01/12/2003,BOS,MA,ANE,EN,Combined TRACON& Tower with Radar,470,354,27,1,852,18,0,15,1,34,488,354,42,2,886,0,0,0,886
01/13/2003,BOS,MA,ANE,EN,Combined TRACON& Tower with Radar,552,427,33,1,1013,0,21,31,0,52,552,448,64,1,1065,0,0,0,1065
01/14/2003,BOS,MA,ANE,EN,Combined TRACON& Tower with Radar,548,425,33,0,1006,0,22,41,0,63,548,447,74,0,1069,0,0,0,1069
01/15/2003,BOS,MA,ANE,EN,Combined TRACON& Tower with Radar,546,435,34,1,1016,0,30,36,0,66,546,465,70,1,1082,0,0,0,1082
01/16/2003,BOS,MA,ANE,EN,Combined TRACON& Tower with Radar,580,439,34,0,1053,0,32,13,0,45,580,471,47,0,1098,0,0,0,1098
01/17/2003,BOS,MA,ANE,EN,Combined TRACON& Tower with Radar,557,432,33,0,1022,0,29,16,0,45,557,461,49,0,1067,0,0,0,1067
01/18/2003,BOS,MA,ANE,EN,Combined TRACON& Tower with Radar,396,296,23,1,716,25,0,0,0,25,421,296,23,1,741,0,0,0,741
01/19/2003,BOS,MA,ANE,EN,Combined TRACON& Tower with Radar,457,343,27,1,828,17,6,4,0,27,474,349,31,1,855,0,0,0,855
01/20/2003,BOS,MA,ANE,EN,Combined TRACON& Tower with Radar,538,411,32,1,982,0,17,8,2,27,538,428,40,3,1009,0,0,0,1009
01/21/2003,BOS,MA,ANE,EN,Combined TRACON& Tower with Radar,554,417,33,0,1004,0,10,21,0,31,554,427,54,0,1035,0,0,0,1035
01/22/2003,BOS,MA,ANE,EN,Combined TRACON& Tower with Radar,544,426,33,1,1004,0,29,23,2,54,544,455,56,3,1058,0,0,0,1058
01/23/2003,BOS,MA,ANE,EN,Combined TRACON& Tower with Radar,560,435,34,1,1030,0,18,44,1,63,560,453,78,2,1093,0,0,0,1093
01/24/2003,BOS,MA,ANE,EN,Combined TRACON& Tower with Radar,571,431,34,0,1036,0,44,14,0,58,571,475,48,0,1094,0,0,0,1094
01/25/2003,BOS,MA,ANE,EN,Combined TRACON& Tower with Radar,385,289,15,1,690,29,0,0,2,31,414,289,15,3,721,0,0,0,721
01/26/2003,BOS,MA,ANE,EN,Combined TRACON& Tower with Radar,466,350,17,0,833,20,11,0,0,31,486,361,17,0,864,0,0,0,864
01/27/2003,BOS,MA,ANE,EN,Combined TRACON& Tower with Radar,539,417,33,0,989,0,34,16,0,50,539,451,49,0,1039,0,0,0,1039
01/28/2003,BOS,MA,ANE,EN,Combined TRACON& Tower with Radar,540,413,33,0,986,0,26,18,0,44,540,439,51,0,1030,0,0,0,1030
01/29/2003,BOS,MA,ANE,EN,Combined TRACON& Tower with Radar,542,424,33,0,999,0,8,27,0,35,542,432,60,0,1034,0,0,0,1034
01/30/2003,BOS,MA,ANE,EN,Combined TRACON& Tower with Radar,554,434,34,1,1023,0,18,41,0,59,554,452,75,1,1082,0,0,0,1082
01/31/2003,BOS,MA,ANE,EN,Combined TRACON& Tower with Radar,548,426,33,0,1007,0,10,22,0,32,548,436,55,0,1039,0,0,0,1039
02/01/2003,BOS,MA,ANE,EN,Combined TRACON& Tower with Radar,397,295,12,0,704,14,1,0,0,15,411,296,12,0,719,0,0,0,719
02/02/2003,BOS,MA,ANE,EN,Combined TRACON& Tower with Radar,452,316,21,0,789,29,0,0,0,29,481,316,21,0,818,0,0,0,818
02/03/2003,BOS,MA,ANE,EN,Combined TRACON& Tower with Radar,530,417,37,0,984,0,34,21,1,56,530,451,58,1,1040,0,0,0,1040
02/04/2003,BOS,MA,ANE,EN,Combined TRACON& Tower with Radar,566,423,38,0,1027,0,8,1,0,9,566,431,39,0,1036,0,0,0,1036
02/05/2003,BOS,MA,ANE,EN,Combined TRACON& Tower with Radar,549,427,38,0,1014,0,31,24,0,55,549,458,62,0,1069,0,0,0,1069
02/06/2003,BOS,MA,ANE,EN,Combined TRACON& Tower with Radar,563,434,39,0,1036,0,9,47,2,58,563,443,86,2,1094,0,0,0,1094
02/07/2003,BOS,MA,ANE,EN,Combined TRACON& Tower with Radar,395,267,26,0,688,21,0,6,0,27,416,267,32,0,715,0,0,0,715
02/08/2003,BOS,MA,ANE,EN,Combined TRACON& Tower with Radar,392,291,26,0,709,15,15,2,3,35,407,306,28,3,744,0,0,0,744
02/09/2003,BOS,MA,ANE,EN,Combined TRACON& Tower with Radar,463,343,23,0,829,12,24,0,0,36,475,367,23,0,865,0,0,0,865
02/10/2003,BOS,MA,ANE,EN,Combined TRACON& Tower with Radar,513,410,37,0,960,0,35,25,0,60,513,445,62,0,1020,5,0,5,1025
02/11/2003,BOS,MA,ANE,EN,Combined TRACON& Tower with Radar,550,430,38,0,1018,0,44,22,0,66,550,474,60,0,1084,0,0,0,1084
02/12/2003,BOS,MA,ANE,EN,Combined TRACON& Tower with Radar,550,413,37,0,1000,0,14,14,0,28,550,427,51,0,1028,0,0,0,1028
02/13/2003,BOS,MA,ANE,EN,Combined TRACON& Tower with Radar,591,452,39,1,1083,0,35,8,2,45,591,487,47,3,1128,0,0,0,1128
02/14/2003,BOS,MA,ANE,EN,Combined TRACON& Tower with Radar,596,443,39,1,1079,0,53,2,11,66,596,496,41,12,1145,0,0,0,1145
02/15/2003,BOS,MA,ANE,EN,Combined TRACON& Tower with Radar,414,304,14,1,733,39,0,0,0,39,453,304,14,1,772,0,0,0,772
02/16/2003,BOS,MA,ANE,EN,Combined TRACON& Tower with Radar,377,267,21,0,665,45,0,0,0,45,422,267,21,0,710,4,0,4,714
02/17/2003,BOS,MA,ANE,EN,Combined TRACON& Tower with Radar,146,107,4,0,257,9,0,0,0,9,155,107,4,0,266,0,0,0,266
02/18/2003,BOS,MA,ANE,EN,Combined TRACON& Tower with Radar,181,101,9,0,291,38,0,0,0,38,219,101,9,0,329,0,0,0,329
02/19/2003,BOS,MA,ANE,EN,Combined TRACON& Tower with Radar,552,425,38,0,1015,0,37,27,0,64,552,462,65,0,1079,0,0,0,1079
02/20/2003,BOS,MA,ANE,EN,Combined TRACON& Tower with Radar,576,435,38,0,1049,0,40,18,0,58,576,475,56,0,1107,0,0,0,1107
02/21/2003,BOS,MA,ANE,EN,Combined TRACON& Tower with Radar,591,439,38,0,1068,0,39,17,0,56,591,478,55,0,1124,0,0,0,1124
02/22/2003,BOS,MA,ANE,EN,Combined TRACON& Tower with Radar,406,276,8,0,690,45,0,0,0,45,451,276,8,0,735,0,0,0,735
02/23/2003,BOS,MA,ANE,EN,Combined TRACON& Tower with Radar,438,285,16,0,739,53,0,0,0,53,491,285,16,0,792,0,0,0,792
02/24/2003,BOS,MA,ANE,EN,Combined TRACON& Tower with Radar,555,416,37,0,1008,0,22,15,0,37,555,438,52,0,1045,17,0,17,1062
02/25/2003,BOS,MA,ANE,EN,Combined TRACON& Tower with Radar,542,420,37,0,999,0,36,24,0,60,542,456,61,0,1059,0,0,0,1059
02/26/2003,BOS,MA,ANE,EN,Combined TRACON& Tower with Radar,554,427,37,0,1018,0,37,10,0,47,554,464,47,0,1065,4,0,4,1069
02/27/2003,BOS,MA,ANE,EN,Combined TRACON& Tower with Radar,570,438,38,0,1046,0,17,29,1,47,570,455,67,1,1093,0,0,0,1093
02/28/2003,BOS,MA,ANE,EN,Combined TRACON& Tower with Radar,580,449,39,0,1068,0,24,14,0,38,580,473,53,0,1106,0,0,0,1106
03/01/2003,BOS,MA,ANE,EN,Combined TRACON& Tower with Radar,406,315,22,0,743,21,11,0,1,33,427,326,22,1,776,0,0,0,776
03/02/2003,BOS,MA,ANE,EN,Combined TRACON& Tower with Radar,491,351,34,0,876,19,0,10,0,29,510,351,44,0,905,0,0,0,905
03/03/2003,BOS,MA,ANE,EN,Combined TRACON& Tower with Radar,533,413,37,0,983,0,21,18,0,39,533,434,55,0,1022,0,0,0,1022
03/04/2003,BOS,MA,ANE,EN,Combined TRACON& Tower with Radar,524,432,38,0,994,0,30,32,0,62,524,462,70,0,1056,0,0,0,1056
03/05/2003,BOS,MA,ANE,EN,Combined TRACON& Tower with Radar,584,456,40,0,1080,0,11,2,0,13,584,467,42,0,1093,0,0,0,1093
03/06/2003,BOS,MA,ANE,EN,Combined TRACON& Tower with Radar,462,315,32,0,809,42,0,3,1,46,504,315,35,1,855,0,0,0,855
03/07/2003,BOS,MA,ANE,EN,Combined TRACON& Tower with Radar,575,449,39,0,1063,0,45,6,2,53,575,494,45,2,1116,7,0,7,1123
03/08/2003,BOS,MA,ANE,EN,Combined TRACON& Tower with Radar,405,313,28,0,746,21,5,3,2,31,426,318,31,2,777,0,0,0,777
03/09/2003,BOS,MA,ANE,EN,Combined TRACON& Tower with Radar,429,366,26,0,821,0,13,0,1,14,429,379,26,1,835,0,0,0,835
03/10/2003,BOS,MA,ANE,EN,Combined TRACON& Tower with Radar,547,423,37,0,1007,1,27,10,1,39,548,450,47,1,1046,0,0,0,1046
03/11/2003,BOS,MA,ANE,EN,Combined TRACON& Tower with Radar,546,443,39,0,1028,0,38,22,0,60,546,481,61,0,1088,0,0,0,1088
03/12/2003,BOS,MA,ANE,EN,Combined TRACON& Tower with Radar,558,451,40,0,1049,0,23,25,0,48,558,474,65,0,1097,0,0,0,1097
03/13/2003,BOS,MA,ANE,EN,Combined TRACON& Tower with Radar,566,455,39,1,1061,0,0,33,1,34,566,455,72,2,1095,0,0,0,1095
03/14/2003,BOS,MA,ANE,EN,Combined TRACON& Tower with Radar,577,447,39,1,1064,5,44,3,2,54,582,491,42,3,1118,0,0,0,1118
03/15/2003,BOS,MA,ANE,EN,Combined TRACON& Tower with Radar,402,310,21,1,734,30,9,0,0,39,432,319,21,1,773,4,0,4,777
03/16/2003,BOS,MA,ANE,EN,Combined TRACON& Tower with Radar,452,330,13,0,795,47,0,0,0,47,499,330,13,0,842,0,0,0,842
03/17/2003,BOS,MA,ANE,EN,Combined TRACON& Tower with Radar,566,441,38,0,1045,0,16,11,0,27,566,457,49,0,1072,0,0,0,1072
03/18/2003,BOS,MA,ANE,EN,Combined TRACON& Tower with Radar,580,459,40,1,1080,0,23,2,1,26,580,482,42,2,1106,0,0,0,1106
03/19/2003,BOS,MA,ANE,EN,Combined TRACON& Tower with Radar,555,448,39,1,1043,0,34,32,0,66,555,482,71,1,1109,0,0,0,1109
03/20/2003,BOS,MA,ANE,EN,Combined TRACON& Tower with Radar,570,447,38,1,1056,0,33,6,0,39,570,480,44,1,1095,0,0,0,1095
03/21/2003,BOS,MA,ANE,EN,Combined TRACON& Tower with Radar,570,440,29,1,1040,11,0,0,1,12,581,440,29,2,1052,0,0,0,1052
03/22/2003,BOS,MA,ANE,EN,Combined TRACON& Tower with Radar,410,302,17,1,730,27,0,0,0,27,437,302,17,1,757,0,0,0,757
03/23/2003,BOS,MA,ANE,EN,Combined TRACON& Tower with Radar,476,367,32,0,875,11,18,6,0,35,487,385,38,0,910,0,0,0,910
03/24/2003,BOS,MA,ANE,EN,Combined TRACON& Tower with Radar,559,434,37,1,1031,0,12,5,1,18,559,446,42,2,1049,0,0,0,1049
03/25/2003,BOS,MA,ANE,EN,Combined TRACON& Tower with Radar,558,453,39,0,1050,0,23,24,0,47,558,476,63,0,1097,0,0,0,1097
03/26/2003,BOS,MA,ANE,EN,Combined TRACON& Tower with Radar,559,444,38,0,1041,0,21,12,0,33,559,465,50,0,1074,0,0,0,1074
03/27/2003,BOS,MA,ANE,EN,Combined TRACON& Tower with Radar,555,437,37,0,1029,0,35,12,0,47,555,472,49,0,1076,38,0,38,1114
03/28/2003,BOS,MA,ANE,EN,Combined TRACON& Tower with Radar,565,437,37,1,1040,0,38,18,1,57,565,475,55,2,1097,0,0,0,1097
03/29/2003,BOS,MA,ANE,EN,Combined TRACON& Tower with Radar,425,320,28,0,773,16,0,4,0,20,441,320,32,0,793,0,0,0,793
03/30/2003,BOS,MA,ANE,EN,Combined TRACON& Tower with Radar,467,368,26,0,861,0,18,0,0,18,467,386,26,0,879,0,0,0,879
03/31/2003,BOS,MA,ANE,EN,Combined TRACON& Tower with Radar,525,426,36,0,987,0,21,20,2,43,525,447,56,2,1030,6,0,6,1036
04/01/2003,BOS,MA,ANE,EN,Combined TRACON& Tower with Radar,528,458,49,1,1036,9,8,0,2,19,537,466,49,3,1055,0,0,0,1055
04/02/2003,BOS,MA,ANE,EN,Combined TRACON& Tower with Radar,533,467,51,1,1052,0,6,18,0,24,533,473,69,1,1076,0,0,0,1076
04/03/2003,BOS,MA,ANE,EN,Combined TRACON& Tower with Radar,536,462,51,0,1049,7,0,4,0,11,543,462,55,0,1060,0,0,0,1060
04/04/2003,BOS,MA,ANE,EN,Combined TRACON& Tower with Radar,497,432,28,1,958,0,19,0,0,19,497,451,28,1,977,0,0,0,977
04/05/2003,BOS,MA,ANE,EN,Combined TRACON& Tower with Radar,393,333,10,0,736,34,0,0,3,37,427,333,10,3,773,0,0,0,773
04/06/2003,BOS,MA,ANE,EN,Combined TRACON& Tower with Radar,424,369,39,0,832,26,19,0,0,45,450,388,39,0,877,0,0,0,877
04/07/2003,BOS,MA,ANE,EN,Combined TRACON& Tower with Radar,461,401,43,0,905,4,25,4,0,33,465,426,47,0,938,0,0,0,938
04/08/2003,BOS,MA,ANE,EN,Combined TRACON& Tower with Radar,499,451,49,0,999,0,17,7,0,24,499,468,56,0,1023,0,0,0,1023
04/09/2003,BOS,MA,ANE,EN,Combined TRACON& Tower with Radar,502,465,50,0,1017,0,19,16,0,35,502,484,66,0,1052,0,0,0,1052
04/10/2003,BOS,MA,ANE,EN,Combined TRACON& Tower with Radar,523,460,49,0,1032,0,32,20,0,52,523,492,69,0,1084,0,0,0,1084
04/11/2003,BOS,MA,ANE,EN,Combined TRACON& Tower with Radar,531,469,37,1,1038,0,39,0,0,39,531,508,37,1,1077,3,0,3,1080
04/12/2003,BOS,MA,ANE,EN,Combined TRACON& Tower with Radar,377,322,13,0,712,37,0,0,0,37,414,322,13,0,749,0,0,0,749
04/13/2003,BOS,MA,ANE,EN,Combined TRACON& Tower with Radar,429,373,39,0,841,27,15,0,0,42,456,388,39,0,883,0,0,0,883
04/14/2003,BOS,MA,ANE,EN,Combined TRACON& Tower with Radar,488,430,46,2,966,0,32,12,2,46,488,462,58,4,1012,0,0,0,1012
04/15/2003,BOS,MA,ANE,EN,Combined TRACON& Tower with Radar,513,451,48,2,1014,0,39,21,0,60,513,490,69,2,1074,0,0,0,1074
04/16/2003,BOS,MA,ANE,EN,Combined TRACON& Tower with Radar,526,476,51,2,1055,0,18,39,2,59,526,494,90,4,1114,0,0,0,1114
04/17/2003,BOS,MA,ANE,EN,Combined TRACON& Tower with Radar,523,452,48,2,1025,1,29,13,0,43,524,481,61,2,1068,0,0,0,1068
04/18/2003,BOS,MA,ANE,EN,Combined TRACON& Tower with Radar,514,445,45,0,1004,23,33,0,0,56,537,478,45,0,1060,0,0,0,1060
04/19/2003,BOS,MA,ANE,EN,Combined TRACON& Tower with Radar,387,332,23,1,743,35,0,0,0,35,422,332,23,1,778,0,0,0,778
04/20/2003,BOS,MA,ANE,EN,Combined TRACON& Tower with Radar,427,370,35,1,833,38,20,0,0,58,465,390,35,1,891,0,0,0,891
04/21/2003,BOS,MA,ANE,EN,Combined TRACON& Tower with Radar,515,459,49,0,1023,0,0,77,0,77,515,459,126,0,1100,0,0,0,1100
04/22/2003,BOS,MA,ANE,EN,Combined TRACON& Tower with Radar,526,477,51,1,1055,0,23,2,0,25,526,500,53,1,1080,0,0,0,1080
04/23/2003,BOS,MA,ANE,EN,Combined TRACON& Tower with Radar,500,467,49,1,1017,0,24,17,5,46,500,491,66,6,1063,0,0,0,1063
04/24/2003,BOS,MA,ANE,EN,Combined TRACON& Tower with Radar,536,488,52,0,1076,0,4,64,0,68,536,492,116,0,1144,0,0,0,1144
04/25/2003,BOS,MA,ANE,EN,Combined TRACON& Tower with Radar,531,472,50,1,1054,0,45,51,2,98,531,517,101,3,1152,14,0,14,1166
04/26/2003,BOS,MA,ANE,EN,Combined TRACON& Tower with Radar,403,333,25,0,761,32,0,0,1,33,435,333,25,1,794,0,0,0,794
04/27/2003,BOS,MA,ANE,EN,Combined TRACON& Tower with Radar,465,404,43,1,913,13,22,4,1,40,478,426,47,2,953,0,0,0,953
04/28/2003,BOS,MA,ANE,EN,Combined TRACON& Tower with Radar,516,449,48,1,1014,0,39,13,4,56,516,488,61,5,1070,0,0,0,1070
04/29/2003,BOS,MA,ANE,EN,Combined TRACON& Tower with Radar,503,458,49,1,1011,0,47,25,1,73,503,505,74,2,1084,0,0,0,1084
04/30/2003,BOS,MA,ANE,EN,Combined TRACON& Tower with Radar,488,445,47,1,981,0,37,38,5,80,488,482,85,6,1061,0,0,0,1061
05/01/2003,BOS,MA,ANE,EN,Combined TRACON& Tower with Radar,517,499,51,0,1067,0,18,18,0,36,517,517,69,0,1103,0,0,0,1103
05/02/2003,BOS,MA,ANE,EN,Combined TRACON& Tower with Radar,521,485,49,0,1055,10,26,7,0,43,531,511,56,0,1098,10,0,10,1108
05/03/2003,BOS,MA,ANE,EN,Combined TRACON& Tower with Radar,360,319,34,0,713,43,0,0,0,43,403,319,34,0,756,0,0,0,756
05/04/2003,BOS,MA,ANE,EN,Combined TRACON& Tower with Radar,406,378,38,0,822,52,4,2,0,58,458,382,40,0,880,0,0,0,880
05/05/2003,BOS,MA,ANE,EN,Combined TRACON& Tower with Radar,495,466,47,0,1008,0,33,23,0,56,495,499,70,0,1064,0,0,0,1064
05/06/2003,BOS,MA,ANE,EN,Combined TRACON& Tower with Radar,516,485,49,0,1050,0,0,23,0,23,516,485,72,0,1073,0,0,0,1073
05/07/2003,BOS,MA,ANE,EN,Combined TRACON& Tower with Radar,500,481,48,1,1030,0,11,29,0,40,500,492,77,1,1070,0,0,0,1070
05/08/2003,BOS,MA,ANE,EN,Combined TRACON& Tower with Radar,524,501,49,1,1075,0,14,6,1,21,524,515,55,2,1096,0,0,0,1096
05/09/2003,BOS,MA,ANE,EN,Combined TRACON& Tower with Radar,516,484,43,1,1044,0,39,0,3,42,516,523,43,4,1086,10,0,10,1096
05/10/2003,BOS,MA,ANE,EN,Combined TRACON& Tower with Radar,351,327,32,0,710,38,10,0,0,48,389,337,32,0,758,6,0,6,764
05/11/2003,BOS,MA,ANE,EN,Combined TRACON& Tower with Radar,406,378,29,0,813,48,10,0,0,58,454,388,29,0,871,0,0,0,871
05/12/2003,BOS,MA,ANE,EN,Combined TRACON& Tower with Radar,494,475,47,1,1017,0,15,4,1,20,494,490,51,2,1037,0,0,0,1037
05/13/2003,BOS,MA,ANE,EN,Combined TRACON& Tower with Radar,507,496,49,0,1052,0,13,41,0,54,507,509,90,0,1106,0,0,0,1106
05/14/2003,BOS,MA,ANE,EN,Combined TRACON& Tower with Radar,512,504,50,1,1067,0,7,55,0,62,512,511,105,1,1129,0,0,0,1129
05/15/2003,BOS,MA,ANE,EN,Combined TRACON& Tower with Radar,523,493,49,1,1066,0,46,41,0,87,523,539,90,1,1153,0,0,0,1153
05/16/2003,BOS,MA,ANE,EN,Combined TRACON& Tower with Radar,508,505,43,1,1057,0,48,0,5,53,508,553,43,6,1110,5,0,5,1115
05/17/2003,BOS,MA,ANE,EN,Combined TRACON& Tower with Radar,365,335,24,0,724,35,0,0,0,35,400,335,24,0,759,0,0,0,759
05/18/2003,BOS,MA,ANE,EN,Combined TRACON& Tower with Radar,404,375,37,1,817,139,57,21,2,219,543,432,58,3,1036,0,0,0,1036
05/19/2003,BOS,MA,ANE,EN,Combined TRACON& Tower with Radar,493,457,45,1,996,0,35,51,0,86,493,492,96,1,1082,0,0,0,1082
05/20/2003,BOS,MA,ANE,EN,Combined TRACON& Tower with Radar,524,485,48,0,1057,0,29,40,0,69,524,514,88,0,1126,0,0,0,1126
05/21/2003,BOS,MA,ANE,EN,Combined TRACON& Tower with Radar,507,486,49,0,1042,0,24,19,0,43,507,510,68,0,1085,0,0,0,1085
05/22/2003,BOS,MA,ANE,EN,Combined TRACON& Tower with Radar,526,509,50,1,1086,0,31,34,0,65,526,540,84,1,1151,0,0,0,1151
05/23/2003,BOS,MA,ANE,EN,Combined TRACON& Tower with Radar,521,538,32,0,1091,0,83,0,0,83,521,621,32,0,1174,0,0,0,1174
05/24/2003,BOS,MA,ANE,EN,Combined TRACON& Tower with Radar,363,335,0,0,698,27,7,0,0,34,390,342,0,0,732,0,0,0,732
05/25/2003,BOS,MA,ANE,EN,Combined TRACON& Tower with Radar,362,322,13,0,697,33,0,0,0,33,395,322,13,0,730,0,0,0,730
05/26/2003,BOS,MA,ANE,EN,Combined TRACON& Tower with Radar,458,441,14,1,914,0,49,0,0,49,458,490,14,1,963,0,0,0,963
05/27/2003,BOS,MA,ANE,EN,Combined TRACON& Tower with Radar,495,495,49,0,1039,0,43,11,0,54,495,538,60,0,1093,0,0,0,1093
05/28/2003,BOS,MA,ANE,EN,Combined TRACON& Tower with Radar,503,470,40,1,1014,0,33,0,1,34,503,503,40,2,1048,0,0,0,1048
05/29/2003,BOS,MA,ANE,EN,Combined TRACON& Tower with Radar,522,492,48,1,1063,0,47,14,0,61,522,539,62,1,1124,2,0,2,1126
05/30/2003,BOS,MA,ANE,EN,Combined TRACON& Tower with Radar,504,466,46,1,1017,8,74,0,1,83,512,540,46,2,1100,10,0,10,1110
05/31/2003,BOS,MA,ANE,EN,Combined TRACON& Tower with Radar,355,330,23,0,708,46,4,0,1,51,401,334,23,1,759,0,0,0,759
06/01/2003,BOS,MA,ANE,EN,Combined TRACON& Tower with Radar,443,415,28,0,886,24,0,0,0,24,467,415,28,0,910,0,0,0,910
06/02/2003,BOS,MA,ANE,EN,Combined TRACON& Tower with Radar,516,495,46,1,1058,4,49,37,2,92,520,544,83,3,1150,0,0,0,1150
06/03/2003,BOS,MA,ANE,EN,Combined TRACON& Tower with Radar,525,503,47,1,1076,9,31,35,5,80,534,534,82,6,1156,0,0,0,1156
06/04/2003,BOS,MA,ANE,EN,Combined TRACON& Tower with Radar,526,527,50,1,1104,0,0,58,6,64,526,527,108,7,1168,0,0,0,1168
06/05/2003,BOS,MA,ANE,EN,Combined TRACON& Tower with Radar,533,537,50,1,1121,0,4,22,6,32,533,541,72,7,1153,0,0,0,1153
06/06/2003,BOS,MA,ANE,EN,Combined TRACON& Tower with Radar,512,492,46,0,1050,28,66,20,0,114,540,558,66,0,1164,0,0,0,1164
06/07/2003,BOS,MA,ANE,EN,Combined TRACON& Tower with Radar,382,366,25,0,773,20,13,0,0,33,402,379,25,0,806,0,0,0,806
06/08/2003,BOS,MA,ANE,EN,Combined TRACON& Tower with Radar,461,450,29,0,940,0,23,0,0,23,461,473,29,0,963,0,0,0,963
06/09/2003,BOS,MA,ANE,EN,Combined TRACON& Tower with Radar,525,523,49,0,1097,0,16,57,0,73,525,539,106,0,1170,0,0,0,1170
06/10/2003,BOS,MA,ANE,EN,Combined TRACON& Tower with Radar,531,510,47,0,1088,10,27,26,0,63,541,537,73,0,1151,0,0,0,1151
06/11/2003,BOS,MA,ANE,EN,Combined TRACON& Tower with Radar,528,516,48,0,1092,0,23,23,0,46,528,539,71,0,1138,0,0,0,1138
06/12/2003,BOS,MA,ANE,EN,Combined TRACON& Tower with Radar,550,544,51,0,1145,0,23,14,0,37,550,567,65,0,1182,0,0,0,1182
06/13/2003,BOS,MA,ANE,EN,Combined TRACON& Tower with Radar,558,553,43,1,1155,0,38,0,0,38,558,591,43,1,1193,0,0,0,1193
06/14/2003,BOS,MA,ANE,EN,Combined TRACON& Tower with Radar,428,411,16,2,857,1,28,0,0,29,429,439,16,2,886,0,0,0,886
06/15/2003,BOS,MA,ANE,EN,Combined TRACON& Tower with Radar,487,467,35,2,991,6,66,0,0,72,493,533,35,2,1063,0,0,0,1063
06/16/2003,BOS,MA,ANE,EN,Combined TRACON& Tower with Radar,536,516,47,0,1099,0,37,51,0,88,536,553,98,0,1187,0,0,0,1187
06/17/2003,BOS,MA,ANE,EN,Combined TRACON& Tower with Radar,547,525,48,2,1122,25,25,34,0,84,572,550,82,2,1206,0,0,0,1206
06/18/2003,BOS,MA,ANE,EN,Combined TRACON& Tower with Radar,549,552,50,2,1153,0,21,16,0,37,549,573,66,2,1190,0,0,0,1190
06/19/2003,BOS,MA,ANE,EN,Combined TRACON& Tower with Radar,557,537,49,0,1143,0,50,1,0,51,557,587,50,0,1194,0,0,0,1194
06/20/2003,BOS,MA,ANE,EN,Combined TRACON& Tower with Radar,534,511,46,2,1093,20,102,0,0,122,554,613,46,2,1215,0,0,0,1215
06/21/2003,BOS,MA,ANE,EN,Combined TRACON& Tower with Radar,420,401,20,2,843,10,39,0,2,51,430,440,20,4,894,0,0,0,894
06/22/2003,BOS,MA,ANE,EN,Combined TRACON& Tower with Radar,489,469,26,0,984,0,21,0,0,21,489,490,26,0,1005,0,0,0,1005
06/23/2003,BOS,MA,ANE,EN,Combined TRACON& Tower with Radar,534,537,49,1,1121,0,60,8,0,68,534,597,57,1,1189,0,0,0,1189
06/24/2003,BOS,MA,ANE,EN,Combined TRACON& Tower with Radar,543,520,47,1,1111,24,42,13,0,79,567,562,60,1,1190,0,0,0,1190
06/25/2003,BOS,MA,ANE,EN,Combined TRACON& Tower with Radar,563,540,49,1,1153,0,48,37,2,87,563,588,86,3,1240,0,0,0,1240
06/26/2003,BOS,MA,ANE,EN,Combined TRACON& Tower with Radar,558,534,49,1,1142,14,58,31,1,104,572,592,80,2,1246,0,0,0,1246
06/27/2003,BOS,MA,ANE,EN,Combined TRACON& Tower with Radar,548,558,51,0,1157,0,60,5,0,65,548,618,56,0,1222,0,0,0,1222
06/28/2003,BOS,MA,ANE,EN,Combined TRACON& Tower with Radar,416,399,36,1,852,22,97,7,1,127,438,496,43,2,979,0,0,0,979
06/29/2003,BOS,MA,ANE,EN,Combined TRACON& Tower with Radar,471,452,41,0,964,14,94,0,0,108,485,546,41,0,1072,0,0,0,1072
06/30/2003,BOS,MA,ANE,EN,Combined TRACON& Tower with Radar,513,492,40,1,1046,1,47,0,1,49,514,539,40,2,1095,10,0,10,1105
07/01/2003,BOS,MA,ANE,EN,Combined TRACON& Tower with Radar,510,500,45,1,1056,28,83,11,3,125,538,583,56,4,1181,0,0,0,1181
07/02/2003,BOS,MA,ANE,EN,Combined TRACON& Tower with Radar,525,518,46,0,1089,0,119,31,0,150,525,637,77,0,1239,0,0,0,1239
07/03/2003,BOS,MA,ANE,EN,Combined TRACON& Tower with Radar,529,541,49,1,1120,0,111,13,0,124,529,652,62,1,1244,0,0,0,1244
07/04/2003,BOS,MA,ANE,EN,Combined TRACON& Tower with Radar,372,370,27,0,769,0,52,0,3,55,372,422,27,3,824,0,0,0,824
07/05/2003,BOS,MA,ANE,EN,Combined TRACON& Tower with Radar,392,386,29,0,807,25,74,0,2,101,417,460,29,2,908,0,0,0,908
07/06/2003,BOS,MA,ANE,EN,Combined TRACON& Tower with Radar,477,467,42,1,987,5,140,8,0,153,482,607,50,1,1140,0,0,0,1140
07/07/2003,BOS,MA,ANE,EN,Combined TRACON& Tower with Radar,511,501,45,1,1058,8,150,0,1,159,519,651,45,2,1217,0,0,0,1217
07/08/2003,BOS,MA,ANE,EN,Combined TRACON& Tower with Radar,543,538,48,1,1130,0,59,9,1,69,543,597,57,2,1199,0,0,0,1199
07/09/2003,BOS,MA,ANE,EN,Combined TRACON& Tower with Radar,545,549,49,1,1144,0,22,56,1,79,545,571,105,2,1223,0,0,0,1223
07/10/2003,BOS,MA,ANE,EN,Combined TRACON& Tower with Radar,552,542,49,1,1144,5,50,54,5,114,557,592,103,6,1258,0,0,0,1258
07/11/2003,BOS,MA,ANE,EN,Combined TRACON& Tower with Radar,561,582,37,0,1180,0,48,0,0,48,561,630,37,0,1228,0,0,0,1228
07/12/2003,BOS,MA,ANE,EN,Combined TRACON& Tower with Radar,413,406,26,0,845,19,66,0,0,85,432,472,26,0,930,0,0,0,930
07/13/2003,BOS,MA,ANE,EN,Combined TRACON& Tower with Radar,478,469,42,0,989,4,112,4,0,120,482,581,46,0,1109,0,0,0,1109
07/14/2003,BOS,MA,ANE,EN,Combined TRACON& Tower with Radar,542,531,47,1,1121,2,77,11,0,90,544,608,58,1,1211,0,0,0,1211
07/15/2003,BOS,MA,ANE,EN,Combined TRACON& Tower with Radar,553,541,48,1,1143,3,49,1,0,53,556,590,49,1,1196,0,0,0,1196
07/16/2003,BOS,MA,ANE,EN,Combined TRACON& Tower with Radar,541,543,48,1,1133,0,39,9,0,48,541,582,57,1,1181,0,0,0,1181
07/17/2003,BOS,MA,ANE,EN,Combined TRACON& Tower with Radar,548,549,48,1,1146,0,94,36,0,130,548,643,84,1,1276,0,0,0,1276
07/18/2003,BOS,MA,ANE,EN,Combined TRACON& Tower with Radar,545,533,47,0,1125,10,125,10,0,145,555,658,57,0,1270,0,0,0,1270
07/19/2003,BOS,MA,ANE,EN,Combined TRACON& Tower with Radar,432,430,35,0,897,0,73,0,0,73,432,503,35,0,970,0,0,0,970
07/20/2003,BOS,MA,ANE,EN,Combined TRACON& Tower with Radar,460,450,39,0,949,23,138,6,0,167,483,588,45,0,1116,0,0,0,1116
07/21/2003,BOS,MA,ANE,EN,Combined TRACON& Tower with Radar,525,515,45,2,1087,0,86,20,2,108,525,601,65,4,1195,6,0,6,1201
07/22/2003,BOS,MA,ANE,EN,Combined TRACON& Tower with Radar,528,531,47,0,1106,0,4,22,0,26,528,535,69,0,1132,0,0,0,1132
07/23/2003,BOS,MA,ANE,EN,Combined TRACON& Tower with Radar,551,563,49,1,1164,0,16,29,1,46,551,579,78,2,1210,0,0,0,1210
07/24/2003,BOS,MA,ANE,EN,Combined TRACON& Tower with Radar,566,579,51,1,1197,0,38,36,0,74,566,617,87,1,1271,0,0,0,1271
07/25/2003,BOS,MA,ANE,EN,Combined TRACON& Tower with Radar,548,537,47,0,1132,10,126,24,0,160,558,663,71,0,1292,9,0,9,1301
07/26/2003,BOS,MA,ANE,EN,Combined TRACON& Tower with Radar,401,393,28,0,822,24,123,0,4,151,425,516,28,4,973,0,0,0,973
07/27/2003,BOS,MA,ANE,EN,Combined TRACON& Tower with Radar,472,470,41,1,984,0,140,1,1,142,472,610,42,2,1126,1,0,1,1127
07/28/2003,BOS,MA,ANE,EN,Combined TRACON& Tower with Radar,515,504,44,1,1064,25,96,30,4,155,540,600,74,5,1219,0,0,0,1219
07/29/2003,BOS,MA,ANE,EN,Combined TRACON& Tower with Radar,550,541,47,1,1139,0,63,37,0,100,550,604,84,1,1239,0,0,0,1239
07/30/2003,BOS,MA,ANE,EN,Combined TRACON& Tower with Radar,540,529,46,1,1116,3,88,39,0,130,543,617,85,1,1246,0,0,0,1246
07/31/2003,BOS,MA,ANE,EN,Combined TRACON& Tower with Radar,545,539,47,1,1132,0,103,37,3,143,545,642,84,4,1275,0,0,0,1275
08/01/2003,BOS,MA,ANE,EN,Combined TRACON& Tower with Radar,540,583,39,1,1163,0,52,0,0,52,540,635,39,1,1215,0,0,0,1215
08/02/2003,BOS,MA,ANE,EN,Combined TRACON& Tower with Radar,446,476,15,1,938,0,55,0,0,55,446,531,15,1,993,0,0,0,993
08/03/2003,BOS,MA,ANE,EN,Combined TRACON& Tower with Radar,485,506,29,0,1020,0,48,0,0,48,485,554,29,0,1068,2,0,2,1070
08/04/2003,BOS,MA,ANE,EN,Combined TRACON& Tower with Radar,520,532,40,0,1092,0,31,8,0,39,520,563,48,0,1131,9,0,9,1140
08/05/2003,BOS,MA,ANE,EN,Combined TRACON& Tower with Radar,550,551,42,1,1144,0,22,15,0,37,550,573,57,1,1181,0,0,0,1181
08/06/2003,BOS,MA,ANE,EN,Combined TRACON& Tower with Radar,548,561,42,1,1152,0,25,31,4,60,548,586,73,5,1212,0,0,0,1212
08/07/2003,BOS,MA,ANE,EN,Combined TRACON& Tower with Radar,556,590,44,0,1190,0,38,37,0,75,556,628,81,0,1265,0,0,0,1265
08/08/2003,BOS,MA,ANE,EN,Combined TRACON& Tower with Radar,559,595,34,1,1189,0,55,0,4,59,559,650,34,5,1248,0,0,0,1248
08/09/2003,BOS,MA,ANE,EN,Combined TRACON& Tower with Radar,437,442,22,0,901,0,71,0,0,71,437,513,22,0,972,0,0,0,972
08/10/2003,BOS,MA,ANE,EN,Combined TRACON& Tower with Radar,477,491,24,1,993,0,90,0,0,90,477,581,24,1,1083,0,0,0,1083
08/11/2003,BOS,MA,ANE,EN,Combined TRACON& Tower with Radar,530,552,42,0,1124,0,82,26,0,108,530,634,68,0,1232,0,0,0,1232
08/12/2003,BOS,MA,ANE,EN,Combined TRACON& Tower with Radar,549,583,44,0,1176,0,23,29,0,52,549,606,73,0,1228,0,0,0,1228
08/13/2003,BOS,MA,ANE,EN,Combined TRACON& Tower with Radar,546,566,43,1,1156,0,34,5,1,40,546,600,48,2,1196,0,0,0,1196
08/14/2003,BOS,MA,ANE,EN,Combined TRACON& Tower with Radar,518,516,39,0,1073,13,91,44,0,148,531,607,83,0,1221,0,0,0,1221
08/15/2003,BOS,MA,ANE,EN,Combined TRACON& Tower with Radar,508,505,38,1,1052,26,112,37,4,179,534,617,75,5,1231,0,0,0,1231
08/16/2003,BOS,MA,ANE,EN,Combined TRACON& Tower with Radar,422,417,31,2,872,11,98,5,0,114,433,515,36,2,986,0,0,0,986
08/17/2003,BOS,MA,ANE,EN,Combined TRACON& Tower with Radar,480,480,35,2,997,0,93,9,3,105,480,573,44,5,1102,0,0,0,1102
08/18/2003,BOS,MA,ANE,EN,Combined TRACON& Tower with Radar,540,536,39,2,1117,5,101,30,0,136,545,637,69,2,1253,0,0,0,1253
08/19/2003,BOS,MA,ANE,EN,Combined TRACON& Tower with Radar,509,504,37,1,1051,15,63,47,0,125,524,567,84,1,1176,0,0,0,1176
08/20/2003,BOS,MA,ANE,EN,Combined TRACON& Tower with Radar,524,520,39,0,1083,12,61,51,0,124,536,581,90,0,1207,3,0,3,1210
08/21/2003,BOS,MA,ANE,EN,Combined TRACON& Tower with Radar,527,523,39,1,1090,23,83,40,0,146,550,606,79,1,1236,0,0,0,1236
08/22/2003,BOS,MA,ANE,EN,Combined TRACON& Tower with Radar,556,557,41,1,1155,0,41,12,0,53,556,598,53,1,1208,0,0,0,1208
08/23/2003,BOS,MA,ANE,EN,Combined TRACON& Tower with Radar,390,387,28,2,807,37,96,1,1,135,427,483,29,3,942,0,0,0,942
08/24/2003,BOS,MA,ANE,EN,Combined TRACON& Tower with Radar,462,457,34,2,955,21,128,3,1,153,483,585,37,3,1108,0,0,0,1108
08/25/2003,BOS,MA,ANE,EN,Combined TRACON& Tower with Radar,516,511,38,2,1067,17,121,35,2,175,533,632,73,4,1242,0,0,0,1242
08/26/2003,BOS,MA,ANE,EN,Combined TRACON& Tower with Radar,506,501,37,0,1044,35,47,45,0,127,541,548,82,0,1171,0,0,0,1171
08/27/2003,BOS,MA,ANE,EN,Combined TRACON& Tower with Radar,526,522,39,2,1089,20,63,7,0,90,546,585,46,2,1179,0,0,0,1179
08/28/2003,BOS,MA,ANE,EN,Combined TRACON& Tower with Radar,532,528,39,1,1100,21,96,32,3,152,553,624,71,4,1252,0,0,0,1252
08/29/2003,BOS,MA,ANE,EN,Combined TRACON& Tower with Radar,519,515,38,0,1072,36,98,24,0,158,555,613,62,0,1230,16,0,16,1246
08/30/2003,BOS,MA,ANE,EN,Combined TRACON& Tower with Radar,417,415,30,0,862,7,51,5,0,63,424,466,35,0,925,0,0,0,925
08/31/2003,BOS,MA,ANE,EN,Combined TRACON& Tower with Radar,383,380,28,1,792,25,53,17,3,98,408,433,45,4,890,0,0,0,890
09/01/2003,BOS,MA,ANE,EN,Combined TRACON& Tower with Radar,442,423,31,1,897,30,113,0,23,166,472,536,31,24,1063,0,0,0,1063
09/02/2003,BOS,MA,ANE,EN,Combined TRACON& Tower with Radar,523,553,59,1,1136,0,66,2,1,69,523,619,61,2,1205,0,0,0,1205
09/03/2003,BOS,MA,ANE,EN,Combined TRACON& Tower with Radar,542,543,58,1,1144,0,38,24,2,64,542,581,82,3,1208,0,0,0,1208
09/04/2003,BOS,MA,ANE,EN,Combined TRACON& Tower with Radar,545,575,62,1,1183,0,33,19,3,55,545,608,81,4,1238,0,0,0,1238
09/05/2003,BOS,MA,ANE,EN,Combined TRACON& Tower with Radar,553,552,59,1,1165,0,60,7,4,71,553,612,66,5,1236,6,0,6,1242
09/06/2003,BOS,MA,ANE,EN,Combined TRACON& Tower with Radar,376,361,35,0,772,32,68,0,5,105,408,429,35,5,877,0,0,0,877
09/07/2003,BOS,MA,ANE,EN,Combined TRACON& Tower with Radar,444,424,46,0,914,21,100,26,0,147,465,524,72,0,1061,0,0,0,1061
09/08/2003,BOS,MA,ANE,EN,Combined TRACON& Tower with Radar,527,517,55,1,1100,0,67,45,1,113,527,584,100,2,1213,32,0,32,1245
09/09/2003,BOS,MA,ANE,EN,Combined TRACON& Tower with Radar,546,541,58,1,1146,0,36,62,2,100,546,577,120,3,1246,0,0,0,1246
09/10/2003,BOS,MA,ANE,EN,Combined TRACON& Tower with Radar,533,510,55,0,1098,10,69,57,0,136,543,579,112,0,1234,32,0,32,1266
09/11/2003,BOS,MA,ANE,EN,Combined TRACON& Tower with Radar,475,457,49,0,981,0,86,28,0,114,475,543,77,0,1095,0,0,0,1095
09/12/2003,BOS,MA,ANE,EN,Combined TRACON& Tower with Radar,543,519,56,1,1119,5,112,15,2,134,548,631,71,3,1253,12,0,12,1265
09/13/2003,BOS,MA,ANE,EN,Combined TRACON& Tower with Radar,395,378,28,0,801,24,34,0,0,58,419,412,28,0,859,0,0,0,859
09/14/2003,BOS,MA,ANE,EN,Combined TRACON& Tower with Radar,464,460,48,2,974,0,95,3,2,100,464,555,51,4,1074,0,0,0,1074
09/15/2003,BOS,MA,ANE,EN,Combined TRACON& Tower with Radar,522,540,57,1,1120,0,62,19,0,81,522,602,76,1,1201,0,0,0,1201
09/16/2003,BOS,MA,ANE,EN,Combined TRACON& Tower with Radar,548,533,56,0,1137,0,20,14,0,34,548,553,70,0,1171,0,0,0,1171
09/17/2003,BOS,MA,ANE,EN,Combined TRACON& Tower with Radar,529,508,53,0,1090,10,73,16,0,99,539,581,69,0,1189,0,0,0,1189
09/18/2003,BOS,MA,ANE,EN,Combined TRACON& Tower with Radar,480,430,44,0,954,34,0,0,0,34,514,430,44,0,988,0,0,0,988
09/19/2003,BOS,MA,ANE,EN,Combined TRACON& Tower with Radar,525,501,25,0,1051,5,31,0,0,36,530,532,25,0,1087,0,0,0,1087
09/20/2003,BOS,MA,ANE,EN,Combined TRACON& Tower with Radar,382,365,27,0,774,30,27,0,0,57,412,392,27,0,831,0,0,0,831
09/21/2003,BOS,MA,ANE,EN,Combined TRACON& Tower with Radar,445,424,45,2,916,27,76,2,0,105,472,500,47,2,1021,0,0,0,1021
09/22/2003,BOS,MA,ANE,EN,Combined TRACON& Tower with Radar,522,499,52,1,1074,6,70,14,1,91,528,569,66,2,1165,0,0,0,1165
09/23/2003,BOS,MA,ANE,EN,Combined TRACON& Tower with Radar,513,470,51,1,1035,14,0,28,1,43,527,470,79,2,1078,0,0,0,1078
09/24/2003,BOS,MA,ANE,EN,Combined TRACON& Tower with Radar,546,522,55,0,1123,0,31,58,0,89,546,553,113,0,1212,0,0,0,1212
09/25/2003,BOS,MA,ANE,EN,Combined TRACON& Tower with Radar,557,533,56,1,1147,1,50,39,0,90,558,583,95,1,1237,0,0,0,1237
09/26/2003,BOS,MA,ANE,EN,Combined TRACON& Tower with Radar,555,556,59,1,1171,0,34,2,1,37,555,590,61,2,1208,8,0,8,1216
09/27/2003,BOS,MA,ANE,EN,Combined TRACON& Tower with Radar,391,374,16,0,781,27,2,0,1,30,418,376,16,1,811,0,0,0,811
09/28/2003,BOS,MA,ANE,EN,Combined TRACON& Tower with Radar,470,449,41,1,961,4,1,0,1,6,474,450,41,2,967,0,0,0,967
09/29/2003,BOS,MA,ANE,EN,Combined TRACON& Tower with Radar,525,505,53,1,1084,0,47,24,0,71,525,552,77,1,1155,0,0,0,1155
09/30/2003,BOS,MA,ANE,EN,Combined TRACON& Tower with Radar,540,516,54,1,1111,5,31,34,0,70,545,547,88,1,1181,0,0,0,1181
10/01/2003,BOS,MA,ANE,EN,Combined TRACON& Tower with Radar,542,485,53,0,1080,0,54,33,0,87,542,539,86,0,1167,0,0,0,1167
10/02/2003,BOS,MA,ANE,EN,Combined TRACON& Tower with Radar,565,508,55,1,1129,0,59,7,0,66,565,567,62,1,1195,0,0,0,1195
10/03/2003,BOS,MA,ANE,EN,Combined TRACON& Tower with Radar,554,498,54,0,1106,0,100,18,0,118,554,598,72,0,1224,0,0,0,1224
10/04/2003,BOS,MA,ANE,EN,Combined TRACON& Tower with Radar,399,354,29,0,782,26,13,0,0,39,425,367,29,0,821,0,0,0,821
10/05/2003,BOS,MA,ANE,EN,Combined TRACON& Tower with Radar,457,405,42,0,904,15,94,0,0,109,472,499,42,0,1013,0,0,0,1013
10/06/2003,BOS,MA,ANE,EN,Combined TRACON& Tower with Radar,521,461,45,0,1027,19,88,0,0,107,540,549,45,0,1134,35,0,35,1169
10/07/2003,BOS,MA,ANE,EN,Combined TRACON& Tower with Radar,543,481,52,1,1077,11,36,19,4,70,554,517,71,5,1147,0,0,0,1147
10/08/2003,BOS,MA,ANE,EN,Combined TRACON& Tower with Radar,545,482,52,1,1080,11,25,31,6,73,556,507,83,7,1153,0,0,0,1153
10/09/2003,BOS,MA,ANE,EN,Combined TRACON& Tower with Radar,565,516,56,0,1137,0,58,51,0,109,565,574,107,0,1246,0,0,0,1246
10/10/2003,BOS,MA,ANE,EN,Combined TRACON& Tower with Radar,569,538,53,1,1161,0,76,0,2,78,569,614,53,3,1239,8,0,8,1247
10/11/2003,BOS,MA,ANE,EN,Combined TRACON& Tower with Radar,419,381,42,0,842,0,17,13,2,32,419,398,55,2,874,3,0,3,877
10/12/2003,BOS,MA,ANE,EN,Combined TRACON& Tower with Radar,461,411,45,1,918,0,1,1,1,3,461,412,46,2,921,0,0,0,921
10/13/2003,BOS,MA,ANE,EN,Combined TRACON& Tower with Radar,530,489,53,1,1073,0,117,15,0,132,530,606,68,1,1205,37,0,37,1242
10/14/2003,BOS,MA,ANE,EN,Combined TRACON& Tower with Radar,547,491,52,2,1092,0,58,37,0,95,547,549,89,2,1187,13,0,13,1200
10/15/2003,BOS,MA,ANE,EN,Combined TRACON& Tower with Radar,551,488,52,2,1093,2,5,8,3,18,553,493,60,5,1111,0,0,0,1111
10/16/2003,BOS,MA,ANE,EN,Combined TRACON& Tower with Radar,557,493,52,2,1104,3,34,33,0,70,560,527,85,2,1174,0,0,0,1174
10/17/2003,BOS,MA,ANE,EN,Combined TRACON& Tower with Radar,555,491,52,0,1098,11,48,13,0,72,566,539,65,0,1170,0,0,0,1170
10/18/2003,BOS,MA,ANE,EN,Combined TRACON& Tower with Radar,388,342,32,0,762,28,13,0,0,41,416,355,32,0,803,0,0,0,803
10/19/2003,BOS,MA,ANE,EN,Combined TRACON& Tower with Radar,460,406,39,0,905,4,25,0,0,29,464,431,39,0,934,2,0,2,936
10/20/2003,BOS,MA,ANE,EN,Combined TRACON& Tower with Radar,532,468,50,0,1050,7,42,27,0,76,539,510,77,0,1126,11,0,11,1137
10/21/2003,BOS,MA,ANE,EN,Combined TRACON& Tower with Radar,551,499,53,2,1105,0,5,35,0,40,551,504,88,2,1145,0,0,0,1145
10/22/2003,BOS,MA,ANE,EN,Combined TRACON& Tower with Radar,549,489,52,0,1090,0,8,12,0,20,549,497,64,0,1110,0,0,0,1110
10/23/2003,BOS,MA,ANE,EN,Combined TRACON& Tower with Radar,570,521,55,1,1147,0,13,21,0,34,570,534,76,1,1181,0,0,0,1181
10/24/2003,BOS,MA,ANE,EN,Combined TRACON& Tower with Radar,558,492,52,2,1104,9,41,9,1,60,567,533,61,3,1164,0,0,0,1164
10/25/2003,BOS,MA,ANE,EN,Combined TRACON& Tower with Radar,382,337,27,1,747,39,16,0,0,55,421,353,27,1,802,0,0,0,802
10/26/2003,BOS,MA,ANE,EN,Combined TRACON& Tower with Radar,458,406,44,0,908,0,18,2,0,20,458,424,46,0,928,0,0,0,928
10/27/2003,BOS,MA,ANE,EN,Combined TRACON& Tower with Radar,529,475,51,1,1056,0,9,13,0,22,529,484,64,1,1078,0,0,0,1078
10/28/2003,BOS,MA,ANE,EN,Combined TRACON& Tower with Radar,549,492,52,1,1094,0,22,34,0,56,549,514,86,1,1150,0,0,0,1150
10/29/2003,BOS,MA,ANE,EN,Combined TRACON& Tower with Radar,546,491,52,0,1089,0,3,12,0,15,546,494,64,0,1104,0,0,0,1104
10/30/2003,BOS,MA,ANE,EN,Combined TRACON& Tower with Radar,557,499,53,1,1110,0,14,58,0,72,557,513,111,1,1182,0,0,0,1182
10/31/2003,BOS,MA,ANE,EN,Combined TRACON& Tower with Radar,533,470,50,1,1054,18,32,23,2,75,551,502,73,3,1129,0,0,0,1129
11/01/2003,BOS,MA,ANE,EN,Combined TRACON& Tower with Radar,373,310,26,0,709,36,13,0,0,49,409,323,26,0,758,0,0,0,758
11/02/2003,BOS,MA,ANE,EN,Combined TRACON& Tower with Radar,434,362,23,0,819,27,17,0,3,47,461,379,23,3,866,0,0,0,866
11/03/2003,BOS,MA,ANE,EN,Combined TRACON& Tower with Radar,525,457,49,0,1031,0,34,13,0,47,525,491,62,0,1078,8,0,8,1086
11/04/2003,BOS,MA,ANE,EN,Combined TRACON& Tower with Radar,536,475,51,0,1062,0,25,11,2,38,536,500,62,2,1100,0,0,0,1100
11/05/2003,BOS,MA,ANE,EN,Combined TRACON& Tower with Radar,545,470,49,0,1064,0,1,19,0,20,545,471,68,0,1084,0,0,0,1084
11/06/2003,BOS,MA,ANE,EN,Combined TRACON& Tower with Radar,557,485,51,0,1093,0,23,26,1,50,557,508,77,1,1143,0,0,0,1143
11/07/2003,BOS,MA,ANE,EN,Combined TRACON& Tower with Radar,569,480,51,0,1100,0,28,21,4,53,569,508,72,4,1153,0,0,0,1153
11/08/2003,BOS,MA,ANE,EN,Combined TRACON& Tower with Radar,384,320,30,1,735,37,3,0,0,40,421,323,30,1,775,0,0,0,775
11/09/2003,BOS,MA,ANE,EN,Combined TRACON& Tower with Radar,438,365,38,1,842,20,13,6,0,39,458,378,44,1,881,0,0,0,881
11/10/2003,BOS,MA,ANE,EN,Combined TRACON& Tower with Radar,534,444,46,1,1025,9,33,8,2,52,543,477,54,3,1077,8,0,8,1085
11/11/2003,BOS,MA,ANE,EN,Combined TRACON& Tower with Radar,544,476,49,1,1070,0,28,34,1,63,544,504,83,2,1133,0,0,0,1133
11/12/2003,BOS,MA,ANE,EN,Combined TRACON& Tower with Radar,545,486,50,1,1082,0,20,39,1,60,545,506,89,2,1142,0,0,0,1142
11/13/2003,BOS,MA,ANE,EN,Combined TRACON& Tower with Radar,539,468,48,1,1056,0,16,30,0,46,539,484,78,1,1102,22,0,22,1124
11/14/2003,BOS,MA,ANE,EN,Combined TRACON& Tower with Radar,552,459,47,1,1059,9,15,7,1,32,561,474,54,2,1091,3,0,3,1094
11/15/2003,BOS,MA,ANE,EN,Combined TRACON& Tower with Radar,385,319,32,0,736,36,0,0,0,36,421,319,32,0,772,0,0,0,772
11/16/2003,BOS,MA,ANE,EN,Combined TRACON& Tower with Radar,435,362,37,0,834,26,8,3,0,37,461,370,40,0,871,0,0,0,871
11/17/2003,BOS,MA,ANE,EN,Combined TRACON& Tower with Radar,526,449,47,0,1022,0,29,29,0,58,526,478,76,0,1080,0,0,0,1080
11/18/2003,BOS,MA,ANE,EN,Combined TRACON& Tower with Radar,538,469,48,0,1055,0,21,47,0,68,538,490,95,0,1123,0,0,0,1123
11/19/2003,BOS,MA,ANE,EN,Combined TRACON& Tower with Radar,545,483,50,1,1079,0,23,33,2,58,545,506,83,3,1137,0,0,0,1137
11/20/2003,BOS,MA,ANE,EN,Combined TRACON& Tower with Radar,566,499,52,1,1118,0,16,20,4,40,566,515,72,5,1158,0,0,0,1158
11/21/2003,BOS,MA,ANE,EN,Combined TRACON& Tower with Radar,563,482,50,1,1096,0,19,17,1,37,563,501,67,2,1133,0,0,0,1133
11/22/2003,BOS,MA,ANE,EN,Combined TRACON& Tower with Radar,383,317,33,0,733,30,11,1,0,42,413,328,34,0,775,0,0,0,775
11/23/2003,BOS,MA,ANE,EN,Combined TRACON& Tower with Radar,443,366,37,1,847,31,5,0,0,36,474,371,37,1,883,0,0,0,883
11/24/2003,BOS,MA,ANE,EN,Combined TRACON& Tower with Radar,535,447,46,1,1029,0,20,6,0,26,535,467,52,1,1055,0,0,0,1055
11/25/2003,BOS,MA,ANE,EN,Combined TRACON& Tower with Radar,561,468,49,0,1078,0,49,6,0,55,561,517,55,0,1133,0,0,0,1133
11/26/2003,BOS,MA,ANE,EN,Combined TRACON& Tower with Radar,569,472,49,0,1090,1,74,9,0,84,570,546,58,0,1174,0,0,0,1174
11/27/2003,BOS,MA,ANE,EN,Combined TRACON& Tower with Radar,353,293,17,0,663,36,6,0,0,42,389,299,17,0,705,0,0,0,705
11/28/2003,BOS,MA,ANE,EN,Combined TRACON& Tower with Radar,374,298,27,0,699,18,0,0,0,18,392,298,27,0,717,0,0,0,717
11/29/2003,BOS,MA,ANE,EN,Combined TRACON& Tower with Radar,399,331,15,1,746,43,20,0,0,63,442,351,15,1,809,0,0,0,809
11/30/2003,BOS,MA,ANE,EN,Combined TRACON& Tower with Radar,502,419,43,0,964,0,50,14,0,64,502,469,57,0,1028,0,0,0,1028
12/01/2003,BOS,MA,ANE,EN,Combined TRACON& Tower with Radar,542,458,38,0,1038,0,52,37,0,89,542,510,75,0,1127,0,0,0,1127
12/02/2003,BOS,MA,ANE,EN,Combined TRACON& Tower with Radar,553,448,38,0,1039,0,27,20,0,47,553,475,58,0,1086,0,0,0,1086
12/03/2003,BOS,MA,ANE,EN,Combined TRACON& Tower with Radar,568,465,39,0,1072,0,42,37,0,79,568,507,76,0,1151,0,0,0,1151
12/04/2003,BOS,MA,ANE,EN,Combined TRACON& Tower with Radar,562,476,40,0,1078,0,64,45,1,110,562,540,85,1,1188,0,0,0,1188
12/05/2003,BOS,MA,ANE,EN,Combined TRACON& Tower with Radar,528,432,36,0,996,0,36,18,0,54,528,468,54,0,1050,0,0,0,1050
12/06/2003,BOS,MA,ANE,EN,Combined TRACON& Tower with Radar,99,71,5,0,175,8,0,0,0,8,107,71,5,0,183,0,0,0,183
12/07/2003,BOS,MA,ANE,EN,Combined TRACON& Tower with Radar,5,5,1,0,11,72,22,2,0,96,77,27,3,0,107,0,0,0,107
12/08/2003,BOS,MA,ANE,EN,Combined TRACON& Tower with Radar,474,368,31,0,873,27,16,13,0,56,501,384,44,0,929,0,0,0,929
12/09/2003,BOS,MA,ANE,EN,Combined TRACON& Tower with Radar,556,458,39,0,1053,0,31,49,0,80,556,489,88,0,1133,0,0,0,1133
12/10/2003,BOS,MA,ANE,EN,Combined TRACON& Tower with Radar,558,458,39,0,1055,0,14,38,1,53,558,472,77,1,1108,0,0,0,1108
12/11/2003,BOS,MA,ANE,EN,Combined TRACON& Tower with Radar,548,434,36,0,1018,0,13,2,1,16,548,447,38,1,1034,0,0,0,1034
12/12/2003,BOS,MA,ANE,EN,Combined TRACON& Tower with Radar,364,282,24,0,670,208,220,32,0,460,572,502,56,0,1130,0,0,0,1130
12/13/2003,BOS,MA,ANE,EN,Combined TRACON& Tower with Radar,408,316,26,0,750,18,9,17,0,44,426,325,43,0,794,0,0,0,794
12/14/2003,BOS,MA,ANE,EN,Combined TRACON& Tower with Radar,400,247,38,0,685,0,0,0,0,0,400,247,38,0,685,0,0,0,685
12/15/2003,BOS,MA,ANE,EN,Combined TRACON& Tower with Radar,514,397,33,1,945,0,0,22,4,26,514,397,55,5,971,0,0,0,971
12/16/2003,BOS,MA,ANE,EN,Combined TRACON& Tower with Radar,557,453,37,1,1048,0,34,31,0,65,557,487,68,1,1113,0,0,0,1113
12/17/2003,BOS,MA,ANE,EN,Combined TRACON& Tower with Radar,560,433,30,0,1023,5,17,0,0,22,565,450,30,0,1045,0,0,0,1045
12/18/2003,BOS,MA,ANE,EN,Combined TRACON& Tower with Radar,574,479,39,1,1093,0,49,31,0,80,574,528,70,1,1173,0,0,0,1173
12/19/2003,BOS,MA,ANE,EN,Combined TRACON& Tower with Radar,574,444,36,0,1054,0,43,6,0,49,574,487,42,0,1103,10,0,10,1113
12/20/2003,BOS,MA,ANE,EN,Combined TRACON& Tower with Radar,429,327,26,1,783,44,0,0,1,45,473,327,26,2,828,9,0,9,837
12/21/2003,BOS,MA,ANE,EN,Combined TRACON& Tower with Radar,443,342,19,0,804,31,7,0,0,38,474,349,19,0,842,0,0,0,842
12/22/2003,BOS,MA,ANE,EN,Combined TRACON& Tower with Radar,503,413,34,0,950,0,67,12,0,79,503,480,46,0,1029,29,0,29,1058
12/23/2003,BOS,MA,ANE,EN,Combined TRACON& Tower with Radar,394,304,25,1,724,144,176,13,0,333,538,480,38,1,1057,0,0,0,1057
12/24/2003,BOS,MA,ANE,EN,Combined TRACON& Tower with Radar,459,360,11,0,830,0,37,0,0,37,459,397,11,0,867,0,0,0,867
12/25/2003,BOS,MA,ANE,EN,Combined TRACON& Tower with Radar,346,266,1,0,613,20,8,0,0,28,366,274,1,0,641,0,0,0,641
12/26/2003,BOS,MA,ANE,EN,Combined TRACON& Tower with Radar,463,359,29,0,851,15,11,0,0,26,478,370,29,0,877,10,0,10,887
12/27/2003,BOS,MA,ANE,EN,Combined TRACON& Tower with Radar,403,313,16,0,732,26,14,0,3,43,429,327,16,3,775,0,0,0,775
12/28/2003,BOS,MA,ANE,EN,Combined TRACON& Tower with Radar,436,338,13,0,787,26,24,0,1,51,462,362,13,1,838,0,0,0,838
12/29/2003,BOS,MA,ANE,EN,Combined TRACON& Tower with Radar,495,387,20,0,902,0,61,0,0,61,495,448,20,0,963,0,0,0,963
12/30/2003,BOS,MA,ANE,EN,Combined TRACON& Tower with Radar,512,397,18,0,927,2,32,0,0,34,514,429,18,0,961,0,0,0,961
12/31/2003,BOS,MA,ANE,EN,Combined TRACON& Tower with Radar,444,344,20,0,808,7,34,0,1,42,451,378,20,1,850,0,0,0,850
01/01/2004,BOS,MA,ANE,EN,Combined TRACON& Tower with Radar,394,291,14,0,699,7,22,0,2,31,401,313,14,2,730,0,0,0,730
01/02/2004,BOS,MA,ANE,EN,Combined TRACON& Tower with Radar,466,351,12,0,829,0,32,0,1,33,466,383,12,1,862,2,0,2,864
01/03/2004,BOS,MA,ANE,EN,Combined TRACON& Tower with Radar,437,320,17,0,774,10,0,0,1,11,447,320,17,1,785,0,0,0,785
01/04/2004,BOS,MA,ANE,EN,Combined TRACON& Tower with Radar,448,334,22,0,804,0,23,0,1,24,448,357,22,1,828,0,0,0,828
01/05/2004,BOS,MA,ANE,EN,Combined TRACON& Tower with Radar,521,397,16,0,934,0,34,0,0,34,521,431,16,0,968,0,0,0,968
01/06/2004,BOS,MA,ANE,EN,Combined TRACON& Tower with Radar,553,424,33,0,1010,0,44,2,3,49,553,468,35,3,1059,0,0,0,1059
01/07/2004,BOS,MA,ANE,EN,Combined TRACON& Tower with Radar,554,425,33,0,1012,0,24,25,2,51,554,449,58,2,1063,0,0,0,1063
01/08/2004,BOS,MA,ANE,EN,Combined TRACON& Tower with Radar,553,426,34,0,1013,0,27,34,4,65,553,453,68,4,1078,0,0,0,1078
01/09/2004,BOS,MA,ANE,EN,Combined TRACON& Tower with Radar,570,425,33,0,1028,0,19,24,0,43,570,444,57,0,1071,9,0,9,1080
01/10/2004,BOS,MA,ANE,EN,Combined TRACON& Tower with Radar,394,279,18,0,691,38,0,0,0,38,432,279,18,0,729,2,0,2,731
01/11/2004,BOS,MA,ANE,EN,Combined TRACON& Tower with Radar,459,338,24,0,821,16,10,0,1,27,475,348,24,1,848,0,0,0,848
01/12/2004,BOS,MA,ANE,EN,Combined TRACON& Tower with Radar,526,391,29,0,946,0,21,0,0,21,526,412,29,0,967,0,0,0,967
01/13/2004,BOS,MA,ANE,EN,Combined TRACON& Tower with Radar,553,421,33,0,1007,0,31,7,0,38,553,452,40,0,1045,0,0,0,1045
01/14/2004,BOS,MA,ANE,EN,Combined TRACON& Tower with Radar,558,426,33,0,1017,0,30,28,0,58,558,456,61,0,1075,0,0,0,1075
01/15/2004,BOS,MA,ANE,EN,Combined TRACON& Tower with Radar,543,417,32,0,992,0,24,37,0,61,543,441,69,0,1053,0,0,0,1053
01/16/2004,BOS,MA,ANE,EN,Combined TRACON& Tower with Radar,571,425,32,0,1028,0,14,33,0,47,571,439,65,0,1075,0,0,0,1075
01/17/2004,BOS,MA,ANE,EN,Combined TRACON& Tower with Radar,406,286,20,0,712,38,0,0,0,38,444,286,20,0,750,0,0,0,750
01/18/2004,BOS,MA,ANE,EN,Combined TRACON& Tower with Radar,444,318,9,0,771,25,0,0,0,25,469,318,9,0,796,0,0,0,796
01/19/2004,BOS,MA,ANE,EN,Combined TRACON& Tower with Radar,540,397,30,0,967,9,15,16,0,40,549,412,46,0,1007,0,0,0,1007
01/20/2004,BOS,MA,ANE,EN,Combined TRACON& Tower with Radar,570,421,32,1,1024,0,13,11,1,25,570,434,43,2,1049,0,0,0,1049
01/21/2004,BOS,MA,ANE,EN,Combined TRACON& Tower with Radar,572,436,33,0,1041,0,17,50,0,67,572,453,83,0,1108,0,0,0,1108
01/22/2004,BOS,MA,ANE,EN,Combined TRACON& Tower with Radar,569,430,33,1,1033,0,38,7,0,45,569,468,40,1,1078,0,0,0,1078
01/23/2004,BOS,MA,ANE,EN,Combined TRACON& Tower with Radar,558,418,32,0,1008,0,41,38,0,79,558,459,70,0,1087,0,0,0,1087
01/24/2004,BOS,MA,ANE,EN,Combined TRACON& Tower with Radar,414,298,17,1,730,35,0,0,0,35,449,298,17,1,765,0,0,0,765
01/25/2004,BOS,MA,ANE,EN,Combined TRACON& Tower with Radar,449,328,25,0,802,29,0,5,0,34,478,328,30,0,836,0,0,0,836
01/26/2004,BOS,MA,ANE,EN,Combined TRACON& Tower with Radar,512,376,29,1,918,0,13,21,0,34,512,389,50,1,952,0,0,0,952
01/27/2004,BOS,MA,ANE,EN,Combined TRACON& Tower with Radar,506,370,28,0,904,0,0,19,0,19,506,370,47,0,923,0,0,0,923
01/28/2004,BOS,MA,ANE,EN,Combined TRACON& Tower with Radar,501,368,28,0,897,0,0,5,0,5,501,368,33,0,902,0,0,0,902
01/29/2004,BOS,MA,ANE,EN,Combined TRACON& Tower with Radar,568,431,33,0,1032,0,18,35,2,55,568,449,68,2,1087,11,0,11,1098
01/30/2004,BOS,MA,ANE,EN,Combined TRACON& Tower with Radar,585,430,33,0,1048,0,18,28,1,47,585,448,61,1,1095,12,0,12,1107
01/31/2004,BOS,MA,ANE,EN,Combined TRACON& Tower with Radar,401,275,20,0,696,48,0,0,0,48,449,275,20,0,744,0,0,0,744
02/01/2004,BOS,MA,ANE,EN,Combined TRACON& Tower with Radar,482,334,29,0,845,15,8,0,0,23,497,342,29,0,868,0,0,0,868
02/02/2004,BOS,MA,ANE,EN,Combined TRACON& Tower with Radar,586,428,44,0,1058,0,40,37,0,77,586,468,81,0,1135,0,0,0,1135
02/03/2004,BOS,MA,ANE,EN,Combined TRACON& Tower with Radar,584,433,45,0,1062,0,39,28,1,68,584,472,73,1,1130,0,0,0,1130
02/04/2004,BOS,MA,ANE,EN,Combined TRACON& Tower with Radar,578,434,44,0,1056,0,46,40,0,86,578,480,84,0,1142,0,0,0,1142
02/05/2004,BOS,MA,ANE,EN,Combined TRACON& Tower with Radar,574,425,43,0,1042,0,61,19,0,80,574,486,62,0,1122,0,0,0,1122
02/06/2004,BOS,MA,ANE,EN,Combined TRACON& Tower with Radar,527,367,37,0,931,0,7,0,0,7,527,374,37,0,938,0,0,0,938
02/07/2004,BOS,MA,ANE,EN,Combined TRACON& Tower with Radar,426,288,11,0,725,32,0,0,1,33,458,288,11,1,758,0,0,0,758
02/08/2004,BOS,MA,ANE,EN,Combined TRACON& Tower with Radar,476,330,28,0,834,6,21,0,0,27,482,351,28,0,861,0,0,0,861
02/09/2004,BOS,MA,ANE,EN,Combined TRACON& Tower with Radar,549,410,42,0,1001,0,40,46,1,87,549,450,88,1,1088,0,0,0,1088
02/10/2004,BOS,MA,ANE,EN,Combined TRACON& Tower with Radar,569,414,42,0,1025,0,43,20,2,65,569,457,62,2,1090,0,0,0,1090
02/11/2004,BOS,MA,ANE,EN,Combined TRACON& Tower with Radar,585,428,44,0,1057,0,40,44,0,84,585,468,88,0,1141,0,0,0,1141
02/12/2004,BOS,MA,ANE,EN,Combined TRACON& Tower with Radar,587,420,43,0,1050,0,35,26,2,63,587,455,69,2,1113,0,0,0,1113
02/13/2004,BOS,MA,ANE,EN,Combined TRACON& Tower with Radar,597,421,42,0,1060,0,51,13,0,64,597,472,55,0,1124,0,0,0,1124
02/14/2004,BOS,MA,ANE,EN,Combined TRACON& Tower with Radar,435,290,20,1,746,54,0,0,0,54,489,290,20,1,800,0,0,0,800
02/15/2004,BOS,MA,ANE,EN,Combined TRACON& Tower with Radar,471,326,20,1,818,32,8,0,0,40,503,334,20,1,858,0,0,0,858
02/16/2004,BOS,MA,ANE,EN,Combined TRACON& Tower with Radar,555,396,39,0,990,0,40,21,0,61,555,436,60,0,1051,0,0,0,1051
02/17/2004,BOS,MA,ANE,EN,Combined TRACON& Tower with Radar,584,426,42,1,1053,0,41,42,0,83,584,467,84,1,1136,0,0,0,1136
02/18/2004,BOS,MA,ANE,EN,Combined TRACON& Tower with Radar,584,422,42,1,1049,0,17,20,0,37,584,439,62,1,1086,0,0,0,1086
02/19/2004,BOS,MA,ANE,EN,Combined TRACON& Tower with Radar,588,422,18,0,1028,0,36,0,0,36,588,458,18,0,1064,0,0,0,1064
02/20/2004,BOS,MA,ANE,EN,Combined TRACON& Tower with Radar,602,420,42,0,1064,0,53,6,0,59,602,473,48,0,1123,0,0,0,1123
02/21/2004,BOS,MA,ANE,EN,Combined TRACON& Tower with Radar,453,299,11,0,763,34,0,0,0,34,487,299,11,0,797,0,0,0,797
02/22/2004,BOS,MA,ANE,EN,Combined TRACON& Tower with Radar,510,317,32,1,860,65,0,0,0,65,575,317,32,1,925,0,0,0,925
02/23/2004,BOS,MA,ANE,EN,Combined TRACON& Tower with Radar,563,357,39,0,959,0,0,0,0,0,563,357,39,0,959,0,0,0,959
02/24/2004,BOS,MA,ANE,EN,Combined TRACON& Tower with Radar,576,410,43,1,1030,0,0,28,9,37,576,410,71,10,1067,0,0,0,1067
02/25/2004,BOS,MA,ANE,EN,Combined TRACON& Tower with Radar,624,436,44,1,1105,0,9,62,2,73,624,445,106,3,1178,0,0,0,1178
02/26/2004,BOS,MA,ANE,EN,Combined TRACON& Tower with Radar,625,434,44,1,1104,0,47,44,1,92,625,481,88,2,1196,0,0,0,1196
02/27/2004,BOS,MA,ANE,EN,Combined TRACON& Tower with Radar,599,467,56,0,1122,0,0,3,0,3,599,467,59,0,1125,0,0,0,1125
02/28/2004,BOS,MA,ANE,EN,Combined TRACON& Tower with Radar,432,289,30,0,751,73,0,2,0,75,505,289,32,0,826,0,0,0,826
02/29/2004,BOS,MA,ANE,EN,Combined TRACON& Tower with Radar,498,332,34,0,864,57,0,2,0,59,555,332,36,0,923,0,0,0,923
03/01/2004,BOS,MA,ANE,EN,Combined TRACON& Tower with Radar,593,392,44,0,1029,0,46,27,0,73,593,438,71,0,1102,0,0,0,1102
03/02/2004,BOS,MA,ANE,EN,Combined TRACON& Tower with Radar,617,410,45,1,1073,0,39,28,1,68,617,449,73,2,1141,0,0,0,1141
03/03/2004,BOS,MA,ANE,EN,Combined TRACON& Tower with Radar,603,400,44,1,1048,0,45,20,2,67,603,445,64,3,1115,0,0,0,1115
03/04/2004,BOS,MA,ANE,EN,Combined TRACON& Tower with Radar,629,424,47,1,1101,0,38,28,4,70,629,462,75,5,1171,0,0,0,1171
03/05/2004,BOS,MA,ANE,EN,Combined TRACON& Tower with Radar,649,419,46,1,1115,4,9,6,1,20,653,428,52,2,1135,0,0,0,1135
03/06/2004,BOS,MA,ANE,EN,Combined TRACON& Tower with Radar,479,278,19,0,776,53,0,0,0,53,532,278,19,0,829,0,0,0,829
03/07/2004,BOS,MA,ANE,EN,Combined TRACON& Tower with Radar,503,322,29,1,855,51,0,0,1,52,554,322,29,2,907,0,0,0,907
03/08/2004,BOS,MA,ANE,EN,Combined TRACON& Tower with Radar,625,403,45,0,1073,59,84,17,0,160,684,487,62,0,1233,0,0,0,1233
03/09/2004,BOS,MA,ANE,EN,Combined TRACON& Tower with Radar,621,413,46,0,1080,0,25,27,0,52,621,438,73,0,1132,0,0,0,1132
03/10/2004,BOS,MA,ANE,EN,Combined TRACON& Tower with Radar,640,425,47,1,1113,0,29,42,4,75,640,454,89,5,1188,0,0,0,1188
03/11/2004,BOS,MA,ANE,EN,Combined TRACON& Tower with Radar,633,415,46,0,1094,0,22,20,0,42,633,437,66,0,1136,0,0,0,1136
03/12/2004,BOS,MA,ANE,EN,Combined TRACON& Tower with Radar,649,433,48,1,1131,0,28,18,5,51,649,461,66,6,1182,0,0,0,1182
03/13/2004,BOS,MA,ANE,EN,Combined TRACON& Tower with Radar,466,278,33,1,778,57,0,7,0,64,523,278,40,1,842,0,0,0,842
03/14/2004,BOS,MA,ANE,EN,Combined TRACON& Tower with Radar,548,351,39,1,939,20,0,21,0,41,568,351,60,1,980,0,0,0,980
03/15/2004,BOS,MA,ANE,EN,Combined TRACON& Tower with Radar,617,400,44,1,1062,0,33,30,2,65,617,433,74,3,1127,0,0,0,1127
03/16/2004,BOS,MA,ANE,EN,Combined TRACON& Tower with Radar,527,345,38,0,910,0,20,24,0,44,527,365,62,0,954,0,0,0,954
03/17/2004,BOS,MA,ANE,EN,Combined TRACON& Tower with Radar,601,395,43,0,1039,0,14,7,0,21,601,409,50,0,1060,0,0,0,1060
03/18/2004,BOS,MA,ANE,EN,Combined TRACON& Tower with Radar,631,421,46,2,1100,0,26,24,1,51,631,447,70,3,1151,0,0,0,1151
03/19/2004,BOS,MA,ANE,EN,Combined TRACON& Tower with Radar,635,408,44,2,1089,8,2,11,1,22,643,410,55,3,1111,0,0,0,1111
03/20/2004,BOS,MA,ANE,EN,Combined TRACON& Tower with Radar,453,270,31,0,754,67,0,11,0,78,520,270,42,0,832,0,0,0,832
03/21/2004,BOS,MA,ANE,EN,Combined TRACON& Tower with Radar,533,325,37,0,895,39,0,8,0,47,572,325,45,0,942,0,0,0,942
03/22/2004,BOS,MA,ANE,EN,Combined TRACON& Tower with Radar,618,400,44,2,1064,0,38,37,4,79,618,438,81,6,1143,0,0,0,1143
03/23/2004,BOS,MA,ANE,EN,Combined TRACON& Tower with Radar,618,407,44,2,1071,0,38,69,0,107,618,445,113,2,1178,0,0,0,1178
03/24/2004,BOS,MA,ANE,EN,Combined TRACON& Tower with Radar,614,410,45,2,1071,0,26,90,5,121,614,436,135,7,1192,0,0,0,1192
03/25/2004,BOS,MA,ANE,EN,Combined TRACON& Tower with Radar,639,418,45,2,1104,0,14,49,7,70,639,432,94,9,1174,0,0,0,1174
03/26/2004,BOS,MA,ANE,EN,Combined TRACON& Tower with Radar,596,408,44,1,1049,0,10,19,0,29,596,418,63,1,1078,0,0,0,1078
03/27/2004,BOS,MA,ANE,EN,Combined TRACON& Tower with Radar,463,273,28,1,765,56,0,0,0,56,519,273,28,1,821,0,0,0,821
03/28/2004,BOS,MA,ANE,EN,Combined TRACON& Tower with Radar,539,340,37,0,916,27,0,8,0,35,566,340,45,0,951,0,0,0,951
03/29/2004,BOS,MA,ANE,EN,Combined TRACON& Tower with Radar,625,412,45,1,1083,0,17,75,0,92,625,429,120,1,1175,0,0,0,1175
03/30/2004,BOS,MA,ANE,EN,Combined TRACON& Tower with Radar,630,428,47,1,1106,0,20,65,2,87,630,448,112,3,1193,0,0,0,1193
03/31/2004,BOS,MA,ANE,EN,Combined TRACON& Tower with Radar,639,430,47,0,1116,0,19,12,0,31,639,449,59,0,1147,0,0,0,1147
04/01/2004,BOS,MA,ANE,EN,Combined TRACON& Tower with Radar,633,426,46,0,1105,0,15,9,0,24,633,441,55,0,1129,0,0,0,1129
04/02/2004,BOS,MA,ANE,EN,Combined TRACON& Tower with Radar,665,431,47,0,1143,16,11,3,0,30,681,442,50,0,1173,0,0,0,1173
04/03/2004,BOS,MA,ANE,EN,Combined TRACON& Tower with Radar,475,283,8,0,766,54,0,0,0,54,529,283,8,0,820,0,0,0,820
04/04/2004,BOS,MA,ANE,EN,Combined TRACON& Tower with Radar,516,331,30,0,877,17,0,0,0,17,533,331,30,0,894,0,0,0,894
04/05/2004,BOS,MA,ANE,EN,Combined TRACON& Tower with Radar,634,414,45,0,1093,0,20,33,2,55,634,434,78,2,1148,0,0,0,1148
04/06/2004,BOS,MA,ANE,EN,Combined TRACON& Tower with Radar,643,425,46,0,1114,0,31,53,0,84,643,456,99,0,1198,0,0,0,1198
04/07/2004,BOS,MA,ANE,EN,Combined TRACON& Tower with Radar,641,428,46,0,1115,0,38,86,1,125,641,466,132,1,1240,0,0,0,1240
04/08/2004,BOS,MA,ANE,EN,Combined TRACON& Tower with Radar,656,440,48,0,1144,0,43,97,3,143,656,483,145,3,1287,0,0,0,1287
04/09/2004,BOS,MA,ANE,EN,Combined TRACON& Tower with Radar,650,422,46,0,1118,0,41,55,8,104,650,463,101,8,1222,0,0,0,1222
04/10/2004,BOS,MA,ANE,EN,Combined TRACON& Tower with Radar,462,291,33,0,786,58,0,30,1,89,520,291,63,1,875,0,0,0,875
04/11/2004,BOS,MA,ANE,EN,Combined TRACON& Tower with Radar,547,355,39,0,941,30,3,0,1,34,577,358,39,1,975,0,0,0,975
04/12/2004,BOS,MA,ANE,EN,Combined TRACON& Tower with Radar,633,413,45,0,1091,0,12,67,1,80,633,425,112,1,1171,0,0,0,1171
04/13/2004,BOS,MA,ANE,EN,Combined TRACON& Tower with Radar,640,420,46,0,1106,0,0,17,0,17,640,420,63,0,1123,0,0,0,1123
04/14/2004,BOS,MA,ANE,EN,Combined TRACON& Tower with Radar,660,451,49,0,1160,0,20,16,1,37,660,471,65,1,1197,0,0,0,1197
04/15/2004,BOS,MA,ANE,EN,Combined TRACON& Tower with Radar,675,466,50,1,1192,0,15,81,3,99,675,481,131,4,1291,0,0,0,1291
04/16/2004,BOS,MA,ANE,EN,Combined TRACON& Tower with Radar,682,442,47,1,1172,0,46,94,3,143,682,488,141,4,1315,0,0,0,1315
04/17/2004,BOS,MA,ANE,EN,Combined TRACON& Tower with Radar,504,310,34,0,848,63,0,41,0,104,567,310,75,0,952,0,0,0,952
04/18/2004,BOS,MA,ANE,EN,Combined TRACON& Tower with Radar,557,357,38,1,953,47,0,21,1,69,604,357,59,2,1022,0,0,0,1022
04/19/2004,BOS,MA,ANE,EN,Combined TRACON& Tower with Radar,623,411,44,1,1079,0,34,126,0,160,623,445,170,1,1239,0,0,0,1239
04/20/2004,BOS,MA,ANE,EN,Combined TRACON& Tower with Radar,577,423,45,1,1046,0,0,78,1,79,577,423,123,2,1125,0,0,0,1125
04/21/2004,BOS,MA,ANE,EN,Combined TRACON& Tower with Radar,652,428,46,1,1127,0,29,106,1,136,652,457,152,2,1263,0,0,0,1263
04/22/2004,BOS,MA,ANE,EN,Combined TRACON& Tower with Radar,670,447,48,1,1166,0,29,43,3,75,670,476,91,4,1241,0,0,0,1241
04/23/2004,BOS,MA,ANE,EN,Combined TRACON& Tower with Radar,671,451,48,1,1171,0,38,19,1,58,671,489,67,2,1229,0,0,0,1229
04/24/2004,BOS,MA,ANE,EN,Combined TRACON& Tower with Radar,515,303,35,1,854,45,0,41,0,86,560,303,76,1,940,0,0,0,940
04/25/2004,BOS,MA,ANE,EN,Combined TRACON& Tower with Radar,573,370,40,1,984,42,18,49,2,111,615,388,89,3,1095,0,0,0,1095
04/26/2004,BOS,MA,ANE,EN,Combined TRACON& Tower with Radar,639,430,46,0,1115,0,17,19,0,36,639,447,65,0,1151,1,0,1,1152
04/27/2004,BOS,MA,ANE,EN,Combined TRACON& Tower with Radar,652,434,46,0,1132,0,22,31,3,56,652,456,77,3,1188,0,0,0,1188
04/28/2004,BOS,MA,ANE,EN,Combined TRACON& Tower with Radar,653,436,46,0,1135,0,31,72,1,104,653,467,118,1,1239,0,0,0,1239
04/29/2004,BOS,MA,ANE,EN,Combined TRACON& Tower with Radar,657,428,45,0,1130,0,47,76,1,124,657,475,121,1,1254,0,0,0,1254
04/30/2004,BOS,MA,ANE,EN,Combined TRACON& Tower with Radar,653,423,45,0,1121,2,65,93,0,160,655,488,138,0,1281,0,0,0,1281
05/01/2004,BOS,MA,ANE,EN,Combined TRACON& Tower with Radar,492,307,73,0,872,21,0,0,0,21,513,307,73,0,893,0,0,0,893
05/02/2004,BOS,MA,ANE,EN,Combined TRACON& Tower with Radar,578,366,50,1,995,0,0,0,0,0,578,366,50,1,995,0,0,0,995
05/03/2004,BOS,MA,ANE,EN,Combined TRACON& Tower with Radar,623,411,56,0,1090,0,0,0,0,0,623,411,56,0,1090,0,0,0,1090
05/04/2004,BOS,MA,ANE,EN,Combined TRACON& Tower with Radar,646,454,134,2,1236,0,0,0,0,0,646,454,134,2,1236,0,0,0,1236
05/05/2004,BOS,MA,ANE,EN,Combined TRACON& Tower with Radar,636,459,139,5,1239,0,0,0,0,0,636,459,139,5,1239,0,0,0,1239
05/06/2004,BOS,MA,ANE,EN,Combined TRACON& Tower with Radar,668,479,193,5,1345,0,0,0,0,0,668,479,193,5,1345,0,0,0,1345
05/07/2004,BOS,MA,ANE,EN,Combined TRACON& Tower with Radar,652,482,130,5,1269,0,0,0,0,0,652,482,130,5,1269,0,0,0,1269
05/08/2004,BOS,MA,ANE,EN,Combined TRACON& Tower with Radar,528,298,71,1,898,0,0,0,0,0,528,298,71,1,898,0,0,0,898
05/09/2004,BOS,MA,ANE,EN,Combined TRACON& Tower with Radar,574,361,40,3,978,0,0,0,0,0,574,361,40,3,978,0,0,0,978
05/10/2004,BOS,MA,ANE,EN,Combined TRACON& Tower with Radar,624,448,98,1,1171,0,0,0,0,0,624,448,98,1,1171,0,0,0,1171
05/11/2004,BOS,MA,ANE,EN,Combined TRACON& Tower with Radar,648,489,87,2,1226,0,0,0,0,0,648,489,87,2,1226,0,0,0,1226
05/12/2004,BOS,MA,ANE,EN,Combined TRACON& Tower with Radar,619,466,134,0,1219,0,0,0,0,0,619,466,134,0,1219,0,0,0,1219
05/13/2004,BOS,MA,ANE,EN,Combined TRACON& Tower with Radar,669,527,140,0,1336,0,0,0,0,0,669,527,140,0,1336,0,0,0,1336
05/14/2004,BOS,MA,ANE,EN,Combined TRACON& Tower with Radar,650,489,99,2,1240,0,0,0,0,0,650,489,99,2,1240,0,0,0,1240
05/15/2004,BOS,MA,ANE,EN,Combined TRACON& Tower with Radar,531,326,58,0,915,0,0,0,0,0,531,326,58,0,915,0,0,0,915
05/16/2004,BOS,MA,ANE,EN,Combined TRACON& Tower with Radar,566,400,27,0,993,0,0,0,0,0,566,400,27,0,993,0,0,0,993
05/17/2004,BOS,MA,ANE,EN,Combined TRACON& Tower with Radar,614,457,105,0,1176,0,0,0,0,0,614,457,105,0,1176,0,0,0,1176
05/18/2004,BOS,MA,ANE,EN,Combined TRACON& Tower with Radar,628,474,85,0,1187,0,0,0,0,0,628,474,85,0,1187,0,0,0,1187
05/19/2004,BOS,MA,ANE,EN,Combined TRACON& Tower with Radar,652,515,108,0,1275,0,0,0,0,0,652,515,108,0,1275,0,0,0,1275
05/20/2004,BOS,MA,ANE,EN,Combined TRACON& Tower with Radar,670,545,163,3,1381,0,0,0,0,0,670,545,163,3,1381,0,0,0,1381
05/21/2004,BOS,MA,ANE,EN,Combined TRACON& Tower with Radar,643,518,115,3,1279,0,0,0,0,0,643,518,115,3,1279,0,0,0,1279
05/22/2004,BOS,MA,ANE,EN,Combined TRACON& Tower with Radar,543,304,40,0,887,0,0,0,0,0,543,304,40,0,887,0,0,0,887
05/23/2004,BOS,MA,ANE,EN,Combined TRACON& Tower with Radar,563,416,41,0,1020,0,0,0,0,0,563,416,41,0,1020,0,0,0,1020
05/24/2004,BOS,MA,ANE,EN,Combined TRACON& Tower with Radar,618,427,47,0,1092,0,0,0,0,0,618,427,47,0,1092,0,0,0,1092
05/25/2004,BOS,MA,ANE,EN,Combined TRACON& Tower with Radar,653,485,60,2,1200,0,0,0,0,0,653,485,60,2,1200,0,0,0,1200
05/26/2004,BOS,MA,ANE,EN,Combined TRACON& Tower with Radar,642,496,63,1,1202,0,0,0,0,0,642,496,63,1,1202,0,0,0,1202
05/27/2004,BOS,MA,ANE,EN,Combined TRACON& Tower with Radar,665,523,53,5,1246,0,0,0,0,0,665,523,53,5,1246,0,0,0,1246
05/28/2004,BOS,MA,ANE,EN,Combined TRACON& Tower with Radar,660,511,35,0,1206,0,0,0,0,0,660,511,35,0,1206,0,0,0,1206
05/29/2004,BOS,MA,ANE,EN,Combined TRACON& Tower with Radar,511,340,58,0,909,0,0,0,0,0,511,340,58,0,909,0,0,0,909
05/30/2004,BOS,MA,ANE,EN,Combined TRACON& Tower with Radar,456,322,71,0,849,13,0,0,0,13,469,322,71,0,862,0,0,0,862
05/31/2004,BOS,MA,ANE,EN,Combined TRACON& Tower with Radar,580,467,85,2,1134,0,0,0,0,0,580,467,85,2,1134,0,0,0,1134
06/01/2004,BOS,MA,ANE,EN,Combined TRACON& Tower with Radar,616,500,95,2,1213,7,0,0,1,8,623,500,95,3,1221,0,0,0,1221
06/02/2004,BOS,MA,ANE,EN,Combined TRACON& Tower with Radar,596,455,98,2,1151,30,0,1,0,31,626,455,99,2,1182,0,0,0,1182
06/03/2004,BOS,MA,ANE,EN,Combined TRACON& Tower with Radar,658,537,102,2,1299,2,2,0,2,6,660,539,102,4,1305,0,0,0,1305
06/04/2004,BOS,MA,ANE,EN,Combined TRACON& Tower with Radar,642,524,87,0,1253,0,21,0,0,21,642,545,87,0,1274,0,0,0,1274
06/05/2004,BOS,MA,ANE,EN,Combined TRACON& Tower with Radar,478,343,64,0,885,63,0,0,0,63,541,343,64,0,948,0,0,0,948
06/06/2004,BOS,MA,ANE,EN,Combined TRACON& Tower with Radar,540,440,41,2,1023,36,12,0,0,48,576,452,41,2,1071,0,0,0,1071
06/07/2004,BOS,MA,ANE,EN,Combined TRACON& Tower with Radar,646,503,106,1,1256,0,0,24,0,24,646,503,130,1,1280,0,0,0,1280
06/08/2004,BOS,MA,ANE,EN,Combined TRACON& Tower with Radar,650,528,110,0,1288,0,0,41,0,41,650,528,151,0,1329,0,0,0,1329
06/09/2004,BOS,MA,ANE,EN,Combined TRACON& Tower with Radar,621,492,104,2,1219,0,0,28,4,32,621,492,132,6,1251,0,0,0,1251
06/10/2004,BOS,MA,ANE,EN,Combined TRACON& Tower with Radar,680,494,85,0,1259,0,0,0,0,0,680,494,85,0,1259,0,0,0,1259
06/11/2004,BOS,MA,ANE,EN,Combined TRACON& Tower with Radar,670,555,104,2,1331,0,18,0,1,19,670,573,104,3,1350,0,0,0,1350
06/12/2004,BOS,MA,ANE,EN,Combined TRACON& Tower with Radar,506,369,70,1,946,57,0,0,0,57,563,369,70,1,1003,0,0,0,1003
06/13/2004,BOS,MA,ANE,EN,Combined TRACON& Tower with Radar,580,468,81,3,1132,18,0,0,0,18,598,468,81,3,1150,0,0,0,1150
06/14/2004,BOS,MA,ANE,EN,Combined TRACON& Tower with Radar,646,520,105,2,1273,0,0,8,0,8,646,520,113,2,1281,0,0,0,1281
06/15/2004,BOS,MA,ANE,EN,Combined TRACON& Tower with Radar,654,510,106,0,1270,6,0,21,0,27,660,510,127,0,1297,0,0,0,1297
06/16/2004,BOS,MA,ANE,EN,Combined TRACON& Tower with Radar,660,533,110,3,1306,0,0,26,3,29,660,533,136,6,1335,0,0,0,1335
06/17/2004,BOS,MA,ANE,EN,Combined TRACON& Tower with Radar,655,529,99,3,1286,6,0,0,4,10,661,529,99,7,1296,0,0,0,1296
06/18/2004,BOS,MA,ANE,EN,Combined TRACON& Tower with Radar,658,535,46,0,1239,15,49,0,0,64,673,584,46,0,1303,0,0,0,1303
06/19/2004,BOS,MA,ANE,EN,Combined TRACON& Tower with Radar,509,384,65,1,959,47,0,0,0,47,556,384,65,1,1006,0,0,0,1006
06/20/2004,BOS,MA,ANE,EN,Combined TRACON& Tower with Radar,587,479,83,1,1150,0,18,0,0,18,587,497,83,1,1168,0,0,0,1168
06/21/2004,BOS,MA,ANE,EN,Combined TRACON& Tower with Radar,644,567,113,3,1327,0,7,45,1,53,644,574,158,4,1380,0,0,0,1380
06/22/2004,BOS,MA,ANE,EN,Combined TRACON& Tower with Radar,664,542,110,3,1319,0,0,15,1,16,664,542,125,4,1335,0,0,0,1335
06/23/2004,BOS,MA,ANE,EN,Combined TRACON& Tower with Radar,662,568,114,3,1347,0,2,32,3,37,662,570,146,6,1384,0,0,0,1384
06/24/2004,BOS,MA,ANE,EN,Combined TRACON& Tower with Radar,691,572,111,1,1375,0,19,0,0,19,691,591,111,1,1394,0,0,0,1394
06/25/2004,BOS,MA,ANE,EN,Combined TRACON& Tower with Radar,665,562,100,2,1329,0,40,0,0,40,665,602,100,2,1369,0,0,0,1369
06/26/2004,BOS,MA,ANE,EN,Combined TRACON& Tower with Radar,528,430,38,1,997,33,15,0,0,48,561,445,38,1,1045,0,0,0,1045
06/27/2004,BOS,MA,ANE,EN,Combined TRACON& Tower with Radar,585,492,85,0,1162,0,35,0,0,35,585,527,85,0,1197,0,0,0,1197
06/28/2004,BOS,MA,ANE,EN,Combined TRACON& Tower with Radar,652,553,103,2,1310,0,32,0,3,35,652,585,103,5,1345,0,0,0,1345
06/29/2004,BOS,MA,ANE,EN,Combined TRACON& Tower with Radar,665,555,104,0,1324,0,25,0,0,25,665,580,104,0,1349,0,0,0,1349
06/30/2004,BOS,MA,ANE,EN,Combined TRACON& Tower with Radar,667,574,115,2,1358,0,12,27,0,39,667,586,142,2,1397,0,0,0,1397
07/01/2004,BOS,MA,ANE,EN,Combined TRACON& Tower with Radar,664,549,40,1,1254,14,74,69,0,157,678,623,109,1,1411,0,0,0,1411
07/02/2004,BOS,MA,ANE,EN,Combined TRACON& Tower with Radar,658,544,0,0,1202,21,13,0,99,133,679,557,0,99,1335,0,0,0,1335
07/03/2004,BOS,MA,ANE,EN,Combined TRACON& Tower with Radar,500,414,31,0,945,41,84,66,2,193,541,498,97,2,1138,0,0,0,1138
07/04/2004,BOS,MA,ANE,EN,Combined TRACON& Tower with Radar,397,280,9,0,686,64,0,0,1,65,461,280,9,1,751,0,0,0,751
07/05/2004,BOS,MA,ANE,EN,Combined TRACON& Tower with Radar,590,509,29,0,1128,0,32,0,1,33,590,541,29,1,1161,0,0,0,1161
07/06/2004,BOS,MA,ANE,EN,Combined TRACON& Tower with Radar,651,555,41,1,1248,0,58,91,7,156,651,613,132,8,1404,0,0,0,1404
07/07/2004,BOS,MA,ANE,EN,Combined TRACON& Tower with Radar,637,527,39,0,1203,1,34,115,5,155,638,561,154,5,1358,0,0,0,1358
07/08/2004,BOS,MA,ANE,EN,Combined TRACON& Tower with Radar,690,585,43,1,1319,0,18,22,0,40,690,603,65,1,1359,0,0,0,1359
07/09/2004,BOS,MA,ANE,EN,Combined TRACON& Tower with Radar,666,551,40,2,1259,0,100,57,5,162,666,651,97,7,1421,0,0,0,1421
07/10/2004,BOS,MA,ANE,EN,Combined TRACON& Tower with Radar,530,439,32,1,1002,43,52,32,1,128,573,491,64,2,1130,0,0,0,1130
07/11/2004,BOS,MA,ANE,EN,Combined TRACON& Tower with Radar,560,464,33,1,1058,0,82,79,3,164,560,546,112,4,1222,0,0,0,1222
07/12/2004,BOS,MA,ANE,EN,Combined TRACON& Tower with Radar,608,503,36,1,1148,14,68,80,1,163,622,571,116,2,1311,0,0,0,1311
07/13/2004,BOS,MA,ANE,EN,Combined TRACON& Tower with Radar,655,572,41,0,1268,0,26,37,0,63,655,598,78,0,1331,0,0,0,1331
07/14/2004,BOS,MA,ANE,EN,Combined TRACON& Tower with Radar,586,471,36,1,1094,0,0,37,1,38,586,471,73,2,1132,0,0,0,1132
07/15/2004,BOS,MA,ANE,EN,Combined TRACON& Tower with Radar,704,600,43,2,1349,0,31,67,0,98,704,631,110,2,1447,0,0,0,1447
07/16/2004,BOS,MA,ANE,EN,Combined TRACON& Tower with Radar,676,559,40,2,1277,8,92,85,0,185,684,651,125,2,1462,0,0,0,1462
07/17/2004,BOS,MA,ANE,EN,Combined TRACON& Tower with Radar,513,423,30,1,967,53,71,50,3,177,566,494,80,4,1144,0,0,0,1144
07/18/2004,BOS,MA,ANE,EN,Combined TRACON& Tower with Radar,599,494,35,1,1129,60,89,67,2,218,659,583,102,3,1347,0,0,0,1347
07/19/2004,BOS,MA,ANE,EN,Combined TRACON& Tower with Radar,609,552,41,2,1204,0,0,36,1,37,609,552,77,3,1241,0,0,0,1241
07/20/2004,BOS,MA,ANE,EN,Combined TRACON& Tower with Radar,667,561,40,2,1270,0,13,73,3,89,667,574,113,5,1359,0,0,0,1359
07/21/2004,BOS,MA,ANE,EN,Combined TRACON& Tower with Radar,660,566,41,1,1268,0,49,84,15,148,660,615,125,16,1416,0,0,0,1416
07/22/2004,BOS,MA,ANE,EN,Combined TRACON& Tower with Radar,673,580,42,2,1297,0,42,84,9,135,673,622,126,11,1432,0,0,0,1432
07/23/2004,BOS,MA,ANE,EN,Combined TRACON& Tower with Radar,648,539,39,1,1227,0,34,67,3,104,648,573,106,4,1331,0,0,0,1331
07/24/2004,BOS,MA,ANE,EN,Combined TRACON& Tower with Radar,559,495,36,1,1091,0,28,55,3,86,559,523,91,4,1177,0,0,0,1177
07/25/2004,BOS,MA,ANE,EN,Combined TRACON& Tower with Radar,592,503,36,1,1132,0,43,135,2,180,592,546,171,3,1312,0,0,0,1312
07/26/2004,BOS,MA,ANE,EN,Combined TRACON& Tower with Radar,648,510,39,0,1197,2,0,63,0,65,650,510,102,0,1262,0,0,0,1262
07/27/2004,BOS,MA,ANE,EN,Combined TRACON& Tower with Radar,616,508,37,1,1162,16,10,70,6,102,632,518,107,7,1264,0,0,0,1264
07/28/2004,BOS,MA,ANE,EN,Combined TRACON& Tower with Radar,629,519,38,0,1186,9,22,13,1,45,638,541,51,1,1231,0,0,0,1231
07/29/2004,BOS,MA,ANE,EN,Combined TRACON& Tower with Radar,647,534,39,0,1220,20,18,32,11,81,667,552,71,11,1301,0,0,0,1301
07/30/2004,BOS,MA,ANE,EN,Combined TRACON& Tower with Radar,677,561,31,1,1270,0,11,0,1,12,677,572,31,2,1282,0,0,0,1282
07/31/2004,BOS,MA,ANE,EN,Combined TRACON& Tower with Radar,541,447,33,0,1021,13,56,37,0,106,554,503,70,0,1127,0,0,0,1127
08/01/2004,BOS,MA,ANE,EN,Combined TRACON& Tower with Radar,583,480,36,0,1099,0,36,13,2,51,583,516,49,2,1150,0,0,0,1150
08/02/2004,BOS,MA,ANE,EN,Combined TRACON& Tower with Radar,651,546,41,1,1239,0,54,88,2,144,651,600,129,3,1383,0,0,0,1383
08/03/2004,BOS,MA,ANE,EN,Combined TRACON& Tower with Radar,663,564,43,1,1271,0,15,141,2,158,663,579,184,3,1429,0,0,0,1429
08/04/2004,BOS,MA,ANE,EN,Combined TRACON& Tower with Radar,671,572,43,0,1286,0,43,98,0,141,671,615,141,0,1427,0,0,0,1427
08/05/2004,BOS,MA,ANE,EN,Combined TRACON& Tower with Radar,687,581,44,0,1312,0,44,73,0,117,687,625,117,0,1429,0,0,0,1429
08/06/2004,BOS,MA,ANE,EN,Combined TRACON& Tower with Radar,682,556,42,1,1281,0,78,88,1,167,682,634,130,2,1448,0,0,0,1448
08/07/2004,BOS,MA,ANE,EN,Combined TRACON& Tower with Radar,518,423,32,0,973,42,85,28,3,158,560,508,60,3,1131,0,0,0,1131
08/08/2004,BOS,MA,ANE,EN,Combined TRACON& Tower with Radar,579,472,35,0,1086,33,81,42,0,156,612,553,77,0,1242,0,0,0,1242
08/09/2004,BOS,MA,ANE,EN,Combined TRACON& Tower with Radar,650,531,39,1,1221,13,85,127,1,226,663,616,166,2,1447,0,0,0,1447
08/10/2004,BOS,MA,ANE,EN,Combined TRACON& Tower with Radar,665,543,40,2,1250,0,46,96,1,143,665,589,136,3,1393,0,0,0,1393
08/11/2004,BOS,MA,ANE,EN,Combined TRACON& Tower with Radar,644,529,40,1,1214,0,14,47,0,61,644,543,87,1,1275,0,0,0,1275
08/12/2004,BOS,MA,ANE,EN,Combined TRACON& Tower with Radar,675,551,41,2,1269,0,44,66,1,111,675,595,107,3,1380,0,0,0,1380
08/13/2004,BOS,MA,ANE,EN,Combined TRACON& Tower with Radar,689,587,43,0,1319,0,45,12,0,57,689,632,55,0,1376,0,0,0,1376
08/14/2004,BOS,MA,ANE,EN,Combined TRACON& Tower with Radar,509,416,31,1,957,35,79,65,1,180,544,495,96,2,1137,0,0,0,1137
08/15/2004,BOS,MA,ANE,EN,Combined TRACON& Tower with Radar,610,514,30,0,1154,0,29,0,0,29,610,543,30,0,1183,0,0,0,1183
08/16/2004,BOS,MA,ANE,EN,Combined TRACON& Tower with Radar,610,543,30,0,1183,0,0,0,0,0,610,543,30,0,1183,0,0,0,1183
08/17/2004,BOS,MA,ANE,EN,Combined TRACON& Tower with Radar,665,550,41,2,1258,0,35,42,2,79,665,585,83,4,1337,0,0,0,1337
08/18/2004,BOS,MA,ANE,EN,Combined TRACON& Tower with Radar,659,537,40,1,1237,0,46,62,2,110,659,583,102,3,1347,0,0,0,1347
08/19/2004,BOS,MA,ANE,EN,Combined TRACON& Tower with Radar,694,580,43,2,1319,0,35,33,2,70,694,615,76,4,1389,0,0,0,1389
08/20/2004,BOS,MA,ANE,EN,Combined TRACON& Tower with Radar,680,564,42,1,1287,0,34,61,0,95,680,598,103,1,1382,0,0,0,1382
08/21/2004,BOS,MA,ANE,EN,Combined TRACON& Tower with Radar,540,439,20,0,999,11,4,0,0,15,551,443,20,0,1014,0,0,0,1014
08/22/2004,BOS,MA,ANE,EN,Combined TRACON& Tower with Radar,567,461,35,1,1064,43,97,82,0,222,610,558,117,1,1286,0,0,0,1286
08/23/2004,BOS,MA,ANE,EN,Combined TRACON& Tower with Radar,607,526,40,1,1174,0,88,65,2,155,607,614,105,3,1329,0,0,0,1329
08/24/2004,BOS,MA,ANE,EN,Combined TRACON& Tower with Radar,653,532,40,0,1225,7,53,101,2,163,660,585,141,2,1388,0,0,0,1388
08/25/2004,BOS,MA,ANE,EN,Combined TRACON& Tower with Radar,640,522,39,0,1201,21,50,111,4,186,661,572,150,4,1387,0,0,0,1387
08/26/2004,BOS,MA,ANE,EN,Combined TRACON& Tower with Radar,678,551,41,1,1271,9,54,121,1,185,687,605,162,2,1456,0,0,0,1456
08/27/2004,BOS,MA,ANE,EN,Combined TRACON& Tower with Radar,665,542,40,0,1247,4,73,53,5,135,669,615,93,5,1382,0,0,0,1382
08/28/2004,BOS,MA,ANE,EN,Combined TRACON& Tower with Radar,517,422,31,0,970,21,49,58,1,129,538,471,89,1,1099,0,0,0,1099
08/29/2004,BOS,MA,ANE,EN,Combined TRACON& Tower with Radar,604,492,36,0,1132,1,54,40,0,95,605,546,76,0,1227,0,0,0,1227
08/30/2004,BOS,MA,ANE,EN,Combined TRACON& Tower with Radar,647,546,40,1,1234,0,40,67,4,111,647,586,107,5,1345,0,0,0,1345
08/31/2004,BOS,MA,ANE,EN,Combined TRACON& Tower with Radar,659,537,40,0,1236,6,10,24,4,44,665,547,64,4,1280,0,0,0,1280
09/01/2004,BOS,MA,ANE,EN,Combined TRACON& Tower with Radar,656,536,55,0,1247,18,43,85,1,147,674,579,140,1,1394,0,0,0,1394
09/02/2004,BOS,MA,ANE,EN,Combined TRACON& Tower with Radar,656,535,55,0,1246,20,79,75,7,181,676,614,130,7,1427,0,0,0,1427
09/03/2004,BOS,MA,ANE,EN,Combined TRACON& Tower with Radar,644,526,54,0,1224,6,122,78,7,213,650,648,132,7,1437,0,0,0,1437
09/04/2004,BOS,MA,ANE,EN,Combined TRACON& Tower with Radar,457,373,38,0,868,15,65,61,2,143,472,438,99,2,1011,0,0,0,1011
09/05/2004,BOS,MA,ANE,EN,Combined TRACON& Tower with Radar,431,352,36,0,819,21,65,24,0,110,452,417,60,0,929,0,0,0,929
09/06/2004,BOS,MA,ANE,EN,Combined TRACON& Tower with Radar,555,453,46,1,1055,25,115,72,3,215,580,568,118,4,1270,0,0,0,1270
09/07/2004,BOS,MA,ANE,EN,Combined TRACON& Tower with Radar,648,534,54,1,1237,0,67,62,1,130,648,601,116,2,1367,0,0,0,1367
09/08/2004,BOS,MA,ANE,EN,Combined TRACON& Tower with Radar,617,553,55,2,1227,0,18,55,4,77,617,571,110,6,1304,0,0,0,1304
09/09/2004,BOS,MA,ANE,EN,Combined TRACON& Tower with Radar,634,563,57,0,1254,0,52,44,0,96,634,615,101,0,1350,0,0,0,1350
09/10/2004,BOS,MA,ANE,EN,Combined TRACON& Tower with Radar,635,535,54,0,1224,0,81,85,0,166,635,616,139,0,1390,0,0,0,1390
09/11/2004,BOS,MA,ANE,EN,Combined TRACON& Tower with Radar,456,373,37,1,867,33,56,37,0,126,489,429,74,1,993,0,0,0,993
09/12/2004,BOS,MA,ANE,EN,Combined TRACON& Tower with Radar,540,439,30,0,1009,18,0,0,0,18,558,439,30,0,1027,0,0,0,1027
09/13/2004,BOS,MA,ANE,EN,Combined TRACON& Tower with Radar,611,499,50,1,1161,3,66,58,2,129,614,565,108,3,1290,0,0,0,1290
09/14/2004,BOS,MA,ANE,EN,Combined TRACON& Tower with Radar,628,518,52,1,1199,0,24,84,2,110,628,542,136,3,1309,0,0,0,1309
09/15/2004,BOS,MA,ANE,EN,Combined TRACON& Tower with Radar,626,511,51,1,1189,3,34,93,0,130,629,545,144,1,1319,0,0,0,1319
09/16/2004,BOS,MA,ANE,EN,Combined TRACON& Tower with Radar,637,549,55,0,1241,0,32,33,0,65,637,581,88,0,1306,0,0,0,1306
09/17/2004,BOS,MA,ANE,EN,Combined TRACON& Tower with Radar,613,516,52,0,1181,0,43,31,0,74,613,559,83,0,1255,0,0,0,1255
09/18/2004,BOS,MA,ANE,EN,Combined TRACON& Tower with Radar,440,337,25,1,803,37,0,0,1,38,477,337,25,2,841,0,0,0,841
09/19/2004,BOS,MA,ANE,EN,Combined TRACON& Tower with Radar,537,437,44,1,1019,20,85,79,1,185,557,522,123,2,1204,0,0,0,1204
09/20/2004,BOS,MA,ANE,EN,Combined TRACON& Tower with Radar,627,521,53,1,1202,0,59,106,2,167,627,580,159,3,1369,0,0,0,1369
09/21/2004,BOS,MA,ANE,EN,Combined TRACON& Tower with Radar,636,517,52,1,1206,2,27,72,1,102,638,544,124,2,1308,0,0,0,1308
09/22/2004,BOS,MA,ANE,EN,Combined TRACON& Tower with Radar,625,511,51,1,1188,0,29,103,1,133,625,540,154,2,1321,0,0,0,1321
09/23/2004,BOS,MA,ANE,EN,Combined TRACON& Tower with Radar,625,508,52,1,1186,14,73,75,4,166,639,581,127,5,1352,0,0,0,1352
09/24/2004,BOS,MA,ANE,EN,Combined TRACON& Tower with Radar,641,528,54,1,1224,0,69,82,0,151,641,597,136,1,1375,0,0,0,1375
09/25/2004,BOS,MA,ANE,EN,Combined TRACON& Tower with Radar,440,355,15,1,811,23,0,0,1,24,463,355,15,2,835,0,0,0,835
09/26/2004,BOS,MA,ANE,EN,Combined TRACON& Tower with Radar,497,404,41,0,942,10,96,54,0,160,507,500,95,0,1102,0,0,0,1102
09/27/2004,BOS,MA,ANE,EN,Combined TRACON& Tower with Radar,594,491,50,1,1136,0,57,90,5,152,594,548,140,6,1288,0,0,0,1288
09/28/2004,BOS,MA,ANE,EN,Combined TRACON& Tower with Radar,625,504,51,1,1181,3,0,0,1,4,628,504,51,2,1185,0,0,0,1185
09/29/2004,BOS,MA,ANE,EN,Combined TRACON& Tower with Radar,621,523,53,0,1197,0,16,37,2,55,621,539,90,2,1252,0,0,0,1252
09/30/2004,BOS,MA,ANE,EN,Combined TRACON& Tower with Radar,640,521,53,0,1214,2,55,87,2,146,642,576,140,2,1360,0,0,0,1360
10/01/2004,BOS,MA,ANE,EN,Combined TRACON& Tower with Radar,0,0,0,0,0,643,593,113,0,1349,643,593,113,0,1349,0,0,0,1349
10/02/2004,BOS,MA,ANE,EN,Combined TRACON& Tower with Radar,0,0,0,0,0,486,359,40,0,885,486,359,40,0,885,0,0,0,885
10/03/2004,BOS,MA,ANE,EN,Combined TRACON& Tower with Radar,0,0,0,0,0,567,481,85,3,1136,567,481,85,3,1136,0,0,0,1136
10/04/2004,BOS,MA,ANE,EN,Combined TRACON& Tower with Radar,0,0,0,0,0,626,534,126,0,1286,626,534,126,0,1286,0,0,0,1286
10/05/2004,BOS,MA,ANE,EN,Combined TRACON& Tower with Radar,0,0,0,0,0,636,531,156,1,1324,636,531,156,1,1324,0,0,0,1324
10/06/2004,BOS,MA,ANE,EN,Combined TRACON& Tower with Radar,0,0,0,0,0,645,512,154,1,1312,645,512,154,1,1312,0,0,0,1312
10/07/2004,BOS,MA,ANE,EN,Combined TRACON& Tower with Radar,0,0,0,0,0,668,570,178,0,1416,668,570,178,0,1416,0,0,0,1416
10/08/2004,BOS,MA,ANE,EN,Combined TRACON& Tower with Radar,0,0,0,0,0,660,613,186,6,1465,660,613,186,6,1465,0,0,0,1465
10/09/2004,BOS,MA,ANE,EN,Combined TRACON& Tower with Radar,0,0,0,0,0,509,411,72,1,993,509,411,72,1,993,0,0,0,993
10/10/2004,BOS,MA,ANE,EN,Combined TRACON& Tower with Radar,0,0,0,0,0,562,457,76,0,1095,562,457,76,0,1095,0,0,0,1095
10/11/2004,BOS,MA,ANE,EN,Combined TRACON& Tower with Radar,0,0,0,0,0,641,580,105,11,1337,641,580,105,11,1337,0,0,0,1337
10/12/2004,BOS,MA,ANE,EN,Combined TRACON& Tower with Radar,0,0,0,0,0,676,518,146,1,1341,676,518,146,1,1341,0,0,0,1341
10/13/2004,BOS,MA,ANE,EN,Combined TRACON& Tower with Radar,0,0,0,0,0,647,516,177,3,1343,647,516,177,3,1343,0,0,0,1343
10/14/2004,BOS,MA,ANE,EN,Combined TRACON& Tower with Radar,0,0,0,0,0,675,530,121,1,1327,675,530,121,1,1327,0,0,0,1327
10/15/2004,BOS,MA,ANE,EN,Combined TRACON& Tower with Radar,0,0,0,0,0,657,515,67,0,1239,657,515,67,0,1239,0,0,0,1239
10/16/2004,BOS,MA,ANE,EN,Combined TRACON& Tower with Radar,0,0,0,0,0,513,392,99,0,1004,513,392,99,0,1004,0,0,0,1004
10/17/2004,BOS,MA,ANE,EN,Combined TRACON& Tower with Radar,0,0,0,0,0,572,464,129,1,1166,572,464,129,1,1166,0,0,0,1166
10/18/2004,BOS,MA,ANE,EN,Combined TRACON& Tower with Radar,0,0,0,0,0,642,491,139,1,1273,642,491,139,1,1273,0,0,0,1273
10/19/2004,BOS,MA,ANE,EN,Combined TRACON& Tower with Radar,0,0,0,0,0,641,494,67,3,1205,641,494,67,3,1205,0,0,0,1205
10/20/2004,BOS,MA,ANE,EN,Combined TRACON& Tower with Radar,0,0,0,0,0,638,515,148,0,1301,638,515,148,0,1301,0,0,0,1301
10/21/2004,BOS,MA,ANE,EN,Combined TRACON& Tower with Radar,0,0,0,0,0,672,521,139,0,1332,672,521,139,0,1332,0,0,0,1332
10/22/2004,BOS,MA,ANE,EN,Combined TRACON& Tower with Radar,0,0,0,0,0,668,549,61,0,1278,668,549,61,0,1278,0,0,0,1278
10/23/2004,BOS,MA,ANE,EN,Combined TRACON& Tower with Radar,0,0,0,0,0,668,551,99,0,1318,668,551,99,0,1318,0,0,0,1318
10/24/2004,BOS,MA,ANE,EN,Combined TRACON& Tower with Radar,0,0,0,0,0,569,467,92,2,1130,569,467,92,2,1130,0,0,0,1130
10/25/2004,BOS,MA,ANE,EN,Combined TRACON& Tower with Radar,0,0,0,0,0,658,537,139,0,1334,658,537,139,0,1334,0,0,0,1334
10/26/2004,BOS,MA,ANE,EN,Combined TRACON& Tower with Radar,0,0,0,0,0,658,536,88,0,1282,658,536,88,0,1282,0,0,0,1282
10/27/2004,BOS,MA,ANE,EN,Combined TRACON& Tower with Radar,0,0,0,0,0,654,495,150,3,1302,654,495,150,3,1302,0,0,0,1302
10/28/2004,BOS,MA,ANE,EN,Combined TRACON& Tower with Radar,0,0,0,0,0,674,523,210,2,1409,674,523,210,2,1409,0,0,0,1409
10/29/2004,BOS,MA,ANE,EN,Combined TRACON& Tower with Radar,0,0,0,0,0,663,533,147,2,1345,663,533,147,2,1345,0,0,0,1345
10/30/2004,BOS,MA,ANE,EN,Combined TRACON& Tower with Radar,0,0,0,0,0,499,342,14,2,857,499,342,14,2,857,0,0,0,857
10/31/2004,BOS,MA,ANE,EN,Combined TRACON& Tower with Radar,0,0,0,0,0,551,405,56,0,1012,551,405,56,0,1012,0,0,0,1012
11/01/2004,BOS,MA,ANE,EN,Towers with Radar,609,448,33,0,1090,0,33,92,0,125,609,481,125,0,1215,0,0,0,1215
11/02/2004,BOS,MA,ANE,EN,Towers with Radar,629,494,68,0,1191,0,8,75,2,85,629,502,143,2,1276,0,0,0,1276
11/03/2004,BOS,MA,ANE,EN,Towers with Radar,626,501,86,0,1213,0,16,65,4,85,626,517,151,4,1298,0,0,0,1298
11/04/2004,BOS,MA,ANE,EN,Towers with Radar,637,498,71,2,1208,0,19,76,4,99,637,517,147,6,1307,0,0,0,1307
11/05/2004,BOS,MA,ANE,EN,Towers with Radar,641,449,42,0,1132,0,18,13,0,31,641,467,55,0,1163,44,0,44,1207
11/06/2004,BOS,MA,ANE,EN,Towers with Radar,495,324,11,3,833,0,22,46,2,70,495,346,57,5,903,16,3,19,922
11/07/2004,BOS,MA,ANE,EN,Towers with Radar,553,375,30,0,958,0,16,62,0,78,553,391,92,0,1036,0,0,0,1036
11/08/2004,BOS,MA,ANE,EN,Towers with Radar,620,433,44,0,1097,0,31,54,0,85,620,464,98,0,1182,0,0,0,1182
11/09/2004,BOS,MA,ANE,EN,Towers with Radar,623,471,81,0,1175,0,20,82,4,106,623,491,163,4,1281,0,0,0,1281
11/10/2004,BOS,MA,ANE,EN,Towers with Radar,623,467,78,2,1170,0,24,85,2,111,623,491,163,4,1281,0,0,0,1281
11/11/2004,BOS,MA,ANE,EN,Towers with Radar,649,495,58,0,1202,0,16,76,0,92,649,511,134,0,1294,0,0,0,1294
11/12/2004,BOS,MA,ANE,EN,Towers with Radar,624,475,41,0,1140,0,3,18,0,21,624,478,59,0,1161,0,0,0,1161
11/13/2004,BOS,MA,ANE,EN,Towers with Radar,495,310,10,0,815,0,1,18,0,19,495,311,28,0,834,0,0,0,834
11/14/2004,BOS,MA,ANE,EN,Towers with Radar,553,347,28,0,928,0,24,36,0,60,553,371,64,0,988,0,0,0,988
11/15/2004,BOS,MA,ANE,EN,Towers with Radar,622,445,39,1,1107,0,31,83,0,114,622,476,122,1,1221,0,0,0,1221
11/16/2004,BOS,MA,ANE,EN,Towers with Radar,626,457,61,0,1144,0,21,77,1,99,626,478,138,1,1243,0,0,0,1243
11/17/2004,BOS,MA,ANE,EN,Towers with Radar,633,476,63,0,1172,0,24,70,1,95,633,500,133,1,1267,0,0,0,1267
11/18/2004,BOS,MA,ANE,EN,Towers with Radar,633,462,67,0,1162,0,38,66,1,105,633,500,133,1,1267,0,0,0,1267
11/19/2004,BOS,MA,ANE,EN,Towers with Radar,636,469,36,1,1142,0,37,76,9,122,636,506,112,10,1264,0,0,0,1264
11/20/2004,BOS,MA,ANE,EN,Towers with Radar,503,310,12,1,826,0,23,31,2,56,503,333,43,3,882,0,0,0,882
11/21/2004,BOS,MA,ANE,EN,Towers with Radar,572,396,21,0,989,0,0,1,0,1,572,396,22,0,990,0,0,0,990
11/22/2004,BOS,MA,ANE,EN,Towers with Radar,603,474,46,4,1127,0,16,68,1,85,603,490,114,5,1212,0,0,0,1212
11/23/2004,BOS,MA,ANE,EN,Towers with Radar,653,481,48,1,1183,0,0,0,0,0,653,481,48,1,1183,0,0,0,1183
11/24/2004,BOS,MA,ANE,EN,Towers with Radar,645,526,35,4,1210,0,8,29,0,37,645,534,64,4,1247,0,0,0,1247
11/25/2004,BOS,MA,ANE,EN,Towers with Radar,453,314,11,2,780,0,0,11,0,11,453,314,22,2,791,0,0,0,791
11/26/2004,BOS,MA,ANE,EN,Towers with Radar,461,315,3,1,780,80,28,50,1,159,541,343,53,2,939,0,0,0,939
11/27/2004,BOS,MA,ANE,EN,Towers with Radar,521,334,21,0,876,0,31,33,4,68,521,365,54,4,944,0,0,0,944
11/28/2004,BOS,MA,ANE,EN,Towers with Radar,589,408,15,1,1013,0,0,14,0,14,589,408,29,1,1027,0,0,0,1027
11/29/2004,BOS,MA,ANE,EN,Towers with Radar,651,466,35,0,1152,0,42,59,0,101,651,508,94,0,1253,0,0,0,1253
11/30/2004,BOS,MA,ANE,EN,Towers with Radar,645,483,44,0,1172,0,24,68,0,92,645,507,112,0,1264,0,0,0,1264
12/01/2004,BOS,MA,ANE,EN,Towers with Radar,637,443,41,2,1123,0,11,11,0,22,637,454,52,2,1145,0,0,0,1145
12/02/2004,BOS,MA,ANE,EN,Towers with Radar,654,475,64,0,1193,0,48,40,1,89,654,523,104,1,1282,0,0,0,1282
12/03/2004,BOS,MA,ANE,EN,Towers with Radar,640,511,43,0,1194,0,21,52,2,75,640,532,95,2,1269,0,0,0,1269
12/04/2004,BOS,MA,ANE,EN,Towers with Radar,489,335,9,0,833,0,15,38,5,58,489,350,47,5,891,0,0,0,891
12/05/2004,BOS,MA,ANE,EN,Towers with Radar,545,377,14,0,936,0,44,45,3,92,545,421,59,3,1028,0,0,0,1028
12/06/2004,BOS,MA,ANE,EN,Towers with Radar,535,421,53,0,1009,0,0,6,3,9,535,421,59,3,1018,0,0,0,1018
12/07/2004,BOS,MA,ANE,EN,Towers with Radar,627,462,75,0,1164,0,0,0,0,0,627,462,75,0,1164,0,0,0,1164
12/08/2004,BOS,MA,ANE,EN,Towers with Radar,661,486,63,3,1213,0,19,36,1,56,661,505,99,4,1269,0,0,0,1269
12/09/2004,BOS,MA,ANE,EN,Towers with Radar,649,458,43,2,1152,0,20,57,0,77,649,478,100,2,1229,0,0,0,1229
12/10/2004,BOS,MA,ANE,EN,Towers with Radar,634,472,48,0,1154,0,0,0,0,0,634,472,48,0,1154,0,0,0,1154
12/11/2004,BOS,MA,ANE,EN,Towers with Radar,479,317,10,0,806,0,0,0,0,0,479,317,10,0,806,0,0,0,806
12/12/2004,BOS,MA,ANE,EN,Towers with Radar,537,351,10,0,898,0,21,60,0,81,537,372,70,0,979,0,0,0,979
12/13/2004,BOS,MA,ANE,EN,Towers with Radar,611,452,52,1,1116,0,11,21,0,32,611,463,73,1,1148,0,0,0,1148
12/14/2004,BOS,MA,ANE,EN,Towers with Radar,645,466,45,1,1157,0,18,38,0,56,645,484,83,1,1213,0,0,0,1213
12/15/2004,BOS,MA,ANE,EN,Towers with Radar,629,453,46,0,1128,0,20,56,4,80,629,473,102,4,1208,0,0,0,1208
12/16/2004,BOS,MA,ANE,EN,Towers with Radar,640,468,42,0,1150,0,27,55,1,83,640,495,97,1,1233,0,0,0,1233
12/17/2004,BOS,MA,ANE,EN,Towers with Radar,650,486,21,1,1158,0,18,54,0,72,650,504,75,1,1230,0,0,0,1230
12/18/2004,BOS,MA,ANE,EN,Towers with Radar,496,314,4,0,814,0,20,38,1,59,496,334,42,1,873,0,0,0,873
12/19/2004,BOS,MA,ANE,EN,Towers with Radar,549,343,16,0,908,0,0,0,0,0,549,343,16,0,908,0,0,0,908
12/20/2004,BOS,MA,ANE,EN,Towers with Radar,548,368,23,0,939,0,0,11,3,14,548,368,34,3,953,0,0,0,953
12/21/2004,BOS,MA,ANE,EN,Towers with Radar,666,459,35,0,1160,0,26,50,2,78,666,485,85,2,1238,0,0,0,1238
12/22/2004,BOS,MA,ANE,EN,Towers with Radar,642,441,27,0,1110,24,44,58,2,128,666,485,85,2,1238,0,0,0,1238
12/23/2004,BOS,MA,ANE,EN,Towers with Radar,597,403,11,0,1011,0,6,13,0,19,597,409,24,0,1030,0,0,0,1030
12/24/2004,BOS,MA,ANE,EN,Towers with Radar,510,315,8,0,833,59,152,84,2,297,569,467,92,2,1130,0,0,0,1130
12/25/2004,BOS,MA,ANE,EN,Towers with Radar,451,192,8,0,651,0,12,22,0,34,451,204,30,0,685,0,0,0,685
12/26/2004,BOS,MA,ANE,EN,Towers with Radar,436,207,17,3,663,0,0,7,0,7,436,207,24,3,670,0,0,0,670
12/27/2004,BOS,MA,ANE,EN,Towers with Radar,529,295,9,2,835,0,0,0,0,0,529,295,9,2,835,0,0,0,835
12/28/2004,BOS,MA,ANE,EN,Towers with Radar,620,393,22,0,1035,0,25,68,5,98,620,418,90,5,1133,0,0,0,1133
12/29/2004,BOS,MA,ANE,EN,Towers with Radar,604,418,9,0,1031,0,15,53,1,69,604,433,62,1,1100,0,0,0,1100
12/30/2004,BOS,MA,ANE,EN,Towers with Radar,592,406,12,0,1010,0,22,41,4,67,592,428,53,4,1077,0,0,0,1077
12/31/2004,BOS,MA,ANE,EN,Towers with Radar,535,336,17,0,888,0,8,48,0,56,535,344,65,0,944,0,0,0,944
01/01/2005,BOS,MA,ANE,EN,Towers with Radar,465,279,4,1,749,0,15,25,1,41,465,294,29,2,790,0,0,0,790
01/02/2005,BOS,MA,ANE,EN,Towers with Radar,568,353,25,0,946,0,16,27,0,43,568,369,52,0,989,0,0,0,989
01/03/2005,BOS,MA,ANE,EN,Towers with Radar,626,452,13,1,1092,0,8,27,1,36,626,460,40,2,1128,0,0,0,1128
01/04/2005,BOS,MA,ANE,EN,Towers with Radar,622,459,15,0,1096,0,2,25,0,27,622,461,40,0,1123,0,0,0,1123
01/05/2005,BOS,MA,ANE,EN,Towers with Radar,672,566,15,0,1253,0,4,14,0,18,672,570,29,0,1271,0,0,0,1271
01/06/2005,BOS,MA,ANE,EN,Towers with Radar,568,414,19,0,1001,0,0,0,0,0,568,414,19,0,1001,0,0,0,1001
01/07/2005,BOS,MA,ANE,EN,Towers with Radar,641,463,22,0,1126,0,25,65,1,91,641,488,87,1,1217,0,0,0,1217
01/08/2005,BOS,MA,ANE,EN,Towers with Radar,499,296,5,4,804,0,2,4,0,6,499,298,9,4,810,0,0,0,810
01/09/2005,BOS,MA,ANE,EN,Towers with Radar,540,358,22,0,920,0,5,29,0,34,540,363,51,0,954,0,0,0,954
01/10/2005,BOS,MA,ANE,EN,Towers with Radar,590,432,35,1,1058,0,6,49,6,61,590,438,84,7,1119,0,0,0,1119
01/11/2005,BOS,MA,ANE,EN,Towers with Radar,595,450,33,1,1079,0,19,36,0,55,595,469,69,1,1134,0,0,0,1134
01/12/2005,BOS,MA,ANE,EN,Towers with Radar,570,448,31,1,1050,0,0,0,0,0,570,448,31,1,1050,0,0,0,1050
01/13/2005,BOS,MA,ANE,EN,Towers with Radar,569,215,16,0,800,0,0,0,0,0,569,215,16,0,800,0,0,0,800
01/14/2005,BOS,MA,ANE,EN,Towers with Radar,615,473,38,0,1126,0,1,1,0,2,615,474,39,0,1128,0,0,0,1128
01/15/2005,BOS,MA,ANE,EN,Towers with Radar,498,288,8,0,794,0,21,38,2,61,498,309,46,2,855,0,0,0,855
01/16/2005,BOS,MA,ANE,EN,Towers with Radar,492,328,13,1,834,0,2,13,0,15,492,330,26,1,849,0,0,0,849
01/17/2005,BOS,MA,ANE,EN,Towers with Radar,576,419,21,0,1016,0,4,49,2,55,576,423,70,2,1071,0,0,0,1071
01/18/2005,BOS,MA,ANE,EN,Towers with Radar,612,428,38,0,1078,0,0,342,0,342,612,428,380,0,1420,0,0,0,1420
01/19/2005,BOS,MA,ANE,EN,Towers with Radar,580,426,39,0,1045,0,8,38,0,46,580,434,77,0,1091,0,0,0,1091
01/20/2005,BOS,MA,ANE,EN,Towers with Radar,610,456,52,2,1120,0,12,73,0,85,610,468,125,2,1205,0,0,0,1205
01/21/2005,BOS,MA,ANE,EN,Towers with Radar,611,460,33,0,1104,0,12,64,2,78,611,472,97,2,1182,0,0,0,1182
01/22/2005,BOS,MA,ANE,EN,Towers with Radar,340,199,14,0,553,0,1,16,0,17,340,200,30,0,570,0,0,0,570
01/23/2005,BOS,MA,ANE,EN,Towers with Radar,0,0,0,0,0,0,0,0,0,0,0,0,0,0,0,0,0,0,0
01/24/2005,BOS,MA,ANE,EN,Towers with Radar,395,231,14,0,640,0,0,56,0,56,395,231,70,0,696,0,0,0,696
01/25/2005,BOS,MA,ANE,EN,Towers with Radar,630,426,36,0,1092,0,0,0,0,0,630,426,36,0,1092,0,0,0,1092
01/26/2005,BOS,MA,ANE,EN,Towers with Radar,437,297,15,0,749,0,0,2,0,2,437,297,17,0,751,0,0,0,751
01/27/2005,BOS,MA,ANE,EN,Towers with Radar,606,458,55,1,1120,0,3,33,3,39,606,461,88,4,1159,0,0,0,1159
01/28/2005,BOS,MA,ANE,EN,Towers with Radar,611,464,46,1,1122,0,0,0,0,0,611,464,46,1,1122,0,0,0,1122
01/29/2005,BOS,MA,ANE,EN,Towers with Radar,457,280,3,0,740,0,20,51,0,71,457,300,54,0,811,0,0,0,811
01/30/2005,BOS,MA,ANE,EN,Towers with Radar,512,332,24,0,868,0,20,42,1,63,512,352,66,1,931,0,0,0,931
01/31/2005,BOS,MA,ANE,EN,Towers with Radar,597,434,45,0,1076,0,15,44,1,60,597,449,89,1,1136,0,0,0,1136
02/01/2005,BOS,MA,ANE,EN,Towers with Radar,617,457,40,1,1115,0,21,90,3,114,617,478,130,4,1229,0,0,0,1229
02/02/2005,BOS,MA,ANE,EN,Towers with Radar,609,457,35,0,1101,0,13,55,0,68,609,470,90,0,1169,0,0,0,1169
02/03/2005,BOS,MA,ANE,EN,Towers with Radar,626,465,36,0,1127,0,0,0,0,0,626,465,36,0,1127,0,0,0,1127
02/04/2005,BOS,MA,ANE,EN,Towers with Radar,634,469,37,0,1140,0,2,11,0,13,634,471,48,0,1153,0,0,0,1153
02/05/2005,BOS,MA,ANE,EN,Towers with Radar,507,304,18,0,829,127,167,30,0,324,634,471,48,0,1153,0,0,0,1153
02/06/2005,BOS,MA,ANE,EN,Towers with Radar,554,351,23,1,929,0,15,62,0,77,554,366,85,1,1006,0,0,0,1006
02/07/2005,BOS,MA,ANE,EN,Towers with Radar,628,454,50,0,1132,0,19,88,1,108,628,473,138,1,1240,0,0,0,1240
02/08/2005,BOS,MA,ANE,EN,Towers with Radar,636,451,33,0,1120,0,23,116,1,140,636,474,149,1,1260,0,0,0,1260
02/09/2005,BOS,MA,ANE,EN,Towers with Radar,616,454,27,1,1098,0,16,73,4,93,616,470,100,5,1191,0,0,0,1191
02/10/2005,BOS,MA,ANE,EN,Towers with Radar,618,441,38,0,1097,0,0,0,0,0,618,441,38,0,1097,0,0,0,1097
02/11/2005,BOS,MA,ANE,EN,Towers with Radar,633,447,40,1,1121,0,17,22,0,39,633,464,62,1,1160,0,0,0,1160
02/12/2005,BOS,MA,ANE,EN,Towers with Radar,526,301,10,0,837,0,13,29,3,45,526,314,39,3,882,0,0,0,882
02/13/2005,BOS,MA,ANE,EN,Towers with Radar,541,364,20,1,926,0,16,55,0,71,541,380,75,1,997,0,0,0,997
02/14/2005,BOS,MA,ANE,EN,Towers with Radar,593,429,43,0,1065,0,0,0,0,0,593,429,43,0,1065,0,0,0,1065
02/15/2005,BOS,MA,ANE,EN,Towers with Radar,625,483,45,0,1153,0,10,59,1,70,625,493,104,1,1223,0,0,0,1223
02/16/2005,BOS,MA,ANE,EN,Towers with Radar,626,463,69,0,1158,184,118,18,0,320,810,581,87,0,1478,0,0,0,1478
02/17/2005,BOS,MA,ANE,EN,Towers with Radar,646,473,65,0,1184,0,17,66,1,84,646,490,131,1,1268,0,0,0,1268
02/18/2005,BOS,MA,ANE,EN,Towers with Radar,638,461,27,0,1126,0,15,51,1,67,638,476,78,1,1193,0,0,0,1193
02/19/2005,BOS,MA,ANE,EN,Towers with Radar,550,305,20,0,875,0,15,51,1,67,550,320,71,1,942,0,0,0,942
02/20/2005,BOS,MA,ANE,EN,Towers with Radar,531,340,15,0,886,0,18,27,1,46,531,358,42,1,932,0,0,0,932
02/21/2005,BOS,MA,ANE,EN,Towers with Radar,521,304,10,0,835,10,54,32,1,97,531,358,42,1,932,0,0,0,932
02/22/2005,BOS,MA,ANE,EN,Towers with Radar,642,449,33,0,1124,0,0,21,0,21,642,449,54,0,1145,0,0,0,1145
02/23/2005,BOS,MA,ANE,EN,Towers with Radar,634,447,28,1,1110,0,21,52,7,80,634,468,80,8,1190,0,0,0,1190
02/24/2005,BOS,MA,ANE,EN,Towers with Radar,596,430,40,0,1066,0,13,51,7,71,596,443,91,7,1137,0,0,0,1137
02/25/2005,BOS,MA,ANE,EN,Towers with Radar,637,440,35,0,1112,0,5,56,0,61,637,445,91,0,1173,0,0,0,1173
02/26/2005,BOS,MA,ANE,EN,Towers with Radar,543,313,12,1,869,0,0,0,0,0,543,313,12,1,869,0,0,0,869
02/27/2005,BOS,MA,ANE,EN,Towers with Radar,586,363,18,2,969,0,0,0,0,0,586,363,18,2,969,0,0,0,969
02/28/2005,BOS,MA,ANE,EN,Towers with Radar,540,399,33,1,973,0,20,56,2,78,540,419,89,3,1051,0,0,0,1051
03/01/2005,BOS,MA,ANE,EN,Towers with Radar,556,350,31,0,937,0,3,10,0,13,556,353,41,0,950,0,0,0,950
03/02/2005,BOS,MA,ANE,EN,Towers with Radar,638,461,42,0,1141,0,8,63,3,74,638,469,105,3,1215,0,0,0,1215
03/03/2005,BOS,MA,ANE,EN,Towers with Radar,642,468,54,1,1165,0,23,80,19,122,642,491,134,20,1287,0,0,0,1287
03/04/2005,BOS,MA,ANE,EN,Towers with Radar,640,465,34,0,1139,0,19,54,0,73,640,484,88,0,1212,0,0,0,1212
03/05/2005,BOS,MA,ANE,EN,Towers with Radar,520,312,16,0,848,0,18,57,0,75,520,330,73,0,923,0,0,0,923
03/06/2005,BOS,MA,ANE,EN,Towers with Radar,562,358,18,0,938,0,12,35,0,47,562,370,53,0,985,0,0,0,985
03/07/2005,BOS,MA,ANE,EN,Towers with Radar,617,437,44,0,1098,0,25,63,0,88,617,462,107,0,1186,0,0,0,1186
03/08/2005,BOS,MA,ANE,EN,Towers with Radar,431,290,19,0,740,0,3,6,0,9,431,293,25,0,749,0,0,0,749
03/09/2005,BOS,MA,ANE,EN,Towers with Radar,590,413,52,0,1055,0,17,39,2,58,590,430,91,2,1113,0,0,0,1113
03/10/2005,BOS,MA,ANE,EN,Towers with Radar,656,450,43,0,1149,0,27,66,2,95,656,477,109,2,1244,0,0,0,1244
03/11/2005,BOS,MA,ANE,EN,Towers with Radar,651,460,39,0,1150,0,10,20,0,30,651,470,59,0,1180,0,0,0,1180
03/12/2005,BOS,MA,ANE,EN,Towers with Radar,520,310,19,0,849,0,0,0,0,0,520,310,19,0,849,0,0,0,849
03/13/2005,BOS,MA,ANE,EN,Towers with Radar,580,373,39,0,992,0,10,11,3,24,580,383,50,3,1016,0,0,0,1016
03/14/2005,BOS,MA,ANE,EN,Towers with Radar,609,443,67,0,1119,0,28,32,0,60,609,471,99,0,1179,0,0,0,1179
03/15/2005,BOS,MA,ANE,EN,Towers with Radar,641,457,76,1,1175,0,27,24,0,51,641,484,100,1,1226,0,0,0,1226
03/16/2005,BOS,MA,ANE,EN,Towers with Radar,621,484,92,1,1198,0,27,31,0,58,621,511,123,1,1256,0,0,0,1256
03/17/2005,BOS,MA,ANE,EN,Towers with Radar,638,461,51,0,1150,0,32,30,9,71,638,493,81,9,1221,0,0,0,1221
03/18/2005,BOS,MA,ANE,EN,Towers with Radar,651,449,42,1,1143,0,32,45,0,77,651,481,87,1,1220,0,0,0,1220
03/19/2005,BOS,MA,ANE,EN,Towers with Radar,530,306,13,1,850,0,22,23,0,45,530,328,36,1,895,0,0,0,895
03/20/2005,BOS,MA,ANE,EN,Towers with Radar,577,340,30,0,947,0,18,26,3,47,577,358,56,3,994,0,0,0,994
03/21/2005,BOS,MA,ANE,EN,Towers with Radar,607,487,35,1,1130,0,5,38,2,45,607,492,73,3,1175,0,0,0,1175
03/22/2005,BOS,MA,ANE,EN,Towers with Radar,638,480,35,0,1153,0,26,36,0,62,638,506,71,0,1215,0,0,0,1215
03/23/2005,BOS,MA,ANE,EN,Towers with Radar,616,451,42,1,1110,0,24,28,0,52,616,475,70,1,1162,0,0,0,1162
03/24/2005,BOS,MA,ANE,EN,Towers with Radar,629,480,29,2,1140,0,5,18,5,28,629,485,47,7,1168,0,0,0,1168
03/25/2005,BOS,MA,ANE,EN,Towers with Radar,618,450,25,1,1094,0,29,47,2,78,618,479,72,3,1172,0,0,0,1172
03/26/2005,BOS,MA,ANE,EN,Towers with Radar,510,310,9,0,829,0,20,26,4,50,510,330,35,4,879,0,0,0,879
03/27/2005,BOS,MA,ANE,EN,Towers with Radar,542,367,8,0,917,0,22,33,0,55,542,389,41,0,972,0,0,0,972
03/28/2005,BOS,MA,ANE,EN,Towers with Radar,601,448,35,0,1084,0,0,0,0,0,601,448,35,0,1084,0,0,0,1084
03/29/2005,BOS,MA,ANE,EN,Towers with Radar,662,502,47,1,1212,0,0,7,0,7,662,502,54,1,1219,0,0,0,1219
03/30/2005,BOS,MA,ANE,EN,Towers with Radar,634,487,63,0,1184,0,29,42,4,75,634,516,105,4,1259,0,0,0,1259
03/31/2005,BOS,MA,ANE,EN,Towers with Radar,642,481,57,1,1181,0,35,36,1,72,642,516,93,2,1253,0,0,0,1253
04/01/2005,BOS,MA,ANE,EN,Towers with Radar,631,478,44,0,1153,0,31,28,0,59,631,509,72,0,1212,0,0,0,1212
04/02/2005,BOS,MA,ANE,EN,Towers with Radar,508,316,14,0,838,0,0,0,0,0,508,316,14,0,838,0,0,0,838
04/03/2005,BOS,MA,ANE,EN,Towers with Radar,560,352,20,0,932,0,8,16,0,24,560,360,36,0,956,0,0,0,956
04/04/2005,BOS,MA,ANE,EN,Towers with Radar,629,464,42,2,1137,0,13,31,0,44,629,477,73,2,1181,0,0,0,1181
04/05/2005,BOS,MA,ANE,EN,Towers with Radar,660,471,45,0,1176,0,23,62,0,85,660,494,107,0,1261,0,0,0,1261
04/06/2005,BOS,MA,ANE,EN,Towers with Radar,650,504,76,0,1230,0,31,46,1,78,650,535,122,1,1308,0,0,0,1308
04/07/2005,BOS,MA,ANE,EN,Towers with Radar,668,498,60,4,1230,0,24,36,0,60,668,522,96,4,1290,0,0,0,1290
04/08/2005,BOS,MA,ANE,EN,Towers with Radar,661,492,39,4,1196,0,18,46,0,64,661,510,85,4,1260,0,0,0,1260
04/09/2005,BOS,MA,ANE,EN,Towers with Radar,526,333,24,0,883,54,57,37,3,151,580,390,61,3,1034,0,0,0,1034
04/10/2005,BOS,MA,ANE,EN,Towers with Radar,580,363,28,2,973,0,0,0,0,0,580,363,28,2,973,0,0,0,973
04/11/2005,BOS,MA,ANE,EN,Towers with Radar,640,484,47,3,1174,0,32,45,0,77,640,516,92,3,1251,0,0,0,1251
04/12/2005,BOS,MA,ANE,EN,Towers with Radar,660,482,60,0,1202,0,23,21,0,44,660,505,81,0,1246,0,0,0,1246
04/13/2005,BOS,MA,ANE,EN,Towers with Radar,658,495,63,0,1216,0,27,52,2,81,658,522,115,2,1297,0,0,0,1297
04/14/2005,BOS,MA,ANE,EN,Towers with Radar,677,495,57,3,1232,0,30,46,2,78,677,525,103,5,1310,0,0,0,1310
04/15/2005,BOS,MA,ANE,EN,Towers with Radar,683,507,39,1,1230,0,49,42,0,91,683,556,81,1,1321,0,0,0,1321
04/16/2005,BOS,MA,ANE,EN,Towers with Radar,606,334,19,1,960,0,28,24,6,58,606,362,43,7,1018,0,0,0,1018
04/17/2005,BOS,MA,ANE,EN,Towers with Radar,595,378,15,0,988,0,41,46,0,87,595,419,61,0,1075,0,0,0,1075
04/18/2005,BOS,MA,ANE,EN,Towers with Radar,646,475,20,1,1142,0,37,54,0,91,646,512,74,1,1233,0,0,0,1233
04/19/2005,BOS,MA,ANE,EN,Towers with Radar,663,503,42,0,1208,0,37,28,0,65,663,540,70,0,1273,0,0,0,1273
04/20/2005,BOS,MA,ANE,EN,Towers with Radar,665,481,54,0,1200,0,40,59,0,99,665,521,113,0,1299,0,0,0,1299
04/21/2005,BOS,MA,ANE,EN,Towers with Radar,667,509,50,2,1228,0,33,58,2,93,667,542,108,4,1321,0,0,0,1321
04/22/2005,BOS,MA,ANE,EN,Towers with Radar,670,498,38,0,1206,0,53,39,0,92,670,551,77,0,1298,0,0,0,1298
04/23/2005,BOS,MA,ANE,EN,Towers with Radar,604,367,22,0,993,0,2,0,0,2,604,369,22,0,995,0,0,0,995
04/24/2005,BOS,MA,ANE,EN,Towers with Radar,617,411,22,0,1050,0,24,8,0,32,617,435,30,0,1082,0,0,0,1082
04/25/2005,BOS,MA,ANE,EN,Towers with Radar,650,502,39,0,1191,0,17,27,0,44,650,519,66,0,1235,0,0,0,1235
04/26/2005,BOS,MA,ANE,EN,Towers with Radar,668,508,54,1,1231,0,38,51,3,92,668,546,105,4,1323,0,0,0,1323
04/27/2005,BOS,MA,ANE,EN,Towers with Radar,653,505,33,2,1193,0,1,10,0,11,653,506,43,2,1204,0,0,0,1204
04/28/2005,BOS,MA,ANE,EN,Towers with Radar,662,539,61,0,1262,0,9,0,0,9,662,548,61,0,1271,0,0,0,1271
04/29/2005,BOS,MA,ANE,EN,Towers with Radar,685,530,47,1,1263,0,52,58,1,111,685,582,105,2,1374,0,0,0,1374
04/30/2005,BOS,MA,ANE,EN,Towers with Radar,529,357,14,0,900,0,1,5,0,6,529,358,19,0,906,0,0,0,906
05/01/2005,BOS,MA,ANE,EN,Towers with Radar,591,416,34,0,1041,0,6,15,0,21,591,422,49,0,1062,0,0,0,1062
05/02/2005,BOS,MA,ANE,EN,Towers with Radar,648,496,53,3,1200,0,39,22,0,61,648,535,75,3,1261,0,0,0,1261
05/03/2005,BOS,MA,ANE,EN,Towers with Radar,658,506,52,5,1221,0,36,64,2,102,658,542,116,7,1323,0,0,0,1323
05/04/2005,BOS,MA,ANE,EN,Towers with Radar,655,491,63,1,1210,0,43,69,1,113,655,534,132,2,1323,0,0,0,1323
05/05/2005,BOS,MA,ANE,EN,Towers with Radar,680,497,55,0,1232,0,50,60,6,116,680,547,115,6,1348,0,0,0,1348
05/06/2005,BOS,MA,ANE,EN,Towers with Radar,661,531,62,3,1257,0,47,55,3,105,661,578,117,6,1362,0,0,0,1362
05/07/2005,BOS,MA,ANE,EN,Towers with Radar,528,339,20,0,887,0,0,2,0,2,528,339,22,0,889,0,0,0,889
05/08/2005,BOS,MA,ANE,EN,Towers with Radar,577,387,26,0,990,0,0,0,0,0,577,387,26,0,990,0,0,0,990
05/09/2005,BOS,MA,ANE,EN,Towers with Radar,642,536,44,2,1224,0,0,17,2,19,642,536,61,4,1243,0,0,0,1243
05/10/2005,BOS,MA,ANE,EN,Towers with Radar,653,514,54,0,1221,0,29,31,5,65,653,543,85,5,1286,0,0,0,1286
05/11/2005,BOS,MA,ANE,EN,Towers with Radar,652,541,48,2,1243,0,24,32,0,56,652,565,80,2,1299,0,0,0,1299
05/12/2005,BOS,MA,ANE,EN,Towers with Radar,680,528,62,2,1272,0,43,42,3,88,680,571,104,5,1360,0,0,0,1360
05/13/2005,BOS,MA,ANE,EN,Towers with Radar,654,509,44,0,1207,0,71,46,1,118,654,580,90,1,1325,0,0,0,1325
05/14/2005,BOS,MA,ANE,EN,Towers with Radar,533,352,28,0,913,0,32,26,0,58,533,384,54,0,971,0,0,0,971
05/15/2005,BOS,MA,ANE,EN,Towers with Radar,577,453,45,2,1077,0,1,0,1,2,577,454,45,3,1079,0,0,0,1079
05/16/2005,BOS,MA,ANE,EN,Towers with Radar,646,539,72,3,1260,0,2,17,0,19,646,541,89,3,1279,0,0,0,1279
05/17/2005,BOS,MA,ANE,EN,Towers with Radar,662,540,47,2,1251,0,10,31,0,41,662,550,78,2,1292,0,0,0,1292
05/18/2005,BOS,MA,ANE,EN,Towers with Radar,650,558,73,4,1285,0,0,4,1,5,650,558,77,5,1290,0,0,0,1290
05/19/2005,BOS,MA,ANE,EN,Towers with Radar,666,534,60,1,1261,0,69,70,5,144,666,603,130,6,1405,12,19,31,1436
05/20/2005,BOS,MA,ANE,EN,Towers with Radar,667,537,47,3,1254,0,79,55,0,134,667,616,102,3,1388,0,0,0,1388
05/21/2005,BOS,MA,ANE,EN,Towers with Radar,531,396,33,2,962,0,4,4,0,8,531,400,37,2,970,0,0,0,970
05/22/2005,BOS,MA,ANE,EN,Towers with Radar,577,467,41,6,1091,0,35,24,0,59,577,502,65,6,1150,0,0,0,1150
05/23/2005,BOS,MA,ANE,EN,Towers with Radar,645,555,58,3,1261,0,1,25,4,30,645,556,83,7,1291,0,0,0,1291
05/24/2005,BOS,MA,ANE,EN,Towers with Radar,632,514,45,0,1191,0,0,0,0,0,632,514,45,0,1191,0,0,0,1191
05/25/2005,BOS,MA,ANE,EN,Towers with Radar,612,451,32,1,1096,0,1,3,0,4,612,452,35,1,1100,0,0,0,1100
05/26/2005,BOS,MA,ANE,EN,Towers with Radar,717,601,49,2,1369,0,1,3,0,4,717,602,52,2,1373,0,0,0,1373
05/27/2005,BOS,MA,ANE,EN,Towers with Radar,667,570,43,2,1282,0,60,30,2,92,667,630,73,4,1374,0,0,0,1374
05/28/2005,BOS,MA,ANE,EN,Towers with Radar,521,355,17,0,893,0,51,29,0,80,521,406,46,0,973,0,0,0,973
05/29/2005,BOS,MA,ANE,EN,Towers with Radar,496,376,15,0,887,0,20,17,0,37,496,396,32,0,924,0,0,0,924
05/30/2005,BOS,MA,ANE,EN,Towers with Radar,594,453,33,0,1080,0,98,20,0,118,594,551,53,0,1198,0,0,0,1198
05/31/2005,BOS,MA,ANE,EN,Towers with Radar,638,574,50,0,1262,0,0,3,0,3,638,574,53,0,1265,0,0,0,1265
06/01/2005,BOS,MA,ANE,EN,Towers with Radar,658,570,54,0,1282,0,14,41,1,56,658,584,95,1,1338,0,0,0,1338
06/02/2005,BOS,MA,ANE,EN,Towers with Radar,669,572,55,0,1296,0,28,28,1,57,669,600,83,1,1353,0,0,0,1353
06/03/2005,BOS,MA,ANE,EN,Towers with Radar,642,564,32,0,1238,0,58,61,3,122,642,622,93,3,1360,0,0,0,1360
06/04/2005,BOS,MA,ANE,EN,Towers with Radar,514,391,25,1,931,0,27,39,1,67,514,418,64,2,998,0,0,0,998
06/05/2005,BOS,MA,ANE,EN,Towers with Radar,568,438,34,1,1041,0,88,39,1,128,568,526,73,2,1169,0,0,0,1169
06/06/2005,BOS,MA,ANE,EN,Towers with Radar,564,507,59,0,1130,0,3,17,3,23,564,510,76,3,1153,0,0,0,1153
06/07/2005,BOS,MA,ANE,EN,Towers with Radar,658,565,75,0,1298,0,30,49,0,79,658,595,124,0,1377,0,0,0,1377
06/08/2005,BOS,MA,ANE,EN,Towers with Radar,644,504,85,0,1233,0,54,48,3,105,644,558,133,3,1338,0,0,0,1338
06/09/2005,BOS,MA,ANE,EN,Towers with Radar,658,567,71,0,1296,0,37,38,0,75,658,604,109,0,1371,0,0,0,1371
06/10/2005,BOS,MA,ANE,EN,Towers with Radar,638,559,47,0,1244,0,31,41,0,72,638,590,88,0,1316,0,0,0,1316
06/11/2005,BOS,MA,ANE,EN,Towers with Radar,542,401,19,0,962,0,34,39,2,75,542,435,58,2,1037,0,0,0,1037
06/12/2005,BOS,MA,ANE,EN,Towers with Radar,583,499,37,0,1119,0,27,26,0,53,583,526,63,0,1172,0,0,0,1172
06/13/2005,BOS,MA,ANE,EN,Towers with Radar,627,512,50,3,1192,0,58,37,1,96,627,570,87,4,1288,0,0,0,1288
06/14/2005,BOS,MA,ANE,EN,Towers with Radar,657,577,63,2,1299,0,10,31,0,41,657,587,94,2,1340,0,0,0,1340
06/15/2005,BOS,MA,ANE,EN,Towers with Radar,651,598,81,0,1330,0,0,3,0,3,651,598,84,0,1333,0,0,0,1333
06/16/2005,BOS,MA,ANE,EN,Towers with Radar,661,611,73,1,1346,0,3,40,3,46,661,614,113,4,1392,0,0,0,1392
06/17/2005,BOS,MA,ANE,EN,Towers with Radar,659,592,50,0,1301,0,43,20,0,63,659,635,70,0,1364,0,0,0,1364
06/18/2005,BOS,MA,ANE,EN,Towers with Radar,538,435,16,0,989,0,1,10,0,11,538,436,26,0,1000,0,0,0,1000
06/19/2005,BOS,MA,ANE,EN,Towers with Radar,568,512,29,2,1111,0,32,31,2,65,568,544,60,4,1176,0,0,0,1176
06/20/2005,BOS,MA,ANE,EN,Towers with Radar,628,492,49,0,1169,0,95,68,0,163,628,587,117,0,1332,0,0,0,1332
06/21/2005,BOS,MA,ANE,EN,Towers with Radar,656,514,66,0,1236,0,72,75,0,147,656,586,141,0,1383,0,0,0,1383
06/22/2005,BOS,MA,ANE,EN,Towers with Radar,649,523,74,0,1246,0,26,21,0,47,649,549,95,0,1293,0,0,0,1293
06/23/2005,BOS,MA,ANE,EN,Towers with Radar,654,510,37,0,1201,0,90,67,2,159,654,600,104,2,1360,0,0,0,1360
06/24/2005,BOS,MA,ANE,EN,Towers with Radar,657,529,39,0,1225,0,101,77,0,178,657,630,116,0,1403,0,0,0,1403
06/25/2005,BOS,MA,ANE,EN,Towers with Radar,534,368,14,0,916,0,92,33,5,130,534,460,47,5,1046,0,0,0,1046
06/26/2005,BOS,MA,ANE,EN,Towers with Radar,578,484,18,0,1080,0,69,21,0,90,578,553,39,0,1170,0,0,0,1170
06/27/2005,BOS,MA,ANE,EN,Towers with Radar,619,551,54,0,1224,0,30,31,4,65,619,581,85,4,1289,0,0,0,1289
06/28/2005,BOS,MA,ANE,EN,Towers with Radar,647,545,66,0,1258,0,0,4,0,4,647,545,70,0,1262,0,0,0,1262
06/29/2005,BOS,MA,ANE,EN,Towers with Radar,558,455,36,0,1049,0,0,14,3,17,558,455,50,3,1066,28,1,29,1095
06/30/2005,BOS,MA,ANE,EN,Towers with Radar,691,654,36,2,1383,0,1,23,0,24,691,655,59,2,1407,0,0,0,1407
07/01/2005,BOS,MA,ANE,EN,Towers with Radar,644,603,34,3,1284,0,0,1,0,1,644,603,35,3,1285,0,0,0,1285
07/02/2005,BOS,MA,ANE,EN,Towers with Radar,532,425,25,2,984,0,107,51,0,158,532,532,76,2,1142,0,0,0,1142
07/03/2005,BOS,MA,ANE,EN,Towers with Radar,492,377,6,2,877,0,88,40,4,132,492,465,46,6,1009,0,0,0,1009
07/04/2005,BOS,MA,ANE,EN,Towers with Radar,532,410,9,0,951,0,106,95,1,202,532,516,104,1,1153,0,0,0,1153
07/05/2005,BOS,MA,ANE,EN,Towers with Radar,630,566,61,2,1259,0,68,29,3,100,630,634,90,5,1359,0,0,0,1359
07/06/2005,BOS,MA,ANE,EN,Towers with Radar,635,596,41,2,1274,0,0,1,0,1,635,596,42,2,1275,0,0,0,1275
07/07/2005,BOS,MA,ANE,EN,Towers with Radar,656,626,50,0,1332,0,0,23,0,23,656,626,73,0,1355,0,0,0,1355
07/08/2005,BOS,MA,ANE,EN,Towers with Radar,623,547,37,1,1208,0,0,0,0,0,623,547,37,1,1208,0,0,0,1208
07/09/2005,BOS,MA,ANE,EN,Towers with Radar,531,477,20,0,1028,0,29,12,0,41,531,506,32,0,1069,0,0,0,1069
07/10/2005,BOS,MA,ANE,EN,Towers with Radar,572,401,20,0,993,0,160,47,0,207,572,561,67,0,1200,0,0,0,1200
07/11/2005,BOS,MA,ANE,EN,Towers with Radar,635,502,55,0,1192,0,124,40,3,167,635,626,95,3,1359,0,0,0,1359
07/12/2005,BOS,MA,ANE,EN,Towers with Radar,657,525,54,0,1236,0,78,35,0,113,657,603,89,0,1349,0,0,0,1349
07/13/2005,BOS,MA,ANE,EN,Towers with Radar,621,562,90,0,1273,0,30,36,2,68,621,592,126,2,1341,0,0,0,1341
07/14/2005,BOS,MA,ANE,EN,Towers with Radar,656,598,74,0,1328,0,18,36,4,58,656,616,110,4,1386,0,0,0,1386
07/15/2005,BOS,MA,ANE,EN,Towers with Radar,652,579,62,0,1293,0,77,45,0,122,652,656,107,0,1415,0,0,0,1415
07/16/2005,BOS,MA,ANE,EN,Towers with Radar,522,423,43,0,988,0,93,37,0,130,522,516,80,0,1118,0,0,0,1118
07/17/2005,BOS,MA,ANE,EN,Towers with Radar,564,517,49,2,1132,0,31,18,0,49,564,548,67,2,1181,0,0,0,1181
07/18/2005,BOS,MA,ANE,EN,Towers with Radar,622,514,62,2,1200,0,3,6,0,9,622,517,68,2,1209,0,0,0,1209
07/19/2005,BOS,MA,ANE,EN,Towers with Radar,661,551,70,0,1282,0,10,29,2,41,661,561,99,2,1323,0,0,0,1323
07/20/2005,BOS,MA,ANE,EN,Towers with Radar,657,535,46,0,1238,0,85,66,1,152,657,620,112,1,1390,0,0,0,1390
07/21/2005,BOS,MA,ANE,EN,Towers with Radar,660,530,53,0,1243,0,103,36,0,139,660,633,89,0,1382,0,0,0,1382
07/22/2005,BOS,MA,ANE,EN,Towers with Radar,660,530,54,0,1244,0,137,50,1,188,660,667,104,1,1432,0,0,0,1432
07/23/2005,BOS,MA,ANE,EN,Towers with Radar,528,381,24,0,933,0,130,42,0,172,528,511,66,0,1105,0,0,0,1105
07/24/2005,BOS,MA,ANE,EN,Towers with Radar,576,417,19,0,1012,0,150,43,0,193,576,567,62,0,1205,0,0,0,1205
07/25/2005,BOS,MA,ANE,EN,Towers with Radar,604,548,52,0,1204,0,82,28,4,114,604,630,80,4,1318,0,0,0,1318
07/26/2005,BOS,MA,ANE,EN,Towers with Radar,645,563,59,0,1267,0,51,40,3,94,645,614,99,3,1361,0,0,0,1361
07/27/2005,BOS,MA,ANE,EN,Towers with Radar,613,545,47,0,1205,0,6,40,1,47,613,551,87,1,1252,0,0,0,1252
07/28/2005,BOS,MA,ANE,EN,Towers with Radar,668,598,30,0,1296,0,71,48,3,122,668,669,78,3,1418,0,0,0,1418
07/29/2005,BOS,MA,ANE,EN,Towers with Radar,643,548,49,4,1244,0,154,63,4,221,643,702,112,8,1465,0,0,0,1465
07/30/2005,BOS,MA,ANE,EN,Towers with Radar,520,486,19,2,1027,0,60,40,0,100,520,546,59,2,1127,0,0,0,1127
07/31/2005,BOS,MA,ANE,EN,Towers with Radar,567,557,52,2,1178,0,37,18,0,55,567,594,70,2,1233,0,0,0,1233
08/01/2005,BOS,MA,ANE,EN,Towers with Radar,637,563,53,6,1259,0,68,28,4,100,637,631,81,10,1359,0,0,0,1359
08/02/2005,BOS,MA,ANE,EN,Towers with Radar,659,539,63,5,1266,0,69,51,4,124,659,608,114,9,1390,0,0,0,1390
08/03/2005,BOS,MA,ANE,EN,Towers with Radar,650,537,64,3,1254,0,92,68,3,163,650,629,132,6,1417,0,0,0,1417
08/04/2005,BOS,MA,ANE,EN,Towers with Radar,667,513,44,3,1227,0,119,31,3,153,667,632,75,6,1380,0,0,0,1380
08/05/2005,BOS,MA,ANE,EN,Towers with Radar,632,545,32,1,1210,0,53,16,1,70,632,598,48,2,1280,0,0,0,1280
08/06/2005,BOS,MA,ANE,EN,Towers with Radar,532,400,22,0,954,0,150,36,1,187,532,550,58,1,1141,0,0,0,1141
08/07/2005,BOS,MA,ANE,EN,Towers with Radar,562,418,33,0,1013,0,160,45,1,206,562,578,78,1,1219,0,0,0,1219
08/08/2005,BOS,MA,ANE,EN,Towers with Radar,612,523,39,0,1174,0,110,53,2,165,612,633,92,2,1339,0,0,0,1339
08/09/2005,BOS,MA,ANE,EN,Towers with Radar,650,597,46,0,1293,0,40,43,6,89,650,637,89,6,1382,0,0,0,1382
08/10/2005,BOS,MA,ANE,EN,Towers with Radar,656,569,67,0,1292,0,57,40,4,101,656,626,107,4,1393,0,0,0,1393
08/11/2005,BOS,MA,ANE,EN,Towers with Radar,659,583,55,1,1298,0,69,37,1,107,659,652,92,2,1405,0,0,0,1405
08/12/2005,BOS,MA,ANE,EN,Towers with Radar,649,577,35,0,1261,0,91,23,7,121,649,668,58,7,1382,0,0,0,1382
08/13/2005,BOS,MA,ANE,EN,Towers with Radar,518,478,20,1,1017,0,52,10,0,62,518,530,30,1,1079,0,0,0,1079
08/14/2005,BOS,MA,ANE,EN,Towers with Radar,481,349,23,1,854,0,11,12,0,23,481,360,35,1,877,0,0,0,877
08/15/2005,BOS,MA,ANE,EN,Towers with Radar,647,562,43,1,1253,0,1,14,1,16,647,563,57,2,1269,0,0,0,1269
08/16/2005,BOS,MA,ANE,EN,Towers with Radar,644,539,34,1,1218,0,48,52,3,103,644,587,86,4,1321,0,0,0,1321
08/17/2005,BOS,MA,ANE,EN,Towers with Radar,667,523,31,2,1223,0,106,63,1,170,667,629,94,3,1393,0,0,0,1393
08/18/2005,BOS,MA,ANE,EN,Towers with Radar,660,507,30,0,1197,0,123,53,1,177,660,630,83,1,1374,0,0,0,1374
08/19/2005,BOS,MA,ANE,EN,Towers with Radar,653,492,19,0,1164,0,157,50,2,209,653,649,69,2,1373,0,0,0,1373
08/20/2005,BOS,MA,ANE,EN,Towers with Radar,511,445,12,2,970,0,24,17,1,42,511,469,29,3,1012,0,0,0,1012
08/21/2005,BOS,MA,ANE,EN,Towers with Radar,568,547,21,5,1141,0,26,16,1,43,568,573,37,6,1184,0,0,0,1184
08/22/2005,BOS,MA,ANE,EN,Towers with Radar,631,493,23,3,1150,0,131,61,0,192,631,624,84,3,1342,0,0,0,1342
08/23/2005,BOS,MA,ANE,EN,Towers with Radar,643,504,44,1,1192,0,113,59,2,174,643,617,103,3,1366,0,0,0,1366
08/24/2005,BOS,MA,ANE,EN,Towers with Radar,646,513,47,2,1208,0,85,50,2,137,646,598,97,4,1345,0,0,0,1345
08/25/2005,BOS,MA,ANE,EN,Towers with Radar,643,518,35,2,1198,0,104,66,4,174,643,622,101,6,1372,0,0,0,1372
08/26/2005,BOS,MA,ANE,EN,Towers with Radar,644,505,32,0,1181,0,136,56,0,192,644,641,88,0,1373,0,0,0,1373
08/27/2005,BOS,MA,ANE,EN,Towers with Radar,503,381,17,1,902,0,121,52,2,175,503,502,69,3,1077,0,0,0,1077
08/28/2005,BOS,MA,ANE,EN,Towers with Radar,559,427,20,0,1006,0,137,36,1,174,559,564,56,1,1180,0,0,0,1180
08/29/2005,BOS,MA,ANE,EN,Towers with Radar,624,610,21,0,1255,0,12,22,0,34,624,622,43,0,1289,0,0,0,1289
08/30/2005,BOS,MA,ANE,EN,Towers with Radar,626,526,39,0,1191,0,0,1,0,1,626,526,40,0,1192,0,0,0,1192
08/31/2005,BOS,MA,ANE,EN,Towers with Radar,643,528,38,0,1209,0,24,4,0,28,643,552,42,0,1237,0,0,0,1237
09/01/2005,BOS,MA,ANE,EN,Towers with Radar,645,515,42,0,1202,0,111,42,0,153,645,626,84,0,1355,0,0,0,1355
09/02/2005,BOS,MA,ANE,EN,Towers with Radar,648,504,31,4,1187,0,163,62,1,226,648,667,93,5,1413,0,0,0,1413
09/03/2005,BOS,MA,ANE,EN,Towers with Radar,470,353,5,0,828,0,105,40,2,147,470,458,45,2,975,0,0,0,975
09/04/2005,BOS,MA,ANE,EN,Towers with Radar,456,359,15,0,830,0,99,36,0,135,456,458,51,0,965,0,0,0,965
09/05/2005,BOS,MA,ANE,EN,Towers with Radar,552,383,16,7,958,0,180,39,9,228,552,563,55,16,1186,0,0,0,1186
09/06/2005,BOS,MA,ANE,EN,Towers with Radar,623,473,47,0,1143,0,143,42,7,192,623,616,89,7,1335,0,0,0,1335
09/07/2005,BOS,MA,ANE,EN,Towers with Radar,626,525,65,1,1217,0,103,47,4,154,626,628,112,5,1371,0,0,0,1371
09/08/2005,BOS,MA,ANE,EN,Towers with Radar,640,511,80,2,1233,0,109,46,6,161,640,620,126,8,1394,0,0,0,1394
09/09/2005,BOS,MA,ANE,EN,Towers with Radar,638,547,51,0,1236,0,82,62,11,155,638,629,113,11,1391,0,0,0,1391
09/10/2005,BOS,MA,ANE,EN,Towers with Radar,484,343,17,0,844,0,88,40,3,131,484,431,57,3,975,0,0,0,975
09/11/2005,BOS,MA,ANE,EN,Towers with Radar,536,389,33,0,958,0,137,34,1,172,536,526,67,1,1130,0,0,0,1130
09/12/2005,BOS,MA,ANE,EN,Towers with Radar,614,480,59,2,1155,0,119,42,0,161,614,599,101,2,1316,0,0,0,1316
09/13/2005,BOS,MA,ANE,EN,Towers with Radar,621,493,49,5,1168,0,69,40,2,111,621,562,89,7,1279,0,0,0,1279
09/14/2005,BOS,MA,ANE,EN,Towers with Radar,627,524,83,0,1234,0,42,28,0,70,627,566,111,0,1304,0,0,0,1304
09/15/2005,BOS,MA,ANE,EN,Towers with Radar,602,468,58,0,1128,0,2,5,0,7,602,470,63,0,1135,0,0,0,1135
09/16/2005,BOS,MA,ANE,EN,Towers with Radar,622,526,47,0,1195,0,0,0,0,0,622,526,47,0,1195,0,0,0,1195
09/17/2005,BOS,MA,ANE,EN,Towers with Radar,510,391,22,0,923,0,0,0,0,0,510,391,22,0,923,0,0,0,923
09/18/2005,BOS,MA,ANE,EN,Towers with Radar,548,430,44,0,1022,0,69,24,0,93,548,499,68,0,1115,0,0,0,1115
09/19/2005,BOS,MA,ANE,EN,Towers with Radar,615,482,49,3,1149,0,110,38,0,148,615,592,87,3,1297,0,0,0,1297
09/20/2005,BOS,MA,ANE,EN,Towers with Radar,612,512,61,0,1185,0,5,15,0,20,612,517,76,0,1205,0,0,0,1205
09/21/2005,BOS,MA,ANE,EN,Towers with Radar,623,477,61,0,1161,0,84,55,2,141,623,561,116,2,1302,0,0,0,1302
09/22/2005,BOS,MA,ANE,EN,Towers with Radar,631,493,63,0,1187,0,100,63,1,164,631,593,126,1,1351,0,0,0,1351
09/23/2005,BOS,MA,ANE,EN,Towers with Radar,635,511,38,0,1184,0,91,41,0,132,635,602,79,0,1316,0,0,0,1316
09/24/2005,BOS,MA,ANE,EN,Towers with Radar,468,314,20,0,802,0,63,42,0,105,468,377,62,0,907,0,0,0,907
09/25/2005,BOS,MA,ANE,EN,Towers with Radar,549,369,20,0,938,0,123,31,0,154,549,492,51,0,1092,0,0,0,1092
09/26/2005,BOS,MA,ANE,EN,Towers with Radar,610,498,38,1,1147,0,43,26,3,72,610,541,64,4,1219,0,0,0,1219
09/27/2005,BOS,MA,ANE,EN,Towers with Radar,626,466,78,3,1173,0,64,41,0,105,626,530,119,3,1278,0,0,0,1278
09/28/2005,BOS,MA,ANE,EN,Towers with Radar,626,486,67,1,1180,0,68,98,0,166,626,554,165,1,1346,0,0,0,1346
09/29/2005,BOS,MA,ANE,EN,Towers with Radar,623,456,76,2,1157,0,32,15,2,49,623,488,91,4,1206,0,0,0,1206
09/30/2005,BOS,MA,ANE,EN,Towers with Radar,646,484,74,0,1204,0,103,53,4,160,646,587,127,4,1364,0,0,0,1364
10/01/2005,BOS,MA,ANE,EN,Towers with Radar,468,326,48,0,842,0,60,59,0,119,468,386,107,0,961,0,0,0,961
10/02/2005,BOS,MA,ANE,EN,Towers with Radar,545,348,70,0,963,0,106,48,0,154,545,454,118,0,1117,0,0,0,1117
10/03/2005,BOS,MA,ANE,EN,Towers with Radar,607,507,45,0,1159,0,46,39,2,87,607,553,84,2,1246,0,0,0,1246
10/04/2005,BOS,MA,ANE,EN,Towers with Radar,630,504,49,4,1187,0,14,24,0,38,630,518,73,4,1225,0,0,0,1225
10/05/2005,BOS,MA,ANE,EN,Towers with Radar,618,422,73,2,1115,0,6,19,2,27,618,428,92,4,1142,19,2,21,1163
10/06/2005,BOS,MA,ANE,EN,Towers with Radar,656,516,58,1,1231,0,9,27,0,36,656,525,85,1,1267,0,0,0,1267
10/07/2005,BOS,MA,ANE,EN,Towers with Radar,626,564,43,0,1233,0,27,24,1,52,626,591,67,1,1285,0,0,0,1285
10/08/2005,BOS,MA,ANE,EN,Towers with Radar,501,367,25,2,895,0,0,0,0,0,501,367,25,2,895,0,0,0,895
10/09/2005,BOS,MA,ANE,EN,Towers with Radar,554,421,11,0,986,0,0,0,0,0,554,421,11,0,986,0,0,0,986
10/10/2005,BOS,MA,ANE,EN,Towers with Radar,551,360,24,1,936,0,0,1,0,1,551,360,25,1,937,0,0,0,937
10/11/2005,BOS,MA,ANE,EN,Towers with Radar,522,324,20,0,866,0,0,0,2,2,522,324,20,2,868,0,0,0,868
10/12/2005,BOS,MA,ANE,EN,Towers with Radar,631,497,45,1,1174,0,1,2,0,3,631,498,47,1,1177,0,0,0,1177
10/13/2005,BOS,MA,ANE,EN,Towers with Radar,612,480,28,0,1120,0,4,7,0,11,612,484,35,0,1131,0,0,0,1131
10/14/2005,BOS,MA,ANE,EN,Towers with Radar,630,496,32,1,1159,0,0,0,0,0,630,496,32,1,1159,0,0,0,1159
10/15/2005,BOS,MA,ANE,EN,Towers with Radar,500,367,26,0,893,0,0,1,0,1,500,367,27,0,894,0,0,0,894
10/16/2005,BOS,MA,ANE,EN,Towers with Radar,543,340,26,0,909,0,57,10,1,68,543,397,36,1,977,0,0,0,977
10/17/2005,BOS,MA,ANE,EN,Towers with Radar,625,438,58,0,1121,0,45,40,0,85,625,483,98,0,1206,0,0,0,1206
10/18/2005,BOS,MA,ANE,EN,Towers with Radar,621,478,69,1,1169,0,34,36,2,72,621,512,105,3,1241,0,0,0,1241
10/19/2005,BOS,MA,ANE,EN,Towers with Radar,638,473,62,2,1175,0,47,52,6,105,638,520,114,8,1280,0,0,0,1280
10/20/2005,BOS,MA,ANE,EN,Towers with Radar,632,476,67,1,1176,0,54,65,1,120,632,530,132,2,1296,0,0,0,1296
10/21/2005,BOS,MA,ANE,EN,Towers with Radar,645,452,71,3,1171,0,58,54,2,114,645,510,125,5,1285,0,0,0,1285
10/22/2005,BOS,MA,ANE,EN,Towers with Radar,480,318,27,0,825,0,16,10,0,26,480,334,37,0,851,0,0,0,851
10/23/2005,BOS,MA,ANE,EN,Towers with Radar,542,396,23,0,961,0,2,8,0,10,542,398,31,0,971,0,0,0,971
10/24/2005,BOS,MA,ANE,EN,Towers with Radar,575,484,61,0,1120,0,3,10,0,13,575,487,71,0,1133,0,0,0,1133
10/25/2005,BOS,MA,ANE,EN,Towers with Radar,554,358,21,1,934,0,0,0,0,0,554,358,21,1,934,0,0,0,934
10/26/2005,BOS,MA,ANE,EN,Towers with Radar,623,480,47,0,1150,0,14,30,2,46,623,494,77,2,1196,0,0,0,1196
10/27/2005,BOS,MA,ANE,EN,Towers with Radar,642,470,62,3,1177,0,39,48,1,88,642,509,110,4,1265,0,0,0,1265
10/28/2005,BOS,MA,ANE,EN,Towers with Radar,627,494,56,1,1178,0,42,50,1,93,627,536,106,2,1271,0,0,0,1271
10/29/2005,BOS,MA,ANE,EN,Towers with Radar,472,318,16,0,806,0,4,11,0,15,472,322,27,0,821,0,0,0,821
10/30/2005,BOS,MA,ANE,EN,Towers with Radar,541,339,24,1,905,0,42,43,0,85,541,381,67,1,990,0,0,0,990
10/31/2005,BOS,MA,ANE,EN,Towers with Radar,580,390,35,2,1007,0,37,40,0,77,580,427,75,2,1084,0,0,0,1084
11/01/2005,BOS,MA,ANE,EN,Towers with Radar,609,433,58,1,1101,0,41,33,1,75,609,474,91,2,1176,0,0,0,1176
11/02/2005,BOS,MA,ANE,EN,Towers with Radar,623,433,66,1,1123,0,35,25,4,64,623,468,91,5,1187,0,0,0,1187
11/03/2005,BOS,MA,ANE,EN,Towers with Radar,629,445,60,0,1134,0,43,20,1,64,629,488,80,1,1198,0,0,0,1198
11/04/2005,BOS,MA,ANE,EN,Towers with Radar,630,434,33,5,1102,0,50,27,0,77,630,484,60,5,1179,0,0,0,1179
11/05/2005,BOS,MA,ANE,EN,Towers with Radar,488,290,22,0,800,0,3,2,0,5,488,293,24,0,805,0,0,0,805
11/06/2005,BOS,MA,ANE,EN,Towers with Radar,544,327,22,0,893,0,0,0,0,0,544,327,22,0,893,0,0,0,893
11/07/2005,BOS,MA,ANE,EN,Towers with Radar,609,412,35,1,1057,0,39,49,0,88,609,451,84,1,1145,0,0,0,1145
11/08/2005,BOS,MA,ANE,EN,Towers with Radar,623,431,44,3,1101,0,37,37,0,74,623,468,81,3,1175,0,0,0,1175
11/09/2005,BOS,MA,ANE,EN,Towers with Radar,634,421,62,0,1117,0,25,23,0,48,634,446,85,0,1165,0,0,0,1165
11/10/2005,BOS,MA,ANE,EN,Towers with Radar,645,474,55,0,1174,0,31,23,0,54,645,505,78,0,1228,0,0,0,1228
11/11/2005,BOS,MA,ANE,EN,Towers with Radar,628,406,39,0,1073,0,50,50,0,100,628,456,89,0,1173,0,0,0,1173
11/12/2005,BOS,MA,ANE,EN,Towers with Radar,484,266,15,0,765,0,25,41,4,70,484,291,56,4,835,0,0,0,835
11/13/2005,BOS,MA,ANE,EN,Towers with Radar,540,337,27,0,904,0,42,28,2,72,540,379,55,2,976,0,0,0,976
11/14/2005,BOS,MA,ANE,EN,Towers with Radar,609,423,53,0,1085,0,37,30,2,69,609,460,83,2,1154,0,0,0,1154
11/15/2005,BOS,MA,ANE,EN,Towers with Radar,610,475,57,2,1144,0,14,17,0,31,610,489,74,2,1175,0,0,0,1175
11/16/2005,BOS,MA,ANE,EN,Towers with Radar,640,455,72,1,1168,0,6,12,0,18,640,461,84,1,1186,0,0,0,1186
11/17/2005,BOS,MA,ANE,EN,Towers with Radar,644,478,51,0,1173,0,38,52,0,90,644,516,103,0,1263,0,0,0,1263
11/18/2005,BOS,MA,ANE,EN,Towers with Radar,638,452,41,0,1131,0,54,43,2,99,638,506,84,2,1230,0,0,0,1230
11/19/2005,BOS,MA,ANE,EN,Towers with Radar,491,276,14,0,781,0,30,33,5,68,491,306,47,5,849,0,0,0,849
11/20/2005,BOS,MA,ANE,EN,Towers with Radar,541,356,20,2,919,0,39,27,3,69,541,395,47,5,988,0,0,0,988
11/21/2005,BOS,MA,ANE,EN,Towers with Radar,601,439,46,0,1086,0,42,36,0,78,601,481,82,0,1164,0,0,0,1164
11/22/2005,BOS,MA,ANE,EN,Towers with Radar,649,480,44,2,1175,0,0,2,0,2,649,480,46,2,1177,0,0,0,1177
11/23/2005,BOS,MA,ANE,EN,Towers with Radar,646,457,25,0,1128,0,62,30,2,94,646,519,55,2,1222,0,0,0,1222
11/24/2005,BOS,MA,ANE,EN,Towers with Radar,442,303,10,0,755,0,11,0,0,11,442,314,10,0,766,0,0,0,766
11/25/2005,BOS,MA,ANE,EN,Towers with Radar,456,292,10,0,758,0,54,21,2,77,456,346,31,2,835,0,0,0,835
11/26/2005,BOS,MA,ANE,EN,Towers with Radar,492,301,8,0,801,0,36,16,0,52,492,337,24,0,853,0,0,0,853
11/27/2005,BOS,MA,ANE,EN,Towers with Radar,564,409,38,1,1012,0,51,24,1,76,564,460,62,2,1088,0,0,0,1088
11/28/2005,BOS,MA,ANE,EN,Towers with Radar,624,482,48,3,1157,0,22,22,0,44,624,504,70,3,1201,0,0,0,1201
11/29/2005,BOS,MA,ANE,EN,Towers with Radar,655,464,55,0,1174,0,16,17,0,33,655,480,72,0,1207,0,0,0,1207
11/30/2005,BOS,MA,ANE,EN,Towers with Radar,618,466,57,2,1143,0,0,1,0,1,618,466,58,2,1144,0,0,0,1144
12/01/2005,BOS,MA,ANE,EN,Towers with Radar,633,479,56,1,1169,0,12,27,0,39,633,491,83,1,1208,0,0,0,1208
12/02/2005,BOS,MA,ANE,EN,Towers with Radar,615,462,36,3,1116,0,41,20,2,63,615,503,56,5,1179,0,0,0,1179
12/03/2005,BOS,MA,ANE,EN,Towers with Radar,469,252,14,0,735,0,24,24,0,48,469,276,38,0,783,0,0,0,783
12/04/2005,BOS,MA,ANE,EN,Towers with Radar,516,355,34,0,905,0,1,10,0,11,516,356,44,0,916,0,0,0,916
12/05/2005,BOS,MA,ANE,EN,Towers with Radar,592,441,64,1,1098,0,44,49,0,93,592,485,113,1,1191,0,0,0,1191
12/06/2005,BOS,MA,ANE,EN,Towers with Radar,623,438,42,0,1103,0,8,27,1,36,623,446,69,1,1139,0,0,0,1139
12/07/2005,BOS,MA,ANE,EN,Towers with Radar,613,442,55,1,1111,0,30,19,0,49,613,472,74,1,1160,0,0,0,1160
12/08/2005,BOS,MA,ANE,EN,Towers with Radar,618,437,69,0,1124,0,36,52,2,90,618,473,121,2,1214,0,0,0,1214
12/09/2005,BOS,MA,ANE,EN,Towers with Radar,386,194,14,0,594,0,3,4,2,9,386,197,18,2,603,0,0,0,603
12/10/2005,BOS,MA,ANE,EN,Towers with Radar,495,254,16,2,767,0,23,32,1,56,495,277,48,3,823,0,0,0,823
12/11/2005,BOS,MA,ANE,EN,Towers with Radar,529,317,20,2,868,0,31,23,0,54,529,348,43,2,922,0,0,0,922
12/12/2005,BOS,MA,ANE,EN,Towers with Radar,596,419,51,0,1066,0,31,29,2,62,596,450,80,2,1128,0,0,0,1128
12/13/2005,BOS,MA,ANE,EN,Towers with Radar,627,455,80,0,1162,0,12,39,0,51,627,467,119,0,1213,0,0,0,1213
12/14/2005,BOS,MA,ANE,EN,Towers with Radar,606,430,48,0,1084,0,24,48,1,73,606,454,96,1,1157,0,0,0,1157
12/15/2005,BOS,MA,ANE,EN,Towers with Radar,0,0,0,0,0,616,458,84,4,1162,616,458,84,4,1162,0,0,0,1162
12/16/2005,BOS,MA,ANE,EN,Towers with Radar,611,399,21,0,1031,0,4,6,0,10,611,403,27,0,1041,0,0,0,1041
12/17/2005,BOS,MA,ANE,EN,Towers with Radar,480,250,17,0,747,0,25,28,2,55,480,275,45,2,802,0,0,0,802
12/18/2005,BOS,MA,ANE,EN,Towers with Radar,534,315,20,0,869,0,38,17,0,55,534,353,37,0,924,0,0,0,924
12/19/2005,BOS,MA,ANE,EN,Towers with Radar,592,419,34,0,1045,0,24,35,3,62,592,443,69,3,1107,0,0,0,1107
12/20/2005,BOS,MA,ANE,EN,Towers with Radar,619,424,25,0,1068,0,37,65,2,104,619,461,90,2,1172,0,0,0,1172
12/21/2005,BOS,MA,ANE,EN,Towers with Radar,632,428,18,0,1078,0,34,38,0,72,632,462,56,0,1150,0,0,0,1150
12/22/2005,BOS,MA,ANE,EN,Towers with Radar,641,432,22,0,1095,0,39,46,2,87,641,471,68,2,1182,0,0,0,1182
12/23/2005,BOS,MA,ANE,EN,Towers with Radar,626,417,12,0,1055,0,39,21,3,63,626,456,33,3,1118,0,0,0,1118
12/24/2005,BOS,MA,ANE,EN,Towers with Radar,472,247,2,0,721,0,25,33,2,60,472,272,35,2,781,0,0,0,781
12/25/2005,BOS,MA,ANE,EN,Towers with Radar,434,250,7,0,691,0,16,6,0,22,434,266,13,0,713,0,0,0,713
12/26/2005,BOS,MA,ANE,EN,Towers with Radar,0,0,0,0,0,537,409,23,0,969,537,409,23,0,969,0,0,0,969
12/27/2005,BOS,MA,ANE,EN,Towers with Radar,566,370,14,2,952,0,38,31,2,71,566,408,45,4,1023,0,0,0,1023
12/28/2005,BOS,MA,ANE,EN,Towers with Radar,569,381,9,0,959,0,41,65,3,109,569,422,74,3,1068,0,0,0,1068
12/29/2005,BOS,MA,ANE,EN,Towers with Radar,567,414,13,1,995,0,0,0,0,0,567,414,13,1,995,0,0,0,995
12/30/2005,BOS,MA,ANE,EN,Towers with Radar,566,423,9,0,998,0,25,18,2,45,566,448,27,2,1043,0,0,0,1043
12/31/2005,BOS,MA,ANE,EN,Towers with Radar,466,251,3,0,720,0,10,14,2,26,466,261,17,2,746,0,0,0,746
01/01/2006,BOS,MA,ANE,EN,Towers with Radar,481,322,2,0,805,0,0,11,0,11,481,322,13,0,816,0,0,0,816
01/02/2006,BOS,MA,ANE,EN,Towers with Radar,548,380,30,0,958,0,35,16,0,51,548,415,46,0,1009,0,0,0,1009
01/03/2006,BOS,MA,ANE,EN,Towers with Radar,586,376,8,1,971,0,0,2,0,2,586,376,10,1,973,0,0,0,973
01/04/2006,BOS,MA,ANE,EN,Towers with Radar,606,439,19,2,1066,0,5,10,0,15,606,444,29,2,1081,0,0,0,1081
01/05/2006,BOS,MA,ANE,EN,Towers with Radar,606,440,23,3,1072,0,4,4,0,8,606,444,27,3,1080,0,0,0,1080
01/06/2006,BOS,MA,ANE,EN,Towers with Radar,605,444,33,0,1082,0,7,39,0,46,605,451,72,0,1128,0,0,0,1128
01/07/2006,BOS,MA,ANE,EN,Towers with Radar,443,257,10,2,712,0,19,28,1,48,443,276,38,3,760,0,0,0,760
01/08/2006,BOS,MA,ANE,EN,Towers with Radar,522,358,16,3,899,1,5,13,0,19,523,363,29,3,918,0,0,0,918
01/09/2006,BOS,MA,ANE,EN,Towers with Radar,572,437,29,0,1038,0,13,34,0,47,572,450,63,0,1085,0,0,0,1085
01/10/2006,BOS,MA,ANE,EN,Towers with Radar,582,429,44,0,1055,0,27,59,2,88,582,456,103,2,1143,0,0,0,1143
01/11/2006,BOS,MA,ANE,EN,Towers with Radar,575,428,60,3,1066,0,7,32,2,41,575,435,92,5,1107,0,0,0,1107
01/12/2006,BOS,MA,ANE,EN,Towers with Radar,594,418,63,2,1077,0,30,55,0,85,594,448,118,2,1162,0,0,0,1162
01/13/2006,BOS,MA,ANE,EN,Towers with Radar,590,385,29,0,1004,0,8,37,0,45,590,393,66,0,1049,0,0,0,1049
01/14/2006,BOS,MA,ANE,EN,Towers with Radar,453,308,11,1,773,0,0,1,0,1,453,308,12,1,774,0,0,0,774
01/15/2006,BOS,MA,ANE,EN,Towers with Radar,501,286,14,1,802,0,3,4,0,7,501,289,18,1,809,0,0,0,809
01/16/2006,BOS,MA,ANE,EN,Towers with Radar,578,393,26,0,997,0,34,44,5,83,578,427,70,5,1080,0,0,0,1080
01/17/2006,BOS,MA,ANE,EN,Towers with Radar,581,408,42,0,1031,0,28,54,1,83,581,436,96,1,1114,0,0,0,1114
01/18/2006,BOS,MA,ANE,EN,Towers with Radar,541,325,29,3,898,0,0,0,0,0,541,325,29,3,898,0,0,0,898
01/19/2006,BOS,MA,ANE,EN,Towers with Radar,598,450,58,0,1106,0,38,43,2,83,598,488,101,2,1189,0,0,0,1189
01/20/2006,BOS,MA,ANE,EN,Towers with Radar,606,429,31,2,1068,0,42,41,1,84,606,471,72,3,1152,0,0,0,1152
01/21/2006,BOS,MA,ANE,EN,Towers with Radar,456,262,15,1,734,0,20,9,2,31,456,282,24,3,765,0,0,0,765
01/22/2006,BOS,MA,ANE,EN,Towers with Radar,524,320,21,2,867,0,33,21,0,54,524,353,42,2,921,0,0,0,921
01/23/2006,BOS,MA,ANE,EN,Towers with Radar,490,318,25,1,834,0,0,2,0,2,490,318,27,1,836,0,0,0,836
01/24/2006,BOS,MA,ANE,EN,Towers with Radar,598,432,34,4,1068,0,25,38,2,65,598,457,72,6,1133,0,0,0,1133
01/25/2006,BOS,MA,ANE,EN,Towers with Radar,576,447,56,2,1081,0,7,32,0,39,576,454,88,2,1120,0,0,0,1120
01/26/2006,BOS,MA,ANE,EN,Towers with Radar,603,456,44,2,1105,0,22,40,3,65,603,478,84,5,1170,0,0,0,1170
01/27/2006,BOS,MA,ANE,EN,Towers with Radar,611,443,32,0,1086,0,36,45,0,81,611,479,77,0,1167,0,0,0,1167
01/28/2006,BOS,MA,ANE,EN,Towers with Radar,455,267,7,0,729,0,22,33,7,62,455,289,40,7,791,0,0,0,791
01/29/2006,BOS,MA,ANE,EN,Towers with Radar,527,336,25,0,888,0,20,24,2,46,527,356,49,2,934,0,0,0,934
01/30/2006,BOS,MA,ANE,EN,Towers with Radar,562,446,31,0,1039,0,0,0,0,0,562,446,31,0,1039,0,0,0,1039
01/31/2006,BOS,MA,ANE,EN,Towers with Radar,580,406,35,0,1021,0,0,1,0,1,580,406,36,0,1022,0,0,0,1022
02/01/2006,BOS,MA,ANE,EN,Towers with Radar,611,445,59,0,1115,0,16,46,0,62,611,461,105,0,1177,0,0,0,1177
02/02/2006,BOS,MA,ANE,EN,Towers with Radar,621,446,65,0,1132,0,35,52,1,88,621,481,117,1,1220,0,0,0,1220
02/03/2006,BOS,MA,ANE,EN,Towers with Radar,615,445,32,0,1092,0,1,0,0,1,615,446,32,0,1093,0,0,0,1093
02/04/2006,BOS,MA,ANE,EN,Towers with Radar,482,281,12,1,776,0,15,20,5,40,482,296,32,6,816,0,0,0,816
02/05/2006,BOS,MA,ANE,EN,Towers with Radar,548,332,17,2,899,0,17,4,0,21,548,349,21,2,920,0,0,0,920
02/06/2006,BOS,MA,ANE,EN,Towers with Radar,586,410,15,1,1012,0,29,8,1,38,586,439,23,2,1050,0,0,0,1050
02/07/2006,BOS,MA,ANE,EN,Towers with Radar,617,424,21,1,1063,0,28,23,0,51,617,452,44,1,1114,0,0,0,1114
02/08/2006,BOS,MA,ANE,EN,Towers with Radar,603,423,40,4,1070,0,28,43,0,71,603,451,83,4,1141,0,0,0,1141
02/09/2006,BOS,MA,ANE,EN,Towers with Radar,642,438,33,0,1113,0,31,29,3,63,642,469,62,3,1176,0,0,0,1176
02/10/2006,BOS,MA,ANE,EN,Towers with Radar,634,433,27,0,1094,0,39,49,0,88,634,472,76,0,1182,0,0,0,1182
02/11/2006,BOS,MA,ANE,EN,Towers with Radar,431,263,7,0,701,0,21,31,0,52,431,284,38,0,753,0,0,0,753
02/12/2006,BOS,MA,ANE,EN,Towers with Radar,63,16,7,0,86,0,0,0,0,0,63,16,7,0,86,0,0,0,86
02/13/2006,BOS,MA,ANE,EN,Towers with Radar,540,381,39,0,960,0,34,42,0,76,540,415,81,0,1036,0,0,0,1036
02/14/2006,BOS,MA,ANE,EN,Towers with Radar,639,427,23,0,1089,0,32,47,0,79,639,459,70,0,1168,0,0,0,1168
02/15/2006,BOS,MA,ANE,EN,Towers with Radar,624,451,28,0,1103,0,28,36,4,68,624,479,64,4,1171,0,0,0,1171
02/16/2006,BOS,MA,ANE,EN,Towers with Radar,632,450,48,2,1132,0,32,46,1,79,632,482,94,3,1211,0,0,0,1211
02/17/2006,BOS,MA,ANE,EN,Towers with Radar,628,383,9,3,1023,0,28,0,0,28,628,411,9,3,1051,0,0,0,1051
02/18/2006,BOS,MA,ANE,EN,Towers with Radar,524,288,14,0,826,0,11,6,0,17,524,299,20,0,843,0,0,0,843
02/19/2006,BOS,MA,ANE,EN,Towers with Radar,560,321,7,0,888,0,26,24,1,51,560,347,31,1,939,0,0,0,939
02/20/2006,BOS,MA,ANE,EN,Towers with Radar,590,397,15,0,1002,1,37,31,1,70,591,434,46,1,1072,0,0,0,1072
02/21/2006,BOS,MA,ANE,EN,Towers with Radar,634,421,34,3,1092,0,33,45,1,79,634,454,79,4,1171,0,0,0,1171
02/22/2006,BOS,MA,ANE,EN,Towers with Radar,629,442,42,0,1113,0,27,38,0,65,629,469,80,0,1178,0,0,0,1178
02/23/2006,BOS,MA,ANE,EN,Towers with Radar,643,464,38,0,1145,0,7,16,1,24,643,471,54,1,1169,0,0,0,1169
02/24/2006,BOS,MA,ANE,EN,Towers with Radar,648,447,39,0,1134,1,22,13,0,36,649,469,52,0,1170,0,0,0,1170
02/25/2006,BOS,MA,ANE,EN,Towers with Radar,520,294,22,1,837,0,9,16,2,27,520,303,38,3,864,0,0,0,864
02/26/2006,BOS,MA,ANE,EN,Towers with Radar,571,342,40,0,953,0,23,24,0,47,571,365,64,0,1000,0,0,0,1000
02/27/2006,BOS,MA,ANE,EN,Towers with Radar,628,422,43,1,1094,0,35,36,2,73,628,457,79,3,1167,0,0,0,1167
02/28/2006,BOS,MA,ANE,EN,Towers with Radar,640,423,72,2,1137,0,35,25,5,65,640,458,97,7,1202,0,0,0,1202
03/01/2006,BOS,MA,ANE,EN,Towers with Radar,630,451,77,0,1158,0,25,36,0,61,630,476,113,0,1219,0,0,0,1219
03/02/2006,BOS,MA,ANE,EN,Towers with Radar,630,451,77,0,1158,0,25,36,0,61,630,476,113,0,1219,0,0,0,1219
03/03/2006,BOS,MA,ANE,EN,Towers with Radar,650,458,48,2,1158,0,33,22,3,58,650,491,70,5,1216,0,0,0,1216
03/04/2006,BOS,MA,ANE,EN,Towers with Radar,495,284,14,4,797,0,22,21,0,43,495,306,35,4,840,0,0,0,840
03/05/2006,BOS,MA,ANE,EN,Towers with Radar,555,341,26,0,922,0,30,34,0,64,555,371,60,0,986,0,0,0,986
03/06/2006,BOS,MA,ANE,EN,Towers with Radar,622,428,47,5,1102,0,32,26,0,58,622,460,73,5,1160,0,0,0,1160
03/07/2006,BOS,MA,ANE,EN,Towers with Radar,626,430,84,0,1140,0,34,33,3,70,626,464,117,3,1210,0,0,0,1210
03/08/2006,BOS,MA,ANE,EN,Towers with Radar,642,444,68,1,1155,0,44,44,13,101,642,488,112,14,1256,0,0,0,1256
03/09/2006,BOS,MA,ANE,EN,Towers with Radar,648,463,50,0,1161,0,24,30,2,56,648,487,80,2,1217,0,0,0,1217
03/10/2006,BOS,MA,ANE,EN,Towers with Radar,639,474,29,1,1143,0,4,12,0,16,639,478,41,1,1159,0,0,0,1159
03/11/2006,BOS,MA,ANE,EN,Towers with Radar,495,279,15,2,791,0,19,34,0,53,495,298,49,2,844,0,0,0,844
03/12/2006,BOS,MA,ANE,EN,Towers with Radar,555,341,24,0,920,0,10,5,0,15,555,351,29,0,935,0,0,0,935
03/13/2006,BOS,MA,ANE,EN,Towers with Radar,605,423,60,2,1090,0,10,10,0,20,605,433,70,2,1110,0,0,0,1110
03/14/2006,BOS,MA,ANE,EN,Towers with Radar,642,450,78,0,1170,0,9,11,1,21,642,459,89,1,1191,0,0,0,1191
03/15/2006,BOS,MA,ANE,EN,Towers with Radar,634,429,62,0,1125,0,18,13,0,31,634,447,75,0,1156,0,0,0,1156
03/16/2006,BOS,MA,ANE,EN,Towers with Radar,633,454,45,0,1132,0,38,39,2,79,633,492,84,2,1211,0,0,0,1211
03/17/2006,BOS,MA,ANE,EN,Towers with Radar,630,443,25,0,1098,0,43,28,2,73,630,486,53,2,1171,0,0,0,1171
03/18/2006,BOS,MA,ANE,EN,Towers with Radar,488,285,10,2,785,0,23,33,0,56,488,308,43,2,841,0,0,0,841
03/19/2006,BOS,MA,ANE,EN,Towers with Radar,557,357,19,2,935,0,26,34,0,60,557,383,53,2,995,0,0,0,995
03/20/2006,BOS,MA,ANE,EN,Towers with Radar,602,438,42,0,1082,0,37,30,0,67,602,475,72,0,1149,0,0,0,1149
03/21/2006,BOS,MA,ANE,EN,Towers with Radar,643,449,47,2,1141,0,39,47,3,89,643,488,94,5,1230,0,0,0,1230
03/22/2006,BOS,MA,ANE,EN,Towers with Radar,634,436,50,0,1120,0,26,47,0,73,634,462,97,0,1193,0,0,0,1193
03/23/2006,BOS,MA,ANE,EN,Towers with Radar,632,459,26,0,1117,0,36,39,2,77,632,495,65,2,1194,0,0,0,1194
03/24/2006,BOS,MA,ANE,EN,Towers with Radar,638,465,37,0,1140,0,0,0,0,0,638,465,37,0,1140,73,6,79,1219
03/25/2006,BOS,MA,ANE,EN,Towers with Radar,487,300,13,0,800,0,0,19,0,19,487,300,32,0,819,0,0,0,819
03/26/2006,BOS,MA,ANE,EN,Towers with Radar,547,363,35,0,945,0,30,26,2,58,547,393,61,2,1003,0,0,0,1003
03/27/2006,BOS,MA,ANE,EN,Towers with Radar,621,418,46,1,1086,0,43,37,0,80,621,461,83,1,1166,0,0,0,1166
03/28/2006,BOS,MA,ANE,EN,Towers with Radar,632,424,35,0,1091,0,35,55,2,92,632,459,90,2,1183,0,0,0,1183
03/29/2006,BOS,MA,ANE,EN,Towers with Radar,632,437,43,0,1112,0,35,52,2,89,632,472,95,2,1201,0,0,0,1201
03/30/2006,BOS,MA,ANE,EN,Towers with Radar,633,455,46,0,1134,0,35,42,2,79,633,490,88,2,1213,0,0,0,1213
03/31/2006,BOS,MA,ANE,EN,Towers with Radar,635,457,23,2,1117,0,42,44,4,90,635,499,67,6,1207,0,0,0,1207
04/01/2006,BOS,MA,ANE,EN,Towers with Radar,484,307,26,3,820,0,8,20,3,31,484,315,46,6,851,0,0,0,851
04/02/2006,BOS,MA,ANE,EN,Towers with Radar,552,362,42,4,960,0,33,36,0,69,552,395,78,4,1029,0,0,0,1029
04/03/2006,BOS,MA,ANE,EN,Towers with Radar,605,441,65,6,1117,0,26,39,1,66,605,467,104,7,1183,0,0,0,1183
04/04/2006,BOS,MA,ANE,EN,Towers with Radar,637,483,49,3,1172,0,5,1,0,6,637,488,50,3,1178,0,0,0,1178
04/05/2006,BOS,MA,ANE,EN,Towers with Radar,646,458,53,4,1161,0,3,9,1,13,646,461,62,5,1174,0,0,0,1174
04/06/2006,BOS,MA,ANE,EN,Towers with Radar,652,483,84,1,1220,0,29,47,2,78,652,512,131,3,1298,0,0,0,1298
04/07/2006,BOS,MA,ANE,EN,Towers with Radar,642,486,29,2,1159,0,19,14,2,35,642,505,43,4,1194,0,0,0,1194
04/08/2006,BOS,MA,ANE,EN,Towers with Radar,500,337,16,2,855,0,2,6,1,9,500,339,22,3,864,0,0,0,864
04/09/2006,BOS,MA,ANE,EN,Towers with Radar,559,367,23,2,951,0,35,37,0,72,559,402,60,2,1023,0,0,0,1023
04/10/2006,BOS,MA,ANE,EN,Towers with Radar,622,458,37,0,1117,0,30,50,1,81,622,488,87,1,1198,0,0,0,1198
04/11/2006,BOS,MA,ANE,EN,Towers with Radar,629,441,35,4,1109,1,33,48,1,83,630,474,83,5,1192,0,0,0,1192
04/12/2006,BOS,MA,ANE,EN,Towers with Radar,651,458,39,1,1149,0,27,57,1,85,651,485,96,2,1234,0,0,0,1234
04/13/2006,BOS,MA,ANE,EN,Towers with Radar,644,461,54,0,1159,0,24,24,4,52,644,485,78,4,1211,0,0,0,1211
04/14/2006,BOS,MA,ANE,EN,Towers with Radar,659,462,30,1,1152,0,51,30,4,85,659,513,60,5,1237,0,0,0,1237
04/15/2006,BOS,MA,ANE,EN,Towers with Radar,530,342,9,0,881,0,10,20,0,30,530,352,29,0,911,0,0,0,911
04/16/2006,BOS,MA,ANE,EN,Towers with Radar,544,341,16,0,901,0,47,24,0,71,544,388,40,0,972,0,0,0,972
04/17/2006,BOS,MA,ANE,EN,Towers with Radar,628,461,50,0,1139,0,32,42,0,74,628,493,92,0,1213,0,0,0,1213
04/18/2006,BOS,MA,ANE,EN,Towers with Radar,652,472,43,0,1167,0,20,56,0,76,652,492,99,0,1243,0,0,0,1243
04/19/2006,BOS,MA,ANE,EN,Towers with Radar,630,449,39,1,1119,0,28,39,1,68,630,477,78,2,1187,0,0,0,1187
04/20/2006,BOS,MA,ANE,EN,Towers with Radar,646,467,59,3,1175,0,42,56,4,102,646,509,115,7,1277,0,0,0,1277
04/21/2006,BOS,MA,ANE,EN,Towers with Radar,653,451,41,2,1147,1,62,49,1,113,654,513,90,3,1260,0,0,0,1260
04/22/2006,BOS,MA,ANE,EN,Towers with Radar,527,322,16,0,865,0,29,32,3,64,527,351,48,3,929,0,0,0,929
04/23/2006,BOS,MA,ANE,EN,Towers with Radar,603,391,37,0,1031,0,24,10,0,34,603,415,47,0,1065,0,0,0,1065
04/24/2006,BOS,MA,ANE,EN,Towers with Radar,610,485,55,1,1151,0,0,4,0,4,610,485,59,1,1155,0,0,0,1155
04/25/2006,BOS,MA,ANE,EN,Towers with Radar,625,461,53,0,1139,0,21,32,1,54,625,482,85,1,1193,0,0,0,1193
04/26/2006,BOS,MA,ANE,EN,Towers with Radar,645,435,63,2,1145,0,37,52,1,90,645,472,115,3,1235,0,0,0,1235
04/27/2006,BOS,MA,ANE,EN,Towers with Radar,651,448,59,0,1158,0,50,39,2,91,651,498,98,2,1249,0,0,0,1249
04/28/2006,BOS,MA,ANE,EN,Towers with Radar,641,458,44,4,1147,0,73,50,1,124,641,531,94,5,1271,0,0,0,1271
04/29/2006,BOS,MA,ANE,EN,Towers with Radar,500,317,13,2,832,0,29,33,1,63,500,346,46,3,895,0,0,0,895
04/30/2006,BOS,MA,ANE,EN,Towers with Radar,555,359,26,1,941,0,60,47,0,107,555,419,73,1,1048,0,0,0,1048
05/01/2006,BOS,MA,ANE,EN,Towers with Radar,614,458,45,1,1118,0,42,50,0,92,614,500,95,1,1210,0,0,0,1210
05/02/2006,BOS,MA,ANE,EN,Towers with Radar,601,438,45,0,1084,0,0,0,0,0,601,438,45,0,1084,0,0,0,1084
05/03/2006,BOS,MA,ANE,EN,Towers with Radar,618,469,61,2,1150,0,0,0,0,0,618,469,61,2,1150,0,0,0,1150
05/04/2006,BOS,MA,ANE,EN,Towers with Radar,633,473,49,2,1157,0,42,42,0,84,633,515,91,2,1241,0,0,0,1241
05/05/2006,BOS,MA,ANE,EN,Towers with Radar,624,474,33,2,1133,0,57,57,1,115,624,531,90,3,1248,0,0,0,1248
05/06/2006,BOS,MA,ANE,EN,Towers with Radar,458,320,16,0,794,0,27,25,0,52,458,347,41,0,846,0,0,0,846
05/07/2006,BOS,MA,ANE,EN,Towers with Radar,526,352,19,1,898,0,52,51,2,105,526,404,70,3,1003,0,0,0,1003
05/08/2006,BOS,MA,ANE,EN,Towers with Radar,599,440,65,5,1109,0,52,47,0,99,599,492,112,5,1208,0,0,0,1208
05/09/2006,BOS,MA,ANE,EN,Towers with Radar,571,433,52,0,1056,0,6,7,0,13,571,439,59,0,1069,0,0,0,1069
05/10/2006,BOS,MA,ANE,EN,Towers with Radar,632,443,34,0,1109,0,0,0,0,0,632,443,34,0,1109,0,0,0,1109
05/11/2006,BOS,MA,ANE,EN,Towers with Radar,612,454,58,2,1126,0,0,0,0,0,612,454,58,2,1126,0,0,0,1126
05/12/2006,BOS,MA,ANE,EN,Towers with Radar,633,357,20,1,1011,0,0,0,0,0,633,357,20,1,1011,0,0,0,1011
05/13/2006,BOS,MA,ANE,EN,Towers with Radar,633,357,20,1,1011,0,0,0,0,0,633,357,20,1,1011,0,0,0,1011
05/14/2006,BOS,MA,ANE,EN,Towers with Radar,529,384,39,0,952,0,0,0,0,0,529,384,39,0,952,0,0,0,952
05/15/2006,BOS,MA,ANE,EN,Towers with Radar,594,452,23,3,1072,0,0,0,0,0,594,452,23,3,1072,0,0,0,1072
05/16/2006,BOS,MA,ANE,EN,Towers with Radar,613,475,58,2,1148,0,0,0,0,0,613,475,58,2,1148,0,0,0,1148
05/17/2006,BOS,MA,ANE,EN,Towers with Radar,614,471,55,1,1141,0,50,46,1,97,614,521,101,2,1238,0,0,0,1238
05/18/2006,BOS,MA,ANE,EN,Towers with Radar,626,499,55,0,1180,0,70,57,5,132,626,569,112,5,1312,0,0,0,1312
05/19/2006,BOS,MA,ANE,EN,Towers with Radar,637,501,44,0,1182,0,36,18,0,54,637,537,62,0,1236,0,0,0,1236
05/20/2006,BOS,MA,ANE,EN,Towers with Radar,454,321,32,2,809,0,47,36,0,83,454,368,68,2,892,0,0,0,892
05/21/2006,BOS,MA,ANE,EN,Towers with Radar,529,382,52,1,964,0,63,28,2,93,529,445,80,3,1057,0,0,0,1057
05/22/2006,BOS,MA,ANE,EN,Towers with Radar,609,477,64,1,1151,0,66,57,6,129,609,543,121,7,1280,0,0,0,1280
05/23/2006,BOS,MA,ANE,EN,Towers with Radar,603,456,77,0,1136,0,54,31,1,86,603,510,108,1,1222,0,0,0,1222
05/24/2006,BOS,MA,ANE,EN,Towers with Radar,607,477,64,0,1148,0,58,44,2,104,607,535,108,2,1252,0,0,0,1252
05/25/2006,BOS,MA,ANE,EN,Towers with Radar,631,504,78,1,1214,0,93,72,1,166,631,597,150,2,1380,0,0,0,1380
05/26/2006,BOS,MA,ANE,EN,Towers with Radar,622,499,43,0,1164,0,9,33,0,42,622,508,76,0,1206,0,0,0,1206
05/27/2006,BOS,MA,ANE,EN,Towers with Radar,438,383,8,3,832,0,20,19,1,40,438,403,27,4,872,0,0,0,872
05/28/2006,BOS,MA,ANE,EN,Towers with Radar,436,299,17,0,752,0,61,35,3,99,436,360,52,3,851,0,0,0,851
05/29/2006,BOS,MA,ANE,EN,Towers with Radar,521,423,20,0,964,0,110,32,0,142,521,533,52,0,1106,0,0,0,1106
05/30/2006,BOS,MA,ANE,EN,Towers with Radar,592,453,43,0,1088,0,77,28,3,108,592,530,71,3,1196,0,0,0,1196
05/31/2006,BOS,MA,ANE,EN,Towers with Radar,618,507,66,0,1191,0,8,18,1,27,618,515,84,1,1218,0,0,0,1218
06/01/2006,BOS,MA,ANE,EN,Towers with Radar,608,478,59,0,1145,0,19,34,2,55,608,497,93,2,1200,0,0,0,1200
06/02/2006,BOS,MA,ANE,EN,Towers with Radar,609,492,42,0,1143,0,0,1,3,4,609,492,43,3,1147,0,0,0,1147
06/03/2006,BOS,MA,ANE,EN,Towers with Radar,470,352,9,2,833,0,0,3,0,3,470,352,12,2,836,0,0,0,836
06/04/2006,BOS,MA,ANE,EN,Towers with Radar,534,458,41,0,1033,0,1,8,0,9,534,459,49,0,1042,0,0,0,1042
06/05/2006,BOS,MA,ANE,EN,Towers with Radar,605,487,62,0,1154,0,53,47,3,103,605,540,109,3,1257,0,0,0,1257
06/06/2006,BOS,MA,ANE,EN,Towers with Radar,627,522,66,0,1215,0,24,47,2,73,627,546,113,2,1288,0,0,0,1288
06/07/2006,BOS,MA,ANE,EN,Towers with Radar,552,365,44,0,961,0,0,2,0,2,552,365,46,0,963,0,0,0,963
06/08/2006,BOS,MA,ANE,EN,Towers with Radar,657,519,62,0,1238,0,0,4,2,6,657,519,66,2,1244,0,0,0,1244
06/09/2006,BOS,MA,ANE,EN,Towers with Radar,624,549,39,0,1212,0,1,4,0,5,624,550,43,0,1217,0,0,0,1217
06/10/2006,BOS,MA,ANE,EN,Towers with Radar,480,416,11,1,908,0,21,7,0,28,480,437,18,1,936,0,0,0,936
06/11/2006,BOS,MA,ANE,EN,Towers with Radar,543,387,18,2,950,0,109,30,1,140,543,496,48,3,1090,0,0,0,1090
06/12/2006,BOS,MA,ANE,EN,Towers with Radar,602,478,33,3,1116,0,88,61,2,151,602,566,94,5,1267,0,0,0,1267
06/13/2006,BOS,MA,ANE,EN,Towers with Radar,613,458,58,0,1129,0,68,47,0,115,613,526,105,0,1244,0,0,0,1244
06/14/2006,BOS,MA,ANE,EN,Towers with Radar,624,479,65,2,1170,0,62,36,0,98,624,541,101,2,1268,0,0,0,1268
06/15/2006,BOS,MA,ANE,EN,Towers with Radar,630,539,71,4,1244,0,51,39,6,96,630,590,110,10,1340,0,0,0,1340
06/16/2006,BOS,MA,ANE,EN,Towers with Radar,627,486,40,1,1154,0,138,72,1,211,627,624,112,2,1365,0,0,0,1365
06/17/2006,BOS,MA,ANE,EN,Towers with Radar,466,358,10,0,834,0,110,40,6,156,466,468,50,6,990,0,0,0,990
06/18/2006,BOS,MA,ANE,EN,Towers with Radar,539,381,32,0,952,0,123,52,0,175,539,504,84,0,1127,0,0,0,1127
06/19/2006,BOS,MA,ANE,EN,Towers with Radar,593,469,42,0,1104,0,106,49,2,157,593,575,91,2,1261,0,0,0,1261
06/20/2006,BOS,MA,ANE,EN,Towers with Radar,625,544,51,0,1220,0,14,50,1,65,625,558,101,1,1285,0,0,0,1285
06/21/2006,BOS,MA,ANE,EN,Towers with Radar,613,504,63,0,1180,0,91,87,1,179,613,595,150,1,1359,0,0,0,1359
06/22/2006,BOS,MA,ANE,EN,Towers with Radar,632,561,46,2,1241,0,56,61,0,117,632,617,107,2,1358,0,0,0,1358
06/23/2006,BOS,MA,ANE,EN,Towers with Radar,590,479,27,1,1097,0,20,15,0,35,590,499,42,1,1132,0,0,0,1132
06/24/2006,BOS,MA,ANE,EN,Towers with Radar,486,456,16,2,960,0,0,2,0,2,486,456,18,2,962,0,0,0,962
06/25/2006,BOS,MA,ANE,EN,Towers with Radar,520,478,8,1,1007,0,0,2,0,2,520,478,10,1,1009,0,0,0,1009
06/26/2006,BOS,MA,ANE,EN,Towers with Radar,595,582,52,0,1229,0,23,20,0,43,595,605,72,0,1272,0,0,0,1272
06/27/2006,BOS,MA,ANE,EN,Towers with Radar,609,501,58,2,1170,0,45,39,0,84,609,546,97,2,1254,0,0,0,1254
06/28/2006,BOS,MA,ANE,EN,Towers with Radar,616,494,61,0,1171,0,9,7,0,16,616,503,68,0,1187,0,0,0,1187
06/29/2006,BOS,MA,ANE,EN,Towers with Radar,621,568,73,1,1263,0,0,5,0,5,621,568,78,1,1268,0,0,0,1268
06/30/2006,BOS,MA,ANE,EN,Towers with Radar,643,579,41,1,1264,0,125,54,0,179,643,704,95,1,1443,0,0,0,1443
07/01/2006,BOS,MA,ANE,EN,Towers with Radar,470,398,11,0,879,0,174,67,10,251,470,572,78,10,1130,0,0,0,1130
07/02/2006,BOS,MA,ANE,EN,Towers with Radar,505,383,13,0,901,0,95,24,1,120,505,478,37,1,1021,0,0,0,1021
07/03/2006,BOS,MA,ANE,EN,Towers with Radar,477,397,8,0,882,0,104,59,1,164,477,501,67,1,1046,0,0,0,1046
07/04/2006,BOS,MA,ANE,EN,Towers with Radar,483,480,20,3,986,0,28,37,0,65,483,508,57,3,1051,0,0,0,1051
07/05/2006,BOS,MA,ANE,EN,Towers with Radar,606,575,51,2,1234,0,78,25,4,107,606,653,76,6,1341,0,0,0,1341
07/06/2006,BOS,MA,ANE,EN,Towers with Radar,641,545,32,2,1220,0,74,44,2,120,641,619,76,4,1340,0,0,0,1340
07/07/2006,BOS,MA,ANE,EN,Towers with Radar,635,509,27,4,1175,0,145,75,1,221,635,654,102,5,1396,0,0,0,1396
07/08/2006,BOS,MA,ANE,EN,Towers with Radar,468,393,14,0,875,0,148,55,0,203,468,541,69,0,1078,0,0,0,1078
07/09/2006,BOS,MA,ANE,EN,Towers with Radar,551,431,18,0,1000,0,155,47,2,204,551,586,65,2,1204,0,0,0,1204
07/10/2006,BOS,MA,ANE,EN,Towers with Radar,612,527,39,2,1180,0,103,45,4,152,612,630,84,6,1332,0,0,0,1332
07/11/2006,BOS,MA,ANE,EN,Towers with Radar,612,503,37,0,1152,0,16,30,0,46,612,519,67,0,1198,0,0,0,1198
07/12/2006,BOS,MA,ANE,EN,Towers with Radar,599,526,62,3,1190,0,0,0,0,0,599,526,62,3,1190,0,0,0,1190
07/13/2006,BOS,MA,ANE,EN,Towers with Radar,657,597,65,0,1319,0,19,11,0,30,657,616,76,0,1349,0,0,0,1349
07/14/2006,BOS,MA,ANE,EN,Towers with Radar,636,511,45,0,1192,0,163,79,2,244,636,674,124,2,1436,0,0,0,1436
07/15/2006,BOS,MA,ANE,EN,Towers with Radar,479,426,29,0,934,0,99,42,0,141,479,525,71,0,1075,0,0,0,1075
07/16/2006,BOS,MA,ANE,EN,Towers with Radar,552,576,65,2,1195,0,0,0,0,0,552,576,65,2,1195,0,0,0,1195
07/17/2006,BOS,MA,ANE,EN,Towers with Radar,604,633,110,2,1349,0,0,0,0,0,604,633,110,2,1349,0,0,0,1349
07/18/2006,BOS,MA,ANE,EN,Towers with Radar,590,542,43,2,1177,0,41,54,1,96,590,583,97,3,1273,0,0,0,1273
07/19/2006,BOS,MA,ANE,EN,Towers with Radar,637,509,37,2,1185,0,92,50,8,150,637,601,87,10,1335,0,0,0,1335
07/20/2006,BOS,MA,ANE,EN,Towers with Radar,621,612,57,0,1290,0,3,29,0,32,621,615,86,0,1322,0,0,0,1322
07/21/2006,BOS,MA,ANE,EN,Towers with Radar,601,487,35,1,1124,0,25,16,2,43,601,512,51,3,1167,0,0,0,1167
07/22/2006,BOS,MA,ANE,EN,Towers with Radar,498,464,23,1,986,0,0,0,0,0,498,464,23,1,986,1,0,1,987
07/23/2006,BOS,MA,ANE,EN,Towers with Radar,564,547,37,0,1148,0,23,22,2,47,564,570,59,2,1195,0,0,0,1195
07/24/2006,BOS,MA,ANE,EN,Towers with Radar,605,500,32,1,1138,0,136,48,1,185,605,636,80,2,1323,0,0,0,1323
07/25/2006,BOS,MA,ANE,EN,Towers with Radar,624,525,41,0,1190,0,64,56,2,122,624,589,97,2,1312,0,0,0,1312
07/26/2006,BOS,MA,ANE,EN,Towers with Radar,639,526,59,0,1224,0,101,42,0,143,639,627,101,0,1367,0,0,0,1367
07/27/2006,BOS,MA,ANE,EN,Towers with Radar,620,548,63,1,1232,0,67,44,1,112,620,615,107,2,1344,0,0,0,1344
07/28/2006,BOS,MA,ANE,EN,Towers with Radar,627,534,37,0,1198,0,40,34,0,74,627,574,71,0,1272,0,0,0,1272
07/29/2006,BOS,MA,ANE,EN,Towers with Radar,484,404,19,3,910,0,154,44,0,198,484,558,63,3,1108,0,0,0,1108
07/30/2006,BOS,MA,ANE,EN,Towers with Radar,555,426,14,0,995,0,166,30,1,197,555,592,44,1,1192,0,0,0,1192
07/31/2006,BOS,MA,ANE,EN,Towers with Radar,605,609,47,0,1261,0,69,66,0,135,605,678,113,0,1396,0,0,0,1396
08/01/2006,BOS,MA,ANE,EN,Towers with Radar,619,535,49,0,1203,0,83,29,2,114,619,618,78,2,1317,0,0,0,1317
08/02/2006,BOS,MA,ANE,EN,Towers with Radar,635,553,61,0,1249,0,98,42,2,142,635,651,103,2,1391,0,0,0,1391
08/03/2006,BOS,MA,ANE,EN,Towers with Radar,628,551,32,0,1211,0,94,38,0,132,628,645,70,0,1343,0,0,0,1343
08/04/2006,BOS,MA,ANE,EN,Towers with Radar,643,631,36,2,1312,0,62,49,0,111,643,693,85,2,1423,0,0,0,1423
08/05/2006,BOS,MA,ANE,EN,Towers with Radar,470,396,14,0,880,0,145,76,1,222,470,541,90,1,1102,0,0,0,1102
08/06/2006,BOS,MA,ANE,EN,Towers with Radar,558,417,13,0,988,0,151,44,2,197,558,568,57,2,1185,0,0,0,1185
08/07/2006,BOS,MA,ANE,EN,Towers with Radar,593,584,52,0,1229,0,59,27,3,89,593,643,79,3,1318,0,0,0,1318
08/08/2006,BOS,MA,ANE,EN,Towers with Radar,632,531,45,0,1208,0,97,51,1,149,632,628,96,1,1357,0,0,0,1357
08/09/2006,BOS,MA,ANE,EN,Towers with Radar,639,510,43,2,1194,0,101,36,0,137,639,611,79,2,1331,0,0,0,1331
08/10/2006,BOS,MA,ANE,EN,Towers with Radar,593,518,49,0,1160,0,104,53,3,160,593,622,102,3,1320,0,0,0,1320
08/11/2006,BOS,MA,ANE,EN,Towers with Radar,640,543,42,1,1226,0,148,63,2,213,640,691,105,3,1439,0,0,0,1439
08/12/2006,BOS,MA,ANE,EN,Towers with Radar,476,405,15,1,897,0,144,55,2,201,476,549,70,3,1098,0,0,0,1098
08/13/2006,BOS,MA,ANE,EN,Towers with Radar,544,427,22,0,993,0,164,51,0,215,544,591,73,0,1208,0,0,0,1208
08/14/2006,BOS,MA,ANE,EN,Towers with Radar,609,522,39,0,1170,0,141,52,2,195,609,663,91,2,1365,0,0,0,1365
08/15/2006,BOS,MA,ANE,EN,Towers with Radar,627,585,62,0,1274,0,33,23,3,59,627,618,85,3,1333,0,0,0,1333
08/16/2006,BOS,MA,ANE,EN,Towers with Radar,643,498,38,1,1180,0,108,77,3,188,643,606,115,4,1368,0,0,0,1368
08/17/2006,BOS,MA,ANE,EN,Towers with Radar,644,525,33,0,1202,0,125,61,2,188,644,650,94,2,1390,0,0,0,1390
08/18/2006,BOS,MA,ANE,EN,Towers with Radar,635,547,51,0,1233,0,146,49,2,197,635,693,100,2,1430,0,0,0,1430
08/19/2006,BOS,MA,ANE,EN,Towers with Radar,487,388,32,0,907,0,155,49,4,208,487,543,81,4,1115,0,0,0,1115
08/20/2006,BOS,MA,ANE,EN,Towers with Radar,548,513,37,4,1102,0,33,13,1,47,548,546,50,5,1149,0,0,0,1149
08/21/2006,BOS,MA,ANE,EN,Towers with Radar,620,596,40,2,1258,0,76,40,4,120,620,672,80,6,1378,0,0,0,1378
08/22/2006,BOS,MA,ANE,EN,Towers with Radar,620,596,40,2,1258,0,76,40,4,120,620,672,80,6,1378,0,0,0,1378
08/23/2006,BOS,MA,ANE,EN,Towers with Radar,633,490,22,0,1145,0,108,45,0,153,633,598,67,0,1298,0,0,0,1298
08/24/2006,BOS,MA,ANE,EN,Towers with Radar,624,526,34,1,1185,0,102,36,0,138,624,628,70,1,1323,0,0,0,1323
08/25/2006,BOS,MA,ANE,EN,Towers with Radar,635,557,13,0,1205,0,12,12,0,24,635,569,25,0,1229,0,0,0,1229
08/26/2006,BOS,MA,ANE,EN,Towers with Radar,488,432,20,0,940,0,97,43,0,140,488,529,63,0,1080,0,0,0,1080
08/27/2006,BOS,MA,ANE,EN,Towers with Radar,529,426,17,0,972,23,0,0,0,23,552,426,17,0,995,0,0,0,995
08/28/2006,BOS,MA,ANE,EN,Towers with Radar,607,602,33,2,1244,0,0,1,0,1,607,602,34,2,1245,0,0,0,1245
08/29/2006,BOS,MA,ANE,EN,Towers with Radar,602,523,38,0,1163,0,0,0,4,4,602,523,38,4,1167,0,0,0,1167
08/30/2006,BOS,MA,ANE,EN,Towers with Radar,627,566,57,0,1250,1,54,30,5,90,628,620,87,5,1340,0,0,0,1340
08/31/2006,BOS,MA,ANE,EN,Towers with Radar,638,502,32,0,1172,0,109,68,13,190,638,611,100,13,1362,0,0,0,1362
09/01/2006,BOS,MA,ANE,EN,Towers with Radar,638,502,32,0,1172,0,109,68,13,190,638,611,100,13,1362,0,0,0,1362
09/02/2006,BOS,MA,ANE,EN,Towers with Radar,470,420,10,0,900,0,21,27,0,48,470,441,37,0,948,0,0,0,948
09/03/2006,BOS,MA,ANE,EN,Towers with Radar,469,362,10,1,842,0,0,0,0,0,469,362,10,1,842,0,0,0,842
09/04/2006,BOS,MA,ANE,EN,Towers with Radar,563,454,15,0,1032,0,157,70,1,228,563,611,85,1,1260,0,0,0,1260
09/05/2006,BOS,MA,ANE,EN,Towers with Radar,643,498,38,1,1180,0,108,77,3,188,643,606,115,4,1368,0,0,0,1368
09/06/2006,BOS,MA,ANE,EN,Towers with Radar,612,531,91,0,1234,0,58,29,3,90,612,589,120,3,1324,0,0,0,1324
09/07/2006,BOS,MA,ANE,EN,Towers with Radar,637,567,79,2,1285,0,75,52,0,127,637,642,131,2,1412,0,0,0,1412
09/08/2006,BOS,MA,ANE,EN,Towers with Radar,632,551,56,4,1243,0,85,66,2,153,632,636,122,6,1396,0,0,0,1396
09/09/2006,BOS,MA,ANE,EN,Towers with Radar,464,357,18,0,839,0,64,28,3,95,464,421,46,3,934,0,0,0,934
09/10/2006,BOS,MA,ANE,EN,Towers with Radar,509,500,34,2,1045,0,38,44,0,82,509,538,78,2,1127,0,0,0,1127
09/11/2006,BOS,MA,ANE,EN,Towers with Radar,590,507,40,0,1137,0,100,46,0,146,590,607,86,0,1283,0,0,0,1283
09/12/2006,BOS,MA,ANE,EN,Towers with Radar,610,496,66,0,1172,0,82,56,6,144,610,578,122,6,1316,0,0,0,1316
09/13/2006,BOS,MA,ANE,EN,Towers with Radar,625,521,73,0,1219,0,72,35,1,108,625,593,108,1,1327,0,0,0,1327
09/14/2006,BOS,MA,ANE,EN,Towers with Radar,612,551,49,4,1216,0,54,21,0,75,612,605,70,4,1291,0,0,0,1291
09/15/2006,BOS,MA,ANE,EN,Towers with Radar,618,568,58,1,1245,0,11,15,0,26,618,579,73,1,1271,0,0,0,1271
09/16/2006,BOS,MA,ANE,EN,Towers with Radar,468,359,19,0,846,0,77,44,0,121,468,436,63,0,967,0,0,0,967
09/17/2006,BOS,MA,ANE,EN,Towers with Radar,515,428,28,0,971,0,135,53,1,189,515,563,81,1,1160,0,0,0,1160
09/18/2006,BOS,MA,ANE,EN,Towers with Radar,604,501,36,0,1141,0,97,52,1,150,604,598,88,1,1291,0,0,0,1291
09/19/2006,BOS,MA,ANE,EN,Towers with Radar,602,507,50,2,1161,0,35,21,3,59,602,542,71,5,1220,0,0,0,1220
09/20/2006,BOS,MA,ANE,EN,Towers with Radar,0,0,0,0,0,613,573,82,2,1270,613,573,82,2,1270,0,0,0,1270
09/21/2006,BOS,MA,ANE,EN,Towers with Radar,615,505,54,0,1174,0,100,47,0,147,615,605,101,0,1321,0,0,0,1321
09/22/2006,BOS,MA,ANE,EN,Towers with Radar,612,511,39,0,1162,0,131,46,1,178,612,642,85,1,1340,0,0,0,1340
09/23/2006,BOS,MA,ANE,EN,Towers with Radar,468,380,12,1,861,0,7,18,1,26,468,387,30,2,887,0,0,0,887
09/24/2006,BOS,MA,ANE,EN,Towers with Radar,0,0,0,0,0,515,545,35,2,1097,515,545,35,2,1097,0,0,0,1097
09/25/2006,BOS,MA,ANE,EN,Towers with Radar,597,501,56,0,1154,0,90,46,0,136,597,591,102,0,1290,0,0,0,1290
09/26/2006,BOS,MA,ANE,EN,Towers with Radar,597,501,56,0,1154,0,90,46,0,136,597,591,102,0,1290,0,0,0,1290
09/27/2006,BOS,MA,ANE,EN,Towers with Radar,612,517,60,0,1189,0,67,43,0,110,612,584,103,0,1299,0,0,0,1299
09/28/2006,BOS,MA,ANE,EN,Towers with Radar,621,526,39,0,1186,0,60,39,1,100,621,586,78,1,1286,0,0,0,1286
09/29/2006,BOS,MA,ANE,EN,Towers with Radar,632,549,33,2,1216,0,38,16,3,57,632,587,49,5,1273,0,0,0,1273
09/30/2006,BOS,MA,ANE,EN,Towers with Radar,469,355,26,8,858,0,59,43,0,102,469,414,69,8,960,0,0,0,960
10/01/2006,BOS,MA,ANE,EN,Towers with Radar,528,451,24,2,1005,0,18,11,1,30,528,469,35,3,1035,0,0,0,1035
10/02/2006,BOS,MA,ANE,EN,Towers with Radar,593,499,52,0,1144,0,83,20,3,106,593,582,72,3,1250,0,0,0,1250
10/03/2006,BOS,MA,ANE,EN,Towers with Radar,617,476,69,1,1163,0,64,48,1,113,617,540,117,2,1276,0,0,0,1276
10/04/2006,BOS,MA,ANE,EN,Towers with Radar,612,516,64,0,1192,0,44,33,3,80,612,560,97,3,1272,0,0,0,1272
10/05/2006,BOS,MA,ANE,EN,Towers with Radar,575,518,48,0,1141,0,57,49,0,106,575,575,97,0,1247,0,0,0,1247
10/06/2006,BOS,MA,ANE,EN,Towers with Radar,624,540,29,0,1193,1,86,36,0,123,625,626,65,0,1316,0,0,0,1316
10/07/2006,BOS,MA,ANE,EN,Towers with Radar,486,380,15,1,882,1,36,35,0,72,487,416,50,1,954,0,0,0,954
10/08/2006,BOS,MA,ANE,EN,Towers with Radar,529,407,24,0,960,0,107,20,3,130,529,514,44,3,1090,0,0,0,1090
10/09/2006,BOS,MA,ANE,EN,Towers with Radar,604,471,24,0,1099,0,115,30,0,145,604,586,54,0,1244,0,0,0,1244
10/10/2006,BOS,MA,ANE,EN,Towers with Radar,627,473,54,0,1154,0,47,29,0,76,627,520,83,0,1230,0,0,0,1230
10/11/2006,BOS,MA,ANE,EN,Towers with Radar,622,516,60,0,1198,0,6,18,5,29,622,522,78,5,1227,0,0,0,1227
10/12/2006,BOS,MA,ANE,EN,Towers with Radar,628,536,61,0,1225,1,7,14,0,22,629,543,75,0,1247,0,0,0,1247
10/13/2006,BOS,MA,ANE,EN,Towers with Radar,634,493,47,0,1174,1,71,23,0,95,635,564,70,0,1269,0,0,0,1269
10/14/2006,BOS,MA,ANE,EN,Towers with Radar,484,328,44,3,859,0,45,0,2,47,484,373,44,5,906,0,0,0,906
10/15/2006,BOS,MA,ANE,EN,Towers with Radar,529,394,33,0,956,0,70,28,1,99,529,464,61,1,1055,0,0,0,1055
10/16/2006,BOS,MA,ANE,EN,Towers with Radar,600,470,61,5,1136,1,57,32,0,90,601,527,93,5,1226,0,0,0,1226
10/17/2006,BOS,MA,ANE,EN,Towers with Radar,607,484,70,2,1163,0,36,21,0,57,607,520,91,2,1220,0,0,0,1220
10/18/2006,BOS,MA,ANE,EN,Towers with Radar,636,518,60,0,1214,1,8,27,0,36,637,526,87,0,1250,0,0,0,1250
10/19/2006,BOS,MA,ANE,EN,Towers with Radar,632,499,50,0,1181,0,36,19,0,55,632,535,69,0,1236,0,0,0,1236
10/20/2006,BOS,MA,ANE,EN,Towers with Radar,0,0,0,0,0,595,484,39,0,1118,595,484,39,0,1118,0,0,0,1118
10/21/2006,BOS,MA,ANE,EN,Towers with Radar,517,352,30,0,899,0,40,24,0,64,517,392,54,0,963,0,0,0,963
10/22/2006,BOS,MA,ANE,EN,Towers with Radar,525,402,30,0,957,0,63,32,0,95,525,465,62,0,1052,0,0,0,1052
10/23/2006,BOS,MA,ANE,EN,Towers with Radar,610,510,46,0,1166,1,11,16,0,28,611,521,62,0,1194,0,0,0,1194
10/24/2006,BOS,MA,ANE,EN,Towers with Radar,622,495,51,0,1168,0,35,11,2,48,622,530,62,2,1216,0,0,0,1216
10/25/2006,BOS,MA,ANE,EN,Towers with Radar,623,491,57,0,1171,0,33,14,3,50,623,524,71,3,1221,0,0,0,1221
10/26/2006,BOS,MA,ANE,EN,Towers with Radar,616,501,65,0,1182,1,52,32,7,92,617,553,97,7,1274,0,0,0,1274
10/27/2006,BOS,MA,ANE,EN,Towers with Radar,657,530,56,0,1243,1,53,21,0,75,658,583,77,0,1318,0,0,0,1318
10/28/2006,BOS,MA,ANE,EN,Towers with Radar,456,319,11,0,786,1,1,0,0,2,457,320,11,0,788,0,0,0,788
10/29/2006,BOS,MA,ANE,EN,Towers with Radar,528,376,29,1,934,0,21,4,0,25,528,397,33,1,959,0,0,0,959
10/30/2006,BOS,MA,ANE,EN,Towers with Radar,596,490,35,0,1121,0,42,41,1,84,596,532,76,1,1205,0,0,0,1205
10/31/2006,BOS,MA,ANE,EN,Towers with Radar,594,482,31,0,1107,1,35,25,2,63,595,517,56,2,1170,0,0,0,1170
11/01/2006,BOS,MA,ANE,EN,Towers with Radar,610,509,55,2,1176,0,28,36,2,66,610,537,91,4,1242,0,0,0,1242
11/02/2006,BOS,MA,ANE,EN,Towers with Radar,619,515,88,0,1222,0,5,9,0,14,619,520,97,0,1236,0,0,0,1236
11/03/2006,BOS,MA,ANE,EN,Towers with Radar,623,478,62,2,1165,0,45,31,1,77,623,523,93,3,1242,0,0,0,1242
11/04/2006,BOS,MA,ANE,EN,Towers with Radar,582,389,29,0,1000,0,27,36,1,64,582,416,65,1,1064,0,0,0,1064
11/05/2006,BOS,MA,ANE,EN,Towers with Radar,631,468,33,0,1132,1,41,10,3,55,632,509,43,3,1187,0,0,0,1187
11/06/2006,BOS,MA,ANE,EN,Towers with Radar,609,450,35,0,1094,0,38,21,0,59,609,488,56,0,1153,0,0,0,1153
11/07/2006,BOS,MA,ANE,EN,Towers with Radar,615,452,41,0,1108,0,29,34,2,65,615,481,75,2,1173,0,0,0,1173
11/08/2006,BOS,MA,ANE,EN,Towers with Radar,613,471,49,0,1133,0,3,0,0,3,613,474,49,0,1136,0,0,0,1136
11/09/2006,BOS,MA,ANE,EN,Towers with Radar,633,502,63,0,1198,1,10,12,0,23,634,512,75,0,1221,0,0,0,1221
11/10/2006,BOS,MA,ANE,EN,Towers with Radar,614,465,45,0,1124,0,48,35,0,83,614,513,80,0,1207,0,0,0,1207
11/11/2006,BOS,MA,ANE,EN,Towers with Radar,475,310,19,0,804,3,27,28,3,61,478,337,47,3,865,0,0,0,865
11/12/2006,BOS,MA,ANE,EN,Towers with Radar,517,372,29,0,918,0,1,0,0,1,517,373,29,0,919,0,0,0,919
11/13/2006,BOS,MA,ANE,EN,Towers with Radar,596,440,39,1,1076,0,2,0,0,2,596,442,39,1,1078,0,0,0,1078
11/14/2006,BOS,MA,ANE,EN,Towers with Radar,628,482,65,0,1175,0,2,5,0,7,628,484,70,0,1182,0,0,0,1182
11/15/2006,BOS,MA,ANE,EN,Towers with Radar,616,494,68,0,1178,1,8,9,0,18,617,502,77,0,1196,0,0,0,1196
11/16/2006,BOS,MA,ANE,EN,Towers with Radar,605,385,39,0,1029,1,2,1,0,4,606,387,40,0,1033,0,0,0,1033
11/17/2006,BOS,MA,ANE,EN,Towers with Radar,651,520,66,3,1240,0,18,16,0,34,651,538,82,3,1274,0,0,0,1274
11/18/2006,BOS,MA,ANE,EN,Towers with Radar,490,346,23,0,859,0,33,18,0,51,490,379,41,0,910,0,0,0,910
11/19/2006,BOS,MA,ANE,EN,Towers with Radar,703,510,29,0,1242,0,12,17,1,30,703,522,46,1,1272,0,0,0,1272
11/20/2006,BOS,MA,ANE,EN,Towers with Radar,686,545,51,0,1282,1,33,20,3,57,687,578,71,3,1339,0,0,0,1339
11/21/2006,BOS,MA,ANE,EN,Towers with Radar,644,494,35,0,1173,0,49,34,0,83,644,543,69,0,1256,0,0,0,1256
11/22/2006,BOS,MA,ANE,EN,Towers with Radar,646,519,36,0,1201,0,21,27,1,49,646,540,63,1,1250,0,0,0,1250
11/23/2006,BOS,MA,ANE,EN,Towers with Radar,415,310,6,0,731,0,0,5,0,5,415,310,11,0,736,0,0,0,736
11/24/2006,BOS,MA,ANE,EN,Towers with Radar,420,311,17,0,748,1,36,11,0,48,421,347,28,0,796,0,0,0,796
11/25/2006,BOS,MA,ANE,EN,Towers with Radar,494,395,9,0,898,0,23,24,0,47,494,418,33,0,945,0,0,0,945
11/26/2006,BOS,MA,ANE,EN,Towers with Radar,571,430,52,0,1053,2,78,48,0,128,573,508,100,0,1181,0,0,0,1181
11/27/2006,BOS,MA,ANE,EN,Towers with Radar,627,489,46,0,1162,0,38,11,1,50,627,527,57,1,1212,0,0,0,1212
11/28/2006,BOS,MA,ANE,EN,Towers with Radar,626,489,42,0,1157,0,0,1,0,1,626,489,43,0,1158,0,0,0,1158
11/29/2006,BOS,MA,ANE,EN,Towers with Radar,627,478,67,0,1172,0,1,0,0,1,627,479,67,0,1173,0,0,0,1173
11/30/2006,BOS,MA,ANE,EN,Towers with Radar,616,490,63,0,1169,0,24,6,0,30,616,514,69,0,1199,0,0,0,1199
12/01/2006,BOS,MA,ANE,EN,Towers with Radar,531,430,26,3,990,0,2,0,0,2,531,432,26,3,992,0,0,0,992
12/02/2006,BOS,MA,ANE,EN,Towers with Radar,499,294,9,1,803,0,31,17,1,49,499,325,26,2,852,0,0,0,852
12/03/2006,BOS,MA,ANE,EN,Towers with Radar,533,366,18,0,917,0,53,29,2,84,533,419,47,2,1001,0,0,0,1001
12/04/2006,BOS,MA,ANE,EN,Towers with Radar,604,445,48,5,1102,0,15,14,0,29,604,460,62,5,1131,0,0,0,1131
12/05/2006,BOS,MA,ANE,EN,Towers with Radar,625,461,45,0,1131,0,20,18,0,38,625,481,63,0,1169,0,0,0,1169
12/06/2006,BOS,MA,ANE,EN,Towers with Radar,627,467,65,0,1159,1,20,25,1,47,628,487,90,1,1206,0,0,0,1206
12/07/2006,BOS,MA,ANE,EN,Towers with Radar,631,473,75,0,1179,0,28,17,1,46,631,501,92,1,1225,0,0,0,1225
12/08/2006,BOS,MA,ANE,EN,Towers with Radar,622,440,33,0,1095,0,17,3,0,20,622,457,36,0,1115,0,0,0,1115
12/09/2006,BOS,MA,ANE,EN,Towers with Radar,480,305,21,0,806,0,21,12,0,33,480,326,33,0,839,0,0,0,839
12/10/2006,BOS,MA,ANE,EN,Towers with Radar,530,356,21,0,907,3,27,25,3,58,533,383,46,3,965,0,0,0,965
12/11/2006,BOS,MA,ANE,EN,Towers with Radar,598,447,68,0,1113,0,30,29,2,61,598,477,97,2,1174,0,0,0,1174
12/12/2006,BOS,MA,ANE,EN,Towers with Radar,614,472,59,0,1145,1,13,26,1,41,615,485,85,1,1186,0,0,0,1186
12/13/2006,BOS,MA,ANE,EN,Towers with Radar,604,441,60,0,1105,0,4,7,0,11,604,445,67,0,1116,0,0,0,1116
12/14/2006,BOS,MA,ANE,EN,Towers with Radar,597,429,70,0,1096,1,10,10,0,21,598,439,80,0,1117,0,0,0,1117
12/15/2006,BOS,MA,ANE,EN,Towers with Radar,617,480,57,2,1156,1,1,8,0,10,618,481,65,2,1166,0,0,0,1166
12/16/2006,BOS,MA,ANE,EN,Towers with Radar,476,339,18,0,833,0,20,9,1,30,476,359,27,1,863,0,0,0,863
12/17/2006,BOS,MA,ANE,EN,Towers with Radar,536,375,1,0,912,1,15,23,0,39,537,390,24,0,951,0,0,0,951
12/18/2006,BOS,MA,ANE,EN,Towers with Radar,590,448,30,0,1068,1,24,11,0,36,591,472,41,0,1104,0,0,0,1104
12/19/2006,BOS,MA,ANE,EN,Towers with Radar,626,455,42,0,1123,0,30,9,4,43,626,485,51,4,1166,0,0,0,1166
12/20/2006,BOS,MA,ANE,EN,Towers with Radar,626,443,37,0,1106,1,29,20,2,52,627,472,57,2,1158,0,0,0,1158
12/21/2006,BOS,MA,ANE,EN,Towers with Radar,612,459,18,0,1089,0,33,30,2,65,612,492,48,2,1154,0,0,0,1154
12/22/2006,BOS,MA,ANE,EN,Towers with Radar,610,441,19,3,1073,1,29,20,1,51,611,470,39,4,1124,0,0,0,1124
12/23/2006,BOS,MA,ANE,EN,Towers with Radar,515,367,7,1,890,0,0,9,0,9,515,367,16,1,899,0,0,0,899
12/24/2006,BOS,MA,ANE,EN,Towers with Radar,435,277,0,0,712,0,27,16,0,43,435,304,16,0,755,0,0,0,755
12/25/2006,BOS,MA,ANE,EN,Towers with Radar,422,283,10,0,715,0,17,6,0,23,422,300,16,0,738,0,0,0,738
12/26/2006,BOS,MA,ANE,EN,Towers with Radar,542,411,21,0,974,2,2,6,0,10,544,413,27,0,984,0,0,0,984
12/27/2006,BOS,MA,ANE,EN,Towers with Radar,558,413,13,0,984,0,20,14,1,35,558,433,27,1,1019,0,0,0,1019
12/28/2006,BOS,MA,ANE,EN,Towers with Radar,559,393,18,0,970,1,38,20,0,59,560,431,38,0,1029,0,0,0,1029
12/29/2006,BOS,MA,ANE,EN,Towers with Radar,550,392,8,0,950,0,38,20,0,58,550,430,28,0,1008,0,0,0,1008
12/30/2006,BOS,MA,ANE,EN,Towers with Radar,477,325,4,1,807,2,14,7,1,24,479,339,11,2,831,0,0,0,831
12/31/2006,BOS,MA,ANE,EN,Towers with Radar,446,277,1,0,724,0,26,21,1,48,446,303,22,1,772,0,0,0,772
01/01/2007,BOS,MA,ANE,EN,Towers with Radar,477,344,16,0,837,0,0,1,0,1,477,344,17,0,838,0,0,0,838
01/02/2007,BOS,MA,ANE,EN,Towers with Radar,542,426,27,0,995,2,31,17,0,50,544,457,44,0,1045,0,0,0,1045
01/03/2007,BOS,MA,ANE,EN,Towers with Radar,572,430,19,0,1021,0,20,13,0,33,572,450,32,0,1054,0,0,0,1054
01/04/2007,BOS,MA,ANE,EN,Towers with Radar,562,457,34,0,1053,2,25,25,0,52,564,482,59,0,1105,0,0,0,1105
01/05/2007,BOS,MA,ANE,EN,Towers with Radar,555,448,23,0,1026,0,9,10,1,20,555,457,33,1,1046,0,0,0,1046
01/06/2007,BOS,MA,ANE,EN,Towers with Radar,580,430,22,0,1032,0,2,5,0,7,580,432,27,0,1039,0,0,0,1039
01/07/2007,BOS,MA,ANE,EN,Towers with Radar,508,389,22,0,919,1,23,22,1,47,509,412,44,1,966,0,0,0,966
01/08/2007,BOS,MA,ANE,EN,Towers with Radar,570,461,38,0,1069,1,11,4,0,16,571,472,42,0,1085,0,0,0,1085
01/09/2007,BOS,MA,ANE,EN,Towers with Radar,586,474,31,0,1091,0,23,23,1,47,586,497,54,1,1138,0,0,0,1138
01/10/2007,BOS,MA,ANE,EN,Towers with Radar,592,465,37,0,1094,0,37,19,0,56,592,502,56,0,1150,0,0,0,1150
01/11/2007,BOS,MA,ANE,EN,Towers with Radar,594,489,45,0,1128,1,27,17,2,47,595,516,62,2,1175,0,0,0,1175
01/12/2007,BOS,MA,ANE,EN,Towers with Radar,605,487,33,0,1125,0,35,19,1,55,605,522,52,1,1180,0,0,0,1180
01/13/2007,BOS,MA,ANE,EN,Towers with Radar,446,351,8,0,805,1,3,8,0,12,447,354,16,0,817,0,0,0,817
01/14/2007,BOS,MA,ANE,EN,Towers with Radar,482,385,9,0,876,0,0,5,0,5,482,385,14,0,881,0,0,0,881
01/15/2007,BOS,MA,ANE,EN,Towers with Radar,539,439,16,0,994,0,1,0,0,1,539,440,16,0,995,0,0,0,995
01/16/2007,BOS,MA,ANE,EN,Towers with Radar,592,460,37,1,1090,0,16,13,1,30,592,476,50,2,1120,0,0,0,1120
01/17/2007,BOS,MA,ANE,EN,Towers with Radar,577,473,62,1,1113,0,0,0,0,0,577,473,62,1,1113,0,0,0,1113
01/18/2007,BOS,MA,ANE,EN,Towers with Radar,0,0,0,0,0,576,479,36,0,1091,576,479,36,0,1091,18,0,18,1109
01/19/2007,BOS,MA,ANE,EN,Towers with Radar,595,488,49,0,1132,0,25,13,0,38,595,513,62,0,1170,0,0,0,1170
01/20/2007,BOS,MA,ANE,EN,Towers with Radar,444,338,10,0,792,0,20,3,3,26,444,358,13,3,818,0,0,0,818
01/21/2007,BOS,MA,ANE,EN,Towers with Radar,484,365,13,0,862,2,23,23,0,48,486,388,36,0,910,0,0,0,910
01/22/2007,BOS,MA,ANE,EN,Towers with Radar,565,499,31,2,1097,0,14,15,2,31,565,513,46,4,1128,0,0,0,1128
01/23/2007,BOS,MA,ANE,EN,Towers with Radar,591,459,41,2,1093,0,17,10,0,27,591,476,51,2,1120,0,0,0,1120
01/24/2007,BOS,MA,ANE,EN,Towers with Radar,593,476,52,0,1121,1,23,25,0,49,594,499,77,0,1170,0,0,0,1170
01/25/2007,BOS,MA,ANE,EN,Towers with Radar,572,458,37,1,1068,4,28,11,0,43,576,486,48,1,1111,0,0,0,1111
01/26/2007,BOS,MA,ANE,EN,Towers with Radar,601,462,22,0,1085,2,30,22,1,55,603,492,44,1,1140,0,0,0,1140
01/27/2007,BOS,MA,ANE,EN,Towers with Radar,450,342,19,2,813,0,14,12,0,26,450,356,31,2,839,0,0,0,839
01/28/2007,BOS,MA,ANE,EN,Towers with Radar,516,364,16,3,899,0,19,16,2,37,516,383,32,5,936,0,0,0,936
01/29/2007,BOS,MA,ANE,EN,Towers with Radar,583,462,28,0,1073,2,25,28,0,55,585,487,56,0,1128,0,0,0,1128
01/30/2007,BOS,MA,ANE,EN,Towers with Radar,593,459,65,0,1117,2,20,16,2,40,595,479,81,2,1157,0,0,0,1157
01/31/2007,BOS,MA,ANE,EN,Towers with Radar,585,470,59,0,1114,1,17,16,0,34,586,487,75,0,1148,0,0,0,1148
02/01/2007,BOS,MA,ANE,EN,Towers with Radar,598,485,59,0,1142,0,14,22,0,36,598,499,81,0,1178,0,0,0,1178
02/02/2007,BOS,MA,ANE,EN,Towers with Radar,593,481,34,0,1108,0,0,11,0,11,593,481,45,0,1119,0,0,0,1119
02/03/2007,BOS,MA,ANE,EN,Towers with Radar,448,322,15,0,785,1,16,16,0,33,449,338,31,0,818,0,0,0,818
02/04/2007,BOS,MA,ANE,EN,Towers with Radar,504,376,18,0,898,2,19,25,3,49,506,395,43,3,947,0,0,0,947
02/05/2007,BOS,MA,ANE,EN,Towers with Radar,564,442,32,1,1039,0,22,23,0,45,564,464,55,1,1084,0,0,0,1084
02/06/2007,BOS,MA,ANE,EN,Towers with Radar,571,463,45,0,1079,1,22,20,5,48,572,485,65,5,1127,0,0,0,1127
02/07/2007,BOS,MA,ANE,EN,Towers with Radar,578,468,54,1,1101,1,20,21,0,42,579,488,75,1,1143,0,0,0,1143
02/08/2007,BOS,MA,ANE,EN,Towers with Radar,591,471,44,0,1106,1,20,19,0,40,592,491,63,0,1146,0,0,0,1146
02/09/2007,BOS,MA,ANE,EN,Towers with Radar,604,473,40,2,1119,0,27,18,1,46,604,500,58,3,1165,0,0,0,1165
02/10/2007,BOS,MA,ANE,EN,Towers with Radar,445,329,16,0,790,1,22,23,4,50,446,351,39,4,840,0,0,0,840
02/11/2007,BOS,MA,ANE,EN,Towers with Radar,501,401,22,0,924,1,18,25,1,45,502,419,47,1,969,0,0,0,969
02/12/2007,BOS,MA,ANE,EN,Towers with Radar,576,471,35,0,1082,0,23,10,0,33,576,494,45,0,1115,0,0,0,1115
02/13/2007,BOS,MA,ANE,EN,Towers with Radar,536,399,30,1,966,0,25,39,1,65,536,424,69,2,1031,0,0,0,1031
02/14/2007,BOS,MA,ANE,EN,Towers with Radar,226,90,15,0,331,1,0,0,0,1,227,90,15,0,332,0,0,0,332
02/15/2007,BOS,MA,ANE,EN,Towers with Radar,559,341,57,0,957,0,17,13,1,31,559,358,70,1,988,0,0,0,988
02/16/2007,BOS,MA,ANE,EN,Towers with Radar,627,463,41,0,1131,0,0,0,0,0,627,463,41,0,1131,0,0,0,1131
02/17/2007,BOS,MA,ANE,EN,Towers with Radar,515,293,17,2,827,0,19,25,2,46,515,312,42,4,873,0,0,0,873
02/18/2007,BOS,MA,ANE,EN,Towers with Radar,535,340,26,5,906,0,0,0,0,0,535,340,26,5,906,0,0,0,906
02/19/2007,BOS,MA,ANE,EN,Towers with Radar,575,428,32,0,1035,0,0,0,0,0,575,428,32,0,1035,0,0,0,1035
02/20/2007,BOS,MA,ANE,EN,Towers with Radar,631,480,28,0,1139,0,0,0,0,0,631,480,28,0,1139,0,0,0,1139
02/21/2007,BOS,MA,ANE,EN,Towers with Radar,615,465,45,1,1126,0,17,19,1,37,615,482,64,2,1163,0,0,0,1163
02/22/2007,BOS,MA,ANE,EN,Towers with Radar,623,450,30,0,1103,0,19,13,0,32,623,469,43,0,1135,0,0,0,1135
02/23/2007,BOS,MA,ANE,EN,Towers with Radar,637,488,44,0,1169,0,23,19,0,42,637,511,63,0,1211,0,0,0,1211
02/24/2007,BOS,MA,ANE,EN,Towers with Radar,484,333,14,0,831,2,27,15,0,44,486,360,29,0,875,0,0,0,875
02/25/2007,BOS,MA,ANE,EN,Towers with Radar,500,319,26,0,845,0,25,20,0,45,500,344,46,0,890,0,0,0,890
02/26/2007,BOS,MA,ANE,EN,Towers with Radar,599,431,30,0,1060,0,4,7,1,12,599,435,37,1,1072,0,0,0,1072
02/27/2007,BOS,MA,ANE,EN,Towers with Radar,625,459,42,0,1126,0,22,19,2,43,625,481,61,2,1169,0,0,0,1169
02/28/2007,BOS,MA,ANE,EN,Towers with Radar,622,504,59,0,1185,0,16,18,2,36,622,520,77,2,1221,0,0,0,1221
03/01/2007,BOS,MA,ANE,EN,Towers with Radar,609,477,47,0,1133,0,30,30,5,65,609,507,77,5,1198,0,0,0,1198
03/02/2007,BOS,MA,ANE,EN,Towers with Radar,606,379,23,2,1010,1,1,6,0,8,607,380,29,2,1018,0,0,0,1018
03/03/2007,BOS,MA,ANE,EN,Towers with Radar,499,340,13,2,854,0,31,14,1,46,499,371,27,3,900,0,0,0,900
03/04/2007,BOS,MA,ANE,EN,Towers with Radar,534,382,18,0,934,0,0,0,0,0,534,382,18,0,934,0,0,0,934
03/05/2007,BOS,MA,ANE,EN,Towers with Radar,601,460,36,2,1099,1,27,12,2,42,602,487,48,4,1141,0,0,0,1141
03/06/2007,BOS,MA,ANE,EN,Towers with Radar,602,483,20,0,1105,1,1,0,0,2,603,484,20,0,1107,0,0,0,1107
03/07/2007,BOS,MA,ANE,EN,Towers with Radar,597,464,54,0,1115,1,29,30,0,60,598,493,84,0,1175,0,0,0,1175
03/08/2007,BOS,MA,ANE,EN,Towers with Radar,626,489,60,0,1175,0,25,6,0,31,626,514,66,0,1206,0,0,0,1206
03/09/2007,BOS,MA,ANE,EN,Towers with Radar,635,505,39,2,1181,0,31,31,0,62,635,536,70,2,1243,0,0,0,1243
03/10/2007,BOS,MA,ANE,EN,Towers with Radar,490,341,24,2,857,0,15,25,0,40,490,356,49,2,897,0,0,0,897
03/11/2007,BOS,MA,ANE,EN,Towers with Radar,534,339,24,1,898,1,75,17,4,97,535,414,41,5,995,0,0,0,995
03/12/2007,BOS,MA,ANE,EN,Towers with Radar,614,475,34,0,1123,0,26,30,0,56,614,501,64,0,1179,0,0,0,1179
03/13/2007,BOS,MA,ANE,EN,Towers with Radar,577,463,40,0,1080,1,24,24,1,50,578,487,64,1,1130,0,0,0,1130
03/14/2007,BOS,MA,ANE,EN,Towers with Radar,626,484,54,0,1164,0,16,22,0,38,626,500,76,0,1202,0,0,0,1202
03/15/2007,BOS,MA,ANE,EN,Towers with Radar,627,495,41,2,1165,0,2,8,1,11,627,497,49,3,1176,0,0,0,1176
03/16/2007,BOS,MA,ANE,EN,Towers with Radar,295,218,20,0,533,0,2,2,1,5,295,220,22,1,538,0,0,0,538
03/17/2007,BOS,MA,ANE,EN,Towers with Radar,448,295,45,0,788,0,0,2,0,2,448,295,47,0,790,0,0,0,790
03/18/2007,BOS,MA,ANE,EN,Towers with Radar,545,397,20,0,962,0,15,32,0,47,545,412,52,0,1009,0,0,0,1009
03/19/2007,BOS,MA,ANE,EN,Towers with Radar,632,472,46,0,1150,0,29,9,0,38,632,501,55,0,1188,0,0,0,1188
03/20/2007,BOS,MA,ANE,EN,Towers with Radar,621,496,43,0,1160,1,23,12,0,36,622,519,55,0,1196,0,0,0,1196
03/21/2007,BOS,MA,ANE,EN,Towers with Radar,612,493,63,0,1168,0,24,18,0,42,612,517,81,0,1210,0,0,0,1210
03/22/2007,BOS,MA,ANE,EN,Towers with Radar,613,487,44,0,1144,2,1,5,0,8,615,488,49,0,1152,0,0,0,1152
03/23/2007,BOS,MA,ANE,EN,Towers with Radar,642,494,26,2,1164,0,21,12,1,34,642,515,38,3,1198,0,0,0,1198
03/24/2007,BOS,MA,ANE,EN,Towers with Radar,487,340,17,0,844,1,26,9,3,39,488,366,26,3,883,0,0,0,883
03/25/2007,BOS,MA,ANE,EN,Towers with Radar,542,407,20,0,969,0,19,12,2,33,542,426,32,2,1002,0,0,0,1002
03/26/2007,BOS,MA,ANE,EN,Towers with Radar,611,479,45,0,1135,1,21,6,0,28,612,500,51,0,1163,0,0,0,1163
03/27/2007,BOS,MA,ANE,EN,Towers with Radar,620,489,59,0,1168,0,13,15,1,29,620,502,74,1,1197,0,0,0,1197
03/28/2007,BOS,MA,ANE,EN,Towers with Radar,613,487,57,0,1157,0,28,18,2,48,613,515,75,2,1205,0,0,0,1205
03/29/2007,BOS,MA,ANE,EN,Towers with Radar,621,485,60,1,1167,0,29,15,3,47,621,514,75,4,1214,0,0,0,1214
03/30/2007,BOS,MA,ANE,EN,Towers with Radar,642,497,30,3,1172,0,39,20,1,60,642,536,50,4,1232,0,0,0,1232
03/31/2007,BOS,MA,ANE,EN,Towers with Radar,489,348,21,1,859,0,32,26,4,62,489,380,47,5,921,0,0,0,921
04/01/2007,BOS,MA,ANE,EN,Towers with Radar,542,398,21,0,961,1,27,19,1,48,543,425,40,1,1009,0,0,0,1009
04/02/2007,BOS,MA,ANE,EN,Towers with Radar,602,482,37,0,1121,0,0,2,0,2,602,482,39,0,1123,0,0,0,1123
04/03/2007,BOS,MA,ANE,EN,Towers with Radar,611,476,44,0,1131,8,0,0,0,8,619,476,44,0,1139,0,0,0,1139
04/04/2007,BOS,MA,ANE,EN,Towers with Radar,602,476,37,0,1115,0,0,3,0,3,602,476,40,0,1118,0,0,0,1118
04/05/2007,BOS,MA,ANE,EN,Towers with Radar,635,496,36,1,1168,0,8,12,0,20,635,504,48,1,1188,0,0,0,1188
04/06/2007,BOS,MA,ANE,EN,Towers with Radar,632,457,13,1,1103,0,47,17,3,67,632,504,30,4,1170,0,0,0,1170
04/07/2007,BOS,MA,ANE,EN,Towers with Radar,503,325,6,0,834,0,26,25,1,52,503,351,31,1,886,0,0,0,886
04/08/2007,BOS,MA,ANE,EN,Towers with Radar,537,376,18,0,931,1,35,14,2,52,538,411,32,2,983,0,0,0,983
04/09/2007,BOS,MA,ANE,EN,Towers with Radar,616,466,48,0,1130,0,36,21,1,58,616,502,69,1,1188,0,0,0,1188
04/10/2007,BOS,MA,ANE,EN,Towers with Radar,642,482,62,0,1186,0,28,29,4,61,642,510,91,4,1247,0,0,0,1247
04/11/2007,BOS,MA,ANE,EN,Towers with Radar,613,484,54,2,1153,0,30,26,1,57,613,514,80,3,1210,0,0,0,1210
04/12/2007,BOS,MA,ANE,EN,Towers with Radar,626,448,43,0,1117,0,9,3,0,12,626,457,46,0,1129,0,0,0,1129
04/13/2007,BOS,MA,ANE,EN,Towers with Radar,672,497,52,0,1221,0,33,23,3,59,672,530,75,3,1280,0,0,0,1280
04/14/2007,BOS,MA,ANE,EN,Towers with Radar,544,381,72,1,998,0,0,0,0,0,544,381,72,1,998,0,0,0,998
04/15/2007,BOS,MA,ANE,EN,Towers with Radar,509,309,17,0,835,0,1,7,2,10,509,310,24,2,845,0,0,0,845
04/16/2007,BOS,MA,ANE,EN,Towers with Radar,600,328,22,1,951,0,0,0,2,2,600,328,22,3,953,0,0,0,953
04/17/2007,BOS,MA,ANE,EN,Towers with Radar,623,386,34,3,1046,0,0,1,3,4,623,386,35,6,1050,0,0,0,1050
04/18/2007,BOS,MA,ANE,EN,Towers with Radar,643,489,44,1,1177,0,0,3,0,3,643,489,47,1,1180,0,0,0,1180
04/19/2007,BOS,MA,ANE,EN,Towers with Radar,663,527,52,4,1246,0,0,0,0,0,663,527,52,4,1246,0,0,0,1246
04/20/2007,BOS,MA,ANE,EN,Towers with Radar,667,497,79,4,1247,0,0,0,0,0,667,497,79,4,1247,0,0,0,1247
04/21/2007,BOS,MA,ANE,EN,Towers with Radar,544,333,20,2,899,1,35,42,0,78,545,368,62,2,977,0,0,0,977
04/22/2007,BOS,MA,ANE,EN,Towers with Radar,580,398,35,1,1014,1,31,32,0,64,581,429,67,1,1078,0,0,0,1078
04/23/2007,BOS,MA,ANE,EN,Towers with Radar,643,457,45,2,1147,0,24,35,0,59,643,481,80,2,1206,0,0,0,1206
04/24/2007,BOS,MA,ANE,EN,Towers with Radar,634,469,50,0,1153,0,30,20,0,50,634,499,70,0,1203,0,0,0,1203
04/25/2007,BOS,MA,ANE,EN,Towers with Radar,618,479,52,0,1149,0,31,26,1,58,618,510,78,1,1207,0,0,0,1207
04/26/2007,BOS,MA,ANE,EN,Towers with Radar,636,506,58,3,1203,2,39,15,1,57,638,545,73,4,1260,0,0,0,1260
04/27/2007,BOS,MA,ANE,EN,Towers with Radar,646,488,42,0,1176,0,1,4,0,5,646,489,46,0,1181,0,0,0,1181
04/28/2007,BOS,MA,ANE,EN,Towers with Radar,514,350,8,0,872,0,2,2,0,4,514,352,10,0,876,0,0,0,876
04/29/2007,BOS,MA,ANE,EN,Towers with Radar,559,443,23,0,1025,0,0,6,1,7,559,443,29,1,1032,0,0,0,1032
04/30/2007,BOS,MA,ANE,EN,Towers with Radar,628,468,49,0,1145,0,29,16,0,45,628,497,65,0,1190,0,0,0,1190
05/01/2007,BOS,MA,ANE,EN,Towers with Radar,606,449,36,2,1093,1,44,29,0,74,607,493,65,2,1167,0,0,0,1167
05/02/2007,BOS,MA,ANE,EN,Towers with Radar,614,458,47,0,1119,0,17,24,1,42,614,475,71,1,1161,0,0,0,1161
05/03/2007,BOS,MA,ANE,EN,Towers with Radar,624,479,49,1,1153,0,0,0,0,0,624,479,49,1,1153,0,0,0,1153
05/04/2007,BOS,MA,ANE,EN,Towers with Radar,639,472,57,0,1168,0,73,38,1,112,639,545,95,1,1280,0,0,0,1280
05/05/2007,BOS,MA,ANE,EN,Towers with Radar,481,297,12,0,790,0,47,34,1,82,481,344,46,1,872,0,0,0,872
05/06/2007,BOS,MA,ANE,EN,Towers with Radar,524,406,47,1,978,0,43,38,0,81,524,449,85,1,1059,0,0,0,1059
05/07/2007,BOS,MA,ANE,EN,Towers with Radar,608,467,37,0,1112,2,62,37,2,103,610,529,74,2,1215,0,0,0,1215
05/08/2007,BOS,MA,ANE,EN,Towers with Radar,606,457,42,0,1105,0,45,33,2,80,606,502,75,2,1185,0,0,0,1185
05/09/2007,BOS,MA,ANE,EN,Towers with Radar,616,481,81,0,1178,0,7,27,1,35,616,488,108,1,1213,0,0,0,1213
05/10/2007,BOS,MA,ANE,EN,Towers with Radar,620,504,63,1,1188,0,18,22,0,40,620,522,85,1,1228,0,0,0,1228
05/11/2007,BOS,MA,ANE,EN,Towers with Radar,618,498,56,0,1172,0,26,9,2,37,618,524,65,2,1209,0,0,0,1209
05/12/2007,BOS,MA,ANE,EN,Towers with Radar,482,311,21,0,814,0,35,24,1,60,482,346,45,1,874,0,0,0,874
05/13/2007,BOS,MA,ANE,EN,Towers with Radar,538,366,31,0,935,0,61,20,1,82,538,427,51,1,1017,0,0,0,1017
05/14/2007,BOS,MA,ANE,EN,Towers with Radar,603,451,63,0,1117,0,61,20,0,81,603,512,83,0,1198,0,0,0,1198
05/15/2007,BOS,MA,ANE,EN,Towers with Radar,610,451,53,0,1114,1,48,23,0,72,611,499,76,0,1186,0,0,0,1186
05/16/2007,BOS,MA,ANE,EN,Towers with Radar,593,428,51,0,1072,0,25,15,2,42,593,453,66,2,1114,0,0,0,1114
05/17/2007,BOS,MA,ANE,EN,Towers with Radar,641,535,74,0,1250,0,3,15,0,18,641,538,89,0,1268,0,0,0,1268
05/18/2007,BOS,MA,ANE,EN,Towers with Radar,608,523,56,0,1187,1,1,2,0,4,609,524,58,0,1191,0,0,0,1191
05/19/2007,BOS,MA,ANE,EN,Towers with Radar,491,355,33,2,881,0,0,0,0,0,491,355,33,2,881,0,0,0,881
05/20/2007,BOS,MA,ANE,EN,Towers with Radar,521,456,38,0,1015,0,9,6,0,15,521,465,44,0,1030,0,0,0,1030
05/21/2007,BOS,MA,ANE,EN,Towers with Radar,590,476,57,0,1123,0,66,29,1,96,590,542,86,1,1219,0,0,0,1219
05/22/2007,BOS,MA,ANE,EN,Towers with Radar,599,452,46,0,1097,0,52,38,0,90,599,504,84,0,1187,0,0,0,1187
05/23/2007,BOS,MA,ANE,EN,Towers with Radar,605,472,43,0,1120,1,65,28,0,94,606,537,71,0,1214,0,0,0,1214
05/24/2007,BOS,MA,ANE,EN,Towers with Radar,613,460,36,0,1109,0,96,31,0,127,613,556,67,0,1236,0,0,0,1236
05/25/2007,BOS,MA,ANE,EN,Towers with Radar,632,640,71,3,1346,0,0,0,0,0,632,640,71,3,1346,0,0,0,1346
05/26/2007,BOS,MA,ANE,EN,Towers with Radar,458,306,12,0,776,0,70,40,1,111,458,376,52,1,887,0,0,0,887
05/27/2007,BOS,MA,ANE,EN,Towers with Radar,439,285,18,0,742,1,69,22,1,93,440,354,40,1,835,0,0,0,835
05/28/2007,BOS,MA,ANE,EN,Towers with Radar,539,440,15,0,994,0,119,24,1,144,539,559,39,1,1138,0,0,0,1138
05/29/2007,BOS,MA,ANE,EN,Towers with Radar,590,471,42,0,1103,2,98,28,5,133,592,569,70,5,1236,0,0,0,1236
05/30/2007,BOS,MA,ANE,EN,Towers with Radar,605,474,56,0,1135,0,66,29,1,96,605,540,85,1,1231,0,0,0,1231
05/31/2007,BOS,MA,ANE,EN,Towers with Radar,621,515,50,0,1186,0,31,20,4,55,621,546,70,4,1241,0,0,0,1241
06/01/2007,BOS,MA,ANE,EN,Towers with Radar,612,504,51,1,1168,0,69,21,3,93,612,573,72,4,1261,0,0,0,1261
06/02/2007,BOS,MA,ANE,EN,Towers with Radar,486,328,26,0,840,0,50,21,1,72,486,378,47,1,912,0,0,0,912
06/03/2007,BOS,MA,ANE,EN,Towers with Radar,530,438,33,1,1002,0,0,2,0,2,530,438,35,1,1004,0,0,0,1004
06/04/2007,BOS,MA,ANE,EN,Towers with Radar,598,444,48,0,1090,0,0,3,0,3,598,444,51,0,1093,0,0,0,1093
06/05/2007,BOS,MA,ANE,EN,Towers with Radar,607,503,64,0,1174,0,19,6,2,27,607,522,70,2,1201,0,0,0,1201
06/06/2007,BOS,MA,ANE,EN,Towers with Radar,623,503,78,0,1204,1,64,34,2,101,624,567,112,2,1305,0,0,0,1305
06/07/2007,BOS,MA,ANE,EN,Towers with Radar,607,505,72,1,1185,0,79,24,1,104,607,584,96,2,1289,0,0,0,1289
06/08/2007,BOS,MA,ANE,EN,Towers with Radar,560,481,40,1,1082,1,83,16,2,102,561,564,56,3,1184,0,0,0,1184
06/09/2007,BOS,MA,ANE,EN,Towers with Radar,518,416,19,0,953,0,1,2,0,3,518,417,21,0,956,0,0,0,956
06/10/2007,BOS,MA,ANE,EN,Towers with Radar,538,372,19,0,929,0,93,20,0,113,538,465,39,0,1042,0,0,0,1042
06/11/2007,BOS,MA,ANE,EN,Towers with Radar,584,484,39,0,1107,0,55,17,2,74,584,539,56,2,1181,0,0,0,1181
06/12/2007,BOS,MA,ANE,EN,Towers with Radar,594,502,60,0,1156,0,23,16,0,39,594,525,76,0,1195,0,0,0,1195
06/13/2007,BOS,MA,ANE,EN,Towers with Radar,602,495,69,1,1167,0,0,2,2,4,602,495,71,3,1171,0,0,0,1171
06/14/2007,BOS,MA,ANE,EN,Towers with Radar,633,562,91,1,1287,0,3,15,0,18,633,565,106,1,1305,0,0,0,1305
06/15/2007,BOS,MA,ANE,EN,Towers with Radar,623,513,54,0,1190,0,105,26,5,136,623,618,80,5,1326,0,0,0,1326
06/16/2007,BOS,MA,ANE,EN,Towers with Radar,494,427,39,2,962,0,0,0,0,0,494,427,39,2,962,0,0,0,962
06/17/2007,BOS,MA,ANE,EN,Towers with Radar,542,389,29,0,960,0,106,19,1,126,542,495,48,1,1086,0,0,0,1086
06/18/2007,BOS,MA,ANE,EN,Towers with Radar,601,574,71,4,1250,0,0,0,0,0,601,574,71,4,1250,0,0,0,1250
06/19/2007,BOS,MA,ANE,EN,Towers with Radar,749,559,60,0,1368,0,71,37,5,113,749,630,97,5,1481,0,0,0,1481
06/20/2007,BOS,MA,ANE,EN,Towers with Radar,638,521,58,0,1217,0,27,20,0,47,638,548,78,0,1264,0,0,0,1264
06/21/2007,BOS,MA,ANE,EN,Towers with Radar,613,487,47,1,1148,0,105,36,1,142,613,592,83,2,1290,0,0,0,1290
06/22/2007,BOS,MA,ANE,EN,Towers with Radar,629,508,26,1,1164,1,118,25,1,145,630,626,51,2,1309,0,0,0,1309
06/23/2007,BOS,MA,ANE,EN,Towers with Radar,497,348,15,0,860,0,115,28,0,143,497,463,43,0,1003,0,0,0,1003
06/24/2007,BOS,MA,ANE,EN,Towers with Radar,543,390,38,0,971,1,137,33,0,171,544,527,71,0,1142,0,0,0,1142
06/25/2007,BOS,MA,ANE,EN,Towers with Radar,592,470,62,0,1124,0,110,33,1,144,592,580,95,1,1268,0,0,0,1268
06/26/2007,BOS,MA,ANE,EN,Towers with Radar,611,507,62,0,1180,1,81,35,1,118,612,588,97,1,1298,0,0,0,1298
06/27/2007,BOS,MA,ANE,EN,Towers with Radar,587,477,67,0,1131,0,36,24,0,60,587,513,91,0,1191,0,0,0,1191
06/28/2007,BOS,MA,ANE,EN,Towers with Radar,597,511,64,0,1172,0,44,19,1,64,597,555,83,1,1236,0,0,0,1236
06/29/2007,BOS,MA,ANE,EN,Towers with Radar,642,530,54,0,1226,0,156,38,1,195,642,686,92,1,1421,0,0,0,1421
06/30/2007,BOS,MA,ANE,EN,Towers with Radar,642,469,25,0,1136,0,142,38,1,181,642,611,63,1,1317,0,0,0,1317
07/01/2007,BOS,MA,ANE,EN,Towers with Radar,664,494,20,0,1178,1,123,36,0,160,665,617,56,0,1338,0,0,0,1338
07/02/2007,BOS,MA,ANE,EN,Towers with Radar,504,396,18,0,918,1,104,32,5,142,505,500,50,5,1060,0,0,0,1060
07/03/2007,BOS,MA,ANE,EN,Towers with Radar,0,0,0,0,0,587,535,41,2,1165,587,535,41,2,1165,0,0,0,1165
07/04/2007,BOS,MA,ANE,EN,Towers with Radar,486,340,11,0,837,0,86,19,2,107,486,426,30,2,944,0,0,0,944
07/05/2007,BOS,MA,ANE,EN,Towers with Radar,564,554,30,0,1148,0,7,5,0,12,564,561,35,0,1160,0,0,0,1160
07/06/2007,BOS,MA,ANE,EN,Towers with Radar,591,503,23,0,1117,1,70,6,0,77,592,573,29,0,1194,0,0,0,1194
07/07/2007,BOS,MA,ANE,EN,Towers with Radar,504,357,11,0,872,1,158,39,0,198,505,515,50,0,1070,0,0,0,1070
07/08/2007,BOS,MA,ANE,EN,Towers with Radar,546,413,27,0,986,0,159,24,0,183,546,572,51,0,1169,0,0,0,1169
07/09/2007,BOS,MA,ANE,EN,Towers with Radar,599,542,43,1,1185,0,12,4,0,16,599,554,47,1,1201,0,0,0,1201
07/10/2007,BOS,MA,ANE,EN,Towers with Radar,571,444,39,0,1054,1,0,0,2,3,572,444,39,2,1057,0,0,0,1057
07/11/2007,BOS,MA,ANE,EN,Towers with Radar,614,522,55,0,1191,0,12,11,0,23,614,534,66,0,1214,0,0,0,1214
07/12/2007,BOS,MA,ANE,EN,Towers with Radar,636,517,47,0,1200,0,106,37,0,143,636,623,84,0,1343,0,0,0,1343
07/13/2007,BOS,MA,ANE,EN,Towers with Radar,626,489,28,0,1143,2,145,37,1,185,628,634,65,1,1328,0,0,0,1328
07/14/2007,BOS,MA,ANE,EN,Towers with Radar,505,354,18,0,877,0,123,37,0,160,505,477,55,0,1037,0,0,0,1037
07/15/2007,BOS,MA,ANE,EN,Towers with Radar,535,427,37,0,999,0,90,21,0,111,535,517,58,0,1110,0,0,0,1110
07/16/2007,BOS,MA,ANE,EN,Towers with Radar,618,518,43,2,1181,0,100,34,0,134,618,618,77,2,1315,0,0,0,1315
07/17/2007,BOS,MA,ANE,EN,Towers with Radar,626,503,47,0,1176,0,74,16,2,92,626,577,63,2,1268,0,0,0,1268
07/18/2007,BOS,MA,ANE,EN,Towers with Radar,609,520,52,0,1181,0,13,0,0,13,609,533,52,0,1194,0,0,0,1194
07/19/2007,BOS,MA,ANE,EN,Towers with Radar,602,560,42,0,1204,0,0,3,0,3,602,560,45,0,1207,0,0,0,1207
07/20/2007,BOS,MA,ANE,EN,Towers with Radar,628,540,42,0,1210,0,110,18,0,128,628,650,60,0,1338,0,0,0,1338
07/21/2007,BOS,MA,ANE,EN,Towers with Radar,0,0,0,0,0,491,502,53,1,1047,491,502,53,1,1047,0,0,0,1047
07/22/2007,BOS,MA,ANE,EN,Towers with Radar,538,414,39,0,991,1,129,41,0,171,539,543,80,0,1162,0,0,0,1162
07/23/2007,BOS,MA,ANE,EN,Towers with Radar,318,251,19,0,588,0,0,0,0,0,318,251,19,0,588,0,0,0,588
07/24/2007,BOS,MA,ANE,EN,Towers with Radar,639,507,44,0,1190,1,77,33,2,113,640,584,77,2,1303,0,0,0,1303
07/25/2007,BOS,MA,ANE,EN,Towers with Radar,625,483,59,0,1167,1,112,31,2,146,626,595,90,2,1313,0,0,0,1313
07/26/2007,BOS,MA,ANE,EN,Towers with Radar,619,487,65,0,1171,0,139,27,0,166,619,626,92,0,1337,0,0,0,1337
07/27/2007,BOS,MA,ANE,EN,Towers with Radar,599,529,56,1,1185,0,78,37,6,121,599,607,93,7,1306,0,0,0,1306
07/28/2007,BOS,MA,ANE,EN,Towers with Radar,498,409,20,1,928,0,20,8,0,28,498,429,28,1,956,0,0,0,956
07/29/2007,BOS,MA,ANE,EN,Towers with Radar,498,434,46,0,978,0,28,20,2,50,498,462,66,2,1028,0,0,0,1028
07/30/2007,BOS,MA,ANE,EN,Towers with Radar,586,486,32,0,1104,0,18,0,2,20,586,504,32,2,1124,0,0,0,1124
07/31/2007,BOS,MA,ANE,EN,Towers with Radar,631,554,62,1,1248,0,33,21,1,55,631,587,83,2,1303,0,0,0,1303
08/01/2007,BOS,MA,ANE,EN,Towers with Radar,626,494,55,2,1177,1,101,25,5,132,627,595,80,7,1309,0,0,0,1309
08/02/2007,BOS,MA,ANE,EN,Towers with Radar,0,0,0,0,0,630,623,86,1,1340,630,623,86,1,1340,0,0,0,1340
08/03/2007,BOS,MA,ANE,EN,Towers with Radar,603,489,49,0,1141,2,126,24,0,152,605,615,73,0,1293,0,0,0,1293
08/04/2007,BOS,MA,ANE,EN,Towers with Radar,495,439,21,0,955,0,76,20,3,99,495,515,41,3,1054,0,0,0,1054
08/05/2007,BOS,MA,ANE,EN,Towers with Radar,545,402,47,0,994,0,134,39,1,174,545,536,86,1,1168,0,0,0,1168
08/06/2007,BOS,MA,ANE,EN,Towers with Radar,600,519,40,0,1159,0,46,15,2,63,600,565,55,2,1222,0,0,0,1222
08/07/2007,BOS,MA,ANE,EN,Towers with Radar,630,414,40,1,1085,0,1,0,1,2,630,415,40,2,1087,0,0,0,1087
08/08/2007,BOS,MA,ANE,EN,Towers with Radar,626,508,60,4,1198,0,38,6,0,44,626,546,66,4,1242,0,0,0,1242
08/09/2007,BOS,MA,ANE,EN,Towers with Radar,586,454,59,2,1101,1,137,28,3,169,587,591,87,5,1270,0,0,0,1270
08/10/2007,BOS,MA,ANE,EN,Towers with Radar,626,521,45,0,1192,1,110,45,0,156,627,631,90,0,1348,0,0,0,1348
08/11/2007,BOS,MA,ANE,EN,Towers with Radar,502,365,26,0,893,0,154,25,3,182,502,519,51,3,1075,0,0,0,1075
08/12/2007,BOS,MA,ANE,EN,Towers with Radar,536,387,33,0,956,1,163,28,0,192,537,550,61,0,1148,0,0,0,1148
08/13/2007,BOS,MA,ANE,EN,Towers with Radar,606,492,35,0,1133,0,112,16,1,129,606,604,51,1,1262,0,0,0,1262
08/14/2007,BOS,MA,ANE,EN,Towers with Radar,633,488,46,0,1167,1,122,37,0,160,634,610,83,0,1327,0,0,0,1327
08/15/2007,BOS,MA,ANE,EN,Towers with Radar,629,495,55,2,1181,1,120,16,0,137,630,615,71,2,1318,0,0,0,1318
08/16/2007,BOS,MA,ANE,EN,Towers with Radar,625,524,59,6,1214,0,79,17,2,98,625,603,76,8,1312,0,0,0,1312
08/17/2007,BOS,MA,ANE,EN,Towers with Radar,610,530,36,0,1176,0,101,14,5,120,610,631,50,5,1296,0,0,0,1296
08/18/2007,BOS,MA,ANE,EN,Towers with Radar,493,364,16,2,875,0,147,36,0,183,493,511,52,2,1058,0,0,0,1058
08/19/2007,BOS,MA,ANE,EN,Towers with Radar,536,400,29,0,965,0,172,32,1,205,536,572,61,1,1170,0,0,0,1170
08/20/2007,BOS,MA,ANE,EN,Towers with Radar,584,472,47,0,1103,0,138,32,0,170,584,610,79,0,1273,0,0,0,1273
08/21/2007,BOS,MA,ANE,EN,Towers with Radar,607,468,40,0,1115,1,118,30,1,150,608,586,70,1,1265,0,0,0,1265
08/22/2007,BOS,MA,ANE,EN,Towers with Radar,612,500,32,0,1144,1,101,26,4,132,613,601,58,4,1276,0,0,0,1276
08/23/2007,BOS,MA,ANE,EN,Towers with Radar,598,591,44,0,1233,2,40,12,0,54,600,631,56,0,1287,0,0,0,1287
08/24/2007,BOS,MA,ANE,EN,Towers with Radar,603,556,32,0,1191,0,81,23,0,104,603,637,55,0,1295,0,0,0,1295
08/25/2007,BOS,MA,ANE,EN,Towers with Radar,484,430,19,0,933,0,46,9,4,59,484,476,28,4,992,0,0,0,992
08/26/2007,BOS,MA,ANE,EN,Towers with Radar,527,450,28,0,1005,1,81,26,0,108,528,531,54,0,1113,0,0,0,1113
08/27/2007,BOS,MA,ANE,EN,Towers with Radar,540,453,33,2,1028,1,136,24,2,163,541,589,57,4,1191,0,0,0,1191
08/28/2007,BOS,MA,ANE,EN,Towers with Radar,607,466,38,0,1111,1,104,22,2,129,608,570,60,2,1240,0,0,0,1240
08/29/2007,BOS,MA,ANE,EN,Towers with Radar,610,484,41,0,1135,0,98,33,0,131,610,582,74,0,1266,0,0,0,1266
08/30/2007,BOS,MA,ANE,EN,Towers with Radar,616,503,34,0,1153,0,103,22,1,126,616,606,56,1,1279,0,0,0,1279
08/31/2007,BOS,MA,ANE,EN,Towers with Radar,616,503,34,0,1153,0,103,22,1,126,616,606,56,1,1279,0,0,0,1279
09/01/2007,BOS,MA,ANE,EN,Towers with Radar,301,213,17,0,531,4,56,15,0,75,305,269,32,0,606,0,0,0,606
09/02/2007,BOS,MA,ANE,EN,Towers with Radar,447,322,28,0,797,0,107,28,0,135,447,429,56,0,932,0,0,0,932
09/03/2007,BOS,MA,ANE,EN,Towers with Radar,548,450,27,0,1025,0,168,44,1,213,548,618,71,1,1238,0,0,0,1238
09/04/2007,BOS,MA,ANE,EN,Towers with Radar,588,468,56,0,1112,0,149,23,2,174,588,617,79,2,1286,0,0,0,1286
09/05/2007,BOS,MA,ANE,EN,Towers with Radar,594,474,71,0,1139,0,109,36,0,145,594,583,107,0,1284,0,0,0,1284
09/06/2007,BOS,MA,ANE,EN,Towers with Radar,617,501,57,0,1175,2,116,28,2,148,619,617,85,2,1323,0,0,0,1323
09/07/2007,BOS,MA,ANE,EN,Towers with Radar,603,502,41,1,1147,1,136,31,1,169,604,638,72,2,1316,0,0,0,1316
09/08/2007,BOS,MA,ANE,EN,Towers with Radar,453,305,13,0,771,1,101,17,2,121,454,406,30,2,892,0,0,0,892
09/09/2007,BOS,MA,ANE,EN,Towers with Radar,529,533,34,0,1096,1,1,19,1,22,530,534,53,1,1118,0,0,0,1118
09/10/2007,BOS,MA,ANE,EN,Towers with Radar,569,557,25,1,1152,0,0,0,0,0,569,557,25,1,1152,0,0,0,1152
09/11/2007,BOS,MA,ANE,EN,Towers with Radar,559,511,37,1,1108,1,0,1,0,2,560,511,38,1,1110,0,0,0,1110
09/12/2007,BOS,MA,ANE,EN,Towers with Radar,616,505,53,0,1174,0,78,26,0,104,616,583,79,0,1278,0,0,0,1278
09/13/2007,BOS,MA,ANE,EN,Towers with Radar,514,494,43,0,1051,101,101,22,0,224,615,595,65,0,1275,0,0,0,1275
09/14/2007,BOS,MA,ANE,EN,Towers with Radar,611,483,63,0,1157,0,138,52,1,191,611,621,115,1,1348,0,0,0,1348
09/15/2007,BOS,MA,ANE,EN,Towers with Radar,456,383,38,2,879,0,23,13,0,36,456,406,51,2,915,0,0,0,915
09/16/2007,BOS,MA,ANE,EN,Towers with Radar,520,412,36,0,968,1,132,44,0,177,521,544,80,0,1145,0,0,0,1145
09/17/2007,BOS,MA,ANE,EN,Towers with Radar,0,0,0,0,0,586,587,70,1,1244,586,587,70,1,1244,0,0,0,1244
09/18/2007,BOS,MA,ANE,EN,Towers with Radar,591,466,61,0,1118,0,73,32,0,105,591,539,93,0,1223,0,0,0,1223
09/19/2007,BOS,MA,ANE,EN,Towers with Radar,604,571,78,0,1253,0,6,16,16,38,604,577,94,16,1291,0,0,0,1291
09/20/2007,BOS,MA,ANE,EN,Towers with Radar,605,482,86,0,1173,1,91,24,0,116,606,573,110,0,1289,0,0,0,1289
09/21/2007,BOS,MA,ANE,EN,Towers with Radar,598,473,46,0,1117,2,44,23,3,72,600,517,69,3,1189,0,0,0,1189
09/22/2007,BOS,MA,ANE,EN,Towers with Radar,133,115,5,0,253,311,263,26,0,600,444,378,31,0,853,0,0,0,853
09/23/2007,BOS,MA,ANE,EN,Towers with Radar,516,375,25,0,916,1,130,12,1,144,517,505,37,1,1060,0,0,0,1060
09/24/2007,BOS,MA,ANE,EN,Towers with Radar,589,465,39,0,1093,0,105,36,0,141,589,570,75,0,1234,0,0,0,1234
09/25/2007,BOS,MA,ANE,EN,Towers with Radar,621,522,82,0,1225,2,75,32,1,110,623,597,114,1,1335,0,0,0,1335
09/26/2007,BOS,MA,ANE,EN,Towers with Radar,599,501,65,0,1165,0,71,46,4,121,599,572,111,4,1286,0,0,0,1286
09/27/2007,BOS,MA,ANE,EN,Towers with Radar,600,544,67,0,1211,0,21,22,0,43,600,565,89,0,1254,0,0,0,1254
09/28/2007,BOS,MA,ANE,EN,Towers with Radar,619,543,38,0,1200,0,54,16,0,70,619,597,54,0,1270,0,0,0,1270
09/29/2007,BOS,MA,ANE,EN,Towers with Radar,0,0,0,0,0,444,380,66,0,890,444,380,66,0,890,0,0,0,890
09/30/2007,BOS,MA,ANE,EN,Towers with Radar,0,0,0,0,0,520,505,62,1,1088,520,505,62,1,1088,0,0,0,1088
10/01/2007,BOS,MA,ANE,EN,Towers with Radar,590,566,76,0,1232,0,0,0,0,0,590,566,76,0,1232,0,0,0,1232
10/02/2007,BOS,MA,ANE,EN,Towers with Radar,598,529,51,0,1178,0,0,0,0,0,598,529,51,0,1178,0,0,0,1178
10/03/2007,BOS,MA,ANE,EN,Towers with Radar,595,504,66,0,1165,0,6,12,0,18,596,524,78,0,1198,0,0,0,1239
10/04/2007,BOS,MA,ANE,EN,Towers with Radar,616,536,43,0,1195,1,48,20,4,73,617,584,63,4,1268,0,0,0,1268
10/05/2007,BOS,MA,ANE,EN,Towers with Radar,610,558,48,0,1216,0,82,32,0,114,610,640,80,0,1330,0,0,0,1366
10/06/2007,BOS,MA,ANE,EN,Towers with Radar,464,330,25,0,819,0,46,14,1,61,464,377,39,1,881,0,0,0,903
10/07/2007,BOS,MA,ANE,EN,Towers with Radar,504,415,33,1,953,0,39,19,3,61,504,454,52,4,1014,0,0,0,1014
10/08/2007,BOS,MA,ANE,EN,Towers with Radar,580,558,27,1,1166,0,0,8,0,8,580,558,35,1,1174,0,0,0,1174
10/09/2007,BOS,MA,ANE,EN,Towers with Radar,590,446,55,0,1091,0,58,22,0,80,590,504,77,0,1171,0,0,0,1171
10/10/2007,BOS,MA,ANE,EN,Towers with Radar,595,521,39,2,1157,0,1,15,0,16,595,522,54,2,1173,0,0,0,1187
10/11/2007,BOS,MA,ANE,EN,Towers with Radar,523,435,56,2,1016,0,0,3,0,3,525,435,59,2,1021,0,0,0,1021
10/12/2007,BOS,MA,ANE,EN,Towers with Radar,622,544,54,0,1220,0,0,0,0,0,622,544,54,0,1220,16,1,17,1237
10/13/2007,BOS,MA,ANE,EN,Towers with Radar,457,307,25,0,789,0,42,18,2,62,458,349,43,2,852,0,0,0,891
10/14/2007,BOS,MA,ANE,EN,Towers with Radar,503,377,50,1,931,0,88,30,2,120,503,465,80,3,1051,0,0,0,1051
10/15/2007,BOS,MA,ANE,EN,Towers with Radar,583,454,55,0,1092,0,65,22,0,87,583,519,77,0,1179,0,0,0,1179
10/16/2007,BOS,MA,ANE,EN,Towers with Radar,596,475,55,0,1126,0,47,31,0,78,596,523,86,0,1205,0,0,0,1230
10/17/2007,BOS,MA,ANE,EN,Towers with Radar,584,484,58,0,1126,0,53,24,1,78,584,537,82,1,1204,0,0,0,1232
10/18/2007,BOS,MA,ANE,EN,Towers with Radar,595,528,69,0,1192,0,3,1,0,4,596,538,70,0,1204,0,0,0,1220
10/19/2007,BOS,MA,ANE,EN,Towers with Radar,595,499,52,0,1146,0,0,0,0,0,595,499,52,0,1146,0,0,0,1146
10/20/2007,BOS,MA,ANE,EN,Towers with Radar,458,326,36,0,820,0,47,18,0,65,458,373,54,0,885,0,0,0,885
10/21/2007,BOS,MA,ANE,EN,Towers with Radar,502,398,49,0,949,0,74,31,1,106,502,472,80,1,1055,0,0,0,1055
10/22/2007,BOS,MA,ANE,EN,Towers with Radar,584,473,51,0,1108,0,58,27,0,85,584,531,78,0,1193,0,0,0,1193
10/23/2007,BOS,MA,ANE,EN,Towers with Radar,593,500,70,2,1165,0,12,11,0,23,593,512,81,2,1188,0,0,0,1188
10/24/2007,BOS,MA,ANE,EN,Towers with Radar,592,515,72,0,1179,0,4,16,0,20,592,519,88,0,1199,0,0,0,1199
10/25/2007,BOS,MA,ANE,EN,Towers with Radar,601,537,85,2,1225,1,31,33,3,68,602,568,118,5,1293,0,0,0,1293
10/26/2007,BOS,MA,ANE,EN,Towers with Radar,609,497,69,0,1175,0,57,54,0,111,609,554,123,0,1286,0,0,0,1286
10/27/2007,BOS,MA,ANE,EN,Towers with Radar,449,328,11,0,788,0,0,2,0,2,449,328,13,0,790,0,0,0,790
10/28/2007,BOS,MA,ANE,EN,Towers with Radar,492,385,45,0,922,0,53,20,1,74,492,438,65,1,996,0,0,0,1016
10/29/2007,BOS,MA,ANE,EN,Towers with Radar,581,478,67,0,1126,0,50,33,6,89,581,529,100,6,1216,0,0,0,1247
10/30/2007,BOS,MA,ANE,EN,Towers with Radar,582,488,74,0,1144,0,43,39,0,82,583,531,113,0,1227,0,0,0,1271
10/31/2007,BOS,MA,ANE,EN,Towers with Radar,572,464,68,0,1104,0,30,11,1,42,572,494,79,1,1146,0,0,0,1146
11/01/2007,BOS,MA,ANE,EN,Towers with Radar,604,483,49,1,1137,0,32,28,3,63,604,515,77,4,1200,0,0,0,1200
11/02/2007,BOS,MA,ANE,EN,Towers with Radar,606,473,46,0,1125,0,56,44,0,100,606,529,90,0,1225,0,0,0,1225
11/03/2007,BOS,MA,ANE,EN,Towers with Radar,379,198,11,0,588,0,0,6,0,6,379,198,17,0,594,0,0,0,594
11/04/2007,BOS,MA,ANE,EN,Towers with Radar,490,351,49,0,890,1,54,19,0,74,491,405,68,0,964,0,0,0,964
11/05/2007,BOS,MA,ANE,EN,Towers with Radar,589,460,72,0,1121,0,38,26,0,64,589,498,98,0,1185,0,0,0,1185
11/06/2007,BOS,MA,ANE,EN,Towers with Radar,584,489,61,0,1134,0,13,9,4,26,584,502,70,4,1160,0,0,0,1160
11/07/2007,BOS,MA,ANE,EN,Towers with Radar,588,484,59,2,1133,0,30,19,0,49,588,514,78,2,1182,0,0,0,1182
11/08/2007,BOS,MA,ANE,EN,Towers with Radar,592,487,47,2,1128,0,38,24,4,66,592,525,71,6,1194,0,0,0,1194
11/09/2007,BOS,MA,ANE,EN,Towers with Radar,582,485,56,1,1124,0,37,27,0,64,582,522,83,1,1188,0,0,0,1188
11/10/2007,BOS,MA,ANE,EN,Towers with Radar,446,297,20,0,763,0,26,13,0,39,446,323,33,0,802,0,0,0,802
11/11/2007,BOS,MA,ANE,EN,Towers with Radar,0,0,0,0,0,0,0,0,0,0,0,0,0,0,0,0,0,0,0
11/12/2007,BOS,MA,ANE,EN,Towers with Radar,511,381,37,0,929,0,0,0,0,0,511,381,37,0,929,2,0,2,931
11/13/2007,BOS,MA,ANE,EN,Towers with Radar,576,478,67,0,1121,0,14,2,0,16,576,492,69,0,1137,0,0,0,1137
11/14/2007,BOS,MA,ANE,EN,Towers with Radar,587,464,56,0,1107,1,29,15,0,45,588,493,71,0,1152,0,0,0,1152
11/15/2007,BOS,MA,ANE,EN,Towers with Radar,587,471,32,1,1091,0,10,0,0,10,587,481,32,1,1101,0,0,0,1101
11/16/2007,BOS,MA,ANE,EN,Towers with Radar,598,497,36,0,1131,0,34,13,0,47,598,531,49,0,1178,0,0,0,1178
11/17/2007,BOS,MA,ANE,EN,Towers with Radar,445,294,17,0,756,0,37,27,0,64,445,331,44,0,820,0,0,0,820
11/18/2007,BOS,MA,ANE,EN,Towers with Radar,495,382,14,2,893,0,44,35,0,79,495,426,49,2,972,0,0,0,972
11/19/2007,BOS,MA,ANE,EN,Towers with Radar,569,474,44,0,1087,0,26,27,0,53,569,500,71,0,1140,0,0,0,1140
11/20/2007,BOS,MA,ANE,EN,Towers with Radar,612,498,40,0,1150,0,8,10,0,18,612,506,50,0,1168,0,0,0,1168
11/21/2007,BOS,MA,ANE,EN,Towers with Radar,616,529,23,0,1168,0,0,0,0,0,616,529,23,0,1168,0,0,0,1168
11/22/2007,BOS,MA,ANE,EN,Towers with Radar,410,305,6,0,721,0,6,4,0,10,410,311,10,0,731,0,0,0,731
11/23/2007,BOS,MA,ANE,EN,Towers with Radar,421,301,12,0,734,0,43,31,3,77,421,344,43,3,811,0,0,0,811
11/24/2007,BOS,MA,ANE,EN,Towers with Radar,461,314,16,0,791,1,47,10,0,58,462,361,26,0,849,0,0,0,849
11/25/2007,BOS,MA,ANE,EN,Towers with Radar,526,417,31,0,974,0,78,16,2,96,526,495,47,2,1070,0,0,0,1070
11/26/2007,BOS,MA,ANE,EN,Towers with Radar,575,435,39,0,1049,0,1,3,0,4,575,436,42,0,1053,0,0,0,1053
11/27/2007,BOS,MA,ANE,EN,Towers with Radar,615,480,69,0,1164,0,22,11,0,33,615,502,80,0,1197,0,0,0,1198
11/28/2007,BOS,MA,ANE,EN,Towers with Radar,575,453,58,0,1086,0,30,30,3,63,575,483,88,3,1149,0,0,0,1150
11/29/2007,BOS,MA,ANE,EN,Towers with Radar,597,469,47,0,1113,0,35,27,0,62,597,505,74,0,1176,0,0,0,1203
11/30/2007,BOS,MA,ANE,EN,Towers with Radar,593,440,35,0,1068,0,67,20,1,88,593,507,55,1,1156,0,0,0,1156
12/01/2007,BOS,MA,ANE,EN,Towers with Radar,417,270,15,0,702,0,34,13,0,47,417,304,28,0,749,0,0,0,749
12/02/2007,BOS,MA,ANE,EN,Towers with Radar,459,329,16,0,804,0,53,18,0,71,459,382,34,0,875,0,0,0,875
12/03/2007,BOS,MA,ANE,EN,Towers with Radar,550,398,31,0,979,0,2,3,0,5,550,400,34,0,984,0,0,0,984
12/04/2007,BOS,MA,ANE,EN,Towers with Radar,575,412,49,0,1036,0,13,6,0,19,575,425,55,0,1055,0,0,0,1055
12/05/2007,BOS,MA,ANE,EN,Towers with Radar,579,411,62,0,1052,0,22,22,0,44,579,433,84,0,1096,0,0,0,1096
12/06/2007,BOS,MA,ANE,EN,Towers with Radar,606,455,52,0,1113,0,30,26,3,59,606,485,78,3,1172,0,0,0,1172
12/07/2007,BOS,MA,ANE,EN,Towers with Radar,588,465,48,2,1103,0,14,11,0,25,588,479,59,2,1128,0,0,0,1128
12/08/2007,BOS,MA,ANE,EN,Towers with Radar,440,272,10,0,722,0,26,39,1,66,440,298,49,1,788,0,0,0,788
12/09/2007,BOS,MA,ANE,EN,Towers with Radar,474,342,22,2,840,0,29,13,1,43,475,373,35,3,886,0,0,0,901
12/10/2007,BOS,MA,ANE,EN,Towers with Radar,551,433,56,2,1042,0,0,5,2,7,551,435,61,4,1051,0,0,0,1061
12/11/2007,BOS,MA,ANE,EN,Towers with Radar,560,412,59,0,1031,0,22,14,0,36,560,434,73,0,1067,0,0,0,1097
12/12/2007,BOS,MA,ANE,EN,Towers with Radar,581,468,59,0,1108,1,17,15,1,34,582,485,74,1,1142,0,0,0,1142
12/13/2007,BOS,MA,ANE,EN,Towers with Radar,384,218,36,0,638,0,15,6,0,21,384,233,42,0,659,0,0,0,659
12/14/2007,BOS,MA,ANE,EN,Towers with Radar,583,414,38,0,1035,1,20,17,0,38,584,434,55,0,1073,0,0,0,1073
12/15/2007,BOS,MA,ANE,EN,Towers with Radar,440,269,27,0,736,0,29,28,1,58,440,298,55,1,794,0,0,0,794
12/16/2007,BOS,MA,ANE,EN,Towers with Radar,241,110,11,0,362,0,0,0,0,0,243,113,11,0,367,0,0,0,369
12/17/2007,BOS,MA,ANE,EN,Towers with Radar,562,418,45,0,1025,0,24,9,0,33,562,442,54,0,1058,0,0,0,1058
12/18/2007,BOS,MA,ANE,EN,Towers with Radar,606,442,42,0,1090,0,26,15,1,42,606,468,57,1,1132,0,0,0,1166
12/19/2007,BOS,MA,ANE,EN,Towers with Radar,616,452,43,2,1113,0,22,10,0,32,616,474,53,2,1145,0,0,0,1145
12/20/2007,BOS,MA,ANE,EN,Towers with Radar,466,251,12,0,729,0,0,5,0,5,466,251,17,0,734,0,0,0,734
12/21/2007,BOS,MA,ANE,EN,Towers with Radar,611,418,26,1,1056,0,4,37,0,41,611,422,63,1,1097,0,0,0,1097
12/22/2007,BOS,MA,ANE,EN,Towers with Radar,484,326,41,0,851,0,0,0,0,0,484,326,41,0,851,0,0,0,851
12/23/2007,BOS,MA,ANE,EN,Towers with Radar,499,334,8,0,841,0,22,4,0,26,499,356,12,0,867,0,0,0,867
12/24/2007,BOS,MA,ANE,EN,Towers with Radar,450,271,5,0,726,0,30,8,2,40,450,301,13,2,766,0,0,0,766
12/25/2007,BOS,MA,ANE,EN,Towers with Radar,421,241,4,0,666,1,23,17,0,41,422,264,21,0,707,0,0,0,707
12/26/2007,BOS,MA,ANE,EN,Towers with Radar,519,326,15,0,860,0,35,13,0,48,519,361,28,0,908,0,0,0,908
12/27/2007,BOS,MA,ANE,EN,Towers with Radar,553,352,19,0,924,0,0,0,0,0,553,352,19,0,924,0,0,0,924
12/28/2007,BOS,MA,ANE,EN,Towers with Radar,539,344,10,0,893,0,38,18,1,57,539,382,28,1,950,0,0,0,950
12/29/2007,BOS,MA,ANE,EN,Towers with Radar,487,297,19,1,804,0,1,5,0,6,487,298,24,1,810,0,0,0,810
12/30/2007,BOS,MA,ANE,EN,Towers with Radar,487,297,12,0,796,0,27,29,0,56,487,324,41,0,852,0,0,0,852
12/31/2007,BOS,MA,ANE,EN,Towers with Radar,436,241,4,0,681,1,9,16,0,26,437,250,20,0,707,0,0,0,707
01/01/2008,BOS,MA,ANE,EN,Towers with Radar,464,287,8,1,760,0,11,10,1,22,464,298,18,2,782,0,0,0,782
01/02/2008,BOS,MA,ANE,EN,Towers with Radar,532,366,22,2,922,0,16,16,1,33,532,382,38,3,955,0,0,0,955
01/03/2008,BOS,MA,ANE,EN,Towers with Radar,557,364,19,0,940,1,27,29,2,59,558,391,48,2,999,0,0,0,999
01/04/2008,BOS,MA,ANE,EN,Towers with Radar,550,368,23,0,941,0,31,21,5,57,551,399,44,5,999,0,0,0,1027
01/05/2008,BOS,MA,ANE,EN,Towers with Radar,475,352,28,0,855,0,0,0,0,0,475,352,28,0,855,4,0,4,859
01/06/2008,BOS,MA,ANE,EN,Towers with Radar,490,325,18,0,833,0,28,20,0,48,490,353,38,0,881,0,0,0,881
01/07/2008,BOS,MA,ANE,EN,Towers with Radar,556,389,19,2,966,0,22,19,0,41,556,411,38,2,1007,0,0,0,1007
01/08/2008,BOS,MA,ANE,EN,Towers with Radar,546,389,42,2,979,0,29,15,0,44,546,418,57,2,1023,0,0,0,1023
01/09/2008,BOS,MA,ANE,EN,Towers with Radar,546,398,36,0,980,0,5,6,1,12,546,403,42,1,992,0,0,0,992
01/10/2008,BOS,MA,ANE,EN,Towers with Radar,578,384,52,0,1014,0,30,19,3,52,578,414,71,3,1066,0,0,0,1066
01/11/2008,BOS,MA,ANE,EN,Towers with Radar,553,390,23,1,967,0,0,3,0,3,553,390,26,1,970,0,0,0,970
01/12/2008,BOS,MA,ANE,EN,Towers with Radar,415,254,14,0,683,0,25,36,2,63,415,279,50,2,746,0,0,0,746
01/13/2008,BOS,MA,ANE,EN,Towers with Radar,451,313,24,0,788,0,26,18,0,44,451,339,42,0,832,0,0,0,832
01/14/2008,BOS,MA,ANE,EN,Towers with Radar,346,210,18,0,574,0,0,15,2,17,346,210,33,2,591,0,0,0,591
01/15/2008,BOS,MA,ANE,EN,Towers with Radar,557,386,34,0,977,0,22,19,0,41,557,408,53,0,1018,0,0,0,1018
01/16/2008,BOS,MA,ANE,EN,Towers with Radar,544,376,24,1,945,1,35,23,1,60,545,411,47,2,1005,0,0,0,1005
01/17/2008,BOS,MA,ANE,EN,Towers with Radar,569,378,41,3,991,0,31,35,1,67,569,409,76,4,1058,0,0,0,1058
01/18/2008,BOS,MA,ANE,EN,Towers with Radar,583,413,47,3,1046,1,22,9,2,34,584,435,56,5,1080,0,0,0,1080
01/19/2008,BOS,MA,ANE,EN,Towers with Radar,413,250,13,0,676,1,28,21,0,50,414,278,34,0,726,0,0,0,726
01/20/2008,BOS,MA,ANE,EN,Towers with Radar,461,298,13,1,773,0,29,16,0,45,461,327,29,1,818,0,0,0,818
01/21/2008,BOS,MA,ANE,EN,Towers with Radar,524,394,14,1,933,1,34,19,0,54,525,428,33,1,987,0,0,0,987
01/22/2008,BOS,MA,ANE,EN,Towers with Radar,531,373,38,1,943,0,15,16,0,31,531,388,54,1,974,0,0,0,974
01/23/2008,BOS,MA,ANE,EN,Towers with Radar,529,386,44,0,959,0,33,22,1,56,529,419,66,1,1015,0,0,0,1015
01/24/2008,BOS,MA,ANE,EN,Towers with Radar,568,394,36,0,998,0,25,17,1,43,568,419,53,1,1041,0,0,0,1041
01/25/2008,BOS,MA,ANE,EN,Towers with Radar,577,394,27,0,998,0,32,18,1,51,577,426,45,1,1049,0,0,0,1049
01/26/2008,BOS,MA,ANE,EN,Towers with Radar,417,254,13,0,684,0,28,29,0,57,417,283,42,0,742,0,0,0,759
01/27/2008,BOS,MA,ANE,EN,Towers with Radar,462,291,21,0,774,0,0,10,0,10,462,291,31,0,784,0,0,0,784
01/28/2008,BOS,MA,ANE,EN,Towers with Radar,548,373,34,0,955,0,7,27,0,34,548,380,61,0,989,0,0,0,989
01/29/2008,BOS,MA,ANE,EN,Towers with Radar,544,382,31,0,957,0,35,15,0,50,544,417,46,0,1007,0,0,0,1007
01/30/2008,BOS,MA,ANE,EN,Towers with Radar,527,377,38,0,942,0,14,17,1,32,527,391,55,1,974,0,0,0,974
01/31/2008,BOS,MA,ANE,EN,Towers with Radar,577,394,51,0,1022,1,32,21,0,54,578,426,72,0,1076,0,0,0,1076
02/01/2008,BOS,MA,ANE,EN,Towers with Radar,556,338,21,0,915,0,4,12,0,16,556,342,33,0,931,0,0,0,931
02/02/2008,BOS,MA,ANE,EN,Towers with Radar,429,248,21,0,698,0,25,8,0,33,429,273,29,0,731,0,0,0,731
02/03/2008,BOS,MA,ANE,EN,Towers with Radar,467,309,22,0,798,0,23,21,5,49,468,333,43,5,849,0,0,0,878
02/04/2008,BOS,MA,ANE,EN,Towers with Radar,552,396,23,0,971,0,27,43,3,73,553,423,66,3,1045,0,0,0,1076
02/05/2008,BOS,MA,ANE,EN,Towers with Radar,534,404,28,0,966,0,0,0,0,0,537,416,28,0,981,0,0,0,1005
02/06/2008,BOS,MA,ANE,EN,Towers with Radar,521,402,35,6,964,0,0,18,0,18,523,417,53,6,999,0,0,0,1029
02/07/2008,BOS,MA,ANE,EN,Towers with Radar,570,408,53,0,1031,0,0,12,0,12,570,413,65,0,1048,0,0,0,1051
02/08/2008,BOS,MA,ANE,EN,Towers with Radar,562,421,39,4,1026,0,0,2,0,2,564,443,41,4,1052,0,0,0,1087
02/09/2008,BOS,MA,ANE,EN,Towers with Radar,412,258,10,0,680,0,21,2,1,24,412,279,12,1,704,0,0,0,706
02/10/2008,BOS,MA,ANE,EN,Towers with Radar,464,307,26,0,797,0,10,0,0,10,464,317,26,0,807,0,0,0,807
02/11/2008,BOS,MA,ANE,EN,Towers with Radar,552,378,40,0,970,0,27,4,2,33,552,405,44,2,1003,0,0,0,1003
02/12/2008,BOS,MA,ANE,EN,Towers with Radar,499,348,38,3,888,0,33,12,2,47,499,381,50,5,935,0,0,0,935
02/13/2008,BOS,MA,ANE,EN,Towers with Radar,515,341,30,0,886,0,0,0,0,0,515,341,30,0,886,0,0,0,886
02/14/2008,BOS,MA,ANE,EN,Towers with Radar,608,420,38,0,1066,0,38,11,0,49,608,458,49,0,1115,0,0,0,1115
02/15/2008,BOS,MA,ANE,EN,Towers with Radar,603,413,46,0,1062,0,42,19,2,63,603,455,65,2,1125,0,0,0,1125
02/16/2008,BOS,MA,ANE,EN,Towers with Radar,464,266,12,0,742,0,37,13,0,50,464,303,25,0,792,0,0,0,792
02/17/2008,BOS,MA,ANE,EN,Towers with Radar,484,312,15,0,811,0,30,10,0,40,484,343,25,0,852,0,0,0,865
02/18/2008,BOS,MA,ANE,EN,Towers with Radar,556,365,12,0,933,0,0,0,0,0,557,370,12,0,939,0,0,0,947
02/19/2008,BOS,MA,ANE,EN,Towers with Radar,591,408,30,0,1029,0,30,9,0,39,591,440,39,0,1070,0,0,0,1100
02/20/2008,BOS,MA,ANE,EN,Towers with Radar,588,393,44,0,1025,0,35,17,2,54,588,429,61,2,1080,0,0,0,1111
02/21/2008,BOS,MA,ANE,EN,Towers with Radar,588,400,38,2,1028,0,42,33,5,80,588,442,71,7,1108,0,0,0,1108
02/22/2008,BOS,MA,ANE,EN,Towers with Radar,419,233,29,0,681,0,0,11,0,11,419,233,40,0,692,0,0,0,692
02/23/2008,BOS,MA,ANE,EN,Towers with Radar,481,278,25,0,784,0,15,5,1,21,481,293,30,1,805,0,0,0,805
02/24/2008,BOS,MA,ANE,EN,Towers with Radar,516,329,34,1,880,1,40,27,4,72,517,369,61,5,952,0,0,0,952
02/25/2008,BOS,MA,ANE,EN,Towers with Radar,576,407,59,0,1042,0,34,18,0,52,576,441,77,0,1094,0,0,0,1094
02/26/2008,BOS,MA,ANE,EN,Towers with Radar,569,409,41,0,1019,0,15,13,1,29,569,424,54,1,1048,0,0,0,1048
02/27/2008,BOS,MA,ANE,EN,Towers with Radar,593,447,65,0,1105,0,5,7,0,12,593,452,72,0,1117,0,0,0,1117
02/28/2008,BOS,MA,ANE,EN,Towers with Radar,588,430,55,0,1073,0,23,13,1,37,588,453,68,1,1110,0,0,0,1110
02/29/2008,BOS,MA,ANE,EN,Towers with Radar,573,407,41,0,1021,0,43,11,2,56,573,450,52,2,1077,0,0,0,1077
03/01/2008,BOS,MA,ANE,EN,Towers with Radar,452,288,12,0,752,0,5,5,0,10,452,293,17,0,762,0,0,0,762
03/02/2008,BOS,MA,ANE,EN,Towers with Radar,509,342,10,0,861,1,35,19,2,57,510,377,29,2,918,0,0,0,918
03/03/2008,BOS,MA,ANE,EN,Towers with Radar,558,402,32,0,992,0,33,4,0,37,558,435,36,0,1029,0,0,0,1029
03/04/2008,BOS,MA,ANE,EN,Towers with Radar,568,432,42,0,1042,0,6,0,0,6,568,438,42,0,1048,0,0,0,1048
03/05/2008,BOS,MA,ANE,EN,Towers with Radar,591,419,45,0,1055,0,10,5,0,15,594,430,50,0,1074,0,0,0,1084
03/06/2008,BOS,MA,ANE,EN,Towers with Radar,586,423,40,0,1049,0,40,27,1,68,586,463,67,1,1117,0,0,0,1117
03/07/2008,BOS,MA,ANE,EN,Towers with Radar,583,425,37,0,1045,0,9,11,2,22,583,434,48,2,1067,0,0,0,1067
03/08/2008,BOS,MA,ANE,EN,Towers with Radar,455,206,14,0,675,0,0,4,0,4,455,206,18,0,679,0,0,0,679
03/09/2008,BOS,MA,ANE,EN,Towers with Radar,505,314,21,0,840,0,32,8,1,41,505,346,29,1,881,0,0,0,881
03/10/2008,BOS,MA,ANE,EN,Towers with Radar,558,410,34,0,1002,0,41,18,1,60,558,451,52,1,1062,0,0,0,1062
03/11/2008,BOS,MA,ANE,EN,Towers with Radar,594,401,28,0,1023,0,36,15,5,56,596,437,43,5,1081,0,0,0,1110
03/12/2008,BOS,MA,ANE,EN,Towers with Radar,597,436,59,0,1092,0,4,16,0,20,599,444,75,0,1118,0,0,0,1134
03/13/2008,BOS,MA,ANE,EN,Towers with Radar,592,445,44,0,1081,0,45,25,2,72,592,490,69,2,1153,0,0,0,1153
03/14/2008,BOS,MA,ANE,EN,Towers with Radar,600,428,33,0,1061,0,30,22,0,52,600,458,55,0,1113,0,0,0,1113
03/15/2008,BOS,MA,ANE,EN,Towers with Radar,457,312,25,0,794,0,2,19,0,21,457,314,44,0,815,0,0,0,815
03/16/2008,BOS,MA,ANE,EN,Towers with Radar,506,378,24,0,908,0,2,9,2,13,506,380,33,2,921,0,0,0,921
03/17/2008,BOS,MA,ANE,EN,Towers with Radar,566,406,45,0,1017,0,45,19,1,65,566,451,64,1,1082,0,0,0,1082
03/18/2008,BOS,MA,ANE,EN,Towers with Radar,571,412,65,2,1050,0,49,25,2,76,571,461,90,4,1126,0,0,0,1126
03/19/2008,BOS,MA,ANE,EN,Towers with Radar,559,406,48,0,1013,0,1,1,0,2,559,407,49,0,1015,0,0,0,1015
03/20/2008,BOS,MA,ANE,EN,Towers with Radar,590,442,44,0,1076,0,5,8,0,13,590,447,52,0,1089,0,0,0,1089
03/21/2008,BOS,MA,ANE,EN,Towers with Radar,567,396,20,0,983,0,44,3,0,47,567,440,23,0,1030,0,0,0,1030
03/22/2008,BOS,MA,ANE,EN,Towers with Radar,468,248,9,0,725,0,42,40,3,85,468,290,49,3,810,0,0,0,810
03/23/2008,BOS,MA,ANE,EN,Towers with Radar,497,326,15,0,838,0,48,28,4,80,497,374,43,4,918,0,0,0,918
03/24/2008,BOS,MA,ANE,EN,Towers with Radar,566,408,27,1,1002,0,44,19,4,67,566,452,46,5,1069,0,0,0,1069
03/25/2008,BOS,MA,ANE,EN,Towers with Radar,588,422,39,0,1049,0,41,26,0,67,588,463,65,0,1116,0,0,0,1116
03/26/2008,BOS,MA,ANE,EN,Towers with Radar,579,437,50,0,1066,1,29,14,4,48,580,466,64,4,1114,0,0,0,1114
03/27/2008,BOS,MA,ANE,EN,Towers with Radar,564,426,32,0,1022,0,37,21,4,62,566,464,53,4,1087,0,0,0,1124
03/28/2008,BOS,MA,ANE,EN,Towers with Radar,588,450,25,0,1063,0,0,3,0,3,588,451,28,0,1067,0,0,0,1067
03/29/2008,BOS,MA,ANE,EN,Towers with Radar,463,283,12,0,758,0,35,28,1,64,463,318,40,1,822,0,0,0,822
03/30/2008,BOS,MA,ANE,EN,Towers with Radar,506,345,17,0,868,0,47,24,0,71,506,392,41,0,939,0,0,0,954
03/31/2008,BOS,MA,ANE,EN,Towers with Radar,549,420,23,2,994,0,19,1,1,21,549,439,24,3,1015,0,0,0,1015
04/01/2008,BOS,MA,ANE,EN,Towers with Radar,579,421,31,3,1034,0,5,1,0,6,580,428,32,3,1043,0,0,0,1052
04/02/2008,BOS,MA,ANE,EN,Towers with Radar,594,432,43,0,1069,0,41,10,1,52,594,473,53,1,1121,0,0,0,1121
04/03/2008,BOS,MA,ANE,EN,Towers with Radar,592,424,56,0,1072,0,47,41,4,92,592,471,97,4,1164,0,0,0,1164
04/04/2008,BOS,MA,ANE,EN,Towers with Radar,572,414,30,0,1016,0,0,9,0,9,572,414,39,0,1025,0,0,0,1025
04/05/2008,BOS,MA,ANE,EN,Towers with Radar,471,315,12,2,800,0,5,7,0,12,471,320,19,2,812,0,0,0,812
04/06/2008,BOS,MA,ANE,EN,Towers with Radar,491,381,13,1,886,0,0,19,0,19,491,385,32,1,909,0,0,0,912
04/07/2008,BOS,MA,ANE,EN,Towers with Radar,591,453,55,1,1100,0,12,25,0,37,591,465,80,1,1137,0,0,0,1160
04/08/2008,BOS,MA,ANE,EN,Towers with Radar,482,445,38,3,968,0,45,42,0,87,482,491,80,3,1056,0,0,0,1083
04/09/2008,BOS,MA,ANE,EN,Towers with Radar,569,458,65,0,1092,0,26,30,0,56,569,484,95,0,1148,0,0,0,1148
04/10/2008,BOS,MA,ANE,EN,Towers with Radar,587,465,54,0,1106,1,34,24,2,61,588,499,78,2,1167,0,0,0,1167
04/11/2008,BOS,MA,ANE,EN,Towers with Radar,608,449,55,0,1112,0,34,23,1,58,608,483,78,1,1170,0,0,0,1170
04/12/2008,BOS,MA,ANE,EN,Towers with Radar,485,315,28,0,828,0,3,3,0,6,485,318,31,0,834,0,0,0,834
04/13/2008,BOS,MA,ANE,EN,Towers with Radar,538,387,33,0,958,1,21,19,4,45,539,408,52,4,1003,0,0,0,1003
04/14/2008,BOS,MA,ANE,EN,Towers with Radar,598,432,54,0,1084,1,40,36,0,77,599,472,90,0,1161,0,0,0,1161
04/15/2008,BOS,MA,ANE,EN,Towers with Radar,598,426,65,2,1091,0,48,22,2,72,598,474,87,4,1163,0,0,0,1163
04/16/2008,BOS,MA,ANE,EN,Towers with Radar,617,420,53,0,1090,0,51,32,0,83,617,471,85,0,1173,0,0,0,1173
04/17/2008,BOS,MA,ANE,EN,Towers with Radar,636,425,53,0,1114,0,49,20,0,69,636,474,73,0,1183,0,0,0,1183
04/18/2008,BOS,MA,ANE,EN,Towers with Radar,645,463,46,0,1154,0,55,27,3,85,645,518,73,3,1239,0,0,0,1239
04/19/2008,BOS,MA,ANE,EN,Towers with Radar,530,275,29,0,834,0,41,22,2,65,530,316,51,2,899,0,0,0,899
04/20/2008,BOS,MA,ANE,EN,Towers with Radar,551,356,25,0,932,0,53,20,0,73,551,409,45,0,1005,0,0,0,1005
04/21/2008,BOS,MA,ANE,EN,Towers with Radar,617,459,51,0,1127,0,26,16,0,42,617,485,67,0,1169,0,0,0,1169
04/22/2008,BOS,MA,ANE,EN,Towers with Radar,624,428,56,2,1110,0,41,28,1,70,624,469,84,3,1180,0,0,0,1180
04/23/2008,BOS,MA,ANE,EN,Towers with Radar,626,413,41,0,1080,0,49,23,0,72,626,462,64,0,1152,0,0,0,1152
04/24/2008,BOS,MA,ANE,EN,Towers with Radar,641,421,42,0,1104,0,56,23,0,79,641,477,65,0,1183,0,0,0,1183
04/25/2008,BOS,MA,ANE,EN,Towers with Radar,624,444,41,0,1109,0,55,32,0,87,624,499,73,0,1196,0,0,0,1196
04/26/2008,BOS,MA,ANE,EN,Towers with Radar,524,271,18,4,817,0,40,26,2,68,524,311,44,6,885,0,0,0,885
04/27/2008,BOS,MA,ANE,EN,Towers with Radar,565,426,33,0,1024,0,2,14,0,16,565,428,47,0,1040,0,0,0,1040
04/28/2008,BOS,MA,ANE,EN,Towers with Radar,581,405,43,0,1029,0,4,1,0,5,581,409,44,0,1034,0,0,0,1034
04/29/2008,BOS,MA,ANE,EN,Towers with Radar,623,436,50,0,1109,0,4,5,0,9,623,440,55,0,1118,0,0,0,1118
04/30/2008,BOS,MA,ANE,EN,Towers with Radar,622,418,53,0,1093,0,44,37,0,81,622,462,90,0,1174,0,0,0,1174
05/01/2008,BOS,MA,ANE,EN,Towers with Radar,602,443,48,1,1094,0,43,21,4,68,602,486,69,5,1162,0,0,0,1162
05/02/2008,BOS,MA,ANE,EN,Towers with Radar,572,478,38,0,1088,0,5,4,1,10,572,483,42,1,1098,0,0,0,1098
05/03/2008,BOS,MA,ANE,EN,Towers with Radar,466,319,18,0,803,0,8,7,0,15,466,327,25,0,818,0,0,0,818
05/04/2008,BOS,MA,ANE,EN,Towers with Radar,503,395,44,0,942,0,0,0,0,0,503,395,44,0,942,0,0,0,942
05/05/2008,BOS,MA,ANE,EN,Towers with Radar,585,420,82,1,1088,0,37,11,0,48,585,457,93,1,1136,0,0,0,1136
05/06/2008,BOS,MA,ANE,EN,Towers with Radar,584,410,81,5,1080,0,47,21,6,74,584,457,102,11,1154,0,0,0,1154
05/07/2008,BOS,MA,ANE,EN,Towers with Radar,578,400,68,0,1046,0,50,28,0,78,578,450,96,0,1124,0,0,0,1124
05/08/2008,BOS,MA,ANE,EN,Towers with Radar,593,467,66,2,1128,0,21,24,1,46,593,488,90,3,1174,0,0,0,1174
05/09/2008,BOS,MA,ANE,EN,Towers with Radar,548,423,40,0,1011,0,23,13,0,36,548,446,53,0,1047,0,0,0,1047
05/10/2008,BOS,MA,ANE,EN,Towers with Radar,459,297,17,0,773,0,20,16,3,39,459,317,33,3,812,0,0,0,812
05/11/2008,BOS,MA,ANE,EN,Towers with Radar,481,343,21,2,847,0,54,24,0,78,481,397,45,2,925,0,0,0,925
05/12/2008,BOS,MA,ANE,EN,Towers with Radar,567,434,52,0,1053,0,15,15,0,30,567,449,67,0,1083,0,0,0,1083
05/13/2008,BOS,MA,ANE,EN,Towers with Radar,580,425,50,0,1055,0,50,12,0,62,580,475,62,0,1117,0,0,0,1117
05/14/2008,BOS,MA,ANE,EN,Towers with Radar,599,403,88,2,1092,0,62,45,0,107,599,465,133,2,1199,0,0,0,1199
05/15/2008,BOS,MA,ANE,EN,Towers with Radar,602,450,81,0,1133,1,86,22,0,109,603,536,103,0,1242,0,0,0,1242
05/16/2008,BOS,MA,ANE,EN,Towers with Radar,588,452,56,2,1098,0,89,14,0,103,588,541,70,2,1201,0,0,0,1201
05/17/2008,BOS,MA,ANE,EN,Towers with Radar,466,295,25,0,786,1,53,10,4,68,467,348,35,4,854,0,0,0,854
05/18/2008,BOS,MA,ANE,EN,Towers with Radar,494,413,56,0,963,0,91,19,1,111,494,504,75,1,1074,0,0,0,1074
05/19/2008,BOS,MA,ANE,EN,Towers with Radar,582,459,68,0,1109,1,70,19,2,92,583,529,87,2,1201,0,0,0,1201
05/20/2008,BOS,MA,ANE,EN,Towers with Radar,577,432,71,0,1080,0,59,16,0,75,577,491,87,0,1155,0,0,0,1155
05/21/2008,BOS,MA,ANE,EN,Towers with Radar,594,426,41,2,1063,0,70,19,3,92,594,496,60,5,1155,0,0,0,1155
05/22/2008,BOS,MA,ANE,EN,Towers with Radar,609,462,39,2,1112,0,74,15,0,89,609,536,54,2,1201,0,0,0,1201
05/23/2008,BOS,MA,ANE,EN,Towers with Radar,601,452,41,0,1094,0,185,17,2,204,601,637,58,2,1298,0,0,0,1298
05/24/2008,BOS,MA,ANE,EN,Towers with Radar,445,272,6,0,723,0,90,17,2,109,445,362,23,2,832,0,0,0,832
05/25/2008,BOS,MA,ANE,EN,Towers with Radar,422,264,9,0,695,1,95,30,1,127,423,359,39,1,822,0,0,0,822
05/26/2008,BOS,MA,ANE,EN,Towers with Radar,525,365,14,0,904,0,163,37,1,201,525,528,51,1,1105,0,0,0,1105
05/27/2008,BOS,MA,ANE,EN,Towers with Radar,550,423,43,1,1017,0,59,4,1,64,550,482,47,2,1081,0,0,0,1081
05/28/2008,BOS,MA,ANE,EN,Towers with Radar,602,395,68,0,1065,0,84,33,0,117,602,479,101,0,1182,0,0,0,1182
05/29/2008,BOS,MA,ANE,EN,Towers with Radar,602,435,61,0,1098,0,111,28,2,141,602,546,89,2,1239,0,0,0,1239
05/30/2008,BOS,MA,ANE,EN,Towers with Radar,602,423,36,0,1061,0,121,21,0,142,602,544,57,0,1203,0,0,0,1203
05/31/2008,BOS,MA,ANE,EN,Towers with Radar,474,303,22,0,799,0,26,9,0,35,474,329,31,0,834,0,0,0,834
06/01/2008,BOS,MA,ANE,EN,Towers with Radar,506,380,26,0,912,0,92,13,1,106,506,472,39,1,1018,0,0,0,1018
06/02/2008,BOS,MA,ANE,EN,Towers with Radar,594,418,37,0,1049,0,87,17,0,104,594,505,54,0,1153,0,0,0,1153
06/03/2008,BOS,MA,ANE,EN,Towers with Radar,593,423,72,0,1088,0,76,22,2,100,593,499,94,2,1188,0,0,0,1188
06/04/2008,BOS,MA,ANE,EN,Towers with Radar,572,439,75,0,1086,0,6,0,0,6,572,445,75,0,1092,0,0,0,1092
06/05/2008,BOS,MA,ANE,EN,Towers with Radar,585,462,57,0,1104,0,0,3,0,3,585,462,60,0,1107,0,0,0,1107
06/06/2008,BOS,MA,ANE,EN,Towers with Radar,591,545,43,4,1183,0,9,2,0,11,591,554,45,4,1194,0,0,0,1194
06/07/2008,BOS,MA,ANE,EN,Towers with Radar,484,340,20,0,844,0,52,16,2,70,484,392,36,2,914,0,0,0,914
06/08/2008,BOS,MA,ANE,EN,Towers with Radar,512,371,35,0,918,0,122,36,1,159,512,493,71,1,1077,0,0,0,1077
06/09/2008,BOS,MA,ANE,EN,Towers with Radar,580,452,41,0,1073,0,103,13,0,116,580,555,54,0,1189,0,0,0,1189
06/10/2008,BOS,MA,ANE,EN,Towers with Radar,583,396,39,2,1020,1,91,25,0,117,584,487,64,2,1137,0,0,0,1137
06/11/2008,BOS,MA,ANE,EN,Towers with Radar,608,429,70,0,1107,0,105,36,0,141,608,534,106,0,1248,0,0,0,1248
06/12/2008,BOS,MA,ANE,EN,Towers with Radar,602,438,63,2,1105,1,127,30,0,158,603,565,93,2,1263,0,0,0,1263
06/13/2008,BOS,MA,ANE,EN,Towers with Radar,575,427,41,0,1043,0,166,45,1,212,575,593,86,1,1255,0,0,0,1255
06/14/2008,BOS,MA,ANE,EN,Towers with Radar,482,305,21,0,808,0,99,17,0,116,482,404,38,0,924,0,0,0,924
06/15/2008,BOS,MA,ANE,EN,Towers with Radar,515,466,26,0,1007,0,5,0,1,6,515,471,26,1,1013,0,0,0,1013
06/16/2008,BOS,MA,ANE,EN,Towers with Radar,572,500,37,0,1109,0,0,6,0,6,572,500,43,0,1115,0,0,0,1115
06/17/2008,BOS,MA,ANE,EN,Towers with Radar,592,501,78,0,1171,0,41,9,0,50,592,542,87,0,1221,0,0,0,1221
06/18/2008,BOS,MA,ANE,EN,Towers with Radar,601,444,86,0,1131,0,115,22,0,137,601,559,108,0,1268,0,0,0,1268
06/19/2008,BOS,MA,ANE,EN,Towers with Radar,595,479,50,2,1126,0,102,32,2,136,595,581,82,4,1262,0,0,0,1262
06/20/2008,BOS,MA,ANE,EN,Towers with Radar,599,471,34,0,1104,0,122,28,0,150,599,593,62,0,1254,0,0,0,1293
06/21/2008,BOS,MA,ANE,EN,Towers with Radar,473,322,16,0,811,0,111,31,0,142,473,433,47,0,953,0,0,0,953
06/22/2008,BOS,MA,ANE,EN,Towers with Radar,495,408,35,1,939,0,69,22,1,92,495,477,57,2,1031,0,0,0,1031
06/23/2008,BOS,MA,ANE,EN,Towers with Radar,567,512,50,0,1129,0,8,3,0,11,567,520,53,0,1140,0,0,0,1140
06/24/2008,BOS,MA,ANE,EN,Towers with Radar,589,475,59,0,1123,1,26,7,1,35,590,501,66,1,1158,0,0,0,1158
06/25/2008,BOS,MA,ANE,EN,Towers with Radar,602,444,66,0,1112,0,123,33,0,156,602,567,99,0,1268,0,0,0,1268
06/26/2008,BOS,MA,ANE,EN,Towers with Radar,589,493,56,0,1138,0,104,17,0,121,589,597,73,0,1259,0,0,0,1259
06/27/2008,BOS,MA,ANE,EN,Towers with Radar,589,466,28,0,1083,0,118,13,0,131,589,584,41,0,1214,0,0,0,1214
06/28/2008,BOS,MA,ANE,EN,Towers with Radar,476,423,24,0,923,0,0,0,0,0,476,423,24,0,923,0,0,0,923
06/29/2008,BOS,MA,ANE,EN,Towers with Radar,516,409,19,4,948,0,33,1,0,34,516,442,20,4,982,0,0,0,982
06/30/2008,BOS,MA,ANE,EN,Towers with Radar,588,482,35,0,1105,1,67,21,0,89,589,549,56,0,1194,0,0,0,1194
07/01/2008,BOS,MA,ANE,EN,Towers with Radar,601,534,54,1,1190,0,0,0,0,0,601,534,54,1,1190,0,0,0,1190
07/02/2008,BOS,MA,ANE,EN,Towers with Radar,578,564,35,4,1181,0,0,0,0,0,578,564,35,4,1181,0,0,0,1181
07/03/2008,BOS,MA,ANE,EN,Towers with Radar,599,628,60,6,1293,0,0,0,0,0,599,628,60,6,1293,0,0,0,1293
07/04/2008,BOS,MA,ANE,EN,Towers with Radar,457,401,32,3,893,0,0,0,0,0,457,401,32,3,893,0,0,0,893
07/05/2008,BOS,MA,ANE,EN,Towers with Radar,456,437,21,0,914,0,11,4,4,19,456,448,25,4,933,0,0,0,933
07/06/2008,BOS,MA,ANE,EN,Towers with Radar,512,524,39,1,1076,0,0,0,0,0,512,524,39,1,1076,0,0,0,1076
07/07/2008,BOS,MA,ANE,EN,Towers with Radar,583,587,51,0,1221,0,0,0,0,0,583,587,51,0,1221,0,0,0,1221
07/08/2008,BOS,MA,ANE,EN,Towers with Radar,588,564,69,0,1221,0,0,0,0,0,588,564,69,0,1221,0,0,0,1221
07/09/2008,BOS,MA,ANE,EN,Towers with Radar,595,473,60,0,1128,1,84,11,0,96,596,557,71,0,1224,0,0,0,1224
07/10/2008,BOS,MA,ANE,EN,Towers with Radar,590,445,49,0,1084,1,148,34,0,183,591,593,83,0,1267,0,0,0,1267
07/11/2008,BOS,MA,ANE,EN,Towers with Radar,606,455,30,0,1091,1,159,31,4,195,607,614,61,4,1286,0,0,0,1286
07/12/2008,BOS,MA,ANE,EN,Towers with Radar,476,328,11,1,816,0,140,23,4,167,476,468,34,5,983,0,0,0,983
07/13/2008,BOS,MA,ANE,EN,Towers with Radar,496,382,28,0,906,0,137,30,2,169,496,519,58,2,1075,0,0,0,1075
07/14/2008,BOS,MA,ANE,EN,Towers with Radar,583,498,37,0,1118,0,69,13,0,82,583,567,50,0,1200,0,0,0,1200
07/15/2008,BOS,MA,ANE,EN,Towers with Radar,601,424,47,0,1072,0,119,18,1,138,601,543,65,1,1210,0,0,0,1210
07/16/2008,BOS,MA,ANE,EN,Towers with Radar,612,436,26,0,1074,0,124,38,0,162,612,560,64,0,1236,0,0,0,1236
07/17/2008,BOS,MA,ANE,EN,Towers with Radar,598,458,36,0,1092,0,133,41,2,176,598,591,77,2,1268,0,0,0,1268
07/18/2008,BOS,MA,ANE,EN,Towers with Radar,608,471,40,0,1119,0,165,39,0,204,608,636,79,0,1323,0,0,0,1323
07/19/2008,BOS,MA,ANE,EN,Towers with Radar,480,386,33,0,899,0,108,16,2,126,480,494,49,2,1025,0,0,0,1025
07/20/2008,BOS,MA,ANE,EN,Towers with Radar,509,473,27,0,1009,0,0,0,0,0,509,473,27,0,1009,0,0,0,1009
07/21/2008,BOS,MA,ANE,EN,Towers with Radar,567,565,25,0,1157,0,16,4,0,20,567,581,29,0,1177,0,0,0,1177
07/22/2008,BOS,MA,ANE,EN,Towers with Radar,582,499,42,0,1123,0,35,11,0,46,582,534,53,0,1169,0,0,0,1169
07/23/2008,BOS,MA,ANE,EN,Towers with Radar,522,423,45,0,990,0,0,0,0,0,522,423,45,0,990,0,0,0,990
07/24/2008,BOS,MA,ANE,EN,Towers with Radar,593,440,29,3,1065,0,25,2,0,27,593,465,31,3,1092,0,0,0,1092
07/25/2008,BOS,MA,ANE,EN,Towers with Radar,619,671,65,1,1356,0,0,0,0,0,619,671,65,1,1356,0,0,0,1356
07/26/2008,BOS,MA,ANE,EN,Towers with Radar,471,486,47,3,1007,0,0,0,0,0,471,486,47,3,1007,0,0,0,1007
07/27/2008,BOS,MA,ANE,EN,Towers with Radar,478,442,44,2,966,0,0,0,0,0,478,442,44,2,966,0,0,0,966
07/28/2008,BOS,MA,ANE,EN,Towers with Radar,590,484,45,0,1119,1,129,28,1,159,591,613,73,1,1278,0,0,0,1278
07/29/2008,BOS,MA,ANE,EN,Towers with Radar,597,548,66,2,1213,0,0,0,0,0,597,548,66,2,1213,0,0,0,1213
07/30/2008,BOS,MA,ANE,EN,Towers with Radar,602,466,45,2,1115,0,110,25,1,136,602,576,70,3,1251,0,0,0,1251
07/31/2008,BOS,MA,ANE,EN,Towers with Radar,583,503,48,2,1136,0,65,4,0,69,583,568,52,2,1205,0,0,0,1205
08/01/2008,BOS,MA,ANE,EN,Towers with Radar,606,505,32,0,1143,0,130,34,2,166,606,635,66,2,1309,0,0,0,1309
08/02/2008,BOS,MA,ANE,EN,Towers with Radar,474,429,28,2,933,0,0,0,0,0,474,429,28,2,933,0,0,0,933
08/03/2008,BOS,MA,ANE,EN,Towers with Radar,512,465,46,1,1024,0,67,27,1,95,512,532,73,2,1119,0,0,0,1119
08/04/2008,BOS,MA,ANE,EN,Towers with Radar,575,603,76,2,1256,0,0,0,0,0,575,603,76,2,1256,0,0,0,1256
08/05/2008,BOS,MA,ANE,EN,Towers with Radar,590,572,65,2,1229,0,0,0,0,0,590,572,65,2,1229,0,0,0,1229
08/06/2008,BOS,MA,ANE,EN,Towers with Radar,575,504,39,2,1120,0,0,0,0,0,575,504,39,2,1120,0,0,0,1120
08/07/2008,BOS,MA,ANE,EN,Towers with Radar,578,539,58,5,1180,0,0,0,0,0,578,539,58,5,1180,0,0,0,1180
08/08/2008,BOS,MA,ANE,EN,Towers with Radar,585,615,51,6,1257,0,0,0,0,0,585,615,51,6,1257,0,0,0,1257
08/09/2008,BOS,MA,ANE,EN,Towers with Radar,482,504,37,0,1023,0,0,0,0,0,482,504,37,0,1023,0,0,0,1023
08/10/2008,BOS,MA,ANE,EN,Towers with Radar,481,496,34,1,1012,0,0,0,0,0,481,496,34,1,1012,0,0,0,1012
08/11/2008,BOS,MA,ANE,EN,Towers with Radar,534,490,53,0,1077,0,0,0,0,0,534,490,53,0,1077,0,0,0,1077
08/12/2008,BOS,MA,ANE,EN,Towers with Radar,610,562,74,0,1246,0,0,0,0,0,610,562,74,0,1246,0,0,0,1246
08/13/2008,BOS,MA,ANE,EN,Towers with Radar,604,570,80,2,1256,0,0,0,0,0,604,570,80,2,1256,0,0,0,1256
08/14/2008,BOS,MA,ANE,EN,Towers with Radar,573,555,67,4,1199,0,0,0,0,0,573,555,67,4,1199,0,0,0,1199
08/15/2008,BOS,MA,ANE,EN,Towers with Radar,576,547,55,1,1179,0,0,0,0,0,576,547,55,1,1179,0,0,0,1179
08/16/2008,BOS,MA,ANE,EN,Towers with Radar,501,522,40,1,1064,0,0,0,0,0,501,522,40,1,1064,0,0,0,1064
08/17/2008,BOS,MA,ANE,EN,Towers with Radar,537,558,56,0,1151,0,0,0,0,0,537,558,56,0,1151,0,0,0,1151
08/18/2008,BOS,MA,ANE,EN,Towers with Radar,579,440,20,0,1039,0,155,26,2,183,579,595,46,2,1222,0,0,0,1222
08/19/2008,BOS,MA,ANE,EN,Towers with Radar,594,527,39,0,1160,0,0,0,0,0,594,527,39,0,1160,0,0,0,1160
08/20/2008,BOS,MA,ANE,EN,Towers with Radar,591,413,30,0,1034,0,137,25,2,164,591,550,55,2,1198,0,0,0,1198
08/21/2008,BOS,MA,ANE,EN,Towers with Radar,588,428,17,0,1033,0,132,40,1,173,588,560,57,1,1206,0,0,0,1206
08/22/2008,BOS,MA,ANE,EN,Towers with Radar,600,611,48,3,1262,0,0,0,0,0,600,611,48,3,1262,0,0,0,1262
08/23/2008,BOS,MA,ANE,EN,Towers with Radar,457,466,39,1,963,0,0,0,0,0,457,466,39,1,963,0,0,0,963
08/24/2008,BOS,MA,ANE,EN,Towers with Radar,517,546,72,2,1137,0,0,0,0,0,517,546,72,2,1137,0,0,0,1137
08/25/2008,BOS,MA,ANE,EN,Towers with Radar,581,579,53,0,1213,0,0,0,0,0,581,579,53,0,1213,0,0,0,1213
08/26/2008,BOS,MA,ANE,EN,Towers with Radar,578,520,59,1,1158,0,0,0,0,0,578,520,59,1,1158,0,0,0,1158
08/27/2008,BOS,MA,ANE,EN,Towers with Radar,593,539,57,2,1191,0,0,0,0,0,593,539,57,2,1191,0,0,0,1191
08/28/2008,BOS,MA,ANE,EN,Towers with Radar,595,569,67,7,1238,0,0,0,0,0,595,569,67,7,1238,0,0,0,1238
08/29/2008,BOS,MA,ANE,EN,Towers with Radar,587,611,58,1,1257,0,0,0,0,0,587,611,58,1,1257,0,0,0,1257
08/30/2008,BOS,MA,ANE,EN,Towers with Radar,422,365,28,0,815,0,58,22,0,80,422,423,50,0,895,0,0,0,895
08/31/2008,BOS,MA,ANE,EN,Towers with Radar,426,277,17,3,723,0,130,30,2,162,426,407,47,5,885,0,0,0,885
09/01/2008,BOS,MA,ANE,EN,Towers with Radar,531,355,19,0,905,2,186,45,0,233,533,541,64,0,1138,0,0,0,1138
09/02/2008,BOS,MA,ANE,EN,Towers with Radar,555,432,39,1,1027,2,139,18,2,161,557,571,57,3,1188,0,0,0,1188
09/03/2008,BOS,MA,ANE,EN,Towers with Radar,552,425,50,0,1027,0,105,30,3,138,552,530,80,3,1165,0,0,0,1165
09/04/2008,BOS,MA,ANE,EN,Towers with Radar,549,459,72,0,1080,0,81,40,0,121,549,540,112,0,1201,0,0,0,1201
09/05/2008,BOS,MA,ANE,EN,Towers with Radar,548,445,37,0,1030,0,119,24,3,146,548,564,61,3,1176,0,0,0,1176
09/06/2008,BOS,MA,ANE,EN,Towers with Radar,394,279,16,0,689,0,0,0,0,0,394,279,16,0,689,0,0,0,689
09/07/2008,BOS,MA,ANE,EN,Towers with Radar,461,352,33,2,848,2,120,37,1,160,463,472,70,3,1008,0,0,0,1008
09/08/2008,BOS,MA,ANE,EN,Towers with Radar,519,389,33,0,941,1,138,28,2,169,520,527,61,2,1110,0,0,0,1110
09/09/2008,BOS,MA,ANE,EN,Towers with Radar,495,380,47,0,922,0,55,11,0,66,495,435,58,0,988,0,0,0,988
09/10/2008,BOS,MA,ANE,EN,Towers with Radar,548,385,79,2,1014,0,117,31,0,148,548,502,110,2,1162,0,0,0,1162
09/11/2008,BOS,MA,ANE,EN,Towers with Radar,543,428,55,0,1026,0,118,27,0,145,543,546,82,0,1171,0,0,0,1171
09/12/2008,BOS,MA,ANE,EN,Towers with Radar,527,442,43,0,1012,0,72,11,0,83,527,514,54,0,1095,0,0,0,1095
09/13/2008,BOS,MA,ANE,EN,Towers with Radar,387,334,29,0,750,0,12,2,2,16,387,346,31,2,766,0,0,0,766
09/14/2008,BOS,MA,ANE,EN,Towers with Radar,430,450,32,2,914,0,0,0,0,0,430,450,32,2,914,0,0,0,914
09/15/2008,BOS,MA,ANE,EN,Towers with Radar,510,510,68,0,1088,0,0,0,0,0,510,510,68,0,1088,0,0,0,1088
09/16/2008,BOS,MA,ANE,EN,Towers with Radar,524,414,54,0,992,0,52,25,1,78,524,466,79,1,1070,0,0,0,1070
09/17/2008,BOS,MA,ANE,EN,Towers with Radar,527,476,70,0,1073,0,0,0,0,0,527,476,70,0,1073,0,0,0,1073
09/18/2008,BOS,MA,ANE,EN,Towers with Radar,536,513,87,2,1138,0,0,0,0,0,536,513,87,2,1138,0,0,0,1138
09/19/2008,BOS,MA,ANE,EN,Towers with Radar,531,528,76,1,1136,0,0,0,0,0,531,528,76,1,1136,0,0,0,1136
09/20/2008,BOS,MA,ANE,EN,Towers with Radar,391,279,20,0,690,0,75,26,4,105,391,354,46,4,795,0,0,0,795
09/21/2008,BOS,MA,ANE,EN,Towers with Radar,449,469,41,2,961,0,0,0,0,0,449,469,41,2,961,0,0,0,961
09/22/2008,BOS,MA,ANE,EN,Towers with Radar,514,485,40,0,1039,0,10,18,3,31,514,495,58,3,1070,0,0,0,1070
09/23/2008,BOS,MA,ANE,EN,Towers with Radar,531,477,86,1,1095,0,0,0,0,0,531,477,86,1,1095,0,0,0,1095
09/24/2008,BOS,MA,ANE,EN,Towers with Radar,528,457,61,2,1048,0,0,0,0,0,528,457,61,2,1048,0,0,0,1048
09/25/2008,BOS,MA,ANE,EN,Towers with Radar,531,416,54,0,1001,0,76,33,0,109,531,492,87,0,1110,0,0,0,1110
09/26/2008,BOS,MA,ANE,EN,Towers with Radar,517,435,23,0,975,0,2,0,0,2,517,437,23,0,977,0,0,0,977
09/27/2008,BOS,MA,ANE,EN,Towers with Radar,396,308,14,1,719,0,0,0,0,0,396,308,14,1,719,0,0,0,719
09/28/2008,BOS,MA,ANE,EN,Towers with Radar,452,367,23,0,842,0,2,0,0,2,452,369,23,0,844,0,0,0,844
09/29/2008,BOS,MA,ANE,EN,Towers with Radar,521,444,40,1,1006,0,26,18,0,44,521,470,58,1,1050,0,0,0,1050
09/30/2008,BOS,MA,ANE,EN,Towers with Radar,523,430,53,0,1006,0,4,18,0,22,523,434,71,0,1028,0,0,0,1028
10/01/2008,BOS,MA,ANE,EN,Towers with Radar,527,435,58,0,1020,0,10,4,0,14,527,445,62,0,1034,0,0,0,1034
10/02/2008,BOS,MA,ANE,EN,Towers with Radar,539,420,47,0,1006,0,59,13,0,72,539,479,60,0,1078,0,0,0,1078
10/03/2008,BOS,MA,ANE,EN,Towers with Radar,531,414,44,0,989,0,79,18,4,101,531,493,62,4,1090,0,0,0,1090
10/04/2008,BOS,MA,ANE,EN,Towers with Radar,386,267,11,0,664,0,62,41,1,104,386,329,52,1,768,0,0,0,768
10/05/2008,BOS,MA,ANE,EN,Towers with Radar,455,381,29,0,865,0,59,22,0,81,455,440,51,0,946,0,0,0,946
10/06/2008,BOS,MA,ANE,EN,Towers with Radar,513,395,40,0,948,0,66,23,1,90,513,461,63,1,1038,0,0,0,1038
10/07/2008,BOS,MA,ANE,EN,Towers with Radar,528,380,45,0,953,0,80,37,0,117,528,460,82,0,1070,0,0,0,1070
10/08/2008,BOS,MA,ANE,EN,Towers with Radar,524,383,48,1,956,0,72,25,0,97,524,455,73,1,1053,0,0,0,1053
10/09/2008,BOS,MA,ANE,EN,Towers with Radar,543,445,40,0,1028,0,35,15,0,50,543,480,55,0,1078,0,0,0,1078
10/10/2008,BOS,MA,ANE,EN,Towers with Radar,537,414,38,2,991,0,109,21,0,130,537,523,59,2,1121,0,0,0,1121
10/11/2008,BOS,MA,ANE,EN,Towers with Radar,395,265,20,0,680,0,72,23,1,96,395,337,43,1,776,0,0,0,776
10/12/2008,BOS,MA,ANE,EN,Towers with Radar,454,338,37,0,829,0,98,30,2,130,454,436,67,2,959,0,0,0,959
10/13/2008,BOS,MA,ANE,EN,Towers with Radar,516,435,60,0,1011,0,96,30,0,126,516,531,90,0,1137,0,0,0,1137
10/14/2008,BOS,MA,ANE,EN,Towers with Radar,533,389,65,0,987,0,47,34,1,82,533,436,99,1,1069,0,0,0,1069
10/15/2008,BOS,MA,ANE,EN,Towers with Radar,523,415,76,0,1014,0,40,26,0,66,523,455,102,0,1080,0,0,0,1080
10/16/2008,BOS,MA,ANE,EN,Towers with Radar,536,447,78,0,1061,0,26,13,1,40,536,473,91,1,1101,0,0,0,1101
10/17/2008,BOS,MA,ANE,EN,Towers with Radar,547,435,62,0,1044,0,59,35,1,95,547,494,97,1,1139,0,0,0,1139
10/18/2008,BOS,MA,ANE,EN,Towers with Radar,391,314,51,2,758,0,41,22,1,64,391,355,73,3,822,0,0,0,822
10/19/2008,BOS,MA,ANE,EN,Towers with Radar,456,381,52,0,889,0,51,30,1,82,456,432,82,1,971,0,0,0,971
10/20/2008,BOS,MA,ANE,EN,Towers with Radar,520,406,44,2,972,0,54,31,1,86,520,460,75,3,1058,0,0,0,1058
10/21/2008,BOS,MA,ANE,EN,Towers with Radar,524,395,53,2,974,0,44,23,0,67,524,439,76,2,1041,0,0,0,1041
10/22/2008,BOS,MA,ANE,EN,Towers with Radar,517,442,35,0,994,0,0,8,0,8,517,442,43,0,1002,0,0,0,1002
10/23/2008,BOS,MA,ANE,EN,Towers with Radar,538,431,28,0,997,0,43,17,0,60,538,474,45,0,1057,0,0,0,1057
10/24/2008,BOS,MA,ANE,EN,Towers with Radar,527,487,58,2,1074,0,0,0,0,0,527,487,58,2,1074,0,0,0,1074
10/25/2008,BOS,MA,ANE,EN,Towers with Radar,394,260,11,0,665,0,36,12,1,49,394,296,23,1,714,0,0,0,714
10/26/2008,BOS,MA,ANE,EN,Towers with Radar,451,362,18,0,831,0,37,19,0,56,451,399,37,0,887,0,0,0,887
10/27/2008,BOS,MA,ANE,EN,Towers with Radar,506,397,37,0,940,0,60,22,2,84,506,457,59,2,1024,0,0,0,1024
10/28/2008,BOS,MA,ANE,EN,Towers with Radar,496,391,44,2,933,0,7,1,0,8,496,398,45,2,941,0,0,0,941
10/29/2008,BOS,MA,ANE,EN,Towers with Radar,522,402,54,0,978,0,32,4,0,36,522,434,58,0,1014,0,0,0,1014
10/30/2008,BOS,MA,ANE,EN,Towers with Radar,532,412,32,0,976,0,43,31,0,74,532,455,63,0,1050,0,0,0,1050
10/31/2008,BOS,MA,ANE,EN,Towers with Radar,522,399,31,0,952,0,57,27,0,84,522,456,58,0,1036,0,0,0,1036
11/01/2008,BOS,MA,ANE,EN,Towers with Radar,385,253,15,0,653,0,42,7,0,49,385,295,22,0,702,0,0,0,702
11/02/2008,BOS,MA,ANE,EN,Towers with Radar,430,292,17,0,739,0,69,18,2,89,430,361,35,2,828,0,0,0,828
11/03/2008,BOS,MA,ANE,EN,Towers with Radar,506,403,43,0,952,0,23,18,0,41,506,426,61,0,993,0,0,0,993
11/04/2008,BOS,MA,ANE,EN,Towers with Radar,501,375,39,0,915,1,47,21,1,70,502,422,60,1,985,0,0,0,985
11/05/2008,BOS,MA,ANE,EN,Towers with Radar,506,397,58,0,961,0,46,14,0,60,506,443,72,0,1021,0,0,0,1021
11/06/2008,BOS,MA,ANE,EN,Towers with Radar,501,411,38,0,950,0,0,1,0,1,501,411,39,0,951,0,0,0,951
11/07/2008,BOS,MA,ANE,EN,Towers with Radar,534,432,29,1,996,0,0,0,0,0,534,432,29,1,996,0,0,0,996
11/08/2008,BOS,MA,ANE,EN,Towers with Radar,393,298,19,1,711,0,0,0,0,0,393,298,19,1,711,0,0,0,711
11/09/2008,BOS,MA,ANE,EN,Towers with Radar,438,326,31,1,796,0,43,22,0,65,438,369,53,1,861,0,0,0,861
11/10/2008,BOS,MA,ANE,EN,Towers with Radar,502,390,31,0,923,0,45,31,1,77,502,435,62,1,1000,0,0,0,1000
11/11/2008,BOS,MA,ANE,EN,Towers with Radar,504,367,58,0,929,0,37,22,0,59,504,404,80,0,988,0,0,0,988
11/12/2008,BOS,MA,ANE,EN,Towers with Radar,507,377,37,0,921,0,52,27,4,83,507,429,64,4,1004,0,0,0,1004
11/13/2008,BOS,MA,ANE,EN,Towers with Radar,513,399,44,1,957,0,29,6,1,36,513,428,50,2,993,0,0,0,993
11/14/2008,BOS,MA,ANE,EN,Towers with Radar,508,444,41,1,994,0,0,0,0,0,508,444,41,1,994,0,0,0,994
11/15/2008,BOS,MA,ANE,EN,Towers with Radar,390,279,9,1,679,0,0,0,0,0,390,279,9,1,679,0,0,0,679
11/16/2008,BOS,MA,ANE,EN,Towers with Radar,424,359,13,0,796,0,26,5,0,31,424,385,18,0,827,0,0,0,827
11/17/2008,BOS,MA,ANE,EN,Towers with Radar,502,400,34,0,936,0,40,14,0,54,502,440,48,0,990,0,0,0,990
11/18/2008,BOS,MA,ANE,EN,Towers with Radar,500,367,43,0,910,0,41,15,1,57,500,408,58,1,967,0,0,0,967
11/19/2008,BOS,MA,ANE,EN,Towers with Radar,499,395,44,3,941,0,40,26,0,66,499,435,70,3,1007,0,0,0,1007
11/20/2008,BOS,MA,ANE,EN,Towers with Radar,537,417,49,0,1003,0,40,23,0,63,537,457,72,0,1066,0,0,0,1066
11/21/2008,BOS,MA,ANE,EN,Towers with Radar,528,410,33,0,971,1,51,25,0,77,529,461,58,0,1048,0,0,0,1048
11/22/2008,BOS,MA,ANE,EN,Towers with Radar,422,273,13,0,708,0,32,11,0,43,422,305,24,0,751,0,0,0,751
11/23/2008,BOS,MA,ANE,EN,Towers with Radar,453,307,21,0,781,0,56,6,0,62,453,363,27,0,843,0,0,0,843
11/24/2008,BOS,MA,ANE,EN,Towers with Radar,517,366,22,0,905,0,48,13,0,61,517,414,35,0,966,0,0,0,966
11/25/2008,BOS,MA,ANE,EN,Towers with Radar,538,381,26,0,945,0,3,0,0,3,538,384,26,0,948,0,0,0,948
11/26/2008,BOS,MA,ANE,EN,Towers with Radar,563,406,18,2,989,0,71,18,0,89,563,477,36,2,1078,0,0,0,1078
11/27/2008,BOS,MA,ANE,EN,Towers with Radar,331,213,5,0,549,0,38,20,0,58,331,251,25,0,607,0,0,0,607
11/28/2008,BOS,MA,ANE,EN,Towers with Radar,360,256,13,0,629,0,31,5,0,36,360,287,18,0,665,0,0,0,665
11/29/2008,BOS,MA,ANE,EN,Towers with Radar,433,296,12,0,741,0,55,16,2,73,433,351,28,2,814,0,0,0,814
11/30/2008,BOS,MA,ANE,EN,Towers with Radar,470,365,25,0,860,0,32,2,0,34,470,397,27,0,894,0,0,0,894
12/01/2008,BOS,MA,ANE,EN,Towers with Radar,564,446,32,1,1043,0,24,12,0,36,564,470,44,1,1079,0,0,0,1079
12/02/2008,BOS,MA,ANE,EN,Towers with Radar,545,381,40,0,966,0,45,6,0,51,545,426,46,0,1017,0,0,0,1017
12/03/2008,BOS,MA,ANE,EN,Towers with Radar,505,385,35,0,925,0,61,31,3,95,505,446,66,3,1020,0,0,0,1020
12/04/2008,BOS,MA,ANE,EN,Towers with Radar,522,412,34,0,968,0,52,18,0,70,522,464,52,0,1038,0,0,0,1038
12/05/2008,BOS,MA,ANE,EN,Towers with Radar,520,407,16,0,943,1,69,22,2,94,521,476,38,2,1037,0,0,0,1037
12/06/2008,BOS,MA,ANE,EN,Towers with Radar,377,240,12,0,629,1,39,7,0,47,378,279,19,0,676,0,0,0,676
12/07/2008,BOS,MA,ANE,EN,Towers with Radar,443,371,14,0,828,0,1,0,0,1,443,372,14,0,829,0,0,0,829
12/08/2008,BOS,MA,ANE,EN,Towers with Radar,487,384,37,0,908,1,66,13,0,80,488,450,50,0,988,0,0,0,988
12/09/2008,BOS,MA,ANE,EN,Towers with Radar,484,380,58,0,922,0,29,6,0,35,484,409,64,0,957,0,0,0,957
12/10/2008,BOS,MA,ANE,EN,Towers with Radar,485,387,61,0,933,0,4,0,0,4,485,391,61,0,937,0,0,0,937
12/11/2008,BOS,MA,ANE,EN,Towers with Radar,501,378,44,2,925,0,0,0,0,0,501,378,44,2,925,0,0,0,925
12/12/2008,BOS,MA,ANE,EN,Towers with Radar,509,394,25,0,928,0,13,7,0,20,509,407,32,0,948,0,0,0,948
12/13/2008,BOS,MA,ANE,EN,Towers with Radar,399,232,7,1,639,0,47,21,2,70,399,279,28,3,709,0,0,0,709
12/14/2008,BOS,MA,ANE,EN,Towers with Radar,441,299,13,0,753,0,49,20,0,69,441,348,33,0,822,0,0,0,822
12/15/2008,BOS,MA,ANE,EN,Towers with Radar,492,401,32,0,925,0,24,1,5,30,492,425,33,5,955,0,0,0,955
12/16/2008,BOS,MA,ANE,EN,Towers with Radar,502,367,37,0,906,1,1,0,1,3,503,368,37,1,909,0,0,0,909
12/17/2008,BOS,MA,ANE,EN,Towers with Radar,527,382,21,0,930,0,0,1,0,1,527,382,22,0,931,0,0,0,931
12/18/2008,BOS,MA,ANE,EN,Towers with Radar,543,400,36,0,979,0,42,20,3,65,543,442,56,3,1044,0,0,0,1044
12/19/2008,BOS,MA,ANE,EN,Towers with Radar,388,199,3,0,590,0,10,12,0,22,388,209,15,0,612,0,0,0,612
12/20/2008,BOS,MA,ANE,EN,Towers with Radar,412,246,15,0,673,0,0,0,0,0,412,246,15,0,673,0,0,0,673
12/21/2008,BOS,MA,ANE,EN,Towers with Radar,348,133,18,0,499,0,0,0,0,0,348,133,18,0,499,0,0,0,499
12/22/2008,BOS,MA,ANE,EN,Towers with Radar,499,306,20,0,825,0,31,7,3,41,499,337,27,3,866,0,0,0,866
12/23/2008,BOS,MA,ANE,EN,Towers with Radar,533,370,25,0,928,0,51,16,5,72,533,421,41,5,1000,0,0,0,1000
12/24/2008,BOS,MA,ANE,EN,Towers with Radar,416,302,7,0,725,0,0,5,0,5,416,302,12,0,730,0,0,0,730
12/25/2008,BOS,MA,ANE,EN,Towers with Radar,381,234,5,0,620,0,42,2,0,44,381,276,7,0,664,0,0,0,664
12/26/2008,BOS,MA,ANE,EN,Towers with Radar,452,333,13,0,798,0,45,11,0,56,452,378,24,0,854,0,0,0,854
12/27/2008,BOS,MA,ANE,EN,Towers with Radar,419,320,7,0,746,0,4,2,0,6,419,324,9,0,752,0,0,0,752
12/28/2008,BOS,MA,ANE,EN,Towers with Radar,460,339,13,0,812,0,1,0,0,1,460,340,13,0,813,0,0,0,813
12/29/2008,BOS,MA,ANE,EN,Towers with Radar,461,330,15,0,806,0,39,10,5,54,461,369,25,5,860,0,0,0,860
12/30/2008,BOS,MA,ANE,EN,Towers with Radar,483,323,3,0,809,0,44,4,1,49,483,367,7,1,858,0,0,0,858
12/31/2008,BOS,MA,ANE,EN,Towers with Radar,353,182,3,0,538,0,6,1,0,7,353,188,4,0,545,0,0,0,545
01/01/2009,BOS,MA,ANE,EN,Towers with Radar,386,253,3,0,642,0,42,3,0,45,386,295,6,0,687,0,0,0,687
01/02/2009,BOS,MA,ANE,EN,Towers with Radar,462,345,10,0,817,0,40,15,0,55,462,385,25,0,872,0,0,0,872
01/03/2009,BOS,MA,ANE,EN,Towers with Radar,428,286,8,0,722,0,36,13,0,49,428,322,21,0,771,0,0,0,771
01/04/2009,BOS,MA,ANE,EN,Towers with Radar,471,316,8,0,795,0,62,14,2,78,471,378,22,2,873,0,0,0,873
01/05/2009,BOS,MA,ANE,EN,Towers with Radar,518,389,9,0,916,0,34,8,0,42,518,423,17,0,958,0,0,0,958
01/06/2009,BOS,MA,ANE,EN,Towers with Radar,489,349,25,0,863,0,43,15,1,59,489,392,40,1,922,0,0,0,922
01/07/2009,BOS,MA,ANE,EN,Towers with Radar,432,292,20,0,744,0,0,0,0,0,432,292,20,0,744,0,0,0,744
01/08/2009,BOS,MA,ANE,EN,Towers with Radar,503,394,21,0,918,0,28,4,0,32,503,422,25,0,950,0,0,0,950
01/09/2009,BOS,MA,ANE,EN,Towers with Radar,509,364,13,0,886,0,56,32,1,89,509,420,45,1,975,0,0,0,975
01/10/2009,BOS,MA,ANE,EN,Towers with Radar,365,214,4,0,583,0,52,6,0,58,365,266,10,0,641,0,0,0,641
01/11/2009,BOS,MA,ANE,EN,Towers with Radar,400,300,11,0,711,0,3,0,0,3,400,303,11,0,714,0,0,0,714
01/12/2009,BOS,MA,ANE,EN,Towers with Radar,482,389,30,1,902,0,31,13,2,46,482,420,43,3,948,0,0,0,948
01/13/2009,BOS,MA,ANE,EN,Towers with Radar,485,376,41,0,902,0,30,9,2,41,485,406,50,2,943,0,0,0,943
01/14/2009,BOS,MA,ANE,EN,Towers with Radar,486,375,23,0,884,0,48,13,0,61,486,423,36,0,945,0,0,0,945
01/15/2009,BOS,MA,ANE,EN,Towers with Radar,486,388,23,0,897,0,14,21,0,35,486,402,44,0,932,0,0,0,932
01/16/2009,BOS,MA,ANE,EN,Towers with Radar,495,378,16,0,889,1,59,20,0,80,496,437,36,0,969,0,0,0,969
01/17/2009,BOS,MA,ANE,EN,Towers with Radar,384,234,4,0,622,0,47,12,1,60,384,281,16,1,682,0,0,0,682
01/18/2009,BOS,MA,ANE,EN,Towers with Radar,346,198,6,0,550,0,1,1,0,2,346,199,7,0,552,0,0,0,552
01/19/2009,BOS,MA,ANE,EN,Towers with Radar,467,381,17,0,865,1,11,9,0,21,468,392,26,0,886,0,0,0,886
01/20/2009,BOS,MA,ANE,EN,Towers with Radar,494,373,24,0,891,0,16,7,1,24,494,389,31,1,915,0,0,0,915
01/21/2009,BOS,MA,ANE,EN,Towers with Radar,489,374,18,0,881,1,46,29,0,76,490,420,47,0,957,0,0,0,957
01/22/2009,BOS,MA,ANE,EN,Towers with Radar,509,397,26,0,932,0,43,20,1,64,509,440,46,1,996,0,0,0,996
01/23/2009,BOS,MA,ANE,EN,Towers with Radar,512,386,25,0,923,0,37,10,0,47,512,423,35,0,970,0,0,0,970
01/24/2009,BOS,MA,ANE,EN,Towers with Radar,383,250,11,0,644,0,44,7,0,51,383,294,18,0,695,0,0,0,695
01/25/2009,BOS,MA,ANE,EN,Towers with Radar,433,288,17,0,738,0,55,11,2,68,433,343,28,2,806,0,0,0,806
01/26/2009,BOS,MA,ANE,EN,Towers with Radar,482,372,33,0,887,0,45,27,1,73,482,417,60,1,960,0,0,0,960
01/27/2009,BOS,MA,ANE,EN,Towers with Radar,466,350,40,0,856,0,58,19,0,77,466,408,59,0,933,0,0,0,933
01/28/2009,BOS,MA,ANE,EN,Towers with Radar,363,215,18,0,596,0,0,0,0,0,363,215,18,0,596,0,0,0,596
01/29/2009,BOS,MA,ANE,EN,Towers with Radar,516,363,37,0,916,0,46,28,0,74,516,409,65,0,990,0,0,0,990
01/30/2009,BOS,MA,ANE,EN,Towers with Radar,511,377,35,0,923,0,46,27,2,75,511,423,62,2,998,0,0,0,998
01/31/2009,BOS,MA,ANE,EN,Towers with Radar,383,242,14,0,639,0,43,24,0,67,383,285,38,0,706,0,0,0,706
02/01/2009,BOS,MA,ANE,EN,Towers with Radar,433,302,19,0,754,0,32,15,2,49,433,334,34,2,803,0,0,0,803
02/02/2009,BOS,MA,ANE,EN,Towers with Radar,475,386,33,0,894,0,43,13,0,56,475,429,46,0,950,0,0,0,950
02/03/2009,BOS,MA,ANE,EN,Towers with Radar,389,285,25,2,701,0,1,2,0,3,389,286,27,2,704,0,0,0,704
02/04/2009,BOS,MA,ANE,EN,Towers with Radar,501,379,46,0,926,1,34,12,0,47,502,413,58,0,973,0,0,0,973
02/05/2009,BOS,MA,ANE,EN,Towers with Radar,519,361,50,0,930,0,59,20,0,79,519,420,70,0,1009,0,0,0,1009
02/06/2009,BOS,MA,ANE,EN,Towers with Radar,525,371,41,0,937,0,60,26,0,86,525,431,67,0,1023,0,0,0,1023
02/07/2009,BOS,MA,ANE,EN,Towers with Radar,384,236,8,0,628,0,47,8,2,57,384,283,16,2,685,0,0,0,685
02/08/2009,BOS,MA,ANE,EN,Towers with Radar,432,312,13,1,758,0,40,5,0,45,432,352,18,1,803,0,0,0,803
02/09/2009,BOS,MA,ANE,EN,Towers with Radar,488,367,50,0,905,0,56,15,0,71,488,423,65,0,976,0,0,0,976
02/10/2009,BOS,MA,ANE,EN,Towers with Radar,486,368,34,0,888,0,40,9,1,50,486,408,43,1,938,0,0,0,938
02/11/2009,BOS,MA,ANE,EN,Towers with Radar,490,372,56,0,918,0,32,6,0,38,490,404,62,0,956,0,0,0,956
02/12/2009,BOS,MA,ANE,EN,Towers with Radar,540,391,41,0,972,0,28,2,0,30,540,419,43,0,1002,0,0,0,1002
02/13/2009,BOS,MA,ANE,EN,Towers with Radar,566,387,26,0,979,0,62,11,0,73,566,449,37,0,1052,0,0,0,1052
02/14/2009,BOS,MA,ANE,EN,Towers with Radar,456,226,10,0,692,0,61,13,4,78,456,287,23,4,770,0,0,0,770
02/15/2009,BOS,MA,ANE,EN,Towers with Radar,479,290,6,0,775,0,59,11,2,72,479,349,17,2,847,0,0,0,847
02/16/2009,BOS,MA,ANE,EN,Towers with Radar,512,366,16,0,894,0,39,17,2,58,512,405,33,2,952,0,0,0,952
02/17/2009,BOS,MA,ANE,EN,Towers with Radar,529,353,18,0,900,0,51,14,0,65,529,404,32,0,965,0,0,0,965
02/18/2009,BOS,MA,ANE,EN,Towers with Radar,539,370,41,0,950,1,35,16,0,52,540,405,57,0,1002,0,0,0,1002
02/19/2009,BOS,MA,ANE,EN,Towers with Radar,552,387,39,0,978,0,8,5,0,13,552,395,44,0,991,0,0,0,991
02/20/2009,BOS,MA,ANE,EN,Towers with Radar,563,368,29,0,960,0,33,15,0,48,563,401,44,0,1008,0,0,0,1008
02/21/2009,BOS,MA,ANE,EN,Towers with Radar,455,245,14,2,716,0,48,12,2,62,455,293,26,4,778,0,0,0,778
02/22/2009,BOS,MA,ANE,EN,Towers with Radar,481,321,16,0,818,0,13,5,0,18,481,334,21,0,836,0,0,0,836
02/23/2009,BOS,MA,ANE,EN,Towers with Radar,530,387,23,0,940,0,31,10,0,41,530,418,33,0,981,0,0,0,981
02/24/2009,BOS,MA,ANE,EN,Towers with Radar,532,357,47,0,936,0,0,50,21,71,532,357,97,21,1007,0,0,0,1007
02/25/2009,BOS,MA,ANE,EN,Towers with Radar,548,372,27,0,947,0,59,11,0,70,548,431,38,0,1017,0,0,0,1017
02/26/2009,BOS,MA,ANE,EN,Towers with Radar,552,386,39,0,977,0,31,13,1,45,552,417,52,1,1022,0,0,0,1022
02/27/2009,BOS,MA,ANE,EN,Towers with Radar,546,386,27,2,961,0,36,7,0,43,546,422,34,2,1004,0,0,0,1004
02/28/2009,BOS,MA,ANE,EN,Towers with Radar,445,259,6,0,710,0,33,27,0,60,445,292,33,0,770,0,0,0,770
03/01/2009,BOS,MA,ANE,EN,Towers with Radar,404,298,18,0,720,0,0,5,0,5,404,298,23,0,725,0,0,0,725
03/02/2009,BOS,MA,ANE,EN,Towers with Radar,331,132,11,0,474,0,0,4,0,4,331,132,15,0,478,0,0,0,478
03/03/2009,BOS,MA,ANE,EN,Towers with Radar,535,374,54,0,963,0,45,13,0,58,535,419,67,0,1021,0,0,0,1021
03/04/2009,BOS,MA,ANE,EN,Towers with Radar,548,368,45,0,961,1,54,19,0,74,549,422,64,0,1035,0,0,0,1035
03/05/2009,BOS,MA,ANE,EN,Towers with Radar,551,365,33,0,949,0,66,32,0,98,551,431,65,0,1047,0,0,0,1047
03/06/2009,BOS,MA,ANE,EN,Towers with Radar,557,406,40,0,1003,0,37,12,3,52,557,443,52,3,1055,0,0,0,1055
03/07/2009,BOS,MA,ANE,EN,Towers with Radar,438,242,10,0,690,0,55,13,0,68,438,297,23,0,758,0,0,0,758
03/08/2009,BOS,MA,ANE,EN,Towers with Radar,472,318,10,0,800,0,35,6,2,43,472,353,16,2,843,0,0,0,843
03/09/2009,BOS,MA,ANE,EN,Towers with Radar,500,391,18,0,909,0,1,1,0,2,500,392,19,0,911,0,0,0,911
03/10/2009,BOS,MA,ANE,EN,Towers with Radar,527,366,33,0,926,0,43,21,2,66,527,409,54,2,992,0,0,0,992
03/11/2009,BOS,MA,ANE,EN,Towers with Radar,532,396,57,6,991,0,1,1,0,2,532,397,58,6,993,0,0,0,993
03/12/2009,BOS,MA,ANE,EN,Towers with Radar,563,373,45,0,981,1,46,28,0,75,564,419,73,0,1056,0,0,0,1056
03/13/2009,BOS,MA,ANE,EN,Towers with Radar,560,382,25,0,967,0,65,30,1,96,560,447,55,1,1063,0,0,0,1063
03/14/2009,BOS,MA,ANE,EN,Towers with Radar,427,232,26,0,685,0,65,32,0,97,427,297,58,0,782,0,0,0,782
03/15/2009,BOS,MA,ANE,EN,Towers with Radar,484,299,12,1,796,1,64,27,0,92,485,363,39,1,888,0,0,0,888
03/16/2009,BOS,MA,ANE,EN,Towers with Radar,532,407,47,0,986,0,9,23,0,32,532,416,70,0,1018,0,0,0,1018
03/17/2009,BOS,MA,ANE,EN,Towers with Radar,534,362,74,0,970,0,57,18,3,78,534,419,92,3,1048,0,0,0,1048
03/18/2009,BOS,MA,ANE,EN,Towers with Radar,556,384,68,2,1010,0,48,27,0,75,556,432,95,2,1085,0,0,0,1085
03/19/2009,BOS,MA,ANE,EN,Towers with Radar,551,410,46,2,1009,0,22,9,0,31,551,432,55,2,1040,0,0,0,1040
03/20/2009,BOS,MA,ANE,EN,Towers with Radar,559,374,24,0,957,0,51,26,0,77,559,425,50,0,1034,0,0,0,1034
03/21/2009,BOS,MA,ANE,EN,Towers with Radar,426,236,7,0,669,0,57,16,1,74,426,293,23,1,743,0,0,0,743
03/22/2009,BOS,MA,ANE,EN,Towers with Radar,493,321,14,0,828,0,36,7,2,45,493,357,21,2,873,0,0,0,873
03/23/2009,BOS,MA,ANE,EN,Towers with Radar,531,379,35,0,945,0,45,10,1,56,531,424,45,1,1001,0,0,0,1001
03/24/2009,BOS,MA,ANE,EN,Towers with Radar,542,368,33,0,943,0,49,9,0,58,542,417,42,0,1001,0,0,0,1001
03/25/2009,BOS,MA,ANE,EN,Towers with Radar,548,370,36,0,954,0,63,23,0,86,548,433,59,0,1040,0,0,0,1040
03/26/2009,BOS,MA,ANE,EN,Towers with Radar,552,394,46,1,993,0,46,17,1,64,552,440,63,2,1057,0,0,0,1057
03/27/2009,BOS,MA,ANE,EN,Towers with Radar,548,437,20,0,1005,1,16,15,0,32,549,453,35,0,1037,0,0,0,1037
03/28/2009,BOS,MA,ANE,EN,Towers with Radar,439,301,13,0,753,0,1,0,0,1,439,302,13,0,754,0,0,0,754
03/29/2009,BOS,MA,ANE,EN,Towers with Radar,453,308,12,0,773,0,0,1,0,1,453,308,13,0,774,0,0,0,774
03/30/2009,BOS,MA,ANE,EN,Towers with Radar,552,413,32,0,997,0,2,5,0,7,552,415,37,0,1004,0,0,0,1004
03/31/2009,BOS,MA,ANE,EN,Towers with Radar,547,377,47,0,971,0,42,19,0,61,547,419,66,0,1032,0,0,0,1032
04/01/2009,BOS,MA,ANE,EN,Towers with Radar,550,413,44,0,1007,0,11,19,2,32,550,424,63,2,1039,0,0,0,1039
04/02/2009,BOS,MA,ANE,EN,Towers with Radar,559,428,42,0,1029,0,1,0,0,1,559,429,42,0,1030,0,0,0,1030
04/03/2009,BOS,MA,ANE,EN,Towers with Radar,513,341,18,0,872,0,0,0,0,0,513,341,18,0,872,0,0,0,872
04/04/2009,BOS,MA,ANE,EN,Towers with Radar,443,293,20,0,756,0,21,4,0,25,443,314,24,0,781,0,0,0,781
04/05/2009,BOS,MA,ANE,EN,Towers with Radar,478,323,12,1,814,0,45,18,0,63,478,368,30,1,877,0,0,0,877
04/06/2009,BOS,MA,ANE,EN,Towers with Radar,495,344,26,1,866,1,20,12,0,33,496,364,38,1,899,0,0,0,899
04/07/2009,BOS,MA,ANE,EN,Towers with Radar,560,417,31,0,1008,0,15,5,0,20,560,432,36,0,1028,0,0,0,1028
04/08/2009,BOS,MA,ANE,EN,Towers with Radar,560,380,40,0,980,0,35,21,1,57,560,415,61,1,1037,0,0,0,1037
04/09/2009,BOS,MA,ANE,EN,Towers with Radar,566,385,48,0,999,0,55,17,0,72,566,440,65,0,1071,0,0,0,1071
04/10/2009,BOS,MA,ANE,EN,Towers with Radar,543,385,19,0,947,0,49,11,0,60,543,434,30,0,1007,0,0,0,1007
04/11/2009,BOS,MA,ANE,EN,Towers with Radar,446,310,7,0,763,0,0,0,0,0,446,310,7,0,763,0,0,0,763
04/12/2009,BOS,MA,ANE,EN,Towers with Radar,489,320,17,0,826,0,0,0,0,0,489,320,17,0,826,0,0,0,826
04/13/2009,BOS,MA,ANE,EN,Towers with Radar,555,373,26,0,954,0,54,29,4,87,555,427,55,4,1041,0,0,0,1041
04/14/2009,BOS,MA,ANE,EN,Towers with Radar,556,347,29,0,932,1,58,13,4,76,557,405,42,4,1008,0,0,0,1008
04/15/2009,BOS,MA,ANE,EN,Towers with Radar,571,362,33,0,966,0,66,24,0,90,571,428,57,0,1056,0,0,0,1056
04/16/2009,BOS,MA,ANE,EN,Towers with Radar,595,384,50,1,1030,1,60,36,4,101,596,444,86,5,1131,0,0,0,1131
04/17/2009,BOS,MA,ANE,EN,Towers with Radar,590,363,39,2,994,0,72,27,0,99,590,435,66,2,1093,0,0,0,1093
04/18/2009,BOS,MA,ANE,EN,Towers with Radar,483,280,24,0,787,0,52,13,0,65,483,332,37,0,852,0,0,0,852
04/19/2009,BOS,MA,ANE,EN,Towers with Radar,500,313,20,0,833,0,59,17,1,77,500,372,37,1,910,0,0,0,910
04/20/2009,BOS,MA,ANE,EN,Towers with Radar,561,368,27,0,956,0,46,15,1,62,561,414,42,1,1018,0,0,0,1018
04/21/2009,BOS,MA,ANE,EN,Towers with Radar,546,411,37,2,996,0,0,0,1,1,546,411,37,3,997,0,0,0,997
04/22/2009,BOS,MA,ANE,EN,Towers with Radar,569,405,35,0,1009,1,16,14,2,33,570,421,49,2,1042,0,0,0,1042
04/23/2009,BOS,MA,ANE,EN,Towers with Radar,580,387,32,4,1003,0,48,7,1,56,580,435,39,5,1059,0,0,0,1059
04/24/2009,BOS,MA,ANE,EN,Towers with Radar,581,366,19,0,966,0,79,31,2,112,581,445,50,2,1078,0,0,0,1078
04/25/2009,BOS,MA,ANE,EN,Towers with Radar,459,262,11,0,732,0,61,10,1,72,459,323,21,1,804,0,0,0,804
04/26/2009,BOS,MA,ANE,EN,Towers with Radar,516,319,17,0,852,0,66,24,2,92,516,385,41,2,944,0,0,0,944
04/27/2009,BOS,MA,ANE,EN,Towers with Radar,567,377,35,1,980,0,66,24,0,90,567,443,59,1,1070,0,0,0,1070
04/28/2009,BOS,MA,ANE,EN,Towers with Radar,557,360,42,0,959,0,65,25,2,92,557,425,67,2,1051,0,0,0,1051
04/29/2009,BOS,MA,ANE,EN,Towers with Radar,553,362,45,0,960,0,64,14,2,80,553,426,59,2,1040,0,0,0,1040
04/30/2009,BOS,MA,ANE,EN,Towers with Radar,572,382,40,0,994,1,74,14,1,90,573,456,54,1,1084,0,0,0,1084
05/01/2009,BOS,MA,ANE,EN,Towers with Radar,531,441,39,0,1011,0,4,6,0,10,531,445,45,0,1021,0,0,0,1021
05/02/2009,BOS,MA,ANE,EN,Towers with Radar,413,294,26,0,733,0,34,14,4,52,413,328,40,4,785,0,0,0,785
05/03/2009,BOS,MA,ANE,EN,Towers with Radar,465,322,32,0,819,0,52,14,2,68,465,374,46,2,887,0,0,0,887
05/04/2009,BOS,MA,ANE,EN,Towers with Radar,528,394,50,0,972,0,57,5,0,62,528,451,55,0,1034,0,0,0,1034
05/05/2009,BOS,MA,ANE,EN,Towers with Radar,510,427,33,2,972,0,2,2,0,4,510,429,35,2,976,0,0,0,976
05/06/2009,BOS,MA,ANE,EN,Towers with Radar,512,421,46,3,982,0,15,12,0,27,512,436,58,3,1009,0,0,0,1009
05/07/2009,BOS,MA,ANE,EN,Towers with Radar,554,454,46,0,1054,0,2,0,0,2,554,456,46,0,1056,0,0,0,1056
05/08/2009,BOS,MA,ANE,EN,Towers with Radar,543,407,38,0,988,1,71,21,3,96,544,478,59,3,1084,0,0,0,1084
05/09/2009,BOS,MA,ANE,EN,Towers with Radar,419,311,18,0,748,0,17,12,1,30,419,328,30,1,778,0,0,0,778
05/10/2009,BOS,MA,ANE,EN,Towers with Radar,471,345,30,0,846,0,57,27,2,86,471,402,57,2,932,0,0,0,932
05/11/2009,BOS,MA,ANE,EN,Towers with Radar,528,384,50,0,962,0,71,38,3,112,528,455,88,3,1074,0,0,0,1074
05/12/2009,BOS,MA,ANE,EN,Towers with Radar,519,381,43,0,943,0,67,17,1,85,519,448,60,1,1028,0,0,0,1028
05/13/2009,BOS,MA,ANE,EN,Towers with Radar,516,380,50,1,947,0,72,22,3,97,516,452,72,4,1044,0,0,0,1044
05/14/2009,BOS,MA,ANE,EN,Towers with Radar,538,404,72,0,1014,1,55,14,2,72,539,459,86,2,1086,0,0,0,1086
05/15/2009,BOS,MA,ANE,EN,Towers with Radar,531,500,42,0,1073,0,30,17,0,47,531,530,59,0,1120,0,0,0,1120
05/16/2009,BOS,MA,ANE,EN,Towers with Radar,415,320,20,0,755,0,23,10,0,33,415,343,30,0,788,0,0,0,788
05/17/2009,BOS,MA,ANE,EN,Towers with Radar,478,417,55,1,951,0,49,20,2,71,478,466,75,3,1022,0,0,0,1022
05/18/2009,BOS,MA,ANE,EN,Towers with Radar,522,456,74,2,1054,0,57,37,0,94,522,513,111,2,1148,0,0,0,1148
05/19/2009,BOS,MA,ANE,EN,Towers with Radar,531,388,69,2,990,0,94,16,4,114,531,482,85,6,1104,0,0,0,1104
05/20/2009,BOS,MA,ANE,EN,Towers with Radar,521,371,46,0,938,0,94,22,4,120,521,465,68,4,1058,0,0,0,1058
05/21/2009,BOS,MA,ANE,EN,Towers with Radar,555,406,61,0,1022,0,147,38,1,186,555,553,99,1,1208,0,0,0,1208
05/22/2009,BOS,MA,ANE,EN,Towers with Radar,553,423,30,0,1006,0,198,44,5,247,553,621,74,5,1253,0,0,0,1253
05/23/2009,BOS,MA,ANE,EN,Towers with Radar,393,292,14,0,699,0,87,20,2,109,393,379,34,2,808,0,0,0,808
05/24/2009,BOS,MA,ANE,EN,Towers with Radar,403,349,16,0,768,0,42,9,0,51,403,391,25,0,819,0,0,0,819
05/25/2009,BOS,MA,ANE,EN,Towers with Radar,486,360,12,0,858,0,193,36,1,230,486,553,48,1,1088,0,0,0,1088
05/26/2009,BOS,MA,ANE,EN,Towers with Radar,531,373,26,0,930,1,123,33,1,158,532,496,59,1,1088,0,0,0,1088
05/27/2009,BOS,MA,ANE,EN,Towers with Radar,516,467,49,0,1032,0,3,1,0,4,516,470,50,0,1036,0,0,0,1036
05/28/2009,BOS,MA,ANE,EN,Towers with Radar,521,472,52,0,1045,0,0,1,0,1,521,472,53,0,1046,0,0,0,1046
05/29/2009,BOS,MA,ANE,EN,Towers with Radar,551,496,43,0,1090,0,0,4,0,4,551,496,47,0,1094,0,0,0,1094
05/30/2009,BOS,MA,ANE,EN,Towers with Radar,416,308,11,0,735,0,49,22,1,72,416,357,33,1,807,0,0,0,807
05/31/2009,BOS,MA,ANE,EN,Towers with Radar,472,366,18,0,856,0,102,19,0,121,472,468,37,0,977,0,0,0,977
06/01/2009,BOS,MA,ANE,EN,Towers with Radar,535,385,44,0,964,0,104,29,4,137,535,489,73,4,1101,0,0,0,1101
06/02/2009,BOS,MA,ANE,EN,Towers with Radar,541,410,64,3,1018,0,60,30,1,91,541,470,94,4,1109,0,0,0,1109
06/03/2009,BOS,MA,ANE,EN,Towers with Radar,522,418,53,0,993,0,80,28,0,108,522,498,81,0,1101,0,0,0,1101
06/04/2009,BOS,MA,ANE,EN,Towers with Radar,553,457,40,0,1050,0,81,18,1,100,553,538,58,1,1150,0,0,0,1150
06/05/2009,BOS,MA,ANE,EN,Towers with Radar,527,465,32,4,1028,0,39,13,1,53,527,504,45,5,1081,0,0,0,1081
06/06/2009,BOS,MA,ANE,EN,Towers with Radar,419,363,21,2,805,0,22,14,1,37,419,385,35,3,842,0,0,0,842
06/07/2009,BOS,MA,ANE,EN,Towers with Radar,475,363,10,1,849,0,98,15,4,117,475,461,25,5,966,0,0,0,966
06/08/2009,BOS,MA,ANE,EN,Towers with Radar,540,403,35,0,978,0,109,20,2,131,540,512,55,2,1109,0,0,0,1109
06/09/2009,BOS,MA,ANE,EN,Towers with Radar,517,421,44,0,982,0,29,4,2,35,517,450,48,2,1017,0,0,0,1017
06/10/2009,BOS,MA,ANE,EN,Towers with Radar,539,463,41,0,1043,0,0,1,0,1,539,463,42,0,1044,0,0,0,1044
06/11/2009,BOS,MA,ANE,EN,Towers with Radar,540,490,54,0,1084,1,1,0,2,4,541,491,54,2,1088,0,0,0,1088
06/12/2009,BOS,MA,ANE,EN,Towers with Radar,543,514,32,0,1089,0,14,3,0,17,543,528,35,0,1106,0,0,0,1106
06/13/2009,BOS,MA,ANE,EN,Towers with Radar,428,311,14,0,753,0,100,29,0,129,428,411,43,0,882,0,0,0,882
06/14/2009,BOS,MA,ANE,EN,Towers with Radar,473,438,17,0,928,0,46,10,1,57,473,484,27,1,985,0,0,0,985
06/15/2009,BOS,MA,ANE,EN,Towers with Radar,533,501,26,0,1060,0,6,3,0,9,533,507,29,0,1069,0,0,0,1069
06/16/2009,BOS,MA,ANE,EN,Towers with Radar,547,485,50,0,1082,0,40,31,4,75,547,525,81,4,1157,0,0,0,1157
06/17/2009,BOS,MA,ANE,EN,Towers with Radar,548,408,32,0,988,0,100,24,1,125,548,508,56,1,1113,0,0,0,1113
06/18/2009,BOS,MA,ANE,EN,Towers with Radar,534,429,44,0,1007,0,65,10,0,75,534,494,54,0,1082,0,0,0,1082
06/19/2009,BOS,MA,ANE,EN,Towers with Radar,562,557,24,1,1144,0,0,5,0,5,562,557,29,1,1149,0,0,0,1149
06/20/2009,BOS,MA,ANE,EN,Towers with Radar,423,384,20,0,827,0,39,25,0,64,423,423,45,0,891,0,0,0,891
06/21/2009,BOS,MA,ANE,EN,Towers with Radar,449,433,10,1,893,0,0,6,0,6,449,433,16,1,899,0,0,0,899
06/22/2009,BOS,MA,ANE,EN,Towers with Radar,529,443,29,3,1004,0,0,4,0,4,529,443,33,3,1008,0,0,0,1008
06/23/2009,BOS,MA,ANE,EN,Towers with Radar,553,488,40,1,1082,0,0,5,0,5,553,488,45,1,1087,0,0,0,1087
06/24/2009,BOS,MA,ANE,EN,Towers with Radar,562,502,40,0,1104,0,0,0,0,0,562,502,40,0,1104,0,0,0,1104
06/25/2009,BOS,MA,ANE,EN,Towers with Radar,566,520,38,0,1124,0,37,15,0,52,566,557,53,0,1176,0,0,0,1176
06/26/2009,BOS,MA,ANE,EN,Towers with Radar,559,465,25,0,1049,1,88,8,0,97,560,553,33,0,1146,0,0,0,1146
06/27/2009,BOS,MA,ANE,EN,Towers with Radar,427,422,14,1,864,0,30,17,0,47,427,452,31,1,911,0,0,0,911
06/28/2009,BOS,MA,ANE,EN,Towers with Radar,481,470,21,0,972,0,0,3,0,3,481,470,24,0,975,0,0,0,975
06/29/2009,BOS,MA,ANE,EN,Towers with Radar,564,537,35,0,1136,0,15,7,0,22,564,552,42,0,1158,0,0,0,1158
06/30/2009,BOS,MA,ANE,EN,Towers with Radar,518,459,29,0,1006,0,0,1,0,1,518,459,30,0,1007,0,0,0,1007
07/01/2009,BOS,MA,ANE,EN,Towers with Radar,566,455,17,0,1038,0,0,0,0,0,566,455,17,0,1038,0,0,0,1038
07/02/2009,BOS,MA,ANE,EN,Towers with Radar,537,428,13,0,978,0,0,0,0,0,537,428,13,0,978,0,0,0,978
07/03/2009,BOS,MA,ANE,EN,Towers with Radar,478,514,26,0,1018,0,73,12,1,86,478,587,38,1,1104,0,0,0,1104
07/04/2009,BOS,MA,ANE,EN,Towers with Radar,369,283,6,3,661,0,93,30,1,124,369,376,36,4,785,0,0,0,785
07/05/2009,BOS,MA,ANE,EN,Towers with Radar,495,349,14,1,859,0,203,36,1,240,495,552,50,2,1099,0,0,0,1099
07/06/2009,BOS,MA,ANE,EN,Towers with Radar,552,413,23,0,988,2,197,28,1,228,554,610,51,1,1216,0,0,0,1216
07/07/2009,BOS,MA,ANE,EN,Towers with Radar,533,442,30,1,1006,0,10,1,0,11,533,452,31,1,1017,0,0,0,1017
07/08/2009,BOS,MA,ANE,EN,Towers with Radar,566,514,38,0,1118,0,3,0,0,3,566,517,38,0,1121,0,0,0,1121
07/09/2009,BOS,MA,ANE,EN,Towers with Radar,564,499,39,0,1102,0,68,33,1,102,564,567,72,1,1204,0,0,0,1204
07/10/2009,BOS,MA,ANE,EN,Towers with Radar,561,404,22,0,987,1,169,32,4,206,562,573,54,4,1193,0,0,0,1193
07/11/2009,BOS,MA,ANE,EN,Towers with Radar,440,283,14,0,737,0,145,43,0,188,440,428,57,0,925,0,0,0,925
07/12/2009,BOS,MA,ANE,EN,Towers with Radar,489,435,36,0,960,0,88,19,0,107,489,523,55,0,1067,0,0,0,1067
07/13/2009,BOS,MA,ANE,EN,Towers with Radar,560,417,35,1,1013,0,144,22,3,169,560,561,57,4,1182,0,0,0,1182
07/14/2009,BOS,MA,ANE,EN,Towers with Radar,565,443,35,0,1043,0,114,29,3,146,565,557,64,3,1189,0,0,0,1189
07/15/2009,BOS,MA,ANE,EN,Towers with Radar,564,417,44,2,1027,0,126,27,0,153,564,543,71,2,1180,0,0,0,1180
07/16/2009,BOS,MA,ANE,EN,Towers with Radar,556,480,54,0,1090,0,113,18,0,131,556,593,72,0,1221,0,0,0,1221
07/17/2009,BOS,MA,ANE,EN,Towers with Radar,571,463,38,0,1072,0,150,26,3,179,571,613,64,3,1251,0,0,0,1251
07/18/2009,BOS,MA,ANE,EN,Towers with Radar,442,401,22,0,865,0,41,11,0,52,442,442,33,0,917,0,0,0,917
07/19/2009,BOS,MA,ANE,EN,Towers with Radar,493,348,19,0,860,0,189,21,3,213,493,537,40,3,1073,0,0,0,1073
07/20/2009,BOS,MA,ANE,EN,Towers with Radar,549,414,35,0,998,1,159,44,2,206,550,573,79,2,1204,0,0,0,1204
07/21/2009,BOS,MA,ANE,EN,Towers with Radar,557,501,38,0,1096,0,2,9,2,13,557,503,47,2,1109,0,0,0,1109
07/22/2009,BOS,MA,ANE,EN,Towers with Radar,563,506,47,0,1116,0,38,31,0,69,563,544,78,0,1185,0,0,0,1185
07/23/2009,BOS,MA,ANE,EN,Towers with Radar,554,514,50,0,1118,0,20,2,0,22,554,534,52,0,1140,0,0,0,1140
07/24/2009,BOS,MA,ANE,EN,Towers with Radar,574,554,34,2,1164,0,31,20,0,51,574,585,54,2,1215,0,0,0,1215
07/25/2009,BOS,MA,ANE,EN,Towers with Radar,436,349,19,0,804,0,112,16,0,128,436,461,35,0,932,0,0,0,932
07/26/2009,BOS,MA,ANE,EN,Towers with Radar,482,428,35,2,947,0,19,8,0,27,482,447,43,2,974,0,0,0,974
07/27/2009,BOS,MA,ANE,EN,Towers with Radar,566,495,30,0,1091,0,91,17,2,110,566,586,47,2,1201,0,0,0,1201
07/28/2009,BOS,MA,ANE,EN,Towers with Radar,568,472,45,0,1085,0,96,15,0,111,568,568,60,0,1196,0,0,0,1196
07/29/2009,BOS,MA,ANE,EN,Towers with Radar,541,455,46,2,1044,0,16,8,0,24,541,471,54,2,1068,0,0,0,1068
07/30/2009,BOS,MA,ANE,EN,Towers with Radar,586,525,42,2,1155,0,57,18,1,76,586,582,60,3,1231,0,0,0,1231
07/31/2009,BOS,MA,ANE,EN,Towers with Radar,528,460,44,0,1032,0,62,7,1,70,528,522,51,1,1102,0,0,0,1102
08/01/2009,BOS,MA,ANE,EN,Towers with Radar,437,353,11,0,801,0,152,34,1,187,437,505,45,1,988,0,0,0,988
08/02/2009,BOS,MA,ANE,EN,Towers with Radar,464,465,36,0,965,0,29,7,2,38,464,494,43,2,1003,0,0,0,1003
08/03/2009,BOS,MA,ANE,EN,Towers with Radar,571,427,43,0,1041,0,127,27,0,154,571,554,70,0,1195,0,0,0,1195
08/04/2009,BOS,MA,ANE,EN,Towers with Radar,571,468,49,0,1088,0,54,30,0,84,571,522,79,0,1172,0,0,0,1172
08/05/2009,BOS,MA,ANE,EN,Towers with Radar,558,480,59,0,1097,1,46,14,0,61,559,526,73,0,1158,0,0,0,1158
08/06/2009,BOS,MA,ANE,EN,Towers with Radar,567,431,54,0,1052,0,158,34,0,192,567,589,88,0,1244,0,0,0,1244
08/07/2009,BOS,MA,ANE,EN,Towers with Radar,565,398,25,0,988,2,186,34,0,222,567,584,59,0,1210,0,0,0,1210
08/08/2009,BOS,MA,ANE,EN,Towers with Radar,426,293,12,0,731,0,187,43,3,233,426,480,55,3,964,0,0,0,964
08/09/2009,BOS,MA,ANE,EN,Towers with Radar,484,373,30,0,887,0,164,32,2,198,484,537,62,2,1085,0,0,0,1085
08/10/2009,BOS,MA,ANE,EN,Towers with Radar,569,462,42,0,1073,0,99,16,1,116,569,561,58,1,1189,0,0,0,1189
08/11/2009,BOS,MA,ANE,EN,Towers with Radar,562,433,49,0,1044,0,57,7,0,64,562,490,56,0,1108,0,0,0,1108
08/12/2009,BOS,MA,ANE,EN,Towers with Radar,566,513,61,0,1140,0,0,0,0,0,566,513,61,0,1140,0,0,0,1140
08/13/2009,BOS,MA,ANE,EN,Towers with Radar,575,577,54,0,1206,0,5,0,1,6,575,582,54,1,1212,0,0,0,1212
08/14/2009,BOS,MA,ANE,EN,Towers with Radar,563,459,40,0,1062,0,144,29,0,173,563,603,69,0,1235,0,0,0,1235
08/15/2009,BOS,MA,ANE,EN,Towers with Radar,438,308,17,3,766,0,155,16,1,172,438,463,33,4,938,0,0,0,938
08/16/2009,BOS,MA,ANE,EN,Towers with Radar,508,388,19,2,917,0,151,31,0,182,508,539,50,2,1099,0,0,0,1099
08/17/2009,BOS,MA,ANE,EN,Towers with Radar,574,440,37,0,1051,0,139,10,3,152,574,579,47,3,1203,0,0,0,1203
08/18/2009,BOS,MA,ANE,EN,Towers with Radar,587,421,31,0,1039,0,114,21,1,136,587,535,52,1,1175,0,0,0,1175
08/19/2009,BOS,MA,ANE,EN,Towers with Radar,575,396,32,0,1003,1,122,42,3,168,576,518,74,3,1171,0,0,0,1171
08/20/2009,BOS,MA,ANE,EN,Towers with Radar,597,458,26,0,1081,0,71,11,1,83,597,529,37,1,1164,0,0,0,1164
08/21/2009,BOS,MA,ANE,EN,Towers with Radar,535,433,39,0,1007,0,41,9,0,50,535,474,48,0,1057,0,0,0,1057
08/22/2009,BOS,MA,ANE,EN,Towers with Radar,445,373,29,0,847,0,88,12,0,100,445,461,41,0,947,0,0,0,947
08/23/2009,BOS,MA,ANE,EN,Towers with Radar,506,504,33,0,1043,1,36,13,0,50,507,540,46,0,1093,0,0,0,1093
08/24/2009,BOS,MA,ANE,EN,Towers with Radar,584,523,30,0,1137,0,24,13,0,37,584,547,43,0,1174,0,0,0,1174
08/25/2009,BOS,MA,ANE,EN,Towers with Radar,580,451,52,1,1084,0,61,26,3,90,580,512,78,4,1174,0,0,0,1174
08/26/2009,BOS,MA,ANE,EN,Towers with Radar,584,429,37,0,1050,0,82,30,4,116,584,511,67,4,1166,0,0,0,1166
08/27/2009,BOS,MA,ANE,EN,Towers with Radar,588,438,34,0,1060,0,108,42,0,150,588,546,76,0,1210,0,0,0,1210
08/28/2009,BOS,MA,ANE,EN,Towers with Radar,556,475,48,10,1089,0,72,37,0,109,556,547,85,10,1198,0,0,0,1198
08/29/2009,BOS,MA,ANE,EN,Towers with Radar,446,292,12,29,779,0,0,4,1,5,446,292,16,30,784,0,0,0,784
08/30/2009,BOS,MA,ANE,EN,Towers with Radar,498,473,29,0,1000,1,28,9,1,39,499,501,38,1,1039,0,0,0,1039
08/31/2009,BOS,MA,ANE,EN,Towers with Radar,571,393,22,0,986,1,132,22,0,155,572,525,44,0,1141,0,0,0,1141
09/01/2009,BOS,MA,ANE,EN,Towers with Radar,564,386,23,0,973,0,110,30,2,142,564,496,53,2,1115,0,0,0,1115
09/02/2009,BOS,MA,ANE,EN,Towers with Radar,557,392,24,0,973,1,109,33,0,143,558,501,57,0,1116,0,0,0,1116
09/03/2009,BOS,MA,ANE,EN,Towers with Radar,565,397,29,0,991,0,155,33,3,191,565,552,62,3,1182,0,0,0,1182
09/04/2009,BOS,MA,ANE,EN,Towers with Radar,546,420,19,1,986,0,183,40,5,228,546,603,59,6,1214,0,0,0,1214
09/05/2009,BOS,MA,ANE,EN,Towers with Radar,398,248,14,1,661,0,124,34,3,161,398,372,48,4,822,0,0,0,822
09/06/2009,BOS,MA,ANE,EN,Towers with Radar,403,264,15,1,683,0,124,41,2,167,403,388,56,3,850,0,0,0,850
09/07/2009,BOS,MA,ANE,EN,Towers with Radar,504,364,18,0,886,0,189,37,2,228,504,553,55,2,1114,0,0,0,1114
09/08/2009,BOS,MA,ANE,EN,Towers with Radar,544,394,44,0,982,0,158,22,5,185,544,552,66,5,1167,0,0,0,1167
09/09/2009,BOS,MA,ANE,EN,Towers with Radar,530,415,72,1,1018,0,80,19,2,101,530,495,91,3,1119,0,0,0,1119
09/10/2009,BOS,MA,ANE,EN,Towers with Radar,540,436,59,1,1036,0,92,28,3,123,540,528,87,4,1159,0,0,0,1159
09/11/2009,BOS,MA,ANE,EN,Towers with Radar,520,503,26,0,1049,0,0,12,4,16,520,503,38,4,1065,0,0,0,1065
09/12/2009,BOS,MA,ANE,EN,Towers with Radar,400,359,18,1,778,0,0,0,0,0,400,359,18,1,778,0,0,0,778
09/13/2009,BOS,MA,ANE,EN,Towers with Radar,475,435,29,0,939,0,60,7,3,70,475,495,36,3,1009,0,0,0,1009
09/14/2009,BOS,MA,ANE,EN,Towers with Radar,537,402,57,0,996,0,138,24,0,162,537,540,81,0,1158,0,0,0,1158
09/15/2009,BOS,MA,ANE,EN,Towers with Radar,525,392,63,0,980,0,88,26,0,114,525,480,89,0,1094,0,0,0,1094
09/16/2009,BOS,MA,ANE,EN,Towers with Radar,527,459,70,0,1056,0,9,54,2,65,527,468,124,2,1121,0,0,0,1121
09/17/2009,BOS,MA,ANE,EN,Towers with Radar,549,481,61,0,1091,0,36,48,2,86,549,517,109,2,1177,0,0,0,1177
09/18/2009,BOS,MA,ANE,EN,Towers with Radar,545,424,35,0,1004,0,112,35,4,151,545,536,70,4,1155,0,0,0,1155
09/19/2009,BOS,MA,ANE,EN,Towers with Radar,397,243,17,0,657,0,101,31,0,132,397,344,48,0,789,0,0,0,789
09/20/2009,BOS,MA,ANE,EN,Towers with Radar,479,324,20,0,823,0,154,32,6,192,479,478,52,6,1015,0,0,0,1015
09/21/2009,BOS,MA,ANE,EN,Towers with Radar,529,394,48,6,977,0,121,35,0,156,529,515,83,6,1133,0,0,0,1133
09/22/2009,BOS,MA,ANE,EN,Towers with Radar,530,423,76,0,1029,0,54,15,0,69,530,477,91,0,1098,0,0,0,1098
09/23/2009,BOS,MA,ANE,EN,Towers with Radar,530,427,63,0,1020,0,55,10,4,69,530,482,73,4,1089,0,0,0,1089
09/24/2009,BOS,MA,ANE,EN,Towers with Radar,549,466,41,2,1058,0,77,30,3,110,549,543,71,5,1168,0,0,0,1168
09/25/2009,BOS,MA,ANE,EN,Towers with Radar,532,425,46,0,1003,0,116,31,2,149,532,541,77,2,1152,0,0,0,1152
09/26/2009,BOS,MA,ANE,EN,Towers with Radar,401,267,34,0,702,0,101,21,10,132,401,368,55,10,834,0,0,0,834
09/27/2009,BOS,MA,ANE,EN,Towers with Radar,467,427,20,0,914,0,6,0,1,7,467,433,20,1,921,0,0,0,921
09/28/2009,BOS,MA,ANE,EN,Towers with Radar,533,409,31,0,973,1,102,12,2,117,534,511,43,2,1090,0,0,0,1090
09/29/2009,BOS,MA,ANE,EN,Towers with Radar,526,405,66,0,997,0,54,30,4,88,526,459,96,4,1085,0,0,0,1085
09/30/2009,BOS,MA,ANE,EN,Towers with Radar,524,429,49,0,1002,0,76,27,2,105,524,505,76,2,1107,0,0,0,1107
10/01/2009,BOS,MA,ANE,EN,Towers with Radar,537,435,56,0,1028,0,93,17,4,114,537,528,73,4,1142,0,0,0,1142
10/02/2009,BOS,MA,ANE,EN,Towers with Radar,547,435,25,0,1007,0,104,30,2,136,547,539,55,2,1143,0,0,0,1143
10/03/2009,BOS,MA,ANE,EN,Towers with Radar,412,328,11,0,751,0,5,0,0,5,412,333,11,0,756,0,0,0,756
10/04/2009,BOS,MA,ANE,EN,Towers with Radar,469,437,35,0,941,0,20,19,4,43,469,457,54,4,984,0,0,0,984
10/05/2009,BOS,MA,ANE,EN,Towers with Radar,524,415,39,0,978,0,92,25,2,119,524,507,64,2,1097,0,0,0,1097
10/06/2009,BOS,MA,ANE,EN,Towers with Radar,524,372,39,0,935,0,87,27,1,115,524,459,66,1,1050,0,0,0,1050
10/07/2009,BOS,MA,ANE,EN,Towers with Radar,514,437,39,0,990,0,36,1,1,38,514,473,40,1,1028,0,0,0,1028
10/08/2009,BOS,MA,ANE,EN,Towers with Radar,543,447,51,0,1041,1,82,25,6,114,544,529,76,6,1155,0,0,0,1155
10/09/2009,BOS,MA,ANE,EN,Towers with Radar,546,471,49,1,1067,0,72,13,0,85,546,543,62,1,1152,0,0,0,1152
10/10/2009,BOS,MA,ANE,EN,Towers with Radar,412,357,23,1,793,0,12,41,6,59,412,369,64,7,852,0,0,0,852
10/11/2009,BOS,MA,ANE,EN,Towers with Radar,464,352,21,0,837,0,127,23,3,153,464,479,44,3,990,0,0,0,990
10/12/2009,BOS,MA,ANE,EN,Towers with Radar,523,418,56,0,997,0,146,28,1,175,523,564,84,1,1172,0,0,0,1172
10/13/2009,BOS,MA,ANE,EN,Towers with Radar,520,438,61,1,1020,0,17,7,0,24,520,455,68,1,1044,0,0,0,1044
10/14/2009,BOS,MA,ANE,EN,Towers with Radar,528,395,53,0,976,0,64,33,2,99,528,459,86,2,1075,0,0,0,1075
10/15/2009,BOS,MA,ANE,EN,Towers with Radar,531,442,33,2,1008,0,47,20,5,72,531,489,53,7,1080,0,0,0,1080
10/16/2009,BOS,MA,ANE,EN,Towers with Radar,528,452,44,0,1024,0,14,10,3,27,528,466,54,3,1051,0,0,0,1051
10/17/2009,BOS,MA,ANE,EN,Towers with Radar,398,301,20,0,719,0,41,6,4,51,398,342,26,4,770,0,0,0,770
10/18/2009,BOS,MA,ANE,EN,Towers with Radar,452,341,28,0,821,0,0,0,0,0,452,341,28,0,821,0,0,0,821
10/19/2009,BOS,MA,ANE,EN,Towers with Radar,538,440,37,0,1015,0,56,17,0,73,538,496,54,0,1088,0,0,0,1088
10/20/2009,BOS,MA,ANE,EN,Towers with Radar,533,397,39,3,972,0,69,11,4,84,533,466,50,7,1056,0,0,0,1056
10/21/2009,BOS,MA,ANE,EN,Towers with Radar,533,405,45,3,986,0,58,16,5,79,533,463,61,8,1065,0,0,0,1065
10/22/2009,BOS,MA,ANE,EN,Towers with Radar,547,419,65,1,1032,0,58,12,2,72,547,477,77,3,1104,0,0,0,1104
10/23/2009,BOS,MA,ANE,EN,Towers with Radar,543,453,34,4,1034,0,17,21,7,45,543,470,55,11,1079,0,0,0,1079
10/24/2009,BOS,MA,ANE,EN,Towers with Radar,400,297,18,0,715,0,0,0,0,0,400,297,18,0,715,0,0,0,715
10/25/2009,BOS,MA,ANE,EN,Towers with Radar,456,346,24,3,829,0,70,23,5,98,456,416,47,8,927,0,0,0,927
10/26/2009,BOS,MA,ANE,EN,Towers with Radar,515,397,47,0,959,1,77,37,1,116,516,474,84,1,1075,0,0,0,1075
10/27/2009,BOS,MA,ANE,EN,Towers with Radar,510,400,56,0,966,0,28,7,0,35,510,428,63,0,1001,0,0,0,1001
10/28/2009,BOS,MA,ANE,EN,Towers with Radar,495,409,56,1,961,0,0,0,0,0,495,409,56,1,961,0,0,0,961
10/29/2009,BOS,MA,ANE,EN,Towers with Radar,529,473,73,0,1075,1,19,19,1,40,530,492,92,1,1115,0,0,0,1115
10/30/2009,BOS,MA,ANE,EN,Towers with Radar,541,425,38,0,1004,0,38,19,5,62,541,463,57,5,1066,0,0,0,1066
10/31/2009,BOS,MA,ANE,EN,Towers with Radar,382,303,6,0,691,0,14,4,3,21,382,317,10,3,712,0,0,0,712
11/01/2009,BOS,MA,ANE,EN,Towers with Radar,464,314,18,0,796,0,69,14,3,86,464,383,32,3,882,0,0,0,882
11/02/2009,BOS,MA,ANE,EN,Towers with Radar,514,402,54,0,970,0,31,29,0,60,514,433,83,0,1030,0,0,0,1030
11/03/2009,BOS,MA,ANE,EN,Towers with Radar,529,377,45,0,951,0,36,24,3,63,529,413,69,3,1014,0,0,0,1014
11/04/2009,BOS,MA,ANE,EN,Towers with Radar,526,361,52,0,939,0,60,17,2,79,526,421,69,2,1018,0,0,0,1018
11/05/2009,BOS,MA,ANE,EN,Towers with Radar,542,411,51,0,1004,1,33,8,2,44,543,444,59,2,1048,0,0,0,1048
11/06/2009,BOS,MA,ANE,EN,Towers with Radar,537,416,41,0,994,0,37,16,0,53,537,453,57,0,1047,0,0,0,1047
11/07/2009,BOS,MA,ANE,EN,Towers with Radar,416,250,14,0,680,0,48,13,7,68,416,298,27,7,748,0,0,0,748
11/08/2009,BOS,MA,ANE,EN,Towers with Radar,458,319,20,5,802,0,59,33,8,100,458,378,53,13,902,0,0,0,902
11/09/2009,BOS,MA,ANE,EN,Towers with Radar,528,379,39,6,952,0,56,20,8,84,528,435,59,14,1036,0,0,0,1036
11/10/2009,BOS,MA,ANE,EN,Towers with Radar,513,351,41,2,907,0,55,27,4,86,513,406,68,6,993,0,0,0,993
11/11/2009,BOS,MA,ANE,EN,Towers with Radar,534,352,54,2,942,0,46,39,2,87,534,398,93,4,1029,0,0,0,1029
11/12/2009,BOS,MA,ANE,EN,Towers with Radar,547,402,50,0,999,0,35,27,2,64,547,437,77,2,1063,0,0,0,1063
11/13/2009,BOS,MA,ANE,EN,Towers with Radar,535,421,32,0,988,0,1,3,0,4,535,422,35,0,992,0,0,0,992
11/14/2009,BOS,MA,ANE,EN,Towers with Radar,404,297,11,0,712,0,0,0,0,0,404,297,11,0,712,0,0,0,712
11/15/2009,BOS,MA,ANE,EN,Towers with Radar,470,350,23,0,843,0,2,4,0,6,470,352,27,0,849,0,0,0,849
11/16/2009,BOS,MA,ANE,EN,Towers with Radar,537,382,37,1,957,0,54,22,2,78,537,436,59,3,1035,0,0,0,1035
11/17/2009,BOS,MA,ANE,EN,Towers with Radar,512,365,42,0,919,0,62,26,0,88,512,427,68,0,1007,0,0,0,1007
11/18/2009,BOS,MA,ANE,EN,Towers with Radar,522,378,48,0,948,0,54,22,0,76,522,432,70,0,1024,0,0,0,1024
11/19/2009,BOS,MA,ANE,EN,Towers with Radar,530,398,21,0,949,0,45,21,4,70,530,443,42,4,1019,0,0,0,1019
11/20/2009,BOS,MA,ANE,EN,Towers with Radar,557,415,36,0,1008,1,22,9,4,36,558,437,45,4,1044,0,0,0,1044
11/21/2009,BOS,MA,ANE,EN,Towers with Radar,426,273,20,0,719,0,55,24,6,85,426,328,44,6,804,0,0,0,804
11/22/2009,BOS,MA,ANE,EN,Towers with Radar,463,355,17,0,835,0,20,21,5,46,463,375,38,5,881,0,0,0,881
11/23/2009,BOS,MA,ANE,EN,Towers with Radar,525,407,42,0,974,0,5,12,1,18,525,412,54,1,992,0,0,0,992
11/24/2009,BOS,MA,ANE,EN,Towers with Radar,543,454,23,0,1020,0,0,1,0,1,543,454,24,0,1021,0,0,0,1021
11/25/2009,BOS,MA,ANE,EN,Towers with Radar,558,450,28,0,1036,0,0,0,0,0,558,450,28,0,1036,0,0,0,1036
11/26/2009,BOS,MA,ANE,EN,Towers with Radar,334,266,14,0,614,0,0,1,1,2,334,266,15,1,616,0,0,0,616
11/27/2009,BOS,MA,ANE,EN,Towers with Radar,363,290,9,0,662,0,0,1,0,1,363,290,10,0,663,0,0,0,663
11/28/2009,BOS,MA,ANE,EN,Towers with Radar,459,307,7,0,773,0,53,0,0,53,459,360,7,0,826,0,0,0,826
11/29/2009,BOS,MA,ANE,EN,Towers with Radar,503,358,34,0,895,0,96,18,0,114,503,454,52,0,1009,0,0,0,1009
11/30/2009,BOS,MA,ANE,EN,Towers with Radar,547,432,22,0,1001,0,28,15,0,43,547,460,37,0,1044,0,0,0,1044
12/01/2009,BOS,MA,ANE,EN,Towers with Radar,530,355,54,0,939,0,46,24,1,71,530,401,78,1,1010,0,0,0,1010
12/02/2009,BOS,MA,ANE,EN,Towers with Radar,515,364,55,0,934,0,55,27,7,89,515,419,82,7,1023,0,0,0,1023
12/03/2009,BOS,MA,ANE,EN,Towers with Radar,536,402,51,0,989,0,39,9,0,48,536,441,60,0,1037,0,0,0,1037
12/04/2009,BOS,MA,ANE,EN,Towers with Radar,535,376,32,0,943,0,76,27,0,103,535,452,59,0,1046,0,0,0,1046
12/05/2009,BOS,MA,ANE,EN,Towers with Radar,387,260,11,0,658,0,18,4,0,22,387,278,15,0,680,0,0,0,680
12/06/2009,BOS,MA,ANE,EN,Towers with Radar,456,322,17,0,795,0,63,16,2,81,456,385,33,2,876,0,0,0,876
12/07/2009,BOS,MA,ANE,EN,Towers with Radar,511,379,51,0,941,0,48,19,0,67,511,427,70,0,1008,0,0,0,1008
12/08/2009,BOS,MA,ANE,EN,Towers with Radar,491,358,41,0,890,0,41,16,1,58,491,399,57,1,948,0,0,0,948
12/09/2009,BOS,MA,ANE,EN,Towers with Radar,506,309,47,0,862,0,0,4,0,4,506,309,51,0,866,0,0,0,866
12/10/2009,BOS,MA,ANE,EN,Towers with Radar,534,386,51,0,971,0,41,21,2,64,534,427,72,2,1035,0,0,0,1035
12/11/2009,BOS,MA,ANE,EN,Towers with Radar,541,371,35,0,947,0,37,7,0,44,541,408,42,0,991,0,0,0,991
12/12/2009,BOS,MA,ANE,EN,Towers with Radar,391,258,10,0,659,0,52,21,8,81,391,310,31,8,740,0,0,0,740
12/13/2009,BOS,MA,ANE,EN,Towers with Radar,440,279,14,0,733,0,32,13,0,45,440,311,27,0,778,0,0,0,778
12/14/2009,BOS,MA,ANE,EN,Towers with Radar,510,358,44,0,912,0,38,18,0,56,510,396,62,0,968,0,0,0,968
12/15/2009,BOS,MA,ANE,EN,Towers with Radar,511,395,39,0,945,0,13,22,0,35,511,408,61,0,980,0,0,0,980
12/16/2009,BOS,MA,ANE,EN,Towers with Radar,527,375,40,0,942,0,36,10,0,46,527,411,50,0,988,0,0,0,988
12/17/2009,BOS,MA,ANE,EN,Towers with Radar,515,349,42,0,906,0,57,12,3,72,515,406,54,3,978,0,0,0,978
12/18/2009,BOS,MA,ANE,EN,Towers with Radar,503,349,35,0,887,0,56,12,3,71,503,405,47,3,958,0,0,0,958
12/19/2009,BOS,MA,ANE,EN,Towers with Radar,399,191,6,0,596,0,49,14,0,63,399,240,20,0,659,0,0,0,659
12/20/2009,BOS,MA,ANE,EN,Towers with Radar,272,133,8,0,413,0,0,0,2,2,272,133,8,2,415,0,0,0,415
12/21/2009,BOS,MA,ANE,EN,Towers with Radar,505,333,30,0,868,0,35,24,5,64,505,368,54,5,932,0,0,0,932
12/22/2009,BOS,MA,ANE,EN,Towers with Radar,538,331,23,0,892,0,58,16,1,75,538,389,39,1,967,0,0,0,967
12/23/2009,BOS,MA,ANE,EN,Towers with Radar,539,346,10,3,898,0,48,20,2,70,539,394,30,5,968,0,0,0,968
12/24/2009,BOS,MA,ANE,EN,Towers with Radar,426,308,2,0,736,0,4,11,0,15,426,312,13,0,751,0,0,0,751
12/25/2009,BOS,MA,ANE,EN,Towers with Radar,395,250,6,0,651,0,3,20,0,23,395,253,26,0,674,0,0,0,674
12/26/2009,BOS,MA,ANE,EN,Towers with Radar,417,287,10,0,714,0,5,5,0,10,417,292,15,0,724,0,0,0,724
12/27/2009,BOS,MA,ANE,EN,Towers with Radar,457,333,13,0,803,0,6,2,2,10,457,339,15,2,813,0,0,0,813
12/28/2009,BOS,MA,ANE,EN,Towers with Radar,466,336,6,0,808,0,21,9,0,30,466,357,15,0,838,0,0,0,838
12/29/2009,BOS,MA,ANE,EN,Towers with Radar,483,310,5,0,798,0,33,3,0,36,483,343,8,0,834,0,0,0,834
12/30/2009,BOS,MA,ANE,EN,Towers with Radar,488,302,6,0,796,0,58,8,4,70,488,360,14,4,866,0,0,0,866
12/31/2009,BOS,MA,ANE,EN,Towers with Radar,406,258,6,0,670,0,14,6,2,22,406,272,12,2,692,0,0,0,692
01/01/2010,BOS,MA,ANE,EN,Towers with Radar,413,264,21,0,698,0,4,5,0,9,413,268,26,0,707,0,0,0,707
01/02/2010,BOS,MA,ANE,EN,Towers with Radar,408,246,17,0,671,0,0,0,0,0,408,246,17,0,671,0,0,0,671
01/03/2010,BOS,MA,ANE,EN,Towers with Radar,442,263,14,0,719,0,0,0,0,0,442,263,14,0,719,0,0,0,719
01/04/2010,BOS,MA,ANE,EN,Towers with Radar,501,383,15,0,899,0,39,12,0,51,501,422,27,0,950,0,0,0,950
01/05/2010,BOS,MA,ANE,EN,Towers with Radar,474,400,15,0,889,0,26,15,2,43,474,426,30,2,932,0,0,0,932
01/06/2010,BOS,MA,ANE,EN,Towers with Radar,472,382,16,0,870,0,44,14,2,60,472,426,30,2,930,0,0,0,930
01/07/2010,BOS,MA,ANE,EN,Towers with Radar,480,385,18,0,883,0,52,14,3,69,480,437,32,3,952,0,0,0,952
01/08/2010,BOS,MA,ANE,EN,Towers with Radar,488,417,27,0,932,0,3,8,1,12,488,420,35,1,944,0,0,0,944
01/09/2010,BOS,MA,ANE,EN,Towers with Radar,388,257,7,0,652,0,53,23,2,78,388,310,30,2,730,0,0,0,730
01/10/2010,BOS,MA,ANE,EN,Towers with Radar,422,309,17,0,748,0,53,22,6,81,422,362,39,6,829,0,0,0,829
01/11/2010,BOS,MA,ANE,EN,Towers with Radar,484,415,21,2,922,0,39,20,2,61,484,454,41,4,983,0,0,0,983
01/12/2010,BOS,MA,ANE,EN,Towers with Radar,481,404,37,0,922,0,35,16,2,53,481,439,53,2,975,0,0,0,975
01/13/2010,BOS,MA,ANE,EN,Towers with Radar,487,401,35,0,923,0,42,10,6,58,487,443,45,6,981,0,0,0,981
01/14/2010,BOS,MA,ANE,EN,Towers with Radar,514,409,24,0,947,0,44,21,2,67,514,453,45,2,1014,0,0,0,1014
01/15/2010,BOS,MA,ANE,EN,Towers with Radar,513,409,30,0,952,0,38,22,2,62,513,447,52,2,1014,0,0,0,1014
01/16/2010,BOS,MA,ANE,EN,Towers with Radar,395,260,9,4,668,0,50,25,4,79,395,310,34,8,747,0,0,0,747
01/17/2010,BOS,MA,ANE,EN,Towers with Radar,411,336,9,1,757,0,6,21,1,28,411,342,30,2,785,0,0,0,785
01/18/2010,BOS,MA,ANE,EN,Towers with Radar,453,325,12,2,792,0,2,4,1,7,453,327,16,3,799,0,0,0,799
01/19/2010,BOS,MA,ANE,EN,Towers with Radar,470,416,42,0,928,0,0,1,0,1,470,416,43,0,929,0,0,0,929
01/20/2010,BOS,MA,ANE,EN,Towers with Radar,470,437,47,0,954,0,4,7,0,11,470,441,54,0,965,0,0,0,965
01/21/2010,BOS,MA,ANE,EN,Towers with Radar,497,407,36,0,940,0,47,14,5,66,497,454,50,5,1006,0,0,0,1006
01/22/2010,BOS,MA,ANE,EN,Towers with Radar,502,414,22,0,938,0,37,15,5,57,502,451,37,5,995,0,0,0,995
01/23/2010,BOS,MA,ANE,EN,Towers with Radar,390,230,15,0,635,0,59,20,2,81,390,289,35,2,716,0,0,0,716
01/24/2010,BOS,MA,ANE,EN,Towers with Radar,413,339,15,0,767,0,36,9,3,48,413,375,24,3,815,0,0,0,815
01/25/2010,BOS,MA,ANE,EN,Towers with Radar,462,324,27,0,813,0,4,0,0,4,462,328,27,0,817,0,0,0,817
01/26/2010,BOS,MA,ANE,EN,Towers with Radar,471,408,39,0,918,0,25,15,3,43,471,433,54,3,961,0,0,0,961
01/27/2010,BOS,MA,ANE,EN,Towers with Radar,478,396,33,3,910,0,41,12,4,57,478,437,45,7,967,0,0,0,967
01/28/2010,BOS,MA,ANE,EN,Towers with Radar,502,391,37,3,933,19,4,0,0,23,521,395,37,3,956,0,0,0,956
01/29/2010,BOS,MA,ANE,EN,Towers with Radar,507,383,28,0,918,0,56,8,4,68,507,439,36,4,986,0,0,0,986
01/30/2010,BOS,MA,ANE,EN,Towers with Radar,365,207,17,0,589,0,48,19,0,67,365,255,36,0,656,0,0,0,656
01/31/2010,BOS,MA,ANE,EN,Towers with Radar,415,317,33,0,765,0,47,14,4,65,415,364,47,4,830,0,0,0,830
02/01/2010,BOS,MA,ANE,EN,Towers with Radar,492,405,30,2,929,0,49,27,0,76,492,454,57,2,1005,0,0,0,1005
02/02/2010,BOS,MA,ANE,EN,Towers with Radar,458,417,34,0,909,0,35,15,0,50,458,452,49,0,959,0,0,0,959
02/03/2010,BOS,MA,ANE,EN,Towers with Radar,464,433,52,0,949,0,3,14,2,19,464,436,66,2,968,0,0,0,968
02/04/2010,BOS,MA,ANE,EN,Towers with Radar,498,415,33,0,946,0,56,14,2,72,498,471,47,2,1018,0,0,0,1018
02/05/2010,BOS,MA,ANE,EN,Towers with Radar,478,386,37,0,901,0,42,17,4,63,478,428,54,4,964,0,0,0,964
02/06/2010,BOS,MA,ANE,EN,Towers with Radar,369,225,14,2,610,0,11,5,0,16,369,236,19,2,626,0,0,0,626
02/07/2010,BOS,MA,ANE,EN,Towers with Radar,384,285,24,2,695,0,42,10,3,55,384,327,34,5,750,0,0,0,750
02/08/2010,BOS,MA,ANE,EN,Towers with Radar,473,382,52,0,907,0,43,18,2,63,473,425,70,2,970,0,0,0,970
02/09/2010,BOS,MA,ANE,EN,Towers with Radar,421,352,38,0,811,0,50,27,2,79,421,402,65,2,890,0,0,0,890
02/10/2010,BOS,MA,ANE,EN,Towers with Radar,243,147,21,2,413,0,5,5,0,10,243,152,26,2,423,0,0,0,423
02/11/2010,BOS,MA,ANE,EN,Towers with Radar,404,296,44,0,744,0,38,6,3,47,404,334,50,3,791,0,0,0,791
02/12/2010,BOS,MA,ANE,EN,Towers with Radar,497,414,23,0,934,0,53,16,2,71,497,467,39,2,1005,0,0,0,1005
02/13/2010,BOS,MA,ANE,EN,Towers with Radar,418,266,13,0,697,0,51,13,0,64,418,317,26,0,761,0,0,0,761
02/14/2010,BOS,MA,ANE,EN,Towers with Radar,448,354,12,0,814,0,32,19,2,53,448,386,31,2,867,0,0,0,867
02/15/2010,BOS,MA,ANE,EN,Towers with Radar,489,392,17,0,898,0,34,18,2,54,489,426,35,2,952,0,0,0,952
02/16/2010,BOS,MA,ANE,EN,Towers with Radar,422,278,8,0,708,0,0,0,0,0,422,278,8,0,708,0,0,0,708
02/17/2010,BOS,MA,ANE,EN,Towers with Radar,560,428,39,0,1027,0,30,25,2,57,560,458,64,2,1084,0,0,0,1084
02/18/2010,BOS,MA,ANE,EN,Towers with Radar,535,416,18,0,969,0,34,9,5,48,535,450,27,5,1017,0,0,0,1017
02/19/2010,BOS,MA,ANE,EN,Towers with Radar,529,424,39,0,992,0,32,18,2,52,529,456,57,2,1044,0,0,0,1044
02/20/2010,BOS,MA,ANE,EN,Towers with Radar,429,265,10,0,704,0,46,17,2,65,429,311,27,2,769,0,0,0,769
02/21/2010,BOS,MA,ANE,EN,Towers with Radar,460,360,20,0,840,0,36,32,5,73,460,396,52,5,913,0,0,0,913
02/22/2010,BOS,MA,ANE,EN,Towers with Radar,519,410,30,0,959,1,33,11,0,45,520,443,41,0,1004,0,0,0,1004
02/23/2010,BOS,MA,ANE,EN,Towers with Radar,513,443,36,0,992,0,6,8,0,14,513,449,44,0,1006,0,0,0,1006
02/24/2010,BOS,MA,ANE,EN,Towers with Radar,488,422,61,0,971,0,0,5,0,5,488,422,66,0,976,0,0,0,976
02/25/2010,BOS,MA,ANE,EN,Towers with Radar,479,341,20,0,840,0,0,0,0,0,479,341,20,0,840,0,0,0,840
02/26/2010,BOS,MA,ANE,EN,Towers with Radar,493,351,30,1,875,0,1,0,0,1,493,352,30,1,876,0,0,0,876
02/27/2010,BOS,MA,ANE,EN,Towers with Radar,423,310,7,1,741,0,3,0,0,3,423,313,7,1,744,0,0,0,744
02/28/2010,BOS,MA,ANE,EN,Towers with Radar,458,376,21,0,855,0,6,6,1,13,458,382,27,1,868,0,0,0,868
03/01/2010,BOS,MA,ANE,EN,Towers with Radar,520,418,22,1,961,0,7,4,2,13,520,425,26,3,974,0,0,0,974
03/02/2010,BOS,MA,ANE,EN,Towers with Radar,508,407,28,1,944,0,40,9,0,49,508,447,37,1,993,0,0,0,993
03/03/2010,BOS,MA,ANE,EN,Towers with Radar,523,432,37,0,992,0,1,3,0,4,523,433,40,0,996,0,0,0,996
03/04/2010,BOS,MA,ANE,EN,Towers with Radar,522,449,43,1,1015,0,3,8,0,11,522,452,51,1,1026,0,0,0,1026
03/05/2010,BOS,MA,ANE,EN,Towers with Radar,543,408,42,0,993,0,43,14,2,59,543,451,56,2,1052,0,0,0,1052
03/06/2010,BOS,MA,ANE,EN,Towers with Radar,425,259,12,3,699,0,58,7,3,68,425,317,19,6,767,0,0,0,767
03/07/2010,BOS,MA,ANE,EN,Towers with Radar,461,356,26,0,843,0,53,21,2,76,461,409,47,2,919,0,0,0,919
03/08/2010,BOS,MA,ANE,EN,Towers with Radar,516,412,41,2,971,1,51,20,2,74,517,463,61,4,1045,0,0,0,1045
03/09/2010,BOS,MA,ANE,EN,Towers with Radar,523,400,52,0,975,0,52,20,2,74,523,452,72,2,1049,0,0,0,1049
03/10/2010,BOS,MA,ANE,EN,Towers with Radar,531,398,67,0,996,0,60,15,2,77,531,458,82,2,1073,0,0,0,1073
03/11/2010,BOS,MA,ANE,EN,Towers with Radar,520,430,46,0,996,0,48,8,6,62,520,478,54,6,1058,0,0,0,1058
03/12/2010,BOS,MA,ANE,EN,Towers with Radar,530,420,40,0,990,0,29,11,3,43,530,449,51,3,1033,0,0,0,1033
03/13/2010,BOS,MA,ANE,EN,Towers with Radar,429,254,13,0,696,0,5,0,1,6,429,259,13,1,702,0,0,0,702
03/14/2010,BOS,MA,ANE,EN,Towers with Radar,438,238,14,0,690,0,0,0,0,0,438,238,14,0,690,0,0,0,690
03/15/2010,BOS,MA,ANE,EN,Towers with Radar,508,360,42,0,910,0,0,0,0,0,508,360,42,0,910,0,0,0,910
03/16/2010,BOS,MA,ANE,EN,Towers with Radar,546,403,59,0,1008,0,54,18,0,72,546,457,77,0,1080,0,0,0,1080
03/17/2010,BOS,MA,ANE,EN,Towers with Radar,539,389,54,0,982,0,65,19,4,88,539,454,73,4,1070,0,0,0,1070
03/18/2010,BOS,MA,ANE,EN,Towers with Radar,537,413,24,0,974,0,58,19,2,79,537,471,43,2,1053,0,0,0,1053
03/19/2010,BOS,MA,ANE,EN,Towers with Radar,541,381,16,0,938,0,64,27,3,94,541,445,43,3,1032,0,0,0,1032
03/20/2010,BOS,MA,ANE,EN,Towers with Radar,430,255,17,0,702,0,55,26,10,91,430,310,43,10,793,0,0,0,793
03/21/2010,BOS,MA,ANE,EN,Towers with Radar,461,362,18,0,841,0,40,26,2,68,461,402,44,2,909,0,0,0,909
03/22/2010,BOS,MA,ANE,EN,Towers with Radar,504,432,31,0,967,0,0,0,0,0,504,432,31,0,967,0,0,0,967
03/23/2010,BOS,MA,ANE,EN,Towers with Radar,529,433,47,0,1009,0,0,0,0,0,529,433,47,0,1009,0,0,0,1009
03/24/2010,BOS,MA,ANE,EN,Towers with Radar,531,425,34,2,992,0,20,2,3,25,531,445,36,5,1017,0,0,0,1017
03/25/2010,BOS,MA,ANE,EN,Towers with Radar,539,402,39,1,981,0,51,26,8,85,539,453,65,9,1066,0,0,0,1066
03/26/2010,BOS,MA,ANE,EN,Towers with Radar,533,437,27,1,998,0,26,6,1,33,533,463,33,2,1031,0,0,0,1031
03/27/2010,BOS,MA,ANE,EN,Towers with Radar,431,258,13,0,702,0,56,25,5,86,431,314,38,5,788,0,0,0,788
03/28/2010,BOS,MA,ANE,EN,Towers with Radar,463,381,20,0,864,0,27,12,0,39,463,408,32,0,903,0,0,0,903
03/29/2010,BOS,MA,ANE,EN,Towers with Radar,516,450,43,0,1009,0,0,0,0,0,516,450,43,0,1009,0,0,0,1009
03/30/2010,BOS,MA,ANE,EN,Towers with Radar,507,428,27,0,962,0,0,0,0,0,507,428,27,0,962,0,0,0,962
03/31/2010,BOS,MA,ANE,EN,Towers with Radar,525,451,30,2,1008,0,0,5,1,6,525,451,35,3,1014,0,0,0,1014
04/01/2010,BOS,MA,ANE,EN,Towers with Radar,532,469,27,1,1029,0,4,20,2,26,532,473,47,3,1055,0,0,0,1055
04/02/2010,BOS,MA,ANE,EN,Towers with Radar,526,390,23,1,940,0,60,20,0,80,526,450,43,1,1020,0,0,0,1020
04/03/2010,BOS,MA,ANE,EN,Towers with Radar,440,261,15,0,716,0,51,18,3,72,440,312,33,3,788,0,0,0,788
04/04/2010,BOS,MA,ANE,EN,Towers with Radar,459,363,24,0,846,0,49,11,2,62,459,412,35,2,908,0,0,0,908
04/05/2010,BOS,MA,ANE,EN,Towers with Radar,525,401,36,0,962,0,56,33,2,91,525,457,69,2,1053,0,0,0,1053
04/06/2010,BOS,MA,ANE,EN,Towers with Radar,527,415,52,0,994,0,37,21,4,62,527,452,73,4,1056,0,0,0,1056
04/07/2010,BOS,MA,ANE,EN,Towers with Radar,529,428,49,2,1008,0,42,18,3,63,529,470,67,5,1071,0,0,0,1071
04/08/2010,BOS,MA,ANE,EN,Towers with Radar,541,452,25,2,1020,0,20,12,1,33,541,472,37,3,1053,0,0,0,1053
04/09/2010,BOS,MA,ANE,EN,Towers with Radar,529,448,35,1,1013,0,0,0,0,0,529,448,35,1,1013,0,0,0,1013
04/10/2010,BOS,MA,ANE,EN,Towers with Radar,441,271,11,0,723,0,45,19,2,66,441,316,30,2,789,0,0,0,789
04/11/2010,BOS,MA,ANE,EN,Towers with Radar,470,363,16,0,849,0,50,21,0,71,470,413,37,0,920,0,0,0,920
04/12/2010,BOS,MA,ANE,EN,Towers with Radar,525,419,34,0,978,0,39,31,4,74,525,458,65,4,1052,0,0,0,1052
04/13/2010,BOS,MA,ANE,EN,Towers with Radar,522,419,45,0,986,0,47,35,0,82,522,466,80,0,1068,0,0,0,1068
04/14/2010,BOS,MA,ANE,EN,Towers with Radar,522,420,53,0,995,0,48,20,0,68,522,468,73,0,1063,0,0,0,1063
04/15/2010,BOS,MA,ANE,EN,Towers with Radar,519,446,46,1,1012,0,58,21,1,80,519,504,67,2,1092,0,0,0,1092
04/16/2010,BOS,MA,ANE,EN,Towers with Radar,512,472,38,5,1027,0,0,3,0,3,512,472,41,5,1030,0,0,0,1030
04/17/2010,BOS,MA,ANE,EN,Towers with Radar,437,318,10,0,765,0,1,3,0,4,437,319,13,0,769,0,0,0,769
04/18/2010,BOS,MA,ANE,EN,Towers with Radar,446,420,28,0,894,0,13,11,5,29,446,433,39,5,923,0,0,0,923
04/19/2010,BOS,MA,ANE,EN,Towers with Radar,504,438,31,0,973,0,34,28,5,67,504,472,59,5,1040,0,0,0,1040
04/20/2010,BOS,MA,ANE,EN,Towers with Radar,511,426,38,0,975,0,51,21,2,74,511,477,59,2,1049,0,0,0,1049
04/21/2010,BOS,MA,ANE,EN,Towers with Radar,529,437,51,0,1017,0,62,19,1,82,529,499,70,1,1099,0,0,0,1099
04/22/2010,BOS,MA,ANE,EN,Towers with Radar,525,443,43,1,1012,0,52,23,0,75,525,495,66,1,1087,0,0,0,1087
04/23/2010,BOS,MA,ANE,EN,Towers with Radar,530,458,41,0,1029,0,43,25,0,68,530,501,66,0,1097,0,0,0,1097
04/24/2010,BOS,MA,ANE,EN,Towers with Radar,460,258,19,1,738,0,65,28,2,95,460,323,47,3,833,0,0,0,833
04/25/2010,BOS,MA,ANE,EN,Towers with Radar,498,364,31,1,894,0,60,9,0,69,498,424,40,1,963,0,0,0,963
04/26/2010,BOS,MA,ANE,EN,Towers with Radar,520,493,66,0,1079,0,9,4,2,15,520,502,70,2,1094,0,0,0,1094
04/27/2010,BOS,MA,ANE,EN,Towers with Radar,523,465,40,0,1028,0,0,0,0,0,523,465,40,0,1028,0,0,0,1028
04/28/2010,BOS,MA,ANE,EN,Towers with Radar,513,467,44,0,1024,0,10,8,0,18,513,477,52,0,1042,0,0,0,1042
04/29/2010,BOS,MA,ANE,EN,Towers with Radar,515,414,49,0,978,0,62,3,3,68,515,476,52,3,1046,0,0,0,1046
04/30/2010,BOS,MA,ANE,EN,Towers with Radar,526,405,30,0,961,1,76,21,2,100,527,481,51,2,1061,0,0,0,1061
05/01/2010,BOS,MA,ANE,EN,Towers with Radar,410,280,19,0,709,0,59,28,3,90,410,339,47,3,799,0,0,0,799
05/02/2010,BOS,MA,ANE,EN,Towers with Radar,451,394,33,1,879,0,41,17,1,59,451,435,50,2,938,0,0,0,938
05/03/2010,BOS,MA,ANE,EN,Towers with Radar,496,459,58,1,1014,0,30,35,5,70,496,489,93,6,1084,0,0,0,1084
05/04/2010,BOS,MA,ANE,EN,Towers with Radar,503,423,66,0,992,0,43,25,0,68,503,466,91,0,1060,0,0,0,1060
05/05/2010,BOS,MA,ANE,EN,Towers with Radar,499,435,67,2,1003,0,59,31,0,90,499,494,98,2,1093,0,0,0,1093
05/06/2010,BOS,MA,ANE,EN,Towers with Radar,512,463,55,12,1042,0,28,16,6,50,512,491,71,18,1092,0,0,0,1092
05/07/2010,BOS,MA,ANE,EN,Towers with Radar,528,438,54,5,1025,0,77,22,21,120,528,515,76,26,1145,0,0,0,1145
05/08/2010,BOS,MA,ANE,EN,Towers with Radar,391,331,29,2,753,0,0,5,1,6,391,331,34,3,759,0,0,0,759
05/09/2010,BOS,MA,ANE,EN,Towers with Radar,444,384,37,1,866,0,34,11,0,45,444,418,48,1,911,0,0,0,911
05/10/2010,BOS,MA,ANE,EN,Towers with Radar,519,451,55,0,1025,0,50,34,2,86,519,501,89,2,1111,0,0,0,1111
05/11/2010,BOS,MA,ANE,EN,Towers with Radar,497,423,44,0,964,0,50,30,0,80,497,473,74,0,1044,0,0,0,1044
05/12/2010,BOS,MA,ANE,EN,Towers with Radar,501,447,48,1,997,0,32,5,2,39,501,479,53,3,1036,0,0,0,1036
05/13/2010,BOS,MA,ANE,EN,Towers with Radar,523,455,46,1,1025,0,64,29,2,95,523,519,75,3,1120,0,0,0,1120
05/14/2010,BOS,MA,ANE,EN,Towers with Radar,511,493,53,0,1057,0,27,11,4,42,511,520,64,4,1099,0,0,0,1099
05/15/2010,BOS,MA,ANE,EN,Towers with Radar,404,291,19,1,715,0,55,12,0,67,404,346,31,1,782,0,0,0,782
05/16/2010,BOS,MA,ANE,EN,Towers with Radar,439,367,30,1,837,0,87,20,0,107,439,454,50,1,944,0,0,0,944
05/17/2010,BOS,MA,ANE,EN,Towers with Radar,499,438,41,0,978,0,82,21,0,103,499,520,62,0,1081,0,0,0,1081
05/18/2010,BOS,MA,ANE,EN,Towers with Radar,508,431,46,1,986,0,73,10,0,83,508,504,56,1,1069,0,0,0,1069
05/19/2010,BOS,MA,ANE,EN,Towers with Radar,499,506,59,1,1065,0,0,4,0,4,499,506,63,1,1069,0,0,0,1069
05/20/2010,BOS,MA,ANE,EN,Towers with Radar,521,427,52,0,1000,0,110,23,3,136,521,537,75,3,1136,0,0,0,1136
05/21/2010,BOS,MA,ANE,EN,Towers with Radar,519,432,41,1,993,0,105,38,3,146,519,537,79,4,1139,0,0,0,1139
05/22/2010,BOS,MA,ANE,EN,Towers with Radar,402,293,19,0,714,0,71,31,2,104,402,364,50,2,818,0,0,0,818
05/23/2010,BOS,MA,ANE,EN,Towers with Radar,451,478,36,1,966,0,6,11,2,19,451,484,47,3,985,0,0,0,985
05/24/2010,BOS,MA,ANE,EN,Towers with Radar,507,463,46,0,1016,0,67,25,4,96,507,530,71,4,1112,0,0,0,1112
05/25/2010,BOS,MA,ANE,EN,Towers with Radar,507,434,52,0,993,0,77,16,5,98,507,511,68,5,1091,0,0,0,1091
05/26/2010,BOS,MA,ANE,EN,Towers with Radar,506,410,51,1,968,0,88,23,4,115,506,498,74,5,1083,0,0,0,1083
05/27/2010,BOS,MA,ANE,EN,Towers with Radar,519,475,53,0,1047,0,76,15,2,93,519,551,68,2,1140,0,0,0,1140
05/28/2010,BOS,MA,ANE,EN,Towers with Radar,523,472,42,0,1037,0,197,28,0,225,523,669,70,0,1262,0,0,0,1262
05/29/2010,BOS,MA,ANE,EN,Towers with Radar,394,302,32,1,729,0,80,23,2,105,394,382,55,3,834,0,0,0,834
05/30/2010,BOS,MA,ANE,EN,Towers with Radar,385,320,8,0,713,0,67,10,1,78,385,387,18,1,791,0,0,0,791
05/31/2010,BOS,MA,ANE,EN,Towers with Radar,482,497,27,0,1006,0,51,15,0,66,482,548,42,0,1072,0,0,0,1072
06/01/2010,BOS,MA,ANE,EN,Towers with Radar,486,488,52,1,1027,0,39,8,0,47,486,527,60,1,1074,0,0,0,1074
06/02/2010,BOS,MA,ANE,EN,Towers with Radar,513,514,63,1,1091,0,8,3,0,11,513,522,66,1,1102,0,0,0,1102
06/03/2010,BOS,MA,ANE,EN,Towers with Radar,523,473,52,3,1051,0,11,1,0,12,523,484,53,3,1063,0,0,0,1063
06/04/2010,BOS,MA,ANE,EN,Towers with Radar,528,473,49,2,1052,0,67,17,4,88,528,540,66,6,1140,0,0,0,1140
06/05/2010,BOS,MA,ANE,EN,Towers with Radar,401,331,19,0,751,0,13,2,1,16,401,344,21,1,767,0,0,0,767
06/06/2010,BOS,MA,ANE,EN,Towers with Radar,455,403,12,2,872,0,11,1,0,12,455,414,13,2,884,0,0,0,884
06/07/2010,BOS,MA,ANE,EN,Towers with Radar,522,424,41,0,987,0,106,27,0,133,522,530,68,0,1120,0,0,0,1120
06/08/2010,BOS,MA,ANE,EN,Towers with Radar,519,443,70,1,1033,0,76,26,1,103,519,519,96,2,1136,0,0,0,1136
06/09/2010,BOS,MA,ANE,EN,Towers with Radar,526,437,68,1,1032,0,79,21,4,104,526,516,89,5,1136,0,0,0,1136
06/10/2010,BOS,MA,ANE,EN,Towers with Radar,512,541,70,0,1123,0,0,2,0,2,512,541,72,0,1125,0,0,0,1125
06/11/2010,BOS,MA,ANE,EN,Towers with Radar,530,529,68,0,1127,0,52,16,5,73,530,581,84,5,1200,0,0,0,1200
06/12/2010,BOS,MA,ANE,EN,Towers with Radar,399,370,29,0,798,0,19,10,2,31,399,389,39,2,829,0,0,0,829
06/13/2010,BOS,MA,ANE,EN,Towers with Radar,457,453,51,2,963,0,0,0,0,0,457,453,51,2,963,0,0,0,963
06/14/2010,BOS,MA,ANE,EN,Towers with Radar,516,503,58,2,1079,0,20,14,0,34,516,523,72,2,1113,0,0,0,1113
06/15/2010,BOS,MA,ANE,EN,Towers with Radar,518,428,62,0,1008,0,84,28,2,114,518,512,90,2,1122,0,0,0,1122
06/16/2010,BOS,MA,ANE,EN,Towers with Radar,527,468,47,0,1042,0,84,8,1,93,527,552,55,1,1135,0,0,0,1135
06/17/2010,BOS,MA,ANE,EN,Towers with Radar,523,539,41,0,1103,0,32,18,2,52,523,571,59,2,1155,0,0,0,1155
06/18/2010,BOS,MA,ANE,EN,Towers with Radar,520,430,36,0,986,0,127,21,6,154,520,557,57,6,1140,0,0,0,1140
06/19/2010,BOS,MA,ANE,EN,Towers with Radar,408,310,13,1,732,0,111,20,5,136,408,421,33,6,868,0,0,0,868
06/20/2010,BOS,MA,ANE,EN,Towers with Radar,473,417,35,1,926,0,52,16,2,70,473,469,51,3,996,0,0,0,996
06/21/2010,BOS,MA,ANE,EN,Towers with Radar,519,463,47,0,1029,0,109,33,2,144,519,572,80,2,1173,0,0,0,1173
06/22/2010,BOS,MA,ANE,EN,Towers with Radar,539,427,41,0,1007,0,86,15,5,106,539,513,56,5,1113,0,0,0,1113
06/23/2010,BOS,MA,ANE,EN,Towers with Radar,517,502,57,0,1076,0,41,22,1,64,517,543,79,1,1140,0,0,0,1140
06/24/2010,BOS,MA,ANE,EN,Towers with Radar,536,451,35,0,1022,0,95,22,0,117,536,546,57,0,1139,0,0,0,1139
06/25/2010,BOS,MA,ANE,EN,Towers with Radar,533,467,44,0,1044,0,147,27,3,177,533,614,71,3,1221,0,0,0,1221
06/26/2010,BOS,MA,ANE,EN,Towers with Radar,420,351,24,0,795,0,99,18,6,123,420,450,42,6,918,0,0,0,918
06/27/2010,BOS,MA,ANE,EN,Towers with Radar,484,433,24,2,943,0,55,9,1,65,484,488,33,3,1008,0,0,0,1008
06/28/2010,BOS,MA,ANE,EN,Towers with Radar,541,501,49,0,1091,0,64,19,1,84,541,565,68,1,1175,0,0,0,1175
06/29/2010,BOS,MA,ANE,EN,Towers with Radar,548,469,42,1,1060,0,77,38,2,117,548,546,80,3,1177,0,0,0,1177
06/30/2010,BOS,MA,ANE,EN,Towers with Radar,542,442,48,4,1036,0,124,15,4,143,542,566,63,8,1179,0,0,0,1179
07/01/2010,BOS,MA,ANE,EN,Towers with Radar,542,478,50,1,1071,0,180,29,4,213,542,658,79,5,1284,0,0,0,1284
07/02/2010,BOS,MA,ANE,EN,Towers with Radar,534,467,27,0,1028,0,228,47,2,277,534,695,74,2,1305,0,0,0,1305
07/03/2010,BOS,MA,ANE,EN,Towers with Radar,417,303,13,0,733,0,188,37,4,229,417,491,50,4,962,0,0,0,962
07/04/2010,BOS,MA,ANE,EN,Towers with Radar,400,309,9,0,718,0,94,32,3,129,400,403,41,3,847,0,0,0,847
07/05/2010,BOS,MA,ANE,EN,Towers with Radar,485,413,20,0,918,0,215,31,1,247,485,628,51,1,1165,0,0,0,1165
07/06/2010,BOS,MA,ANE,EN,Towers with Radar,528,450,35,0,1013,0,162,33,2,197,528,612,68,2,1210,0,0,0,1210
07/07/2010,BOS,MA,ANE,EN,Towers with Radar,543,455,33,0,1031,0,112,23,1,136,543,567,56,1,1167,0,0,0,1167
07/08/2010,BOS,MA,ANE,EN,Towers with Radar,547,508,41,3,1099,0,75,31,4,110,547,583,72,7,1209,0,0,0,1209
07/09/2010,BOS,MA,ANE,EN,Towers with Radar,534,515,37,0,1086,0,87,14,2,103,534,602,51,2,1189,0,0,0,1189
07/10/2010,BOS,MA,ANE,EN,Towers with Radar,441,422,21,0,884,0,34,4,0,38,441,456,25,0,922,0,0,0,922
07/11/2010,BOS,MA,ANE,EN,Towers with Radar,497,454,25,7,983,0,69,31,2,102,497,523,56,9,1085,0,0,0,1085
07/12/2010,BOS,MA,ANE,EN,Towers with Radar,517,487,42,1,1047,0,97,12,0,109,517,584,54,1,1156,0,0,0,1156
07/13/2010,BOS,MA,ANE,EN,Towers with Radar,526,480,36,0,1042,0,57,9,0,66,526,537,45,0,1108,0,0,0,1108
07/14/2010,BOS,MA,ANE,EN,Towers with Radar,552,532,51,1,1136,0,1,1,0,2,552,533,52,1,1138,0,0,0,1138
07/15/2010,BOS,MA,ANE,EN,Towers with Radar,553,619,59,1,1232,0,2,21,2,25,553,621,80,3,1257,0,0,0,1257
07/16/2010,BOS,MA,ANE,EN,Towers with Radar,534,581,39,0,1154,0,50,11,0,61,534,631,50,0,1215,0,0,0,1215
07/17/2010,BOS,MA,ANE,EN,Towers with Radar,424,330,15,0,769,0,126,20,9,155,424,456,35,9,924,0,0,0,924
07/18/2010,BOS,MA,ANE,EN,Towers with Radar,485,399,34,1,919,0,150,18,2,170,485,549,52,3,1089,0,0,0,1089
07/19/2010,BOS,MA,ANE,EN,Towers with Radar,520,458,48,1,1027,0,105,20,6,131,520,563,68,7,1158,0,0,0,1158
07/20/2010,BOS,MA,ANE,EN,Towers with Radar,551,475,42,0,1068,0,80,24,2,106,551,555,66,2,1174,0,0,0,1174
07/21/2010,BOS,MA,ANE,EN,Towers with Radar,536,466,46,1,1049,0,55,10,0,65,536,521,56,1,1114,0,0,0,1114
07/22/2010,BOS,MA,ANE,EN,Towers with Radar,547,494,46,0,1087,0,144,20,1,165,547,638,66,1,1252,0,0,0,1252
07/23/2010,BOS,MA,ANE,EN,Towers with Radar,532,486,44,0,1062,0,97,21,2,120,532,583,65,2,1182,0,0,0,1182
07/24/2010,BOS,MA,ANE,EN,Towers with Radar,445,440,27,0,912,0,23,5,2,30,445,463,32,2,942,0,0,0,942
07/25/2010,BOS,MA,ANE,EN,Towers with Radar,474,383,25,0,882,0,146,36,0,182,474,529,61,0,1064,0,0,0,1064
07/26/2010,BOS,MA,ANE,EN,Towers with Radar,535,470,24,0,1029,0,160,26,1,187,535,630,50,1,1216,0,0,0,1216
07/27/2010,BOS,MA,ANE,EN,Towers with Radar,545,445,34,2,1026,1,119,29,3,152,546,564,63,5,1178,0,0,0,1178
07/28/2010,BOS,MA,ANE,EN,Towers with Radar,539,456,44,0,1039,0,119,34,2,155,539,575,78,2,1194,0,0,0,1194
07/29/2010,BOS,MA,ANE,EN,Towers with Radar,537,531,58,0,1126,0,76,6,2,84,537,607,64,2,1210,0,0,0,1210
07/30/2010,BOS,MA,ANE,EN,Towers with Radar,558,481,39,0,1078,0,201,45,2,248,558,682,84,2,1326,0,0,0,1326
07/31/2010,BOS,MA,ANE,EN,Towers with Radar,435,334,18,0,787,0,166,39,1,206,435,500,57,1,993,0,0,0,993
08/01/2010,BOS,MA,ANE,EN,Towers with Radar,476,378,22,0,876,0,175,39,0,214,476,553,61,0,1090,0,0,0,1090
08/02/2010,BOS,MA,ANE,EN,Towers with Radar,544,454,30,0,1028,0,153,15,2,170,544,607,45,2,1198,0,0,0,1198
08/03/2010,BOS,MA,ANE,EN,Towers with Radar,565,476,44,0,1085,0,113,33,3,149,565,589,77,3,1234,0,0,0,1234
08/04/2010,BOS,MA,ANE,EN,Towers with Radar,548,536,51,0,1135,0,57,21,3,81,548,593,72,3,1216,0,0,0,1216
08/05/2010,BOS,MA,ANE,EN,Towers with Radar,523,526,45,0,1094,0,24,11,2,37,523,550,56,2,1131,0,0,0,1131
08/06/2010,BOS,MA,ANE,EN,Towers with Radar,547,485,37,0,1069,0,168,24,0,192,547,653,61,0,1261,0,0,0,1261
08/07/2010,BOS,MA,ANE,EN,Towers with Radar,443,311,19,1,774,0,180,32,2,214,443,491,51,3,988,0,0,0,988
08/08/2010,BOS,MA,ANE,EN,Towers with Radar,481,418,23,2,924,0,145,50,8,203,481,563,73,10,1127,0,0,0,1127
08/09/2010,BOS,MA,ANE,EN,Towers with Radar,545,517,44,0,1106,0,92,37,3,132,545,609,81,3,1238,0,0,0,1238
08/10/2010,BOS,MA,ANE,EN,Towers with Radar,547,514,55,0,1116,0,76,19,2,97,547,590,74,2,1213,0,0,0,1213
08/11/2010,BOS,MA,ANE,EN,Towers with Radar,543,495,62,2,1102,0,106,19,3,128,543,601,81,5,1230,0,0,0,1230
08/12/2010,BOS,MA,ANE,EN,Towers with Radar,532,507,49,0,1088,0,144,27,0,171,532,651,76,0,1259,0,0,0,1259
08/13/2010,BOS,MA,ANE,EN,Towers with Radar,535,485,27,2,1049,0,164,47,1,212,535,649,74,3,1261,0,0,0,1261
08/14/2010,BOS,MA,ANE,EN,Towers with Radar,438,331,23,0,792,0,176,44,2,222,438,507,67,2,1014,0,0,0,1014
08/15/2010,BOS,MA,ANE,EN,Towers with Radar,495,388,20,0,903,0,164,27,0,191,495,552,47,0,1094,0,0,0,1094
08/16/2010,BOS,MA,ANE,EN,Towers with Radar,542,556,47,0,1145,0,38,8,0,46,542,594,55,0,1191,0,0,0,1191
08/17/2010,BOS,MA,ANE,EN,Towers with Radar,554,524,40,0,1118,0,50,14,0,64,554,574,54,0,1182,0,0,0,1182
08/18/2010,BOS,MA,ANE,EN,Towers with Radar,561,453,49,0,1063,0,129,20,0,149,561,582,69,0,1212,0,0,0,1212
08/19/2010,BOS,MA,ANE,EN,Towers with Radar,555,543,44,0,1142,0,94,12,1,107,555,637,56,1,1249,0,0,0,1249
08/20/2010,BOS,MA,ANE,EN,Towers with Radar,541,535,31,0,1107,0,117,20,1,138,541,652,51,1,1245,0,0,0,1245
08/21/2010,BOS,MA,ANE,EN,Towers with Radar,434,365,11,0,810,0,129,25,1,155,434,494,36,1,965,0,0,0,965
08/22/2010,BOS,MA,ANE,EN,Towers with Radar,477,461,32,0,970,0,55,5,0,60,477,516,37,0,1030,0,0,0,1030
08/23/2010,BOS,MA,ANE,EN,Towers with Radar,529,478,40,0,1047,0,0,0,0,0,529,478,40,0,1047,0,0,0,1047
08/24/2010,BOS,MA,ANE,EN,Towers with Radar,546,510,33,0,1089,0,0,0,0,0,546,510,33,0,1089,0,0,0,1089
08/25/2010,BOS,MA,ANE,EN,Towers with Radar,549,494,26,0,1069,0,0,0,0,0,549,494,26,0,1069,0,0,0,1069
08/26/2010,BOS,MA,ANE,EN,Towers with Radar,563,516,45,0,1124,0,99,25,2,126,563,615,70,2,1250,0,0,0,1250
08/27/2010,BOS,MA,ANE,EN,Towers with Radar,547,490,36,0,1073,0,111,26,0,137,547,601,62,0,1210,0,0,0,1210
08/28/2010,BOS,MA,ANE,EN,Towers with Radar,425,359,19,0,803,0,109,24,2,135,425,468,43,2,938,0,0,0,938
08/29/2010,BOS,MA,ANE,EN,Towers with Radar,478,398,25,0,901,0,155,28,3,186,478,553,53,3,1087,0,0,0,1087
08/30/2010,BOS,MA,ANE,EN,Towers with Radar,540,441,30,0,1011,0,155,33,2,190,540,596,63,2,1201,0,0,0,1201
08/31/2010,BOS,MA,ANE,EN,Towers with Radar,555,443,26,0,1024,0,107,37,4,148,555,550,63,4,1172,0,0,0,1172
09/01/2010,BOS,MA,ANE,EN,Towers with Radar,550,439,33,2,1024,0,120,29,5,154,550,559,62,7,1178,0,0,0,1178
09/02/2010,BOS,MA,ANE,EN,Towers with Radar,554,471,42,0,1067,0,142,26,0,168,554,613,68,0,1235,0,0,0,1235
09/03/2010,BOS,MA,ANE,EN,Towers with Radar,514,438,21,0,973,0,48,7,0,55,514,486,28,0,1028,0,0,0,1028
09/04/2010,BOS,MA,ANE,EN,Towers with Radar,411,321,15,3,750,0,99,22,0,121,411,420,37,3,871,0,0,0,871
09/05/2010,BOS,MA,ANE,EN,Towers with Radar,406,316,13,0,735,0,91,27,12,130,406,407,40,12,865,0,0,0,865
09/06/2010,BOS,MA,ANE,EN,Towers with Radar,486,409,46,0,941,0,198,32,5,235,486,607,78,5,1176,0,0,0,1176
09/07/2010,BOS,MA,ANE,EN,Towers with Radar,532,439,52,0,1023,0,171,13,2,186,532,610,65,2,1209,0,0,0,1209
09/08/2010,BOS,MA,ANE,EN,Towers with Radar,533,468,52,0,1053,0,62,32,2,96,533,530,84,2,1149,0,0,0,1149
09/09/2010,BOS,MA,ANE,EN,Towers with Radar,535,456,43,0,1034,0,92,20,2,114,535,548,63,2,1148,0,0,0,1148
09/10/2010,BOS,MA,ANE,EN,Towers with Radar,525,461,40,0,1026,0,106,18,3,127,525,567,58,3,1153,0,0,0,1153
09/11/2010,BOS,MA,ANE,EN,Towers with Radar,404,288,26,0,718,0,94,22,8,124,404,382,48,8,842,0,0,0,842
09/12/2010,BOS,MA,ANE,EN,Towers with Radar,454,474,20,0,948,0,52,11,3,66,454,526,31,3,1014,0,0,0,1014
09/13/2010,BOS,MA,ANE,EN,Towers with Radar,515,505,57,0,1077,0,62,9,1,72,515,567,66,1,1149,0,0,0,1149
09/14/2010,BOS,MA,ANE,EN,Towers with Radar,518,493,80,6,1097,0,56,18,2,76,518,549,98,8,1173,0,0,0,1173
09/15/2010,BOS,MA,ANE,EN,Towers with Radar,522,483,88,0,1093,0,87,31,8,126,522,570,119,8,1219,0,0,0,1219
09/16/2010,BOS,MA,ANE,EN,Towers with Radar,537,459,89,0,1085,0,103,24,3,130,537,562,113,3,1215,0,0,0,1215
09/17/2010,BOS,MA,ANE,EN,Towers with Radar,541,523,61,0,1125,0,24,3,1,28,541,547,64,1,1153,0,0,0,1153
09/18/2010,BOS,MA,ANE,EN,Towers with Radar,404,298,13,1,716,0,69,23,4,96,404,367,36,5,812,0,0,0,812
09/19/2010,BOS,MA,ANE,EN,Towers with Radar,462,400,32,0,894,0,114,21,0,135,462,514,53,0,1029,0,0,0,1029
09/20/2010,BOS,MA,ANE,EN,Towers with Radar,525,457,37,1,1020,0,96,35,0,131,525,553,72,1,1151,0,0,0,1151
09/21/2010,BOS,MA,ANE,EN,Towers with Radar,516,435,45,1,997,0,91,24,1,116,516,526,69,2,1113,0,0,0,1113
09/22/2010,BOS,MA,ANE,EN,Towers with Radar,535,493,39,1,1068,0,39,27,0,66,535,532,66,1,1134,0,0,0,1134
09/23/2010,BOS,MA,ANE,EN,Towers with Radar,529,475,32,6,1042,0,105,29,0,134,529,580,61,6,1176,0,0,0,1176
09/24/2010,BOS,MA,ANE,EN,Towers with Radar,536,504,42,1,1083,0,28,19,2,49,536,532,61,3,1132,0,0,0,1132
09/25/2010,BOS,MA,ANE,EN,Towers with Radar,411,318,18,0,747,0,74,14,2,90,411,392,32,2,837,0,0,0,837
09/26/2010,BOS,MA,ANE,EN,Towers with Radar,462,452,23,2,939,0,42,9,1,52,462,494,32,3,991,0,0,0,991
09/27/2010,BOS,MA,ANE,EN,Towers with Radar,506,477,39,2,1024,0,0,1,0,1,506,477,40,2,1025,0,0,0,1025
09/28/2010,BOS,MA,ANE,EN,Towers with Radar,521,469,45,1,1036,0,5,1,0,6,521,474,46,1,1042,0,0,0,1042
09/29/2010,BOS,MA,ANE,EN,Towers with Radar,534,471,77,1,1083,0,48,15,5,68,534,519,92,6,1151,0,0,0,1151
09/30/2010,BOS,MA,ANE,EN,Towers with Radar,517,423,56,0,996,0,8,1,0,9,517,431,57,0,1005,0,0,0,1005
10/01/2010,BOS,MA,ANE,EN,Towers with Radar,530,437,43,1,1011,0,4,2,0,6,530,441,45,1,1017,0,0,0,1017
10/02/2010,BOS,MA,ANE,EN,Towers with Radar,405,311,39,0,755,0,76,39,0,115,405,387,78,0,870,0,0,0,870
10/03/2010,BOS,MA,ANE,EN,Towers with Radar,465,467,35,1,968,0,49,14,0,63,465,516,49,1,1031,0,0,0,1031
10/04/2010,BOS,MA,ANE,EN,Towers with Radar,512,526,57,1,1096,0,0,2,0,2,512,526,59,1,1098,0,0,0,1098
10/05/2010,BOS,MA,ANE,EN,Towers with Radar,524,489,42,0,1055,0,0,0,0,0,524,489,42,0,1055,0,0,0,1055
10/06/2010,BOS,MA,ANE,EN,Towers with Radar,520,485,48,0,1053,0,0,2,0,2,520,485,50,0,1055,0,0,0,1055
10/07/2010,BOS,MA,ANE,EN,Towers with Radar,532,479,43,0,1054,0,59,13,3,75,532,538,56,3,1129,0,0,0,1129
10/08/2010,BOS,MA,ANE,EN,Towers with Radar,536,461,31,0,1028,0,137,40,4,181,536,598,71,4,1209,0,0,0,1209
10/09/2010,BOS,MA,ANE,EN,Towers with Radar,413,298,17,0,728,0,81,23,2,106,413,379,40,2,834,0,0,0,834
10/10/2010,BOS,MA,ANE,EN,Towers with Radar,471,364,13,0,848,0,118,43,4,165,471,482,56,4,1013,0,0,0,1013
10/11/2010,BOS,MA,ANE,EN,Towers with Radar,533,426,29,0,988,0,137,24,1,162,533,563,53,1,1150,0,0,0,1150
10/12/2010,BOS,MA,ANE,EN,Towers with Radar,531,489,41,0,1061,0,15,8,1,24,531,504,49,1,1085,0,0,0,1085
10/13/2010,BOS,MA,ANE,EN,Towers with Radar,524,427,36,2,989,0,74,26,3,103,524,501,62,5,1092,0,0,0,1092
10/14/2010,BOS,MA,ANE,EN,Towers with Radar,529,472,59,1,1061,0,41,21,1,63,529,513,80,2,1124,0,0,0,1124
10/15/2010,BOS,MA,ANE,EN,Towers with Radar,531,458,34,3,1026,1,14,2,0,17,532,472,36,3,1043,0,0,0,1043
10/16/2010,BOS,MA,ANE,EN,Towers with Radar,416,327,21,2,766,0,13,6,3,22,416,340,27,5,788,0,0,0,788
10/17/2010,BOS,MA,ANE,EN,Towers with Radar,469,368,34,1,872,0,83,32,1,116,469,451,66,2,988,0,0,0,988
10/18/2010,BOS,MA,ANE,EN,Towers with Radar,518,432,39,3,992,0,81,27,1,109,518,513,66,4,1101,0,0,0,1101
10/19/2010,BOS,MA,ANE,EN,Towers with Radar,517,443,49,4,1013,0,64,19,0,83,517,507,68,4,1096,0,0,0,1096
10/20/2010,BOS,MA,ANE,EN,Towers with Radar,516,453,52,2,1023,0,56,27,1,84,516,509,79,3,1107,0,0,0,1107
10/21/2010,BOS,MA,ANE,EN,Towers with Radar,534,463,59,0,1056,0,34,11,0,45,534,497,70,0,1101,0,0,0,1101
10/22/2010,BOS,MA,ANE,EN,Towers with Radar,544,446,54,0,1044,0,56,16,1,73,544,502,70,1,1117,0,0,0,1117
10/23/2010,BOS,MA,ANE,EN,Towers with Radar,415,286,26,0,727,0,51,15,0,66,415,337,41,0,793,0,0,0,793
10/24/2010,BOS,MA,ANE,EN,Towers with Radar,466,392,37,0,895,0,51,13,0,64,466,443,50,0,959,0,0,0,959
10/25/2010,BOS,MA,ANE,EN,Towers with Radar,522,493,39,0,1054,0,0,1,0,1,522,493,40,0,1055,0,0,0,1055
10/26/2010,BOS,MA,ANE,EN,Towers with Radar,520,481,70,0,1071,0,16,9,2,27,520,497,79,2,1098,0,0,0,1098
10/27/2010,BOS,MA,ANE,EN,Towers with Radar,502,466,62,1,1031,0,1,3,0,4,502,467,65,1,1035,0,0,0,1035
10/28/2010,BOS,MA,ANE,EN,Towers with Radar,545,463,55,1,1064,0,27,17,2,46,545,490,72,3,1110,0,0,0,1110
10/29/2010,BOS,MA,ANE,EN,Towers with Radar,543,442,42,2,1029,0,61,22,2,85,543,503,64,4,1114,0,0,0,1114
10/30/2010,BOS,MA,ANE,EN,Towers with Radar,412,325,15,1,753,0,15,28,2,45,412,340,43,3,798,0,0,0,798
10/31/2010,BOS,MA,ANE,EN,Towers with Radar,450,373,37,1,861,0,50,26,1,77,450,423,63,2,938,0,0,0,938
11/01/2010,BOS,MA,ANE,EN,Towers with Radar,524,452,32,0,1008,0,54,20,2,76,524,506,52,2,1084,0,0,0,1084
11/02/2010,BOS,MA,ANE,EN,Towers with Radar,512,429,38,0,979,0,44,36,4,84,512,473,74,4,1063,0,0,0,1063
11/03/2010,BOS,MA,ANE,EN,Towers with Radar,509,433,52,0,994,0,56,22,1,79,509,489,74,1,1073,0,0,0,1073
11/04/2010,BOS,MA,ANE,EN,Towers with Radar,512,480,50,0,1042,0,0,6,0,6,512,480,56,0,1048,0,0,0,1048
11/05/2010,BOS,MA,ANE,EN,Towers with Radar,526,484,50,1,1061,0,7,6,0,13,526,491,56,1,1074,0,0,0,1074
11/06/2010,BOS,MA,ANE,EN,Towers with Radar,416,269,16,1,702,0,26,31,0,57,416,295,47,1,759,0,0,0,759
11/07/2010,BOS,MA,ANE,EN,Towers with Radar,458,376,26,0,860,0,15,7,2,24,458,391,33,2,884,0,0,0,884
11/08/2010,BOS,MA,ANE,EN,Towers with Radar,497,407,27,2,933,0,0,0,0,0,497,407,27,2,933,0,0,0,933
11/09/2010,BOS,MA,ANE,EN,Towers with Radar,508,460,48,2,1018,0,2,7,0,9,508,462,55,2,1027,0,0,0,1027
11/10/2010,BOS,MA,ANE,EN,Towers with Radar,510,470,55,2,1037,0,13,7,2,22,510,483,62,4,1059,0,0,0,1059
11/11/2010,BOS,MA,ANE,EN,Towers with Radar,524,461,49,1,1035,0,31,21,0,52,524,492,70,1,1087,0,0,0,1087
11/12/2010,BOS,MA,ANE,EN,Towers with Radar,525,417,42,0,984,0,53,27,2,82,525,470,69,2,1066,0,0,0,1066
11/13/2010,BOS,MA,ANE,EN,Towers with Radar,412,251,17,0,680,0,51,27,2,80,412,302,44,2,760,0,0,0,760
11/14/2010,BOS,MA,ANE,EN,Towers with Radar,472,405,29,0,906,0,11,7,2,20,472,416,36,2,926,0,0,0,926
11/15/2010,BOS,MA,ANE,EN,Towers with Radar,513,488,47,2,1050,0,0,2,1,3,513,488,49,3,1053,0,0,0,1053
11/16/2010,BOS,MA,ANE,EN,Towers with Radar,520,461,40,1,1022,0,5,1,0,6,520,466,41,1,1028,0,0,0,1028
11/17/2010,BOS,MA,ANE,EN,Towers with Radar,510,442,54,3,1009,0,15,9,0,24,510,457,63,3,1033,0,0,0,1033
11/18/2010,BOS,MA,ANE,EN,Towers with Radar,548,425,46,2,1021,0,46,26,0,72,548,471,72,2,1093,0,0,0,1093
11/19/2010,BOS,MA,ANE,EN,Towers with Radar,549,439,43,0,1031,0,43,29,1,73,549,482,72,1,1104,0,0,0,1104
11/20/2010,BOS,MA,ANE,EN,Towers with Radar,425,290,24,0,739,0,31,14,1,46,425,321,38,1,785,0,0,0,785
11/21/2010,BOS,MA,ANE,EN,Towers with Radar,463,345,19,0,827,0,50,28,4,82,463,395,47,4,909,0,0,0,909
11/22/2010,BOS,MA,ANE,EN,Towers with Radar,529,453,19,0,1001,0,25,8,0,33,529,478,27,0,1034,0,0,0,1034
11/23/2010,BOS,MA,ANE,EN,Towers with Radar,563,435,36,1,1035,0,44,14,1,59,563,479,50,2,1094,0,0,0,1094
11/24/2010,BOS,MA,ANE,EN,Towers with Radar,546,446,26,0,1018,0,57,8,0,65,546,503,34,0,1083,0,0,0,1083
11/25/2010,BOS,MA,ANE,EN,Towers with Radar,374,234,7,0,615,0,41,9,2,52,374,275,16,2,667,0,0,0,667
11/26/2010,BOS,MA,ANE,EN,Towers with Radar,403,292,13,0,708,0,14,6,1,21,403,306,19,1,729,0,0,0,729
11/27/2010,BOS,MA,ANE,EN,Towers with Radar,455,335,12,0,802,0,36,21,0,57,455,371,33,0,859,0,0,0,859
11/28/2010,BOS,MA,ANE,EN,Towers with Radar,514,421,28,0,963,0,75,25,1,101,514,496,53,1,1064,0,0,0,1064
11/29/2010,BOS,MA,ANE,EN,Towers with Radar,542,426,33,1,1002,0,58,28,3,89,542,484,61,4,1091,0,0,0,1091
11/30/2010,BOS,MA,ANE,EN,Towers with Radar,543,423,56,0,1022,0,31,16,4,51,543,454,72,4,1073,0,0,0,1073
12/01/2010,BOS,MA,ANE,EN,Towers with Radar,524,418,58,0,1000,0,10,0,0,10,524,428,58,0,1010,0,0,0,1010
12/02/2010,BOS,MA,ANE,EN,Towers with Radar,548,476,53,0,1077,0,61,19,1,81,548,537,72,1,1158,0,0,0,1158
12/03/2010,BOS,MA,ANE,EN,Towers with Radar,528,457,24,0,1009,0,60,21,0,81,528,517,45,0,1090,0,0,0,1090
12/04/2010,BOS,MA,ANE,EN,Towers with Radar,391,281,7,0,679,0,28,8,1,37,391,309,15,1,716,0,0,0,716
12/05/2010,BOS,MA,ANE,EN,Towers with Radar,448,419,20,0,887,0,45,11,0,56,448,464,31,0,943,0,0,0,943
12/06/2010,BOS,MA,ANE,EN,Towers with Radar,508,443,48,1,1000,0,33,10,0,43,508,476,58,1,1043,0,0,0,1043
12/07/2010,BOS,MA,ANE,EN,Towers with Radar,520,406,62,0,988,0,42,11,0,53,520,448,73,0,1041,0,0,0,1041
12/08/2010,BOS,MA,ANE,EN,Towers with Radar,512,418,63,0,993,0,47,18,4,69,512,465,81,4,1062,0,0,0,1062
12/09/2010,BOS,MA,ANE,EN,Towers with Radar,537,424,58,0,1019,0,54,11,0,65,537,478,69,0,1084,0,0,0,1084
12/10/2010,BOS,MA,ANE,EN,Towers with Radar,534,436,43,0,1013,0,52,14,3,69,534,488,57,3,1082,0,0,0,1082
12/11/2010,BOS,MA,ANE,EN,Towers with Radar,386,279,11,2,678,0,26,28,0,54,386,305,39,2,732,0,0,0,732
12/12/2010,BOS,MA,ANE,EN,Towers with Radar,371,312,14,0,697,0,1,0,0,1,371,313,14,0,698,0,0,0,698
12/13/2010,BOS,MA,ANE,EN,Towers with Radar,515,452,48,2,1017,0,8,5,0,13,515,460,53,2,1030,0,0,0,1030
12/14/2010,BOS,MA,ANE,EN,Towers with Radar,523,440,42,0,1005,0,20,16,0,36,523,460,58,0,1041,0,0,0,1041
12/15/2010,BOS,MA,ANE,EN,Towers with Radar,514,425,47,0,986,0,28,9,1,38,514,453,56,1,1024,0,0,0,1024
12/16/2010,BOS,MA,ANE,EN,Towers with Radar,530,397,34,2,963,0,44,22,0,66,530,441,56,2,1029,0,0,0,1029
12/17/2010,BOS,MA,ANE,EN,Towers with Radar,528,400,42,0,970,0,45,24,1,70,528,445,66,1,1040,0,0,0,1040
12/18/2010,BOS,MA,ANE,EN,Towers with Radar,427,295,20,0,742,0,45,20,6,71,427,340,40,6,813,0,0,0,813
12/19/2010,BOS,MA,ANE,EN,Towers with Radar,443,362,17,0,822,0,12,21,0,33,443,374,38,0,855,0,0,0,855
12/20/2010,BOS,MA,ANE,EN,Towers with Radar,470,369,14,0,853,0,4,5,0,9,470,373,19,0,862,0,0,0,862
12/21/2010,BOS,MA,ANE,EN,Towers with Radar,543,407,27,0,977,0,7,5,3,15,543,414,32,3,992,0,0,0,992
12/22/2010,BOS,MA,ANE,EN,Towers with Radar,534,403,18,0,955,0,12,4,0,16,534,415,22,0,971,0,0,0,971
12/23/2010,BOS,MA,ANE,EN,Towers with Radar,534,389,7,0,930,0,11,4,0,15,534,400,11,0,945,0,0,0,945
12/24/2010,BOS,MA,ANE,EN,Towers with Radar,439,284,4,0,727,0,47,16,0,63,439,331,20,0,790,0,0,0,790
12/25/2010,BOS,MA,ANE,EN,Towers with Radar,382,237,4,0,623,0,46,19,1,66,382,283,23,1,689,0,0,0,689
12/26/2010,BOS,MA,ANE,EN,Towers with Radar,246,180,9,0,435,0,1,6,0,7,246,181,15,0,442,0,0,0,442
12/27/2010,BOS,MA,ANE,EN,Towers with Radar,171,56,11,0,238,0,0,0,0,0,171,56,11,0,238,0,0,0,238
12/28/2010,BOS,MA,ANE,EN,Towers with Radar,465,264,18,0,747,0,40,8,1,49,465,304,26,1,796,0,0,0,796
12/29/2010,BOS,MA,ANE,EN,Towers with Radar,482,323,9,0,814,0,51,16,3,70,482,374,25,3,884,0,0,0,884
12/30/2010,BOS,MA,ANE,EN,Towers with Radar,484,323,4,2,813,0,58,13,1,72,484,381,17,3,885,0,0,0,885
12/31/2010,BOS,MA,ANE,EN,Towers with Radar,437,288,4,3,732,0,47,14,6,67,437,335,18,9,799,0,0,0,799
01/01/2011,BOS,MA,ANE,EN,Towers with Radar,388,247,9,0,644,0,40,12,0,52,388,287,21,0,696,0,0,0,696
01/02/2011,BOS,MA,ANE,EN,Towers with Radar,456,366,25,0,847,0,6,0,0,6,456,372,25,0,853,0,0,0,853
01/03/2011,BOS,MA,ANE,EN,Towers with Radar,491,368,18,0,877,0,60,22,0,82,491,428,40,0,959,0,0,0,959
01/04/2011,BOS,MA,ANE,EN,Towers with Radar,534,390,11,1,936,0,51,19,1,71,534,441,30,2,1007,0,0,0,1007
01/05/2011,BOS,MA,ANE,EN,Towers with Radar,512,401,20,3,936,0,52,21,6,79,512,453,41,9,1015,0,0,0,1015
01/06/2011,BOS,MA,ANE,EN,Towers with Radar,522,401,36,0,959,0,58,17,0,75,522,459,53,0,1034,0,0,0,1034
01/07/2011,BOS,MA,ANE,EN,Towers with Radar,504,418,24,0,946,0,22,4,0,26,504,440,28,0,972,0,0,0,972
01/08/2011,BOS,MA,ANE,EN,Towers with Radar,381,304,9,0,694,0,1,1,0,2,381,305,10,0,696,0,0,0,696
01/09/2011,BOS,MA,ANE,EN,Towers with Radar,439,368,16,3,826,0,28,9,0,37,439,396,25,3,863,0,0,0,863
01/10/2011,BOS,MA,ANE,EN,Towers with Radar,469,405,35,0,909,0,47,13,1,61,469,452,48,1,970,0,0,0,970
01/11/2011,BOS,MA,ANE,EN,Towers with Radar,395,390,45,0,830,0,10,15,1,26,395,400,60,1,856,0,0,0,856
01/12/2011,BOS,MA,ANE,EN,Towers with Radar,74,51,6,0,131,0,0,0,0,0,74,51,6,0,131,0,0,0,131
01/13/2011,BOS,MA,ANE,EN,Towers with Radar,495,391,38,0,924,0,51,8,1,60,495,442,46,1,984,0,0,0,984
01/14/2011,BOS,MA,ANE,EN,Towers with Radar,528,440,29,0,997,0,25,17,0,42,528,465,46,0,1039,0,0,0,1039
01/15/2011,BOS,MA,ANE,EN,Towers with Radar,380,269,11,0,660,0,43,13,2,58,380,312,24,2,718,0,0,0,718
01/16/2011,BOS,MA,ANE,EN,Towers with Radar,441,324,10,0,775,0,46,8,0,54,441,370,18,0,829,0,0,0,829
01/17/2011,BOS,MA,ANE,EN,Towers with Radar,489,409,38,0,936,0,52,25,4,81,489,461,63,4,1017,0,0,0,1017
01/18/2011,BOS,MA,ANE,EN,Towers with Radar,448,318,18,0,784,0,0,4,0,4,448,318,22,0,788,0,0,0,788
01/19/2011,BOS,MA,ANE,EN,Towers with Radar,487,465,36,2,990,0,0,0,0,0,487,465,36,2,990,0,0,0,990
01/20/2011,BOS,MA,ANE,EN,Towers with Radar,505,440,36,2,983,0,37,19,0,56,505,477,55,2,1039,0,0,0,1039
01/21/2011,BOS,MA,ANE,EN,Towers with Radar,428,294,29,1,752,0,9,9,0,18,428,303,38,1,770,0,0,0,770
01/22/2011,BOS,MA,ANE,EN,Towers with Radar,373,258,7,0,638,0,50,8,3,61,373,308,15,3,699,0,0,0,699
01/23/2011,BOS,MA,ANE,EN,Towers with Radar,432,352,13,0,797,0,39,21,1,61,432,391,34,1,858,0,0,0,858
01/24/2011,BOS,MA,ANE,EN,Towers with Radar,500,401,27,0,928,0,54,27,0,81,500,455,54,0,1009,0,0,0,1009
01/25/2011,BOS,MA,ANE,EN,Towers with Radar,479,428,28,0,935,0,6,4,0,10,479,434,32,0,945,0,0,0,945
01/26/2011,BOS,MA,ANE,EN,Towers with Radar,401,331,22,0,754,0,1,3,0,4,401,332,25,0,758,0,0,0,758
01/27/2011,BOS,MA,ANE,EN,Towers with Radar,351,250,32,0,633,0,23,4,0,27,351,273,36,0,660,0,0,0,660
01/28/2011,BOS,MA,ANE,EN,Towers with Radar,506,440,35,0,981,0,33,10,0,43,506,473,45,0,1024,0,0,0,1024
01/29/2011,BOS,MA,ANE,EN,Towers with Radar,383,305,18,0,706,0,14,10,0,24,383,319,28,0,730,0,0,0,730
01/30/2011,BOS,MA,ANE,EN,Towers with Radar,431,370,22,0,823,0,30,9,2,41,431,400,31,2,864,0,0,0,864
01/31/2011,BOS,MA,ANE,EN,Towers with Radar,509,411,37,0,957,0,55,22,1,78,509,466,59,1,1035,0,0,0,1035
02/01/2011,BOS,MA,ANE,EN,Towers with Radar,260,137,29,0,426,0,0,8,0,8,260,137,37,0,434,0,0,0,434
02/02/2011,BOS,MA,ANE,EN,Towers with Radar,131,93,17,0,241,0,0,0,0,0,131,93,17,0,241,0,0,0,241
02/03/2011,BOS,MA,ANE,EN,Towers with Radar,458,400,58,0,916,0,25,12,5,42,458,425,70,5,958,0,0,0,958
02/04/2011,BOS,MA,ANE,EN,Towers with Radar,505,405,50,0,960,0,58,11,0,69,505,463,61,0,1029,0,0,0,1029
02/05/2011,BOS,MA,ANE,EN,Towers with Radar,399,265,10,0,674,0,33,4,1,38,399,298,14,1,712,0,0,0,712
02/06/2011,BOS,MA,ANE,EN,Towers with Radar,431,358,30,0,819,0,38,14,4,56,431,396,44,4,875,0,0,0,875
02/07/2011,BOS,MA,ANE,EN,Towers with Radar,500,411,34,0,945,0,46,13,0,59,500,457,47,0,1004,0,0,0,1004
02/08/2011,BOS,MA,ANE,EN,Towers with Radar,489,415,41,1,946,0,5,0,0,5,489,420,41,1,951,0,0,0,951
02/09/2011,BOS,MA,ANE,EN,Towers with Radar,497,403,43,1,944,0,56,30,0,86,497,459,73,1,1030,0,0,0,1030
02/10/2011,BOS,MA,ANE,EN,Towers with Radar,513,437,63,1,1014,0,55,24,2,81,513,492,87,3,1095,0,0,0,1095
02/11/2011,BOS,MA,ANE,EN,Towers with Radar,532,423,38,0,993,0,58,21,4,83,532,481,59,4,1076,0,0,0,1076
02/12/2011,BOS,MA,ANE,EN,Towers with Radar,394,287,6,0,687,0,42,8,0,50,394,329,14,0,737,0,0,0,737
02/13/2011,BOS,MA,ANE,EN,Towers with Radar,428,364,22,0,814,0,38,16,5,59,428,402,38,5,873,0,0,0,873
02/14/2011,BOS,MA,ANE,EN,Towers with Radar,501,399,30,0,930,0,49,14,0,63,501,448,44,0,993,0,0,0,993
02/15/2011,BOS,MA,ANE,EN,Towers with Radar,509,404,21,0,934,0,61,18,1,80,509,465,39,1,1014,0,0,0,1014
02/16/2011,BOS,MA,ANE,EN,Towers with Radar,500,395,39,1,935,0,59,25,2,86,500,454,64,3,1021,0,0,0,1021
02/17/2011,BOS,MA,ANE,EN,Towers with Radar,541,439,44,3,1027,0,55,12,2,69,541,494,56,5,1096,0,0,0,1096
02/18/2011,BOS,MA,ANE,EN,Towers with Radar,546,454,35,0,1035,0,36,15,1,52,546,490,50,1,1087,0,0,0,1087
02/19/2011,BOS,MA,ANE,EN,Towers with Radar,435,289,11,0,735,1,31,0,0,32,436,320,11,0,767,0,0,0,767
02/20/2011,BOS,MA,ANE,EN,Towers with Radar,447,320,13,0,780,0,48,9,0,57,447,368,22,0,837,0,0,0,837
02/21/2011,BOS,MA,ANE,EN,Towers with Radar,492,386,23,0,901,0,22,9,3,34,492,408,32,3,935,0,0,0,935
02/22/2011,BOS,MA,ANE,EN,Towers with Radar,542,408,31,0,981,1,56,23,1,81,543,464,54,1,1062,0,0,0,1062
02/23/2011,BOS,MA,ANE,EN,Towers with Radar,519,417,55,0,991,1,61,26,1,89,520,478,81,1,1080,0,0,0,1080
02/24/2011,BOS,MA,ANE,EN,Towers with Radar,531,428,48,0,1007,0,47,11,3,61,531,475,59,3,1068,0,0,0,1068
02/25/2011,BOS,MA,ANE,EN,Towers with Radar,511,348,19,0,878,0,0,2,0,2,511,348,21,0,880,0,0,0,880
02/26/2011,BOS,MA,ANE,EN,Towers with Radar,447,305,17,2,771,0,35,5,2,42,447,340,22,4,813,0,0,0,813
02/27/2011,BOS,MA,ANE,EN,Towers with Radar,474,386,22,0,882,0,1,0,0,1,474,387,22,0,883,0,0,0,883
02/28/2011,BOS,MA,ANE,EN,Towers with Radar,519,409,37,0,965,0,0,1,0,1,519,409,38,0,966,0,0,0,966
03/01/2011,BOS,MA,ANE,EN,Towers with Radar,538,412,48,2,1000,0,61,12,0,73,538,473,60,2,1073,0,0,0,1073
03/02/2011,BOS,MA,ANE,EN,Towers with Radar,533,411,49,0,993,0,44,7,4,55,533,455,56,4,1048,0,0,0,1048
03/03/2011,BOS,MA,ANE,EN,Towers with Radar,520,434,51,0,1005,0,60,25,4,89,520,494,76,4,1094,0,0,0,1094
03/04/2011,BOS,MA,ANE,EN,Towers with Radar,550,420,41,1,1012,0,53,16,2,71,550,473,57,3,1083,0,0,0,1083
03/05/2011,BOS,MA,ANE,EN,Towers with Radar,420,318,19,3,760,0,15,5,2,22,420,333,24,5,782,0,0,0,782
03/06/2011,BOS,MA,ANE,EN,Towers with Radar,478,349,21,0,848,0,13,5,0,18,478,362,26,0,866,0,0,0,866
03/07/2011,BOS,MA,ANE,EN,Towers with Radar,535,418,45,1,999,0,10,4,0,14,535,428,49,1,1013,0,0,0,1013
03/08/2011,BOS,MA,ANE,EN,Towers with Radar,530,428,36,3,997,0,38,19,2,59,530,466,55,5,1056,0,0,0,1056
03/09/2011,BOS,MA,ANE,EN,Towers with Radar,525,461,49,4,1039,0,10,4,0,14,525,471,53,4,1053,0,0,0,1053
03/10/2011,BOS,MA,ANE,EN,Towers with Radar,522,474,45,4,1045,0,0,5,0,5,522,474,50,4,1050,0,0,0,1050
03/11/2011,BOS,MA,ANE,EN,Towers with Radar,552,413,24,0,989,0,1,0,0,1,552,414,24,0,990,0,0,0,990
03/12/2011,BOS,MA,ANE,EN,Towers with Radar,442,325,11,0,778,0,30,16,1,47,442,355,27,1,825,0,0,0,825
03/13/2011,BOS,MA,ANE,EN,Towers with Radar,475,370,17,2,864,0,37,14,0,51,475,407,31,2,915,0,0,0,915
03/14/2011,BOS,MA,ANE,EN,Towers with Radar,529,452,23,5,1009,0,17,22,1,40,529,469,45,6,1049,0,0,0,1049
03/15/2011,BOS,MA,ANE,EN,Towers with Radar,531,423,32,7,993,0,57,25,7,89,531,480,57,14,1082,0,0,0,1082
03/16/2011,BOS,MA,ANE,EN,Towers with Radar,523,457,40,8,1028,0,7,2,1,10,523,464,42,9,1038,0,0,0,1038
03/17/2011,BOS,MA,ANE,EN,Towers with Radar,544,437,21,4,1006,0,61,18,2,81,544,498,39,6,1087,0,0,0,1087
03/18/2011,BOS,MA,ANE,EN,Towers with Radar,543,422,27,6,998,0,59,19,0,78,543,481,46,6,1076,0,0,0,1076
03/19/2011,BOS,MA,ANE,EN,Towers with Radar,438,307,14,0,759,0,27,15,0,42,438,334,29,0,801,0,0,0,801
03/20/2011,BOS,MA,ANE,EN,Towers with Radar,472,351,20,1,844,0,55,15,0,70,472,406,35,1,914,0,0,0,914
03/21/2011,BOS,MA,ANE,EN,Towers with Radar,521,421,46,1,989,0,15,2,0,17,521,436,48,1,1006,0,0,0,1006
03/22/2011,BOS,MA,ANE,EN,Towers with Radar,540,467,51,0,1058,0,9,12,3,24,540,476,63,3,1082,0,0,0,1082
03/23/2011,BOS,MA,ANE,EN,Towers with Radar,519,404,44,0,967,0,47,6,0,53,519,451,50,0,1020,0,0,0,1020
03/24/2011,BOS,MA,ANE,EN,Towers with Radar,533,475,37,0,1045,0,2,9,0,11,533,477,46,0,1056,0,0,0,1056
03/25/2011,BOS,MA,ANE,EN,Towers with Radar,542,446,23,0,1011,0,55,26,1,82,542,501,49,1,1093,0,0,0,1093
03/26/2011,BOS,MA,ANE,EN,Towers with Radar,443,292,17,1,753,0,54,9,2,65,443,346,26,3,818,0,0,0,818
03/27/2011,BOS,MA,ANE,EN,Towers with Radar,481,367,19,2,869,0,54,17,1,72,481,421,36,3,941,0,0,0,941
03/28/2011,BOS,MA,ANE,EN,Towers with Radar,528,420,38,1,987,0,61,4,2,67,528,481,42,3,1054,0,0,0,1054
03/29/2011,BOS,MA,ANE,EN,Towers with Radar,552,429,39,0,1020,1,53,15,0,69,553,482,54,0,1089,0,0,0,1089
03/30/2011,BOS,MA,ANE,EN,Towers with Radar,521,424,55,0,1000,0,64,20,6,90,521,488,75,6,1090,0,0,0,1090
03/31/2011,BOS,MA,ANE,EN,Towers with Radar,531,435,60,2,1028,0,42,12,1,55,531,477,72,3,1083,0,0,0,1083
04/01/2011,BOS,MA,ANE,EN,Towers with Radar,548,440,20,0,1008,0,0,0,0,0,548,440,20,0,1008,0,0,0,1008
04/02/2011,BOS,MA,ANE,EN,Towers with Radar,434,302,19,0,755,0,42,8,0,50,434,344,27,0,805,0,0,0,805
04/03/2011,BOS,MA,ANE,EN,Towers with Radar,480,377,14,0,871,0,57,18,0,75,480,434,32,0,946,0,0,0,946
04/04/2011,BOS,MA,ANE,EN,Towers with Radar,537,444,28,0,1009,0,13,5,2,20,537,457,33,2,1029,0,0,0,1029
04/05/2011,BOS,MA,ANE,EN,Towers with Radar,519,449,36,0,1004,0,2,1,0,3,519,451,37,0,1007,0,0,0,1007
04/06/2011,BOS,MA,ANE,EN,Towers with Radar,537,441,55,0,1033,0,42,33,1,76,537,483,88,1,1109,0,0,0,1109
04/07/2011,BOS,MA,ANE,EN,Towers with Radar,555,438,53,1,1047,0,74,24,1,99,555,512,77,2,1146,0,0,0,1146
04/08/2011,BOS,MA,ANE,EN,Towers with Radar,563,432,53,1,1049,0,69,24,0,93,563,501,77,1,1142,0,0,0,1142
04/09/2011,BOS,MA,ANE,EN,Towers with Radar,457,295,17,0,769,0,64,22,5,91,457,359,39,5,860,0,0,0,860
04/10/2011,BOS,MA,ANE,EN,Towers with Radar,490,375,24,0,889,0,61,21,1,83,490,436,45,1,972,0,0,0,972
04/11/2011,BOS,MA,ANE,EN,Towers with Radar,540,452,29,0,1021,0,9,9,4,22,540,461,38,4,1043,0,0,0,1043
04/12/2011,BOS,MA,ANE,EN,Towers with Radar,533,435,50,0,1018,0,49,16,3,68,533,484,66,3,1086,0,0,0,1086
04/13/2011,BOS,MA,ANE,EN,Towers with Radar,541,434,56,0,1031,0,0,0,2,2,541,434,56,2,1033,0,0,0,1033
04/14/2011,BOS,MA,ANE,EN,Towers with Radar,568,475,57,0,1100,0,42,13,0,55,568,517,70,0,1155,0,0,0,1155
04/15/2011,BOS,MA,ANE,EN,Towers with Radar,553,463,40,0,1056,0,70,30,2,102,553,533,70,2,1158,0,0,0,1158
04/16/2011,BOS,MA,ANE,EN,Towers with Radar,494,315,27,4,840,0,38,18,0,56,494,353,45,4,896,0,0,0,896
04/17/2011,BOS,MA,ANE,EN,Towers with Radar,517,394,24,3,938,0,36,16,2,54,517,430,40,5,992,0,0,0,992
04/18/2011,BOS,MA,ANE,EN,Towers with Radar,564,433,22,1,1020,0,50,31,0,81,564,483,53,1,1101,0,0,0,1101
04/19/2011,BOS,MA,ANE,EN,Towers with Radar,565,453,45,0,1063,0,20,4,0,24,565,473,49,0,1087,0,0,0,1087
04/20/2011,BOS,MA,ANE,EN,Towers with Radar,557,449,31,0,1037,0,1,0,0,1,557,450,31,0,1038,0,0,0,1038
04/21/2011,BOS,MA,ANE,EN,Towers with Radar,572,452,39,0,1063,0,44,7,0,51,572,496,46,0,1114,0,0,0,1114
04/22/2011,BOS,MA,ANE,EN,Towers with Radar,575,421,21,0,1017,0,68,23,1,92,575,489,44,1,1109,0,0,0,1109
04/23/2011,BOS,MA,ANE,EN,Towers with Radar,481,322,12,0,815,0,3,0,2,5,481,325,12,2,820,0,0,0,820
04/24/2011,BOS,MA,ANE,EN,Towers with Radar,497,392,18,0,907,0,32,8,0,40,497,424,26,0,947,0,0,0,947
04/25/2011,BOS,MA,ANE,EN,Towers with Radar,559,459,42,0,1060,0,6,3,0,9,559,465,45,0,1069,0,0,0,1069
04/26/2011,BOS,MA,ANE,EN,Towers with Radar,555,434,45,3,1037,0,0,1,0,1,555,434,46,3,1038,0,0,0,1038
04/27/2011,BOS,MA,ANE,EN,Towers with Radar,575,468,64,1,1108,0,3,2,0,5,575,471,66,1,1113,0,0,0,1113
04/28/2011,BOS,MA,ANE,EN,Towers with Radar,558,399,28,2,987,0,0,0,0,0,558,399,28,2,987,0,0,0,987
04/29/2011,BOS,MA,ANE,EN,Towers with Radar,580,441,38,2,1061,0,81,17,2,100,580,522,55,4,1161,0,0,0,1161
04/30/2011,BOS,MA,ANE,EN,Towers with Radar,471,302,12,0,785,0,55,11,6,72,471,357,23,6,857,0,0,0,857
05/01/2011,BOS,MA,ANE,EN,Towers with Radar,501,357,25,0,883,0,94,30,1,125,501,451,55,1,1008,0,0,0,1008
05/02/2011,BOS,MA,ANE,EN,Towers with Radar,556,423,52,0,1031,0,78,24,4,106,556,501,76,4,1137,0,0,0,1137
05/03/2011,BOS,MA,ANE,EN,Towers with Radar,560,431,55,0,1046,0,45,8,0,53,560,476,63,0,1099,0,0,0,1099
05/04/2011,BOS,MA,ANE,EN,Towers with Radar,519,479,66,0,1064,0,0,1,0,1,519,479,67,0,1065,0,0,0,1065
05/05/2011,BOS,MA,ANE,EN,Towers with Radar,571,497,53,1,1122,0,31,5,0,36,571,528,58,1,1158,0,0,0,1158
05/06/2011,BOS,MA,ANE,EN,Towers with Radar,559,438,59,3,1059,0,94,16,2,112,559,532,75,5,1171,0,0,0,1171
05/07/2011,BOS,MA,ANE,EN,Towers with Radar,421,323,16,0,760,0,52,4,0,56,421,375,20,0,816,0,0,0,816
05/08/2011,BOS,MA,ANE,EN,Towers with Radar,486,413,25,0,924,0,5,2,0,7,486,418,27,0,931,0,0,0,931
05/09/2011,BOS,MA,ANE,EN,Towers with Radar,552,437,46,0,1035,0,74,13,1,88,552,511,59,1,1123,0,0,0,1123
05/10/2011,BOS,MA,ANE,EN,Towers with Radar,546,466,58,0,1070,0,3,4,2,9,546,469,62,2,1079,0,0,0,1079
05/11/2011,BOS,MA,ANE,EN,Towers with Radar,544,489,54,2,1089,0,18,7,0,25,544,507,61,2,1114,0,0,0,1114
05/12/2011,BOS,MA,ANE,EN,Towers with Radar,565,502,39,0,1106,0,28,14,0,42,565,530,53,0,1148,0,0,0,1148
05/13/2011,BOS,MA,ANE,EN,Towers with Radar,558,447,40,0,1045,0,83,15,3,101,558,530,55,3,1146,0,0,0,1146
05/14/2011,BOS,MA,ANE,EN,Towers with Radar,417,367,23,0,807,0,5,1,0,6,417,372,24,0,813,0,0,0,813
05/15/2011,BOS,MA,ANE,EN,Towers with Radar,495,417,24,2,938,0,0,3,0,3,495,417,27,2,941,0,0,0,941
05/16/2011,BOS,MA,ANE,EN,Towers with Radar,517,468,42,0,1027,0,2,3,0,5,517,470,45,0,1032,0,0,0,1032
05/17/2011,BOS,MA,ANE,EN,Towers with Radar,523,455,37,1,1016,0,0,0,0,0,523,455,37,1,1016,0,0,0,1016
05/18/2011,BOS,MA,ANE,EN,Towers with Radar,537,461,32,0,1030,0,0,0,0,0,537,461,32,0,1030,0,0,0,1030
05/19/2011,BOS,MA,ANE,EN,Towers with Radar,559,483,43,3,1088,0,0,0,0,0,559,483,43,3,1088,0,0,0,1088
05/20/2011,BOS,MA,ANE,EN,Towers with Radar,566,525,52,2,1145,0,6,2,0,8,566,531,54,2,1153,0,0,0,1153
05/21/2011,BOS,MA,ANE,EN,Towers with Radar,422,341,25,3,791,0,13,2,0,15,422,354,27,3,806,0,0,0,806
05/22/2011,BOS,MA,ANE,EN,Towers with Radar,496,452,44,2,994,0,0,5,0,5,496,452,49,2,999,0,0,0,999
05/23/2011,BOS,MA,ANE,EN,Towers with Radar,533,476,44,1,1054,0,0,0,0,0,533,476,44,1,1054,0,0,0,1054
05/24/2011,BOS,MA,ANE,EN,Towers with Radar,569,502,53,2,1126,1,16,6,1,24,570,518,59,3,1150,0,0,0,1150
05/25/2011,BOS,MA,ANE,EN,Towers with Radar,529,478,70,3,1080,0,48,3,8,59,529,526,73,11,1139,0,0,0,1139
05/26/2011,BOS,MA,ANE,EN,Towers with Radar,565,532,69,0,1166,0,42,12,0,54,565,574,81,0,1220,0,0,0,1220
05/27/2011,BOS,MA,ANE,EN,Towers with Radar,567,513,73,0,1153,0,76,9,2,87,567,589,82,2,1240,0,0,0,1240
05/28/2011,BOS,MA,ANE,EN,Towers with Radar,417,371,18,0,806,0,17,0,1,18,417,388,18,1,824,0,0,0,824
05/29/2011,BOS,MA,ANE,EN,Towers with Radar,403,351,23,1,778,0,35,5,3,43,403,386,28,4,821,0,0,0,821
05/30/2011,BOS,MA,ANE,EN,Towers with Radar,501,488,26,1,1016,0,100,7,4,111,501,588,33,5,1127,0,0,0,1127
05/31/2011,BOS,MA,ANE,EN,Towers with Radar,549,445,34,2,1030,0,118,15,0,133,549,563,49,2,1163,0,0,0,1163
06/01/2011,BOS,MA,ANE,EN,Towers with Radar,530,467,76,0,1073,0,32,8,1,41,530,499,84,1,1114,0,0,0,1114
06/02/2011,BOS,MA,ANE,EN,Towers with Radar,575,469,81,0,1125,0,87,30,0,117,575,556,111,0,1242,0,0,0,1242
06/03/2011,BOS,MA,ANE,EN,Towers with Radar,569,468,49,0,1086,0,99,7,0,106,569,567,56,0,1192,0,0,0,1192
06/04/2011,BOS,MA,ANE,EN,Towers with Radar,410,290,14,0,714,0,121,13,2,136,410,411,27,2,850,0,0,0,850
06/05/2011,BOS,MA,ANE,EN,Towers with Radar,488,394,37,0,919,0,130,6,1,137,488,524,43,1,1056,0,0,0,1056
06/06/2011,BOS,MA,ANE,EN,Towers with Radar,566,431,50,2,1049,0,120,24,0,144,566,551,74,2,1193,0,0,0,1193
06/07/2011,BOS,MA,ANE,EN,Towers with Radar,567,442,47,0,1056,0,101,9,3,113,567,543,56,3,1169,0,0,0,1169
06/08/2011,BOS,MA,ANE,EN,Towers with Radar,571,457,88,0,1116,0,99,22,1,122,571,556,110,1,1238,0,0,0,1238
06/09/2011,BOS,MA,ANE,EN,Towers with Radar,539,397,60,0,996,0,56,9,1,66,539,453,69,1,1062,0,0,0,1062
06/10/2011,BOS,MA,ANE,EN,Towers with Radar,591,538,32,2,1163,0,61,16,1,78,591,599,48,3,1241,0,0,0,1241
06/11/2011,BOS,MA,ANE,EN,Towers with Radar,438,374,15,0,827,0,37,8,0,45,438,411,23,0,872,0,0,0,872
06/12/2011,BOS,MA,ANE,EN,Towers with Radar,511,450,18,0,979,0,0,0,0,0,511,450,18,0,979,0,0,0,979
06/13/2011,BOS,MA,ANE,EN,Towers with Radar,569,551,78,1,1199,0,22,6,0,28,569,573,84,1,1227,0,0,0,1227
06/14/2011,BOS,MA,ANE,EN,Towers with Radar,570,540,61,0,1171,0,16,5,0,21,570,556,66,0,1192,0,0,0,1192
06/15/2011,BOS,MA,ANE,EN,Towers with Radar,557,458,52,2,1069,0,102,10,4,116,557,560,62,6,1185,0,0,0,1185
06/16/2011,BOS,MA,ANE,EN,Towers with Radar,566,468,66,0,1100,0,119,11,6,136,566,587,77,6,1236,0,0,0,1236
06/17/2011,BOS,MA,ANE,EN,Towers with Radar,575,488,36,0,1099,0,74,7,1,82,575,562,43,1,1181,0,0,0,1181
06/18/2011,BOS,MA,ANE,EN,Towers with Radar,455,374,40,0,869,0,65,14,0,79,455,439,54,0,948,0,0,0,948
06/19/2011,BOS,MA,ANE,EN,Towers with Radar,504,370,22,0,896,0,149,15,0,164,504,519,37,0,1060,0,0,0,1060
06/20/2011,BOS,MA,ANE,EN,Towers with Radar,563,458,37,0,1058,0,132,14,0,146,563,590,51,0,1204,0,0,0,1204
06/21/2011,BOS,MA,ANE,EN,Towers with Radar,568,462,43,1,1074,0,105,12,5,122,568,567,55,6,1196,0,0,0,1196
06/22/2011,BOS,MA,ANE,EN,Towers with Radar,566,552,42,0,1160,0,10,4,0,14,566,562,46,0,1174,0,0,0,1174
06/23/2011,BOS,MA,ANE,EN,Towers with Radar,578,520,51,2,1151,0,0,0,0,0,578,520,51,2,1151,0,0,0,1151
06/24/2011,BOS,MA,ANE,EN,Towers with Radar,553,534,36,2,1125,0,0,0,0,0,553,534,36,2,1125,0,0,0,1125
06/25/2011,BOS,MA,ANE,EN,Towers with Radar,469,413,7,0,889,0,6,1,1,8,469,419,8,1,897,0,0,0,897
06/26/2011,BOS,MA,ANE,EN,Towers with Radar,501,485,30,1,1017,0,38,3,2,43,501,523,33,3,1060,0,0,0,1060
06/27/2011,BOS,MA,ANE,EN,Towers with Radar,568,473,34,0,1075,0,128,24,3,155,568,601,58,3,1230,0,0,0,1230
06/28/2011,BOS,MA,ANE,EN,Towers with Radar,572,490,70,3,1135,0,57,12,1,70,572,547,82,4,1205,0,0,0,1205
06/29/2011,BOS,MA,ANE,EN,Towers with Radar,575,529,56,0,1160,0,63,8,0,71,575,592,64,0,1231,0,0,0,1231
06/30/2011,BOS,MA,ANE,EN,Towers with Radar,577,474,42,2,1095,0,148,21,2,171,577,622,63,4,1266,0,0,0,1266
07/01/2011,BOS,MA,ANE,EN,Towers with Radar,572,464,31,2,1069,1,225,30,7,263,573,689,61,9,1332,0,0,0,1332
07/02/2011,BOS,MA,ANE,EN,Towers with Radar,460,339,22,0,821,0,178,11,0,189,460,517,33,0,1010,0,0,0,1010
07/03/2011,BOS,MA,ANE,EN,Towers with Radar,409,362,11,0,782,0,41,3,0,44,409,403,14,0,826,0,0,0,826
07/04/2011,BOS,MA,ANE,EN,Towers with Radar,492,445,14,1,952,0,91,17,0,108,492,536,31,1,1060,0,0,0,1060
07/05/2011,BOS,MA,ANE,EN,Towers with Radar,571,454,27,0,1052,0,197,23,3,223,571,651,50,3,1275,0,0,0,1275
07/06/2011,BOS,MA,ANE,EN,Towers with Radar,577,484,33,0,1094,0,85,12,0,97,577,569,45,0,1191,0,0,0,1191
07/07/2011,BOS,MA,ANE,EN,Towers with Radar,596,485,38,0,1119,0,111,17,1,129,596,596,55,1,1248,0,0,0,1248
07/08/2011,BOS,MA,ANE,EN,Towers with Radar,558,488,48,0,1094,0,6,2,0,8,558,494,50,0,1102,0,0,0,1102
07/09/2011,BOS,MA,ANE,EN,Towers with Radar,461,406,10,0,877,0,104,17,3,124,461,510,27,3,1001,0,0,0,1001
07/10/2011,BOS,MA,ANE,EN,Towers with Radar,505,401,25,0,931,0,198,17,2,217,505,599,42,2,1148,0,0,0,1148
07/11/2011,BOS,MA,ANE,EN,Towers with Radar,576,479,31,0,1086,0,127,10,0,137,576,606,41,0,1223,0,0,0,1223
07/12/2011,BOS,MA,ANE,EN,Towers with Radar,582,518,25,0,1125,0,67,7,2,76,582,585,32,2,1201,0,0,0,1201
07/13/2011,BOS,MA,ANE,EN,Towers with Radar,572,475,52,2,1101,0,83,11,2,96,572,558,63,4,1197,0,0,0,1197
07/14/2011,BOS,MA,ANE,EN,Towers with Radar,581,499,45,0,1125,0,132,23,2,157,581,631,68,2,1282,0,0,0,1282
07/15/2011,BOS,MA,ANE,EN,Towers with Radar,576,451,24,1,1052,0,198,19,2,219,576,649,43,3,1271,0,0,0,1271
07/16/2011,BOS,MA,ANE,EN,Towers with Radar,458,314,10,0,782,0,190,29,0,219,458,504,39,0,1001,0,0,0,1001
07/17/2011,BOS,MA,ANE,EN,Towers with Radar,503,384,24,0,911,0,195,26,3,224,503,579,50,3,1135,0,0,0,1135
07/18/2011,BOS,MA,ANE,EN,Towers with Radar,562,489,33,0,1084,0,108,3,2,113,562,597,36,2,1197,0,0,0,1197
07/19/2011,BOS,MA,ANE,EN,Towers with Radar,573,468,43,0,1084,0,100,15,1,116,573,568,58,1,1200,0,0,0,1200
07/20/2011,BOS,MA,ANE,EN,Towers with Radar,579,491,45,2,1117,0,98,14,2,114,579,589,59,4,1231,0,0,0,1231
07/21/2011,BOS,MA,ANE,EN,Towers with Radar,587,543,53,1,1184,0,49,9,1,59,587,592,62,2,1243,0,0,0,1243
07/22/2011,BOS,MA,ANE,EN,Towers with Radar,577,499,52,1,1129,0,147,20,0,167,577,646,72,1,1296,0,0,0,1296
07/23/2011,BOS,MA,ANE,EN,Towers with Radar,452,334,16,0,802,0,128,11,0,139,452,462,27,0,941,0,0,0,941
07/24/2011,BOS,MA,ANE,EN,Towers with Radar,501,408,32,0,941,0,196,17,1,214,501,604,49,1,1155,0,0,0,1155
07/25/2011,BOS,MA,ANE,EN,Towers with Radar,535,464,41,0,1040,0,136,9,1,146,535,600,50,1,1186,0,0,0,1186
07/26/2011,BOS,MA,ANE,EN,Towers with Radar,592,557,45,2,1196,0,24,5,0,29,592,581,50,2,1225,0,0,0,1225
07/27/2011,BOS,MA,ANE,EN,Towers with Radar,577,498,57,0,1132,0,112,18,0,130,577,610,75,0,1262,0,0,0,1262
07/28/2011,BOS,MA,ANE,EN,Towers with Radar,586,494,52,0,1132,0,162,25,1,188,586,656,77,1,1320,0,0,0,1320
07/29/2011,BOS,MA,ANE,EN,Towers with Radar,580,563,52,1,1196,0,59,5,0,64,580,622,57,1,1260,0,0,0,1260
07/30/2011,BOS,MA,ANE,EN,Towers with Radar,463,337,13,0,813,0,172,29,2,203,463,509,42,2,1016,0,0,0,1016
07/31/2011,BOS,MA,ANE,EN,Towers with Radar,503,395,31,1,930,0,192,30,0,222,503,587,61,1,1152,0,0,0,1152
08/01/2011,BOS,MA,ANE,EN,Towers with Radar,545,421,19,1,986,0,156,15,0,171,545,577,34,1,1157,0,0,0,1157
08/02/2011,BOS,MA,ANE,EN,Towers with Radar,584,478,34,8,1104,0,100,12,5,117,584,578,46,13,1221,0,0,0,1221
08/03/2011,BOS,MA,ANE,EN,Towers with Radar,584,495,30,25,1134,0,108,6,5,119,584,603,36,30,1253,0,0,0,1253
08/04/2011,BOS,MA,ANE,EN,Towers with Radar,577,539,61,1,1178,0,115,16,2,133,577,654,77,3,1311,0,0,0,1311
08/05/2011,BOS,MA,ANE,EN,Towers with Radar,582,543,63,0,1188,0,109,20,3,132,582,652,83,3,1320,0,0,0,1320
08/06/2011,BOS,MA,ANE,EN,Towers with Radar,449,426,14,0,889,0,107,14,2,123,449,533,28,2,1012,0,0,0,1012
08/07/2011,BOS,MA,ANE,EN,Towers with Radar,474,459,35,0,968,0,2,1,0,3,474,461,36,0,971,0,0,0,971
08/08/2011,BOS,MA,ANE,EN,Towers with Radar,604,526,50,0,1180,0,27,7,0,34,604,553,57,0,1214,0,0,0,1214
08/09/2011,BOS,MA,ANE,EN,Towers with Radar,579,493,56,0,1128,0,97,11,1,109,579,590,67,1,1237,0,0,0,1237
08/10/2011,BOS,MA,ANE,EN,Towers with Radar,586,560,44,0,1190,0,42,16,3,61,586,602,60,3,1251,0,0,0,1251
08/11/2011,BOS,MA,ANE,EN,Towers with Radar,588,497,32,0,1117,0,151,16,0,167,588,648,48,0,1284,0,0,0,1284
08/12/2011,BOS,MA,ANE,EN,Towers with Radar,582,475,33,0,1090,0,221,18,2,241,582,696,51,2,1331,0,0,0,1331
08/13/2011,BOS,MA,ANE,EN,Towers with Radar,457,322,21,0,800,0,209,20,4,233,457,531,41,4,1033,0,0,0,1033
08/14/2011,BOS,MA,ANE,EN,Towers with Radar,512,418,36,0,966,0,135,4,2,141,512,553,40,2,1107,0,0,0,1107
08/15/2011,BOS,MA,ANE,EN,Towers with Radar,573,508,48,2,1131,0,1,13,0,14,573,509,61,2,1145,0,0,0,1145
08/16/2011,BOS,MA,ANE,EN,Towers with Radar,587,554,46,3,1190,0,25,15,0,40,587,579,61,3,1230,0,0,0,1230
08/17/2011,BOS,MA,ANE,EN,Towers with Radar,588,448,46,0,1082,0,144,23,2,169,588,592,69,2,1251,0,0,0,1251
08/18/2011,BOS,MA,ANE,EN,Towers with Radar,564,506,36,0,1106,0,125,10,2,137,564,631,46,2,1243,0,0,0,1243
08/19/2011,BOS,MA,ANE,EN,Towers with Radar,568,437,35,2,1042,0,121,6,2,129,568,558,41,4,1171,0,0,0,1171
08/20/2011,BOS,MA,ANE,EN,Towers with Radar,453,428,20,2,903,0,98,25,1,124,453,526,45,3,1027,0,0,0,1027
08/21/2011,BOS,MA,ANE,EN,Towers with Radar,481,393,28,1,903,0,110,15,0,125,481,503,43,1,1028,0,0,0,1028
08/22/2011,BOS,MA,ANE,EN,Towers with Radar,578,500,32,1,1111,0,120,8,1,129,578,620,40,2,1240,0,0,0,1240
08/23/2011,BOS,MA,ANE,EN,Towers with Radar,580,465,36,1,1082,0,112,12,0,124,580,577,48,1,1206,0,0,0,1206
08/24/2011,BOS,MA,ANE,EN,Towers with Radar,573,469,36,0,1078,0,119,12,5,136,573,588,48,5,1214,0,0,0,1214
08/25/2011,BOS,MA,ANE,EN,Towers with Radar,567,507,36,0,1110,0,61,10,1,72,567,568,46,1,1182,0,0,0,1182
08/26/2011,BOS,MA,ANE,EN,Towers with Radar,594,518,27,0,1139,0,130,9,2,141,594,648,36,2,1280,0,0,0,1280
08/27/2011,BOS,MA,ANE,EN,Towers with Radar,385,306,41,0,732,0,35,3,3,41,385,341,44,3,773,0,0,0,773
08/28/2011,BOS,MA,ANE,EN,Towers with Radar,6,0,1,1,8,0,0,0,0,0,6,0,1,1,8,0,0,0,8
08/29/2011,BOS,MA,ANE,EN,Towers with Radar,412,318,35,1,766,0,103,17,4,124,412,421,52,5,890,0,0,0,890
08/30/2011,BOS,MA,ANE,EN,Towers with Radar,566,435,42,1,1044,0,143,21,0,164,566,578,63,1,1208,0,0,0,1208
08/31/2011,BOS,MA,ANE,EN,Towers with Radar,563,442,36,0,1041,0,138,18,3,159,563,580,54,3,1200,0,0,0,1200
09/01/2011,BOS,MA,ANE,EN,Towers with Radar,575,462,48,0,1085,0,174,20,3,197,575,636,68,3,1282,0,0,0,1282
09/02/2011,BOS,MA,ANE,EN,Towers with Radar,546,514,20,1,1081,1,132,17,2,152,547,646,37,3,1233,0,0,0,1233
09/03/2011,BOS,MA,ANE,EN,Towers with Radar,409,308,7,0,724,0,106,19,0,125,409,414,26,0,849,0,0,0,849
09/04/2011,BOS,MA,ANE,EN,Towers with Radar,426,355,22,1,804,0,49,11,1,61,426,404,33,2,865,0,0,0,865
09/05/2011,BOS,MA,ANE,EN,Towers with Radar,511,506,25,0,1042,0,103,9,2,114,511,609,34,2,1156,0,0,0,1156
09/06/2011,BOS,MA,ANE,EN,Towers with Radar,535,521,34,2,1092,0,6,2,2,10,535,527,36,4,1102,0,0,0,1102
09/07/2011,BOS,MA,ANE,EN,Towers with Radar,503,492,55,0,1050,0,0,2,0,2,503,492,57,0,1052,0,0,0,1052
09/08/2011,BOS,MA,ANE,EN,Towers with Radar,556,520,56,0,1132,0,1,0,0,1,556,521,56,0,1133,0,0,0,1133
09/09/2011,BOS,MA,ANE,EN,Towers with Radar,567,471,32,1,1071,0,127,9,2,138,567,598,41,3,1209,0,0,0,1209
09/10/2011,BOS,MA,ANE,EN,Towers with Radar,402,266,21,1,690,0,144,22,2,168,402,410,43,3,858,0,0,0,858
09/11/2011,BOS,MA,ANE,EN,Towers with Radar,475,391,38,1,905,0,163,23,1,187,475,554,61,2,1092,0,0,0,1092
09/12/2011,BOS,MA,ANE,EN,Towers with Radar,559,460,45,0,1064,0,76,11,2,89,559,536,56,2,1153,0,0,0,1153
09/13/2011,BOS,MA,ANE,EN,Towers with Radar,538,448,57,0,1043,0,82,21,2,105,538,530,78,2,1148,0,0,0,1148
09/14/2011,BOS,MA,ANE,EN,Towers with Radar,536,452,62,0,1050,0,82,6,4,92,536,534,68,4,1142,0,0,0,1142
09/15/2011,BOS,MA,ANE,EN,Towers with Radar,563,501,34,2,1100,0,29,6,0,35,563,530,40,2,1135,0,0,0,1135
09/16/2011,BOS,MA,ANE,EN,Towers with Radar,562,442,40,2,1046,0,143,14,0,157,562,585,54,2,1203,0,0,0,1203
09/17/2011,BOS,MA,ANE,EN,Towers with Radar,408,256,22,0,686,0,109,17,2,128,408,365,39,2,814,0,0,0,814
09/18/2011,BOS,MA,ANE,EN,Towers with Radar,482,402,36,0,920,0,139,10,0,149,482,541,46,0,1069,0,0,0,1069
09/19/2011,BOS,MA,ANE,EN,Towers with Radar,555,440,41,0,1036,0,99,10,0,109,555,539,51,0,1145,0,0,0,1145
09/20/2011,BOS,MA,ANE,EN,Towers with Radar,532,475,53,0,1060,0,32,2,1,35,532,507,55,1,1095,0,0,0,1095
09/21/2011,BOS,MA,ANE,EN,Towers with Radar,537,471,53,0,1061,0,67,12,0,79,537,538,65,0,1140,0,0,0,1140
09/22/2011,BOS,MA,ANE,EN,Towers with Radar,557,527,64,1,1149,0,0,0,0,0,557,527,64,1,1149,0,0,0,1149
09/23/2011,BOS,MA,ANE,EN,Towers with Radar,558,483,47,1,1089,0,0,1,0,1,558,483,48,1,1090,0,0,0,1090
09/24/2011,BOS,MA,ANE,EN,Towers with Radar,408,344,11,0,763,0,10,10,0,20,408,354,21,0,783,0,0,0,783
09/25/2011,BOS,MA,ANE,EN,Towers with Radar,471,430,27,0,928,0,68,17,2,87,471,498,44,2,1015,0,0,0,1015
09/26/2011,BOS,MA,ANE,EN,Towers with Radar,546,434,55,2,1037,0,74,13,1,88,546,508,68,3,1125,0,0,0,1125
09/27/2011,BOS,MA,ANE,EN,Towers with Radar,530,440,54,2,1026,0,14,8,2,24,530,454,62,4,1050,0,0,0,1050
09/28/2011,BOS,MA,ANE,EN,Towers with Radar,535,490,45,2,1072,0,37,1,1,39,535,527,46,3,1111,0,0,0,1111
09/29/2011,BOS,MA,ANE,EN,Towers with Radar,552,458,24,1,1035,0,3,0,0,3,552,461,24,1,1038,0,0,0,1038
09/30/2011,BOS,MA,ANE,EN,Towers with Radar,569,448,20,0,1037,0,113,20,3,136,569,561,40,3,1173,0,0,0,1173
10/01/2011,BOS,MA,ANE,EN,Towers with Radar,568,192,22,0,782,0,1,4,0,5,568,193,26,0,787,0,0,0,787
10/02/2011,BOS,MA,ANE,EN,Towers with Radar,695,268,22,0,985,0,0,1,0,1,695,268,23,0,986,0,0,0,986
10/03/2011,BOS,MA,ANE,EN,Towers with Radar,790,227,27,0,1044,0,62,6,1,69,790,289,33,1,1113,0,0,0,1113
10/04/2011,BOS,MA,ANE,EN,Towers with Radar,766,245,48,0,1059,0,5,0,0,5,766,250,48,0,1064,0,0,0,1064
10/05/2011,BOS,MA,ANE,EN,Towers with Radar,766,207,43,1,1017,0,52,9,0,61,766,259,52,1,1078,0,0,0,1078
10/06/2011,BOS,MA,ANE,EN,Towers with Radar,810,185,57,0,1052,0,111,14,2,127,810,296,71,2,1179,0,0,0,1179
10/07/2011,BOS,MA,ANE,EN,Towers with Radar,560,449,32,0,1041,0,156,20,2,178,560,605,52,2,1219,0,0,0,1219
10/08/2011,BOS,MA,ANE,EN,Towers with Radar,588,94,15,0,697,0,112,17,1,130,588,206,32,1,827,0,0,0,827
10/09/2011,BOS,MA,ANE,EN,Towers with Radar,699,126,15,1,841,0,121,20,0,141,699,247,35,1,982,0,0,0,982
10/10/2011,BOS,MA,ANE,EN,Towers with Radar,799,177,28,1,1005,0,157,38,6,201,799,334,66,7,1206,0,0,0,1206
10/11/2011,BOS,MA,ANE,EN,Towers with Radar,774,171,32,0,977,0,111,16,1,128,774,282,48,1,1105,0,0,0,1105
10/12/2011,BOS,MA,ANE,EN,Towers with Radar,765,244,38,0,1047,0,22,3,0,25,765,266,41,0,1072,0,0,0,1072
10/13/2011,BOS,MA,ANE,EN,Towers with Radar,781,249,31,0,1061,0,0,0,0,0,781,249,31,0,1061,0,0,0,1061
10/14/2011,BOS,MA,ANE,EN,Towers with Radar,789,222,26,0,1037,0,0,0,0,0,789,222,26,0,1037,0,0,0,1037
10/15/2011,BOS,MA,ANE,EN,Towers with Radar,588,120,19,0,727,0,60,1,0,61,588,180,20,0,788,0,0,0,788
10/16/2011,BOS,MA,ANE,EN,Towers with Radar,703,156,32,0,891,0,89,20,0,109,703,245,52,0,1000,0,0,0,1000
10/17/2011,BOS,MA,ANE,EN,Towers with Radar,786,189,46,0,1021,0,82,7,1,90,786,271,53,1,1111,0,0,0,1111
10/18/2011,BOS,MA,ANE,EN,Towers with Radar,770,195,39,0,1004,0,64,11,6,81,770,259,50,6,1085,0,0,0,1085
10/19/2011,BOS,MA,ANE,EN,Towers with Radar,756,209,42,0,1007,0,5,1,0,6,756,214,43,0,1013,0,0,0,1013
10/20/2011,BOS,MA,ANE,EN,Towers with Radar,811,215,42,3,1071,0,36,7,0,43,811,251,49,3,1114,0,0,0,1114
10/21/2011,BOS,MA,ANE,EN,Towers with Radar,806,205,45,2,1058,0,78,13,0,91,806,283,58,2,1149,0,0,0,1149
10/22/2011,BOS,MA,ANE,EN,Towers with Radar,574,115,21,0,710,0,53,42,1,96,574,168,63,1,806,0,0,0,806
10/23/2011,BOS,MA,ANE,EN,Towers with Radar,690,183,25,2,900,0,84,24,3,111,690,267,49,5,1011,0,0,0,1011
10/24/2011,BOS,MA,ANE,EN,Towers with Radar,784,184,39,0,1007,0,79,4,0,83,784,263,43,0,1090,0,0,0,1090
10/25/2011,BOS,MA,ANE,EN,Towers with Radar,775,184,36,0,995,0,62,4,0,66,775,246,40,0,1061,0,0,0,1061
10/26/2011,BOS,MA,ANE,EN,Towers with Radar,760,197,34,0,991,0,41,7,1,49,760,238,41,1,1040,0,0,0,1040
10/27/2011,BOS,MA,ANE,EN,Towers with Radar,779,227,45,0,1051,0,0,3,0,3,779,227,48,0,1054,0,0,0,1054
10/28/2011,BOS,MA,ANE,EN,Towers with Radar,811,199,39,0,1049,0,82,3,1,86,811,281,42,1,1135,0,0,0,1135
10/29/2011,BOS,MA,ANE,EN,Towers with Radar,563,101,16,1,681,0,28,2,0,30,563,129,18,1,711,0,0,0,711
10/30/2011,BOS,MA,ANE,EN,Towers with Radar,660,151,18,1,830,0,43,5,0,48,660,194,23,1,878,0,0,0,878
10/31/2011,BOS,MA,ANE,EN,Towers with Radar,746,159,20,0,925,0,82,6,0,88,746,241,26,0,1013,0,0,0,1013
11/01/2011,BOS,MA,ANE,EN,Towers with Radar,761,181,54,0,996,0,54,15,1,70,761,235,69,1,1066,0,0,0,1066
11/02/2011,BOS,MA,ANE,EN,Towers with Radar,756,167,68,4,995,0,79,20,2,101,756,246,88,6,1096,0,0,0,1096
11/03/2011,BOS,MA,ANE,EN,Towers with Radar,788,178,48,0,1014,0,64,12,1,77,788,242,60,1,1091,0,0,0,1091
11/04/2011,BOS,MA,ANE,EN,Towers with Radar,788,189,40,0,1017,0,51,13,3,67,788,240,53,3,1084,0,0,0,1084
11/05/2011,BOS,MA,ANE,EN,Towers with Radar,551,108,16,2,677,0,63,28,0,91,551,171,44,2,768,0,0,0,768
11/06/2011,BOS,MA,ANE,EN,Towers with Radar,661,134,22,0,817,0,79,16,0,95,661,213,38,0,912,0,0,0,912
11/07/2011,BOS,MA,ANE,EN,Towers with Radar,758,184,47,0,989,0,65,6,1,72,758,249,53,1,1061,0,0,0,1061
11/08/2011,BOS,MA,ANE,EN,Towers with Radar,735,203,55,0,993,0,57,4,2,63,735,260,59,2,1056,0,0,0,1056
11/09/2011,BOS,MA,ANE,EN,Towers with Radar,729,180,85,0,994,0,66,10,1,77,729,246,95,1,1071,0,0,0,1071
11/10/2011,BOS,MA,ANE,EN,Towers with Radar,754,216,57,0,1027,0,0,0,0,0,754,216,57,0,1027,0,0,0,1027
11/11/2011,BOS,MA,ANE,EN,Towers with Radar,765,201,30,0,996,0,48,6,0,54,765,249,36,0,1050,0,0,0,1050
11/12/2011,BOS,MA,ANE,EN,Towers with Radar,549,98,12,1,660,0,77,19,1,97,549,175,31,2,757,0,0,0,757
11/13/2011,BOS,MA,ANE,EN,Towers with Radar,656,138,32,0,826,0,81,17,0,98,656,219,49,0,924,0,0,0,924
11/14/2011,BOS,MA,ANE,EN,Towers with Radar,759,193,41,0,993,0,55,5,6,66,759,248,46,6,1059,0,0,0,1059
11/15/2011,BOS,MA,ANE,EN,Towers with Radar,748,185,62,0,995,0,52,4,0,56,748,237,66,0,1051,0,0,0,1051
11/16/2011,BOS,MA,ANE,EN,Towers with Radar,729,212,49,5,995,0,12,6,0,18,729,224,55,5,1013,0,0,0,1013
11/17/2011,BOS,MA,ANE,EN,Towers with Radar,777,180,54,1,1012,0,28,9,0,37,777,208,63,1,1049,0,0,0,1049
11/18/2011,BOS,MA,ANE,EN,Towers with Radar,783,143,19,2,947,0,66,4,0,70,783,209,23,2,1017,0,0,0,1017
11/19/2011,BOS,MA,ANE,EN,Towers with Radar,580,81,12,0,673,0,66,0,3,69,580,147,12,3,742,0,0,0,742
11/20/2011,BOS,MA,ANE,EN,Towers with Radar,671,124,13,0,808,0,54,15,1,70,671,178,28,1,878,0,0,0,878
11/21/2011,BOS,MA,ANE,EN,Towers with Radar,737,162,31,0,930,0,45,20,2,67,737,207,51,2,997,0,0,0,997
11/22/2011,BOS,MA,ANE,EN,Towers with Radar,769,162,23,0,954,0,71,10,0,81,769,233,33,0,1035,0,0,0,1035
11/23/2011,BOS,MA,ANE,EN,Towers with Radar,776,189,21,0,986,0,1,7,0,8,776,190,28,0,994,0,0,0,994
11/24/2011,BOS,MA,ANE,EN,Towers with Radar,495,94,4,0,593,0,38,0,2,40,495,132,4,2,633,0,0,0,633
11/25/2011,BOS,MA,ANE,EN,Towers with Radar,522,76,10,0,608,0,52,11,0,63,522,128,21,0,671,0,0,0,671
11/26/2011,BOS,MA,ANE,EN,Towers with Radar,640,110,8,0,758,0,65,10,0,75,640,175,18,0,833,0,0,0,833
11/27/2011,BOS,MA,ANE,EN,Towers with Radar,740,198,32,0,970,0,24,2,0,26,740,222,34,0,996,0,0,0,996
11/28/2011,BOS,MA,ANE,EN,Towers with Radar,785,151,39,0,975,0,64,8,1,73,785,215,47,1,1048,0,0,0,1048
11/29/2011,BOS,MA,ANE,EN,Towers with Radar,741,167,60,0,968,0,34,5,2,41,741,201,65,2,1009,0,0,0,1009
11/30/2011,BOS,MA,ANE,EN,Towers with Radar,744,180,47,1,972,0,39,5,1,45,744,219,52,2,1017,0,0,0,1017
12/01/2011,BOS,MA,ANE,EN,Towers with Radar,759,154,44,1,958,0,98,13,2,113,759,252,57,3,1071,0,0,0,1071
12/02/2011,BOS,MA,ANE,EN,Towers with Radar,756,177,41,0,974,0,90,13,1,104,756,267,54,1,1078,0,0,0,1078
12/03/2011,BOS,MA,ANE,EN,Towers with Radar,529,90,10,0,629,0,56,23,3,82,529,146,33,3,711,0,0,0,711
12/04/2011,BOS,MA,ANE,EN,Towers with Radar,633,170,24,0,827,0,69,6,2,77,633,239,30,2,904,0,0,0,904
12/05/2011,BOS,MA,ANE,EN,Towers with Radar,719,200,61,0,980,0,32,10,1,43,719,232,71,1,1023,0,0,0,1023
12/06/2011,BOS,MA,ANE,EN,Towers with Radar,694,174,42,0,910,0,7,1,0,8,694,181,43,0,918,0,0,0,918
12/07/2011,BOS,MA,ANE,EN,Towers with Radar,693,183,36,0,912,0,0,4,0,4,693,183,40,0,916,0,0,0,916
12/08/2011,BOS,MA,ANE,EN,Towers with Radar,742,160,27,0,929,0,40,8,1,49,742,200,35,1,978,0,0,0,978
12/09/2011,BOS,MA,ANE,EN,Towers with Radar,749,146,26,0,921,0,51,8,0,59,749,197,34,0,980,0,0,0,980
12/10/2011,BOS,MA,ANE,EN,Towers with Radar,517,99,12,1,629,0,42,15,2,59,517,141,27,3,688,0,0,0,688
12/11/2011,BOS,MA,ANE,EN,Towers with Radar,635,111,19,2,767,0,71,14,0,85,635,182,33,2,852,0,0,0,852
12/12/2011,BOS,MA,ANE,EN,Towers with Radar,727,121,26,0,874,0,67,6,1,74,727,188,32,1,948,0,0,0,948
12/13/2011,BOS,MA,ANE,EN,Towers with Radar,708,139,31,0,878,0,59,14,2,75,708,198,45,2,953,0,0,0,953
12/14/2011,BOS,MA,ANE,EN,Towers with Radar,709,188,43,0,940,0,30,8,3,41,709,218,51,3,981,0,0,0,981
12/15/2011,BOS,MA,ANE,EN,Towers with Radar,747,176,29,0,952,0,17,2,1,20,747,193,31,1,972,0,0,0,972
12/16/2011,BOS,MA,ANE,EN,Towers with Radar,738,154,31,0,923,0,36,4,0,40,738,190,35,0,963,0,0,0,963
12/17/2011,BOS,MA,ANE,EN,Towers with Radar,591,109,11,0,711,0,39,6,2,47,591,148,17,2,758,0,0,0,758
12/18/2011,BOS,MA,ANE,EN,Towers with Radar,625,130,12,0,767,0,45,2,4,51,625,175,14,4,818,0,0,0,818
12/19/2011,BOS,MA,ANE,EN,Towers with Radar,681,142,33,0,856,0,43,9,0,52,681,185,42,0,908,0,0,0,908
12/20/2011,BOS,MA,ANE,EN,Towers with Radar,725,144,29,0,898,0,57,8,0,65,725,201,37,0,963,0,0,0,963
12/21/2011,BOS,MA,ANE,EN,Towers with Radar,708,172,27,0,907,0,9,0,2,11,708,181,27,2,918,0,0,0,918
12/22/2011,BOS,MA,ANE,EN,Towers with Radar,734,142,16,0,892,0,52,8,0,60,734,194,24,0,952,0,0,0,952
12/23/2011,BOS,MA,ANE,EN,Towers with Radar,732,167,3,0,902,0,8,0,2,10,732,175,3,2,912,0,0,0,912
12/24/2011,BOS,MA,ANE,EN,Towers with Radar,568,87,5,0,660,0,48,3,0,51,568,135,8,0,711,0,0,0,711
12/25/2011,BOS,MA,ANE,EN,Towers with Radar,518,85,6,0,609,0,30,0,0,30,518,115,6,0,639,0,0,0,639
12/26/2011,BOS,MA,ANE,EN,Towers with Radar,634,109,1,0,744,0,52,3,0,55,634,161,4,0,799,0,0,0,799
12/27/2011,BOS,MA,ANE,EN,Towers with Radar,672,110,7,0,789,0,39,0,0,39,672,149,7,0,828,0,0,0,828
12/28/2011,BOS,MA,ANE,EN,Towers with Radar,697,123,10,0,830,0,29,2,2,33,697,152,12,2,863,0,0,0,863
12/29/2011,BOS,MA,ANE,EN,Towers with Radar,677,101,5,0,783,0,67,7,3,77,677,168,12,3,860,0,0,0,860
12/30/2011,BOS,MA,ANE,EN,Towers with Radar,660,111,11,0,782,0,33,4,1,38,660,144,15,1,820,0,0,0,820
12/31/2011,BOS,MA,ANE,EN,Towers with Radar,555,111,5,0,671,0,0,0,0,0,555,111,5,0,671,0,0,0,671
01/01/2012,BOS,MA,ANE,EN,Towers with Radar,548,98,9,0,655,0,45,0,0,45,548,143,9,0,700,0,0,0,700
01/02/2012,BOS,MA,ANE,EN,Towers with Radar,652,132,14,0,798,0,45,2,0,47,652,177,16,0,845,0,0,0,845
01/03/2012,BOS,MA,ANE,EN,Towers with Radar,678,131,19,0,828,0,60,5,2,67,678,191,24,2,895,0,0,0,895
01/04/2012,BOS,MA,ANE,EN,Towers with Radar,723,125,14,1,863,0,59,4,1,64,723,184,18,2,927,0,0,0,927
01/05/2012,BOS,MA,ANE,EN,Towers with Radar,724,142,23,0,889,0,52,3,0,55,724,194,26,0,944,0,0,0,944
01/06/2012,BOS,MA,ANE,EN,Towers with Radar,734,156,15,0,905,0,51,9,0,60,734,207,24,0,965,0,0,0,965
01/07/2012,BOS,MA,ANE,EN,Towers with Radar,541,86,15,0,642,0,50,0,1,51,541,136,15,1,693,0,0,0,693
01/08/2012,BOS,MA,ANE,EN,Towers with Radar,628,135,14,0,777,0,43,9,1,53,628,178,23,1,830,0,0,0,830
01/09/2012,BOS,MA,ANE,EN,Towers with Radar,713,139,22,0,874,0,57,6,2,65,713,196,28,2,939,0,0,0,939
01/10/2012,BOS,MA,ANE,EN,Towers with Radar,706,152,30,0,888,0,39,3,2,44,706,191,33,2,932,0,0,0,932
01/11/2012,BOS,MA,ANE,EN,Towers with Radar,708,142,41,0,891,0,61,8,1,70,708,203,49,1,961,0,0,0,961
01/12/2012,BOS,MA,ANE,EN,Towers with Radar,704,140,26,1,871,0,0,1,0,1,704,140,27,1,872,0,0,0,872
01/13/2012,BOS,MA,ANE,EN,Towers with Radar,739,142,27,0,908,0,5,0,0,5,739,147,27,0,913,0,0,0,913
01/14/2012,BOS,MA,ANE,EN,Towers with Radar,536,98,16,0,650,0,56,2,2,60,536,154,18,2,710,0,0,0,710
01/15/2012,BOS,MA,ANE,EN,Towers with Radar,595,117,11,0,723,0,46,3,0,49,595,163,14,0,772,0,0,0,772
01/16/2012,BOS,MA,ANE,EN,Towers with Radar,696,134,22,0,852,0,68,6,0,74,696,202,28,0,926,0,0,0,926
01/17/2012,BOS,MA,ANE,EN,Towers with Radar,691,178,31,0,900,0,1,2,0,3,691,179,33,0,903,0,0,0,903
01/18/2012,BOS,MA,ANE,EN,Towers with Radar,697,139,35,0,871,0,44,9,2,55,697,183,44,2,926,0,0,0,926
01/19/2012,BOS,MA,ANE,EN,Towers with Radar,712,165,35,0,912,0,29,7,1,37,712,194,42,1,949,0,0,0,949
01/20/2012,BOS,MA,ANE,EN,Towers with Radar,719,158,39,0,916,0,47,9,2,58,719,205,48,2,974,0,0,0,974
01/21/2012,BOS,MA,ANE,EN,Towers with Radar,520,70,19,0,609,0,1,0,0,1,520,71,19,0,610,0,0,0,610
01/22/2012,BOS,MA,ANE,EN,Towers with Radar,609,150,27,0,786,0,28,6,1,35,609,178,33,1,821,0,0,0,821
01/23/2012,BOS,MA,ANE,EN,Towers with Radar,690,180,25,0,895,0,5,0,0,5,690,185,25,0,900,0,0,0,900
01/24/2012,BOS,MA,ANE,EN,Towers with Radar,705,169,32,0,906,0,25,8,0,33,705,194,40,0,939,0,0,0,939
01/25/2012,BOS,MA,ANE,EN,Towers with Radar,692,155,27,0,874,0,43,5,4,52,692,198,32,4,926,0,0,0,926
01/26/2012,BOS,MA,ANE,EN,Towers with Radar,718,173,34,0,925,0,38,5,0,43,718,211,39,0,968,0,0,0,968
01/27/2012,BOS,MA,ANE,EN,Towers with Radar,723,174,22,0,919,0,0,1,0,1,723,174,23,0,920,0,0,0,920
01/28/2012,BOS,MA,ANE,EN,Towers with Radar,528,85,7,0,620,0,54,8,2,64,528,139,15,2,684,0,0,0,684
01/29/2012,BOS,MA,ANE,EN,Towers with Radar,616,118,16,0,750,0,57,4,0,61,616,175,20,0,811,0,0,0,811
01/30/2012,BOS,MA,ANE,EN,Towers with Radar,706,164,29,1,900,0,32,3,1,36,706,196,32,2,936,0,0,0,936
01/31/2012,BOS,MA,ANE,EN,Towers with Radar,699,156,31,1,887,0,30,6,0,36,699,186,37,1,923,0,0,0,923
02/01/2012,BOS,MA,ANE,EN,Towers with Radar,701,172,28,0,901,0,28,2,2,32,701,200,30,2,933,0,0,0,933
02/02/2012,BOS,MA,ANE,EN,Towers with Radar,716,174,41,1,932,0,18,5,0,23,716,192,46,1,955,0,0,0,955
02/03/2012,BOS,MA,ANE,EN,Towers with Radar,736,173,45,0,954,0,57,8,3,68,736,230,53,3,1022,0,0,0,1022
02/04/2012,BOS,MA,ANE,EN,Towers with Radar,537,111,20,0,668,0,56,4,1,61,537,167,24,1,729,0,0,0,729
02/05/2012,BOS,MA,ANE,EN,Towers with Radar,613,108,14,0,735,0,72,6,1,79,613,180,20,1,814,0,0,0,814
02/06/2012,BOS,MA,ANE,EN,Towers with Radar,739,147,49,0,935,0,70,10,5,85,739,217,59,5,1020,0,0,0,1020
02/07/2012,BOS,MA,ANE,EN,Towers with Radar,688,157,25,1,871,0,60,8,1,69,688,217,33,2,940,0,0,0,940
02/08/2012,BOS,MA,ANE,EN,Towers with Radar,700,128,44,0,872,0,78,7,0,85,700,206,51,0,957,0,0,0,957
02/09/2012,BOS,MA,ANE,EN,Towers with Radar,727,136,58,1,922,0,75,6,1,82,727,211,64,2,1004,0,0,0,1004
02/10/2012,BOS,MA,ANE,EN,Towers with Radar,725,152,51,0,928,1,73,9,1,84,726,225,60,1,1012,0,0,0,1012
02/11/2012,BOS,MA,ANE,EN,Towers with Radar,532,105,23,0,660,0,0,0,0,0,532,105,23,0,660,0,0,0,660
02/12/2012,BOS,MA,ANE,EN,Towers with Radar,612,122,22,0,756,0,49,2,0,51,612,171,24,0,807,0,0,0,807
02/13/2012,BOS,MA,ANE,EN,Towers with Radar,706,140,31,3,880,0,47,4,0,51,706,187,35,3,931,0,0,0,931
02/14/2012,BOS,MA,ANE,EN,Towers with Radar,699,146,27,1,873,0,65,16,1,82,699,211,43,2,955,0,0,0,955
02/15/2012,BOS,MA,ANE,EN,Towers with Radar,718,190,43,0,951,0,11,4,1,16,718,201,47,1,967,0,0,0,967
02/16/2012,BOS,MA,ANE,EN,Towers with Radar,738,176,37,0,951,0,47,5,2,54,738,223,42,2,1005,0,0,0,1005
02/17/2012,BOS,MA,ANE,EN,Towers with Radar,758,204,31,4,997,0,21,5,0,26,758,225,36,4,1023,0,0,0,1023
02/18/2012,BOS,MA,ANE,EN,Towers with Radar,599,111,13,0,723,0,51,11,0,62,599,162,24,0,785,0,0,0,785
02/19/2012,BOS,MA,ANE,EN,Towers with Radar,637,109,10,0,756,0,60,7,0,67,637,169,17,0,823,0,0,0,823
02/20/2012,BOS,MA,ANE,EN,Towers with Radar,720,137,13,0,870,0,71,3,1,75,720,208,16,1,945,0,0,0,945
02/21/2012,BOS,MA,ANE,EN,Towers with Radar,751,150,29,0,930,0,57,6,0,63,751,207,35,0,993,0,0,0,993
02/22/2012,BOS,MA,ANE,EN,Towers with Radar,738,178,31,2,949,0,49,3,0,52,738,227,34,2,1001,0,0,0,1001
02/23/2012,BOS,MA,ANE,EN,Towers with Radar,744,195,36,6,981,0,10,5,0,15,744,205,41,6,996,0,0,0,996
02/24/2012,BOS,MA,ANE,EN,Towers with Radar,720,206,29,0,955,0,0,2,0,2,720,206,31,0,957,0,0,0,957
02/25/2012,BOS,MA,ANE,EN,Towers with Radar,609,91,17,0,717,0,7,0,0,7,609,98,17,0,724,0,0,0,724
02/26/2012,BOS,MA,ANE,EN,Towers with Radar,659,151,25,0,835,0,51,2,1,54,659,202,27,1,889,0,0,0,889
02/27/2012,BOS,MA,ANE,EN,Towers with Radar,745,156,31,0,932,0,68,11,1,80,745,224,42,1,1012,0,0,0,1012
02/28/2012,BOS,MA,ANE,EN,Towers with Radar,746,170,59,0,975,0,57,6,1,64,746,227,65,1,1039,0,0,0,1039
02/29/2012,BOS,MA,ANE,EN,Towers with Radar,729,194,71,0,994,0,14,5,0,19,729,208,76,0,1013,0,0,0,1013
03/01/2012,BOS,MA,ANE,EN,Towers with Radar,719,172,55,0,946,0,0,3,0,3,719,172,58,0,949,0,0,0,949
03/02/2012,BOS,MA,ANE,EN,Towers with Radar,762,228,32,0,1022,0,2,2,0,4,762,230,34,0,1026,0,0,0,1026
03/03/2012,BOS,MA,ANE,EN,Towers with Radar,594,142,18,1,755,0,4,2,0,6,594,146,20,1,761,0,0,0,761
03/04/2012,BOS,MA,ANE,EN,Towers with Radar,663,155,29,1,848,0,57,2,4,63,663,212,31,5,911,0,0,0,911
03/05/2012,BOS,MA,ANE,EN,Towers with Radar,749,184,41,0,974,0,48,4,0,52,749,232,45,0,1026,0,0,0,1026
03/06/2012,BOS,MA,ANE,EN,Towers with Radar,762,161,48,0,971,0,70,3,0,73,762,231,51,0,1044,0,0,0,1044
03/07/2012,BOS,MA,ANE,EN,Towers with Radar,760,152,38,0,950,0,73,5,1,79,760,225,43,1,1029,0,0,0,1029
03/08/2012,BOS,MA,ANE,EN,Towers with Radar,756,164,51,0,971,0,49,4,0,53,756,213,55,0,1024,0,0,0,1024
03/09/2012,BOS,MA,ANE,EN,Towers with Radar,770,189,30,0,989,0,44,2,2,48,770,233,32,2,1037,0,0,0,1037
03/10/2012,BOS,MA,ANE,EN,Towers with Radar,596,130,17,0,743,0,28,5,0,33,596,158,22,0,776,0,0,0,776
03/11/2012,BOS,MA,ANE,EN,Towers with Radar,661,139,21,0,821,0,62,7,0,69,661,201,28,0,890,0,0,0,890
03/12/2012,BOS,MA,ANE,EN,Towers with Radar,749,149,49,0,947,0,75,4,0,79,749,224,53,0,1026,0,0,0,1026
03/13/2012,BOS,MA,ANE,EN,Towers with Radar,753,189,49,0,991,0,28,4,0,32,753,217,53,0,1023,0,0,0,1023
03/14/2012,BOS,MA,ANE,EN,Towers with Radar,742,195,58,1,996,0,0,2,0,2,742,195,60,1,998,0,0,0,998
03/15/2012,BOS,MA,ANE,EN,Towers with Radar,752,215,38,2,1007,0,14,11,1,26,752,229,49,3,1033,0,0,0,1033
03/16/2012,BOS,MA,ANE,EN,Towers with Radar,754,209,32,1,996,0,2,1,0,3,754,211,33,1,999,0,0,0,999
03/17/2012,BOS,MA,ANE,EN,Towers with Radar,602,128,15,0,745,0,18,13,0,31,602,146,28,0,776,0,0,0,776
03/18/2012,BOS,MA,ANE,EN,Towers with Radar,666,132,27,0,825,0,63,2,2,67,666,195,29,2,892,0,0,0,892
03/19/2012,BOS,MA,ANE,EN,Towers with Radar,751,168,37,0,956,0,70,10,1,81,751,238,47,1,1037,0,0,0,1037
03/20/2012,BOS,MA,ANE,EN,Towers with Radar,753,165,39,1,958,0,65,8,4,77,753,230,47,5,1035,0,0,0,1035
03/21/2012,BOS,MA,ANE,EN,Towers with Radar,744,165,53,0,962,0,51,4,2,57,744,216,57,2,1019,0,0,0,1019
03/22/2012,BOS,MA,ANE,EN,Towers with Radar,757,193,46,0,996,0,69,5,0,74,757,262,51,0,1070,0,0,0,1070
03/23/2012,BOS,MA,ANE,EN,Towers with Radar,770,165,23,0,958,0,78,27,1,106,770,243,50,1,1064,0,0,0,1064
03/24/2012,BOS,MA,ANE,EN,Towers with Radar,593,91,25,0,709,0,61,2,0,63,593,152,27,0,772,0,0,0,772
03/25/2012,BOS,MA,ANE,EN,Towers with Radar,684,159,23,0,866,0,8,6,0,14,684,167,29,0,880,0,0,0,880
03/26/2012,BOS,MA,ANE,EN,Towers with Radar,757,172,25,0,954,0,33,3,0,36,757,205,28,0,990,0,0,0,990
03/27/2012,BOS,MA,ANE,EN,Towers with Radar,754,137,36,0,927,0,69,4,1,74,754,206,40,1,1001,0,0,0,1001
03/28/2012,BOS,MA,ANE,EN,Towers with Radar,749,174,42,0,965,0,30,2,2,34,749,204,44,2,999,0,0,0,999
03/29/2012,BOS,MA,ANE,EN,Towers with Radar,753,200,34,0,987,0,9,6,0,15,753,209,40,0,1002,0,0,0,1002
03/30/2012,BOS,MA,ANE,EN,Towers with Radar,764,152,27,0,943,0,71,7,2,80,764,223,34,2,1023,0,0,0,1023
03/31/2012,BOS,MA,ANE,EN,Towers with Radar,582,132,20,0,734,0,16,1,2,19,582,148,21,2,753,0,0,0,753
04/01/2012,BOS,MA,ANE,EN,Towers with Radar,686,130,19,2,837,1,47,1,0,49,687,177,20,2,886,0,0,0,886
04/02/2012,BOS,MA,ANE,EN,Towers with Radar,764,190,41,0,995,0,22,12,1,35,764,212,53,1,1030,0,0,0,1030
04/03/2012,BOS,MA,ANE,EN,Towers with Radar,759,142,40,0,941,0,76,7,0,83,759,218,47,0,1024,0,0,0,1024
04/04/2012,BOS,MA,ANE,EN,Towers with Radar,763,167,38,0,968,0,73,50,2,125,763,240,88,2,1093,0,0,0,1093
04/05/2012,BOS,MA,ANE,EN,Towers with Radar,772,174,31,0,977,0,63,4,0,67,772,237,35,0,1044,0,0,0,1044
04/06/2012,BOS,MA,ANE,EN,Towers with Radar,757,160,23,0,940,0,58,5,1,64,757,218,28,1,1004,0,0,0,1004
04/07/2012,BOS,MA,ANE,EN,Towers with Radar,597,91,10,1,699,0,72,11,1,84,597,163,21,2,783,0,0,0,783
04/08/2012,BOS,MA,ANE,EN,Towers with Radar,671,128,12,0,811,0,61,12,0,73,671,189,24,0,884,0,0,0,884
04/09/2012,BOS,MA,ANE,EN,Towers with Radar,757,160,20,0,937,0,42,10,0,52,757,202,30,0,989,0,0,0,989
04/10/2012,BOS,MA,ANE,EN,Towers with Radar,773,151,55,0,979,0,51,7,1,59,773,202,62,1,1038,0,0,0,1038
04/11/2012,BOS,MA,ANE,EN,Towers with Radar,782,170,62,1,1015,0,43,16,2,61,782,213,78,3,1076,0,0,0,1076
04/12/2012,BOS,MA,ANE,EN,Towers with Radar,798,199,71,1,1069,0,32,8,3,43,798,231,79,4,1112,0,0,0,1112
04/13/2012,BOS,MA,ANE,EN,Towers with Radar,784,155,19,2,960,0,73,15,1,89,784,228,34,3,1049,0,0,0,1049
04/14/2012,BOS,MA,ANE,EN,Towers with Radar,635,87,33,0,755,0,70,18,2,90,635,157,51,2,845,0,0,0,845
04/15/2012,BOS,MA,ANE,EN,Towers with Radar,701,119,21,0,841,0,61,10,0,71,701,180,31,0,912,0,0,0,912
04/16/2012,BOS,MA,ANE,EN,Towers with Radar,781,134,30,0,945,0,75,8,2,85,781,209,38,2,1030,0,0,0,1030
04/17/2012,BOS,MA,ANE,EN,Towers with Radar,786,141,32,0,959,0,81,11,0,92,786,222,43,0,1051,0,0,0,1051
04/18/2012,BOS,MA,ANE,EN,Towers with Radar,786,147,40,0,973,0,88,5,4,97,786,235,45,4,1070,0,0,0,1070
04/19/2012,BOS,MA,ANE,EN,Towers with Radar,791,165,44,0,1000,0,67,9,1,77,791,232,53,1,1077,0,0,0,1077
04/20/2012,BOS,MA,ANE,EN,Towers with Radar,793,152,44,0,989,0,63,6,1,70,793,215,50,1,1059,0,0,0,1059
04/21/2012,BOS,MA,ANE,EN,Towers with Radar,643,134,24,1,802,0,17,17,6,40,643,151,41,7,842,0,0,0,842
04/22/2012,BOS,MA,ANE,EN,Towers with Radar,714,156,23,0,893,0,0,6,0,6,714,156,29,0,899,0,0,0,899
04/23/2012,BOS,MA,ANE,EN,Towers with Radar,785,186,39,1,1011,0,2,4,0,6,785,188,43,1,1017,0,0,0,1017
04/24/2012,BOS,MA,ANE,EN,Towers with Radar,773,167,36,1,977,0,42,3,2,47,773,209,39,3,1024,0,0,0,1024
04/25/2012,BOS,MA,ANE,EN,Towers with Radar,768,182,60,3,1013,0,53,9,2,64,768,235,69,5,1077,0,0,0,1077
04/26/2012,BOS,MA,ANE,EN,Towers with Radar,779,156,52,1,988,0,87,12,3,102,779,243,64,4,1090,0,0,0,1090
04/27/2012,BOS,MA,ANE,EN,Towers with Radar,775,201,49,4,1029,0,64,8,0,72,775,265,57,4,1101,0,0,0,1101
04/28/2012,BOS,MA,ANE,EN,Towers with Radar,598,99,6,0,703,0,76,9,1,86,598,175,15,1,789,0,0,0,789
04/29/2012,BOS,MA,ANE,EN,Towers with Radar,693,122,15,0,830,0,108,10,0,118,693,230,25,0,948,0,0,0,948
04/30/2012,BOS,MA,ANE,EN,Towers with Radar,767,148,39,0,954,0,84,10,2,96,767,232,49,2,1050,0,0,0,1050
05/01/2012,BOS,MA,ANE,EN,Towers with Radar,750,209,31,0,990,0,8,0,1,9,750,217,31,1,999,0,0,0,999
05/02/2012,BOS,MA,ANE,EN,Towers with Radar,764,207,43,0,1014,0,0,1,0,1,764,207,44,0,1015,0,0,0,1015
05/03/2012,BOS,MA,ANE,EN,Towers with Radar,766,206,40,0,1012,0,0,0,0,0,766,206,40,0,1012,0,0,0,1012
05/04/2012,BOS,MA,ANE,EN,Towers with Radar,770,191,42,1,1004,0,0,0,0,0,770,191,42,1,1004,0,0,0,1004
05/05/2012,BOS,MA,ANE,EN,Towers with Radar,587,127,9,1,724,0,10,1,0,11,587,137,10,1,735,0,0,0,735
05/06/2012,BOS,MA,ANE,EN,Towers with Radar,685,154,25,0,864,0,44,12,4,60,685,198,37,4,924,0,0,0,924
05/07/2012,BOS,MA,ANE,EN,Towers with Radar,781,134,44,0,959,0,77,10,1,88,781,211,54,1,1047,0,0,0,1047
05/08/2012,BOS,MA,ANE,EN,Towers with Radar,765,156,39,0,960,0,42,6,1,49,765,198,45,1,1009,0,0,0,1009
05/09/2012,BOS,MA,ANE,EN,Towers with Radar,768,196,27,2,993,0,0,0,0,0,768,196,27,2,993,0,0,0,993
05/10/2012,BOS,MA,ANE,EN,Towers with Radar,786,197,27,0,1010,0,22,2,0,24,786,219,29,0,1034,0,0,0,1034
05/11/2012,BOS,MA,ANE,EN,Towers with Radar,792,151,23,0,966,0,75,11,2,88,792,226,34,2,1054,0,0,0,1054
05/12/2012,BOS,MA,ANE,EN,Towers with Radar,590,62,23,0,675,0,88,27,0,115,590,150,50,0,790,0,0,0,790
05/13/2012,BOS,MA,ANE,EN,Towers with Radar,695,102,20,0,817,0,102,9,1,112,695,204,29,1,929,0,0,0,929
05/14/2012,BOS,MA,ANE,EN,Towers with Radar,787,190,55,0,1032,0,40,7,0,47,787,230,62,0,1079,0,0,0,1079
05/15/2012,BOS,MA,ANE,EN,Towers with Radar,763,180,70,0,1013,0,49,6,0,55,763,229,76,0,1068,0,0,0,1068
05/16/2012,BOS,MA,ANE,EN,Towers with Radar,788,218,60,0,1066,0,4,0,0,4,788,222,60,0,1070,0,0,0,1070
05/17/2012,BOS,MA,ANE,EN,Towers with Radar,793,191,59,2,1045,0,86,9,1,96,793,277,68,3,1141,0,0,0,1141
05/18/2012,BOS,MA,ANE,EN,Towers with Radar,801,138,35,0,974,0,99,18,0,117,801,237,53,0,1091,0,0,0,1091
05/19/2012,BOS,MA,ANE,EN,Towers with Radar,598,74,29,0,701,0,96,11,3,110,598,170,40,3,811,0,0,0,811
05/20/2012,BOS,MA,ANE,EN,Towers with Radar,699,113,31,0,843,0,114,20,3,137,699,227,51,3,980,0,0,0,980
05/21/2012,BOS,MA,ANE,EN,Towers with Radar,781,208,45,5,1039,0,3,6,0,9,781,211,51,5,1048,0,0,0,1048
05/22/2012,BOS,MA,ANE,EN,Towers with Radar,768,217,56,6,1047,0,0,0,0,0,768,217,56,6,1047,0,0,0,1047
05/23/2012,BOS,MA,ANE,EN,Towers with Radar,786,224,75,2,1087,0,26,2,3,31,786,250,77,5,1118,0,0,0,1118
05/24/2012,BOS,MA,ANE,EN,Towers with Radar,799,248,54,0,1101,0,40,5,0,45,799,288,59,0,1146,0,0,0,1146
05/25/2012,BOS,MA,ANE,EN,Towers with Radar,799,279,35,2,1115,0,2,4,0,6,799,281,39,2,1121,0,0,0,1121
05/26/2012,BOS,MA,ANE,EN,Towers with Radar,589,134,15,2,740,0,51,11,2,64,589,185,26,4,804,0,0,0,804
05/27/2012,BOS,MA,ANE,EN,Towers with Radar,597,79,8,0,684,0,86,20,1,107,597,165,28,1,791,0,0,0,791
05/28/2012,BOS,MA,ANE,EN,Towers with Radar,715,199,20,2,936,0,55,9,2,66,715,254,29,4,1002,0,0,0,1002
05/29/2012,BOS,MA,ANE,EN,Towers with Radar,740,210,35,0,985,0,0,0,0,0,740,210,35,0,985,0,0,0,985
05/30/2012,BOS,MA,ANE,EN,Towers with Radar,800,172,76,1,1049,0,63,9,1,73,800,235,85,2,1122,0,0,0,1122
05/31/2012,BOS,MA,ANE,EN,Towers with Radar,794,172,68,1,1035,0,85,11,4,100,794,257,79,5,1135,0,0,0,1135
06/01/2012,BOS,MA,ANE,EN,Towers with Radar,780,173,26,0,979,0,108,17,1,126,780,281,43,1,1105,0,0,0,1105
06/02/2012,BOS,MA,ANE,EN,Towers with Radar,610,153,25,0,788,0,0,0,0,0,610,153,25,0,788,0,0,0,788
06/03/2012,BOS,MA,ANE,EN,Towers with Radar,707,225,38,2,972,0,0,11,1,12,707,225,49,3,984,0,0,0,984
06/04/2012,BOS,MA,ANE,EN,Towers with Radar,788,222,46,0,1056,0,0,6,0,6,788,222,52,0,1062,0,0,0,1062
06/05/2012,BOS,MA,ANE,EN,Towers with Radar,786,203,37,0,1026,0,12,2,0,14,786,215,39,0,1040,0,0,0,1040
06/06/2012,BOS,MA,ANE,EN,Towers with Radar,778,187,62,0,1027,0,53,2,0,55,778,240,64,0,1082,0,0,0,1082
06/07/2012,BOS,MA,ANE,EN,Towers with Radar,806,243,71,1,1121,0,27,5,2,34,806,270,76,3,1155,0,0,0,1155
06/08/2012,BOS,MA,ANE,EN,Towers with Radar,800,225,54,0,1079,0,51,9,2,62,800,276,63,2,1141,0,0,0,1141
06/09/2012,BOS,MA,ANE,EN,Towers with Radar,621,87,10,0,718,0,113,20,5,138,621,200,30,5,856,0,0,0,856
06/10/2012,BOS,MA,ANE,EN,Towers with Radar,710,120,31,1,862,0,118,16,0,134,710,238,47,1,996,0,0,0,996
06/11/2012,BOS,MA,ANE,EN,Towers with Radar,814,169,47,0,1030,0,100,18,3,121,814,269,65,3,1151,0,0,0,1151
06/12/2012,BOS,MA,ANE,EN,Towers with Radar,805,199,47,0,1051,0,73,11,0,84,805,272,58,0,1135,0,0,0,1135
06/13/2012,BOS,MA,ANE,EN,Towers with Radar,796,249,47,0,1092,0,0,1,0,1,796,249,48,0,1093,0,0,0,1093
06/14/2012,BOS,MA,ANE,EN,Towers with Radar,813,229,33,0,1075,0,64,10,1,75,813,293,43,1,1150,0,0,0,1150
06/15/2012,BOS,MA,ANE,EN,Towers with Radar,810,136,29,0,975,0,146,22,2,170,810,282,51,2,1145,0,0,0,1145
06/16/2012,BOS,MA,ANE,EN,Towers with Radar,636,153,14,0,803,0,42,15,1,58,636,195,29,1,861,0,0,0,861
06/17/2012,BOS,MA,ANE,EN,Towers with Radar,724,154,18,1,897,0,80,20,0,100,724,234,38,1,997,0,0,0,997
06/18/2012,BOS,MA,ANE,EN,Towers with Radar,806,211,49,2,1068,0,44,10,0,54,806,255,59,2,1122,0,0,0,1122
06/19/2012,BOS,MA,ANE,EN,Towers with Radar,811,205,43,1,1060,0,40,8,0,48,811,245,51,1,1108,0,0,0,1108
06/20/2012,BOS,MA,ANE,EN,Towers with Radar,818,177,52,0,1047,0,85,6,2,93,818,262,58,2,1140,0,0,0,1140
06/21/2012,BOS,MA,ANE,EN,Towers with Radar,812,144,57,0,1013,0,104,12,1,117,812,248,69,1,1130,0,0,0,1130
06/22/2012,BOS,MA,ANE,EN,Towers with Radar,722,144,25,3,894,0,110,10,0,120,722,254,35,3,1014,0,0,0,1014
06/23/2012,BOS,MA,ANE,EN,Towers with Radar,632,125,13,0,770,0,69,18,4,91,632,194,31,4,861,0,0,0,861
06/24/2012,BOS,MA,ANE,EN,Towers with Radar,731,118,27,3,879,0,127,19,0,146,731,245,46,3,1025,0,0,0,1025
06/25/2012,BOS,MA,ANE,EN,Towers with Radar,777,208,23,0,1008,0,20,5,1,26,777,228,28,1,1034,0,0,0,1034
06/26/2012,BOS,MA,ANE,EN,Towers with Radar,823,202,44,6,1075,0,33,10,1,44,823,235,54,7,1119,0,0,0,1119
06/27/2012,BOS,MA,ANE,EN,Towers with Radar,820,171,55,2,1048,0,87,11,0,98,820,258,66,2,1146,0,0,0,1146
06/28/2012,BOS,MA,ANE,EN,Towers with Radar,819,178,31,2,1030,0,113,22,6,141,819,291,53,8,1171,0,0,0,1171
06/29/2012,BOS,MA,ANE,EN,Towers with Radar,798,219,13,1,1031,0,128,22,2,152,798,347,35,3,1183,0,0,0,1183
06/30/2012,BOS,MA,ANE,EN,Towers with Radar,644,99,16,0,759,0,169,43,3,215,644,268,59,3,974,0,0,0,974
07/01/2012,BOS,MA,ANE,EN,Towers with Radar,719,133,23,3,878,0,161,9,1,171,719,294,32,4,1049,0,0,0,1049
07/02/2012,BOS,MA,ANE,EN,Towers with Radar,783,158,19,3,963,0,115,5,6,126,783,273,24,9,1089,0,0,0,1089
07/03/2012,BOS,MA,ANE,EN,Towers with Radar,755,143,8,4,910,0,149,13,5,167,755,292,21,9,1077,0,0,0,1077
07/04/2012,BOS,MA,ANE,EN,Towers with Radar,603,164,8,1,776,0,54,24,5,83,603,218,32,6,859,0,0,0,859
07/05/2012,BOS,MA,ANE,EN,Towers with Radar,713,154,27,6,900,0,121,4,5,130,713,275,31,11,1030,0,0,0,1030
07/06/2012,BOS,MA,ANE,EN,Towers with Radar,746,121,23,0,890,0,158,5,5,168,746,279,28,5,1058,0,0,0,1058
07/07/2012,BOS,MA,ANE,EN,Towers with Radar,622,134,24,6,786,0,123,10,5,138,622,257,34,11,924,0,0,0,924
07/08/2012,BOS,MA,ANE,EN,Towers with Radar,725,141,41,0,907,0,158,24,2,184,725,299,65,2,1091,0,0,0,1091
07/09/2012,BOS,MA,ANE,EN,Towers with Radar,808,153,32,0,993,0,151,16,0,167,808,304,48,0,1160,0,0,0,1160
07/10/2012,BOS,MA,ANE,EN,Towers with Radar,835,158,27,0,1020,0,121,10,2,133,835,279,37,2,1153,0,0,0,1153
07/11/2012,BOS,MA,ANE,EN,Towers with Radar,821,162,31,2,1016,0,125,10,3,138,821,287,41,5,1154,0,0,0,1154
07/12/2012,BOS,MA,ANE,EN,Towers with Radar,821,154,51,0,1026,0,170,13,0,183,821,324,64,0,1209,0,0,0,1209
07/13/2012,BOS,MA,ANE,EN,Towers with Radar,805,166,39,0,1010,0,155,19,8,182,805,321,58,8,1192,0,0,0,1192
07/14/2012,BOS,MA,ANE,EN,Towers with Radar,641,124,12,0,777,0,149,12,0,161,641,273,24,0,938,0,0,0,938
07/15/2012,BOS,MA,ANE,EN,Towers with Radar,689,155,27,0,871,0,141,22,2,165,689,296,49,2,1036,0,0,0,1036
07/16/2012,BOS,MA,ANE,EN,Towers with Radar,844,191,31,0,1066,0,105,10,2,117,844,296,41,2,1183,0,0,0,1183
07/17/2012,BOS,MA,ANE,EN,Towers with Radar,826,193,56,0,1075,0,95,21,0,116,826,288,77,0,1191,0,0,0,1191
07/18/2012,BOS,MA,ANE,EN,Towers with Radar,711,187,43,0,941,0,55,3,0,58,711,242,46,0,999,0,0,0,999
07/19/2012,BOS,MA,ANE,EN,Towers with Radar,848,185,41,2,1076,0,151,14,0,165,848,336,55,2,1241,0,0,0,1241
07/20/2012,BOS,MA,ANE,EN,Towers with Radar,828,193,40,0,1061,0,146,13,0,159,828,339,53,0,1220,0,0,0,1220
07/21/2012,BOS,MA,ANE,EN,Towers with Radar,638,117,16,0,771,0,164,19,0,183,638,281,35,0,954,0,0,0,954
07/22/2012,BOS,MA,ANE,EN,Towers with Radar,742,145,35,0,922,0,169,19,4,192,742,314,54,4,1114,0,0,0,1114
07/23/2012,BOS,MA,ANE,EN,Towers with Radar,808,181,38,2,1029,0,106,15,3,124,808,287,53,5,1153,0,0,0,1153
07/24/2012,BOS,MA,ANE,EN,Towers with Radar,819,194,46,0,1059,0,73,14,0,87,819,267,60,0,1146,0,0,0,1146
07/25/2012,BOS,MA,ANE,EN,Towers with Radar,829,161,49,1,1040,0,137,19,2,158,829,298,68,3,1198,0,0,0,1198
07/26/2012,BOS,MA,ANE,EN,Towers with Radar,799,229,43,0,1071,0,77,10,1,88,799,306,53,1,1159,0,0,0,1159
07/27/2012,BOS,MA,ANE,EN,Towers with Radar,834,293,34,1,1162,0,20,3,0,23,834,313,37,1,1185,0,0,0,1185
07/28/2012,BOS,MA,ANE,EN,Towers with Radar,635,204,13,1,853,0,12,2,0,14,635,216,15,1,867,0,0,0,867
07/29/2012,BOS,MA,ANE,EN,Towers with Radar,740,269,32,0,1041,0,7,3,0,10,740,276,35,0,1051,0,0,0,1051
07/30/2012,BOS,MA,ANE,EN,Towers with Radar,826,202,23,1,1052,0,110,12,2,124,826,312,35,3,1176,0,0,0,1176
07/31/2012,BOS,MA,ANE,EN,Towers with Radar,817,266,33,1,1117,0,25,10,0,35,817,291,43,1,1152,0,0,0,1152
08/01/2012,BOS,MA,ANE,EN,Towers with Radar,799,261,43,0,1103,0,32,1,4,37,799,293,44,4,1140,0,0,0,1140
08/02/2012,BOS,MA,ANE,EN,Towers with Radar,834,234,41,0,1109,0,91,3,3,97,834,325,44,3,1206,0,0,0,1206
08/03/2012,BOS,MA,ANE,EN,Towers with Radar,803,198,23,0,1024,0,123,16,1,140,803,321,39,1,1164,0,0,0,1164
08/04/2012,BOS,MA,ANE,EN,Towers with Radar,641,142,11,0,794,0,93,20,5,118,641,235,31,5,912,0,0,0,912
08/05/2012,BOS,MA,ANE,EN,Towers with Radar,694,180,29,0,903,0,58,10,1,69,694,238,39,1,972,0,0,0,972
08/06/2012,BOS,MA,ANE,EN,Towers with Radar,826,183,25,0,1034,0,110,17,2,129,826,293,42,2,1163,0,0,0,1163
08/07/2012,BOS,MA,ANE,EN,Towers with Radar,822,156,41,0,1019,0,143,6,5,154,822,299,47,5,1173,0,0,0,1173
08/08/2012,BOS,MA,ANE,EN,Towers with Radar,817,172,56,0,1045,0,127,12,1,140,817,299,68,1,1185,0,0,0,1185
08/09/2012,BOS,MA,ANE,EN,Towers with Radar,788,246,53,0,1087,0,75,8,5,88,788,321,61,5,1175,0,0,0,1175
08/10/2012,BOS,MA,ANE,EN,Towers with Radar,802,219,27,0,1048,0,18,5,0,23,802,237,32,0,1071,0,0,0,1071
08/11/2012,BOS,MA,ANE,EN,Towers with Radar,652,217,26,0,895,0,26,1,0,27,652,243,27,0,922,0,0,0,922
08/12/2012,BOS,MA,ANE,EN,Towers with Radar,734,241,39,2,1016,0,47,8,2,57,734,288,47,4,1073,0,0,0,1073
08/13/2012,BOS,MA,ANE,EN,Towers with Radar,799,170,40,0,1009,0,132,8,7,147,799,302,48,7,1156,0,0,0,1156
08/14/2012,BOS,MA,ANE,EN,Towers with Radar,804,175,44,0,1023,0,129,25,0,154,804,304,69,0,1177,0,0,0,1177
08/15/2012,BOS,MA,ANE,EN,Towers with Radar,791,212,56,0,1059,0,52,8,0,60,791,264,64,0,1119,0,0,0,1119
08/16/2012,BOS,MA,ANE,EN,Towers with Radar,828,215,42,0,1085,0,95,15,1,111,828,310,57,1,1196,0,0,0,1196
08/17/2012,BOS,MA,ANE,EN,Towers with Radar,805,186,27,0,1018,0,146,11,0,157,805,332,38,0,1175,0,0,0,1175
08/18/2012,BOS,MA,ANE,EN,Towers with Radar,631,203,11,0,845,0,53,10,1,64,631,256,21,1,909,0,0,0,909
08/19/2012,BOS,MA,ANE,EN,Towers with Radar,728,202,21,0,951,0,94,40,3,137,728,296,61,3,1088,0,0,0,1088
08/20/2012,BOS,MA,ANE,EN,Towers with Radar,808,162,32,0,1002,0,121,13,4,138,808,283,45,4,1140,0,0,0,1140
08/21/2012,BOS,MA,ANE,EN,Towers with Radar,814,144,46,0,1004,0,136,7,4,147,814,280,53,4,1151,0,0,0,1151
08/22/2012,BOS,MA,ANE,EN,Towers with Radar,799,143,29,0,971,0,119,22,1,142,799,262,51,1,1113,0,0,0,1113
08/23/2012,BOS,MA,ANE,EN,Towers with Radar,821,178,36,0,1035,0,141,20,4,165,821,319,56,4,1200,0,0,0,1200
08/24/2012,BOS,MA,ANE,EN,Towers with Radar,810,175,36,0,1021,0,156,5,1,162,810,331,41,1,1183,0,0,0,1183
08/25/2012,BOS,MA,ANE,EN,Towers with Radar,620,157,18,0,795,0,85,21,2,108,620,242,39,2,903,0,0,0,903
08/26/2012,BOS,MA,ANE,EN,Towers with Radar,700,158,18,0,876,0,137,22,1,160,700,295,40,1,1036,0,0,0,1036
08/27/2012,BOS,MA,ANE,EN,Towers with Radar,798,154,28,0,980,0,138,13,1,152,798,292,41,1,1132,0,0,0,1132
08/28/2012,BOS,MA,ANE,EN,Towers with Radar,811,225,31,0,1067,0,37,2,2,41,811,262,33,2,1108,0,0,0,1108
08/29/2012,BOS,MA,ANE,EN,Towers with Radar,801,143,36,0,980,0,152,19,6,177,801,295,55,6,1157,0,0,0,1157
08/30/2012,BOS,MA,ANE,EN,Towers with Radar,821,164,20,0,1005,0,166,12,6,184,821,330,32,6,1189,0,0,0,1189
08/31/2012,BOS,MA,ANE,EN,Towers with Radar,815,184,15,3,1017,0,184,16,3,203,815,368,31,6,1220,0,0,0,1220
09/01/2012,BOS,MA,ANE,EN,Towers with Radar,595,119,12,0,726,0,128,41,5,174,595,247,53,5,900,0,0,0,900
09/02/2012,BOS,MA,ANE,EN,Towers with Radar,588,112,16,4,720,0,121,9,3,133,588,233,25,7,853,0,0,0,853
09/03/2012,BOS,MA,ANE,EN,Towers with Radar,725,236,31,0,992,0,103,10,4,117,725,339,41,4,1109,0,0,0,1109
09/04/2012,BOS,MA,ANE,EN,Towers with Radar,762,247,59,0,1068,0,7,4,2,13,762,254,63,2,1081,0,0,0,1081
09/05/2012,BOS,MA,ANE,EN,Towers with Radar,776,239,97,0,1112,0,11,1,1,13,776,250,98,1,1125,0,0,0,1125
09/06/2012,BOS,MA,ANE,EN,Towers with Radar,795,205,56,0,1056,0,96,5,5,106,795,301,61,5,1162,0,0,0,1162
09/07/2012,BOS,MA,ANE,EN,Towers with Radar,796,220,43,0,1059,0,81,6,6,93,796,301,49,6,1152,0,0,0,1152
09/08/2012,BOS,MA,ANE,EN,Towers with Radar,565,145,21,1,732,0,41,12,0,53,565,186,33,1,785,0,0,0,785
09/09/2012,BOS,MA,ANE,EN,Towers with Radar,698,148,31,1,878,0,146,11,2,159,698,294,42,3,1037,0,0,0,1037
09/10/2012,BOS,MA,ANE,EN,Towers with Radar,781,169,38,0,988,0,114,2,3,119,781,283,40,3,1107,0,0,0,1107
09/11/2012,BOS,MA,ANE,EN,Towers with Radar,758,132,78,0,968,0,126,7,5,138,758,258,85,5,1106,0,0,0,1106
09/12/2012,BOS,MA,ANE,EN,Towers with Radar,765,153,49,1,968,0,117,13,3,133,765,270,62,4,1101,0,0,0,1101
09/13/2012,BOS,MA,ANE,EN,Towers with Radar,804,167,61,0,1032,0,140,7,1,148,804,307,68,1,1180,0,0,0,1180
09/14/2012,BOS,MA,ANE,EN,Towers with Radar,794,144,42,0,980,0,130,5,2,137,794,274,47,2,1117,0,0,0,1117
09/15/2012,BOS,MA,ANE,EN,Towers with Radar,556,130,9,1,696,0,66,14,1,81,556,196,23,2,777,0,0,0,777
09/16/2012,BOS,MA,ANE,EN,Towers with Radar,697,119,23,1,840,0,138,2,3,143,697,257,25,4,983,0,0,0,983
09/17/2012,BOS,MA,ANE,EN,Towers with Radar,775,141,45,0,961,0,116,7,2,125,775,257,52,2,1086,0,0,0,1086
09/18/2012,BOS,MA,ANE,EN,Towers with Radar,741,170,43,0,954,0,56,1,0,57,741,226,44,0,1011,0,0,0,1011
09/19/2012,BOS,MA,ANE,EN,Towers with Radar,778,170,65,0,1013,0,97,12,4,113,778,267,77,4,1126,0,0,0,1126
09/20/2012,BOS,MA,ANE,EN,Towers with Radar,793,155,43,0,991,0,129,19,1,149,793,284,62,1,1140,0,0,0,1140
09/21/2012,BOS,MA,ANE,EN,Towers with Radar,781,210,37,0,1028,0,85,10,2,97,781,295,47,2,1125,0,0,0,1125
09/22/2012,BOS,MA,ANE,EN,Towers with Radar,561,162,25,0,748,0,23,3,1,27,561,185,28,1,775,0,0,0,775
09/23/2012,BOS,MA,ANE,EN,Towers with Radar,689,140,27,0,856,0,113,7,0,120,689,253,34,0,976,0,0,0,976
09/24/2012,BOS,MA,ANE,EN,Towers with Radar,776,164,43,0,983,0,122,8,0,130,776,286,51,0,1113,0,0,0,1113
09/25/2012,BOS,MA,ANE,EN,Towers with Radar,761,136,41,0,938,0,113,8,4,125,761,249,49,4,1063,0,0,0,1063
09/26/2012,BOS,MA,ANE,EN,Towers with Radar,768,188,46,1,1003,0,62,10,3,75,768,250,56,4,1078,0,0,0,1078
09/27/2012,BOS,MA,ANE,EN,Towers with Radar,786,160,44,0,990,0,107,14,0,121,786,267,58,0,1111,0,0,0,1111
09/28/2012,BOS,MA,ANE,EN,Towers with Radar,779,234,38,0,1051,0,29,4,1,34,779,263,42,1,1085,0,0,0,1085
09/29/2012,BOS,MA,ANE,EN,Towers with Radar,575,180,10,0,765,0,0,0,3,3,575,180,10,3,768,0,0,0,768
09/30/2012,BOS,MA,ANE,EN,Towers with Radar,679,233,28,0,940,0,13,0,1,14,679,246,28,1,954,0,0,0,954
10/01/2012,BOS,MA,ANE,EN,Towers with Radar,774,181,30,0,985,0,84,5,4,93,774,265,35,4,1078,0,0,0,1078
10/02/2012,BOS,MA,ANE,EN,Towers with Radar,751,177,51,0,979,0,74,4,0,78,751,251,55,0,1057,0,0,0,1057
10/03/2012,BOS,MA,ANE,EN,Towers with Radar,736,233,70,2,1041,0,0,0,0,0,736,233,70,2,1041,0,0,0,1041
10/04/2012,BOS,MA,ANE,EN,Towers with Radar,768,243,64,0,1075,0,0,0,0,0,768,243,64,0,1075,0,0,0,1075
10/05/2012,BOS,MA,ANE,EN,Towers with Radar,786,238,57,0,1081,0,90,13,5,108,786,328,70,5,1189,0,0,0,1189
10/06/2012,BOS,MA,ANE,EN,Towers with Radar,573,129,21,0,723,0,70,5,5,80,573,199,26,5,803,0,0,0,803
10/07/2012,BOS,MA,ANE,EN,Towers with Radar,687,158,23,0,868,0,82,13,3,98,687,240,36,3,966,0,0,0,966
10/08/2012,BOS,MA,ANE,EN,Towers with Radar,774,220,35,0,1029,0,101,11,1,113,774,321,46,1,1142,0,0,0,1142
10/09/2012,BOS,MA,ANE,EN,Towers with Radar,770,255,58,0,1083,0,6,5,0,11,770,261,63,0,1094,0,0,0,1094
10/10/2012,BOS,MA,ANE,EN,Towers with Radar,772,237,63,0,1072,0,6,0,1,7,772,243,63,1,1079,0,0,0,1079
10/11/2012,BOS,MA,ANE,EN,Towers with Radar,775,153,49,2,979,0,111,7,1,119,775,264,56,3,1098,0,0,0,1098
10/12/2012,BOS,MA,ANE,EN,Towers with Radar,779,176,35,0,990,0,65,18,1,84,779,241,53,1,1074,0,0,0,1074
10/13/2012,BOS,MA,ANE,EN,Towers with Radar,553,93,31,0,677,0,111,14,2,127,553,204,45,2,804,0,0,0,804
10/14/2012,BOS,MA,ANE,EN,Towers with Radar,686,168,29,0,883,0,74,5,1,80,686,242,34,1,963,0,0,0,963
10/15/2012,BOS,MA,ANE,EN,Towers with Radar,768,156,44,0,968,0,65,6,2,73,768,221,50,2,1041,0,0,0,1041
10/16/2012,BOS,MA,ANE,EN,Towers with Radar,771,182,37,0,990,0,56,10,0,66,771,238,47,0,1056,0,0,0,1056
10/17/2012,BOS,MA,ANE,EN,Towers with Radar,756,145,49,0,950,0,84,14,13,111,756,229,63,13,1061,0,0,0,1061
10/18/2012,BOS,MA,ANE,EN,Towers with Radar,776,148,53,0,977,0,92,16,1,109,776,240,69,1,1086,0,0,0,1086
10/19/2012,BOS,MA,ANE,EN,Towers with Radar,788,172,50,4,1014,0,23,1,0,24,788,195,51,4,1038,0,0,0,1038
10/20/2012,BOS,MA,ANE,EN,Towers with Radar,556,149,23,1,729,0,21,10,0,31,556,170,33,1,760,0,0,0,760
10/21/2012,BOS,MA,ANE,EN,Towers with Radar,676,124,30,0,830,0,108,18,0,126,676,232,48,0,956,0,0,0,956
10/22/2012,BOS,MA,ANE,EN,Towers with Radar,769,131,46,0,946,0,88,0,0,88,769,219,46,0,1034,0,0,0,1034
10/23/2012,BOS,MA,ANE,EN,Towers with Radar,768,137,43,0,948,0,92,16,0,108,768,229,59,0,1056,0,0,0,1056
10/24/2012,BOS,MA,ANE,EN,Towers with Radar,757,143,48,1,949,0,76,6,2,84,757,219,54,3,1033,0,0,0,1033
10/25/2012,BOS,MA,ANE,EN,Towers with Radar,768,152,48,0,968,0,80,15,5,100,768,232,63,5,1068,0,0,0,1068
10/26/2012,BOS,MA,ANE,EN,Towers with Radar,786,166,42,0,994,0,77,6,2,85,786,243,48,2,1079,0,0,0,1079
10/27/2012,BOS,MA,ANE,EN,Towers with Radar,548,106,17,4,675,0,28,2,1,31,548,134,19,5,706,0,0,0,706
10/28/2012,BOS,MA,ANE,EN,Towers with Radar,617,184,26,0,827,0,6,1,6,13,617,190,27,6,840,0,0,0,840
10/29/2012,BOS,MA,ANE,EN,Towers with Radar,63,11,6,0,80,0,0,0,0,0,63,11,6,0,80,0,0,0,80
10/30/2012,BOS,MA,ANE,EN,Towers with Radar,242,23,9,2,276,0,1,0,0,1,242,24,9,2,277,0,0,0,277
10/31/2012,BOS,MA,ANE,EN,Towers with Radar,586,146,21,0,753,0,22,8,1,31,586,168,29,1,784,0,0,0,784
11/01/2012,BOS,MA,ANE,EN,Towers with Radar,723,166,41,0,930,0,45,5,2,52,723,211,46,2,982,0,0,0,982
11/02/2012,BOS,MA,ANE,EN,Towers with Radar,753,181,34,3,971,0,47,17,3,67,753,228,51,6,1038,0,0,0,1038
11/03/2012,BOS,MA,ANE,EN,Towers with Radar,548,97,10,0,655,0,50,0,1,51,548,147,10,1,706,0,0,0,706
11/04/2012,BOS,MA,ANE,EN,Towers with Radar,658,136,14,0,808,0,60,13,2,75,658,196,27,2,883,0,0,0,883
11/05/2012,BOS,MA,ANE,EN,Towers with Radar,745,179,42,1,967,0,38,4,7,49,745,217,46,8,1016,0,0,0,1016
11/06/2012,BOS,MA,ANE,EN,Towers with Radar,696,165,87,0,948,0,75,7,3,85,696,240,94,3,1033,0,0,0,1033
11/07/2012,BOS,MA,ANE,EN,Towers with Radar,678,170,65,0,913,0,9,4,1,14,678,179,69,1,927,0,0,0,927
11/08/2012,BOS,MA,ANE,EN,Towers with Radar,725,138,37,2,902,0,0,4,0,4,725,138,41,2,906,0,0,0,906
11/09/2012,BOS,MA,ANE,EN,Towers with Radar,758,146,32,5,941,0,72,14,1,87,758,218,46,6,1028,0,0,0,1028
11/10/2012,BOS,MA,ANE,EN,Towers with Radar,542,75,25,0,642,0,65,10,2,77,542,140,35,2,719,0,0,0,719
11/11/2012,BOS,MA,ANE,EN,Towers with Radar,644,138,29,1,812,0,68,5,2,75,644,206,34,3,887,0,0,0,887
11/12/2012,BOS,MA,ANE,EN,Towers with Radar,766,181,35,1,983,0,43,5,3,51,766,224,40,4,1034,0,0,0,1034
11/13/2012,BOS,MA,ANE,EN,Towers with Radar,743,202,53,2,1000,0,6,7,0,13,743,208,60,2,1013,0,0,0,1013
11/14/2012,BOS,MA,ANE,EN,Towers with Radar,734,153,69,0,956,0,52,18,3,73,734,205,87,3,1029,0,0,0,1029
11/15/2012,BOS,MA,ANE,EN,Towers with Radar,759,206,50,0,1015,0,26,12,1,39,759,232,62,1,1054,0,0,0,1054
11/16/2012,BOS,MA,ANE,EN,Towers with Radar,783,169,48,1,1001,0,46,11,2,59,783,215,59,3,1060,0,0,0,1060
11/17/2012,BOS,MA,ANE,EN,Towers with Radar,573,96,18,1,688,0,71,17,2,90,573,167,35,3,778,0,0,0,778
11/18/2012,BOS,MA,ANE,EN,Towers with Radar,655,96,19,0,770,0,74,16,0,90,655,170,35,0,860,0,0,0,860
11/19/2012,BOS,MA,ANE,EN,Towers with Radar,713,144,22,1,880,0,49,15,0,64,713,193,37,1,944,0,0,0,944
11/20/2012,BOS,MA,ANE,EN,Towers with Radar,776,190,27,0,993,0,54,13,2,69,776,244,40,2,1062,0,0,0,1062
11/21/2012,BOS,MA,ANE,EN,Towers with Radar,768,208,22,0,998,0,35,10,2,47,768,243,32,2,1045,0,0,0,1045
11/22/2012,BOS,MA,ANE,EN,Towers with Radar,479,78,6,0,563,0,44,3,0,47,479,122,9,0,610,0,0,0,610
11/23/2012,BOS,MA,ANE,EN,Towers with Radar,500,112,12,2,626,0,28,2,2,32,500,140,14,4,658,0,0,0,658
11/24/2012,BOS,MA,ANE,EN,Towers with Radar,618,144,7,0,769,0,59,16,2,77,618,203,23,2,846,0,0,0,846
11/25/2012,BOS,MA,ANE,EN,Towers with Radar,729,170,29,0,928,0,85,9,4,98,729,255,38,4,1026,0,0,0,1026
11/26/2012,BOS,MA,ANE,EN,Towers with Radar,794,144,33,0,971,0,85,5,2,92,794,229,38,2,1063,0,0,0,1063
11/27/2012,BOS,MA,ANE,EN,Towers with Radar,729,201,36,1,967,0,11,1,0,12,729,212,37,1,979,0,0,0,979
11/28/2012,BOS,MA,ANE,EN,Towers with Radar,712,177,43,1,933,0,22,6,0,28,712,199,49,1,961,0,0,0,961
11/29/2012,BOS,MA,ANE,EN,Towers with Radar,747,151,37,0,935,0,79,8,0,87,747,230,45,0,1022,0,0,0,1022
11/30/2012,BOS,MA,ANE,EN,Towers with Radar,745,165,35,0,945,0,63,3,0,66,745,228,38,0,1011,0,0,0,1011
12/01/2012,BOS,MA,ANE,EN,Towers with Radar,514,130,12,0,656,0,8,6,0,14,514,138,18,0,670,0,0,0,670
12/02/2012,BOS,MA,ANE,EN,Towers with Radar,626,199,22,0,847,0,15,1,0,16,626,214,23,0,863,0,0,0,863
12/03/2012,BOS,MA,ANE,EN,Towers with Radar,712,162,37,0,911,0,67,6,0,73,712,229,43,0,984,0,0,0,984
12/04/2012,BOS,MA,ANE,EN,Towers with Radar,692,188,38,0,918,0,0,3,0,3,692,188,41,0,921,0,0,0,921
12/05/2012,BOS,MA,ANE,EN,Towers with Radar,691,153,53,0,897,0,26,4,1,31,691,179,57,1,928,0,0,0,928
12/06/2012,BOS,MA,ANE,EN,Towers with Radar,739,147,36,0,922,0,75,7,5,87,739,222,43,5,1009,0,0,0,1009
12/07/2012,BOS,MA,ANE,EN,Towers with Radar,739,186,38,0,963,0,25,6,1,32,739,211,44,1,995,0,0,0,995
12/08/2012,BOS,MA,ANE,EN,Towers with Radar,510,125,6,0,641,0,0,0,1,1,510,125,6,1,642,0,0,0,642
12/09/2012,BOS,MA,ANE,EN,Towers with Radar,622,117,25,1,765,0,59,17,2,78,622,176,42,3,843,0,0,0,843
12/10/2012,BOS,MA,ANE,EN,Towers with Radar,687,173,50,0,910,0,0,0,0,0,687,173,50,0,910,0,0,0,910
12/11/2012,BOS,MA,ANE,EN,Towers with Radar,702,181,59,2,944,0,44,0,1,45,702,225,59,3,989,0,0,0,989
12/12/2012,BOS,MA,ANE,EN,Towers with Radar,705,143,64,0,912,0,70,9,2,81,705,213,73,2,993,0,0,0,993
12/13/2012,BOS,MA,ANE,EN,Towers with Radar,749,140,46,0,935,0,64,13,0,77,749,204,59,0,1012,0,0,0,1012
12/14/2012,BOS,MA,ANE,EN,Towers with Radar,750,141,29,0,920,0,71,6,2,79,750,212,35,2,999,0,0,0,999
12/15/2012,BOS,MA,ANE,EN,Towers with Radar,529,71,2,0,602,0,73,14,1,88,529,144,16,1,690,0,0,0,690
12/16/2012,BOS,MA,ANE,EN,Towers with Radar,600,138,9,0,747,0,8,4,0,12,600,146,13,0,759,0,0,0,759
12/17/2012,BOS,MA,ANE,EN,Towers with Radar,685,165,35,0,885,0,0,0,5,5,685,165,35,5,890,0,0,0,890
12/18/2012,BOS,MA,ANE,EN,Towers with Radar,706,169,31,0,906,0,0,2,0,2,706,169,33,0,908,0,0,0,908
12/19/2012,BOS,MA,ANE,EN,Towers with Radar,704,156,39,0,899,0,22,2,0,24,704,178,41,0,923,0,0,0,923
12/20/2012,BOS,MA,ANE,EN,Towers with Radar,714,183,33,0,930,0,18,4,0,22,714,201,37,0,952,0,0,0,952
12/21/2012,BOS,MA,ANE,EN,Towers with Radar,718,130,19,0,867,0,5,1,0,6,718,135,20,0,873,0,0,0,873
12/22/2012,BOS,MA,ANE,EN,Towers with Radar,608,104,12,0,724,0,18,11,1,30,608,122,23,1,754,0,0,0,754
12/23/2012,BOS,MA,ANE,EN,Towers with Radar,610,96,8,0,714,0,56,8,0,64,610,152,16,0,778,0,0,0,778
12/24/2012,BOS,MA,ANE,EN,Towers with Radar,555,58,3,0,616,0,69,1,2,72,555,127,4,2,688,0,0,0,688
12/25/2012,BOS,MA,ANE,EN,Towers with Radar,505,100,2,0,607,0,5,1,1,7,505,105,3,1,614,0,0,0,614
12/26/2012,BOS,MA,ANE,EN,Towers with Radar,614,107,9,0,730,0,50,1,2,53,614,157,10,2,783,0,0,0,783
12/27/2012,BOS,MA,ANE,EN,Towers with Radar,669,63,3,0,735,0,0,0,0,0,669,63,3,0,735,0,0,0,735
12/28/2012,BOS,MA,ANE,EN,Towers with Radar,660,86,6,0,752,0,72,4,3,79,660,158,10,3,831,0,0,0,831
12/29/2012,BOS,MA,ANE,EN,Towers with Radar,521,81,7,0,609,0,28,4,1,33,521,109,11,1,642,0,0,0,642
12/30/2012,BOS,MA,ANE,EN,Towers with Radar,572,82,4,0,658,0,29,0,0,29,572,111,4,0,687,0,0,0,687
12/31/2012,BOS,MA,ANE,EN,Towers with Radar,563,93,5,0,661,0,48,3,1,52,563,141,8,1,713,0,0,0,713
01/01/2013,BOS,MA,ANE,EN,Towers with Radar,569,84,9,0,662,0,47,4,3,54,569,131,13,3,716,0,0,0,716
01/02/2013,BOS,MA,ANE,EN,Towers with Radar,663,117,16,2,798,0,51,4,2,57,663,168,20,4,855,0,0,0,855
01/03/2013,BOS,MA,ANE,EN,Towers with Radar,676,107,19,4,806,0,62,7,0,69,676,169,26,4,875,0,0,0,875
01/04/2013,BOS,MA,ANE,EN,Towers with Radar,672,111,17,0,800,0,49,7,6,62,672,160,24,6,862,0,0,0,862
01/05/2013,BOS,MA,ANE,EN,Towers with Radar,534,47,8,0,589,0,64,10,2,76,534,111,18,2,665,0,0,0,665
01/06/2013,BOS,MA,ANE,EN,Towers with Radar,591,116,16,0,723,0,44,5,3,52,591,160,21,3,775,0,0,0,775
01/07/2013,BOS,MA,ANE,EN,Towers with Radar,716,141,22,0,879,0,58,10,1,69,716,199,32,1,948,0,0,0,948
01/08/2013,BOS,MA,ANE,EN,Towers with Radar,694,130,28,0,852,0,52,11,2,65,694,182,39,2,917,0,0,0,917
01/09/2013,BOS,MA,ANE,EN,Towers with Radar,692,145,30,0,867,0,38,4,2,44,692,183,34,2,911,0,0,0,911
01/10/2013,BOS,MA,ANE,EN,Towers with Radar,732,135,37,0,904,0,64,11,0,75,732,199,48,0,979,0,0,0,979
01/11/2013,BOS,MA,ANE,EN,Towers with Radar,721,125,18,0,864,0,58,0,0,58,721,183,18,0,922,0,0,0,922
01/12/2013,BOS,MA,ANE,EN,Towers with Radar,501,109,8,2,620,0,0,0,0,0,501,109,8,2,620,0,0,0,620
01/13/2013,BOS,MA,ANE,EN,Towers with Radar,597,154,12,0,763,0,0,0,0,0,597,154,12,0,763,0,0,0,763
01/14/2013,BOS,MA,ANE,EN,Towers with Radar,716,161,33,0,910,0,36,3,2,41,716,197,36,2,951,0,0,0,951
01/15/2013,BOS,MA,ANE,EN,Towers with Radar,685,165,27,0,877,0,30,7,0,37,685,195,34,0,914,0,0,0,914
01/16/2013,BOS,MA,ANE,EN,Towers with Radar,665,144,35,0,844,0,0,2,0,2,665,144,37,0,846,0,0,0,846
01/17/2013,BOS,MA,ANE,EN,Towers with Radar,714,143,39,0,896,0,47,2,1,50,714,190,41,1,946,0,0,0,946
01/18/2013,BOS,MA,ANE,EN,Towers with Radar,717,116,43,0,876,0,59,7,1,67,717,175,50,1,943,0,0,0,943
01/19/2013,BOS,MA,ANE,EN,Towers with Radar,495,73,19,0,587,0,50,0,0,50,495,123,19,0,637,0,0,0,637
01/20/2013,BOS,MA,ANE,EN,Towers with Radar,556,97,15,0,668,0,48,1,2,51,556,145,16,2,719,0,0,0,719
01/21/2013,BOS,MA,ANE,EN,Towers with Radar,660,137,24,0,821,0,43,5,0,48,660,180,29,0,869,0,0,0,869
01/22/2013,BOS,MA,ANE,EN,Towers with Radar,685,152,21,1,859,0,28,2,1,31,685,180,23,2,890,0,0,0,890
01/23/2013,BOS,MA,ANE,EN,Towers with Radar,686,138,32,0,856,0,60,10,2,72,686,198,42,2,928,0,0,0,928
01/24/2013,BOS,MA,ANE,EN,Towers with Radar,704,131,23,0,858,0,66,0,1,67,704,197,23,1,925,0,0,0,925
01/25/2013,BOS,MA,ANE,EN,Towers with Radar,714,117,24,0,855,0,64,0,0,64,714,181,24,0,919,0,0,0,919
01/26/2013,BOS,MA,ANE,EN,Towers with Radar,493,61,11,0,565,0,50,8,1,59,493,111,19,1,624,0,0,0,624
01/27/2013,BOS,MA,ANE,EN,Towers with Radar,599,89,21,0,709,0,79,2,1,82,599,168,23,1,791,0,0,0,791
01/28/2013,BOS,MA,ANE,EN,Towers with Radar,666,142,25,0,833,0,26,0,0,26,666,168,25,0,859,0,0,0,859
01/29/2013,BOS,MA,ANE,EN,Towers with Radar,683,168,39,0,890,0,1,0,2,3,683,169,39,2,893,0,0,0,893
01/30/2013,BOS,MA,ANE,EN,Towers with Radar,671,158,27,0,856,0,0,0,0,0,671,158,27,0,856,0,0,0,856
01/31/2013,BOS,MA,ANE,EN,Towers with Radar,697,119,34,0,850,0,12,3,0,15,697,131,37,0,865,0,0,0,865
02/01/2013,BOS,MA,ANE,EN,Towers with Radar,719,157,35,0,911,0,41,12,0,53,719,198,47,0,964,0,0,0,964
02/02/2013,BOS,MA,ANE,EN,Towers with Radar,498,83,11,0,592,0,48,8,0,56,498,131,19,0,648,0,0,0,648
02/03/2013,BOS,MA,ANE,EN,Towers with Radar,565,146,16,0,727,0,0,4,0,4,565,146,20,0,731,0,0,0,731
02/04/2013,BOS,MA,ANE,EN,Towers with Radar,704,152,26,0,882,0,53,6,0,59,704,205,32,0,941,0,0,0,941
02/05/2013,BOS,MA,ANE,EN,Towers with Radar,681,164,29,2,876,0,41,2,1,44,681,205,31,3,920,0,0,0,920
02/06/2013,BOS,MA,ANE,EN,Towers with Radar,694,166,43,1,904,0,23,7,0,30,694,189,50,1,934,0,0,0,934
02/07/2013,BOS,MA,ANE,EN,Towers with Radar,709,144,37,0,890,0,69,8,2,79,709,213,45,2,969,0,0,0,969
02/08/2013,BOS,MA,ANE,EN,Towers with Radar,300,36,8,0,344,0,0,1,0,1,300,36,9,0,345,0,0,0,345
02/09/2013,BOS,MA,ANE,EN,Towers with Radar,1,0,0,0,1,0,0,8,0,8,1,0,8,0,9,0,0,0,9
02/10/2013,BOS,MA,ANE,EN,Towers with Radar,528,90,21,2,641,0,36,2,6,44,528,126,23,8,685,0,0,0,685
02/11/2013,BOS,MA,ANE,EN,Towers with Radar,685,142,31,0,858,0,1,1,0,2,685,143,32,0,860,0,0,0,860
02/12/2013,BOS,MA,ANE,EN,Towers with Radar,708,166,43,1,918,0,32,3,0,35,708,198,46,1,953,0,0,0,953
02/13/2013,BOS,MA,ANE,EN,Towers with Radar,694,150,52,0,896,0,52,7,4,63,694,202,59,4,959,0,0,0,959
02/14/2013,BOS,MA,ANE,EN,Towers with Radar,757,161,31,0,949,0,40,9,1,50,757,201,40,1,999,0,0,0,999
02/15/2013,BOS,MA,ANE,EN,Towers with Radar,746,164,15,0,925,0,47,6,2,55,746,211,21,2,980,0,0,0,980
02/16/2013,BOS,MA,ANE,EN,Towers with Radar,580,111,12,0,703,0,1,0,1,2,580,112,12,1,705,0,0,0,705
02/17/2013,BOS,MA,ANE,EN,Towers with Radar,580,46,7,0,633,0,0,0,0,0,580,46,7,0,633,0,0,0,633
02/18/2013,BOS,MA,ANE,EN,Towers with Radar,714,114,17,0,845,0,66,3,2,71,714,180,20,2,916,0,0,0,916
02/19/2013,BOS,MA,ANE,EN,Towers with Radar,738,154,24,0,916,0,38,2,1,41,738,192,26,1,957,0,0,0,957
02/20/2013,BOS,MA,ANE,EN,Towers with Radar,745,150,18,0,913,0,27,7,0,34,745,177,25,0,947,0,0,0,947
02/21/2013,BOS,MA,ANE,EN,Towers with Radar,747,155,28,0,930,0,40,8,0,48,747,195,36,0,978,0,0,0,978
02/22/2013,BOS,MA,ANE,EN,Towers with Radar,753,147,27,0,927,0,49,16,6,71,753,196,43,6,998,0,0,0,998
02/23/2013,BOS,MA,ANE,EN,Towers with Radar,587,114,9,0,710,0,11,0,2,13,587,125,9,2,723,0,0,0,723
02/24/2013,BOS,MA,ANE,EN,Towers with Radar,656,151,16,1,824,0,0,8,0,8,656,151,24,1,832,0,0,0,832
02/25/2013,BOS,MA,ANE,EN,Towers with Radar,747,186,24,0,957,0,21,3,0,24,747,207,27,0,981,0,0,0,981
02/26/2013,BOS,MA,ANE,EN,Towers with Radar,726,157,48,0,931,0,40,12,0,52,726,197,60,0,983,0,0,0,983
02/27/2013,BOS,MA,ANE,EN,Towers with Radar,730,125,42,0,897,0,0,2,1,3,730,125,44,1,900,0,0,0,900
02/28/2013,BOS,MA,ANE,EN,Towers with Radar,765,200,42,0,1007,0,6,1,0,7,765,206,43,0,1014,0,0,0,1014
03/01/2013,BOS,MA,ANE,EN,Towers with Radar,767,191,35,0,993,0,18,0,0,18,767,209,35,0,1011,0,0,0,1011
03/02/2013,BOS,MA,ANE,EN,Towers with Radar,601,111,15,0,727,0,27,13,0,40,601,138,28,0,767,0,0,0,767
03/03/2013,BOS,MA,ANE,EN,Towers with Radar,660,168,20,0,848,0,17,0,0,17,660,185,20,0,865,0,0,0,865
03/04/2013,BOS,MA,ANE,EN,Towers with Radar,766,186,57,0,1009,0,29,8,0,37,766,215,65,0,1046,0,0,0,1046
03/05/2013,BOS,MA,ANE,EN,Towers with Radar,737,222,64,1,1024,0,26,1,0,27,737,248,65,1,1051,0,0,0,1051
03/06/2013,BOS,MA,ANE,EN,Towers with Radar,675,187,61,0,923,0,1,1,0,2,675,188,62,0,925,0,0,0,925
03/07/2013,BOS,MA,ANE,EN,Towers with Radar,715,114,27,1,857,0,0,0,28,28,715,114,27,29,885,0,0,0,885
03/08/2013,BOS,MA,ANE,EN,Towers with Radar,608,77,14,0,699,0,2,1,4,7,608,79,15,4,706,0,0,0,706
03/09/2013,BOS,MA,ANE,EN,Towers with Radar,625,84,18,1,728,0,50,12,4,66,625,134,30,5,794,0,0,0,794
03/10/2013,BOS,MA,ANE,EN,Towers with Radar,648,171,14,0,833,0,22,3,1,26,648,193,17,1,859,0,0,0,859
03/11/2013,BOS,MA,ANE,EN,Towers with Radar,778,173,48,0,999,0,26,1,0,27,778,199,49,0,1026,0,0,0,1026
03/12/2013,BOS,MA,ANE,EN,Towers with Radar,743,176,51,0,970,0,1,0,0,1,743,177,51,0,971,0,0,0,971
03/13/2013,BOS,MA,ANE,EN,Towers with Radar,773,173,58,0,1004,0,29,2,1,32,773,202,60,1,1036,0,0,0,1036
03/14/2013,BOS,MA,ANE,EN,Towers with Radar,780,190,47,0,1017,0,43,7,2,52,780,233,54,2,1069,0,0,0,1069
03/15/2013,BOS,MA,ANE,EN,Towers with Radar,772,164,15,0,951,0,64,6,1,71,772,228,21,1,1022,0,0,0,1022
03/16/2013,BOS,MA,ANE,EN,Towers with Radar,617,85,7,0,709,0,61,7,3,71,617,146,14,3,780,0,0,0,780
03/17/2013,BOS,MA,ANE,EN,Towers with Radar,661,119,22,0,802,0,66,0,1,67,661,185,22,1,869,0,0,0,869
03/18/2013,BOS,MA,ANE,EN,Towers with Radar,753,139,29,0,921,0,63,10,1,74,753,202,39,1,995,0,0,0,995
03/19/2013,BOS,MA,ANE,EN,Towers with Radar,690,101,35,0,826,0,0,0,0,0,690,101,35,0,826,0,0,0,826
03/20/2013,BOS,MA,ANE,EN,Towers with Radar,762,145,25,0,932,0,38,4,0,42,762,183,29,0,974,0,0,0,974
03/21/2013,BOS,MA,ANE,EN,Towers with Radar,785,185,31,0,1001,0,20,2,0,22,785,205,33,0,1023,0,0,0,1023
03/22/2013,BOS,MA,ANE,EN,Towers with Radar,775,169,23,0,967,0,24,2,2,28,775,193,25,2,995,0,0,0,995
03/23/2013,BOS,MA,ANE,EN,Towers with Radar,604,95,5,0,704,0,37,8,0,45,604,132,13,0,749,0,0,0,749
03/24/2013,BOS,MA,ANE,EN,Towers with Radar,674,126,21,0,821,0,56,8,0,64,674,182,29,0,885,0,0,0,885
03/25/2013,BOS,MA,ANE,EN,Towers with Radar,770,185,25,0,980,0,26,11,1,38,770,211,36,1,1018,0,0,0,1018
03/26/2013,BOS,MA,ANE,EN,Towers with Radar,770,159,26,0,955,0,57,10,1,68,770,216,36,1,1023,0,0,0,1023
03/27/2013,BOS,MA,ANE,EN,Towers with Radar,764,144,52,0,960,0,62,11,3,76,764,206,63,3,1036,0,0,0,1036
03/28/2013,BOS,MA,ANE,EN,Towers with Radar,780,184,31,0,995,0,22,5,5,32,780,206,36,5,1027,0,0,0,1027
03/29/2013,BOS,MA,ANE,EN,Towers with Radar,777,162,11,0,950,0,59,9,3,71,777,221,20,3,1021,0,0,0,1021
03/30/2013,BOS,MA,ANE,EN,Towers with Radar,599,77,12,0,688,0,78,7,0,85,599,155,19,0,773,0,0,0,773
03/31/2013,BOS,MA,ANE,EN,Towers with Radar,656,110,20,0,786,0,61,3,0,64,656,171,23,0,850,0,0,0,850
04/01/2013,BOS,MA,ANE,EN,Towers with Radar,778,177,38,0,993,0,16,4,1,21,778,193,42,1,1014,0,0,0,1014
04/02/2013,BOS,MA,ANE,EN,Towers with Radar,790,150,33,0,973,0,41,8,1,50,790,191,41,1,1023,0,0,0,1023
04/03/2013,BOS,MA,ANE,EN,Towers with Radar,770,140,49,0,959,0,56,20,1,77,770,196,69,1,1036,0,0,0,1036
04/04/2013,BOS,MA,ANE,EN,Towers with Radar,794,146,40,0,980,0,66,10,4,80,794,212,50,4,1060,0,0,0,1060
04/05/2013,BOS,MA,ANE,EN,Towers with Radar,793,177,53,0,1023,0,51,8,4,63,793,228,61,4,1086,0,0,0,1086
04/06/2013,BOS,MA,ANE,EN,Towers with Radar,613,72,14,0,699,0,78,3,2,83,613,150,17,2,782,0,0,0,782
04/07/2013,BOS,MA,ANE,EN,Towers with Radar,686,128,16,0,830,0,62,12,2,76,686,190,28,2,906,0,0,0,906
04/08/2013,BOS,MA,ANE,EN,Towers with Radar,797,139,42,0,978,0,66,16,0,82,797,205,58,0,1060,0,0,0,1060
04/09/2013,BOS,MA,ANE,EN,Towers with Radar,774,189,42,0,1005,0,25,2,2,29,774,214,44,2,1034,0,0,0,1034
04/10/2013,BOS,MA,ANE,EN,Towers with Radar,748,190,45,0,983,0,31,5,5,41,748,221,50,5,1024,0,0,0,1024
04/11/2013,BOS,MA,ANE,EN,Towers with Radar,830,215,51,0,1096,0,13,7,3,23,830,228,58,3,1119,0,0,0,1119
04/12/2013,BOS,MA,ANE,EN,Towers with Radar,788,152,30,0,970,0,6,1,0,7,788,158,31,0,977,0,0,0,977
04/13/2013,BOS,MA,ANE,EN,Towers with Radar,665,123,17,0,805,0,15,11,0,26,665,138,28,0,831,0,0,0,831
04/14/2013,BOS,MA,ANE,EN,Towers with Radar,712,146,25,0,883,0,45,5,0,50,712,191,30,0,933,0,0,0,933
04/15/2013,BOS,MA,ANE,EN,Towers with Radar,813,163,37,0,1013,0,63,10,3,76,813,226,47,3,1089,0,0,0,1089
04/16/2013,BOS,MA,ANE,EN,Towers with Radar,784,158,48,4,994,0,35,12,2,49,784,193,60,6,1043,0,0,0,1043
04/17/2013,BOS,MA,ANE,EN,Towers with Radar,788,162,41,10,1001,0,64,6,0,70,788,226,47,10,1071,0,0,0,1071
04/18/2013,BOS,MA,ANE,EN,Towers with Radar,775,173,20,6,974,0,26,3,0,29,775,199,23,6,1003,0,0,0,1003
04/19/2013,BOS,MA,ANE,EN,Towers with Radar,832,185,23,7,1047,0,3,7,1,11,832,188,30,8,1058,0,0,0,1058
04/20/2013,BOS,MA,ANE,EN,Towers with Radar,670,115,16,3,804,0,30,4,2,36,670,145,20,5,840,0,0,0,840
04/21/2013,BOS,MA,ANE,EN,Towers with Radar,720,126,21,3,870,0,63,5,1,69,720,189,26,4,939,0,0,0,939
04/22/2013,BOS,MA,ANE,EN,Towers with Radar,808,154,33,2,997,0,54,18,5,77,808,208,51,7,1074,0,0,0,1074
04/23/2013,BOS,MA,ANE,EN,Towers with Radar,790,198,23,7,1018,1,0,4,0,5,791,198,27,7,1023,0,0,0,1023
04/24/2013,BOS,MA,ANE,EN,Towers with Radar,798,198,59,6,1061,0,34,6,0,40,798,232,65,6,1101,0,0,0,1101
04/25/2013,BOS,MA,ANE,EN,Towers with Radar,828,206,59,5,1098,0,46,18,3,67,828,252,77,8,1165,0,0,0,1165
04/26/2013,BOS,MA,ANE,EN,Towers with Radar,817,172,59,3,1051,0,93,11,1,105,817,265,70,4,1156,0,0,0,1156
04/27/2013,BOS,MA,ANE,EN,Towers with Radar,645,76,6,0,727,0,77,11,0,88,645,153,17,0,815,0,0,0,815
04/28/2013,BOS,MA,ANE,EN,Towers with Radar,721,142,32,0,895,0,97,6,0,103,721,239,38,0,998,0,0,0,998
04/29/2013,BOS,MA,ANE,EN,Towers with Radar,804,167,32,2,1005,0,76,7,2,85,804,243,39,4,1090,0,0,0,1090
04/30/2013,BOS,MA,ANE,EN,Towers with Radar,812,162,43,0,1017,0,75,6,0,81,812,237,49,0,1098,0,0,0,1098
05/01/2013,BOS,MA,ANE,EN,Towers with Radar,793,155,44,0,992,0,83,12,2,97,793,238,56,2,1089,0,0,0,1089
05/02/2013,BOS,MA,ANE,EN,Towers with Radar,811,147,42,0,1000,0,92,10,0,102,811,239,52,0,1102,0,0,0,1102
05/03/2013,BOS,MA,ANE,EN,Towers with Radar,804,214,43,0,1061,0,36,16,0,52,804,250,59,0,1113,0,0,0,1113
05/04/2013,BOS,MA,ANE,EN,Towers with Radar,626,68,25,0,719,0,72,11,2,85,626,140,36,2,804,0,0,0,804
05/05/2013,BOS,MA,ANE,EN,Towers with Radar,691,141,26,0,858,0,62,10,4,76,691,203,36,4,934,0,0,0,934
05/06/2013,BOS,MA,ANE,EN,Towers with Radar,807,197,42,2,1048,0,10,13,0,23,807,207,55,2,1071,0,0,0,1071
05/07/2013,BOS,MA,ANE,EN,Towers with Radar,802,173,49,1,1025,0,55,3,0,58,802,228,52,1,1083,0,0,0,1083
05/08/2013,BOS,MA,ANE,EN,Towers with Radar,785,221,59,1,1066,0,3,3,0,6,785,224,62,1,1072,0,0,0,1072
05/09/2013,BOS,MA,ANE,EN,Towers with Radar,800,206,54,0,1060,0,0,0,2,2,800,206,54,2,1062,0,0,0,1062
05/10/2013,BOS,MA,ANE,EN,Towers with Radar,825,182,42,0,1049,0,49,21,3,73,825,231,63,3,1122,0,0,0,1122
05/11/2013,BOS,MA,ANE,EN,Towers with Radar,628,107,13,0,748,0,14,0,0,14,628,121,13,0,762,0,0,0,762
05/12/2013,BOS,MA,ANE,EN,Towers with Radar,697,147,23,0,867,0,26,2,0,28,697,173,25,0,895,0,0,0,895
05/13/2013,BOS,MA,ANE,EN,Towers with Radar,814,182,57,0,1053,0,98,15,2,115,814,280,72,2,1168,0,0,0,1168
05/14/2013,BOS,MA,ANE,EN,Towers with Radar,812,185,76,0,1073,0,69,7,1,77,812,254,83,1,1150,0,0,0,1150
05/15/2013,BOS,MA,ANE,EN,Towers with Radar,797,207,70,0,1074,0,81,10,0,91,797,288,80,0,1165,0,0,0,1165
05/16/2013,BOS,MA,ANE,EN,Towers with Radar,826,181,66,2,1075,0,100,13,1,114,826,281,79,3,1189,0,0,0,1189
05/17/2013,BOS,MA,ANE,EN,Towers with Radar,824,192,41,0,1057,0,89,20,3,112,824,281,61,3,1169,0,0,0,1169
05/18/2013,BOS,MA,ANE,EN,Towers with Radar,622,79,15,0,716,0,88,19,0,107,622,167,34,0,823,0,0,0,823
05/19/2013,BOS,MA,ANE,EN,Towers with Radar,699,194,33,0,926,0,49,9,1,59,699,243,42,1,985,0,0,0,985
05/20/2013,BOS,MA,ANE,EN,Towers with Radar,818,238,52,0,1108,0,20,8,2,30,818,258,60,2,1138,0,0,0,1138
05/21/2013,BOS,MA,ANE,EN,Towers with Radar,815,183,42,0,1040,0,0,5,9,14,815,183,47,9,1054,0,0,0,1054
05/22/2013,BOS,MA,ANE,EN,Towers with Radar,801,193,28,0,1022,0,0,3,1,4,801,193,31,1,1026,0,0,0,1026
05/23/2013,BOS,MA,ANE,EN,Towers with Radar,795,269,32,0,1096,0,3,3,0,6,795,272,35,0,1102,0,0,0,1102
05/24/2013,BOS,MA,ANE,EN,Towers with Radar,832,300,22,3,1157,0,6,2,1,9,832,306,24,4,1166,0,0,0,1166
05/25/2013,BOS,MA,ANE,EN,Towers with Radar,618,158,26,2,804,0,0,1,0,1,618,158,27,2,805,0,0,0,805
05/26/2013,BOS,MA,ANE,EN,Towers with Radar,596,134,13,1,744,0,31,2,0,33,596,165,15,1,777,0,0,0,777
05/27/2013,BOS,MA,ANE,EN,Towers with Radar,731,134,9,0,874,0,187,4,4,195,731,321,13,4,1069,0,0,0,1069
05/28/2013,BOS,MA,ANE,EN,Towers with Radar,824,153,51,0,1028,0,112,16,1,129,824,265,67,1,1157,0,0,0,1157
05/29/2013,BOS,MA,ANE,EN,Towers with Radar,811,244,86,1,1142,0,3,5,0,8,811,247,91,1,1150,0,0,0,1150
05/30/2013,BOS,MA,ANE,EN,Towers with Radar,840,192,61,1,1094,0,82,12,1,95,840,274,73,2,1189,0,0,0,1189
05/31/2013,BOS,MA,ANE,EN,Towers with Radar,832,159,30,1,1022,0,119,17,0,136,832,278,47,1,1158,0,0,0,1158
06/01/2013,BOS,MA,ANE,EN,Towers with Radar,629,83,15,0,727,0,106,6,0,112,629,189,21,0,839,0,0,0,839
06/02/2013,BOS,MA,ANE,EN,Towers with Radar,700,164,16,0,880,0,70,0,0,70,700,234,16,0,950,0,0,0,950
06/03/2013,BOS,MA,ANE,EN,Towers with Radar,839,208,36,0,1083,0,12,6,0,18,839,220,42,0,1101,0,0,0,1101
06/04/2013,BOS,MA,ANE,EN,Towers with Radar,835,159,44,2,1040,0,86,12,1,99,835,245,56,3,1139,0,0,0,1139
06/05/2013,BOS,MA,ANE,EN,Towers with Radar,829,157,42,0,1028,0,107,11,1,119,829,264,53,1,1147,0,0,0,1147
06/06/2013,BOS,MA,ANE,EN,Towers with Radar,847,204,48,0,1099,0,82,10,3,95,847,286,58,3,1194,0,0,0,1194
06/07/2013,BOS,MA,ANE,EN,Towers with Radar,815,239,49,0,1103,0,0,0,1,1,815,239,49,1,1104,0,0,0,1104
06/08/2013,BOS,MA,ANE,EN,Towers with Radar,651,161,10,0,822,0,29,5,0,34,651,190,15,0,856,0,0,0,856
06/09/2013,BOS,MA,ANE,EN,Towers with Radar,745,135,22,2,904,0,105,18,5,128,745,240,40,7,1032,0,0,0,1032
06/10/2013,BOS,MA,ANE,EN,Towers with Radar,823,168,26,0,1017,0,69,14,1,84,823,237,40,1,1101,0,0,0,1101
06/11/2013,BOS,MA,ANE,EN,Towers with Radar,853,198,33,1,1085,0,0,6,2,8,853,198,39,3,1093,0,0,0,1093
06/12/2013,BOS,MA,ANE,EN,Towers with Radar,839,212,47,1,1099,0,27,5,0,32,839,239,52,1,1131,0,0,0,1131
06/13/2013,BOS,MA,ANE,EN,Towers with Radar,828,228,31,3,1090,0,46,7,2,55,828,274,38,5,1145,0,0,0,1145
06/14/2013,BOS,MA,ANE,EN,Towers with Radar,869,221,37,0,1127,0,61,13,4,78,869,282,50,4,1205,0,0,0,1205
06/15/2013,BOS,MA,ANE,EN,Towers with Radar,673,89,7,0,769,0,114,24,2,140,673,203,31,2,909,0,0,0,909
06/16/2013,BOS,MA,ANE,EN,Towers with Radar,772,153,25,0,950,0,105,21,4,130,772,258,46,4,1080,0,0,0,1080
06/17/2013,BOS,MA,ANE,EN,Towers with Radar,860,178,67,1,1106,0,92,6,1,99,860,270,73,2,1205,0,0,0,1205
06/18/2013,BOS,MA,ANE,EN,Towers with Radar,838,202,45,0,1085,0,27,2,3,32,838,229,47,3,1117,0,0,0,1117
06/19/2013,BOS,MA,ANE,EN,Towers with Radar,868,173,50,1,1092,0,92,18,7,117,868,265,68,8,1209,0,0,0,1209
06/20/2013,BOS,MA,ANE,EN,Towers with Radar,866,189,49,0,1104,0,113,18,4,135,866,302,67,4,1239,0,0,0,1239
06/21/2013,BOS,MA,ANE,EN,Towers with Radar,871,171,23,2,1067,0,104,17,1,122,871,275,40,3,1189,0,0,0,1189
06/22/2013,BOS,MA,ANE,EN,Towers with Radar,684,159,18,1,862,0,50,8,1,59,684,209,26,2,921,0,0,0,921
06/23/2013,BOS,MA,ANE,EN,Towers with Radar,778,181,36,0,995,0,75,2,0,77,778,256,38,0,1072,0,0,0,1072
06/24/2013,BOS,MA,ANE,EN,Towers with Radar,831,193,50,0,1074,0,57,11,1,69,831,250,61,1,1143,0,0,0,1143
06/25/2013,BOS,MA,ANE,EN,Towers with Radar,877,176,57,0,1110,0,82,9,0,91,877,258,66,0,1201,0,0,0,1201
06/26/2013,BOS,MA,ANE,EN,Towers with Radar,847,200,48,0,1095,0,47,4,0,51,847,247,52,0,1146,0,0,0,1146
06/27/2013,BOS,MA,ANE,EN,Towers with Radar,856,216,43,0,1115,0,0,0,0,0,856,216,43,0,1115,0,0,0,1115
06/28/2013,BOS,MA,ANE,EN,Towers with Radar,843,235,39,0,1117,0,2,6,0,8,843,237,45,0,1125,0,0,0,1125
06/29/2013,BOS,MA,ANE,EN,Towers with Radar,710,193,16,0,919,0,29,2,0,31,710,222,18,0,950,0,0,0,950
06/30/2013,BOS,MA,ANE,EN,Towers with Radar,738,205,21,0,964,0,40,3,1,44,738,245,24,1,1008,0,0,0,1008
07/01/2013,BOS,MA,ANE,EN,Towers with Radar,818,265,34,0,1117,0,2,0,0,2,818,267,34,0,1119,0,0,0,1119
07/02/2013,BOS,MA,ANE,EN,Towers with Radar,832,274,19,2,1127,0,3,1,0,4,832,277,20,2,1131,0,0,0,1131
07/03/2013,BOS,MA,ANE,EN,Towers with Radar,848,226,25,1,1100,0,60,26,1,87,848,286,51,2,1187,0,0,0,1187
07/04/2013,BOS,MA,ANE,EN,Towers with Radar,630,158,8,0,796,0,77,58,8,143,630,235,66,8,939,0,0,0,939
07/05/2013,BOS,MA,ANE,EN,Towers with Radar,684,125,10,0,819,0,106,0,2,108,684,231,10,2,927,0,0,0,927
07/06/2013,BOS,MA,ANE,EN,Towers with Radar,657,109,18,0,784,0,154,12,4,170,657,263,30,4,954,0,0,0,954
07/07/2013,BOS,MA,ANE,EN,Towers with Radar,749,172,30,0,951,0,130,13,0,143,749,302,43,0,1094,0,0,0,1094
07/08/2013,BOS,MA,ANE,EN,Towers with Radar,858,269,27,0,1154,0,48,10,0,58,858,317,37,0,1212,0,0,0,1212
07/09/2013,BOS,MA,ANE,EN,Towers with Radar,861,241,29,0,1131,0,0,1,0,1,861,241,30,0,1132,0,0,0,1132
07/10/2013,BOS,MA,ANE,EN,Towers with Radar,799,230,25,0,1054,0,1,2,1,4,799,231,27,1,1058,0,0,0,1058
07/11/2013,BOS,MA,ANE,EN,Towers with Radar,886,251,50,0,1187,0,34,7,0,41,886,285,57,0,1228,0,0,0,1228
07/12/2013,BOS,MA,ANE,EN,Towers with Radar,853,287,42,1,1183,0,49,8,1,58,853,336,50,2,1241,0,0,0,1241
07/13/2013,BOS,MA,ANE,EN,Towers with Radar,686,240,13,0,939,0,1,2,0,3,686,241,15,0,942,0,0,0,942
07/14/2013,BOS,MA,ANE,EN,Towers with Radar,798,212,22,0,1032,0,88,21,1,110,798,300,43,1,1142,0,0,0,1142
07/15/2013,BOS,MA,ANE,EN,Towers with Radar,869,169,34,0,1072,0,133,13,1,147,869,302,47,1,1219,0,0,0,1219
07/16/2013,BOS,MA,ANE,EN,Towers with Radar,868,169,48,2,1087,0,82,13,2,97,868,251,61,4,1184,0,0,0,1184
07/17/2013,BOS,MA,ANE,EN,Towers with Radar,867,161,46,0,1074,0,98,13,0,111,867,259,59,0,1185,0,0,0,1185
07/18/2013,BOS,MA,ANE,EN,Towers with Radar,885,192,48,0,1125,0,131,22,0,153,885,323,70,0,1278,0,0,0,1278
07/19/2013,BOS,MA,ANE,EN,Towers with Radar,863,191,44,2,1100,0,130,16,2,148,863,321,60,4,1248,0,0,0,1248
07/20/2013,BOS,MA,ANE,EN,Towers with Radar,682,168,21,2,873,0,95,15,0,110,682,263,36,2,983,0,0,0,983
07/21/2013,BOS,MA,ANE,EN,Towers with Radar,790,172,32,4,998,0,139,13,1,153,790,311,45,5,1151,0,0,0,1151
07/22/2013,BOS,MA,ANE,EN,Towers with Radar,838,260,48,1,1147,0,49,17,2,68,838,309,65,3,1215,0,0,0,1215
07/23/2013,BOS,MA,ANE,EN,Towers with Radar,836,189,31,2,1058,0,3,0,0,3,836,192,31,2,1061,0,0,0,1061
07/24/2013,BOS,MA,ANE,EN,Towers with Radar,883,235,42,0,1160,0,71,2,1,74,883,306,44,1,1234,0,0,0,1234
07/25/2013,BOS,MA,ANE,EN,Towers with Radar,871,289,47,2,1209,0,13,5,0,18,871,302,52,2,1227,0,0,0,1227
07/26/2013,BOS,MA,ANE,EN,Towers with Radar,870,288,37,0,1195,0,9,7,3,19,870,297,44,3,1214,0,0,0,1214
07/27/2013,BOS,MA,ANE,EN,Towers with Radar,687,136,8,0,831,0,134,15,8,157,687,270,23,8,988,0,0,0,988
07/28/2013,BOS,MA,ANE,EN,Towers with Radar,764,275,35,4,1078,0,3,5,11,19,764,278,40,15,1097,0,0,0,1097
07/29/2013,BOS,MA,ANE,EN,Towers with Radar,884,285,37,0,1206,0,32,8,0,40,884,317,45,0,1246,0,0,0,1246
07/30/2013,BOS,MA,ANE,EN,Towers with Radar,873,178,37,1,1089,0,92,12,3,107,873,270,49,4,1196,0,0,0,1196
07/31/2013,BOS,MA,ANE,EN,Towers with Radar,874,182,38,0,1094,0,112,14,2,128,874,294,52,2,1222,0,0,0,1222
08/01/2013,BOS,MA,ANE,EN,Towers with Radar,874,218,46,0,1138,0,121,12,5,138,874,339,58,5,1276,0,0,0,1276
08/02/2013,BOS,MA,ANE,EN,Towers with Radar,884,277,50,0,1211,1,81,24,1,107,885,358,74,1,1318,0,0,0,1318
08/03/2013,BOS,MA,ANE,EN,Towers with Radar,676,137,16,0,829,0,120,2,1,123,676,257,18,1,952,0,0,0,952
08/04/2013,BOS,MA,ANE,EN,Towers with Radar,795,133,29,1,958,0,151,11,0,162,795,284,40,1,1120,0,0,0,1120
08/05/2013,BOS,MA,ANE,EN,Towers with Radar,865,168,40,0,1073,0,146,21,2,169,865,314,61,2,1242,0,0,0,1242
08/06/2013,BOS,MA,ANE,EN,Towers with Radar,869,161,44,0,1074,0,125,10,1,136,869,286,54,1,1210,0,0,0,1210
08/07/2013,BOS,MA,ANE,EN,Towers with Radar,866,162,34,0,1062,0,130,15,0,145,866,292,49,0,1207,0,0,0,1207
08/08/2013,BOS,MA,ANE,EN,Towers with Radar,866,267,48,0,1181,0,59,12,0,71,866,326,60,0,1252,0,0,0,1252
08/09/2013,BOS,MA,ANE,EN,Towers with Radar,855,272,38,0,1165,0,0,0,0,0,855,272,38,0,1165,0,0,0,1165
08/10/2013,BOS,MA,ANE,EN,Towers with Radar,707,162,11,0,880,0,91,8,2,101,707,253,19,2,981,0,0,0,981
08/11/2013,BOS,MA,ANE,EN,Towers with Radar,782,194,30,0,1006,0,118,19,2,139,782,312,49,2,1145,0,0,0,1145
08/12/2013,BOS,MA,ANE,EN,Towers with Radar,864,238,35,0,1137,0,95,8,1,104,864,333,43,1,1241,0,0,0,1241
08/13/2013,BOS,MA,ANE,EN,Towers with Radar,877,239,66,0,1182,0,43,7,2,52,877,282,73,2,1234,0,0,0,1234
08/14/2013,BOS,MA,ANE,EN,Towers with Radar,865,229,38,2,1134,0,66,12,0,78,865,295,50,2,1212,0,0,0,1212
08/15/2013,BOS,MA,ANE,EN,Towers with Radar,890,203,25,0,1118,0,109,11,0,120,890,312,36,0,1238,0,0,0,1238
08/16/2013,BOS,MA,ANE,EN,Towers with Radar,876,208,37,0,1121,0,128,17,1,146,876,336,54,1,1267,0,0,0,1267
08/17/2013,BOS,MA,ANE,EN,Towers with Radar,685,147,30,0,862,0,129,18,6,153,685,276,48,6,1015,0,0,0,1015
08/18/2013,BOS,MA,ANE,EN,Towers with Radar,780,195,34,0,1009,0,112,16,2,130,780,307,50,2,1139,0,0,0,1139
08/19/2013,BOS,MA,ANE,EN,Towers with Radar,870,164,37,0,1071,0,147,16,2,165,870,311,53,2,1236,0,0,0,1236
08/20/2013,BOS,MA,ANE,EN,Towers with Radar,861,160,31,0,1052,0,94,12,2,108,861,254,43,2,1160,0,0,0,1160
08/21/2013,BOS,MA,ANE,EN,Towers with Radar,874,169,31,1,1075,0,116,2,1,119,874,285,33,2,1194,0,0,0,1194
08/22/2013,BOS,MA,ANE,EN,Towers with Radar,870,230,25,0,1125,1,85,12,2,100,871,315,37,2,1225,0,0,0,1225
08/23/2013,BOS,MA,ANE,EN,Towers with Radar,878,192,23,0,1093,0,130,17,4,151,878,322,40,4,1244,0,0,0,1244
08/24/2013,BOS,MA,ANE,EN,Towers with Radar,678,92,13,0,783,0,139,19,2,160,678,231,32,2,943,0,0,0,943
08/25/2013,BOS,MA,ANE,EN,Towers with Radar,770,139,19,0,928,0,180,16,1,197,770,319,35,1,1125,0,0,0,1125
08/26/2013,BOS,MA,ANE,EN,Towers with Radar,875,199,22,0,1096,0,119,16,0,135,875,318,38,0,1231,0,0,0,1231
08/27/2013,BOS,MA,ANE,EN,Towers with Radar,854,225,30,2,1111,0,17,2,1,20,854,242,32,3,1131,0,0,0,1131
08/28/2013,BOS,MA,ANE,EN,Towers with Radar,873,179,45,0,1097,0,15,6,4,25,873,194,51,4,1122,0,0,0,1122
08/29/2013,BOS,MA,ANE,EN,Towers with Radar,870,277,32,0,1179,0,4,2,0,6,870,281,34,0,1185,0,0,0,1185
08/30/2013,BOS,MA,ANE,EN,Towers with Radar,839,262,36,2,1139,1,54,14,3,72,840,316,50,5,1211,0,0,0,1211
08/31/2013,BOS,MA,ANE,EN,Towers with Radar,626,197,22,0,845,0,17,1,2,20,626,214,23,2,865,0,0,0,865
09/01/2013,BOS,MA,ANE,EN,Towers with Radar,593,228,15,3,839,0,11,2,0,13,593,239,17,3,852,0,0,0,852
09/02/2013,BOS,MA,ANE,EN,Towers with Radar,741,264,43,0,1048,0,11,0,0,11,741,275,43,0,1059,0,0,0,1059
09/03/2013,BOS,MA,ANE,EN,Towers with Radar,846,188,58,0,1092,0,31,0,0,31,846,219,58,0,1123,0,0,0,1123
09/04/2013,BOS,MA,ANE,EN,Towers with Radar,824,140,55,0,1019,0,119,8,3,130,824,259,63,3,1149,0,0,0,1149
09/05/2013,BOS,MA,ANE,EN,Towers with Radar,847,215,36,0,1098,0,63,6,3,72,847,278,42,3,1170,0,0,0,1170
09/06/2013,BOS,MA,ANE,EN,Towers with Radar,837,134,27,2,1000,0,157,18,0,175,837,291,45,2,1175,0,0,0,1175
09/07/2013,BOS,MA,ANE,EN,Towers with Radar,580,68,11,0,659,0,132,7,2,141,580,200,18,2,800,0,0,0,800
09/08/2013,BOS,MA,ANE,EN,Towers with Radar,732,181,32,0,945,0,144,8,0,152,732,325,40,0,1097,0,0,0,1097
09/09/2013,BOS,MA,ANE,EN,Towers with Radar,830,140,26,0,996,0,141,9,2,152,830,281,35,2,1148,0,0,0,1148
09/10/2013,BOS,MA,ANE,EN,Towers with Radar,787,233,69,0,1089,0,17,0,0,17,787,250,69,0,1106,0,0,0,1106
09/11/2013,BOS,MA,ANE,EN,Towers with Radar,782,170,77,0,1029,0,73,16,1,90,782,243,93,1,1119,0,0,0,1119
09/12/2013,BOS,MA,ANE,EN,Towers with Radar,752,229,76,0,1057,0,25,9,0,34,752,254,85,0,1091,0,0,0,1091
09/13/2013,BOS,MA,ANE,EN,Towers with Radar,868,274,38,0,1180,0,24,4,1,29,868,298,42,1,1209,0,0,0,1209
09/14/2013,BOS,MA,ANE,EN,Towers with Radar,575,116,15,0,706,0,37,3,1,41,575,153,18,1,747,0,0,0,747
09/15/2013,BOS,MA,ANE,EN,Towers with Radar,732,139,25,0,896,0,149,10,2,161,732,288,35,2,1057,0,0,0,1057
09/16/2013,BOS,MA,ANE,EN,Towers with Radar,839,185,52,0,1076,0,78,17,0,95,839,263,69,0,1171,0,0,0,1171
09/17/2013,BOS,MA,ANE,EN,Towers with Radar,757,174,65,0,996,0,92,15,0,107,757,266,80,0,1103,0,0,0,1103
09/18/2013,BOS,MA,ANE,EN,Towers with Radar,808,156,62,0,1026,0,109,7,4,120,808,265,69,4,1146,0,0,0,1146
09/19/2013,BOS,MA,ANE,EN,Towers with Radar,834,169,62,0,1065,0,110,10,1,121,834,279,72,1,1186,0,0,0,1186
09/20/2013,BOS,MA,ANE,EN,Towers with Radar,853,157,54,0,1064,0,127,15,0,142,853,284,69,0,1206,0,0,0,1206
09/21/2013,BOS,MA,ANE,EN,Towers with Radar,579,139,20,0,738,0,29,14,1,44,579,168,34,1,782,0,0,0,782
09/22/2013,BOS,MA,ANE,EN,Towers with Radar,734,234,31,1,1000,0,44,6,2,52,734,278,37,3,1052,0,0,0,1052
09/23/2013,BOS,MA,ANE,EN,Towers with Radar,830,158,49,0,1037,0,99,20,0,119,830,257,69,0,1156,0,0,0,1156
09/24/2013,BOS,MA,ANE,EN,Towers with Radar,788,166,66,0,1020,0,72,13,0,85,788,238,79,0,1105,0,0,0,1105
09/25/2013,BOS,MA,ANE,EN,Towers with Radar,804,162,66,0,1032,0,80,13,4,97,804,242,79,4,1129,0,0,0,1129
09/26/2013,BOS,MA,ANE,EN,Towers with Radar,837,194,40,0,1071,0,79,8,3,90,837,273,48,3,1161,0,0,0,1161
09/27/2013,BOS,MA,ANE,EN,Towers with Radar,839,253,42,0,1134,0,51,14,2,67,839,304,56,2,1201,0,0,0,1201
09/28/2013,BOS,MA,ANE,EN,Towers with Radar,575,81,28,0,684,0,71,7,1,79,575,152,35,1,763,0,0,0,763
09/29/2013,BOS,MA,ANE,EN,Towers with Radar,743,160,27,0,930,0,87,3,2,92,743,247,30,2,1022,0,0,0,1022
09/30/2013,BOS,MA,ANE,EN,Towers with Radar,834,216,45,0,1095,0,53,7,0,60,834,269,52,0,1155,0,0,0,1155
10/01/2013,BOS,MA,ANE,EN,Towers with Radar,791,138,55,0,984,0,95,3,2,100,791,233,58,2,1084,0,0,0,1084
10/02/2013,BOS,MA,ANE,EN,Towers with Radar,813,158,54,0,1025,0,79,6,1,86,813,237,60,1,1111,0,0,0,1111
10/03/2013,BOS,MA,ANE,EN,Towers with Radar,844,173,39,0,1056,0,99,3,1,103,844,272,42,1,1159,0,0,0,1159
10/04/2013,BOS,MA,ANE,EN,Towers with Radar,836,237,47,0,1120,0,55,5,0,60,836,292,52,0,1180,0,0,0,1180
10/05/2013,BOS,MA,ANE,EN,Towers with Radar,595,172,26,0,793,0,12,3,1,16,595,184,29,1,809,0,0,0,809
10/06/2013,BOS,MA,ANE,EN,Towers with Radar,737,247,28,0,1012,0,0,0,0,0,737,247,28,0,1012,0,0,0,1012
10/07/2013,BOS,MA,ANE,EN,Towers with Radar,816,233,36,3,1088,0,8,6,0,14,816,241,42,3,1102,0,0,0,1102
10/08/2013,BOS,MA,ANE,EN,Towers with Radar,809,139,40,0,988,0,77,5,2,84,809,216,45,2,1072,0,0,0,1072
10/09/2013,BOS,MA,ANE,EN,Towers with Radar,816,148,38,0,1002,0,83,15,1,99,816,231,53,1,1101,0,0,0,1101
10/10/2013,BOS,MA,ANE,EN,Towers with Radar,832,200,50,0,1082,0,42,16,0,58,832,242,66,0,1140,0,0,0,1140
10/11/2013,BOS,MA,ANE,EN,Towers with Radar,832,225,33,0,1090,0,58,7,1,66,832,283,40,1,1156,0,0,0,1156
10/12/2013,BOS,MA,ANE,EN,Towers with Radar,584,162,31,0,777,0,6,5,0,11,584,168,36,0,788,0,0,0,788
10/13/2013,BOS,MA,ANE,EN,Towers with Radar,724,188,28,0,940,0,34,6,1,41,724,222,34,1,981,0,0,0,981
10/14/2013,BOS,MA,ANE,EN,Towers with Radar,813,169,52,1,1035,0,116,17,0,133,813,285,69,1,1168,0,0,0,1168
10/15/2013,BOS,MA,ANE,EN,Towers with Radar,794,167,38,0,999,0,68,11,0,79,794,235,49,0,1078,0,0,0,1078
10/16/2013,BOS,MA,ANE,EN,Towers with Radar,813,236,57,1,1107,0,4,0,4,8,813,240,57,5,1115,0,0,0,1115
10/17/2013,BOS,MA,ANE,EN,Towers with Radar,843,201,58,0,1102,0,21,4,0,25,843,222,62,0,1127,0,0,0,1127
10/18/2013,BOS,MA,ANE,EN,Towers with Radar,845,165,30,2,1042,0,56,11,1,68,845,221,41,3,1110,0,0,0,1110
10/19/2013,BOS,MA,ANE,EN,Towers with Radar,582,98,25,0,705,0,80,6,4,90,582,178,31,4,795,0,0,0,795
10/20/2013,BOS,MA,ANE,EN,Towers with Radar,735,166,38,0,939,0,83,5,1,89,735,249,43,1,1028,0,0,0,1028
10/21/2013,BOS,MA,ANE,EN,Towers with Radar,832,131,39,0,1002,0,92,12,3,107,832,223,51,3,1109,0,0,0,1109
10/22/2013,BOS,MA,ANE,EN,Towers with Radar,790,170,64,3,1027,0,35,4,1,40,790,205,68,4,1067,0,0,0,1067
10/23/2013,BOS,MA,ANE,EN,Towers with Radar,801,195,87,5,1088,0,34,18,6,58,801,229,105,11,1146,0,0,0,1146
10/24/2013,BOS,MA,ANE,EN,Towers with Radar,838,193,56,0,1087,0,55,11,0,66,838,248,67,0,1153,0,0,0,1153
10/25/2013,BOS,MA,ANE,EN,Towers with Radar,854,186,34,0,1074,0,59,10,2,71,854,245,44,2,1145,0,0,0,1145
10/26/2013,BOS,MA,ANE,EN,Towers with Radar,579,75,12,0,666,0,54,1,1,56,579,129,13,1,722,0,0,0,722
10/27/2013,BOS,MA,ANE,EN,Towers with Radar,725,144,26,2,897,0,52,11,1,64,725,196,37,3,961,0,0,0,961
10/28/2013,BOS,MA,ANE,EN,Towers with Radar,818,170,35,0,1023,0,64,9,1,74,818,234,44,1,1097,0,0,0,1097
10/29/2013,BOS,MA,ANE,EN,Towers with Radar,802,168,37,1,1008,0,53,12,0,65,802,221,49,1,1073,0,0,0,1073
10/30/2013,BOS,MA,ANE,EN,Towers with Radar,793,222,47,2,1064,0,17,13,1,31,793,239,60,3,1095,0,0,0,1095
10/31/2013,BOS,MA,ANE,EN,Towers with Radar,788,223,52,1,1064,0,16,3,1,20,788,239,55,2,1084,0,0,0,1084
11/01/2013,BOS,MA,ANE,EN,Towers with Radar,806,147,31,0,984,0,12,2,2,16,806,159,33,2,1000,0,0,0,1000
11/02/2013,BOS,MA,ANE,EN,Towers with Radar,612,82,21,0,715,0,48,7,1,56,612,130,28,1,771,0,0,0,771
11/03/2013,BOS,MA,ANE,EN,Towers with Radar,718,179,26,0,923,0,19,6,4,29,718,198,32,4,952,0,0,0,952
11/04/2013,BOS,MA,ANE,EN,Towers with Radar,801,154,24,0,979,0,73,15,3,91,801,227,39,3,1070,0,0,0,1070
11/05/2013,BOS,MA,ANE,EN,Towers with Radar,769,142,58,0,969,0,59,15,4,78,769,201,73,4,1047,0,0,0,1047
11/06/2013,BOS,MA,ANE,EN,Towers with Radar,796,155,67,0,1018,0,52,1,0,53,796,207,68,0,1071,0,0,0,1071
11/07/2013,BOS,MA,ANE,EN,Towers with Radar,807,220,59,2,1088,0,1,2,1,4,807,221,61,3,1092,0,0,0,1092
11/08/2013,BOS,MA,ANE,EN,Towers with Radar,814,162,42,2,1020,0,53,6,0,59,814,215,48,2,1079,0,0,0,1079
11/09/2013,BOS,MA,ANE,EN,Towers with Radar,586,74,15,0,675,0,46,3,3,52,586,120,18,3,727,0,0,0,727
11/10/2013,BOS,MA,ANE,EN,Towers with Radar,703,126,31,1,861,0,30,0,2,32,703,156,31,3,893,0,0,0,893
11/11/2013,BOS,MA,ANE,EN,Towers with Radar,805,158,37,0,1000,0,54,15,1,70,805,212,52,1,1070,0,0,0,1070
11/12/2013,BOS,MA,ANE,EN,Towers with Radar,767,179,50,0,996,0,16,4,2,22,767,195,54,2,1018,0,0,0,1018
11/13/2013,BOS,MA,ANE,EN,Towers with Radar,784,163,82,0,1029,0,63,1,0,64,784,226,83,0,1093,0,0,0,1093
11/14/2013,BOS,MA,ANE,EN,Towers with Radar,816,166,52,0,1034,0,54,9,0,63,816,220,61,0,1097,0,0,0,1097
11/15/2013,BOS,MA,ANE,EN,Towers with Radar,811,144,26,0,981,0,66,10,1,77,811,210,36,1,1058,0,0,0,1058
11/16/2013,BOS,MA,ANE,EN,Towers with Radar,582,81,8,0,671,0,51,8,4,63,582,132,16,4,734,0,0,0,734
11/17/2013,BOS,MA,ANE,EN,Towers with Radar,702,141,14,0,857,0,6,3,0,9,702,147,17,0,866,0,0,0,866
11/18/2013,BOS,MA,ANE,EN,Towers with Radar,803,153,40,0,996,0,41,9,0,50,803,194,49,0,1046,0,0,0,1046
11/19/2013,BOS,MA,ANE,EN,Towers with Radar,774,171,47,0,992,0,34,14,1,49,774,205,61,1,1041,0,0,0,1041
11/20/2013,BOS,MA,ANE,EN,Towers with Radar,780,142,52,0,974,0,55,18,3,76,780,197,70,3,1050,0,0,0,1050
11/21/2013,BOS,MA,ANE,EN,Towers with Radar,815,140,28,0,983,0,57,3,2,62,815,197,31,2,1045,0,0,0,1045
11/22/2013,BOS,MA,ANE,EN,Towers with Radar,817,192,36,0,1045,0,2,2,2,6,817,194,38,2,1051,0,0,0,1051
11/23/2013,BOS,MA,ANE,EN,Towers with Radar,624,84,17,0,725,0,52,3,2,57,624,136,20,2,782,0,0,0,782
11/24/2013,BOS,MA,ANE,EN,Towers with Radar,676,120,20,0,816,0,31,0,0,31,676,151,20,0,847,0,0,0,847
11/25/2013,BOS,MA,ANE,EN,Towers with Radar,766,136,44,0,946,0,70,8,0,78,766,206,52,0,1024,0,0,0,1024
11/26/2013,BOS,MA,ANE,EN,Towers with Radar,814,181,56,0,1051,0,38,7,2,47,814,219,63,2,1098,0,0,0,1098
11/27/2013,BOS,MA,ANE,EN,Towers with Radar,816,121,13,0,950,0,0,0,0,0,816,121,13,0,950,0,0,0,950
11/28/2013,BOS,MA,ANE,EN,Towers with Radar,488,81,9,0,578,0,51,4,0,55,488,132,13,0,633,0,0,0,633
11/29/2013,BOS,MA,ANE,EN,Towers with Radar,529,91,4,0,624,0,42,5,0,47,529,133,9,0,671,0,0,0,671
11/30/2013,BOS,MA,ANE,EN,Towers with Radar,658,128,12,0,798,0,45,3,0,48,658,173,15,0,846,0,0,0,846
12/01/2013,BOS,MA,ANE,EN,Towers with Radar,794,199,32,0,1025,0,15,3,1,19,794,214,35,1,1044,0,0,0,1044
12/02/2013,BOS,MA,ANE,EN,Towers with Radar,856,187,42,0,1085,0,0,0,7,7,856,187,42,7,1092,0,0,0,1092
12/03/2013,BOS,MA,ANE,EN,Towers with Radar,786,199,49,0,1034,0,10,4,3,17,786,209,53,3,1051,0,0,0,1051
12/04/2013,BOS,MA,ANE,EN,Towers with Radar,766,151,46,0,963,0,71,11,0,82,766,222,57,0,1045,0,0,0,1045
12/05/2013,BOS,MA,ANE,EN,Towers with Radar,769,204,40,0,1013,0,6,1,0,7,769,210,41,0,1020,0,0,0,1020
12/06/2013,BOS,MA,ANE,EN,Towers with Radar,765,239,38,0,1042,0,9,1,0,10,765,248,39,0,1052,0,0,0,1052
12/07/2013,BOS,MA,ANE,EN,Towers with Radar,537,119,13,0,669,0,13,8,0,21,537,132,21,0,690,0,0,0,690
12/08/2013,BOS,MA,ANE,EN,Towers with Radar,607,107,48,0,762,0,74,9,1,84,607,181,57,1,846,0,0,0,846
12/09/2013,BOS,MA,ANE,EN,Towers with Radar,741,150,26,0,917,0,0,0,2,2,741,150,26,2,919,0,0,0,919
12/10/2013,BOS,MA,ANE,EN,Towers with Radar,702,172,68,0,942,0,7,0,0,7,702,179,68,0,949,0,0,0,949
12/11/2013,BOS,MA,ANE,EN,Towers with Radar,745,159,63,0,967,0,39,2,1,42,745,198,65,1,1009,0,0,0,1009
12/12/2013,BOS,MA,ANE,EN,Towers with Radar,776,151,37,0,964,2,56,3,4,65,778,207,40,4,1029,0,0,0,1029
12/13/2013,BOS,MA,ANE,EN,Towers with Radar,783,160,25,2,970,0,29,3,0,32,783,189,28,2,1002,0,0,0,1002
12/14/2013,BOS,MA,ANE,EN,Towers with Radar,485,90,13,0,588,0,18,3,0,21,485,108,16,0,609,0,0,0,609
12/15/2013,BOS,MA,ANE,EN,Towers with Radar,605,94,11,0,710,0,2,0,0,2,605,96,11,0,712,0,0,0,712
12/16/2013,BOS,MA,ANE,EN,Towers with Radar,752,150,28,1,931,0,36,14,0,50,752,186,42,1,981,0,0,0,981
12/17/2013,BOS,MA,ANE,EN,Towers with Radar,611,89,14,0,714,0,19,0,4,23,611,108,14,4,737,0,0,0,737
12/18/2013,BOS,MA,ANE,EN,Towers with Radar,826,137,43,0,1006,0,30,9,0,39,826,167,52,0,1045,0,0,0,1045
12/19/2013,BOS,MA,ANE,EN,Towers with Radar,745,148,24,0,917,0,35,14,2,51,745,183,38,2,968,0,0,0,968
12/20/2013,BOS,MA,ANE,EN,Towers with Radar,770,166,19,0,955,0,37,8,3,48,770,203,27,3,1003,0,0,0,1003
12/21/2013,BOS,MA,ANE,EN,Towers with Radar,673,95,14,0,782,0,30,2,1,33,673,125,16,1,815,0,0,0,815
12/22/2013,BOS,MA,ANE,EN,Towers with Radar,686,86,8,0,780,0,0,0,0,0,686,86,8,0,780,0,0,0,780
12/23/2013,BOS,MA,ANE,EN,Towers with Radar,683,92,15,0,790,0,0,0,2,2,683,92,15,2,792,0,0,0,792
12/24/2013,BOS,MA,ANE,EN,Towers with Radar,595,79,1,0,675,0,32,0,1,33,595,111,1,1,708,0,0,0,708
12/25/2013,BOS,MA,ANE,EN,Towers with Radar,505,50,1,0,556,0,29,2,1,32,505,79,3,1,588,0,0,0,588
12/26/2013,BOS,MA,ANE,EN,Towers with Radar,671,119,6,0,796,0,13,0,0,13,671,132,6,0,809,0,0,0,809
12/27/2013,BOS,MA,ANE,EN,Towers with Radar,710,114,4,0,828,0,39,3,1,43,710,153,7,1,871,0,0,0,871
12/28/2013,BOS,MA,ANE,EN,Towers with Radar,635,107,11,0,753,0,33,0,1,34,635,140,11,1,787,0,0,0,787
12/29/2013,BOS,MA,ANE,EN,Towers with Radar,646,99,7,2,754,0,22,3,0,25,646,121,10,2,779,0,0,0,779
12/30/2013,BOS,MA,ANE,EN,Towers with Radar,654,90,3,0,747,0,40,4,1,45,654,130,7,1,792,0,0,0,792
12/31/2013,BOS,MA,ANE,EN,Towers with Radar,593,79,1,0,673,0,29,0,2,31,593,108,1,2,704,0,0,0,704
01/01/2014,BOS,MA,ANE,EN,Towers with Radar,574,62,3,3,642,0,49,2,2,53,574,111,5,5,695,0,0,0,695
01/02/2014,BOS,MA,ANE,EN,Towers with Radar,471,48,6,0,525,0,0,0,1,1,471,48,6,1,526,0,0,0,526
01/03/2014,BOS,MA,ANE,EN,Towers with Radar,359,52,14,1,426,0,2,5,1,8,359,54,19,2,434,0,0,0,434
01/04/2014,BOS,MA,ANE,EN,Towers with Radar,565,88,13,0,666,0,29,0,2,31,565,117,13,2,697,0,0,0,697
01/05/2014,BOS,MA,ANE,EN,Towers with Radar,622,94,17,2,735,0,38,1,0,39,622,132,18,2,774,0,0,0,774
01/06/2014,BOS,MA,ANE,EN,Towers with Radar,550,87,14,0,651,0,0,0,0,0,550,87,14,0,651,0,0,0,651
01/07/2014,BOS,MA,ANE,EN,Towers with Radar,586,99,39,0,724,0,32,4,2,38,586,131,43,2,762,0,0,0,762
01/08/2014,BOS,MA,ANE,EN,Towers with Radar,703,111,49,0,863,0,66,5,0,71,703,177,54,0,934,0,0,0,934
01/09/2014,BOS,MA,ANE,EN,Towers with Radar,745,132,29,0,906,0,48,5,1,54,745,180,34,1,960,0,0,0,960
01/10/2014,BOS,MA,ANE,EN,Towers with Radar,737,174,31,0,942,0,1,1,0,2,737,175,32,0,944,0,0,0,944
01/11/2014,BOS,MA,ANE,EN,Towers with Radar,517,67,14,0,598,0,0,4,0,4,517,67,18,0,602,0,0,0,602
01/12/2014,BOS,MA,ANE,EN,Towers with Radar,638,139,19,0,796,0,26,2,0,28,638,165,21,0,824,0,0,0,824
01/13/2014,BOS,MA,ANE,EN,Towers with Radar,749,138,27,0,914,0,56,4,3,63,749,194,31,3,977,0,0,0,977
01/14/2014,BOS,MA,ANE,EN,Towers with Radar,711,154,43,0,908,0,4,2,1,7,711,158,45,1,915,0,0,0,915
01/15/2014,BOS,MA,ANE,EN,Towers with Radar,731,129,32,0,892,0,53,9,2,64,731,182,41,2,956,0,0,0,956
01/16/2014,BOS,MA,ANE,EN,Towers with Radar,743,169,20,0,932,0,0,0,0,0,743,169,20,0,932,0,0,0,932
01/17/2014,BOS,MA,ANE,EN,Towers with Radar,756,161,26,0,943,0,25,4,1,30,756,186,30,1,973,0,0,0,973
01/18/2014,BOS,MA,ANE,EN,Towers with Radar,519,95,12,0,626,0,1,3,0,4,519,96,15,0,630,0,0,0,630
01/19/2014,BOS,MA,ANE,EN,Towers with Radar,594,117,8,0,719,0,9,0,0,9,594,126,8,0,728,0,0,0,728
01/20/2014,BOS,MA,ANE,EN,Towers with Radar,698,137,19,0,854,0,30,1,1,32,698,167,20,1,886,0,0,0,886
01/21/2014,BOS,MA,ANE,EN,Towers with Radar,497,84,17,0,598,0,32,2,0,34,497,116,19,0,632,0,0,0,632
01/22/2014,BOS,MA,ANE,EN,Towers with Radar,517,82,21,0,620,0,9,6,0,15,517,91,27,0,635,0,0,0,635
01/23/2014,BOS,MA,ANE,EN,Towers with Radar,750,131,33,1,915,0,51,7,2,60,750,182,40,3,975,0,0,0,975
01/24/2014,BOS,MA,ANE,EN,Towers with Radar,740,123,18,0,881,0,50,6,2,58,740,173,24,2,939,0,0,0,939
01/25/2014,BOS,MA,ANE,EN,Towers with Radar,527,88,11,4,630,0,10,1,0,11,527,98,12,4,641,0,0,0,641
01/26/2014,BOS,MA,ANE,EN,Towers with Radar,648,121,22,0,791,0,30,5,2,37,648,151,27,2,828,0,0,0,828
01/27/2014,BOS,MA,ANE,EN,Towers with Radar,742,153,13,0,908,0,21,6,2,29,742,174,19,2,937,0,0,0,937
01/28/2014,BOS,MA,ANE,EN,Towers with Radar,663,119,30,0,812,0,49,8,0,57,663,168,38,0,869,0,0,0,869
01/29/2014,BOS,MA,ANE,EN,Towers with Radar,689,134,41,0,864,0,38,6,2,46,689,172,47,2,910,0,0,0,910
01/30/2014,BOS,MA,ANE,EN,Towers with Radar,718,126,30,0,874,0,52,10,0,62,718,178,40,0,936,0,0,0,936
01/31/2014,BOS,MA,ANE,EN,Towers with Radar,744,169,36,0,949,0,29,6,3,38,744,198,42,3,987,0,0,0,987
02/01/2014,BOS,MA,ANE,EN,Towers with Radar,520,72,9,0,601,0,41,0,0,41,520,113,9,0,642,0,0,0,642
02/02/2014,BOS,MA,ANE,EN,Towers with Radar,587,123,16,0,726,0,23,2,0,25,587,146,18,0,751,0,0,0,751
02/03/2014,BOS,MA,ANE,EN,Towers with Radar,658,141,28,0,827,0,2,3,0,5,658,143,31,0,832,0,0,0,832
02/04/2014,BOS,MA,ANE,EN,Towers with Radar,643,123,36,0,802,0,56,6,0,62,643,179,42,0,864,0,0,0,864
02/05/2014,BOS,MA,ANE,EN,Towers with Radar,320,26,18,0,364,0,0,5,0,5,320,26,23,0,369,0,0,0,369
02/06/2014,BOS,MA,ANE,EN,Towers with Radar,753,166,40,0,959,0,28,0,1,29,753,194,40,1,988,0,0,0,988
02/07/2014,BOS,MA,ANE,EN,Towers with Radar,758,160,22,2,942,0,48,11,1,60,758,208,33,3,1002,0,0,0,1002
02/08/2014,BOS,MA,ANE,EN,Towers with Radar,517,85,16,0,618,0,41,3,1,45,517,126,19,1,663,0,0,0,663
02/09/2014,BOS,MA,ANE,EN,Towers with Radar,620,159,20,0,799,0,6,3,6,15,620,165,23,6,814,0,0,0,814
02/10/2014,BOS,MA,ANE,EN,Towers with Radar,733,152,34,1,920,0,39,5,0,44,733,191,39,1,964,0,0,0,964
02/11/2014,BOS,MA,ANE,EN,Towers with Radar,703,144,42,0,889,0,49,9,2,60,703,193,51,2,949,0,0,0,949
02/12/2014,BOS,MA,ANE,EN,Towers with Radar,650,140,43,1,834,0,64,8,4,76,650,204,51,5,910,0,0,0,910
02/13/2014,BOS,MA,ANE,EN,Towers with Radar,438,102,15,0,555,0,0,0,0,0,438,102,15,0,555,0,0,0,555
02/14/2014,BOS,MA,ANE,EN,Towers with Radar,730,154,24,0,908,1,7,2,0,10,731,161,26,0,918,0,0,0,918
02/15/2014,BOS,MA,ANE,EN,Towers with Radar,466,78,14,0,558,0,14,5,0,19,466,92,19,0,577,0,0,0,577
02/16/2014,BOS,MA,ANE,EN,Towers with Radar,590,93,8,0,691,0,36,6,0,42,590,129,14,0,733,0,0,0,733
02/17/2014,BOS,MA,ANE,EN,Towers with Radar,739,121,21,0,881,0,57,10,1,68,739,178,31,1,949,0,0,0,949
02/18/2014,BOS,MA,ANE,EN,Towers with Radar,704,134,23,0,861,0,8,2,0,10,704,142,25,0,871,0,0,0,871
02/19/2014,BOS,MA,ANE,EN,Towers with Radar,763,145,20,0,928,0,24,2,2,28,763,169,22,2,956,0,0,0,956
02/20/2014,BOS,MA,ANE,EN,Towers with Radar,774,135,37,0,946,0,56,4,2,62,774,191,41,2,1008,0,0,0,1008
02/21/2014,BOS,MA,ANE,EN,Towers with Radar,723,101,21,2,847,0,0,0,0,0,723,101,21,2,847,0,0,0,847
02/22/2014,BOS,MA,ANE,EN,Towers with Radar,611,68,6,0,685,0,49,1,2,52,611,117,7,2,737,0,0,0,737
02/23/2014,BOS,MA,ANE,EN,Towers with Radar,682,121,26,0,829,0,48,6,0,54,682,169,32,0,883,0,0,0,883
02/24/2014,BOS,MA,ANE,EN,Towers with Radar,768,151,34,2,955,0,41,8,1,50,768,192,42,3,1005,0,0,0,1005
02/25/2014,BOS,MA,ANE,EN,Towers with Radar,773,146,40,2,961,0,40,10,1,51,773,186,50,3,1012,0,0,0,1012
02/26/2014,BOS,MA,ANE,EN,Towers with Radar,760,178,59,2,999,0,32,6,1,39,760,210,65,3,1038,0,0,0,1038
02/27/2014,BOS,MA,ANE,EN,Towers with Radar,792,158,47,0,997,0,29,4,3,36,792,187,51,3,1033,0,0,0,1033
02/28/2014,BOS,MA,ANE,EN,Towers with Radar,801,130,46,0,977,0,72,3,0,75,801,202,49,0,1052,0,0,0,1052
03/01/2014,BOS,MA,ANE,EN,Towers with Radar,604,71,11,0,686,0,47,8,0,55,604,118,19,0,741,0,0,0,741
03/02/2014,BOS,MA,ANE,EN,Towers with Radar,670,143,21,2,836,0,15,5,10,30,670,158,26,12,866,0,0,0,866
03/03/2014,BOS,MA,ANE,EN,Towers with Radar,664,142,35,0,841,0,29,8,2,39,664,171,43,2,880,0,0,0,880
03/04/2014,BOS,MA,ANE,EN,Towers with Radar,775,141,42,2,960,0,51,7,1,59,775,192,49,3,1019,0,0,0,1019
03/05/2014,BOS,MA,ANE,EN,Towers with Radar,789,171,33,1,994,0,11,9,0,20,789,182,42,1,1014,0,0,0,1014
03/06/2014,BOS,MA,ANE,EN,Towers with Radar,807,152,44,4,1007,0,55,12,0,67,807,207,56,4,1074,0,0,0,1074
03/07/2014,BOS,MA,ANE,EN,Towers with Radar,824,135,31,1,991,0,51,7,5,63,824,186,38,6,1054,0,0,0,1054
03/08/2014,BOS,MA,ANE,EN,Towers with Radar,624,108,15,0,747,0,46,7,1,54,624,154,22,1,801,0,0,0,801
03/09/2014,BOS,MA,ANE,EN,Towers with Radar,714,106,18,0,838,0,59,0,1,60,714,165,18,1,898,0,0,0,898
03/10/2014,BOS,MA,ANE,EN,Towers with Radar,810,174,27,0,1011,0,11,4,0,15,810,185,31,0,1026,0,0,0,1026
03/11/2014,BOS,MA,ANE,EN,Towers with Radar,812,155,49,0,1016,0,38,7,2,47,812,193,56,2,1063,0,0,0,1063
03/12/2014,BOS,MA,ANE,EN,Towers with Radar,796,108,59,0,963,0,16,1,0,17,796,124,60,0,980,0,0,0,980
03/13/2014,BOS,MA,ANE,EN,Towers with Radar,802,121,37,0,960,0,3,2,1,6,802,124,39,1,966,0,0,0,966
03/14/2014,BOS,MA,ANE,EN,Towers with Radar,846,130,33,0,1009,0,47,5,1,53,846,177,38,1,1062,0,0,0,1062
03/15/2014,BOS,MA,ANE,EN,Towers with Radar,633,98,18,0,749,0,27,2,0,29,633,125,20,0,778,0,0,0,778
03/16/2014,BOS,MA,ANE,EN,Towers with Radar,733,116,22,0,871,0,38,5,4,47,733,154,27,4,918,0,0,0,918
03/17/2014,BOS,MA,ANE,EN,Towers with Radar,787,136,26,0,949,0,52,8,1,61,787,188,34,1,1010,0,0,0,1010
03/18/2014,BOS,MA,ANE,EN,Towers with Radar,817,127,52,0,996,0,58,26,3,87,817,185,78,3,1083,0,0,0,1083
03/19/2014,BOS,MA,ANE,EN,Towers with Radar,820,133,41,0,994,0,46,10,1,57,820,179,51,1,1051,0,0,0,1051
03/20/2014,BOS,MA,ANE,EN,Towers with Radar,840,157,37,0,1034,0,11,2,5,18,840,168,39,5,1052,0,0,0,1052
03/21/2014,BOS,MA,ANE,EN,Towers with Radar,831,156,30,0,1017,0,30,3,0,33,831,186,33,0,1050,0,0,0,1050
03/22/2014,BOS,MA,ANE,EN,Towers with Radar,638,103,14,0,755,0,31,0,0,31,638,134,14,0,786,0,0,0,786
03/23/2014,BOS,MA,ANE,EN,Towers with Radar,751,119,15,2,887,0,38,5,1,44,751,157,20,3,931,0,0,0,931
03/24/2014,BOS,MA,ANE,EN,Towers with Radar,827,118,52,0,997,0,65,11,0,76,827,183,63,0,1073,0,0,0,1073
03/25/2014,BOS,MA,ANE,EN,Towers with Radar,818,153,52,0,1023,0,50,6,2,58,818,203,58,2,1081,0,0,0,1081
03/26/2014,BOS,MA,ANE,EN,Towers with Radar,769,91,38,0,898,0,1,7,0,8,769,92,45,0,906,0,0,0,906
03/27/2014,BOS,MA,ANE,EN,Towers with Radar,831,123,35,0,989,0,58,5,1,64,831,181,40,1,1053,0,0,0,1053
03/28/2014,BOS,MA,ANE,EN,Towers with Radar,825,157,32,2,1016,0,16,7,1,24,825,173,39,3,1040,0,0,0,1040
03/29/2014,BOS,MA,ANE,EN,Towers with Radar,622,103,13,0,738,0,14,3,2,19,622,117,16,2,757,0,0,0,757
03/30/2014,BOS,MA,ANE,EN,Towers with Radar,726,138,12,1,877,0,0,12,0,12,726,138,24,1,889,0,0,0,889
03/31/2014,BOS,MA,ANE,EN,Towers with Radar,826,167,29,0,1022,0,0,2,0,2,826,167,31,0,1024,0,0,0,1024
04/01/2014,BOS,MA,ANE,EN,Towers with Radar,831,152,34,0,1017,0,45,7,0,52,831,197,41,0,1069,0,0,0,1069
04/02/2014,BOS,MA,ANE,EN,Towers with Radar,817,155,57,0,1029,0,63,31,0,94,817,218,88,0,1123,0,0,0,1123
04/03/2014,BOS,MA,ANE,EN,Towers with Radar,838,147,28,0,1013,0,59,4,0,63,838,206,32,0,1076,0,0,0,1076
04/04/2014,BOS,MA,ANE,EN,Towers with Radar,838,160,35,2,1035,0,46,11,5,62,838,206,46,7,1097,0,0,0,1097
04/05/2014,BOS,MA,ANE,EN,Towers with Radar,662,123,16,0,801,0,11,2,2,15,662,134,18,2,816,0,0,0,816
04/06/2014,BOS,MA,ANE,EN,Towers with Radar,748,121,21,0,890,0,51,5,2,58,748,172,26,2,948,0,0,0,948
04/07/2014,BOS,MA,ANE,EN,Towers with Radar,829,132,28,0,989,0,57,7,0,64,829,189,35,0,1053,0,0,0,1053
04/08/2014,BOS,MA,ANE,EN,Towers with Radar,851,170,43,0,1064,0,1,2,0,3,851,171,45,0,1067,0,0,0,1067
04/09/2014,BOS,MA,ANE,EN,Towers with Radar,838,171,46,0,1055,0,48,7,1,56,838,219,53,1,1111,0,0,0,1111
04/10/2014,BOS,MA,ANE,EN,Towers with Radar,862,140,39,0,1041,0,59,12,3,74,862,199,51,3,1115,0,0,0,1115
04/11/2014,BOS,MA,ANE,EN,Towers with Radar,866,155,28,0,1049,0,47,15,2,64,866,202,43,2,1113,0,0,0,1113
04/12/2014,BOS,MA,ANE,EN,Towers with Radar,663,78,11,0,752,0,59,10,2,71,663,137,21,2,823,0,0,0,823
04/13/2014,BOS,MA,ANE,EN,Towers with Radar,763,139,12,0,914,0,26,6,1,33,763,165,18,1,947,0,0,0,947
04/14/2014,BOS,MA,ANE,EN,Towers with Radar,841,152,28,1,1022,0,26,5,0,31,841,178,33,1,1053,0,0,0,1053
04/15/2014,BOS,MA,ANE,EN,Towers with Radar,799,147,27,1,974,0,0,0,0,0,799,147,27,1,974,0,0,0,974
04/16/2014,BOS,MA,ANE,EN,Towers with Radar,854,127,46,1,1028,0,60,17,3,80,854,187,63,4,1108,0,0,0,1108
04/17/2014,BOS,MA,ANE,EN,Towers with Radar,866,150,52,1,1069,0,50,9,6,65,866,200,61,7,1134,0,0,0,1134
04/18/2014,BOS,MA,ANE,EN,Towers with Radar,862,192,48,0,1102,0,5,18,3,26,862,197,66,3,1128,0,0,0,1128
04/19/2014,BOS,MA,ANE,EN,Towers with Radar,678,121,24,0,823,0,42,5,0,47,678,163,29,0,870,0,0,0,870
04/20/2014,BOS,MA,ANE,EN,Towers with Radar,754,102,19,1,876,0,54,8,3,65,754,156,27,4,941,0,0,0,941
04/21/2014,BOS,MA,ANE,EN,Towers with Radar,862,135,32,2,1031,0,64,40,2,106,862,199,72,4,1137,0,0,0,1137
04/22/2014,BOS,MA,ANE,EN,Towers with Radar,857,141,54,0,1052,0,48,8,4,60,857,189,62,4,1112,0,0,0,1112
04/23/2014,BOS,MA,ANE,EN,Towers with Radar,849,195,47,0,1091,0,7,4,0,11,849,202,51,0,1102,0,0,0,1102
04/24/2014,BOS,MA,ANE,EN,Towers with Radar,860,144,42,0,1046,0,62,7,3,72,860,206,49,3,1118,0,0,0,1118
04/25/2014,BOS,MA,ANE,EN,Towers with Radar,873,151,48,0,1072,0,78,11,1,90,873,229,59,1,1162,0,0,0,1162
04/26/2014,BOS,MA,ANE,EN,Towers with Radar,669,123,24,0,816,0,9,1,2,12,669,132,25,2,828,0,0,0,828
04/27/2014,BOS,MA,ANE,EN,Towers with Radar,759,176,30,0,965,0,5,3,3,11,759,181,33,3,976,0,0,0,976
04/28/2014,BOS,MA,ANE,EN,Towers with Radar,857,168,33,1,1059,0,42,12,2,56,857,210,45,3,1115,0,0,0,1115
04/29/2014,BOS,MA,ANE,EN,Towers with Radar,839,181,34,0,1054,0,4,14,0,18,839,185,48,0,1072,0,0,0,1072
04/30/2014,BOS,MA,ANE,EN,Towers with Radar,806,170,38,0,1014,0,4,6,0,10,806,174,44,0,1024,0,0,0,1024
05/01/2014,BOS,MA,ANE,EN,Towers with Radar,833,191,69,0,1093,0,1,1,0,2,833,192,70,0,1095,0,0,0,1095
05/02/2014,BOS,MA,ANE,EN,Towers with Radar,857,151,53,0,1061,0,45,6,1,52,857,196,59,1,1113,0,0,0,1113
05/03/2014,BOS,MA,ANE,EN,Towers with Radar,640,99,32,1,772,0,35,8,2,45,640,134,40,3,817,0,0,0,817
05/04/2014,BOS,MA,ANE,EN,Towers with Radar,735,153,21,1,910,0,32,4,0,36,735,185,25,1,946,0,0,0,946
05/05/2014,BOS,MA,ANE,EN,Towers with Radar,838,163,32,0,1033,0,38,11,0,49,838,201,43,0,1082,0,0,0,1082
05/06/2014,BOS,MA,ANE,EN,Towers with Radar,839,126,47,0,1012,0,54,9,1,64,839,180,56,1,1076,0,0,0,1076
05/07/2014,BOS,MA,ANE,EN,Towers with Radar,841,130,59,0,1030,0,79,4,3,86,841,209,63,3,1116,0,0,0,1116
05/08/2014,BOS,MA,ANE,EN,Towers with Radar,836,148,48,1,1033,0,61,12,3,76,836,209,60,4,1109,0,0,0,1109
05/09/2014,BOS,MA,ANE,EN,Towers with Radar,850,204,29,0,1083,0,1,2,0,3,850,205,31,0,1086,0,0,0,1086
05/10/2014,BOS,MA,ANE,EN,Towers with Radar,633,118,21,2,774,0,10,3,0,13,633,128,24,2,787,0,0,0,787
05/11/2014,BOS,MA,ANE,EN,Towers with Radar,724,107,16,2,849,0,71,5,0,76,724,178,21,2,925,0,0,0,925
05/12/2014,BOS,MA,ANE,EN,Towers with Radar,842,124,75,0,1041,0,93,6,3,102,842,217,81,3,1143,0,0,0,1143
05/13/2014,BOS,MA,ANE,EN,Towers with Radar,864,184,56,2,1106,0,39,17,1,57,864,223,73,3,1163,0,0,0,1163
05/14/2014,BOS,MA,ANE,EN,Towers with Radar,842,206,84,0,1132,0,55,8,2,65,842,261,92,2,1197,0,0,0,1197
05/15/2014,BOS,MA,ANE,EN,Towers with Radar,853,227,50,0,1130,0,22,7,1,30,853,249,57,1,1160,0,0,0,1160
05/16/2014,BOS,MA,ANE,EN,Towers with Radar,853,223,47,0,1123,0,10,0,0,10,853,233,47,0,1133,0,0,0,1133
05/17/2014,BOS,MA,ANE,EN,Towers with Radar,677,119,19,0,815,0,33,5,4,42,677,152,24,4,857,0,0,0,857
05/18/2014,BOS,MA,ANE,EN,Towers with Radar,749,145,28,0,922,0,76,11,4,91,749,221,39,4,1013,0,0,0,1013
05/19/2014,BOS,MA,ANE,EN,Towers with Radar,861,165,46,0,1072,0,83,12,2,97,861,248,58,2,1169,0,0,0,1169
05/20/2014,BOS,MA,ANE,EN,Towers with Radar,868,172,50,0,1090,0,65,14,6,85,868,237,64,6,1175,0,0,0,1175
05/21/2014,BOS,MA,ANE,EN,Towers with Radar,868,153,50,0,1071,0,69,26,4,99,868,222,76,4,1170,0,0,0,1170
05/22/2014,BOS,MA,ANE,EN,Towers with Radar,841,201,24,0,1066,0,7,5,1,13,841,208,29,1,1079,0,0,0,1079
05/23/2014,BOS,MA,ANE,EN,Towers with Radar,871,212,31,0,1114,0,19,6,4,29,871,231,37,4,1143,0,0,0,1143
05/24/2014,BOS,MA,ANE,EN,Towers with Radar,652,107,8,0,767,0,35,3,3,41,652,142,11,3,808,0,0,0,808
05/25/2014,BOS,MA,ANE,EN,Towers with Radar,643,103,10,0,756,0,36,7,0,43,643,139,17,0,799,0,0,0,799
05/26/2014,BOS,MA,ANE,EN,Towers with Radar,766,116,16,0,898,0,100,10,0,110,766,216,26,0,1008,0,0,0,1008
05/27/2014,BOS,MA,ANE,EN,Towers with Radar,824,192,67,0,1083,0,15,3,3,21,824,207,70,3,1104,0,0,0,1104
05/28/2014,BOS,MA,ANE,EN,Towers with Radar,856,216,69,1,1142,0,0,1,2,3,856,216,70,3,1145,0,0,0,1145
05/29/2014,BOS,MA,ANE,EN,Towers with Radar,892,140,53,0,1085,0,93,21,1,115,892,233,74,1,1200,0,0,0,1200
05/30/2014,BOS,MA,ANE,EN,Towers with Radar,860,165,33,0,1058,0,79,5,1,85,860,244,38,1,1143,0,0,0,1143
05/31/2014,BOS,MA,ANE,EN,Towers with Radar,663,144,11,0,818,0,38,9,7,54,663,182,20,7,872,0,0,0,872
06/01/2014,BOS,MA,ANE,EN,Towers with Radar,768,154,40,0,962,0,96,11,1,108,768,250,51,1,1070,0,0,0,1070
06/02/2014,BOS,MA,ANE,EN,Towers with Radar,857,142,53,0,1052,0,104,10,1,115,857,246,63,1,1167,0,0,0,1167
06/03/2014,BOS,MA,ANE,EN,Towers with Radar,848,130,49,0,1027,0,72,11,3,86,848,202,60,3,1113,0,0,0,1113
06/04/2014,BOS,MA,ANE,EN,Towers with Radar,867,224,57,0,1148,0,0,3,0,3,867,224,60,0,1151,0,0,0,1151
06/05/2014,BOS,MA,ANE,EN,Towers with Radar,875,221,53,0,1149,0,0,4,0,4,875,221,57,0,1153,0,0,0,1153
06/06/2014,BOS,MA,ANE,EN,Towers with Radar,878,179,47,0,1104,0,84,16,2,102,878,263,63,2,1206,0,0,0,1206
06/07/2014,BOS,MA,ANE,EN,Towers with Radar,671,85,14,0,770,0,79,8,2,89,671,164,22,2,859,0,0,0,859
06/08/2014,BOS,MA,ANE,EN,Towers with Radar,748,110,37,0,895,0,108,2,2,112,748,218,39,2,1007,0,0,0,1007
06/09/2014,BOS,MA,ANE,EN,Towers with Radar,866,150,37,0,1053,0,91,6,0,97,866,241,43,0,1150,0,0,0,1150
06/10/2014,BOS,MA,ANE,EN,Towers with Radar,869,213,54,0,1136,0,3,4,1,8,869,216,58,1,1144,0,0,0,1144
06/11/2014,BOS,MA,ANE,EN,Towers with Radar,829,204,42,3,1078,0,34,1,2,37,829,238,43,5,1115,0,0,0,1115
06/12/2014,BOS,MA,ANE,EN,Towers with Radar,877,243,38,1,1159,0,12,2,0,14,877,255,40,1,1173,0,0,0,1173
06/13/2014,BOS,MA,ANE,EN,Towers with Radar,837,212,34,0,1083,0,0,1,1,2,837,212,35,1,1085,0,0,0,1085
06/14/2014,BOS,MA,ANE,EN,Towers with Radar,680,166,15,1,862,0,10,3,2,15,680,176,18,3,877,0,0,0,877
06/15/2014,BOS,MA,ANE,EN,Towers with Radar,779,133,28,0,940,0,91,10,1,102,779,224,38,1,1042,0,0,0,1042
06/16/2014,BOS,MA,ANE,EN,Towers with Radar,882,142,33,0,1057,0,101,15,2,118,882,243,48,2,1175,0,0,0,1175
06/17/2014,BOS,MA,ANE,EN,Towers with Radar,891,177,60,0,1128,0,49,17,1,67,891,226,77,1,1195,0,0,0,1195
06/18/2014,BOS,MA,ANE,EN,Towers with Radar,866,205,60,0,1131,0,44,15,2,61,866,249,75,2,1192,0,0,0,1192
06/19/2014,BOS,MA,ANE,EN,Towers with Radar,880,161,48,0,1089,0,96,8,0,104,880,257,56,0,1193,0,0,0,1193
06/20/2014,BOS,MA,ANE,EN,Towers with Radar,897,139,31,0,1067,0,106,11,6,123,897,245,42,6,1190,0,0,0,1190
06/21/2014,BOS,MA,ANE,EN,Towers with Radar,680,82,10,0,772,0,84,14,6,104,680,166,24,6,876,0,0,0,876
06/22/2014,BOS,MA,ANE,EN,Towers with Radar,773,124,25,0,922,0,111,8,0,119,773,235,33,0,1041,0,0,0,1041
06/23/2014,BOS,MA,ANE,EN,Towers with Radar,874,124,43,0,1041,0,117,7,1,125,874,241,50,1,1166,0,0,0,1166
06/24/2014,BOS,MA,ANE,EN,Towers with Radar,880,162,43,0,1085,0,74,16,1,91,880,236,59,1,1176,0,0,0,1176
06/25/2014,BOS,MA,ANE,EN,Towers with Radar,856,174,65,0,1095,0,41,7,0,48,856,215,72,0,1143,0,0,0,1143
06/26/2014,BOS,MA,ANE,EN,Towers with Radar,906,240,42,0,1188,0,6,3,1,10,906,246,45,1,1198,0,0,0,1198
06/27/2014,BOS,MA,ANE,EN,Towers with Radar,890,155,34,0,1079,0,154,19,1,174,890,309,53,1,1253,0,0,0,1253
06/28/2014,BOS,MA,ANE,EN,Towers with Radar,694,81,26,0,801,0,144,10,1,155,694,225,36,1,956,0,0,0,956
06/29/2014,BOS,MA,ANE,EN,Towers with Radar,772,113,38,0,923,0,137,13,1,151,772,250,51,1,1074,0,0,0,1074
06/30/2014,BOS,MA,ANE,EN,Towers with Radar,837,127,34,0,998,0,129,21,2,152,837,256,55,2,1150,0,0,0,1150
07/01/2014,BOS,MA,ANE,EN,Towers with Radar,858,158,25,1,1042,0,81,14,2,97,858,239,39,3,1139,0,0,0,1139
07/02/2014,BOS,MA,ANE,EN,Towers with Radar,808,174,39,0,1021,0,59,7,1,67,808,233,46,1,1088,0,0,0,1088
07/03/2014,BOS,MA,ANE,EN,Towers with Radar,796,225,18,1,1040,0,45,32,1,78,796,270,50,2,1118,0,0,0,1118
07/04/2014,BOS,MA,ANE,EN,Towers with Radar,665,136,10,0,811,0,8,0,4,12,665,144,10,4,823,0,0,0,823
07/05/2014,BOS,MA,ANE,EN,Towers with Radar,666,95,4,2,767,0,117,5,0,122,666,212,9,2,889,0,0,0,889
07/06/2014,BOS,MA,ANE,EN,Towers with Radar,796,118,27,0,941,0,187,19,1,207,796,305,46,1,1148,0,0,0,1148
07/07/2014,BOS,MA,ANE,EN,Towers with Radar,879,143,44,0,1066,0,112,20,1,133,879,255,64,1,1199,0,0,0,1199
07/08/2014,BOS,MA,ANE,EN,Towers with Radar,873,177,23,0,1073,0,73,14,0,87,873,250,37,0,1160,0,0,0,1160
07/09/2014,BOS,MA,ANE,EN,Towers with Radar,890,154,45,0,1089,0,100,4,2,106,890,254,49,2,1195,0,0,0,1195
07/10/2014,BOS,MA,ANE,EN,Towers with Radar,912,172,35,2,1121,0,115,20,3,138,912,287,55,5,1259,0,0,0,1259
07/11/2014,BOS,MA,ANE,EN,Towers with Radar,911,150,15,0,1076,0,171,20,2,193,911,321,35,2,1269,0,0,0,1269
07/12/2014,BOS,MA,ANE,EN,Towers with Radar,701,94,24,0,819,0,152,10,0,162,701,246,34,0,981,0,0,0,981
07/13/2014,BOS,MA,ANE,EN,Towers with Radar,783,147,17,0,947,0,139,23,1,163,783,286,40,1,1110,0,0,0,1110
07/14/2014,BOS,MA,ANE,EN,Towers with Radar,861,245,40,2,1148,0,31,8,0,39,861,276,48,2,1187,0,0,0,1187
07/15/2014,BOS,MA,ANE,EN,Towers with Radar,855,237,41,0,1133,0,0,0,0,0,855,237,41,0,1133,0,0,0,1133
07/16/2014,BOS,MA,ANE,EN,Towers with Radar,875,214,43,2,1134,0,1,2,0,3,875,215,45,2,1137,0,0,0,1137
07/17/2014,BOS,MA,ANE,EN,Towers with Radar,905,171,32,0,1108,0,143,21,0,164,905,314,53,0,1272,0,0,0,1272
07/18/2014,BOS,MA,ANE,EN,Towers with Radar,905,141,30,0,1076,0,171,26,0,197,905,312,56,0,1273,0,0,0,1273
07/19/2014,BOS,MA,ANE,EN,Towers with Radar,693,84,17,0,794,0,143,11,3,157,693,227,28,3,951,0,0,0,951
07/20/2014,BOS,MA,ANE,EN,Towers with Radar,797,182,25,2,1006,0,123,10,2,135,797,305,35,4,1141,0,0,0,1141
07/21/2014,BOS,MA,ANE,EN,Towers with Radar,878,238,29,0,1145,0,63,14,3,80,878,301,43,3,1225,0,0,0,1225
07/22/2014,BOS,MA,ANE,EN,Towers with Radar,914,154,37,0,1105,0,100,33,1,134,914,254,70,1,1239,0,0,0,1239
07/23/2014,BOS,MA,ANE,EN,Towers with Radar,845,156,64,1,1066,0,96,7,1,104,845,252,71,2,1170,0,0,0,1170
07/24/2014,BOS,MA,ANE,EN,Towers with Radar,909,248,50,0,1207,0,52,9,2,63,909,300,59,2,1270,0,0,0,1270
07/25/2014,BOS,MA,ANE,EN,Towers with Radar,900,158,29,0,1087,0,175,20,6,201,900,333,49,6,1288,0,0,0,1288
07/26/2014,BOS,MA,ANE,EN,Towers with Radar,697,108,20,0,825,0,132,10,17,159,697,240,30,17,984,0,0,0,984
07/27/2014,BOS,MA,ANE,EN,Towers with Radar,775,266,29,0,1070,0,11,5,6,22,775,277,34,6,1092,0,0,0,1092
07/28/2014,BOS,MA,ANE,EN,Towers with Radar,886,232,34,0,1152,0,25,13,0,38,886,257,47,0,1190,0,0,0,1190
07/29/2014,BOS,MA,ANE,EN,Towers with Radar,907,159,33,0,1099,0,84,18,2,104,907,243,51,2,1203,0,0,0,1203
07/30/2014,BOS,MA,ANE,EN,Towers with Radar,889,164,43,0,1096,0,93,23,3,119,889,257,66,3,1215,0,0,0,1215
07/31/2014,BOS,MA,ANE,EN,Towers with Radar,915,179,35,0,1129,0,129,20,2,151,915,308,55,2,1280,0,0,0,1280
08/01/2014,BOS,MA,ANE,EN,Towers with Radar,883,176,64,1,1124,0,126,16,0,142,883,302,80,1,1266,0,0,0,1266
08/02/2014,BOS,MA,ANE,EN,Towers with Radar,708,200,26,0,934,0,36,6,1,43,708,236,32,1,977,0,0,0,977
08/03/2014,BOS,MA,ANE,EN,Towers with Radar,792,269,40,0,1101,0,13,10,4,27,792,282,50,4,1128,0,0,0,1128
08/04/2014,BOS,MA,ANE,EN,Towers with Radar,872,214,64,0,1150,0,70,14,1,85,872,284,78,1,1235,0,0,0,1235
08/05/2014,BOS,MA,ANE,EN,Towers with Radar,909,190,35,0,1134,0,72,12,2,86,909,262,47,2,1220,0,0,0,1220
08/06/2014,BOS,MA,ANE,EN,Towers with Radar,887,199,36,0,1122,0,65,13,3,81,887,264,49,3,1203,0,0,0,1203
08/07/2014,BOS,MA,ANE,EN,Towers with Radar,902,157,35,0,1094,0,128,22,3,153,902,285,57,3,1247,0,0,0,1247
08/08/2014,BOS,MA,ANE,EN,Towers with Radar,902,138,34,0,1074,0,174,29,0,203,902,312,63,0,1277,0,0,0,1277
08/09/2014,BOS,MA,ANE,EN,Towers with Radar,694,154,19,2,869,0,78,9,16,103,694,232,28,18,972,0,0,0,972
08/10/2014,BOS,MA,ANE,EN,Towers with Radar,775,183,8,0,966,0,113,17,2,132,775,296,25,2,1098,0,0,0,1098
08/11/2014,BOS,MA,ANE,EN,Towers with Radar,888,187,35,0,1110,0,99,21,1,121,888,286,56,1,1231,0,0,0,1231
08/12/2014,BOS,MA,ANE,EN,Towers with Radar,869,191,34,0,1094,0,63,7,1,71,869,254,41,1,1165,0,0,0,1165
08/13/2014,BOS,MA,ANE,EN,Towers with Radar,867,223,29,0,1119,0,0,0,0,0,867,223,29,0,1119,0,0,0,1119
08/14/2014,BOS,MA,ANE,EN,Towers with Radar,907,201,55,2,1165,0,99,20,5,124,907,300,75,7,1289,0,0,0,1289
08/15/2014,BOS,MA,ANE,EN,Towers with Radar,893,226,37,0,1156,0,80,19,1,100,893,306,56,1,1256,0,0,0,1256
08/16/2014,BOS,MA,ANE,EN,Towers with Radar,686,124,11,0,821,0,102,11,5,118,686,226,22,5,939,0,0,0,939
08/17/2014,BOS,MA,ANE,EN,Towers with Radar,779,213,24,0,1016,0,56,10,6,72,779,269,34,6,1088,0,0,0,1088
08/18/2014,BOS,MA,ANE,EN,Towers with Radar,881,162,22,0,1065,0,108,14,2,124,881,270,36,2,1189,0,0,0,1189
08/19/2014,BOS,MA,ANE,EN,Towers with Radar,871,168,39,0,1078,0,88,23,8,119,871,256,62,8,1197,0,0,0,1197
08/20/2014,BOS,MA,ANE,EN,Towers with Radar,876,167,42,1,1086,0,78,18,5,101,876,245,60,6,1187,0,0,0,1187
08/21/2014,BOS,MA,ANE,EN,Towers with Radar,877,221,40,1,1139,0,57,10,2,69,877,278,50,3,1208,0,0,0,1208
08/22/2014,BOS,MA,ANE,EN,Towers with Radar,895,261,41,0,1197,0,26,4,0,30,895,287,45,0,1227,0,0,0,1227
08/23/2014,BOS,MA,ANE,EN,Towers with Radar,665,203,26,0,894,0,41,13,12,66,665,244,39,12,960,0,0,0,960
08/24/2014,BOS,MA,ANE,EN,Towers with Radar,785,168,46,0,999,0,106,9,6,121,785,274,55,6,1120,0,0,0,1120
08/25/2014,BOS,MA,ANE,EN,Towers with Radar,861,134,34,0,1029,0,123,10,1,134,861,257,44,1,1163,0,0,0,1163
08/26/2014,BOS,MA,ANE,EN,Towers with Radar,879,143,62,0,1084,0,112,17,1,130,879,255,79,1,1214,0,0,0,1214
08/27/2014,BOS,MA,ANE,EN,Towers with Radar,870,149,47,0,1066,0,105,18,2,125,870,254,65,2,1191,0,0,0,1191
08/28/2014,BOS,MA,ANE,EN,Towers with Radar,886,184,44,0,1114,0,129,10,0,139,886,313,54,0,1253,0,0,0,1253
08/29/2014,BOS,MA,ANE,EN,Towers with Radar,890,150,28,0,1068,0,141,13,4,158,890,291,41,4,1226,0,0,0,1226
08/30/2014,BOS,MA,ANE,EN,Towers with Radar,639,92,15,0,746,0,128,10,1,139,639,220,25,1,885,0,0,0,885
08/31/2014,BOS,MA,ANE,EN,Towers with Radar,656,192,18,0,866,0,31,3,0,34,656,223,21,0,900,0,0,0,900
09/01/2014,BOS,MA,ANE,EN,Towers with Radar,771,209,27,0,1007,0,78,4,3,85,771,287,31,3,1092,0,0,0,1092
09/02/2014,BOS,MA,ANE,EN,Towers with Radar,838,170,42,0,1050,0,50,10,0,60,838,220,52,0,1110,0,0,0,1110
09/03/2014,BOS,MA,ANE,EN,Towers with Radar,801,149,71,0,1021,0,114,5,0,119,801,263,76,0,1140,0,0,0,1140
09/04/2014,BOS,MA,ANE,EN,Towers with Radar,819,156,50,0,1025,0,148,11,0,159,819,304,61,0,1184,0,0,0,1184
09/05/2014,BOS,MA,ANE,EN,Towers with Radar,821,157,40,0,1018,0,151,12,4,167,821,308,52,4,1185,0,0,0,1185
09/06/2014,BOS,MA,ANE,EN,Towers with Radar,579,185,15,0,779,0,29,2,0,31,579,214,17,0,810,0,0,0,810
09/07/2014,BOS,MA,ANE,EN,Towers with Radar,736,125,21,0,882,0,148,7,0,155,736,273,28,0,1037,0,0,0,1037
09/08/2014,BOS,MA,ANE,EN,Towers with Radar,854,149,59,0,1062,0,122,20,1,143,854,271,79,1,1205,0,0,0,1205
09/09/2014,BOS,MA,ANE,EN,Towers with Radar,806,151,60,0,1017,0,76,21,0,97,806,227,81,0,1114,0,0,0,1114
09/10/2014,BOS,MA,ANE,EN,Towers with Radar,815,236,76,1,1128,0,4,6,0,10,815,240,82,1,1138,0,0,0,1138
09/11/2014,BOS,MA,ANE,EN,Towers with Radar,840,215,60,2,1117,0,31,8,2,41,840,246,68,4,1158,0,0,0,1158
09/12/2014,BOS,MA,ANE,EN,Towers with Radar,851,152,35,0,1038,0,105,9,0,114,851,257,44,0,1152,0,0,0,1152
09/13/2014,BOS,MA,ANE,EN,Towers with Radar,576,159,16,1,752,0,21,2,12,35,576,180,18,13,787,0,0,0,787
09/14/2014,BOS,MA,ANE,EN,Towers with Radar,741,143,30,1,915,0,99,21,5,125,741,242,51,6,1040,0,0,0,1040
09/15/2014,BOS,MA,ANE,EN,Towers with Radar,837,173,44,0,1054,0,98,25,2,125,837,271,69,2,1179,0,0,0,1179
09/16/2014,BOS,MA,ANE,EN,Towers with Radar,796,186,72,1,1055,0,73,12,1,86,796,259,84,2,1141,0,0,0,1141
09/17/2014,BOS,MA,ANE,EN,Towers with Radar,809,153,57,1,1020,0,111,17,3,131,809,264,74,4,1151,0,0,0,1151
09/18/2014,BOS,MA,ANE,EN,Towers with Radar,844,169,64,2,1079,0,94,10,3,107,844,263,74,5,1186,0,0,0,1186
09/19/2014,BOS,MA,ANE,EN,Towers with Radar,857,179,60,0,1096,0,111,22,0,133,857,290,82,0,1229,0,0,0,1229
09/20/2014,BOS,MA,ANE,EN,Towers with Radar,570,139,18,0,727,0,49,9,10,68,570,188,27,10,795,0,0,0,795
09/21/2014,BOS,MA,ANE,EN,Towers with Radar,736,202,36,0,974,0,30,7,8,45,736,232,43,8,1019,0,0,0,1019
09/22/2014,BOS,MA,ANE,EN,Towers with Radar,839,154,60,1,1054,0,87,18,1,106,839,241,78,2,1160,0,0,0,1160
09/23/2014,BOS,MA,ANE,EN,Towers with Radar,801,144,61,1,1007,0,95,3,0,98,801,239,64,1,1105,0,0,0,1105
09/24/2014,BOS,MA,ANE,EN,Towers with Radar,806,152,55,0,1013,0,84,10,2,96,806,236,65,2,1109,0,0,0,1109
09/25/2014,BOS,MA,ANE,EN,Towers with Radar,827,217,50,2,1096,0,25,1,0,26,827,242,51,2,1122,0,0,0,1122
09/26/2014,BOS,MA,ANE,EN,Towers with Radar,810,160,44,0,1014,0,95,21,2,118,810,255,65,2,1132,0,0,0,1132
09/27/2014,BOS,MA,ANE,EN,Towers with Radar,558,77,19,1,655,0,94,12,0,106,558,171,31,1,761,0,0,0,761
09/28/2014,BOS,MA,ANE,EN,Towers with Radar,709,127,54,0,890,0,114,13,7,134,709,241,67,7,1024,0,0,0,1024
09/29/2014,BOS,MA,ANE,EN,Towers with Radar,818,186,40,2,1046,0,77,15,0,92,818,263,55,2,1138,0,0,0,1138
09/30/2014,BOS,MA,ANE,EN,Towers with Radar,791,225,57,0,1073,0,0,0,2,2,791,225,57,2,1075,0,0,0,1075
10/01/2014,BOS,MA,ANE,EN,Towers with Radar,804,207,41,1,1053,0,0,0,0,0,804,207,41,1,1053,0,0,0,1053
10/02/2014,BOS,MA,ANE,EN,Towers with Radar,847,246,45,1,1139,0,0,6,0,6,847,246,51,1,1145,0,0,0,1145
10/03/2014,BOS,MA,ANE,EN,Towers with Radar,844,223,47,0,1114,0,3,6,4,13,844,226,53,4,1127,0,0,0,1127
10/04/2014,BOS,MA,ANE,EN,Towers with Radar,601,150,14,0,765,0,0,1,0,1,601,150,15,0,766,0,0,0,766
10/05/2014,BOS,MA,ANE,EN,Towers with Radar,741,132,8,1,882,0,78,12,6,96,741,210,20,7,978,0,0,0,978
10/06/2014,BOS,MA,ANE,EN,Towers with Radar,835,139,45,1,1020,0,83,21,0,104,835,222,66,1,1124,0,0,0,1124
10/07/2014,BOS,MA,ANE,EN,Towers with Radar,824,160,40,0,1024,0,56,14,0,70,824,216,54,0,1094,0,0,0,1094
10/08/2014,BOS,MA,ANE,EN,Towers with Radar,833,172,52,1,1058,0,42,4,0,46,833,214,56,1,1104,0,0,0,1104
10/09/2014,BOS,MA,ANE,EN,Towers with Radar,849,150,63,0,1062,0,110,8,0,118,849,260,71,0,1180,0,0,0,1180
10/10/2014,BOS,MA,ANE,EN,Towers with Radar,859,131,37,0,1027,0,122,26,1,149,859,253,63,1,1176,0,0,0,1176
10/11/2014,BOS,MA,ANE,EN,Towers with Radar,608,138,11,0,757,0,12,1,0,13,608,150,12,0,770,0,0,0,770
10/12/2014,BOS,MA,ANE,EN,Towers with Radar,741,97,26,0,864,0,90,7,9,106,741,187,33,9,970,0,0,0,970
10/13/2014,BOS,MA,ANE,EN,Towers with Radar,826,158,38,1,1023,0,100,14,2,116,826,258,52,3,1139,0,0,0,1139
10/14/2014,BOS,MA,ANE,EN,Towers with Radar,834,189,61,1,1085,0,41,11,0,52,834,230,72,1,1137,0,0,0,1137
10/15/2014,BOS,MA,ANE,EN,Towers with Radar,831,169,45,0,1045,0,37,4,0,41,831,206,49,0,1086,0,0,0,1086
10/16/2014,BOS,MA,ANE,EN,Towers with Radar,823,195,33,0,1051,0,0,0,0,0,823,195,33,0,1051,0,0,0,1051
10/17/2014,BOS,MA,ANE,EN,Towers with Radar,885,164,35,0,1084,0,43,21,1,65,885,207,56,1,1149,0,0,0,1149
10/18/2014,BOS,MA,ANE,EN,Towers with Radar,593,117,12,0,722,0,21,3,11,35,593,138,15,11,757,0,0,0,757
10/19/2014,BOS,MA,ANE,EN,Towers with Radar,734,147,34,0,915,0,48,7,13,68,734,195,41,13,983,0,0,0,983
10/20/2014,BOS,MA,ANE,EN,Towers with Radar,847,131,26,0,1004,0,60,19,2,81,847,191,45,2,1085,0,0,0,1085
10/21/2014,BOS,MA,ANE,EN,Towers with Radar,831,182,36,0,1049,0,12,6,12,30,831,194,42,12,1079,0,0,0,1079
10/22/2014,BOS,MA,ANE,EN,Towers with Radar,720,143,53,0,916,0,0,2,7,9,720,143,55,7,925,0,0,0,925
10/23/2014,BOS,MA,ANE,EN,Towers with Radar,849,150,54,0,1053,0,0,8,0,8,849,150,62,0,1061,0,0,0,1061
10/24/2014,BOS,MA,ANE,EN,Towers with Radar,895,211,54,0,1160,0,0,3,0,3,895,211,57,0,1163,0,0,0,1163
10/25/2014,BOS,MA,ANE,EN,Towers with Radar,589,84,19,0,692,0,53,10,18,81,589,137,29,18,773,0,0,0,773
10/26/2014,BOS,MA,ANE,EN,Towers with Radar,732,134,29,0,895,0,32,10,4,46,732,166,39,4,941,0,0,0,941
10/27/2014,BOS,MA,ANE,EN,Towers with Radar,835,140,26,0,1001,0,54,13,2,69,835,194,39,2,1070,0,0,0,1070
10/28/2014,BOS,MA,ANE,EN,Towers with Radar,811,154,48,1,1014,0,53,19,1,73,811,207,67,2,1087,0,0,0,1087
10/29/2014,BOS,MA,ANE,EN,Towers with Radar,789,180,42,1,1012,0,4,14,0,18,789,184,56,1,1030,0,0,0,1030
10/30/2014,BOS,MA,ANE,EN,Towers with Radar,806,147,36,1,990,0,39,7,3,49,806,186,43,4,1039,0,0,0,1039
10/31/2014,BOS,MA,ANE,EN,Towers with Radar,754,152,23,1,930,0,25,8,5,38,754,177,31,6,968,0,0,0,968
11/01/2014,BOS,MA,ANE,EN,Towers with Radar,562,121,15,1,699,0,0,4,1,5,562,121,19,2,704,0,0,0,704
11/02/2014,BOS,MA,ANE,EN,Towers with Radar,688,102,24,1,815,0,2,2,0,4,688,104,26,1,819,0,0,0,819
11/03/2014,BOS,MA,ANE,EN,Towers with Radar,822,175,36,1,1034,0,26,16,0,42,822,201,52,1,1076,0,0,0,1076
11/04/2014,BOS,MA,ANE,EN,Towers with Radar,780,132,47,0,959,0,58,8,1,67,780,190,55,1,1026,0,0,0,1026
11/05/2014,BOS,MA,ANE,EN,Towers with Radar,801,127,47,0,975,0,62,6,0,68,801,189,53,0,1043,0,0,0,1043
11/06/2014,BOS,MA,ANE,EN,Towers with Radar,816,165,56,0,1037,0,22,2,0,24,816,187,58,0,1061,0,0,0,1061
11/07/2014,BOS,MA,ANE,EN,Towers with Radar,841,196,45,0,1082,0,6,3,3,12,841,202,48,3,1094,0,0,0,1094
11/08/2014,BOS,MA,ANE,EN,Towers with Radar,574,74,12,0,660,0,52,2,0,54,574,126,14,0,714,0,0,0,714
11/09/2014,BOS,MA,ANE,EN,Towers with Radar,704,112,31,0,847,0,61,1,0,62,704,173,32,0,909,0,0,0,909
11/10/2014,BOS,MA,ANE,EN,Towers with Radar,815,126,51,2,994,0,64,11,1,76,815,190,62,3,1070,0,0,0,1070
11/11/2014,BOS,MA,ANE,EN,Towers with Radar,798,156,43,0,997,0,35,7,0,42,798,191,50,0,1039,0,0,0,1039
11/12/2014,BOS,MA,ANE,EN,Towers with Radar,777,166,60,0,1003,0,0,6,0,6,777,166,66,0,1009,0,0,0,1009
11/13/2014,BOS,MA,ANE,EN,Towers with Radar,810,165,54,0,1029,0,52,7,2,61,810,217,61,2,1090,0,0,0,1090
11/14/2014,BOS,MA,ANE,EN,Towers with Radar,840,173,38,0,1051,0,14,1,2,17,840,187,39,2,1068,0,0,0,1068
11/15/2014,BOS,MA,ANE,EN,Towers with Radar,571,77,9,0,657,0,59,4,3,66,571,136,13,3,723,0,0,0,723
11/16/2014,BOS,MA,ANE,EN,Towers with Radar,703,120,14,0,837,0,44,2,1,47,703,164,16,1,884,0,0,0,884
11/17/2014,BOS,MA,ANE,EN,Towers with Radar,792,149,18,1,960,0,0,1,0,1,792,149,19,1,961,0,0,0,961
11/18/2014,BOS,MA,ANE,EN,Towers with Radar,802,136,27,1,966,0,36,5,2,43,802,172,32,3,1009,0,0,0,1009
11/19/2014,BOS,MA,ANE,EN,Towers with Radar,785,143,41,2,971,0,75,7,1,83,785,218,48,3,1054,0,0,0,1054
11/20/2014,BOS,MA,ANE,EN,Towers with Radar,816,158,42,1,1017,0,42,11,1,54,816,200,53,2,1071,0,0,0,1071
11/21/2014,BOS,MA,ANE,EN,Towers with Radar,823,161,38,1,1023,0,44,11,3,58,823,205,49,4,1081,0,0,0,1081
11/22/2014,BOS,MA,ANE,EN,Towers with Radar,612,98,20,0,730,0,46,4,4,54,612,144,24,4,784,0,0,0,784
11/23/2014,BOS,MA,ANE,EN,Towers with Radar,688,112,30,1,831,0,43,6,0,49,688,155,36,1,880,0,0,0,880
11/24/2014,BOS,MA,ANE,EN,Towers with Radar,727,161,23,0,911,0,1,2,0,3,727,162,25,0,914,0,0,0,914
11/25/2014,BOS,MA,ANE,EN,Towers with Radar,828,167,32,0,1027,0,54,15,2,71,828,221,47,2,1098,0,0,0,1098
11/26/2014,BOS,MA,ANE,EN,Towers with Radar,791,151,11,2,955,0,9,7,0,16,791,160,18,2,971,0,0,0,971
11/27/2014,BOS,MA,ANE,EN,Towers with Radar,485,109,7,0,601,0,0,2,0,2,485,109,9,0,603,0,0,0,603
11/28/2014,BOS,MA,ANE,EN,Towers with Radar,542,113,8,0,663,0,6,0,1,7,542,119,8,1,670,0,0,0,670
11/29/2014,BOS,MA,ANE,EN,Towers with Radar,721,90,7,0,818,0,70,5,2,77,721,160,12,2,895,0,0,0,895
11/30/2014,BOS,MA,ANE,EN,Towers with Radar,782,155,23,0,960,0,62,13,0,75,782,217,36,0,1035,0,0,0,1035
12/01/2014,BOS,MA,ANE,EN,Towers with Radar,858,152,42,0,1052,0,32,14,2,48,858,184,56,2,1100,0,0,0,1100
12/02/2014,BOS,MA,ANE,EN,Towers with Radar,804,140,38,0,982,0,25,13,0,38,804,165,51,0,1020,0,0,0,1020
12/03/2014,BOS,MA,ANE,EN,Towers with Radar,803,185,32,0,1020,0,0,0,0,0,803,185,32,0,1020,0,0,0,1020
12/04/2014,BOS,MA,ANE,EN,Towers with Radar,815,150,57,4,1026,0,76,25,0,101,815,226,82,4,1127,0,0,0,1127
12/05/2014,BOS,MA,ANE,EN,Towers with Radar,825,156,36,4,1021,0,60,14,2,76,825,216,50,6,1097,0,0,0,1097
12/06/2014,BOS,MA,ANE,EN,Towers with Radar,552,106,12,0,670,0,0,0,0,0,552,106,12,0,670,0,0,0,670
12/07/2014,BOS,MA,ANE,EN,Towers with Radar,674,125,18,0,817,0,52,8,0,60,674,177,26,0,877,0,0,0,877
12/08/2014,BOS,MA,ANE,EN,Towers with Radar,775,172,42,0,989,0,8,2,1,11,775,180,44,1,1000,0,0,0,1000
12/09/2014,BOS,MA,ANE,EN,Towers with Radar,779,97,41,0,917,0,0,7,3,10,779,97,48,3,927,0,0,0,927
12/10/2014,BOS,MA,ANE,EN,Towers with Radar,785,152,59,0,996,0,0,1,0,1,785,152,60,0,997,0,0,0,997
12/11/2014,BOS,MA,ANE,EN,Towers with Radar,798,182,39,0,1019,0,1,1,1,3,798,183,40,1,1022,0,0,0,1022
12/12/2014,BOS,MA,ANE,EN,Towers with Radar,827,177,41,0,1045,0,21,4,1,26,827,198,45,1,1071,0,0,0,1071
12/13/2014,BOS,MA,ANE,EN,Towers with Radar,557,95,9,1,662,0,18,19,0,37,557,113,28,1,699,0,0,0,699
12/14/2014,BOS,MA,ANE,EN,Towers with Radar,687,121,20,1,829,0,33,6,0,39,687,154,26,1,868,0,0,0,868
12/15/2014,BOS,MA,ANE,EN,Towers with Radar,791,139,34,0,964,0,42,8,3,53,791,181,42,3,1017,0,0,0,1017
12/16/2014,BOS,MA,ANE,EN,Towers with Radar,805,173,25,0,1003,0,2,2,3,7,805,175,27,3,1010,0,0,0,1010
12/17/2014,BOS,MA,ANE,EN,Towers with Radar,801,155,35,0,991,0,3,2,1,6,801,158,37,1,997,0,0,0,997
12/18/2014,BOS,MA,ANE,EN,Towers with Radar,759,157,28,0,944,0,9,2,1,12,759,166,30,1,956,0,0,0,956
12/19/2014,BOS,MA,ANE,EN,Towers with Radar,768,156,34,0,958,0,20,10,0,30,768,176,44,0,988,0,0,0,988
12/20/2014,BOS,MA,ANE,EN,Towers with Radar,662,118,9,0,789,0,6,7,0,13,662,124,16,0,802,0,0,0,802
12/21/2014,BOS,MA,ANE,EN,Towers with Radar,730,134,17,0,881,0,0,14,0,14,730,134,31,0,895,0,0,0,895
12/22/2014,BOS,MA,ANE,EN,Towers with Radar,722,153,22,0,897,0,3,4,1,8,722,156,26,1,905,0,0,0,905
12/23/2014,BOS,MA,ANE,EN,Towers with Radar,746,144,14,0,904,0,0,5,0,5,746,144,19,0,909,0,0,0,909
12/24/2014,BOS,MA,ANE,EN,Towers with Radar,615,121,4,0,740,0,0,0,3,3,615,121,4,3,743,0,0,0,743
12/25/2014,BOS,MA,ANE,EN,Towers with Radar,525,72,7,0,604,0,10,0,0,10,525,82,7,0,614,0,0,0,614
12/26/2014,BOS,MA,ANE,EN,Towers with Radar,674,82,15,0,771,0,52,3,1,56,674,134,18,1,827,0,0,0,827
12/27/2014,BOS,MA,ANE,EN,Towers with Radar,655,67,6,0,728,0,58,1,0,59,655,125,7,0,787,0,0,0,787
12/28/2014,BOS,MA,ANE,EN,Towers with Radar,674,101,17,0,792,0,30,4,0,34,674,131,21,0,826,0,0,0,826
12/29/2014,BOS,MA,ANE,EN,Towers with Radar,674,81,7,0,762,0,49,3,0,52,674,130,10,0,814,0,0,0,814
12/30/2014,BOS,MA,ANE,EN,Towers with Radar,695,63,8,0,766,0,61,6,0,67,695,124,14,0,833,0,0,0,833
12/31/2014,BOS,MA,ANE,EN,Towers with Radar,584,68,6,0,658,0,54,2,2,58,584,122,8,2,716,0,0,0,716
01/01/2015,BOS,MA,ANE,EN,Towers with Radar,575,66,8,0,649,0,53,1,2,56,575,119,9,2,705,0,0,0,705
01/02/2015,BOS,MA,ANE,EN,Towers with Radar,704,94,17,0,815,0,37,9,0,46,704,131,26,0,861,0,0,0,861
01/03/2015,BOS,MA,ANE,EN,Towers with Radar,633,89,3,0,725,0,34,1,0,35,633,123,4,0,760,0,0,0,760
01/04/2015,BOS,MA,ANE,EN,Towers with Radar,718,120,12,0,850,0,0,0,0,0,718,120,12,0,850,0,0,0,850
01/05/2015,BOS,MA,ANE,EN,Towers with Radar,742,124,26,0,892,0,32,7,0,39,742,156,33,0,931,0,0,0,931
01/06/2015,BOS,MA,ANE,EN,Towers with Radar,742,135,30,0,907,0,18,3,0,21,742,153,33,0,928,0,0,0,928
01/07/2015,BOS,MA,ANE,EN,Towers with Radar,739,133,28,0,900,0,32,1,0,33,739,165,29,0,933,0,0,0,933
01/08/2015,BOS,MA,ANE,EN,Towers with Radar,767,126,33,0,926,0,63,3,2,68,767,189,36,2,994,0,0,0,994
01/09/2015,BOS,MA,ANE,EN,Towers with Radar,759,159,20,0,938,0,18,3,0,21,759,177,23,0,959,0,0,0,959
01/10/2015,BOS,MA,ANE,EN,Towers with Radar,556,90,11,0,657,0,45,4,1,50,556,135,15,1,707,0,0,0,707
01/11/2015,BOS,MA,ANE,EN,Towers with Radar,643,103,20,0,766,0,53,6,2,61,643,156,26,2,827,0,0,0,827
01/12/2015,BOS,MA,ANE,EN,Towers with Radar,749,158,29,0,936,0,10,0,1,11,749,168,29,1,947,0,0,0,947
01/13/2015,BOS,MA,ANE,EN,Towers with Radar,748,121,35,0,904,0,43,15,1,59,748,164,50,1,963,0,0,0,963
01/14/2015,BOS,MA,ANE,EN,Towers with Radar,731,163,27,0,921,0,3,2,0,5,731,166,29,0,926,0,0,0,926
01/15/2015,BOS,MA,ANE,EN,Towers with Radar,755,131,25,0,911,0,0,1,0,1,755,131,26,0,912,0,0,0,912
01/16/2015,BOS,MA,ANE,EN,Towers with Radar,773,153,31,0,957,0,29,6,0,35,773,182,37,0,992,0,0,0,992
01/17/2015,BOS,MA,ANE,EN,Towers with Radar,541,50,16,0,607,0,56,2,0,58,541,106,18,0,665,0,0,0,665
01/18/2015,BOS,MA,ANE,EN,Towers with Radar,554,112,16,0,682,0,10,0,0,10,554,122,16,0,692,0,0,0,692
01/19/2015,BOS,MA,ANE,EN,Towers with Radar,730,125,33,0,888,0,33,3,1,37,730,158,36,1,925,0,0,0,925
01/20/2015,BOS,MA,ANE,EN,Towers with Radar,740,114,23,0,877,0,55,11,1,67,740,169,34,1,944,0,0,0,944
01/21/2015,BOS,MA,ANE,EN,Towers with Radar,743,129,25,0,897,0,65,5,1,71,743,194,30,1,968,0,0,0,968
01/22/2015,BOS,MA,ANE,EN,Towers with Radar,763,143,32,1,939,0,29,6,4,39,763,172,38,5,978,0,0,0,978
01/23/2015,BOS,MA,ANE,EN,Towers with Radar,768,124,25,1,918,0,53,9,1,63,768,177,34,2,981,0,0,0,981
01/24/2015,BOS,MA,ANE,EN,Towers with Radar,514,90,15,0,619,0,0,0,0,0,514,90,15,0,619,0,0,0,619
01/25/2015,BOS,MA,ANE,EN,Towers with Radar,644,111,22,0,777,0,38,3,2,43,644,149,25,2,820,0,0,0,820
01/26/2015,BOS,MA,ANE,EN,Towers with Radar,524,94,20,0,638,0,10,1,3,14,524,104,21,3,652,0,0,0,652
01/27/2015,BOS,MA,ANE,EN,Towers with Radar,0,0,0,0,0,0,0,0,0,0,0,0,0,0,0,0,0,0,0
01/28/2015,BOS,MA,ANE,EN,Towers with Radar,431,62,19,0,512,0,8,8,5,21,431,70,27,5,533,0,0,0,533
01/29/2015,BOS,MA,ANE,EN,Towers with Radar,789,132,17,0,938,0,41,6,0,47,789,173,23,0,985,0,0,0,985
01/30/2015,BOS,MA,ANE,EN,Towers with Radar,776,162,18,0,956,0,0,0,2,2,776,162,18,2,958,0,0,0,958
01/31/2015,BOS,MA,ANE,EN,Towers with Radar,543,77,14,0,634,0,21,0,0,21,543,98,14,0,655,0,0,0,655
02/01/2015,BOS,MA,ANE,EN,Towers with Radar,520,93,13,0,626,0,55,0,0,55,520,148,13,0,681,0,0,0,681
02/02/2015,BOS,MA,ANE,EN,Towers with Radar,143,7,9,0,159,0,0,0,0,0,143,7,9,0,159,0,0,0,159
02/03/2015,BOS,MA,ANE,EN,Towers with Radar,628,114,23,0,765,0,37,11,0,48,628,151,34,0,813,0,0,0,813
02/04/2015,BOS,MA,ANE,EN,Towers with Radar,765,143,42,0,950,0,29,2,3,34,765,172,44,3,984,0,0,0,984
02/05/2015,BOS,MA,ANE,EN,Towers with Radar,711,140,19,0,870,0,5,2,0,7,711,145,21,0,877,0,0,0,877
02/06/2015,BOS,MA,ANE,EN,Towers with Radar,784,131,23,3,941,0,38,4,1,43,784,169,27,4,984,0,0,0,984
02/07/2015,BOS,MA,ANE,EN,Towers with Radar,555,104,18,0,677,0,18,2,2,22,555,122,20,2,699,0,0,0,699
02/08/2015,BOS,MA,ANE,EN,Towers with Radar,514,75,14,0,603,0,0,0,0,0,514,75,14,0,603,0,0,0,603
02/09/2015,BOS,MA,ANE,EN,Towers with Radar,180,17,8,0,205,0,0,0,2,2,180,17,8,2,207,0,0,0,207
02/10/2015,BOS,MA,ANE,EN,Towers with Radar,653,139,20,1,813,0,3,0,15,18,653,142,20,16,831,0,0,0,831
02/11/2015,BOS,MA,ANE,EN,Towers with Radar,751,156,17,2,926,0,4,4,6,14,751,160,21,8,940,0,0,0,940
02/12/2015,BOS,MA,ANE,EN,Towers with Radar,790,143,21,2,956,0,6,0,3,9,790,149,21,5,965,0,0,0,965
02/13/2015,BOS,MA,ANE,EN,Towers with Radar,801,138,23,0,962,0,44,4,1,49,801,182,27,1,1011,0,0,0,1011
02/14/2015,BOS,MA,ANE,EN,Towers with Radar,530,95,9,0,634,0,12,1,0,13,530,107,10,0,647,0,0,0,647
02/15/2015,BOS,MA,ANE,EN,Towers with Radar,131,4,0,0,135,0,0,0,0,0,131,4,0,0,135,0,0,0,135
02/16/2015,BOS,MA,ANE,EN,Towers with Radar,689,92,22,0,803,0,16,4,0,20,689,108,26,0,823,0,0,0,823
02/17/2015,BOS,MA,ANE,EN,Towers with Radar,729,134,26,0,889,0,5,1,0,6,729,139,27,0,895,0,0,0,895
02/18/2015,BOS,MA,ANE,EN,Towers with Radar,781,147,30,0,958,0,17,7,1,25,781,164,37,1,983,0,0,0,983
02/19/2015,BOS,MA,ANE,EN,Towers with Radar,790,144,23,0,957,0,11,3,1,15,790,155,26,1,972,0,0,0,972
02/20/2015,BOS,MA,ANE,EN,Towers with Radar,804,129,15,0,948,0,42,3,0,45,804,171,18,0,993,0,0,0,993
02/21/2015,BOS,MA,ANE,EN,Towers with Radar,562,71,19,0,652,0,33,6,2,41,562,104,25,2,693,0,0,0,693
02/22/2015,BOS,MA,ANE,EN,Towers with Radar,693,135,15,0,843,0,7,0,0,7,693,142,15,0,850,0,0,0,850
02/23/2015,BOS,MA,ANE,EN,Towers with Radar,793,142,30,1,966,0,29,4,0,33,793,171,34,1,999,0,0,0,999
02/24/2015,BOS,MA,ANE,EN,Towers with Radar,787,117,25,0,929,0,51,5,1,57,787,168,30,1,986,0,0,0,986
02/25/2015,BOS,MA,ANE,EN,Towers with Radar,767,148,44,3,962,0,54,4,4,62,767,202,48,7,1024,0,0,0,1024
02/26/2015,BOS,MA,ANE,EN,Towers with Radar,790,170,37,0,997,0,20,8,4,32,790,190,45,4,1029,0,0,0,1029
02/27/2015,BOS,MA,ANE,EN,Towers with Radar,808,136,29,0,973,0,55,16,2,73,808,191,45,2,1046,0,0,0,1046
02/28/2015,BOS,MA,ANE,EN,Towers with Radar,586,77,14,0,677,0,55,5,1,61,586,132,19,1,738,0,0,0,738
03/01/2015,BOS,MA,ANE,EN,Towers with Radar,613,114,16,0,743,0,26,11,0,37,613,140,27,0,780,0,0,0,780
03/02/2015,BOS,MA,ANE,EN,Towers with Radar,785,132,46,0,963,0,29,8,0,37,785,161,54,0,1000,0,0,0,1000
03/03/2015,BOS,MA,ANE,EN,Towers with Radar,732,120,53,0,905,0,55,4,1,60,732,175,57,1,965,0,0,0,965
03/04/2015,BOS,MA,ANE,EN,Towers with Radar,804,177,48,1,1030,0,25,0,2,27,804,202,48,3,1057,0,0,0,1057
03/05/2015,BOS,MA,ANE,EN,Towers with Radar,654,131,35,0,820,0,10,4,3,17,654,141,39,3,837,0,0,0,837
03/06/2015,BOS,MA,ANE,EN,Towers with Radar,829,118,31,0,978,0,58,15,2,75,829,176,46,2,1053,0,0,0,1053
03/07/2015,BOS,MA,ANE,EN,Towers with Radar,635,82,15,0,732,0,55,9,1,65,635,137,24,1,797,0,0,0,797
03/08/2015,BOS,MA,ANE,EN,Towers with Radar,702,141,14,0,857,0,30,4,0,34,702,171,18,0,891,0,0,0,891
03/09/2015,BOS,MA,ANE,EN,Towers with Radar,818,112,32,1,963,0,55,6,0,61,818,167,38,1,1024,0,0,0,1024
03/10/2015,BOS,MA,ANE,EN,Towers with Radar,801,170,31,1,1003,0,18,11,0,29,801,188,42,1,1032,0,0,0,1032
03/11/2015,BOS,MA,ANE,EN,Towers with Radar,820,152,50,0,1022,0,38,2,2,42,820,190,52,2,1064,0,0,0,1064
03/12/2015,BOS,MA,ANE,EN,Towers with Radar,819,138,35,0,992,0,53,5,2,60,819,191,40,2,1052,0,0,0,1052
03/13/2015,BOS,MA,ANE,EN,Towers with Radar,834,133,29,3,999,0,57,8,0,65,834,190,37,3,1064,0,0,0,1064
03/14/2015,BOS,MA,ANE,EN,Towers with Radar,638,116,16,1,771,0,4,1,0,5,638,120,17,1,776,0,0,0,776
03/15/2015,BOS,MA,ANE,EN,Towers with Radar,638,130,29,0,797,0,3,2,1,6,638,133,31,1,803,0,0,0,803
03/16/2015,BOS,MA,ANE,EN,Towers with Radar,873,105,37,1,1016,0,66,12,1,79,873,171,49,2,1095,0,0,0,1095
03/17/2015,BOS,MA,ANE,EN,Towers with Radar,807,154,37,0,998,0,4,6,1,11,807,158,43,1,1009,0,0,0,1009
03/18/2015,BOS,MA,ANE,EN,Towers with Radar,809,112,26,2,949,0,40,9,0,49,809,152,35,2,998,0,0,0,998
03/19/2015,BOS,MA,ANE,EN,Towers with Radar,825,115,26,0,966,0,67,19,5,91,825,182,45,5,1057,0,0,0,1057
03/20/2015,BOS,MA,ANE,EN,Towers with Radar,763,116,21,0,900,0,45,6,3,54,763,161,27,3,954,0,0,0,954
03/21/2015,BOS,MA,ANE,EN,Towers with Radar,645,121,8,0,774,0,0,0,1,1,645,121,8,1,775,0,0,0,775
03/22/2015,BOS,MA,ANE,EN,Towers with Radar,721,110,11,0,842,0,49,2,0,51,721,159,13,0,893,0,0,0,893
03/23/2015,BOS,MA,ANE,EN,Towers with Radar,807,127,33,0,967,0,57,6,1,64,807,184,39,1,1031,0,0,0,1031
03/24/2015,BOS,MA,ANE,EN,Towers with Radar,804,117,37,2,960,0,63,11,3,77,804,180,48,5,1037,0,0,0,1037
03/25/2015,BOS,MA,ANE,EN,Towers with Radar,817,123,39,0,979,0,62,5,0,67,817,185,44,0,1046,0,0,0,1046
03/26/2015,BOS,MA,ANE,EN,Towers with Radar,799,138,29,0,966,0,0,5,0,5,799,138,34,0,971,0,0,0,971
03/27/2015,BOS,MA,ANE,EN,Towers with Radar,831,179,24,2,1036,0,1,6,1,8,831,180,30,3,1044,0,0,0,1044
03/28/2015,BOS,MA,ANE,EN,Towers with Radar,643,123,7,0,773,0,0,4,0,4,643,123,11,0,777,0,0,0,777
03/29/2015,BOS,MA,ANE,EN,Towers with Radar,736,114,26,5,881,1,60,5,2,68,737,174,31,7,949,0,0,0,949
03/30/2015,BOS,MA,ANE,EN,Towers with Radar,816,166,30,6,1018,0,7,25,0,32,816,173,55,6,1050,0,0,0,1050
03/31/2015,BOS,MA,ANE,EN,Towers with Radar,835,127,36,5,1003,0,53,3,1,57,835,180,39,6,1060,0,0,0,1060
04/01/2015,BOS,MA,ANE,EN,Towers with Radar,823,114,47,0,984,0,62,44,7,113,823,176,91,7,1097,0,0,0,1097
04/02/2015,BOS,MA,ANE,EN,Towers with Radar,838,119,25,0,982,0,61,12,2,75,838,180,37,2,1057,0,0,0,1057
04/03/2015,BOS,MA,ANE,EN,Towers with Radar,834,155,28,1,1018,0,30,0,2,32,834,185,28,3,1050,0,0,0,1050
04/04/2015,BOS,MA,ANE,EN,Towers with Radar,640,102,8,1,751,0,23,0,0,23,640,125,8,1,774,0,0,0,774
04/05/2015,BOS,MA,ANE,EN,Towers with Radar,687,119,18,0,824,0,40,1,1,42,687,159,19,1,866,0,0,0,866
04/06/2015,BOS,MA,ANE,EN,Towers with Radar,834,140,38,0,1012,0,39,14,1,54,834,179,52,1,1066,0,0,0,1066
04/07/2015,BOS,MA,ANE,EN,Towers with Radar,829,165,44,0,1038,0,1,8,0,9,829,166,52,0,1047,0,0,0,1047
04/08/2015,BOS,MA,ANE,EN,Towers with Radar,832,129,52,0,1013,0,28,4,0,32,832,157,56,0,1045,0,0,0,1045
04/09/2015,BOS,MA,ANE,EN,Towers with Radar,828,186,34,1,1049,0,0,8,0,8,828,186,42,1,1057,0,0,0,1057
04/10/2015,BOS,MA,ANE,EN,Towers with Radar,857,183,43,1,1084,0,0,0,0,0,857,183,43,1,1084,0,0,0,1084
04/11/2015,BOS,MA,ANE,EN,Towers with Radar,654,94,12,0,760,0,40,11,1,52,654,134,23,1,812,0,0,0,812
04/12/2015,BOS,MA,ANE,EN,Towers with Radar,757,99,10,0,866,0,72,3,1,76,757,171,13,1,942,0,0,0,942
04/13/2015,BOS,MA,ANE,EN,Towers with Radar,837,118,40,0,995,0,59,18,0,77,837,177,58,0,1072,0,0,0,1072
04/14/2015,BOS,MA,ANE,EN,Towers with Radar,849,148,34,0,1031,0,44,11,0,55,849,192,45,0,1086,0,0,0,1086
04/15/2015,BOS,MA,ANE,EN,Towers with Radar,847,129,36,0,1012,0,60,19,0,79,847,189,55,0,1091,0,0,0,1091
04/16/2015,BOS,MA,ANE,EN,Towers with Radar,860,137,51,0,1048,0,66,5,2,73,860,203,56,2,1121,0,0,0,1121
04/17/2015,BOS,MA,ANE,EN,Towers with Radar,873,191,27,0,1091,0,9,1,0,10,873,200,28,0,1101,0,0,0,1101
04/18/2015,BOS,MA,ANE,EN,Towers with Radar,677,80,12,0,769,0,51,5,0,56,677,131,17,0,825,0,0,0,825
04/19/2015,BOS,MA,ANE,EN,Towers with Radar,753,99,21,0,873,0,66,6,1,73,753,165,27,1,946,0,0,0,946
04/20/2015,BOS,MA,ANE,EN,Towers with Radar,801,150,14,0,965,0,2,8,2,12,801,152,22,2,977,0,0,0,977
04/21/2015,BOS,MA,ANE,EN,Towers with Radar,908,179,55,0,1142,0,10,4,0,14,908,189,59,0,1156,0,0,0,1156
04/22/2015,BOS,MA,ANE,EN,Towers with Radar,865,144,39,0,1048,0,47,7,0,54,865,191,46,0,1102,0,0,0,1102
04/23/2015,BOS,MA,ANE,EN,Towers with Radar,869,169,55,0,1093,0,55,10,0,65,869,224,65,0,1158,0,0,0,1158
04/24/2015,BOS,MA,ANE,EN,Towers with Radar,866,162,33,0,1061,0,54,10,3,67,866,216,43,3,1128,0,0,0,1128
04/25/2015,BOS,MA,ANE,EN,Towers with Radar,676,103,5,0,784,0,39,4,0,43,676,142,9,0,827,0,0,0,827
04/26/2015,BOS,MA,ANE,EN,Towers with Radar,765,150,30,0,945,0,62,9,1,72,765,212,39,1,1017,0,0,0,1017
04/27/2015,BOS,MA,ANE,EN,Towers with Radar,852,169,44,1,1066,0,39,12,3,54,852,208,56,4,1120,0,0,0,1120
04/28/2015,BOS,MA,ANE,EN,Towers with Radar,856,148,30,1,1035,0,46,10,0,56,856,194,40,1,1091,0,0,0,1091
04/29/2015,BOS,MA,ANE,EN,Towers with Radar,845,146,57,0,1048,0,50,26,1,77,845,196,83,1,1125,0,0,0,1125
04/30/2015,BOS,MA,ANE,EN,Towers with Radar,859,173,60,0,1092,0,39,8,2,49,859,212,68,2,1141,0,0,0,1141
05/01/2015,BOS,MA,ANE,EN,Towers with Radar,863,194,45,0,1102,0,11,6,6,23,863,205,51,6,1125,0,0,0,1125
05/02/2015,BOS,MA,ANE,EN,Towers with Radar,646,108,24,0,778,0,24,7,2,33,646,132,31,2,811,0,0,0,811
05/03/2015,BOS,MA,ANE,EN,Towers with Radar,759,122,30,0,911,0,65,10,1,76,759,187,40,1,987,0,0,0,987
05/04/2015,BOS,MA,ANE,EN,Towers with Radar,856,113,38,2,1009,0,66,8,0,74,856,179,46,2,1083,0,0,0,1083
05/05/2015,BOS,MA,ANE,EN,Towers with Radar,854,124,52,0,1030,0,56,18,2,76,854,180,70,2,1106,0,0,0,1106
05/06/2015,BOS,MA,ANE,EN,Towers with Radar,841,138,61,1,1041,0,67,17,1,85,841,205,78,2,1126,0,0,0,1126
05/07/2015,BOS,MA,ANE,EN,Towers with Radar,883,136,42,0,1061,0,63,15,2,80,883,199,57,2,1141,0,0,0,1141
05/08/2015,BOS,MA,ANE,EN,Towers with Radar,879,135,50,0,1064,0,66,11,0,77,879,201,61,0,1141,0,0,0,1141
05/09/2015,BOS,MA,ANE,EN,Towers with Radar,648,132,11,0,791,0,10,8,4,22,648,142,19,4,813,0,0,0,813
05/10/2015,BOS,MA,ANE,EN,Towers with Radar,730,129,29,0,888,0,28,1,2,31,730,157,30,2,919,0,0,0,919
05/11/2015,BOS,MA,ANE,EN,Towers with Radar,854,171,50,0,1075,0,11,4,1,16,854,182,54,1,1091,0,0,0,1091
05/12/2015,BOS,MA,ANE,EN,Towers with Radar,868,175,62,1,1106,0,11,2,0,13,868,186,64,1,1119,0,0,0,1119
05/13/2015,BOS,MA,ANE,EN,Towers with Radar,870,148,48,2,1068,0,54,11,3,68,870,202,59,5,1136,0,0,0,1136
05/14/2015,BOS,MA,ANE,EN,Towers with Radar,892,154,44,0,1090,0,85,21,2,108,892,239,65,2,1198,0,0,0,1198
05/15/2015,BOS,MA,ANE,EN,Towers with Radar,884,121,38,1,1044,0,107,13,2,122,884,228,51,3,1166,0,0,0,1166
05/16/2015,BOS,MA,ANE,EN,Towers with Radar,662,102,14,2,780,0,35,4,2,41,662,137,18,4,821,0,0,0,821
05/17/2015,BOS,MA,ANE,EN,Towers with Radar,770,166,28,1,965,0,51,12,1,64,770,217,40,2,1029,0,0,0,1029
05/18/2015,BOS,MA,ANE,EN,Towers with Radar,850,193,62,1,1106,0,26,12,1,39,850,219,74,2,1145,0,0,0,1145
05/19/2015,BOS,MA,ANE,EN,Towers with Radar,884,200,64,0,1148,0,0,2,1,3,884,200,66,1,1151,0,0,0,1151
05/20/2015,BOS,MA,ANE,EN,Towers with Radar,872,137,47,0,1056,0,59,6,2,67,872,196,53,2,1123,0,0,0,1123
05/21/2015,BOS,MA,ANE,EN,Towers with Radar,886,132,36,0,1054,0,94,22,2,118,886,226,58,2,1172,0,0,0,1172
05/22/2015,BOS,MA,ANE,EN,Towers with Radar,899,156,18,0,1073,0,102,16,2,120,899,258,34,2,1193,0,0,0,1193
05/23/2015,BOS,MA,ANE,EN,Towers with Radar,639,74,12,1,726,0,89,10,1,100,639,163,22,2,826,0,0,0,826
05/24/2015,BOS,MA,ANE,EN,Towers with Radar,668,67,13,0,748,0,73,2,2,77,668,140,15,2,825,0,0,0,825
05/25/2015,BOS,MA,ANE,EN,Towers with Radar,777,110,15,2,904,0,123,5,1,129,777,233,20,3,1033,0,0,0,1033
05/26/2015,BOS,MA,ANE,EN,Towers with Radar,875,143,48,0,1066,0,98,13,0,111,875,241,61,0,1177,0,0,0,1177
05/27/2015,BOS,MA,ANE,EN,Towers with Radar,841,169,71,2,1083,0,49,10,0,59,841,218,81,2,1142,0,0,0,1142
05/28/2015,BOS,MA,ANE,EN,Towers with Radar,902,208,74,1,1185,0,21,3,2,26,902,229,77,3,1211,0,0,0,1211
05/29/2015,BOS,MA,ANE,EN,Towers with Radar,894,188,48,0,1130,0,38,17,1,56,894,226,65,1,1186,0,0,0,1186
05/30/2015,BOS,MA,ANE,EN,Towers with Radar,652,115,16,0,783,0,29,3,0,32,652,144,19,0,815,0,0,0,815
05/31/2015,BOS,MA,ANE,EN,Towers with Radar,711,126,20,0,857,0,15,9,0,24,711,141,29,0,881,0,0,0,881
06/01/2015,BOS,MA,ANE,EN,Towers with Radar,851,196,30,1,1078,0,0,9,0,9,851,196,39,1,1087,0,0,0,1087
06/02/2015,BOS,MA,ANE,EN,Towers with Radar,875,183,49,1,1108,0,0,3,0,3,875,183,52,1,1111,0,0,0,1111
06/03/2015,BOS,MA,ANE,EN,Towers with Radar,873,209,46,0,1128,0,14,12,1,27,873,223,58,1,1155,0,0,0,1155
06/04/2015,BOS,MA,ANE,EN,Towers with Radar,890,198,58,0,1146,0,51,21,0,72,890,249,79,0,1218,0,0,0,1218
06/05/2015,BOS,MA,ANE,EN,Towers with Radar,890,176,25,0,1091,0,65,12,1,78,890,241,37,1,1169,0,0,0,1169
06/06/2015,BOS,MA,ANE,EN,Towers with Radar,702,128,26,0,856,0,24,9,8,41,702,152,35,8,897,0,0,0,897
06/07/2015,BOS,MA,ANE,EN,Towers with Radar,806,113,38,0,957,0,97,4,0,101,806,210,42,0,1058,0,0,0,1058
06/08/2015,BOS,MA,ANE,EN,Towers with Radar,872,142,44,0,1058,0,71,14,3,88,872,213,58,3,1146,0,0,0,1146
06/09/2015,BOS,MA,ANE,EN,Towers with Radar,932,207,59,0,1198,0,1,2,0,3,932,208,61,0,1201,0,0,0,1201
06/10/2015,BOS,MA,ANE,EN,Towers with Radar,889,138,44,1,1072,0,63,10,0,73,889,201,54,1,1145,0,0,0,1145
06/11/2015,BOS,MA,ANE,EN,Towers with Radar,909,156,52,3,1120,0,56,8,2,66,909,212,60,5,1186,0,0,0,1186
06/12/2015,BOS,MA,ANE,EN,Towers with Radar,917,144,24,0,1085,0,82,6,4,92,917,226,30,4,1177,0,0,0,1177
06/13/2015,BOS,MA,ANE,EN,Towers with Radar,716,98,20,0,834,0,58,8,2,68,716,156,28,2,902,0,0,0,902
06/14/2015,BOS,MA,ANE,EN,Towers with Radar,817,116,31,0,964,0,100,2,0,102,817,216,33,0,1066,0,0,0,1066
06/15/2015,BOS,MA,ANE,EN,Towers with Radar,858,202,46,4,1110,0,6,0,0,6,858,208,46,4,1116,0,0,0,1116
06/16/2015,BOS,MA,ANE,EN,Towers with Radar,908,211,72,0,1191,0,2,1,2,5,908,213,73,2,1196,0,0,0,1196
06/17/2015,BOS,MA,ANE,EN,Towers with Radar,897,166,81,0,1144,0,75,12,5,92,897,241,93,5,1236,0,0,0,1236
06/18/2015,BOS,MA,ANE,EN,Towers with Radar,911,140,67,0,1118,0,77,17,1,95,911,217,84,1,1213,0,0,0,1213
06/19/2015,BOS,MA,ANE,EN,Towers with Radar,927,183,39,2,1151,0,59,7,7,73,927,242,46,9,1224,0,0,0,1224
06/20/2015,BOS,MA,ANE,EN,Towers with Radar,731,103,21,0,855,0,62,9,1,72,731,165,30,1,927,0,0,0,927
06/21/2015,BOS,MA,ANE,EN,Towers with Radar,833,193,21,0,1047,0,3,1,0,4,833,196,22,0,1051,0,0,0,1051
06/22/2015,BOS,MA,ANE,EN,Towers with Radar,913,200,41,0,1154,0,54,5,1,60,913,254,46,1,1214,0,0,0,1214
06/23/2015,BOS,MA,ANE,EN,Towers with Radar,869,157,54,0,1080,0,35,12,0,47,869,192,66,0,1127,0,0,0,1127
06/24/2015,BOS,MA,ANE,EN,Towers with Radar,926,150,60,0,1136,0,86,22,1,109,926,236,82,1,1245,0,0,0,1245
06/25/2015,BOS,MA,ANE,EN,Towers with Radar,932,166,36,0,1134,0,76,9,3,88,932,242,45,3,1222,0,0,0,1222
06/26/2015,BOS,MA,ANE,EN,Towers with Radar,924,176,27,1,1128,0,125,18,0,143,924,301,45,1,1271,0,0,0,1271
06/27/2015,BOS,MA,ANE,EN,Towers with Radar,732,88,26,1,847,0,128,9,1,138,732,216,35,2,985,0,0,0,985
06/28/2015,BOS,MA,ANE,EN,Towers with Radar,799,191,21,0,1011,0,0,6,0,6,799,191,27,0,1017,0,0,0,1017
06/29/2015,BOS,MA,ANE,EN,Towers with Radar,900,220,29,0,1149,0,38,8,2,48,900,258,37,2,1197,0,0,0,1197
06/30/2015,BOS,MA,ANE,EN,Towers with Radar,882,140,29,2,1053,0,96,13,0,109,882,236,42,2,1162,0,0,0,1162
07/01/2015,BOS,MA,ANE,EN,Towers with Radar,889,182,35,1,1107,0,29,7,1,37,889,211,42,2,1144,0,0,0,1144
07/02/2015,BOS,MA,ANE,EN,Towers with Radar,900,153,24,2,1079,0,133,18,1,152,900,286,42,3,1231,0,0,0,1231
07/03/2015,BOS,MA,ANE,EN,Towers with Radar,754,95,18,0,867,0,149,19,5,173,754,244,37,5,1040,0,0,0,1040
07/04/2015,BOS,MA,ANE,EN,Towers with Radar,638,82,9,0,729,0,121,35,3,159,638,203,44,3,888,0,0,0,888
07/05/2015,BOS,MA,ANE,EN,Towers with Radar,821,140,29,0,990,0,175,13,0,188,821,315,42,0,1178,0,0,0,1178
07/06/2015,BOS,MA,ANE,EN,Towers with Radar,920,135,24,1,1080,0,145,19,0,164,920,280,43,1,1244,0,0,0,1244
07/07/2015,BOS,MA,ANE,EN,Towers with Radar,930,219,36,0,1185,0,23,10,0,33,930,242,46,0,1218,0,0,0,1218
07/08/2015,BOS,MA,ANE,EN,Towers with Radar,915,206,46,0,1167,1,36,14,1,52,916,242,60,1,1219,0,0,0,1219
07/09/2015,BOS,MA,ANE,EN,Towers with Radar,939,170,35,0,1144,0,99,4,6,109,939,269,39,6,1253,0,0,0,1253
07/10/2015,BOS,MA,ANE,EN,Towers with Radar,920,244,56,0,1220,0,68,20,5,93,920,312,76,5,1313,0,0,0,1313
07/11/2015,BOS,MA,ANE,EN,Towers with Radar,734,102,22,0,858,0,147,11,1,159,734,249,33,1,1017,0,0,0,1017
07/12/2015,BOS,MA,ANE,EN,Towers with Radar,836,140,33,0,1009,0,178,13,1,192,836,318,46,1,1201,0,0,0,1201
07/13/2015,BOS,MA,ANE,EN,Towers with Radar,918,131,20,0,1069,0,145,9,6,160,918,276,29,6,1229,0,0,0,1229
07/14/2015,BOS,MA,ANE,EN,Towers with Radar,894,188,47,0,1129,0,36,12,1,49,894,224,59,1,1178,0,0,0,1178
07/15/2015,BOS,MA,ANE,EN,Towers with Radar,915,229,57,2,1203,0,18,12,1,31,915,247,69,3,1234,0,0,0,1234
07/16/2015,BOS,MA,ANE,EN,Towers with Radar,949,155,47,0,1151,0,136,12,2,150,949,291,59,2,1301,0,0,0,1301
07/17/2015,BOS,MA,ANE,EN,Towers with Radar,920,140,25,0,1085,0,174,29,6,209,920,314,54,6,1294,0,0,0,1294
07/18/2015,BOS,MA,ANE,EN,Towers with Radar,728,145,16,0,889,0,88,3,5,96,728,233,19,5,985,0,0,0,985
07/19/2015,BOS,MA,ANE,EN,Towers with Radar,834,208,25,0,1067,0,83,8,12,103,834,291,33,12,1170,0,0,0,1170
07/20/2015,BOS,MA,ANE,EN,Towers with Radar,932,154,47,0,1133,0,118,20,4,142,932,272,67,4,1275,0,0,0,1275
07/21/2015,BOS,MA,ANE,EN,Towers with Radar,907,151,44,0,1102,0,72,11,4,87,907,223,55,4,1189,0,0,0,1189
07/22/2015,BOS,MA,ANE,EN,Towers with Radar,921,148,37,0,1106,0,109,27,9,145,921,257,64,9,1251,0,0,0,1251
07/23/2015,BOS,MA,ANE,EN,Towers with Radar,942,134,31,0,1107,0,155,10,2,167,942,289,41,2,1274,0,0,0,1274
07/24/2015,BOS,MA,ANE,EN,Towers with Radar,907,157,32,0,1096,0,149,22,5,176,907,306,54,5,1272,0,0,0,1272
07/25/2015,BOS,MA,ANE,EN,Towers with Radar,736,222,16,0,974,0,23,3,2,28,736,245,19,2,1002,0,0,0,1002
07/26/2015,BOS,MA,ANE,EN,Towers with Radar,831,254,20,0,1105,0,71,3,2,76,831,325,23,2,1181,0,0,0,1181
07/27/2015,BOS,MA,ANE,EN,Towers with Radar,927,213,52,0,1192,0,76,15,1,92,927,289,67,1,1284,0,0,0,1284
07/28/2015,BOS,MA,ANE,EN,Towers with Radar,925,196,44,0,1165,0,49,18,5,72,925,245,62,5,1237,0,0,0,1237
07/29/2015,BOS,MA,ANE,EN,Towers with Radar,916,153,46,0,1115,0,94,12,5,111,916,247,58,5,1226,0,0,0,1226
07/30/2015,BOS,MA,ANE,EN,Towers with Radar,911,209,55,0,1175,0,66,17,1,84,911,275,72,1,1259,0,0,0,1259
07/31/2015,BOS,MA,ANE,EN,Towers with Radar,935,135,32,2,1104,0,164,18,7,189,935,299,50,9,1293,0,0,0,1293
08/01/2015,BOS,MA,ANE,EN,Towers with Radar,740,105,19,0,864,0,149,5,9,163,740,254,24,9,1027,0,0,0,1027
08/02/2015,BOS,MA,ANE,EN,Towers with Radar,837,144,25,0,1006,0,154,9,2,165,837,298,34,2,1171,0,0,0,1171
08/03/2015,BOS,MA,ANE,EN,Towers with Radar,921,144,40,0,1105,0,118,14,11,143,921,262,54,11,1248,0,0,0,1248
08/04/2015,BOS,MA,ANE,EN,Towers with Radar,916,196,27,0,1139,0,38,13,0,51,916,234,40,0,1190,0,0,0,1190
08/05/2015,BOS,MA,ANE,EN,Towers with Radar,924,149,43,0,1116,0,107,13,14,134,924,256,56,14,1250,0,0,0,1250
08/06/2015,BOS,MA,ANE,EN,Towers with Radar,944,162,53,0,1159,0,134,11,2,147,944,296,64,2,1306,0,0,0,1306
08/07/2015,BOS,MA,ANE,EN,Towers with Radar,908,211,28,1,1148,0,120,9,15,144,908,331,37,16,1292,0,0,0,1292
08/08/2015,BOS,MA,ANE,EN,Towers with Radar,735,155,19,1,910,0,113,6,17,136,735,268,25,18,1046,0,0,0,1046
08/09/2015,BOS,MA,ANE,EN,Towers with Radar,828,277,29,0,1134,0,32,8,21,61,828,309,37,21,1195,0,0,0,1195
08/10/2015,BOS,MA,ANE,EN,Towers with Radar,911,161,35,0,1107,0,113,17,6,136,911,274,52,6,1243,0,0,0,1243
08/11/2015,BOS,MA,ANE,EN,Towers with Radar,881,225,36,0,1142,0,10,3,0,13,881,235,39,0,1155,0,0,0,1155
08/12/2015,BOS,MA,ANE,EN,Towers with Radar,918,195,51,0,1164,0,58,14,3,75,918,253,65,3,1239,0,0,0,1239
08/13/2015,BOS,MA,ANE,EN,Towers with Radar,935,180,58,0,1173,0,101,18,7,126,935,281,76,7,1299,0,0,0,1299
08/14/2015,BOS,MA,ANE,EN,Towers with Radar,912,194,35,2,1143,0,128,14,6,148,912,322,49,8,1291,0,0,0,1291
08/15/2015,BOS,MA,ANE,EN,Towers with Radar,686,121,15,4,826,0,112,2,6,120,686,233,17,10,946,0,0,0,946
08/16/2015,BOS,MA,ANE,EN,Towers with Radar,844,167,37,0,1048,0,135,11,8,154,844,302,48,8,1202,0,0,0,1202
08/17/2015,BOS,MA,ANE,EN,Towers with Radar,924,153,36,0,1113,0,126,16,5,147,924,279,52,5,1260,0,0,0,1260
08/18/2015,BOS,MA,ANE,EN,Towers with Radar,897,151,23,0,1071,0,88,20,6,114,897,239,43,6,1185,0,0,0,1185
08/19/2015,BOS,MA,ANE,EN,Towers with Radar,908,180,30,2,1120,0,64,14,2,80,908,244,44,4,1200,0,0,0,1200
08/20/2015,BOS,MA,ANE,EN,Towers with Radar,864,228,35,0,1127,0,40,11,1,52,864,268,46,1,1179,0,0,0,1179
08/21/2015,BOS,MA,ANE,EN,Towers with Radar,946,253,36,1,1236,0,16,9,3,28,946,269,45,4,1264,0,0,0,1264
08/22/2015,BOS,MA,ANE,EN,Towers with Radar,705,215,20,0,940,0,4,4,4,12,705,219,24,4,952,0,0,0,952
08/23/2015,BOS,MA,ANE,EN,Towers with Radar,827,226,28,0,1081,0,0,0,3,3,827,226,28,3,1084,0,0,0,1084
08/24/2015,BOS,MA,ANE,EN,Towers with Radar,910,251,41,3,1205,0,16,6,2,24,910,267,47,5,1229,0,0,0,1229
08/25/2015,BOS,MA,ANE,EN,Towers with Radar,926,230,26,1,1183,0,11,7,1,19,926,241,33,2,1202,0,0,0,1202
08/26/2015,BOS,MA,ANE,EN,Towers with Radar,910,203,31,1,1145,0,42,7,2,51,910,245,38,3,1196,0,0,0,1196
08/27/2015,BOS,MA,ANE,EN,Towers with Radar,937,122,39,1,1099,0,138,9,4,151,937,260,48,5,1250,0,0,0,1250
08/28/2015,BOS,MA,ANE,EN,Towers with Radar,915,128,18,0,1061,0,169,17,5,191,915,297,35,5,1252,0,0,0,1252
08/29/2015,BOS,MA,ANE,EN,Towers with Radar,681,75,15,0,771,0,149,2,10,161,681,224,17,10,932,0,0,0,932
08/30/2015,BOS,MA,ANE,EN,Towers with Radar,816,138,26,0,980,0,158,9,11,178,816,296,35,11,1158,0,0,0,1158
08/31/2015,BOS,MA,ANE,EN,Towers with Radar,912,160,32,0,1104,0,133,18,2,153,912,293,50,2,1257,0,0,0,1257
09/01/2015,BOS,MA,ANE,EN,Towers with Radar,902,162,50,0,1114,0,101,11,8,120,902,263,61,8,1234,0,0,0,1234
09/02/2015,BOS,MA,ANE,EN,Towers with Radar,893,171,59,0,1123,0,96,12,0,108,893,267,71,0,1231,0,0,0,1231
09/03/2015,BOS,MA,ANE,EN,Towers with Radar,921,172,42,0,1135,0,99,16,2,117,921,271,58,2,1252,0,0,0,1252
09/04/2015,BOS,MA,ANE,EN,Towers with Radar,910,284,37,2,1233,0,40,13,5,58,910,324,50,7,1291,0,0,0,1291
09/05/2015,BOS,MA,ANE,EN,Towers with Radar,656,93,12,0,761,0,123,4,8,135,656,216,16,8,896,0,0,0,896
09/06/2015,BOS,MA,ANE,EN,Towers with Radar,678,85,7,2,772,0,111,3,5,119,678,196,10,7,891,0,0,0,891
09/07/2015,BOS,MA,ANE,EN,Towers with Radar,794,158,30,2,984,0,141,12,0,153,794,299,42,2,1137,0,0,0,1137
09/08/2015,BOS,MA,ANE,EN,Towers with Radar,869,168,57,2,1096,0,87,17,6,110,869,255,74,8,1206,0,0,0,1206
09/09/2015,BOS,MA,ANE,EN,Towers with Radar,824,204,71,3,1102,0,78,10,5,93,824,282,81,8,1195,0,0,0,1195
09/10/2015,BOS,MA,ANE,EN,Towers with Radar,785,224,85,0,1094,0,9,2,7,18,785,233,87,7,1112,0,0,0,1112
09/11/2015,BOS,MA,ANE,EN,Towers with Radar,867,294,48,2,1211,0,16,5,2,23,867,310,53,4,1234,0,0,0,1234
09/12/2015,BOS,MA,ANE,EN,Towers with Radar,600,174,23,0,797,0,47,9,12,68,600,221,32,12,865,0,0,0,865
09/13/2015,BOS,MA,ANE,EN,Towers with Radar,754,239,21,0,1014,0,0,4,0,4,754,239,25,0,1018,0,0,0,1018
09/14/2015,BOS,MA,ANE,EN,Towers with Radar,867,179,51,1,1098,0,80,12,4,96,867,259,63,5,1194,0,0,0,1194
09/15/2015,BOS,MA,ANE,EN,Towers with Radar,850,142,85,0,1077,0,113,14,6,133,850,255,99,6,1210,0,0,0,1210
09/16/2015,BOS,MA,ANE,EN,Towers with Radar,851,159,81,0,1091,0,86,7,25,118,851,245,88,25,1209,0,0,0,1209
09/17/2015,BOS,MA,ANE,EN,Towers with Radar,879,166,80,0,1125,0,113,19,2,134,879,279,99,2,1259,0,0,0,1259
09/18/2015,BOS,MA,ANE,EN,Towers with Radar,886,173,52,0,1111,0,132,13,0,145,886,305,65,0,1256,0,0,0,1256
09/19/2015,BOS,MA,ANE,EN,Towers with Radar,613,148,31,1,793,0,35,3,11,49,613,183,34,12,842,0,0,0,842
09/20/2015,BOS,MA,ANE,EN,Towers with Radar,767,183,22,2,974,0,114,2,17,133,767,297,24,19,1107,0,0,0,1107
09/21/2015,BOS,MA,ANE,EN,Towers with Radar,868,133,42,0,1043,0,109,19,1,129,868,242,61,1,1172,0,0,0,1172
09/22/2015,BOS,MA,ANE,EN,Towers with Radar,846,141,54,0,1041,0,82,11,0,93,846,223,65,0,1134,0,0,0,1134
09/23/2015,BOS,MA,ANE,EN,Towers with Radar,836,144,53,0,1033,0,82,19,0,101,836,226,72,0,1134,0,0,0,1134
09/24/2015,BOS,MA,ANE,EN,Towers with Radar,885,170,68,1,1124,0,108,17,1,126,885,278,85,2,1250,0,0,0,1250
09/25/2015,BOS,MA,ANE,EN,Towers with Radar,887,155,68,0,1110,0,124,28,0,152,887,279,96,0,1262,0,0,0,1262
09/26/2015,BOS,MA,ANE,EN,Towers with Radar,614,93,26,0,733,0,79,19,0,98,614,172,45,0,831,0,0,0,831
09/27/2015,BOS,MA,ANE,EN,Towers with Radar,777,125,61,0,963,0,143,14,6,163,777,268,75,6,1126,0,0,0,1126
09/28/2015,BOS,MA,ANE,EN,Towers with Radar,870,189,62,0,1121,0,78,13,2,93,870,267,75,2,1214,0,0,0,1214
09/29/2015,BOS,MA,ANE,EN,Towers with Radar,869,238,70,0,1177,0,10,3,0,13,869,248,73,0,1190,0,0,0,1190
09/30/2015,BOS,MA,ANE,EN,Towers with Radar,857,192,65,0,1114,0,0,0,2,2,857,192,65,2,1116,0,0,0,1116
10/01/2015,BOS,MA,ANE,EN,Towers with Radar,890,244,84,0,1218,0,14,2,4,20,890,258,86,4,1238,0,0,0,1238
10/02/2015,BOS,MA,ANE,EN,Towers with Radar,894,247,52,0,1193,0,4,9,2,15,894,251,61,2,1208,0,0,0,1208
10/03/2015,BOS,MA,ANE,EN,Towers with Radar,620,158,17,2,797,0,4,9,0,13,620,162,26,2,810,0,0,0,810
10/04/2015,BOS,MA,ANE,EN,Towers with Radar,771,234,37,0,1042,0,27,9,6,42,771,261,46,6,1084,0,0,0,1084
10/05/2015,BOS,MA,ANE,EN,Towers with Radar,887,241,61,0,1189,0,25,18,7,50,887,266,79,7,1239,0,0,0,1239
10/06/2015,BOS,MA,ANE,EN,Towers with Radar,881,145,52,0,1078,0,83,7,11,101,881,228,59,11,1179,0,0,0,1179
10/07/2015,BOS,MA,ANE,EN,Towers with Radar,885,147,69,0,1101,0,84,2,4,90,885,231,71,4,1191,0,0,0,1191
10/08/2015,BOS,MA,ANE,EN,Towers with Radar,901,138,65,0,1104,0,124,17,0,141,901,262,82,0,1245,0,0,0,1245
10/09/2015,BOS,MA,ANE,EN,Towers with Radar,880,195,49,4,1128,0,49,7,0,56,880,244,56,4,1184,0,0,0,1184
10/10/2015,BOS,MA,ANE,EN,Towers with Radar,664,109,17,0,790,0,72,10,17,99,664,181,27,17,889,0,0,0,889
10/11/2015,BOS,MA,ANE,EN,Towers with Radar,785,123,40,0,948,0,86,5,3,94,785,209,45,3,1042,0,0,0,1042
10/12/2015,BOS,MA,ANE,EN,Towers with Radar,894,145,57,0,1096,0,122,16,1,139,894,267,73,1,1235,0,0,0,1235
10/13/2015,BOS,MA,ANE,EN,Towers with Radar,904,214,53,0,1171,0,12,8,1,21,904,226,61,1,1192,0,0,0,1192
10/14/2015,BOS,MA,ANE,EN,Towers with Radar,874,185,60,0,1119,0,70,9,5,84,874,255,69,5,1203,0,0,0,1203
10/15/2015,BOS,MA,ANE,EN,Towers with Radar,900,137,67,0,1104,0,109,12,1,122,900,246,79,1,1226,0,0,0,1226
10/16/2015,BOS,MA,ANE,EN,Towers with Radar,895,174,39,1,1109,0,86,12,0,98,895,260,51,1,1207,0,0,0,1207
10/17/2015,BOS,MA,ANE,EN,Towers with Radar,617,112,14,2,745,0,57,2,3,62,617,169,16,5,807,0,0,0,807
10/18/2015,BOS,MA,ANE,EN,Towers with Radar,774,150,29,2,955,0,116,5,0,121,774,266,34,2,1076,0,0,0,1076
10/19/2015,BOS,MA,ANE,EN,Towers with Radar,900,130,45,1,1076,0,75,12,1,88,900,205,57,2,1164,0,0,0,1164
10/20/2015,BOS,MA,ANE,EN,Towers with Radar,888,123,46,0,1057,0,66,4,0,70,888,189,50,0,1127,0,0,0,1127
10/21/2015,BOS,MA,ANE,EN,Towers with Radar,874,164,53,0,1091,0,44,10,1,55,874,208,63,1,1146,0,0,0,1146
10/22/2015,BOS,MA,ANE,EN,Towers with Radar,901,182,71,1,1155,0,36,15,0,51,901,218,86,1,1206,0,0,0,1206
10/23/2015,BOS,MA,ANE,EN,Towers with Radar,887,175,51,0,1113,0,59,21,1,81,887,234,72,1,1194,0,0,0,1194
10/24/2015,BOS,MA,ANE,EN,Towers with Radar,629,124,13,1,767,0,20,7,2,29,629,144,20,3,796,0,0,0,796
10/25/2015,BOS,MA,ANE,EN,Towers with Radar,764,177,29,2,972,0,20,7,0,27,764,197,36,2,999,0,0,0,999
10/26/2015,BOS,MA,ANE,EN,Towers with Radar,873,112,40,0,1025,0,80,10,2,92,873,192,50,2,1117,0,0,0,1117
10/27/2015,BOS,MA,ANE,EN,Towers with Radar,841,125,50,1,1017,0,72,14,4,90,841,197,64,5,1107,0,0,0,1107
10/28/2015,BOS,MA,ANE,EN,Towers with Radar,790,156,55,2,1003,0,22,3,0,25,790,178,58,2,1028,0,0,0,1028
10/29/2015,BOS,MA,ANE,EN,Towers with Radar,891,165,65,1,1122,0,26,11,0,37,891,191,76,1,1159,0,0,0,1159
10/30/2015,BOS,MA,ANE,EN,Towers with Radar,856,131,68,0,1055,0,66,15,2,83,856,197,83,2,1138,0,0,0,1138
10/31/2015,BOS,MA,ANE,EN,Towers with Radar,592,76,21,0,689,0,62,9,0,71,592,138,30,0,760,0,0,0,760
11/01/2015,BOS,MA,ANE,EN,Towers with Radar,751,144,35,0,930,0,23,8,1,32,751,167,43,1,962,0,0,0,962
11/02/2015,BOS,MA,ANE,EN,Towers with Radar,865,134,40,0,1039,0,62,12,0,74,865,196,52,0,1113,0,0,0,1113
11/03/2015,BOS,MA,ANE,EN,Towers with Radar,864,125,81,1,1071,0,67,10,2,79,864,192,91,3,1150,0,0,0,1150
11/04/2015,BOS,MA,ANE,EN,Towers with Radar,851,144,68,0,1063,0,73,13,0,86,851,217,81,0,1149,0,0,0,1149
11/05/2015,BOS,MA,ANE,EN,Towers with Radar,863,163,62,1,1089,0,58,5,2,65,863,221,67,3,1154,0,0,0,1154
11/06/2015,BOS,MA,ANE,EN,Towers with Radar,868,185,39,1,1093,0,2,3,0,5,868,187,42,1,1098,0,0,0,1098
11/07/2015,BOS,MA,ANE,EN,Towers with Radar,617,85,12,0,714,0,44,6,1,51,617,129,18,1,765,0,0,0,765
11/08/2015,BOS,MA,ANE,EN,Towers with Radar,747,124,25,0,896,0,63,6,1,70,747,187,31,1,966,0,0,0,966
11/09/2015,BOS,MA,ANE,EN,Towers with Radar,856,127,45,0,1028,0,75,11,0,86,856,202,56,0,1114,0,0,0,1114
11/10/2015,BOS,MA,ANE,EN,Towers with Radar,846,150,75,0,1071,0,38,14,3,55,846,188,89,3,1126,0,0,0,1126
11/11/2015,BOS,MA,ANE,EN,Towers with Radar,839,181,54,1,1075,0,0,2,4,6,839,181,56,5,1081,0,0,0,1081
11/12/2015,BOS,MA,ANE,EN,Towers with Radar,860,216,46,1,1123,0,0,0,0,0,860,216,46,1,1123,0,0,0,1123
11/13/2015,BOS,MA,ANE,EN,Towers with Radar,869,154,45,0,1068,0,49,8,0,57,869,203,53,0,1125,0,0,0,1125
11/14/2015,BOS,MA,ANE,EN,Towers with Radar,599,104,16,2,721,0,36,2,1,39,599,140,18,3,760,0,0,0,760
11/15/2015,BOS,MA,ANE,EN,Towers with Radar,750,97,22,0,869,0,68,6,0,74,750,165,28,0,943,0,0,0,943
11/16/2015,BOS,MA,ANE,EN,Towers with Radar,851,127,38,0,1016,0,77,17,0,94,851,204,55,0,1110,0,0,0,1110
11/17/2015,BOS,MA,ANE,EN,Towers with Radar,840,123,57,0,1020,0,62,12,1,75,840,185,69,1,1095,0,0,0,1095
11/18/2015,BOS,MA,ANE,EN,Towers with Radar,842,152,54,0,1048,0,66,11,1,78,842,218,65,1,1126,0,0,0,1126
11/19/2015,BOS,MA,ANE,EN,Towers with Radar,840,223,58,0,1121,0,5,1,0,6,840,228,59,0,1127,0,0,0,1127
11/20/2015,BOS,MA,ANE,EN,Towers with Radar,876,192,53,0,1121,0,37,20,1,58,876,229,73,1,1179,0,0,0,1179
11/21/2015,BOS,MA,ANE,EN,Towers with Radar,604,95,34,0,733,0,64,11,3,78,604,159,45,3,811,0,0,0,811
11/22/2015,BOS,MA,ANE,EN,Towers with Radar,715,202,43,0,960,0,0,0,1,1,715,202,43,1,961,0,0,0,961
11/23/2015,BOS,MA,ANE,EN,Towers with Radar,746,120,44,0,910,0,68,7,0,75,746,188,51,0,985,0,0,0,985
11/24/2015,BOS,MA,ANE,EN,Towers with Radar,839,134,53,0,1026,0,67,9,0,76,839,201,62,0,1102,0,0,0,1102
11/25/2015,BOS,MA,ANE,EN,Towers with Radar,860,111,25,0,996,0,73,7,0,80,860,184,32,0,1076,0,0,0,1076
11/26/2015,BOS,MA,ANE,EN,Towers with Radar,507,87,5,1,600,0,37,4,0,41,507,124,9,1,641,0,0,0,641
11/27/2015,BOS,MA,ANE,EN,Towers with Radar,584,116,5,0,705,0,33,0,0,33,584,149,5,0,738,0,0,0,738
11/28/2015,BOS,MA,ANE,EN,Towers with Radar,748,134,6,0,888,0,6,2,2,10,748,140,8,2,898,0,0,0,898
11/29/2015,BOS,MA,ANE,EN,Towers with Radar,837,115,45,1,998,0,63,16,0,79,837,178,61,1,1077,0,0,0,1077
11/30/2015,BOS,MA,ANE,EN,Towers with Radar,889,173,40,1,1103,0,34,12,0,46,889,207,52,1,1149,0,0,0,1149
12/01/2015,BOS,MA,ANE,EN,Towers with Radar,841,167,52,0,1060,0,25,6,2,33,841,192,58,2,1093,0,0,0,1093
12/02/2015,BOS,MA,ANE,EN,Towers with Radar,825,168,42,1,1036,0,0,0,0,0,825,168,42,1,1036,0,0,0,1036
12/03/2015,BOS,MA,ANE,EN,Towers with Radar,840,196,52,1,1089,0,19,7,0,26,840,215,59,1,1115,0,0,0,1115
12/04/2015,BOS,MA,ANE,EN,Towers with Radar,866,159,45,0,1070,0,70,11,0,81,866,229,56,0,1151,0,0,0,1151
12/05/2015,BOS,MA,ANE,EN,Towers with Radar,584,76,16,0,676,0,62,13,2,77,584,138,29,2,753,0,0,0,753
12/06/2015,BOS,MA,ANE,EN,Towers with Radar,705,114,33,0,852,0,71,5,0,76,705,185,38,0,928,0,0,0,928
12/07/2015,BOS,MA,ANE,EN,Towers with Radar,834,110,41,0,985,0,67,13,8,88,834,177,54,8,1073,0,0,0,1073
12/08/2015,BOS,MA,ANE,EN,Towers with Radar,832,187,49,0,1068,0,3,6,7,16,832,190,55,7,1084,0,0,0,1084
12/09/2015,BOS,MA,ANE,EN,Towers with Radar,821,168,44,0,1033,0,17,8,4,29,821,185,52,4,1062,0,0,0,1062
12/10/2015,BOS,MA,ANE,EN,Towers with Radar,846,187,48,0,1081,0,21,4,2,27,846,208,52,2,1108,0,0,0,1108
12/11/2015,BOS,MA,ANE,EN,Towers with Radar,858,171,36,0,1065,0,21,5,0,26,858,192,41,0,1091,0,0,0,1091
12/12/2015,BOS,MA,ANE,EN,Towers with Radar,587,77,5,0,669,0,60,1,0,61,587,137,6,0,730,0,0,0,730
12/13/2015,BOS,MA,ANE,EN,Towers with Radar,707,124,24,0,855,0,18,3,0,21,707,142,27,0,876,0,0,0,876
12/14/2015,BOS,MA,ANE,EN,Towers with Radar,820,150,40,0,1010,0,1,2,0,3,820,151,42,0,1013,0,0,0,1013
12/15/2015,BOS,MA,ANE,EN,Towers with Radar,840,182,51,0,1073,0,26,11,0,37,840,208,62,0,1110,0,0,0,1110
12/16/2015,BOS,MA,ANE,EN,Towers with Radar,843,162,47,0,1052,0,26,3,6,35,843,188,50,6,1087,0,0,0,1087
12/17/2015,BOS,MA,ANE,EN,Towers with Radar,839,161,49,0,1049,0,0,0,0,0,839,161,49,0,1049,0,0,0,1049
12/18/2015,BOS,MA,ANE,EN,Towers with Radar,807,185,37,0,1029,0,2,4,0,6,807,187,41,0,1035,0,0,0,1035
12/19/2015,BOS,MA,ANE,EN,Towers with Radar,684,103,7,0,794,0,44,11,1,56,684,147,18,1,850,0,0,0,850
12/20/2015,BOS,MA,ANE,EN,Towers with Radar,755,100,20,2,877,0,51,2,1,54,755,151,22,3,931,0,0,0,931
12/21/2015,BOS,MA,ANE,EN,Towers with Radar,786,109,22,0,917,0,65,6,0,71,786,174,28,0,988,0,0,0,988
12/22/2015,BOS,MA,ANE,EN,Towers with Radar,815,144,19,0,978,0,9,4,0,13,815,153,23,0,991,0,0,0,991
12/23/2015,BOS,MA,ANE,EN,Towers with Radar,849,121,24,0,994,0,16,2,2,20,849,137,26,2,1014,0,0,0,1014
12/24/2015,BOS,MA,ANE,EN,Towers with Radar,642,124,8,0,774,0,4,2,0,6,642,128,10,0,780,0,0,0,780
12/25/2015,BOS,MA,ANE,EN,Towers with Radar,552,60,1,0,613,0,50,0,1,51,552,110,1,1,664,0,0,0,664
12/26/2015,BOS,MA,ANE,EN,Towers with Radar,680,73,16,0,769,1,61,1,1,64,681,134,17,1,833,0,0,0,833
12/27/2015,BOS,MA,ANE,EN,Towers with Radar,722,116,15,0,853,0,0,0,0,0,722,116,15,0,853,0,0,0,853
12/28/2015,BOS,MA,ANE,EN,Towers with Radar,705,90,15,0,810,0,49,10,0,59,705,139,25,0,869,0,0,0,869
12/29/2015,BOS,MA,ANE,EN,Towers with Radar,662,56,10,0,728,0,0,0,3,3,662,56,10,3,731,0,0,0,731
12/30/2015,BOS,MA,ANE,EN,Towers with Radar,758,142,12,0,912,0,0,4,0,4,758,142,16,0,916,0,0,0,916
12/31/2015,BOS,MA,ANE,EN,Towers with Radar,637,129,3,0,769,0,7,3,0,10,637,136,6,0,779,0,0,0,779
01/01/2016,BOS,MA,ANE,EN,Towers with Radar,590,95,8,0,693,0,29,1,0,30,590,124,9,0,723,0,0,0,723
01/02/2016,BOS,MA,ANE,EN,Towers with Radar,699,92,19,0,810,0,35,4,0,39,699,127,23,0,849,0,0,0,849
01/03/2016,BOS,MA,ANE,EN,Towers with Radar,732,99,22,0,853,0,41,0,3,44,732,140,22,3,897,0,0,0,897
01/04/2016,BOS,MA,ANE,EN,Towers with Radar,791,140,29,0,960,0,15,6,0,21,791,155,35,0,981,0,0,0,981
01/05/2016,BOS,MA,ANE,EN,Towers with Radar,807,107,29,0,943,0,58,4,0,62,807,165,33,0,1005,0,0,0,1005
01/06/2016,BOS,MA,ANE,EN,Towers with Radar,800,105,29,0,934,0,73,2,1,76,800,178,31,1,1010,0,0,0,1010
01/07/2016,BOS,MA,ANE,EN,Towers with Radar,824,110,24,0,958,0,80,8,0,88,824,190,32,0,1046,0,0,0,1046
01/08/2016,BOS,MA,ANE,EN,Towers with Radar,811,163,20,2,996,0,3,13,0,16,811,166,33,2,1012,0,0,0,1012
01/09/2016,BOS,MA,ANE,EN,Towers with Radar,595,137,10,0,742,0,0,0,0,0,595,137,10,0,742,0,0,0,742
01/10/2016,BOS,MA,ANE,EN,Towers with Radar,682,95,15,0,792,0,0,0,4,4,682,95,15,4,796,0,0,0,796
01/11/2016,BOS,MA,ANE,EN,Towers with Radar,804,128,24,0,956,0,45,9,0,54,804,173,33,0,1010,0,0,0,1010
01/12/2016,BOS,MA,ANE,EN,Towers with Radar,794,131,29,0,954,0,35,2,0,37,794,166,31,0,991,0,0,0,991
01/13/2016,BOS,MA,ANE,EN,Towers with Radar,796,120,34,2,952,0,43,0,1,44,796,163,34,3,996,0,0,0,996
01/14/2016,BOS,MA,ANE,EN,Towers with Radar,813,150,23,0,986,0,28,8,1,37,813,178,31,1,1023,0,0,0,1023
01/15/2016,BOS,MA,ANE,EN,Towers with Radar,818,164,32,2,1016,0,18,6,4,28,818,182,38,6,1044,0,0,0,1044
01/16/2016,BOS,MA,ANE,EN,Towers with Radar,579,103,9,0,691,1,0,1,0,2,580,103,10,0,693,0,0,0,693
01/17/2016,BOS,MA,ANE,EN,Towers with Radar,629,92,12,0,733,0,47,4,0,51,629,139,16,0,784,0,0,0,784
01/18/2016,BOS,MA,ANE,EN,Towers with Radar,773,123,24,0,920,0,26,4,0,30,773,149,28,0,950,0,0,0,950
01/19/2016,BOS,MA,ANE,EN,Towers with Radar,791,116,36,0,943,0,39,9,0,48,791,155,45,0,991,0,0,0,991
01/20/2016,BOS,MA,ANE,EN,Towers with Radar,780,114,29,0,923,0,57,5,0,62,780,171,34,0,985,0,0,0,985
01/21/2016,BOS,MA,ANE,EN,Towers with Radar,812,107,21,0,940,0,61,4,1,66,812,168,25,1,1006,0,0,0,1006
01/22/2016,BOS,MA,ANE,EN,Towers with Radar,706,111,30,0,847,0,65,4,0,69,706,176,34,0,916,0,0,0,916
01/23/2016,BOS,MA,ANE,EN,Towers with Radar,397,71,10,0,478,0,1,7,4,12,397,72,17,4,490,0,0,0,490
01/24/2016,BOS,MA,ANE,EN,Towers with Radar,539,83,19,1,642,0,49,6,0,55,539,132,25,1,697,0,0,0,697
01/25/2016,BOS,MA,ANE,EN,Towers with Radar,715,126,39,2,882,0,62,8,0,70,715,188,47,2,952,0,0,0,952
01/26/2016,BOS,MA,ANE,EN,Towers with Radar,780,113,50,0,943,0,49,7,0,56,780,162,57,0,999,0,0,0,999
01/27/2016,BOS,MA,ANE,EN,Towers with Radar,790,131,49,0,970,0,48,4,1,53,790,179,53,1,1023,0,0,0,1023
01/28/2016,BOS,MA,ANE,EN,Towers with Radar,809,116,42,0,967,0,64,8,0,72,809,180,50,0,1039,0,0,0,1039
01/29/2016,BOS,MA,ANE,EN,Towers with Radar,814,174,31,0,1019,0,1,5,0,6,814,175,36,0,1025,0,0,0,1025
01/30/2016,BOS,MA,ANE,EN,Towers with Radar,584,74,12,0,670,0,57,3,0,60,584,131,15,0,730,0,0,0,730
01/31/2016,BOS,MA,ANE,EN,Towers with Radar,678,93,19,0,790,0,70,5,0,75,678,163,24,0,865,0,0,0,865
02/01/2016,BOS,MA,ANE,EN,Towers with Radar,809,111,17,0,937,0,64,6,0,70,809,175,23,0,1007,0,0,0,1007
02/02/2016,BOS,MA,ANE,EN,Towers with Radar,783,116,31,1,931,0,62,9,0,71,783,178,40,1,1002,0,0,0,1002
02/03/2016,BOS,MA,ANE,EN,Towers with Radar,775,139,35,0,949,0,14,0,0,14,775,153,35,0,963,0,0,0,963
02/04/2016,BOS,MA,ANE,EN,Towers with Radar,818,171,36,1,1026,0,11,2,0,13,818,182,38,1,1039,0,0,0,1039
02/05/2016,BOS,MA,ANE,EN,Towers with Radar,561,87,24,0,672,0,0,0,2,2,561,87,24,2,674,0,0,0,674
02/06/2016,BOS,MA,ANE,EN,Towers with Radar,609,65,8,0,682,1,58,2,4,65,610,123,10,4,747,0,0,0,747
02/07/2016,BOS,MA,ANE,EN,Towers with Radar,623,94,14,0,731,0,57,3,4,64,623,151,17,4,795,0,0,0,795
02/08/2016,BOS,MA,ANE,EN,Towers with Radar,511,36,7,0,554,0,0,8,1,9,511,36,15,1,563,0,0,0,563
02/09/2016,BOS,MA,ANE,EN,Towers with Radar,781,170,33,0,984,0,4,10,0,14,781,174,43,0,998,0,0,0,998
02/10/2016,BOS,MA,ANE,EN,Towers with Radar,780,171,34,0,985,0,1,0,1,2,780,172,34,1,987,0,0,0,987
02/11/2016,BOS,MA,ANE,EN,Towers with Radar,818,155,34,0,1007,0,17,7,0,24,818,172,41,0,1031,0,0,0,1031
02/12/2016,BOS,MA,ANE,EN,Towers with Radar,816,112,29,0,957,0,56,7,1,64,816,168,36,1,1021,0,0,0,1021
02/13/2016,BOS,MA,ANE,EN,Towers with Radar,623,89,10,0,722,0,16,2,1,19,623,105,12,1,741,0,0,0,741
02/14/2016,BOS,MA,ANE,EN,Towers with Radar,625,84,17,0,726,0,45,6,0,51,625,129,23,0,777,0,0,0,777
02/15/2016,BOS,MA,ANE,EN,Towers with Radar,714,114,20,0,848,0,43,1,0,44,714,157,21,0,892,0,0,0,892
02/16/2016,BOS,MA,ANE,EN,Towers with Radar,797,106,21,1,925,0,5,0,1,6,797,111,21,2,931,0,0,0,931
02/17/2016,BOS,MA,ANE,EN,Towers with Radar,817,138,31,1,987,0,46,8,0,54,817,184,39,1,1041,0,0,0,1041
02/18/2016,BOS,MA,ANE,EN,Towers with Radar,815,125,25,2,967,0,60,3,1,64,815,185,28,3,1031,0,0,0,1031
02/19/2016,BOS,MA,ANE,EN,Towers with Radar,811,120,18,0,949,0,69,9,1,79,811,189,27,1,1028,0,0,0,1028
02/20/2016,BOS,MA,ANE,EN,Towers with Radar,627,85,12,0,724,0,31,1,5,37,627,116,13,5,761,0,0,0,761
02/21/2016,BOS,MA,ANE,EN,Towers with Radar,693,116,11,0,820,0,41,5,0,46,693,157,16,0,866,0,0,0,866
02/22/2016,BOS,MA,ANE,EN,Towers with Radar,813,96,30,0,939,0,75,11,2,88,813,171,41,2,1027,0,0,0,1027
02/23/2016,BOS,MA,ANE,EN,Towers with Radar,816,147,34,0,997,0,29,3,0,32,816,176,37,0,1029,0,0,0,1029
02/24/2016,BOS,MA,ANE,EN,Towers with Radar,741,137,26,0,904,0,0,0,0,0,741,137,26,0,904,0,0,0,904
02/25/2016,BOS,MA,ANE,EN,Towers with Radar,855,173,27,0,1055,0,7,2,0,9,855,180,29,0,1064,0,0,0,1064
02/26/2016,BOS,MA,ANE,EN,Towers with Radar,822,139,33,0,994,0,67,4,2,73,822,206,37,2,1067,0,0,0,1067
02/27/2016,BOS,MA,ANE,EN,Towers with Radar,633,62,8,0,703,0,59,2,0,61,633,121,10,0,764,0,0,0,764
02/28/2016,BOS,MA,ANE,EN,Towers with Radar,720,95,9,0,824,0,49,6,0,55,720,144,15,0,879,0,0,0,879
02/29/2016,BOS,MA,ANE,EN,Towers with Radar,827,127,36,1,991,0,42,14,2,58,827,169,50,3,1049,0,0,0,1049
03/01/2016,BOS,MA,ANE,EN,Towers with Radar,813,125,34,1,973,0,61,7,3,71,813,186,41,4,1044,0,0,0,1044
03/02/2016,BOS,MA,ANE,EN,Towers with Radar,835,133,48,0,1016,0,19,5,1,25,835,152,53,1,1041,0,0,0,1041
03/03/2016,BOS,MA,ANE,EN,Towers with Radar,849,110,30,0,989,0,64,3,1,68,849,174,33,1,1057,0,0,0,1057
03/04/2016,BOS,MA,ANE,EN,Towers with Radar,817,169,16,0,1002,0,5,0,1,6,817,174,16,1,1008,0,0,0,1008
03/05/2016,BOS,MA,ANE,EN,Towers with Radar,653,68,16,0,737,0,59,2,2,63,653,127,18,2,800,0,0,0,800
03/06/2016,BOS,MA,ANE,EN,Towers with Radar,736,98,15,0,849,0,58,2,0,60,736,156,17,0,909,0,0,0,909
03/07/2016,BOS,MA,ANE,EN,Towers with Radar,837,139,28,0,1004,0,47,7,0,54,837,186,35,0,1058,0,0,0,1058
03/08/2016,BOS,MA,ANE,EN,Towers with Radar,844,161,62,0,1067,0,48,4,0,52,844,209,66,0,1119,0,0,0,1119
03/09/2016,BOS,MA,ANE,EN,Towers with Radar,834,143,54,0,1031,0,48,5,0,53,834,191,59,0,1084,0,0,0,1084
03/10/2016,BOS,MA,ANE,EN,Towers with Radar,853,164,50,0,1067,0,27,2,1,30,853,191,52,1,1097,0,0,0,1097
03/11/2016,BOS,MA,ANE,EN,Towers with Radar,840,179,39,0,1058,0,19,9,1,29,840,198,48,1,1087,0,0,0,1087
03/12/2016,BOS,MA,ANE,EN,Towers with Radar,662,71,12,0,745,0,68,5,1,74,662,139,17,1,819,0,0,0,819
03/13/2016,BOS,MA,ANE,EN,Towers with Radar,751,93,10,0,854,0,71,4,0,75,751,164,14,0,929,0,0,0,929
03/14/2016,BOS,MA,ANE,EN,Towers with Radar,840,157,28,0,1025,0,13,0,0,13,840,170,28,0,1038,0,0,0,1038
03/15/2016,BOS,MA,ANE,EN,Towers with Radar,856,179,28,1,1064,0,0,0,0,0,856,179,28,1,1064,0,0,0,1064
03/16/2016,BOS,MA,ANE,EN,Towers with Radar,849,181,51,0,1081,0,2,5,0,7,849,183,56,0,1088,0,0,0,1088
03/17/2016,BOS,MA,ANE,EN,Towers with Radar,865,155,30,0,1050,0,17,13,1,31,865,172,43,1,1081,0,0,0,1081
03/18/2016,BOS,MA,ANE,EN,Towers with Radar,860,138,25,0,1023,0,36,5,2,43,860,174,30,2,1066,0,0,0,1066
03/19/2016,BOS,MA,ANE,EN,Towers with Radar,664,64,3,0,731,0,69,11,8,88,664,133,14,8,819,0,0,0,819
03/20/2016,BOS,MA,ANE,EN,Towers with Radar,764,116,16,0,896,0,39,4,1,44,764,155,20,1,940,0,0,0,940
03/21/2016,BOS,MA,ANE,EN,Towers with Radar,786,111,24,2,923,0,13,0,0,13,786,124,24,2,936,0,0,0,936
03/22/2016,BOS,MA,ANE,EN,Towers with Radar,866,115,45,0,1026,0,70,1,0,71,866,185,46,0,1097,0,0,0,1097
03/23/2016,BOS,MA,ANE,EN,Towers with Radar,847,144,40,0,1031,0,40,3,1,44,847,184,43,1,1075,0,0,0,1075
03/24/2016,BOS,MA,ANE,EN,Towers with Radar,844,177,32,2,1055,0,12,6,0,18,844,189,38,2,1073,0,0,0,1073
03/25/2016,BOS,MA,ANE,EN,Towers with Radar,844,171,14,0,1029,0,0,0,0,0,844,171,14,0,1029,0,0,0,1029
03/26/2016,BOS,MA,ANE,EN,Towers with Radar,662,115,7,0,784,0,19,4,0,23,662,134,11,0,807,0,0,0,807
03/27/2016,BOS,MA,ANE,EN,Towers with Radar,767,131,12,0,910,0,25,4,2,31,767,156,16,2,941,0,0,0,941
03/28/2016,BOS,MA,ANE,EN,Towers with Radar,851,170,27,1,1049,0,0,0,0,0,851,170,27,1,1049,0,0,0,1049
03/29/2016,BOS,MA,ANE,EN,Towers with Radar,856,153,27,0,1036,0,40,5,1,46,856,193,32,1,1082,0,0,0,1082
03/30/2016,BOS,MA,ANE,EN,Towers with Radar,847,131,52,0,1030,0,75,8,1,84,847,206,60,1,1114,0,0,0,1114
03/31/2016,BOS,MA,ANE,EN,Towers with Radar,885,122,46,0,1053,0,58,9,1,68,885,180,55,1,1121,0,0,0,1121
04/01/2016,BOS,MA,ANE,EN,Towers with Radar,859,159,33,4,1055,0,0,0,0,0,859,159,33,4,1055,0,0,0,1055
04/02/2016,BOS,MA,ANE,EN,Towers with Radar,668,126,17,0,811,0,11,0,0,11,668,137,17,0,822,0,0,0,822
04/03/2016,BOS,MA,ANE,EN,Towers with Radar,733,123,24,0,880,0,16,0,0,16,733,139,24,0,896,0,0,0,896
04/04/2016,BOS,MA,ANE,EN,Towers with Radar,710,114,25,1,850,0,0,0,0,0,710,114,25,1,850,0,0,0,850
04/05/2016,BOS,MA,ANE,EN,Towers with Radar,931,119,29,0,1079,0,63,3,0,66,931,182,32,0,1145,0,0,0,1145
04/06/2016,BOS,MA,ANE,EN,Towers with Radar,864,130,37,0,1031,0,75,35,2,112,864,205,72,2,1143,0,0,0,1143
04/07/2016,BOS,MA,ANE,EN,Towers with Radar,860,154,46,0,1060,0,6,0,0,6,860,160,46,0,1066,0,0,0,1066
04/08/2016,BOS,MA,ANE,EN,Towers with Radar,885,179,35,0,1099,0,25,0,7,32,885,204,35,7,1131,0,0,0,1131
04/09/2016,BOS,MA,ANE,EN,Towers with Radar,689,81,6,0,776,0,54,1,1,56,689,135,7,1,832,0,0,0,832
04/10/2016,BOS,MA,ANE,EN,Towers with Radar,785,105,25,0,915,0,65,9,6,80,785,170,34,6,995,0,0,0,995
04/11/2016,BOS,MA,ANE,EN,Towers with Radar,871,173,46,0,1090,0,33,12,0,45,871,206,58,0,1135,0,0,0,1135
04/12/2016,BOS,MA,ANE,EN,Towers with Radar,886,182,40,1,1109,0,6,4,0,10,886,188,44,1,1119,0,0,0,1119
04/13/2016,BOS,MA,ANE,EN,Towers with Radar,872,129,40,1,1042,0,77,14,1,92,872,206,54,2,1134,0,0,0,1134
04/14/2016,BOS,MA,ANE,EN,Towers with Radar,908,148,42,0,1098,0,72,19,0,91,908,220,61,0,1189,0,0,0,1189
04/15/2016,BOS,MA,ANE,EN,Towers with Radar,890,134,30,2,1056,0,77,13,4,94,890,211,43,6,1150,0,0,0,1150
04/16/2016,BOS,MA,ANE,EN,Towers with Radar,733,86,22,0,841,0,53,11,2,66,733,139,33,2,907,0,0,0,907
04/17/2016,BOS,MA,ANE,EN,Towers with Radar,793,84,19,0,896,0,75,11,2,88,793,159,30,2,984,0,0,0,984
04/18/2016,BOS,MA,ANE,EN,Towers with Radar,891,122,21,0,1034,0,74,40,2,116,891,196,61,2,1150,0,0,0,1150
04/19/2016,BOS,MA,ANE,EN,Towers with Radar,900,171,44,2,1117,0,18,6,0,24,900,189,50,2,1141,0,0,0,1141
04/20/2016,BOS,MA,ANE,EN,Towers with Radar,900,121,29,0,1050,0,69,11,1,81,900,190,40,1,1131,0,0,0,1131
04/21/2016,BOS,MA,ANE,EN,Towers with Radar,915,145,32,1,1093,0,82,10,2,94,915,227,42,3,1187,0,0,0,1187
04/22/2016,BOS,MA,ANE,EN,Towers with Radar,908,156,32,0,1096,0,42,0,1,43,908,198,32,1,1139,0,0,0,1139
04/23/2016,BOS,MA,ANE,EN,Towers with Radar,735,127,14,0,876,0,12,0,2,14,735,139,14,2,890,0,0,0,890
04/24/2016,BOS,MA,ANE,EN,Towers with Radar,810,120,34,0,964,0,73,12,0,85,810,193,46,0,1049,0,0,0,1049
04/25/2016,BOS,MA,ANE,EN,Towers with Radar,897,128,34,0,1059,0,67,7,0,74,897,195,41,0,1133,0,0,0,1133
04/26/2016,BOS,MA,ANE,EN,Towers with Radar,894,182,42,1,1119,0,8,1,0,9,894,190,43,1,1128,0,0,0,1128
04/27/2016,BOS,MA,ANE,EN,Towers with Radar,910,146,34,0,1090,0,76,14,2,92,910,222,48,2,1182,0,0,0,1182
04/28/2016,BOS,MA,ANE,EN,Towers with Radar,917,113,40,1,1071,0,77,7,0,84,917,190,47,1,1155,0,0,0,1155
04/29/2016,BOS,MA,ANE,EN,Towers with Radar,904,137,32,0,1073,0,72,11,2,85,904,209,43,2,1158,0,0,0,1158
04/30/2016,BOS,MA,ANE,EN,Towers with Radar,721,67,10,1,799,0,69,2,0,71,721,136,12,1,870,0,0,0,870
05/01/2016,BOS,MA,ANE,EN,Towers with Radar,796,140,17,1,954,0,49,1,1,51,796,189,18,2,1005,0,0,0,1005
05/02/2016,BOS,MA,ANE,EN,Towers with Radar,893,198,34,0,1125,0,0,0,0,0,893,198,34,0,1125,0,0,0,1125
05/03/2016,BOS,MA,ANE,EN,Towers with Radar,915,186,49,3,1153,0,1,2,3,6,915,187,51,6,1159,0,0,0,1159
05/04/2016,BOS,MA,ANE,EN,Towers with Radar,867,196,62,0,1125,0,1,2,0,3,867,197,64,0,1128,0,0,0,1128
05/05/2016,BOS,MA,ANE,EN,Towers with Radar,916,207,56,0,1179,0,0,1,0,1,916,207,57,0,1180,0,0,0,1180
05/06/2016,BOS,MA,ANE,EN,Towers with Radar,914,215,53,0,1182,0,6,5,0,11,914,221,58,0,1193,0,0,0,1193
05/07/2016,BOS,MA,ANE,EN,Towers with Radar,721,150,33,0,904,0,0,0,0,0,721,150,33,0,904,0,0,0,904
05/08/2016,BOS,MA,ANE,EN,Towers with Radar,803,159,24,0,986,0,13,0,0,13,803,172,24,0,999,0,0,0,999
05/09/2016,BOS,MA,ANE,EN,Towers with Radar,912,149,52,0,1113,0,71,7,1,79,912,220,59,1,1192,0,0,0,1192
05/10/2016,BOS,MA,ANE,EN,Towers with Radar,913,131,53,0,1097,0,79,25,0,104,913,210,78,0,1201,0,0,0,1201
05/11/2016,BOS,MA,ANE,EN,Towers with Radar,906,108,53,0,1067,0,90,21,1,112,906,198,74,1,1179,0,0,0,1179
05/12/2016,BOS,MA,ANE,EN,Towers with Radar,934,117,43,0,1094,0,107,16,1,124,934,224,59,1,1218,0,0,0,1218
05/13/2016,BOS,MA,ANE,EN,Towers with Radar,932,231,45,2,1210,0,10,5,0,15,932,241,50,2,1225,0,0,0,1225
05/14/2016,BOS,MA,ANE,EN,Towers with Radar,726,70,8,0,804,0,68,4,1,73,726,138,12,1,877,0,0,0,877
05/15/2016,BOS,MA,ANE,EN,Towers with Radar,848,148,30,0,1026,0,49,1,0,50,848,197,31,0,1076,0,0,0,1076
05/16/2016,BOS,MA,ANE,EN,Towers with Radar,920,150,41,0,1111,0,62,4,0,66,920,212,45,0,1177,0,0,0,1177
05/17/2016,BOS,MA,ANE,EN,Towers with Radar,925,161,65,0,1151,0,74,13,0,87,925,235,78,0,1238,0,0,0,1238
05/18/2016,BOS,MA,ANE,EN,Towers with Radar,907,137,48,0,1092,0,104,5,0,109,907,241,53,0,1201,0,0,0,1201
05/19/2016,BOS,MA,ANE,EN,Towers with Radar,953,153,30,0,1136,0,86,11,1,98,953,239,41,1,1234,0,0,0,1234
05/20/2016,BOS,MA,ANE,EN,Towers with Radar,940,127,39,0,1106,0,113,13,0,126,940,240,52,0,1232,0,0,0,1232
05/21/2016,BOS,MA,ANE,EN,Towers with Radar,720,68,8,0,796,0,74,6,1,81,720,142,14,1,877,0,0,0,877
05/22/2016,BOS,MA,ANE,EN,Towers with Radar,842,203,26,0,1071,0,32,5,1,38,842,235,31,1,1109,0,0,0,1109
05/23/2016,BOS,MA,ANE,EN,Towers with Radar,918,131,61,0,1110,0,86,8,0,94,918,217,69,0,1204,0,0,0,1204
05/24/2016,BOS,MA,ANE,EN,Towers with Radar,932,213,60,1,1206,0,0,0,0,0,932,213,60,1,1206,0,0,0,1206
05/25/2016,BOS,MA,ANE,EN,Towers with Radar,928,169,50,1,1148,0,56,6,1,63,928,225,56,2,1211,0,0,0,1211
05/26/2016,BOS,MA,ANE,EN,Towers with Radar,967,138,45,2,1152,0,105,17,0,122,967,243,62,2,1274,0,0,0,1274
05/27/2016,BOS,MA,ANE,EN,Towers with Radar,958,185,23,1,1167,0,96,23,3,122,958,281,46,4,1289,0,0,0,1289
05/28/2016,BOS,MA,ANE,EN,Towers with Radar,724,79,14,0,817,0,76,11,0,87,724,155,25,0,904,0,0,0,904
05/29/2016,BOS,MA,ANE,EN,Towers with Radar,735,148,13,0,896,0,0,1,0,1,735,148,14,0,897,0,0,0,897
05/30/2016,BOS,MA,ANE,EN,Towers with Radar,861,199,21,0,1081,0,7,0,0,7,861,206,21,0,1088,0,0,0,1088
05/31/2016,BOS,MA,ANE,EN,Towers with Radar,911,164,47,0,1122,0,65,1,1,67,911,229,48,1,1189,0,0,0,1189
06/01/2016,BOS,MA,ANE,EN,Towers with Radar,945,163,65,0,1173,0,81,16,0,97,945,244,81,0,1270,0,0,0,1270
06/02/2016,BOS,MA,ANE,EN,Towers with Radar,956,242,45,0,1243,0,0,2,0,2,956,242,47,0,1245,0,0,0,1245
06/03/2016,BOS,MA,ANE,EN,Towers with Radar,950,249,30,0,1229,0,8,10,0,18,950,257,40,0,1247,0,0,0,1247
06/04/2016,BOS,MA,ANE,EN,Towers with Radar,732,148,15,0,895,0,24,2,0,26,732,172,17,0,921,0,0,0,921
06/05/2016,BOS,MA,ANE,EN,Towers with Radar,838,175,15,2,1030,0,0,0,0,0,838,175,15,2,1030,0,0,0,1030
06/06/2016,BOS,MA,ANE,EN,Towers with Radar,966,180,25,0,1171,0,47,7,0,54,966,227,32,0,1225,0,0,0,1225
06/07/2016,BOS,MA,ANE,EN,Towers with Radar,945,178,31,0,1154,0,40,4,1,45,945,218,35,1,1199,0,0,0,1199
06/08/2016,BOS,MA,ANE,EN,Towers with Radar,953,170,34,0,1157,0,70,8,1,79,953,240,42,1,1236,0,0,0,1236
06/09/2016,BOS,MA,ANE,EN,Towers with Radar,961,191,47,1,1200,0,55,13,0,68,961,246,60,1,1268,0,0,0,1268
06/10/2016,BOS,MA,ANE,EN,Towers with Radar,958,160,28,1,1147,0,120,20,1,141,958,280,48,2,1288,0,0,0,1288
06/11/2016,BOS,MA,ANE,EN,Towers with Radar,777,110,8,0,895,0,43,1,0,44,777,153,9,0,939,0,0,0,939
06/12/2016,BOS,MA,ANE,EN,Towers with Radar,869,152,38,0,1059,0,99,6,0,105,869,251,44,0,1164,0,0,0,1164
06/13/2016,BOS,MA,ANE,EN,Towers with Radar,948,170,43,1,1162,0,63,14,0,77,948,233,57,1,1239,0,0,0,1239
06/14/2016,BOS,MA,ANE,EN,Towers with Radar,952,153,61,0,1166,0,93,9,0,102,952,246,70,0,1268,0,0,0,1268
06/15/2016,BOS,MA,ANE,EN,Towers with Radar,971,158,45,1,1175,0,98,14,1,113,971,256,59,2,1288,0,0,0,1288
06/16/2016,BOS,MA,ANE,EN,Towers with Radar,960,151,58,0,1169,0,98,12,0,110,960,249,70,0,1279,0,0,0,1279
06/17/2016,BOS,MA,ANE,EN,Towers with Radar,968,133,35,0,1136,0,144,16,0,160,968,277,51,0,1296,0,0,0,1296
06/18/2016,BOS,MA,ANE,EN,Towers with Radar,791,78,13,1,883,0,92,14,2,108,791,170,27,3,991,0,0,0,991
06/19/2016,BOS,MA,ANE,EN,Towers with Radar,895,105,11,0,1011,0,139,6,0,145,895,244,17,0,1156,0,0,0,1156
06/20/2016,BOS,MA,ANE,EN,Towers with Radar,961,144,26,1,1132,0,104,7,0,111,961,248,33,1,1243,0,0,0,1243
06/21/2016,BOS,MA,ANE,EN,Towers with Radar,938,169,50,0,1157,0,70,16,0,86,938,239,66,0,1243,0,0,0,1243
06/22/2016,BOS,MA,ANE,EN,Towers with Radar,959,153,43,0,1155,0,80,9,0,89,959,233,52,0,1244,0,0,0,1244
06/23/2016,BOS,MA,ANE,EN,Towers with Radar,937,154,34,0,1125,0,96,14,2,112,937,250,48,2,1237,0,0,0,1237
06/24/2016,BOS,MA,ANE,EN,Towers with Radar,980,144,44,0,1168,0,172,16,0,188,980,316,60,0,1356,0,0,0,1356
06/25/2016,BOS,MA,ANE,EN,Towers with Radar,788,84,17,0,889,0,134,6,3,143,788,218,23,3,1032,0,0,0,1032
06/26/2016,BOS,MA,ANE,EN,Towers with Radar,886,106,25,0,1017,1,179,9,0,189,887,285,34,0,1206,0,0,0,1206
06/27/2016,BOS,MA,ANE,EN,Towers with Radar,959,137,31,0,1127,0,152,11,0,163,959,289,42,0,1290,0,0,0,1290
06/28/2016,BOS,MA,ANE,EN,Towers with Radar,933,225,36,1,1195,0,16,2,1,19,933,241,38,2,1214,0,0,0,1214
06/29/2016,BOS,MA,ANE,EN,Towers with Radar,965,216,49,0,1230,0,15,10,1,26,965,231,59,1,1256,0,0,0,1256
06/30/2016,BOS,MA,ANE,EN,Towers with Radar,985,132,38,0,1155,0,143,28,2,173,985,275,66,2,1328,0,0,0,1328
07/01/2016,BOS,MA,ANE,EN,Towers with Radar,893,192,20,0,1105,0,118,7,2,127,893,310,27,2,1232,0,0,0,1232
07/02/2016,BOS,MA,ANE,EN,Towers with Radar,805,118,17,0,940,0,125,2,0,127,805,243,19,0,1067,0,0,0,1067
07/03/2016,BOS,MA,ANE,EN,Towers with Radar,744,82,15,0,841,0,122,28,0,150,744,204,43,0,991,0,0,0,991
07/04/2016,BOS,MA,ANE,EN,Towers with Radar,773,114,10,1,898,0,137,30,1,168,773,251,40,2,1066,0,0,0,1066
07/05/2016,BOS,MA,ANE,EN,Towers with Radar,927,233,29,0,1189,0,23,2,2,27,927,256,31,2,1216,0,0,0,1216
07/06/2016,BOS,MA,ANE,EN,Towers with Radar,952,130,27,0,1109,0,140,21,0,161,952,270,48,0,1270,0,0,0,1270
07/07/2016,BOS,MA,ANE,EN,Towers with Radar,972,258,28,0,1258,0,15,11,0,26,972,273,39,0,1284,0,0,0,1284
07/08/2016,BOS,MA,ANE,EN,Towers with Radar,942,246,18,1,1207,0,3,1,3,7,942,249,19,4,1214,0,0,0,1214
07/09/2016,BOS,MA,ANE,EN,Towers with Radar,798,228,26,2,1054,0,2,3,1,6,798,230,29,3,1060,0,0,0,1060
07/10/2016,BOS,MA,ANE,EN,Towers with Radar,878,256,28,0,1162,0,3,1,0,4,878,259,29,0,1166,0,0,0,1166
07/11/2016,BOS,MA,ANE,EN,Towers with Radar,972,215,43,0,1230,0,52,13,0,65,972,267,56,0,1295,0,0,0,1295
07/12/2016,BOS,MA,ANE,EN,Towers with Radar,973,136,37,0,1146,0,114,15,0,129,973,250,52,0,1275,0,0,0,1275
07/13/2016,BOS,MA,ANE,EN,Towers with Radar,930,156,62,0,1148,0,119,22,0,141,930,275,84,0,1289,0,0,0,1289
07/14/2016,BOS,MA,ANE,EN,Towers with Radar,982,235,40,0,1257,0,47,0,0,47,982,282,40,0,1304,0,0,0,1304
07/15/2016,BOS,MA,ANE,EN,Towers with Radar,984,165,26,0,1175,0,139,26,1,166,984,304,52,1,1341,0,0,0,1341
07/16/2016,BOS,MA,ANE,EN,Towers with Radar,779,87,15,0,881,0,144,13,1,158,779,231,28,1,1039,0,0,0,1039
07/17/2016,BOS,MA,ANE,EN,Towers with Radar,882,255,32,0,1169,0,31,9,0,40,882,286,41,0,1209,0,0,0,1209
07/18/2016,BOS,MA,ANE,EN,Towers with Radar,932,164,43,0,1139,0,89,9,0,98,932,253,52,0,1237,0,0,0,1237
07/19/2016,BOS,MA,ANE,EN,Towers with Radar,961,158,48,0,1167,0,99,17,2,118,961,257,65,2,1285,0,0,0,1285
07/20/2016,BOS,MA,ANE,EN,Towers with Radar,951,163,54,0,1168,0,120,9,0,129,951,283,63,0,1297,0,0,0,1297
07/21/2016,BOS,MA,ANE,EN,Towers with Radar,951,134,56,0,1141,0,170,17,0,187,951,304,73,0,1328,0,0,0,1328
07/22/2016,BOS,MA,ANE,EN,Towers with Radar,954,142,41,1,1138,0,142,19,0,161,954,284,60,1,1299,0,0,0,1299
07/23/2016,BOS,MA,ANE,EN,Towers with Radar,763,76,16,0,855,0,150,16,0,166,763,226,32,0,1021,0,0,0,1021
07/24/2016,BOS,MA,ANE,EN,Towers with Radar,900,131,39,0,1070,0,167,17,2,186,900,298,56,2,1256,0,0,0,1256
07/25/2016,BOS,MA,ANE,EN,Towers with Radar,902,128,22,0,1052,0,146,10,0,156,902,274,32,0,1208,0,0,0,1208
07/26/2016,BOS,MA,ANE,EN,Towers with Radar,992,155,33,0,1180,0,101,17,1,119,992,256,50,1,1299,0,0,0,1299
07/27/2016,BOS,MA,ANE,EN,Towers with Radar,953,154,37,0,1144,0,128,17,1,146,953,282,54,1,1290,0,0,0,1290
07/28/2016,BOS,MA,ANE,EN,Towers with Radar,913,160,50,0,1123,0,139,11,1,151,913,299,61,1,1274,0,0,0,1274
07/29/2016,BOS,MA,ANE,EN,Towers with Radar,962,259,36,0,1257,0,27,4,0,31,962,286,40,0,1288,0,0,0,1288
07/30/2016,BOS,MA,ANE,EN,Towers with Radar,751,105,8,0,864,0,112,7,0,119,751,217,15,0,983,0,0,0,983
07/31/2016,BOS,MA,ANE,EN,Towers with Radar,855,238,24,0,1117,0,3,2,1,6,855,241,26,1,1123,0,0,0,1123
08/01/2016,BOS,MA,ANE,EN,Towers with Radar,965,255,39,0,1259,0,14,1,0,15,965,269,40,0,1274,0,0,0,1274
08/02/2016,BOS,MA,ANE,EN,Towers with Radar,949,206,29,0,1184,0,32,10,0,42,949,238,39,0,1226,0,0,0,1226
08/03/2016,BOS,MA,ANE,EN,Towers with Radar,968,129,47,0,1144,0,106,11,1,118,968,235,58,1,1262,0,0,0,1262
08/04/2016,BOS,MA,ANE,EN,Towers with Radar,978,141,29,0,1148,0,180,12,2,194,978,321,41,2,1342,0,0,0,1342
08/05/2016,BOS,MA,ANE,EN,Towers with Radar,972,129,38,2,1141,0,166,14,1,181,972,295,52,3,1322,0,0,0,1322
08/06/2016,BOS,MA,ANE,EN,Towers with Radar,782,190,21,0,993,0,63,11,0,74,782,253,32,0,1067,0,0,0,1067
08/07/2016,BOS,MA,ANE,EN,Towers with Radar,875,180,24,1,1080,0,137,13,1,151,875,317,37,2,1231,0,0,0,1231
08/08/2016,BOS,MA,ANE,EN,Towers with Radar,926,187,30,0,1143,0,126,19,1,146,926,313,49,1,1289,0,0,0,1289
08/09/2016,BOS,MA,ANE,EN,Towers with Radar,951,176,70,2,1199,0,99,19,2,120,951,275,89,4,1319,0,0,0,1319
08/10/2016,BOS,MA,ANE,EN,Towers with Radar,935,231,61,1,1228,0,21,8,1,30,935,252,69,2,1258,0,0,0,1258
08/11/2016,BOS,MA,ANE,EN,Towers with Radar,960,225,38,4,1227,0,89,10,1,100,960,314,48,5,1327,0,0,0,1327
08/12/2016,BOS,MA,ANE,EN,Towers with Radar,945,223,34,2,1204,0,83,12,2,97,945,306,46,4,1301,0,0,0,1301
08/13/2016,BOS,MA,ANE,EN,Towers with Radar,770,239,17,3,1029,0,3,1,0,4,770,242,18,3,1033,0,0,0,1033
08/14/2016,BOS,MA,ANE,EN,Towers with Radar,876,197,19,0,1092,0,82,10,0,92,876,279,29,0,1184,0,0,0,1184
08/15/2016,BOS,MA,ANE,EN,Towers with Radar,946,153,23,0,1122,0,117,19,0,136,946,270,42,0,1258,0,0,0,1258
08/16/2016,BOS,MA,ANE,EN,Towers with Radar,937,202,32,0,1171,0,60,9,0,69,937,262,41,0,1240,0,0,0,1240
08/17/2016,BOS,MA,ANE,EN,Towers with Radar,952,184,40,0,1176,0,77,8,0,85,952,261,48,0,1261,0,0,0,1261
08/18/2016,BOS,MA,ANE,EN,Towers with Radar,941,198,26,2,1167,0,132,18,0,150,941,330,44,2,1317,0,0,0,1317
08/19/2016,BOS,MA,ANE,EN,Towers with Radar,946,165,20,1,1132,0,143,13,1,157,946,308,33,2,1289,0,0,0,1289
08/20/2016,BOS,MA,ANE,EN,Towers with Radar,738,141,10,1,890,0,108,8,2,118,738,249,18,3,1008,0,0,0,1008
08/21/2016,BOS,MA,ANE,EN,Towers with Radar,850,214,24,0,1088,0,90,7,0,97,850,304,31,0,1185,0,0,0,1185
08/22/2016,BOS,MA,ANE,EN,Towers with Radar,952,196,37,1,1186,0,105,18,2,125,952,301,55,3,1311,0,0,0,1311
08/23/2016,BOS,MA,ANE,EN,Towers with Radar,918,146,24,0,1088,0,122,12,4,138,918,268,36,4,1226,0,0,0,1226
08/24/2016,BOS,MA,ANE,EN,Towers with Radar,906,154,28,11,1099,0,127,5,1,133,906,281,33,12,1232,0,0,0,1232
08/25/2016,BOS,MA,ANE,EN,Towers with Radar,934,168,41,4,1147,0,157,17,0,174,934,325,58,4,1321,0,0,0,1321
08/26/2016,BOS,MA,ANE,EN,Towers with Radar,919,263,40,1,1223,0,49,11,1,61,919,312,51,2,1284,0,0,0,1284
08/27/2016,BOS,MA,ANE,EN,Towers with Radar,717,81,13,1,812,0,156,10,1,167,717,237,23,2,979,0,0,0,979
08/28/2016,BOS,MA,ANE,EN,Towers with Radar,834,122,31,0,987,0,173,15,3,191,834,295,46,3,1178,0,0,0,1178
08/29/2016,BOS,MA,ANE,EN,Towers with Radar,933,149,24,2,1108,0,142,15,0,157,933,291,39,2,1265,0,0,0,1265
08/30/2016,BOS,MA,ANE,EN,Towers with Radar,905,135,32,0,1072,0,117,14,0,131,905,252,46,0,1203,0,0,0,1203
08/31/2016,BOS,MA,ANE,EN,Towers with Radar,905,198,54,0,1157,0,98,8,0,106,905,296,62,0,1263,0,0,0,1263
09/01/2016,BOS,MA,ANE,EN,Towers with Radar,921,245,34,0,1200,0,67,14,0,81,921,312,48,0,1281,0,0,0,1281
09/02/2016,BOS,MA,ANE,EN,Towers with Radar,924,174,19,0,1117,0,140,36,1,177,924,314,55,1,1294,0,0,0,1294
09/03/2016,BOS,MA,ANE,EN,Towers with Radar,675,101,12,0,788,0,124,14,0,138,675,225,26,0,926,0,0,0,926
09/04/2016,BOS,MA,ANE,EN,Towers with Radar,666,115,22,0,803,0,113,7,1,121,666,228,29,1,924,0,0,0,924
09/05/2016,BOS,MA,ANE,EN,Towers with Radar,823,176,22,0,1021,0,58,8,0,66,823,234,30,0,1087,0,0,0,1087
09/06/2016,BOS,MA,ANE,EN,Towers with Radar,860,243,66,3,1172,0,0,0,0,0,860,243,66,3,1172,0,0,0,1172
09/07/2016,BOS,MA,ANE,EN,Towers with Radar,872,274,71,0,1217,0,7,6,1,14,872,281,77,1,1231,0,0,0,1231
09/08/2016,BOS,MA,ANE,EN,Towers with Radar,894,310,64,2,1270,0,10,5,1,16,894,320,69,3,1286,0,0,0,1286
09/09/2016,BOS,MA,ANE,EN,Towers with Radar,883,216,60,0,1159,0,140,11,0,151,883,356,71,0,1310,0,0,0,1310
09/10/2016,BOS,MA,ANE,EN,Towers with Radar,676,118,21,0,815,0,102,3,0,105,676,220,24,0,920,0,0,0,920
09/11/2016,BOS,MA,ANE,EN,Towers with Radar,816,196,30,0,1042,0,90,0,1,91,816,286,30,1,1133,0,0,0,1133
09/12/2016,BOS,MA,ANE,EN,Towers with Radar,879,165,52,1,1097,0,138,9,0,147,879,303,61,1,1244,0,0,0,1244
09/13/2016,BOS,MA,ANE,EN,Towers with Radar,876,146,69,2,1093,0,120,24,0,144,876,266,93,2,1237,0,0,0,1237
09/14/2016,BOS,MA,ANE,EN,Towers with Radar,863,197,72,2,1134,0,103,20,0,123,863,300,92,2,1257,0,0,0,1257
09/15/2016,BOS,MA,ANE,EN,Towers with Radar,911,240,56,0,1207,0,108,11,0,119,911,348,67,0,1326,0,0,0,1326
09/16/2016,BOS,MA,ANE,EN,Towers with Radar,903,154,49,1,1107,0,154,19,0,173,903,308,68,1,1280,0,0,0,1280
09/17/2016,BOS,MA,ANE,EN,Towers with Radar,690,96,26,0,812,0,125,4,1,130,690,221,30,1,942,0,0,0,942
09/18/2016,BOS,MA,ANE,EN,Towers with Radar,815,236,29,1,1081,0,25,3,1,29,815,261,32,2,1110,0,0,0,1110
09/19/2016,BOS,MA,ANE,EN,Towers with Radar,888,256,47,1,1192,0,1,0,0,1,888,257,47,1,1193,0,0,0,1193
09/20/2016,BOS,MA,ANE,EN,Towers with Radar,902,227,46,0,1175,0,15,1,0,16,902,242,47,0,1191,0,0,0,1191
09/21/2016,BOS,MA,ANE,EN,Towers with Radar,873,191,50,2,1116,0,67,18,0,85,873,258,68,2,1201,0,0,0,1201
09/22/2016,BOS,MA,ANE,EN,Towers with Radar,924,206,39,2,1171,0,107,14,0,121,924,313,53,2,1292,0,0,0,1292
09/23/2016,BOS,MA,ANE,EN,Towers with Radar,914,238,38,2,1192,0,74,4,0,78,914,312,42,2,1270,0,0,0,1270
09/24/2016,BOS,MA,ANE,EN,Towers with Radar,688,126,6,2,822,0,60,5,0,65,688,186,11,2,887,0,0,0,887
09/25/2016,BOS,MA,ANE,EN,Towers with Radar,816,177,19,1,1013,0,99,10,0,109,816,276,29,1,1122,0,0,0,1122
09/26/2016,BOS,MA,ANE,EN,Towers with Radar,903,148,26,0,1077,0,100,19,0,119,903,248,45,0,1196,0,0,0,1196
09/27/2016,BOS,MA,ANE,EN,Towers with Radar,889,225,50,1,1165,0,7,5,1,13,889,232,55,2,1178,0,0,0,1178
09/28/2016,BOS,MA,ANE,EN,Towers with Radar,867,236,45,0,1148,0,1,4,0,5,867,237,49,0,1153,0,0,0,1153
09/29/2016,BOS,MA,ANE,EN,Towers with Radar,905,271,41,0,1217,0,14,10,1,25,905,285,51,1,1242,0,0,0,1242
09/30/2016,BOS,MA,ANE,EN,Towers with Radar,908,254,28,0,1190,0,10,3,0,13,908,264,31,0,1203,0,0,0,1203
10/01/2016,BOS,MA,ANE,EN,Towers with Radar,688,160,17,4,869,0,0,0,0,0,688,160,17,4,869,0,0,0,869
10/02/2016,BOS,MA,ANE,EN,Towers with Radar,817,232,43,0,1092,0,0,0,0,0,817,232,43,0,1092,0,0,0,1092
10/03/2016,BOS,MA,ANE,EN,Towers with Radar,888,224,45,0,1157,0,25,4,1,30,888,249,49,1,1187,0,0,0,1187
10/04/2016,BOS,MA,ANE,EN,Towers with Radar,895,220,55,4,1174,0,13,2,2,17,895,233,57,6,1191,0,0,0,1191
10/05/2016,BOS,MA,ANE,EN,Towers with Radar,890,220,81,4,1195,0,33,21,2,56,890,253,102,6,1251,0,0,0,1251
10/06/2016,BOS,MA,ANE,EN,Towers with Radar,900,208,50,2,1160,0,66,13,0,79,900,274,63,2,1239,0,0,0,1239
10/07/2016,BOS,MA,ANE,EN,Towers with Radar,868,208,45,0,1121,0,93,21,0,114,868,301,66,0,1235,0,0,0,1235
10/08/2016,BOS,MA,ANE,EN,Towers with Radar,691,123,9,3,826,0,36,7,0,43,691,159,16,3,869,0,0,0,869
10/09/2016,BOS,MA,ANE,EN,Towers with Radar,766,167,20,2,955,0,1,0,0,1,766,168,20,2,956,0,0,0,956
10/10/2016,BOS,MA,ANE,EN,Towers with Radar,948,148,40,0,1136,0,93,11,0,104,948,241,51,0,1240,0,0,0,1240
10/11/2016,BOS,MA,ANE,EN,Towers with Radar,898,151,43,0,1092,0,74,11,0,85,898,225,54,0,1177,0,0,0,1177
10/12/2016,BOS,MA,ANE,EN,Towers with Radar,886,126,29,0,1041,0,76,7,1,84,886,202,36,1,1125,0,0,0,1125
10/13/2016,BOS,MA,ANE,EN,Towers with Radar,909,256,41,0,1206,0,22,10,0,32,909,278,51,0,1238,0,0,0,1238
10/14/2016,BOS,MA,ANE,EN,Towers with Radar,905,181,33,0,1119,0,86,8,1,95,905,267,41,1,1214,0,0,0,1214
10/15/2016,BOS,MA,ANE,EN,Towers with Radar,687,98,14,0,799,0,61,5,0,66,687,159,19,0,865,0,0,0,865
10/16/2016,BOS,MA,ANE,EN,Towers with Radar,820,158,24,0,1002,0,65,8,0,73,820,223,32,0,1075,0,0,0,1075
10/17/2016,BOS,MA,ANE,EN,Towers with Radar,887,151,37,0,1075,0,55,14,1,70,887,206,51,1,1145,0,0,0,1145
10/18/2016,BOS,MA,ANE,EN,Towers with Radar,900,202,58,2,1162,0,4,6,0,10,900,206,64,2,1172,0,0,0,1172
10/19/2016,BOS,MA,ANE,EN,Towers with Radar,890,166,64,2,1122,0,43,10,0,53,890,209,74,2,1175,0,0,0,1175
10/20/2016,BOS,MA,ANE,EN,Towers with Radar,912,190,60,0,1162,0,37,10,0,47,912,227,70,0,1209,0,0,0,1209
10/21/2016,BOS,MA,ANE,EN,Towers with Radar,897,204,37,0,1138,0,6,0,0,6,897,210,37,0,1144,0,0,0,1144
10/22/2016,BOS,MA,ANE,EN,Towers with Radar,702,136,14,0,852,0,1,0,0,1,702,137,14,0,853,0,0,0,853
10/23/2016,BOS,MA,ANE,EN,Towers with Radar,816,167,43,0,1026,0,53,6,0,59,816,220,49,0,1085,0,0,0,1085
10/24/2016,BOS,MA,ANE,EN,Towers with Radar,892,144,38,2,1076,0,63,11,0,74,892,207,49,2,1150,0,0,0,1150
10/25/2016,BOS,MA,ANE,EN,Towers with Radar,868,159,46,0,1073,0,44,13,0,57,868,203,59,0,1130,0,0,0,1130
10/26/2016,BOS,MA,ANE,EN,Towers with Radar,876,177,53,1,1107,0,61,12,1,74,876,238,65,2,1181,0,0,0,1181
10/27/2016,BOS,MA,ANE,EN,Towers with Radar,897,210,64,2,1173,0,20,6,0,26,897,230,70,2,1199,0,0,0,1199
10/28/2016,BOS,MA,ANE,EN,Towers with Radar,891,205,55,1,1152,0,1,7,0,8,891,206,62,1,1160,0,0,0,1160
10/29/2016,BOS,MA,ANE,EN,Towers with Radar,674,109,9,0,792,0,25,6,0,31,674,134,15,0,823,0,0,0,823
10/30/2016,BOS,MA,ANE,EN,Towers with Radar,774,134,30,0,938,0,43,1,0,44,774,177,31,0,982,0,0,0,982
10/31/2016,BOS,MA,ANE,EN,Towers with Radar,824,160,32,0,1016,0,37,24,0,61,824,197,56,0,1077,0,0,0,1077
11/01/2016,BOS,MA,ANE,EN,Towers with Radar,861,136,41,0,1038,0,65,7,0,72,861,201,48,0,1110,0,0,0,1110
11/02/2016,BOS,MA,ANE,EN,Towers with Radar,860,186,77,0,1123,0,51,15,1,67,860,237,92,1,1190,0,0,0,1190
11/03/2016,BOS,MA,ANE,EN,Towers with Radar,877,216,66,0,1159,0,2,6,0,8,877,218,72,0,1167,0,0,0,1167
11/04/2016,BOS,MA,ANE,EN,Towers with Radar,893,157,37,0,1087,0,57,5,0,62,893,214,42,0,1149,0,0,0,1149
11/05/2016,BOS,MA,ANE,EN,Towers with Radar,662,105,15,0,782,0,40,9,0,49,662,145,24,0,831,0,0,0,831
11/06/2016,BOS,MA,ANE,EN,Towers with Radar,761,161,38,0,960,0,15,9,0,24,761,176,47,0,984,0,0,0,984
11/07/2016,BOS,MA,ANE,EN,Towers with Radar,858,150,31,0,1039,0,48,4,0,52,858,198,35,0,1091,0,0,0,1091
11/08/2016,BOS,MA,ANE,EN,Towers with Radar,811,117,29,0,957,0,74,9,0,83,811,191,38,0,1040,0,0,0,1040
11/09/2016,BOS,MA,ANE,EN,Towers with Radar,881,167,52,0,1100,0,37,12,2,51,881,204,64,2,1151,0,0,0,1151
11/10/2016,BOS,MA,ANE,EN,Towers with Radar,894,129,56,0,1079,0,70,18,0,88,894,199,74,0,1167,0,0,0,1167
11/11/2016,BOS,MA,ANE,EN,Towers with Radar,883,140,27,0,1050,0,48,7,0,55,883,188,34,0,1105,0,0,0,1105
11/12/2016,BOS,MA,ANE,EN,Towers with Radar,638,70,20,0,728,0,61,4,0,65,638,131,24,0,793,0,0,0,793
11/13/2016,BOS,MA,ANE,EN,Towers with Radar,783,120,29,2,934,0,57,2,0,59,783,177,31,2,993,0,0,0,993
11/14/2016,BOS,MA,ANE,EN,Towers with Radar,889,117,57,2,1065,0,74,12,0,86,889,191,69,2,1151,0,0,0,1151
11/15/2016,BOS,MA,ANE,EN,Towers with Radar,857,166,53,2,1078,0,15,7,0,22,857,181,60,2,1100,0,0,0,1100
11/16/2016,BOS,MA,ANE,EN,Towers with Radar,871,199,50,0,1120,0,5,9,2,16,871,204,59,2,1136,0,0,0,1136
11/17/2016,BOS,MA,ANE,EN,Towers with Radar,889,188,54,0,1131,0,16,10,0,26,889,204,64,0,1157,0,0,0,1157
11/18/2016,BOS,MA,ANE,EN,Towers with Radar,894,153,31,1,1079,0,67,16,1,84,894,220,47,2,1163,0,0,0,1163
11/19/2016,BOS,MA,ANE,EN,Towers with Radar,663,144,14,0,821,0,5,0,0,5,663,149,14,0,826,0,0,0,826
11/20/2016,BOS,MA,ANE,EN,Towers with Radar,773,140,18,1,932,0,3,3,0,6,773,143,21,1,938,0,0,0,938
11/21/2016,BOS,MA,ANE,EN,Towers with Radar,825,133,26,0,984,0,22,2,0,24,825,155,28,0,1008,0,0,0,1008
11/22/2016,BOS,MA,ANE,EN,Towers with Radar,881,158,37,2,1078,0,39,18,0,57,881,197,55,2,1135,0,0,0,1135
11/23/2016,BOS,MA,ANE,EN,Towers with Radar,879,139,28,0,1046,0,68,7,0,75,879,207,35,0,1121,0,0,0,1121
11/24/2016,BOS,MA,ANE,EN,Towers with Radar,536,100,4,0,640,0,16,2,0,18,536,116,6,0,658,0,0,0,658
11/25/2016,BOS,MA,ANE,EN,Towers with Radar,605,132,17,2,756,0,0,0,0,0,605,132,17,2,756,0,0,0,756
11/26/2016,BOS,MA,ANE,EN,Towers with Radar,768,127,7,0,902,1,0,0,2,3,769,127,7,2,905,0,0,0,905
11/27/2016,BOS,MA,ANE,EN,Towers with Radar,865,144,47,4,1060,0,45,11,0,56,865,189,58,4,1116,0,0,0,1116
11/28/2016,BOS,MA,ANE,EN,Towers with Radar,915,128,48,0,1091,0,76,6,0,82,915,204,54,0,1173,0,0,0,1173
11/29/2016,BOS,MA,ANE,EN,Towers with Radar,873,157,51,0,1081,0,15,3,0,18,873,172,54,0,1099,0,0,0,1099
11/30/2016,BOS,MA,ANE,EN,Towers with Radar,866,188,29,0,1083,0,1,0,0,1,866,189,29,0,1084,0,0,0,1084
12/01/2016,BOS,MA,ANE,EN,Towers with Radar,889,177,38,3,1107,0,25,13,1,39,889,202,51,4,1146,0,0,0,1146
12/02/2016,BOS,MA,ANE,EN,Towers with Radar,876,134,19,0,1029,0,51,18,0,69,876,185,37,0,1098,0,0,0,1098
12/03/2016,BOS,MA,ANE,EN,Towers with Radar,589,110,11,1,711,0,26,1,0,27,589,136,12,1,738,0,0,0,738
12/04/2016,BOS,MA,ANE,EN,Towers with Radar,747,125,27,0,899,0,51,8,1,60,747,176,35,1,959,0,0,0,959
12/05/2016,BOS,MA,ANE,EN,Towers with Radar,858,157,39,0,1054,0,6,4,0,10,858,163,43,0,1064,0,0,0,1064
12/06/2016,BOS,MA,ANE,EN,Towers with Radar,847,139,51,0,1037,0,60,13,0,73,847,199,64,0,1110,0,0,0,1110
12/07/2016,BOS,MA,ANE,EN,Towers with Radar,849,198,55,0,1102,0,0,3,0,3,849,198,58,0,1105,0,0,0,1105
12/08/2016,BOS,MA,ANE,EN,Towers with Radar,877,169,34,0,1080,0,37,11,1,49,877,206,45,1,1129,0,0,0,1129
12/09/2016,BOS,MA,ANE,EN,Towers with Radar,881,149,31,0,1061,0,36,9,0,45,881,185,40,0,1106,0,0,0,1106
12/10/2016,BOS,MA,ANE,EN,Towers with Radar,581,84,15,1,681,0,37,5,0,42,581,121,20,1,723,0,0,0,723
12/11/2016,BOS,MA,ANE,EN,Towers with Radar,717,89,14,3,823,0,48,8,0,56,717,137,22,3,879,0,0,0,879
12/12/2016,BOS,MA,ANE,EN,Towers with Radar,873,148,42,2,1065,0,14,3,0,17,873,162,45,2,1082,0,0,0,1082
12/13/2016,BOS,MA,ANE,EN,Towers with Radar,865,118,63,0,1046,0,71,11,0,82,865,189,74,0,1128,0,0,0,1128
12/14/2016,BOS,MA,ANE,EN,Towers with Radar,866,129,38,0,1033,0,55,17,2,74,866,184,55,2,1107,0,0,0,1107
12/15/2016,BOS,MA,ANE,EN,Towers with Radar,869,113,25,0,1007,0,41,16,0,57,869,154,41,0,1064,0,0,0,1064
12/16/2016,BOS,MA,ANE,EN,Towers with Radar,850,127,22,0,999,0,39,8,1,48,850,166,30,1,1047,0,0,0,1047
12/17/2016,BOS,MA,ANE,EN,Towers with Radar,564,75,3,0,642,0,0,0,0,0,564,75,3,0,642,0,0,0,642
12/18/2016,BOS,MA,ANE,EN,Towers with Radar,749,83,11,0,843,0,0,0,0,0,749,83,11,0,843,0,0,0,843
12/19/2016,BOS,MA,ANE,EN,Towers with Radar,835,98,13,0,946,0,54,5,0,59,835,152,18,0,1005,0,0,0,1005
12/20/2016,BOS,MA,ANE,EN,Towers with Radar,836,125,36,0,997,0,46,9,0,55,836,171,45,0,1052,0,0,0,1052
12/21/2016,BOS,MA,ANE,EN,Towers with Radar,850,85,14,0,949,0,60,7,0,67,850,145,21,0,1016,0,0,0,1016
12/22/2016,BOS,MA,ANE,EN,Towers with Radar,849,114,22,2,987,0,14,3,0,17,849,128,25,2,1004,0,0,0,1004
12/23/2016,BOS,MA,ANE,EN,Towers with Radar,819,89,15,0,923,0,64,0,2,66,819,153,15,2,989,0,0,0,989
12/24/2016,BOS,MA,ANE,EN,Towers with Radar,641,83,5,0,729,0,13,0,0,13,641,96,5,0,742,0,0,0,742
12/25/2016,BOS,MA,ANE,EN,Towers with Radar,577,48,6,0,631,0,43,0,0,43,577,91,6,0,674,0,0,0,674
12/26/2016,BOS,MA,ANE,EN,Towers with Radar,748,91,11,0,850,0,42,0,2,44,748,133,11,2,894,0,0,0,894
12/27/2016,BOS,MA,ANE,EN,Towers with Radar,807,132,10,0,949,0,14,0,0,14,807,146,10,0,963,0,0,0,963
12/28/2016,BOS,MA,ANE,EN,Towers with Radar,796,99,11,2,908,0,50,5,0,55,796,149,16,2,963,0,0,0,963
12/29/2016,BOS,MA,ANE,EN,Towers with Radar,788,81,8,0,877,0,20,3,0,23,788,101,11,0,900,0,0,0,900
12/30/2016,BOS,MA,ANE,EN,Towers with Radar,811,106,8,1,926,0,28,4,2,34,811,134,12,3,960,0,0,0,960
12/31/2016,BOS,MA,ANE,EN,Towers with Radar,637,71,4,1,713,0,37,0,0,37,637,108,4,1,750,0,0,0,750
01/01/2017,BOS,MA,ANE,EN,Towers with Radar,641,79,12,0,732,0,41,0,0,41,641,120,12,0,773,0,0,0,773
01/02/2017,BOS,MA,ANE,EN,Towers with Radar,764,104,14,0,882,0,62,5,0,67,764,166,19,0,949,0,0,0,949
01/03/2017,BOS,MA,ANE,EN,Towers with Radar,813,137,26,2,978,0,1,0,0,1,813,138,26,2,979,0,0,0,979
01/04/2017,BOS,MA,ANE,EN,Towers with Radar,820,144,27,0,991,0,8,1,0,9,820,152,28,0,1000,0,0,0,1000
01/05/2017,BOS,MA,ANE,EN,Towers with Radar,803,109,18,0,930,0,49,6,0,55,803,158,24,0,985,0,0,0,985
01/06/2017,BOS,MA,ANE,EN,Towers with Radar,787,120,15,0,922,0,11,5,0,16,787,131,20,0,938,0,0,0,938
01/07/2017,BOS,MA,ANE,EN,Towers with Radar,405,48,11,0,464,0,2,0,0,2,405,50,11,0,466,0,0,0,466
01/08/2017,BOS,MA,ANE,EN,Towers with Radar,654,92,28,1,775,0,18,0,0,18,654,110,28,1,793,0,0,0,793
01/09/2017,BOS,MA,ANE,EN,Towers with Radar,884,106,18,1,1009,0,48,7,0,55,884,154,25,1,1064,0,0,0,1064
01/10/2017,BOS,MA,ANE,EN,Towers with Radar,817,121,34,2,974,0,43,3,2,48,817,164,37,4,1022,0,0,0,1022
01/11/2017,BOS,MA,ANE,EN,Towers with Radar,845,116,21,0,982,0,43,4,3,50,845,159,25,3,1032,0,0,0,1032
01/12/2017,BOS,MA,ANE,EN,Towers with Radar,871,159,30,0,1060,0,9,1,0,10,871,168,31,0,1070,0,0,0,1070
01/13/2017,BOS,MA,ANE,EN,Towers with Radar,868,116,29,0,1013,0,60,5,0,65,868,176,34,0,1078,0,0,0,1078
01/14/2017,BOS,MA,ANE,EN,Towers with Radar,589,58,11,0,658,0,73,0,0,73,589,131,11,0,731,0,0,0,731
01/15/2017,BOS,MA,ANE,EN,Towers with Radar,685,91,14,0,790,0,57,3,0,60,685,148,17,0,850,0,0,0,850
01/16/2017,BOS,MA,ANE,EN,Towers with Radar,829,104,22,0,955,0,84,3,0,87,829,188,25,0,1042,0,0,0,1042
01/17/2017,BOS,MA,ANE,EN,Towers with Radar,838,123,27,0,988,0,53,3,0,56,838,176,30,0,1044,0,0,0,1044
01/18/2017,BOS,MA,ANE,EN,Towers with Radar,837,176,51,0,1064,0,0,0,0,0,837,176,51,0,1064,0,0,0,1064
01/19/2017,BOS,MA,ANE,EN,Towers with Radar,863,175,34,0,1072,0,11,2,0,13,863,186,36,0,1085,0,0,0,1085
01/20/2017,BOS,MA,ANE,EN,Towers with Radar,871,170,26,1,1068,0,20,8,1,29,871,190,34,2,1097,0,0,0,1097
01/21/2017,BOS,MA,ANE,EN,Towers with Radar,613,115,14,0,742,0,11,3,1,15,613,126,17,1,757,0,0,0,757
01/22/2017,BOS,MA,ANE,EN,Towers with Radar,719,144,29,0,892,0,7,0,5,12,719,151,29,5,904,0,0,0,904
01/23/2017,BOS,MA,ANE,EN,Towers with Radar,844,138,26,0,1008,0,1,0,1,2,844,139,26,1,1010,0,0,0,1010
01/24/2017,BOS,MA,ANE,EN,Towers with Radar,824,117,27,0,968,0,0,0,0,0,824,117,27,0,968,0,0,0,968
01/25/2017,BOS,MA,ANE,EN,Towers with Radar,827,157,31,0,1015,0,34,9,0,43,827,191,40,0,1058,0,0,0,1058
01/26/2017,BOS,MA,ANE,EN,Towers with Radar,872,139,42,0,1053,0,34,10,0,44,872,173,52,0,1097,0,0,0,1097
01/27/2017,BOS,MA,ANE,EN,Towers with Radar,878,124,24,0,1026,0,43,4,0,47,878,167,28,0,1073,0,0,0,1073
01/28/2017,BOS,MA,ANE,EN,Towers with Radar,616,76,3,0,695,0,41,2,0,43,616,117,5,0,738,0,0,0,738
01/29/2017,BOS,MA,ANE,EN,Towers with Radar,715,117,18,0,850,0,38,8,3,49,715,155,26,3,899,0,0,0,899
01/30/2017,BOS,MA,ANE,EN,Towers with Radar,861,117,32,0,1010,0,55,7,0,62,861,172,39,0,1072,0,0,0,1072
01/31/2017,BOS,MA,ANE,EN,Towers with Radar,826,123,21,0,970,0,38,4,2,44,826,161,25,2,1014,0,0,0,1014
02/01/2017,BOS,MA,ANE,EN,Towers with Radar,837,173,36,0,1046,0,21,3,0,24,837,194,39,0,1070,0,0,0,1070
02/02/2017,BOS,MA,ANE,EN,Towers with Radar,881,129,46,0,1056,0,55,16,1,72,881,184,62,1,1128,0,0,0,1128
02/03/2017,BOS,MA,ANE,EN,Towers with Radar,884,166,39,0,1089,0,61,6,0,67,884,227,45,0,1156,0,0,0,1156
02/04/2017,BOS,MA,ANE,EN,Towers with Radar,621,85,16,0,722,0,48,10,0,58,621,133,26,0,780,0,0,0,780
02/05/2017,BOS,MA,ANE,EN,Towers with Radar,669,85,6,0,760,0,58,4,2,64,669,143,10,2,824,0,0,0,824
02/06/2017,BOS,MA,ANE,EN,Towers with Radar,873,134,28,1,1036,0,58,2,0,60,873,192,30,1,1096,0,0,0,1096
02/07/2017,BOS,MA,ANE,EN,Towers with Radar,837,134,33,2,1006,0,3,0,0,3,837,137,33,2,1009,0,0,0,1009
02/08/2017,BOS,MA,ANE,EN,Towers with Radar,806,186,55,3,1050,0,28,5,0,33,806,214,60,3,1083,0,0,0,1083
02/09/2017,BOS,MA,ANE,EN,Towers with Radar,177,18,7,0,202,0,0,0,0,0,177,18,7,0,202,0,0,0,202
02/10/2017,BOS,MA,ANE,EN,Towers with Radar,806,132,34,0,972,0,32,8,0,40,806,164,42,0,1012,0,0,0,1012
02/11/2017,BOS,MA,ANE,EN,Towers with Radar,626,85,5,0,716,0,0,0,0,0,626,85,5,0,716,0,0,0,716
02/12/2017,BOS,MA,ANE,EN,Towers with Radar,520,74,19,0,613,0,0,0,0,0,520,74,19,0,613,0,0,0,613
02/13/2017,BOS,MA,ANE,EN,Towers with Radar,565,58,16,0,639,0,0,0,0,0,565,58,16,0,639,0,0,0,639
02/14/2017,BOS,MA,ANE,EN,Towers with Radar,835,124,29,0,988,0,55,11,0,66,835,179,40,0,1054,0,0,0,1054
02/15/2017,BOS,MA,ANE,EN,Towers with Radar,835,153,44,0,1032,0,14,2,0,16,835,167,46,0,1048,0,0,0,1048
02/16/2017,BOS,MA,ANE,EN,Towers with Radar,866,151,24,0,1041,0,11,14,2,27,866,162,38,2,1068,0,0,0,1068
02/17/2017,BOS,MA,ANE,EN,Towers with Radar,881,136,23,0,1040,0,61,10,1,72,881,197,33,1,1112,0,0,0,1112
02/18/2017,BOS,MA,ANE,EN,Towers with Radar,665,65,8,0,738,0,56,0,0,56,665,121,8,0,794,0,0,0,794
02/19/2017,BOS,MA,ANE,EN,Towers with Radar,708,78,7,0,793,0,56,2,0,58,708,134,9,0,851,0,0,0,851
02/20/2017,BOS,MA,ANE,EN,Towers with Radar,844,109,15,0,968,0,56,8,0,64,844,165,23,0,1032,0,0,0,1032
02/21/2017,BOS,MA,ANE,EN,Towers with Radar,878,121,31,0,1030,0,64,11,1,76,878,185,42,1,1106,0,0,0,1106
02/22/2017,BOS,MA,ANE,EN,Towers with Radar,852,144,45,0,1041,0,42,2,0,44,852,186,47,0,1085,0,0,0,1085
02/23/2017,BOS,MA,ANE,EN,Towers with Radar,887,130,32,1,1050,0,45,12,1,58,887,175,44,2,1108,0,0,0,1108
02/24/2017,BOS,MA,ANE,EN,Towers with Radar,880,124,17,2,1023,0,44,7,0,51,880,168,24,2,1074,0,0,0,1074
02/25/2017,BOS,MA,ANE,EN,Towers with Radar,680,108,10,3,801,0,8,2,0,10,680,116,12,3,811,0,0,0,811
02/26/2017,BOS,MA,ANE,EN,Towers with Radar,768,116,17,0,901,0,47,3,0,50,768,163,20,0,951,0,0,0,951
02/27/2017,BOS,MA,ANE,EN,Towers with Radar,872,114,51,0,1037,0,65,7,5,77,872,179,58,5,1114,0,0,0,1114
02/28/2017,BOS,MA,ANE,EN,Towers with Radar,872,145,32,0,1049,0,34,7,0,41,872,179,39,0,1090,0,0,0,1090
03/01/2017,BOS,MA,ANE,EN,Towers with Radar,882,153,40,2,1077,0,0,2,0,2,882,153,42,2,1079,0,0,0,1079
03/02/2017,BOS,MA,ANE,EN,Towers with Radar,910,120,41,0,1071,0,51,8,0,59,910,171,49,0,1130,0,0,0,1130
03/03/2017,BOS,MA,ANE,EN,Towers with Radar,918,134,24,1,1077,0,67,7,0,74,918,201,31,1,1151,0,0,0,1151
03/04/2017,BOS,MA,ANE,EN,Towers with Radar,691,83,18,0,792,0,40,0,0,40,691,123,18,0,832,0,0,0,832
03/05/2017,BOS,MA,ANE,EN,Towers with Radar,785,78,17,2,882,0,81,4,1,86,785,159,21,3,968,0,0,0,968
03/06/2017,BOS,MA,ANE,EN,Towers with Radar,893,127,45,1,1066,0,74,4,0,78,893,201,49,1,1144,0,0,0,1144
03/07/2017,BOS,MA,ANE,EN,Towers with Radar,886,178,61,1,1126,0,16,4,0,20,886,194,65,1,1146,0,0,0,1146
03/08/2017,BOS,MA,ANE,EN,Towers with Radar,906,162,52,2,1122,0,31,20,0,51,906,193,72,2,1173,0,0,0,1173
03/09/2017,BOS,MA,ANE,EN,Towers with Radar,925,111,42,0,1078,0,51,4,1,56,925,162,46,1,1134,0,0,0,1134
03/10/2017,BOS,MA,ANE,EN,Towers with Radar,821,114,30,0,965,0,0,0,0,0,821,114,30,0,965,0,0,0,965
03/11/2017,BOS,MA,ANE,EN,Towers with Radar,777,97,25,1,900,0,38,2,0,40,777,135,27,1,940,0,0,0,940
03/12/2017,BOS,MA,ANE,EN,Towers with Radar,810,88,17,2,917,0,72,4,1,77,810,160,21,3,994,0,0,0,994
03/13/2017,BOS,MA,ANE,EN,Towers with Radar,856,139,33,0,1028,0,80,6,0,86,856,219,39,0,1114,0,0,0,1114
03/14/2017,BOS,MA,ANE,EN,Towers with Radar,104,5,7,0,116,0,0,0,0,0,104,5,7,0,116,0,0,0,116
03/15/2017,BOS,MA,ANE,EN,Towers with Radar,758,111,41,0,910,0,22,0,3,25,758,133,41,3,935,0,0,0,935
03/16/2017,BOS,MA,ANE,EN,Towers with Radar,947,148,29,0,1124,0,63,9,2,74,947,211,38,2,1198,0,0,0,1198
03/17/2017,BOS,MA,ANE,EN,Towers with Radar,932,101,21,0,1054,0,80,2,1,83,932,181,23,1,1137,0,0,0,1137
03/18/2017,BOS,MA,ANE,EN,Towers with Radar,721,56,24,0,801,0,70,2,0,72,721,126,26,0,873,0,0,0,873
03/19/2017,BOS,MA,ANE,EN,Towers with Radar,807,132,23,0,962,0,9,2,2,13,807,141,25,2,975,0,0,0,975
03/20/2017,BOS,MA,ANE,EN,Towers with Radar,926,107,35,0,1068,0,77,10,0,87,926,184,45,0,1155,0,0,0,1155
03/21/2017,BOS,MA,ANE,EN,Towers with Radar,909,151,40,0,1100,0,63,2,0,65,909,214,42,0,1165,0,0,0,1165
03/22/2017,BOS,MA,ANE,EN,Towers with Radar,898,151,43,0,1092,0,38,7,0,45,898,189,50,0,1137,0,0,0,1137
03/23/2017,BOS,MA,ANE,EN,Towers with Radar,940,115,34,3,1092,0,76,7,1,84,940,191,41,4,1176,0,0,0,1176
03/24/2017,BOS,MA,ANE,EN,Towers with Radar,925,134,31,3,1093,0,31,6,0,37,925,165,37,3,1130,0,0,0,1130
03/25/2017,BOS,MA,ANE,EN,Towers with Radar,729,126,18,0,873,0,5,0,0,5,729,131,18,0,878,0,0,0,878
03/26/2017,BOS,MA,ANE,EN,Towers with Radar,796,113,29,0,938,0,47,4,0,51,796,160,33,0,989,0,0,0,989
03/27/2017,BOS,MA,ANE,EN,Towers with Radar,932,158,36,0,1126,0,0,0,0,0,932,158,36,0,1126,0,0,0,1126
03/28/2017,BOS,MA,ANE,EN,Towers with Radar,907,180,56,1,1144,0,0,0,0,0,907,180,56,1,1144,0,0,0,1144
03/29/2017,BOS,MA,ANE,EN,Towers with Radar,922,186,57,0,1165,0,8,2,1,11,922,194,59,1,1176,0,0,0,1176
03/30/2017,BOS,MA,ANE,EN,Towers with Radar,939,121,64,0,1124,0,71,24,1,96,939,192,88,1,1220,0,0,0,1220
03/31/2017,BOS,MA,ANE,EN,Towers with Radar,887,144,23,1,1055,0,6,0,0,6,887,150,23,1,1061,0,0,0,1061
04/01/2017,BOS,MA,ANE,EN,Towers with Radar,766,103,12,1,882,0,0,0,0,0,766,103,12,1,882,0,0,0,882
04/02/2017,BOS,MA,ANE,EN,Towers with Radar,810,131,30,0,971,0,41,5,1,47,810,172,35,1,1018,0,0,0,1018
04/03/2017,BOS,MA,ANE,EN,Towers with Radar,916,110,49,0,1075,0,74,10,0,84,916,184,59,0,1159,0,0,0,1159
04/04/2017,BOS,MA,ANE,EN,Towers with Radar,917,150,37,0,1104,0,2,0,0,2,917,152,37,0,1106,0,0,0,1106
04/05/2017,BOS,MA,ANE,EN,Towers with Radar,897,182,50,0,1129,0,1,9,0,10,897,183,59,0,1139,0,0,0,1139
04/06/2017,BOS,MA,ANE,EN,Towers with Radar,851,178,39,0,1068,0,0,0,0,0,851,178,39,0,1068,0,0,0,1068
04/07/2017,BOS,MA,ANE,EN,Towers with Radar,912,160,47,1,1120,0,29,2,0,31,912,189,49,1,1151,0,0,0,1151
04/08/2017,BOS,MA,ANE,EN,Towers with Radar,751,102,30,0,883,0,45,4,1,50,751,147,34,1,933,0,0,0,933
04/09/2017,BOS,MA,ANE,EN,Towers with Radar,816,97,24,0,937,0,76,0,0,76,816,173,24,0,1013,0,0,0,1013
04/10/2017,BOS,MA,ANE,EN,Towers with Radar,935,105,50,0,1090,0,79,5,1,85,935,184,55,1,1175,0,0,0,1175
04/11/2017,BOS,MA,ANE,EN,Towers with Radar,942,137,63,2,1144,0,75,13,0,88,942,212,76,2,1232,0,0,0,1232
04/12/2017,BOS,MA,ANE,EN,Towers with Radar,957,162,53,0,1172,0,45,15,0,60,957,207,68,0,1232,0,0,0,1232
04/13/2017,BOS,MA,ANE,EN,Towers with Radar,973,141,50,0,1164,0,55,14,2,71,973,196,64,2,1235,0,0,0,1235
04/14/2017,BOS,MA,ANE,EN,Towers with Radar,945,98,26,0,1069,0,78,12,0,90,945,176,38,0,1159,0,0,0,1159
04/15/2017,BOS,MA,ANE,EN,Towers with Radar,762,73,6,2,843,0,64,3,0,67,762,137,9,2,910,0,0,0,910
04/16/2017,BOS,MA,ANE,EN,Towers with Radar,805,103,23,1,932,0,54,7,2,63,805,157,30,3,995,0,0,0,995
04/17/2017,BOS,MA,ANE,EN,Towers with Radar,926,124,31,3,1084,0,60,37,2,99,926,184,68,5,1183,0,0,0,1183
04/18/2017,BOS,MA,ANE,EN,Towers with Radar,956,158,41,2,1157,0,48,19,2,69,956,206,60,4,1226,0,0,0,1226
04/19/2017,BOS,MA,ANE,EN,Towers with Radar,956,163,46,1,1166,0,12,8,1,21,956,175,54,2,1187,0,0,0,1187
04/20/2017,BOS,MA,ANE,EN,Towers with Radar,940,175,31,0,1146,0,0,5,0,5,940,175,36,0,1151,0,0,0,1151
04/21/2017,BOS,MA,ANE,EN,Towers with Radar,966,163,44,2,1175,0,0,0,0,0,966,163,44,2,1175,0,0,0,1175
04/22/2017,BOS,MA,ANE,EN,Towers with Radar,774,137,14,0,925,0,0,0,0,0,774,137,14,0,925,0,0,0,925
04/23/2017,BOS,MA,ANE,EN,Towers with Radar,848,104,27,0,979,0,55,3,0,58,848,159,30,0,1037,0,0,0,1037
04/24/2017,BOS,MA,ANE,EN,Towers with Radar,937,123,48,0,1108,0,67,11,0,78,937,190,59,0,1186,0,0,0,1186
04/25/2017,BOS,MA,ANE,EN,Towers with Radar,918,188,29,0,1135,0,0,2,0,2,918,188,31,0,1137,0,0,0,1137
04/26/2017,BOS,MA,ANE,EN,Towers with Radar,976,165,34,0,1175,0,0,0,0,0,976,165,34,0,1175,0,0,0,1175
04/27/2017,BOS,MA,ANE,EN,Towers with Radar,967,191,61,4,1223,0,1,4,1,6,967,192,65,5,1229,0,0,0,1229
04/28/2017,BOS,MA,ANE,EN,Towers with Radar,970,164,37,0,1171,0,41,8,0,49,970,205,45,0,1220,0,0,0,1220
04/29/2017,BOS,MA,ANE,EN,Towers with Radar,771,77,13,0,861,0,62,3,0,65,771,139,16,0,926,0,0,0,926
04/30/2017,BOS,MA,ANE,EN,Towers with Radar,844,126,36,2,1008,0,84,3,0,87,844,210,39,2,1095,0,0,0,1095
05/01/2017,BOS,MA,ANE,EN,Towers with Radar,933,160,44,2,1139,0,0,1,0,1,933,160,45,2,1140,0,0,0,1140
05/02/2017,BOS,MA,ANE,EN,Towers with Radar,964,176,46,0,1186,0,4,1,0,5,964,180,47,0,1191,0,0,0,1191
05/03/2017,BOS,MA,ANE,EN,Towers with Radar,949,144,59,0,1152,0,53,11,0,64,949,197,70,0,1216,0,0,0,1216
05/04/2017,BOS,MA,ANE,EN,Towers with Radar,1006,133,36,0,1175,0,70,52,0,122,1006,203,88,0,1297,0,0,0,1297
05/05/2017,BOS,MA,ANE,EN,Towers with Radar,935,166,30,0,1131,0,7,2,0,9,935,173,32,0,1140,0,0,0,1140
05/06/2017,BOS,MA,ANE,EN,Towers with Radar,746,132,22,0,900,0,5,2,0,7,746,137,24,0,907,0,0,0,907
05/07/2017,BOS,MA,ANE,EN,Towers with Radar,860,148,30,0,1038,0,29,5,1,35,860,177,35,1,1073,0,0,0,1073
05/08/2017,BOS,MA,ANE,EN,Towers with Radar,949,140,52,2,1143,0,56,5,6,67,949,196,57,8,1210,0,0,0,1210
05/09/2017,BOS,MA,ANE,EN,Towers with Radar,952,153,56,2,1163,0,56,10,1,67,952,209,66,3,1230,0,0,0,1230
05/10/2017,BOS,MA,ANE,EN,Towers with Radar,956,167,77,0,1200,0,52,18,0,70,956,219,95,0,1270,0,0,0,1270
05/11/2017,BOS,MA,ANE,EN,Towers with Radar,981,172,54,0,1207,0,37,8,0,45,981,209,62,0,1252,0,0,0,1252
05/12/2017,BOS,MA,ANE,EN,Towers with Radar,963,207,35,0,1205,0,13,5,1,19,963,220,40,1,1224,0,0,0,1224
05/13/2017,BOS,MA,ANE,EN,Towers with Radar,730,123,13,0,866,0,9,0,0,9,730,132,13,0,875,0,0,0,875
05/14/2017,BOS,MA,ANE,EN,Towers with Radar,836,160,20,0,1016,0,0,2,0,2,836,160,22,0,1018,0,0,0,1018
05/15/2017,BOS,MA,ANE,EN,Towers with Radar,971,200,33,0,1204,0,28,14,1,43,971,228,47,1,1247,0,0,0,1247
05/16/2017,BOS,MA,ANE,EN,Towers with Radar,970,122,41,0,1133,0,83,12,0,95,970,205,53,0,1228,0,0,0,1228
05/17/2017,BOS,MA,ANE,EN,Towers with Radar,937,135,63,0,1135,0,71,14,0,85,937,206,77,0,1220,0,0,0,1220
05/18/2017,BOS,MA,ANE,EN,Towers with Radar,983,172,55,0,1210,0,52,16,1,69,983,224,71,1,1279,0,0,0,1279
05/19/2017,BOS,MA,ANE,EN,Towers with Radar,984,181,46,0,1211,0,57,11,0,68,984,238,57,0,1279,0,0,0,1279
05/20/2017,BOS,MA,ANE,EN,Towers with Radar,742,108,17,0,867,0,46,14,1,61,742,154,31,1,928,0,0,0,928
05/21/2017,BOS,MA,ANE,EN,Towers with Radar,860,155,22,0,1037,0,58,9,0,67,860,213,31,0,1104,0,0,0,1104
05/22/2017,BOS,MA,ANE,EN,Towers with Radar,894,193,40,1,1128,0,12,15,0,27,894,205,55,1,1155,0,0,0,1155
05/23/2017,BOS,MA,ANE,EN,Towers with Radar,1006,159,39,0,1204,0,16,4,0,20,1006,175,43,0,1224,0,0,0,1224
05/24/2017,BOS,MA,ANE,EN,Towers with Radar,977,202,51,0,1230,0,25,16,1,42,977,227,67,1,1272,0,0,0,1272
05/25/2017,BOS,MA,ANE,EN,Towers with Radar,859,181,37,0,1077,0,0,3,0,3,859,181,40,0,1080,0,0,0,1080
05/26/2017,BOS,MA,ANE,EN,Towers with Radar,1017,279,43,0,1339,0,3,2,0,5,1017,282,45,0,1344,0,0,0,1344
05/27/2017,BOS,MA,ANE,EN,Towers with Radar,753,133,9,0,895,0,29,0,3,32,753,162,9,3,927,0,0,0,927
05/28/2017,BOS,MA,ANE,EN,Towers with Radar,737,126,9,0,872,0,38,8,0,46,737,164,17,0,918,0,0,0,918
05/29/2017,BOS,MA,ANE,EN,Towers with Radar,876,182,14,0,1072,0,0,1,0,1,876,182,15,0,1073,0,0,0,1073
05/30/2017,BOS,MA,ANE,EN,Towers with Radar,929,195,26,0,1150,0,0,2,0,2,929,195,28,0,1152,0,0,0,1152
05/31/2017,BOS,MA,ANE,EN,Towers with Radar,966,203,46,0,1215,0,0,5,0,5,966,203,51,0,1220,0,0,0,1220
06/01/2017,BOS,MA,ANE,EN,Towers with Radar,1010,198,67,0,1275,0,17,11,1,29,1010,215,78,1,1304,0,0,0,1304
06/02/2017,BOS,MA,ANE,EN,Towers with Radar,975,183,23,0,1181,0,67,7,0,74,975,250,30,0,1255,0,0,0,1255
06/03/2017,BOS,MA,ANE,EN,Towers with Radar,749,134,11,0,894,0,28,5,0,33,749,162,16,0,927,0,0,0,927
06/04/2017,BOS,MA,ANE,EN,Towers with Radar,870,173,17,0,1060,0,50,6,0,56,870,223,23,0,1116,0,0,0,1116
06/05/2017,BOS,MA,ANE,EN,Towers with Radar,921,170,32,0,1123,0,0,0,0,0,921,170,32,0,1123,0,0,0,1123
06/06/2017,BOS,MA,ANE,EN,Towers with Radar,947,158,24,0,1129,0,0,3,0,3,947,158,27,0,1132,0,0,0,1132
06/07/2017,BOS,MA,ANE,EN,Towers with Radar,1006,194,34,2,1236,0,30,7,0,37,1006,224,41,2,1273,0,0,0,1273
06/08/2017,BOS,MA,ANE,EN,Towers with Radar,1024,155,36,2,1217,0,73,9,0,82,1024,228,45,2,1299,0,0,0,1299
06/09/2017,BOS,MA,ANE,EN,Towers with Radar,1019,201,34,3,1257,0,73,16,0,89,1019,274,50,3,1346,0,0,0,1346
06/10/2017,BOS,MA,ANE,EN,Towers with Radar,800,111,15,1,927,0,70,5,7,82,800,181,20,8,1009,0,0,0,1009
06/11/2017,BOS,MA,ANE,EN,Towers with Radar,845,157,26,2,1030,0,68,10,4,82,845,225,36,6,1112,0,0,0,1112
06/12/2017,BOS,MA,ANE,EN,Towers with Radar,1032,174,32,1,1239,0,81,14,0,95,1032,255,46,1,1334,0,0,0,1334
06/13/2017,BOS,MA,ANE,EN,Towers with Radar,992,177,65,1,1235,0,42,16,0,58,992,219,81,1,1293,0,0,0,1293
06/14/2017,BOS,MA,ANE,EN,Towers with Radar,965,171,53,0,1189,0,51,20,2,73,965,222,73,2,1262,0,0,0,1262
06/15/2017,BOS,MA,ANE,EN,Towers with Radar,995,135,33,0,1163,0,69,16,0,85,995,204,49,0,1248,0,0,0,1248
06/16/2017,BOS,MA,ANE,EN,Towers with Radar,922,173,31,0,1126,0,42,4,0,46,922,215,35,0,1172,0,0,0,1172
06/17/2017,BOS,MA,ANE,EN,Towers with Radar,869,162,24,0,1055,0,0,12,0,12,869,162,36,0,1067,0,0,0,1067
06/18/2017,BOS,MA,ANE,EN,Towers with Radar,879,169,28,0,1076,0,0,4,1,5,879,169,32,1,1081,0,0,0,1081
06/19/2017,BOS,MA,ANE,EN,Towers with Radar,830,148,32,0,1010,0,1,1,0,2,830,149,33,0,1012,0,0,0,1012
06/20/2017,BOS,MA,ANE,EN,Towers with Radar,999,193,52,0,1244,0,5,14,0,19,999,198,66,0,1263,0,0,0,1263
06/21/2017,BOS,MA,ANE,EN,Towers with Radar,1011,205,50,0,1266,0,22,11,0,33,1011,227,61,0,1299,0,0,0,1299
06/22/2017,BOS,MA,ANE,EN,Towers with Radar,1032,151,38,0,1221,0,85,19,1,105,1032,236,57,1,1326,0,0,0,1326
06/23/2017,BOS,MA,ANE,EN,Towers with Radar,966,213,27,2,1208,0,16,14,0,30,966,229,41,2,1238,0,0,0,1238
06/24/2017,BOS,MA,ANE,EN,Towers with Radar,844,155,14,1,1014,0,26,3,1,30,844,181,17,2,1044,0,0,0,1044
06/25/2017,BOS,MA,ANE,EN,Towers with Radar,919,152,36,0,1107,0,92,5,0,97,919,244,41,0,1204,0,0,0,1204
06/26/2017,BOS,MA,ANE,EN,Towers with Radar,1002,130,48,0,1180,0,118,10,1,129,1002,248,58,1,1309,0,0,0,1309
06/27/2017,BOS,MA,ANE,EN,Towers with Radar,988,155,56,0,1199,0,58,19,0,77,988,213,75,0,1276,0,0,0,1276
06/28/2017,BOS,MA,ANE,EN,Towers with Radar,1009,154,55,0,1218,0,82,10,7,99,1009,236,65,7,1317,0,0,0,1317
06/29/2017,BOS,MA,ANE,EN,Towers with Radar,1024,172,49,0,1245,0,90,22,0,112,1024,262,71,0,1357,0,0,0,1357
06/30/2017,BOS,MA,ANE,EN,Towers with Radar,1002,173,29,0,1204,0,91,13,0,104,1002,264,42,0,1308,0,0,0,1308
07/01/2017,BOS,MA,ANE,EN,Towers with Radar,798,175,22,0,995,0,30,2,0,32,798,205,24,0,1027,0,0,0,1027
07/02/2017,BOS,MA,ANE,EN,Towers with Radar,811,125,17,0,953,0,96,2,0,98,811,221,19,0,1051,0,0,0,1051
07/03/2017,BOS,MA,ANE,EN,Towers with Radar,805,99,4,0,908,0,109,22,0,131,805,208,26,0,1039,0,0,0,1039
07/04/2017,BOS,MA,ANE,EN,Towers with Radar,808,100,10,0,918,0,86,33,1,120,808,186,43,1,1038,0,0,0,1038
07/05/2017,BOS,MA,ANE,EN,Towers with Radar,972,137,16,0,1125,0,104,5,0,109,972,241,21,0,1234,0,0,0,1234
07/06/2017,BOS,MA,ANE,EN,Towers with Radar,1005,139,39,0,1183,0,101,9,1,111,1005,240,48,1,1294,0,0,0,1294
07/07/2017,BOS,MA,ANE,EN,Towers with Radar,951,209,28,1,1189,0,8,2,0,10,951,217,30,1,1199,0,0,0,1199
07/08/2017,BOS,MA,ANE,EN,Towers with Radar,841,146,12,0,999,0,39,2,2,43,841,185,14,2,1042,0,0,0,1042
07/09/2017,BOS,MA,ANE,EN,Towers with Radar,926,114,22,0,1062,0,130,14,1,145,926,244,36,1,1207,0,0,0,1207
07/10/2017,BOS,MA,ANE,EN,Towers with Radar,954,132,31,0,1117,0,129,18,1,148,954,261,49,1,1265,0,0,0,1265
07/11/2017,BOS,MA,ANE,EN,Towers with Radar,1010,219,33,1,1263,0,20,7,0,27,1010,239,40,1,1290,0,0,0,1290
07/12/2017,BOS,MA,ANE,EN,Towers with Radar,936,161,36,0,1133,0,54,8,0,62,936,215,44,0,1195,0,0,0,1195
07/13/2017,BOS,MA,ANE,EN,Towers with Radar,983,184,35,1,1203,0,0,1,0,1,983,184,36,1,1204,0,0,0,1204
07/14/2017,BOS,MA,ANE,EN,Towers with Radar,991,259,38,0,1288,0,16,4,0,20,991,275,42,0,1308,0,0,0,1308
07/15/2017,BOS,MA,ANE,EN,Towers with Radar,828,163,34,0,1025,0,19,6,0,25,828,182,40,0,1050,0,0,0,1050
07/16/2017,BOS,MA,ANE,EN,Towers with Radar,925,141,47,0,1113,0,106,13,0,119,925,247,60,0,1232,0,0,0,1232
07/17/2017,BOS,MA,ANE,EN,Towers with Radar,979,199,43,0,1221,0,64,9,21,94,979,263,52,21,1315,0,0,0,1315
07/18/2017,BOS,MA,ANE,EN,Towers with Radar,1028,211,33,0,1272,0,29,9,30,68,1028,240,42,30,1340,0,0,0,1340
07/19/2017,BOS,MA,ANE,EN,Towers with Radar,1030,182,70,0,1282,0,59,19,26,104,1030,241,89,26,1386,0,0,0,1386
07/20/2017,BOS,MA,ANE,EN,Towers with Radar,1008,137,52,0,1197,0,111,10,12,133,1008,248,62,12,1330,0,0,0,1330
07/21/2017,BOS,MA,ANE,EN,Towers with Radar,1016,139,36,0,1191,0,154,18,2,174,1016,293,54,2,1365,0,0,0,1365
07/22/2017,BOS,MA,ANE,EN,Towers with Radar,824,84,8,0,916,0,106,8,0,114,824,190,16,0,1030,0,0,0,1030
07/23/2017,BOS,MA,ANE,EN,Towers with Radar,880,146,24,0,1050,0,106,21,2,129,880,252,45,2,1179,0,0,0,1179
07/24/2017,BOS,MA,ANE,EN,Towers with Radar,954,187,35,0,1176,0,10,4,0,14,954,197,39,0,1190,0,0,0,1190
07/25/2017,BOS,MA,ANE,EN,Towers with Radar,1041,240,45,0,1326,0,7,7,0,14,1041,247,52,0,1340,0,0,0,1340
07/26/2017,BOS,MA,ANE,EN,Towers with Radar,1010,141,48,0,1199,0,95,19,1,115,1010,236,67,1,1314,0,0,0,1314
07/27/2017,BOS,MA,ANE,EN,Towers with Radar,1017,174,43,0,1234,0,64,9,2,75,1017,238,52,2,1309,0,0,0,1309
07/28/2017,BOS,MA,ANE,EN,Towers with Radar,1002,185,37,2,1226,0,99,15,0,114,1002,284,52,2,1340,0,0,0,1340
07/29/2017,BOS,MA,ANE,EN,Towers with Radar,830,166,22,0,1018,0,29,3,0,32,830,195,25,0,1050,0,0,0,1050
07/30/2017,BOS,MA,ANE,EN,Towers with Radar,920,119,25,1,1065,0,144,19,0,163,920,263,44,1,1228,0,0,0,1228
07/31/2017,BOS,MA,ANE,EN,Towers with Radar,1019,139,43,0,1201,0,123,10,3,136,1019,262,53,3,1337,0,0,0,1337
08/01/2017,BOS,MA,ANE,EN,Towers with Radar,989,132,42,0,1163,0,99,15,0,114,989,231,57,0,1277,0,0,0,1277
08/02/2017,BOS,MA,ANE,EN,Towers with Radar,879,127,49,0,1055,0,63,9,2,74,879,190,58,2,1129,0,0,0,1129
08/03/2017,BOS,MA,ANE,EN,Towers with Radar,1026,187,42,0,1255,0,70,16,1,87,1026,257,58,1,1342,0,0,0,1342
08/04/2017,BOS,MA,ANE,EN,Towers with Radar,956,196,38,0,1190,0,81,8,0,89,956,277,46,0,1279,0,0,0,1279
08/05/2017,BOS,MA,ANE,EN,Towers with Radar,834,171,21,0,1026,0,18,4,0,22,834,189,25,0,1048,0,0,0,1048
08/06/2017,BOS,MA,ANE,EN,Towers with Radar,925,131,22,2,1080,0,135,22,1,158,925,266,44,3,1238,0,0,0,1238
08/07/2017,BOS,MA,ANE,EN,Towers with Radar,981,148,42,0,1171,0,116,10,0,126,981,264,52,0,1297,0,0,0,1297
08/08/2017,BOS,MA,ANE,EN,Towers with Radar,1024,211,37,1,1273,0,18,10,4,32,1024,229,47,5,1305,0,0,0,1305
08/09/2017,BOS,MA,ANE,EN,Towers with Radar,1015,170,40,1,1226,0,87,15,1,103,1015,257,55,2,1329,0,0,0,1329
08/10/2017,BOS,MA,ANE,EN,Towers with Radar,1018,180,30,0,1228,0,119,14,0,133,1018,299,44,0,1361,0,0,0,1361
08/11/2017,BOS,MA,ANE,EN,Towers with Radar,992,198,27,3,1220,0,87,9,0,96,992,285,36,3,1316,0,0,0,1316
08/12/2017,BOS,MA,ANE,EN,Towers with Radar,820,206,23,0,1049,0,24,4,0,28,820,230,27,0,1077,0,0,0,1077
08/13/2017,BOS,MA,ANE,EN,Towers with Radar,924,179,39,0,1142,0,102,13,1,116,924,281,52,1,1258,0,0,0,1258
08/14/2017,BOS,MA,ANE,EN,Towers with Radar,1020,145,43,2,1210,0,130,21,0,151,1020,275,64,2,1361,0,0,0,1361
08/15/2017,BOS,MA,ANE,EN,Towers with Radar,992,179,48,0,1219,0,50,9,0,59,992,229,57,0,1278,0,0,0,1278
08/16/2017,BOS,MA,ANE,EN,Towers with Radar,1007,141,54,0,1202,0,84,18,1,103,1007,225,72,1,1305,0,0,0,1305
08/17/2017,BOS,MA,ANE,EN,Towers with Radar,1021,161,44,0,1226,0,106,26,1,133,1021,267,70,1,1359,0,0,0,1359
08/18/2017,BOS,MA,ANE,EN,Towers with Radar,950,238,32,0,1220,0,21,0,0,21,950,259,32,0,1241,0,0,0,1241
08/19/2017,BOS,MA,ANE,EN,Towers with Radar,839,185,14,0,1038,0,0,5,0,5,839,185,19,0,1043,0,0,0,1043
08/20/2017,BOS,MA,ANE,EN,Towers with Radar,924,140,32,0,1096,0,118,9,1,128,924,258,41,1,1224,0,0,0,1224
08/21/2017,BOS,MA,ANE,EN,Towers with Radar,996,126,38,0,1160,0,122,14,1,137,996,248,52,1,1297,0,0,0,1297
08/22/2017,BOS,MA,ANE,EN,Towers with Radar,977,202,35,0,1214,0,33,17,0,50,977,235,52,0,1264,0,0,0,1264
08/23/2017,BOS,MA,ANE,EN,Towers with Radar,1021,173,40,2,1236,0,52,9,0,61,1021,225,49,2,1297,0,0,0,1297
08/24/2017,BOS,MA,ANE,EN,Towers with Radar,1013,137,42,0,1192,0,115,16,0,131,1013,252,58,0,1323,0,0,0,1323
08/25/2017,BOS,MA,ANE,EN,Towers with Radar,1011,140,41,0,1192,0,141,23,1,165,1011,281,64,1,1357,0,0,0,1357
08/26/2017,BOS,MA,ANE,EN,Towers with Radar,786,90,26,0,902,0,123,9,0,132,786,213,35,0,1034,0,0,0,1034
08/27/2017,BOS,MA,ANE,EN,Towers with Radar,892,107,28,0,1027,0,141,10,0,151,892,248,38,0,1178,0,0,0,1178
08/28/2017,BOS,MA,ANE,EN,Towers with Radar,966,110,44,0,1120,0,130,13,0,143,966,240,57,0,1263,0,0,0,1263
08/29/2017,BOS,MA,ANE,EN,Towers with Radar,982,156,33,0,1171,0,62,5,0,67,982,218,38,0,1238,0,0,0,1238
08/30/2017,BOS,MA,ANE,EN,Towers with Radar,981,189,47,0,1217,0,45,7,1,53,981,234,54,1,1270,0,0,0,1270
08/31/2017,BOS,MA,ANE,EN,Towers with Radar,986,154,45,0,1185,0,93,14,1,108,986,247,59,1,1293,0,0,0,1293
09/01/2017,BOS,MA,ANE,EN,Towers with Radar,969,151,33,0,1153,0,147,12,0,159,969,298,45,0,1312,0,0,0,1312
09/02/2017,BOS,MA,ANE,EN,Towers with Radar,759,70,11,0,840,0,110,4,0,114,759,180,15,0,954,0,0,0,954
09/03/2017,BOS,MA,ANE,EN,Towers with Radar,724,167,13,0,904,0,2,1,0,3,724,169,14,0,907,0,0,0,907
09/04/2017,BOS,MA,ANE,EN,Towers with Radar,907,146,32,1,1086,0,120,8,0,128,907,266,40,1,1214,0,0,0,1214
09/05/2017,BOS,MA,ANE,EN,Towers with Radar,916,166,56,0,1138,0,56,17,0,73,916,222,73,0,1211,0,0,0,1211
09/06/2017,BOS,MA,ANE,EN,Towers with Radar,911,202,69,0,1182,0,2,1,0,3,911,204,70,0,1185,0,0,0,1185
09/07/2017,BOS,MA,ANE,EN,Towers with Radar,957,222,84,0,1263,0,35,14,2,51,957,257,98,2,1314,0,0,0,1314
09/08/2017,BOS,MA,ANE,EN,Towers with Radar,932,161,55,0,1148,0,136,14,0,150,932,297,69,0,1298,0,0,0,1298
09/09/2017,BOS,MA,ANE,EN,Towers with Radar,648,92,8,0,748,0,87,3,1,91,648,179,11,1,839,0,0,0,839
09/10/2017,BOS,MA,ANE,EN,Towers with Radar,820,133,33,0,986,0,114,8,1,123,820,247,41,1,1109,0,0,0,1109
09/11/2017,BOS,MA,ANE,EN,Towers with Radar,874,134,41,0,1049,0,141,16,0,157,874,275,57,0,1206,0,0,0,1206
09/12/2017,BOS,MA,ANE,EN,Towers with Radar,899,142,51,0,1092,0,95,11,0,106,899,237,62,0,1198,0,0,0,1198
09/13/2017,BOS,MA,ANE,EN,Towers with Radar,909,146,73,2,1130,0,107,6,0,113,909,253,79,2,1243,0,0,0,1243
09/14/2017,BOS,MA,ANE,EN,Towers with Radar,991,209,57,0,1257,0,33,10,0,43,991,242,67,0,1300,0,0,0,1300
09/15/2017,BOS,MA,ANE,EN,Towers with Radar,1004,253,42,1,1300,0,29,1,2,32,1004,282,43,3,1332,0,0,0,1332
09/16/2017,BOS,MA,ANE,EN,Towers with Radar,737,174,22,0,933,0,6,3,0,9,737,180,25,0,942,0,0,0,942
09/17/2017,BOS,MA,ANE,EN,Towers with Radar,859,147,18,0,1024,0,3,4,0,7,859,150,22,0,1031,0,0,0,1031
09/18/2017,BOS,MA,ANE,EN,Towers with Radar,980,201,33,2,1216,0,0,1,0,1,980,201,34,2,1217,0,0,0,1217
09/19/2017,BOS,MA,ANE,EN,Towers with Radar,980,165,24,1,1170,0,0,0,0,0,980,165,24,1,1170,0,0,0,1170
09/20/2017,BOS,MA,ANE,EN,Towers with Radar,944,126,31,3,1104,0,0,0,0,0,944,126,31,3,1104,0,0,0,1104
09/21/2017,BOS,MA,ANE,EN,Towers with Radar,995,125,43,1,1164,0,17,10,1,28,995,142,53,2,1192,0,0,0,1192
09/22/2017,BOS,MA,ANE,EN,Towers with Radar,947,177,39,1,1164,0,0,3,0,3,947,177,42,1,1167,0,0,0,1167
09/23/2017,BOS,MA,ANE,EN,Towers with Radar,740,120,10,0,870,0,14,5,0,19,740,134,15,0,889,0,0,0,889
09/24/2017,BOS,MA,ANE,EN,Towers with Radar,895,141,28,0,1064,0,70,15,0,85,895,211,43,0,1149,0,0,0,1149
09/25/2017,BOS,MA,ANE,EN,Towers with Radar,979,174,48,0,1201,0,63,10,0,73,979,237,58,0,1274,0,0,0,1274
09/26/2017,BOS,MA,ANE,EN,Towers with Radar,963,189,57,0,1209,0,32,10,0,42,963,221,67,0,1251,0,0,0,1251
09/27/2017,BOS,MA,ANE,EN,Towers with Radar,951,187,55,0,1193,0,32,4,1,37,951,219,59,1,1230,0,0,0,1230
09/28/2017,BOS,MA,ANE,EN,Towers with Radar,996,172,40,0,1208,1,70,11,0,82,997,242,51,0,1290,0,0,0,1290
09/29/2017,BOS,MA,ANE,EN,Towers with Radar,999,123,23,0,1145,0,141,21,0,162,999,264,44,0,1307,0,0,0,1307
09/30/2017,BOS,MA,ANE,EN,Towers with Radar,736,151,12,5,904,0,7,1,0,8,736,158,13,5,912,0,0,0,912
10/01/2017,BOS,MA,ANE,EN,Towers with Radar,892,101,47,0,1040,0,109,3,0,112,892,210,50,0,1152,0,0,0,1152
10/02/2017,BOS,MA,ANE,EN,Towers with Radar,1001,154,57,0,1212,0,99,34,0,133,1001,253,91,0,1345,0,0,0,1345
10/03/2017,BOS,MA,ANE,EN,Towers with Radar,980,140,46,1,1167,0,91,17,1,109,980,231,63,2,1276,0,0,0,1276
10/04/2017,BOS,MA,ANE,EN,Towers with Radar,981,163,62,2,1208,0,87,19,0,106,981,250,81,2,1314,0,0,0,1314
10/05/2017,BOS,MA,ANE,EN,Towers with Radar,1010,148,48,1,1207,0,93,7,4,104,1010,241,55,5,1311,0,0,0,1311
10/06/2017,BOS,MA,ANE,EN,Towers with Radar,989,180,51,0,1220,0,101,14,3,118,989,281,65,3,1338,0,0,0,1338
10/07/2017,BOS,MA,ANE,EN,Towers with Radar,744,120,10,0,874,0,39,0,2,41,744,159,10,2,915,0,0,0,915
10/08/2017,BOS,MA,ANE,EN,Towers with Radar,860,197,26,0,1083,0,6,1,0,7,860,203,27,0,1090,0,0,0,1090
10/09/2017,BOS,MA,ANE,EN,Towers with Radar,913,184,28,0,1125,0,0,0,0,0,913,184,28,0,1125,0,0,0,1125
10/10/2017,BOS,MA,ANE,EN,Towers with Radar,1001,152,35,0,1188,0,81,11,0,92,1001,233,46,0,1280,0,0,0,1280
10/11/2017,BOS,MA,ANE,EN,Towers with Radar,938,150,40,0,1128,0,76,21,0,97,938,226,61,0,1225,0,0,0,1225
10/12/2017,BOS,MA,ANE,EN,Towers with Radar,984,149,63,0,1196,0,85,7,0,92,984,234,70,0,1288,0,0,0,1288
10/13/2017,BOS,MA,ANE,EN,Towers with Radar,982,135,50,0,1167,0,97,7,0,104,982,232,57,0,1271,0,0,0,1271
10/14/2017,BOS,MA,ANE,EN,Towers with Radar,711,166,19,0,896,0,10,3,2,15,711,176,22,2,911,0,0,0,911
10/15/2017,BOS,MA,ANE,EN,Towers with Radar,879,191,33,0,1103,0,1,4,0,5,879,192,37,0,1108,0,0,0,1108
10/16/2017,BOS,MA,ANE,EN,Towers with Radar,976,139,30,1,1146,0,50,17,0,67,976,189,47,1,1213,0,0,0,1213
10/17/2017,BOS,MA,ANE,EN,Towers with Radar,956,126,45,0,1127,0,72,7,0,79,956,198,52,0,1206,0,0,0,1206
10/18/2017,BOS,MA,ANE,EN,Towers with Radar,964,152,38,0,1154,0,77,16,2,95,964,229,54,2,1249,0,0,0,1249
10/19/2017,BOS,MA,ANE,EN,Towers with Radar,984,134,61,2,1181,0,78,13,1,92,984,212,74,3,1273,0,0,0,1273
10/20/2017,BOS,MA,ANE,EN,Towers with Radar,984,114,34,3,1135,0,87,12,2,101,984,201,46,5,1236,0,0,0,1236
10/21/2017,BOS,MA,ANE,EN,Towers with Radar,724,75,22,2,823,0,71,8,0,79,724,146,30,2,902,0,0,0,902
10/22/2017,BOS,MA,ANE,EN,Towers with Radar,884,116,38,2,1040,0,72,17,0,89,884,188,55,2,1129,0,0,0,1129
10/23/2017,BOS,MA,ANE,EN,Towers with Radar,965,168,25,3,1161,0,0,0,0,0,965,168,25,3,1161,0,0,0,1161
10/24/2017,BOS,MA,ANE,EN,Towers with Radar,900,180,26,4,1110,0,4,0,0,4,900,184,26,4,1114,0,0,0,1114
10/25/2017,BOS,MA,ANE,EN,Towers with Radar,954,174,43,10,1181,0,0,0,0,0,954,174,43,10,1181,0,0,0,1181
10/26/2017,BOS,MA,ANE,EN,Towers with Radar,993,203,40,1,1237,0,0,1,0,1,993,203,41,1,1238,0,0,0,1238
10/27/2017,BOS,MA,ANE,EN,Towers with Radar,980,114,31,0,1125,0,77,10,2,89,980,191,41,2,1214,0,0,0,1214
10/28/2017,BOS,MA,ANE,EN,Towers with Radar,717,79,13,0,809,0,58,3,1,62,717,137,16,1,871,0,0,0,871
10/29/2017,BOS,MA,ANE,EN,Towers with Radar,780,112,24,0,916,0,23,6,1,30,780,135,30,1,946,0,0,0,946
10/30/2017,BOS,MA,ANE,EN,Towers with Radar,887,96,23,2,1008,0,16,0,0,16,887,112,23,2,1024,0,0,0,1024
10/31/2017,BOS,MA,ANE,EN,Towers with Radar,855,121,18,0,994,0,53,3,0,56,855,174,21,0,1050,0,0,0,1050
11/01/2017,BOS,MA,ANE,EN,Towers with Radar,905,135,73,2,1115,0,62,11,0,73,905,197,84,2,1188,0,0,0,1188
11/02/2017,BOS,MA,ANE,EN,Towers with Radar,943,199,55,0,1197,0,13,4,0,17,943,212,59,0,1214,0,0,0,1214
11/03/2017,BOS,MA,ANE,EN,Towers with Radar,946,168,44,0,1158,0,18,12,0,30,946,186,56,0,1188,0,0,0,1188
11/04/2017,BOS,MA,ANE,EN,Towers with Radar,710,72,13,1,796,0,58,12,1,71,710,130,25,2,867,0,0,0,867
11/05/2017,BOS,MA,ANE,EN,Towers with Radar,823,143,30,2,998,0,19,3,0,22,823,162,33,2,1020,0,0,0,1020
11/06/2017,BOS,MA,ANE,EN,Towers with Radar,938,181,35,2,1156,0,0,1,0,1,938,181,36,2,1157,0,0,0,1157
11/07/2017,BOS,MA,ANE,EN,Towers with Radar,898,151,42,0,1091,0,27,4,0,31,898,178,46,0,1122,0,0,0,1122
11/08/2017,BOS,MA,ANE,EN,Towers with Radar,911,163,48,0,1122,0,21,10,0,31,911,184,58,0,1153,0,0,0,1153
11/09/2017,BOS,MA,ANE,EN,Towers with Radar,972,144,42,2,1160,0,48,9,0,57,972,192,51,2,1217,0,0,0,1217
11/10/2017,BOS,MA,ANE,EN,Towers with Radar,969,132,23,0,1124,0,38,9,0,47,969,170,32,0,1171,0,0,0,1171
11/11/2017,BOS,MA,ANE,EN,Towers with Radar,698,73,14,0,785,0,45,4,0,49,698,118,18,0,834,0,0,0,834
11/12/2017,BOS,MA,ANE,EN,Towers with Radar,861,112,24,2,999,0,16,7,2,25,861,128,31,4,1024,0,0,0,1024
11/13/2017,BOS,MA,ANE,EN,Towers with Radar,958,147,45,0,1150,0,1,2,0,3,958,148,47,0,1153,0,0,0,1153
11/14/2017,BOS,MA,ANE,EN,Towers with Radar,931,167,68,2,1168,0,19,4,2,25,931,186,72,4,1193,0,0,0,1193
11/15/2017,BOS,MA,ANE,EN,Towers with Radar,933,153,67,1,1154,0,37,12,0,49,933,190,79,1,1203,0,0,0,1203
11/16/2017,BOS,MA,ANE,EN,Towers with Radar,980,185,56,1,1222,0,13,2,0,15,980,198,58,1,1237,0,0,0,1237
11/17/2017,BOS,MA,ANE,EN,Towers with Radar,979,152,39,2,1172,0,39,6,1,46,979,191,45,3,1218,0,0,0,1218
11/18/2017,BOS,MA,ANE,EN,Towers with Radar,728,84,12,3,827,0,39,5,1,45,728,123,17,4,872,0,0,0,872
11/19/2017,BOS,MA,ANE,EN,Towers with Radar,854,138,13,2,1007,0,8,7,2,17,854,146,20,4,1024,0,0,0,1024
11/20/2017,BOS,MA,ANE,EN,Towers with Radar,895,141,36,1,1073,0,44,4,0,48,895,185,40,1,1121,0,0,0,1121
11/21/2017,BOS,MA,ANE,EN,Towers with Radar,937,116,23,0,1076,0,85,11,0,96,937,201,34,0,1172,0,0,0,1172
11/22/2017,BOS,MA,ANE,EN,Towers with Radar,960,177,15,0,1152,0,3,0,0,3,960,180,15,0,1155,0,0,0,1155
11/23/2017,BOS,MA,ANE,EN,Towers with Radar,592,48,8,0,648,0,64,4,2,70,592,112,12,2,718,0,0,0,718
11/24/2017,BOS,MA,ANE,EN,Towers with Radar,663,73,9,0,745,0,53,9,1,63,663,126,18,1,808,0,0,0,808
11/25/2017,BOS,MA,ANE,EN,Towers with Radar,831,86,13,2,932,0,71,0,0,71,831,157,13,2,1003,0,0,0,1003
11/26/2017,BOS,MA,ANE,EN,Towers with Radar,961,116,35,1,1113,0,43,11,1,55,961,159,46,2,1168,0,0,0,1168
11/27/2017,BOS,MA,ANE,EN,Towers with Radar,981,133,28,0,1142,0,61,13,0,74,981,194,41,0,1216,0,0,0,1216
11/28/2017,BOS,MA,ANE,EN,Towers with Radar,926,143,38,2,1109,0,66,15,0,81,926,209,53,2,1190,0,0,0,1190
11/29/2017,BOS,MA,ANE,EN,Towers with Radar,898,171,42,2,1113,0,51,10,1,62,898,222,52,3,1175,0,0,0,1175
11/30/2017,BOS,MA,ANE,EN,Towers with Radar,932,174,41,0,1147,0,60,10,2,72,932,234,51,2,1219,0,0,0,1219
12/01/2017,BOS,MA,ANE,EN,Towers with Radar,930,168,32,0,1130,0,48,4,0,52,930,216,36,0,1182,0,0,0,1182
12/02/2017,BOS,MA,ANE,EN,Towers with Radar,668,117,5,0,790,0,26,0,5,31,668,143,5,5,821,0,0,0,821
12/03/2017,BOS,MA,ANE,EN,Towers with Radar,817,126,13,0,956,0,48,5,2,55,817,174,18,2,1011,0,0,0,1011
12/04/2017,BOS,MA,ANE,EN,Towers with Radar,913,141,31,0,1085,0,55,8,2,65,913,196,39,2,1150,0,0,0,1150
12/05/2017,BOS,MA,ANE,EN,Towers with Radar,880,153,47,0,1080,0,21,2,0,23,880,174,49,0,1103,0,0,0,1103
12/06/2017,BOS,MA,ANE,EN,Towers with Radar,884,168,45,0,1097,0,40,3,0,43,884,208,48,0,1140,0,0,0,1140
12/07/2017,BOS,MA,ANE,EN,Towers with Radar,921,150,55,0,1126,0,48,20,5,73,921,198,75,5,1199,0,0,0,1199
12/08/2017,BOS,MA,ANE,EN,Towers with Radar,908,137,25,0,1070,0,59,5,1,65,908,196,30,1,1135,0,0,0,1135
12/09/2017,BOS,MA,ANE,EN,Towers with Radar,602,87,2,0,691,0,4,0,0,4,602,91,2,0,695,0,0,0,695
12/10/2017,BOS,MA,ANE,EN,Towers with Radar,812,106,12,0,930,0,29,4,0,33,812,135,16,0,963,0,0,0,963
12/11/2017,BOS,MA,ANE,EN,Towers with Radar,914,144,43,0,1101,0,38,10,2,50,914,182,53,2,1151,0,0,0,1151
12/12/2017,BOS,MA,ANE,EN,Towers with Radar,872,136,37,0,1045,0,15,0,0,15,872,151,37,0,1060,0,0,0,1060
12/13/2017,BOS,MA,ANE,EN,Towers with Radar,894,152,32,0,1078,0,31,4,0,35,894,183,36,0,1113,0,0,0,1113
12/14/2017,BOS,MA,ANE,EN,Towers with Radar,918,147,39,0,1104,0,25,3,0,28,918,172,42,0,1132,0,0,0,1132
12/15/2017,BOS,MA,ANE,EN,Towers with Radar,921,128,35,0,1084,0,42,1,0,43,921,170,36,0,1127,0,0,0,1127
12/16/2017,BOS,MA,ANE,EN,Towers with Radar,722,98,9,0,829,0,31,1,0,32,722,129,10,0,861,0,0,0,861
12/17/2017,BOS,MA,ANE,EN,Towers with Radar,812,92,9,0,913,0,56,2,1,59,812,148,11,1,972,0,0,0,972
12/18/2017,BOS,MA,ANE,EN,Towers with Radar,931,161,17,0,1109,0,13,2,0,15,931,174,19,0,1124,0,0,0,1124
12/19/2017,BOS,MA,ANE,EN,Towers with Radar,944,123,25,0,1092,0,38,8,0,46,944,161,33,0,1138,0,0,0,1138
12/20/2017,BOS,MA,ANE,EN,Towers with Radar,928,123,32,0,1083,0,50,2,3,55,928,173,34,3,1138,0,0,0,1138
12/21/2017,BOS,MA,ANE,EN,Towers with Radar,938,97,38,0,1073,0,59,6,0,65,938,156,44,0,1138,0,0,0,1138
12/22/2017,BOS,MA,ANE,EN,Towers with Radar,926,128,16,0,1070,0,14,0,0,14,926,142,16,0,1084,0,0,0,1084
12/23/2017,BOS,MA,ANE,EN,Towers with Radar,781,52,7,0,840,0,0,0,0,0,781,52,7,0,840,0,0,0,840
12/24/2017,BOS,MA,ANE,EN,Towers with Radar,746,78,3,0,827,0,33,0,0,33,746,111,3,0,860,0,0,0,860
12/25/2017,BOS,MA,ANE,EN,Towers with Radar,621,33,5,0,659,0,0,0,0,0,621,33,5,0,659,0,0,0,659
12/26/2017,BOS,MA,ANE,EN,Towers with Radar,871,90,23,0,984,0,49,5,0,54,871,139,28,0,1038,0,0,0,1038
12/27/2017,BOS,MA,ANE,EN,Towers with Radar,883,78,13,0,974,0,53,3,1,57,883,131,16,1,1031,0,0,0,1031
12/28/2017,BOS,MA,ANE,EN,Towers with Radar,864,75,6,2,947,0,55,2,5,62,864,130,8,7,1009,0,0,0,1009
12/29/2017,BOS,MA,ANE,EN,Towers with Radar,840,109,10,0,959,0,33,2,1,36,840,142,12,1,995,0,0,0,995
12/30/2017,BOS,MA,ANE,EN,Towers with Radar,779,99,8,0,886,0,14,0,0,14,779,113,8,0,900,0,0,0,900
12/31/2017,BOS,MA,ANE,EN,Towers with Radar,718,76,13,0,807,0,31,6,0,37,718,107,19,0,844,0,0,0,844
01/01/2018,BOS,MA,ANE,EN,Towers with Radar,754,74,13,0,841,0,48,0,0,48,754,122,13,0,889,0,0,0,889
01/02/2018,BOS,MA,ANE,EN,Towers with Radar,845,83,10,2,940,0,71,6,1,78,845,154,16,3,1018,0,0,0,1018
01/03/2018,BOS,MA,ANE,EN,Towers with Radar,826,92,22,0,940,0,67,6,0,73,826,159,28,0,1013,0,0,0,1013
01/04/2018,BOS,MA,ANE,EN,Towers with Radar,80,2,1,0,83,0,0,0,0,0,80,2,1,0,83,0,0,0,83
01/05/2018,BOS,MA,ANE,EN,Towers with Radar,553,67,8,0,628,0,6,2,1,9,553,73,10,1,637,0,0,0,637
01/06/2018,BOS,MA,ANE,EN,Towers with Radar,706,82,4,0,792,0,31,0,0,31,706,113,4,0,823,0,0,0,823
01/07/2018,BOS,MA,ANE,EN,Towers with Radar,772,88,14,0,874,0,43,2,0,45,772,131,16,0,919,0,0,0,919
01/08/2018,BOS,MA,ANE,EN,Towers with Radar,919,122,14,0,1055,0,28,0,0,28,919,150,14,0,1083,0,0,0,1083
01/09/2018,BOS,MA,ANE,EN,Towers with Radar,889,120,19,0,1028,0,48,6,0,54,889,168,25,0,1082,0,0,0,1082
01/10/2018,BOS,MA,ANE,EN,Towers with Radar,898,109,15,0,1022,0,57,3,0,60,898,166,18,0,1082,0,0,0,1082
01/11/2018,BOS,MA,ANE,EN,Towers with Radar,938,149,28,0,1115,0,19,1,0,20,938,168,29,0,1135,0,0,0,1135
01/12/2018,BOS,MA,ANE,EN,Towers with Radar,837,116,16,0,969,0,0,0,0,0,837,116,16,0,969,0,0,0,969
01/13/2018,BOS,MA,ANE,EN,Towers with Radar,681,65,9,0,755,0,11,0,0,11,681,76,9,0,766,0,0,0,766
01/14/2018,BOS,MA,ANE,EN,Towers with Radar,716,110,5,0,831,0,9,1,2,12,716,119,6,2,843,0,0,0,843
01/15/2018,BOS,MA,ANE,EN,Towers with Radar,880,146,15,0,1041,0,0,1,0,1,880,146,16,0,1042,0,0,0,1042
01/16/2018,BOS,MA,ANE,EN,Towers with Radar,848,160,34,0,1042,0,23,2,0,25,848,183,36,0,1067,0,0,0,1067
01/17/2018,BOS,MA,ANE,EN,Towers with Radar,692,137,17,0,846,0,0,0,0,0,692,137,17,0,846,0,0,0,846
01/18/2018,BOS,MA,ANE,EN,Towers with Radar,939,151,19,0,1109,0,35,16,0,51,939,186,35,0,1160,0,0,0,1160
01/19/2018,BOS,MA,ANE,EN,Towers with Radar,927,153,22,1,1103,0,33,1,2,36,927,186,23,3,1139,0,0,0,1139
01/20/2018,BOS,MA,ANE,EN,Towers with Radar,658,78,21,2,759,0,40,7,0,47,658,118,28,2,806,0,0,0,806
01/21/2018,BOS,MA,ANE,EN,Towers with Radar,787,111,28,0,926,0,34,5,0,39,787,145,33,0,965,0,0,0,965
01/22/2018,BOS,MA,ANE,EN,Towers with Radar,918,148,17,0,1083,0,2,0,0,2,918,150,17,0,1085,0,0,0,1085
01/23/2018,BOS,MA,ANE,EN,Towers with Radar,867,130,17,0,1014,0,0,0,0,0,867,130,17,0,1014,0,0,0,1014
01/24/2018,BOS,MA,ANE,EN,Towers with Radar,895,138,29,0,1062,0,42,7,0,49,895,180,36,0,1111,0,0,0,1111
01/25/2018,BOS,MA,ANE,EN,Towers with Radar,945,123,20,1,1089,0,53,6,1,60,945,176,26,2,1149,0,0,0,1149
01/26/2018,BOS,MA,ANE,EN,Towers with Radar,928,111,27,0,1066,0,66,16,0,82,928,177,43,0,1148,0,0,0,1148
01/27/2018,BOS,MA,ANE,EN,Towers with Radar,659,67,7,0,733,0,42,3,2,47,659,109,10,2,780,0,0,0,780
01/28/2018,BOS,MA,ANE,EN,Towers with Radar,785,130,9,1,925,1,25,1,0,27,786,155,10,1,952,0,0,0,952
01/29/2018,BOS,MA,ANE,EN,Towers with Radar,910,148,19,0,1077,0,14,8,0,22,910,162,27,0,1099,0,0,0,1099
01/30/2018,BOS,MA,ANE,EN,Towers with Radar,878,104,34,0,1016,0,0,0,0,0,878,104,34,0,1016,0,0,0,1016
01/31/2018,BOS,MA,ANE,EN,Towers with Radar,895,123,33,0,1051,0,53,5,3,61,895,176,38,3,1112,0,0,0,1112
02/01/2018,BOS,MA,ANE,EN,Towers with Radar,935,153,26,0,1114,0,24,0,0,24,935,177,26,0,1138,0,0,0,1138
02/02/2018,BOS,MA,ANE,EN,Towers with Radar,933,158,22,1,1114,0,16,1,1,18,933,174,23,2,1132,0,0,0,1132
02/03/2018,BOS,MA,ANE,EN,Towers with Radar,670,89,6,0,765,0,42,2,3,47,670,131,8,3,812,0,0,0,812
02/04/2018,BOS,MA,ANE,EN,Towers with Radar,719,115,19,1,854,0,4,2,3,9,719,119,21,4,863,0,0,0,863
02/05/2018,BOS,MA,ANE,EN,Towers with Radar,954,159,29,0,1142,0,27,3,0,30,954,186,32,0,1172,0,0,0,1172
02/06/2018,BOS,MA,ANE,EN,Towers with Radar,869,162,20,0,1051,0,21,19,0,40,869,183,39,0,1091,0,0,0,1091
02/07/2018,BOS,MA,ANE,EN,Towers with Radar,673,102,19,0,794,0,13,0,0,13,673,115,19,0,807,0,0,0,807
02/08/2018,BOS,MA,ANE,EN,Towers with Radar,929,143,41,0,1113,0,41,10,0,51,929,184,51,0,1164,0,0,0,1164
02/09/2018,BOS,MA,ANE,EN,Towers with Radar,897,127,24,1,1049,0,46,7,2,55,897,173,31,3,1104,0,0,0,1104
02/10/2018,BOS,MA,ANE,EN,Towers with Radar,649,112,17,0,778,0,6,2,0,8,649,118,19,0,786,0,0,0,786
02/11/2018,BOS,MA,ANE,EN,Towers with Radar,684,67,12,0,763,0,0,0,0,0,684,67,12,0,763,0,0,0,763
02/12/2018,BOS,MA,ANE,EN,Towers with Radar,901,121,32,1,1055,0,22,7,0,29,901,143,39,1,1084,0,0,0,1084
02/13/2018,BOS,MA,ANE,EN,Towers with Radar,925,121,35,1,1082,0,22,6,0,28,925,143,41,1,1110,0,0,0,1110
02/14/2018,BOS,MA,ANE,EN,Towers with Radar,831,135,35,0,1001,0,19,12,0,31,831,154,47,0,1032,0,0,0,1032
02/15/2018,BOS,MA,ANE,EN,Towers with Radar,922,175,35,2,1134,0,2,7,0,9,922,177,42,2,1143,0,0,0,1143
02/16/2018,BOS,MA,ANE,EN,Towers with Radar,936,133,35,2,1106,0,7,8,0,15,936,140,43,2,1121,0,0,0,1121
02/17/2018,BOS,MA,ANE,EN,Towers with Radar,738,78,12,0,828,0,19,2,0,21,738,97,14,0,849,0,0,0,849
02/18/2018,BOS,MA,ANE,EN,Towers with Radar,772,95,9,0,876,0,10,8,0,18,772,105,17,0,894,0,0,0,894
02/19/2018,BOS,MA,ANE,EN,Towers with Radar,903,115,20,0,1038,0,44,17,5,66,903,159,37,5,1104,0,0,0,1104
02/20/2018,BOS,MA,ANE,EN,Towers with Radar,904,146,39,0,1089,0,6,7,0,13,904,152,46,0,1102,0,0,0,1102
02/21/2018,BOS,MA,ANE,EN,Towers with Radar,913,144,31,0,1088,0,9,3,0,12,913,153,34,0,1100,0,0,0,1100
02/22/2018,BOS,MA,ANE,EN,Towers with Radar,947,129,36,0,1112,0,7,0,0,7,947,136,36,0,1119,0,0,0,1119
02/23/2018,BOS,MA,ANE,EN,Towers with Radar,965,155,35,0,1155,0,11,0,0,11,965,166,35,0,1166,0,0,0,1166
02/24/2018,BOS,MA,ANE,EN,Towers with Radar,730,96,20,0,846,0,35,7,1,43,730,131,27,1,889,0,0,0,889
02/25/2018,BOS,MA,ANE,EN,Towers with Radar,844,97,17,0,958,0,0,0,0,0,844,97,17,0,958,0,0,0,958
02/26/2018,BOS,MA,ANE,EN,Towers with Radar,951,134,21,0,1106,0,20,8,1,29,951,154,29,1,1135,0,0,0,1135
02/27/2018,BOS,MA,ANE,EN,Towers with Radar,939,115,23,0,1077,0,43,2,0,45,939,158,25,0,1122,0,0,0,1122
02/28/2018,BOS,MA,ANE,EN,Towers with Radar,942,131,32,0,1105,0,62,8,0,70,942,193,40,0,1175,0,0,0,1175
03/01/2018,BOS,MA,ANE,EN,Towers with Radar,999,156,40,0,1195,0,36,5,1,42,999,192,45,1,1237,0,0,0,1237
03/02/2018,BOS,MA,ANE,EN,Towers with Radar,455,17,13,0,485,0,0,0,0,0,455,17,13,0,485,0,0,0,485
03/03/2018,BOS,MA,ANE,EN,Towers with Radar,657,98,16,0,771,0,2,1,0,3,657,100,17,0,774,0,0,0,774
03/04/2018,BOS,MA,ANE,EN,Towers with Radar,859,131,18,0,1008,0,4,7,0,11,859,135,25,0,1019,0,0,0,1019
03/05/2018,BOS,MA,ANE,EN,Towers with Radar,988,168,29,0,1185,0,5,5,0,10,988,173,34,0,1195,0,0,0,1195
03/06/2018,BOS,MA,ANE,EN,Towers with Radar,988,186,53,0,1227,0,4,7,0,11,988,190,60,0,1238,0,0,0,1238
03/07/2018,BOS,MA,ANE,EN,Towers with Radar,671,94,15,0,780,0,0,0,2,2,671,94,15,2,782,0,0,0,782
03/08/2018,BOS,MA,ANE,EN,Towers with Radar,845,120,25,0,990,0,2,4,2,8,845,122,29,2,998,0,0,0,998
03/09/2018,BOS,MA,ANE,EN,Towers with Radar,983,171,36,1,1191,0,14,7,0,21,983,185,43,1,1212,0,0,0,1212
03/10/2018,BOS,MA,ANE,EN,Towers with Radar,779,94,19,1,893,0,16,3,0,19,779,110,22,1,912,0,0,0,912
03/11/2018,BOS,MA,ANE,EN,Towers with Radar,861,106,21,2,990,0,19,0,0,19,861,125,21,2,1009,0,0,0,1009
03/12/2018,BOS,MA,ANE,EN,Towers with Radar,983,161,33,0,1177,0,13,11,0,24,983,174,44,0,1201,0,0,0,1201
03/13/2018,BOS,MA,ANE,EN,Towers with Radar,84,3,4,0,91,0,0,0,0,0,84,3,4,0,91,0,0,0,91
03/14/2018,BOS,MA,ANE,EN,Towers with Radar,896,148,43,0,1087,0,4,0,0,4,896,152,43,0,1091,0,0,0,1091
03/15/2018,BOS,MA,ANE,EN,Towers with Radar,1007,141,38,0,1186,0,18,4,0,22,1007,159,42,0,1208,0,0,0,1208
03/16/2018,BOS,MA,ANE,EN,Towers with Radar,976,114,19,0,1109,0,22,6,1,29,976,136,25,1,1138,0,0,0,1138
03/17/2018,BOS,MA,ANE,EN,Towers with Radar,779,75,9,0,863,0,28,3,0,31,779,103,12,0,894,0,0,0,894
03/18/2018,BOS,MA,ANE,EN,Towers with Radar,887,93,15,0,995,0,22,5,0,27,887,115,20,0,1022,0,0,0,1022
03/19/2018,BOS,MA,ANE,EN,Towers with Radar,980,128,35,0,1143,0,30,9,0,39,980,158,44,0,1182,0,0,0,1182
03/20/2018,BOS,MA,ANE,EN,Towers with Radar,990,111,41,0,1142,0,41,11,0,52,990,152,52,0,1194,0,0,0,1194
03/21/2018,BOS,MA,ANE,EN,Towers with Radar,612,92,15,0,719,0,2,2,0,4,612,94,17,0,723,0,0,0,723
03/22/2018,BOS,MA,ANE,EN,Towers with Radar,899,133,33,0,1065,0,2,4,0,6,899,135,37,0,1071,0,0,0,1071
03/23/2018,BOS,MA,ANE,EN,Towers with Radar,1074,146,37,0,1257,0,28,5,0,33,1074,174,42,0,1290,0,0,0,1290
03/24/2018,BOS,MA,ANE,EN,Towers with Radar,842,79,32,2,955,0,18,11,0,29,842,97,43,2,984,0,0,0,984
03/25/2018,BOS,MA,ANE,EN,Towers with Radar,900,150,41,0,1091,0,1,7,0,8,900,151,48,0,1099,0,0,0,1099
03/26/2018,BOS,MA,ANE,EN,Towers with Radar,1057,119,32,0,1208,0,26,3,0,29,1057,145,35,0,1237,0,0,0,1237
03/27/2018,BOS,MA,ANE,EN,Towers with Radar,1053,131,44,0,1228,0,18,15,0,33,1053,149,59,0,1261,0,0,0,1261
03/28/2018,BOS,MA,ANE,EN,Towers with Radar,1022,145,28,0,1195,0,36,4,1,41,1022,181,32,1,1236,0,0,0,1236
03/29/2018,BOS,MA,ANE,EN,Towers with Radar,1038,157,30,0,1225,0,19,9,0,28,1038,176,39,0,1253,0,0,0,1253
03/30/2018,BOS,MA,ANE,EN,Towers with Radar,971,146,43,0,1160,0,4,1,0,5,971,150,44,0,1165,0,0,0,1165
03/31/2018,BOS,MA,ANE,EN,Towers with Radar,807,74,7,0,888,0,35,9,2,46,807,109,16,2,934,0,0,0,934
04/01/2018,BOS,MA,ANE,EN,Towers with Radar,860,105,19,0,984,0,27,0,0,27,860,132,19,0,1011,0,0,0,1011
04/02/2018,BOS,MA,ANE,EN,Towers with Radar,974,167,30,0,1171,0,7,6,0,13,974,174,36,0,1184,0,0,0,1184
04/03/2018,BOS,MA,ANE,EN,Towers with Radar,990,155,40,2,1187,0,32,1,0,33,990,187,41,2,1220,0,0,0,1220
04/04/2018,BOS,MA,ANE,EN,Towers with Radar,960,141,30,0,1131,0,0,0,0,0,960,141,30,0,1131,0,0,0,1131
04/05/2018,BOS,MA,ANE,EN,Towers with Radar,1025,131,35,0,1191,0,61,19,0,80,1025,192,54,0,1271,0,0,0,1271
04/06/2018,BOS,MA,ANE,EN,Towers with Radar,972,159,37,0,1168,0,22,5,0,27,972,181,42,0,1195,0,0,0,1195
04/07/2018,BOS,MA,ANE,EN,Towers with Radar,820,121,16,0,957,0,36,0,0,36,820,157,16,0,993,0,0,0,993
04/08/2018,BOS,MA,ANE,EN,Towers with Radar,901,125,25,0,1051,0,43,5,0,48,901,168,30,0,1099,0,0,0,1099
04/09/2018,BOS,MA,ANE,EN,Towers with Radar,1009,130,45,1,1185,0,61,16,2,79,1009,191,61,3,1264,0,0,0,1264
04/10/2018,BOS,MA,ANE,EN,Towers with Radar,1003,168,48,2,1221,0,22,8,0,30,1003,190,56,2,1251,0,0,0,1251
04/11/2018,BOS,MA,ANE,EN,Towers with Radar,1038,211,36,3,1288,0,12,9,0,21,1038,223,45,3,1309,0,0,0,1309
04/12/2018,BOS,MA,ANE,EN,Towers with Radar,1036,188,64,2,1290,0,54,9,0,63,1036,242,73,2,1353,0,0,0,1353
04/13/2018,BOS,MA,ANE,EN,Towers with Radar,1058,166,42,0,1266,0,56,9,2,67,1058,222,51,2,1333,0,0,0,1333
04/14/2018,BOS,MA,ANE,EN,Towers with Radar,833,145,30,0,1008,0,9,2,0,11,833,154,32,0,1019,0,0,0,1019
04/15/2018,BOS,MA,ANE,EN,Towers with Radar,854,90,22,0,966,0,1,0,0,1,854,91,22,0,967,0,0,0,967
04/16/2018,BOS,MA,ANE,EN,Towers with Radar,969,73,12,0,1054,0,0,0,0,0,969,73,12,0,1054,0,0,0,1054
04/17/2018,BOS,MA,ANE,EN,Towers with Radar,1076,162,34,2,1274,0,16,14,0,30,1076,178,48,2,1304,0,0,0,1304
04/18/2018,BOS,MA,ANE,EN,Towers with Radar,1037,155,49,0,1241,0,36,8,0,44,1037,191,57,0,1285,0,0,0,1285
04/19/2018,BOS,MA,ANE,EN,Towers with Radar,1046,153,39,0,1238,0,3,0,0,3,1046,156,39,0,1241,0,0,0,1241
04/20/2018,BOS,MA,ANE,EN,Towers with Radar,1064,142,30,2,1238,0,33,7,7,47,1064,175,37,9,1285,0,0,0,1285
04/21/2018,BOS,MA,ANE,EN,Towers with Radar,839,72,22,1,934,0,65,4,1,70,839,137,26,2,1004,0,0,0,1004
04/22/2018,BOS,MA,ANE,EN,Towers with Radar,912,89,29,3,1033,0,70,2,0,72,912,159,31,3,1105,0,0,0,1105
04/23/2018,BOS,MA,ANE,EN,Towers with Radar,1039,122,24,0,1185,0,63,7,0,70,1039,185,31,0,1255,0,0,0,1255
04/24/2018,BOS,MA,ANE,EN,Towers with Radar,1027,149,44,0,1220,0,52,7,0,59,1027,201,51,0,1279,0,0,0,1279
04/25/2018,BOS,MA,ANE,EN,Towers with Radar,945,180,46,0,1171,0,3,1,0,4,945,183,47,0,1175,0,0,0,1175
04/26/2018,BOS,MA,ANE,EN,Towers with Radar,1087,198,51,1,1337,0,38,4,0,42,1087,236,55,1,1379,0,0,0,1379
04/27/2018,BOS,MA,ANE,EN,Towers with Radar,1046,170,47,1,1264,0,51,7,2,60,1046,221,54,3,1324,0,0,0,1324
04/28/2018,BOS,MA,ANE,EN,Towers with Radar,824,123,26,0,973,0,32,5,0,37,824,155,31,0,1010,0,0,0,1010
04/29/2018,BOS,MA,ANE,EN,Towers with Radar,919,170,24,2,1115,0,45,0,0,45,919,215,24,2,1160,0,0,0,1160
04/30/2018,BOS,MA,ANE,EN,Towers with Radar,1039,193,34,0,1266,0,25,3,0,28,1039,218,37,0,1294,0,0,0,1294
05/01/2018,BOS,MA,ANE,EN,Towers with Radar,1049,155,49,0,1253,0,39,11,0,50,1049,194,60,0,1303,0,0,0,1303
05/02/2018,BOS,MA,ANE,EN,Towers with Radar,1003,131,69,0,1203,0,60,18,0,78,1003,191,87,0,1281,0,0,0,1281
05/03/2018,BOS,MA,ANE,EN,Towers with Radar,1047,178,63,2,1290,0,41,11,0,52,1047,219,74,2,1342,0,0,0,1342
05/04/2018,BOS,MA,ANE,EN,Towers with Radar,1055,197,45,0,1297,0,17,2,0,19,1055,214,47,0,1316,0,0,0,1316
05/05/2018,BOS,MA,ANE,EN,Towers with Radar,800,82,3,0,885,0,62,4,1,67,800,144,7,1,952,0,0,0,952
05/06/2018,BOS,MA,ANE,EN,Towers with Radar,941,147,16,0,1104,0,31,0,0,31,941,178,16,0,1135,0,0,0,1135
05/07/2018,BOS,MA,ANE,EN,Towers with Radar,1033,159,39,0,1231,0,54,7,0,61,1033,213,46,0,1292,0,0,0,1292
05/08/2018,BOS,MA,ANE,EN,Towers with Radar,1027,148,41,0,1216,0,30,6,0,36,1027,178,47,0,1252,0,0,0,1252
05/09/2018,BOS,MA,ANE,EN,Towers with Radar,1013,154,45,0,1212,0,32,16,0,48,1013,186,61,0,1260,0,0,0,1260
05/10/2018,BOS,MA,ANE,EN,Towers with Radar,1044,204,46,0,1294,0,12,6,0,18,1044,216,52,0,1312,0,0,0,1312
05/11/2018,BOS,MA,ANE,EN,Towers with Radar,1060,118,20,0,1198,0,90,5,0,95,1060,208,25,0,1293,0,0,0,1293
05/12/2018,BOS,MA,ANE,EN,Towers with Radar,798,129,13,4,944,0,24,2,0,26,798,153,15,4,970,0,0,0,970
05/13/2018,BOS,MA,ANE,EN,Towers with Radar,908,189,32,0,1129,0,11,2,0,13,908,200,34,0,1142,0,0,0,1142
05/14/2018,BOS,MA,ANE,EN,Towers with Radar,1008,206,50,0,1264,0,25,6,0,31,1008,231,56,0,1295,0,0,0,1295
05/15/2018,BOS,MA,ANE,EN,Towers with Radar,909,187,60,0,1156,0,9,7,0,16,909,196,67,0,1172,0,0,0,1172
05/16/2018,BOS,MA,ANE,EN,Towers with Radar,1010,212,53,0,1275,0,37,16,1,54,1010,249,69,1,1329,0,0,0,1329
05/17/2018,BOS,MA,ANE,EN,Towers with Radar,1077,226,53,1,1357,0,34,5,2,41,1077,260,58,3,1398,0,0,0,1398
05/18/2018,BOS,MA,ANE,EN,Towers with Radar,1044,143,55,3,1245,0,82,6,0,88,1044,225,61,3,1333,0,0,0,1333
05/19/2018,BOS,MA,ANE,EN,Towers with Radar,812,158,20,1,991,0,18,0,0,18,812,176,20,1,1009,0,0,0,1009
05/20/2018,BOS,MA,ANE,EN,Towers with Radar,939,213,31,1,1184,0,8,0,0,8,939,221,31,1,1192,0,0,0,1192
05/21/2018,BOS,MA,ANE,EN,Towers with Radar,1041,159,26,1,1227,0,95,8,0,103,1041,254,34,1,1330,0,0,0,1330
05/22/2018,BOS,MA,ANE,EN,Towers with Radar,1026,147,51,2,1226,0,52,10,0,62,1026,199,61,2,1288,0,0,0,1288
05/23/2018,BOS,MA,ANE,EN,Towers with Radar,1047,176,54,2,1279,0,59,24,0,83,1047,235,78,2,1362,0,0,0,1362
05/24/2018,BOS,MA,ANE,EN,Towers with Radar,1067,197,51,1,1316,0,85,8,0,93,1067,282,59,1,1409,0,0,0,1409
05/25/2018,BOS,MA,ANE,EN,Towers with Radar,1063,163,26,0,1252,0,119,12,0,131,1063,282,38,0,1383,0,0,0,1383
05/26/2018,BOS,MA,ANE,EN,Towers with Radar,798,118,16,0,932,0,61,10,0,71,798,179,26,0,1003,0,0,0,1003
05/27/2018,BOS,MA,ANE,EN,Towers with Radar,791,206,25,0,1022,0,2,1,0,3,791,208,26,0,1025,0,0,0,1025
05/28/2018,BOS,MA,ANE,EN,Towers with Radar,944,266,38,0,1248,0,0,1,0,1,944,266,39,0,1249,0,0,0,1249
05/29/2018,BOS,MA,ANE,EN,Towers with Radar,1033,176,38,2,1249,0,74,9,0,83,1033,250,47,2,1332,0,0,0,1332
05/30/2018,BOS,MA,ANE,EN,Towers with Radar,1045,168,63,1,1277,0,82,60,1,143,1045,250,123,2,1420,0,0,0,1420
05/31/2018,BOS,MA,ANE,EN,Towers with Radar,1031,154,35,2,1222,0,74,4,1,79,1031,228,39,3,1301,0,0,0,1301
06/01/2018,BOS,MA,ANE,EN,Towers with Radar,1041,211,31,0,1283,0,4,3,0,7,1041,215,34,0,1290,0,0,0,1290
06/02/2018,BOS,MA,ANE,EN,Towers with Radar,805,156,5,0,966,0,17,5,0,22,805,173,10,0,988,0,0,0,988
06/03/2018,BOS,MA,ANE,EN,Towers with Radar,936,184,17,0,1137,0,52,5,2,59,936,236,22,2,1196,0,0,0,1196
06/04/2018,BOS,MA,ANE,EN,Towers with Radar,1023,189,47,0,1259,0,0,2,0,2,1023,189,49,0,1261,0,0,0,1261
06/05/2018,BOS,MA,ANE,EN,Towers with Radar,1050,214,62,2,1328,0,7,4,0,11,1050,221,66,2,1339,0,0,0,1339
06/06/2018,BOS,MA,ANE,EN,Towers with Radar,1037,215,54,0,1306,0,24,9,0,33,1037,239,63,0,1339,0,0,0,1339
06/07/2018,BOS,MA,ANE,EN,Towers with Radar,1067,209,45,0,1321,0,63,16,0,79,1067,272,61,0,1400,0,0,0,1400
06/08/2018,BOS,MA,ANE,EN,Towers with Radar,1068,151,32,2,1253,0,100,13,0,113,1068,251,45,2,1366,0,0,0,1366
06/09/2018,BOS,MA,ANE,EN,Towers with Radar,846,98,8,0,952,0,82,13,0,95,846,180,21,0,1047,0,0,0,1047
06/10/2018,BOS,MA,ANE,EN,Towers with Radar,989,135,17,0,1141,0,109,18,1,128,989,244,35,1,1269,0,0,0,1269
06/11/2018,BOS,MA,ANE,EN,Towers with Radar,1065,123,46,0,1234,0,94,16,1,111,1065,217,62,1,1345,0,0,0,1345
06/12/2018,BOS,MA,ANE,EN,Towers with Radar,1080,160,51,0,1291,0,103,25,0,128,1080,263,76,0,1419,0,0,0,1419
06/13/2018,BOS,MA,ANE,EN,Towers with Radar,1080,225,39,0,1344,0,38,7,1,46,1080,263,46,1,1390,0,0,0,1390
06/14/2018,BOS,MA,ANE,EN,Towers with Radar,1072,172,34,2,1280,0,77,17,1,95,1072,249,51,3,1375,0,0,0,1375
06/15/2018,BOS,MA,ANE,EN,Towers with Radar,1070,218,31,2,1321,0,28,7,1,36,1070,246,38,3,1357,0,0,0,1357
06/16/2018,BOS,MA,ANE,EN,Towers with Radar,856,105,10,0,971,0,102,10,1,113,856,207,20,1,1084,0,0,0,1084
06/17/2018,BOS,MA,ANE,EN,Towers with Radar,984,112,16,1,1113,0,123,9,0,132,984,235,25,1,1245,0,0,0,1245
06/18/2018,BOS,MA,ANE,EN,Towers with Radar,1032,140,48,1,1221,0,103,15,1,119,1032,243,63,2,1340,0,0,0,1340
06/19/2018,BOS,MA,ANE,EN,Towers with Radar,1058,138,71,2,1269,0,87,12,2,101,1058,225,83,4,1370,0,0,0,1370
06/20/2018,BOS,MA,ANE,EN,Towers with Radar,1084,141,56,1,1282,0,108,7,0,115,1084,249,63,1,1397,0,0,0,1397
06/21/2018,BOS,MA,ANE,EN,Towers with Radar,1090,177,61,1,1329,0,89,9,1,99,1090,266,70,2,1428,0,0,0,1428
06/22/2018,BOS,MA,ANE,EN,Towers with Radar,1075,166,41,0,1282,0,113,11,0,124,1075,279,52,0,1406,0,0,0,1406
06/23/2018,BOS,MA,ANE,EN,Towers with Radar,887,153,19,0,1059,0,19,2,0,21,887,172,21,0,1080,0,0,0,1080
06/24/2018,BOS,MA,ANE,EN,Towers with Radar,951,204,34,0,1189,0,14,4,0,18,951,218,38,0,1207,0,0,0,1207
06/25/2018,BOS,MA,ANE,EN,Towers with Radar,1092,231,45,0,1368,0,24,4,0,28,1092,255,49,0,1396,0,0,0,1396
06/26/2018,BOS,MA,ANE,EN,Towers with Radar,1068,131,60,0,1259,0,98,14,0,112,1068,229,74,0,1371,0,0,0,1371
06/27/2018,BOS,MA,ANE,EN,Towers with Radar,1091,149,41,0,1281,0,93,9,0,102,1091,242,50,0,1383,0,0,0,1383
06/28/2018,BOS,MA,ANE,EN,Towers with Radar,988,179,26,0,1193,0,0,1,0,1,988,179,27,0,1194,0,0,0,1194
06/29/2018,BOS,MA,ANE,EN,Towers with Radar,1138,158,32,0,1328,0,149,16,2,167,1138,307,48,2,1495,0,0,0,1495
06/30/2018,BOS,MA,ANE,EN,Towers with Radar,902,103,18,0,1023,0,131,16,0,147,902,234,34,0,1170,0,0,0,1170
07/01/2018,BOS,MA,ANE,EN,Towers with Radar,885,125,18,0,1028,0,126,10,0,136,885,251,28,0,1164,0,0,0,1164
07/02/2018,BOS,MA,ANE,EN,Towers with Radar,938,139,8,0,1085,0,116,11,2,129,938,255,19,2,1214,0,0,0,1214
07/03/2018,BOS,MA,ANE,EN,Towers with Radar,875,183,11,2,1071,0,81,17,0,98,875,264,28,2,1169,0,0,0,1169
07/04/2018,BOS,MA,ANE,EN,Towers with Radar,828,104,5,0,937,0,100,48,0,148,828,204,53,0,1085,0,0,0,1085
07/05/2018,BOS,MA,ANE,EN,Towers with Radar,933,159,27,0,1119,0,73,11,0,84,933,232,38,0,1203,0,0,0,1203
07/06/2018,BOS,MA,ANE,EN,Towers with Radar,966,177,13,2,1158,0,33,4,1,38,966,210,17,3,1196,0,0,0,1196
07/07/2018,BOS,MA,ANE,EN,Towers with Radar,879,112,19,2,1012,0,150,15,0,165,879,262,34,2,1177,0,0,0,1177
07/08/2018,BOS,MA,ANE,EN,Towers with Radar,988,111,20,3,1122,0,168,19,0,187,988,279,39,3,1309,0,0,0,1309
07/09/2018,BOS,MA,ANE,EN,Towers with Radar,1069,133,18,0,1220,0,156,6,1,163,1069,289,24,1,1383,0,0,0,1383
07/10/2018,BOS,MA,ANE,EN,Towers with Radar,1067,147,40,0,1254,0,108,7,0,115,1067,255,47,0,1369,0,0,0,1369
07/11/2018,BOS,MA,ANE,EN,Towers with Radar,1084,170,34,0,1288,0,76,11,4,91,1084,246,45,4,1379,0,0,0,1379
07/12/2018,BOS,MA,ANE,EN,Towers with Radar,1085,137,31,2,1255,0,126,10,1,137,1085,263,41,3,1392,0,0,0,1392
07/13/2018,BOS,MA,ANE,EN,Towers with Radar,1087,134,35,0,1256,0,123,10,2,135,1087,257,45,2,1391,0,0,0,1391
07/14/2018,BOS,MA,ANE,EN,Towers with Radar,882,125,20,0,1027,0,105,7,1,113,882,230,27,1,1140,0,0,0,1140
07/15/2018,BOS,MA,ANE,EN,Towers with Radar,950,217,34,0,1201,0,62,9,0,71,950,279,43,0,1272,0,0,0,1272
07/16/2018,BOS,MA,ANE,EN,Towers with Radar,1045,188,30,0,1263,0,2,4,0,6,1045,190,34,0,1269,0,0,0,1269
07/17/2018,BOS,MA,ANE,EN,Towers with Radar,932,129,30,0,1091,0,6,3,1,10,932,135,33,1,1101,0,0,0,1101
07/18/2018,BOS,MA,ANE,EN,Towers with Radar,1131,165,41,0,1337,0,86,14,0,100,1131,251,55,0,1437,0,0,0,1437
07/19/2018,BOS,MA,ANE,EN,Towers with Radar,1082,118,39,0,1239,0,149,12,0,161,1082,267,51,0,1400,0,0,0,1400
07/20/2018,BOS,MA,ANE,EN,Towers with Radar,1067,136,41,0,1244,0,143,10,0,153,1067,279,51,0,1397,0,0,0,1397
07/21/2018,BOS,MA,ANE,EN,Towers with Radar,881,153,21,1,1056,0,63,6,1,70,881,216,27,2,1126,0,0,0,1126
07/22/2018,BOS,MA,ANE,EN,Towers with Radar,934,242,29,0,1205,0,7,4,0,11,934,249,33,0,1216,0,0,0,1216
07/23/2018,BOS,MA,ANE,EN,Towers with Radar,1047,249,28,2,1326,0,17,5,0,22,1047,266,33,2,1348,0,0,0,1348
07/24/2018,BOS,MA,ANE,EN,Towers with Radar,1053,221,44,0,1318,0,27,8,0,35,1053,248,52,0,1353,0,0,0,1353
07/25/2018,BOS,MA,ANE,EN,Towers with Radar,1031,245,47,1,1324,0,9,8,0,17,1031,254,55,1,1341,0,0,0,1341
07/26/2018,BOS,MA,ANE,EN,Towers with Radar,1098,235,60,1,1394,0,24,2,0,26,1098,259,62,1,1420,0,0,0,1420
07/27/2018,BOS,MA,ANE,EN,Towers with Radar,989,214,48,0,1251,0,54,18,1,73,989,268,66,1,1324,0,0,0,1324
07/28/2018,BOS,MA,ANE,EN,Towers with Radar,900,194,18,0,1112,0,30,14,0,44,900,224,32,0,1156,0,0,0,1156
07/29/2018,BOS,MA,ANE,EN,Towers with Radar,999,174,27,0,1200,0,101,35,0,136,999,275,62,0,1336,0,0,0,1336
07/30/2018,BOS,MA,ANE,EN,Towers with Radar,1068,128,27,0,1223,0,123,39,0,162,1068,251,66,0,1385,0,0,0,1385
07/31/2018,BOS,MA,ANE,EN,Towers with Radar,1077,125,56,0,1258,0,103,23,3,129,1077,228,79,3,1387,0,0,0,1387
08/01/2018,BOS,MA,ANE,EN,Towers with Radar,1077,218,39,2,1336,0,23,15,0,38,1077,241,54,2,1374,0,0,0,1374
08/02/2018,BOS,MA,ANE,EN,Towers with Radar,972,231,42,1,1246,0,46,14,1,61,972,277,56,2,1307,0,0,0,1307
08/03/2018,BOS,MA,ANE,EN,Towers with Radar,900,187,51,0,1138,0,48,20,0,68,900,235,71,0,1206,0,0,0,1206
08/04/2018,BOS,MA,ANE,EN,Towers with Radar,879,205,39,0,1123,0,14,8,0,22,879,219,47,0,1145,0,0,0,1145
08/05/2018,BOS,MA,ANE,EN,Towers with Radar,984,161,34,0,1179,0,107,23,0,130,984,268,57,0,1309,0,0,0,1309
08/06/2018,BOS,MA,ANE,EN,Towers with Radar,1065,149,45,1,1260,0,110,37,0,147,1065,259,82,1,1407,0,0,0,1407
08/07/2018,BOS,MA,ANE,EN,Towers with Radar,1029,163,50,0,1242,0,93,24,1,118,1029,256,74,1,1360,0,0,0,1360
08/08/2018,BOS,MA,ANE,EN,Towers with Radar,999,217,45,0,1261,0,46,16,0,62,999,263,61,0,1323,0,0,0,1323
08/09/2018,BOS,MA,ANE,EN,Towers with Radar,1122,230,62,0,1414,0,53,21,0,74,1122,283,83,0,1488,0,0,0,1488
08/10/2018,BOS,MA,ANE,EN,Towers with Radar,1068,163,43,0,1274,0,136,24,0,160,1068,299,67,0,1434,0,0,0,1434
08/11/2018,BOS,MA,ANE,EN,Towers with Radar,832,232,25,0,1089,0,8,4,0,12,832,240,29,0,1101,0,0,0,1101
08/12/2018,BOS,MA,ANE,EN,Towers with Radar,928,174,26,2,1130,0,0,0,0,0,928,174,26,2,1130,0,0,0,1130
08/13/2018,BOS,MA,ANE,EN,Towers with Radar,1000,252,29,0,1281,0,0,0,0,0,1000,252,29,0,1281,0,0,0,1281
08/14/2018,BOS,MA,ANE,EN,Towers with Radar,1040,173,17,0,1230,0,13,9,0,22,1040,186,26,0,1252,0,0,0,1252
08/15/2018,BOS,MA,ANE,EN,Towers with Radar,1087,218,30,0,1335,0,45,17,0,62,1087,263,47,0,1397,0,0,0,1397
08/16/2018,BOS,MA,ANE,EN,Towers with Radar,1090,182,39,2,1313,0,104,26,0,130,1090,286,65,2,1443,0,0,0,1443
08/17/2018,BOS,MA,ANE,EN,Towers with Radar,1016,189,21,0,1226,0,91,17,2,110,1016,280,38,2,1336,0,0,0,1336
08/18/2018,BOS,MA,ANE,EN,Towers with Radar,879,182,12,0,1073,0,55,10,0,65,879,237,22,0,1138,0,0,0,1138
08/19/2018,BOS,MA,ANE,EN,Towers with Radar,983,260,25,0,1268,0,22,23,0,45,983,282,48,0,1313,0,0,0,1313
08/20/2018,BOS,MA,ANE,EN,Towers with Radar,1064,228,20,0,1312,0,27,16,0,43,1064,255,36,0,1355,0,0,0,1355
08/21/2018,BOS,MA,ANE,EN,Towers with Radar,1039,229,39,0,1307,0,9,19,2,30,1039,238,58,2,1337,0,0,0,1337
08/22/2018,BOS,MA,ANE,EN,Towers with Radar,1078,231,39,2,1350,0,13,9,0,22,1078,244,48,2,1372,0,0,0,1372
08/23/2018,BOS,MA,ANE,EN,Towers with Radar,1081,179,35,1,1296,0,124,26,0,150,1081,303,61,1,1446,0,0,0,1446
08/24/2018,BOS,MA,ANE,EN,Towers with Radar,1073,143,17,0,1233,0,122,28,1,151,1073,265,45,1,1384,0,0,0,1384
08/25/2018,BOS,MA,ANE,EN,Towers with Radar,845,91,12,1,949,0,120,12,0,132,845,211,24,1,1081,0,0,0,1081
08/26/2018,BOS,MA,ANE,EN,Towers with Radar,960,162,37,0,1159,0,118,30,0,148,960,280,67,0,1307,0,0,0,1307
08/27/2018,BOS,MA,ANE,EN,Towers with Radar,1061,168,37,2,1268,0,109,35,0,144,1061,277,72,2,1412,0,0,0,1412
08/28/2018,BOS,MA,ANE,EN,Towers with Radar,1037,148,32,0,1217,0,85,14,0,99,1037,233,46,0,1316,0,0,0,1316
08/29/2018,BOS,MA,ANE,EN,Towers with Radar,1058,139,34,0,1231,0,104,28,0,132,1058,243,62,0,1363,0,0,0,1363
08/30/2018,BOS,MA,ANE,EN,Towers with Radar,1079,179,34,0,1292,0,100,23,0,123,1079,279,57,0,1415,0,0,0,1415
08/31/2018,BOS,MA,ANE,EN,Towers with Radar,1026,195,20,0,1241,0,75,32,2,109,1026,270,52,2,1350,0,0,0,1350
09/01/2018,BOS,MA,ANE,EN,Towers with Radar,793,112,6,0,911,0,72,30,0,102,793,184,36,0,1013,0,0,0,1013
09/02/2018,BOS,MA,ANE,EN,Towers with Radar,796,142,18,0,956,0,68,24,0,92,796,210,42,0,1048,0,0,0,1048
09/03/2018,BOS,MA,ANE,EN,Towers with Radar,950,246,30,0,1226,0,66,27,0,93,950,312,57,0,1319,0,0,0,1319
09/04/2018,BOS,MA,ANE,EN,Towers with Radar,997,193,67,0,1257,0,102,27,0,129,997,295,94,0,1386,0,0,0,1386
09/05/2018,BOS,MA,ANE,EN,Towers with Radar,1013,174,66,0,1253,0,90,32,0,122,1013,264,98,0,1375,0,0,0,1375
09/06/2018,BOS,MA,ANE,EN,Towers with Radar,962,188,62,1,1213,0,32,23,0,55,962,220,85,1,1268,0,0,0,1268
09/07/2018,BOS,MA,ANE,EN,Towers with Radar,993,189,34,1,1217,0,72,24,0,96,993,261,58,1,1313,0,0,0,1313
09/08/2018,BOS,MA,ANE,EN,Towers with Radar,769,116,17,0,902,0,82,17,0,99,769,198,34,0,1001,0,0,0,1001
09/09/2018,BOS,MA,ANE,EN,Towers with Radar,940,164,31,3,1138,0,91,14,0,105,940,255,45,3,1243,0,0,0,1243
09/10/2018,BOS,MA,ANE,EN,Towers with Radar,995,192,39,3,1229,0,29,11,0,40,995,221,50,3,1269,0,0,0,1269
09/11/2018,BOS,MA,ANE,EN,Towers with Radar,1012,216,48,1,1277,0,1,2,0,3,1012,217,50,1,1280,0,0,0,1280
09/12/2018,BOS,MA,ANE,EN,Towers with Radar,993,206,66,0,1265,0,0,0,0,0,993,206,66,0,1265,0,0,0,1265
09/13/2018,BOS,MA,ANE,EN,Towers with Radar,1042,241,45,1,1329,0,11,15,3,29,1042,252,60,4,1358,0,0,0,1358
09/14/2018,BOS,MA,ANE,EN,Towers with Radar,1032,211,13,3,1259,0,52,22,0,74,1032,263,35,3,1333,0,0,0,1333
09/15/2018,BOS,MA,ANE,EN,Towers with Radar,776,163,9,1,949,0,15,29,0,44,776,178,38,1,993,0,0,0,993
09/16/2018,BOS,MA,ANE,EN,Towers with Radar,938,152,15,1,1106,0,104,17,0,121,938,256,32,1,1227,0,0,0,1227
09/17/2018,BOS,MA,ANE,EN,Towers with Radar,1036,162,37,0,1235,0,65,23,0,88,1036,227,60,0,1323,0,0,0,1323
09/18/2018,BOS,MA,ANE,EN,Towers with Radar,956,150,30,0,1136,0,1,4,0,5,956,151,34,0,1141,0,0,0,1141
09/19/2018,BOS,MA,ANE,EN,Towers with Radar,1035,238,34,0,1307,0,3,2,0,5,1035,241,36,0,1312,0,0,0,1312
09/20/2018,BOS,MA,ANE,EN,Towers with Radar,1044,273,63,0,1380,0,5,20,0,25,1044,278,83,0,1405,0,0,0,1405
09/21/2018,BOS,MA,ANE,EN,Towers with Radar,1034,175,27,0,1236,0,67,14,0,81,1034,242,41,0,1317,0,0,0,1317
09/22/2018,BOS,MA,ANE,EN,Towers with Radar,782,113,16,0,911,0,78,16,0,94,782,191,32,0,1005,0,0,0,1005
09/23/2018,BOS,MA,ANE,EN,Towers with Radar,963,143,25,0,1131,0,115,26,0,141,963,258,51,0,1272,0,0,0,1272
09/24/2018,BOS,MA,ANE,EN,Towers with Radar,1027,213,27,1,1268,0,11,26,0,37,1027,224,53,1,1305,0,0,0,1305
09/25/2018,BOS,MA,ANE,EN,Towers with Radar,1004,201,43,1,1249,0,14,10,0,24,1004,215,53,1,1273,0,0,0,1273
09/26/2018,BOS,MA,ANE,EN,Towers with Radar,971,230,42,0,1243,0,2,13,0,15,971,232,55,0,1258,0,0,0,1258
09/27/2018,BOS,MA,ANE,EN,Towers with Radar,1106,195,59,2,1362,0,76,21,0,97,1106,271,80,2,1459,0,0,0,1459
09/28/2018,BOS,MA,ANE,EN,Towers with Radar,1050,245,44,2,1341,0,2,10,0,12,1050,247,54,2,1353,0,0,0,1353
09/29/2018,BOS,MA,ANE,EN,Towers with Radar,778,126,27,1,932,0,65,9,0,74,778,191,36,1,1006,0,0,0,1006
09/30/2018,BOS,MA,ANE,EN,Towers with Radar,962,157,32,1,1152,0,129,22,0,151,962,286,54,1,1303,0,0,0,1303
10/01/2018,BOS,MA,ANE,EN,Towers with Radar,1019,209,27,0,1255,0,22,9,1,32,1019,231,36,1,1287,0,0,0,1287
10/02/2018,BOS,MA,ANE,EN,Towers with Radar,978,198,40,0,1216,0,0,0,0,0,978,198,40,0,1216,0,0,0,1216
10/03/2018,BOS,MA,ANE,EN,Towers with Radar,1071,231,53,0,1355,0,0,2,0,2,1071,231,55,0,1357,0,0,0,1357
10/04/2018,BOS,MA,ANE,EN,Towers with Radar,1069,242,57,0,1368,0,8,21,3,32,1069,250,78,3,1400,0,0,0,1400
10/05/2018,BOS,MA,ANE,EN,Towers with Radar,1067,220,72,0,1359,0,65,30,0,95,1067,285,102,0,1454,0,0,0,1454
10/06/2018,BOS,MA,ANE,EN,Towers with Radar,781,134,30,0,945,0,57,22,0,79,781,191,52,0,1024,0,0,0,1024
10/07/2018,BOS,MA,ANE,EN,Towers with Radar,928,210,32,0,1170,0,3,19,0,22,928,213,51,0,1192,0,0,0,1192
10/08/2018,BOS,MA,ANE,EN,Towers with Radar,1033,236,45,0,1314,0,3,7,0,10,1033,239,52,0,1324,0,0,0,1324
10/09/2018,BOS,MA,ANE,EN,Towers with Radar,1031,219,70,0,1320,0,16,9,1,26,1031,235,79,1,1346,0,0,0,1346
10/10/2018,BOS,MA,ANE,EN,Towers with Radar,1004,203,54,0,1261,0,48,22,0,70,1004,251,76,0,1331,0,0,0,1331
10/11/2018,BOS,MA,ANE,EN,Towers with Radar,993,213,37,1,1244,0,0,0,0,0,993,213,37,1,1244,0,0,0,1244
10/12/2018,BOS,MA,ANE,EN,Towers with Radar,1103,189,47,1,1340,0,20,12,0,32,1103,209,59,1,1372,0,0,0,1372
10/13/2018,BOS,MA,ANE,EN,Towers with Radar,767,164,25,1,957,0,25,19,0,44,767,189,44,1,1001,0,0,0,1001
10/14/2018,BOS,MA,ANE,EN,Towers with Radar,942,153,45,1,1141,0,85,23,0,108,942,238,68,1,1249,0,0,0,1249
10/15/2018,BOS,MA,ANE,EN,Towers with Radar,1059,190,46,0,1295,0,31,8,2,41,1059,221,54,2,1336,0,0,0,1336
10/16/2018,BOS,MA,ANE,EN,Towers with Radar,1040,147,25,0,1212,0,73,21,3,97,1040,220,46,3,1309,0,0,0,1309
10/17/2018,BOS,MA,ANE,EN,Towers with Radar,1020,167,56,0,1243,0,40,22,0,62,1020,207,78,0,1305,0,0,0,1305
10/18/2018,BOS,MA,ANE,EN,Towers with Radar,1068,157,73,0,1298,0,64,21,0,85,1068,221,94,0,1383,0,0,0,1383
10/19/2018,BOS,MA,ANE,EN,Towers with Radar,1058,137,66,0,1261,0,70,24,0,94,1058,207,90,0,1355,0,0,0,1355
10/20/2018,BOS,MA,ANE,EN,Towers with Radar,777,130,17,0,924,0,12,30,0,42,777,142,47,0,966,0,0,0,966
10/21/2018,BOS,MA,ANE,EN,Towers with Radar,950,177,27,0,1154,0,18,24,4,46,950,195,51,4,1200,0,0,0,1200
10/22/2018,BOS,MA,ANE,EN,Towers with Radar,1055,150,46,0,1251,0,58,32,0,90,1055,208,78,0,1341,0,0,0,1341
10/23/2018,BOS,MA,ANE,EN,Towers with Radar,999,166,60,0,1225,0,20,21,0,41,999,186,81,0,1266,0,0,0,1266
10/24/2018,BOS,MA,ANE,EN,Towers with Radar,1060,212,78,0,1350,0,5,16,3,24,1060,217,94,3,1374,0,0,0,1374
10/25/2018,BOS,MA,ANE,EN,Towers with Radar,1066,183,73,0,1322,0,54,39,0,93,1066,237,112,0,1415,0,0,0,1415
10/26/2018,BOS,MA,ANE,EN,Towers with Radar,1077,131,45,0,1253,0,73,19,1,93,1077,204,64,1,1346,0,0,0,1346
10/27/2018,BOS,MA,ANE,EN,Towers with Radar,758,63,7,0,828,0,0,2,0,2,758,63,9,0,830,0,0,0,830
10/28/2018,BOS,MA,ANE,EN,Towers with Radar,901,166,27,0,1094,0,4,10,0,14,901,170,37,0,1108,0,0,0,1108
10/29/2018,BOS,MA,ANE,EN,Towers with Radar,1000,161,34,4,1199,0,14,25,0,39,1000,175,59,4,1238,0,0,0,1238
10/30/2018,BOS,MA,ANE,EN,Towers with Radar,945,160,39,0,1144,0,31,16,0,47,945,191,55,0,1191,0,0,0,1191
10/31/2018,BOS,MA,ANE,EN,Towers with Radar,842,113,46,0,1001,0,44,18,0,62,842,157,64,0,1063,0,0,0,1063
11/01/2018,BOS,MA,ANE,EN,Towers with Radar,985,179,42,0,1206,0,22,14,0,36,985,201,56,0,1242,0,0,0,1242
11/02/2018,BOS,MA,ANE,EN,Towers with Radar,981,182,29,2,1194,0,0,0,0,0,981,182,29,2,1194,0,0,0,1194
11/03/2018,BOS,MA,ANE,EN,Towers with Radar,764,89,17,0,870,0,1,2,0,3,764,90,19,0,873,0,0,0,873
11/04/2018,BOS,MA,ANE,EN,Towers with Radar,901,119,23,0,1043,0,42,31,1,74,901,161,54,1,1117,0,0,0,1117
11/05/2018,BOS,MA,ANE,EN,Towers with Radar,980,160,33,2,1175,0,3,11,8,22,980,163,44,10,1197,0,0,0,1197
11/06/2018,BOS,MA,ANE,EN,Towers with Radar,939,155,34,2,1130,0,1,2,0,3,939,156,36,2,1133,0,0,0,1133
11/07/2018,BOS,MA,ANE,EN,Towers with Radar,977,141,53,0,1171,0,52,16,0,68,977,193,69,0,1239,0,0,0,1239
11/08/2018,BOS,MA,ANE,EN,Towers with Radar,1042,141,54,0,1237,0,54,28,1,83,1042,195,82,1,1320,0,0,0,1320
11/09/2018,BOS,MA,ANE,EN,Towers with Radar,1035,134,46,0,1215,0,27,17,0,44,1035,161,63,0,1259,0,0,0,1259
11/10/2018,BOS,MA,ANE,EN,Towers with Radar,754,125,16,0,895,0,12,12,0,24,754,137,28,0,919,0,0,0,919
11/11/2018,BOS,MA,ANE,EN,Towers with Radar,936,112,41,0,1089,0,49,25,2,76,936,161,66,2,1165,0,0,0,1165
11/12/2018,BOS,MA,ANE,EN,Towers with Radar,1046,115,23,2,1186,0,49,25,0,74,1046,164,48,2,1260,0,0,0,1260
11/13/2018,BOS,MA,ANE,EN,Towers with Radar,1014,153,47,0,1214,0,0,12,0,12,1014,153,59,0,1226,0,0,0,1226
11/14/2018,BOS,MA,ANE,EN,Towers with Radar,1006,126,32,0,1164,0,43,26,0,69,1006,169,58,0,1233,0,0,0,1233
11/15/2018,BOS,MA,ANE,EN,Towers with Radar,941,122,30,1,1094,0,36,10,0,46,941,158,40,1,1140,0,0,0,1140
11/16/2018,BOS,MA,ANE,EN,Towers with Radar,1044,130,62,1,1237,0,2,4,0,6,1044,132,66,1,1243,0,0,0,1243
11/17/2018,BOS,MA,ANE,EN,Towers with Radar,785,101,19,0,905,0,29,18,1,48,785,130,37,1,953,0,0,0,953
11/18/2018,BOS,MA,ANE,EN,Towers with Radar,891,124,29,0,1044,0,40,11,3,54,891,164,40,3,1098,0,0,0,1098
11/19/2018,BOS,MA,ANE,EN,Towers with Radar,922,175,36,0,1133,0,0,0,0,0,922,175,36,0,1133,0,0,0,1133
11/20/2018,BOS,MA,ANE,EN,Towers with Radar,995,171,44,2,1212,0,0,0,0,0,995,171,44,2,1212,0,0,0,1212
11/21/2018,BOS,MA,ANE,EN,Towers with Radar,1028,126,33,0,1187,0,46,9,0,55,1028,172,42,0,1242,0,0,0,1242
11/22/2018,BOS,MA,ANE,EN,Towers with Radar,622,64,3,0,689,0,41,6,0,47,622,105,9,0,736,0,0,0,736
11/23/2018,BOS,MA,ANE,EN,Towers with Radar,726,67,8,0,801,0,52,32,0,84,726,119,40,0,885,0,0,0,885
11/24/2018,BOS,MA,ANE,EN,Towers with Radar,889,103,8,0,1000,0,51,16,1,68,889,154,24,1,1068,0,0,0,1068
11/25/2018,BOS,MA,ANE,EN,Towers with Radar,984,167,33,2,1186,0,0,0,0,0,984,167,33,2,1186,0,0,0,1186
11/26/2018,BOS,MA,ANE,EN,Towers with Radar,1016,178,37,0,1231,0,3,0,0,3,1016,181,37,0,1234,0,0,0,1234
11/27/2018,BOS,MA,ANE,EN,Towers with Radar,1023,157,56,0,1236,0,1,16,0,17,1023,158,72,0,1253,0,0,0,1253
11/28/2018,BOS,MA,ANE,EN,Towers with Radar,979,179,54,2,1214,0,22,16,0,38,979,201,70,2,1252,0,0,0,1252
11/29/2018,BOS,MA,ANE,EN,Towers with Radar,999,154,37,0,1190,0,57,26,1,84,999,211,63,1,1274,0,0,0,1274
11/30/2018,BOS,MA,ANE,EN,Towers with Radar,1005,159,33,3,1200,0,51,15,0,66,1005,210,48,3,1266,0,0,0,1266
12/01/2018,BOS,MA,ANE,EN,Towers with Radar,706,121,11,2,840,0,12,22,2,36,706,133,33,4,876,0,0,0,876
12/02/2018,BOS,MA,ANE,EN,Towers with Radar,839,162,23,1,1025,0,0,0,0,0,839,162,23,1,1025,0,0,0,1025
12/03/2018,BOS,MA,ANE,EN,Towers with Radar,1001,119,32,0,1152,0,19,10,0,29,1001,138,42,0,1181,0,0,0,1181
12/04/2018,BOS,MA,ANE,EN,Towers with Radar,945,160,52,0,1157,0,25,24,1,50,945,185,76,1,1207,0,0,0,1207
12/05/2018,BOS,MA,ANE,EN,Towers with Radar,963,153,50,0,1166,0,36,32,1,69,963,189,82,1,1235,0,0,0,1235
12/06/2018,BOS,MA,ANE,EN,Towers with Radar,1005,152,54,0,1211,0,41,37,0,78,1005,193,91,0,1289,0,0,0,1289
12/07/2018,BOS,MA,ANE,EN,Towers with Radar,1005,142,40,0,1187,0,34,35,1,70,1005,176,75,1,1257,0,0,0,1257
12/08/2018,BOS,MA,ANE,EN,Towers with Radar,711,81,16,0,808,0,47,14,1,62,711,128,30,1,870,0,0,0,870
12/09/2018,BOS,MA,ANE,EN,Towers with Radar,830,105,18,0,953,0,46,12,1,59,830,151,30,1,1012,0,0,0,1012
12/10/2018,BOS,MA,ANE,EN,Towers with Radar,970,131,33,0,1134,0,47,20,0,67,970,178,53,0,1201,0,0,0,1201
12/11/2018,BOS,MA,ANE,EN,Towers with Radar,959,128,32,0,1119,0,33,24,0,57,959,161,56,0,1176,0,0,0,1176
12/12/2018,BOS,MA,ANE,EN,Towers with Radar,972,141,35,0,1148,0,32,27,1,60,972,173,62,1,1208,0,0,0,1208
12/13/2018,BOS,MA,ANE,EN,Towers with Radar,1014,137,38,0,1189,0,33,26,0,59,1014,170,64,0,1248,0,0,0,1248
12/14/2018,BOS,MA,ANE,EN,Towers with Radar,1017,133,13,0,1163,0,24,17,1,42,1017,157,30,1,1205,0,0,0,1205
12/15/2018,BOS,MA,ANE,EN,Towers with Radar,741,97,14,0,852,0,18,19,1,38,741,115,33,1,890,0,0,0,890
12/16/2018,BOS,MA,ANE,EN,Towers with Radar,877,124,15,0,1016,0,3,15,0,18,877,127,30,0,1034,0,0,0,1034
12/17/2018,BOS,MA,ANE,EN,Towers with Radar,992,140,21,0,1153,0,4,6,0,10,992,144,27,0,1163,0,0,0,1163
12/18/2018,BOS,MA,ANE,EN,Towers with Radar,983,104,26,0,1113,0,24,19,1,44,983,128,45,1,1157,0,0,0,1157
12/19/2018,BOS,MA,ANE,EN,Towers with Radar,994,75,29,0,1098,0,59,11,1,71,994,134,40,1,1169,0,0,0,1169
12/20/2018,BOS,MA,ANE,EN,Towers with Radar,1011,93,29,0,1133,0,55,20,0,75,1011,148,49,0,1208,0,0,0,1208
12/21/2018,BOS,MA,ANE,EN,Towers with Radar,1002,72,25,0,1099,0,0,0,0,0,1002,72,25,0,1099,0,0,0,1099
12/22/2018,BOS,MA,ANE,EN,Towers with Radar,894,114,18,0,1026,0,1,10,0,11,894,115,28,0,1037,0,0,0,1037
12/23/2018,BOS,MA,ANE,EN,Towers with Radar,916,81,3,0,1000,0,49,15,0,64,916,130,18,0,1064,0,0,0,1064
12/24/2018,BOS,MA,ANE,EN,Towers with Radar,750,91,4,0,845,0,12,5,0,17,750,103,9,0,862,0,0,0,862
12/25/2018,BOS,MA,ANE,EN,Towers with Radar,665,51,3,0,719,0,52,4,0,56,665,103,7,0,775,0,0,0,775
12/26/2018,BOS,MA,ANE,EN,Towers with Radar,901,78,12,0,991,0,53,15,0,68,901,131,27,0,1059,0,0,0,1059
12/27/2018,BOS,MA,ANE,EN,Towers with Radar,915,59,5,0,979,0,61,12,0,73,915,120,17,0,1052,0,0,0,1052
12/28/2018,BOS,MA,ANE,EN,Towers with Radar,909,99,10,2,1020,0,1,0,0,1,909,100,10,2,1021,0,0,0,1021
12/29/2018,BOS,MA,ANE,EN,Towers with Radar,840,96,8,0,944,0,22,22,2,46,840,118,30,2,990,0,0,0,990
12/30/2018,BOS,MA,ANE,EN,Towers with Radar,876,86,8,2,972,0,35,24,0,59,876,121,32,2,1031,0,0,0,1031
12/31/2018,BOS,MA,ANE,EN,Towers with Radar,784,78,6,1,869,0,39,19,3,61,784,117,25,4,930,0,0,0,930
01/01/2019,BOS,MA,ANE,EN,Towers with Radar,781,101,10,0,892,0,22,6,0,28,781,123,16,0,920,0,0,0,920
01/02/2019,BOS,MA,ANE,EN,Towers with Radar,903,81,8,2,994,0,58,22,2,82,903,139,30,4,1076,0,0,0,1076
01/03/2019,BOS,MA,ANE,EN,Towers with Radar,890,120,24,0,1034,0,14,16,0,30,890,134,40,0,1064,0,0,0,1064
01/04/2019,BOS,MA,ANE,EN,Towers with Radar,882,83,10,0,975,0,46,18,0,64,882,129,28,0,1039,0,0,0,1039
01/05/2019,BOS,MA,ANE,EN,Towers with Radar,730,115,9,0,854,0,0,1,0,1,730,115,10,0,855,0,0,0,855
01/06/2019,BOS,MA,ANE,EN,Towers with Radar,886,114,16,0,1016,0,18,21,0,39,886,132,37,0,1055,0,0,0,1055
01/07/2019,BOS,MA,ANE,EN,Towers with Radar,980,80,18,0,1078,0,55,21,0,76,980,135,39,0,1154,0,0,0,1154
01/08/2019,BOS,MA,ANE,EN,Towers with Radar,936,107,26,0,1069,0,0,1,0,1,936,107,27,0,1070,0,0,0,1070
01/09/2019,BOS,MA,ANE,EN,Towers with Radar,937,126,17,2,1082,0,9,3,0,12,937,135,20,2,1094,0,0,0,1094
01/10/2019,BOS,MA,ANE,EN,Towers with Radar,957,116,16,0,1089,0,19,10,0,29,957,135,26,0,1118,0,0,0,1118
01/11/2019,BOS,MA,ANE,EN,Towers with Radar,963,113,17,0,1093,0,49,14,0,63,963,162,31,0,1156,0,0,0,1156
01/12/2019,BOS,MA,ANE,EN,Towers with Radar,676,59,7,0,742,0,48,22,0,70,676,107,29,0,812,0,0,0,812
01/13/2019,BOS,MA,ANE,EN,Towers with Radar,795,68,11,0,874,0,46,16,0,62,795,114,27,0,936,0,0,0,936
01/14/2019,BOS,MA,ANE,EN,Towers with Radar,958,126,27,0,1111,0,19,12,1,32,958,145,39,1,1143,0,0,0,1143
01/15/2019,BOS,MA,ANE,EN,Towers with Radar,926,91,19,0,1036,0,40,6,0,46,926,131,25,0,1082,0,0,0,1082
01/16/2019,BOS,MA,ANE,EN,Towers with Radar,947,132,46,0,1125,0,20,19,0,39,947,152,65,0,1164,0,0,0,1164
01/17/2019,BOS,MA,ANE,EN,Towers with Radar,967,121,29,0,1117,0,50,27,0,77,967,171,56,0,1194,0,0,0,1194
01/18/2019,BOS,MA,ANE,EN,Towers with Radar,950,144,19,0,1113,0,6,8,3,17,950,150,27,3,1130,0,0,0,1130
01/19/2019,BOS,MA,ANE,EN,Towers with Radar,534,101,8,0,643,0,10,21,0,31,534,111,29,0,674,0,0,0,674
01/20/2019,BOS,MA,ANE,EN,Towers with Radar,243,13,4,0,260,0,0,2,0,2,243,13,6,0,262,0,0,0,262
01/21/2019,BOS,MA,ANE,EN,Towers with Radar,493,56,6,1,556,0,8,12,1,21,493,64,18,2,577,0,0,0,577
01/22/2019,BOS,MA,ANE,EN,Towers with Radar,739,51,20,0,810,0,14,30,0,44,739,65,50,0,854,0,0,0,854
01/23/2019,BOS,MA,ANE,EN,Towers with Radar,947,102,27,1,1077,0,16,28,0,44,947,118,55,1,1121,0,0,0,1121
01/24/2019,BOS,MA,ANE,EN,Towers with Radar,892,75,20,0,987,0,0,0,0,0,892,75,20,0,987,0,0,0,987
01/25/2019,BOS,MA,ANE,EN,Towers with Radar,996,123,28,0,1147,0,25,29,0,54,996,148,57,0,1201,0,0,0,1201
01/26/2019,BOS,MA,ANE,EN,Towers with Radar,676,90,8,0,774,0,48,14,0,62,676,138,22,0,836,0,0,0,836
01/27/2019,BOS,MA,ANE,EN,Towers with Radar,807,93,17,0,917,0,31,7,0,38,807,124,24,0,955,0,0,0,955
01/28/2019,BOS,MA,ANE,EN,Towers with Radar,906,90,28,0,1024,0,57,13,0,70,906,147,41,0,1094,0,0,0,1094
01/29/2019,BOS,MA,ANE,EN,Towers with Radar,903,125,33,0,1061,0,9,7,0,16,903,134,40,0,1077,0,0,0,1077
01/30/2019,BOS,MA,ANE,EN,Towers with Radar,883,97,40,0,1020,0,23,8,0,31,883,120,48,0,1051,0,0,0,1051
01/31/2019,BOS,MA,ANE,EN,Towers with Radar,911,93,29,0,1033,0,41,13,1,55,911,134,42,1,1088,0,0,0,1088
02/01/2019,BOS,MA,ANE,EN,Towers with Radar,974,107,25,2,1108,0,51,30,0,81,974,158,55,2,1189,0,0,0,1189
02/02/2019,BOS,MA,ANE,EN,Towers with Radar,669,75,12,0,756,0,39,16,4,59,669,114,28,4,815,0,0,0,815
02/03/2019,BOS,MA,ANE,EN,Towers with Radar,758,90,24,0,872,0,21,14,0,35,758,111,38,0,907,0,0,0,907
02/04/2019,BOS,MA,ANE,EN,Towers with Radar,973,129,56,0,1158,0,28,13,2,43,973,157,69,2,1201,0,0,0,1201
02/05/2019,BOS,MA,ANE,EN,Towers with Radar,914,119,34,0,1067,0,24,14,0,38,914,143,48,0,1105,0,0,0,1105
02/06/2019,BOS,MA,ANE,EN,Towers with Radar,907,102,48,0,1057,0,43,26,2,71,907,145,74,2,1128,0,0,0,1128
02/07/2019,BOS,MA,ANE,EN,Towers with Radar,943,157,44,0,1144,0,0,0,0,0,943,157,44,0,1144,0,0,0,1144
02/08/2019,BOS,MA,ANE,EN,Towers with Radar,958,130,36,0,1124,0,6,3,0,9,958,136,39,0,1133,0,0,0,1133
02/09/2019,BOS,MA,ANE,EN,Towers with Radar,662,72,12,0,746,0,44,23,0,67,662,116,35,0,813,0,0,0,813
02/10/2019,BOS,MA,ANE,EN,Towers with Radar,805,97,22,2,926,0,46,21,1,68,805,143,43,3,994,0,0,0,994
02/11/2019,BOS,MA,ANE,EN,Towers with Radar,943,91,31,0,1065,0,48,16,0,64,943,139,47,0,1129,0,0,0,1129
02/12/2019,BOS,MA,ANE,EN,Towers with Radar,656,70,23,0,749,0,11,5,0,16,656,81,28,0,765,0,0,0,765
02/13/2019,BOS,MA,ANE,EN,Towers with Radar,935,133,26,3,1097,0,3,12,0,15,935,136,38,3,1112,0,0,0,1112
02/14/2019,BOS,MA,ANE,EN,Towers with Radar,950,128,18,3,1099,0,37,23,0,60,950,165,41,3,1159,0,0,0,1159
02/15/2019,BOS,MA,ANE,EN,Towers with Radar,960,132,33,0,1125,0,11,2,0,13,960,143,35,0,1138,0,0,0,1138
02/16/2019,BOS,MA,ANE,EN,Towers with Radar,731,73,10,0,814,0,35,12,1,48,731,108,22,1,862,0,0,0,862
02/17/2019,BOS,MA,ANE,EN,Towers with Radar,772,82,5,0,859,0,59,30,0,89,772,141,35,0,948,0,0,0,948
02/18/2019,BOS,MA,ANE,EN,Towers with Radar,879,102,9,2,992,0,0,1,0,1,879,102,10,2,993,0,0,0,993
02/19/2019,BOS,MA,ANE,EN,Towers with Radar,973,97,21,0,1091,0,54,6,0,60,973,151,27,0,1151,0,0,0,1151
02/20/2019,BOS,MA,ANE,EN,Towers with Radar,869,106,25,0,1000,0,50,17,0,67,869,156,42,0,1067,0,0,0,1067
02/21/2019,BOS,MA,ANE,EN,Towers with Radar,946,125,27,0,1098,0,9,5,1,15,946,134,32,1,1113,0,0,0,1113
02/22/2019,BOS,MA,ANE,EN,Towers with Radar,977,118,17,2,1114,0,49,19,0,68,977,167,36,2,1182,0,0,0,1182
02/23/2019,BOS,MA,ANE,EN,Towers with Radar,739,62,10,0,811,0,49,11,2,62,739,111,21,2,873,0,0,0,873
02/24/2019,BOS,MA,ANE,EN,Towers with Radar,831,102,18,0,951,0,0,0,1,1,831,102,18,1,952,0,0,0,952
02/25/2019,BOS,MA,ANE,EN,Towers with Radar,954,54,20,0,1028,0,0,0,0,0,954,54,20,0,1028,0,0,0,1028
02/26/2019,BOS,MA,ANE,EN,Towers with Radar,969,93,31,0,1093,0,35,17,0,52,969,128,48,0,1145,0,0,0,1145
02/27/2019,BOS,MA,ANE,EN,Towers with Radar,968,134,46,0,1148,0,41,15,0,56,968,175,61,0,1204,0,0,0,1204
02/28/2019,BOS,MA,ANE,EN,Towers with Radar,990,151,30,3,1174,0,17,18,0,35,990,168,48,3,1209,0,0,0,1209
03/01/2019,BOS,MA,ANE,EN,Towers with Radar,989,113,32,1,1135,0,54,13,0,67,989,167,45,1,1202,0,0,0,1202
03/02/2019,BOS,MA,ANE,EN,Towers with Radar,674,97,7,1,779,0,0,0,0,0,674,97,7,1,779,0,0,0,779
03/03/2019,BOS,MA,ANE,EN,Towers with Radar,838,109,13,0,960,0,24,16,2,42,838,133,29,2,1002,0,0,0,1002
03/04/2019,BOS,MA,ANE,EN,Towers with Radar,608,64,8,2,682,0,0,15,0,15,608,64,23,2,697,0,0,0,697
03/05/2019,BOS,MA,ANE,EN,Towers with Radar,1035,114,39,0,1188,0,43,41,0,84,1035,157,80,0,1272,0,0,0,1272
03/06/2019,BOS,MA,ANE,EN,Towers with Radar,1026,137,51,0,1214,0,41,11,0,52,1026,178,62,0,1266,0,0,0,1266
03/07/2019,BOS,MA,ANE,EN,Towers with Radar,1032,97,30,0,1159,0,35,21,0,56,1032,132,51,0,1215,0,0,0,1215
03/08/2019,BOS,MA,ANE,EN,Towers with Radar,1047,86,21,0,1154,0,64,9,1,74,1047,150,30,1,1228,0,0,0,1228
03/09/2019,BOS,MA,ANE,EN,Towers with Radar,788,72,12,0,872,0,58,14,1,73,788,130,26,1,945,0,0,0,945
03/10/2019,BOS,MA,ANE,EN,Towers with Radar,865,58,7,0,930,0,3,0,0,3,865,61,7,0,933,0,0,0,933
03/11/2019,BOS,MA,ANE,EN,Towers with Radar,1066,127,32,1,1226,0,33,16,0,49,1066,160,48,1,1275,0,0,0,1275
03/12/2019,BOS,MA,ANE,EN,Towers with Radar,1032,105,43,1,1181,0,36,18,2,56,1032,141,61,3,1237,0,0,0,1237
03/13/2019,BOS,MA,ANE,EN,Towers with Radar,1010,88,26,0,1124,0,58,16,0,74,1010,146,42,0,1198,0,0,0,1198
03/14/2019,BOS,MA,ANE,EN,Towers with Radar,1037,126,29,0,1192,0,28,23,0,51,1037,154,52,0,1243,0,0,0,1243
03/15/2019,BOS,MA,ANE,EN,Towers with Radar,1023,133,24,0,1180,0,2,15,0,17,1023,135,39,0,1197,0,0,0,1197
03/16/2019,BOS,MA,ANE,EN,Towers with Radar,824,85,16,0,925,0,41,17,0,58,824,126,33,0,983,0,0,0,983
03/17/2019,BOS,MA,ANE,EN,Towers with Radar,922,86,18,0,1026,1,43,20,3,67,923,129,38,3,1093,0,0,0,1093
03/18/2019,BOS,MA,ANE,EN,Towers with Radar,1043,102,20,0,1165,0,52,19,3,74,1043,154,39,3,1239,0,0,0,1239
03/19/2019,BOS,MA,ANE,EN,Towers with Radar,1020,105,35,0,1160,0,41,12,0,53,1020,146,47,0,1213,0,0,0,1213
03/20/2019,BOS,MA,ANE,EN,Towers with Radar,1019,72,34,0,1125,0,52,15,0,67,1019,124,49,0,1192,0,0,0,1192
03/21/2019,BOS,MA,ANE,EN,Towers with Radar,1040,101,30,0,1171,0,34,19,0,53,1040,135,49,0,1224,0,0,0,1224
03/22/2019,BOS,MA,ANE,EN,Towers with Radar,1024,114,25,0,1163,0,1,3,0,4,1024,115,28,0,1167,0,0,0,1167
03/23/2019,BOS,MA,ANE,EN,Towers with Radar,798,78,9,0,885,0,28,15,0,43,798,106,24,0,928,0,0,0,928
03/24/2019,BOS,MA,ANE,EN,Towers with Radar,920,74,23,0,1017,0,58,12,1,71,920,132,35,1,1088,0,0,0,1088
03/25/2019,BOS,MA,ANE,EN,Towers with Radar,1021,92,29,0,1142,0,60,23,2,85,1021,152,52,2,1227,0,0,0,1227
03/26/2019,BOS,MA,ANE,EN,Towers with Radar,1024,88,33,0,1145,0,66,26,0,92,1024,154,59,0,1237,0,0,0,1237
03/27/2019,BOS,MA,ANE,EN,Towers with Radar,1025,70,28,0,1123,0,69,21,1,91,1025,139,49,1,1214,0,0,0,1214
03/28/2019,BOS,MA,ANE,EN,Towers with Radar,1034,87,30,0,1151,0,57,22,0,79,1034,144,52,0,1230,0,0,0,1230
03/29/2019,BOS,MA,ANE,EN,Towers with Radar,1039,123,18,0,1180,0,20,32,0,52,1039,143,50,0,1232,0,0,0,1232
03/30/2019,BOS,MA,ANE,EN,Towers with Radar,784,81,12,2,879,0,17,20,0,37,784,98,32,2,916,0,0,0,916
03/31/2019,BOS,MA,ANE,EN,Towers with Radar,937,107,22,0,1066,0,6,2,0,8,937,113,24,0,1074,0,0,0,1074
04/01/2019,BOS,MA,ANE,EN,Towers with Radar,1027,105,40,0,1172,0,41,22,0,63,1027,146,62,0,1235,0,0,0,1235
04/02/2019,BOS,MA,ANE,EN,Towers with Radar,1035,94,36,0,1165,0,50,27,0,77,1035,144,63,0,1242,0,0,0,1242
04/03/2019,BOS,MA,ANE,EN,Towers with Radar,1048,113,40,0,1201,0,11,0,2,13,1048,124,40,2,1214,0,0,0,1214
04/04/2019,BOS,MA,ANE,EN,Towers with Radar,1070,88,41,0,1199,0,53,13,1,67,1070,141,54,1,1266,0,0,0,1266
04/05/2019,BOS,MA,ANE,EN,Towers with Radar,1074,105,40,0,1219,0,41,17,0,58,1074,146,57,0,1277,0,0,0,1277
04/06/2019,BOS,MA,ANE,EN,Towers with Radar,816,105,28,0,949,0,12,8,0,20,816,117,36,0,969,0,0,0,969
04/07/2019,BOS,MA,ANE,EN,Towers with Radar,925,96,24,0,1045,0,60,15,1,76,925,156,39,1,1121,0,0,0,1121
04/08/2019,BOS,MA,ANE,EN,Towers with Radar,1071,113,34,0,1218,0,0,4,0,4,1071,113,38,0,1222,0,0,0,1222
04/09/2019,BOS,MA,ANE,EN,Towers with Radar,1071,137,43,0,1251,0,0,0,0,0,1071,137,43,0,1251,0,0,0,1251
04/10/2019,BOS,MA,ANE,EN,Towers with Radar,1083,143,42,0,1268,0,10,12,2,24,1083,153,54,2,1292,0,0,0,1292
04/11/2019,BOS,MA,ANE,EN,Towers with Radar,1093,125,61,0,1279,0,54,13,0,67,1093,179,74,0,1346,0,0,0,1346
04/12/2019,BOS,MA,ANE,EN,Towers with Radar,1102,146,29,0,1277,0,10,4,2,16,1102,156,33,2,1293,0,0,0,1293
04/13/2019,BOS,MA,ANE,EN,Towers with Radar,858,113,23,2,996,0,11,0,0,11,858,124,23,2,1007,0,0,0,1007
04/14/2019,BOS,MA,ANE,EN,Towers with Radar,939,99,32,0,1070,0,34,0,0,34,939,133,32,0,1104,0,0,0,1104
04/15/2019,BOS,MA,ANE,EN,Towers with Radar,1101,126,27,0,1254,0,0,0,0,0,1101,126,27,0,1254,0,0,0,1254
04/16/2019,BOS,MA,ANE,EN,Towers with Radar,1092,120,32,0,1244,0,31,4,0,35,1092,151,36,0,1279,0,0,0,1279
04/17/2019,BOS,MA,ANE,EN,Towers with Radar,1089,91,40,0,1220,0,51,12,0,63,1089,142,52,0,1283,0,0,0,1283
04/18/2019,BOS,MA,ANE,EN,Towers with Radar,1077,115,27,0,1219,0,24,4,0,28,1077,139,31,0,1247,0,0,0,1247
04/19/2019,BOS,MA,ANE,EN,Towers with Radar,919,115,21,0,1055,0,2,5,0,7,919,117,26,0,1062,0,0,0,1062
04/20/2019,BOS,MA,ANE,EN,Towers with Radar,873,107,16,0,996,0,0,0,0,0,873,107,16,0,996,0,0,0,996
04/21/2019,BOS,MA,ANE,EN,Towers with Radar,959,137,28,0,1124,0,4,4,0,8,959,141,32,0,1132,0,0,0,1132
04/22/2019,BOS,MA,ANE,EN,Towers with Radar,1059,134,23,0,1216,0,1,0,0,1,1059,135,23,0,1217,0,0,0,1217
04/23/2019,BOS,MA,ANE,EN,Towers with Radar,1114,179,41,0,1334,0,1,1,0,2,1114,180,42,0,1336,0,0,0,1336
04/24/2019,BOS,MA,ANE,EN,Towers with Radar,1089,183,52,2,1326,0,12,15,0,27,1089,195,67,2,1353,0,0,0,1353
04/25/2019,BOS,MA,ANE,EN,Towers with Radar,1088,128,46,0,1262,0,62,9,2,73,1088,190,55,2,1335,0,0,0,1335
04/26/2019,BOS,MA,ANE,EN,Towers with Radar,1005,154,23,0,1182,0,1,0,0,1,1005,155,23,0,1183,0,0,0,1183
04/27/2019,BOS,MA,ANE,EN,Towers with Radar,879,132,19,2,1032,0,21,5,5,31,879,153,24,7,1063,0,0,0,1063
04/28/2019,BOS,MA,ANE,EN,Towers with Radar,958,133,29,0,1120,0,42,1,4,47,958,175,30,4,1167,0,0,0,1167
04/29/2019,BOS,MA,ANE,EN,Towers with Radar,1065,90,34,0,1189,0,83,6,2,91,1065,173,40,2,1280,0,0,0,1280
04/30/2019,BOS,MA,ANE,EN,Towers with Radar,1048,185,47,0,1280,0,2,1,0,3,1048,187,48,0,1283,0,0,0,1283
05/01/2019,BOS,MA,ANE,EN,Towers with Radar,1038,151,67,1,1257,0,43,11,0,54,1038,194,78,1,1311,0,0,0,1311
05/02/2019,BOS,MA,ANE,EN,Towers with Radar,1022,166,59,1,1248,0,0,0,0,0,1022,166,59,1,1248,0,0,0,1248
05/03/2019,BOS,MA,ANE,EN,Towers with Radar,1109,170,45,1,1325,0,2,0,0,2,1109,172,45,1,1327,0,0,0,1327
05/04/2019,BOS,MA,ANE,EN,Towers with Radar,824,124,19,0,967,0,2,2,0,4,824,126,21,0,971,0,0,0,971
05/05/2019,BOS,MA,ANE,EN,Towers with Radar,941,140,24,0,1105,0,1,2,0,3,941,141,26,0,1108,0,0,0,1108
05/06/2019,BOS,MA,ANE,EN,Towers with Radar,1074,146,38,0,1258,0,29,6,2,37,1074,175,44,2,1295,0,0,0,1295
05/07/2019,BOS,MA,ANE,EN,Towers with Radar,1040,121,41,2,1204,0,35,13,0,48,1040,156,54,2,1252,0,0,0,1252
05/08/2019,BOS,MA,ANE,EN,Towers with Radar,1053,128,62,0,1243,0,53,14,0,67,1053,181,76,0,1310,0,0,0,1310
05/09/2019,BOS,MA,ANE,EN,Towers with Radar,1069,128,43,0,1240,0,61,5,3,69,1069,189,48,3,1309,0,0,0,1309
05/10/2019,BOS,MA,ANE,EN,Towers with Radar,1089,148,14,0,1251,0,4,5,0,9,1089,152,19,0,1260,0,0,0,1260
05/11/2019,BOS,MA,ANE,EN,Towers with Radar,790,88,8,0,886,0,52,8,0,60,790,140,16,0,946,0,0,0,946
05/12/2019,BOS,MA,ANE,EN,Towers with Radar,916,145,18,0,1079,0,6,5,0,11,916,151,23,0,1090,0,0,0,1090
05/13/2019,BOS,MA,ANE,EN,Towers with Radar,1069,119,54,0,1242,0,41,4,0,45,1069,160,58,0,1287,0,0,0,1287
05/14/2019,BOS,MA,ANE,EN,Towers with Radar,1054,174,61,0,1289,0,0,1,0,1,1054,174,62,0,1290,0,0,0,1290
05/15/2019,BOS,MA,ANE,EN,Towers with Radar,1061,182,56,2,1301,0,37,14,4,55,1061,219,70,6,1356,0,0,0,1356
05/16/2019,BOS,MA,ANE,EN,Towers with Radar,1087,137,49,0,1273,0,71,59,0,130,1087,208,108,0,1403,0,0,0,1403
05/17/2019,BOS,MA,ANE,EN,Towers with Radar,1090,175,35,1,1301,0,31,4,0,35,1090,206,39,1,1336,0,0,0,1336
05/18/2019,BOS,MA,ANE,EN,Towers with Radar,816,74,16,3,909,0,66,6,6,78,816,140,22,9,987,0,0,0,987
05/19/2019,BOS,MA,ANE,EN,Towers with Radar,947,172,28,0,1147,0,53,1,0,54,947,225,29,0,1201,0,0,0,1201
05/20/2019,BOS,MA,ANE,EN,Towers with Radar,1074,145,30,2,1251,0,35,4,4,43,1074,180,34,6,1294,0,0,0,1294
05/21/2019,BOS,MA,ANE,EN,Towers with Radar,1051,117,44,0,1212,0,49,13,0,62,1051,166,57,0,1274,0,0,0,1274
05/22/2019,BOS,MA,ANE,EN,Towers with Radar,1064,91,42,0,1197,0,77,9,2,88,1064,168,51,2,1285,0,0,0,1285
05/23/2019,BOS,MA,ANE,EN,Towers with Radar,1037,203,24,3,1267,1,33,7,2,43,1038,236,31,5,1310,0,0,0,1310
05/24/2019,BOS,MA,ANE,EN,Towers with Radar,1102,224,34,0,1360,1,50,8,3,62,1103,274,42,3,1422,0,0,0,1422
05/25/2019,BOS,MA,ANE,EN,Towers with Radar,807,103,12,0,922,1,34,7,0,42,808,137,19,0,964,0,0,0,964
05/26/2019,BOS,MA,ANE,EN,Towers with Radar,803,103,18,2,926,1,18,5,0,24,804,121,23,2,950,0,0,0,950
05/27/2019,BOS,MA,ANE,EN,Towers with Radar,995,201,39,0,1235,1,65,4,0,70,996,266,43,0,1305,0,0,0,1305
05/28/2019,BOS,MA,ANE,EN,Towers with Radar,997,208,61,0,1266,1,13,2,0,16,998,221,63,0,1282,0,0,0,1282
05/29/2019,BOS,MA,ANE,EN,Towers with Radar,996,207,71,2,1276,2,3,1,2,8,998,210,72,4,1284,0,0,0,1284
05/30/2019,BOS,MA,ANE,EN,Towers with Radar,1085,219,61,0,1365,1,7,9,0,17,1086,226,70,0,1382,0,0,0,1382
05/31/2019,BOS,MA,ANE,EN,Towers with Radar,1104,198,34,1,1337,0,25,4,0,29,1104,223,38,1,1366,0,0,0,1366
06/01/2019,BOS,MA,ANE,EN,Towers with Radar,844,150,9,1,1004,2,8,1,0,11,846,158,10,1,1015,0,0,0,1015
06/02/2019,BOS,MA,ANE,EN,Towers with Radar,947,182,29,1,1159,1,4,2,0,7,948,186,31,1,1166,0,0,0,1166
06/03/2019,BOS,MA,ANE,EN,Towers with Radar,1087,170,32,3,1292,3,51,6,0,60,1090,221,38,3,1352,0,0,0,1352
06/04/2019,BOS,MA,ANE,EN,Towers with Radar,1058,154,39,0,1251,2,42,8,0,52,1060,196,47,0,1303,0,0,0,1303
06/05/2019,BOS,MA,ANE,EN,Towers with Radar,1047,199,46,0,1292,2,25,5,2,34,1049,224,51,2,1326,0,0,0,1326
06/06/2019,BOS,MA,ANE,EN,Towers with Radar,1090,231,61,0,1382,2,16,16,4,38,1092,247,77,4,1420,0,0,0,1420
06/07/2019,BOS,MA,ANE,EN,Towers with Radar,1083,185,34,2,1304,2,60,7,0,69,1085,245,41,2,1373,0,0,0,1373
06/08/2019,BOS,MA,ANE,EN,Towers with Radar,857,130,14,2,1003,1,51,4,0,56,858,181,18,2,1059,0,0,0,1059
06/09/2019,BOS,MA,ANE,EN,Towers with Radar,953,163,34,0,1150,3,59,3,0,65,956,222,37,0,1215,0,0,0,1215
06/10/2019,BOS,MA,ANE,EN,Towers with Radar,1012,191,44,0,1247,2,53,8,0,63,1014,244,52,0,1310,0,0,0,1310
06/11/2019,BOS,MA,ANE,EN,Towers with Radar,1095,208,63,0,1366,1,9,4,0,14,1096,217,67,0,1380,0,0,0,1380
06/12/2019,BOS,MA,ANE,EN,Towers with Radar,1031,222,78,0,1331,2,56,10,4,72,1033,278,88,4,1403,0,0,0,1403
06/13/2019,BOS,MA,ANE,EN,Towers with Radar,1035,198,51,0,1284,3,6,0,0,9,1038,204,51,0,1293,0,0,0,1293
06/14/2019,BOS,MA,ANE,EN,Towers with Radar,1112,216,40,0,1368,2,34,7,3,46,1114,250,47,3,1414,0,0,0,1414
06/15/2019,BOS,MA,ANE,EN,Towers with Radar,871,118,9,0,998,2,49,12,2,65,873,167,21,2,1063,0,0,0,1063
06/16/2019,BOS,MA,ANE,EN,Towers with Radar,962,207,32,2,1203,2,24,4,0,30,964,231,36,2,1233,0,0,0,1233
06/17/2019,BOS,MA,ANE,EN,Towers with Radar,1051,184,46,2,1283,2,32,5,2,41,1053,216,51,4,1324,0,0,0,1324
06/18/2019,BOS,MA,ANE,EN,Towers with Radar,1035,216,47,0,1298,2,0,1,0,3,1037,216,48,0,1301,0,0,0,1301
06/19/2019,BOS,MA,ANE,EN,Towers with Radar,1058,200,45,4,1307,2,4,2,0,8,1060,204,47,4,1315,0,0,0,1315
06/20/2019,BOS,MA,ANE,EN,Towers with Radar,1030,189,49,0,1268,2,0,0,0,2,1032,189,49,0,1270,0,0,0,1270
06/21/2019,BOS,MA,ANE,EN,Towers with Radar,1111,217,29,4,1361,2,3,7,0,12,1113,220,36,4,1373,0,0,0,1373
06/22/2019,BOS,MA,ANE,EN,Towers with Radar,881,112,15,0,1008,1,51,5,2,59,882,163,20,2,1067,0,0,0,1067
06/23/2019,BOS,MA,ANE,EN,Towers with Radar,958,157,32,0,1147,3,66,15,0,84,961,223,47,0,1231,0,0,0,1231
06/24/2019,BOS,MA,ANE,EN,Towers with Radar,1073,173,43,0,1289,1,72,16,0,89,1074,245,59,0,1378,0,0,0,1378
06/25/2019,BOS,MA,ANE,EN,Towers with Radar,1053,179,51,0,1283,2,13,2,0,17,1055,192,53,0,1300,0,0,0,1300
06/26/2019,BOS,MA,ANE,EN,Towers with Radar,1077,199,63,0,1339,2,2,6,2,12,1079,201,69,2,1351,0,0,0,1351
06/27/2019,BOS,MA,ANE,EN,Towers with Radar,1095,228,40,0,1363,2,2,5,4,13,1097,230,45,4,1376,0,0,0,1376
06/28/2019,BOS,MA,ANE,EN,Towers with Radar,1087,186,32,2,1307,3,59,7,2,71,1090,245,39,4,1378,0,0,0,1378
06/29/2019,BOS,MA,ANE,EN,Towers with Radar,868,154,16,0,1038,1,39,4,0,44,869,193,20,0,1082,0,0,0,1082
06/30/2019,BOS,MA,ANE,EN,Towers with Radar,889,144,17,0,1050,2,37,3,0,42,891,181,20,0,1092,0,0,0,1092
07/01/2019,BOS,MA,ANE,EN,Towers with Radar,942,149,26,0,1117,1,73,15,4,93,943,222,41,4,1210,0,0,0,1210
07/02/2019,BOS,MA,ANE,EN,Towers with Radar,886,152,27,0,1065,3,61,4,0,68,889,213,31,0,1133,0,0,0,1133
07/03/2019,BOS,MA,ANE,EN,Towers with Radar,898,171,28,0,1097,2,71,11,0,84,900,242,39,0,1181,0,0,0,1181
07/04/2019,BOS,MA,ANE,EN,Towers with Radar,768,137,15,0,920,2,50,11,0,63,770,187,26,0,983,0,0,0,983
07/05/2019,BOS,MA,ANE,EN,Towers with Radar,802,131,22,0,955,2,32,5,0,39,804,163,27,0,994,0,0,0,994
07/06/2019,BOS,MA,ANE,EN,Towers with Radar,793,148,15,0,956,2,29,1,0,32,795,177,16,0,988,0,0,0,988
07/07/2019,BOS,MA,ANE,EN,Towers with Radar,968,201,41,0,1210,1,77,9,1,88,969,278,50,1,1298,0,0,0,1298
07/08/2019,BOS,MA,ANE,EN,Towers with Radar,1091,168,48,2,1309,3,75,8,0,86,1094,243,56,2,1395,0,0,0,1395
07/09/2019,BOS,MA,ANE,EN,Towers with Radar,1113,151,52,0,1316,2,45,19,1,67,1115,196,71,1,1383,0,0,0,1383
07/10/2019,BOS,MA,ANE,EN,Towers with Radar,1116,169,43,2,1330,2,42,10,8,62,1118,211,53,10,1392,0,0,0,1392
07/11/2019,BOS,MA,ANE,EN,Towers with Radar,999,212,23,1,1235,2,13,5,4,24,1001,225,28,5,1259,0,0,0,1259
07/12/2019,BOS,MA,ANE,EN,Towers with Radar,1099,223,29,0,1351,1,6,6,2,15,1100,229,35,2,1366,0,0,0,1366
07/13/2019,BOS,MA,ANE,EN,Towers with Radar,904,140,22,0,1066,3,61,10,0,74,907,201,32,0,1140,0,0,0,1140
07/14/2019,BOS,MA,ANE,EN,Towers with Radar,981,173,39,0,1193,2,61,1,0,64,983,234,40,0,1257,0,0,0,1257
07/15/2019,BOS,MA,ANE,EN,Towers with Radar,1087,157,34,0,1278,2,59,11,0,72,1089,216,45,0,1350,0,0,0,1350
07/16/2019,BOS,MA,ANE,EN,Towers with Radar,1078,170,34,0,1282,2,55,6,3,66,1080,225,40,3,1348,0,0,0,1348
07/17/2019,BOS,MA,ANE,EN,Towers with Radar,959,130,42,0,1131,1,20,7,0,28,960,150,49,0,1159,0,0,0,1159
07/18/2019,BOS,MA,ANE,EN,Towers with Radar,1083,259,56,1,1399,3,0,0,0,3,1086,259,56,1,1402,0,0,0,1402
07/19/2019,BOS,MA,ANE,EN,Towers with Radar,1114,207,35,0,1356,2,37,4,0,43,1116,244,39,0,1399,0,0,0,1399
07/20/2019,BOS,MA,ANE,EN,Towers with Radar,897,140,18,3,1058,2,44,28,1,75,899,184,46,4,1133,0,0,0,1133
07/21/2019,BOS,MA,ANE,EN,Towers with Radar,973,179,36,0,1188,1,58,11,1,71,974,237,47,1,1259,0,0,0,1259
07/22/2019,BOS,MA,ANE,EN,Towers with Radar,1030,185,31,0,1246,2,46,12,0,60,1032,231,43,0,1306,0,0,0,1306
07/23/2019,BOS,MA,ANE,EN,Towers with Radar,1126,186,51,0,1363,3,5,11,0,19,1129,191,62,0,1382,0,0,0,1382
07/24/2019,BOS,MA,ANE,EN,Towers with Radar,1106,185,40,0,1331,2,36,17,4,59,1108,221,57,4,1390,0,0,0,1390
07/25/2019,BOS,MA,ANE,EN,Towers with Radar,1114,212,59,0,1385,2,64,26,4,96,1116,276,85,4,1481,0,0,0,1481
07/26/2019,BOS,MA,ANE,EN,Towers with Radar,1101,204,51,0,1356,1,51,15,2,69,1102,255,66,2,1425,0,0,0,1425
07/27/2019,BOS,MA,ANE,EN,Towers with Radar,897,148,10,0,1055,2,49,13,0,64,899,197,23,0,1119,0,0,0,1119
07/28/2019,BOS,MA,ANE,EN,Towers with Radar,975,164,28,0,1167,2,55,19,0,76,977,219,47,0,1243,0,0,0,1243
07/29/2019,BOS,MA,ANE,EN,Towers with Radar,1084,162,29,0,1275,2,61,11,1,75,1086,223,40,1,1350,0,0,0,1350
07/30/2019,BOS,MA,ANE,EN,Towers with Radar,1086,157,43,0,1286,2,46,6,6,60,1088,203,49,6,1346,0,0,0,1346
07/31/2019,BOS,MA,ANE,EN,Towers with Radar,937,116,45,2,1100,2,32,16,0,50,939,148,61,2,1150,0,0,0,1150
08/01/2019,BOS,MA,ANE,EN,Towers with Radar,1133,227,43,2,1405,1,47,12,0,60,1134,274,55,2,1465,0,0,0,1465
08/02/2019,BOS,MA,ANE,EN,Towers with Radar,1099,174,28,0,1301,3,57,16,0,76,1102,231,44,0,1377,0,0,0,1377
08/03/2019,BOS,MA,ANE,EN,Towers with Radar,891,170,18,2,1081,1,58,5,0,64,892,228,23,2,1145,0,0,0,1145
08/04/2019,BOS,MA,ANE,EN,Towers with Radar,987,193,28,1,1209,2,53,12,0,67,989,246,40,1,1276,0,0,0,1276
08/05/2019,BOS,MA,ANE,EN,Towers with Radar,1095,184,45,2,1326,2,71,17,6,96,1097,255,62,8,1422,0,0,0,1422
08/06/2019,BOS,MA,ANE,EN,Towers with Radar,1084,212,52,3,1351,2,15,16,0,33,1086,227,68,3,1384,0,0,0,1384
08/07/2019,BOS,MA,ANE,EN,Towers with Radar,887,174,32,0,1093,2,16,7,0,25,889,190,39,0,1118,0,0,0,1118
08/08/2019,BOS,MA,ANE,EN,Towers with Radar,1079,255,56,0,1390,2,20,8,0,30,1081,275,64,0,1420,0,0,0,1420
08/09/2019,BOS,MA,ANE,EN,Towers with Radar,1119,196,53,0,1368,1,58,17,0,76,1120,254,70,0,1444,0,0,0,1444
08/10/2019,BOS,MA,ANE,EN,Towers with Radar,893,147,22,0,1062,0,52,15,0,67,893,199,37,0,1129,0,0,0,1129
08/11/2019,BOS,MA,ANE,EN,Towers with Radar,996,171,39,4,1210,0,82,15,0,97,996,253,54,4,1307,0,0,0,1307
08/12/2019,BOS,MA,ANE,EN,Towers with Radar,1099,159,38,0,1296,0,78,15,0,93,1099,237,53,0,1389,0,0,0,1389
08/13/2019,BOS,MA,ANE,EN,Towers with Radar,1075,168,35,0,1278,1,28,5,0,34,1076,196,40,0,1312,0,0,0,1312
08/14/2019,BOS,MA,ANE,EN,Towers with Radar,1061,208,26,0,1295,0,12,12,2,26,1061,220,38,2,1321,0,0,0,1321
08/15/2019,BOS,MA,ANE,EN,Towers with Radar,1120,234,31,1,1386,0,22,15,0,37,1120,256,46,1,1423,0,0,0,1423
08/16/2019,BOS,MA,ANE,EN,Towers with Radar,1110,195,37,0,1342,0,21,0,0,21,1110,216,37,0,1363,0,0,0,1363
08/17/2019,BOS,MA,ANE,EN,Towers with Radar,897,203,23,0,1123,0,10,9,0,19,897,213,32,0,1142,0,0,0,1142
08/18/2019,BOS,MA,ANE,EN,Towers with Radar,961,219,34,0,1214,0,17,9,0,26,961,236,43,0,1240,0,0,0,1240
08/19/2019,BOS,MA,ANE,EN,Towers with Radar,1059,175,28,0,1262,1,36,9,1,47,1060,211,37,1,1309,0,0,0,1309
08/20/2019,BOS,MA,ANE,EN,Towers with Radar,1073,152,40,1,1266,0,44,17,0,61,1073,196,57,1,1327,0,0,0,1327
08/21/2019,BOS,MA,ANE,EN,Towers with Radar,984,177,38,1,1200,0,19,5,0,24,984,196,43,1,1224,0,0,0,1224
08/22/2019,BOS,MA,ANE,EN,Towers with Radar,1153,203,43,1,1400,0,29,7,3,39,1153,232,50,4,1439,0,0,0,1439
08/23/2019,BOS,MA,ANE,EN,Towers with Radar,1113,192,28,0,1333,0,44,27,0,71,1113,236,55,0,1404,0,0,0,1404
08/24/2019,BOS,MA,ANE,EN,Towers with Radar,882,155,26,0,1063,0,59,41,2,102,882,214,67,2,1165,0,0,0,1165
08/25/2019,BOS,MA,ANE,EN,Towers with Radar,1006,214,27,0,1247,0,22,15,0,37,1006,236,42,0,1284,0,0,0,1284
08/26/2019,BOS,MA,ANE,EN,Towers with Radar,1091,172,35,0,1298,0,45,11,0,56,1091,217,46,0,1354,0,0,0,1354
08/27/2019,BOS,MA,ANE,EN,Towers with Radar,1084,169,45,0,1298,0,45,9,4,58,1084,214,54,4,1356,0,0,0,1356
08/28/2019,BOS,MA,ANE,EN,Towers with Radar,1050,176,24,0,1250,0,14,5,0,19,1050,190,29,0,1269,0,0,0,1269
08/29/2019,BOS,MA,ANE,EN,Towers with Radar,1142,213,39,0,1394,0,39,10,0,49,1142,252,49,0,1443,0,0,0,1443
08/30/2019,BOS,MA,ANE,EN,Towers with Radar,1089,175,46,0,1310,0,61,31,6,98,1089,236,77,6,1408,0,0,0,1408
08/31/2019,BOS,MA,ANE,EN,Towers with Radar,830,112,23,0,965,0,41,5,1,47,830,153,28,1,1012,0,0,0,1012
09/01/2019,BOS,MA,ANE,EN,Towers with Radar,830,145,14,0,989,0,51,12,0,63,830,196,26,0,1052,0,0,0,1052
09/02/2019,BOS,MA,ANE,EN,Towers with Radar,918,181,38,0,1137,0,51,3,0,54,918,232,41,0,1191,0,0,0,1191
09/03/2019,BOS,MA,ANE,EN,Towers with Radar,999,199,42,0,1240,0,49,8,0,57,999,248,50,0,1297,0,0,0,1297
09/04/2019,BOS,MA,ANE,EN,Towers with Radar,951,204,66,0,1221,0,5,8,0,13,951,209,74,0,1234,0,0,0,1234
09/05/2019,BOS,MA,ANE,EN,Towers with Radar,1036,199,56,0,1291,0,57,7,0,64,1036,256,63,0,1355,0,0,0,1355
09/06/2019,BOS,MA,ANE,EN,Towers with Radar,1024,200,43,0,1267,0,35,2,2,39,1024,235,45,2,1306,0,0,0,1306
09/07/2019,BOS,MA,ANE,EN,Towers with Radar,759,135,20,0,914,0,23,6,0,29,759,158,26,0,943,0,0,0,943
09/08/2019,BOS,MA,ANE,EN,Towers with Radar,969,195,29,0,1193,0,74,6,0,80,969,269,35,0,1273,0,0,0,1273
09/09/2019,BOS,MA,ANE,EN,Towers with Radar,1066,177,48,0,1291,0,52,5,0,57,1066,229,53,0,1348,0,0,0,1348
09/10/2019,BOS,MA,ANE,EN,Towers with Radar,1019,188,51,0,1258,0,26,13,2,41,1019,214,64,2,1299,0,0,0,1299
09/11/2019,BOS,MA,ANE,EN,Towers with Radar,1014,204,53,0,1271,0,18,6,0,24,1014,222,59,0,1295,0,0,0,1295
09/12/2019,BOS,MA,ANE,EN,Towers with Radar,1064,227,44,0,1335,0,5,20,0,25,1064,232,64,0,1360,0,0,0,1360
09/13/2019,BOS,MA,ANE,EN,Towers with Radar,1098,180,37,0,1315,0,55,9,0,64,1098,235,46,0,1379,0,0,0,1379
09/14/2019,BOS,MA,ANE,EN,Towers with Radar,770,153,19,1,943,0,23,5,0,28,770,176,24,1,971,0,0,0,971
09/15/2019,BOS,MA,ANE,EN,Towers with Radar,969,184,35,0,1188,0,59,15,0,74,969,243,50,0,1262,0,0,0,1262
09/16/2019,BOS,MA,ANE,EN,Towers with Radar,1075,172,25,0,1272,0,47,5,2,54,1075,219,30,2,1326,0,0,0,1326
09/17/2019,BOS,MA,ANE,EN,Towers with Radar,1019,183,41,2,1245,0,27,7,0,34,1019,210,48,2,1279,0,0,0,1279
09/18/2019,BOS,MA,ANE,EN,Towers with Radar,1016,202,47,0,1265,0,30,6,1,37,1016,232,53,1,1302,0,0,0,1302
09/19/2019,BOS,MA,ANE,EN,Towers with Radar,1069,209,59,0,1337,0,48,9,0,57,1069,257,68,0,1394,0,0,0,1394
09/20/2019,BOS,MA,ANE,EN,Towers with Radar,1078,178,47,0,1303,0,49,10,0,59,1078,227,57,0,1362,0,0,0,1362
09/21/2019,BOS,MA,ANE,EN,Towers with Radar,765,122,20,0,907,0,45,28,0,73,765,167,48,0,980,0,0,0,980
09/22/2019,BOS,MA,ANE,EN,Towers with Radar,962,190,28,0,1180,0,69,15,0,84,962,259,43,0,1264,0,0,0,1264
09/23/2019,BOS,MA,ANE,EN,Towers with Radar,1079,183,37,1,1300,0,43,6,1,50,1079,226,43,2,1350,0,0,0,1350
09/24/2019,BOS,MA,ANE,EN,Towers with Radar,1023,210,49,0,1282,0,32,4,2,38,1023,242,53,2,1320,0,0,0,1320
09/25/2019,BOS,MA,ANE,EN,Towers with Radar,1024,208,65,0,1297,0,39,19,0,58,1024,247,84,0,1355,0,0,0,1355
09/26/2019,BOS,MA,ANE,EN,Towers with Radar,1072,220,54,1,1347,0,33,12,2,47,1072,253,66,3,1394,0,0,0,1394
09/27/2019,BOS,MA,ANE,EN,Towers with Radar,1056,187,46,0,1289,0,49,14,2,65,1056,236,60,2,1354,0,0,0,1354
09/28/2019,BOS,MA,ANE,EN,Towers with Radar,773,148,21,0,942,0,40,9,0,49,773,188,30,0,991,0,0,0,991
09/29/2019,BOS,MA,ANE,EN,Towers with Radar,967,166,40,2,1175,0,50,7,0,57,967,216,47,2,1232,0,0,0,1232
09/30/2019,BOS,MA,ANE,EN,Towers with Radar,1092,169,27,1,1289,0,43,3,0,46,1092,212,30,1,1335,0,0,0,1335
10/01/2019,BOS,MA,ANE,EN,Towers with Radar,1060,178,37,1,1276,0,8,3,2,13,1060,186,40,3,1289,0,0,0,1289
10/02/2019,BOS,MA,ANE,EN,Towers with Radar,1053,181,42,0,1276,0,11,3,0,14,1053,192,45,0,1290,0,0,0,1290
10/03/2019,BOS,MA,ANE,EN,Towers with Radar,1110,233,63,0,1406,0,14,6,2,22,1110,247,69,2,1428,0,0,0,1428
10/04/2019,BOS,MA,ANE,EN,Towers with Radar,1121,200,32,0,1353,0,26,8,0,34,1121,226,40,0,1387,0,0,0,1387
10/05/2019,BOS,MA,ANE,EN,Towers with Radar,790,131,16,2,939,0,44,14,1,59,790,175,30,3,998,0,0,0,998
10/06/2019,BOS,MA,ANE,EN,Towers with Radar,1000,208,24,0,1232,0,26,10,0,36,1000,234,34,0,1268,0,0,0,1268
10/07/2019,BOS,MA,ANE,EN,Towers with Radar,1089,190,31,1,1311,0,21,4,0,25,1089,211,35,1,1336,0,0,0,1336
10/08/2019,BOS,MA,ANE,EN,Towers with Radar,1078,188,42,1,1309,0,31,4,0,35,1078,219,46,1,1344,0,0,0,1344
10/09/2019,BOS,MA,ANE,EN,Towers with Radar,1055,191,32,0,1278,0,14,7,4,25,1055,205,39,4,1303,0,0,0,1303
10/10/2019,BOS,MA,ANE,EN,Towers with Radar,1094,140,43,0,1277,0,8,2,2,12,1094,148,45,2,1289,0,0,0,1289
10/11/2019,BOS,MA,ANE,EN,Towers with Radar,1020,103,31,0,1154,0,0,2,0,2,1020,103,33,0,1156,0,0,0,1156
10/12/2019,BOS,MA,ANE,EN,Towers with Radar,882,212,14,0,1108,0,0,2,0,2,882,212,16,0,1110,0,0,0,1110
10/13/2019,BOS,MA,ANE,EN,Towers with Radar,995,165,42,0,1202,0,31,25,2,58,995,196,67,2,1260,0,0,0,1260
10/14/2019,BOS,MA,ANE,EN,Towers with Radar,1105,214,35,0,1354,0,12,7,0,19,1105,226,42,0,1373,0,0,0,1373
10/15/2019,BOS,MA,ANE,EN,Towers with Radar,1071,149,54,0,1274,0,56,4,0,60,1071,205,58,0,1334,0,0,0,1334
10/16/2019,BOS,MA,ANE,EN,Towers with Radar,1056,159,52,2,1269,0,32,10,0,42,1056,191,62,2,1311,0,0,0,1311
10/17/2019,BOS,MA,ANE,EN,Towers with Radar,1064,61,45,0,1170,0,0,1,0,1,1064,61,46,0,1171,0,0,0,1171
10/18/2019,BOS,MA,ANE,EN,Towers with Radar,1148,140,31,3,1322,0,27,9,3,39,1148,167,40,6,1361,0,0,0,1361
10/19/2019,BOS,MA,ANE,EN,Towers with Radar,810,113,15,1,939,0,29,25,0,54,810,142,40,1,993,0,0,0,993
10/20/2019,BOS,MA,ANE,EN,Towers with Radar,998,146,38,0,1182,0,38,11,3,52,998,184,49,3,1234,0,0,0,1234
10/21/2019,BOS,MA,ANE,EN,Towers with Radar,1106,139,35,0,1280,0,15,3,0,18,1106,154,38,0,1298,0,0,0,1298
10/22/2019,BOS,MA,ANE,EN,Towers with Radar,1062,158,29,0,1249,0,6,0,2,8,1062,164,29,2,1257,0,0,0,1257
10/23/2019,BOS,MA,ANE,EN,Towers with Radar,1068,170,45,0,1283,0,11,7,3,21,1068,181,52,3,1304,0,0,0,1304
10/24/2019,BOS,MA,ANE,EN,Towers with Radar,1094,132,42,0,1268,0,37,12,0,49,1094,169,54,0,1317,0,0,0,1317
10/25/2019,BOS,MA,ANE,EN,Towers with Radar,1134,137,33,0,1304,0,28,14,2,44,1134,165,47,2,1348,0,0,0,1348
10/26/2019,BOS,MA,ANE,EN,Towers with Radar,775,122,23,2,922,0,16,17,4,37,775,138,40,6,959,0,0,0,959
10/27/2019,BOS,MA,ANE,EN,Towers with Radar,904,97,12,0,1013,0,5,1,0,6,904,102,13,0,1019,0,0,0,1019
10/28/2019,BOS,MA,ANE,EN,Towers with Radar,1074,143,31,2,1250,0,0,5,0,5,1074,143,36,2,1255,0,0,0,1255
10/29/2019,BOS,MA,ANE,EN,Towers with Radar,991,147,23,0,1161,0,0,3,2,5,991,147,26,2,1166,0,0,0,1166
10/30/2019,BOS,MA,ANE,EN,Towers with Radar,1014,156,28,0,1198,0,6,0,0,6,1014,162,28,0,1204,0,0,0,1204
10/31/2019,BOS,MA,ANE,EN,Towers with Radar,921,137,13,0,1071,0,0,0,0,0,921,137,13,0,1071,0,0,0,1071
11/01/2019,BOS,MA,ANE,EN,Towers with Radar,1017,98,21,2,1138,0,20,3,0,23,1017,118,24,2,1161,0,0,0,1161
11/02/2019,BOS,MA,ANE,EN,Towers with Radar,784,92,5,0,881,0,18,19,0,37,784,110,24,0,918,0,0,0,918
11/03/2019,BOS,MA,ANE,EN,Towers with Radar,946,123,21,0,1090,0,27,28,0,55,946,150,49,0,1145,0,0,0,1145
11/04/2019,BOS,MA,ANE,EN,Towers with Radar,1090,133,26,0,1249,0,28,5,0,33,1090,161,31,0,1282,0,0,0,1282
11/05/2019,BOS,MA,ANE,EN,Towers with Radar,1028,119,22,0,1169,0,4,2,0,6,1028,123,24,0,1175,0,0,0,1175
11/06/2019,BOS,MA,ANE,EN,Towers with Radar,1030,140,34,1,1205,0,31,5,3,39,1030,171,39,4,1244,0,0,0,1244
11/07/2019,BOS,MA,ANE,EN,Towers with Radar,1070,145,36,4,1255,0,15,11,1,27,1070,160,47,5,1282,0,0,0,1282
11/08/2019,BOS,MA,ANE,EN,Towers with Radar,1100,139,23,0,1262,0,11,3,0,14,1100,150,26,0,1276,0,0,0,1276
11/09/2019,BOS,MA,ANE,EN,Towers with Radar,757,109,10,0,876,0,25,23,0,48,757,134,33,0,924,0,0,0,924
11/10/2019,BOS,MA,ANE,EN,Towers with Radar,969,118,19,0,1106,0,23,8,0,31,969,141,27,0,1137,0,0,0,1137
11/11/2019,BOS,MA,ANE,EN,Towers with Radar,1045,127,25,0,1197,0,13,2,0,15,1045,140,27,0,1212,0,0,0,1212
11/12/2019,BOS,MA,ANE,EN,Towers with Radar,1056,128,38,9,1231,0,0,1,0,1,1056,128,39,9,1232,0,0,0,1232
11/13/2019,BOS,MA,ANE,EN,Towers with Radar,1056,137,25,0,1218,0,22,11,2,35,1056,159,36,2,1253,0,0,0,1253
11/14/2019,BOS,MA,ANE,EN,Towers with Radar,1099,159,40,0,1298,0,17,5,5,27,1099,176,45,5,1325,0,0,0,1325
11/15/2019,BOS,MA,ANE,EN,Towers with Radar,1098,132,19,0,1249,0,34,10,0,44,1098,166,29,0,1293,0,0,0,1293
11/16/2019,BOS,MA,ANE,EN,Towers with Radar,761,105,11,0,877,0,24,30,0,54,761,129,41,0,931,0,0,0,931
11/17/2019,BOS,MA,ANE,EN,Towers with Radar,959,131,20,0,1110,0,9,6,1,16,959,140,26,1,1126,0,0,0,1126
11/18/2019,BOS,MA,ANE,EN,Towers with Radar,1055,141,23,0,1219,0,0,0,0,0,1055,141,23,0,1219,0,0,0,1219
11/19/2019,BOS,MA,ANE,EN,Towers with Radar,1076,132,44,0,1252,0,0,0,0,0,1076,132,44,0,1252,0,0,0,1252
11/20/2019,BOS,MA,ANE,EN,Towers with Radar,1040,151,21,0,1212,0,0,0,0,0,1040,151,21,0,1212,0,0,0,1212
11/21/2019,BOS,MA,ANE,EN,Towers with Radar,1098,142,33,0,1273,0,23,8,1,32,1098,165,41,1,1305,0,0,0,1305
11/22/2019,BOS,MA,ANE,EN,Towers with Radar,1096,157,23,0,1276,0,8,2,2,12,1096,165,25,2,1288,0,0,0,1288
11/23/2019,BOS,MA,ANE,EN,Towers with Radar,822,98,12,0,932,0,30,22,0,52,822,128,34,0,984,0,0,0,984
11/24/2019,BOS,MA,ANE,EN,Towers with Radar,900,100,12,0,1012,0,1,0,0,1,900,101,12,0,1013,0,0,0,1013
11/25/2019,BOS,MA,ANE,EN,Towers with Radar,992,126,26,0,1144,0,39,8,0,47,992,165,34,0,1191,0,0,0,1191
11/26/2019,BOS,MA,ANE,EN,Towers with Radar,1044,130,23,0,1197,0,43,8,0,51,1044,173,31,0,1248,0,0,0,1248
11/27/2019,BOS,MA,ANE,EN,Towers with Radar,1051,157,12,0,1220,0,14,3,0,17,1051,171,15,0,1237,0,0,0,1237
11/28/2019,BOS,MA,ANE,EN,Towers with Radar,695,79,6,0,780,0,4,0,0,4,695,83,6,0,784,0,0,0,784
11/29/2019,BOS,MA,ANE,EN,Towers with Radar,737,98,6,0,841,0,13,5,4,22,737,111,11,4,863,0,0,0,863
11/30/2019,BOS,MA,ANE,EN,Towers with Radar,945,113,10,0,1068,0,37,8,2,47,945,150,18,2,1115,0,0,0,1115
12/01/2019,BOS,MA,ANE,EN,Towers with Radar,961,130,21,0,1112,0,6,2,0,8,961,136,23,0,1120,0,0,0,1120
12/02/2019,BOS,MA,ANE,EN,Towers with Radar,918,107,22,0,1047,0,0,0,0,0,918,107,22,0,1047,0,0,0,1047
12/03/2019,BOS,MA,ANE,EN,Towers with Radar,839,43,19,0,901,0,0,1,0,1,839,43,20,0,902,0,0,0,902
12/04/2019,BOS,MA,ANE,EN,Towers with Radar,1078,156,44,0,1278,0,19,12,0,31,1078,175,56,0,1309,0,0,0,1309
12/05/2019,BOS,MA,ANE,EN,Towers with Radar,1078,174,53,0,1305,0,33,10,2,45,1078,207,63,2,1350,0,0,0,1350
12/06/2019,BOS,MA,ANE,EN,Towers with Radar,1056,171,27,0,1254,0,11,4,0,15,1056,182,31,0,1269,0,0,0,1269
12/07/2019,BOS,MA,ANE,EN,Towers with Radar,732,101,10,0,843,0,18,9,2,29,732,119,19,2,872,0,0,0,872
12/08/2019,BOS,MA,ANE,EN,Towers with Radar,920,151,14,1,1086,0,42,12,0,54,920,193,26,1,1140,0,0,0,1140
12/09/2019,BOS,MA,ANE,EN,Towers with Radar,945,123,29,1,1098,0,0,0,0,0,945,123,29,1,1098,0,0,0,1098
12/10/2019,BOS,MA,ANE,EN,Towers with Radar,1046,157,37,1,1241,0,2,3,0,5,1046,159,40,1,1246,0,0,0,1246
12/11/2019,BOS,MA,ANE,EN,Towers with Radar,997,126,24,0,1147,0,5,5,0,10,997,131,29,0,1157,0,0,0,1157
12/12/2019,BOS,MA,ANE,EN,Towers with Radar,1065,147,31,0,1243,0,20,19,4,43,1065,167,50,4,1286,0,0,0,1286
12/13/2019,BOS,MA,ANE,EN,Towers with Radar,1052,147,17,0,1216,0,12,2,2,16,1052,159,19,2,1232,0,0,0,1232
12/14/2019,BOS,MA,ANE,EN,Towers with Radar,752,78,6,3,839,0,0,0,0,0,752,78,6,3,839,0,0,0,839
12/15/2019,BOS,MA,ANE,EN,Towers with Radar,920,105,10,0,1035,0,12,7,0,19,920,117,17,0,1054,0,0,0,1054
12/16/2019,BOS,MA,ANE,EN,Towers with Radar,1035,118,27,1,1181,0,34,11,0,45,1035,152,38,1,1226,0,0,0,1226
12/17/2019,BOS,MA,ANE,EN,Towers with Radar,833,34,7,0,874,0,0,0,0,0,833,34,7,0,874,0,0,0,874
12/18/2019,BOS,MA,ANE,EN,Towers with Radar,1053,118,47,0,1218,0,12,5,0,17,1053,130,52,0,1235,0,0,0,1235
12/19/2019,BOS,MA,ANE,EN,Towers with Radar,1086,103,42,2,1233,0,24,6,0,30,1086,127,48,2,1263,0,0,0,1263
12/20/2019,BOS,MA,ANE,EN,Towers with Radar,1044,134,22,0,1200,0,15,19,0,34,1044,149,41,0,1234,0,0,0,1234
12/21/2019,BOS,MA,ANE,EN,Towers with Radar,895,106,21,0,1022,0,13,5,0,18,895,119,26,0,1040,0,0,0,1040
12/22/2019,BOS,MA,ANE,EN,Towers with Radar,948,113,9,0,1070,0,21,3,0,24,948,134,12,0,1094,0,0,0,1094
12/23/2019,BOS,MA,ANE,EN,Towers with Radar,947,90,10,0,1047,0,30,10,4,44,947,120,20,4,1091,0,0,0,1091
12/24/2019,BOS,MA,ANE,EN,Towers with Radar,806,78,3,0,887,0,30,1,0,31,806,108,4,0,918,0,0,0,918
12/25/2019,BOS,MA,ANE,EN,Towers with Radar,715,78,3,0,796,0,28,1,0,29,715,106,4,0,825,0,0,0,825
12/26/2019,BOS,MA,ANE,EN,Towers with Radar,954,102,10,0,1066,0,19,3,0,22,954,121,13,0,1088,0,0,0,1088
12/27/2019,BOS,MA,ANE,EN,Towers with Radar,970,119,6,0,1095,0,9,5,0,14,970,128,11,0,1109,0,0,0,1109
12/28/2019,BOS,MA,ANE,EN,Towers with Radar,879,108,13,0,1000,0,22,19,0,41,879,130,32,0,1041,0,0,0,1041
12/29/2019,BOS,MA,ANE,EN,Towers with Radar,938,102,9,0,1049,0,27,8,0,35,938,129,17,0,1084,0,0,0,1084
12/30/2019,BOS,MA,ANE,EN,Towers with Radar,942,41,5,0,988,0,0,0,0,0,942,41,5,0,988,0,0,0,988
12/31/2019,BOS,MA,ANE,EN,Towers with Radar,840,103,1,2,946,0,0,0,0,0,840,103,1,2,946,0,0,0,946
01/01/2020,BOS,MA,ANE,EN,Towers with Radar,790,102,8,0,900,0,20,2,0,22,790,122,10,0,922,0,0,0,922
01/02/2020,BOS,MA,ANE,EN,Towers with Radar,935,102,13,0,1050,0,33,4,0,37,935,135,17,0,1087,0,0,0,1087
01/03/2020,BOS,MA,ANE,EN,Towers with Radar,925,115,6,0,1046,0,24,1,0,25,925,139,7,0,1071,0,0,0,1071
01/04/2020,BOS,MA,ANE,EN,Towers with Radar,795,90,15,0,900,0,2,0,0,2,795,92,15,0,902,0,0,0,902
01/05/2020,BOS,MA,ANE,EN,Towers with Radar,895,118,11,0,1024,0,6,0,0,6,895,124,11,0,1030,0,0,0,1030
01/06/2020,BOS,MA,ANE,EN,Towers with Radar,1014,119,18,0,1151,0,12,2,0,14,1014,131,20,0,1165,0,0,0,1165
01/07/2020,BOS,MA,ANE,EN,Towers with Radar,985,104,22,0,1111,0,13,8,3,24,985,117,30,3,1135,0,0,0,1135
01/08/2020,BOS,MA,ANE,EN,Towers with Radar,960,113,27,0,1100,0,6,2,0,8,960,119,29,0,1108,0,0,0,1108
01/09/2020,BOS,MA,ANE,EN,Towers with Radar,1026,121,15,2,1164,0,21,11,0,32,1026,142,26,2,1196,0,0,0,1196
01/10/2020,BOS,MA,ANE,EN,Towers with Radar,990,114,8,0,1112,0,4,2,0,6,990,118,10,0,1118,0,0,0,1118
01/11/2020,BOS,MA,ANE,EN,Towers with Radar,733,87,7,0,827,0,7,1,0,8,733,94,8,0,835,0,0,0,835
01/12/2020,BOS,MA,ANE,EN,Towers with Radar,870,112,14,0,996,0,8,2,0,10,870,120,16,0,1006,0,0,0,1006
01/13/2020,BOS,MA,ANE,EN,Towers with Radar,983,128,14,0,1125,0,0,3,0,3,983,128,17,0,1128,0,0,0,1128
01/14/2020,BOS,MA,ANE,EN,Towers with Radar,980,136,22,0,1138,0,2,0,0,2,980,138,22,0,1140,0,0,0,1140
01/15/2020,BOS,MA,ANE,EN,Towers with Radar,973,121,28,0,1122,0,16,5,0,21,973,137,33,0,1143,0,0,0,1143
01/16/2020,BOS,MA,ANE,EN,Towers with Radar,1006,94,24,0,1124,0,4,6,0,10,1006,98,30,0,1134,0,0,0,1134
01/17/2020,BOS,MA,ANE,EN,Towers with Radar,996,97,34,0,1127,0,13,0,0,13,996,110,34,0,1140,0,0,0,1140
01/18/2020,BOS,MA,ANE,EN,Towers with Radar,697,73,4,0,774,0,7,2,4,13,697,80,6,4,787,0,0,0,787
01/19/2020,BOS,MA,ANE,EN,Towers with Radar,782,92,6,0,880,0,12,6,0,18,782,104,12,0,898,0,0,0,898
01/20/2020,BOS,MA,ANE,EN,Towers with Radar,951,126,34,0,1111,0,20,8,0,28,951,146,42,0,1139,0,0,0,1139
01/21/2020,BOS,MA,ANE,EN,Towers with Radar,972,107,25,0,1104,0,21,2,2,25,972,128,27,2,1129,0,0,0,1129
01/22/2020,BOS,MA,ANE,EN,Towers with Radar,960,119,40,1,1120,0,23,2,0,25,960,142,42,1,1145,0,0,0,1145
01/23/2020,BOS,MA,ANE,EN,Towers with Radar,993,133,27,0,1153,0,19,1,0,20,993,152,28,0,1173,0,0,0,1173
01/24/2020,BOS,MA,ANE,EN,Towers with Radar,998,125,17,0,1140,0,20,4,0,24,998,145,21,0,1164,0,0,0,1164
01/25/2020,BOS,MA,ANE,EN,Towers with Radar,717,88,11,0,816,0,1,0,0,1,717,89,11,0,817,0,0,0,817
01/26/2020,BOS,MA,ANE,EN,Towers with Radar,869,116,11,2,998,0,8,10,2,20,869,124,21,4,1018,0,0,0,1018
01/27/2020,BOS,MA,ANE,EN,Towers with Radar,985,126,24,0,1135,0,16,3,0,19,985,142,27,0,1154,0,0,0,1154
01/28/2020,BOS,MA,ANE,EN,Towers with Radar,961,124,25,0,1110,0,11,3,3,17,961,135,28,3,1127,0,0,0,1127
01/29/2020,BOS,MA,ANE,EN,Towers with Radar,951,119,21,0,1091,0,19,3,2,24,951,138,24,2,1115,0,0,0,1115
01/30/2020,BOS,MA,ANE,EN,Towers with Radar,996,121,29,0,1146,0,25,3,1,29,996,146,32,1,1175,0,0,0,1175
01/31/2020,BOS,MA,ANE,EN,Towers with Radar,1004,131,20,1,1156,0,18,3,2,23,1004,149,23,3,1179,0,0,0,1179
02/01/2020,BOS,MA,ANE,EN,Towers with Radar,718,112,10,1,841,0,0,0,0,0,718,112,10,1,841,0,0,0,841
02/02/2020,BOS,MA,ANE,EN,Towers with Radar,821,117,12,0,950,0,4,4,0,8,821,121,16,0,958,0,0,0,958
02/03/2020,BOS,MA,ANE,EN,Towers with Radar,982,143,34,0,1159,0,14,6,0,20,982,157,40,0,1179,0,0,0,1179
02/04/2020,BOS,MA,ANE,EN,Towers with Radar,960,126,30,0,1116,0,13,0,2,15,960,139,30,2,1131,0,0,0,1131
02/05/2020,BOS,MA,ANE,EN,Towers with Radar,955,116,33,0,1104,0,18,6,2,26,955,134,39,2,1130,0,0,0,1130
02/06/2020,BOS,MA,ANE,EN,Towers with Radar,950,96,27,0,1073,0,0,0,0,0,950,96,27,0,1073,0,0,0,1073
02/07/2020,BOS,MA,ANE,EN,Towers with Radar,976,49,20,0,1045,0,0,0,0,0,976,49,20,0,1045,0,0,0,1045
02/08/2020,BOS,MA,ANE,EN,Towers with Radar,745,88,12,0,845,0,12,9,3,24,745,100,21,3,869,0,0,0,869
02/09/2020,BOS,MA,ANE,EN,Towers with Radar,843,118,16,0,977,0,10,8,0,18,843,128,24,0,995,0,0,0,995
02/10/2020,BOS,MA,ANE,EN,Towers with Radar,995,138,15,0,1148,0,4,0,2,6,995,142,15,2,1154,0,0,0,1154
02/11/2020,BOS,MA,ANE,EN,Towers with Radar,969,126,20,0,1115,0,0,2,0,2,969,126,22,0,1117,0,0,0,1117
02/12/2020,BOS,MA,ANE,EN,Towers with Radar,965,116,41,0,1122,0,18,11,0,29,965,134,52,0,1151,0,0,0,1151
02/13/2020,BOS,MA,ANE,EN,Towers with Radar,992,142,39,0,1173,0,0,0,0,0,992,142,39,0,1173,0,0,0,1173
02/14/2020,BOS,MA,ANE,EN,Towers with Radar,1039,135,30,0,1204,0,16,9,0,25,1039,151,39,0,1229,0,0,0,1229
02/15/2020,BOS,MA,ANE,EN,Towers with Radar,817,102,13,0,932,0,17,8,0,25,817,119,21,0,957,0,0,0,957
02/16/2020,BOS,MA,ANE,EN,Towers with Radar,834,104,15,1,954,0,17,12,2,31,834,121,27,3,985,0,0,0,985
02/17/2020,BOS,MA,ANE,EN,Towers with Radar,967,125,22,0,1114,0,28,8,0,36,967,153,30,0,1150,0,0,0,1150
02/18/2020,BOS,MA,ANE,EN,Towers with Radar,1025,117,15,0,1157,0,4,0,0,4,1025,121,15,0,1161,0,0,0,1161
02/19/2020,BOS,MA,ANE,EN,Towers with Radar,1017,118,29,0,1164,0,16,5,0,21,1017,134,34,0,1185,0,0,0,1185
02/20/2020,BOS,MA,ANE,EN,Towers with Radar,1023,111,25,3,1162,0,20,5,1,26,1023,131,30,4,1188,0,0,0,1188
02/21/2020,BOS,MA,ANE,EN,Towers with Radar,1025,106,20,2,1153,0,19,1,0,20,1025,125,21,2,1173,0,0,0,1173
02/22/2020,BOS,MA,ANE,EN,Towers with Radar,831,102,9,0,942,0,18,9,0,27,831,120,18,0,969,0,0,0,969
02/23/2020,BOS,MA,ANE,EN,Towers with Radar,919,110,14,0,1043,0,19,3,0,22,919,129,17,0,1065,0,0,0,1065
02/24/2020,BOS,MA,ANE,EN,Towers with Radar,1018,122,22,2,1164,0,27,5,0,32,1018,149,27,2,1196,0,0,0,1196
02/25/2020,BOS,MA,ANE,EN,Towers with Radar,1047,142,30,0,1219,0,11,5,2,18,1047,153,35,2,1237,0,0,0,1237
02/26/2020,BOS,MA,ANE,EN,Towers with Radar,1026,138,31,0,1195,0,3,1,0,4,1026,141,32,0,1199,0,0,0,1199
02/27/2020,BOS,MA,ANE,EN,Towers with Radar,1033,83,29,1,1146,0,0,2,0,2,1033,83,31,1,1148,0,0,0,1148
02/28/2020,BOS,MA,ANE,EN,Towers with Radar,1055,134,20,0,1209,0,11,0,4,15,1055,145,20,4,1224,0,0,0,1224
02/29/2020,BOS,MA,ANE,EN,Towers with Radar,818,105,9,0,932,0,15,4,0,19,818,120,13,0,951,0,0,0,951
03/01/2020,BOS,MA,ANE,EN,Towers with Radar,931,123,14,1,1069,0,23,1,0,24,931,146,15,1,1093,0,0,0,1093
03/02/2020,BOS,MA,ANE,EN,Towers with Radar,1037,119,32,0,1188,0,25,7,0,32,1037,144,39,0,1220,0,0,0,1220
03/03/2020,BOS,MA,ANE,EN,Towers with Radar,1034,146,32,0,1212,0,14,6,0,20,1034,160,38,0,1232,0,0,0,1232
03/04/2020,BOS,MA,ANE,EN,Towers with Radar,1033,131,31,0,1195,0,15,4,0,19,1033,146,35,0,1214,0,0,0,1214
03/05/2020,BOS,MA,ANE,EN,Towers with Radar,1070,139,32,1,1242,0,27,13,0,40,1070,166,45,1,1282,0,0,0,1282
03/06/2020,BOS,MA,ANE,EN,Towers with Radar,1046,143,24,0,1213,0,12,2,0,14,1046,155,26,0,1227,0,0,0,1227
03/07/2020,BOS,MA,ANE,EN,Towers with Radar,809,90,10,0,909,0,17,4,0,21,809,107,14,0,930,0,0,0,930
03/08/2020,BOS,MA,ANE,EN,Towers with Radar,946,125,16,2,1089,0,32,11,2,45,946,157,27,4,1134,0,0,0,1134
03/09/2020,BOS,MA,ANE,EN,Towers with Radar,1023,111,12,0,1146,0,29,5,1,35,1023,140,17,1,1181,0,0,0,1181
03/10/2020,BOS,MA,ANE,EN,Towers with Radar,1028,134,18,0,1180,0,7,7,0,14,1028,141,25,0,1194,0,0,0,1194
03/11/2020,BOS,MA,ANE,EN,Towers with Radar,1019,139,13,0,1171,0,25,6,4,35,1019,164,19,4,1206,0,0,0,1206
03/12/2020,BOS,MA,ANE,EN,Towers with Radar,1058,132,11,1,1202,0,15,0,0,15,1058,147,11,1,1217,0,0,0,1217
03/13/2020,BOS,MA,ANE,EN,Towers with Radar,1055,128,18,0,1201,0,1,2,0,3,1055,129,20,0,1204,0,0,0,1204
03/14/2020,BOS,MA,ANE,EN,Towers with Radar,821,120,14,1,956,0,26,6,0,32,821,146,20,1,988,0,0,0,988
03/15/2020,BOS,MA,ANE,EN,Towers with Radar,932,128,16,0,1076,0,21,5,0,26,932,149,21,0,1102,0,0,0,1102
03/16/2020,BOS,MA,ANE,EN,Towers with Radar,986,101,22,1,1110,0,24,0,0,24,986,125,22,1,1134,0,0,0,1134
03/17/2020,BOS,MA,ANE,EN,Towers with Radar,952,116,13,2,1083,0,0,0,0,0,952,116,13,2,1083,0,0,0,1083
03/18/2020,BOS,MA,ANE,EN,Towers with Radar,939,69,16,0,1024,0,30,19,0,49,939,99,35,0,1073,0,0,0,1073
03/19/2020,BOS,MA,ANE,EN,Towers with Radar,918,101,18,0,1037,0,1,0,0,1,918,102,18,0,1038,0,0,0,1038
03/20/2020,BOS,MA,ANE,EN,Towers with Radar,877,97,9,0,983,0,3,3,0,6,877,100,12,0,989,0,0,0,989
03/21/2020,BOS,MA,ANE,EN,Towers with Radar,633,58,7,0,698,0,19,2,0,21,633,77,9,0,719,0,0,0,719
03/22/2020,BOS,MA,ANE,EN,Towers with Radar,747,73,4,0,824,0,21,6,0,27,747,94,10,0,851,0,0,0,851
03/23/2020,BOS,MA,ANE,EN,Towers with Radar,558,74,4,0,636,0,2,0,2,4,558,76,4,2,640,0,0,0,640
03/24/2020,BOS,MA,ANE,EN,Towers with Radar,549,73,7,0,629,0,5,0,0,5,549,78,7,0,634,0,0,0,634
03/25/2020,BOS,MA,ANE,EN,Towers with Radar,489,76,4,0,569,0,2,0,0,2,489,78,4,0,571,0,0,0,571
03/26/2020,BOS,MA,ANE,EN,Towers with Radar,437,59,7,0,503,0,9,0,0,9,437,68,7,0,512,0,0,0,512
03/27/2020,BOS,MA,ANE,EN,Towers with Radar,418,67,10,0,495,0,9,0,0,9,418,76,10,0,504,0,0,0,504
03/28/2020,BOS,MA,ANE,EN,Towers with Radar,338,51,6,0,395,0,13,0,0,13,338,64,6,0,408,0,0,0,408
03/29/2020,BOS,MA,ANE,EN,Towers with Radar,399,64,1,0,464,0,0,0,0,0,399,64,1,0,464,0,0,0,464
03/30/2020,BOS,MA,ANE,EN,Towers with Radar,361,68,4,0,433,0,0,0,0,0,361,68,4,0,433,0,0,0,433
03/31/2020,BOS,MA,ANE,EN,Towers with Radar,358,63,3,0,424,0,3,2,2,7,358,66,5,2,431,0,0,0,431
04/01/2020,BOS,MA,ANE,EN,Towers with Radar,319,75,3,0,397,0,1,2,0,3,319,76,5,0,400,0,0,0,400
04/02/2020,BOS,MA,ANE,EN,Towers with Radar,270,74,7,0,351,0,0,0,0,0,270,74,7,0,351,0,0,0,351
04/03/2020,BOS,MA,ANE,EN,Towers with Radar,259,38,10,0,307,0,0,0,0,0,259,38,10,0,307,0,0,0,307
04/04/2020,BOS,MA,ANE,EN,Towers with Radar,221,68,10,0,299,0,4,1,0,5,221,72,11,0,304,0,0,0,304
04/05/2020,BOS,MA,ANE,EN,Towers with Radar,259,69,11,0,339,0,4,2,0,6,259,73,13,0,345,0,0,0,345
04/06/2020,BOS,MA,ANE,EN,Towers with Radar,231,52,3,0,286,0,18,0,0,18,231,70,3,0,304,0,0,0,304
04/07/2020,BOS,MA,ANE,EN,Towers with Radar,214,43,2,0,259,0,19,3,0,22,214,62,5,0,281,0,0,0,281
04/08/2020,BOS,MA,ANE,EN,Towers with Radar,218,62,0,0,280,0,7,0,0,7,218,69,0,0,287,0,0,0,287
04/09/2020,BOS,MA,ANE,EN,Towers with Radar,240,57,5,0,302,0,1,0,0,1,240,58,5,0,303,0,0,0,303
04/10/2020,BOS,MA,ANE,EN,Towers with Radar,244,73,8,0,325,0,2,0,0,2,244,75,8,0,327,0,0,0,327
04/11/2020,BOS,MA,ANE,EN,Towers with Radar,188,60,2,0,250,0,8,6,0,14,188,68,8,0,264,0,0,0,264
04/12/2020,BOS,MA,ANE,EN,Towers with Radar,174,62,1,1,238,0,9,2,2,13,174,71,3,3,251,0,0,0,251
04/13/2020,BOS,MA,ANE,EN,Towers with Radar,187,22,3,1,213,0,0,0,0,0,187,22,3,1,213,0,0,0,213
04/14/2020,BOS,MA,ANE,EN,Towers with Radar,199,69,2,2,272,0,22,2,2,26,199,91,4,4,298,0,0,0,298
04/15/2020,BOS,MA,ANE,EN,Towers with Radar,185,68,4,0,257,0,12,0,0,12,185,80,4,0,269,0,0,0,269
04/16/2020,BOS,MA,ANE,EN,Towers with Radar,199,71,6,0,276,0,7,0,0,7,199,78,6,0,283,0,0,0,283
04/17/2020,BOS,MA,ANE,EN,Towers with Radar,181,66,4,0,251,0,11,2,3,16,181,77,6,3,267,0,0,0,267
04/18/2020,BOS,MA,ANE,EN,Towers with Radar,145,71,12,0,228,0,0,3,0,3,145,71,15,0,231,0,0,0,231
04/19/2020,BOS,MA,ANE,EN,Towers with Radar,153,61,5,0,219,0,16,5,0,21,153,77,10,0,240,0,0,0,240
04/20/2020,BOS,MA,ANE,EN,Towers with Radar,141,52,0,2,195,0,13,2,0,15,141,65,2,2,210,0,0,0,210
04/21/2020,BOS,MA,ANE,EN,Towers with Radar,146,54,1,1,202,0,3,0,0,3,146,57,1,1,205,0,0,0,205
04/22/2020,BOS,MA,ANE,EN,Towers with Radar,160,61,4,0,225,0,9,0,0,9,160,70,4,0,234,0,0,0,234
04/23/2020,BOS,MA,ANE,EN,Towers with Radar,172,52,2,1,227,0,18,7,0,25,172,70,9,1,252,0,0,0,252
04/24/2020,BOS,MA,ANE,EN,Towers with Radar,172,66,5,0,243,0,1,3,0,4,172,67,8,0,247,0,0,0,247
04/25/2020,BOS,MA,ANE,EN,Towers with Radar,131,49,6,0,186,0,15,9,0,24,131,64,15,0,210,0,0,0,210
04/26/2020,BOS,MA,ANE,EN,Towers with Radar,143,64,10,0,217,0,1,0,2,3,143,65,10,2,220,0,0,0,220
04/27/2020,BOS,MA,ANE,EN,Towers with Radar,137,60,7,0,204,0,0,0,1,1,137,60,7,1,205,0,0,0,205
04/28/2020,BOS,MA,ANE,EN,Towers with Radar,165,63,9,0,237,0,4,3,0,7,165,67,12,0,244,0,0,0,244
04/29/2020,BOS,MA,ANE,EN,Towers with Radar,160,60,8,0,228,0,20,0,2,22,160,80,8,2,250,0,0,0,250
04/30/2020,BOS,MA,ANE,EN,Towers with Radar,187,71,3,0,261,0,1,1,0,2,187,72,4,0,263,0,0,0,263
05/01/2020,BOS,MA,ANE,EN,Towers with Radar,182,83,5,2,272,0,0,0,0,0,182,83,5,2,272,0,0,0,272
05/02/2020,BOS,MA,ANE,EN,Towers with Radar,123,57,2,0,182,0,9,3,0,12,123,66,5,0,194,0,0,0,194
05/03/2020,BOS,MA,ANE,EN,Towers with Radar,163,53,18,0,234,0,14,18,0,32,163,67,36,0,266,0,0,0,266
05/04/2020,BOS,MA,ANE,EN,Towers with Radar,158,56,7,9,230,0,11,5,0,16,158,67,12,9,246,0,0,0,246
05/05/2020,BOS,MA,ANE,EN,Towers with Radar,144,63,5,0,212,0,6,2,0,8,144,69,7,0,220,0,0,0,220
05/06/2020,BOS,MA,ANE,EN,Towers with Radar,128,57,9,2,196,0,16,10,0,26,128,73,19,2,222,0,0,0,222
05/07/2020,BOS,MA,ANE,EN,Towers with Radar,200,59,11,0,270,0,12,6,1,19,200,71,17,1,289,0,0,0,289
05/08/2020,BOS,MA,ANE,EN,Towers with Radar,183,62,4,0,249,0,9,2,2,13,183,71,6,2,262,0,0,0,262
05/09/2020,BOS,MA,ANE,EN,Towers with Radar,129,53,2,0,184,0,2,0,0,2,129,55,2,0,186,0,0,0,186
05/10/2020,BOS,MA,ANE,EN,Towers with Radar,163,58,5,0,226,0,9,0,3,12,163,67,5,3,238,0,0,0,238
05/11/2020,BOS,MA,ANE,EN,Towers with Radar,156,63,5,1,225,0,9,0,0,9,156,72,5,1,234,0,0,0,234
05/12/2020,BOS,MA,ANE,EN,Towers with Radar,145,74,16,0,235,0,7,16,2,25,145,81,32,2,260,0,0,0,260
05/13/2020,BOS,MA,ANE,EN,Towers with Radar,153,58,17,0,228,0,18,1,0,19,153,76,18,0,247,0,0,0,247
05/14/2020,BOS,MA,ANE,EN,Towers with Radar,191,64,9,0,264,0,19,4,6,29,191,83,13,6,293,0,0,0,293
05/15/2020,BOS,MA,ANE,EN,Towers with Radar,170,73,3,0,246,0,2,1,0,3,170,75,4,0,249,0,0,0,249
05/16/2020,BOS,MA,ANE,EN,Towers with Radar,124,64,9,0,197,0,6,3,2,11,124,70,12,2,208,0,0,0,208
05/17/2020,BOS,MA,ANE,EN,Towers with Radar,162,60,1,0,223,0,13,2,2,17,162,73,3,2,240,0,0,0,240
05/18/2020,BOS,MA,ANE,EN,Towers with Radar,149,69,5,1,224,0,14,0,1,15,149,83,5,2,239,0,0,0,239
05/19/2020,BOS,MA,ANE,EN,Towers with Radar,143,60,4,2,209,0,17,6,3,26,143,77,10,5,235,0,0,0,235
05/20/2020,BOS,MA,ANE,EN,Towers with Radar,155,54,6,0,215,0,20,4,2,26,155,74,10,2,241,0,0,0,241
05/21/2020,BOS,MA,ANE,EN,Towers with Radar,189,73,11,2,275,0,23,1,4,28,189,96,12,6,303,0,0,0,303
05/22/2020,BOS,MA,ANE,EN,Towers with Radar,167,74,8,0,249,0,20,7,2,29,167,94,15,2,278,0,0,0,278
05/23/2020,BOS,MA,ANE,EN,Towers with Radar,127,67,4,0,198,0,9,2,0,11,127,76,6,0,209,0,0,0,209
05/24/2020,BOS,MA,ANE,EN,Towers with Radar,158,55,5,0,218,0,13,8,0,21,158,68,13,0,239,0,0,0,239
05/25/2020,BOS,MA,ANE,EN,Towers with Radar,151,106,3,0,260,0,0,0,0,0,151,106,3,0,260,0,0,0,260
05/26/2020,BOS,MA,ANE,EN,Towers with Radar,125,71,4,2,202,0,11,3,0,14,125,82,7,2,216,0,0,0,216
05/27/2020,BOS,MA,ANE,EN,Towers with Radar,160,77,7,2,246,0,20,1,0,21,160,97,8,2,267,0,0,0,267
05/28/2020,BOS,MA,ANE,EN,Towers with Radar,192,104,7,0,303,0,4,1,2,7,192,108,8,2,310,0,0,0,310
05/29/2020,BOS,MA,ANE,EN,Towers with Radar,174,96,14,0,284,0,0,1,0,1,174,96,15,0,285,0,0,0,285
05/30/2020,BOS,MA,ANE,EN,Towers with Radar,129,72,6,0,207,0,10,6,0,16,129,82,12,0,223,0,0,0,223
05/31/2020,BOS,MA,ANE,EN,Towers with Radar,168,79,7,0,254,0,23,7,0,30,168,102,14,0,284,0,0,0,284
06/01/2020,BOS,MA,ANE,EN,Towers with Radar,191,76,8,8,283,0,23,3,2,28,191,99,11,10,311,0,0,0,311
06/02/2020,BOS,MA,ANE,EN,Towers with Radar,186,73,11,1,271,0,21,0,0,21,186,94,11,1,292,0,0,0,292
06/03/2020,BOS,MA,ANE,EN,Towers with Radar,201,77,5,0,283,0,15,0,0,15,201,92,5,0,298,0,0,0,298
06/04/2020,BOS,MA,ANE,EN,Towers with Radar,245,80,5,0,330,0,27,10,0,37,245,107,15,0,367,0,0,0,367
06/05/2020,BOS,MA,ANE,EN,Towers with Radar,229,89,10,0,328,0,10,3,2,15,229,99,13,2,343,0,0,0,343
06/06/2020,BOS,MA,ANE,EN,Towers with Radar,175,67,9,2,253,0,6,2,0,8,175,73,11,2,261,0,0,0,261
06/07/2020,BOS,MA,ANE,EN,Towers with Radar,223,99,8,0,330,0,10,3,0,13,223,109,11,0,343,0,0,0,343
06/08/2020,BOS,MA,ANE,EN,Towers with Radar,222,69,4,0,295,0,24,9,0,33,222,93,13,0,328,0,0,0,328
06/09/2020,BOS,MA,ANE,EN,Towers with Radar,203,82,2,0,287,0,20,8,0,28,203,102,10,0,315,0,0,0,315
06/10/2020,BOS,MA,ANE,EN,Towers with Radar,210,86,8,0,304,0,5,5,0,10,210,91,13,0,314,0,0,0,314
06/11/2020,BOS,MA,ANE,EN,Towers with Radar,268,98,9,0,375,0,2,0,0,2,268,100,9,0,377,0,0,0,377
06/12/2020,BOS,MA,ANE,EN,Towers with Radar,248,102,6,4,360,0,18,13,0,31,248,120,19,4,391,0,0,0,391
06/13/2020,BOS,MA,ANE,EN,Towers with Radar,194,72,4,0,270,0,24,2,0,26,194,96,6,0,296,0,0,0,296
06/14/2020,BOS,MA,ANE,EN,Towers with Radar,243,83,4,0,330,0,27,4,1,32,243,110,8,1,362,0,0,0,362
06/15/2020,BOS,MA,ANE,EN,Towers with Radar,245,81,19,0,345,0,18,2,0,20,245,99,21,0,365,0,0,0,365
06/16/2020,BOS,MA,ANE,EN,Towers with Radar,217,68,14,0,299,0,29,5,6,40,217,97,19,6,339,0,0,0,339
06/17/2020,BOS,MA,ANE,EN,Towers with Radar,223,72,14,0,309,0,29,3,4,36,223,101,17,4,345,0,0,0,345
06/18/2020,BOS,MA,ANE,EN,Towers with Radar,276,70,8,4,358,0,23,8,6,37,276,93,16,10,395,0,0,0,395
06/19/2020,BOS,MA,ANE,EN,Towers with Radar,260,94,14,0,368,0,23,4,0,27,260,117,18,0,395,0,0,0,395
06/20/2020,BOS,MA,ANE,EN,Towers with Radar,206,85,10,0,301,0,31,8,0,39,206,116,18,0,340,0,0,0,340
06/21/2020,BOS,MA,ANE,EN,Towers with Radar,249,78,12,0,339,0,24,10,2,36,249,102,22,2,375,0,0,0,375
06/22/2020,BOS,MA,ANE,EN,Towers with Radar,259,123,21,0,403,0,1,2,0,3,259,124,23,0,406,0,0,0,406
06/23/2020,BOS,MA,ANE,EN,Towers with Radar,222,88,12,0,322,0,15,8,0,23,222,103,20,0,345,0,0,0,345
06/24/2020,BOS,MA,ANE,EN,Towers with Radar,234,109,14,0,357,0,4,4,0,8,234,113,18,0,365,0,0,0,365
06/25/2020,BOS,MA,ANE,EN,Towers with Radar,286,103,25,0,414,0,25,5,4,34,286,128,30,4,448,0,0,0,448
06/26/2020,BOS,MA,ANE,EN,Towers with Radar,264,96,14,1,375,0,26,8,0,34,264,122,22,1,409,0,0,0,409
06/27/2020,BOS,MA,ANE,EN,Towers with Radar,216,89,11,1,317,0,20,6,0,26,216,109,17,1,343,0,0,0,343
06/28/2020,BOS,MA,ANE,EN,Towers with Radar,264,111,11,0,386,0,7,5,0,12,264,118,16,0,398,0,0,0,398
06/29/2020,BOS,MA,ANE,EN,Towers with Radar,260,125,13,0,398,0,0,1,0,1,260,125,14,0,399,0,0,0,399
06/30/2020,BOS,MA,ANE,EN,Towers with Radar,231,121,22,0,374,0,0,0,0,0,231,121,22,0,374,0,0,0,374
07/01/2020,BOS,MA,ANE,EN,Towers with Radar,323,107,16,0,446,0,8,2,0,10,323,115,18,0,456,0,0,0,456
07/02/2020,BOS,MA,ANE,EN,Towers with Radar,397,122,14,0,533,0,22,8,0,30,397,144,22,0,563,0,0,0,563
07/03/2020,BOS,MA,ANE,EN,Towers with Radar,381,119,14,0,514,0,0,0,1,1,381,119,14,1,515,0,0,0,515
07/04/2020,BOS,MA,ANE,EN,Towers with Radar,288,90,9,1,388,0,9,14,0,23,288,99,23,1,411,0,0,0,411
07/05/2020,BOS,MA,ANE,EN,Towers with Radar,373,123,6,0,502,0,12,9,0,21,373,135,15,0,523,0,0,0,523
07/06/2020,BOS,MA,ANE,EN,Towers with Radar,391,108,14,0,513,0,14,11,0,25,391,122,25,0,538,0,0,0,538
07/07/2020,BOS,MA,ANE,EN,Towers with Radar,369,93,13,0,475,0,19,3,0,22,369,112,16,0,497,0,0,0,497
07/08/2020,BOS,MA,ANE,EN,Towers with Radar,377,114,15,0,506,0,5,2,2,9,377,119,17,2,515,0,0,0,515
07/09/2020,BOS,MA,ANE,EN,Towers with Radar,423,107,17,0,547,0,23,6,0,29,423,130,23,0,576,0,0,0,576
07/10/2020,BOS,MA,ANE,EN,Towers with Radar,427,116,4,0,547,0,0,0,0,0,427,116,4,0,547,0,0,0,547
07/11/2020,BOS,MA,ANE,EN,Towers with Radar,382,92,12,0,486,0,13,8,0,21,382,105,20,0,507,0,0,0,507
07/12/2020,BOS,MA,ANE,EN,Towers with Radar,423,107,10,0,540,0,20,18,0,38,423,127,28,0,578,0,0,0,578
07/13/2020,BOS,MA,ANE,EN,Towers with Radar,410,91,11,0,512,0,23,5,1,29,410,114,16,1,541,0,0,0,541
07/14/2020,BOS,MA,ANE,EN,Towers with Radar,360,106,14,0,480,0,9,1,2,12,360,115,15,2,492,0,0,0,492
07/15/2020,BOS,MA,ANE,EN,Towers with Radar,369,128,15,2,514,0,8,5,2,15,369,136,20,4,529,0,0,0,529
07/16/2020,BOS,MA,ANE,EN,Towers with Radar,439,107,9,0,555,0,23,6,0,29,439,130,15,0,584,0,0,0,584
07/17/2020,BOS,MA,ANE,EN,Towers with Radar,427,124,12,0,563,0,4,0,0,4,427,128,12,0,567,0,0,0,567
07/18/2020,BOS,MA,ANE,EN,Towers with Radar,380,91,16,0,487,0,30,10,0,40,380,121,26,0,527,0,0,0,527
07/19/2020,BOS,MA,ANE,EN,Towers with Radar,422,75,12,1,510,0,27,8,1,36,422,102,20,2,546,0,0,0,546
07/20/2020,BOS,MA,ANE,EN,Towers with Radar,418,90,20,0,528,0,17,1,0,18,418,107,21,0,546,0,0,0,546
07/21/2020,BOS,MA,ANE,EN,Towers with Radar,370,93,9,0,472,0,25,2,1,28,370,118,11,1,500,0,0,0,500
07/22/2020,BOS,MA,ANE,EN,Towers with Radar,368,100,9,0,477,0,17,2,0,19,368,117,11,0,496,0,0,0,496
07/23/2020,BOS,MA,ANE,EN,Towers with Radar,439,89,19,0,547,0,14,0,2,16,439,103,19,2,563,0,0,0,563
07/24/2020,BOS,MA,ANE,EN,Towers with Radar,421,105,12,0,538,0,21,6,4,31,421,126,18,4,569,0,0,0,569
07/25/2020,BOS,MA,ANE,EN,Towers with Radar,376,93,2,0,471,0,24,9,0,33,376,117,11,0,504,0,0,0,504
07/26/2020,BOS,MA,ANE,EN,Towers with Radar,406,85,17,0,508,0,30,12,1,43,406,115,29,1,551,0,0,0,551
07/27/2020,BOS,MA,ANE,EN,Towers with Radar,393,85,10,0,488,0,32,6,0,38,393,117,16,0,526,0,0,0,526
07/28/2020,BOS,MA,ANE,EN,Towers with Radar,358,88,17,0,463,0,30,1,0,31,358,118,18,0,494,0,0,0,494
07/29/2020,BOS,MA,ANE,EN,Towers with Radar,358,96,11,0,465,0,30,0,4,34,358,126,11,4,499,0,0,0,499
07/30/2020,BOS,MA,ANE,EN,Towers with Radar,423,88,11,0,522,0,27,14,2,43,423,115,25,2,565,0,0,0,565
07/31/2020,BOS,MA,ANE,EN,Towers with Radar,423,115,14,0,552,0,25,8,2,35,423,140,22,2,587,0,0,0,587
08/01/2020,BOS,MA,ANE,EN,Towers with Radar,373,97,4,1,475,0,30,11,0,41,373,127,15,1,516,0,0,0,516
08/02/2020,BOS,MA,ANE,EN,Towers with Radar,434,105,7,0,546,0,16,7,0,23,434,121,14,0,569,0,0,0,569
08/03/2020,BOS,MA,ANE,EN,Towers with Radar,415,107,13,2,537,0,19,5,2,26,415,126,18,4,563,0,0,0,563
08/04/2020,BOS,MA,ANE,EN,Towers with Radar,342,67,10,1,420,0,7,0,0,7,342,74,10,1,427,0,0,0,427
08/05/2020,BOS,MA,ANE,EN,Towers with Radar,359,91,21,6,477,0,29,11,1,41,359,120,32,7,518,0,0,0,518
08/06/2020,BOS,MA,ANE,EN,Towers with Radar,424,77,19,0,520,0,31,4,6,41,424,108,23,6,561,0,0,0,561
08/07/2020,BOS,MA,ANE,EN,Towers with Radar,396,99,17,0,512,0,29,0,5,34,396,128,17,5,546,0,0,0,546
08/08/2020,BOS,MA,ANE,EN,Towers with Radar,326,88,16,0,430,0,25,3,2,30,326,113,19,2,460,0,0,0,460
08/09/2020,BOS,MA,ANE,EN,Towers with Radar,392,77,10,0,479,0,38,4,1,43,392,115,14,1,522,0,0,0,522
08/10/2020,BOS,MA,ANE,EN,Towers with Radar,346,106,11,0,463,0,22,8,4,34,346,128,19,4,497,0,0,0,497
08/11/2020,BOS,MA,ANE,EN,Towers with Radar,322,94,13,0,429,0,30,7,0,37,322,124,20,0,466,0,0,0,466
08/12/2020,BOS,MA,ANE,EN,Towers with Radar,318,116,14,0,448,0,23,7,2,32,318,139,21,2,480,0,0,0,480
08/13/2020,BOS,MA,ANE,EN,Towers with Radar,399,103,16,0,518,0,23,5,0,28,399,126,21,0,546,0,0,0,546
08/14/2020,BOS,MA,ANE,EN,Towers with Radar,374,102,20,0,496,0,34,2,0,36,374,136,22,0,532,0,0,0,532
08/15/2020,BOS,MA,ANE,EN,Towers with Radar,321,124,12,0,457,0,1,7,0,8,321,125,19,0,465,0,0,0,465
08/16/2020,BOS,MA,ANE,EN,Towers with Radar,384,125,18,0,527,0,3,1,1,5,384,128,19,1,532,0,0,0,532
08/17/2020,BOS,MA,ANE,EN,Towers with Radar,359,107,16,0,482,0,9,2,0,11,359,116,18,0,493,0,0,0,493
08/18/2020,BOS,MA,ANE,EN,Towers with Radar,324,86,26,0,436,0,18,6,0,24,324,104,32,0,460,0,0,0,460
08/19/2020,BOS,MA,ANE,EN,Towers with Radar,329,110,14,0,453,0,24,7,0,31,329,134,21,0,484,0,0,0,484
08/20/2020,BOS,MA,ANE,EN,Towers with Radar,396,104,16,2,518,0,35,9,0,44,396,139,25,2,562,0,0,0,562
08/21/2020,BOS,MA,ANE,EN,Towers with Radar,375,100,22,0,497,0,35,15,0,50,375,135,37,0,547,0,0,0,547
08/22/2020,BOS,MA,ANE,EN,Towers with Radar,329,105,8,0,442,0,31,5,2,38,329,136,13,2,480,0,0,0,480
08/23/2020,BOS,MA,ANE,EN,Towers with Radar,390,108,19,1,518,0,20,7,1,28,390,128,26,2,546,0,0,0,546
08/24/2020,BOS,MA,ANE,EN,Towers with Radar,353,103,8,0,464,0,25,7,0,32,353,128,15,0,496,0,0,0,496
08/25/2020,BOS,MA,ANE,EN,Towers with Radar,323,106,10,0,439,0,22,7,2,31,323,128,17,2,470,0,0,0,470
08/26/2020,BOS,MA,ANE,EN,Towers with Radar,325,96,25,2,448,0,31,8,2,41,325,127,33,4,489,0,0,0,489
08/27/2020,BOS,MA,ANE,EN,Towers with Radar,394,115,6,0,515,0,10,2,0,12,394,125,8,0,527,0,0,0,527
08/28/2020,BOS,MA,ANE,EN,Towers with Radar,371,131,30,0,532,0,17,8,0,25,371,148,38,0,557,0,0,0,557
08/29/2020,BOS,MA,ANE,EN,Towers with Radar,326,126,10,2,464,0,3,0,4,7,326,129,10,6,471,0,0,0,471
08/30/2020,BOS,MA,ANE,EN,Towers with Radar,388,104,19,0,511,0,37,2,0,39,388,141,21,0,550,0,0,0,550
08/31/2020,BOS,MA,ANE,EN,Towers with Radar,357,103,16,0,476,0,27,5,0,32,357,130,21,0,508,0,0,0,508
09/01/2020,BOS,MA,ANE,EN,Towers with Radar,320,103,12,2,437,0,31,8,0,39,320,134,20,2,476,0,0,0,476
09/02/2020,BOS,MA,ANE,EN,Towers with Radar,315,121,19,4,459,0,1,0,0,1,315,122,19,4,460,0,0,0,460
09/03/2020,BOS,MA,ANE,EN,Towers with Radar,385,140,16,0,541,0,4,3,0,7,385,144,19,0,548,0,0,0,548
09/04/2020,BOS,MA,ANE,EN,Towers with Radar,357,107,9,0,473,1,38,15,0,54,358,145,24,0,527,0,0,0,527
09/05/2020,BOS,MA,ANE,EN,Towers with Radar,299,79,18,0,396,0,39,8,0,47,299,118,26,0,443,0,0,0,443
09/06/2020,BOS,MA,ANE,EN,Towers with Radar,308,86,10,0,404,0,31,3,0,34,308,117,13,0,438,0,0,0,438
09/07/2020,BOS,MA,ANE,EN,Towers with Radar,313,114,10,0,437,0,43,3,0,46,313,157,13,0,483,0,0,0,483
09/08/2020,BOS,MA,ANE,EN,Towers with Radar,279,114,32,0,425,0,21,13,0,34,279,135,45,0,459,0,0,0,459
09/09/2020,BOS,MA,ANE,EN,Towers with Radar,279,103,26,0,408,0,24,2,0,26,279,127,28,0,434,0,0,0,434
09/10/2020,BOS,MA,ANE,EN,Towers with Radar,347,127,23,0,497,0,1,1,0,2,347,128,24,0,499,0,0,0,499
09/11/2020,BOS,MA,ANE,EN,Towers with Radar,311,113,12,0,436,0,14,2,0,16,311,127,14,0,452,0,0,0,452
09/12/2020,BOS,MA,ANE,EN,Towers with Radar,277,88,12,0,377,0,36,16,6,58,277,124,28,6,435,0,0,0,435
09/13/2020,BOS,MA,ANE,EN,Towers with Radar,327,112,8,0,447,0,25,11,0,36,327,137,19,0,483,0,0,0,483
09/14/2020,BOS,MA,ANE,EN,Towers with Radar,298,113,19,0,430,0,34,4,2,40,298,147,23,2,470,0,0,0,470
09/15/2020,BOS,MA,ANE,EN,Towers with Radar,278,94,13,1,386,0,30,14,2,46,278,124,27,3,432,0,0,0,432
09/16/2020,BOS,MA,ANE,EN,Towers with Radar,274,101,11,0,386,0,33,16,3,52,274,134,27,3,438,0,0,0,438
09/17/2020,BOS,MA,ANE,EN,Towers with Radar,342,99,27,2,470,0,31,10,3,44,342,130,37,5,514,0,0,0,514
09/18/2020,BOS,MA,ANE,EN,Towers with Radar,319,112,18,0,449,0,17,10,5,32,319,129,28,5,481,0,0,0,481
09/19/2020,BOS,MA,ANE,EN,Towers with Radar,271,87,19,0,377,0,33,8,0,41,271,120,27,0,418,0,0,0,418
09/20/2020,BOS,MA,ANE,EN,Towers with Radar,324,107,16,0,447,0,41,9,0,50,324,148,25,0,497,0,0,0,497
09/21/2020,BOS,MA,ANE,EN,Towers with Radar,297,92,15,2,406,0,38,4,0,42,297,130,19,2,448,0,0,0,448
09/22/2020,BOS,MA,ANE,EN,Towers with Radar,280,87,12,0,379,0,30,0,0,30,280,117,12,0,409,0,0,0,409
09/23/2020,BOS,MA,ANE,EN,Towers with Radar,278,106,18,0,402,0,30,7,0,37,278,136,25,0,439,0,0,0,439
09/24/2020,BOS,MA,ANE,EN,Towers with Radar,342,107,13,0,462,0,41,9,21,71,342,148,22,21,533,0,0,0,533
09/25/2020,BOS,MA,ANE,EN,Towers with Radar,314,115,18,0,447,0,32,7,2,41,314,147,25,2,488,0,0,0,488
09/26/2020,BOS,MA,ANE,EN,Towers with Radar,271,91,8,0,370,0,19,6,2,27,271,110,14,2,397,0,0,0,397
09/27/2020,BOS,MA,ANE,EN,Towers with Radar,333,120,13,0,466,0,9,5,0,14,333,129,18,0,480,0,0,0,480
09/28/2020,BOS,MA,ANE,EN,Towers with Radar,295,129,10,1,435,0,5,2,0,7,295,134,12,1,442,0,0,0,442
09/29/2020,BOS,MA,ANE,EN,Towers with Radar,278,117,13,0,408,0,11,3,0,14,278,128,16,0,422,0,0,0,422
09/30/2020,BOS,MA,ANE,EN,Towers with Radar,277,86,9,1,373,0,13,0,0,13,277,99,9,1,386,0,0,0,386
10/01/2020,BOS,MA,ANE,EN,Towers with Radar,380,104,9,0,493,0,37,2,2,41,380,141,11,2,534,0,0,0,534
10/02/2020,BOS,MA,ANE,EN,Towers with Radar,356,103,8,0,467,0,21,4,0,25,356,124,12,0,492,0,0,0,492
10/03/2020,BOS,MA,ANE,EN,Towers with Radar,309,73,6,0,388,0,33,18,0,51,309,106,24,0,439,0,0,0,439
10/04/2020,BOS,MA,ANE,EN,Towers with Radar,355,99,9,0,463,0,35,16,0,51,355,134,25,0,514,0,0,0,514
10/05/2020,BOS,MA,ANE,EN,Towers with Radar,342,112,13,2,469,0,12,2,0,14,342,124,15,2,483,0,0,0,483
10/06/2020,BOS,MA,ANE,EN,Towers with Radar,294,107,9,0,410,0,15,4,0,19,294,122,13,0,429,0,0,0,429
10/07/2020,BOS,MA,ANE,EN,Towers with Radar,296,72,20,1,389,0,11,2,0,13,296,83,22,1,402,0,0,0,402
10/08/2020,BOS,MA,ANE,EN,Towers with Radar,398,124,18,1,541,0,29,6,0,35,398,153,24,1,576,0,0,0,576
10/09/2020,BOS,MA,ANE,EN,Towers with Radar,369,117,11,0,497,0,45,11,0,56,369,162,22,0,553,0,0,0,553
10/10/2020,BOS,MA,ANE,EN,Towers with Radar,314,68,4,0,386,0,28,1,0,29,314,96,5,0,415,0,0,0,415
10/11/2020,BOS,MA,ANE,EN,Towers with Radar,365,86,8,0,459,0,30,12,0,42,365,116,20,0,501,0,0,0,501
10/12/2020,BOS,MA,ANE,EN,Towers with Radar,359,133,26,1,519,0,6,0,0,6,359,139,26,1,525,0,0,0,525
10/13/2020,BOS,MA,ANE,EN,Towers with Radar,305,135,11,1,452,0,0,0,0,0,305,135,11,1,452,0,0,0,452
10/14/2020,BOS,MA,ANE,EN,Towers with Radar,298,88,18,0,404,0,20,2,6,28,298,108,20,6,432,0,0,0,432
10/15/2020,BOS,MA,ANE,EN,Towers with Radar,400,99,10,0,509,0,20,8,0,28,400,119,18,0,537,0,0,0,537
10/16/2020,BOS,MA,ANE,EN,Towers with Radar,365,117,9,2,493,0,0,0,0,0,365,117,9,2,493,0,0,0,493
10/17/2020,BOS,MA,ANE,EN,Towers with Radar,315,84,9,0,408,0,11,3,0,14,315,95,12,0,422,0,0,0,422
10/18/2020,BOS,MA,ANE,EN,Towers with Radar,371,82,11,0,464,0,40,9,0,49,371,122,20,0,513,0,0,0,513
10/19/2020,BOS,MA,ANE,EN,Towers with Radar,348,75,9,0,432,0,18,8,0,26,348,93,17,0,458,0,0,0,458
10/20/2020,BOS,MA,ANE,EN,Towers with Radar,288,91,17,2,398,0,0,2,0,2,288,91,19,2,400,0,0,0,400
10/21/2020,BOS,MA,ANE,EN,Towers with Radar,282,91,9,1,383,0,1,0,0,1,282,92,9,1,384,0,0,0,384
10/22/2020,BOS,MA,ANE,EN,Towers with Radar,396,91,11,2,500,0,16,4,0,20,396,107,15,2,520,0,0,0,520
10/23/2020,BOS,MA,ANE,EN,Towers with Radar,360,95,17,0,472,0,6,6,0,12,360,101,23,0,484,0,0,0,484
10/24/2020,BOS,MA,ANE,EN,Towers with Radar,287,81,12,0,380,0,5,23,0,28,287,86,35,0,408,0,0,0,408
10/25/2020,BOS,MA,ANE,EN,Towers with Radar,344,90,15,0,449,0,12,13,0,25,344,102,28,0,474,0,0,0,474
10/26/2020,BOS,MA,ANE,EN,Towers with Radar,322,94,10,0,426,0,3,0,0,3,322,97,10,0,429,0,0,0,429
10/27/2020,BOS,MA,ANE,EN,Towers with Radar,270,85,10,0,365,0,12,2,2,16,270,97,12,2,381,0,0,0,381
10/28/2020,BOS,MA,ANE,EN,Towers with Radar,284,109,12,0,405,0,1,0,2,3,284,110,12,2,408,0,0,0,408
10/29/2020,BOS,MA,ANE,EN,Towers with Radar,359,105,15,0,479,0,3,6,0,9,359,108,21,0,488,0,0,0,488
10/30/2020,BOS,MA,ANE,EN,Towers with Radar,334,75,12,0,421,0,1,0,0,1,334,76,12,0,422,0,0,0,422
10/31/2020,BOS,MA,ANE,EN,Towers with Radar,239,63,2,0,304,0,25,13,0,38,239,88,15,0,342,0,0,0,342
11/01/2020,BOS,MA,ANE,EN,Towers with Radar,336,96,15,0,447,0,6,6,0,12,336,102,21,0,459,0,0,0,459
11/02/2020,BOS,MA,ANE,EN,Towers with Radar,329,72,4,0,405,0,10,0,0,10,329,82,4,0,415,0,0,0,415
11/03/2020,BOS,MA,ANE,EN,Towers with Radar,252,69,9,0,330,0,6,5,0,11,252,75,14,0,341,0,0,0,341
11/04/2020,BOS,MA,ANE,EN,Towers with Radar,279,68,11,0,358,0,27,0,0,27,279,95,11,0,385,0,0,0,385
11/05/2020,BOS,MA,ANE,EN,Towers with Radar,370,56,18,2,446,0,39,9,0,48,370,95,27,2,494,0,0,0,494
11/06/2020,BOS,MA,ANE,EN,Towers with Radar,367,65,10,0,442,0,43,9,0,52,367,108,19,0,494,0,0,0,494
11/07/2020,BOS,MA,ANE,EN,Towers with Radar,303,31,3,1,338,0,49,12,0,61,303,80,15,1,399,0,0,0,399
11/08/2020,BOS,MA,ANE,EN,Towers with Radar,384,41,7,1,433,0,50,8,0,58,384,91,15,1,491,0,0,0,491
11/09/2020,BOS,MA,ANE,EN,Towers with Radar,371,44,9,2,426,0,37,6,0,43,371,81,15,2,469,0,0,0,469
11/10/2020,BOS,MA,ANE,EN,Towers with Radar,281,48,9,0,338,0,43,7,1,51,281,91,16,1,389,0,0,0,389
11/11/2020,BOS,MA,ANE,EN,Towers with Radar,308,89,20,0,417,0,5,3,0,8,308,94,23,0,425,0,0,0,425
11/12/2020,BOS,MA,ANE,EN,Towers with Radar,396,89,10,0,495,0,5,1,6,12,396,94,11,6,507,0,0,0,507
11/13/2020,BOS,MA,ANE,EN,Towers with Radar,374,84,14,0,472,0,0,0,0,0,374,84,14,0,472,0,0,0,472
11/14/2020,BOS,MA,ANE,EN,Towers with Radar,322,46,11,0,379,0,45,14,0,59,322,91,25,0,438,0,0,0,438
11/15/2020,BOS,MA,ANE,EN,Towers with Radar,385,40,9,0,434,0,44,4,0,48,385,84,13,0,482,0,0,0,482
11/16/2020,BOS,MA,ANE,EN,Towers with Radar,379,57,16,0,452,0,30,2,0,32,379,87,18,0,484,0,0,0,484
11/17/2020,BOS,MA,ANE,EN,Towers with Radar,284,69,9,0,362,0,27,0,0,27,284,96,9,0,389,0,0,0,389
11/18/2020,BOS,MA,ANE,EN,Towers with Radar,330,67,16,1,414,0,27,2,1,30,330,94,18,2,444,0,0,0,444
11/19/2020,BOS,MA,ANE,EN,Towers with Radar,432,46,14,3,495,0,46,3,6,55,432,92,17,9,550,0,0,0,550
11/20/2020,BOS,MA,ANE,EN,Towers with Radar,448,51,14,0,513,0,55,4,0,59,448,106,18,0,572,0,0,0,572
11/21/2020,BOS,MA,ANE,EN,Towers with Radar,441,58,15,0,514,0,56,15,2,73,441,114,30,2,587,0,0,0,587
11/22/2020,BOS,MA,ANE,EN,Towers with Radar,450,81,11,0,542,0,19,4,0,23,450,100,15,0,565,0,0,0,565
11/23/2020,BOS,MA,ANE,EN,Towers with Radar,399,93,9,0,501,0,3,0,0,3,399,96,9,0,504,0,0,0,504
11/24/2020,BOS,MA,ANE,EN,Towers with Radar,449,65,18,0,532,0,48,9,0,57,449,113,27,0,589,0,0,0,589
11/25/2020,BOS,MA,ANE,EN,Towers with Radar,467,92,9,0,568,0,14,2,0,16,467,106,11,0,584,0,0,0,584
11/26/2020,BOS,MA,ANE,EN,Towers with Radar,225,59,2,0,286,0,2,0,0,2,225,61,2,0,288,0,0,0,288
11/27/2020,BOS,MA,ANE,EN,Towers with Radar,346,59,4,0,409,0,27,7,0,34,346,86,11,0,443,0,0,0,443
11/28/2020,BOS,MA,ANE,EN,Towers with Radar,453,64,10,0,527,0,35,0,0,35,453,99,10,0,562,0,0,0,562
11/29/2020,BOS,MA,ANE,EN,Towers with Radar,486,47,18,0,551,0,76,12,0,88,486,123,30,0,639,0,0,0,639
11/30/2020,BOS,MA,ANE,EN,Towers with Radar,479,59,14,0,552,0,14,0,0,14,479,73,14,0,566,0,0,0,566
12/01/2020,BOS,MA,ANE,EN,Towers with Radar,405,80,5,1,491,0,5,0,0,5,405,85,5,1,496,0,0,0,496
12/02/2020,BOS,MA,ANE,EN,Towers with Radar,332,68,7,1,408,0,23,2,6,31,332,91,9,7,439,0,0,0,439
12/03/2020,BOS,MA,ANE,EN,Towers with Radar,389,54,10,0,453,0,43,2,0,45,389,97,12,0,498,0,0,0,498
12/04/2020,BOS,MA,ANE,EN,Towers with Radar,355,41,10,0,406,0,37,4,0,41,355,78,14,0,447,0,0,0,447
12/05/2020,BOS,MA,ANE,EN,Towers with Radar,276,44,1,0,321,0,0,0,0,0,276,44,1,0,321,0,0,0,321
12/06/2020,BOS,MA,ANE,EN,Towers with Radar,364,63,15,0,442,0,29,0,0,29,364,92,15,0,471,0,0,0,471
12/07/2020,BOS,MA,ANE,EN,Towers with Radar,339,60,5,0,404,0,25,0,0,25,339,85,5,0,429,0,0,0,429
12/08/2020,BOS,MA,ANE,EN,Towers with Radar,291,80,19,2,392,0,2,4,0,6,291,82,23,2,398,0,0,0,398
12/09/2020,BOS,MA,ANE,EN,Towers with Radar,305,74,14,0,393,0,14,2,0,16,305,88,16,0,409,0,0,0,409
12/10/2020,BOS,MA,ANE,EN,Towers with Radar,384,63,5,1,453,0,25,6,0,31,384,88,11,1,484,0,0,0,484
12/11/2020,BOS,MA,ANE,EN,Towers with Radar,367,33,5,1,406,0,50,8,2,60,367,83,13,3,466,0,0,0,466
12/12/2020,BOS,MA,ANE,EN,Towers with Radar,302,71,9,0,382,0,3,0,0,3,302,74,9,0,385,0,0,0,385
12/13/2020,BOS,MA,ANE,EN,Towers with Radar,370,55,5,0,430,0,7,6,1,14,370,62,11,1,444,0,0,0,444
12/14/2020,BOS,MA,ANE,EN,Towers with Radar,341,74,0,0,415,0,10,2,0,12,341,84,2,0,427,0,0,0,427
12/15/2020,BOS,MA,ANE,EN,Towers with Radar,296,51,15,0,362,0,34,5,2,41,296,85,20,2,403,0,0,0,403
12/16/2020,BOS,MA,ANE,EN,Towers with Radar,274,43,8,0,325,0,38,2,0,40,274,81,10,0,365,0,0,0,365
12/17/2020,BOS,MA,ANE,EN,Towers with Radar,235,13,2,0,250,0,0,0,0,0,235,13,2,0,250,0,0,0,250
12/18/2020,BOS,MA,ANE,EN,Towers with Radar,478,78,14,0,570,0,28,6,1,35,478,106,20,1,605,0,0,0,605
12/19/2020,BOS,MA,ANE,EN,Towers with Radar,474,69,14,0,557,0,33,12,0,45,474,102,26,0,602,0,0,0,602
12/20/2020,BOS,MA,ANE,EN,Towers with Radar,454,67,2,0,523,0,19,2,0,21,454,86,4,0,544,0,0,0,544
12/21/2020,BOS,MA,ANE,EN,Towers with Radar,411,84,6,0,501,0,0,0,0,0,411,84,6,0,501,0,0,0,501
12/22/2020,BOS,MA,ANE,EN,Towers with Radar,456,54,8,0,518,0,35,11,1,47,456,89,19,1,565,0,0,0,565
12/23/2020,BOS,MA,ANE,EN,Towers with Radar,482,46,5,0,533,0,47,5,0,52,482,93,10,0,585,0,0,0,585
12/24/2020,BOS,MA,ANE,EN,Towers with Radar,332,59,4,0,395,0,17,0,0,17,332,76,4,0,412,0,0,0,412
12/25/2020,BOS,MA,ANE,EN,Towers with Radar,245,12,9,0,266,0,0,0,0,0,245,12,9,0,266,0,0,0,266
12/26/2020,BOS,MA,ANE,EN,Towers with Radar,435,55,16,0,506,0,26,8,0,34,435,81,24,0,540,0,0,0,540
12/27/2020,BOS,MA,ANE,EN,Towers with Radar,462,65,10,0,537,0,40,9,0,49,462,105,19,0,586,0,0,0,586
12/28/2020,BOS,MA,ANE,EN,Towers with Radar,420,66,7,0,493,0,21,0,0,21,420,87,7,0,514,0,0,0,514
12/29/2020,BOS,MA,ANE,EN,Towers with Radar,430,41,9,0,480,0,40,0,0,40,430,81,9,0,520,0,0,0,520
12/30/2020,BOS,MA,ANE,EN,Towers with Radar,456,34,8,0,498,0,42,3,0,45,456,76,11,0,543,0,0,0,543
12/31/2020,BOS,MA,ANE,EN,Towers with Radar,306,64,9,0,379,0,5,6,0,11,306,69,15,0,390,0,0,0,390
01/01/2021,BOS,MA,ANE,EN,Towers with Radar,314,35,5,0,354,0,37,0,0,37,314,72,5,0,391,0,0,0,391
01/02/2021,BOS,MA,ANE,EN,Towers with Radar,449,64,9,0,522,0,2,0,0,2,449,66,9,0,524,0,0,0,524
01/03/2021,BOS,MA,ANE,EN,Towers with Radar,461,80,13,0,554,0,2,2,0,4,461,82,15,0,558,0,0,0,558
01/04/2021,BOS,MA,ANE,EN,Towers with Radar,428,80,6,0,514,0,4,0,0,4,428,84,6,0,518,0,0,0,518
01/05/2021,BOS,MA,ANE,EN,Towers with Radar,298,71,5,0,374,0,0,0,0,0,298,71,5,0,374,0,0,0,374
01/06/2021,BOS,MA,ANE,EN,Towers with Radar,294,70,8,0,372,0,20,2,2,24,294,90,10,2,396,0,0,0,396
01/07/2021,BOS,MA,ANE,EN,Towers with Radar,361,63,5,1,430,0,31,1,0,32,361,94,6,1,462,0,0,0,462
01/08/2021,BOS,MA,ANE,EN,Towers with Radar,327,39,6,1,373,1,39,5,0,45,328,78,11,1,418,0,0,0,418
01/09/2021,BOS,MA,ANE,EN,Towers with Radar,300,63,4,0,367,0,16,14,1,31,300,79,18,1,398,0,0,0,398
01/10/2021,BOS,MA,ANE,EN,Towers with Radar,346,48,12,0,406,0,34,8,0,42,346,82,20,0,448,0,0,0,448
01/11/2021,BOS,MA,ANE,EN,Towers with Radar,320,45,9,0,374,0,32,4,0,36,320,77,13,0,410,0,0,0,410
01/12/2021,BOS,MA,ANE,EN,Towers with Radar,266,44,4,0,314,0,35,4,0,39,266,79,8,0,353,0,0,0,353
01/13/2021,BOS,MA,ANE,EN,Towers with Radar,271,56,8,0,335,0,25,6,2,33,271,81,14,2,368,0,0,0,368
01/14/2021,BOS,MA,ANE,EN,Towers with Radar,356,80,12,2,450,0,7,0,0,7,356,87,12,2,457,0,0,0,457
01/15/2021,BOS,MA,ANE,EN,Towers with Radar,334,73,7,1,415,0,20,8,2,30,334,93,15,3,445,0,0,0,445
01/16/2021,BOS,MA,ANE,EN,Towers with Radar,285,51,4,1,341,0,1,0,0,1,285,52,4,1,342,0,0,0,342
01/17/2021,BOS,MA,ANE,EN,Towers with Radar,322,65,3,0,390,0,17,0,0,17,322,82,3,0,407,0,0,0,407
01/18/2021,BOS,MA,ANE,EN,Towers with Radar,301,60,5,0,366,0,20,8,0,28,301,80,13,0,394,0,0,0,394
01/19/2021,BOS,MA,ANE,EN,Towers with Radar,263,49,4,0,316,0,28,6,2,36,263,77,10,2,352,0,0,0,352
01/20/2021,BOS,MA,ANE,EN,Towers with Radar,263,66,9,0,338,0,14,1,0,15,263,80,10,0,353,0,0,0,353
01/21/2021,BOS,MA,ANE,EN,Towers with Radar,347,56,7,0,410,0,25,1,0,26,347,81,8,0,436,0,0,0,436
01/22/2021,BOS,MA,ANE,EN,Towers with Radar,325,69,5,0,399,0,22,4,2,28,325,91,9,2,427,0,0,0,427
01/23/2021,BOS,MA,ANE,EN,Towers with Radar,280,50,7,0,337,0,24,0,1,25,280,74,7,1,362,0,0,0,362
01/24/2021,BOS,MA,ANE,EN,Towers with Radar,340,26,7,0,373,0,47,1,0,48,340,73,8,0,421,0,0,0,421
01/25/2021,BOS,MA,ANE,EN,Towers with Radar,304,30,9,0,343,0,38,6,0,44,304,68,15,0,387,0,0,0,387
01/26/2021,BOS,MA,ANE,EN,Towers with Radar,251,40,8,0,299,0,20,0,0,20,251,60,8,0,319,0,0,0,319
01/27/2021,BOS,MA,ANE,EN,Towers with Radar,265,83,7,0,355,0,0,0,0,0,265,83,7,0,355,0,0,0,355
01/28/2021,BOS,MA,ANE,EN,Towers with Radar,345,90,12,0,447,0,0,0,0,0,345,90,12,0,447,0,0,0,447
01/29/2021,BOS,MA,ANE,EN,Towers with Radar,320,70,8,0,398,0,9,0,0,9,320,79,8,0,407,0,0,0,407
01/30/2021,BOS,MA,ANE,EN,Towers with Radar,275,64,10,0,349,0,36,12,0,48,275,100,22,0,397,0,0,0,397
01/31/2021,BOS,MA,ANE,EN,Towers with Radar,324,38,15,0,377,0,43,6,0,49,324,81,21,0,426,0,0,0,426
02/01/2021,BOS,MA,ANE,EN,Towers with Radar,111,45,8,0,164,0,1,0,0,1,111,46,8,0,165,0,0,0,165
02/02/2021,BOS,MA,ANE,EN,Towers with Radar,209,41,8,0,258,0,0,0,0,0,209,41,8,0,258,0,0,0,258
02/03/2021,BOS,MA,ANE,EN,Towers with Radar,266,80,9,0,355,0,2,0,1,3,266,82,9,1,358,0,0,0,358
02/04/2021,BOS,MA,ANE,EN,Towers with Radar,352,65,11,0,428,0,15,4,0,19,352,80,15,0,447,0,0,0,447
02/05/2021,BOS,MA,ANE,EN,Towers with Radar,327,68,8,0,403,0,16,0,0,16,327,84,8,0,419,0,0,0,419
02/06/2021,BOS,MA,ANE,EN,Towers with Radar,277,70,1,0,348,0,38,16,2,56,277,108,17,2,404,0,0,0,404
02/07/2021,BOS,MA,ANE,EN,Towers with Radar,301,25,8,0,334,0,12,2,0,14,301,37,10,0,348,0,0,0,348
02/08/2021,BOS,MA,ANE,EN,Towers with Radar,311,42,6,0,359,0,44,2,0,46,311,86,8,0,405,0,0,0,405
02/09/2021,BOS,MA,ANE,EN,Towers with Radar,257,66,9,0,332,0,9,0,0,9,257,75,9,0,341,0,0,0,341
02/10/2021,BOS,MA,ANE,EN,Towers with Radar,281,61,10,0,352,0,31,2,2,35,281,92,12,2,387,0,0,0,387
02/11/2021,BOS,MA,ANE,EN,Towers with Radar,396,72,8,0,476,0,34,2,0,36,396,106,10,0,512,0,0,0,512
02/12/2021,BOS,MA,ANE,EN,Towers with Radar,406,46,17,0,469,0,54,8,2,64,406,100,25,2,533,0,0,0,533
02/13/2021,BOS,MA,ANE,EN,Towers with Radar,348,43,7,0,398,0,43,20,0,63,348,86,27,0,461,0,0,0,461
02/14/2021,BOS,MA,ANE,EN,Towers with Radar,368,86,8,0,462,0,1,4,0,5,368,87,12,0,467,0,0,0,467
02/15/2021,BOS,MA,ANE,EN,Towers with Radar,351,57,12,0,420,0,1,0,0,1,351,58,12,0,421,0,0,0,421
02/16/2021,BOS,MA,ANE,EN,Towers with Radar,296,66,5,4,371,0,0,0,0,0,296,66,5,4,371,0,0,0,371
02/17/2021,BOS,MA,ANE,EN,Towers with Radar,309,42,11,0,362,0,52,4,0,56,309,94,15,0,418,0,0,0,418
02/18/2021,BOS,MA,ANE,EN,Towers with Radar,379,41,6,0,426,0,19,2,1,22,379,60,8,1,448,0,0,0,448
02/19/2021,BOS,MA,ANE,EN,Towers with Radar,377,67,7,0,451,0,0,0,0,0,377,67,7,0,451,0,0,0,451
02/20/2021,BOS,MA,ANE,EN,Towers with Radar,351,78,8,0,437,0,7,12,0,19,351,85,20,0,456,0,0,0,456
02/21/2021,BOS,MA,ANE,EN,Towers with Radar,407,52,10,0,469,0,47,20,0,67,407,99,30,0,536,0,0,0,536
02/22/2021,BOS,MA,ANE,EN,Towers with Radar,378,60,6,0,444,0,13,0,0,13,378,73,6,0,457,0,0,0,457
02/23/2021,BOS,MA,ANE,EN,Towers with Radar,302,68,8,0,378,0,14,2,0,16,302,82,10,0,394,0,0,0,394
02/24/2021,BOS,MA,ANE,EN,Towers with Radar,304,48,9,0,361,0,37,3,2,42,304,85,12,2,403,0,0,0,403
02/25/2021,BOS,MA,ANE,EN,Towers with Radar,402,48,9,0,459,0,35,4,2,41,402,83,13,2,500,0,0,0,500
02/26/2021,BOS,MA,ANE,EN,Towers with Radar,379,41,8,0,428,0,52,4,0,56,379,93,12,0,484,0,0,0,484
02/27/2021,BOS,MA,ANE,EN,Towers with Radar,336,81,6,0,423,0,3,0,0,3,336,84,6,0,426,0,0,0,426
02/28/2021,BOS,MA,ANE,EN,Towers with Radar,409,44,13,0,466,0,45,10,0,55,409,89,23,0,521,0,0,0,521
03/01/2021,BOS,MA,ANE,EN,Towers with Radar,389,72,6,0,467,0,7,0,0,7,389,79,6,0,474,0,0,0,474
03/02/2021,BOS,MA,ANE,EN,Towers with Radar,315,19,9,0,343,0,0,0,0,0,315,19,9,0,343,0,0,0,343
03/03/2021,BOS,MA,ANE,EN,Towers with Radar,321,54,15,0,390,0,31,2,1,34,321,85,17,1,424,0,0,0,424
03/04/2021,BOS,MA,ANE,EN,Towers with Radar,431,50,15,0,496,0,36,0,0,36,431,86,15,0,532,0,0,0,532
03/05/2021,BOS,MA,ANE,EN,Towers with Radar,413,46,18,0,477,0,44,0,2,46,413,90,18,2,523,0,0,0,523
03/06/2021,BOS,MA,ANE,EN,Towers with Radar,372,40,4,0,416,0,50,6,4,60,372,90,10,4,476,0,0,0,476
03/07/2021,BOS,MA,ANE,EN,Towers with Radar,425,38,13,0,476,0,58,14,6,78,425,96,27,6,554,0,0,0,554
03/08/2021,BOS,MA,ANE,EN,Towers with Radar,411,65,10,2,488,0,43,4,0,47,411,108,14,2,535,0,0,0,535
03/09/2021,BOS,MA,ANE,EN,Towers with Radar,355,49,8,0,412,0,40,1,0,41,355,89,9,0,453,0,0,0,453
03/10/2021,BOS,MA,ANE,EN,Towers with Radar,373,50,8,0,431,0,51,3,1,55,373,101,11,1,486,0,0,0,486
03/11/2021,BOS,MA,ANE,EN,Towers with Radar,455,65,20,0,540,0,35,6,2,43,455,100,26,2,583,0,0,0,583
03/12/2021,BOS,MA,ANE,EN,Towers with Radar,434,45,8,0,487,0,52,10,0,62,434,97,18,0,549,0,0,0,549
03/13/2021,BOS,MA,ANE,EN,Towers with Radar,369,52,6,0,427,0,46,10,2,58,369,98,16,2,485,0,0,0,485
03/14/2021,BOS,MA,ANE,EN,Towers with Radar,431,68,10,0,509,0,20,0,0,20,431,88,10,0,529,0,0,0,529
03/15/2021,BOS,MA,ANE,EN,Towers with Radar,410,57,6,0,473,0,41,2,2,45,410,98,8,2,518,0,0,0,518
03/16/2021,BOS,MA,ANE,EN,Towers with Radar,377,44,14,1,436,0,48,2,4,54,377,92,16,5,490,0,0,0,490
03/17/2021,BOS,MA,ANE,EN,Towers with Radar,386,40,22,1,449,0,50,4,2,56,386,90,26,3,505,0,0,0,505
03/18/2021,BOS,MA,ANE,EN,Towers with Radar,458,86,19,4,567,0,1,0,0,1,458,87,19,4,568,0,0,0,568
03/19/2021,BOS,MA,ANE,EN,Towers with Radar,441,49,15,0,505,0,45,1,0,46,441,94,16,0,551,0,0,0,551
03/20/2021,BOS,MA,ANE,EN,Towers with Radar,382,35,14,2,433,0,49,15,0,64,382,84,29,2,497,0,0,0,497
03/21/2021,BOS,MA,ANE,EN,Towers with Radar,447,50,12,0,509,0,51,17,0,68,447,101,29,0,577,0,0,0,577
03/22/2021,BOS,MA,ANE,EN,Towers with Radar,432,31,12,0,475,0,51,10,0,61,432,82,22,0,536,0,0,0,536
03/23/2021,BOS,MA,ANE,EN,Towers with Radar,378,58,13,0,449,0,35,6,0,41,378,93,19,0,490,0,0,0,490
03/24/2021,BOS,MA,ANE,EN,Towers with Radar,395,55,11,0,461,0,32,2,3,37,395,87,13,3,498,0,0,0,498
03/25/2021,BOS,MA,ANE,EN,Towers with Radar,470,88,15,0,573,0,5,1,0,6,470,93,16,0,579,0,0,0,579
03/26/2021,BOS,MA,ANE,EN,Towers with Radar,446,56,17,0,519,0,0,0,0,0,446,56,17,0,519,0,0,0,519
03/27/2021,BOS,MA,ANE,EN,Towers with Radar,394,55,14,0,463,0,41,16,1,58,394,96,30,1,521,0,0,0,521
03/28/2021,BOS,MA,ANE,EN,Towers with Radar,449,90,15,0,554,0,0,0,1,1,449,90,15,1,555,0,0,0,555
03/29/2021,BOS,MA,ANE,EN,Towers with Radar,427,49,6,0,482,0,28,0,0,28,427,77,6,0,510,0,0,0,510
03/30/2021,BOS,MA,ANE,EN,Towers with Radar,398,39,17,0,454,0,52,2,0,54,398,91,19,0,508,0,0,0,508
03/31/2021,BOS,MA,ANE,EN,Towers with Radar,393,89,16,0,498,0,16,0,2,18,393,105,16,2,516,0,0,0,516
04/01/2021,BOS,MA,ANE,EN,Towers with Radar,471,91,13,0,575,0,4,0,0,4,471,95,13,0,579,0,0,0,579
04/02/2021,BOS,MA,ANE,EN,Towers with Radar,443,59,12,0,514,0,59,4,0,63,443,118,16,0,577,0,0,0,577
04/03/2021,BOS,MA,ANE,EN,Towers with Radar,387,35,10,0,432,0,56,10,0,66,387,91,20,0,498,0,0,0,498
04/04/2021,BOS,MA,ANE,EN,Towers with Radar,436,39,8,0,483,0,56,1,0,57,436,95,9,0,540,0,0,0,540
04/05/2021,BOS,MA,ANE,EN,Towers with Radar,425,65,8,0,498,0,18,8,0,26,425,83,16,0,524,0,0,0,524
04/06/2021,BOS,MA,ANE,EN,Towers with Radar,378,68,14,0,460,0,35,4,0,39,378,103,18,0,499,0,0,0,499
04/07/2021,BOS,MA,ANE,EN,Towers with Radar,400,80,10,2,492,0,17,0,2,19,400,97,10,4,511,0,0,0,511
04/08/2021,BOS,MA,ANE,EN,Towers with Radar,494,68,7,0,569,0,32,11,0,43,494,100,18,0,612,0,0,0,612
04/09/2021,BOS,MA,ANE,EN,Towers with Radar,469,61,11,0,541,0,57,9,0,66,469,118,20,0,607,0,0,0,607
04/10/2021,BOS,MA,ANE,EN,Towers with Radar,405,47,15,0,467,0,41,11,0,52,405,88,26,0,519,0,0,0,519
04/11/2021,BOS,MA,ANE,EN,Towers with Radar,427,104,13,0,544,0,0,0,0,0,427,104,13,0,544,0,0,0,544
04/12/2021,BOS,MA,ANE,EN,Towers with Radar,445,83,8,0,536,0,3,2,0,5,445,86,10,0,541,0,0,0,541
04/13/2021,BOS,MA,ANE,EN,Towers with Radar,413,79,5,1,498,0,18,3,0,21,413,97,8,1,519,0,0,0,519
04/14/2021,BOS,MA,ANE,EN,Towers with Radar,425,59,13,0,497,0,36,4,0,40,425,95,17,0,537,0,0,0,537
04/15/2021,BOS,MA,ANE,EN,Towers with Radar,518,71,15,1,605,0,23,4,1,28,518,94,19,2,633,0,0,0,633
04/16/2021,BOS,MA,ANE,EN,Towers with Radar,522,102,16,0,640,0,0,0,0,0,522,102,16,0,640,0,0,0,640
04/17/2021,BOS,MA,ANE,EN,Towers with Radar,476,108,11,0,595,0,5,8,1,14,476,113,19,1,609,0,0,0,609
04/18/2021,BOS,MA,ANE,EN,Towers with Radar,501,67,7,1,576,0,45,6,0,51,501,112,13,1,627,0,0,0,627
04/19/2021,BOS,MA,ANE,EN,Towers with Radar,488,63,14,1,566,0,46,8,0,54,488,109,22,1,620,0,0,0,620
04/20/2021,BOS,MA,ANE,EN,Towers with Radar,418,54,8,0,480,0,46,4,2,52,418,100,12,2,532,0,0,0,532
04/21/2021,BOS,MA,ANE,EN,Towers with Radar,431,81,9,0,521,0,23,0,0,23,431,104,9,0,544,0,0,0,544
04/22/2021,BOS,MA,ANE,EN,Towers with Radar,522,93,17,0,632,0,12,4,0,16,522,105,21,0,648,0,0,0,648
04/23/2021,BOS,MA,ANE,EN,Towers with Radar,523,56,5,0,584,0,52,6,0,58,523,108,11,0,642,0,0,0,642
04/24/2021,BOS,MA,ANE,EN,Towers with Radar,456,53,10,0,519,0,46,12,0,58,456,99,22,0,577,0,0,0,577
04/25/2021,BOS,MA,ANE,EN,Towers with Radar,519,114,18,0,651,0,9,0,3,12,519,123,18,3,663,0,0,0,663
04/26/2021,BOS,MA,ANE,EN,Towers with Radar,487,54,5,0,546,0,42,0,0,42,487,96,5,0,588,0,0,0,588
04/27/2021,BOS,MA,ANE,EN,Towers with Radar,404,62,11,2,479,0,52,10,2,64,404,114,21,4,543,0,0,0,543
04/28/2021,BOS,MA,ANE,EN,Towers with Radar,405,87,15,3,510,0,30,6,0,36,405,117,21,3,546,0,0,0,546
04/29/2021,BOS,MA,ANE,EN,Towers with Radar,487,112,15,0,614,0,0,0,0,0,487,112,15,0,614,0,0,0,614
04/30/2021,BOS,MA,ANE,EN,Towers with Radar,481,90,10,0,581,0,9,0,0,9,481,99,10,0,590,0,0,0,590
05/01/2021,BOS,MA,ANE,EN,Towers with Radar,416,67,8,0,491,0,43,18,3,64,416,110,26,3,555,0,0,0,555
05/02/2021,BOS,MA,ANE,EN,Towers with Radar,456,63,7,0,526,0,55,24,0,79,456,118,31,0,605,0,0,0,605
05/03/2021,BOS,MA,ANE,EN,Towers with Radar,452,56,10,0,518,0,51,7,0,58,452,107,17,0,576,0,0,0,576
05/04/2021,BOS,MA,ANE,EN,Towers with Radar,385,113,16,0,514,0,2,0,0,2,385,115,16,0,516,0,0,0,516
05/05/2021,BOS,MA,ANE,EN,Towers with Radar,443,103,11,0,557,0,0,0,0,0,443,103,11,0,557,0,0,0,557
05/06/2021,BOS,MA,ANE,EN,Towers with Radar,526,80,19,0,625,0,38,10,4,52,526,118,29,4,677,0,0,0,677
05/07/2021,BOS,MA,ANE,EN,Towers with Radar,525,50,13,0,588,0,50,4,3,57,525,100,17,3,645,0,0,0,645
05/08/2021,BOS,MA,ANE,EN,Towers with Radar,446,76,9,0,531,0,39,15,0,54,446,115,24,0,585,0,0,0,585
05/09/2021,BOS,MA,ANE,EN,Towers with Radar,504,58,9,0,571,0,52,15,0,67,504,110,24,0,638,0,0,0,638
05/10/2021,BOS,MA,ANE,EN,Towers with Radar,506,85,8,0,599,0,19,4,0,23,506,104,12,0,622,0,0,0,622
05/11/2021,BOS,MA,ANE,EN,Towers with Radar,461,54,18,0,533,0,50,11,0,61,461,104,29,0,594,0,0,0,594
05/12/2021,BOS,MA,ANE,EN,Towers with Radar,465,69,18,1,553,0,52,2,1,55,465,121,20,2,608,0,0,0,608
05/13/2021,BOS,MA,ANE,EN,Towers with Radar,536,62,11,0,609,0,57,6,3,66,536,119,17,3,675,0,0,0,675
05/14/2021,BOS,MA,ANE,EN,Towers with Radar,526,66,18,0,610,0,64,5,0,69,526,130,23,0,679,0,0,0,679
05/15/2021,BOS,MA,ANE,EN,Towers with Radar,436,48,7,0,491,0,62,9,0,71,436,110,16,0,562,0,0,0,562
05/16/2021,BOS,MA,ANE,EN,Towers with Radar,505,54,18,1,578,0,62,8,0,70,505,116,26,1,648,0,0,0,648
05/17/2021,BOS,MA,ANE,EN,Towers with Radar,504,60,13,0,577,0,55,2,0,57,504,115,15,0,634,0,0,0,634
05/18/2021,BOS,MA,ANE,EN,Towers with Radar,469,45,19,0,533,0,64,2,0,66,469,109,21,0,599,0,0,0,599
05/19/2021,BOS,MA,ANE,EN,Towers with Radar,474,65,29,0,568,0,68,5,0,73,474,133,34,0,641,0,0,0,641
05/20/2021,BOS,MA,ANE,EN,Towers with Radar,549,51,26,0,626,0,64,15,0,79,549,115,41,0,705,0,0,0,705
05/21/2021,BOS,MA,ANE,EN,Towers with Radar,545,61,13,1,620,0,54,28,0,82,545,115,41,1,702,0,0,0,702
05/22/2021,BOS,MA,ANE,EN,Towers with Radar,458,59,11,0,528,0,57,6,3,66,458,116,17,3,594,0,0,0,594
05/23/2021,BOS,MA,ANE,EN,Towers with Radar,537,67,5,1,610,0,51,0,0,51,537,118,5,1,661,0,0,0,661
05/24/2021,BOS,MA,ANE,EN,Towers with Radar,532,50,17,0,599,0,70,6,0,76,532,120,23,0,675,0,0,0,675
05/25/2021,BOS,MA,ANE,EN,Towers with Radar,469,75,24,2,570,0,74,7,2,83,469,149,31,4,653,0,0,0,653
05/26/2021,BOS,MA,ANE,EN,Towers with Radar,489,120,28,0,637,0,44,5,0,49,489,164,33,0,686,0,0,0,686
05/27/2021,BOS,MA,ANE,EN,Towers with Radar,560,94,25,0,679,0,69,15,2,86,560,163,40,2,765,0,0,0,765
05/28/2021,BOS,MA,ANE,EN,Towers with Radar,558,105,18,2,683,0,84,8,1,93,558,189,26,3,776,0,0,0,776
05/29/2021,BOS,MA,ANE,EN,Towers with Radar,456,117,12,0,585,0,0,0,0,0,456,117,12,0,585,0,0,0,585
05/30/2021,BOS,MA,ANE,EN,Towers with Radar,485,106,8,2,601,0,0,0,0,0,485,106,8,2,601,0,0,0,601
05/31/2021,BOS,MA,ANE,EN,Towers with Radar,530,187,21,0,738,0,1,1,0,2,530,188,22,0,740,0,0,0,740
06/01/2021,BOS,MA,ANE,EN,Towers with Radar,455,91,16,0,562,0,84,13,0,97,455,175,29,0,659,0,0,0,659
06/02/2021,BOS,MA,ANE,EN,Towers with Radar,492,63,18,0,573,0,93,10,0,103,492,156,28,0,676,0,0,0,676
06/03/2021,BOS,MA,ANE,EN,Towers with Radar,570,150,24,0,744,0,14,1,0,15,570,164,25,0,759,0,0,0,759
06/04/2021,BOS,MA,ANE,EN,Towers with Radar,589,130,30,0,749,0,19,2,0,21,589,149,32,0,770,0,0,0,770
06/05/2021,BOS,MA,ANE,EN,Towers with Radar,539,73,6,2,620,0,78,11,1,90,539,151,17,3,710,0,0,0,710
06/06/2021,BOS,MA,ANE,EN,Towers with Radar,603,79,9,0,691,0,87,14,0,101,603,166,23,0,792,0,0,0,792
06/07/2021,BOS,MA,ANE,EN,Towers with Radar,603,86,21,0,710,0,83,1,0,84,603,169,22,0,794,0,0,0,794
06/08/2021,BOS,MA,ANE,EN,Towers with Radar,533,90,24,3,650,0,64,8,0,72,533,154,32,3,722,0,0,0,722
06/09/2021,BOS,MA,ANE,EN,Towers with Radar,549,100,18,1,668,0,72,4,0,76,549,172,22,1,744,0,0,0,744
06/10/2021,BOS,MA,ANE,EN,Towers with Radar,613,81,31,0,725,0,102,10,0,112,613,183,41,0,837,0,0,0,837
06/11/2021,BOS,MA,ANE,EN,Towers with Radar,653,75,21,0,749,0,107,18,2,127,653,182,39,2,876,0,0,0,876
06/12/2021,BOS,MA,ANE,EN,Towers with Radar,549,121,5,0,675,0,25,6,1,32,549,146,11,1,707,0,0,0,707
06/13/2021,BOS,MA,ANE,EN,Towers with Radar,612,82,25,0,719,0,104,9,0,113,612,186,34,0,832,0,0,0,832
06/14/2021,BOS,MA,ANE,EN,Towers with Radar,607,176,22,0,805,0,20,4,0,24,607,196,26,0,829,0,0,0,829
06/15/2021,BOS,MA,ANE,EN,Towers with Radar,583,141,24,0,748,0,15,4,0,19,583,156,28,0,767,0,0,0,767
06/16/2021,BOS,MA,ANE,EN,Towers with Radar,609,78,23,0,710,0,97,15,1,113,609,175,38,1,823,0,0,0,823
06/17/2021,BOS,MA,ANE,EN,Towers with Radar,628,102,18,1,749,0,98,12,2,112,628,200,30,3,861,0,0,0,861
06/18/2021,BOS,MA,ANE,EN,Towers with Radar,635,91,27,0,753,0,116,12,2,130,635,207,39,2,883,0,0,0,883
06/19/2021,BOS,MA,ANE,EN,Towers with Radar,561,71,7,0,639,0,97,12,0,109,561,168,19,0,748,0,0,0,748
06/20/2021,BOS,MA,ANE,EN,Towers with Radar,603,106,20,0,729,0,91,26,4,121,603,197,46,4,850,0,0,0,850
06/21/2021,BOS,MA,ANE,EN,Towers with Radar,612,144,26,0,782,0,34,5,2,41,612,178,31,2,823,0,0,0,823
06/22/2021,BOS,MA,ANE,EN,Towers with Radar,605,148,16,0,769,0,17,2,0,19,605,165,18,0,788,0,0,0,788
06/23/2021,BOS,MA,ANE,EN,Towers with Radar,613,86,20,0,719,0,99,7,0,106,613,185,27,0,825,0,0,0,825
06/24/2021,BOS,MA,ANE,EN,Towers with Radar,639,96,22,0,757,0,109,24,4,137,639,205,46,4,894,0,0,0,894
06/25/2021,BOS,MA,ANE,EN,Towers with Radar,648,201,41,1,891,0,5,0,0,5,648,206,41,1,896,0,0,0,896
06/26/2021,BOS,MA,ANE,EN,Towers with Radar,560,161,27,0,748,0,16,17,0,33,560,177,44,0,781,0,0,0,781
06/27/2021,BOS,MA,ANE,EN,Towers with Radar,625,150,24,1,800,0,36,10,0,46,625,186,34,1,846,0,0,0,846
06/28/2021,BOS,MA,ANE,EN,Towers with Radar,622,106,26,2,756,0,85,22,3,110,622,191,48,5,866,0,0,0,866
06/29/2021,BOS,MA,ANE,EN,Towers with Radar,596,91,35,1,723,0,77,9,2,88,596,168,44,3,811,0,0,0,811
06/30/2021,BOS,MA,ANE,EN,Towers with Radar,605,86,21,1,713,0,78,8,4,90,605,164,29,5,803,0,0,0,803
07/01/2021,BOS,MA,ANE,EN,Towers with Radar,630,164,15,0,809,0,64,8,1,73,630,228,23,1,882,0,0,0,882
07/02/2021,BOS,MA,ANE,EN,Towers with Radar,690,218,20,0,928,0,0,0,0,0,690,218,20,0,928,0,0,0,928
07/03/2021,BOS,MA,ANE,EN,Towers with Radar,573,149,6,0,728,0,0,0,0,0,573,149,6,0,728,0,0,0,728
07/04/2021,BOS,MA,ANE,EN,Towers with Radar,549,139,13,0,701,0,8,14,0,22,549,147,27,0,723,0,0,0,723
07/05/2021,BOS,MA,ANE,EN,Towers with Radar,619,139,20,0,778,0,71,5,0,76,619,210,25,0,854,0,0,0,854
07/06/2021,BOS,MA,ANE,EN,Towers with Radar,595,111,12,0,718,0,67,14,2,83,595,178,26,2,801,0,0,0,801
07/07/2021,BOS,MA,ANE,EN,Towers with Radar,646,102,35,1,784,0,94,13,1,108,646,196,48,2,892,0,0,0,892
07/08/2021,BOS,MA,ANE,EN,Towers with Radar,675,194,29,0,898,0,7,0,0,7,675,201,29,0,905,0,0,0,905
07/09/2021,BOS,MA,ANE,EN,Towers with Radar,670,55,13,1,739,0,7,0,0,7,670,62,13,1,746,0,0,0,746
07/10/2021,BOS,MA,ANE,EN,Towers with Radar,582,172,21,0,775,0,25,17,0,42,582,197,38,0,817,0,0,0,817
07/11/2021,BOS,MA,ANE,EN,Towers with Radar,646,114,22,0,782,0,91,6,0,97,646,205,28,0,879,0,0,0,879
07/12/2021,BOS,MA,ANE,EN,Towers with Radar,661,185,28,0,874,0,1,1,0,2,661,186,29,0,876,0,0,0,876
07/13/2021,BOS,MA,ANE,EN,Towers with Radar,656,187,26,0,869,0,0,0,0,0,656,187,26,0,869,0,0,0,869
07/14/2021,BOS,MA,ANE,EN,Towers with Radar,642,188,38,0,868,0,4,3,1,8,642,192,41,1,876,0,0,0,876
07/15/2021,BOS,MA,ANE,EN,Towers with Radar,693,178,23,1,895,0,15,8,2,25,693,193,31,3,920,0,0,0,920
07/16/2021,BOS,MA,ANE,EN,Towers with Radar,694,136,23,2,855,0,67,19,1,87,694,203,42,3,942,0,0,0,942
07/17/2021,BOS,MA,ANE,EN,Towers with Radar,574,145,17,2,738,0,30,14,2,46,574,175,31,4,784,0,0,0,784
07/18/2021,BOS,MA,ANE,EN,Towers with Radar,666,197,26,0,889,0,0,0,0,0,666,197,26,0,889,0,0,0,889
07/19/2021,BOS,MA,ANE,EN,Towers with Radar,679,198,22,0,899,0,4,0,0,4,679,202,22,0,903,0,0,0,903
07/20/2021,BOS,MA,ANE,EN,Towers with Radar,650,125,20,0,795,0,53,14,4,71,650,178,34,4,866,0,0,0,866
07/21/2021,BOS,MA,ANE,EN,Towers with Radar,649,122,30,0,801,0,52,9,0,61,649,174,39,0,862,0,0,0,862
07/22/2021,BOS,MA,ANE,EN,Towers with Radar,709,121,28,2,860,0,97,6,0,103,709,218,34,2,963,0,0,0,963
07/23/2021,BOS,MA,ANE,EN,Towers with Radar,684,104,16,0,804,0,109,9,0,118,684,213,25,0,922,0,0,0,922
07/24/2021,BOS,MA,ANE,EN,Towers with Radar,601,73,19,2,695,0,112,12,0,124,601,185,31,2,819,0,0,0,819
07/25/2021,BOS,MA,ANE,EN,Towers with Radar,656,194,17,2,869,0,18,0,0,18,656,212,17,2,887,0,0,0,887
07/26/2021,BOS,MA,ANE,EN,Towers with Radar,665,176,30,0,871,0,50,9,2,61,665,226,39,2,932,0,0,0,932
07/27/2021,BOS,MA,ANE,EN,Towers with Radar,647,98,18,2,765,0,66,7,4,77,647,164,25,6,842,0,0,0,842
07/28/2021,BOS,MA,ANE,EN,Towers with Radar,658,164,36,0,858,0,40,6,4,50,658,204,42,4,908,0,0,0,908
07/29/2021,BOS,MA,ANE,EN,Towers with Radar,672,145,35,1,853,0,61,3,0,64,672,206,38,1,917,0,0,0,917
07/30/2021,BOS,MA,ANE,EN,Towers with Radar,699,107,21,1,828,0,87,8,1,96,699,194,29,2,924,0,0,0,924
07/31/2021,BOS,MA,ANE,EN,Towers with Radar,598,68,10,0,676,0,113,20,2,135,598,181,30,2,811,0,0,0,811
08/01/2021,BOS,MA,ANE,EN,Towers with Radar,668,90,23,0,781,0,110,8,0,118,668,200,31,0,899,0,0,0,899
08/02/2021,BOS,MA,ANE,EN,Towers with Radar,654,137,30,0,821,0,78,14,0,92,654,215,44,0,913,0,0,0,913
08/03/2021,BOS,MA,ANE,EN,Towers with Radar,616,83,30,0,729,0,128,10,0,138,616,211,40,0,867,0,0,0,867
08/04/2021,BOS,MA,ANE,EN,Towers with Radar,638,150,28,0,816,0,81,10,3,94,638,231,38,3,910,0,0,0,910
08/05/2021,BOS,MA,ANE,EN,Towers with Radar,693,196,34,0,923,0,2,2,0,4,693,198,36,0,927,0,0,0,927
08/06/2021,BOS,MA,ANE,EN,Towers with Radar,686,119,30,0,835,0,102,21,0,123,686,221,51,0,958,0,0,0,958
08/07/2021,BOS,MA,ANE,EN,Towers with Radar,613,76,18,0,707,0,94,34,2,130,613,170,52,2,837,0,0,0,837
08/08/2021,BOS,MA,ANE,EN,Towers with Radar,674,120,34,0,828,0,105,6,2,113,674,225,40,2,941,0,0,0,941
08/09/2021,BOS,MA,ANE,EN,Towers with Radar,679,201,30,0,910,0,2,2,0,4,679,203,32,0,914,0,0,0,914
08/10/2021,BOS,MA,ANE,EN,Towers with Radar,666,200,24,0,890,0,10,5,2,17,666,210,29,2,907,0,0,0,907
08/11/2021,BOS,MA,ANE,EN,Towers with Radar,654,136,36,0,826,0,45,10,4,59,654,181,46,4,885,0,0,0,885
08/12/2021,BOS,MA,ANE,EN,Towers with Radar,702,111,21,0,834,0,95,17,3,115,702,206,38,3,949,0,0,0,949
08/13/2021,BOS,MA,ANE,EN,Towers with Radar,709,84,26,0,819,0,108,15,2,125,709,192,41,2,944,0,0,0,944
08/14/2021,BOS,MA,ANE,EN,Towers with Radar,619,99,15,0,733,0,104,18,0,122,619,203,33,0,855,0,0,0,855
08/15/2021,BOS,MA,ANE,EN,Towers with Radar,674,75,28,2,779,0,119,13,0,132,674,194,41,2,911,0,0,0,911
08/16/2021,BOS,MA,ANE,EN,Towers with Radar,692,102,11,0,805,0,111,24,0,135,692,213,35,0,940,0,0,0,940
08/17/2021,BOS,MA,ANE,EN,Towers with Radar,660,113,16,0,789,0,90,17,4,111,660,203,33,4,900,0,0,0,900
08/18/2021,BOS,MA,ANE,EN,Towers with Radar,674,122,28,0,824,0,78,33,0,111,674,200,61,0,935,0,0,0,935
08/19/2021,BOS,MA,ANE,EN,Towers with Radar,717,182,30,0,929,0,6,7,0,13,717,188,37,0,942,0,0,0,942
08/20/2021,BOS,MA,ANE,EN,Towers with Radar,723,194,35,4,956,0,19,10,1,30,723,213,45,5,986,0,0,0,986
08/21/2021,BOS,MA,ANE,EN,Towers with Radar,626,139,21,0,786,0,73,19,0,92,626,212,40,0,878,0,0,0,878
08/22/2021,BOS,MA,ANE,EN,Towers with Radar,563,48,7,0,618,0,0,0,0,0,563,48,7,0,618,0,0,0,618
08/23/2021,BOS,MA,ANE,EN,Towers with Radar,714,161,8,0,883,0,1,0,1,2,714,162,8,1,885,0,0,0,885
08/24/2021,BOS,MA,ANE,EN,Towers with Radar,671,167,34,0,872,0,46,10,1,57,671,213,44,1,929,0,0,0,929
08/25/2021,BOS,MA,ANE,EN,Towers with Radar,673,129,38,0,840,0,106,30,0,136,673,235,68,0,976,0,0,0,976
08/26/2021,BOS,MA,ANE,EN,Towers with Radar,710,118,31,0,859,0,103,24,0,127,710,221,55,0,986,0,0,0,986
08/27/2021,BOS,MA,ANE,EN,Towers with Radar,711,115,26,0,852,0,117,24,2,143,711,232,50,2,995,0,0,0,995
08/28/2021,BOS,MA,ANE,EN,Towers with Radar,639,91,11,1,742,0,96,16,0,112,639,187,27,1,854,0,0,0,854
08/29/2021,BOS,MA,ANE,EN,Towers with Radar,680,179,31,1,891,0,46,28,0,74,680,225,59,1,965,0,0,0,965
08/30/2021,BOS,MA,ANE,EN,Towers with Radar,689,161,25,1,876,0,39,11,3,53,689,200,36,4,929,0,0,0,929
08/31/2021,BOS,MA,ANE,EN,Towers with Radar,662,86,18,2,768,0,99,16,0,115,662,185,34,2,883,0,0,0,883
09/01/2021,BOS,MA,ANE,EN,Towers with Radar,664,130,34,0,828,0,66,5,0,71,664,196,39,0,899,0,0,0,899
09/02/2021,BOS,MA,ANE,EN,Towers with Radar,699,147,18,0,864,0,50,7,0,57,699,197,25,0,921,0,0,0,921
09/03/2021,BOS,MA,ANE,EN,Towers with Radar,707,111,30,1,849,0,117,27,1,145,707,228,57,2,994,0,0,0,994
09/04/2021,BOS,MA,ANE,EN,Towers with Radar,601,68,21,0,690,0,119,14,0,133,601,187,35,0,823,0,0,0,823
09/05/2021,BOS,MA,ANE,EN,Towers with Radar,585,86,10,0,681,0,85,8,0,93,585,171,18,0,774,0,0,0,774
09/06/2021,BOS,MA,ANE,EN,Towers with Radar,634,191,7,0,832,0,76,20,0,96,634,267,27,0,928,0,0,0,928
09/07/2021,BOS,MA,ANE,EN,Towers with Radar,616,93,34,0,743,0,124,15,0,139,616,217,49,0,882,0,0,0,882
09/08/2021,BOS,MA,ANE,EN,Towers with Radar,641,97,20,0,758,0,102,21,22,145,641,199,41,22,903,0,0,0,903
09/09/2021,BOS,MA,ANE,EN,Towers with Radar,696,207,26,0,929,0,6,1,0,7,696,213,27,0,936,0,0,0,936
09/10/2021,BOS,MA,ANE,EN,Towers with Radar,712,145,22,1,880,0,73,15,10,98,712,218,37,11,978,0,0,0,978
09/11/2021,BOS,MA,ANE,EN,Towers with Radar,588,69,16,1,674,0,88,23,0,111,588,157,39,1,785,0,0,0,785
09/12/2021,BOS,MA,ANE,EN,Towers with Radar,685,127,37,0,849,0,99,31,0,130,685,226,68,0,979,0,0,0,979
09/13/2021,BOS,MA,ANE,EN,Towers with Radar,724,125,30,0,879,0,81,13,0,94,724,206,43,0,973,0,0,0,973
09/14/2021,BOS,MA,ANE,EN,Towers with Radar,670,99,23,0,792,0,100,6,2,108,670,199,29,2,900,0,0,0,900
09/15/2021,BOS,MA,ANE,EN,Towers with Radar,672,144,21,0,837,0,47,5,3,55,672,191,26,3,892,0,0,0,892
09/16/2021,BOS,MA,ANE,EN,Towers with Radar,758,214,20,0,992,0,5,0,0,5,758,219,20,0,997,0,0,0,997
09/17/2021,BOS,MA,ANE,EN,Towers with Radar,753,217,29,1,1000,0,0,0,0,0,753,217,29,1,1000,0,0,0,1000
09/18/2021,BOS,MA,ANE,EN,Towers with Radar,617,142,16,1,776,0,12,2,0,14,617,154,18,1,790,0,0,0,790
09/19/2021,BOS,MA,ANE,EN,Towers with Radar,726,108,24,0,858,0,131,26,0,157,726,239,50,0,1015,0,0,0,1015
09/20/2021,BOS,MA,ANE,EN,Towers with Radar,734,107,29,2,872,0,123,16,0,139,734,230,45,2,1011,0,0,0,1011
09/21/2021,BOS,MA,ANE,EN,Towers with Radar,693,168,28,0,889,0,45,16,0,61,693,213,44,0,950,0,0,0,950
09/22/2021,BOS,MA,ANE,EN,Towers with Radar,698,181,32,0,911,0,31,1,0,32,698,212,33,0,943,0,0,0,943
09/23/2021,BOS,MA,ANE,EN,Towers with Radar,712,184,61,0,957,0,65,12,6,83,712,249,73,6,1040,0,0,0,1040
09/24/2021,BOS,MA,ANE,EN,Towers with Radar,739,240,38,0,1017,0,18,5,0,23,739,258,43,0,1040,0,0,0,1040
09/25/2021,BOS,MA,ANE,EN,Towers with Radar,603,146,39,0,788,0,30,18,0,48,603,176,57,0,836,0,0,0,836
09/26/2021,BOS,MA,ANE,EN,Towers with Radar,720,178,49,0,947,0,73,16,0,89,720,251,65,0,1036,0,0,0,1036
09/27/2021,BOS,MA,ANE,EN,Towers with Radar,735,128,26,0,889,0,103,17,0,120,735,231,43,0,1009,0,0,0,1009
09/28/2021,BOS,MA,ANE,EN,Towers with Radar,684,144,15,2,845,0,33,0,2,35,684,177,15,4,880,0,0,0,880
09/29/2021,BOS,MA,ANE,EN,Towers with Radar,696,134,35,0,865,0,79,19,0,98,696,213,54,0,963,0,0,0,963
09/30/2021,BOS,MA,ANE,EN,Towers with Radar,752,171,28,0,951,0,54,32,0,86,752,225,60,0,1037,0,0,0,1037
10/01/2021,BOS,MA,ANE,EN,Towers with Radar,762,116,43,0,921,0,120,19,0,139,762,236,62,0,1060,0,0,0,1060
10/02/2021,BOS,MA,ANE,EN,Towers with Radar,609,79,20,0,708,0,78,28,0,106,609,157,48,0,814,0,0,0,814
10/03/2021,BOS,MA,ANE,EN,Towers with Radar,727,200,34,0,961,0,12,21,0,33,727,212,55,0,994,0,0,0,994
10/04/2021,BOS,MA,ANE,EN,Towers with Radar,724,203,42,0,969,0,2,0,0,2,724,205,42,0,971,0,0,0,971
10/05/2021,BOS,MA,ANE,EN,Towers with Radar,687,209,45,0,941,0,0,4,0,4,687,209,49,0,945,0,0,0,945
10/06/2021,BOS,MA,ANE,EN,Towers with Radar,701,115,37,0,853,0,76,13,4,93,701,191,50,4,946,0,0,0,946
10/07/2021,BOS,MA,ANE,EN,Towers with Radar,759,117,36,0,912,0,96,14,2,112,759,213,50,2,1024,0,0,0,1024
10/08/2021,BOS,MA,ANE,EN,Towers with Radar,758,149,41,0,948,0,85,20,0,105,758,234,61,0,1053,0,0,0,1053
10/09/2021,BOS,MA,ANE,EN,Towers with Radar,635,172,26,0,833,0,13,15,0,28,635,185,41,0,861,0,0,0,861
10/10/2021,BOS,MA,ANE,EN,Towers with Radar,718,156,24,0,898,0,26,9,0,35,718,182,33,0,933,0,0,0,933
10/11/2021,BOS,MA,ANE,EN,Towers with Radar,765,203,40,0,1008,0,29,13,0,42,765,232,53,0,1050,0,0,0,1050
10/12/2021,BOS,MA,ANE,EN,Towers with Radar,732,125,35,1,893,0,66,21,0,87,732,191,56,1,980,0,0,0,980
10/13/2021,BOS,MA,ANE,EN,Towers with Radar,737,97,39,1,874,0,57,16,0,73,737,154,55,1,947,0,0,0,947
10/14/2021,BOS,MA,ANE,EN,Towers with Radar,782,123,40,0,945,0,43,14,1,58,782,166,54,1,1003,0,0,0,1003
10/15/2021,BOS,MA,ANE,EN,Towers with Radar,781,169,35,1,986,0,14,17,0,31,781,183,52,1,1017,0,0,0,1017
10/16/2021,BOS,MA,ANE,EN,Towers with Radar,631,103,22,1,757,0,14,4,0,18,631,117,26,1,775,0,0,0,775
10/17/2021,BOS,MA,ANE,EN,Towers with Radar,763,140,51,0,954,0,36,30,0,66,763,176,81,0,1020,0,0,0,1020
10/18/2021,BOS,MA,ANE,EN,Towers with Radar,757,119,38,0,914,0,60,10,0,70,757,179,48,0,984,0,0,0,984
10/19/2021,BOS,MA,ANE,EN,Towers with Radar,724,118,51,0,893,0,62,12,3,77,724,180,63,3,970,0,0,0,970
10/20/2021,BOS,MA,ANE,EN,Towers with Radar,738,131,43,2,914,0,54,17,0,71,738,185,60,2,985,0,0,0,985
10/21/2021,BOS,MA,ANE,EN,Towers with Radar,775,120,30,0,925,0,63,14,5,82,775,183,44,5,1007,0,0,0,1007
10/22/2021,BOS,MA,ANE,EN,Towers with Radar,791,134,22,0,947,0,47,9,5,61,791,181,31,5,1008,0,0,0,1008
10/23/2021,BOS,MA,ANE,EN,Towers with Radar,627,127,28,0,782,0,27,27,0,54,627,154,55,0,836,0,0,0,836
10/24/2021,BOS,MA,ANE,EN,Towers with Radar,741,137,27,2,907,0,61,15,0,76,741,198,42,2,983,0,0,0,983
10/25/2021,BOS,MA,ANE,EN,Towers with Radar,730,171,29,0,930,0,1,0,0,1,730,172,29,0,931,0,0,0,931
10/26/2021,BOS,MA,ANE,EN,Towers with Radar,729,71,25,2,827,0,0,0,0,0,729,71,25,2,827,0,0,0,827
10/27/2021,BOS,MA,ANE,EN,Towers with Radar,706,74,29,1,810,0,0,1,0,1,706,74,30,1,811,0,0,0,811
10/28/2021,BOS,MA,ANE,EN,Towers with Radar,762,147,45,1,955,0,9,11,4,24,762,156,56,5,979,0,0,0,979
10/29/2021,BOS,MA,ANE,EN,Towers with Radar,774,149,29,0,952,0,20,12,0,32,774,169,41,0,984,0,0,0,984
10/30/2021,BOS,MA,ANE,EN,Towers with Radar,628,105,10,0,743,0,0,0,0,0,628,105,10,0,743,0,0,0,743
10/31/2021,BOS,MA,ANE,EN,Towers with Radar,642,115,8,0,765,0,24,14,0,38,642,139,22,0,803,0,0,0,803
11/01/2021,BOS,MA,ANE,EN,Towers with Radar,776,75,31,0,882,0,91,15,0,106,776,166,46,0,988,0,0,0,988
11/02/2021,BOS,MA,ANE,EN,Towers with Radar,780,87,24,0,891,0,65,8,0,73,780,152,32,0,964,0,0,0,964
11/03/2021,BOS,MA,ANE,EN,Towers with Radar,799,98,31,0,928,0,59,18,4,81,799,157,49,4,1009,0,0,0,1009
11/04/2021,BOS,MA,ANE,EN,Towers with Radar,858,95,46,1,1000,0,56,10,3,69,858,151,56,4,1069,0,0,0,1069
11/05/2021,BOS,MA,ANE,EN,Towers with Radar,859,79,43,0,981,0,56,12,2,70,859,135,55,2,1051,0,0,0,1051
11/06/2021,BOS,MA,ANE,EN,Towers with Radar,645,59,21,0,725,0,56,36,0,92,645,115,57,0,817,0,0,0,817
11/07/2021,BOS,MA,ANE,EN,Towers with Radar,769,96,11,0,876,0,71,32,2,105,769,167,43,2,981,0,0,0,981
11/08/2021,BOS,MA,ANE,EN,Towers with Radar,787,76,34,0,897,0,56,6,3,65,787,132,40,3,962,0,0,0,962
11/09/2021,BOS,MA,ANE,EN,Towers with Radar,748,100,25,0,873,0,49,14,0,63,748,149,39,0,936,0,0,0,936
11/10/2021,BOS,MA,ANE,EN,Towers with Radar,766,107,37,0,910,0,35,19,0,54,766,142,56,0,964,0,0,0,964
11/11/2021,BOS,MA,ANE,EN,Towers with Radar,807,95,22,0,924,0,61,19,2,82,807,156,41,2,1006,0,0,0,1006
11/12/2021,BOS,MA,ANE,EN,Towers with Radar,816,112,17,0,945,0,7,0,0,7,816,119,17,0,952,0,0,0,952
11/13/2021,BOS,MA,ANE,EN,Towers with Radar,649,67,10,0,726,0,46,5,0,51,649,113,15,0,777,0,0,0,777
11/14/2021,BOS,MA,ANE,EN,Towers with Radar,787,121,23,1,932,0,47,7,1,55,787,168,30,2,987,0,0,0,987
11/15/2021,BOS,MA,ANE,EN,Towers with Radar,798,126,28,0,952,0,36,6,0,42,798,162,34,0,994,0,0,0,994
11/16/2021,BOS,MA,ANE,EN,Towers with Radar,751,106,32,2,891,0,37,4,1,42,751,143,36,3,933,0,0,0,933
11/17/2021,BOS,MA,ANE,EN,Towers with Radar,758,89,28,0,875,0,59,18,0,77,758,148,46,0,952,0,0,0,952
11/18/2021,BOS,MA,ANE,EN,Towers with Radar,811,107,24,1,943,0,49,14,0,63,811,156,38,1,1006,0,0,0,1006
11/19/2021,BOS,MA,ANE,EN,Towers with Radar,853,107,41,0,1001,0,50,9,0,59,853,157,50,0,1060,0,0,0,1060
11/20/2021,BOS,MA,ANE,EN,Towers with Radar,667,95,18,0,780,0,51,15,0,66,667,146,33,0,846,0,0,0,846
11/21/2021,BOS,MA,ANE,EN,Towers with Radar,807,118,21,0,946,0,41,17,0,58,807,159,38,0,1004,0,0,0,1004
11/22/2021,BOS,MA,ANE,EN,Towers with Radar,798,131,22,0,951,0,13,2,0,15,798,144,24,0,966,0,0,0,966
11/23/2021,BOS,MA,ANE,EN,Towers with Radar,832,114,21,0,967,0,57,8,6,71,832,171,29,6,1038,0,0,0,1038
11/24/2021,BOS,MA,ANE,EN,Towers with Radar,864,128,20,0,1012,0,57,4,0,61,864,185,24,0,1073,0,0,0,1073
11/25/2021,BOS,MA,ANE,EN,Towers with Radar,486,61,13,0,560,0,38,9,0,47,486,99,22,0,607,0,0,0,607
11/26/2021,BOS,MA,ANE,EN,Towers with Radar,599,129,9,0,737,0,7,0,0,7,599,136,9,0,744,0,0,0,744
11/27/2021,BOS,MA,ANE,EN,Towers with Radar,725,138,21,0,884,0,19,16,0,35,725,157,37,0,919,0,0,0,919
11/28/2021,BOS,MA,ANE,EN,Towers with Radar,856,177,23,0,1056,0,50,16,0,66,856,227,39,0,1122,0,0,0,1122
11/29/2021,BOS,MA,ANE,EN,Towers with Radar,856,114,23,0,993,0,36,12,0,48,856,150,35,0,1041,0,0,0,1041
11/30/2021,BOS,MA,ANE,EN,Towers with Radar,810,126,27,0,963,0,37,14,0,51,810,163,41,0,1014,0,0,0,1014
12/01/2021,BOS,MA,ANE,EN,Towers with Radar,813,109,34,0,956,0,51,19,0,70,813,160,53,0,1026,0,0,0,1026
12/02/2021,BOS,MA,ANE,EN,Towers with Radar,856,146,14,0,1016,0,23,2,0,25,856,169,16,0,1041,0,0,0,1041
12/03/2021,BOS,MA,ANE,EN,Towers with Radar,866,112,19,0,997,0,56,11,0,67,866,168,30,0,1064,0,0,0,1064
12/04/2021,BOS,MA,ANE,EN,Towers with Radar,641,55,9,0,705,0,56,16,0,72,641,111,25,0,777,0,0,0,777
12/05/2021,BOS,MA,ANE,EN,Towers with Radar,799,84,31,0,914,0,73,18,0,91,799,157,49,0,1005,0,0,0,1005
12/06/2021,BOS,MA,ANE,EN,Towers with Radar,791,105,34,0,930,0,3,2,0,5,791,108,36,0,935,0,0,0,935
12/07/2021,BOS,MA,ANE,EN,Towers with Radar,739,105,29,0,873,0,44,17,3,64,739,149,46,3,937,0,0,0,937
12/08/2021,BOS,MA,ANE,EN,Towers with Radar,729,125,40,0,894,0,13,0,1,14,729,138,40,1,908,0,0,0,908
12/09/2021,BOS,MA,ANE,EN,Towers with Radar,803,110,30,0,943,0,41,10,0,51,803,151,40,0,994,0,0,0,994
12/10/2021,BOS,MA,ANE,EN,Towers with Radar,805,134,22,0,961,0,26,12,0,38,805,160,34,0,999,0,0,0,999
12/11/2021,BOS,MA,ANE,EN,Towers with Radar,605,87,15,0,707,0,0,0,0,0,605,87,15,0,707,0,0,0,707
12/12/2021,BOS,MA,ANE,EN,Towers with Radar,761,76,11,0,848,0,56,16,2,74,761,132,27,2,922,0,0,0,922
12/13/2021,BOS,MA,ANE,EN,Towers with Radar,795,78,28,0,901,0,56,12,0,68,795,134,40,0,969,0,0,0,969
12/14/2021,BOS,MA,ANE,EN,Towers with Radar,727,83,14,0,824,0,47,6,1,54,727,130,20,1,878,0,0,0,878
12/15/2021,BOS,MA,ANE,EN,Towers with Radar,722,78,32,0,832,0,53,8,4,65,722,131,40,4,897,0,0,0,897
12/16/2021,BOS,MA,ANE,EN,Towers with Radar,796,102,35,0,933,0,26,6,2,34,796,128,41,2,967,0,0,0,967
12/17/2021,BOS,MA,ANE,EN,Towers with Radar,833,71,20,0,924,0,50,8,0,58,833,121,28,0,982,0,0,0,982
12/18/2021,BOS,MA,ANE,EN,Towers with Radar,687,73,14,0,774,0,17,2,0,19,687,90,16,0,793,0,0,0,793
12/19/2021,BOS,MA,ANE,EN,Towers with Radar,777,97,15,3,892,0,2,5,0,7,777,99,20,3,899,0,0,0,899
12/20/2021,BOS,MA,ANE,EN,Towers with Radar,797,73,16,0,886,0,47,11,1,59,797,120,27,1,945,0,0,0,945
12/21/2021,BOS,MA,ANE,EN,Towers with Radar,768,92,15,0,875,0,49,5,1,55,768,141,20,1,930,0,0,0,930
12/22/2021,BOS,MA,ANE,EN,Towers with Radar,790,104,9,0,903,0,3,3,0,6,790,107,12,0,909,0,0,0,909
12/23/2021,BOS,MA,ANE,EN,Towers with Radar,792,79,8,0,879,0,50,11,0,61,792,129,19,0,940,0,0,0,940
12/24/2021,BOS,MA,ANE,EN,Towers with Radar,609,79,4,0,692,0,18,4,0,22,609,97,8,0,714,0,0,0,714
12/25/2021,BOS,MA,ANE,EN,Towers with Radar,550,50,5,0,605,0,0,0,0,0,550,50,5,0,605,0,0,0,605
12/26/2021,BOS,MA,ANE,EN,Towers with Radar,672,121,21,0,814,0,6,7,0,13,672,127,28,0,827,0,0,0,827
12/27/2021,BOS,MA,ANE,EN,Towers with Radar,673,77,15,0,765,0,44,4,0,48,673,121,19,0,813,0,0,0,813
12/28/2021,BOS,MA,ANE,EN,Towers with Radar,681,96,12,0,789,0,9,3,0,12,681,105,15,0,801,0,0,0,801
12/29/2021,BOS,MA,ANE,EN,Towers with Radar,688,110,11,2,811,0,23,10,0,33,688,133,21,2,844,0,0,0,844
12/30/2021,BOS,MA,ANE,EN,Towers with Radar,660,140,16,2,818,0,1,0,0,1,660,141,16,2,819,0,0,0,819
12/31/2021,BOS,MA,ANE,EN,Towers with Radar,588,106,15,0,709,0,0,0,0,0,588,106,15,0,709,0,0,0,709
01/01/2022,BOS,MA,ANE,EN,Towers with Radar,542,86,16,0,644,0,0,0,0,0,542,86,16,0,644,0,0,0,644
01/02/2022,BOS,MA,ANE,EN,Towers with Radar,650,120,21,0,791,0,0,0,0,0,650,120,21,0,791,0,0,0,791
01/03/2022,BOS,MA,ANE,EN,Towers with Radar,650,88,13,0,751,0,13,4,0,17,650,101,17,0,768,0,0,0,768
01/04/2022,BOS,MA,ANE,EN,Towers with Radar,713,68,13,0,794,0,47,1,0,48,713,115,14,0,842,0,0,0,842
01/05/2022,BOS,MA,ANE,EN,Towers with Radar,758,105,10,0,873,0,2,0,0,2,758,107,10,0,875,0,0,0,875
01/06/2022,BOS,MA,ANE,EN,Towers with Radar,736,73,15,0,824,0,32,5,0,37,736,105,20,0,861,0,0,0,861
01/07/2022,BOS,MA,ANE,EN,Towers with Radar,448,15,1,0,464,0,2,0,0,2,448,17,1,0,466,0,0,0,466
01/08/2022,BOS,MA,ANE,EN,Towers with Radar,594,55,9,0,658,0,49,1,0,50,594,104,10,0,708,0,0,0,708
01/09/2022,BOS,MA,ANE,EN,Towers with Radar,745,86,9,0,840,0,13,1,0,14,745,99,10,0,854,0,0,0,854
01/10/2022,BOS,MA,ANE,EN,Towers with Radar,742,79,13,0,834,0,34,3,0,37,742,113,16,0,871,0,0,0,871
01/11/2022,BOS,MA,ANE,EN,Towers with Radar,710,62,4,0,776,0,35,7,0,42,710,97,11,0,818,0,0,0,818
01/12/2022,BOS,MA,ANE,EN,Towers with Radar,745,86,24,0,855,0,42,5,0,47,745,128,29,0,902,0,0,0,902
01/13/2022,BOS,MA,ANE,EN,Towers with Radar,784,92,20,0,896,0,33,9,0,42,784,125,29,0,938,0,0,0,938
01/14/2022,BOS,MA,ANE,EN,Towers with Radar,782,105,6,0,893,0,0,0,0,0,782,105,6,0,893,0,0,0,893
01/15/2022,BOS,MA,ANE,EN,Towers with Radar,597,56,18,0,671,0,30,3,0,33,597,86,21,0,704,0,0,0,704
01/16/2022,BOS,MA,ANE,EN,Towers with Radar,606,66,15,0,687,0,47,12,0,59,606,113,27,0,746,0,0,0,746
01/17/2022,BOS,MA,ANE,EN,Towers with Radar,739,53,9,0,801,0,0,2,0,2,739,53,11,0,803,0,0,0,803
01/18/2022,BOS,MA,ANE,EN,Towers with Radar,710,86,14,0,810,0,33,2,0,35,710,119,16,0,845,0,0,0,845
01/19/2022,BOS,MA,ANE,EN,Towers with Radar,721,81,21,0,823,0,33,4,0,37,721,114,25,0,860,0,0,0,860
01/20/2022,BOS,MA,ANE,EN,Towers with Radar,744,92,21,1,858,0,7,2,0,9,744,99,23,1,867,0,0,0,867
01/21/2022,BOS,MA,ANE,EN,Towers with Radar,770,91,12,3,876,0,24,4,0,28,770,115,16,3,904,0,0,0,904
01/22/2022,BOS,MA,ANE,EN,Towers with Radar,599,66,9,0,674,0,9,15,0,24,599,75,24,0,698,0,0,0,698
01/23/2022,BOS,MA,ANE,EN,Towers with Radar,737,83,16,0,836,0,24,5,0,29,737,107,21,0,865,0,0,0,865
01/24/2022,BOS,MA,ANE,EN,Towers with Radar,763,90,6,0,859,0,27,2,0,29,763,117,8,0,888,0,0,0,888
01/25/2022,BOS,MA,ANE,EN,Towers with Radar,712,94,12,0,818,0,8,3,1,12,712,102,15,1,830,0,0,0,830
01/26/2022,BOS,MA,ANE,EN,Towers with Radar,736,72,19,0,827,0,42,3,0,45,736,114,22,0,872,0,0,0,872
01/27/2022,BOS,MA,ANE,EN,Towers with Radar,780,84,28,0,892,0,37,17,0,54,780,121,45,0,946,0,0,0,946
01/28/2022,BOS,MA,ANE,EN,Towers with Radar,687,100,14,0,801,0,30,2,0,32,687,130,16,0,833,0,0,0,833
01/29/2022,BOS,MA,ANE,EN,Towers with Radar,8,2,0,0,10,0,0,0,0,0,8,2,0,0,10,0,0,0,10
01/30/2022,BOS,MA,ANE,EN,Towers with Radar,377,52,19,0,448,0,2,2,2,6,377,54,21,2,454,0,0,0,454
01/31/2022,BOS,MA,ANE,EN,Towers with Radar,734,70,25,0,829,0,24,2,0,26,734,94,27,0,855,0,0,0,855
02/01/2022,BOS,MA,ANE,EN,Towers with Radar,716,95,20,0,831,0,9,6,2,17,716,104,26,2,848,0,0,0,848
02/02/2022,BOS,MA,ANE,EN,Towers with Radar,694,124,30,0,848,0,1,0,4,5,694,125,30,4,853,0,0,0,853
02/03/2022,BOS,MA,ANE,EN,Towers with Radar,670,73,20,0,763,0,0,1,0,1,670,73,21,0,764,0,0,0,764
02/04/2022,BOS,MA,ANE,EN,Towers with Radar,279,21,13,0,313,0,0,0,0,0,279,21,13,0,313,0,0,0,313
02/05/2022,BOS,MA,ANE,EN,Towers with Radar,557,60,12,0,629,0,11,14,1,26,557,71,26,1,655,0,0,0,655
02/06/2022,BOS,MA,ANE,EN,Towers with Radar,733,74,16,2,825,0,37,9,0,46,733,111,25,2,871,0,0,0,871
02/07/2022,BOS,MA,ANE,EN,Towers with Radar,768,107,27,0,902,0,0,0,0,0,768,107,27,0,902,0,0,0,902
02/08/2022,BOS,MA,ANE,EN,Towers with Radar,723,119,21,0,863,0,0,1,0,1,723,119,22,0,864,0,0,0,864
02/09/2022,BOS,MA,ANE,EN,Towers with Radar,751,79,23,0,853,0,40,5,2,47,751,119,28,2,900,0,0,0,900
02/10/2022,BOS,MA,ANE,EN,Towers with Radar,788,114,14,0,916,0,8,3,0,11,788,122,17,0,927,0,0,0,927
02/11/2022,BOS,MA,ANE,EN,Towers with Radar,797,77,7,0,881,0,33,16,2,51,797,110,23,2,932,0,0,0,932
02/12/2022,BOS,MA,ANE,EN,Towers with Radar,616,62,11,0,689,0,24,14,0,38,616,86,25,0,727,0,0,0,727
02/13/2022,BOS,MA,ANE,EN,Towers with Radar,629,103,1,0,733,0,0,0,0,0,629,103,1,0,733,0,0,0,733
02/14/2022,BOS,MA,ANE,EN,Towers with Radar,769,103,20,1,893,0,16,14,0,30,769,119,34,1,923,0,0,0,923
02/15/2022,BOS,MA,ANE,EN,Towers with Radar,746,84,23,1,854,0,33,10,0,43,746,117,33,1,897,0,0,0,897
02/16/2022,BOS,MA,ANE,EN,Towers with Radar,770,95,24,0,889,0,25,7,0,32,770,120,31,0,921,0,0,0,921
02/17/2022,BOS,MA,ANE,EN,Towers with Radar,836,69,25,0,930,0,16,0,0,16,836,85,25,0,946,0,0,0,946
02/18/2022,BOS,MA,ANE,EN,Towers with Radar,862,89,12,0,963,0,20,4,2,26,862,109,16,2,989,0,0,0,989
02/19/2022,BOS,MA,ANE,EN,Towers with Radar,700,86,26,0,812,0,12,2,0,14,700,98,28,0,826,0,0,0,826
02/20/2022,BOS,MA,ANE,EN,Towers with Radar,760,69,20,0,849,0,39,18,0,57,760,108,38,0,906,0,0,0,906
02/21/2022,BOS,MA,ANE,EN,Towers with Radar,834,61,16,0,911,0,34,20,0,54,834,95,36,0,965,0,0,0,965
02/22/2022,BOS,MA,ANE,EN,Towers with Radar,836,103,13,0,952,0,0,0,0,0,836,103,13,0,952,0,0,0,952
02/23/2022,BOS,MA,ANE,EN,Towers with Radar,835,87,21,0,943,0,19,1,0,20,835,106,22,0,963,0,0,0,963
02/24/2022,BOS,MA,ANE,EN,Towers with Radar,764,91,28,0,883,0,37,2,0,39,764,128,30,0,922,0,0,0,922
02/25/2022,BOS,MA,ANE,EN,Towers with Radar,290,11,11,0,312,0,0,0,0,0,290,11,11,0,312,0,0,0,312
02/26/2022,BOS,MA,ANE,EN,Towers with Radar,716,81,21,0,818,0,33,15,0,48,716,114,36,0,866,0,0,0,866
02/27/2022,BOS,MA,ANE,EN,Towers with Radar,830,114,34,0,978,0,40,2,2,44,830,154,36,2,1022,0,0,0,1022
02/28/2022,BOS,MA,ANE,EN,Towers with Radar,850,88,22,0,960,0,35,2,0,37,850,123,24,0,997,0,0,0,997
03/01/2022,BOS,MA,ANE,EN,Towers with Radar,806,90,32,0,928,0,18,11,4,33,806,108,43,4,961,0,0,0,961
03/02/2022,BOS,MA,ANE,EN,Towers with Radar,809,94,31,0,934,0,24,11,0,35,809,118,42,0,969,0,0,0,969
03/03/2022,BOS,MA,ANE,EN,Towers with Radar,836,124,17,0,977,0,20,7,2,29,836,144,24,2,1006,0,0,0,1006
03/04/2022,BOS,MA,ANE,EN,Towers with Radar,828,79,19,0,926,0,34,6,2,42,828,113,25,2,968,0,0,0,968
03/05/2022,BOS,MA,ANE,EN,Towers with Radar,668,60,13,0,741,0,38,12,0,50,668,98,25,0,791,0,0,0,791
03/06/2022,BOS,MA,ANE,EN,Towers with Radar,809,75,20,0,904,0,4,4,0,8,809,79,24,0,912,0,0,0,912
03/07/2022,BOS,MA,ANE,EN,Towers with Radar,811,94,25,0,930,0,16,1,1,18,811,110,26,1,948,0,0,0,948
03/08/2022,BOS,MA,ANE,EN,Towers with Radar,835,93,30,0,958,0,29,8,2,39,835,122,38,2,997,0,0,0,997
03/09/2022,BOS,MA,ANE,EN,Towers with Radar,773,110,26,0,909,0,13,0,0,13,773,123,26,0,922,0,0,0,922
03/10/2022,BOS,MA,ANE,EN,Towers with Radar,865,110,31,0,1006,0,30,2,0,32,865,140,33,0,1038,0,0,0,1038
03/11/2022,BOS,MA,ANE,EN,Towers with Radar,858,87,48,0,993,0,32,12,0,44,858,119,60,0,1037,0,0,0,1037
03/12/2022,BOS,MA,ANE,EN,Towers with Radar,623,49,14,0,686,0,0,0,0,0,623,49,14,0,686,0,0,0,686
03/13/2022,BOS,MA,ANE,EN,Towers with Radar,783,76,34,0,893,0,31,2,2,35,783,107,36,2,928,0,0,0,928
03/14/2022,BOS,MA,ANE,EN,Towers with Radar,830,104,15,0,949,0,28,6,5,39,830,132,21,5,988,0,0,0,988
03/15/2022,BOS,MA,ANE,EN,Towers with Radar,836,84,29,0,949,0,27,7,0,34,836,111,36,0,983,0,0,0,983
03/16/2022,BOS,MA,ANE,EN,Towers with Radar,831,91,41,1,964,0,17,6,0,23,831,108,47,1,987,0,0,0,987
03/17/2022,BOS,MA,ANE,EN,Towers with Radar,803,84,19,1,907,0,0,0,0,0,803,84,19,1,907,0,0,0,907
03/18/2022,BOS,MA,ANE,EN,Towers with Radar,833,111,27,0,971,0,17,12,0,29,833,128,39,0,1000,0,0,0,1000
03/19/2022,BOS,MA,ANE,EN,Towers with Radar,718,70,20,0,808,0,0,0,0,0,718,70,20,0,808,0,0,0,808
03/20/2022,BOS,MA,ANE,EN,Towers with Radar,835,119,24,0,978,0,5,15,0,20,835,124,39,0,998,0,0,0,998
03/21/2022,BOS,MA,ANE,EN,Towers with Radar,845,107,11,0,963,0,31,9,0,40,845,138,20,0,1003,0,0,0,1003
03/22/2022,BOS,MA,ANE,EN,Towers with Radar,837,82,12,0,931,0,36,9,0,45,837,118,21,0,976,0,0,0,976
03/23/2022,BOS,MA,ANE,EN,Towers with Radar,835,93,16,1,945,0,39,25,0,64,835,132,41,1,1009,0,0,0,1009
03/24/2022,BOS,MA,ANE,EN,Towers with Radar,852,112,19,0,983,0,0,0,0,0,852,112,19,0,983,0,0,0,983
03/25/2022,BOS,MA,ANE,EN,Towers with Radar,870,111,26,0,1007,0,19,7,0,26,870,130,33,0,1033,0,0,0,1033
03/26/2022,BOS,MA,ANE,EN,Towers with Radar,708,78,17,0,803,0,22,5,3,30,708,100,22,3,833,0,0,0,833
03/27/2022,BOS,MA,ANE,EN,Towers with Radar,841,120,24,1,986,0,30,7,0,37,841,150,31,1,1023,0,0,0,1023
03/28/2022,BOS,MA,ANE,EN,Towers with Radar,850,112,25,0,987,0,13,2,0,15,850,125,27,0,1002,0,0,0,1002
03/29/2022,BOS,MA,ANE,EN,Towers with Radar,867,91,31,0,989,0,21,12,4,37,867,112,43,4,1026,0,0,0,1026
03/30/2022,BOS,MA,ANE,EN,Towers with Radar,845,84,37,1,967,0,36,16,0,52,845,120,53,1,1019,0,0,0,1019
03/31/2022,BOS,MA,ANE,EN,Towers with Radar,853,104,30,0,987,0,0,0,0,0,853,104,30,0,987,0,0,0,987
04/01/2022,BOS,MA,ANE,EN,Towers with Radar,863,124,21,0,1008,0,12,4,0,16,863,136,25,0,1024,0,0,0,1024
04/02/2022,BOS,MA,ANE,EN,Towers with Radar,616,68,14,0,698,0,40,26,0,66,616,108,40,0,764,0,0,0,764
04/03/2022,BOS,MA,ANE,EN,Towers with Radar,763,90,24,0,877,0,47,6,0,53,763,137,30,0,930,0,0,0,930
04/04/2022,BOS,MA,ANE,EN,Towers with Radar,833,110,29,1,973,0,36,17,0,53,833,146,46,1,1026,0,0,0,1026
04/05/2022,BOS,MA,ANE,EN,Towers with Radar,880,79,27,1,987,0,59,19,2,80,880,138,46,3,1067,0,0,0,1067
04/06/2022,BOS,MA,ANE,EN,Towers with Radar,898,151,35,1,1085,0,0,0,0,0,898,151,35,1,1085,0,0,0,1085
04/07/2022,BOS,MA,ANE,EN,Towers with Radar,874,132,40,0,1046,0,20,2,2,24,874,152,42,2,1070,0,0,0,1070
04/08/2022,BOS,MA,ANE,EN,Towers with Radar,890,133,27,1,1051,0,15,15,0,30,890,148,42,1,1081,0,0,0,1081
04/09/2022,BOS,MA,ANE,EN,Towers with Radar,695,105,15,3,818,0,26,14,0,40,695,131,29,3,858,0,0,0,858
04/10/2022,BOS,MA,ANE,EN,Towers with Radar,847,101,30,0,978,0,42,15,0,57,847,143,45,0,1035,0,0,0,1035
04/11/2022,BOS,MA,ANE,EN,Towers with Radar,901,84,32,0,1017,0,65,21,2,88,901,149,53,2,1105,0,0,0,1105
04/12/2022,BOS,MA,ANE,EN,Towers with Radar,897,121,28,0,1046,0,29,19,2,50,897,150,47,2,1096,0,0,0,1096
04/13/2022,BOS,MA,ANE,EN,Towers with Radar,907,107,39,0,1053,0,48,14,0,62,907,155,53,0,1115,0,0,0,1115
04/14/2022,BOS,MA,ANE,EN,Towers with Radar,946,139,43,0,1128,0,0,0,0,0,946,139,43,0,1128,0,0,0,1128
04/15/2022,BOS,MA,ANE,EN,Towers with Radar,934,110,27,0,1071,0,57,12,0,69,934,167,39,0,1140,0,0,0,1140
04/16/2022,BOS,MA,ANE,EN,Towers with Radar,770,61,18,1,850,0,36,10,2,48,770,97,28,3,898,0,0,0,898
04/17/2022,BOS,MA,ANE,EN,Towers with Radar,888,101,19,0,1008,0,39,12,0,51,888,140,31,0,1059,0,0,0,1059
04/18/2022,BOS,MA,ANE,EN,Towers with Radar,912,80,33,0,1025,0,44,13,0,57,912,124,46,0,1082,0,0,0,1082
04/19/2022,BOS,MA,ANE,EN,Towers with Radar,906,105,34,0,1045,0,5,0,0,5,906,110,34,0,1050,0,0,0,1050
04/20/2022,BOS,MA,ANE,EN,Towers with Radar,944,103,38,0,1085,0,43,10,0,53,944,146,48,0,1138,0,0,0,1138
04/21/2022,BOS,MA,ANE,EN,Towers with Radar,966,108,18,0,1092,0,50,14,0,64,966,158,32,0,1156,0,0,0,1156
04/22/2022,BOS,MA,ANE,EN,Towers with Radar,959,93,19,0,1071,0,49,16,4,69,959,142,35,4,1140,0,0,0,1140
04/23/2022,BOS,MA,ANE,EN,Towers with Radar,770,79,20,1,870,0,56,32,0,88,770,135,52,1,958,0,0,0,958
04/24/2022,BOS,MA,ANE,EN,Towers with Radar,897,94,28,1,1020,0,55,21,2,78,897,149,49,3,1098,0,0,0,1098
04/25/2022,BOS,MA,ANE,EN,Towers with Radar,942,92,11,2,1047,0,58,11,0,69,942,150,22,2,1116,0,0,0,1116
04/26/2022,BOS,MA,ANE,EN,Towers with Radar,926,133,31,0,1090,0,5,1,0,6,926,138,32,0,1096,0,0,0,1096
04/27/2022,BOS,MA,ANE,EN,Towers with Radar,939,140,35,0,1114,0,16,14,0,30,939,156,49,0,1144,0,0,0,1144
04/28/2022,BOS,MA,ANE,EN,Towers with Radar,967,120,27,0,1114,0,31,6,0,37,967,151,33,0,1151,0,0,0,1151
04/29/2022,BOS,MA,ANE,EN,Towers with Radar,945,102,35,5,1087,0,50,7,0,57,945,152,42,5,1144,0,0,0,1144
04/30/2022,BOS,MA,ANE,EN,Towers with Radar,773,74,16,1,864,0,47,19,3,69,773,121,35,4,933,0,0,0,933
05/01/2022,BOS,MA,ANE,EN,Towers with Radar,885,95,24,0,1004,0,70,27,0,97,885,165,51,0,1101,0,0,0,1101
05/02/2022,BOS,MA,ANE,EN,Towers with Radar,945,105,33,0,1083,0,47,4,1,52,945,152,37,1,1135,0,0,0,1135
05/03/2022,BOS,MA,ANE,EN,Towers with Radar,939,154,42,0,1135,0,8,4,0,12,939,162,46,0,1147,0,0,0,1147
05/04/2022,BOS,MA,ANE,EN,Towers with Radar,917,163,37,0,1117,0,0,0,0,0,917,163,37,0,1117,0,0,0,1117
05/05/2022,BOS,MA,ANE,EN,Towers with Radar,965,127,29,2,1123,0,54,7,0,61,965,181,36,2,1184,0,0,0,1184
05/06/2022,BOS,MA,ANE,EN,Towers with Radar,954,98,19,1,1072,0,51,8,0,59,954,149,27,1,1131,0,0,0,1131
05/07/2022,BOS,MA,ANE,EN,Towers with Radar,751,87,17,1,856,0,13,0,0,13,751,100,17,1,869,0,0,0,869
05/08/2022,BOS,MA,ANE,EN,Towers with Radar,900,88,20,2,1010,0,51,20,0,71,900,139,40,2,1081,0,0,0,1081
05/09/2022,BOS,MA,ANE,EN,Towers with Radar,963,77,29,0,1069,0,58,13,0,71,963,135,42,0,1140,0,0,0,1140
05/10/2022,BOS,MA,ANE,EN,Towers with Radar,929,89,36,0,1054,0,51,14,0,65,929,140,50,0,1119,0,0,0,1119
05/11/2022,BOS,MA,ANE,EN,Towers with Radar,934,154,48,2,1138,0,13,11,1,25,934,167,59,3,1163,0,0,0,1163
05/12/2022,BOS,MA,ANE,EN,Towers with Radar,966,156,32,0,1154,0,0,0,0,0,966,156,32,0,1154,0,0,0,1154
05/13/2022,BOS,MA,ANE,EN,Towers with Radar,983,165,30,0,1178,0,9,9,0,18,983,174,39,0,1196,0,0,0,1196
05/14/2022,BOS,MA,ANE,EN,Towers with Radar,766,111,10,0,887,0,33,32,0,65,766,144,42,0,952,0,0,0,952
05/15/2022,BOS,MA,ANE,EN,Towers with Radar,924,153,32,0,1109,0,13,8,0,21,924,166,40,0,1130,0,0,0,1130
05/16/2022,BOS,MA,ANE,EN,Towers with Radar,906,138,28,0,1072,0,16,4,1,21,906,154,32,1,1093,0,0,0,1093
05/17/2022,BOS,MA,ANE,EN,Towers with Radar,919,116,40,0,1075,0,33,9,0,42,919,149,49,0,1117,0,0,0,1117
05/18/2022,BOS,MA,ANE,EN,Towers with Radar,953,115,38,2,1108,0,53,7,0,60,953,168,45,2,1168,0,0,0,1168
05/19/2022,BOS,MA,ANE,EN,Towers with Radar,980,201,33,1,1215,0,9,3,0,12,980,210,36,1,1227,0,0,0,1227
05/20/2022,BOS,MA,ANE,EN,Towers with Radar,934,166,36,1,1137,0,16,14,2,32,934,182,50,3,1169,0,0,0,1169
05/21/2022,BOS,MA,ANE,EN,Towers with Radar,749,146,26,1,922,0,4,3,0,7,749,150,29,1,929,0,0,0,929
05/22/2022,BOS,MA,ANE,EN,Towers with Radar,818,141,36,1,996,0,47,21,0,68,818,188,57,1,1064,0,0,0,1064
05/23/2022,BOS,MA,ANE,EN,Towers with Radar,963,179,53,1,1196,0,40,18,0,58,963,219,71,1,1254,0,0,0,1254
05/24/2022,BOS,MA,ANE,EN,Towers with Radar,940,154,48,1,1143,1,62,16,0,79,941,216,64,1,1222,0,0,0,1222
05/25/2022,BOS,MA,ANE,EN,Towers with Radar,941,146,32,3,1122,0,60,4,6,70,941,206,36,9,1192,0,0,0,1192
05/26/2022,BOS,MA,ANE,EN,Towers with Radar,999,128,46,2,1175,0,66,20,1,87,999,194,66,3,1262,0,0,0,1262
05/27/2022,BOS,MA,ANE,EN,Towers with Radar,914,177,49,1,1141,0,4,1,2,7,914,181,50,3,1148,0,0,0,1148
05/28/2022,BOS,MA,ANE,EN,Towers with Radar,763,129,30,1,923,0,1,3,0,4,763,130,33,1,927,0,0,0,927
05/29/2022,BOS,MA,ANE,EN,Towers with Radar,866,76,22,3,967,0,59,15,0,74,866,135,37,3,1041,0,0,0,1041
05/30/2022,BOS,MA,ANE,EN,Towers with Radar,947,101,10,0,1058,0,64,14,1,79,947,165,24,1,1137,0,0,0,1137
05/31/2022,BOS,MA,ANE,EN,Towers with Radar,922,130,27,0,1079,0,38,8,6,52,922,168,35,6,1131,0,0,0,1131
06/01/2022,BOS,MA,ANE,EN,Towers with Radar,921,129,49,0,1099,0,15,4,0,19,921,144,53,0,1118,0,0,0,1118
06/02/2022,BOS,MA,ANE,EN,Towers with Radar,894,181,53,0,1128,0,1,4,0,5,894,182,57,0,1133,0,0,0,1133
06/03/2022,BOS,MA,ANE,EN,Towers with Radar,958,153,37,0,1148,0,2,3,0,5,958,155,40,0,1153,0,0,0,1153
06/04/2022,BOS,MA,ANE,EN,Towers with Radar,745,127,13,0,885,0,9,17,1,27,745,136,30,1,912,0,0,0,912
06/05/2022,BOS,MA,ANE,EN,Towers with Radar,901,128,19,0,1048,0,68,23,2,93,901,196,42,2,1141,0,0,0,1141
06/06/2022,BOS,MA,ANE,EN,Towers with Radar,964,137,42,0,1143,0,52,18,4,74,964,189,60,4,1217,0,0,0,1217
06/07/2022,BOS,MA,ANE,EN,Towers with Radar,956,125,61,0,1142,0,52,23,0,75,956,177,84,0,1217,0,0,0,1217
06/08/2022,BOS,MA,ANE,EN,Towers with Radar,938,168,77,0,1183,0,19,13,0,32,938,187,90,0,1215,0,0,0,1215
06/09/2022,BOS,MA,ANE,EN,Towers with Radar,977,160,69,0,1206,0,13,1,0,14,977,173,70,0,1220,0,0,0,1220
06/10/2022,BOS,MA,ANE,EN,Towers with Radar,974,115,18,4,1111,0,53,22,0,75,974,168,40,4,1186,0,0,0,1186
06/11/2022,BOS,MA,ANE,EN,Towers with Radar,779,87,24,0,890,0,54,24,2,80,779,141,48,2,970,0,0,0,970
06/12/2022,BOS,MA,ANE,EN,Towers with Radar,865,141,45,0,1051,0,45,8,0,53,865,186,53,0,1104,0,0,0,1104
06/13/2022,BOS,MA,ANE,EN,Towers with Radar,938,138,42,0,1118,0,27,16,0,43,938,165,58,0,1161,0,0,0,1161
06/14/2022,BOS,MA,ANE,EN,Towers with Radar,941,126,27,0,1094,0,55,15,6,76,941,181,42,6,1170,0,0,0,1170
06/15/2022,BOS,MA,ANE,EN,Towers with Radar,953,144,42,0,1139,0,24,12,4,40,953,168,54,4,1179,0,0,0,1179
06/16/2022,BOS,MA,ANE,EN,Towers with Radar,787,156,67,1,1011,0,57,23,1,81,787,213,90,2,1092,0,0,0,1092
06/17/2022,BOS,MA,ANE,EN,Towers with Radar,896,225,52,0,1173,0,22,8,0,30,896,247,60,0,1203,0,0,0,1203
06/18/2022,BOS,MA,ANE,EN,Towers with Radar,772,92,36,0,900,0,53,9,0,62,772,145,45,0,962,0,0,0,962
06/19/2022,BOS,MA,ANE,EN,Towers with Radar,889,153,37,0,1079,0,30,19,0,49,889,183,56,0,1128,0,0,0,1128
06/20/2022,BOS,MA,ANE,EN,Towers with Radar,963,130,30,0,1123,0,72,13,4,89,963,202,43,4,1212,0,0,0,1212
06/21/2022,BOS,MA,ANE,EN,Towers with Radar,956,123,37,0,1116,0,63,12,0,75,956,186,49,0,1191,0,0,0,1191
06/22/2022,BOS,MA,ANE,EN,Towers with Radar,828,163,28,0,1019,0,13,5,0,18,828,176,33,0,1037,0,0,0,1037
06/23/2022,BOS,MA,ANE,EN,Towers with Radar,962,178,64,0,1204,0,48,22,0,70,962,226,86,0,1274,0,0,0,1274
06/24/2022,BOS,MA,ANE,EN,Towers with Radar,948,157,34,2,1141,0,65,15,0,80,948,222,49,2,1221,0,0,0,1221
06/25/2022,BOS,MA,ANE,EN,Towers with Radar,793,84,17,0,894,0,61,27,4,92,793,145,44,4,986,0,0,0,986
06/26/2022,BOS,MA,ANE,EN,Towers with Radar,889,137,46,1,1073,0,64,30,0,94,889,201,76,1,1167,0,0,0,1167
06/27/2022,BOS,MA,ANE,EN,Towers with Radar,918,141,24,1,1084,0,21,2,0,23,918,162,26,1,1107,0,0,0,1107
06/28/2022,BOS,MA,ANE,EN,Towers with Radar,943,109,32,0,1084,0,66,24,3,93,943,175,56,3,1177,0,0,0,1177
06/29/2022,BOS,MA,ANE,EN,Towers with Radar,947,119,36,0,1102,0,67,3,0,70,947,186,39,0,1172,0,0,0,1172
06/30/2022,BOS,MA,ANE,EN,Towers with Radar,984,155,31,0,1170,0,74,10,3,87,984,229,41,3,1257,0,0,0,1257
07/01/2022,BOS,MA,ANE,EN,Towers with Radar,963,141,33,1,1138,0,76,21,0,97,963,217,54,1,1235,0,0,0,1235
07/02/2022,BOS,MA,ANE,EN,Towers with Radar,793,135,8,0,936,0,23,2,0,25,793,158,10,0,961,0,0,0,961
07/03/2022,BOS,MA,ANE,EN,Towers with Radar,842,118,19,0,979,0,53,15,0,68,842,171,34,0,1047,0,0,0,1047
07/04/2022,BOS,MA,ANE,EN,Towers with Radar,888,100,4,0,992,0,87,10,2,99,888,187,14,2,1091,0,0,0,1091
07/05/2022,BOS,MA,ANE,EN,Towers with Radar,917,111,20,0,1048,0,58,9,0,67,917,169,29,0,1115,0,0,0,1115
07/06/2022,BOS,MA,ANE,EN,Towers with Radar,922,143,23,0,1088,0,33,5,4,42,922,176,28,4,1130,0,0,0,1130
07/07/2022,BOS,MA,ANE,EN,Towers with Radar,951,125,22,0,1098,0,90,10,4,104,951,215,32,4,1202,0,0,0,1202
07/08/2022,BOS,MA,ANE,EN,Towers with Radar,953,130,18,0,1101,0,75,8,2,85,953,205,26,2,1186,0,0,0,1186
07/09/2022,BOS,MA,ANE,EN,Towers with Radar,782,88,10,0,880,0,83,31,2,116,782,171,41,2,996,0,0,0,996
07/10/2022,BOS,MA,ANE,EN,Towers with Radar,937,133,20,1,1091,0,64,14,0,78,937,197,34,1,1169,0,0,0,1169
07/11/2022,BOS,MA,ANE,EN,Towers with Radar,995,121,26,0,1142,0,71,15,3,89,995,192,41,3,1231,0,0,0,1231
07/12/2022,BOS,MA,ANE,EN,Towers with Radar,953,105,22,2,1082,0,55,11,4,70,953,160,33,6,1152,0,0,0,1152
07/13/2022,BOS,MA,ANE,EN,Towers with Radar,997,117,29,0,1143,0,59,21,2,82,997,176,50,2,1225,0,0,0,1225
07/14/2022,BOS,MA,ANE,EN,Towers with Radar,1019,197,42,0,1258,0,38,17,3,58,1019,235,59,3,1316,0,0,0,1316
07/15/2022,BOS,MA,ANE,EN,Towers with Radar,997,141,36,1,1175,0,79,33,2,114,997,220,69,3,1289,0,0,0,1289
07/16/2022,BOS,MA,ANE,EN,Towers with Radar,797,105,10,1,913,0,86,35,0,121,797,191,45,1,1034,0,0,0,1034
07/17/2022,BOS,MA,ANE,EN,Towers with Radar,935,160,28,0,1123,0,46,19,0,65,935,206,47,0,1188,0,0,0,1188
07/18/2022,BOS,MA,ANE,EN,Towers with Radar,928,173,20,0,1121,0,23,3,0,26,928,196,23,0,1147,0,0,0,1147
07/19/2022,BOS,MA,ANE,EN,Towers with Radar,1011,135,35,1,1182,0,57,15,0,72,1011,192,50,1,1254,0,0,0,1254
07/20/2022,BOS,MA,ANE,EN,Towers with Radar,985,141,29,0,1155,0,52,18,0,70,985,193,47,0,1225,0,0,0,1225
07/21/2022,BOS,MA,ANE,EN,Towers with Radar,1004,154,32,0,1190,0,35,10,0,45,1004,189,42,0,1235,0,0,0,1235
07/22/2022,BOS,MA,ANE,EN,Towers with Radar,1023,139,33,0,1195,0,82,30,0,112,1023,221,63,0,1307,0,0,0,1307
07/23/2022,BOS,MA,ANE,EN,Towers with Radar,795,106,21,0,922,0,83,24,0,107,795,189,45,0,1029,0,0,0,1029
07/24/2022,BOS,MA,ANE,EN,Towers with Radar,929,134,25,0,1088,0,46,26,0,72,929,180,51,0,1160,0,0,0,1160
07/25/2022,BOS,MA,ANE,EN,Towers with Radar,910,137,19,0,1066,0,30,0,0,30,910,167,19,0,1096,0,0,0,1096
07/26/2022,BOS,MA,ANE,EN,Towers with Radar,964,120,38,0,1122,0,71,12,1,84,964,191,50,1,1206,0,0,0,1206
07/27/2022,BOS,MA,ANE,EN,Towers with Radar,975,125,34,0,1134,0,62,17,2,81,975,187,51,2,1215,0,0,0,1215
07/28/2022,BOS,MA,ANE,EN,Towers with Radar,934,155,38,1,1128,0,40,15,0,55,934,195,53,1,1183,0,0,0,1183
07/29/2022,BOS,MA,ANE,EN,Towers with Radar,1015,150,15,1,1181,0,65,17,3,85,1015,215,32,4,1266,0,0,0,1266
07/30/2022,BOS,MA,ANE,EN,Towers with Radar,806,118,18,1,943,0,56,21,3,80,806,174,39,4,1023,0,0,0,1023
07/31/2022,BOS,MA,ANE,EN,Towers with Radar,934,130,25,0,1089,0,77,23,0,100,934,207,48,0,1189,0,0,0,1189
08/01/2022,BOS,MA,ANE,EN,Towers with Radar,974,144,31,0,1149,0,56,13,2,71,974,200,44,2,1220,0,0,0,1220
08/02/2022,BOS,MA,ANE,EN,Towers with Radar,980,146,40,0,1166,0,43,8,0,51,980,189,48,0,1217,0,0,0,1217
08/03/2022,BOS,MA,ANE,EN,Towers with Radar,955,126,25,3,1109,0,59,19,0,78,955,185,44,3,1187,0,0,0,1187
08/04/2022,BOS,MA,ANE,EN,Towers with Radar,944,166,25,7,1142,0,33,22,0,55,944,199,47,7,1197,0,0,0,1197
08/05/2022,BOS,MA,ANE,EN,Towers with Radar,882,143,24,0,1049,0,54,12,0,66,882,197,36,0,1115,0,0,0,1115
08/06/2022,BOS,MA,ANE,EN,Towers with Radar,785,127,11,0,923,0,44,18,0,62,785,171,29,0,985,0,0,0,985
08/07/2022,BOS,MA,ANE,EN,Towers with Radar,891,149,23,0,1063,0,59,19,0,78,891,208,42,0,1141,0,0,0,1141
08/08/2022,BOS,MA,ANE,EN,Towers with Radar,966,125,33,0,1124,0,75,24,0,99,966,200,57,0,1223,0,0,0,1223
08/09/2022,BOS,MA,ANE,EN,Towers with Radar,975,136,19,0,1130,0,31,6,0,37,975,167,25,0,1167,0,0,0,1167
08/10/2022,BOS,MA,ANE,EN,Towers with Radar,936,198,49,0,1183,0,12,3,1,16,936,210,52,1,1199,0,0,0,1199
08/11/2022,BOS,MA,ANE,EN,Towers with Radar,997,196,41,0,1234,0,21,5,1,27,997,217,46,1,1261,0,0,0,1261
08/12/2022,BOS,MA,ANE,EN,Towers with Radar,993,153,24,0,1170,0,53,20,0,73,993,206,44,0,1243,0,0,0,1243
08/13/2022,BOS,MA,ANE,EN,Towers with Radar,810,112,18,0,940,0,66,23,0,89,810,178,41,0,1029,0,0,0,1029
08/14/2022,BOS,MA,ANE,EN,Towers with Radar,939,129,16,0,1084,0,75,29,1,105,939,204,45,1,1189,0,0,0,1189
08/15/2022,BOS,MA,ANE,EN,Towers with Radar,968,119,26,0,1113,0,75,20,0,95,968,194,46,0,1208,0,0,0,1208
08/16/2022,BOS,MA,ANE,EN,Towers with Radar,972,129,23,0,1124,0,58,14,1,73,972,187,37,1,1197,0,0,0,1197
08/17/2022,BOS,MA,ANE,EN,Towers with Radar,961,161,22,0,1144,0,31,8,0,39,961,192,30,0,1183,0,0,0,1183
08/18/2022,BOS,MA,ANE,EN,Towers with Radar,978,165,17,0,1160,0,56,15,0,71,978,221,32,0,1231,0,0,0,1231
08/19/2022,BOS,MA,ANE,EN,Towers with Radar,981,109,23,0,1113,0,82,24,0,106,981,191,47,0,1219,0,0,0,1219
08/20/2022,BOS,MA,ANE,EN,Towers with Radar,841,125,18,0,984,0,92,39,0,131,841,217,57,0,1115,0,0,0,1115
08/21/2022,BOS,MA,ANE,EN,Towers with Radar,915,161,28,0,1104,0,75,20,0,95,915,236,48,0,1199,0,0,0,1199
08/22/2022,BOS,MA,ANE,EN,Towers with Radar,947,179,15,0,1141,0,0,0,0,0,947,179,15,0,1141,0,0,0,1141
08/23/2022,BOS,MA,ANE,EN,Towers with Radar,960,192,16,2,1170,0,3,0,0,3,960,195,16,2,1173,0,0,0,1173
08/24/2022,BOS,MA,ANE,EN,Towers with Radar,1004,173,33,0,1210,0,24,5,19,48,1004,197,38,19,1258,0,0,0,1258
08/25/2022,BOS,MA,ANE,EN,Towers with Radar,1000,172,27,2,1201,0,79,18,1,98,1000,251,45,3,1299,0,0,0,1299
08/26/2022,BOS,MA,ANE,EN,Towers with Radar,914,132,32,0,1078,0,39,2,2,43,914,171,34,2,1121,0,0,0,1121
08/27/2022,BOS,MA,ANE,EN,Towers with Radar,834,151,25,0,1010,0,22,21,0,43,834,173,46,0,1053,0,0,0,1053
08/28/2022,BOS,MA,ANE,EN,Towers with Radar,917,159,27,0,1103,0,43,23,0,66,917,202,50,0,1169,0,0,0,1169
08/29/2022,BOS,MA,ANE,EN,Towers with Radar,950,169,23,0,1142,0,48,26,4,78,950,217,49,4,1220,0,0,0,1220
08/30/2022,BOS,MA,ANE,EN,Towers with Radar,938,139,27,2,1106,0,42,13,2,57,938,181,40,4,1163,0,0,0,1163
08/31/2022,BOS,MA,ANE,EN,Towers with Radar,969,148,35,0,1152,0,36,11,2,49,969,184,46,2,1201,0,0,0,1201
09/01/2022,BOS,MA,ANE,EN,Towers with Radar,995,151,17,0,1163,0,67,13,2,82,995,218,30,2,1245,0,0,0,1245
09/02/2022,BOS,MA,ANE,EN,Towers with Radar,981,120,24,0,1125,0,91,12,0,103,981,211,36,0,1228,0,0,0,1228
09/03/2022,BOS,MA,ANE,EN,Towers with Radar,797,103,7,0,907,0,67,17,0,84,797,170,24,0,991,0,0,0,991
09/04/2022,BOS,MA,ANE,EN,Towers with Radar,833,116,15,1,965,0,60,10,0,70,833,176,25,1,1035,0,0,0,1035
09/05/2022,BOS,MA,ANE,EN,Towers with Radar,938,214,15,3,1170,0,1,1,0,2,938,215,16,3,1172,0,0,0,1172
09/06/2022,BOS,MA,ANE,EN,Towers with Radar,948,176,37,0,1161,0,0,0,0,0,948,176,37,0,1161,0,0,0,1161
09/07/2022,BOS,MA,ANE,EN,Towers with Radar,927,220,54,0,1201,0,12,3,0,15,927,232,57,0,1216,0,0,0,1216
09/08/2022,BOS,MA,ANE,EN,Towers with Radar,957,231,42,2,1232,0,37,9,2,48,957,268,51,4,1280,0,0,0,1280
09/09/2022,BOS,MA,ANE,EN,Towers with Radar,961,189,30,2,1182,0,36,22,4,62,961,225,52,6,1244,0,0,0,1244
09/10/2022,BOS,MA,ANE,EN,Towers with Radar,771,121,14,1,907,0,59,40,0,99,771,180,54,1,1006,0,0,0,1006
09/11/2022,BOS,MA,ANE,EN,Towers with Radar,925,173,30,1,1129,0,76,24,0,100,925,249,54,1,1229,0,0,0,1229
09/12/2022,BOS,MA,ANE,EN,Towers with Radar,951,156,19,3,1129,0,1,0,0,1,951,157,19,3,1130,0,0,0,1130
09/13/2022,BOS,MA,ANE,EN,Towers with Radar,939,164,31,2,1136,0,0,0,0,0,939,164,31,2,1136,0,0,0,1136
09/14/2022,BOS,MA,ANE,EN,Towers with Radar,953,179,41,0,1173,0,54,15,2,71,953,233,56,2,1244,0,0,0,1244
09/15/2022,BOS,MA,ANE,EN,Towers with Radar,991,183,57,1,1232,0,71,18,0,89,991,254,75,1,1321,0,0,0,1321
09/16/2022,BOS,MA,ANE,EN,Towers with Radar,970,151,35,0,1156,0,77,13,0,90,970,228,48,0,1246,0,0,0,1246
09/17/2022,BOS,MA,ANE,EN,Towers with Radar,767,129,26,0,922,0,62,18,0,80,767,191,44,0,1002,0,0,0,1002
09/18/2022,BOS,MA,ANE,EN,Towers with Radar,901,173,29,0,1103,0,76,17,0,93,901,249,46,0,1196,0,0,0,1196
09/19/2022,BOS,MA,ANE,EN,Towers with Radar,944,185,31,0,1160,0,0,0,0,0,944,185,31,0,1160,0,0,0,1160
09/20/2022,BOS,MA,ANE,EN,Towers with Radar,965,177,48,0,1190,0,0,0,0,0,965,177,48,0,1190,0,0,0,1190
09/21/2022,BOS,MA,ANE,EN,Towers with Radar,937,191,58,2,1188,0,20,22,0,42,937,211,80,2,1230,0,0,0,1230
09/22/2022,BOS,MA,ANE,EN,Towers with Radar,933,112,28,0,1073,0,4,9,1,14,933,116,37,1,1087,0,0,0,1087
09/23/2022,BOS,MA,ANE,EN,Towers with Radar,996,220,33,0,1249,0,27,19,1,47,996,247,52,1,1296,0,0,0,1296
09/24/2022,BOS,MA,ANE,EN,Towers with Radar,773,100,21,0,894,0,63,29,4,96,773,163,50,4,990,0,0,0,990
09/25/2022,BOS,MA,ANE,EN,Towers with Radar,903,170,18,0,1091,0,76,12,0,88,903,246,30,0,1179,0,0,0,1179
09/26/2022,BOS,MA,ANE,EN,Towers with Radar,964,149,23,0,1136,0,24,10,0,34,964,173,33,0,1170,0,0,0,1170
09/27/2022,BOS,MA,ANE,EN,Towers with Radar,941,141,30,2,1114,0,34,10,0,44,941,175,40,2,1158,0,0,0,1158
09/28/2022,BOS,MA,ANE,EN,Towers with Radar,907,141,48,0,1096,0,40,12,0,52,907,181,60,0,1148,0,0,0,1148
09/29/2022,BOS,MA,ANE,EN,Towers with Radar,933,171,43,1,1148,0,48,11,2,61,933,219,54,3,1209,0,0,0,1209
09/30/2022,BOS,MA,ANE,EN,Towers with Radar,927,183,24,0,1134,0,42,35,1,78,927,225,59,1,1212,0,0,0,1212
10/01/2022,BOS,MA,ANE,EN,Towers with Radar,768,148,11,0,927,0,4,2,0,6,768,152,13,0,933,0,0,0,933
10/02/2022,BOS,MA,ANE,EN,Towers with Radar,900,215,15,0,1130,0,7,3,0,10,900,222,18,0,1140,0,0,0,1140
10/03/2022,BOS,MA,ANE,EN,Towers with Radar,950,137,38,0,1125,0,42,15,4,61,950,179,53,4,1186,0,0,0,1186
10/04/2022,BOS,MA,ANE,EN,Towers with Radar,923,136,20,0,1079,0,0,2,0,2,923,136,22,0,1081,0,0,0,1081
10/05/2022,BOS,MA,ANE,EN,Towers with Radar,956,145,36,1,1138,0,0,0,0,0,956,145,36,1,1138,0,0,0,1138
10/06/2022,BOS,MA,ANE,EN,Towers with Radar,996,176,22,1,1195,0,34,13,4,51,996,210,35,5,1246,0,0,0,1246
10/07/2022,BOS,MA,ANE,EN,Towers with Radar,995,150,37,0,1182,0,50,26,0,76,995,200,63,0,1258,0,0,0,1258
10/08/2022,BOS,MA,ANE,EN,Towers with Radar,785,106,14,0,905,0,54,31,0,85,785,160,45,0,990,0,0,0,990
10/09/2022,BOS,MA,ANE,EN,Towers with Radar,914,148,19,1,1082,0,63,47,0,110,914,211,66,1,1192,0,0,0,1192
10/10/2022,BOS,MA,ANE,EN,Towers with Radar,975,129,23,1,1128,0,63,25,0,88,975,192,48,1,1216,0,0,0,1216
10/11/2022,BOS,MA,ANE,EN,Towers with Radar,984,137,31,0,1152,0,53,13,0,66,984,190,44,0,1218,0,0,0,1218
10/12/2022,BOS,MA,ANE,EN,Towers with Radar,971,148,46,0,1165,0,55,14,5,74,971,203,60,5,1239,0,0,0,1239
10/13/2022,BOS,MA,ANE,EN,Towers with Radar,995,154,38,0,1187,0,29,0,0,29,995,183,38,0,1216,0,0,0,1216
10/14/2022,BOS,MA,ANE,EN,Towers with Radar,1012,157,27,0,1196,0,4,4,0,8,1012,161,31,0,1204,0,0,0,1204
10/15/2022,BOS,MA,ANE,EN,Towers with Radar,802,113,25,0,940,0,27,30,0,57,802,140,55,0,997,0,0,0,997
10/16/2022,BOS,MA,ANE,EN,Towers with Radar,922,141,27,2,1092,0,45,19,0,64,922,186,46,2,1156,0,0,0,1156
10/17/2022,BOS,MA,ANE,EN,Towers with Radar,977,132,26,0,1135,0,20,1,0,21,977,152,27,0,1156,0,0,0,1156
10/18/2022,BOS,MA,ANE,EN,Towers with Radar,972,144,37,0,1153,0,9,3,2,14,972,153,40,2,1167,0,0,0,1167
10/19/2022,BOS,MA,ANE,EN,Towers with Radar,972,133,28,0,1133,0,33,16,2,51,972,166,44,2,1184,0,0,0,1184
10/20/2022,BOS,MA,ANE,EN,Towers with Radar,1000,107,35,0,1142,0,50,6,2,58,1000,157,41,2,1200,0,0,0,1200
10/21/2022,BOS,MA,ANE,EN,Towers with Radar,1011,123,32,2,1168,0,50,14,0,64,1011,173,46,2,1232,0,0,0,1232
10/22/2022,BOS,MA,ANE,EN,Towers with Radar,778,80,20,0,878,0,52,42,0,94,778,132,62,0,972,0,0,0,972
10/23/2022,BOS,MA,ANE,EN,Towers with Radar,927,136,34,0,1097,0,23,7,0,30,927,159,41,0,1127,0,0,0,1127
10/24/2022,BOS,MA,ANE,EN,Towers with Radar,981,145,24,0,1150,0,0,0,0,0,981,145,24,0,1150,0,0,0,1150
10/25/2022,BOS,MA,ANE,EN,Towers with Radar,933,110,22,0,1065,0,0,0,0,0,933,110,22,0,1065,0,0,0,1065
10/26/2022,BOS,MA,ANE,EN,Towers with Radar,945,116,23,1,1085,0,0,0,0,0,945,116,23,1,1085,0,0,0,1085
10/27/2022,BOS,MA,ANE,EN,Towers with Radar,1019,126,31,1,1177,0,43,12,0,55,1019,169,43,1,1232,0,0,0,1232
10/28/2022,BOS,MA,ANE,EN,Towers with Radar,994,110,11,1,1116,0,45,11,3,59,994,155,22,4,1175,0,0,0,1175
10/29/2022,BOS,MA,ANE,EN,Towers with Radar,771,87,9,1,868,0,37,12,0,49,771,124,21,1,917,0,0,0,917
10/30/2022,BOS,MA,ANE,EN,Towers with Radar,854,123,17,0,994,0,39,20,0,59,854,162,37,0,1053,0,0,0,1053
10/31/2022,BOS,MA,ANE,EN,Towers with Radar,837,142,35,0,1014,0,9,17,0,26,837,151,52,0,1040,0,0,0,1040
11/01/2022,BOS,MA,ANE,EN,Towers with Radar,922,149,22,1,1094,0,0,9,0,9,922,149,31,1,1103,0,0,0,1103
11/02/2022,BOS,MA,ANE,EN,Towers with Radar,923,131,20,3,1077,0,32,6,0,38,923,163,26,3,1115,0,0,0,1115
11/03/2022,BOS,MA,ANE,EN,Towers with Radar,948,134,37,1,1120,0,42,8,0,50,948,176,45,1,1170,0,0,0,1170
11/04/2022,BOS,MA,ANE,EN,Towers with Radar,925,151,27,1,1104,0,42,8,0,50,925,193,35,1,1154,0,0,0,1154
11/05/2022,BOS,MA,ANE,EN,Towers with Radar,736,99,10,2,847,0,38,16,0,54,736,137,26,2,901,0,0,0,901
11/06/2022,BOS,MA,ANE,EN,Towers with Radar,893,129,17,2,1041,0,29,15,2,46,893,158,32,4,1087,0,0,0,1087
11/07/2022,BOS,MA,ANE,EN,Towers with Radar,946,104,29,0,1079,0,31,4,2,37,946,135,33,2,1116,0,0,0,1116
11/08/2022,BOS,MA,ANE,EN,Towers with Radar,962,122,33,0,1117,0,38,8,1,47,962,160,41,1,1164,0,0,0,1164
11/09/2022,BOS,MA,ANE,EN,Towers with Radar,918,116,31,1,1066,0,43,8,2,53,918,159,39,3,1119,0,0,0,1119
11/10/2022,BOS,MA,ANE,EN,Towers with Radar,949,100,47,1,1097,0,31,13,0,44,949,131,60,1,1141,0,0,0,1141
11/11/2022,BOS,MA,ANE,EN,Towers with Radar,942,114,24,0,1080,0,25,15,0,40,942,139,39,0,1120,0,0,0,1120
11/12/2022,BOS,MA,ANE,EN,Towers with Radar,800,100,16,0,916,0,13,17,0,30,800,113,33,0,946,0,0,0,946
11/13/2022,BOS,MA,ANE,EN,Towers with Radar,910,127,27,0,1064,0,1,9,0,10,910,128,36,0,1074,0,0,0,1074
11/14/2022,BOS,MA,ANE,EN,Towers with Radar,959,108,33,0,1100,0,36,17,0,53,959,144,50,0,1153,0,0,0,1153
11/15/2022,BOS,MA,ANE,EN,Towers with Radar,953,105,26,0,1084,0,28,12,0,40,953,133,38,0,1124,0,0,0,1124
11/16/2022,BOS,MA,ANE,EN,Towers with Radar,951,127,25,1,1104,0,1,1,0,2,951,128,26,1,1106,0,0,0,1106
11/17/2022,BOS,MA,ANE,EN,Towers with Radar,985,135,22,1,1143,0,35,12,4,51,985,170,34,5,1194,0,0,0,1194
11/18/2022,BOS,MA,ANE,EN,Towers with Radar,963,124,26,0,1113,0,36,17,4,57,963,160,43,4,1170,0,0,0,1170
11/19/2022,BOS,MA,ANE,EN,Towers with Radar,787,80,19,1,887,0,53,14,0,67,787,133,33,1,954,0,0,0,954
11/20/2022,BOS,MA,ANE,EN,Towers with Radar,909,118,23,0,1050,0,41,8,0,49,909,159,31,0,1099,0,0,0,1099
11/21/2022,BOS,MA,ANE,EN,Towers with Radar,956,96,23,0,1075,0,49,12,0,61,956,145,35,0,1136,0,0,0,1136
11/22/2022,BOS,MA,ANE,EN,Towers with Radar,993,133,19,0,1145,0,44,14,2,60,993,177,33,2,1205,0,0,0,1205
11/23/2022,BOS,MA,ANE,EN,Towers with Radar,984,121,15,0,1120,0,31,15,2,48,984,152,30,2,1168,0,0,0,1168
11/24/2022,BOS,MA,ANE,EN,Towers with Radar,582,67,5,0,654,0,25,0,0,25,582,92,5,0,679,0,0,0,679
11/25/2022,BOS,MA,ANE,EN,Towers with Radar,693,102,8,0,803,0,10,4,0,14,693,112,12,0,817,0,0,0,817
11/26/2022,BOS,MA,ANE,EN,Towers with Radar,838,111,22,0,971,0,43,22,0,65,838,154,44,0,1036,0,0,0,1036
11/27/2022,BOS,MA,ANE,EN,Towers with Radar,940,135,24,2,1101,0,32,11,0,43,940,167,35,2,1144,0,0,0,1144
11/28/2022,BOS,MA,ANE,EN,Towers with Radar,1016,142,19,1,1178,0,29,10,0,39,1016,171,29,1,1217,0,0,0,1217
11/29/2022,BOS,MA,ANE,EN,Towers with Radar,956,121,19,3,1099,0,22,12,2,36,956,143,31,5,1135,0,0,0,1135
11/30/2022,BOS,MA,ANE,EN,Towers with Radar,921,162,32,0,1115,0,6,0,2,8,921,168,32,2,1123,0,0,0,1123
12/01/2022,BOS,MA,ANE,EN,Towers with Radar,943,156,40,5,1144,0,40,9,0,49,943,196,49,5,1193,0,0,0,1193
12/02/2022,BOS,MA,ANE,EN,Towers with Radar,937,127,19,4,1087,0,31,5,0,36,937,158,24,4,1123,0,0,0,1123
12/03/2022,BOS,MA,ANE,EN,Towers with Radar,734,67,8,4,813,0,7,1,0,8,734,74,9,4,821,0,0,0,821
12/04/2022,BOS,MA,ANE,EN,Towers with Radar,871,131,16,0,1018,0,70,20,0,90,871,201,36,0,1108,0,0,0,1108
12/05/2022,BOS,MA,ANE,EN,Towers with Radar,930,143,31,0,1104,0,52,5,0,57,930,195,36,0,1161,0,0,0,1161
12/06/2022,BOS,MA,ANE,EN,Towers with Radar,943,107,23,0,1073,0,36,3,0,39,943,143,26,0,1112,0,0,0,1112
12/07/2022,BOS,MA,ANE,EN,Towers with Radar,905,133,46,0,1084,0,0,5,0,5,905,133,51,0,1089,0,0,0,1089
12/08/2022,BOS,MA,ANE,EN,Towers with Radar,941,132,39,0,1112,0,37,9,2,48,941,169,48,2,1160,0,0,0,1160
12/09/2022,BOS,MA,ANE,EN,Towers with Radar,936,108,24,4,1072,0,35,20,0,55,936,143,44,4,1127,0,0,0,1127
12/10/2022,BOS,MA,ANE,EN,Towers with Radar,725,93,9,2,829,0,1,14,0,15,725,94,23,2,844,0,0,0,844
12/11/2022,BOS,MA,ANE,EN,Towers with Radar,810,118,15,0,943,0,1,10,0,11,810,119,25,0,954,0,0,0,954
12/12/2022,BOS,MA,ANE,EN,Towers with Radar,914,126,19,0,1059,0,19,5,0,24,914,145,24,0,1083,0,0,0,1083
12/13/2022,BOS,MA,ANE,EN,Towers with Radar,928,116,32,0,1076,0,32,9,0,41,928,148,41,0,1117,0,0,0,1117
12/14/2022,BOS,MA,ANE,EN,Towers with Radar,917,104,18,0,1039,0,35,11,8,54,917,139,29,8,1093,0,0,0,1093
12/15/2022,BOS,MA,ANE,EN,Towers with Radar,936,118,31,0,1085,0,4,0,1,5,936,122,31,1,1090,0,0,0,1090
12/16/2022,BOS,MA,ANE,EN,Towers with Radar,907,89,16,0,1012,0,0,0,0,0,907,89,16,0,1012,0,0,0,1012
12/17/2022,BOS,MA,ANE,EN,Towers with Radar,789,88,9,0,886,0,3,12,0,15,789,91,21,0,901,0,0,0,901
12/18/2022,BOS,MA,ANE,EN,Towers with Radar,843,88,6,0,937,0,33,13,0,46,843,121,19,0,983,0,0,0,983
12/19/2022,BOS,MA,ANE,EN,Towers with Radar,857,103,22,0,982,0,30,10,3,43,857,133,32,3,1025,0,0,0,1025
12/20/2022,BOS,MA,ANE,EN,Towers with Radar,869,98,19,0,986,0,35,16,2,53,869,133,35,2,1039,0,0,0,1039
12/21/2022,BOS,MA,ANE,EN,Towers with Radar,870,102,16,1,989,0,35,8,0,43,870,137,24,1,1032,0,0,0,1032
12/22/2022,BOS,MA,ANE,EN,Towers with Radar,838,103,12,0,953,0,25,7,0,32,838,128,19,0,985,0,0,0,985
12/23/2022,BOS,MA,ANE,EN,Towers with Radar,651,27,8,0,686,0,0,0,0,0,651,27,8,0,686,0,0,0,686
12/24/2022,BOS,MA,ANE,EN,Towers with Radar,606,71,8,0,685,0,23,5,0,28,606,94,13,0,713,0,0,0,713
12/25/2022,BOS,MA,ANE,EN,Towers with Radar,574,31,2,0,607,0,18,1,0,19,574,49,3,0,626,0,0,0,626
12/26/2022,BOS,MA,ANE,EN,Towers with Radar,720,79,11,0,810,0,39,15,2,56,720,118,26,2,866,0,0,0,866
12/27/2022,BOS,MA,ANE,EN,Towers with Radar,775,78,17,0,870,0,27,21,1,49,775,105,38,1,919,0,0,0,919
12/28/2022,BOS,MA,ANE,EN,Towers with Radar,775,86,11,0,872,0,26,4,0,30,775,112,15,0,902,0,0,0,902
12/29/2022,BOS,MA,ANE,EN,Towers with Radar,786,77,11,0,874,0,36,14,2,52,786,113,25,2,926,0,0,0,926
12/30/2022,BOS,MA,ANE,EN,Towers with Radar,800,86,6,0,892,0,30,18,0,48,800,116,24,0,940,0,0,0,940
12/31/2022,BOS,MA,ANE,EN,Towers with Radar,704,79,6,0,789,0,0,0,0,0,704,79,6,0,789,0,0,0,789
01/01/2023,BOS,MA,ANE,EN,Towers with Radar,684,67,16,0,767,0,40,10,0,50,684,107,26,0,817,0,0,0,817
01/02/2023,BOS,MA,ANE,EN,Towers with Radar,768,79,28,0,875,0,40,15,0,55,768,119,43,0,930,0,0,0,930
01/03/2023,BOS,MA,ANE,EN,Towers with Radar,822,110,14,0,946,0,0,0,0,0,822,110,14,0,946,0,0,0,946
01/04/2023,BOS,MA,ANE,EN,Towers with Radar,774,110,22,0,906,0,0,0,0,0,774,110,22,0,906,0,0,0,906
01/05/2023,BOS,MA,ANE,EN,Towers with Radar,796,105,20,0,921,0,0,0,0,0,796,105,20,0,921,0,0,0,921
01/06/2023,BOS,MA,ANE,EN,Towers with Radar,776,105,14,0,895,0,0,0,0,0,776,105,14,0,895,0,0,0,895
01/07/2023,BOS,MA,ANE,EN,Towers with Radar,714,90,18,0,822,0,9,26,0,35,714,99,44,0,857,0,0,0,857
01/08/2023,BOS,MA,ANE,EN,Towers with Radar,821,90,11,0,922,0,43,13,3,59,821,133,24,3,981,0,0,0,981
01/09/2023,BOS,MA,ANE,EN,Towers with Radar,904,93,14,0,1011,0,17,8,4,29,904,110,22,4,1040,0,0,0,1040
01/10/2023,BOS,MA,ANE,EN,Towers with Radar,861,88,20,0,969,0,30,9,0,39,861,118,29,0,1008,0,0,0,1008
01/11/2023,BOS,MA,ANE,EN,Towers with Radar,810,118,30,2,960,0,26,6,4,36,810,144,36,6,996,0,0,0,996
01/12/2023,BOS,MA,ANE,EN,Towers with Radar,896,111,24,0,1031,0,4,0,0,4,896,115,24,0,1035,0,0,0,1035
01/13/2023,BOS,MA,ANE,EN,Towers with Radar,880,103,14,2,999,0,0,0,0,0,880,103,14,2,999,0,0,0,999
01/14/2023,BOS,MA,ANE,EN,Towers with Radar,707,85,1,0,793,0,1,0,0,1,707,86,1,0,794,0,0,0,794
01/15/2023,BOS,MA,ANE,EN,Towers with Radar,780,73,7,0,860,0,1,2,0,3,780,74,9,0,863,0,0,0,863
01/16/2023,BOS,MA,ANE,EN,Towers with Radar,844,91,11,0,946,0,0,2,0,2,844,91,13,0,948,0,0,0,948
01/17/2023,BOS,MA,ANE,EN,Towers with Radar,868,97,11,0,976,0,31,13,2,46,868,128,24,2,1022,0,0,0,1022
01/18/2023,BOS,MA,ANE,EN,Towers with Radar,854,110,13,0,977,0,26,5,2,33,854,136,18,2,1010,0,0,0,1010
01/19/2023,BOS,MA,ANE,EN,Towers with Radar,881,95,10,0,986,0,16,2,0,18,881,111,12,0,1004,0,0,0,1004
01/20/2023,BOS,MA,ANE,EN,Towers with Radar,883,107,21,0,1011,0,0,0,0,0,883,107,21,0,1011,0,0,0,1011
01/21/2023,BOS,MA,ANE,EN,Towers with Radar,699,89,5,0,793,0,4,21,0,25,699,93,26,0,818,0,0,0,818
01/22/2023,BOS,MA,ANE,EN,Towers with Radar,822,120,6,0,948,0,4,8,0,12,822,124,14,0,960,0,0,0,960
01/23/2023,BOS,MA,ANE,EN,Towers with Radar,783,58,9,0,850,0,0,0,0,0,783,58,9,0,850,0,0,0,850
01/24/2023,BOS,MA,ANE,EN,Towers with Radar,895,106,20,1,1022,0,21,8,4,33,895,127,28,5,1055,0,0,0,1055
01/25/2023,BOS,MA,ANE,EN,Towers with Radar,849,115,20,0,984,0,17,0,2,19,849,132,20,2,1003,0,0,0,1003
01/26/2023,BOS,MA,ANE,EN,Towers with Radar,904,110,19,0,1033,0,10,2,0,12,904,120,21,0,1045,0,0,0,1045
01/27/2023,BOS,MA,ANE,EN,Towers with Radar,894,98,20,1,1013,0,39,6,2,47,894,137,26,3,1060,0,0,0,1060
01/28/2023,BOS,MA,ANE,EN,Towers with Radar,709,60,14,0,783,0,37,23,0,60,709,97,37,0,843,0,0,0,843
01/29/2023,BOS,MA,ANE,EN,Towers with Radar,843,97,14,0,954,0,28,9,0,37,843,125,23,0,991,0,0,0,991
01/30/2023,BOS,MA,ANE,EN,Towers with Radar,881,97,14,0,992,0,24,0,2,26,881,121,14,2,1018,0,0,0,1018
01/31/2023,BOS,MA,ANE,EN,Towers with Radar,842,93,19,0,954,0,17,6,2,25,842,110,25,2,979,0,0,0,979
02/01/2023,BOS,MA,ANE,EN,Towers with Radar,829,114,18,0,961,0,22,4,0,26,829,136,22,0,987,0,0,0,987
02/02/2023,BOS,MA,ANE,EN,Towers with Radar,890,96,18,0,1004,0,32,14,0,46,890,128,32,0,1050,0,0,0,1050
02/03/2023,BOS,MA,ANE,EN,Towers with Radar,859,79,8,0,946,0,12,0,0,12,859,91,8,0,958,0,0,0,958
02/04/2023,BOS,MA,ANE,EN,Towers with Radar,648,46,21,0,715,0,18,2,0,20,648,64,23,0,735,0,0,0,735
02/05/2023,BOS,MA,ANE,EN,Towers with Radar,859,89,21,0,969,0,35,8,2,45,859,124,29,2,1014,0,0,0,1014
02/06/2023,BOS,MA,ANE,EN,Towers with Radar,894,106,30,0,1030,0,28,5,0,33,894,134,35,0,1063,0,0,0,1063
02/07/2023,BOS,MA,ANE,EN,Towers with Radar,867,91,31,0,989,0,34,8,0,42,867,125,39,0,1031,0,0,0,1031
02/08/2023,BOS,MA,ANE,EN,Towers with Radar,876,117,29,0,1022,0,28,8,4,40,876,145,37,4,1062,0,0,0,1062
02/09/2023,BOS,MA,ANE,EN,Towers with Radar,915,108,24,0,1047,0,20,18,0,38,915,128,42,0,1085,0,0,0,1085
02/10/2023,BOS,MA,ANE,EN,Towers with Radar,915,113,27,0,1055,0,22,15,0,37,915,135,42,0,1092,0,0,0,1092
02/11/2023,BOS,MA,ANE,EN,Towers with Radar,717,68,4,0,789,0,37,25,0,62,717,105,29,0,851,0,0,0,851
02/12/2023,BOS,MA,ANE,EN,Towers with Radar,838,83,14,0,935,0,41,11,0,52,838,124,25,0,987,0,0,0,987
02/13/2023,BOS,MA,ANE,EN,Towers with Radar,900,119,16,0,1035,0,3,6,0,9,900,122,22,0,1044,0,0,0,1044
02/14/2023,BOS,MA,ANE,EN,Towers with Radar,886,102,25,0,1013,0,22,49,0,71,886,124,74,0,1084,0,0,0,1084
02/15/2023,BOS,MA,ANE,EN,Towers with Radar,884,106,14,0,1004,0,32,14,0,46,884,138,28,0,1050,0,0,0,1050
02/16/2023,BOS,MA,ANE,EN,Towers with Radar,927,120,19,0,1066,0,29,9,0,38,927,149,28,0,1104,0,0,0,1104
02/17/2023,BOS,MA,ANE,EN,Towers with Radar,940,109,11,0,1060,0,0,0,0,0,940,109,11,0,1060,0,0,0,1060
02/18/2023,BOS,MA,ANE,EN,Towers with Radar,789,67,8,0,864,0,35,41,0,76,789,102,49,0,940,0,0,0,940
02/19/2023,BOS,MA,ANE,EN,Towers with Radar,871,77,11,0,959,0,36,21,0,57,871,113,32,0,1016,0,0,0,1016
02/20/2023,BOS,MA,ANE,EN,Towers with Radar,939,101,21,0,1061,0,14,6,0,20,939,115,27,0,1081,0,0,0,1081
02/21/2023,BOS,MA,ANE,EN,Towers with Radar,938,120,28,0,1086,0,1,0,0,1,938,121,28,0,1087,0,0,0,1087
02/22/2023,BOS,MA,ANE,EN,Towers with Radar,887,92,22,0,1001,0,25,6,0,31,887,117,28,0,1032,0,0,0,1032
02/23/2023,BOS,MA,ANE,EN,Towers with Radar,804,50,9,0,863,0,0,0,0,0,804,50,9,0,863,0,0,0,863
02/24/2023,BOS,MA,ANE,EN,Towers with Radar,961,81,19,0,1061,0,20,1,2,23,961,101,20,2,1084,0,0,0,1084
02/25/2023,BOS,MA,ANE,EN,Towers with Radar,773,80,7,0,860,0,20,0,1,21,773,100,7,1,881,0,0,0,881
02/26/2023,BOS,MA,ANE,EN,Towers with Radar,897,104,18,0,1019,0,2,16,0,18,897,106,34,0,1037,0,0,0,1037
02/27/2023,BOS,MA,ANE,EN,Towers with Radar,920,98,32,0,1050,0,29,6,0,35,920,127,38,0,1085,0,0,0,1085
02/28/2023,BOS,MA,ANE,EN,Towers with Radar,845,115,26,0,986,0,0,0,0,0,845,115,26,0,986,0,0,0,986
03/01/2023,BOS,MA,ANE,EN,Towers with Radar,951,132,36,0,1119,0,28,12,0,40,951,160,48,0,1159,0,0,0,1159
03/02/2023,BOS,MA,ANE,EN,Towers with Radar,949,140,29,0,1118,0,0,2,0,2,949,140,31,0,1120,0,0,0,1120
03/03/2023,BOS,MA,ANE,EN,Towers with Radar,911,97,26,0,1034,0,39,6,0,45,911,136,32,0,1079,0,0,0,1079
03/04/2023,BOS,MA,ANE,EN,Towers with Radar,619,49,5,0,673,0,0,0,0,0,619,49,5,0,673,0,0,0,673
03/05/2023,BOS,MA,ANE,EN,Towers with Radar,896,101,14,1,1012,0,28,7,0,35,896,129,21,1,1047,0,0,0,1047
03/06/2023,BOS,MA,ANE,EN,Towers with Radar,958,88,28,0,1074,0,34,9,0,43,958,122,37,0,1117,0,0,0,1117
03/07/2023,BOS,MA,ANE,EN,Towers with Radar,946,117,36,0,1099,0,22,9,0,31,946,139,45,0,1130,0,0,0,1130
03/08/2023,BOS,MA,ANE,EN,Towers with Radar,930,121,29,1,1081,0,11,16,0,27,930,132,45,1,1108,0,0,0,1108
03/09/2023,BOS,MA,ANE,EN,Towers with Radar,1015,135,24,0,1174,0,25,11,0,36,1015,160,35,0,1210,0,0,0,1210
03/10/2023,BOS,MA,ANE,EN,Towers with Radar,961,103,16,0,1080,0,35,10,2,47,961,138,26,2,1127,0,0,0,1127
03/11/2023,BOS,MA,ANE,EN,Towers with Radar,766,88,19,0,873,0,3,6,1,10,766,91,25,1,883,0,0,0,883
03/12/2023,BOS,MA,ANE,EN,Towers with Radar,916,105,13,0,1034,0,19,14,0,33,916,124,27,0,1067,0,0,0,1067
03/13/2023,BOS,MA,ANE,EN,Towers with Radar,966,136,21,0,1123,0,9,0,0,9,966,145,21,0,1132,0,0,0,1132
03/14/2023,BOS,MA,ANE,EN,Towers with Radar,705,28,10,2,745,0,0,0,0,0,705,28,10,2,745,0,0,0,745
03/15/2023,BOS,MA,ANE,EN,Towers with Radar,953,119,16,0,1088,0,10,5,2,17,953,129,21,2,1105,0,0,0,1105
03/16/2023,BOS,MA,ANE,EN,Towers with Radar,989,112,20,0,1121,0,29,2,0,31,989,141,22,0,1152,0,0,0,1152
03/17/2023,BOS,MA,ANE,EN,Towers with Radar,985,106,11,0,1102,0,29,7,0,36,985,135,18,0,1138,0,0,0,1138
03/18/2023,BOS,MA,ANE,EN,Towers with Radar,782,94,7,0,883,0,14,10,0,24,782,108,17,0,907,0,0,0,907
03/19/2023,BOS,MA,ANE,EN,Towers with Radar,921,111,18,0,1050,0,23,1,3,27,921,134,19,3,1077,0,0,0,1077
03/20/2023,BOS,MA,ANE,EN,Towers with Radar,973,100,25,0,1098,0,38,19,2,59,973,138,44,2,1157,0,0,0,1157
03/21/2023,BOS,MA,ANE,EN,Towers with Radar,970,110,22,0,1102,0,33,12,0,45,970,143,34,0,1147,0,0,0,1147
03/22/2023,BOS,MA,ANE,EN,Towers with Radar,972,115,23,1,1111,0,25,10,0,35,972,140,33,1,1146,0,0,0,1146
03/23/2023,BOS,MA,ANE,EN,Towers with Radar,980,135,23,0,1138,0,4,7,0,11,980,139,30,0,1149,0,0,0,1149
03/24/2023,BOS,MA,ANE,EN,Towers with Radar,994,116,21,0,1131,0,29,3,0,32,994,145,24,0,1163,0,0,0,1163
03/25/2023,BOS,MA,ANE,EN,Towers with Radar,780,92,12,0,884,0,9,2,0,11,780,101,14,0,895,0,0,0,895
03/26/2023,BOS,MA,ANE,EN,Towers with Radar,902,120,20,0,1042,0,14,22,0,36,902,134,42,0,1078,0,0,0,1078
03/27/2023,BOS,MA,ANE,EN,Towers with Radar,971,111,18,0,1100,1,32,12,0,45,972,143,30,0,1145,0,0,0,1145
03/28/2023,BOS,MA,ANE,EN,Towers with Radar,956,139,20,0,1115,0,7,10,0,17,956,146,30,0,1132,0,0,0,1132
03/29/2023,BOS,MA,ANE,EN,Towers with Radar,962,100,29,0,1091,0,33,13,0,46,962,133,42,0,1137,0,0,0,1137
03/30/2023,BOS,MA,ANE,EN,Towers with Radar,993,110,18,0,1121,0,32,13,0,45,993,142,31,0,1166,0,0,0,1166
03/31/2023,BOS,MA,ANE,EN,Towers with Radar,961,105,16,0,1082,0,30,0,0,30,961,135,16,0,1112,0,0,0,1112
04/01/2023,BOS,MA,ANE,EN,Towers with Radar,764,96,13,0,873,0,0,0,0,0,764,96,13,0,873,0,0,0,873
04/02/2023,BOS,MA,ANE,EN,Towers with Radar,908,130,24,1,1063,0,28,18,0,46,908,158,42,1,1109,0,0,0,1109
04/03/2023,BOS,MA,ANE,EN,Towers with Radar,956,109,18,1,1084,0,28,3,0,31,956,137,21,1,1115,0,0,0,1115
04/04/2023,BOS,MA,ANE,EN,Towers with Radar,965,165,27,2,1159,0,13,7,0,20,965,178,34,2,1179,0,0,0,1179
04/05/2023,BOS,MA,ANE,EN,Towers with Radar,949,145,23,0,1117,0,1,5,1,7,949,146,28,1,1124,0,0,0,1124
04/06/2023,BOS,MA,ANE,EN,Towers with Radar,995,152,23,0,1170,0,1,0,0,1,995,153,23,0,1171,0,0,0,1171
04/07/2023,BOS,MA,ANE,EN,Towers with Radar,999,101,6,0,1106,0,42,14,0,56,999,143,20,0,1162,0,0,0,1162
04/08/2023,BOS,MA,ANE,EN,Towers with Radar,812,89,4,1,906,0,47,17,0,64,812,136,21,1,970,0,0,0,970
04/09/2023,BOS,MA,ANE,EN,Towers with Radar,941,87,12,0,1040,0,46,18,0,64,941,133,30,0,1104,0,0,0,1104
04/10/2023,BOS,MA,ANE,EN,Towers with Radar,987,103,27,0,1117,0,34,18,0,52,987,137,45,0,1169,0,0,0,1169
04/11/2023,BOS,MA,ANE,EN,Towers with Radar,977,98,33,0,1108,0,29,8,2,39,977,127,41,2,1147,0,0,0,1147
04/12/2023,BOS,MA,ANE,EN,Towers with Radar,972,105,19,0,1096,0,36,19,0,55,972,141,38,0,1151,0,0,0,1151
04/13/2023,BOS,MA,ANE,EN,Towers with Radar,993,120,21,0,1134,0,44,21,2,67,993,164,42,2,1201,0,0,0,1201
04/14/2023,BOS,MA,ANE,EN,Towers with Radar,1008,127,19,2,1156,0,51,11,2,64,1008,178,30,4,1220,0,0,0,1220
04/15/2023,BOS,MA,ANE,EN,Towers with Radar,828,126,27,0,981,0,6,15,0,21,828,132,42,0,1002,0,0,0,1002
04/16/2023,BOS,MA,ANE,EN,Towers with Radar,934,144,26,0,1104,0,0,0,0,0,934,144,26,0,1104,0,0,0,1104
04/17/2023,BOS,MA,ANE,EN,Towers with Radar,1000,109,18,2,1129,0,0,0,0,0,1000,109,18,2,1129,0,0,0,1129
04/18/2023,BOS,MA,ANE,EN,Towers with Radar,1015,141,31,0,1187,0,26,9,1,36,1015,167,40,1,1223,0,0,0,1223
04/19/2023,BOS,MA,ANE,EN,Towers with Radar,983,133,23,0,1139,0,30,12,6,48,983,163,35,6,1187,0,0,0,1187
04/20/2023,BOS,MA,ANE,EN,Towers with Radar,1002,126,17,0,1145,0,38,14,0,52,1002,164,31,0,1197,0,0,0,1197
04/21/2023,BOS,MA,ANE,EN,Towers with Radar,1014,115,17,0,1146,0,33,20,0,53,1014,148,37,0,1199,0,0,0,1199
04/22/2023,BOS,MA,ANE,EN,Towers with Radar,823,116,9,0,948,0,2,20,4,26,823,118,29,4,974,0,0,0,974
04/23/2023,BOS,MA,ANE,EN,Towers with Radar,975,142,18,0,1135,0,0,0,0,0,975,142,18,0,1135,0,0,0,1135
04/24/2023,BOS,MA,ANE,EN,Towers with Radar,1016,146,30,0,1192,0,5,7,0,12,1016,151,37,0,1204,0,0,0,1204
04/25/2023,BOS,MA,ANE,EN,Towers with Radar,987,156,34,0,1177,0,17,12,0,29,987,173,46,0,1206,0,0,0,1206
04/26/2023,BOS,MA,ANE,EN,Towers with Radar,970,147,20,0,1137,0,6,7,0,13,970,153,27,0,1150,0,0,0,1150
04/27/2023,BOS,MA,ANE,EN,Towers with Radar,1005,189,26,0,1220,0,14,3,0,17,1005,203,29,0,1237,0,0,0,1237
04/28/2023,BOS,MA,ANE,EN,Towers with Radar,1010,115,33,0,1158,0,45,10,2,57,1010,160,43,2,1215,0,0,0,1215
04/29/2023,BOS,MA,ANE,EN,Towers with Radar,812,102,7,0,921,0,16,6,2,24,812,118,13,2,945,0,0,0,945
04/30/2023,BOS,MA,ANE,EN,Towers with Radar,877,117,19,0,1013,0,0,0,0,0,877,117,19,0,1013,0,0,0,1013
05/01/2023,BOS,MA,ANE,EN,Towers with Radar,1034,127,36,0,1197,0,17,13,0,30,1034,144,49,0,1227,0,0,0,1227
05/02/2023,BOS,MA,ANE,EN,Towers with Radar,1001,136,26,0,1163,0,17,4,0,21,1001,153,30,0,1184,0,0,0,1184
05/03/2023,BOS,MA,ANE,EN,Towers with Radar,981,172,39,0,1192,0,18,8,0,26,981,190,47,0,1218,0,0,0,1218
05/04/2023,BOS,MA,ANE,EN,Towers with Radar,1004,179,30,0,1213,0,3,5,0,8,1004,182,35,0,1221,0,0,0,1221
05/05/2023,BOS,MA,ANE,EN,Towers with Radar,983,152,17,0,1152,0,11,15,0,26,983,163,32,0,1178,0,0,0,1178
05/06/2023,BOS,MA,ANE,EN,Towers with Radar,809,68,15,0,892,0,64,38,0,102,809,132,53,0,994,0,0,0,994
05/07/2023,BOS,MA,ANE,EN,Towers with Radar,905,119,15,0,1039,0,54,23,0,77,905,173,38,0,1116,0,0,0,1116
05/08/2023,BOS,MA,ANE,EN,Towers with Radar,1003,136,24,0,1163,0,35,8,0,43,1003,171,32,0,1206,0,0,0,1206
05/09/2023,BOS,MA,ANE,EN,Towers with Radar,970,121,34,2,1127,0,38,75,0,113,970,159,109,2,1240,0,0,0,1240
05/10/2023,BOS,MA,ANE,EN,Towers with Radar,963,135,39,0,1137,0,39,10,0,49,963,174,49,0,1186,0,0,0,1186
05/11/2023,BOS,MA,ANE,EN,Towers with Radar,1006,135,41,0,1182,0,45,18,0,63,1006,180,59,0,1245,0,0,0,1245
05/12/2023,BOS,MA,ANE,EN,Towers with Radar,1001,102,25,0,1128,0,59,15,0,74,1001,161,40,0,1202,0,0,0,1202
05/13/2023,BOS,MA,ANE,EN,Towers with Radar,826,76,6,0,908,0,56,26,2,84,826,132,32,2,992,0,0,0,992
05/14/2023,BOS,MA,ANE,EN,Towers with Radar,923,125,22,0,1070,0,52,16,0,68,923,177,38,0,1138,0,0,0,1138
05/15/2023,BOS,MA,ANE,EN,Towers with Radar,989,129,37,0,1155,0,41,24,2,67,989,170,61,2,1222,0,0,0,1222
05/16/2023,BOS,MA,ANE,EN,Towers with Radar,985,129,25,0,1139,0,44,9,0,53,985,173,34,0,1192,0,0,0,1192
05/17/2023,BOS,MA,ANE,EN,Towers with Radar,987,162,53,0,1202,0,46,4,2,52,987,208,57,2,1254,0,0,0,1254
05/18/2023,BOS,MA,ANE,EN,Towers with Radar,1013,160,27,0,1200,0,83,14,0,97,1013,243,41,0,1297,0,0,0,1297
05/19/2023,BOS,MA,ANE,EN,Towers with Radar,995,132,36,0,1163,0,63,13,2,78,995,195,49,2,1241,0,0,0,1241
05/20/2023,BOS,MA,ANE,EN,Towers with Radar,822,131,16,1,970,0,6,3,0,9,822,137,19,1,979,0,0,0,979
05/21/2023,BOS,MA,ANE,EN,Towers with Radar,957,163,36,0,1156,0,46,16,0,62,957,209,52,0,1218,0,0,0,1218
05/22/2023,BOS,MA,ANE,EN,Towers with Radar,997,159,51,5,1212,0,57,15,1,73,997,216,66,6,1285,0,0,0,1285
05/23/2023,BOS,MA,ANE,EN,Towers with Radar,982,161,39,1,1183,0,46,16,0,62,982,207,55,1,1245,0,0,0,1245
05/24/2023,BOS,MA,ANE,EN,Towers with Radar,979,158,43,0,1180,0,41,5,0,46,979,199,48,0,1226,0,0,0,1226
05/25/2023,BOS,MA,ANE,EN,Towers with Radar,1007,174,32,0,1213,0,53,10,0,63,1007,227,42,0,1276,0,0,0,1276
05/26/2023,BOS,MA,ANE,EN,Towers with Radar,994,118,15,0,1127,0,75,22,0,97,994,193,37,0,1224,0,0,0,1224
05/27/2023,BOS,MA,ANE,EN,Towers with Radar,822,48,8,0,878,0,62,18,0,80,822,110,26,0,958,0,0,0,958
05/28/2023,BOS,MA,ANE,EN,Towers with Radar,854,49,4,0,907,0,56,19,0,75,854,105,23,0,982,0,0,0,982
05/29/2023,BOS,MA,ANE,EN,Towers with Radar,965,121,31,0,1117,0,65,19,0,84,965,186,50,0,1201,0,0,0,1201
05/30/2023,BOS,MA,ANE,EN,Towers with Radar,968,121,33,0,1122,0,61,7,1,69,968,182,40,1,1191,0,0,0,1191
05/31/2023,BOS,MA,ANE,EN,Towers with Radar,980,114,57,4,1155,0,41,14,0,55,980,155,71,4,1210,0,0,0,1210
06/01/2023,BOS,MA,ANE,EN,Towers with Radar,1007,143,45,0,1195,1,47,28,2,78,1008,190,73,2,1273,0,0,0,1273
06/02/2023,BOS,MA,ANE,EN,Towers with Radar,958,90,20,0,1068,1,53,16,0,70,959,143,36,0,1138,0,0,0,1138
06/03/2023,BOS,MA,ANE,EN,Towers with Radar,851,123,17,1,992,1,0,0,0,1,852,123,17,1,993,0,0,0,993
06/04/2023,BOS,MA,ANE,EN,Towers with Radar,941,144,21,1,1107,1,3,5,0,9,942,147,26,1,1116,0,0,0,1116
06/05/2023,BOS,MA,ANE,EN,Towers with Radar,1004,170,38,0,1212,0,6,4,0,10,1004,176,42,0,1222,0,0,0,1222
06/06/2023,BOS,MA,ANE,EN,Towers with Radar,975,131,51,0,1157,1,29,7,2,39,976,160,58,2,1196,0,0,0,1196
06/07/2023,BOS,MA,ANE,EN,Towers with Radar,975,136,51,0,1162,0,28,7,1,36,975,164,58,1,1198,0,0,0,1198
06/08/2023,BOS,MA,ANE,EN,Towers with Radar,1003,137,23,2,1165,1,38,5,0,44,1004,175,28,2,1209,0,0,0,1209
06/09/2023,BOS,MA,ANE,EN,Towers with Radar,989,130,22,2,1143,1,18,14,0,33,990,148,36,2,1176,0,0,0,1176
06/10/2023,BOS,MA,ANE,EN,Towers with Radar,844,117,10,0,971,1,12,10,2,25,845,129,20,2,996,0,0,0,996
06/11/2023,BOS,MA,ANE,EN,Towers with Radar,923,92,24,0,1039,1,62,31,2,96,924,154,55,2,1135,0,0,0,1135
06/12/2023,BOS,MA,ANE,EN,Towers with Radar,986,122,41,0,1149,0,46,15,0,61,986,168,56,0,1210,0,0,0,1210
06/13/2023,BOS,MA,ANE,EN,Towers with Radar,994,184,29,0,1207,1,2,2,0,5,995,186,31,0,1212,0,0,0,1212
06/14/2023,BOS,MA,ANE,EN,Towers with Radar,960,143,29,1,1133,0,26,10,3,39,960,169,39,4,1172,0,0,0,1172
06/15/2023,BOS,MA,ANE,EN,Towers with Radar,986,162,31,1,1180,1,40,20,0,61,987,202,51,1,1241,0,0,0,1241
06/16/2023,BOS,MA,ANE,EN,Towers with Radar,952,125,14,1,1092,1,57,20,0,78,953,182,34,1,1170,0,0,0,1170
06/17/2023,BOS,MA,ANE,EN,Towers with Radar,823,132,25,0,980,1,3,0,0,4,824,135,25,0,984,0,0,0,984
06/18/2023,BOS,MA,ANE,EN,Towers with Radar,913,157,17,0,1087,1,16,9,0,26,914,173,26,0,1113,0,0,0,1113
06/19/2023,BOS,MA,ANE,EN,Towers with Radar,973,162,24,0,1159,1,19,11,0,31,974,181,35,0,1190,0,0,0,1190
06/20/2023,BOS,MA,ANE,EN,Towers with Radar,964,148,21,0,1133,1,41,10,1,53,965,189,31,1,1186,0,0,0,1186
06/21/2023,BOS,MA,ANE,EN,Towers with Radar,952,167,26,0,1145,1,41,18,0,60,953,208,44,0,1205,0,0,0,1205
06/22/2023,BOS,MA,ANE,EN,Towers with Radar,981,165,43,0,1189,1,34,4,0,39,982,199,47,0,1228,0,0,0,1228
06/23/2023,BOS,MA,ANE,EN,Towers with Radar,963,184,27,2,1176,1,7,7,0,15,964,191,34,2,1191,0,0,0,1191
06/24/2023,BOS,MA,ANE,EN,Towers with Radar,828,158,24,1,1011,1,3,18,0,22,829,161,42,1,1033,0,0,0,1033
06/25/2023,BOS,MA,ANE,EN,Towers with Radar,868,136,20,2,1026,1,17,19,0,37,869,153,39,2,1063,0,0,0,1063
06/26/2023,BOS,MA,ANE,EN,Towers with Radar,799,150,34,2,985,1,7,4,1,13,800,157,38,3,998,0,0,0,998
06/27/2023,BOS,MA,ANE,EN,Towers with Radar,839,182,38,0,1059,1,9,7,0,17,840,191,45,0,1076,0,0,0,1076
06/28/2023,BOS,MA,ANE,EN,Towers with Radar,905,196,38,0,1139,1,11,4,0,16,906,207,42,0,1155,0,0,0,1155
06/29/2023,BOS,MA,ANE,EN,Towers with Radar,980,182,35,0,1197,1,24,3,0,28,981,206,38,0,1225,0,0,0,1225
06/30/2023,BOS,MA,ANE,EN,Towers with Radar,991,196,36,0,1223,1,36,13,0,50,992,232,49,0,1273,0,0,0,1273
07/01/2023,BOS,MA,ANE,EN,Towers with Radar,867,142,16,0,1025,1,0,8,0,9,868,142,24,0,1034,0,0,0,1034
07/02/2023,BOS,MA,ANE,EN,Towers with Radar,884,155,9,0,1048,1,4,0,0,5,885,159,9,0,1053,0,0,0,1053
07/03/2023,BOS,MA,ANE,EN,Towers with Radar,836,137,9,0,982,1,7,4,0,12,837,144,13,0,994,0,0,0,994
07/04/2023,BOS,MA,ANE,EN,Towers with Radar,779,130,20,0,929,1,6,1,0,8,780,136,21,0,937,0,0,0,937
07/05/2023,BOS,MA,ANE,EN,Towers with Radar,936,130,26,0,1092,0,35,9,0,44,936,165,35,0,1136,0,0,0,1136
07/06/2023,BOS,MA,ANE,EN,Towers with Radar,962,129,24,0,1115,1,41,4,0,46,963,170,28,0,1161,0,0,0,1161
07/07/2023,BOS,MA,ANE,EN,Towers with Radar,881,132,16,2,1031,1,35,6,0,42,882,167,22,2,1073,0,0,0,1073
07/08/2023,BOS,MA,ANE,EN,Towers with Radar,855,156,12,0,1023,1,6,6,0,13,856,162,18,0,1036,0,0,0,1036
07/09/2023,BOS,MA,ANE,EN,Towers with Radar,753,149,19,0,921,1,7,7,0,15,754,156,26,0,936,0,0,0,936
07/10/2023,BOS,MA,ANE,EN,Towers with Radar,964,112,22,0,1098,0,0,0,0,0,964,112,22,0,1098,0,0,0,1098
07/11/2023,BOS,MA,ANE,EN,Towers with Radar,1007,113,28,0,1148,1,59,18,0,78,1008,172,46,0,1226,0,0,0,1226
07/12/2023,BOS,MA,ANE,EN,Towers with Radar,998,119,21,0,1138,0,53,19,4,76,998,172,40,4,1214,0,0,0,1214
07/13/2023,BOS,MA,ANE,EN,Towers with Radar,956,135,32,0,1123,1,36,14,2,53,957,171,46,2,1176,0,0,0,1176
07/14/2023,BOS,MA,ANE,EN,Towers with Radar,907,125,27,0,1059,1,27,12,2,42,908,152,39,2,1101,0,0,0,1101
07/15/2023,BOS,MA,ANE,EN,Towers with Radar,849,129,19,0,997,1,23,27,2,53,850,152,46,2,1050,0,0,0,1050
07/16/2023,BOS,MA,ANE,EN,Towers with Radar,724,128,17,0,869,1,1,0,0,2,725,129,17,0,871,0,0,0,871
07/17/2023,BOS,MA,ANE,EN,Towers with Radar,978,161,33,0,1172,0,19,12,0,31,978,180,45,0,1203,0,0,0,1203
07/18/2023,BOS,MA,ANE,EN,Towers with Radar,964,135,23,0,1122,0,8,2,0,10,964,143,25,0,1132,0,0,0,1132
07/19/2023,BOS,MA,ANE,EN,Towers with Radar,1002,152,15,2,1171,0,28,5,0,33,1002,180,20,2,1204,0,0,0,1204
07/20/2023,BOS,MA,ANE,EN,Towers with Radar,1017,119,18,0,1154,0,74,5,4,83,1017,193,23,4,1237,0,0,0,1237
07/21/2023,BOS,MA,ANE,EN,Towers with Radar,920,159,24,0,1103,0,13,5,1,19,920,172,29,1,1122,0,0,0,1122
07/22/2023,BOS,MA,ANE,EN,Towers with Radar,939,161,11,1,1112,0,18,1,0,19,939,179,12,1,1131,0,0,0,1131
07/23/2023,BOS,MA,ANE,EN,Towers with Radar,969,116,14,0,1099,0,79,8,0,87,969,195,22,0,1186,0,0,0,1186
07/24/2023,BOS,MA,ANE,EN,Towers with Radar,1013,113,19,0,1145,0,64,7,0,71,1013,177,26,0,1216,0,0,0,1216
07/25/2023,BOS,MA,ANE,EN,Towers with Radar,912,109,14,0,1035,0,39,6,0,45,912,148,20,0,1080,0,0,0,1080
07/26/2023,BOS,MA,ANE,EN,Towers with Radar,1008,143,39,0,1190,0,65,14,0,79,1008,208,53,0,1269,0,0,0,1269
07/27/2023,BOS,MA,ANE,EN,Towers with Radar,952,135,24,0,1111,0,22,4,0,26,952,157,28,0,1137,0,0,0,1137
07/28/2023,BOS,MA,ANE,EN,Towers with Radar,1002,146,15,2,1165,0,51,11,0,62,1002,197,26,2,1227,0,0,0,1227
07/29/2023,BOS,MA,ANE,EN,Towers with Radar,801,108,11,4,924,0,32,1,0,33,801,140,12,4,957,0,0,0,957
07/30/2023,BOS,MA,ANE,EN,Towers with Radar,970,132,21,0,1123,0,51,2,0,53,970,183,23,0,1176,0,0,0,1176
07/31/2023,BOS,MA,ANE,EN,Towers with Radar,1014,114,21,0,1149,0,73,15,0,88,1014,187,36,0,1237,0,0,0,1237
08/01/2023,BOS,MA,ANE,EN,Towers with Radar,1001,132,31,0,1164,0,76,13,0,89,1001,208,44,0,1253,0,0,0,1253
08/02/2023,BOS,MA,ANE,EN,Towers with Radar,995,117,28,0,1140,0,68,9,3,80,995,185,37,3,1220,0,0,0,1220
08/03/2023,BOS,MA,ANE,EN,Towers with Radar,1020,114,16,0,1150,0,61,10,0,71,1020,175,26,0,1221,0,0,0,1221
08/04/2023,BOS,MA,ANE,EN,Towers with Radar,987,144,13,0,1144,0,26,8,0,34,987,170,21,0,1178,0,0,0,1178
08/05/2023,BOS,MA,ANE,EN,Towers with Radar,869,142,12,0,1023,0,32,3,0,35,869,174,15,0,1058,0,0,0,1058
08/06/2023,BOS,MA,ANE,EN,Towers with Radar,956,124,13,0,1093,0,91,7,0,98,956,215,20,0,1191,0,0,0,1191
08/07/2023,BOS,MA,ANE,EN,Towers with Radar,927,146,31,0,1104,0,42,5,2,49,927,188,36,2,1153,0,0,0,1153
08/08/2023,BOS,MA,ANE,EN,Towers with Radar,975,134,33,0,1142,0,7,3,0,10,975,141,36,0,1152,0,0,0,1152
08/09/2023,BOS,MA,ANE,EN,Towers with Radar,983,153,17,0,1153,0,49,6,2,57,983,202,23,2,1210,0,0,0,1210
08/10/2023,BOS,MA,ANE,EN,Towers with Radar,1027,161,27,0,1215,0,52,6,0,58,1027,213,33,0,1273,0,0,0,1273
08/11/2023,BOS,MA,ANE,EN,Towers with Radar,1014,128,28,0,1170,0,64,7,0,71,1014,192,35,0,1241,0,0,0,1241
08/12/2023,BOS,MA,ANE,EN,Towers with Radar,863,122,11,0,996,0,61,2,0,63,863,183,13,0,1059,0,0,0,1059
08/13/2023,BOS,MA,ANE,EN,Towers with Radar,960,156,16,0,1132,0,33,0,0,33,960,189,16,0,1165,0,0,0,1165
08/14/2023,BOS,MA,ANE,EN,Towers with Radar,983,113,26,0,1122,0,64,9,0,73,983,177,35,0,1195,0,0,0,1195
08/15/2023,BOS,MA,ANE,EN,Towers with Radar,988,166,32,0,1186,0,0,0,0,0,988,166,32,0,1186,0,0,0,1186
08/16/2023,BOS,MA,ANE,EN,Towers with Radar,976,184,24,0,1184,0,3,3,0,6,976,187,27,0,1190,0,0,0,1190
08/17/2023,BOS,MA,ANE,EN,Towers with Radar,987,192,26,0,1205,0,1,0,0,1,987,193,26,0,1206,0,0,0,1206
08/18/2023,BOS,MA,ANE,EN,Towers with Radar,989,104,11,0,1104,0,5,4,1,10,989,109,15,1,1114,0,0,0,1114
08/19/2023,BOS,MA,ANE,EN,Towers with Radar,890,121,17,0,1028,0,72,3,0,75,890,193,20,0,1103,0,0,0,1103
08/20/2023,BOS,MA,ANE,EN,Towers with Radar,949,115,21,0,1085,0,75,4,0,79,949,190,25,0,1164,0,0,0,1164
08/21/2023,BOS,MA,ANE,EN,Towers with Radar,1006,139,15,0,1160,0,64,1,0,65,1006,203,16,0,1225,0,0,0,1225
08/22/2023,BOS,MA,ANE,EN,Towers with Radar,984,145,17,2,1148,0,51,10,0,61,984,196,27,2,1209,0,0,0,1209
08/23/2023,BOS,MA,ANE,EN,Towers with Radar,971,117,17,0,1105,0,53,2,2,57,971,170,19,2,1162,0,0,0,1162
08/24/2023,BOS,MA,ANE,EN,Towers with Radar,999,126,12,1,1138,0,57,3,0,60,999,183,15,1,1198,0,0,0,1198
08/25/2023,BOS,MA,ANE,EN,Towers with Radar,991,156,14,2,1163,0,0,0,0,0,991,156,14,2,1163,0,0,0,1163
08/26/2023,BOS,MA,ANE,EN,Towers with Radar,879,138,6,3,1026,0,25,4,0,29,879,163,10,3,1055,0,0,0,1055
08/27/2023,BOS,MA,ANE,EN,Towers with Radar,951,181,16,2,1150,0,12,2,0,14,951,193,18,2,1164,0,0,0,1164
08/28/2023,BOS,MA,ANE,EN,Towers with Radar,997,172,16,2,1187,0,15,4,0,19,997,187,20,2,1206,0,0,0,1206
08/29/2023,BOS,MA,ANE,EN,Towers with Radar,1008,161,26,0,1195,0,1,1,0,2,1008,162,27,0,1197,0,0,0,1197
08/30/2023,BOS,MA,ANE,EN,Towers with Radar,967,159,17,0,1143,0,6,0,0,6,967,165,17,0,1149,0,0,0,1149
08/31/2023,BOS,MA,ANE,EN,Towers with Radar,998,128,20,0,1146,0,64,13,0,77,998,192,33,0,1223,0,0,0,1223
